,total_epochs,agg_strategy,softmax_coeff,test_acc,backdoor_acc,client_idx,scheduler,T_0,eta_min,epoch,backdoor,label_alpha,sample_alpha
0,0,weighted,10,0.1204219745222929,0,1,None,66,1,5,False,1,1
1,1,weighted,10,0.2308917197452229,0,1,None,66,1,5,False,1,1
2,2,weighted,10,0.2574641719745223,0,1,None,66,1,5,False,1,1
3,3,weighted,10,0.3107085987261146,0,1,None,66,1,5,False,1,1
4,4,weighted,10,0.3131966560509554,0,1,None,66,1,5,False,1,1
5,0,weighted,10,0.1874004777070063,0,13,None,66,1,5,False,1,1
6,1,weighted,10,0.2257165605095541,0,13,None,66,1,5,False,1,1
7,2,weighted,10,0.2510947452229299,0,13,None,66,1,5,False,1,1
8,3,weighted,10,0.2276074840764331,0,13,None,66,1,5,False,1,1
9,4,weighted,10,0.2125796178343949,0,13,None,66,1,5,False,1,1
10,0,weighted,10,0.1857085987261146,0,14,None,66,1,5,False,1,1
11,1,weighted,10,0.1879976114649681,0,14,None,66,1,5,False,1,1
12,2,weighted,10,0.1830214968152866,0,14,None,66,1,5,False,1,1
13,3,weighted,10,0.1850119426751592,0,14,None,66,1,5,False,1,1
14,4,weighted,10,0.1939689490445859,0,14,None,66,1,5,False,1,1
15,0,weighted,10,0.0995222929936305,0,22,None,66,1,5,False,1,1
16,1,weighted,10,0.0995222929936305,0,22,None,66,1,5,False,1,1
17,2,weighted,10,0.0995222929936305,0,22,None,66,1,5,False,1,1
18,3,weighted,10,0.0995222929936305,0,22,None,66,1,5,False,1,1
19,4,weighted,10,0.0995222929936305,0,22,None,66,1,5,False,1,1
20,0,weighted,10,0.0995222929936305,0,23,None,66,1,5,False,1,1
21,1,weighted,10,0.0995222929936305,0,23,None,66,1,5,False,1,1
22,2,weighted,10,0.0995222929936305,0,23,None,66,1,5,False,1,1
23,3,weighted,10,0.1195262738853503,0,23,None,66,1,5,False,1,1
24,4,weighted,10,0.1931727707006369,0,23,None,66,1,5,False,1,1
25,0,weighted,10,0.2160628980891719,0,21,None,66,1,5,False,1,1
26,1,weighted,10,0.2276074840764331,0,21,None,66,1,5,False,1,1
27,2,weighted,10,0.2291003184713375,0,21,None,66,1,5,False,1,1
28,3,weighted,10,0.2403463375796178,0,21,None,66,1,5,False,1,1
29,4,weighted,10,0.2834394904458598,0,21,None,66,1,5,False,1,1
30,0,weighted,10,0.1922770700636942,0,25,None,66,1,5,False,1,1
31,1,weighted,10,0.2123805732484076,0,25,None,66,1,5,False,1,1
32,2,weighted,10,0.2601512738853503,0,25,None,66,1,5,False,1,1
33,3,weighted,10,0.2431329617834395,0,25,None,66,1,5,False,1,1
34,4,weighted,10,0.2607484076433121,0,25,None,66,1,5,False,1,1
35,0,weighted,10,0.1836186305732484,0,26,None,66,1,5,False,1,1
36,1,weighted,10,0.0996218152866242,0,26,None,66,1,5,False,1,1
37,2,weighted,10,0.1006170382165605,0,26,None,66,1,5,False,1,1
38,3,weighted,10,0.1825238853503184,0,26,None,66,1,5,False,1,1
39,4,weighted,10,0.1989450636942675,0,26,None,66,1,5,False,1,1
40,0,weighted,10,0.1186305732484076,0,24,None,66,1,5,False,1,1
41,1,weighted,10,0.1934713375796178,0,24,None,66,1,5,False,1,1
42,2,weighted,10,0.1979498407643312,0,24,None,66,1,5,False,1,1
43,3,weighted,10,0.1978503184713375,0,24,None,66,1,5,False,1,1
44,4,weighted,10,0.1977507961783439,0,24,None,66,1,5,False,1,1
45,0,weighted,10,0.1894904458598726,0,29,None,66,1,5,False,1,1
46,1,weighted,10,0.1883957006369426,0,29,None,66,1,5,False,1,1
47,2,weighted,10,0.1664012738853503,0,29,None,66,1,5,False,1,1
48,3,weighted,10,0.1934713375796178,0,29,None,66,1,5,False,1,1
49,4,weighted,10,0.198546974522293,0,29,None,66,1,5,False,1,1
50,0,weighted,10,0.0995222929936305,0,30,None,66,1,5,False,1,1
51,1,weighted,10,0.0995222929936305,0,30,None,66,1,5,False,1,1
52,2,weighted,10,0.1046974522292993,0,30,None,66,1,5,False,1,1
53,3,weighted,10,0.1591361464968153,0,30,None,66,1,5,False,1,1
54,4,weighted,10,0.190187101910828,0,30,None,66,1,5,False,1,1
55,0,weighted,10,0.117436305732484,0,6,None,66,1,5,False,1,1
56,1,weighted,10,0.0995222929936305,0,6,None,66,1,5,False,1,1
57,2,weighted,10,0.0995222929936305,0,6,None,66,1,5,False,1,1
58,3,weighted,10,0.0995222929936305,0,6,None,66,1,5,False,1,1
59,4,weighted,10,0.0995222929936305,0,6,None,66,1,5,False,1,1
60,0,weighted,10,0.1706807324840764,0,27,None,66,1,5,False,1,1
61,1,weighted,10,0.1871019108280254,0,27,None,66,1,5,False,1,1
62,2,weighted,10,0.1911823248407643,0,27,None,66,1,5,False,1,1
63,3,weighted,10,0.1906847133757961,0,27,None,66,1,5,False,1,1
64,4,weighted,10,0.1892914012738853,0,27,None,66,1,5,False,1,1
65,0,weighted,10,0.0995222929936305,0,32,None,66,1,5,False,1,1
66,1,weighted,10,0.0995222929936305,0,32,None,66,1,5,False,1,1
67,2,weighted,10,0.0995222929936305,0,32,None,66,1,5,False,1,1
68,3,weighted,10,0.0995222929936305,0,32,None,66,1,5,False,1,1
69,4,weighted,10,0.1111664012738853,0,32,None,66,1,5,False,1,1
70,0,weighted,10,0.1539609872611465,0,2,None,66,1,5,False,1,1
71,1,weighted,10,0.1714769108280254,0,2,None,66,1,5,False,1,1
72,2,weighted,10,0.1636146496815286,0,2,None,66,1,5,False,1,1
73,3,weighted,10,0.1678941082802547,0,2,None,66,1,5,False,1,1
74,4,weighted,10,0.2261146496815286,0,2,None,66,1,5,False,1,1
75,0,weighted,10,0.0995222929936305,0,5,None,66,1,5,False,1,1
76,1,weighted,10,0.0995222929936305,0,5,None,66,1,5,False,1,1
77,2,weighted,10,0.0995222929936305,0,5,None,66,1,5,False,1,1
78,3,weighted,10,0.1365445859872611,0,5,None,66,1,5,False,1,1
79,4,weighted,10,0.1898885350318471,0,5,None,66,1,5,False,1,1
80,0,weighted,10,0.0995222929936305,0,0,None,66,1,5,False,1,1
81,1,weighted,10,0.0995222929936305,0,0,None,66,1,5,False,1,1
82,2,weighted,10,0.0995222929936305,0,0,None,66,1,5,False,1,1
83,3,weighted,10,0.0995222929936305,0,0,None,66,1,5,False,1,1
84,4,weighted,10,0.0995222929936305,0,0,None,66,1,5,False,1,1
85,0,weighted,10,0.1206210191082802,0,9,None,66,1,5,False,1,1
86,1,weighted,10,0.1002189490445859,0,9,None,66,1,5,False,1,1
87,2,weighted,10,0.0995222929936305,0,9,None,66,1,5,False,1,1
88,3,weighted,10,0.0995222929936305,0,9,None,66,1,5,False,1,1
89,4,weighted,10,0.1034036624203821,0,9,None,66,1,5,False,1,1
90,0,weighted,10,0.0998208598726114,0,12,None,66,1,5,False,1,1
91,1,weighted,10,0.0995222929936305,0,12,None,66,1,5,False,1,1
92,2,weighted,10,0.0995222929936305,0,12,None,66,1,5,False,1,1
93,3,weighted,10,0.0995222929936305,0,12,None,66,1,5,False,1,1
94,4,weighted,10,0.0995222929936305,0,12,None,66,1,5,False,1,1
95,0,weighted,10,0.2665207006369426,0,17,None,66,1,5,False,1,1
96,1,weighted,10,0.1393312101910828,0,17,None,66,1,5,False,1,1
97,2,weighted,10,0.1044984076433121,0,17,None,66,1,5,False,1,1
98,3,weighted,10,0.1072850318471337,0,17,None,66,1,5,False,1,1
99,4,weighted,10,0.1937699044585987,0,17,None,66,1,5,False,1,1
100,0,weighted,10,0.0995222929936305,0,20,None,66,1,5,False,1,1
101,1,weighted,10,0.0995222929936305,0,20,None,66,1,5,False,1,1
102,2,weighted,10,0.1428144904458598,0,20,None,66,1,5,False,1,1
103,3,weighted,10,0.1995421974522293,0,20,None,66,1,5,False,1,1
104,4,weighted,10,0.2442277070063694,0,20,None,66,1,5,False,1,1
105,0,weighted,10,0.0995222929936305,0,28,None,66,1,5,False,1,1
106,1,weighted,10,0.0995222929936305,0,28,None,66,1,5,False,1,1
107,2,weighted,10,0.0995222929936305,0,28,None,66,1,5,False,1,1
108,3,weighted,10,0.0995222929936305,0,28,None,66,1,5,False,1,1
109,4,weighted,10,0.1724721337579617,0,28,None,66,1,5,False,1,1
110,0,weighted,10,0.2040207006369426,0,10,None,66,1,5,False,1,1
111,1,weighted,10,0.3144904458598726,0,10,None,66,1,5,False,1,1
112,2,weighted,10,0.2819466560509554,0,10,None,66,1,5,False,1,1
113,3,weighted,10,0.2665207006369426,0,10,None,66,1,5,False,1,1
114,4,weighted,10,0.3023487261146497,0,10,None,66,1,5,False,1,1
115,0,weighted,10,0.0995222929936305,0,4,None,66,1,5,False,1,1
116,1,weighted,10,0.0995222929936305,0,4,None,66,1,5,False,1,1
117,2,weighted,10,0.0995222929936305,0,4,None,66,1,5,False,1,1
118,3,weighted,10,0.0995222929936305,0,4,None,66,1,5,False,1,1
119,4,weighted,10,0.0995222929936305,0,4,None,66,1,5,False,1,1
120,0,weighted,10,0.0997213375796178,0,11,None,66,1,5,False,1,1
121,1,weighted,10,0.0995222929936305,0,11,None,66,1,5,False,1,1
122,2,weighted,10,0.0995222929936305,0,11,None,66,1,5,False,1,1
123,3,weighted,10,0.0995222929936305,0,11,None,66,1,5,False,1,1
124,4,weighted,10,0.0995222929936305,0,11,None,66,1,5,False,1,1
125,0,weighted,10,0.0995222929936305,0,15,None,66,1,5,False,1,1
126,1,weighted,10,0.0995222929936305,0,15,None,66,1,5,False,1,1
127,2,weighted,10,0.0995222929936305,0,15,None,66,1,5,False,1,1
128,3,weighted,10,0.0995222929936305,0,15,None,66,1,5,False,1,1
129,4,weighted,10,0.0995222929936305,0,15,None,66,1,5,False,1,1
130,0,weighted,10,0.0995222929936305,0,8,None,66,1,5,False,1,1
131,1,weighted,10,0.0995222929936305,0,8,None,66,1,5,False,1,1
132,2,weighted,10,0.1656050955414012,0,8,None,66,1,5,False,1,1
133,3,weighted,10,0.1876990445859872,0,8,None,66,1,5,False,1,1
134,4,weighted,10,0.1880971337579617,0,8,None,66,1,5,False,1,1
135,0,weighted,10,0.1451035031847133,0,7,None,66,1,5,False,1,1
136,1,weighted,10,0.0995222929936305,0,7,None,66,1,5,False,1,1
137,2,weighted,10,0.0995222929936305,0,7,None,66,1,5,False,1,1
138,3,weighted,10,0.0995222929936305,0,7,None,66,1,5,False,1,1
139,4,weighted,10,0.1788415605095541,0,7,None,66,1,5,False,1,1
140,0,weighted,10,0.0995222929936305,0,16,None,66,1,5,False,1,1
141,1,weighted,10,0.0995222929936305,0,16,None,66,1,5,False,1,1
142,2,weighted,10,0.0995222929936305,0,16,None,66,1,5,False,1,1
143,3,weighted,10,0.0995222929936305,0,16,None,66,1,5,False,1,1
144,4,weighted,10,0.0995222929936305,0,16,None,66,1,5,False,1,1
145,0,weighted,10,0.1756568471337579,0,18,None,66,1,5,False,1,1
146,1,weighted,10,0.190983280254777,0,18,None,66,1,5,False,1,1
147,2,weighted,10,0.1921775477707006,0,18,None,66,1,5,False,1,1
148,3,weighted,10,0.194765127388535,0,18,None,66,1,5,False,1,1
149,4,weighted,10,0.1949641719745223,0,18,None,66,1,5,False,1,1
150,0,weighted,10,0.1001194267515923,0,19,None,66,1,5,False,1,1
151,1,weighted,10,0.0995222929936305,0,19,None,66,1,5,False,1,1
152,2,weighted,10,0.0997213375796178,0,19,None,66,1,5,False,1,1
153,3,weighted,10,0.1948646496815286,0,19,None,66,1,5,False,1,1
154,4,weighted,10,0.2568670382165605,0,19,None,66,1,5,False,1,1
155,0,weighted,10,0.1675955414012739,0,31,None,66,1,5,False,1,1
156,1,weighted,10,0.1180334394904458,0,31,None,66,1,5,False,1,1
157,2,weighted,10,0.0997213375796178,0,31,None,66,1,5,False,1,1
158,3,weighted,10,0.0999203821656051,0,31,None,66,1,5,False,1,1
159,4,weighted,10,0.1184315286624203,0,31,None,66,1,5,False,1,1
160,0,weighted,10,0.2527866242038216,0,3,None,66,1,5,False,1,1
161,1,weighted,10,0.208499203821656,0,3,None,66,1,5,False,1,1
162,2,weighted,10,0.1808320063694267,0,3,None,66,1,5,False,1,1
163,3,weighted,10,0.1922770700636942,0,3,None,66,1,5,False,1,1
164,4,weighted,10,0.2533837579617834,0,3,None,66,1,5,False,1,1
165,5,weighted,10,0.0995222929936305,0,17,None,66,1,5,False,1,1
166,6,weighted,10,0.0995222929936305,0,17,None,66,1,5,False,1,1
167,7,weighted,10,0.0995222929936305,0,17,None,66,1,5,False,1,1
168,8,weighted,10,0.0995222929936305,0,17,None,66,1,5,False,1,1
169,9,weighted,10,0.0995222929936305,0,17,None,66,1,5,False,1,1
170,5,weighted,10,0.0995222929936305,0,15,None,66,1,5,False,1,1
171,6,weighted,10,0.0995222929936305,0,15,None,66,1,5,False,1,1
172,7,weighted,10,0.0995222929936305,0,15,None,66,1,5,False,1,1
173,8,weighted,10,0.0995222929936305,0,15,None,66,1,5,False,1,1
174,9,weighted,10,0.0995222929936305,0,15,None,66,1,5,False,1,1
175,5,weighted,10,0.1410230891719745,0,11,None,66,1,5,False,1,1
176,6,weighted,10,0.0995222929936305,0,11,None,66,1,5,False,1,1
177,7,weighted,10,0.0995222929936305,0,11,None,66,1,5,False,1,1
178,8,weighted,10,0.0995222929936305,0,11,None,66,1,5,False,1,1
179,9,weighted,10,0.0995222929936305,0,11,None,66,1,5,False,1,1
180,5,weighted,10,0.0995222929936305,0,1,None,66,1,5,False,1,1
181,6,weighted,10,0.0997213375796178,0,1,None,66,1,5,False,1,1
182,7,weighted,10,0.1432125796178344,0,1,None,66,1,5,False,1,1
183,8,weighted,10,0.2071058917197452,0,1,None,66,1,5,False,1,1
184,9,weighted,10,0.2301950636942675,0,1,None,66,1,5,False,1,1
185,5,weighted,10,0.0995222929936305,0,10,None,66,1,5,False,1,1
186,6,weighted,10,0.0995222929936305,0,10,None,66,1,5,False,1,1
187,7,weighted,10,0.0995222929936305,0,10,None,66,1,5,False,1,1
188,8,weighted,10,0.0995222929936305,0,10,None,66,1,5,False,1,1
189,9,weighted,10,0.0995222929936305,0,10,None,66,1,5,False,1,1
190,5,weighted,10,0.0995222929936305,0,20,None,66,1,5,False,1,1
191,6,weighted,10,0.0995222929936305,0,20,None,66,1,5,False,1,1
192,7,weighted,10,0.0995222929936305,0,20,None,66,1,5,False,1,1
193,8,weighted,10,0.0996218152866242,0,20,None,66,1,5,False,1,1
194,9,weighted,10,0.1009156050955414,0,20,None,66,1,5,False,1,1
195,5,weighted,10,0.0995222929936305,0,23,None,66,1,5,False,1,1
196,6,weighted,10,0.0995222929936305,0,23,None,66,1,5,False,1,1
197,7,weighted,10,0.0995222929936305,0,23,None,66,1,5,False,1,1
198,8,weighted,10,0.0995222929936305,0,23,None,66,1,5,False,1,1
199,9,weighted,10,0.0995222929936305,0,23,None,66,1,5,False,1,1
200,5,weighted,10,0.0995222929936305,0,4,None,66,1,5,False,1,1
201,6,weighted,10,0.0995222929936305,0,4,None,66,1,5,False,1,1
202,7,weighted,10,0.0995222929936305,0,4,None,66,1,5,False,1,1
203,8,weighted,10,0.0995222929936305,0,4,None,66,1,5,False,1,1
204,9,weighted,10,0.0995222929936305,0,4,None,66,1,5,False,1,1
205,5,weighted,10,0.0995222929936305,0,8,None,66,1,5,False,1,1
206,6,weighted,10,0.0995222929936305,0,8,None,66,1,5,False,1,1
207,7,weighted,10,0.0995222929936305,0,8,None,66,1,5,False,1,1
208,8,weighted,10,0.0995222929936305,0,8,None,66,1,5,False,1,1
209,9,weighted,10,0.0995222929936305,0,8,None,66,1,5,False,1,1
210,5,weighted,10,0.0995222929936305,0,18,None,66,1,5,False,1,1
211,6,weighted,10,0.0995222929936305,0,18,None,66,1,5,False,1,1
212,7,weighted,10,0.0995222929936305,0,18,None,66,1,5,False,1,1
213,8,weighted,10,0.0995222929936305,0,18,None,66,1,5,False,1,1
214,9,weighted,10,0.0995222929936305,0,18,None,66,1,5,False,1,1
215,5,weighted,10,0.190983280254777,0,19,None,66,1,5,False,1,1
216,6,weighted,10,0.1321656050955414,0,19,None,66,1,5,False,1,1
217,7,weighted,10,0.0996218152866242,0,19,None,66,1,5,False,1,1
218,8,weighted,10,0.0996218152866242,0,19,None,66,1,5,False,1,1
219,9,weighted,10,0.0996218152866242,0,19,None,66,1,5,False,1,1
220,5,weighted,10,0.0995222929936305,0,21,None,66,1,5,False,1,1
221,6,weighted,10,0.0995222929936305,0,21,None,66,1,5,False,1,1
222,7,weighted,10,0.1267914012738853,0,21,None,66,1,5,False,1,1
223,8,weighted,10,0.1652070063694267,0,21,None,66,1,5,False,1,1
224,9,weighted,10,0.2625398089171974,0,21,None,66,1,5,False,1,1
225,5,weighted,10,0.0995222929936305,0,2,None,66,1,5,False,1,1
226,6,weighted,10,0.0995222929936305,0,2,None,66,1,5,False,1,1
227,7,weighted,10,0.0995222929936305,0,2,None,66,1,5,False,1,1
228,8,weighted,10,0.0995222929936305,0,2,None,66,1,5,False,1,1
229,9,weighted,10,0.0995222929936305,0,2,None,66,1,5,False,1,1
230,5,weighted,10,0.0995222929936305,0,31,None,66,1,5,False,1,1
231,6,weighted,10,0.0995222929936305,0,31,None,66,1,5,False,1,1
232,7,weighted,10,0.0995222929936305,0,31,None,66,1,5,False,1,1
233,8,weighted,10,0.0995222929936305,0,31,None,66,1,5,False,1,1
234,9,weighted,10,0.0995222929936305,0,31,None,66,1,5,False,1,1
235,5,weighted,10,0.1583399681528662,0,24,None,66,1,5,False,1,1
236,6,weighted,10,0.1106687898089172,0,24,None,66,1,5,False,1,1
237,7,weighted,10,0.0995222929936305,0,24,None,66,1,5,False,1,1
238,8,weighted,10,0.0995222929936305,0,24,None,66,1,5,False,1,1
239,9,weighted,10,0.0995222929936305,0,24,None,66,1,5,False,1,1
240,5,weighted,10,0.0995222929936305,0,5,None,66,1,5,False,1,1
241,6,weighted,10,0.0995222929936305,0,5,None,66,1,5,False,1,1
242,7,weighted,10,0.0995222929936305,0,5,None,66,1,5,False,1,1
243,8,weighted,10,0.0995222929936305,0,5,None,66,1,5,False,1,1
244,9,weighted,10,0.0995222929936305,0,5,None,66,1,5,False,1,1
245,5,weighted,10,0.0995222929936305,0,12,None,66,1,5,False,1,1
246,6,weighted,10,0.0995222929936305,0,12,None,66,1,5,False,1,1
247,7,weighted,10,0.0995222929936305,0,12,None,66,1,5,False,1,1
248,8,weighted,10,0.0995222929936305,0,12,None,66,1,5,False,1,1
249,9,weighted,10,0.0995222929936305,0,12,None,66,1,5,False,1,1
250,5,weighted,10,0.1648089171974522,0,13,None,66,1,5,False,1,1
251,6,weighted,10,0.1907842356687898,0,13,None,66,1,5,False,1,1
252,7,weighted,10,0.1953622611464968,0,13,None,66,1,5,False,1,1
253,8,weighted,10,0.1504777070063694,0,13,None,66,1,5,False,1,1
254,9,weighted,10,0.0995222929936305,0,13,None,66,1,5,False,1,1
255,5,weighted,10,0.0996218152866242,0,26,None,66,1,5,False,1,1
256,6,weighted,10,0.0995222929936305,0,26,None,66,1,5,False,1,1
257,7,weighted,10,0.0995222929936305,0,26,None,66,1,5,False,1,1
258,8,weighted,10,0.0995222929936305,0,26,None,66,1,5,False,1,1
259,9,weighted,10,0.0995222929936305,0,26,None,66,1,5,False,1,1
260,5,weighted,10,0.0995222929936305,0,28,None,66,1,5,False,1,1
261,6,weighted,10,0.0995222929936305,0,28,None,66,1,5,False,1,1
262,7,weighted,10,0.0995222929936305,0,28,None,66,1,5,False,1,1
263,8,weighted,10,0.0995222929936305,0,28,None,66,1,5,False,1,1
264,9,weighted,10,0.0995222929936305,0,28,None,66,1,5,False,1,1
265,5,weighted,10,0.0995222929936305,0,27,None,66,1,5,False,1,1
266,6,weighted,10,0.0995222929936305,0,27,None,66,1,5,False,1,1
267,7,weighted,10,0.1164410828025477,0,27,None,66,1,5,False,1,1
268,8,weighted,10,0.1703821656050955,0,27,None,66,1,5,False,1,1
269,9,weighted,10,0.1779458598726114,0,27,None,66,1,5,False,1,1
270,5,weighted,10,0.0995222929936305,0,30,None,66,1,5,False,1,1
271,6,weighted,10,0.0995222929936305,0,30,None,66,1,5,False,1,1
272,7,weighted,10,0.0995222929936305,0,30,None,66,1,5,False,1,1
273,8,weighted,10,0.0995222929936305,0,30,None,66,1,5,False,1,1
274,9,weighted,10,0.0995222929936305,0,30,None,66,1,5,False,1,1
275,5,weighted,10,0.0995222929936305,0,22,None,66,1,5,False,1,1
276,6,weighted,10,0.0995222929936305,0,22,None,66,1,5,False,1,1
277,7,weighted,10,0.0995222929936305,0,22,None,66,1,5,False,1,1
278,8,weighted,10,0.0995222929936305,0,22,None,66,1,5,False,1,1
279,9,weighted,10,0.0995222929936305,0,22,None,66,1,5,False,1,1
280,5,weighted,10,0.0995222929936305,0,7,None,66,1,5,False,1,1
281,6,weighted,10,0.1016122611464968,0,7,None,66,1,5,False,1,1
282,7,weighted,10,0.1658041401273885,0,7,None,66,1,5,False,1,1
283,8,weighted,10,0.1692874203821656,0,7,None,66,1,5,False,1,1
284,9,weighted,10,0.1248009554140127,0,7,None,66,1,5,False,1,1
285,5,weighted,10,0.0995222929936305,0,6,None,66,1,5,False,1,1
286,6,weighted,10,0.0995222929936305,0,6,None,66,1,5,False,1,1
287,7,weighted,10,0.0995222929936305,0,6,None,66,1,5,False,1,1
288,8,weighted,10,0.0995222929936305,0,6,None,66,1,5,False,1,1
289,9,weighted,10,0.0995222929936305,0,6,None,66,1,5,False,1,1
290,5,weighted,10,0.0995222929936305,0,16,None,66,1,5,False,1,1
291,6,weighted,10,0.0995222929936305,0,16,None,66,1,5,False,1,1
292,7,weighted,10,0.0995222929936305,0,16,None,66,1,5,False,1,1
293,8,weighted,10,0.0995222929936305,0,16,None,66,1,5,False,1,1
294,9,weighted,10,0.0995222929936305,0,16,None,66,1,5,False,1,1
295,5,weighted,10,0.0995222929936305,0,32,None,66,1,5,False,1,1
296,6,weighted,10,0.0995222929936305,0,32,None,66,1,5,False,1,1
297,7,weighted,10,0.0995222929936305,0,32,None,66,1,5,False,1,1
298,8,weighted,10,0.0995222929936305,0,32,None,66,1,5,False,1,1
299,9,weighted,10,0.0995222929936305,0,32,None,66,1,5,False,1,1
300,5,weighted,10,0.0995222929936305,0,0,None,66,1,5,False,1,1
301,6,weighted,10,0.0995222929936305,0,0,None,66,1,5,False,1,1
302,7,weighted,10,0.0995222929936305,0,0,None,66,1,5,False,1,1
303,8,weighted,10,0.0995222929936305,0,0,None,66,1,5,False,1,1
304,9,weighted,10,0.0995222929936305,0,0,None,66,1,5,False,1,1
305,5,weighted,10,0.1787420382165605,0,9,None,66,1,5,False,1,1
306,6,weighted,10,0.0995222929936305,0,9,None,66,1,5,False,1,1
307,7,weighted,10,0.0995222929936305,0,9,None,66,1,5,False,1,1
308,8,weighted,10,0.0995222929936305,0,9,None,66,1,5,False,1,1
309,9,weighted,10,0.0995222929936305,0,9,None,66,1,5,False,1,1
310,5,weighted,10,0.0995222929936305,0,3,None,66,1,5,False,1,1
311,6,weighted,10,0.0995222929936305,0,3,None,66,1,5,False,1,1
312,7,weighted,10,0.1555533439490445,0,3,None,66,1,5,False,1,1
313,8,weighted,10,0.1713773885350318,0,3,None,66,1,5,False,1,1
314,9,weighted,10,0.1594347133757961,0,3,None,66,1,5,False,1,1
315,5,weighted,10,0.1553542993630573,0,25,None,66,1,5,False,1,1
316,6,weighted,10,0.1371417197452229,0,25,None,66,1,5,False,1,1
317,7,weighted,10,0.107484076433121,0,25,None,66,1,5,False,1,1
318,8,weighted,10,0.101811305732484,0,25,None,66,1,5,False,1,1
319,9,weighted,10,0.1022093949044586,0,25,None,66,1,5,False,1,1
320,5,weighted,10,0.1016122611464968,0,14,None,66,1,5,False,1,1
321,6,weighted,10,0.1105692675159235,0,14,None,66,1,5,False,1,1
322,7,weighted,10,0.1317675159235669,0,14,None,66,1,5,False,1,1
323,8,weighted,10,0.1536624203821656,0,14,None,66,1,5,False,1,1
324,9,weighted,10,0.1735668789808917,0,14,None,66,1,5,False,1,1
325,5,weighted,10,0.0995222929936305,0,29,None,66,1,5,False,1,1
326,6,weighted,10,0.0995222929936305,0,29,None,66,1,5,False,1,1
327,7,weighted,10,0.0995222929936305,0,29,None,66,1,5,False,1,1
328,8,weighted,10,0.0995222929936305,0,29,None,66,1,5,False,1,1
329,9,weighted,10,0.0995222929936305,0,29,None,66,1,5,False,1,1
330,10,weighted,10,0.0995222929936305,0,2,None,66,1,5,False,1,1
331,11,weighted,10,0.0995222929936305,0,2,None,66,1,5,False,1,1
332,12,weighted,10,0.0995222929936305,0,2,None,66,1,5,False,1,1
333,13,weighted,10,0.0995222929936305,0,2,None,66,1,5,False,1,1
334,14,weighted,10,0.0995222929936305,0,2,None,66,1,5,False,1,1
335,10,weighted,10,0.0995222929936305,0,21,None,66,1,5,False,1,1
336,11,weighted,10,0.0995222929936305,0,21,None,66,1,5,False,1,1
337,12,weighted,10,0.0995222929936305,0,21,None,66,1,5,False,1,1
338,13,weighted,10,0.0995222929936305,0,21,None,66,1,5,False,1,1
339,14,weighted,10,0.0995222929936305,0,21,None,66,1,5,False,1,1
340,10,weighted,10,0.0995222929936305,0,23,None,66,1,5,False,1,1
341,11,weighted,10,0.0995222929936305,0,23,None,66,1,5,False,1,1
342,12,weighted,10,0.0995222929936305,0,23,None,66,1,5,False,1,1
343,13,weighted,10,0.0995222929936305,0,23,None,66,1,5,False,1,1
344,14,weighted,10,0.0995222929936305,0,23,None,66,1,5,False,1,1
345,10,weighted,10,0.0995222929936305,0,16,None,66,1,5,False,1,1
346,11,weighted,10,0.0995222929936305,0,16,None,66,1,5,False,1,1
347,12,weighted,10,0.0995222929936305,0,16,None,66,1,5,False,1,1
348,13,weighted,10,0.0995222929936305,0,16,None,66,1,5,False,1,1
349,14,weighted,10,0.0995222929936305,0,16,None,66,1,5,False,1,1
350,10,weighted,10,0.0995222929936305,0,32,None,66,1,5,False,1,1
351,11,weighted,10,0.0995222929936305,0,32,None,66,1,5,False,1,1
352,12,weighted,10,0.0995222929936305,0,32,None,66,1,5,False,1,1
353,13,weighted,10,0.0995222929936305,0,32,None,66,1,5,False,1,1
354,14,weighted,10,0.0995222929936305,0,32,None,66,1,5,False,1,1
355,10,weighted,10,0.0995222929936305,0,13,None,66,1,5,False,1,1
356,11,weighted,10,0.0995222929936305,0,13,None,66,1,5,False,1,1
357,12,weighted,10,0.0997213375796178,0,13,None,66,1,5,False,1,1
358,13,weighted,10,0.1352507961783439,0,13,None,66,1,5,False,1,1
359,14,weighted,10,0.172671178343949,0,13,None,66,1,5,False,1,1
360,10,weighted,10,0.0995222929936305,0,10,None,66,1,5,False,1,1
361,11,weighted,10,0.0995222929936305,0,10,None,66,1,5,False,1,1
362,12,weighted,10,0.0995222929936305,0,10,None,66,1,5,False,1,1
363,13,weighted,10,0.0995222929936305,0,10,None,66,1,5,False,1,1
364,14,weighted,10,0.0995222929936305,0,10,None,66,1,5,False,1,1
365,10,weighted,10,0.0995222929936305,0,15,None,66,1,5,False,1,1
366,11,weighted,10,0.0995222929936305,0,15,None,66,1,5,False,1,1
367,12,weighted,10,0.0995222929936305,0,15,None,66,1,5,False,1,1
368,13,weighted,10,0.0995222929936305,0,15,None,66,1,5,False,1,1
369,14,weighted,10,0.0995222929936305,0,15,None,66,1,5,False,1,1
370,10,weighted,10,0.0995222929936305,0,11,None,66,1,5,False,1,1
371,11,weighted,10,0.0995222929936305,0,11,None,66,1,5,False,1,1
372,12,weighted,10,0.0995222929936305,0,11,None,66,1,5,False,1,1
373,13,weighted,10,0.0995222929936305,0,11,None,66,1,5,False,1,1
374,14,weighted,10,0.0995222929936305,0,11,None,66,1,5,False,1,1
375,10,weighted,10,0.0995222929936305,0,17,None,66,1,5,False,1,1
376,11,weighted,10,0.0995222929936305,0,17,None,66,1,5,False,1,1
377,12,weighted,10,0.0995222929936305,0,17,None,66,1,5,False,1,1
378,13,weighted,10,0.0995222929936305,0,17,None,66,1,5,False,1,1
379,14,weighted,10,0.0995222929936305,0,17,None,66,1,5,False,1,1
380,10,weighted,10,0.0995222929936305,0,24,None,66,1,5,False,1,1
381,11,weighted,10,0.0995222929936305,0,24,None,66,1,5,False,1,1
382,12,weighted,10,0.0995222929936305,0,24,None,66,1,5,False,1,1
383,13,weighted,10,0.0995222929936305,0,24,None,66,1,5,False,1,1
384,14,weighted,10,0.0995222929936305,0,24,None,66,1,5,False,1,1
385,10,weighted,10,0.0995222929936305,0,18,None,66,1,5,False,1,1
386,11,weighted,10,0.0995222929936305,0,18,None,66,1,5,False,1,1
387,12,weighted,10,0.0995222929936305,0,18,None,66,1,5,False,1,1
388,13,weighted,10,0.0995222929936305,0,18,None,66,1,5,False,1,1
389,14,weighted,10,0.0995222929936305,0,18,None,66,1,5,False,1,1
390,10,weighted,10,0.0995222929936305,0,8,None,66,1,5,False,1,1
391,11,weighted,10,0.0995222929936305,0,8,None,66,1,5,False,1,1
392,12,weighted,10,0.0995222929936305,0,8,None,66,1,5,False,1,1
393,13,weighted,10,0.0995222929936305,0,8,None,66,1,5,False,1,1
394,14,weighted,10,0.0995222929936305,0,8,None,66,1,5,False,1,1
395,10,weighted,10,0.1830214968152866,0,19,None,66,1,5,False,1,1
396,11,weighted,10,0.1035031847133758,0,19,None,66,1,5,False,1,1
397,12,weighted,10,0.0996218152866242,0,19,None,66,1,5,False,1,1
398,13,weighted,10,0.0996218152866242,0,19,None,66,1,5,False,1,1
399,14,weighted,10,0.0997213375796178,0,19,None,66,1,5,False,1,1
400,10,weighted,10,0.0995222929936305,0,31,None,66,1,5,False,1,1
401,11,weighted,10,0.0995222929936305,0,31,None,66,1,5,False,1,1
402,12,weighted,10,0.0995222929936305,0,31,None,66,1,5,False,1,1
403,13,weighted,10,0.0995222929936305,0,31,None,66,1,5,False,1,1
404,14,weighted,10,0.0995222929936305,0,31,None,66,1,5,False,1,1
405,10,weighted,10,0.0995222929936305,0,22,None,66,1,5,False,1,1
406,11,weighted,10,0.0995222929936305,0,22,None,66,1,5,False,1,1
407,12,weighted,10,0.0995222929936305,0,22,None,66,1,5,False,1,1
408,13,weighted,10,0.0995222929936305,0,22,None,66,1,5,False,1,1
409,14,weighted,10,0.0995222929936305,0,22,None,66,1,5,False,1,1
410,10,weighted,10,0.0995222929936305,0,1,None,66,1,5,False,1,1
411,11,weighted,10,0.0995222929936305,0,1,None,66,1,5,False,1,1
412,12,weighted,10,0.0995222929936305,0,1,None,66,1,5,False,1,1
413,13,weighted,10,0.1026074840764331,0,1,None,66,1,5,False,1,1
414,14,weighted,10,0.151671974522293,0,1,None,66,1,5,False,1,1
415,10,weighted,10,0.0995222929936305,0,27,None,66,1,5,False,1,1
416,11,weighted,10,0.1057921974522293,0,27,None,66,1,5,False,1,1
417,12,weighted,10,0.1488853503184713,0,27,None,66,1,5,False,1,1
418,13,weighted,10,0.1639132165605095,0,27,None,66,1,5,False,1,1
419,14,weighted,10,0.1462977707006369,0,27,None,66,1,5,False,1,1
420,10,weighted,10,0.0995222929936305,0,28,None,66,1,5,False,1,1
421,11,weighted,10,0.0995222929936305,0,28,None,66,1,5,False,1,1
422,12,weighted,10,0.0995222929936305,0,28,None,66,1,5,False,1,1
423,13,weighted,10,0.0995222929936305,0,28,None,66,1,5,False,1,1
424,14,weighted,10,0.0995222929936305,0,28,None,66,1,5,False,1,1
425,10,weighted,10,0.0995222929936305,0,0,None,66,1,5,False,1,1
426,11,weighted,10,0.0995222929936305,0,0,None,66,1,5,False,1,1
427,12,weighted,10,0.0995222929936305,0,0,None,66,1,5,False,1,1
428,13,weighted,10,0.0995222929936305,0,0,None,66,1,5,False,1,1
429,14,weighted,10,0.0995222929936305,0,0,None,66,1,5,False,1,1
430,10,weighted,10,0.1717754777070063,0,9,None,66,1,5,False,1,1
431,11,weighted,10,0.0998208598726114,0,9,None,66,1,5,False,1,1
432,12,weighted,10,0.0995222929936305,0,9,None,66,1,5,False,1,1
433,13,weighted,10,0.0995222929936305,0,9,None,66,1,5,False,1,1
434,14,weighted,10,0.0995222929936305,0,9,None,66,1,5,False,1,1
435,10,weighted,10,0.0995222929936305,0,25,None,66,1,5,False,1,1
436,11,weighted,10,0.0995222929936305,0,25,None,66,1,5,False,1,1
437,12,weighted,10,0.0995222929936305,0,25,None,66,1,5,False,1,1
438,13,weighted,10,0.0995222929936305,0,25,None,66,1,5,False,1,1
439,14,weighted,10,0.0994227707006369,0,25,None,66,1,5,False,1,1
440,10,weighted,10,0.0995222929936305,0,29,None,66,1,5,False,1,1
441,11,weighted,10,0.0995222929936305,0,29,None,66,1,5,False,1,1
442,12,weighted,10,0.0995222929936305,0,29,None,66,1,5,False,1,1
443,13,weighted,10,0.0995222929936305,0,29,None,66,1,5,False,1,1
444,14,weighted,10,0.0995222929936305,0,29,None,66,1,5,False,1,1
445,10,weighted,10,0.0995222929936305,0,20,None,66,1,5,False,1,1
446,11,weighted,10,0.0995222929936305,0,20,None,66,1,5,False,1,1
447,12,weighted,10,0.0995222929936305,0,20,None,66,1,5,False,1,1
448,13,weighted,10,0.0995222929936305,0,20,None,66,1,5,False,1,1
449,14,weighted,10,0.0995222929936305,0,20,None,66,1,5,False,1,1
450,10,weighted,10,0.0995222929936305,0,3,None,66,1,5,False,1,1
451,11,weighted,10,0.0995222929936305,0,3,None,66,1,5,False,1,1
452,12,weighted,10,0.0995222929936305,0,3,None,66,1,5,False,1,1
453,13,weighted,10,0.0995222929936305,0,3,None,66,1,5,False,1,1
454,14,weighted,10,0.0995222929936305,0,3,None,66,1,5,False,1,1
455,10,weighted,10,0.0995222929936305,0,5,None,66,1,5,False,1,1
456,11,weighted,10,0.0995222929936305,0,5,None,66,1,5,False,1,1
457,12,weighted,10,0.0995222929936305,0,5,None,66,1,5,False,1,1
458,13,weighted,10,0.0995222929936305,0,5,None,66,1,5,False,1,1
459,14,weighted,10,0.0995222929936305,0,5,None,66,1,5,False,1,1
460,10,weighted,10,0.0995222929936305,0,6,None,66,1,5,False,1,1
461,11,weighted,10,0.0995222929936305,0,6,None,66,1,5,False,1,1
462,12,weighted,10,0.0995222929936305,0,6,None,66,1,5,False,1,1
463,13,weighted,10,0.0995222929936305,0,6,None,66,1,5,False,1,1
464,14,weighted,10,0.0995222929936305,0,6,None,66,1,5,False,1,1
465,10,weighted,10,0.0995222929936305,0,4,None,66,1,5,False,1,1
466,11,weighted,10,0.0995222929936305,0,4,None,66,1,5,False,1,1
467,12,weighted,10,0.0995222929936305,0,4,None,66,1,5,False,1,1
468,13,weighted,10,0.0995222929936305,0,4,None,66,1,5,False,1,1
469,14,weighted,10,0.0995222929936305,0,4,None,66,1,5,False,1,1
470,10,weighted,10,0.0995222929936305,0,7,None,66,1,5,False,1,1
471,11,weighted,10,0.0995222929936305,0,7,None,66,1,5,False,1,1
472,12,weighted,10,0.0995222929936305,0,7,None,66,1,5,False,1,1
473,13,weighted,10,0.0995222929936305,0,7,None,66,1,5,False,1,1
474,14,weighted,10,0.0995222929936305,0,7,None,66,1,5,False,1,1
475,10,weighted,10,0.12390525477707,0,12,None,66,1,5,False,1,1
476,11,weighted,10,0.0995222929936305,0,12,None,66,1,5,False,1,1
477,12,weighted,10,0.0995222929936305,0,12,None,66,1,5,False,1,1
478,13,weighted,10,0.0995222929936305,0,12,None,66,1,5,False,1,1
479,14,weighted,10,0.0995222929936305,0,12,None,66,1,5,False,1,1
480,10,weighted,10,0.105593152866242,0,14,None,66,1,5,False,1,1
481,11,weighted,10,0.1057921974522293,0,14,None,66,1,5,False,1,1
482,12,weighted,10,0.1163415605095541,0,14,None,66,1,5,False,1,1
483,13,weighted,10,0.1371417197452229,0,14,None,66,1,5,False,1,1
484,14,weighted,10,0.1559514331210191,0,14,None,66,1,5,False,1,1
485,10,weighted,10,0.0996218152866242,0,26,None,66,1,5,False,1,1
486,11,weighted,10,0.0995222929936305,0,26,None,66,1,5,False,1,1
487,12,weighted,10,0.0995222929936305,0,26,None,66,1,5,False,1,1
488,13,weighted,10,0.0995222929936305,0,26,None,66,1,5,False,1,1
489,14,weighted,10,0.0995222929936305,0,26,None,66,1,5,False,1,1
490,10,weighted,10,0.0995222929936305,0,30,None,66,1,5,False,1,1
491,11,weighted,10,0.0995222929936305,0,30,None,66,1,5,False,1,1
492,12,weighted,10,0.0995222929936305,0,30,None,66,1,5,False,1,1
493,13,weighted,10,0.0995222929936305,0,30,None,66,1,5,False,1,1
494,14,weighted,10,0.0995222929936305,0,30,None,66,1,5,False,1,1
990,15,weighted,10,0.0995222929936305,0,16,None,66,1,5,False,1,1
991,16,weighted,10,0.0995222929936305,0,16,None,66,1,5,False,1,1
992,17,weighted,10,0.0995222929936305,0,16,None,66,1,5,False,1,1
993,18,weighted,10,0.0995222929936305,0,16,None,66,1,5,False,1,1
994,19,weighted,10,0.0995222929936305,0,16,None,66,1,5,False,1,1
995,15,weighted,10,0.0995222929936305,0,20,None,66,1,5,False,1,1
996,16,weighted,10,0.0995222929936305,0,20,None,66,1,5,False,1,1
997,17,weighted,10,0.0995222929936305,0,20,None,66,1,5,False,1,1
998,18,weighted,10,0.0995222929936305,0,20,None,66,1,5,False,1,1
999,19,weighted,10,0.0995222929936305,0,20,None,66,1,5,False,1,1
1000,15,weighted,10,0.0995222929936305,0,19,None,66,1,5,False,1,1
1001,16,weighted,10,0.0995222929936305,0,19,None,66,1,5,False,1,1
1002,17,weighted,10,0.0995222929936305,0,19,None,66,1,5,False,1,1
1003,18,weighted,10,0.0996218152866242,0,19,None,66,1,5,False,1,1
1004,19,weighted,10,0.0998208598726114,0,19,None,66,1,5,False,1,1
1005,15,weighted,10,0.0995222929936305,0,22,None,66,1,5,False,1,1
1006,16,weighted,10,0.0995222929936305,0,22,None,66,1,5,False,1,1
1007,17,weighted,10,0.0995222929936305,0,22,None,66,1,5,False,1,1
1008,18,weighted,10,0.0995222929936305,0,22,None,66,1,5,False,1,1
1009,19,weighted,10,0.0995222929936305,0,22,None,66,1,5,False,1,1
1010,15,weighted,10,0.145999203821656,0,14,None,66,1,5,False,1,1
1011,16,weighted,10,0.1593351910828025,0,14,None,66,1,5,False,1,1
1012,17,weighted,10,0.1553542993630573,0,14,None,66,1,5,False,1,1
1013,18,weighted,10,0.1425159235668789,0,14,None,66,1,5,False,1,1
1014,19,weighted,10,0.1265923566878981,0,14,None,66,1,5,False,1,1
1015,15,weighted,10,0.0995222929936305,0,25,None,66,1,5,False,1,1
1016,16,weighted,10,0.0995222929936305,0,25,None,66,1,5,False,1,1
1017,17,weighted,10,0.0995222929936305,0,25,None,66,1,5,False,1,1
1018,18,weighted,10,0.0994227707006369,0,25,None,66,1,5,False,1,1
1019,19,weighted,10,0.1001194267515923,0,25,None,66,1,5,False,1,1
1020,15,weighted,10,0.0995222929936305,0,26,None,66,1,5,False,1,1
1021,16,weighted,10,0.0995222929936305,0,26,None,66,1,5,False,1,1
1022,17,weighted,10,0.0995222929936305,0,26,None,66,1,5,False,1,1
1023,18,weighted,10,0.0995222929936305,0,26,None,66,1,5,False,1,1
1024,19,weighted,10,0.0995222929936305,0,26,None,66,1,5,False,1,1
1025,15,weighted,10,0.1026074840764331,0,12,None,66,1,5,False,1,1
1026,16,weighted,10,0.0995222929936305,0,12,None,66,1,5,False,1,1
1027,17,weighted,10,0.0995222929936305,0,12,None,66,1,5,False,1,1
1028,18,weighted,10,0.0995222929936305,0,12,None,66,1,5,False,1,1
1029,19,weighted,10,0.0995222929936305,0,12,None,66,1,5,False,1,1
1030,15,weighted,10,0.0995222929936305,0,24,None,66,1,5,False,1,1
1031,16,weighted,10,0.0995222929936305,0,24,None,66,1,5,False,1,1
1032,17,weighted,10,0.0995222929936305,0,24,None,66,1,5,False,1,1
1033,18,weighted,10,0.0995222929936305,0,24,None,66,1,5,False,1,1
1034,19,weighted,10,0.0995222929936305,0,24,None,66,1,5,False,1,1
1035,15,weighted,10,0.0995222929936305,0,30,None,66,1,5,False,1,1
1036,16,weighted,10,0.0995222929936305,0,30,None,66,1,5,False,1,1
1037,17,weighted,10,0.0995222929936305,0,30,None,66,1,5,False,1,1
1038,18,weighted,10,0.0995222929936305,0,30,None,66,1,5,False,1,1
1039,19,weighted,10,0.0995222929936305,0,30,None,66,1,5,False,1,1
1040,15,weighted,10,0.0995222929936305,0,6,None,66,1,5,False,1,1
1041,16,weighted,10,0.0995222929936305,0,6,None,66,1,5,False,1,1
1042,17,weighted,10,0.0995222929936305,0,6,None,66,1,5,False,1,1
1043,18,weighted,10,0.0995222929936305,0,6,None,66,1,5,False,1,1
1044,19,weighted,10,0.0995222929936305,0,6,None,66,1,5,False,1,1
1045,15,weighted,10,0.0995222929936305,0,31,None,66,1,5,False,1,1
1046,16,weighted,10,0.0995222929936305,0,31,None,66,1,5,False,1,1
1047,17,weighted,10,0.0995222929936305,0,31,None,66,1,5,False,1,1
1048,18,weighted,10,0.0995222929936305,0,31,None,66,1,5,False,1,1
1049,19,weighted,10,0.0995222929936305,0,31,None,66,1,5,False,1,1
1050,15,weighted,10,0.1233081210191082,0,18,None,66,1,5,False,1,1
1051,16,weighted,10,0.0995222929936305,0,18,None,66,1,5,False,1,1
1052,17,weighted,10,0.0995222929936305,0,18,None,66,1,5,False,1,1
1053,18,weighted,10,0.0995222929936305,0,18,None,66,1,5,False,1,1
1054,19,weighted,10,0.0995222929936305,0,18,None,66,1,5,False,1,1
1055,15,weighted,10,0.0995222929936305,0,32,None,66,1,5,False,1,1
1056,16,weighted,10,0.0995222929936305,0,32,None,66,1,5,False,1,1
1057,17,weighted,10,0.0995222929936305,0,32,None,66,1,5,False,1,1
1058,18,weighted,10,0.0995222929936305,0,32,None,66,1,5,False,1,1
1059,19,weighted,10,0.0995222929936305,0,32,None,66,1,5,False,1,1
1060,15,weighted,10,0.1069864649681528,0,7,None,66,1,5,False,1,1
1061,16,weighted,10,0.1033041401273885,0,7,None,66,1,5,False,1,1
1062,17,weighted,10,0.1121616242038216,0,7,None,66,1,5,False,1,1
1063,18,weighted,10,0.136046974522293,0,7,None,66,1,5,False,1,1
1064,19,weighted,10,0.1656050955414012,0,7,None,66,1,5,False,1,1
1065,15,weighted,10,0.1022093949044586,0,11,None,66,1,5,False,1,1
1066,16,weighted,10,0.0995222929936305,0,11,None,66,1,5,False,1,1
1067,17,weighted,10,0.0995222929936305,0,11,None,66,1,5,False,1,1
1068,18,weighted,10,0.0995222929936305,0,11,None,66,1,5,False,1,1
1069,19,weighted,10,0.0995222929936305,0,11,None,66,1,5,False,1,1
1070,15,weighted,10,0.0995222929936305,0,17,None,66,1,5,False,1,1
1071,16,weighted,10,0.0995222929936305,0,17,None,66,1,5,False,1,1
1072,17,weighted,10,0.0995222929936305,0,17,None,66,1,5,False,1,1
1073,18,weighted,10,0.0995222929936305,0,17,None,66,1,5,False,1,1
1074,19,weighted,10,0.0995222929936305,0,17,None,66,1,5,False,1,1
1075,15,weighted,10,0.0995222929936305,0,15,None,66,1,5,False,1,1
1076,16,weighted,10,0.0995222929936305,0,15,None,66,1,5,False,1,1
1077,17,weighted,10,0.0995222929936305,0,15,None,66,1,5,False,1,1
1078,18,weighted,10,0.0995222929936305,0,15,None,66,1,5,False,1,1
1079,19,weighted,10,0.0995222929936305,0,15,None,66,1,5,False,1,1
1080,15,weighted,10,0.0995222929936305,0,10,None,66,1,5,False,1,1
1081,16,weighted,10,0.0995222929936305,0,10,None,66,1,5,False,1,1
1082,17,weighted,10,0.0995222929936305,0,10,None,66,1,5,False,1,1
1083,18,weighted,10,0.0995222929936305,0,10,None,66,1,5,False,1,1
1084,19,weighted,10,0.0995222929936305,0,10,None,66,1,5,False,1,1
1085,15,weighted,10,0.0995222929936305,0,1,None,66,1,5,False,1,1
1086,16,weighted,10,0.0995222929936305,0,1,None,66,1,5,False,1,1
1087,17,weighted,10,0.0995222929936305,0,1,None,66,1,5,False,1,1
1088,18,weighted,10,0.0995222929936305,0,1,None,66,1,5,False,1,1
1089,19,weighted,10,0.0995222929936305,0,1,None,66,1,5,False,1,1
1090,15,weighted,10,0.0995222929936305,0,2,None,66,1,5,False,1,1
1091,16,weighted,10,0.0995222929936305,0,2,None,66,1,5,False,1,1
1092,17,weighted,10,0.0995222929936305,0,2,None,66,1,5,False,1,1
1093,18,weighted,10,0.0995222929936305,0,2,None,66,1,5,False,1,1
1094,19,weighted,10,0.0995222929936305,0,2,None,66,1,5,False,1,1
1095,15,weighted,10,0.0995222929936305,0,0,None,66,1,5,False,1,1
1096,16,weighted,10,0.0995222929936305,0,0,None,66,1,5,False,1,1
1097,17,weighted,10,0.0995222929936305,0,0,None,66,1,5,False,1,1
1098,18,weighted,10,0.0995222929936305,0,0,None,66,1,5,False,1,1
1099,19,weighted,10,0.0995222929936305,0,0,None,66,1,5,False,1,1
1100,15,weighted,10,0.0995222929936305,0,4,None,66,1,5,False,1,1
1101,16,weighted,10,0.0995222929936305,0,4,None,66,1,5,False,1,1
1102,17,weighted,10,0.0995222929936305,0,4,None,66,1,5,False,1,1
1103,18,weighted,10,0.0995222929936305,0,4,None,66,1,5,False,1,1
1104,19,weighted,10,0.0995222929936305,0,4,None,66,1,5,False,1,1
1105,15,weighted,10,0.0995222929936305,0,3,None,66,1,5,False,1,1
1106,16,weighted,10,0.0995222929936305,0,3,None,66,1,5,False,1,1
1107,17,weighted,10,0.0995222929936305,0,3,None,66,1,5,False,1,1
1108,18,weighted,10,0.0995222929936305,0,3,None,66,1,5,False,1,1
1109,19,weighted,10,0.0995222929936305,0,3,None,66,1,5,False,1,1
1110,15,weighted,10,0.0995222929936305,0,5,None,66,1,5,False,1,1
1111,16,weighted,10,0.0995222929936305,0,5,None,66,1,5,False,1,1
1112,17,weighted,10,0.0995222929936305,0,5,None,66,1,5,False,1,1
1113,18,weighted,10,0.0995222929936305,0,5,None,66,1,5,False,1,1
1114,19,weighted,10,0.0995222929936305,0,5,None,66,1,5,False,1,1
1115,15,weighted,10,0.0995222929936305,0,8,None,66,1,5,False,1,1
1116,16,weighted,10,0.1030055732484076,0,8,None,66,1,5,False,1,1
1117,17,weighted,10,0.114749203821656,0,8,None,66,1,5,False,1,1
1118,18,weighted,10,0.0997213375796178,0,8,None,66,1,5,False,1,1
1119,19,weighted,10,0.1001194267515923,0,8,None,66,1,5,False,1,1
1120,15,weighted,10,0.1809315286624203,0,9,None,66,1,5,False,1,1
1121,16,weighted,10,0.1327627388535031,0,9,None,66,1,5,False,1,1
1122,17,weighted,10,0.0997213375796178,0,9,None,66,1,5,False,1,1
1123,18,weighted,10,0.0995222929936305,0,9,None,66,1,5,False,1,1
1124,19,weighted,10,0.0995222929936305,0,9,None,66,1,5,False,1,1
1125,15,weighted,10,0.0995222929936305,0,13,None,66,1,5,False,1,1
1126,16,weighted,10,0.1084792993630573,0,13,None,66,1,5,False,1,1
1127,17,weighted,10,0.1502786624203821,0,13,None,66,1,5,False,1,1
1128,18,weighted,10,0.1762539808917197,0,13,None,66,1,5,False,1,1
1129,19,weighted,10,0.18640525477707,0,13,None,66,1,5,False,1,1
1130,15,weighted,10,0.0995222929936305,0,23,None,66,1,5,False,1,1
1131,16,weighted,10,0.0995222929936305,0,23,None,66,1,5,False,1,1
1132,17,weighted,10,0.0995222929936305,0,23,None,66,1,5,False,1,1
1133,18,weighted,10,0.0995222929936305,0,23,None,66,1,5,False,1,1
1134,19,weighted,10,0.0995222929936305,0,23,None,66,1,5,False,1,1
1135,15,weighted,10,0.0995222929936305,0,21,None,66,1,5,False,1,1
1136,16,weighted,10,0.0995222929936305,0,21,None,66,1,5,False,1,1
1137,17,weighted,10,0.0995222929936305,0,21,None,66,1,5,False,1,1
1138,18,weighted,10,0.0995222929936305,0,21,None,66,1,5,False,1,1
1139,19,weighted,10,0.0999203821656051,0,21,None,66,1,5,False,1,1
1140,15,weighted,10,0.0995222929936305,0,27,None,66,1,5,False,1,1
1141,16,weighted,10,0.1072850318471337,0,27,None,66,1,5,False,1,1
1142,17,weighted,10,0.1430135350318471,0,27,None,66,1,5,False,1,1
1143,18,weighted,10,0.1685907643312102,0,27,None,66,1,5,False,1,1
1144,19,weighted,10,0.1762539808917197,0,27,None,66,1,5,False,1,1
1145,15,weighted,10,0.0997213375796178,0,28,None,66,1,5,False,1,1
1146,16,weighted,10,0.0995222929936305,0,28,None,66,1,5,False,1,1
1147,17,weighted,10,0.0995222929936305,0,28,None,66,1,5,False,1,1
1148,18,weighted,10,0.0995222929936305,0,28,None,66,1,5,False,1,1
1149,19,weighted,10,0.0995222929936305,0,28,None,66,1,5,False,1,1
1150,15,weighted,10,0.0995222929936305,0,29,None,66,1,5,False,1,1
1151,16,weighted,10,0.0995222929936305,0,29,None,66,1,5,False,1,1
1152,17,weighted,10,0.0995222929936305,0,29,None,66,1,5,False,1,1
1153,18,weighted,10,0.0995222929936305,0,29,None,66,1,5,False,1,1
1154,19,weighted,10,0.0995222929936305,0,29,None,66,1,5,False,1,1
1155,20,weighted,10,0.0995222929936305,0,1,None,66,1,5,False,1,1
1156,21,weighted,10,0.0995222929936305,0,1,None,66,1,5,False,1,1
1157,22,weighted,10,0.0995222929936305,0,1,None,66,1,5,False,1,1
1158,23,weighted,10,0.0995222929936305,0,1,None,66,1,5,False,1,1
1159,24,weighted,10,0.0995222929936305,0,1,None,66,1,5,False,1,1
1160,20,weighted,10,0.0995222929936305,0,29,None,66,1,5,False,1,1
1161,21,weighted,10,0.0995222929936305,0,29,None,66,1,5,False,1,1
1162,22,weighted,10,0.0995222929936305,0,29,None,66,1,5,False,1,1
1163,23,weighted,10,0.0995222929936305,0,29,None,66,1,5,False,1,1
1164,24,weighted,10,0.0995222929936305,0,29,None,66,1,5,False,1,1
1165,20,weighted,10,0.0995222929936305,0,32,None,66,1,5,False,1,1
1166,21,weighted,10,0.0995222929936305,0,32,None,66,1,5,False,1,1
1167,22,weighted,10,0.0995222929936305,0,32,None,66,1,5,False,1,1
1168,23,weighted,10,0.0996218152866242,0,32,None,66,1,5,False,1,1
1169,24,weighted,10,0.0996218152866242,0,32,None,66,1,5,False,1,1
1170,20,weighted,10,0.1007165605095541,0,13,None,66,1,5,False,1,1
1171,21,weighted,10,0.0998208598726114,0,13,None,66,1,5,False,1,1
1172,22,weighted,10,0.099124203821656,0,13,None,66,1,5,False,1,1
1173,23,weighted,10,0.1141520700636942,0,13,None,66,1,5,False,1,1
1174,24,weighted,10,0.0982285031847133,0,13,None,66,1,5,False,1,1
1175,20,weighted,10,0.0996218152866242,0,26,None,66,1,5,False,1,1
1176,21,weighted,10,0.0995222929936305,0,26,None,66,1,5,False,1,1
1177,22,weighted,10,0.0995222929936305,0,26,None,66,1,5,False,1,1
1178,23,weighted,10,0.0995222929936305,0,26,None,66,1,5,False,1,1
1179,24,weighted,10,0.0995222929936305,0,26,None,66,1,5,False,1,1
1180,20,weighted,10,0.0995222929936305,0,16,None,66,1,5,False,1,1
1181,21,weighted,10,0.0995222929936305,0,16,None,66,1,5,False,1,1
1182,22,weighted,10,0.0995222929936305,0,16,None,66,1,5,False,1,1
1183,23,weighted,10,0.0995222929936305,0,16,None,66,1,5,False,1,1
1184,24,weighted,10,0.0995222929936305,0,16,None,66,1,5,False,1,1
1185,20,weighted,10,0.0995222929936305,0,14,None,66,1,5,False,1,1
1186,21,weighted,10,0.0995222929936305,0,14,None,66,1,5,False,1,1
1187,22,weighted,10,0.0995222929936305,0,14,None,66,1,5,False,1,1
1188,23,weighted,10,0.0997213375796178,0,14,None,66,1,5,False,1,1
1189,24,weighted,10,0.1043988853503184,0,14,None,66,1,5,False,1,1
1190,20,weighted,10,0.0995222929936305,0,22,None,66,1,5,False,1,1
1191,21,weighted,10,0.0995222929936305,0,22,None,66,1,5,False,1,1
1192,22,weighted,10,0.0995222929936305,0,22,None,66,1,5,False,1,1
1193,23,weighted,10,0.0958399681528662,0,22,None,66,1,5,False,1,1
1194,24,weighted,10,0.0995222929936305,0,22,None,66,1,5,False,1,1
1195,20,weighted,10,0.0995222929936305,0,25,None,66,1,5,False,1,1
1196,21,weighted,10,0.0995222929936305,0,25,None,66,1,5,False,1,1
1197,22,weighted,10,0.0995222929936305,0,25,None,66,1,5,False,1,1
1198,23,weighted,10,0.0994227707006369,0,25,None,66,1,5,False,1,1
1199,24,weighted,10,0.101015127388535,0,25,None,66,1,5,False,1,1
1200,20,weighted,10,0.1228105095541401,0,21,None,66,1,5,False,1,1
1201,21,weighted,10,0.1632165605095541,0,21,None,66,1,5,False,1,1
1202,22,weighted,10,0.1725716560509554,0,21,None,66,1,5,False,1,1
1203,23,weighted,10,0.1563495222929936,0,21,None,66,1,5,False,1,1
1204,24,weighted,10,0.1365445859872611,0,21,None,66,1,5,False,1,1
1205,20,weighted,10,0.0995222929936305,0,30,None,66,1,5,False,1,1
1206,21,weighted,10,0.0995222929936305,0,30,None,66,1,5,False,1,1
1207,22,weighted,10,0.0995222929936305,0,30,None,66,1,5,False,1,1
1208,23,weighted,10,0.0995222929936305,0,30,None,66,1,5,False,1,1
1209,24,weighted,10,0.0995222929936305,0,30,None,66,1,5,False,1,1
1210,20,weighted,10,0.0995222929936305,0,6,None,66,1,5,False,1,1
1211,21,weighted,10,0.0995222929936305,0,6,None,66,1,5,False,1,1
1212,22,weighted,10,0.0995222929936305,0,6,None,66,1,5,False,1,1
1213,23,weighted,10,0.0995222929936305,0,6,None,66,1,5,False,1,1
1214,24,weighted,10,0.0995222929936305,0,6,None,66,1,5,False,1,1
1215,20,weighted,10,0.1337579617834395,0,27,None,66,1,5,False,1,1
1216,21,weighted,10,0.147890127388535,0,27,None,66,1,5,False,1,1
1217,22,weighted,10,0.1555533439490445,0,27,None,66,1,5,False,1,1
1218,23,weighted,10,0.1587380573248407,0,27,None,66,1,5,False,1,1
1219,24,weighted,10,0.1581409235668789,0,27,None,66,1,5,False,1,1
1220,20,weighted,10,0.0995222929936305,0,23,None,66,1,5,False,1,1
1221,21,weighted,10,0.0995222929936305,0,23,None,66,1,5,False,1,1
1222,22,weighted,10,0.0995222929936305,0,23,None,66,1,5,False,1,1
1223,23,weighted,10,0.0995222929936305,0,23,None,66,1,5,False,1,1
1224,24,weighted,10,0.0995222929936305,0,23,None,66,1,5,False,1,1
1225,20,weighted,10,0.0995222929936305,0,2,None,66,1,5,False,1,1
1226,21,weighted,10,0.0995222929936305,0,2,None,66,1,5,False,1,1
1227,22,weighted,10,0.0995222929936305,0,2,None,66,1,5,False,1,1
1228,23,weighted,10,0.0995222929936305,0,2,None,66,1,5,False,1,1
1229,24,weighted,10,0.0995222929936305,0,2,None,66,1,5,False,1,1
1230,20,weighted,10,0.0995222929936305,0,4,None,66,1,5,False,1,1
1231,21,weighted,10,0.0995222929936305,0,4,None,66,1,5,False,1,1
1232,22,weighted,10,0.0995222929936305,0,4,None,66,1,5,False,1,1
1233,23,weighted,10,0.0995222929936305,0,4,None,66,1,5,False,1,1
1234,24,weighted,10,0.0995222929936305,0,4,None,66,1,5,False,1,1
1235,20,weighted,10,0.0995222929936305,0,5,None,66,1,5,False,1,1
1236,21,weighted,10,0.0995222929936305,0,5,None,66,1,5,False,1,1
1237,22,weighted,10,0.0995222929936305,0,5,None,66,1,5,False,1,1
1238,23,weighted,10,0.0995222929936305,0,5,None,66,1,5,False,1,1
1239,24,weighted,10,0.0995222929936305,0,5,None,66,1,5,False,1,1
1240,20,weighted,10,0.1227109872611465,0,0,None,66,1,5,False,1,1
1241,21,weighted,10,0.0995222929936305,0,0,None,66,1,5,False,1,1
1242,22,weighted,10,0.0995222929936305,0,0,None,66,1,5,False,1,1
1243,23,weighted,10,0.0995222929936305,0,0,None,66,1,5,False,1,1
1244,24,weighted,10,0.0995222929936305,0,0,None,66,1,5,False,1,1
1245,20,weighted,10,0.1572452229299363,0,7,None,66,1,5,False,1,1
1246,21,weighted,10,0.149781050955414,0,7,None,66,1,5,False,1,1
1247,22,weighted,10,0.1318670382165605,0,7,None,66,1,5,False,1,1
1248,23,weighted,10,0.1163415605095541,0,7,None,66,1,5,False,1,1
1249,24,weighted,10,0.1047969745222929,0,7,None,66,1,5,False,1,1
1250,20,weighted,10,0.0995222929936305,0,10,None,66,1,5,False,1,1
1251,21,weighted,10,0.0995222929936305,0,10,None,66,1,5,False,1,1
1252,22,weighted,10,0.0995222929936305,0,10,None,66,1,5,False,1,1
1253,23,weighted,10,0.0995222929936305,0,10,None,66,1,5,False,1,1
1254,24,weighted,10,0.0995222929936305,0,10,None,66,1,5,False,1,1
1255,20,weighted,10,0.0995222929936305,0,9,None,66,1,5,False,1,1
1256,21,weighted,10,0.0995222929936305,0,9,None,66,1,5,False,1,1
1257,22,weighted,10,0.0995222929936305,0,9,None,66,1,5,False,1,1
1258,23,weighted,10,0.0995222929936305,0,9,None,66,1,5,False,1,1
1259,24,weighted,10,0.0995222929936305,0,9,None,66,1,5,False,1,1
1260,20,weighted,10,0.0995222929936305,0,15,None,66,1,5,False,1,1
1261,21,weighted,10,0.0995222929936305,0,15,None,66,1,5,False,1,1
1262,22,weighted,10,0.0995222929936305,0,15,None,66,1,5,False,1,1
1263,23,weighted,10,0.0995222929936305,0,15,None,66,1,5,False,1,1
1264,24,weighted,10,0.0995222929936305,0,15,None,66,1,5,False,1,1
1265,20,weighted,10,0.0995222929936305,0,12,None,66,1,5,False,1,1
1266,21,weighted,10,0.0995222929936305,0,12,None,66,1,5,False,1,1
1267,22,weighted,10,0.0995222929936305,0,12,None,66,1,5,False,1,1
1268,23,weighted,10,0.0995222929936305,0,12,None,66,1,5,False,1,1
1269,24,weighted,10,0.0995222929936305,0,12,None,66,1,5,False,1,1
1270,20,weighted,10,0.0995222929936305,0,20,None,66,1,5,False,1,1
1271,21,weighted,10,0.0995222929936305,0,20,None,66,1,5,False,1,1
1272,22,weighted,10,0.0995222929936305,0,20,None,66,1,5,False,1,1
1273,23,weighted,10,0.0995222929936305,0,20,None,66,1,5,False,1,1
1274,24,weighted,10,0.0995222929936305,0,20,None,66,1,5,False,1,1
1275,20,weighted,10,0.0995222929936305,0,28,None,66,1,5,False,1,1
1276,21,weighted,10,0.0995222929936305,0,28,None,66,1,5,False,1,1
1277,22,weighted,10,0.0995222929936305,0,28,None,66,1,5,False,1,1
1278,23,weighted,10,0.0995222929936305,0,28,None,66,1,5,False,1,1
1279,24,weighted,10,0.0995222929936305,0,28,None,66,1,5,False,1,1
1280,20,weighted,10,0.101811305732484,0,11,None,66,1,5,False,1,1
1281,21,weighted,10,0.0995222929936305,0,11,None,66,1,5,False,1,1
1282,22,weighted,10,0.0995222929936305,0,11,None,66,1,5,False,1,1
1283,23,weighted,10,0.0995222929936305,0,11,None,66,1,5,False,1,1
1284,24,weighted,10,0.0995222929936305,0,11,None,66,1,5,False,1,1
1285,20,weighted,10,0.0995222929936305,0,17,None,66,1,5,False,1,1
1286,21,weighted,10,0.0995222929936305,0,17,None,66,1,5,False,1,1
1287,22,weighted,10,0.0995222929936305,0,17,None,66,1,5,False,1,1
1288,23,weighted,10,0.0995222929936305,0,17,None,66,1,5,False,1,1
1289,24,weighted,10,0.0995222929936305,0,17,None,66,1,5,False,1,1
1290,20,weighted,10,0.0995222929936305,0,24,None,66,1,5,False,1,1
1291,21,weighted,10,0.0995222929936305,0,24,None,66,1,5,False,1,1
1292,22,weighted,10,0.0995222929936305,0,24,None,66,1,5,False,1,1
1293,23,weighted,10,0.0995222929936305,0,24,None,66,1,5,False,1,1
1294,24,weighted,10,0.0995222929936305,0,24,None,66,1,5,False,1,1
1295,20,weighted,10,0.1041003184713375,0,8,None,66,1,5,False,1,1
1296,21,weighted,10,0.0995222929936305,0,8,None,66,1,5,False,1,1
1297,22,weighted,10,0.0995222929936305,0,8,None,66,1,5,False,1,1
1298,23,weighted,10,0.0996218152866242,0,8,None,66,1,5,False,1,1
1299,24,weighted,10,0.1005175159235668,0,8,None,66,1,5,False,1,1
1300,20,weighted,10,0.1184315286624203,0,3,None,66,1,5,False,1,1
1301,21,weighted,10,0.1269904458598726,0,3,None,66,1,5,False,1,1
1302,22,weighted,10,0.1080812101910828,0,3,None,66,1,5,False,1,1
1303,23,weighted,10,0.0995222929936305,0,3,None,66,1,5,False,1,1
1304,24,weighted,10,0.0995222929936305,0,3,None,66,1,5,False,1,1
1305,20,weighted,10,0.1565485668789809,0,18,None,66,1,5,False,1,1
1306,21,weighted,10,0.0995222929936305,0,18,None,66,1,5,False,1,1
1307,22,weighted,10,0.0995222929936305,0,18,None,66,1,5,False,1,1
1308,23,weighted,10,0.1036027070063694,0,18,None,66,1,5,False,1,1
1309,24,weighted,10,0.1397292993630573,0,18,None,66,1,5,False,1,1
1310,20,weighted,10,0.0995222929936305,0,31,None,66,1,5,False,1,1
1311,21,weighted,10,0.0995222929936305,0,31,None,66,1,5,False,1,1
1312,22,weighted,10,0.0995222929936305,0,31,None,66,1,5,False,1,1
1313,23,weighted,10,0.0995222929936305,0,31,None,66,1,5,False,1,1
1314,24,weighted,10,0.0995222929936305,0,31,None,66,1,5,False,1,1
1315,20,weighted,10,0.0996218152866242,0,19,None,66,1,5,False,1,1
1316,21,weighted,10,0.0996218152866242,0,19,None,66,1,5,False,1,1
1317,22,weighted,10,0.0998208598726114,0,19,None,66,1,5,False,1,1
1318,23,weighted,10,0.1005175159235668,0,19,None,66,1,5,False,1,1
1319,24,weighted,10,0.1035031847133758,0,19,None,66,1,5,False,1,1
2145,25,weighted,10,0.0996218152866242,0,1,None,66,1,5,False,1,1
2146,26,weighted,10,0.1106687898089172,0,1,None,66,1,5,False,1,1
2147,27,weighted,10,0.1352507961783439,0,1,None,66,1,5,False,1,1
2148,28,weighted,10,0.1539609872611465,0,1,None,66,1,5,False,1,1
2149,29,weighted,10,0.1798367834394904,0,1,None,66,1,5,False,1,1
2150,25,weighted,10,0.0998208598726114,0,2,None,66,1,5,False,1,1
2151,26,weighted,10,0.0995222929936305,0,2,None,66,1,5,False,1,1
2152,27,weighted,10,0.0995222929936305,0,2,None,66,1,5,False,1,1
2153,28,weighted,10,0.0995222929936305,0,2,None,66,1,5,False,1,1
2154,29,weighted,10,0.1180334394904458,0,2,None,66,1,5,False,1,1
2155,25,weighted,10,0.1049960191082802,0,13,None,66,1,5,False,1,1
2156,26,weighted,10,0.1021098726114649,0,13,None,66,1,5,False,1,1
2157,27,weighted,10,0.1003184713375796,0,13,None,66,1,5,False,1,1
2158,28,weighted,10,0.1115644904458598,0,13,None,66,1,5,False,1,1
2159,29,weighted,10,0.0996218152866242,0,13,None,66,1,5,False,1,1
2160,25,weighted,10,0.0995222929936305,0,15,None,66,1,5,False,1,1
2161,26,weighted,10,0.0995222929936305,0,15,None,66,1,5,False,1,1
2162,27,weighted,10,0.0995222929936305,0,15,None,66,1,5,False,1,1
2163,28,weighted,10,0.0995222929936305,0,15,None,66,1,5,False,1,1
2164,29,weighted,10,0.0995222929936305,0,15,None,66,1,5,False,1,1
2165,25,weighted,10,0.0995222929936305,0,10,None,66,1,5,False,1,1
2166,26,weighted,10,0.0995222929936305,0,10,None,66,1,5,False,1,1
2167,27,weighted,10,0.0995222929936305,0,10,None,66,1,5,False,1,1
2168,28,weighted,10,0.0995222929936305,0,10,None,66,1,5,False,1,1
2169,29,weighted,10,0.0995222929936305,0,10,None,66,1,5,False,1,1
2170,25,weighted,10,0.0995222929936305,0,16,None,66,1,5,False,1,1
2171,26,weighted,10,0.0995222929936305,0,16,None,66,1,5,False,1,1
2172,27,weighted,10,0.0995222929936305,0,16,None,66,1,5,False,1,1
2173,28,weighted,10,0.0995222929936305,0,16,None,66,1,5,False,1,1
2174,29,weighted,10,0.0995222929936305,0,16,None,66,1,5,False,1,1
2175,25,weighted,10,0.0999203821656051,0,11,None,66,1,5,False,1,1
2176,26,weighted,10,0.0995222929936305,0,11,None,66,1,5,False,1,1
2177,27,weighted,10,0.0995222929936305,0,11,None,66,1,5,False,1,1
2178,28,weighted,10,0.0995222929936305,0,11,None,66,1,5,False,1,1
2179,29,weighted,10,0.0995222929936305,0,11,None,66,1,5,False,1,1
2180,25,weighted,10,0.101811305732484,0,8,None,66,1,5,False,1,1
2181,26,weighted,10,0.1026074840764331,0,8,None,66,1,5,False,1,1
2182,27,weighted,10,0.1030055732484076,0,8,None,66,1,5,False,1,1
2183,28,weighted,10,0.1034036624203821,0,8,None,66,1,5,False,1,1
2184,29,weighted,10,0.1041998407643312,0,8,None,66,1,5,False,1,1
2185,25,weighted,10,0.0998208598726114,0,19,None,66,1,5,False,1,1
2186,26,weighted,10,0.1000199044585987,0,19,None,66,1,5,False,1,1
2187,27,weighted,10,0.1021098726114649,0,19,None,66,1,5,False,1,1
2188,28,weighted,10,0.1047969745222929,0,19,None,66,1,5,False,1,1
2189,29,weighted,10,0.1102707006369426,0,19,None,66,1,5,False,1,1
2190,25,weighted,10,0.0995222929936305,0,22,None,66,1,5,False,1,1
2191,26,weighted,10,0.0691679936305732,0,22,None,66,1,5,False,1,1
2192,27,weighted,10,0.0995222929936305,0,22,None,66,1,5,False,1,1
2193,28,weighted,10,0.0995222929936305,0,22,None,66,1,5,False,1,1
2194,29,weighted,10,0.0995222929936305,0,22,None,66,1,5,False,1,1
2195,25,weighted,10,0.0995222929936305,0,17,None,66,1,5,False,1,1
2196,26,weighted,10,0.0995222929936305,0,17,None,66,1,5,False,1,1
2197,27,weighted,10,0.0995222929936305,0,17,None,66,1,5,False,1,1
2198,28,weighted,10,0.0995222929936305,0,17,None,66,1,5,False,1,1
2199,29,weighted,10,0.0995222929936305,0,17,None,66,1,5,False,1,1
2200,25,weighted,10,0.2006369426751592,0,21,None,66,1,5,False,1,1
2201,26,weighted,10,0.143312101910828,0,21,None,66,1,5,False,1,1
2202,27,weighted,10,0.1098726114649681,0,21,None,66,1,5,False,1,1
2203,28,weighted,10,0.1028065286624203,0,21,None,66,1,5,False,1,1
2204,29,weighted,10,0.0969347133757961,0,21,None,66,1,5,False,1,1
2205,25,weighted,10,0.0995222929936305,0,25,None,66,1,5,False,1,1
2206,26,weighted,10,0.0995222929936305,0,25,None,66,1,5,False,1,1
2207,27,weighted,10,0.0994227707006369,0,25,None,66,1,5,False,1,1
2208,28,weighted,10,0.1004179936305732,0,25,None,66,1,5,False,1,1
2209,29,weighted,10,0.1021098726114649,0,25,None,66,1,5,False,1,1
2210,25,weighted,10,0.0995222929936305,0,24,None,66,1,5,False,1,1
2211,26,weighted,10,0.0995222929936305,0,24,None,66,1,5,False,1,1
2212,27,weighted,10,0.0995222929936305,0,24,None,66,1,5,False,1,1
2213,28,weighted,10,0.0987261146496815,0,24,None,66,1,5,False,1,1
2214,29,weighted,10,0.0974323248407643,0,24,None,66,1,5,False,1,1
2215,25,weighted,10,0.0995222929936305,0,28,None,66,1,5,False,1,1
2216,26,weighted,10,0.0995222929936305,0,28,None,66,1,5,False,1,1
2217,27,weighted,10,0.0995222929936305,0,28,None,66,1,5,False,1,1
2218,28,weighted,10,0.0999203821656051,0,28,None,66,1,5,False,1,1
2219,29,weighted,10,0.1065883757961783,0,28,None,66,1,5,False,1,1
2220,25,weighted,10,0.0995222929936305,0,29,None,66,1,5,False,1,1
2221,26,weighted,10,0.0995222929936305,0,29,None,66,1,5,False,1,1
2222,27,weighted,10,0.0995222929936305,0,29,None,66,1,5,False,1,1
2223,28,weighted,10,0.0995222929936305,0,29,None,66,1,5,False,1,1
2224,29,weighted,10,0.0995222929936305,0,29,None,66,1,5,False,1,1
2225,25,weighted,10,0.0995222929936305,0,9,None,66,1,5,False,1,1
2226,26,weighted,10,0.0995222929936305,0,9,None,66,1,5,False,1,1
2227,27,weighted,10,0.0995222929936305,0,9,None,66,1,5,False,1,1
2228,28,weighted,10,0.0995222929936305,0,9,None,66,1,5,False,1,1
2229,29,weighted,10,0.1013136942675159,0,9,None,66,1,5,False,1,1
2230,25,weighted,10,0.1759554140127388,0,18,None,66,1,5,False,1,1
2231,26,weighted,10,0.175358280254777,0,18,None,66,1,5,False,1,1
2232,27,weighted,10,0.1701831210191083,0,18,None,66,1,5,False,1,1
2233,28,weighted,10,0.1704816878980891,0,18,None,66,1,5,False,1,1
2234,29,weighted,10,0.1773487261146497,0,18,None,66,1,5,False,1,1
2235,25,weighted,10,0.0998208598726114,0,27,None,66,1,5,False,1,1
2236,26,weighted,10,0.1005175159235668,0,27,None,66,1,5,False,1,1
2237,27,weighted,10,0.1008160828025477,0,27,None,66,1,5,False,1,1
2238,28,weighted,10,0.101015127388535,0,27,None,66,1,5,False,1,1
2239,29,weighted,10,0.1123606687898089,0,27,None,66,1,5,False,1,1
2240,25,weighted,10,0.0995222929936305,0,31,None,66,1,5,False,1,1
2241,26,weighted,10,0.0995222929936305,0,31,None,66,1,5,False,1,1
2242,27,weighted,10,0.0995222929936305,0,31,None,66,1,5,False,1,1
2243,28,weighted,10,0.0995222929936305,0,31,None,66,1,5,False,1,1
2244,29,weighted,10,0.0995222929936305,0,31,None,66,1,5,False,1,1
2245,25,weighted,10,0.0996218152866242,0,32,None,66,1,5,False,1,1
2246,26,weighted,10,0.0996218152866242,0,32,None,66,1,5,False,1,1
2247,27,weighted,10,0.0999203821656051,0,32,None,66,1,5,False,1,1
2248,28,weighted,10,0.1011146496815286,0,32,None,66,1,5,False,1,1
2249,29,weighted,10,0.1038017515923566,0,32,None,66,1,5,False,1,1
2250,25,weighted,10,0.1121616242038216,0,5,None,66,1,5,False,1,1
2251,26,weighted,10,0.0995222929936305,0,5,None,66,1,5,False,1,1
2252,27,weighted,10,0.0995222929936305,0,5,None,66,1,5,False,1,1
2253,28,weighted,10,0.0995222929936305,0,5,None,66,1,5,False,1,1
2254,29,weighted,10,0.0995222929936305,0,5,None,66,1,5,False,1,1
2255,25,weighted,10,0.0995222929936305,0,6,None,66,1,5,False,1,1
2256,26,weighted,10,0.0995222929936305,0,6,None,66,1,5,False,1,1
2257,27,weighted,10,0.0995222929936305,0,6,None,66,1,5,False,1,1
2258,28,weighted,10,0.0995222929936305,0,6,None,66,1,5,False,1,1
2259,29,weighted,10,0.0995222929936305,0,6,None,66,1,5,False,1,1
2260,25,weighted,10,0.0999203821656051,0,7,None,66,1,5,False,1,1
2261,26,weighted,10,0.101015127388535,0,7,None,66,1,5,False,1,1
2262,27,weighted,10,0.1020103503184713,0,7,None,66,1,5,False,1,1
2263,28,weighted,10,0.1126592356687898,0,7,None,66,1,5,False,1,1
2264,29,weighted,10,0.1660031847133758,0,7,None,66,1,5,False,1,1
2265,25,weighted,10,0.0995222929936305,0,12,None,66,1,5,False,1,1
2266,26,weighted,10,0.0995222929936305,0,12,None,66,1,5,False,1,1
2267,27,weighted,10,0.0995222929936305,0,12,None,66,1,5,False,1,1
2268,28,weighted,10,0.0995222929936305,0,12,None,66,1,5,False,1,1
2269,29,weighted,10,0.0995222929936305,0,12,None,66,1,5,False,1,1
2270,25,weighted,10,0.0995222929936305,0,14,None,66,1,5,False,1,1
2271,26,weighted,10,0.0995222929936305,0,14,None,66,1,5,False,1,1
2272,27,weighted,10,0.1015127388535031,0,14,None,66,1,5,False,1,1
2273,28,weighted,10,0.1236066878980891,0,14,None,66,1,5,False,1,1
2274,29,weighted,10,0.1458001592356688,0,14,None,66,1,5,False,1,1
2275,25,weighted,10,0.1001194267515923,0,26,None,66,1,5,False,1,1
2276,26,weighted,10,0.0995222929936305,0,26,None,66,1,5,False,1,1
2277,27,weighted,10,0.0995222929936305,0,26,None,66,1,5,False,1,1
2278,28,weighted,10,0.0995222929936305,0,26,None,66,1,5,False,1,1
2279,29,weighted,10,0.0996218152866242,0,26,None,66,1,5,False,1,1
2280,25,weighted,10,0.0995222929936305,0,30,None,66,1,5,False,1,1
2281,26,weighted,10,0.0995222929936305,0,30,None,66,1,5,False,1,1
2282,27,weighted,10,0.0995222929936305,0,30,None,66,1,5,False,1,1
2283,28,weighted,10,0.0995222929936305,0,30,None,66,1,5,False,1,1
2284,29,weighted,10,0.0995222929936305,0,30,None,66,1,5,False,1,1
2285,25,weighted,10,0.0995222929936305,0,20,None,66,1,5,False,1,1
2286,26,weighted,10,0.0996218152866242,0,20,None,66,1,5,False,1,1
2287,27,weighted,10,0.1001194267515923,0,20,None,66,1,5,False,1,1
2288,28,weighted,10,0.1044984076433121,0,20,None,66,1,5,False,1,1
2289,29,weighted,10,0.1177348726114649,0,20,None,66,1,5,False,1,1
2290,25,weighted,10,0.1194267515923566,0,3,None,66,1,5,False,1,1
2291,26,weighted,10,0.0995222929936305,0,3,None,66,1,5,False,1,1
2292,27,weighted,10,0.0995222929936305,0,3,None,66,1,5,False,1,1
2293,28,weighted,10,0.0988256369426751,0,3,None,66,1,5,False,1,1
2294,29,weighted,10,0.096437101910828,0,3,None,66,1,5,False,1,1
2295,25,weighted,10,0.1817277070063694,0,0,None,66,1,5,False,1,1
2296,26,weighted,10,0.1883957006369426,0,0,None,66,1,5,False,1,1
2297,27,weighted,10,0.1825238853503184,0,0,None,66,1,5,False,1,1
2298,28,weighted,10,0.1743630573248407,0,0,None,66,1,5,False,1,1
2299,29,weighted,10,0.1676950636942675,0,0,None,66,1,5,False,1,1
2300,25,weighted,10,0.0995222929936305,0,4,None,66,1,5,False,1,1
2301,26,weighted,10,0.0995222929936305,0,4,None,66,1,5,False,1,1
2302,27,weighted,10,0.0995222929936305,0,4,None,66,1,5,False,1,1
2303,28,weighted,10,0.0995222929936305,0,4,None,66,1,5,False,1,1
2304,29,weighted,10,0.0995222929936305,0,4,None,66,1,5,False,1,1
2305,25,weighted,10,0.0995222929936305,0,23,None,66,1,5,False,1,1
2306,26,weighted,10,0.0995222929936305,0,23,None,66,1,5,False,1,1
2307,27,weighted,10,0.0995222929936305,0,23,None,66,1,5,False,1,1
2308,28,weighted,10,0.0995222929936305,0,23,None,66,1,5,False,1,1
2309,29,weighted,10,0.0995222929936305,0,23,None,66,1,5,False,1,1
2310,30,weighted,10,0.0995222929936305,0,17,None,66,1,5,False,1,1
2311,31,weighted,10,0.0995222929936305,0,17,None,66,1,5,False,1,1
2312,32,weighted,10,0.0995222929936305,0,17,None,66,1,5,False,1,1
2313,33,weighted,10,0.0995222929936305,0,17,None,66,1,5,False,1,1
2314,34,weighted,10,0.0995222929936305,0,17,None,66,1,5,False,1,1
2315,30,weighted,10,0.1393312101910828,0,18,None,66,1,5,False,1,1
2316,31,weighted,10,0.1541600318471337,0,18,None,66,1,5,False,1,1
2317,32,weighted,10,0.1731687898089172,0,18,None,66,1,5,False,1,1
2318,33,weighted,10,0.1822253184713375,0,18,None,66,1,5,False,1,1
2319,34,weighted,10,0.1844148089171974,0,18,None,66,1,5,False,1,1
2320,30,weighted,10,0.0996218152866242,0,25,None,66,1,5,False,1,1
2321,31,weighted,10,0.0993232484076433,0,25,None,66,1,5,False,1,1
2322,32,weighted,10,0.1014132165605095,0,25,None,66,1,5,False,1,1
2323,33,weighted,10,0.1030055732484076,0,25,None,66,1,5,False,1,1
2324,34,weighted,10,0.1067874203821656,0,25,None,66,1,5,False,1,1
2325,30,weighted,10,0.1019108280254777,0,19,None,66,1,5,False,1,1
2326,31,weighted,10,0.1047969745222929,0,19,None,66,1,5,False,1,1
2327,32,weighted,10,0.1116640127388535,0,19,None,66,1,5,False,1,1
2328,33,weighted,10,0.1204219745222929,0,19,None,66,1,5,False,1,1
2329,34,weighted,10,0.1288813694267516,0,19,None,66,1,5,False,1,1
2330,30,weighted,10,0.0995222929936305,0,24,None,66,1,5,False,1,1
2331,31,weighted,10,0.0989251592356687,0,24,None,66,1,5,False,1,1
2332,32,weighted,10,0.098328025477707,0,24,None,66,1,5,False,1,1
2333,33,weighted,10,0.0975318471337579,0,24,None,66,1,5,False,1,1
2334,34,weighted,10,0.0974323248407643,0,24,None,66,1,5,False,1,1
2335,30,weighted,10,0.0995222929936305,0,31,None,66,1,5,False,1,1
2336,31,weighted,10,0.0995222929936305,0,31,None,66,1,5,False,1,1
2337,32,weighted,10,0.0995222929936305,0,31,None,66,1,5,False,1,1
2338,33,weighted,10,0.0995222929936305,0,31,None,66,1,5,False,1,1
2339,34,weighted,10,0.0995222929936305,0,31,None,66,1,5,False,1,1
2340,30,weighted,10,0.1770501592356688,0,1,None,66,1,5,False,1,1
2341,31,weighted,10,0.1763535031847133,0,1,None,66,1,5,False,1,1
2342,32,weighted,10,0.1717754777070063,0,1,None,66,1,5,False,1,1
2343,33,weighted,10,0.1712778662420382,0,1,None,66,1,5,False,1,1
2344,34,weighted,10,0.171875,0,1,None,66,1,5,False,1,1
2345,30,weighted,10,0.1836186305732484,0,2,None,66,1,5,False,1,1
2346,31,weighted,10,0.181031050955414,0,2,None,66,1,5,False,1,1
2347,32,weighted,10,0.1800358280254777,0,2,None,66,1,5,False,1,1
2348,33,weighted,10,0.1758558917197452,0,2,None,66,1,5,False,1,1
2349,34,weighted,10,0.1770501592356688,0,2,None,66,1,5,False,1,1
2350,30,weighted,10,0.1086783439490445,0,13,None,66,1,5,False,1,1
2351,31,weighted,10,0.1211186305732484,0,13,None,66,1,5,False,1,1
2352,32,weighted,10,0.1044984076433121,0,13,None,66,1,5,False,1,1
2353,33,weighted,10,0.1073845541401273,0,13,None,66,1,5,False,1,1
2354,34,weighted,10,0.1194267515923566,0,13,None,66,1,5,False,1,1
2355,30,weighted,10,0.127687101910828,0,8,None,66,1,5,False,1,1
2356,31,weighted,10,0.0995222929936305,0,8,None,66,1,5,False,1,1
2357,32,weighted,10,0.0995222929936305,0,8,None,66,1,5,False,1,1
2358,33,weighted,10,0.0995222929936305,0,8,None,66,1,5,False,1,1
2359,34,weighted,10,0.0995222929936305,0,8,None,66,1,5,False,1,1
2360,30,weighted,10,0.0995222929936305,0,23,None,66,1,5,False,1,1
2361,31,weighted,10,0.0995222929936305,0,23,None,66,1,5,False,1,1
2362,32,weighted,10,0.0995222929936305,0,23,None,66,1,5,False,1,1
2363,33,weighted,10,0.0995222929936305,0,23,None,66,1,5,False,1,1
2364,34,weighted,10,0.1005175159235668,0,23,None,66,1,5,False,1,1
2365,30,weighted,10,0.1085788216560509,0,21,None,66,1,5,False,1,1
2366,31,weighted,10,0.103702229299363,0,21,None,66,1,5,False,1,1
2367,32,weighted,10,0.0994227707006369,0,21,None,66,1,5,False,1,1
2368,33,weighted,10,0.1002189490445859,0,21,None,66,1,5,False,1,1
2369,34,weighted,10,0.1190286624203821,0,21,None,66,1,5,False,1,1
2370,30,weighted,10,0.0999203821656051,0,28,None,66,1,5,False,1,1
2371,31,weighted,10,0.1012141719745222,0,28,None,66,1,5,False,1,1
2372,32,weighted,10,0.1142515923566879,0,28,None,66,1,5,False,1,1
2373,33,weighted,10,0.1334593949044586,0,28,None,66,1,5,False,1,1
2374,34,weighted,10,0.1521695859872611,0,28,None,66,1,5,False,1,1
2375,30,weighted,10,0.1531648089171974,0,5,None,66,1,5,False,1,1
2376,31,weighted,10,0.0995222929936305,0,5,None,66,1,5,False,1,1
2377,32,weighted,10,0.0995222929936305,0,5,None,66,1,5,False,1,1
2378,33,weighted,10,0.0995222929936305,0,5,None,66,1,5,False,1,1
2379,34,weighted,10,0.0995222929936305,0,5,None,66,1,5,False,1,1
2380,30,weighted,10,0.0996218152866242,0,26,None,66,1,5,False,1,1
2381,31,weighted,10,0.1000199044585987,0,26,None,66,1,5,False,1,1
2382,32,weighted,10,0.1003184713375796,0,26,None,66,1,5,False,1,1
2383,33,weighted,10,0.1021098726114649,0,26,None,66,1,5,False,1,1
2384,34,weighted,10,0.1046974522292993,0,26,None,66,1,5,False,1,1
2385,30,weighted,10,0.0995222929936305,0,12,None,66,1,5,False,1,1
2386,31,weighted,10,0.0995222929936305,0,12,None,66,1,5,False,1,1
2387,32,weighted,10,0.0995222929936305,0,12,None,66,1,5,False,1,1
2388,33,weighted,10,0.0995222929936305,0,12,None,66,1,5,False,1,1
2389,34,weighted,10,0.0995222929936305,0,12,None,66,1,5,False,1,1
2390,30,weighted,10,0.0995222929936305,0,10,None,66,1,5,False,1,1
2391,31,weighted,10,0.0995222929936305,0,10,None,66,1,5,False,1,1
2392,32,weighted,10,0.0995222929936305,0,10,None,66,1,5,False,1,1
2393,33,weighted,10,0.0994227707006369,0,10,None,66,1,5,False,1,1
2394,34,weighted,10,0.1194267515923566,0,10,None,66,1,5,False,1,1
2395,30,weighted,10,0.0995222929936305,0,11,None,66,1,5,False,1,1
2396,31,weighted,10,0.0995222929936305,0,11,None,66,1,5,False,1,1
2397,32,weighted,10,0.0995222929936305,0,11,None,66,1,5,False,1,1
2398,33,weighted,10,0.0995222929936305,0,11,None,66,1,5,False,1,1
2399,34,weighted,10,0.0997213375796178,0,11,None,66,1,5,False,1,1
2400,30,weighted,10,0.0995222929936305,0,15,None,66,1,5,False,1,1
2401,31,weighted,10,0.0995222929936305,0,15,None,66,1,5,False,1,1
2402,32,weighted,10,0.0995222929936305,0,15,None,66,1,5,False,1,1
2403,33,weighted,10,0.0995222929936305,0,15,None,66,1,5,False,1,1
2404,34,weighted,10,0.0994227707006369,0,15,None,66,1,5,False,1,1
2405,30,weighted,10,0.1012141719745222,0,20,None,66,1,5,False,1,1
2406,31,weighted,10,0.1198248407643312,0,20,None,66,1,5,False,1,1
2407,32,weighted,10,0.1592356687898089,0,20,None,66,1,5,False,1,1
2408,33,weighted,10,0.1825238853503184,0,20,None,66,1,5,False,1,1
2409,34,weighted,10,0.1923765923566879,0,20,None,66,1,5,False,1,1
2410,30,weighted,10,0.1028065286624203,0,14,None,66,1,5,False,1,1
2411,31,weighted,10,0.1249004777070063,0,14,None,66,1,5,False,1,1
2412,32,weighted,10,0.1488853503184713,0,14,None,66,1,5,False,1,1
2413,33,weighted,10,0.1645103503184713,0,14,None,66,1,5,False,1,1
2414,34,weighted,10,0.1733678343949044,0,14,None,66,1,5,False,1,1
2415,30,weighted,10,0.0995222929936305,0,22,None,66,1,5,False,1,1
2416,31,weighted,10,0.0995222929936305,0,22,None,66,1,5,False,1,1
2417,32,weighted,10,0.0995222929936305,0,22,None,66,1,5,False,1,1
2418,33,weighted,10,0.0996218152866242,0,22,None,66,1,5,False,1,1
2419,34,weighted,10,0.0998208598726114,0,22,None,66,1,5,False,1,1
2420,30,weighted,10,0.0995222929936305,0,30,None,66,1,5,False,1,1
2421,31,weighted,10,0.0995222929936305,0,30,None,66,1,5,False,1,1
2422,32,weighted,10,0.0995222929936305,0,30,None,66,1,5,False,1,1
2423,33,weighted,10,0.0995222929936305,0,30,None,66,1,5,False,1,1
2424,34,weighted,10,0.0996218152866242,0,30,None,66,1,5,False,1,1
2425,30,weighted,10,0.0996218152866242,0,27,None,66,1,5,False,1,1
2426,31,weighted,10,0.0999203821656051,0,27,None,66,1,5,False,1,1
2427,32,weighted,10,0.1124601910828025,0,27,None,66,1,5,False,1,1
2428,33,weighted,10,0.1069864649681528,0,27,None,66,1,5,False,1,1
2429,34,weighted,10,0.1155453821656051,0,27,None,66,1,5,False,1,1
2430,30,weighted,10,0.1015127388535031,0,9,None,66,1,5,False,1,1
2431,31,weighted,10,0.1070859872611465,0,9,None,66,1,5,False,1,1
2432,32,weighted,10,0.1234076433121019,0,9,None,66,1,5,False,1,1
2433,33,weighted,10,0.1397292993630573,0,9,None,66,1,5,False,1,1
2434,34,weighted,10,0.1541600318471337,0,9,None,66,1,5,False,1,1
2435,30,weighted,10,0.0995222929936305,0,29,None,66,1,5,False,1,1
2436,31,weighted,10,0.0995222929936305,0,29,None,66,1,5,False,1,1
2437,32,weighted,10,0.0995222929936305,0,29,None,66,1,5,False,1,1
2438,33,weighted,10,0.0995222929936305,0,29,None,66,1,5,False,1,1
2439,34,weighted,10,0.0995222929936305,0,29,None,66,1,5,False,1,1
2440,30,weighted,10,0.1807324840764331,0,0,None,66,1,5,False,1,1
2441,31,weighted,10,0.1925756369426751,0,0,None,66,1,5,False,1,1
2442,32,weighted,10,0.1926751592356688,0,0,None,66,1,5,False,1,1
2443,33,weighted,10,0.1915804140127388,0,0,None,66,1,5,False,1,1
2444,34,weighted,10,0.1907842356687898,0,0,None,66,1,5,False,1,1
2445,30,weighted,10,0.0995222929936305,0,6,None,66,1,5,False,1,1
2446,31,weighted,10,0.0995222929936305,0,6,None,66,1,5,False,1,1
2447,32,weighted,10,0.0995222929936305,0,6,None,66,1,5,False,1,1
2448,33,weighted,10,0.0995222929936305,0,6,None,66,1,5,False,1,1
2449,34,weighted,10,0.0995222929936305,0,6,None,66,1,5,False,1,1
2450,30,weighted,10,0.0995222929936305,0,16,None,66,1,5,False,1,1
2451,31,weighted,10,0.0995222929936305,0,16,None,66,1,5,False,1,1
2452,32,weighted,10,0.0995222929936305,0,16,None,66,1,5,False,1,1
2453,33,weighted,10,0.0995222929936305,0,16,None,66,1,5,False,1,1
2454,34,weighted,10,0.0996218152866242,0,16,None,66,1,5,False,1,1
2455,30,weighted,10,0.1024084394904458,0,3,None,66,1,5,False,1,1
2456,31,weighted,10,0.1238057324840764,0,3,None,66,1,5,False,1,1
2457,32,weighted,10,0.0954418789808917,0,3,None,66,1,5,False,1,1
2458,33,weighted,10,0.0962380573248407,0,3,None,66,1,5,False,1,1
2459,34,weighted,10,0.1050955414012738,0,3,None,66,1,5,False,1,1
2460,30,weighted,10,0.1043988853503184,0,7,None,66,1,5,False,1,1
2461,31,weighted,10,0.1048964968152866,0,7,None,66,1,5,False,1,1
2462,32,weighted,10,0.1209195859872611,0,7,None,66,1,5,False,1,1
2463,33,weighted,10,0.1499800955414012,0,7,None,66,1,5,False,1,1
2464,34,weighted,10,0.1701831210191083,0,7,None,66,1,5,False,1,1
2465,30,weighted,10,0.1002189490445859,0,32,None,66,1,5,False,1,1
2466,31,weighted,10,0.1022093949044586,0,32,None,66,1,5,False,1,1
2467,32,weighted,10,0.1058917197452229,0,32,None,66,1,5,False,1,1
2468,33,weighted,10,0.1137539808917197,0,32,None,66,1,5,False,1,1
2469,34,weighted,10,0.1256966560509554,0,32,None,66,1,5,False,1,1
2470,30,weighted,10,0.0995222929936305,0,4,None,66,1,5,False,1,1
2471,31,weighted,10,0.0995222929936305,0,4,None,66,1,5,False,1,1
2472,32,weighted,10,0.0995222929936305,0,4,None,66,1,5,False,1,1
2473,33,weighted,10,0.0995222929936305,0,4,None,66,1,5,False,1,1
2474,34,weighted,10,0.0995222929936305,0,4,None,66,1,5,False,1,1
3630,35,weighted,10,0.1420183121019108,0,5,None,66,1,5,False,1,1
3631,36,weighted,10,0.1442078025477707,0,5,None,66,1,5,False,1,1
3632,37,weighted,10,0.1262937898089172,0,5,None,66,1,5,False,1,1
3633,38,weighted,10,0.1223128980891719,0,5,None,66,1,5,False,1,1
3634,39,weighted,10,0.1200238853503184,0,5,None,66,1,5,False,1,1
3635,35,weighted,10,0.1732683121019108,0,13,None,66,1,5,False,1,1
3636,36,weighted,10,0.168093152866242,0,13,None,66,1,5,False,1,1
3637,37,weighted,10,0.1813296178343949,0,13,None,66,1,5,False,1,1
3638,38,weighted,10,0.1913813694267516,0,13,None,66,1,5,False,1,1
3639,39,weighted,10,0.1956608280254777,0,13,None,66,1,5,False,1,1
3640,35,weighted,10,0.1111664012738853,0,15,None,66,1,5,False,1,1
3641,36,weighted,10,0.1789410828025477,0,15,None,66,1,5,False,1,1
3642,37,weighted,10,0.1960589171974522,0,15,None,66,1,5,False,1,1
3643,38,weighted,10,0.1981488853503184,0,15,None,66,1,5,False,1,1
3644,39,weighted,10,0.1984474522292993,0,15,None,66,1,5,False,1,1
3645,35,weighted,10,0.1042993630573248,0,10,None,66,1,5,False,1,1
3646,36,weighted,10,0.1418192675159235,0,10,None,66,1,5,False,1,1
3647,37,weighted,10,0.1425159235668789,0,10,None,66,1,5,False,1,1
3648,38,weighted,10,0.1624203821656051,0,10,None,66,1,5,False,1,1
3649,39,weighted,10,0.172671178343949,0,10,None,66,1,5,False,1,1
3650,35,weighted,10,0.1807324840764331,0,20,None,66,1,5,False,1,1
3651,36,weighted,10,0.1932722929936305,0,20,None,66,1,5,False,1,1
3652,37,weighted,10,0.1965565286624203,0,20,None,66,1,5,False,1,1
3653,38,weighted,10,0.1982484076433121,0,20,None,66,1,5,False,1,1
3654,39,weighted,10,0.198546974522293,0,20,None,66,1,5,False,1,1
3655,35,weighted,10,0.1078821656050955,0,19,None,66,1,5,False,1,1
3656,36,weighted,10,0.1245023885350318,0,19,None,66,1,5,False,1,1
3657,37,weighted,10,0.1402269108280254,0,19,None,66,1,5,False,1,1
3658,38,weighted,10,0.1514729299363057,0,19,None,66,1,5,False,1,1
3659,39,weighted,10,0.1596337579617834,0,19,None,66,1,5,False,1,1
3660,35,weighted,10,0.101811305732484,0,22,None,66,1,5,False,1,1
3661,36,weighted,10,0.105593152866242,0,22,None,66,1,5,False,1,1
3662,37,weighted,10,0.125,0,22,None,66,1,5,False,1,1
3663,38,weighted,10,0.1640127388535031,0,22,None,66,1,5,False,1,1
3664,39,weighted,10,0.1855095541401273,0,22,None,66,1,5,False,1,1
3665,35,weighted,10,0.1320660828025477,0,14,None,66,1,5,False,1,1
3666,36,weighted,10,0.1558519108280254,0,14,None,66,1,5,False,1,1
3667,37,weighted,10,0.1742635350318471,0,14,None,66,1,5,False,1,1
3668,38,weighted,10,0.1821257961783439,0,14,None,66,1,5,False,1,1
3669,39,weighted,10,0.18640525477707,0,14,None,66,1,5,False,1,1
3670,35,weighted,10,0.1008160828025477,0,23,None,66,1,5,False,1,1
3671,36,weighted,10,0.1064888535031847,0,23,None,66,1,5,False,1,1
3672,37,weighted,10,0.1498805732484076,0,23,None,66,1,5,False,1,1
3673,38,weighted,10,0.1931727707006369,0,23,None,66,1,5,False,1,1
3674,39,weighted,10,0.1984474522292993,0,23,None,66,1,5,False,1,1
3675,35,weighted,10,0.1286823248407643,0,21,None,66,1,5,False,1,1
3676,36,weighted,10,0.1164410828025477,0,21,None,66,1,5,False,1,1
3677,37,weighted,10,0.1333598726114649,0,21,None,66,1,5,False,1,1
3678,38,weighted,10,0.1607285031847133,0,21,None,66,1,5,False,1,1
3679,39,weighted,10,0.1926751592356688,0,21,None,66,1,5,False,1,1
3680,35,weighted,10,0.1215167197452229,0,25,None,66,1,5,False,1,1
3681,36,weighted,10,0.12390525477707,0,25,None,66,1,5,False,1,1
3682,37,weighted,10,0.1307722929936305,0,25,None,66,1,5,False,1,1
3683,38,weighted,10,0.1398288216560509,0,25,None,66,1,5,False,1,1
3684,39,weighted,10,0.1506767515923567,0,25,None,66,1,5,False,1,1
3685,35,weighted,10,0.1016122611464968,0,26,None,66,1,5,False,1,1
3686,36,weighted,10,0.1046974522292993,0,26,None,66,1,5,False,1,1
3687,37,weighted,10,0.1121616242038216,0,26,None,66,1,5,False,1,1
3688,38,weighted,10,0.1275875796178344,0,26,None,66,1,5,False,1,1
3689,39,weighted,10,0.1462977707006369,0,26,None,66,1,5,False,1,1
3690,35,weighted,10,0.0996218152866242,0,12,None,66,1,5,False,1,1
3691,36,weighted,10,0.0996218152866242,0,12,None,66,1,5,False,1,1
3692,37,weighted,10,0.0997213375796178,0,12,None,66,1,5,False,1,1
3693,38,weighted,10,0.1021098726114649,0,12,None,66,1,5,False,1,1
3694,39,weighted,10,0.1165406050955414,0,12,None,66,1,5,False,1,1
3695,35,weighted,10,0.107484076433121,0,28,None,66,1,5,False,1,1
3696,36,weighted,10,0.1371417197452229,0,28,None,66,1,5,False,1,1
3697,37,weighted,10,0.157046178343949,0,28,None,66,1,5,False,1,1
3698,38,weighted,10,0.1704816878980891,0,28,None,66,1,5,False,1,1
3699,39,weighted,10,0.179936305732484,0,28,None,66,1,5,False,1,1
3700,35,weighted,10,0.0996218152866242,0,29,None,66,1,5,False,1,1
3701,36,weighted,10,0.0995222929936305,0,29,None,66,1,5,False,1,1
3702,37,weighted,10,0.0996218152866242,0,29,None,66,1,5,False,1,1
3703,38,weighted,10,0.0996218152866242,0,29,None,66,1,5,False,1,1
3704,39,weighted,10,0.0998208598726114,0,29,None,66,1,5,False,1,1
3705,35,weighted,10,0.1170382165605095,0,9,None,66,1,5,False,1,1
3706,36,weighted,10,0.1380374203821656,0,9,None,66,1,5,False,1,1
3707,37,weighted,10,0.1561504777070063,0,9,None,66,1,5,False,1,1
3708,38,weighted,10,0.1713773885350318,0,9,None,66,1,5,False,1,1
3709,39,weighted,10,0.1788415605095541,0,9,None,66,1,5,False,1,1
3710,35,weighted,10,0.0996218152866242,0,30,None,66,1,5,False,1,1
3711,36,weighted,10,0.0996218152866242,0,30,None,66,1,5,False,1,1
3712,37,weighted,10,0.0997213375796178,0,30,None,66,1,5,False,1,1
3713,38,weighted,10,0.1005175159235668,0,30,None,66,1,5,False,1,1
3714,39,weighted,10,0.1019108280254777,0,30,None,66,1,5,False,1,1
3715,35,weighted,10,0.0996218152866242,0,6,None,66,1,5,False,1,1
3716,36,weighted,10,0.0996218152866242,0,6,None,66,1,5,False,1,1
3717,37,weighted,10,0.0996218152866242,0,6,None,66,1,5,False,1,1
3718,38,weighted,10,0.0996218152866242,0,6,None,66,1,5,False,1,1
3719,39,weighted,10,0.0996218152866242,0,6,None,66,1,5,False,1,1
3720,35,weighted,10,0.1103702229299363,0,27,None,66,1,5,False,1,1
3721,36,weighted,10,0.1097730891719745,0,27,None,66,1,5,False,1,1
3722,37,weighted,10,0.1121616242038216,0,27,None,66,1,5,False,1,1
3723,38,weighted,10,0.1457006369426751,0,27,None,66,1,5,False,1,1
3724,39,weighted,10,0.1547571656050955,0,27,None,66,1,5,False,1,1
3725,35,weighted,10,0.1487858280254777,0,18,None,66,1,5,False,1,1
3726,36,weighted,10,0.1692874203821656,0,18,None,66,1,5,False,1,1
3727,37,weighted,10,0.1833200636942675,0,18,None,66,1,5,False,1,1
3728,38,weighted,10,0.1860071656050955,0,18,None,66,1,5,False,1,1
3729,39,weighted,10,0.1869028662420382,0,18,None,66,1,5,False,1,1
3730,35,weighted,10,0.0995222929936305,0,31,None,66,1,5,False,1,1
3731,36,weighted,10,0.0995222929936305,0,31,None,66,1,5,False,1,1
3732,37,weighted,10,0.0995222929936305,0,31,None,66,1,5,False,1,1
3733,38,weighted,10,0.0995222929936305,0,31,None,66,1,5,False,1,1
3734,39,weighted,10,0.0996218152866242,0,31,None,66,1,5,False,1,1
3735,35,weighted,10,0.10828025477707,0,32,None,66,1,5,False,1,1
3736,36,weighted,10,0.1266918789808917,0,32,None,66,1,5,False,1,1
3737,37,weighted,10,0.1487858280254777,0,32,None,66,1,5,False,1,1
3738,38,weighted,10,0.1670979299363057,0,32,None,66,1,5,False,1,1
3739,39,weighted,10,0.1804339171974522,0,32,None,66,1,5,False,1,1
3740,35,weighted,10,0.175358280254777,0,1,None,66,1,5,False,1,1
3741,36,weighted,10,0.1781449044585987,0,1,None,66,1,5,False,1,1
3742,37,weighted,10,0.1794386942675159,0,1,None,66,1,5,False,1,1
3743,38,weighted,10,0.1830214968152866,0,1,None,66,1,5,False,1,1
3744,39,weighted,10,0.1863057324840764,0,1,None,66,1,5,False,1,1
3745,35,weighted,10,0.0996218152866242,0,4,None,66,1,5,False,1,1
3746,36,weighted,10,0.0996218152866242,0,4,None,66,1,5,False,1,1
3747,37,weighted,10,0.0997213375796178,0,4,None,66,1,5,False,1,1
3748,38,weighted,10,0.1007165605095541,0,4,None,66,1,5,False,1,1
3749,39,weighted,10,0.1024084394904458,0,4,None,66,1,5,False,1,1
3750,35,weighted,10,0.1898885350318471,0,2,None,66,1,5,False,1,1
3751,36,weighted,10,0.1874004777070063,0,2,None,66,1,5,False,1,1
3752,37,weighted,10,0.1878980891719745,0,2,None,66,1,5,False,1,1
3753,38,weighted,10,0.1913813694267516,0,2,None,66,1,5,False,1,1
3754,39,weighted,10,0.1999402866242038,0,2,None,66,1,5,False,1,1
3755,35,weighted,10,0.1929737261146497,0,0,None,66,1,5,False,1,1
3756,36,weighted,10,0.1956608280254777,0,0,None,66,1,5,False,1,1
3757,37,weighted,10,0.1960589171974522,0,0,None,66,1,5,False,1,1
3758,38,weighted,10,0.1959593949044586,0,0,None,66,1,5,False,1,1
3759,39,weighted,10,0.1959593949044586,0,0,None,66,1,5,False,1,1
3760,35,weighted,10,0.0996218152866242,0,8,None,66,1,5,False,1,1
3761,36,weighted,10,0.0996218152866242,0,8,None,66,1,5,False,1,1
3762,37,weighted,10,0.0995222929936305,0,8,None,66,1,5,False,1,1
3763,38,weighted,10,0.0995222929936305,0,8,None,66,1,5,False,1,1
3764,39,weighted,10,0.0995222929936305,0,8,None,66,1,5,False,1,1
3765,35,weighted,10,0.15515525477707,0,7,None,66,1,5,False,1,1
3766,36,weighted,10,0.1539609872611465,0,7,None,66,1,5,False,1,1
3767,37,weighted,10,0.1729697452229299,0,7,None,66,1,5,False,1,1
3768,38,weighted,10,0.1892914012738853,0,7,None,66,1,5,False,1,1
3769,39,weighted,10,0.2016321656050955,0,7,None,66,1,5,False,1,1
3770,35,weighted,10,0.0997213375796178,0,16,None,66,1,5,False,1,1
3771,36,weighted,10,0.0997213375796178,0,16,None,66,1,5,False,1,1
3772,37,weighted,10,0.0997213375796178,0,16,None,66,1,5,False,1,1
3773,38,weighted,10,0.0998208598726114,0,16,None,66,1,5,False,1,1
3774,39,weighted,10,0.0999203821656051,0,16,None,66,1,5,False,1,1
3775,35,weighted,10,0.1000199044585987,0,11,None,66,1,5,False,1,1
3776,36,weighted,10,0.1351512738853503,0,11,None,66,1,5,False,1,1
3777,37,weighted,10,0.1898885350318471,0,11,None,66,1,5,False,1,1
3778,38,weighted,10,0.1976512738853503,0,11,None,66,1,5,False,1,1
3779,39,weighted,10,0.198546974522293,0,11,None,66,1,5,False,1,1
3780,35,weighted,10,0.0995222929936305,0,17,None,66,1,5,False,1,1
3781,36,weighted,10,0.0996218152866242,0,17,None,66,1,5,False,1,1
3782,37,weighted,10,0.1011146496815286,0,17,None,66,1,5,False,1,1
3783,38,weighted,10,0.1134554140127388,0,17,None,66,1,5,False,1,1
3784,39,weighted,10,0.1300756369426751,0,17,None,66,1,5,False,1,1
3785,35,weighted,10,0.0995222929936305,0,24,None,66,1,5,False,1,1
3786,36,weighted,10,0.0993232484076433,0,24,None,66,1,5,False,1,1
3787,37,weighted,10,0.0987261146496815,0,24,None,66,1,5,False,1,1
3788,38,weighted,10,0.0993232484076433,0,24,None,66,1,5,False,1,1
3789,39,weighted,10,0.1005175159235668,0,24,None,66,1,5,False,1,1
3790,35,weighted,10,0.1112659235668789,0,3,None,66,1,5,False,1,1
3791,36,weighted,10,0.1229100318471337,0,3,None,66,1,5,False,1,1
3792,37,weighted,10,0.1456011146496815,0,3,None,66,1,5,False,1,1
3793,38,weighted,10,0.1788415605095541,0,3,None,66,1,5,False,1,1
3794,39,weighted,10,0.2142714968152866,0,3,None,66,1,5,False,1,1
3795,40,weighted,10,0.1817277070063694,0,7,None,66,1,5,False,1,1
3796,41,weighted,10,0.1953622611464968,0,7,None,66,1,5,False,1,1
3797,42,weighted,10,0.2101910828025477,0,7,None,66,1,5,False,1,1
3798,43,weighted,10,0.2198447452229299,0,7,None,66,1,5,False,1,1
3799,44,weighted,10,0.226015127388535,0,7,None,66,1,5,False,1,1
3800,40,weighted,10,0.1005175159235668,0,16,None,66,1,5,False,1,1
3801,41,weighted,10,0.1009156050955414,0,16,None,66,1,5,False,1,1
3802,42,weighted,10,0.1014132165605095,0,16,None,66,1,5,False,1,1
3803,43,weighted,10,0.1022093949044586,0,16,None,66,1,5,False,1,1
3804,44,weighted,10,0.1032046178343949,0,16,None,66,1,5,False,1,1
3805,40,weighted,10,0.2018312101910828,0,1,None,66,1,5,False,1,1
3806,41,weighted,10,0.1873009554140127,0,1,None,66,1,5,False,1,1
3807,42,weighted,10,0.1893909235668789,0,1,None,66,1,5,False,1,1
3808,43,weighted,10,0.190983280254777,0,1,None,66,1,5,False,1,1
3809,44,weighted,10,0.1925756369426751,0,1,None,66,1,5,False,1,1
3810,40,weighted,10,0.1961584394904458,0,2,None,66,1,5,False,1,1
3811,41,weighted,10,0.1969546178343949,0,2,None,66,1,5,False,1,1
3812,42,weighted,10,0.1975517515923567,0,2,None,66,1,5,False,1,1
3813,43,weighted,10,0.2001393312101911,0,2,None,66,1,5,False,1,1
3814,44,weighted,10,0.2072054140127388,0,2,None,66,1,5,False,1,1
3815,40,weighted,10,0.159733280254777,0,21,None,66,1,5,False,1,1
3816,41,weighted,10,0.1710788216560509,0,21,None,66,1,5,False,1,1
3817,42,weighted,10,0.1896894904458598,0,21,None,66,1,5,False,1,1
3818,43,weighted,10,0.2048168789808917,0,21,None,66,1,5,False,1,1
3819,44,weighted,10,0.2180533439490445,0,21,None,66,1,5,False,1,1
3820,40,weighted,10,0.133061305732484,0,5,None,66,1,5,False,1,1
3821,41,weighted,10,0.1477906050955414,0,5,None,66,1,5,False,1,1
3822,42,weighted,10,0.1525676751592356,0,5,None,66,1,5,False,1,1
3823,43,weighted,10,0.1535628980891719,0,5,None,66,1,5,False,1,1
3824,44,weighted,10,0.1544585987261146,0,5,None,66,1,5,False,1,1
3825,40,weighted,10,0.1481886942675159,0,22,None,66,1,5,False,1,1
3826,41,weighted,10,0.190187101910828,0,22,None,66,1,5,False,1,1
3827,42,weighted,10,0.195561305732484,0,22,None,66,1,5,False,1,1
3828,43,weighted,10,0.1975517515923567,0,22,None,66,1,5,False,1,1
3829,44,weighted,10,0.1984474522292993,0,22,None,66,1,5,False,1,1
3830,40,weighted,10,0.1888933121019108,0,23,None,66,1,5,False,1,1
3831,41,weighted,10,0.1970541401273885,0,23,None,66,1,5,False,1,1
3832,42,weighted,10,0.1987460191082802,0,23,None,66,1,5,False,1,1
3833,43,weighted,10,0.1989450636942675,0,23,None,66,1,5,False,1,1
3834,44,weighted,10,0.1990445859872611,0,23,None,66,1,5,False,1,1
3835,40,weighted,10,0.1679936305732484,0,32,None,66,1,5,False,1,1
3836,41,weighted,10,0.1806329617834395,0,32,None,66,1,5,False,1,1
3837,42,weighted,10,0.1868033439490445,0,32,None,66,1,5,False,1,1
3838,43,weighted,10,0.192078025477707,0,32,None,66,1,5,False,1,1
3839,44,weighted,10,0.1954617834394904,0,32,None,66,1,5,False,1,1
3840,40,weighted,10,0.1723726114649681,0,14,None,66,1,5,False,1,1
3841,41,weighted,10,0.1824243630573248,0,14,None,66,1,5,False,1,1
3842,42,weighted,10,0.1883957006369426,0,14,None,66,1,5,False,1,1
3843,43,weighted,10,0.1910828025477707,0,14,None,66,1,5,False,1,1
3844,44,weighted,10,0.1929737261146497,0,14,None,66,1,5,False,1,1
3845,40,weighted,10,0.1297770700636942,0,29,None,66,1,5,False,1,1
3846,41,weighted,10,0.1049960191082802,0,29,None,66,1,5,False,1,1
3847,42,weighted,10,0.1046974522292993,0,29,None,66,1,5,False,1,1
3848,43,weighted,10,0.1086783439490445,0,29,None,66,1,5,False,1,1
3849,44,weighted,10,0.1133558917197452,0,29,None,66,1,5,False,1,1
3850,40,weighted,10,0.1689888535031847,0,9,None,66,1,5,False,1,1
3851,41,weighted,10,0.1778463375796178,0,9,None,66,1,5,False,1,1
3852,42,weighted,10,0.1842157643312102,0,9,None,66,1,5,False,1,1
3853,43,weighted,10,0.1890923566878981,0,9,None,66,1,5,False,1,1
3854,44,weighted,10,0.1916799363057325,0,9,None,66,1,5,False,1,1
3855,40,weighted,10,0.1969546178343949,0,13,None,66,1,5,False,1,1
3856,41,weighted,10,0.197452229299363,0,13,None,66,1,5,False,1,1
3857,42,weighted,10,0.1984474522292993,0,13,None,66,1,5,False,1,1
3858,43,weighted,10,0.1986464968152866,0,13,None,66,1,5,False,1,1
3859,44,weighted,10,0.1988455414012739,0,13,None,66,1,5,False,1,1
3860,40,weighted,10,0.1653065286624203,0,25,None,66,1,5,False,1,1
3861,41,weighted,10,0.1739649681528662,0,25,None,66,1,5,False,1,1
3862,42,weighted,10,0.1845143312101911,0,25,None,66,1,5,False,1,1
3863,43,weighted,10,0.1963574840764331,0,25,None,66,1,5,False,1,1
3864,44,weighted,10,0.2054140127388535,0,25,None,66,1,5,False,1,1
3865,40,weighted,10,0.1973527070063694,0,20,None,66,1,5,False,1,1
3866,41,weighted,10,0.1984474522292993,0,20,None,66,1,5,False,1,1
3867,42,weighted,10,0.1987460191082802,0,20,None,66,1,5,False,1,1
3868,43,weighted,10,0.1989450636942675,0,20,None,66,1,5,False,1,1
3869,44,weighted,10,0.1989450636942675,0,20,None,66,1,5,False,1,1
3870,40,weighted,10,0.1298765923566879,0,4,None,66,1,5,False,1,1
3871,41,weighted,10,0.1378383757961783,0,4,None,66,1,5,False,1,1
3872,42,weighted,10,0.1546576433121019,0,4,None,66,1,5,False,1,1
3873,43,weighted,10,0.1691878980891719,0,4,None,66,1,5,False,1,1
3874,44,weighted,10,0.1808320063694267,0,4,None,66,1,5,False,1,1
3875,40,weighted,10,0.1879976114649681,0,28,None,66,1,5,False,1,1
3876,41,weighted,10,0.1754578025477707,0,28,None,66,1,5,False,1,1
3877,42,weighted,10,0.1820262738853503,0,28,None,66,1,5,False,1,1
3878,43,weighted,10,0.1872014331210191,0,28,None,66,1,5,False,1,1
3879,44,weighted,10,0.1900875796178344,0,28,None,66,1,5,False,1,1
3880,40,weighted,10,0.1977507961783439,0,0,None,66,1,5,False,1,1
3881,41,weighted,10,0.1982484076433121,0,0,None,66,1,5,False,1,1
3882,42,weighted,10,0.1982484076433121,0,0,None,66,1,5,False,1,1
3883,43,weighted,10,0.1982484076433121,0,0,None,66,1,5,False,1,1
3884,44,weighted,10,0.1982484076433121,0,0,None,66,1,5,False,1,1
3885,40,weighted,10,0.1580414012738853,0,26,None,66,1,5,False,1,1
3886,41,weighted,10,0.1750597133757961,0,26,None,66,1,5,False,1,1
3887,42,weighted,10,0.1932722929936305,0,26,None,66,1,5,False,1,1
3888,43,weighted,10,0.2047173566878981,0,26,None,66,1,5,False,1,1
3889,44,weighted,10,0.2126791401273885,0,26,None,66,1,5,False,1,1
3890,40,weighted,10,0.1465963375796178,0,12,None,66,1,5,False,1,1
3891,41,weighted,10,0.1689888535031847,0,12,None,66,1,5,False,1,1
3892,42,weighted,10,0.1848128980891719,0,12,None,66,1,5,False,1,1
3893,43,weighted,10,0.1935708598726114,0,12,None,66,1,5,False,1,1
3894,44,weighted,10,0.1961584394904458,0,12,None,66,1,5,False,1,1
3895,40,weighted,10,0.1391321656050955,0,27,None,66,1,5,False,1,1
3896,41,weighted,10,0.1563495222929936,0,27,None,66,1,5,False,1,1
3897,42,weighted,10,0.1657046178343949,0,27,None,66,1,5,False,1,1
3898,43,weighted,10,0.1741640127388535,0,27,None,66,1,5,False,1,1
3899,44,weighted,10,0.1792396496815286,0,27,None,66,1,5,False,1,1
3900,40,weighted,10,0.1053941082802547,0,30,None,66,1,5,False,1,1
3901,41,weighted,10,0.110967356687898,0,30,None,66,1,5,False,1,1
3902,42,weighted,10,0.1236066878980891,0,30,None,66,1,5,False,1,1
3903,43,weighted,10,0.1430135350318471,0,30,None,66,1,5,False,1,1
3904,44,weighted,10,0.1603304140127388,0,30,None,66,1,5,False,1,1
3905,40,weighted,10,0.1081807324840764,0,6,None,66,1,5,False,1,1
3906,41,weighted,10,0.1072850318471337,0,6,None,66,1,5,False,1,1
3907,42,weighted,10,0.110967356687898,0,6,None,66,1,5,False,1,1
3908,43,weighted,10,0.117436305732484,0,6,None,66,1,5,False,1,1
3909,44,weighted,10,0.1275875796178344,0,6,None,66,1,5,False,1,1
3910,40,weighted,10,0.1376393312101911,0,17,None,66,1,5,False,1,1
3911,41,weighted,10,0.1678941082802547,0,17,None,66,1,5,False,1,1
3912,42,weighted,10,0.1996417197452229,0,17,None,66,1,5,False,1,1
3913,43,weighted,10,0.219546178343949,0,17,None,66,1,5,False,1,1
3914,44,weighted,10,0.2293988853503184,0,17,None,66,1,5,False,1,1
3915,40,weighted,10,0.1959593949044586,0,11,None,66,1,5,False,1,1
3916,41,weighted,10,0.1980493630573248,0,11,None,66,1,5,False,1,1
3917,42,weighted,10,0.198546974522293,0,11,None,66,1,5,False,1,1
3918,43,weighted,10,0.1988455414012739,0,11,None,66,1,5,False,1,1
3919,44,weighted,10,0.1990445859872611,0,11,None,66,1,5,False,1,1
3920,40,weighted,10,0.1003184713375796,0,24,None,66,1,5,False,1,1
3921,41,weighted,10,0.1024084394904458,0,24,None,66,1,5,False,1,1
3922,42,weighted,10,0.1072850318471337,0,24,None,66,1,5,False,1,1
3923,43,weighted,10,0.1130573248407643,0,24,None,66,1,5,False,1,1
3924,44,weighted,10,0.1202229299363057,0,24,None,66,1,5,False,1,1
3925,40,weighted,10,0.1981488853503184,0,15,None,66,1,5,False,1,1
3926,41,weighted,10,0.1984474522292993,0,15,None,66,1,5,False,1,1
3927,42,weighted,10,0.198546974522293,0,15,None,66,1,5,False,1,1
3928,43,weighted,10,0.198546974522293,0,15,None,66,1,5,False,1,1
3929,44,weighted,10,0.1986464968152866,0,15,None,66,1,5,False,1,1
3930,40,weighted,10,0.1975517515923567,0,10,None,66,1,5,False,1,1
3931,41,weighted,10,0.1980493630573248,0,10,None,66,1,5,False,1,1
3932,42,weighted,10,0.2001393312101911,0,10,None,66,1,5,False,1,1
3933,43,weighted,10,0.2085987261146497,0,10,None,66,1,5,False,1,1
3934,44,weighted,10,0.183718152866242,0,10,None,66,1,5,False,1,1
3935,40,weighted,10,0.0998208598726114,0,8,None,66,1,5,False,1,1
3936,41,weighted,10,0.0996218152866242,0,8,None,66,1,5,False,1,1
3937,42,weighted,10,0.0996218152866242,0,8,None,66,1,5,False,1,1
3938,43,weighted,10,0.0997213375796178,0,8,None,66,1,5,False,1,1
3939,44,weighted,10,0.0998208598726114,0,8,None,66,1,5,False,1,1
3940,40,weighted,10,0.1910828025477707,0,3,None,66,1,5,False,1,1
3941,41,weighted,10,0.2442277070063694,0,3,None,66,1,5,False,1,1
3942,42,weighted,10,0.2510947452229299,0,3,None,66,1,5,False,1,1
3943,43,weighted,10,0.224124203821656,0,3,None,66,1,5,False,1,1
3944,44,weighted,10,0.2003383757961783,0,3,None,66,1,5,False,1,1
3945,40,weighted,10,0.1673964968152866,0,18,None,66,1,5,False,1,1
3946,41,weighted,10,0.1849124203821656,0,18,None,66,1,5,False,1,1
3947,42,weighted,10,0.1897890127388535,0,18,None,66,1,5,False,1,1
3948,43,weighted,10,0.1911823248407643,0,18,None,66,1,5,False,1,1
3949,44,weighted,10,0.1919785031847133,0,18,None,66,1,5,False,1,1
3950,40,weighted,10,0.1005175159235668,0,31,None,66,1,5,False,1,1
3951,41,weighted,10,0.1005175159235668,0,31,None,66,1,5,False,1,1
3952,42,weighted,10,0.1008160828025477,0,31,None,66,1,5,False,1,1
3953,43,weighted,10,0.101015127388535,0,31,None,66,1,5,False,1,1
3954,44,weighted,10,0.1020103503184713,0,31,None,66,1,5,False,1,1
3955,40,weighted,10,0.1379378980891719,0,19,None,66,1,5,False,1,1
3956,41,weighted,10,0.1622213375796178,0,19,None,66,1,5,False,1,1
3957,42,weighted,10,0.175358280254777,0,19,None,66,1,5,False,1,1
3958,43,weighted,10,0.1825238853503184,0,19,None,66,1,5,False,1,1
3959,44,weighted,10,0.1861066878980891,0,19,None,66,1,5,False,1,1
5445,45,weighted,10,0.2247213375796178,0,5,None,66,1,5,False,1,1
5446,46,weighted,10,0.2196457006369426,0,5,None,66,1,5,False,1,1
5447,47,weighted,10,0.2033240445859872,0,5,None,66,1,5,False,1,1
5448,48,weighted,10,0.1868033439490445,0,5,None,66,1,5,False,1,1
5449,49,weighted,10,0.1725716560509554,0,5,None,66,1,5,False,1,1
5450,45,weighted,10,0.1989450636942675,0,13,None,66,1,5,False,1,1
5451,46,weighted,10,0.1989450636942675,0,13,None,66,1,5,False,1,1
5452,47,weighted,10,0.1989450636942675,0,13,None,66,1,5,False,1,1
5453,48,weighted,10,0.1989450636942675,0,13,None,66,1,5,False,1,1
5454,49,weighted,10,0.1990445859872611,0,13,None,66,1,5,False,1,1
5455,45,weighted,10,0.1986464968152866,0,15,None,66,1,5,False,1,1
5456,46,weighted,10,0.1986464968152866,0,15,None,66,1,5,False,1,1
5457,47,weighted,10,0.1986464968152866,0,15,None,66,1,5,False,1,1
5458,48,weighted,10,0.1987460191082802,0,15,None,66,1,5,False,1,1
5459,49,weighted,10,0.1986464968152866,0,15,None,66,1,5,False,1,1
5460,45,weighted,10,0.1978503184713375,0,10,None,66,1,5,False,1,1
5461,46,weighted,10,0.1978503184713375,0,10,None,66,1,5,False,1,1
5462,47,weighted,10,0.2000398089171974,0,10,None,66,1,5,False,1,1
5463,48,weighted,10,0.203125,0,10,None,66,1,5,False,1,1
5464,49,weighted,10,0.2080015923566879,0,10,None,66,1,5,False,1,1
5465,45,weighted,10,0.1091759554140127,0,16,None,66,1,5,False,1,1
5466,46,weighted,10,0.1171377388535031,0,16,None,66,1,5,False,1,1
5467,47,weighted,10,0.1254976114649681,0,16,None,66,1,5,False,1,1
5468,48,weighted,10,0.1347531847133758,0,16,None,66,1,5,False,1,1
5469,49,weighted,10,0.1461982484076433,0,16,None,66,1,5,False,1,1
5470,45,weighted,10,0.1987460191082802,0,11,None,66,1,5,False,1,1
5471,46,weighted,10,0.1989450636942675,0,11,None,66,1,5,False,1,1
5472,47,weighted,10,0.1990445859872611,0,11,None,66,1,5,False,1,1
5473,48,weighted,10,0.1990445859872611,0,11,None,66,1,5,False,1,1
5474,49,weighted,10,0.1990445859872611,0,11,None,66,1,5,False,1,1
5475,45,weighted,10,0.1118630573248407,0,8,None,66,1,5,False,1,1
5476,46,weighted,10,0.1088773885350318,0,8,None,66,1,5,False,1,1
5477,47,weighted,10,0.1106687898089172,0,8,None,66,1,5,False,1,1
5478,48,weighted,10,0.1110668789808917,0,8,None,66,1,5,False,1,1
5479,49,weighted,10,0.1131568471337579,0,8,None,66,1,5,False,1,1
5480,45,weighted,10,0.1988455414012739,0,20,None,66,1,5,False,1,1
5481,46,weighted,10,0.1989450636942675,0,20,None,66,1,5,False,1,1
5482,47,weighted,10,0.1989450636942675,0,20,None,66,1,5,False,1,1
5483,48,weighted,10,0.1989450636942675,0,20,None,66,1,5,False,1,1
5484,49,weighted,10,0.1989450636942675,0,20,None,66,1,5,False,1,1
5485,45,weighted,10,0.1987460191082802,0,23,None,66,1,5,False,1,1
5486,46,weighted,10,0.1989450636942675,0,23,None,66,1,5,False,1,1
5487,47,weighted,10,0.1990445859872611,0,23,None,66,1,5,False,1,1
5488,48,weighted,10,0.1990445859872611,0,23,None,66,1,5,False,1,1
5489,49,weighted,10,0.1989450636942675,0,23,None,66,1,5,False,1,1
5490,45,weighted,10,0.2164609872611465,0,17,None,66,1,5,False,1,1
5491,46,weighted,10,0.2139729299363057,0,17,None,66,1,5,False,1,1
5492,47,weighted,10,0.2143710191082802,0,17,None,66,1,5,False,1,1
5493,48,weighted,10,0.2144705414012739,0,17,None,66,1,5,False,1,1
5494,49,weighted,10,0.2158638535031847,0,17,None,66,1,5,False,1,1
5495,45,weighted,10,0.1905851910828025,0,25,None,66,1,5,False,1,1
5496,46,weighted,10,0.2054140127388535,0,25,None,66,1,5,False,1,1
5497,47,weighted,10,0.2180533439490445,0,25,None,66,1,5,False,1,1
5498,48,weighted,10,0.2226313694267516,0,25,None,66,1,5,False,1,1
5499,49,weighted,10,0.2236265923566879,0,25,None,66,1,5,False,1,1
5500,45,weighted,10,0.1972531847133758,0,26,None,66,1,5,False,1,1
5501,46,weighted,10,0.2108877388535031,0,26,None,66,1,5,False,1,1
5502,47,weighted,10,0.2186504777070063,0,26,None,66,1,5,False,1,1
5503,48,weighted,10,0.2226313694267516,0,26,None,66,1,5,False,1,1
5504,49,weighted,10,0.2242237261146497,0,26,None,66,1,5,False,1,1
5505,45,weighted,10,0.1961584394904458,0,12,None,66,1,5,False,1,1
5506,46,weighted,10,0.1977507961783439,0,12,None,66,1,5,False,1,1
5507,47,weighted,10,0.1982484076433121,0,12,None,66,1,5,False,1,1
5508,48,weighted,10,0.1983479299363057,0,12,None,66,1,5,False,1,1
5509,49,weighted,10,0.198546974522293,0,12,None,66,1,5,False,1,1
5510,45,weighted,10,0.1984474522292993,0,28,None,66,1,5,False,1,1
5511,46,weighted,10,0.2082006369426751,0,28,None,66,1,5,False,1,1
5512,47,weighted,10,0.1922770700636942,0,28,None,66,1,5,False,1,1
5513,48,weighted,10,0.1935708598726114,0,28,None,66,1,5,False,1,1
5514,49,weighted,10,0.1946656050955414,0,28,None,66,1,5,False,1,1
5515,45,weighted,10,0.1793391719745223,0,29,None,66,1,5,False,1,1
5516,46,weighted,10,0.1831210191082802,0,29,None,66,1,5,False,1,1
5517,47,weighted,10,0.1787420382165605,0,29,None,66,1,5,False,1,1
5518,48,weighted,10,0.1667993630573248,0,29,None,66,1,5,False,1,1
5519,49,weighted,10,0.1585390127388535,0,29,None,66,1,5,False,1,1
5520,45,weighted,10,0.1869028662420382,0,9,None,66,1,5,False,1,1
5521,46,weighted,10,0.1911823248407643,0,9,None,66,1,5,False,1,1
5522,47,weighted,10,0.1934713375796178,0,9,None,66,1,5,False,1,1
5523,48,weighted,10,0.1941679936305732,0,9,None,66,1,5,False,1,1
5524,49,weighted,10,0.1946656050955414,0,9,None,66,1,5,False,1,1
5525,45,weighted,10,0.1671974522292993,0,30,None,66,1,5,False,1,1
5526,46,weighted,10,0.1813296178343949,0,30,None,66,1,5,False,1,1
5527,47,weighted,10,0.1881966560509554,0,30,None,66,1,5,False,1,1
5528,48,weighted,10,0.1922770700636942,0,30,None,66,1,5,False,1,1
5529,49,weighted,10,0.1944665605095541,0,30,None,66,1,5,False,1,1
5530,45,weighted,10,0.1858081210191083,0,6,None,66,1,5,False,1,1
5531,46,weighted,10,0.1877985668789809,0,6,None,66,1,5,False,1,1
5532,47,weighted,10,0.1914808917197452,0,6,None,66,1,5,False,1,1
5533,48,weighted,10,0.1939689490445859,0,6,None,66,1,5,False,1,1
5534,49,weighted,10,0.195561305732484,0,6,None,66,1,5,False,1,1
5535,45,weighted,10,0.1823248407643312,0,18,None,66,1,5,False,1,1
5536,46,weighted,10,0.1915804140127388,0,18,None,66,1,5,False,1,1
5537,47,weighted,10,0.1949641719745223,0,18,None,66,1,5,False,1,1
5538,48,weighted,10,0.1954617834394904,0,18,None,66,1,5,False,1,1
5539,49,weighted,10,0.1951632165605095,0,18,None,66,1,5,False,1,1
5540,45,weighted,10,0.1700835987261146,0,27,None,66,1,5,False,1,1
5541,46,weighted,10,0.1788415605095541,0,27,None,66,1,5,False,1,1
5542,47,weighted,10,0.1847133757961783,0,27,None,66,1,5,False,1,1
5543,48,weighted,10,0.1895899681528662,0,27,None,66,1,5,False,1,1
5544,49,weighted,10,0.1933718152866242,0,27,None,66,1,5,False,1,1
5545,45,weighted,10,0.1144506369426751,0,31,None,66,1,5,False,1,1
5546,46,weighted,10,0.1141520700636942,0,31,None,66,1,5,False,1,1
5547,47,weighted,10,0.1157444267515923,0,31,None,66,1,5,False,1,1
5548,48,weighted,10,0.1184315286624203,0,31,None,66,1,5,False,1,1
5549,49,weighted,10,0.1216162420382165,0,31,None,66,1,5,False,1,1
5550,45,weighted,10,0.194765127388535,0,32,None,66,1,5,False,1,1
5551,46,weighted,10,0.1964570063694267,0,32,None,66,1,5,False,1,1
5552,47,weighted,10,0.1976512738853503,0,32,None,66,1,5,False,1,1
5553,48,weighted,10,0.1983479299363057,0,32,None,66,1,5,False,1,1
5554,49,weighted,10,0.1986464968152866,0,32,None,66,1,5,False,1,1
5555,45,weighted,10,0.1956608280254777,0,7,None,66,1,5,False,1,1
5556,46,weighted,10,0.2117834394904458,0,7,None,66,1,5,False,1,1
5557,47,weighted,10,0.2243232484076433,0,7,None,66,1,5,False,1,1
5558,48,weighted,10,0.2304936305732484,0,7,None,66,1,5,False,1,1
5559,49,weighted,10,0.2342754777070063,0,7,None,66,1,5,False,1,1
5560,45,weighted,10,0.2354697452229299,0,1,None,66,1,5,False,1,1
5561,46,weighted,10,0.1936703821656051,0,1,None,66,1,5,False,1,1
5562,47,weighted,10,0.1944665605095541,0,1,None,66,1,5,False,1,1
5563,48,weighted,10,0.1950636942675159,0,1,None,66,1,5,False,1,1
5564,49,weighted,10,0.1954617834394904,0,1,None,66,1,5,False,1,1
5565,45,weighted,10,0.1982484076433121,0,2,None,66,1,5,False,1,1
5566,46,weighted,10,0.1983479299363057,0,2,None,66,1,5,False,1,1
5567,47,weighted,10,0.198546974522293,0,2,None,66,1,5,False,1,1
5568,48,weighted,10,0.1994426751592356,0,2,None,66,1,5,False,1,1
5569,49,weighted,10,0.2022292993630573,0,2,None,66,1,5,False,1,1
5570,45,weighted,10,0.2510947452229299,0,3,None,66,1,5,False,1,1
5571,46,weighted,10,0.25,0,3,None,66,1,5,False,1,1
5572,47,weighted,10,0.2309912420382165,0,3,None,66,1,5,False,1,1
5573,48,weighted,10,0.2080015923566879,0,3,None,66,1,5,False,1,1
5574,49,weighted,10,0.1991441082802547,0,3,None,66,1,5,False,1,1
5575,45,weighted,10,0.1884952229299363,0,19,None,66,1,5,False,1,1
5576,46,weighted,10,0.1934713375796178,0,19,None,66,1,5,False,1,1
5577,47,weighted,10,0.1954617834394904,0,19,None,66,1,5,False,1,1
5578,48,weighted,10,0.196656050955414,0,19,None,66,1,5,False,1,1
5579,49,weighted,10,0.1973527070063694,0,19,None,66,1,5,False,1,1
5580,45,weighted,10,0.192078025477707,0,21,None,66,1,5,False,1,1
5581,46,weighted,10,0.1953622611464968,0,21,None,66,1,5,False,1,1
5582,47,weighted,10,0.1999402866242038,0,21,None,66,1,5,False,1,1
5583,48,weighted,10,0.2046178343949044,0,21,None,66,1,5,False,1,1
5584,49,weighted,10,0.2106886942675159,0,21,None,66,1,5,False,1,1
5585,45,weighted,10,0.1415207006369426,0,24,None,66,1,5,False,1,1
5586,46,weighted,10,0.1393312101910828,0,24,None,66,1,5,False,1,1
5587,47,weighted,10,0.1463972929936305,0,24,None,66,1,5,False,1,1
5588,48,weighted,10,0.1527667197452229,0,24,None,66,1,5,False,1,1
5589,49,weighted,10,0.1601313694267516,0,24,None,66,1,5,False,1,1
5590,45,weighted,10,0.1986464968152866,0,0,None,66,1,5,False,1,1
5591,46,weighted,10,0.1984474522292993,0,0,None,66,1,5,False,1,1
5592,47,weighted,10,0.1984474522292993,0,0,None,66,1,5,False,1,1
5593,48,weighted,10,0.198546974522293,0,0,None,66,1,5,False,1,1
5594,49,weighted,10,0.198546974522293,0,0,None,66,1,5,False,1,1
5595,45,weighted,10,0.1865047770700637,0,14,None,66,1,5,False,1,1
5596,46,weighted,10,0.1912818471337579,0,14,None,66,1,5,False,1,1
5597,47,weighted,10,0.1940684713375796,0,14,None,66,1,5,False,1,1
5598,48,weighted,10,0.1952627388535031,0,14,None,66,1,5,False,1,1
5599,49,weighted,10,0.1956608280254777,0,14,None,66,1,5,False,1,1
5600,45,weighted,10,0.192078025477707,0,4,None,66,1,5,False,1,1
5601,46,weighted,10,0.1935708598726114,0,4,None,66,1,5,False,1,1
5602,47,weighted,10,0.1952627388535031,0,4,None,66,1,5,False,1,1
5603,48,weighted,10,0.1959593949044586,0,4,None,66,1,5,False,1,1
5604,49,weighted,10,0.1972531847133758,0,4,None,66,1,5,False,1,1
5605,45,weighted,10,0.179936305732484,0,22,None,66,1,5,False,1,1
5606,46,weighted,10,0.1984474522292993,0,22,None,66,1,5,False,1,1
5607,47,weighted,10,0.1987460191082802,0,22,None,66,1,5,False,1,1
5608,48,weighted,10,0.1988455414012739,0,22,None,66,1,5,False,1,1
5609,49,weighted,10,0.1989450636942675,0,22,None,66,1,5,False,1,1
5610,50,weighted,10,0.1510748407643312,0,31,None,66,1,5,False,1,1
5611,51,weighted,10,0.1485867834394904,0,31,None,66,1,5,False,1,1
5612,52,weighted,10,0.1501791401273885,0,31,None,66,1,5,False,1,1
5613,53,weighted,10,0.1534633757961783,0,31,None,66,1,5,False,1,1
5614,54,weighted,10,0.1560509554140127,0,31,None,66,1,5,False,1,1
5615,50,weighted,10,0.2347730891719745,0,24,None,66,1,5,False,1,1
5616,51,weighted,10,0.2444267515923567,0,24,None,66,1,5,False,1,1
5617,52,weighted,10,0.2527866242038216,0,24,None,66,1,5,False,1,1
5618,53,weighted,10,0.1812300955414012,0,24,None,66,1,5,False,1,1
5619,54,weighted,10,0.1858081210191083,0,24,None,66,1,5,False,1,1
5620,50,weighted,10,0.2306926751592356,0,25,None,66,1,5,False,1,1
5621,51,weighted,10,0.2319864649681528,0,25,None,66,1,5,False,1,1
5622,52,weighted,10,0.2239251592356688,0,25,None,66,1,5,False,1,1
5623,53,weighted,10,0.2135748407643312,0,25,None,66,1,5,False,1,1
5624,54,weighted,10,0.210390127388535,0,25,None,66,1,5,False,1,1
5625,50,weighted,10,0.1988455414012739,0,22,None,66,1,5,False,1,1
5626,51,weighted,10,0.1989450636942675,0,22,None,66,1,5,False,1,1
5627,52,weighted,10,0.1990445859872611,0,22,None,66,1,5,False,1,1
5628,53,weighted,10,0.1990445859872611,0,22,None,66,1,5,False,1,1
5629,54,weighted,10,0.1990445859872611,0,22,None,66,1,5,False,1,1
5630,50,weighted,10,0.1981488853503184,0,6,None,66,1,5,False,1,1
5631,51,weighted,10,0.2071058917197452,0,6,None,66,1,5,False,1,1
5632,52,weighted,10,0.2098925159235669,0,6,None,66,1,5,False,1,1
5633,53,weighted,10,0.211186305732484,0,6,None,66,1,5,False,1,1
5634,54,weighted,10,0.2127786624203821,0,6,None,66,1,5,False,1,1
5635,50,weighted,10,0.198546974522293,0,12,None,66,1,5,False,1,1
5636,51,weighted,10,0.198546974522293,0,12,None,66,1,5,False,1,1
5637,52,weighted,10,0.1986464968152866,0,12,None,66,1,5,False,1,1
5638,53,weighted,10,0.1987460191082802,0,12,None,66,1,5,False,1,1
5639,54,weighted,10,0.1987460191082802,0,12,None,66,1,5,False,1,1
5640,50,weighted,10,0.1935708598726114,0,14,None,66,1,5,False,1,1
5641,51,weighted,10,0.1949641719745223,0,14,None,66,1,5,False,1,1
5642,52,weighted,10,0.1956608280254777,0,14,None,66,1,5,False,1,1
5643,53,weighted,10,0.1964570063694267,0,14,None,66,1,5,False,1,1
5644,54,weighted,10,0.1968550955414012,0,14,None,66,1,5,False,1,1
5645,50,weighted,10,0.199343152866242,0,26,None,66,1,5,False,1,1
5646,51,weighted,10,0.2048168789808917,0,26,None,66,1,5,False,1,1
5647,52,weighted,10,0.2085987261146497,0,26,None,66,1,5,False,1,1
5648,53,weighted,10,0.211186305732484,0,26,None,66,1,5,False,1,1
5649,54,weighted,10,0.2124800955414012,0,26,None,66,1,5,False,1,1
5650,50,weighted,10,0.1948646496815286,0,30,None,66,1,5,False,1,1
5651,51,weighted,10,0.1952627388535031,0,30,None,66,1,5,False,1,1
5652,52,weighted,10,0.1958598726114649,0,30,None,66,1,5,False,1,1
5653,53,weighted,10,0.1960589171974522,0,30,None,66,1,5,False,1,1
5654,54,weighted,10,0.1960589171974522,0,30,None,66,1,5,False,1,1
5655,50,weighted,10,0.1743630573248407,0,16,None,66,1,5,False,1,1
5656,51,weighted,10,0.1782444267515923,0,16,None,66,1,5,False,1,1
5657,52,weighted,10,0.1812300955414012,0,16,None,66,1,5,False,1,1
5658,53,weighted,10,0.1866042993630573,0,16,None,66,1,5,False,1,1
5659,54,weighted,10,0.1933718152866242,0,16,None,66,1,5,False,1,1
5660,50,weighted,10,0.1916799363057325,0,18,None,66,1,5,False,1,1
5661,51,weighted,10,0.1959593949044586,0,18,None,66,1,5,False,1,1
5662,52,weighted,10,0.1969546178343949,0,18,None,66,1,5,False,1,1
5663,53,weighted,10,0.1971536624203821,0,18,None,66,1,5,False,1,1
5664,54,weighted,10,0.1971536624203821,0,18,None,66,1,5,False,1,1
5665,50,weighted,10,0.1984474522292993,0,19,None,66,1,5,False,1,1
5666,51,weighted,10,0.198546974522293,0,19,None,66,1,5,False,1,1
5667,52,weighted,10,0.1986464968152866,0,19,None,66,1,5,False,1,1
5668,53,weighted,10,0.1994426751592356,0,19,None,66,1,5,False,1,1
5669,54,weighted,10,0.2027269108280254,0,19,None,66,1,5,False,1,1
5670,50,weighted,10,0.1989450636942675,0,20,None,66,1,5,False,1,1
5671,51,weighted,10,0.1989450636942675,0,20,None,66,1,5,False,1,1
5672,52,weighted,10,0.1990445859872611,0,20,None,66,1,5,False,1,1
5673,53,weighted,10,0.1990445859872611,0,20,None,66,1,5,False,1,1
5674,54,weighted,10,0.1990445859872611,0,20,None,66,1,5,False,1,1
5675,50,weighted,10,0.1986464968152866,0,15,None,66,1,5,False,1,1
5676,51,weighted,10,0.198546974522293,0,15,None,66,1,5,False,1,1
5677,52,weighted,10,0.198546974522293,0,15,None,66,1,5,False,1,1
5678,53,weighted,10,0.1982484076433121,0,15,None,66,1,5,False,1,1
5679,54,weighted,10,0.1981488853503184,0,15,None,66,1,5,False,1,1
5680,50,weighted,10,0.1984474522292993,0,32,None,66,1,5,False,1,1
5681,51,weighted,10,0.1986464968152866,0,32,None,66,1,5,False,1,1
5682,52,weighted,10,0.1986464968152866,0,32,None,66,1,5,False,1,1
5683,53,weighted,10,0.1989450636942675,0,32,None,66,1,5,False,1,1
5684,54,weighted,10,0.1989450636942675,0,32,None,66,1,5,False,1,1
5685,50,weighted,10,0.2023288216560509,0,7,None,66,1,5,False,1,1
5686,51,weighted,10,0.2113853503184713,0,7,None,66,1,5,False,1,1
5687,52,weighted,10,0.2167595541401273,0,7,None,66,1,5,False,1,1
5688,53,weighted,10,0.2225318471337579,0,7,None,66,1,5,False,1,1
5689,54,weighted,10,0.2258160828025477,0,7,None,66,1,5,False,1,1
5690,50,weighted,10,0.1975517515923567,0,10,None,66,1,5,False,1,1
5691,51,weighted,10,0.1970541401273885,0,10,None,66,1,5,False,1,1
5692,52,weighted,10,0.1976512738853503,0,10,None,66,1,5,False,1,1
5693,53,weighted,10,0.199343152866242,0,10,None,66,1,5,False,1,1
5694,54,weighted,10,0.2007364649681528,0,10,None,66,1,5,False,1,1
5695,50,weighted,10,0.1990445859872611,0,11,None,66,1,5,False,1,1
5696,51,weighted,10,0.1990445859872611,0,11,None,66,1,5,False,1,1
5697,52,weighted,10,0.1990445859872611,0,11,None,66,1,5,False,1,1
5698,53,weighted,10,0.1990445859872611,0,11,None,66,1,5,False,1,1
5699,54,weighted,10,0.1990445859872611,0,11,None,66,1,5,False,1,1
5700,50,weighted,10,0.210390127388535,0,17,None,66,1,5,False,1,1
5701,51,weighted,10,0.2098925159235669,0,17,None,66,1,5,False,1,1
5702,52,weighted,10,0.2094944267515923,0,17,None,66,1,5,False,1,1
5703,53,weighted,10,0.2117834394904458,0,17,None,66,1,5,False,1,1
5704,54,weighted,10,0.212281050955414,0,17,None,66,1,5,False,1,1
5705,50,weighted,10,0.2200437898089172,0,1,None,66,1,5,False,1,1
5706,51,weighted,10,0.1960589171974522,0,1,None,66,1,5,False,1,1
5707,52,weighted,10,0.1963574840764331,0,1,None,66,1,5,False,1,1
5708,53,weighted,10,0.1965565286624203,0,1,None,66,1,5,False,1,1
5709,54,weighted,10,0.1968550955414012,0,1,None,66,1,5,False,1,1
5710,50,weighted,10,0.198546974522293,0,2,None,66,1,5,False,1,1
5711,51,weighted,10,0.1986464968152866,0,2,None,66,1,5,False,1,1
5712,52,weighted,10,0.1987460191082802,0,2,None,66,1,5,False,1,1
5713,53,weighted,10,0.1987460191082802,0,2,None,66,1,5,False,1,1
5714,54,weighted,10,0.1987460191082802,0,2,None,66,1,5,False,1,1
5715,50,weighted,10,0.2560708598726114,0,3,None,66,1,5,False,1,1
5716,51,weighted,10,0.2566679936305732,0,3,None,66,1,5,False,1,1
5717,52,weighted,10,0.2494028662420382,0,3,None,66,1,5,False,1,1
5718,53,weighted,10,0.2361664012738853,0,3,None,66,1,5,False,1,1
5719,54,weighted,10,0.2197452229299363,0,3,None,66,1,5,False,1,1
5720,50,weighted,10,0.1988455414012739,0,0,None,66,1,5,False,1,1
5721,51,weighted,10,0.1989450636942675,0,0,None,66,1,5,False,1,1
5722,52,weighted,10,0.1989450636942675,0,0,None,66,1,5,False,1,1
5723,53,weighted,10,0.1988455414012739,0,0,None,66,1,5,False,1,1
5724,54,weighted,10,0.1987460191082802,0,0,None,66,1,5,False,1,1
5725,50,weighted,10,0.2219347133757961,0,5,None,66,1,5,False,1,1
5726,51,weighted,10,0.2366640127388535,0,5,None,66,1,5,False,1,1
5727,52,weighted,10,0.2493033439490445,0,5,None,66,1,5,False,1,1
5728,53,weighted,10,0.2570660828025478,0,5,None,66,1,5,False,1,1
5729,54,weighted,10,0.205812101910828,0,5,None,66,1,5,False,1,1
5730,50,weighted,10,0.1984474522292993,0,4,None,66,1,5,False,1,1
5731,51,weighted,10,0.1984474522292993,0,4,None,66,1,5,False,1,1
5732,52,weighted,10,0.1984474522292993,0,4,None,66,1,5,False,1,1
5733,53,weighted,10,0.198546974522293,0,4,None,66,1,5,False,1,1
5734,54,weighted,10,0.1987460191082802,0,4,None,66,1,5,False,1,1
5735,50,weighted,10,0.1877985668789809,0,8,None,66,1,5,False,1,1
5736,51,weighted,10,0.1813296178343949,0,8,None,66,1,5,False,1,1
5737,52,weighted,10,0.1793391719745223,0,8,None,66,1,5,False,1,1
5738,53,weighted,10,0.1801353503184713,0,8,None,66,1,5,False,1,1
5739,54,weighted,10,0.1844148089171974,0,8,None,66,1,5,False,1,1
5740,50,weighted,10,0.1939689490445859,0,9,None,66,1,5,False,1,1
5741,51,weighted,10,0.1948646496815286,0,9,None,66,1,5,False,1,1
5742,52,weighted,10,0.1954617834394904,0,9,None,66,1,5,False,1,1
5743,53,weighted,10,0.1959593949044586,0,9,None,66,1,5,False,1,1
5744,54,weighted,10,0.1964570063694267,0,9,None,66,1,5,False,1,1
5745,50,weighted,10,0.1989450636942675,0,13,None,66,1,5,False,1,1
5746,51,weighted,10,0.1990445859872611,0,13,None,66,1,5,False,1,1
5747,52,weighted,10,0.1990445859872611,0,13,None,66,1,5,False,1,1
5748,53,weighted,10,0.1989450636942675,0,13,None,66,1,5,False,1,1
5749,54,weighted,10,0.1990445859872611,0,13,None,66,1,5,False,1,1
5750,50,weighted,10,0.1962579617834395,0,21,None,66,1,5,False,1,1
5751,51,weighted,10,0.1986464968152866,0,21,None,66,1,5,False,1,1
5752,52,weighted,10,0.2004378980891719,0,21,None,66,1,5,False,1,1
5753,53,weighted,10,0.2041202229299363,0,21,None,66,1,5,False,1,1
5754,54,weighted,10,0.207703025477707,0,21,None,66,1,5,False,1,1
5755,50,weighted,10,0.1990445859872611,0,23,None,66,1,5,False,1,1
5756,51,weighted,10,0.1990445859872611,0,23,None,66,1,5,False,1,1
5757,52,weighted,10,0.1990445859872611,0,23,None,66,1,5,False,1,1
5758,53,weighted,10,0.1989450636942675,0,23,None,66,1,5,False,1,1
5759,54,weighted,10,0.1988455414012739,0,23,None,66,1,5,False,1,1
5760,50,weighted,10,0.2274084394904458,0,27,None,66,1,5,False,1,1
5761,51,weighted,10,0.2361664012738853,0,27,None,66,1,5,False,1,1
5762,52,weighted,10,0.241640127388535,0,27,None,66,1,5,False,1,1
5763,53,weighted,10,0.2506966560509554,0,27,None,66,1,5,False,1,1
5764,54,weighted,10,0.2594546178343949,0,27,None,66,1,5,False,1,1
5765,50,weighted,10,0.1989450636942675,0,28,None,66,1,5,False,1,1
5766,51,weighted,10,0.2028264331210191,0,28,None,66,1,5,False,1,1
5767,52,weighted,10,0.1951632165605095,0,28,None,66,1,5,False,1,1
5768,53,weighted,10,0.1954617834394904,0,28,None,66,1,5,False,1,1
5769,54,weighted,10,0.1964570063694267,0,28,None,66,1,5,False,1,1
5770,50,weighted,10,0.1921775477707006,0,29,None,66,1,5,False,1,1
5771,51,weighted,10,0.1981488853503184,0,29,None,66,1,5,False,1,1
5772,52,weighted,10,0.205812101910828,0,29,None,66,1,5,False,1,1
5773,53,weighted,10,0.2085987261146497,0,29,None,66,1,5,False,1,1
5774,54,weighted,10,0.2091958598726114,0,29,None,66,1,5,False,1,1
7590,55,weighted,10,0.2174562101910828,0,5,None,66,1,5,False,1,1
7591,56,weighted,10,0.2242237261146497,0,5,None,66,1,5,False,1,1
7592,57,weighted,10,0.237858280254777,0,5,None,66,1,5,False,1,1
7593,58,weighted,10,0.1913813694267516,0,5,None,66,1,5,False,1,1
7594,59,weighted,10,0.1922770700636942,0,5,None,66,1,5,False,1,1
7595,55,weighted,10,0.1989450636942675,0,13,None,66,1,5,False,1,1
7596,56,weighted,10,0.1989450636942675,0,13,None,66,1,5,False,1,1
7597,57,weighted,10,0.1990445859872611,0,13,None,66,1,5,False,1,1
7598,58,weighted,10,0.1990445859872611,0,13,None,66,1,5,False,1,1
7599,59,weighted,10,0.1989450636942675,0,13,None,66,1,5,False,1,1
7600,55,weighted,10,0.192874203821656,0,16,None,66,1,5,False,1,1
7601,56,weighted,10,0.1927746815286624,0,16,None,66,1,5,False,1,1
7602,57,weighted,10,0.1935708598726114,0,16,None,66,1,5,False,1,1
7603,58,weighted,10,0.1986464968152866,0,16,None,66,1,5,False,1,1
7604,59,weighted,10,0.2024283439490445,0,16,None,66,1,5,False,1,1
7605,55,weighted,10,0.1990445859872611,0,11,None,66,1,5,False,1,1
7606,56,weighted,10,0.1990445859872611,0,11,None,66,1,5,False,1,1
7607,57,weighted,10,0.1990445859872611,0,11,None,66,1,5,False,1,1
7608,58,weighted,10,0.1990445859872611,0,11,None,66,1,5,False,1,1
7609,59,weighted,10,0.1989450636942675,0,11,None,66,1,5,False,1,1
7610,55,weighted,10,0.2004378980891719,0,8,None,66,1,5,False,1,1
7611,56,weighted,10,0.2000398089171974,0,8,None,66,1,5,False,1,1
7612,57,weighted,10,0.2003383757961783,0,8,None,66,1,5,False,1,1
7613,58,weighted,10,0.201234076433121,0,8,None,66,1,5,False,1,1
7614,59,weighted,10,0.2025278662420382,0,8,None,66,1,5,False,1,1
7615,55,weighted,10,0.1990445859872611,0,20,None,66,1,5,False,1,1
7616,56,weighted,10,0.1990445859872611,0,20,None,66,1,5,False,1,1
7617,57,weighted,10,0.1990445859872611,0,20,None,66,1,5,False,1,1
7618,58,weighted,10,0.1990445859872611,0,20,None,66,1,5,False,1,1
7619,59,weighted,10,0.1990445859872611,0,20,None,66,1,5,False,1,1
7620,55,weighted,10,0.1991441082802547,0,19,None,66,1,5,False,1,1
7621,56,weighted,10,0.199343152866242,0,19,None,66,1,5,False,1,1
7622,57,weighted,10,0.1992436305732484,0,19,None,66,1,5,False,1,1
7623,58,weighted,10,0.1991441082802547,0,19,None,66,1,5,False,1,1
7624,59,weighted,10,0.2003383757961783,0,19,None,66,1,5,False,1,1
7625,55,weighted,10,0.1990445859872611,0,23,None,66,1,5,False,1,1
7626,56,weighted,10,0.1990445859872611,0,23,None,66,1,5,False,1,1
7627,57,weighted,10,0.1989450636942675,0,23,None,66,1,5,False,1,1
7628,58,weighted,10,0.1989450636942675,0,23,None,66,1,5,False,1,1
7629,59,weighted,10,0.1988455414012739,0,23,None,66,1,5,False,1,1
7630,55,weighted,10,0.2006369426751592,0,17,None,66,1,5,False,1,1
7631,56,weighted,10,0.2013335987261146,0,17,None,66,1,5,False,1,1
7632,57,weighted,10,0.2041202229299363,0,17,None,66,1,5,False,1,1
7633,58,weighted,10,0.2088972929936305,0,17,None,66,1,5,False,1,1
7634,59,weighted,10,0.2129777070063694,0,17,None,66,1,5,False,1,1
7635,55,weighted,10,0.1982484076433121,0,21,None,66,1,5,False,1,1
7636,56,weighted,10,0.1999402866242038,0,21,None,66,1,5,False,1,1
7637,57,weighted,10,0.201234076433121,0,21,None,66,1,5,False,1,1
7638,58,weighted,10,0.2055135350318471,0,21,None,66,1,5,False,1,1
7639,59,weighted,10,0.2090963375796178,0,21,None,66,1,5,False,1,1
7640,55,weighted,10,0.2377587579617834,0,25,None,66,1,5,False,1,1
7641,56,weighted,10,0.2264132165605095,0,25,None,66,1,5,False,1,1
7642,57,weighted,10,0.2153662420382165,0,25,None,66,1,5,False,1,1
7643,58,weighted,10,0.214968152866242,0,25,None,66,1,5,False,1,1
7644,59,weighted,10,0.2166600318471337,0,25,None,66,1,5,False,1,1
7645,55,weighted,10,0.2028264331210191,0,26,None,66,1,5,False,1,1
7646,56,weighted,10,0.2052149681528662,0,26,None,66,1,5,False,1,1
7647,57,weighted,10,0.2069068471337579,0,26,None,66,1,5,False,1,1
7648,58,weighted,10,0.2087977707006369,0,26,None,66,1,5,False,1,1
7649,59,weighted,10,0.2095939490445859,0,26,None,66,1,5,False,1,1
7650,55,weighted,10,0.1987460191082802,0,12,None,66,1,5,False,1,1
7651,56,weighted,10,0.1987460191082802,0,12,None,66,1,5,False,1,1
7652,57,weighted,10,0.1987460191082802,0,12,None,66,1,5,False,1,1
7653,58,weighted,10,0.1987460191082802,0,12,None,66,1,5,False,1,1
7654,59,weighted,10,0.1998407643312102,0,12,None,66,1,5,False,1,1
7655,55,weighted,10,0.2100915605095541,0,24,None,66,1,5,False,1,1
7656,56,weighted,10,0.2148686305732484,0,24,None,66,1,5,False,1,1
7657,57,weighted,10,0.2197452229299363,0,24,None,66,1,5,False,1,1
7658,58,weighted,10,0.192874203821656,0,24,None,66,1,5,False,1,1
7659,59,weighted,10,0.1938694267515923,0,24,None,66,1,5,False,1,1
7660,55,weighted,10,0.2079020700636942,0,28,None,66,1,5,False,1,1
7661,56,weighted,10,0.195561305732484,0,28,None,66,1,5,False,1,1
7662,57,weighted,10,0.1964570063694267,0,28,None,66,1,5,False,1,1
7663,58,weighted,10,0.196656050955414,0,28,None,66,1,5,False,1,1
7664,59,weighted,10,0.1970541401273885,0,28,None,66,1,5,False,1,1
7665,55,weighted,10,0.2301950636942675,0,29,None,66,1,5,False,1,1
7666,56,weighted,10,0.2354697452229299,0,29,None,66,1,5,False,1,1
7667,57,weighted,10,0.2396496815286624,0,29,None,66,1,5,False,1,1
7668,58,weighted,10,0.2568670382165605,0,29,None,66,1,5,False,1,1
7669,59,weighted,10,0.1921775477707006,0,29,None,66,1,5,False,1,1
7670,55,weighted,10,0.1961584394904458,0,30,None,66,1,5,False,1,1
7671,56,weighted,10,0.1963574840764331,0,30,None,66,1,5,False,1,1
7672,57,weighted,10,0.1965565286624203,0,30,None,66,1,5,False,1,1
7673,58,weighted,10,0.196656050955414,0,30,None,66,1,5,False,1,1
7674,59,weighted,10,0.196656050955414,0,30,None,66,1,5,False,1,1
7675,55,weighted,10,0.2365644904458598,0,27,None,66,1,5,False,1,1
7676,56,weighted,10,0.2450238853503184,0,27,None,66,1,5,False,1,1
7677,57,weighted,10,0.2548765923566879,0,27,None,66,1,5,False,1,1
7678,58,weighted,10,0.2108877388535031,0,27,None,66,1,5,False,1,1
7679,59,weighted,10,0.2128781847133758,0,27,None,66,1,5,False,1,1
7680,55,weighted,10,0.1961584394904458,0,18,None,66,1,5,False,1,1
7681,56,weighted,10,0.197452229299363,0,18,None,66,1,5,False,1,1
7682,57,weighted,10,0.1977507961783439,0,18,None,66,1,5,False,1,1
7683,58,weighted,10,0.1982484076433121,0,18,None,66,1,5,False,1,1
7684,59,weighted,10,0.1979498407643312,0,18,None,66,1,5,False,1,1
7685,55,weighted,10,0.2086982484076433,0,31,None,66,1,5,False,1,1
7686,56,weighted,10,0.1824243630573248,0,31,None,66,1,5,False,1,1
7687,57,weighted,10,0.1816281847133758,0,31,None,66,1,5,False,1,1
7688,58,weighted,10,0.1820262738853503,0,31,None,66,1,5,False,1,1
7689,59,weighted,10,0.1833200636942675,0,31,None,66,1,5,False,1,1
7690,55,weighted,10,0.2073049363057325,0,1,None,66,1,5,False,1,1
7691,56,weighted,10,0.2338773885350318,0,1,None,66,1,5,False,1,1
7692,57,weighted,10,0.1971536624203821,0,1,None,66,1,5,False,1,1
7693,58,weighted,10,0.197452229299363,0,1,None,66,1,5,False,1,1
7694,59,weighted,10,0.1973527070063694,0,1,None,66,1,5,False,1,1
7695,55,weighted,10,0.1954617834394904,0,9,None,66,1,5,False,1,1
7696,56,weighted,10,0.1962579617834395,0,9,None,66,1,5,False,1,1
7697,57,weighted,10,0.1965565286624203,0,9,None,66,1,5,False,1,1
7698,58,weighted,10,0.1968550955414012,0,9,None,66,1,5,False,1,1
7699,59,weighted,10,0.1968550955414012,0,9,None,66,1,5,False,1,1
7700,55,weighted,10,0.2123805732484076,0,6,None,66,1,5,False,1,1
7701,56,weighted,10,0.2091958598726114,0,6,None,66,1,5,False,1,1
7702,57,weighted,10,0.2098925159235669,0,6,None,66,1,5,False,1,1
7703,58,weighted,10,0.2116839171974522,0,6,None,66,1,5,False,1,1
7704,59,weighted,10,0.2117834394904458,0,6,None,66,1,5,False,1,1
7705,55,weighted,10,0.1958598726114649,0,14,None,66,1,5,False,1,1
7706,56,weighted,10,0.196656050955414,0,14,None,66,1,5,False,1,1
7707,57,weighted,10,0.1969546178343949,0,14,None,66,1,5,False,1,1
7708,58,weighted,10,0.1969546178343949,0,14,None,66,1,5,False,1,1
7709,59,weighted,10,0.1971536624203821,0,14,None,66,1,5,False,1,1
7710,55,weighted,10,0.1990445859872611,0,22,None,66,1,5,False,1,1
7711,56,weighted,10,0.1990445859872611,0,22,None,66,1,5,False,1,1
7712,57,weighted,10,0.1990445859872611,0,22,None,66,1,5,False,1,1
7713,58,weighted,10,0.1990445859872611,0,22,None,66,1,5,False,1,1
7714,59,weighted,10,0.1990445859872611,0,22,None,66,1,5,False,1,1
7715,55,weighted,10,0.1983479299363057,0,15,None,66,1,5,False,1,1
7716,56,weighted,10,0.1982484076433121,0,15,None,66,1,5,False,1,1
7717,57,weighted,10,0.1980493630573248,0,15,None,66,1,5,False,1,1
7718,58,weighted,10,0.1977507961783439,0,15,None,66,1,5,False,1,1
7719,59,weighted,10,0.1977507961783439,0,15,None,66,1,5,False,1,1
7720,55,weighted,10,0.1965565286624203,0,10,None,66,1,5,False,1,1
7721,56,weighted,10,0.1963574840764331,0,10,None,66,1,5,False,1,1
7722,57,weighted,10,0.1965565286624203,0,10,None,66,1,5,False,1,1
7723,58,weighted,10,0.1975517515923567,0,10,None,66,1,5,False,1,1
7724,59,weighted,10,0.1980493630573248,0,10,None,66,1,5,False,1,1
7725,55,weighted,10,0.1987460191082802,0,4,None,66,1,5,False,1,1
7726,56,weighted,10,0.1987460191082802,0,4,None,66,1,5,False,1,1
7727,57,weighted,10,0.1987460191082802,0,4,None,66,1,5,False,1,1
7728,58,weighted,10,0.1988455414012739,0,4,None,66,1,5,False,1,1
7729,59,weighted,10,0.1988455414012739,0,4,None,66,1,5,False,1,1
7730,55,weighted,10,0.2029259554140127,0,7,None,66,1,5,False,1,1
7731,56,weighted,10,0.206608280254777,0,7,None,66,1,5,False,1,1
7732,57,weighted,10,0.2093949044585987,0,7,None,66,1,5,False,1,1
7733,58,weighted,10,0.2110867834394904,0,7,None,66,1,5,False,1,1
7734,59,weighted,10,0.212281050955414,0,7,None,66,1,5,False,1,1
7735,55,weighted,10,0.1989450636942675,0,32,None,66,1,5,False,1,1
7736,56,weighted,10,0.1989450636942675,0,32,None,66,1,5,False,1,1
7737,57,weighted,10,0.1989450636942675,0,32,None,66,1,5,False,1,1
7738,58,weighted,10,0.1989450636942675,0,32,None,66,1,5,False,1,1
7739,59,weighted,10,0.1989450636942675,0,32,None,66,1,5,False,1,1
7740,55,weighted,10,0.1986464968152866,0,2,None,66,1,5,False,1,1
7741,56,weighted,10,0.1987460191082802,0,2,None,66,1,5,False,1,1
7742,57,weighted,10,0.1987460191082802,0,2,None,66,1,5,False,1,1
7743,58,weighted,10,0.1987460191082802,0,2,None,66,1,5,False,1,1
7744,59,weighted,10,0.1987460191082802,0,2,None,66,1,5,False,1,1
7745,55,weighted,10,0.2556727707006369,0,3,None,66,1,5,False,1,1
7746,56,weighted,10,0.2558718152866242,0,3,None,66,1,5,False,1,1
7747,57,weighted,10,0.2502985668789809,0,3,None,66,1,5,False,1,1
7748,58,weighted,10,0.2406449044585987,0,3,None,66,1,5,False,1,1
7749,59,weighted,10,0.2280055732484076,0,3,None,66,1,5,False,1,1
7750,55,weighted,10,0.1992436305732484,0,0,None,66,1,5,False,1,1
7751,56,weighted,10,0.1990445859872611,0,0,None,66,1,5,False,1,1
7752,57,weighted,10,0.1990445859872611,0,0,None,66,1,5,False,1,1
7753,58,weighted,10,0.1989450636942675,0,0,None,66,1,5,False,1,1
7754,59,weighted,10,0.1989450636942675,0,0,None,66,1,5,False,1,1
7755,60,weighted,10,0.1968550955414012,0,14,None,66,1,5,False,1,1
7756,61,weighted,10,0.1970541401273885,0,14,None,66,1,5,False,1,1
7757,62,weighted,10,0.197452229299363,0,14,None,66,1,5,False,1,1
7758,63,weighted,10,0.1973527070063694,0,14,None,66,1,5,False,1,1
7759,64,weighted,10,0.1975517515923567,0,14,None,66,1,5,False,1,1
7760,60,weighted,10,0.2388535031847133,0,25,None,66,1,5,False,1,1
7761,61,weighted,10,0.2229299363057325,0,25,None,66,1,5,False,1,1
7762,62,weighted,10,0.21765525477707,0,25,None,66,1,5,False,1,1
7763,63,weighted,10,0.2199442675159235,0,25,None,66,1,5,False,1,1
7764,64,weighted,10,0.2231289808917197,0,25,None,66,1,5,False,1,1
7765,60,weighted,10,0.201234076433121,0,26,None,66,1,5,False,1,1
7766,61,weighted,10,0.2015326433121019,0,26,None,66,1,5,False,1,1
7767,62,weighted,10,0.2022292993630573,0,26,None,66,1,5,False,1,1
7768,63,weighted,10,0.2035230891719745,0,26,None,66,1,5,False,1,1
7769,64,weighted,10,0.203125,0,26,None,66,1,5,False,1,1
7770,60,weighted,10,0.2067078025477707,0,1,None,66,1,5,False,1,1
7771,61,weighted,10,0.1979498407643312,0,1,None,66,1,5,False,1,1
7772,62,weighted,10,0.1977507961783439,0,1,None,66,1,5,False,1,1
7773,63,weighted,10,0.1976512738853503,0,1,None,66,1,5,False,1,1
7774,64,weighted,10,0.1992436305732484,0,1,None,66,1,5,False,1,1
7775,60,weighted,10,0.1986464968152866,0,2,None,66,1,5,False,1,1
7776,61,weighted,10,0.1987460191082802,0,2,None,66,1,5,False,1,1
7777,62,weighted,10,0.1987460191082802,0,2,None,66,1,5,False,1,1
7778,63,weighted,10,0.1987460191082802,0,2,None,66,1,5,False,1,1
7779,64,weighted,10,0.1987460191082802,0,2,None,66,1,5,False,1,1
7780,60,weighted,10,0.1990445859872611,0,11,None,66,1,5,False,1,1
7781,61,weighted,10,0.1990445859872611,0,11,None,66,1,5,False,1,1
7782,62,weighted,10,0.1990445859872611,0,11,None,66,1,5,False,1,1
7783,63,weighted,10,0.1990445859872611,0,11,None,66,1,5,False,1,1
7784,64,weighted,10,0.1989450636942675,0,11,None,66,1,5,False,1,1
7785,60,weighted,10,0.1981488853503184,0,15,None,66,1,5,False,1,1
7786,61,weighted,10,0.1978503184713375,0,15,None,66,1,5,False,1,1
7787,62,weighted,10,0.1977507961783439,0,15,None,66,1,5,False,1,1
7788,63,weighted,10,0.1976512738853503,0,15,None,66,1,5,False,1,1
7789,64,weighted,10,0.1976512738853503,0,15,None,66,1,5,False,1,1
7790,60,weighted,10,0.2022292993630573,0,17,None,66,1,5,False,1,1
7791,61,weighted,10,0.2041202229299363,0,17,None,66,1,5,False,1,1
7792,62,weighted,10,0.2117834394904458,0,17,None,66,1,5,False,1,1
7793,63,weighted,10,0.2175557324840764,0,17,None,66,1,5,False,1,1
7794,64,weighted,10,0.2237261146496815,0,17,None,66,1,5,False,1,1
7795,60,weighted,10,0.1994426751592356,0,28,None,66,1,5,False,1,1
7796,61,weighted,10,0.2025278662420382,0,28,None,66,1,5,False,1,1
7797,62,weighted,10,0.1975517515923567,0,28,None,66,1,5,False,1,1
7798,63,weighted,10,0.1977507961783439,0,28,None,66,1,5,False,1,1
7799,64,weighted,10,0.1988455414012739,0,28,None,66,1,5,False,1,1
7800,60,weighted,10,0.2054140127388535,0,5,None,66,1,5,False,1,1
7801,61,weighted,10,0.2083996815286624,0,5,None,66,1,5,False,1,1
7802,62,weighted,10,0.2127786624203821,0,5,None,66,1,5,False,1,1
7803,63,weighted,10,0.2729896496815286,0,5,None,66,1,5,False,1,1
7804,64,weighted,10,0.1950636942675159,0,5,None,66,1,5,False,1,1
7805,60,weighted,10,0.1990445859872611,0,20,None,66,1,5,False,1,1
7806,61,weighted,10,0.1990445859872611,0,20,None,66,1,5,False,1,1
7807,62,weighted,10,0.1990445859872611,0,20,None,66,1,5,False,1,1
7808,63,weighted,10,0.1990445859872611,0,20,None,66,1,5,False,1,1
7809,64,weighted,10,0.1991441082802547,0,20,None,66,1,5,False,1,1
7810,60,weighted,10,0.1962579617834395,0,10,None,66,1,5,False,1,1
7811,61,weighted,10,0.1963574840764331,0,10,None,66,1,5,False,1,1
7812,62,weighted,10,0.1971536624203821,0,10,None,66,1,5,False,1,1
7813,63,weighted,10,0.1976512738853503,0,10,None,66,1,5,False,1,1
7814,64,weighted,10,0.1978503184713375,0,10,None,66,1,5,False,1,1
7815,60,weighted,10,0.2054140127388535,0,22,None,66,1,5,False,1,1
7816,61,weighted,10,0.1998407643312102,0,22,None,66,1,5,False,1,1
7817,62,weighted,10,0.1990445859872611,0,22,None,66,1,5,False,1,1
7818,63,weighted,10,0.1990445859872611,0,22,None,66,1,5,False,1,1
7819,64,weighted,10,0.1990445859872611,0,22,None,66,1,5,False,1,1
7820,60,weighted,10,0.1990445859872611,0,13,None,66,1,5,False,1,1
7821,61,weighted,10,0.1990445859872611,0,13,None,66,1,5,False,1,1
7822,62,weighted,10,0.1990445859872611,0,13,None,66,1,5,False,1,1
7823,63,weighted,10,0.1990445859872611,0,13,None,66,1,5,False,1,1
7824,64,weighted,10,0.1990445859872611,0,13,None,66,1,5,False,1,1
7825,60,weighted,10,0.1987460191082802,0,12,None,66,1,5,False,1,1
7826,61,weighted,10,0.1995421974522293,0,12,None,66,1,5,False,1,1
7827,62,weighted,10,0.2026273885350318,0,12,None,66,1,5,False,1,1
7828,63,weighted,10,0.2052149681528662,0,12,None,66,1,5,False,1,1
7829,64,weighted,10,0.2079020700636942,0,12,None,66,1,5,False,1,1
7830,60,weighted,10,0.198546974522293,0,21,None,66,1,5,False,1,1
7831,61,weighted,10,0.1992436305732484,0,21,None,66,1,5,False,1,1
7832,62,weighted,10,0.20203025477707,0,21,None,66,1,5,False,1,1
7833,63,weighted,10,0.2091958598726114,0,21,None,66,1,5,False,1,1
7834,64,weighted,10,0.2150676751592356,0,21,None,66,1,5,False,1,1
7835,60,weighted,10,0.1990445859872611,0,23,None,66,1,5,False,1,1
7836,61,weighted,10,0.1990445859872611,0,23,None,66,1,5,False,1,1
7837,62,weighted,10,0.1989450636942675,0,23,None,66,1,5,False,1,1
7838,63,weighted,10,0.1988455414012739,0,23,None,66,1,5,False,1,1
7839,64,weighted,10,0.1988455414012739,0,23,None,66,1,5,False,1,1
7840,60,weighted,10,0.1990445859872611,0,4,None,66,1,5,False,1,1
7841,61,weighted,10,0.1990445859872611,0,4,None,66,1,5,False,1,1
7842,62,weighted,10,0.1990445859872611,0,4,None,66,1,5,False,1,1
7843,63,weighted,10,0.1990445859872611,0,4,None,66,1,5,False,1,1
7844,64,weighted,10,0.1990445859872611,0,4,None,66,1,5,False,1,1
7845,60,weighted,10,0.2065087579617834,0,24,None,66,1,5,False,1,1
7846,61,weighted,10,0.2075039808917197,0,24,None,66,1,5,False,1,1
7847,62,weighted,10,0.2230294585987261,0,24,None,66,1,5,False,1,1
7848,63,weighted,10,0.1949641719745223,0,24,None,66,1,5,False,1,1
7849,64,weighted,10,0.1953622611464968,0,24,None,66,1,5,False,1,1
7850,60,weighted,10,0.229796974522293,0,27,None,66,1,5,False,1,1
7851,61,weighted,10,0.2361664012738853,0,27,None,66,1,5,False,1,1
7852,62,weighted,10,0.2446257961783439,0,27,None,66,1,5,False,1,1
7853,63,weighted,10,0.2615445859872611,0,27,None,66,1,5,False,1,1
7854,64,weighted,10,0.2217356687898089,0,27,None,66,1,5,False,1,1
7855,60,weighted,10,0.1962579617834395,0,30,None,66,1,5,False,1,1
7856,61,weighted,10,0.1967555732484076,0,30,None,66,1,5,False,1,1
7857,62,weighted,10,0.1968550955414012,0,30,None,66,1,5,False,1,1
7858,63,weighted,10,0.1967555732484076,0,30,None,66,1,5,False,1,1
7859,64,weighted,10,0.1967555732484076,0,30,None,66,1,5,False,1,1
7860,60,weighted,10,0.2019307324840764,0,7,None,66,1,5,False,1,1
7861,61,weighted,10,0.2027269108280254,0,7,None,66,1,5,False,1,1
7862,62,weighted,10,0.2029259554140127,0,7,None,66,1,5,False,1,1
7863,63,weighted,10,0.2023288216560509,0,7,None,66,1,5,False,1,1
7864,64,weighted,10,0.2037221337579617,0,7,None,66,1,5,False,1,1
7865,60,weighted,10,0.2082006369426751,0,6,None,66,1,5,False,1,1
7866,61,weighted,10,0.2090963375796178,0,6,None,66,1,5,False,1,1
7867,62,weighted,10,0.2100915605095541,0,6,None,66,1,5,False,1,1
7868,63,weighted,10,0.2117834394904458,0,6,None,66,1,5,False,1,1
7869,64,weighted,10,0.2132762738853503,0,6,None,66,1,5,False,1,1
7870,60,weighted,10,0.1969546178343949,0,16,None,66,1,5,False,1,1
7871,61,weighted,10,0.1961584394904458,0,16,None,66,1,5,False,1,1
7872,62,weighted,10,0.1963574840764331,0,16,None,66,1,5,False,1,1
7873,63,weighted,10,0.1981488853503184,0,16,None,66,1,5,False,1,1
7874,64,weighted,10,0.1998407643312102,0,16,None,66,1,5,False,1,1
7875,60,weighted,10,0.1990445859872611,0,32,None,66,1,5,False,1,1
7876,61,weighted,10,0.1990445859872611,0,32,None,66,1,5,False,1,1
7877,62,weighted,10,0.1990445859872611,0,32,None,66,1,5,False,1,1
7878,63,weighted,10,0.1990445859872611,0,32,None,66,1,5,False,1,1
7879,64,weighted,10,0.1990445859872611,0,32,None,66,1,5,False,1,1
7880,60,weighted,10,0.2060111464968153,0,8,None,66,1,5,False,1,1
7881,61,weighted,10,0.2067078025477707,0,8,None,66,1,5,False,1,1
7882,62,weighted,10,0.2074044585987261,0,8,None,66,1,5,False,1,1
7883,63,weighted,10,0.2085987261146497,0,8,None,66,1,5,False,1,1
7884,64,weighted,10,0.2106886942675159,0,8,None,66,1,5,False,1,1
7885,60,weighted,10,0.2543789808917197,0,3,None,66,1,5,False,1,1
7886,61,weighted,10,0.2552746815286624,0,3,None,66,1,5,False,1,1
7887,62,weighted,10,0.2560708598726114,0,3,None,66,1,5,False,1,1
7888,63,weighted,10,0.2548765923566879,0,3,None,66,1,5,False,1,1
7889,64,weighted,10,0.251890923566879,0,3,None,66,1,5,False,1,1
7890,60,weighted,10,0.197452229299363,0,18,None,66,1,5,False,1,1
7891,61,weighted,10,0.1979498407643312,0,18,None,66,1,5,False,1,1
7892,62,weighted,10,0.198546974522293,0,18,None,66,1,5,False,1,1
7893,63,weighted,10,0.1982484076433121,0,18,None,66,1,5,False,1,1
7894,64,weighted,10,0.1981488853503184,0,18,None,66,1,5,False,1,1
7895,60,weighted,10,0.1992436305732484,0,19,None,66,1,5,False,1,1
7896,61,weighted,10,0.1997412420382165,0,19,None,66,1,5,False,1,1
7897,62,weighted,10,0.2003383757961783,0,19,None,66,1,5,False,1,1
7898,63,weighted,10,0.2003383757961783,0,19,None,66,1,5,False,1,1
7899,64,weighted,10,0.2003383757961783,0,19,None,66,1,5,False,1,1
7900,60,weighted,10,0.237858280254777,0,31,None,66,1,5,False,1,1
7901,61,weighted,10,0.2235270700636942,0,31,None,66,1,5,False,1,1
7902,62,weighted,10,0.2183519108280254,0,31,None,66,1,5,False,1,1
7903,63,weighted,10,0.2177547770700637,0,31,None,66,1,5,False,1,1
7904,64,weighted,10,0.2183519108280254,0,31,None,66,1,5,False,1,1
7905,60,weighted,10,0.1971536624203821,0,9,None,66,1,5,False,1,1
7906,61,weighted,10,0.1970541401273885,0,9,None,66,1,5,False,1,1
7907,62,weighted,10,0.1969546178343949,0,9,None,66,1,5,False,1,1
7908,63,weighted,10,0.1970541401273885,0,9,None,66,1,5,False,1,1
7909,64,weighted,10,0.1971536624203821,0,9,None,66,1,5,False,1,1
7910,60,weighted,10,0.1992436305732484,0,0,None,66,1,5,False,1,1
7911,61,weighted,10,0.1990445859872611,0,0,None,66,1,5,False,1,1
7912,62,weighted,10,0.1990445859872611,0,0,None,66,1,5,False,1,1
7913,63,weighted,10,0.1989450636942675,0,0,None,66,1,5,False,1,1
7914,64,weighted,10,0.1989450636942675,0,0,None,66,1,5,False,1,1
7915,60,weighted,10,0.2209394904458598,0,29,None,66,1,5,False,1,1
7916,61,weighted,10,0.23328025477707,0,29,None,66,1,5,False,1,1
7917,62,weighted,10,0.2013335987261146,0,29,None,66,1,5,False,1,1
7918,63,weighted,10,0.2035230891719745,0,29,None,66,1,5,False,1,1
7919,64,weighted,10,0.1997412420382165,0,29,None,66,1,5,False,1,1
8085,65,weighted,10,0.1990445859872611,0,22,None,66,1,5,False,1,1
8086,66,weighted,10,0.1990445859872611,0,22,None,66,1,5,False,1,1
8087,67,weighted,10,0.1990445859872611,0,22,None,66,1,5,False,1,1
8088,68,weighted,10,0.1990445859872611,0,22,None,66,1,5,False,1,1
8089,69,weighted,10,0.1990445859872611,0,22,None,66,1,5,False,1,1
8090,65,weighted,10,0.1973527070063694,0,14,None,66,1,5,False,1,1
8091,66,weighted,10,0.197452229299363,0,14,None,66,1,5,False,1,1
8092,67,weighted,10,0.1975517515923567,0,14,None,66,1,5,False,1,1
8093,68,weighted,10,0.1978503184713375,0,14,None,66,1,5,False,1,1
8094,69,weighted,10,0.1979498407643312,0,14,None,66,1,5,False,1,1
8095,65,weighted,10,0.1968550955414012,0,30,None,66,1,5,False,1,1
8096,66,weighted,10,0.196656050955414,0,30,None,66,1,5,False,1,1
8097,67,weighted,10,0.196656050955414,0,30,None,66,1,5,False,1,1
8098,68,weighted,10,0.1968550955414012,0,30,None,66,1,5,False,1,1
8099,69,weighted,10,0.1977507961783439,0,30,None,66,1,5,False,1,1
8100,65,weighted,10,0.1975517515923567,0,16,None,66,1,5,False,1,1
8101,66,weighted,10,0.1972531847133758,0,16,None,66,1,5,False,1,1
8102,67,weighted,10,0.1970541401273885,0,16,None,66,1,5,False,1,1
8103,68,weighted,10,0.1969546178343949,0,16,None,66,1,5,False,1,1
8104,69,weighted,10,0.1990445859872611,0,16,None,66,1,5,False,1,1
8105,65,weighted,10,0.2079020700636942,0,7,None,66,1,5,False,1,1
8106,66,weighted,10,0.2091958598726114,0,7,None,66,1,5,False,1,1
8107,67,weighted,10,0.2098925159235669,0,7,None,66,1,5,False,1,1
8108,68,weighted,10,0.2105891719745223,0,7,None,66,1,5,False,1,1
8109,69,weighted,10,0.2106886942675159,0,7,None,66,1,5,False,1,1
8110,65,weighted,10,0.1990445859872611,0,32,None,66,1,5,False,1,1
8111,66,weighted,10,0.1990445859872611,0,32,None,66,1,5,False,1,1
8112,67,weighted,10,0.1990445859872611,0,32,None,66,1,5,False,1,1
8113,68,weighted,10,0.1990445859872611,0,32,None,66,1,5,False,1,1
8114,69,weighted,10,0.1990445859872611,0,32,None,66,1,5,False,1,1
8115,65,weighted,10,0.1978503184713375,0,15,None,66,1,5,False,1,1
8116,66,weighted,10,0.1975517515923567,0,15,None,66,1,5,False,1,1
8117,67,weighted,10,0.197452229299363,0,15,None,66,1,5,False,1,1
8118,68,weighted,10,0.197452229299363,0,15,None,66,1,5,False,1,1
8119,69,weighted,10,0.1971536624203821,0,15,None,66,1,5,False,1,1
8120,65,weighted,10,0.1960589171974522,0,10,None,66,1,5,False,1,1
8121,66,weighted,10,0.1959593949044586,0,10,None,66,1,5,False,1,1
8122,67,weighted,10,0.1965565286624203,0,10,None,66,1,5,False,1,1
8123,68,weighted,10,0.1965565286624203,0,10,None,66,1,5,False,1,1
8124,69,weighted,10,0.1973527070063694,0,10,None,66,1,5,False,1,1
8125,65,weighted,10,0.2091958598726114,0,6,None,66,1,5,False,1,1
8126,66,weighted,10,0.2121815286624203,0,6,None,66,1,5,False,1,1
8127,67,weighted,10,0.2151671974522293,0,6,None,66,1,5,False,1,1
8128,68,weighted,10,0.2172571656050955,0,6,None,66,1,5,False,1,1
8129,69,weighted,10,0.219546178343949,0,6,None,66,1,5,False,1,1
8130,65,weighted,10,0.2057125796178344,0,12,None,66,1,5,False,1,1
8131,66,weighted,10,0.2079020700636942,0,12,None,66,1,5,False,1,1
8132,67,weighted,10,0.2107882165605095,0,12,None,66,1,5,False,1,1
8133,68,weighted,10,0.2129777070063694,0,12,None,66,1,5,False,1,1
8134,69,weighted,10,0.2155652866242038,0,12,None,66,1,5,False,1,1
8135,65,weighted,10,0.259952229299363,0,25,None,66,1,5,False,1,1
8136,66,weighted,10,0.2517914012738853,0,25,None,66,1,5,False,1,1
8137,67,weighted,10,0.2413415605095541,0,25,None,66,1,5,False,1,1
8138,68,weighted,10,0.2349721337579617,0,25,None,66,1,5,False,1,1
8139,69,weighted,10,0.234375,0,25,None,66,1,5,False,1,1
8140,65,weighted,10,0.2010350318471337,0,26,None,66,1,5,False,1,1
8141,66,weighted,10,0.2009355095541401,0,26,None,66,1,5,False,1,1
8142,67,weighted,10,0.201234076433121,0,26,None,66,1,5,False,1,1
8143,68,weighted,10,0.201234076433121,0,26,None,66,1,5,False,1,1
8144,69,weighted,10,0.2017316878980891,0,26,None,66,1,5,False,1,1
8145,65,weighted,10,0.1990445859872611,0,11,None,66,1,5,False,1,1
8146,66,weighted,10,0.1990445859872611,0,11,None,66,1,5,False,1,1
8147,67,weighted,10,0.1990445859872611,0,11,None,66,1,5,False,1,1
8148,68,weighted,10,0.1990445859872611,0,11,None,66,1,5,False,1,1
8149,69,weighted,10,0.1989450636942675,0,11,None,66,1,5,False,1,1
8150,65,weighted,10,0.2049164012738853,0,17,None,66,1,5,False,1,1
8151,66,weighted,10,0.2136743630573248,0,17,None,66,1,5,False,1,1
8152,67,weighted,10,0.2230294585987261,0,17,None,66,1,5,False,1,1
8153,68,weighted,10,0.2313893312101911,0,17,None,66,1,5,False,1,1
8154,69,weighted,10,0.2422372611464968,0,17,None,66,1,5,False,1,1
8155,65,weighted,10,0.2034235668789809,0,24,None,66,1,5,False,1,1
8156,66,weighted,10,0.2050159235668789,0,24,None,66,1,5,False,1,1
8157,67,weighted,10,0.2609474522292994,0,24,None,66,1,5,False,1,1
8158,68,weighted,10,0.1959593949044586,0,24,None,66,1,5,False,1,1
8159,69,weighted,10,0.1962579617834395,0,24,None,66,1,5,False,1,1
8160,65,weighted,10,0.1992436305732484,0,20,None,66,1,5,False,1,1
8161,66,weighted,10,0.1992436305732484,0,20,None,66,1,5,False,1,1
8162,67,weighted,10,0.1992436305732484,0,20,None,66,1,5,False,1,1
8163,68,weighted,10,0.199343152866242,0,20,None,66,1,5,False,1,1
8164,69,weighted,10,0.1992436305732484,0,20,None,66,1,5,False,1,1
8165,65,weighted,10,0.2035230891719745,0,19,None,66,1,5,False,1,1
8166,66,weighted,10,0.2045183121019108,0,19,None,66,1,5,False,1,1
8167,67,weighted,10,0.2049164012738853,0,19,None,66,1,5,False,1,1
8168,68,weighted,10,0.2060111464968153,0,19,None,66,1,5,False,1,1
8169,69,weighted,10,0.2068073248407643,0,19,None,66,1,5,False,1,1
8170,65,weighted,10,0.2548765923566879,0,31,None,66,1,5,False,1,1
8171,66,weighted,10,0.2542794585987261,0,31,None,66,1,5,False,1,1
8172,67,weighted,10,0.2550756369426751,0,31,None,66,1,5,False,1,1
8173,68,weighted,10,0.2555732484076433,0,31,None,66,1,5,False,1,1
8174,69,weighted,10,0.2566679936305732,0,31,None,66,1,5,False,1,1
8175,65,weighted,10,0.1980493630573248,0,18,None,66,1,5,False,1,1
8176,66,weighted,10,0.198546974522293,0,18,None,66,1,5,False,1,1
8177,67,weighted,10,0.198546974522293,0,18,None,66,1,5,False,1,1
8178,68,weighted,10,0.1984474522292993,0,18,None,66,1,5,False,1,1
8179,69,weighted,10,0.1984474522292993,0,18,None,66,1,5,False,1,1
8180,65,weighted,10,0.2036226114649681,0,1,None,66,1,5,False,1,1
8181,66,weighted,10,0.2210390127388535,0,1,None,66,1,5,False,1,1
8182,67,weighted,10,0.2023288216560509,0,1,None,66,1,5,False,1,1
8183,68,weighted,10,0.2045183121019108,0,1,None,66,1,5,False,1,1
8184,69,weighted,10,0.2067078025477707,0,1,None,66,1,5,False,1,1
8185,65,weighted,10,0.1987460191082802,0,2,None,66,1,5,False,1,1
8186,66,weighted,10,0.1987460191082802,0,2,None,66,1,5,False,1,1
8187,67,weighted,10,0.1987460191082802,0,2,None,66,1,5,False,1,1
8188,68,weighted,10,0.1987460191082802,0,2,None,66,1,5,False,1,1
8189,69,weighted,10,0.1987460191082802,0,2,None,66,1,5,False,1,1
8190,65,weighted,10,0.1991441082802547,0,0,None,66,1,5,False,1,1
8191,66,weighted,10,0.1990445859872611,0,0,None,66,1,5,False,1,1
8192,67,weighted,10,0.1990445859872611,0,0,None,66,1,5,False,1,1
8193,68,weighted,10,0.1990445859872611,0,0,None,66,1,5,False,1,1
8194,69,weighted,10,0.1989450636942675,0,0,None,66,1,5,False,1,1
8195,65,weighted,10,0.2457205414012739,0,3,None,66,1,5,False,1,1
8196,66,weighted,10,0.2502985668789809,0,3,None,66,1,5,False,1,1
8197,67,weighted,10,0.2544785031847134,0,3,None,66,1,5,False,1,1
8198,68,weighted,10,0.2579617834394904,0,3,None,66,1,5,False,1,1
8199,69,weighted,10,0.2595541401273885,0,3,None,66,1,5,False,1,1
8200,65,weighted,10,0.2010350318471337,0,5,None,66,1,5,False,1,1
8201,66,weighted,10,0.2022292993630573,0,5,None,66,1,5,False,1,1
8202,67,weighted,10,0.2048168789808917,0,5,None,66,1,5,False,1,1
8203,68,weighted,10,0.241640127388535,0,5,None,66,1,5,False,1,1
8204,69,weighted,10,0.1958598726114649,0,5,None,66,1,5,False,1,1
8205,65,weighted,10,0.1990445859872611,0,4,None,66,1,5,False,1,1
8206,66,weighted,10,0.1990445859872611,0,4,None,66,1,5,False,1,1
8207,67,weighted,10,0.1990445859872611,0,4,None,66,1,5,False,1,1
8208,68,weighted,10,0.1994426751592356,0,4,None,66,1,5,False,1,1
8209,69,weighted,10,0.2002388535031847,0,4,None,66,1,5,False,1,1
8210,65,weighted,10,0.1973527070063694,0,9,None,66,1,5,False,1,1
8211,66,weighted,10,0.1972531847133758,0,9,None,66,1,5,False,1,1
8212,67,weighted,10,0.1973527070063694,0,9,None,66,1,5,False,1,1
8213,68,weighted,10,0.1975517515923567,0,9,None,66,1,5,False,1,1
8214,69,weighted,10,0.1976512738853503,0,9,None,66,1,5,False,1,1
8215,65,weighted,10,0.2119824840764331,0,8,None,66,1,5,False,1,1
8216,66,weighted,10,0.2120820063694267,0,8,None,66,1,5,False,1,1
8217,67,weighted,10,0.2144705414012739,0,8,None,66,1,5,False,1,1
8218,68,weighted,10,0.2159633757961783,0,8,None,66,1,5,False,1,1
8219,69,weighted,10,0.2182523885350318,0,8,None,66,1,5,False,1,1
8220,65,weighted,10,0.1990445859872611,0,13,None,66,1,5,False,1,1
8221,66,weighted,10,0.1990445859872611,0,13,None,66,1,5,False,1,1
8222,67,weighted,10,0.1990445859872611,0,13,None,66,1,5,False,1,1
8223,68,weighted,10,0.1991441082802547,0,13,None,66,1,5,False,1,1
8224,69,weighted,10,0.1994426751592356,0,13,None,66,1,5,False,1,1
8225,65,weighted,10,0.2003383757961783,0,21,None,66,1,5,False,1,1
8226,66,weighted,10,0.2069068471337579,0,21,None,66,1,5,False,1,1
8227,67,weighted,10,0.2118829617834395,0,21,None,66,1,5,False,1,1
8228,68,weighted,10,0.21765525477707,0,21,None,66,1,5,False,1,1
8229,69,weighted,10,0.2269108280254777,0,21,None,66,1,5,False,1,1
8230,65,weighted,10,0.1990445859872611,0,23,None,66,1,5,False,1,1
8231,66,weighted,10,0.1989450636942675,0,23,None,66,1,5,False,1,1
8232,67,weighted,10,0.1989450636942675,0,23,None,66,1,5,False,1,1
8233,68,weighted,10,0.1988455414012739,0,23,None,66,1,5,False,1,1
8234,69,weighted,10,0.1987460191082802,0,23,None,66,1,5,False,1,1
8235,65,weighted,10,0.23328025477707,0,27,None,66,1,5,False,1,1
8236,66,weighted,10,0.2394506369426751,0,27,None,66,1,5,False,1,1
8237,67,weighted,10,0.2477109872611465,0,27,None,66,1,5,False,1,1
8238,68,weighted,10,0.2474124203821656,0,27,None,66,1,5,False,1,1
8239,69,weighted,10,0.2278065286624203,0,27,None,66,1,5,False,1,1
8240,65,weighted,10,0.1990445859872611,0,28,None,66,1,5,False,1,1
8241,66,weighted,10,0.2006369426751592,0,28,None,66,1,5,False,1,1
8242,67,weighted,10,0.2080015923566879,0,28,None,66,1,5,False,1,1
8243,68,weighted,10,0.2032245222929936,0,28,None,66,1,5,False,1,1
8244,69,weighted,10,0.2055135350318471,0,28,None,66,1,5,False,1,1
8245,65,weighted,10,0.2086982484076433,0,29,None,66,1,5,False,1,1
8246,66,weighted,10,0.2116839171974522,0,29,None,66,1,5,False,1,1
8247,67,weighted,10,0.2181528662420382,0,29,None,66,1,5,False,1,1
8248,68,weighted,10,0.2003383757961783,0,29,None,66,1,5,False,1,1
8249,69,weighted,10,0.2106886942675159,0,29,None,66,1,5,False,1,1
8250,70,weighted,10,0.197452229299363,0,15,None,66,1,5,False,1,1
8251,71,weighted,10,0.197452229299363,0,15,None,66,1,5,False,1,1
8252,72,weighted,10,0.1973527070063694,0,15,None,66,1,5,False,1,1
8253,73,weighted,10,0.1980493630573248,0,15,None,66,1,5,False,1,1
8254,74,weighted,10,0.1986464968152866,0,15,None,66,1,5,False,1,1
8255,70,weighted,10,0.1958598726114649,0,10,None,66,1,5,False,1,1
8256,71,weighted,10,0.1961584394904458,0,10,None,66,1,5,False,1,1
8257,72,weighted,10,0.1963574840764331,0,10,None,66,1,5,False,1,1
8258,73,weighted,10,0.196656050955414,0,10,None,66,1,5,False,1,1
8259,74,weighted,10,0.1970541401273885,0,10,None,66,1,5,False,1,1
8260,70,weighted,10,0.1990445859872611,0,11,None,66,1,5,False,1,1
8261,71,weighted,10,0.1990445859872611,0,11,None,66,1,5,False,1,1
8262,72,weighted,10,0.1990445859872611,0,11,None,66,1,5,False,1,1
8263,73,weighted,10,0.1990445859872611,0,11,None,66,1,5,False,1,1
8264,74,weighted,10,0.1989450636942675,0,11,None,66,1,5,False,1,1
8265,70,weighted,10,0.1992436305732484,0,20,None,66,1,5,False,1,1
8266,71,weighted,10,0.1992436305732484,0,20,None,66,1,5,False,1,1
8267,72,weighted,10,0.1992436305732484,0,20,None,66,1,5,False,1,1
8268,73,weighted,10,0.1992436305732484,0,20,None,66,1,5,False,1,1
8269,74,weighted,10,0.199343152866242,0,20,None,66,1,5,False,1,1
8270,70,weighted,10,0.2009355095541401,0,26,None,66,1,5,False,1,1
8271,71,weighted,10,0.2011345541401273,0,26,None,66,1,5,False,1,1
8272,72,weighted,10,0.2009355095541401,0,26,None,66,1,5,False,1,1
8273,73,weighted,10,0.2013335987261146,0,26,None,66,1,5,False,1,1
8274,74,weighted,10,0.2013335987261146,0,26,None,66,1,5,False,1,1
8275,70,weighted,10,0.1990445859872611,0,32,None,66,1,5,False,1,1
8276,71,weighted,10,0.1990445859872611,0,32,None,66,1,5,False,1,1
8277,72,weighted,10,0.1990445859872611,0,32,None,66,1,5,False,1,1
8278,73,weighted,10,0.1990445859872611,0,32,None,66,1,5,False,1,1
8279,74,weighted,10,0.1990445859872611,0,32,None,66,1,5,False,1,1
8280,70,weighted,10,0.1975517515923567,0,14,None,66,1,5,False,1,1
8281,71,weighted,10,0.1978503184713375,0,14,None,66,1,5,False,1,1
8282,72,weighted,10,0.1981488853503184,0,14,None,66,1,5,False,1,1
8283,73,weighted,10,0.1980493630573248,0,14,None,66,1,5,False,1,1
8284,74,weighted,10,0.1981488853503184,0,14,None,66,1,5,False,1,1
8285,70,weighted,10,0.1991441082802547,0,22,None,66,1,5,False,1,1
8286,71,weighted,10,0.1990445859872611,0,22,None,66,1,5,False,1,1
8287,72,weighted,10,0.1990445859872611,0,22,None,66,1,5,False,1,1
8288,73,weighted,10,0.1990445859872611,0,22,None,66,1,5,False,1,1
8289,74,weighted,10,0.1990445859872611,0,22,None,66,1,5,False,1,1
8290,70,weighted,10,0.2112858280254777,0,12,None,66,1,5,False,1,1
8291,71,weighted,10,0.2143710191082802,0,12,None,66,1,5,False,1,1
8292,72,weighted,10,0.2182523885350318,0,12,None,66,1,5,False,1,1
8293,73,weighted,10,0.2225318471337579,0,12,None,66,1,5,False,1,1
8294,74,weighted,10,0.2259156050955414,0,12,None,66,1,5,False,1,1
8295,70,weighted,10,0.2655254777070063,0,25,None,66,1,5,False,1,1
8296,71,weighted,10,0.2540804140127388,0,25,None,66,1,5,False,1,1
8297,72,weighted,10,0.2446257961783439,0,25,None,66,1,5,False,1,1
8298,73,weighted,10,0.2425358280254777,0,25,None,66,1,5,False,1,1
8299,74,weighted,10,0.2453224522292993,0,25,None,66,1,5,False,1,1
8300,70,weighted,10,0.1979498407643312,0,16,None,66,1,5,False,1,1
8301,71,weighted,10,0.1977507961783439,0,16,None,66,1,5,False,1,1
8302,72,weighted,10,0.1972531847133758,0,16,None,66,1,5,False,1,1
8303,73,weighted,10,0.1970541401273885,0,16,None,66,1,5,False,1,1
8304,74,weighted,10,0.1976512738853503,0,16,None,66,1,5,False,1,1
8305,70,weighted,10,0.2136743630573248,0,7,None,66,1,5,False,1,1
8306,71,weighted,10,0.214968152866242,0,7,None,66,1,5,False,1,1
8307,72,weighted,10,0.2154657643312102,0,7,None,66,1,5,False,1,1
8308,73,weighted,10,0.2162619426751592,0,7,None,66,1,5,False,1,1
8309,74,weighted,10,0.2171576433121019,0,7,None,66,1,5,False,1,1
8310,70,weighted,10,0.2094944267515923,0,17,None,66,1,5,False,1,1
8311,71,weighted,10,0.2230294585987261,0,17,None,66,1,5,False,1,1
8312,72,weighted,10,0.2355692675159235,0,17,None,66,1,5,False,1,1
8313,73,weighted,10,0.2487062101910828,0,17,None,66,1,5,False,1,1
8314,74,weighted,10,0.2898089171974522,0,17,None,66,1,5,False,1,1
8315,70,weighted,10,0.2070063694267516,0,24,None,66,1,5,False,1,1
8316,71,weighted,10,0.2044187898089172,0,24,None,66,1,5,False,1,1
8317,72,weighted,10,0.2506966560509554,0,24,None,66,1,5,False,1,1
8318,73,weighted,10,0.196656050955414,0,24,None,66,1,5,False,1,1
8319,74,weighted,10,0.1970541401273885,0,24,None,66,1,5,False,1,1
8320,70,weighted,10,0.2627388535031847,0,31,None,66,1,5,False,1,1
8321,71,weighted,10,0.2628383757961783,0,31,None,66,1,5,False,1,1
8322,72,weighted,10,0.2639331210191082,0,31,None,66,1,5,False,1,1
8323,73,weighted,10,0.2663216560509554,0,31,None,66,1,5,False,1,1
8324,74,weighted,10,0.2687101910828025,0,31,None,66,1,5,False,1,1
8325,70,weighted,10,0.206608280254777,0,1,None,66,1,5,False,1,1
8326,71,weighted,10,0.221437101910828,0,1,None,66,1,5,False,1,1
8327,72,weighted,10,0.2101910828025477,0,1,None,66,1,5,False,1,1
8328,73,weighted,10,0.2126791401273885,0,1,None,66,1,5,False,1,1
8329,74,weighted,10,0.2159633757961783,0,1,None,66,1,5,False,1,1
8330,70,weighted,10,0.1987460191082802,0,2,None,66,1,5,False,1,1
8331,71,weighted,10,0.1987460191082802,0,2,None,66,1,5,False,1,1
8332,72,weighted,10,0.1987460191082802,0,2,None,66,1,5,False,1,1
8333,73,weighted,10,0.1987460191082802,0,2,None,66,1,5,False,1,1
8334,74,weighted,10,0.1987460191082802,0,2,None,66,1,5,False,1,1
8335,70,weighted,10,0.1994426751592356,0,0,None,66,1,5,False,1,1
8336,71,weighted,10,0.1992436305732484,0,0,None,66,1,5,False,1,1
8337,72,weighted,10,0.1991441082802547,0,0,None,66,1,5,False,1,1
8338,73,weighted,10,0.1991441082802547,0,0,None,66,1,5,False,1,1
8339,74,weighted,10,0.1990445859872611,0,0,None,66,1,5,False,1,1
8340,70,weighted,10,0.1990445859872611,0,4,None,66,1,5,False,1,1
8341,71,weighted,10,0.201234076433121,0,4,None,66,1,5,False,1,1
8342,72,weighted,10,0.2024283439490445,0,4,None,66,1,5,False,1,1
8343,73,weighted,10,0.2036226114649681,0,4,None,66,1,5,False,1,1
8344,74,weighted,10,0.2041202229299363,0,4,None,66,1,5,False,1,1
8345,70,weighted,10,0.2363654458598726,0,3,None,66,1,5,False,1,1
8346,71,weighted,10,0.241640127388535,0,3,None,66,1,5,False,1,1
8347,72,weighted,10,0.2486066878980891,0,3,None,66,1,5,False,1,1
8348,73,weighted,10,0.2558718152866242,0,3,None,66,1,5,False,1,1
8349,74,weighted,10,0.2613455414012738,0,3,None,66,1,5,False,1,1
8350,70,weighted,10,0.2016321656050955,0,5,None,66,1,5,False,1,1
8351,71,weighted,10,0.2030254777070063,0,5,None,66,1,5,False,1,1
8352,72,weighted,10,0.254578025477707,0,5,None,66,1,5,False,1,1
8353,73,weighted,10,0.1965565286624203,0,5,None,66,1,5,False,1,1
8354,74,weighted,10,0.197452229299363,0,5,None,66,1,5,False,1,1
8355,70,weighted,10,0.1979498407643312,0,9,None,66,1,5,False,1,1
8356,71,weighted,10,0.1977507961783439,0,9,None,66,1,5,False,1,1
8357,72,weighted,10,0.1977507961783439,0,9,None,66,1,5,False,1,1
8358,73,weighted,10,0.1976512738853503,0,9,None,66,1,5,False,1,1
8359,74,weighted,10,0.1977507961783439,0,9,None,66,1,5,False,1,1
8360,70,weighted,10,0.1989450636942675,0,13,None,66,1,5,False,1,1
8361,71,weighted,10,0.199343152866242,0,13,None,66,1,5,False,1,1
8362,72,weighted,10,0.199343152866242,0,13,None,66,1,5,False,1,1
8363,73,weighted,10,0.1994426751592356,0,13,None,66,1,5,False,1,1
8364,74,weighted,10,0.1997412420382165,0,13,None,66,1,5,False,1,1
8365,70,weighted,10,0.203921178343949,0,28,None,66,1,5,False,1,1
8366,71,weighted,10,0.2197452229299363,0,28,None,66,1,5,False,1,1
8367,72,weighted,10,0.208499203821656,0,28,None,66,1,5,False,1,1
8368,73,weighted,10,0.2110867834394904,0,28,None,66,1,5,False,1,1
8369,74,weighted,10,0.2151671974522293,0,28,None,66,1,5,False,1,1
8370,70,weighted,10,0.1990445859872611,0,23,None,66,1,5,False,1,1
8371,71,weighted,10,0.1989450636942675,0,23,None,66,1,5,False,1,1
8372,72,weighted,10,0.1989450636942675,0,23,None,66,1,5,False,1,1
8373,73,weighted,10,0.1988455414012739,0,23,None,66,1,5,False,1,1
8374,74,weighted,10,0.1987460191082802,0,23,None,66,1,5,False,1,1
8375,70,weighted,10,0.2030254777070063,0,29,None,66,1,5,False,1,1
8376,71,weighted,10,0.2033240445859872,0,29,None,66,1,5,False,1,1
8377,72,weighted,10,0.2097929936305732,0,29,None,66,1,5,False,1,1
8378,73,weighted,10,0.1969546178343949,0,29,None,66,1,5,False,1,1
8379,74,weighted,10,0.1970541401273885,0,29,None,66,1,5,False,1,1
8380,70,weighted,10,0.198546974522293,0,18,None,66,1,5,False,1,1
8381,71,weighted,10,0.198546974522293,0,18,None,66,1,5,False,1,1
8382,72,weighted,10,0.198546974522293,0,18,None,66,1,5,False,1,1
8383,73,weighted,10,0.1986464968152866,0,18,None,66,1,5,False,1,1
8384,74,weighted,10,0.198546974522293,0,18,None,66,1,5,False,1,1
8385,70,weighted,10,0.2188495222929936,0,8,None,66,1,5,False,1,1
8386,71,weighted,10,0.2200437898089172,0,8,None,66,1,5,False,1,1
8387,72,weighted,10,0.222233280254777,0,8,None,66,1,5,False,1,1
8388,73,weighted,10,0.2252189490445859,0,8,None,66,1,5,False,1,1
8389,74,weighted,10,0.2320859872611465,0,8,None,66,1,5,False,1,1
8390,70,weighted,10,0.2123805732484076,0,19,None,66,1,5,False,1,1
8391,71,weighted,10,0.2132762738853503,0,19,None,66,1,5,False,1,1
8392,72,weighted,10,0.2136743630573248,0,19,None,66,1,5,False,1,1
8393,73,weighted,10,0.214968152866242,0,19,None,66,1,5,False,1,1
8394,74,weighted,10,0.2164609872611465,0,19,None,66,1,5,False,1,1
8395,70,weighted,10,0.2153662420382165,0,21,None,66,1,5,False,1,1
8396,71,weighted,10,0.2247213375796178,0,21,None,66,1,5,False,1,1
8397,72,weighted,10,0.2341759554140127,0,21,None,66,1,5,False,1,1
8398,73,weighted,10,0.2442277070063694,0,21,None,66,1,5,False,1,1
8399,74,weighted,10,0.2536823248407643,0,21,None,66,1,5,False,1,1
8400,70,weighted,10,0.2164609872611465,0,6,None,66,1,5,False,1,1
8401,71,weighted,10,0.2198447452229299,0,6,None,66,1,5,False,1,1
8402,72,weighted,10,0.2216361464968153,0,6,None,66,1,5,False,1,1
8403,73,weighted,10,0.2239251592356688,0,6,None,66,1,5,False,1,1
8404,74,weighted,10,0.2267117834394904,0,6,None,66,1,5,False,1,1
8405,70,weighted,10,0.2418391719745223,0,27,None,66,1,5,False,1,1
8406,71,weighted,10,0.2520899681528662,0,27,None,66,1,5,False,1,1
8407,72,weighted,10,0.2382563694267516,0,27,None,66,1,5,False,1,1
8408,73,weighted,10,0.2402468152866242,0,27,None,66,1,5,False,1,1
8409,74,weighted,10,0.2438296178343949,0,27,None,66,1,5,False,1,1
8410,70,weighted,10,0.2107882165605095,0,30,None,66,1,5,False,1,1
8411,71,weighted,10,0.201234076433121,0,30,None,66,1,5,False,1,1
8412,72,weighted,10,0.2049164012738853,0,30,None,66,1,5,False,1,1
8413,73,weighted,10,0.2196457006369426,0,30,None,66,1,5,False,1,1
8414,74,weighted,10,0.2444267515923567,0,30,None,66,1,5,False,1,1
8415,75,weighted,10,0.2035230891719745,0,18,None,66,1,5,False,1,1
8416,76,weighted,10,0.1986464968152866,0,18,None,66,1,5,False,1,1
8417,77,weighted,10,0.1986464968152866,0,18,None,66,1,5,False,1,1
8418,78,weighted,10,0.1986464968152866,0,18,None,66,1,5,False,1,1
8419,79,weighted,10,0.1986464968152866,0,18,None,66,1,5,False,1,1
8420,75,weighted,10,0.2162619426751592,0,1,None,66,1,5,False,1,1
8421,76,weighted,10,0.216859076433121,0,1,None,66,1,5,False,1,1
8422,77,weighted,10,0.2228304140127388,0,1,None,66,1,5,False,1,1
8423,78,weighted,10,0.2276074840764331,0,1,None,66,1,5,False,1,1
8424,79,weighted,10,0.2314888535031847,0,1,None,66,1,5,False,1,1
8425,75,weighted,10,0.1987460191082802,0,2,None,66,1,5,False,1,1
8426,76,weighted,10,0.1987460191082802,0,2,None,66,1,5,False,1,1
8427,77,weighted,10,0.1987460191082802,0,2,None,66,1,5,False,1,1
8428,78,weighted,10,0.1987460191082802,0,2,None,66,1,5,False,1,1
8429,79,weighted,10,0.1989450636942675,0,2,None,66,1,5,False,1,1
8430,75,weighted,10,0.2181528662420382,0,28,None,66,1,5,False,1,1
8431,76,weighted,10,0.2140724522292993,0,28,None,66,1,5,False,1,1
8432,77,weighted,10,0.2206409235668789,0,28,None,66,1,5,False,1,1
8433,78,weighted,10,0.2283041401273885,0,28,None,66,1,5,False,1,1
8434,79,weighted,10,0.2340764331210191,0,28,None,66,1,5,False,1,1
8435,75,weighted,10,0.2032245222929936,0,29,None,66,1,5,False,1,1
8436,76,weighted,10,0.2366640127388535,0,29,None,66,1,5,False,1,1
8437,77,weighted,10,0.1972531847133758,0,29,None,66,1,5,False,1,1
8438,78,weighted,10,0.1976512738853503,0,29,None,66,1,5,False,1,1
8439,79,weighted,10,0.1975517515923567,0,29,None,66,1,5,False,1,1
8440,75,weighted,10,0.1989450636942675,0,23,None,66,1,5,False,1,1
8441,76,weighted,10,0.1989450636942675,0,23,None,66,1,5,False,1,1
8442,77,weighted,10,0.1989450636942675,0,23,None,66,1,5,False,1,1
8443,78,weighted,10,0.1987460191082802,0,23,None,66,1,5,False,1,1
8444,79,weighted,10,0.1989450636942675,0,23,None,66,1,5,False,1,1
8445,75,weighted,10,0.2482085987261146,0,17,None,66,1,5,False,1,1
8446,76,weighted,10,0.2710987261146497,0,17,None,66,1,5,False,1,1
8447,77,weighted,10,0.2996616242038216,0,17,None,66,1,5,False,1,1
8448,78,weighted,10,0.3726114649681528,0,17,None,66,1,5,False,1,1
8449,79,weighted,10,0.3309116242038216,0,17,None,66,1,5,False,1,1
8450,75,weighted,10,0.2022292993630573,0,5,None,66,1,5,False,1,1
8451,76,weighted,10,0.2164609872611465,0,5,None,66,1,5,False,1,1
8452,77,weighted,10,0.1977507961783439,0,5,None,66,1,5,False,1,1
8453,78,weighted,10,0.1979498407643312,0,5,None,66,1,5,False,1,1
8454,79,weighted,10,0.1981488853503184,0,5,None,66,1,5,False,1,1
8455,75,weighted,10,0.1991441082802547,0,32,None,66,1,5,False,1,1
8456,76,weighted,10,0.1991441082802547,0,32,None,66,1,5,False,1,1
8457,77,weighted,10,0.1990445859872611,0,32,None,66,1,5,False,1,1
8458,78,weighted,10,0.1991441082802547,0,32,None,66,1,5,False,1,1
8459,79,weighted,10,0.1990445859872611,0,32,None,66,1,5,False,1,1
8460,75,weighted,10,0.199343152866242,0,13,None,66,1,5,False,1,1
8461,76,weighted,10,0.1995421974522293,0,13,None,66,1,5,False,1,1
8462,77,weighted,10,0.1997412420382165,0,13,None,66,1,5,False,1,1
8463,78,weighted,10,0.1998407643312102,0,13,None,66,1,5,False,1,1
8464,79,weighted,10,0.2001393312101911,0,13,None,66,1,5,False,1,1
8465,75,weighted,10,0.2807523885350318,0,25,None,66,1,5,False,1,1
8466,76,weighted,10,0.26453025477707,0,25,None,66,1,5,False,1,1
8467,77,weighted,10,0.2596536624203822,0,25,None,66,1,5,False,1,1
8468,78,weighted,10,0.2607484076433121,0,25,None,66,1,5,False,1,1
8469,79,weighted,10,0.2661226114649681,0,25,None,66,1,5,False,1,1
8470,75,weighted,10,0.1979498407643312,0,14,None,66,1,5,False,1,1
8471,76,weighted,10,0.1981488853503184,0,14,None,66,1,5,False,1,1
8472,77,weighted,10,0.1981488853503184,0,14,None,66,1,5,False,1,1
8473,78,weighted,10,0.1981488853503184,0,14,None,66,1,5,False,1,1
8474,79,weighted,10,0.1983479299363057,0,14,None,66,1,5,False,1,1
8475,75,weighted,10,0.1979498407643312,0,9,None,66,1,5,False,1,1
8476,76,weighted,10,0.1979498407643312,0,9,None,66,1,5,False,1,1
8477,77,weighted,10,0.1979498407643312,0,9,None,66,1,5,False,1,1
8478,78,weighted,10,0.1978503184713375,0,9,None,66,1,5,False,1,1
8479,79,weighted,10,0.1980493630573248,0,9,None,66,1,5,False,1,1
8480,75,weighted,10,0.1998407643312102,0,22,None,66,1,5,False,1,1
8481,76,weighted,10,0.199343152866242,0,22,None,66,1,5,False,1,1
8482,77,weighted,10,0.1990445859872611,0,22,None,66,1,5,False,1,1
8483,78,weighted,10,0.1990445859872611,0,22,None,66,1,5,False,1,1
8484,79,weighted,10,0.1990445859872611,0,22,None,66,1,5,False,1,1
8485,75,weighted,10,0.2004378980891719,0,26,None,66,1,5,False,1,1
8486,76,weighted,10,0.2008359872611465,0,26,None,66,1,5,False,1,1
8487,77,weighted,10,0.201234076433121,0,26,None,66,1,5,False,1,1
8488,78,weighted,10,0.2013335987261146,0,26,None,66,1,5,False,1,1
8489,79,weighted,10,0.2018312101910828,0,26,None,66,1,5,False,1,1
8490,75,weighted,10,0.2243232484076433,0,12,None,66,1,5,False,1,1
8491,76,weighted,10,0.2281050955414012,0,12,None,66,1,5,False,1,1
8492,77,weighted,10,0.2338773885350318,0,12,None,66,1,5,False,1,1
8493,78,weighted,10,0.2380573248407643,0,12,None,66,1,5,False,1,1
8494,79,weighted,10,0.2425358280254777,0,12,None,66,1,5,False,1,1
8495,75,weighted,10,0.226015127388535,0,6,None,66,1,5,False,1,1
8496,76,weighted,10,0.2316878980891719,0,6,None,66,1,5,False,1,1
8497,77,weighted,10,0.2362659235668789,0,6,None,66,1,5,False,1,1
8498,78,weighted,10,0.2414410828025477,0,6,None,66,1,5,False,1,1
8499,79,weighted,10,0.2451234076433121,0,6,None,66,1,5,False,1,1
8500,75,weighted,10,0.2735867834394904,0,30,None,66,1,5,False,1,1
8501,76,weighted,10,0.2727906050955414,0,30,None,66,1,5,False,1,1
8502,77,weighted,10,0.2786624203821656,0,30,None,66,1,5,False,1,1
8503,78,weighted,10,0.2855294585987261,0,30,None,66,1,5,False,1,1
8504,79,weighted,10,0.2906050955414013,0,30,None,66,1,5,False,1,1
8505,75,weighted,10,0.2603503184713376,0,27,None,66,1,5,False,1,1
8506,76,weighted,10,0.2763734076433121,0,27,None,66,1,5,False,1,1
8507,77,weighted,10,0.2593550955414013,0,27,None,66,1,5,False,1,1
8508,78,weighted,10,0.2635350318471338,0,27,None,66,1,5,False,1,1
8509,79,weighted,10,0.2679140127388535,0,27,None,66,1,5,False,1,1
8510,75,weighted,10,0.2699044585987261,0,31,None,66,1,5,False,1,1
8511,76,weighted,10,0.272890127388535,0,31,None,66,1,5,False,1,1
8512,77,weighted,10,0.2752786624203822,0,31,None,66,1,5,False,1,1
8513,78,weighted,10,0.2788614649681528,0,31,None,66,1,5,False,1,1
8514,79,weighted,10,0.2790605095541401,0,31,None,66,1,5,False,1,1
8515,75,weighted,10,0.1962579617834395,0,10,None,66,1,5,False,1,1
8516,76,weighted,10,0.1967555732484076,0,10,None,66,1,5,False,1,1
8517,77,weighted,10,0.1969546178343949,0,10,None,66,1,5,False,1,1
8518,78,weighted,10,0.197452229299363,0,10,None,66,1,5,False,1,1
8519,79,weighted,10,0.1981488853503184,0,10,None,66,1,5,False,1,1
8520,75,weighted,10,0.199343152866242,0,11,None,66,1,5,False,1,1
8521,76,weighted,10,0.1991441082802547,0,11,None,66,1,5,False,1,1
8522,77,weighted,10,0.1990445859872611,0,11,None,66,1,5,False,1,1
8523,78,weighted,10,0.1989450636942675,0,11,None,66,1,5,False,1,1
8524,79,weighted,10,0.1990445859872611,0,11,None,66,1,5,False,1,1
8525,75,weighted,10,0.1977507961783439,0,15,None,66,1,5,False,1,1
8526,76,weighted,10,0.2022292993630573,0,15,None,66,1,5,False,1,1
8527,77,weighted,10,0.2046178343949044,0,15,None,66,1,5,False,1,1
8528,78,weighted,10,0.2076035031847133,0,15,None,66,1,5,False,1,1
8529,79,weighted,10,0.2106886942675159,0,15,None,66,1,5,False,1,1
8530,75,weighted,10,0.2047173566878981,0,4,None,66,1,5,False,1,1
8531,76,weighted,10,0.2069068471337579,0,4,None,66,1,5,False,1,1
8532,77,weighted,10,0.2081011146496815,0,4,None,66,1,5,False,1,1
8533,78,weighted,10,0.2091958598726114,0,4,None,66,1,5,False,1,1
8534,79,weighted,10,0.2104896496815286,0,4,None,66,1,5,False,1,1
8535,75,weighted,10,0.2307921974522293,0,3,None,66,1,5,False,1,1
8536,76,weighted,10,0.2394506369426751,0,3,None,66,1,5,False,1,1
8537,77,weighted,10,0.2498009554140127,0,3,None,66,1,5,False,1,1
8538,78,weighted,10,0.2627388535031847,0,3,None,66,1,5,False,1,1
8539,79,weighted,10,0.2733877388535032,0,3,None,66,1,5,False,1,1
8540,75,weighted,10,0.2009355095541401,0,20,None,66,1,5,False,1,1
8541,76,weighted,10,0.1996417197452229,0,20,None,66,1,5,False,1,1
8542,77,weighted,10,0.1994426751592356,0,20,None,66,1,5,False,1,1
8543,78,weighted,10,0.2003383757961783,0,20,None,66,1,5,False,1,1
8544,79,weighted,10,0.2001393312101911,0,20,None,66,1,5,False,1,1
8545,75,weighted,10,0.2205414012738853,0,7,None,66,1,5,False,1,1
8546,76,weighted,10,0.2224323248407643,0,7,None,66,1,5,False,1,1
8547,77,weighted,10,0.2245222929936305,0,7,None,66,1,5,False,1,1
8548,78,weighted,10,0.2261146496815286,0,7,None,66,1,5,False,1,1
8549,79,weighted,10,0.2277070063694267,0,7,None,66,1,5,False,1,1
8550,75,weighted,10,0.2291998407643312,0,8,None,66,1,5,False,1,1
8551,76,weighted,10,0.2340764331210191,0,8,None,66,1,5,False,1,1
8552,77,weighted,10,0.2428343949044586,0,8,None,66,1,5,False,1,1
8553,78,weighted,10,0.2520899681528662,0,8,None,66,1,5,False,1,1
8554,79,weighted,10,0.2628383757961783,0,8,None,66,1,5,False,1,1
8555,75,weighted,10,0.1980493630573248,0,16,None,66,1,5,False,1,1
8556,76,weighted,10,0.1980493630573248,0,16,None,66,1,5,False,1,1
8557,77,weighted,10,0.197452229299363,0,16,None,66,1,5,False,1,1
8558,78,weighted,10,0.1972531847133758,0,16,None,66,1,5,False,1,1
8559,79,weighted,10,0.197452229299363,0,16,None,66,1,5,False,1,1
8560,75,weighted,10,0.2220342356687898,0,19,None,66,1,5,False,1,1
8561,76,weighted,10,0.2234275477707006,0,19,None,66,1,5,False,1,1
8562,77,weighted,10,0.2265127388535031,0,19,None,66,1,5,False,1,1
8563,78,weighted,10,0.2291003184713375,0,19,None,66,1,5,False,1,1
8564,79,weighted,10,0.232484076433121,0,19,None,66,1,5,False,1,1
8565,75,weighted,10,0.2431329617834395,0,21,None,66,1,5,False,1,1
8566,76,weighted,10,0.252687101910828,0,21,None,66,1,5,False,1,1
8567,77,weighted,10,0.2622412420382166,0,21,None,66,1,5,False,1,1
8568,78,weighted,10,0.273984872611465,0,21,None,66,1,5,False,1,1
8569,79,weighted,10,0.2880175159235669,0,21,None,66,1,5,False,1,1
8570,75,weighted,10,0.205812101910828,0,0,None,66,1,5,False,1,1
8571,76,weighted,10,0.2051154458598726,0,0,None,66,1,5,False,1,1
8572,77,weighted,10,0.2038216560509554,0,0,None,66,1,5,False,1,1
8573,78,weighted,10,0.2026273885350318,0,0,None,66,1,5,False,1,1
8574,79,weighted,10,0.2015326433121019,0,0,None,66,1,5,False,1,1
8575,75,weighted,10,0.2197452229299363,0,24,None,66,1,5,False,1,1
8576,76,weighted,10,0.2205414012738853,0,24,None,66,1,5,False,1,1
8577,77,weighted,10,0.2089968152866242,0,24,None,66,1,5,False,1,1
8578,78,weighted,10,0.1986464968152866,0,24,None,66,1,5,False,1,1
8579,79,weighted,10,0.1973527070063694,0,24,None,66,1,5,False,1,1
9240,80,weighted,10,0.2366640127388535,0,1,None,66,1,5,False,1,1
9241,81,weighted,10,0.2364649681528662,0,1,None,66,1,5,False,1,1
9242,82,weighted,10,0.2439291401273885,0,1,None,66,1,5,False,1,1
9243,83,weighted,10,0.2501990445859872,0,1,None,66,1,5,False,1,1
9244,84,weighted,10,0.2574641719745223,0,1,None,66,1,5,False,1,1
9245,80,weighted,10,0.1987460191082802,0,2,None,66,1,5,False,1,1
9246,81,weighted,10,0.1989450636942675,0,2,None,66,1,5,False,1,1
9247,82,weighted,10,0.1991441082802547,0,2,None,66,1,5,False,1,1
9248,83,weighted,10,0.199343152866242,0,2,None,66,1,5,False,1,1
9249,84,weighted,10,0.1997412420382165,0,2,None,66,1,5,False,1,1
9250,80,weighted,10,0.2055135350318471,0,13,None,66,1,5,False,1,1
9251,81,weighted,10,0.2046178343949044,0,13,None,66,1,5,False,1,1
9252,82,weighted,10,0.2047173566878981,0,13,None,66,1,5,False,1,1
9253,83,weighted,10,0.2052149681528662,0,13,None,66,1,5,False,1,1
9254,84,weighted,10,0.2072054140127388,0,13,None,66,1,5,False,1,1
9255,80,weighted,10,0.2175557324840764,0,15,None,66,1,5,False,1,1
9256,81,weighted,10,0.2245222929936305,0,15,None,66,1,5,False,1,1
9257,82,weighted,10,0.2313893312101911,0,15,None,66,1,5,False,1,1
9258,83,weighted,10,0.2408439490445859,0,15,None,66,1,5,False,1,1
9259,84,weighted,10,0.25,0,15,None,66,1,5,False,1,1
9260,80,weighted,10,0.1982484076433121,0,16,None,66,1,5,False,1,1
9261,81,weighted,10,0.1977507961783439,0,16,None,66,1,5,False,1,1
9262,82,weighted,10,0.1973527070063694,0,16,None,66,1,5,False,1,1
9263,83,weighted,10,0.2053144904458598,0,16,None,66,1,5,False,1,1
9264,84,weighted,10,0.2440286624203821,0,16,None,66,1,5,False,1,1
9265,80,weighted,10,0.2575636942675159,0,8,None,66,1,5,False,1,1
9266,81,weighted,10,0.2671178343949044,0,8,None,66,1,5,False,1,1
9267,82,weighted,10,0.2756767515923566,0,8,None,66,1,5,False,1,1
9268,83,weighted,10,0.2771695859872611,0,8,None,66,1,5,False,1,1
9269,84,weighted,10,0.261843152866242,0,8,None,66,1,5,False,1,1
9270,80,weighted,10,0.241640127388535,0,19,None,66,1,5,False,1,1
9271,81,weighted,10,0.2479100318471337,0,19,None,66,1,5,False,1,1
9272,82,weighted,10,0.2524880573248407,0,19,None,66,1,5,False,1,1
9273,83,weighted,10,0.2594546178343949,0,19,None,66,1,5,False,1,1
9274,84,weighted,10,0.2647292993630573,0,19,None,66,1,5,False,1,1
9275,80,weighted,10,0.2024283439490445,0,22,None,66,1,5,False,1,1
9276,81,weighted,10,0.2015326433121019,0,22,None,66,1,5,False,1,1
9277,82,weighted,10,0.20203025477707,0,22,None,66,1,5,False,1,1
9278,83,weighted,10,0.2028264331210191,0,22,None,66,1,5,False,1,1
9279,84,weighted,10,0.2022292993630573,0,22,None,66,1,5,False,1,1
9280,80,weighted,10,0.1989450636942675,0,23,None,66,1,5,False,1,1
9281,81,weighted,10,0.1989450636942675,0,23,None,66,1,5,False,1,1
9282,82,weighted,10,0.1988455414012739,0,23,None,66,1,5,False,1,1
9283,83,weighted,10,0.1989450636942675,0,23,None,66,1,5,False,1,1
9284,84,weighted,10,0.1987460191082802,0,23,None,66,1,5,False,1,1
9285,80,weighted,10,0.265625,0,21,None,66,1,5,False,1,1
9286,81,weighted,10,0.2795581210191082,0,21,None,66,1,5,False,1,1
9287,82,weighted,10,0.2951831210191082,0,21,None,66,1,5,False,1,1
9288,83,weighted,10,0.3167794585987261,0,21,None,66,1,5,False,1,1
9289,84,weighted,10,0.3473328025477707,0,21,None,66,1,5,False,1,1
9290,80,weighted,10,0.302249203821656,0,25,None,66,1,5,False,1,1
9291,81,weighted,10,0.2921974522292994,0,25,None,66,1,5,False,1,1
9292,82,weighted,10,0.2948845541401274,0,25,None,66,1,5,False,1,1
9293,83,weighted,10,0.3048367834394904,0,25,None,66,1,5,False,1,1
9294,84,weighted,10,0.3200636942675159,0,25,None,66,1,5,False,1,1
9295,80,weighted,10,0.2844347133757962,0,24,None,66,1,5,False,1,1
9296,81,weighted,10,0.2090963375796178,0,24,None,66,1,5,False,1,1
9297,82,weighted,10,0.1999402866242038,0,24,None,66,1,5,False,1,1
9298,83,weighted,10,0.2048168789808917,0,24,None,66,1,5,False,1,1
9299,84,weighted,10,0.2101910828025477,0,24,None,66,1,5,False,1,1
9300,80,weighted,10,0.2201433121019108,0,28,None,66,1,5,False,1,1
9301,81,weighted,10,0.2419386942675159,0,28,None,66,1,5,False,1,1
9302,82,weighted,10,0.2410429936305732,0,28,None,66,1,5,False,1,1
9303,83,weighted,10,0.2480095541401273,0,28,None,66,1,5,False,1,1
9304,84,weighted,10,0.2557722929936306,0,28,None,66,1,5,False,1,1
9305,80,weighted,10,0.2296974522292993,0,18,None,66,1,5,False,1,1
9306,81,weighted,10,0.2201433121019108,0,18,None,66,1,5,False,1,1
9307,82,weighted,10,0.2136743630573248,0,18,None,66,1,5,False,1,1
9308,83,weighted,10,0.2059116242038216,0,18,None,66,1,5,False,1,1
9309,84,weighted,10,0.1994426751592356,0,18,None,66,1,5,False,1,1
9310,80,weighted,10,0.2914012738853503,0,27,None,66,1,5,False,1,1
9311,81,weighted,10,0.2843351910828025,0,27,None,66,1,5,False,1,1
9312,82,weighted,10,0.292296974522293,0,27,None,66,1,5,False,1,1
9313,83,weighted,10,0.3002587579617834,0,27,None,66,1,5,False,1,1
9314,84,weighted,10,0.310609076433121,0,27,None,66,1,5,False,1,1
9315,80,weighted,10,0.28015525477707,0,31,None,66,1,5,False,1,1
9316,81,weighted,10,0.2741839171974522,0,31,None,66,1,5,False,1,1
9317,82,weighted,10,0.259156050955414,0,31,None,66,1,5,False,1,1
9318,83,weighted,10,0.2471138535031847,0,31,None,66,1,5,False,1,1
9319,84,weighted,10,0.2430334394904458,0,31,None,66,1,5,False,1,1
9320,80,weighted,10,0.2034235668789809,0,32,None,66,1,5,False,1,1
9321,81,weighted,10,0.2027269108280254,0,32,None,66,1,5,False,1,1
9322,82,weighted,10,0.2027269108280254,0,32,None,66,1,5,False,1,1
9323,83,weighted,10,0.2032245222929936,0,32,None,66,1,5,False,1,1
9324,84,weighted,10,0.2042197452229299,0,32,None,66,1,5,False,1,1
9325,80,weighted,10,0.2044187898089172,0,10,None,66,1,5,False,1,1
9326,81,weighted,10,0.2013335987261146,0,10,None,66,1,5,False,1,1
9327,82,weighted,10,0.2003383757961783,0,10,None,66,1,5,False,1,1
9328,83,weighted,10,0.2010350318471337,0,10,None,66,1,5,False,1,1
9329,84,weighted,10,0.2183519108280254,0,10,None,66,1,5,False,1,1
9330,80,weighted,10,0.1997412420382165,0,11,None,66,1,5,False,1,1
9331,81,weighted,10,0.1994426751592356,0,11,None,66,1,5,False,1,1
9332,82,weighted,10,0.1998407643312102,0,11,None,66,1,5,False,1,1
9333,83,weighted,10,0.2005374203821656,0,11,None,66,1,5,False,1,1
9334,84,weighted,10,0.2000398089171974,0,11,None,66,1,5,False,1,1
9335,80,weighted,10,0.306031050955414,0,17,None,66,1,5,False,1,1
9336,81,weighted,10,0.3913216560509554,0,17,None,66,1,5,False,1,1
9337,82,weighted,10,0.3493232484076433,0,17,None,66,1,5,False,1,1
9338,83,weighted,10,0.3378781847133758,0,17,None,66,1,5,False,1,1
9339,84,weighted,10,0.3442476114649681,0,17,None,66,1,5,False,1,1
9340,80,weighted,10,0.2028264331210191,0,5,None,66,1,5,False,1,1
9341,81,weighted,10,0.2726910828025478,0,5,None,66,1,5,False,1,1
9342,82,weighted,10,0.198546974522293,0,5,None,66,1,5,False,1,1
9343,83,weighted,10,0.198546974522293,0,5,None,66,1,5,False,1,1
9344,84,weighted,10,0.1983479299363057,0,5,None,66,1,5,False,1,1
9345,80,weighted,10,0.245421974522293,0,6,None,66,1,5,False,1,1
9346,81,weighted,10,0.2531847133757962,0,6,None,66,1,5,False,1,1
9347,82,weighted,10,0.2596536624203822,0,6,None,66,1,5,False,1,1
9348,83,weighted,10,0.2670183121019108,0,6,None,66,1,5,False,1,1
9349,84,weighted,10,0.2735867834394904,0,6,None,66,1,5,False,1,1
9350,80,weighted,10,0.2360668789808917,0,7,None,66,1,5,False,1,1
9351,81,weighted,10,0.2405453821656051,0,7,None,66,1,5,False,1,1
9352,82,weighted,10,0.2449243630573248,0,7,None,66,1,5,False,1,1
9353,83,weighted,10,0.2496019108280254,0,7,None,66,1,5,False,1,1
9354,84,weighted,10,0.2543789808917197,0,7,None,66,1,5,False,1,1
9355,80,weighted,10,0.2402468152866242,0,12,None,66,1,5,False,1,1
9356,81,weighted,10,0.2452229299363057,0,12,None,66,1,5,False,1,1
9357,82,weighted,10,0.2502985668789809,0,12,None,66,1,5,False,1,1
9358,83,weighted,10,0.2544785031847134,0,12,None,66,1,5,False,1,1
9359,84,weighted,10,0.259952229299363,0,12,None,66,1,5,False,1,1
9360,80,weighted,10,0.1981488853503184,0,14,None,66,1,5,False,1,1
9361,81,weighted,10,0.1982484076433121,0,14,None,66,1,5,False,1,1
9362,82,weighted,10,0.1984474522292993,0,14,None,66,1,5,False,1,1
9363,83,weighted,10,0.1983479299363057,0,14,None,66,1,5,False,1,1
9364,84,weighted,10,0.1984474522292993,0,14,None,66,1,5,False,1,1
9365,80,weighted,10,0.2016321656050955,0,26,None,66,1,5,False,1,1
9366,81,weighted,10,0.2013335987261146,0,26,None,66,1,5,False,1,1
9367,82,weighted,10,0.2017316878980891,0,26,None,66,1,5,False,1,1
9368,83,weighted,10,0.2019307324840764,0,26,None,66,1,5,False,1,1
9369,84,weighted,10,0.2025278662420382,0,26,None,66,1,5,False,1,1
9370,80,weighted,10,0.2884156050955414,0,30,None,66,1,5,False,1,1
9371,81,weighted,10,0.292296974522293,0,30,None,66,1,5,False,1,1
9372,82,weighted,10,0.3004578025477707,0,30,None,66,1,5,False,1,1
9373,83,weighted,10,0.3206608280254777,0,30,None,66,1,5,False,1,1
9374,84,weighted,10,0.3441480891719745,0,30,None,66,1,5,False,1,1
9375,80,weighted,10,0.211186305732484,0,4,None,66,1,5,False,1,1
9376,81,weighted,10,0.2127786624203821,0,4,None,66,1,5,False,1,1
9377,82,weighted,10,0.2148686305732484,0,4,None,66,1,5,False,1,1
9378,83,weighted,10,0.2171576433121019,0,4,None,66,1,5,False,1,1
9379,84,weighted,10,0.2201433121019108,0,4,None,66,1,5,False,1,1
9380,80,weighted,10,0.2118829617834395,0,20,None,66,1,5,False,1,1
9381,81,weighted,10,0.2106886942675159,0,20,None,66,1,5,False,1,1
9382,82,weighted,10,0.2115843949044586,0,20,None,66,1,5,False,1,1
9383,83,weighted,10,0.2115843949044586,0,20,None,66,1,5,False,1,1
9384,84,weighted,10,0.2144705414012739,0,20,None,66,1,5,False,1,1
9385,80,weighted,10,0.2484076433121019,0,3,None,66,1,5,False,1,1
9386,81,weighted,10,0.2649283439490446,0,3,None,66,1,5,False,1,1
9387,82,weighted,10,0.2851313694267516,0,3,None,66,1,5,False,1,1
9388,83,weighted,10,0.3012539808917197,0,3,None,66,1,5,False,1,1
9389,84,weighted,10,0.3128980891719745,0,3,None,66,1,5,False,1,1
9390,85,weighted,10,0.2017316878980891,0,26,None,66,1,5,False,1,1
9391,86,weighted,10,0.203125,0,26,None,66,1,5,False,1,1
9392,87,weighted,10,0.207703025477707,0,26,None,66,1,5,False,1,1
9393,88,weighted,10,0.2640326433121019,0,26,None,66,1,5,False,1,1
9394,89,weighted,10,0.253483280254777,0,26,None,66,1,5,False,1,1
9395,80,weighted,10,0.1981488853503184,0,9,None,66,1,5,False,1,1
9396,81,weighted,10,0.1982484076433121,0,9,None,66,1,5,False,1,1
9397,82,weighted,10,0.1984474522292993,0,9,None,66,1,5,False,1,1
9398,83,weighted,10,0.198546974522293,0,9,None,66,1,5,False,1,1
9399,84,weighted,10,0.1984474522292993,0,9,None,66,1,5,False,1,1
9400,80,weighted,10,0.2037221337579617,0,29,None,66,1,5,False,1,1
9401,81,weighted,10,0.2174562101910828,0,29,None,66,1,5,False,1,1
9402,82,weighted,10,0.1977507961783439,0,29,None,66,1,5,False,1,1
9403,83,weighted,10,0.1977507961783439,0,29,None,66,1,5,False,1,1
9404,84,weighted,10,0.1981488853503184,0,29,None,66,1,5,False,1,1
9405,80,weighted,10,0.2179538216560509,0,0,None,66,1,5,False,1,1
9406,81,weighted,10,0.2160628980891719,0,0,None,66,1,5,False,1,1
9407,82,weighted,10,0.2158638535031847,0,0,None,66,1,5,False,1,1
9408,83,weighted,10,0.2140724522292993,0,0,None,66,1,5,False,1,1
9409,84,weighted,10,0.2135748407643312,0,0,None,66,1,5,False,1,1
9410,85,weighted,10,0.3318073248407643,0,25,None,66,1,5,False,1,1
9411,86,weighted,10,0.332703025477707,0,25,None,66,1,5,False,1,1
9412,87,weighted,10,0.3376791401273885,0,25,None,66,1,5,False,1,1
9413,88,weighted,10,0.3424562101910828,0,25,None,66,1,5,False,1,1
9414,89,weighted,10,0.3405652866242038,0,25,None,66,1,5,False,1,1
9415,85,weighted,10,0.1984474522292993,0,14,None,66,1,5,False,1,1
9416,86,weighted,10,0.1984474522292993,0,14,None,66,1,5,False,1,1
9417,87,weighted,10,0.1984474522292993,0,14,None,66,1,5,False,1,1
9418,88,weighted,10,0.1984474522292993,0,14,None,66,1,5,False,1,1
9419,89,weighted,10,0.1984474522292993,0,14,None,66,1,5,False,1,1
9420,85,weighted,10,0.2138734076433121,0,29,None,66,1,5,False,1,1
9421,86,weighted,10,0.2057125796178344,0,29,None,66,1,5,False,1,1
9422,87,weighted,10,0.2082006369426751,0,29,None,66,1,5,False,1,1
9423,88,weighted,10,0.2105891719745223,0,29,None,66,1,5,False,1,1
9424,89,weighted,10,0.2038216560509554,0,29,None,66,1,5,False,1,1
9425,85,weighted,10,0.2609474522292994,0,7,None,66,1,5,False,1,1
9426,86,weighted,10,0.2674164012738853,0,7,None,66,1,5,False,1,1
9427,87,weighted,10,0.3040406050955414,0,7,None,66,1,5,False,1,1
9428,88,weighted,10,0.3288216560509554,0,7,None,66,1,5,False,1,1
9429,89,weighted,10,0.2958797770700637,0,7,None,66,1,5,False,1,1
9430,85,weighted,10,0.2010350318471337,0,9,None,66,1,5,False,1,1
9431,86,weighted,10,0.1989450636942675,0,9,None,66,1,5,False,1,1
9432,87,weighted,10,0.1995421974522293,0,9,None,66,1,5,False,1,1
9433,88,weighted,10,0.2000398089171974,0,9,None,66,1,5,False,1,1
9434,89,weighted,10,0.2011345541401273,0,9,None,66,1,5,False,1,1
9435,85,weighted,10,0.2432324840764331,0,15,None,66,1,5,False,1,1
9436,86,weighted,10,0.2563694267515923,0,15,None,66,1,5,False,1,1
9437,87,weighted,10,0.2673168789808917,0,15,None,66,1,5,False,1,1
9438,88,weighted,10,0.2776671974522293,0,15,None,66,1,5,False,1,1
9439,89,weighted,10,0.2928941082802547,0,15,None,66,1,5,False,1,1
9440,85,weighted,10,0.2199442675159235,0,11,None,66,1,5,False,1,1
9441,86,weighted,10,0.2200437898089172,0,11,None,66,1,5,False,1,1
9442,87,weighted,10,0.2217356687898089,0,11,None,66,1,5,False,1,1
9443,88,weighted,10,0.2291998407643312,0,11,None,66,1,5,False,1,1
9444,89,weighted,10,0.2458200636942675,0,11,None,66,1,5,False,1,1
9445,85,weighted,10,0.4069466560509554,0,17,None,66,1,5,False,1,1
9446,86,weighted,10,0.3571855095541401,0,17,None,66,1,5,False,1,1
9447,87,weighted,10,0.3546974522292994,0,17,None,66,1,5,False,1,1
9448,88,weighted,10,0.3605692675159235,0,17,None,66,1,5,False,1,1
9449,89,weighted,10,0.3650477707006369,0,17,None,66,1,5,False,1,1
9450,85,weighted,10,0.2723925159235669,0,5,None,66,1,5,False,1,1
9451,86,weighted,10,0.1998407643312102,0,5,None,66,1,5,False,1,1
9452,87,weighted,10,0.199343152866242,0,5,None,66,1,5,False,1,1
9453,88,weighted,10,0.1997412420382165,0,5,None,66,1,5,False,1,1
9454,89,weighted,10,0.2026273885350318,0,5,None,66,1,5,False,1,1
9455,85,weighted,10,0.2253184713375796,0,10,None,66,1,5,False,1,1
9456,86,weighted,10,0.2293988853503184,0,10,None,66,1,5,False,1,1
9457,87,weighted,10,0.2514928343949044,0,10,None,66,1,5,False,1,1
9458,88,weighted,10,0.3266321656050955,0,10,None,66,1,5,False,1,1
9459,89,weighted,10,0.2629378980891719,0,10,None,66,1,5,False,1,1
9460,85,weighted,10,0.269108280254777,0,6,None,66,1,5,False,1,1
9461,86,weighted,10,0.2852308917197452,0,6,None,66,1,5,False,1,1
9462,87,weighted,10,0.3403662420382166,0,6,None,66,1,5,False,1,1
9463,88,weighted,10,0.3422571656050955,0,6,None,66,1,5,False,1,1
9464,89,weighted,10,0.3215565286624204,0,6,None,66,1,5,False,1,1
9465,85,weighted,10,0.2264132165605095,0,20,None,66,1,5,False,1,1
9466,86,weighted,10,0.2292993630573248,0,20,None,66,1,5,False,1,1
9467,87,weighted,10,0.2364649681528662,0,20,None,66,1,5,False,1,1
9468,88,weighted,10,0.2458200636942675,0,20,None,66,1,5,False,1,1
9469,89,weighted,10,0.2617436305732484,0,20,None,66,1,5,False,1,1
9470,85,weighted,10,0.207703025477707,0,22,None,66,1,5,False,1,1
9471,86,weighted,10,0.2098925159235669,0,22,None,66,1,5,False,1,1
9472,87,weighted,10,0.2128781847133758,0,22,None,66,1,5,False,1,1
9473,88,weighted,10,0.2167595541401273,0,22,None,66,1,5,False,1,1
9474,89,weighted,10,0.2182523885350318,0,22,None,66,1,5,False,1,1
9475,85,weighted,10,0.2119824840764331,0,32,None,66,1,5,False,1,1
9476,86,weighted,10,0.2121815286624203,0,32,None,66,1,5,False,1,1
9477,87,weighted,10,0.2135748407643312,0,32,None,66,1,5,False,1,1
9478,88,weighted,10,0.216859076433121,0,32,None,66,1,5,False,1,1
9479,89,weighted,10,0.2203423566878981,0,32,None,66,1,5,False,1,1
9480,85,weighted,10,0.2371616242038216,0,16,None,66,1,5,False,1,1
9481,86,weighted,10,0.2586584394904458,0,16,None,66,1,5,False,1,1
9482,87,weighted,10,0.2771695859872611,0,16,None,66,1,5,False,1,1
9483,88,weighted,10,0.3006568471337579,0,16,None,66,1,5,False,1,1
9484,89,weighted,10,0.3155851910828025,0,16,None,66,1,5,False,1,1
9485,85,weighted,10,0.2800557324840764,0,8,None,66,1,5,False,1,1
9486,86,weighted,10,0.278264331210191,0,8,None,66,1,5,False,1,1
9487,87,weighted,10,0.253483280254777,0,8,None,66,1,5,False,1,1
9488,88,weighted,10,0.2232285031847133,0,8,None,66,1,5,False,1,1
9489,89,weighted,10,0.206608280254777,0,8,None,66,1,5,False,1,1
9490,85,weighted,10,0.2551751592356688,0,18,None,66,1,5,False,1,1
9491,86,weighted,10,0.2429339171974522,0,18,None,66,1,5,False,1,1
9492,87,weighted,10,0.2263136942675159,0,18,None,66,1,5,False,1,1
9493,88,weighted,10,0.2216361464968153,0,18,None,66,1,5,False,1,1
9494,89,weighted,10,0.254578025477707,0,18,None,66,1,5,False,1,1
9495,85,weighted,10,0.2208399681528662,0,13,None,66,1,5,False,1,1
9496,86,weighted,10,0.2205414012738853,0,13,None,66,1,5,False,1,1
9497,87,weighted,10,0.224124203821656,0,13,None,66,1,5,False,1,1
9498,88,weighted,10,0.229796974522293,0,13,None,66,1,5,False,1,1
9499,89,weighted,10,0.2377587579617834,0,13,None,66,1,5,False,1,1
9500,85,weighted,10,0.2532842356687898,0,12,None,66,1,5,False,1,1
9501,86,weighted,10,0.2622412420382166,0,12,None,66,1,5,False,1,1
9502,87,weighted,10,0.2715963375796178,0,12,None,66,1,5,False,1,1
9503,88,weighted,10,0.2870222929936306,0,12,None,66,1,5,False,1,1
9504,89,weighted,10,0.3162818471337579,0,12,None,66,1,5,False,1,1
9505,85,weighted,10,0.2694068471337579,0,19,None,66,1,5,False,1,1
9506,86,weighted,10,0.2757762738853503,0,19,None,66,1,5,False,1,1
9507,87,weighted,10,0.2785628980891719,0,19,None,66,1,5,False,1,1
9508,88,weighted,10,0.3027468152866242,0,19,None,66,1,5,False,1,1
9509,89,weighted,10,0.330015923566879,0,19,None,66,1,5,False,1,1
9510,85,weighted,10,0.3027468152866242,0,21,None,66,1,5,False,1,1
9511,86,weighted,10,0.3347929936305732,0,21,None,66,1,5,False,1,1
9512,87,weighted,10,0.3590764331210191,0,21,None,66,1,5,False,1,1
9513,88,weighted,10,0.3615644904458598,0,21,None,66,1,5,False,1,1
9514,89,weighted,10,0.3623606687898089,0,21,None,66,1,5,False,1,1
9515,85,weighted,10,0.2013335987261146,0,23,None,66,1,5,False,1,1
9516,86,weighted,10,0.1998407643312102,0,23,None,66,1,5,False,1,1
9517,87,weighted,10,0.199343152866242,0,23,None,66,1,5,False,1,1
9518,88,weighted,10,0.2019307324840764,0,23,None,66,1,5,False,1,1
9519,89,weighted,10,0.2143710191082802,0,23,None,66,1,5,False,1,1
9520,85,weighted,10,0.2212380573248407,0,4,None,66,1,5,False,1,1
9521,86,weighted,10,0.226015127388535,0,4,None,66,1,5,False,1,1
9522,87,weighted,10,0.2329816878980891,0,4,None,66,1,5,False,1,1
9523,88,weighted,10,0.2390525477707006,0,4,None,66,1,5,False,1,1
9524,89,weighted,10,0.2464171974522293,0,4,None,66,1,5,False,1,1
9525,85,weighted,10,0.2340764331210191,0,24,None,66,1,5,False,1,1
9526,86,weighted,10,0.21765525477707,0,24,None,66,1,5,False,1,1
9527,87,weighted,10,0.2192476114649681,0,24,None,66,1,5,False,1,1
9528,88,weighted,10,0.2296974522292993,0,24,None,66,1,5,False,1,1
9529,89,weighted,10,0.2422372611464968,0,24,None,66,1,5,False,1,1
9530,85,weighted,10,0.3288216560509554,0,27,None,66,1,5,False,1,1
9531,86,weighted,10,0.3485270700636942,0,27,None,66,1,5,False,1,1
9532,87,weighted,10,0.3370820063694267,0,27,None,66,1,5,False,1,1
9533,88,weighted,10,0.357484076433121,0,27,None,66,1,5,False,1,1
9534,89,weighted,10,0.3621616242038216,0,27,None,66,1,5,False,1,1
9535,85,weighted,10,0.3416600318471338,0,30,None,66,1,5,False,1,1
9536,86,weighted,10,0.3561902866242038,0,30,None,66,1,5,False,1,1
9537,87,weighted,10,0.3667396496815286,0,30,None,66,1,5,False,1,1
9538,88,weighted,10,0.3726114649681528,0,30,None,66,1,5,False,1,1
9539,89,weighted,10,0.376890923566879,0,30,None,66,1,5,False,1,1
9540,85,weighted,10,0.2640326433121019,0,31,None,66,1,5,False,1,1
9541,86,weighted,10,0.2496019108280254,0,31,None,66,1,5,False,1,1
9542,87,weighted,10,0.2459195859872611,0,31,None,66,1,5,False,1,1
9543,88,weighted,10,0.2475119426751592,0,31,None,66,1,5,False,1,1
9544,89,weighted,10,0.2539808917197452,0,31,None,66,1,5,False,1,1
9545,85,weighted,10,0.1988455414012739,0,2,None,66,1,5,False,1,1
9546,86,weighted,10,0.1994426751592356,0,2,None,66,1,5,False,1,1
9547,87,weighted,10,0.1997412420382165,0,2,None,66,1,5,False,1,1
9548,88,weighted,10,0.2009355095541401,0,2,None,66,1,5,False,1,1
9549,89,weighted,10,0.2030254777070063,0,2,None,66,1,5,False,1,1
9550,85,weighted,10,0.245421974522293,0,28,None,66,1,5,False,1,1
9551,86,weighted,10,0.2668192675159235,0,28,None,66,1,5,False,1,1
9552,87,weighted,10,0.2743829617834395,0,28,None,66,1,5,False,1,1
9553,88,weighted,10,0.3223527070063694,0,28,None,66,1,5,False,1,1
9554,89,weighted,10,0.3460390127388535,0,28,None,66,1,5,False,1,1
9555,85,weighted,10,0.3100119426751592,0,3,None,66,1,5,False,1,1
9556,86,weighted,10,0.3245421974522293,0,3,None,66,1,5,False,1,1
9557,87,weighted,10,0.3339968152866242,0,3,None,66,1,5,False,1,1
9558,88,weighted,10,0.350218949044586,0,3,None,66,1,5,False,1,1
9559,89,weighted,10,0.3648487261146497,0,3,None,66,1,5,False,1,1
9560,85,weighted,10,0.2679140127388535,0,1,None,66,1,5,False,1,1
9561,86,weighted,10,0.2682125796178344,0,1,None,66,1,5,False,1,1
9562,87,weighted,10,0.2770700636942675,0,1,None,66,1,5,False,1,1
9563,88,weighted,10,0.2846337579617834,0,1,None,66,1,5,False,1,1
9564,89,weighted,10,0.2941878980891719,0,1,None,66,1,5,False,1,1
9565,85,weighted,10,0.2322850318471337,0,0,None,66,1,5,False,1,1
9566,86,weighted,10,0.2315883757961783,0,0,None,66,1,5,False,1,1
9567,87,weighted,10,0.2306926751592356,0,0,None,66,1,5,False,1,1
9568,88,weighted,10,0.2309912420382165,0,0,None,66,1,5,False,1,1
9569,89,weighted,10,0.2318869426751592,0,0,None,66,1,5,False,1,1
9570,90,weighted,10,0.2965764331210191,0,1,None,66,1,5,False,1,1
9571,91,weighted,10,0.3063296178343949,0,1,None,66,1,5,False,1,1
9572,92,weighted,10,0.3147890127388535,0,1,None,66,1,5,False,1,1
9573,93,weighted,10,0.3220541401273885,0,1,None,66,1,5,False,1,1
9574,94,weighted,10,0.3260350318471338,0,1,None,66,1,5,False,1,1
9575,90,weighted,10,0.2009355095541401,0,2,None,66,1,5,False,1,1
9576,91,weighted,10,0.2151671974522293,0,2,None,66,1,5,False,1,1
9577,92,weighted,10,0.3234474522292994,0,2,None,66,1,5,False,1,1
9578,93,weighted,10,0.3382762738853503,0,2,None,66,1,5,False,1,1
9579,94,weighted,10,0.3377786624203822,0,2,None,66,1,5,False,1,1
9580,90,weighted,10,0.3004578025477707,0,7,None,66,1,5,False,1,1
9581,91,weighted,10,0.3370820063694267,0,7,None,66,1,5,False,1,1
9582,92,weighted,10,0.3105095541401274,0,7,None,66,1,5,False,1,1
9583,93,weighted,10,0.3075238853503185,0,7,None,66,1,5,False,1,1
9584,94,weighted,10,0.3174761146496815,0,7,None,66,1,5,False,1,1
9585,90,weighted,10,0.3237460191082802,0,15,None,66,1,5,False,1,1
9586,91,weighted,10,0.3743033439490446,0,15,None,66,1,5,False,1,1
9587,92,weighted,10,0.3961982484076433,0,15,None,66,1,5,False,1,1
9588,93,weighted,10,0.3996815286624204,0,15,None,66,1,5,False,1,1
9589,94,weighted,10,0.4375995222929936,0,15,None,66,1,5,False,1,1
9590,90,weighted,10,0.2944864649681528,0,20,None,66,1,5,False,1,1
9591,91,weighted,10,0.3326035031847134,0,20,None,66,1,5,False,1,1
9592,92,weighted,10,0.3655453821656051,0,20,None,66,1,5,False,1,1
9593,93,weighted,10,0.3802746815286624,0,20,None,66,1,5,False,1,1
9594,94,weighted,10,0.3862460191082802,0,20,None,66,1,5,False,1,1
9595,90,weighted,10,0.2404458598726114,0,22,None,66,1,5,False,1,1
9596,91,weighted,10,0.2458200636942675,0,22,None,66,1,5,False,1,1
9597,92,weighted,10,0.2478105095541401,0,22,None,66,1,5,False,1,1
9598,93,weighted,10,0.2509952229299363,0,22,None,66,1,5,False,1,1
9599,94,weighted,10,0.2606488853503185,0,22,None,66,1,5,False,1,1
9600,90,weighted,10,0.2464171974522293,0,32,None,66,1,5,False,1,1
9601,91,weighted,10,0.2509952229299363,0,32,None,66,1,5,False,1,1
9602,92,weighted,10,0.2571656050955414,0,32,None,66,1,5,False,1,1
9603,93,weighted,10,0.2617436305732484,0,32,None,66,1,5,False,1,1
9604,94,weighted,10,0.2652269108280254,0,32,None,66,1,5,False,1,1
9605,90,weighted,10,0.2043192675159235,0,5,None,66,1,5,False,1,1
9606,91,weighted,10,0.210390127388535,0,5,None,66,1,5,False,1,1
9607,92,weighted,10,0.2235270700636942,0,5,None,66,1,5,False,1,1
9608,93,weighted,10,0.2437300955414012,0,5,None,66,1,5,False,1,1
9609,94,weighted,10,0.2602507961783439,0,5,None,66,1,5,False,1,1
9610,90,weighted,10,0.3615644904458598,0,21,None,66,1,5,False,1,1
9611,91,weighted,10,0.3709195859872611,0,21,None,66,1,5,False,1,1
9612,92,weighted,10,0.3915207006369426,0,21,None,66,1,5,False,1,1
9613,93,weighted,10,0.4066480891719745,0,21,None,66,1,5,False,1,1
9614,94,weighted,10,0.4144108280254777,0,21,None,66,1,5,False,1,1
9615,90,weighted,10,0.2218351910828025,0,23,None,66,1,5,False,1,1
9616,91,weighted,10,0.2267117834394904,0,23,None,66,1,5,False,1,1
9617,92,weighted,10,0.3256369426751592,0,23,None,66,1,5,False,1,1
9618,93,weighted,10,0.314390923566879,0,23,None,66,1,5,False,1,1
9619,94,weighted,10,0.289609872611465,0,23,None,66,1,5,False,1,1
9620,90,weighted,10,0.2429339171974522,0,24,None,66,1,5,False,1,1
9621,91,weighted,10,0.2425358280254777,0,24,None,66,1,5,False,1,1
9622,92,weighted,10,0.255374203821656,0,24,None,66,1,5,False,1,1
9623,93,weighted,10,0.2672173566878981,0,24,None,66,1,5,False,1,1
9624,94,weighted,10,0.2761743630573248,0,24,None,66,1,5,False,1,1
9625,90,weighted,10,0.4299363057324841,0,27,None,66,1,5,False,1,1
9626,91,weighted,10,0.4204816878980891,0,27,None,66,1,5,False,1,1
9627,92,weighted,10,0.4187898089171974,0,27,None,66,1,5,False,1,1
9628,93,weighted,10,0.4275477707006369,0,27,None,66,1,5,False,1,1
9629,94,weighted,10,0.4320262738853503,0,27,None,66,1,5,False,1,1
9630,90,weighted,10,0.3727109872611465,0,30,None,66,1,5,False,1,1
9631,91,weighted,10,0.3766918789808917,0,30,None,66,1,5,False,1,1
9632,92,weighted,10,0.3791799363057325,0,30,None,66,1,5,False,1,1
9633,93,weighted,10,0.3802746815286624,0,30,None,66,1,5,False,1,1
9634,94,weighted,10,0.3809713375796178,0,30,None,66,1,5,False,1,1
9635,90,weighted,10,0.2605493630573248,0,31,None,66,1,5,False,1,1
9636,91,weighted,10,0.2577627388535032,0,31,None,66,1,5,False,1,1
9637,92,weighted,10,0.2634355095541401,0,31,None,66,1,5,False,1,1
9638,93,weighted,10,0.2698049363057325,0,31,None,66,1,5,False,1,1
9639,94,weighted,10,0.2804538216560509,0,31,None,66,1,5,False,1,1
9640,90,weighted,10,0.3429538216560509,0,28,None,66,1,5,False,1,1
9641,91,weighted,10,0.3202627388535032,0,28,None,66,1,5,False,1,1
9642,92,weighted,10,0.309514331210191,0,28,None,66,1,5,False,1,1
9643,93,weighted,10,0.3088176751592357,0,28,None,66,1,5,False,1,1
9644,94,weighted,10,0.313296178343949,0,28,None,66,1,5,False,1,1
9645,90,weighted,10,0.3791799363057325,0,10,None,66,1,5,False,1,1
9646,91,weighted,10,0.3252388535031847,0,10,None,66,1,5,False,1,1
9647,92,weighted,10,0.3007563694267516,0,10,None,66,1,5,False,1,1
9648,93,weighted,10,0.331608280254777,0,10,None,66,1,5,False,1,1
9649,94,weighted,10,0.347233280254777,0,10,None,66,1,5,False,1,1
9650,90,weighted,10,0.307921974522293,0,11,None,66,1,5,False,1,1
9651,91,weighted,10,0.3044386942675159,0,11,None,66,1,5,False,1,1
9652,92,weighted,10,0.3140923566878981,0,11,None,66,1,5,False,1,1
9653,93,weighted,10,0.3298168789808917,0,11,None,66,1,5,False,1,1
9654,94,weighted,10,0.3386743630573248,0,11,None,66,1,5,False,1,1
9655,90,weighted,10,0.3595740445859872,0,17,None,66,1,5,False,1,1
9656,91,weighted,10,0.3660429936305732,0,17,None,66,1,5,False,1,1
9657,92,weighted,10,0.3779856687898089,0,17,None,66,1,5,False,1,1
9658,93,weighted,10,0.3899283439490446,0,17,None,66,1,5,False,1,1
9659,94,weighted,10,0.3932125796178344,0,17,None,66,1,5,False,1,1
9660,90,weighted,10,0.3263335987261146,0,12,None,66,1,5,False,1,1
9661,91,weighted,10,0.3434514331210191,0,12,None,66,1,5,False,1,1
9662,92,weighted,10,0.3508160828025478,0,12,None,66,1,5,False,1,1
9663,93,weighted,10,0.3516122611464968,0,12,None,66,1,5,False,1,1
9664,94,weighted,10,0.3507165605095541,0,12,None,66,1,5,False,1,1
9665,90,weighted,10,0.3645501592356688,0,6,None,66,1,5,False,1,1
9666,91,weighted,10,0.4196855095541401,0,6,None,66,1,5,False,1,1
9667,92,weighted,10,0.3806727707006369,0,6,None,66,1,5,False,1,1
9668,93,weighted,10,0.3637539808917197,0,6,None,66,1,5,False,1,1
9669,94,weighted,10,0.3637539808917197,0,6,None,66,1,5,False,1,1
9670,90,weighted,10,0.2853304140127388,0,13,None,66,1,5,False,1,1
9671,91,weighted,10,0.3277269108280254,0,13,None,66,1,5,False,1,1
9672,92,weighted,10,0.3429538216560509,0,13,None,66,1,5,False,1,1
9673,93,weighted,10,0.3488256369426751,0,13,None,66,1,5,False,1,1
9674,94,weighted,10,0.353702229299363,0,13,None,66,1,5,False,1,1
9675,90,weighted,10,0.272890127388535,0,26,None,66,1,5,False,1,1
9676,91,weighted,10,0.2252189490445859,0,26,None,66,1,5,False,1,1
9677,92,weighted,10,0.2639331210191082,0,26,None,66,1,5,False,1,1
9678,93,weighted,10,0.2852308917197452,0,26,None,66,1,5,False,1,1
9679,94,weighted,10,0.2925955414012738,0,26,None,66,1,5,False,1,1
9680,90,weighted,10,0.2784633757961783,0,8,None,66,1,5,False,1,1
9681,91,weighted,10,0.2495023885350318,0,8,None,66,1,5,False,1,1
9682,92,weighted,10,0.2376592356687898,0,8,None,66,1,5,False,1,1
9683,93,weighted,10,0.2878184713375796,0,8,None,66,1,5,False,1,1
9684,94,weighted,10,0.3035429936305732,0,8,None,66,1,5,False,1,1
9685,90,weighted,10,0.2578622611464968,0,4,None,66,1,5,False,1,1
9686,91,weighted,10,0.2673168789808917,0,4,None,66,1,5,False,1,1
9687,92,weighted,10,0.2744824840764331,0,4,None,66,1,5,False,1,1
9688,93,weighted,10,0.278264331210191,0,4,None,66,1,5,False,1,1
9689,94,weighted,10,0.2808519108280254,0,4,None,66,1,5,False,1,1
9690,90,weighted,10,0.3092157643312102,0,16,None,66,1,5,False,1,1
9691,91,weighted,10,0.3332006369426751,0,16,None,66,1,5,False,1,1
9692,92,weighted,10,0.3781847133757962,0,16,None,66,1,5,False,1,1
9693,93,weighted,10,0.3953025477707006,0,16,None,66,1,5,False,1,1
9694,94,weighted,10,0.4192874203821656,0,16,None,66,1,5,False,1,1
9695,90,weighted,10,0.326234076433121,0,18,None,66,1,5,False,1,1
9696,91,weighted,10,0.3113057324840764,0,18,None,66,1,5,False,1,1
9697,92,weighted,10,0.31140525477707,0,18,None,66,1,5,False,1,1
9698,93,weighted,10,0.3184713375796178,0,18,None,66,1,5,False,1,1
9699,94,weighted,10,0.3214570063694267,0,18,None,66,1,5,False,1,1
9700,90,weighted,10,0.2927945859872611,0,19,None,66,1,5,False,1,1
9701,91,weighted,10,0.330812101910828,0,19,None,66,1,5,False,1,1
9702,92,weighted,10,0.3420581210191082,0,19,None,66,1,5,False,1,1
9703,93,weighted,10,0.3494227707006369,0,19,None,66,1,5,False,1,1
9704,94,weighted,10,0.3733081210191082,0,19,None,66,1,5,False,1,1
9705,90,weighted,10,0.255374203821656,0,0,None,66,1,5,False,1,1
9706,91,weighted,10,0.2533837579617834,0,0,None,66,1,5,False,1,1
9707,92,weighted,10,0.2525875796178344,0,0,None,66,1,5,False,1,1
9708,93,weighted,10,0.253483280254777,0,0,None,66,1,5,False,1,1
9709,94,weighted,10,0.2547770700636942,0,0,None,66,1,5,False,1,1
9710,90,weighted,10,0.3726114649681528,0,3,None,66,1,5,False,1,1
9711,91,weighted,10,0.387639331210191,0,3,None,66,1,5,False,1,1
9712,92,weighted,10,0.4052547770700637,0,3,None,66,1,5,False,1,1
9713,93,weighted,10,0.4306329617834395,0,3,None,66,1,5,False,1,1
9714,94,weighted,10,0.4536226114649681,0,3,None,66,1,5,False,1,1
9715,90,weighted,10,0.2560708598726114,0,9,None,66,1,5,False,1,1
9716,91,weighted,10,0.26453025477707,0,9,None,66,1,5,False,1,1
9717,92,weighted,10,0.2706011146496815,0,9,None,66,1,5,False,1,1
9718,93,weighted,10,0.274781050955414,0,9,None,66,1,5,False,1,1
9719,94,weighted,10,0.2754777070063694,0,9,None,66,1,5,False,1,1
9720,90,weighted,10,0.198546974522293,0,14,None,66,1,5,False,1,1
9721,91,weighted,10,0.1984474522292993,0,14,None,66,1,5,False,1,1
9722,92,weighted,10,0.1984474522292993,0,14,None,66,1,5,False,1,1
9723,93,weighted,10,0.1983479299363057,0,14,None,66,1,5,False,1,1
9724,94,weighted,10,0.1981488853503184,0,14,None,66,1,5,False,1,1
9725,90,weighted,10,0.3516122611464968,0,25,None,66,1,5,False,1,1
9726,91,weighted,10,0.3471337579617834,0,25,None,66,1,5,False,1,1
9727,92,weighted,10,0.3428542993630573,0,25,None,66,1,5,False,1,1
9728,93,weighted,10,0.3389729299363057,0,25,None,66,1,5,False,1,1
9729,94,weighted,10,0.3392714968152866,0,25,None,66,1,5,False,1,1
9730,90,weighted,10,0.2172571656050955,0,29,None,66,1,5,False,1,1
9731,91,weighted,10,0.2251194267515923,0,29,None,66,1,5,False,1,1
9732,92,weighted,10,0.2398487261146497,0,29,None,66,1,5,False,1,1
9733,93,weighted,10,0.2538813694267516,0,29,None,66,1,5,False,1,1
9734,94,weighted,10,0.2632364649681528,0,29,None,66,1,5,False,1,1
9735,95,weighted,10,0.3277269108280254,0,1,None,66,1,5,False,1,1
9736,96,weighted,10,0.3299164012738853,0,1,None,66,1,5,False,1,1
9737,97,weighted,10,0.3319068471337579,0,1,None,66,1,5,False,1,1
9738,98,weighted,10,0.3338972929936306,0,1,None,66,1,5,False,1,1
9739,99,weighted,10,0.334593949044586,0,1,None,66,1,5,False,1,1
9740,95,weighted,10,0.3570859872611465,0,2,None,66,1,5,False,1,1
9741,96,weighted,10,0.3433519108280254,0,2,None,66,1,5,False,1,1
9742,97,weighted,10,0.3447452229299363,0,2,None,66,1,5,False,1,1
9743,98,weighted,10,0.3512141719745223,0,2,None,66,1,5,False,1,1
9744,99,weighted,10,0.357484076433121,0,2,None,66,1,5,False,1,1
9745,95,weighted,10,0.4134156050955414,0,21,None,66,1,5,False,1,1
9746,96,weighted,10,0.4221735668789809,0,21,None,66,1,5,False,1,1
9747,97,weighted,10,0.4266520700636942,0,21,None,66,1,5,False,1,1
9748,98,weighted,10,0.4307324840764331,0,21,None,66,1,5,False,1,1
9749,99,weighted,10,0.4330214968152866,0,21,None,66,1,5,False,1,1
9750,95,weighted,10,0.3303144904458598,0,0,None,66,1,5,False,1,1
9751,96,weighted,10,0.339171974522293,0,0,None,66,1,5,False,1,1
9752,97,weighted,10,0.3451433121019108,0,0,None,66,1,5,False,1,1
9753,98,weighted,10,0.3495222929936306,0,0,None,66,1,5,False,1,1
9754,99,weighted,10,0.3533041401273885,0,0,None,66,1,5,False,1,1
9755,95,weighted,10,0.3701234076433121,0,23,None,66,1,5,False,1,1
9756,96,weighted,10,0.3013535031847134,0,23,None,66,1,5,False,1,1
9757,97,weighted,10,0.2921974522292994,0,23,None,66,1,5,False,1,1
9758,98,weighted,10,0.2931926751592357,0,23,None,66,1,5,False,1,1
9759,99,weighted,10,0.2966759554140127,0,23,None,66,1,5,False,1,1
9760,95,weighted,10,0.4321257961783439,0,27,None,66,1,5,False,1,1
9761,96,weighted,10,0.4275477707006369,0,27,None,66,1,5,False,1,1
9762,97,weighted,10,0.4269506369426751,0,27,None,66,1,5,False,1,1
9763,98,weighted,10,0.4320262738853503,0,27,None,66,1,5,False,1,1
9764,99,weighted,10,0.4390923566878981,0,27,None,66,1,5,False,1,1
9765,95,weighted,10,0.2914012738853503,0,28,None,66,1,5,False,1,1
9766,96,weighted,10,0.3063296178343949,0,28,None,66,1,5,False,1,1
9767,97,weighted,10,0.3144904458598726,0,28,None,66,1,5,False,1,1
9768,98,weighted,10,0.3278264331210191,0,28,None,66,1,5,False,1,1
9769,99,weighted,10,0.3439490445859872,0,28,None,66,1,5,False,1,1
9770,95,weighted,10,0.2689092356687898,0,29,None,66,1,5,False,1,1
9771,96,weighted,10,0.2701035031847134,0,29,None,66,1,5,False,1,1
9772,97,weighted,10,0.2714968152866242,0,29,None,66,1,5,False,1,1
9773,98,weighted,10,0.2725915605095541,0,29,None,66,1,5,False,1,1
9774,99,weighted,10,0.2723925159235669,0,29,None,66,1,5,False,1,1
9775,95,weighted,10,0.4131170382165605,0,16,None,66,1,5,False,1,1
9776,96,weighted,10,0.4193869426751592,0,16,None,66,1,5,False,1,1
9777,97,weighted,10,0.4230692675159235,0,16,None,66,1,5,False,1,1
9778,98,weighted,10,0.4307324840764331,0,16,None,66,1,5,False,1,1
9779,99,weighted,10,0.4351114649681528,0,16,None,66,1,5,False,1,1
9780,95,weighted,10,0.320859872611465,0,32,None,66,1,5,False,1,1
9781,96,weighted,10,0.3556926751592357,0,32,None,66,1,5,False,1,1
9782,97,weighted,10,0.3617635350318471,0,32,None,66,1,5,False,1,1
9783,98,weighted,10,0.3645501592356688,0,32,None,66,1,5,False,1,1
9784,99,weighted,10,0.3659434713375796,0,32,None,66,1,5,False,1,1
9785,95,weighted,10,0.3665406050955414,0,13,None,66,1,5,False,1,1
9786,96,weighted,10,0.3802746815286624,0,13,None,66,1,5,False,1,1
9787,97,weighted,10,0.395203025477707,0,13,None,66,1,5,False,1,1
9788,98,weighted,10,0.4044585987261146,0,13,None,66,1,5,False,1,1
9789,99,weighted,10,0.4094347133757962,0,13,None,66,1,5,False,1,1
9790,95,weighted,10,0.3587778662420382,0,8,None,66,1,5,False,1,1
9791,96,weighted,10,0.3465366242038216,0,8,None,66,1,5,False,1,1
9792,97,weighted,10,0.3362858280254777,0,8,None,66,1,5,False,1,1
9793,98,weighted,10,0.3324044585987261,0,8,None,66,1,5,False,1,1
9794,99,weighted,10,0.3454418789808917,0,8,None,66,1,5,False,1,1
9795,95,weighted,10,0.4140127388535032,0,18,None,66,1,5,False,1,1
9796,96,weighted,10,0.3918192675159235,0,18,None,66,1,5,False,1,1
9797,97,weighted,10,0.3953025477707006,0,18,None,66,1,5,False,1,1
9798,98,weighted,10,0.4000796178343949,0,18,None,66,1,5,False,1,1
9799,99,weighted,10,0.4041600318471338,0,18,None,66,1,5,False,1,1
9800,95,weighted,10,0.4165007961783439,0,19,None,66,1,5,False,1,1
9801,96,weighted,10,0.4290406050955414,0,19,None,66,1,5,False,1,1
9802,97,weighted,10,0.4375995222929936,0,19,None,66,1,5,False,1,1
9803,98,weighted,10,0.4476512738853503,0,19,None,66,1,5,False,1,1
9804,99,weighted,10,0.4547173566878981,0,19,None,66,1,5,False,1,1
9805,95,weighted,10,0.2819466560509554,0,31,None,66,1,5,False,1,1
9806,96,weighted,10,0.2816480891719745,0,31,None,66,1,5,False,1,1
9807,97,weighted,10,0.2825437898089172,0,31,None,66,1,5,False,1,1
9808,98,weighted,10,0.3179737261146497,0,31,None,66,1,5,False,1,1
9809,99,weighted,10,0.34375,0,31,None,66,1,5,False,1,1
9810,95,weighted,10,0.3905254777070063,0,20,None,66,1,5,False,1,1
9811,96,weighted,10,0.392515923566879,0,20,None,66,1,5,False,1,1
9812,97,weighted,10,0.3937101910828025,0,20,None,66,1,5,False,1,1
9813,98,weighted,10,0.3951035031847134,0,20,None,66,1,5,False,1,1
9814,99,weighted,10,0.3973925159235669,0,20,None,66,1,5,False,1,1
9815,95,weighted,10,0.3649482484076433,0,25,None,66,1,5,False,1,1
9816,96,weighted,10,0.3733081210191082,0,25,None,66,1,5,False,1,1
9817,97,weighted,10,0.3835589171974522,0,25,None,66,1,5,False,1,1
9818,98,weighted,10,0.3890326433121019,0,25,None,66,1,5,False,1,1
9819,99,weighted,10,0.3953025477707006,0,25,None,66,1,5,False,1,1
9820,95,weighted,10,0.3193670382165605,0,9,None,66,1,5,False,1,1
9821,96,weighted,10,0.297671178343949,0,9,None,66,1,5,False,1,1
9822,97,weighted,10,0.2873208598726114,0,9,None,66,1,5,False,1,1
9823,98,weighted,10,0.2833399681528662,0,9,None,66,1,5,False,1,1
9824,99,weighted,10,0.2849323248407643,0,9,None,66,1,5,False,1,1
9825,95,weighted,10,0.2750796178343949,0,22,None,66,1,5,False,1,1
9826,96,weighted,10,0.3428542993630573,0,22,None,66,1,5,False,1,1
9827,97,weighted,10,0.3797770700636942,0,22,None,66,1,5,False,1,1
9828,98,weighted,10,0.3626592356687898,0,22,None,66,1,5,False,1,1
9829,99,weighted,10,0.3517117834394904,0,22,None,66,1,5,False,1,1
9830,95,weighted,10,0.263734076433121,0,5,None,66,1,5,False,1,1
9831,96,weighted,10,0.2743829617834395,0,5,None,66,1,5,False,1,1
9832,97,weighted,10,0.2804538216560509,0,5,None,66,1,5,False,1,1
9833,98,weighted,10,0.283937101910828,0,5,None,66,1,5,False,1,1
9834,99,weighted,10,0.2888136942675159,0,5,None,66,1,5,False,1,1
9835,95,weighted,10,0.3489251592356688,0,4,None,66,1,5,False,1,1
9836,96,weighted,10,0.3681329617834395,0,4,None,66,1,5,False,1,1
9837,97,weighted,10,0.3727109872611465,0,4,None,66,1,5,False,1,1
9838,98,weighted,10,0.3758957006369426,0,4,None,66,1,5,False,1,1
9839,99,weighted,10,0.3770899681528662,0,4,None,66,1,5,False,1,1
9840,95,weighted,10,0.395203025477707,0,6,None,66,1,5,False,1,1
9841,96,weighted,10,0.3692277070063694,0,6,None,66,1,5,False,1,1
9842,97,weighted,10,0.365843949044586,0,6,None,66,1,5,False,1,1
9843,98,weighted,10,0.3652468152866242,0,6,None,66,1,5,False,1,1
9844,99,weighted,10,0.3655453821656051,0,6,None,66,1,5,False,1,1
9845,95,weighted,10,0.4236664012738853,0,7,None,66,1,5,False,1,1
9846,96,weighted,10,0.4013734076433121,0,7,None,66,1,5,False,1,1
9847,97,weighted,10,0.4033638535031847,0,7,None,66,1,5,False,1,1
9848,98,weighted,10,0.4094347133757962,0,7,None,66,1,5,False,1,1
9849,99,weighted,10,0.418093152866242,0,7,None,66,1,5,False,1,1
9850,95,weighted,10,0.2113853503184713,0,14,None,66,1,5,False,1,1
9851,96,weighted,10,0.1980493630573248,0,14,None,66,1,5,False,1,1
9852,97,weighted,10,0.1978503184713375,0,14,None,66,1,5,False,1,1
9853,98,weighted,10,0.1998407643312102,0,14,None,66,1,5,False,1,1
9854,99,weighted,10,0.2230294585987261,0,14,None,66,1,5,False,1,1
9855,95,weighted,10,0.3961982484076433,0,12,None,66,1,5,False,1,1
9856,96,weighted,10,0.3957006369426751,0,12,None,66,1,5,False,1,1
9857,97,weighted,10,0.3995820063694267,0,12,None,66,1,5,False,1,1
9858,98,weighted,10,0.4193869426751592,0,12,None,66,1,5,False,1,1
9859,99,weighted,10,0.4576035031847134,0,12,None,66,1,5,False,1,1
9860,95,weighted,10,0.3008558917197452,0,26,None,66,1,5,False,1,1
9861,96,weighted,10,0.3070262738853503,0,26,None,66,1,5,False,1,1
9862,97,weighted,10,0.3298168789808917,0,26,None,66,1,5,False,1,1
9863,98,weighted,10,0.352906050955414,0,26,None,66,1,5,False,1,1
9864,99,weighted,10,0.3697253184713376,0,26,None,66,1,5,False,1,1
9865,95,weighted,10,0.380374203821656,0,30,None,66,1,5,False,1,1
9866,96,weighted,10,0.3813694267515923,0,30,None,66,1,5,False,1,1
9867,97,weighted,10,0.3823646496815286,0,30,None,66,1,5,False,1,1
9868,98,weighted,10,0.3829617834394904,0,30,None,66,1,5,False,1,1
9869,99,weighted,10,0.3839570063694267,0,30,None,66,1,5,False,1,1
9870,95,weighted,10,0.3912221337579618,0,10,None,66,1,5,False,1,1
9871,96,weighted,10,0.3668391719745223,0,10,None,66,1,5,False,1,1
9872,97,weighted,10,0.3652468152866242,0,10,None,66,1,5,False,1,1
9873,98,weighted,10,0.368531050955414,0,10,None,66,1,5,False,1,1
9874,99,weighted,10,0.375,0,10,None,66,1,5,False,1,1
9875,95,weighted,10,0.4309315286624204,0,15,None,66,1,5,False,1,1
9876,96,weighted,10,0.4516321656050955,0,15,None,66,1,5,False,1,1
9877,97,weighted,10,0.4665605095541401,0,15,None,66,1,5,False,1,1
9878,98,weighted,10,0.4803941082802547,0,15,None,66,1,5,False,1,1
9879,99,weighted,10,0.4903463375796178,0,15,None,66,1,5,False,1,1
9880,95,weighted,10,0.3073248407643312,0,11,None,66,1,5,False,1,1
9881,96,weighted,10,0.3256369426751592,0,11,None,66,1,5,False,1,1
9882,97,weighted,10,0.3381767515923566,0,11,None,66,1,5,False,1,1
9883,98,weighted,10,0.3467356687898089,0,11,None,66,1,5,False,1,1
9884,99,weighted,10,0.3562898089171974,0,11,None,66,1,5,False,1,1
9885,95,weighted,10,0.4743232484076433,0,3,None,66,1,5,False,1,1
9886,96,weighted,10,0.4816878980891719,0,3,None,66,1,5,False,1,1
9887,97,weighted,10,0.4835788216560509,0,3,None,66,1,5,False,1,1
9888,98,weighted,10,0.4803941082802547,0,3,None,66,1,5,False,1,1
9889,99,weighted,10,0.4788017515923566,0,3,None,66,1,5,False,1,1
9890,95,weighted,10,0.4509355095541401,0,17,None,66,1,5,False,1,1
9891,96,weighted,10,0.451234076433121,0,17,None,66,1,5,False,1,1
9892,97,weighted,10,0.4524283439490446,0,17,None,66,1,5,False,1,1
9893,98,weighted,10,0.4538216560509554,0,17,None,66,1,5,False,1,1
9894,99,weighted,10,0.4562101910828025,0,17,None,66,1,5,False,1,1
9895,95,weighted,10,0.2602507961783439,0,24,None,66,1,5,False,1,1
9896,96,weighted,10,0.2643312101910828,0,24,None,66,1,5,False,1,1
9897,97,weighted,10,0.2704020700636942,0,24,None,66,1,5,False,1,1
9898,98,weighted,10,0.2756767515923566,0,24,None,66,1,5,False,1,1
9899,99,weighted,10,0.2811504777070063,0,24,None,66,1,5,False,1,1
9900,100,weighted,10,0.3967953821656051,0,22,None,66,1,5,False,1,1
9901,101,weighted,10,0.3736066878980891,0,22,None,66,1,5,False,1,1
9902,102,weighted,10,0.3808718152866242,0,22,None,66,1,5,False,1,1
9903,103,weighted,10,0.3998805732484076,0,22,None,66,1,5,False,1,1
9904,104,weighted,10,0.4196855095541401,0,22,None,66,1,5,False,1,1
9905,100,weighted,10,0.4407842356687898,0,16,None,66,1,5,False,1,1
9906,101,weighted,10,0.4339171974522293,0,16,None,66,1,5,False,1,1
9907,102,weighted,10,0.4390923566878981,0,16,None,66,1,5,False,1,1
9908,103,weighted,10,0.4508359872611465,0,16,None,66,1,5,False,1,1
9909,104,weighted,10,0.4678542993630573,0,16,None,66,1,5,False,1,1
9910,100,weighted,10,0.4377985668789809,0,7,None,66,1,5,False,1,1
9911,101,weighted,10,0.447452229299363,0,7,None,66,1,5,False,1,1
9912,102,weighted,10,0.4565087579617834,0,7,None,66,1,5,False,1,1
9913,103,weighted,10,0.4655652866242038,0,7,None,66,1,5,False,1,1
9914,104,weighted,10,0.4772093949044586,0,7,None,66,1,5,False,1,1
9915,100,weighted,10,0.3676353503184713,0,32,None,66,1,5,False,1,1
9916,101,weighted,10,0.3668391719745223,0,32,None,66,1,5,False,1,1
9917,102,weighted,10,0.3717157643312102,0,32,None,66,1,5,False,1,1
9918,103,weighted,10,0.380374203821656,0,32,None,66,1,5,False,1,1
9919,104,weighted,10,0.3877388535031847,0,32,None,66,1,5,False,1,1
9920,100,weighted,10,0.2622412420382166,0,14,None,66,1,5,False,1,1
9921,101,weighted,10,0.2601512738853503,0,14,None,66,1,5,False,1,1
9922,102,weighted,10,0.2600517515923566,0,14,None,66,1,5,False,1,1
9923,103,weighted,10,0.2600517515923566,0,14,None,66,1,5,False,1,1
9924,104,weighted,10,0.2600517515923566,0,14,None,66,1,5,False,1,1
9925,100,weighted,10,0.4919386942675159,0,12,None,66,1,5,False,1,1
9926,101,weighted,10,0.4874601910828025,0,12,None,66,1,5,False,1,1
9927,102,weighted,10,0.484375,0,12,None,66,1,5,False,1,1
9928,103,weighted,10,0.4857683121019108,0,12,None,66,1,5,False,1,1
9929,104,weighted,10,0.4877587579617834,0,12,None,66,1,5,False,1,1
9930,100,weighted,10,0.4053542993630573,0,6,None,66,1,5,False,1,1
9931,101,weighted,10,0.4150079617834395,0,6,None,66,1,5,False,1,1
9932,102,weighted,10,0.427249203821656,0,6,None,66,1,5,False,1,1
9933,103,weighted,10,0.4359076433121019,0,6,None,66,1,5,False,1,1
9934,104,weighted,10,0.4426751592356688,0,6,None,66,1,5,False,1,1
9935,100,weighted,10,0.4147093949044586,0,25,None,66,1,5,False,1,1
9936,101,weighted,10,0.4166998407643312,0,25,None,66,1,5,False,1,1
9937,102,weighted,10,0.4096337579617834,0,25,None,66,1,5,False,1,1
9938,103,weighted,10,0.4082404458598726,0,25,None,66,1,5,False,1,1
9939,104,weighted,10,0.4090366242038216,0,25,None,66,1,5,False,1,1
9940,100,weighted,10,0.3585788216560509,0,26,None,66,1,5,False,1,1
9941,101,weighted,10,0.3747014331210191,0,26,None,66,1,5,False,1,1
9942,102,weighted,10,0.3874402866242038,0,26,None,66,1,5,False,1,1
9943,103,weighted,10,0.3958001592356688,0,26,None,66,1,5,False,1,1
9944,104,weighted,10,0.4066480891719745,0,26,None,66,1,5,False,1,1
9945,100,weighted,10,0.3599721337579618,0,11,None,66,1,5,False,1,1
9946,101,weighted,10,0.376890923566879,0,11,None,66,1,5,False,1,1
9947,102,weighted,10,0.3840565286624204,0,11,None,66,1,5,False,1,1
9948,103,weighted,10,0.3885350318471338,0,11,None,66,1,5,False,1,1
9949,104,weighted,10,0.3912221337579618,0,11,None,66,1,5,False,1,1
9950,100,weighted,10,0.4061504777070063,0,20,None,66,1,5,False,1,1
9951,101,weighted,10,0.4056528662420382,0,20,None,66,1,5,False,1,1
9952,102,weighted,10,0.4071457006369426,0,20,None,66,1,5,False,1,1
9953,103,weighted,10,0.4096337579617834,0,20,None,66,1,5,False,1,1
9954,104,weighted,10,0.413515127388535,0,20,None,66,1,5,False,1,1
9955,100,weighted,10,0.4561106687898089,0,17,None,66,1,5,False,1,1
9956,101,weighted,10,0.457703025477707,0,17,None,66,1,5,False,1,1
9957,102,weighted,10,0.4597929936305732,0,17,None,66,1,5,False,1,1
9958,103,weighted,10,0.4618829617834395,0,17,None,66,1,5,False,1,1
9959,104,weighted,10,0.4647691082802547,0,17,None,66,1,5,False,1,1
9960,100,weighted,10,0.2653264331210191,0,24,None,66,1,5,False,1,1
9961,101,weighted,10,0.2684116242038216,0,24,None,66,1,5,False,1,1
9962,102,weighted,10,0.2719944267515923,0,24,None,66,1,5,False,1,1
9963,103,weighted,10,0.2736863057324841,0,24,None,66,1,5,False,1,1
9964,104,weighted,10,0.2759753184713376,0,24,None,66,1,5,False,1,1
9965,100,weighted,10,0.3825636942675159,0,30,None,66,1,5,False,1,1
9966,101,weighted,10,0.3828622611464968,0,30,None,66,1,5,False,1,1
9967,102,weighted,10,0.3880374203821656,0,30,None,66,1,5,False,1,1
9968,103,weighted,10,0.398984872611465,0,30,None,66,1,5,False,1,1
9969,104,weighted,10,0.4107285031847134,0,30,None,66,1,5,False,1,1
9970,100,weighted,10,0.506468949044586,0,15,None,66,1,5,False,1,1
9971,101,weighted,10,0.5125398089171974,0,15,None,66,1,5,False,1,1
9972,102,weighted,10,0.5162221337579618,0,15,None,66,1,5,False,1,1
9973,103,weighted,10,0.5184116242038217,0,15,None,66,1,5,False,1,1
9974,104,weighted,10,0.5196058917197452,0,15,None,66,1,5,False,1,1
9975,100,weighted,10,0.3937101910828025,0,10,None,66,1,5,False,1,1
9976,101,weighted,10,0.3901273885350318,0,10,None,66,1,5,False,1,1
9977,102,weighted,10,0.3960987261146497,0,10,None,66,1,5,False,1,1
9978,103,weighted,10,0.4014729299363057,0,10,None,66,1,5,False,1,1
9979,104,weighted,10,0.4077428343949044,0,10,None,66,1,5,False,1,1
9980,100,weighted,10,0.3335987261146497,0,1,None,66,1,5,False,1,1
9981,101,weighted,10,0.3340963375796178,0,1,None,66,1,5,False,1,1
9982,102,weighted,10,0.334593949044586,0,1,None,66,1,5,False,1,1
9983,103,weighted,10,0.335390127388535,0,1,None,66,1,5,False,1,1
9984,104,weighted,10,0.3361863057324841,0,1,None,66,1,5,False,1,1
9985,100,weighted,10,0.3565883757961783,0,2,None,66,1,5,False,1,1
9986,101,weighted,10,0.3636544585987261,0,2,None,66,1,5,False,1,1
9987,102,weighted,10,0.3690286624203822,0,2,None,66,1,5,False,1,1
9988,103,weighted,10,0.3728105095541401,0,2,None,66,1,5,False,1,1
9989,104,weighted,10,0.3800756369426751,0,2,None,66,1,5,False,1,1
9990,100,weighted,10,0.3596735668789809,0,0,None,66,1,5,False,1,1
9991,101,weighted,10,0.3594745222929936,0,0,None,66,1,5,False,1,1
9992,102,weighted,10,0.3614649681528662,0,0,None,66,1,5,False,1,1
9993,103,weighted,10,0.3645501592356688,0,0,None,66,1,5,False,1,1
9994,104,weighted,10,0.3714171974522293,0,0,None,66,1,5,False,1,1
9995,100,weighted,10,0.2845342356687898,0,5,None,66,1,5,False,1,1
9996,101,weighted,10,0.2913017515923566,0,5,None,66,1,5,False,1,1
9997,102,weighted,10,0.3042396496815286,0,5,None,66,1,5,False,1,1
9998,103,weighted,10,0.3165804140127388,0,5,None,66,1,5,False,1,1
9999,104,weighted,10,0.3258359872611465,0,5,None,66,1,5,False,1,1
10000,100,weighted,10,0.3758957006369426,0,4,None,66,1,5,False,1,1
10001,101,weighted,10,0.376890923566879,0,4,None,66,1,5,False,1,1
10002,102,weighted,10,0.3787818471337579,0,4,None,66,1,5,False,1,1
10003,103,weighted,10,0.3807722929936306,0,4,None,66,1,5,False,1,1
10004,104,weighted,10,0.3819665605095541,0,4,None,66,1,5,False,1,1
10005,100,weighted,10,0.3146894904458598,0,9,None,66,1,5,False,1,1
10006,101,weighted,10,0.3018511146496815,0,9,None,66,1,5,False,1,1
10007,102,weighted,10,0.3039410828025478,0,9,None,66,1,5,False,1,1
10008,103,weighted,10,0.315187101910828,0,9,None,66,1,5,False,1,1
10009,104,weighted,10,0.3469347133757962,0,9,None,66,1,5,False,1,1
10010,100,weighted,10,0.4297372611464968,0,13,None,66,1,5,False,1,1
10011,101,weighted,10,0.4235668789808917,0,13,None,66,1,5,False,1,1
10012,102,weighted,10,0.4229697452229299,0,13,None,66,1,5,False,1,1
10013,103,weighted,10,0.424562101910828,0,13,None,66,1,5,False,1,1
10014,104,weighted,10,0.4333200636942675,0,13,None,66,1,5,False,1,1
10015,100,weighted,10,0.4321257961783439,0,21,None,66,1,5,False,1,1
10016,101,weighted,10,0.4343152866242038,0,21,None,66,1,5,False,1,1
10017,102,weighted,10,0.4366042993630573,0,21,None,66,1,5,False,1,1
10018,103,weighted,10,0.4374004777070063,0,21,None,66,1,5,False,1,1
10019,104,weighted,10,0.4380971337579618,0,21,None,66,1,5,False,1,1
10020,100,weighted,10,0.3408638535031847,0,23,None,66,1,5,False,1,1
10021,101,weighted,10,0.3237460191082802,0,23,None,66,1,5,False,1,1
10022,102,weighted,10,0.3253383757961783,0,23,None,66,1,5,False,1,1
10023,103,weighted,10,0.3314092356687898,0,23,None,66,1,5,False,1,1
10024,104,weighted,10,0.3367834394904458,0,23,None,66,1,5,False,1,1
10025,100,weighted,10,0.418889331210191,0,27,None,66,1,5,False,1,1
10026,101,weighted,10,0.4290406050955414,0,27,None,66,1,5,False,1,1
10027,102,weighted,10,0.4394904458598726,0,27,None,66,1,5,False,1,1
10028,103,weighted,10,0.443968949044586,0,27,None,66,1,5,False,1,1
10029,104,weighted,10,0.4438694267515923,0,27,None,66,1,5,False,1,1
10030,100,weighted,10,0.3397691082802547,0,28,None,66,1,5,False,1,1
10031,101,weighted,10,0.3581807324840764,0,28,None,66,1,5,False,1,1
10032,102,weighted,10,0.3672372611464968,0,28,None,66,1,5,False,1,1
10033,103,weighted,10,0.371218152866242,0,28,None,66,1,5,False,1,1
10034,104,weighted,10,0.3751990445859872,0,28,None,66,1,5,False,1,1
10035,100,weighted,10,0.2717953821656051,0,29,None,66,1,5,False,1,1
10036,101,weighted,10,0.2719944267515923,0,29,None,66,1,5,False,1,1
10037,102,weighted,10,0.2723925159235669,0,29,None,66,1,5,False,1,1
10038,103,weighted,10,0.272890127388535,0,29,None,66,1,5,False,1,1
10039,104,weighted,10,0.2767714968152866,0,29,None,66,1,5,False,1,1
10040,100,weighted,10,0.3824641719745223,0,8,None,66,1,5,False,1,1
10041,101,weighted,10,0.3770899681528662,0,8,None,66,1,5,False,1,1
10042,102,weighted,10,0.3695262738853503,0,8,None,66,1,5,False,1,1
10043,103,weighted,10,0.3807722929936306,0,8,None,66,1,5,False,1,1
10044,104,weighted,10,0.3874402866242038,0,8,None,66,1,5,False,1,1
10045,100,weighted,10,0.4964171974522293,0,3,None,66,1,5,False,1,1
10046,101,weighted,10,0.4973128980891719,0,3,None,66,1,5,False,1,1
10047,102,weighted,10,0.4923367834394904,0,3,None,66,1,5,False,1,1
10048,103,weighted,10,0.4900477707006369,0,3,None,66,1,5,False,1,1
10049,104,weighted,10,0.4913415605095541,0,3,None,66,1,5,False,1,1
10050,100,weighted,10,0.4141122611464968,0,18,None,66,1,5,False,1,1
10051,101,weighted,10,0.408140923566879,0,18,None,66,1,5,False,1,1
10052,102,weighted,10,0.4131170382165605,0,18,None,66,1,5,False,1,1
10053,103,weighted,10,0.4159036624203822,0,18,None,66,1,5,False,1,1
10054,104,weighted,10,0.4201831210191082,0,18,None,66,1,5,False,1,1
10055,100,weighted,10,0.2859275477707006,0,31,None,66,1,5,False,1,1
10056,101,weighted,10,0.3283240445859872,0,31,None,66,1,5,False,1,1
10057,102,weighted,10,0.3458399681528662,0,31,None,66,1,5,False,1,1
10058,103,weighted,10,0.3553941082802547,0,31,None,66,1,5,False,1,1
10059,104,weighted,10,0.3604697452229299,0,31,None,66,1,5,False,1,1
10060,100,weighted,10,0.451234076433121,0,19,None,66,1,5,False,1,1
10061,101,weighted,10,0.4580015923566879,0,19,None,66,1,5,False,1,1
10062,102,weighted,10,0.4628781847133758,0,19,None,66,1,5,False,1,1
10063,103,weighted,10,0.466859076433121,0,19,None,66,1,5,False,1,1
10064,104,weighted,10,0.4663614649681528,0,19,None,66,1,5,False,1,1
11550,105,weighted,10,0.3622611464968153,0,1,None,66,1,5,False,1,1
11551,106,weighted,10,0.3948049363057325,0,1,None,66,1,5,False,1,1
11552,107,weighted,10,0.410828025477707,0,1,None,66,1,5,False,1,1
11553,108,weighted,10,0.4255573248407643,0,1,None,66,1,5,False,1,1
11554,109,weighted,10,0.4680533439490446,0,1,None,66,1,5,False,1,1
11555,105,weighted,10,0.3202627388535032,0,5,None,66,1,5,False,1,1
11556,106,weighted,10,0.3242436305732484,0,5,None,66,1,5,False,1,1
11557,107,weighted,10,0.3280254777070063,0,5,None,66,1,5,False,1,1
11558,108,weighted,10,0.3306130573248407,0,5,None,66,1,5,False,1,1
11559,109,weighted,10,0.3311106687898089,0,5,None,66,1,5,False,1,1
11560,105,weighted,10,0.50109474522293,0,15,None,66,1,5,False,1,1
11561,106,weighted,10,0.5189092356687898,0,15,None,66,1,5,False,1,1
11562,107,weighted,10,0.5213972929936306,0,15,None,66,1,5,False,1,1
11563,108,weighted,10,0.5218949044585988,0,15,None,66,1,5,False,1,1
11564,109,weighted,10,0.5222929936305732,0,15,None,66,1,5,False,1,1
11565,105,weighted,10,0.4945262738853503,0,16,None,66,1,5,False,1,1
11566,106,weighted,10,0.5050756369426752,0,16,None,66,1,5,False,1,1
11567,107,weighted,10,0.5189092356687898,0,16,None,66,1,5,False,1,1
11568,108,weighted,10,0.5315485668789809,0,16,None,66,1,5,False,1,1
11569,109,weighted,10,0.5415007961783439,0,16,None,66,1,5,False,1,1
11570,105,weighted,10,0.431031050955414,0,8,None,66,1,5,False,1,1
11571,106,weighted,10,0.3985867834394904,0,8,None,66,1,5,False,1,1
11572,107,weighted,10,0.40625,0,8,None,66,1,5,False,1,1
11573,108,weighted,10,0.4104299363057325,0,8,None,66,1,5,False,1,1
11574,109,weighted,10,0.4153065286624204,0,8,None,66,1,5,False,1,1
11575,105,weighted,10,0.4177945859872611,0,20,None,66,1,5,False,1,1
11576,106,weighted,10,0.4193869426751592,0,20,None,66,1,5,False,1,1
11577,107,weighted,10,0.4205812101910828,0,20,None,66,1,5,False,1,1
11578,108,weighted,10,0.4235668789808917,0,20,None,66,1,5,False,1,1
11579,109,weighted,10,0.4265525477707006,0,20,None,66,1,5,False,1,1
11580,105,weighted,10,0.4665605095541401,0,19,None,66,1,5,False,1,1
11581,106,weighted,10,0.4639729299363057,0,19,None,66,1,5,False,1,1
11582,107,weighted,10,0.4542197452229299,0,19,None,66,1,5,False,1,1
11583,108,weighted,10,0.4426751592356688,0,19,None,66,1,5,False,1,1
11584,109,weighted,10,0.4422770700636942,0,19,None,66,1,5,False,1,1
11585,105,weighted,10,0.4270501592356688,0,22,None,66,1,5,False,1,1
11586,106,weighted,10,0.4901472929936306,0,22,None,66,1,5,False,1,1
11587,107,weighted,10,0.5098527070063694,0,22,None,66,1,5,False,1,1
11588,108,weighted,10,0.5115445859872612,0,22,None,66,1,5,False,1,1
11589,109,weighted,10,0.5122412420382165,0,22,None,66,1,5,False,1,1
11590,105,weighted,10,0.2639331210191082,0,14,None,66,1,5,False,1,1
11591,106,weighted,10,0.2605493630573248,0,14,None,66,1,5,False,1,1
11592,107,weighted,10,0.2601512738853503,0,14,None,66,1,5,False,1,1
11593,108,weighted,10,0.2606488853503185,0,14,None,66,1,5,False,1,1
11594,109,weighted,10,0.2607484076433121,0,14,None,66,1,5,False,1,1
11595,105,weighted,10,0.3519108280254777,0,23,None,66,1,5,False,1,1
11596,106,weighted,10,0.3507165605095541,0,23,None,66,1,5,False,1,1
11597,107,weighted,10,0.353702229299363,0,23,None,66,1,5,False,1,1
11598,108,weighted,10,0.3571855095541401,0,23,None,66,1,5,False,1,1
11599,109,weighted,10,0.3614649681528662,0,23,None,66,1,5,False,1,1
11600,105,weighted,10,0.4383957006369426,0,21,None,66,1,5,False,1,1
11601,106,weighted,10,0.4390923566878981,0,21,None,66,1,5,False,1,1
11602,107,weighted,10,0.4392914012738853,0,21,None,66,1,5,False,1,1
11603,108,weighted,10,0.4395899681528662,0,21,None,66,1,5,False,1,1
11604,109,weighted,10,0.4400875796178344,0,21,None,66,1,5,False,1,1
11605,105,weighted,10,0.268312101910828,0,24,None,66,1,5,False,1,1
11606,106,weighted,10,0.2716958598726114,0,24,None,66,1,5,False,1,1
11607,107,weighted,10,0.2828423566878981,0,24,None,66,1,5,False,1,1
11608,108,weighted,10,0.3097133757961783,0,24,None,66,1,5,False,1,1
11609,109,weighted,10,0.3267316878980891,0,24,None,66,1,5,False,1,1
11610,105,weighted,10,0.3688296178343949,0,28,None,66,1,5,False,1,1
11611,106,weighted,10,0.3754976114649681,0,28,None,66,1,5,False,1,1
11612,107,weighted,10,0.3788813694267516,0,28,None,66,1,5,False,1,1
11613,108,weighted,10,0.3815684713375796,0,28,None,66,1,5,False,1,1
11614,109,weighted,10,0.3843550955414013,0,28,None,66,1,5,False,1,1
11615,105,weighted,10,0.4107285031847134,0,30,None,66,1,5,False,1,1
11616,106,weighted,10,0.4186902866242038,0,30,None,66,1,5,False,1,1
11617,107,weighted,10,0.4244625796178344,0,30,None,66,1,5,False,1,1
11618,108,weighted,10,0.4297372611464968,0,30,None,66,1,5,False,1,1
11619,109,weighted,10,0.4332205414012738,0,30,None,66,1,5,False,1,1
11620,105,weighted,10,0.4388933121019108,0,27,None,66,1,5,False,1,1
11621,106,weighted,10,0.4417794585987261,0,27,None,66,1,5,False,1,1
11622,107,weighted,10,0.4427746815286624,0,27,None,66,1,5,False,1,1
11623,108,weighted,10,0.4437699044585987,0,27,None,66,1,5,False,1,1
11624,109,weighted,10,0.4455613057324841,0,27,None,66,1,5,False,1,1
11625,105,weighted,10,0.4215764331210191,0,18,None,66,1,5,False,1,1
11626,106,weighted,10,0.4307324840764331,0,18,None,66,1,5,False,1,1
11627,107,weighted,10,0.433718152866242,0,18,None,66,1,5,False,1,1
11628,108,weighted,10,0.4367038216560509,0,18,None,66,1,5,False,1,1
11629,109,weighted,10,0.4398885350318471,0,18,None,66,1,5,False,1,1
11630,105,weighted,10,0.3893312101910828,0,31,None,66,1,5,False,1,1
11631,106,weighted,10,0.3670382165605095,0,31,None,66,1,5,False,1,1
11632,107,weighted,10,0.3725119426751592,0,31,None,66,1,5,False,1,1
11633,108,weighted,10,0.3817675159235669,0,31,None,66,1,5,False,1,1
11634,109,weighted,10,0.3950039808917197,0,31,None,66,1,5,False,1,1
11635,105,weighted,10,0.3779856687898089,0,2,None,66,1,5,False,1,1
11636,106,weighted,10,0.3883359872611465,0,2,None,66,1,5,False,1,1
11637,107,weighted,10,0.4007762738853503,0,2,None,66,1,5,False,1,1
11638,108,weighted,10,0.4095342356687898,0,2,None,66,1,5,False,1,1
11639,109,weighted,10,0.4149084394904458,0,2,None,66,1,5,False,1,1
11640,105,weighted,10,0.4138136942675159,0,10,None,66,1,5,False,1,1
11641,106,weighted,10,0.4158041401273885,0,10,None,66,1,5,False,1,1
11642,107,weighted,10,0.4186902866242038,0,10,None,66,1,5,False,1,1
11643,108,weighted,10,0.4234673566878981,0,10,None,66,1,5,False,1,1
11644,109,weighted,10,0.4260549363057325,0,10,None,66,1,5,False,1,1
11645,105,weighted,10,0.3629578025477707,0,11,None,66,1,5,False,1,1
11646,106,weighted,10,0.3817675159235669,0,11,None,66,1,5,False,1,1
11647,107,weighted,10,0.3929140127388535,0,11,None,66,1,5,False,1,1
11648,108,weighted,10,0.3976910828025478,0,11,None,66,1,5,False,1,1
11649,109,weighted,10,0.3994824840764331,0,11,None,66,1,5,False,1,1
11650,105,weighted,10,0.463077229299363,0,17,None,66,1,5,False,1,1
11651,106,weighted,10,0.465764331210191,0,17,None,66,1,5,False,1,1
11652,107,weighted,10,0.4677547770700637,0,17,None,66,1,5,False,1,1
11653,108,weighted,10,0.46875,0,17,None,66,1,5,False,1,1
11654,109,weighted,10,0.4709394904458598,0,17,None,66,1,5,False,1,1
11655,105,weighted,10,0.4580015923566879,0,6,None,66,1,5,False,1,1
11656,106,weighted,10,0.4523288216560509,0,6,None,66,1,5,False,1,1
11657,107,weighted,10,0.4514331210191082,0,6,None,66,1,5,False,1,1
11658,108,weighted,10,0.4510350318471338,0,6,None,66,1,5,False,1,1
11659,109,weighted,10,0.4519307324840764,0,6,None,66,1,5,False,1,1
11660,105,weighted,10,0.5025875796178344,0,3,None,66,1,5,False,1,1
11661,106,weighted,10,0.4994028662420382,0,3,None,66,1,5,False,1,1
11662,107,weighted,10,0.4982085987261146,0,3,None,66,1,5,False,1,1
11663,108,weighted,10,0.4998009554140127,0,3,None,66,1,5,False,1,1
11664,109,weighted,10,0.5003980891719745,0,3,None,66,1,5,False,1,1
11665,105,weighted,10,0.5061703821656051,0,12,None,66,1,5,False,1,1
11666,106,weighted,10,0.5055732484076433,0,12,None,66,1,5,False,1,1
11667,107,weighted,10,0.5006966560509554,0,12,None,66,1,5,False,1,1
11668,108,weighted,10,0.5023885350318471,0,12,None,66,1,5,False,1,1
11669,109,weighted,10,0.5048765923566879,0,12,None,66,1,5,False,1,1
11670,105,weighted,10,0.4448646496815286,0,13,None,66,1,5,False,1,1
11671,106,weighted,10,0.4534235668789809,0,13,None,66,1,5,False,1,1
11672,107,weighted,10,0.4626791401273885,0,13,None,66,1,5,False,1,1
11673,108,weighted,10,0.4694466560509554,0,13,None,66,1,5,False,1,1
11674,109,weighted,10,0.4745222929936306,0,13,None,66,1,5,False,1,1
11675,105,weighted,10,0.4194864649681528,0,25,None,66,1,5,False,1,1
11676,106,weighted,10,0.411624203821656,0,25,None,66,1,5,False,1,1
11677,107,weighted,10,0.4117237261146497,0,25,None,66,1,5,False,1,1
11678,108,weighted,10,0.4121218152866242,0,25,None,66,1,5,False,1,1
11679,109,weighted,10,0.4133160828025478,0,25,None,66,1,5,False,1,1
11680,105,weighted,10,0.3911226114649681,0,26,None,66,1,5,False,1,1
11681,106,weighted,10,0.4020700636942675,0,26,None,66,1,5,False,1,1
11682,107,weighted,10,0.4133160828025478,0,26,None,66,1,5,False,1,1
11683,108,weighted,10,0.4206807324840764,0,26,None,66,1,5,False,1,1
11684,109,weighted,10,0.4267515923566879,0,26,None,66,1,5,False,1,1
11685,105,weighted,10,0.3665406050955414,0,0,None,66,1,5,False,1,1
11686,106,weighted,10,0.370421974522293,0,0,None,66,1,5,False,1,1
11687,107,weighted,10,0.3798765923566879,0,0,None,66,1,5,False,1,1
11688,108,weighted,10,0.3920183121019108,0,0,None,66,1,5,False,1,1
11689,109,weighted,10,0.4072452229299363,0,0,None,66,1,5,False,1,1
11690,105,weighted,10,0.4003781847133758,0,9,None,66,1,5,False,1,1
11691,106,weighted,10,0.3938097133757962,0,9,None,66,1,5,False,1,1
11692,107,weighted,10,0.3986863057324841,0,9,None,66,1,5,False,1,1
11693,108,weighted,10,0.4040605095541401,0,9,None,66,1,5,False,1,1
11694,109,weighted,10,0.4069466560509554,0,9,None,66,1,5,False,1,1
11695,105,weighted,10,0.3446457006369426,0,29,None,66,1,5,False,1,1
11696,106,weighted,10,0.3484275477707006,0,29,None,66,1,5,False,1,1
11697,107,weighted,10,0.3511146496815286,0,29,None,66,1,5,False,1,1
11698,108,weighted,10,0.3533041401273885,0,29,None,66,1,5,False,1,1
11699,109,weighted,10,0.354796974522293,0,29,None,66,1,5,False,1,1
11700,105,weighted,10,0.4730294585987261,0,7,None,66,1,5,False,1,1
11701,106,weighted,10,0.4782046178343949,0,7,None,66,1,5,False,1,1
11702,107,weighted,10,0.486265923566879,0,7,None,66,1,5,False,1,1
11703,108,weighted,10,0.4932324840764331,0,7,None,66,1,5,False,1,1
11704,109,weighted,10,0.4991042993630573,0,7,None,66,1,5,False,1,1
11705,105,weighted,10,0.3916202229299363,0,32,None,66,1,5,False,1,1
11706,106,weighted,10,0.3973925159235669,0,32,None,66,1,5,False,1,1
11707,107,weighted,10,0.401671974522293,0,32,None,66,1,5,False,1,1
11708,108,weighted,10,0.4061504777070063,0,32,None,66,1,5,False,1,1
11709,109,weighted,10,0.4087380573248407,0,32,None,66,1,5,False,1,1
11710,105,weighted,10,0.3758957006369426,0,4,None,66,1,5,False,1,1
11711,106,weighted,10,0.3769904458598726,0,4,None,66,1,5,False,1,1
11712,107,weighted,10,0.3780851910828025,0,4,None,66,1,5,False,1,1
11713,108,weighted,10,0.3793789808917197,0,4,None,66,1,5,False,1,1
11714,109,weighted,10,0.3811703821656051,0,4,None,66,1,5,False,1,1
11715,110,weighted,10,0.31140525477707,0,24,None,66,1,5,False,1,1
11716,111,weighted,10,0.3284235668789809,0,24,None,66,1,5,False,1,1
11717,112,weighted,10,0.3383757961783439,0,24,None,66,1,5,False,1,1
11718,113,weighted,10,0.344546178343949,0,24,None,66,1,5,False,1,1
11719,114,weighted,10,0.3485270700636942,0,24,None,66,1,5,False,1,1
11720,110,weighted,10,0.4306329617834395,0,31,None,66,1,5,False,1,1
11721,111,weighted,10,0.4321257961783439,0,31,None,66,1,5,False,1,1
11722,112,weighted,10,0.4370023885350318,0,31,None,66,1,5,False,1,1
11723,113,weighted,10,0.4426751592356688,0,31,None,66,1,5,False,1,1
11724,114,weighted,10,0.445859872611465,0,31,None,66,1,5,False,1,1
11725,110,weighted,10,0.4092356687898089,0,32,None,66,1,5,False,1,1
11726,111,weighted,10,0.4115246815286624,0,32,None,66,1,5,False,1,1
11727,112,weighted,10,0.4141122611464968,0,32,None,66,1,5,False,1,1
11728,113,weighted,10,0.4166998407643312,0,32,None,66,1,5,False,1,1
11729,114,weighted,10,0.418889331210191,0,32,None,66,1,5,False,1,1
11730,110,weighted,10,0.4836783439490446,0,1,None,66,1,5,False,1,1
11731,111,weighted,10,0.4949243630573248,0,1,None,66,1,5,False,1,1
11732,112,weighted,10,0.513734076433121,0,1,None,66,1,5,False,1,1
11733,113,weighted,10,0.5271695859872612,0,1,None,66,1,5,False,1,1
11734,114,weighted,10,0.5321457006369427,0,1,None,66,1,5,False,1,1
11735,110,weighted,10,0.4734275477707006,0,13,None,66,1,5,False,1,1
11736,111,weighted,10,0.4783041401273885,0,13,None,66,1,5,False,1,1
11737,112,weighted,10,0.4831807324840764,0,13,None,66,1,5,False,1,1
11738,113,weighted,10,0.4879578025477707,0,13,None,66,1,5,False,1,1
11739,114,weighted,10,0.4918391719745223,0,13,None,66,1,5,False,1,1
11740,110,weighted,10,0.4412818471337579,0,21,None,66,1,5,False,1,1
11741,111,weighted,10,0.4418789808917197,0,21,None,66,1,5,False,1,1
11742,112,weighted,10,0.442874203821656,0,21,None,66,1,5,False,1,1
11743,113,weighted,10,0.4429737261146497,0,21,None,66,1,5,False,1,1
11744,114,weighted,10,0.4435708598726114,0,21,None,66,1,5,False,1,1
11745,110,weighted,10,0.4946257961783439,0,27,None,66,1,5,False,1,1
11746,111,weighted,10,0.4979100318471338,0,27,None,66,1,5,False,1,1
11747,112,weighted,10,0.5027866242038217,0,27,None,66,1,5,False,1,1
11748,113,weighted,10,0.5076632165605095,0,27,None,66,1,5,False,1,1
11749,114,weighted,10,0.5133359872611465,0,27,None,66,1,5,False,1,1
11750,110,weighted,10,0.4161027070063694,0,26,None,66,1,5,False,1,1
11751,111,weighted,10,0.4239649681528662,0,26,None,66,1,5,False,1,1
11752,112,weighted,10,0.4289410828025478,0,26,None,66,1,5,False,1,1
11753,113,weighted,10,0.4317277070063694,0,26,None,66,1,5,False,1,1
11754,114,weighted,10,0.4344148089171974,0,26,None,66,1,5,False,1,1
11755,110,weighted,10,0.4343152866242038,0,30,None,66,1,5,False,1,1
11756,111,weighted,10,0.4371019108280254,0,30,None,66,1,5,False,1,1
11757,112,weighted,10,0.4397890127388535,0,30,None,66,1,5,False,1,1
11758,113,weighted,10,0.4418789808917197,0,30,None,66,1,5,False,1,1
11759,114,weighted,10,0.4436703821656051,0,30,None,66,1,5,False,1,1
11760,110,weighted,10,0.4099323248407643,0,2,None,66,1,5,False,1,1
11761,111,weighted,10,0.4169984076433121,0,2,None,66,1,5,False,1,1
11762,112,weighted,10,0.4194864649681528,0,2,None,66,1,5,False,1,1
11763,113,weighted,10,0.4234673566878981,0,2,None,66,1,5,False,1,1
11764,114,weighted,10,0.4249601910828025,0,2,None,66,1,5,False,1,1
11765,110,weighted,10,0.4940286624203822,0,7,None,66,1,5,False,1,1
11766,111,weighted,10,0.5017914012738853,0,7,None,66,1,5,False,1,1
11767,112,weighted,10,0.5063694267515924,0,7,None,66,1,5,False,1,1
11768,113,weighted,10,0.5102507961783439,0,7,None,66,1,5,False,1,1
11769,114,weighted,10,0.5121417197452229,0,7,None,66,1,5,False,1,1
11770,110,weighted,10,0.4658638535031847,0,17,None,66,1,5,False,1,1
11771,111,weighted,10,0.4674562101910828,0,17,None,66,1,5,False,1,1
11772,112,weighted,10,0.4690485668789809,0,17,None,66,1,5,False,1,1
11773,113,weighted,10,0.4710390127388535,0,17,None,66,1,5,False,1,1
11774,114,weighted,10,0.4737261146496815,0,17,None,66,1,5,False,1,1
11775,110,weighted,10,0.5088574840764332,0,12,None,66,1,5,False,1,1
11776,111,weighted,10,0.5038813694267515,0,12,None,66,1,5,False,1,1
11777,112,weighted,10,0.5086584394904459,0,12,None,66,1,5,False,1,1
11778,113,weighted,10,0.5125398089171974,0,12,None,66,1,5,False,1,1
11779,114,weighted,10,0.5148288216560509,0,12,None,66,1,5,False,1,1
11780,110,weighted,10,0.3809713375796178,0,28,None,66,1,5,False,1,1
11781,111,weighted,10,0.3838574840764331,0,28,None,66,1,5,False,1,1
11782,112,weighted,10,0.3866441082802547,0,28,None,66,1,5,False,1,1
11783,113,weighted,10,0.3899283439490446,0,28,None,66,1,5,False,1,1
11784,114,weighted,10,0.3921178343949044,0,28,None,66,1,5,False,1,1
11785,110,weighted,10,0.5489649681528662,0,16,None,66,1,5,False,1,1
11786,111,weighted,10,0.5562300955414012,0,16,None,66,1,5,False,1,1
11787,112,weighted,10,0.5616042993630573,0,16,None,66,1,5,False,1,1
11788,113,weighted,10,0.5675756369426752,0,16,None,66,1,5,False,1,1
11789,114,weighted,10,0.5726512738853503,0,16,None,66,1,5,False,1,1
11790,110,weighted,10,0.4400875796178344,0,18,None,66,1,5,False,1,1
11791,111,weighted,10,0.444765127388535,0,18,None,66,1,5,False,1,1
11792,112,weighted,10,0.4461584394904458,0,18,None,66,1,5,False,1,1
11793,113,weighted,10,0.449343152866242,0,18,None,66,1,5,False,1,1
11794,114,weighted,10,0.4524283439490446,0,18,None,66,1,5,False,1,1
11795,110,weighted,10,0.440983280254777,0,8,None,66,1,5,False,1,1
11796,111,weighted,10,0.4449641719745223,0,8,None,66,1,5,False,1,1
11797,112,weighted,10,0.4229697452229299,0,8,None,66,1,5,False,1,1
11798,113,weighted,10,0.4194864649681528,0,8,None,66,1,5,False,1,1
11799,114,weighted,10,0.4221735668789809,0,8,None,66,1,5,False,1,1
11800,110,weighted,10,0.4389928343949044,0,19,None,66,1,5,False,1,1
11801,111,weighted,10,0.4405851910828025,0,19,None,66,1,5,False,1,1
11802,112,weighted,10,0.4421775477707006,0,19,None,66,1,5,False,1,1
11803,113,weighted,10,0.4431727707006369,0,19,None,66,1,5,False,1,1
11804,114,weighted,10,0.4431727707006369,0,19,None,66,1,5,False,1,1
11805,110,weighted,10,0.3862460191082802,0,11,None,66,1,5,False,1,1
11806,111,weighted,10,0.4015724522292994,0,11,None,66,1,5,False,1,1
11807,112,weighted,10,0.4066480891719745,0,11,None,66,1,5,False,1,1
11808,113,weighted,10,0.4088375796178344,0,11,None,66,1,5,False,1,1
11809,114,weighted,10,0.4121218152866242,0,11,None,66,1,5,False,1,1
11810,110,weighted,10,0.4248606687898089,0,10,None,66,1,5,False,1,1
11811,111,weighted,10,0.4268511146496815,0,10,None,66,1,5,False,1,1
11812,112,weighted,10,0.4303343949044586,0,10,None,66,1,5,False,1,1
11813,113,weighted,10,0.4332205414012738,0,10,None,66,1,5,False,1,1
11814,114,weighted,10,0.4355095541401274,0,10,None,66,1,5,False,1,1
11815,110,weighted,10,0.5198049363057324,0,15,None,66,1,5,False,1,1
11816,111,weighted,10,0.5226910828025477,0,15,None,66,1,5,False,1,1
11817,112,weighted,10,0.5232882165605095,0,15,None,66,1,5,False,1,1
11818,113,weighted,10,0.5237858280254777,0,15,None,66,1,5,False,1,1
11819,114,weighted,10,0.5236863057324841,0,15,None,66,1,5,False,1,1
11820,110,weighted,10,0.4269506369426751,0,20,None,66,1,5,False,1,1
11821,111,weighted,10,0.428343949044586,0,20,None,66,1,5,False,1,1
11822,112,weighted,10,0.4307324840764331,0,20,None,66,1,5,False,1,1
11823,113,weighted,10,0.4328224522292994,0,20,None,66,1,5,False,1,1
11824,114,weighted,10,0.4357085987261146,0,20,None,66,1,5,False,1,1
11825,110,weighted,10,0.5144307324840764,0,22,None,66,1,5,False,1,1
11826,111,weighted,10,0.5169187898089171,0,22,None,66,1,5,False,1,1
11827,112,weighted,10,0.520203025477707,0,22,None,66,1,5,False,1,1
11828,113,weighted,10,0.5189092356687898,0,22,None,66,1,5,False,1,1
11829,114,weighted,10,0.5216958598726115,0,22,None,66,1,5,False,1,1
11830,110,weighted,10,0.3758957006369426,0,23,None,66,1,5,False,1,1
11831,111,weighted,10,0.3682324840764331,0,23,None,66,1,5,False,1,1
11832,112,weighted,10,0.3724124203821656,0,23,None,66,1,5,False,1,1
11833,113,weighted,10,0.3751990445859872,0,23,None,66,1,5,False,1,1
11834,114,weighted,10,0.3786823248407643,0,23,None,66,1,5,False,1,1
11835,110,weighted,10,0.3749004777070063,0,4,None,66,1,5,False,1,1
11836,111,weighted,10,0.3764928343949044,0,4,None,66,1,5,False,1,1
11837,112,weighted,10,0.379578025477707,0,4,None,66,1,5,False,1,1
11838,113,weighted,10,0.3818670382165605,0,4,None,66,1,5,False,1,1
11839,114,weighted,10,0.3839570063694267,0,4,None,66,1,5,False,1,1
11840,110,weighted,10,0.3722133757961783,0,5,None,66,1,5,False,1,1
11841,111,weighted,10,0.3539012738853503,0,5,None,66,1,5,False,1,1
11842,112,weighted,10,0.3414609872611465,0,5,None,66,1,5,False,1,1
11843,113,weighted,10,0.3396695859872611,0,5,None,66,1,5,False,1,1
11844,114,weighted,10,0.3398686305732484,0,5,None,66,1,5,False,1,1
11845,110,weighted,10,0.4672571656050955,0,6,None,66,1,5,False,1,1
11846,111,weighted,10,0.4592953821656051,0,6,None,66,1,5,False,1,1
11847,112,weighted,10,0.4585987261146497,0,6,None,66,1,5,False,1,1
11848,113,weighted,10,0.4589968152866242,0,6,None,66,1,5,False,1,1
11849,114,weighted,10,0.4591958598726114,0,6,None,66,1,5,False,1,1
11850,110,weighted,10,0.397093949044586,0,0,None,66,1,5,False,1,1
11851,111,weighted,10,0.4120222929936306,0,0,None,66,1,5,False,1,1
11852,112,weighted,10,0.4257563694267516,0,0,None,66,1,5,False,1,1
11853,113,weighted,10,0.4403861464968153,0,0,None,66,1,5,False,1,1
11854,114,weighted,10,0.4528264331210191,0,0,None,66,1,5,False,1,1
11855,110,weighted,10,0.4112261146496815,0,9,None,66,1,5,False,1,1
11856,111,weighted,10,0.4102308917197452,0,9,None,66,1,5,False,1,1
11857,112,weighted,10,0.4130175159235669,0,9,None,66,1,5,False,1,1
11858,113,weighted,10,0.4159036624203822,0,9,None,66,1,5,False,1,1
11859,114,weighted,10,0.4187898089171974,0,9,None,66,1,5,False,1,1
11860,110,weighted,10,0.2659235668789809,0,14,None,66,1,5,False,1,1
11861,111,weighted,10,0.261046974522293,0,14,None,66,1,5,False,1,1
11862,112,weighted,10,0.2608479299363057,0,14,None,66,1,5,False,1,1
11863,113,weighted,10,0.2611464968152866,0,14,None,66,1,5,False,1,1
11864,114,weighted,10,0.2608479299363057,0,14,None,66,1,5,False,1,1
11865,110,weighted,10,0.5021894904458599,0,3,None,66,1,5,False,1,1
11866,111,weighted,10,0.5022890127388535,0,3,None,66,1,5,False,1,1
11867,112,weighted,10,0.5033837579617835,0,3,None,66,1,5,False,1,1
11868,113,weighted,10,0.5047770700636943,0,3,None,66,1,5,False,1,1
11869,114,weighted,10,0.5060708598726115,0,3,None,66,1,5,False,1,1
11870,110,weighted,10,0.4170979299363057,0,25,None,66,1,5,False,1,1
11871,111,weighted,10,0.4143113057324841,0,25,None,66,1,5,False,1,1
11872,112,weighted,10,0.4159036624203822,0,25,None,66,1,5,False,1,1
11873,113,weighted,10,0.4166998407643312,0,25,None,66,1,5,False,1,1
11874,114,weighted,10,0.4184912420382166,0,25,None,66,1,5,False,1,1
11875,110,weighted,10,0.3560907643312102,0,29,None,66,1,5,False,1,1
11876,111,weighted,10,0.3565883757961783,0,29,None,66,1,5,False,1,1
11877,112,weighted,10,0.3575835987261146,0,29,None,66,1,5,False,1,1
11878,113,weighted,10,0.3575835987261146,0,29,None,66,1,5,False,1,1
11879,114,weighted,10,0.3581807324840764,0,29,None,66,1,5,False,1,1
11880,115,weighted,10,0.5237858280254777,0,1,None,66,1,5,False,1,1
11881,116,weighted,10,0.5320461783439491,0,1,None,66,1,5,False,1,1
11882,117,weighted,10,0.541202229299363,0,1,None,66,1,5,False,1,1
11883,118,weighted,10,0.5526472929936306,0,1,None,66,1,5,False,1,1
11884,119,weighted,10,0.5475716560509554,0,1,None,66,1,5,False,1,1
11885,115,weighted,10,0.443968949044586,0,21,None,66,1,5,False,1,1
11886,116,weighted,10,0.4443670382165605,0,21,None,66,1,5,False,1,1
11887,117,weighted,10,0.4450636942675159,0,21,None,66,1,5,False,1,1
11888,118,weighted,10,0.4465565286624204,0,21,None,66,1,5,False,1,1
11889,119,weighted,10,0.4476512738853503,0,21,None,66,1,5,False,1,1
11890,115,weighted,10,0.5211982484076433,0,27,None,66,1,5,False,1,1
11891,116,weighted,10,0.5226910828025477,0,27,None,66,1,5,False,1,1
11892,117,weighted,10,0.5257762738853503,0,27,None,66,1,5,False,1,1
11893,118,weighted,10,0.528562898089172,0,27,None,66,1,5,False,1,1
11894,119,weighted,10,0.5307523885350318,0,27,None,66,1,5,False,1,1
11895,115,weighted,10,0.4452627388535032,0,30,None,66,1,5,False,1,1
11896,116,weighted,10,0.4469546178343949,0,30,None,66,1,5,False,1,1
11897,117,weighted,10,0.4489450636942675,0,30,None,66,1,5,False,1,1
11898,118,weighted,10,0.4530254777070063,0,30,None,66,1,5,False,1,1
11899,119,weighted,10,0.4605891719745223,0,30,None,66,1,5,False,1,1
11900,115,weighted,10,0.2696058917197452,0,14,None,66,1,5,False,1,1
11901,116,weighted,10,0.2625398089171974,0,14,None,66,1,5,False,1,1
11902,117,weighted,10,0.2620421974522293,0,14,None,66,1,5,False,1,1
11903,118,weighted,10,0.2627388535031847,0,14,None,66,1,5,False,1,1
11904,119,weighted,10,0.2625398089171974,0,14,None,66,1,5,False,1,1
11905,115,weighted,10,0.4235668789808917,0,2,None,66,1,5,False,1,1
11906,116,weighted,10,0.4257563694267516,0,2,None,66,1,5,False,1,1
11907,117,weighted,10,0.4282444267515923,0,2,None,66,1,5,False,1,1
11908,118,weighted,10,0.430234872611465,0,2,None,66,1,5,False,1,1
11909,119,weighted,10,0.4317277070063694,0,2,None,66,1,5,False,1,1
11910,115,weighted,10,0.411624203821656,0,23,None,66,1,5,False,1,1
11911,116,weighted,10,0.4087380573248407,0,23,None,66,1,5,False,1,1
11912,117,weighted,10,0.410828025477707,0,23,None,66,1,5,False,1,1
11913,118,weighted,10,0.4137141719745223,0,23,None,66,1,5,False,1,1
11914,119,weighted,10,0.4182921974522293,0,23,None,66,1,5,False,1,1
11915,115,weighted,10,0.5287619426751592,0,22,None,66,1,5,False,1,1
11916,116,weighted,10,0.533140923566879,0,22,None,66,1,5,False,1,1
11917,117,weighted,10,0.5338375796178344,0,22,None,66,1,5,False,1,1
11918,118,weighted,10,0.5340366242038217,0,22,None,66,1,5,False,1,1
11919,119,weighted,10,0.535031847133758,0,22,None,66,1,5,False,1,1
11920,115,weighted,10,0.4953224522292994,0,13,None,66,1,5,False,1,1
11921,116,weighted,10,0.4978105095541401,0,13,None,66,1,5,False,1,1
11922,117,weighted,10,0.5001990445859873,0,13,None,66,1,5,False,1,1
11923,118,weighted,10,0.5029856687898089,0,13,None,66,1,5,False,1,1
11924,119,weighted,10,0.5053742038216561,0,13,None,66,1,5,False,1,1
11925,115,weighted,10,0.5159235668789809,0,12,None,66,1,5,False,1,1
11926,116,weighted,10,0.5180135350318471,0,12,None,66,1,5,False,1,1
11927,117,weighted,10,0.5215963375796179,0,12,None,66,1,5,False,1,1
11928,118,weighted,10,0.523984872611465,0,12,None,66,1,5,False,1,1
11929,119,weighted,10,0.5261743630573248,0,12,None,66,1,5,False,1,1
11930,115,weighted,10,0.4142117834394904,0,25,None,66,1,5,False,1,1
11931,116,weighted,10,0.417296974522293,0,25,None,66,1,5,False,1,1
11932,117,weighted,10,0.4182921974522293,0,25,None,66,1,5,False,1,1
11933,118,weighted,10,0.4200835987261146,0,25,None,66,1,5,False,1,1
11934,119,weighted,10,0.422671178343949,0,25,None,66,1,5,False,1,1
11935,115,weighted,10,0.4400875796178344,0,26,None,66,1,5,False,1,1
11936,116,weighted,10,0.4350119426751592,0,26,None,66,1,5,False,1,1
11937,117,weighted,10,0.4379976114649681,0,26,None,66,1,5,False,1,1
11938,118,weighted,10,0.4416799363057325,0,26,None,66,1,5,False,1,1
11939,119,weighted,10,0.4442675159235669,0,26,None,66,1,5,False,1,1
11940,115,weighted,10,0.4341162420382166,0,10,None,66,1,5,False,1,1
11941,116,weighted,10,0.43640525477707,0,10,None,66,1,5,False,1,1
11942,117,weighted,10,0.4417794585987261,0,10,None,66,1,5,False,1,1
11943,118,weighted,10,0.4449641719745223,0,10,None,66,1,5,False,1,1
11944,119,weighted,10,0.4473527070063694,0,10,None,66,1,5,False,1,1
11945,115,weighted,10,0.5232882165605095,0,15,None,66,1,5,False,1,1
11946,116,weighted,10,0.5227906050955414,0,15,None,66,1,5,False,1,1
11947,117,weighted,10,0.5225915605095541,0,15,None,66,1,5,False,1,1
11948,118,weighted,10,0.5231886942675159,0,15,None,66,1,5,False,1,1
11949,119,weighted,10,0.5233877388535032,0,15,None,66,1,5,False,1,1
11950,115,weighted,10,0.4149084394904458,0,11,None,66,1,5,False,1,1
11951,116,weighted,10,0.4265525477707006,0,11,None,66,1,5,False,1,1
11952,117,weighted,10,0.4297372611464968,0,11,None,66,1,5,False,1,1
11953,118,weighted,10,0.4289410828025478,0,11,None,66,1,5,False,1,1
11954,119,weighted,10,0.4279458598726114,0,11,None,66,1,5,False,1,1
11955,115,weighted,10,0.4753184713375796,0,17,None,66,1,5,False,1,1
11956,116,weighted,10,0.4778065286624204,0,17,None,66,1,5,False,1,1
11957,117,weighted,10,0.4791003184713376,0,17,None,66,1,5,False,1,1
11958,118,weighted,10,0.4806926751592357,0,17,None,66,1,5,False,1,1
11959,119,weighted,10,0.4827826433121019,0,17,None,66,1,5,False,1,1
11960,115,weighted,10,0.341859076433121,0,24,None,66,1,5,False,1,1
11961,116,weighted,10,0.3470342356687898,0,24,None,66,1,5,False,1,1
11962,117,weighted,10,0.3508160828025478,0,24,None,66,1,5,False,1,1
11963,118,weighted,10,0.3542993630573248,0,24,None,66,1,5,False,1,1
11964,119,weighted,10,0.3559912420382166,0,24,None,66,1,5,False,1,1
11965,115,weighted,10,0.4486464968152866,0,18,None,66,1,5,False,1,1
11966,116,weighted,10,0.451234076433121,0,18,None,66,1,5,False,1,1
11967,117,weighted,10,0.4546178343949044,0,18,None,66,1,5,False,1,1
11968,118,weighted,10,0.457703025477707,0,18,None,66,1,5,False,1,1
11969,119,weighted,10,0.4596934713375796,0,18,None,66,1,5,False,1,1
11970,115,weighted,10,0.459593949044586,0,8,None,66,1,5,False,1,1
11971,116,weighted,10,0.4671576433121019,0,8,None,66,1,5,False,1,1
11972,117,weighted,10,0.4560111464968153,0,8,None,66,1,5,False,1,1
11973,118,weighted,10,0.4366042993630573,0,8,None,66,1,5,False,1,1
11974,119,weighted,10,0.4294386942675159,0,8,None,66,1,5,False,1,1
11975,115,weighted,10,0.4432722929936306,0,19,None,66,1,5,False,1,1
11976,116,weighted,10,0.4444665605095541,0,19,None,66,1,5,False,1,1
11977,117,weighted,10,0.4446656050955414,0,19,None,66,1,5,False,1,1
11978,118,weighted,10,0.4455613057324841,0,19,None,66,1,5,False,1,1
11979,119,weighted,10,0.4459593949044586,0,19,None,66,1,5,False,1,1
11980,115,weighted,10,0.4332205414012738,0,31,None,66,1,5,False,1,1
11981,116,weighted,10,0.4326234076433121,0,31,None,66,1,5,False,1,1
11982,117,weighted,10,0.4352109872611465,0,31,None,66,1,5,False,1,1
11983,118,weighted,10,0.4389928343949044,0,31,None,66,1,5,False,1,1
11984,119,weighted,10,0.4410828025477707,0,31,None,66,1,5,False,1,1
11985,115,weighted,10,0.4343152866242038,0,20,None,66,1,5,False,1,1
11986,116,weighted,10,0.4355095541401274,0,20,None,66,1,5,False,1,1
11987,117,weighted,10,0.4375995222929936,0,20,None,66,1,5,False,1,1
11988,118,weighted,10,0.439390923566879,0,20,None,66,1,5,False,1,1
11989,119,weighted,10,0.4413813694267516,0,20,None,66,1,5,False,1,1
11990,115,weighted,10,0.3758957006369426,0,4,None,66,1,5,False,1,1
11991,116,weighted,10,0.3779856687898089,0,4,None,66,1,5,False,1,1
11992,117,weighted,10,0.3810708598726114,0,4,None,66,1,5,False,1,1
11993,118,weighted,10,0.3835589171974522,0,4,None,66,1,5,False,1,1
11994,119,weighted,10,0.384952229299363,0,4,None,66,1,5,False,1,1
11995,115,weighted,10,0.3861464968152866,0,28,None,66,1,5,False,1,1
11996,116,weighted,10,0.3890326433121019,0,28,None,66,1,5,False,1,1
11997,117,weighted,10,0.3916202229299363,0,28,None,66,1,5,False,1,1
11998,118,weighted,10,0.3949044585987261,0,28,None,66,1,5,False,1,1
11999,119,weighted,10,0.3977906050955414,0,28,None,66,1,5,False,1,1
12000,115,weighted,10,0.4208797770700637,0,9,None,66,1,5,False,1,1
12001,116,weighted,10,0.4204816878980891,0,9,None,66,1,5,False,1,1
12002,117,weighted,10,0.4231687898089172,0,9,None,66,1,5,False,1,1
12003,118,weighted,10,0.4239649681528662,0,9,None,66,1,5,False,1,1
12004,119,weighted,10,0.4252587579617834,0,9,None,66,1,5,False,1,1
12005,115,weighted,10,0.3592754777070063,0,29,None,66,1,5,False,1,1
12006,116,weighted,10,0.3592754777070063,0,29,None,66,1,5,False,1,1
12007,117,weighted,10,0.3597730891719745,0,29,None,66,1,5,False,1,1
12008,118,weighted,10,0.3608678343949044,0,29,None,66,1,5,False,1,1
12009,119,weighted,10,0.3613654458598726,0,29,None,66,1,5,False,1,1
12010,115,weighted,10,0.418093152866242,0,5,None,66,1,5,False,1,1
12011,116,weighted,10,0.410828025477707,0,5,None,66,1,5,False,1,1
12012,117,weighted,10,0.4098328025477707,0,5,None,66,1,5,False,1,1
12013,118,weighted,10,0.4067476114649681,0,5,None,66,1,5,False,1,1
12014,119,weighted,10,0.4085390127388535,0,5,None,66,1,5,False,1,1
12015,115,weighted,10,0.4397890127388535,0,0,None,66,1,5,False,1,1
12016,116,weighted,10,0.4535230891719745,0,0,None,66,1,5,False,1,1
12017,117,weighted,10,0.4633757961783439,0,0,None,66,1,5,False,1,1
12018,118,weighted,10,0.4718351910828025,0,0,None,66,1,5,False,1,1
12019,119,weighted,10,0.4769108280254777,0,0,None,66,1,5,False,1,1
12020,115,weighted,10,0.4679538216560509,0,6,None,66,1,5,False,1,1
12021,116,weighted,10,0.4662619426751592,0,6,None,66,1,5,False,1,1
12022,117,weighted,10,0.465764331210191,0,6,None,66,1,5,False,1,1
12023,118,weighted,10,0.4655652866242038,0,6,None,66,1,5,False,1,1
12024,119,weighted,10,0.4658638535031847,0,6,None,66,1,5,False,1,1
12025,115,weighted,10,0.5104498407643312,0,7,None,66,1,5,False,1,1
12026,116,weighted,10,0.5142316878980892,0,7,None,66,1,5,False,1,1
12027,117,weighted,10,0.5181130573248408,0,7,None,66,1,5,False,1,1
12028,118,weighted,10,0.5207006369426752,0,7,None,66,1,5,False,1,1
12029,119,weighted,10,0.5231886942675159,0,7,None,66,1,5,False,1,1
12030,115,weighted,10,0.5063694267515924,0,3,None,66,1,5,False,1,1
12031,116,weighted,10,0.5069665605095541,0,3,None,66,1,5,False,1,1
12032,117,weighted,10,0.5078622611464968,0,3,None,66,1,5,False,1,1
12033,118,weighted,10,0.5088574840764332,0,3,None,66,1,5,False,1,1
12034,119,weighted,10,0.5096536624203821,0,3,None,66,1,5,False,1,1
12035,115,weighted,10,0.5663813694267515,0,16,None,66,1,5,False,1,1
12036,116,weighted,10,0.572452229299363,0,16,None,66,1,5,False,1,1
12037,117,weighted,10,0.5795183121019108,0,16,None,66,1,5,False,1,1
12038,118,weighted,10,0.5833001592356688,0,16,None,66,1,5,False,1,1
12039,119,weighted,10,0.5866839171974523,0,16,None,66,1,5,False,1,1
12040,115,weighted,10,0.4168988853503185,0,32,None,66,1,5,False,1,1
12041,116,weighted,10,0.4189888535031847,0,32,None,66,1,5,False,1,1
12042,117,weighted,10,0.4215764331210191,0,32,None,66,1,5,False,1,1
12043,118,weighted,10,0.4232683121019108,0,32,None,66,1,5,False,1,1
12044,119,weighted,10,0.4247611464968153,0,32,None,66,1,5,False,1,1
12045,120,weighted,10,0.4553144904458598,0,30,None,66,1,5,False,1,1
12046,121,weighted,10,0.4599920382165605,0,30,None,66,1,5,False,1,1
12047,122,weighted,10,0.4674562101910828,0,30,None,66,1,5,False,1,1
12048,123,weighted,10,0.4750199044585987,0,30,None,66,1,5,False,1,1
12049,124,weighted,10,0.4844745222929936,0,30,None,66,1,5,False,1,1
12050,120,weighted,10,0.5227906050955414,0,7,None,66,1,5,False,1,1
12051,121,weighted,10,0.5265724522292994,0,7,None,66,1,5,False,1,1
12052,122,weighted,10,0.5292595541401274,0,7,None,66,1,5,False,1,1
12053,123,weighted,10,0.5315485668789809,0,7,None,66,1,5,False,1,1
12054,124,weighted,10,0.5330414012738853,0,7,None,66,1,5,False,1,1
12055,120,weighted,10,0.5522492038216561,0,22,None,66,1,5,False,1,1
12056,121,weighted,10,0.5498606687898089,0,22,None,66,1,5,False,1,1
12057,122,weighted,10,0.5464769108280255,0,22,None,66,1,5,False,1,1
12058,123,weighted,10,0.5458797770700637,0,22,None,66,1,5,False,1,1
12059,124,weighted,10,0.5454816878980892,0,22,None,66,1,5,False,1,1
12060,120,weighted,10,0.4247611464968153,0,32,None,66,1,5,False,1,1
12061,121,weighted,10,0.4258558917197452,0,32,None,66,1,5,False,1,1
12062,122,weighted,10,0.4280453821656051,0,32,None,66,1,5,False,1,1
12063,123,weighted,10,0.4303343949044586,0,32,None,66,1,5,False,1,1
12064,124,weighted,10,0.4315286624203822,0,32,None,66,1,5,False,1,1
12065,120,weighted,10,0.2750796178343949,0,14,None,66,1,5,False,1,1
12066,121,weighted,10,0.2680135350318471,0,14,None,66,1,5,False,1,1
12067,122,weighted,10,0.2680135350318471,0,14,None,66,1,5,False,1,1
12068,123,weighted,10,0.2685111464968153,0,14,None,66,1,5,False,1,1
12069,124,weighted,10,0.2677149681528662,0,14,None,66,1,5,False,1,1
12070,120,weighted,10,0.5235867834394905,0,15,None,66,1,5,False,1,1
12071,121,weighted,10,0.5234872611464968,0,15,None,66,1,5,False,1,1
12072,122,weighted,10,0.5234872611464968,0,15,None,66,1,5,False,1,1
12073,123,weighted,10,0.5241839171974523,0,15,None,66,1,5,False,1,1
12074,124,weighted,10,0.523984872611465,0,15,None,66,1,5,False,1,1
12075,120,weighted,10,0.4990047770700637,0,6,None,66,1,5,False,1,1
12076,121,weighted,10,0.4965167197452229,0,6,None,66,1,5,False,1,1
12077,122,weighted,10,0.496218152866242,0,6,None,66,1,5,False,1,1
12078,123,weighted,10,0.4973128980891719,0,6,None,66,1,5,False,1,1
12079,124,weighted,10,0.4968152866242038,0,6,None,66,1,5,False,1,1
12080,120,weighted,10,0.4647691082802547,0,26,None,66,1,5,False,1,1
12081,121,weighted,10,0.455812101910828,0,26,None,66,1,5,False,1,1
12082,122,weighted,10,0.4548168789808917,0,26,None,66,1,5,False,1,1
12083,123,weighted,10,0.4546178343949044,0,26,None,66,1,5,False,1,1
12084,124,weighted,10,0.4543192675159235,0,26,None,66,1,5,False,1,1
12085,120,weighted,10,0.3484275477707006,0,24,None,66,1,5,False,1,1
12086,121,weighted,10,0.3540007961783439,0,24,None,66,1,5,False,1,1
12087,122,weighted,10,0.3566878980891719,0,24,None,66,1,5,False,1,1
12088,123,weighted,10,0.3579816878980891,0,24,None,66,1,5,False,1,1
12089,124,weighted,10,0.3598726114649681,0,24,None,66,1,5,False,1,1
12090,120,weighted,10,0.4271496815286624,0,31,None,66,1,5,False,1,1
12091,121,weighted,10,0.4317277070063694,0,31,None,66,1,5,False,1,1
12092,122,weighted,10,0.4350119426751592,0,31,None,66,1,5,False,1,1
12093,123,weighted,10,0.4373009554140127,0,31,None,66,1,5,False,1,1
12094,124,weighted,10,0.4411823248407643,0,31,None,66,1,5,False,1,1
12095,120,weighted,10,0.4390923566878981,0,20,None,66,1,5,False,1,1
12096,121,weighted,10,0.4414808917197452,0,20,None,66,1,5,False,1,1
12097,122,weighted,10,0.4450636942675159,0,20,None,66,1,5,False,1,1
12098,123,weighted,10,0.4478503184713376,0,20,None,66,1,5,False,1,1
12099,124,weighted,10,0.4507364649681528,0,20,None,66,1,5,False,1,1
12100,120,weighted,10,0.4713375796178344,0,25,None,66,1,5,False,1,1
12101,121,weighted,10,0.477109872611465,0,25,None,66,1,5,False,1,1
12102,122,weighted,10,0.4803941082802547,0,25,None,66,1,5,False,1,1
12103,123,weighted,10,0.4838773885350318,0,25,None,66,1,5,False,1,1
12104,124,weighted,10,0.4859673566878981,0,25,None,66,1,5,False,1,1
12105,120,weighted,10,0.5856886942675159,0,16,None,66,1,5,False,1,1
12106,121,weighted,10,0.5904657643312102,0,16,None,66,1,5,False,1,1
12107,122,weighted,10,0.5945461783439491,0,16,None,66,1,5,False,1,1
12108,123,weighted,10,0.5959394904458599,0,16,None,66,1,5,False,1,1
12109,124,weighted,10,0.5991242038216561,0,16,None,66,1,5,False,1,1
12110,120,weighted,10,0.4463574840764331,0,19,None,66,1,5,False,1,1
12111,121,weighted,10,0.4465565286624204,0,19,None,66,1,5,False,1,1
12112,122,weighted,10,0.4472531847133758,0,19,None,66,1,5,False,1,1
12113,123,weighted,10,0.4481488853503185,0,19,None,66,1,5,False,1,1
12114,124,weighted,10,0.448546974522293,0,19,None,66,1,5,False,1,1
12115,120,weighted,10,0.4569068471337579,0,18,None,66,1,5,False,1,1
12116,121,weighted,10,0.4598925159235669,0,18,None,66,1,5,False,1,1
12117,122,weighted,10,0.4621815286624204,0,18,None,66,1,5,False,1,1
12118,123,weighted,10,0.4643710191082802,0,18,None,66,1,5,False,1,1
12119,124,weighted,10,0.4684514331210191,0,18,None,66,1,5,False,1,1
12120,120,weighted,10,0.4435708598726114,0,10,None,66,1,5,False,1,1
12121,121,weighted,10,0.4488455414012738,0,10,None,66,1,5,False,1,1
12122,122,weighted,10,0.4528264331210191,0,10,None,66,1,5,False,1,1
12123,123,weighted,10,0.4564092356687898,0,10,None,66,1,5,False,1,1
12124,124,weighted,10,0.457703025477707,0,10,None,66,1,5,False,1,1
12125,120,weighted,10,0.4373009554140127,0,11,None,66,1,5,False,1,1
12126,121,weighted,10,0.4436703821656051,0,11,None,66,1,5,False,1,1
12127,122,weighted,10,0.4445660828025478,0,11,None,66,1,5,False,1,1
12128,123,weighted,10,0.4450636942675159,0,11,None,66,1,5,False,1,1
12129,124,weighted,10,0.4429737261146497,0,11,None,66,1,5,False,1,1
12130,120,weighted,10,0.4877587579617834,0,17,None,66,1,5,False,1,1
12131,121,weighted,10,0.489749203821656,0,17,None,66,1,5,False,1,1
12132,122,weighted,10,0.4917396496815286,0,17,None,66,1,5,False,1,1
12133,123,weighted,10,0.4942277070063694,0,17,None,66,1,5,False,1,1
12134,124,weighted,10,0.4988057324840764,0,17,None,66,1,5,False,1,1
12135,120,weighted,10,0.5364251592356688,0,1,None,66,1,5,False,1,1
12136,121,weighted,10,0.5431926751592356,0,1,None,66,1,5,False,1,1
12137,122,weighted,10,0.5510549363057324,0,1,None,66,1,5,False,1,1
12138,123,weighted,10,0.5654856687898089,0,1,None,66,1,5,False,1,1
12139,124,weighted,10,0.5534434713375797,0,1,None,66,1,5,False,1,1
12140,120,weighted,10,0.4298367834394904,0,2,None,66,1,5,False,1,1
12141,121,weighted,10,0.4328224522292994,0,2,None,66,1,5,False,1,1
12142,122,weighted,10,0.4340167197452229,0,2,None,66,1,5,False,1,1
12143,123,weighted,10,0.4358081210191082,0,2,None,66,1,5,False,1,1
12144,124,weighted,10,0.4374004777070063,0,2,None,66,1,5,False,1,1
12145,120,weighted,10,0.3770899681528662,0,4,None,66,1,5,False,1,1
12146,121,weighted,10,0.3787818471337579,0,4,None,66,1,5,False,1,1
12147,122,weighted,10,0.3816679936305732,0,4,None,66,1,5,False,1,1
12148,123,weighted,10,0.3839570063694267,0,4,None,66,1,5,False,1,1
12149,124,weighted,10,0.3853503184713376,0,4,None,66,1,5,False,1,1
12150,120,weighted,10,0.447452229299363,0,5,None,66,1,5,False,1,1
12151,121,weighted,10,0.4507364649681528,0,5,None,66,1,5,False,1,1
12152,122,weighted,10,0.4552149681528662,0,5,None,66,1,5,False,1,1
12153,123,weighted,10,0.4593949044585987,0,5,None,66,1,5,False,1,1
12154,124,weighted,10,0.4653662420382166,0,5,None,66,1,5,False,1,1
12155,120,weighted,10,0.4716361464968153,0,8,None,66,1,5,False,1,1
12156,121,weighted,10,0.4765127388535032,0,8,None,66,1,5,False,1,1
12157,122,weighted,10,0.4789012738853503,0,8,None,66,1,5,False,1,1
12158,123,weighted,10,0.4764132165605095,0,8,None,66,1,5,False,1,1
12159,124,weighted,10,0.4729299363057325,0,8,None,66,1,5,False,1,1
12160,120,weighted,10,0.4262539808917197,0,9,None,66,1,5,False,1,1
12161,121,weighted,10,0.4270501592356688,0,9,None,66,1,5,False,1,1
12162,122,weighted,10,0.4289410828025478,0,9,None,66,1,5,False,1,1
12163,123,weighted,10,0.4296377388535032,0,9,None,66,1,5,False,1,1
12164,124,weighted,10,0.4295382165605095,0,9,None,66,1,5,False,1,1
12165,120,weighted,10,0.5093550955414012,0,3,None,66,1,5,False,1,1
12166,121,weighted,10,0.5101512738853503,0,3,None,66,1,5,False,1,1
12167,122,weighted,10,0.5114450636942676,0,3,None,66,1,5,False,1,1
12168,123,weighted,10,0.5126393312101911,0,3,None,66,1,5,False,1,1
12169,124,weighted,10,0.5134355095541401,0,3,None,66,1,5,False,1,1
12170,120,weighted,10,0.4499402866242038,0,21,None,66,1,5,False,1,1
12171,121,weighted,10,0.4522292993630573,0,21,None,66,1,5,False,1,1
12172,122,weighted,10,0.4542197452229299,0,21,None,66,1,5,False,1,1
12173,123,weighted,10,0.4570063694267516,0,21,None,66,1,5,False,1,1
12174,124,weighted,10,0.4609872611464968,0,21,None,66,1,5,False,1,1
12175,120,weighted,10,0.4434713375796178,0,23,None,66,1,5,False,1,1
12176,121,weighted,10,0.442874203821656,0,23,None,66,1,5,False,1,1
12177,122,weighted,10,0.443968949044586,0,23,None,66,1,5,False,1,1
12178,123,weighted,10,0.4472531847133758,0,23,None,66,1,5,False,1,1
12179,124,weighted,10,0.4490445859872611,0,23,None,66,1,5,False,1,1
12180,120,weighted,10,0.5319466560509554,0,27,None,66,1,5,False,1,1
12181,121,weighted,10,0.5338375796178344,0,27,None,66,1,5,False,1,1
12182,122,weighted,10,0.5353304140127388,0,27,None,66,1,5,False,1,1
12183,123,weighted,10,0.5373208598726115,0,27,None,66,1,5,False,1,1
12184,124,weighted,10,0.5399084394904459,0,27,None,66,1,5,False,1,1
12185,120,weighted,10,0.4026671974522293,0,28,None,66,1,5,False,1,1
12186,121,weighted,10,0.3939092356687898,0,28,None,66,1,5,False,1,1
12187,122,weighted,10,0.3956011146496815,0,28,None,66,1,5,False,1,1
12188,123,weighted,10,0.3982882165605095,0,28,None,66,1,5,False,1,1
12189,124,weighted,10,0.4003781847133758,0,28,None,66,1,5,False,1,1
12190,120,weighted,10,0.3629578025477707,0,29,None,66,1,5,False,1,1
12191,121,weighted,10,0.3627587579617834,0,29,None,66,1,5,False,1,1
12192,122,weighted,10,0.3631568471337579,0,29,None,66,1,5,False,1,1
12193,123,weighted,10,0.3635549363057325,0,29,None,66,1,5,False,1,1
12194,124,weighted,10,0.3642515923566879,0,29,None,66,1,5,False,1,1
12195,120,weighted,10,0.5185111464968153,0,12,None,66,1,5,False,1,1
12196,121,weighted,10,0.5278662420382165,0,12,None,66,1,5,False,1,1
12197,122,weighted,10,0.5313495222929936,0,12,None,66,1,5,False,1,1
12198,123,weighted,10,0.5337380573248408,0,12,None,66,1,5,False,1,1
12199,124,weighted,10,0.5361265923566879,0,12,None,66,1,5,False,1,1
12200,120,weighted,10,0.5080613057324841,0,13,None,66,1,5,False,1,1
12201,121,weighted,10,0.5102507961783439,0,13,None,66,1,5,False,1,1
12202,122,weighted,10,0.5126393312101911,0,13,None,66,1,5,False,1,1
12203,123,weighted,10,0.5147292993630573,0,13,None,66,1,5,False,1,1
12204,124,weighted,10,0.5168192675159236,0,13,None,66,1,5,False,1,1
12205,120,weighted,10,0.4703423566878981,0,0,None,66,1,5,False,1,1
12206,121,weighted,10,0.4770103503184713,0,0,None,66,1,5,False,1,1
12207,122,weighted,10,0.4833797770700637,0,0,None,66,1,5,False,1,1
12208,123,weighted,10,0.4887539808917197,0,0,None,66,1,5,False,1,1
12209,124,weighted,10,0.4929339171974522,0,0,None,66,1,5,False,1,1
12210,125,weighted,10,0.4875597133757962,0,26,None,66,1,5,False,1,1
12211,126,weighted,10,0.4796974522292994,0,26,None,66,1,5,False,1,1
12212,127,weighted,10,0.4774084394904458,0,26,None,66,1,5,False,1,1
12213,128,weighted,10,0.4775079617834395,0,26,None,66,1,5,False,1,1
12214,129,weighted,10,0.4775079617834395,0,26,None,66,1,5,False,1,1
12215,125,weighted,10,0.5429936305732485,0,1,None,66,1,5,False,1,1
12216,126,weighted,10,0.5507563694267515,0,1,None,66,1,5,False,1,1
12217,127,weighted,10,0.5595143312101911,0,1,None,66,1,5,False,1,1
12218,128,weighted,10,0.5715565286624203,0,1,None,66,1,5,False,1,1
12219,129,weighted,10,0.5645899681528662,0,1,None,66,1,5,False,1,1
12220,125,weighted,10,0.5185111464968153,0,13,None,66,1,5,False,1,1
12221,126,weighted,10,0.520203025477707,0,13,None,66,1,5,False,1,1
12222,127,weighted,10,0.5230891719745223,0,13,None,66,1,5,False,1,1
12223,128,weighted,10,0.5240843949044586,0,13,None,66,1,5,False,1,1
12224,129,weighted,10,0.525577229299363,0,13,None,66,1,5,False,1,1
12225,125,weighted,10,0.4355095541401274,0,2,None,66,1,5,False,1,1
12226,126,weighted,10,0.4379976114649681,0,2,None,66,1,5,False,1,1
12227,127,weighted,10,0.4402866242038216,0,2,None,66,1,5,False,1,1
12228,128,weighted,10,0.442078025477707,0,2,None,66,1,5,False,1,1
12229,129,weighted,10,0.443968949044586,0,2,None,66,1,5,False,1,1
12230,125,weighted,10,0.5330414012738853,0,7,None,66,1,5,False,1,1
12231,126,weighted,10,0.5366242038216561,0,7,None,66,1,5,False,1,1
12232,127,weighted,10,0.5391122611464968,0,7,None,66,1,5,False,1,1
12233,128,weighted,10,0.5401074840764332,0,7,None,66,1,5,False,1,1
12234,129,weighted,10,0.5425955414012739,0,7,None,66,1,5,False,1,1
12235,125,weighted,10,0.4470541401273885,0,11,None,66,1,5,False,1,1
12236,126,weighted,10,0.4527269108280254,0,11,None,66,1,5,False,1,1
12237,127,weighted,10,0.4529259554140127,0,11,None,66,1,5,False,1,1
12238,128,weighted,10,0.4537221337579618,0,11,None,66,1,5,False,1,1
12239,129,weighted,10,0.4522292993630573,0,11,None,66,1,5,False,1,1
12240,125,weighted,10,0.5348328025477707,0,12,None,66,1,5,False,1,1
12241,126,weighted,10,0.540406050955414,0,12,None,66,1,5,False,1,1
12242,127,weighted,10,0.5444864649681529,0,12,None,66,1,5,False,1,1
12243,128,weighted,10,0.5490644904458599,0,12,None,66,1,5,False,1,1
12244,129,weighted,10,0.5551353503184714,0,12,None,66,1,5,False,1,1
12245,125,weighted,10,0.5053742038216561,0,17,None,66,1,5,False,1,1
12246,126,weighted,10,0.506468949044586,0,17,None,66,1,5,False,1,1
12247,127,weighted,10,0.5112460191082803,0,17,None,66,1,5,False,1,1
12248,128,weighted,10,0.5168192675159236,0,17,None,66,1,5,False,1,1
12249,129,weighted,10,0.5219944267515924,0,17,None,66,1,5,False,1,1
12250,125,weighted,10,0.4464570063694267,0,20,None,66,1,5,False,1,1
12251,126,weighted,10,0.4517316878980891,0,20,None,66,1,5,False,1,1
12252,127,weighted,10,0.4555135350318471,0,20,None,66,1,5,False,1,1
12253,128,weighted,10,0.4586982484076433,0,20,None,66,1,5,False,1,1
12254,129,weighted,10,0.4623805732484076,0,20,None,66,1,5,False,1,1
12255,125,weighted,10,0.5631966560509554,0,22,None,66,1,5,False,1,1
12256,126,weighted,10,0.5639928343949044,0,22,None,66,1,5,False,1,1
12257,127,weighted,10,0.5642914012738853,0,22,None,66,1,5,False,1,1
12258,128,weighted,10,0.5642914012738853,0,22,None,66,1,5,False,1,1
12259,129,weighted,10,0.5644904458598726,0,22,None,66,1,5,False,1,1
12260,125,weighted,10,0.4262539808917197,0,32,None,66,1,5,False,1,1
12261,126,weighted,10,0.4279458598726114,0,32,None,66,1,5,False,1,1
12262,127,weighted,10,0.4300358280254777,0,32,None,66,1,5,False,1,1
12263,128,weighted,10,0.4315286624203822,0,32,None,66,1,5,False,1,1
12264,129,weighted,10,0.4326234076433121,0,32,None,66,1,5,False,1,1
12265,125,weighted,10,0.6000199044585988,0,16,None,66,1,5,False,1,1
12266,126,weighted,10,0.602109872611465,0,16,None,66,1,5,False,1,1
12267,127,weighted,10,0.6042993630573248,0,16,None,66,1,5,False,1,1
12268,128,weighted,10,0.60828025477707,0,16,None,66,1,5,False,1,1
12269,129,weighted,10,0.6099721337579618,0,16,None,66,1,5,False,1,1
12270,125,weighted,10,0.481389331210191,0,8,None,66,1,5,False,1,1
12271,126,weighted,10,0.4857683121019108,0,8,None,66,1,5,False,1,1
12272,127,weighted,10,0.4875597133757962,0,8,None,66,1,5,False,1,1
12273,128,weighted,10,0.488953025477707,0,8,None,66,1,5,False,1,1
12274,129,weighted,10,0.4906449044585987,0,8,None,66,1,5,False,1,1
12275,125,weighted,10,0.4629777070063694,0,18,None,66,1,5,False,1,1
12276,126,weighted,10,0.4659633757961783,0,18,None,66,1,5,False,1,1
12277,127,weighted,10,0.469546178343949,0,18,None,66,1,5,False,1,1
12278,128,weighted,10,0.4728304140127388,0,18,None,66,1,5,False,1,1
12279,129,weighted,10,0.4772093949044586,0,18,None,66,1,5,False,1,1
12280,125,weighted,10,0.2840366242038216,0,14,None,66,1,5,False,1,1
12281,126,weighted,10,0.2749800955414013,0,14,None,66,1,5,False,1,1
12282,127,weighted,10,0.2735867834394904,0,14,None,66,1,5,False,1,1
12283,128,weighted,10,0.2727906050955414,0,14,None,66,1,5,False,1,1
12284,129,weighted,10,0.2718949044585987,0,14,None,66,1,5,False,1,1
12285,125,weighted,10,0.4926353503184713,0,25,None,66,1,5,False,1,1
12286,126,weighted,10,0.4953224522292994,0,25,None,66,1,5,False,1,1
12287,127,weighted,10,0.4964171974522293,0,25,None,66,1,5,False,1,1
12288,128,weighted,10,0.4982085987261146,0,25,None,66,1,5,False,1,1
12289,129,weighted,10,0.4997014331210191,0,25,None,66,1,5,False,1,1
12290,125,weighted,10,0.4492436305732484,0,19,None,66,1,5,False,1,1
12291,126,weighted,10,0.4494426751592357,0,19,None,66,1,5,False,1,1
12292,127,weighted,10,0.4495421974522293,0,19,None,66,1,5,False,1,1
12293,128,weighted,10,0.4506369426751592,0,19,None,66,1,5,False,1,1
12294,129,weighted,10,0.4518312101910828,0,19,None,66,1,5,False,1,1
12295,125,weighted,10,0.4596934713375796,0,21,None,66,1,5,False,1,1
12296,126,weighted,10,0.4627786624203822,0,21,None,66,1,5,False,1,1
12297,127,weighted,10,0.4673566878980891,0,21,None,66,1,5,False,1,1
12298,128,weighted,10,0.4724323248407643,0,21,None,66,1,5,False,1,1
12299,129,weighted,10,0.4769108280254777,0,21,None,66,1,5,False,1,1
12300,125,weighted,10,0.4606886942675159,0,23,None,66,1,5,False,1,1
12301,126,weighted,10,0.4619824840764331,0,23,None,66,1,5,False,1,1
12302,127,weighted,10,0.464171974522293,0,23,None,66,1,5,False,1,1
12303,128,weighted,10,0.4636743630573248,0,23,None,66,1,5,False,1,1
12304,129,weighted,10,0.4653662420382166,0,23,None,66,1,5,False,1,1
12305,125,weighted,10,0.3809713375796178,0,4,None,66,1,5,False,1,1
12306,126,weighted,10,0.3800756369426751,0,4,None,66,1,5,False,1,1
12307,127,weighted,10,0.3815684713375796,0,4,None,66,1,5,False,1,1
12308,128,weighted,10,0.3829617834394904,0,4,None,66,1,5,False,1,1
12309,129,weighted,10,0.3840565286624204,0,4,None,66,1,5,False,1,1
12310,125,weighted,10,0.3599721337579618,0,24,None,66,1,5,False,1,1
12311,126,weighted,10,0.3615644904458598,0,24,None,66,1,5,False,1,1
12312,127,weighted,10,0.3634554140127388,0,24,None,66,1,5,False,1,1
12313,128,weighted,10,0.3654458598726114,0,24,None,66,1,5,False,1,1
12314,129,weighted,10,0.3668391719745223,0,24,None,66,1,5,False,1,1
12315,125,weighted,10,0.5397093949044586,0,27,None,66,1,5,False,1,1
12316,126,weighted,10,0.5413017515923567,0,27,None,66,1,5,False,1,1
12317,127,weighted,10,0.5425955414012739,0,27,None,66,1,5,False,1,1
12318,128,weighted,10,0.5437898089171974,0,27,None,66,1,5,False,1,1
12319,129,weighted,10,0.546875,0,27,None,66,1,5,False,1,1
12320,125,weighted,10,0.4890525477707006,0,30,None,66,1,5,False,1,1
12321,126,weighted,10,0.4951234076433121,0,30,None,66,1,5,False,1,1
12322,127,weighted,10,0.5039808917197452,0,30,None,66,1,5,False,1,1
12323,128,weighted,10,0.5125398089171974,0,30,None,66,1,5,False,1,1
12324,129,weighted,10,0.520203025477707,0,30,None,66,1,5,False,1,1
12325,125,weighted,10,0.4217754777070063,0,31,None,66,1,5,False,1,1
12326,126,weighted,10,0.4251592356687898,0,31,None,66,1,5,False,1,1
12327,127,weighted,10,0.429140127388535,0,31,None,66,1,5,False,1,1
12328,128,weighted,10,0.4346138535031847,0,31,None,66,1,5,False,1,1
12329,129,weighted,10,0.4390923566878981,0,31,None,66,1,5,False,1,1
12330,125,weighted,10,0.4335191082802547,0,28,None,66,1,5,False,1,1
12331,126,weighted,10,0.4315286624203822,0,28,None,66,1,5,False,1,1
12332,127,weighted,10,0.4328224522292994,0,28,None,66,1,5,False,1,1
12333,128,weighted,10,0.432921974522293,0,28,None,66,1,5,False,1,1
12334,129,weighted,10,0.4204816878980891,0,28,None,66,1,5,False,1,1
12335,125,weighted,10,0.5244824840764332,0,15,None,66,1,5,False,1,1
12336,126,weighted,10,0.5237858280254777,0,15,None,66,1,5,False,1,1
12337,127,weighted,10,0.5232882165605095,0,15,None,66,1,5,False,1,1
12338,128,weighted,10,0.5236863057324841,0,15,None,66,1,5,False,1,1
12339,129,weighted,10,0.5242834394904459,0,15,None,66,1,5,False,1,1
12340,125,weighted,10,0.4547173566878981,0,10,None,66,1,5,False,1,1
12341,126,weighted,10,0.4613853503184713,0,10,None,66,1,5,False,1,1
12342,127,weighted,10,0.4662619426751592,0,10,None,66,1,5,False,1,1
12343,128,weighted,10,0.4696457006369426,0,10,None,66,1,5,False,1,1
12344,129,weighted,10,0.4723328025477707,0,10,None,66,1,5,False,1,1
12345,125,weighted,10,0.4829816878980891,0,5,None,66,1,5,False,1,1
12346,126,weighted,10,0.4887539808917197,0,5,None,66,1,5,False,1,1
12347,127,weighted,10,0.4958200636942675,0,5,None,66,1,5,False,1,1
12348,128,weighted,10,0.4997014331210191,0,5,None,66,1,5,False,1,1
12349,129,weighted,10,0.5059713375796179,0,5,None,66,1,5,False,1,1
12350,125,weighted,10,0.5134355095541401,0,3,None,66,1,5,False,1,1
12351,126,weighted,10,0.5141321656050956,0,3,None,66,1,5,False,1,1
12352,127,weighted,10,0.5150278662420382,0,3,None,66,1,5,False,1,1
12353,128,weighted,10,0.5160230891719745,0,3,None,66,1,5,False,1,1
12354,129,weighted,10,0.5165207006369427,0,3,None,66,1,5,False,1,1
12355,125,weighted,10,0.5170183121019108,0,6,None,66,1,5,False,1,1
12356,126,weighted,10,0.51453025477707,0,6,None,66,1,5,False,1,1
12357,127,weighted,10,0.5146297770700637,0,6,None,66,1,5,False,1,1
12358,128,weighted,10,0.5141321656050956,0,6,None,66,1,5,False,1,1
12359,129,weighted,10,0.5141321656050956,0,6,None,66,1,5,False,1,1
12360,125,weighted,10,0.4298367834394904,0,9,None,66,1,5,False,1,1
12361,126,weighted,10,0.4312300955414013,0,9,None,66,1,5,False,1,1
12362,127,weighted,10,0.4321257961783439,0,9,None,66,1,5,False,1,1
12363,128,weighted,10,0.433718152866242,0,9,None,66,1,5,False,1,1
12364,129,weighted,10,0.4355095541401274,0,9,None,66,1,5,False,1,1
12365,125,weighted,10,0.369327229299363,0,29,None,66,1,5,False,1,1
12366,126,weighted,10,0.3686305732484076,0,29,None,66,1,5,False,1,1
12367,127,weighted,10,0.3684315286624204,0,29,None,66,1,5,False,1,1
12368,128,weighted,10,0.3692277070063694,0,29,None,66,1,5,False,1,1
12369,129,weighted,10,0.3701234076433121,0,29,None,66,1,5,False,1,1
12370,125,weighted,10,0.4882563694267516,0,0,None,66,1,5,False,1,1
12371,126,weighted,10,0.4942277070063694,0,0,None,66,1,5,False,1,1
12372,127,weighted,10,0.4987062101910828,0,0,None,66,1,5,False,1,1
12373,128,weighted,10,0.502687101910828,0,0,None,66,1,5,False,1,1
12374,129,weighted,10,0.5062699044585988,0,0,None,66,1,5,False,1,1
14685,130,weighted,10,0.5489649681528662,0,1,None,66,1,5,False,1,1
14686,131,weighted,10,0.5567277070063694,0,1,None,66,1,5,False,1,1
14687,132,weighted,10,0.566281847133758,0,1,None,66,1,5,False,1,1
14688,133,weighted,10,0.5788216560509554,0,1,None,66,1,5,False,1,1
14689,134,weighted,10,0.5787221337579618,0,1,None,66,1,5,False,1,1
14690,130,weighted,10,0.4424761146496815,0,2,None,66,1,5,False,1,1
14691,131,weighted,10,0.4442675159235669,0,2,None,66,1,5,False,1,1
14692,132,weighted,10,0.4455613057324841,0,2,None,66,1,5,False,1,1
14693,133,weighted,10,0.4476512738853503,0,2,None,66,1,5,False,1,1
14694,134,weighted,10,0.4498407643312102,0,2,None,66,1,5,False,1,1
14695,130,weighted,10,0.51453025477707,0,5,None,66,1,5,False,1,1
14696,131,weighted,10,0.5176154458598726,0,5,None,66,1,5,False,1,1
14697,132,weighted,10,0.5205015923566879,0,5,None,66,1,5,False,1,1
14698,133,weighted,10,0.5234872611464968,0,5,None,66,1,5,False,1,1
14699,134,weighted,10,0.5277667197452229,0,5,None,66,1,5,False,1,1
14700,130,weighted,10,0.5303542993630573,0,13,None,66,1,5,False,1,1
14701,131,weighted,10,0.5316480891719745,0,13,None,66,1,5,False,1,1
14702,132,weighted,10,0.5332404458598726,0,13,None,66,1,5,False,1,1
14703,133,weighted,10,0.5352308917197452,0,13,None,66,1,5,False,1,1
14704,134,weighted,10,0.5368232484076433,0,13,None,66,1,5,False,1,1
14705,130,weighted,10,0.6092754777070064,0,16,None,66,1,5,False,1,1
14706,131,weighted,10,0.612062101910828,0,16,None,66,1,5,False,1,1
14707,132,weighted,10,0.6143511146496815,0,16,None,66,1,5,False,1,1
14708,133,weighted,10,0.6187300955414012,0,16,None,66,1,5,False,1,1
14709,134,weighted,10,0.6214171974522293,0,16,None,66,1,5,False,1,1
14710,130,weighted,10,0.4877587579617834,0,8,None,66,1,5,False,1,1
14711,131,weighted,10,0.4923367834394904,0,8,None,66,1,5,False,1,1
14712,132,weighted,10,0.4941281847133758,0,8,None,66,1,5,False,1,1
14713,133,weighted,10,0.4952229299363057,0,8,None,66,1,5,False,1,1
14714,134,weighted,10,0.4963176751592357,0,8,None,66,1,5,False,1,1
14715,130,weighted,10,0.4575039808917197,0,20,None,66,1,5,False,1,1
14716,131,weighted,10,0.4629777070063694,0,20,None,66,1,5,False,1,1
14717,132,weighted,10,0.4684514331210191,0,20,None,66,1,5,False,1,1
14718,133,weighted,10,0.4736265923566879,0,20,None,66,1,5,False,1,1
14719,134,weighted,10,0.4808917197452229,0,20,None,66,1,5,False,1,1
14720,130,weighted,10,0.4527269108280254,0,19,None,66,1,5,False,1,1
14721,131,weighted,10,0.4537221337579618,0,19,None,66,1,5,False,1,1
14722,132,weighted,10,0.4544187898089172,0,19,None,66,1,5,False,1,1
14723,133,weighted,10,0.4560111464968153,0,19,None,66,1,5,False,1,1
14724,134,weighted,10,0.4571058917197452,0,19,None,66,1,5,False,1,1
14725,130,weighted,10,0.2944864649681528,0,14,None,66,1,5,False,1,1
14726,131,weighted,10,0.276671974522293,0,14,None,66,1,5,False,1,1
14727,132,weighted,10,0.2750796178343949,0,14,None,66,1,5,False,1,1
14728,133,weighted,10,0.2729896496815286,0,14,None,66,1,5,False,1,1
14729,134,weighted,10,0.2713972929936306,0,14,None,66,1,5,False,1,1
14730,130,weighted,10,0.574343152866242,0,22,None,66,1,5,False,1,1
14731,131,weighted,10,0.5738455414012739,0,22,None,66,1,5,False,1,1
14732,132,weighted,10,0.5736464968152867,0,22,None,66,1,5,False,1,1
14733,133,weighted,10,0.575437898089172,0,22,None,66,1,5,False,1,1
14734,134,weighted,10,0.5776273885350318,0,22,None,66,1,5,False,1,1
14735,130,weighted,10,0.4694466560509554,0,23,None,66,1,5,False,1,1
14736,131,weighted,10,0.4710390127388535,0,23,None,66,1,5,False,1,1
14737,132,weighted,10,0.4713375796178344,0,23,None,66,1,5,False,1,1
14738,133,weighted,10,0.4720342356687898,0,23,None,66,1,5,False,1,1
14739,134,weighted,10,0.4754179936305732,0,23,None,66,1,5,False,1,1
14740,130,weighted,10,0.4808917197452229,0,21,None,66,1,5,False,1,1
14741,131,weighted,10,0.4828821656050955,0,21,None,66,1,5,False,1,1
14742,132,weighted,10,0.487858280254777,0,21,None,66,1,5,False,1,1
14743,133,weighted,10,0.4918391719745223,0,21,None,66,1,5,False,1,1
14744,134,weighted,10,0.497014331210191,0,21,None,66,1,5,False,1,1
14745,130,weighted,10,0.5003980891719745,0,25,None,66,1,5,False,1,1
14746,131,weighted,10,0.5028861464968153,0,25,None,66,1,5,False,1,1
14747,132,weighted,10,0.5038813694267515,0,25,None,66,1,5,False,1,1
14748,133,weighted,10,0.5052746815286624,0,25,None,66,1,5,False,1,1
14749,134,weighted,10,0.506468949044586,0,25,None,66,1,5,False,1,1
14750,130,weighted,10,0.5485668789808917,0,12,None,66,1,5,False,1,1
14751,131,weighted,10,0.556031050955414,0,12,None,66,1,5,False,1,1
14752,132,weighted,10,0.5613057324840764,0,12,None,66,1,5,False,1,1
14753,133,weighted,10,0.5682722929936306,0,12,None,66,1,5,False,1,1
14754,134,weighted,10,0.5745421974522293,0,12,None,66,1,5,False,1,1
14755,130,weighted,10,0.5048765923566879,0,26,None,66,1,5,False,1,1
14756,131,weighted,10,0.4990047770700637,0,26,None,66,1,5,False,1,1
14757,132,weighted,10,0.4986066878980891,0,26,None,66,1,5,False,1,1
14758,133,weighted,10,0.4972133757961783,0,26,None,66,1,5,False,1,1
14759,134,weighted,10,0.4961186305732484,0,26,None,66,1,5,False,1,1
14760,130,weighted,10,0.3797770700636942,0,24,None,66,1,5,False,1,1
14761,131,weighted,10,0.3788813694267516,0,24,None,66,1,5,False,1,1
14762,132,weighted,10,0.3786823248407643,0,24,None,66,1,5,False,1,1
14763,133,weighted,10,0.3788813694267516,0,24,None,66,1,5,False,1,1
14764,134,weighted,10,0.3793789808917197,0,24,None,66,1,5,False,1,1
14765,130,weighted,10,0.5163216560509554,0,30,None,66,1,5,False,1,1
14766,131,weighted,10,0.5225915605095541,0,30,None,66,1,5,False,1,1
14767,132,weighted,10,0.5290605095541401,0,30,None,66,1,5,False,1,1
14768,133,weighted,10,0.5355294585987261,0,30,None,66,1,5,False,1,1
14769,134,weighted,10,0.5395103503184714,0,30,None,66,1,5,False,1,1
14770,130,weighted,10,0.5258757961783439,0,6,None,66,1,5,False,1,1
14771,131,weighted,10,0.5261743630573248,0,6,None,66,1,5,False,1,1
14772,132,weighted,10,0.5279657643312102,0,6,None,66,1,5,False,1,1
14773,133,weighted,10,0.5308519108280255,0,6,None,66,1,5,False,1,1
14774,134,weighted,10,0.533140923566879,0,6,None,66,1,5,False,1,1
14775,130,weighted,10,0.4747213375796178,0,18,None,66,1,5,False,1,1
14776,131,weighted,10,0.4791998407643312,0,18,None,66,1,5,False,1,1
14777,132,weighted,10,0.4840764331210191,0,18,None,66,1,5,False,1,1
14778,133,weighted,10,0.4911425159235669,0,18,None,66,1,5,False,1,1
14779,134,weighted,10,0.4978105095541401,0,18,None,66,1,5,False,1,1
14780,130,weighted,10,0.5464769108280255,0,27,None,66,1,5,False,1,1
14781,131,weighted,10,0.5477707006369427,0,27,None,66,1,5,False,1,1
14782,132,weighted,10,0.5492635350318471,0,27,None,66,1,5,False,1,1
14783,133,weighted,10,0.550656847133758,0,27,None,66,1,5,False,1,1
14784,134,weighted,10,0.5519506369426752,0,27,None,66,1,5,False,1,1
14785,130,weighted,10,0.4627786624203822,0,31,None,66,1,5,False,1,1
14786,131,weighted,10,0.4398885350318471,0,31,None,66,1,5,False,1,1
14787,132,weighted,10,0.4370023885350318,0,31,None,66,1,5,False,1,1
14788,133,weighted,10,0.4408837579617834,0,31,None,66,1,5,False,1,1
14789,134,weighted,10,0.4438694267515923,0,31,None,66,1,5,False,1,1
14790,130,weighted,10,0.4294386942675159,0,32,None,66,1,5,False,1,1
14791,131,weighted,10,0.4307324840764331,0,32,None,66,1,5,False,1,1
14792,132,weighted,10,0.4327229299363057,0,32,None,66,1,5,False,1,1
14793,133,weighted,10,0.4341162420382166,0,32,None,66,1,5,False,1,1
14794,134,weighted,10,0.4357085987261146,0,32,None,66,1,5,False,1,1
14795,130,weighted,10,0.544984076433121,0,7,None,66,1,5,False,1,1
14796,131,weighted,10,0.5467754777070064,0,7,None,66,1,5,False,1,1
14797,132,weighted,10,0.5489649681528662,0,7,None,66,1,5,False,1,1
14798,133,weighted,10,0.5509554140127388,0,7,None,66,1,5,False,1,1
14799,134,weighted,10,0.5540406050955414,0,7,None,66,1,5,False,1,1
14800,130,weighted,10,0.5251791401273885,0,15,None,66,1,5,False,1,1
14801,131,weighted,10,0.5241839171974523,0,15,None,66,1,5,False,1,1
14802,132,weighted,10,0.5243829617834395,0,15,None,66,1,5,False,1,1
14803,133,weighted,10,0.524781050955414,0,15,None,66,1,5,False,1,1
14804,134,weighted,10,0.5250796178343949,0,15,None,66,1,5,False,1,1
14805,130,weighted,10,0.386843152866242,0,4,None,66,1,5,False,1,1
14806,131,weighted,10,0.3832603503184713,0,4,None,66,1,5,False,1,1
14807,132,weighted,10,0.3836584394904458,0,4,None,66,1,5,False,1,1
14808,133,weighted,10,0.3846536624203822,0,4,None,66,1,5,False,1,1
14809,134,weighted,10,0.3848527070063694,0,4,None,66,1,5,False,1,1
14810,130,weighted,10,0.4956210191082802,0,10,None,66,1,5,False,1,1
14811,131,weighted,10,0.5006966560509554,0,10,None,66,1,5,False,1,1
14812,132,weighted,10,0.5063694267515924,0,10,None,66,1,5,False,1,1
14813,133,weighted,10,0.5089570063694268,0,10,None,66,1,5,False,1,1
14814,134,weighted,10,0.5138335987261147,0,10,None,66,1,5,False,1,1
14815,130,weighted,10,0.4515326433121019,0,11,None,66,1,5,False,1,1
14816,131,weighted,10,0.4557125796178344,0,11,None,66,1,5,False,1,1
14817,132,weighted,10,0.4581011146496815,0,11,None,66,1,5,False,1,1
14818,133,weighted,10,0.4615843949044586,0,11,None,66,1,5,False,1,1
14819,134,weighted,10,0.4623805732484076,0,11,None,66,1,5,False,1,1
14820,130,weighted,10,0.5392117834394905,0,17,None,66,1,5,False,1,1
14821,131,weighted,10,0.541202229299363,0,17,None,66,1,5,False,1,1
14822,132,weighted,10,0.5462778662420382,0,17,None,66,1,5,False,1,1
14823,133,weighted,10,0.5532444267515924,0,17,None,66,1,5,False,1,1
14824,134,weighted,10,0.5583200636942676,0,17,None,66,1,5,False,1,1
14825,130,weighted,10,0.4424761146496815,0,28,None,66,1,5,False,1,1
14826,131,weighted,10,0.4438694267515923,0,28,None,66,1,5,False,1,1
14827,132,weighted,10,0.4464570063694267,0,28,None,66,1,5,False,1,1
14828,133,weighted,10,0.4482484076433121,0,28,None,66,1,5,False,1,1
14829,134,weighted,10,0.4502388535031847,0,28,None,66,1,5,False,1,1
14830,130,weighted,10,0.5165207006369427,0,3,None,66,1,5,False,1,1
14831,131,weighted,10,0.5169187898089171,0,3,None,66,1,5,False,1,1
14832,132,weighted,10,0.5180135350318471,0,3,None,66,1,5,False,1,1
14833,133,weighted,10,0.5189092356687898,0,3,None,66,1,5,False,1,1
14834,134,weighted,10,0.5195063694267515,0,3,None,66,1,5,False,1,1
14835,130,weighted,10,0.4354100318471338,0,9,None,66,1,5,False,1,1
14836,131,weighted,10,0.4387937898089172,0,9,None,66,1,5,False,1,1
14837,132,weighted,10,0.4410828025477707,0,9,None,66,1,5,False,1,1
14838,133,weighted,10,0.4432722929936306,0,9,None,66,1,5,False,1,1
14839,134,weighted,10,0.4456608280254777,0,9,None,66,1,5,False,1,1
14840,130,weighted,10,0.3780851910828025,0,29,None,66,1,5,False,1,1
14841,131,weighted,10,0.375796178343949,0,29,None,66,1,5,False,1,1
14842,132,weighted,10,0.3755971337579618,0,29,None,66,1,5,False,1,1
14843,133,weighted,10,0.3769904458598726,0,29,None,66,1,5,False,1,1
14844,134,weighted,10,0.3785828025477707,0,29,None,66,1,5,False,1,1
14845,130,weighted,10,0.5096536624203821,0,0,None,66,1,5,False,1,1
14846,131,weighted,10,0.5124402866242038,0,0,None,66,1,5,False,1,1
14847,132,weighted,10,0.5163216560509554,0,0,None,66,1,5,False,1,1
14848,133,weighted,10,0.5207006369426752,0,0,None,66,1,5,False,1,1
14849,134,weighted,10,0.5245820063694268,0,0,None,66,1,5,False,1,1
14850,135,weighted,10,0.5240843949044586,0,26,None,66,1,5,False,1,1
14851,136,weighted,10,0.5204020700636943,0,26,None,66,1,5,False,1,1
14852,137,weighted,10,0.5174164012738853,0,26,None,66,1,5,False,1,1
14853,138,weighted,10,0.5154259554140127,0,26,None,66,1,5,False,1,1
14854,139,weighted,10,0.5144307324840764,0,26,None,66,1,5,False,1,1
14855,135,weighted,10,0.3630573248407643,0,14,None,66,1,5,False,1,1
14856,136,weighted,10,0.3526074840764331,0,14,None,66,1,5,False,1,1
14857,137,weighted,10,0.3461385350318471,0,14,None,66,1,5,False,1,1
14858,138,weighted,10,0.3408638535031847,0,14,None,66,1,5,False,1,1
14859,139,weighted,10,0.3365843949044586,0,14,None,66,1,5,False,1,1
14860,135,weighted,10,0.5569267515923567,0,1,None,66,1,5,False,1,1
14861,136,weighted,10,0.5671775477707006,0,1,None,66,1,5,False,1,1
14862,137,weighted,10,0.5788216560509554,0,1,None,66,1,5,False,1,1
14863,138,weighted,10,0.5920581210191083,0,1,None,66,1,5,False,1,1
14864,139,weighted,10,0.5925557324840764,0,1,None,66,1,5,False,1,1
14865,135,weighted,10,0.3972929936305732,0,29,None,66,1,5,False,1,1
14866,136,weighted,10,0.3892316878980891,0,29,None,66,1,5,False,1,1
14867,137,weighted,10,0.3888335987261146,0,29,None,66,1,5,False,1,1
14868,138,weighted,10,0.3901273885350318,0,29,None,66,1,5,False,1,1
14869,139,weighted,10,0.3919187898089172,0,29,None,66,1,5,False,1,1
14870,135,weighted,10,0.4495421974522293,0,2,None,66,1,5,False,1,1
14871,136,weighted,10,0.4510350318471338,0,2,None,66,1,5,False,1,1
14872,137,weighted,10,0.4532245222929936,0,2,None,66,1,5,False,1,1
14873,138,weighted,10,0.4553144904458598,0,2,None,66,1,5,False,1,1
14874,139,weighted,10,0.4569068471337579,0,2,None,66,1,5,False,1,1
14875,135,weighted,10,0.5745421974522293,0,17,None,66,1,5,False,1,1
14876,136,weighted,10,0.5766321656050956,0,17,None,66,1,5,False,1,1
14877,137,weighted,10,0.5810111464968153,0,17,None,66,1,5,False,1,1
14878,138,weighted,10,0.5851910828025477,0,17,None,66,1,5,False,1,1
14879,139,weighted,10,0.5888734076433121,0,17,None,66,1,5,False,1,1
14880,135,weighted,10,0.5547372611464968,0,7,None,66,1,5,False,1,1
14881,136,weighted,10,0.5574243630573248,0,7,None,66,1,5,False,1,1
14882,137,weighted,10,0.5603105095541401,0,7,None,66,1,5,False,1,1
14883,138,weighted,10,0.5616042993630573,0,7,None,66,1,5,False,1,1
14884,139,weighted,10,0.5637937898089171,0,7,None,66,1,5,False,1,1
14885,135,weighted,10,0.4792993630573248,0,20,None,66,1,5,False,1,1
14886,136,weighted,10,0.4873606687898089,0,20,None,66,1,5,False,1,1
14887,137,weighted,10,0.4968152866242038,0,20,None,66,1,5,False,1,1
14888,138,weighted,10,0.5040804140127388,0,20,None,66,1,5,False,1,1
14889,139,weighted,10,0.5135350318471338,0,20,None,66,1,5,False,1,1
14890,135,weighted,10,0.59265525477707,0,22,None,66,1,5,False,1,1
14891,136,weighted,10,0.59375,0,22,None,66,1,5,False,1,1
14892,137,weighted,10,0.5965366242038217,0,22,None,66,1,5,False,1,1
14893,138,weighted,10,0.5979299363057324,0,22,None,66,1,5,False,1,1
14894,139,weighted,10,0.6008160828025477,0,22,None,66,1,5,False,1,1
14895,135,weighted,10,0.43640525477707,0,32,None,66,1,5,False,1,1
14896,136,weighted,10,0.4363057324840764,0,32,None,66,1,5,False,1,1
14897,137,weighted,10,0.4392914012738853,0,32,None,66,1,5,False,1,1
14898,138,weighted,10,0.4425756369426751,0,32,None,66,1,5,False,1,1
14899,139,weighted,10,0.4448646496815286,0,32,None,66,1,5,False,1,1
14900,135,weighted,10,0.5434912420382165,0,5,None,66,1,5,False,1,1
14901,136,weighted,10,0.5464769108280255,0,5,None,66,1,5,False,1,1
14902,137,weighted,10,0.5497611464968153,0,5,None,66,1,5,False,1,1
14903,138,weighted,10,0.5558320063694268,0,5,None,66,1,5,False,1,1
14904,139,weighted,10,0.5612062101910829,0,5,None,66,1,5,False,1,1
14905,135,weighted,10,0.5359275477707006,0,6,None,66,1,5,False,1,1
14906,136,weighted,10,0.5379179936305732,0,6,None,66,1,5,False,1,1
14907,137,weighted,10,0.541202229299363,0,6,None,66,1,5,False,1,1
14908,138,weighted,10,0.54578025477707,0,6,None,66,1,5,False,1,1
14909,139,weighted,10,0.5488654458598726,0,6,None,66,1,5,False,1,1
14910,135,weighted,10,0.6176353503184714,0,16,None,66,1,5,False,1,1
14911,136,weighted,10,0.6200238853503185,0,16,None,66,1,5,False,1,1
14912,137,weighted,10,0.6242038216560509,0,16,None,66,1,5,False,1,1
14913,138,weighted,10,0.6273885350318471,0,16,None,66,1,5,False,1,1
14914,139,weighted,10,0.6290804140127388,0,16,None,66,1,5,False,1,1
14915,135,weighted,10,0.4917396496815286,0,18,None,66,1,5,False,1,1
14916,136,weighted,10,0.498109076433121,0,18,None,66,1,5,False,1,1
14917,137,weighted,10,0.5078622611464968,0,18,None,66,1,5,False,1,1
14918,138,weighted,10,0.5144307324840764,0,18,None,66,1,5,False,1,1
14919,139,weighted,10,0.5216958598726115,0,18,None,66,1,5,False,1,1
14920,135,weighted,10,0.4925358280254777,0,8,None,66,1,5,False,1,1
14921,136,weighted,10,0.4987062101910828,0,8,None,66,1,5,False,1,1
14922,137,weighted,10,0.5002985668789809,0,8,None,66,1,5,False,1,1
14923,138,weighted,10,0.5012937898089171,0,8,None,66,1,5,False,1,1
14924,139,weighted,10,0.503781847133758,0,8,None,66,1,5,False,1,1
14925,135,weighted,10,0.544187898089172,0,13,None,66,1,5,False,1,1
14926,136,weighted,10,0.5465764331210191,0,13,None,66,1,5,False,1,1
14927,137,weighted,10,0.5480692675159236,0,13,None,66,1,5,False,1,1
14928,138,weighted,10,0.5497611464968153,0,13,None,66,1,5,False,1,1
14929,139,weighted,10,0.5521496815286624,0,13,None,66,1,5,False,1,1
14930,135,weighted,10,0.5059713375796179,0,21,None,66,1,5,False,1,1
14931,136,weighted,10,0.5046775477707006,0,21,None,66,1,5,False,1,1
14932,137,weighted,10,0.5076632165605095,0,21,None,66,1,5,False,1,1
14933,138,weighted,10,0.5117436305732485,0,21,None,66,1,5,False,1,1
14934,139,weighted,10,0.5171178343949044,0,21,None,66,1,5,False,1,1
14935,135,weighted,10,0.4559116242038216,0,19,None,66,1,5,False,1,1
14936,136,weighted,10,0.4575039808917197,0,19,None,66,1,5,False,1,1
14937,137,weighted,10,0.4590963375796178,0,19,None,66,1,5,False,1,1
14938,138,weighted,10,0.4597929936305732,0,19,None,66,1,5,False,1,1
14939,139,weighted,10,0.4600915605095541,0,19,None,66,1,5,False,1,1
14940,135,weighted,10,0.4478503184713376,0,28,None,66,1,5,False,1,1
14941,136,weighted,10,0.4499402866242038,0,28,None,66,1,5,False,1,1
14942,137,weighted,10,0.4518312101910828,0,28,None,66,1,5,False,1,1
14943,138,weighted,10,0.4545183121019108,0,28,None,66,1,5,False,1,1
14944,139,weighted,10,0.455812101910828,0,28,None,66,1,5,False,1,1
14945,135,weighted,10,0.5512539808917197,0,27,None,66,1,5,False,1,1
14946,136,weighted,10,0.5532444267515924,0,27,None,66,1,5,False,1,1
14947,137,weighted,10,0.5555334394904459,0,27,None,66,1,5,False,1,1
14948,138,weighted,10,0.5581210191082803,0,27,None,66,1,5,False,1,1
14949,139,weighted,10,0.5622014331210191,0,27,None,66,1,5,False,1,1
14950,135,weighted,10,0.4022691082802547,0,24,None,66,1,5,False,1,1
14951,136,weighted,10,0.4002786624203822,0,24,None,66,1,5,False,1,1
14952,137,weighted,10,0.4002786624203822,0,24,None,66,1,5,False,1,1
14953,138,weighted,10,0.4009753184713376,0,24,None,66,1,5,False,1,1
14954,139,weighted,10,0.4042595541401274,0,24,None,66,1,5,False,1,1
14955,135,weighted,10,0.5390127388535032,0,30,None,66,1,5,False,1,1
14956,136,weighted,10,0.5444864649681529,0,30,None,66,1,5,False,1,1
14957,137,weighted,10,0.5496616242038217,0,30,None,66,1,5,False,1,1
14958,138,weighted,10,0.5554339171974523,0,30,None,66,1,5,False,1,1
14959,139,weighted,10,0.5607085987261147,0,30,None,66,1,5,False,1,1
14960,135,weighted,10,0.4713375796178344,0,31,None,66,1,5,False,1,1
14961,136,weighted,10,0.4784036624203822,0,31,None,66,1,5,False,1,1
14962,137,weighted,10,0.4795979299363057,0,31,None,66,1,5,False,1,1
14963,138,weighted,10,0.4827826433121019,0,31,None,66,1,5,False,1,1
14964,139,weighted,10,0.4809912420382166,0,31,None,66,1,5,False,1,1
14965,135,weighted,10,0.5338375796178344,0,10,None,66,1,5,False,1,1
14966,136,weighted,10,0.53015525477707,0,10,None,66,1,5,False,1,1
14967,137,weighted,10,0.5354299363057324,0,10,None,66,1,5,False,1,1
14968,138,weighted,10,0.5388136942675159,0,10,None,66,1,5,False,1,1
14969,139,weighted,10,0.5444864649681529,0,10,None,66,1,5,False,1,1
14970,135,weighted,10,0.519406847133758,0,3,None,66,1,5,False,1,1
14971,136,weighted,10,0.5199044585987261,0,3,None,66,1,5,False,1,1
14972,137,weighted,10,0.5209992038216561,0,3,None,66,1,5,False,1,1
14973,138,weighted,10,0.5221934713375797,0,3,None,66,1,5,False,1,1
14974,139,weighted,10,0.5230891719745223,0,3,None,66,1,5,False,1,1
14975,135,weighted,10,0.4515326433121019,0,11,None,66,1,5,False,1,1
14976,136,weighted,10,0.4574044585987261,0,11,None,66,1,5,False,1,1
14977,137,weighted,10,0.4611863057324841,0,11,None,66,1,5,False,1,1
14978,138,weighted,10,0.4651671974522293,0,11,None,66,1,5,False,1,1
14979,139,weighted,10,0.4911425159235669,0,11,None,66,1,5,False,1,1
14980,135,weighted,10,0.5257762738853503,0,15,None,66,1,5,False,1,1
14981,136,weighted,10,0.5252786624203821,0,15,None,66,1,5,False,1,1
14982,137,weighted,10,0.5249800955414012,0,15,None,66,1,5,False,1,1
14983,138,weighted,10,0.5258757961783439,0,15,None,66,1,5,False,1,1
14984,139,weighted,10,0.5256767515923567,0,15,None,66,1,5,False,1,1
14985,135,weighted,10,0.5639928343949044,0,12,None,66,1,5,False,1,1
14986,136,weighted,10,0.5764331210191083,0,12,None,66,1,5,False,1,1
14987,137,weighted,10,0.5814092356687898,0,12,None,66,1,5,False,1,1
14988,138,weighted,10,0.5885748407643312,0,12,None,66,1,5,False,1,1
14989,139,weighted,10,0.5953423566878981,0,12,None,66,1,5,False,1,1
14990,135,weighted,10,0.4467555732484076,0,9,None,66,1,5,False,1,1
14991,136,weighted,10,0.4510350318471338,0,9,None,66,1,5,False,1,1
14992,137,weighted,10,0.455812101910828,0,9,None,66,1,5,False,1,1
14993,138,weighted,10,0.4592953821656051,0,9,None,66,1,5,False,1,1
14994,139,weighted,10,0.4619824840764331,0,9,None,66,1,5,False,1,1
14995,135,weighted,10,0.505672770700637,0,25,None,66,1,5,False,1,1
14996,136,weighted,10,0.5074641719745223,0,25,None,66,1,5,False,1,1
14997,137,weighted,10,0.5095541401273885,0,25,None,66,1,5,False,1,1
14998,138,weighted,10,0.5103503184713376,0,25,None,66,1,5,False,1,1
14999,139,weighted,10,0.511843152866242,0,25,None,66,1,5,False,1,1
15000,135,weighted,10,0.5296576433121019,0,0,None,66,1,5,False,1,1
15001,136,weighted,10,0.533140923566879,0,0,None,66,1,5,False,1,1
15002,137,weighted,10,0.5380175159235668,0,0,None,66,1,5,False,1,1
15003,138,weighted,10,0.5405055732484076,0,0,None,66,1,5,False,1,1
15004,139,weighted,10,0.544187898089172,0,0,None,66,1,5,False,1,1
15005,135,weighted,10,0.3948049363057325,0,4,None,66,1,5,False,1,1
15006,136,weighted,10,0.392515923566879,0,4,None,66,1,5,False,1,1
15007,137,weighted,10,0.3927149681528662,0,4,None,66,1,5,False,1,1
15008,138,weighted,10,0.3928144904458598,0,4,None,66,1,5,False,1,1
15009,139,weighted,10,0.3929140127388535,0,4,None,66,1,5,False,1,1
15010,135,weighted,10,0.4778065286624204,0,23,None,66,1,5,False,1,1
15011,136,weighted,10,0.477906050955414,0,23,None,66,1,5,False,1,1
15012,137,weighted,10,0.4802945859872611,0,23,None,66,1,5,False,1,1
15013,138,weighted,10,0.4831807324840764,0,23,None,66,1,5,False,1,1
15014,139,weighted,10,0.4848726114649681,0,23,None,66,1,5,False,1,1
15015,140,weighted,10,0.5944466560509554,0,17,None,66,1,5,False,1,1
15016,141,weighted,10,0.596437101910828,0,17,None,66,1,5,False,1,1
15017,142,weighted,10,0.5992237261146497,0,17,None,66,1,5,False,1,1
15018,143,weighted,10,0.6022093949044586,0,17,None,66,1,5,False,1,1
15019,144,weighted,10,0.6051950636942676,0,17,None,66,1,5,False,1,1
15020,140,weighted,10,0.6285828025477707,0,16,None,66,1,5,False,1,1
15021,141,weighted,10,0.6310708598726115,0,16,None,66,1,5,False,1,1
15022,142,weighted,10,0.6332603503184714,0,16,None,66,1,5,False,1,1
15023,143,weighted,10,0.6372412420382165,0,16,None,66,1,5,False,1,1
15024,144,weighted,10,0.6392316878980892,0,16,None,66,1,5,False,1,1
15025,140,weighted,10,0.5040804140127388,0,18,None,66,1,5,False,1,1
15026,141,weighted,10,0.5178144904458599,0,18,None,66,1,5,False,1,1
15027,142,weighted,10,0.5259753184713376,0,18,None,66,1,5,False,1,1
15028,143,weighted,10,0.5334394904458599,0,18,None,66,1,5,False,1,1
15029,144,weighted,10,0.5408041401273885,0,18,None,66,1,5,False,1,1
15030,140,weighted,10,0.509952229299363,0,25,None,66,1,5,False,1,1
15031,141,weighted,10,0.511843152866242,0,25,None,66,1,5,False,1,1
15032,142,weighted,10,0.512937898089172,0,25,None,66,1,5,False,1,1
15033,143,weighted,10,0.5141321656050956,0,25,None,66,1,5,False,1,1
15034,144,weighted,10,0.5154259554140127,0,25,None,66,1,5,False,1,1
15035,140,weighted,10,0.4599920382165605,0,19,None,66,1,5,False,1,1
15036,141,weighted,10,0.4608877388535032,0,19,None,66,1,5,False,1,1
15037,142,weighted,10,0.4627786624203822,0,19,None,66,1,5,False,1,1
15038,143,weighted,10,0.4625796178343949,0,19,None,66,1,5,False,1,1
15039,144,weighted,10,0.4631767515923566,0,19,None,66,1,5,False,1,1
15040,140,weighted,10,0.4230692675159235,0,24,None,66,1,5,False,1,1
15041,141,weighted,10,0.4259554140127388,0,24,None,66,1,5,False,1,1
15042,142,weighted,10,0.4288415605095541,0,24,None,66,1,5,False,1,1
15043,143,weighted,10,0.4355095541401274,0,24,None,66,1,5,False,1,1
15044,144,weighted,10,0.4416799363057325,0,24,None,66,1,5,False,1,1
15045,140,weighted,10,0.4985071656050955,0,31,None,66,1,5,False,1,1
15046,141,weighted,10,0.505672770700637,0,31,None,66,1,5,False,1,1
15047,142,weighted,10,0.5128383757961783,0,31,None,66,1,5,False,1,1
15048,143,weighted,10,0.5200039808917197,0,31,None,66,1,5,False,1,1
15049,144,weighted,10,0.5281648089171974,0,31,None,66,1,5,False,1,1
15050,140,weighted,10,0.5718550955414012,0,1,None,66,1,5,False,1,1
15051,141,weighted,10,0.5858877388535032,0,1,None,66,1,5,False,1,1
15052,142,weighted,10,0.5976313694267515,0,1,None,66,1,5,False,1,1
15053,143,weighted,10,0.611265923566879,0,1,None,66,1,5,False,1,1
15054,144,weighted,10,0.6136544585987261,0,1,None,66,1,5,False,1,1
15055,140,weighted,10,0.4571058917197452,0,2,None,66,1,5,False,1,1
15056,141,weighted,10,0.4586982484076433,0,2,None,66,1,5,False,1,1
15057,142,weighted,10,0.460390127388535,0,2,None,66,1,5,False,1,1
15058,143,weighted,10,0.462281050955414,0,2,None,66,1,5,False,1,1
15059,144,weighted,10,0.4650676751592357,0,2,None,66,1,5,False,1,1
15060,140,weighted,10,0.5131369426751592,0,9,None,66,1,5,False,1,1
15061,141,weighted,10,0.520203025477707,0,9,None,66,1,5,False,1,1
15062,142,weighted,10,0.526671974522293,0,9,None,66,1,5,False,1,1
15063,143,weighted,10,0.5320461783439491,0,9,None,66,1,5,False,1,1
15064,144,weighted,10,0.5364251592356688,0,9,None,66,1,5,False,1,1
15065,140,weighted,10,0.5583200636942676,0,13,None,66,1,5,False,1,1
15066,141,weighted,10,0.559812898089172,0,13,None,66,1,5,False,1,1
15067,142,weighted,10,0.5610071656050956,0,13,None,66,1,5,False,1,1
15068,143,weighted,10,0.5625995222929936,0,13,None,66,1,5,False,1,1
15069,144,weighted,10,0.5645899681528662,0,13,None,66,1,5,False,1,1
15070,140,weighted,10,0.4737261146496815,0,28,None,66,1,5,False,1,1
15071,141,weighted,10,0.4541202229299363,0,28,None,66,1,5,False,1,1
15072,142,weighted,10,0.456608280254777,0,28,None,66,1,5,False,1,1
15073,143,weighted,10,0.458499203821656,0,28,None,66,1,5,False,1,1
15074,144,weighted,10,0.4610867834394904,0,28,None,66,1,5,False,1,1
15075,140,weighted,10,0.5302547770700637,0,21,None,66,1,5,False,1,1
15076,141,weighted,10,0.5243829617834395,0,21,None,66,1,5,False,1,1
15077,142,weighted,10,0.5271695859872612,0,21,None,66,1,5,False,1,1
15078,143,weighted,10,0.5315485668789809,0,21,None,66,1,5,False,1,1
15079,144,weighted,10,0.5357285031847133,0,21,None,66,1,5,False,1,1
15080,140,weighted,10,0.4268511146496815,0,29,None,66,1,5,False,1,1
15081,141,weighted,10,0.4122213375796178,0,29,None,66,1,5,False,1,1
15082,142,weighted,10,0.4082404458598726,0,29,None,66,1,5,False,1,1
15083,143,weighted,10,0.4094347133757962,0,29,None,66,1,5,False,1,1
15084,144,weighted,10,0.4117237261146497,0,29,None,66,1,5,False,1,1
15085,140,weighted,10,0.5699641719745223,0,5,None,66,1,5,False,1,1
15086,141,weighted,10,0.5709593949044586,0,5,None,66,1,5,False,1,1
15087,142,weighted,10,0.5740445859872612,0,5,None,66,1,5,False,1,1
15088,143,weighted,10,0.5793192675159236,0,5,None,66,1,5,False,1,1
15089,144,weighted,10,0.5822054140127388,0,5,None,66,1,5,False,1,1
15090,140,weighted,10,0.3667396496815286,0,14,None,66,1,5,False,1,1
15091,141,weighted,10,0.3542993630573248,0,14,None,66,1,5,False,1,1
15092,142,weighted,10,0.3503184713375796,0,14,None,66,1,5,False,1,1
15093,143,weighted,10,0.3465366242038216,0,14,None,66,1,5,False,1,1
15094,144,weighted,10,0.3434514331210191,0,14,None,66,1,5,False,1,1
15095,140,weighted,10,0.5671775477707006,0,7,None,66,1,5,False,1,1
15096,141,weighted,10,0.5694665605095541,0,7,None,66,1,5,False,1,1
15097,142,weighted,10,0.5715565286624203,0,7,None,66,1,5,False,1,1
15098,143,weighted,10,0.5730493630573248,0,7,None,66,1,5,False,1,1
15099,144,weighted,10,0.5757364649681529,0,7,None,66,1,5,False,1,1
15100,140,weighted,10,0.5601114649681529,0,30,None,66,1,5,False,1,1
15101,141,weighted,10,0.5648885350318471,0,30,None,66,1,5,False,1,1
15102,142,weighted,10,0.5698646496815286,0,30,None,66,1,5,False,1,1
15103,143,weighted,10,0.5731488853503185,0,30,None,66,1,5,False,1,1
15104,144,weighted,10,0.5760350318471338,0,30,None,66,1,5,False,1,1
15105,140,weighted,10,0.5674761146496815,0,27,None,66,1,5,False,1,1
15106,141,weighted,10,0.573546974522293,0,27,None,66,1,5,False,1,1
15107,142,weighted,10,0.5831011146496815,0,27,None,66,1,5,False,1,1
15108,143,weighted,10,0.5915605095541401,0,27,None,66,1,5,False,1,1
15109,144,weighted,10,0.5986265923566879,0,27,None,66,1,5,False,1,1
15110,140,weighted,10,0.5371218152866242,0,26,None,66,1,5,False,1,1
15111,141,weighted,10,0.5319466560509554,0,26,None,66,1,5,False,1,1
15112,142,weighted,10,0.5300557324840764,0,26,None,66,1,5,False,1,1
15113,143,weighted,10,0.5295581210191083,0,26,None,66,1,5,False,1,1
15114,144,weighted,10,0.5277667197452229,0,26,None,66,1,5,False,1,1
15115,140,weighted,10,0.591062898089172,0,12,None,66,1,5,False,1,1
15116,141,weighted,10,0.5980294585987261,0,12,None,66,1,5,False,1,1
15117,142,weighted,10,0.6042993630573248,0,12,None,66,1,5,False,1,1
15118,143,weighted,10,0.6110668789808917,0,12,None,66,1,5,False,1,1
15119,144,weighted,10,0.6143511146496815,0,12,None,66,1,5,False,1,1
15120,140,weighted,10,0.5529458598726115,0,6,None,66,1,5,False,1,1
15121,141,weighted,10,0.5556329617834395,0,6,None,66,1,5,False,1,1
15122,142,weighted,10,0.5596138535031847,0,6,None,66,1,5,False,1,1
15123,143,weighted,10,0.5639928343949044,0,6,None,66,1,5,False,1,1
15124,144,weighted,10,0.5669785031847133,0,6,None,66,1,5,False,1,1
15125,140,weighted,10,0.5510549363057324,0,0,None,66,1,5,False,1,1
15126,141,weighted,10,0.5542396496815286,0,0,None,66,1,5,False,1,1
15127,142,weighted,10,0.5563296178343949,0,0,None,66,1,5,False,1,1
15128,143,weighted,10,0.56140525477707,0,0,None,66,1,5,False,1,1
15129,144,weighted,10,0.5647890127388535,0,0,None,66,1,5,False,1,1
15130,140,weighted,10,0.5013933121019108,0,8,None,66,1,5,False,1,1
15131,141,weighted,10,0.5059713375796179,0,8,None,66,1,5,False,1,1
15132,142,weighted,10,0.5095541401273885,0,8,None,66,1,5,False,1,1
15133,143,weighted,10,0.5102507961783439,0,8,None,66,1,5,False,1,1
15134,144,weighted,10,0.5121417197452229,0,8,None,66,1,5,False,1,1
15135,140,weighted,10,0.5095541401273885,0,20,None,66,1,5,False,1,1
15136,141,weighted,10,0.5198049363057324,0,20,None,66,1,5,False,1,1
15137,142,weighted,10,0.5283638535031847,0,20,None,66,1,5,False,1,1
15138,143,weighted,10,0.5346337579617835,0,20,None,66,1,5,False,1,1
15139,144,weighted,10,0.5395103503184714,0,20,None,66,1,5,False,1,1
15140,140,weighted,10,0.6073845541401274,0,22,None,66,1,5,False,1,1
15141,141,weighted,10,0.6102707006369427,0,22,None,66,1,5,False,1,1
15142,142,weighted,10,0.613156847133758,0,22,None,66,1,5,False,1,1
15143,143,weighted,10,0.6200238853503185,0,22,None,66,1,5,False,1,1
15144,144,weighted,10,0.62609474522293,0,22,None,66,1,5,False,1,1
15145,140,weighted,10,0.4892515923566879,0,23,None,66,1,5,False,1,1
15146,141,weighted,10,0.4914410828025478,0,23,None,66,1,5,False,1,1
15147,142,weighted,10,0.4950238853503185,0,23,None,66,1,5,False,1,1
15148,143,weighted,10,0.4990047770700637,0,23,None,66,1,5,False,1,1
15149,144,weighted,10,0.5025875796178344,0,23,None,66,1,5,False,1,1
15150,140,weighted,10,0.4437699044585987,0,32,None,66,1,5,False,1,1
15151,141,weighted,10,0.4442675159235669,0,32,None,66,1,5,False,1,1
15152,142,weighted,10,0.4479498407643312,0,32,None,66,1,5,False,1,1
15153,143,weighted,10,0.4526273885350318,0,32,None,66,1,5,False,1,1
15154,144,weighted,10,0.4567078025477707,0,32,None,66,1,5,False,1,1
15155,140,weighted,10,0.4074442675159235,0,4,None,66,1,5,False,1,1
15156,141,weighted,10,0.404359076433121,0,4,None,66,1,5,False,1,1
15157,142,weighted,10,0.40625,0,4,None,66,1,5,False,1,1
15158,143,weighted,10,0.407046178343949,0,4,None,66,1,5,False,1,1
15159,144,weighted,10,0.408140923566879,0,4,None,66,1,5,False,1,1
15160,140,weighted,10,0.5252786624203821,0,3,None,66,1,5,False,1,1
15161,141,weighted,10,0.527468152866242,0,3,None,66,1,5,False,1,1
15162,142,weighted,10,0.5288614649681529,0,3,None,66,1,5,False,1,1
15163,143,weighted,10,0.5305533439490446,0,3,None,66,1,5,False,1,1
15164,144,weighted,10,0.5315485668789809,0,3,None,66,1,5,False,1,1
15165,140,weighted,10,0.5666799363057324,0,10,None,66,1,5,False,1,1
15166,141,weighted,10,0.5639928343949044,0,10,None,66,1,5,False,1,1
15167,142,weighted,10,0.565187101910828,0,10,None,66,1,5,False,1,1
15168,143,weighted,10,0.5677746815286624,0,10,None,66,1,5,False,1,1
15169,144,weighted,10,0.5702627388535032,0,10,None,66,1,5,False,1,1
15170,140,weighted,10,0.5279657643312102,0,15,None,66,1,5,False,1,1
15171,141,weighted,10,0.5282643312101911,0,15,None,66,1,5,False,1,1
15172,142,weighted,10,0.5296576433121019,0,15,None,66,1,5,False,1,1
15173,143,weighted,10,0.5307523885350318,0,15,None,66,1,5,False,1,1
15174,144,weighted,10,0.5330414012738853,0,15,None,66,1,5,False,1,1
15175,140,weighted,10,0.505672770700637,0,11,None,66,1,5,False,1,1
15176,141,weighted,10,0.5134355095541401,0,11,None,66,1,5,False,1,1
15177,142,weighted,10,0.5308519108280255,0,11,None,66,1,5,False,1,1
15178,143,weighted,10,0.5644904458598726,0,11,None,66,1,5,False,1,1
15179,144,weighted,10,0.5912619426751592,0,11,None,66,1,5,False,1,1
15180,145,weighted,10,0.5869824840764332,0,1,None,66,1,5,False,1,1
15181,146,weighted,10,0.6022093949044586,0,1,None,66,1,5,False,1,1
15182,147,weighted,10,0.6154458598726115,0,1,None,66,1,5,False,1,1
15183,148,weighted,10,0.6273885350318471,0,1,None,66,1,5,False,1,1
15184,149,weighted,10,0.6284832802547771,0,1,None,66,1,5,False,1,1
15185,145,weighted,10,0.6267914012738853,0,22,None,66,1,5,False,1,1
15186,146,weighted,10,0.6293789808917197,0,22,None,66,1,5,False,1,1
15187,147,weighted,10,0.6325636942675159,0,22,None,66,1,5,False,1,1
15188,148,weighted,10,0.634156050955414,0,22,None,66,1,5,False,1,1
15189,149,weighted,10,0.6357484076433121,0,22,None,66,1,5,False,1,1
15190,145,weighted,10,0.5011942675159236,0,23,None,66,1,5,False,1,1
15191,146,weighted,10,0.5041799363057324,0,23,None,66,1,5,False,1,1
15192,147,weighted,10,0.5088574840764332,0,23,None,66,1,5,False,1,1
15193,148,weighted,10,0.5114450636942676,0,23,None,66,1,5,False,1,1
15194,149,weighted,10,0.5141321656050956,0,23,None,66,1,5,False,1,1
15195,145,weighted,10,0.6374402866242038,0,16,None,66,1,5,False,1,1
15196,146,weighted,10,0.6405254777070064,0,16,None,66,1,5,False,1,1
15197,147,weighted,10,0.642515923566879,0,16,None,66,1,5,False,1,1
15198,148,weighted,10,0.6457006369426752,0,16,None,66,1,5,False,1,1
15199,149,weighted,10,0.6477906050955414,0,16,None,66,1,5,False,1,1
15200,145,weighted,10,0.4571058917197452,0,32,None,66,1,5,False,1,1
15201,146,weighted,10,0.4589968152866242,0,32,None,66,1,5,False,1,1
15202,147,weighted,10,0.4626791401273885,0,32,None,66,1,5,False,1,1
15203,148,weighted,10,0.4664609872611465,0,32,None,66,1,5,False,1,1
15204,149,weighted,10,0.4707404458598726,0,32,None,66,1,5,False,1,1
15205,145,weighted,10,0.3645501592356688,0,14,None,66,1,5,False,1,1
15206,146,weighted,10,0.3535031847133758,0,14,None,66,1,5,False,1,1
15207,147,weighted,10,0.349124203821656,0,14,None,66,1,5,False,1,1
15208,148,weighted,10,0.3497213375796178,0,14,None,66,1,5,False,1,1
15209,149,weighted,10,0.3515127388535032,0,14,None,66,1,5,False,1,1
15210,145,weighted,10,0.4538216560509554,0,29,None,66,1,5,False,1,1
15211,146,weighted,10,0.4341162420382166,0,29,None,66,1,5,False,1,1
15212,147,weighted,10,0.4259554140127388,0,29,None,66,1,5,False,1,1
15213,148,weighted,10,0.4247611464968153,0,29,None,66,1,5,False,1,1
15214,149,weighted,10,0.4243630573248407,0,29,None,66,1,5,False,1,1
15215,145,weighted,10,0.5707603503184714,0,13,None,66,1,5,False,1,1
15216,146,weighted,10,0.5709593949044586,0,13,None,66,1,5,False,1,1
15217,147,weighted,10,0.5715565286624203,0,13,None,66,1,5,False,1,1
15218,148,weighted,10,0.5737460191082803,0,13,None,66,1,5,False,1,1
15219,149,weighted,10,0.5753383757961783,0,13,None,66,1,5,False,1,1
15220,145,weighted,10,0.5668789808917197,0,6,None,66,1,5,False,1,1
15221,146,weighted,10,0.5698646496815286,0,6,None,66,1,5,False,1,1
15222,147,weighted,10,0.5739450636942676,0,6,None,66,1,5,False,1,1
15223,148,weighted,10,0.57703025477707,0,6,None,66,1,5,False,1,1
15224,149,weighted,10,0.5791202229299363,0,6,None,66,1,5,False,1,1
15225,145,weighted,10,0.5134355095541401,0,25,None,66,1,5,False,1,1
15226,146,weighted,10,0.5153264331210191,0,25,None,66,1,5,False,1,1
15227,147,weighted,10,0.51671974522293,0,25,None,66,1,5,False,1,1
15228,148,weighted,10,0.5179140127388535,0,25,None,66,1,5,False,1,1
15229,149,weighted,10,0.5192078025477707,0,25,None,66,1,5,False,1,1
15230,145,weighted,10,0.5515525477707006,0,26,None,66,1,5,False,1,1
15231,146,weighted,10,0.5491640127388535,0,26,None,66,1,5,False,1,1
15232,147,weighted,10,0.5476711783439491,0,26,None,66,1,5,False,1,1
15233,148,weighted,10,0.5455812101910829,0,26,None,66,1,5,False,1,1
15234,149,weighted,10,0.5439888535031847,0,26,None,66,1,5,False,1,1
15235,145,weighted,10,0.5108479299363057,0,8,None,66,1,5,False,1,1
15236,146,weighted,10,0.5150278662420382,0,8,None,66,1,5,False,1,1
15237,147,weighted,10,0.5169187898089171,0,8,None,66,1,5,False,1,1
15238,148,weighted,10,0.5191082802547771,0,8,None,66,1,5,False,1,1
15239,149,weighted,10,0.520203025477707,0,8,None,66,1,5,False,1,1
15240,145,weighted,10,0.4674562101910828,0,19,None,66,1,5,False,1,1
15241,146,weighted,10,0.4656648089171974,0,19,None,66,1,5,False,1,1
15242,147,weighted,10,0.4656648089171974,0,19,None,66,1,5,False,1,1
15243,148,weighted,10,0.4661624203821656,0,19,None,66,1,5,False,1,1
15244,149,weighted,10,0.4665605095541401,0,19,None,66,1,5,False,1,1
15245,145,weighted,10,0.5421974522292994,0,21,None,66,1,5,False,1,1
15246,146,weighted,10,0.5415007961783439,0,21,None,66,1,5,False,1,1
15247,147,weighted,10,0.5452826433121019,0,21,None,66,1,5,False,1,1
15248,148,weighted,10,0.5482683121019108,0,21,None,66,1,5,False,1,1
15249,149,weighted,10,0.5516520700636943,0,21,None,66,1,5,False,1,1
15250,145,weighted,10,0.4376990445859872,0,24,None,66,1,5,False,1,1
15251,146,weighted,10,0.4457603503184713,0,24,None,66,1,5,False,1,1
15252,147,weighted,10,0.453125,0,24,None,66,1,5,False,1,1
15253,148,weighted,10,0.4580015923566879,0,24,None,66,1,5,False,1,1
15254,149,weighted,10,0.4617834394904458,0,24,None,66,1,5,False,1,1
15255,145,weighted,10,0.5984275477707006,0,27,None,66,1,5,False,1,1
15256,146,weighted,10,0.6059912420382165,0,27,None,66,1,5,False,1,1
15257,147,weighted,10,0.6129578025477707,0,27,None,66,1,5,False,1,1
15258,148,weighted,10,0.6184315286624203,0,27,None,66,1,5,False,1,1
15259,149,weighted,10,0.6240047770700637,0,27,None,66,1,5,False,1,1
15260,145,weighted,10,0.5789211783439491,0,30,None,66,1,5,False,1,1
15261,146,weighted,10,0.5833001592356688,0,30,None,66,1,5,False,1,1
15262,147,weighted,10,0.5866839171974523,0,30,None,66,1,5,False,1,1
15263,148,weighted,10,0.5894705414012739,0,30,None,66,1,5,False,1,1
15264,149,weighted,10,0.5935509554140127,0,30,None,66,1,5,False,1,1
15265,145,weighted,10,0.5268710191082803,0,31,None,66,1,5,False,1,1
15266,146,weighted,10,0.5347332802547771,0,31,None,66,1,5,False,1,1
15267,147,weighted,10,0.541202229299363,0,31,None,66,1,5,False,1,1
15268,148,weighted,10,0.548765923566879,0,31,None,66,1,5,False,1,1
15269,149,weighted,10,0.5539410828025477,0,31,None,66,1,5,False,1,1
15270,145,weighted,10,0.4816878980891719,0,2,None,66,1,5,False,1,1
15271,146,weighted,10,0.4689490445859872,0,2,None,66,1,5,False,1,1
15272,147,weighted,10,0.4717356687898089,0,2,None,66,1,5,False,1,1
15273,148,weighted,10,0.4745222929936306,0,2,None,66,1,5,False,1,1
15274,149,weighted,10,0.4782046178343949,0,2,None,66,1,5,False,1,1
15275,145,weighted,10,0.5696656050955414,0,0,None,66,1,5,False,1,1
15276,146,weighted,10,0.5736464968152867,0,0,None,66,1,5,False,1,1
15277,147,weighted,10,0.5774283439490446,0,0,None,66,1,5,False,1,1
15278,148,weighted,10,0.5802149681528662,0,0,None,66,1,5,False,1,1
15279,149,weighted,10,0.5846934713375797,0,0,None,66,1,5,False,1,1
15280,145,weighted,10,0.5380175159235668,0,3,None,66,1,5,False,1,1
15281,146,weighted,10,0.5388136942675159,0,3,None,66,1,5,False,1,1
15282,147,weighted,10,0.5397093949044586,0,3,None,66,1,5,False,1,1
15283,148,weighted,10,0.5417993630573248,0,3,None,66,1,5,False,1,1
15284,149,weighted,10,0.5428941082802548,0,3,None,66,1,5,False,1,1
15285,145,weighted,10,0.4246616242038216,0,4,None,66,1,5,False,1,1
15286,146,weighted,10,0.4210788216560509,0,4,None,66,1,5,False,1,1
15287,147,weighted,10,0.422671178343949,0,4,None,66,1,5,False,1,1
15288,148,weighted,10,0.4239649681528662,0,4,None,66,1,5,False,1,1
15289,149,weighted,10,0.4257563694267516,0,4,None,66,1,5,False,1,1
15290,145,weighted,10,0.5896695859872612,0,5,None,66,1,5,False,1,1
15291,146,weighted,10,0.5892714968152867,0,5,None,66,1,5,False,1,1
15292,147,weighted,10,0.5924562101910829,0,5,None,66,1,5,False,1,1
15293,148,weighted,10,0.5942476114649682,0,5,None,66,1,5,False,1,1
15294,149,weighted,10,0.5953423566878981,0,5,None,66,1,5,False,1,1
15295,145,weighted,10,0.5775278662420382,0,7,None,66,1,5,False,1,1
15296,146,weighted,10,0.5807125796178344,0,7,None,66,1,5,False,1,1
15297,147,weighted,10,0.5818073248407644,0,7,None,66,1,5,False,1,1
15298,148,weighted,10,0.5832006369426752,0,7,None,66,1,5,False,1,1
15299,149,weighted,10,0.5842953821656051,0,7,None,66,1,5,False,1,1
15300,145,weighted,10,0.5344347133757962,0,9,None,66,1,5,False,1,1
15301,146,weighted,10,0.5390127388535032,0,9,None,66,1,5,False,1,1
15302,147,weighted,10,0.5427945859872612,0,9,None,66,1,5,False,1,1
15303,148,weighted,10,0.5465764331210191,0,9,None,66,1,5,False,1,1
15304,149,weighted,10,0.5505573248407644,0,9,None,66,1,5,False,1,1
15305,145,weighted,10,0.6030055732484076,0,10,None,66,1,5,False,1,1
15306,146,weighted,10,0.6039012738853503,0,10,None,66,1,5,False,1,1
15307,147,weighted,10,0.6056926751592356,0,10,None,66,1,5,False,1,1
15308,148,weighted,10,0.6094745222929936,0,10,None,66,1,5,False,1,1
15309,149,weighted,10,0.6122611464968153,0,10,None,66,1,5,False,1,1
15310,145,weighted,10,0.5532444267515924,0,11,None,66,1,5,False,1,1
15311,146,weighted,10,0.5867834394904459,0,11,None,66,1,5,False,1,1
15312,147,weighted,10,0.6075835987261147,0,11,None,66,1,5,False,1,1
15313,148,weighted,10,0.6173367834394905,0,11,None,66,1,5,False,1,1
15314,149,weighted,10,0.6249004777070064,0,11,None,66,1,5,False,1,1
15315,145,weighted,10,0.6107683121019108,0,12,None,66,1,5,False,1,1
15316,146,weighted,10,0.6167396496815286,0,12,None,66,1,5,False,1,1
15317,147,weighted,10,0.6203224522292994,0,12,None,66,1,5,False,1,1
15318,148,weighted,10,0.6244028662420382,0,12,None,66,1,5,False,1,1
15319,149,weighted,10,0.6286823248407644,0,12,None,66,1,5,False,1,1
15320,145,weighted,10,0.5418988853503185,0,15,None,66,1,5,False,1,1
15321,146,weighted,10,0.5429936305732485,0,15,None,66,1,5,False,1,1
15322,147,weighted,10,0.5447850318471338,0,15,None,66,1,5,False,1,1
15323,148,weighted,10,0.5460788216560509,0,15,None,66,1,5,False,1,1
15324,149,weighted,10,0.5475716560509554,0,15,None,66,1,5,False,1,1
15325,145,weighted,10,0.6032046178343949,0,17,None,66,1,5,False,1,1
15326,146,weighted,10,0.6056926751592356,0,17,None,66,1,5,False,1,1
15327,147,weighted,10,0.6083797770700637,0,17,None,66,1,5,False,1,1
15328,148,weighted,10,0.6107683121019108,0,17,None,66,1,5,False,1,1
15329,149,weighted,10,0.6130573248407644,0,17,None,66,1,5,False,1,1
15330,145,weighted,10,0.5230891719745223,0,18,None,66,1,5,False,1,1
15331,146,weighted,10,0.5367237261146497,0,18,None,66,1,5,False,1,1
15332,147,weighted,10,0.5470740445859873,0,18,None,66,1,5,False,1,1
15333,148,weighted,10,0.5627985668789809,0,18,None,66,1,5,False,1,1
15334,149,weighted,10,0.5940485668789809,0,18,None,66,1,5,False,1,1
15335,145,weighted,10,0.5364251592356688,0,20,None,66,1,5,False,1,1
15336,146,weighted,10,0.5425955414012739,0,20,None,66,1,5,False,1,1
15337,147,weighted,10,0.5492635350318471,0,20,None,66,1,5,False,1,1
15338,148,weighted,10,0.5522492038216561,0,20,None,66,1,5,False,1,1
15339,149,weighted,10,0.5550358280254777,0,20,None,66,1,5,False,1,1
15340,145,weighted,10,0.5090565286624203,0,28,None,66,1,5,False,1,1
15341,146,weighted,10,0.5028861464968153,0,28,None,66,1,5,False,1,1
15342,147,weighted,10,0.5046775477707006,0,28,None,66,1,5,False,1,1
15343,148,weighted,10,0.5107484076433121,0,28,None,66,1,5,False,1,1
15344,149,weighted,10,0.5206011146496815,0,28,None,66,1,5,False,1,1
15345,150,weighted,10,0.6033041401273885,0,1,None,66,1,5,False,1,1
15346,151,weighted,10,0.6196257961783439,0,1,None,66,1,5,False,1,1
15347,152,weighted,10,0.6300756369426752,0,1,None,66,1,5,False,1,1
15348,153,weighted,10,0.6421178343949044,0,1,None,66,1,5,False,1,1
15349,154,weighted,10,0.6436106687898089,0,1,None,66,1,5,False,1,1
15350,150,weighted,10,0.509156050955414,0,2,None,66,1,5,False,1,1
15351,151,weighted,10,0.48328025477707,0,2,None,66,1,5,False,1,1
15352,152,weighted,10,0.4838773885350318,0,2,None,66,1,5,False,1,1
15353,153,weighted,10,0.4867635350318471,0,2,None,66,1,5,False,1,1
15354,154,weighted,10,0.4896496815286624,0,2,None,66,1,5,False,1,1
15355,150,weighted,10,0.5102507961783439,0,23,None,66,1,5,False,1,1
15356,151,weighted,10,0.5155254777070064,0,23,None,66,1,5,False,1,1
15357,152,weighted,10,0.5181130573248408,0,23,None,66,1,5,False,1,1
15358,153,weighted,10,0.5222929936305732,0,23,None,66,1,5,False,1,1
15359,154,weighted,10,0.5258757961783439,0,23,None,66,1,5,False,1,1
15360,150,weighted,10,0.5386146496815286,0,28,None,66,1,5,False,1,1
15361,151,weighted,10,0.5535429936305732,0,28,None,66,1,5,False,1,1
15362,152,weighted,10,0.5644904458598726,0,28,None,66,1,5,False,1,1
15363,153,weighted,10,0.5734474522292994,0,28,None,66,1,5,False,1,1
15364,154,weighted,10,0.5813097133757962,0,28,None,66,1,5,False,1,1
15365,150,weighted,10,0.4786027070063694,0,29,None,66,1,5,False,1,1
15366,151,weighted,10,0.4620820063694267,0,29,None,66,1,5,False,1,1
15367,152,weighted,10,0.449343152866242,0,29,None,66,1,5,False,1,1
15368,153,weighted,10,0.4417794585987261,0,29,None,66,1,5,False,1,1
15369,154,weighted,10,0.4375,0,29,None,66,1,5,False,1,1
15370,150,weighted,10,0.5831011146496815,0,13,None,66,1,5,False,1,1
15371,151,weighted,10,0.5856886942675159,0,13,None,66,1,5,False,1,1
15372,152,weighted,10,0.5876791401273885,0,13,None,66,1,5,False,1,1
15373,153,weighted,10,0.5898686305732485,0,13,None,66,1,5,False,1,1
15374,154,weighted,10,0.59265525477707,0,13,None,66,1,5,False,1,1
15375,150,weighted,10,0.5586186305732485,0,15,None,66,1,5,False,1,1
15376,151,weighted,10,0.5586186305732485,0,15,None,66,1,5,False,1,1
15377,152,weighted,10,0.5600119426751592,0,15,None,66,1,5,False,1,1
15378,153,weighted,10,0.5620023885350318,0,15,None,66,1,5,False,1,1
15379,154,weighted,10,0.5642914012738853,0,15,None,66,1,5,False,1,1
15380,150,weighted,10,0.6183320063694268,0,10,None,66,1,5,False,1,1
15381,151,weighted,10,0.6221138535031847,0,10,None,66,1,5,False,1,1
15382,152,weighted,10,0.6249004777070064,0,10,None,66,1,5,False,1,1
15383,153,weighted,10,0.6278861464968153,0,10,None,66,1,5,False,1,1
15384,154,weighted,10,0.6304737261146497,0,10,None,66,1,5,False,1,1
15385,150,weighted,10,0.6221138535031847,0,11,None,66,1,5,False,1,1
15386,151,weighted,10,0.631468949044586,0,11,None,66,1,5,False,1,1
15387,152,weighted,10,0.6373407643312102,0,11,None,66,1,5,False,1,1
15388,153,weighted,10,0.6399283439490446,0,11,None,66,1,5,False,1,1
15389,154,weighted,10,0.6414211783439491,0,11,None,66,1,5,False,1,1
15390,150,weighted,10,0.5546377388535032,0,20,None,66,1,5,False,1,1
15391,151,weighted,10,0.5578224522292994,0,20,None,66,1,5,False,1,1
15392,152,weighted,10,0.5610071656050956,0,20,None,66,1,5,False,1,1
15393,153,weighted,10,0.5654856687898089,0,20,None,66,1,5,False,1,1
15394,154,weighted,10,0.5700636942675159,0,20,None,66,1,5,False,1,1
15395,150,weighted,10,0.4767117834394904,0,32,None,66,1,5,False,1,1
15396,151,weighted,10,0.4781050955414013,0,32,None,66,1,5,False,1,1
15397,152,weighted,10,0.4798964968152866,0,32,None,66,1,5,False,1,1
15398,153,weighted,10,0.4844745222929936,0,32,None,66,1,5,False,1,1
15399,154,weighted,10,0.488953025477707,0,32,None,66,1,5,False,1,1
15400,150,weighted,10,0.4450636942675159,0,4,None,66,1,5,False,1,1
15401,151,weighted,10,0.4429737261146497,0,4,None,66,1,5,False,1,1
15402,152,weighted,10,0.4432722929936306,0,4,None,66,1,5,False,1,1
15403,153,weighted,10,0.4459593949044586,0,4,None,66,1,5,False,1,1
15404,154,weighted,10,0.448546974522293,0,4,None,66,1,5,False,1,1
15405,150,weighted,10,0.5884753184713376,0,7,None,66,1,5,False,1,1
15406,151,weighted,10,0.591859076433121,0,7,None,66,1,5,False,1,1
15407,152,weighted,10,0.5942476114649682,0,7,None,66,1,5,False,1,1
15408,153,weighted,10,0.5955414012738853,0,7,None,66,1,5,False,1,1
15409,154,weighted,10,0.5966361464968153,0,7,None,66,1,5,False,1,1
15410,150,weighted,10,0.6464968152866242,0,16,None,66,1,5,False,1,1
15411,151,weighted,10,0.6494824840764332,0,16,None,66,1,5,False,1,1
15412,152,weighted,10,0.6527667197452229,0,16,None,66,1,5,False,1,1
15413,153,weighted,10,0.6553542993630573,0,16,None,66,1,5,False,1,1
15414,154,weighted,10,0.6580414012738853,0,16,None,66,1,5,False,1,1
15415,150,weighted,10,0.3633558917197452,0,14,None,66,1,5,False,1,1
15416,151,weighted,10,0.3539012738853503,0,14,None,66,1,5,False,1,1
15417,152,weighted,10,0.3566878980891719,0,14,None,66,1,5,False,1,1
15418,153,weighted,10,0.3586783439490446,0,14,None,66,1,5,False,1,1
15419,154,weighted,10,0.3595740445859872,0,14,None,66,1,5,False,1,1
15420,150,weighted,10,0.6363455414012739,0,22,None,66,1,5,False,1,1
15421,151,weighted,10,0.6382364649681529,0,22,None,66,1,5,False,1,1
15422,152,weighted,10,0.6391321656050956,0,22,None,66,1,5,False,1,1
15423,153,weighted,10,0.6405254777070064,0,22,None,66,1,5,False,1,1
15424,154,weighted,10,0.6403264331210191,0,22,None,66,1,5,False,1,1
15425,150,weighted,10,0.5518511146496815,0,9,None,66,1,5,False,1,1
15426,151,weighted,10,0.5551353503184714,0,9,None,66,1,5,False,1,1
15427,152,weighted,10,0.5576234076433121,0,9,None,66,1,5,False,1,1
15428,153,weighted,10,0.5594148089171974,0,9,None,66,1,5,False,1,1
15429,154,weighted,10,0.5617038216560509,0,9,None,66,1,5,False,1,1
15430,150,weighted,10,0.5162221337579618,0,25,None,66,1,5,False,1,1
15431,151,weighted,10,0.5179140127388535,0,25,None,66,1,5,False,1,1
15432,152,weighted,10,0.5206011146496815,0,25,None,66,1,5,False,1,1
15433,153,weighted,10,0.5249800955414012,0,25,None,66,1,5,False,1,1
15434,154,weighted,10,0.5272691082802548,0,25,None,66,1,5,False,1,1
15435,150,weighted,10,0.6133558917197452,0,17,None,66,1,5,False,1,1
15436,151,weighted,10,0.6160429936305732,0,17,None,66,1,5,False,1,1
15437,152,weighted,10,0.6173367834394905,0,17,None,66,1,5,False,1,1
15438,153,weighted,10,0.6186305732484076,0,17,None,66,1,5,False,1,1
15439,154,weighted,10,0.6198248407643312,0,17,None,66,1,5,False,1,1
15440,150,weighted,10,0.5630971337579618,0,21,None,66,1,5,False,1,1
15441,151,weighted,10,0.5593152866242038,0,21,None,66,1,5,False,1,1
15442,152,weighted,10,0.5617038216560509,0,21,None,66,1,5,False,1,1
15443,153,weighted,10,0.5648885350318471,0,21,None,66,1,5,False,1,1
15444,154,weighted,10,0.5675756369426752,0,21,None,66,1,5,False,1,1
15445,150,weighted,10,0.5998208598726115,0,5,None,66,1,5,False,1,1
15446,151,weighted,10,0.5996218152866242,0,5,None,66,1,5,False,1,1
15447,152,weighted,10,0.5990246815286624,0,5,None,66,1,5,False,1,1
15448,153,weighted,10,0.6005175159235668,0,5,None,66,1,5,False,1,1
15449,154,weighted,10,0.601015127388535,0,5,None,66,1,5,False,1,1
15450,150,weighted,10,0.4551154458598726,0,24,None,66,1,5,False,1,1
15451,151,weighted,10,0.4605891719745223,0,24,None,66,1,5,False,1,1
15452,152,weighted,10,0.4647691082802547,0,24,None,66,1,5,False,1,1
15453,153,weighted,10,0.4681528662420382,0,24,None,66,1,5,False,1,1
15454,154,weighted,10,0.4717356687898089,0,24,None,66,1,5,False,1,1
15455,150,weighted,10,0.6244028662420382,0,27,None,66,1,5,False,1,1
15456,151,weighted,10,0.627687101910828,0,27,None,66,1,5,False,1,1
15457,152,weighted,10,0.6323646496815286,0,27,None,66,1,5,False,1,1
15458,153,weighted,10,0.6358479299363057,0,27,None,66,1,5,False,1,1
15459,154,weighted,10,0.6384355095541401,0,27,None,66,1,5,False,1,1
15460,150,weighted,10,0.5947452229299363,0,30,None,66,1,5,False,1,1
15461,151,weighted,10,0.5982285031847133,0,30,None,66,1,5,False,1,1
15462,152,weighted,10,0.6023089171974523,0,30,None,66,1,5,False,1,1
15463,153,weighted,10,0.606687898089172,0,30,None,66,1,5,False,1,1
15464,154,weighted,10,0.6101711783439491,0,30,None,66,1,5,False,1,1
15465,150,weighted,10,0.5905652866242038,0,0,None,66,1,5,False,1,1
15466,151,weighted,10,0.5928542993630573,0,0,None,66,1,5,False,1,1
15467,152,weighted,10,0.5953423566878981,0,0,None,66,1,5,False,1,1
15468,153,weighted,10,0.5985270700636943,0,0,None,66,1,5,False,1,1
15469,154,weighted,10,0.6012141719745223,0,0,None,66,1,5,False,1,1
15470,150,weighted,10,0.5224920382165605,0,8,None,66,1,5,False,1,1
15471,151,weighted,10,0.522093949044586,0,8,None,66,1,5,False,1,1
15472,152,weighted,10,0.5237858280254777,0,8,None,66,1,5,False,1,1
15473,153,weighted,10,0.5248805732484076,0,8,None,66,1,5,False,1,1
15474,154,weighted,10,0.5267714968152867,0,8,None,66,1,5,False,1,1
15475,150,weighted,10,0.5486664012738853,0,3,None,66,1,5,False,1,1
15476,151,weighted,10,0.5488654458598726,0,3,None,66,1,5,False,1,1
15477,152,weighted,10,0.5502587579617835,0,3,None,66,1,5,False,1,1
15478,153,weighted,10,0.5522492038216561,0,3,None,66,1,5,False,1,1
15479,154,weighted,10,0.5535429936305732,0,3,None,66,1,5,False,1,1
15480,150,weighted,10,0.6105692675159236,0,18,None,66,1,5,False,1,1
15481,151,weighted,10,0.6194267515923567,0,18,None,66,1,5,False,1,1
15482,152,weighted,10,0.6263933121019108,0,18,None,66,1,5,False,1,1
15483,153,weighted,10,0.6330613057324841,0,18,None,66,1,5,False,1,1
15484,154,weighted,10,0.6377388535031847,0,18,None,66,1,5,False,1,1
15485,150,weighted,10,0.4791998407643312,0,19,None,66,1,5,False,1,1
15486,151,weighted,10,0.4754179936305732,0,19,None,66,1,5,False,1,1
15487,152,weighted,10,0.4749203821656051,0,19,None,66,1,5,False,1,1
15488,153,weighted,10,0.4756170382165605,0,19,None,66,1,5,False,1,1
15489,154,weighted,10,0.4774084394904458,0,19,None,66,1,5,False,1,1
15490,150,weighted,10,0.5502587579617835,0,31,None,66,1,5,False,1,1
15491,151,weighted,10,0.5576234076433121,0,31,None,66,1,5,False,1,1
15492,152,weighted,10,0.5620023885350318,0,31,None,66,1,5,False,1,1
15493,153,weighted,10,0.566281847133758,0,31,None,66,1,5,False,1,1
15494,154,weighted,10,0.5711584394904459,0,31,None,66,1,5,False,1,1
15495,150,weighted,10,0.5784235668789809,0,6,None,66,1,5,False,1,1
15496,151,weighted,10,0.5810111464968153,0,6,None,66,1,5,False,1,1
15497,152,weighted,10,0.5844944267515924,0,6,None,66,1,5,False,1,1
15498,153,weighted,10,0.5866839171974523,0,6,None,66,1,5,False,1,1
15499,154,weighted,10,0.5885748407643312,0,6,None,66,1,5,False,1,1
15500,150,weighted,10,0.6265923566878981,0,12,None,66,1,5,False,1,1
15501,151,weighted,10,0.6296775477707006,0,12,None,66,1,5,False,1,1
15502,152,weighted,10,0.6318670382165605,0,12,None,66,1,5,False,1,1
15503,153,weighted,10,0.6343550955414012,0,12,None,66,1,5,False,1,1
15504,154,weighted,10,0.6373407643312102,0,12,None,66,1,5,False,1,1
15505,150,weighted,10,0.5573248407643312,0,26,None,66,1,5,False,1,1
15506,151,weighted,10,0.5551353503184714,0,26,None,66,1,5,False,1,1
15507,152,weighted,10,0.554140127388535,0,26,None,66,1,5,False,1,1
15508,153,weighted,10,0.5517515923566879,0,26,None,66,1,5,False,1,1
15509,154,weighted,10,0.5499601910828026,0,26,None,66,1,5,False,1,1
15641,151,weighted,10,0.6495820063694268,0,16,None,66,1,5,False,1,1
15840,155,weighted,10,0.6156449044585988,0,1,None,66,1,5,False,1,1
15841,156,weighted,10,0.6310708598726115,0,1,None,66,1,5,False,1,1
15842,157,weighted,10,0.6411226114649682,0,1,None,66,1,5,False,1,1
15843,158,weighted,10,0.6515724522292994,0,1,None,66,1,5,False,1,1
15844,159,weighted,10,0.6523686305732485,0,1,None,66,1,5,False,1,1
15845,155,weighted,10,0.529359076433121,0,2,None,66,1,5,False,1,1
15846,156,weighted,10,0.5089570063694268,0,2,None,66,1,5,False,1,1
15847,157,weighted,10,0.4987062101910828,0,2,None,66,1,5,False,1,1
15848,158,weighted,10,0.498109076433121,0,2,None,66,1,5,False,1,1
15849,159,weighted,10,0.5025875796178344,0,2,None,66,1,5,False,1,1
15850,155,weighted,10,0.5740445859872612,0,15,None,66,1,5,False,1,1
15851,156,weighted,10,0.5741441082802548,0,15,None,66,1,5,False,1,1
15852,157,weighted,10,0.5744426751592356,0,15,None,66,1,5,False,1,1
15853,158,weighted,10,0.5759355095541401,0,15,None,66,1,5,False,1,1
15854,159,weighted,10,0.5765326433121019,0,15,None,66,1,5,False,1,1
15855,155,weighted,10,0.6339570063694268,0,10,None,66,1,5,False,1,1
15856,156,weighted,10,0.6334593949044586,0,10,None,66,1,5,False,1,1
15857,157,weighted,10,0.6344546178343949,0,10,None,66,1,5,False,1,1
15858,158,weighted,10,0.6357484076433121,0,10,None,66,1,5,False,1,1
15859,159,weighted,10,0.6378383757961783,0,10,None,66,1,5,False,1,1
15860,155,weighted,10,0.6593351910828026,0,16,None,66,1,5,False,1,1
15861,156,weighted,10,0.6622213375796179,0,16,None,66,1,5,False,1,1
15862,157,weighted,10,0.6645103503184714,0,16,None,66,1,5,False,1,1
15863,158,weighted,10,0.6660031847133758,0,16,None,66,1,5,False,1,1
15864,159,weighted,10,0.6675955414012739,0,16,None,66,1,5,False,1,1
15865,155,weighted,10,0.6410230891719745,0,11,None,66,1,5,False,1,1
15866,156,weighted,10,0.6445063694267515,0,11,None,66,1,5,False,1,1
15867,157,weighted,10,0.6466958598726115,0,11,None,66,1,5,False,1,1
15868,158,weighted,10,0.6486863057324841,0,11,None,66,1,5,False,1,1
15869,159,weighted,10,0.6491839171974523,0,11,None,66,1,5,False,1,1
15870,155,weighted,10,0.5351313694267515,0,8,None,66,1,5,False,1,1
15871,156,weighted,10,0.5302547770700637,0,8,None,66,1,5,False,1,1
15872,157,weighted,10,0.5314490445859873,0,8,None,66,1,5,False,1,1
15873,158,weighted,10,0.533140923566879,0,8,None,66,1,5,False,1,1
15874,159,weighted,10,0.5352308917197452,0,8,None,66,1,5,False,1,1
15875,155,weighted,10,0.5661823248407644,0,20,None,66,1,5,False,1,1
15876,156,weighted,10,0.5703622611464968,0,20,None,66,1,5,False,1,1
15877,157,weighted,10,0.5737460191082803,0,20,None,66,1,5,False,1,1
15878,158,weighted,10,0.5759355095541401,0,20,None,66,1,5,False,1,1
15879,159,weighted,10,0.5790207006369427,0,20,None,66,1,5,False,1,1
15880,155,weighted,10,0.6400278662420382,0,22,None,66,1,5,False,1,1
15881,156,weighted,10,0.6414211783439491,0,22,None,66,1,5,False,1,1
15882,157,weighted,10,0.6412221337579618,0,22,None,66,1,5,False,1,1
15883,158,weighted,10,0.6412221337579618,0,22,None,66,1,5,False,1,1
15884,159,weighted,10,0.6407245222929936,0,22,None,66,1,5,False,1,1
15885,155,weighted,10,0.3672372611464968,0,14,None,66,1,5,False,1,1
15886,156,weighted,10,0.3607683121019108,0,14,None,66,1,5,False,1,1
15887,157,weighted,10,0.3638535031847134,0,14,None,66,1,5,False,1,1
15888,158,weighted,10,0.3643511146496815,0,14,None,66,1,5,False,1,1
15889,159,weighted,10,0.3630573248407643,0,14,None,66,1,5,False,1,1
15890,155,weighted,10,0.5223925159235668,0,23,None,66,1,5,False,1,1
15891,156,weighted,10,0.5257762738853503,0,23,None,66,1,5,False,1,1
15892,157,weighted,10,0.5299562101910829,0,23,None,66,1,5,False,1,1
15893,158,weighted,10,0.5329418789808917,0,23,None,66,1,5,False,1,1
15894,159,weighted,10,0.5365246815286624,0,23,None,66,1,5,False,1,1
15895,155,weighted,10,0.6188296178343949,0,17,None,66,1,5,False,1,1
15896,156,weighted,10,0.6192277070063694,0,17,None,66,1,5,False,1,1
15897,157,weighted,10,0.6215167197452229,0,17,None,66,1,5,False,1,1
15898,158,weighted,10,0.6229100318471338,0,17,None,66,1,5,False,1,1
15899,159,weighted,10,0.6250995222929936,0,17,None,66,1,5,False,1,1
15900,155,weighted,10,0.5769307324840764,0,28,None,66,1,5,False,1,1
15901,156,weighted,10,0.5805135350318471,0,28,None,66,1,5,False,1,1
15902,157,weighted,10,0.5860867834394905,0,28,None,66,1,5,False,1,1
15903,158,weighted,10,0.5905652866242038,0,28,None,66,1,5,False,1,1
15904,159,weighted,10,0.5957404458598726,0,28,None,66,1,5,False,1,1
15905,155,weighted,10,0.4926353503184713,0,29,None,66,1,5,False,1,1
15906,156,weighted,10,0.4769108280254777,0,29,None,66,1,5,False,1,1
15907,157,weighted,10,0.4660628980891719,0,29,None,66,1,5,False,1,1
15908,158,weighted,10,0.456608280254777,0,29,None,66,1,5,False,1,1
15909,159,weighted,10,0.4499402866242038,0,29,None,66,1,5,False,1,1
15910,155,weighted,10,0.5595143312101911,0,9,None,66,1,5,False,1,1
15911,156,weighted,10,0.5619028662420382,0,9,None,66,1,5,False,1,1
15912,157,weighted,10,0.564390923566879,0,9,None,66,1,5,False,1,1
15913,158,weighted,10,0.5667794585987261,0,9,None,66,1,5,False,1,1
15914,159,weighted,10,0.5688694267515924,0,9,None,66,1,5,False,1,1
15915,155,weighted,10,0.6336584394904459,0,27,None,66,1,5,False,1,1
15916,156,weighted,10,0.6376393312101911,0,27,None,66,1,5,False,1,1
15917,157,weighted,10,0.640625,0,27,None,66,1,5,False,1,1
15918,158,weighted,10,0.6441082802547771,0,27,None,66,1,5,False,1,1
15919,159,weighted,10,0.6465963375796179,0,27,None,66,1,5,False,1,1
15920,155,weighted,10,0.6300756369426752,0,18,None,66,1,5,False,1,1
15921,156,weighted,10,0.6374402866242038,0,18,None,66,1,5,False,1,1
15922,157,weighted,10,0.642515923566879,0,18,None,66,1,5,False,1,1
15923,158,weighted,10,0.6473925159235668,0,18,None,66,1,5,False,1,1
15924,159,weighted,10,0.6518710191082803,0,18,None,66,1,5,False,1,1
15925,155,weighted,10,0.6114649681528662,0,30,None,66,1,5,False,1,1
15926,156,weighted,10,0.615047770700637,0,30,None,66,1,5,False,1,1
15927,157,weighted,10,0.6180334394904459,0,30,None,66,1,5,False,1,1
15928,158,weighted,10,0.6211186305732485,0,30,None,66,1,5,False,1,1
15929,159,weighted,10,0.6238057324840764,0,30,None,66,1,5,False,1,1
15930,155,weighted,10,0.5645899681528662,0,31,None,66,1,5,False,1,1
15931,156,weighted,10,0.5695660828025477,0,31,None,66,1,5,False,1,1
15932,157,weighted,10,0.5727507961783439,0,31,None,66,1,5,False,1,1
15933,158,weighted,10,0.5763335987261147,0,31,None,66,1,5,False,1,1
15934,159,weighted,10,0.5789211783439491,0,31,None,66,1,5,False,1,1
15935,155,weighted,10,0.5957404458598726,0,7,None,66,1,5,False,1,1
15936,156,weighted,10,0.597531847133758,0,7,None,66,1,5,False,1,1
15937,157,weighted,10,0.5981289808917197,0,7,None,66,1,5,False,1,1
15938,158,weighted,10,0.5998208598726115,0,7,None,66,1,5,False,1,1
15939,159,weighted,10,0.601015127388535,0,7,None,66,1,5,False,1,1
15940,155,weighted,10,0.4573049363057325,0,4,None,66,1,5,False,1,1
15941,156,weighted,10,0.458499203821656,0,4,None,66,1,5,False,1,1
15942,157,weighted,10,0.4611863057324841,0,4,None,66,1,5,False,1,1
15943,158,weighted,10,0.4634753184713376,0,4,None,66,1,5,False,1,1
15944,159,weighted,10,0.4689490445859872,0,4,None,66,1,5,False,1,1
15945,155,weighted,10,0.4915406050955414,0,32,None,66,1,5,False,1,1
15946,156,weighted,10,0.4921377388535032,0,32,None,66,1,5,False,1,1
15947,157,weighted,10,0.495421974522293,0,32,None,66,1,5,False,1,1
15948,158,weighted,10,0.4978105095541401,0,32,None,66,1,5,False,1,1
15949,159,weighted,10,0.5014928343949044,0,32,None,66,1,5,False,1,1
15950,155,weighted,10,0.609375,0,5,None,66,1,5,False,1,1
15951,156,weighted,10,0.6071855095541401,0,5,None,66,1,5,False,1,1
15952,157,weighted,10,0.6058917197452229,0,5,None,66,1,5,False,1,1
15953,158,weighted,10,0.6045979299363057,0,5,None,66,1,5,False,1,1
15954,159,weighted,10,0.6057921974522293,0,5,None,66,1,5,False,1,1
15955,155,weighted,10,0.556827229299363,0,3,None,66,1,5,False,1,1
15956,156,weighted,10,0.5573248407643312,0,3,None,66,1,5,False,1,1
15957,157,weighted,10,0.5582205414012739,0,3,None,66,1,5,False,1,1
15958,158,weighted,10,0.5609076433121019,0,3,None,66,1,5,False,1,1
15959,159,weighted,10,0.5618033439490446,0,3,None,66,1,5,False,1,1
15960,155,weighted,10,0.5883757961783439,0,6,None,66,1,5,False,1,1
15961,156,weighted,10,0.5907643312101911,0,6,None,66,1,5,False,1,1
15962,157,weighted,10,0.5923566878980892,0,6,None,66,1,5,False,1,1
15963,158,weighted,10,0.5950437898089171,0,6,None,66,1,5,False,1,1
15964,159,weighted,10,0.596437101910828,0,6,None,66,1,5,False,1,1
15965,155,weighted,10,0.6342555732484076,0,12,None,66,1,5,False,1,1
15966,156,weighted,10,0.6384355095541401,0,12,None,66,1,5,False,1,1
15967,157,weighted,10,0.6400278662420382,0,12,None,66,1,5,False,1,1
15968,158,weighted,10,0.6419187898089171,0,12,None,66,1,5,False,1,1
15969,159,weighted,10,0.6441082802547771,0,12,None,66,1,5,False,1,1
15970,155,weighted,10,0.5993232484076433,0,13,None,66,1,5,False,1,1
15971,156,weighted,10,0.6017117834394905,0,13,None,66,1,5,False,1,1
15972,157,weighted,10,0.6045979299363057,0,13,None,66,1,5,False,1,1
15973,158,weighted,10,0.6088773885350318,0,13,None,66,1,5,False,1,1
15974,159,weighted,10,0.6118630573248408,0,13,None,66,1,5,False,1,1
15975,155,weighted,10,0.5549363057324841,0,25,None,66,1,5,False,1,1
15976,156,weighted,10,0.5304538216560509,0,25,None,66,1,5,False,1,1
15977,157,weighted,10,0.5345342356687898,0,25,None,66,1,5,False,1,1
15978,158,weighted,10,0.538515127388535,0,25,None,66,1,5,False,1,1
15979,159,weighted,10,0.544187898089172,0,25,None,66,1,5,False,1,1
15980,155,weighted,10,0.5604100318471338,0,26,None,66,1,5,False,1,1
15981,156,weighted,10,0.5577229299363057,0,26,None,66,1,5,False,1,1
15982,157,weighted,10,0.5566281847133758,0,26,None,66,1,5,False,1,1
15983,158,weighted,10,0.555234872611465,0,26,None,66,1,5,False,1,1
15984,159,weighted,10,0.5537420382165605,0,26,None,66,1,5,False,1,1
15985,155,weighted,10,0.4976114649681528,0,19,None,66,1,5,False,1,1
15986,156,weighted,10,0.4947253184713376,0,19,None,66,1,5,False,1,1
15987,157,weighted,10,0.495421974522293,0,19,None,66,1,5,False,1,1
15988,158,weighted,10,0.4960191082802547,0,19,None,66,1,5,False,1,1
15989,159,weighted,10,0.4983081210191082,0,19,None,66,1,5,False,1,1
15990,155,weighted,10,0.6057921974522293,0,0,None,66,1,5,False,1,1
15991,156,weighted,10,0.6065883757961783,0,0,None,66,1,5,False,1,1
15992,157,weighted,10,0.6087778662420382,0,0,None,66,1,5,False,1,1
15993,158,weighted,10,0.6109673566878981,0,0,None,66,1,5,False,1,1
15994,159,weighted,10,0.6113654458598726,0,0,None,66,1,5,False,1,1
15995,155,weighted,10,0.5769307324840764,0,21,None,66,1,5,False,1,1
15996,156,weighted,10,0.5736464968152867,0,21,None,66,1,5,False,1,1
15997,157,weighted,10,0.5772292993630573,0,21,None,66,1,5,False,1,1
15998,158,weighted,10,0.5791202229299363,0,21,None,66,1,5,False,1,1
15999,159,weighted,10,0.5818073248407644,0,21,None,66,1,5,False,1,1
16000,155,weighted,10,0.4652667197452229,0,24,None,66,1,5,False,1,1
16001,156,weighted,10,0.4704418789808917,0,24,None,66,1,5,False,1,1
16002,157,weighted,10,0.4728304140127388,0,24,None,66,1,5,False,1,1
16003,158,weighted,10,0.477109872611465,0,24,None,66,1,5,False,1,1
16004,159,weighted,10,0.4829816878980891,0,24,None,66,1,5,False,1,1
16005,160,weighted,10,0.6138535031847133,0,13,None,66,1,5,False,1,1
16006,161,weighted,10,0.6184315286624203,0,13,None,66,1,5,False,1,1
16007,162,weighted,10,0.6224124203821656,0,13,None,66,1,5,False,1,1
16008,163,weighted,10,0.6269904458598726,0,13,None,66,1,5,False,1,1
16009,164,weighted,10,0.6286823248407644,0,13,None,66,1,5,False,1,1
16010,160,weighted,10,0.5828025477707006,0,25,None,66,1,5,False,1,1
16011,161,weighted,10,0.5648885350318471,0,25,None,66,1,5,False,1,1
16012,162,weighted,10,0.5573248407643312,0,25,None,66,1,5,False,1,1
16013,163,weighted,10,0.5605095541401274,0,25,None,66,1,5,False,1,1
16014,164,weighted,10,0.5644904458598726,0,25,None,66,1,5,False,1,1
16015,160,weighted,10,0.5626990445859873,0,26,None,66,1,5,False,1,1
16016,161,weighted,10,0.5611066878980892,0,26,None,66,1,5,False,1,1
16017,162,weighted,10,0.559812898089172,0,26,None,66,1,5,False,1,1
16018,163,weighted,10,0.5595143312101911,0,26,None,66,1,5,False,1,1
16019,164,weighted,10,0.5580214968152867,0,26,None,66,1,5,False,1,1
16020,160,weighted,10,0.6681926751592356,0,16,None,66,1,5,False,1,1
16021,161,weighted,10,0.6697850318471338,0,16,None,66,1,5,False,1,1
16022,162,weighted,10,0.6717754777070064,0,16,None,66,1,5,False,1,1
16023,163,weighted,10,0.6734673566878981,0,16,None,66,1,5,False,1,1
16024,164,weighted,10,0.6754578025477707,0,16,None,66,1,5,False,1,1
16025,160,weighted,10,0.6286823248407644,0,1,None,66,1,5,False,1,1
16026,161,weighted,10,0.6423168789808917,0,1,None,66,1,5,False,1,1
16027,162,weighted,10,0.649781050955414,0,1,None,66,1,5,False,1,1
16028,163,weighted,10,0.6607285031847133,0,1,None,66,1,5,False,1,1
16029,164,weighted,10,0.6631170382165605,0,1,None,66,1,5,False,1,1
16030,160,weighted,10,0.5452826433121019,0,2,None,66,1,5,False,1,1
16031,161,weighted,10,0.5302547770700637,0,2,None,66,1,5,False,1,1
16032,162,weighted,10,0.5206011146496815,0,2,None,66,1,5,False,1,1
16033,163,weighted,10,0.517515923566879,0,2,None,66,1,5,False,1,1
16034,164,weighted,10,0.5155254777070064,0,2,None,66,1,5,False,1,1
16035,160,weighted,10,0.6007165605095541,0,7,None,66,1,5,False,1,1
16036,161,weighted,10,0.6028065286624203,0,7,None,66,1,5,False,1,1
16037,162,weighted,10,0.6043988853503185,0,7,None,66,1,5,False,1,1
16038,163,weighted,10,0.6067874203821656,0,7,None,66,1,5,False,1,1
16039,164,weighted,10,0.6091759554140127,0,7,None,66,1,5,False,1,1
16040,160,weighted,10,0.6421178343949044,0,12,None,66,1,5,False,1,1
16041,161,weighted,10,0.6447054140127388,0,12,None,66,1,5,False,1,1
16042,162,weighted,10,0.6468949044585988,0,12,None,66,1,5,False,1,1
16043,163,weighted,10,0.6488853503184714,0,12,None,66,1,5,False,1,1
16044,164,weighted,10,0.6503781847133758,0,12,None,66,1,5,False,1,1
16045,160,weighted,10,0.5844944267515924,0,15,None,66,1,5,False,1,1
16046,161,weighted,10,0.5843949044585988,0,15,None,66,1,5,False,1,1
16047,162,weighted,10,0.584593949044586,0,15,None,66,1,5,False,1,1
16048,163,weighted,10,0.5859872611464968,0,15,None,66,1,5,False,1,1
16049,164,weighted,10,0.5870820063694268,0,15,None,66,1,5,False,1,1
16050,160,weighted,10,0.5780254777070064,0,20,None,66,1,5,False,1,1
16051,161,weighted,10,0.5811106687898089,0,20,None,66,1,5,False,1,1
16052,162,weighted,10,0.5847929936305732,0,20,None,66,1,5,False,1,1
16053,163,weighted,10,0.5868829617834395,0,20,None,66,1,5,False,1,1
16054,164,weighted,10,0.5892714968152867,0,20,None,66,1,5,False,1,1
16055,160,weighted,10,0.6405254777070064,0,10,None,66,1,5,False,1,1
16056,161,weighted,10,0.6401273885350318,0,10,None,66,1,5,False,1,1
16057,162,weighted,10,0.6418192675159236,0,10,None,66,1,5,False,1,1
16058,163,weighted,10,0.6423168789808917,0,10,None,66,1,5,False,1,1
16059,164,weighted,10,0.6450039808917197,0,10,None,66,1,5,False,1,1
16060,160,weighted,10,0.5036823248407644,0,32,None,66,1,5,False,1,1
16061,161,weighted,10,0.5023885350318471,0,32,None,66,1,5,False,1,1
16062,162,weighted,10,0.5048765923566879,0,32,None,66,1,5,False,1,1
16063,163,weighted,10,0.5062699044585988,0,32,None,66,1,5,False,1,1
16064,164,weighted,10,0.5087579617834395,0,32,None,66,1,5,False,1,1
16065,160,weighted,10,0.6148487261146497,0,5,None,66,1,5,False,1,1
16066,161,weighted,10,0.6116640127388535,0,5,None,66,1,5,False,1,1
16067,162,weighted,10,0.6115644904458599,0,5,None,66,1,5,False,1,1
16068,163,weighted,10,0.6117635350318471,0,5,None,66,1,5,False,1,1
16069,164,weighted,10,0.6110668789808917,0,5,None,66,1,5,False,1,1
16070,160,weighted,10,0.5336385350318471,0,23,None,66,1,5,False,1,1
16071,161,weighted,10,0.5380175159235668,0,23,None,66,1,5,False,1,1
16072,162,weighted,10,0.5416998407643312,0,23,None,66,1,5,False,1,1
16073,163,weighted,10,0.5434912420382165,0,23,None,66,1,5,False,1,1
16074,164,weighted,10,0.5451831210191083,0,23,None,66,1,5,False,1,1
16075,160,weighted,10,0.6273885350318471,0,30,None,66,1,5,False,1,1
16076,161,weighted,10,0.6294785031847133,0,30,None,66,1,5,False,1,1
16077,162,weighted,10,0.6310708598726115,0,30,None,66,1,5,False,1,1
16078,163,weighted,10,0.6334593949044586,0,30,None,66,1,5,False,1,1
16079,164,weighted,10,0.6361464968152867,0,30,None,66,1,5,False,1,1
16080,160,weighted,10,0.5752388535031847,0,31,None,66,1,5,False,1,1
16081,161,weighted,10,0.5796178343949044,0,31,None,66,1,5,False,1,1
16082,162,weighted,10,0.5817078025477707,0,31,None,66,1,5,False,1,1
16083,163,weighted,10,0.5856886942675159,0,31,None,66,1,5,False,1,1
16084,164,weighted,10,0.5876791401273885,0,31,None,66,1,5,False,1,1
16085,160,weighted,10,0.5917595541401274,0,28,None,66,1,5,False,1,1
16086,161,weighted,10,0.5946457006369427,0,28,None,66,1,5,False,1,1
16087,162,weighted,10,0.5987261146496815,0,28,None,66,1,5,False,1,1
16088,163,weighted,10,0.6020103503184714,0,28,None,66,1,5,False,1,1
16089,164,weighted,10,0.6056926751592356,0,28,None,66,1,5,False,1,1
16090,160,weighted,10,0.5029856687898089,0,29,None,66,1,5,False,1,1
16091,161,weighted,10,0.4879578025477707,0,29,None,66,1,5,False,1,1
16092,162,weighted,10,0.4798964968152866,0,29,None,66,1,5,False,1,1
16093,163,weighted,10,0.4727308917197452,0,29,None,66,1,5,False,1,1
16094,164,weighted,10,0.4645700636942675,0,29,None,66,1,5,False,1,1
16095,160,weighted,10,0.6141520700636943,0,0,None,66,1,5,False,1,1
16096,161,weighted,10,0.6148487261146497,0,0,None,66,1,5,False,1,1
16097,162,weighted,10,0.6160429936305732,0,0,None,66,1,5,False,1,1
16098,163,weighted,10,0.616640127388535,0,0,None,66,1,5,False,1,1
16099,164,weighted,10,0.6183320063694268,0,0,None,66,1,5,False,1,1
16100,160,weighted,10,0.6523686305732485,0,11,None,66,1,5,False,1,1
16101,161,weighted,10,0.6540605095541401,0,11,None,66,1,5,False,1,1
16102,162,weighted,10,0.6558519108280255,0,11,None,66,1,5,False,1,1
16103,163,weighted,10,0.6575437898089171,0,11,None,66,1,5,False,1,1
16104,164,weighted,10,0.6582404458598726,0,11,None,66,1,5,False,1,1
16105,160,weighted,10,0.5663813694267515,0,3,None,66,1,5,False,1,1
16106,161,weighted,10,0.5653861464968153,0,3,None,66,1,5,False,1,1
16107,162,weighted,10,0.5656847133757962,0,3,None,66,1,5,False,1,1
16108,163,weighted,10,0.5664808917197452,0,3,None,66,1,5,False,1,1
16109,164,weighted,10,0.568172770700637,0,3,None,66,1,5,False,1,1
16110,160,weighted,10,0.4702428343949044,0,4,None,66,1,5,False,1,1
16111,161,weighted,10,0.4704418789808917,0,4,None,66,1,5,False,1,1
16112,162,weighted,10,0.4739251592356688,0,4,None,66,1,5,False,1,1
16113,163,weighted,10,0.4784036624203822,0,4,None,66,1,5,False,1,1
16114,164,weighted,10,0.4822850318471338,0,4,None,66,1,5,False,1,1
16115,160,weighted,10,0.5680732484076433,0,9,None,66,1,5,False,1,1
16116,161,weighted,10,0.5714570063694268,0,9,None,66,1,5,False,1,1
16117,162,weighted,10,0.5736464968152867,0,9,None,66,1,5,False,1,1
16118,163,weighted,10,0.5755374203821656,0,9,None,66,1,5,False,1,1
16119,164,weighted,10,0.5777269108280255,0,9,None,66,1,5,False,1,1
16120,160,weighted,10,0.5961385350318471,0,6,None,66,1,5,False,1,1
16121,161,weighted,10,0.5980294585987261,0,6,None,66,1,5,False,1,1
16122,162,weighted,10,0.5989251592356688,0,6,None,66,1,5,False,1,1
16123,163,weighted,10,0.6006170382165605,0,6,None,66,1,5,False,1,1
16124,164,weighted,10,0.6017117834394905,0,6,None,66,1,5,False,1,1
16125,160,weighted,10,0.6405254777070064,0,22,None,66,1,5,False,1,1
16126,161,weighted,10,0.6423168789808917,0,22,None,66,1,5,False,1,1
16127,162,weighted,10,0.6427149681528662,0,22,None,66,1,5,False,1,1
16128,163,weighted,10,0.6431130573248408,0,22,None,66,1,5,False,1,1
16129,164,weighted,10,0.6431130573248408,0,22,None,66,1,5,False,1,1
16130,160,weighted,10,0.3729100318471338,0,14,None,66,1,5,False,1,1
16131,161,weighted,10,0.3682324840764331,0,14,None,66,1,5,False,1,1
16132,162,weighted,10,0.3715167197452229,0,14,None,66,1,5,False,1,1
16133,163,weighted,10,0.3688296178343949,0,14,None,66,1,5,False,1,1
16134,164,weighted,10,0.3687300955414013,0,14,None,66,1,5,False,1,1
16135,160,weighted,10,0.546875,0,8,None,66,1,5,False,1,1
16136,161,weighted,10,0.535828025477707,0,8,None,66,1,5,False,1,1
16137,162,weighted,10,0.5374203821656051,0,8,None,66,1,5,False,1,1
16138,163,weighted,10,0.5390127388535032,0,8,None,66,1,5,False,1,1
16139,164,weighted,10,0.5415007961783439,0,8,None,66,1,5,False,1,1
16140,160,weighted,10,0.6435111464968153,0,18,None,66,1,5,False,1,1
16141,161,weighted,10,0.6485867834394905,0,18,None,66,1,5,False,1,1
16142,162,weighted,10,0.6545581210191083,0,18,None,66,1,5,False,1,1
16143,163,weighted,10,0.6586385350318471,0,18,None,66,1,5,False,1,1
16144,164,weighted,10,0.6618232484076433,0,18,None,66,1,5,False,1,1
16145,160,weighted,10,0.5097531847133758,0,19,None,66,1,5,False,1,1
16146,161,weighted,10,0.508359872611465,0,19,None,66,1,5,False,1,1
16147,162,weighted,10,0.5094546178343949,0,19,None,66,1,5,False,1,1
16148,163,weighted,10,0.5119426751592356,0,19,None,66,1,5,False,1,1
16149,164,weighted,10,0.5162221337579618,0,19,None,66,1,5,False,1,1
16150,165,weighted,10,0.5704617834394905,0,26,None,66,1,5,False,1,1
16151,166,weighted,10,0.5677746815286624,0,26,None,66,1,5,False,1,1
16152,167,weighted,10,0.5659832802547771,0,26,None,66,1,5,False,1,1
16153,168,weighted,10,0.5645899681528662,0,26,None,66,1,5,False,1,1
16154,169,weighted,10,0.5634952229299363,0,26,None,66,1,5,False,1,1
16155,165,weighted,10,0.6081807324840764,0,25,None,66,1,5,False,1,1
16156,166,weighted,10,0.59375,0,25,None,66,1,5,False,1,1
16157,167,weighted,10,0.586484872611465,0,25,None,66,1,5,False,1,1
16158,168,weighted,10,0.5760350318471338,0,25,None,66,1,5,False,1,1
16159,169,weighted,10,0.5790207006369427,0,25,None,66,1,5,False,1,1
16160,160,weighted,10,0.6227109872611465,0,17,None,66,1,5,False,1,1
16161,161,weighted,10,0.6253980891719745,0,17,None,66,1,5,False,1,1
16162,162,weighted,10,0.6271894904458599,0,17,None,66,1,5,False,1,1
16163,163,weighted,10,0.6289808917197452,0,17,None,66,1,5,False,1,1
16164,164,weighted,10,0.6301751592356688,0,17,None,66,1,5,False,1,1
16165,160,weighted,10,0.5905652866242038,0,21,None,66,1,5,False,1,1
16166,161,weighted,10,0.5875796178343949,0,21,None,66,1,5,False,1,1
16167,162,weighted,10,0.5903662420382165,0,21,None,66,1,5,False,1,1
16168,163,weighted,10,0.5917595541401274,0,21,None,66,1,5,False,1,1
16169,164,weighted,10,0.5935509554140127,0,21,None,66,1,5,False,1,1
16170,160,weighted,10,0.4724323248407643,0,24,None,66,1,5,False,1,1
16171,161,weighted,10,0.4765127388535032,0,24,None,66,1,5,False,1,1
16172,162,weighted,10,0.4822850318471338,0,24,None,66,1,5,False,1,1
16173,163,weighted,10,0.4893511146496815,0,24,None,66,1,5,False,1,1
16174,164,weighted,10,0.4961186305732484,0,24,None,66,1,5,False,1,1
16175,160,weighted,10,0.643312101910828,0,27,None,66,1,5,False,1,1
16176,161,weighted,10,0.6458996815286624,0,27,None,66,1,5,False,1,1
16177,162,weighted,10,0.6499800955414012,0,27,None,66,1,5,False,1,1
16178,163,weighted,10,0.6522691082802548,0,27,None,66,1,5,False,1,1
16179,164,weighted,10,0.6561504777070064,0,27,None,66,1,5,False,1,1
16180,165,weighted,10,0.674562101910828,0,16,None,66,1,5,False,1,1
16181,166,weighted,10,0.676453025477707,0,16,None,66,1,5,False,1,1
16182,167,weighted,10,0.6787420382165605,0,16,None,66,1,5,False,1,1
16183,168,weighted,10,0.6801353503184714,0,16,None,66,1,5,False,1,1
16184,169,weighted,10,0.6806329617834395,0,16,None,66,1,5,False,1,1
16185,165,weighted,10,0.5075636942675159,0,32,None,66,1,5,False,1,1
16186,166,weighted,10,0.5086584394904459,0,32,None,66,1,5,False,1,1
16187,167,weighted,10,0.5102507961783439,0,32,None,66,1,5,False,1,1
16188,168,weighted,10,0.5119426751592356,0,32,None,66,1,5,False,1,1
16189,169,weighted,10,0.5141321656050956,0,32,None,66,1,5,False,1,1
16190,165,weighted,10,0.6479896496815286,0,10,None,66,1,5,False,1,1
16191,166,weighted,10,0.6465963375796179,0,10,None,66,1,5,False,1,1
16192,167,weighted,10,0.6481886942675159,0,10,None,66,1,5,False,1,1
16193,168,weighted,10,0.6483877388535032,0,10,None,66,1,5,False,1,1
16194,169,weighted,10,0.6498805732484076,0,10,None,66,1,5,False,1,1
16195,165,weighted,10,0.6083797770700637,0,7,None,66,1,5,False,1,1
16196,166,weighted,10,0.6113654458598726,0,7,None,66,1,5,False,1,1
16197,167,weighted,10,0.613156847133758,0,7,None,66,1,5,False,1,1
16198,168,weighted,10,0.6161425159235668,0,7,None,66,1,5,False,1,1
16199,169,weighted,10,0.6191281847133758,0,7,None,66,1,5,False,1,1
16200,165,weighted,10,0.5939490445859873,0,15,None,66,1,5,False,1,1
16201,166,weighted,10,0.5932523885350318,0,15,None,66,1,5,False,1,1
16202,167,weighted,10,0.5933519108280255,0,15,None,66,1,5,False,1,1
16203,168,weighted,10,0.5932523885350318,0,15,None,66,1,5,False,1,1
16204,169,weighted,10,0.5944466560509554,0,15,None,66,1,5,False,1,1
16205,165,weighted,10,0.6503781847133758,0,12,None,66,1,5,False,1,1
16206,166,weighted,10,0.6519705414012739,0,12,None,66,1,5,False,1,1
16207,167,weighted,10,0.6530652866242038,0,12,None,66,1,5,False,1,1
16208,168,weighted,10,0.6537619426751592,0,12,None,66,1,5,False,1,1
16209,169,weighted,10,0.6558519108280255,0,12,None,66,1,5,False,1,1
16210,165,weighted,10,0.5890724522292994,0,20,None,66,1,5,False,1,1
16211,166,weighted,10,0.589968152866242,0,20,None,66,1,5,False,1,1
16212,167,weighted,10,0.5927547770700637,0,20,None,66,1,5,False,1,1
16213,168,weighted,10,0.5947452229299363,0,20,None,66,1,5,False,1,1
16214,169,weighted,10,0.5970342356687898,0,20,None,66,1,5,False,1,1
16215,165,weighted,10,0.6620222929936306,0,11,None,66,1,5,False,1,1
16216,166,weighted,10,0.6637141719745223,0,11,None,66,1,5,False,1,1
16217,167,weighted,10,0.6637141719745223,0,11,None,66,1,5,False,1,1
16218,168,weighted,10,0.6643113057324841,0,11,None,66,1,5,False,1,1
16219,169,weighted,10,0.6645103503184714,0,11,None,66,1,5,False,1,1
16220,165,weighted,10,0.6289808917197452,0,17,None,66,1,5,False,1,1
16221,166,weighted,10,0.6315684713375797,0,17,None,66,1,5,False,1,1
16222,167,weighted,10,0.6330613057324841,0,17,None,66,1,5,False,1,1
16223,168,weighted,10,0.6346536624203821,0,17,None,66,1,5,False,1,1
16224,169,weighted,10,0.6363455414012739,0,17,None,66,1,5,False,1,1
16225,165,weighted,10,0.6358479299363057,0,1,None,66,1,5,False,1,1
16226,166,weighted,10,0.6515724522292994,0,1,None,66,1,5,False,1,1
16227,167,weighted,10,0.658937101910828,0,1,None,66,1,5,False,1,1
16228,168,weighted,10,0.6659036624203821,0,1,None,66,1,5,False,1,1
16229,169,weighted,10,0.6697850318471338,0,1,None,66,1,5,False,1,1
16230,165,weighted,10,0.5575238853503185,0,2,None,66,1,5,False,1,1
16231,166,weighted,10,0.5450835987261147,0,2,None,66,1,5,False,1,1
16232,167,weighted,10,0.5362261146496815,0,2,None,66,1,5,False,1,1
16233,168,weighted,10,0.529359076433121,0,2,None,66,1,5,False,1,1
16234,169,weighted,10,0.5268710191082803,0,2,None,66,1,5,False,1,1
16235,165,weighted,10,0.620421974522293,0,5,None,66,1,5,False,1,1
16236,166,weighted,10,0.6181329617834395,0,5,None,66,1,5,False,1,1
16237,167,weighted,10,0.6178343949044586,0,5,None,66,1,5,False,1,1
16238,168,weighted,10,0.6160429936305732,0,5,None,66,1,5,False,1,1
16239,169,weighted,10,0.6154458598726115,0,5,None,66,1,5,False,1,1
16240,165,weighted,10,0.4829816878980891,0,4,None,66,1,5,False,1,1
16241,166,weighted,10,0.4801950636942675,0,4,None,66,1,5,False,1,1
16242,167,weighted,10,0.4830812101910828,0,4,None,66,1,5,False,1,1
16243,168,weighted,10,0.4881568471337579,0,4,None,66,1,5,False,1,1
16244,169,weighted,10,0.4938296178343949,0,4,None,66,1,5,False,1,1
16245,165,weighted,10,0.5562300955414012,0,8,None,66,1,5,False,1,1
16246,166,weighted,10,0.5421974522292994,0,8,None,66,1,5,False,1,1
16247,167,weighted,10,0.544187898089172,0,8,None,66,1,5,False,1,1
16248,168,weighted,10,0.5451831210191083,0,8,None,66,1,5,False,1,1
16249,169,weighted,10,0.54578025477707,0,8,None,66,1,5,False,1,1
16250,165,weighted,10,0.6330613057324841,0,13,None,66,1,5,False,1,1
16251,166,weighted,10,0.636046974522293,0,13,None,66,1,5,False,1,1
16252,167,weighted,10,0.6386345541401274,0,13,None,66,1,5,False,1,1
16253,168,weighted,10,0.6415207006369427,0,13,None,66,1,5,False,1,1
16254,169,weighted,10,0.6447054140127388,0,13,None,66,1,5,False,1,1
16255,165,weighted,10,0.5424960191082803,0,23,None,66,1,5,False,1,1
16256,166,weighted,10,0.5484673566878981,0,23,None,66,1,5,False,1,1
16257,167,weighted,10,0.5499601910828026,0,23,None,66,1,5,False,1,1
16258,168,weighted,10,0.5520501592356688,0,23,None,66,1,5,False,1,1
16259,169,weighted,10,0.553343949044586,0,23,None,66,1,5,False,1,1
16260,165,weighted,10,0.5114450636942676,0,29,None,66,1,5,False,1,1
16261,166,weighted,10,0.4997014331210191,0,29,None,66,1,5,False,1,1
16262,167,weighted,10,0.4898487261146497,0,29,None,66,1,5,False,1,1
16263,168,weighted,10,0.4841759554140127,0,29,None,66,1,5,False,1,1
16264,169,weighted,10,0.4795979299363057,0,29,None,66,1,5,False,1,1
16265,165,weighted,10,0.5180135350318471,0,19,None,66,1,5,False,1,1
16266,166,weighted,10,0.5172173566878981,0,19,None,66,1,5,False,1,1
16267,167,weighted,10,0.5209992038216561,0,19,None,66,1,5,False,1,1
16268,168,weighted,10,0.5268710191082803,0,19,None,66,1,5,False,1,1
16269,169,weighted,10,0.5304538216560509,0,19,None,66,1,5,False,1,1
16270,165,weighted,10,0.6030055732484076,0,21,None,66,1,5,False,1,1
16271,166,weighted,10,0.5997213375796179,0,21,None,66,1,5,False,1,1
16272,167,weighted,10,0.6009156050955414,0,21,None,66,1,5,False,1,1
16273,168,weighted,10,0.6041003184713376,0,21,None,66,1,5,False,1,1
16274,169,weighted,10,0.6068869426751592,0,21,None,66,1,5,False,1,1
16275,165,weighted,10,0.4819864649681528,0,24,None,66,1,5,False,1,1
16276,166,weighted,10,0.4857683121019108,0,24,None,66,1,5,False,1,1
16277,167,weighted,10,0.4923367834394904,0,24,None,66,1,5,False,1,1
16278,168,weighted,10,0.5006966560509554,0,24,None,66,1,5,False,1,1
16279,169,weighted,10,0.5096536624203821,0,24,None,66,1,5,False,1,1
16280,165,weighted,10,0.6409235668789809,0,30,None,66,1,5,False,1,1
16281,166,weighted,10,0.6434116242038217,0,30,None,66,1,5,False,1,1
16282,167,weighted,10,0.6453025477707006,0,30,None,66,1,5,False,1,1
16283,168,weighted,10,0.6468949044585988,0,30,None,66,1,5,False,1,1
16284,169,weighted,10,0.6500796178343949,0,30,None,66,1,5,False,1,1
16285,165,weighted,10,0.6199243630573248,0,0,None,66,1,5,False,1,1
16286,166,weighted,10,0.6195262738853503,0,0,None,66,1,5,False,1,1
16287,167,weighted,10,0.6208200636942676,0,0,None,66,1,5,False,1,1
16288,168,weighted,10,0.6227109872611465,0,0,None,66,1,5,False,1,1
16289,169,weighted,10,0.6235071656050956,0,0,None,66,1,5,False,1,1
16290,165,weighted,10,0.5727507961783439,0,3,None,66,1,5,False,1,1
16291,166,weighted,10,0.5720541401273885,0,3,None,66,1,5,False,1,1
16292,167,weighted,10,0.5731488853503185,0,3,None,66,1,5,False,1,1
16293,168,weighted,10,0.5747412420382165,0,3,None,66,1,5,False,1,1
16294,169,weighted,10,0.5757364649681529,0,3,None,66,1,5,False,1,1
16295,165,weighted,10,0.6013136942675159,0,28,None,66,1,5,False,1,1
16296,166,weighted,10,0.6041998407643312,0,28,None,66,1,5,False,1,1
16297,167,weighted,10,0.605593152866242,0,28,None,66,1,5,False,1,1
16298,168,weighted,10,0.6080812101910829,0,28,None,66,1,5,False,1,1
16299,169,weighted,10,0.6122611464968153,0,28,None,66,1,5,False,1,1
16300,165,weighted,10,0.5784235668789809,0,9,None,66,1,5,False,1,1
16301,166,weighted,10,0.5805135350318471,0,9,None,66,1,5,False,1,1
16302,167,weighted,10,0.5832006369426752,0,9,None,66,1,5,False,1,1
16303,168,weighted,10,0.5857882165605095,0,9,None,66,1,5,False,1,1
16304,169,weighted,10,0.5875796178343949,0,9,None,66,1,5,False,1,1
16305,165,weighted,10,0.6051950636942676,0,6,None,66,1,5,False,1,1
16306,166,weighted,10,0.6046974522292994,0,6,None,66,1,5,False,1,1
16307,167,weighted,10,0.6051950636942676,0,6,None,66,1,5,False,1,1
16308,168,weighted,10,0.6061902866242038,0,6,None,66,1,5,False,1,1
16309,169,weighted,10,0.6072850318471338,0,6,None,66,1,5,False,1,1
16310,165,weighted,10,0.6429140127388535,0,22,None,66,1,5,False,1,1
16311,166,weighted,10,0.6434116242038217,0,22,None,66,1,5,False,1,1
16312,167,weighted,10,0.6431130573248408,0,22,None,66,1,5,False,1,1
16313,168,weighted,10,0.6434116242038217,0,22,None,66,1,5,False,1,1
16314,169,weighted,10,0.6435111464968153,0,22,None,66,1,5,False,1,1
16315,165,weighted,10,0.3788813694267516,0,14,None,66,1,5,False,1,1
16316,166,weighted,10,0.3727109872611465,0,14,None,66,1,5,False,1,1
16317,167,weighted,10,0.3737062101910828,0,14,None,66,1,5,False,1,1
16318,168,weighted,10,0.3744028662420382,0,14,None,66,1,5,False,1,1
16319,169,weighted,10,0.3728105095541401,0,14,None,66,1,5,False,1,1
16320,170,weighted,10,0.5171178343949044,0,32,None,66,1,5,False,1,1
16321,171,weighted,10,0.5170183121019108,0,32,None,66,1,5,False,1,1
16322,172,weighted,10,0.5179140127388535,0,32,None,66,1,5,False,1,1
16323,173,weighted,10,0.5189092356687898,0,32,None,66,1,5,False,1,1
16324,174,weighted,10,0.5200039808917197,0,32,None,66,1,5,False,1,1
16325,170,weighted,10,0.5741441082802548,0,26,None,66,1,5,False,1,1
16326,171,weighted,10,0.5717555732484076,0,26,None,66,1,5,False,1,1
16327,172,weighted,10,0.5694665605095541,0,26,None,66,1,5,False,1,1
16328,173,weighted,10,0.5685708598726115,0,26,None,66,1,5,False,1,1
16329,174,weighted,10,0.5666799363057324,0,26,None,66,1,5,False,1,1
16330,170,weighted,10,0.6458001592356688,0,22,None,66,1,5,False,1,1
16331,171,weighted,10,0.645203025477707,0,22,None,66,1,5,False,1,1
16332,172,weighted,10,0.6458996815286624,0,22,None,66,1,5,False,1,1
16333,173,weighted,10,0.6457006369426752,0,22,None,66,1,5,False,1,1
16334,174,weighted,10,0.6460987261146497,0,22,None,66,1,5,False,1,1
16335,170,weighted,10,0.625,0,25,None,66,1,5,False,1,1
16336,171,weighted,10,0.6114649681528662,0,25,None,66,1,5,False,1,1
16337,172,weighted,10,0.6054936305732485,0,25,None,66,1,5,False,1,1
16338,173,weighted,10,0.6036027070063694,0,25,None,66,1,5,False,1,1
16339,174,weighted,10,0.6000199044585988,0,25,None,66,1,5,False,1,1
16340,170,weighted,10,0.423765923566879,0,14,None,66,1,5,False,1,1
16341,171,weighted,10,0.3786823248407643,0,14,None,66,1,5,False,1,1
16342,172,weighted,10,0.3781847133757962,0,14,None,66,1,5,False,1,1
16343,173,weighted,10,0.3789808917197452,0,14,None,66,1,5,False,1,1
16344,174,weighted,10,0.3767914012738853,0,14,None,66,1,5,False,1,1
16345,165,weighted,10,0.6599323248407644,0,18,None,66,1,5,False,1,1
16346,166,weighted,10,0.6630175159235668,0,18,None,66,1,5,False,1,1
16347,167,weighted,10,0.6657046178343949,0,18,None,66,1,5,False,1,1
16348,168,weighted,10,0.667296974522293,0,18,None,66,1,5,False,1,1
16349,169,weighted,10,0.6698845541401274,0,18,None,66,1,5,False,1,1
16350,165,weighted,10,0.6520700636942676,0,27,None,66,1,5,False,1,1
16351,166,weighted,10,0.654359076433121,0,27,None,66,1,5,False,1,1
16352,167,weighted,10,0.6582404458598726,0,27,None,66,1,5,False,1,1
16353,168,weighted,10,0.661922770700637,0,27,None,66,1,5,False,1,1
16354,169,weighted,10,0.6637141719745223,0,27,None,66,1,5,False,1,1
16355,165,weighted,10,0.574343152866242,0,31,None,66,1,5,False,1,1
16356,166,weighted,10,0.5825039808917197,0,31,None,66,1,5,False,1,1
16357,167,weighted,10,0.5873805732484076,0,31,None,66,1,5,False,1,1
16358,168,weighted,10,0.5900676751592356,0,31,None,66,1,5,False,1,1
16359,169,weighted,10,0.5933519108280255,0,31,None,66,1,5,False,1,1
16360,170,weighted,10,0.6822253184713376,0,16,None,66,1,5,False,1,1
16361,171,weighted,10,0.6832205414012739,0,16,None,66,1,5,False,1,1
16362,172,weighted,10,0.6840167197452229,0,16,None,66,1,5,False,1,1
16363,173,weighted,10,0.6843152866242038,0,16,None,66,1,5,False,1,1
16364,174,weighted,10,0.6857085987261147,0,16,None,66,1,5,False,1,1
16365,170,weighted,10,0.4905453821656051,0,24,None,66,1,5,False,1,1
16366,171,weighted,10,0.4976114649681528,0,24,None,66,1,5,False,1,1
16367,172,weighted,10,0.5049761146496815,0,24,None,66,1,5,False,1,1
16368,173,weighted,10,0.5154259554140127,0,24,None,66,1,5,False,1,1
16369,174,weighted,10,0.5243829617834395,0,24,None,66,1,5,False,1,1
16370,170,weighted,10,0.6374402866242038,0,1,None,66,1,5,False,1,1
16371,171,weighted,10,0.6575437898089171,0,1,None,66,1,5,False,1,1
16372,172,weighted,10,0.6653065286624203,0,1,None,66,1,5,False,1,1
16373,173,weighted,10,0.6724721337579618,0,1,None,66,1,5,False,1,1
16374,174,weighted,10,0.6769506369426752,0,1,None,66,1,5,False,1,1
16375,170,weighted,10,0.6456011146496815,0,13,None,66,1,5,False,1,1
16376,171,weighted,10,0.6496815286624203,0,13,None,66,1,5,False,1,1
16377,172,weighted,10,0.6511743630573248,0,13,None,66,1,5,False,1,1
16378,173,weighted,10,0.653562898089172,0,13,None,66,1,5,False,1,1
16379,174,weighted,10,0.6565485668789809,0,13,None,66,1,5,False,1,1
16380,170,weighted,10,0.6155453821656051,0,21,None,66,1,5,False,1,1
16381,171,weighted,10,0.6121616242038217,0,21,None,66,1,5,False,1,1
16382,172,weighted,10,0.6151472929936306,0,21,None,66,1,5,False,1,1
16383,173,weighted,10,0.6178343949044586,0,21,None,66,1,5,False,1,1
16384,174,weighted,10,0.6195262738853503,0,21,None,66,1,5,False,1,1
16385,170,weighted,10,0.5566281847133758,0,23,None,66,1,5,False,1,1
16386,171,weighted,10,0.560609076433121,0,23,None,66,1,5,False,1,1
16387,172,weighted,10,0.5620023885350318,0,23,None,66,1,5,False,1,1
16388,173,weighted,10,0.5617038216560509,0,23,None,66,1,5,False,1,1
16389,174,weighted,10,0.5625,0,23,None,66,1,5,False,1,1
16390,170,weighted,10,0.5215963375796179,0,29,None,66,1,5,False,1,1
16391,171,weighted,10,0.5082603503184714,0,29,None,66,1,5,False,1,1
16392,172,weighted,10,0.5012937898089171,0,29,None,66,1,5,False,1,1
16393,173,weighted,10,0.4938296178343949,0,29,None,66,1,5,False,1,1
16394,174,weighted,10,0.4902468152866242,0,29,None,66,1,5,False,1,1
16395,170,weighted,10,0.6592356687898089,0,27,None,66,1,5,False,1,1
16396,171,weighted,10,0.6622213375796179,0,27,None,66,1,5,False,1,1
16397,172,weighted,10,0.6643113057324841,0,27,None,66,1,5,False,1,1
16398,173,weighted,10,0.6655055732484076,0,27,None,66,1,5,False,1,1
16399,174,weighted,10,0.6677945859872612,0,27,None,66,1,5,False,1,1
16400,170,weighted,10,0.6102707006369427,0,6,None,66,1,5,False,1,1
16401,171,weighted,10,0.6094745222929936,0,6,None,66,1,5,False,1,1
16402,172,weighted,10,0.6105692675159236,0,6,None,66,1,5,False,1,1
16403,173,weighted,10,0.6121616242038217,0,6,None,66,1,5,False,1,1
16404,174,weighted,10,0.613156847133758,0,6,None,66,1,5,False,1,1
16405,170,weighted,10,0.652468152866242,0,30,None,66,1,5,False,1,1
16406,171,weighted,10,0.6540605095541401,0,30,None,66,1,5,False,1,1
16407,172,weighted,10,0.6561504777070064,0,30,None,66,1,5,False,1,1
16408,173,weighted,10,0.65625,0,30,None,66,1,5,False,1,1
16409,174,weighted,10,0.6582404458598726,0,30,None,66,1,5,False,1,1
16410,170,weighted,10,0.5748407643312102,0,8,None,66,1,5,False,1,1
16411,171,weighted,10,0.5470740445859873,0,8,None,66,1,5,False,1,1
16412,172,weighted,10,0.5477707006369427,0,8,None,66,1,5,False,1,1
16413,173,weighted,10,0.5490644904458599,0,8,None,66,1,5,False,1,1
16414,174,weighted,10,0.5502587579617835,0,8,None,66,1,5,False,1,1
16415,170,weighted,10,0.527468152866242,0,19,None,66,1,5,False,1,1
16416,171,weighted,10,0.5273686305732485,0,19,None,66,1,5,False,1,1
16417,172,weighted,10,0.533140923566879,0,19,None,66,1,5,False,1,1
16418,173,weighted,10,0.537718949044586,0,19,None,66,1,5,False,1,1
16419,174,weighted,10,0.5410031847133758,0,19,None,66,1,5,False,1,1
16420,170,weighted,10,0.5893710191082803,0,31,None,66,1,5,False,1,1
16421,171,weighted,10,0.5961385350318471,0,31,None,66,1,5,False,1,1
16422,172,weighted,10,0.5973328025477707,0,31,None,66,1,5,False,1,1
16423,173,weighted,10,0.6006170382165605,0,31,None,66,1,5,False,1,1
16424,174,weighted,10,0.6040007961783439,0,31,None,66,1,5,False,1,1
16425,170,weighted,10,0.5663813694267515,0,2,None,66,1,5,False,1,1
16426,171,weighted,10,0.5536425159235668,0,2,None,66,1,5,False,1,1
16427,172,weighted,10,0.5444864649681529,0,2,None,66,1,5,False,1,1
16428,173,weighted,10,0.5383160828025477,0,2,None,66,1,5,False,1,1
16429,174,weighted,10,0.5335390127388535,0,2,None,66,1,5,False,1,1
16430,170,weighted,10,0.6230095541401274,0,0,None,66,1,5,False,1,1
16431,171,weighted,10,0.625,0,0,None,66,1,5,False,1,1
16432,172,weighted,10,0.6259952229299363,0,0,None,66,1,5,False,1,1
16433,173,weighted,10,0.6265923566878981,0,0,None,66,1,5,False,1,1
16434,174,weighted,10,0.6266918789808917,0,0,None,66,1,5,False,1,1
16435,170,weighted,10,0.5798168789808917,0,3,None,66,1,5,False,1,1
16436,171,weighted,10,0.5789211783439491,0,3,None,66,1,5,False,1,1
16437,172,weighted,10,0.5794187898089171,0,3,None,66,1,5,False,1,1
16438,173,weighted,10,0.5814092356687898,0,3,None,66,1,5,False,1,1
16439,174,weighted,10,0.5843949044585988,0,3,None,66,1,5,False,1,1
16440,170,weighted,10,0.4894506369426751,0,4,None,66,1,5,False,1,1
16441,171,weighted,10,0.486265923566879,0,4,None,66,1,5,False,1,1
16442,172,weighted,10,0.491640127388535,0,4,None,66,1,5,False,1,1
16443,173,weighted,10,0.4985071656050955,0,4,None,66,1,5,False,1,1
16444,174,weighted,10,0.5044785031847133,0,4,None,66,1,5,False,1,1
16445,170,weighted,10,0.6258957006369427,0,5,None,66,1,5,False,1,1
16446,171,weighted,10,0.6237062101910829,0,5,None,66,1,5,False,1,1
16447,172,weighted,10,0.6213176751592356,0,5,None,66,1,5,False,1,1
16448,173,weighted,10,0.6196257961783439,0,5,None,66,1,5,False,1,1
16449,174,weighted,10,0.6190286624203821,0,5,None,66,1,5,False,1,1
16450,170,weighted,10,0.6215167197452229,0,7,None,66,1,5,False,1,1
16451,171,weighted,10,0.6240047770700637,0,7,None,66,1,5,False,1,1
16452,172,weighted,10,0.6265923566878981,0,7,None,66,1,5,False,1,1
16453,173,weighted,10,0.6285828025477707,0,7,None,66,1,5,False,1,1
16454,174,weighted,10,0.6313694267515924,0,7,None,66,1,5,False,1,1
16455,170,weighted,10,0.5862858280254777,0,9,None,66,1,5,False,1,1
16456,171,weighted,10,0.5889729299363057,0,9,None,66,1,5,False,1,1
16457,172,weighted,10,0.591062898089172,0,9,None,66,1,5,False,1,1
16458,173,weighted,10,0.59265525477707,0,9,None,66,1,5,False,1,1
16459,174,weighted,10,0.5945461783439491,0,9,None,66,1,5,False,1,1
16460,170,weighted,10,0.6518710191082803,0,10,None,66,1,5,False,1,1
16461,171,weighted,10,0.6501791401273885,0,10,None,66,1,5,False,1,1
16462,172,weighted,10,0.650577229299363,0,10,None,66,1,5,False,1,1
16463,173,weighted,10,0.6513734076433121,0,10,None,66,1,5,False,1,1
16464,174,weighted,10,0.6518710191082803,0,10,None,66,1,5,False,1,1
16465,170,weighted,10,0.6704816878980892,0,11,None,66,1,5,False,1,1
16466,171,weighted,10,0.6705812101910829,0,11,None,66,1,5,False,1,1
16467,172,weighted,10,0.669187898089172,0,11,None,66,1,5,False,1,1
16468,173,weighted,10,0.6693869426751592,0,11,None,66,1,5,False,1,1
16469,174,weighted,10,0.6701831210191083,0,11,None,66,1,5,False,1,1
16470,170,weighted,10,0.5990246815286624,0,15,None,66,1,5,False,1,1
16471,171,weighted,10,0.5998208598726115,0,15,None,66,1,5,False,1,1
16472,172,weighted,10,0.5995222929936306,0,15,None,66,1,5,False,1,1
16473,173,weighted,10,0.6006170382165605,0,15,None,66,1,5,False,1,1
16474,174,weighted,10,0.601015127388535,0,15,None,66,1,5,False,1,1
16475,170,weighted,10,0.6559514331210191,0,12,None,66,1,5,False,1,1
16476,171,weighted,10,0.6568471337579618,0,12,None,66,1,5,False,1,1
16477,172,weighted,10,0.6584394904458599,0,12,None,66,1,5,False,1,1
16478,173,weighted,10,0.6590366242038217,0,12,None,66,1,5,False,1,1
16479,174,weighted,10,0.6597332802547771,0,12,None,66,1,5,False,1,1
16480,170,weighted,10,0.6326632165605095,0,17,None,66,1,5,False,1,1
16481,171,weighted,10,0.6358479299363057,0,17,None,66,1,5,False,1,1
16482,172,weighted,10,0.6370421974522293,0,17,None,66,1,5,False,1,1
16483,173,weighted,10,0.6389331210191083,0,17,None,66,1,5,False,1,1
16484,174,weighted,10,0.6404259554140127,0,17,None,66,1,5,False,1,1
16485,170,weighted,10,0.6762539808917197,0,18,None,66,1,5,False,1,1
16486,171,weighted,10,0.6758558917197452,0,18,None,66,1,5,False,1,1
16487,172,weighted,10,0.6766520700636943,0,18,None,66,1,5,False,1,1
16488,173,weighted,10,0.6766520700636943,0,18,None,66,1,5,False,1,1
16489,174,weighted,10,0.676453025477707,0,18,None,66,1,5,False,1,1
16490,170,weighted,10,0.6006170382165605,0,20,None,66,1,5,False,1,1
16491,171,weighted,10,0.597531847133758,0,20,None,66,1,5,False,1,1
16492,172,weighted,10,0.6005175159235668,0,20,None,66,1,5,False,1,1
16493,173,weighted,10,0.6027070063694268,0,20,None,66,1,5,False,1,1
16494,174,weighted,10,0.6051950636942676,0,20,None,66,1,5,False,1,1
16495,170,weighted,10,0.6109673566878981,0,28,None,66,1,5,False,1,1
16496,171,weighted,10,0.6110668789808917,0,28,None,66,1,5,False,1,1
16497,172,weighted,10,0.6145501592356688,0,28,None,66,1,5,False,1,1
16498,173,weighted,10,0.6170382165605095,0,28,None,66,1,5,False,1,1
16499,174,weighted,10,0.620421974522293,0,28,None,66,1,5,False,1,1
16500,175,weighted,10,0.6414211783439491,0,1,None,66,1,5,False,1,1
16501,176,weighted,10,0.6605294585987261,0,1,None,66,1,5,False,1,1
16502,177,weighted,10,0.6677945859872612,0,1,None,66,1,5,False,1,1
16503,178,weighted,10,0.6738654458598726,0,1,None,66,1,5,False,1,1
16504,179,weighted,10,0.6799363057324841,0,1,None,66,1,5,False,1,1
16505,175,weighted,10,0.5756369426751592,0,2,None,66,1,5,False,1,1
16506,176,weighted,10,0.5630971337579618,0,2,None,66,1,5,False,1,1
16507,177,weighted,10,0.5523487261146497,0,2,None,66,1,5,False,1,1
16508,178,weighted,10,0.5447850318471338,0,2,None,66,1,5,False,1,1
16509,179,weighted,10,0.5398089171974523,0,2,None,66,1,5,False,1,1
16510,175,weighted,10,0.6172372611464968,0,28,None,66,1,5,False,1,1
16511,176,weighted,10,0.6180334394904459,0,28,None,66,1,5,False,1,1
16512,177,weighted,10,0.6218152866242038,0,28,None,66,1,5,False,1,1
16513,178,weighted,10,0.6252985668789809,0,28,None,66,1,5,False,1,1
16514,179,weighted,10,0.6294785031847133,0,28,None,66,1,5,False,1,1
16515,175,weighted,10,0.5326433121019108,0,29,None,66,1,5,False,1,1
16516,176,weighted,10,0.5177149681528662,0,29,None,66,1,5,False,1,1
16517,177,weighted,10,0.5100517515923567,0,29,None,66,1,5,False,1,1
16518,178,weighted,10,0.5060708598726115,0,29,None,66,1,5,False,1,1
16519,179,weighted,10,0.5027866242038217,0,29,None,66,1,5,False,1,1
16520,175,weighted,10,0.6106687898089171,0,15,None,66,1,5,False,1,1
16521,176,weighted,10,0.6084792993630573,0,15,None,66,1,5,False,1,1
16522,177,weighted,10,0.6076831210191083,0,15,None,66,1,5,False,1,1
16523,178,weighted,10,0.6086783439490446,0,15,None,66,1,5,False,1,1
16524,179,weighted,10,0.6088773885350318,0,15,None,66,1,5,False,1,1
16525,175,weighted,10,0.6794386942675159,0,11,None,66,1,5,False,1,1
16526,176,weighted,10,0.678343949044586,0,11,None,66,1,5,False,1,1
16527,177,weighted,10,0.6773487261146497,0,11,None,66,1,5,False,1,1
16528,178,weighted,10,0.6781449044585988,0,11,None,66,1,5,False,1,1
16529,179,weighted,10,0.6777468152866242,0,11,None,66,1,5,False,1,1
16530,175,weighted,10,0.6318670382165605,0,5,None,66,1,5,False,1,1
16531,176,weighted,10,0.6273885350318471,0,5,None,66,1,5,False,1,1
16532,177,weighted,10,0.6264928343949044,0,5,None,66,1,5,False,1,1
16533,178,weighted,10,0.6258957006369427,0,5,None,66,1,5,False,1,1
16534,179,weighted,10,0.6240047770700637,0,5,None,66,1,5,False,1,1
16535,175,weighted,10,0.6610270700636943,0,30,None,66,1,5,False,1,1
16536,176,weighted,10,0.6621218152866242,0,30,None,66,1,5,False,1,1
16537,177,weighted,10,0.6633160828025477,0,30,None,66,1,5,False,1,1
16538,178,weighted,10,0.664609872611465,0,30,None,66,1,5,False,1,1
16539,179,weighted,10,0.665406050955414,0,30,None,66,1,5,False,1,1
16540,175,weighted,10,0.4317277070063694,0,14,None,66,1,5,False,1,1
16541,176,weighted,10,0.4021695859872611,0,14,None,66,1,5,False,1,1
16542,177,weighted,10,0.3800756369426751,0,14,None,66,1,5,False,1,1
16543,178,weighted,10,0.3805732484076433,0,14,None,66,1,5,False,1,1
16544,179,weighted,10,0.3779856687898089,0,14,None,66,1,5,False,1,1
16545,175,weighted,10,0.5917595541401274,0,9,None,66,1,5,False,1,1
16546,176,weighted,10,0.5939490445859873,0,9,None,66,1,5,False,1,1
16547,177,weighted,10,0.5959394904458599,0,9,None,66,1,5,False,1,1
16548,178,weighted,10,0.597531847133758,0,9,None,66,1,5,False,1,1
16549,179,weighted,10,0.5980294585987261,0,9,None,66,1,5,False,1,1
16550,175,weighted,10,0.6393312101910829,0,17,None,66,1,5,False,1,1
16551,176,weighted,10,0.6411226114649682,0,17,None,66,1,5,False,1,1
16552,177,weighted,10,0.6424164012738853,0,17,None,66,1,5,False,1,1
16553,178,weighted,10,0.6442078025477707,0,17,None,66,1,5,False,1,1
16554,179,weighted,10,0.6449044585987261,0,17,None,66,1,5,False,1,1
16555,175,weighted,10,0.4945262738853503,0,24,None,66,1,5,False,1,1
16556,176,weighted,10,0.4991042993630573,0,24,None,66,1,5,False,1,1
16557,177,weighted,10,0.5063694267515924,0,24,None,66,1,5,False,1,1
16558,178,weighted,10,0.5170183121019108,0,24,None,66,1,5,False,1,1
16559,179,weighted,10,0.5278662420382165,0,24,None,66,1,5,False,1,1
16560,175,weighted,10,0.5470740445859873,0,19,None,66,1,5,False,1,1
16561,176,weighted,10,0.5447850318471338,0,19,None,66,1,5,False,1,1
16562,177,weighted,10,0.5496616242038217,0,19,None,66,1,5,False,1,1
16563,178,weighted,10,0.554140127388535,0,19,None,66,1,5,False,1,1
16564,179,weighted,10,0.5563296178343949,0,19,None,66,1,5,False,1,1
16565,175,weighted,10,0.627687101910828,0,21,None,66,1,5,False,1,1
16566,176,weighted,10,0.6262937898089171,0,21,None,66,1,5,False,1,1
16567,177,weighted,10,0.6277866242038217,0,21,None,66,1,5,False,1,1
16568,178,weighted,10,0.6283837579617835,0,21,None,66,1,5,False,1,1
16569,179,weighted,10,0.6299761146496815,0,21,None,66,1,5,False,1,1
16570,175,weighted,10,0.6890923566878981,0,18,None,66,1,5,False,1,1
16571,176,weighted,10,0.6881966560509554,0,18,None,66,1,5,False,1,1
16572,177,weighted,10,0.6886942675159236,0,18,None,66,1,5,False,1,1
16573,178,weighted,10,0.6871019108280255,0,18,None,66,1,5,False,1,1
16574,179,weighted,10,0.6861066878980892,0,18,None,66,1,5,False,1,1
16575,175,weighted,10,0.664609872611465,0,27,None,66,1,5,False,1,1
16576,176,weighted,10,0.6657046178343949,0,27,None,66,1,5,False,1,1
16577,177,weighted,10,0.6678941082802548,0,27,None,66,1,5,False,1,1
16578,178,weighted,10,0.6689888535031847,0,27,None,66,1,5,False,1,1
16579,179,weighted,10,0.6706807324840764,0,27,None,66,1,5,False,1,1
16580,175,weighted,10,0.5901671974522293,0,31,None,66,1,5,False,1,1
16581,176,weighted,10,0.5986265923566879,0,31,None,66,1,5,False,1,1
16582,177,weighted,10,0.6034036624203821,0,31,None,66,1,5,False,1,1
16583,178,weighted,10,0.6064888535031847,0,31,None,66,1,5,False,1,1
16584,179,weighted,10,0.609375,0,31,None,66,1,5,False,1,1
16585,175,weighted,10,0.4996019108280254,0,4,None,66,1,5,False,1,1
16586,176,weighted,10,0.4967157643312102,0,4,None,66,1,5,False,1,1
16587,177,weighted,10,0.5025875796178344,0,4,None,66,1,5,False,1,1
16588,178,weighted,10,0.5095541401273885,0,4,None,66,1,5,False,1,1
16589,179,weighted,10,0.517515923566879,0,4,None,66,1,5,False,1,1
16590,175,weighted,10,0.6291799363057324,0,0,None,66,1,5,False,1,1
16591,176,weighted,10,0.6294785031847133,0,0,None,66,1,5,False,1,1
16592,177,weighted,10,0.6291799363057324,0,0,None,66,1,5,False,1,1
16593,178,weighted,10,0.6299761146496815,0,0,None,66,1,5,False,1,1
16594,179,weighted,10,0.6301751592356688,0,0,None,66,1,5,False,1,1
16595,175,weighted,10,0.6522691082802548,0,10,None,66,1,5,False,1,1
16596,176,weighted,10,0.6503781847133758,0,10,None,66,1,5,False,1,1
16597,177,weighted,10,0.650577229299363,0,10,None,66,1,5,False,1,1
16598,178,weighted,10,0.6521695859872612,0,10,None,66,1,5,False,1,1
16599,179,weighted,10,0.6536624203821656,0,10,None,66,1,5,False,1,1
16600,175,weighted,10,0.6098726114649682,0,20,None,66,1,5,False,1,1
16601,176,weighted,10,0.6041003184713376,0,20,None,66,1,5,False,1,1
16602,177,weighted,10,0.6061902866242038,0,20,None,66,1,5,False,1,1
16603,178,weighted,10,0.6077826433121019,0,20,None,66,1,5,False,1,1
16604,179,weighted,10,0.6100716560509554,0,20,None,66,1,5,False,1,1
16605,175,weighted,10,0.6488853503184714,0,22,None,66,1,5,False,1,1
16606,176,weighted,10,0.6490843949044586,0,22,None,66,1,5,False,1,1
16607,177,weighted,10,0.6495820063694268,0,22,None,66,1,5,False,1,1
16608,178,weighted,10,0.6483877388535032,0,22,None,66,1,5,False,1,1
16609,179,weighted,10,0.6482882165605095,0,22,None,66,1,5,False,1,1
16610,175,weighted,10,0.5607085987261147,0,23,None,66,1,5,False,1,1
16611,176,weighted,10,0.5646894904458599,0,23,None,66,1,5,False,1,1
16612,177,weighted,10,0.566281847133758,0,23,None,66,1,5,False,1,1
16613,178,weighted,10,0.5660828025477707,0,23,None,66,1,5,False,1,1
16614,179,weighted,10,0.5677746815286624,0,23,None,66,1,5,False,1,1
16615,175,weighted,10,0.5259753184713376,0,32,None,66,1,5,False,1,1
16616,176,weighted,10,0.5251791401273885,0,32,None,66,1,5,False,1,1
16617,177,weighted,10,0.5257762738853503,0,32,None,66,1,5,False,1,1
16618,178,weighted,10,0.5257762738853503,0,32,None,66,1,5,False,1,1
16619,179,weighted,10,0.5268710191082803,0,32,None,66,1,5,False,1,1
16620,175,weighted,10,0.6140525477707006,0,6,None,66,1,5,False,1,1
16621,176,weighted,10,0.6143511146496815,0,6,None,66,1,5,False,1,1
16622,177,weighted,10,0.6159434713375797,0,6,None,66,1,5,False,1,1
16623,178,weighted,10,0.6169386942675159,0,6,None,66,1,5,False,1,1
16624,179,weighted,10,0.6175358280254777,0,6,None,66,1,5,False,1,1
16625,175,weighted,10,0.5894705414012739,0,3,None,66,1,5,False,1,1
16626,176,weighted,10,0.5877786624203821,0,3,None,66,1,5,False,1,1
16627,177,weighted,10,0.5893710191082803,0,3,None,66,1,5,False,1,1
16628,178,weighted,10,0.5919585987261147,0,3,None,66,1,5,False,1,1
16629,179,weighted,10,0.5949442675159236,0,3,None,66,1,5,False,1,1
16630,175,weighted,10,0.660031847133758,0,12,None,66,1,5,False,1,1
16631,176,weighted,10,0.6610270700636943,0,12,None,66,1,5,False,1,1
16632,177,weighted,10,0.6624203821656051,0,12,None,66,1,5,False,1,1
16633,178,weighted,10,0.6637141719745223,0,12,None,66,1,5,False,1,1
16634,179,weighted,10,0.6650079617834395,0,12,None,66,1,5,False,1,1
16635,175,weighted,10,0.6570461783439491,0,13,None,66,1,5,False,1,1
16636,176,weighted,10,0.6588375796178344,0,13,None,66,1,5,False,1,1
16637,177,weighted,10,0.6612261146496815,0,13,None,66,1,5,False,1,1
16638,178,weighted,10,0.6629179936305732,0,13,None,66,1,5,False,1,1
16639,179,weighted,10,0.6638136942675159,0,13,None,66,1,5,False,1,1
16640,175,weighted,10,0.636843152866242,0,25,None,66,1,5,False,1,1
16641,176,weighted,10,0.6233081210191083,0,25,None,66,1,5,False,1,1
16642,177,weighted,10,0.6164410828025477,0,25,None,66,1,5,False,1,1
16643,178,weighted,10,0.6137539808917197,0,25,None,66,1,5,False,1,1
16644,179,weighted,10,0.6118630573248408,0,25,None,66,1,5,False,1,1
16645,175,weighted,10,0.5767316878980892,0,26,None,66,1,5,False,1,1
16646,176,weighted,10,0.5736464968152867,0,26,None,66,1,5,False,1,1
16647,177,weighted,10,0.5722531847133758,0,26,None,66,1,5,False,1,1
16648,178,weighted,10,0.5715565286624203,0,26,None,66,1,5,False,1,1
16649,179,weighted,10,0.5700636942675159,0,26,None,66,1,5,False,1,1
16650,175,weighted,10,0.6338574840764332,0,7,None,66,1,5,False,1,1
16651,176,weighted,10,0.6365445859872612,0,7,None,66,1,5,False,1,1
16652,177,weighted,10,0.638734076433121,0,7,None,66,1,5,False,1,1
16653,178,weighted,10,0.6410230891719745,0,7,None,66,1,5,False,1,1
16654,179,weighted,10,0.643312101910828,0,7,None,66,1,5,False,1,1
16655,175,weighted,10,0.5915605095541401,0,8,None,66,1,5,False,1,1
16656,176,weighted,10,0.5589171974522293,0,8,None,66,1,5,False,1,1
16657,177,weighted,10,0.5567277070063694,0,8,None,66,1,5,False,1,1
16658,178,weighted,10,0.5574243630573248,0,8,None,66,1,5,False,1,1
16659,179,weighted,10,0.557921974522293,0,8,None,66,1,5,False,1,1
16660,175,weighted,10,0.6874004777070064,0,16,None,66,1,5,False,1,1
16661,176,weighted,10,0.6873009554140127,0,16,None,66,1,5,False,1,1
16662,177,weighted,10,0.6880971337579618,0,16,None,66,1,5,False,1,1
16663,178,weighted,10,0.6887937898089171,0,16,None,66,1,5,False,1,1
16664,179,weighted,10,0.68859474522293,0,16,None,66,1,5,False,1,1
17655,180,weighted,10,0.6427149681528662,0,1,None,66,1,5,False,1,1
17656,181,weighted,10,0.6623208598726115,0,1,None,66,1,5,False,1,1
17657,182,weighted,10,0.669984076433121,0,1,None,66,1,5,False,1,1
17658,183,weighted,10,0.6761544585987261,0,1,None,66,1,5,False,1,1
17659,184,weighted,10,0.6815286624203821,0,1,None,66,1,5,False,1,1
17660,180,weighted,10,0.6652070063694268,0,13,None,66,1,5,False,1,1
17661,181,weighted,10,0.666202229299363,0,13,None,66,1,5,False,1,1
17662,182,weighted,10,0.6659036624203821,0,13,None,66,1,5,False,1,1
17663,183,weighted,10,0.6668988853503185,0,13,None,66,1,5,False,1,1
17664,184,weighted,10,0.6685907643312102,0,13,None,66,1,5,False,1,1
17665,180,weighted,10,0.651671974522293,0,22,None,66,1,5,False,1,1
17666,181,weighted,10,0.6495820063694268,0,22,None,66,1,5,False,1,1
17667,182,weighted,10,0.6494824840764332,0,22,None,66,1,5,False,1,1
17668,183,weighted,10,0.6490843949044586,0,22,None,66,1,5,False,1,1
17669,184,weighted,10,0.6491839171974523,0,22,None,66,1,5,False,1,1
17670,180,weighted,10,0.4416799363057325,0,14,None,66,1,5,False,1,1
17671,181,weighted,10,0.427249203821656,0,14,None,66,1,5,False,1,1
17672,182,weighted,10,0.4240644904458598,0,14,None,66,1,5,False,1,1
17673,183,weighted,10,0.4201831210191082,0,14,None,66,1,5,False,1,1
17674,184,weighted,10,0.4161027070063694,0,14,None,66,1,5,False,1,1
17675,180,weighted,10,0.5696656050955414,0,23,None,66,1,5,False,1,1
17676,181,weighted,10,0.5713574840764332,0,23,None,66,1,5,False,1,1
17677,182,weighted,10,0.5721536624203821,0,23,None,66,1,5,False,1,1
17678,183,weighted,10,0.5727507961783439,0,23,None,66,1,5,False,1,1
17679,184,weighted,10,0.5736464968152867,0,23,None,66,1,5,False,1,1
17680,180,weighted,10,0.634952229299363,0,21,None,66,1,5,False,1,1
17681,181,weighted,10,0.6329617834394905,0,21,None,66,1,5,False,1,1
17682,182,weighted,10,0.6342555732484076,0,21,None,66,1,5,False,1,1
17683,183,weighted,10,0.6353503184713376,0,21,None,66,1,5,False,1,1
17684,184,weighted,10,0.6359474522292994,0,21,None,66,1,5,False,1,1
17685,180,weighted,10,0.6422173566878981,0,25,None,66,1,5,False,1,1
17686,181,weighted,10,0.6305732484076433,0,25,None,66,1,5,False,1,1
17687,182,weighted,10,0.6250995222929936,0,25,None,66,1,5,False,1,1
17688,183,weighted,10,0.6220143312101911,0,25,None,66,1,5,False,1,1
17689,184,weighted,10,0.6215167197452229,0,25,None,66,1,5,False,1,1
17690,180,weighted,10,0.5780254777070064,0,26,None,66,1,5,False,1,1
17691,181,weighted,10,0.5746417197452229,0,26,None,66,1,5,False,1,1
17692,182,weighted,10,0.5726512738853503,0,26,None,66,1,5,False,1,1
17693,183,weighted,10,0.5720541401273885,0,26,None,66,1,5,False,1,1
17694,184,weighted,10,0.5712579617834395,0,26,None,66,1,5,False,1,1
17695,180,weighted,10,0.5424960191082803,0,29,None,66,1,5,False,1,1
17696,181,weighted,10,0.5283638535031847,0,29,None,66,1,5,False,1,1
17697,182,weighted,10,0.5214968152866242,0,29,None,66,1,5,False,1,1
17698,183,weighted,10,0.51671974522293,0,29,None,66,1,5,False,1,1
17699,184,weighted,10,0.5142316878980892,0,29,None,66,1,5,False,1,1
17700,180,weighted,10,0.6206210191082803,0,6,None,66,1,5,False,1,1
17701,181,weighted,10,0.6205214968152867,0,6,None,66,1,5,False,1,1
17702,182,weighted,10,0.6213176751592356,0,6,None,66,1,5,False,1,1
17703,183,weighted,10,0.6222133757961783,0,6,None,66,1,5,False,1,1
17704,184,weighted,10,0.6226114649681529,0,6,None,66,1,5,False,1,1
17705,180,weighted,10,0.537718949044586,0,32,None,66,1,5,False,1,1
17706,181,weighted,10,0.5363256369426752,0,32,None,66,1,5,False,1,1
17707,182,weighted,10,0.536922770700637,0,32,None,66,1,5,False,1,1
17708,183,weighted,10,0.5368232484076433,0,32,None,66,1,5,False,1,1
17709,184,weighted,10,0.5364251592356688,0,32,None,66,1,5,False,1,1
17710,180,weighted,10,0.5840963375796179,0,2,None,66,1,5,False,1,1
17711,181,weighted,10,0.5694665605095541,0,2,None,66,1,5,False,1,1
17712,182,weighted,10,0.5584195859872612,0,2,None,66,1,5,False,1,1
17713,183,weighted,10,0.5496616242038217,0,2,None,66,1,5,False,1,1
17714,184,weighted,10,0.5450835987261147,0,2,None,66,1,5,False,1,1
17715,180,weighted,10,0.6369426751592356,0,5,None,66,1,5,False,1,1
17716,181,weighted,10,0.632265127388535,0,5,None,66,1,5,False,1,1
17717,182,weighted,10,0.6313694267515924,0,5,None,66,1,5,False,1,1
17718,183,weighted,10,0.6297770700636943,0,5,None,66,1,5,False,1,1
17719,184,weighted,10,0.6279856687898089,0,5,None,66,1,5,False,1,1
17720,180,weighted,10,0.6445063694267515,0,7,None,66,1,5,False,1,1
17721,181,weighted,10,0.6465963375796179,0,7,None,66,1,5,False,1,1
17722,182,weighted,10,0.6484872611464968,0,7,None,66,1,5,False,1,1
17723,183,weighted,10,0.6507762738853503,0,7,None,66,1,5,False,1,1
17724,184,weighted,10,0.6533638535031847,0,7,None,66,1,5,False,1,1
17725,180,weighted,10,0.5966361464968153,0,9,None,66,1,5,False,1,1
17726,181,weighted,10,0.5985270700636943,0,9,None,66,1,5,False,1,1
17727,182,weighted,10,0.6004179936305732,0,9,None,66,1,5,False,1,1
17728,183,weighted,10,0.6020103503184714,0,9,None,66,1,5,False,1,1
17729,184,weighted,10,0.6031050955414012,0,9,None,66,1,5,False,1,1
17730,180,weighted,10,0.6840167197452229,0,11,None,66,1,5,False,1,1
17731,181,weighted,10,0.6820262738853503,0,11,None,66,1,5,False,1,1
17732,182,weighted,10,0.6815286624203821,0,11,None,66,1,5,False,1,1
17733,183,weighted,10,0.6817277070063694,0,11,None,66,1,5,False,1,1
17734,184,weighted,10,0.6813296178343949,0,11,None,66,1,5,False,1,1
17735,180,weighted,10,0.6565485668789809,0,10,None,66,1,5,False,1,1
17736,181,weighted,10,0.6554538216560509,0,10,None,66,1,5,False,1,1
17737,182,weighted,10,0.6555533439490446,0,10,None,66,1,5,False,1,1
17738,183,weighted,10,0.6558519108280255,0,10,None,66,1,5,False,1,1
17739,184,weighted,10,0.6563495222929936,0,10,None,66,1,5,False,1,1
17740,180,weighted,10,0.616640127388535,0,15,None,66,1,5,False,1,1
17741,181,weighted,10,0.615047770700637,0,15,None,66,1,5,False,1,1
17742,182,weighted,10,0.6154458598726115,0,15,None,66,1,5,False,1,1
17743,183,weighted,10,0.6155453821656051,0,15,None,66,1,5,False,1,1
17744,184,weighted,10,0.6157444267515924,0,15,None,66,1,5,False,1,1
17745,180,weighted,10,0.6650079617834395,0,12,None,66,1,5,False,1,1
17746,181,weighted,10,0.6664012738853503,0,12,None,66,1,5,False,1,1
17747,182,weighted,10,0.6670979299363057,0,12,None,66,1,5,False,1,1
17748,183,weighted,10,0.6675955414012739,0,12,None,66,1,5,False,1,1
17749,184,weighted,10,0.6686902866242038,0,12,None,66,1,5,False,1,1
17750,180,weighted,10,0.6248009554140127,0,20,None,66,1,5,False,1,1
17751,181,weighted,10,0.6106687898089171,0,20,None,66,1,5,False,1,1
17752,182,weighted,10,0.612062101910828,0,20,None,66,1,5,False,1,1
17753,183,weighted,10,0.6144506369426752,0,20,None,66,1,5,False,1,1
17754,184,weighted,10,0.6164410828025477,0,20,None,66,1,5,False,1,1
17755,180,weighted,10,0.643312101910828,0,17,None,66,1,5,False,1,1
17756,181,weighted,10,0.6445063694267515,0,17,None,66,1,5,False,1,1
17757,182,weighted,10,0.6455015923566879,0,17,None,66,1,5,False,1,1
17758,183,weighted,10,0.6471934713375797,0,17,None,66,1,5,False,1,1
17759,184,weighted,10,0.6474920382165605,0,17,None,66,1,5,False,1,1
17760,180,weighted,10,0.5939490445859873,0,8,None,66,1,5,False,1,1
17761,181,weighted,10,0.5711584394904459,0,8,None,66,1,5,False,1,1
17762,182,weighted,10,0.5674761146496815,0,8,None,66,1,5,False,1,1
17763,183,weighted,10,0.5671775477707006,0,8,None,66,1,5,False,1,1
17764,184,weighted,10,0.5668789808917197,0,8,None,66,1,5,False,1,1
17765,180,weighted,10,0.5081608280254777,0,4,None,66,1,5,False,1,1
17766,181,weighted,10,0.5013933121019108,0,4,None,66,1,5,False,1,1
17767,182,weighted,10,0.5094546178343949,0,4,None,66,1,5,False,1,1
17768,183,weighted,10,0.5200039808917197,0,4,None,66,1,5,False,1,1
17769,184,weighted,10,0.5250796178343949,0,4,None,66,1,5,False,1,1
17770,180,weighted,10,0.6894904458598726,0,16,None,66,1,5,False,1,1
17771,181,weighted,10,0.6905851910828026,0,16,None,66,1,5,False,1,1
17772,182,weighted,10,0.6905851910828026,0,16,None,66,1,5,False,1,1
17773,183,weighted,10,0.6907842356687898,0,16,None,66,1,5,False,1,1
17774,184,weighted,10,0.6917794585987261,0,16,None,66,1,5,False,1,1
17775,180,weighted,10,0.5543391719745223,0,19,None,66,1,5,False,1,1
17776,181,weighted,10,0.553343949044586,0,19,None,66,1,5,False,1,1
17777,182,weighted,10,0.5570262738853503,0,19,None,66,1,5,False,1,1
17778,183,weighted,10,0.5601114649681529,0,19,None,66,1,5,False,1,1
17779,184,weighted,10,0.5623009554140127,0,19,None,66,1,5,False,1,1
17780,180,weighted,10,0.6977507961783439,0,18,None,66,1,5,False,1,1
17781,181,weighted,10,0.6954617834394905,0,18,None,66,1,5,False,1,1
17782,182,weighted,10,0.6949641719745223,0,18,None,66,1,5,False,1,1
17783,183,weighted,10,0.6946656050955414,0,18,None,66,1,5,False,1,1
17784,184,weighted,10,0.6942675159235668,0,18,None,66,1,5,False,1,1
17785,180,weighted,10,0.6227109872611465,0,28,None,66,1,5,False,1,1
17786,181,weighted,10,0.6235071656050956,0,28,None,66,1,5,False,1,1
17787,182,weighted,10,0.6270899681528662,0,28,None,66,1,5,False,1,1
17788,183,weighted,10,0.6299761146496815,0,28,None,66,1,5,False,1,1
17789,184,weighted,10,0.6330613057324841,0,28,None,66,1,5,False,1,1
17790,180,weighted,10,0.5976313694267515,0,3,None,66,1,5,False,1,1
17791,181,weighted,10,0.5985270700636943,0,3,None,66,1,5,False,1,1
17792,182,weighted,10,0.6007165605095541,0,3,None,66,1,5,False,1,1
17793,183,weighted,10,0.6032046178343949,0,3,None,66,1,5,False,1,1
17794,184,weighted,10,0.6050955414012739,0,3,None,66,1,5,False,1,1
17795,180,weighted,10,0.49890525477707,0,24,None,66,1,5,False,1,1
17796,181,weighted,10,0.5055732484076433,0,24,None,66,1,5,False,1,1
17797,182,weighted,10,0.5121417197452229,0,24,None,66,1,5,False,1,1
17798,183,weighted,10,0.5215963375796179,0,24,None,66,1,5,False,1,1
17799,184,weighted,10,0.5349323248407644,0,24,None,66,1,5,False,1,1
17800,180,weighted,10,0.6684912420382165,0,27,None,66,1,5,False,1,1
17801,181,weighted,10,0.6700835987261147,0,27,None,66,1,5,False,1,1
17802,182,weighted,10,0.6709792993630573,0,27,None,66,1,5,False,1,1
17803,183,weighted,10,0.6725716560509554,0,27,None,66,1,5,False,1,1
17804,184,weighted,10,0.6738654458598726,0,27,None,66,1,5,False,1,1
17805,180,weighted,10,0.6325636942675159,0,0,None,66,1,5,False,1,1
17806,181,weighted,10,0.6330613057324841,0,0,None,66,1,5,False,1,1
17807,182,weighted,10,0.6328622611464968,0,0,None,66,1,5,False,1,1
17808,183,weighted,10,0.632265127388535,0,0,None,66,1,5,False,1,1
17809,184,weighted,10,0.6323646496815286,0,0,None,66,1,5,False,1,1
17810,180,weighted,10,0.605593152866242,0,31,None,66,1,5,False,1,1
17811,181,weighted,10,0.6107683121019108,0,31,None,66,1,5,False,1,1
17812,182,weighted,10,0.613953025477707,0,31,None,66,1,5,False,1,1
17813,183,weighted,10,0.6157444267515924,0,31,None,66,1,5,False,1,1
17814,184,weighted,10,0.6175358280254777,0,31,None,66,1,5,False,1,1
17815,180,weighted,10,0.6685907643312102,0,30,None,66,1,5,False,1,1
17816,181,weighted,10,0.6692874203821656,0,30,None,66,1,5,False,1,1
17817,182,weighted,10,0.6692874203821656,0,30,None,66,1,5,False,1,1
17818,183,weighted,10,0.6703821656050956,0,30,None,66,1,5,False,1,1
17819,184,weighted,10,0.6717754777070064,0,30,None,66,1,5,False,1,1
17820,185,weighted,10,0.5109474522292994,0,24,None,66,1,5,False,1,1
17821,186,weighted,10,0.519406847133758,0,24,None,66,1,5,False,1,1
17822,187,weighted,10,0.5313495222929936,0,24,None,66,1,5,False,1,1
17823,188,weighted,10,0.5440883757961783,0,24,None,66,1,5,False,1,1
17824,189,weighted,10,0.5547372611464968,0,24,None,66,1,5,False,1,1
17825,185,weighted,10,0.6424164012738853,0,21,None,66,1,5,False,1,1
17826,186,weighted,10,0.6404259554140127,0,21,None,66,1,5,False,1,1
17827,187,weighted,10,0.6421178343949044,0,21,None,66,1,5,False,1,1
17828,188,weighted,10,0.6438097133757962,0,21,None,66,1,5,False,1,1
17829,189,weighted,10,0.6450039808917197,0,21,None,66,1,5,False,1,1
17830,185,weighted,10,0.6714769108280255,0,27,None,66,1,5,False,1,1
17831,186,weighted,10,0.6727707006369427,0,27,None,66,1,5,False,1,1
17832,187,weighted,10,0.6739649681528662,0,27,None,66,1,5,False,1,1
17833,188,weighted,10,0.6754578025477707,0,27,None,66,1,5,False,1,1
17834,189,weighted,10,0.6752587579617835,0,27,None,66,1,5,False,1,1
17835,185,weighted,10,0.6413216560509554,0,1,None,66,1,5,False,1,1
17836,186,weighted,10,0.661922770700637,0,1,None,66,1,5,False,1,1
17837,187,weighted,10,0.6705812101910829,0,1,None,66,1,5,False,1,1
17838,188,weighted,10,0.6759554140127388,0,1,None,66,1,5,False,1,1
17839,189,weighted,10,0.6814291401273885,0,1,None,66,1,5,False,1,1
17840,185,weighted,10,0.5897691082802548,0,2,None,66,1,5,False,1,1
17841,186,weighted,10,0.5744426751592356,0,2,None,66,1,5,False,1,1
17842,187,weighted,10,0.5636942675159236,0,2,None,66,1,5,False,1,1
17843,188,weighted,10,0.5550358280254777,0,2,None,66,1,5,False,1,1
17844,189,weighted,10,0.5504578025477707,0,2,None,66,1,5,False,1,1
17845,185,weighted,10,0.6873009554140127,0,11,None,66,1,5,False,1,1
17846,186,weighted,10,0.6868033439490446,0,11,None,66,1,5,False,1,1
17847,187,weighted,10,0.6853105095541401,0,11,None,66,1,5,False,1,1
17848,188,weighted,10,0.685609076433121,0,11,None,66,1,5,False,1,1
17849,189,weighted,10,0.6857085987261147,0,11,None,66,1,5,False,1,1
17850,185,weighted,10,0.6464968152866242,0,17,None,66,1,5,False,1,1
17851,186,weighted,10,0.6472929936305732,0,17,None,66,1,5,False,1,1
17852,187,weighted,10,0.6472929936305732,0,17,None,66,1,5,False,1,1
17853,188,weighted,10,0.6481886942675159,0,17,None,66,1,5,False,1,1
17854,189,weighted,10,0.6507762738853503,0,17,None,66,1,5,False,1,1
17855,185,weighted,10,0.6547571656050956,0,22,None,66,1,5,False,1,1
17856,186,weighted,10,0.653562898089172,0,22,None,66,1,5,False,1,1
17857,187,weighted,10,0.6532643312101911,0,22,None,66,1,5,False,1,1
17858,188,weighted,10,0.6525676751592356,0,22,None,66,1,5,False,1,1
17859,189,weighted,10,0.6526671974522293,0,22,None,66,1,5,False,1,1
17860,185,weighted,10,0.5420979299363057,0,32,None,66,1,5,False,1,1
17861,186,weighted,10,0.5407046178343949,0,32,None,66,1,5,False,1,1
17862,187,weighted,10,0.5403065286624203,0,32,None,66,1,5,False,1,1
17863,188,weighted,10,0.5406050955414012,0,32,None,66,1,5,False,1,1
17864,189,weighted,10,0.5411027070063694,0,32,None,66,1,5,False,1,1
17865,185,weighted,10,0.6940684713375797,0,16,None,66,1,5,False,1,1
17866,186,weighted,10,0.6944665605095541,0,16,None,66,1,5,False,1,1
17867,187,weighted,10,0.6945660828025477,0,16,None,66,1,5,False,1,1
17868,188,weighted,10,0.6951632165605095,0,16,None,66,1,5,False,1,1
17869,189,weighted,10,0.6953622611464968,0,16,None,66,1,5,False,1,1
17870,185,weighted,10,0.6726711783439491,0,13,None,66,1,5,False,1,1
17871,186,weighted,10,0.6730692675159236,0,13,None,66,1,5,False,1,1
17872,187,weighted,10,0.674562101910828,0,13,None,66,1,5,False,1,1
17873,188,weighted,10,0.6759554140127388,0,13,None,66,1,5,False,1,1
17874,189,weighted,10,0.6776472929936306,0,13,None,66,1,5,False,1,1
17875,185,weighted,10,0.6487858280254777,0,25,None,66,1,5,False,1,1
17876,186,weighted,10,0.6366441082802548,0,25,None,66,1,5,False,1,1
17877,187,weighted,10,0.6311703821656051,0,25,None,66,1,5,False,1,1
17878,188,weighted,10,0.6275875796178344,0,25,None,66,1,5,False,1,1
17879,189,weighted,10,0.6256966560509554,0,25,None,66,1,5,False,1,1
17880,185,weighted,10,0.5715565286624203,0,23,None,66,1,5,False,1,1
17881,186,weighted,10,0.5749402866242038,0,23,None,66,1,5,False,1,1
17882,187,weighted,10,0.576234076433121,0,23,None,66,1,5,False,1,1
17883,188,weighted,10,0.5774283439490446,0,23,None,66,1,5,False,1,1
17884,189,weighted,10,0.5773288216560509,0,23,None,66,1,5,False,1,1
17885,185,weighted,10,0.6271894904458599,0,28,None,66,1,5,False,1,1
17886,186,weighted,10,0.6290804140127388,0,28,None,66,1,5,False,1,1
17887,187,weighted,10,0.6313694267515924,0,28,None,66,1,5,False,1,1
17888,188,weighted,10,0.6331608280254777,0,28,None,66,1,5,False,1,1
17889,189,weighted,10,0.6363455414012739,0,28,None,66,1,5,False,1,1
17890,185,weighted,10,0.551453025477707,0,29,None,66,1,5,False,1,1
17891,186,weighted,10,0.5383160828025477,0,29,None,66,1,5,False,1,1
17892,187,weighted,10,0.5335390127388535,0,29,None,66,1,5,False,1,1
17893,188,weighted,10,0.5294585987261147,0,29,None,66,1,5,False,1,1
17894,189,weighted,10,0.5269705414012739,0,29,None,66,1,5,False,1,1
17895,185,weighted,10,0.6003184713375797,0,9,None,66,1,5,False,1,1
17896,186,weighted,10,0.6009156050955414,0,9,None,66,1,5,False,1,1
17897,187,weighted,10,0.6032046178343949,0,9,None,66,1,5,False,1,1
17898,188,weighted,10,0.6044984076433121,0,9,None,66,1,5,False,1,1
17899,189,weighted,10,0.6056926751592356,0,9,None,66,1,5,False,1,1
17900,185,weighted,10,0.6530652866242038,0,7,None,66,1,5,False,1,1
17901,186,weighted,10,0.6556528662420382,0,7,None,66,1,5,False,1,1
17902,187,weighted,10,0.6570461783439491,0,7,None,66,1,5,False,1,1
17903,188,weighted,10,0.6585390127388535,0,7,None,66,1,5,False,1,1
17904,189,weighted,10,0.6613256369426752,0,7,None,66,1,5,False,1,1
17905,185,weighted,10,0.6684912420382165,0,12,None,66,1,5,False,1,1
17906,186,weighted,10,0.6701831210191083,0,12,None,66,1,5,False,1,1
17907,187,weighted,10,0.67078025477707,0,12,None,66,1,5,False,1,1
17908,188,weighted,10,0.67078025477707,0,12,None,66,1,5,False,1,1
17909,189,weighted,10,0.6710788216560509,0,12,None,66,1,5,False,1,1
17910,185,weighted,10,0.5832006369426752,0,26,None,66,1,5,False,1,1
17911,186,weighted,10,0.5787221337579618,0,26,None,66,1,5,False,1,1
17912,187,weighted,10,0.5767316878980892,0,26,None,66,1,5,False,1,1
17913,188,weighted,10,0.575437898089172,0,26,None,66,1,5,False,1,1
17914,189,weighted,10,0.5742436305732485,0,26,None,66,1,5,False,1,1
17915,185,weighted,10,0.4496417197452229,0,14,None,66,1,5,False,1,1
17916,186,weighted,10,0.4375,0,14,None,66,1,5,False,1,1
17917,187,weighted,10,0.4326234076433121,0,14,None,66,1,5,False,1,1
17918,188,weighted,10,0.4296377388535032,0,14,None,66,1,5,False,1,1
17919,189,weighted,10,0.4298367834394904,0,14,None,66,1,5,False,1,1
17920,185,weighted,10,0.6733678343949044,0,30,None,66,1,5,False,1,1
17921,186,weighted,10,0.6742635350318471,0,30,None,66,1,5,False,1,1
17922,187,weighted,10,0.6753582802547771,0,30,None,66,1,5,False,1,1
17923,188,weighted,10,0.676453025477707,0,30,None,66,1,5,False,1,1
17924,189,weighted,10,0.6768511146496815,0,30,None,66,1,5,False,1,1
17925,185,weighted,10,0.6639132165605095,0,10,None,66,1,5,False,1,1
17926,186,weighted,10,0.660828025477707,0,10,None,66,1,5,False,1,1
17927,187,weighted,10,0.6602308917197452,0,10,None,66,1,5,False,1,1
17928,188,weighted,10,0.6612261146496815,0,10,None,66,1,5,False,1,1
17929,189,weighted,10,0.6614251592356688,0,10,None,66,1,5,False,1,1
17930,185,weighted,10,0.6189291401273885,0,15,None,66,1,5,False,1,1
17931,186,weighted,10,0.6191281847133758,0,15,None,66,1,5,False,1,1
17932,187,weighted,10,0.6195262738853503,0,15,None,66,1,5,False,1,1
17933,188,weighted,10,0.6196257961783439,0,15,None,66,1,5,False,1,1
17934,189,weighted,10,0.6205214968152867,0,15,None,66,1,5,False,1,1
17935,185,weighted,10,0.634156050955414,0,20,None,66,1,5,False,1,1
17936,186,weighted,10,0.6172372611464968,0,20,None,66,1,5,False,1,1
17937,187,weighted,10,0.6189291401273885,0,20,None,66,1,5,False,1,1
17938,188,weighted,10,0.6203224522292994,0,20,None,66,1,5,False,1,1
17939,189,weighted,10,0.6218152866242038,0,20,None,66,1,5,False,1,1
17940,185,weighted,10,0.5105493630573248,0,4,None,66,1,5,False,1,1
17941,186,weighted,10,0.5103503184713376,0,4,None,66,1,5,False,1,1
17942,187,weighted,10,0.5207006369426752,0,4,None,66,1,5,False,1,1
17943,188,weighted,10,0.5288614649681529,0,4,None,66,1,5,False,1,1
17944,189,weighted,10,0.5315485668789809,0,4,None,66,1,5,False,1,1
17945,185,weighted,10,0.6414211783439491,0,5,None,66,1,5,False,1,1
17946,186,weighted,10,0.6373407643312102,0,5,None,66,1,5,False,1,1
17947,187,weighted,10,0.6347531847133758,0,5,None,66,1,5,False,1,1
17948,188,weighted,10,0.6344546178343949,0,5,None,66,1,5,False,1,1
17949,189,weighted,10,0.6339570063694268,0,5,None,66,1,5,False,1,1
17950,185,weighted,10,0.6356488853503185,0,0,None,66,1,5,False,1,1
17951,186,weighted,10,0.6364450636942676,0,0,None,66,1,5,False,1,1
17952,187,weighted,10,0.6359474522292994,0,0,None,66,1,5,False,1,1
17953,188,weighted,10,0.6357484076433121,0,0,None,66,1,5,False,1,1
17954,189,weighted,10,0.6353503184713376,0,0,None,66,1,5,False,1,1
17955,185,weighted,10,0.6247014331210191,0,6,None,66,1,5,False,1,1
17956,186,weighted,10,0.6255971337579618,0,6,None,66,1,5,False,1,1
17957,187,weighted,10,0.6261942675159236,0,6,None,66,1,5,False,1,1
17958,188,weighted,10,0.6265923566878981,0,6,None,66,1,5,False,1,1
17959,189,weighted,10,0.6270899681528662,0,6,None,66,1,5,False,1,1
17960,185,weighted,10,0.6110668789808917,0,8,None,66,1,5,False,1,1
17961,186,weighted,10,0.5902667197452229,0,8,None,66,1,5,False,1,1
17962,187,weighted,10,0.5871815286624203,0,8,None,66,1,5,False,1,1
17963,188,weighted,10,0.5865843949044586,0,8,None,66,1,5,False,1,1
17964,189,weighted,10,0.5857882165605095,0,8,None,66,1,5,False,1,1
17965,185,weighted,10,0.6063893312101911,0,3,None,66,1,5,False,1,1
17966,186,weighted,10,0.6080812101910829,0,3,None,66,1,5,False,1,1
17967,187,weighted,10,0.6103702229299363,0,3,None,66,1,5,False,1,1
17968,188,weighted,10,0.613953025477707,0,3,None,66,1,5,False,1,1
17969,189,weighted,10,0.6164410828025477,0,3,None,66,1,5,False,1,1
17970,185,weighted,10,0.701234076433121,0,18,None,66,1,5,False,1,1
17971,186,weighted,10,0.6995421974522293,0,18,None,66,1,5,False,1,1
17972,187,weighted,10,0.6992436305732485,0,18,None,66,1,5,False,1,1
17973,188,weighted,10,0.6998407643312102,0,18,None,66,1,5,False,1,1
17974,189,weighted,10,0.7010350318471338,0,18,None,66,1,5,False,1,1
17975,185,weighted,10,0.5692675159235668,0,19,None,66,1,5,False,1,1
17976,186,weighted,10,0.5686703821656051,0,19,None,66,1,5,False,1,1
17977,187,weighted,10,0.5698646496815286,0,19,None,66,1,5,False,1,1
17978,188,weighted,10,0.5718550955414012,0,19,None,66,1,5,False,1,1
17979,189,weighted,10,0.5728503184713376,0,19,None,66,1,5,False,1,1
17980,185,weighted,10,0.6107683121019108,0,31,None,66,1,5,False,1,1
17981,186,weighted,10,0.618531050955414,0,31,None,66,1,5,False,1,1
17982,187,weighted,10,0.6207205414012739,0,31,None,66,1,5,False,1,1
17983,188,weighted,10,0.6221138535031847,0,31,None,66,1,5,False,1,1
17984,189,weighted,10,0.6238057324840764,0,31,None,66,1,5,False,1,1
17985,190,weighted,10,0.63953025477707,0,1,None,66,1,5,False,1,1
17986,191,weighted,10,0.6634156050955414,0,1,None,66,1,5,False,1,1
17987,192,weighted,10,0.6722730891719745,0,1,None,66,1,5,False,1,1
17988,193,weighted,10,0.6785429936305732,0,1,None,66,1,5,False,1,1
17989,194,weighted,10,0.6812300955414012,0,1,None,66,1,5,False,1,1
17990,190,weighted,10,0.5584195859872612,0,29,None,66,1,5,False,1,1
17991,191,weighted,10,0.5469745222929936,0,29,None,66,1,5,False,1,1
17992,192,weighted,10,0.5403065286624203,0,29,None,66,1,5,False,1,1
17993,193,weighted,10,0.538515127388535,0,29,None,66,1,5,False,1,1
17994,194,weighted,10,0.536922770700637,0,29,None,66,1,5,False,1,1
17995,190,weighted,10,0.4524283439490446,0,14,None,66,1,5,False,1,1
17996,191,weighted,10,0.4419785031847134,0,14,None,66,1,5,False,1,1
17997,192,weighted,10,0.4390923566878981,0,14,None,66,1,5,False,1,1
17998,193,weighted,10,0.4369028662420382,0,14,None,66,1,5,False,1,1
17999,194,weighted,10,0.4336186305732484,0,14,None,66,1,5,False,1,1
18000,190,weighted,10,0.6805334394904459,0,13,None,66,1,5,False,1,1
18001,191,weighted,10,0.6805334394904459,0,13,None,66,1,5,False,1,1
18002,192,weighted,10,0.6813296178343949,0,13,None,66,1,5,False,1,1
18003,193,weighted,10,0.681827229299363,0,13,None,66,1,5,False,1,1
18004,194,weighted,10,0.6831210191082803,0,13,None,66,1,5,False,1,1
18005,190,weighted,10,0.6528662420382165,0,25,None,66,1,5,False,1,1
18006,191,weighted,10,0.6404259554140127,0,25,None,66,1,5,False,1,1
18007,192,weighted,10,0.6336584394904459,0,25,None,66,1,5,False,1,1
18008,193,weighted,10,0.6311703821656051,0,25,None,66,1,5,False,1,1
18009,194,weighted,10,0.6297770700636943,0,25,None,66,1,5,False,1,1
18010,190,weighted,10,0.5831011146496815,0,26,None,66,1,5,False,1,1
18011,191,weighted,10,0.5802149681528662,0,26,None,66,1,5,False,1,1
18012,192,weighted,10,0.5785230891719745,0,26,None,66,1,5,False,1,1
18013,193,weighted,10,0.5765326433121019,0,26,None,66,1,5,False,1,1
18014,194,weighted,10,0.5756369426751592,0,26,None,66,1,5,False,1,1
18015,190,weighted,10,0.6969546178343949,0,16,None,66,1,5,False,1,1
18016,191,weighted,10,0.6962579617834395,0,16,None,66,1,5,False,1,1
18017,192,weighted,10,0.6964570063694268,0,16,None,66,1,5,False,1,1
18018,193,weighted,10,0.6967555732484076,0,16,None,66,1,5,False,1,1
18019,194,weighted,10,0.6977507961783439,0,16,None,66,1,5,False,1,1
18020,190,weighted,10,0.5764331210191083,0,19,None,66,1,5,False,1,1
18021,191,weighted,10,0.5753383757961783,0,19,None,66,1,5,False,1,1
18022,192,weighted,10,0.5767316878980892,0,19,None,66,1,5,False,1,1
18023,193,weighted,10,0.57703025477707,0,19,None,66,1,5,False,1,1
18024,194,weighted,10,0.5765326433121019,0,19,None,66,1,5,False,1,1
18025,190,weighted,10,0.6518710191082803,0,21,None,66,1,5,False,1,1
18026,191,weighted,10,0.648984872611465,0,21,None,66,1,5,False,1,1
18027,192,weighted,10,0.6496815286624203,0,21,None,66,1,5,False,1,1
18028,193,weighted,10,0.6508757961783439,0,21,None,66,1,5,False,1,1
18029,194,weighted,10,0.6530652866242038,0,21,None,66,1,5,False,1,1
18030,190,weighted,10,0.512937898089172,0,24,None,66,1,5,False,1,1
18031,191,weighted,10,0.5221934713375797,0,24,None,66,1,5,False,1,1
18032,192,weighted,10,0.5337380573248408,0,24,None,66,1,5,False,1,1
18033,193,weighted,10,0.5485668789808917,0,24,None,66,1,5,False,1,1
18034,194,weighted,10,0.560609076433121,0,24,None,66,1,5,False,1,1
18035,190,weighted,10,0.6744625796178344,0,27,None,66,1,5,False,1,1
18036,191,weighted,10,0.675656847133758,0,27,None,66,1,5,False,1,1
18037,192,weighted,10,0.6760549363057324,0,27,None,66,1,5,False,1,1
18038,193,weighted,10,0.6763535031847133,0,27,None,66,1,5,False,1,1
18039,194,weighted,10,0.6767515923566879,0,27,None,66,1,5,False,1,1
18040,190,weighted,10,0.6784434713375797,0,30,None,66,1,5,False,1,1
18041,191,weighted,10,0.6788415605095541,0,30,None,66,1,5,False,1,1
18042,192,weighted,10,0.6792396496815286,0,30,None,66,1,5,False,1,1
18043,193,weighted,10,0.680234872611465,0,30,None,66,1,5,False,1,1
18044,194,weighted,10,0.6809315286624203,0,30,None,66,1,5,False,1,1
18045,190,weighted,10,0.617734872611465,0,31,None,66,1,5,False,1,1
18046,191,weighted,10,0.6240047770700637,0,31,None,66,1,5,False,1,1
18047,192,weighted,10,0.6280851910828026,0,31,None,66,1,5,False,1,1
18048,193,weighted,10,0.6298765923566879,0,31,None,66,1,5,False,1,1
18049,194,weighted,10,0.6312699044585988,0,31,None,66,1,5,False,1,1
18050,190,weighted,10,0.5940485668789809,0,2,None,66,1,5,False,1,1
18051,191,weighted,10,0.5786226114649682,0,2,None,66,1,5,False,1,1
18052,192,weighted,10,0.5680732484076433,0,2,None,66,1,5,False,1,1
18053,193,weighted,10,0.5596138535031847,0,2,None,66,1,5,False,1,1
18054,194,weighted,10,0.553343949044586,0,2,None,66,1,5,False,1,1
18055,190,weighted,10,0.6456011146496815,0,5,None,66,1,5,False,1,1
18056,191,weighted,10,0.6404259554140127,0,5,None,66,1,5,False,1,1
18057,192,weighted,10,0.6392316878980892,0,5,None,66,1,5,False,1,1
18058,193,weighted,10,0.6376393312101911,0,5,None,66,1,5,False,1,1
18059,194,weighted,10,0.6369426751592356,0,5,None,66,1,5,False,1,1
18060,190,weighted,10,0.6606289808917197,0,7,None,66,1,5,False,1,1
18061,191,weighted,10,0.6623208598726115,0,7,None,66,1,5,False,1,1
18062,192,weighted,10,0.6653065286624203,0,7,None,66,1,5,False,1,1
18063,193,weighted,10,0.6665007961783439,0,7,None,66,1,5,False,1,1
18064,194,weighted,10,0.6683917197452229,0,7,None,66,1,5,False,1,1
18065,190,weighted,10,0.6053941082802548,0,9,None,66,1,5,False,1,1
18066,191,weighted,10,0.6068869426751592,0,9,None,66,1,5,False,1,1
18067,192,weighted,10,0.6081807324840764,0,9,None,66,1,5,False,1,1
18068,193,weighted,10,0.6095740445859873,0,9,None,66,1,5,False,1,1
18069,194,weighted,10,0.61046974522293,0,9,None,66,1,5,False,1,1
18070,190,weighted,10,0.6894904458598726,0,11,None,66,1,5,False,1,1
18071,191,weighted,10,0.6891918789808917,0,11,None,66,1,5,False,1,1
18072,192,weighted,10,0.68859474522293,0,11,None,66,1,5,False,1,1
18073,193,weighted,10,0.6876990445859873,0,11,None,66,1,5,False,1,1
18074,194,weighted,10,0.6879976114649682,0,11,None,66,1,5,False,1,1
18075,190,weighted,10,0.6261942675159236,0,15,None,66,1,5,False,1,1
18076,191,weighted,10,0.6253980891719745,0,15,None,66,1,5,False,1,1
18077,192,weighted,10,0.6258957006369427,0,15,None,66,1,5,False,1,1
18078,193,weighted,10,0.6259952229299363,0,15,None,66,1,5,False,1,1
18079,194,weighted,10,0.6262937898089171,0,15,None,66,1,5,False,1,1
18080,190,weighted,10,0.6713773885350318,0,12,None,66,1,5,False,1,1
18081,191,weighted,10,0.6721735668789809,0,12,None,66,1,5,False,1,1
18082,192,weighted,10,0.6722730891719745,0,12,None,66,1,5,False,1,1
18083,193,weighted,10,0.6726711783439491,0,12,None,66,1,5,False,1,1
18084,194,weighted,10,0.6730692675159236,0,12,None,66,1,5,False,1,1
18085,190,weighted,10,0.6487858280254777,0,17,None,66,1,5,False,1,1
18086,191,weighted,10,0.6504777070063694,0,17,None,66,1,5,False,1,1
18087,192,weighted,10,0.6514729299363057,0,17,None,66,1,5,False,1,1
18088,193,weighted,10,0.6528662420382165,0,17,None,66,1,5,False,1,1
18089,194,weighted,10,0.6542595541401274,0,17,None,66,1,5,False,1,1
18090,190,weighted,10,0.7023288216560509,0,18,None,66,1,5,False,1,1
18091,191,weighted,10,0.7002388535031847,0,18,None,66,1,5,False,1,1
18092,192,weighted,10,0.7013335987261147,0,18,None,66,1,5,False,1,1
18093,193,weighted,10,0.7023288216560509,0,18,None,66,1,5,False,1,1
18094,194,weighted,10,0.7025278662420382,0,18,None,66,1,5,False,1,1
18095,190,weighted,10,0.6324641719745223,0,28,None,66,1,5,False,1,1
18096,191,weighted,10,0.6324641719745223,0,28,None,66,1,5,False,1,1
18097,192,weighted,10,0.6343550955414012,0,28,None,66,1,5,False,1,1
18098,193,weighted,10,0.6365445859872612,0,28,None,66,1,5,False,1,1
18099,194,weighted,10,0.6390326433121019,0,28,None,66,1,5,False,1,1
18100,190,weighted,10,0.6415207006369427,0,0,None,66,1,5,False,1,1
18101,191,weighted,10,0.6403264331210191,0,0,None,66,1,5,False,1,1
18102,192,weighted,10,0.6397292993630573,0,0,None,66,1,5,False,1,1
18103,193,weighted,10,0.6393312101910829,0,0,None,66,1,5,False,1,1
18104,194,weighted,10,0.6394307324840764,0,0,None,66,1,5,False,1,1
18105,190,weighted,10,0.6153463375796179,0,3,None,66,1,5,False,1,1
18106,191,weighted,10,0.6157444267515924,0,3,None,66,1,5,False,1,1
18107,192,weighted,10,0.6191281847133758,0,3,None,66,1,5,False,1,1
18108,193,weighted,10,0.6216162420382165,0,3,None,66,1,5,False,1,1
18109,194,weighted,10,0.623109076433121,0,3,None,66,1,5,False,1,1
18110,190,weighted,10,0.5196058917197452,0,4,None,66,1,5,False,1,1
18111,191,weighted,10,0.5186106687898089,0,4,None,66,1,5,False,1,1
18112,192,weighted,10,0.5334394904458599,0,4,None,66,1,5,False,1,1
18113,193,weighted,10,0.5364251592356688,0,4,None,66,1,5,False,1,1
18114,194,weighted,10,0.5399084394904459,0,4,None,66,1,5,False,1,1
18115,190,weighted,10,0.628781847133758,0,6,None,66,1,5,False,1,1
18116,191,weighted,10,0.6291799363057324,0,6,None,66,1,5,False,1,1
18117,192,weighted,10,0.6296775477707006,0,6,None,66,1,5,False,1,1
18118,193,weighted,10,0.6298765923566879,0,6,None,66,1,5,False,1,1
18119,194,weighted,10,0.6298765923566879,0,6,None,66,1,5,False,1,1
18120,190,weighted,10,0.6161425159235668,0,8,None,66,1,5,False,1,1
18121,191,weighted,10,0.6008160828025477,0,8,None,66,1,5,False,1,1
18122,192,weighted,10,0.5982285031847133,0,8,None,66,1,5,False,1,1
18123,193,weighted,10,0.5977308917197452,0,8,None,66,1,5,False,1,1
18124,194,weighted,10,0.5974323248407644,0,8,None,66,1,5,False,1,1
18125,190,weighted,10,0.6675955414012739,0,10,None,66,1,5,False,1,1
18126,191,weighted,10,0.6661027070063694,0,10,None,66,1,5,False,1,1
18127,192,weighted,10,0.6655055732484076,0,10,None,66,1,5,False,1,1
18128,193,weighted,10,0.6668988853503185,0,10,None,66,1,5,False,1,1
18129,194,weighted,10,0.6682921974522293,0,10,None,66,1,5,False,1,1
18130,190,weighted,10,0.6435111464968153,0,20,None,66,1,5,False,1,1
18131,191,weighted,10,0.6263933121019108,0,20,None,66,1,5,False,1,1
18132,192,weighted,10,0.6266918789808917,0,20,None,66,1,5,False,1,1
18133,193,weighted,10,0.6280851910828026,0,20,None,66,1,5,False,1,1
18134,194,weighted,10,0.6301751592356688,0,20,None,66,1,5,False,1,1
18135,190,weighted,10,0.6569466560509554,0,22,None,66,1,5,False,1,1
18136,191,weighted,10,0.6563495222929936,0,22,None,66,1,5,False,1,1
18137,192,weighted,10,0.6556528662420382,0,22,None,66,1,5,False,1,1
18138,193,weighted,10,0.6556528662420382,0,22,None,66,1,5,False,1,1
18139,194,weighted,10,0.65515525477707,0,22,None,66,1,5,False,1,1
18140,190,weighted,10,0.5750398089171974,0,23,None,66,1,5,False,1,1
18141,191,weighted,10,0.5793192675159236,0,23,None,66,1,5,False,1,1
18142,192,weighted,10,0.5807125796178344,0,23,None,66,1,5,False,1,1
18143,193,weighted,10,0.5822054140127388,0,23,None,66,1,5,False,1,1
18144,194,weighted,10,0.5834992038216561,0,23,None,66,1,5,False,1,1
18145,190,weighted,10,0.5478702229299363,0,32,None,66,1,5,False,1,1
18146,191,weighted,10,0.5462778662420382,0,32,None,66,1,5,False,1,1
18147,192,weighted,10,0.5458797770700637,0,32,None,66,1,5,False,1,1
18148,193,weighted,10,0.5458797770700637,0,32,None,66,1,5,False,1,1
18149,194,weighted,10,0.5460788216560509,0,32,None,66,1,5,False,1,1
18150,195,weighted,10,0.6375398089171974,0,1,None,66,1,5,False,1,1
18151,196,weighted,10,0.662718949044586,0,1,None,66,1,5,False,1,1
18152,197,weighted,10,0.6733678343949044,0,1,None,66,1,5,False,1,1
18153,198,weighted,10,0.6785429936305732,0,1,None,66,1,5,False,1,1
18154,199,weighted,10,0.6826234076433121,0,1,None,66,1,5,False,1,1
18155,195,weighted,10,0.5841958598726115,0,23,None,66,1,5,False,1,1
18156,196,weighted,10,0.5850915605095541,0,23,None,66,1,5,False,1,1
18157,197,weighted,10,0.586484872611465,0,23,None,66,1,5,False,1,1
18158,198,weighted,10,0.5876791401273885,0,23,None,66,1,5,False,1,1
18159,199,weighted,10,0.5871815286624203,0,23,None,66,1,5,False,1,1
18160,195,weighted,10,0.564390923566879,0,29,None,66,1,5,False,1,1
18161,196,weighted,10,0.5544386942675159,0,29,None,66,1,5,False,1,1
18162,197,weighted,10,0.5493630573248408,0,29,None,66,1,5,False,1,1
18163,198,weighted,10,0.5462778662420382,0,29,None,66,1,5,False,1,1
18164,199,weighted,10,0.5453821656050956,0,29,None,66,1,5,False,1,1
18165,195,weighted,10,0.6840167197452229,0,13,None,66,1,5,False,1,1
18166,196,weighted,10,0.6839171974522293,0,13,None,66,1,5,False,1,1
18167,197,weighted,10,0.6843152866242038,0,13,None,66,1,5,False,1,1
18168,198,weighted,10,0.6846138535031847,0,13,None,66,1,5,False,1,1
18169,199,weighted,10,0.6845143312101911,0,13,None,66,1,5,False,1,1
18170,195,weighted,10,0.6563495222929936,0,25,None,66,1,5,False,1,1
18171,196,weighted,10,0.6439092356687898,0,25,None,66,1,5,False,1,1
18172,197,weighted,10,0.6372412420382165,0,25,None,66,1,5,False,1,1
18173,198,weighted,10,0.6357484076433121,0,25,None,66,1,5,False,1,1
18174,199,weighted,10,0.6326632165605095,0,25,None,66,1,5,False,1,1
18175,195,weighted,10,0.6202229299363057,0,31,None,66,1,5,False,1,1
18176,196,weighted,10,0.6315684713375797,0,31,None,66,1,5,False,1,1
18177,197,weighted,10,0.6355493630573248,0,31,None,66,1,5,False,1,1
18178,198,weighted,10,0.6396297770700637,0,31,None,66,1,5,False,1,1
18179,199,weighted,10,0.6405254777070064,0,31,None,66,1,5,False,1,1
18180,195,weighted,10,0.6605294585987261,0,22,None,66,1,5,False,1,1
18181,196,weighted,10,0.6579418789808917,0,22,None,66,1,5,False,1,1
18182,197,weighted,10,0.65734474522293,0,22,None,66,1,5,False,1,1
18183,198,weighted,10,0.6566480891719745,0,22,None,66,1,5,False,1,1
18184,199,weighted,10,0.6561504777070064,0,22,None,66,1,5,False,1,1
18185,195,weighted,10,0.4555135350318471,0,14,None,66,1,5,False,1,1
18186,196,weighted,10,0.4467555732484076,0,14,None,66,1,5,False,1,1
18187,197,weighted,10,0.4425756369426751,0,14,None,66,1,5,False,1,1
18188,198,weighted,10,0.4413813694267516,0,14,None,66,1,5,False,1,1
18189,199,weighted,10,0.4404856687898089,0,14,None,66,1,5,False,1,1
18190,195,weighted,10,0.5887738853503185,0,26,None,66,1,5,False,1,1
18191,196,weighted,10,0.5842953821656051,0,26,None,66,1,5,False,1,1
18192,197,weighted,10,0.5828025477707006,0,26,None,66,1,5,False,1,1
18193,198,weighted,10,0.5814092356687898,0,26,None,66,1,5,False,1,1
18194,199,weighted,10,0.5794187898089171,0,26,None,66,1,5,False,1,1
18195,195,weighted,10,0.6806329617834395,0,30,None,66,1,5,False,1,1
18196,196,weighted,10,0.6821257961783439,0,30,None,66,1,5,False,1,1
18197,197,weighted,10,0.6831210191082803,0,30,None,66,1,5,False,1,1
18198,198,weighted,10,0.6835191082802548,0,30,None,66,1,5,False,1,1
18199,199,weighted,10,0.683718152866242,0,30,None,66,1,5,False,1,1
18200,195,weighted,10,0.6767515923566879,0,27,None,66,1,5,False,1,1
18201,196,weighted,10,0.6776472929936306,0,27,None,66,1,5,False,1,1
18202,197,weighted,10,0.6774482484076433,0,27,None,66,1,5,False,1,1
18203,198,weighted,10,0.6781449044585988,0,27,None,66,1,5,False,1,1
18204,199,weighted,10,0.6777468152866242,0,27,None,66,1,5,False,1,1
18205,195,weighted,10,0.5855891719745223,0,19,None,66,1,5,False,1,1
18206,196,weighted,10,0.5814092356687898,0,19,None,66,1,5,False,1,1
18207,197,weighted,10,0.5799164012738853,0,19,None,66,1,5,False,1,1
18208,198,weighted,10,0.5804140127388535,0,19,None,66,1,5,False,1,1
18209,199,weighted,10,0.5812101910828026,0,19,None,66,1,5,False,1,1
18210,195,weighted,10,0.6577428343949044,0,21,None,66,1,5,False,1,1
18211,196,weighted,10,0.6559514331210191,0,21,None,66,1,5,False,1,1
18212,197,weighted,10,0.6565485668789809,0,21,None,66,1,5,False,1,1
18213,198,weighted,10,0.6587380573248408,0,21,None,66,1,5,False,1,1
18214,199,weighted,10,0.6593351910828026,0,21,None,66,1,5,False,1,1
18215,195,weighted,10,0.5206011146496815,0,24,None,66,1,5,False,1,1
18216,196,weighted,10,0.5321457006369427,0,24,None,66,1,5,False,1,1
18217,197,weighted,10,0.54796974522293,0,24,None,66,1,5,False,1,1
18218,198,weighted,10,0.5597133757961783,0,24,None,66,1,5,False,1,1
18219,199,weighted,10,0.5720541401273885,0,24,None,66,1,5,False,1,1
18220,195,weighted,10,0.5569267515923567,0,32,None,66,1,5,False,1,1
18221,196,weighted,10,0.5531449044585988,0,32,None,66,1,5,False,1,1
18222,197,weighted,10,0.5521496815286624,0,32,None,66,1,5,False,1,1
18223,198,weighted,10,0.5516520700636943,0,32,None,66,1,5,False,1,1
18224,199,weighted,10,0.551453025477707,0,32,None,66,1,5,False,1,1
18225,195,weighted,10,0.6312699044585988,0,6,None,66,1,5,False,1,1
18226,196,weighted,10,0.6318670382165605,0,6,None,66,1,5,False,1,1
18227,197,weighted,10,0.6319665605095541,0,6,None,66,1,5,False,1,1
18228,198,weighted,10,0.6327627388535032,0,6,None,66,1,5,False,1,1
18229,199,weighted,10,0.6328622611464968,0,6,None,66,1,5,False,1,1
18230,195,weighted,10,0.5999203821656051,0,2,None,66,1,5,False,1,1
18231,196,weighted,10,0.5832006369426752,0,2,None,66,1,5,False,1,1
18232,197,weighted,10,0.5720541401273885,0,2,None,66,1,5,False,1,1
18233,198,weighted,10,0.5631966560509554,0,2,None,66,1,5,False,1,1
18234,199,weighted,10,0.5583200636942676,0,2,None,66,1,5,False,1,1
18235,195,weighted,10,0.6487858280254777,0,5,None,66,1,5,False,1,1
18236,196,weighted,10,0.6454020700636943,0,5,None,66,1,5,False,1,1
18237,197,weighted,10,0.6439092356687898,0,5,None,66,1,5,False,1,1
18238,198,weighted,10,0.6429140127388535,0,5,None,66,1,5,False,1,1
18239,199,weighted,10,0.6423168789808917,0,5,None,66,1,5,False,1,1
18240,195,weighted,10,0.6451035031847133,0,0,None,66,1,5,False,1,1
18241,196,weighted,10,0.643312101910828,0,0,None,66,1,5,False,1,1
18242,197,weighted,10,0.6434116242038217,0,0,None,66,1,5,False,1,1
18243,198,weighted,10,0.643312101910828,0,0,None,66,1,5,False,1,1
18244,199,weighted,10,0.6428144904458599,0,0,None,66,1,5,False,1,1
18245,195,weighted,10,0.6069864649681529,0,9,None,66,1,5,False,1,1
18246,196,weighted,10,0.6077826433121019,0,9,None,66,1,5,False,1,1
18247,197,weighted,10,0.6091759554140127,0,9,None,66,1,5,False,1,1
18248,198,weighted,10,0.611265923566879,0,9,None,66,1,5,False,1,1
18249,199,weighted,10,0.6124601910828026,0,9,None,66,1,5,False,1,1
18250,195,weighted,10,0.6721735668789809,0,10,None,66,1,5,False,1,1
18251,196,weighted,10,0.6709792993630573,0,10,None,66,1,5,False,1,1
18252,197,weighted,10,0.6713773885350318,0,10,None,66,1,5,False,1,1
18253,198,weighted,10,0.6725716560509554,0,10,None,66,1,5,False,1,1
18254,199,weighted,10,0.6741640127388535,0,10,None,66,1,5,False,1,1
18255,195,weighted,10,0.6937699044585988,0,11,None,66,1,5,False,1,1
18256,196,weighted,10,0.6918789808917197,0,11,None,66,1,5,False,1,1
18257,197,weighted,10,0.6915804140127388,0,11,None,66,1,5,False,1,1
18258,198,weighted,10,0.6910828025477707,0,11,None,66,1,5,False,1,1
18259,199,weighted,10,0.6909832802547771,0,11,None,66,1,5,False,1,1
18260,195,weighted,10,0.6736664012738853,0,12,None,66,1,5,False,1,1
18261,196,weighted,10,0.674562101910828,0,12,None,66,1,5,False,1,1
18262,197,weighted,10,0.6746616242038217,0,12,None,66,1,5,False,1,1
18263,198,weighted,10,0.6757563694267515,0,12,None,66,1,5,False,1,1
18264,199,weighted,10,0.6759554140127388,0,12,None,66,1,5,False,1,1
18265,195,weighted,10,0.6309713375796179,0,15,None,66,1,5,False,1,1
18266,196,weighted,10,0.6289808917197452,0,15,None,66,1,5,False,1,1
18267,197,weighted,10,0.6292794585987261,0,15,None,66,1,5,False,1,1
18268,198,weighted,10,0.6296775477707006,0,15,None,66,1,5,False,1,1
18269,199,weighted,10,0.6300756369426752,0,15,None,66,1,5,False,1,1
18270,195,weighted,10,0.653562898089172,0,17,None,66,1,5,False,1,1
18271,196,weighted,10,0.6555533439490446,0,17,None,66,1,5,False,1,1
18272,197,weighted,10,0.6570461783439491,0,17,None,66,1,5,False,1,1
18273,198,weighted,10,0.6577428343949044,0,17,None,66,1,5,False,1,1
18274,199,weighted,10,0.6582404458598726,0,17,None,66,1,5,False,1,1
18275,195,weighted,10,0.6358479299363057,0,28,None,66,1,5,False,1,1
18276,196,weighted,10,0.6363455414012739,0,28,None,66,1,5,False,1,1
18277,197,weighted,10,0.6375398089171974,0,28,None,66,1,5,False,1,1
18278,198,weighted,10,0.638734076433121,0,28,None,66,1,5,False,1,1
18279,199,weighted,10,0.6412221337579618,0,28,None,66,1,5,False,1,1
18280,195,weighted,10,0.7041202229299363,0,18,None,66,1,5,False,1,1
18281,196,weighted,10,0.7027269108280255,0,18,None,66,1,5,False,1,1
18282,197,weighted,10,0.7033240445859873,0,18,None,66,1,5,False,1,1
18283,198,weighted,10,0.7033240445859873,0,18,None,66,1,5,False,1,1
18284,199,weighted,10,0.7036226114649682,0,18,None,66,1,5,False,1,1
18285,195,weighted,10,0.5279657643312102,0,4,None,66,1,5,False,1,1
18286,196,weighted,10,0.5258757961783439,0,4,None,66,1,5,False,1,1
18287,197,weighted,10,0.5407046178343949,0,4,None,66,1,5,False,1,1
18288,198,weighted,10,0.5440883757961783,0,4,None,66,1,5,False,1,1
18289,199,weighted,10,0.5472730891719745,0,4,None,66,1,5,False,1,1
18290,195,weighted,10,0.6255971337579618,0,3,None,66,1,5,False,1,1
18291,196,weighted,10,0.6244028662420382,0,3,None,66,1,5,False,1,1
18292,197,weighted,10,0.6266918789808917,0,3,None,66,1,5,False,1,1
18293,198,weighted,10,0.6299761146496815,0,3,None,66,1,5,False,1,1
18294,199,weighted,10,0.6321656050955414,0,3,None,66,1,5,False,1,1
18295,195,weighted,10,0.6506767515923567,0,20,None,66,1,5,False,1,1
18296,196,weighted,10,0.6422173566878981,0,20,None,66,1,5,False,1,1
18297,197,weighted,10,0.6430135350318471,0,20,None,66,1,5,False,1,1
18298,198,weighted,10,0.644406847133758,0,20,None,66,1,5,False,1,1
18299,199,weighted,10,0.6455015923566879,0,20,None,66,1,5,False,1,1
18300,195,weighted,10,0.667296974522293,0,7,None,66,1,5,False,1,1
18301,196,weighted,10,0.6687898089171974,0,7,None,66,1,5,False,1,1
18302,197,weighted,10,0.6711783439490446,0,7,None,66,1,5,False,1,1
18303,198,weighted,10,0.6724721337579618,0,7,None,66,1,5,False,1,1
18304,199,weighted,10,0.6742635350318471,0,7,None,66,1,5,False,1,1
18305,195,weighted,10,0.6182324840764332,0,8,None,66,1,5,False,1,1
18306,196,weighted,10,0.6071855095541401,0,8,None,66,1,5,False,1,1
18307,197,weighted,10,0.6039012738853503,0,8,None,66,1,5,False,1,1
18308,198,weighted,10,0.6038017515923567,0,8,None,66,1,5,False,1,1
18309,199,weighted,10,0.6034036624203821,0,8,None,66,1,5,False,1,1
18310,195,weighted,10,0.6969546178343949,0,16,None,66,1,5,False,1,1
18311,196,weighted,10,0.6973527070063694,0,16,None,66,1,5,False,1,1
18312,197,weighted,10,0.6984474522292994,0,16,None,66,1,5,False,1,1
18313,198,weighted,10,0.699343152866242,0,16,None,66,1,5,False,1,1
18314,199,weighted,10,0.6995421974522293,0,16,None,66,1,5,False,1,1
0,0,unweighted,10,0.0995222929936305,0,15,None,66,1,5,False,1,1
1,1,unweighted,10,0.0995222929936305,0,15,None,66,1,5,False,1,1
2,2,unweighted,10,0.0995222929936305,0,15,None,66,1,5,False,1,1
3,3,unweighted,10,0.0995222929936305,0,15,None,66,1,5,False,1,1
4,4,unweighted,10,0.0995222929936305,0,15,None,66,1,5,False,1,1
5,0,unweighted,10,0.2040207006369426,0,10,None,66,1,5,False,1,1
6,1,unweighted,10,0.3144904458598726,0,10,None,66,1,5,False,1,1
7,2,unweighted,10,0.2819466560509554,0,10,None,66,1,5,False,1,1
8,3,unweighted,10,0.2665207006369426,0,10,None,66,1,5,False,1,1
9,4,unweighted,10,0.3024482484076433,0,10,None,66,1,5,False,1,1
10,0,unweighted,10,0.0995222929936305,0,16,None,66,1,5,False,1,1
11,1,unweighted,10,0.0995222929936305,0,16,None,66,1,5,False,1,1
12,2,unweighted,10,0.0995222929936305,0,16,None,66,1,5,False,1,1
13,3,unweighted,10,0.0995222929936305,0,16,None,66,1,5,False,1,1
14,4,unweighted,10,0.0995222929936305,0,16,None,66,1,5,False,1,1
15,0,unweighted,10,0.0997213375796178,0,11,None,66,1,5,False,1,1
16,1,unweighted,10,0.0995222929936305,0,11,None,66,1,5,False,1,1
17,2,unweighted,10,0.0995222929936305,0,11,None,66,1,5,False,1,1
18,3,unweighted,10,0.0995222929936305,0,11,None,66,1,5,False,1,1
19,4,unweighted,10,0.0995222929936305,0,11,None,66,1,5,False,1,1
20,0,unweighted,10,0.0995222929936305,0,22,None,66,1,5,False,1,1
21,1,unweighted,10,0.0995222929936305,0,22,None,66,1,5,False,1,1
22,2,unweighted,10,0.0995222929936305,0,22,None,66,1,5,False,1,1
23,3,unweighted,10,0.0995222929936305,0,22,None,66,1,5,False,1,1
24,4,unweighted,10,0.0995222929936305,0,22,None,66,1,5,False,1,1
25,0,unweighted,10,0.2665207006369426,0,17,None,66,1,5,False,1,1
26,1,unweighted,10,0.1393312101910828,0,17,None,66,1,5,False,1,1
27,2,unweighted,10,0.1044984076433121,0,17,None,66,1,5,False,1,1
28,3,unweighted,10,0.1072850318471337,0,17,None,66,1,5,False,1,1
29,4,unweighted,10,0.1935708598726114,0,17,None,66,1,5,False,1,1
30,0,unweighted,10,0.1922770700636942,0,25,None,66,1,5,False,1,1
31,1,unweighted,10,0.2123805732484076,0,25,None,66,1,5,False,1,1
32,2,unweighted,10,0.2601512738853503,0,25,None,66,1,5,False,1,1
33,3,unweighted,10,0.2431329617834395,0,25,None,66,1,5,False,1,1
34,4,unweighted,10,0.2607484076433121,0,25,None,66,1,5,False,1,1
35,0,unweighted,10,0.1186305732484076,0,24,None,66,1,5,False,1,1
36,1,unweighted,10,0.1934713375796178,0,24,None,66,1,5,False,1,1
37,2,unweighted,10,0.1979498407643312,0,24,None,66,1,5,False,1,1
38,3,unweighted,10,0.1978503184713375,0,24,None,66,1,5,False,1,1
39,4,unweighted,10,0.1977507961783439,0,24,None,66,1,5,False,1,1
40,0,unweighted,10,0.1675955414012739,0,31,None,66,1,5,False,1,1
41,1,unweighted,10,0.1180334394904458,0,31,None,66,1,5,False,1,1
42,2,unweighted,10,0.0997213375796178,0,31,None,66,1,5,False,1,1
43,3,unweighted,10,0.0999203821656051,0,31,None,66,1,5,False,1,1
44,4,unweighted,10,0.1184315286624203,0,31,None,66,1,5,False,1,1
45,0,unweighted,10,0.0995222929936305,0,32,None,66,1,5,False,1,1
46,1,unweighted,10,0.0995222929936305,0,32,None,66,1,5,False,1,1
47,2,unweighted,10,0.0995222929936305,0,32,None,66,1,5,False,1,1
48,3,unweighted,10,0.0995222929936305,0,32,None,66,1,5,False,1,1
49,4,unweighted,10,0.1111664012738853,0,32,None,66,1,5,False,1,1
50,0,unweighted,10,0.1451035031847133,0,7,None,66,1,5,False,1,1
51,1,unweighted,10,0.0995222929936305,0,7,None,66,1,5,False,1,1
52,2,unweighted,10,0.0995222929936305,0,7,None,66,1,5,False,1,1
53,3,unweighted,10,0.0995222929936305,0,7,None,66,1,5,False,1,1
54,4,unweighted,10,0.1788415605095541,0,7,None,66,1,5,False,1,1
55,0,unweighted,10,0.117436305732484,0,6,None,66,1,5,False,1,1
56,1,unweighted,10,0.0995222929936305,0,6,None,66,1,5,False,1,1
57,2,unweighted,10,0.0995222929936305,0,6,None,66,1,5,False,1,1
58,3,unweighted,10,0.0995222929936305,0,6,None,66,1,5,False,1,1
59,4,unweighted,10,0.0995222929936305,0,6,None,66,1,5,False,1,1
60,0,unweighted,10,0.0998208598726114,0,12,None,66,1,5,False,1,1
61,1,unweighted,10,0.0995222929936305,0,12,None,66,1,5,False,1,1
62,2,unweighted,10,0.0995222929936305,0,12,None,66,1,5,False,1,1
63,3,unweighted,10,0.0995222929936305,0,12,None,66,1,5,False,1,1
64,4,unweighted,10,0.0995222929936305,0,12,None,66,1,5,False,1,1
65,0,unweighted,10,0.1857085987261146,0,14,None,66,1,5,False,1,1
66,1,unweighted,10,0.1879976114649681,0,14,None,66,1,5,False,1,1
67,2,unweighted,10,0.1830214968152866,0,14,None,66,1,5,False,1,1
68,3,unweighted,10,0.1850119426751592,0,14,None,66,1,5,False,1,1
69,4,unweighted,10,0.1939689490445859,0,14,None,66,1,5,False,1,1
70,0,unweighted,10,0.1836186305732484,0,26,None,66,1,5,False,1,1
71,1,unweighted,10,0.0996218152866242,0,26,None,66,1,5,False,1,1
72,2,unweighted,10,0.1006170382165605,0,26,None,66,1,5,False,1,1
73,3,unweighted,10,0.1825238853503184,0,26,None,66,1,5,False,1,1
74,4,unweighted,10,0.1989450636942675,0,26,None,66,1,5,False,1,1
75,0,unweighted,10,0.0995222929936305,0,30,None,66,1,5,False,1,1
76,1,unweighted,10,0.0995222929936305,0,30,None,66,1,5,False,1,1
77,2,unweighted,10,0.1046974522292993,0,30,None,66,1,5,False,1,1
78,3,unweighted,10,0.1591361464968153,0,30,None,66,1,5,False,1,1
79,4,unweighted,10,0.190187101910828,0,30,None,66,1,5,False,1,1
80,0,unweighted,10,0.1204219745222929,0,1,None,66,1,5,False,1,1
81,1,unweighted,10,0.2308917197452229,0,1,None,66,1,5,False,1,1
82,2,unweighted,10,0.2574641719745223,0,1,None,66,1,5,False,1,1
83,3,unweighted,10,0.3107085987261146,0,1,None,66,1,5,False,1,1
84,4,unweighted,10,0.3131966560509554,0,1,None,66,1,5,False,1,1
85,0,unweighted,10,0.1539609872611465,0,2,None,66,1,5,False,1,1
86,1,unweighted,10,0.1714769108280254,0,2,None,66,1,5,False,1,1
87,2,unweighted,10,0.1636146496815286,0,2,None,66,1,5,False,1,1
88,3,unweighted,10,0.1678941082802547,0,2,None,66,1,5,False,1,1
89,4,unweighted,10,0.2261146496815286,0,2,None,66,1,5,False,1,1
90,0,unweighted,10,0.0995222929936305,0,5,None,66,1,5,False,1,1
91,1,unweighted,10,0.0995222929936305,0,5,None,66,1,5,False,1,1
92,2,unweighted,10,0.0995222929936305,0,5,None,66,1,5,False,1,1
93,3,unweighted,10,0.1365445859872611,0,5,None,66,1,5,False,1,1
94,4,unweighted,10,0.1898885350318471,0,5,None,66,1,5,False,1,1
95,0,unweighted,10,0.1206210191082802,0,9,None,66,1,5,False,1,1
96,1,unweighted,10,0.1002189490445859,0,9,None,66,1,5,False,1,1
97,2,unweighted,10,0.0995222929936305,0,9,None,66,1,5,False,1,1
98,3,unweighted,10,0.0995222929936305,0,9,None,66,1,5,False,1,1
99,4,unweighted,10,0.1034036624203821,0,9,None,66,1,5,False,1,1
100,0,unweighted,10,0.0995222929936305,0,0,None,66,1,5,False,1,1
101,1,unweighted,10,0.0995222929936305,0,0,None,66,1,5,False,1,1
102,2,unweighted,10,0.0995222929936305,0,0,None,66,1,5,False,1,1
103,3,unweighted,10,0.0995222929936305,0,0,None,66,1,5,False,1,1
104,4,unweighted,10,0.0995222929936305,0,0,None,66,1,5,False,1,1
105,0,unweighted,10,0.1874004777070063,0,13,None,66,1,5,False,1,1
106,1,unweighted,10,0.2257165605095541,0,13,None,66,1,5,False,1,1
107,2,unweighted,10,0.2510947452229299,0,13,None,66,1,5,False,1,1
108,3,unweighted,10,0.2276074840764331,0,13,None,66,1,5,False,1,1
109,4,unweighted,10,0.2125796178343949,0,13,None,66,1,5,False,1,1
110,0,unweighted,10,0.0995222929936305,0,23,None,66,1,5,False,1,1
111,1,unweighted,10,0.0995222929936305,0,23,None,66,1,5,False,1,1
112,2,unweighted,10,0.0995222929936305,0,23,None,66,1,5,False,1,1
113,3,unweighted,10,0.1195262738853503,0,23,None,66,1,5,False,1,1
114,4,unweighted,10,0.1930732484076433,0,23,None,66,1,5,False,1,1
115,0,unweighted,10,0.0995222929936305,0,28,None,66,1,5,False,1,1
116,1,unweighted,10,0.0995222929936305,0,28,None,66,1,5,False,1,1
117,2,unweighted,10,0.0995222929936305,0,28,None,66,1,5,False,1,1
118,3,unweighted,10,0.0995222929936305,0,28,None,66,1,5,False,1,1
119,4,unweighted,10,0.1724721337579617,0,28,None,66,1,5,False,1,1
120,0,unweighted,10,0.1706807324840764,0,27,None,66,1,5,False,1,1
121,1,unweighted,10,0.1871019108280254,0,27,None,66,1,5,False,1,1
122,2,unweighted,10,0.1911823248407643,0,27,None,66,1,5,False,1,1
123,3,unweighted,10,0.1906847133757961,0,27,None,66,1,5,False,1,1
124,4,unweighted,10,0.1892914012738853,0,27,None,66,1,5,False,1,1
125,0,unweighted,10,0.1894904458598726,0,29,None,66,1,5,False,1,1
126,1,unweighted,10,0.1883957006369426,0,29,None,66,1,5,False,1,1
127,2,unweighted,10,0.1664012738853503,0,29,None,66,1,5,False,1,1
128,3,unweighted,10,0.1934713375796178,0,29,None,66,1,5,False,1,1
129,4,unweighted,10,0.198546974522293,0,29,None,66,1,5,False,1,1
130,0,unweighted,10,0.1756568471337579,0,18,None,66,1,5,False,1,1
131,1,unweighted,10,0.190983280254777,0,18,None,66,1,5,False,1,1
132,2,unweighted,10,0.1921775477707006,0,18,None,66,1,5,False,1,1
133,3,unweighted,10,0.194765127388535,0,18,None,66,1,5,False,1,1
134,4,unweighted,10,0.1949641719745223,0,18,None,66,1,5,False,1,1
135,0,unweighted,10,0.0995222929936305,0,8,None,66,1,5,False,1,1
136,1,unweighted,10,0.0995222929936305,0,8,None,66,1,5,False,1,1
137,2,unweighted,10,0.1656050955414012,0,8,None,66,1,5,False,1,1
138,3,unweighted,10,0.1876990445859872,0,8,None,66,1,5,False,1,1
139,4,unweighted,10,0.1880971337579617,0,8,None,66,1,5,False,1,1
140,0,unweighted,10,0.1001194267515923,0,19,None,66,1,5,False,1,1
141,1,unweighted,10,0.0995222929936305,0,19,None,66,1,5,False,1,1
142,2,unweighted,10,0.0997213375796178,0,19,None,66,1,5,False,1,1
143,3,unweighted,10,0.1948646496815286,0,19,None,66,1,5,False,1,1
144,4,unweighted,10,0.2568670382165605,0,19,None,66,1,5,False,1,1
145,0,unweighted,10,0.2160628980891719,0,21,None,66,1,5,False,1,1
146,1,unweighted,10,0.2276074840764331,0,21,None,66,1,5,False,1,1
147,2,unweighted,10,0.2291003184713375,0,21,None,66,1,5,False,1,1
148,3,unweighted,10,0.2403463375796178,0,21,None,66,1,5,False,1,1
149,4,unweighted,10,0.2834394904458598,0,21,None,66,1,5,False,1,1
150,0,unweighted,10,0.0995222929936305,0,4,None,66,1,5,False,1,1
151,1,unweighted,10,0.0995222929936305,0,4,None,66,1,5,False,1,1
152,2,unweighted,10,0.0995222929936305,0,4,None,66,1,5,False,1,1
153,3,unweighted,10,0.0995222929936305,0,4,None,66,1,5,False,1,1
154,4,unweighted,10,0.0995222929936305,0,4,None,66,1,5,False,1,1
155,0,unweighted,10,0.0995222929936305,0,20,None,66,1,5,False,1,1
156,1,unweighted,10,0.0995222929936305,0,20,None,66,1,5,False,1,1
157,2,unweighted,10,0.1428144904458598,0,20,None,66,1,5,False,1,1
158,3,unweighted,10,0.1995421974522293,0,20,None,66,1,5,False,1,1
159,4,unweighted,10,0.2442277070063694,0,20,None,66,1,5,False,1,1
160,0,unweighted,10,0.2527866242038216,0,3,None,66,1,5,False,1,1
161,1,unweighted,10,0.208499203821656,0,3,None,66,1,5,False,1,1
162,2,unweighted,10,0.1808320063694267,0,3,None,66,1,5,False,1,1
163,3,unweighted,10,0.1922770700636942,0,3,None,66,1,5,False,1,1
164,4,unweighted,10,0.2533837579617834,0,3,None,66,1,5,False,1,1
165,5,unweighted,10,0.169984076433121,0,27,None,66,1,5,False,1,1
166,6,unweighted,10,0.1513734076433121,0,27,None,66,1,5,False,1,1
167,7,unweighted,10,0.1446058917197452,0,27,None,66,1,5,False,1,1
168,8,unweighted,10,0.1865047770700637,0,27,None,66,1,5,False,1,1
169,9,unweighted,10,0.2138734076433121,0,27,None,66,1,5,False,1,1
170,5,unweighted,10,0.1298765923566879,0,31,None,66,1,5,False,1,1
171,6,unweighted,10,0.0995222929936305,0,31,None,66,1,5,False,1,1
172,7,unweighted,10,0.0995222929936305,0,31,None,66,1,5,False,1,1
173,8,unweighted,10,0.0995222929936305,0,31,None,66,1,5,False,1,1
174,9,unweighted,10,0.0995222929936305,0,31,None,66,1,5,False,1,1
175,5,unweighted,10,0.1192277070063694,0,19,None,66,1,5,False,1,1
176,6,unweighted,10,0.0996218152866242,0,19,None,66,1,5,False,1,1
177,7,unweighted,10,0.0995222929936305,0,19,None,66,1,5,False,1,1
178,8,unweighted,10,0.0995222929936305,0,19,None,66,1,5,False,1,1
179,9,unweighted,10,0.0995222929936305,0,19,None,66,1,5,False,1,1
180,5,unweighted,10,0.1488853503184713,0,21,None,66,1,5,False,1,1
181,6,unweighted,10,0.0995222929936305,0,21,None,66,1,5,False,1,1
182,7,unweighted,10,0.0995222929936305,0,21,None,66,1,5,False,1,1
183,8,unweighted,10,0.0995222929936305,0,21,None,66,1,5,False,1,1
184,9,unweighted,10,0.0995222929936305,0,21,None,66,1,5,False,1,1
185,5,unweighted,10,0.0995222929936305,0,18,None,66,1,5,False,1,1
186,6,unweighted,10,0.0995222929936305,0,18,None,66,1,5,False,1,1
187,7,unweighted,10,0.0995222929936305,0,18,None,66,1,5,False,1,1
188,8,unweighted,10,0.0995222929936305,0,18,None,66,1,5,False,1,1
189,9,unweighted,10,0.0995222929936305,0,18,None,66,1,5,False,1,1
190,5,unweighted,10,0.0995222929936305,0,8,None,66,1,5,False,1,1
191,6,unweighted,10,0.0995222929936305,0,8,None,66,1,5,False,1,1
192,7,unweighted,10,0.0995222929936305,0,8,None,66,1,5,False,1,1
193,8,unweighted,10,0.0995222929936305,0,8,None,66,1,5,False,1,1
194,9,unweighted,10,0.0995222929936305,0,8,None,66,1,5,False,1,1
195,5,unweighted,10,0.0995222929936305,0,30,None,66,1,5,False,1,1
196,6,unweighted,10,0.0995222929936305,0,30,None,66,1,5,False,1,1
197,7,unweighted,10,0.0995222929936305,0,30,None,66,1,5,False,1,1
198,8,unweighted,10,0.0995222929936305,0,30,None,66,1,5,False,1,1
199,9,unweighted,10,0.0995222929936305,0,30,None,66,1,5,False,1,1
200,5,unweighted,10,0.1539609872611465,0,22,None,66,1,5,False,1,1
201,6,unweighted,10,0.0995222929936305,0,22,None,66,1,5,False,1,1
202,7,unweighted,10,0.0995222929936305,0,22,None,66,1,5,False,1,1
203,8,unweighted,10,0.0995222929936305,0,22,None,66,1,5,False,1,1
204,9,unweighted,10,0.0995222929936305,0,22,None,66,1,5,False,1,1
205,5,unweighted,10,0.0995222929936305,0,23,None,66,1,5,False,1,1
206,6,unweighted,10,0.0995222929936305,0,23,None,66,1,5,False,1,1
207,7,unweighted,10,0.0995222929936305,0,23,None,66,1,5,False,1,1
208,8,unweighted,10,0.0995222929936305,0,23,None,66,1,5,False,1,1
209,9,unweighted,10,0.0995222929936305,0,23,None,66,1,5,False,1,1
210,5,unweighted,10,0.0995222929936305,0,2,None,66,1,5,False,1,1
211,6,unweighted,10,0.0995222929936305,0,2,None,66,1,5,False,1,1
212,7,unweighted,10,0.0995222929936305,0,2,None,66,1,5,False,1,1
213,8,unweighted,10,0.0995222929936305,0,2,None,66,1,5,False,1,1
214,9,unweighted,10,0.0995222929936305,0,2,None,66,1,5,False,1,1
215,5,unweighted,10,0.0995222929936305,0,5,None,66,1,5,False,1,1
216,6,unweighted,10,0.0995222929936305,0,5,None,66,1,5,False,1,1
217,7,unweighted,10,0.0995222929936305,0,5,None,66,1,5,False,1,1
218,8,unweighted,10,0.0995222929936305,0,5,None,66,1,5,False,1,1
219,9,unweighted,10,0.0995222929936305,0,5,None,66,1,5,False,1,1
220,5,unweighted,10,0.0995222929936305,0,16,None,66,1,5,False,1,1
221,6,unweighted,10,0.0995222929936305,0,16,None,66,1,5,False,1,1
222,7,unweighted,10,0.0995222929936305,0,16,None,66,1,5,False,1,1
223,8,unweighted,10,0.0995222929936305,0,16,None,66,1,5,False,1,1
224,9,unweighted,10,0.0995222929936305,0,16,None,66,1,5,False,1,1
225,5,unweighted,10,0.1298765923566879,0,7,None,66,1,5,False,1,1
226,6,unweighted,10,0.1792396496815286,0,7,None,66,1,5,False,1,1
227,7,unweighted,10,0.1535628980891719,0,7,None,66,1,5,False,1,1
228,8,unweighted,10,0.1057921974522293,0,7,None,66,1,5,False,1,1
229,9,unweighted,10,0.0998208598726114,0,7,None,66,1,5,False,1,1
230,5,unweighted,10,0.0995222929936305,0,32,None,66,1,5,False,1,1
231,6,unweighted,10,0.0995222929936305,0,32,None,66,1,5,False,1,1
232,7,unweighted,10,0.0995222929936305,0,32,None,66,1,5,False,1,1
233,8,unweighted,10,0.0995222929936305,0,32,None,66,1,5,False,1,1
234,9,unweighted,10,0.0995222929936305,0,32,None,66,1,5,False,1,1
235,5,unweighted,10,0.0995222929936305,0,14,None,66,1,5,False,1,1
236,6,unweighted,10,0.0998208598726114,0,14,None,66,1,5,False,1,1
237,7,unweighted,10,0.1400278662420382,0,14,None,66,1,5,False,1,1
238,8,unweighted,10,0.1713773885350318,0,14,None,66,1,5,False,1,1
239,9,unweighted,10,0.1744625796178344,0,14,None,66,1,5,False,1,1
240,5,unweighted,10,0.0995222929936305,0,12,None,66,1,5,False,1,1
241,6,unweighted,10,0.0995222929936305,0,12,None,66,1,5,False,1,1
242,7,unweighted,10,0.0995222929936305,0,12,None,66,1,5,False,1,1
243,8,unweighted,10,0.0995222929936305,0,12,None,66,1,5,False,1,1
244,9,unweighted,10,0.0995222929936305,0,12,None,66,1,5,False,1,1
245,5,unweighted,10,0.0995222929936305,0,6,None,66,1,5,False,1,1
246,6,unweighted,10,0.0995222929936305,0,6,None,66,1,5,False,1,1
247,7,unweighted,10,0.0995222929936305,0,6,None,66,1,5,False,1,1
248,8,unweighted,10,0.0995222929936305,0,6,None,66,1,5,False,1,1
249,9,unweighted,10,0.0995222929936305,0,6,None,66,1,5,False,1,1
250,5,unweighted,10,0.1815286624203821,0,13,None,66,1,5,False,1,1
251,6,unweighted,10,0.1841162420382165,0,13,None,66,1,5,False,1,1
252,7,unweighted,10,0.0995222929936305,0,13,None,66,1,5,False,1,1
253,8,unweighted,10,0.0995222929936305,0,13,None,66,1,5,False,1,1
254,9,unweighted,10,0.0995222929936305,0,13,None,66,1,5,False,1,1
255,5,unweighted,10,0.1545581210191083,0,25,None,66,1,5,False,1,1
256,6,unweighted,10,0.1363455414012739,0,25,None,66,1,5,False,1,1
257,7,unweighted,10,0.1072850318471337,0,25,None,66,1,5,False,1,1
258,8,unweighted,10,0.1017117834394904,0,25,None,66,1,5,False,1,1
259,9,unweighted,10,0.1022093949044586,0,25,None,66,1,5,False,1,1
260,5,unweighted,10,0.1148487261146496,0,26,None,66,1,5,False,1,1
261,6,unweighted,10,0.0995222929936305,0,26,None,66,1,5,False,1,1
262,7,unweighted,10,0.0995222929936305,0,26,None,66,1,5,False,1,1
263,8,unweighted,10,0.0995222929936305,0,26,None,66,1,5,False,1,1
264,9,unweighted,10,0.0995222929936305,0,26,None,66,1,5,False,1,1
265,5,unweighted,10,0.1327627388535031,0,24,None,66,1,5,False,1,1
266,6,unweighted,10,0.1927746815286624,0,24,None,66,1,5,False,1,1
267,7,unweighted,10,0.1935708598726114,0,24,None,66,1,5,False,1,1
268,8,unweighted,10,0.1927746815286624,0,24,None,66,1,5,False,1,1
269,9,unweighted,10,0.1922770700636942,0,24,None,66,1,5,False,1,1
270,5,unweighted,10,0.0995222929936305,0,17,None,66,1,5,False,1,1
271,6,unweighted,10,0.0995222929936305,0,17,None,66,1,5,False,1,1
272,7,unweighted,10,0.0995222929936305,0,17,None,66,1,5,False,1,1
273,8,unweighted,10,0.0995222929936305,0,17,None,66,1,5,False,1,1
274,9,unweighted,10,0.0995222929936305,0,17,None,66,1,5,False,1,1
275,5,unweighted,10,0.0995222929936305,0,28,None,66,1,5,False,1,1
276,6,unweighted,10,0.0995222929936305,0,28,None,66,1,5,False,1,1
277,7,unweighted,10,0.0995222929936305,0,28,None,66,1,5,False,1,1
278,8,unweighted,10,0.0995222929936305,0,28,None,66,1,5,False,1,1
279,9,unweighted,10,0.0995222929936305,0,28,None,66,1,5,False,1,1
280,5,unweighted,10,0.1766520700636942,0,29,None,66,1,5,False,1,1
281,6,unweighted,10,0.0995222929936305,0,29,None,66,1,5,False,1,1
282,7,unweighted,10,0.0995222929936305,0,29,None,66,1,5,False,1,1
283,8,unweighted,10,0.0995222929936305,0,29,None,66,1,5,False,1,1
284,9,unweighted,10,0.0995222929936305,0,29,None,66,1,5,False,1,1
285,5,unweighted,10,0.1240047770700636,0,9,None,66,1,5,False,1,1
286,6,unweighted,10,0.0995222929936305,0,9,None,66,1,5,False,1,1
287,7,unweighted,10,0.0995222929936305,0,9,None,66,1,5,False,1,1
288,8,unweighted,10,0.0995222929936305,0,9,None,66,1,5,False,1,1
289,9,unweighted,10,0.0995222929936305,0,9,None,66,1,5,False,1,1
290,5,unweighted,10,0.0995222929936305,0,1,None,66,1,5,False,1,1
291,6,unweighted,10,0.0996218152866242,0,1,None,66,1,5,False,1,1
292,7,unweighted,10,0.1358479299363057,0,1,None,66,1,5,False,1,1
293,8,unweighted,10,0.2055135350318471,0,1,None,66,1,5,False,1,1
294,9,unweighted,10,0.2291003184713375,0,1,None,66,1,5,False,1,1
295,5,unweighted,10,0.0995222929936305,0,0,None,66,1,5,False,1,1
296,6,unweighted,10,0.0995222929936305,0,0,None,66,1,5,False,1,1
297,7,unweighted,10,0.0995222929936305,0,0,None,66,1,5,False,1,1
298,8,unweighted,10,0.0995222929936305,0,0,None,66,1,5,False,1,1
299,9,unweighted,10,0.0995222929936305,0,0,None,66,1,5,False,1,1
300,5,unweighted,10,0.1184315286624203,0,11,None,66,1,5,False,1,1
301,6,unweighted,10,0.0995222929936305,0,11,None,66,1,5,False,1,1
302,7,unweighted,10,0.0995222929936305,0,11,None,66,1,5,False,1,1
303,8,unweighted,10,0.0995222929936305,0,11,None,66,1,5,False,1,1
304,9,unweighted,10,0.0995222929936305,0,11,None,66,1,5,False,1,1
305,5,unweighted,10,0.0995222929936305,0,10,None,66,1,5,False,1,1
306,6,unweighted,10,0.0995222929936305,0,10,None,66,1,5,False,1,1
307,7,unweighted,10,0.0995222929936305,0,10,None,66,1,5,False,1,1
308,8,unweighted,10,0.0995222929936305,0,10,None,66,1,5,False,1,1
309,9,unweighted,10,0.0995222929936305,0,10,None,66,1,5,False,1,1
310,5,unweighted,10,0.0995222929936305,0,15,None,66,1,5,False,1,1
311,6,unweighted,10,0.0995222929936305,0,15,None,66,1,5,False,1,1
312,7,unweighted,10,0.0995222929936305,0,15,None,66,1,5,False,1,1
313,8,unweighted,10,0.0995222929936305,0,15,None,66,1,5,False,1,1
314,9,unweighted,10,0.0995222929936305,0,15,None,66,1,5,False,1,1
315,5,unweighted,10,0.0995222929936305,0,4,None,66,1,5,False,1,1
316,6,unweighted,10,0.0995222929936305,0,4,None,66,1,5,False,1,1
317,7,unweighted,10,0.0995222929936305,0,4,None,66,1,5,False,1,1
318,8,unweighted,10,0.0995222929936305,0,4,None,66,1,5,False,1,1
319,9,unweighted,10,0.0995222929936305,0,4,None,66,1,5,False,1,1
320,5,unweighted,10,0.1310708598726114,0,3,None,66,1,5,False,1,1
321,6,unweighted,10,0.1647093949044586,0,3,None,66,1,5,False,1,1
322,7,unweighted,10,0.1292794585987261,0,3,None,66,1,5,False,1,1
323,8,unweighted,10,0.1049960191082802,0,3,None,66,1,5,False,1,1
324,9,unweighted,10,0.1006170382165605,0,3,None,66,1,5,False,1,1
325,5,unweighted,10,0.1132563694267515,0,20,None,66,1,5,False,1,1
326,6,unweighted,10,0.1698845541401273,0,20,None,66,1,5,False,1,1
327,7,unweighted,10,0.1841162420382165,0,20,None,66,1,5,False,1,1
328,8,unweighted,10,0.1871019108280254,0,20,None,66,1,5,False,1,1
329,9,unweighted,10,0.1867038216560509,0,20,None,66,1,5,False,1,1
330,10,unweighted,10,0.0995222929936305,0,30,None,66,1,5,False,1,1
331,11,unweighted,10,0.0995222929936305,0,30,None,66,1,5,False,1,1
332,12,unweighted,10,0.0995222929936305,0,30,None,66,1,5,False,1,1
333,13,unweighted,10,0.0995222929936305,0,30,None,66,1,5,False,1,1
334,14,unweighted,10,0.0995222929936305,0,30,None,66,1,5,False,1,1
335,10,unweighted,10,0.0995222929936305,0,1,None,66,1,5,False,1,1
336,11,unweighted,10,0.0995222929936305,0,1,None,66,1,5,False,1,1
337,12,unweighted,10,0.0995222929936305,0,1,None,66,1,5,False,1,1
338,13,unweighted,10,0.0995222929936305,0,1,None,66,1,5,False,1,1
339,14,unweighted,10,0.1195262738853503,0,1,None,66,1,5,False,1,1
340,10,unweighted,10,0.0995222929936305,0,21,None,66,1,5,False,1,1
341,11,unweighted,10,0.1096735668789808,0,21,None,66,1,5,False,1,1
342,12,unweighted,10,0.1843152866242038,0,21,None,66,1,5,False,1,1
343,13,unweighted,10,0.123109076433121,0,21,None,66,1,5,False,1,1
344,14,unweighted,10,0.0995222929936305,0,21,None,66,1,5,False,1,1
345,10,unweighted,10,0.0995222929936305,0,27,None,66,1,5,False,1,1
346,11,unweighted,10,0.0995222929936305,0,27,None,66,1,5,False,1,1
347,12,unweighted,10,0.0995222929936305,0,27,None,66,1,5,False,1,1
348,13,unweighted,10,0.1004179936305732,0,27,None,66,1,5,False,1,1
349,14,unweighted,10,0.1159434713375796,0,27,None,66,1,5,False,1,1
350,10,unweighted,10,0.0995222929936305,0,2,None,66,1,5,False,1,1
351,11,unweighted,10,0.0995222929936305,0,2,None,66,1,5,False,1,1
352,12,unweighted,10,0.0995222929936305,0,2,None,66,1,5,False,1,1
353,13,unweighted,10,0.0995222929936305,0,2,None,66,1,5,False,1,1
354,14,unweighted,10,0.0995222929936305,0,2,None,66,1,5,False,1,1
355,10,unweighted,10,0.0995222929936305,0,20,None,66,1,5,False,1,1
356,11,unweighted,10,0.0995222929936305,0,20,None,66,1,5,False,1,1
357,12,unweighted,10,0.1003184713375796,0,20,None,66,1,5,False,1,1
358,13,unweighted,10,0.1267914012738853,0,20,None,66,1,5,False,1,1
359,14,unweighted,10,0.163515127388535,0,20,None,66,1,5,False,1,1
360,10,unweighted,10,0.0995222929936305,0,22,None,66,1,5,False,1,1
361,11,unweighted,10,0.0995222929936305,0,22,None,66,1,5,False,1,1
362,12,unweighted,10,0.0995222929936305,0,22,None,66,1,5,False,1,1
363,13,unweighted,10,0.1581409235668789,0,22,None,66,1,5,False,1,1
364,14,unweighted,10,0.0995222929936305,0,22,None,66,1,5,False,1,1
365,10,unweighted,10,0.0995222929936305,0,5,None,66,1,5,False,1,1
366,11,unweighted,10,0.0995222929936305,0,5,None,66,1,5,False,1,1
367,12,unweighted,10,0.0995222929936305,0,5,None,66,1,5,False,1,1
368,13,unweighted,10,0.0995222929936305,0,5,None,66,1,5,False,1,1
369,14,unweighted,10,0.0995222929936305,0,5,None,66,1,5,False,1,1
370,10,unweighted,10,0.0995222929936305,0,16,None,66,1,5,False,1,1
371,11,unweighted,10,0.0995222929936305,0,16,None,66,1,5,False,1,1
372,12,unweighted,10,0.0995222929936305,0,16,None,66,1,5,False,1,1
373,13,unweighted,10,0.0995222929936305,0,16,None,66,1,5,False,1,1
374,14,unweighted,10,0.0995222929936305,0,16,None,66,1,5,False,1,1
375,10,unweighted,10,0.1737659235668789,0,14,None,66,1,5,False,1,1
376,11,unweighted,10,0.1735668789808917,0,14,None,66,1,5,False,1,1
377,12,unweighted,10,0.1738654458598726,0,14,None,66,1,5,False,1,1
378,13,unweighted,10,0.1708797770700637,0,14,None,66,1,5,False,1,1
379,14,unweighted,10,0.152468152866242,0,14,None,66,1,5,False,1,1
380,10,unweighted,10,0.0995222929936305,0,9,None,66,1,5,False,1,1
381,11,unweighted,10,0.0995222929936305,0,9,None,66,1,5,False,1,1
382,12,unweighted,10,0.0995222929936305,0,9,None,66,1,5,False,1,1
383,13,unweighted,10,0.0995222929936305,0,9,None,66,1,5,False,1,1
384,14,unweighted,10,0.0995222929936305,0,9,None,66,1,5,False,1,1
385,10,unweighted,10,0.0995222929936305,0,29,None,66,1,5,False,1,1
386,11,unweighted,10,0.0995222929936305,0,29,None,66,1,5,False,1,1
387,12,unweighted,10,0.0995222929936305,0,29,None,66,1,5,False,1,1
388,13,unweighted,10,0.0995222929936305,0,29,None,66,1,5,False,1,1
389,14,unweighted,10,0.0995222929936305,0,29,None,66,1,5,False,1,1
390,10,unweighted,10,0.0995222929936305,0,10,None,66,1,5,False,1,1
391,11,unweighted,10,0.0995222929936305,0,10,None,66,1,5,False,1,1
392,12,unweighted,10,0.0995222929936305,0,10,None,66,1,5,False,1,1
393,13,unweighted,10,0.0995222929936305,0,10,None,66,1,5,False,1,1
394,14,unweighted,10,0.0995222929936305,0,10,None,66,1,5,False,1,1
395,10,unweighted,10,0.0995222929936305,0,15,None,66,1,5,False,1,1
396,11,unweighted,10,0.0995222929936305,0,15,None,66,1,5,False,1,1
397,12,unweighted,10,0.0995222929936305,0,15,None,66,1,5,False,1,1
398,13,unweighted,10,0.0995222929936305,0,15,None,66,1,5,False,1,1
399,14,unweighted,10,0.0995222929936305,0,15,None,66,1,5,False,1,1
400,10,unweighted,10,0.0995222929936305,0,6,None,66,1,5,False,1,1
401,11,unweighted,10,0.0995222929936305,0,6,None,66,1,5,False,1,1
402,12,unweighted,10,0.0995222929936305,0,6,None,66,1,5,False,1,1
403,13,unweighted,10,0.0995222929936305,0,6,None,66,1,5,False,1,1
404,14,unweighted,10,0.0995222929936305,0,6,None,66,1,5,False,1,1
405,10,unweighted,10,0.1025079617834394,0,12,None,66,1,5,False,1,1
406,11,unweighted,10,0.0995222929936305,0,12,None,66,1,5,False,1,1
407,12,unweighted,10,0.0995222929936305,0,12,None,66,1,5,False,1,1
408,13,unweighted,10,0.0995222929936305,0,12,None,66,1,5,False,1,1
409,14,unweighted,10,0.0995222929936305,0,12,None,66,1,5,False,1,1
410,10,unweighted,10,0.0995222929936305,0,13,None,66,1,5,False,1,1
411,11,unweighted,10,0.0995222929936305,0,13,None,66,1,5,False,1,1
412,12,unweighted,10,0.0995222929936305,0,13,None,66,1,5,False,1,1
413,13,unweighted,10,0.0996218152866242,0,13,None,66,1,5,False,1,1
414,14,unweighted,10,0.177249203821656,0,13,None,66,1,5,False,1,1
415,10,unweighted,10,0.0995222929936305,0,25,None,66,1,5,False,1,1
416,11,unweighted,10,0.0995222929936305,0,25,None,66,1,5,False,1,1
417,12,unweighted,10,0.0995222929936305,0,25,None,66,1,5,False,1,1
418,13,unweighted,10,0.0995222929936305,0,25,None,66,1,5,False,1,1
419,14,unweighted,10,0.0995222929936305,0,25,None,66,1,5,False,1,1
420,10,unweighted,10,0.0995222929936305,0,26,None,66,1,5,False,1,1
421,11,unweighted,10,0.0995222929936305,0,26,None,66,1,5,False,1,1
422,12,unweighted,10,0.0995222929936305,0,26,None,66,1,5,False,1,1
423,13,unweighted,10,0.0995222929936305,0,26,None,66,1,5,False,1,1
424,14,unweighted,10,0.0995222929936305,0,26,None,66,1,5,False,1,1
425,10,unweighted,10,0.1001194267515923,0,11,None,66,1,5,False,1,1
426,11,unweighted,10,0.0995222929936305,0,11,None,66,1,5,False,1,1
427,12,unweighted,10,0.0995222929936305,0,11,None,66,1,5,False,1,1
428,13,unweighted,10,0.0995222929936305,0,11,None,66,1,5,False,1,1
429,14,unweighted,10,0.0995222929936305,0,11,None,66,1,5,False,1,1
430,10,unweighted,10,0.0995222929936305,0,17,None,66,1,5,False,1,1
431,11,unweighted,10,0.0995222929936305,0,17,None,66,1,5,False,1,1
432,12,unweighted,10,0.0995222929936305,0,17,None,66,1,5,False,1,1
433,13,unweighted,10,0.0995222929936305,0,17,None,66,1,5,False,1,1
434,14,unweighted,10,0.0995222929936305,0,17,None,66,1,5,False,1,1
435,10,unweighted,10,0.0995222929936305,0,24,None,66,1,5,False,1,1
436,11,unweighted,10,0.1359474522292993,0,24,None,66,1,5,False,1,1
437,12,unweighted,10,0.1703821656050955,0,24,None,66,1,5,False,1,1
438,13,unweighted,10,0.1741640127388535,0,24,None,66,1,5,False,1,1
439,14,unweighted,10,0.1725716560509554,0,24,None,66,1,5,False,1,1
440,10,unweighted,10,0.0995222929936305,0,8,None,66,1,5,False,1,1
441,11,unweighted,10,0.0995222929936305,0,8,None,66,1,5,False,1,1
442,12,unweighted,10,0.0995222929936305,0,8,None,66,1,5,False,1,1
443,13,unweighted,10,0.0995222929936305,0,8,None,66,1,5,False,1,1
444,14,unweighted,10,0.0995222929936305,0,8,None,66,1,5,False,1,1
445,10,unweighted,10,0.0995222929936305,0,18,None,66,1,5,False,1,1
446,11,unweighted,10,0.0995222929936305,0,18,None,66,1,5,False,1,1
447,12,unweighted,10,0.0995222929936305,0,18,None,66,1,5,False,1,1
448,13,unweighted,10,0.0995222929936305,0,18,None,66,1,5,False,1,1
449,14,unweighted,10,0.0995222929936305,0,18,None,66,1,5,False,1,1
450,10,unweighted,10,0.175358280254777,0,31,None,66,1,5,False,1,1
451,11,unweighted,10,0.0995222929936305,0,31,None,66,1,5,False,1,1
452,12,unweighted,10,0.0995222929936305,0,31,None,66,1,5,False,1,1
453,13,unweighted,10,0.0995222929936305,0,31,None,66,1,5,False,1,1
454,14,unweighted,10,0.0995222929936305,0,31,None,66,1,5,False,1,1
455,10,unweighted,10,0.0995222929936305,0,19,None,66,1,5,False,1,1
456,11,unweighted,10,0.0995222929936305,0,19,None,66,1,5,False,1,1
457,12,unweighted,10,0.0995222929936305,0,19,None,66,1,5,False,1,1
458,13,unweighted,10,0.0995222929936305,0,19,None,66,1,5,False,1,1
459,14,unweighted,10,0.0996218152866242,0,19,None,66,1,5,False,1,1
460,10,unweighted,10,0.0995222929936305,0,32,None,66,1,5,False,1,1
461,11,unweighted,10,0.0995222929936305,0,32,None,66,1,5,False,1,1
462,12,unweighted,10,0.0995222929936305,0,32,None,66,1,5,False,1,1
463,13,unweighted,10,0.0995222929936305,0,32,None,66,1,5,False,1,1
464,14,unweighted,10,0.0995222929936305,0,32,None,66,1,5,False,1,1
465,10,unweighted,10,0.0995222929936305,0,7,None,66,1,5,False,1,1
466,11,unweighted,10,0.0995222929936305,0,7,None,66,1,5,False,1,1
467,12,unweighted,10,0.0995222929936305,0,7,None,66,1,5,False,1,1
468,13,unweighted,10,0.0995222929936305,0,7,None,66,1,5,False,1,1
469,14,unweighted,10,0.101015127388535,0,7,None,66,1,5,False,1,1
470,10,unweighted,10,0.0995222929936305,0,28,None,66,1,5,False,1,1
471,11,unweighted,10,0.0995222929936305,0,28,None,66,1,5,False,1,1
472,12,unweighted,10,0.0995222929936305,0,28,None,66,1,5,False,1,1
473,13,unweighted,10,0.0995222929936305,0,28,None,66,1,5,False,1,1
474,14,unweighted,10,0.0995222929936305,0,28,None,66,1,5,False,1,1
475,10,unweighted,10,0.0995222929936305,0,3,None,66,1,5,False,1,1
476,11,unweighted,10,0.0995222929936305,0,3,None,66,1,5,False,1,1
477,12,unweighted,10,0.0995222929936305,0,3,None,66,1,5,False,1,1
478,13,unweighted,10,0.0994227707006369,0,3,None,66,1,5,False,1,1
479,14,unweighted,10,0.0981289808917197,0,3,None,66,1,5,False,1,1
480,10,unweighted,10,0.0995222929936305,0,0,None,66,1,5,False,1,1
481,11,unweighted,10,0.0995222929936305,0,0,None,66,1,5,False,1,1
482,12,unweighted,10,0.0995222929936305,0,0,None,66,1,5,False,1,1
483,13,unweighted,10,0.0995222929936305,0,0,None,66,1,5,False,1,1
484,14,unweighted,10,0.0995222929936305,0,0,None,66,1,5,False,1,1
485,10,unweighted,10,0.0995222929936305,0,4,None,66,1,5,False,1,1
486,11,unweighted,10,0.0995222929936305,0,4,None,66,1,5,False,1,1
487,12,unweighted,10,0.0995222929936305,0,4,None,66,1,5,False,1,1
488,13,unweighted,10,0.0995222929936305,0,4,None,66,1,5,False,1,1
489,14,unweighted,10,0.0995222929936305,0,4,None,66,1,5,False,1,1
490,10,unweighted,10,0.0995222929936305,0,23,None,66,1,5,False,1,1
491,11,unweighted,10,0.0995222929936305,0,23,None,66,1,5,False,1,1
492,12,unweighted,10,0.0995222929936305,0,23,None,66,1,5,False,1,1
493,13,unweighted,10,0.0995222929936305,0,23,None,66,1,5,False,1,1
494,14,unweighted,10,0.0995222929936305,0,23,None,66,1,5,False,1,1
990,15,unweighted,10,0.0995222929936305,0,1,None,66,1,5,False,1,1
991,16,unweighted,10,0.0995222929936305,0,1,None,66,1,5,False,1,1
992,17,unweighted,10,0.0995222929936305,0,1,None,66,1,5,False,1,1
993,18,unweighted,10,0.0995222929936305,0,1,None,66,1,5,False,1,1
994,19,unweighted,10,0.0995222929936305,0,1,None,66,1,5,False,1,1
995,15,unweighted,10,0.0995222929936305,0,2,None,66,1,5,False,1,1
996,16,unweighted,10,0.0995222929936305,0,2,None,66,1,5,False,1,1
997,17,unweighted,10,0.0995222929936305,0,2,None,66,1,5,False,1,1
998,18,unweighted,10,0.0995222929936305,0,2,None,66,1,5,False,1,1
999,19,unweighted,10,0.0995222929936305,0,2,None,66,1,5,False,1,1
1000,15,unweighted,10,0.0995222929936305,0,5,None,66,1,5,False,1,1
1001,16,unweighted,10,0.0995222929936305,0,5,None,66,1,5,False,1,1
1002,17,unweighted,10,0.0995222929936305,0,5,None,66,1,5,False,1,1
1003,18,unweighted,10,0.0995222929936305,0,5,None,66,1,5,False,1,1
1004,19,unweighted,10,0.0995222929936305,0,5,None,66,1,5,False,1,1
1005,15,unweighted,10,0.0995222929936305,0,13,None,66,1,5,False,1,1
1006,16,unweighted,10,0.0995222929936305,0,13,None,66,1,5,False,1,1
1007,17,unweighted,10,0.0995222929936305,0,13,None,66,1,5,False,1,1
1008,18,unweighted,10,0.0995222929936305,0,13,None,66,1,5,False,1,1
1009,19,unweighted,10,0.117436305732484,0,13,None,66,1,5,False,1,1
1010,15,unweighted,10,0.0995222929936305,0,15,None,66,1,5,False,1,1
1011,16,unweighted,10,0.0995222929936305,0,15,None,66,1,5,False,1,1
1012,17,unweighted,10,0.0995222929936305,0,15,None,66,1,5,False,1,1
1013,18,unweighted,10,0.0995222929936305,0,15,None,66,1,5,False,1,1
1014,19,unweighted,10,0.0995222929936305,0,15,None,66,1,5,False,1,1
1015,15,unweighted,10,0.0995222929936305,0,10,None,66,1,5,False,1,1
1016,16,unweighted,10,0.0995222929936305,0,10,None,66,1,5,False,1,1
1017,17,unweighted,10,0.0995222929936305,0,10,None,66,1,5,False,1,1
1018,18,unweighted,10,0.0995222929936305,0,10,None,66,1,5,False,1,1
1019,19,unweighted,10,0.0995222929936305,0,10,None,66,1,5,False,1,1
1020,15,unweighted,10,0.1011146496815286,0,11,None,66,1,5,False,1,1
1021,16,unweighted,10,0.0995222929936305,0,11,None,66,1,5,False,1,1
1022,17,unweighted,10,0.0995222929936305,0,11,None,66,1,5,False,1,1
1023,18,unweighted,10,0.0995222929936305,0,11,None,66,1,5,False,1,1
1024,19,unweighted,10,0.0995222929936305,0,11,None,66,1,5,False,1,1
1025,15,unweighted,10,0.0995222929936305,0,20,None,66,1,5,False,1,1
1026,16,unweighted,10,0.0995222929936305,0,20,None,66,1,5,False,1,1
1027,17,unweighted,10,0.0995222929936305,0,20,None,66,1,5,False,1,1
1028,18,unweighted,10,0.0995222929936305,0,20,None,66,1,5,False,1,1
1029,19,unweighted,10,0.0995222929936305,0,20,None,66,1,5,False,1,1
1030,15,unweighted,10,0.0995222929936305,0,23,None,66,1,5,False,1,1
1031,16,unweighted,10,0.0995222929936305,0,23,None,66,1,5,False,1,1
1032,17,unweighted,10,0.0995222929936305,0,23,None,66,1,5,False,1,1
1033,18,unweighted,10,0.0995222929936305,0,23,None,66,1,5,False,1,1
1034,19,unweighted,10,0.0995222929936305,0,23,None,66,1,5,False,1,1
1035,15,unweighted,10,0.0995222929936305,0,17,None,66,1,5,False,1,1
1036,16,unweighted,10,0.0995222929936305,0,17,None,66,1,5,False,1,1
1037,17,unweighted,10,0.0995222929936305,0,17,None,66,1,5,False,1,1
1038,18,unweighted,10,0.0995222929936305,0,17,None,66,1,5,False,1,1
1039,19,unweighted,10,0.0995222929936305,0,17,None,66,1,5,False,1,1
1040,15,unweighted,10,0.0995222929936305,0,25,None,66,1,5,False,1,1
1041,16,unweighted,10,0.0995222929936305,0,25,None,66,1,5,False,1,1
1042,17,unweighted,10,0.0995222929936305,0,25,None,66,1,5,False,1,1
1043,18,unweighted,10,0.0995222929936305,0,25,None,66,1,5,False,1,1
1044,19,unweighted,10,0.0995222929936305,0,25,None,66,1,5,False,1,1
1045,15,unweighted,10,0.0995222929936305,0,26,None,66,1,5,False,1,1
1046,16,unweighted,10,0.0995222929936305,0,26,None,66,1,5,False,1,1
1047,17,unweighted,10,0.0995222929936305,0,26,None,66,1,5,False,1,1
1048,18,unweighted,10,0.0995222929936305,0,26,None,66,1,5,False,1,1
1049,19,unweighted,10,0.0995222929936305,0,26,None,66,1,5,False,1,1
1050,15,unweighted,10,0.0995222929936305,0,12,None,66,1,5,False,1,1
1051,16,unweighted,10,0.1130573248407643,0,12,None,66,1,5,False,1,1
1052,17,unweighted,10,0.0996218152866242,0,12,None,66,1,5,False,1,1
1053,18,unweighted,10,0.0995222929936305,0,12,None,66,1,5,False,1,1
1054,19,unweighted,10,0.0995222929936305,0,12,None,66,1,5,False,1,1
1055,15,unweighted,10,0.0995222929936305,0,28,None,66,1,5,False,1,1
1056,16,unweighted,10,0.0995222929936305,0,28,None,66,1,5,False,1,1
1057,17,unweighted,10,0.0995222929936305,0,28,None,66,1,5,False,1,1
1058,18,unweighted,10,0.0995222929936305,0,28,None,66,1,5,False,1,1
1059,19,unweighted,10,0.0995222929936305,0,28,None,66,1,5,False,1,1
1060,15,unweighted,10,0.0995222929936305,0,3,None,66,1,5,False,1,1
1061,16,unweighted,10,0.098328025477707,0,3,None,66,1,5,False,1,1
1062,17,unweighted,10,0.0995222929936305,0,3,None,66,1,5,False,1,1
1063,18,unweighted,10,0.0995222929936305,0,3,None,66,1,5,False,1,1
1064,19,unweighted,10,0.0995222929936305,0,3,None,66,1,5,False,1,1
1065,15,unweighted,10,0.0995222929936305,0,29,None,66,1,5,False,1,1
1066,16,unweighted,10,0.0995222929936305,0,29,None,66,1,5,False,1,1
1067,17,unweighted,10,0.0995222929936305,0,29,None,66,1,5,False,1,1
1068,18,unweighted,10,0.0995222929936305,0,29,None,66,1,5,False,1,1
1069,19,unweighted,10,0.0995222929936305,0,29,None,66,1,5,False,1,1
1070,15,unweighted,10,0.0995222929936305,0,30,None,66,1,5,False,1,1
1071,16,unweighted,10,0.0995222929936305,0,30,None,66,1,5,False,1,1
1072,17,unweighted,10,0.0995222929936305,0,30,None,66,1,5,False,1,1
1073,18,unweighted,10,0.0995222929936305,0,30,None,66,1,5,False,1,1
1074,19,unweighted,10,0.0995222929936305,0,30,None,66,1,5,False,1,1
1075,15,unweighted,10,0.0995222929936305,0,31,None,66,1,5,False,1,1
1076,16,unweighted,10,0.0995222929936305,0,31,None,66,1,5,False,1,1
1077,17,unweighted,10,0.0995222929936305,0,31,None,66,1,5,False,1,1
1078,18,unweighted,10,0.0995222929936305,0,31,None,66,1,5,False,1,1
1079,19,unweighted,10,0.0995222929936305,0,31,None,66,1,5,False,1,1
1080,15,unweighted,10,0.0995222929936305,0,27,None,66,1,5,False,1,1
1081,16,unweighted,10,0.1024084394904458,0,27,None,66,1,5,False,1,1
1082,17,unweighted,10,0.1211186305732484,0,27,None,66,1,5,False,1,1
1083,18,unweighted,10,0.1350517515923567,0,27,None,66,1,5,False,1,1
1084,19,unweighted,10,0.1438097133757961,0,27,None,66,1,5,False,1,1
1085,15,unweighted,10,0.0995222929936305,0,16,None,66,1,5,False,1,1
1086,16,unweighted,10,0.0995222929936305,0,16,None,66,1,5,False,1,1
1087,17,unweighted,10,0.0995222929936305,0,16,None,66,1,5,False,1,1
1088,18,unweighted,10,0.0995222929936305,0,16,None,66,1,5,False,1,1
1089,19,unweighted,10,0.0995222929936305,0,16,None,66,1,5,False,1,1
1090,15,unweighted,10,0.0995222929936305,0,8,None,66,1,5,False,1,1
1091,16,unweighted,10,0.105593152866242,0,8,None,66,1,5,False,1,1
1092,17,unweighted,10,0.1023089171974522,0,8,None,66,1,5,False,1,1
1093,18,unweighted,10,0.1007165605095541,0,8,None,66,1,5,False,1,1
1094,19,unweighted,10,0.1023089171974522,0,8,None,66,1,5,False,1,1
1095,15,unweighted,10,0.1034036624203821,0,18,None,66,1,5,False,1,1
1096,16,unweighted,10,0.0995222929936305,0,18,None,66,1,5,False,1,1
1097,17,unweighted,10,0.0995222929936305,0,18,None,66,1,5,False,1,1
1098,18,unweighted,10,0.0995222929936305,0,18,None,66,1,5,False,1,1
1099,19,unweighted,10,0.0995222929936305,0,18,None,66,1,5,False,1,1
1100,15,unweighted,10,0.1986464968152866,0,9,None,66,1,5,False,1,1
1101,16,unweighted,10,0.1601313694267516,0,9,None,66,1,5,False,1,1
1102,17,unweighted,10,0.1007165605095541,0,9,None,66,1,5,False,1,1
1103,18,unweighted,10,0.0995222929936305,0,9,None,66,1,5,False,1,1
1104,19,unweighted,10,0.0995222929936305,0,9,None,66,1,5,False,1,1
1105,15,unweighted,10,0.0995222929936305,0,6,None,66,1,5,False,1,1
1106,16,unweighted,10,0.0995222929936305,0,6,None,66,1,5,False,1,1
1107,17,unweighted,10,0.0995222929936305,0,6,None,66,1,5,False,1,1
1108,18,unweighted,10,0.0995222929936305,0,6,None,66,1,5,False,1,1
1109,19,unweighted,10,0.0995222929936305,0,6,None,66,1,5,False,1,1
1110,15,unweighted,10,0.0995222929936305,0,14,None,66,1,5,False,1,1
1111,16,unweighted,10,0.0995222929936305,0,14,None,66,1,5,False,1,1
1112,17,unweighted,10,0.0998208598726114,0,14,None,66,1,5,False,1,1
1113,18,unweighted,10,0.101015127388535,0,14,None,66,1,5,False,1,1
1114,19,unweighted,10,0.101015127388535,0,14,None,66,1,5,False,1,1
1115,15,unweighted,10,0.0995222929936305,0,22,None,66,1,5,False,1,1
1116,16,unweighted,10,0.0995222929936305,0,22,None,66,1,5,False,1,1
1117,17,unweighted,10,0.0995222929936305,0,22,None,66,1,5,False,1,1
1118,18,unweighted,10,0.0995222929936305,0,22,None,66,1,5,False,1,1
1119,19,unweighted,10,0.0995222929936305,0,22,None,66,1,5,False,1,1
1120,15,unweighted,10,0.0996218152866242,0,19,None,66,1,5,False,1,1
1121,16,unweighted,10,0.0995222929936305,0,19,None,66,1,5,False,1,1
1122,17,unweighted,10,0.0995222929936305,0,19,None,66,1,5,False,1,1
1123,18,unweighted,10,0.0996218152866242,0,19,None,66,1,5,False,1,1
1124,19,unweighted,10,0.0999203821656051,0,19,None,66,1,5,False,1,1
1125,15,unweighted,10,0.0995222929936305,0,21,None,66,1,5,False,1,1
1126,16,unweighted,10,0.0995222929936305,0,21,None,66,1,5,False,1,1
1127,17,unweighted,10,0.0996218152866242,0,21,None,66,1,5,False,1,1
1128,18,unweighted,10,0.1332603503184713,0,21,None,66,1,5,False,1,1
1129,19,unweighted,10,0.194765127388535,0,21,None,66,1,5,False,1,1
1130,15,unweighted,10,0.0995222929936305,0,0,None,66,1,5,False,1,1
1131,16,unweighted,10,0.0995222929936305,0,0,None,66,1,5,False,1,1
1132,17,unweighted,10,0.0995222929936305,0,0,None,66,1,5,False,1,1
1133,18,unweighted,10,0.0995222929936305,0,0,None,66,1,5,False,1,1
1134,19,unweighted,10,0.0995222929936305,0,0,None,66,1,5,False,1,1
1135,15,unweighted,10,0.0995222929936305,0,24,None,66,1,5,False,1,1
1136,16,unweighted,10,0.0995222929936305,0,24,None,66,1,5,False,1,1
1137,17,unweighted,10,0.0994227707006369,0,24,None,66,1,5,False,1,1
1138,18,unweighted,10,0.0984275477707006,0,24,None,66,1,5,False,1,1
1139,19,unweighted,10,0.098328025477707,0,24,None,66,1,5,False,1,1
1140,15,unweighted,10,0.1158439490445859,0,7,None,66,1,5,False,1,1
1141,16,unweighted,10,0.1188296178343949,0,7,None,66,1,5,False,1,1
1142,17,unweighted,10,0.1401273885350318,0,7,None,66,1,5,False,1,1
1143,18,unweighted,10,0.1658041401273885,0,7,None,66,1,5,False,1,1
1144,19,unweighted,10,0.1804339171974522,0,7,None,66,1,5,False,1,1
1145,15,unweighted,10,0.0995222929936305,0,32,None,66,1,5,False,1,1
1146,16,unweighted,10,0.0995222929936305,0,32,None,66,1,5,False,1,1
1147,17,unweighted,10,0.0995222929936305,0,32,None,66,1,5,False,1,1
1148,18,unweighted,10,0.0995222929936305,0,32,None,66,1,5,False,1,1
1149,19,unweighted,10,0.0995222929936305,0,32,None,66,1,5,False,1,1
1150,15,unweighted,10,0.0995222929936305,0,4,None,66,1,5,False,1,1
1151,16,unweighted,10,0.0995222929936305,0,4,None,66,1,5,False,1,1
1152,17,unweighted,10,0.0995222929936305,0,4,None,66,1,5,False,1,1
1153,18,unweighted,10,0.0995222929936305,0,4,None,66,1,5,False,1,1
1154,19,unweighted,10,0.0995222929936305,0,4,None,66,1,5,False,1,1
1155,20,unweighted,10,0.0997213375796178,0,31,None,66,1,5,False,1,1
1156,21,unweighted,10,0.0995222929936305,0,31,None,66,1,5,False,1,1
1157,22,unweighted,10,0.0995222929936305,0,31,None,66,1,5,False,1,1
1158,23,unweighted,10,0.0995222929936305,0,31,None,66,1,5,False,1,1
1159,24,unweighted,10,0.0995222929936305,0,31,None,66,1,5,False,1,1
1160,20,unweighted,10,0.0995222929936305,0,24,None,66,1,5,False,1,1
1161,21,unweighted,10,0.0995222929936305,0,24,None,66,1,5,False,1,1
1162,22,unweighted,10,0.0995222929936305,0,24,None,66,1,5,False,1,1
1163,23,unweighted,10,0.0995222929936305,0,24,None,66,1,5,False,1,1
1164,24,unweighted,10,0.0986265923566879,0,24,None,66,1,5,False,1,1
1165,20,unweighted,10,0.0995222929936305,0,25,None,66,1,5,False,1,1
1166,21,unweighted,10,0.0995222929936305,0,25,None,66,1,5,False,1,1
1167,22,unweighted,10,0.0995222929936305,0,25,None,66,1,5,False,1,1
1168,23,unweighted,10,0.0995222929936305,0,25,None,66,1,5,False,1,1
1169,24,unweighted,10,0.0994227707006369,0,25,None,66,1,5,False,1,1
1170,20,unweighted,10,0.0995222929936305,0,32,None,66,1,5,False,1,1
1171,21,unweighted,10,0.0995222929936305,0,32,None,66,1,5,False,1,1
1172,22,unweighted,10,0.0995222929936305,0,32,None,66,1,5,False,1,1
1173,23,unweighted,10,0.0995222929936305,0,32,None,66,1,5,False,1,1
1174,24,unweighted,10,0.0996218152866242,0,32,None,66,1,5,False,1,1
1175,20,unweighted,10,0.0995222929936305,0,1,None,66,1,5,False,1,1
1176,21,unweighted,10,0.0995222929936305,0,1,None,66,1,5,False,1,1
1177,22,unweighted,10,0.0995222929936305,0,1,None,66,1,5,False,1,1
1178,23,unweighted,10,0.0995222929936305,0,1,None,66,1,5,False,1,1
1179,24,unweighted,10,0.0995222929936305,0,1,None,66,1,5,False,1,1
1180,20,unweighted,10,0.1494824840764331,0,13,None,66,1,5,False,1,1
1181,21,unweighted,10,0.175358280254777,0,13,None,66,1,5,False,1,1
1182,22,unweighted,10,0.1859076433121019,0,13,None,66,1,5,False,1,1
1183,23,unweighted,10,0.1858081210191083,0,13,None,66,1,5,False,1,1
1184,24,unweighted,10,0.1725716560509554,0,13,None,66,1,5,False,1,1
1185,20,unweighted,10,0.132265127388535,0,21,None,66,1,5,False,1,1
1186,21,unweighted,10,0.1657046178343949,0,21,None,66,1,5,False,1,1
1187,22,unweighted,10,0.1731687898089172,0,21,None,66,1,5,False,1,1
1188,23,unweighted,10,0.1534633757961783,0,21,None,66,1,5,False,1,1
1189,24,unweighted,10,0.1102707006369426,0,21,None,66,1,5,False,1,1
1190,20,unweighted,10,0.1769506369426751,0,27,None,66,1,5,False,1,1
1191,21,unweighted,10,0.1757563694267516,0,27,None,66,1,5,False,1,1
1192,22,unweighted,10,0.1716759554140127,0,27,None,66,1,5,False,1,1
1193,23,unweighted,10,0.1981488853503184,0,27,None,66,1,5,False,1,1
1194,24,unweighted,10,0.1755573248407643,0,27,None,66,1,5,False,1,1
1195,20,unweighted,10,0.0995222929936305,0,29,None,66,1,5,False,1,1
1196,21,unweighted,10,0.0995222929936305,0,29,None,66,1,5,False,1,1
1197,22,unweighted,10,0.0995222929936305,0,29,None,66,1,5,False,1,1
1198,23,unweighted,10,0.0995222929936305,0,29,None,66,1,5,False,1,1
1199,24,unweighted,10,0.0995222929936305,0,29,None,66,1,5,False,1,1
1200,20,unweighted,10,0.1768511146496815,0,9,None,66,1,5,False,1,1
1201,21,unweighted,10,0.143312101910828,0,9,None,66,1,5,False,1,1
1202,22,unweighted,10,0.1011146496815286,0,9,None,66,1,5,False,1,1
1203,23,unweighted,10,0.0995222929936305,0,9,None,66,1,5,False,1,1
1204,24,unweighted,10,0.0995222929936305,0,9,None,66,1,5,False,1,1
1205,20,unweighted,10,0.0995222929936305,0,17,None,66,1,5,False,1,1
1206,21,unweighted,10,0.0995222929936305,0,17,None,66,1,5,False,1,1
1207,22,unweighted,10,0.0995222929936305,0,17,None,66,1,5,False,1,1
1208,23,unweighted,10,0.0995222929936305,0,17,None,66,1,5,False,1,1
1209,24,unweighted,10,0.0995222929936305,0,17,None,66,1,5,False,1,1
1210,20,unweighted,10,0.1000199044585987,0,28,None,66,1,5,False,1,1
1211,21,unweighted,10,0.0995222929936305,0,28,None,66,1,5,False,1,1
1212,22,unweighted,10,0.0995222929936305,0,28,None,66,1,5,False,1,1
1213,23,unweighted,10,0.0995222929936305,0,28,None,66,1,5,False,1,1
1214,24,unweighted,10,0.0995222929936305,0,28,None,66,1,5,False,1,1
1215,20,unweighted,10,0.0995222929936305,0,16,None,66,1,5,False,1,1
1216,21,unweighted,10,0.0995222929936305,0,16,None,66,1,5,False,1,1
1217,22,unweighted,10,0.0995222929936305,0,16,None,66,1,5,False,1,1
1218,23,unweighted,10,0.0995222929936305,0,16,None,66,1,5,False,1,1
1219,24,unweighted,10,0.0995222929936305,0,16,None,66,1,5,False,1,1
1220,20,unweighted,10,0.0999203821656051,0,8,None,66,1,5,False,1,1
1221,21,unweighted,10,0.0995222929936305,0,8,None,66,1,5,False,1,1
1222,22,unweighted,10,0.1002189490445859,0,8,None,66,1,5,False,1,1
1223,23,unweighted,10,0.1009156050955414,0,8,None,66,1,5,False,1,1
1224,24,unweighted,10,0.1015127388535031,0,8,None,66,1,5,False,1,1
1225,20,unweighted,10,0.1002189490445859,0,19,None,66,1,5,False,1,1
1226,21,unweighted,10,0.0996218152866242,0,19,None,66,1,5,False,1,1
1227,22,unweighted,10,0.0998208598726114,0,19,None,66,1,5,False,1,1
1228,23,unweighted,10,0.1019108280254777,0,19,None,66,1,5,False,1,1
1229,24,unweighted,10,0.1044984076433121,0,19,None,66,1,5,False,1,1
1230,20,unweighted,10,0.1384355095541401,0,18,None,66,1,5,False,1,1
1231,21,unweighted,10,0.105593152866242,0,18,None,66,1,5,False,1,1
1232,22,unweighted,10,0.1269904458598726,0,18,None,66,1,5,False,1,1
1233,23,unweighted,10,0.1544585987261146,0,18,None,66,1,5,False,1,1
1234,24,unweighted,10,0.1702826433121019,0,18,None,66,1,5,False,1,1
1235,20,unweighted,10,0.0995222929936305,0,10,None,66,1,5,False,1,1
1236,21,unweighted,10,0.0995222929936305,0,10,None,66,1,5,False,1,1
1237,22,unweighted,10,0.0995222929936305,0,10,None,66,1,5,False,1,1
1238,23,unweighted,10,0.0995222929936305,0,10,None,66,1,5,False,1,1
1239,24,unweighted,10,0.0995222929936305,0,10,None,66,1,5,False,1,1
1240,20,unweighted,10,0.1002189490445859,0,11,None,66,1,5,False,1,1
1241,21,unweighted,10,0.0995222929936305,0,11,None,66,1,5,False,1,1
1242,22,unweighted,10,0.0995222929936305,0,11,None,66,1,5,False,1,1
1243,23,unweighted,10,0.0995222929936305,0,11,None,66,1,5,False,1,1
1244,24,unweighted,10,0.0995222929936305,0,11,None,66,1,5,False,1,1
1245,20,unweighted,10,0.0995222929936305,0,15,None,66,1,5,False,1,1
1246,21,unweighted,10,0.0995222929936305,0,15,None,66,1,5,False,1,1
1247,22,unweighted,10,0.0995222929936305,0,15,None,66,1,5,False,1,1
1248,23,unweighted,10,0.0995222929936305,0,15,None,66,1,5,False,1,1
1249,24,unweighted,10,0.0995222929936305,0,15,None,66,1,5,False,1,1
1250,20,unweighted,10,0.0995222929936305,0,20,None,66,1,5,False,1,1
1251,21,unweighted,10,0.0995222929936305,0,20,None,66,1,5,False,1,1
1252,22,unweighted,10,0.0995222929936305,0,20,None,66,1,5,False,1,1
1253,23,unweighted,10,0.0995222929936305,0,20,None,66,1,5,False,1,1
1254,24,unweighted,10,0.0995222929936305,0,20,None,66,1,5,False,1,1
1255,20,unweighted,10,0.0995222929936305,0,22,None,66,1,5,False,1,1
1256,21,unweighted,10,0.0995222929936305,0,22,None,66,1,5,False,1,1
1257,22,unweighted,10,0.0995222929936305,0,22,None,66,1,5,False,1,1
1258,23,unweighted,10,0.0959394904458598,0,22,None,66,1,5,False,1,1
1259,24,unweighted,10,0.0995222929936305,0,22,None,66,1,5,False,1,1
1260,20,unweighted,10,0.0995222929936305,0,23,None,66,1,5,False,1,1
1261,21,unweighted,10,0.0995222929936305,0,23,None,66,1,5,False,1,1
1262,22,unweighted,10,0.0995222929936305,0,23,None,66,1,5,False,1,1
1263,23,unweighted,10,0.0995222929936305,0,23,None,66,1,5,False,1,1
1264,24,unweighted,10,0.0995222929936305,0,23,None,66,1,5,False,1,1
1265,20,unweighted,10,0.0995222929936305,0,5,None,66,1,5,False,1,1
1266,21,unweighted,10,0.0995222929936305,0,5,None,66,1,5,False,1,1
1267,22,unweighted,10,0.0995222929936305,0,5,None,66,1,5,False,1,1
1268,23,unweighted,10,0.0995222929936305,0,5,None,66,1,5,False,1,1
1269,24,unweighted,10,0.0995222929936305,0,5,None,66,1,5,False,1,1
1270,20,unweighted,10,0.0995222929936305,0,4,None,66,1,5,False,1,1
1271,21,unweighted,10,0.0995222929936305,0,4,None,66,1,5,False,1,1
1272,22,unweighted,10,0.0995222929936305,0,4,None,66,1,5,False,1,1
1273,23,unweighted,10,0.0995222929936305,0,4,None,66,1,5,False,1,1
1274,24,unweighted,10,0.0995222929936305,0,4,None,66,1,5,False,1,1
1275,20,unweighted,10,0.0995222929936305,0,6,None,66,1,5,False,1,1
1276,21,unweighted,10,0.0995222929936305,0,6,None,66,1,5,False,1,1
1277,22,unweighted,10,0.0995222929936305,0,6,None,66,1,5,False,1,1
1278,23,unweighted,10,0.0995222929936305,0,6,None,66,1,5,False,1,1
1279,24,unweighted,10,0.0995222929936305,0,6,None,66,1,5,False,1,1
1280,20,unweighted,10,0.1599323248407643,0,7,None,66,1,5,False,1,1
1281,21,unweighted,10,0.1484872611464968,0,7,None,66,1,5,False,1,1
1282,22,unweighted,10,0.1283837579617834,0,7,None,66,1,5,False,1,1
1283,23,unweighted,10,0.1140525477707006,0,7,None,66,1,5,False,1,1
1284,24,unweighted,10,0.1053941082802547,0,7,None,66,1,5,False,1,1
1285,20,unweighted,10,0.0995222929936305,0,14,None,66,1,5,False,1,1
1286,21,unweighted,10,0.0995222929936305,0,14,None,66,1,5,False,1,1
1287,22,unweighted,10,0.0995222929936305,0,14,None,66,1,5,False,1,1
1288,23,unweighted,10,0.0995222929936305,0,14,None,66,1,5,False,1,1
1289,24,unweighted,10,0.1002189490445859,0,14,None,66,1,5,False,1,1
1290,20,unweighted,10,0.0995222929936305,0,12,None,66,1,5,False,1,1
1291,21,unweighted,10,0.0995222929936305,0,12,None,66,1,5,False,1,1
1292,22,unweighted,10,0.0995222929936305,0,12,None,66,1,5,False,1,1
1293,23,unweighted,10,0.0995222929936305,0,12,None,66,1,5,False,1,1
1294,24,unweighted,10,0.0995222929936305,0,12,None,66,1,5,False,1,1
1295,20,unweighted,10,0.0995222929936305,0,26,None,66,1,5,False,1,1
1296,21,unweighted,10,0.0995222929936305,0,26,None,66,1,5,False,1,1
1297,22,unweighted,10,0.0995222929936305,0,26,None,66,1,5,False,1,1
1298,23,unweighted,10,0.0995222929936305,0,26,None,66,1,5,False,1,1
1299,24,unweighted,10,0.0995222929936305,0,26,None,66,1,5,False,1,1
1300,20,unweighted,10,0.0995222929936305,0,30,None,66,1,5,False,1,1
1301,21,unweighted,10,0.0995222929936305,0,30,None,66,1,5,False,1,1
1302,22,unweighted,10,0.0995222929936305,0,30,None,66,1,5,False,1,1
1303,23,unweighted,10,0.0995222929936305,0,30,None,66,1,5,False,1,1
1304,24,unweighted,10,0.0995222929936305,0,30,None,66,1,5,False,1,1
1305,20,unweighted,10,0.0995222929936305,0,2,None,66,1,5,False,1,1
1306,21,unweighted,10,0.0995222929936305,0,2,None,66,1,5,False,1,1
1307,22,unweighted,10,0.0995222929936305,0,2,None,66,1,5,False,1,1
1308,23,unweighted,10,0.0995222929936305,0,2,None,66,1,5,False,1,1
1309,24,unweighted,10,0.0995222929936305,0,2,None,66,1,5,False,1,1
1310,20,unweighted,10,0.0997213375796178,0,0,None,66,1,5,False,1,1
1311,21,unweighted,10,0.0995222929936305,0,0,None,66,1,5,False,1,1
1312,22,unweighted,10,0.0995222929936305,0,0,None,66,1,5,False,1,1
1313,23,unweighted,10,0.0995222929936305,0,0,None,66,1,5,False,1,1
1314,24,unweighted,10,0.0995222929936305,0,0,None,66,1,5,False,1,1
1315,20,unweighted,10,0.1180334394904458,0,3,None,66,1,5,False,1,1
1316,21,unweighted,10,0.1007165605095541,0,3,None,66,1,5,False,1,1
1317,22,unweighted,10,0.1043988853503184,0,3,None,66,1,5,False,1,1
1318,23,unweighted,10,0.1159434713375796,0,3,None,66,1,5,False,1,1
1319,24,unweighted,10,0.1194267515923566,0,3,None,66,1,5,False,1,1
2145,25,unweighted,10,0.1238057324840764,0,1,None,66,1,5,False,1,1
2146,26,unweighted,10,0.0995222929936305,0,1,None,66,1,5,False,1,1
2147,27,unweighted,10,0.0995222929936305,0,1,None,66,1,5,False,1,1
2148,28,unweighted,10,0.1052945859872611,0,1,None,66,1,5,False,1,1
2149,29,unweighted,10,0.1320660828025477,0,1,None,66,1,5,False,1,1
2150,25,unweighted,10,0.1069864649681528,0,2,None,66,1,5,False,1,1
2151,26,unweighted,10,0.1020103503184713,0,2,None,66,1,5,False,1,1
2152,27,unweighted,10,0.1045979299363057,0,2,None,66,1,5,False,1,1
2153,28,unweighted,10,0.1171377388535031,0,2,None,66,1,5,False,1,1
2154,29,unweighted,10,0.1366441082802547,0,2,None,66,1,5,False,1,1
2155,25,unweighted,10,0.0977308917197452,0,5,None,66,1,5,False,1,1
2156,26,unweighted,10,0.1000199044585987,0,5,None,66,1,5,False,1,1
2157,27,unweighted,10,0.0995222929936305,0,5,None,66,1,5,False,1,1
2158,28,unweighted,10,0.0995222929936305,0,5,None,66,1,5,False,1,1
2159,29,unweighted,10,0.0995222929936305,0,5,None,66,1,5,False,1,1
2160,25,unweighted,10,0.1494824840764331,0,13,None,66,1,5,False,1,1
2161,26,unweighted,10,0.1214171974522293,0,13,None,66,1,5,False,1,1
2162,27,unweighted,10,0.106389331210191,0,13,None,66,1,5,False,1,1
2163,28,unweighted,10,0.1030055732484076,0,13,None,66,1,5,False,1,1
2164,29,unweighted,10,0.1031050955414012,0,13,None,66,1,5,False,1,1
2165,25,unweighted,10,0.0995222929936305,0,15,None,66,1,5,False,1,1
2166,26,unweighted,10,0.0995222929936305,0,15,None,66,1,5,False,1,1
2167,27,unweighted,10,0.0995222929936305,0,15,None,66,1,5,False,1,1
2168,28,unweighted,10,0.0995222929936305,0,15,None,66,1,5,False,1,1
2169,29,unweighted,10,0.0995222929936305,0,15,None,66,1,5,False,1,1
2170,25,unweighted,10,0.0995222929936305,0,10,None,66,1,5,False,1,1
2171,26,unweighted,10,0.0995222929936305,0,10,None,66,1,5,False,1,1
2172,27,unweighted,10,0.0995222929936305,0,10,None,66,1,5,False,1,1
2173,28,unweighted,10,0.0995222929936305,0,10,None,66,1,5,False,1,1
2174,29,unweighted,10,0.0995222929936305,0,10,None,66,1,5,False,1,1
2175,25,unweighted,10,0.0995222929936305,0,16,None,66,1,5,False,1,1
2176,26,unweighted,10,0.0995222929936305,0,16,None,66,1,5,False,1,1
2177,27,unweighted,10,0.0995222929936305,0,16,None,66,1,5,False,1,1
2178,28,unweighted,10,0.0995222929936305,0,16,None,66,1,5,False,1,1
2179,29,unweighted,10,0.0995222929936305,0,16,None,66,1,5,False,1,1
2180,25,unweighted,10,0.1234076433121019,0,8,None,66,1,5,False,1,1
2181,26,unweighted,10,0.1003184713375796,0,8,None,66,1,5,False,1,1
2182,27,unweighted,10,0.1023089171974522,0,8,None,66,1,5,False,1,1
2183,28,unweighted,10,0.1031050955414012,0,8,None,66,1,5,False,1,1
2184,29,unweighted,10,0.103702229299363,0,8,None,66,1,5,False,1,1
2185,25,unweighted,10,0.0995222929936305,0,20,None,66,1,5,False,1,1
2186,26,unweighted,10,0.0995222929936305,0,20,None,66,1,5,False,1,1
2187,27,unweighted,10,0.0996218152866242,0,20,None,66,1,5,False,1,1
2188,28,unweighted,10,0.1041998407643312,0,20,None,66,1,5,False,1,1
2189,29,unweighted,10,0.1221138535031847,0,20,None,66,1,5,False,1,1
2190,25,unweighted,10,0.1003184713375796,0,19,None,66,1,5,False,1,1
2191,26,unweighted,10,0.1004179936305732,0,19,None,66,1,5,False,1,1
2192,27,unweighted,10,0.1041003184713375,0,19,None,66,1,5,False,1,1
2193,28,unweighted,10,0.1079816878980891,0,19,None,66,1,5,False,1,1
2194,29,unweighted,10,0.1155453821656051,0,19,None,66,1,5,False,1,1
2195,25,unweighted,10,0.0995222929936305,0,22,None,66,1,5,False,1,1
2196,26,unweighted,10,0.0969347133757961,0,22,None,66,1,5,False,1,1
2197,27,unweighted,10,0.0995222929936305,0,22,None,66,1,5,False,1,1
2198,28,unweighted,10,0.0995222929936305,0,22,None,66,1,5,False,1,1
2199,29,unweighted,10,0.0995222929936305,0,22,None,66,1,5,False,1,1
2200,25,unweighted,10,0.0995222929936305,0,23,None,66,1,5,False,1,1
2201,26,unweighted,10,0.0995222929936305,0,23,None,66,1,5,False,1,1
2202,27,unweighted,10,0.0995222929936305,0,23,None,66,1,5,False,1,1
2203,28,unweighted,10,0.0995222929936305,0,23,None,66,1,5,False,1,1
2204,29,unweighted,10,0.0995222929936305,0,23,None,66,1,5,False,1,1
2205,25,unweighted,10,0.1806329617834395,0,21,None,66,1,5,False,1,1
2206,26,unweighted,10,0.1761544585987261,0,21,None,66,1,5,False,1,1
2207,27,unweighted,10,0.1498805732484076,0,21,None,66,1,5,False,1,1
2208,28,unweighted,10,0.1073845541401273,0,21,None,66,1,5,False,1,1
2209,29,unweighted,10,0.1091759554140127,0,21,None,66,1,5,False,1,1
2210,25,unweighted,10,0.0995222929936305,0,26,None,66,1,5,False,1,1
2211,26,unweighted,10,0.0995222929936305,0,26,None,66,1,5,False,1,1
2212,27,unweighted,10,0.0995222929936305,0,26,None,66,1,5,False,1,1
2213,28,unweighted,10,0.0996218152866242,0,26,None,66,1,5,False,1,1
2214,29,unweighted,10,0.0998208598726114,0,26,None,66,1,5,False,1,1
2215,25,unweighted,10,0.0995222929936305,0,12,None,66,1,5,False,1,1
2216,26,unweighted,10,0.0995222929936305,0,12,None,66,1,5,False,1,1
2217,27,unweighted,10,0.0995222929936305,0,12,None,66,1,5,False,1,1
2218,28,unweighted,10,0.0995222929936305,0,12,None,66,1,5,False,1,1
2219,29,unweighted,10,0.0995222929936305,0,12,None,66,1,5,False,1,1
2220,25,unweighted,10,0.0998208598726114,0,28,None,66,1,5,False,1,1
2221,26,unweighted,10,0.0995222929936305,0,28,None,66,1,5,False,1,1
2222,27,unweighted,10,0.0995222929936305,0,28,None,66,1,5,False,1,1
2223,28,unweighted,10,0.1002189490445859,0,28,None,66,1,5,False,1,1
2224,29,unweighted,10,0.1089769108280254,0,28,None,66,1,5,False,1,1
2225,25,unweighted,10,0.0995222929936305,0,30,None,66,1,5,False,1,1
2226,26,unweighted,10,0.0995222929936305,0,30,None,66,1,5,False,1,1
2227,27,unweighted,10,0.0995222929936305,0,30,None,66,1,5,False,1,1
2228,28,unweighted,10,0.0995222929936305,0,30,None,66,1,5,False,1,1
2229,29,unweighted,10,0.0995222929936305,0,30,None,66,1,5,False,1,1
2230,25,unweighted,10,0.0995222929936305,0,6,None,66,1,5,False,1,1
2231,26,unweighted,10,0.0995222929936305,0,6,None,66,1,5,False,1,1
2232,27,unweighted,10,0.0995222929936305,0,6,None,66,1,5,False,1,1
2233,28,unweighted,10,0.0995222929936305,0,6,None,66,1,5,False,1,1
2234,29,unweighted,10,0.0995222929936305,0,6,None,66,1,5,False,1,1
2235,25,unweighted,10,0.1687898089171974,0,18,None,66,1,5,False,1,1
2236,26,unweighted,10,0.1666003184713375,0,18,None,66,1,5,False,1,1
2237,27,unweighted,10,0.1645103503184713,0,18,None,66,1,5,False,1,1
2238,28,unweighted,10,0.1724721337579617,0,18,None,66,1,5,False,1,1
2239,29,unweighted,10,0.1806329617834395,0,18,None,66,1,5,False,1,1
2240,25,unweighted,10,0.1133558917197452,0,27,None,66,1,5,False,1,1
2241,26,unweighted,10,0.1350517515923567,0,27,None,66,1,5,False,1,1
2242,27,unweighted,10,0.1292794585987261,0,27,None,66,1,5,False,1,1
2243,28,unweighted,10,0.1579418789808917,0,27,None,66,1,5,False,1,1
2244,29,unweighted,10,0.1236066878980891,0,27,None,66,1,5,False,1,1
2245,25,unweighted,10,0.107484076433121,0,31,None,66,1,5,False,1,1
2246,26,unweighted,10,0.0995222929936305,0,31,None,66,1,5,False,1,1
2247,27,unweighted,10,0.0995222929936305,0,31,None,66,1,5,False,1,1
2248,28,unweighted,10,0.0995222929936305,0,31,None,66,1,5,False,1,1
2249,29,unweighted,10,0.0995222929936305,0,31,None,66,1,5,False,1,1
2250,25,unweighted,10,0.1004179936305732,0,7,None,66,1,5,False,1,1
2251,26,unweighted,10,0.1021098726114649,0,7,None,66,1,5,False,1,1
2252,27,unweighted,10,0.1030055732484076,0,7,None,66,1,5,False,1,1
2253,28,unweighted,10,0.1132563694267515,0,7,None,66,1,5,False,1,1
2254,29,unweighted,10,0.1646098726114649,0,7,None,66,1,5,False,1,1
2255,25,unweighted,10,0.0995222929936305,0,4,None,66,1,5,False,1,1
2256,26,unweighted,10,0.0995222929936305,0,4,None,66,1,5,False,1,1
2257,27,unweighted,10,0.0995222929936305,0,4,None,66,1,5,False,1,1
2258,28,unweighted,10,0.0995222929936305,0,4,None,66,1,5,False,1,1
2259,29,unweighted,10,0.0995222929936305,0,4,None,66,1,5,False,1,1
2260,25,unweighted,10,0.0996218152866242,0,32,None,66,1,5,False,1,1
2261,26,unweighted,10,0.0996218152866242,0,32,None,66,1,5,False,1,1
2262,27,unweighted,10,0.0999203821656051,0,32,None,66,1,5,False,1,1
2263,28,unweighted,10,0.1011146496815286,0,32,None,66,1,5,False,1,1
2264,29,unweighted,10,0.1039012738853503,0,32,None,66,1,5,False,1,1
2265,25,unweighted,10,0.0997213375796178,0,9,None,66,1,5,False,1,1
2266,26,unweighted,10,0.0995222929936305,0,9,None,66,1,5,False,1,1
2267,27,unweighted,10,0.0996218152866242,0,9,None,66,1,5,False,1,1
2268,28,unweighted,10,0.1000199044585987,0,9,None,66,1,5,False,1,1
2269,29,unweighted,10,0.1078821656050955,0,9,None,66,1,5,False,1,1
2270,25,unweighted,10,0.1859076433121019,0,0,None,66,1,5,False,1,1
2271,26,unweighted,10,0.1770501592356688,0,0,None,66,1,5,False,1,1
2272,27,unweighted,10,0.1666998407643312,0,0,None,66,1,5,False,1,1
2273,28,unweighted,10,0.1600318471337579,0,0,None,66,1,5,False,1,1
2274,29,unweighted,10,0.1592356687898089,0,0,None,66,1,5,False,1,1
2275,25,unweighted,10,0.0995222929936305,0,14,None,66,1,5,False,1,1
2276,26,unweighted,10,0.0996218152866242,0,14,None,66,1,5,False,1,1
2277,27,unweighted,10,0.1070859872611465,0,14,None,66,1,5,False,1,1
2278,28,unweighted,10,0.1310708598726114,0,14,None,66,1,5,False,1,1
2279,29,unweighted,10,0.149781050955414,0,14,None,66,1,5,False,1,1
2280,25,unweighted,10,0.0995222929936305,0,25,None,66,1,5,False,1,1
2281,26,unweighted,10,0.0995222929936305,0,25,None,66,1,5,False,1,1
2282,27,unweighted,10,0.0995222929936305,0,25,None,66,1,5,False,1,1
2283,28,unweighted,10,0.0994227707006369,0,25,None,66,1,5,False,1,1
2284,29,unweighted,10,0.1002189490445859,0,25,None,66,1,5,False,1,1
2285,25,unweighted,10,0.0995222929936305,0,29,None,66,1,5,False,1,1
2286,26,unweighted,10,0.0995222929936305,0,29,None,66,1,5,False,1,1
2287,27,unweighted,10,0.0995222929936305,0,29,None,66,1,5,False,1,1
2288,28,unweighted,10,0.0995222929936305,0,29,None,66,1,5,False,1,1
2289,29,unweighted,10,0.0995222929936305,0,29,None,66,1,5,False,1,1
2290,25,unweighted,10,0.0997213375796178,0,11,None,66,1,5,False,1,1
2291,26,unweighted,10,0.0995222929936305,0,11,None,66,1,5,False,1,1
2292,27,unweighted,10,0.0995222929936305,0,11,None,66,1,5,False,1,1
2293,28,unweighted,10,0.0995222929936305,0,11,None,66,1,5,False,1,1
2294,29,unweighted,10,0.0995222929936305,0,11,None,66,1,5,False,1,1
2295,25,unweighted,10,0.0995222929936305,0,17,None,66,1,5,False,1,1
2296,26,unweighted,10,0.0995222929936305,0,17,None,66,1,5,False,1,1
2297,27,unweighted,10,0.0995222929936305,0,17,None,66,1,5,False,1,1
2298,28,unweighted,10,0.0995222929936305,0,17,None,66,1,5,False,1,1
2299,29,unweighted,10,0.0995222929936305,0,17,None,66,1,5,False,1,1
2300,25,unweighted,10,0.0996218152866242,0,3,None,66,1,5,False,1,1
2301,26,unweighted,10,0.1023089171974522,0,3,None,66,1,5,False,1,1
2302,27,unweighted,10,0.1264928343949044,0,3,None,66,1,5,False,1,1
2303,28,unweighted,10,0.0982285031847133,0,3,None,66,1,5,False,1,1
2304,29,unweighted,10,0.0951433121019108,0,3,None,66,1,5,False,1,1
2305,25,unweighted,10,0.0995222929936305,0,24,None,66,1,5,False,1,1
2306,26,unweighted,10,0.0995222929936305,0,24,None,66,1,5,False,1,1
2307,27,unweighted,10,0.0995222929936305,0,24,None,66,1,5,False,1,1
2308,28,unweighted,10,0.099124203821656,0,24,None,66,1,5,False,1,1
2309,29,unweighted,10,0.098328025477707,0,24,None,66,1,5,False,1,1
2310,30,unweighted,10,0.1603304140127388,0,1,None,66,1,5,False,1,1
2311,31,unweighted,10,0.1763535031847133,0,1,None,66,1,5,False,1,1
2312,32,unweighted,10,0.1790406050955414,0,1,None,66,1,5,False,1,1
2313,33,unweighted,10,0.1784434713375796,0,1,None,66,1,5,False,1,1
2314,34,unweighted,10,0.1804339171974522,0,1,None,66,1,5,False,1,1
2315,30,unweighted,10,0.1831210191082802,0,2,None,66,1,5,False,1,1
2316,31,unweighted,10,0.1859076433121019,0,2,None,66,1,5,False,1,1
2317,32,unweighted,10,0.185609076433121,0,2,None,66,1,5,False,1,1
2318,33,unweighted,10,0.1846138535031847,0,2,None,66,1,5,False,1,1
2319,34,unweighted,10,0.1820262738853503,0,2,None,66,1,5,False,1,1
2320,30,unweighted,10,0.0996218152866242,0,23,None,66,1,5,False,1,1
2321,31,unweighted,10,0.0996218152866242,0,23,None,66,1,5,False,1,1
2322,32,unweighted,10,0.0996218152866242,0,23,None,66,1,5,False,1,1
2323,33,unweighted,10,0.1034036624203821,0,23,None,66,1,5,False,1,1
2324,34,unweighted,10,0.1567476114649681,0,23,None,66,1,5,False,1,1
2325,30,unweighted,10,0.0995222929936305,0,16,None,66,1,5,False,1,1
2326,31,unweighted,10,0.0996218152866242,0,16,None,66,1,5,False,1,1
2327,32,unweighted,10,0.0996218152866242,0,16,None,66,1,5,False,1,1
2328,33,unweighted,10,0.0996218152866242,0,16,None,66,1,5,False,1,1
2329,34,unweighted,10,0.0996218152866242,0,16,None,66,1,5,False,1,1
2330,30,unweighted,10,0.1191281847133758,0,7,None,66,1,5,False,1,1
2331,31,unweighted,10,0.1288813694267516,0,7,None,66,1,5,False,1,1
2332,32,unweighted,10,0.1310708598726114,0,7,None,66,1,5,False,1,1
2333,33,unweighted,10,0.1537619426751592,0,7,None,66,1,5,False,1,1
2334,34,unweighted,10,0.1773487261146497,0,7,None,66,1,5,False,1,1
2335,30,unweighted,10,0.0997213375796178,0,32,None,66,1,5,False,1,1
2336,31,unweighted,10,0.1017117834394904,0,32,None,66,1,5,False,1,1
2337,32,unweighted,10,0.1064888535031847,0,32,None,66,1,5,False,1,1
2338,33,unweighted,10,0.1203224522292993,0,32,None,66,1,5,False,1,1
2339,34,unweighted,10,0.1393312101910828,0,32,None,66,1,5,False,1,1
2340,30,unweighted,10,0.113953025477707,0,13,None,66,1,5,False,1,1
2341,31,unweighted,10,0.112062101910828,0,13,None,66,1,5,False,1,1
2342,32,unweighted,10,0.1053941082802547,0,13,None,66,1,5,False,1,1
2343,33,unweighted,10,0.106389331210191,0,13,None,66,1,5,False,1,1
2344,34,unweighted,10,0.1144506369426751,0,13,None,66,1,5,False,1,1
2345,30,unweighted,10,0.0995222929936305,0,12,None,66,1,5,False,1,1
2346,31,unweighted,10,0.0995222929936305,0,12,None,66,1,5,False,1,1
2347,32,unweighted,10,0.0995222929936305,0,12,None,66,1,5,False,1,1
2348,33,unweighted,10,0.0995222929936305,0,12,None,66,1,5,False,1,1
2349,34,unweighted,10,0.0995222929936305,0,12,None,66,1,5,False,1,1
2350,30,unweighted,10,0.0994227707006369,0,26,None,66,1,5,False,1,1
2351,31,unweighted,10,0.0996218152866242,0,26,None,66,1,5,False,1,1
2352,32,unweighted,10,0.1000199044585987,0,26,None,66,1,5,False,1,1
2353,33,unweighted,10,0.1013136942675159,0,26,None,66,1,5,False,1,1
2354,34,unweighted,10,0.1039012738853503,0,26,None,66,1,5,False,1,1
2355,30,unweighted,10,0.0995222929936305,0,15,None,66,1,5,False,1,1
2356,31,unweighted,10,0.0995222929936305,0,15,None,66,1,5,False,1,1
2357,32,unweighted,10,0.0995222929936305,0,15,None,66,1,5,False,1,1
2358,33,unweighted,10,0.0994227707006369,0,15,None,66,1,5,False,1,1
2359,34,unweighted,10,0.1835191082802547,0,15,None,66,1,5,False,1,1
2360,30,unweighted,10,0.0995222929936305,0,10,None,66,1,5,False,1,1
2361,31,unweighted,10,0.0995222929936305,0,10,None,66,1,5,False,1,1
2362,32,unweighted,10,0.0994227707006369,0,10,None,66,1,5,False,1,1
2363,33,unweighted,10,0.0993232484076433,0,10,None,66,1,5,False,1,1
2364,34,unweighted,10,0.1345541401273885,0,10,None,66,1,5,False,1,1
2365,30,unweighted,10,0.0995222929936305,0,11,None,66,1,5,False,1,1
2366,31,unweighted,10,0.0995222929936305,0,11,None,66,1,5,False,1,1
2367,32,unweighted,10,0.0995222929936305,0,11,None,66,1,5,False,1,1
2368,33,unweighted,10,0.0995222929936305,0,11,None,66,1,5,False,1,1
2369,34,unweighted,10,0.1586385350318471,0,11,None,66,1,5,False,1,1
2370,30,unweighted,10,0.1466958598726114,0,18,None,66,1,5,False,1,1
2371,31,unweighted,10,0.1612261146496815,0,18,None,66,1,5,False,1,1
2372,32,unweighted,10,0.1776472929936305,0,18,None,66,1,5,False,1,1
2373,33,unweighted,10,0.1842157643312102,0,18,None,66,1,5,False,1,1
2374,34,unweighted,10,0.1855095541401273,0,18,None,66,1,5,False,1,1
2375,30,unweighted,10,0.128483280254777,0,8,None,66,1,5,False,1,1
2376,31,unweighted,10,0.0995222929936305,0,8,None,66,1,5,False,1,1
2377,32,unweighted,10,0.0995222929936305,0,8,None,66,1,5,False,1,1
2378,33,unweighted,10,0.0995222929936305,0,8,None,66,1,5,False,1,1
2379,34,unweighted,10,0.0995222929936305,0,8,None,66,1,5,False,1,1
2380,30,unweighted,10,0.1043988853503184,0,20,None,66,1,5,False,1,1
2381,31,unweighted,10,0.1379378980891719,0,20,None,66,1,5,False,1,1
2382,32,unweighted,10,0.1741640127388535,0,20,None,66,1,5,False,1,1
2383,33,unweighted,10,0.1887937898089172,0,20,None,66,1,5,False,1,1
2384,34,unweighted,10,0.1951632165605095,0,20,None,66,1,5,False,1,1
2385,30,unweighted,10,0.1011146496815286,0,28,None,66,1,5,False,1,1
2386,31,unweighted,10,0.1028065286624203,0,28,None,66,1,5,False,1,1
2387,32,unweighted,10,0.1181329617834394,0,28,None,66,1,5,False,1,1
2388,33,unweighted,10,0.136843152866242,0,28,None,66,1,5,False,1,1
2389,34,unweighted,10,0.1550557324840764,0,28,None,66,1,5,False,1,1
2390,30,unweighted,10,0.1041003184713375,0,19,None,66,1,5,False,1,1
2391,31,unweighted,10,0.1084792993630573,0,19,None,66,1,5,False,1,1
2392,32,unweighted,10,0.1200238853503184,0,19,None,66,1,5,False,1,1
2393,33,unweighted,10,0.1319665605095541,0,19,None,66,1,5,False,1,1
2394,34,unweighted,10,0.1427149681528662,0,19,None,66,1,5,False,1,1
2395,30,unweighted,10,0.1271894904458598,0,21,None,66,1,5,False,1,1
2396,31,unweighted,10,0.1108678343949044,0,21,None,66,1,5,False,1,1
2397,32,unweighted,10,0.1015127388535031,0,21,None,66,1,5,False,1,1
2398,33,unweighted,10,0.1092754777070063,0,21,None,66,1,5,False,1,1
2399,34,unweighted,10,0.1356488853503184,0,21,None,66,1,5,False,1,1
2400,30,unweighted,10,0.0995222929936305,0,17,None,66,1,5,False,1,1
2401,31,unweighted,10,0.0995222929936305,0,17,None,66,1,5,False,1,1
2402,32,unweighted,10,0.0995222929936305,0,17,None,66,1,5,False,1,1
2403,33,unweighted,10,0.0995222929936305,0,17,None,66,1,5,False,1,1
2404,34,unweighted,10,0.0995222929936305,0,17,None,66,1,5,False,1,1
2405,30,unweighted,10,0.0995222929936305,0,22,None,66,1,5,False,1,1
2406,31,unweighted,10,0.0995222929936305,0,22,None,66,1,5,False,1,1
2407,32,unweighted,10,0.0996218152866242,0,22,None,66,1,5,False,1,1
2408,33,unweighted,10,0.1003184713375796,0,22,None,66,1,5,False,1,1
2409,34,unweighted,10,0.1052945859872611,0,22,None,66,1,5,False,1,1
2410,30,unweighted,10,0.0995222929936305,0,4,None,66,1,5,False,1,1
2411,31,unweighted,10,0.0995222929936305,0,4,None,66,1,5,False,1,1
2412,32,unweighted,10,0.0995222929936305,0,4,None,66,1,5,False,1,1
2413,33,unweighted,10,0.0996218152866242,0,4,None,66,1,5,False,1,1
2414,34,unweighted,10,0.0996218152866242,0,4,None,66,1,5,False,1,1
2415,30,unweighted,10,0.1226114649681528,0,5,None,66,1,5,False,1,1
2416,31,unweighted,10,0.0995222929936305,0,5,None,66,1,5,False,1,1
2417,32,unweighted,10,0.0995222929936305,0,5,None,66,1,5,False,1,1
2418,33,unweighted,10,0.0995222929936305,0,5,None,66,1,5,False,1,1
2419,34,unweighted,10,0.0995222929936305,0,5,None,66,1,5,False,1,1
2420,30,unweighted,10,0.0995222929936305,0,6,None,66,1,5,False,1,1
2421,31,unweighted,10,0.0995222929936305,0,6,None,66,1,5,False,1,1
2422,32,unweighted,10,0.0995222929936305,0,6,None,66,1,5,False,1,1
2423,33,unweighted,10,0.0995222929936305,0,6,None,66,1,5,False,1,1
2424,34,unweighted,10,0.0995222929936305,0,6,None,66,1,5,False,1,1
2425,30,unweighted,10,0.1035031847133758,0,9,None,66,1,5,False,1,1
2426,31,unweighted,10,0.1059912420382165,0,9,None,66,1,5,False,1,1
2427,32,unweighted,10,0.1194267515923566,0,9,None,66,1,5,False,1,1
2428,33,unweighted,10,0.136046974522293,0,9,None,66,1,5,False,1,1
2429,34,unweighted,10,0.1512738853503184,0,9,None,66,1,5,False,1,1
2430,30,unweighted,10,0.1039012738853503,0,14,None,66,1,5,False,1,1
2431,31,unweighted,10,0.1261942675159235,0,14,None,66,1,5,False,1,1
2432,32,unweighted,10,0.149781050955414,0,14,None,66,1,5,False,1,1
2433,33,unweighted,10,0.1651074840764331,0,14,None,66,1,5,False,1,1
2434,34,unweighted,10,0.1735668789808917,0,14,None,66,1,5,False,1,1
2435,30,unweighted,10,0.1026074840764331,0,3,None,66,1,5,False,1,1
2436,31,unweighted,10,0.125796178343949,0,3,None,66,1,5,False,1,1
2437,32,unweighted,10,0.0952428343949044,0,3,None,66,1,5,False,1,1
2438,33,unweighted,10,0.0965366242038216,0,3,None,66,1,5,False,1,1
2439,34,unweighted,10,0.1084792993630573,0,3,None,66,1,5,False,1,1
2440,30,unweighted,10,0.0995222929936305,0,25,None,66,1,5,False,1,1
2441,31,unweighted,10,0.0995222929936305,0,25,None,66,1,5,False,1,1
2442,32,unweighted,10,0.0994227707006369,0,25,None,66,1,5,False,1,1
2443,33,unweighted,10,0.0998208598726114,0,25,None,66,1,5,False,1,1
2444,34,unweighted,10,0.1014132165605095,0,25,None,66,1,5,False,1,1
2445,30,unweighted,10,0.0995222929936305,0,29,None,66,1,5,False,1,1
2446,31,unweighted,10,0.0995222929936305,0,29,None,66,1,5,False,1,1
2447,32,unweighted,10,0.0995222929936305,0,29,None,66,1,5,False,1,1
2448,33,unweighted,10,0.0995222929936305,0,29,None,66,1,5,False,1,1
2449,34,unweighted,10,0.0995222929936305,0,29,None,66,1,5,False,1,1
2450,30,unweighted,10,0.0995222929936305,0,24,None,66,1,5,False,1,1
2451,31,unweighted,10,0.0993232484076433,0,24,None,66,1,5,False,1,1
2452,32,unweighted,10,0.0984275477707006,0,24,None,66,1,5,False,1,1
2453,33,unweighted,10,0.0980294585987261,0,24,None,66,1,5,False,1,1
2454,34,unweighted,10,0.0981289808917197,0,24,None,66,1,5,False,1,1
2455,30,unweighted,10,0.114749203821656,0,27,None,66,1,5,False,1,1
2456,31,unweighted,10,0.1096735668789808,0,27,None,66,1,5,False,1,1
2457,32,unweighted,10,0.1142515923566879,0,27,None,66,1,5,False,1,1
2458,33,unweighted,10,0.1213176751592356,0,27,None,66,1,5,False,1,1
2459,34,unweighted,10,0.129578025477707,0,27,None,66,1,5,False,1,1
2460,30,unweighted,10,0.1831210191082802,0,0,None,66,1,5,False,1,1
2461,31,unweighted,10,0.192874203821656,0,0,None,66,1,5,False,1,1
2462,32,unweighted,10,0.1933718152866242,0,0,None,66,1,5,False,1,1
2463,33,unweighted,10,0.192874203821656,0,0,None,66,1,5,False,1,1
2464,34,unweighted,10,0.1925756369426751,0,0,None,66,1,5,False,1,1
2465,30,unweighted,10,0.0995222929936305,0,30,None,66,1,5,False,1,1
2466,31,unweighted,10,0.0995222929936305,0,30,None,66,1,5,False,1,1
2467,32,unweighted,10,0.0995222929936305,0,30,None,66,1,5,False,1,1
2468,33,unweighted,10,0.0995222929936305,0,30,None,66,1,5,False,1,1
2469,34,unweighted,10,0.0995222929936305,0,30,None,66,1,5,False,1,1
2470,30,unweighted,10,0.0995222929936305,0,31,None,66,1,5,False,1,1
2471,31,unweighted,10,0.0995222929936305,0,31,None,66,1,5,False,1,1
2472,32,unweighted,10,0.0995222929936305,0,31,None,66,1,5,False,1,1
2473,33,unweighted,10,0.0995222929936305,0,31,None,66,1,5,False,1,1
2474,34,unweighted,10,0.0995222929936305,0,31,None,66,1,5,False,1,1
3630,35,unweighted,10,0.0997213375796178,0,16,None,66,1,5,False,1,1
3631,36,unweighted,10,0.0997213375796178,0,16,None,66,1,5,False,1,1
3632,37,unweighted,10,0.0999203821656051,0,16,None,66,1,5,False,1,1
3633,38,unweighted,10,0.0999203821656051,0,16,None,66,1,5,False,1,1
3634,39,unweighted,10,0.1001194267515923,0,16,None,66,1,5,False,1,1
3635,35,unweighted,10,0.1879976114649681,0,20,None,66,1,5,False,1,1
3636,36,unweighted,10,0.1954617834394904,0,20,None,66,1,5,False,1,1
3637,37,unweighted,10,0.1973527070063694,0,20,None,66,1,5,False,1,1
3638,38,unweighted,10,0.1984474522292993,0,20,None,66,1,5,False,1,1
3639,39,unweighted,10,0.1987460191082802,0,20,None,66,1,5,False,1,1
3640,35,unweighted,10,0.1001194267515923,0,22,None,66,1,5,False,1,1
3641,36,unweighted,10,0.1225119426751592,0,22,None,66,1,5,False,1,1
3642,37,unweighted,10,0.15515525477707,0,22,None,66,1,5,False,1,1
3643,38,unweighted,10,0.1809315286624203,0,22,None,66,1,5,False,1,1
3644,39,unweighted,10,0.1924761146496815,0,22,None,66,1,5,False,1,1
3645,35,unweighted,10,0.1337579617834395,0,14,None,66,1,5,False,1,1
3646,36,unweighted,10,0.1582404458598726,0,14,None,66,1,5,False,1,1
3647,37,unweighted,10,0.1740644904458598,0,14,None,66,1,5,False,1,1
3648,38,unweighted,10,0.1816281847133758,0,14,None,66,1,5,False,1,1
3649,39,unweighted,10,0.1846138535031847,0,14,None,66,1,5,False,1,1
3650,35,unweighted,10,0.0996218152866242,0,17,None,66,1,5,False,1,1
3651,36,unweighted,10,0.0999203821656051,0,17,None,66,1,5,False,1,1
3652,37,unweighted,10,0.1040007961783439,0,17,None,66,1,5,False,1,1
3653,38,unweighted,10,0.1169386942675159,0,17,None,66,1,5,False,1,1
3654,39,unweighted,10,0.1326632165605095,0,17,None,66,1,5,False,1,1
3655,35,unweighted,10,0.1007165605095541,0,25,None,66,1,5,False,1,1
3656,36,unweighted,10,0.0999203821656051,0,25,None,66,1,5,False,1,1
3657,37,unweighted,10,0.1033041401273885,0,25,None,66,1,5,False,1,1
3658,38,unweighted,10,0.106389331210191,0,25,None,66,1,5,False,1,1
3659,39,unweighted,10,0.1126592356687898,0,25,None,66,1,5,False,1,1
3660,35,unweighted,10,0.1009156050955414,0,26,None,66,1,5,False,1,1
3661,36,unweighted,10,0.1043988853503184,0,26,None,66,1,5,False,1,1
3662,37,unweighted,10,0.1107683121019108,0,26,None,66,1,5,False,1,1
3663,38,unweighted,10,0.1242038216560509,0,26,None,66,1,5,False,1,1
3664,39,unweighted,10,0.1391321656050955,0,26,None,66,1,5,False,1,1
3665,35,unweighted,10,0.0996218152866242,0,12,None,66,1,5,False,1,1
3666,36,unweighted,10,0.0996218152866242,0,12,None,66,1,5,False,1,1
3667,37,unweighted,10,0.0996218152866242,0,12,None,66,1,5,False,1,1
3668,38,unweighted,10,0.1004179936305732,0,12,None,66,1,5,False,1,1
3669,39,unweighted,10,0.1072850318471337,0,12,None,66,1,5,False,1,1
3670,35,unweighted,10,0.0993232484076433,0,24,None,66,1,5,False,1,1
3671,36,unweighted,10,0.0987261146496815,0,24,None,66,1,5,False,1,1
3672,37,unweighted,10,0.0999203821656051,0,24,None,66,1,5,False,1,1
3673,38,unweighted,10,0.1015127388535031,0,24,None,66,1,5,False,1,1
3674,39,unweighted,10,0.1032046178343949,0,24,None,66,1,5,False,1,1
3675,35,unweighted,10,0.0999203821656051,0,30,None,66,1,5,False,1,1
3676,36,unweighted,10,0.1001194267515923,0,30,None,66,1,5,False,1,1
3677,37,unweighted,10,0.1009156050955414,0,30,None,66,1,5,False,1,1
3678,38,unweighted,10,0.1034036624203821,0,30,None,66,1,5,False,1,1
3679,39,unweighted,10,0.1077826433121019,0,30,None,66,1,5,False,1,1
3680,35,unweighted,10,0.0996218152866242,0,6,None,66,1,5,False,1,1
3681,36,unweighted,10,0.0996218152866242,0,6,None,66,1,5,False,1,1
3682,37,unweighted,10,0.0996218152866242,0,6,None,66,1,5,False,1,1
3683,38,unweighted,10,0.0996218152866242,0,6,None,66,1,5,False,1,1
3684,39,unweighted,10,0.0996218152866242,0,6,None,66,1,5,False,1,1
3685,35,unweighted,10,0.1138535031847133,0,32,None,66,1,5,False,1,1
3686,36,unweighted,10,0.1405254777070063,0,32,None,66,1,5,False,1,1
3687,37,unweighted,10,0.1650079617834395,0,32,None,66,1,5,False,1,1
3688,38,unweighted,10,0.1808320063694267,0,32,None,66,1,5,False,1,1
3689,39,unweighted,10,0.1889928343949044,0,32,None,66,1,5,False,1,1
3690,35,unweighted,10,0.1600318471337579,0,7,None,66,1,5,False,1,1
3691,36,unweighted,10,0.1612261146496815,0,7,None,66,1,5,False,1,1
3692,37,unweighted,10,0.1702826433121019,0,7,None,66,1,5,False,1,1
3693,38,unweighted,10,0.1871019108280254,0,7,None,66,1,5,False,1,1
3694,39,unweighted,10,0.199343152866242,0,7,None,66,1,5,False,1,1
3695,35,unweighted,10,0.1782444267515923,0,1,None,66,1,5,False,1,1
3696,36,unweighted,10,0.1872014331210191,0,1,None,66,1,5,False,1,1
3697,37,unweighted,10,0.1807324840764331,0,1,None,66,1,5,False,1,1
3698,38,unweighted,10,0.1833200636942675,0,1,None,66,1,5,False,1,1
3699,39,unweighted,10,0.1861066878980891,0,1,None,66,1,5,False,1,1
3700,35,unweighted,10,0.1922770700636942,0,2,None,66,1,5,False,1,1
3701,36,unweighted,10,0.1922770700636942,0,2,None,66,1,5,False,1,1
3702,37,unweighted,10,0.1933718152866242,0,2,None,66,1,5,False,1,1
3703,38,unweighted,10,0.1942675159235669,0,2,None,66,1,5,False,1,1
3704,39,unweighted,10,0.1946656050955414,0,2,None,66,1,5,False,1,1
3705,35,unweighted,10,0.1932722929936305,0,0,None,66,1,5,False,1,1
3706,36,unweighted,10,0.1962579617834395,0,0,None,66,1,5,False,1,1
3707,37,unweighted,10,0.1965565286624203,0,0,None,66,1,5,False,1,1
3708,38,unweighted,10,0.1964570063694267,0,0,None,66,1,5,False,1,1
3709,39,unweighted,10,0.1965565286624203,0,0,None,66,1,5,False,1,1
3710,35,unweighted,10,0.1278861464968153,0,5,None,66,1,5,False,1,1
3711,36,unweighted,10,0.15515525477707,0,5,None,66,1,5,False,1,1
3712,37,unweighted,10,0.141421178343949,0,5,None,66,1,5,False,1,1
3713,38,unweighted,10,0.1350517515923567,0,5,None,66,1,5,False,1,1
3714,39,unweighted,10,0.1320660828025477,0,5,None,66,1,5,False,1,1
3715,35,unweighted,10,0.1286823248407643,0,9,None,66,1,5,False,1,1
3716,36,unweighted,10,0.1419187898089172,0,9,None,66,1,5,False,1,1
3717,37,unweighted,10,0.158937101910828,0,9,None,66,1,5,False,1,1
3718,38,unweighted,10,0.1715764331210191,0,9,None,66,1,5,False,1,1
3719,39,unweighted,10,0.1788415605095541,0,9,None,66,1,5,False,1,1
3720,35,unweighted,10,0.1708797770700637,0,13,None,66,1,5,False,1,1
3721,36,unweighted,10,0.1666003184713375,0,13,None,66,1,5,False,1,1
3722,37,unweighted,10,0.1811305732484076,0,13,None,66,1,5,False,1,1
3723,38,unweighted,10,0.1914808917197452,0,13,None,66,1,5,False,1,1
3724,39,unweighted,10,0.1956608280254777,0,13,None,66,1,5,False,1,1
3725,35,unweighted,10,0.1058917197452229,0,23,None,66,1,5,False,1,1
3726,36,unweighted,10,0.1247014331210191,0,23,None,66,1,5,False,1,1
3727,37,unweighted,10,0.1817277070063694,0,23,None,66,1,5,False,1,1
3728,38,unweighted,10,0.1976512738853503,0,23,None,66,1,5,False,1,1
3729,39,unweighted,10,0.1988455414012739,0,23,None,66,1,5,False,1,1
3730,35,unweighted,10,0.1439092356687898,0,21,None,66,1,5,False,1,1
3731,36,unweighted,10,0.1272890127388535,0,21,None,66,1,5,False,1,1
3732,37,unweighted,10,0.1439092356687898,0,21,None,66,1,5,False,1,1
3733,38,unweighted,10,0.1721735668789809,0,21,None,66,1,5,False,1,1
3734,39,unweighted,10,0.2013335987261146,0,21,None,66,1,5,False,1,1
3735,35,unweighted,10,0.1214171974522293,0,28,None,66,1,5,False,1,1
3736,36,unweighted,10,0.1447054140127388,0,28,None,66,1,5,False,1,1
3737,37,unweighted,10,0.1626194267515923,0,28,None,66,1,5,False,1,1
3738,38,unweighted,10,0.174562101910828,0,28,None,66,1,5,False,1,1
3739,39,unweighted,10,0.1817277070063694,0,28,None,66,1,5,False,1,1
3740,35,unweighted,10,0.1312699044585987,0,27,None,66,1,5,False,1,1
3741,36,unweighted,10,0.1321656050955414,0,27,None,66,1,5,False,1,1
3742,37,unweighted,10,0.1425159235668789,0,27,None,66,1,5,False,1,1
3743,38,unweighted,10,0.1513734076433121,0,27,None,66,1,5,False,1,1
3744,39,unweighted,10,0.1611265923566879,0,27,None,66,1,5,False,1,1
3745,35,unweighted,10,0.0996218152866242,0,29,None,66,1,5,False,1,1
3746,36,unweighted,10,0.0995222929936305,0,29,None,66,1,5,False,1,1
3747,37,unweighted,10,0.0995222929936305,0,29,None,66,1,5,False,1,1
3748,38,unweighted,10,0.0996218152866242,0,29,None,66,1,5,False,1,1
3749,39,unweighted,10,0.0996218152866242,0,29,None,66,1,5,False,1,1
3750,35,unweighted,10,0.1649084394904458,0,10,None,66,1,5,False,1,1
3751,36,unweighted,10,0.188296178343949,0,10,None,66,1,5,False,1,1
3752,37,unweighted,10,0.1963574840764331,0,10,None,66,1,5,False,1,1
3753,38,unweighted,10,0.2137738853503184,0,10,None,66,1,5,False,1,1
3754,39,unweighted,10,0.1760549363057325,0,10,None,66,1,5,False,1,1
3755,35,unweighted,10,0.1003184713375796,0,4,None,66,1,5,False,1,1
3756,36,unweighted,10,0.1006170382165605,0,4,None,66,1,5,False,1,1
3757,37,unweighted,10,0.1015127388535031,0,4,None,66,1,5,False,1,1
3758,38,unweighted,10,0.1048964968152866,0,4,None,66,1,5,False,1,1
3759,39,unweighted,10,0.1129578025477707,0,4,None,66,1,5,False,1,1
3760,35,unweighted,10,0.1256966560509554,0,11,None,66,1,5,False,1,1
3761,36,unweighted,10,0.1798367834394904,0,11,None,66,1,5,False,1,1
3762,37,unweighted,10,0.1957603503184713,0,11,None,66,1,5,False,1,1
3763,38,unweighted,10,0.1983479299363057,0,11,None,66,1,5,False,1,1
3764,39,unweighted,10,0.1987460191082802,0,11,None,66,1,5,False,1,1
3765,35,unweighted,10,0.1737659235668789,0,15,None,66,1,5,False,1,1
3766,36,unweighted,10,0.1959593949044586,0,15,None,66,1,5,False,1,1
3767,37,unweighted,10,0.1981488853503184,0,15,None,66,1,5,False,1,1
3768,38,unweighted,10,0.1984474522292993,0,15,None,66,1,5,False,1,1
3769,39,unweighted,10,0.1984474522292993,0,15,None,66,1,5,False,1,1
3770,35,unweighted,10,0.0998208598726114,0,8,None,66,1,5,False,1,1
3771,36,unweighted,10,0.0996218152866242,0,8,None,66,1,5,False,1,1
3772,37,unweighted,10,0.0996218152866242,0,8,None,66,1,5,False,1,1
3773,38,unweighted,10,0.0995222929936305,0,8,None,66,1,5,False,1,1
3774,39,unweighted,10,0.0995222929936305,0,8,None,66,1,5,False,1,1
3775,35,unweighted,10,0.127687101910828,0,3,None,66,1,5,False,1,1
3776,36,unweighted,10,0.1324641719745223,0,3,None,66,1,5,False,1,1
3777,37,unweighted,10,0.1514729299363057,0,3,None,66,1,5,False,1,1
3778,38,unweighted,10,0.1975517515923567,0,3,None,66,1,5,False,1,1
3779,39,unweighted,10,0.2296974522292993,0,3,None,66,1,5,False,1,1
3780,35,unweighted,10,0.1534633757961783,0,18,None,66,1,5,False,1,1
3781,36,unweighted,10,0.1736664012738853,0,18,None,66,1,5,False,1,1
3782,37,unweighted,10,0.1853105095541401,0,18,None,66,1,5,False,1,1
3783,38,unweighted,10,0.1875,0,18,None,66,1,5,False,1,1
3784,39,unweighted,10,0.1898885350318471,0,18,None,66,1,5,False,1,1
3785,35,unweighted,10,0.0996218152866242,0,31,None,66,1,5,False,1,1
3786,36,unweighted,10,0.0996218152866242,0,31,None,66,1,5,False,1,1
3787,37,unweighted,10,0.0997213375796178,0,31,None,66,1,5,False,1,1
3788,38,unweighted,10,0.0998208598726114,0,31,None,66,1,5,False,1,1
3789,39,unweighted,10,0.0999203821656051,0,31,None,66,1,5,False,1,1
3790,35,unweighted,10,0.1228105095541401,0,19,None,66,1,5,False,1,1
3791,36,unweighted,10,0.1422173566878981,0,19,None,66,1,5,False,1,1
3792,37,unweighted,10,0.1560509554140127,0,19,None,66,1,5,False,1,1
3793,38,unweighted,10,0.1677945859872611,0,19,None,66,1,5,False,1,1
3794,39,unweighted,10,0.1755573248407643,0,19,None,66,1,5,False,1,1
3795,40,unweighted,10,0.1969546178343949,0,11,None,66,1,5,False,1,1
3796,41,unweighted,10,0.1984474522292993,0,11,None,66,1,5,False,1,1
3797,42,unweighted,10,0.1987460191082802,0,11,None,66,1,5,False,1,1
3798,43,unweighted,10,0.1989450636942675,0,11,None,66,1,5,False,1,1
3799,44,unweighted,10,0.1990445859872611,0,11,None,66,1,5,False,1,1
3800,40,unweighted,10,0.1981488853503184,0,17,None,66,1,5,False,1,1
3801,41,unweighted,10,0.214968152866242,0,17,None,66,1,5,False,1,1
3802,42,unweighted,10,0.2209394904458598,0,17,None,66,1,5,False,1,1
3803,43,unweighted,10,0.2220342356687898,0,17,None,66,1,5,False,1,1
3804,44,unweighted,10,0.2234275477707006,0,17,None,66,1,5,False,1,1
3805,40,unweighted,10,0.1983479299363057,0,15,None,66,1,5,False,1,1
3806,41,unweighted,10,0.1984474522292993,0,15,None,66,1,5,False,1,1
3807,42,unweighted,10,0.1986464968152866,0,15,None,66,1,5,False,1,1
3808,43,unweighted,10,0.198546974522293,0,15,None,66,1,5,False,1,1
3809,44,unweighted,10,0.1986464968152866,0,15,None,66,1,5,False,1,1
3810,40,unweighted,10,0.1873009554140127,0,1,None,66,1,5,False,1,1
3811,41,unweighted,10,0.1884952229299363,0,1,None,66,1,5,False,1,1
3812,42,unweighted,10,0.1900875796178344,0,1,None,66,1,5,False,1,1
3813,43,unweighted,10,0.1918789808917197,0,1,None,66,1,5,False,1,1
3814,44,unweighted,10,0.192874203821656,0,1,None,66,1,5,False,1,1
3815,40,unweighted,10,0.1983479299363057,0,20,None,66,1,5,False,1,1
3816,41,unweighted,10,0.1986464968152866,0,20,None,66,1,5,False,1,1
3817,42,unweighted,10,0.1989450636942675,0,20,None,66,1,5,False,1,1
3818,43,unweighted,10,0.1989450636942675,0,20,None,66,1,5,False,1,1
3819,44,unweighted,10,0.1989450636942675,0,20,None,66,1,5,False,1,1
3820,40,unweighted,10,0.1980493630573248,0,10,None,66,1,5,False,1,1
3821,41,unweighted,10,0.1977507961783439,0,10,None,66,1,5,False,1,1
3822,42,unweighted,10,0.1980493630573248,0,10,None,66,1,5,False,1,1
3823,43,unweighted,10,0.2019307324840764,0,10,None,66,1,5,False,1,1
3824,44,unweighted,10,0.2073049363057325,0,10,None,66,1,5,False,1,1
3825,40,unweighted,10,0.1850119426751592,0,22,None,66,1,5,False,1,1
3826,41,unweighted,10,0.1932722929936305,0,22,None,66,1,5,False,1,1
3827,42,unweighted,10,0.1964570063694267,0,22,None,66,1,5,False,1,1
3828,43,unweighted,10,0.1982484076433121,0,22,None,66,1,5,False,1,1
3829,44,unweighted,10,0.1984474522292993,0,22,None,66,1,5,False,1,1
3830,40,unweighted,10,0.1734673566878981,0,23,None,66,1,5,False,1,1
3831,41,unweighted,10,0.1959593949044586,0,23,None,66,1,5,False,1,1
3832,42,unweighted,10,0.198546974522293,0,23,None,66,1,5,False,1,1
3833,43,unweighted,10,0.1988455414012739,0,23,None,66,1,5,False,1,1
3834,44,unweighted,10,0.1990445859872611,0,23,None,66,1,5,False,1,1
3835,40,unweighted,10,0.1559514331210191,0,5,None,66,1,5,False,1,1
3836,41,unweighted,10,0.1498805732484076,0,5,None,66,1,5,False,1,1
3837,42,unweighted,10,0.1522691082802547,0,5,None,66,1,5,False,1,1
3838,43,unweighted,10,0.1537619426751592,0,5,None,66,1,5,False,1,1
3839,44,unweighted,10,0.154359076433121,0,5,None,66,1,5,False,1,1
3840,40,unweighted,10,0.1875,0,7,None,66,1,5,False,1,1
3841,41,unweighted,10,0.2037221337579617,0,7,None,66,1,5,False,1,1
3842,42,unweighted,10,0.2162619426751592,0,7,None,66,1,5,False,1,1
3843,43,unweighted,10,0.2244227707006369,0,7,None,66,1,5,False,1,1
3844,44,unweighted,10,0.2300955414012739,0,7,None,66,1,5,False,1,1
3845,40,unweighted,10,0.1803343949044586,0,32,None,66,1,5,False,1,1
3846,41,unweighted,10,0.1876990445859872,0,32,None,66,1,5,False,1,1
3847,42,unweighted,10,0.1931727707006369,0,32,None,66,1,5,False,1,1
3848,43,unweighted,10,0.195561305732484,0,32,None,66,1,5,False,1,1
3849,44,unweighted,10,0.1969546178343949,0,32,None,66,1,5,False,1,1
3850,40,unweighted,10,0.1665007961783439,0,14,None,66,1,5,False,1,1
3851,41,unweighted,10,0.1789410828025477,0,14,None,66,1,5,False,1,1
3852,42,unweighted,10,0.1871019108280254,0,14,None,66,1,5,False,1,1
3853,43,unweighted,10,0.190187101910828,0,14,None,66,1,5,False,1,1
3854,44,unweighted,10,0.1931727707006369,0,14,None,66,1,5,False,1,1
3855,40,unweighted,10,0.1442078025477707,0,12,None,66,1,5,False,1,1
3856,41,unweighted,10,0.1671974522292993,0,12,None,66,1,5,False,1,1
3857,42,unweighted,10,0.1840167197452229,0,12,None,66,1,5,False,1,1
3858,43,unweighted,10,0.1930732484076433,0,12,None,66,1,5,False,1,1
3859,44,unweighted,10,0.1960589171974522,0,12,None,66,1,5,False,1,1
3860,40,unweighted,10,0.1058917197452229,0,6,None,66,1,5,False,1,1
3861,41,unweighted,10,0.1057921974522293,0,6,None,66,1,5,False,1,1
3862,42,unweighted,10,0.1079816878980891,0,6,None,66,1,5,False,1,1
3863,43,unweighted,10,0.1155453821656051,0,6,None,66,1,5,False,1,1
3864,44,unweighted,10,0.1255971337579617,0,6,None,66,1,5,False,1,1
3865,40,unweighted,10,0.1918789808917197,0,13,None,66,1,5,False,1,1
3866,41,unweighted,10,0.1957603503184713,0,13,None,66,1,5,False,1,1
3867,42,unweighted,10,0.1977507961783439,0,13,None,66,1,5,False,1,1
3868,43,unweighted,10,0.198546974522293,0,13,None,66,1,5,False,1,1
3869,44,unweighted,10,0.1988455414012739,0,13,None,66,1,5,False,1,1
3870,40,unweighted,10,0.1498805732484076,0,25,None,66,1,5,False,1,1
3871,41,unweighted,10,0.1519705414012739,0,25,None,66,1,5,False,1,1
3872,42,unweighted,10,0.1607285031847133,0,25,None,66,1,5,False,1,1
3873,43,unweighted,10,0.1705812101910828,0,25,None,66,1,5,False,1,1
3874,44,unweighted,10,0.1804339171974522,0,25,None,66,1,5,False,1,1
3875,40,unweighted,10,0.1482882165605095,0,26,None,66,1,5,False,1,1
3876,41,unweighted,10,0.1660031847133758,0,26,None,66,1,5,False,1,1
3877,42,unweighted,10,0.1846138535031847,0,26,None,66,1,5,False,1,1
3878,43,unweighted,10,0.1979498407643312,0,26,None,66,1,5,False,1,1
3879,44,unweighted,10,0.2068073248407643,0,26,None,66,1,5,False,1,1
3880,40,unweighted,10,0.163515127388535,0,28,None,66,1,5,False,1,1
3881,41,unweighted,10,0.177249203821656,0,28,None,66,1,5,False,1,1
3882,42,unweighted,10,0.1831210191082802,0,28,None,66,1,5,False,1,1
3883,43,unweighted,10,0.1885947452229299,0,28,None,66,1,5,False,1,1
3884,44,unweighted,10,0.1908837579617834,0,28,None,66,1,5,False,1,1
3885,40,unweighted,10,0.1114649681528662,0,30,None,66,1,5,False,1,1
3886,41,unweighted,10,0.122014331210191,0,30,None,66,1,5,False,1,1
3887,42,unweighted,10,0.1415207006369426,0,30,None,66,1,5,False,1,1
3888,43,unweighted,10,0.1610270700636942,0,30,None,66,1,5,False,1,1
3889,44,unweighted,10,0.1761544585987261,0,30,None,66,1,5,False,1,1
3890,40,unweighted,10,0.1522691082802547,0,27,None,66,1,5,False,1,1
3891,41,unweighted,10,0.1638136942675159,0,27,None,66,1,5,False,1,1
3892,42,unweighted,10,0.1742635350318471,0,27,None,66,1,5,False,1,1
3893,43,unweighted,10,0.1797372611464968,0,27,None,66,1,5,False,1,1
3894,44,unweighted,10,0.1843152866242038,0,27,None,66,1,5,False,1,1
3895,40,unweighted,10,0.1027070063694267,0,31,None,66,1,5,False,1,1
3896,41,unweighted,10,0.1024084394904458,0,31,None,66,1,5,False,1,1
3897,42,unweighted,10,0.1032046178343949,0,31,None,66,1,5,False,1,1
3898,43,unweighted,10,0.1052945859872611,0,31,None,66,1,5,False,1,1
3899,44,unweighted,10,0.1073845541401273,0,31,None,66,1,5,False,1,1
3900,40,unweighted,10,0.1019108280254777,0,16,None,66,1,5,False,1,1
3901,41,unweighted,10,0.1023089171974522,0,16,None,66,1,5,False,1,1
3902,42,unweighted,10,0.102906050955414,0,16,None,66,1,5,False,1,1
3903,43,unweighted,10,0.1041003184713375,0,16,None,66,1,5,False,1,1
3904,44,unweighted,10,0.1059912420382165,0,16,None,66,1,5,False,1,1
3905,40,unweighted,10,0.1296775477707006,0,4,None,66,1,5,False,1,1
3906,41,unweighted,10,0.1432125796178344,0,4,None,66,1,5,False,1,1
3907,42,unweighted,10,0.1639132165605095,0,4,None,66,1,5,False,1,1
3908,43,unweighted,10,0.1770501592356688,0,4,None,66,1,5,False,1,1
3909,44,unweighted,10,0.1854100318471337,0,4,None,66,1,5,False,1,1
3910,40,unweighted,10,0.105593152866242,0,24,None,66,1,5,False,1,1
3911,41,unweighted,10,0.1076831210191082,0,24,None,66,1,5,False,1,1
3912,42,unweighted,10,0.1157444267515923,0,24,None,66,1,5,False,1,1
3913,43,unweighted,10,0.1241042993630573,0,24,None,66,1,5,False,1,1
3914,44,unweighted,10,0.1313694267515923,0,24,None,66,1,5,False,1,1
3915,40,unweighted,10,0.0997213375796178,0,29,None,66,1,5,False,1,1
3916,41,unweighted,10,0.1009156050955414,0,29,None,66,1,5,False,1,1
3917,42,unweighted,10,0.1030055732484076,0,29,None,66,1,5,False,1,1
3918,43,unweighted,10,0.1051950636942675,0,29,None,66,1,5,False,1,1
3919,44,unweighted,10,0.1083797770700636,0,29,None,66,1,5,False,1,1
3920,40,unweighted,10,0.1531648089171974,0,9,None,66,1,5,False,1,1
3921,41,unweighted,10,0.1717754777070063,0,9,None,66,1,5,False,1,1
3922,42,unweighted,10,0.1806329617834395,0,9,None,66,1,5,False,1,1
3923,43,unweighted,10,0.1866042993630573,0,9,None,66,1,5,False,1,1
3924,44,unweighted,10,0.190187101910828,0,9,None,66,1,5,False,1,1
3925,40,unweighted,10,0.1008160828025477,0,8,None,66,1,5,False,1,1
3926,41,unweighted,10,0.0999203821656051,0,8,None,66,1,5,False,1,1
3927,42,unweighted,10,0.1006170382165605,0,8,None,66,1,5,False,1,1
3928,43,unweighted,10,0.1009156050955414,0,8,None,66,1,5,False,1,1
3929,44,unweighted,10,0.1012141719745222,0,8,None,66,1,5,False,1,1
3930,40,unweighted,10,0.1692874203821656,0,18,None,66,1,5,False,1,1
3931,41,unweighted,10,0.1858081210191083,0,18,None,66,1,5,False,1,1
3932,42,unweighted,10,0.1911823248407643,0,18,None,66,1,5,False,1,1
3933,43,unweighted,10,0.192874203821656,0,18,None,66,1,5,False,1,1
3934,44,unweighted,10,0.1931727707006369,0,18,None,66,1,5,False,1,1
3935,40,unweighted,10,0.1659036624203821,0,19,None,66,1,5,False,1,1
3936,41,unweighted,10,0.181031050955414,0,19,None,66,1,5,False,1,1
3937,42,unweighted,10,0.1868033439490445,0,19,None,66,1,5,False,1,1
3938,43,unweighted,10,0.1907842356687898,0,19,None,66,1,5,False,1,1
3939,44,unweighted,10,0.1931727707006369,0,19,None,66,1,5,False,1,1
3940,40,unweighted,10,0.1751592356687898,0,21,None,66,1,5,False,1,1
3941,41,unweighted,10,0.1860071656050955,0,21,None,66,1,5,False,1,1
3942,42,unweighted,10,0.2003383757961783,0,21,None,66,1,5,False,1,1
3943,43,unweighted,10,0.2114848726114649,0,21,None,66,1,5,False,1,1
3944,44,unweighted,10,0.221437101910828,0,21,None,66,1,5,False,1,1
3945,40,unweighted,10,0.1975517515923567,0,2,None,66,1,5,False,1,1
3946,41,unweighted,10,0.1979498407643312,0,2,None,66,1,5,False,1,1
3947,42,unweighted,10,0.1979498407643312,0,2,None,66,1,5,False,1,1
3948,43,unweighted,10,0.1979498407643312,0,2,None,66,1,5,False,1,1
3949,44,unweighted,10,0.2013335987261146,0,2,None,66,1,5,False,1,1
3950,40,unweighted,10,0.1977507961783439,0,0,None,66,1,5,False,1,1
3951,41,unweighted,10,0.1984474522292993,0,0,None,66,1,5,False,1,1
3952,42,unweighted,10,0.1984474522292993,0,0,None,66,1,5,False,1,1
3953,43,unweighted,10,0.1984474522292993,0,0,None,66,1,5,False,1,1
3954,44,unweighted,10,0.1984474522292993,0,0,None,66,1,5,False,1,1
3955,40,unweighted,10,0.1989450636942675,0,3,None,66,1,5,False,1,1
3956,41,unweighted,10,0.2441281847133758,0,3,None,66,1,5,False,1,1
3957,42,unweighted,10,0.2568670382165605,0,3,None,66,1,5,False,1,1
3958,43,unweighted,10,0.2356687898089172,0,3,None,66,1,5,False,1,1
3959,44,unweighted,10,0.2098925159235669,0,3,None,66,1,5,False,1,1
5445,45,unweighted,10,0.2386544585987261,0,1,None,66,1,5,False,1,1
5446,46,unweighted,10,0.1940684713375796,0,1,None,66,1,5,False,1,1
5447,47,unweighted,10,0.194765127388535,0,1,None,66,1,5,False,1,1
5448,48,unweighted,10,0.1954617834394904,0,1,None,66,1,5,False,1,1
5449,49,unweighted,10,0.1959593949044586,0,1,None,66,1,5,False,1,1
5450,45,unweighted,10,0.1983479299363057,0,2,None,66,1,5,False,1,1
5451,46,unweighted,10,0.198546974522293,0,2,None,66,1,5,False,1,1
5452,47,unweighted,10,0.198546974522293,0,2,None,66,1,5,False,1,1
5453,48,unweighted,10,0.1986464968152866,0,2,None,66,1,5,False,1,1
5454,49,unweighted,10,0.2009355095541401,0,2,None,66,1,5,False,1,1
5455,45,unweighted,10,0.2259156050955414,0,5,None,66,1,5,False,1,1
5456,46,unweighted,10,0.2255175159235669,0,5,None,66,1,5,False,1,1
5457,47,unweighted,10,0.2132762738853503,0,5,None,66,1,5,False,1,1
5458,48,unweighted,10,0.2038216560509554,0,5,None,66,1,5,False,1,1
5459,49,unweighted,10,0.1915804140127388,0,5,None,66,1,5,False,1,1
5460,45,unweighted,10,0.1201234076433121,0,16,None,66,1,5,False,1,1
5461,46,unweighted,10,0.130374203821656,0,16,None,66,1,5,False,1,1
5462,47,unweighted,10,0.1431130573248407,0,16,None,66,1,5,False,1,1
5463,48,unweighted,10,0.1520700636942675,0,16,None,66,1,5,False,1,1
5464,49,unweighted,10,0.1605294585987261,0,16,None,66,1,5,False,1,1
5465,45,unweighted,10,0.1987460191082802,0,11,None,66,1,5,False,1,1
5466,46,unweighted,10,0.1990445859872611,0,11,None,66,1,5,False,1,1
5467,47,unweighted,10,0.1990445859872611,0,11,None,66,1,5,False,1,1
5468,48,unweighted,10,0.1990445859872611,0,11,None,66,1,5,False,1,1
5469,49,unweighted,10,0.1990445859872611,0,11,None,66,1,5,False,1,1
5470,45,unweighted,10,0.1953622611464968,0,19,None,66,1,5,False,1,1
5471,46,unweighted,10,0.1973527070063694,0,19,None,66,1,5,False,1,1
5472,47,unweighted,10,0.1978503184713375,0,19,None,66,1,5,False,1,1
5473,48,unweighted,10,0.1983479299363057,0,19,None,66,1,5,False,1,1
5474,49,unweighted,10,0.198546974522293,0,19,None,66,1,5,False,1,1
5475,45,unweighted,10,0.1846138535031847,0,14,None,66,1,5,False,1,1
5476,46,unweighted,10,0.1906847133757961,0,14,None,66,1,5,False,1,1
5477,47,unweighted,10,0.1935708598726114,0,14,None,66,1,5,False,1,1
5478,48,unweighted,10,0.1951632165605095,0,14,None,66,1,5,False,1,1
5479,49,unweighted,10,0.195561305732484,0,14,None,66,1,5,False,1,1
5480,45,unweighted,10,0.2057125796178344,0,17,None,66,1,5,False,1,1
5481,46,unweighted,10,0.2061106687898089,0,17,None,66,1,5,False,1,1
5482,47,unweighted,10,0.207703025477707,0,17,None,66,1,5,False,1,1
5483,48,unweighted,10,0.208499203821656,0,17,None,66,1,5,False,1,1
5484,49,unweighted,10,0.2094944267515923,0,17,None,66,1,5,False,1,1
5485,45,unweighted,10,0.1968550955414012,0,21,None,66,1,5,False,1,1
5486,46,unweighted,10,0.2014331210191083,0,21,None,66,1,5,False,1,1
5487,47,unweighted,10,0.2070063694267516,0,21,None,66,1,5,False,1,1
5488,48,unweighted,10,0.212281050955414,0,21,None,66,1,5,False,1,1
5489,49,unweighted,10,0.2191480891719745,0,21,None,66,1,5,False,1,1
5490,45,unweighted,10,0.1842157643312102,0,25,None,66,1,5,False,1,1
5491,46,unweighted,10,0.1932722929936305,0,25,None,66,1,5,False,1,1
5492,47,unweighted,10,0.2030254777070063,0,25,None,66,1,5,False,1,1
5493,48,unweighted,10,0.2123805732484076,0,25,None,66,1,5,False,1,1
5494,49,unweighted,10,0.2204418789808917,0,25,None,66,1,5,False,1,1
5495,45,unweighted,10,0.1969546178343949,0,26,None,66,1,5,False,1,1
5496,46,unweighted,10,0.210390127388535,0,26,None,66,1,5,False,1,1
5497,47,unweighted,10,0.2171576433121019,0,26,None,66,1,5,False,1,1
5498,48,unweighted,10,0.2207404458598726,0,26,None,66,1,5,False,1,1
5499,49,unweighted,10,0.2231289808917197,0,26,None,66,1,5,False,1,1
5500,45,unweighted,10,0.2109872611464968,0,24,None,66,1,5,False,1,1
5501,46,unweighted,10,0.2256170382165605,0,24,None,66,1,5,False,1,1
5502,47,unweighted,10,0.2342754777070063,0,24,None,66,1,5,False,1,1
5503,48,unweighted,10,0.237062101910828,0,24,None,66,1,5,False,1,1
5504,49,unweighted,10,0.1866042993630573,0,24,None,66,1,5,False,1,1
5505,45,unweighted,10,0.198546974522293,0,28,None,66,1,5,False,1,1
5506,46,unweighted,10,0.232484076433121,0,28,None,66,1,5,False,1,1
5507,47,unweighted,10,0.1931727707006369,0,28,None,66,1,5,False,1,1
5508,48,unweighted,10,0.1941679936305732,0,28,None,66,1,5,False,1,1
5509,49,unweighted,10,0.1952627388535031,0,28,None,66,1,5,False,1,1
5510,45,unweighted,10,0.1734673566878981,0,29,None,66,1,5,False,1,1
5511,46,unweighted,10,0.1721735668789809,0,29,None,66,1,5,False,1,1
5512,47,unweighted,10,0.1647093949044586,0,29,None,66,1,5,False,1,1
5513,48,unweighted,10,0.1532643312101911,0,29,None,66,1,5,False,1,1
5514,49,unweighted,10,0.1533638535031847,0,29,None,66,1,5,False,1,1
5515,45,unweighted,10,0.1863057324840764,0,9,None,66,1,5,False,1,1
5516,46,unweighted,10,0.190983280254777,0,9,None,66,1,5,False,1,1
5517,47,unweighted,10,0.1933718152866242,0,9,None,66,1,5,False,1,1
5518,48,unweighted,10,0.1944665605095541,0,9,None,66,1,5,False,1,1
5519,49,unweighted,10,0.1945660828025477,0,9,None,66,1,5,False,1,1
5520,45,unweighted,10,0.1894904458598726,0,30,None,66,1,5,False,1,1
5521,46,unweighted,10,0.1915804140127388,0,30,None,66,1,5,False,1,1
5522,47,unweighted,10,0.1937699044585987,0,30,None,66,1,5,False,1,1
5523,48,unweighted,10,0.1945660828025477,0,30,None,66,1,5,False,1,1
5524,49,unweighted,10,0.1950636942675159,0,30,None,66,1,5,False,1,1
5525,45,unweighted,10,0.1968550955414012,0,7,None,66,1,5,False,1,1
5526,46,unweighted,10,0.2101910828025477,0,7,None,66,1,5,False,1,1
5527,47,unweighted,10,0.2209394904458598,0,7,None,66,1,5,False,1,1
5528,48,unweighted,10,0.2282046178343949,0,7,None,66,1,5,False,1,1
5529,49,unweighted,10,0.2336783439490445,0,7,None,66,1,5,False,1,1
5530,45,unweighted,10,0.1941679936305732,0,4,None,66,1,5,False,1,1
5531,46,unweighted,10,0.1950636942675159,0,4,None,66,1,5,False,1,1
5532,47,unweighted,10,0.1958598726114649,0,4,None,66,1,5,False,1,1
5533,48,unweighted,10,0.1971536624203821,0,4,None,66,1,5,False,1,1
5534,49,unweighted,10,0.1979498407643312,0,4,None,66,1,5,False,1,1
5535,45,unweighted,10,0.188296178343949,0,6,None,66,1,5,False,1,1
5536,46,unweighted,10,0.1905851910828025,0,6,None,66,1,5,False,1,1
5537,47,unweighted,10,0.1927746815286624,0,6,None,66,1,5,False,1,1
5538,48,unweighted,10,0.195561305732484,0,6,None,66,1,5,False,1,1
5539,49,unweighted,10,0.2017316878980891,0,6,None,66,1,5,False,1,1
5540,45,unweighted,10,0.1989450636942675,0,20,None,66,1,5,False,1,1
5541,46,unweighted,10,0.1989450636942675,0,20,None,66,1,5,False,1,1
5542,47,unweighted,10,0.1989450636942675,0,20,None,66,1,5,False,1,1
5543,48,unweighted,10,0.1989450636942675,0,20,None,66,1,5,False,1,1
5544,49,unweighted,10,0.1990445859872611,0,20,None,66,1,5,False,1,1
5545,45,unweighted,10,0.1509753184713375,0,8,None,66,1,5,False,1,1
5546,46,unweighted,10,0.1340565286624203,0,8,None,66,1,5,False,1,1
5547,47,unweighted,10,0.1288813694267516,0,8,None,66,1,5,False,1,1
5548,48,unweighted,10,0.1282842356687898,0,8,None,66,1,5,False,1,1
5549,49,unweighted,10,0.1309713375796178,0,8,None,66,1,5,False,1,1
5550,45,unweighted,10,0.182921974522293,0,22,None,66,1,5,False,1,1
5551,46,unweighted,10,0.1986464968152866,0,22,None,66,1,5,False,1,1
5552,47,unweighted,10,0.1988455414012739,0,22,None,66,1,5,False,1,1
5553,48,unweighted,10,0.1989450636942675,0,22,None,66,1,5,False,1,1
5554,49,unweighted,10,0.1989450636942675,0,22,None,66,1,5,False,1,1
5555,45,unweighted,10,0.1987460191082802,0,23,None,66,1,5,False,1,1
5556,46,unweighted,10,0.1990445859872611,0,23,None,66,1,5,False,1,1
5557,47,unweighted,10,0.1990445859872611,0,23,None,66,1,5,False,1,1
5558,48,unweighted,10,0.1990445859872611,0,23,None,66,1,5,False,1,1
5559,49,unweighted,10,0.1989450636942675,0,23,None,66,1,5,False,1,1
5560,45,unweighted,10,0.195561305732484,0,32,None,66,1,5,False,1,1
5561,46,unweighted,10,0.1970541401273885,0,32,None,66,1,5,False,1,1
5562,47,unweighted,10,0.1983479299363057,0,32,None,66,1,5,False,1,1
5563,48,unweighted,10,0.1984474522292993,0,32,None,66,1,5,False,1,1
5564,49,unweighted,10,0.1987460191082802,0,32,None,66,1,5,False,1,1
5565,45,unweighted,10,0.1975517515923567,0,10,None,66,1,5,False,1,1
5566,46,unweighted,10,0.1977507961783439,0,10,None,66,1,5,False,1,1
5567,47,unweighted,10,0.197452229299363,0,10,None,66,1,5,False,1,1
5568,48,unweighted,10,0.1994426751592356,0,10,None,66,1,5,False,1,1
5569,49,unweighted,10,0.2023288216560509,0,10,None,66,1,5,False,1,1
5570,45,unweighted,10,0.1986464968152866,0,15,None,66,1,5,False,1,1
5571,46,unweighted,10,0.1986464968152866,0,15,None,66,1,5,False,1,1
5572,47,unweighted,10,0.1987460191082802,0,15,None,66,1,5,False,1,1
5573,48,unweighted,10,0.1986464968152866,0,15,None,66,1,5,False,1,1
5574,49,unweighted,10,0.1982484076433121,0,15,None,66,1,5,False,1,1
5575,45,unweighted,10,0.2473128980891719,0,3,None,66,1,5,False,1,1
5576,46,unweighted,10,0.2566679936305732,0,3,None,66,1,5,False,1,1
5577,47,unweighted,10,0.2447253184713375,0,3,None,66,1,5,False,1,1
5578,48,unweighted,10,0.2252189490445859,0,3,None,66,1,5,False,1,1
5579,49,unweighted,10,0.2052149681528662,0,3,None,66,1,5,False,1,1
5580,45,unweighted,10,0.2094944267515923,0,27,None,66,1,5,False,1,1
5581,46,unweighted,10,0.2210390127388535,0,27,None,66,1,5,False,1,1
5582,47,unweighted,10,0.2348726114649681,0,27,None,66,1,5,False,1,1
5583,48,unweighted,10,0.2411425159235669,0,27,None,66,1,5,False,1,1
5584,49,unweighted,10,0.1951632165605095,0,27,None,66,1,5,False,1,1
5585,45,unweighted,10,0.1865047770700637,0,18,None,66,1,5,False,1,1
5586,46,unweighted,10,0.1934713375796178,0,18,None,66,1,5,False,1,1
5587,47,unweighted,10,0.1957603503184713,0,18,None,66,1,5,False,1,1
5588,48,unweighted,10,0.1961584394904458,0,18,None,66,1,5,False,1,1
5589,49,unweighted,10,0.196656050955414,0,18,None,66,1,5,False,1,1
5590,45,unweighted,10,0.1503781847133758,0,31,None,66,1,5,False,1,1
5591,46,unweighted,10,0.1429140127388535,0,31,None,66,1,5,False,1,1
5592,47,unweighted,10,0.1422173566878981,0,31,None,66,1,5,False,1,1
5593,48,unweighted,10,0.1430135350318471,0,31,None,66,1,5,False,1,1
5594,49,unweighted,10,0.1446058917197452,0,31,None,66,1,5,False,1,1
5595,45,unweighted,10,0.1953622611464968,0,12,None,66,1,5,False,1,1
5596,46,unweighted,10,0.1968550955414012,0,12,None,66,1,5,False,1,1
5597,47,unweighted,10,0.1981488853503184,0,12,None,66,1,5,False,1,1
5598,48,unweighted,10,0.1983479299363057,0,12,None,66,1,5,False,1,1
5599,49,unweighted,10,0.1984474522292993,0,12,None,66,1,5,False,1,1
5600,45,unweighted,10,0.1988455414012739,0,13,None,66,1,5,False,1,1
5601,46,unweighted,10,0.1989450636942675,0,13,None,66,1,5,False,1,1
5602,47,unweighted,10,0.1989450636942675,0,13,None,66,1,5,False,1,1
5603,48,unweighted,10,0.1989450636942675,0,13,None,66,1,5,False,1,1
5604,49,unweighted,10,0.1990445859872611,0,13,None,66,1,5,False,1,1
5605,45,unweighted,10,0.1987460191082802,0,0,None,66,1,5,False,1,1
5606,46,unweighted,10,0.1986464968152866,0,0,None,66,1,5,False,1,1
5607,47,unweighted,10,0.198546974522293,0,0,None,66,1,5,False,1,1
5608,48,unweighted,10,0.198546974522293,0,0,None,66,1,5,False,1,1
5609,49,unweighted,10,0.198546974522293,0,0,None,66,1,5,False,1,1
5610,50,unweighted,10,0.1983479299363057,0,26,None,66,1,5,False,1,1
5611,51,unweighted,10,0.2051154458598726,0,26,None,66,1,5,False,1,1
5612,52,unweighted,10,0.2079020700636942,0,26,None,66,1,5,False,1,1
5613,53,unweighted,10,0.2108877388535031,0,26,None,66,1,5,False,1,1
5614,54,unweighted,10,0.2124800955414012,0,26,None,66,1,5,False,1,1
5615,50,unweighted,10,0.2150676751592356,0,1,None,66,1,5,False,1,1
5616,51,unweighted,10,0.1962579617834395,0,1,None,66,1,5,False,1,1
5617,52,unweighted,10,0.1964570063694267,0,1,None,66,1,5,False,1,1
5618,53,unweighted,10,0.196656050955414,0,1,None,66,1,5,False,1,1
5619,54,unweighted,10,0.1969546178343949,0,1,None,66,1,5,False,1,1
5620,50,unweighted,10,0.1989450636942675,0,13,None,66,1,5,False,1,1
5621,51,unweighted,10,0.1990445859872611,0,13,None,66,1,5,False,1,1
5622,52,unweighted,10,0.1990445859872611,0,13,None,66,1,5,False,1,1
5623,53,unweighted,10,0.1990445859872611,0,13,None,66,1,5,False,1,1
5624,54,unweighted,10,0.199343152866242,0,13,None,66,1,5,False,1,1
5625,50,unweighted,10,0.1987460191082802,0,2,None,66,1,5,False,1,1
5626,51,unweighted,10,0.1987460191082802,0,2,None,66,1,5,False,1,1
5627,52,unweighted,10,0.1987460191082802,0,2,None,66,1,5,False,1,1
5628,53,unweighted,10,0.1987460191082802,0,2,None,66,1,5,False,1,1
5629,54,unweighted,10,0.1987460191082802,0,2,None,66,1,5,False,1,1
5630,50,unweighted,10,0.1988455414012739,0,7,None,66,1,5,False,1,1
5631,51,unweighted,10,0.2038216560509554,0,7,None,66,1,5,False,1,1
5632,52,unweighted,10,0.2093949044585987,0,7,None,66,1,5,False,1,1
5633,53,unweighted,10,0.2146695859872611,0,7,None,66,1,5,False,1,1
5634,54,unweighted,10,0.2181528662420382,0,7,None,66,1,5,False,1,1
5635,50,unweighted,10,0.1990445859872611,0,11,None,66,1,5,False,1,1
5636,51,unweighted,10,0.1990445859872611,0,11,None,66,1,5,False,1,1
5637,52,unweighted,10,0.1990445859872611,0,11,None,66,1,5,False,1,1
5638,53,unweighted,10,0.1990445859872611,0,11,None,66,1,5,False,1,1
5639,54,unweighted,10,0.1990445859872611,0,11,None,66,1,5,False,1,1
5640,50,unweighted,10,0.1984474522292993,0,15,None,66,1,5,False,1,1
5641,51,unweighted,10,0.198546974522293,0,15,None,66,1,5,False,1,1
5642,52,unweighted,10,0.1984474522292993,0,15,None,66,1,5,False,1,1
5643,53,unweighted,10,0.1981488853503184,0,15,None,66,1,5,False,1,1
5644,54,unweighted,10,0.1980493630573248,0,15,None,66,1,5,False,1,1
5645,50,unweighted,10,0.2051154458598726,0,17,None,66,1,5,False,1,1
5646,51,unweighted,10,0.2050159235668789,0,17,None,66,1,5,False,1,1
5647,52,unweighted,10,0.2069068471337579,0,17,None,66,1,5,False,1,1
5648,53,unweighted,10,0.2070063694267516,0,17,None,66,1,5,False,1,1
5649,54,unweighted,10,0.2082006369426751,0,17,None,66,1,5,False,1,1
5650,50,unweighted,10,0.2196457006369426,0,5,None,66,1,5,False,1,1
5651,51,unweighted,10,0.2334792993630573,0,5,None,66,1,5,False,1,1
5652,52,unweighted,10,0.2447253184713375,0,5,None,66,1,5,False,1,1
5653,53,unweighted,10,0.2552746815286624,0,5,None,66,1,5,False,1,1
5654,54,unweighted,10,0.2588574840764331,0,5,None,66,1,5,False,1,1
5655,50,unweighted,10,0.1967555732484076,0,10,None,66,1,5,False,1,1
5656,51,unweighted,10,0.1964570063694267,0,10,None,66,1,5,False,1,1
5657,52,unweighted,10,0.196656050955414,0,10,None,66,1,5,False,1,1
5658,53,unweighted,10,0.1979498407643312,0,10,None,66,1,5,False,1,1
5659,54,unweighted,10,0.1994426751592356,0,10,None,66,1,5,False,1,1
5660,50,unweighted,10,0.1984474522292993,0,6,None,66,1,5,False,1,1
5661,51,unweighted,10,0.2096934713375796,0,6,None,66,1,5,False,1,1
5662,52,unweighted,10,0.2113853503184713,0,6,None,66,1,5,False,1,1
5663,53,unweighted,10,0.2129777070063694,0,6,None,66,1,5,False,1,1
5664,54,unweighted,10,0.2138734076433121,0,6,None,66,1,5,False,1,1
5665,50,unweighted,10,0.1990445859872611,0,20,None,66,1,5,False,1,1
5666,51,unweighted,10,0.1990445859872611,0,20,None,66,1,5,False,1,1
5667,52,unweighted,10,0.1990445859872611,0,20,None,66,1,5,False,1,1
5668,53,unweighted,10,0.1990445859872611,0,20,None,66,1,5,False,1,1
5669,54,unweighted,10,0.1990445859872611,0,20,None,66,1,5,False,1,1
5670,50,unweighted,10,0.1989450636942675,0,22,None,66,1,5,False,1,1
5671,51,unweighted,10,0.1990445859872611,0,22,None,66,1,5,False,1,1
5672,52,unweighted,10,0.1990445859872611,0,22,None,66,1,5,False,1,1
5673,53,unweighted,10,0.1990445859872611,0,22,None,66,1,5,False,1,1
5674,54,unweighted,10,0.1990445859872611,0,22,None,66,1,5,False,1,1
5675,50,unweighted,10,0.1986464968152866,0,32,None,66,1,5,False,1,1
5676,51,unweighted,10,0.1988455414012739,0,32,None,66,1,5,False,1,1
5677,52,unweighted,10,0.1989450636942675,0,32,None,66,1,5,False,1,1
5678,53,unweighted,10,0.1989450636942675,0,32,None,66,1,5,False,1,1
5679,54,unweighted,10,0.1989450636942675,0,32,None,66,1,5,False,1,1
5680,50,unweighted,10,0.1833200636942675,0,16,None,66,1,5,False,1,1
5681,51,unweighted,10,0.1855095541401273,0,16,None,66,1,5,False,1,1
5682,52,unweighted,10,0.1875,0,16,None,66,1,5,False,1,1
5683,53,unweighted,10,0.1896894904458598,0,16,None,66,1,5,False,1,1
5684,54,unweighted,10,0.1972531847133758,0,16,None,66,1,5,False,1,1
5685,50,unweighted,10,0.2062101910828025,0,8,None,66,1,5,False,1,1
5686,51,unweighted,10,0.2005374203821656,0,8,None,66,1,5,False,1,1
5687,52,unweighted,10,0.2016321656050955,0,8,None,66,1,5,False,1,1
5688,53,unweighted,10,0.2043192675159235,0,8,None,66,1,5,False,1,1
5689,54,unweighted,10,0.2072054140127388,0,8,None,66,1,5,False,1,1
5690,50,unweighted,10,0.1952627388535031,0,18,None,66,1,5,False,1,1
5691,51,unweighted,10,0.1967555732484076,0,18,None,66,1,5,False,1,1
5692,52,unweighted,10,0.1975517515923567,0,18,None,66,1,5,False,1,1
5693,53,unweighted,10,0.1972531847133758,0,18,None,66,1,5,False,1,1
5694,54,unweighted,10,0.1973527070063694,0,18,None,66,1,5,False,1,1
5695,50,unweighted,10,0.1935708598726114,0,14,None,66,1,5,False,1,1
5696,51,unweighted,10,0.1950636942675159,0,14,None,66,1,5,False,1,1
5697,52,unweighted,10,0.1959593949044586,0,14,None,66,1,5,False,1,1
5698,53,unweighted,10,0.1967555732484076,0,14,None,66,1,5,False,1,1
5699,54,unweighted,10,0.1968550955414012,0,14,None,66,1,5,False,1,1
5700,50,unweighted,10,0.198546974522293,0,19,None,66,1,5,False,1,1
5701,51,unweighted,10,0.1988455414012739,0,19,None,66,1,5,False,1,1
5702,52,unweighted,10,0.1990445859872611,0,19,None,66,1,5,False,1,1
5703,53,unweighted,10,0.1990445859872611,0,19,None,66,1,5,False,1,1
5704,54,unweighted,10,0.2000398089171974,0,19,None,66,1,5,False,1,1
5705,50,unweighted,10,0.1970541401273885,0,21,None,66,1,5,False,1,1
5706,51,unweighted,10,0.2002388535031847,0,21,None,66,1,5,False,1,1
5707,52,unweighted,10,0.2030254777070063,0,21,None,66,1,5,False,1,1
5708,53,unweighted,10,0.2071058917197452,0,21,None,66,1,5,False,1,1
5709,54,unweighted,10,0.2106886942675159,0,21,None,66,1,5,False,1,1
5710,50,unweighted,10,0.2165605095541401,0,24,None,66,1,5,False,1,1
5711,51,unweighted,10,0.222233280254777,0,24,None,66,1,5,False,1,1
5712,52,unweighted,10,0.2272093949044586,0,24,None,66,1,5,False,1,1
5713,53,unweighted,10,0.2465167197452229,0,24,None,66,1,5,False,1,1
5714,54,unweighted,10,0.1898885350318471,0,24,None,66,1,5,False,1,1
5715,50,unweighted,10,0.2277070063694267,0,27,None,66,1,5,False,1,1
5716,51,unweighted,10,0.2335788216560509,0,27,None,66,1,5,False,1,1
5717,52,unweighted,10,0.2386544585987261,0,27,None,66,1,5,False,1,1
5718,53,unweighted,10,0.2473128980891719,0,27,None,66,1,5,False,1,1
5719,54,unweighted,10,0.2580613057324841,0,27,None,66,1,5,False,1,1
5720,50,unweighted,10,0.195561305732484,0,30,None,66,1,5,False,1,1
5721,51,unweighted,10,0.1960589171974522,0,30,None,66,1,5,False,1,1
5722,52,unweighted,10,0.1960589171974522,0,30,None,66,1,5,False,1,1
5723,53,unweighted,10,0.1961584394904458,0,30,None,66,1,5,False,1,1
5724,54,unweighted,10,0.196656050955414,0,30,None,66,1,5,False,1,1
5725,50,unweighted,10,0.1683917197452229,0,31,None,66,1,5,False,1,1
5726,51,unweighted,10,0.1658041401273885,0,31,None,66,1,5,False,1,1
5727,52,unweighted,10,0.1665007961783439,0,31,None,66,1,5,False,1,1
5728,53,unweighted,10,0.1679936305732484,0,31,None,66,1,5,False,1,1
5729,54,unweighted,10,0.1709792993630573,0,31,None,66,1,5,False,1,1
5730,50,unweighted,10,0.1989450636942675,0,28,None,66,1,5,False,1,1
5731,51,unweighted,10,0.2009355095541401,0,28,None,66,1,5,False,1,1
5732,52,unweighted,10,0.2185509554140127,0,28,None,66,1,5,False,1,1
5733,53,unweighted,10,0.1958598726114649,0,28,None,66,1,5,False,1,1
5734,54,unweighted,10,0.196656050955414,0,28,None,66,1,5,False,1,1
5735,50,unweighted,10,0.2552746815286624,0,3,None,66,1,5,False,1,1
5736,51,unweighted,10,0.2463176751592356,0,3,None,66,1,5,False,1,1
5737,52,unweighted,10,0.2301950636942675,0,3,None,66,1,5,False,1,1
5738,53,unweighted,10,0.2135748407643312,0,3,None,66,1,5,False,1,1
5739,54,unweighted,10,0.2018312101910828,0,3,None,66,1,5,False,1,1
5740,50,unweighted,10,0.2347730891719745,0,29,None,66,1,5,False,1,1
5741,51,unweighted,10,0.243531050955414,0,29,None,66,1,5,False,1,1
5742,52,unweighted,10,0.2548765923566879,0,29,None,66,1,5,False,1,1
5743,53,unweighted,10,0.2621417197452229,0,29,None,66,1,5,False,1,1
5744,54,unweighted,10,0.2634355095541401,0,29,None,66,1,5,False,1,1
5745,50,unweighted,10,0.1941679936305732,0,9,None,66,1,5,False,1,1
5746,51,unweighted,10,0.1949641719745223,0,9,None,66,1,5,False,1,1
5747,52,unweighted,10,0.195561305732484,0,9,None,66,1,5,False,1,1
5748,53,unweighted,10,0.1960589171974522,0,9,None,66,1,5,False,1,1
5749,54,unweighted,10,0.1964570063694267,0,9,None,66,1,5,False,1,1
5750,50,unweighted,10,0.198546974522293,0,12,None,66,1,5,False,1,1
5751,51,unweighted,10,0.198546974522293,0,12,None,66,1,5,False,1,1
5752,52,unweighted,10,0.1987460191082802,0,12,None,66,1,5,False,1,1
5753,53,unweighted,10,0.1987460191082802,0,12,None,66,1,5,False,1,1
5754,54,unweighted,10,0.1987460191082802,0,12,None,66,1,5,False,1,1
5755,50,unweighted,10,0.2183519108280254,0,25,None,66,1,5,False,1,1
5756,51,unweighted,10,0.2320859872611465,0,25,None,66,1,5,False,1,1
5757,52,unweighted,10,0.2359673566878981,0,25,None,66,1,5,False,1,1
5758,53,unweighted,10,0.2353702229299363,0,25,None,66,1,5,False,1,1
5759,54,unweighted,10,0.2327826433121019,0,25,None,66,1,5,False,1,1
5760,50,unweighted,10,0.1986464968152866,0,4,None,66,1,5,False,1,1
5761,51,unweighted,10,0.1986464968152866,0,4,None,66,1,5,False,1,1
5762,52,unweighted,10,0.1987460191082802,0,4,None,66,1,5,False,1,1
5763,53,unweighted,10,0.1987460191082802,0,4,None,66,1,5,False,1,1
5764,54,unweighted,10,0.1987460191082802,0,4,None,66,1,5,False,1,1
5765,50,unweighted,10,0.1989450636942675,0,0,None,66,1,5,False,1,1
5766,51,unweighted,10,0.1989450636942675,0,0,None,66,1,5,False,1,1
5767,52,unweighted,10,0.1989450636942675,0,0,None,66,1,5,False,1,1
5768,53,unweighted,10,0.1989450636942675,0,0,None,66,1,5,False,1,1
5769,54,unweighted,10,0.1989450636942675,0,0,None,66,1,5,False,1,1
5770,50,unweighted,10,0.1990445859872611,0,23,None,66,1,5,False,1,1
5771,51,unweighted,10,0.1990445859872611,0,23,None,66,1,5,False,1,1
5772,52,unweighted,10,0.1989450636942675,0,23,None,66,1,5,False,1,1
5773,53,unweighted,10,0.1989450636942675,0,23,None,66,1,5,False,1,1
5774,54,unweighted,10,0.1988455414012739,0,23,None,66,1,5,False,1,1
7590,55,unweighted,10,0.2052149681528662,0,1,None,66,1,5,False,1,1
7591,56,unweighted,10,0.2183519108280254,0,1,None,66,1,5,False,1,1
7592,57,unweighted,10,0.1972531847133758,0,1,None,66,1,5,False,1,1
7593,58,unweighted,10,0.1973527070063694,0,1,None,66,1,5,False,1,1
7594,59,unweighted,10,0.197452229299363,0,1,None,66,1,5,False,1,1
7595,55,unweighted,10,0.1986464968152866,0,2,None,66,1,5,False,1,1
7596,56,unweighted,10,0.1987460191082802,0,2,None,66,1,5,False,1,1
7597,57,unweighted,10,0.1987460191082802,0,2,None,66,1,5,False,1,1
7598,58,unweighted,10,0.1987460191082802,0,2,None,66,1,5,False,1,1
7599,59,unweighted,10,0.1987460191082802,0,2,None,66,1,5,False,1,1
7600,55,unweighted,10,0.2082006369426751,0,5,None,66,1,5,False,1,1
7601,56,unweighted,10,0.2116839171974522,0,5,None,66,1,5,False,1,1
7602,57,unweighted,10,0.2166600318471337,0,5,None,66,1,5,False,1,1
7603,58,unweighted,10,0.219546178343949,0,5,None,66,1,5,False,1,1
7604,59,unweighted,10,0.1934713375796178,0,5,None,66,1,5,False,1,1
7605,55,unweighted,10,0.1990445859872611,0,13,None,66,1,5,False,1,1
7606,56,unweighted,10,0.1991441082802547,0,13,None,66,1,5,False,1,1
7607,57,unweighted,10,0.1992436305732484,0,13,None,66,1,5,False,1,1
7608,58,unweighted,10,0.1991441082802547,0,13,None,66,1,5,False,1,1
7609,59,unweighted,10,0.1991441082802547,0,13,None,66,1,5,False,1,1
7610,55,unweighted,10,0.1982484076433121,0,15,None,66,1,5,False,1,1
7611,56,unweighted,10,0.1981488853503184,0,15,None,66,1,5,False,1,1
7612,57,unweighted,10,0.1978503184713375,0,15,None,66,1,5,False,1,1
7613,58,unweighted,10,0.1977507961783439,0,15,None,66,1,5,False,1,1
7614,59,unweighted,10,0.1977507961783439,0,15,None,66,1,5,False,1,1
7615,55,unweighted,10,0.1965565286624203,0,10,None,66,1,5,False,1,1
7616,56,unweighted,10,0.1962579617834395,0,10,None,66,1,5,False,1,1
7617,57,unweighted,10,0.1962579617834395,0,10,None,66,1,5,False,1,1
7618,58,unweighted,10,0.1971536624203821,0,10,None,66,1,5,False,1,1
7619,59,unweighted,10,0.1979498407643312,0,10,None,66,1,5,False,1,1
7620,55,unweighted,10,0.1990445859872611,0,11,None,66,1,5,False,1,1
7621,56,unweighted,10,0.1990445859872611,0,11,None,66,1,5,False,1,1
7622,57,unweighted,10,0.1990445859872611,0,11,None,66,1,5,False,1,1
7623,58,unweighted,10,0.1990445859872611,0,11,None,66,1,5,False,1,1
7624,59,unweighted,10,0.1989450636942675,0,11,None,66,1,5,False,1,1
7625,55,unweighted,10,0.1990445859872611,0,20,None,66,1,5,False,1,1
7626,56,unweighted,10,0.1990445859872611,0,20,None,66,1,5,False,1,1
7627,57,unweighted,10,0.1990445859872611,0,20,None,66,1,5,False,1,1
7628,58,unweighted,10,0.1990445859872611,0,20,None,66,1,5,False,1,1
7629,59,unweighted,10,0.1990445859872611,0,20,None,66,1,5,False,1,1
7630,55,unweighted,10,0.1961584394904458,0,14,None,66,1,5,False,1,1
7631,56,unweighted,10,0.1968550955414012,0,14,None,66,1,5,False,1,1
7632,57,unweighted,10,0.1969546178343949,0,14,None,66,1,5,False,1,1
7633,58,unweighted,10,0.1971536624203821,0,14,None,66,1,5,False,1,1
7634,59,unweighted,10,0.1971536624203821,0,14,None,66,1,5,False,1,1
7635,55,unweighted,10,0.1990445859872611,0,22,None,66,1,5,False,1,1
7636,56,unweighted,10,0.1990445859872611,0,22,None,66,1,5,False,1,1
7637,57,unweighted,10,0.1990445859872611,0,22,None,66,1,5,False,1,1
7638,58,unweighted,10,0.1990445859872611,0,22,None,66,1,5,False,1,1
7639,59,unweighted,10,0.1990445859872611,0,22,None,66,1,5,False,1,1
7640,55,unweighted,10,0.2360668789808917,0,25,None,66,1,5,False,1,1
7641,56,unweighted,10,0.2450238853503184,0,25,None,66,1,5,False,1,1
7642,57,unweighted,10,0.2485071656050955,0,25,None,66,1,5,False,1,1
7643,58,unweighted,10,0.2463176751592356,0,25,None,66,1,5,False,1,1
7644,59,unweighted,10,0.2432324840764331,0,25,None,66,1,5,False,1,1
7645,55,unweighted,10,0.1988455414012739,0,26,None,66,1,5,False,1,1
7646,56,unweighted,10,0.2007364649681528,0,26,None,66,1,5,False,1,1
7647,57,unweighted,10,0.2030254777070063,0,26,None,66,1,5,False,1,1
7648,58,unweighted,10,0.2044187898089172,0,26,None,66,1,5,False,1,1
7649,59,unweighted,10,0.2047173566878981,0,26,None,66,1,5,False,1,1
7650,55,unweighted,10,0.1987460191082802,0,12,None,66,1,5,False,1,1
7651,56,unweighted,10,0.1997412420382165,0,12,None,66,1,5,False,1,1
7652,57,unweighted,10,0.2008359872611465,0,12,None,66,1,5,False,1,1
7653,58,unweighted,10,0.2019307324840764,0,12,None,66,1,5,False,1,1
7654,59,unweighted,10,0.2028264331210191,0,12,None,66,1,5,False,1,1
7655,55,unweighted,10,0.1990445859872611,0,28,None,66,1,5,False,1,1
7656,56,unweighted,10,0.1999402866242038,0,28,None,66,1,5,False,1,1
7657,57,unweighted,10,0.2053144904458598,0,28,None,66,1,5,False,1,1
7658,58,unweighted,10,0.1970541401273885,0,28,None,66,1,5,False,1,1
7659,59,unweighted,10,0.1971536624203821,0,28,None,66,1,5,False,1,1
7660,55,unweighted,10,0.2083001592356688,0,29,None,66,1,5,False,1,1
7661,56,unweighted,10,0.2124800955414012,0,29,None,66,1,5,False,1,1
7662,57,unweighted,10,0.2156648089171974,0,29,None,66,1,5,False,1,1
7663,58,unweighted,10,0.2178542993630573,0,29,None,66,1,5,False,1,1
7664,59,unweighted,10,0.2180533439490445,0,29,None,66,1,5,False,1,1
7665,55,unweighted,10,0.1964570063694267,0,9,None,66,1,5,False,1,1
7666,56,unweighted,10,0.196656050955414,0,9,None,66,1,5,False,1,1
7667,57,unweighted,10,0.1969546178343949,0,9,None,66,1,5,False,1,1
7668,58,unweighted,10,0.1970541401273885,0,9,None,66,1,5,False,1,1
7669,59,unweighted,10,0.1969546178343949,0,9,None,66,1,5,False,1,1
7670,55,unweighted,10,0.1964570063694267,0,30,None,66,1,5,False,1,1
7671,56,unweighted,10,0.1965565286624203,0,30,None,66,1,5,False,1,1
7672,57,unweighted,10,0.1965565286624203,0,30,None,66,1,5,False,1,1
7673,58,unweighted,10,0.196656050955414,0,30,None,66,1,5,False,1,1
7674,59,unweighted,10,0.1967555732484076,0,30,None,66,1,5,False,1,1
7675,55,unweighted,10,0.2146695859872611,0,31,None,66,1,5,False,1,1
7676,56,unweighted,10,0.1996417197452229,0,31,None,66,1,5,False,1,1
7677,57,unweighted,10,0.1958598726114649,0,31,None,66,1,5,False,1,1
7678,58,unweighted,10,0.1965565286624203,0,31,None,66,1,5,False,1,1
7679,59,unweighted,10,0.1981488853503184,0,31,None,66,1,5,False,1,1
7680,55,unweighted,10,0.2125796178343949,0,6,None,66,1,5,False,1,1
7681,56,unweighted,10,0.2100915605095541,0,6,None,66,1,5,False,1,1
7682,57,unweighted,10,0.2106886942675159,0,6,None,66,1,5,False,1,1
7683,58,unweighted,10,0.2121815286624203,0,6,None,66,1,5,False,1,1
7684,59,unweighted,10,0.2127786624203821,0,6,None,66,1,5,False,1,1
7685,55,unweighted,10,0.2539808917197452,0,3,None,66,1,5,False,1,1
7686,56,unweighted,10,0.2540804140127388,0,3,None,66,1,5,False,1,1
7687,57,unweighted,10,0.2541799363057325,0,3,None,66,1,5,False,1,1
7688,58,unweighted,10,0.2493033439490445,0,3,None,66,1,5,False,1,1
7689,59,unweighted,10,0.2402468152866242,0,3,None,66,1,5,False,1,1
7690,55,unweighted,10,0.2000398089171974,0,7,None,66,1,5,False,1,1
7691,56,unweighted,10,0.1995421974522293,0,7,None,66,1,5,False,1,1
7692,57,unweighted,10,0.2006369426751592,0,7,None,66,1,5,False,1,1
7693,58,unweighted,10,0.2024283439490445,0,7,None,66,1,5,False,1,1
7694,59,unweighted,10,0.2026273885350318,0,7,None,66,1,5,False,1,1
7695,55,unweighted,10,0.1989450636942675,0,32,None,66,1,5,False,1,1
7696,56,unweighted,10,0.1989450636942675,0,32,None,66,1,5,False,1,1
7697,57,unweighted,10,0.1989450636942675,0,32,None,66,1,5,False,1,1
7698,58,unweighted,10,0.1989450636942675,0,32,None,66,1,5,False,1,1
7699,59,unweighted,10,0.1990445859872611,0,32,None,66,1,5,False,1,1
7700,55,unweighted,10,0.194765127388535,0,16,None,66,1,5,False,1,1
7701,56,unweighted,10,0.1945660828025477,0,16,None,66,1,5,False,1,1
7702,57,unweighted,10,0.1971536624203821,0,16,None,66,1,5,False,1,1
7703,58,unweighted,10,0.2006369426751592,0,16,None,66,1,5,False,1,1
7704,59,unweighted,10,0.2043192675159235,0,16,None,66,1,5,False,1,1
7705,55,unweighted,10,0.2022292993630573,0,8,None,66,1,5,False,1,1
7706,56,unweighted,10,0.2040207006369426,0,8,None,66,1,5,False,1,1
7707,57,unweighted,10,0.2076035031847133,0,8,None,66,1,5,False,1,1
7708,58,unweighted,10,0.210390127388535,0,8,None,66,1,5,False,1,1
7709,59,unweighted,10,0.2148686305732484,0,8,None,66,1,5,False,1,1
7710,55,unweighted,10,0.1969546178343949,0,18,None,66,1,5,False,1,1
7711,56,unweighted,10,0.1976512738853503,0,18,None,66,1,5,False,1,1
7712,57,unweighted,10,0.1981488853503184,0,18,None,66,1,5,False,1,1
7713,58,unweighted,10,0.1983479299363057,0,18,None,66,1,5,False,1,1
7714,59,unweighted,10,0.1982484076433121,0,18,None,66,1,5,False,1,1
7715,55,unweighted,10,0.1991441082802547,0,19,None,66,1,5,False,1,1
7716,56,unweighted,10,0.1992436305732484,0,19,None,66,1,5,False,1,1
7717,57,unweighted,10,0.1992436305732484,0,19,None,66,1,5,False,1,1
7718,58,unweighted,10,0.1992436305732484,0,19,None,66,1,5,False,1,1
7719,59,unweighted,10,0.1992436305732484,0,19,None,66,1,5,False,1,1
7720,55,unweighted,10,0.1989450636942675,0,4,None,66,1,5,False,1,1
7721,56,unweighted,10,0.1989450636942675,0,4,None,66,1,5,False,1,1
7722,57,unweighted,10,0.1989450636942675,0,4,None,66,1,5,False,1,1
7723,58,unweighted,10,0.1989450636942675,0,4,None,66,1,5,False,1,1
7724,59,unweighted,10,0.1990445859872611,0,4,None,66,1,5,False,1,1
7725,55,unweighted,10,0.1990445859872611,0,0,None,66,1,5,False,1,1
7726,56,unweighted,10,0.1990445859872611,0,0,None,66,1,5,False,1,1
7727,57,unweighted,10,0.1989450636942675,0,0,None,66,1,5,False,1,1
7728,58,unweighted,10,0.1989450636942675,0,0,None,66,1,5,False,1,1
7729,59,unweighted,10,0.1989450636942675,0,0,None,66,1,5,False,1,1
7730,55,unweighted,10,0.1990445859872611,0,23,None,66,1,5,False,1,1
7731,56,unweighted,10,0.1990445859872611,0,23,None,66,1,5,False,1,1
7732,57,unweighted,10,0.1989450636942675,0,23,None,66,1,5,False,1,1
7733,58,unweighted,10,0.1988455414012739,0,23,None,66,1,5,False,1,1
7734,59,unweighted,10,0.1988455414012739,0,23,None,66,1,5,False,1,1
7735,55,unweighted,10,0.203921178343949,0,17,None,66,1,5,False,1,1
7736,56,unweighted,10,0.2041202229299363,0,17,None,66,1,5,False,1,1
7737,57,unweighted,10,0.2050159235668789,0,17,None,66,1,5,False,1,1
7738,58,unweighted,10,0.2067078025477707,0,17,None,66,1,5,False,1,1
7739,59,unweighted,10,0.2129777070063694,0,17,None,66,1,5,False,1,1
7740,55,unweighted,10,0.1967555732484076,0,21,None,66,1,5,False,1,1
7741,56,unweighted,10,0.1991441082802547,0,21,None,66,1,5,False,1,1
7742,57,unweighted,10,0.1995421974522293,0,21,None,66,1,5,False,1,1
7743,58,unweighted,10,0.2019307324840764,0,21,None,66,1,5,False,1,1
7744,59,unweighted,10,0.2050159235668789,0,21,None,66,1,5,False,1,1
7745,55,unweighted,10,0.2083996815286624,0,24,None,66,1,5,False,1,1
7746,56,unweighted,10,0.2099920382165605,0,24,None,66,1,5,False,1,1
7747,57,unweighted,10,0.2127786624203821,0,24,None,66,1,5,False,1,1
7748,58,unweighted,10,0.2647292993630573,0,24,None,66,1,5,False,1,1
7749,59,unweighted,10,0.1942675159235669,0,24,None,66,1,5,False,1,1
7750,55,unweighted,10,0.2202428343949044,0,27,None,66,1,5,False,1,1
7751,56,unweighted,10,0.2236265923566879,0,27,None,66,1,5,False,1,1
7752,57,unweighted,10,0.2275079617834395,0,27,None,66,1,5,False,1,1
7753,58,unweighted,10,0.2307921974522293,0,27,None,66,1,5,False,1,1
7754,59,unweighted,10,0.2352707006369426,0,27,None,66,1,5,False,1,1
7755,60,unweighted,10,0.1971536624203821,0,16,None,66,1,5,False,1,1
7756,61,unweighted,10,0.1967555732484076,0,16,None,66,1,5,False,1,1
7757,62,unweighted,10,0.1970541401273885,0,16,None,66,1,5,False,1,1
7758,63,unweighted,10,0.2004378980891719,0,16,None,66,1,5,False,1,1
7759,64,unweighted,10,0.2034235668789809,0,16,None,66,1,5,False,1,1
7760,60,unweighted,10,0.2021297770700637,0,22,None,66,1,5,False,1,1
7761,61,unweighted,10,0.1990445859872611,0,22,None,66,1,5,False,1,1
7762,62,unweighted,10,0.1990445859872611,0,22,None,66,1,5,False,1,1
7763,63,unweighted,10,0.1990445859872611,0,22,None,66,1,5,False,1,1
7764,64,unweighted,10,0.1990445859872611,0,22,None,66,1,5,False,1,1
7765,60,unweighted,10,0.1990445859872611,0,32,None,66,1,5,False,1,1
7766,61,unweighted,10,0.1990445859872611,0,32,None,66,1,5,False,1,1
7767,62,unweighted,10,0.1990445859872611,0,32,None,66,1,5,False,1,1
7768,63,unweighted,10,0.1990445859872611,0,32,None,66,1,5,False,1,1
7769,64,unweighted,10,0.1990445859872611,0,32,None,66,1,5,False,1,1
7770,60,unweighted,10,0.2028264331210191,0,7,None,66,1,5,False,1,1
7771,61,unweighted,10,0.2032245222929936,0,7,None,66,1,5,False,1,1
7772,62,unweighted,10,0.203921178343949,0,7,None,66,1,5,False,1,1
7773,63,unweighted,10,0.2047173566878981,0,7,None,66,1,5,False,1,1
7774,64,unweighted,10,0.2052149681528662,0,7,None,66,1,5,False,1,1
7775,60,unweighted,10,0.1990445859872611,0,20,None,66,1,5,False,1,1
7776,61,unweighted,10,0.1990445859872611,0,20,None,66,1,5,False,1,1
7777,62,unweighted,10,0.1990445859872611,0,20,None,66,1,5,False,1,1
7778,63,unweighted,10,0.1990445859872611,0,20,None,66,1,5,False,1,1
7779,64,unweighted,10,0.1990445859872611,0,20,None,66,1,5,False,1,1
7780,60,unweighted,10,0.1968550955414012,0,14,None,66,1,5,False,1,1
7781,61,unweighted,10,0.1970541401273885,0,14,None,66,1,5,False,1,1
7782,62,unweighted,10,0.197452229299363,0,14,None,66,1,5,False,1,1
7783,63,unweighted,10,0.1975517515923567,0,14,None,66,1,5,False,1,1
7784,64,unweighted,10,0.1976512738853503,0,14,None,66,1,5,False,1,1
7785,60,unweighted,10,0.199343152866242,0,19,None,66,1,5,False,1,1
7786,61,unweighted,10,0.1999402866242038,0,19,None,66,1,5,False,1,1
7787,62,unweighted,10,0.2002388535031847,0,19,None,66,1,5,False,1,1
7788,63,unweighted,10,0.2004378980891719,0,19,None,66,1,5,False,1,1
7789,64,unweighted,10,0.2005374203821656,0,19,None,66,1,5,False,1,1
7790,60,unweighted,10,0.2392515923566879,0,31,None,66,1,5,False,1,1
7791,61,unweighted,10,0.2242237261146497,0,31,None,66,1,5,False,1,1
7792,62,unweighted,10,0.2202428343949044,0,31,None,66,1,5,False,1,1
7793,63,unweighted,10,0.2183519108280254,0,31,None,66,1,5,False,1,1
7794,64,unweighted,10,0.2179538216560509,0,31,None,66,1,5,False,1,1
7795,60,unweighted,10,0.1977507961783439,0,18,None,66,1,5,False,1,1
7796,61,unweighted,10,0.1981488853503184,0,18,None,66,1,5,False,1,1
7797,62,unweighted,10,0.198546974522293,0,18,None,66,1,5,False,1,1
7798,63,unweighted,10,0.1984474522292993,0,18,None,66,1,5,False,1,1
7799,64,unweighted,10,0.1983479299363057,0,18,None,66,1,5,False,1,1
7800,60,unweighted,10,0.2460191082802547,0,25,None,66,1,5,False,1,1
7801,61,unweighted,10,0.2400477707006369,0,25,None,66,1,5,False,1,1
7802,62,unweighted,10,0.232484076433121,0,25,None,66,1,5,False,1,1
7803,63,unweighted,10,0.2267117834394904,0,25,None,66,1,5,False,1,1
7804,64,unweighted,10,0.224124203821656,0,25,None,66,1,5,False,1,1
7805,60,unweighted,10,0.2007364649681528,0,12,None,66,1,5,False,1,1
7806,61,unweighted,10,0.2023288216560509,0,12,None,66,1,5,False,1,1
7807,62,unweighted,10,0.2041202229299363,0,12,None,66,1,5,False,1,1
7808,63,unweighted,10,0.2056130573248407,0,12,None,66,1,5,False,1,1
7809,64,unweighted,10,0.2081011146496815,0,12,None,66,1,5,False,1,1
7810,60,unweighted,10,0.1991441082802547,0,26,None,66,1,5,False,1,1
7811,61,unweighted,10,0.1992436305732484,0,26,None,66,1,5,False,1,1
7812,62,unweighted,10,0.2003383757961783,0,26,None,66,1,5,False,1,1
7813,63,unweighted,10,0.2007364649681528,0,26,None,66,1,5,False,1,1
7814,64,unweighted,10,0.2005374203821656,0,26,None,66,1,5,False,1,1
7815,60,unweighted,10,0.1961584394904458,0,10,None,66,1,5,False,1,1
7816,61,unweighted,10,0.1960589171974522,0,10,None,66,1,5,False,1,1
7817,62,unweighted,10,0.1957603503184713,0,10,None,66,1,5,False,1,1
7818,63,unweighted,10,0.1963574840764331,0,10,None,66,1,5,False,1,1
7819,64,unweighted,10,0.1965565286624203,0,10,None,66,1,5,False,1,1
7820,60,unweighted,10,0.1981488853503184,0,15,None,66,1,5,False,1,1
7821,61,unweighted,10,0.1979498407643312,0,15,None,66,1,5,False,1,1
7822,62,unweighted,10,0.1976512738853503,0,15,None,66,1,5,False,1,1
7823,63,unweighted,10,0.1976512738853503,0,15,None,66,1,5,False,1,1
7824,64,unweighted,10,0.1973527070063694,0,15,None,66,1,5,False,1,1
7825,60,unweighted,10,0.1964570063694267,0,30,None,66,1,5,False,1,1
7826,61,unweighted,10,0.1968550955414012,0,30,None,66,1,5,False,1,1
7827,62,unweighted,10,0.1971536624203821,0,30,None,66,1,5,False,1,1
7828,63,unweighted,10,0.1970541401273885,0,30,None,66,1,5,False,1,1
7829,64,unweighted,10,0.1970541401273885,0,30,None,66,1,5,False,1,1
7830,60,unweighted,10,0.2087977707006369,0,6,None,66,1,5,False,1,1
7831,61,unweighted,10,0.2093949044585987,0,6,None,66,1,5,False,1,1
7832,62,unweighted,10,0.2113853503184713,0,6,None,66,1,5,False,1,1
7833,63,unweighted,10,0.2121815286624203,0,6,None,66,1,5,False,1,1
7834,64,unweighted,10,0.2136743630573248,0,6,None,66,1,5,False,1,1
7835,60,unweighted,10,0.2027269108280254,0,1,None,66,1,5,False,1,1
7836,61,unweighted,10,0.2088972929936305,0,1,None,66,1,5,False,1,1
7837,62,unweighted,10,0.1975517515923567,0,1,None,66,1,5,False,1,1
7838,63,unweighted,10,0.1977507961783439,0,1,None,66,1,5,False,1,1
7839,64,unweighted,10,0.1991441082802547,0,1,None,66,1,5,False,1,1
7840,60,unweighted,10,0.1987460191082802,0,2,None,66,1,5,False,1,1
7841,61,unweighted,10,0.1987460191082802,0,2,None,66,1,5,False,1,1
7842,62,unweighted,10,0.1987460191082802,0,2,None,66,1,5,False,1,1
7843,63,unweighted,10,0.1987460191082802,0,2,None,66,1,5,False,1,1
7844,64,unweighted,10,0.1987460191082802,0,2,None,66,1,5,False,1,1
7845,60,unweighted,10,0.1991441082802547,0,0,None,66,1,5,False,1,1
7846,61,unweighted,10,0.1990445859872611,0,0,None,66,1,5,False,1,1
7847,62,unweighted,10,0.1990445859872611,0,0,None,66,1,5,False,1,1
7848,63,unweighted,10,0.1989450636942675,0,0,None,66,1,5,False,1,1
7849,64,unweighted,10,0.1989450636942675,0,0,None,66,1,5,False,1,1
7850,60,unweighted,10,0.2018312101910828,0,5,None,66,1,5,False,1,1
7851,61,unweighted,10,0.2029259554140127,0,5,None,66,1,5,False,1,1
7852,62,unweighted,10,0.2048168789808917,0,5,None,66,1,5,False,1,1
7853,63,unweighted,10,0.2067078025477707,0,5,None,66,1,5,False,1,1
7854,64,unweighted,10,0.1951632165605095,0,5,None,66,1,5,False,1,1
7855,60,unweighted,10,0.1990445859872611,0,4,None,66,1,5,False,1,1
7856,61,unweighted,10,0.1990445859872611,0,4,None,66,1,5,False,1,1
7857,62,unweighted,10,0.1990445859872611,0,4,None,66,1,5,False,1,1
7858,63,unweighted,10,0.1990445859872611,0,4,None,66,1,5,False,1,1
7859,64,unweighted,10,0.1990445859872611,0,4,None,66,1,5,False,1,1
7860,60,unweighted,10,0.205812101910828,0,8,None,66,1,5,False,1,1
7861,61,unweighted,10,0.2059116242038216,0,8,None,66,1,5,False,1,1
7862,62,unweighted,10,0.2062101910828025,0,8,None,66,1,5,False,1,1
7863,63,unweighted,10,0.2074044585987261,0,8,None,66,1,5,False,1,1
7864,64,unweighted,10,0.2116839171974522,0,8,None,66,1,5,False,1,1
7865,60,unweighted,10,0.1971536624203821,0,9,None,66,1,5,False,1,1
7866,61,unweighted,10,0.1973527070063694,0,9,None,66,1,5,False,1,1
7867,62,unweighted,10,0.1972531847133758,0,9,None,66,1,5,False,1,1
7868,63,unweighted,10,0.1970541401273885,0,9,None,66,1,5,False,1,1
7869,64,unweighted,10,0.197452229299363,0,9,None,66,1,5,False,1,1
7870,60,unweighted,10,0.1990445859872611,0,13,None,66,1,5,False,1,1
7871,61,unweighted,10,0.1990445859872611,0,13,None,66,1,5,False,1,1
7872,62,unweighted,10,0.1990445859872611,0,13,None,66,1,5,False,1,1
7873,63,unweighted,10,0.1990445859872611,0,13,None,66,1,5,False,1,1
7874,64,unweighted,10,0.1990445859872611,0,13,None,66,1,5,False,1,1
7875,60,unweighted,10,0.198546974522293,0,21,None,66,1,5,False,1,1
7876,61,unweighted,10,0.1989450636942675,0,21,None,66,1,5,False,1,1
7877,62,unweighted,10,0.2009355095541401,0,21,None,66,1,5,False,1,1
7878,63,unweighted,10,0.2051154458598726,0,21,None,66,1,5,False,1,1
7879,64,unweighted,10,0.2101910828025477,0,21,None,66,1,5,False,1,1
7880,60,unweighted,10,0.1990445859872611,0,23,None,66,1,5,False,1,1
7881,61,unweighted,10,0.1989450636942675,0,23,None,66,1,5,False,1,1
7882,62,unweighted,10,0.1989450636942675,0,23,None,66,1,5,False,1,1
7883,63,unweighted,10,0.1988455414012739,0,23,None,66,1,5,False,1,1
7884,64,unweighted,10,0.1987460191082802,0,23,None,66,1,5,False,1,1
7885,60,unweighted,10,0.1990445859872611,0,28,None,66,1,5,False,1,1
7886,61,unweighted,10,0.2000398089171974,0,28,None,66,1,5,False,1,1
7887,62,unweighted,10,0.2027269108280254,0,28,None,66,1,5,False,1,1
7888,63,unweighted,10,0.1976512738853503,0,28,None,66,1,5,False,1,1
7889,64,unweighted,10,0.1981488853503184,0,28,None,66,1,5,False,1,1
7890,60,unweighted,10,0.2232285031847133,0,27,None,66,1,5,False,1,1
7891,61,unweighted,10,0.228702229299363,0,27,None,66,1,5,False,1,1
7892,62,unweighted,10,0.2346735668789809,0,27,None,66,1,5,False,1,1
7893,63,unweighted,10,0.2417396496815286,0,27,None,66,1,5,False,1,1
7894,64,unweighted,10,0.2594546178343949,0,27,None,66,1,5,False,1,1
7895,60,unweighted,10,0.2035230891719745,0,29,None,66,1,5,False,1,1
7896,61,unweighted,10,0.2045183121019108,0,29,None,66,1,5,False,1,1
7897,62,unweighted,10,0.2059116242038216,0,29,None,66,1,5,False,1,1
7898,63,unweighted,10,0.2078025477707006,0,29,None,66,1,5,False,1,1
7899,64,unweighted,10,0.2070063694267516,0,29,None,66,1,5,False,1,1
7900,60,unweighted,10,0.1990445859872611,0,11,None,66,1,5,False,1,1
7901,61,unweighted,10,0.1990445859872611,0,11,None,66,1,5,False,1,1
7902,62,unweighted,10,0.1990445859872611,0,11,None,66,1,5,False,1,1
7903,63,unweighted,10,0.1990445859872611,0,11,None,66,1,5,False,1,1
7904,64,unweighted,10,0.1989450636942675,0,11,None,66,1,5,False,1,1
7905,60,unweighted,10,0.2024283439490445,0,17,None,66,1,5,False,1,1
7906,61,unweighted,10,0.2042197452229299,0,17,None,66,1,5,False,1,1
7907,62,unweighted,10,0.2104896496815286,0,17,None,66,1,5,False,1,1
7908,63,unweighted,10,0.2184514331210191,0,17,None,66,1,5,False,1,1
7909,64,unweighted,10,0.2230294585987261,0,17,None,66,1,5,False,1,1
7910,60,unweighted,10,0.2448248407643312,0,3,None,66,1,5,False,1,1
7911,61,unweighted,10,0.2478105095541401,0,3,None,66,1,5,False,1,1
7912,62,unweighted,10,0.2522890127388535,0,3,None,66,1,5,False,1,1
7913,63,unweighted,10,0.2542794585987261,0,3,None,66,1,5,False,1,1
7914,64,unweighted,10,0.254578025477707,0,3,None,66,1,5,False,1,1
7915,60,unweighted,10,0.2038216560509554,0,24,None,66,1,5,False,1,1
7916,61,unweighted,10,0.2049164012738853,0,24,None,66,1,5,False,1,1
7917,62,unweighted,10,0.207703025477707,0,24,None,66,1,5,False,1,1
7918,63,unweighted,10,0.1951632165605095,0,24,None,66,1,5,False,1,1
7919,64,unweighted,10,0.195561305732484,0,24,None,66,1,5,False,1,1
10065,65,unweighted,10,0.2019307324840764,0,1,None,66,1,5,False,1,1
10066,66,unweighted,10,0.208499203821656,0,1,None,66,1,5,False,1,1
10067,67,unweighted,10,0.2025278662420382,0,1,None,66,1,5,False,1,1
10068,68,unweighted,10,0.2038216560509554,0,1,None,66,1,5,False,1,1
10069,69,unweighted,10,0.2060111464968153,0,1,None,66,1,5,False,1,1
10070,65,unweighted,10,0.1987460191082802,0,2,None,66,1,5,False,1,1
10071,66,unweighted,10,0.1987460191082802,0,2,None,66,1,5,False,1,1
10072,67,unweighted,10,0.1987460191082802,0,2,None,66,1,5,False,1,1
10073,68,unweighted,10,0.1987460191082802,0,2,None,66,1,5,False,1,1
10074,69,unweighted,10,0.1987460191082802,0,2,None,66,1,5,False,1,1
10075,65,unweighted,10,0.2008359872611465,0,5,None,66,1,5,False,1,1
10076,66,unweighted,10,0.2013335987261146,0,5,None,66,1,5,False,1,1
10077,67,unweighted,10,0.2027269108280254,0,5,None,66,1,5,False,1,1
10078,68,unweighted,10,0.2660230891719745,0,5,None,66,1,5,False,1,1
10079,69,unweighted,10,0.1961584394904458,0,5,None,66,1,5,False,1,1
10080,65,unweighted,10,0.1989450636942675,0,13,None,66,1,5,False,1,1
10081,66,unweighted,10,0.1990445859872611,0,13,None,66,1,5,False,1,1
10082,67,unweighted,10,0.1990445859872611,0,13,None,66,1,5,False,1,1
10083,68,unweighted,10,0.1990445859872611,0,13,None,66,1,5,False,1,1
10084,69,unweighted,10,0.1994426751592356,0,13,None,66,1,5,False,1,1
10085,65,unweighted,10,0.1976512738853503,0,15,None,66,1,5,False,1,1
10086,66,unweighted,10,0.197452229299363,0,15,None,66,1,5,False,1,1
10087,67,unweighted,10,0.197452229299363,0,15,None,66,1,5,False,1,1
10088,68,unweighted,10,0.1973527070063694,0,15,None,66,1,5,False,1,1
10089,69,unweighted,10,0.1970541401273885,0,15,None,66,1,5,False,1,1
10090,65,unweighted,10,0.1978503184713375,0,16,None,66,1,5,False,1,1
10091,66,unweighted,10,0.1970541401273885,0,16,None,66,1,5,False,1,1
10092,67,unweighted,10,0.1970541401273885,0,16,None,66,1,5,False,1,1
10093,68,unweighted,10,0.197452229299363,0,16,None,66,1,5,False,1,1
10094,69,unweighted,10,0.2004378980891719,0,16,None,66,1,5,False,1,1
10095,65,unweighted,10,0.2042197452229299,0,19,None,66,1,5,False,1,1
10096,66,unweighted,10,0.2047173566878981,0,19,None,66,1,5,False,1,1
10097,67,unweighted,10,0.205812101910828,0,19,None,66,1,5,False,1,1
10098,68,unweighted,10,0.2061106687898089,0,19,None,66,1,5,False,1,1
10099,69,unweighted,10,0.2067078025477707,0,19,None,66,1,5,False,1,1
10100,65,unweighted,10,0.2006369426751592,0,21,None,66,1,5,False,1,1
10101,66,unweighted,10,0.2056130573248407,0,21,None,66,1,5,False,1,1
10102,67,unweighted,10,0.2086982484076433,0,21,None,66,1,5,False,1,1
10103,68,unweighted,10,0.213077229299363,0,21,None,66,1,5,False,1,1
10104,69,unweighted,10,0.2190485668789809,0,21,None,66,1,5,False,1,1
10105,65,unweighted,10,0.1994426751592356,0,26,None,66,1,5,False,1,1
10106,66,unweighted,10,0.1996417197452229,0,26,None,66,1,5,False,1,1
10107,67,unweighted,10,0.2004378980891719,0,26,None,66,1,5,False,1,1
10108,68,unweighted,10,0.2011345541401273,0,26,None,66,1,5,False,1,1
10109,69,unweighted,10,0.201234076433121,0,26,None,66,1,5,False,1,1
10110,65,unweighted,10,0.1995421974522293,0,28,None,66,1,5,False,1,1
10111,66,unweighted,10,0.2038216560509554,0,28,None,66,1,5,False,1,1
10112,67,unweighted,10,0.2014331210191083,0,28,None,66,1,5,False,1,1
10113,68,unweighted,10,0.2029259554140127,0,28,None,66,1,5,False,1,1
10114,69,unweighted,10,0.2049164012738853,0,28,None,66,1,5,False,1,1
10115,65,unweighted,10,0.1967555732484076,0,30,None,66,1,5,False,1,1
10116,66,unweighted,10,0.1968550955414012,0,30,None,66,1,5,False,1,1
10117,67,unweighted,10,0.1970541401273885,0,30,None,66,1,5,False,1,1
10118,68,unweighted,10,0.1970541401273885,0,30,None,66,1,5,False,1,1
10119,69,unweighted,10,0.1970541401273885,0,30,None,66,1,5,False,1,1
10120,65,unweighted,10,0.1981488853503184,0,18,None,66,1,5,False,1,1
10121,66,unweighted,10,0.198546974522293,0,18,None,66,1,5,False,1,1
10122,67,unweighted,10,0.198546974522293,0,18,None,66,1,5,False,1,1
10123,68,unweighted,10,0.198546974522293,0,18,None,66,1,5,False,1,1
10124,69,unweighted,10,0.1986464968152866,0,18,None,66,1,5,False,1,1
10125,65,unweighted,10,0.2333797770700637,0,27,None,66,1,5,False,1,1
10126,66,unweighted,10,0.2444267515923567,0,27,None,66,1,5,False,1,1
10127,67,unweighted,10,0.2246218152866242,0,27,None,66,1,5,False,1,1
10128,68,unweighted,10,0.2261146496815286,0,27,None,66,1,5,False,1,1
10129,69,unweighted,10,0.2267117834394904,0,27,None,66,1,5,False,1,1
10130,65,unweighted,10,0.2425358280254777,0,31,None,66,1,5,False,1,1
10131,66,unweighted,10,0.2512937898089172,0,31,None,66,1,5,False,1,1
10132,67,unweighted,10,0.2522890127388535,0,31,None,66,1,5,False,1,1
10133,68,unweighted,10,0.2523885350318471,0,31,None,66,1,5,False,1,1
10134,69,unweighted,10,0.251890923566879,0,31,None,66,1,5,False,1,1
10135,65,unweighted,10,0.2091958598726114,0,7,None,66,1,5,False,1,1
10136,66,unweighted,10,0.2097929936305732,0,7,None,66,1,5,False,1,1
10137,67,unweighted,10,0.210390127388535,0,7,None,66,1,5,False,1,1
10138,68,unweighted,10,0.2107882165605095,0,7,None,66,1,5,False,1,1
10139,69,unweighted,10,0.2117834394904458,0,7,None,66,1,5,False,1,1
10140,65,unweighted,10,0.1973527070063694,0,14,None,66,1,5,False,1,1
10141,66,unweighted,10,0.1975517515923567,0,14,None,66,1,5,False,1,1
10142,67,unweighted,10,0.1976512738853503,0,14,None,66,1,5,False,1,1
10143,68,unweighted,10,0.1980493630573248,0,14,None,66,1,5,False,1,1
10144,69,unweighted,10,0.1980493630573248,0,14,None,66,1,5,False,1,1
10145,65,unweighted,10,0.2017316878980891,0,29,None,66,1,5,False,1,1
10146,66,unweighted,10,0.2024283439490445,0,29,None,66,1,5,False,1,1
10147,67,unweighted,10,0.203921178343949,0,29,None,66,1,5,False,1,1
10148,68,unweighted,10,0.208499203821656,0,29,None,66,1,5,False,1,1
10149,69,unweighted,10,0.1968550955414012,0,29,None,66,1,5,False,1,1
10150,65,unweighted,10,0.1990445859872611,0,11,None,66,1,5,False,1,1
10151,66,unweighted,10,0.1990445859872611,0,11,None,66,1,5,False,1,1
10152,67,unweighted,10,0.1990445859872611,0,11,None,66,1,5,False,1,1
10153,68,unweighted,10,0.1990445859872611,0,11,None,66,1,5,False,1,1
10154,69,unweighted,10,0.1989450636942675,0,11,None,66,1,5,False,1,1
10155,65,unweighted,10,0.2034235668789809,0,17,None,66,1,5,False,1,1
10156,66,unweighted,10,0.2129777070063694,0,17,None,66,1,5,False,1,1
10157,67,unweighted,10,0.2226313694267516,0,17,None,66,1,5,False,1,1
10158,68,unweighted,10,0.2314888535031847,0,17,None,66,1,5,False,1,1
10159,69,unweighted,10,0.2379578025477707,0,17,None,66,1,5,False,1,1
10160,65,unweighted,10,0.2026273885350318,0,24,None,66,1,5,False,1,1
10161,66,unweighted,10,0.203921178343949,0,24,None,66,1,5,False,1,1
10162,67,unweighted,10,0.195561305732484,0,24,None,66,1,5,False,1,1
10163,68,unweighted,10,0.1960589171974522,0,24,None,66,1,5,False,1,1
10164,69,unweighted,10,0.1963574840764331,0,24,None,66,1,5,False,1,1
10165,65,unweighted,10,0.1973527070063694,0,9,None,66,1,5,False,1,1
10166,66,unweighted,10,0.1976512738853503,0,9,None,66,1,5,False,1,1
10167,67,unweighted,10,0.1976512738853503,0,9,None,66,1,5,False,1,1
10168,68,unweighted,10,0.1977507961783439,0,9,None,66,1,5,False,1,1
10169,69,unweighted,10,0.1977507961783439,0,9,None,66,1,5,False,1,1
10170,65,unweighted,10,0.2053144904458598,0,12,None,66,1,5,False,1,1
10171,66,unweighted,10,0.207703025477707,0,12,None,66,1,5,False,1,1
10172,67,unweighted,10,0.2095939490445859,0,12,None,66,1,5,False,1,1
10173,68,unweighted,10,0.2116839171974522,0,12,None,66,1,5,False,1,1
10174,69,unweighted,10,0.2133757961783439,0,12,None,66,1,5,False,1,1
10175,65,unweighted,10,0.2509952229299363,0,25,None,66,1,5,False,1,1
10176,66,unweighted,10,0.2417396496815286,0,25,None,66,1,5,False,1,1
10177,67,unweighted,10,0.2360668789808917,0,25,None,66,1,5,False,1,1
10178,68,unweighted,10,0.2295979299363057,0,25,None,66,1,5,False,1,1
10179,69,unweighted,10,0.2292993630573248,0,25,None,66,1,5,False,1,1
10180,65,unweighted,10,0.1994426751592356,0,0,None,66,1,5,False,1,1
10181,66,unweighted,10,0.1991441082802547,0,0,None,66,1,5,False,1,1
10182,67,unweighted,10,0.1990445859872611,0,0,None,66,1,5,False,1,1
10183,68,unweighted,10,0.1990445859872611,0,0,None,66,1,5,False,1,1
10184,69,unweighted,10,0.1990445859872611,0,0,None,66,1,5,False,1,1
10185,65,unweighted,10,0.237858280254777,0,3,None,66,1,5,False,1,1
10186,66,unweighted,10,0.2423367834394904,0,3,None,66,1,5,False,1,1
10187,67,unweighted,10,0.2465167197452229,0,3,None,66,1,5,False,1,1
10188,68,unweighted,10,0.251890923566879,0,3,None,66,1,5,False,1,1
10189,69,unweighted,10,0.2543789808917197,0,3,None,66,1,5,False,1,1
10190,65,unweighted,10,0.1990445859872611,0,4,None,66,1,5,False,1,1
10191,66,unweighted,10,0.1990445859872611,0,4,None,66,1,5,False,1,1
10192,67,unweighted,10,0.1990445859872611,0,4,None,66,1,5,False,1,1
10193,68,unweighted,10,0.1996417197452229,0,4,None,66,1,5,False,1,1
10194,69,unweighted,10,0.2000398089171974,0,4,None,66,1,5,False,1,1
10195,65,unweighted,10,0.2105891719745223,0,6,None,66,1,5,False,1,1
10196,66,unweighted,10,0.2133757961783439,0,6,None,66,1,5,False,1,1
10197,67,unweighted,10,0.2155652866242038,0,6,None,66,1,5,False,1,1
10198,68,unweighted,10,0.2180533439490445,0,6,None,66,1,5,False,1,1
10199,69,unweighted,10,0.2193471337579617,0,6,None,66,1,5,False,1,1
10200,65,unweighted,10,0.2116839171974522,0,8,None,66,1,5,False,1,1
10201,66,unweighted,10,0.2116839171974522,0,8,None,66,1,5,False,1,1
10202,67,unweighted,10,0.2133757961783439,0,8,None,66,1,5,False,1,1
10203,68,unweighted,10,0.2163614649681528,0,8,None,66,1,5,False,1,1
10204,69,unweighted,10,0.2202428343949044,0,8,None,66,1,5,False,1,1
10205,65,unweighted,10,0.1958598726114649,0,10,None,66,1,5,False,1,1
10206,66,unweighted,10,0.1958598726114649,0,10,None,66,1,5,False,1,1
10207,67,unweighted,10,0.1957603503184713,0,10,None,66,1,5,False,1,1
10208,68,unweighted,10,0.1962579617834395,0,10,None,66,1,5,False,1,1
10209,69,unweighted,10,0.1965565286624203,0,10,None,66,1,5,False,1,1
10210,65,unweighted,10,0.1992436305732484,0,20,None,66,1,5,False,1,1
10211,66,unweighted,10,0.1991441082802547,0,20,None,66,1,5,False,1,1
10212,67,unweighted,10,0.1992436305732484,0,20,None,66,1,5,False,1,1
10213,68,unweighted,10,0.1992436305732484,0,20,None,66,1,5,False,1,1
10214,69,unweighted,10,0.199343152866242,0,20,None,66,1,5,False,1,1
10215,65,unweighted,10,0.2010350318471337,0,22,None,66,1,5,False,1,1
10216,66,unweighted,10,0.1992436305732484,0,22,None,66,1,5,False,1,1
10217,67,unweighted,10,0.1990445859872611,0,22,None,66,1,5,False,1,1
10218,68,unweighted,10,0.1990445859872611,0,22,None,66,1,5,False,1,1
10219,69,unweighted,10,0.1990445859872611,0,22,None,66,1,5,False,1,1
10220,65,unweighted,10,0.1990445859872611,0,23,None,66,1,5,False,1,1
10221,66,unweighted,10,0.1989450636942675,0,23,None,66,1,5,False,1,1
10222,67,unweighted,10,0.1989450636942675,0,23,None,66,1,5,False,1,1
10223,68,unweighted,10,0.1988455414012739,0,23,None,66,1,5,False,1,1
10224,69,unweighted,10,0.1987460191082802,0,23,None,66,1,5,False,1,1
10225,65,unweighted,10,0.1990445859872611,0,32,None,66,1,5,False,1,1
10226,66,unweighted,10,0.1990445859872611,0,32,None,66,1,5,False,1,1
10227,67,unweighted,10,0.1990445859872611,0,32,None,66,1,5,False,1,1
10228,68,unweighted,10,0.1990445859872611,0,32,None,66,1,5,False,1,1
10229,69,unweighted,10,0.1990445859872611,0,32,None,66,1,5,False,1,1
10230,70,unweighted,10,0.2054140127388535,0,1,None,66,1,5,False,1,1
10231,71,unweighted,10,0.2177547770700637,0,1,None,66,1,5,False,1,1
10232,72,unweighted,10,0.2089968152866242,0,1,None,66,1,5,False,1,1
10233,73,unweighted,10,0.210390127388535,0,1,None,66,1,5,False,1,1
10234,74,unweighted,10,0.2118829617834395,0,1,None,66,1,5,False,1,1
10235,70,unweighted,10,0.1987460191082802,0,2,None,66,1,5,False,1,1
10236,71,unweighted,10,0.1987460191082802,0,2,None,66,1,5,False,1,1
10237,72,unweighted,10,0.1987460191082802,0,2,None,66,1,5,False,1,1
10238,73,unweighted,10,0.1987460191082802,0,2,None,66,1,5,False,1,1
10239,74,unweighted,10,0.1987460191082802,0,2,None,66,1,5,False,1,1
10240,70,unweighted,10,0.1990445859872611,0,23,None,66,1,5,False,1,1
10241,71,unweighted,10,0.1989450636942675,0,23,None,66,1,5,False,1,1
10242,72,unweighted,10,0.1989450636942675,0,23,None,66,1,5,False,1,1
10243,73,unweighted,10,0.1987460191082802,0,23,None,66,1,5,False,1,1
10244,74,unweighted,10,0.1987460191082802,0,23,None,66,1,5,False,1,1
10245,70,unweighted,10,0.1990445859872611,0,28,None,66,1,5,False,1,1
10246,71,unweighted,10,0.2040207006369426,0,28,None,66,1,5,False,1,1
10247,72,unweighted,10,0.2127786624203821,0,28,None,66,1,5,False,1,1
10248,73,unweighted,10,0.2081011146496815,0,28,None,66,1,5,False,1,1
10249,74,unweighted,10,0.2093949044585987,0,28,None,66,1,5,False,1,1
10250,70,unweighted,10,0.2022292993630573,0,29,None,66,1,5,False,1,1
10251,71,unweighted,10,0.2025278662420382,0,29,None,66,1,5,False,1,1
10252,72,unweighted,10,0.2025278662420382,0,29,None,66,1,5,False,1,1
10253,73,unweighted,10,0.2034235668789809,0,29,None,66,1,5,False,1,1
10254,74,unweighted,10,0.1971536624203821,0,29,None,66,1,5,False,1,1
10255,70,unweighted,10,0.2678144904458598,0,25,None,66,1,5,False,1,1
10256,71,unweighted,10,0.2672173566878981,0,25,None,66,1,5,False,1,1
10257,72,unweighted,10,0.2629378980891719,0,25,None,66,1,5,False,1,1
10258,73,unweighted,10,0.2597531847133758,0,25,None,66,1,5,False,1,1
10259,74,unweighted,10,0.2612460191082802,0,25,None,66,1,5,False,1,1
10260,70,unweighted,10,0.197452229299363,0,15,None,66,1,5,False,1,1
10261,71,unweighted,10,0.1973527070063694,0,15,None,66,1,5,False,1,1
10262,72,unweighted,10,0.1973527070063694,0,15,None,66,1,5,False,1,1
10263,73,unweighted,10,0.1971536624203821,0,15,None,66,1,5,False,1,1
10264,74,unweighted,10,0.1973527070063694,0,15,None,66,1,5,False,1,1
10265,70,unweighted,10,0.1961584394904458,0,10,None,66,1,5,False,1,1
10266,71,unweighted,10,0.1963574840764331,0,10,None,66,1,5,False,1,1
10267,72,unweighted,10,0.1967555732484076,0,10,None,66,1,5,False,1,1
10268,73,unweighted,10,0.1970541401273885,0,10,None,66,1,5,False,1,1
10269,74,unweighted,10,0.1970541401273885,0,10,None,66,1,5,False,1,1
10270,70,unweighted,10,0.1991441082802547,0,11,None,66,1,5,False,1,1
10271,71,unweighted,10,0.1992436305732484,0,11,None,66,1,5,False,1,1
10272,72,unweighted,10,0.1990445859872611,0,11,None,66,1,5,False,1,1
10273,73,unweighted,10,0.1991441082802547,0,11,None,66,1,5,False,1,1
10274,74,unweighted,10,0.1989450636942675,0,11,None,66,1,5,False,1,1
10275,70,unweighted,10,0.2062101910828025,0,17,None,66,1,5,False,1,1
10276,71,unweighted,10,0.2188495222929936,0,17,None,66,1,5,False,1,1
10277,72,unweighted,10,0.2282046178343949,0,17,None,66,1,5,False,1,1
10278,73,unweighted,10,0.2380573248407643,0,17,None,66,1,5,False,1,1
10279,74,unweighted,10,0.2476114649681528,0,17,None,66,1,5,False,1,1
10280,70,unweighted,10,0.2570660828025478,0,31,None,66,1,5,False,1,1
10281,71,unweighted,10,0.2560708598726114,0,31,None,66,1,5,False,1,1
10282,72,unweighted,10,0.2559713375796178,0,31,None,66,1,5,False,1,1
10283,73,unweighted,10,0.2566679936305732,0,31,None,66,1,5,False,1,1
10284,74,unweighted,10,0.2587579617834395,0,31,None,66,1,5,False,1,1
10285,70,unweighted,10,0.1991441082802547,0,20,None,66,1,5,False,1,1
10286,71,unweighted,10,0.1991441082802547,0,20,None,66,1,5,False,1,1
10287,72,unweighted,10,0.1990445859872611,0,20,None,66,1,5,False,1,1
10288,73,unweighted,10,0.1989450636942675,0,20,None,66,1,5,False,1,1
10289,74,unweighted,10,0.1996417197452229,0,20,None,66,1,5,False,1,1
10290,70,unweighted,10,0.2277070063694267,0,3,None,66,1,5,False,1,1
10291,71,unweighted,10,0.2315883757961783,0,3,None,66,1,5,False,1,1
10292,72,unweighted,10,0.2387539808917197,0,3,None,66,1,5,False,1,1
10293,73,unweighted,10,0.2429339171974522,0,3,None,66,1,5,False,1,1
10294,74,unweighted,10,0.2475119426751592,0,3,None,66,1,5,False,1,1
10295,70,unweighted,10,0.2000398089171974,0,5,None,66,1,5,False,1,1
10296,71,unweighted,10,0.2009355095541401,0,5,None,66,1,5,False,1,1
10297,72,unweighted,10,0.2025278662420382,0,5,None,66,1,5,False,1,1
10298,73,unweighted,10,0.2717953821656051,0,5,None,66,1,5,False,1,1
10299,74,unweighted,10,0.1972531847133758,0,5,None,66,1,5,False,1,1
10300,70,unweighted,10,0.1990445859872611,0,32,None,66,1,5,False,1,1
10301,71,unweighted,10,0.1990445859872611,0,32,None,66,1,5,False,1,1
10302,72,unweighted,10,0.1990445859872611,0,32,None,66,1,5,False,1,1
10303,73,unweighted,10,0.1990445859872611,0,32,None,66,1,5,False,1,1
10304,74,unweighted,10,0.1990445859872611,0,32,None,66,1,5,False,1,1
10305,70,unweighted,10,0.1990445859872611,0,4,None,66,1,5,False,1,1
10306,71,unweighted,10,0.2006369426751592,0,4,None,66,1,5,False,1,1
10307,72,unweighted,10,0.2019307324840764,0,4,None,66,1,5,False,1,1
10308,73,unweighted,10,0.2033240445859872,0,4,None,66,1,5,False,1,1
10309,74,unweighted,10,0.203921178343949,0,4,None,66,1,5,False,1,1
10310,70,unweighted,10,0.2016321656050955,0,30,None,66,1,5,False,1,1
10311,71,unweighted,10,0.197452229299363,0,30,None,66,1,5,False,1,1
10312,72,unweighted,10,0.1978503184713375,0,30,None,66,1,5,False,1,1
10313,73,unweighted,10,0.1988455414012739,0,30,None,66,1,5,False,1,1
10314,74,unweighted,10,0.2022292993630573,0,30,None,66,1,5,False,1,1
10315,70,unweighted,10,0.2391520700636942,0,27,None,66,1,5,False,1,1
10316,71,unweighted,10,0.2468152866242038,0,27,None,66,1,5,False,1,1
10317,72,unweighted,10,0.2316878980891719,0,27,None,66,1,5,False,1,1
10318,73,unweighted,10,0.2335788216560509,0,27,None,66,1,5,False,1,1
10319,74,unweighted,10,0.2366640127388535,0,27,None,66,1,5,False,1,1
10320,70,unweighted,10,0.2131767515923567,0,7,None,66,1,5,False,1,1
10321,71,unweighted,10,0.2142714968152866,0,7,None,66,1,5,False,1,1
10322,72,unweighted,10,0.2150676751592356,0,7,None,66,1,5,False,1,1
10323,73,unweighted,10,0.2155652866242038,0,7,None,66,1,5,False,1,1
10324,74,unweighted,10,0.2159633757961783,0,7,None,66,1,5,False,1,1
10325,70,unweighted,10,0.1980493630573248,0,16,None,66,1,5,False,1,1
10326,71,unweighted,10,0.1973527070063694,0,16,None,66,1,5,False,1,1
10327,72,unweighted,10,0.1970541401273885,0,16,None,66,1,5,False,1,1
10328,73,unweighted,10,0.1975517515923567,0,16,None,66,1,5,False,1,1
10329,74,unweighted,10,0.2000398089171974,0,16,None,66,1,5,False,1,1
10330,70,unweighted,10,0.1986464968152866,0,18,None,66,1,5,False,1,1
10331,71,unweighted,10,0.198546974522293,0,18,None,66,1,5,False,1,1
10332,72,unweighted,10,0.1986464968152866,0,18,None,66,1,5,False,1,1
10333,73,unweighted,10,0.1986464968152866,0,18,None,66,1,5,False,1,1
10334,74,unweighted,10,0.1986464968152866,0,18,None,66,1,5,False,1,1
10335,70,unweighted,10,0.2172571656050955,0,8,None,66,1,5,False,1,1
10336,71,unweighted,10,0.2183519108280254,0,8,None,66,1,5,False,1,1
10337,72,unweighted,10,0.2203423566878981,0,8,None,66,1,5,False,1,1
10338,73,unweighted,10,0.2229299363057325,0,8,None,66,1,5,False,1,1
10339,74,unweighted,10,0.226811305732484,0,8,None,66,1,5,False,1,1
10340,70,unweighted,10,0.2109872611464968,0,19,None,66,1,5,False,1,1
10341,71,unweighted,10,0.2119824840764331,0,19,None,66,1,5,False,1,1
10342,72,unweighted,10,0.212281050955414,0,19,None,66,1,5,False,1,1
10343,73,unweighted,10,0.2132762738853503,0,19,None,66,1,5,False,1,1
10344,74,unweighted,10,0.2142714968152866,0,19,None,66,1,5,False,1,1
10345,70,unweighted,10,0.2070063694267516,0,21,None,66,1,5,False,1,1
10346,71,unweighted,10,0.2119824840764331,0,21,None,66,1,5,False,1,1
10347,72,unweighted,10,0.2177547770700637,0,21,None,66,1,5,False,1,1
10348,73,unweighted,10,0.2251194267515923,0,21,None,66,1,5,False,1,1
10349,74,unweighted,10,0.2314888535031847,0,21,None,66,1,5,False,1,1
10350,70,unweighted,10,0.2016321656050955,0,24,None,66,1,5,False,1,1
10351,71,unweighted,10,0.2030254777070063,0,24,None,66,1,5,False,1,1
10352,72,unweighted,10,0.1961584394904458,0,24,None,66,1,5,False,1,1
10353,73,unweighted,10,0.1967555732484076,0,24,None,66,1,5,False,1,1
10354,74,unweighted,10,0.1970541401273885,0,24,None,66,1,5,False,1,1
10355,70,unweighted,10,0.1990445859872611,0,13,None,66,1,5,False,1,1
10356,71,unweighted,10,0.1992436305732484,0,13,None,66,1,5,False,1,1
10357,72,unweighted,10,0.1994426751592356,0,13,None,66,1,5,False,1,1
10358,73,unweighted,10,0.1996417197452229,0,13,None,66,1,5,False,1,1
10359,74,unweighted,10,0.1998407643312102,0,13,None,66,1,5,False,1,1
10360,70,unweighted,10,0.1994426751592356,0,0,None,66,1,5,False,1,1
10361,71,unweighted,10,0.1994426751592356,0,0,None,66,1,5,False,1,1
10362,72,unweighted,10,0.1994426751592356,0,0,None,66,1,5,False,1,1
10363,73,unweighted,10,0.1992436305732484,0,0,None,66,1,5,False,1,1
10364,74,unweighted,10,0.1990445859872611,0,0,None,66,1,5,False,1,1
10365,70,unweighted,10,0.1976512738853503,0,14,None,66,1,5,False,1,1
10366,71,unweighted,10,0.1978503184713375,0,14,None,66,1,5,False,1,1
10367,72,unweighted,10,0.1981488853503184,0,14,None,66,1,5,False,1,1
10368,73,unweighted,10,0.1981488853503184,0,14,None,66,1,5,False,1,1
10369,74,unweighted,10,0.1981488853503184,0,14,None,66,1,5,False,1,1
10370,70,unweighted,10,0.1979498407643312,0,9,None,66,1,5,False,1,1
10371,71,unweighted,10,0.1978503184713375,0,9,None,66,1,5,False,1,1
10372,72,unweighted,10,0.1977507961783439,0,9,None,66,1,5,False,1,1
10373,73,unweighted,10,0.1977507961783439,0,9,None,66,1,5,False,1,1
10374,74,unweighted,10,0.1977507961783439,0,9,None,66,1,5,False,1,1
10375,70,unweighted,10,0.1990445859872611,0,22,None,66,1,5,False,1,1
10376,71,unweighted,10,0.1990445859872611,0,22,None,66,1,5,False,1,1
10377,72,unweighted,10,0.1990445859872611,0,22,None,66,1,5,False,1,1
10378,73,unweighted,10,0.1990445859872611,0,22,None,66,1,5,False,1,1
10379,74,unweighted,10,0.1990445859872611,0,22,None,66,1,5,False,1,1
10380,70,unweighted,10,0.2131767515923567,0,12,None,66,1,5,False,1,1
10381,71,unweighted,10,0.2154657643312102,0,12,None,66,1,5,False,1,1
10382,72,unweighted,10,0.2178542993630573,0,12,None,66,1,5,False,1,1
10383,73,unweighted,10,0.2211385350318471,0,12,None,66,1,5,False,1,1
10384,74,unweighted,10,0.2242237261146497,0,12,None,66,1,5,False,1,1
10385,70,unweighted,10,0.2178542993630573,0,6,None,66,1,5,False,1,1
10386,71,unweighted,10,0.2207404458598726,0,6,None,66,1,5,False,1,1
10387,72,unweighted,10,0.2226313694267516,0,6,None,66,1,5,False,1,1
10388,73,unweighted,10,0.2236265923566879,0,6,None,66,1,5,False,1,1
10389,74,unweighted,10,0.2265127388535031,0,6,None,66,1,5,False,1,1
10390,70,unweighted,10,0.1998407643312102,0,26,None,66,1,5,False,1,1
10391,71,unweighted,10,0.1998407643312102,0,26,None,66,1,5,False,1,1
10392,72,unweighted,10,0.2003383757961783,0,26,None,66,1,5,False,1,1
10393,73,unweighted,10,0.2004378980891719,0,26,None,66,1,5,False,1,1
10394,74,unweighted,10,0.2011345541401273,0,26,None,66,1,5,False,1,1
12870,75,unweighted,10,0.2125796178343949,0,1,None,66,1,5,False,1,1
12871,76,unweighted,10,0.2240246815286624,0,1,None,66,1,5,False,1,1
12872,77,unweighted,10,0.2167595541401273,0,1,None,66,1,5,False,1,1
12873,78,unweighted,10,0.2185509554140127,0,1,None,66,1,5,False,1,1
12874,79,unweighted,10,0.222233280254777,0,1,None,66,1,5,False,1,1
12875,75,unweighted,10,0.1994426751592356,0,13,None,66,1,5,False,1,1
12876,76,unweighted,10,0.1996417197452229,0,13,None,66,1,5,False,1,1
12877,77,unweighted,10,0.1998407643312102,0,13,None,66,1,5,False,1,1
12878,78,unweighted,10,0.1997412420382165,0,13,None,66,1,5,False,1,1
12879,79,unweighted,10,0.1999402866242038,0,13,None,66,1,5,False,1,1
12880,75,unweighted,10,0.1981488853503184,0,16,None,66,1,5,False,1,1
12881,76,unweighted,10,0.1977507961783439,0,16,None,66,1,5,False,1,1
12882,77,unweighted,10,0.1975517515923567,0,16,None,66,1,5,False,1,1
12883,78,unweighted,10,0.1973527070063694,0,16,None,66,1,5,False,1,1
12884,79,unweighted,10,0.1988455414012739,0,16,None,66,1,5,False,1,1
12885,75,unweighted,10,0.1981488853503184,0,14,None,66,1,5,False,1,1
12886,76,unweighted,10,0.1981488853503184,0,14,None,66,1,5,False,1,1
12887,77,unweighted,10,0.1981488853503184,0,14,None,66,1,5,False,1,1
12888,78,unweighted,10,0.1982484076433121,0,14,None,66,1,5,False,1,1
12889,79,unweighted,10,0.1983479299363057,0,14,None,66,1,5,False,1,1
12890,75,unweighted,10,0.1990445859872611,0,22,None,66,1,5,False,1,1
12891,76,unweighted,10,0.1990445859872611,0,22,None,66,1,5,False,1,1
12892,77,unweighted,10,0.1990445859872611,0,22,None,66,1,5,False,1,1
12893,78,unweighted,10,0.1990445859872611,0,22,None,66,1,5,False,1,1
12894,79,unweighted,10,0.1990445859872611,0,22,None,66,1,5,False,1,1
12895,75,unweighted,10,0.1990445859872611,0,23,None,66,1,5,False,1,1
12896,76,unweighted,10,0.1989450636942675,0,23,None,66,1,5,False,1,1
12897,77,unweighted,10,0.1989450636942675,0,23,None,66,1,5,False,1,1
12898,78,unweighted,10,0.1987460191082802,0,23,None,66,1,5,False,1,1
12899,79,unweighted,10,0.1987460191082802,0,23,None,66,1,5,False,1,1
12900,75,unweighted,10,0.2173566878980891,0,21,None,66,1,5,False,1,1
12901,76,unweighted,10,0.2257165605095541,0,21,None,66,1,5,False,1,1
12902,77,unweighted,10,0.2340764331210191,0,21,None,66,1,5,False,1,1
12903,78,unweighted,10,0.2421377388535031,0,21,None,66,1,5,False,1,1
12904,79,unweighted,10,0.2494028662420382,0,21,None,66,1,5,False,1,1
12905,75,unweighted,10,0.2749800955414013,0,25,None,66,1,5,False,1,1
12906,76,unweighted,10,0.267515923566879,0,25,None,66,1,5,False,1,1
12907,77,unweighted,10,0.2576632165605095,0,25,None,66,1,5,False,1,1
12908,78,unweighted,10,0.2557722929936306,0,25,None,66,1,5,False,1,1
12909,79,unweighted,10,0.2558718152866242,0,25,None,66,1,5,False,1,1
12910,75,unweighted,10,0.1999402866242038,0,26,None,66,1,5,False,1,1
12911,76,unweighted,10,0.2006369426751592,0,26,None,66,1,5,False,1,1
12912,77,unweighted,10,0.2005374203821656,0,26,None,66,1,5,False,1,1
12913,78,unweighted,10,0.2010350318471337,0,26,None,66,1,5,False,1,1
12914,79,unweighted,10,0.2006369426751592,0,26,None,66,1,5,False,1,1
12915,75,unweighted,10,0.2052149681528662,0,24,None,66,1,5,False,1,1
12916,76,unweighted,10,0.2053144904458598,0,24,None,66,1,5,False,1,1
12917,77,unweighted,10,0.1970541401273885,0,24,None,66,1,5,False,1,1
12918,78,unweighted,10,0.1971536624203821,0,24,None,66,1,5,False,1,1
12919,79,unweighted,10,0.1972531847133758,0,24,None,66,1,5,False,1,1
12920,75,unweighted,10,0.201234076433121,0,29,None,66,1,5,False,1,1
12921,76,unweighted,10,0.2019307324840764,0,29,None,66,1,5,False,1,1
12922,77,unweighted,10,0.2022292993630573,0,29,None,66,1,5,False,1,1
12923,78,unweighted,10,0.2019307324840764,0,29,None,66,1,5,False,1,1
12924,79,unweighted,10,0.1986464968152866,0,29,None,66,1,5,False,1,1
12925,75,unweighted,10,0.2276074840764331,0,30,None,66,1,5,False,1,1
12926,76,unweighted,10,0.2210390127388535,0,30,None,66,1,5,False,1,1
12927,77,unweighted,10,0.2217356687898089,0,30,None,66,1,5,False,1,1
12928,78,unweighted,10,0.2278065286624203,0,30,None,66,1,5,False,1,1
12929,79,unweighted,10,0.2432324840764331,0,30,None,66,1,5,False,1,1
12930,75,unweighted,10,0.2224323248407643,0,6,None,66,1,5,False,1,1
12931,76,unweighted,10,0.226015127388535,0,6,None,66,1,5,False,1,1
12932,77,unweighted,10,0.2288017515923567,0,6,None,66,1,5,False,1,1
12933,78,unweighted,10,0.2318869426751592,0,6,None,66,1,5,False,1,1
12934,79,unweighted,10,0.234375,0,6,None,66,1,5,False,1,1
12935,75,unweighted,10,0.2421377388535031,0,27,None,66,1,5,False,1,1
12936,76,unweighted,10,0.2487062101910828,0,27,None,66,1,5,False,1,1
12937,77,unweighted,10,0.2549761146496815,0,27,None,66,1,5,False,1,1
12938,78,unweighted,10,0.2632364649681528,0,27,None,66,1,5,False,1,1
12939,79,unweighted,10,0.2492038216560509,0,27,None,66,1,5,False,1,1
12940,75,unweighted,10,0.1991441082802547,0,32,None,66,1,5,False,1,1
12941,76,unweighted,10,0.1990445859872611,0,32,None,66,1,5,False,1,1
12942,77,unweighted,10,0.1990445859872611,0,32,None,66,1,5,False,1,1
12943,78,unweighted,10,0.1990445859872611,0,32,None,66,1,5,False,1,1
12944,79,unweighted,10,0.1990445859872611,0,32,None,66,1,5,False,1,1
12945,75,unweighted,10,0.1987460191082802,0,2,None,66,1,5,False,1,1
12946,76,unweighted,10,0.1987460191082802,0,2,None,66,1,5,False,1,1
12947,77,unweighted,10,0.1987460191082802,0,2,None,66,1,5,False,1,1
12948,78,unweighted,10,0.1987460191082802,0,2,None,66,1,5,False,1,1
12949,79,unweighted,10,0.1987460191082802,0,2,None,66,1,5,False,1,1
12950,75,unweighted,10,0.2038216560509554,0,4,None,66,1,5,False,1,1
12951,76,unweighted,10,0.2052149681528662,0,4,None,66,1,5,False,1,1
12952,77,unweighted,10,0.2063097133757961,0,4,None,66,1,5,False,1,1
12953,78,unweighted,10,0.2073049363057325,0,4,None,66,1,5,False,1,1
12954,79,unweighted,10,0.208499203821656,0,4,None,66,1,5,False,1,1
12955,75,unweighted,10,0.2026273885350318,0,0,None,66,1,5,False,1,1
12956,76,unweighted,10,0.201234076433121,0,0,None,66,1,5,False,1,1
12957,77,unweighted,10,0.1997412420382165,0,0,None,66,1,5,False,1,1
12958,78,unweighted,10,0.199343152866242,0,0,None,66,1,5,False,1,1
12959,79,unweighted,10,0.1991441082802547,0,0,None,66,1,5,False,1,1
12960,75,unweighted,10,0.2004378980891719,0,5,None,66,1,5,False,1,1
12961,76,unweighted,10,0.201234076433121,0,5,None,66,1,5,False,1,1
12962,77,unweighted,10,0.203125,0,5,None,66,1,5,False,1,1
12963,78,unweighted,10,0.1986464968152866,0,5,None,66,1,5,False,1,1
12964,79,unweighted,10,0.1982484076433121,0,5,None,66,1,5,False,1,1
12965,75,unweighted,10,0.2191480891719745,0,7,None,66,1,5,False,1,1
12966,76,unweighted,10,0.2200437898089172,0,7,None,66,1,5,False,1,1
12967,77,unweighted,10,0.2208399681528662,0,7,None,66,1,5,False,1,1
12968,78,unweighted,10,0.2216361464968153,0,7,None,66,1,5,False,1,1
12969,79,unweighted,10,0.2223328025477707,0,7,None,66,1,5,False,1,1
12970,75,unweighted,10,0.1978503184713375,0,9,None,66,1,5,False,1,1
12971,76,unweighted,10,0.1978503184713375,0,9,None,66,1,5,False,1,1
12972,77,unweighted,10,0.1978503184713375,0,9,None,66,1,5,False,1,1
12973,78,unweighted,10,0.1980493630573248,0,9,None,66,1,5,False,1,1
12974,79,unweighted,10,0.1980493630573248,0,9,None,66,1,5,False,1,1
12975,75,unweighted,10,0.1960589171974522,0,10,None,66,1,5,False,1,1
12976,76,unweighted,10,0.1961584394904458,0,10,None,66,1,5,False,1,1
12977,77,unweighted,10,0.1962579617834395,0,10,None,66,1,5,False,1,1
12978,78,unweighted,10,0.1967555732484076,0,10,None,66,1,5,False,1,1
12979,79,unweighted,10,0.1972531847133758,0,10,None,66,1,5,False,1,1
12980,75,unweighted,10,0.1990445859872611,0,11,None,66,1,5,False,1,1
12981,76,unweighted,10,0.1990445859872611,0,11,None,66,1,5,False,1,1
12982,77,unweighted,10,0.1990445859872611,0,11,None,66,1,5,False,1,1
12983,78,unweighted,10,0.1990445859872611,0,11,None,66,1,5,False,1,1
12984,79,unweighted,10,0.1989450636942675,0,11,None,66,1,5,False,1,1
12985,75,unweighted,10,0.1975517515923567,0,15,None,66,1,5,False,1,1
12986,76,unweighted,10,0.1980493630573248,0,15,None,66,1,5,False,1,1
12987,77,unweighted,10,0.2001393312101911,0,15,None,66,1,5,False,1,1
12988,78,unweighted,10,0.2013335987261146,0,15,None,66,1,5,False,1,1
12989,79,unweighted,10,0.2023288216560509,0,15,None,66,1,5,False,1,1
12990,75,unweighted,10,0.2155652866242038,0,12,None,66,1,5,False,1,1
12991,76,unweighted,10,0.2200437898089172,0,12,None,66,1,5,False,1,1
12992,77,unweighted,10,0.2239251592356688,0,12,None,66,1,5,False,1,1
12993,78,unweighted,10,0.2271098726114649,0,12,None,66,1,5,False,1,1
12994,79,unweighted,10,0.2315883757961783,0,12,None,66,1,5,False,1,1
12995,75,unweighted,10,0.2240246815286624,0,17,None,66,1,5,False,1,1
12996,76,unweighted,10,0.2395501592356688,0,17,None,66,1,5,False,1,1
12997,77,unweighted,10,0.2515923566878981,0,17,None,66,1,5,False,1,1
12998,78,unweighted,10,0.2633359872611465,0,17,None,66,1,5,False,1,1
12999,79,unweighted,10,0.3055334394904458,0,17,None,66,1,5,False,1,1
13000,75,unweighted,10,0.1992436305732484,0,20,None,66,1,5,False,1,1
13001,76,unweighted,10,0.1991441082802547,0,20,None,66,1,5,False,1,1
13002,77,unweighted,10,0.1992436305732484,0,20,None,66,1,5,False,1,1
13003,78,unweighted,10,0.1994426751592356,0,20,None,66,1,5,False,1,1
13004,79,unweighted,10,0.1999402866242038,0,20,None,66,1,5,False,1,1
13005,75,unweighted,10,0.2027269108280254,0,28,None,66,1,5,False,1,1
13006,76,unweighted,10,0.2086982484076433,0,28,None,66,1,5,False,1,1
13007,77,unweighted,10,0.216859076433121,0,28,None,66,1,5,False,1,1
13008,78,unweighted,10,0.2150676751592356,0,28,None,66,1,5,False,1,1
13009,79,unweighted,10,0.2193471337579617,0,28,None,66,1,5,False,1,1
13010,75,unweighted,10,0.2217356687898089,0,8,None,66,1,5,False,1,1
13011,76,unweighted,10,0.2240246815286624,0,8,None,66,1,5,False,1,1
13012,77,unweighted,10,0.226811305732484,0,8,None,66,1,5,False,1,1
13013,78,unweighted,10,0.232484076433121,0,8,None,66,1,5,False,1,1
13014,79,unweighted,10,0.2376592356687898,0,8,None,66,1,5,False,1,1
13015,75,unweighted,10,0.224124203821656,0,3,None,66,1,5,False,1,1
13016,76,unweighted,10,0.2280055732484076,0,3,None,66,1,5,False,1,1
13017,77,unweighted,10,0.2315883757961783,0,3,None,66,1,5,False,1,1
13018,78,unweighted,10,0.2383558917197452,0,3,None,66,1,5,False,1,1
13019,79,unweighted,10,0.2433320063694267,0,3,None,66,1,5,False,1,1
13020,75,unweighted,10,0.2036226114649681,0,18,None,66,1,5,False,1,1
13021,76,unweighted,10,0.1988455414012739,0,18,None,66,1,5,False,1,1
13022,77,unweighted,10,0.1987460191082802,0,18,None,66,1,5,False,1,1
13023,78,unweighted,10,0.1986464968152866,0,18,None,66,1,5,False,1,1
13024,79,unweighted,10,0.1987460191082802,0,18,None,66,1,5,False,1,1
13025,75,unweighted,10,0.2617436305732484,0,31,None,66,1,5,False,1,1
13026,76,unweighted,10,0.2617436305732484,0,31,None,66,1,5,False,1,1
13027,77,unweighted,10,0.2629378980891719,0,31,None,66,1,5,False,1,1
13028,78,unweighted,10,0.2660230891719745,0,31,None,66,1,5,False,1,1
13029,79,unweighted,10,0.268312101910828,0,31,None,66,1,5,False,1,1
13030,75,unweighted,10,0.2166600318471337,0,19,None,66,1,5,False,1,1
13031,76,unweighted,10,0.2172571656050955,0,19,None,66,1,5,False,1,1
13032,77,unweighted,10,0.2181528662420382,0,19,None,66,1,5,False,1,1
13033,78,unweighted,10,0.2189490445859872,0,19,None,66,1,5,False,1,1
13034,79,unweighted,10,0.2205414012738853,0,19,None,66,1,5,False,1,1
13035,80,unweighted,10,0.2200437898089172,0,1,None,66,1,5,False,1,1
13036,81,unweighted,10,0.2431329617834395,0,1,None,66,1,5,False,1,1
13037,82,unweighted,10,0.226811305732484,0,1,None,66,1,5,False,1,1
13038,83,unweighted,10,0.2307921974522293,0,1,None,66,1,5,False,1,1
13039,84,unweighted,10,0.2342754777070063,0,1,None,66,1,5,False,1,1
13040,80,unweighted,10,0.1987460191082802,0,2,None,66,1,5,False,1,1
13041,81,unweighted,10,0.1987460191082802,0,2,None,66,1,5,False,1,1
13042,82,unweighted,10,0.1987460191082802,0,2,None,66,1,5,False,1,1
13043,83,unweighted,10,0.1988455414012739,0,2,None,66,1,5,False,1,1
13044,84,unweighted,10,0.1988455414012739,0,2,None,66,1,5,False,1,1
13045,80,unweighted,10,0.2016321656050955,0,5,None,66,1,5,False,1,1
13046,81,unweighted,10,0.2033240445859872,0,5,None,66,1,5,False,1,1
13047,82,unweighted,10,0.2235270700636942,0,5,None,66,1,5,False,1,1
13048,83,unweighted,10,0.1992436305732484,0,5,None,66,1,5,False,1,1
13049,84,unweighted,10,0.1998407643312102,0,5,None,66,1,5,False,1,1
13050,80,unweighted,10,0.2257165605095541,0,7,None,66,1,5,False,1,1
13051,81,unweighted,10,0.228702229299363,0,7,None,66,1,5,False,1,1
13052,82,unweighted,10,0.2311902866242038,0,7,None,66,1,5,False,1,1
13053,83,unweighted,10,0.2326831210191083,0,7,None,66,1,5,False,1,1
13054,84,unweighted,10,0.2338773885350318,0,7,None,66,1,5,False,1,1
13055,80,unweighted,10,0.2023288216560509,0,32,None,66,1,5,False,1,1
13056,81,unweighted,10,0.2016321656050955,0,32,None,66,1,5,False,1,1
13057,82,unweighted,10,0.2009355095541401,0,32,None,66,1,5,False,1,1
13058,83,unweighted,10,0.2015326433121019,0,32,None,66,1,5,False,1,1
13059,84,unweighted,10,0.2018312101910828,0,32,None,66,1,5,False,1,1
13060,80,unweighted,10,0.2025278662420382,0,29,None,66,1,5,False,1,1
13061,81,unweighted,10,0.2034235668789809,0,29,None,66,1,5,False,1,1
13062,82,unweighted,10,0.2037221337579617,0,29,None,66,1,5,False,1,1
13063,83,unweighted,10,0.2060111464968153,0,29,None,66,1,5,False,1,1
13064,84,unweighted,10,0.1979498407643312,0,29,None,66,1,5,False,1,1
13065,80,unweighted,10,0.1995421974522293,0,13,None,66,1,5,False,1,1
13066,81,unweighted,10,0.1998407643312102,0,13,None,66,1,5,False,1,1
13067,82,unweighted,10,0.1999402866242038,0,13,None,66,1,5,False,1,1
13068,83,unweighted,10,0.2002388535031847,0,13,None,66,1,5,False,1,1
13069,84,unweighted,10,0.2003383757961783,0,13,None,66,1,5,False,1,1
13070,80,unweighted,10,0.2264132165605095,0,12,None,66,1,5,False,1,1
13071,81,unweighted,10,0.2316878980891719,0,12,None,66,1,5,False,1,1
13072,82,unweighted,10,0.2353702229299363,0,12,None,66,1,5,False,1,1
13073,83,unweighted,10,0.2399482484076433,0,12,None,66,1,5,False,1,1
13074,84,unweighted,10,0.2438296178343949,0,12,None,66,1,5,False,1,1
13075,80,unweighted,10,0.2890127388535032,0,25,None,66,1,5,False,1,1
13076,81,unweighted,10,0.2876194267515923,0,25,None,66,1,5,False,1,1
13077,82,unweighted,10,0.2843351910828025,0,25,None,66,1,5,False,1,1
13078,83,unweighted,10,0.2798566878980891,0,25,None,66,1,5,False,1,1
13079,84,unweighted,10,0.2807523885350318,0,25,None,66,1,5,False,1,1
13080,80,unweighted,10,0.2003383757961783,0,26,None,66,1,5,False,1,1
13081,81,unweighted,10,0.2002388535031847,0,26,None,66,1,5,False,1,1
13082,82,unweighted,10,0.2007364649681528,0,26,None,66,1,5,False,1,1
13083,83,unweighted,10,0.2009355095541401,0,26,None,66,1,5,False,1,1
13084,84,unweighted,10,0.201234076433121,0,26,None,66,1,5,False,1,1
13085,80,unweighted,10,0.2054140127388535,0,15,None,66,1,5,False,1,1
13086,81,unweighted,10,0.2093949044585987,0,15,None,66,1,5,False,1,1
13087,82,unweighted,10,0.2137738853503184,0,15,None,66,1,5,False,1,1
13088,83,unweighted,10,0.2186504777070063,0,15,None,66,1,5,False,1,1
13089,84,unweighted,10,0.2245222929936305,0,15,None,66,1,5,False,1,1
13090,80,unweighted,10,0.1964570063694267,0,10,None,66,1,5,False,1,1
13091,81,unweighted,10,0.1968550955414012,0,10,None,66,1,5,False,1,1
13092,82,unweighted,10,0.1969546178343949,0,10,None,66,1,5,False,1,1
13093,83,unweighted,10,0.1970541401273885,0,10,None,66,1,5,False,1,1
13094,84,unweighted,10,0.1977507961783439,0,10,None,66,1,5,False,1,1
13095,80,unweighted,10,0.1992436305732484,0,11,None,66,1,5,False,1,1
13096,81,unweighted,10,0.1991441082802547,0,11,None,66,1,5,False,1,1
13097,82,unweighted,10,0.1992436305732484,0,11,None,66,1,5,False,1,1
13098,83,unweighted,10,0.199343152866242,0,11,None,66,1,5,False,1,1
13099,84,unweighted,10,0.1989450636942675,0,11,None,66,1,5,False,1,1
13100,80,unweighted,10,0.2917993630573248,0,17,None,66,1,5,False,1,1
13101,81,unweighted,10,0.3077229299363057,0,17,None,66,1,5,False,1,1
13102,82,unweighted,10,0.3153861464968153,0,17,None,66,1,5,False,1,1
13103,83,unweighted,10,0.3225517515923566,0,17,None,66,1,5,False,1,1
13104,84,unweighted,10,0.3299164012738853,0,17,None,66,1,5,False,1,1
13105,80,unweighted,10,0.2042197452229299,0,20,None,66,1,5,False,1,1
13106,81,unweighted,10,0.2030254777070063,0,20,None,66,1,5,False,1,1
13107,82,unweighted,10,0.2032245222929936,0,20,None,66,1,5,False,1,1
13108,83,unweighted,10,0.2050159235668789,0,20,None,66,1,5,False,1,1
13109,84,unweighted,10,0.2070063694267516,0,20,None,66,1,5,False,1,1
13110,80,unweighted,10,0.2651273885350318,0,30,None,66,1,5,False,1,1
13111,81,unweighted,10,0.2627388535031847,0,30,None,66,1,5,False,1,1
13112,82,unweighted,10,0.2763734076433121,0,30,None,66,1,5,False,1,1
13113,83,unweighted,10,0.2923964968152866,0,30,None,66,1,5,False,1,1
13114,84,unweighted,10,0.3018511146496815,0,30,None,66,1,5,False,1,1
13115,80,unweighted,10,0.2596536624203822,0,27,None,66,1,5,False,1,1
13116,81,unweighted,10,0.268312101910828,0,27,None,66,1,5,False,1,1
13117,82,unweighted,10,0.2799562101910828,0,27,None,66,1,5,False,1,1
13118,83,unweighted,10,0.2624402866242038,0,27,None,66,1,5,False,1,1
13119,84,unweighted,10,0.2658240445859872,0,27,None,66,1,5,False,1,1
13120,80,unweighted,10,0.2705015923566879,0,31,None,66,1,5,False,1,1
13121,81,unweighted,10,0.2725915605095541,0,31,None,66,1,5,False,1,1
13122,82,unweighted,10,0.2740843949044586,0,31,None,66,1,5,False,1,1
13123,83,unweighted,10,0.2768710191082802,0,31,None,66,1,5,False,1,1
13124,84,unweighted,10,0.276671974522293,0,31,None,66,1,5,False,1,1
13125,80,unweighted,10,0.2342754777070063,0,21,None,66,1,5,False,1,1
13126,81,unweighted,10,0.244327229299363,0,21,None,66,1,5,False,1,1
13127,82,unweighted,10,0.2519904458598726,0,21,None,66,1,5,False,1,1
13128,83,unweighted,10,0.2617436305732484,0,21,None,66,1,5,False,1,1
13129,84,unweighted,10,0.2704020700636942,0,21,None,66,1,5,False,1,1
13130,80,unweighted,10,0.2197452229299363,0,24,None,66,1,5,False,1,1
13131,81,unweighted,10,0.2105891719745223,0,24,None,66,1,5,False,1,1
13132,82,unweighted,10,0.2076035031847133,0,24,None,66,1,5,False,1,1
13133,83,unweighted,10,0.2023288216560509,0,24,None,66,1,5,False,1,1
13134,84,unweighted,10,0.1982484076433121,0,24,None,66,1,5,False,1,1
13135,80,unweighted,10,0.1990445859872611,0,23,None,66,1,5,False,1,1
13136,81,unweighted,10,0.1989450636942675,0,23,None,66,1,5,False,1,1
13137,82,unweighted,10,0.1988455414012739,0,23,None,66,1,5,False,1,1
13138,83,unweighted,10,0.1987460191082802,0,23,None,66,1,5,False,1,1
13139,84,unweighted,10,0.1987460191082802,0,23,None,66,1,5,False,1,1
13140,80,unweighted,10,0.1981488853503184,0,9,None,66,1,5,False,1,1
13141,81,unweighted,10,0.1981488853503184,0,9,None,66,1,5,False,1,1
13142,82,unweighted,10,0.1983479299363057,0,9,None,66,1,5,False,1,1
13143,83,unweighted,10,0.1980493630573248,0,9,None,66,1,5,False,1,1
13144,84,unweighted,10,0.1980493630573248,0,9,None,66,1,5,False,1,1
13145,80,unweighted,10,0.2304936305732484,0,6,None,66,1,5,False,1,1
13146,81,unweighted,10,0.2366640127388535,0,6,None,66,1,5,False,1,1
13147,82,unweighted,10,0.2406449044585987,0,6,None,66,1,5,False,1,1
13148,83,unweighted,10,0.2445262738853503,0,6,None,66,1,5,False,1,1
13149,84,unweighted,10,0.2483081210191083,0,6,None,66,1,5,False,1,1
13150,80,unweighted,10,0.2001393312101911,0,22,None,66,1,5,False,1,1
13151,81,unweighted,10,0.199343152866242,0,22,None,66,1,5,False,1,1
13152,82,unweighted,10,0.1991441082802547,0,22,None,66,1,5,False,1,1
13153,83,unweighted,10,0.1990445859872611,0,22,None,66,1,5,False,1,1
13154,84,unweighted,10,0.1990445859872611,0,22,None,66,1,5,False,1,1
13155,80,unweighted,10,0.1981488853503184,0,14,None,66,1,5,False,1,1
13156,81,unweighted,10,0.1982484076433121,0,14,None,66,1,5,False,1,1
13157,82,unweighted,10,0.1984474522292993,0,14,None,66,1,5,False,1,1
13158,83,unweighted,10,0.198546974522293,0,14,None,66,1,5,False,1,1
13159,84,unweighted,10,0.1984474522292993,0,14,None,66,1,5,False,1,1
13160,80,unweighted,10,0.2112858280254777,0,28,None,66,1,5,False,1,1
13161,81,unweighted,10,0.2231289808917197,0,28,None,66,1,5,False,1,1
13162,82,unweighted,10,0.224124203821656,0,28,None,66,1,5,False,1,1
13163,83,unweighted,10,0.2293988853503184,0,28,None,66,1,5,False,1,1
13164,84,unweighted,10,0.2342754777070063,0,28,None,66,1,5,False,1,1
13165,80,unweighted,10,0.2242237261146497,0,3,None,66,1,5,False,1,1
13166,81,unweighted,10,0.2301950636942675,0,3,None,66,1,5,False,1,1
13167,82,unweighted,10,0.2373606687898089,0,3,None,66,1,5,False,1,1
13168,83,unweighted,10,0.2480095541401273,0,3,None,66,1,5,False,1,1
13169,84,unweighted,10,0.2592555732484076,0,3,None,66,1,5,False,1,1
13170,80,unweighted,10,0.2075039808917197,0,4,None,66,1,5,False,1,1
13171,81,unweighted,10,0.2088972929936305,0,4,None,66,1,5,False,1,1
13172,82,unweighted,10,0.2107882165605095,0,4,None,66,1,5,False,1,1
13173,83,unweighted,10,0.2123805732484076,0,4,None,66,1,5,False,1,1
13174,84,unweighted,10,0.214171974522293,0,4,None,66,1,5,False,1,1
13175,80,unweighted,10,0.2109872611464968,0,0,None,66,1,5,False,1,1
13176,81,unweighted,10,0.2092953821656051,0,0,None,66,1,5,False,1,1
13177,82,unweighted,10,0.2085987261146497,0,0,None,66,1,5,False,1,1
13178,83,unweighted,10,0.2072054140127388,0,0,None,66,1,5,False,1,1
13179,84,unweighted,10,0.206608280254777,0,0,None,66,1,5,False,1,1
13180,80,unweighted,10,0.2318869426751592,0,8,None,66,1,5,False,1,1
13181,81,unweighted,10,0.2364649681528662,0,8,None,66,1,5,False,1,1
13182,82,unweighted,10,0.2422372611464968,0,8,None,66,1,5,False,1,1
13183,83,unweighted,10,0.2524880573248407,0,8,None,66,1,5,False,1,1
13184,84,unweighted,10,0.2636345541401274,0,8,None,66,1,5,False,1,1
13185,80,unweighted,10,0.1981488853503184,0,16,None,66,1,5,False,1,1
13186,81,unweighted,10,0.1978503184713375,0,16,None,66,1,5,False,1,1
13187,82,unweighted,10,0.1978503184713375,0,16,None,66,1,5,False,1,1
13188,83,unweighted,10,0.1990445859872611,0,16,None,66,1,5,False,1,1
13189,84,unweighted,10,0.2007364649681528,0,16,None,66,1,5,False,1,1
13190,80,unweighted,10,0.2099920382165605,0,18,None,66,1,5,False,1,1
13191,81,unweighted,10,0.2036226114649681,0,18,None,66,1,5,False,1,1
13192,82,unweighted,10,0.1988455414012739,0,18,None,66,1,5,False,1,1
13193,83,unweighted,10,0.1987460191082802,0,18,None,66,1,5,False,1,1
13194,84,unweighted,10,0.1987460191082802,0,18,None,66,1,5,False,1,1
13195,80,unweighted,10,0.2208399681528662,0,19,None,66,1,5,False,1,1
13196,81,unweighted,10,0.2228304140127388,0,19,None,66,1,5,False,1,1
13197,82,unweighted,10,0.2251194267515923,0,19,None,66,1,5,False,1,1
13198,83,unweighted,10,0.2277070063694267,0,19,None,66,1,5,False,1,1
13199,84,unweighted,10,0.2301950636942675,0,19,None,66,1,5,False,1,1
16005,85,unweighted,10,0.1988455414012739,0,2,None,66,1,5,False,1,1
16006,86,unweighted,10,0.1989450636942675,0,2,None,66,1,5,False,1,1
16007,87,unweighted,10,0.1989450636942675,0,2,None,66,1,5,False,1,1
16008,88,unweighted,10,0.1989450636942675,0,2,None,66,1,5,False,1,1
16009,89,unweighted,10,0.1989450636942675,0,2,None,66,1,5,False,1,1
16010,85,unweighted,10,0.2055135350318471,0,13,None,66,1,5,False,1,1
16011,86,unweighted,10,0.2043192675159235,0,13,None,66,1,5,False,1,1
16012,87,unweighted,10,0.2042197452229299,0,13,None,66,1,5,False,1,1
16013,88,unweighted,10,0.2042197452229299,0,13,None,66,1,5,False,1,1
16014,89,unweighted,10,0.2050159235668789,0,13,None,66,1,5,False,1,1
16015,85,unweighted,10,0.2215366242038216,0,15,None,66,1,5,False,1,1
16016,86,unweighted,10,0.2303941082802547,0,15,None,66,1,5,False,1,1
16017,87,unweighted,10,0.239749203821656,0,15,None,66,1,5,False,1,1
16018,88,unweighted,10,0.2486066878980891,0,15,None,66,1,5,False,1,1
16019,89,unweighted,10,0.2568670382165605,0,15,None,66,1,5,False,1,1
16020,85,unweighted,10,0.1982484076433121,0,16,None,66,1,5,False,1,1
16021,86,unweighted,10,0.1981488853503184,0,16,None,66,1,5,False,1,1
16022,87,unweighted,10,0.1979498407643312,0,16,None,66,1,5,False,1,1
16023,88,unweighted,10,0.1973527070063694,0,16,None,66,1,5,False,1,1
16024,89,unweighted,10,0.1972531847133758,0,16,None,66,1,5,False,1,1
16025,85,unweighted,10,0.2501990445859872,0,8,None,66,1,5,False,1,1
16026,86,unweighted,10,0.2592555732484076,0,8,None,66,1,5,False,1,1
16027,87,unweighted,10,0.267515923566879,0,8,None,66,1,5,False,1,1
16028,88,unweighted,10,0.2748805732484076,0,8,None,66,1,5,False,1,1
16029,89,unweighted,10,0.2788614649681528,0,8,None,66,1,5,False,1,1
16030,85,unweighted,10,0.2166600318471337,0,20,None,66,1,5,False,1,1
16031,86,unweighted,10,0.2137738853503184,0,20,None,66,1,5,False,1,1
16032,87,unweighted,10,0.2137738853503184,0,20,None,66,1,5,False,1,1
16033,88,unweighted,10,0.216859076433121,0,20,None,66,1,5,False,1,1
16034,89,unweighted,10,0.2198447452229299,0,20,None,66,1,5,False,1,1
16035,85,unweighted,10,0.2293988853503184,0,19,None,66,1,5,False,1,1
16036,86,unweighted,10,0.2346735668789809,0,19,None,66,1,5,False,1,1
16037,87,unweighted,10,0.2386544585987261,0,19,None,66,1,5,False,1,1
16038,88,unweighted,10,0.2440286624203821,0,19,None,66,1,5,False,1,1
16039,89,unweighted,10,0.2492038216560509,0,19,None,66,1,5,False,1,1
16040,85,unweighted,10,0.2014331210191083,0,22,None,66,1,5,False,1,1
16041,86,unweighted,10,0.2013335987261146,0,22,None,66,1,5,False,1,1
16042,87,unweighted,10,0.2015326433121019,0,22,None,66,1,5,False,1,1
16043,88,unweighted,10,0.2018312101910828,0,22,None,66,1,5,False,1,1
16044,89,unweighted,10,0.2022292993630573,0,22,None,66,1,5,False,1,1
16045,85,unweighted,10,0.1984474522292993,0,14,None,66,1,5,False,1,1
16046,86,unweighted,10,0.1984474522292993,0,14,None,66,1,5,False,1,1
16047,87,unweighted,10,0.198546974522293,0,14,None,66,1,5,False,1,1
16048,88,unweighted,10,0.1984474522292993,0,14,None,66,1,5,False,1,1
16049,89,unweighted,10,0.1984474522292993,0,14,None,66,1,5,False,1,1
16050,85,unweighted,10,0.1990445859872611,0,23,None,66,1,5,False,1,1
16051,86,unweighted,10,0.1989450636942675,0,23,None,66,1,5,False,1,1
16052,87,unweighted,10,0.1988455414012739,0,23,None,66,1,5,False,1,1
16053,88,unweighted,10,0.1987460191082802,0,23,None,66,1,5,False,1,1
16054,89,unweighted,10,0.1987460191082802,0,23,None,66,1,5,False,1,1
16055,85,unweighted,10,0.2581608280254777,0,21,None,66,1,5,False,1,1
16056,86,unweighted,10,0.2687101910828025,0,21,None,66,1,5,False,1,1
16057,87,unweighted,10,0.2787619426751592,0,21,None,66,1,5,False,1,1
16058,88,unweighted,10,0.2867237261146497,0,21,None,66,1,5,False,1,1
16059,89,unweighted,10,0.2950835987261146,0,21,None,66,1,5,False,1,1
16060,85,unweighted,10,0.306827229299363,0,25,None,66,1,5,False,1,1
16061,86,unweighted,10,0.3123009554140127,0,25,None,66,1,5,False,1,1
16062,87,unweighted,10,0.3120023885350318,0,25,None,66,1,5,False,1,1
16063,88,unweighted,10,0.3126990445859872,0,25,None,66,1,5,False,1,1
16064,89,unweighted,10,0.3174761146496815,0,25,None,66,1,5,False,1,1
16065,85,unweighted,10,0.2186504777070063,0,28,None,66,1,5,False,1,1
16066,86,unweighted,10,0.2325835987261146,0,28,None,66,1,5,False,1,1
16067,87,unweighted,10,0.2373606687898089,0,28,None,66,1,5,False,1,1
16068,88,unweighted,10,0.2447253184713375,0,28,None,66,1,5,False,1,1
16069,89,unweighted,10,0.2500995222929936,0,28,None,66,1,5,False,1,1
16070,85,unweighted,10,0.2016321656050955,0,29,None,66,1,5,False,1,1
16071,86,unweighted,10,0.203125,0,29,None,66,1,5,False,1,1
16072,87,unweighted,10,0.2025278662420382,0,29,None,66,1,5,False,1,1
16073,88,unweighted,10,0.2302945859872611,0,29,None,66,1,5,False,1,1
16074,89,unweighted,10,0.198546974522293,0,29,None,66,1,5,False,1,1
16075,85,unweighted,10,0.1984474522292993,0,9,None,66,1,5,False,1,1
16076,86,unweighted,10,0.1984474522292993,0,9,None,66,1,5,False,1,1
16077,87,unweighted,10,0.1982484076433121,0,9,None,66,1,5,False,1,1
16078,88,unweighted,10,0.1981488853503184,0,9,None,66,1,5,False,1,1
16079,89,unweighted,10,0.1982484076433121,0,9,None,66,1,5,False,1,1
16080,85,unweighted,10,0.2183519108280254,0,18,None,66,1,5,False,1,1
16081,86,unweighted,10,0.2115843949044586,0,18,None,66,1,5,False,1,1
16082,87,unweighted,10,0.2060111464968153,0,18,None,66,1,5,False,1,1
16083,88,unweighted,10,0.2011345541401273,0,18,None,66,1,5,False,1,1
16084,89,unweighted,10,0.1988455414012739,0,18,None,66,1,5,False,1,1
16085,85,unweighted,10,0.2344745222929936,0,1,None,66,1,5,False,1,1
16086,86,unweighted,10,0.2362659235668789,0,1,None,66,1,5,False,1,1
16087,87,unweighted,10,0.2430334394904458,0,1,None,66,1,5,False,1,1
16088,88,unweighted,10,0.2490047770700637,0,1,None,66,1,5,False,1,1
16089,89,unweighted,10,0.2536823248407643,0,1,None,66,1,5,False,1,1
16090,85,unweighted,10,0.2392515923566879,0,7,None,66,1,5,False,1,1
16091,86,unweighted,10,0.2418391719745223,0,7,None,66,1,5,False,1,1
16092,87,unweighted,10,0.2457205414012739,0,7,None,66,1,5,False,1,1
16093,88,unweighted,10,0.2487062101910828,0,7,None,66,1,5,False,1,1
16094,89,unweighted,10,0.2523885350318471,0,7,None,66,1,5,False,1,1
16095,85,unweighted,10,0.2139729299363057,0,4,None,66,1,5,False,1,1
16096,86,unweighted,10,0.216859076433121,0,4,None,66,1,5,False,1,1
16097,87,unweighted,10,0.2197452229299363,0,4,None,66,1,5,False,1,1
16098,88,unweighted,10,0.2217356687898089,0,4,None,66,1,5,False,1,1
16099,89,unweighted,10,0.2244227707006369,0,4,None,66,1,5,False,1,1
16100,85,unweighted,10,0.2078025477707006,0,32,None,66,1,5,False,1,1
16101,86,unweighted,10,0.2068073248407643,0,32,None,66,1,5,False,1,1
16102,87,unweighted,10,0.2067078025477707,0,32,None,66,1,5,False,1,1
16103,88,unweighted,10,0.2072054140127388,0,32,None,66,1,5,False,1,1
16104,89,unweighted,10,0.2081011146496815,0,32,None,66,1,5,False,1,1
16105,85,unweighted,10,0.2026273885350318,0,5,None,66,1,5,False,1,1
16106,86,unweighted,10,0.205812101910828,0,5,None,66,1,5,False,1,1
16107,87,unweighted,10,0.2009355095541401,0,5,None,66,1,5,False,1,1
16108,88,unweighted,10,0.2007364649681528,0,5,None,66,1,5,False,1,1
16109,89,unweighted,10,0.2015326433121019,0,5,None,66,1,5,False,1,1
16110,85,unweighted,10,0.214171974522293,0,10,None,66,1,5,False,1,1
16111,86,unweighted,10,0.2090963375796178,0,10,None,66,1,5,False,1,1
16112,87,unweighted,10,0.2067078025477707,0,10,None,66,1,5,False,1,1
16113,88,unweighted,10,0.2060111464968153,0,10,None,66,1,5,False,1,1
16114,89,unweighted,10,0.2070063694267516,0,10,None,66,1,5,False,1,1
16115,85,unweighted,10,0.2114848726114649,0,11,None,66,1,5,False,1,1
16116,86,unweighted,10,0.2112858280254777,0,11,None,66,1,5,False,1,1
16117,87,unweighted,10,0.2069068471337579,0,11,None,66,1,5,False,1,1
16118,88,unweighted,10,0.2075039808917197,0,11,None,66,1,5,False,1,1
16119,89,unweighted,10,0.207703025477707,0,11,None,66,1,5,False,1,1
16120,85,unweighted,10,0.2384554140127388,0,3,None,66,1,5,False,1,1
16121,86,unweighted,10,0.2482085987261146,0,3,None,66,1,5,False,1,1
16122,87,unweighted,10,0.2623407643312102,0,3,None,66,1,5,False,1,1
16123,88,unweighted,10,0.2800557324840764,0,3,None,66,1,5,False,1,1
16124,89,unweighted,10,0.2962778662420382,0,3,None,66,1,5,False,1,1
16125,85,unweighted,10,0.3115047770700637,0,17,None,66,1,5,False,1,1
16126,86,unweighted,10,0.3545979299363057,0,17,None,66,1,5,False,1,1
16127,87,unweighted,10,0.3963972929936306,0,17,None,66,1,5,False,1,1
16128,88,unweighted,10,0.3421576433121019,0,17,None,66,1,5,False,1,1
16129,89,unweighted,10,0.3465366242038216,0,17,None,66,1,5,False,1,1
16130,85,unweighted,10,0.2398487261146497,0,12,None,66,1,5,False,1,1
16131,86,unweighted,10,0.246218152866242,0,12,None,66,1,5,False,1,1
16132,87,unweighted,10,0.2499004777070063,0,12,None,66,1,5,False,1,1
16133,88,unweighted,10,0.2547770700636942,0,12,None,66,1,5,False,1,1
16134,89,unweighted,10,0.2592555732484076,0,12,None,66,1,5,False,1,1
16135,85,unweighted,10,0.2442277070063694,0,6,None,66,1,5,False,1,1
16136,86,unweighted,10,0.251890923566879,0,6,None,66,1,5,False,1,1
16137,87,unweighted,10,0.2580613057324841,0,6,None,66,1,5,False,1,1
16138,88,unweighted,10,0.2646297770700637,0,6,None,66,1,5,False,1,1
16139,89,unweighted,10,0.2692078025477707,0,6,None,66,1,5,False,1,1
16140,85,unweighted,10,0.2014331210191083,0,26,None,66,1,5,False,1,1
16141,86,unweighted,10,0.2009355095541401,0,26,None,66,1,5,False,1,1
16142,87,unweighted,10,0.2013335987261146,0,26,None,66,1,5,False,1,1
16143,88,unweighted,10,0.2018312101910828,0,26,None,66,1,5,False,1,1
16144,89,unweighted,10,0.2017316878980891,0,26,None,66,1,5,False,1,1
16145,85,unweighted,10,0.2495023885350318,0,24,None,66,1,5,False,1,1
16146,86,unweighted,10,0.2284036624203821,0,24,None,66,1,5,False,1,1
16147,87,unweighted,10,0.2178542993630573,0,24,None,66,1,5,False,1,1
16148,88,unweighted,10,0.2110867834394904,0,24,None,66,1,5,False,1,1
16149,89,unweighted,10,0.2074044585987261,0,24,None,66,1,5,False,1,1
16150,85,unweighted,10,0.2232285031847133,0,0,None,66,1,5,False,1,1
16151,86,unweighted,10,0.2207404458598726,0,0,None,66,1,5,False,1,1
16152,87,unweighted,10,0.2203423566878981,0,0,None,66,1,5,False,1,1
16153,88,unweighted,10,0.2201433121019108,0,0,None,66,1,5,False,1,1
16154,89,unweighted,10,0.2184514331210191,0,0,None,66,1,5,False,1,1
16155,85,unweighted,10,0.278264331210191,0,27,None,66,1,5,False,1,1
16156,86,unweighted,10,0.2868232484076433,0,27,None,66,1,5,False,1,1
16157,87,unweighted,10,0.297671178343949,0,27,None,66,1,5,False,1,1
16158,88,unweighted,10,0.293889331210191,0,27,None,66,1,5,False,1,1
16159,89,unweighted,10,0.294984076433121,0,27,None,66,1,5,False,1,1
16160,85,unweighted,10,0.3154856687898089,0,30,None,66,1,5,False,1,1
16161,86,unweighted,10,0.3219546178343949,0,30,None,66,1,5,False,1,1
16162,87,unweighted,10,0.3294187898089172,0,30,None,66,1,5,False,1,1
16163,88,unweighted,10,0.3333001592356688,0,30,None,66,1,5,False,1,1
16164,89,unweighted,10,0.3381767515923566,0,30,None,66,1,5,False,1,1
16165,85,unweighted,10,0.2784633757961783,0,31,None,66,1,5,False,1,1
16166,86,unweighted,10,0.2811504777070063,0,31,None,66,1,5,False,1,1
16167,87,unweighted,10,0.2787619426751592,0,31,None,66,1,5,False,1,1
16168,88,unweighted,10,0.2698049363057325,0,31,None,66,1,5,False,1,1
16169,89,unweighted,10,0.261843152866242,0,31,None,66,1,5,False,1,1
16170,90,unweighted,10,0.2425358280254777,0,24,None,66,1,5,False,1,1
16171,91,unweighted,10,0.2281050955414012,0,24,None,66,1,5,False,1,1
16172,92,unweighted,10,0.2198447452229299,0,24,None,66,1,5,False,1,1
16173,93,unweighted,10,0.2216361464968153,0,24,None,66,1,5,False,1,1
16174,94,unweighted,10,0.2307921974522293,0,24,None,66,1,5,False,1,1
16175,90,unweighted,10,0.2580613057324841,0,1,None,66,1,5,False,1,1
16176,91,unweighted,10,0.2619426751592357,0,1,None,66,1,5,False,1,1
16177,92,unweighted,10,0.2686106687898089,0,1,None,66,1,5,False,1,1
16178,93,unweighted,10,0.2754777070063694,0,1,None,66,1,5,False,1,1
16179,94,unweighted,10,0.2814490445859872,0,1,None,66,1,5,False,1,1
16180,90,unweighted,10,0.2862261146496815,0,21,None,66,1,5,False,1,1
16181,91,unweighted,10,0.29578025477707,0,21,None,66,1,5,False,1,1
16182,92,unweighted,10,0.3059315286624204,0,21,None,66,1,5,False,1,1
16183,93,unweighted,10,0.3298168789808917,0,21,None,66,1,5,False,1,1
16184,94,unweighted,10,0.3559912420382166,0,21,None,66,1,5,False,1,1
16185,90,unweighted,10,0.1987460191082802,0,2,None,66,1,5,False,1,1
16186,91,unweighted,10,0.1988455414012739,0,2,None,66,1,5,False,1,1
16187,92,unweighted,10,0.1989450636942675,0,2,None,66,1,5,False,1,1
16188,93,unweighted,10,0.1992436305732484,0,2,None,66,1,5,False,1,1
16189,94,unweighted,10,0.1996417197452229,0,2,None,66,1,5,False,1,1
16190,90,unweighted,10,0.2294984076433121,0,11,None,66,1,5,False,1,1
16191,91,unweighted,10,0.2313893312101911,0,11,None,66,1,5,False,1,1
16192,92,unweighted,10,0.2326831210191083,0,11,None,66,1,5,False,1,1
16193,93,unweighted,10,0.2349721337579617,0,11,None,66,1,5,False,1,1
16194,94,unweighted,10,0.238953025477707,0,11,None,66,1,5,False,1,1
16195,90,unweighted,10,0.2486066878980891,0,15,None,66,1,5,False,1,1
16196,91,unweighted,10,0.2607484076433121,0,15,None,66,1,5,False,1,1
16197,92,unweighted,10,0.2674164012738853,0,15,None,66,1,5,False,1,1
16198,93,unweighted,10,0.2749800955414013,0,15,None,66,1,5,False,1,1
16199,94,unweighted,10,0.2822452229299363,0,15,None,66,1,5,False,1,1
16200,90,unweighted,10,0.3702229299363057,0,17,None,66,1,5,False,1,1
16201,91,unweighted,10,0.3473328025477707,0,17,None,66,1,5,False,1,1
16202,92,unweighted,10,0.3538017515923566,0,17,None,66,1,5,False,1,1
16203,93,unweighted,10,0.3599721337579618,0,17,None,66,1,5,False,1,1
16204,94,unweighted,10,0.3636544585987261,0,17,None,66,1,5,False,1,1
16205,90,unweighted,10,0.2316878980891719,0,20,None,66,1,5,False,1,1
16206,91,unweighted,10,0.230593152866242,0,20,None,66,1,5,False,1,1
16207,92,unweighted,10,0.2330812101910828,0,20,None,66,1,5,False,1,1
16208,93,unweighted,10,0.2383558917197452,0,20,None,66,1,5,False,1,1
16209,94,unweighted,10,0.2429339171974522,0,20,None,66,1,5,False,1,1
16210,90,unweighted,10,0.2284036624203821,0,10,None,66,1,5,False,1,1
16211,91,unweighted,10,0.2299960191082802,0,10,None,66,1,5,False,1,1
16212,92,unweighted,10,0.2421377388535031,0,10,None,66,1,5,False,1,1
16213,93,unweighted,10,0.2913017515923566,0,10,None,66,1,5,False,1,1
16214,94,unweighted,10,0.2936902866242038,0,10,None,66,1,5,False,1,1
16215,90,unweighted,10,0.2139729299363057,0,32,None,66,1,5,False,1,1
16216,91,unweighted,10,0.2148686305732484,0,32,None,66,1,5,False,1,1
16217,92,unweighted,10,0.216859076433121,0,32,None,66,1,5,False,1,1
16218,93,unweighted,10,0.2183519108280254,0,32,None,66,1,5,False,1,1
16219,94,unweighted,10,0.2205414012738853,0,32,None,66,1,5,False,1,1
16220,90,unweighted,10,0.1978503184713375,0,16,None,66,1,5,False,1,1
16221,91,unweighted,10,0.2169585987261146,0,16,None,66,1,5,False,1,1
16222,92,unweighted,10,0.2593550955414013,0,16,None,66,1,5,False,1,1
16223,93,unweighted,10,0.2927945859872611,0,16,None,66,1,5,False,1,1
16224,94,unweighted,10,0.3111066878980891,0,16,None,66,1,5,False,1,1
16225,90,unweighted,10,0.2191480891719745,0,13,None,66,1,5,False,1,1
16226,91,unweighted,10,0.2189490445859872,0,13,None,66,1,5,False,1,1
16227,92,unweighted,10,0.2209394904458598,0,13,None,66,1,5,False,1,1
16228,93,unweighted,10,0.2243232484076433,0,13,None,66,1,5,False,1,1
16229,94,unweighted,10,0.228702229299363,0,13,None,66,1,5,False,1,1
16230,90,unweighted,10,0.2381568471337579,0,28,None,66,1,5,False,1,1
16231,91,unweighted,10,0.2542794585987261,0,28,None,66,1,5,False,1,1
16232,92,unweighted,10,0.2594546178343949,0,28,None,66,1,5,False,1,1
16233,93,unweighted,10,0.2668192675159235,0,28,None,66,1,5,False,1,1
16234,94,unweighted,10,0.2727906050955414,0,28,None,66,1,5,False,1,1
16235,90,unweighted,10,0.3029458598726114,0,27,None,66,1,5,False,1,1
16236,91,unweighted,10,0.3173765923566879,0,27,None,66,1,5,False,1,1
16237,92,unweighted,10,0.3074243630573248,0,27,None,66,1,5,False,1,1
16238,93,unweighted,10,0.3267316878980891,0,27,None,66,1,5,False,1,1
16239,94,unweighted,10,0.3454418789808917,0,27,None,66,1,5,False,1,1
16240,90,unweighted,10,0.2107882165605095,0,5,None,66,1,5,False,1,1
16241,91,unweighted,10,0.241640127388535,0,5,None,66,1,5,False,1,1
16242,92,unweighted,10,0.2029259554140127,0,5,None,66,1,5,False,1,1
16243,93,unweighted,10,0.2046178343949044,0,5,None,66,1,5,False,1,1
16244,94,unweighted,10,0.2056130573248407,0,5,None,66,1,5,False,1,1
16245,90,unweighted,10,0.2587579617834395,0,7,None,66,1,5,False,1,1
16246,91,unweighted,10,0.2632364649681528,0,7,None,66,1,5,False,1,1
16247,92,unweighted,10,0.266421178343949,0,7,None,66,1,5,False,1,1
16248,93,unweighted,10,0.2699044585987261,0,7,None,66,1,5,False,1,1
16249,94,unweighted,10,0.2732882165605095,0,7,None,66,1,5,False,1,1
16250,90,unweighted,10,0.255374203821656,0,12,None,66,1,5,False,1,1
16251,91,unweighted,10,0.2607484076433121,0,12,None,66,1,5,False,1,1
16252,92,unweighted,10,0.2661226114649681,0,12,None,66,1,5,False,1,1
16253,93,unweighted,10,0.2714968152866242,0,12,None,66,1,5,False,1,1
16254,94,unweighted,10,0.2789609872611465,0,12,None,66,1,5,False,1,1
16255,90,unweighted,10,0.2043192675159235,0,26,None,66,1,5,False,1,1
16256,91,unweighted,10,0.2018312101910828,0,26,None,66,1,5,False,1,1
16257,92,unweighted,10,0.2019307324840764,0,26,None,66,1,5,False,1,1
16258,93,unweighted,10,0.2034235668789809,0,26,None,66,1,5,False,1,1
16259,94,unweighted,10,0.2052149681528662,0,26,None,66,1,5,False,1,1
16260,90,unweighted,10,0.3422571656050955,0,30,None,66,1,5,False,1,1
16261,91,unweighted,10,0.3490246815286624,0,30,None,66,1,5,False,1,1
16262,92,unweighted,10,0.3590764331210191,0,30,None,66,1,5,False,1,1
16263,93,unweighted,10,0.367734872611465,0,30,None,66,1,5,False,1,1
16264,94,unweighted,10,0.3733081210191082,0,30,None,66,1,5,False,1,1
16265,90,unweighted,10,0.2499004777070063,0,18,None,66,1,5,False,1,1
16266,91,unweighted,10,0.2426353503184713,0,18,None,66,1,5,False,1,1
16267,92,unweighted,10,0.2340764331210191,0,18,None,66,1,5,False,1,1
16268,93,unweighted,10,0.226015127388535,0,18,None,66,1,5,False,1,1
16269,94,unweighted,10,0.21875,0,18,None,66,1,5,False,1,1
16270,90,unweighted,10,0.2736863057324841,0,8,None,66,1,5,False,1,1
16271,91,unweighted,10,0.2788614649681528,0,8,None,66,1,5,False,1,1
16272,92,unweighted,10,0.2799562101910828,0,8,None,66,1,5,False,1,1
16273,93,unweighted,10,0.270203025477707,0,8,None,66,1,5,False,1,1
16274,94,unweighted,10,0.2412420382165605,0,8,None,66,1,5,False,1,1
16275,90,unweighted,10,0.2772691082802547,0,31,None,66,1,5,False,1,1
16276,91,unweighted,10,0.263734076433121,0,31,None,66,1,5,False,1,1
16277,92,unweighted,10,0.2552746815286624,0,31,None,66,1,5,False,1,1
16278,93,unweighted,10,0.2533837579617834,0,31,None,66,1,5,False,1,1
16279,94,unweighted,10,0.2547770700636942,0,31,None,66,1,5,False,1,1
16280,90,unweighted,10,0.2579617834394904,0,19,None,66,1,5,False,1,1
16281,91,unweighted,10,0.2636345541401274,0,19,None,66,1,5,False,1,1
16282,92,unweighted,10,0.2695063694267516,0,19,None,66,1,5,False,1,1
16283,93,unweighted,10,0.2730891719745223,0,19,None,66,1,5,False,1,1
16284,94,unweighted,10,0.2779657643312102,0,19,None,66,1,5,False,1,1
16285,90,unweighted,10,0.2070063694267516,0,22,None,66,1,5,False,1,1
16286,91,unweighted,10,0.2085987261146497,0,22,None,66,1,5,False,1,1
16287,92,unweighted,10,0.2105891719745223,0,22,None,66,1,5,False,1,1
16288,93,unweighted,10,0.2118829617834395,0,22,None,66,1,5,False,1,1
16289,94,unweighted,10,0.2134753184713375,0,22,None,66,1,5,False,1,1
16290,90,unweighted,10,0.2685111464968153,0,6,None,66,1,5,False,1,1
16291,91,unweighted,10,0.2773686305732484,0,6,None,66,1,5,False,1,1
16292,92,unweighted,10,0.2826433121019108,0,6,None,66,1,5,False,1,1
16293,93,unweighted,10,0.2868232484076433,0,6,None,66,1,5,False,1,1
16294,94,unweighted,10,0.2929936305732484,0,6,None,66,1,5,False,1,1
16295,90,unweighted,10,0.2028264331210191,0,9,None,66,1,5,False,1,1
16296,91,unweighted,10,0.199343152866242,0,9,None,66,1,5,False,1,1
16297,92,unweighted,10,0.1987460191082802,0,9,None,66,1,5,False,1,1
16298,93,unweighted,10,0.1990445859872611,0,9,None,66,1,5,False,1,1
16299,94,unweighted,10,0.1996417197452229,0,9,None,66,1,5,False,1,1
16300,90,unweighted,10,0.2881170382165605,0,3,None,66,1,5,False,1,1
16301,91,unweighted,10,0.3088176751592357,0,3,None,66,1,5,False,1,1
16302,92,unweighted,10,0.3241441082802547,0,3,None,66,1,5,False,1,1
16303,93,unweighted,10,0.3347929936305732,0,3,None,66,1,5,False,1,1
16304,94,unweighted,10,0.3503184713375796,0,3,None,66,1,5,False,1,1
16305,90,unweighted,10,0.198546974522293,0,14,None,66,1,5,False,1,1
16306,91,unweighted,10,0.198546974522293,0,14,None,66,1,5,False,1,1
16307,92,unweighted,10,0.1984474522292993,0,14,None,66,1,5,False,1,1
16308,93,unweighted,10,0.1984474522292993,0,14,None,66,1,5,False,1,1
16309,94,unweighted,10,0.1984474522292993,0,14,None,66,1,5,False,1,1
16310,90,unweighted,10,0.3333996815286624,0,25,None,66,1,5,False,1,1
16311,91,unweighted,10,0.3350915605095541,0,25,None,66,1,5,False,1,1
16312,92,unweighted,10,0.3367834394904458,0,25,None,66,1,5,False,1,1
16313,93,unweighted,10,0.3405652866242038,0,25,None,66,1,5,False,1,1
16314,94,unweighted,10,0.3444466560509554,0,25,None,66,1,5,False,1,1
16315,90,unweighted,10,0.2021297770700637,0,29,None,66,1,5,False,1,1
16316,91,unweighted,10,0.2034235668789809,0,29,None,66,1,5,False,1,1
16317,92,unweighted,10,0.2701035031847134,0,29,None,66,1,5,False,1,1
16318,93,unweighted,10,0.198546974522293,0,29,None,66,1,5,False,1,1
16319,94,unweighted,10,0.198546974522293,0,29,None,66,1,5,False,1,1
16320,90,unweighted,10,0.2230294585987261,0,4,None,66,1,5,False,1,1
16321,91,unweighted,10,0.2293988853503184,0,4,None,66,1,5,False,1,1
16322,92,unweighted,10,0.2336783439490445,0,4,None,66,1,5,False,1,1
16323,93,unweighted,10,0.2385549363057325,0,4,None,66,1,5,False,1,1
16324,94,unweighted,10,0.2429339171974522,0,4,None,66,1,5,False,1,1
16325,90,unweighted,10,0.2348726114649681,0,0,None,66,1,5,False,1,1
16326,91,unweighted,10,0.2340764331210191,0,0,None,66,1,5,False,1,1
16327,92,unweighted,10,0.2338773885350318,0,0,None,66,1,5,False,1,1
16328,93,unweighted,10,0.2336783439490445,0,0,None,66,1,5,False,1,1
16329,94,unweighted,10,0.2338773885350318,0,0,None,66,1,5,False,1,1
16330,90,unweighted,10,0.199343152866242,0,23,None,66,1,5,False,1,1
16331,91,unweighted,10,0.1990445859872611,0,23,None,66,1,5,False,1,1
16332,92,unweighted,10,0.1988455414012739,0,23,None,66,1,5,False,1,1
16333,93,unweighted,10,0.1988455414012739,0,23,None,66,1,5,False,1,1
16334,94,unweighted,10,0.1995421974522293,0,23,None,66,1,5,False,1,1
19470,95,unweighted,10,0.1991441082802547,0,2,None,66,1,5,False,1,1
19471,96,unweighted,10,0.1996417197452229,0,2,None,66,1,5,False,1,1
19472,97,unweighted,10,0.2003383757961783,0,2,None,66,1,5,False,1,1
19473,98,unweighted,10,0.20203025477707,0,2,None,66,1,5,False,1,1
19474,99,unweighted,10,0.2510947452229299,0,2,None,66,1,5,False,1,1
19475,95,unweighted,10,0.246218152866242,0,13,None,66,1,5,False,1,1
19476,96,unweighted,10,0.2509952229299363,0,13,None,66,1,5,False,1,1
19477,97,unweighted,10,0.2620421974522293,0,13,None,66,1,5,False,1,1
19478,98,unweighted,10,0.2870222929936306,0,13,None,66,1,5,False,1,1
19479,99,unweighted,10,0.3209593949044586,0,13,None,66,1,5,False,1,1
19480,95,unweighted,10,0.2779657643312102,0,15,None,66,1,5,False,1,1
19481,96,unweighted,10,0.3000597133757962,0,15,None,66,1,5,False,1,1
19482,97,unweighted,10,0.3474323248407643,0,15,None,66,1,5,False,1,1
19483,98,unweighted,10,0.3901273885350318,0,15,None,66,1,5,False,1,1
19484,99,unweighted,10,0.4131170382165605,0,15,None,66,1,5,False,1,1
19485,95,unweighted,10,0.3161823248407643,0,10,None,66,1,5,False,1,1
19486,96,unweighted,10,0.383359872611465,0,10,None,66,1,5,False,1,1
19487,97,unweighted,10,0.3283240445859872,0,10,None,66,1,5,False,1,1
19488,98,unweighted,10,0.3093152866242038,0,10,None,66,1,5,False,1,1
19489,99,unweighted,10,0.3047372611464968,0,10,None,66,1,5,False,1,1
19490,95,unweighted,10,0.2936902866242038,0,16,None,66,1,5,False,1,1
19491,96,unweighted,10,0.3124004777070063,0,16,None,66,1,5,False,1,1
19492,97,unweighted,10,0.3293192675159235,0,16,None,66,1,5,False,1,1
19493,98,unweighted,10,0.3455414012738853,0,16,None,66,1,5,False,1,1
19494,99,unweighted,10,0.363953025477707,0,16,None,66,1,5,False,1,1
19495,95,unweighted,10,0.3205613057324841,0,11,None,66,1,5,False,1,1
19496,96,unweighted,10,0.3309116242038216,0,11,None,66,1,5,False,1,1
19497,97,unweighted,10,0.3322054140127388,0,11,None,66,1,5,False,1,1
19498,98,unweighted,10,0.3333001592356688,0,11,None,66,1,5,False,1,1
19499,99,unweighted,10,0.3485270700636942,0,11,None,66,1,5,False,1,1
19500,95,unweighted,10,0.2194466560509554,0,22,None,66,1,5,False,1,1
19501,96,unweighted,10,0.2239251592356688,0,22,None,66,1,5,False,1,1
19502,97,unweighted,10,0.2300955414012739,0,22,None,66,1,5,False,1,1
19503,98,unweighted,10,0.2338773885350318,0,22,None,66,1,5,False,1,1
19504,99,unweighted,10,0.2387539808917197,0,22,None,66,1,5,False,1,1
19505,95,unweighted,10,0.2164609872611465,0,23,None,66,1,5,False,1,1
19506,96,unweighted,10,0.2078025477707006,0,23,None,66,1,5,False,1,1
19507,97,unweighted,10,0.2131767515923567,0,23,None,66,1,5,False,1,1
19508,98,unweighted,10,0.2970740445859872,0,23,None,66,1,5,False,1,1
19509,99,unweighted,10,0.3280254777070063,0,23,None,66,1,5,False,1,1
19510,95,unweighted,10,0.3700238853503185,0,17,None,66,1,5,False,1,1
19511,96,unweighted,10,0.3686305732484076,0,17,None,66,1,5,False,1,1
19512,97,unweighted,10,0.372014331210191,0,17,None,66,1,5,False,1,1
19513,98,unweighted,10,0.3755971337579618,0,17,None,66,1,5,False,1,1
19514,99,unweighted,10,0.3837579617834395,0,17,None,66,1,5,False,1,1
19515,95,unweighted,10,0.3539012738853503,0,25,None,66,1,5,False,1,1
19516,96,unweighted,10,0.3479299363057325,0,25,None,66,1,5,False,1,1
19517,97,unweighted,10,0.3421576433121019,0,25,None,66,1,5,False,1,1
19518,98,unweighted,10,0.3402667197452229,0,25,None,66,1,5,False,1,1
19519,99,unweighted,10,0.34375,0,25,None,66,1,5,False,1,1
19520,95,unweighted,10,0.2653264331210191,0,24,None,66,1,5,False,1,1
19521,96,unweighted,10,0.2474124203821656,0,24,None,66,1,5,False,1,1
19522,97,unweighted,10,0.2535828025477707,0,24,None,66,1,5,False,1,1
19523,98,unweighted,10,0.265625,0,24,None,66,1,5,False,1,1
19524,99,unweighted,10,0.2758757961783439,0,24,None,66,1,5,False,1,1
19525,95,unweighted,10,0.2697054140127388,0,28,None,66,1,5,False,1,1
19526,96,unweighted,10,0.3105095541401274,0,28,None,66,1,5,False,1,1
19527,97,unweighted,10,0.3520103503184713,0,28,None,66,1,5,False,1,1
19528,98,unweighted,10,0.3398686305732484,0,28,None,66,1,5,False,1,1
19529,99,unweighted,10,0.3257364649681528,0,28,None,66,1,5,False,1,1
19530,95,unweighted,10,0.2772691082802547,0,29,None,66,1,5,False,1,1
19531,96,unweighted,10,0.206608280254777,0,29,None,66,1,5,False,1,1
19532,97,unweighted,10,0.2024283439490445,0,29,None,66,1,5,False,1,1
19533,98,unweighted,10,0.2045183121019108,0,29,None,66,1,5,False,1,1
19534,99,unweighted,10,0.2093949044585987,0,29,None,66,1,5,False,1,1
19535,95,unweighted,10,0.2265127388535031,0,9,None,66,1,5,False,1,1
19536,96,unweighted,10,0.2223328025477707,0,9,None,66,1,5,False,1,1
19537,97,unweighted,10,0.2232285031847133,0,9,None,66,1,5,False,1,1
19538,98,unweighted,10,0.2328821656050955,0,9,None,66,1,5,False,1,1
19539,99,unweighted,10,0.251890923566879,0,9,None,66,1,5,False,1,1
19540,95,unweighted,10,0.2663216560509554,0,31,None,66,1,5,False,1,1
19541,96,unweighted,10,0.2614450636942675,0,31,None,66,1,5,False,1,1
19542,97,unweighted,10,0.2619426751592357,0,31,None,66,1,5,False,1,1
19543,98,unweighted,10,0.2665207006369426,0,31,None,66,1,5,False,1,1
19544,99,unweighted,10,0.2715963375796178,0,31,None,66,1,5,False,1,1
19545,95,unweighted,10,0.3505175159235669,0,27,None,66,1,5,False,1,1
19546,96,unweighted,10,0.3644506369426751,0,27,None,66,1,5,False,1,1
19547,97,unweighted,10,0.3459394904458598,0,27,None,66,1,5,False,1,1
19548,98,unweighted,10,0.3575835987261146,0,27,None,66,1,5,False,1,1
19549,99,unweighted,10,0.3856488853503185,0,27,None,66,1,5,False,1,1
19550,95,unweighted,10,0.2354697452229299,0,32,None,66,1,5,False,1,1
19551,96,unweighted,10,0.2365644904458598,0,32,None,66,1,5,False,1,1
19552,97,unweighted,10,0.2410429936305732,0,32,None,66,1,5,False,1,1
19553,98,unweighted,10,0.2487062101910828,0,32,None,66,1,5,False,1,1
19554,99,unweighted,10,0.2544785031847134,0,32,None,66,1,5,False,1,1
19555,95,unweighted,10,0.2708996815286624,0,1,None,66,1,5,False,1,1
19556,96,unweighted,10,0.2906050955414013,0,1,None,66,1,5,False,1,1
19557,97,unweighted,10,0.2991640127388535,0,1,None,66,1,5,False,1,1
19558,98,unweighted,10,0.305234872611465,0,1,None,66,1,5,False,1,1
19559,99,unweighted,10,0.3150875796178344,0,1,None,66,1,5,False,1,1
19560,95,unweighted,10,0.2555732484076433,0,0,None,66,1,5,False,1,1
19561,96,unweighted,10,0.2558718152866242,0,0,None,66,1,5,False,1,1
19562,97,unweighted,10,0.2547770700636942,0,0,None,66,1,5,False,1,1
19563,98,unweighted,10,0.2544785031847134,0,0,None,66,1,5,False,1,1
19564,99,unweighted,10,0.2565684713375796,0,0,None,66,1,5,False,1,1
19565,95,unweighted,10,0.2249203821656051,0,5,None,66,1,5,False,1,1
19566,96,unweighted,10,0.2049164012738853,0,5,None,66,1,5,False,1,1
19567,97,unweighted,10,0.2083001592356688,0,5,None,66,1,5,False,1,1
19568,98,unweighted,10,0.2128781847133758,0,5,None,66,1,5,False,1,1
19569,99,unweighted,10,0.2220342356687898,0,5,None,66,1,5,False,1,1
19570,95,unweighted,10,0.2868232484076433,0,6,None,66,1,5,False,1,1
19571,96,unweighted,10,0.2984673566878981,0,6,None,66,1,5,False,1,1
19572,97,unweighted,10,0.3782842356687898,0,6,None,66,1,5,False,1,1
19573,98,unweighted,10,0.3899283439490446,0,6,None,66,1,5,False,1,1
19574,99,unweighted,10,0.3660429936305732,0,6,None,66,1,5,False,1,1
19575,95,unweighted,10,0.279359076433121,0,7,None,66,1,5,False,1,1
19576,96,unweighted,10,0.298765923566879,0,7,None,66,1,5,False,1,1
19577,97,unweighted,10,0.3435509554140127,0,7,None,66,1,5,False,1,1
19578,98,unweighted,10,0.3088176751592357,0,7,None,66,1,5,False,1,1
19579,99,unweighted,10,0.2947850318471338,0,7,None,66,1,5,False,1,1
19580,95,unweighted,10,0.2962778662420382,0,12,None,66,1,5,False,1,1
19581,96,unweighted,10,0.3234474522292994,0,12,None,66,1,5,False,1,1
19582,97,unweighted,10,0.3404657643312102,0,12,None,66,1,5,False,1,1
19583,98,unweighted,10,0.3497213375796178,0,12,None,66,1,5,False,1,1
19584,99,unweighted,10,0.3538017515923566,0,12,None,66,1,5,False,1,1
19585,95,unweighted,10,0.1986464968152866,0,14,None,66,1,5,False,1,1
19586,96,unweighted,10,0.1984474522292993,0,14,None,66,1,5,False,1,1
19587,97,unweighted,10,0.1984474522292993,0,14,None,66,1,5,False,1,1
19588,98,unweighted,10,0.198546974522293,0,14,None,66,1,5,False,1,1
19589,99,unweighted,10,0.1986464968152866,0,14,None,66,1,5,False,1,1
19590,95,unweighted,10,0.2259156050955414,0,26,None,66,1,5,False,1,1
19591,96,unweighted,10,0.2608479299363057,0,26,None,66,1,5,False,1,1
19592,97,unweighted,10,0.2718949044585987,0,26,None,66,1,5,False,1,1
19593,98,unweighted,10,0.234375,0,26,None,66,1,5,False,1,1
19594,99,unweighted,10,0.2457205414012739,0,26,None,66,1,5,False,1,1
19595,95,unweighted,10,0.3698248407643312,0,30,None,66,1,5,False,1,1
19596,96,unweighted,10,0.37390525477707,0,30,None,66,1,5,False,1,1
19597,97,unweighted,10,0.3778861464968153,0,30,None,66,1,5,False,1,1
19598,98,unweighted,10,0.3799761146496815,0,30,None,66,1,5,False,1,1
19599,99,unweighted,10,0.3817675159235669,0,30,None,66,1,5,False,1,1
19600,95,unweighted,10,0.2830414012738853,0,8,None,66,1,5,False,1,1
19601,96,unweighted,10,0.272890127388535,0,8,None,66,1,5,False,1,1
19602,97,unweighted,10,0.244327229299363,0,8,None,66,1,5,False,1,1
19603,98,unweighted,10,0.2251194267515923,0,8,None,66,1,5,False,1,1
19604,99,unweighted,10,0.214968152866242,0,8,None,66,1,5,False,1,1
19605,95,unweighted,10,0.2807523885350318,0,18,None,66,1,5,False,1,1
19606,96,unweighted,10,0.2802547770700637,0,18,None,66,1,5,False,1,1
19607,97,unweighted,10,0.2923964968152866,0,18,None,66,1,5,False,1,1
19608,98,unweighted,10,0.3037420382165605,0,18,None,66,1,5,False,1,1
19609,99,unweighted,10,0.3148885350318471,0,18,None,66,1,5,False,1,1
19610,95,unweighted,10,0.3203622611464968,0,21,None,66,1,5,False,1,1
19611,96,unweighted,10,0.3526074840764331,0,21,None,66,1,5,False,1,1
19612,97,unweighted,10,0.3622611464968153,0,21,None,66,1,5,False,1,1
19613,98,unweighted,10,0.3763933121019108,0,21,None,66,1,5,False,1,1
19614,99,unweighted,10,0.395999203821656,0,21,None,66,1,5,False,1,1
19615,95,unweighted,10,0.2838375796178344,0,19,None,66,1,5,False,1,1
19616,96,unweighted,10,0.2996616242038216,0,19,None,66,1,5,False,1,1
19617,97,unweighted,10,0.3338972929936306,0,19,None,66,1,5,False,1,1
19618,98,unweighted,10,0.3458399681528662,0,19,None,66,1,5,False,1,1
19619,99,unweighted,10,0.351015127388535,0,19,None,66,1,5,False,1,1
19620,95,unweighted,10,0.2506966560509554,0,4,None,66,1,5,False,1,1
19621,96,unweighted,10,0.2600517515923566,0,4,None,66,1,5,False,1,1
19622,97,unweighted,10,0.2659235668789809,0,4,None,66,1,5,False,1,1
19623,98,unweighted,10,0.272890127388535,0,4,None,66,1,5,False,1,1
19624,99,unweighted,10,0.2756767515923566,0,4,None,66,1,5,False,1,1
19625,95,unweighted,10,0.3409633757961783,0,3,None,66,1,5,False,1,1
19626,96,unweighted,10,0.3633558917197452,0,3,None,66,1,5,False,1,1
19627,97,unweighted,10,0.4001791401273885,0,3,None,66,1,5,False,1,1
19628,98,unweighted,10,0.4112261146496815,0,3,None,66,1,5,False,1,1
19629,99,unweighted,10,0.4150079617834395,0,3,None,66,1,5,False,1,1
19630,95,unweighted,10,0.2569665605095541,0,20,None,66,1,5,False,1,1
19631,96,unweighted,10,0.2631369426751592,0,20,None,66,1,5,False,1,1
19632,97,unweighted,10,0.2757762738853503,0,20,None,66,1,5,False,1,1
19633,98,unweighted,10,0.2927945859872611,0,20,None,66,1,5,False,1,1
19634,99,unweighted,10,0.3103105095541401,0,20,None,66,1,5,False,1,1
19635,100,unweighted,10,0.2848328025477707,0,31,None,66,1,5,False,1,1
19636,101,unweighted,10,0.2837380573248407,0,31,None,66,1,5,False,1,1
19637,102,unweighted,10,0.2835390127388535,0,31,None,66,1,5,False,1,1
19638,103,unweighted,10,0.2838375796178344,0,31,None,66,1,5,False,1,1
19639,104,unweighted,10,0.2905055732484076,0,31,None,66,1,5,False,1,1
19640,100,unweighted,10,0.3999800955414013,0,18,None,66,1,5,False,1,1
19641,101,unweighted,10,0.3829617834394904,0,18,None,66,1,5,False,1,1
19642,102,unweighted,10,0.3825636942675159,0,18,None,66,1,5,False,1,1
19643,103,unweighted,10,0.3783837579617834,0,18,None,66,1,5,False,1,1
19644,104,unweighted,10,0.3644506369426751,0,18,None,66,1,5,False,1,1
19645,100,unweighted,10,0.2733877388535032,0,8,None,66,1,5,False,1,1
19646,101,unweighted,10,0.2865246815286624,0,8,None,66,1,5,False,1,1
19647,102,unweighted,10,0.3121019108280254,0,8,None,66,1,5,False,1,1
19648,103,unweighted,10,0.3139928343949044,0,8,None,66,1,5,False,1,1
19649,104,unweighted,10,0.3286226114649681,0,8,None,66,1,5,False,1,1
19650,100,unweighted,10,0.3787818471337579,0,30,None,66,1,5,False,1,1
19651,101,unweighted,10,0.3810708598726114,0,30,None,66,1,5,False,1,1
19652,102,unweighted,10,0.3818670382165605,0,30,None,66,1,5,False,1,1
19653,103,unweighted,10,0.382265127388535,0,30,None,66,1,5,False,1,1
19654,104,unweighted,10,0.3831608280254777,0,30,None,66,1,5,False,1,1
19655,100,unweighted,10,0.3853503184713376,0,20,None,66,1,5,False,1,1
19656,101,unweighted,10,0.393312101910828,0,20,None,66,1,5,False,1,1
19657,102,unweighted,10,0.3973925159235669,0,20,None,66,1,5,False,1,1
19658,103,unweighted,10,0.3990843949044586,0,20,None,66,1,5,False,1,1
19659,104,unweighted,10,0.4006767515923566,0,20,None,66,1,5,False,1,1
19660,100,unweighted,10,0.2543789808917197,0,22,None,66,1,5,False,1,1
19661,101,unweighted,10,0.2600517515923566,0,22,None,66,1,5,False,1,1
19662,102,unweighted,10,0.2662221337579618,0,22,None,66,1,5,False,1,1
19663,103,unweighted,10,0.2764729299363057,0,22,None,66,1,5,False,1,1
19664,104,unweighted,10,0.3542993630573248,0,22,None,66,1,5,False,1,1
19665,100,unweighted,10,0.3035429936305732,0,23,None,66,1,5,False,1,1
19666,101,unweighted,10,0.3626592356687898,0,23,None,66,1,5,False,1,1
19667,102,unweighted,10,0.3011544585987261,0,23,None,66,1,5,False,1,1
19668,103,unweighted,10,0.2914012738853503,0,23,None,66,1,5,False,1,1
19669,104,unweighted,10,0.2908041401273885,0,23,None,66,1,5,False,1,1
19670,100,unweighted,10,0.2792595541401274,0,4,None,66,1,5,False,1,1
19671,101,unweighted,10,0.2824442675159235,0,4,None,66,1,5,False,1,1
19672,102,unweighted,10,0.2882165605095541,0,4,None,66,1,5,False,1,1
19673,103,unweighted,10,0.3317078025477707,0,4,None,66,1,5,False,1,1
19674,104,unweighted,10,0.3596735668789809,0,4,None,66,1,5,False,1,1
19675,100,unweighted,10,0.2869227707006369,0,2,None,66,1,5,False,1,1
19676,101,unweighted,10,0.355593152866242,0,2,None,66,1,5,False,1,1
19677,102,unweighted,10,0.3455414012738853,0,2,None,66,1,5,False,1,1
19678,103,unweighted,10,0.3408638535031847,0,2,None,66,1,5,False,1,1
19679,104,unweighted,10,0.34375,0,2,None,66,1,5,False,1,1
19680,100,unweighted,10,0.2404458598726114,0,5,None,66,1,5,False,1,1
19681,101,unweighted,10,0.2581608280254777,0,5,None,66,1,5,False,1,1
19682,102,unweighted,10,0.2724920382165605,0,5,None,66,1,5,False,1,1
19683,103,unweighted,10,0.2811504777070063,0,5,None,66,1,5,False,1,1
19684,104,unweighted,10,0.2862261146496815,0,5,None,66,1,5,False,1,1
19685,100,unweighted,10,0.3543988853503185,0,7,None,66,1,5,False,1,1
19686,101,unweighted,10,0.330015923566879,0,7,None,66,1,5,False,1,1
19687,102,unweighted,10,0.3275278662420382,0,7,None,66,1,5,False,1,1
19688,103,unweighted,10,0.337281050955414,0,7,None,66,1,5,False,1,1
19689,104,unweighted,10,0.3542993630573248,0,7,None,66,1,5,False,1,1
19690,100,unweighted,10,0.3985867834394904,0,16,None,66,1,5,False,1,1
19691,101,unweighted,10,0.4115246815286624,0,16,None,66,1,5,False,1,1
19692,102,unweighted,10,0.4240644904458598,0,16,None,66,1,5,False,1,1
19693,103,unweighted,10,0.4326234076433121,0,16,None,66,1,5,False,1,1
19694,104,unweighted,10,0.4367038216560509,0,16,None,66,1,5,False,1,1
19695,100,unweighted,10,0.2711982484076433,0,32,None,66,1,5,False,1,1
19696,101,unweighted,10,0.2722929936305732,0,32,None,66,1,5,False,1,1
19697,102,unweighted,10,0.2750796178343949,0,32,None,66,1,5,False,1,1
19698,103,unweighted,10,0.28015525477707,0,32,None,66,1,5,False,1,1
19699,104,unweighted,10,0.3211584394904458,0,32,None,66,1,5,False,1,1
19700,100,unweighted,10,0.2119824840764331,0,14,None,66,1,5,False,1,1
19701,101,unweighted,10,0.1988455414012739,0,14,None,66,1,5,False,1,1
19702,102,unweighted,10,0.1984474522292993,0,14,None,66,1,5,False,1,1
19703,103,unweighted,10,0.1983479299363057,0,14,None,66,1,5,False,1,1
19704,104,unweighted,10,0.1982484076433121,0,14,None,66,1,5,False,1,1
19705,100,unweighted,10,0.4029657643312102,0,12,None,66,1,5,False,1,1
19706,101,unweighted,10,0.409733280254777,0,12,None,66,1,5,False,1,1
19707,102,unweighted,10,0.4027667197452229,0,12,None,66,1,5,False,1,1
19708,103,unweighted,10,0.395999203821656,0,12,None,66,1,5,False,1,1
19709,104,unweighted,10,0.3930135350318471,0,12,None,66,1,5,False,1,1
19710,100,unweighted,10,0.3828622611464968,0,6,None,66,1,5,False,1,1
19711,101,unweighted,10,0.3671377388535032,0,6,None,66,1,5,False,1,1
19712,102,unweighted,10,0.3674363057324841,0,6,None,66,1,5,False,1,1
19713,103,unweighted,10,0.368531050955414,0,6,None,66,1,5,False,1,1
19714,104,unweighted,10,0.368531050955414,0,6,None,66,1,5,False,1,1
19715,100,unweighted,10,0.3589769108280254,0,13,None,66,1,5,False,1,1
19716,101,unweighted,10,0.3642515923566879,0,13,None,66,1,5,False,1,1
19717,102,unweighted,10,0.3678343949044586,0,13,None,66,1,5,False,1,1
19718,103,unweighted,10,0.3702229299363057,0,13,None,66,1,5,False,1,1
19719,104,unweighted,10,0.375,0,13,None,66,1,5,False,1,1
19720,100,unweighted,10,0.3560907643312102,0,25,None,66,1,5,False,1,1
19721,101,unweighted,10,0.350218949044586,0,25,None,66,1,5,False,1,1
19722,102,unweighted,10,0.3621616242038216,0,25,None,66,1,5,False,1,1
19723,103,unweighted,10,0.4003781847133758,0,25,None,66,1,5,False,1,1
19724,104,unweighted,10,0.4098328025477707,0,25,None,66,1,5,False,1,1
19725,100,unweighted,10,0.2916998407643312,0,26,None,66,1,5,False,1,1
19726,101,unweighted,10,0.2902070063694267,0,26,None,66,1,5,False,1,1
19727,102,unweighted,10,0.2937898089171974,0,26,None,66,1,5,False,1,1
19728,103,unweighted,10,0.3018511146496815,0,26,None,66,1,5,False,1,1
19729,104,unweighted,10,0.3210589171974522,0,26,None,66,1,5,False,1,1
19730,100,unweighted,10,0.3883359872611465,0,10,None,66,1,5,False,1,1
19731,101,unweighted,10,0.3870421974522293,0,10,None,66,1,5,False,1,1
19732,102,unweighted,10,0.3778861464968153,0,10,None,66,1,5,False,1,1
19733,103,unweighted,10,0.3707205414012738,0,10,None,66,1,5,False,1,1
19734,104,unweighted,10,0.3721138535031847,0,10,None,66,1,5,False,1,1
19735,100,unweighted,10,0.3862460191082802,0,15,None,66,1,5,False,1,1
19736,101,unweighted,10,0.4197850318471338,0,15,None,66,1,5,False,1,1
19737,102,unweighted,10,0.4500398089171974,0,15,None,66,1,5,False,1,1
19738,103,unweighted,10,0.4638734076433121,0,15,None,66,1,5,False,1,1
19739,104,unweighted,10,0.4717356687898089,0,15,None,66,1,5,False,1,1
19740,100,unweighted,10,0.3232484076433121,0,11,None,66,1,5,False,1,1
19741,101,unweighted,10,0.3421576433121019,0,11,None,66,1,5,False,1,1
19742,102,unweighted,10,0.3564888535031847,0,11,None,66,1,5,False,1,1
19743,103,unweighted,10,0.3644506369426751,0,11,None,66,1,5,False,1,1
19744,104,unweighted,10,0.3695262738853503,0,11,None,66,1,5,False,1,1
19745,100,unweighted,10,0.2981687898089172,0,28,None,66,1,5,False,1,1
19746,101,unweighted,10,0.3029458598726114,0,28,None,66,1,5,False,1,1
19747,102,unweighted,10,0.3066281847133758,0,28,None,66,1,5,False,1,1
19748,103,unweighted,10,0.313296178343949,0,28,None,66,1,5,False,1,1
19749,104,unweighted,10,0.3187699044585987,0,28,None,66,1,5,False,1,1
19750,100,unweighted,10,0.4357085987261146,0,3,None,66,1,5,False,1,1
19751,101,unweighted,10,0.4590963375796178,0,3,None,66,1,5,False,1,1
19752,102,unweighted,10,0.4716361464968153,0,3,None,66,1,5,False,1,1
19753,103,unweighted,10,0.4809912420382166,0,3,None,66,1,5,False,1,1
19754,104,unweighted,10,0.4841759554140127,0,3,None,66,1,5,False,1,1
19755,100,unweighted,10,0.2510947452229299,0,29,None,66,1,5,False,1,1
19756,101,unweighted,10,0.2614450636942675,0,29,None,66,1,5,False,1,1
19757,102,unweighted,10,0.2663216560509554,0,29,None,66,1,5,False,1,1
19758,103,unweighted,10,0.2707006369426751,0,29,None,66,1,5,False,1,1
19759,104,unweighted,10,0.2730891719745223,0,29,None,66,1,5,False,1,1
19760,100,unweighted,10,0.3163813694267516,0,9,None,66,1,5,False,1,1
19761,101,unweighted,10,0.3083200636942675,0,9,None,66,1,5,False,1,1
19762,102,unweighted,10,0.2983678343949044,0,9,None,66,1,5,False,1,1
19763,103,unweighted,10,0.293093152866242,0,9,None,66,1,5,False,1,1
19764,104,unweighted,10,0.2880175159235669,0,9,None,66,1,5,False,1,1
19765,100,unweighted,10,0.3179737261146497,0,1,None,66,1,5,False,1,1
19766,101,unweighted,10,0.322452229299363,0,1,None,66,1,5,False,1,1
19767,102,unweighted,10,0.3271297770700637,0,1,None,66,1,5,False,1,1
19768,103,unweighted,10,0.3303144904458598,0,1,None,66,1,5,False,1,1
19769,104,unweighted,10,0.3324044585987261,0,1,None,66,1,5,False,1,1
19770,100,unweighted,10,0.3259355095541401,0,19,None,66,1,5,False,1,1
19771,101,unweighted,10,0.3530055732484076,0,19,None,66,1,5,False,1,1
19772,102,unweighted,10,0.3809713375796178,0,19,None,66,1,5,False,1,1
19773,103,unweighted,10,0.4118232484076433,0,19,None,66,1,5,False,1,1
19774,104,unweighted,10,0.432921974522293,0,19,None,66,1,5,False,1,1
19775,100,unweighted,10,0.2750796178343949,0,0,None,66,1,5,False,1,1
19776,101,unweighted,10,0.2740843949044586,0,0,None,66,1,5,False,1,1
19777,102,unweighted,10,0.2792595541401274,0,0,None,66,1,5,False,1,1
19778,103,unweighted,10,0.2966759554140127,0,0,None,66,1,5,False,1,1
19779,104,unweighted,10,0.3204617834394904,0,0,None,66,1,5,False,1,1
19780,100,unweighted,10,0.3827627388535032,0,17,None,66,1,5,False,1,1
19781,101,unweighted,10,0.4125199044585987,0,17,None,66,1,5,False,1,1
19782,102,unweighted,10,0.445859872611465,0,17,None,66,1,5,False,1,1
19783,103,unweighted,10,0.4637738853503185,0,17,None,66,1,5,False,1,1
19784,104,unweighted,10,0.470640923566879,0,17,None,66,1,5,False,1,1
19785,100,unweighted,10,0.3937101910828025,0,21,None,66,1,5,False,1,1
19786,101,unweighted,10,0.4102308917197452,0,21,None,66,1,5,False,1,1
19787,102,unweighted,10,0.418093152866242,0,21,None,66,1,5,False,1,1
19788,103,unweighted,10,0.4244625796178344,0,21,None,66,1,5,False,1,1
19789,104,unweighted,10,0.4281449044585987,0,21,None,66,1,5,False,1,1
19790,100,unweighted,10,0.2697054140127388,0,24,None,66,1,5,False,1,1
19791,101,unweighted,10,0.2665207006369426,0,24,None,66,1,5,False,1,1
19792,102,unweighted,10,0.2727906050955414,0,24,None,66,1,5,False,1,1
19793,103,unweighted,10,0.279359076433121,0,24,None,66,1,5,False,1,1
19794,104,unweighted,10,0.2860270700636942,0,24,None,66,1,5,False,1,1
19795,100,unweighted,10,0.3929140127388535,0,27,None,66,1,5,False,1,1
19796,101,unweighted,10,0.4206807324840764,0,27,None,66,1,5,False,1,1
19797,102,unweighted,10,0.4079418789808917,0,27,None,66,1,5,False,1,1
19798,103,unweighted,10,0.4145103503184713,0,27,None,66,1,5,False,1,1
19799,104,unweighted,10,0.4222730891719745,0,27,None,66,1,5,False,1,1
23265,105,unweighted,10,0.2865246815286624,0,5,None,66,1,5,False,1,1
23266,106,unweighted,10,0.2863256369426751,0,5,None,66,1,5,False,1,1
23267,107,unweighted,10,0.2919984076433121,0,5,None,66,1,5,False,1,1
23268,108,unweighted,10,0.2964769108280254,0,5,None,66,1,5,False,1,1
23269,109,unweighted,10,0.3013535031847134,0,5,None,66,1,5,False,1,1
23270,105,unweighted,10,0.4054538216560509,0,13,None,66,1,5,False,1,1
23271,106,unweighted,10,0.4144108280254777,0,13,None,66,1,5,False,1,1
23272,107,unweighted,10,0.418889331210191,0,13,None,66,1,5,False,1,1
23273,108,unweighted,10,0.421875,0,13,None,66,1,5,False,1,1
23274,109,unweighted,10,0.4262539808917197,0,13,None,66,1,5,False,1,1
23275,105,unweighted,10,0.4453622611464968,0,16,None,66,1,5,False,1,1
23276,106,unweighted,10,0.4444665605095541,0,16,None,66,1,5,False,1,1
23277,107,unweighted,10,0.4348128980891719,0,16,None,66,1,5,False,1,1
23278,108,unweighted,10,0.4388933121019108,0,16,None,66,1,5,False,1,1
23279,109,unweighted,10,0.444765127388535,0,16,None,66,1,5,False,1,1
23280,105,unweighted,10,0.3713176751592357,0,8,None,66,1,5,False,1,1
23281,106,unweighted,10,0.3707205414012738,0,8,None,66,1,5,False,1,1
23282,107,unweighted,10,0.3715167197452229,0,8,None,66,1,5,False,1,1
23283,108,unweighted,10,0.3680334394904458,0,8,None,66,1,5,False,1,1
23284,109,unweighted,10,0.3600716560509554,0,8,None,66,1,5,False,1,1
23285,105,unweighted,10,0.4000796178343949,0,20,None,66,1,5,False,1,1
23286,106,unweighted,10,0.4011743630573248,0,20,None,66,1,5,False,1,1
23287,107,unweighted,10,0.4036624203821656,0,20,None,66,1,5,False,1,1
23288,108,unweighted,10,0.4058519108280254,0,20,None,66,1,5,False,1,1
23289,109,unweighted,10,0.4078423566878981,0,20,None,66,1,5,False,1,1
23290,105,unweighted,10,0.4444665605095541,0,19,None,66,1,5,False,1,1
23291,106,unweighted,10,0.4523288216560509,0,19,None,66,1,5,False,1,1
23292,107,unweighted,10,0.4597929936305732,0,19,None,66,1,5,False,1,1
23293,108,unweighted,10,0.4654657643312102,0,19,None,66,1,5,False,1,1
23294,109,unweighted,10,0.4717356687898089,0,19,None,66,1,5,False,1,1
23295,105,unweighted,10,0.37390525477707,0,22,None,66,1,5,False,1,1
23296,106,unweighted,10,0.3980891719745223,0,22,None,66,1,5,False,1,1
23297,107,unweighted,10,0.3799761146496815,0,22,None,66,1,5,False,1,1
23298,108,unweighted,10,0.3714171974522293,0,22,None,66,1,5,False,1,1
23299,109,unweighted,10,0.3809713375796178,0,22,None,66,1,5,False,1,1
23300,105,unweighted,10,0.2184514331210191,0,14,None,66,1,5,False,1,1
23301,106,unweighted,10,0.2083001592356688,0,14,None,66,1,5,False,1,1
23302,107,unweighted,10,0.2313893312101911,0,14,None,66,1,5,False,1,1
23303,108,unweighted,10,0.2482085987261146,0,14,None,66,1,5,False,1,1
23304,109,unweighted,10,0.2549761146496815,0,14,None,66,1,5,False,1,1
23305,105,unweighted,10,0.3763933121019108,0,23,None,66,1,5,False,1,1
23306,106,unweighted,10,0.3249402866242038,0,23,None,66,1,5,False,1,1
23307,107,unweighted,10,0.317874203821656,0,23,None,66,1,5,False,1,1
23308,108,unweighted,10,0.3212579617834395,0,23,None,66,1,5,False,1,1
23309,109,unweighted,10,0.328125,0,23,None,66,1,5,False,1,1
23310,105,unweighted,10,0.4313296178343949,0,21,None,66,1,5,False,1,1
23311,106,unweighted,10,0.4338176751592357,0,21,None,66,1,5,False,1,1
23312,107,unweighted,10,0.4352109872611465,0,21,None,66,1,5,False,1,1
23313,108,unweighted,10,0.4372014331210191,0,21,None,66,1,5,False,1,1
23314,109,unweighted,10,0.438296178343949,0,21,None,66,1,5,False,1,1
23315,105,unweighted,10,0.416202229299363,0,25,None,66,1,5,False,1,1
23316,106,unweighted,10,0.4217754777070063,0,25,None,66,1,5,False,1,1
23317,107,unweighted,10,0.4136146496815286,0,25,None,66,1,5,False,1,1
23318,108,unweighted,10,0.4109275477707006,0,25,None,66,1,5,False,1,1
23319,109,unweighted,10,0.4094347133757962,0,25,None,66,1,5,False,1,1
23320,105,unweighted,10,0.3260350318471338,0,26,None,66,1,5,False,1,1
23321,106,unweighted,10,0.3461385350318471,0,26,None,66,1,5,False,1,1
23322,107,unweighted,10,0.3643511146496815,0,26,None,66,1,5,False,1,1
23323,108,unweighted,10,0.3808718152866242,0,26,None,66,1,5,False,1,1
23324,109,unweighted,10,0.3912221337579618,0,26,None,66,1,5,False,1,1
23325,105,unweighted,10,0.3938097133757962,0,12,None,66,1,5,False,1,1
23326,106,unweighted,10,0.4260549363057325,0,12,None,66,1,5,False,1,1
23327,107,unweighted,10,0.477906050955414,0,12,None,66,1,5,False,1,1
23328,108,unweighted,10,0.496218152866242,0,12,None,66,1,5,False,1,1
23329,109,unweighted,10,0.503781847133758,0,12,None,66,1,5,False,1,1
23330,105,unweighted,10,0.2713972929936306,0,24,None,66,1,5,False,1,1
23331,106,unweighted,10,0.2735867834394904,0,24,None,66,1,5,False,1,1
23332,107,unweighted,10,0.2768710191082802,0,24,None,66,1,5,False,1,1
23333,108,unweighted,10,0.2797571656050955,0,24,None,66,1,5,False,1,1
23334,109,unweighted,10,0.2825437898089172,0,24,None,66,1,5,False,1,1
23335,105,unweighted,10,0.2732882165605095,0,29,None,66,1,5,False,1,1
23336,106,unweighted,10,0.2730891719745223,0,29,None,66,1,5,False,1,1
23337,107,unweighted,10,0.2730891719745223,0,29,None,66,1,5,False,1,1
23338,108,unweighted,10,0.2734872611464968,0,29,None,66,1,5,False,1,1
23339,109,unweighted,10,0.273984872611465,0,29,None,66,1,5,False,1,1
23340,105,unweighted,10,0.3295183121019108,0,9,None,66,1,5,False,1,1
23341,106,unweighted,10,0.3123009554140127,0,9,None,66,1,5,False,1,1
23342,107,unweighted,10,0.3047372611464968,0,9,None,66,1,5,False,1,1
23343,108,unweighted,10,0.3053343949044586,0,9,None,66,1,5,False,1,1
23344,109,unweighted,10,0.3088176751592357,0,9,None,66,1,5,False,1,1
23345,105,unweighted,10,0.3823646496815286,0,30,None,66,1,5,False,1,1
23346,106,unweighted,10,0.3830613057324841,0,30,None,66,1,5,False,1,1
23347,107,unweighted,10,0.3837579617834395,0,30,None,66,1,5,False,1,1
23348,108,unweighted,10,0.384156050955414,0,30,None,66,1,5,False,1,1
23349,109,unweighted,10,0.3859474522292994,0,30,None,66,1,5,False,1,1
23350,105,unweighted,10,0.3758957006369426,0,6,None,66,1,5,False,1,1
23351,106,unweighted,10,0.3701234076433121,0,6,None,66,1,5,False,1,1
23352,107,unweighted,10,0.3697253184713376,0,6,None,66,1,5,False,1,1
23353,108,unweighted,10,0.3708200636942675,0,6,None,66,1,5,False,1,1
23354,109,unweighted,10,0.3732085987261146,0,6,None,66,1,5,False,1,1
23355,105,unweighted,10,0.4219745222929936,0,18,None,66,1,5,False,1,1
23356,106,unweighted,10,0.4080414012738853,0,18,None,66,1,5,False,1,1
23357,107,unweighted,10,0.4060509554140127,0,18,None,66,1,5,False,1,1
23358,108,unweighted,10,0.4092356687898089,0,18,None,66,1,5,False,1,1
23359,109,unweighted,10,0.4128184713375796,0,18,None,66,1,5,False,1,1
23360,105,unweighted,10,0.4130175159235669,0,27,None,66,1,5,False,1,1
23361,106,unweighted,10,0.4261544585987261,0,27,None,66,1,5,False,1,1
23362,107,unweighted,10,0.4317277070063694,0,27,None,66,1,5,False,1,1
23363,108,unweighted,10,0.4374004777070063,0,27,None,66,1,5,False,1,1
23364,109,unweighted,10,0.4461584394904458,0,27,None,66,1,5,False,1,1
23365,105,unweighted,10,0.2860270700636942,0,31,None,66,1,5,False,1,1
23366,106,unweighted,10,0.2854299363057325,0,31,None,66,1,5,False,1,1
23367,107,unweighted,10,0.2894108280254777,0,31,None,66,1,5,False,1,1
23368,108,unweighted,10,0.3333001592356688,0,31,None,66,1,5,False,1,1
23369,109,unweighted,10,0.3499203821656051,0,31,None,66,1,5,False,1,1
23370,105,unweighted,10,0.3669386942675159,0,32,None,66,1,5,False,1,1
23371,106,unweighted,10,0.3687300955414013,0,32,None,66,1,5,False,1,1
23372,107,unweighted,10,0.3686305732484076,0,32,None,66,1,5,False,1,1
23373,108,unweighted,10,0.3696257961783439,0,32,None,66,1,5,False,1,1
23374,109,unweighted,10,0.3717157643312102,0,32,None,66,1,5,False,1,1
23375,105,unweighted,10,0.4179936305732484,0,7,None,66,1,5,False,1,1
23376,106,unweighted,10,0.411624203821656,0,7,None,66,1,5,False,1,1
23377,107,unweighted,10,0.4211783439490446,0,7,None,66,1,5,False,1,1
23378,108,unweighted,10,0.4339171974522293,0,7,None,66,1,5,False,1,1
23379,109,unweighted,10,0.4481488853503185,0,7,None,66,1,5,False,1,1
23380,105,unweighted,10,0.3335987261146497,0,1,None,66,1,5,False,1,1
23381,106,unweighted,10,0.3346934713375796,0,1,None,66,1,5,False,1,1
23382,107,unweighted,10,0.3356886942675159,0,1,None,66,1,5,False,1,1
23383,108,unweighted,10,0.3359872611464968,0,1,None,66,1,5,False,1,1
23384,109,unweighted,10,0.3367834394904458,0,1,None,66,1,5,False,1,1
23385,105,unweighted,10,0.3551950636942675,0,2,None,66,1,5,False,1,1
23386,106,unweighted,10,0.3479299363057325,0,2,None,66,1,5,False,1,1
23387,107,unweighted,10,0.3530055732484076,0,2,None,66,1,5,False,1,1
23388,108,unweighted,10,0.3608678343949044,0,2,None,66,1,5,False,1,1
23389,109,unweighted,10,0.3690286624203822,0,2,None,66,1,5,False,1,1
23390,105,unweighted,10,0.4506369426751592,0,15,None,66,1,5,False,1,1
23391,106,unweighted,10,0.464968152866242,0,15,None,66,1,5,False,1,1
23392,107,unweighted,10,0.4796974522292994,0,15,None,66,1,5,False,1,1
23393,108,unweighted,10,0.4933320063694267,0,15,None,66,1,5,False,1,1
23394,109,unweighted,10,0.5014928343949044,0,15,None,66,1,5,False,1,1
23395,105,unweighted,10,0.3742038216560509,0,4,None,66,1,5,False,1,1
23396,106,unweighted,10,0.3766918789808917,0,4,None,66,1,5,False,1,1
23397,107,unweighted,10,0.3775875796178344,0,4,None,66,1,5,False,1,1
23398,108,unweighted,10,0.3785828025477707,0,4,None,66,1,5,False,1,1
23399,109,unweighted,10,0.3796775477707006,0,4,None,66,1,5,False,1,1
23400,105,unweighted,10,0.4120222929936306,0,10,None,66,1,5,False,1,1
23401,106,unweighted,10,0.3969944267515923,0,10,None,66,1,5,False,1,1
23402,107,unweighted,10,0.3981886942675159,0,10,None,66,1,5,False,1,1
23403,108,unweighted,10,0.4036624203821656,0,10,None,66,1,5,False,1,1
23404,109,unweighted,10,0.4088375796178344,0,10,None,66,1,5,False,1,1
23405,105,unweighted,10,0.3486265923566879,0,11,None,66,1,5,False,1,1
23406,106,unweighted,10,0.3642515923566879,0,11,None,66,1,5,False,1,1
23407,107,unweighted,10,0.3750995222929936,0,11,None,66,1,5,False,1,1
23408,108,unweighted,10,0.3785828025477707,0,11,None,66,1,5,False,1,1
23409,109,unweighted,10,0.3819665605095541,0,11,None,66,1,5,False,1,1
23410,105,unweighted,10,0.4697452229299363,0,17,None,66,1,5,False,1,1
23411,106,unweighted,10,0.4737261146496815,0,17,None,66,1,5,False,1,1
23412,107,unweighted,10,0.4731289808917197,0,17,None,66,1,5,False,1,1
23413,108,unweighted,10,0.4743232484076433,0,17,None,66,1,5,False,1,1
23414,109,unweighted,10,0.4749203821656051,0,17,None,66,1,5,False,1,1
23415,105,unweighted,10,0.3631568471337579,0,0,None,66,1,5,False,1,1
23416,106,unweighted,10,0.3633558917197452,0,0,None,66,1,5,False,1,1
23417,107,unweighted,10,0.3641520700636942,0,0,None,66,1,5,False,1,1
23418,108,unweighted,10,0.3654458598726114,0,0,None,66,1,5,False,1,1
23419,109,unweighted,10,0.3670382165605095,0,0,None,66,1,5,False,1,1
23420,105,unweighted,10,0.4992038216560509,0,3,None,66,1,5,False,1,1
23421,106,unweighted,10,0.5003980891719745,0,3,None,66,1,5,False,1,1
23422,107,unweighted,10,0.4965167197452229,0,3,None,66,1,5,False,1,1
23423,108,unweighted,10,0.4934315286624204,0,3,None,66,1,5,False,1,1
23424,109,unweighted,10,0.4906449044585987,0,3,None,66,1,5,False,1,1
23425,105,unweighted,10,0.2996616242038216,0,28,None,66,1,5,False,1,1
23426,106,unweighted,10,0.3291202229299363,0,28,None,66,1,5,False,1,1
23427,107,unweighted,10,0.3509156050955414,0,28,None,66,1,5,False,1,1
23428,108,unweighted,10,0.3625597133757962,0,28,None,66,1,5,False,1,1
23429,109,unweighted,10,0.3700238853503185,0,28,None,66,1,5,False,1,1
23430,110,unweighted,10,0.3358877388535032,0,1,None,66,1,5,False,1,1
23431,111,unweighted,10,0.3363853503184713,0,1,None,66,1,5,False,1,1
23432,112,unweighted,10,0.3397691082802547,0,1,None,66,1,5,False,1,1
23433,113,unweighted,10,0.3485270700636942,0,1,None,66,1,5,False,1,1
23434,114,unweighted,10,0.3788813694267516,0,1,None,66,1,5,False,1,1
23435,110,unweighted,10,0.4383957006369426,0,21,None,66,1,5,False,1,1
23436,111,unweighted,10,0.4395899681528662,0,21,None,66,1,5,False,1,1
23437,112,unweighted,10,0.440983280254777,0,21,None,66,1,5,False,1,1
23438,113,unweighted,10,0.4422770700636942,0,21,None,66,1,5,False,1,1
23439,114,unweighted,10,0.4426751592356688,0,21,None,66,1,5,False,1,1
23440,110,unweighted,10,0.3703224522292994,0,23,None,66,1,5,False,1,1
23441,111,unweighted,10,0.3507165605095541,0,23,None,66,1,5,False,1,1
23442,112,unweighted,10,0.3516122611464968,0,23,None,66,1,5,False,1,1
23443,113,unweighted,10,0.3546974522292994,0,23,None,66,1,5,False,1,1
23444,114,unweighted,10,0.3578821656050955,0,23,None,66,1,5,False,1,1
23445,110,unweighted,10,0.3659434713375796,0,28,None,66,1,5,False,1,1
23446,111,unweighted,10,0.3742038216560509,0,28,None,66,1,5,False,1,1
23447,112,unweighted,10,0.3794785031847134,0,28,None,66,1,5,False,1,1
23448,113,unweighted,10,0.383359872611465,0,28,None,66,1,5,False,1,1
23449,114,unweighted,10,0.3861464968152866,0,28,None,66,1,5,False,1,1
23450,110,unweighted,10,0.2733877388535032,0,29,None,66,1,5,False,1,1
23451,111,unweighted,10,0.2736863057324841,0,29,None,66,1,5,False,1,1
23452,112,unweighted,10,0.2745820063694267,0,29,None,66,1,5,False,1,1
23453,113,unweighted,10,0.2775676751592357,0,29,None,66,1,5,False,1,1
23454,114,unweighted,10,0.2834394904458598,0,29,None,66,1,5,False,1,1
23455,110,unweighted,10,0.3358877388535032,0,9,None,66,1,5,False,1,1
23456,111,unweighted,10,0.3280254777070063,0,9,None,66,1,5,False,1,1
23457,112,unweighted,10,0.3442476114649681,0,9,None,66,1,5,False,1,1
23458,113,unweighted,10,0.3710191082802547,0,9,None,66,1,5,False,1,1
23459,114,unweighted,10,0.3869426751592357,0,9,None,66,1,5,False,1,1
23460,110,unweighted,10,0.4762141719745223,0,16,None,66,1,5,False,1,1
23461,111,unweighted,10,0.4716361464968153,0,16,None,66,1,5,False,1,1
23462,112,unweighted,10,0.4840764331210191,0,16,None,66,1,5,False,1,1
23463,113,unweighted,10,0.4986066878980891,0,16,None,66,1,5,False,1,1
23464,114,unweighted,10,0.5148288216560509,0,16,None,66,1,5,False,1,1
23465,110,unweighted,10,0.4662619426751592,0,7,None,66,1,5,False,1,1
23466,111,unweighted,10,0.4720342356687898,0,7,None,66,1,5,False,1,1
23467,112,unweighted,10,0.4821855095541401,0,7,None,66,1,5,False,1,1
23468,113,unweighted,10,0.4901472929936306,0,7,None,66,1,5,False,1,1
23469,114,unweighted,10,0.4972133757961783,0,7,None,66,1,5,False,1,1
23470,110,unweighted,10,0.3721138535031847,0,32,None,66,1,5,False,1,1
23471,111,unweighted,10,0.3762937898089172,0,32,None,66,1,5,False,1,1
23472,112,unweighted,10,0.3840565286624204,0,32,None,66,1,5,False,1,1
23473,113,unweighted,10,0.3903264331210191,0,32,None,66,1,5,False,1,1
23474,114,unweighted,10,0.3944068471337579,0,32,None,66,1,5,False,1,1
23475,110,unweighted,10,0.4780055732484076,0,15,None,66,1,5,False,1,1
23476,111,unweighted,10,0.5006966560509554,0,15,None,66,1,5,False,1,1
23477,112,unweighted,10,0.512937898089172,0,15,None,66,1,5,False,1,1
23478,113,unweighted,10,0.519406847133758,0,15,None,66,1,5,False,1,1
23479,114,unweighted,10,0.5215963375796179,0,15,None,66,1,5,False,1,1
23480,110,unweighted,10,0.4182921974522293,0,10,None,66,1,5,False,1,1
23481,111,unweighted,10,0.4174960191082802,0,10,None,66,1,5,False,1,1
23482,112,unweighted,10,0.4205812101910828,0,10,None,66,1,5,False,1,1
23483,113,unweighted,10,0.4231687898089172,0,10,None,66,1,5,False,1,1
23484,114,unweighted,10,0.4262539808917197,0,10,None,66,1,5,False,1,1
23485,110,unweighted,10,0.4239649681528662,0,13,None,66,1,5,False,1,1
23486,111,unweighted,10,0.428343949044586,0,13,None,66,1,5,False,1,1
23487,112,unweighted,10,0.4327229299363057,0,13,None,66,1,5,False,1,1
23488,113,unweighted,10,0.4436703821656051,0,13,None,66,1,5,False,1,1
23489,114,unweighted,10,0.4583996815286624,0,13,None,66,1,5,False,1,1
23490,110,unweighted,10,0.5016918789808917,0,12,None,66,1,5,False,1,1
23491,111,unweighted,10,0.508359872611465,0,12,None,66,1,5,False,1,1
23492,112,unweighted,10,0.505672770700637,0,12,None,66,1,5,False,1,1
23493,113,unweighted,10,0.5059713375796179,0,12,None,66,1,5,False,1,1
23494,114,unweighted,10,0.5096536624203821,0,12,None,66,1,5,False,1,1
23495,110,unweighted,10,0.4270501592356688,0,25,None,66,1,5,False,1,1
23496,111,unweighted,10,0.4182921974522293,0,25,None,66,1,5,False,1,1
23497,112,unweighted,10,0.4111265923566879,0,25,None,66,1,5,False,1,1
23498,113,unweighted,10,0.4104299363057325,0,25,None,66,1,5,False,1,1
23499,114,unweighted,10,0.4118232484076433,0,25,None,66,1,5,False,1,1
23500,110,unweighted,10,0.3892316878980891,0,26,None,66,1,5,False,1,1
23501,111,unweighted,10,0.3888335987261146,0,26,None,66,1,5,False,1,1
23502,112,unweighted,10,0.4000796178343949,0,26,None,66,1,5,False,1,1
23503,113,unweighted,10,0.4088375796178344,0,26,None,66,1,5,False,1,1
23504,114,unweighted,10,0.4189888535031847,0,26,None,66,1,5,False,1,1
23505,110,unweighted,10,0.3512141719745223,0,11,None,66,1,5,False,1,1
23506,111,unweighted,10,0.3662420382165605,0,11,None,66,1,5,False,1,1
23507,112,unweighted,10,0.3778861464968153,0,11,None,66,1,5,False,1,1
23508,113,unweighted,10,0.3853503184713376,0,11,None,66,1,5,False,1,1
23509,114,unweighted,10,0.3922173566878981,0,11,None,66,1,5,False,1,1
23510,110,unweighted,10,0.4724323248407643,0,17,None,66,1,5,False,1,1
23511,111,unweighted,10,0.4738256369426751,0,17,None,66,1,5,False,1,1
23512,112,unweighted,10,0.4751194267515923,0,17,None,66,1,5,False,1,1
23513,113,unweighted,10,0.477109872611465,0,17,None,66,1,5,False,1,1
23514,114,unweighted,10,0.4807921974522293,0,17,None,66,1,5,False,1,1
23515,110,unweighted,10,0.4037619426751592,0,8,None,66,1,5,False,1,1
23516,111,unweighted,10,0.4150079617834395,0,8,None,66,1,5,False,1,1
23517,112,unweighted,10,0.394108280254777,0,8,None,66,1,5,False,1,1
23518,113,unweighted,10,0.3927149681528662,0,8,None,66,1,5,False,1,1
23519,114,unweighted,10,0.3990843949044586,0,8,None,66,1,5,False,1,1
23520,110,unweighted,10,0.4175955414012738,0,18,None,66,1,5,False,1,1
23521,111,unweighted,10,0.4142117834394904,0,18,None,66,1,5,False,1,1
23522,112,unweighted,10,0.4189888535031847,0,18,None,66,1,5,False,1,1
23523,113,unweighted,10,0.4242635350318471,0,18,None,66,1,5,False,1,1
23524,114,unweighted,10,0.4311305732484076,0,18,None,66,1,5,False,1,1
23525,110,unweighted,10,0.4651671974522293,0,19,None,66,1,5,False,1,1
23526,111,unweighted,10,0.4696457006369426,0,19,None,66,1,5,False,1,1
23527,112,unweighted,10,0.4658638535031847,0,19,None,66,1,5,False,1,1
23528,113,unweighted,10,0.455812101910828,0,19,None,66,1,5,False,1,1
23529,114,unweighted,10,0.444765127388535,0,19,None,66,1,5,False,1,1
23530,110,unweighted,10,0.4119227707006369,0,20,None,66,1,5,False,1,1
23531,111,unweighted,10,0.4130175159235669,0,20,None,66,1,5,False,1,1
23532,112,unweighted,10,0.4145103503184713,0,20,None,66,1,5,False,1,1
23533,113,unweighted,10,0.4182921974522293,0,20,None,66,1,5,False,1,1
23534,114,unweighted,10,0.4219745222929936,0,20,None,66,1,5,False,1,1
23535,110,unweighted,10,0.2806528662420382,0,14,None,66,1,5,False,1,1
23536,111,unweighted,10,0.2603503184713376,0,14,None,66,1,5,False,1,1
23537,112,unweighted,10,0.2594546178343949,0,14,None,66,1,5,False,1,1
23538,113,unweighted,10,0.2597531847133758,0,14,None,66,1,5,False,1,1
23539,114,unweighted,10,0.2600517515923566,0,14,None,66,1,5,False,1,1
23540,110,unweighted,10,0.3777866242038216,0,4,None,66,1,5,False,1,1
23541,111,unweighted,10,0.3782842356687898,0,4,None,66,1,5,False,1,1
23542,112,unweighted,10,0.3794785031847134,0,4,None,66,1,5,False,1,1
23543,113,unweighted,10,0.3812699044585987,0,4,None,66,1,5,False,1,1
23544,114,unweighted,10,0.3829617834394904,0,4,None,66,1,5,False,1,1
23545,110,unweighted,10,0.4012738853503185,0,22,None,66,1,5,False,1,1
23546,111,unweighted,10,0.40515525477707,0,22,None,66,1,5,False,1,1
23547,112,unweighted,10,0.4223726114649681,0,22,None,66,1,5,False,1,1
23548,113,unweighted,10,0.4375,0,22,None,66,1,5,False,1,1
23549,114,unweighted,10,0.4460589171974522,0,22,None,66,1,5,False,1,1
23550,110,unweighted,10,0.3655453821656051,0,2,None,66,1,5,False,1,1
23551,111,unweighted,10,0.3695262738853503,0,2,None,66,1,5,False,1,1
23552,112,unweighted,10,0.3756966560509554,0,2,None,66,1,5,False,1,1
23553,113,unweighted,10,0.3863455414012738,0,2,None,66,1,5,False,1,1
23554,114,unweighted,10,0.3966958598726114,0,2,None,66,1,5,False,1,1
23555,110,unweighted,10,0.304140127388535,0,5,None,66,1,5,False,1,1
23556,111,unweighted,10,0.3086186305732484,0,5,None,66,1,5,False,1,1
23557,112,unweighted,10,0.3190684713375796,0,5,None,66,1,5,False,1,1
23558,113,unweighted,10,0.328125,0,5,None,66,1,5,False,1,1
23559,114,unweighted,10,0.335390127388535,0,5,None,66,1,5,False,1,1
23560,110,unweighted,10,0.4297372611464968,0,6,None,66,1,5,False,1,1
23561,111,unweighted,10,0.4363057324840764,0,6,None,66,1,5,False,1,1
23562,112,unweighted,10,0.442078025477707,0,6,None,66,1,5,False,1,1
23563,113,unweighted,10,0.4473527070063694,0,6,None,66,1,5,False,1,1
23564,114,unweighted,10,0.450139331210191,0,6,None,66,1,5,False,1,1
23565,110,unweighted,10,0.504578025477707,0,3,None,66,1,5,False,1,1
23566,111,unweighted,10,0.501890923566879,0,3,None,66,1,5,False,1,1
23567,112,unweighted,10,0.4991042993630573,0,3,None,66,1,5,False,1,1
23568,113,unweighted,10,0.4986066878980891,0,3,None,66,1,5,False,1,1
23569,114,unweighted,10,0.5002985668789809,0,3,None,66,1,5,False,1,1
23570,110,unweighted,10,0.2736863057324841,0,24,None,66,1,5,False,1,1
23571,111,unweighted,10,0.2753781847133758,0,24,None,66,1,5,False,1,1
23572,112,unweighted,10,0.2780652866242038,0,24,None,66,1,5,False,1,1
23573,113,unweighted,10,0.2795581210191082,0,24,None,66,1,5,False,1,1
23574,114,unweighted,10,0.2828423566878981,0,24,None,66,1,5,False,1,1
23575,110,unweighted,10,0.3691281847133758,0,0,None,66,1,5,False,1,1
23576,111,unweighted,10,0.3697253184713376,0,0,None,66,1,5,False,1,1
23577,112,unweighted,10,0.3736066878980891,0,0,None,66,1,5,False,1,1
23578,113,unweighted,10,0.384156050955414,0,0,None,66,1,5,False,1,1
23579,114,unweighted,10,0.3999800955414013,0,0,None,66,1,5,False,1,1
23580,110,unweighted,10,0.4507364649681528,0,27,None,66,1,5,False,1,1
23581,111,unweighted,10,0.4555135350318471,0,27,None,66,1,5,False,1,1
23582,112,unweighted,10,0.4562101910828025,0,27,None,66,1,5,False,1,1
23583,113,unweighted,10,0.4567078025477707,0,27,None,66,1,5,False,1,1
23584,114,unweighted,10,0.4579020700636942,0,27,None,66,1,5,False,1,1
23585,110,unweighted,10,0.3835589171974522,0,30,None,66,1,5,False,1,1
23586,111,unweighted,10,0.3888335987261146,0,30,None,66,1,5,False,1,1
23587,112,unweighted,10,0.3986863057324841,0,30,None,66,1,5,False,1,1
23588,113,unweighted,10,0.4088375796178344,0,30,None,66,1,5,False,1,1
23589,114,unweighted,10,0.4164012738853503,0,30,None,66,1,5,False,1,1
23590,110,unweighted,10,0.3136942675159235,0,31,None,66,1,5,False,1,1
23591,111,unweighted,10,0.3441480891719745,0,31,None,66,1,5,False,1,1
23592,112,unweighted,10,0.3565883757961783,0,31,None,66,1,5,False,1,1
23593,113,unweighted,10,0.3633558917197452,0,31,None,66,1,5,False,1,1
23594,114,unweighted,10,0.3676353503184713,0,31,None,66,1,5,False,1,1
27390,115,unweighted,10,0.4480493630573248,0,1,None,66,1,5,False,1,1
27391,116,unweighted,10,0.4552149681528662,0,1,None,66,1,5,False,1,1
27392,117,unweighted,10,0.464171974522293,0,1,None,66,1,5,False,1,1
27393,118,unweighted,10,0.4775079617834395,0,1,None,66,1,5,False,1,1
27394,119,unweighted,10,0.4942277070063694,0,1,None,66,1,5,False,1,1
27395,115,unweighted,10,0.391421178343949,0,2,None,66,1,5,False,1,1
27396,116,unweighted,10,0.4027667197452229,0,2,None,66,1,5,False,1,1
27397,117,unweighted,10,0.4122213375796178,0,2,None,66,1,5,False,1,1
27398,118,unweighted,10,0.4161027070063694,0,2,None,66,1,5,False,1,1
27399,119,unweighted,10,0.4185907643312102,0,2,None,66,1,5,False,1,1
27400,115,unweighted,10,0.3404657643312102,0,5,None,66,1,5,False,1,1
27401,116,unweighted,10,0.3432523885350318,0,5,None,66,1,5,False,1,1
27402,117,unweighted,10,0.3463375796178344,0,5,None,66,1,5,False,1,1
27403,118,unweighted,10,0.3517117834394904,0,5,None,66,1,5,False,1,1
27404,119,unweighted,10,0.3548964968152866,0,5,None,66,1,5,False,1,1
27405,115,unweighted,10,0.4607882165605095,0,13,None,66,1,5,False,1,1
27406,116,unweighted,10,0.4713375796178344,0,13,None,66,1,5,False,1,1
27407,117,unweighted,10,0.4794984076433121,0,13,None,66,1,5,False,1,1
27408,118,unweighted,10,0.4852707006369426,0,13,None,66,1,5,False,1,1
27409,119,unweighted,10,0.4903463375796178,0,13,None,66,1,5,False,1,1
27410,115,unweighted,10,0.5374203821656051,0,16,None,66,1,5,False,1,1
27411,116,unweighted,10,0.5401074840764332,0,16,None,66,1,5,False,1,1
27412,117,unweighted,10,0.5489649681528662,0,16,None,66,1,5,False,1,1
27413,118,unweighted,10,0.5580214968152867,0,16,None,66,1,5,False,1,1
27414,119,unweighted,10,0.5671775477707006,0,16,None,66,1,5,False,1,1
27415,115,unweighted,10,0.4419785031847134,0,8,None,66,1,5,False,1,1
27416,116,unweighted,10,0.4384952229299363,0,8,None,66,1,5,False,1,1
27417,117,unweighted,10,0.4193869426751592,0,8,None,66,1,5,False,1,1
27418,118,unweighted,10,0.4121218152866242,0,8,None,66,1,5,False,1,1
27419,119,unweighted,10,0.4156050955414013,0,8,None,66,1,5,False,1,1
27420,115,unweighted,10,0.4227707006369426,0,20,None,66,1,5,False,1,1
27421,116,unweighted,10,0.4252587579617834,0,20,None,66,1,5,False,1,1
27422,117,unweighted,10,0.4277468152866242,0,20,None,66,1,5,False,1,1
27423,118,unweighted,10,0.4313296178343949,0,20,None,66,1,5,False,1,1
27424,119,unweighted,10,0.433718152866242,0,20,None,66,1,5,False,1,1
27425,115,unweighted,10,0.4670581210191082,0,19,None,66,1,5,False,1,1
27426,116,unweighted,10,0.4523288216560509,0,19,None,66,1,5,False,1,1
27427,117,unweighted,10,0.4445660828025478,0,19,None,66,1,5,False,1,1
27428,118,unweighted,10,0.4449641719745223,0,19,None,66,1,5,False,1,1
27429,119,unweighted,10,0.4448646496815286,0,19,None,66,1,5,False,1,1
27430,115,unweighted,10,0.5269705414012739,0,22,None,66,1,5,False,1,1
27431,116,unweighted,10,0.5296576433121019,0,22,None,66,1,5,False,1,1
27432,117,unweighted,10,0.5334394904458599,0,22,None,66,1,5,False,1,1
27433,118,unweighted,10,0.5382165605095541,0,22,None,66,1,5,False,1,1
27434,119,unweighted,10,0.5397093949044586,0,22,None,66,1,5,False,1,1
27435,115,unweighted,10,0.4804936305732484,0,17,None,66,1,5,False,1,1
27436,116,unweighted,10,0.4829816878980891,0,17,None,66,1,5,False,1,1
27437,117,unweighted,10,0.485171178343949,0,17,None,66,1,5,False,1,1
27438,118,unweighted,10,0.4874601910828025,0,17,None,66,1,5,False,1,1
27439,119,unweighted,10,0.4904458598726114,0,17,None,66,1,5,False,1,1
27440,115,unweighted,10,0.4424761146496815,0,21,None,66,1,5,False,1,1
27441,116,unweighted,10,0.4434713375796178,0,21,None,66,1,5,False,1,1
27442,117,unweighted,10,0.4451632165605095,0,21,None,66,1,5,False,1,1
27443,118,unweighted,10,0.4456608280254777,0,21,None,66,1,5,False,1,1
27444,119,unweighted,10,0.4478503184713376,0,21,None,66,1,5,False,1,1
27445,115,unweighted,10,0.2743829617834395,0,24,None,66,1,5,False,1,1
27446,116,unweighted,10,0.2814490445859872,0,24,None,66,1,5,False,1,1
27447,117,unweighted,10,0.3051353503184713,0,24,None,66,1,5,False,1,1
27448,118,unweighted,10,0.3256369426751592,0,24,None,66,1,5,False,1,1
27449,119,unweighted,10,0.3360867834394904,0,24,None,66,1,5,False,1,1
27450,115,unweighted,10,0.3791799363057325,0,28,None,66,1,5,False,1,1
27451,116,unweighted,10,0.384156050955414,0,28,None,66,1,5,False,1,1
27452,117,unweighted,10,0.3863455414012738,0,28,None,66,1,5,False,1,1
27453,118,unweighted,10,0.3896297770700637,0,28,None,66,1,5,False,1,1
27454,119,unweighted,10,0.3924164012738853,0,28,None,66,1,5,False,1,1
27455,115,unweighted,10,0.4161027070063694,0,30,None,66,1,5,False,1,1
27456,116,unweighted,10,0.4228702229299363,0,30,None,66,1,5,False,1,1
27457,117,unweighted,10,0.4299363057324841,0,30,None,66,1,5,False,1,1
27458,118,unweighted,10,0.4340167197452229,0,30,None,66,1,5,False,1,1
27459,119,unweighted,10,0.4360071656050955,0,30,None,66,1,5,False,1,1
27460,115,unweighted,10,0.4362062101910828,0,18,None,66,1,5,False,1,1
27461,116,unweighted,10,0.4373009554140127,0,18,None,66,1,5,False,1,1
27462,117,unweighted,10,0.4418789808917197,0,18,None,66,1,5,False,1,1
27463,118,unweighted,10,0.445859872611465,0,18,None,66,1,5,False,1,1
27464,119,unweighted,10,0.4476512738853503,0,18,None,66,1,5,False,1,1
27465,115,unweighted,10,0.459593949044586,0,27,None,66,1,5,False,1,1
27466,116,unweighted,10,0.4611863057324841,0,27,None,66,1,5,False,1,1
27467,117,unweighted,10,0.4633757961783439,0,27,None,66,1,5,False,1,1
27468,118,unweighted,10,0.4658638535031847,0,27,None,66,1,5,False,1,1
27469,119,unweighted,10,0.4703423566878981,0,27,None,66,1,5,False,1,1
27470,115,unweighted,10,0.3961982484076433,0,31,None,66,1,5,False,1,1
27471,116,unweighted,10,0.3789808917197452,0,31,None,66,1,5,False,1,1
27472,117,unweighted,10,0.3844546178343949,0,31,None,66,1,5,False,1,1
27473,118,unweighted,10,0.3942078025477707,0,31,None,66,1,5,False,1,1
27474,119,unweighted,10,0.40625,0,31,None,66,1,5,False,1,1
27475,115,unweighted,10,0.3966958598726114,0,32,None,66,1,5,False,1,1
27476,116,unweighted,10,0.4012738853503185,0,32,None,66,1,5,False,1,1
27477,117,unweighted,10,0.4045581210191082,0,32,None,66,1,5,False,1,1
27478,118,unweighted,10,0.4077428343949044,0,32,None,66,1,5,False,1,1
27479,119,unweighted,10,0.410828025477707,0,32,None,66,1,5,False,1,1
27480,115,unweighted,10,0.4931329617834395,0,7,None,66,1,5,False,1,1
27481,116,unweighted,10,0.49890525477707,0,7,None,66,1,5,False,1,1
27482,117,unweighted,10,0.5051751592356688,0,7,None,66,1,5,False,1,1
27483,118,unweighted,10,0.5102507961783439,0,7,None,66,1,5,False,1,1
27484,119,unweighted,10,0.512937898089172,0,7,None,66,1,5,False,1,1
27485,115,unweighted,10,0.4274482484076433,0,10,None,66,1,5,False,1,1
27486,116,unweighted,10,0.4277468152866242,0,10,None,66,1,5,False,1,1
27487,117,unweighted,10,0.4298367834394904,0,10,None,66,1,5,False,1,1
27488,118,unweighted,10,0.4316281847133758,0,10,None,66,1,5,False,1,1
27489,119,unweighted,10,0.4346138535031847,0,10,None,66,1,5,False,1,1
27490,115,unweighted,10,0.3966958598726114,0,11,None,66,1,5,False,1,1
27491,116,unweighted,10,0.4040605095541401,0,11,None,66,1,5,False,1,1
27492,117,unweighted,10,0.4057523885350318,0,11,None,66,1,5,False,1,1
27493,118,unweighted,10,0.4076433121019108,0,11,None,66,1,5,False,1,1
27494,119,unweighted,10,0.4128184713375796,0,11,None,66,1,5,False,1,1
27495,115,unweighted,10,0.5055732484076433,0,15,None,66,1,5,False,1,1
27496,116,unweighted,10,0.5227906050955414,0,15,None,66,1,5,False,1,1
27497,117,unweighted,10,0.5264729299363057,0,15,None,66,1,5,False,1,1
27498,118,unweighted,10,0.5264729299363057,0,15,None,66,1,5,False,1,1
27499,119,unweighted,10,0.5265724522292994,0,15,None,66,1,5,False,1,1
27500,115,unweighted,10,0.4080414012738853,0,9,None,66,1,5,False,1,1
27501,116,unweighted,10,0.408140923566879,0,9,None,66,1,5,False,1,1
27502,117,unweighted,10,0.4111265923566879,0,9,None,66,1,5,False,1,1
27503,118,unweighted,10,0.4143113057324841,0,9,None,66,1,5,False,1,1
27504,119,unweighted,10,0.4173964968152866,0,9,None,66,1,5,False,1,1
27505,115,unweighted,10,0.2802547770700637,0,14,None,66,1,5,False,1,1
27506,116,unweighted,10,0.2612460191082802,0,14,None,66,1,5,False,1,1
27507,117,unweighted,10,0.2604498407643312,0,14,None,66,1,5,False,1,1
27508,118,unweighted,10,0.2602507961783439,0,14,None,66,1,5,False,1,1
27509,119,unweighted,10,0.2598527070063694,0,14,None,66,1,5,False,1,1
27510,115,unweighted,10,0.507265127388535,0,3,None,66,1,5,False,1,1
27511,116,unweighted,10,0.5052746815286624,0,3,None,66,1,5,False,1,1
27512,117,unweighted,10,0.5063694267515924,0,3,None,66,1,5,False,1,1
27513,118,unweighted,10,0.5076632165605095,0,3,None,66,1,5,False,1,1
27514,119,unweighted,10,0.508359872611465,0,3,None,66,1,5,False,1,1
27515,115,unweighted,10,0.40625,0,25,None,66,1,5,False,1,1
27516,116,unweighted,10,0.4074442675159235,0,25,None,66,1,5,False,1,1
27517,117,unweighted,10,0.409733280254777,0,25,None,66,1,5,False,1,1
27518,118,unweighted,10,0.4115246815286624,0,25,None,66,1,5,False,1,1
27519,119,unweighted,10,0.4132165605095541,0,25,None,66,1,5,False,1,1
27520,115,unweighted,10,0.338077229299363,0,29,None,66,1,5,False,1,1
27521,116,unweighted,10,0.3454418789808917,0,29,None,66,1,5,False,1,1
27522,117,unweighted,10,0.3501194267515923,0,29,None,66,1,5,False,1,1
27523,118,unweighted,10,0.3535031847133758,0,29,None,66,1,5,False,1,1
27524,119,unweighted,10,0.3553941082802547,0,29,None,66,1,5,False,1,1
27525,115,unweighted,10,0.3948049363057325,0,0,None,66,1,5,False,1,1
27526,116,unweighted,10,0.4071457006369426,0,0,None,66,1,5,False,1,1
27527,117,unweighted,10,0.4244625796178344,0,0,None,66,1,5,False,1,1
27528,118,unweighted,10,0.4427746815286624,0,0,None,66,1,5,False,1,1
27529,119,unweighted,10,0.4562101910828025,0,0,None,66,1,5,False,1,1
27530,115,unweighted,10,0.3771894904458598,0,4,None,66,1,5,False,1,1
27531,116,unweighted,10,0.3802746815286624,0,4,None,66,1,5,False,1,1
27532,117,unweighted,10,0.3829617834394904,0,4,None,66,1,5,False,1,1
27533,118,unweighted,10,0.384952229299363,0,4,None,66,1,5,False,1,1
27534,119,unweighted,10,0.3866441082802547,0,4,None,66,1,5,False,1,1
27535,115,unweighted,10,0.3844546178343949,0,23,None,66,1,5,False,1,1
27536,116,unweighted,10,0.3691281847133758,0,23,None,66,1,5,False,1,1
27537,117,unweighted,10,0.3696257961783439,0,23,None,66,1,5,False,1,1
27538,118,unweighted,10,0.3722133757961783,0,23,None,66,1,5,False,1,1
27539,119,unweighted,10,0.3762937898089172,0,23,None,66,1,5,False,1,1
27540,115,unweighted,10,0.5132364649681529,0,12,None,66,1,5,False,1,1
27541,116,unweighted,10,0.512937898089172,0,12,None,66,1,5,False,1,1
27542,117,unweighted,10,0.5136345541401274,0,12,None,66,1,5,False,1,1
27543,118,unweighted,10,0.5179140127388535,0,12,None,66,1,5,False,1,1
27544,119,unweighted,10,0.5222929936305732,0,12,None,66,1,5,False,1,1
27545,115,unweighted,10,0.4607882165605095,0,6,None,66,1,5,False,1,1
27546,116,unweighted,10,0.4570063694267516,0,6,None,66,1,5,False,1,1
27547,117,unweighted,10,0.4565087579617834,0,6,None,66,1,5,False,1,1
27548,118,unweighted,10,0.4568073248407643,0,6,None,66,1,5,False,1,1
27549,119,unweighted,10,0.4576035031847134,0,6,None,66,1,5,False,1,1
27550,115,unweighted,10,0.4240644904458598,0,26,None,66,1,5,False,1,1
27551,116,unweighted,10,0.4177945859872611,0,26,None,66,1,5,False,1,1
27552,117,unweighted,10,0.4217754777070063,0,26,None,66,1,5,False,1,1
27553,118,unweighted,10,0.430234872611465,0,26,None,66,1,5,False,1,1
27554,119,unweighted,10,0.433718152866242,0,26,None,66,1,5,False,1,1
27555,120,unweighted,10,0.4919386942675159,0,1,None,66,1,5,False,1,1
27556,121,unweighted,10,0.506468949044586,0,1,None,66,1,5,False,1,1
27557,122,unweighted,10,0.5217953821656051,0,1,None,66,1,5,False,1,1
27558,123,unweighted,10,0.5402070063694268,0,1,None,66,1,5,False,1,1
27559,124,unweighted,10,0.5426950636942676,0,1,None,66,1,5,False,1,1
27560,120,unweighted,10,0.4473527070063694,0,21,None,66,1,5,False,1,1
27561,121,unweighted,10,0.4492436305732484,0,21,None,66,1,5,False,1,1
27562,122,unweighted,10,0.4509355095541401,0,21,None,66,1,5,False,1,1
27563,123,unweighted,10,0.4527269108280254,0,21,None,66,1,5,False,1,1
27564,124,unweighted,10,0.4553144904458598,0,21,None,66,1,5,False,1,1
27565,120,unweighted,10,0.3576831210191082,0,29,None,66,1,5,False,1,1
27566,121,unweighted,10,0.3589769108280254,0,29,None,66,1,5,False,1,1
27567,122,unweighted,10,0.3597730891719745,0,29,None,66,1,5,False,1,1
27568,123,unweighted,10,0.3602707006369426,0,29,None,66,1,5,False,1,1
27569,124,unweighted,10,0.3606687898089172,0,29,None,66,1,5,False,1,1
27570,120,unweighted,10,0.4165007961783439,0,2,None,66,1,5,False,1,1
27571,121,unweighted,10,0.4197850318471338,0,2,None,66,1,5,False,1,1
27572,122,unweighted,10,0.4238654458598726,0,2,None,66,1,5,False,1,1
27573,123,unweighted,10,0.425358280254777,0,2,None,66,1,5,False,1,1
27574,124,unweighted,10,0.4275477707006369,0,2,None,66,1,5,False,1,1
27575,120,unweighted,10,0.5275676751592356,0,15,None,66,1,5,False,1,1
27576,121,unweighted,10,0.527468152866242,0,15,None,66,1,5,False,1,1
27577,122,unweighted,10,0.5268710191082803,0,15,None,66,1,5,False,1,1
27578,123,unweighted,10,0.5270700636942676,0,15,None,66,1,5,False,1,1
27579,124,unweighted,10,0.5265724522292994,0,15,None,66,1,5,False,1,1
27580,120,unweighted,10,0.3852507961783439,0,28,None,66,1,5,False,1,1
27581,121,unweighted,10,0.38953025477707,0,28,None,66,1,5,False,1,1
27582,122,unweighted,10,0.3924164012738853,0,28,None,66,1,5,False,1,1
27583,123,unweighted,10,0.3953025477707006,0,28,None,66,1,5,False,1,1
27584,124,unweighted,10,0.3979896496815286,0,28,None,66,1,5,False,1,1
27585,120,unweighted,10,0.4118232484076433,0,25,None,66,1,5,False,1,1
27586,121,unweighted,10,0.4123208598726114,0,25,None,66,1,5,False,1,1
27587,122,unweighted,10,0.4138136942675159,0,25,None,66,1,5,False,1,1
27588,123,unweighted,10,0.4151074840764331,0,25,None,66,1,5,False,1,1
27589,124,unweighted,10,0.4166998407643312,0,25,None,66,1,5,False,1,1
27590,120,unweighted,10,0.4572054140127388,0,26,None,66,1,5,False,1,1
27591,121,unweighted,10,0.4490445859872611,0,26,None,66,1,5,False,1,1
27592,122,unweighted,10,0.4472531847133758,0,26,None,66,1,5,False,1,1
27593,123,unweighted,10,0.447452229299363,0,26,None,66,1,5,False,1,1
27594,124,unweighted,10,0.4473527070063694,0,26,None,66,1,5,False,1,1
27595,120,unweighted,10,0.4052547770700637,0,5,None,66,1,5,False,1,1
27596,121,unweighted,10,0.3915207006369426,0,5,None,66,1,5,False,1,1
27597,122,unweighted,10,0.3756966560509554,0,5,None,66,1,5,False,1,1
27598,123,unweighted,10,0.3673367834394904,0,5,None,66,1,5,False,1,1
27599,124,unweighted,10,0.3663415605095541,0,5,None,66,1,5,False,1,1
27600,120,unweighted,10,0.4355095541401274,0,10,None,66,1,5,False,1,1
27601,121,unweighted,10,0.4365047770700637,0,10,None,66,1,5,False,1,1
27602,122,unweighted,10,0.438296178343949,0,10,None,66,1,5,False,1,1
27603,123,unweighted,10,0.4413813694267516,0,10,None,66,1,5,False,1,1
27604,124,unweighted,10,0.4434713375796178,0,10,None,66,1,5,False,1,1
27605,120,unweighted,10,0.392515923566879,0,23,None,66,1,5,False,1,1
27606,121,unweighted,10,0.387639331210191,0,23,None,66,1,5,False,1,1
27607,122,unweighted,10,0.3920183121019108,0,23,None,66,1,5,False,1,1
27608,123,unweighted,10,0.3965963375796178,0,23,None,66,1,5,False,1,1
27609,124,unweighted,10,0.4018710191082802,0,23,None,66,1,5,False,1,1
27610,120,unweighted,10,0.5676751592356688,0,16,None,66,1,5,False,1,1
27611,121,unweighted,10,0.5731488853503185,0,16,None,66,1,5,False,1,1
27612,122,unweighted,10,0.5789211783439491,0,16,None,66,1,5,False,1,1
27613,123,unweighted,10,0.5843949044585988,0,16,None,66,1,5,False,1,1
27614,124,unweighted,10,0.5890724522292994,0,16,None,66,1,5,False,1,1
27615,120,unweighted,10,0.5115445859872612,0,7,None,66,1,5,False,1,1
27616,121,unweighted,10,0.5148288216560509,0,7,None,66,1,5,False,1,1
27617,122,unweighted,10,0.518312101910828,0,7,None,66,1,5,False,1,1
27618,123,unweighted,10,0.5211982484076433,0,7,None,66,1,5,False,1,1
27619,124,unweighted,10,0.5245820063694268,0,7,None,66,1,5,False,1,1
27620,120,unweighted,10,0.4086385350318471,0,32,None,66,1,5,False,1,1
27621,121,unweighted,10,0.4113256369426751,0,32,None,66,1,5,False,1,1
27622,122,unweighted,10,0.414609872611465,0,32,None,66,1,5,False,1,1
27623,123,unweighted,10,0.4178941082802547,0,32,None,66,1,5,False,1,1
27624,124,unweighted,10,0.4204816878980891,0,32,None,66,1,5,False,1,1
27625,120,unweighted,10,0.2797571656050955,0,14,None,66,1,5,False,1,1
27626,121,unweighted,10,0.265625,0,14,None,66,1,5,False,1,1
27627,122,unweighted,10,0.2646297770700637,0,14,None,66,1,5,False,1,1
27628,123,unweighted,10,0.26453025477707,0,14,None,66,1,5,False,1,1
27629,124,unweighted,10,0.2644307324840764,0,14,None,66,1,5,False,1,1
27630,120,unweighted,10,0.4217754777070063,0,9,None,66,1,5,False,1,1
27631,121,unweighted,10,0.4206807324840764,0,9,None,66,1,5,False,1,1
27632,122,unweighted,10,0.422671178343949,0,9,None,66,1,5,False,1,1
27633,123,unweighted,10,0.4241640127388535,0,9,None,66,1,5,False,1,1
27634,124,unweighted,10,0.425358280254777,0,9,None,66,1,5,False,1,1
27635,120,unweighted,10,0.539609872611465,0,22,None,66,1,5,False,1,1
27636,121,unweighted,10,0.5465764331210191,0,22,None,66,1,5,False,1,1
27637,122,unweighted,10,0.5513535031847133,0,22,None,66,1,5,False,1,1
27638,123,unweighted,10,0.5536425159235668,0,22,None,66,1,5,False,1,1
27639,124,unweighted,10,0.5542396496815286,0,22,None,66,1,5,False,1,1
27640,120,unweighted,10,0.5140326433121019,0,27,None,66,1,5,False,1,1
27641,121,unweighted,10,0.517515923566879,0,27,None,66,1,5,False,1,1
27642,122,unweighted,10,0.5200039808917197,0,27,None,66,1,5,False,1,1
27643,123,unweighted,10,0.5226910828025477,0,27,None,66,1,5,False,1,1
27644,124,unweighted,10,0.5259753184713376,0,27,None,66,1,5,False,1,1
27645,120,unweighted,10,0.4370023885350318,0,30,None,66,1,5,False,1,1
27646,121,unweighted,10,0.4406847133757962,0,30,None,66,1,5,False,1,1
27647,122,unweighted,10,0.442874203821656,0,30,None,66,1,5,False,1,1
27648,123,unweighted,10,0.4479498407643312,0,30,None,66,1,5,False,1,1
27649,124,unweighted,10,0.4551154458598726,0,30,None,66,1,5,False,1,1
27650,120,unweighted,10,0.4788017515923566,0,6,None,66,1,5,False,1,1
27651,121,unweighted,10,0.4703423566878981,0,6,None,66,1,5,False,1,1
27652,122,unweighted,10,0.4703423566878981,0,6,None,66,1,5,False,1,1
27653,123,unweighted,10,0.4704418789808917,0,6,None,66,1,5,False,1,1
27654,124,unweighted,10,0.4710390127388535,0,6,None,66,1,5,False,1,1
27655,120,unweighted,10,0.4568073248407643,0,8,None,66,1,5,False,1,1
27656,121,unweighted,10,0.4619824840764331,0,8,None,66,1,5,False,1,1
27657,122,unweighted,10,0.4587977707006369,0,8,None,66,1,5,False,1,1
27658,123,unweighted,10,0.4484474522292994,0,8,None,66,1,5,False,1,1
27659,124,unweighted,10,0.4357085987261146,0,8,None,66,1,5,False,1,1
27660,120,unweighted,10,0.4492436305732484,0,18,None,66,1,5,False,1,1
27661,121,unweighted,10,0.4514331210191082,0,18,None,66,1,5,False,1,1
27662,122,unweighted,10,0.4547173566878981,0,18,None,66,1,5,False,1,1
27663,123,unweighted,10,0.457703025477707,0,18,None,66,1,5,False,1,1
27664,124,unweighted,10,0.4607882165605095,0,18,None,66,1,5,False,1,1
27665,120,unweighted,10,0.4444665605095541,0,19,None,66,1,5,False,1,1
27666,121,unweighted,10,0.4459593949044586,0,19,None,66,1,5,False,1,1
27667,122,unweighted,10,0.4459593949044586,0,19,None,66,1,5,False,1,1
27668,123,unweighted,10,0.4460589171974522,0,19,None,66,1,5,False,1,1
27669,124,unweighted,10,0.4470541401273885,0,19,None,66,1,5,False,1,1
27670,120,unweighted,10,0.4423765923566879,0,31,None,66,1,5,False,1,1
27671,121,unweighted,10,0.4426751592356688,0,31,None,66,1,5,False,1,1
27672,122,unweighted,10,0.446656050955414,0,31,None,66,1,5,False,1,1
27673,123,unweighted,10,0.4506369426751592,0,31,None,66,1,5,False,1,1
27674,124,unweighted,10,0.4538216560509554,0,31,None,66,1,5,False,1,1
27675,120,unweighted,10,0.4316281847133758,0,20,None,66,1,5,False,1,1
27676,121,unweighted,10,0.4346138535031847,0,20,None,66,1,5,False,1,1
27677,122,unweighted,10,0.4380971337579618,0,20,None,66,1,5,False,1,1
27678,123,unweighted,10,0.4413813694267516,0,20,None,66,1,5,False,1,1
27679,124,unweighted,10,0.4453622611464968,0,20,None,66,1,5,False,1,1
27680,120,unweighted,10,0.3777866242038216,0,4,None,66,1,5,False,1,1
27681,121,unweighted,10,0.3801751592356688,0,4,None,66,1,5,False,1,1
27682,122,unweighted,10,0.3828622611464968,0,4,None,66,1,5,False,1,1
27683,123,unweighted,10,0.3844546178343949,0,4,None,66,1,5,False,1,1
27684,124,unweighted,10,0.3862460191082802,0,4,None,66,1,5,False,1,1
27685,120,unweighted,10,0.5154259554140127,0,12,None,66,1,5,False,1,1
27686,121,unweighted,10,0.5189092356687898,0,12,None,66,1,5,False,1,1
27687,122,unweighted,10,0.5277667197452229,0,12,None,66,1,5,False,1,1
27688,123,unweighted,10,0.533140923566879,0,12,None,66,1,5,False,1,1
27689,124,unweighted,10,0.5379179936305732,0,12,None,66,1,5,False,1,1
27690,120,unweighted,10,0.4368033439490446,0,0,None,66,1,5,False,1,1
27691,121,unweighted,10,0.4535230891719745,0,0,None,66,1,5,False,1,1
27692,122,unweighted,10,0.4678542993630573,0,0,None,66,1,5,False,1,1
27693,123,unweighted,10,0.4769108280254777,0,0,None,66,1,5,False,1,1
27694,124,unweighted,10,0.4825835987261146,0,0,None,66,1,5,False,1,1
27695,120,unweighted,10,0.492734872611465,0,13,None,66,1,5,False,1,1
27696,121,unweighted,10,0.497014331210191,0,13,None,66,1,5,False,1,1
27697,122,unweighted,10,0.5000995222929936,0,13,None,66,1,5,False,1,1
27698,123,unweighted,10,0.5032842356687898,0,13,None,66,1,5,False,1,1
27699,124,unweighted,10,0.5061703821656051,0,13,None,66,1,5,False,1,1
27700,120,unweighted,10,0.4069466560509554,0,11,None,66,1,5,False,1,1
27701,121,unweighted,10,0.4212778662420382,0,11,None,66,1,5,False,1,1
27702,122,unweighted,10,0.4258558917197452,0,11,None,66,1,5,False,1,1
27703,123,unweighted,10,0.4258558917197452,0,11,None,66,1,5,False,1,1
27704,124,unweighted,10,0.4265525477707006,0,11,None,66,1,5,False,1,1
27705,120,unweighted,10,0.487858280254777,0,17,None,66,1,5,False,1,1
27706,121,unweighted,10,0.4899482484076433,0,17,None,66,1,5,False,1,1
27707,122,unweighted,10,0.4932324840764331,0,17,None,66,1,5,False,1,1
27708,123,unweighted,10,0.4968152866242038,0,17,None,66,1,5,False,1,1
27709,124,unweighted,10,0.4999004777070063,0,17,None,66,1,5,False,1,1
27710,120,unweighted,10,0.5097531847133758,0,3,None,66,1,5,False,1,1
27711,121,unweighted,10,0.5103503184713376,0,3,None,66,1,5,False,1,1
27712,122,unweighted,10,0.5112460191082803,0,3,None,66,1,5,False,1,1
27713,123,unweighted,10,0.5123407643312102,0,3,None,66,1,5,False,1,1
27714,124,unweighted,10,0.5132364649681529,0,3,None,66,1,5,False,1,1
27715,120,unweighted,10,0.3228503184713376,0,24,None,66,1,5,False,1,1
27716,121,unweighted,10,0.3352906050955414,0,24,None,66,1,5,False,1,1
27717,122,unweighted,10,0.3423566878980891,0,24,None,66,1,5,False,1,1
27718,123,unweighted,10,0.3476313694267516,0,24,None,66,1,5,False,1,1
27719,124,unweighted,10,0.3513136942675159,0,24,None,66,1,5,False,1,1
31845,125,unweighted,10,0.5303542993630573,0,1,None,66,1,5,False,1,1
31846,126,unweighted,10,0.5391122611464968,0,1,None,66,1,5,False,1,1
31847,127,unweighted,10,0.5488654458598726,0,1,None,66,1,5,False,1,1
31848,128,unweighted,10,0.5656847133757962,0,1,None,66,1,5,False,1,1
31849,129,unweighted,10,0.559812898089172,0,1,None,66,1,5,False,1,1
31850,125,unweighted,10,0.4262539808917197,0,2,None,66,1,5,False,1,1
31851,126,unweighted,10,0.4278463375796178,0,2,None,66,1,5,False,1,1
31852,127,unweighted,10,0.4295382165605095,0,2,None,66,1,5,False,1,1
31853,128,unweighted,10,0.4311305732484076,0,2,None,66,1,5,False,1,1
31854,129,unweighted,10,0.4339171974522293,0,2,None,66,1,5,False,1,1
31855,125,unweighted,10,0.457703025477707,0,5,None,66,1,5,False,1,1
31856,126,unweighted,10,0.4554140127388535,0,5,None,66,1,5,False,1,1
31857,127,unweighted,10,0.4575039808917197,0,5,None,66,1,5,False,1,1
31858,128,unweighted,10,0.4619824840764331,0,5,None,66,1,5,False,1,1
31859,129,unweighted,10,0.4654657643312102,0,5,None,66,1,5,False,1,1
31860,125,unweighted,10,0.4414808917197452,0,10,None,66,1,5,False,1,1
31861,126,unweighted,10,0.4436703821656051,0,10,None,66,1,5,False,1,1
31862,127,unweighted,10,0.4469546178343949,0,10,None,66,1,5,False,1,1
31863,128,unweighted,10,0.4511345541401274,0,10,None,66,1,5,False,1,1
31864,129,unweighted,10,0.4546178343949044,0,10,None,66,1,5,False,1,1
31865,125,unweighted,10,0.5282643312101911,0,15,None,66,1,5,False,1,1
31866,126,unweighted,10,0.5269705414012739,0,15,None,66,1,5,False,1,1
31867,127,unweighted,10,0.5265724522292994,0,15,None,66,1,5,False,1,1
31868,128,unweighted,10,0.5272691082802548,0,15,None,66,1,5,False,1,1
31869,129,unweighted,10,0.5279657643312102,0,15,None,66,1,5,False,1,1
31870,125,unweighted,10,0.5886743630573248,0,16,None,66,1,5,False,1,1
31871,126,unweighted,10,0.5932523885350318,0,16,None,66,1,5,False,1,1
31872,127,unweighted,10,0.596437101910828,0,16,None,66,1,5,False,1,1
31873,128,unweighted,10,0.5988256369426752,0,16,None,66,1,5,False,1,1
31874,129,unweighted,10,0.6031050955414012,0,16,None,66,1,5,False,1,1
31875,125,unweighted,10,0.4388933121019108,0,11,None,66,1,5,False,1,1
31876,126,unweighted,10,0.4462579617834395,0,11,None,66,1,5,False,1,1
31877,127,unweighted,10,0.4459593949044586,0,11,None,66,1,5,False,1,1
31878,128,unweighted,10,0.4470541401273885,0,11,None,66,1,5,False,1,1
31879,129,unweighted,10,0.4452627388535032,0,11,None,66,1,5,False,1,1
31880,125,unweighted,10,0.4424761146496815,0,20,None,66,1,5,False,1,1
31881,126,unweighted,10,0.4459593949044586,0,20,None,66,1,5,False,1,1
31882,127,unweighted,10,0.4495421974522293,0,20,None,66,1,5,False,1,1
31883,128,unweighted,10,0.453921178343949,0,20,None,66,1,5,False,1,1
31884,129,unweighted,10,0.4606886942675159,0,20,None,66,1,5,False,1,1
31885,125,unweighted,10,0.2836385350318471,0,14,None,66,1,5,False,1,1
31886,126,unweighted,10,0.272093949044586,0,14,None,66,1,5,False,1,1
31887,127,unweighted,10,0.270203025477707,0,14,None,66,1,5,False,1,1
31888,128,unweighted,10,0.2699044585987261,0,14,None,66,1,5,False,1,1
31889,129,unweighted,10,0.2705015923566879,0,14,None,66,1,5,False,1,1
31890,125,unweighted,10,0.5618033439490446,0,22,None,66,1,5,False,1,1
31891,126,unweighted,10,0.5624004777070064,0,22,None,66,1,5,False,1,1
31892,127,unweighted,10,0.5641918789808917,0,22,None,66,1,5,False,1,1
31893,128,unweighted,10,0.5660828025477707,0,22,None,66,1,5,False,1,1
31894,129,unweighted,10,0.5691679936305732,0,22,None,66,1,5,False,1,1
31895,125,unweighted,10,0.4394904458598726,0,23,None,66,1,5,False,1,1
31896,126,unweighted,10,0.4378980891719745,0,23,None,66,1,5,False,1,1
31897,127,unweighted,10,0.4389928343949044,0,23,None,66,1,5,False,1,1
31898,128,unweighted,10,0.4435708598726114,0,23,None,66,1,5,False,1,1
31899,129,unweighted,10,0.4470541401273885,0,23,None,66,1,5,False,1,1
31900,125,unweighted,10,0.4965167197452229,0,17,None,66,1,5,False,1,1
31901,126,unweighted,10,0.5005971337579618,0,17,None,66,1,5,False,1,1
31902,127,unweighted,10,0.504578025477707,0,17,None,66,1,5,False,1,1
31903,128,unweighted,10,0.5078622611464968,0,17,None,66,1,5,False,1,1
31904,129,unweighted,10,0.5107484076433121,0,17,None,66,1,5,False,1,1
31905,125,unweighted,10,0.4549164012738853,0,21,None,66,1,5,False,1,1
31906,126,unweighted,10,0.4583996815286624,0,21,None,66,1,5,False,1,1
31907,127,unweighted,10,0.4621815286624204,0,21,None,66,1,5,False,1,1
31908,128,unweighted,10,0.4658638535031847,0,21,None,66,1,5,False,1,1
31909,129,unweighted,10,0.470640923566879,0,21,None,66,1,5,False,1,1
31910,125,unweighted,10,0.3430533439490446,0,24,None,66,1,5,False,1,1
31911,126,unweighted,10,0.3495222929936306,0,24,None,66,1,5,False,1,1
31912,127,unweighted,10,0.3524084394904458,0,24,None,66,1,5,False,1,1
31913,128,unweighted,10,0.3554936305732484,0,24,None,66,1,5,False,1,1
31914,129,unweighted,10,0.3568869426751592,0,24,None,66,1,5,False,1,1
31915,125,unweighted,10,0.4094347133757962,0,28,None,66,1,5,False,1,1
31916,126,unweighted,10,0.394108280254777,0,28,None,66,1,5,False,1,1
31917,127,unweighted,10,0.3968949044585987,0,28,None,66,1,5,False,1,1
31918,128,unweighted,10,0.3985867834394904,0,28,None,66,1,5,False,1,1
31919,129,unweighted,10,0.4004777070063694,0,28,None,66,1,5,False,1,1
31920,125,unweighted,10,0.4530254777070063,0,30,None,66,1,5,False,1,1
31921,126,unweighted,10,0.4591958598726114,0,30,None,66,1,5,False,1,1
31922,127,unweighted,10,0.4671576433121019,0,30,None,66,1,5,False,1,1
31923,128,unweighted,10,0.4758160828025478,0,30,None,66,1,5,False,1,1
31924,129,unweighted,10,0.4877587579617834,0,30,None,66,1,5,False,1,1
31925,125,unweighted,10,0.5319466560509554,0,27,None,66,1,5,False,1,1
31926,126,unweighted,10,0.5334394904458599,0,27,None,66,1,5,False,1,1
31927,127,unweighted,10,0.5357285031847133,0,27,None,66,1,5,False,1,1
31928,128,unweighted,10,0.5373208598726115,0,27,None,66,1,5,False,1,1
31929,129,unweighted,10,0.539609872611465,0,27,None,66,1,5,False,1,1
31930,125,unweighted,10,0.5253781847133758,0,7,None,66,1,5,False,1,1
31931,126,unweighted,10,0.5300557324840764,0,7,None,66,1,5,False,1,1
31932,127,unweighted,10,0.5335390127388535,0,7,None,66,1,5,False,1,1
31933,128,unweighted,10,0.5352308917197452,0,7,None,66,1,5,False,1,1
31934,129,unweighted,10,0.5372213375796179,0,7,None,66,1,5,False,1,1
31935,125,unweighted,10,0.418093152866242,0,32,None,66,1,5,False,1,1
31936,126,unweighted,10,0.4206807324840764,0,32,None,66,1,5,False,1,1
31937,127,unweighted,10,0.4235668789808917,0,32,None,66,1,5,False,1,1
31938,128,unweighted,10,0.4255573248407643,0,32,None,66,1,5,False,1,1
31939,129,unweighted,10,0.4271496815286624,0,32,None,66,1,5,False,1,1
31940,125,unweighted,10,0.378483280254777,0,4,None,66,1,5,False,1,1
31941,126,unweighted,10,0.381468949044586,0,4,None,66,1,5,False,1,1
31942,127,unweighted,10,0.3840565286624204,0,4,None,66,1,5,False,1,1
31943,128,unweighted,10,0.3854498407643312,0,4,None,66,1,5,False,1,1
31944,129,unweighted,10,0.3872412420382166,0,4,None,66,1,5,False,1,1
31945,125,unweighted,10,0.5260748407643312,0,12,None,66,1,5,False,1,1
31946,126,unweighted,10,0.5383160828025477,0,12,None,66,1,5,False,1,1
31947,127,unweighted,10,0.5451831210191083,0,12,None,66,1,5,False,1,1
31948,128,unweighted,10,0.5510549363057324,0,12,None,66,1,5,False,1,1
31949,129,unweighted,10,0.5571257961783439,0,12,None,66,1,5,False,1,1
31950,125,unweighted,10,0.5002985668789809,0,6,None,66,1,5,False,1,1
31951,126,unweighted,10,0.4919386942675159,0,6,None,66,1,5,False,1,1
31952,127,unweighted,10,0.4906449044585987,0,6,None,66,1,5,False,1,1
31953,128,unweighted,10,0.4913415605095541,0,6,None,66,1,5,False,1,1
31954,129,unweighted,10,0.4917396496815286,0,6,None,66,1,5,False,1,1
31955,125,unweighted,10,0.507265127388535,0,13,None,66,1,5,False,1,1
31956,126,unweighted,10,0.5098527070063694,0,13,None,66,1,5,False,1,1
31957,127,unweighted,10,0.5125398089171974,0,13,None,66,1,5,False,1,1
31958,128,unweighted,10,0.51453025477707,0,13,None,66,1,5,False,1,1
31959,129,unweighted,10,0.5169187898089171,0,13,None,66,1,5,False,1,1
31960,125,unweighted,10,0.4242635350318471,0,25,None,66,1,5,False,1,1
31961,126,unweighted,10,0.4336186305732484,0,25,None,66,1,5,False,1,1
31962,127,unweighted,10,0.4449641719745223,0,25,None,66,1,5,False,1,1
31963,128,unweighted,10,0.4529259554140127,0,25,None,66,1,5,False,1,1
31964,129,unweighted,10,0.4596934713375796,0,25,None,66,1,5,False,1,1
31965,125,unweighted,10,0.480593152866242,0,26,None,66,1,5,False,1,1
31966,126,unweighted,10,0.4691480891719745,0,26,None,66,1,5,False,1,1
31967,127,unweighted,10,0.4677547770700637,0,26,None,66,1,5,False,1,1
31968,128,unweighted,10,0.4679538216560509,0,26,None,66,1,5,False,1,1
31969,129,unweighted,10,0.4670581210191082,0,26,None,66,1,5,False,1,1
31970,125,unweighted,10,0.4653662420382166,0,8,None,66,1,5,False,1,1
31971,126,unweighted,10,0.4745222929936306,0,8,None,66,1,5,False,1,1
31972,127,unweighted,10,0.4774084394904458,0,8,None,66,1,5,False,1,1
31973,128,unweighted,10,0.4780055732484076,0,8,None,66,1,5,False,1,1
31974,129,unweighted,10,0.4767117834394904,0,8,None,66,1,5,False,1,1
31975,125,unweighted,10,0.4585987261146497,0,18,None,66,1,5,False,1,1
31976,126,unweighted,10,0.4617834394904458,0,18,None,66,1,5,False,1,1
31977,127,unweighted,10,0.4644705414012738,0,18,None,66,1,5,False,1,1
31978,128,unweighted,10,0.4673566878980891,0,18,None,66,1,5,False,1,1
31979,129,unweighted,10,0.4703423566878981,0,18,None,66,1,5,False,1,1
31980,125,unweighted,10,0.513734076433121,0,3,None,66,1,5,False,1,1
31981,126,unweighted,10,0.5142316878980892,0,3,None,66,1,5,False,1,1
31982,127,unweighted,10,0.5154259554140127,0,3,None,66,1,5,False,1,1
31983,128,unweighted,10,0.5163216560509554,0,3,None,66,1,5,False,1,1
31984,129,unweighted,10,0.5168192675159236,0,3,None,66,1,5,False,1,1
31985,125,unweighted,10,0.4477507961783439,0,19,None,66,1,5,False,1,1
31986,126,unweighted,10,0.4478503184713376,0,19,None,66,1,5,False,1,1
31987,127,unweighted,10,0.4479498407643312,0,19,None,66,1,5,False,1,1
31988,128,unweighted,10,0.4486464968152866,0,19,None,66,1,5,False,1,1
31989,129,unweighted,10,0.4495421974522293,0,19,None,66,1,5,False,1,1
31990,125,unweighted,10,0.4434713375796178,0,31,None,66,1,5,False,1,1
31991,126,unweighted,10,0.448546974522293,0,31,None,66,1,5,False,1,1
31992,127,unweighted,10,0.4518312101910828,0,31,None,66,1,5,False,1,1
31993,128,unweighted,10,0.4542197452229299,0,31,None,66,1,5,False,1,1
31994,129,unweighted,10,0.4571058917197452,0,31,None,66,1,5,False,1,1
31995,130,unweighted,10,0.4893511146496815,0,26,None,66,1,5,False,1,1
31996,131,unweighted,10,0.4820859872611465,0,26,None,66,1,5,False,1,1
31997,132,unweighted,10,0.4808917197452229,0,26,None,66,1,5,False,1,1
31998,133,unweighted,10,0.4820859872611465,0,26,None,66,1,5,False,1,1
31999,134,unweighted,10,0.4822850318471338,0,26,None,66,1,5,False,1,1
32000,125,unweighted,10,0.4269506369426751,0,9,None,66,1,5,False,1,1
32001,126,unweighted,10,0.4281449044585987,0,9,None,66,1,5,False,1,1
32002,127,unweighted,10,0.4309315286624204,0,9,None,66,1,5,False,1,1
32003,128,unweighted,10,0.4323248407643312,0,9,None,66,1,5,False,1,1
32004,129,unweighted,10,0.4341162420382166,0,9,None,66,1,5,False,1,1
32005,125,unweighted,10,0.3629578025477707,0,29,None,66,1,5,False,1,1
32006,126,unweighted,10,0.3635549363057325,0,29,None,66,1,5,False,1,1
32007,127,unweighted,10,0.3646496815286624,0,29,None,66,1,5,False,1,1
32008,128,unweighted,10,0.3652468152866242,0,29,None,66,1,5,False,1,1
32009,129,unweighted,10,0.3667396496815286,0,29,None,66,1,5,False,1,1
32010,125,unweighted,10,0.4762141719745223,0,0,None,66,1,5,False,1,1
32011,126,unweighted,10,0.4844745222929936,0,0,None,66,1,5,False,1,1
32012,127,unweighted,10,0.4907444267515923,0,0,None,66,1,5,False,1,1
32013,128,unweighted,10,0.4977109872611465,0,0,None,66,1,5,False,1,1
32014,129,unweighted,10,0.5020899681528662,0,0,None,66,1,5,False,1,1
32015,130,unweighted,10,0.5378184713375797,0,7,None,66,1,5,False,1,1
32016,131,unweighted,10,0.5419984076433121,0,7,None,66,1,5,False,1,1
32017,132,unweighted,10,0.544984076433121,0,7,None,66,1,5,False,1,1
32018,133,unweighted,10,0.5470740445859873,0,7,None,66,1,5,False,1,1
32019,134,unweighted,10,0.5502587579617835,0,7,None,66,1,5,False,1,1
32020,130,unweighted,10,0.4451632165605095,0,11,None,66,1,5,False,1,1
32021,131,unweighted,10,0.453125,0,11,None,66,1,5,False,1,1
32022,132,unweighted,10,0.4562101910828025,0,11,None,66,1,5,False,1,1
32023,133,unweighted,10,0.4572054140127388,0,11,None,66,1,5,False,1,1
32024,134,unweighted,10,0.4582006369426751,0,11,None,66,1,5,False,1,1
32025,130,unweighted,10,0.5280652866242038,0,15,None,66,1,5,False,1,1
32026,131,unweighted,10,0.5272691082802548,0,15,None,66,1,5,False,1,1
32027,132,unweighted,10,0.5280652866242038,0,15,None,66,1,5,False,1,1
32028,133,unweighted,10,0.5283638535031847,0,15,None,66,1,5,False,1,1
32029,134,unweighted,10,0.5288614649681529,0,15,None,66,1,5,False,1,1
32030,130,unweighted,10,0.5193073248407644,0,17,None,66,1,5,False,1,1
32031,131,unweighted,10,0.5200039808917197,0,17,None,66,1,5,False,1,1
32032,132,unweighted,10,0.5240843949044586,0,17,None,66,1,5,False,1,1
32033,133,unweighted,10,0.5286624203821656,0,17,None,66,1,5,False,1,1
32034,134,unweighted,10,0.5326433121019108,0,17,None,66,1,5,False,1,1
32035,130,unweighted,10,0.2888136942675159,0,14,None,66,1,5,False,1,1
32036,131,unweighted,10,0.2759753184713376,0,14,None,66,1,5,False,1,1
32037,132,unweighted,10,0.2734872611464968,0,14,None,66,1,5,False,1,1
32038,133,unweighted,10,0.2732882165605095,0,14,None,66,1,5,False,1,1
32039,134,unweighted,10,0.2729896496815286,0,14,None,66,1,5,False,1,1
32040,130,unweighted,10,0.4792993630573248,0,25,None,66,1,5,False,1,1
32041,131,unweighted,10,0.4827826433121019,0,25,None,66,1,5,False,1,1
32042,132,unweighted,10,0.4868630573248407,0,25,None,66,1,5,False,1,1
32043,133,unweighted,10,0.4894506369426751,0,25,None,66,1,5,False,1,1
32044,134,unweighted,10,0.4912420382165605,0,25,None,66,1,5,False,1,1
32045,130,unweighted,10,0.550656847133758,0,1,None,66,1,5,False,1,1
32046,131,unweighted,10,0.5563296178343949,0,1,None,66,1,5,False,1,1
32047,132,unweighted,10,0.565187101910828,0,1,None,66,1,5,False,1,1
32048,133,unweighted,10,0.5797173566878981,0,1,None,66,1,5,False,1,1
32049,134,unweighted,10,0.5767316878980892,0,1,None,66,1,5,False,1,1
32050,130,unweighted,10,0.4332205414012738,0,2,None,66,1,5,False,1,1
32051,131,unweighted,10,0.4346138535031847,0,2,None,66,1,5,False,1,1
32052,132,unweighted,10,0.4369028662420382,0,2,None,66,1,5,False,1,1
32053,133,unweighted,10,0.439390923566879,0,2,None,66,1,5,False,1,1
32054,134,unweighted,10,0.4413813694267516,0,2,None,66,1,5,False,1,1
32055,130,unweighted,10,0.4921377388535032,0,5,None,66,1,5,False,1,1
32056,131,unweighted,10,0.495421974522293,0,5,None,66,1,5,False,1,1
32057,132,unweighted,10,0.5030851910828026,0,5,None,66,1,5,False,1,1
32058,133,unweighted,10,0.5080613057324841,0,5,None,66,1,5,False,1,1
32059,134,unweighted,10,0.5140326433121019,0,5,None,66,1,5,False,1,1
32060,130,unweighted,10,0.4535230891719745,0,10,None,66,1,5,False,1,1
32061,131,unweighted,10,0.4555135350318471,0,10,None,66,1,5,False,1,1
32062,132,unweighted,10,0.4608877388535032,0,10,None,66,1,5,False,1,1
32063,133,unweighted,10,0.4661624203821656,0,10,None,66,1,5,False,1,1
32064,134,unweighted,10,0.4734275477707006,0,10,None,66,1,5,False,1,1
32065,130,unweighted,10,0.5231886942675159,0,6,None,66,1,5,False,1,1
32066,131,unweighted,10,0.5226910828025477,0,6,None,66,1,5,False,1,1
32067,132,unweighted,10,0.5243829617834395,0,6,None,66,1,5,False,1,1
32068,133,unweighted,10,0.5272691082802548,0,6,None,66,1,5,False,1,1
32069,134,unweighted,10,0.53015525477707,0,6,None,66,1,5,False,1,1
32070,130,unweighted,10,0.4574044585987261,0,20,None,66,1,5,False,1,1
32071,131,unweighted,10,0.4661624203821656,0,20,None,66,1,5,False,1,1
32072,132,unweighted,10,0.4731289808917197,0,20,None,66,1,5,False,1,1
32073,133,unweighted,10,0.4812898089171974,0,20,None,66,1,5,False,1,1
32074,134,unweighted,10,0.4900477707006369,0,20,None,66,1,5,False,1,1
32075,130,unweighted,10,0.572452229299363,0,22,None,66,1,5,False,1,1
32076,131,unweighted,10,0.5745421974522293,0,22,None,66,1,5,False,1,1
32077,132,unweighted,10,0.5771297770700637,0,22,None,66,1,5,False,1,1
32078,133,unweighted,10,0.5807125796178344,0,22,None,66,1,5,False,1,1
32079,134,unweighted,10,0.5858877388535032,0,22,None,66,1,5,False,1,1
32080,130,unweighted,10,0.4258558917197452,0,32,None,66,1,5,False,1,1
32081,131,unweighted,10,0.4267515923566879,0,32,None,66,1,5,False,1,1
32082,132,unweighted,10,0.428343949044586,0,32,None,66,1,5,False,1,1
32083,133,unweighted,10,0.4300358280254777,0,32,None,66,1,5,False,1,1
32084,134,unweighted,10,0.4317277070063694,0,32,None,66,1,5,False,1,1
32085,130,unweighted,10,0.4795979299363057,0,8,None,66,1,5,False,1,1
32086,131,unweighted,10,0.4830812101910828,0,8,None,66,1,5,False,1,1
32087,132,unweighted,10,0.4865644904458598,0,8,None,66,1,5,False,1,1
32088,133,unweighted,10,0.4886544585987261,0,8,None,66,1,5,False,1,1
32089,134,unweighted,10,0.4904458598726114,0,8,None,66,1,5,False,1,1
32090,130,unweighted,10,0.6007165605095541,0,16,None,66,1,5,False,1,1
32091,131,unweighted,10,0.6041003184713376,0,16,None,66,1,5,False,1,1
32092,132,unweighted,10,0.6094745222929936,0,16,None,66,1,5,False,1,1
32093,133,unweighted,10,0.6126592356687898,0,16,None,66,1,5,False,1,1
32094,134,unweighted,10,0.6168391719745223,0,16,None,66,1,5,False,1,1
32095,130,unweighted,10,0.4725318471337579,0,18,None,66,1,5,False,1,1
32096,131,unweighted,10,0.4769108280254777,0,18,None,66,1,5,False,1,1
32097,132,unweighted,10,0.4802945859872611,0,18,None,66,1,5,False,1,1
32098,133,unweighted,10,0.4831807324840764,0,18,None,66,1,5,False,1,1
32099,134,unweighted,10,0.4857683121019108,0,18,None,66,1,5,False,1,1
32100,130,unweighted,10,0.4708399681528662,0,21,None,66,1,5,False,1,1
32101,131,unweighted,10,0.4739251592356688,0,21,None,66,1,5,False,1,1
32102,132,unweighted,10,0.4796974522292994,0,21,None,66,1,5,False,1,1
32103,133,unweighted,10,0.4860668789808917,0,21,None,66,1,5,False,1,1
32104,134,unweighted,10,0.4911425159235669,0,21,None,66,1,5,False,1,1
32105,130,unweighted,10,0.4518312101910828,0,19,None,66,1,5,False,1,1
32106,131,unweighted,10,0.45203025477707,0,19,None,66,1,5,False,1,1
32107,132,unweighted,10,0.4526273885350318,0,19,None,66,1,5,False,1,1
32108,133,unweighted,10,0.4533240445859872,0,19,None,66,1,5,False,1,1
32109,134,unweighted,10,0.4542197452229299,0,19,None,66,1,5,False,1,1
32110,130,unweighted,10,0.4580015923566879,0,23,None,66,1,5,False,1,1
32111,131,unweighted,10,0.4578025477707006,0,23,None,66,1,5,False,1,1
32112,132,unweighted,10,0.4594944267515923,0,23,None,66,1,5,False,1,1
32113,133,unweighted,10,0.4609872611464968,0,23,None,66,1,5,False,1,1
32114,134,unweighted,10,0.4645700636942675,0,23,None,66,1,5,False,1,1
32115,130,unweighted,10,0.382265127388535,0,4,None,66,1,5,False,1,1
32116,131,unweighted,10,0.3825636942675159,0,4,None,66,1,5,False,1,1
32117,132,unweighted,10,0.3842555732484076,0,4,None,66,1,5,False,1,1
32118,133,unweighted,10,0.3853503184713376,0,4,None,66,1,5,False,1,1
32119,134,unweighted,10,0.386843152866242,0,4,None,66,1,5,False,1,1
32120,130,unweighted,10,0.3577826433121019,0,24,None,66,1,5,False,1,1
32121,131,unweighted,10,0.3594745222929936,0,24,None,66,1,5,False,1,1
32122,132,unweighted,10,0.3610668789808917,0,24,None,66,1,5,False,1,1
32123,133,unweighted,10,0.3635549363057325,0,24,None,66,1,5,False,1,1
32124,134,unweighted,10,0.366640127388535,0,24,None,66,1,5,False,1,1
32125,130,unweighted,10,0.5406050955414012,0,27,None,66,1,5,False,1,1
32126,131,unweighted,10,0.5415007961783439,0,27,None,66,1,5,False,1,1
32127,132,unweighted,10,0.5431926751592356,0,27,None,66,1,5,False,1,1
32128,133,unweighted,10,0.5451831210191083,0,27,None,66,1,5,False,1,1
32129,134,unweighted,10,0.5469745222929936,0,27,None,66,1,5,False,1,1
32130,130,unweighted,10,0.4877587579617834,0,30,None,66,1,5,False,1,1
32131,131,unweighted,10,0.4941281847133758,0,30,None,66,1,5,False,1,1
32132,132,unweighted,10,0.5023885350318471,0,30,None,66,1,5,False,1,1
32133,133,unweighted,10,0.5123407643312102,0,30,None,66,1,5,False,1,1
32134,134,unweighted,10,0.5211982484076433,0,30,None,66,1,5,False,1,1
32135,130,unweighted,10,0.4612858280254777,0,31,None,66,1,5,False,1,1
32136,131,unweighted,10,0.4468550955414013,0,31,None,66,1,5,False,1,1
32137,132,unweighted,10,0.4516321656050955,0,31,None,66,1,5,False,1,1
32138,133,unweighted,10,0.4578025477707006,0,31,None,66,1,5,False,1,1
32139,134,unweighted,10,0.4601910828025478,0,31,None,66,1,5,False,1,1
32140,130,unweighted,10,0.4322253184713376,0,28,None,66,1,5,False,1,1
32141,131,unweighted,10,0.4315286624203822,0,28,None,66,1,5,False,1,1
32142,132,unweighted,10,0.4336186305732484,0,28,None,66,1,5,False,1,1
32143,133,unweighted,10,0.435609076433121,0,28,None,66,1,5,False,1,1
32144,134,unweighted,10,0.4362062101910828,0,28,None,66,1,5,False,1,1
32145,130,unweighted,10,0.5159235668789809,0,3,None,66,1,5,False,1,1
32146,131,unweighted,10,0.5164211783439491,0,3,None,66,1,5,False,1,1
32147,132,unweighted,10,0.5179140127388535,0,3,None,66,1,5,False,1,1
32148,133,unweighted,10,0.5192078025477707,0,3,None,66,1,5,False,1,1
32149,134,unweighted,10,0.5203025477707006,0,3,None,66,1,5,False,1,1
32150,130,unweighted,10,0.3724124203821656,0,29,None,66,1,5,False,1,1
32151,131,unweighted,10,0.3717157643312102,0,29,None,66,1,5,False,1,1
32152,132,unweighted,10,0.3728105095541401,0,29,None,66,1,5,False,1,1
32153,133,unweighted,10,0.3750995222929936,0,29,None,66,1,5,False,1,1
32154,134,unweighted,10,0.3772890127388535,0,29,None,66,1,5,False,1,1
32155,130,unweighted,10,0.4366042993630573,0,9,None,66,1,5,False,1,1
32156,131,unweighted,10,0.4381966560509554,0,9,None,66,1,5,False,1,1
32157,132,unweighted,10,0.4418789808917197,0,9,None,66,1,5,False,1,1
32158,133,unweighted,10,0.4459593949044586,0,9,None,66,1,5,False,1,1
32159,134,unweighted,10,0.448546974522293,0,9,None,66,1,5,False,1,1
32160,130,unweighted,10,0.5401074840764332,0,12,None,66,1,5,False,1,1
32161,131,unweighted,10,0.5550358280254777,0,12,None,66,1,5,False,1,1
32162,132,unweighted,10,0.5632961783439491,0,12,None,66,1,5,False,1,1
32163,133,unweighted,10,0.569765127388535,0,12,None,66,1,5,False,1,1
32164,134,unweighted,10,0.5769307324840764,0,12,None,66,1,5,False,1,1
32165,130,unweighted,10,0.5186106687898089,0,13,None,66,1,5,False,1,1
32166,131,unweighted,10,0.5209992038216561,0,13,None,66,1,5,False,1,1
32167,132,unweighted,10,0.523984872611465,0,13,None,66,1,5,False,1,1
32168,133,unweighted,10,0.5268710191082803,0,13,None,66,1,5,False,1,1
32169,134,unweighted,10,0.5295581210191083,0,13,None,66,1,5,False,1,1
32170,130,unweighted,10,0.5009952229299363,0,0,None,66,1,5,False,1,1
32171,131,unweighted,10,0.506468949044586,0,0,None,66,1,5,False,1,1
32172,132,unweighted,10,0.5107484076433121,0,0,None,66,1,5,False,1,1
32173,133,unweighted,10,0.51453025477707,0,0,None,66,1,5,False,1,1
32174,134,unweighted,10,0.5193073248407644,0,0,None,66,1,5,False,1,1
32340,135,unweighted,10,0.4543192675159235,0,19,None,66,1,5,False,1,1
32341,136,unweighted,10,0.455812101910828,0,19,None,66,1,5,False,1,1
32342,137,unweighted,10,0.4576035031847134,0,19,None,66,1,5,False,1,1
32343,138,unweighted,10,0.4579020700636942,0,19,None,66,1,5,False,1,1
32344,139,unweighted,10,0.4586982484076433,0,19,None,66,1,5,False,1,1
32345,135,unweighted,10,0.5289609872611465,0,15,None,66,1,5,False,1,1
32346,136,unweighted,10,0.5292595541401274,0,15,None,66,1,5,False,1,1
32347,137,unweighted,10,0.5288614649681529,0,15,None,66,1,5,False,1,1
32348,138,unweighted,10,0.5289609872611465,0,15,None,66,1,5,False,1,1
32349,139,unweighted,10,0.5294585987261147,0,15,None,66,1,5,False,1,1
32350,135,unweighted,10,0.4483479299363057,0,11,None,66,1,5,False,1,1
32351,136,unweighted,10,0.4567078025477707,0,11,None,66,1,5,False,1,1
32352,137,unweighted,10,0.4602906050955414,0,11,None,66,1,5,False,1,1
32353,138,unweighted,10,0.4664609872611465,0,11,None,66,1,5,False,1,1
32354,139,unweighted,10,0.4792993630573248,0,11,None,66,1,5,False,1,1
32355,135,unweighted,10,0.5571257961783439,0,17,None,66,1,5,False,1,1
32356,136,unweighted,10,0.5569267515923567,0,17,None,66,1,5,False,1,1
32357,137,unweighted,10,0.5600119426751592,0,17,None,66,1,5,False,1,1
32358,138,unweighted,10,0.5650875796178344,0,17,None,66,1,5,False,1,1
32359,139,unweighted,10,0.5692675159235668,0,17,None,66,1,5,False,1,1
32360,135,unweighted,10,0.3806727707006369,0,24,None,66,1,5,False,1,1
32361,136,unweighted,10,0.3787818471337579,0,24,None,66,1,5,False,1,1
32362,137,unweighted,10,0.3801751592356688,0,24,None,66,1,5,False,1,1
32363,138,unweighted,10,0.3829617834394904,0,24,None,66,1,5,False,1,1
32364,139,unweighted,10,0.3859474522292994,0,24,None,66,1,5,False,1,1
32365,135,unweighted,10,0.4887539808917197,0,18,None,66,1,5,False,1,1
32366,136,unweighted,10,0.4924363057324841,0,18,None,66,1,5,False,1,1
32367,137,unweighted,10,0.4959195859872611,0,18,None,66,1,5,False,1,1
32368,138,unweighted,10,0.4982085987261146,0,18,None,66,1,5,False,1,1
32369,139,unweighted,10,0.4993033439490446,0,18,None,66,1,5,False,1,1
32370,135,unweighted,10,0.4717356687898089,0,31,None,66,1,5,False,1,1
32371,136,unweighted,10,0.4452627388535032,0,31,None,66,1,5,False,1,1
32372,137,unweighted,10,0.4500398089171974,0,31,None,66,1,5,False,1,1
32373,138,unweighted,10,0.4579020700636942,0,31,None,66,1,5,False,1,1
32374,139,unweighted,10,0.4660628980891719,0,31,None,66,1,5,False,1,1
32375,135,unweighted,10,0.5612062101910829,0,1,None,66,1,5,False,1,1
32376,136,unweighted,10,0.5727507961783439,0,1,None,66,1,5,False,1,1
32377,137,unweighted,10,0.5814092356687898,0,1,None,66,1,5,False,1,1
32378,138,unweighted,10,0.5955414012738853,0,1,None,66,1,5,False,1,1
32379,139,unweighted,10,0.5955414012738853,0,1,None,66,1,5,False,1,1
32380,135,unweighted,10,0.440983280254777,0,2,None,66,1,5,False,1,1
32381,136,unweighted,10,0.4418789808917197,0,2,None,66,1,5,False,1,1
32382,137,unweighted,10,0.4449641719745223,0,2,None,66,1,5,False,1,1
32383,138,unweighted,10,0.4467555732484076,0,2,None,66,1,5,False,1,1
32384,139,unweighted,10,0.448546974522293,0,2,None,66,1,5,False,1,1
32385,135,unweighted,10,0.4978105095541401,0,21,None,66,1,5,False,1,1
32386,136,unweighted,10,0.4951234076433121,0,21,None,66,1,5,False,1,1
32387,137,unweighted,10,0.5004976114649682,0,21,None,66,1,5,False,1,1
32388,138,unweighted,10,0.5044785031847133,0,21,None,66,1,5,False,1,1
32389,139,unweighted,10,0.5087579617834395,0,21,None,66,1,5,False,1,1
32390,135,unweighted,10,0.5452826433121019,0,27,None,66,1,5,False,1,1
32391,136,unweighted,10,0.5472730891719745,0,27,None,66,1,5,False,1,1
32392,137,unweighted,10,0.5503582802547771,0,27,None,66,1,5,False,1,1
32393,138,unweighted,10,0.5542396496815286,0,27,None,66,1,5,False,1,1
32394,139,unweighted,10,0.5601114649681529,0,27,None,66,1,5,False,1,1
32395,135,unweighted,10,0.4422770700636942,0,28,None,66,1,5,False,1,1
32396,136,unweighted,10,0.4441679936305732,0,28,None,66,1,5,False,1,1
32397,137,unweighted,10,0.4469546178343949,0,28,None,66,1,5,False,1,1
32398,138,unweighted,10,0.4497412420382166,0,28,None,66,1,5,False,1,1
32399,139,unweighted,10,0.45203025477707,0,28,None,66,1,5,False,1,1
32400,135,unweighted,10,0.3864450636942675,0,29,None,66,1,5,False,1,1
32401,136,unweighted,10,0.3856488853503185,0,29,None,66,1,5,False,1,1
32402,137,unweighted,10,0.3867436305732484,0,29,None,66,1,5,False,1,1
32403,138,unweighted,10,0.3893312101910828,0,29,None,66,1,5,False,1,1
32404,139,unweighted,10,0.3924164012738853,0,29,None,66,1,5,False,1,1
32405,135,unweighted,10,0.5187101910828026,0,30,None,66,1,5,False,1,1
32406,136,unweighted,10,0.5242834394904459,0,30,None,66,1,5,False,1,1
32407,137,unweighted,10,0.5315485668789809,0,30,None,66,1,5,False,1,1
32408,138,unweighted,10,0.5379179936305732,0,30,None,66,1,5,False,1,1
32409,139,unweighted,10,0.5435907643312102,0,30,None,66,1,5,False,1,1
32410,135,unweighted,10,0.5283638535031847,0,5,None,66,1,5,False,1,1
32411,136,unweighted,10,0.5315485668789809,0,5,None,66,1,5,False,1,1
32412,137,unweighted,10,0.5362261146496815,0,5,None,66,1,5,False,1,1
32413,138,unweighted,10,0.5435907643312102,0,5,None,66,1,5,False,1,1
32414,139,unweighted,10,0.5498606687898089,0,5,None,66,1,5,False,1,1
32415,135,unweighted,10,0.5243829617834395,0,0,None,66,1,5,False,1,1
32416,136,unweighted,10,0.526671974522293,0,0,None,66,1,5,False,1,1
32417,137,unweighted,10,0.5307523885350318,0,0,None,66,1,5,False,1,1
32418,138,unweighted,10,0.5344347133757962,0,0,None,66,1,5,False,1,1
32419,139,unweighted,10,0.5386146496815286,0,0,None,66,1,5,False,1,1
32420,135,unweighted,10,0.3890326433121019,0,4,None,66,1,5,False,1,1
32421,136,unweighted,10,0.3877388535031847,0,4,None,66,1,5,False,1,1
32422,137,unweighted,10,0.386843152866242,0,4,None,66,1,5,False,1,1
32423,138,unweighted,10,0.3874402866242038,0,4,None,66,1,5,False,1,1
32424,139,unweighted,10,0.3880374203821656,0,4,None,66,1,5,False,1,1
32425,135,unweighted,10,0.4840764331210191,0,8,None,66,1,5,False,1,1
32426,136,unweighted,10,0.4919386942675159,0,8,None,66,1,5,False,1,1
32427,137,unweighted,10,0.4941281847133758,0,8,None,66,1,5,False,1,1
32428,138,unweighted,10,0.4956210191082802,0,8,None,66,1,5,False,1,1
32429,139,unweighted,10,0.4977109872611465,0,8,None,66,1,5,False,1,1
32430,135,unweighted,10,0.4784036624203822,0,10,None,66,1,5,False,1,1
32431,136,unweighted,10,0.4821855095541401,0,10,None,66,1,5,False,1,1
32432,137,unweighted,10,0.4903463375796178,0,10,None,66,1,5,False,1,1
32433,138,unweighted,10,0.4999004777070063,0,10,None,66,1,5,False,1,1
32434,139,unweighted,10,0.5069665605095541,0,10,None,66,1,5,False,1,1
32435,135,unweighted,10,0.4848726114649681,0,20,None,66,1,5,False,1,1
32436,136,unweighted,10,0.4958200636942675,0,20,None,66,1,5,False,1,1
32437,137,unweighted,10,0.5066679936305732,0,20,None,66,1,5,False,1,1
32438,138,unweighted,10,0.5144307324840764,0,20,None,66,1,5,False,1,1
32439,139,unweighted,10,0.5237858280254777,0,20,None,66,1,5,False,1,1
32440,135,unweighted,10,0.4674562101910828,0,23,None,66,1,5,False,1,1
32441,136,unweighted,10,0.4694466560509554,0,23,None,66,1,5,False,1,1
32442,137,unweighted,10,0.470640923566879,0,23,None,66,1,5,False,1,1
32443,138,unweighted,10,0.4731289808917197,0,23,None,66,1,5,False,1,1
32444,139,unweighted,10,0.4768113057324841,0,23,None,66,1,5,False,1,1
32445,135,unweighted,10,0.4942277070063694,0,25,None,66,1,5,False,1,1
32446,136,unweighted,10,0.4963176751592357,0,25,None,66,1,5,False,1,1
32447,137,unweighted,10,0.4985071656050955,0,25,None,66,1,5,False,1,1
32448,138,unweighted,10,0.5001990445859873,0,25,None,66,1,5,False,1,1
32449,139,unweighted,10,0.5020899681528662,0,25,None,66,1,5,False,1,1
32450,135,unweighted,10,0.5328423566878981,0,13,None,66,1,5,False,1,1
32451,136,unweighted,10,0.5349323248407644,0,13,None,66,1,5,False,1,1
32452,137,unweighted,10,0.5371218152866242,0,13,None,66,1,5,False,1,1
32453,138,unweighted,10,0.5382165605095541,0,13,None,66,1,5,False,1,1
32454,139,unweighted,10,0.5407046178343949,0,13,None,66,1,5,False,1,1
32455,135,unweighted,10,0.5618033439490446,0,12,None,66,1,5,False,1,1
32456,136,unweighted,10,0.5760350318471338,0,12,None,66,1,5,False,1,1
32457,137,unweighted,10,0.5826035031847133,0,12,None,66,1,5,False,1,1
32458,138,unweighted,10,0.5885748407643312,0,12,None,66,1,5,False,1,1
32459,139,unweighted,10,0.5946457006369427,0,12,None,66,1,5,False,1,1
32460,135,unweighted,10,0.511843152866242,0,26,None,66,1,5,False,1,1
32461,136,unweighted,10,0.5050756369426752,0,26,None,66,1,5,False,1,1
32462,137,unweighted,10,0.5040804140127388,0,26,None,66,1,5,False,1,1
32463,138,unweighted,10,0.5023885350318471,0,26,None,66,1,5,False,1,1
32464,139,unweighted,10,0.5027866242038217,0,26,None,66,1,5,False,1,1
32465,135,unweighted,10,0.3532046178343949,0,14,None,66,1,5,False,1,1
32466,136,unweighted,10,0.3261345541401274,0,14,None,66,1,5,False,1,1
32467,137,unweighted,10,0.3082205414012738,0,14,None,66,1,5,False,1,1
32468,138,unweighted,10,0.2889132165605095,0,14,None,66,1,5,False,1,1
32469,139,unweighted,10,0.2788614649681528,0,14,None,66,1,5,False,1,1
32470,135,unweighted,10,0.4476512738853503,0,9,None,66,1,5,False,1,1
32471,136,unweighted,10,0.4509355095541401,0,9,None,66,1,5,False,1,1
32472,137,unweighted,10,0.4554140127388535,0,9,None,66,1,5,False,1,1
32473,138,unweighted,10,0.4590963375796178,0,9,None,66,1,5,False,1,1
32474,139,unweighted,10,0.4627786624203822,0,9,None,66,1,5,False,1,1
32475,135,unweighted,10,0.5921576433121019,0,22,None,66,1,5,False,1,1
32476,136,unweighted,10,0.5930533439490446,0,22,None,66,1,5,False,1,1
32477,137,unweighted,10,0.5980294585987261,0,22,None,66,1,5,False,1,1
32478,138,unweighted,10,0.6034036624203821,0,22,None,66,1,5,False,1,1
32479,139,unweighted,10,0.6088773885350318,0,22,None,66,1,5,False,1,1
32480,135,unweighted,10,0.537718949044586,0,6,None,66,1,5,False,1,1
32481,136,unweighted,10,0.5399084394904459,0,6,None,66,1,5,False,1,1
32482,137,unweighted,10,0.543093152866242,0,6,None,66,1,5,False,1,1
32483,138,unweighted,10,0.5456807324840764,0,6,None,66,1,5,False,1,1
32484,139,unweighted,10,0.5502587579617835,0,6,None,66,1,5,False,1,1
32485,135,unweighted,10,0.5528463375796179,0,7,None,66,1,5,False,1,1
32486,136,unweighted,10,0.5551353503184714,0,7,None,66,1,5,False,1,1
32487,137,unweighted,10,0.5577229299363057,0,7,None,66,1,5,False,1,1
32488,138,unweighted,10,0.5594148089171974,0,7,None,66,1,5,False,1,1
32489,139,unweighted,10,0.5616042993630573,0,7,None,66,1,5,False,1,1
32490,135,unweighted,10,0.612062101910828,0,16,None,66,1,5,False,1,1
32491,136,unweighted,10,0.6149482484076433,0,16,None,66,1,5,False,1,1
32492,137,unweighted,10,0.6187300955414012,0,16,None,66,1,5,False,1,1
32493,138,unweighted,10,0.6237062101910829,0,16,None,66,1,5,False,1,1
32494,139,unweighted,10,0.6252985668789809,0,16,None,66,1,5,False,1,1
32495,135,unweighted,10,0.4321257961783439,0,32,None,66,1,5,False,1,1
32496,136,unweighted,10,0.4335191082802547,0,32,None,66,1,5,False,1,1
32497,137,unweighted,10,0.4353105095541401,0,32,None,66,1,5,False,1,1
32498,138,unweighted,10,0.4370023885350318,0,32,None,66,1,5,False,1,1
32499,139,unweighted,10,0.4388933121019108,0,32,None,66,1,5,False,1,1
32500,135,unweighted,10,0.5186106687898089,0,3,None,66,1,5,False,1,1
32501,136,unweighted,10,0.5198049363057324,0,3,None,66,1,5,False,1,1
32502,137,unweighted,10,0.5205015923566879,0,3,None,66,1,5,False,1,1
32503,138,unweighted,10,0.5215963375796179,0,3,None,66,1,5,False,1,1
32504,139,unweighted,10,0.5226910828025477,0,3,None,66,1,5,False,1,1
32505,140,unweighted,10,0.6067874203821656,0,22,None,66,1,5,False,1,1
32506,141,unweighted,10,0.6109673566878981,0,22,None,66,1,5,False,1,1
32507,142,unweighted,10,0.6174363057324841,0,22,None,66,1,5,False,1,1
32508,143,unweighted,10,0.6210191082802548,0,22,None,66,1,5,False,1,1
32509,144,unweighted,10,0.6233081210191083,0,22,None,66,1,5,False,1,1
32510,140,unweighted,10,0.5768312101910829,0,1,None,66,1,5,False,1,1
32511,141,unweighted,10,0.5883757961783439,0,1,None,66,1,5,False,1,1
32512,142,unweighted,10,0.5987261146496815,0,1,None,66,1,5,False,1,1
32513,143,unweighted,10,0.6123606687898089,0,1,None,66,1,5,False,1,1
32514,144,unweighted,10,0.6143511146496815,0,1,None,66,1,5,False,1,1
32515,140,unweighted,10,0.4496417197452229,0,2,None,66,1,5,False,1,1
32516,141,unweighted,10,0.4522292993630573,0,2,None,66,1,5,False,1,1
32517,142,unweighted,10,0.4543192675159235,0,2,None,66,1,5,False,1,1
32518,143,unweighted,10,0.4578025477707006,0,2,None,66,1,5,False,1,1
32519,144,unweighted,10,0.4594944267515923,0,2,None,66,1,5,False,1,1
32520,140,unweighted,10,0.5473726114649682,0,13,None,66,1,5,False,1,1
32521,141,unweighted,10,0.5492635350318471,0,13,None,66,1,5,False,1,1
32522,142,unweighted,10,0.5502587579617835,0,13,None,66,1,5,False,1,1
32523,143,unweighted,10,0.5522492038216561,0,13,None,66,1,5,False,1,1
32524,144,unweighted,10,0.5536425159235668,0,13,None,66,1,5,False,1,1
32525,140,unweighted,10,0.5141321656050956,0,21,None,66,1,5,False,1,1
32526,141,unweighted,10,0.5121417197452229,0,21,None,66,1,5,False,1,1
32527,142,unweighted,10,0.5162221337579618,0,21,None,66,1,5,False,1,1
32528,143,unweighted,10,0.519406847133758,0,21,None,66,1,5,False,1,1
32529,144,unweighted,10,0.5238853503184714,0,21,None,66,1,5,False,1,1
32530,140,unweighted,10,0.480593152866242,0,23,None,66,1,5,False,1,1
32531,141,unweighted,10,0.4828821656050955,0,23,None,66,1,5,False,1,1
32532,142,unweighted,10,0.4845740445859872,0,23,None,66,1,5,False,1,1
32533,143,unweighted,10,0.4883558917197452,0,23,None,66,1,5,False,1,1
32534,144,unweighted,10,0.4921377388535032,0,23,None,66,1,5,False,1,1
32535,140,unweighted,10,0.5599124203821656,0,27,None,66,1,5,False,1,1
32536,141,unweighted,10,0.5682722929936306,0,27,None,66,1,5,False,1,1
32537,142,unweighted,10,0.5772292993630573,0,27,None,66,1,5,False,1,1
32538,143,unweighted,10,0.5852906050955414,0,27,None,66,1,5,False,1,1
32539,144,unweighted,10,0.5931528662420382,0,27,None,66,1,5,False,1,1
32540,140,unweighted,10,0.5031847133757962,0,25,None,66,1,5,False,1,1
32541,141,unweighted,10,0.5057722929936306,0,25,None,66,1,5,False,1,1
32542,142,unweighted,10,0.507265127388535,0,25,None,66,1,5,False,1,1
32543,143,unweighted,10,0.5085589171974523,0,25,None,66,1,5,False,1,1
32544,144,unweighted,10,0.5096536624203821,0,25,None,66,1,5,False,1,1
32545,140,unweighted,10,0.4642714968152866,0,9,None,66,1,5,False,1,1
32546,141,unweighted,10,0.4683519108280254,0,9,None,66,1,5,False,1,1
32547,142,unweighted,10,0.471437101910828,0,9,None,66,1,5,False,1,1
32548,143,unweighted,10,0.4759156050955414,0,9,None,66,1,5,False,1,1
32549,144,unweighted,10,0.4792993630573248,0,9,None,66,1,5,False,1,1
32550,140,unweighted,10,0.4079418789808917,0,29,None,66,1,5,False,1,1
32551,141,unweighted,10,0.4020700636942675,0,29,None,66,1,5,False,1,1
32552,142,unweighted,10,0.4027667197452229,0,29,None,66,1,5,False,1,1
32553,143,unweighted,10,0.4045581210191082,0,29,None,66,1,5,False,1,1
32554,144,unweighted,10,0.4064490445859872,0,29,None,66,1,5,False,1,1
32555,140,unweighted,10,0.501890923566879,0,11,None,66,1,5,False,1,1
32556,141,unweighted,10,0.5078622611464968,0,11,None,66,1,5,False,1,1
32557,142,unweighted,10,0.5366242038216561,0,11,None,66,1,5,False,1,1
32558,143,unweighted,10,0.5700636942675159,0,11,None,66,1,5,False,1,1
32559,144,unweighted,10,0.5850915605095541,0,11,None,66,1,5,False,1,1
32560,140,unweighted,10,0.5839968152866242,0,17,None,66,1,5,False,1,1
32561,141,unweighted,10,0.5842953821656051,0,17,None,66,1,5,False,1,1
32562,142,unweighted,10,0.5881767515923567,0,17,None,66,1,5,False,1,1
32563,143,unweighted,10,0.5909633757961783,0,17,None,66,1,5,False,1,1
32564,144,unweighted,10,0.5950437898089171,0,17,None,66,1,5,False,1,1
32565,140,unweighted,10,0.412718949044586,0,24,None,66,1,5,False,1,1
32566,141,unweighted,10,0.4144108280254777,0,24,None,66,1,5,False,1,1
32567,142,unweighted,10,0.4192874203821656,0,24,None,66,1,5,False,1,1
32568,143,unweighted,10,0.4249601910828025,0,24,None,66,1,5,False,1,1
32569,144,unweighted,10,0.4294386942675159,0,24,None,66,1,5,False,1,1
32570,140,unweighted,10,0.5191082802547771,0,20,None,66,1,5,False,1,1
32571,141,unweighted,10,0.5272691082802548,0,20,None,66,1,5,False,1,1
32572,142,unweighted,10,0.5340366242038217,0,20,None,66,1,5,False,1,1
32573,143,unweighted,10,0.5392117834394905,0,20,None,66,1,5,False,1,1
32574,144,unweighted,10,0.544984076433121,0,20,None,66,1,5,False,1,1
32575,140,unweighted,10,0.4476512738853503,0,28,None,66,1,5,False,1,1
32576,141,unweighted,10,0.4500398089171974,0,28,None,66,1,5,False,1,1
32577,142,unweighted,10,0.4526273885350318,0,28,None,66,1,5,False,1,1
32578,143,unweighted,10,0.455812101910828,0,28,None,66,1,5,False,1,1
32579,144,unweighted,10,0.4585987261146497,0,28,None,66,1,5,False,1,1
32580,140,unweighted,10,0.5435907643312102,0,0,None,66,1,5,False,1,1
32581,141,unweighted,10,0.5466759554140127,0,0,None,66,1,5,False,1,1
32582,142,unweighted,10,0.5501592356687898,0,0,None,66,1,5,False,1,1
32583,143,unweighted,10,0.5542396496815286,0,0,None,66,1,5,False,1,1
32584,144,unweighted,10,0.5583200636942676,0,0,None,66,1,5,False,1,1
32585,140,unweighted,10,0.6246019108280255,0,16,None,66,1,5,False,1,1
32586,141,unweighted,10,0.6293789808917197,0,16,None,66,1,5,False,1,1
32587,142,unweighted,10,0.6334593949044586,0,16,None,66,1,5,False,1,1
32588,143,unweighted,10,0.6361464968152867,0,16,None,66,1,5,False,1,1
32589,144,unweighted,10,0.6390326433121019,0,16,None,66,1,5,False,1,1
32590,140,unweighted,10,0.4435708598726114,0,32,None,66,1,5,False,1,1
32591,141,unweighted,10,0.4442675159235669,0,32,None,66,1,5,False,1,1
32592,142,unweighted,10,0.446656050955414,0,32,None,66,1,5,False,1,1
32593,143,unweighted,10,0.4496417197452229,0,32,None,66,1,5,False,1,1
32594,144,unweighted,10,0.4521297770700637,0,32,None,66,1,5,False,1,1
32595,140,unweighted,10,0.5610071656050956,0,5,None,66,1,5,False,1,1
32596,141,unweighted,10,0.5610071656050956,0,5,None,66,1,5,False,1,1
32597,142,unweighted,10,0.5661823248407644,0,5,None,66,1,5,False,1,1
32598,143,unweighted,10,0.5717555732484076,0,5,None,66,1,5,False,1,1
32599,144,unweighted,10,0.5764331210191083,0,5,None,66,1,5,False,1,1
32600,140,unweighted,10,0.4053542993630573,0,4,None,66,1,5,False,1,1
32601,141,unweighted,10,0.398984872611465,0,4,None,66,1,5,False,1,1
32602,142,unweighted,10,0.3985867834394904,0,4,None,66,1,5,False,1,1
32603,143,unweighted,10,0.4002786624203822,0,4,None,66,1,5,False,1,1
32604,144,unweighted,10,0.4003781847133758,0,4,None,66,1,5,False,1,1
32605,140,unweighted,10,0.5641918789808917,0,7,None,66,1,5,False,1,1
32606,141,unweighted,10,0.5658837579617835,0,7,None,66,1,5,False,1,1
32607,142,unweighted,10,0.5676751592356688,0,7,None,66,1,5,False,1,1
32608,143,unweighted,10,0.5692675159235668,0,7,None,66,1,5,False,1,1
32609,144,unweighted,10,0.5711584394904459,0,7,None,66,1,5,False,1,1
32610,140,unweighted,10,0.5521496815286624,0,6,None,66,1,5,False,1,1
32611,141,unweighted,10,0.5551353503184714,0,6,None,66,1,5,False,1,1
32612,142,unweighted,10,0.5597133757961783,0,6,None,66,1,5,False,1,1
32613,143,unweighted,10,0.5641918789808917,0,6,None,66,1,5,False,1,1
32614,144,unweighted,10,0.5666799363057324,0,6,None,66,1,5,False,1,1
32615,140,unweighted,10,0.5824044585987261,0,12,None,66,1,5,False,1,1
32616,141,unweighted,10,0.5962380573248408,0,12,None,66,1,5,False,1,1
32617,142,unweighted,10,0.6025079617834395,0,12,None,66,1,5,False,1,1
32618,143,unweighted,10,0.6072850318471338,0,12,None,66,1,5,False,1,1
32619,144,unweighted,10,0.6115644904458599,0,12,None,66,1,5,False,1,1
32620,140,unweighted,10,0.3640525477707006,0,14,None,66,1,5,False,1,1
32621,141,unweighted,10,0.3511146496815286,0,14,None,66,1,5,False,1,1
32622,142,unweighted,10,0.3459394904458598,0,14,None,66,1,5,False,1,1
32623,143,unweighted,10,0.3436504777070063,0,14,None,66,1,5,False,1,1
32624,144,unweighted,10,0.3410628980891719,0,14,None,66,1,5,False,1,1
32625,140,unweighted,10,0.5340366242038217,0,26,None,66,1,5,False,1,1
32626,141,unweighted,10,0.5281648089171974,0,26,None,66,1,5,False,1,1
32627,142,unweighted,10,0.5259753184713376,0,26,None,66,1,5,False,1,1
32628,143,unweighted,10,0.5243829617834395,0,26,None,66,1,5,False,1,1
32629,144,unweighted,10,0.5222929936305732,0,26,None,66,1,5,False,1,1
32630,140,unweighted,10,0.5443869426751592,0,30,None,66,1,5,False,1,1
32631,141,unweighted,10,0.5491640127388535,0,30,None,66,1,5,False,1,1
32632,142,unweighted,10,0.556827229299363,0,30,None,66,1,5,False,1,1
32633,143,unweighted,10,0.5626990445859873,0,30,None,66,1,5,False,1,1
32634,144,unweighted,10,0.5669785031847133,0,30,None,66,1,5,False,1,1
32635,140,unweighted,10,0.5329418789808917,0,15,None,66,1,5,False,1,1
32636,141,unweighted,10,0.5330414012738853,0,15,None,66,1,5,False,1,1
32637,142,unweighted,10,0.5336385350318471,0,15,None,66,1,5,False,1,1
32638,143,unweighted,10,0.5351313694267515,0,15,None,66,1,5,False,1,1
32639,144,unweighted,10,0.535828025477707,0,15,None,66,1,5,False,1,1
32640,140,unweighted,10,0.5465764331210191,0,10,None,66,1,5,False,1,1
32641,141,unweighted,10,0.5401074840764332,0,10,None,66,1,5,False,1,1
32642,142,unweighted,10,0.540406050955414,0,10,None,66,1,5,False,1,1
32643,143,unweighted,10,0.5446855095541401,0,10,None,66,1,5,False,1,1
32644,144,unweighted,10,0.5478702229299363,0,10,None,66,1,5,False,1,1
32645,140,unweighted,10,0.5004976114649682,0,8,None,66,1,5,False,1,1
32646,141,unweighted,10,0.5044785031847133,0,8,None,66,1,5,False,1,1
32647,142,unweighted,10,0.5065684713375797,0,8,None,66,1,5,False,1,1
32648,143,unweighted,10,0.5087579617834395,0,8,None,66,1,5,False,1,1
32649,144,unweighted,10,0.5094546178343949,0,8,None,66,1,5,False,1,1
32650,140,unweighted,10,0.5021894904458599,0,18,None,66,1,5,False,1,1
32651,141,unweighted,10,0.5035828025477707,0,18,None,66,1,5,False,1,1
32652,142,unweighted,10,0.505672770700637,0,18,None,66,1,5,False,1,1
32653,143,unweighted,10,0.5076632165605095,0,18,None,66,1,5,False,1,1
32654,144,unweighted,10,0.5092555732484076,0,18,None,66,1,5,False,1,1
32655,140,unweighted,10,0.5241839171974523,0,3,None,66,1,5,False,1,1
32656,141,unweighted,10,0.5244824840764332,0,3,None,66,1,5,False,1,1
32657,142,unweighted,10,0.5265724522292994,0,3,None,66,1,5,False,1,1
32658,143,unweighted,10,0.5279657643312102,0,3,None,66,1,5,False,1,1
32659,144,unweighted,10,0.53015525477707,0,3,None,66,1,5,False,1,1
32660,140,unweighted,10,0.4918391719745223,0,31,None,66,1,5,False,1,1
32661,141,unweighted,10,0.5048765923566879,0,31,None,66,1,5,False,1,1
32662,142,unweighted,10,0.5154259554140127,0,31,None,66,1,5,False,1,1
32663,143,unweighted,10,0.5242834394904459,0,31,None,66,1,5,False,1,1
32664,144,unweighted,10,0.5315485668789809,0,31,None,66,1,5,False,1,1
32665,140,unweighted,10,0.458499203821656,0,19,None,66,1,5,False,1,1
32666,141,unweighted,10,0.4592953821656051,0,19,None,66,1,5,False,1,1
32667,142,unweighted,10,0.4607882165605095,0,19,None,66,1,5,False,1,1
32668,143,unweighted,10,0.4610867834394904,0,19,None,66,1,5,False,1,1
32669,144,unweighted,10,0.462281050955414,0,19,None,66,1,5,False,1,1
32670,145,unweighted,10,0.5927547770700637,0,1,None,66,1,5,False,1,1
32671,146,unweighted,10,0.6045979299363057,0,1,None,66,1,5,False,1,1
32672,147,unweighted,10,0.6146496815286624,0,1,None,66,1,5,False,1,1
32673,148,unweighted,10,0.6283837579617835,0,1,None,66,1,5,False,1,1
32674,149,unweighted,10,0.6307722929936306,0,1,None,66,1,5,False,1,1
32675,145,unweighted,10,0.4704418789808917,0,2,None,66,1,5,False,1,1
32676,146,unweighted,10,0.4639729299363057,0,2,None,66,1,5,False,1,1
32677,147,unweighted,10,0.4658638535031847,0,2,None,66,1,5,False,1,1
32678,148,unweighted,10,0.4685509554140127,0,2,None,66,1,5,False,1,1
32679,149,unweighted,10,0.4711385350318471,0,2,None,66,1,5,False,1,1
32680,145,unweighted,10,0.5848925159235668,0,5,None,66,1,5,False,1,1
32681,146,unweighted,10,0.5860867834394905,0,5,None,66,1,5,False,1,1
32682,147,unweighted,10,0.5884753184713376,0,5,None,66,1,5,False,1,1
32683,148,unweighted,10,0.5886743630573248,0,5,None,66,1,5,False,1,1
32684,149,unweighted,10,0.5904657643312102,0,5,None,66,1,5,False,1,1
32685,145,unweighted,10,0.6265923566878981,0,22,None,66,1,5,False,1,1
32686,146,unweighted,10,0.6299761146496815,0,22,None,66,1,5,False,1,1
32687,147,unweighted,10,0.6312699044585988,0,22,None,66,1,5,False,1,1
32688,148,unweighted,10,0.6324641719745223,0,22,None,66,1,5,False,1,1
32689,149,unweighted,10,0.6334593949044586,0,22,None,66,1,5,False,1,1
32690,145,unweighted,10,0.491640127388535,0,23,None,66,1,5,False,1,1
32691,146,unweighted,10,0.4941281847133758,0,23,None,66,1,5,False,1,1
32692,147,unweighted,10,0.4985071656050955,0,23,None,66,1,5,False,1,1
32693,148,unweighted,10,0.5008957006369427,0,23,None,66,1,5,False,1,1
32694,149,unweighted,10,0.5055732484076433,0,23,None,66,1,5,False,1,1
32695,145,unweighted,10,0.5443869426751592,0,15,None,66,1,5,False,1,1
32696,146,unweighted,10,0.5453821656050956,0,15,None,66,1,5,False,1,1
32697,147,unweighted,10,0.5470740445859873,0,15,None,66,1,5,False,1,1
32698,148,unweighted,10,0.5480692675159236,0,15,None,66,1,5,False,1,1
32699,149,unweighted,10,0.549562101910828,0,15,None,66,1,5,False,1,1
32700,145,unweighted,10,0.584593949044586,0,10,None,66,1,5,False,1,1
32701,146,unweighted,10,0.5811106687898089,0,10,None,66,1,5,False,1,1
32702,147,unweighted,10,0.5801154458598726,0,10,None,66,1,5,False,1,1
32703,148,unweighted,10,0.5831011146496815,0,10,None,66,1,5,False,1,1
32704,149,unweighted,10,0.586484872611465,0,10,None,66,1,5,False,1,1
32705,145,unweighted,10,0.5615047770700637,0,13,None,66,1,5,False,1,1
32706,146,unweighted,10,0.5629976114649682,0,13,None,66,1,5,False,1,1
32707,147,unweighted,10,0.5638933121019108,0,13,None,66,1,5,False,1,1
32708,148,unweighted,10,0.5650875796178344,0,13,None,66,1,5,False,1,1
32709,149,unweighted,10,0.5673765923566879,0,13,None,66,1,5,False,1,1
32710,145,unweighted,10,0.5364251592356688,0,26,None,66,1,5,False,1,1
32711,146,unweighted,10,0.5327428343949044,0,26,None,66,1,5,False,1,1
32712,147,unweighted,10,0.53234474522293,0,26,None,66,1,5,False,1,1
32713,148,unweighted,10,0.5320461783439491,0,26,None,66,1,5,False,1,1
32714,149,unweighted,10,0.5316480891719745,0,26,None,66,1,5,False,1,1
32715,145,unweighted,10,0.605593152866242,0,12,None,66,1,5,False,1,1
32716,146,unweighted,10,0.6128582802547771,0,12,None,66,1,5,False,1,1
32717,147,unweighted,10,0.6183320063694268,0,12,None,66,1,5,False,1,1
32718,148,unweighted,10,0.6222133757961783,0,12,None,66,1,5,False,1,1
32719,149,unweighted,10,0.6247014331210191,0,12,None,66,1,5,False,1,1
32720,145,unweighted,10,0.5583200636942676,0,11,None,66,1,5,False,1,1
32721,146,unweighted,10,0.5895700636942676,0,11,None,66,1,5,False,1,1
32722,147,unweighted,10,0.6041998407643312,0,11,None,66,1,5,False,1,1
32723,148,unweighted,10,0.6114649681528662,0,11,None,66,1,5,False,1,1
32724,149,unweighted,10,0.6167396496815286,0,11,None,66,1,5,False,1,1
32725,145,unweighted,10,0.5985270700636943,0,17,None,66,1,5,False,1,1
32726,146,unweighted,10,0.601015127388535,0,17,None,66,1,5,False,1,1
32727,147,unweighted,10,0.6032046178343949,0,17,None,66,1,5,False,1,1
32728,148,unweighted,10,0.6042993630573248,0,17,None,66,1,5,False,1,1
32729,149,unweighted,10,0.6060907643312102,0,17,None,66,1,5,False,1,1
32730,145,unweighted,10,0.5374203821656051,0,20,None,66,1,5,False,1,1
32731,146,unweighted,10,0.5447850318471338,0,20,None,66,1,5,False,1,1
32732,147,unweighted,10,0.5496616242038217,0,20,None,66,1,5,False,1,1
32733,148,unweighted,10,0.5526472929936306,0,20,None,66,1,5,False,1,1
32734,149,unweighted,10,0.5565286624203821,0,20,None,66,1,5,False,1,1
32735,145,unweighted,10,0.4228702229299363,0,4,None,66,1,5,False,1,1
32736,146,unweighted,10,0.4177945859872611,0,4,None,66,1,5,False,1,1
32737,147,unweighted,10,0.4168988853503185,0,4,None,66,1,5,False,1,1
32738,148,unweighted,10,0.4187898089171974,0,4,None,66,1,5,False,1,1
32739,149,unweighted,10,0.4192874203821656,0,4,None,66,1,5,False,1,1
32740,145,unweighted,10,0.4891520700636942,0,28,None,66,1,5,False,1,1
32741,146,unweighted,10,0.4796974522292994,0,28,None,66,1,5,False,1,1
32742,147,unweighted,10,0.4823845541401274,0,28,None,66,1,5,False,1,1
32743,148,unweighted,10,0.4942277070063694,0,28,None,66,1,5,False,1,1
32744,149,unweighted,10,0.5112460191082803,0,28,None,66,1,5,False,1,1
32745,145,unweighted,10,0.569765127388535,0,30,None,66,1,5,False,1,1
32746,146,unweighted,10,0.5732484076433121,0,30,None,66,1,5,False,1,1
32747,147,unweighted,10,0.5766321656050956,0,30,None,66,1,5,False,1,1
32748,148,unweighted,10,0.5809116242038217,0,30,None,66,1,5,False,1,1
32749,149,unweighted,10,0.5847929936305732,0,30,None,66,1,5,False,1,1
32750,145,unweighted,10,0.601015127388535,0,27,None,66,1,5,False,1,1
32751,146,unweighted,10,0.6059912420382165,0,27,None,66,1,5,False,1,1
32752,147,unweighted,10,0.6116640127388535,0,27,None,66,1,5,False,1,1
32753,148,unweighted,10,0.6168391719745223,0,27,None,66,1,5,False,1,1
32754,149,unweighted,10,0.6208200636942676,0,27,None,66,1,5,False,1,1
32755,145,unweighted,10,0.5384156050955414,0,31,None,66,1,5,False,1,1
32756,146,unweighted,10,0.5455812101910829,0,31,None,66,1,5,False,1,1
32757,147,unweighted,10,0.5512539808917197,0,31,None,66,1,5,False,1,1
32758,148,unweighted,10,0.5565286624203821,0,31,None,66,1,5,False,1,1
32759,149,unweighted,10,0.5617038216560509,0,31,None,66,1,5,False,1,1
32760,145,unweighted,10,0.5108479299363057,0,18,None,66,1,5,False,1,1
32761,146,unweighted,10,0.5126393312101911,0,18,None,66,1,5,False,1,1
32762,147,unweighted,10,0.5157245222929936,0,18,None,66,1,5,False,1,1
32763,148,unweighted,10,0.5219944267515924,0,18,None,66,1,5,False,1,1
32764,149,unweighted,10,0.5276671974522293,0,18,None,66,1,5,False,1,1
32765,145,unweighted,10,0.5066679936305732,0,8,None,66,1,5,False,1,1
32766,146,unweighted,10,0.5103503184713376,0,8,None,66,1,5,False,1,1
32767,147,unweighted,10,0.5132364649681529,0,8,None,66,1,5,False,1,1
32768,148,unweighted,10,0.5142316878980892,0,8,None,66,1,5,False,1,1
32769,149,unweighted,10,0.5165207006369427,0,8,None,66,1,5,False,1,1
32770,145,unweighted,10,0.4672571656050955,0,19,None,66,1,5,False,1,1
32771,146,unweighted,10,0.4665605095541401,0,19,None,66,1,5,False,1,1
32772,147,unweighted,10,0.4669585987261146,0,19,None,66,1,5,False,1,1
32773,148,unweighted,10,0.4680533439490446,0,19,None,66,1,5,False,1,1
32774,149,unweighted,10,0.4691480891719745,0,19,None,66,1,5,False,1,1
32775,145,unweighted,10,0.5392117834394905,0,21,None,66,1,5,False,1,1
32776,146,unweighted,10,0.5292595541401274,0,21,None,66,1,5,False,1,1
32777,147,unweighted,10,0.5326433121019108,0,21,None,66,1,5,False,1,1
32778,148,unweighted,10,0.5370222929936306,0,21,None,66,1,5,False,1,1
32779,149,unweighted,10,0.5407046178343949,0,21,None,66,1,5,False,1,1
32780,145,unweighted,10,0.4325238853503185,0,24,None,66,1,5,False,1,1
32781,146,unweighted,10,0.4381966560509554,0,24,None,66,1,5,False,1,1
32782,147,unweighted,10,0.4431727707006369,0,24,None,66,1,5,False,1,1
32783,148,unweighted,10,0.447452229299363,0,24,None,66,1,5,False,1,1
32784,149,unweighted,10,0.4502388535031847,0,24,None,66,1,5,False,1,1
32785,145,unweighted,10,0.4776074840764331,0,9,None,66,1,5,False,1,1
32786,146,unweighted,10,0.4806926751592357,0,9,None,66,1,5,False,1,1
32787,147,unweighted,10,0.5305533439490446,0,9,None,66,1,5,False,1,1
32788,148,unweighted,10,0.540406050955414,0,9,None,66,1,5,False,1,1
32789,149,unweighted,10,0.5440883757961783,0,9,None,66,1,5,False,1,1
32790,145,unweighted,10,0.5667794585987261,0,0,None,66,1,5,False,1,1
32791,146,unweighted,10,0.5680732484076433,0,0,None,66,1,5,False,1,1
32792,147,unweighted,10,0.5727507961783439,0,0,None,66,1,5,False,1,1
32793,148,unweighted,10,0.5767316878980892,0,0,None,66,1,5,False,1,1
32794,149,unweighted,10,0.5807125796178344,0,0,None,66,1,5,False,1,1
32795,145,unweighted,10,0.3627587579617834,0,14,None,66,1,5,False,1,1
32796,146,unweighted,10,0.3520103503184713,0,14,None,66,1,5,False,1,1
32797,147,unweighted,10,0.3482285031847134,0,14,None,66,1,5,False,1,1
32798,148,unweighted,10,0.3478304140127388,0,14,None,66,1,5,False,1,1
32799,149,unweighted,10,0.3499203821656051,0,14,None,66,1,5,False,1,1
32800,145,unweighted,10,0.5073646496815286,0,25,None,66,1,5,False,1,1
32801,146,unweighted,10,0.5094546178343949,0,25,None,66,1,5,False,1,1
32802,147,unweighted,10,0.5114450636942676,0,25,None,66,1,5,False,1,1
32803,148,unweighted,10,0.5125398089171974,0,25,None,66,1,5,False,1,1
32804,149,unweighted,10,0.513734076433121,0,25,None,66,1,5,False,1,1
32805,145,unweighted,10,0.4304339171974522,0,29,None,66,1,5,False,1,1
32806,146,unweighted,10,0.4167993630573248,0,29,None,66,1,5,False,1,1
32807,147,unweighted,10,0.4164012738853503,0,29,None,66,1,5,False,1,1
32808,148,unweighted,10,0.417296974522293,0,29,None,66,1,5,False,1,1
32809,149,unweighted,10,0.4184912420382166,0,29,None,66,1,5,False,1,1
32810,145,unweighted,10,0.5664808917197452,0,6,None,66,1,5,False,1,1
32811,146,unweighted,10,0.5685708598726115,0,6,None,66,1,5,False,1,1
32812,147,unweighted,10,0.570859872611465,0,6,None,66,1,5,False,1,1
32813,148,unweighted,10,0.5733479299363057,0,6,None,66,1,5,False,1,1
32814,149,unweighted,10,0.5767316878980892,0,6,None,66,1,5,False,1,1
32815,145,unweighted,10,0.5348328025477707,0,3,None,66,1,5,False,1,1
32816,146,unweighted,10,0.535031847133758,0,3,None,66,1,5,False,1,1
32817,147,unweighted,10,0.5368232484076433,0,3,None,66,1,5,False,1,1
32818,148,unweighted,10,0.5389132165605095,0,3,None,66,1,5,False,1,1
32819,149,unweighted,10,0.5403065286624203,0,3,None,66,1,5,False,1,1
32820,145,unweighted,10,0.636046974522293,0,16,None,66,1,5,False,1,1
32821,146,unweighted,10,0.6392316878980892,0,16,None,66,1,5,False,1,1
32822,147,unweighted,10,0.642515923566879,0,16,None,66,1,5,False,1,1
32823,148,unweighted,10,0.6457006369426752,0,16,None,66,1,5,False,1,1
32824,149,unweighted,10,0.6477906050955414,0,16,None,66,1,5,False,1,1
32825,145,unweighted,10,0.5736464968152867,0,7,None,66,1,5,False,1,1
32826,146,unweighted,10,0.5765326433121019,0,7,None,66,1,5,False,1,1
32827,147,unweighted,10,0.5786226114649682,0,7,None,66,1,5,False,1,1
32828,148,unweighted,10,0.5795183121019108,0,7,None,66,1,5,False,1,1
32829,149,unweighted,10,0.5816082802547771,0,7,None,66,1,5,False,1,1
32830,145,unweighted,10,0.4588972929936306,0,32,None,66,1,5,False,1,1
32831,146,unweighted,10,0.4593949044585987,0,32,None,66,1,5,False,1,1
32832,147,unweighted,10,0.4617834394904458,0,32,None,66,1,5,False,1,1
32833,148,unweighted,10,0.4647691082802547,0,32,None,66,1,5,False,1,1
32834,149,unweighted,10,0.4693471337579618,0,32,None,66,1,5,False,1,1
32835,150,unweighted,10,0.6052945859872612,0,1,None,66,1,5,False,1,1
32836,151,unweighted,10,0.6201234076433121,0,1,None,66,1,5,False,1,1
32837,152,unweighted,10,0.6325636942675159,0,1,None,66,1,5,False,1,1
32838,153,unweighted,10,0.6438097133757962,0,1,None,66,1,5,False,1,1
32839,154,unweighted,10,0.6446058917197452,0,1,None,66,1,5,False,1,1
32840,150,unweighted,10,0.6207205414012739,0,27,None,66,1,5,False,1,1
32841,151,unweighted,10,0.623109076433121,0,27,None,66,1,5,False,1,1
32842,152,unweighted,10,0.6267914012738853,0,27,None,66,1,5,False,1,1
32843,153,unweighted,10,0.6294785031847133,0,27,None,66,1,5,False,1,1
32844,154,unweighted,10,0.6326632165605095,0,27,None,66,1,5,False,1,1
32845,150,unweighted,10,0.4948248407643312,0,2,None,66,1,5,False,1,1
32846,151,unweighted,10,0.4732285031847134,0,2,None,66,1,5,False,1,1
32847,152,unweighted,10,0.4766122611464968,0,2,None,66,1,5,False,1,1
32848,153,unweighted,10,0.4791998407643312,0,2,None,66,1,5,False,1,1
32849,154,unweighted,10,0.4823845541401274,0,2,None,66,1,5,False,1,1
32850,150,unweighted,10,0.633359872611465,0,22,None,66,1,5,False,1,1
32851,151,unweighted,10,0.6353503184713376,0,22,None,66,1,5,False,1,1
32852,152,unweighted,10,0.6381369426751592,0,22,None,66,1,5,False,1,1
32853,153,unweighted,10,0.6386345541401274,0,22,None,66,1,5,False,1,1
32854,154,unweighted,10,0.6384355095541401,0,22,None,66,1,5,False,1,1
32855,150,unweighted,10,0.4464570063694267,0,29,None,66,1,5,False,1,1
32856,151,unweighted,10,0.4303343949044586,0,29,None,66,1,5,False,1,1
32857,152,unweighted,10,0.4276472929936306,0,29,None,66,1,5,False,1,1
32858,153,unweighted,10,0.4263535031847134,0,29,None,66,1,5,False,1,1
32859,154,unweighted,10,0.4263535031847134,0,29,None,66,1,5,False,1,1
32860,150,unweighted,10,0.5420979299363057,0,9,None,66,1,5,False,1,1
32861,151,unweighted,10,0.5473726114649682,0,9,None,66,1,5,False,1,1
32862,152,unweighted,10,0.5515525477707006,0,9,None,66,1,5,False,1,1
32863,153,unweighted,10,0.5549363057324841,0,9,None,66,1,5,False,1,1
32864,154,unweighted,10,0.556827229299363,0,9,None,66,1,5,False,1,1
32865,150,unweighted,10,0.5113455414012739,0,25,None,66,1,5,False,1,1
32866,151,unweighted,10,0.5141321656050956,0,25,None,66,1,5,False,1,1
32867,152,unweighted,10,0.5162221337579618,0,25,None,66,1,5,False,1,1
32868,153,unweighted,10,0.5181130573248408,0,25,None,66,1,5,False,1,1
32869,154,unweighted,10,0.5209992038216561,0,25,None,66,1,5,False,1,1
32870,150,unweighted,10,0.5749402866242038,0,13,None,66,1,5,False,1,1
32871,151,unweighted,10,0.5768312101910829,0,13,None,66,1,5,False,1,1
32872,152,unweighted,10,0.5791202229299363,0,13,None,66,1,5,False,1,1
32873,153,unweighted,10,0.5813097133757962,0,13,None,66,1,5,False,1,1
32874,154,unweighted,10,0.5848925159235668,0,13,None,66,1,5,False,1,1
32875,150,unweighted,10,0.5594148089171974,0,15,None,66,1,5,False,1,1
32876,151,unweighted,10,0.5601114649681529,0,15,None,66,1,5,False,1,1
32877,152,unweighted,10,0.560609076433121,0,15,None,66,1,5,False,1,1
32878,153,unweighted,10,0.5617038216560509,0,15,None,66,1,5,False,1,1
32879,154,unweighted,10,0.5637937898089171,0,15,None,66,1,5,False,1,1
32880,150,unweighted,10,0.60828025477707,0,10,None,66,1,5,False,1,1
32881,151,unweighted,10,0.6056926751592356,0,10,None,66,1,5,False,1,1
32882,152,unweighted,10,0.6053941082802548,0,10,None,66,1,5,False,1,1
32883,153,unweighted,10,0.605593152866242,0,10,None,66,1,5,False,1,1
32884,154,unweighted,10,0.6086783439490446,0,10,None,66,1,5,False,1,1
32885,150,unweighted,10,0.5492635350318471,0,20,None,66,1,5,False,1,1
32886,151,unweighted,10,0.5561305732484076,0,20,None,66,1,5,False,1,1
32887,152,unweighted,10,0.5610071656050956,0,20,None,66,1,5,False,1,1
32888,153,unweighted,10,0.5649880573248408,0,20,None,66,1,5,False,1,1
32889,154,unweighted,10,0.5680732484076433,0,20,None,66,1,5,False,1,1
32890,150,unweighted,10,0.5223925159235668,0,28,None,66,1,5,False,1,1
32891,151,unweighted,10,0.5315485668789809,0,28,None,66,1,5,False,1,1
32892,152,unweighted,10,0.5459792993630573,0,28,None,66,1,5,False,1,1
32893,153,unweighted,10,0.555234872611465,0,28,None,66,1,5,False,1,1
32894,154,unweighted,10,0.5638933121019108,0,28,None,66,1,5,False,1,1
32895,150,unweighted,10,0.6458001592356688,0,16,None,66,1,5,False,1,1
32896,151,unweighted,10,0.6493829617834395,0,16,None,66,1,5,False,1,1
32897,152,unweighted,10,0.6521695859872612,0,16,None,66,1,5,False,1,1
32898,153,unweighted,10,0.6565485668789809,0,16,None,66,1,5,False,1,1
32899,154,unweighted,10,0.6586385350318471,0,16,None,66,1,5,False,1,1
32900,150,unweighted,10,0.4739251592356688,0,32,None,66,1,5,False,1,1
32901,151,unweighted,10,0.4745222929936306,0,32,None,66,1,5,False,1,1
32902,152,unweighted,10,0.4772093949044586,0,32,None,66,1,5,False,1,1
32903,153,unweighted,10,0.4808917197452229,0,32,None,66,1,5,False,1,1
32904,154,unweighted,10,0.4834792993630573,0,32,None,66,1,5,False,1,1
32905,150,unweighted,10,0.555234872611465,0,21,None,66,1,5,False,1,1
32906,151,unweighted,10,0.5438893312101911,0,21,None,66,1,5,False,1,1
32907,152,unweighted,10,0.5467754777070064,0,21,None,66,1,5,False,1,1
32908,153,unweighted,10,0.5496616242038217,0,21,None,66,1,5,False,1,1
32909,154,unweighted,10,0.5516520700636943,0,21,None,66,1,5,False,1,1
32910,150,unweighted,10,0.5977308917197452,0,5,None,66,1,5,False,1,1
32911,151,unweighted,10,0.5953423566878981,0,5,None,66,1,5,False,1,1
32912,152,unweighted,10,0.5963375796178344,0,5,None,66,1,5,False,1,1
32913,153,unweighted,10,0.5968351910828026,0,5,None,66,1,5,False,1,1
32914,154,unweighted,10,0.5981289808917197,0,5,None,66,1,5,False,1,1
32915,150,unweighted,10,0.585390127388535,0,7,None,66,1,5,False,1,1
32916,151,unweighted,10,0.5870820063694268,0,7,None,66,1,5,False,1,1
32917,152,unweighted,10,0.5886743630573248,0,7,None,66,1,5,False,1,1
32918,153,unweighted,10,0.5902667197452229,0,7,None,66,1,5,False,1,1
32919,154,unweighted,10,0.5917595541401274,0,7,None,66,1,5,False,1,1
32920,150,unweighted,10,0.5761345541401274,0,6,None,66,1,5,False,1,1
32921,151,unweighted,10,0.5789211783439491,0,6,None,66,1,5,False,1,1
32922,152,unweighted,10,0.5826035031847133,0,6,None,66,1,5,False,1,1
32923,153,unweighted,10,0.5849920382165605,0,6,None,66,1,5,False,1,1
32924,154,unweighted,10,0.5870820063694268,0,6,None,66,1,5,False,1,1
32925,150,unweighted,10,0.6184315286624203,0,12,None,66,1,5,False,1,1
32926,151,unweighted,10,0.6238057324840764,0,12,None,66,1,5,False,1,1
32927,152,unweighted,10,0.6274880573248408,0,12,None,66,1,5,False,1,1
32928,153,unweighted,10,0.6303742038216561,0,12,None,66,1,5,False,1,1
32929,154,unweighted,10,0.6330613057324841,0,12,None,66,1,5,False,1,1
32930,150,unweighted,10,0.3662420382165605,0,14,None,66,1,5,False,1,1
32931,151,unweighted,10,0.3572850318471338,0,14,None,66,1,5,False,1,1
32932,152,unweighted,10,0.3573845541401274,0,14,None,66,1,5,False,1,1
32933,153,unweighted,10,0.3581807324840764,0,14,None,66,1,5,False,1,1
32934,154,unweighted,10,0.35828025477707,0,14,None,66,1,5,False,1,1
32935,150,unweighted,10,0.5884753184713376,0,30,None,66,1,5,False,1,1
32936,151,unweighted,10,0.5923566878980892,0,30,None,66,1,5,False,1,1
32937,152,unweighted,10,0.5957404458598726,0,30,None,66,1,5,False,1,1
32938,153,unweighted,10,0.5993232484076433,0,30,None,66,1,5,False,1,1
32939,154,unweighted,10,0.6026074840764332,0,30,None,66,1,5,False,1,1
32940,150,unweighted,10,0.5557324840764332,0,26,None,66,1,5,False,1,1
32941,151,unweighted,10,0.5536425159235668,0,26,None,66,1,5,False,1,1
32942,152,unweighted,10,0.5510549363057324,0,26,None,66,1,5,False,1,1
32943,153,unweighted,10,0.5481687898089171,0,26,None,66,1,5,False,1,1
32944,154,unweighted,10,0.5467754777070064,0,26,None,66,1,5,False,1,1
32945,150,unweighted,10,0.4391918789808917,0,4,None,66,1,5,False,1,1
32946,151,unweighted,10,0.438296178343949,0,4,None,66,1,5,False,1,1
32947,152,unweighted,10,0.4396894904458598,0,4,None,66,1,5,False,1,1
32948,153,unweighted,10,0.4398885350318471,0,4,None,66,1,5,False,1,1
32949,154,unweighted,10,0.4427746815286624,0,4,None,66,1,5,False,1,1
32950,150,unweighted,10,0.5023885350318471,0,23,None,66,1,5,False,1,1
32951,151,unweighted,10,0.5061703821656051,0,23,None,66,1,5,False,1,1
32952,152,unweighted,10,0.5100517515923567,0,23,None,66,1,5,False,1,1
32953,153,unweighted,10,0.5125398089171974,0,23,None,66,1,5,False,1,1
32954,154,unweighted,10,0.5153264331210191,0,23,None,66,1,5,False,1,1
32955,150,unweighted,10,0.5849920382165605,0,0,None,66,1,5,False,1,1
32956,151,unweighted,10,0.5867834394904459,0,0,None,66,1,5,False,1,1
32957,152,unweighted,10,0.5908638535031847,0,0,None,66,1,5,False,1,1
32958,153,unweighted,10,0.5939490445859873,0,0,None,66,1,5,False,1,1
32959,154,unweighted,10,0.5960390127388535,0,0,None,66,1,5,False,1,1
32960,150,unweighted,10,0.6118630573248408,0,11,None,66,1,5,False,1,1
32961,151,unweighted,10,0.6220143312101911,0,11,None,66,1,5,False,1,1
32962,152,unweighted,10,0.6264928343949044,0,11,None,66,1,5,False,1,1
32963,153,unweighted,10,0.6301751592356688,0,11,None,66,1,5,False,1,1
32964,154,unweighted,10,0.631468949044586,0,11,None,66,1,5,False,1,1
32965,150,unweighted,10,0.6043988853503185,0,17,None,66,1,5,False,1,1
32966,151,unweighted,10,0.6067874203821656,0,17,None,66,1,5,False,1,1
32967,152,unweighted,10,0.6088773885350318,0,17,None,66,1,5,False,1,1
32968,153,unweighted,10,0.6110668789808917,0,17,None,66,1,5,False,1,1
32969,154,unweighted,10,0.6133558917197452,0,17,None,66,1,5,False,1,1
32970,150,unweighted,10,0.4473527070063694,0,24,None,66,1,5,False,1,1
32971,151,unweighted,10,0.4514331210191082,0,24,None,66,1,5,False,1,1
32972,152,unweighted,10,0.4554140127388535,0,24,None,66,1,5,False,1,1
32973,153,unweighted,10,0.4611863057324841,0,24,None,66,1,5,False,1,1
32974,154,unweighted,10,0.4666600318471338,0,24,None,66,1,5,False,1,1
32975,150,unweighted,10,0.5168192675159236,0,8,None,66,1,5,False,1,1
32976,151,unweighted,10,0.5198049363057324,0,8,None,66,1,5,False,1,1
32977,152,unweighted,10,0.5221934713375797,0,8,None,66,1,5,False,1,1
32978,153,unweighted,10,0.5236863057324841,0,8,None,66,1,5,False,1,1
32979,154,unweighted,10,0.5245820063694268,0,8,None,66,1,5,False,1,1
32980,150,unweighted,10,0.5644904458598726,0,18,None,66,1,5,False,1,1
32981,151,unweighted,10,0.5698646496815286,0,18,None,66,1,5,False,1,1
32982,152,unweighted,10,0.5780254777070064,0,18,None,66,1,5,False,1,1
32983,153,unweighted,10,0.5867834394904459,0,18,None,66,1,5,False,1,1
32984,154,unweighted,10,0.5966361464968153,0,18,None,66,1,5,False,1,1
32985,150,unweighted,10,0.4823845541401274,0,19,None,66,1,5,False,1,1
32986,151,unweighted,10,0.4791003184713376,0,19,None,66,1,5,False,1,1
32987,152,unweighted,10,0.4796974522292994,0,19,None,66,1,5,False,1,1
32988,153,unweighted,10,0.4798964968152866,0,19,None,66,1,5,False,1,1
32989,154,unweighted,10,0.4812898089171974,0,19,None,66,1,5,False,1,1
32990,150,unweighted,10,0.5448845541401274,0,3,None,66,1,5,False,1,1
32991,151,unweighted,10,0.5453821656050956,0,3,None,66,1,5,False,1,1
32992,152,unweighted,10,0.5469745222929936,0,3,None,66,1,5,False,1,1
32993,153,unweighted,10,0.54796974522293,0,3,None,66,1,5,False,1,1
32994,154,unweighted,10,0.5484673566878981,0,3,None,66,1,5,False,1,1
32995,150,unweighted,10,0.5562300955414012,0,31,None,66,1,5,False,1,1
32996,151,unweighted,10,0.5617038216560509,0,31,None,66,1,5,False,1,1
32997,152,unweighted,10,0.5676751592356688,0,31,None,66,1,5,False,1,1
32998,153,unweighted,10,0.5698646496815286,0,31,None,66,1,5,False,1,1
32999,154,unweighted,10,0.5728503184713376,0,31,None,66,1,5,False,1,1
33825,155,unweighted,10,0.5722531847133758,0,15,None,66,1,5,False,1,1
33826,156,unweighted,10,0.5717555732484076,0,15,None,66,1,5,False,1,1
33827,157,unweighted,10,0.5721536624203821,0,15,None,66,1,5,False,1,1
33828,158,unweighted,10,0.5730493630573248,0,15,None,66,1,5,False,1,1
33829,159,unweighted,10,0.5746417197452229,0,15,None,66,1,5,False,1,1
33830,155,unweighted,10,0.6565485668789809,0,16,None,66,1,5,False,1,1
33831,156,unweighted,10,0.6602308917197452,0,16,None,66,1,5,False,1,1
33832,157,unweighted,10,0.6641122611464968,0,16,None,66,1,5,False,1,1
33833,158,unweighted,10,0.6667993630573248,0,16,None,66,1,5,False,1,1
33834,159,unweighted,10,0.6684912420382165,0,16,None,66,1,5,False,1,1
33835,155,unweighted,10,0.6328622611464968,0,11,None,66,1,5,False,1,1
33836,156,unweighted,10,0.6363455414012739,0,11,None,66,1,5,False,1,1
33837,157,unweighted,10,0.637937898089172,0,11,None,66,1,5,False,1,1
33838,158,unweighted,10,0.6391321656050956,0,11,None,66,1,5,False,1,1
33839,159,unweighted,10,0.6388335987261147,0,11,None,66,1,5,False,1,1
33840,155,unweighted,10,0.3690286624203822,0,14,None,66,1,5,False,1,1
33841,156,unweighted,10,0.362858280254777,0,14,None,66,1,5,False,1,1
33842,157,unweighted,10,0.363953025477707,0,14,None,66,1,5,False,1,1
33843,158,unweighted,10,0.3642515923566879,0,14,None,66,1,5,False,1,1
33844,159,unweighted,10,0.3634554140127388,0,14,None,66,1,5,False,1,1
33845,155,unweighted,10,0.6106687898089171,0,17,None,66,1,5,False,1,1
33846,156,unweighted,10,0.6126592356687898,0,17,None,66,1,5,False,1,1
33847,157,unweighted,10,0.6163415605095541,0,17,None,66,1,5,False,1,1
33848,158,unweighted,10,0.6175358280254777,0,17,None,66,1,5,False,1,1
33849,159,unweighted,10,0.6192277070063694,0,17,None,66,1,5,False,1,1
33850,155,unweighted,10,0.5226910828025477,0,25,None,66,1,5,False,1,1
33851,156,unweighted,10,0.5265724522292994,0,25,None,66,1,5,False,1,1
33852,157,unweighted,10,0.53015525477707,0,25,None,66,1,5,False,1,1
33853,158,unweighted,10,0.5347332802547771,0,25,None,66,1,5,False,1,1
33854,159,unweighted,10,0.540406050955414,0,25,None,66,1,5,False,1,1
33855,155,unweighted,10,0.556827229299363,0,26,None,66,1,5,False,1,1
33856,156,unweighted,10,0.5548367834394905,0,26,None,66,1,5,False,1,1
33857,157,unweighted,10,0.5536425159235668,0,26,None,66,1,5,False,1,1
33858,158,unweighted,10,0.5509554140127388,0,26,None,66,1,5,False,1,1
33859,159,unweighted,10,0.5496616242038217,0,26,None,66,1,5,False,1,1
33860,155,unweighted,10,0.629578025477707,0,12,None,66,1,5,False,1,1
33861,156,unweighted,10,0.6338574840764332,0,12,None,66,1,5,False,1,1
33862,157,unweighted,10,0.6357484076433121,0,12,None,66,1,5,False,1,1
33863,158,unweighted,10,0.6375398089171974,0,12,None,66,1,5,False,1,1
33864,159,unweighted,10,0.6394307324840764,0,12,None,66,1,5,False,1,1
33865,155,unweighted,10,0.4588972929936306,0,24,None,66,1,5,False,1,1
33866,156,unweighted,10,0.4634753184713376,0,24,None,66,1,5,False,1,1
33867,157,unweighted,10,0.4685509554140127,0,24,None,66,1,5,False,1,1
33868,158,unweighted,10,0.4732285031847134,0,24,None,66,1,5,False,1,1
33869,159,unweighted,10,0.4796974522292994,0,24,None,66,1,5,False,1,1
33870,155,unweighted,10,0.6052945859872612,0,30,None,66,1,5,False,1,1
33871,156,unweighted,10,0.6086783439490446,0,30,None,66,1,5,False,1,1
33872,157,unweighted,10,0.6115644904458599,0,30,None,66,1,5,False,1,1
33873,158,unweighted,10,0.6152468152866242,0,30,None,66,1,5,False,1,1
33874,159,unweighted,10,0.6181329617834395,0,30,None,66,1,5,False,1,1
33875,155,unweighted,10,0.5695660828025477,0,31,None,66,1,5,False,1,1
33876,156,unweighted,10,0.5726512738853503,0,31,None,66,1,5,False,1,1
33877,157,unweighted,10,0.575437898089172,0,31,None,66,1,5,False,1,1
33878,158,unweighted,10,0.5783240445859873,0,31,None,66,1,5,False,1,1
33879,159,unweighted,10,0.5803144904458599,0,31,None,66,1,5,False,1,1
33880,155,unweighted,10,0.5903662420382165,0,7,None,66,1,5,False,1,1
33881,156,unweighted,10,0.5923566878980892,0,7,None,66,1,5,False,1,1
33882,157,unweighted,10,0.5942476114649682,0,7,None,66,1,5,False,1,1
33883,158,unweighted,10,0.5958399681528662,0,7,None,66,1,5,False,1,1
33884,159,unweighted,10,0.5974323248407644,0,7,None,66,1,5,False,1,1
33885,155,unweighted,10,0.615047770700637,0,1,None,66,1,5,False,1,1
33886,156,unweighted,10,0.6315684713375797,0,1,None,66,1,5,False,1,1
33887,157,unweighted,10,0.6422173566878981,0,1,None,66,1,5,False,1,1
33888,158,unweighted,10,0.6507762738853503,0,1,None,66,1,5,False,1,1
33889,159,unweighted,10,0.6518710191082803,0,1,None,66,1,5,False,1,1
33890,155,unweighted,10,0.51671974522293,0,2,None,66,1,5,False,1,1
33891,156,unweighted,10,0.4972133757961783,0,2,None,66,1,5,False,1,1
33892,157,unweighted,10,0.4883558917197452,0,2,None,66,1,5,False,1,1
33893,158,unweighted,10,0.489749203821656,0,2,None,66,1,5,False,1,1
33894,159,unweighted,10,0.4917396496815286,0,2,None,66,1,5,False,1,1
33895,155,unweighted,10,0.6048964968152867,0,5,None,66,1,5,False,1,1
33896,156,unweighted,10,0.6025079617834395,0,5,None,66,1,5,False,1,1
33897,157,unweighted,10,0.6018113057324841,0,5,None,66,1,5,False,1,1
33898,158,unweighted,10,0.6014132165605095,0,5,None,66,1,5,False,1,1
33899,159,unweighted,10,0.6026074840764332,0,5,None,66,1,5,False,1,1
33900,155,unweighted,10,0.5923566878980892,0,13,None,66,1,5,False,1,1
33901,156,unweighted,10,0.5940485668789809,0,13,None,66,1,5,False,1,1
33902,157,unweighted,10,0.5979299363057324,0,13,None,66,1,5,False,1,1
33903,158,unweighted,10,0.6009156050955414,0,13,None,66,1,5,False,1,1
33904,159,unweighted,10,0.603702229299363,0,13,None,66,1,5,False,1,1
33905,155,unweighted,10,0.556031050955414,0,9,None,66,1,5,False,1,1
33906,156,unweighted,10,0.5586186305732485,0,9,None,66,1,5,False,1,1
33907,157,unweighted,10,0.5610071656050956,0,9,None,66,1,5,False,1,1
33908,158,unweighted,10,0.5633957006369427,0,9,None,66,1,5,False,1,1
33909,159,unweighted,10,0.564390923566879,0,9,None,66,1,5,False,1,1
33910,155,unweighted,10,0.5676751592356688,0,28,None,66,1,5,False,1,1
33911,156,unweighted,10,0.5703622611464968,0,28,None,66,1,5,False,1,1
33912,157,unweighted,10,0.5750398089171974,0,28,None,66,1,5,False,1,1
33913,158,unweighted,10,0.5790207006369427,0,28,None,66,1,5,False,1,1
33914,159,unweighted,10,0.5833996815286624,0,28,None,66,1,5,False,1,1
33915,155,unweighted,10,0.6300756369426752,0,27,None,66,1,5,False,1,1
33916,156,unweighted,10,0.632265127388535,0,27,None,66,1,5,False,1,1
33917,157,unweighted,10,0.636046974522293,0,27,None,66,1,5,False,1,1
33918,158,unweighted,10,0.6397292993630573,0,27,None,66,1,5,False,1,1
33919,159,unweighted,10,0.6436106687898089,0,27,None,66,1,5,False,1,1
33920,155,unweighted,10,0.4770103503184713,0,29,None,66,1,5,False,1,1
33921,156,unweighted,10,0.4526273885350318,0,29,None,66,1,5,False,1,1
33922,157,unweighted,10,0.4410828025477707,0,29,None,66,1,5,False,1,1
33923,158,unweighted,10,0.4368033439490446,0,29,None,66,1,5,False,1,1
33924,159,unweighted,10,0.4338176751592357,0,29,None,66,1,5,False,1,1
33925,155,unweighted,10,0.586484872611465,0,6,None,66,1,5,False,1,1
33926,156,unweighted,10,0.5884753184713376,0,6,None,66,1,5,False,1,1
33927,157,unweighted,10,0.5912619426751592,0,6,None,66,1,5,False,1,1
33928,158,unweighted,10,0.5928542993630573,0,6,None,66,1,5,False,1,1
33929,159,unweighted,10,0.5947452229299363,0,6,None,66,1,5,False,1,1
33930,155,unweighted,10,0.6001194267515924,0,0,None,66,1,5,False,1,1
33931,156,unweighted,10,0.6014132165605095,0,0,None,66,1,5,False,1,1
33932,157,unweighted,10,0.6034036624203821,0,0,None,66,1,5,False,1,1
33933,158,unweighted,10,0.6049960191082803,0,0,None,66,1,5,False,1,1
33934,159,unweighted,10,0.6071855095541401,0,0,None,66,1,5,False,1,1
33935,155,unweighted,10,0.6371417197452229,0,22,None,66,1,5,False,1,1
33936,156,unweighted,10,0.6382364649681529,0,22,None,66,1,5,False,1,1
33937,157,unweighted,10,0.6401273885350318,0,22,None,66,1,5,False,1,1
33938,158,unweighted,10,0.6391321656050956,0,22,None,66,1,5,False,1,1
33939,159,unweighted,10,0.6394307324840764,0,22,None,66,1,5,False,1,1
33940,155,unweighted,10,0.6219148089171974,0,10,None,66,1,5,False,1,1
33941,156,unweighted,10,0.6218152866242038,0,10,None,66,1,5,False,1,1
33942,157,unweighted,10,0.622312898089172,0,10,None,66,1,5,False,1,1
33943,158,unweighted,10,0.6241042993630573,0,10,None,66,1,5,False,1,1
33944,159,unweighted,10,0.6258957006369427,0,10,None,66,1,5,False,1,1
33945,155,unweighted,10,0.5162221337579618,0,23,None,66,1,5,False,1,1
33946,156,unweighted,10,0.5190087579617835,0,23,None,66,1,5,False,1,1
33947,157,unweighted,10,0.522890127388535,0,23,None,66,1,5,False,1,1
33948,158,unweighted,10,0.5271695859872612,0,23,None,66,1,5,False,1,1
33949,159,unweighted,10,0.5295581210191083,0,23,None,66,1,5,False,1,1
33950,155,unweighted,10,0.4859673566878981,0,32,None,66,1,5,False,1,1
33951,156,unweighted,10,0.4854697452229299,0,32,None,66,1,5,False,1,1
33952,157,unweighted,10,0.4890525477707006,0,32,None,66,1,5,False,1,1
33953,158,unweighted,10,0.4925358280254777,0,32,None,66,1,5,False,1,1
33954,159,unweighted,10,0.4950238853503185,0,32,None,66,1,5,False,1,1
33955,155,unweighted,10,0.4556130573248407,0,4,None,66,1,5,False,1,1
33956,156,unweighted,10,0.4524283439490446,0,4,None,66,1,5,False,1,1
33957,157,unweighted,10,0.4544187898089172,0,4,None,66,1,5,False,1,1
33958,158,unweighted,10,0.4568073248407643,0,4,None,66,1,5,False,1,1
33959,159,unweighted,10,0.4586982484076433,0,4,None,66,1,5,False,1,1
33960,155,unweighted,10,0.5528463375796179,0,3,None,66,1,5,False,1,1
33961,156,unweighted,10,0.5521496815286624,0,3,None,66,1,5,False,1,1
33962,157,unweighted,10,0.5538415605095541,0,3,None,66,1,5,False,1,1
33963,158,unweighted,10,0.5553343949044586,0,3,None,66,1,5,False,1,1
33964,159,unweighted,10,0.5566281847133758,0,3,None,66,1,5,False,1,1
33965,155,unweighted,10,0.5640923566878981,0,20,None,66,1,5,False,1,1
33966,156,unweighted,10,0.5691679936305732,0,20,None,66,1,5,False,1,1
33967,157,unweighted,10,0.5711584394904459,0,20,None,66,1,5,False,1,1
33968,158,unweighted,10,0.5741441082802548,0,20,None,66,1,5,False,1,1
33969,159,unweighted,10,0.5774283439490446,0,20,None,66,1,5,False,1,1
33970,155,unweighted,10,0.525577229299363,0,8,None,66,1,5,False,1,1
33971,156,unweighted,10,0.5261743630573248,0,8,None,66,1,5,False,1,1
33972,157,unweighted,10,0.5280652866242038,0,8,None,66,1,5,False,1,1
33973,158,unweighted,10,0.5291600318471338,0,8,None,66,1,5,False,1,1
33974,159,unweighted,10,0.5314490445859873,0,8,None,66,1,5,False,1,1
33975,155,unweighted,10,0.5882762738853503,0,18,None,66,1,5,False,1,1
33976,156,unweighted,10,0.6004179936305732,0,18,None,66,1,5,False,1,1
33977,157,unweighted,10,0.6109673566878981,0,18,None,66,1,5,False,1,1
33978,158,unweighted,10,0.6170382165605095,0,18,None,66,1,5,False,1,1
33979,159,unweighted,10,0.6242038216560509,0,18,None,66,1,5,False,1,1
33980,155,unweighted,10,0.4990047770700637,0,19,None,66,1,5,False,1,1
33981,156,unweighted,10,0.4966162420382166,0,19,None,66,1,5,False,1,1
33982,157,unweighted,10,0.4969148089171974,0,19,None,66,1,5,False,1,1
33983,158,unweighted,10,0.4985071656050955,0,19,None,66,1,5,False,1,1
33984,159,unweighted,10,0.5000995222929936,0,19,None,66,1,5,False,1,1
33985,155,unweighted,10,0.5671775477707006,0,21,None,66,1,5,False,1,1
33986,156,unweighted,10,0.5559315286624203,0,21,None,66,1,5,False,1,1
33987,157,unweighted,10,0.5573248407643312,0,21,None,66,1,5,False,1,1
33988,158,unweighted,10,0.559812898089172,0,21,None,66,1,5,False,1,1
33989,159,unweighted,10,0.5621019108280255,0,21,None,66,1,5,False,1,1
33990,160,unweighted,10,0.4923367834394904,0,32,None,66,1,5,False,1,1
33991,161,unweighted,10,0.4924363057324841,0,32,None,66,1,5,False,1,1
33992,162,unweighted,10,0.4957205414012738,0,32,None,66,1,5,False,1,1
33993,163,unweighted,10,0.4982085987261146,0,32,None,66,1,5,False,1,1
33994,164,unweighted,10,0.5006966560509554,0,32,None,66,1,5,False,1,1
33995,160,unweighted,10,0.6236066878980892,0,1,None,66,1,5,False,1,1
33996,161,unweighted,10,0.6398288216560509,0,1,None,66,1,5,False,1,1
33997,162,unweighted,10,0.6482882165605095,0,1,None,66,1,5,False,1,1
33998,163,unweighted,10,0.6595342356687898,0,1,None,66,1,5,False,1,1
33999,164,unweighted,10,0.6604299363057324,0,1,None,66,1,5,False,1,1
34000,160,unweighted,10,0.5256767515923567,0,23,None,66,1,5,False,1,1
34001,161,unweighted,10,0.5287619426751592,0,23,None,66,1,5,False,1,1
34002,162,unweighted,10,0.5320461783439491,0,23,None,66,1,5,False,1,1
34003,163,unweighted,10,0.5356289808917197,0,23,None,66,1,5,False,1,1
34004,164,unweighted,10,0.5367237261146497,0,23,None,66,1,5,False,1,1
34005,160,unweighted,10,0.6405254777070064,0,22,None,66,1,5,False,1,1
34006,161,unweighted,10,0.64171974522293,0,22,None,66,1,5,False,1,1
34007,162,unweighted,10,0.6421178343949044,0,22,None,66,1,5,False,1,1
34008,163,unweighted,10,0.6421178343949044,0,22,None,66,1,5,False,1,1
34009,164,unweighted,10,0.6423168789808917,0,22,None,66,1,5,False,1,1
34010,160,unweighted,10,0.4923367834394904,0,29,None,66,1,5,False,1,1
34011,161,unweighted,10,0.4749203821656051,0,29,None,66,1,5,False,1,1
34012,162,unweighted,10,0.4623805732484076,0,29,None,66,1,5,False,1,1
34013,163,unweighted,10,0.4529259554140127,0,29,None,66,1,5,False,1,1
34014,164,unweighted,10,0.4462579617834395,0,29,None,66,1,5,False,1,1
34015,160,unweighted,10,0.5746417197452229,0,25,None,66,1,5,False,1,1
34016,161,unweighted,10,0.5450835987261147,0,25,None,66,1,5,False,1,1
34017,162,unweighted,10,0.5499601910828026,0,25,None,66,1,5,False,1,1
34018,163,unweighted,10,0.5547372611464968,0,25,None,66,1,5,False,1,1
34019,164,unweighted,10,0.5592157643312102,0,25,None,66,1,5,False,1,1
34020,160,unweighted,10,0.6658041401273885,0,16,None,66,1,5,False,1,1
34021,161,unweighted,10,0.6696855095541401,0,16,None,66,1,5,False,1,1
34022,162,unweighted,10,0.6717754777070064,0,16,None,66,1,5,False,1,1
34023,163,unweighted,10,0.6734673566878981,0,16,None,66,1,5,False,1,1
34024,164,unweighted,10,0.6743630573248408,0,16,None,66,1,5,False,1,1
34025,160,unweighted,10,0.5302547770700637,0,8,None,66,1,5,False,1,1
34026,161,unweighted,10,0.5325437898089171,0,8,None,66,1,5,False,1,1
34027,162,unweighted,10,0.5346337579617835,0,8,None,66,1,5,False,1,1
34028,163,unweighted,10,0.5372213375796179,0,8,None,66,1,5,False,1,1
34029,164,unweighted,10,0.5393113057324841,0,8,None,66,1,5,False,1,1
34030,160,unweighted,10,0.605593152866242,0,13,None,66,1,5,False,1,1
34031,161,unweighted,10,0.6078821656050956,0,13,None,66,1,5,False,1,1
34032,162,unweighted,10,0.6115644904458599,0,13,None,66,1,5,False,1,1
34033,163,unweighted,10,0.6153463375796179,0,13,None,66,1,5,False,1,1
34034,164,unweighted,10,0.6195262738853503,0,13,None,66,1,5,False,1,1
34035,160,unweighted,10,0.5711584394904459,0,31,None,66,1,5,False,1,1
34036,161,unweighted,10,0.5766321656050956,0,31,None,66,1,5,False,1,1
34037,162,unweighted,10,0.57921974522293,0,31,None,66,1,5,False,1,1
34038,163,unweighted,10,0.5830015923566879,0,31,None,66,1,5,False,1,1
34039,164,unweighted,10,0.5861863057324841,0,31,None,66,1,5,False,1,1
34040,160,unweighted,10,0.5345342356687898,0,2,None,66,1,5,False,1,1
34041,161,unweighted,10,0.5187101910828026,0,2,None,66,1,5,False,1,1
34042,162,unweighted,10,0.5093550955414012,0,2,None,66,1,5,False,1,1
34043,163,unweighted,10,0.5050756369426752,0,2,None,66,1,5,False,1,1
34044,164,unweighted,10,0.5040804140127388,0,2,None,66,1,5,False,1,1
34045,160,unweighted,10,0.5642914012738853,0,9,None,66,1,5,False,1,1
34046,161,unweighted,10,0.567078025477707,0,9,None,66,1,5,False,1,1
34047,162,unweighted,10,0.5702627388535032,0,9,None,66,1,5,False,1,1
34048,163,unweighted,10,0.573546974522293,0,9,None,66,1,5,False,1,1
34049,164,unweighted,10,0.5760350318471338,0,9,None,66,1,5,False,1,1
34050,160,unweighted,10,0.6318670382165605,0,10,None,66,1,5,False,1,1
34051,161,unweighted,10,0.6305732484076433,0,10,None,66,1,5,False,1,1
34052,162,unweighted,10,0.6326632165605095,0,10,None,66,1,5,False,1,1
34053,163,unweighted,10,0.6345541401273885,0,10,None,66,1,5,False,1,1
34054,164,unweighted,10,0.6356488853503185,0,10,None,66,1,5,False,1,1
34055,160,unweighted,10,0.6473925159235668,0,11,None,66,1,5,False,1,1
34056,161,unweighted,10,0.6465963375796179,0,11,None,66,1,5,False,1,1
34057,162,unweighted,10,0.6473925159235668,0,11,None,66,1,5,False,1,1
34058,163,unweighted,10,0.6490843949044586,0,11,None,66,1,5,False,1,1
34059,164,unweighted,10,0.6495820063694268,0,11,None,66,1,5,False,1,1
34060,160,unweighted,10,0.5822054140127388,0,15,None,66,1,5,False,1,1
34061,161,unweighted,10,0.5820063694267515,0,15,None,66,1,5,False,1,1
34062,162,unweighted,10,0.5833001592356688,0,15,None,66,1,5,False,1,1
34063,163,unweighted,10,0.5835987261146497,0,15,None,66,1,5,False,1,1
34064,164,unweighted,10,0.5849920382165605,0,15,None,66,1,5,False,1,1
34065,160,unweighted,10,0.560609076433121,0,3,None,66,1,5,False,1,1
34066,161,unweighted,10,0.5603105095541401,0,3,None,66,1,5,False,1,1
34067,162,unweighted,10,0.5615047770700637,0,3,None,66,1,5,False,1,1
34068,163,unweighted,10,0.5624004777070064,0,3,None,66,1,5,False,1,1
34069,164,unweighted,10,0.5629976114649682,0,3,None,66,1,5,False,1,1
34070,160,unweighted,10,0.5723527070063694,0,20,None,66,1,5,False,1,1
34071,161,unweighted,10,0.5750398089171974,0,20,None,66,1,5,False,1,1
34072,162,unweighted,10,0.5793192675159236,0,20,None,66,1,5,False,1,1
34073,163,unweighted,10,0.5821058917197452,0,20,None,66,1,5,False,1,1
34074,164,unweighted,10,0.5849920382165605,0,20,None,66,1,5,False,1,1
34075,160,unweighted,10,0.6118630573248408,0,18,None,66,1,5,False,1,1
34076,161,unweighted,10,0.6241042993630573,0,18,None,66,1,5,False,1,1
34077,162,unweighted,10,0.632265127388535,0,18,None,66,1,5,False,1,1
34078,163,unweighted,10,0.638734076433121,0,18,None,66,1,5,False,1,1
34079,164,unweighted,10,0.6456011146496815,0,18,None,66,1,5,False,1,1
34080,160,unweighted,10,0.5852906050955414,0,28,None,66,1,5,False,1,1
34081,161,unweighted,10,0.5844944267515924,0,28,None,66,1,5,False,1,1
34082,162,unweighted,10,0.5866839171974523,0,28,None,66,1,5,False,1,1
34083,163,unweighted,10,0.5911624203821656,0,28,None,66,1,5,False,1,1
34084,164,unweighted,10,0.5951433121019108,0,28,None,66,1,5,False,1,1
34085,160,unweighted,10,0.6098726114649682,0,5,None,66,1,5,False,1,1
34086,161,unweighted,10,0.606687898089172,0,5,None,66,1,5,False,1,1
34087,162,unweighted,10,0.6071855095541401,0,5,None,66,1,5,False,1,1
34088,163,unweighted,10,0.6072850318471338,0,5,None,66,1,5,False,1,1
34089,164,unweighted,10,0.6075835987261147,0,5,None,66,1,5,False,1,1
34090,160,unweighted,10,0.4651671974522293,0,4,None,66,1,5,False,1,1
34091,161,unweighted,10,0.4615843949044586,0,4,None,66,1,5,False,1,1
34092,162,unweighted,10,0.4664609872611465,0,4,None,66,1,5,False,1,1
34093,163,unweighted,10,0.4704418789808917,0,4,None,66,1,5,False,1,1
34094,164,unweighted,10,0.4735270700636942,0,4,None,66,1,5,False,1,1
34095,160,unweighted,10,0.5963375796178344,0,7,None,66,1,5,False,1,1
34096,161,unweighted,10,0.5974323248407644,0,7,None,66,1,5,False,1,1
34097,162,unweighted,10,0.5998208598726115,0,7,None,66,1,5,False,1,1
34098,163,unweighted,10,0.6013136942675159,0,7,None,66,1,5,False,1,1
34099,164,unweighted,10,0.6030055732484076,0,7,None,66,1,5,False,1,1
34100,160,unweighted,10,0.5947452229299363,0,6,None,66,1,5,False,1,1
34101,161,unweighted,10,0.5958399681528662,0,6,None,66,1,5,False,1,1
34102,162,unweighted,10,0.5970342356687898,0,6,None,66,1,5,False,1,1
34103,163,unweighted,10,0.5977308917197452,0,6,None,66,1,5,False,1,1
34104,164,unweighted,10,0.5984275477707006,0,6,None,66,1,5,False,1,1
34105,160,unweighted,10,0.6374402866242038,0,12,None,66,1,5,False,1,1
34106,161,unweighted,10,0.6407245222929936,0,12,None,66,1,5,False,1,1
34107,162,unweighted,10,0.6430135350318471,0,12,None,66,1,5,False,1,1
34108,163,unweighted,10,0.645203025477707,0,12,None,66,1,5,False,1,1
34109,164,unweighted,10,0.6472929936305732,0,12,None,66,1,5,False,1,1
34110,160,unweighted,10,0.3759952229299363,0,14,None,66,1,5,False,1,1
34111,161,unweighted,10,0.369327229299363,0,14,None,66,1,5,False,1,1
34112,162,unweighted,10,0.3695262738853503,0,14,None,66,1,5,False,1,1
34113,163,unweighted,10,0.3692277070063694,0,14,None,66,1,5,False,1,1
34114,164,unweighted,10,0.3678343949044586,0,14,None,66,1,5,False,1,1
34115,160,unweighted,10,0.5644904458598726,0,26,None,66,1,5,False,1,1
34116,161,unweighted,10,0.5618033439490446,0,26,None,66,1,5,False,1,1
34117,162,unweighted,10,0.5607085987261147,0,26,None,66,1,5,False,1,1
34118,163,unweighted,10,0.559812898089172,0,26,None,66,1,5,False,1,1
34119,164,unweighted,10,0.5600119426751592,0,26,None,66,1,5,False,1,1
34120,160,unweighted,10,0.6218152866242038,0,30,None,66,1,5,False,1,1
34121,161,unweighted,10,0.6236066878980892,0,30,None,66,1,5,False,1,1
34122,162,unweighted,10,0.6266918789808917,0,30,None,66,1,5,False,1,1
34123,163,unweighted,10,0.6293789808917197,0,30,None,66,1,5,False,1,1
34124,164,unweighted,10,0.6316679936305732,0,30,None,66,1,5,False,1,1
34125,165,unweighted,10,0.5650875796178344,0,26,None,66,1,5,False,1,1
34126,166,unweighted,10,0.5631966560509554,0,26,None,66,1,5,False,1,1
34127,167,unweighted,10,0.5623009554140127,0,26,None,66,1,5,False,1,1
34128,168,unweighted,10,0.5627985668789809,0,26,None,66,1,5,False,1,1
34129,169,unweighted,10,0.5622014331210191,0,26,None,66,1,5,False,1,1
34130,160,unweighted,10,0.6179339171974523,0,17,None,66,1,5,False,1,1
34131,161,unweighted,10,0.6188296178343949,0,17,None,66,1,5,False,1,1
34132,162,unweighted,10,0.6209195859872612,0,17,None,66,1,5,False,1,1
34133,163,unweighted,10,0.6227109872611465,0,17,None,66,1,5,False,1,1
34134,164,unweighted,10,0.6246019108280255,0,17,None,66,1,5,False,1,1
34135,160,unweighted,10,0.6385350318471338,0,27,None,66,1,5,False,1,1
34136,161,unweighted,10,0.643312101910828,0,27,None,66,1,5,False,1,1
34137,162,unweighted,10,0.6464968152866242,0,27,None,66,1,5,False,1,1
34138,163,unweighted,10,0.6509753184713376,0,27,None,66,1,5,False,1,1
34139,164,unweighted,10,0.6536624203821656,0,27,None,66,1,5,False,1,1
34140,160,unweighted,10,0.5087579617834395,0,19,None,66,1,5,False,1,1
34141,161,unweighted,10,0.5077627388535032,0,19,None,66,1,5,False,1,1
34142,162,unweighted,10,0.5076632165605095,0,19,None,66,1,5,False,1,1
34143,163,unweighted,10,0.5093550955414012,0,19,None,66,1,5,False,1,1
34144,164,unweighted,10,0.511843152866242,0,19,None,66,1,5,False,1,1
34145,160,unweighted,10,0.5765326433121019,0,21,None,66,1,5,False,1,1
34146,161,unweighted,10,0.5702627388535032,0,21,None,66,1,5,False,1,1
34147,162,unweighted,10,0.5728503184713376,0,21,None,66,1,5,False,1,1
34148,163,unweighted,10,0.5750398089171974,0,21,None,66,1,5,False,1,1
34149,164,unweighted,10,0.5779259554140127,0,21,None,66,1,5,False,1,1
34150,160,unweighted,10,0.6096735668789809,0,0,None,66,1,5,False,1,1
34151,161,unweighted,10,0.61046974522293,0,0,None,66,1,5,False,1,1
34152,162,unweighted,10,0.6135549363057324,0,0,None,66,1,5,False,1,1
34153,163,unweighted,10,0.6142515923566879,0,0,None,66,1,5,False,1,1
34154,164,unweighted,10,0.6161425159235668,0,0,None,66,1,5,False,1,1
34155,160,unweighted,10,0.46765525477707,0,24,None,66,1,5,False,1,1
34156,161,unweighted,10,0.4718351910828025,0,24,None,66,1,5,False,1,1
34157,162,unweighted,10,0.4758160828025478,0,24,None,66,1,5,False,1,1
34158,163,unweighted,10,0.482484076433121,0,24,None,66,1,5,False,1,1
34159,164,unweighted,10,0.4884554140127388,0,24,None,66,1,5,False,1,1
34160,165,unweighted,10,0.6354498407643312,0,1,None,66,1,5,False,1,1
34161,166,unweighted,10,0.6492834394904459,0,1,None,66,1,5,False,1,1
34162,167,unweighted,10,0.6559514331210191,0,1,None,66,1,5,False,1,1
34163,168,unweighted,10,0.6669984076433121,0,1,None,66,1,5,False,1,1
34164,169,unweighted,10,0.6661027070063694,0,1,None,66,1,5,False,1,1
34165,165,unweighted,10,0.5928542993630573,0,21,None,66,1,5,False,1,1
34166,166,unweighted,10,0.5882762738853503,0,21,None,66,1,5,False,1,1
34167,167,unweighted,10,0.5921576433121019,0,21,None,66,1,5,False,1,1
34168,168,unweighted,10,0.5960390127388535,0,21,None,66,1,5,False,1,1
34169,169,unweighted,10,0.597531847133758,0,21,None,66,1,5,False,1,1
34170,165,unweighted,10,0.5466759554140127,0,2,None,66,1,5,False,1,1
34171,166,unweighted,10,0.5338375796178344,0,2,None,66,1,5,False,1,1
34172,167,unweighted,10,0.5253781847133758,0,2,None,66,1,5,False,1,1
34173,168,unweighted,10,0.5201035031847133,0,2,None,66,1,5,False,1,1
34174,169,unweighted,10,0.5187101910828026,0,2,None,66,1,5,False,1,1
34175,165,unweighted,10,0.6040007961783439,0,7,None,66,1,5,False,1,1
34176,166,unweighted,10,0.6059912420382165,0,7,None,66,1,5,False,1,1
34177,167,unweighted,10,0.6077826433121019,0,7,None,66,1,5,False,1,1
34178,168,unweighted,10,0.6101711783439491,0,7,None,66,1,5,False,1,1
34179,169,unweighted,10,0.6123606687898089,0,7,None,66,1,5,False,1,1
34180,165,unweighted,10,0.5879777070063694,0,15,None,66,1,5,False,1,1
34181,166,unweighted,10,0.5883757961783439,0,15,None,66,1,5,False,1,1
34182,167,unweighted,10,0.5885748407643312,0,15,None,66,1,5,False,1,1
34183,168,unweighted,10,0.5888734076433121,0,15,None,66,1,5,False,1,1
34184,169,unweighted,10,0.5906648089171974,0,15,None,66,1,5,False,1,1
34185,165,unweighted,10,0.615047770700637,0,5,None,66,1,5,False,1,1
34186,166,unweighted,10,0.613953025477707,0,5,None,66,1,5,False,1,1
34187,167,unweighted,10,0.6142515923566879,0,5,None,66,1,5,False,1,1
34188,168,unweighted,10,0.6130573248407644,0,5,None,66,1,5,False,1,1
34189,169,unweighted,10,0.6119625796178344,0,5,None,66,1,5,False,1,1
34190,165,unweighted,10,0.6380374203821656,0,10,None,66,1,5,False,1,1
34191,166,unweighted,10,0.6366441082802548,0,10,None,66,1,5,False,1,1
34192,167,unweighted,10,0.6383359872611465,0,10,None,66,1,5,False,1,1
34193,168,unweighted,10,0.6402269108280255,0,10,None,66,1,5,False,1,1
34194,169,unweighted,10,0.6412221337579618,0,10,None,66,1,5,False,1,1
34195,165,unweighted,10,0.5829020700636943,0,20,None,66,1,5,False,1,1
34196,166,unweighted,10,0.5866839171974523,0,20,None,66,1,5,False,1,1
34197,167,unweighted,10,0.5893710191082803,0,20,None,66,1,5,False,1,1
34198,168,unweighted,10,0.5907643312101911,0,20,None,66,1,5,False,1,1
34199,169,unweighted,10,0.5929538216560509,0,20,None,66,1,5,False,1,1
34200,165,unweighted,10,0.6000199044585988,0,6,None,66,1,5,False,1,1
34201,166,unweighted,10,0.6003184713375797,0,6,None,66,1,5,False,1,1
34202,167,unweighted,10,0.6003184713375797,0,6,None,66,1,5,False,1,1
34203,168,unweighted,10,0.6015127388535032,0,6,None,66,1,5,False,1,1
34204,169,unweighted,10,0.6026074840764332,0,6,None,66,1,5,False,1,1
34205,165,unweighted,10,0.6413216560509554,0,22,None,66,1,5,False,1,1
34206,166,unweighted,10,0.6435111464968153,0,22,None,66,1,5,False,1,1
34207,167,unweighted,10,0.6434116242038217,0,22,None,66,1,5,False,1,1
34208,168,unweighted,10,0.6438097133757962,0,22,None,66,1,5,False,1,1
34209,169,unweighted,10,0.6434116242038217,0,22,None,66,1,5,False,1,1
34210,165,unweighted,10,0.5034832802547771,0,32,None,66,1,5,False,1,1
34211,166,unweighted,10,0.5038813694267515,0,32,None,66,1,5,False,1,1
34212,167,unweighted,10,0.5059713375796179,0,32,None,66,1,5,False,1,1
34213,168,unweighted,10,0.5078622611464968,0,32,None,66,1,5,False,1,1
34214,169,unweighted,10,0.5101512738853503,0,32,None,66,1,5,False,1,1
34215,165,unweighted,10,0.6734673566878981,0,16,None,66,1,5,False,1,1
34216,166,unweighted,10,0.6755573248407644,0,16,None,66,1,5,False,1,1
34217,167,unweighted,10,0.6776472929936306,0,16,None,66,1,5,False,1,1
34218,168,unweighted,10,0.6784434713375797,0,16,None,66,1,5,False,1,1
34219,169,unweighted,10,0.6798367834394905,0,16,None,66,1,5,False,1,1
34220,165,unweighted,10,0.5418988853503185,0,8,None,66,1,5,False,1,1
34221,166,unweighted,10,0.539609872611465,0,8,None,66,1,5,False,1,1
34222,167,unweighted,10,0.5408041401273885,0,8,None,66,1,5,False,1,1
34223,168,unweighted,10,0.5429936305732485,0,8,None,66,1,5,False,1,1
34224,169,unweighted,10,0.5442874203821656,0,8,None,66,1,5,False,1,1
34225,165,unweighted,10,0.5187101910828026,0,19,None,66,1,5,False,1,1
34226,166,unweighted,10,0.5172173566878981,0,19,None,66,1,5,False,1,1
34227,167,unweighted,10,0.5200039808917197,0,19,None,66,1,5,False,1,1
34228,168,unweighted,10,0.524781050955414,0,19,None,66,1,5,False,1,1
34229,169,unweighted,10,0.5291600318471338,0,19,None,66,1,5,False,1,1
34230,165,unweighted,10,0.6434116242038217,0,18,None,66,1,5,False,1,1
34231,166,unweighted,10,0.6508757961783439,0,18,None,66,1,5,False,1,1
34232,167,unweighted,10,0.65625,0,18,None,66,1,5,False,1,1
34233,168,unweighted,10,0.6605294585987261,0,18,None,66,1,5,False,1,1
34234,169,unweighted,10,0.6624203821656051,0,18,None,66,1,5,False,1,1
34235,165,unweighted,10,0.6217157643312102,0,13,None,66,1,5,False,1,1
34236,166,unweighted,10,0.6251990445859873,0,13,None,66,1,5,False,1,1
34237,167,unweighted,10,0.6286823248407644,0,13,None,66,1,5,False,1,1
34238,168,unweighted,10,0.6317675159235668,0,13,None,66,1,5,False,1,1
34239,169,unweighted,10,0.6340565286624203,0,13,None,66,1,5,False,1,1
34240,165,unweighted,10,0.647093949044586,0,12,None,66,1,5,False,1,1
34241,166,unweighted,10,0.6502786624203821,0,12,None,66,1,5,False,1,1
34242,167,unweighted,10,0.651671974522293,0,12,None,66,1,5,False,1,1
34243,168,unweighted,10,0.652468152866242,0,12,None,66,1,5,False,1,1
34244,169,unweighted,10,0.6534633757961783,0,12,None,66,1,5,False,1,1
34245,165,unweighted,10,0.3793789808917197,0,14,None,66,1,5,False,1,1
34246,166,unweighted,10,0.3728105095541401,0,14,None,66,1,5,False,1,1
34247,167,unweighted,10,0.3736066878980891,0,14,None,66,1,5,False,1,1
34248,168,unweighted,10,0.3737062101910828,0,14,None,66,1,5,False,1,1
34249,169,unweighted,10,0.3710191082802547,0,14,None,66,1,5,False,1,1
34250,165,unweighted,10,0.6041998407643312,0,25,None,66,1,5,False,1,1
34251,166,unweighted,10,0.5863853503184714,0,25,None,66,1,5,False,1,1
34252,167,unweighted,10,0.5769307324840764,0,25,None,66,1,5,False,1,1
34253,168,unweighted,10,0.5734474522292994,0,25,None,66,1,5,False,1,1
34254,169,unweighted,10,0.5787221337579618,0,25,None,66,1,5,False,1,1
34255,165,unweighted,10,0.5321457006369427,0,23,None,66,1,5,False,1,1
34256,166,unweighted,10,0.5370222929936306,0,23,None,66,1,5,False,1,1
34257,167,unweighted,10,0.5405055732484076,0,23,None,66,1,5,False,1,1
34258,168,unweighted,10,0.5426950636942676,0,23,None,66,1,5,False,1,1
34259,169,unweighted,10,0.5446855095541401,0,23,None,66,1,5,False,1,1
34260,165,unweighted,10,0.4785031847133758,0,4,None,66,1,5,False,1,1
34261,166,unweighted,10,0.4742237261146497,0,4,None,66,1,5,False,1,1
34262,167,unweighted,10,0.4775079617834395,0,4,None,66,1,5,False,1,1
34263,168,unweighted,10,0.4809912420382166,0,4,None,66,1,5,False,1,1
34264,169,unweighted,10,0.4853702229299363,0,4,None,66,1,5,False,1,1
34265,165,unweighted,10,0.649781050955414,0,27,None,66,1,5,False,1,1
34266,166,unweighted,10,0.6537619426751592,0,27,None,66,1,5,False,1,1
34267,167,unweighted,10,0.6557523885350318,0,27,None,66,1,5,False,1,1
34268,168,unweighted,10,0.6588375796178344,0,27,None,66,1,5,False,1,1
34269,169,unweighted,10,0.6610270700636943,0,27,None,66,1,5,False,1,1
34270,165,unweighted,10,0.6351512738853503,0,30,None,66,1,5,False,1,1
34271,166,unweighted,10,0.6363455414012739,0,30,None,66,1,5,False,1,1
34272,167,unweighted,10,0.6385350318471338,0,30,None,66,1,5,False,1,1
34273,168,unweighted,10,0.6420183121019108,0,30,None,66,1,5,False,1,1
34274,169,unweighted,10,0.6441082802547771,0,30,None,66,1,5,False,1,1
34275,165,unweighted,10,0.5749402866242038,0,31,None,66,1,5,False,1,1
34276,166,unweighted,10,0.5826035031847133,0,31,None,66,1,5,False,1,1
34277,167,unweighted,10,0.587281050955414,0,31,None,66,1,5,False,1,1
34278,168,unweighted,10,0.589968152866242,0,31,None,66,1,5,False,1,1
34279,169,unweighted,10,0.5930533439490446,0,31,None,66,1,5,False,1,1
34280,165,unweighted,10,0.5016918789808917,0,29,None,66,1,5,False,1,1
34281,166,unweighted,10,0.4871616242038216,0,29,None,66,1,5,False,1,1
34282,167,unweighted,10,0.4783041401273885,0,29,None,66,1,5,False,1,1
34283,168,unweighted,10,0.4709394904458598,0,29,None,66,1,5,False,1,1
34284,169,unweighted,10,0.4638734076433121,0,29,None,66,1,5,False,1,1
34285,165,unweighted,10,0.5757364649681529,0,9,None,66,1,5,False,1,1
34286,166,unweighted,10,0.5809116242038217,0,9,None,66,1,5,False,1,1
34287,167,unweighted,10,0.5833996815286624,0,9,None,66,1,5,False,1,1
34288,168,unweighted,10,0.5854896496815286,0,9,None,66,1,5,False,1,1
34289,169,unweighted,10,0.5873805732484076,0,9,None,66,1,5,False,1,1
34290,165,unweighted,10,0.5989251592356688,0,28,None,66,1,5,False,1,1
34291,166,unweighted,10,0.599422770700637,0,28,None,66,1,5,False,1,1
34292,167,unweighted,10,0.6017117834394905,0,28,None,66,1,5,False,1,1
34293,168,unweighted,10,0.6046974522292994,0,28,None,66,1,5,False,1,1
34294,169,unweighted,10,0.6076831210191083,0,28,None,66,1,5,False,1,1
34295,165,unweighted,10,0.6190286624203821,0,0,None,66,1,5,False,1,1
34296,166,unweighted,10,0.6187300955414012,0,0,None,66,1,5,False,1,1
34297,167,unweighted,10,0.6192277070063694,0,0,None,66,1,5,False,1,1
34298,168,unweighted,10,0.6196257961783439,0,0,None,66,1,5,False,1,1
34299,169,unweighted,10,0.6205214968152867,0,0,None,66,1,5,False,1,1
34300,165,unweighted,10,0.6531648089171974,0,11,None,66,1,5,False,1,1
34301,166,unweighted,10,0.6529657643312102,0,11,None,66,1,5,False,1,1
34302,167,unweighted,10,0.6555533439490446,0,11,None,66,1,5,False,1,1
34303,168,unweighted,10,0.6569466560509554,0,11,None,66,1,5,False,1,1
34304,169,unweighted,10,0.6580414012738853,0,11,None,66,1,5,False,1,1
34305,165,unweighted,10,0.62390525477707,0,17,None,66,1,5,False,1,1
34306,166,unweighted,10,0.6261942675159236,0,17,None,66,1,5,False,1,1
34307,167,unweighted,10,0.6272890127388535,0,17,None,66,1,5,False,1,1
34308,168,unweighted,10,0.6290804140127388,0,17,None,66,1,5,False,1,1
34309,169,unweighted,10,0.6300756369426752,0,17,None,66,1,5,False,1,1
34310,165,unweighted,10,0.477109872611465,0,24,None,66,1,5,False,1,1
34311,166,unweighted,10,0.4830812101910828,0,24,None,66,1,5,False,1,1
34312,167,unweighted,10,0.4879578025477707,0,24,None,66,1,5,False,1,1
34313,168,unweighted,10,0.4947253184713376,0,24,None,66,1,5,False,1,1
34314,169,unweighted,10,0.5050756369426752,0,24,None,66,1,5,False,1,1
34315,165,unweighted,10,0.5675756369426752,0,3,None,66,1,5,False,1,1
34316,166,unweighted,10,0.5660828025477707,0,3,None,66,1,5,False,1,1
34317,167,unweighted,10,0.5666799363057324,0,3,None,66,1,5,False,1,1
34318,168,unweighted,10,0.5680732484076433,0,3,None,66,1,5,False,1,1
34319,169,unweighted,10,0.5692675159235668,0,3,None,66,1,5,False,1,1
34320,170,unweighted,10,0.6456011146496815,0,30,None,66,1,5,False,1,1
34321,171,unweighted,10,0.6480891719745223,0,30,None,66,1,5,False,1,1
34322,172,unweighted,10,0.6500796178343949,0,30,None,66,1,5,False,1,1
34323,173,unweighted,10,0.6519705414012739,0,30,None,66,1,5,False,1,1
34324,174,unweighted,10,0.6529657643312102,0,30,None,66,1,5,False,1,1
34325,170,unweighted,10,0.6398288216560509,0,1,None,66,1,5,False,1,1
34326,171,unweighted,10,0.6566480891719745,0,1,None,66,1,5,False,1,1
34327,172,unweighted,10,0.6634156050955414,0,1,None,66,1,5,False,1,1
34328,173,unweighted,10,0.6693869426751592,0,1,None,66,1,5,False,1,1
34329,174,unweighted,10,0.6738654458598726,0,1,None,66,1,5,False,1,1
34330,170,unweighted,10,0.6078821656050956,0,21,None,66,1,5,False,1,1
34331,171,unweighted,10,0.6024084394904459,0,21,None,66,1,5,False,1,1
34332,172,unweighted,10,0.6041998407643312,0,21,None,66,1,5,False,1,1
34333,173,unweighted,10,0.6085788216560509,0,21,None,66,1,5,False,1,1
34334,174,unweighted,10,0.6099721337579618,0,21,None,66,1,5,False,1,1
34335,170,unweighted,10,0.6572452229299363,0,27,None,66,1,5,False,1,1
34336,171,unweighted,10,0.6602308917197452,0,27,None,66,1,5,False,1,1
34337,172,unweighted,10,0.6617237261146497,0,27,None,66,1,5,False,1,1
34338,173,unweighted,10,0.6644108280254777,0,27,None,66,1,5,False,1,1
34339,174,unweighted,10,0.6664012738853503,0,27,None,66,1,5,False,1,1
34340,170,unweighted,10,0.5572253184713376,0,2,None,66,1,5,False,1,1
34341,171,unweighted,10,0.5460788216560509,0,2,None,66,1,5,False,1,1
34342,172,unweighted,10,0.5387141719745223,0,2,None,66,1,5,False,1,1
34343,173,unweighted,10,0.5346337579617835,0,2,None,66,1,5,False,1,1
34344,174,unweighted,10,0.5311504777070064,0,2,None,66,1,5,False,1,1
34345,170,unweighted,10,0.6426154458598726,0,22,None,66,1,5,False,1,1
34346,171,unweighted,10,0.6448049363057324,0,22,None,66,1,5,False,1,1
34347,172,unweighted,10,0.6449044585987261,0,22,None,66,1,5,False,1,1
34348,173,unweighted,10,0.6453025477707006,0,22,None,66,1,5,False,1,1
34349,174,unweighted,10,0.6457006369426752,0,22,None,66,1,5,False,1,1
34350,170,unweighted,10,0.6196257961783439,0,5,None,66,1,5,False,1,1
34351,171,unweighted,10,0.6174363057324841,0,5,None,66,1,5,False,1,1
34352,172,unweighted,10,0.6175358280254777,0,5,None,66,1,5,False,1,1
34353,173,unweighted,10,0.6157444267515924,0,5,None,66,1,5,False,1,1
34354,174,unweighted,10,0.6152468152866242,0,5,None,66,1,5,False,1,1
34355,170,unweighted,10,0.5984275477707006,0,15,None,66,1,5,False,1,1
34356,171,unweighted,10,0.5977308917197452,0,15,None,66,1,5,False,1,1
34357,172,unweighted,10,0.5977308917197452,0,15,None,66,1,5,False,1,1
34358,173,unweighted,10,0.5985270700636943,0,15,None,66,1,5,False,1,1
34359,174,unweighted,10,0.5987261146496815,0,15,None,66,1,5,False,1,1
34360,170,unweighted,10,0.6445063694267515,0,10,None,66,1,5,False,1,1
34361,171,unweighted,10,0.6427149681528662,0,10,None,66,1,5,False,1,1
34362,172,unweighted,10,0.6426154458598726,0,10,None,66,1,5,False,1,1
34363,173,unweighted,10,0.6436106687898089,0,10,None,66,1,5,False,1,1
34364,174,unweighted,10,0.645203025477707,0,10,None,66,1,5,False,1,1
34365,170,unweighted,10,0.6655055732484076,0,11,None,66,1,5,False,1,1
34366,171,unweighted,10,0.6643113057324841,0,11,None,66,1,5,False,1,1
34367,172,unweighted,10,0.6645103503184714,0,11,None,66,1,5,False,1,1
34368,173,unweighted,10,0.6655055732484076,0,11,None,66,1,5,False,1,1
34369,174,unweighted,10,0.6668988853503185,0,11,None,66,1,5,False,1,1
34370,170,unweighted,10,0.6283837579617835,0,17,None,66,1,5,False,1,1
34371,171,unweighted,10,0.6296775477707006,0,17,None,66,1,5,False,1,1
34372,172,unweighted,10,0.6313694267515924,0,17,None,66,1,5,False,1,1
34373,173,unweighted,10,0.6337579617834395,0,17,None,66,1,5,False,1,1
34374,174,unweighted,10,0.6344546178343949,0,17,None,66,1,5,False,1,1
34375,170,unweighted,10,0.4852707006369426,0,24,None,66,1,5,False,1,1
34376,171,unweighted,10,0.490843949044586,0,24,None,66,1,5,False,1,1
34377,172,unweighted,10,0.49890525477707,0,24,None,66,1,5,False,1,1
34378,173,unweighted,10,0.5094546178343949,0,24,None,66,1,5,False,1,1
34379,174,unweighted,10,0.517515923566879,0,24,None,66,1,5,False,1,1
34380,170,unweighted,10,0.6372412420382165,0,13,None,66,1,5,False,1,1
34381,171,unweighted,10,0.6407245222929936,0,13,None,66,1,5,False,1,1
34382,172,unweighted,10,0.643312101910828,0,13,None,66,1,5,False,1,1
34383,173,unweighted,10,0.6458001592356688,0,13,None,66,1,5,False,1,1
34384,174,unweighted,10,0.6475915605095541,0,13,None,66,1,5,False,1,1
34385,170,unweighted,10,0.5717555732484076,0,26,None,66,1,5,False,1,1
34386,171,unweighted,10,0.5692675159235668,0,26,None,66,1,5,False,1,1
34387,172,unweighted,10,0.5685708598726115,0,26,None,66,1,5,False,1,1
34388,173,unweighted,10,0.567078025477707,0,26,None,66,1,5,False,1,1
34389,174,unweighted,10,0.5657842356687898,0,26,None,66,1,5,False,1,1
34390,170,unweighted,10,0.6536624203821656,0,12,None,66,1,5,False,1,1
34391,171,unweighted,10,0.6538614649681529,0,12,None,66,1,5,False,1,1
34392,172,unweighted,10,0.6553542993630573,0,12,None,66,1,5,False,1,1
34393,173,unweighted,10,0.6565485668789809,0,12,None,66,1,5,False,1,1
34394,174,unweighted,10,0.6565485668789809,0,12,None,66,1,5,False,1,1
34395,170,unweighted,10,0.5540406050955414,0,8,None,66,1,5,False,1,1
34396,171,unweighted,10,0.5446855095541401,0,8,None,66,1,5,False,1,1
34397,172,unweighted,10,0.5462778662420382,0,8,None,66,1,5,False,1,1
34398,173,unweighted,10,0.5484673566878981,0,8,None,66,1,5,False,1,1
34399,174,unweighted,10,0.5509554140127388,0,8,None,66,1,5,False,1,1
34400,170,unweighted,10,0.6613256369426752,0,18,None,66,1,5,False,1,1
34401,171,unweighted,10,0.6668988853503185,0,18,None,66,1,5,False,1,1
34402,172,unweighted,10,0.6686902866242038,0,18,None,66,1,5,False,1,1
34403,173,unweighted,10,0.6702826433121019,0,18,None,66,1,5,False,1,1
34404,174,unweighted,10,0.6717754777070064,0,18,None,66,1,5,False,1,1
34405,170,unweighted,10,0.5263734076433121,0,19,None,66,1,5,False,1,1
34406,171,unweighted,10,0.5269705414012739,0,19,None,66,1,5,False,1,1
34407,172,unweighted,10,0.5338375796178344,0,19,None,66,1,5,False,1,1
34408,173,unweighted,10,0.5363256369426752,0,19,None,66,1,5,False,1,1
34409,174,unweighted,10,0.5415007961783439,0,19,None,66,1,5,False,1,1
34410,170,unweighted,10,0.5861863057324841,0,31,None,66,1,5,False,1,1
34411,171,unweighted,10,0.5911624203821656,0,31,None,66,1,5,False,1,1
34412,172,unweighted,10,0.5947452229299363,0,31,None,66,1,5,False,1,1
34413,173,unweighted,10,0.5979299363057324,0,31,None,66,1,5,False,1,1
34414,174,unweighted,10,0.6016122611464968,0,31,None,66,1,5,False,1,1
34415,170,unweighted,10,0.5905652866242038,0,20,None,66,1,5,False,1,1
34416,171,unweighted,10,0.5941480891719745,0,20,None,66,1,5,False,1,1
34417,172,unweighted,10,0.5963375796178344,0,20,None,66,1,5,False,1,1
34418,173,unweighted,10,0.5996218152866242,0,20,None,66,1,5,False,1,1
34419,174,unweighted,10,0.6014132165605095,0,20,None,66,1,5,False,1,1
34420,170,unweighted,10,0.6050955414012739,0,28,None,66,1,5,False,1,1
34421,171,unweighted,10,0.6051950636942676,0,28,None,66,1,5,False,1,1
34422,172,unweighted,10,0.6083797770700637,0,28,None,66,1,5,False,1,1
34423,173,unweighted,10,0.6111664012738853,0,28,None,66,1,5,False,1,1
34424,174,unweighted,10,0.6142515923566879,0,28,None,66,1,5,False,1,1
34425,170,unweighted,10,0.5409036624203821,0,23,None,66,1,5,False,1,1
34426,171,unweighted,10,0.5460788216560509,0,23,None,66,1,5,False,1,1
34427,172,unweighted,10,0.5484673566878981,0,23,None,66,1,5,False,1,1
34428,173,unweighted,10,0.5527468152866242,0,23,None,66,1,5,False,1,1
34429,174,unweighted,10,0.5544386942675159,0,23,None,66,1,5,False,1,1
34430,170,unweighted,10,0.48328025477707,0,4,None,66,1,5,False,1,1
34431,171,unweighted,10,0.4819864649681528,0,4,None,66,1,5,False,1,1
34432,172,unweighted,10,0.4856687898089172,0,4,None,66,1,5,False,1,1
34433,173,unweighted,10,0.4904458598726114,0,4,None,66,1,5,False,1,1
34434,174,unweighted,10,0.4950238853503185,0,4,None,66,1,5,False,1,1
34435,170,unweighted,10,0.6138535031847133,0,7,None,66,1,5,False,1,1
34436,171,unweighted,10,0.6159434713375797,0,7,None,66,1,5,False,1,1
34437,172,unweighted,10,0.6175358280254777,0,7,None,66,1,5,False,1,1
34438,173,unweighted,10,0.6207205414012739,0,7,None,66,1,5,False,1,1
34439,174,unweighted,10,0.6225119426751592,0,7,None,66,1,5,False,1,1
34440,170,unweighted,10,0.6800358280254777,0,16,None,66,1,5,False,1,1
34441,171,unweighted,10,0.6821257961783439,0,16,None,66,1,5,False,1,1
34442,172,unweighted,10,0.6841162420382165,0,16,None,66,1,5,False,1,1
34443,173,unweighted,10,0.6846138535031847,0,16,None,66,1,5,False,1,1
34444,174,unweighted,10,0.6862062101910829,0,16,None,66,1,5,False,1,1
34445,170,unweighted,10,0.5097531847133758,0,32,None,66,1,5,False,1,1
34446,171,unweighted,10,0.5105493630573248,0,32,None,66,1,5,False,1,1
34447,172,unweighted,10,0.5123407643312102,0,32,None,66,1,5,False,1,1
34448,173,unweighted,10,0.5135350318471338,0,32,None,66,1,5,False,1,1
34449,174,unweighted,10,0.5152269108280255,0,32,None,66,1,5,False,1,1
34450,170,unweighted,10,0.6038017515923567,0,6,None,66,1,5,False,1,1
34451,171,unweighted,10,0.6049960191082803,0,6,None,66,1,5,False,1,1
34452,172,unweighted,10,0.6053941082802548,0,6,None,66,1,5,False,1,1
34453,173,unweighted,10,0.6064888535031847,0,6,None,66,1,5,False,1,1
34454,174,unweighted,10,0.6071855095541401,0,6,None,66,1,5,False,1,1
34455,170,unweighted,10,0.6229100318471338,0,0,None,66,1,5,False,1,1
34456,171,unweighted,10,0.6229100318471338,0,0,None,66,1,5,False,1,1
34457,172,unweighted,10,0.6237062101910829,0,0,None,66,1,5,False,1,1
34458,173,unweighted,10,0.6251990445859873,0,0,None,66,1,5,False,1,1
34459,174,unweighted,10,0.62609474522293,0,0,None,66,1,5,False,1,1
34460,170,unweighted,10,0.5849920382165605,0,9,None,66,1,5,False,1,1
34461,171,unweighted,10,0.5870820063694268,0,9,None,66,1,5,False,1,1
34462,172,unweighted,10,0.5896695859872612,0,9,None,66,1,5,False,1,1
34463,173,unweighted,10,0.5912619426751592,0,9,None,66,1,5,False,1,1
34464,174,unweighted,10,0.5935509554140127,0,9,None,66,1,5,False,1,1
34465,170,unweighted,10,0.3829617834394904,0,14,None,66,1,5,False,1,1
34466,171,unweighted,10,0.3771894904458598,0,14,None,66,1,5,False,1,1
34467,172,unweighted,10,0.3735071656050955,0,14,None,66,1,5,False,1,1
34468,173,unweighted,10,0.3752985668789809,0,14,None,66,1,5,False,1,1
34469,174,unweighted,10,0.3742038216560509,0,14,None,66,1,5,False,1,1
34470,170,unweighted,10,0.6198248407643312,0,25,None,66,1,5,False,1,1
34471,171,unweighted,10,0.6069864649681529,0,25,None,66,1,5,False,1,1
34472,172,unweighted,10,0.6025079617834395,0,25,None,66,1,5,False,1,1
34473,173,unweighted,10,0.5990246815286624,0,25,None,66,1,5,False,1,1
34474,174,unweighted,10,0.5980294585987261,0,25,None,66,1,5,False,1,1
34475,170,unweighted,10,0.5732484076433121,0,3,None,66,1,5,False,1,1
34476,171,unweighted,10,0.5721536624203821,0,3,None,66,1,5,False,1,1
34477,172,unweighted,10,0.5730493630573248,0,3,None,66,1,5,False,1,1
34478,173,unweighted,10,0.5742436305732485,0,3,None,66,1,5,False,1,1
34479,174,unweighted,10,0.57703025477707,0,3,None,66,1,5,False,1,1
34480,170,unweighted,10,0.511046974522293,0,29,None,66,1,5,False,1,1
34481,171,unweighted,10,0.4950238853503185,0,29,None,66,1,5,False,1,1
34482,172,unweighted,10,0.487858280254777,0,29,None,66,1,5,False,1,1
34483,173,unweighted,10,0.484375,0,29,None,66,1,5,False,1,1
34484,174,unweighted,10,0.4799960191082802,0,29,None,66,1,5,False,1,1
34485,175,unweighted,10,0.5673765923566879,0,2,None,66,1,5,False,1,1
34486,176,unweighted,10,0.5574243630573248,0,2,None,66,1,5,False,1,1
34487,177,unweighted,10,0.5491640127388535,0,2,None,66,1,5,False,1,1
34488,178,unweighted,10,0.5426950636942676,0,2,None,66,1,5,False,1,1
34489,179,unweighted,10,0.5384156050955414,0,2,None,66,1,5,False,1,1
34490,175,unweighted,10,0.5947452229299363,0,9,None,66,1,5,False,1,1
34491,176,unweighted,10,0.5977308917197452,0,9,None,66,1,5,False,1,1
34492,177,unweighted,10,0.5990246815286624,0,9,None,66,1,5,False,1,1
34493,178,unweighted,10,0.5999203821656051,0,9,None,66,1,5,False,1,1
34494,179,unweighted,10,0.6007165605095541,0,9,None,66,1,5,False,1,1
34495,175,unweighted,10,0.6102707006369427,0,28,None,66,1,5,False,1,1
34496,176,unweighted,10,0.6107683121019108,0,28,None,66,1,5,False,1,1
34497,177,unweighted,10,0.613156847133758,0,28,None,66,1,5,False,1,1
34498,178,unweighted,10,0.6178343949044586,0,28,None,66,1,5,False,1,1
34499,179,unweighted,10,0.621218152866242,0,28,None,66,1,5,False,1,1
34500,175,unweighted,10,0.5208996815286624,0,29,None,66,1,5,False,1,1
34501,176,unweighted,10,0.5067675159235668,0,29,None,66,1,5,False,1,1
34502,177,unweighted,10,0.4997014331210191,0,29,None,66,1,5,False,1,1
34503,178,unweighted,10,0.4949243630573248,0,29,None,66,1,5,False,1,1
34504,179,unweighted,10,0.4904458598726114,0,29,None,66,1,5,False,1,1
34505,175,unweighted,10,0.6461982484076433,0,22,None,66,1,5,False,1,1
34506,176,unweighted,10,0.6463972929936306,0,22,None,66,1,5,False,1,1
34507,177,unweighted,10,0.6480891719745223,0,22,None,66,1,5,False,1,1
34508,178,unweighted,10,0.6481886942675159,0,22,None,66,1,5,False,1,1
34509,179,unweighted,10,0.6474920382165605,0,22,None,66,1,5,False,1,1
34510,175,unweighted,10,0.6253980891719745,0,5,None,66,1,5,False,1,1
34511,176,unweighted,10,0.6227109872611465,0,5,None,66,1,5,False,1,1
34512,177,unweighted,10,0.6209195859872612,0,5,None,66,1,5,False,1,1
34513,178,unweighted,10,0.6195262738853503,0,5,None,66,1,5,False,1,1
34514,179,unweighted,10,0.6187300955414012,0,5,None,66,1,5,False,1,1
34515,175,unweighted,10,0.4278463375796178,0,14,None,66,1,5,False,1,1
34516,176,unweighted,10,0.3808718152866242,0,14,None,66,1,5,False,1,1
34517,177,unweighted,10,0.3785828025477707,0,14,None,66,1,5,False,1,1
34518,178,unweighted,10,0.3789808917197452,0,14,None,66,1,5,False,1,1
34519,179,unweighted,10,0.3777866242038216,0,14,None,66,1,5,False,1,1
34520,175,unweighted,10,0.6502786624203821,0,13,None,66,1,5,False,1,1
34521,176,unweighted,10,0.6527667197452229,0,13,None,66,1,5,False,1,1
34522,177,unweighted,10,0.6540605095541401,0,13,None,66,1,5,False,1,1
34523,178,unweighted,10,0.6542595541401274,0,13,None,66,1,5,False,1,1
34524,179,unweighted,10,0.6576433121019108,0,13,None,66,1,5,False,1,1
34525,175,unweighted,10,0.6586385350318471,0,12,None,66,1,5,False,1,1
34526,176,unweighted,10,0.660031847133758,0,12,None,66,1,5,False,1,1
34527,177,unweighted,10,0.6601313694267515,0,12,None,66,1,5,False,1,1
34528,178,unweighted,10,0.6615246815286624,0,12,None,66,1,5,False,1,1
34529,179,unweighted,10,0.6626194267515924,0,12,None,66,1,5,False,1,1
34530,175,unweighted,10,0.6327627388535032,0,25,None,66,1,5,False,1,1
34531,176,unweighted,10,0.6192277070063694,0,25,None,66,1,5,False,1,1
34532,177,unweighted,10,0.6142515923566879,0,25,None,66,1,5,False,1,1
34533,178,unweighted,10,0.6111664012738853,0,25,None,66,1,5,False,1,1
34534,179,unweighted,10,0.6085788216560509,0,25,None,66,1,5,False,1,1
34535,175,unweighted,10,0.5753383757961783,0,26,None,66,1,5,False,1,1
34536,176,unweighted,10,0.5732484076433121,0,26,None,66,1,5,False,1,1
34537,177,unweighted,10,0.5719546178343949,0,26,None,66,1,5,False,1,1
34538,178,unweighted,10,0.5712579617834395,0,26,None,66,1,5,False,1,1
34539,179,unweighted,10,0.568968949044586,0,26,None,66,1,5,False,1,1
34540,175,unweighted,10,0.6859076433121019,0,16,None,66,1,5,False,1,1
34541,176,unweighted,10,0.6880971337579618,0,16,None,66,1,5,False,1,1
34542,177,unweighted,10,0.6890923566878981,0,16,None,66,1,5,False,1,1
34543,178,unweighted,10,0.6895899681528662,0,16,None,66,1,5,False,1,1
34544,179,unweighted,10,0.6898885350318471,0,16,None,66,1,5,False,1,1
34545,175,unweighted,10,0.6243033439490446,0,7,None,66,1,5,False,1,1
34546,176,unweighted,10,0.6258957006369427,0,7,None,66,1,5,False,1,1
34547,177,unweighted,10,0.6271894904458599,0,7,None,66,1,5,False,1,1
34548,178,unweighted,10,0.6302746815286624,0,7,None,66,1,5,False,1,1
34549,179,unweighted,10,0.6319665605095541,0,7,None,66,1,5,False,1,1
34550,175,unweighted,10,0.5210987261146497,0,32,None,66,1,5,False,1,1
34551,176,unweighted,10,0.5199044585987261,0,32,None,66,1,5,False,1,1
34552,177,unweighted,10,0.5206011146496815,0,32,None,66,1,5,False,1,1
34553,178,unweighted,10,0.5208996815286624,0,32,None,66,1,5,False,1,1
34554,179,unweighted,10,0.5223925159235668,0,32,None,66,1,5,False,1,1
34555,175,unweighted,10,0.6044984076433121,0,15,None,66,1,5,False,1,1
34556,176,unweighted,10,0.6032046178343949,0,15,None,66,1,5,False,1,1
34557,177,unweighted,10,0.6036027070063694,0,15,None,66,1,5,False,1,1
34558,178,unweighted,10,0.6039012738853503,0,15,None,66,1,5,False,1,1
34559,179,unweighted,10,0.6042993630573248,0,15,None,66,1,5,False,1,1
34560,175,unweighted,10,0.6498805732484076,0,10,None,66,1,5,False,1,1
34561,176,unweighted,10,0.6486863057324841,0,10,None,66,1,5,False,1,1
34562,177,unweighted,10,0.6480891719745223,0,10,None,66,1,5,False,1,1
34563,178,unweighted,10,0.6492834394904459,0,10,None,66,1,5,False,1,1
34564,179,unweighted,10,0.6498805732484076,0,10,None,66,1,5,False,1,1
34565,175,unweighted,10,0.6723726114649682,0,11,None,66,1,5,False,1,1
34566,176,unweighted,10,0.6719745222929936,0,11,None,66,1,5,False,1,1
34567,177,unweighted,10,0.6724721337579618,0,11,None,66,1,5,False,1,1
34568,178,unweighted,10,0.6725716560509554,0,11,None,66,1,5,False,1,1
34569,179,unweighted,10,0.6724721337579618,0,11,None,66,1,5,False,1,1
34570,175,unweighted,10,0.6313694267515924,0,17,None,66,1,5,False,1,1
34571,176,unweighted,10,0.6330613057324841,0,17,None,66,1,5,False,1,1
34572,177,unweighted,10,0.636046974522293,0,17,None,66,1,5,False,1,1
34573,178,unweighted,10,0.6375398089171974,0,17,None,66,1,5,False,1,1
34574,179,unweighted,10,0.6389331210191083,0,17,None,66,1,5,False,1,1
34575,175,unweighted,10,0.5986265923566879,0,20,None,66,1,5,False,1,1
34576,176,unweighted,10,0.6018113057324841,0,20,None,66,1,5,False,1,1
34577,177,unweighted,10,0.6049960191082803,0,20,None,66,1,5,False,1,1
34578,178,unweighted,10,0.6068869426751592,0,20,None,66,1,5,False,1,1
34579,179,unweighted,10,0.6088773885350318,0,20,None,66,1,5,False,1,1
34580,175,unweighted,10,0.5717555732484076,0,8,None,66,1,5,False,1,1
34581,176,unweighted,10,0.5508558917197452,0,8,None,66,1,5,False,1,1
34582,177,unweighted,10,0.5513535031847133,0,8,None,66,1,5,False,1,1
34583,178,unweighted,10,0.5535429936305732,0,8,None,66,1,5,False,1,1
34584,179,unweighted,10,0.5539410828025477,0,8,None,66,1,5,False,1,1
34585,175,unweighted,10,0.6812300955414012,0,18,None,66,1,5,False,1,1
34586,176,unweighted,10,0.6825238853503185,0,18,None,66,1,5,False,1,1
34587,177,unweighted,10,0.6845143312101911,0,18,None,66,1,5,False,1,1
34588,178,unweighted,10,0.6834195859872612,0,18,None,66,1,5,False,1,1
34589,179,unweighted,10,0.6843152866242038,0,18,None,66,1,5,False,1,1
34590,175,unweighted,10,0.5963375796178344,0,31,None,66,1,5,False,1,1
34591,176,unweighted,10,0.6012141719745223,0,31,None,66,1,5,False,1,1
34592,177,unweighted,10,0.6044984076433121,0,31,None,66,1,5,False,1,1
34593,178,unweighted,10,0.6075835987261147,0,31,None,66,1,5,False,1,1
34594,179,unweighted,10,0.6094745222929936,0,31,None,66,1,5,False,1,1
34595,175,unweighted,10,0.5804140127388535,0,3,None,66,1,5,False,1,1
34596,176,unweighted,10,0.5790207006369427,0,3,None,66,1,5,False,1,1
34597,177,unweighted,10,0.5818073248407644,0,3,None,66,1,5,False,1,1
34598,178,unweighted,10,0.5840963375796179,0,3,None,66,1,5,False,1,1
34599,179,unweighted,10,0.5866839171974523,0,3,None,66,1,5,False,1,1
34600,175,unweighted,10,0.611265923566879,0,6,None,66,1,5,False,1,1
34601,176,unweighted,10,0.6114649681528662,0,6,None,66,1,5,False,1,1
34602,177,unweighted,10,0.6117635350318471,0,6,None,66,1,5,False,1,1
34603,178,unweighted,10,0.6132563694267515,0,6,None,66,1,5,False,1,1
34604,179,unweighted,10,0.6138535031847133,0,6,None,66,1,5,False,1,1
34605,175,unweighted,10,0.662718949044586,0,27,None,66,1,5,False,1,1
34606,176,unweighted,10,0.666202229299363,0,27,None,66,1,5,False,1,1
34607,177,unweighted,10,0.6674960191082803,0,27,None,66,1,5,False,1,1
34608,178,unweighted,10,0.6676950636942676,0,27,None,66,1,5,False,1,1
34609,179,unweighted,10,0.6693869426751592,0,27,None,66,1,5,False,1,1
34610,175,unweighted,10,0.6552547770700637,0,30,None,66,1,5,False,1,1
34611,176,unweighted,10,0.6564490445859873,0,30,None,66,1,5,False,1,1
34612,177,unweighted,10,0.6579418789808917,0,30,None,66,1,5,False,1,1
34613,178,unweighted,10,0.6599323248407644,0,30,None,66,1,5,False,1,1
34614,179,unweighted,10,0.6622213375796179,0,30,None,66,1,5,False,1,1
34615,175,unweighted,10,0.6409235668789809,0,1,None,66,1,5,False,1,1
34616,176,unweighted,10,0.6596337579617835,0,1,None,66,1,5,False,1,1
34617,177,unweighted,10,0.6664012738853503,0,1,None,66,1,5,False,1,1
34618,178,unweighted,10,0.6734673566878981,0,1,None,66,1,5,False,1,1
34619,179,unweighted,10,0.6792396496815286,0,1,None,66,1,5,False,1,1
34620,175,unweighted,10,0.542296974522293,0,19,None,66,1,5,False,1,1
34621,176,unweighted,10,0.5434912420382165,0,19,None,66,1,5,False,1,1
34622,177,unweighted,10,0.5465764331210191,0,19,None,66,1,5,False,1,1
34623,178,unweighted,10,0.5507563694267515,0,19,None,66,1,5,False,1,1
34624,179,unweighted,10,0.5547372611464968,0,19,None,66,1,5,False,1,1
34625,175,unweighted,10,0.6227109872611465,0,21,None,66,1,5,False,1,1
34626,176,unweighted,10,0.6168391719745223,0,21,None,66,1,5,False,1,1
34627,177,unweighted,10,0.6192277070063694,0,21,None,66,1,5,False,1,1
34628,178,unweighted,10,0.6213176751592356,0,21,None,66,1,5,False,1,1
34629,179,unweighted,10,0.6227109872611465,0,21,None,66,1,5,False,1,1
34630,175,unweighted,10,0.4909434713375796,0,24,None,66,1,5,False,1,1
34631,176,unweighted,10,0.4992038216560509,0,24,None,66,1,5,False,1,1
34632,177,unweighted,10,0.5079617834394905,0,24,None,66,1,5,False,1,1
34633,178,unweighted,10,0.5177149681528662,0,24,None,66,1,5,False,1,1
34634,179,unweighted,10,0.5281648089171974,0,24,None,66,1,5,False,1,1
34635,175,unweighted,10,0.4921377388535032,0,4,None,66,1,5,False,1,1
34636,176,unweighted,10,0.4896496815286624,0,4,None,66,1,5,False,1,1
34637,177,unweighted,10,0.4952229299363057,0,4,None,66,1,5,False,1,1
34638,178,unweighted,10,0.5000995222929936,0,4,None,66,1,5,False,1,1
34639,179,unweighted,10,0.5077627388535032,0,4,None,66,1,5,False,1,1
34640,175,unweighted,10,0.5492635350318471,0,23,None,66,1,5,False,1,1
34641,176,unweighted,10,0.5537420382165605,0,23,None,66,1,5,False,1,1
34642,177,unweighted,10,0.5567277070063694,0,23,None,66,1,5,False,1,1
34643,178,unweighted,10,0.5596138535031847,0,23,None,66,1,5,False,1,1
34644,179,unweighted,10,0.5602109872611465,0,23,None,66,1,5,False,1,1
34645,175,unweighted,10,0.628781847133758,0,0,None,66,1,5,False,1,1
34646,176,unweighted,10,0.6292794585987261,0,0,None,66,1,5,False,1,1
34647,177,unweighted,10,0.6297770700636943,0,0,None,66,1,5,False,1,1
34648,178,unweighted,10,0.6305732484076433,0,0,None,66,1,5,False,1,1
34649,179,unweighted,10,0.6298765923566879,0,0,None,66,1,5,False,1,1
36300,180,unweighted,10,0.629578025477707,0,5,None,66,1,5,False,1,1
36301,181,unweighted,10,0.6261942675159236,0,5,None,66,1,5,False,1,1
36302,182,unweighted,10,0.6250995222929936,0,5,None,66,1,5,False,1,1
36303,183,unweighted,10,0.6240047770700637,0,5,None,66,1,5,False,1,1
36304,184,unweighted,10,0.6230095541401274,0,5,None,66,1,5,False,1,1
36305,180,unweighted,10,0.6592356687898089,0,13,None,66,1,5,False,1,1
36306,181,unweighted,10,0.6621218152866242,0,13,None,66,1,5,False,1,1
36307,182,unweighted,10,0.6636146496815286,0,13,None,66,1,5,False,1,1
36308,183,unweighted,10,0.6655055732484076,0,13,None,66,1,5,False,1,1
36309,184,unweighted,10,0.6655055732484076,0,13,None,66,1,5,False,1,1
36310,180,unweighted,10,0.6105692675159236,0,15,None,66,1,5,False,1,1
36311,181,unweighted,10,0.6083797770700637,0,15,None,66,1,5,False,1,1
36312,182,unweighted,10,0.6084792993630573,0,15,None,66,1,5,False,1,1
36313,183,unweighted,10,0.6088773885350318,0,15,None,66,1,5,False,1,1
36314,184,unweighted,10,0.609375,0,15,None,66,1,5,False,1,1
36315,180,unweighted,10,0.6559514331210191,0,10,None,66,1,5,False,1,1
36316,181,unweighted,10,0.6531648089171974,0,10,None,66,1,5,False,1,1
36317,182,unweighted,10,0.6521695859872612,0,10,None,66,1,5,False,1,1
36318,183,unweighted,10,0.6534633757961783,0,10,None,66,1,5,False,1,1
36319,184,unweighted,10,0.6538614649681529,0,10,None,66,1,5,False,1,1
36320,180,unweighted,10,0.6057921974522293,0,20,None,66,1,5,False,1,1
36321,181,unweighted,10,0.6088773885350318,0,20,None,66,1,5,False,1,1
36322,182,unweighted,10,0.6116640127388535,0,20,None,66,1,5,False,1,1
36323,183,unweighted,10,0.6127587579617835,0,20,None,66,1,5,False,1,1
36324,184,unweighted,10,0.6142515923566879,0,20,None,66,1,5,False,1,1
36325,180,unweighted,10,0.5589171974522293,0,19,None,66,1,5,False,1,1
36326,181,unweighted,10,0.5586186305732485,0,19,None,66,1,5,False,1,1
36327,182,unweighted,10,0.5594148089171974,0,19,None,66,1,5,False,1,1
36328,183,unweighted,10,0.5616042993630573,0,19,None,66,1,5,False,1,1
36329,184,unweighted,10,0.5632961783439491,0,19,None,66,1,5,False,1,1
36330,180,unweighted,10,0.6481886942675159,0,22,None,66,1,5,False,1,1
36331,181,unweighted,10,0.6492834394904459,0,22,None,66,1,5,False,1,1
36332,182,unweighted,10,0.6491839171974523,0,22,None,66,1,5,False,1,1
36333,183,unweighted,10,0.6487858280254777,0,22,None,66,1,5,False,1,1
36334,184,unweighted,10,0.6487858280254777,0,22,None,66,1,5,False,1,1
36335,180,unweighted,10,0.4347133757961783,0,14,None,66,1,5,False,1,1
36336,181,unweighted,10,0.4228702229299363,0,14,None,66,1,5,False,1,1
36337,182,unweighted,10,0.4155055732484076,0,14,None,66,1,5,False,1,1
36338,183,unweighted,10,0.4054538216560509,0,14,None,66,1,5,False,1,1
36339,184,unweighted,10,0.3885350318471338,0,14,None,66,1,5,False,1,1
36340,180,unweighted,10,0.5607085987261147,0,23,None,66,1,5,False,1,1
36341,181,unweighted,10,0.5645899681528662,0,23,None,66,1,5,False,1,1
36342,182,unweighted,10,0.5673765923566879,0,23,None,66,1,5,False,1,1
36343,183,unweighted,10,0.5682722929936306,0,23,None,66,1,5,False,1,1
36344,184,unweighted,10,0.5688694267515924,0,23,None,66,1,5,False,1,1
36345,180,unweighted,10,0.6342555732484076,0,21,None,66,1,5,False,1,1
36346,181,unweighted,10,0.6291799363057324,0,21,None,66,1,5,False,1,1
36347,182,unweighted,10,0.6294785031847133,0,21,None,66,1,5,False,1,1
36348,183,unweighted,10,0.6308718152866242,0,21,None,66,1,5,False,1,1
36349,184,unweighted,10,0.6315684713375797,0,21,None,66,1,5,False,1,1
36350,180,unweighted,10,0.6396297770700637,0,25,None,66,1,5,False,1,1
36351,181,unweighted,10,0.6274880573248408,0,25,None,66,1,5,False,1,1
36352,182,unweighted,10,0.6222133757961783,0,25,None,66,1,5,False,1,1
36353,183,unweighted,10,0.6202229299363057,0,25,None,66,1,5,False,1,1
36354,184,unweighted,10,0.6183320063694268,0,25,None,66,1,5,False,1,1
36355,180,unweighted,10,0.5768312101910829,0,26,None,66,1,5,False,1,1
36356,181,unweighted,10,0.5749402866242038,0,26,None,66,1,5,False,1,1
36357,182,unweighted,10,0.5739450636942676,0,26,None,66,1,5,False,1,1
36358,183,unweighted,10,0.571656050955414,0,26,None,66,1,5,False,1,1
36359,184,unweighted,10,0.570859872611465,0,26,None,66,1,5,False,1,1
36360,180,unweighted,10,0.6624203821656051,0,12,None,66,1,5,False,1,1
36361,181,unweighted,10,0.6642117834394905,0,12,None,66,1,5,False,1,1
36362,182,unweighted,10,0.6645103503184714,0,12,None,66,1,5,False,1,1
36363,183,unweighted,10,0.6665007961783439,0,12,None,66,1,5,False,1,1
36364,184,unweighted,10,0.6668988853503185,0,12,None,66,1,5,False,1,1
36365,180,unweighted,10,0.6161425159235668,0,28,None,66,1,5,False,1,1
36366,181,unweighted,10,0.6180334394904459,0,28,None,66,1,5,False,1,1
36367,182,unweighted,10,0.6205214968152867,0,28,None,66,1,5,False,1,1
36368,183,unweighted,10,0.623109076433121,0,28,None,66,1,5,False,1,1
36369,184,unweighted,10,0.62609474522293,0,28,None,66,1,5,False,1,1
36370,180,unweighted,10,0.5297571656050956,0,29,None,66,1,5,False,1,1
36371,181,unweighted,10,0.5173168789808917,0,29,None,66,1,5,False,1,1
36372,182,unweighted,10,0.5132364649681529,0,29,None,66,1,5,False,1,1
36373,183,unweighted,10,0.5104498407643312,0,29,None,66,1,5,False,1,1
36374,184,unweighted,10,0.5075636942675159,0,29,None,66,1,5,False,1,1
36375,180,unweighted,10,0.5996218152866242,0,9,None,66,1,5,False,1,1
36376,181,unweighted,10,0.6012141719745223,0,9,None,66,1,5,False,1,1
36377,182,unweighted,10,0.6023089171974523,0,9,None,66,1,5,False,1,1
36378,183,unweighted,10,0.6038017515923567,0,9,None,66,1,5,False,1,1
36379,184,unweighted,10,0.6050955414012739,0,9,None,66,1,5,False,1,1
36380,180,unweighted,10,0.6626194267515924,0,30,None,66,1,5,False,1,1
36381,181,unweighted,10,0.6642117834394905,0,30,None,66,1,5,False,1,1
36382,182,unweighted,10,0.6649084394904459,0,30,None,66,1,5,False,1,1
36383,183,unweighted,10,0.6668988853503185,0,30,None,66,1,5,False,1,1
36384,184,unweighted,10,0.6671974522292994,0,30,None,66,1,5,False,1,1
36385,180,unweighted,10,0.6134554140127388,0,6,None,66,1,5,False,1,1
36386,181,unweighted,10,0.6152468152866242,0,6,None,66,1,5,False,1,1
36387,182,unweighted,10,0.6153463375796179,0,6,None,66,1,5,False,1,1
36388,183,unweighted,10,0.6170382165605095,0,6,None,66,1,5,False,1,1
36389,184,unweighted,10,0.6181329617834395,0,6,None,66,1,5,False,1,1
36390,180,unweighted,10,0.6685907643312102,0,27,None,66,1,5,False,1,1
36391,181,unweighted,10,0.6687898089171974,0,27,None,66,1,5,False,1,1
36392,182,unweighted,10,0.6695859872611465,0,27,None,66,1,5,False,1,1
36393,183,unweighted,10,0.6711783439490446,0,27,None,66,1,5,False,1,1
36394,184,unweighted,10,0.6735668789808917,0,27,None,66,1,5,False,1,1
36395,180,unweighted,10,0.6922770700636943,0,18,None,66,1,5,False,1,1
36396,181,unweighted,10,0.6934713375796179,0,18,None,66,1,5,False,1,1
36397,182,unweighted,10,0.6943670382165605,0,18,None,66,1,5,False,1,1
36398,183,unweighted,10,0.694765127388535,0,18,None,66,1,5,False,1,1
36399,184,unweighted,10,0.6940684713375797,0,18,None,66,1,5,False,1,1
36400,180,unweighted,10,0.6008160828025477,0,31,None,66,1,5,False,1,1
36401,181,unweighted,10,0.6075835987261147,0,31,None,66,1,5,False,1,1
36402,182,unweighted,10,0.61046974522293,0,31,None,66,1,5,False,1,1
36403,183,unweighted,10,0.6123606687898089,0,31,None,66,1,5,False,1,1
36404,184,unweighted,10,0.6157444267515924,0,31,None,66,1,5,False,1,1
36405,180,unweighted,10,0.6400278662420382,0,1,None,66,1,5,False,1,1
36406,181,unweighted,10,0.6613256369426752,0,1,None,66,1,5,False,1,1
36407,182,unweighted,10,0.6695859872611465,0,1,None,66,1,5,False,1,1
36408,183,unweighted,10,0.6742635350318471,0,1,None,66,1,5,False,1,1
36409,184,unweighted,10,0.6798367834394905,0,1,None,66,1,5,False,1,1
36410,180,unweighted,10,0.5289609872611465,0,32,None,66,1,5,False,1,1
36411,181,unweighted,10,0.5273686305732485,0,32,None,66,1,5,False,1,1
36412,182,unweighted,10,0.5269705414012739,0,32,None,66,1,5,False,1,1
36413,183,unweighted,10,0.5279657643312102,0,32,None,66,1,5,False,1,1
36414,184,unweighted,10,0.528562898089172,0,32,None,66,1,5,False,1,1
36415,180,unweighted,10,0.5015923566878981,0,4,None,66,1,5,False,1,1
36416,181,unweighted,10,0.4992038216560509,0,4,None,66,1,5,False,1,1
36417,182,unweighted,10,0.5039808917197452,0,4,None,66,1,5,False,1,1
36418,183,unweighted,10,0.5096536624203821,0,4,None,66,1,5,False,1,1
36419,184,unweighted,10,0.5162221337579618,0,4,None,66,1,5,False,1,1
36420,180,unweighted,10,0.5794187898089171,0,2,None,66,1,5,False,1,1
36421,181,unweighted,10,0.5664808917197452,0,2,None,66,1,5,False,1,1
36422,182,unweighted,10,0.5572253184713376,0,2,None,66,1,5,False,1,1
36423,183,unweighted,10,0.5496616242038217,0,2,None,66,1,5,False,1,1
36424,184,unweighted,10,0.5431926751592356,0,2,None,66,1,5,False,1,1
36425,180,unweighted,10,0.634952229299363,0,0,None,66,1,5,False,1,1
36426,181,unweighted,10,0.6337579617834395,0,0,None,66,1,5,False,1,1
36427,182,unweighted,10,0.6339570063694268,0,0,None,66,1,5,False,1,1
36428,183,unweighted,10,0.6347531847133758,0,0,None,66,1,5,False,1,1
36429,184,unweighted,10,0.6344546178343949,0,0,None,66,1,5,False,1,1
36430,180,unweighted,10,0.634952229299363,0,7,None,66,1,5,False,1,1
36431,181,unweighted,10,0.6373407643312102,0,7,None,66,1,5,False,1,1
36432,182,unweighted,10,0.63953025477707,0,7,None,66,1,5,False,1,1
36433,183,unweighted,10,0.6416202229299363,0,7,None,66,1,5,False,1,1
36434,184,unweighted,10,0.643312101910828,0,7,None,66,1,5,False,1,1
36435,180,unweighted,10,0.6898885350318471,0,16,None,66,1,5,False,1,1
36436,181,unweighted,10,0.6909832802547771,0,16,None,66,1,5,False,1,1
36437,182,unweighted,10,0.6919785031847133,0,16,None,66,1,5,False,1,1
36438,183,unweighted,10,0.6926751592356688,0,16,None,66,1,5,False,1,1
36439,184,unweighted,10,0.6928742038216561,0,16,None,66,1,5,False,1,1
36440,180,unweighted,10,0.5865843949044586,0,8,None,66,1,5,False,1,1
36441,181,unweighted,10,0.5551353503184714,0,8,None,66,1,5,False,1,1
36442,182,unweighted,10,0.555234872611465,0,8,None,66,1,5,False,1,1
36443,183,unweighted,10,0.5563296178343949,0,8,None,66,1,5,False,1,1
36444,184,unweighted,10,0.5561305732484076,0,8,None,66,1,5,False,1,1
36445,180,unweighted,10,0.6785429936305732,0,11,None,66,1,5,False,1,1
36446,181,unweighted,10,0.6762539808917197,0,11,None,66,1,5,False,1,1
36447,182,unweighted,10,0.6766520700636943,0,11,None,66,1,5,False,1,1
36448,183,unweighted,10,0.6769506369426752,0,11,None,66,1,5,False,1,1
36449,184,unweighted,10,0.6774482484076433,0,11,None,66,1,5,False,1,1
36450,180,unweighted,10,0.5898686305732485,0,3,None,66,1,5,False,1,1
36451,181,unweighted,10,0.5898686305732485,0,3,None,66,1,5,False,1,1
36452,182,unweighted,10,0.5921576433121019,0,3,None,66,1,5,False,1,1
36453,183,unweighted,10,0.5959394904458599,0,3,None,66,1,5,False,1,1
36454,184,unweighted,10,0.5995222929936306,0,3,None,66,1,5,False,1,1
36455,180,unweighted,10,0.6366441082802548,0,17,None,66,1,5,False,1,1
36456,181,unweighted,10,0.6390326433121019,0,17,None,66,1,5,False,1,1
36457,182,unweighted,10,0.6407245222929936,0,17,None,66,1,5,False,1,1
36458,183,unweighted,10,0.6412221337579618,0,17,None,66,1,5,False,1,1
36459,184,unweighted,10,0.6424164012738853,0,17,None,66,1,5,False,1,1
36460,180,unweighted,10,0.4996019108280254,0,24,None,66,1,5,False,1,1
36461,181,unweighted,10,0.5095541401273885,0,24,None,66,1,5,False,1,1
36462,182,unweighted,10,0.521297770700637,0,24,None,66,1,5,False,1,1
36463,183,unweighted,10,0.5313495222929936,0,24,None,66,1,5,False,1,1
36464,184,unweighted,10,0.542296974522293,0,24,None,66,1,5,False,1,1
36465,185,unweighted,10,0.6404259554140127,0,1,None,66,1,5,False,1,1
36466,186,unweighted,10,0.6617237261146497,0,1,None,66,1,5,False,1,1
36467,187,unweighted,10,0.6713773885350318,0,1,None,66,1,5,False,1,1
36468,188,unweighted,10,0.6762539808917197,0,1,None,66,1,5,False,1,1
36469,189,unweighted,10,0.6819267515923567,0,1,None,66,1,5,False,1,1
36470,185,unweighted,10,0.6929737261146497,0,16,None,66,1,5,False,1,1
36471,186,unweighted,10,0.6946656050955414,0,16,None,66,1,5,False,1,1
36472,187,unweighted,10,0.6946656050955414,0,16,None,66,1,5,False,1,1
36473,188,unweighted,10,0.6949641719745223,0,16,None,66,1,5,False,1,1
36474,189,unweighted,10,0.6953622611464968,0,16,None,66,1,5,False,1,1
36475,185,unweighted,10,0.5409036624203821,0,29,None,66,1,5,False,1,1
36476,186,unweighted,10,0.5283638535031847,0,29,None,66,1,5,False,1,1
36477,187,unweighted,10,0.5229896496815286,0,29,None,66,1,5,False,1,1
36478,188,unweighted,10,0.5205015923566879,0,29,None,66,1,5,False,1,1
36479,189,unweighted,10,0.5187101910828026,0,29,None,66,1,5,False,1,1
36480,185,unweighted,10,0.4457603503184713,0,14,None,66,1,5,False,1,1
36481,186,unweighted,10,0.4315286624203822,0,14,None,66,1,5,False,1,1
36482,187,unweighted,10,0.4280453821656051,0,14,None,66,1,5,False,1,1
36483,188,unweighted,10,0.4274482484076433,0,14,None,66,1,5,False,1,1
36484,189,unweighted,10,0.4239649681528662,0,14,None,66,1,5,False,1,1
36485,185,unweighted,10,0.6687898089171974,0,13,None,66,1,5,False,1,1
36486,186,unweighted,10,0.6690883757961783,0,13,None,66,1,5,False,1,1
36487,187,unweighted,10,0.6695859872611465,0,13,None,66,1,5,False,1,1
36488,188,unweighted,10,0.6708797770700637,0,13,None,66,1,5,False,1,1
36489,189,unweighted,10,0.6725716560509554,0,13,None,66,1,5,False,1,1
36490,185,unweighted,10,0.6457006369426752,0,25,None,66,1,5,False,1,1
36491,186,unweighted,10,0.6330613057324841,0,25,None,66,1,5,False,1,1
36492,187,unweighted,10,0.627687101910828,0,25,None,66,1,5,False,1,1
36493,188,unweighted,10,0.6244028662420382,0,25,None,66,1,5,False,1,1
36494,189,unweighted,10,0.6230095541401274,0,25,None,66,1,5,False,1,1
36495,185,unweighted,10,0.5803144904458599,0,26,None,66,1,5,False,1,1
36496,186,unweighted,10,0.5778264331210191,0,26,None,66,1,5,False,1,1
36497,187,unweighted,10,0.5757364649681529,0,26,None,66,1,5,False,1,1
36498,188,unweighted,10,0.5736464968152867,0,26,None,66,1,5,False,1,1
36499,189,unweighted,10,0.5730493630573248,0,26,None,66,1,5,False,1,1
36500,185,unweighted,10,0.642515923566879,0,21,None,66,1,5,False,1,1
36501,186,unweighted,10,0.6391321656050956,0,21,None,66,1,5,False,1,1
36502,187,unweighted,10,0.6399283439490446,0,21,None,66,1,5,False,1,1
36503,188,unweighted,10,0.6410230891719745,0,21,None,66,1,5,False,1,1
36504,189,unweighted,10,0.6424164012738853,0,21,None,66,1,5,False,1,1
36505,185,unweighted,10,0.5667794585987261,0,19,None,66,1,5,False,1,1
36506,186,unweighted,10,0.56359474522293,0,19,None,66,1,5,False,1,1
36507,187,unweighted,10,0.5654856687898089,0,19,None,66,1,5,False,1,1
36508,188,unweighted,10,0.5672770700636943,0,19,None,66,1,5,False,1,1
36509,189,unweighted,10,0.5691679936305732,0,19,None,66,1,5,False,1,1
36510,185,unweighted,10,0.5057722929936306,0,24,None,66,1,5,False,1,1
36511,186,unweighted,10,0.5181130573248408,0,24,None,66,1,5,False,1,1
36512,187,unweighted,10,0.5311504777070064,0,24,None,66,1,5,False,1,1
36513,188,unweighted,10,0.5427945859872612,0,24,None,66,1,5,False,1,1
36514,189,unweighted,10,0.5538415605095541,0,24,None,66,1,5,False,1,1
36515,185,unweighted,10,0.6703821656050956,0,30,None,66,1,5,False,1,1
36516,186,unweighted,10,0.6713773885350318,0,30,None,66,1,5,False,1,1
36517,187,unweighted,10,0.6720740445859873,0,30,None,66,1,5,False,1,1
36518,188,unweighted,10,0.6726711783439491,0,30,None,66,1,5,False,1,1
36519,189,unweighted,10,0.6735668789808917,0,30,None,66,1,5,False,1,1
36520,185,unweighted,10,0.6708797770700637,0,27,None,66,1,5,False,1,1
36521,186,unweighted,10,0.671875,0,27,None,66,1,5,False,1,1
36522,187,unweighted,10,0.6739649681528662,0,27,None,66,1,5,False,1,1
36523,188,unweighted,10,0.6747611464968153,0,27,None,66,1,5,False,1,1
36524,189,unweighted,10,0.6748606687898089,0,27,None,66,1,5,False,1,1
36525,185,unweighted,10,0.6044984076433121,0,31,None,66,1,5,False,1,1
36526,186,unweighted,10,0.6135549363057324,0,31,None,66,1,5,False,1,1
36527,187,unweighted,10,0.6176353503184714,0,31,None,66,1,5,False,1,1
36528,188,unweighted,10,0.6211186305732485,0,31,None,66,1,5,False,1,1
36529,189,unweighted,10,0.6226114649681529,0,31,None,66,1,5,False,1,1
36530,185,unweighted,10,0.5881767515923567,0,8,None,66,1,5,False,1,1
36531,186,unweighted,10,0.5637937898089171,0,8,None,66,1,5,False,1,1
36532,187,unweighted,10,0.5623009554140127,0,8,None,66,1,5,False,1,1
36533,188,unweighted,10,0.5619028662420382,0,8,None,66,1,5,False,1,1
36534,189,unweighted,10,0.5628980891719745,0,8,None,66,1,5,False,1,1
36535,185,unweighted,10,0.6513734076433121,0,22,None,66,1,5,False,1,1
36536,186,unweighted,10,0.6513734076433121,0,22,None,66,1,5,False,1,1
36537,187,unweighted,10,0.6501791401273885,0,22,None,66,1,5,False,1,1
36538,188,unweighted,10,0.650577229299363,0,22,None,66,1,5,False,1,1
36539,189,unweighted,10,0.650577229299363,0,22,None,66,1,5,False,1,1
36540,185,unweighted,10,0.5633957006369427,0,23,None,66,1,5,False,1,1
36541,186,unweighted,10,0.5678742038216561,0,23,None,66,1,5,False,1,1
36542,187,unweighted,10,0.5705613057324841,0,23,None,66,1,5,False,1,1
36543,188,unweighted,10,0.572452229299363,0,23,None,66,1,5,False,1,1
36544,189,unweighted,10,0.573546974522293,0,23,None,66,1,5,False,1,1
36545,185,unweighted,10,0.6206210191082803,0,6,None,66,1,5,False,1,1
36546,186,unweighted,10,0.6211186305732485,0,6,None,66,1,5,False,1,1
36547,187,unweighted,10,0.622312898089172,0,6,None,66,1,5,False,1,1
36548,188,unweighted,10,0.6226114649681529,0,6,None,66,1,5,False,1,1
36549,189,unweighted,10,0.6233081210191083,0,6,None,66,1,5,False,1,1
36550,185,unweighted,10,0.5372213375796179,0,32,None,66,1,5,False,1,1
36551,186,unweighted,10,0.5356289808917197,0,32,None,66,1,5,False,1,1
36552,187,unweighted,10,0.5353304140127388,0,32,None,66,1,5,False,1,1
36553,188,unweighted,10,0.5356289808917197,0,32,None,66,1,5,False,1,1
36554,189,unweighted,10,0.5362261146496815,0,32,None,66,1,5,False,1,1
36555,185,unweighted,10,0.5868829617834395,0,2,None,66,1,5,False,1,1
36556,186,unweighted,10,0.5741441082802548,0,2,None,66,1,5,False,1,1
36557,187,unweighted,10,0.5630971337579618,0,2,None,66,1,5,False,1,1
36558,188,unweighted,10,0.5542396496815286,0,2,None,66,1,5,False,1,1
36559,189,unweighted,10,0.5477707006369427,0,2,None,66,1,5,False,1,1
36560,185,unweighted,10,0.6388335987261147,0,0,None,66,1,5,False,1,1
36561,186,unweighted,10,0.6385350318471338,0,0,None,66,1,5,False,1,1
36562,187,unweighted,10,0.6380374203821656,0,0,None,66,1,5,False,1,1
36563,188,unweighted,10,0.6381369426751592,0,0,None,66,1,5,False,1,1
36564,189,unweighted,10,0.6377388535031847,0,0,None,66,1,5,False,1,1
36565,185,unweighted,10,0.5995222929936306,0,3,None,66,1,5,False,1,1
36566,186,unweighted,10,0.5996218152866242,0,3,None,66,1,5,False,1,1
36567,187,unweighted,10,0.6036027070063694,0,3,None,66,1,5,False,1,1
36568,188,unweighted,10,0.6068869426751592,0,3,None,66,1,5,False,1,1
36569,189,unweighted,10,0.6100716560509554,0,3,None,66,1,5,False,1,1
36570,185,unweighted,10,0.6344546178343949,0,5,None,66,1,5,False,1,1
36571,186,unweighted,10,0.6294785031847133,0,5,None,66,1,5,False,1,1
36572,187,unweighted,10,0.6289808917197452,0,5,None,66,1,5,False,1,1
36573,188,unweighted,10,0.6278861464968153,0,5,None,66,1,5,False,1,1
36574,189,unweighted,10,0.626890923566879,0,5,None,66,1,5,False,1,1
36575,185,unweighted,10,0.6476910828025477,0,7,None,66,1,5,False,1,1
36576,186,unweighted,10,0.6485867834394905,0,7,None,66,1,5,False,1,1
36577,187,unweighted,10,0.6500796178343949,0,7,None,66,1,5,False,1,1
36578,188,unweighted,10,0.6521695859872612,0,7,None,66,1,5,False,1,1
36579,189,unweighted,10,0.6542595541401274,0,7,None,66,1,5,False,1,1
36580,185,unweighted,10,0.6011146496815286,0,9,None,66,1,5,False,1,1
36581,186,unweighted,10,0.602906050955414,0,9,None,66,1,5,False,1,1
36582,187,unweighted,10,0.604796974522293,0,9,None,66,1,5,False,1,1
36583,188,unweighted,10,0.6063893312101911,0,9,None,66,1,5,False,1,1
36584,189,unweighted,10,0.6083797770700637,0,9,None,66,1,5,False,1,1
36585,185,unweighted,10,0.5052746815286624,0,4,None,66,1,5,False,1,1
36586,186,unweighted,10,0.5065684713375797,0,4,None,66,1,5,False,1,1
36587,187,unweighted,10,0.5144307324840764,0,4,None,66,1,5,False,1,1
36588,188,unweighted,10,0.5213972929936306,0,4,None,66,1,5,False,1,1
36589,189,unweighted,10,0.5256767515923567,0,4,None,66,1,5,False,1,1
36590,185,unweighted,10,0.6594347133757962,0,10,None,66,1,5,False,1,1
36591,186,unweighted,10,0.65734474522293,0,10,None,66,1,5,False,1,1
36592,187,unweighted,10,0.6570461783439491,0,10,None,66,1,5,False,1,1
36593,188,unweighted,10,0.6575437898089171,0,10,None,66,1,5,False,1,1
36594,189,unweighted,10,0.6585390127388535,0,10,None,66,1,5,False,1,1
36595,185,unweighted,10,0.6820262738853503,0,11,None,66,1,5,False,1,1
36596,186,unweighted,10,0.6817277070063694,0,11,None,66,1,5,False,1,1
36597,187,unweighted,10,0.6804339171974523,0,11,None,66,1,5,False,1,1
36598,188,unweighted,10,0.6812300955414012,0,11,None,66,1,5,False,1,1
36599,189,unweighted,10,0.6809315286624203,0,11,None,66,1,5,False,1,1
36600,185,unweighted,10,0.667296974522293,0,12,None,66,1,5,False,1,1
36601,186,unweighted,10,0.6676950636942676,0,12,None,66,1,5,False,1,1
36602,187,unweighted,10,0.6685907643312102,0,12,None,66,1,5,False,1,1
36603,188,unweighted,10,0.6684912420382165,0,12,None,66,1,5,False,1,1
36604,189,unweighted,10,0.6688893312101911,0,12,None,66,1,5,False,1,1
36605,185,unweighted,10,0.6176353503184714,0,15,None,66,1,5,False,1,1
36606,186,unweighted,10,0.6157444267515924,0,15,None,66,1,5,False,1,1
36607,187,unweighted,10,0.6142515923566879,0,15,None,66,1,5,False,1,1
36608,188,unweighted,10,0.6159434713375797,0,15,None,66,1,5,False,1,1
36609,189,unweighted,10,0.616640127388535,0,15,None,66,1,5,False,1,1
36610,185,unweighted,10,0.6420183121019108,0,17,None,66,1,5,False,1,1
36611,186,unweighted,10,0.6426154458598726,0,17,None,66,1,5,False,1,1
36612,187,unweighted,10,0.6446058917197452,0,17,None,66,1,5,False,1,1
36613,188,unweighted,10,0.6458996815286624,0,17,None,66,1,5,False,1,1
36614,189,unweighted,10,0.6465963375796179,0,17,None,66,1,5,False,1,1
36615,185,unweighted,10,0.6159434713375797,0,20,None,66,1,5,False,1,1
36616,186,unweighted,10,0.6136544585987261,0,20,None,66,1,5,False,1,1
36617,187,unweighted,10,0.6147492038216561,0,20,None,66,1,5,False,1,1
36618,188,unweighted,10,0.6169386942675159,0,20,None,66,1,5,False,1,1
36619,189,unweighted,10,0.6178343949044586,0,20,None,66,1,5,False,1,1
36620,185,unweighted,10,0.6999402866242038,0,18,None,66,1,5,False,1,1
36621,186,unweighted,10,0.6979498407643312,0,18,None,66,1,5,False,1,1
36622,187,unweighted,10,0.6973527070063694,0,18,None,66,1,5,False,1,1
36623,188,unweighted,10,0.6971536624203821,0,18,None,66,1,5,False,1,1
36624,189,unweighted,10,0.6977507961783439,0,18,None,66,1,5,False,1,1
36625,185,unweighted,10,0.6228105095541401,0,28,None,66,1,5,False,1,1
36626,186,unweighted,10,0.6243033439490446,0,28,None,66,1,5,False,1,1
36627,187,unweighted,10,0.6259952229299363,0,28,None,66,1,5,False,1,1
36628,188,unweighted,10,0.6283837579617835,0,28,None,66,1,5,False,1,1
36629,189,unweighted,10,0.6312699044585988,0,28,None,66,1,5,False,1,1
36630,190,unweighted,10,0.6384355095541401,0,1,None,66,1,5,False,1,1
36631,191,unweighted,10,0.6622213375796179,0,1,None,66,1,5,False,1,1
36632,192,unweighted,10,0.6711783439490446,0,1,None,66,1,5,False,1,1
36633,193,unweighted,10,0.6777468152866242,0,1,None,66,1,5,False,1,1
36634,194,unweighted,10,0.6844148089171974,0,1,None,66,1,5,False,1,1
36635,190,unweighted,10,0.591859076433121,0,2,None,66,1,5,False,1,1
36636,191,unweighted,10,0.5780254777070064,0,2,None,66,1,5,False,1,1
36637,192,unweighted,10,0.5667794585987261,0,2,None,66,1,5,False,1,1
36638,193,unweighted,10,0.5583200636942676,0,2,None,66,1,5,False,1,1
36639,194,unweighted,10,0.5527468152866242,0,2,None,66,1,5,False,1,1
36640,190,unweighted,10,0.5686703821656051,0,23,None,66,1,5,False,1,1
36641,191,unweighted,10,0.572452229299363,0,23,None,66,1,5,False,1,1
36642,192,unweighted,10,0.5753383757961783,0,23,None,66,1,5,False,1,1
36643,193,unweighted,10,0.5767316878980892,0,23,None,66,1,5,False,1,1
36644,194,unweighted,10,0.578125,0,23,None,66,1,5,False,1,1
36645,190,unweighted,10,0.6292794585987261,0,28,None,66,1,5,False,1,1
36646,191,unweighted,10,0.6307722929936306,0,28,None,66,1,5,False,1,1
36647,192,unweighted,10,0.6326632165605095,0,28,None,66,1,5,False,1,1
36648,193,unweighted,10,0.6353503184713376,0,28,None,66,1,5,False,1,1
36649,194,unweighted,10,0.6362460191082803,0,28,None,66,1,5,False,1,1
36650,190,unweighted,10,0.6750597133757962,0,13,None,66,1,5,False,1,1
36651,191,unweighted,10,0.676453025477707,0,13,None,66,1,5,False,1,1
36652,192,unweighted,10,0.677547770700637,0,13,None,66,1,5,False,1,1
36653,193,unweighted,10,0.6781449044585988,0,13,None,66,1,5,False,1,1
36654,194,unweighted,10,0.6803343949044586,0,13,None,66,1,5,False,1,1
36655,190,unweighted,10,0.6595342356687898,0,10,None,66,1,5,False,1,1
36656,191,unweighted,10,0.6591361464968153,0,10,None,66,1,5,False,1,1
36657,192,unweighted,10,0.6591361464968153,0,10,None,66,1,5,False,1,1
36658,193,unweighted,10,0.6607285031847133,0,10,None,66,1,5,False,1,1
36659,194,unweighted,10,0.661922770700637,0,10,None,66,1,5,False,1,1
36660,190,unweighted,10,0.6244028662420382,0,15,None,66,1,5,False,1,1
36661,191,unweighted,10,0.6233081210191083,0,15,None,66,1,5,False,1,1
36662,192,unweighted,10,0.6230095541401274,0,15,None,66,1,5,False,1,1
36663,193,unweighted,10,0.6229100318471338,0,15,None,66,1,5,False,1,1
36664,194,unweighted,10,0.6236066878980892,0,15,None,66,1,5,False,1,1
36665,190,unweighted,10,0.6881966560509554,0,11,None,66,1,5,False,1,1
36666,191,unweighted,10,0.6871019108280255,0,11,None,66,1,5,False,1,1
36667,192,unweighted,10,0.6862062101910829,0,11,None,66,1,5,False,1,1
36668,193,unweighted,10,0.6861066878980892,0,11,None,66,1,5,False,1,1
36669,194,unweighted,10,0.6852109872611465,0,11,None,66,1,5,False,1,1
36670,190,unweighted,10,0.6227109872611465,0,20,None,66,1,5,False,1,1
36671,191,unweighted,10,0.6175358280254777,0,20,None,66,1,5,False,1,1
36672,192,unweighted,10,0.6198248407643312,0,20,None,66,1,5,False,1,1
36673,193,unweighted,10,0.6208200636942676,0,20,None,66,1,5,False,1,1
36674,194,unweighted,10,0.6218152866242038,0,20,None,66,1,5,False,1,1
36675,190,unweighted,10,0.5443869426751592,0,32,None,66,1,5,False,1,1
36676,191,unweighted,10,0.5423964968152867,0,32,None,66,1,5,False,1,1
36677,192,unweighted,10,0.5421974522292994,0,32,None,66,1,5,False,1,1
36678,193,unweighted,10,0.542296974522293,0,32,None,66,1,5,False,1,1
36679,194,unweighted,10,0.5435907643312102,0,32,None,66,1,5,False,1,1
36680,190,unweighted,10,0.6394307324840764,0,5,None,66,1,5,False,1,1
36681,191,unweighted,10,0.6347531847133758,0,5,None,66,1,5,False,1,1
36682,192,unweighted,10,0.6338574840764332,0,5,None,66,1,5,False,1,1
36683,193,unweighted,10,0.6335589171974523,0,5,None,66,1,5,False,1,1
36684,194,unweighted,10,0.6315684713375797,0,5,None,66,1,5,False,1,1
36685,190,unweighted,10,0.6739649681528662,0,30,None,66,1,5,False,1,1
36686,191,unweighted,10,0.6755573248407644,0,30,None,66,1,5,False,1,1
36687,192,unweighted,10,0.6763535031847133,0,30,None,66,1,5,False,1,1
36688,193,unweighted,10,0.6777468152866242,0,30,None,66,1,5,False,1,1
36689,194,unweighted,10,0.6779458598726115,0,30,None,66,1,5,False,1,1
36690,190,unweighted,10,0.6528662420382165,0,22,None,66,1,5,False,1,1
36691,191,unweighted,10,0.6520700636942676,0,22,None,66,1,5,False,1,1
36692,192,unweighted,10,0.651671974522293,0,22,None,66,1,5,False,1,1
36693,193,unweighted,10,0.6506767515923567,0,22,None,66,1,5,False,1,1
36694,194,unweighted,10,0.6507762738853503,0,22,None,66,1,5,False,1,1
36695,190,unweighted,10,0.5200039808917197,0,4,None,66,1,5,False,1,1
36696,191,unweighted,10,0.5151273885350318,0,4,None,66,1,5,False,1,1
36697,192,unweighted,10,0.5262738853503185,0,4,None,66,1,5,False,1,1
36698,193,unweighted,10,0.5307523885350318,0,4,None,66,1,5,False,1,1
36699,194,unweighted,10,0.5320461783439491,0,4,None,66,1,5,False,1,1
36700,190,unweighted,10,0.6257961783439491,0,6,None,66,1,5,False,1,1
36701,191,unweighted,10,0.6258957006369427,0,6,None,66,1,5,False,1,1
36702,192,unweighted,10,0.6256966560509554,0,6,None,66,1,5,False,1,1
36703,193,unweighted,10,0.6259952229299363,0,6,None,66,1,5,False,1,1
36704,194,unweighted,10,0.6262937898089171,0,6,None,66,1,5,False,1,1
36705,190,unweighted,10,0.6693869426751592,0,12,None,66,1,5,False,1,1
36706,191,unweighted,10,0.6703821656050956,0,12,None,66,1,5,False,1,1
36707,192,unweighted,10,0.6710788216560509,0,12,None,66,1,5,False,1,1
36708,193,unweighted,10,0.6719745222929936,0,12,None,66,1,5,False,1,1
36709,194,unweighted,10,0.6721735668789809,0,12,None,66,1,5,False,1,1
36710,190,unweighted,10,0.5825039808917197,0,26,None,66,1,5,False,1,1
36711,191,unweighted,10,0.5798168789808917,0,26,None,66,1,5,False,1,1
36712,192,unweighted,10,0.5780254777070064,0,26,None,66,1,5,False,1,1
36713,193,unweighted,10,0.5755374203821656,0,26,None,66,1,5,False,1,1
36714,194,unweighted,10,0.5751393312101911,0,26,None,66,1,5,False,1,1
36715,190,unweighted,10,0.5121417197452229,0,24,None,66,1,5,False,1,1
36716,191,unweighted,10,0.5257762738853503,0,24,None,66,1,5,False,1,1
36717,192,unweighted,10,0.5407046178343949,0,24,None,66,1,5,False,1,1
36718,193,unweighted,10,0.5522492038216561,0,24,None,66,1,5,False,1,1
36719,194,unweighted,10,0.5650875796178344,0,24,None,66,1,5,False,1,1
36720,190,unweighted,10,0.6464968152866242,0,17,None,66,1,5,False,1,1
36721,191,unweighted,10,0.6477906050955414,0,17,None,66,1,5,False,1,1
36722,192,unweighted,10,0.649781050955414,0,17,None,66,1,5,False,1,1
36723,193,unweighted,10,0.6518710191082803,0,17,None,66,1,5,False,1,1
36724,194,unweighted,10,0.6537619426751592,0,17,None,66,1,5,False,1,1
36725,190,unweighted,10,0.5772292993630573,0,19,None,66,1,5,False,1,1
36726,191,unweighted,10,0.571656050955414,0,19,None,66,1,5,False,1,1
36727,192,unweighted,10,0.5725517515923567,0,19,None,66,1,5,False,1,1
36728,193,unweighted,10,0.5732484076433121,0,19,None,66,1,5,False,1,1
36729,194,unweighted,10,0.5737460191082803,0,19,None,66,1,5,False,1,1
36730,190,unweighted,10,0.6481886942675159,0,21,None,66,1,5,False,1,1
36731,191,unweighted,10,0.6453025477707006,0,21,None,66,1,5,False,1,1
36732,192,unweighted,10,0.6476910828025477,0,21,None,66,1,5,False,1,1
36733,193,unweighted,10,0.6483877388535032,0,21,None,66,1,5,False,1,1
36734,194,unweighted,10,0.6504777070063694,0,21,None,66,1,5,False,1,1
36735,190,unweighted,10,0.6450039808917197,0,0,None,66,1,5,False,1,1
36736,191,unweighted,10,0.6432125796178344,0,0,None,66,1,5,False,1,1
36737,192,unweighted,10,0.6431130573248408,0,0,None,66,1,5,False,1,1
36738,193,unweighted,10,0.6420183121019108,0,0,None,66,1,5,False,1,1
36739,194,unweighted,10,0.6413216560509554,0,0,None,66,1,5,False,1,1
36740,190,unweighted,10,0.6073845541401274,0,3,None,66,1,5,False,1,1
36741,191,unweighted,10,0.6081807324840764,0,3,None,66,1,5,False,1,1
36742,192,unweighted,10,0.6123606687898089,0,3,None,66,1,5,False,1,1
36743,193,unweighted,10,0.6147492038216561,0,3,None,66,1,5,False,1,1
36744,194,unweighted,10,0.6165406050955414,0,3,None,66,1,5,False,1,1
36745,190,unweighted,10,0.6048964968152867,0,9,None,66,1,5,False,1,1
36746,191,unweighted,10,0.6067874203821656,0,9,None,66,1,5,False,1,1
36747,192,unweighted,10,0.6071855095541401,0,9,None,66,1,5,False,1,1
36748,193,unweighted,10,0.6096735668789809,0,9,None,66,1,5,False,1,1
36749,194,unweighted,10,0.6110668789808917,0,9,None,66,1,5,False,1,1
36750,190,unweighted,10,0.6492834394904459,0,25,None,66,1,5,False,1,1
36751,191,unweighted,10,0.6384355095541401,0,25,None,66,1,5,False,1,1
36752,192,unweighted,10,0.6334593949044586,0,25,None,66,1,5,False,1,1
36753,193,unweighted,10,0.6286823248407644,0,25,None,66,1,5,False,1,1
36754,194,unweighted,10,0.6280851910828026,0,25,None,66,1,5,False,1,1
36755,190,unweighted,10,0.4507364649681528,0,14,None,66,1,5,False,1,1
36756,191,unweighted,10,0.4385947452229299,0,14,None,66,1,5,False,1,1
36757,192,unweighted,10,0.4340167197452229,0,14,None,66,1,5,False,1,1
36758,193,unweighted,10,0.432921974522293,0,14,None,66,1,5,False,1,1
36759,194,unweighted,10,0.4314291401273885,0,14,None,66,1,5,False,1,1
36760,190,unweighted,10,0.5511544585987261,0,29,None,66,1,5,False,1,1
36761,191,unweighted,10,0.5380175159235668,0,29,None,66,1,5,False,1,1
36762,192,unweighted,10,0.5326433121019108,0,29,None,66,1,5,False,1,1
36763,193,unweighted,10,0.5297571656050956,0,29,None,66,1,5,False,1,1
36764,194,unweighted,10,0.5283638535031847,0,29,None,66,1,5,False,1,1
36765,190,unweighted,10,0.6041998407643312,0,8,None,66,1,5,False,1,1
36766,191,unweighted,10,0.5825039808917197,0,8,None,66,1,5,False,1,1
36767,192,unweighted,10,0.5797173566878981,0,8,None,66,1,5,False,1,1
36768,193,unweighted,10,0.5797173566878981,0,8,None,66,1,5,False,1,1
36769,194,unweighted,10,0.5794187898089171,0,8,None,66,1,5,False,1,1
36770,190,unweighted,10,0.6545581210191083,0,7,None,66,1,5,False,1,1
36771,191,unweighted,10,0.6565485668789809,0,7,None,66,1,5,False,1,1
36772,192,unweighted,10,0.6582404458598726,0,7,None,66,1,5,False,1,1
36773,193,unweighted,10,0.6597332802547771,0,7,None,66,1,5,False,1,1
36774,194,unweighted,10,0.661922770700637,0,7,None,66,1,5,False,1,1
36775,190,unweighted,10,0.6944665605095541,0,16,None,66,1,5,False,1,1
36776,191,unweighted,10,0.6955613057324841,0,16,None,66,1,5,False,1,1
36777,192,unweighted,10,0.6955613057324841,0,16,None,66,1,5,False,1,1
36778,193,unweighted,10,0.6959593949044586,0,16,None,66,1,5,False,1,1
36779,194,unweighted,10,0.6964570063694268,0,16,None,66,1,5,False,1,1
36780,195,unweighted,10,0.6509753184713376,0,25,None,66,1,5,False,1,1
36781,196,unweighted,10,0.640625,0,25,None,66,1,5,False,1,1
36782,197,unweighted,10,0.6352507961783439,0,25,None,66,1,5,False,1,1
36783,198,unweighted,10,0.634156050955414,0,25,None,66,1,5,False,1,1
36784,199,unweighted,10,0.6318670382165605,0,25,None,66,1,5,False,1,1
36785,190,unweighted,10,0.7022292993630573,0,18,None,66,1,5,False,1,1
36786,191,unweighted,10,0.6988455414012739,0,18,None,66,1,5,False,1,1
36787,192,unweighted,10,0.7001393312101911,0,18,None,66,1,5,False,1,1
36788,193,unweighted,10,0.6998407643312102,0,18,None,66,1,5,False,1,1
36789,194,unweighted,10,0.6996417197452229,0,18,None,66,1,5,False,1,1
36790,190,unweighted,10,0.6739649681528662,0,27,None,66,1,5,False,1,1
36791,191,unweighted,10,0.6744625796178344,0,27,None,66,1,5,False,1,1
36792,192,unweighted,10,0.6744625796178344,0,27,None,66,1,5,False,1,1
36793,193,unweighted,10,0.6748606687898089,0,27,None,66,1,5,False,1,1
36794,194,unweighted,10,0.6757563694267515,0,27,None,66,1,5,False,1,1
36795,190,unweighted,10,0.6133558917197452,0,31,None,66,1,5,False,1,1
36796,191,unweighted,10,0.6209195859872612,0,31,None,66,1,5,False,1,1
36797,192,unweighted,10,0.6269904458598726,0,31,None,66,1,5,False,1,1
36798,193,unweighted,10,0.6293789808917197,0,31,None,66,1,5,False,1,1
36799,194,unweighted,10,0.6317675159235668,0,31,None,66,1,5,False,1,1
36800,195,unweighted,10,0.6969546178343949,0,16,None,66,1,5,False,1,1
36801,196,unweighted,10,0.6978503184713376,0,16,None,66,1,5,False,1,1
36802,197,unweighted,10,0.6973527070063694,0,16,None,66,1,5,False,1,1
36803,198,unweighted,10,0.6972531847133758,0,16,None,66,1,5,False,1,1
36804,199,unweighted,10,0.6972531847133758,0,16,None,66,1,5,False,1,1
36805,195,unweighted,10,0.6622213375796179,0,7,None,66,1,5,False,1,1
36806,196,unweighted,10,0.6640127388535032,0,7,None,66,1,5,False,1,1
36807,197,unweighted,10,0.6673964968152867,0,7,None,66,1,5,False,1,1
36808,198,unweighted,10,0.6685907643312102,0,7,None,66,1,5,False,1,1
36809,199,unweighted,10,0.6722730891719745,0,7,None,66,1,5,False,1,1
36810,195,unweighted,10,0.6568471337579618,0,22,None,66,1,5,False,1,1
36811,196,unweighted,10,0.6547571656050956,0,22,None,66,1,5,False,1,1
36812,197,unweighted,10,0.6540605095541401,0,22,None,66,1,5,False,1,1
36813,198,unweighted,10,0.6532643312101911,0,22,None,66,1,5,False,1,1
36814,199,unweighted,10,0.6526671974522293,0,22,None,66,1,5,False,1,1
36815,195,unweighted,10,0.6666998407643312,0,10,None,66,1,5,False,1,1
36816,196,unweighted,10,0.6653065286624203,0,10,None,66,1,5,False,1,1
36817,197,unweighted,10,0.6666003184713376,0,10,None,66,1,5,False,1,1
36818,198,unweighted,10,0.667296974522293,0,10,None,66,1,5,False,1,1
36819,199,unweighted,10,0.668093152866242,0,10,None,66,1,5,False,1,1
36820,195,unweighted,10,0.5501592356687898,0,32,None,66,1,5,False,1,1
36821,196,unweighted,10,0.5492635350318471,0,32,None,66,1,5,False,1,1
36822,197,unweighted,10,0.5484673566878981,0,32,None,66,1,5,False,1,1
36823,198,unweighted,10,0.5484673566878981,0,32,None,66,1,5,False,1,1
36824,199,unweighted,10,0.5485668789808917,0,32,None,66,1,5,False,1,1
36825,195,unweighted,10,0.6725716560509554,0,12,None,66,1,5,False,1,1
36826,196,unweighted,10,0.6726711783439491,0,12,None,66,1,5,False,1,1
36827,197,unweighted,10,0.6734673566878981,0,12,None,66,1,5,False,1,1
36828,198,unweighted,10,0.6739649681528662,0,12,None,66,1,5,False,1,1
36829,199,unweighted,10,0.6738654458598726,0,12,None,66,1,5,False,1,1
36830,195,unweighted,10,0.4557125796178344,0,14,None,66,1,5,False,1,1
36831,196,unweighted,10,0.4433718152866242,0,14,None,66,1,5,False,1,1
36832,197,unweighted,10,0.4408837579617834,0,14,None,66,1,5,False,1,1
36833,198,unweighted,10,0.4389928343949044,0,14,None,66,1,5,False,1,1
36834,199,unweighted,10,0.4381966560509554,0,14,None,66,1,5,False,1,1
36835,195,unweighted,10,0.5855891719745223,0,26,None,66,1,5,False,1,1
36836,196,unweighted,10,0.5814092356687898,0,26,None,66,1,5,False,1,1
36837,197,unweighted,10,0.5806130573248408,0,26,None,66,1,5,False,1,1
36838,198,unweighted,10,0.5801154458598726,0,26,None,66,1,5,False,1,1
36839,199,unweighted,10,0.578125,0,26,None,66,1,5,False,1,1
36840,195,unweighted,10,0.6294785031847133,0,15,None,66,1,5,False,1,1
36841,196,unweighted,10,0.6278861464968153,0,15,None,66,1,5,False,1,1
36842,197,unweighted,10,0.6272890127388535,0,15,None,66,1,5,False,1,1
36843,198,unweighted,10,0.6271894904458599,0,15,None,66,1,5,False,1,1
36844,199,unweighted,10,0.6279856687898089,0,15,None,66,1,5,False,1,1
36845,195,unweighted,10,0.6925756369426752,0,11,None,66,1,5,False,1,1
36846,196,unweighted,10,0.6906847133757962,0,11,None,66,1,5,False,1,1
36847,197,unweighted,10,0.689390923566879,0,11,None,66,1,5,False,1,1
36848,198,unweighted,10,0.68859474522293,0,11,None,66,1,5,False,1,1
36849,199,unweighted,10,0.6888933121019108,0,11,None,66,1,5,False,1,1
36850,195,unweighted,10,0.7030254777070064,0,18,None,66,1,5,False,1,1
36851,196,unweighted,10,0.7022292993630573,0,18,None,66,1,5,False,1,1
36852,197,unweighted,10,0.7023288216560509,0,18,None,66,1,5,False,1,1
36853,198,unweighted,10,0.7011345541401274,0,18,None,66,1,5,False,1,1
36854,199,unweighted,10,0.7003383757961783,0,18,None,66,1,5,False,1,1
36855,195,unweighted,10,0.5851910828025477,0,19,None,66,1,5,False,1,1
36856,196,unweighted,10,0.5813097133757962,0,19,None,66,1,5,False,1,1
36857,197,unweighted,10,0.5798168789808917,0,19,None,66,1,5,False,1,1
36858,198,unweighted,10,0.5798168789808917,0,19,None,66,1,5,False,1,1
36859,199,unweighted,10,0.5796178343949044,0,19,None,66,1,5,False,1,1
36860,195,unweighted,10,0.6503781847133758,0,17,None,66,1,5,False,1,1
36861,196,unweighted,10,0.6523686305732485,0,17,None,66,1,5,False,1,1
36862,197,unweighted,10,0.6541600318471338,0,17,None,66,1,5,False,1,1
36863,198,unweighted,10,0.65515525477707,0,17,None,66,1,5,False,1,1
36864,199,unweighted,10,0.6578423566878981,0,17,None,66,1,5,False,1,1
36865,195,unweighted,10,0.6221138535031847,0,31,None,66,1,5,False,1,1
36866,196,unweighted,10,0.6323646496815286,0,31,None,66,1,5,False,1,1
36867,197,unweighted,10,0.6345541401273885,0,31,None,66,1,5,False,1,1
36868,198,unweighted,10,0.6380374203821656,0,31,None,66,1,5,False,1,1
36869,199,unweighted,10,0.6388335987261147,0,31,None,66,1,5,False,1,1
36870,195,unweighted,10,0.5172173566878981,0,24,None,66,1,5,False,1,1
36871,196,unweighted,10,0.5299562101910829,0,24,None,66,1,5,False,1,1
36872,197,unweighted,10,0.546875,0,24,None,66,1,5,False,1,1
36873,198,unweighted,10,0.5597133757961783,0,24,None,66,1,5,False,1,1
36874,199,unweighted,10,0.5727507961783439,0,24,None,66,1,5,False,1,1
36875,195,unweighted,10,0.6336584394904459,0,1,None,66,1,5,False,1,1
36876,196,unweighted,10,0.6604299363057324,0,1,None,66,1,5,False,1,1
36877,197,unweighted,10,0.6715764331210191,0,1,None,66,1,5,False,1,1
36878,198,unweighted,10,0.6779458598726115,0,1,None,66,1,5,False,1,1
36879,199,unweighted,10,0.6832205414012739,0,1,None,66,1,5,False,1,1
36880,195,unweighted,10,0.5977308917197452,0,2,None,66,1,5,False,1,1
36881,196,unweighted,10,0.5813097133757962,0,2,None,66,1,5,False,1,1
36882,197,unweighted,10,0.5714570063694268,0,2,None,66,1,5,False,1,1
36883,198,unweighted,10,0.5622014331210191,0,2,None,66,1,5,False,1,1
36884,199,unweighted,10,0.5581210191082803,0,2,None,66,1,5,False,1,1
36885,195,unweighted,10,0.6480891719745223,0,0,None,66,1,5,False,1,1
36886,196,unweighted,10,0.6474920382165605,0,0,None,66,1,5,False,1,1
36887,197,unweighted,10,0.646297770700637,0,0,None,66,1,5,False,1,1
36888,198,unweighted,10,0.6459992038216561,0,0,None,66,1,5,False,1,1
36889,199,unweighted,10,0.6455015923566879,0,0,None,66,1,5,False,1,1
36890,195,unweighted,10,0.6439092356687898,0,5,None,66,1,5,False,1,1
36891,196,unweighted,10,0.6393312101910829,0,5,None,66,1,5,False,1,1
36892,197,unweighted,10,0.6390326433121019,0,5,None,66,1,5,False,1,1
36893,198,unweighted,10,0.6384355095541401,0,5,None,66,1,5,False,1,1
36894,199,unweighted,10,0.6365445859872612,0,5,None,66,1,5,False,1,1
36895,195,unweighted,10,0.612062101910828,0,8,None,66,1,5,False,1,1
36896,196,unweighted,10,0.5986265923566879,0,8,None,66,1,5,False,1,1
36897,197,unweighted,10,0.5957404458598726,0,8,None,66,1,5,False,1,1
36898,198,unweighted,10,0.59484474522293,0,8,None,66,1,5,False,1,1
36899,199,unweighted,10,0.595640923566879,0,8,None,66,1,5,False,1,1
36900,195,unweighted,10,0.6809315286624203,0,13,None,66,1,5,False,1,1
36901,196,unweighted,10,0.6814291401273885,0,13,None,66,1,5,False,1,1
36902,197,unweighted,10,0.6808320063694268,0,13,None,66,1,5,False,1,1
36903,198,unweighted,10,0.6819267515923567,0,13,None,66,1,5,False,1,1
36904,199,unweighted,10,0.6828224522292994,0,13,None,66,1,5,False,1,1
36905,195,unweighted,10,0.6099721337579618,0,9,None,66,1,5,False,1,1
36906,196,unweighted,10,0.6103702229299363,0,9,None,66,1,5,False,1,1
36907,197,unweighted,10,0.6123606687898089,0,9,None,66,1,5,False,1,1
36908,198,unweighted,10,0.6142515923566879,0,9,None,66,1,5,False,1,1
36909,199,unweighted,10,0.6160429936305732,0,9,None,66,1,5,False,1,1
36910,195,unweighted,10,0.65625,0,21,None,66,1,5,False,1,1
36911,196,unweighted,10,0.6527667197452229,0,21,None,66,1,5,False,1,1
36912,197,unweighted,10,0.6546576433121019,0,21,None,66,1,5,False,1,1
36913,198,unweighted,10,0.6558519108280255,0,21,None,66,1,5,False,1,1
36914,199,unweighted,10,0.6572452229299363,0,21,None,66,1,5,False,1,1
36915,195,unweighted,10,0.574343152866242,0,23,None,66,1,5,False,1,1
36916,196,unweighted,10,0.5768312101910829,0,23,None,66,1,5,False,1,1
36917,197,unweighted,10,0.5785230891719745,0,23,None,66,1,5,False,1,1
36918,198,unweighted,10,0.580015923566879,0,23,None,66,1,5,False,1,1
36919,199,unweighted,10,0.5820063694267515,0,23,None,66,1,5,False,1,1
36920,195,unweighted,10,0.6345541401273885,0,28,None,66,1,5,False,1,1
36921,196,unweighted,10,0.6343550955414012,0,28,None,66,1,5,False,1,1
36922,197,unweighted,10,0.6354498407643312,0,28,None,66,1,5,False,1,1
36923,198,unweighted,10,0.6371417197452229,0,28,None,66,1,5,False,1,1
36924,199,unweighted,10,0.6384355095541401,0,28,None,66,1,5,False,1,1
36925,195,unweighted,10,0.5570262738853503,0,29,None,66,1,5,False,1,1
36926,196,unweighted,10,0.54578025477707,0,29,None,66,1,5,False,1,1
36927,197,unweighted,10,0.5416003184713376,0,29,None,66,1,5,False,1,1
36928,198,unweighted,10,0.5382165605095541,0,29,None,66,1,5,False,1,1
36929,199,unweighted,10,0.5374203821656051,0,29,None,66,1,5,False,1,1
36930,195,unweighted,10,0.631468949044586,0,6,None,66,1,5,False,1,1
36931,196,unweighted,10,0.6312699044585988,0,6,None,66,1,5,False,1,1
36932,197,unweighted,10,0.6309713375796179,0,6,None,66,1,5,False,1,1
36933,198,unweighted,10,0.6311703821656051,0,6,None,66,1,5,False,1,1
36934,199,unweighted,10,0.6309713375796179,0,6,None,66,1,5,False,1,1
36935,195,unweighted,10,0.6753582802547771,0,27,None,66,1,5,False,1,1
36936,196,unweighted,10,0.6763535031847133,0,27,None,66,1,5,False,1,1
36937,197,unweighted,10,0.6770501592356688,0,27,None,66,1,5,False,1,1
36938,198,unweighted,10,0.6766520700636943,0,27,None,66,1,5,False,1,1
36939,199,unweighted,10,0.675656847133758,0,27,None,66,1,5,False,1,1
36940,195,unweighted,10,0.6772492038216561,0,30,None,66,1,5,False,1,1
36941,196,unweighted,10,0.6789410828025477,0,30,None,66,1,5,False,1,1
36942,197,unweighted,10,0.6799363057324841,0,30,None,66,1,5,False,1,1
36943,198,unweighted,10,0.6808320063694268,0,30,None,66,1,5,False,1,1
36944,199,unweighted,10,0.6807324840764332,0,30,None,66,1,5,False,1,1
36945,195,unweighted,10,0.5273686305732485,0,4,None,66,1,5,False,1,1
36946,196,unweighted,10,0.5225915605095541,0,4,None,66,1,5,False,1,1
36947,197,unweighted,10,0.5342356687898089,0,4,None,66,1,5,False,1,1
36948,198,unweighted,10,0.5370222929936306,0,4,None,66,1,5,False,1,1
36949,199,unweighted,10,0.540406050955414,0,4,None,66,1,5,False,1,1
36950,195,unweighted,10,0.6378383757961783,0,20,None,66,1,5,False,1,1
36951,196,unweighted,10,0.6226114649681529,0,20,None,66,1,5,False,1,1
36952,197,unweighted,10,0.6249004777070064,0,20,None,66,1,5,False,1,1
36953,198,unweighted,10,0.62609474522293,0,20,None,66,1,5,False,1,1
36954,199,unweighted,10,0.6270899681528662,0,20,None,66,1,5,False,1,1
36955,195,unweighted,10,0.6179339171974523,0,3,None,66,1,5,False,1,1
36956,196,unweighted,10,0.6182324840764332,0,3,None,66,1,5,False,1,1
36957,197,unweighted,10,0.6201234076433121,0,3,None,66,1,5,False,1,1
36958,198,unweighted,10,0.623109076433121,0,3,None,66,1,5,False,1,1
36959,199,unweighted,10,0.6254976114649682,0,3,None,66,1,5,False,1,1
0,0,degCent,10,0.1204219745222929,0,1,None,66,1,5,False,1,1
1,1,degCent,10,0.2308917197452229,0,1,None,66,1,5,False,1,1
2,2,degCent,10,0.2574641719745223,0,1,None,66,1,5,False,1,1
3,3,degCent,10,0.3107085987261146,0,1,None,66,1,5,False,1,1
4,4,degCent,10,0.3131966560509554,0,1,None,66,1,5,False,1,1
5,0,degCent,10,0.1874004777070063,0,13,None,66,1,5,False,1,1
6,1,degCent,10,0.2257165605095541,0,13,None,66,1,5,False,1,1
7,2,degCent,10,0.2510947452229299,0,13,None,66,1,5,False,1,1
8,3,degCent,10,0.2276074840764331,0,13,None,66,1,5,False,1,1
9,4,degCent,10,0.2125796178343949,0,13,None,66,1,5,False,1,1
10,0,degCent,10,0.2040207006369426,0,10,None,66,1,5,False,1,1
11,1,degCent,10,0.3144904458598726,0,10,None,66,1,5,False,1,1
12,2,degCent,10,0.2819466560509554,0,10,None,66,1,5,False,1,1
13,3,degCent,10,0.2666202229299363,0,10,None,66,1,5,False,1,1
14,4,degCent,10,0.3026472929936306,0,10,None,66,1,5,False,1,1
15,0,degCent,10,0.0995222929936305,0,15,None,66,1,5,False,1,1
16,1,degCent,10,0.0995222929936305,0,15,None,66,1,5,False,1,1
17,2,degCent,10,0.0995222929936305,0,15,None,66,1,5,False,1,1
18,3,degCent,10,0.0995222929936305,0,15,None,66,1,5,False,1,1
19,4,degCent,10,0.0995222929936305,0,15,None,66,1,5,False,1,1
20,0,degCent,10,0.0995222929936305,0,20,None,66,1,5,False,1,1
21,1,degCent,10,0.0995222929936305,0,20,None,66,1,5,False,1,1
22,2,degCent,10,0.1428144904458598,0,20,None,66,1,5,False,1,1
23,3,degCent,10,0.1995421974522293,0,20,None,66,1,5,False,1,1
24,4,degCent,10,0.2442277070063694,0,20,None,66,1,5,False,1,1
25,0,degCent,10,0.1001194267515923,0,19,None,66,1,5,False,1,1
26,1,degCent,10,0.0995222929936305,0,19,None,66,1,5,False,1,1
27,2,degCent,10,0.0997213375796178,0,19,None,66,1,5,False,1,1
28,3,degCent,10,0.1948646496815286,0,19,None,66,1,5,False,1,1
29,4,degCent,10,0.2568670382165605,0,19,None,66,1,5,False,1,1
30,0,degCent,10,0.0995222929936305,0,22,None,66,1,5,False,1,1
31,1,degCent,10,0.0995222929936305,0,22,None,66,1,5,False,1,1
32,2,degCent,10,0.0995222929936305,0,22,None,66,1,5,False,1,1
33,3,degCent,10,0.0995222929936305,0,22,None,66,1,5,False,1,1
34,4,degCent,10,0.0995222929936305,0,22,None,66,1,5,False,1,1
35,0,degCent,10,0.1857085987261146,0,14,None,66,1,5,False,1,1
36,1,degCent,10,0.1879976114649681,0,14,None,66,1,5,False,1,1
37,2,degCent,10,0.1830214968152866,0,14,None,66,1,5,False,1,1
38,3,degCent,10,0.1850119426751592,0,14,None,66,1,5,False,1,1
39,4,degCent,10,0.1939689490445859,0,14,None,66,1,5,False,1,1
40,0,degCent,10,0.0995222929936305,0,23,None,66,1,5,False,1,1
41,1,degCent,10,0.0995222929936305,0,23,None,66,1,5,False,1,1
42,2,degCent,10,0.0995222929936305,0,23,None,66,1,5,False,1,1
43,3,degCent,10,0.1195262738853503,0,23,None,66,1,5,False,1,1
44,4,degCent,10,0.1930732484076433,0,23,None,66,1,5,False,1,1
45,0,degCent,10,0.2160628980891719,0,21,None,66,1,5,False,1,1
46,1,degCent,10,0.2276074840764331,0,21,None,66,1,5,False,1,1
47,2,degCent,10,0.2291003184713375,0,21,None,66,1,5,False,1,1
48,3,degCent,10,0.2403463375796178,0,21,None,66,1,5,False,1,1
49,4,degCent,10,0.2834394904458598,0,21,None,66,1,5,False,1,1
50,0,degCent,10,0.1922770700636942,0,25,None,66,1,5,False,1,1
51,1,degCent,10,0.2123805732484076,0,25,None,66,1,5,False,1,1
52,2,degCent,10,0.2601512738853503,0,25,None,66,1,5,False,1,1
53,3,degCent,10,0.2431329617834395,0,25,None,66,1,5,False,1,1
54,4,degCent,10,0.2607484076433121,0,25,None,66,1,5,False,1,1
55,0,degCent,10,0.1836186305732484,0,26,None,66,1,5,False,1,1
56,1,degCent,10,0.0996218152866242,0,26,None,66,1,5,False,1,1
57,2,degCent,10,0.1006170382165605,0,26,None,66,1,5,False,1,1
58,3,degCent,10,0.1825238853503184,0,26,None,66,1,5,False,1,1
59,4,degCent,10,0.1989450636942675,0,26,None,66,1,5,False,1,1
60,0,degCent,10,0.0998208598726114,0,12,None,66,1,5,False,1,1
61,1,degCent,10,0.0995222929936305,0,12,None,66,1,5,False,1,1
62,2,degCent,10,0.0995222929936305,0,12,None,66,1,5,False,1,1
63,3,degCent,10,0.0995222929936305,0,12,None,66,1,5,False,1,1
64,4,degCent,10,0.0995222929936305,0,12,None,66,1,5,False,1,1
65,0,degCent,10,0.0995222929936305,0,28,None,66,1,5,False,1,1
66,1,degCent,10,0.0995222929936305,0,28,None,66,1,5,False,1,1
67,2,degCent,10,0.0995222929936305,0,28,None,66,1,5,False,1,1
68,3,degCent,10,0.0995222929936305,0,28,None,66,1,5,False,1,1
69,4,degCent,10,0.1724721337579617,0,28,None,66,1,5,False,1,1
70,0,degCent,10,0.1894904458598726,0,29,None,66,1,5,False,1,1
71,1,degCent,10,0.1883957006369426,0,29,None,66,1,5,False,1,1
72,2,degCent,10,0.1664012738853503,0,29,None,66,1,5,False,1,1
73,3,degCent,10,0.1934713375796178,0,29,None,66,1,5,False,1,1
74,4,degCent,10,0.198546974522293,0,29,None,66,1,5,False,1,1
75,0,degCent,10,0.1206210191082802,0,9,None,66,1,5,False,1,1
76,1,degCent,10,0.1002189490445859,0,9,None,66,1,5,False,1,1
77,2,degCent,10,0.0995222929936305,0,9,None,66,1,5,False,1,1
78,3,degCent,10,0.0995222929936305,0,9,None,66,1,5,False,1,1
79,4,degCent,10,0.1034036624203821,0,9,None,66,1,5,False,1,1
80,0,degCent,10,0.0995222929936305,0,30,None,66,1,5,False,1,1
81,1,degCent,10,0.0995222929936305,0,30,None,66,1,5,False,1,1
82,2,degCent,10,0.1046974522292993,0,30,None,66,1,5,False,1,1
83,3,degCent,10,0.1591361464968153,0,30,None,66,1,5,False,1,1
84,4,degCent,10,0.190187101910828,0,30,None,66,1,5,False,1,1
85,0,degCent,10,0.1706807324840764,0,27,None,66,1,5,False,1,1
86,1,degCent,10,0.1871019108280254,0,27,None,66,1,5,False,1,1
87,2,degCent,10,0.1911823248407643,0,27,None,66,1,5,False,1,1
88,3,degCent,10,0.1906847133757961,0,27,None,66,1,5,False,1,1
89,4,degCent,10,0.1892914012738853,0,27,None,66,1,5,False,1,1
90,0,degCent,10,0.1756568471337579,0,18,None,66,1,5,False,1,1
91,1,degCent,10,0.190983280254777,0,18,None,66,1,5,False,1,1
92,2,degCent,10,0.1921775477707006,0,18,None,66,1,5,False,1,1
93,3,degCent,10,0.194765127388535,0,18,None,66,1,5,False,1,1
94,4,degCent,10,0.1949641719745223,0,18,None,66,1,5,False,1,1
95,0,degCent,10,0.1675955414012739,0,31,None,66,1,5,False,1,1
96,1,degCent,10,0.1180334394904458,0,31,None,66,1,5,False,1,1
97,2,degCent,10,0.0997213375796178,0,31,None,66,1,5,False,1,1
98,3,degCent,10,0.0999203821656051,0,31,None,66,1,5,False,1,1
99,4,degCent,10,0.1184315286624203,0,31,None,66,1,5,False,1,1
100,0,degCent,10,0.0995222929936305,0,32,None,66,1,5,False,1,1
101,1,degCent,10,0.0995222929936305,0,32,None,66,1,5,False,1,1
102,2,degCent,10,0.0995222929936305,0,32,None,66,1,5,False,1,1
103,3,degCent,10,0.0995222929936305,0,32,None,66,1,5,False,1,1
104,4,degCent,10,0.1111664012738853,0,32,None,66,1,5,False,1,1
105,0,degCent,10,0.0995222929936305,0,4,None,66,1,5,False,1,1
106,1,degCent,10,0.0995222929936305,0,4,None,66,1,5,False,1,1
107,2,degCent,10,0.0995222929936305,0,4,None,66,1,5,False,1,1
108,3,degCent,10,0.0995222929936305,0,4,None,66,1,5,False,1,1
109,4,degCent,10,0.0995222929936305,0,4,None,66,1,5,False,1,1
110,0,degCent,10,0.1539609872611465,0,2,None,66,1,5,False,1,1
111,1,degCent,10,0.1714769108280254,0,2,None,66,1,5,False,1,1
112,2,degCent,10,0.1636146496815286,0,2,None,66,1,5,False,1,1
113,3,degCent,10,0.1678941082802547,0,2,None,66,1,5,False,1,1
114,4,degCent,10,0.2261146496815286,0,2,None,66,1,5,False,1,1
115,0,degCent,10,0.0995222929936305,0,5,None,66,1,5,False,1,1
116,1,degCent,10,0.0995222929936305,0,5,None,66,1,5,False,1,1
117,2,degCent,10,0.0995222929936305,0,5,None,66,1,5,False,1,1
118,3,degCent,10,0.1365445859872611,0,5,None,66,1,5,False,1,1
119,4,degCent,10,0.1898885350318471,0,5,None,66,1,5,False,1,1
120,0,degCent,10,0.0995222929936305,0,0,None,66,1,5,False,1,1
121,1,degCent,10,0.0995222929936305,0,0,None,66,1,5,False,1,1
122,2,degCent,10,0.0995222929936305,0,0,None,66,1,5,False,1,1
123,3,degCent,10,0.0995222929936305,0,0,None,66,1,5,False,1,1
124,4,degCent,10,0.0995222929936305,0,0,None,66,1,5,False,1,1
125,0,degCent,10,0.117436305732484,0,6,None,66,1,5,False,1,1
126,1,degCent,10,0.0995222929936305,0,6,None,66,1,5,False,1,1
127,2,degCent,10,0.0995222929936305,0,6,None,66,1,5,False,1,1
128,3,degCent,10,0.0995222929936305,0,6,None,66,1,5,False,1,1
129,4,degCent,10,0.0995222929936305,0,6,None,66,1,5,False,1,1
130,0,degCent,10,0.1451035031847133,0,7,None,66,1,5,False,1,1
131,1,degCent,10,0.0995222929936305,0,7,None,66,1,5,False,1,1
132,2,degCent,10,0.0995222929936305,0,7,None,66,1,5,False,1,1
133,3,degCent,10,0.0995222929936305,0,7,None,66,1,5,False,1,1
134,4,degCent,10,0.1788415605095541,0,7,None,66,1,5,False,1,1
135,0,degCent,10,0.0995222929936305,0,8,None,66,1,5,False,1,1
136,1,degCent,10,0.0995222929936305,0,8,None,66,1,5,False,1,1
137,2,degCent,10,0.1656050955414012,0,8,None,66,1,5,False,1,1
138,3,degCent,10,0.1876990445859872,0,8,None,66,1,5,False,1,1
139,4,degCent,10,0.1880971337579617,0,8,None,66,1,5,False,1,1
140,0,degCent,10,0.0995222929936305,0,16,None,66,1,5,False,1,1
141,1,degCent,10,0.0995222929936305,0,16,None,66,1,5,False,1,1
142,2,degCent,10,0.0995222929936305,0,16,None,66,1,5,False,1,1
143,3,degCent,10,0.0995222929936305,0,16,None,66,1,5,False,1,1
144,4,degCent,10,0.0995222929936305,0,16,None,66,1,5,False,1,1
145,0,degCent,10,0.0997213375796178,0,11,None,66,1,5,False,1,1
146,1,degCent,10,0.0995222929936305,0,11,None,66,1,5,False,1,1
147,2,degCent,10,0.0995222929936305,0,11,None,66,1,5,False,1,1
148,3,degCent,10,0.0995222929936305,0,11,None,66,1,5,False,1,1
149,4,degCent,10,0.0995222929936305,0,11,None,66,1,5,False,1,1
150,0,degCent,10,0.2665207006369426,0,17,None,66,1,5,False,1,1
151,1,degCent,10,0.1393312101910828,0,17,None,66,1,5,False,1,1
152,2,degCent,10,0.1044984076433121,0,17,None,66,1,5,False,1,1
153,3,degCent,10,0.1072850318471337,0,17,None,66,1,5,False,1,1
154,4,degCent,10,0.1935708598726114,0,17,None,66,1,5,False,1,1
155,0,degCent,10,0.2527866242038216,0,3,None,66,1,5,False,1,1
156,1,degCent,10,0.208499203821656,0,3,None,66,1,5,False,1,1
157,2,degCent,10,0.1808320063694267,0,3,None,66,1,5,False,1,1
158,3,degCent,10,0.1922770700636942,0,3,None,66,1,5,False,1,1
159,4,degCent,10,0.2532842356687898,0,3,None,66,1,5,False,1,1
160,0,degCent,10,0.1186305732484076,0,24,None,66,1,5,False,1,1
161,1,degCent,10,0.1934713375796178,0,24,None,66,1,5,False,1,1
162,2,degCent,10,0.1979498407643312,0,24,None,66,1,5,False,1,1
163,3,degCent,10,0.1978503184713375,0,24,None,66,1,5,False,1,1
164,4,degCent,10,0.1977507961783439,0,24,None,66,1,5,False,1,1
165,5,degCent,10,0.1644108280254777,0,1,None,66,1,5,False,1,1
166,6,degCent,10,0.2029259554140127,0,1,None,66,1,5,False,1,1
167,7,degCent,10,0.3065286624203822,0,1,None,66,1,5,False,1,1
168,8,degCent,10,0.3078224522292994,0,1,None,66,1,5,False,1,1
169,9,degCent,10,0.2902070063694267,0,1,None,66,1,5,False,1,1
170,5,degCent,10,0.1972531847133758,0,23,None,66,1,5,False,1,1
171,6,degCent,10,0.0995222929936305,0,23,None,66,1,5,False,1,1
172,7,degCent,10,0.0995222929936305,0,23,None,66,1,5,False,1,1
173,8,degCent,10,0.1085788216560509,0,23,None,66,1,5,False,1,1
174,9,degCent,10,0.1911823248407643,0,23,None,66,1,5,False,1,1
175,5,degCent,10,0.0995222929936305,0,22,None,66,1,5,False,1,1
176,6,degCent,10,0.1009156050955414,0,22,None,66,1,5,False,1,1
177,7,degCent,10,0.165406050955414,0,22,None,66,1,5,False,1,1
178,8,degCent,10,0.1878980891719745,0,22,None,66,1,5,False,1,1
179,9,degCent,10,0.1744625796178344,0,22,None,66,1,5,False,1,1
180,5,degCent,10,0.0995222929936305,0,16,None,66,1,5,False,1,1
181,6,degCent,10,0.0995222929936305,0,16,None,66,1,5,False,1,1
182,7,degCent,10,0.0995222929936305,0,16,None,66,1,5,False,1,1
183,8,degCent,10,0.0995222929936305,0,16,None,66,1,5,False,1,1
184,9,degCent,10,0.0995222929936305,0,16,None,66,1,5,False,1,1
185,5,degCent,10,0.0995222929936305,0,32,None,66,1,5,False,1,1
186,6,degCent,10,0.0995222929936305,0,32,None,66,1,5,False,1,1
187,7,degCent,10,0.0995222929936305,0,32,None,66,1,5,False,1,1
188,8,degCent,10,0.1288813694267516,0,32,None,66,1,5,False,1,1
189,9,degCent,10,0.1930732484076433,0,32,None,66,1,5,False,1,1
190,5,degCent,10,0.1262937898089172,0,7,None,66,1,5,False,1,1
191,6,degCent,10,0.1924761146496815,0,7,None,66,1,5,False,1,1
192,7,degCent,10,0.1990445859872611,0,7,None,66,1,5,False,1,1
193,8,degCent,10,0.2076035031847133,0,7,None,66,1,5,False,1,1
194,9,degCent,10,0.2484076433121019,0,7,None,66,1,5,False,1,1
195,5,degCent,10,0.0995222929936305,0,11,None,66,1,5,False,1,1
196,6,degCent,10,0.0995222929936305,0,11,None,66,1,5,False,1,1
197,7,degCent,10,0.0995222929936305,0,11,None,66,1,5,False,1,1
198,8,degCent,10,0.133061305732484,0,11,None,66,1,5,False,1,1
199,9,degCent,10,0.237062101910828,0,11,None,66,1,5,False,1,1
200,5,degCent,10,0.2625398089171974,0,17,None,66,1,5,False,1,1
201,6,degCent,10,0.2579617834394904,0,17,None,66,1,5,False,1,1
202,7,degCent,10,0.3196656050955414,0,17,None,66,1,5,False,1,1
203,8,degCent,10,0.3530055732484076,0,17,None,66,1,5,False,1,1
204,9,degCent,10,0.3808718152866242,0,17,None,66,1,5,False,1,1
205,5,degCent,10,0.2692078025477707,0,5,None,66,1,5,False,1,1
206,6,degCent,10,0.1742635350318471,0,5,None,66,1,5,False,1,1
207,7,degCent,10,0.1060907643312101,0,5,None,66,1,5,False,1,1
208,8,degCent,10,0.0995222929936305,0,5,None,66,1,5,False,1,1
209,9,degCent,10,0.0995222929936305,0,5,None,66,1,5,False,1,1
210,5,degCent,10,0.0995222929936305,0,14,None,66,1,5,False,1,1
211,6,degCent,10,0.0995222929936305,0,14,None,66,1,5,False,1,1
212,7,degCent,10,0.1006170382165605,0,14,None,66,1,5,False,1,1
213,8,degCent,10,0.1012141719745222,0,14,None,66,1,5,False,1,1
214,9,degCent,10,0.1026074840764331,0,14,None,66,1,5,False,1,1
215,5,degCent,10,0.28125,0,29,None,66,1,5,False,1,1
216,6,degCent,10,0.1958598726114649,0,29,None,66,1,5,False,1,1
217,7,degCent,10,0.1982484076433121,0,29,None,66,1,5,False,1,1
218,8,degCent,10,0.1983479299363057,0,29,None,66,1,5,False,1,1
219,9,degCent,10,0.198546974522293,0,29,None,66,1,5,False,1,1
220,5,degCent,10,0.2298964968152866,0,10,None,66,1,5,False,1,1
221,6,degCent,10,0.1822253184713375,0,10,None,66,1,5,False,1,1
222,7,degCent,10,0.1857085987261146,0,10,None,66,1,5,False,1,1
223,8,degCent,10,0.2530851910828025,0,10,None,66,1,5,False,1,1
224,9,degCent,10,0.3275278662420382,0,10,None,66,1,5,False,1,1
225,5,degCent,10,0.1277866242038216,0,15,None,66,1,5,False,1,1
226,6,degCent,10,0.1644108280254777,0,15,None,66,1,5,False,1,1
227,7,degCent,10,0.2695063694267516,0,15,None,66,1,5,False,1,1
228,8,degCent,10,0.300358280254777,0,15,None,66,1,5,False,1,1
229,9,degCent,10,0.3088176751592357,0,15,None,66,1,5,False,1,1
230,5,degCent,10,0.1763535031847133,0,13,None,66,1,5,False,1,1
231,6,degCent,10,0.2040207006369426,0,13,None,66,1,5,False,1,1
232,7,degCent,10,0.1988455414012739,0,13,None,66,1,5,False,1,1
233,8,degCent,10,0.1989450636942675,0,13,None,66,1,5,False,1,1
234,9,degCent,10,0.2009355095541401,0,13,None,66,1,5,False,1,1
235,5,degCent,10,0.0995222929936305,0,6,None,66,1,5,False,1,1
236,6,degCent,10,0.0995222929936305,0,6,None,66,1,5,False,1,1
237,7,degCent,10,0.0995222929936305,0,6,None,66,1,5,False,1,1
238,8,degCent,10,0.0995222929936305,0,6,None,66,1,5,False,1,1
239,9,degCent,10,0.0995222929936305,0,6,None,66,1,5,False,1,1
240,5,degCent,10,0.0996218152866242,0,26,None,66,1,5,False,1,1
241,6,degCent,10,0.1954617834394904,0,26,None,66,1,5,False,1,1
242,7,degCent,10,0.0996218152866242,0,26,None,66,1,5,False,1,1
243,8,degCent,10,0.0995222929936305,0,26,None,66,1,5,False,1,1
244,9,degCent,10,0.0995222929936305,0,26,None,66,1,5,False,1,1
245,5,degCent,10,0.2021297770700637,0,20,None,66,1,5,False,1,1
246,6,degCent,10,0.1844148089171974,0,20,None,66,1,5,False,1,1
247,7,degCent,10,0.2450238853503184,0,20,None,66,1,5,False,1,1
248,8,degCent,10,0.270203025477707,0,20,None,66,1,5,False,1,1
249,9,degCent,10,0.2818471337579618,0,20,None,66,1,5,False,1,1
250,5,degCent,10,0.0995222929936305,0,4,None,66,1,5,False,1,1
251,6,degCent,10,0.0995222929936305,0,4,None,66,1,5,False,1,1
252,7,degCent,10,0.0995222929936305,0,4,None,66,1,5,False,1,1
253,8,degCent,10,0.0995222929936305,0,4,None,66,1,5,False,1,1
254,9,degCent,10,0.0995222929936305,0,4,None,66,1,5,False,1,1
255,5,degCent,10,0.1904856687898089,0,28,None,66,1,5,False,1,1
256,6,degCent,10,0.0995222929936305,0,28,None,66,1,5,False,1,1
257,7,degCent,10,0.0995222929936305,0,28,None,66,1,5,False,1,1
258,8,degCent,10,0.0995222929936305,0,28,None,66,1,5,False,1,1
259,9,degCent,10,0.0995222929936305,0,28,None,66,1,5,False,1,1
260,5,degCent,10,0.0995222929936305,0,21,None,66,1,5,False,1,1
261,6,degCent,10,0.2473128980891719,0,21,None,66,1,5,False,1,1
262,7,degCent,10,0.2682125796178344,0,21,None,66,1,5,False,1,1
263,8,degCent,10,0.3050358280254777,0,21,None,66,1,5,False,1,1
264,9,degCent,10,0.3390724522292994,0,21,None,66,1,5,False,1,1
265,5,degCent,10,0.1719745222929936,0,24,None,66,1,5,False,1,1
266,6,degCent,10,0.0995222929936305,0,24,None,66,1,5,False,1,1
267,7,degCent,10,0.0996218152866242,0,24,None,66,1,5,False,1,1
268,8,degCent,10,0.0997213375796178,0,24,None,66,1,5,False,1,1
269,9,degCent,10,0.0999203821656051,0,24,None,66,1,5,False,1,1
270,5,degCent,10,0.0995222929936305,0,30,None,66,1,5,False,1,1
271,6,degCent,10,0.0995222929936305,0,30,None,66,1,5,False,1,1
272,7,degCent,10,0.0995222929936305,0,30,None,66,1,5,False,1,1
273,8,degCent,10,0.0995222929936305,0,30,None,66,1,5,False,1,1
274,9,degCent,10,0.0995222929936305,0,30,None,66,1,5,False,1,1
275,5,degCent,10,0.101811305732484,0,9,None,66,1,5,False,1,1
276,6,degCent,10,0.0995222929936305,0,9,None,66,1,5,False,1,1
277,7,degCent,10,0.0995222929936305,0,9,None,66,1,5,False,1,1
278,8,degCent,10,0.0995222929936305,0,9,None,66,1,5,False,1,1
279,9,degCent,10,0.0995222929936305,0,9,None,66,1,5,False,1,1
280,5,degCent,10,0.0995222929936305,0,12,None,66,1,5,False,1,1
281,6,degCent,10,0.0995222929936305,0,12,None,66,1,5,False,1,1
282,7,degCent,10,0.0995222929936305,0,12,None,66,1,5,False,1,1
283,8,degCent,10,0.0995222929936305,0,12,None,66,1,5,False,1,1
284,9,degCent,10,0.1026074840764331,0,12,None,66,1,5,False,1,1
285,5,degCent,10,0.0995222929936305,0,25,None,66,1,5,False,1,1
286,6,degCent,10,0.1054936305732484,0,25,None,66,1,5,False,1,1
287,7,degCent,10,0.1035031847133758,0,25,None,66,1,5,False,1,1
288,8,degCent,10,0.1005175159235668,0,25,None,66,1,5,False,1,1
289,9,degCent,10,0.1014132165605095,0,25,None,66,1,5,False,1,1
290,5,degCent,10,0.1070859872611465,0,8,None,66,1,5,False,1,1
291,6,degCent,10,0.1033041401273885,0,8,None,66,1,5,False,1,1
292,7,degCent,10,0.1302746815286624,0,8,None,66,1,5,False,1,1
293,8,degCent,10,0.2013335987261146,0,8,None,66,1,5,False,1,1
294,9,degCent,10,0.1121616242038216,0,8,None,66,1,5,False,1,1
295,5,degCent,10,0.1097730891719745,0,19,None,66,1,5,False,1,1
296,6,degCent,10,0.0995222929936305,0,19,None,66,1,5,False,1,1
297,7,degCent,10,0.0995222929936305,0,19,None,66,1,5,False,1,1
298,8,degCent,10,0.0995222929936305,0,19,None,66,1,5,False,1,1
299,9,degCent,10,0.0995222929936305,0,19,None,66,1,5,False,1,1
300,5,degCent,10,0.0995222929936305,0,2,None,66,1,5,False,1,1
301,6,degCent,10,0.0995222929936305,0,2,None,66,1,5,False,1,1
302,7,degCent,10,0.0995222929936305,0,2,None,66,1,5,False,1,1
303,8,degCent,10,0.0995222929936305,0,2,None,66,1,5,False,1,1
304,9,degCent,10,0.0995222929936305,0,2,None,66,1,5,False,1,1
305,5,degCent,10,0.0995222929936305,0,0,None,66,1,5,False,1,1
306,6,degCent,10,0.0995222929936305,0,0,None,66,1,5,False,1,1
307,7,degCent,10,0.0995222929936305,0,0,None,66,1,5,False,1,1
308,8,degCent,10,0.0995222929936305,0,0,None,66,1,5,False,1,1
309,9,degCent,10,0.0995222929936305,0,0,None,66,1,5,False,1,1
310,5,degCent,10,0.1868033439490445,0,3,None,66,1,5,False,1,1
311,6,degCent,10,0.2064092356687898,0,3,None,66,1,5,False,1,1
312,7,degCent,10,0.2402468152866242,0,3,None,66,1,5,False,1,1
313,8,degCent,10,0.2465167197452229,0,3,None,66,1,5,False,1,1
314,9,degCent,10,0.2480095541401273,0,3,None,66,1,5,False,1,1
315,5,degCent,10,0.1561504777070063,0,27,None,66,1,5,False,1,1
316,6,degCent,10,0.1919785031847133,0,27,None,66,1,5,False,1,1
317,7,degCent,10,0.1977507961783439,0,27,None,66,1,5,False,1,1
318,8,degCent,10,0.2133757961783439,0,27,None,66,1,5,False,1,1
319,9,degCent,10,0.246218152866242,0,27,None,66,1,5,False,1,1
320,5,degCent,10,0.107484076433121,0,18,None,66,1,5,False,1,1
321,6,degCent,10,0.0996218152866242,0,18,None,66,1,5,False,1,1
322,7,degCent,10,0.1553542993630573,0,18,None,66,1,5,False,1,1
323,8,degCent,10,0.1951632165605095,0,18,None,66,1,5,False,1,1
324,9,degCent,10,0.1971536624203821,0,18,None,66,1,5,False,1,1
325,5,degCent,10,0.138734076433121,0,31,None,66,1,5,False,1,1
326,6,degCent,10,0.0995222929936305,0,31,None,66,1,5,False,1,1
327,7,degCent,10,0.0995222929936305,0,31,None,66,1,5,False,1,1
328,8,degCent,10,0.0995222929936305,0,31,None,66,1,5,False,1,1
329,9,degCent,10,0.0995222929936305,0,31,None,66,1,5,False,1,1
330,10,degCent,10,0.0995222929936305,0,22,None,66,1,5,False,1,1
331,11,degCent,10,0.0995222929936305,0,22,None,66,1,5,False,1,1
332,12,degCent,10,0.0995222929936305,0,22,None,66,1,5,False,1,1
333,13,degCent,10,0.0995222929936305,0,22,None,66,1,5,False,1,1
334,14,degCent,10,0.0995222929936305,0,22,None,66,1,5,False,1,1
335,10,degCent,10,0.0995222929936305,0,32,None,66,1,5,False,1,1
336,11,degCent,10,0.0995222929936305,0,32,None,66,1,5,False,1,1
337,12,degCent,10,0.0995222929936305,0,32,None,66,1,5,False,1,1
338,13,degCent,10,0.0996218152866242,0,32,None,66,1,5,False,1,1
339,14,degCent,10,0.1023089171974522,0,32,None,66,1,5,False,1,1
340,10,degCent,10,0.0995222929936305,0,14,None,66,1,5,False,1,1
341,11,degCent,10,0.0995222929936305,0,14,None,66,1,5,False,1,1
342,12,degCent,10,0.0995222929936305,0,14,None,66,1,5,False,1,1
343,13,degCent,10,0.0995222929936305,0,14,None,66,1,5,False,1,1
344,14,degCent,10,0.0995222929936305,0,14,None,66,1,5,False,1,1
345,10,degCent,10,0.0995222929936305,0,25,None,66,1,5,False,1,1
346,11,degCent,10,0.0995222929936305,0,25,None,66,1,5,False,1,1
347,12,degCent,10,0.0995222929936305,0,25,None,66,1,5,False,1,1
348,13,degCent,10,0.1735668789808917,0,25,None,66,1,5,False,1,1
349,14,degCent,10,0.232484076433121,0,25,None,66,1,5,False,1,1
350,10,degCent,10,0.0995222929936305,0,26,None,66,1,5,False,1,1
351,11,degCent,10,0.1268909235668789,0,26,None,66,1,5,False,1,1
352,12,degCent,10,0.0996218152866242,0,26,None,66,1,5,False,1,1
353,13,degCent,10,0.0995222929936305,0,26,None,66,1,5,False,1,1
354,14,degCent,10,0.0995222929936305,0,26,None,66,1,5,False,1,1
355,10,degCent,10,0.0995222929936305,0,1,None,66,1,5,False,1,1
356,11,degCent,10,0.1358479299363057,0,1,None,66,1,5,False,1,1
357,12,degCent,10,0.1809315286624203,0,1,None,66,1,5,False,1,1
358,13,degCent,10,0.2082006369426751,0,1,None,66,1,5,False,1,1
359,14,degCent,10,0.2669187898089172,0,1,None,66,1,5,False,1,1
360,10,degCent,10,0.1068869426751592,0,13,None,66,1,5,False,1,1
361,11,degCent,10,0.1897890127388535,0,13,None,66,1,5,False,1,1
362,12,degCent,10,0.1970541401273885,0,13,None,66,1,5,False,1,1
363,13,degCent,10,0.1987460191082802,0,13,None,66,1,5,False,1,1
364,14,degCent,10,0.1990445859872611,0,13,None,66,1,5,False,1,1
365,10,degCent,10,0.1987460191082802,0,23,None,66,1,5,False,1,1
366,11,degCent,10,0.0995222929936305,0,23,None,66,1,5,False,1,1
367,12,degCent,10,0.0995222929936305,0,23,None,66,1,5,False,1,1
368,13,degCent,10,0.0997213375796178,0,23,None,66,1,5,False,1,1
369,14,degCent,10,0.2243232484076433,0,23,None,66,1,5,False,1,1
370,10,degCent,10,0.1903861464968153,0,29,None,66,1,5,False,1,1
371,11,degCent,10,0.1001194267515923,0,29,None,66,1,5,False,1,1
372,12,degCent,10,0.1590366242038216,0,29,None,66,1,5,False,1,1
373,13,degCent,10,0.1924761146496815,0,29,None,66,1,5,False,1,1
374,14,degCent,10,0.1972531847133758,0,29,None,66,1,5,False,1,1
375,10,degCent,10,0.1893909235668789,0,24,None,66,1,5,False,1,1
376,11,degCent,10,0.1915804140127388,0,24,None,66,1,5,False,1,1
377,12,degCent,10,0.192874203821656,0,24,None,66,1,5,False,1,1
378,13,degCent,10,0.1965565286624203,0,24,None,66,1,5,False,1,1
379,14,degCent,10,0.1972531847133758,0,24,None,66,1,5,False,1,1
380,10,degCent,10,0.0995222929936305,0,16,None,66,1,5,False,1,1
381,11,degCent,10,0.0995222929936305,0,16,None,66,1,5,False,1,1
382,12,degCent,10,0.0995222929936305,0,16,None,66,1,5,False,1,1
383,13,degCent,10,0.0995222929936305,0,16,None,66,1,5,False,1,1
384,14,degCent,10,0.0995222929936305,0,16,None,66,1,5,False,1,1
385,10,degCent,10,0.2628383757961783,0,2,None,66,1,5,False,1,1
386,11,degCent,10,0.2554737261146497,0,2,None,66,1,5,False,1,1
387,12,degCent,10,0.2796576433121019,0,2,None,66,1,5,False,1,1
388,13,degCent,10,0.3317078025477707,0,2,None,66,1,5,False,1,1
389,14,degCent,10,0.3611664012738853,0,2,None,66,1,5,False,1,1
390,10,degCent,10,0.309514331210191,0,7,None,66,1,5,False,1,1
391,11,degCent,10,0.306031050955414,0,7,None,66,1,5,False,1,1
392,12,degCent,10,0.277468152866242,0,7,None,66,1,5,False,1,1
393,13,degCent,10,0.2908041401273885,0,7,None,66,1,5,False,1,1
394,14,degCent,10,0.3185708598726114,0,7,None,66,1,5,False,1,1
395,10,degCent,10,0.1861066878980891,0,12,None,66,1,5,False,1,1
396,11,degCent,10,0.1770501592356688,0,12,None,66,1,5,False,1,1
397,12,degCent,10,0.1990445859872611,0,12,None,66,1,5,False,1,1
398,13,degCent,10,0.2587579617834395,0,12,None,66,1,5,False,1,1
399,14,degCent,10,0.3050358280254777,0,12,None,66,1,5,False,1,1
400,10,degCent,10,0.1954617834394904,0,9,None,66,1,5,False,1,1
401,11,degCent,10,0.1879976114649681,0,9,None,66,1,5,False,1,1
402,12,degCent,10,0.196656050955414,0,9,None,66,1,5,False,1,1
403,13,degCent,10,0.2540804140127388,0,9,None,66,1,5,False,1,1
404,14,degCent,10,0.1930732484076433,0,9,None,66,1,5,False,1,1
405,10,degCent,10,0.3109076433121019,0,17,None,66,1,5,False,1,1
406,11,degCent,10,0.3196656050955414,0,17,None,66,1,5,False,1,1
407,12,degCent,10,0.3461385350318471,0,17,None,66,1,5,False,1,1
408,13,degCent,10,0.3791799363057325,0,17,None,66,1,5,False,1,1
409,14,degCent,10,0.3981886942675159,0,17,None,66,1,5,False,1,1
410,10,degCent,10,0.2673168789808917,0,20,None,66,1,5,False,1,1
411,11,degCent,10,0.290406050955414,0,20,None,66,1,5,False,1,1
412,12,degCent,10,0.2955812101910828,0,20,None,66,1,5,False,1,1
413,13,degCent,10,0.3070262738853503,0,20,None,66,1,5,False,1,1
414,14,degCent,10,0.323546974522293,0,20,None,66,1,5,False,1,1
415,10,degCent,10,0.3268312101910828,0,28,None,66,1,5,False,1,1
416,11,degCent,10,0.1272890127388535,0,28,None,66,1,5,False,1,1
417,12,degCent,10,0.161624203821656,0,28,None,66,1,5,False,1,1
418,13,degCent,10,0.1923765923566879,0,28,None,66,1,5,False,1,1
419,14,degCent,10,0.1968550955414012,0,28,None,66,1,5,False,1,1
420,10,degCent,10,0.1945660828025477,0,31,None,66,1,5,False,1,1
421,11,degCent,10,0.1653065286624203,0,31,None,66,1,5,False,1,1
422,12,degCent,10,0.1240047770700636,0,31,None,66,1,5,False,1,1
423,13,degCent,10,0.1801353503184713,0,31,None,66,1,5,False,1,1
424,14,degCent,10,0.2165605095541401,0,31,None,66,1,5,False,1,1
425,10,degCent,10,0.3093152866242038,0,5,None,66,1,5,False,1,1
426,11,degCent,10,0.194765127388535,0,5,None,66,1,5,False,1,1
427,12,degCent,10,0.1931727707006369,0,5,None,66,1,5,False,1,1
428,13,degCent,10,0.1946656050955414,0,5,None,66,1,5,False,1,1
429,14,degCent,10,0.1956608280254777,0,5,None,66,1,5,False,1,1
430,10,degCent,10,0.2014331210191083,0,0,None,66,1,5,False,1,1
431,11,degCent,10,0.1830214968152866,0,0,None,66,1,5,False,1,1
432,12,degCent,10,0.1878980891719745,0,0,None,66,1,5,False,1,1
433,13,degCent,10,0.1945660828025477,0,0,None,66,1,5,False,1,1
434,14,degCent,10,0.1973527070063694,0,0,None,66,1,5,False,1,1
435,10,degCent,10,0.0995222929936305,0,4,None,66,1,5,False,1,1
436,11,degCent,10,0.0995222929936305,0,4,None,66,1,5,False,1,1
437,12,degCent,10,0.0995222929936305,0,4,None,66,1,5,False,1,1
438,13,degCent,10,0.0995222929936305,0,4,None,66,1,5,False,1,1
439,14,degCent,10,0.0996218152866242,0,4,None,66,1,5,False,1,1
440,10,degCent,10,0.294984076433121,0,3,None,66,1,5,False,1,1
441,11,degCent,10,0.3067277070063694,0,3,None,66,1,5,False,1,1
442,12,degCent,10,0.3326035031847134,0,3,None,66,1,5,False,1,1
443,13,degCent,10,0.3493232484076433,0,3,None,66,1,5,False,1,1
444,14,degCent,10,0.356389331210191,0,3,None,66,1,5,False,1,1
445,10,degCent,10,0.2619426751592357,0,10,None,66,1,5,False,1,1
446,11,degCent,10,0.3011544585987261,0,10,None,66,1,5,False,1,1
447,12,degCent,10,0.345640923566879,0,10,None,66,1,5,False,1,1
448,13,degCent,10,0.3575835987261146,0,10,None,66,1,5,False,1,1
449,14,degCent,10,0.3597730891719745,0,10,None,66,1,5,False,1,1
450,10,degCent,10,0.2428343949044586,0,11,None,66,1,5,False,1,1
451,11,degCent,10,0.1925756369426751,0,11,None,66,1,5,False,1,1
452,12,degCent,10,0.2457205414012739,0,11,None,66,1,5,False,1,1
453,13,degCent,10,0.2724920382165605,0,11,None,66,1,5,False,1,1
454,14,degCent,10,0.2999601910828025,0,11,None,66,1,5,False,1,1
455,10,degCent,10,0.2596536624203822,0,15,None,66,1,5,False,1,1
456,11,degCent,10,0.2822452229299363,0,15,None,66,1,5,False,1,1
457,12,degCent,10,0.3134952229299363,0,15,None,66,1,5,False,1,1
458,13,degCent,10,0.3348925159235669,0,15,None,66,1,5,False,1,1
459,14,degCent,10,0.3489251592356688,0,15,None,66,1,5,False,1,1
460,10,degCent,10,0.1971536624203821,0,27,None,66,1,5,False,1,1
461,11,degCent,10,0.1984474522292993,0,27,None,66,1,5,False,1,1
462,12,degCent,10,0.1981488853503184,0,27,None,66,1,5,False,1,1
463,13,degCent,10,0.1981488853503184,0,27,None,66,1,5,False,1,1
464,14,degCent,10,0.2146695859872611,0,27,None,66,1,5,False,1,1
465,10,degCent,10,0.0995222929936305,0,6,None,66,1,5,False,1,1
466,11,degCent,10,0.1167396496815286,0,6,None,66,1,5,False,1,1
467,12,degCent,10,0.0995222929936305,0,6,None,66,1,5,False,1,1
468,13,degCent,10,0.0995222929936305,0,6,None,66,1,5,False,1,1
469,14,degCent,10,0.0995222929936305,0,6,None,66,1,5,False,1,1
470,10,degCent,10,0.1041003184713375,0,30,None,66,1,5,False,1,1
471,11,degCent,10,0.0995222929936305,0,30,None,66,1,5,False,1,1
472,12,degCent,10,0.0995222929936305,0,30,None,66,1,5,False,1,1
473,13,degCent,10,0.0995222929936305,0,30,None,66,1,5,False,1,1
474,14,degCent,10,0.0995222929936305,0,30,None,66,1,5,False,1,1
475,10,degCent,10,0.1967555732484076,0,8,None,66,1,5,False,1,1
476,11,degCent,10,0.1005175159235668,0,8,None,66,1,5,False,1,1
477,12,degCent,10,0.177249203821656,0,8,None,66,1,5,False,1,1
478,13,degCent,10,0.1693869426751592,0,8,None,66,1,5,False,1,1
479,14,degCent,10,0.1798367834394904,0,8,None,66,1,5,False,1,1
480,10,degCent,10,0.175358280254777,0,18,None,66,1,5,False,1,1
481,11,degCent,10,0.158937101910828,0,18,None,66,1,5,False,1,1
482,12,degCent,10,0.1907842356687898,0,18,None,66,1,5,False,1,1
483,13,degCent,10,0.1971536624203821,0,18,None,66,1,5,False,1,1
484,14,degCent,10,0.1967555732484076,0,18,None,66,1,5,False,1,1
485,10,degCent,10,0.0995222929936305,0,19,None,66,1,5,False,1,1
486,11,degCent,10,0.0995222929936305,0,19,None,66,1,5,False,1,1
487,12,degCent,10,0.0996218152866242,0,19,None,66,1,5,False,1,1
488,13,degCent,10,0.1007165605095541,0,19,None,66,1,5,False,1,1
489,14,degCent,10,0.1198248407643312,0,19,None,66,1,5,False,1,1
490,10,degCent,10,0.0995222929936305,0,21,None,66,1,5,False,1,1
491,11,degCent,10,0.0997213375796178,0,21,None,66,1,5,False,1,1
492,12,degCent,10,0.1937699044585987,0,21,None,66,1,5,False,1,1
493,13,degCent,10,0.1981488853503184,0,21,None,66,1,5,False,1,1
494,14,degCent,10,0.2014331210191083,0,21,None,66,1,5,False,1,1
990,15,degCent,10,0.2996616242038216,0,2,None,66,1,5,False,1,1
991,16,degCent,10,0.3414609872611465,0,2,None,66,1,5,False,1,1
992,17,degCent,10,0.3640525477707006,0,2,None,66,1,5,False,1,1
993,18,degCent,10,0.3678343949044586,0,2,None,66,1,5,False,1,1
994,19,degCent,10,0.3690286624203822,0,2,None,66,1,5,False,1,1
995,15,degCent,10,0.2921974522292994,0,13,None,66,1,5,False,1,1
996,16,degCent,10,0.2933917197452229,0,13,None,66,1,5,False,1,1
997,17,degCent,10,0.3077229299363057,0,13,None,66,1,5,False,1,1
998,18,degCent,10,0.3190684713375796,0,13,None,66,1,5,False,1,1
999,19,degCent,10,0.3315087579617834,0,13,None,66,1,5,False,1,1
1000,15,degCent,10,0.0997213375796178,0,16,None,66,1,5,False,1,1
1001,16,degCent,10,0.1812300955414012,0,16,None,66,1,5,False,1,1
1002,17,degCent,10,0.1973527070063694,0,16,None,66,1,5,False,1,1
1003,18,degCent,10,0.2414410828025477,0,16,None,66,1,5,False,1,1
1004,19,degCent,10,0.2680135350318471,0,16,None,66,1,5,False,1,1
1005,15,degCent,10,0.3036425159235669,0,8,None,66,1,5,False,1,1
1006,16,degCent,10,0.287718949044586,0,8,None,66,1,5,False,1,1
1007,17,degCent,10,0.2956807324840764,0,8,None,66,1,5,False,1,1
1008,18,degCent,10,0.2985668789808917,0,8,None,66,1,5,False,1,1
1009,19,degCent,10,0.3025477707006369,0,8,None,66,1,5,False,1,1
1010,15,degCent,10,0.3557921974522293,0,20,None,66,1,5,False,1,1
1011,16,degCent,10,0.3602707006369426,0,20,None,66,1,5,False,1,1
1012,17,degCent,10,0.330812101910828,0,20,None,66,1,5,False,1,1
1013,18,degCent,10,0.3405652866242038,0,20,None,66,1,5,False,1,1
1014,19,degCent,10,0.3517117834394904,0,20,None,66,1,5,False,1,1
1015,15,degCent,10,0.2313893312101911,0,22,None,66,1,5,False,1,1
1016,16,degCent,10,0.2789609872611465,0,22,None,66,1,5,False,1,1
1017,17,degCent,10,0.2517914012738853,0,22,None,66,1,5,False,1,1
1018,18,degCent,10,0.263734076433121,0,22,None,66,1,5,False,1,1
1019,19,degCent,10,0.309514331210191,0,22,None,66,1,5,False,1,1
1020,15,degCent,10,0.2075039808917197,0,23,None,66,1,5,False,1,1
1021,16,degCent,10,0.3190684713375796,0,23,None,66,1,5,False,1,1
1022,17,degCent,10,0.3233479299363057,0,23,None,66,1,5,False,1,1
1023,18,degCent,10,0.2826433121019108,0,23,None,66,1,5,False,1,1
1024,19,degCent,10,0.2841361464968153,0,23,None,66,1,5,False,1,1
1025,15,degCent,10,0.237858280254777,0,25,None,66,1,5,False,1,1
1026,16,degCent,10,0.2577627388535032,0,25,None,66,1,5,False,1,1
1027,17,degCent,10,0.2595541401273885,0,25,None,66,1,5,False,1,1
1028,18,degCent,10,0.2602507961783439,0,25,None,66,1,5,False,1,1
1029,19,degCent,10,0.2612460191082802,0,25,None,66,1,5,False,1,1
1030,15,degCent,10,0.4246616242038216,0,17,None,66,1,5,False,1,1
1031,16,degCent,10,0.3948049363057325,0,17,None,66,1,5,False,1,1
1032,17,degCent,10,0.3960987261146497,0,17,None,66,1,5,False,1,1
1033,18,degCent,10,0.4151074840764331,0,17,None,66,1,5,False,1,1
1034,19,degCent,10,0.4388933121019108,0,17,None,66,1,5,False,1,1
1035,15,degCent,10,0.2537818471337579,0,28,None,66,1,5,False,1,1
1036,16,degCent,10,0.1978503184713375,0,28,None,66,1,5,False,1,1
1037,17,degCent,10,0.2171576433121019,0,28,None,66,1,5,False,1,1
1038,18,degCent,10,0.2388535031847133,0,28,None,66,1,5,False,1,1
1039,19,degCent,10,0.2592555732484076,0,28,None,66,1,5,False,1,1
1040,15,degCent,10,0.2892117834394904,0,18,None,66,1,5,False,1,1
1041,16,degCent,10,0.287718949044586,0,18,None,66,1,5,False,1,1
1042,17,degCent,10,0.2895103503184713,0,18,None,66,1,5,False,1,1
1043,18,degCent,10,0.3323049363057325,0,18,None,66,1,5,False,1,1
1044,19,degCent,10,0.3516122611464968,0,18,None,66,1,5,False,1,1
1045,15,degCent,10,0.2816480891719745,0,27,None,66,1,5,False,1,1
1046,16,degCent,10,0.3265326433121019,0,27,None,66,1,5,False,1,1
1047,17,degCent,10,0.3326035031847134,0,27,None,66,1,5,False,1,1
1048,18,degCent,10,0.3448447452229299,0,27,None,66,1,5,False,1,1
1049,19,degCent,10,0.3671377388535032,0,27,None,66,1,5,False,1,1
1050,15,degCent,10,0.2181528662420382,0,31,None,66,1,5,False,1,1
1051,16,degCent,10,0.24890525477707,0,31,None,66,1,5,False,1,1
1052,17,degCent,10,0.2633359872611465,0,31,None,66,1,5,False,1,1
1053,18,degCent,10,0.2861265923566879,0,31,None,66,1,5,False,1,1
1054,19,degCent,10,0.3097133757961783,0,31,None,66,1,5,False,1,1
1055,15,degCent,10,0.1967555732484076,0,32,None,66,1,5,False,1,1
1056,16,degCent,10,0.2757762738853503,0,32,None,66,1,5,False,1,1
1057,17,degCent,10,0.2875199044585987,0,32,None,66,1,5,False,1,1
1058,18,degCent,10,0.290406050955414,0,32,None,66,1,5,False,1,1
1059,19,degCent,10,0.2916998407643312,0,32,None,66,1,5,False,1,1
1060,15,degCent,10,0.2167595541401273,0,1,None,66,1,5,False,1,1
1061,16,degCent,10,0.2480095541401273,0,1,None,66,1,5,False,1,1
1062,17,degCent,10,0.3336982484076433,0,1,None,66,1,5,False,1,1
1063,18,degCent,10,0.302249203821656,0,1,None,66,1,5,False,1,1
1064,19,degCent,10,0.3130971337579618,0,1,None,66,1,5,False,1,1
1065,15,degCent,10,0.4098328025477707,0,10,None,66,1,5,False,1,1
1066,16,degCent,10,0.3578821656050955,0,10,None,66,1,5,False,1,1
1067,17,degCent,10,0.3591759554140127,0,10,None,66,1,5,False,1,1
1068,18,degCent,10,0.361265923566879,0,10,None,66,1,5,False,1,1
1069,19,degCent,10,0.3624601910828025,0,10,None,66,1,5,False,1,1
1070,15,degCent,10,0.2006369426751592,0,11,None,66,1,5,False,1,1
1071,16,degCent,10,0.2045183121019108,0,11,None,66,1,5,False,1,1
1072,17,degCent,10,0.2477109872611465,0,11,None,66,1,5,False,1,1
1073,18,degCent,10,0.2787619426751592,0,11,None,66,1,5,False,1,1
1074,19,degCent,10,0.3070262738853503,0,11,None,66,1,5,False,1,1
1075,15,degCent,10,0.3554936305732484,0,3,None,66,1,5,False,1,1
1076,16,degCent,10,0.3594745222929936,0,3,None,66,1,5,False,1,1
1077,17,degCent,10,0.3617635350318471,0,3,None,66,1,5,False,1,1
1078,18,degCent,10,0.362858280254777,0,3,None,66,1,5,False,1,1
1079,19,degCent,10,0.3818670382165605,0,3,None,66,1,5,False,1,1
1080,15,degCent,10,0.3066281847133758,0,15,None,66,1,5,False,1,1
1081,16,degCent,10,0.3835589171974522,0,15,None,66,1,5,False,1,1
1082,17,degCent,10,0.4221735668789809,0,15,None,66,1,5,False,1,1
1083,18,degCent,10,0.4351114649681528,0,15,None,66,1,5,False,1,1
1084,19,degCent,10,0.4412818471337579,0,15,None,66,1,5,False,1,1
1085,15,degCent,10,0.2266122611464968,0,5,None,66,1,5,False,1,1
1086,16,degCent,10,0.1961584394904458,0,5,None,66,1,5,False,1,1
1087,17,degCent,10,0.2380573248407643,0,5,None,66,1,5,False,1,1
1088,18,degCent,10,0.2635350318471338,0,5,None,66,1,5,False,1,1
1089,19,degCent,10,0.2913017515923566,0,5,None,66,1,5,False,1,1
1090,15,degCent,10,0.2790605095541401,0,4,None,66,1,5,False,1,1
1091,16,degCent,10,0.2853304140127388,0,4,None,66,1,5,False,1,1
1092,17,degCent,10,0.2901074840764331,0,4,None,66,1,5,False,1,1
1093,18,degCent,10,0.2973726114649681,0,4,None,66,1,5,False,1,1
1094,19,degCent,10,0.3179737261146497,0,4,None,66,1,5,False,1,1
1095,15,degCent,10,0.3414609872611465,0,7,None,66,1,5,False,1,1
1096,16,degCent,10,0.3661425159235669,0,7,None,66,1,5,False,1,1
1097,17,degCent,10,0.3646496815286624,0,7,None,66,1,5,False,1,1
1098,18,degCent,10,0.3686305732484076,0,7,None,66,1,5,False,1,1
1099,19,degCent,10,0.3728105095541401,0,7,None,66,1,5,False,1,1
1100,15,degCent,10,0.1798367834394904,0,6,None,66,1,5,False,1,1
1101,16,degCent,10,0.1440087579617834,0,6,None,66,1,5,False,1,1
1102,17,degCent,10,0.1812300955414012,0,6,None,66,1,5,False,1,1
1103,18,degCent,10,0.2259156050955414,0,6,None,66,1,5,False,1,1
1104,19,degCent,10,0.2498009554140127,0,6,None,66,1,5,False,1,1
1105,15,degCent,10,0.0995222929936305,0,14,None,66,1,5,False,1,1
1106,16,degCent,10,0.0995222929936305,0,14,None,66,1,5,False,1,1
1107,17,degCent,10,0.1334593949044586,0,14,None,66,1,5,False,1,1
1108,18,degCent,10,0.1774482484076433,0,14,None,66,1,5,False,1,1
1109,19,degCent,10,0.1918789808917197,0,14,None,66,1,5,False,1,1
1110,15,degCent,10,0.3570859872611465,0,12,None,66,1,5,False,1,1
1111,16,degCent,10,0.3859474522292994,0,12,None,66,1,5,False,1,1
1112,17,degCent,10,0.3749004777070063,0,12,None,66,1,5,False,1,1
1113,18,degCent,10,0.368531050955414,0,12,None,66,1,5,False,1,1
1114,19,degCent,10,0.3689291401273885,0,12,None,66,1,5,False,1,1
1115,15,degCent,10,0.1034036624203821,0,26,None,66,1,5,False,1,1
1116,16,degCent,10,0.1577428343949044,0,26,None,66,1,5,False,1,1
1117,17,degCent,10,0.2536823248407643,0,26,None,66,1,5,False,1,1
1118,18,degCent,10,0.2795581210191082,0,26,None,66,1,5,False,1,1
1119,19,degCent,10,0.2867237261146497,0,26,None,66,1,5,False,1,1
1120,15,degCent,10,0.2465167197452229,0,30,None,66,1,5,False,1,1
1121,16,degCent,10,0.2121815286624203,0,30,None,66,1,5,False,1,1
1122,17,degCent,10,0.2135748407643312,0,30,None,66,1,5,False,1,1
1123,18,degCent,10,0.2218351910828025,0,30,None,66,1,5,False,1,1
1124,19,degCent,10,0.2440286624203821,0,30,None,66,1,5,False,1,1
1125,15,degCent,10,0.1988455414012739,0,19,None,66,1,5,False,1,1
1126,16,degCent,10,0.2019307324840764,0,19,None,66,1,5,False,1,1
1127,17,degCent,10,0.2282046178343949,0,19,None,66,1,5,False,1,1
1128,18,degCent,10,0.2506966560509554,0,19,None,66,1,5,False,1,1
1129,19,degCent,10,0.2650278662420382,0,19,None,66,1,5,False,1,1
1130,15,degCent,10,0.3204617834394904,0,21,None,66,1,5,False,1,1
1131,16,degCent,10,0.3518113057324841,0,21,None,66,1,5,False,1,1
1132,17,degCent,10,0.3636544585987261,0,21,None,66,1,5,False,1,1
1133,18,degCent,10,0.3686305732484076,0,21,None,66,1,5,False,1,1
1134,19,degCent,10,0.3707205414012738,0,21,None,66,1,5,False,1,1
1135,15,degCent,10,0.196656050955414,0,24,None,66,1,5,False,1,1
1136,16,degCent,10,0.2116839171974522,0,24,None,66,1,5,False,1,1
1137,17,degCent,10,0.2439291401273885,0,24,None,66,1,5,False,1,1
1138,18,degCent,10,0.2579617834394904,0,24,None,66,1,5,False,1,1
1139,19,degCent,10,0.2635350318471338,0,24,None,66,1,5,False,1,1
1140,20,degCent,10,0.3686305732484076,0,26,None,66,1,5,False,1,1
1141,21,degCent,10,0.3767914012738853,0,26,None,66,1,5,False,1,1
1142,22,degCent,10,0.3982882165605095,0,26,None,66,1,5,False,1,1
1143,23,degCent,10,0.410828025477707,0,26,None,66,1,5,False,1,1
1144,24,degCent,10,0.4195859872611465,0,26,None,66,1,5,False,1,1
1145,15,degCent,10,0.234375,0,9,None,66,1,5,False,1,1
1146,16,degCent,10,0.2406449044585987,0,9,None,66,1,5,False,1,1
1147,17,degCent,10,0.3011544585987261,0,9,None,66,1,5,False,1,1
1148,18,degCent,10,0.2721934713375796,0,9,None,66,1,5,False,1,1
1149,19,degCent,10,0.3081210191082802,0,9,None,66,1,5,False,1,1
1150,15,degCent,10,0.252687101910828,0,29,None,66,1,5,False,1,1
1151,16,degCent,10,0.1970541401273885,0,29,None,66,1,5,False,1,1
1152,17,degCent,10,0.241640127388535,0,29,None,66,1,5,False,1,1
1153,18,degCent,10,0.2699044585987261,0,29,None,66,1,5,False,1,1
1154,19,degCent,10,0.2769705414012738,0,29,None,66,1,5,False,1,1
1155,15,degCent,10,0.2875199044585987,0,0,None,66,1,5,False,1,1
1156,16,degCent,10,0.2880175159235669,0,0,None,66,1,5,False,1,1
1157,17,degCent,10,0.2890127388535032,0,0,None,66,1,5,False,1,1
1158,18,degCent,10,0.3023487261146497,0,0,None,66,1,5,False,1,1
1159,19,degCent,10,0.3155851910828025,0,0,None,66,1,5,False,1,1
1160,20,degCent,10,0.4117237261146497,0,1,None,66,1,5,False,1,1
1161,21,degCent,10,0.4319267515923566,0,1,None,66,1,5,False,1,1
1162,22,degCent,10,0.4418789808917197,0,1,None,66,1,5,False,1,1
1163,23,degCent,10,0.4476512738853503,0,1,None,66,1,5,False,1,1
1164,24,degCent,10,0.4608877388535032,0,1,None,66,1,5,False,1,1
1165,20,degCent,10,0.2654259554140127,0,25,None,66,1,5,False,1,1
1166,21,degCent,10,0.2651273885350318,0,25,None,66,1,5,False,1,1
1167,22,degCent,10,0.2688097133757962,0,25,None,66,1,5,False,1,1
1168,23,degCent,10,0.2779657643312102,0,25,None,66,1,5,False,1,1
1169,24,degCent,10,0.2915007961783439,0,25,None,66,1,5,False,1,1
1170,20,degCent,10,0.2632364649681528,0,14,None,66,1,5,False,1,1
1171,21,degCent,10,0.2403463375796178,0,14,None,66,1,5,False,1,1
1172,22,degCent,10,0.2237261146496815,0,14,None,66,1,5,False,1,1
1173,23,degCent,10,0.2527866242038216,0,14,None,66,1,5,False,1,1
1174,24,degCent,10,0.2607484076433121,0,14,None,66,1,5,False,1,1
1175,20,degCent,10,0.3599721337579618,0,29,None,66,1,5,False,1,1
1176,21,degCent,10,0.3637539808917197,0,29,None,66,1,5,False,1,1
1177,22,degCent,10,0.3698248407643312,0,29,None,66,1,5,False,1,1
1178,23,degCent,10,0.3722133757961783,0,29,None,66,1,5,False,1,1
1179,24,degCent,10,0.3727109872611465,0,29,None,66,1,5,False,1,1
1180,20,degCent,10,0.3747014331210191,0,2,None,66,1,5,False,1,1
1181,21,degCent,10,0.3742038216560509,0,2,None,66,1,5,False,1,1
1182,22,degCent,10,0.3738057324840764,0,2,None,66,1,5,False,1,1
1183,23,degCent,10,0.3743033439490446,0,2,None,66,1,5,False,1,1
1184,24,degCent,10,0.3747014331210191,0,2,None,66,1,5,False,1,1
1185,20,degCent,10,0.3886345541401274,0,7,None,66,1,5,False,1,1
1186,21,degCent,10,0.4006767515923566,0,7,None,66,1,5,False,1,1
1187,22,degCent,10,0.408140923566879,0,7,None,66,1,5,False,1,1
1188,23,degCent,10,0.418889331210191,0,7,None,66,1,5,False,1,1
1189,24,degCent,10,0.4331210191082802,0,7,None,66,1,5,False,1,1
1190,20,degCent,10,0.4377985668789809,0,15,None,66,1,5,False,1,1
1191,21,degCent,10,0.4548168789808917,0,15,None,66,1,5,False,1,1
1192,22,degCent,10,0.4651671974522293,0,15,None,66,1,5,False,1,1
1193,23,degCent,10,0.4746218152866242,0,15,None,66,1,5,False,1,1
1194,24,degCent,10,0.480593152866242,0,15,None,66,1,5,False,1,1
1195,20,degCent,10,0.3769904458598726,0,9,None,66,1,5,False,1,1
1196,21,degCent,10,0.3430533439490446,0,9,None,66,1,5,False,1,1
1197,22,degCent,10,0.3498208598726114,0,9,None,66,1,5,False,1,1
1198,23,degCent,10,0.3541998407643312,0,9,None,66,1,5,False,1,1
1199,24,degCent,10,0.3580812101910828,0,9,None,66,1,5,False,1,1
1200,20,degCent,10,0.3244426751592357,0,5,None,66,1,5,False,1,1
1201,21,degCent,10,0.2955812101910828,0,5,None,66,1,5,False,1,1
1202,22,degCent,10,0.314390923566879,0,5,None,66,1,5,False,1,1
1203,23,degCent,10,0.3321058917197452,0,5,None,66,1,5,False,1,1
1204,24,degCent,10,0.3400676751592357,0,5,None,66,1,5,False,1,1
1205,20,degCent,10,0.3692277070063694,0,10,None,66,1,5,False,1,1
1206,21,degCent,10,0.3622611464968153,0,10,None,66,1,5,False,1,1
1207,22,degCent,10,0.3632563694267516,0,10,None,66,1,5,False,1,1
1208,23,degCent,10,0.3645501592356688,0,10,None,66,1,5,False,1,1
1209,24,degCent,10,0.3660429936305732,0,10,None,66,1,5,False,1,1
1210,20,degCent,10,0.3986863057324841,0,6,None,66,1,5,False,1,1
1211,21,degCent,10,0.3570859872611465,0,6,None,66,1,5,False,1,1
1212,22,degCent,10,0.3831608280254777,0,6,None,66,1,5,False,1,1
1213,23,degCent,10,0.4125199044585987,0,6,None,66,1,5,False,1,1
1214,24,degCent,10,0.4211783439490446,0,6,None,66,1,5,False,1,1
1215,20,degCent,10,0.3708200636942675,0,20,None,66,1,5,False,1,1
1216,21,degCent,10,0.3904259554140127,0,20,None,66,1,5,False,1,1
1217,22,degCent,10,0.404359076433121,0,20,None,66,1,5,False,1,1
1218,23,degCent,10,0.4334195859872611,0,20,None,66,1,5,False,1,1
1219,24,degCent,10,0.4541202229299363,0,20,None,66,1,5,False,1,1
1220,20,degCent,10,0.2927945859872611,0,32,None,66,1,5,False,1,1
1221,21,degCent,10,0.2929936305732484,0,32,None,66,1,5,False,1,1
1222,22,degCent,10,0.3123009554140127,0,32,None,66,1,5,False,1,1
1223,23,degCent,10,0.3425557324840764,0,32,None,66,1,5,False,1,1
1224,24,degCent,10,0.3654458598726114,0,32,None,66,1,5,False,1,1
1225,20,degCent,10,0.3694267515923566,0,22,None,66,1,5,False,1,1
1226,21,degCent,10,0.3484275477707006,0,22,None,66,1,5,False,1,1
1227,22,degCent,10,0.3985867834394904,0,22,None,66,1,5,False,1,1
1228,23,degCent,10,0.4176950636942675,0,22,None,66,1,5,False,1,1
1229,24,degCent,10,0.4358081210191082,0,22,None,66,1,5,False,1,1
1230,20,degCent,10,0.378483280254777,0,8,None,66,1,5,False,1,1
1231,21,degCent,10,0.3232484076433121,0,8,None,66,1,5,False,1,1
1232,22,degCent,10,0.3063296178343949,0,8,None,66,1,5,False,1,1
1233,23,degCent,10,0.3062300955414013,0,8,None,66,1,5,False,1,1
1234,24,degCent,10,0.3072253184713376,0,8,None,66,1,5,False,1,1
1235,20,degCent,10,0.2737858280254777,0,16,None,66,1,5,False,1,1
1236,21,degCent,10,0.3273288216560509,0,16,None,66,1,5,False,1,1
1237,22,degCent,10,0.3629578025477707,0,16,None,66,1,5,False,1,1
1238,23,degCent,10,0.3844546178343949,0,16,None,66,1,5,False,1,1
1239,24,degCent,10,0.3977906050955414,0,16,None,66,1,5,False,1,1
1240,20,degCent,10,0.3436504777070063,0,18,None,66,1,5,False,1,1
1241,21,degCent,10,0.3428542993630573,0,18,None,66,1,5,False,1,1
1242,22,degCent,10,0.356389331210191,0,18,None,66,1,5,False,1,1
1243,23,degCent,10,0.3618630573248407,0,18,None,66,1,5,False,1,1
1244,24,degCent,10,0.3641520700636942,0,18,None,66,1,5,False,1,1
1245,20,degCent,10,0.3376791401273885,0,13,None,66,1,5,False,1,1
1246,21,degCent,10,0.3496218152866242,0,13,None,66,1,5,False,1,1
1247,22,degCent,10,0.3554936305732484,0,13,None,66,1,5,False,1,1
1248,23,degCent,10,0.3607683121019108,0,13,None,66,1,5,False,1,1
1249,24,degCent,10,0.3655453821656051,0,13,None,66,1,5,False,1,1
1250,20,degCent,10,0.4317277070063694,0,12,None,66,1,5,False,1,1
1251,21,degCent,10,0.4367038216560509,0,12,None,66,1,5,False,1,1
1252,22,degCent,10,0.4386942675159235,0,12,None,66,1,5,False,1,1
1253,23,degCent,10,0.4424761146496815,0,12,None,66,1,5,False,1,1
1254,24,degCent,10,0.4549164012738853,0,12,None,66,1,5,False,1,1
1255,20,degCent,10,0.3512141719745223,0,19,None,66,1,5,False,1,1
1256,21,degCent,10,0.3631568471337579,0,19,None,66,1,5,False,1,1
1257,22,degCent,10,0.3703224522292994,0,19,None,66,1,5,False,1,1
1258,23,degCent,10,0.3825636942675159,0,19,None,66,1,5,False,1,1
1259,24,degCent,10,0.3922173566878981,0,19,None,66,1,5,False,1,1
1260,20,degCent,10,0.363953025477707,0,23,None,66,1,5,False,1,1
1261,21,degCent,10,0.3430533439490446,0,23,None,66,1,5,False,1,1
1262,22,degCent,10,0.332703025477707,0,23,None,66,1,5,False,1,1
1263,23,degCent,10,0.3354896496815286,0,23,None,66,1,5,False,1,1
1264,24,degCent,10,0.3411624203821656,0,23,None,66,1,5,False,1,1
1265,20,degCent,10,0.3184713375796178,0,4,None,66,1,5,False,1,1
1266,21,degCent,10,0.3488256369426751,0,4,None,66,1,5,False,1,1
1267,22,degCent,10,0.3683320063694267,0,4,None,66,1,5,False,1,1
1268,23,degCent,10,0.3792794585987261,0,4,None,66,1,5,False,1,1
1269,24,degCent,10,0.3862460191082802,0,4,None,66,1,5,False,1,1
1270,20,degCent,10,0.3680334394904458,0,21,None,66,1,5,False,1,1
1271,21,degCent,10,0.3728105095541401,0,21,None,66,1,5,False,1,1
1272,22,degCent,10,0.3761942675159235,0,21,None,66,1,5,False,1,1
1273,23,degCent,10,0.3972929936305732,0,21,None,66,1,5,False,1,1
1274,24,degCent,10,0.4117237261146497,0,21,None,66,1,5,False,1,1
1275,20,degCent,10,0.3047372611464968,0,11,None,66,1,5,False,1,1
1276,21,degCent,10,0.335390127388535,0,11,None,66,1,5,False,1,1
1277,22,degCent,10,0.3541003184713376,0,11,None,66,1,5,False,1,1
1278,23,degCent,10,0.3732085987261146,0,11,None,66,1,5,False,1,1
1279,24,degCent,10,0.3956011146496815,0,11,None,66,1,5,False,1,1
1280,20,degCent,10,0.4583001592356688,0,17,None,66,1,5,False,1,1
1281,21,degCent,10,0.4360071656050955,0,17,None,66,1,5,False,1,1
1282,22,degCent,10,0.4611863057324841,0,17,None,66,1,5,False,1,1
1283,23,degCent,10,0.4781050955414013,0,17,None,66,1,5,False,1,1
1284,24,degCent,10,0.488953025477707,0,17,None,66,1,5,False,1,1
1285,20,degCent,10,0.2669187898089172,0,24,None,66,1,5,False,1,1
1286,21,degCent,10,0.268312101910828,0,24,None,66,1,5,False,1,1
1287,22,degCent,10,0.2697054140127388,0,24,None,66,1,5,False,1,1
1288,23,degCent,10,0.2883160828025478,0,24,None,66,1,5,False,1,1
1289,24,degCent,10,0.3147890127388535,0,24,None,66,1,5,False,1,1
1290,20,degCent,10,0.4086385350318471,0,27,None,66,1,5,False,1,1
1291,21,degCent,10,0.4212778662420382,0,27,None,66,1,5,False,1,1
1292,22,degCent,10,0.4225716560509554,0,27,None,66,1,5,False,1,1
1293,23,degCent,10,0.4331210191082802,0,27,None,66,1,5,False,1,1
1294,24,degCent,10,0.4395899681528662,0,27,None,66,1,5,False,1,1
1295,20,degCent,10,0.338077229299363,0,30,None,66,1,5,False,1,1
1296,21,degCent,10,0.3600716560509554,0,30,None,66,1,5,False,1,1
1297,22,degCent,10,0.3696257961783439,0,30,None,66,1,5,False,1,1
1298,23,degCent,10,0.3747014331210191,0,30,None,66,1,5,False,1,1
1299,24,degCent,10,0.377687101910828,0,30,None,66,1,5,False,1,1
1300,20,degCent,10,0.3244426751592357,0,31,None,66,1,5,False,1,1
1301,21,degCent,10,0.3253383757961783,0,31,None,66,1,5,False,1,1
1302,22,degCent,10,0.3286226114649681,0,31,None,66,1,5,False,1,1
1303,23,degCent,10,0.3359872611464968,0,31,None,66,1,5,False,1,1
1304,24,degCent,10,0.3503184713375796,0,31,None,66,1,5,False,1,1
1305,20,degCent,10,0.313296178343949,0,0,None,66,1,5,False,1,1
1306,21,degCent,10,0.3265326433121019,0,0,None,66,1,5,False,1,1
1307,22,degCent,10,0.339968152866242,0,0,None,66,1,5,False,1,1
1308,23,degCent,10,0.3545979299363057,0,0,None,66,1,5,False,1,1
1309,24,degCent,10,0.3656449044585987,0,0,None,66,1,5,False,1,1
1310,20,degCent,10,0.4015724522292994,0,3,None,66,1,5,False,1,1
1311,21,degCent,10,0.4223726114649681,0,3,None,66,1,5,False,1,1
1312,22,degCent,10,0.440187101910828,0,3,None,66,1,5,False,1,1
1313,23,degCent,10,0.4521297770700637,0,3,None,66,1,5,False,1,1
1314,24,degCent,10,0.4620820063694267,0,3,None,66,1,5,False,1,1
1315,20,degCent,10,0.2482085987261146,0,28,None,66,1,5,False,1,1
1316,21,degCent,10,0.2505971337579618,0,28,None,66,1,5,False,1,1
1317,22,degCent,10,0.2731886942675159,0,28,None,66,1,5,False,1,1
1318,23,degCent,10,0.2857285031847134,0,28,None,66,1,5,False,1,1
1319,24,degCent,10,0.2978702229299363,0,28,None,66,1,5,False,1,1
2145,25,degCent,10,0.4530254777070063,0,1,None,66,1,5,False,1,1
2146,26,degCent,10,0.4642714968152866,0,1,None,66,1,5,False,1,1
2147,27,degCent,10,0.4766122611464968,0,1,None,66,1,5,False,1,1
2148,28,degCent,10,0.4877587579617834,0,1,None,66,1,5,False,1,1
2149,29,degCent,10,0.4940286624203822,0,1,None,66,1,5,False,1,1
2150,25,degCent,10,0.3777866242038216,0,2,None,66,1,5,False,1,1
2151,26,degCent,10,0.3781847133757962,0,2,None,66,1,5,False,1,1
2152,27,degCent,10,0.3796775477707006,0,2,None,66,1,5,False,1,1
2153,28,degCent,10,0.3882364649681528,0,2,None,66,1,5,False,1,1
2154,29,degCent,10,0.3962977707006369,0,2,None,66,1,5,False,1,1
2155,25,degCent,10,0.484375,0,15,None,66,1,5,False,1,1
2156,26,degCent,10,0.4895501592356688,0,15,None,66,1,5,False,1,1
2157,27,degCent,10,0.4949243630573248,0,15,None,66,1,5,False,1,1
2158,28,degCent,10,0.4996019108280254,0,15,None,66,1,5,False,1,1
2159,29,degCent,10,0.5040804140127388,0,15,None,66,1,5,False,1,1
2160,25,degCent,10,0.3695262738853503,0,10,None,66,1,5,False,1,1
2161,26,degCent,10,0.3665406050955414,0,10,None,66,1,5,False,1,1
2162,27,degCent,10,0.3678343949044586,0,10,None,66,1,5,False,1,1
2163,28,degCent,10,0.3741042993630573,0,10,None,66,1,5,False,1,1
2164,29,degCent,10,0.3829617834394904,0,10,None,66,1,5,False,1,1
2165,25,degCent,10,0.3974920382165605,0,16,None,66,1,5,False,1,1
2166,26,degCent,10,0.4066480891719745,0,16,None,66,1,5,False,1,1
2167,27,degCent,10,0.4161027070063694,0,16,None,66,1,5,False,1,1
2168,28,degCent,10,0.4371019108280254,0,16,None,66,1,5,False,1,1
2169,29,degCent,10,0.4589968152866242,0,16,None,66,1,5,False,1,1
2170,25,degCent,10,0.371218152866242,0,11,None,66,1,5,False,1,1
2171,26,degCent,10,0.3861464968152866,0,11,None,66,1,5,False,1,1
2172,27,degCent,10,0.4084394904458598,0,11,None,66,1,5,False,1,1
2173,28,degCent,10,0.4431727707006369,0,11,None,66,1,5,False,1,1
2174,29,degCent,10,0.4692476114649681,0,11,None,66,1,5,False,1,1
2175,25,degCent,10,0.384952229299363,0,8,None,66,1,5,False,1,1
2176,26,degCent,10,0.3813694267515923,0,8,None,66,1,5,False,1,1
2177,27,degCent,10,0.3845541401273885,0,8,None,66,1,5,False,1,1
2178,28,degCent,10,0.3982882165605095,0,8,None,66,1,5,False,1,1
2179,29,degCent,10,0.4117237261146497,0,8,None,66,1,5,False,1,1
2180,25,degCent,10,0.3910230891719745,0,19,None,66,1,5,False,1,1
2181,26,degCent,10,0.4066480891719745,0,19,None,66,1,5,False,1,1
2182,27,degCent,10,0.4239649681528662,0,19,None,66,1,5,False,1,1
2183,28,degCent,10,0.4391918789808917,0,19,None,66,1,5,False,1,1
2184,29,degCent,10,0.4532245222929936,0,19,None,66,1,5,False,1,1
2185,25,degCent,10,0.4464570063694267,0,22,None,66,1,5,False,1,1
2186,26,degCent,10,0.4578025477707006,0,22,None,66,1,5,False,1,1
2187,27,degCent,10,0.4938296178343949,0,22,None,66,1,5,False,1,1
2188,28,degCent,10,0.5230891719745223,0,22,None,66,1,5,False,1,1
2189,29,degCent,10,0.5366242038216561,0,22,None,66,1,5,False,1,1
2190,25,degCent,10,0.3707205414012738,0,23,None,66,1,5,False,1,1
2191,26,degCent,10,0.3694267515923566,0,23,None,66,1,5,False,1,1
2192,27,degCent,10,0.3713176751592357,0,23,None,66,1,5,False,1,1
2193,28,degCent,10,0.3727109872611465,0,23,None,66,1,5,False,1,1
2194,29,degCent,10,0.3760947452229299,0,23,None,66,1,5,False,1,1
2195,25,degCent,10,0.5252786624203821,0,17,None,66,1,5,False,1,1
2196,26,degCent,10,0.5111464968152867,0,17,None,66,1,5,False,1,1
2197,27,degCent,10,0.5105493630573248,0,17,None,66,1,5,False,1,1
2198,28,degCent,10,0.5149283439490446,0,17,None,66,1,5,False,1,1
2199,29,degCent,10,0.5200039808917197,0,17,None,66,1,5,False,1,1
2200,25,degCent,10,0.4134156050955414,0,21,None,66,1,5,False,1,1
2201,26,degCent,10,0.4273487261146497,0,21,None,66,1,5,False,1,1
2202,27,degCent,10,0.4348128980891719,0,21,None,66,1,5,False,1,1
2203,28,degCent,10,0.440983280254777,0,21,None,66,1,5,False,1,1
2204,29,degCent,10,0.4491441082802547,0,21,None,66,1,5,False,1,1
2205,25,degCent,10,0.3196656050955414,0,24,None,66,1,5,False,1,1
2206,26,degCent,10,0.3419585987261146,0,24,None,66,1,5,False,1,1
2207,27,degCent,10,0.3600716560509554,0,24,None,66,1,5,False,1,1
2208,28,degCent,10,0.3823646496815286,0,24,None,66,1,5,False,1,1
2209,29,degCent,10,0.4047571656050955,0,24,None,66,1,5,False,1,1
2210,25,degCent,10,0.2879179936305732,0,28,None,66,1,5,False,1,1
2211,26,degCent,10,0.2857285031847134,0,28,None,66,1,5,False,1,1
2212,27,degCent,10,0.3072253184713376,0,28,None,66,1,5,False,1,1
2213,28,degCent,10,0.3280254777070063,0,28,None,66,1,5,False,1,1
2214,29,degCent,10,0.3436504777070063,0,28,None,66,1,5,False,1,1
2215,25,degCent,10,0.400577229299363,0,9,None,66,1,5,False,1,1
2216,26,degCent,10,0.3615644904458598,0,9,None,66,1,5,False,1,1
2217,27,degCent,10,0.3640525477707006,0,9,None,66,1,5,False,1,1
2218,28,degCent,10,0.3682324840764331,0,9,None,66,1,5,False,1,1
2219,29,degCent,10,0.3782842356687898,0,9,None,66,1,5,False,1,1
2220,25,degCent,10,0.3683320063694267,0,29,None,66,1,5,False,1,1
2221,26,degCent,10,0.362858280254777,0,29,None,66,1,5,False,1,1
2222,27,degCent,10,0.3621616242038216,0,29,None,66,1,5,False,1,1
2223,28,degCent,10,0.3624601910828025,0,29,None,66,1,5,False,1,1
2224,29,degCent,10,0.3632563694267516,0,29,None,66,1,5,False,1,1
2225,25,degCent,10,0.401671974522293,0,0,None,66,1,5,False,1,1
2226,26,degCent,10,0.4084394904458598,0,0,None,66,1,5,False,1,1
2227,27,degCent,10,0.4222730891719745,0,0,None,66,1,5,False,1,1
2228,28,degCent,10,0.4376990445859872,0,0,None,66,1,5,False,1,1
2229,29,degCent,10,0.4502388535031847,0,0,None,66,1,5,False,1,1
2230,25,degCent,10,0.3980891719745223,0,18,None,66,1,5,False,1,1
2231,26,degCent,10,0.3706210191082802,0,18,None,66,1,5,False,1,1
2232,27,degCent,10,0.3759952229299363,0,18,None,66,1,5,False,1,1
2233,28,degCent,10,0.394108280254777,0,18,None,66,1,5,False,1,1
2234,29,degCent,10,0.4153065286624204,0,18,None,66,1,5,False,1,1
2235,25,degCent,10,0.4117237261146497,0,31,None,66,1,5,False,1,1
2236,26,degCent,10,0.4170979299363057,0,31,None,66,1,5,False,1,1
2237,27,degCent,10,0.3902269108280254,0,31,None,66,1,5,False,1,1
2238,28,degCent,10,0.3983877388535032,0,31,None,66,1,5,False,1,1
2239,29,degCent,10,0.4053542993630573,0,31,None,66,1,5,False,1,1
2240,25,degCent,10,0.3497213375796178,0,32,None,66,1,5,False,1,1
2241,26,degCent,10,0.379578025477707,0,32,None,66,1,5,False,1,1
2242,27,degCent,10,0.3937101910828025,0,32,None,66,1,5,False,1,1
2243,28,degCent,10,0.4039609872611465,0,32,None,66,1,5,False,1,1
2244,29,degCent,10,0.413515127388535,0,32,None,66,1,5,False,1,1
2245,25,degCent,10,0.4030652866242038,0,5,None,66,1,5,False,1,1
2246,26,degCent,10,0.4166998407643312,0,5,None,66,1,5,False,1,1
2247,27,degCent,10,0.4256568471337579,0,5,None,66,1,5,False,1,1
2248,28,degCent,10,0.4328224522292994,0,5,None,66,1,5,False,1,1
2249,29,degCent,10,0.4388933121019108,0,5,None,66,1,5,False,1,1
2250,25,degCent,10,0.442874203821656,0,7,None,66,1,5,False,1,1
2251,26,degCent,10,0.4506369426751592,0,7,None,66,1,5,False,1,1
2252,27,degCent,10,0.4602906050955414,0,7,None,66,1,5,False,1,1
2253,28,degCent,10,0.4712380573248407,0,7,None,66,1,5,False,1,1
2254,29,degCent,10,0.482484076433121,0,7,None,66,1,5,False,1,1
2255,25,degCent,10,0.3177746815286624,0,14,None,66,1,5,False,1,1
2256,26,degCent,10,0.2611464968152866,0,14,None,66,1,5,False,1,1
2257,27,degCent,10,0.2612460191082802,0,14,None,66,1,5,False,1,1
2258,28,degCent,10,0.2621417197452229,0,14,None,66,1,5,False,1,1
2259,29,degCent,10,0.2635350318471338,0,14,None,66,1,5,False,1,1
2260,25,degCent,10,0.3924164012738853,0,13,None,66,1,5,False,1,1
2261,26,degCent,10,0.4155055732484076,0,13,None,66,1,5,False,1,1
2262,27,degCent,10,0.4350119426751592,0,13,None,66,1,5,False,1,1
2263,28,degCent,10,0.4499402866242038,0,13,None,66,1,5,False,1,1
2264,29,degCent,10,0.4621815286624204,0,13,None,66,1,5,False,1,1
2265,25,degCent,10,0.4460589171974522,0,12,None,66,1,5,False,1,1
2266,26,degCent,10,0.4569068471337579,0,12,None,66,1,5,False,1,1
2267,27,degCent,10,0.4735270700636942,0,12,None,66,1,5,False,1,1
2268,28,degCent,10,0.4871616242038216,0,12,None,66,1,5,False,1,1
2269,29,degCent,10,0.4965167197452229,0,12,None,66,1,5,False,1,1
2270,25,degCent,10,0.3348925159235669,0,25,None,66,1,5,False,1,1
2271,26,degCent,10,0.363953025477707,0,25,None,66,1,5,False,1,1
2272,27,degCent,10,0.3798765923566879,0,25,None,66,1,5,False,1,1
2273,28,degCent,10,0.3922173566878981,0,25,None,66,1,5,False,1,1
2274,29,degCent,10,0.3986863057324841,0,25,None,66,1,5,False,1,1
2275,25,degCent,10,0.414609872611465,0,26,None,66,1,5,False,1,1
2276,26,degCent,10,0.4295382165605095,0,26,None,66,1,5,False,1,1
2277,27,degCent,10,0.4354100318471338,0,26,None,66,1,5,False,1,1
2278,28,degCent,10,0.4397890127388535,0,26,None,66,1,5,False,1,1
2279,29,degCent,10,0.4418789808917197,0,26,None,66,1,5,False,1,1
2280,25,degCent,10,0.384156050955414,0,4,None,66,1,5,False,1,1
2281,26,degCent,10,0.3894307324840764,0,4,None,66,1,5,False,1,1
2282,27,degCent,10,0.3936106687898089,0,4,None,66,1,5,False,1,1
2283,28,degCent,10,0.3971934713375796,0,4,None,66,1,5,False,1,1
2284,29,degCent,10,0.3996815286624204,0,4,None,66,1,5,False,1,1
2285,25,degCent,10,0.4763136942675159,0,3,None,66,1,5,False,1,1
2286,26,degCent,10,0.4844745222929936,0,3,None,66,1,5,False,1,1
2287,27,degCent,10,0.4901472929936306,0,3,None,66,1,5,False,1,1
2288,28,degCent,10,0.4951234076433121,0,3,None,66,1,5,False,1,1
2289,29,degCent,10,0.4991042993630573,0,3,None,66,1,5,False,1,1
2290,25,degCent,10,0.4690485668789809,0,20,None,66,1,5,False,1,1
2291,26,degCent,10,0.4791998407643312,0,20,None,66,1,5,False,1,1
2292,27,degCent,10,0.488953025477707,0,20,None,66,1,5,False,1,1
2293,28,degCent,10,0.4975119426751592,0,20,None,66,1,5,False,1,1
2294,29,degCent,10,0.5080613057324841,0,20,None,66,1,5,False,1,1
2295,30,degCent,10,0.4049562101910828,0,11,None,66,1,5,False,1,1
2296,31,degCent,10,0.4459593949044586,0,11,None,66,1,5,False,1,1
2297,32,degCent,10,0.4863654458598726,0,11,None,66,1,5,False,1,1
2298,33,degCent,10,0.5062699044585988,0,11,None,66,1,5,False,1,1
2299,34,degCent,10,0.5188097133757962,0,11,None,66,1,5,False,1,1
2300,30,degCent,10,0.4573049363057325,0,19,None,66,1,5,False,1,1
2301,31,degCent,10,0.4711385350318471,0,19,None,66,1,5,False,1,1
2302,32,degCent,10,0.482484076433121,0,19,None,66,1,5,False,1,1
2303,33,degCent,10,0.4904458598726114,0,19,None,66,1,5,False,1,1
2304,34,degCent,10,0.4985071656050955,0,19,None,66,1,5,False,1,1
2305,25,degCent,10,0.5113455414012739,0,27,None,66,1,5,False,1,1
2306,26,degCent,10,0.4829816878980891,0,27,None,66,1,5,False,1,1
2307,27,degCent,10,0.4720342356687898,0,27,None,66,1,5,False,1,1
2308,28,degCent,10,0.4698447452229299,0,27,None,66,1,5,False,1,1
2309,29,degCent,10,0.4720342356687898,0,27,None,66,1,5,False,1,1
2310,25,degCent,10,0.4959195859872611,0,6,None,66,1,5,False,1,1
2311,26,degCent,10,0.4704418789808917,0,6,None,66,1,5,False,1,1
2312,27,degCent,10,0.4607882165605095,0,6,None,66,1,5,False,1,1
2313,28,degCent,10,0.4601910828025478,0,6,None,66,1,5,False,1,1
2314,29,degCent,10,0.4624800955414013,0,6,None,66,1,5,False,1,1
2315,25,degCent,10,0.3922173566878981,0,30,None,66,1,5,False,1,1
2316,26,degCent,10,0.4006767515923566,0,30,None,66,1,5,False,1,1
2317,27,degCent,10,0.413515127388535,0,30,None,66,1,5,False,1,1
2318,28,degCent,10,0.4228702229299363,0,30,None,66,1,5,False,1,1
2319,29,degCent,10,0.4317277070063694,0,30,None,66,1,5,False,1,1
2320,30,degCent,10,0.568968949044586,0,17,None,66,1,5,False,1,1
2321,31,degCent,10,0.5698646496815286,0,17,None,66,1,5,False,1,1
2322,32,degCent,10,0.5731488853503185,0,17,None,66,1,5,False,1,1
2323,33,degCent,10,0.5772292993630573,0,17,None,66,1,5,False,1,1
2324,34,degCent,10,0.5813097133757962,0,17,None,66,1,5,False,1,1
2325,30,degCent,10,0.4823845541401274,0,1,None,66,1,5,False,1,1
2326,31,degCent,10,0.4906449044585987,0,1,None,66,1,5,False,1,1
2327,32,degCent,10,0.4986066878980891,0,1,None,66,1,5,False,1,1
2328,33,degCent,10,0.5060708598726115,0,1,None,66,1,5,False,1,1
2329,34,degCent,10,0.5140326433121019,0,1,None,66,1,5,False,1,1
2330,30,degCent,10,0.3823646496815286,0,2,None,66,1,5,False,1,1
2331,31,degCent,10,0.399781050955414,0,2,None,66,1,5,False,1,1
2332,32,degCent,10,0.4096337579617834,0,2,None,66,1,5,False,1,1
2333,33,degCent,10,0.4164012738853503,0,2,None,66,1,5,False,1,1
2334,34,degCent,10,0.4219745222929936,0,2,None,66,1,5,False,1,1
2335,30,degCent,10,0.4446656050955414,0,21,None,66,1,5,False,1,1
2336,31,degCent,10,0.4514331210191082,0,21,None,66,1,5,False,1,1
2337,32,degCent,10,0.4618829617834395,0,21,None,66,1,5,False,1,1
2338,33,degCent,10,0.4719347133757962,0,21,None,66,1,5,False,1,1
2339,34,degCent,10,0.482484076433121,0,21,None,66,1,5,False,1,1
2340,30,degCent,10,0.3985867834394904,0,29,None,66,1,5,False,1,1
2341,31,degCent,10,0.3771894904458598,0,29,None,66,1,5,False,1,1
2342,32,degCent,10,0.3711186305732484,0,29,None,66,1,5,False,1,1
2343,33,degCent,10,0.3725119426751592,0,29,None,66,1,5,False,1,1
2344,34,degCent,10,0.3769904458598726,0,29,None,66,1,5,False,1,1
2345,30,degCent,10,0.4072452229299363,0,24,None,66,1,5,False,1,1
2346,31,degCent,10,0.4312300955414013,0,24,None,66,1,5,False,1,1
2347,32,degCent,10,0.4511345541401274,0,24,None,66,1,5,False,1,1
2348,33,degCent,10,0.4644705414012738,0,24,None,66,1,5,False,1,1
2349,34,degCent,10,0.4758160828025478,0,24,None,66,1,5,False,1,1
2350,30,degCent,10,0.4349124203821656,0,18,None,66,1,5,False,1,1
2351,31,degCent,10,0.4486464968152866,0,18,None,66,1,5,False,1,1
2352,32,degCent,10,0.4653662420382166,0,18,None,66,1,5,False,1,1
2353,33,degCent,10,0.4786027070063694,0,18,None,66,1,5,False,1,1
2354,34,degCent,10,0.4920382165605095,0,18,None,66,1,5,False,1,1
2355,30,degCent,10,0.5192078025477707,0,27,None,66,1,5,False,1,1
2356,31,degCent,10,0.5253781847133758,0,27,None,66,1,5,False,1,1
2357,32,degCent,10,0.5442874203821656,0,27,None,66,1,5,False,1,1
2358,33,degCent,10,0.5621019108280255,0,27,None,66,1,5,False,1,1
2359,34,degCent,10,0.5714570063694268,0,27,None,66,1,5,False,1,1
2360,30,degCent,10,0.4354100318471338,0,31,None,66,1,5,False,1,1
2361,31,degCent,10,0.4507364649681528,0,31,None,66,1,5,False,1,1
2362,32,degCent,10,0.4692476114649681,0,31,None,66,1,5,False,1,1
2363,33,degCent,10,0.484375,0,31,None,66,1,5,False,1,1
2364,34,degCent,10,0.4996019108280254,0,31,None,66,1,5,False,1,1
2365,30,degCent,10,0.4015724522292994,0,8,None,66,1,5,False,1,1
2366,31,degCent,10,0.4225716560509554,0,8,None,66,1,5,False,1,1
2367,32,degCent,10,0.4368033439490446,0,8,None,66,1,5,False,1,1
2368,33,degCent,10,0.4480493630573248,0,8,None,66,1,5,False,1,1
2369,34,degCent,10,0.456608280254777,0,8,None,66,1,5,False,1,1
2370,30,degCent,10,0.5047770700636943,0,20,None,66,1,5,False,1,1
2371,31,degCent,10,0.5161226114649682,0,20,None,66,1,5,False,1,1
2372,32,degCent,10,0.5261743630573248,0,20,None,66,1,5,False,1,1
2373,33,degCent,10,0.5340366242038217,0,20,None,66,1,5,False,1,1
2374,34,degCent,10,0.541202229299363,0,20,None,66,1,5,False,1,1
2375,30,degCent,10,0.3898288216560509,0,23,None,66,1,5,False,1,1
2376,31,degCent,10,0.3951035031847134,0,23,None,66,1,5,False,1,1
2377,32,degCent,10,0.4036624203821656,0,23,None,66,1,5,False,1,1
2378,33,degCent,10,0.4132165605095541,0,23,None,66,1,5,False,1,1
2379,34,degCent,10,0.4210788216560509,0,23,None,66,1,5,False,1,1
2380,30,degCent,10,0.4763136942675159,0,13,None,66,1,5,False,1,1
2381,31,degCent,10,0.4818869426751592,0,13,None,66,1,5,False,1,1
2382,32,degCent,10,0.4903463375796178,0,13,None,66,1,5,False,1,1
2383,33,degCent,10,0.5000995222929936,0,13,None,66,1,5,False,1,1
2384,34,degCent,10,0.5079617834394905,0,13,None,66,1,5,False,1,1
2385,30,degCent,10,0.4190883757961783,0,25,None,66,1,5,False,1,1
2386,31,degCent,10,0.4280453821656051,0,25,None,66,1,5,False,1,1
2387,32,degCent,10,0.4386942675159235,0,25,None,66,1,5,False,1,1
2388,33,degCent,10,0.4499402866242038,0,25,None,66,1,5,False,1,1
2389,34,degCent,10,0.4589968152866242,0,25,None,66,1,5,False,1,1
2390,30,degCent,10,0.5236863057324841,0,22,None,66,1,5,False,1,1
2391,31,degCent,10,0.5453821656050956,0,22,None,66,1,5,False,1,1
2392,32,degCent,10,0.5540406050955414,0,22,None,66,1,5,False,1,1
2393,33,degCent,10,0.5588176751592356,0,22,None,66,1,5,False,1,1
2394,34,degCent,10,0.5661823248407644,0,22,None,66,1,5,False,1,1
2395,30,degCent,10,0.4157046178343949,0,9,None,66,1,5,False,1,1
2396,31,degCent,10,0.3998805732484076,0,9,None,66,1,5,False,1,1
2397,32,degCent,10,0.4171974522292994,0,9,None,66,1,5,False,1,1
2398,33,degCent,10,0.4354100318471338,0,9,None,66,1,5,False,1,1
2399,34,degCent,10,0.4579020700636942,0,9,None,66,1,5,False,1,1
2400,30,degCent,10,0.4274482484076433,0,10,None,66,1,5,False,1,1
2401,31,degCent,10,0.4122213375796178,0,10,None,66,1,5,False,1,1
2402,32,degCent,10,0.4185907643312102,0,10,None,66,1,5,False,1,1
2403,33,degCent,10,0.4335191082802547,0,10,None,66,1,5,False,1,1
2404,34,degCent,10,0.4499402866242038,0,10,None,66,1,5,False,1,1
2405,30,degCent,10,0.5071656050955414,0,15,None,66,1,5,False,1,1
2406,31,degCent,10,0.5111464968152867,0,15,None,66,1,5,False,1,1
2407,32,degCent,10,0.51453025477707,0,15,None,66,1,5,False,1,1
2408,33,degCent,10,0.5191082802547771,0,15,None,66,1,5,False,1,1
2409,34,degCent,10,0.5222929936305732,0,15,None,66,1,5,False,1,1
2410,30,degCent,10,0.3771894904458598,0,28,None,66,1,5,False,1,1
2411,31,degCent,10,0.3900278662420382,0,28,None,66,1,5,False,1,1
2412,32,degCent,10,0.4012738853503185,0,28,None,66,1,5,False,1,1
2413,33,degCent,10,0.4100318471337579,0,28,None,66,1,5,False,1,1
2414,34,degCent,10,0.4214769108280254,0,28,None,66,1,5,False,1,1
2415,30,degCent,10,0.4619824840764331,0,0,None,66,1,5,False,1,1
2416,31,degCent,10,0.4702428343949044,0,0,None,66,1,5,False,1,1
2417,32,degCent,10,0.4807921974522293,0,0,None,66,1,5,False,1,1
2418,33,degCent,10,0.4898487261146497,0,0,None,66,1,5,False,1,1
2419,34,degCent,10,0.4990047770700637,0,0,None,66,1,5,False,1,1
2420,30,degCent,10,0.4814888535031847,0,5,None,66,1,5,False,1,1
2421,31,degCent,10,0.4833797770700637,0,5,None,66,1,5,False,1,1
2422,32,degCent,10,0.487062101910828,0,5,None,66,1,5,False,1,1
2423,33,degCent,10,0.4890525477707006,0,5,None,66,1,5,False,1,1
2424,34,degCent,10,0.4913415605095541,0,5,None,66,1,5,False,1,1
2425,30,degCent,10,0.3981886942675159,0,4,None,66,1,5,False,1,1
2426,31,degCent,10,0.4001791401273885,0,4,None,66,1,5,False,1,1
2427,32,degCent,10,0.4027667197452229,0,4,None,66,1,5,False,1,1
2428,33,degCent,10,0.4072452229299363,0,4,None,66,1,5,False,1,1
2429,34,degCent,10,0.4099323248407643,0,4,None,66,1,5,False,1,1
2430,30,degCent,10,0.4850716560509554,0,12,None,66,1,5,False,1,1
2431,31,degCent,10,0.5106488853503185,0,12,None,66,1,5,False,1,1
2432,32,degCent,10,0.5311504777070064,0,12,None,66,1,5,False,1,1
2433,33,degCent,10,0.5513535031847133,0,12,None,66,1,5,False,1,1
2434,34,degCent,10,0.5642914012738853,0,12,None,66,1,5,False,1,1
2435,30,degCent,10,0.3378781847133758,0,14,None,66,1,5,False,1,1
2436,31,degCent,10,0.3085191082802547,0,14,None,66,1,5,False,1,1
2437,32,degCent,10,0.2864251592356688,0,14,None,66,1,5,False,1,1
2438,33,degCent,10,0.2746815286624204,0,14,None,66,1,5,False,1,1
2439,34,degCent,10,0.2706011146496815,0,14,None,66,1,5,False,1,1
2440,30,degCent,10,0.4416799363057325,0,26,None,66,1,5,False,1,1
2441,31,degCent,10,0.4438694267515923,0,26,None,66,1,5,False,1,1
2442,32,degCent,10,0.4449641719745223,0,26,None,66,1,5,False,1,1
2443,33,degCent,10,0.4483479299363057,0,26,None,66,1,5,False,1,1
2444,34,degCent,10,0.4518312101910828,0,26,None,66,1,5,False,1,1
2445,30,degCent,10,0.4518312101910828,0,30,None,66,1,5,False,1,1
2446,31,degCent,10,0.453921178343949,0,30,None,66,1,5,False,1,1
2447,32,degCent,10,0.4560111464968153,0,30,None,66,1,5,False,1,1
2448,33,degCent,10,0.4585987261146497,0,30,None,66,1,5,False,1,1
2449,34,degCent,10,0.4598925159235669,0,30,None,66,1,5,False,1,1
2450,30,degCent,10,0.5027866242038217,0,3,None,66,1,5,False,1,1
2451,31,degCent,10,0.5062699044585988,0,3,None,66,1,5,False,1,1
2452,32,degCent,10,0.5101512738853503,0,3,None,66,1,5,False,1,1
2453,33,degCent,10,0.5142316878980892,0,3,None,66,1,5,False,1,1
2454,34,degCent,10,0.5164211783439491,0,3,None,66,1,5,False,1,1
2455,30,degCent,10,0.511843152866242,0,6,None,66,1,5,False,1,1
2456,31,degCent,10,0.5159235668789809,0,6,None,66,1,5,False,1,1
2457,32,degCent,10,0.5232882165605095,0,6,None,66,1,5,False,1,1
2458,33,degCent,10,0.5309514331210191,0,6,None,66,1,5,False,1,1
2459,34,degCent,10,0.5392117834394905,0,6,None,66,1,5,False,1,1
2460,30,degCent,10,0.4517316878980891,0,16,None,66,1,5,False,1,1
2461,31,degCent,10,0.4921377388535032,0,16,None,66,1,5,False,1,1
2462,32,degCent,10,0.5332404458598726,0,16,None,66,1,5,False,1,1
2463,33,degCent,10,0.5633957006369427,0,16,None,66,1,5,False,1,1
2464,34,degCent,10,0.5883757961783439,0,16,None,66,1,5,False,1,1
2465,30,degCent,10,0.4669585987261146,0,7,None,66,1,5,False,1,1
2466,31,degCent,10,0.4840764331210191,0,7,None,66,1,5,False,1,1
2467,32,degCent,10,0.5017914012738853,0,7,None,66,1,5,False,1,1
2468,33,degCent,10,0.5157245222929936,0,7,None,66,1,5,False,1,1
2469,34,degCent,10,0.5273686305732485,0,7,None,66,1,5,False,1,1
2470,30,degCent,10,0.4059514331210191,0,32,None,66,1,5,False,1,1
2471,31,degCent,10,0.4195859872611465,0,32,None,66,1,5,False,1,1
2472,32,degCent,10,0.4240644904458598,0,32,None,66,1,5,False,1,1
2473,33,degCent,10,0.4295382165605095,0,32,None,66,1,5,False,1,1
2474,34,degCent,10,0.4347133757961783,0,32,None,66,1,5,False,1,1
3630,35,degCent,10,0.5000995222929936,0,1,None,66,1,5,False,1,1
3631,36,degCent,10,0.5088574840764332,0,1,None,66,1,5,False,1,1
3632,37,degCent,10,0.5162221337579618,0,1,None,66,1,5,False,1,1
3633,38,degCent,10,0.5254777070063694,0,1,None,66,1,5,False,1,1
3634,39,degCent,10,0.5381170382165605,0,1,None,66,1,5,False,1,1
3635,35,degCent,10,0.4125199044585987,0,2,None,66,1,5,False,1,1
3636,36,degCent,10,0.4276472929936306,0,2,None,66,1,5,False,1,1
3637,37,degCent,10,0.4336186305732484,0,2,None,66,1,5,False,1,1
3638,38,degCent,10,0.4414808917197452,0,2,None,66,1,5,False,1,1
3639,39,degCent,10,0.4480493630573248,0,2,None,66,1,5,False,1,1
3640,35,degCent,10,0.5116441082802548,0,5,None,66,1,5,False,1,1
3641,36,degCent,10,0.5106488853503185,0,5,None,66,1,5,False,1,1
3642,37,degCent,10,0.5122412420382165,0,5,None,66,1,5,False,1,1
3643,38,degCent,10,0.51453025477707,0,5,None,66,1,5,False,1,1
3644,39,degCent,10,0.5166202229299363,0,5,None,66,1,5,False,1,1
3645,35,degCent,10,0.5164211783439491,0,13,None,66,1,5,False,1,1
3646,36,degCent,10,0.5231886942675159,0,13,None,66,1,5,False,1,1
3647,37,degCent,10,0.5299562101910829,0,13,None,66,1,5,False,1,1
3648,38,degCent,10,0.5348328025477707,0,13,None,66,1,5,False,1,1
3649,39,degCent,10,0.5401074840764332,0,13,None,66,1,5,False,1,1
3650,35,degCent,10,0.5198049363057324,0,15,None,66,1,5,False,1,1
3651,36,degCent,10,0.5236863057324841,0,15,None,66,1,5,False,1,1
3652,37,degCent,10,0.5278662420382165,0,15,None,66,1,5,False,1,1
3653,38,degCent,10,0.5307523885350318,0,15,None,66,1,5,False,1,1
3654,39,degCent,10,0.5341361464968153,0,15,None,66,1,5,False,1,1
3655,35,degCent,10,0.5749402866242038,0,16,None,66,1,5,False,1,1
3656,36,degCent,10,0.5961385350318471,0,16,None,66,1,5,False,1,1
3657,37,degCent,10,0.6121616242038217,0,16,None,66,1,5,False,1,1
3658,38,degCent,10,0.6226114649681529,0,16,None,66,1,5,False,1,1
3659,39,degCent,10,0.6312699044585988,0,16,None,66,1,5,False,1,1
3660,35,degCent,10,0.4791998407643312,0,11,None,66,1,5,False,1,1
3661,36,degCent,10,0.5108479299363057,0,11,None,66,1,5,False,1,1
3662,37,degCent,10,0.5280652866242038,0,11,None,66,1,5,False,1,1
3663,38,degCent,10,0.5366242038216561,0,11,None,66,1,5,False,1,1
3664,39,degCent,10,0.5410031847133758,0,11,None,66,1,5,False,1,1
3665,35,degCent,10,0.4682523885350318,0,21,None,66,1,5,False,1,1
3666,36,degCent,10,0.4785031847133758,0,21,None,66,1,5,False,1,1
3667,37,degCent,10,0.490843949044586,0,21,None,66,1,5,False,1,1
3668,38,degCent,10,0.5040804140127388,0,21,None,66,1,5,False,1,1
3669,39,degCent,10,0.5165207006369427,0,21,None,66,1,5,False,1,1
3670,35,degCent,10,0.584593949044586,0,17,None,66,1,5,False,1,1
3671,36,degCent,10,0.5857882165605095,0,17,None,66,1,5,False,1,1
3672,37,degCent,10,0.5893710191082803,0,17,None,66,1,5,False,1,1
3673,38,degCent,10,0.5921576433121019,0,17,None,66,1,5,False,1,1
3674,39,degCent,10,0.5950437898089171,0,17,None,66,1,5,False,1,1
3675,35,degCent,10,0.4570063694267516,0,26,None,66,1,5,False,1,1
3676,36,degCent,10,0.4611863057324841,0,26,None,66,1,5,False,1,1
3677,37,degCent,10,0.4655652866242038,0,26,None,66,1,5,False,1,1
3678,38,degCent,10,0.469546178343949,0,26,None,66,1,5,False,1,1
3679,39,degCent,10,0.4729299363057325,0,26,None,66,1,5,False,1,1
3680,35,degCent,10,0.5443869426751592,0,12,None,66,1,5,False,1,1
3681,36,degCent,10,0.5678742038216561,0,12,None,66,1,5,False,1,1
3682,37,degCent,10,0.5811106687898089,0,12,None,66,1,5,False,1,1
3683,38,degCent,10,0.5897691082802548,0,12,None,66,1,5,False,1,1
3684,39,degCent,10,0.5970342356687898,0,12,None,66,1,5,False,1,1
3685,35,degCent,10,0.4202826433121019,0,28,None,66,1,5,False,1,1
3686,36,degCent,10,0.4295382165605095,0,28,None,66,1,5,False,1,1
3687,37,degCent,10,0.4468550955414013,0,28,None,66,1,5,False,1,1
3688,38,degCent,10,0.4730294585987261,0,28,None,66,1,5,False,1,1
3689,39,degCent,10,0.4917396496815286,0,28,None,66,1,5,False,1,1
3690,35,degCent,10,0.501890923566879,0,7,None,66,1,5,False,1,1
3691,36,degCent,10,0.5258757961783439,0,7,None,66,1,5,False,1,1
3692,37,degCent,10,0.5402070063694268,0,7,None,66,1,5,False,1,1
3693,38,degCent,10,0.5509554140127388,0,7,None,66,1,5,False,1,1
3694,39,degCent,10,0.5605095541401274,0,7,None,66,1,5,False,1,1
3695,35,degCent,10,0.4115246815286624,0,4,None,66,1,5,False,1,1
3696,36,degCent,10,0.4099323248407643,0,4,None,66,1,5,False,1,1
3697,37,degCent,10,0.4134156050955414,0,4,None,66,1,5,False,1,1
3698,38,degCent,10,0.4166003184713376,0,4,None,66,1,5,False,1,1
3699,39,degCent,10,0.4206807324840764,0,4,None,66,1,5,False,1,1
3700,35,degCent,10,0.5391122611464968,0,6,None,66,1,5,False,1,1
3701,36,degCent,10,0.5456807324840764,0,6,None,66,1,5,False,1,1
3702,37,degCent,10,0.5549363057324841,0,6,None,66,1,5,False,1,1
3703,38,degCent,10,0.5628980891719745,0,6,None,66,1,5,False,1,1
3704,39,degCent,10,0.5711584394904459,0,6,None,66,1,5,False,1,1
3705,35,degCent,10,0.5318471337579618,0,20,None,66,1,5,False,1,1
3706,36,degCent,10,0.5423964968152867,0,20,None,66,1,5,False,1,1
3707,37,degCent,10,0.5501592356687898,0,20,None,66,1,5,False,1,1
3708,38,degCent,10,0.5553343949044586,0,20,None,66,1,5,False,1,1
3709,39,degCent,10,0.5594148089171974,0,20,None,66,1,5,False,1,1
3710,35,degCent,10,0.470640923566879,0,10,None,66,1,5,False,1,1
3711,36,degCent,10,0.4757165605095541,0,10,None,66,1,5,False,1,1
3712,37,degCent,10,0.4909434713375796,0,10,None,66,1,5,False,1,1
3713,38,degCent,10,0.506468949044586,0,10,None,66,1,5,False,1,1
3714,39,degCent,10,0.5231886942675159,0,10,None,66,1,5,False,1,1
3715,35,degCent,10,0.5653861464968153,0,22,None,66,1,5,False,1,1
3716,36,degCent,10,0.5712579617834395,0,22,None,66,1,5,False,1,1
3717,37,degCent,10,0.5796178343949044,0,22,None,66,1,5,False,1,1
3718,38,degCent,10,0.586484872611465,0,22,None,66,1,5,False,1,1
3719,39,degCent,10,0.59265525477707,0,22,None,66,1,5,False,1,1
3720,35,degCent,10,0.426453025477707,0,23,None,66,1,5,False,1,1
3721,36,degCent,10,0.434514331210191,0,23,None,66,1,5,False,1,1
3722,37,degCent,10,0.4434713375796178,0,23,None,66,1,5,False,1,1
3723,38,degCent,10,0.4546178343949044,0,23,None,66,1,5,False,1,1
3724,39,degCent,10,0.4627786624203822,0,23,None,66,1,5,False,1,1
3725,35,degCent,10,0.4304339171974522,0,32,None,66,1,5,False,1,1
3726,36,degCent,10,0.4363057324840764,0,32,None,66,1,5,False,1,1
3727,37,degCent,10,0.440187101910828,0,32,None,66,1,5,False,1,1
3728,38,degCent,10,0.4434713375796178,0,32,None,66,1,5,False,1,1
3729,39,degCent,10,0.4453622611464968,0,32,None,66,1,5,False,1,1
3730,35,degCent,10,0.3395700636942675,0,14,None,66,1,5,False,1,1
3731,36,degCent,10,0.3310111464968153,0,14,None,66,1,5,False,1,1
3732,37,degCent,10,0.3301154458598726,0,14,None,66,1,5,False,1,1
3733,38,degCent,10,0.330812101910828,0,14,None,66,1,5,False,1,1
3734,39,degCent,10,0.3333001592356688,0,14,None,66,1,5,False,1,1
3735,35,degCent,10,0.4608877388535032,0,9,None,66,1,5,False,1,1
3736,36,degCent,10,0.4755175159235669,0,9,None,66,1,5,False,1,1
3737,37,degCent,10,0.4918391719745223,0,9,None,66,1,5,False,1,1
3738,38,degCent,10,0.5041799363057324,0,9,None,66,1,5,False,1,1
3739,39,degCent,10,0.5157245222929936,0,9,None,66,1,5,False,1,1
3740,35,degCent,10,0.4623805732484076,0,25,None,66,1,5,False,1,1
3741,36,degCent,10,0.4720342356687898,0,25,None,66,1,5,False,1,1
3742,37,degCent,10,0.4791003184713376,0,25,None,66,1,5,False,1,1
3743,38,degCent,10,0.4845740445859872,0,25,None,66,1,5,False,1,1
3744,39,degCent,10,0.4886544585987261,0,25,None,66,1,5,False,1,1
3745,35,degCent,10,0.4210788216560509,0,29,None,66,1,5,False,1,1
3746,36,degCent,10,0.4155055732484076,0,29,None,66,1,5,False,1,1
3747,37,degCent,10,0.4117237261146497,0,29,None,66,1,5,False,1,1
3748,38,degCent,10,0.4136146496815286,0,29,None,66,1,5,False,1,1
3749,39,degCent,10,0.4160031847133758,0,29,None,66,1,5,False,1,1
3750,35,degCent,10,0.4457603503184713,0,8,None,66,1,5,False,1,1
3751,36,degCent,10,0.4600915605095541,0,8,None,66,1,5,False,1,1
3752,37,degCent,10,0.4719347133757962,0,8,None,66,1,5,False,1,1
3753,38,degCent,10,0.4789012738853503,0,8,None,66,1,5,False,1,1
3754,39,degCent,10,0.4866640127388535,0,8,None,66,1,5,False,1,1
3755,35,degCent,10,0.5192078025477707,0,3,None,66,1,5,False,1,1
3756,36,degCent,10,0.5215963375796179,0,3,None,66,1,5,False,1,1
3757,37,degCent,10,0.5240843949044586,0,3,None,66,1,5,False,1,1
3758,38,degCent,10,0.5257762738853503,0,3,None,66,1,5,False,1,1
3759,39,degCent,10,0.5268710191082803,0,3,None,66,1,5,False,1,1
3760,35,degCent,10,0.4789012738853503,0,18,None,66,1,5,False,1,1
3761,36,degCent,10,0.5004976114649682,0,18,None,66,1,5,False,1,1
3762,37,degCent,10,0.5189092356687898,0,18,None,66,1,5,False,1,1
3763,38,degCent,10,0.5442874203821656,0,18,None,66,1,5,False,1,1
3764,39,degCent,10,0.5613057324840764,0,18,None,66,1,5,False,1,1
3765,35,degCent,10,0.4934315286624204,0,19,None,66,1,5,False,1,1
3766,36,degCent,10,0.502687101910828,0,19,None,66,1,5,False,1,1
3767,37,degCent,10,0.5081608280254777,0,19,None,66,1,5,False,1,1
3768,38,degCent,10,0.511843152866242,0,19,None,66,1,5,False,1,1
3769,39,degCent,10,0.5161226114649682,0,19,None,66,1,5,False,1,1
3770,35,degCent,10,0.4568073248407643,0,24,None,66,1,5,False,1,1
3771,36,degCent,10,0.4710390127388535,0,24,None,66,1,5,False,1,1
3772,37,degCent,10,0.4842754777070063,0,24,None,66,1,5,False,1,1
3773,38,degCent,10,0.4957205414012738,0,24,None,66,1,5,False,1,1
3774,39,degCent,10,0.5081608280254777,0,24,None,66,1,5,False,1,1
3775,35,degCent,10,0.5644904458598726,0,27,None,66,1,5,False,1,1
3776,36,degCent,10,0.5786226114649682,0,27,None,66,1,5,False,1,1
3777,37,degCent,10,0.5873805732484076,0,27,None,66,1,5,False,1,1
3778,38,degCent,10,0.5941480891719745,0,27,None,66,1,5,False,1,1
3779,39,degCent,10,0.6001194267515924,0,27,None,66,1,5,False,1,1
3780,35,degCent,10,0.5001990445859873,0,0,None,66,1,5,False,1,1
3781,36,degCent,10,0.5075636942675159,0,0,None,66,1,5,False,1,1
3782,37,degCent,10,0.5141321656050956,0,0,None,66,1,5,False,1,1
3783,38,degCent,10,0.518312101910828,0,0,None,66,1,5,False,1,1
3784,39,degCent,10,0.5234872611464968,0,0,None,66,1,5,False,1,1
3785,35,degCent,10,0.4655652866242038,0,30,None,66,1,5,False,1,1
3786,36,degCent,10,0.4715366242038216,0,30,None,66,1,5,False,1,1
3787,37,degCent,10,0.4839769108280254,0,30,None,66,1,5,False,1,1
3788,38,degCent,10,0.5005971337579618,0,30,None,66,1,5,False,1,1
3789,39,degCent,10,0.5141321656050956,0,30,None,66,1,5,False,1,1
3790,35,degCent,10,0.558718152866242,0,31,None,66,1,5,False,1,1
3791,36,degCent,10,0.5701632165605095,0,31,None,66,1,5,False,1,1
3792,37,degCent,10,0.5760350318471338,0,31,None,66,1,5,False,1,1
3793,38,degCent,10,0.5812101910828026,0,31,None,66,1,5,False,1,1
3794,39,degCent,10,0.5848925159235668,0,31,None,66,1,5,False,1,1
3795,40,degCent,10,0.4807921974522293,0,24,None,66,1,5,False,1,1
3796,41,degCent,10,0.4961186305732484,0,24,None,66,1,5,False,1,1
3797,42,degCent,10,0.5089570063694268,0,24,None,66,1,5,False,1,1
3798,43,degCent,10,0.5244824840764332,0,24,None,66,1,5,False,1,1
3799,44,degCent,10,0.5361265923566879,0,24,None,66,1,5,False,1,1
3800,40,degCent,10,0.5092555732484076,0,1,None,66,1,5,False,1,1
3801,41,degCent,10,0.5229896496815286,0,1,None,66,1,5,False,1,1
3802,42,degCent,10,0.5353304140127388,0,1,None,66,1,5,False,1,1
3803,43,degCent,10,0.5498606687898089,0,1,None,66,1,5,False,1,1
3804,44,degCent,10,0.5647890127388535,0,1,None,66,1,5,False,1,1
3805,40,degCent,10,0.5103503184713376,0,21,None,66,1,5,False,1,1
3806,41,degCent,10,0.5230891719745223,0,21,None,66,1,5,False,1,1
3807,42,degCent,10,0.5346337579617835,0,21,None,66,1,5,False,1,1
3808,43,degCent,10,0.5461783439490446,0,21,None,66,1,5,False,1,1
3809,44,degCent,10,0.5575238853503185,0,21,None,66,1,5,False,1,1
3810,40,degCent,10,0.5985270700636943,0,27,None,66,1,5,False,1,1
3811,41,degCent,10,0.6028065286624203,0,27,None,66,1,5,False,1,1
3812,42,degCent,10,0.6072850318471338,0,27,None,66,1,5,False,1,1
3813,43,degCent,10,0.6119625796178344,0,27,None,66,1,5,False,1,1
3814,44,degCent,10,0.6161425159235668,0,27,None,66,1,5,False,1,1
3815,40,degCent,10,0.4381966560509554,0,2,None,66,1,5,False,1,1
3816,41,degCent,10,0.4488455414012738,0,2,None,66,1,5,False,1,1
3817,42,degCent,10,0.456608280254777,0,2,None,66,1,5,False,1,1
3818,43,degCent,10,0.462281050955414,0,2,None,66,1,5,False,1,1
3819,44,degCent,10,0.4666600318471338,0,2,None,66,1,5,False,1,1
3820,40,degCent,10,0.595640923566879,0,17,None,66,1,5,False,1,1
3821,41,degCent,10,0.5974323248407644,0,17,None,66,1,5,False,1,1
3822,42,degCent,10,0.599422770700637,0,17,None,66,1,5,False,1,1
3823,43,degCent,10,0.6024084394904459,0,17,None,66,1,5,False,1,1
3824,44,degCent,10,0.607484076433121,0,17,None,66,1,5,False,1,1
3825,40,degCent,10,0.481389331210191,0,25,None,66,1,5,False,1,1
3826,41,degCent,10,0.4865644904458598,0,25,None,66,1,5,False,1,1
3827,42,degCent,10,0.4910429936305732,0,25,None,66,1,5,False,1,1
3828,43,degCent,10,0.494327229299363,0,25,None,66,1,5,False,1,1
3829,44,degCent,10,0.4974124203821656,0,25,None,66,1,5,False,1,1
3830,40,degCent,10,0.5450835987261147,0,13,None,66,1,5,False,1,1
3831,41,degCent,10,0.549562101910828,0,13,None,66,1,5,False,1,1
3832,42,degCent,10,0.5548367834394905,0,13,None,66,1,5,False,1,1
3833,43,degCent,10,0.5601114649681529,0,13,None,66,1,5,False,1,1
3834,44,degCent,10,0.5634952229299363,0,13,None,66,1,5,False,1,1
3835,40,degCent,10,0.4669585987261146,0,28,None,66,1,5,False,1,1
3836,41,degCent,10,0.4874601910828025,0,28,None,66,1,5,False,1,1
3837,42,degCent,10,0.5073646496815286,0,28,None,66,1,5,False,1,1
3838,43,degCent,10,0.5176154458598726,0,28,None,66,1,5,False,1,1
3839,44,degCent,10,0.5227906050955414,0,28,None,66,1,5,False,1,1
3840,40,degCent,10,0.5047770700636943,0,9,None,66,1,5,False,1,1
3841,41,degCent,10,0.51671974522293,0,9,None,66,1,5,False,1,1
3842,42,degCent,10,0.5271695859872612,0,9,None,66,1,5,False,1,1
3843,43,degCent,10,0.535031847133758,0,9,None,66,1,5,False,1,1
3844,44,degCent,10,0.5426950636942676,0,9,None,66,1,5,False,1,1
3845,40,degCent,10,0.4473527070063694,0,29,None,66,1,5,False,1,1
3846,41,degCent,10,0.4452627388535032,0,29,None,66,1,5,False,1,1
3847,42,degCent,10,0.4452627388535032,0,29,None,66,1,5,False,1,1
3848,43,degCent,10,0.4433718152866242,0,29,None,66,1,5,False,1,1
3849,44,degCent,10,0.4442675159235669,0,29,None,66,1,5,False,1,1
3850,40,degCent,10,0.5360270700636943,0,5,None,66,1,5,False,1,1
3851,41,degCent,10,0.5328423566878981,0,5,None,66,1,5,False,1,1
3852,42,degCent,10,0.5352308917197452,0,5,None,66,1,5,False,1,1
3853,43,degCent,10,0.5414012738853503,0,5,None,66,1,5,False,1,1
3854,44,degCent,10,0.5444864649681529,0,5,None,66,1,5,False,1,1
3855,40,degCent,10,0.3430533439490446,0,14,None,66,1,5,False,1,1
3856,41,degCent,10,0.3433519108280254,0,14,None,66,1,5,False,1,1
3857,42,degCent,10,0.3482285031847134,0,14,None,66,1,5,False,1,1
3858,43,degCent,10,0.3550955414012738,0,14,None,66,1,5,False,1,1
3859,44,degCent,10,0.3621616242038216,0,14,None,66,1,5,False,1,1
3860,40,degCent,10,0.5857882165605095,0,12,None,66,1,5,False,1,1
3861,41,degCent,10,0.6014132165605095,0,12,None,66,1,5,False,1,1
3862,42,degCent,10,0.6075835987261147,0,12,None,66,1,5,False,1,1
3863,43,degCent,10,0.6134554140127388,0,12,None,66,1,5,False,1,1
3864,44,degCent,10,0.6179339171974523,0,12,None,66,1,5,False,1,1
3865,40,degCent,10,0.4855692675159235,0,26,None,66,1,5,False,1,1
3866,41,degCent,10,0.4853702229299363,0,26,None,66,1,5,False,1,1
3867,42,degCent,10,0.4887539808917197,0,26,None,66,1,5,False,1,1
3868,43,degCent,10,0.491640127388535,0,26,None,66,1,5,False,1,1
3869,44,degCent,10,0.4938296178343949,0,26,None,66,1,5,False,1,1
3870,40,degCent,10,0.4891520700636942,0,30,None,66,1,5,False,1,1
3871,41,degCent,10,0.5079617834394905,0,30,None,66,1,5,False,1,1
3872,42,degCent,10,0.522890127388535,0,30,None,66,1,5,False,1,1
3873,43,degCent,10,0.5387141719745223,0,30,None,66,1,5,False,1,1
3874,44,degCent,10,0.5508558917197452,0,30,None,66,1,5,False,1,1
3875,40,degCent,10,0.5765326433121019,0,18,None,66,1,5,False,1,1
3876,41,degCent,10,0.591062898089172,0,18,None,66,1,5,False,1,1
3877,42,degCent,10,0.6031050955414012,0,18,None,66,1,5,False,1,1
3878,43,degCent,10,0.6118630573248408,0,18,None,66,1,5,False,1,1
3879,44,degCent,10,0.6213176751592356,0,18,None,66,1,5,False,1,1
3880,40,degCent,10,0.5165207006369427,0,19,None,66,1,5,False,1,1
3881,41,degCent,10,0.5230891719745223,0,19,None,66,1,5,False,1,1
3882,42,degCent,10,0.5269705414012739,0,19,None,66,1,5,False,1,1
3883,43,degCent,10,0.5281648089171974,0,19,None,66,1,5,False,1,1
3884,44,degCent,10,0.5281648089171974,0,19,None,66,1,5,False,1,1
3885,40,degCent,10,0.5908638535031847,0,31,None,66,1,5,False,1,1
3886,41,degCent,10,0.599422770700637,0,31,None,66,1,5,False,1,1
3887,42,degCent,10,0.603702229299363,0,31,None,66,1,5,False,1,1
3888,43,degCent,10,0.6043988853503185,0,31,None,66,1,5,False,1,1
3889,44,degCent,10,0.6062898089171974,0,31,None,66,1,5,False,1,1
3890,40,degCent,10,0.613156847133758,0,16,None,66,1,5,False,1,1
3891,41,degCent,10,0.6259952229299363,0,16,None,66,1,5,False,1,1
3892,42,degCent,10,0.6345541401273885,0,16,None,66,1,5,False,1,1
3893,43,degCent,10,0.6396297770700637,0,16,None,66,1,5,False,1,1
3894,44,degCent,10,0.6436106687898089,0,16,None,66,1,5,False,1,1
3895,40,degCent,10,0.5408041401273885,0,7,None,66,1,5,False,1,1
3896,41,degCent,10,0.5619028662420382,0,7,None,66,1,5,False,1,1
3897,42,degCent,10,0.5710589171974523,0,7,None,66,1,5,False,1,1
3898,43,degCent,10,0.578125,0,7,None,66,1,5,False,1,1
3899,44,degCent,10,0.5831011146496815,0,7,None,66,1,5,False,1,1
3900,40,degCent,10,0.535828025477707,0,11,None,66,1,5,False,1,1
3901,41,degCent,10,0.5459792993630573,0,11,None,66,1,5,False,1,1
3902,42,degCent,10,0.5501592356687898,0,11,None,66,1,5,False,1,1
3903,43,degCent,10,0.5571257961783439,0,11,None,66,1,5,False,1,1
3904,44,degCent,10,0.5604100318471338,0,11,None,66,1,5,False,1,1
3905,40,degCent,10,0.5342356687898089,0,15,None,66,1,5,False,1,1
3906,41,degCent,10,0.5380175159235668,0,15,None,66,1,5,False,1,1
3907,42,degCent,10,0.5407046178343949,0,15,None,66,1,5,False,1,1
3908,43,degCent,10,0.5428941082802548,0,15,None,66,1,5,False,1,1
3909,44,degCent,10,0.5460788216560509,0,15,None,66,1,5,False,1,1
3910,40,degCent,10,0.5258757961783439,0,0,None,66,1,5,False,1,1
3911,41,degCent,10,0.5318471337579618,0,0,None,66,1,5,False,1,1
3912,42,degCent,10,0.538515127388535,0,0,None,66,1,5,False,1,1
3913,43,degCent,10,0.544187898089172,0,0,None,66,1,5,False,1,1
3914,44,degCent,10,0.5480692675159236,0,0,None,66,1,5,False,1,1
3915,40,degCent,10,0.5280652866242038,0,3,None,66,1,5,False,1,1
3916,41,degCent,10,0.5304538216560509,0,3,None,66,1,5,False,1,1
3917,42,degCent,10,0.5326433121019108,0,3,None,66,1,5,False,1,1
3918,43,degCent,10,0.5344347133757962,0,3,None,66,1,5,False,1,1
3919,44,degCent,10,0.5361265923566879,0,3,None,66,1,5,False,1,1
3920,40,degCent,10,0.4544187898089172,0,4,None,66,1,5,False,1,1
3921,41,degCent,10,0.4406847133757962,0,4,None,66,1,5,False,1,1
3922,42,degCent,10,0.4427746815286624,0,4,None,66,1,5,False,1,1
3923,43,degCent,10,0.4480493630573248,0,4,None,66,1,5,False,1,1
3924,44,degCent,10,0.4537221337579618,0,4,None,66,1,5,False,1,1
3925,40,degCent,10,0.5617038216560509,0,6,None,66,1,5,False,1,1
3926,41,degCent,10,0.571656050955414,0,6,None,66,1,5,False,1,1
3927,42,degCent,10,0.5771297770700637,0,6,None,66,1,5,False,1,1
3928,43,degCent,10,0.5810111464968153,0,6,None,66,1,5,False,1,1
3929,44,degCent,10,0.5861863057324841,0,6,None,66,1,5,False,1,1
3930,40,degCent,10,0.4830812101910828,0,8,None,66,1,5,False,1,1
3931,41,degCent,10,0.4933320063694267,0,8,None,66,1,5,False,1,1
3932,42,degCent,10,0.4993033439490446,0,8,None,66,1,5,False,1,1
3933,43,degCent,10,0.5077627388535032,0,8,None,66,1,5,False,1,1
3934,44,degCent,10,0.5149283439490446,0,8,None,66,1,5,False,1,1
3935,40,degCent,10,0.524781050955414,0,10,None,66,1,5,False,1,1
3936,41,degCent,10,0.5393113057324841,0,10,None,66,1,5,False,1,1
3937,42,degCent,10,0.5557324840764332,0,10,None,66,1,5,False,1,1
3938,43,degCent,10,0.5701632165605095,0,10,None,66,1,5,False,1,1
3939,44,degCent,10,0.5869824840764332,0,10,None,66,1,5,False,1,1
3940,40,degCent,10,0.5806130573248408,0,20,None,66,1,5,False,1,1
3941,41,degCent,10,0.5617038216560509,0,20,None,66,1,5,False,1,1
3942,42,degCent,10,0.5656847133757962,0,20,None,66,1,5,False,1,1
3943,43,degCent,10,0.5677746815286624,0,20,None,66,1,5,False,1,1
3944,44,degCent,10,0.5718550955414012,0,20,None,66,1,5,False,1,1
3945,40,degCent,10,0.5945461783439491,0,22,None,66,1,5,False,1,1
3946,41,degCent,10,0.6024084394904459,0,22,None,66,1,5,False,1,1
3947,42,degCent,10,0.6084792993630573,0,22,None,66,1,5,False,1,1
3948,43,degCent,10,0.6153463375796179,0,22,None,66,1,5,False,1,1
3949,44,degCent,10,0.6222133757961783,0,22,None,66,1,5,False,1,1
3950,40,degCent,10,0.4804936305732484,0,23,None,66,1,5,False,1,1
3951,41,degCent,10,0.4900477707006369,0,23,None,66,1,5,False,1,1
3952,42,degCent,10,0.4996019108280254,0,23,None,66,1,5,False,1,1
3953,43,degCent,10,0.5085589171974523,0,23,None,66,1,5,False,1,1
3954,44,degCent,10,0.5174164012738853,0,23,None,66,1,5,False,1,1
3955,40,degCent,10,0.4613853503184713,0,32,None,66,1,5,False,1,1
3956,41,degCent,10,0.4589968152866242,0,32,None,66,1,5,False,1,1
3957,42,degCent,10,0.4636743630573248,0,32,None,66,1,5,False,1,1
3958,43,degCent,10,0.4692476114649681,0,32,None,66,1,5,False,1,1
3959,44,degCent,10,0.4729299363057325,0,32,None,66,1,5,False,1,1
5445,45,degCent,10,0.5245820063694268,0,1,None,66,1,5,False,1,1
5446,46,degCent,10,0.5446855095541401,0,1,None,66,1,5,False,1,1
5447,47,degCent,10,0.5636942675159236,0,1,None,66,1,5,False,1,1
5448,48,degCent,10,0.5826035031847133,0,1,None,66,1,5,False,1,1
5449,49,degCent,10,0.5965366242038217,0,1,None,66,1,5,False,1,1
5450,45,degCent,10,0.4618829617834395,0,2,None,66,1,5,False,1,1
5451,46,degCent,10,0.4685509554140127,0,2,None,66,1,5,False,1,1
5452,47,degCent,10,0.4750199044585987,0,2,None,66,1,5,False,1,1
5453,48,degCent,10,0.4811902866242038,0,2,None,66,1,5,False,1,1
5454,49,degCent,10,0.4859673566878981,0,2,None,66,1,5,False,1,1
5455,45,degCent,10,0.573546974522293,0,5,None,66,1,5,False,1,1
5456,46,degCent,10,0.5709593949044586,0,5,None,66,1,5,False,1,1
5457,47,degCent,10,0.5757364649681529,0,5,None,66,1,5,False,1,1
5458,48,degCent,10,0.5797173566878981,0,5,None,66,1,5,False,1,1
5459,49,degCent,10,0.5847929936305732,0,5,None,66,1,5,False,1,1
5460,45,degCent,10,0.5690684713375797,0,13,None,66,1,5,False,1,1
5461,46,degCent,10,0.5731488853503185,0,13,None,66,1,5,False,1,1
5462,47,degCent,10,0.5790207006369427,0,13,None,66,1,5,False,1,1
5463,48,degCent,10,0.5834992038216561,0,13,None,66,1,5,False,1,1
5464,49,degCent,10,0.5882762738853503,0,13,None,66,1,5,False,1,1
5465,45,degCent,10,0.6335589171974523,0,16,None,66,1,5,False,1,1
5466,46,degCent,10,0.6415207006369427,0,16,None,66,1,5,False,1,1
5467,47,degCent,10,0.6459992038216561,0,16,None,66,1,5,False,1,1
5468,48,degCent,10,0.6508757961783439,0,16,None,66,1,5,False,1,1
5469,49,degCent,10,0.6554538216560509,0,16,None,66,1,5,False,1,1
5470,45,degCent,10,0.605593152866242,0,20,None,66,1,5,False,1,1
5471,46,degCent,10,0.5911624203821656,0,20,None,66,1,5,False,1,1
5472,47,degCent,10,0.5914609872611465,0,20,None,66,1,5,False,1,1
5473,48,degCent,10,0.5930533439490446,0,20,None,66,1,5,False,1,1
5474,49,degCent,10,0.595640923566879,0,20,None,66,1,5,False,1,1
5475,45,degCent,10,0.6247014331210191,0,22,None,66,1,5,False,1,1
5476,46,degCent,10,0.6321656050955414,0,22,None,66,1,5,False,1,1
5477,47,degCent,10,0.6367436305732485,0,22,None,66,1,5,False,1,1
5478,48,degCent,10,0.6398288216560509,0,22,None,66,1,5,False,1,1
5479,49,degCent,10,0.6434116242038217,0,22,None,66,1,5,False,1,1
5480,45,degCent,10,0.3499203821656051,0,14,None,66,1,5,False,1,1
5481,46,degCent,10,0.3532046178343949,0,14,None,66,1,5,False,1,1
5482,47,degCent,10,0.3646496815286624,0,14,None,66,1,5,False,1,1
5483,48,degCent,10,0.3710191082802547,0,14,None,66,1,5,False,1,1
5484,49,degCent,10,0.3714171974522293,0,14,None,66,1,5,False,1,1
5485,45,degCent,10,0.5278662420382165,0,23,None,66,1,5,False,1,1
5486,46,degCent,10,0.5337380573248408,0,23,None,66,1,5,False,1,1
5487,47,degCent,10,0.5415007961783439,0,23,None,66,1,5,False,1,1
5488,48,degCent,10,0.5471735668789809,0,23,None,66,1,5,False,1,1
5489,49,degCent,10,0.5529458598726115,0,23,None,66,1,5,False,1,1
5490,45,degCent,10,0.6041998407643312,0,17,None,66,1,5,False,1,1
5491,46,degCent,10,0.6095740445859873,0,17,None,66,1,5,False,1,1
5492,47,degCent,10,0.6132563694267515,0,17,None,66,1,5,False,1,1
5493,48,degCent,10,0.6163415605095541,0,17,None,66,1,5,False,1,1
5494,49,degCent,10,0.6210191082802548,0,17,None,66,1,5,False,1,1
5495,45,degCent,10,0.5592157643312102,0,21,None,66,1,5,False,1,1
5496,46,degCent,10,0.5655851910828026,0,21,None,66,1,5,False,1,1
5497,47,degCent,10,0.5749402866242038,0,21,None,66,1,5,False,1,1
5498,48,degCent,10,0.5810111464968153,0,21,None,66,1,5,False,1,1
5499,49,degCent,10,0.5870820063694268,0,21,None,66,1,5,False,1,1
5500,45,degCent,10,0.5197054140127388,0,25,None,66,1,5,False,1,1
5501,46,degCent,10,0.5166202229299363,0,25,None,66,1,5,False,1,1
5502,47,degCent,10,0.5242834394904459,0,25,None,66,1,5,False,1,1
5503,48,degCent,10,0.5338375796178344,0,25,None,66,1,5,False,1,1
5504,49,degCent,10,0.544187898089172,0,25,None,66,1,5,False,1,1
5505,45,degCent,10,0.5080613057324841,0,26,None,66,1,5,False,1,1
5506,46,degCent,10,0.5033837579617835,0,26,None,66,1,5,False,1,1
5507,47,degCent,10,0.5059713375796179,0,26,None,66,1,5,False,1,1
5508,48,degCent,10,0.5089570063694268,0,26,None,66,1,5,False,1,1
5509,49,degCent,10,0.5132364649681529,0,26,None,66,1,5,False,1,1
5510,45,degCent,10,0.6113654458598726,0,12,None,66,1,5,False,1,1
5511,46,degCent,10,0.6213176751592356,0,12,None,66,1,5,False,1,1
5512,47,degCent,10,0.6249004777070064,0,12,None,66,1,5,False,1,1
5513,48,degCent,10,0.6310708598726115,0,12,None,66,1,5,False,1,1
5514,49,degCent,10,0.6353503184713376,0,12,None,66,1,5,False,1,1
5515,45,degCent,10,0.5039808917197452,0,24,None,66,1,5,False,1,1
5516,46,degCent,10,0.520203025477707,0,24,None,66,1,5,False,1,1
5517,47,degCent,10,0.5347332802547771,0,24,None,66,1,5,False,1,1
5518,48,degCent,10,0.5478702229299363,0,24,None,66,1,5,False,1,1
5519,49,degCent,10,0.5584195859872612,0,24,None,66,1,5,False,1,1
5520,45,degCent,10,0.4720342356687898,0,29,None,66,1,5,False,1,1
5521,46,degCent,10,0.4692476114649681,0,29,None,66,1,5,False,1,1
5522,47,degCent,10,0.4675557324840764,0,29,None,66,1,5,False,1,1
5523,48,degCent,10,0.4670581210191082,0,29,None,66,1,5,False,1,1
5524,49,degCent,10,0.4674562101910828,0,29,None,66,1,5,False,1,1
5525,45,degCent,10,0.5357285031847133,0,9,None,66,1,5,False,1,1
5526,46,degCent,10,0.5426950636942676,0,9,None,66,1,5,False,1,1
5527,47,degCent,10,0.5510549363057324,0,9,None,66,1,5,False,1,1
5528,48,degCent,10,0.557921974522293,0,9,None,66,1,5,False,1,1
5529,49,degCent,10,0.5636942675159236,0,9,None,66,1,5,False,1,1
5530,45,degCent,10,0.5440883757961783,0,30,None,66,1,5,False,1,1
5531,46,degCent,10,0.5561305732484076,0,30,None,66,1,5,False,1,1
5532,47,degCent,10,0.5656847133757962,0,30,None,66,1,5,False,1,1
5533,48,degCent,10,0.574343152866242,0,30,None,66,1,5,False,1,1
5534,49,degCent,10,0.5801154458598726,0,30,None,66,1,5,False,1,1
5535,45,degCent,10,0.5839968152866242,0,6,None,66,1,5,False,1,1
5536,46,degCent,10,0.5901671974522293,0,6,None,66,1,5,False,1,1
5537,47,degCent,10,0.5939490445859873,0,6,None,66,1,5,False,1,1
5538,48,degCent,10,0.5980294585987261,0,6,None,66,1,5,False,1,1
5539,49,degCent,10,0.6009156050955414,0,6,None,66,1,5,False,1,1
5540,45,degCent,10,0.6176353503184714,0,27,None,66,1,5,False,1,1
5541,46,degCent,10,0.6191281847133758,0,27,None,66,1,5,False,1,1
5542,47,degCent,10,0.6244028662420382,0,27,None,66,1,5,False,1,1
5543,48,degCent,10,0.6288813694267515,0,27,None,66,1,5,False,1,1
5544,49,degCent,10,0.6325636942675159,0,27,None,66,1,5,False,1,1
5545,45,degCent,10,0.4872611464968153,0,32,None,66,1,5,False,1,1
5546,46,degCent,10,0.4853702229299363,0,32,None,66,1,5,False,1,1
5547,47,degCent,10,0.4880573248407643,0,32,None,66,1,5,False,1,1
5548,48,degCent,10,0.4902468152866242,0,32,None,66,1,5,False,1,1
5549,49,degCent,10,0.4931329617834395,0,32,None,66,1,5,False,1,1
5550,45,degCent,10,0.5696656050955414,0,7,None,66,1,5,False,1,1
5551,46,degCent,10,0.5838972929936306,0,7,None,66,1,5,False,1,1
5552,47,degCent,10,0.5897691082802548,0,7,None,66,1,5,False,1,1
5553,48,degCent,10,0.5935509554140127,0,7,None,66,1,5,False,1,1
5554,49,degCent,10,0.5992237261146497,0,7,None,66,1,5,False,1,1
5555,45,degCent,10,0.5868829617834395,0,10,None,66,1,5,False,1,1
5556,46,degCent,10,0.6028065286624203,0,10,None,66,1,5,False,1,1
5557,47,degCent,10,0.6159434713375797,0,10,None,66,1,5,False,1,1
5558,48,degCent,10,0.6271894904458599,0,10,None,66,1,5,False,1,1
5559,49,degCent,10,0.6358479299363057,0,10,None,66,1,5,False,1,1
5560,45,degCent,10,0.4800955414012738,0,4,None,66,1,5,False,1,1
5561,46,degCent,10,0.4680533439490446,0,4,None,66,1,5,False,1,1
5562,47,degCent,10,0.4701433121019108,0,4,None,66,1,5,False,1,1
5563,48,degCent,10,0.4744227707006369,0,4,None,66,1,5,False,1,1
5564,49,degCent,10,0.481389331210191,0,4,None,66,1,5,False,1,1
5565,45,degCent,10,0.5728503184713376,0,11,None,66,1,5,False,1,1
5566,46,degCent,10,0.5765326433121019,0,11,None,66,1,5,False,1,1
5567,47,degCent,10,0.5807125796178344,0,11,None,66,1,5,False,1,1
5568,48,degCent,10,0.5831011146496815,0,11,None,66,1,5,False,1,1
5569,49,degCent,10,0.5869824840764332,0,11,None,66,1,5,False,1,1
5570,45,degCent,10,0.5493630573248408,0,15,None,66,1,5,False,1,1
5571,46,degCent,10,0.5516520700636943,0,15,None,66,1,5,False,1,1
5572,47,degCent,10,0.554140127388535,0,15,None,66,1,5,False,1,1
5573,48,degCent,10,0.5571257961783439,0,15,None,66,1,5,False,1,1
5574,49,degCent,10,0.5593152866242038,0,15,None,66,1,5,False,1,1
5575,45,degCent,10,0.5024880573248408,0,8,None,66,1,5,False,1,1
5576,46,degCent,10,0.511046974522293,0,8,None,66,1,5,False,1,1
5577,47,degCent,10,0.5177149681528662,0,8,None,66,1,5,False,1,1
5578,48,degCent,10,0.5230891719745223,0,8,None,66,1,5,False,1,1
5579,49,degCent,10,0.5271695859872612,0,8,None,66,1,5,False,1,1
5580,45,degCent,10,0.6281847133757962,0,18,None,66,1,5,False,1,1
5581,46,degCent,10,0.6346536624203821,0,18,None,66,1,5,False,1,1
5582,47,degCent,10,0.64171974522293,0,18,None,66,1,5,False,1,1
5583,48,degCent,10,0.6473925159235668,0,18,None,66,1,5,False,1,1
5584,49,degCent,10,0.6523686305732485,0,18,None,66,1,5,False,1,1
5585,45,degCent,10,0.6036027070063694,0,31,None,66,1,5,False,1,1
5586,46,degCent,10,0.6077826433121019,0,31,None,66,1,5,False,1,1
5587,47,degCent,10,0.6092754777070064,0,31,None,66,1,5,False,1,1
5588,48,degCent,10,0.613156847133758,0,31,None,66,1,5,False,1,1
5589,49,degCent,10,0.613953025477707,0,31,None,66,1,5,False,1,1
5590,45,degCent,10,0.536922770700637,0,19,None,66,1,5,False,1,1
5591,46,degCent,10,0.5306528662420382,0,19,None,66,1,5,False,1,1
5592,47,degCent,10,0.5320461783439491,0,19,None,66,1,5,False,1,1
5593,48,degCent,10,0.5341361464968153,0,19,None,66,1,5,False,1,1
5594,49,degCent,10,0.5359275477707006,0,19,None,66,1,5,False,1,1
5595,45,degCent,10,0.5473726114649682,0,0,None,66,1,5,False,1,1
5596,46,degCent,10,0.5554339171974523,0,0,None,66,1,5,False,1,1
5597,47,degCent,10,0.5613057324840764,0,0,None,66,1,5,False,1,1
5598,48,degCent,10,0.5655851910828026,0,0,None,66,1,5,False,1,1
5599,49,degCent,10,0.5703622611464968,0,0,None,66,1,5,False,1,1
5600,45,degCent,10,0.5376194267515924,0,3,None,66,1,5,False,1,1
5601,46,degCent,10,0.5387141719745223,0,3,None,66,1,5,False,1,1
5602,47,degCent,10,0.541202229299363,0,3,None,66,1,5,False,1,1
5603,48,degCent,10,0.5434912420382165,0,3,None,66,1,5,False,1,1
5604,49,degCent,10,0.544984076433121,0,3,None,66,1,5,False,1,1
5605,45,degCent,10,0.5310509554140127,0,28,None,66,1,5,False,1,1
5606,46,degCent,10,0.5305533439490446,0,28,None,66,1,5,False,1,1
5607,47,degCent,10,0.5340366242038217,0,28,None,66,1,5,False,1,1
5608,48,degCent,10,0.5379179936305732,0,28,None,66,1,5,False,1,1
5609,49,degCent,10,0.5418988853503185,0,28,None,66,1,5,False,1,1
5610,50,degCent,10,0.5480692675159236,0,1,None,66,1,5,False,1,1
5611,51,degCent,10,0.5706608280254777,0,1,None,66,1,5,False,1,1
5612,52,degCent,10,0.5913614649681529,0,1,None,66,1,5,False,1,1
5613,53,degCent,10,0.6073845541401274,0,1,None,66,1,5,False,1,1
5614,54,degCent,10,0.6200238853503185,0,1,None,66,1,5,False,1,1
5615,50,degCent,10,0.5089570063694268,0,2,None,66,1,5,False,1,1
5616,51,degCent,10,0.4863654458598726,0,2,None,66,1,5,False,1,1
5617,52,degCent,10,0.4907444267515923,0,2,None,66,1,5,False,1,1
5618,53,degCent,10,0.4950238853503185,0,2,None,66,1,5,False,1,1
5619,54,degCent,10,0.5003980891719745,0,2,None,66,1,5,False,1,1
5620,50,degCent,10,0.6058917197452229,0,5,None,66,1,5,False,1,1
5621,51,degCent,10,0.6040007961783439,0,5,None,66,1,5,False,1,1
5622,52,degCent,10,0.6049960191082803,0,5,None,66,1,5,False,1,1
5623,53,degCent,10,0.6078821656050956,0,5,None,66,1,5,False,1,1
5624,54,degCent,10,0.6107683121019108,0,5,None,66,1,5,False,1,1
5625,50,degCent,10,0.6414211783439491,0,22,None,66,1,5,False,1,1
5626,51,degCent,10,0.6451035031847133,0,22,None,66,1,5,False,1,1
5627,52,degCent,10,0.6492834394904459,0,22,None,66,1,5,False,1,1
5628,53,degCent,10,0.6508757961783439,0,22,None,66,1,5,False,1,1
5629,54,degCent,10,0.653562898089172,0,22,None,66,1,5,False,1,1
5630,50,degCent,10,0.3627587579617834,0,14,None,66,1,5,False,1,1
5631,51,degCent,10,0.3709195859872611,0,14,None,66,1,5,False,1,1
5632,52,degCent,10,0.3780851910828025,0,14,None,66,1,5,False,1,1
5633,53,degCent,10,0.3796775477707006,0,14,None,66,1,5,False,1,1
5634,54,degCent,10,0.3820660828025478,0,14,None,66,1,5,False,1,1
5635,50,degCent,10,0.595640923566879,0,21,None,66,1,5,False,1,1
5636,51,degCent,10,0.6022093949044586,0,21,None,66,1,5,False,1,1
5637,52,degCent,10,0.6086783439490446,0,21,None,66,1,5,False,1,1
5638,53,degCent,10,0.6154458598726115,0,21,None,66,1,5,False,1,1
5639,54,degCent,10,0.6213176751592356,0,21,None,66,1,5,False,1,1
5640,50,degCent,10,0.5524482484076433,0,23,None,66,1,5,False,1,1
5641,51,degCent,10,0.5590167197452229,0,23,None,66,1,5,False,1,1
5642,52,degCent,10,0.5645899681528662,0,23,None,66,1,5,False,1,1
5643,53,degCent,10,0.5694665605095541,0,23,None,66,1,5,False,1,1
5644,54,degCent,10,0.5755374203821656,0,23,None,66,1,5,False,1,1
5645,50,degCent,10,0.6299761146496815,0,27,None,66,1,5,False,1,1
5646,51,degCent,10,0.633359872611465,0,27,None,66,1,5,False,1,1
5647,52,degCent,10,0.6378383757961783,0,27,None,66,1,5,False,1,1
5648,53,degCent,10,0.6414211783439491,0,27,None,66,1,5,False,1,1
5649,54,degCent,10,0.6436106687898089,0,27,None,66,1,5,False,1,1
5650,50,degCent,10,0.5793192675159236,0,30,None,66,1,5,False,1,1
5651,51,degCent,10,0.5855891719745223,0,30,None,66,1,5,False,1,1
5652,52,degCent,10,0.5919585987261147,0,30,None,66,1,5,False,1,1
5653,53,degCent,10,0.5977308917197452,0,30,None,66,1,5,False,1,1
5654,54,degCent,10,0.6033041401273885,0,30,None,66,1,5,False,1,1
5655,50,degCent,10,0.5971337579617835,0,7,None,66,1,5,False,1,1
5656,51,degCent,10,0.6102707006369427,0,7,None,66,1,5,False,1,1
5657,52,degCent,10,0.6153463375796179,0,7,None,66,1,5,False,1,1
5658,53,degCent,10,0.6205214968152867,0,7,None,66,1,5,False,1,1
5659,54,degCent,10,0.6244028662420382,0,7,None,66,1,5,False,1,1
5660,50,degCent,10,0.6485867834394905,0,16,None,66,1,5,False,1,1
5661,51,degCent,10,0.6542595541401274,0,16,None,66,1,5,False,1,1
5662,52,degCent,10,0.6590366242038217,0,16,None,66,1,5,False,1,1
5663,53,degCent,10,0.6626194267515924,0,16,None,66,1,5,False,1,1
5664,54,degCent,10,0.6649084394904459,0,16,None,66,1,5,False,1,1
5665,50,degCent,10,0.5013933121019108,0,32,None,66,1,5,False,1,1
5666,51,degCent,10,0.5001990445859873,0,32,None,66,1,5,False,1,1
5667,52,degCent,10,0.5028861464968153,0,32,None,66,1,5,False,1,1
5668,53,degCent,10,0.5054737261146497,0,32,None,66,1,5,False,1,1
5669,54,degCent,10,0.5071656050955414,0,32,None,66,1,5,False,1,1
5670,50,degCent,10,0.6297770700636943,0,12,None,66,1,5,False,1,1
5671,51,degCent,10,0.6365445859872612,0,12,None,66,1,5,False,1,1
5672,52,degCent,10,0.6404259554140127,0,12,None,66,1,5,False,1,1
5673,53,degCent,10,0.6436106687898089,0,12,None,66,1,5,False,1,1
5674,54,degCent,10,0.6471934713375797,0,12,None,66,1,5,False,1,1
5675,50,degCent,10,0.5982285031847133,0,6,None,66,1,5,False,1,1
5676,51,degCent,10,0.602109872611465,0,6,None,66,1,5,False,1,1
5677,52,degCent,10,0.604796974522293,0,6,None,66,1,5,False,1,1
5678,53,degCent,10,0.6073845541401274,0,6,None,66,1,5,False,1,1
5679,54,degCent,10,0.6095740445859873,0,6,None,66,1,5,False,1,1
5680,50,degCent,10,0.5917595541401274,0,13,None,66,1,5,False,1,1
5681,51,degCent,10,0.5969347133757962,0,13,None,66,1,5,False,1,1
5682,52,degCent,10,0.6024084394904459,0,13,None,66,1,5,False,1,1
5683,53,degCent,10,0.6078821656050956,0,13,None,66,1,5,False,1,1
5684,54,degCent,10,0.6129578025477707,0,13,None,66,1,5,False,1,1
5685,50,degCent,10,0.5726512738853503,0,25,None,66,1,5,False,1,1
5686,51,degCent,10,0.5627985668789809,0,25,None,66,1,5,False,1,1
5687,52,degCent,10,0.5671775477707006,0,25,None,66,1,5,False,1,1
5688,53,degCent,10,0.5751393312101911,0,25,None,66,1,5,False,1,1
5689,54,degCent,10,0.5803144904458599,0,25,None,66,1,5,False,1,1
5690,50,degCent,10,0.5454816878980892,0,26,None,66,1,5,False,1,1
5691,51,degCent,10,0.5425955414012739,0,26,None,66,1,5,False,1,1
5692,52,degCent,10,0.5438893312101911,0,26,None,66,1,5,False,1,1
5693,53,degCent,10,0.5469745222929936,0,26,None,66,1,5,False,1,1
5694,54,degCent,10,0.5499601910828026,0,26,None,66,1,5,False,1,1
5695,50,degCent,10,0.5625995222929936,0,15,None,66,1,5,False,1,1
5696,51,degCent,10,0.5667794585987261,0,15,None,66,1,5,False,1,1
5697,52,degCent,10,0.569765127388535,0,15,None,66,1,5,False,1,1
5698,53,degCent,10,0.5719546178343949,0,15,None,66,1,5,False,1,1
5699,54,degCent,10,0.5738455414012739,0,15,None,66,1,5,False,1,1
5700,50,degCent,10,0.6270899681528662,0,10,None,66,1,5,False,1,1
5701,51,degCent,10,0.6357484076433121,0,10,None,66,1,5,False,1,1
5702,52,degCent,10,0.6432125796178344,0,10,None,66,1,5,False,1,1
5703,53,degCent,10,0.650577229299363,0,10,None,66,1,5,False,1,1
5704,54,degCent,10,0.6552547770700637,0,10,None,66,1,5,False,1,1
5705,50,degCent,10,0.6018113057324841,0,11,None,66,1,5,False,1,1
5706,51,degCent,10,0.5990246815286624,0,11,None,66,1,5,False,1,1
5707,52,degCent,10,0.6017117834394905,0,11,None,66,1,5,False,1,1
5708,53,degCent,10,0.6045979299363057,0,11,None,66,1,5,False,1,1
5709,54,degCent,10,0.6090764331210191,0,11,None,66,1,5,False,1,1
5710,50,degCent,10,0.6165406050955414,0,17,None,66,1,5,False,1,1
5711,51,degCent,10,0.6207205414012739,0,17,None,66,1,5,False,1,1
5712,52,degCent,10,0.6240047770700637,0,17,None,66,1,5,False,1,1
5713,53,degCent,10,0.626890923566879,0,17,None,66,1,5,False,1,1
5714,54,degCent,10,0.630672770700637,0,17,None,66,1,5,False,1,1
5715,50,degCent,10,0.5402070063694268,0,24,None,66,1,5,False,1,1
5716,51,degCent,10,0.5527468152866242,0,24,None,66,1,5,False,1,1
5717,52,degCent,10,0.5661823248407644,0,24,None,66,1,5,False,1,1
5718,53,degCent,10,0.5778264331210191,0,24,None,66,1,5,False,1,1
5719,54,degCent,10,0.5882762738853503,0,24,None,66,1,5,False,1,1
5720,50,degCent,10,0.5609076433121019,0,8,None,66,1,5,False,1,1
5721,51,degCent,10,0.5523487261146497,0,8,None,66,1,5,False,1,1
5722,52,degCent,10,0.5565286624203821,0,8,None,66,1,5,False,1,1
5723,53,degCent,10,0.5611066878980892,0,8,None,66,1,5,False,1,1
5724,54,degCent,10,0.5658837579617835,0,8,None,66,1,5,False,1,1
5725,50,degCent,10,0.6571457006369427,0,18,None,66,1,5,False,1,1
5726,51,degCent,10,0.660828025477707,0,18,None,66,1,5,False,1,1
5727,52,degCent,10,0.6659036624203821,0,18,None,66,1,5,False,1,1
5728,53,degCent,10,0.6710788216560509,0,18,None,66,1,5,False,1,1
5729,54,degCent,10,0.675656847133758,0,18,None,66,1,5,False,1,1
5730,50,degCent,10,0.6153463375796179,0,31,None,66,1,5,False,1,1
5731,51,degCent,10,0.6169386942675159,0,31,None,66,1,5,False,1,1
5732,52,degCent,10,0.6210191082802548,0,31,None,66,1,5,False,1,1
5733,53,degCent,10,0.6242038216560509,0,31,None,66,1,5,False,1,1
5734,54,degCent,10,0.6255971337579618,0,31,None,66,1,5,False,1,1
5735,50,degCent,10,0.5349323248407644,0,19,None,66,1,5,False,1,1
5736,51,degCent,10,0.535828025477707,0,19,None,66,1,5,False,1,1
5737,52,degCent,10,0.5362261146496815,0,19,None,66,1,5,False,1,1
5738,53,degCent,10,0.537718949044586,0,19,None,66,1,5,False,1,1
5739,54,degCent,10,0.5384156050955414,0,19,None,66,1,5,False,1,1
5740,50,degCent,10,0.6236066878980892,0,20,None,66,1,5,False,1,1
5741,51,degCent,10,0.6144506369426752,0,20,None,66,1,5,False,1,1
5742,52,degCent,10,0.6142515923566879,0,20,None,66,1,5,False,1,1
5743,53,degCent,10,0.6159434713375797,0,20,None,66,1,5,False,1,1
5744,54,degCent,10,0.618531050955414,0,20,None,66,1,5,False,1,1
5745,50,degCent,10,0.4957205414012738,0,4,None,66,1,5,False,1,1
5746,51,degCent,10,0.4874601910828025,0,4,None,66,1,5,False,1,1
5747,52,degCent,10,0.4887539808917197,0,4,None,66,1,5,False,1,1
5748,53,degCent,10,0.4930334394904458,0,4,None,66,1,5,False,1,1
5749,54,degCent,10,0.4997014331210191,0,4,None,66,1,5,False,1,1
5750,50,degCent,10,0.4967157643312102,0,29,None,66,1,5,False,1,1
5751,51,degCent,10,0.4877587579617834,0,29,None,66,1,5,False,1,1
5752,52,degCent,10,0.4856687898089172,0,29,None,66,1,5,False,1,1
5753,53,degCent,10,0.4854697452229299,0,29,None,66,1,5,False,1,1
5754,54,degCent,10,0.486265923566879,0,29,None,66,1,5,False,1,1
5755,50,degCent,10,0.56140525477707,0,9,None,66,1,5,False,1,1
5756,51,degCent,10,0.5685708598726115,0,9,None,66,1,5,False,1,1
5757,52,degCent,10,0.5756369426751592,0,9,None,66,1,5,False,1,1
5758,53,degCent,10,0.5805135350318471,0,9,None,66,1,5,False,1,1
5759,54,degCent,10,0.5857882165605095,0,9,None,66,1,5,False,1,1
5760,50,degCent,10,0.5685708598726115,0,0,None,66,1,5,False,1,1
5761,51,degCent,10,0.5761345541401274,0,0,None,66,1,5,False,1,1
5762,52,degCent,10,0.5818073248407644,0,0,None,66,1,5,False,1,1
5763,53,degCent,10,0.5865843949044586,0,0,None,66,1,5,False,1,1
5764,54,degCent,10,0.5905652866242038,0,0,None,66,1,5,False,1,1
5765,50,degCent,10,0.5460788216560509,0,3,None,66,1,5,False,1,1
5766,51,degCent,10,0.5481687898089171,0,3,None,66,1,5,False,1,1
5767,52,degCent,10,0.5504578025477707,0,3,None,66,1,5,False,1,1
5768,53,degCent,10,0.5531449044585988,0,3,None,66,1,5,False,1,1
5769,54,degCent,10,0.556031050955414,0,3,None,66,1,5,False,1,1
5770,50,degCent,10,0.5624004777070064,0,28,None,66,1,5,False,1,1
5771,51,degCent,10,0.5573248407643312,0,28,None,66,1,5,False,1,1
5772,52,degCent,10,0.5577229299363057,0,28,None,66,1,5,False,1,1
5773,53,degCent,10,0.5608081210191083,0,28,None,66,1,5,False,1,1
5774,54,degCent,10,0.5631966560509554,0,28,None,66,1,5,False,1,1
7590,55,degCent,10,0.5631966560509554,0,1,None,66,1,5,False,1,1
7591,56,degCent,10,0.5902667197452229,0,1,None,66,1,5,False,1,1
7592,57,degCent,10,0.609375,0,1,None,66,1,5,False,1,1
7593,58,degCent,10,0.6220143312101911,0,1,None,66,1,5,False,1,1
7594,59,degCent,10,0.6342555732484076,0,1,None,66,1,5,False,1,1
7595,55,degCent,10,0.5392117834394905,0,2,None,66,1,5,False,1,1
7596,56,degCent,10,0.5148288216560509,0,2,None,66,1,5,False,1,1
7597,57,degCent,10,0.5075636942675159,0,2,None,66,1,5,False,1,1
7598,58,degCent,10,0.5109474522292994,0,2,None,66,1,5,False,1,1
7599,59,degCent,10,0.5159235668789809,0,2,None,66,1,5,False,1,1
7600,55,degCent,10,0.5805135350318471,0,15,None,66,1,5,False,1,1
7601,56,degCent,10,0.582703025477707,0,15,None,66,1,5,False,1,1
7602,57,degCent,10,0.5833996815286624,0,15,None,66,1,5,False,1,1
7603,58,degCent,10,0.5846934713375797,0,15,None,66,1,5,False,1,1
7604,59,degCent,10,0.5863853503184714,0,15,None,66,1,5,False,1,1
7605,55,degCent,10,0.6544585987261147,0,10,None,66,1,5,False,1,1
7606,56,degCent,10,0.6590366242038217,0,10,None,66,1,5,False,1,1
7607,57,degCent,10,0.6618232484076433,0,10,None,66,1,5,False,1,1
7608,58,degCent,10,0.6647093949044586,0,10,None,66,1,5,False,1,1
7609,59,degCent,10,0.6685907643312102,0,10,None,66,1,5,False,1,1
7610,55,degCent,10,0.6629179936305732,0,16,None,66,1,5,False,1,1
7611,56,degCent,10,0.667296974522293,0,16,None,66,1,5,False,1,1
7612,57,degCent,10,0.6697850318471338,0,16,None,66,1,5,False,1,1
7613,58,degCent,10,0.6732683121019108,0,16,None,66,1,5,False,1,1
7614,59,degCent,10,0.6763535031847133,0,16,None,66,1,5,False,1,1
7615,55,degCent,10,0.6219148089171974,0,11,None,66,1,5,False,1,1
7616,56,degCent,10,0.620421974522293,0,11,None,66,1,5,False,1,1
7617,57,degCent,10,0.6224124203821656,0,11,None,66,1,5,False,1,1
7618,58,degCent,10,0.6263933121019108,0,11,None,66,1,5,False,1,1
7619,59,degCent,10,0.6301751592356688,0,11,None,66,1,5,False,1,1
7620,55,degCent,10,0.5859872611464968,0,8,None,66,1,5,False,1,1
7621,56,degCent,10,0.5786226114649682,0,8,None,66,1,5,False,1,1
7622,57,degCent,10,0.5809116242038217,0,8,None,66,1,5,False,1,1
7623,58,degCent,10,0.5846934713375797,0,8,None,66,1,5,False,1,1
7624,59,degCent,10,0.5868829617834395,0,8,None,66,1,5,False,1,1
7625,55,degCent,10,0.6427149681528662,0,20,None,66,1,5,False,1,1
7626,56,degCent,10,0.6359474522292994,0,20,None,66,1,5,False,1,1
7627,57,degCent,10,0.6370421974522293,0,20,None,66,1,5,False,1,1
7628,58,degCent,10,0.6389331210191083,0,20,None,66,1,5,False,1,1
7629,59,degCent,10,0.6401273885350318,0,20,None,66,1,5,False,1,1
7630,55,degCent,10,0.539609872611465,0,19,None,66,1,5,False,1,1
7631,56,degCent,10,0.5386146496815286,0,19,None,66,1,5,False,1,1
7632,57,degCent,10,0.5394108280254777,0,19,None,66,1,5,False,1,1
7633,58,degCent,10,0.5397093949044586,0,19,None,66,1,5,False,1,1
7634,59,degCent,10,0.5398089171974523,0,19,None,66,1,5,False,1,1
7635,55,degCent,10,0.5758359872611465,0,23,None,66,1,5,False,1,1
7636,56,degCent,10,0.5820063694267515,0,23,None,66,1,5,False,1,1
7637,57,degCent,10,0.5859872611464968,0,23,None,66,1,5,False,1,1
7638,58,degCent,10,0.5916600318471338,0,23,None,66,1,5,False,1,1
7639,59,degCent,10,0.5971337579617835,0,23,None,66,1,5,False,1,1
7640,55,degCent,10,0.6267914012738853,0,17,None,66,1,5,False,1,1
7641,56,degCent,10,0.6317675159235668,0,17,None,66,1,5,False,1,1
7642,57,degCent,10,0.6353503184713376,0,17,None,66,1,5,False,1,1
7643,58,degCent,10,0.6381369426751592,0,17,None,66,1,5,False,1,1
7644,59,degCent,10,0.6401273885350318,0,17,None,66,1,5,False,1,1
7645,55,degCent,10,0.6311703821656051,0,21,None,66,1,5,False,1,1
7646,56,degCent,10,0.6344546178343949,0,21,None,66,1,5,False,1,1
7647,57,degCent,10,0.6393312101910829,0,21,None,66,1,5,False,1,1
7648,58,degCent,10,0.6448049363057324,0,21,None,66,1,5,False,1,1
7649,59,degCent,10,0.6461982484076433,0,21,None,66,1,5,False,1,1
7650,55,degCent,10,0.5668789808917197,0,24,None,66,1,5,False,1,1
7651,56,degCent,10,0.5788216560509554,0,24,None,66,1,5,False,1,1
7652,57,degCent,10,0.5876791401273885,0,24,None,66,1,5,False,1,1
7653,58,degCent,10,0.5974323248407644,0,24,None,66,1,5,False,1,1
7654,59,degCent,10,0.6027070063694268,0,24,None,66,1,5,False,1,1
7655,55,degCent,10,0.5869824840764332,0,28,None,66,1,5,False,1,1
7656,56,degCent,10,0.5796178343949044,0,28,None,66,1,5,False,1,1
7657,57,degCent,10,0.5795183121019108,0,28,None,66,1,5,False,1,1
7658,58,degCent,10,0.5802149681528662,0,28,None,66,1,5,False,1,1
7659,59,degCent,10,0.582703025477707,0,28,None,66,1,5,False,1,1
7660,55,degCent,10,0.5833996815286624,0,9,None,66,1,5,False,1,1
7661,56,degCent,10,0.588077229299363,0,9,None,66,1,5,False,1,1
7662,57,degCent,10,0.5923566878980892,0,9,None,66,1,5,False,1,1
7663,58,degCent,10,0.5955414012738853,0,9,None,66,1,5,False,1,1
7664,59,degCent,10,0.5988256369426752,0,9,None,66,1,5,False,1,1
7665,55,degCent,10,0.5909633757961783,0,0,None,66,1,5,False,1,1
7666,56,degCent,10,0.5979299363057324,0,0,None,66,1,5,False,1,1
7667,57,degCent,10,0.6022093949044586,0,0,None,66,1,5,False,1,1
7668,58,degCent,10,0.6053941082802548,0,0,None,66,1,5,False,1,1
7669,59,degCent,10,0.6099721337579618,0,0,None,66,1,5,False,1,1
7670,55,degCent,10,0.5314490445859873,0,29,None,66,1,5,False,1,1
7671,56,degCent,10,0.5225915605095541,0,29,None,66,1,5,False,1,1
7672,57,degCent,10,0.5184116242038217,0,29,None,66,1,5,False,1,1
7673,58,degCent,10,0.5174164012738853,0,29,None,66,1,5,False,1,1
7674,59,degCent,10,0.5182125796178344,0,29,None,66,1,5,False,1,1
7675,55,degCent,10,0.5174164012738853,0,32,None,66,1,5,False,1,1
7676,56,degCent,10,0.5154259554140127,0,32,None,66,1,5,False,1,1
7677,57,degCent,10,0.5177149681528662,0,32,None,66,1,5,False,1,1
7678,58,degCent,10,0.5201035031847133,0,32,None,66,1,5,False,1,1
7679,59,degCent,10,0.5226910828025477,0,32,None,66,1,5,False,1,1
7680,55,degCent,10,0.628781847133758,0,5,None,66,1,5,False,1,1
7681,56,degCent,10,0.6252985668789809,0,5,None,66,1,5,False,1,1
7682,57,degCent,10,0.6267914012738853,0,5,None,66,1,5,False,1,1
7683,58,degCent,10,0.6278861464968153,0,5,None,66,1,5,False,1,1
7684,59,degCent,10,0.6288813694267515,0,5,None,66,1,5,False,1,1
7685,55,degCent,10,0.627687101910828,0,7,None,66,1,5,False,1,1
7686,56,degCent,10,0.6354498407643312,0,7,None,66,1,5,False,1,1
7687,57,degCent,10,0.6398288216560509,0,7,None,66,1,5,False,1,1
7688,58,degCent,10,0.6431130573248408,0,7,None,66,1,5,False,1,1
7689,59,degCent,10,0.6474920382165605,0,7,None,66,1,5,False,1,1
7690,55,degCent,10,0.6008160828025477,0,30,None,66,1,5,False,1,1
7691,56,degCent,10,0.6064888535031847,0,30,None,66,1,5,False,1,1
7692,57,degCent,10,0.6109673566878981,0,30,None,66,1,5,False,1,1
7693,58,degCent,10,0.6147492038216561,0,30,None,66,1,5,False,1,1
7694,59,degCent,10,0.6189291401273885,0,30,None,66,1,5,False,1,1
7695,55,degCent,10,0.3756966560509554,0,14,None,66,1,5,False,1,1
7696,56,degCent,10,0.3811703821656051,0,14,None,66,1,5,False,1,1
7697,57,degCent,10,0.3854498407643312,0,14,None,66,1,5,False,1,1
7698,58,degCent,10,0.3877388535031847,0,14,None,66,1,5,False,1,1
7699,59,degCent,10,0.3913216560509554,0,14,None,66,1,5,False,1,1
7700,55,degCent,10,0.6537619426751592,0,22,None,66,1,5,False,1,1
7701,56,degCent,10,0.6558519108280255,0,22,None,66,1,5,False,1,1
7702,57,degCent,10,0.6574442675159236,0,22,None,66,1,5,False,1,1
7703,58,degCent,10,0.6587380573248408,0,22,None,66,1,5,False,1,1
7704,59,degCent,10,0.6605294585987261,0,22,None,66,1,5,False,1,1
7705,55,degCent,10,0.5076632165605095,0,4,None,66,1,5,False,1,1
7706,56,degCent,10,0.5021894904458599,0,4,None,66,1,5,False,1,1
7707,57,degCent,10,0.5055732484076433,0,4,None,66,1,5,False,1,1
7708,58,degCent,10,0.5107484076433121,0,4,None,66,1,5,False,1,1
7709,59,degCent,10,0.51453025477707,0,4,None,66,1,5,False,1,1
7710,55,degCent,10,0.6096735668789809,0,6,None,66,1,5,False,1,1
7711,56,degCent,10,0.6125597133757962,0,6,None,66,1,5,False,1,1
7712,57,degCent,10,0.6141520700636943,0,6,None,66,1,5,False,1,1
7713,58,degCent,10,0.6169386942675159,0,6,None,66,1,5,False,1,1
7714,59,degCent,10,0.6198248407643312,0,6,None,66,1,5,False,1,1
7715,55,degCent,10,0.5588176751592356,0,3,None,66,1,5,False,1,1
7716,56,degCent,10,0.5623009554140127,0,3,None,66,1,5,False,1,1
7717,57,degCent,10,0.5666799363057324,0,3,None,66,1,5,False,1,1
7718,58,degCent,10,0.5692675159235668,0,3,None,66,1,5,False,1,1
7719,59,degCent,10,0.572452229299363,0,3,None,66,1,5,False,1,1
7720,55,degCent,10,0.6437101910828026,0,12,None,66,1,5,False,1,1
7721,56,degCent,10,0.648984872611465,0,12,None,66,1,5,False,1,1
7722,57,degCent,10,0.6519705414012739,0,12,None,66,1,5,False,1,1
7723,58,degCent,10,0.6530652866242038,0,12,None,66,1,5,False,1,1
7724,59,degCent,10,0.6568471337579618,0,12,None,66,1,5,False,1,1
7725,55,degCent,10,0.6170382165605095,0,13,None,66,1,5,False,1,1
7726,56,degCent,10,0.6222133757961783,0,13,None,66,1,5,False,1,1
7727,57,degCent,10,0.6261942675159236,0,13,None,66,1,5,False,1,1
7728,58,degCent,10,0.630672770700637,0,13,None,66,1,5,False,1,1
7729,59,degCent,10,0.6358479299363057,0,13,None,66,1,5,False,1,1
7730,55,degCent,10,0.5955414012738853,0,25,None,66,1,5,False,1,1
7731,56,degCent,10,0.578125,0,25,None,66,1,5,False,1,1
7732,57,degCent,10,0.5807125796178344,0,25,None,66,1,5,False,1,1
7733,58,degCent,10,0.5848925159235668,0,25,None,66,1,5,False,1,1
7734,59,degCent,10,0.5898686305732485,0,25,None,66,1,5,False,1,1
7735,55,degCent,10,0.5586186305732485,0,26,None,66,1,5,False,1,1
7736,56,degCent,10,0.5573248407643312,0,26,None,66,1,5,False,1,1
7737,57,degCent,10,0.5595143312101911,0,26,None,66,1,5,False,1,1
7738,58,degCent,10,0.5621019108280255,0,26,None,66,1,5,False,1,1
7739,59,degCent,10,0.564390923566879,0,26,None,66,1,5,False,1,1
7740,60,degCent,10,0.6616242038216561,0,22,None,66,1,5,False,1,1
7741,61,degCent,10,0.6629179936305732,0,22,None,66,1,5,False,1,1
7742,62,degCent,10,0.6651074840764332,0,22,None,66,1,5,False,1,1
7743,63,degCent,10,0.6649084394904459,0,22,None,66,1,5,False,1,1
7744,64,degCent,10,0.665406050955414,0,22,None,66,1,5,False,1,1
7745,60,degCent,10,0.5327428343949044,0,32,None,66,1,5,False,1,1
7746,61,degCent,10,0.5300557324840764,0,32,None,66,1,5,False,1,1
7747,62,degCent,10,0.5320461783439491,0,32,None,66,1,5,False,1,1
7748,63,degCent,10,0.533937101910828,0,32,None,66,1,5,False,1,1
7749,64,degCent,10,0.535828025477707,0,32,None,66,1,5,False,1,1
7750,60,degCent,10,0.3918192675159235,0,14,None,66,1,5,False,1,1
7751,61,degCent,10,0.3885350318471338,0,14,None,66,1,5,False,1,1
7752,62,degCent,10,0.3918192675159235,0,14,None,66,1,5,False,1,1
7753,63,degCent,10,0.3938097133757962,0,14,None,66,1,5,False,1,1
7754,64,degCent,10,0.3957006369426751,0,14,None,66,1,5,False,1,1
7755,60,degCent,10,0.5751393312101911,0,26,None,66,1,5,False,1,1
7756,61,degCent,10,0.5750398089171974,0,26,None,66,1,5,False,1,1
7757,62,degCent,10,0.5768312101910829,0,26,None,66,1,5,False,1,1
7758,63,degCent,10,0.5787221337579618,0,26,None,66,1,5,False,1,1
7759,64,degCent,10,0.5805135350318471,0,26,None,66,1,5,False,1,1
7760,60,degCent,10,0.6116640127388535,0,25,None,66,1,5,False,1,1
7761,61,degCent,10,0.5896695859872612,0,25,None,66,1,5,False,1,1
7762,62,degCent,10,0.5879777070063694,0,25,None,66,1,5,False,1,1
7763,63,degCent,10,0.5904657643312102,0,25,None,66,1,5,False,1,1
7764,64,degCent,10,0.5955414012738853,0,25,None,66,1,5,False,1,1
7765,55,degCent,10,0.6768511146496815,0,18,None,66,1,5,False,1,1
7766,56,degCent,10,0.6785429936305732,0,18,None,66,1,5,False,1,1
7767,57,degCent,10,0.6828224522292994,0,18,None,66,1,5,False,1,1
7768,58,degCent,10,0.6870023885350318,0,18,None,66,1,5,False,1,1
7769,59,degCent,10,0.6898885350318471,0,18,None,66,1,5,False,1,1
7770,55,degCent,10,0.6436106687898089,0,27,None,66,1,5,False,1,1
7771,56,degCent,10,0.645203025477707,0,27,None,66,1,5,False,1,1
7772,57,degCent,10,0.6484872611464968,0,27,None,66,1,5,False,1,1
7773,58,degCent,10,0.6525676751592356,0,27,None,66,1,5,False,1,1
7774,59,degCent,10,0.65515525477707,0,27,None,66,1,5,False,1,1
7775,55,degCent,10,0.6277866242038217,0,31,None,66,1,5,False,1,1
7776,56,degCent,10,0.6297770700636943,0,31,None,66,1,5,False,1,1
7777,57,degCent,10,0.6343550955414012,0,31,None,66,1,5,False,1,1
7778,58,degCent,10,0.6392316878980892,0,31,None,66,1,5,False,1,1
7779,59,degCent,10,0.6411226114649682,0,31,None,66,1,5,False,1,1
7780,60,degCent,10,0.6743630573248408,0,16,None,66,1,5,False,1,1
7781,61,degCent,10,0.6768511146496815,0,16,None,66,1,5,False,1,1
7782,62,degCent,10,0.6799363057324841,0,16,None,66,1,5,False,1,1
7783,63,degCent,10,0.6831210191082803,0,16,None,66,1,5,False,1,1
7784,64,degCent,10,0.6850119426751592,0,16,None,66,1,5,False,1,1
7785,60,degCent,10,0.6500796178343949,0,7,None,66,1,5,False,1,1
7786,61,degCent,10,0.6561504777070064,0,7,None,66,1,5,False,1,1
7787,62,degCent,10,0.6602308917197452,0,7,None,66,1,5,False,1,1
7788,63,degCent,10,0.6636146496815286,0,7,None,66,1,5,False,1,1
7789,64,degCent,10,0.6659036624203821,0,7,None,66,1,5,False,1,1
7790,60,degCent,10,0.6692874203821656,0,10,None,66,1,5,False,1,1
7791,61,degCent,10,0.6726711783439491,0,10,None,66,1,5,False,1,1
7792,62,degCent,10,0.675656847133758,0,10,None,66,1,5,False,1,1
7793,63,degCent,10,0.6765525477707006,0,10,None,66,1,5,False,1,1
7794,64,degCent,10,0.6788415605095541,0,10,None,66,1,5,False,1,1
7795,60,degCent,10,0.6384355095541401,0,11,None,66,1,5,False,1,1
7796,61,degCent,10,0.6385350318471338,0,11,None,66,1,5,False,1,1
7797,62,degCent,10,0.6399283439490446,0,11,None,66,1,5,False,1,1
7798,63,degCent,10,0.6441082802547771,0,11,None,66,1,5,False,1,1
7799,64,degCent,10,0.6473925159235668,0,11,None,66,1,5,False,1,1
7800,60,degCent,10,0.6554538216560509,0,12,None,66,1,5,False,1,1
7801,61,degCent,10,0.65734474522293,0,12,None,66,1,5,False,1,1
7802,62,degCent,10,0.6607285031847133,0,12,None,66,1,5,False,1,1
7803,63,degCent,10,0.6629179936305732,0,12,None,66,1,5,False,1,1
7804,64,degCent,10,0.6649084394904459,0,12,None,66,1,5,False,1,1
7805,60,degCent,10,0.5922571656050956,0,15,None,66,1,5,False,1,1
7806,61,degCent,10,0.5936504777070064,0,15,None,66,1,5,False,1,1
7807,62,degCent,10,0.5952428343949044,0,15,None,66,1,5,False,1,1
7808,63,degCent,10,0.5963375796178344,0,15,None,66,1,5,False,1,1
7809,64,degCent,10,0.5970342356687898,0,15,None,66,1,5,False,1,1
7810,60,degCent,10,0.6533638535031847,0,20,None,66,1,5,False,1,1
7811,61,degCent,10,0.6530652866242038,0,20,None,66,1,5,False,1,1
7812,62,degCent,10,0.6536624203821656,0,20,None,66,1,5,False,1,1
7813,63,degCent,10,0.6553542993630573,0,20,None,66,1,5,False,1,1
7814,64,degCent,10,0.65734474522293,0,20,None,66,1,5,False,1,1
7815,60,degCent,10,0.5567277070063694,0,19,None,66,1,5,False,1,1
7816,61,degCent,10,0.5477707006369427,0,19,None,66,1,5,False,1,1
7817,62,degCent,10,0.5452826433121019,0,19,None,66,1,5,False,1,1
7818,63,degCent,10,0.5434912420382165,0,19,None,66,1,5,False,1,1
7819,64,degCent,10,0.5437898089171974,0,19,None,66,1,5,False,1,1
7820,60,degCent,10,0.6906847133757962,0,18,None,66,1,5,False,1,1
7821,61,degCent,10,0.6935708598726115,0,18,None,66,1,5,False,1,1
7822,62,degCent,10,0.6961584394904459,0,18,None,66,1,5,False,1,1
7823,63,degCent,10,0.6996417197452229,0,18,None,66,1,5,False,1,1
7824,64,degCent,10,0.70203025477707,0,18,None,66,1,5,False,1,1
7825,60,degCent,10,0.6390326433121019,0,17,None,66,1,5,False,1,1
7826,61,degCent,10,0.6422173566878981,0,17,None,66,1,5,False,1,1
7827,62,degCent,10,0.6449044585987261,0,17,None,66,1,5,False,1,1
7828,63,degCent,10,0.647093949044586,0,17,None,66,1,5,False,1,1
7829,64,degCent,10,0.6495820063694268,0,17,None,66,1,5,False,1,1
7830,60,degCent,10,0.5921576433121019,0,24,None,66,1,5,False,1,1
7831,61,degCent,10,0.6017117834394905,0,24,None,66,1,5,False,1,1
7832,62,degCent,10,0.6087778662420382,0,24,None,66,1,5,False,1,1
7833,63,degCent,10,0.6133558917197452,0,24,None,66,1,5,False,1,1
7834,64,degCent,10,0.617734872611465,0,24,None,66,1,5,False,1,1
7835,60,degCent,10,0.6448049363057324,0,31,None,66,1,5,False,1,1
7836,61,degCent,10,0.6488853503184714,0,31,None,66,1,5,False,1,1
7837,62,degCent,10,0.6530652866242038,0,31,None,66,1,5,False,1,1
7838,63,degCent,10,0.6534633757961783,0,31,None,66,1,5,False,1,1
7839,64,degCent,10,0.6560509554140127,0,31,None,66,1,5,False,1,1
7840,60,degCent,10,0.6173367834394905,0,30,None,66,1,5,False,1,1
7841,61,degCent,10,0.6218152866242038,0,30,None,66,1,5,False,1,1
7842,62,degCent,10,0.6266918789808917,0,30,None,66,1,5,False,1,1
7843,63,degCent,10,0.6305732484076433,0,30,None,66,1,5,False,1,1
7844,64,degCent,10,0.6353503184713376,0,30,None,66,1,5,False,1,1
7845,60,degCent,10,0.6206210191082803,0,6,None,66,1,5,False,1,1
7846,61,degCent,10,0.62390525477707,0,6,None,66,1,5,False,1,1
7847,62,degCent,10,0.6267914012738853,0,6,None,66,1,5,False,1,1
7848,63,degCent,10,0.6283837579617835,0,6,None,66,1,5,False,1,1
7849,64,degCent,10,0.6299761146496815,0,6,None,66,1,5,False,1,1
7850,60,degCent,10,0.5767316878980892,0,1,None,66,1,5,False,1,1
7851,61,degCent,10,0.6004179936305732,0,1,None,66,1,5,False,1,1
7852,62,degCent,10,0.6228105095541401,0,1,None,66,1,5,False,1,1
7853,63,degCent,10,0.636046974522293,0,1,None,66,1,5,False,1,1
7854,64,degCent,10,0.646297770700637,0,1,None,66,1,5,False,1,1
7855,60,degCent,10,0.5590167197452229,0,2,None,66,1,5,False,1,1
7856,61,degCent,10,0.5351313694267515,0,2,None,66,1,5,False,1,1
7857,62,degCent,10,0.523984872611465,0,2,None,66,1,5,False,1,1
7858,63,degCent,10,0.5252786624203821,0,2,None,66,1,5,False,1,1
7859,64,degCent,10,0.5280652866242038,0,2,None,66,1,5,False,1,1
7860,60,degCent,10,0.6125597133757962,0,0,None,66,1,5,False,1,1
7861,61,degCent,10,0.6176353503184714,0,0,None,66,1,5,False,1,1
7862,62,degCent,10,0.6208200636942676,0,0,None,66,1,5,False,1,1
7863,63,degCent,10,0.6229100318471338,0,0,None,66,1,5,False,1,1
7864,64,degCent,10,0.6251990445859873,0,0,None,66,1,5,False,1,1
7865,60,degCent,10,0.5210987261146497,0,4,None,66,1,5,False,1,1
7866,61,degCent,10,0.5217953821656051,0,4,None,66,1,5,False,1,1
7867,62,degCent,10,0.5257762738853503,0,4,None,66,1,5,False,1,1
7868,63,degCent,10,0.5317476114649682,0,4,None,66,1,5,False,1,1
7869,64,degCent,10,0.5366242038216561,0,4,None,66,1,5,False,1,1
7870,60,degCent,10,0.5765326433121019,0,3,None,66,1,5,False,1,1
7871,61,degCent,10,0.5798168789808917,0,3,None,66,1,5,False,1,1
7872,62,degCent,10,0.5823049363057324,0,3,None,66,1,5,False,1,1
7873,63,degCent,10,0.584593949044586,0,3,None,66,1,5,False,1,1
7874,64,degCent,10,0.5869824840764332,0,3,None,66,1,5,False,1,1
7875,60,degCent,10,0.6423168789808917,0,5,None,66,1,5,False,1,1
7876,61,degCent,10,0.6393312101910829,0,5,None,66,1,5,False,1,1
7877,62,degCent,10,0.6409235668789809,0,5,None,66,1,5,False,1,1
7878,63,degCent,10,0.6428144904458599,0,5,None,66,1,5,False,1,1
7879,64,degCent,10,0.6439092356687898,0,5,None,66,1,5,False,1,1
7880,60,degCent,10,0.6024084394904459,0,8,None,66,1,5,False,1,1
7881,61,degCent,10,0.5992237261146497,0,8,None,66,1,5,False,1,1
7882,62,degCent,10,0.6007165605095541,0,8,None,66,1,5,False,1,1
7883,63,degCent,10,0.6025079617834395,0,8,None,66,1,5,False,1,1
7884,64,degCent,10,0.6044984076433121,0,8,None,66,1,5,False,1,1
7885,60,degCent,10,0.5970342356687898,0,9,None,66,1,5,False,1,1
7886,61,degCent,10,0.5999203821656051,0,9,None,66,1,5,False,1,1
7887,62,degCent,10,0.6034036624203821,0,9,None,66,1,5,False,1,1
7888,63,degCent,10,0.6068869426751592,0,9,None,66,1,5,False,1,1
7889,64,degCent,10,0.6075835987261147,0,9,None,66,1,5,False,1,1
7890,60,degCent,10,0.6378383757961783,0,13,None,66,1,5,False,1,1
7891,61,degCent,10,0.6428144904458599,0,13,None,66,1,5,False,1,1
7892,62,degCent,10,0.6468949044585988,0,13,None,66,1,5,False,1,1
7893,63,degCent,10,0.6492834394904459,0,13,None,66,1,5,False,1,1
7894,64,degCent,10,0.6513734076433121,0,13,None,66,1,5,False,1,1
7895,60,degCent,10,0.5955414012738853,0,23,None,66,1,5,False,1,1
7896,61,degCent,10,0.598328025477707,0,23,None,66,1,5,False,1,1
7897,62,degCent,10,0.6038017515923567,0,23,None,66,1,5,False,1,1
7898,63,degCent,10,0.6089769108280255,0,23,None,66,1,5,False,1,1
7899,64,degCent,10,0.6113654458598726,0,23,None,66,1,5,False,1,1
7900,60,degCent,10,0.65625,0,21,None,66,1,5,False,1,1
7901,61,degCent,10,0.6570461783439491,0,21,None,66,1,5,False,1,1
7902,62,degCent,10,0.6590366242038217,0,21,None,66,1,5,False,1,1
7903,63,degCent,10,0.6595342356687898,0,21,None,66,1,5,False,1,1
7904,64,degCent,10,0.6632165605095541,0,21,None,66,1,5,False,1,1
7905,60,degCent,10,0.6034036624203821,0,28,None,66,1,5,False,1,1
7906,61,degCent,10,0.5982285031847133,0,28,None,66,1,5,False,1,1
7907,62,degCent,10,0.5986265923566879,0,28,None,66,1,5,False,1,1
7908,63,degCent,10,0.5997213375796179,0,28,None,66,1,5,False,1,1
7909,64,degCent,10,0.6011146496815286,0,28,None,66,1,5,False,1,1
7910,60,degCent,10,0.6500796178343949,0,27,None,66,1,5,False,1,1
7911,61,degCent,10,0.6515724522292994,0,27,None,66,1,5,False,1,1
7912,62,degCent,10,0.6546576433121019,0,27,None,66,1,5,False,1,1
7913,63,degCent,10,0.6579418789808917,0,27,None,66,1,5,False,1,1
7914,64,degCent,10,0.660828025477707,0,27,None,66,1,5,False,1,1
7915,60,degCent,10,0.5603105095541401,0,29,None,66,1,5,False,1,1
7916,61,degCent,10,0.5494625796178344,0,29,None,66,1,5,False,1,1
7917,62,degCent,10,0.5458797770700637,0,29,None,66,1,5,False,1,1
7918,63,degCent,10,0.5452826433121019,0,29,None,66,1,5,False,1,1
7919,64,degCent,10,0.5450835987261147,0,29,None,66,1,5,False,1,1
10065,65,degCent,10,0.5816082802547771,0,1,None,66,1,5,False,1,1
10066,66,degCent,10,0.6090764331210191,0,1,None,66,1,5,False,1,1
10067,67,degCent,10,0.6328622611464968,0,1,None,66,1,5,False,1,1
10068,68,degCent,10,0.645203025477707,0,1,None,66,1,5,False,1,1
10069,69,degCent,10,0.6544585987261147,0,1,None,66,1,5,False,1,1
10070,65,degCent,10,0.5736464968152867,0,2,None,66,1,5,False,1,1
10071,66,degCent,10,0.5492635350318471,0,2,None,66,1,5,False,1,1
10072,67,degCent,10,0.5353304140127388,0,2,None,66,1,5,False,1,1
10073,68,degCent,10,0.5343351910828026,0,2,None,66,1,5,False,1,1
10074,69,degCent,10,0.537718949044586,0,2,None,66,1,5,False,1,1
10075,65,degCent,10,0.6597332802547771,0,5,None,66,1,5,False,1,1
10076,66,degCent,10,0.6567476114649682,0,5,None,66,1,5,False,1,1
10077,67,degCent,10,0.6570461783439491,0,5,None,66,1,5,False,1,1
10078,68,degCent,10,0.6590366242038217,0,5,None,66,1,5,False,1,1
10079,69,degCent,10,0.6597332802547771,0,5,None,66,1,5,False,1,1
10080,65,degCent,10,0.6557523885350318,0,13,None,66,1,5,False,1,1
10081,66,degCent,10,0.658140923566879,0,13,None,66,1,5,False,1,1
10082,67,degCent,10,0.6591361464968153,0,13,None,66,1,5,False,1,1
10083,68,degCent,10,0.6618232484076433,0,13,None,66,1,5,False,1,1
10084,69,degCent,10,0.6638136942675159,0,13,None,66,1,5,False,1,1
10085,65,degCent,10,0.6019108280254777,0,15,None,66,1,5,False,1,1
10086,66,degCent,10,0.6042993630573248,0,15,None,66,1,5,False,1,1
10087,67,degCent,10,0.6049960191082803,0,15,None,66,1,5,False,1,1
10088,68,degCent,10,0.605593152866242,0,15,None,66,1,5,False,1,1
10089,69,degCent,10,0.6064888535031847,0,15,None,66,1,5,False,1,1
10090,65,degCent,10,0.6086783439490446,0,8,None,66,1,5,False,1,1
10091,66,degCent,10,0.6030055732484076,0,8,None,66,1,5,False,1,1
10092,67,degCent,10,0.6060907643312102,0,8,None,66,1,5,False,1,1
10093,68,degCent,10,0.60828025477707,0,8,None,66,1,5,False,1,1
10094,69,degCent,10,0.6097730891719745,0,8,None,66,1,5,False,1,1
10095,65,degCent,10,0.6634156050955414,0,20,None,66,1,5,False,1,1
10096,66,degCent,10,0.661922770700637,0,20,None,66,1,5,False,1,1
10097,67,degCent,10,0.6636146496815286,0,20,None,66,1,5,False,1,1
10098,68,degCent,10,0.6663017515923567,0,20,None,66,1,5,False,1,1
10099,69,degCent,10,0.6679936305732485,0,20,None,66,1,5,False,1,1
10100,65,degCent,10,0.5647890127388535,0,19,None,66,1,5,False,1,1
10101,66,degCent,10,0.5532444267515924,0,19,None,66,1,5,False,1,1
10102,67,degCent,10,0.5512539808917197,0,19,None,66,1,5,False,1,1
10103,68,degCent,10,0.5498606687898089,0,19,None,66,1,5,False,1,1
10104,69,degCent,10,0.5490644904458599,0,19,None,66,1,5,False,1,1
10105,65,degCent,10,0.6660031847133758,0,22,None,66,1,5,False,1,1
10106,66,degCent,10,0.6671974522292994,0,22,None,66,1,5,False,1,1
10107,67,degCent,10,0.6677945859872612,0,22,None,66,1,5,False,1,1
10108,68,degCent,10,0.6686902866242038,0,22,None,66,1,5,False,1,1
10109,69,degCent,10,0.6689888535031847,0,22,None,66,1,5,False,1,1
10110,65,degCent,10,0.4132165605095541,0,14,None,66,1,5,False,1,1
10111,66,degCent,10,0.4029657643312102,0,14,None,66,1,5,False,1,1
10112,67,degCent,10,0.399781050955414,0,14,None,66,1,5,False,1,1
10113,68,degCent,10,0.3987858280254777,0,14,None,66,1,5,False,1,1
10114,69,degCent,10,0.4013734076433121,0,14,None,66,1,5,False,1,1
10115,65,degCent,10,0.6034036624203821,0,23,None,66,1,5,False,1,1
10116,66,degCent,10,0.609375,0,23,None,66,1,5,False,1,1
10117,67,degCent,10,0.6126592356687898,0,23,None,66,1,5,False,1,1
10118,68,degCent,10,0.6148487261146497,0,23,None,66,1,5,False,1,1
10119,69,degCent,10,0.6176353503184714,0,23,None,66,1,5,False,1,1
10120,65,degCent,10,0.6596337579617835,0,21,None,66,1,5,False,1,1
10121,66,degCent,10,0.6603304140127388,0,21,None,66,1,5,False,1,1
10122,67,degCent,10,0.6626194267515924,0,21,None,66,1,5,False,1,1
10123,68,degCent,10,0.6642117834394905,0,21,None,66,1,5,False,1,1
10124,69,degCent,10,0.6666003184713376,0,21,None,66,1,5,False,1,1
10125,65,degCent,10,0.6293789808917197,0,25,None,66,1,5,False,1,1
10126,66,degCent,10,0.6103702229299363,0,25,None,66,1,5,False,1,1
10127,67,degCent,10,0.6063893312101911,0,25,None,66,1,5,False,1,1
10128,68,degCent,10,0.6069864649681529,0,25,None,66,1,5,False,1,1
10129,69,degCent,10,0.6090764331210191,0,25,None,66,1,5,False,1,1
10130,65,degCent,10,0.5946457006369427,0,26,None,66,1,5,False,1,1
10131,66,degCent,10,0.5927547770700637,0,26,None,66,1,5,False,1,1
10132,67,degCent,10,0.5931528662420382,0,26,None,66,1,5,False,1,1
10133,68,degCent,10,0.5946457006369427,0,26,None,66,1,5,False,1,1
10134,69,degCent,10,0.5965366242038217,0,26,None,66,1,5,False,1,1
10135,65,degCent,10,0.6596337579617835,0,12,None,66,1,5,False,1,1
10136,66,degCent,10,0.6639132165605095,0,12,None,66,1,5,False,1,1
10137,67,degCent,10,0.6660031847133758,0,12,None,66,1,5,False,1,1
10138,68,degCent,10,0.6682921974522293,0,12,None,66,1,5,False,1,1
10139,69,degCent,10,0.6703821656050956,0,12,None,66,1,5,False,1,1
10140,65,degCent,10,0.6069864649681529,0,24,None,66,1,5,False,1,1
10141,66,degCent,10,0.6144506369426752,0,24,None,66,1,5,False,1,1
10142,67,degCent,10,0.6184315286624203,0,24,None,66,1,5,False,1,1
10143,68,degCent,10,0.6218152866242038,0,24,None,66,1,5,False,1,1
10144,69,degCent,10,0.6250995222929936,0,24,None,66,1,5,False,1,1
10145,65,degCent,10,0.5773288216560509,0,29,None,66,1,5,False,1,1
10146,66,degCent,10,0.5684713375796179,0,29,None,66,1,5,False,1,1
10147,67,degCent,10,0.5652866242038217,0,29,None,66,1,5,False,1,1
10148,68,degCent,10,0.5639928343949044,0,29,None,66,1,5,False,1,1
10149,69,degCent,10,0.5642914012738853,0,29,None,66,1,5,False,1,1
10150,65,degCent,10,0.6065883757961783,0,9,None,66,1,5,False,1,1
10151,66,degCent,10,0.6102707006369427,0,9,None,66,1,5,False,1,1
10152,67,degCent,10,0.6123606687898089,0,9,None,66,1,5,False,1,1
10153,68,degCent,10,0.6145501592356688,0,9,None,66,1,5,False,1,1
10154,69,degCent,10,0.6159434713375797,0,9,None,66,1,5,False,1,1
10155,65,degCent,10,0.660828025477707,0,31,None,66,1,5,False,1,1
10156,66,degCent,10,0.6644108280254777,0,31,None,66,1,5,False,1,1
10157,67,degCent,10,0.6665007961783439,0,31,None,66,1,5,False,1,1
10158,68,degCent,10,0.6663017515923567,0,31,None,66,1,5,False,1,1
10159,69,degCent,10,0.6685907643312102,0,31,None,66,1,5,False,1,1
10160,65,degCent,10,0.6937699044585988,0,18,None,66,1,5,False,1,1
10161,66,degCent,10,0.6959593949044586,0,18,None,66,1,5,False,1,1
10162,67,degCent,10,0.6994426751592356,0,18,None,66,1,5,False,1,1
10163,68,degCent,10,0.7024283439490446,0,18,None,66,1,5,False,1,1
10164,69,degCent,10,0.7057125796178344,0,18,None,66,1,5,False,1,1
10165,65,degCent,10,0.5366242038216561,0,4,None,66,1,5,False,1,1
10166,66,degCent,10,0.5420979299363057,0,4,None,66,1,5,False,1,1
10167,67,degCent,10,0.5459792993630573,0,4,None,66,1,5,False,1,1
10168,68,degCent,10,0.5518511146496815,0,4,None,66,1,5,False,1,1
10169,69,degCent,10,0.5542396496815286,0,4,None,66,1,5,False,1,1
10170,65,degCent,10,0.6665007961783439,0,7,None,66,1,5,False,1,1
10171,66,degCent,10,0.6702826433121019,0,7,None,66,1,5,False,1,1
10172,67,degCent,10,0.67296974522293,0,7,None,66,1,5,False,1,1
10173,68,degCent,10,0.6751592356687898,0,7,None,66,1,5,False,1,1
10174,69,degCent,10,0.6779458598726115,0,7,None,66,1,5,False,1,1
10175,65,degCent,10,0.6834195859872612,0,16,None,66,1,5,False,1,1
10176,66,degCent,10,0.6875995222929936,0,16,None,66,1,5,False,1,1
10177,67,degCent,10,0.6902866242038217,0,16,None,66,1,5,False,1,1
10178,68,degCent,10,0.692078025477707,0,16,None,66,1,5,False,1,1
10179,69,degCent,10,0.6950636942675159,0,16,None,66,1,5,False,1,1
10180,65,degCent,10,0.5486664012738853,0,32,None,66,1,5,False,1,1
10181,66,degCent,10,0.5437898089171974,0,32,None,66,1,5,False,1,1
10182,67,degCent,10,0.5448845541401274,0,32,None,66,1,5,False,1,1
10183,68,degCent,10,0.5470740445859873,0,32,None,66,1,5,False,1,1
10184,69,degCent,10,0.5481687898089171,0,32,None,66,1,5,False,1,1
10185,65,degCent,10,0.6517714968152867,0,11,None,66,1,5,False,1,1
10186,66,degCent,10,0.6510748407643312,0,11,None,66,1,5,False,1,1
10187,67,degCent,10,0.653562898089172,0,11,None,66,1,5,False,1,1
10188,68,degCent,10,0.6564490445859873,0,11,None,66,1,5,False,1,1
10189,69,degCent,10,0.6593351910828026,0,11,None,66,1,5,False,1,1
10190,65,degCent,10,0.6809315286624203,0,10,None,66,1,5,False,1,1
10191,66,degCent,10,0.6809315286624203,0,10,None,66,1,5,False,1,1
10192,67,degCent,10,0.6830214968152867,0,10,None,66,1,5,False,1,1
10193,68,degCent,10,0.6839171974522293,0,10,None,66,1,5,False,1,1
10194,69,degCent,10,0.6857085987261147,0,10,None,66,1,5,False,1,1
10195,65,degCent,10,0.6459992038216561,0,17,None,66,1,5,False,1,1
10196,66,degCent,10,0.6482882165605095,0,17,None,66,1,5,False,1,1
10197,67,degCent,10,0.6500796178343949,0,17,None,66,1,5,False,1,1
10198,68,degCent,10,0.6515724522292994,0,17,None,66,1,5,False,1,1
10199,69,degCent,10,0.6526671974522293,0,17,None,66,1,5,False,1,1
10200,65,degCent,10,0.6321656050955414,0,0,None,66,1,5,False,1,1
10201,66,degCent,10,0.6345541401273885,0,0,None,66,1,5,False,1,1
10202,67,degCent,10,0.6370421974522293,0,0,None,66,1,5,False,1,1
10203,68,degCent,10,0.6386345541401274,0,0,None,66,1,5,False,1,1
10204,69,degCent,10,0.6407245222929936,0,0,None,66,1,5,False,1,1
10205,65,degCent,10,0.5908638535031847,0,3,None,66,1,5,False,1,1
10206,66,degCent,10,0.5925557324840764,0,3,None,66,1,5,False,1,1
10207,67,degCent,10,0.5957404458598726,0,3,None,66,1,5,False,1,1
10208,68,degCent,10,0.5991242038216561,0,3,None,66,1,5,False,1,1
10209,69,degCent,10,0.6019108280254777,0,3,None,66,1,5,False,1,1
10210,65,degCent,10,0.615047770700637,0,28,None,66,1,5,False,1,1
10211,66,degCent,10,0.6113654458598726,0,28,None,66,1,5,False,1,1
10212,67,degCent,10,0.6108678343949044,0,28,None,66,1,5,False,1,1
10213,68,degCent,10,0.6118630573248408,0,28,None,66,1,5,False,1,1
10214,69,degCent,10,0.6141520700636943,0,28,None,66,1,5,False,1,1
10215,65,degCent,10,0.6250995222929936,0,6,None,66,1,5,False,1,1
10216,66,degCent,10,0.6299761146496815,0,6,None,66,1,5,False,1,1
10217,67,degCent,10,0.6327627388535032,0,6,None,66,1,5,False,1,1
10218,68,degCent,10,0.6345541401273885,0,6,None,66,1,5,False,1,1
10219,69,degCent,10,0.636843152866242,0,6,None,66,1,5,False,1,1
10220,65,degCent,10,0.658140923566879,0,27,None,66,1,5,False,1,1
10221,66,degCent,10,0.6584394904458599,0,27,None,66,1,5,False,1,1
10222,67,degCent,10,0.661922770700637,0,27,None,66,1,5,False,1,1
10223,68,degCent,10,0.6645103503184714,0,27,None,66,1,5,False,1,1
10224,69,degCent,10,0.6667993630573248,0,27,None,66,1,5,False,1,1
10225,65,degCent,10,0.6339570063694268,0,30,None,66,1,5,False,1,1
10226,66,degCent,10,0.6382364649681529,0,30,None,66,1,5,False,1,1
10227,67,degCent,10,0.642515923566879,0,30,None,66,1,5,False,1,1
10228,68,degCent,10,0.6460987261146497,0,30,None,66,1,5,False,1,1
10229,69,degCent,10,0.6512738853503185,0,30,None,66,1,5,False,1,1
10230,70,degCent,10,0.6123606687898089,0,15,None,66,1,5,False,1,1
10231,71,degCent,10,0.6142515923566879,0,15,None,66,1,5,False,1,1
10232,72,degCent,10,0.6149482484076433,0,15,None,66,1,5,False,1,1
10233,73,degCent,10,0.6155453821656051,0,15,None,66,1,5,False,1,1
10234,74,degCent,10,0.6155453821656051,0,15,None,66,1,5,False,1,1
10235,70,degCent,10,0.664609872611465,0,11,None,66,1,5,False,1,1
10236,71,degCent,10,0.6643113057324841,0,11,None,66,1,5,False,1,1
10237,72,degCent,10,0.6663017515923567,0,11,None,66,1,5,False,1,1
10238,73,degCent,10,0.6698845541401274,0,11,None,66,1,5,False,1,1
10239,74,degCent,10,0.6725716560509554,0,11,None,66,1,5,False,1,1
10240,70,degCent,10,0.671875,0,20,None,66,1,5,False,1,1
10241,71,degCent,10,0.6723726114649682,0,20,None,66,1,5,False,1,1
10242,72,degCent,10,0.6736664012738853,0,20,None,66,1,5,False,1,1
10243,73,degCent,10,0.6757563694267515,0,20,None,66,1,5,False,1,1
10244,74,degCent,10,0.6780453821656051,0,20,None,66,1,5,False,1,1
10245,70,degCent,10,0.6894904458598726,0,10,None,66,1,5,False,1,1
10246,71,degCent,10,0.6880971337579618,0,10,None,66,1,5,False,1,1
10247,72,degCent,10,0.6891918789808917,0,10,None,66,1,5,False,1,1
10248,73,degCent,10,0.6910828025477707,0,10,None,66,1,5,False,1,1
10249,74,degCent,10,0.6926751592356688,0,10,None,66,1,5,False,1,1
10250,70,degCent,10,0.6952627388535032,0,16,None,66,1,5,False,1,1
10251,71,degCent,10,0.6994426751592356,0,16,None,66,1,5,False,1,1
10252,72,degCent,10,0.70203025477707,0,16,None,66,1,5,False,1,1
10253,73,degCent,10,0.7044187898089171,0,16,None,66,1,5,False,1,1
10254,74,degCent,10,0.7066082802547771,0,16,None,66,1,5,False,1,1
10255,70,degCent,10,0.6781449044585988,0,7,None,66,1,5,False,1,1
10256,71,degCent,10,0.6812300955414012,0,7,None,66,1,5,False,1,1
10257,72,degCent,10,0.6834195859872612,0,7,None,66,1,5,False,1,1
10258,73,degCent,10,0.6859076433121019,0,7,None,66,1,5,False,1,1
10259,74,degCent,10,0.6882961783439491,0,7,None,66,1,5,False,1,1
10260,70,degCent,10,0.5693670382165605,0,32,None,66,1,5,False,1,1
10261,71,degCent,10,0.551453025477707,0,32,None,66,1,5,False,1,1
10262,72,degCent,10,0.5516520700636943,0,32,None,66,1,5,False,1,1
10263,73,degCent,10,0.5538415605095541,0,32,None,66,1,5,False,1,1
10264,74,degCent,10,0.5549363057324841,0,32,None,66,1,5,False,1,1
10265,70,degCent,10,0.6373407643312102,0,25,None,66,1,5,False,1,1
10266,71,degCent,10,0.6194267515923567,0,25,None,66,1,5,False,1,1
10267,72,degCent,10,0.6144506369426752,0,25,None,66,1,5,False,1,1
10268,73,degCent,10,0.6134554140127388,0,25,None,66,1,5,False,1,1
10269,74,degCent,10,0.6144506369426752,0,25,None,66,1,5,False,1,1
10270,70,degCent,10,0.4284434713375796,0,14,None,66,1,5,False,1,1
10271,71,degCent,10,0.4194864649681528,0,14,None,66,1,5,False,1,1
10272,72,degCent,10,0.417296974522293,0,14,None,66,1,5,False,1,1
10273,73,degCent,10,0.4166003184713376,0,14,None,66,1,5,False,1,1
10274,74,degCent,10,0.4179936305732484,0,14,None,66,1,5,False,1,1
10275,70,degCent,10,0.6700835987261147,0,22,None,66,1,5,False,1,1
10276,71,degCent,10,0.6701831210191083,0,22,None,66,1,5,False,1,1
10277,72,degCent,10,0.6714769108280255,0,22,None,66,1,5,False,1,1
10278,73,degCent,10,0.6720740445859873,0,22,None,66,1,5,False,1,1
10279,74,degCent,10,0.6722730891719745,0,22,None,66,1,5,False,1,1
10280,70,degCent,10,0.650577229299363,0,17,None,66,1,5,False,1,1
10281,71,degCent,10,0.6522691082802548,0,17,None,66,1,5,False,1,1
10282,72,degCent,10,0.6547571656050956,0,17,None,66,1,5,False,1,1
10283,73,degCent,10,0.6563495222929936,0,17,None,66,1,5,False,1,1
10284,74,degCent,10,0.658140923566879,0,17,None,66,1,5,False,1,1
10285,70,degCent,10,0.5885748407643312,0,1,None,66,1,5,False,1,1
10286,71,degCent,10,0.617734872611465,0,1,None,66,1,5,False,1,1
10287,72,degCent,10,0.6391321656050956,0,1,None,66,1,5,False,1,1
10288,73,degCent,10,0.6541600318471338,0,1,None,66,1,5,False,1,1
10289,74,degCent,10,0.6620222929936306,0,1,None,66,1,5,False,1,1
10290,70,degCent,10,0.5839968152866242,0,2,None,66,1,5,False,1,1
10291,71,degCent,10,0.5581210191082803,0,2,None,66,1,5,False,1,1
10292,72,degCent,10,0.5453821656050956,0,2,None,66,1,5,False,1,1
10293,73,degCent,10,0.5434912420382165,0,2,None,66,1,5,False,1,1
10294,74,degCent,10,0.5471735668789809,0,2,None,66,1,5,False,1,1
10295,70,degCent,10,0.67296974522293,0,5,None,66,1,5,False,1,1
10296,71,degCent,10,0.6700835987261147,0,5,None,66,1,5,False,1,1
10297,72,degCent,10,0.6693869426751592,0,5,None,66,1,5,False,1,1
10298,73,degCent,10,0.669187898089172,0,5,None,66,1,5,False,1,1
10299,74,degCent,10,0.6702826433121019,0,5,None,66,1,5,False,1,1
10300,70,degCent,10,0.6071855095541401,0,3,None,66,1,5,False,1,1
10301,71,degCent,10,0.6083797770700637,0,3,None,66,1,5,False,1,1
10302,72,degCent,10,0.6097730891719745,0,3,None,66,1,5,False,1,1
10303,73,degCent,10,0.6128582802547771,0,3,None,66,1,5,False,1,1
10304,74,degCent,10,0.6147492038216561,0,3,None,66,1,5,False,1,1
10305,70,degCent,10,0.620421974522293,0,8,None,66,1,5,False,1,1
10306,71,degCent,10,0.6199243630573248,0,8,None,66,1,5,False,1,1
10307,72,degCent,10,0.6208200636942676,0,8,None,66,1,5,False,1,1
10308,73,degCent,10,0.6233081210191083,0,8,None,66,1,5,False,1,1
10309,74,degCent,10,0.6241042993630573,0,8,None,66,1,5,False,1,1
10310,70,degCent,10,0.6728702229299363,0,13,None,66,1,5,False,1,1
10311,71,degCent,10,0.6740644904458599,0,13,None,66,1,5,False,1,1
10312,72,degCent,10,0.675656847133758,0,13,None,66,1,5,False,1,1
10313,73,degCent,10,0.6772492038216561,0,13,None,66,1,5,False,1,1
10314,74,degCent,10,0.6795382165605095,0,13,None,66,1,5,False,1,1
10315,70,degCent,10,0.619327229299363,0,9,None,66,1,5,False,1,1
10316,71,degCent,10,0.6165406050955414,0,9,None,66,1,5,False,1,1
10317,72,degCent,10,0.617734872611465,0,9,None,66,1,5,False,1,1
10318,73,degCent,10,0.619327229299363,0,9,None,66,1,5,False,1,1
10319,74,degCent,10,0.6225119426751592,0,9,None,66,1,5,False,1,1
10320,70,degCent,10,0.6234076433121019,0,28,None,66,1,5,False,1,1
10321,71,degCent,10,0.6197253184713376,0,28,None,66,1,5,False,1,1
10322,72,degCent,10,0.6198248407643312,0,28,None,66,1,5,False,1,1
10323,73,degCent,10,0.6220143312101911,0,28,None,66,1,5,False,1,1
10324,74,degCent,10,0.625,0,28,None,66,1,5,False,1,1
10325,70,degCent,10,0.5966361464968153,0,29,None,66,1,5,False,1,1
10326,71,degCent,10,0.5873805732484076,0,29,None,66,1,5,False,1,1
10327,72,degCent,10,0.5871815286624203,0,29,None,66,1,5,False,1,1
10328,73,degCent,10,0.5861863057324841,0,29,None,66,1,5,False,1,1
10329,74,degCent,10,0.5869824840764332,0,29,None,66,1,5,False,1,1
10330,70,degCent,10,0.6495820063694268,0,30,None,66,1,5,False,1,1
10331,71,degCent,10,0.6546576433121019,0,30,None,66,1,5,False,1,1
10332,72,degCent,10,0.6584394904458599,0,30,None,66,1,5,False,1,1
10333,73,degCent,10,0.6634156050955414,0,30,None,66,1,5,False,1,1
10334,74,degCent,10,0.6673964968152867,0,30,None,66,1,5,False,1,1
10335,70,degCent,10,0.6991441082802548,0,18,None,66,1,5,False,1,1
10336,71,degCent,10,0.7019307324840764,0,18,None,66,1,5,False,1,1
10337,72,degCent,10,0.7037221337579618,0,18,None,66,1,5,False,1,1
10338,73,degCent,10,0.7070063694267515,0,18,None,66,1,5,False,1,1
10339,74,degCent,10,0.7102906050955414,0,18,None,66,1,5,False,1,1
10340,70,degCent,10,0.6632165605095541,0,27,None,66,1,5,False,1,1
10341,71,degCent,10,0.6650079617834395,0,27,None,66,1,5,False,1,1
10342,72,degCent,10,0.6674960191082803,0,27,None,66,1,5,False,1,1
10343,73,degCent,10,0.6696855095541401,0,27,None,66,1,5,False,1,1
10344,74,degCent,10,0.6716759554140127,0,27,None,66,1,5,False,1,1
10345,70,degCent,10,0.6753582802547771,0,31,None,66,1,5,False,1,1
10346,71,degCent,10,0.6806329617834395,0,31,None,66,1,5,False,1,1
10347,72,degCent,10,0.6808320063694268,0,31,None,66,1,5,False,1,1
10348,73,degCent,10,0.6826234076433121,0,31,None,66,1,5,False,1,1
10349,74,degCent,10,0.685609076433121,0,31,None,66,1,5,False,1,1
10350,70,degCent,10,0.6186305732484076,0,23,None,66,1,5,False,1,1
10351,71,degCent,10,0.6246019108280255,0,23,None,66,1,5,False,1,1
10352,72,degCent,10,0.6261942675159236,0,23,None,66,1,5,False,1,1
10353,73,degCent,10,0.6292794585987261,0,23,None,66,1,5,False,1,1
10354,74,degCent,10,0.6304737261146497,0,23,None,66,1,5,False,1,1
10355,70,degCent,10,0.5488654458598726,0,4,None,66,1,5,False,1,1
10356,71,degCent,10,0.559812898089172,0,4,None,66,1,5,False,1,1
10357,72,degCent,10,0.5597133757961783,0,4,None,66,1,5,False,1,1
10358,73,degCent,10,0.5645899681528662,0,4,None,66,1,5,False,1,1
10359,74,degCent,10,0.5669785031847133,0,4,None,66,1,5,False,1,1
10360,70,degCent,10,0.6676950636942676,0,12,None,66,1,5,False,1,1
10361,71,degCent,10,0.6701831210191083,0,12,None,66,1,5,False,1,1
10362,72,degCent,10,0.6730692675159236,0,12,None,66,1,5,False,1,1
10363,73,degCent,10,0.6750597133757962,0,12,None,66,1,5,False,1,1
10364,74,degCent,10,0.675656847133758,0,12,None,66,1,5,False,1,1
10365,70,degCent,10,0.6399283439490446,0,6,None,66,1,5,False,1,1
10366,71,degCent,10,0.6416202229299363,0,6,None,66,1,5,False,1,1
10367,72,degCent,10,0.6432125796178344,0,6,None,66,1,5,False,1,1
10368,73,degCent,10,0.6447054140127388,0,6,None,66,1,5,False,1,1
10369,74,degCent,10,0.6463972929936306,0,6,None,66,1,5,False,1,1
10370,70,degCent,10,0.6014132165605095,0,26,None,66,1,5,False,1,1
10371,71,degCent,10,0.598328025477707,0,26,None,66,1,5,False,1,1
10372,72,degCent,10,0.6003184713375797,0,26,None,66,1,5,False,1,1
10373,73,degCent,10,0.6007165605095541,0,26,None,66,1,5,False,1,1
10374,74,degCent,10,0.6012141719745223,0,26,None,66,1,5,False,1,1
10375,70,degCent,10,0.5669785031847133,0,19,None,66,1,5,False,1,1
10376,71,degCent,10,0.556827229299363,0,19,None,66,1,5,False,1,1
10377,72,degCent,10,0.5540406050955414,0,19,None,66,1,5,False,1,1
10378,73,degCent,10,0.5532444267515924,0,19,None,66,1,5,False,1,1
10379,74,degCent,10,0.5529458598726115,0,19,None,66,1,5,False,1,1
10380,70,degCent,10,0.6773487261146497,0,21,None,66,1,5,False,1,1
10381,71,degCent,10,0.6765525477707006,0,21,None,66,1,5,False,1,1
10382,72,degCent,10,0.6796377388535032,0,21,None,66,1,5,False,1,1
10383,73,degCent,10,0.6817277070063694,0,21,None,66,1,5,False,1,1
10384,74,degCent,10,0.6835191082802548,0,21,None,66,1,5,False,1,1
10385,70,degCent,10,0.6415207006369427,0,0,None,66,1,5,False,1,1
10386,71,degCent,10,0.6443073248407644,0,0,None,66,1,5,False,1,1
10387,72,degCent,10,0.6484872611464968,0,0,None,66,1,5,False,1,1
10388,73,degCent,10,0.6487858280254777,0,0,None,66,1,5,False,1,1
10389,74,degCent,10,0.651671974522293,0,0,None,66,1,5,False,1,1
10390,70,degCent,10,0.6174363057324841,0,24,None,66,1,5,False,1,1
10391,71,degCent,10,0.6224124203821656,0,24,None,66,1,5,False,1,1
10392,72,degCent,10,0.6258957006369427,0,24,None,66,1,5,False,1,1
10393,73,degCent,10,0.6296775477707006,0,24,None,66,1,5,False,1,1
10394,74,degCent,10,0.6329617834394905,0,24,None,66,1,5,False,1,1
12870,75,degCent,10,0.6831210191082803,0,13,None,66,1,5,False,1,1
12871,76,degCent,10,0.6843152866242038,0,13,None,66,1,5,False,1,1
12872,77,degCent,10,0.6868033439490446,0,13,None,66,1,5,False,1,1
12873,78,degCent,10,0.6880971337579618,0,13,None,66,1,5,False,1,1
12874,79,degCent,10,0.6894904458598726,0,13,None,66,1,5,False,1,1
12875,75,degCent,10,0.7029259554140127,0,16,None,66,1,5,False,1,1
12876,76,degCent,10,0.7048168789808917,0,16,None,66,1,5,False,1,1
12877,77,degCent,10,0.7067078025477707,0,16,None,66,1,5,False,1,1
12878,78,degCent,10,0.7089968152866242,0,16,None,66,1,5,False,1,1
12879,79,degCent,10,0.7115843949044586,0,16,None,66,1,5,False,1,1
12880,75,degCent,10,0.6282842356687898,0,8,None,66,1,5,False,1,1
12881,76,degCent,10,0.6277866242038217,0,8,None,66,1,5,False,1,1
12882,77,degCent,10,0.6296775477707006,0,8,None,66,1,5,False,1,1
12883,78,degCent,10,0.6312699044585988,0,8,None,66,1,5,False,1,1
12884,79,degCent,10,0.6327627388535032,0,8,None,66,1,5,False,1,1
12885,75,degCent,10,0.5652866242038217,0,19,None,66,1,5,False,1,1
12886,76,degCent,10,0.5585191082802548,0,19,None,66,1,5,False,1,1
12887,77,degCent,10,0.5573248407643312,0,19,None,66,1,5,False,1,1
12888,78,degCent,10,0.5564291401273885,0,19,None,66,1,5,False,1,1
12889,79,degCent,10,0.556827229299363,0,19,None,66,1,5,False,1,1
12890,75,degCent,10,0.4418789808917197,0,14,None,66,1,5,False,1,1
12891,76,degCent,10,0.4397890127388535,0,14,None,66,1,5,False,1,1
12892,77,degCent,10,0.4375,0,14,None,66,1,5,False,1,1
12893,78,degCent,10,0.4351114649681528,0,14,None,66,1,5,False,1,1
12894,79,degCent,10,0.4402866242038216,0,14,None,66,1,5,False,1,1
12895,75,degCent,10,0.6732683121019108,0,22,None,66,1,5,False,1,1
12896,76,degCent,10,0.6738654458598726,0,22,None,66,1,5,False,1,1
12897,77,degCent,10,0.673765923566879,0,22,None,66,1,5,False,1,1
12898,78,degCent,10,0.673765923566879,0,22,None,66,1,5,False,1,1
12899,79,degCent,10,0.6740644904458599,0,22,None,66,1,5,False,1,1
12900,75,degCent,10,0.6292794585987261,0,23,None,66,1,5,False,1,1
12901,76,degCent,10,0.6336584394904459,0,23,None,66,1,5,False,1,1
12902,77,degCent,10,0.636046974522293,0,23,None,66,1,5,False,1,1
12903,78,degCent,10,0.6389331210191083,0,23,None,66,1,5,False,1,1
12904,79,degCent,10,0.6413216560509554,0,23,None,66,1,5,False,1,1
12905,75,degCent,10,0.689390923566879,0,21,None,66,1,5,False,1,1
12906,76,degCent,10,0.6878980891719745,0,21,None,66,1,5,False,1,1
12907,77,degCent,10,0.6890923566878981,0,21,None,66,1,5,False,1,1
12908,78,degCent,10,0.6918789808917197,0,21,None,66,1,5,False,1,1
12909,79,degCent,10,0.6914808917197452,0,21,None,66,1,5,False,1,1
12910,75,degCent,10,0.6463972929936306,0,25,None,66,1,5,False,1,1
12911,76,degCent,10,0.6289808917197452,0,25,None,66,1,5,False,1,1
12912,77,degCent,10,0.6241042993630573,0,25,None,66,1,5,False,1,1
12913,78,degCent,10,0.6230095541401274,0,25,None,66,1,5,False,1,1
12914,79,degCent,10,0.6218152866242038,0,25,None,66,1,5,False,1,1
12915,75,degCent,10,0.629578025477707,0,24,None,66,1,5,False,1,1
12916,76,degCent,10,0.6340565286624203,0,24,None,66,1,5,False,1,1
12917,77,degCent,10,0.6380374203821656,0,24,None,66,1,5,False,1,1
12918,78,degCent,10,0.6414211783439491,0,24,None,66,1,5,False,1,1
12919,79,degCent,10,0.6436106687898089,0,24,None,66,1,5,False,1,1
12920,75,degCent,10,0.6115644904458599,0,29,None,66,1,5,False,1,1
12921,76,degCent,10,0.6048964968152867,0,29,None,66,1,5,False,1,1
12922,77,degCent,10,0.6046974522292994,0,29,None,66,1,5,False,1,1
12923,78,degCent,10,0.6041003184713376,0,29,None,66,1,5,False,1,1
12924,79,degCent,10,0.6043988853503185,0,29,None,66,1,5,False,1,1
12925,75,degCent,10,0.6602308917197452,0,30,None,66,1,5,False,1,1
12926,76,degCent,10,0.6642117834394905,0,30,None,66,1,5,False,1,1
12927,77,degCent,10,0.6689888535031847,0,30,None,66,1,5,False,1,1
12928,78,degCent,10,0.673765923566879,0,30,None,66,1,5,False,1,1
12929,79,degCent,10,0.6765525477707006,0,30,None,66,1,5,False,1,1
12930,75,degCent,10,0.6858081210191083,0,31,None,66,1,5,False,1,1
12931,76,degCent,10,0.6887937898089171,0,31,None,66,1,5,False,1,1
12932,77,degCent,10,0.6905851910828026,0,31,None,66,1,5,False,1,1
12933,78,degCent,10,0.693172770700637,0,31,None,66,1,5,False,1,1
12934,79,degCent,10,0.6938694267515924,0,31,None,66,1,5,False,1,1
12935,75,degCent,10,0.6742635350318471,0,27,None,66,1,5,False,1,1
12936,76,degCent,10,0.6760549363057324,0,27,None,66,1,5,False,1,1
12937,77,degCent,10,0.6782444267515924,0,27,None,66,1,5,False,1,1
12938,78,degCent,10,0.6817277070063694,0,27,None,66,1,5,False,1,1
12939,79,degCent,10,0.6839171974522293,0,27,None,66,1,5,False,1,1
12940,75,degCent,10,0.5731488853503185,0,32,None,66,1,5,False,1,1
12941,76,degCent,10,0.5668789808917197,0,32,None,66,1,5,False,1,1
12942,77,degCent,10,0.5666799363057324,0,32,None,66,1,5,False,1,1
12943,78,degCent,10,0.5684713375796179,0,32,None,66,1,5,False,1,1
12944,79,degCent,10,0.5696656050955414,0,32,None,66,1,5,False,1,1
12945,75,degCent,10,0.5947452229299363,0,1,None,66,1,5,False,1,1
12946,76,degCent,10,0.6264928343949044,0,1,None,66,1,5,False,1,1
12947,77,degCent,10,0.6472929936305732,0,1,None,66,1,5,False,1,1
12948,78,degCent,10,0.6621218152866242,0,1,None,66,1,5,False,1,1
12949,79,degCent,10,0.6704816878980892,0,1,None,66,1,5,False,1,1
12950,75,degCent,10,0.5922571656050956,0,2,None,66,1,5,False,1,1
12951,76,degCent,10,0.5673765923566879,0,2,None,66,1,5,False,1,1
12952,77,degCent,10,0.5535429936305732,0,2,None,66,1,5,False,1,1
12953,78,degCent,10,0.5517515923566879,0,2,None,66,1,5,False,1,1
12954,79,degCent,10,0.5540406050955414,0,2,None,66,1,5,False,1,1
12955,75,degCent,10,0.56140525477707,0,4,None,66,1,5,False,1,1
12956,76,degCent,10,0.5701632165605095,0,4,None,66,1,5,False,1,1
12957,77,degCent,10,0.5721536624203821,0,4,None,66,1,5,False,1,1
12958,78,degCent,10,0.5755374203821656,0,4,None,66,1,5,False,1,1
12959,79,degCent,10,0.575437898089172,0,4,None,66,1,5,False,1,1
12960,75,degCent,10,0.6534633757961783,0,0,None,66,1,5,False,1,1
12961,76,degCent,10,0.6561504777070064,0,0,None,66,1,5,False,1,1
12962,77,degCent,10,0.6579418789808917,0,0,None,66,1,5,False,1,1
12963,78,degCent,10,0.6596337579617835,0,0,None,66,1,5,False,1,1
12964,79,degCent,10,0.6607285031847133,0,0,None,66,1,5,False,1,1
12965,75,degCent,10,0.6830214968152867,0,5,None,66,1,5,False,1,1
12966,76,degCent,10,0.6798367834394905,0,5,None,66,1,5,False,1,1
12967,77,degCent,10,0.6796377388535032,0,5,None,66,1,5,False,1,1
12968,78,degCent,10,0.679140127388535,0,5,None,66,1,5,False,1,1
12969,79,degCent,10,0.6798367834394905,0,5,None,66,1,5,False,1,1
12970,75,degCent,10,0.6871019108280255,0,7,None,66,1,5,False,1,1
12971,76,degCent,10,0.690187101910828,0,7,None,66,1,5,False,1,1
12972,77,degCent,10,0.6926751592356688,0,7,None,66,1,5,False,1,1
12973,78,degCent,10,0.6957603503184714,0,7,None,66,1,5,False,1,1
12974,79,degCent,10,0.6981488853503185,0,7,None,66,1,5,False,1,1
12975,75,degCent,10,0.6453025477707006,0,9,None,66,1,5,False,1,1
12976,76,degCent,10,0.6398288216560509,0,9,None,66,1,5,False,1,1
12977,77,degCent,10,0.6410230891719745,0,9,None,66,1,5,False,1,1
12978,78,degCent,10,0.6443073248407644,0,9,None,66,1,5,False,1,1
12979,79,degCent,10,0.6472929936305732,0,9,None,66,1,5,False,1,1
12980,75,degCent,10,0.6780453821656051,0,11,None,66,1,5,False,1,1
12981,76,degCent,10,0.6755573248407644,0,11,None,66,1,5,False,1,1
12982,77,degCent,10,0.6789410828025477,0,11,None,66,1,5,False,1,1
12983,78,degCent,10,0.6809315286624203,0,11,None,66,1,5,False,1,1
12984,79,degCent,10,0.6822253184713376,0,11,None,66,1,5,False,1,1
12985,75,degCent,10,0.6554538216560509,0,17,None,66,1,5,False,1,1
12986,76,degCent,10,0.6583399681528662,0,17,None,66,1,5,False,1,1
12987,77,degCent,10,0.6604299363057324,0,17,None,66,1,5,False,1,1
12988,78,degCent,10,0.6617237261146497,0,17,None,66,1,5,False,1,1
12989,79,degCent,10,0.6632165605095541,0,17,None,66,1,5,False,1,1
12990,75,degCent,10,0.7067078025477707,0,18,None,66,1,5,False,1,1
12991,76,degCent,10,0.7085987261146497,0,18,None,66,1,5,False,1,1
12992,77,degCent,10,0.7118829617834395,0,18,None,66,1,5,False,1,1
12993,78,degCent,10,0.7146695859872612,0,18,None,66,1,5,False,1,1
12994,79,degCent,10,0.716859076433121,0,18,None,66,1,5,False,1,1
12995,75,degCent,10,0.6828224522292994,0,20,None,66,1,5,False,1,1
12996,76,degCent,10,0.6820262738853503,0,20,None,66,1,5,False,1,1
12997,77,degCent,10,0.6831210191082803,0,20,None,66,1,5,False,1,1
12998,78,degCent,10,0.684812898089172,0,20,None,66,1,5,False,1,1
12999,79,degCent,10,0.6870023885350318,0,20,None,66,1,5,False,1,1
13000,75,degCent,10,0.6363455414012739,0,28,None,66,1,5,False,1,1
13001,76,degCent,10,0.6318670382165605,0,28,None,66,1,5,False,1,1
13002,77,degCent,10,0.6327627388535032,0,28,None,66,1,5,False,1,1
13003,78,degCent,10,0.6356488853503185,0,28,None,66,1,5,False,1,1
13004,79,degCent,10,0.6372412420382165,0,28,None,66,1,5,False,1,1
13005,75,degCent,10,0.6481886942675159,0,6,None,66,1,5,False,1,1
13006,76,degCent,10,0.6492834394904459,0,6,None,66,1,5,False,1,1
13007,77,degCent,10,0.6514729299363057,0,6,None,66,1,5,False,1,1
13008,78,degCent,10,0.6533638535031847,0,6,None,66,1,5,False,1,1
13009,79,degCent,10,0.6546576433121019,0,6,None,66,1,5,False,1,1
13010,75,degCent,10,0.679140127388535,0,12,None,66,1,5,False,1,1
13011,76,degCent,10,0.6811305732484076,0,12,None,66,1,5,False,1,1
13012,77,degCent,10,0.6825238853503185,0,12,None,66,1,5,False,1,1
13013,78,degCent,10,0.682921974522293,0,12,None,66,1,5,False,1,1
13014,79,degCent,10,0.6851114649681529,0,12,None,66,1,5,False,1,1
13015,75,degCent,10,0.606687898089172,0,26,None,66,1,5,False,1,1
13016,76,degCent,10,0.6045979299363057,0,26,None,66,1,5,False,1,1
13017,77,degCent,10,0.603702229299363,0,26,None,66,1,5,False,1,1
13018,78,degCent,10,0.6045979299363057,0,26,None,66,1,5,False,1,1
13019,79,degCent,10,0.6046974522292994,0,26,None,66,1,5,False,1,1
13020,75,degCent,10,0.6950636942675159,0,10,None,66,1,5,False,1,1
13021,76,degCent,10,0.694765127388535,0,10,None,66,1,5,False,1,1
13022,77,degCent,10,0.6955613057324841,0,10,None,66,1,5,False,1,1
13023,78,degCent,10,0.6969546178343949,0,10,None,66,1,5,False,1,1
13024,79,degCent,10,0.6987460191082803,0,10,None,66,1,5,False,1,1
13025,75,degCent,10,0.6241042993630573,0,15,None,66,1,5,False,1,1
13026,76,degCent,10,0.6249004777070064,0,15,None,66,1,5,False,1,1
13027,77,degCent,10,0.6259952229299363,0,15,None,66,1,5,False,1,1
13028,78,degCent,10,0.6263933121019108,0,15,None,66,1,5,False,1,1
13029,79,degCent,10,0.6266918789808917,0,15,None,66,1,5,False,1,1
13030,75,degCent,10,0.6206210191082803,0,3,None,66,1,5,False,1,1
13031,76,degCent,10,0.6197253184713376,0,3,None,66,1,5,False,1,1
13032,77,degCent,10,0.6217157643312102,0,3,None,66,1,5,False,1,1
13033,78,degCent,10,0.62390525477707,0,3,None,66,1,5,False,1,1
13034,79,degCent,10,0.6279856687898089,0,3,None,66,1,5,False,1,1
13035,80,degCent,10,0.6693869426751592,0,30,None,66,1,5,False,1,1
13036,81,degCent,10,0.6753582802547771,0,30,None,66,1,5,False,1,1
13037,82,degCent,10,0.6794386942675159,0,30,None,66,1,5,False,1,1
13038,83,degCent,10,0.6833200636942676,0,30,None,66,1,5,False,1,1
13039,84,degCent,10,0.6873009554140127,0,30,None,66,1,5,False,1,1
13040,80,degCent,10,0.6765525477707006,0,22,None,66,1,5,False,1,1
13041,81,degCent,10,0.6761544585987261,0,22,None,66,1,5,False,1,1
13042,82,degCent,10,0.6762539808917197,0,22,None,66,1,5,False,1,1
13043,83,degCent,10,0.6765525477707006,0,22,None,66,1,5,False,1,1
13044,84,degCent,10,0.6766520700636943,0,22,None,66,1,5,False,1,1
13045,80,degCent,10,0.7091958598726115,0,16,None,66,1,5,False,1,1
13046,81,degCent,10,0.7116839171974523,0,16,None,66,1,5,False,1,1
13047,82,degCent,10,0.7147691082802548,0,16,None,66,1,5,False,1,1
13048,83,degCent,10,0.7164609872611465,0,16,None,66,1,5,False,1,1
13049,84,degCent,10,0.7184514331210191,0,16,None,66,1,5,False,1,1
13050,80,degCent,10,0.6942675159235668,0,7,None,66,1,5,False,1,1
13051,81,degCent,10,0.6986464968152867,0,7,None,66,1,5,False,1,1
13052,82,degCent,10,0.7006369426751592,0,7,None,66,1,5,False,1,1
13053,83,degCent,10,0.7035230891719745,0,7,None,66,1,5,False,1,1
13054,84,degCent,10,0.7068073248407644,0,7,None,66,1,5,False,1,1
13055,80,degCent,10,0.5829020700636943,0,32,None,66,1,5,False,1,1
13056,81,degCent,10,0.5761345541401274,0,32,None,66,1,5,False,1,1
13057,82,degCent,10,0.5766321656050956,0,32,None,66,1,5,False,1,1
13058,83,degCent,10,0.57703025477707,0,32,None,66,1,5,False,1,1
13059,84,degCent,10,0.5789211783439491,0,32,None,66,1,5,False,1,1
13060,80,degCent,10,0.4528264331210191,0,14,None,66,1,5,False,1,1
13061,81,degCent,10,0.4532245222929936,0,14,None,66,1,5,False,1,1
13062,82,degCent,10,0.455812101910828,0,14,None,66,1,5,False,1,1
13063,83,degCent,10,0.4575039808917197,0,14,None,66,1,5,False,1,1
13064,84,degCent,10,0.4670581210191082,0,14,None,66,1,5,False,1,1
13065,80,degCent,10,0.6804339171974523,0,12,None,66,1,5,False,1,1
13066,81,degCent,10,0.6835191082802548,0,12,None,66,1,5,False,1,1
13067,82,degCent,10,0.6842157643312102,0,12,None,66,1,5,False,1,1
13068,83,degCent,10,0.6868033439490446,0,12,None,66,1,5,False,1,1
13069,84,degCent,10,0.6879976114649682,0,12,None,66,1,5,False,1,1
13070,80,degCent,10,0.6547571656050956,0,6,None,66,1,5,False,1,1
13071,81,degCent,10,0.6557523885350318,0,6,None,66,1,5,False,1,1
13072,82,degCent,10,0.6571457006369427,0,6,None,66,1,5,False,1,1
13073,83,degCent,10,0.6587380573248408,0,6,None,66,1,5,False,1,1
13074,84,degCent,10,0.6606289808917197,0,6,None,66,1,5,False,1,1
13075,80,degCent,10,0.6560509554140127,0,25,None,66,1,5,False,1,1
13076,81,degCent,10,0.6399283439490446,0,25,None,66,1,5,False,1,1
13077,82,degCent,10,0.6337579617834395,0,25,None,66,1,5,False,1,1
13078,83,degCent,10,0.632265127388535,0,25,None,66,1,5,False,1,1
13079,84,degCent,10,0.6330613057324841,0,25,None,66,1,5,False,1,1
13080,80,degCent,10,0.611265923566879,0,26,None,66,1,5,False,1,1
13081,81,degCent,10,0.6085788216560509,0,26,None,66,1,5,False,1,1
13082,82,degCent,10,0.6088773885350318,0,26,None,66,1,5,False,1,1
13083,83,degCent,10,0.6089769108280255,0,26,None,66,1,5,False,1,1
13084,84,degCent,10,0.6083797770700637,0,26,None,66,1,5,False,1,1
13085,80,degCent,10,0.6991441082802548,0,10,None,66,1,5,False,1,1
13086,81,degCent,10,0.6996417197452229,0,10,None,66,1,5,False,1,1
13087,82,degCent,10,0.7015326433121019,0,10,None,66,1,5,False,1,1
13088,83,degCent,10,0.7040207006369427,0,10,None,66,1,5,False,1,1
13089,84,degCent,10,0.7060111464968153,0,10,None,66,1,5,False,1,1
13090,80,degCent,10,0.6332603503184714,0,15,None,66,1,5,False,1,1
13091,81,degCent,10,0.6352507961783439,0,15,None,66,1,5,False,1,1
13092,82,degCent,10,0.634952229299363,0,15,None,66,1,5,False,1,1
13093,83,degCent,10,0.6345541401273885,0,15,None,66,1,5,False,1,1
13094,84,degCent,10,0.6345541401273885,0,15,None,66,1,5,False,1,1
13095,80,degCent,10,0.6876990445859873,0,11,None,66,1,5,False,1,1
13096,81,degCent,10,0.6847133757961783,0,11,None,66,1,5,False,1,1
13097,82,degCent,10,0.6883957006369427,0,11,None,66,1,5,False,1,1
13098,83,degCent,10,0.6904856687898089,0,11,None,66,1,5,False,1,1
13099,84,degCent,10,0.6923765923566879,0,11,None,66,1,5,False,1,1
13100,80,degCent,10,0.6612261146496815,0,17,None,66,1,5,False,1,1
13101,81,degCent,10,0.6632165605095541,0,17,None,66,1,5,False,1,1
13102,82,degCent,10,0.6648089171974523,0,17,None,66,1,5,False,1,1
13103,83,degCent,10,0.6666003184713376,0,17,None,66,1,5,False,1,1
13104,84,degCent,10,0.6678941082802548,0,17,None,66,1,5,False,1,1
13105,80,degCent,10,0.6381369426751592,0,24,None,66,1,5,False,1,1
13106,81,degCent,10,0.6424164012738853,0,24,None,66,1,5,False,1,1
13107,82,degCent,10,0.6468949044585988,0,24,None,66,1,5,False,1,1
13108,83,degCent,10,0.6493829617834395,0,24,None,66,1,5,False,1,1
13109,84,degCent,10,0.651671974522293,0,24,None,66,1,5,False,1,1
13110,80,degCent,10,0.6911823248407644,0,20,None,66,1,5,False,1,1
13111,81,degCent,10,0.6897890127388535,0,20,None,66,1,5,False,1,1
13112,82,degCent,10,0.6907842356687898,0,20,None,66,1,5,False,1,1
13113,83,degCent,10,0.6927746815286624,0,20,None,66,1,5,False,1,1
13114,84,degCent,10,0.6940684713375797,0,20,None,66,1,5,False,1,1
13115,80,degCent,10,0.6008160828025477,0,1,None,66,1,5,False,1,1
13116,81,degCent,10,0.6369426751592356,0,1,None,66,1,5,False,1,1
13117,82,degCent,10,0.6577428343949044,0,1,None,66,1,5,False,1,1
13118,83,degCent,10,0.6723726114649682,0,1,None,66,1,5,False,1,1
13119,84,degCent,10,0.6809315286624203,0,1,None,66,1,5,False,1,1
13120,80,degCent,10,0.6005175159235668,0,2,None,66,1,5,False,1,1
13121,81,degCent,10,0.5729498407643312,0,2,None,66,1,5,False,1,1
13122,82,degCent,10,0.5621019108280255,0,2,None,66,1,5,False,1,1
13123,83,degCent,10,0.5597133757961783,0,2,None,66,1,5,False,1,1
13124,84,degCent,10,0.5612062101910829,0,2,None,66,1,5,False,1,1
13125,80,degCent,10,0.6622213375796179,0,0,None,66,1,5,False,1,1
13126,81,degCent,10,0.6643113057324841,0,0,None,66,1,5,False,1,1
13127,82,degCent,10,0.6671974522292994,0,0,None,66,1,5,False,1,1
13128,83,degCent,10,0.6683917197452229,0,0,None,66,1,5,False,1,1
13129,84,degCent,10,0.6701831210191083,0,0,None,66,1,5,False,1,1
13130,80,degCent,10,0.6882961783439491,0,5,None,66,1,5,False,1,1
13131,81,degCent,10,0.6852109872611465,0,5,None,66,1,5,False,1,1
13132,82,degCent,10,0.6854100318471338,0,5,None,66,1,5,False,1,1
13133,83,degCent,10,0.6861066878980892,0,5,None,66,1,5,False,1,1
13134,84,degCent,10,0.6863057324840764,0,5,None,66,1,5,False,1,1
13135,80,degCent,10,0.5719546178343949,0,4,None,66,1,5,False,1,1
13136,81,degCent,10,0.5874800955414012,0,4,None,66,1,5,False,1,1
13137,82,degCent,10,0.5832006369426752,0,4,None,66,1,5,False,1,1
13138,83,degCent,10,0.5840963375796179,0,4,None,66,1,5,False,1,1
13139,84,degCent,10,0.5835987261146497,0,4,None,66,1,5,False,1,1
13140,80,degCent,10,0.6523686305732485,0,9,None,66,1,5,False,1,1
13141,81,degCent,10,0.6459992038216561,0,9,None,66,1,5,False,1,1
13142,82,degCent,10,0.647890127388535,0,9,None,66,1,5,False,1,1
13143,83,degCent,10,0.6511743630573248,0,9,None,66,1,5,False,1,1
13144,84,degCent,10,0.6538614649681529,0,9,None,66,1,5,False,1,1
13145,80,degCent,10,0.6943670382165605,0,13,None,66,1,5,False,1,1
13146,81,degCent,10,0.6951632165605095,0,13,None,66,1,5,False,1,1
13147,82,degCent,10,0.6969546178343949,0,13,None,66,1,5,False,1,1
13148,83,degCent,10,0.6975517515923567,0,13,None,66,1,5,False,1,1
13149,84,degCent,10,0.6982484076433121,0,13,None,66,1,5,False,1,1
13150,80,degCent,10,0.6975517515923567,0,21,None,66,1,5,False,1,1
13151,81,degCent,10,0.6962579617834395,0,21,None,66,1,5,False,1,1
13152,82,degCent,10,0.6982484076433121,0,21,None,66,1,5,False,1,1
13153,83,degCent,10,0.6983479299363057,0,21,None,66,1,5,False,1,1
13154,84,degCent,10,0.7000398089171974,0,21,None,66,1,5,False,1,1
13155,80,degCent,10,0.640625,0,23,None,66,1,5,False,1,1
13156,81,degCent,10,0.6426154458598726,0,23,None,66,1,5,False,1,1
13157,82,degCent,10,0.6454020700636943,0,23,None,66,1,5,False,1,1
13158,83,degCent,10,0.6472929936305732,0,23,None,66,1,5,False,1,1
13159,84,degCent,10,0.6499800955414012,0,23,None,66,1,5,False,1,1
13160,80,degCent,10,0.6456011146496815,0,28,None,66,1,5,False,1,1
13161,81,degCent,10,0.6376393312101911,0,28,None,66,1,5,False,1,1
13162,82,degCent,10,0.638734076433121,0,28,None,66,1,5,False,1,1
13163,83,degCent,10,0.640625,0,28,None,66,1,5,False,1,1
13164,84,degCent,10,0.642515923566879,0,28,None,66,1,5,False,1,1
13165,80,degCent,10,0.6827229299363057,0,27,None,66,1,5,False,1,1
13166,81,degCent,10,0.6851114649681529,0,27,None,66,1,5,False,1,1
13167,82,degCent,10,0.6874004777070064,0,27,None,66,1,5,False,1,1
13168,83,degCent,10,0.6907842356687898,0,27,None,66,1,5,False,1,1
13169,84,degCent,10,0.6921775477707006,0,27,None,66,1,5,False,1,1
13170,80,degCent,10,0.6267914012738853,0,29,None,66,1,5,False,1,1
13171,81,degCent,10,0.6200238853503185,0,29,None,66,1,5,False,1,1
13172,82,degCent,10,0.6182324840764332,0,29,None,66,1,5,False,1,1
13173,83,degCent,10,0.6189291401273885,0,29,None,66,1,5,False,1,1
13174,84,degCent,10,0.6205214968152867,0,29,None,66,1,5,False,1,1
13175,80,degCent,10,0.6359474522292994,0,8,None,66,1,5,False,1,1
13176,81,degCent,10,0.6374402866242038,0,8,None,66,1,5,False,1,1
13177,82,degCent,10,0.6383359872611465,0,8,None,66,1,5,False,1,1
13178,83,degCent,10,0.6397292993630573,0,8,None,66,1,5,False,1,1
13179,84,degCent,10,0.6419187898089171,0,8,None,66,1,5,False,1,1
13180,80,degCent,10,0.630672770700637,0,3,None,66,1,5,False,1,1
13181,81,degCent,10,0.6321656050955414,0,3,None,66,1,5,False,1,1
13182,82,degCent,10,0.6343550955414012,0,3,None,66,1,5,False,1,1
13183,83,degCent,10,0.6370421974522293,0,3,None,66,1,5,False,1,1
13184,84,degCent,10,0.6383359872611465,0,3,None,66,1,5,False,1,1
13185,80,degCent,10,0.7107882165605095,0,18,None,66,1,5,False,1,1
13186,81,degCent,10,0.713077229299363,0,18,None,66,1,5,False,1,1
13187,82,degCent,10,0.7171576433121019,0,18,None,66,1,5,False,1,1
13188,83,degCent,10,0.7191480891719745,0,18,None,66,1,5,False,1,1
13189,84,degCent,10,0.7213375796178344,0,18,None,66,1,5,False,1,1
13190,80,degCent,10,0.580812101910828,0,19,None,66,1,5,False,1,1
13191,81,degCent,10,0.5712579617834395,0,19,None,66,1,5,False,1,1
13192,82,degCent,10,0.5683718152866242,0,19,None,66,1,5,False,1,1
13193,83,degCent,10,0.5680732484076433,0,19,None,66,1,5,False,1,1
13194,84,degCent,10,0.5684713375796179,0,19,None,66,1,5,False,1,1
13195,80,degCent,10,0.707703025477707,0,31,None,66,1,5,False,1,1
13196,81,degCent,10,0.7072054140127388,0,31,None,66,1,5,False,1,1
13197,82,degCent,10,0.7112858280254777,0,31,None,66,1,5,False,1,1
13198,83,degCent,10,0.710390127388535,0,31,None,66,1,5,False,1,1
13199,84,degCent,10,0.7118829617834395,0,31,None,66,1,5,False,1,1
16005,85,degCent,10,0.6053941082802548,0,1,None,66,1,5,False,1,1
16006,86,degCent,10,0.645203025477707,0,1,None,66,1,5,False,1,1
16007,87,degCent,10,0.6674960191082803,0,1,None,66,1,5,False,1,1
16008,88,degCent,10,0.6811305732484076,0,1,None,66,1,5,False,1,1
16009,89,degCent,10,0.6878980891719745,0,1,None,66,1,5,False,1,1
16010,85,degCent,10,0.6057921974522293,0,2,None,66,1,5,False,1,1
16011,86,degCent,10,0.5796178343949044,0,2,None,66,1,5,False,1,1
16012,87,degCent,10,0.566281847133758,0,2,None,66,1,5,False,1,1
16013,88,degCent,10,0.5642914012738853,0,2,None,66,1,5,False,1,1
16014,89,degCent,10,0.5667794585987261,0,2,None,66,1,5,False,1,1
16015,85,degCent,10,0.7034235668789809,0,10,None,66,1,5,False,1,1
16016,86,degCent,10,0.7046178343949044,0,10,None,66,1,5,False,1,1
16017,87,degCent,10,0.7068073248407644,0,10,None,66,1,5,False,1,1
16018,88,degCent,10,0.7078025477707006,0,10,None,66,1,5,False,1,1
16019,89,degCent,10,0.7086982484076433,0,10,None,66,1,5,False,1,1
16020,85,degCent,10,0.6390326433121019,0,15,None,66,1,5,False,1,1
16021,86,degCent,10,0.6394307324840764,0,15,None,66,1,5,False,1,1
16022,87,degCent,10,0.6401273885350318,0,15,None,66,1,5,False,1,1
16023,88,degCent,10,0.6408240445859873,0,15,None,66,1,5,False,1,1
16024,89,degCent,10,0.6410230891719745,0,15,None,66,1,5,False,1,1
16025,85,degCent,10,0.7147691082802548,0,16,None,66,1,5,False,1,1
16026,86,degCent,10,0.7171576433121019,0,16,None,66,1,5,False,1,1
16027,87,degCent,10,0.7191480891719745,0,16,None,66,1,5,False,1,1
16028,88,degCent,10,0.7219347133757962,0,16,None,66,1,5,False,1,1
16029,89,degCent,10,0.7241242038216561,0,16,None,66,1,5,False,1,1
16030,85,degCent,10,0.6946656050955414,0,11,None,66,1,5,False,1,1
16031,86,degCent,10,0.6933718152866242,0,11,None,66,1,5,False,1,1
16032,87,degCent,10,0.6950636942675159,0,11,None,66,1,5,False,1,1
16033,88,degCent,10,0.6972531847133758,0,11,None,66,1,5,False,1,1
16034,89,degCent,10,0.700437898089172,0,11,None,66,1,5,False,1,1
16035,85,degCent,10,0.6370421974522293,0,8,None,66,1,5,False,1,1
16036,86,degCent,10,0.6358479299363057,0,8,None,66,1,5,False,1,1
16037,87,degCent,10,0.6384355095541401,0,8,None,66,1,5,False,1,1
16038,88,degCent,10,0.6400278662420382,0,8,None,66,1,5,False,1,1
16039,89,degCent,10,0.6415207006369427,0,8,None,66,1,5,False,1,1
16040,85,degCent,10,0.5718550955414012,0,19,None,66,1,5,False,1,1
16041,86,degCent,10,0.5668789808917197,0,19,None,66,1,5,False,1,1
16042,87,degCent,10,0.5661823248407644,0,19,None,66,1,5,False,1,1
16043,88,degCent,10,0.5658837579617835,0,19,None,66,1,5,False,1,1
16044,89,degCent,10,0.5663813694267515,0,19,None,66,1,5,False,1,1
16045,85,degCent,10,0.4666600318471338,0,14,None,66,1,5,False,1,1
16046,86,degCent,10,0.4684514331210191,0,14,None,66,1,5,False,1,1
16047,87,degCent,10,0.4749203821656051,0,14,None,66,1,5,False,1,1
16048,88,degCent,10,0.4806926751592357,0,14,None,66,1,5,False,1,1
16049,89,degCent,10,0.4907444267515923,0,14,None,66,1,5,False,1,1
16050,85,degCent,10,0.680234872611465,0,22,None,66,1,5,False,1,1
16051,86,degCent,10,0.6797372611464968,0,22,None,66,1,5,False,1,1
16052,87,degCent,10,0.6796377388535032,0,22,None,66,1,5,False,1,1
16053,88,degCent,10,0.680234872611465,0,22,None,66,1,5,False,1,1
16054,89,degCent,10,0.6807324840764332,0,22,None,66,1,5,False,1,1
16055,85,degCent,10,0.6424164012738853,0,23,None,66,1,5,False,1,1
16056,86,degCent,10,0.6429140127388535,0,23,None,66,1,5,False,1,1
16057,87,degCent,10,0.6443073248407644,0,23,None,66,1,5,False,1,1
16058,88,degCent,10,0.6467953821656051,0,23,None,66,1,5,False,1,1
16059,89,degCent,10,0.6485867834394905,0,23,None,66,1,5,False,1,1
16060,85,degCent,10,0.6640127388535032,0,17,None,66,1,5,False,1,1
16061,86,degCent,10,0.6674960191082803,0,17,None,66,1,5,False,1,1
16062,87,degCent,10,0.6685907643312102,0,17,None,66,1,5,False,1,1
16063,88,degCent,10,0.67078025477707,0,17,None,66,1,5,False,1,1
16064,89,degCent,10,0.6732683121019108,0,17,None,66,1,5,False,1,1
16065,85,degCent,10,0.6978503184713376,0,21,None,66,1,5,False,1,1
16066,86,degCent,10,0.6986464968152867,0,21,None,66,1,5,False,1,1
16067,87,degCent,10,0.7001393312101911,0,21,None,66,1,5,False,1,1
16068,88,degCent,10,0.7018312101910829,0,21,None,66,1,5,False,1,1
16069,89,degCent,10,0.7032245222929936,0,21,None,66,1,5,False,1,1
16070,85,degCent,10,0.6459992038216561,0,24,None,66,1,5,False,1,1
16071,86,degCent,10,0.6517714968152867,0,24,None,66,1,5,False,1,1
16072,87,degCent,10,0.6552547770700637,0,24,None,66,1,5,False,1,1
16073,88,degCent,10,0.6585390127388535,0,24,None,66,1,5,False,1,1
16074,89,degCent,10,0.6603304140127388,0,24,None,66,1,5,False,1,1
16075,85,degCent,10,0.6521695859872612,0,28,None,66,1,5,False,1,1
16076,86,degCent,10,0.6471934713375797,0,28,None,66,1,5,False,1,1
16077,87,degCent,10,0.6459992038216561,0,28,None,66,1,5,False,1,1
16078,88,degCent,10,0.6482882165605095,0,28,None,66,1,5,False,1,1
16079,89,degCent,10,0.6508757961783439,0,28,None,66,1,5,False,1,1
16080,85,degCent,10,0.6405254777070064,0,29,None,66,1,5,False,1,1
16081,86,degCent,10,0.6343550955414012,0,29,None,66,1,5,False,1,1
16082,87,degCent,10,0.6315684713375797,0,29,None,66,1,5,False,1,1
16083,88,degCent,10,0.6296775477707006,0,29,None,66,1,5,False,1,1
16084,89,degCent,10,0.6283837579617835,0,29,None,66,1,5,False,1,1
16085,85,degCent,10,0.6616242038216561,0,9,None,66,1,5,False,1,1
16086,86,degCent,10,0.6567476114649682,0,9,None,66,1,5,False,1,1
16087,87,degCent,10,0.6585390127388535,0,9,None,66,1,5,False,1,1
16088,88,degCent,10,0.6610270700636943,0,9,None,66,1,5,False,1,1
16089,89,degCent,10,0.6626194267515924,0,9,None,66,1,5,False,1,1
16090,85,degCent,10,0.7152667197452229,0,18,None,66,1,5,False,1,1
16091,86,degCent,10,0.7166600318471338,0,18,None,66,1,5,False,1,1
16092,87,degCent,10,0.720640923566879,0,18,None,66,1,5,False,1,1
16093,88,degCent,10,0.7226313694267515,0,18,None,66,1,5,False,1,1
16094,89,degCent,10,0.7247213375796179,0,18,None,66,1,5,False,1,1
16095,85,degCent,10,0.7062101910828026,0,31,None,66,1,5,False,1,1
16096,86,degCent,10,0.7085987261146497,0,31,None,66,1,5,False,1,1
16097,87,degCent,10,0.7117834394904459,0,31,None,66,1,5,False,1,1
16098,88,degCent,10,0.7147691082802548,0,31,None,66,1,5,False,1,1
16099,89,degCent,10,0.7138734076433121,0,31,None,66,1,5,False,1,1
16100,85,degCent,10,0.5919585987261147,0,32,None,66,1,5,False,1,1
16101,86,degCent,10,0.5841958598726115,0,32,None,66,1,5,False,1,1
16102,87,degCent,10,0.5843949044585988,0,32,None,66,1,5,False,1,1
16103,88,degCent,10,0.5866839171974523,0,32,None,66,1,5,False,1,1
16104,89,degCent,10,0.5881767515923567,0,32,None,66,1,5,False,1,1
16105,85,degCent,10,0.703125,0,7,None,66,1,5,False,1,1
16106,86,degCent,10,0.7064092356687898,0,7,None,66,1,5,False,1,1
16107,87,degCent,10,0.7071058917197452,0,7,None,66,1,5,False,1,1
16108,88,degCent,10,0.7102906050955414,0,7,None,66,1,5,False,1,1
16109,89,degCent,10,0.7128781847133758,0,7,None,66,1,5,False,1,1
16110,85,degCent,10,0.6954617834394905,0,5,None,66,1,5,False,1,1
16111,86,degCent,10,0.6928742038216561,0,5,None,66,1,5,False,1,1
16112,87,degCent,10,0.6921775477707006,0,5,None,66,1,5,False,1,1
16113,88,degCent,10,0.6922770700636943,0,5,None,66,1,5,False,1,1
16114,89,degCent,10,0.6924761146496815,0,5,None,66,1,5,False,1,1
16115,85,degCent,10,0.6697850318471338,0,0,None,66,1,5,False,1,1
16116,86,degCent,10,0.6714769108280255,0,0,None,66,1,5,False,1,1
16117,87,degCent,10,0.6730692675159236,0,0,None,66,1,5,False,1,1
16118,88,degCent,10,0.6741640127388535,0,0,None,66,1,5,False,1,1
16119,89,degCent,10,0.6749601910828026,0,0,None,66,1,5,False,1,1
16120,85,degCent,10,0.697452229299363,0,20,None,66,1,5,False,1,1
16121,86,degCent,10,0.6967555732484076,0,20,None,66,1,5,False,1,1
16122,87,degCent,10,0.6981488853503185,0,20,None,66,1,5,False,1,1
16123,88,degCent,10,0.6991441082802548,0,20,None,66,1,5,False,1,1
16124,89,degCent,10,0.7008359872611465,0,20,None,66,1,5,False,1,1
16125,85,degCent,10,0.5855891719745223,0,4,None,66,1,5,False,1,1
16126,86,degCent,10,0.5978304140127388,0,4,None,66,1,5,False,1,1
16127,87,degCent,10,0.5921576433121019,0,4,None,66,1,5,False,1,1
16128,88,degCent,10,0.5908638535031847,0,4,None,66,1,5,False,1,1
16129,89,degCent,10,0.5913614649681529,0,4,None,66,1,5,False,1,1
16130,85,degCent,10,0.6845143312101911,0,12,None,66,1,5,False,1,1
16131,86,degCent,10,0.6876990445859873,0,12,None,66,1,5,False,1,1
16132,87,degCent,10,0.6886942675159236,0,12,None,66,1,5,False,1,1
16133,88,degCent,10,0.6896894904458599,0,12,None,66,1,5,False,1,1
16134,89,degCent,10,0.6911823248407644,0,12,None,66,1,5,False,1,1
16135,85,degCent,10,0.6430135350318471,0,3,None,66,1,5,False,1,1
16136,86,degCent,10,0.6435111464968153,0,3,None,66,1,5,False,1,1
16137,87,degCent,10,0.6453025477707006,0,3,None,66,1,5,False,1,1
16138,88,degCent,10,0.646297770700637,0,3,None,66,1,5,False,1,1
16139,89,degCent,10,0.6477906050955414,0,3,None,66,1,5,False,1,1
16140,85,degCent,10,0.6965565286624203,0,13,None,66,1,5,False,1,1
16141,86,degCent,10,0.6987460191082803,0,13,None,66,1,5,False,1,1
16142,87,degCent,10,0.6990445859872612,0,13,None,66,1,5,False,1,1
16143,88,degCent,10,0.7011345541401274,0,13,None,66,1,5,False,1,1
16144,89,degCent,10,0.7036226114649682,0,13,None,66,1,5,False,1,1
16145,85,degCent,10,0.6606289808917197,0,25,None,66,1,5,False,1,1
16146,86,degCent,10,0.6446058917197452,0,25,None,66,1,5,False,1,1
16147,87,degCent,10,0.6390326433121019,0,25,None,66,1,5,False,1,1
16148,88,degCent,10,0.6377388535031847,0,25,None,66,1,5,False,1,1
16149,89,degCent,10,0.6381369426751592,0,25,None,66,1,5,False,1,1
16150,85,degCent,10,0.6136544585987261,0,26,None,66,1,5,False,1,1
16151,86,degCent,10,0.6108678343949044,0,26,None,66,1,5,False,1,1
16152,87,degCent,10,0.6107683121019108,0,26,None,66,1,5,False,1,1
16153,88,degCent,10,0.6109673566878981,0,26,None,66,1,5,False,1,1
16154,89,degCent,10,0.6115644904458599,0,26,None,66,1,5,False,1,1
16155,90,degCent,10,0.6469944267515924,0,15,None,66,1,5,False,1,1
16156,91,degCent,10,0.6471934713375797,0,15,None,66,1,5,False,1,1
16157,92,degCent,10,0.6471934713375797,0,15,None,66,1,5,False,1,1
16158,93,degCent,10,0.6480891719745223,0,15,None,66,1,5,False,1,1
16159,94,degCent,10,0.6473925159235668,0,15,None,66,1,5,False,1,1
16160,90,degCent,10,0.7016321656050956,0,11,None,66,1,5,False,1,1
16161,91,degCent,10,0.6998407643312102,0,11,None,66,1,5,False,1,1
16162,92,degCent,10,0.7018312101910829,0,11,None,66,1,5,False,1,1
16163,93,degCent,10,0.7046178343949044,0,11,None,66,1,5,False,1,1
16164,94,degCent,10,0.7070063694267515,0,11,None,66,1,5,False,1,1
16165,90,degCent,10,0.5896695859872612,0,19,None,66,1,5,False,1,1
16166,91,degCent,10,0.5802149681528662,0,19,None,66,1,5,False,1,1
16167,92,degCent,10,0.5760350318471338,0,19,None,66,1,5,False,1,1
16168,93,degCent,10,0.5755374203821656,0,19,None,66,1,5,False,1,1
16169,94,degCent,10,0.5758359872611465,0,19,None,66,1,5,False,1,1
16170,85,degCent,10,0.6795382165605095,0,27,None,66,1,5,False,1,1
16171,86,degCent,10,0.6811305732484076,0,27,None,66,1,5,False,1,1
16172,87,degCent,10,0.6836186305732485,0,27,None,66,1,5,False,1,1
16173,88,degCent,10,0.6865047770700637,0,27,None,66,1,5,False,1,1
16174,89,degCent,10,0.6884952229299363,0,27,None,66,1,5,False,1,1
16175,85,degCent,10,0.6539609872611465,0,6,None,66,1,5,False,1,1
16176,86,degCent,10,0.6577428343949044,0,6,None,66,1,5,False,1,1
16177,87,degCent,10,0.6591361464968153,0,6,None,66,1,5,False,1,1
16178,88,degCent,10,0.6597332802547771,0,6,None,66,1,5,False,1,1
16179,89,degCent,10,0.6604299363057324,0,6,None,66,1,5,False,1,1
16180,85,degCent,10,0.6760549363057324,0,30,None,66,1,5,False,1,1
16181,86,degCent,10,0.6842157643312102,0,30,None,66,1,5,False,1,1
16182,87,degCent,10,0.6894904458598726,0,30,None,66,1,5,False,1,1
16183,88,degCent,10,0.6943670382165605,0,30,None,66,1,5,False,1,1
16184,89,degCent,10,0.6988455414012739,0,30,None,66,1,5,False,1,1
16185,90,degCent,10,0.6690883757961783,0,17,None,66,1,5,False,1,1
16186,91,degCent,10,0.6722730891719745,0,17,None,66,1,5,False,1,1
16187,92,degCent,10,0.6758558917197452,0,17,None,66,1,5,False,1,1
16188,93,degCent,10,0.6770501592356688,0,17,None,66,1,5,False,1,1
16189,94,degCent,10,0.6793391719745223,0,17,None,66,1,5,False,1,1
16190,90,degCent,10,0.6108678343949044,0,1,None,66,1,5,False,1,1
16191,91,degCent,10,0.6534633757961783,0,1,None,66,1,5,False,1,1
16192,92,degCent,10,0.6744625796178344,0,1,None,66,1,5,False,1,1
16193,93,degCent,10,0.6865047770700637,0,1,None,66,1,5,False,1,1
16194,94,degCent,10,0.6916799363057324,0,1,None,66,1,5,False,1,1
16195,90,degCent,10,0.6118630573248408,0,2,None,66,1,5,False,1,1
16196,91,degCent,10,0.5852906050955414,0,2,None,66,1,5,False,1,1
16197,92,degCent,10,0.571656050955414,0,2,None,66,1,5,False,1,1
16198,93,degCent,10,0.569765127388535,0,2,None,66,1,5,False,1,1
16199,94,degCent,10,0.5707603503184714,0,2,None,66,1,5,False,1,1
16200,90,degCent,10,0.6468949044585988,0,29,None,66,1,5,False,1,1
16201,91,degCent,10,0.6403264331210191,0,29,None,66,1,5,False,1,1
16202,92,degCent,10,0.6400278662420382,0,29,None,66,1,5,False,1,1
16203,93,degCent,10,0.6401273885350318,0,29,None,66,1,5,False,1,1
16204,94,degCent,10,0.6397292993630573,0,29,None,66,1,5,False,1,1
16205,90,degCent,10,0.7083996815286624,0,21,None,66,1,5,False,1,1
16206,91,degCent,10,0.7082006369426752,0,21,None,66,1,5,False,1,1
16207,92,degCent,10,0.7093949044585988,0,21,None,66,1,5,False,1,1
16208,93,degCent,10,0.7100915605095541,0,21,None,66,1,5,False,1,1
16209,94,degCent,10,0.7115843949044586,0,21,None,66,1,5,False,1,1
16210,90,degCent,10,0.6598328025477707,0,24,None,66,1,5,False,1,1
16211,91,degCent,10,0.6637141719745223,0,24,None,66,1,5,False,1,1
16212,92,degCent,10,0.666202229299363,0,24,None,66,1,5,False,1,1
16213,93,degCent,10,0.6684912420382165,0,24,None,66,1,5,False,1,1
16214,94,degCent,10,0.6696855095541401,0,24,None,66,1,5,False,1,1
16215,90,degCent,10,0.7197452229299363,0,18,None,66,1,5,False,1,1
16216,91,degCent,10,0.7219347133757962,0,18,None,66,1,5,False,1,1
16217,92,degCent,10,0.7239251592356688,0,18,None,66,1,5,False,1,1
16218,93,degCent,10,0.7259156050955414,0,18,None,66,1,5,False,1,1
16219,94,degCent,10,0.7272093949044586,0,18,None,66,1,5,False,1,1
16220,90,degCent,10,0.6832205414012739,0,27,None,66,1,5,False,1,1
16221,91,degCent,10,0.6854100318471338,0,27,None,66,1,5,False,1,1
16222,92,degCent,10,0.6860071656050956,0,27,None,66,1,5,False,1,1
16223,93,degCent,10,0.68859474522293,0,27,None,66,1,5,False,1,1
16224,94,degCent,10,0.6903861464968153,0,27,None,66,1,5,False,1,1
16225,90,degCent,10,0.7229299363057324,0,31,None,66,1,5,False,1,1
16226,91,degCent,10,0.7247213375796179,0,31,None,66,1,5,False,1,1
16227,92,degCent,10,0.7262141719745223,0,31,None,66,1,5,False,1,1
16228,93,degCent,10,0.7284036624203821,0,31,None,66,1,5,False,1,1
16229,94,degCent,10,0.729796974522293,0,31,None,66,1,5,False,1,1
16230,90,degCent,10,0.6785429936305732,0,30,None,66,1,5,False,1,1
16231,91,degCent,10,0.6865047770700637,0,30,None,66,1,5,False,1,1
16232,92,degCent,10,0.6946656050955414,0,30,None,66,1,5,False,1,1
16233,93,degCent,10,0.7006369426751592,0,30,None,66,1,5,False,1,1
16234,94,degCent,10,0.7049164012738853,0,30,None,66,1,5,False,1,1
16235,90,degCent,10,0.7084992038216561,0,7,None,66,1,5,False,1,1
16236,91,degCent,10,0.713077229299363,0,7,None,66,1,5,False,1,1
16237,92,degCent,10,0.7150676751592356,0,7,None,66,1,5,False,1,1
16238,93,degCent,10,0.716859076433121,0,7,None,66,1,5,False,1,1
16239,94,degCent,10,0.71875,0,7,None,66,1,5,False,1,1
16240,90,degCent,10,0.7174562101910829,0,16,None,66,1,5,False,1,1
16241,91,degCent,10,0.7208399681528662,0,16,None,66,1,5,False,1,1
16242,92,degCent,10,0.7248208598726115,0,16,None,66,1,5,False,1,1
16243,93,degCent,10,0.7277070063694268,0,16,None,66,1,5,False,1,1
16244,94,degCent,10,0.7299960191082803,0,16,None,66,1,5,False,1,1
16245,90,degCent,10,0.7036226114649682,0,13,None,66,1,5,False,1,1
16246,91,degCent,10,0.7056130573248408,0,13,None,66,1,5,False,1,1
16247,92,degCent,10,0.7073049363057324,0,13,None,66,1,5,False,1,1
16248,93,degCent,10,0.7084992038216561,0,13,None,66,1,5,False,1,1
16249,94,degCent,10,0.7089968152866242,0,13,None,66,1,5,False,1,1
16250,90,degCent,10,0.6676950636942676,0,25,None,66,1,5,False,1,1
16251,91,degCent,10,0.6521695859872612,0,25,None,66,1,5,False,1,1
16252,92,degCent,10,0.6458001592356688,0,25,None,66,1,5,False,1,1
16253,93,degCent,10,0.643312101910828,0,25,None,66,1,5,False,1,1
16254,94,degCent,10,0.6441082802547771,0,25,None,66,1,5,False,1,1
16255,90,degCent,10,0.6798367834394905,0,9,None,66,1,5,False,1,1
16256,91,degCent,10,0.6761544585987261,0,9,None,66,1,5,False,1,1
16257,92,degCent,10,0.6782444267515924,0,9,None,66,1,5,False,1,1
16258,93,degCent,10,0.6807324840764332,0,9,None,66,1,5,False,1,1
16259,94,degCent,10,0.6851114649681529,0,9,None,66,1,5,False,1,1
16260,90,degCent,10,0.4791003184713376,0,14,None,66,1,5,False,1,1
16261,91,degCent,10,0.48328025477707,0,14,None,66,1,5,False,1,1
16262,92,degCent,10,0.4928343949044586,0,14,None,66,1,5,False,1,1
16263,93,degCent,10,0.5001990445859873,0,14,None,66,1,5,False,1,1
16264,94,degCent,10,0.5063694267515924,0,14,None,66,1,5,False,1,1
16265,90,degCent,10,0.6208200636942676,0,26,None,66,1,5,False,1,1
16266,91,degCent,10,0.6159434713375797,0,26,None,66,1,5,False,1,1
16267,92,degCent,10,0.6144506369426752,0,26,None,66,1,5,False,1,1
16268,93,degCent,10,0.6148487261146497,0,26,None,66,1,5,False,1,1
16269,94,degCent,10,0.6149482484076433,0,26,None,66,1,5,False,1,1
16270,90,degCent,10,0.6882961783439491,0,12,None,66,1,5,False,1,1
16271,91,degCent,10,0.6915804140127388,0,12,None,66,1,5,False,1,1
16272,92,degCent,10,0.6940684713375797,0,12,None,66,1,5,False,1,1
16273,93,degCent,10,0.6943670382165605,0,12,None,66,1,5,False,1,1
16274,94,degCent,10,0.6956608280254777,0,12,None,66,1,5,False,1,1
16275,90,degCent,10,0.6614251592356688,0,28,None,66,1,5,False,1,1
16276,91,degCent,10,0.6570461783439491,0,28,None,66,1,5,False,1,1
16277,92,degCent,10,0.6563495222929936,0,28,None,66,1,5,False,1,1
16278,93,degCent,10,0.6596337579617835,0,28,None,66,1,5,False,1,1
16279,94,degCent,10,0.6611265923566879,0,28,None,66,1,5,False,1,1
16280,90,degCent,10,0.7033240445859873,0,5,None,66,1,5,False,1,1
16281,91,degCent,10,0.6992436305732485,0,5,None,66,1,5,False,1,1
16282,92,degCent,10,0.6983479299363057,0,5,None,66,1,5,False,1,1
16283,93,degCent,10,0.6988455414012739,0,5,None,66,1,5,False,1,1
16284,94,degCent,10,0.6990445859872612,0,5,None,66,1,5,False,1,1
16285,90,degCent,10,0.6519705414012739,0,3,None,66,1,5,False,1,1
16286,91,degCent,10,0.652468152866242,0,3,None,66,1,5,False,1,1
16287,92,degCent,10,0.6537619426751592,0,3,None,66,1,5,False,1,1
16288,93,degCent,10,0.654359076433121,0,3,None,66,1,5,False,1,1
16289,94,degCent,10,0.6545581210191083,0,3,None,66,1,5,False,1,1
16290,90,degCent,10,0.6744625796178344,0,0,None,66,1,5,False,1,1
16291,91,degCent,10,0.6754578025477707,0,0,None,66,1,5,False,1,1
16292,92,degCent,10,0.6782444267515924,0,0,None,66,1,5,False,1,1
16293,93,degCent,10,0.6796377388535032,0,0,None,66,1,5,False,1,1
16294,94,degCent,10,0.681031050955414,0,0,None,66,1,5,False,1,1
16295,90,degCent,10,0.6146496815286624,0,4,None,66,1,5,False,1,1
16296,91,degCent,10,0.6034036624203821,0,4,None,66,1,5,False,1,1
16297,92,degCent,10,0.5990246815286624,0,4,None,66,1,5,False,1,1
16298,93,degCent,10,0.5981289808917197,0,4,None,66,1,5,False,1,1
16299,94,degCent,10,0.5960390127388535,0,4,None,66,1,5,False,1,1
16300,90,degCent,10,0.6624203821656051,0,6,None,66,1,5,False,1,1
16301,91,degCent,10,0.6631170382165605,0,6,None,66,1,5,False,1,1
16302,92,degCent,10,0.6636146496815286,0,6,None,66,1,5,False,1,1
16303,93,degCent,10,0.6641122611464968,0,6,None,66,1,5,False,1,1
16304,94,degCent,10,0.665406050955414,0,6,None,66,1,5,False,1,1
16305,90,degCent,10,0.6446058917197452,0,8,None,66,1,5,False,1,1
16306,91,degCent,10,0.6438097133757962,0,8,None,66,1,5,False,1,1
16307,92,degCent,10,0.6455015923566879,0,8,None,66,1,5,False,1,1
16308,93,degCent,10,0.6465963375796179,0,8,None,66,1,5,False,1,1
16309,94,degCent,10,0.647890127388535,0,8,None,66,1,5,False,1,1
16310,90,degCent,10,0.7097929936305732,0,10,None,66,1,5,False,1,1
16311,91,degCent,10,0.7083996815286624,0,10,None,66,1,5,False,1,1
16312,92,degCent,10,0.7105891719745223,0,10,None,66,1,5,False,1,1
16313,93,degCent,10,0.7116839171974523,0,10,None,66,1,5,False,1,1
16314,94,degCent,10,0.7136743630573248,0,10,None,66,1,5,False,1,1
16315,90,degCent,10,0.7055135350318471,0,20,None,66,1,5,False,1,1
16316,91,degCent,10,0.7034235668789809,0,20,None,66,1,5,False,1,1
16317,92,degCent,10,0.7053144904458599,0,20,None,66,1,5,False,1,1
16318,93,degCent,10,0.7062101910828026,0,20,None,66,1,5,False,1,1
16319,94,degCent,10,0.7078025477707006,0,20,None,66,1,5,False,1,1
16320,90,degCent,10,0.6522691082802548,0,23,None,66,1,5,False,1,1
16321,91,degCent,10,0.6529657643312102,0,23,None,66,1,5,False,1,1
16322,92,degCent,10,0.6560509554140127,0,23,None,66,1,5,False,1,1
16323,93,degCent,10,0.6601313694267515,0,23,None,66,1,5,False,1,1
16324,94,degCent,10,0.6624203821656051,0,23,None,66,1,5,False,1,1
16325,90,degCent,10,0.6833200636942676,0,22,None,66,1,5,False,1,1
16326,91,degCent,10,0.6825238853503185,0,22,None,66,1,5,False,1,1
16327,92,degCent,10,0.6832205414012739,0,22,None,66,1,5,False,1,1
16328,93,degCent,10,0.6840167197452229,0,22,None,66,1,5,False,1,1
16329,94,degCent,10,0.6843152866242038,0,22,None,66,1,5,False,1,1
16330,90,degCent,10,0.5985270700636943,0,32,None,66,1,5,False,1,1
16331,91,degCent,10,0.5908638535031847,0,32,None,66,1,5,False,1,1
16332,92,degCent,10,0.5904657643312102,0,32,None,66,1,5,False,1,1
16333,93,degCent,10,0.5919585987261147,0,32,None,66,1,5,False,1,1
16334,94,degCent,10,0.5933519108280255,0,32,None,66,1,5,False,1,1
19470,95,degCent,10,0.6160429936305732,0,1,None,66,1,5,False,1,1
19471,96,degCent,10,0.6605294585987261,0,1,None,66,1,5,False,1,1
19472,97,degCent,10,0.680234872611465,0,1,None,66,1,5,False,1,1
19473,98,degCent,10,0.6910828025477707,0,1,None,66,1,5,False,1,1
19474,99,degCent,10,0.696656050955414,0,1,None,66,1,5,False,1,1
19475,95,degCent,10,0.7137738853503185,0,13,None,66,1,5,False,1,1
19476,96,degCent,10,0.7148686305732485,0,13,None,66,1,5,False,1,1
19477,97,degCent,10,0.7161624203821656,0,13,None,66,1,5,False,1,1
19478,98,degCent,10,0.7170581210191083,0,13,None,66,1,5,False,1,1
19479,99,degCent,10,0.7175557324840764,0,13,None,66,1,5,False,1,1
19480,95,degCent,10,0.720640923566879,0,16,None,66,1,5,False,1,1
19481,96,degCent,10,0.7251194267515924,0,16,None,66,1,5,False,1,1
19482,97,degCent,10,0.7289012738853503,0,16,None,66,1,5,False,1,1
19483,98,degCent,10,0.7314888535031847,0,16,None,66,1,5,False,1,1
19484,99,degCent,10,0.7327826433121019,0,16,None,66,1,5,False,1,1
19485,95,degCent,10,0.6418192675159236,0,8,None,66,1,5,False,1,1
19486,96,degCent,10,0.6399283439490446,0,8,None,66,1,5,False,1,1
19487,97,degCent,10,0.6424164012738853,0,8,None,66,1,5,False,1,1
19488,98,degCent,10,0.6446058917197452,0,8,None,66,1,5,False,1,1
19489,99,degCent,10,0.6467953821656051,0,8,None,66,1,5,False,1,1
19490,95,degCent,10,0.6523686305732485,0,23,None,66,1,5,False,1,1
19491,96,degCent,10,0.6529657643312102,0,23,None,66,1,5,False,1,1
19492,97,degCent,10,0.6549562101910829,0,23,None,66,1,5,False,1,1
19493,98,degCent,10,0.6567476114649682,0,23,None,66,1,5,False,1,1
19494,99,degCent,10,0.658140923566879,0,23,None,66,1,5,False,1,1
19495,95,degCent,10,0.6728702229299363,0,25,None,66,1,5,False,1,1
19496,96,degCent,10,0.6586385350318471,0,25,None,66,1,5,False,1,1
19497,97,degCent,10,0.6552547770700637,0,25,None,66,1,5,False,1,1
19498,98,degCent,10,0.6528662420382165,0,25,None,66,1,5,False,1,1
19499,99,degCent,10,0.6508757961783439,0,25,None,66,1,5,False,1,1
19500,95,degCent,10,0.6273885350318471,0,26,None,66,1,5,False,1,1
19501,96,degCent,10,0.6226114649681529,0,26,None,66,1,5,False,1,1
19502,97,degCent,10,0.6213176751592356,0,26,None,66,1,5,False,1,1
19503,98,degCent,10,0.6198248407643312,0,26,None,66,1,5,False,1,1
19504,99,degCent,10,0.6196257961783439,0,26,None,66,1,5,False,1,1
19505,95,degCent,10,0.6564490445859873,0,29,None,66,1,5,False,1,1
19506,96,degCent,10,0.6513734076433121,0,29,None,66,1,5,False,1,1
19507,97,degCent,10,0.6471934713375797,0,29,None,66,1,5,False,1,1
19508,98,degCent,10,0.6465963375796179,0,29,None,66,1,5,False,1,1
19509,99,degCent,10,0.6469944267515924,0,29,None,66,1,5,False,1,1
19510,95,degCent,10,0.6841162420382165,0,30,None,66,1,5,False,1,1
19511,96,degCent,10,0.6961584394904459,0,30,None,66,1,5,False,1,1
19512,97,degCent,10,0.7030254777070064,0,30,None,66,1,5,False,1,1
19513,98,degCent,10,0.709593949044586,0,30,None,66,1,5,False,1,1
19514,99,degCent,10,0.7138734076433121,0,30,None,66,1,5,False,1,1
19515,95,degCent,10,0.7253184713375797,0,31,None,66,1,5,False,1,1
19516,96,degCent,10,0.7261146496815286,0,31,None,66,1,5,False,1,1
19517,97,degCent,10,0.7290007961783439,0,31,None,66,1,5,False,1,1
19518,98,degCent,10,0.730593152866242,0,31,None,66,1,5,False,1,1
19519,99,degCent,10,0.7331807324840764,0,31,None,66,1,5,False,1,1
19520,95,degCent,10,0.6924761146496815,0,27,None,66,1,5,False,1,1
19521,96,degCent,10,0.6927746815286624,0,27,None,66,1,5,False,1,1
19522,97,degCent,10,0.6927746815286624,0,27,None,66,1,5,False,1,1
19523,98,degCent,10,0.6940684713375797,0,27,None,66,1,5,False,1,1
19524,99,degCent,10,0.696656050955414,0,27,None,66,1,5,False,1,1
19525,95,degCent,10,0.6245023885350318,0,32,None,66,1,5,False,1,1
19526,96,degCent,10,0.6048964968152867,0,32,None,66,1,5,False,1,1
19527,97,degCent,10,0.6022093949044586,0,32,None,66,1,5,False,1,1
19528,98,degCent,10,0.6001194267515924,0,32,None,66,1,5,False,1,1
19529,99,degCent,10,0.5999203821656051,0,32,None,66,1,5,False,1,1
19530,95,degCent,10,0.6593351910828026,0,6,None,66,1,5,False,1,1
19531,96,degCent,10,0.6631170382165605,0,6,None,66,1,5,False,1,1
19532,97,degCent,10,0.6650079617834395,0,6,None,66,1,5,False,1,1
19533,98,degCent,10,0.6658041401273885,0,6,None,66,1,5,False,1,1
19534,99,degCent,10,0.667296974522293,0,6,None,66,1,5,False,1,1
19535,95,degCent,10,0.6157444267515924,0,2,None,66,1,5,False,1,1
19536,96,degCent,10,0.5902667197452229,0,2,None,66,1,5,False,1,1
19537,97,degCent,10,0.5751393312101911,0,2,None,66,1,5,False,1,1
19538,98,degCent,10,0.5727507961783439,0,2,None,66,1,5,False,1,1
19539,99,degCent,10,0.5737460191082803,0,2,None,66,1,5,False,1,1
19540,95,degCent,10,0.7075039808917197,0,5,None,66,1,5,False,1,1
19541,96,degCent,10,0.703125,0,5,None,66,1,5,False,1,1
19542,97,degCent,10,0.7023288216560509,0,5,None,66,1,5,False,1,1
19543,98,degCent,10,0.7024283439490446,0,5,None,66,1,5,False,1,1
19544,99,degCent,10,0.7029259554140127,0,5,None,66,1,5,False,1,1
19545,95,degCent,10,0.6624203821656051,0,3,None,66,1,5,False,1,1
19546,96,degCent,10,0.6620222929936306,0,3,None,66,1,5,False,1,1
19547,97,degCent,10,0.6628184713375797,0,3,None,66,1,5,False,1,1
19548,98,degCent,10,0.6641122611464968,0,3,None,66,1,5,False,1,1
19549,99,degCent,10,0.6651074840764332,0,3,None,66,1,5,False,1,1
19550,95,degCent,10,0.7148686305732485,0,7,None,66,1,5,False,1,1
19551,96,degCent,10,0.7172571656050956,0,7,None,66,1,5,False,1,1
19552,97,degCent,10,0.7191480891719745,0,7,None,66,1,5,False,1,1
19553,98,degCent,10,0.7224323248407644,0,7,None,66,1,5,False,1,1
19554,99,degCent,10,0.723328025477707,0,7,None,66,1,5,False,1,1
19555,95,degCent,10,0.6874004777070064,0,9,None,66,1,5,False,1,1
19556,96,degCent,10,0.6852109872611465,0,9,None,66,1,5,False,1,1
19557,97,degCent,10,0.6868033439490446,0,9,None,66,1,5,False,1,1
19558,98,degCent,10,0.689390923566879,0,9,None,66,1,5,False,1,1
19559,99,degCent,10,0.6915804140127388,0,9,None,66,1,5,False,1,1
19560,95,degCent,10,0.7163614649681529,0,10,None,66,1,5,False,1,1
19561,96,degCent,10,0.7175557324840764,0,10,None,66,1,5,False,1,1
19562,97,degCent,10,0.7182523885350318,0,10,None,66,1,5,False,1,1
19563,98,degCent,10,0.7197452229299363,0,10,None,66,1,5,False,1,1
19564,99,degCent,10,0.7223328025477707,0,10,None,66,1,5,False,1,1
19565,95,degCent,10,0.7070063694267515,0,11,None,66,1,5,False,1,1
19566,96,degCent,10,0.7083001592356688,0,11,None,66,1,5,False,1,1
19567,97,degCent,10,0.7096934713375797,0,11,None,66,1,5,False,1,1
19568,98,degCent,10,0.7116839171974523,0,11,None,66,1,5,False,1,1
19569,99,degCent,10,0.7132762738853503,0,11,None,66,1,5,False,1,1
19570,95,degCent,10,0.6907842356687898,0,12,None,66,1,5,False,1,1
19571,96,degCent,10,0.6951632165605095,0,12,None,66,1,5,False,1,1
19572,97,degCent,10,0.6971536624203821,0,12,None,66,1,5,False,1,1
19573,98,degCent,10,0.6984474522292994,0,12,None,66,1,5,False,1,1
19574,99,degCent,10,0.7002388535031847,0,12,None,66,1,5,False,1,1
19575,95,degCent,10,0.6520700636942676,0,15,None,66,1,5,False,1,1
19576,96,degCent,10,0.6527667197452229,0,15,None,66,1,5,False,1,1
19577,97,degCent,10,0.6529657643312102,0,15,None,66,1,5,False,1,1
19578,98,degCent,10,0.6537619426751592,0,15,None,66,1,5,False,1,1
19579,99,degCent,10,0.6532643312101911,0,15,None,66,1,5,False,1,1
19580,95,degCent,10,0.6740644904458599,0,17,None,66,1,5,False,1,1
19581,96,degCent,10,0.6774482484076433,0,17,None,66,1,5,False,1,1
19582,97,degCent,10,0.6805334394904459,0,17,None,66,1,5,False,1,1
19583,98,degCent,10,0.6823248407643312,0,17,None,66,1,5,False,1,1
19584,99,degCent,10,0.6835191082802548,0,17,None,66,1,5,False,1,1
19585,95,degCent,10,0.7231289808917197,0,18,None,66,1,5,False,1,1
19586,96,degCent,10,0.7254179936305732,0,18,None,66,1,5,False,1,1
19587,97,degCent,10,0.7275079617834395,0,18,None,66,1,5,False,1,1
19588,98,degCent,10,0.7293988853503185,0,18,None,66,1,5,False,1,1
19589,99,degCent,10,0.7301950636942676,0,18,None,66,1,5,False,1,1
19590,95,degCent,10,0.7088972929936306,0,20,None,66,1,5,False,1,1
19591,96,degCent,10,0.7082006369426752,0,20,None,66,1,5,False,1,1
19592,97,degCent,10,0.708797770700637,0,20,None,66,1,5,False,1,1
19593,98,degCent,10,0.7092953821656051,0,20,None,66,1,5,False,1,1
19594,99,degCent,10,0.7101910828025477,0,20,None,66,1,5,False,1,1
19595,95,degCent,10,0.669187898089172,0,28,None,66,1,5,False,1,1
19596,96,degCent,10,0.6632165605095541,0,28,None,66,1,5,False,1,1
19597,97,degCent,10,0.6629179936305732,0,28,None,66,1,5,False,1,1
19598,98,degCent,10,0.6650079617834395,0,28,None,66,1,5,False,1,1
19599,99,degCent,10,0.6663017515923567,0,28,None,66,1,5,False,1,1
19600,95,degCent,10,0.5972332802547771,0,19,None,66,1,5,False,1,1
19601,96,degCent,10,0.587281050955414,0,19,None,66,1,5,False,1,1
19602,97,degCent,10,0.5832006369426752,0,19,None,66,1,5,False,1,1
19603,98,degCent,10,0.5828025477707006,0,19,None,66,1,5,False,1,1
19604,99,degCent,10,0.5830015923566879,0,19,None,66,1,5,False,1,1
19605,95,degCent,10,0.7135748407643312,0,21,None,66,1,5,False,1,1
19606,96,degCent,10,0.7132762738853503,0,21,None,66,1,5,False,1,1
19607,97,degCent,10,0.7140724522292994,0,21,None,66,1,5,False,1,1
19608,98,degCent,10,0.7153662420382165,0,21,None,66,1,5,False,1,1
19609,99,degCent,10,0.7163614649681529,0,21,None,66,1,5,False,1,1
19610,95,degCent,10,0.6781449044585988,0,0,None,66,1,5,False,1,1
19611,96,degCent,10,0.6816281847133758,0,0,None,66,1,5,False,1,1
19612,97,degCent,10,0.6824243630573248,0,0,None,66,1,5,False,1,1
19613,98,degCent,10,0.6841162420382165,0,0,None,66,1,5,False,1,1
19614,99,degCent,10,0.6849124203821656,0,0,None,66,1,5,False,1,1
19615,95,degCent,10,0.6685907643312102,0,24,None,66,1,5,False,1,1
19616,96,degCent,10,0.6726711783439491,0,24,None,66,1,5,False,1,1
19617,97,degCent,10,0.6741640127388535,0,24,None,66,1,5,False,1,1
19618,98,degCent,10,0.6754578025477707,0,24,None,66,1,5,False,1,1
19619,99,degCent,10,0.6763535031847133,0,24,None,66,1,5,False,1,1
19620,95,degCent,10,0.4985071656050955,0,14,None,66,1,5,False,1,1
19621,96,degCent,10,0.5044785031847133,0,14,None,66,1,5,False,1,1
19622,97,degCent,10,0.5130374203821656,0,14,None,66,1,5,False,1,1
19623,98,degCent,10,0.519406847133758,0,14,None,66,1,5,False,1,1
19624,99,degCent,10,0.5258757961783439,0,14,None,66,1,5,False,1,1
19625,95,degCent,10,0.6975517515923567,0,22,None,66,1,5,False,1,1
19626,96,degCent,10,0.6919785031847133,0,22,None,66,1,5,False,1,1
19627,97,degCent,10,0.6904856687898089,0,22,None,66,1,5,False,1,1
19628,98,degCent,10,0.6906847133757962,0,22,None,66,1,5,False,1,1
19629,99,degCent,10,0.6899880573248408,0,22,None,66,1,5,False,1,1
19630,95,degCent,10,0.6092754777070064,0,4,None,66,1,5,False,1,1
19631,96,degCent,10,0.617734872611465,0,4,None,66,1,5,False,1,1
19632,97,degCent,10,0.6109673566878981,0,4,None,66,1,5,False,1,1
19633,98,degCent,10,0.6079816878980892,0,4,None,66,1,5,False,1,1
19634,99,degCent,10,0.605593152866242,0,4,None,66,1,5,False,1,1
19635,100,degCent,10,0.7232285031847133,0,16,None,66,1,5,False,1,1
19636,101,degCent,10,0.7286027070063694,0,16,None,66,1,5,False,1,1
19637,102,degCent,10,0.7309912420382165,0,16,None,66,1,5,False,1,1
19638,103,degCent,10,0.7336783439490446,0,16,None,66,1,5,False,1,1
19639,104,degCent,10,0.7358678343949044,0,16,None,66,1,5,False,1,1
19640,100,degCent,10,0.7278065286624203,0,18,None,66,1,5,False,1,1
19641,101,degCent,10,0.7296974522292994,0,18,None,66,1,5,False,1,1
19642,102,degCent,10,0.7313893312101911,0,18,None,66,1,5,False,1,1
19643,103,degCent,10,0.7328821656050956,0,18,None,66,1,5,False,1,1
19644,104,degCent,10,0.73328025477707,0,18,None,66,1,5,False,1,1
19645,100,degCent,10,0.5961385350318471,0,19,None,66,1,5,False,1,1
19646,101,degCent,10,0.588077229299363,0,19,None,66,1,5,False,1,1
19647,102,degCent,10,0.5861863057324841,0,19,None,66,1,5,False,1,1
19648,103,degCent,10,0.5863853503184714,0,19,None,66,1,5,False,1,1
19649,104,degCent,10,0.5859872611464968,0,19,None,66,1,5,False,1,1
19650,100,degCent,10,0.6795382165605095,0,24,None,66,1,5,False,1,1
19651,101,degCent,10,0.6839171974522293,0,24,None,66,1,5,False,1,1
19652,102,degCent,10,0.6857085987261147,0,24,None,66,1,5,False,1,1
19653,103,degCent,10,0.6872014331210191,0,24,None,66,1,5,False,1,1
19654,104,degCent,10,0.6880971337579618,0,24,None,66,1,5,False,1,1
19655,100,degCent,10,0.7371616242038217,0,31,None,66,1,5,False,1,1
19656,101,degCent,10,0.7391520700636943,0,31,None,66,1,5,False,1,1
19657,102,degCent,10,0.7399482484076433,0,31,None,66,1,5,False,1,1
19658,103,degCent,10,0.7401472929936306,0,31,None,66,1,5,False,1,1
19659,104,degCent,10,0.7402468152866242,0,31,None,66,1,5,False,1,1
19660,100,degCent,10,0.7163614649681529,0,20,None,66,1,5,False,1,1
19661,101,degCent,10,0.7145700636942676,0,20,None,66,1,5,False,1,1
19662,102,degCent,10,0.7152667197452229,0,20,None,66,1,5,False,1,1
19663,103,degCent,10,0.7156648089171974,0,20,None,66,1,5,False,1,1
19664,104,degCent,10,0.7164609872611465,0,20,None,66,1,5,False,1,1
19665,100,degCent,10,0.6681926751592356,0,15,None,66,1,5,False,1,1
19666,101,degCent,10,0.6667993630573248,0,15,None,66,1,5,False,1,1
19667,102,degCent,10,0.6657046178343949,0,15,None,66,1,5,False,1,1
19668,103,degCent,10,0.6666998407643312,0,15,None,66,1,5,False,1,1
19669,104,degCent,10,0.6664012738853503,0,15,None,66,1,5,False,1,1
19670,100,degCent,10,0.6117635350318471,0,32,None,66,1,5,False,1,1
19671,101,degCent,10,0.6042993630573248,0,32,None,66,1,5,False,1,1
19672,102,degCent,10,0.6041003184713376,0,32,None,66,1,5,False,1,1
19673,103,degCent,10,0.604796974522293,0,32,None,66,1,5,False,1,1
19674,104,degCent,10,0.6049960191082803,0,32,None,66,1,5,False,1,1
19675,100,degCent,10,0.6211186305732485,0,1,None,66,1,5,False,1,1
19676,101,degCent,10,0.6652070063694268,0,1,None,66,1,5,False,1,1
19677,102,degCent,10,0.6839171974522293,0,1,None,66,1,5,False,1,1
19678,103,degCent,10,0.6942675159235668,0,1,None,66,1,5,False,1,1
19679,104,degCent,10,0.7014331210191083,0,1,None,66,1,5,False,1,1
19680,100,degCent,10,0.6205214968152867,0,2,None,66,1,5,False,1,1
19681,101,degCent,10,0.5930533439490446,0,2,None,66,1,5,False,1,1
19682,102,degCent,10,0.5785230891719745,0,2,None,66,1,5,False,1,1
19683,103,degCent,10,0.5761345541401274,0,2,None,66,1,5,False,1,1
19684,104,degCent,10,0.5765326433121019,0,2,None,66,1,5,False,1,1
19685,100,degCent,10,0.6876990445859873,0,0,None,66,1,5,False,1,1
19686,101,degCent,10,0.6874004777070064,0,0,None,66,1,5,False,1,1
19687,102,degCent,10,0.6879976114649682,0,0,None,66,1,5,False,1,1
19688,103,degCent,10,0.6881966560509554,0,0,None,66,1,5,False,1,1
19689,104,degCent,10,0.6881966560509554,0,0,None,66,1,5,False,1,1
19690,100,degCent,10,0.649781050955414,0,8,None,66,1,5,False,1,1
19691,101,degCent,10,0.6493829617834395,0,8,None,66,1,5,False,1,1
19692,102,degCent,10,0.6507762738853503,0,8,None,66,1,5,False,1,1
19693,103,degCent,10,0.652468152866242,0,8,None,66,1,5,False,1,1
19694,104,degCent,10,0.6541600318471338,0,8,None,66,1,5,False,1,1
19695,100,degCent,10,0.7178542993630573,0,13,None,66,1,5,False,1,1
19696,101,degCent,10,0.7181528662420382,0,13,None,66,1,5,False,1,1
19697,102,degCent,10,0.7196457006369427,0,13,None,66,1,5,False,1,1
19698,103,degCent,10,0.7200437898089171,0,13,None,66,1,5,False,1,1
19699,104,degCent,10,0.7205414012738853,0,13,None,66,1,5,False,1,1
19700,100,degCent,10,0.7180533439490446,0,21,None,66,1,5,False,1,1
19701,101,degCent,10,0.7177547770700637,0,21,None,66,1,5,False,1,1
19702,102,degCent,10,0.71765525477707,0,21,None,66,1,5,False,1,1
19703,103,degCent,10,0.7185509554140127,0,21,None,66,1,5,False,1,1
19704,104,degCent,10,0.7192476114649682,0,21,None,66,1,5,False,1,1
19705,100,degCent,10,0.6643113057324841,0,23,None,66,1,5,False,1,1
19706,101,degCent,10,0.6655055732484076,0,23,None,66,1,5,False,1,1
19707,102,degCent,10,0.6667993630573248,0,23,None,66,1,5,False,1,1
19708,103,degCent,10,0.6683917197452229,0,23,None,66,1,5,False,1,1
19709,104,degCent,10,0.6703821656050956,0,23,None,66,1,5,False,1,1
19710,100,degCent,10,0.693968949044586,0,27,None,66,1,5,False,1,1
19711,101,degCent,10,0.6935708598726115,0,27,None,66,1,5,False,1,1
19712,102,degCent,10,0.6948646496815286,0,27,None,66,1,5,False,1,1
19713,103,degCent,10,0.6961584394904459,0,27,None,66,1,5,False,1,1
19714,104,degCent,10,0.6980493630573248,0,27,None,66,1,5,False,1,1
19715,100,degCent,10,0.6786425159235668,0,28,None,66,1,5,False,1,1
19716,101,degCent,10,0.6701831210191083,0,28,None,66,1,5,False,1,1
19717,102,degCent,10,0.6703821656050956,0,28,None,66,1,5,False,1,1
19718,103,degCent,10,0.6706807324840764,0,28,None,66,1,5,False,1,1
19719,104,degCent,10,0.6708797770700637,0,28,None,66,1,5,False,1,1
19720,100,degCent,10,0.6641122611464968,0,29,None,66,1,5,False,1,1
19721,101,degCent,10,0.6574442675159236,0,29,None,66,1,5,False,1,1
19722,102,degCent,10,0.6544585987261147,0,29,None,66,1,5,False,1,1
19723,103,degCent,10,0.6533638535031847,0,29,None,66,1,5,False,1,1
19724,104,degCent,10,0.652468152866242,0,29,None,66,1,5,False,1,1
19725,100,degCent,10,0.6785429936305732,0,25,None,66,1,5,False,1,1
19726,101,degCent,10,0.664609872611465,0,25,None,66,1,5,False,1,1
19727,102,degCent,10,0.6594347133757962,0,25,None,66,1,5,False,1,1
19728,103,degCent,10,0.6560509554140127,0,25,None,66,1,5,False,1,1
19729,104,degCent,10,0.6569466560509554,0,25,None,66,1,5,False,1,1
19730,100,degCent,10,0.7216361464968153,0,10,None,66,1,5,False,1,1
19731,101,degCent,10,0.7231289808917197,0,10,None,66,1,5,False,1,1
19732,102,degCent,10,0.7247213375796179,0,10,None,66,1,5,False,1,1
19733,103,degCent,10,0.7269108280254777,0,10,None,66,1,5,False,1,1
19734,104,degCent,10,0.7283041401273885,0,10,None,66,1,5,False,1,1
19735,100,degCent,10,0.7193471337579618,0,11,None,66,1,5,False,1,1
19736,101,degCent,10,0.7186504777070064,0,11,None,66,1,5,False,1,1
19737,102,degCent,10,0.7202428343949044,0,11,None,66,1,5,False,1,1
19738,103,degCent,10,0.7212380573248408,0,11,None,66,1,5,False,1,1
19739,104,degCent,10,0.722531847133758,0,11,None,66,1,5,False,1,1
19740,100,degCent,10,0.6714769108280255,0,3,None,66,1,5,False,1,1
19741,101,degCent,10,0.6702826433121019,0,3,None,66,1,5,False,1,1
19742,102,degCent,10,0.6713773885350318,0,3,None,66,1,5,False,1,1
19743,103,degCent,10,0.6731687898089171,0,3,None,66,1,5,False,1,1
19744,104,degCent,10,0.6730692675159236,0,3,None,66,1,5,False,1,1
19745,100,degCent,10,0.6871019108280255,0,17,None,66,1,5,False,1,1
19746,101,degCent,10,0.6895899681528662,0,17,None,66,1,5,False,1,1
19747,102,degCent,10,0.6908837579617835,0,17,None,66,1,5,False,1,1
19748,103,degCent,10,0.6934713375796179,0,17,None,66,1,5,False,1,1
19749,104,degCent,10,0.695859872611465,0,17,None,66,1,5,False,1,1
19750,100,degCent,10,0.7118829617834395,0,5,None,66,1,5,False,1,1
19751,101,degCent,10,0.7080015923566879,0,5,None,66,1,5,False,1,1
19752,102,degCent,10,0.7068073248407644,0,5,None,66,1,5,False,1,1
19753,103,degCent,10,0.7071058917197452,0,5,None,66,1,5,False,1,1
19754,104,degCent,10,0.7072054140127388,0,5,None,66,1,5,False,1,1
19755,100,degCent,10,0.625,0,4,None,66,1,5,False,1,1
19756,101,degCent,10,0.6230095541401274,0,4,None,66,1,5,False,1,1
19757,102,degCent,10,0.6167396496815286,0,4,None,66,1,5,False,1,1
19758,103,degCent,10,0.6134554140127388,0,4,None,66,1,5,False,1,1
19759,104,degCent,10,0.609375,0,4,None,66,1,5,False,1,1
19760,100,degCent,10,0.7189490445859873,0,7,None,66,1,5,False,1,1
19761,101,degCent,10,0.7222332802547771,0,7,None,66,1,5,False,1,1
19762,102,degCent,10,0.7235270700636943,0,7,None,66,1,5,False,1,1
19763,103,degCent,10,0.7267117834394905,0,7,None,66,1,5,False,1,1
19764,104,degCent,10,0.7303941082802548,0,7,None,66,1,5,False,1,1
19765,100,degCent,10,0.7021297770700637,0,12,None,66,1,5,False,1,1
19766,101,degCent,10,0.7028264331210191,0,12,None,66,1,5,False,1,1
19767,102,degCent,10,0.7043192675159236,0,12,None,66,1,5,False,1,1
19768,103,degCent,10,0.7056130573248408,0,12,None,66,1,5,False,1,1
19769,104,degCent,10,0.7066082802547771,0,12,None,66,1,5,False,1,1
19770,100,degCent,10,0.6316679936305732,0,26,None,66,1,5,False,1,1
19771,101,degCent,10,0.6270899681528662,0,26,None,66,1,5,False,1,1
19772,102,degCent,10,0.6250995222929936,0,26,None,66,1,5,False,1,1
19773,103,degCent,10,0.6247014331210191,0,26,None,66,1,5,False,1,1
19774,104,degCent,10,0.6236066878980892,0,26,None,66,1,5,False,1,1
19775,100,degCent,10,0.6879976114649682,0,30,None,66,1,5,False,1,1
19776,101,degCent,10,0.7003383757961783,0,30,None,66,1,5,False,1,1
19777,102,degCent,10,0.7098925159235668,0,30,None,66,1,5,False,1,1
19778,103,degCent,10,0.7159633757961783,0,30,None,66,1,5,False,1,1
19779,104,degCent,10,0.7200437898089171,0,30,None,66,1,5,False,1,1
19780,100,degCent,10,0.6986464968152867,0,9,None,66,1,5,False,1,1
19781,101,degCent,10,0.6972531847133758,0,9,None,66,1,5,False,1,1
19782,102,degCent,10,0.6989450636942676,0,9,None,66,1,5,False,1,1
19783,103,degCent,10,0.7008359872611465,0,9,None,66,1,5,False,1,1
19784,104,degCent,10,0.7018312101910829,0,9,None,66,1,5,False,1,1
19785,100,degCent,10,0.6667993630573248,0,6,None,66,1,5,False,1,1
19786,101,degCent,10,0.6685907643312102,0,6,None,66,1,5,False,1,1
19787,102,degCent,10,0.6703821656050956,0,6,None,66,1,5,False,1,1
19788,103,degCent,10,0.6720740445859873,0,6,None,66,1,5,False,1,1
19789,104,degCent,10,0.6736664012738853,0,6,None,66,1,5,False,1,1
19790,100,degCent,10,0.6900875796178344,0,22,None,66,1,5,False,1,1
19791,101,degCent,10,0.689390923566879,0,22,None,66,1,5,False,1,1
19792,102,degCent,10,0.6902866242038217,0,22,None,66,1,5,False,1,1
19793,103,degCent,10,0.6897890127388535,0,22,None,66,1,5,False,1,1
19794,104,degCent,10,0.6910828025477707,0,22,None,66,1,5,False,1,1
19795,100,degCent,10,0.5215963375796179,0,14,None,66,1,5,False,1,1
19796,101,degCent,10,0.5275676751592356,0,14,None,66,1,5,False,1,1
19797,102,degCent,10,0.5362261146496815,0,14,None,66,1,5,False,1,1
19798,103,degCent,10,0.5397093949044586,0,14,None,66,1,5,False,1,1
19799,104,degCent,10,0.5426950636942676,0,14,None,66,1,5,False,1,1
23265,105,degCent,10,0.6267914012738853,0,1,None,66,1,5,False,1,1
23266,106,degCent,10,0.6727707006369427,0,1,None,66,1,5,False,1,1
23267,107,degCent,10,0.6903861464968153,0,1,None,66,1,5,False,1,1
23268,108,degCent,10,0.7005374203821656,0,1,None,66,1,5,False,1,1
23269,109,degCent,10,0.7060111464968153,0,1,None,66,1,5,False,1,1
23270,105,degCent,10,0.625,0,2,None,66,1,5,False,1,1
23271,106,degCent,10,0.5974323248407644,0,2,None,66,1,5,False,1,1
23272,107,degCent,10,0.5820063694267515,0,2,None,66,1,5,False,1,1
23273,108,degCent,10,0.5786226114649682,0,2,None,66,1,5,False,1,1
23274,109,degCent,10,0.5795183121019108,0,2,None,66,1,5,False,1,1
23275,105,degCent,10,0.6679936305732485,0,15,None,66,1,5,False,1,1
23276,106,degCent,10,0.6681926751592356,0,15,None,66,1,5,False,1,1
23277,107,degCent,10,0.6684912420382165,0,15,None,66,1,5,False,1,1
23278,108,degCent,10,0.6679936305732485,0,15,None,66,1,5,False,1,1
23279,109,degCent,10,0.6676950636942676,0,15,None,66,1,5,False,1,1
23280,105,degCent,10,0.7242237261146497,0,10,None,66,1,5,False,1,1
23281,106,degCent,10,0.7255175159235668,0,10,None,66,1,5,False,1,1
23282,107,degCent,10,0.7276074840764332,0,10,None,66,1,5,False,1,1
23283,108,degCent,10,0.7295979299363057,0,10,None,66,1,5,False,1,1
23284,109,degCent,10,0.7320859872611465,0,10,None,66,1,5,False,1,1
23285,105,degCent,10,0.7274084394904459,0,16,None,66,1,5,False,1,1
23286,106,degCent,10,0.7300955414012739,0,16,None,66,1,5,False,1,1
23287,107,degCent,10,0.7340764331210191,0,16,None,66,1,5,False,1,1
23288,108,degCent,10,0.7374601910828026,0,16,None,66,1,5,False,1,1
23289,109,degCent,10,0.7393511146496815,0,16,None,66,1,5,False,1,1
23290,105,degCent,10,0.7215366242038217,0,11,None,66,1,5,False,1,1
23291,106,degCent,10,0.7208399681528662,0,11,None,66,1,5,False,1,1
23292,107,degCent,10,0.7228304140127388,0,11,None,66,1,5,False,1,1
23293,108,degCent,10,0.7255175159235668,0,11,None,66,1,5,False,1,1
23294,109,degCent,10,0.7265127388535032,0,11,None,66,1,5,False,1,1
23295,105,degCent,10,0.6540605095541401,0,8,None,66,1,5,False,1,1
23296,106,degCent,10,0.6534633757961783,0,8,None,66,1,5,False,1,1
23297,107,degCent,10,0.6540605095541401,0,8,None,66,1,5,False,1,1
23298,108,degCent,10,0.6560509554140127,0,8,None,66,1,5,False,1,1
23299,109,degCent,10,0.6571457006369427,0,8,None,66,1,5,False,1,1
23300,105,degCent,10,0.7216361464968153,0,20,None,66,1,5,False,1,1
23301,106,degCent,10,0.7202428343949044,0,20,None,66,1,5,False,1,1
23302,107,degCent,10,0.7199442675159236,0,20,None,66,1,5,False,1,1
23303,108,degCent,10,0.7201433121019108,0,20,None,66,1,5,False,1,1
23304,109,degCent,10,0.7205414012738853,0,20,None,66,1,5,False,1,1
23305,105,degCent,10,0.5993232484076433,0,19,None,66,1,5,False,1,1
23306,106,degCent,10,0.5919585987261147,0,19,None,66,1,5,False,1,1
23307,107,degCent,10,0.5895700636942676,0,19,None,66,1,5,False,1,1
23308,108,degCent,10,0.5889729299363057,0,19,None,66,1,5,False,1,1
23309,109,degCent,10,0.5898686305732485,0,19,None,66,1,5,False,1,1
23310,105,degCent,10,0.7079020700636943,0,22,None,66,1,5,False,1,1
23311,106,degCent,10,0.7009355095541401,0,22,None,66,1,5,False,1,1
23312,107,degCent,10,0.6984474522292994,0,22,None,66,1,5,False,1,1
23313,108,degCent,10,0.6967555732484076,0,22,None,66,1,5,False,1,1
23314,109,degCent,10,0.6973527070063694,0,22,None,66,1,5,False,1,1
23315,105,degCent,10,0.6913813694267515,0,17,None,66,1,5,False,1,1
23316,106,degCent,10,0.6935708598726115,0,17,None,66,1,5,False,1,1
23317,107,degCent,10,0.6968550955414012,0,17,None,66,1,5,False,1,1
23318,108,degCent,10,0.6995421974522293,0,17,None,66,1,5,False,1,1
23319,109,degCent,10,0.7021297770700637,0,17,None,66,1,5,False,1,1
23320,105,degCent,10,0.7220342356687898,0,21,None,66,1,5,False,1,1
23321,106,degCent,10,0.7211385350318471,0,21,None,66,1,5,False,1,1
23322,107,degCent,10,0.722531847133758,0,21,None,66,1,5,False,1,1
23323,108,degCent,10,0.7234275477707006,0,21,None,66,1,5,False,1,1
23324,109,degCent,10,0.7241242038216561,0,21,None,66,1,5,False,1,1
23325,105,degCent,10,0.6826234076433121,0,24,None,66,1,5,False,1,1
23326,106,degCent,10,0.6873009554140127,0,24,None,66,1,5,False,1,1
23327,107,degCent,10,0.68859474522293,0,24,None,66,1,5,False,1,1
23328,108,degCent,10,0.6913813694267515,0,24,None,66,1,5,False,1,1
23329,109,degCent,10,0.6924761146496815,0,24,None,66,1,5,False,1,1
23330,105,degCent,10,0.6796377388535032,0,28,None,66,1,5,False,1,1
23331,106,degCent,10,0.6723726114649682,0,28,None,66,1,5,False,1,1
23332,107,degCent,10,0.6731687898089171,0,28,None,66,1,5,False,1,1
23333,108,degCent,10,0.673765923566879,0,28,None,66,1,5,False,1,1
23334,109,degCent,10,0.6748606687898089,0,28,None,66,1,5,False,1,1
23335,105,degCent,10,0.6734673566878981,0,29,None,66,1,5,False,1,1
23336,106,degCent,10,0.6675955414012739,0,29,None,66,1,5,False,1,1
23337,107,degCent,10,0.6631170382165605,0,29,None,66,1,5,False,1,1
23338,108,degCent,10,0.6596337579617835,0,29,None,66,1,5,False,1,1
23339,109,degCent,10,0.6576433121019108,0,29,None,66,1,5,False,1,1
23340,105,degCent,10,0.7011345541401274,0,9,None,66,1,5,False,1,1
23341,106,degCent,10,0.7009355095541401,0,9,None,66,1,5,False,1,1
23342,107,degCent,10,0.70203025477707,0,9,None,66,1,5,False,1,1
23343,108,degCent,10,0.7029259554140127,0,9,None,66,1,5,False,1,1
23344,109,degCent,10,0.7044187898089171,0,9,None,66,1,5,False,1,1
23345,105,degCent,10,0.7299960191082803,0,18,None,66,1,5,False,1,1
23346,106,degCent,10,0.730593152866242,0,18,None,66,1,5,False,1,1
23347,107,degCent,10,0.7331807324840764,0,18,None,66,1,5,False,1,1
23348,108,degCent,10,0.7336783439490446,0,18,None,66,1,5,False,1,1
23349,109,degCent,10,0.73546974522293,0,18,None,66,1,5,False,1,1
23350,105,degCent,10,0.6944665605095541,0,27,None,66,1,5,False,1,1
23351,106,degCent,10,0.6929737261146497,0,27,None,66,1,5,False,1,1
23352,107,degCent,10,0.6943670382165605,0,27,None,66,1,5,False,1,1
23353,108,degCent,10,0.6963574840764332,0,27,None,66,1,5,False,1,1
23354,109,degCent,10,0.6977507961783439,0,27,None,66,1,5,False,1,1
23355,105,degCent,10,0.7417396496815286,0,31,None,66,1,5,False,1,1
23356,106,degCent,10,0.7436305732484076,0,31,None,66,1,5,False,1,1
23357,107,degCent,10,0.7437300955414012,0,31,None,66,1,5,False,1,1
23358,108,degCent,10,0.7442277070063694,0,31,None,66,1,5,False,1,1
23359,109,degCent,10,0.745421974522293,0,31,None,66,1,5,False,1,1
23360,105,degCent,10,0.7158638535031847,0,5,None,66,1,5,False,1,1
23361,106,degCent,10,0.7124800955414012,0,5,None,66,1,5,False,1,1
23362,107,degCent,10,0.711484872611465,0,5,None,66,1,5,False,1,1
23363,108,degCent,10,0.7117834394904459,0,5,None,66,1,5,False,1,1
23364,109,degCent,10,0.7111863057324841,0,5,None,66,1,5,False,1,1
23365,105,degCent,10,0.5360270700636943,0,14,None,66,1,5,False,1,1
23366,106,degCent,10,0.5427945859872612,0,14,None,66,1,5,False,1,1
23367,107,degCent,10,0.5485668789808917,0,14,None,66,1,5,False,1,1
23368,108,degCent,10,0.552547770700637,0,14,None,66,1,5,False,1,1
23369,109,degCent,10,0.5550358280254777,0,14,None,66,1,5,False,1,1
23370,105,degCent,10,0.6895899681528662,0,30,None,66,1,5,False,1,1
23371,106,degCent,10,0.7041202229299363,0,30,None,66,1,5,False,1,1
23372,107,degCent,10,0.7140724522292994,0,30,None,66,1,5,False,1,1
23373,108,degCent,10,0.7200437898089171,0,30,None,66,1,5,False,1,1
23374,109,degCent,10,0.7247213375796179,0,30,None,66,1,5,False,1,1
23375,105,degCent,10,0.6758558917197452,0,6,None,66,1,5,False,1,1
23376,106,degCent,10,0.6758558917197452,0,6,None,66,1,5,False,1,1
23377,107,degCent,10,0.6760549363057324,0,6,None,66,1,5,False,1,1
23378,108,degCent,10,0.6777468152866242,0,6,None,66,1,5,False,1,1
23379,109,degCent,10,0.6790406050955414,0,6,None,66,1,5,False,1,1
23380,105,degCent,10,0.7051154458598726,0,12,None,66,1,5,False,1,1
23381,106,degCent,10,0.7076035031847133,0,12,None,66,1,5,False,1,1
23382,107,degCent,10,0.7084992038216561,0,12,None,66,1,5,False,1,1
23383,108,degCent,10,0.7092953821656051,0,12,None,66,1,5,False,1,1
23384,109,degCent,10,0.7107882165605095,0,12,None,66,1,5,False,1,1
23385,105,degCent,10,0.6762539808917197,0,3,None,66,1,5,False,1,1
23386,106,degCent,10,0.676453025477707,0,3,None,66,1,5,False,1,1
23387,107,degCent,10,0.6774482484076433,0,3,None,66,1,5,False,1,1
23388,108,degCent,10,0.678343949044586,0,3,None,66,1,5,False,1,1
23389,109,degCent,10,0.6786425159235668,0,3,None,66,1,5,False,1,1
23390,105,degCent,10,0.7203423566878981,0,13,None,66,1,5,False,1,1
23391,106,degCent,10,0.7205414012738853,0,13,None,66,1,5,False,1,1
23392,107,degCent,10,0.7215366242038217,0,13,None,66,1,5,False,1,1
23393,108,degCent,10,0.7211385350318471,0,13,None,66,1,5,False,1,1
23394,109,degCent,10,0.7211385350318471,0,13,None,66,1,5,False,1,1
23395,105,degCent,10,0.6849124203821656,0,25,None,66,1,5,False,1,1
23396,106,degCent,10,0.669984076433121,0,25,None,66,1,5,False,1,1
23397,107,degCent,10,0.6644108280254777,0,25,None,66,1,5,False,1,1
23398,108,degCent,10,0.6624203821656051,0,25,None,66,1,5,False,1,1
23399,109,degCent,10,0.6620222929936306,0,25,None,66,1,5,False,1,1
23400,105,degCent,10,0.6367436305732485,0,26,None,66,1,5,False,1,1
23401,106,degCent,10,0.6321656050955414,0,26,None,66,1,5,False,1,1
23402,107,degCent,10,0.6302746815286624,0,26,None,66,1,5,False,1,1
23403,108,degCent,10,0.6296775477707006,0,26,None,66,1,5,False,1,1
23404,109,degCent,10,0.629578025477707,0,26,None,66,1,5,False,1,1
23405,105,degCent,10,0.6658041401273885,0,23,None,66,1,5,False,1,1
23406,106,degCent,10,0.6655055732484076,0,23,None,66,1,5,False,1,1
23407,107,degCent,10,0.6674960191082803,0,23,None,66,1,5,False,1,1
23408,108,degCent,10,0.6683917197452229,0,23,None,66,1,5,False,1,1
23409,109,degCent,10,0.6708797770700637,0,23,None,66,1,5,False,1,1
23410,105,degCent,10,0.6907842356687898,0,0,None,66,1,5,False,1,1
23411,106,degCent,10,0.6917794585987261,0,0,None,66,1,5,False,1,1
23412,107,degCent,10,0.6916799363057324,0,0,None,66,1,5,False,1,1
23413,108,degCent,10,0.6915804140127388,0,0,None,66,1,5,False,1,1
23414,109,degCent,10,0.6929737261146497,0,0,None,66,1,5,False,1,1
23415,110,degCent,10,0.6842157643312102,0,25,None,66,1,5,False,1,1
23416,111,degCent,10,0.6696855095541401,0,25,None,66,1,5,False,1,1
23417,112,degCent,10,0.6641122611464968,0,25,None,66,1,5,False,1,1
23418,113,degCent,10,0.6632165605095541,0,25,None,66,1,5,False,1,1
23419,114,degCent,10,0.6629179936305732,0,25,None,66,1,5,False,1,1
23420,110,degCent,10,0.6909832802547771,0,24,None,66,1,5,False,1,1
23421,111,degCent,10,0.693968949044586,0,24,None,66,1,5,False,1,1
23422,112,degCent,10,0.6954617834394905,0,24,None,66,1,5,False,1,1
23423,113,degCent,10,0.696656050955414,0,24,None,66,1,5,False,1,1
23424,114,degCent,10,0.6989450636942676,0,24,None,66,1,5,False,1,1
23425,110,degCent,10,0.7420382165605095,0,31,None,66,1,5,False,1,1
23426,111,degCent,10,0.744327229299363,0,31,None,66,1,5,False,1,1
23427,112,degCent,10,0.745421974522293,0,31,None,66,1,5,False,1,1
23428,113,degCent,10,0.7468152866242038,0,31,None,66,1,5,False,1,1
23429,114,degCent,10,0.7483081210191083,0,31,None,66,1,5,False,1,1
23430,105,degCent,10,0.726015127388535,0,7,None,66,1,5,False,1,1
23431,106,degCent,10,0.7313893312101911,0,7,None,66,1,5,False,1,1
23432,107,degCent,10,0.7340764331210191,0,7,None,66,1,5,False,1,1
23433,108,degCent,10,0.7358678343949044,0,7,None,66,1,5,False,1,1
23434,109,degCent,10,0.7384554140127388,0,7,None,66,1,5,False,1,1
23435,105,degCent,10,0.6331608280254777,0,4,None,66,1,5,False,1,1
23436,106,degCent,10,0.6259952229299363,0,4,None,66,1,5,False,1,1
23437,107,degCent,10,0.620421974522293,0,4,None,66,1,5,False,1,1
23438,108,degCent,10,0.6165406050955414,0,4,None,66,1,5,False,1,1
23439,109,degCent,10,0.6133558917197452,0,4,None,66,1,5,False,1,1
23440,105,degCent,10,0.6156449044585988,0,32,None,66,1,5,False,1,1
23441,106,degCent,10,0.6079816878980892,0,32,None,66,1,5,False,1,1
23442,107,degCent,10,0.6080812101910829,0,32,None,66,1,5,False,1,1
23443,108,degCent,10,0.6095740445859873,0,32,None,66,1,5,False,1,1
23444,109,degCent,10,0.6116640127388535,0,32,None,66,1,5,False,1,1
23445,110,degCent,10,0.7237261146496815,0,13,None,66,1,5,False,1,1
23446,111,degCent,10,0.723328025477707,0,13,None,66,1,5,False,1,1
23447,112,degCent,10,0.7247213375796179,0,13,None,66,1,5,False,1,1
23448,113,degCent,10,0.724422770700637,0,13,None,66,1,5,False,1,1
23449,114,degCent,10,0.7249203821656051,0,13,None,66,1,5,False,1,1
23450,110,degCent,10,0.6336584394904459,0,1,None,66,1,5,False,1,1
23451,111,degCent,10,0.6779458598726115,0,1,None,66,1,5,False,1,1
23452,112,degCent,10,0.6957603503184714,0,1,None,66,1,5,False,1,1
23453,113,degCent,10,0.7056130573248408,0,1,None,66,1,5,False,1,1
23454,114,degCent,10,0.7096934713375797,0,1,None,66,1,5,False,1,1
23455,110,degCent,10,0.7282046178343949,0,21,None,66,1,5,False,1,1
23456,111,degCent,10,0.7269108280254777,0,21,None,66,1,5,False,1,1
23457,112,degCent,10,0.7270103503184714,0,21,None,66,1,5,False,1,1
23458,113,degCent,10,0.7284036624203821,0,21,None,66,1,5,False,1,1
23459,114,degCent,10,0.7304936305732485,0,21,None,66,1,5,False,1,1
23460,110,degCent,10,0.6991441082802548,0,27,None,66,1,5,False,1,1
23461,111,degCent,10,0.6982484076433121,0,27,None,66,1,5,False,1,1
23462,112,degCent,10,0.6992436305732485,0,27,None,66,1,5,False,1,1
23463,113,degCent,10,0.7003383757961783,0,27,None,66,1,5,False,1,1
23464,114,degCent,10,0.7015326433121019,0,27,None,66,1,5,False,1,1
23465,110,degCent,10,0.6780453821656051,0,29,None,66,1,5,False,1,1
23466,111,degCent,10,0.6710788216560509,0,29,None,66,1,5,False,1,1
23467,112,degCent,10,0.6669984076433121,0,29,None,66,1,5,False,1,1
23468,113,degCent,10,0.6657046178343949,0,29,None,66,1,5,False,1,1
23469,114,degCent,10,0.6649084394904459,0,29,None,66,1,5,False,1,1
23470,110,degCent,10,0.6282842356687898,0,2,None,66,1,5,False,1,1
23471,111,degCent,10,0.601015127388535,0,2,None,66,1,5,False,1,1
23472,112,degCent,10,0.5848925159235668,0,2,None,66,1,5,False,1,1
23473,113,degCent,10,0.5813097133757962,0,2,None,66,1,5,False,1,1
23474,114,degCent,10,0.5818073248407644,0,2,None,66,1,5,False,1,1
23475,110,degCent,10,0.7072054140127388,0,9,None,66,1,5,False,1,1
23476,111,degCent,10,0.7064092356687898,0,9,None,66,1,5,False,1,1
23477,112,degCent,10,0.7073049363057324,0,9,None,66,1,5,False,1,1
23478,113,degCent,10,0.7085987261146497,0,9,None,66,1,5,False,1,1
23479,114,degCent,10,0.7098925159235668,0,9,None,66,1,5,False,1,1
23480,110,degCent,10,0.6952627388535032,0,17,None,66,1,5,False,1,1
23481,111,degCent,10,0.6959593949044586,0,17,None,66,1,5,False,1,1
23482,112,degCent,10,0.6984474522292994,0,17,None,66,1,5,False,1,1
23483,113,degCent,10,0.7013335987261147,0,17,None,66,1,5,False,1,1
23484,114,degCent,10,0.7038216560509554,0,17,None,66,1,5,False,1,1
23485,110,degCent,10,0.685609076433121,0,28,None,66,1,5,False,1,1
23486,111,degCent,10,0.677547770700637,0,28,None,66,1,5,False,1,1
23487,112,degCent,10,0.6766520700636943,0,28,None,66,1,5,False,1,1
23488,113,degCent,10,0.6770501592356688,0,28,None,66,1,5,False,1,1
23489,114,degCent,10,0.6779458598726115,0,28,None,66,1,5,False,1,1
23490,110,degCent,10,0.6388335987261147,0,26,None,66,1,5,False,1,1
23491,111,degCent,10,0.6331608280254777,0,26,None,66,1,5,False,1,1
23492,112,degCent,10,0.632265127388535,0,26,None,66,1,5,False,1,1
23493,113,degCent,10,0.6311703821656051,0,26,None,66,1,5,False,1,1
23494,114,degCent,10,0.6308718152866242,0,26,None,66,1,5,False,1,1
23495,110,degCent,10,0.7067078025477707,0,12,None,66,1,5,False,1,1
23496,111,degCent,10,0.7079020700636943,0,12,None,66,1,5,False,1,1
23497,112,degCent,10,0.7091958598726115,0,12,None,66,1,5,False,1,1
23498,113,degCent,10,0.711484872611465,0,12,None,66,1,5,False,1,1
23499,114,degCent,10,0.7126791401273885,0,12,None,66,1,5,False,1,1
23500,110,degCent,10,0.6904856687898089,0,30,None,66,1,5,False,1,1
23501,111,degCent,10,0.7091958598726115,0,30,None,66,1,5,False,1,1
23502,112,degCent,10,0.7193471337579618,0,30,None,66,1,5,False,1,1
23503,113,degCent,10,0.725218949044586,0,30,None,66,1,5,False,1,1
23504,114,degCent,10,0.7306926751592356,0,30,None,66,1,5,False,1,1
23505,110,degCent,10,0.7251194267515924,0,11,None,66,1,5,False,1,1
23506,111,degCent,10,0.7255175159235668,0,11,None,66,1,5,False,1,1
23507,112,degCent,10,0.7276074840764332,0,11,None,66,1,5,False,1,1
23508,113,degCent,10,0.7301950636942676,0,11,None,66,1,5,False,1,1
23509,114,degCent,10,0.7327826433121019,0,11,None,66,1,5,False,1,1
23510,110,degCent,10,0.7264132165605095,0,10,None,66,1,5,False,1,1
23511,111,degCent,10,0.7291003184713376,0,10,None,66,1,5,False,1,1
23512,112,degCent,10,0.7310907643312102,0,10,None,66,1,5,False,1,1
23513,113,degCent,10,0.7338773885350318,0,10,None,66,1,5,False,1,1
23514,114,degCent,10,0.7356687898089171,0,10,None,66,1,5,False,1,1
23515,110,degCent,10,0.6715764331210191,0,15,None,66,1,5,False,1,1
23516,111,degCent,10,0.6728702229299363,0,15,None,66,1,5,False,1,1
23517,112,degCent,10,0.6723726114649682,0,15,None,66,1,5,False,1,1
23518,113,degCent,10,0.6726711783439491,0,15,None,66,1,5,False,1,1
23519,114,degCent,10,0.6726711783439491,0,15,None,66,1,5,False,1,1
23520,110,degCent,10,0.7253184713375797,0,20,None,66,1,5,False,1,1
23521,111,degCent,10,0.7234275477707006,0,20,None,66,1,5,False,1,1
23522,112,degCent,10,0.7237261146496815,0,20,None,66,1,5,False,1,1
23523,113,degCent,10,0.7239251592356688,0,20,None,66,1,5,False,1,1
23524,114,degCent,10,0.7254179936305732,0,20,None,66,1,5,False,1,1
23525,110,degCent,10,0.5524482484076433,0,14,None,66,1,5,False,1,1
23526,111,degCent,10,0.5571257961783439,0,14,None,66,1,5,False,1,1
23527,112,degCent,10,0.5596138535031847,0,14,None,66,1,5,False,1,1
23528,113,degCent,10,0.5654856687898089,0,14,None,66,1,5,False,1,1
23529,114,degCent,10,0.5683718152866242,0,14,None,66,1,5,False,1,1
23530,110,degCent,10,0.6996417197452229,0,22,None,66,1,5,False,1,1
23531,111,degCent,10,0.6983479299363057,0,22,None,66,1,5,False,1,1
23532,112,degCent,10,0.6981488853503185,0,22,None,66,1,5,False,1,1
23533,113,degCent,10,0.6980493630573248,0,22,None,66,1,5,False,1,1
23534,114,degCent,10,0.6981488853503185,0,22,None,66,1,5,False,1,1
23535,110,degCent,10,0.6746616242038217,0,23,None,66,1,5,False,1,1
23536,111,degCent,10,0.6748606687898089,0,23,None,66,1,5,False,1,1
23537,112,degCent,10,0.6759554140127388,0,23,None,66,1,5,False,1,1
23538,113,degCent,10,0.6769506369426752,0,23,None,66,1,5,False,1,1
23539,114,degCent,10,0.6776472929936306,0,23,None,66,1,5,False,1,1
23540,110,degCent,10,0.7226313694267515,0,5,None,66,1,5,False,1,1
23541,111,degCent,10,0.7190485668789809,0,5,None,66,1,5,False,1,1
23542,112,degCent,10,0.7174562101910829,0,5,None,66,1,5,False,1,1
23543,113,degCent,10,0.7167595541401274,0,5,None,66,1,5,False,1,1
23544,114,degCent,10,0.716062898089172,0,5,None,66,1,5,False,1,1
23545,110,degCent,10,0.6749601910828026,0,6,None,66,1,5,False,1,1
23546,111,degCent,10,0.6776472929936306,0,6,None,66,1,5,False,1,1
23547,112,degCent,10,0.6796377388535032,0,6,None,66,1,5,False,1,1
23548,113,degCent,10,0.6817277070063694,0,6,None,66,1,5,False,1,1
23549,114,degCent,10,0.6825238853503185,0,6,None,66,1,5,False,1,1
23550,110,degCent,10,0.6840167197452229,0,3,None,66,1,5,False,1,1
23551,111,degCent,10,0.6840167197452229,0,3,None,66,1,5,False,1,1
23552,112,degCent,10,0.6839171974522293,0,3,None,66,1,5,False,1,1
23553,113,degCent,10,0.6838176751592356,0,3,None,66,1,5,False,1,1
23554,114,degCent,10,0.6850119426751592,0,3,None,66,1,5,False,1,1
23555,110,degCent,10,0.7341759554140127,0,7,None,66,1,5,False,1,1
23556,111,degCent,10,0.7372611464968153,0,7,None,66,1,5,False,1,1
23557,112,degCent,10,0.7394506369426752,0,7,None,66,1,5,False,1,1
23558,113,degCent,10,0.741640127388535,0,7,None,66,1,5,False,1,1
23559,114,degCent,10,0.7432324840764332,0,7,None,66,1,5,False,1,1
23560,110,degCent,10,0.645203025477707,0,32,None,66,1,5,False,1,1
23561,111,degCent,10,0.627687101910828,0,32,None,66,1,5,False,1,1
23562,112,degCent,10,0.6242038216560509,0,32,None,66,1,5,False,1,1
23563,113,degCent,10,0.6233081210191083,0,32,None,66,1,5,False,1,1
23564,114,degCent,10,0.6226114649681529,0,32,None,66,1,5,False,1,1
23565,110,degCent,10,0.6938694267515924,0,0,None,66,1,5,False,1,1
23566,111,degCent,10,0.6945660828025477,0,0,None,66,1,5,False,1,1
23567,112,degCent,10,0.6960589171974523,0,0,None,66,1,5,False,1,1
23568,113,degCent,10,0.6971536624203821,0,0,None,66,1,5,False,1,1
23569,114,degCent,10,0.6979498407643312,0,0,None,66,1,5,False,1,1
23570,110,degCent,10,0.6404259554140127,0,4,None,66,1,5,False,1,1
23571,111,degCent,10,0.6346536624203821,0,4,None,66,1,5,False,1,1
23572,112,degCent,10,0.6265923566878981,0,4,None,66,1,5,False,1,1
23573,113,degCent,10,0.6218152866242038,0,4,None,66,1,5,False,1,1
23574,114,degCent,10,0.6191281847133758,0,4,None,66,1,5,False,1,1
23575,110,degCent,10,0.7311902866242038,0,16,None,66,1,5,False,1,1
23576,111,degCent,10,0.7346735668789809,0,16,None,66,1,5,False,1,1
23577,112,degCent,10,0.7380573248407644,0,16,None,66,1,5,False,1,1
23578,113,degCent,10,0.7404458598726115,0,16,None,66,1,5,False,1,1
23579,114,degCent,10,0.7434315286624203,0,16,None,66,1,5,False,1,1
23580,110,degCent,10,0.6584394904458599,0,8,None,66,1,5,False,1,1
23581,111,degCent,10,0.6571457006369427,0,8,None,66,1,5,False,1,1
23582,112,degCent,10,0.6574442675159236,0,8,None,66,1,5,False,1,1
23583,113,degCent,10,0.6586385350318471,0,8,None,66,1,5,False,1,1
23584,114,degCent,10,0.6605294585987261,0,8,None,66,1,5,False,1,1
23585,110,degCent,10,0.6113654458598726,0,19,None,66,1,5,False,1,1
23586,111,degCent,10,0.603702229299363,0,19,None,66,1,5,False,1,1
23587,112,degCent,10,0.6004179936305732,0,19,None,66,1,5,False,1,1
23588,113,degCent,10,0.5999203821656051,0,19,None,66,1,5,False,1,1
23589,114,degCent,10,0.600218949044586,0,19,None,66,1,5,False,1,1
23590,110,degCent,10,0.7330812101910829,0,18,None,66,1,5,False,1,1
23591,111,degCent,10,0.7341759554140127,0,18,None,66,1,5,False,1,1
23592,112,degCent,10,0.7352707006369427,0,18,None,66,1,5,False,1,1
23593,113,degCent,10,0.7355692675159236,0,18,None,66,1,5,False,1,1
23594,114,degCent,10,0.7384554140127388,0,18,None,66,1,5,False,1,1
27390,115,degCent,10,0.7301950636942676,0,5,None,66,1,5,False,1,1
27391,116,degCent,10,0.7234275477707006,0,5,None,66,1,5,False,1,1
27392,117,degCent,10,0.723328025477707,0,5,None,66,1,5,False,1,1
27393,118,degCent,10,0.7216361464968153,0,5,None,66,1,5,False,1,1
27394,119,degCent,10,0.7215366242038217,0,5,None,66,1,5,False,1,1
27395,115,degCent,10,0.7273089171974523,0,13,None,66,1,5,False,1,1
27396,116,degCent,10,0.7278065286624203,0,13,None,66,1,5,False,1,1
27397,117,degCent,10,0.7276074840764332,0,13,None,66,1,5,False,1,1
27398,118,degCent,10,0.727906050955414,0,13,None,66,1,5,False,1,1
27399,119,degCent,10,0.7285031847133758,0,13,None,66,1,5,False,1,1
27400,115,degCent,10,0.7306926751592356,0,16,None,66,1,5,False,1,1
27401,116,degCent,10,0.7355692675159236,0,16,None,66,1,5,False,1,1
27402,117,degCent,10,0.7392515923566879,0,16,None,66,1,5,False,1,1
27403,118,degCent,10,0.7434315286624203,0,16,None,66,1,5,False,1,1
27404,119,degCent,10,0.7447253184713376,0,16,None,66,1,5,False,1,1
27405,115,degCent,10,0.6615246815286624,0,8,None,66,1,5,False,1,1
27406,116,degCent,10,0.6587380573248408,0,8,None,66,1,5,False,1,1
27407,117,degCent,10,0.6604299363057324,0,8,None,66,1,5,False,1,1
27408,118,degCent,10,0.6613256369426752,0,8,None,66,1,5,False,1,1
27409,119,degCent,10,0.662718949044586,0,8,None,66,1,5,False,1,1
27410,115,degCent,10,0.7292993630573248,0,20,None,66,1,5,False,1,1
27411,116,degCent,10,0.7280055732484076,0,20,None,66,1,5,False,1,1
27412,117,degCent,10,0.7283041401273885,0,20,None,66,1,5,False,1,1
27413,118,degCent,10,0.7302945859872612,0,20,None,66,1,5,False,1,1
27414,119,degCent,10,0.7303941082802548,0,20,None,66,1,5,False,1,1
27415,115,degCent,10,0.6162420382165605,0,19,None,66,1,5,False,1,1
27416,116,degCent,10,0.6114649681528662,0,19,None,66,1,5,False,1,1
27417,117,degCent,10,0.6083797770700637,0,19,None,66,1,5,False,1,1
27418,118,degCent,10,0.6078821656050956,0,19,None,66,1,5,False,1,1
27419,119,degCent,10,0.6084792993630573,0,19,None,66,1,5,False,1,1
27420,115,degCent,10,0.7039211783439491,0,22,None,66,1,5,False,1,1
27421,116,degCent,10,0.7039211783439491,0,22,None,66,1,5,False,1,1
27422,117,degCent,10,0.7030254777070064,0,22,None,66,1,5,False,1,1
27423,118,degCent,10,0.7029259554140127,0,22,None,66,1,5,False,1,1
27424,119,degCent,10,0.7023288216560509,0,22,None,66,1,5,False,1,1
27425,115,degCent,10,0.6807324840764332,0,23,None,66,1,5,False,1,1
27426,116,degCent,10,0.6790406050955414,0,23,None,66,1,5,False,1,1
27427,117,degCent,10,0.6797372611464968,0,23,None,66,1,5,False,1,1
27428,118,degCent,10,0.6807324840764332,0,23,None,66,1,5,False,1,1
27429,119,degCent,10,0.6814291401273885,0,23,None,66,1,5,False,1,1
27430,115,degCent,10,0.7014331210191083,0,17,None,66,1,5,False,1,1
27431,116,degCent,10,0.7047173566878981,0,17,None,66,1,5,False,1,1
27432,117,degCent,10,0.7070063694267515,0,17,None,66,1,5,False,1,1
27433,118,degCent,10,0.709593949044586,0,17,None,66,1,5,False,1,1
27434,119,degCent,10,0.7123805732484076,0,17,None,66,1,5,False,1,1
27435,115,degCent,10,0.734375,0,21,None,66,1,5,False,1,1
27436,116,degCent,10,0.7336783439490446,0,21,None,66,1,5,False,1,1
27437,117,degCent,10,0.73328025477707,0,21,None,66,1,5,False,1,1
27438,118,degCent,10,0.7329816878980892,0,21,None,66,1,5,False,1,1
27439,119,degCent,10,0.7339769108280255,0,21,None,66,1,5,False,1,1
27440,115,degCent,10,0.7106886942675159,0,12,None,66,1,5,False,1,1
27441,116,degCent,10,0.7117834394904459,0,12,None,66,1,5,False,1,1
27442,117,degCent,10,0.7137738853503185,0,12,None,66,1,5,False,1,1
27443,118,degCent,10,0.7158638535031847,0,12,None,66,1,5,False,1,1
27444,119,degCent,10,0.7170581210191083,0,12,None,66,1,5,False,1,1
27445,115,degCent,10,0.6484872611464968,0,26,None,66,1,5,False,1,1
27446,116,degCent,10,0.6418192675159236,0,26,None,66,1,5,False,1,1
27447,117,degCent,10,0.638734076433121,0,26,None,66,1,5,False,1,1
27448,118,degCent,10,0.6384355095541401,0,26,None,66,1,5,False,1,1
27449,119,degCent,10,0.6375398089171974,0,26,None,66,1,5,False,1,1
27450,115,degCent,10,0.6936703821656051,0,24,None,66,1,5,False,1,1
27451,116,degCent,10,0.6980493630573248,0,24,None,66,1,5,False,1,1
27452,117,degCent,10,0.6999402866242038,0,24,None,66,1,5,False,1,1
27453,118,degCent,10,0.7018312101910829,0,24,None,66,1,5,False,1,1
27454,119,degCent,10,0.7040207006369427,0,24,None,66,1,5,False,1,1
27455,115,degCent,10,0.6915804140127388,0,30,None,66,1,5,False,1,1
27456,116,degCent,10,0.7138734076433121,0,30,None,66,1,5,False,1,1
27457,117,degCent,10,0.7254179936305732,0,30,None,66,1,5,False,1,1
27458,118,degCent,10,0.7299960191082803,0,30,None,66,1,5,False,1,1
27459,119,degCent,10,0.7346735668789809,0,30,None,66,1,5,False,1,1
27460,115,degCent,10,0.678343949044586,0,6,None,66,1,5,False,1,1
27461,116,degCent,10,0.6823248407643312,0,6,None,66,1,5,False,1,1
27462,117,degCent,10,0.6844148089171974,0,6,None,66,1,5,False,1,1
27463,118,degCent,10,0.6863057324840764,0,6,None,66,1,5,False,1,1
27464,119,degCent,10,0.6880971337579618,0,6,None,66,1,5,False,1,1
27465,115,degCent,10,0.7377587579617835,0,18,None,66,1,5,False,1,1
27466,116,degCent,10,0.7382563694267515,0,18,None,66,1,5,False,1,1
27467,117,degCent,10,0.7395501592356688,0,18,None,66,1,5,False,1,1
27468,118,degCent,10,0.7409434713375797,0,18,None,66,1,5,False,1,1
27469,119,degCent,10,0.7417396496815286,0,18,None,66,1,5,False,1,1
27470,115,degCent,10,0.7013335987261147,0,27,None,66,1,5,False,1,1
27471,116,degCent,10,0.700437898089172,0,27,None,66,1,5,False,1,1
27472,117,degCent,10,0.7014331210191083,0,27,None,66,1,5,False,1,1
27473,118,degCent,10,0.7021297770700637,0,27,None,66,1,5,False,1,1
27474,119,degCent,10,0.7024283439490446,0,27,None,66,1,5,False,1,1
27475,115,degCent,10,0.75109474522293,0,31,None,66,1,5,False,1,1
27476,116,degCent,10,0.7506966560509554,0,31,None,66,1,5,False,1,1
27477,117,degCent,10,0.7516918789808917,0,31,None,66,1,5,False,1,1
27478,118,degCent,10,0.7514928343949044,0,31,None,66,1,5,False,1,1
27479,119,degCent,10,0.7504976114649682,0,31,None,66,1,5,False,1,1
27480,115,degCent,10,0.6273885350318471,0,32,None,66,1,5,False,1,1
27481,116,degCent,10,0.6209195859872612,0,32,None,66,1,5,False,1,1
27482,117,degCent,10,0.6225119426751592,0,32,None,66,1,5,False,1,1
27483,118,degCent,10,0.6232085987261147,0,32,None,66,1,5,False,1,1
27484,119,degCent,10,0.6243033439490446,0,32,None,66,1,5,False,1,1
27485,115,degCent,10,0.7386544585987261,0,7,None,66,1,5,False,1,1
27486,116,degCent,10,0.7423367834394905,0,7,None,66,1,5,False,1,1
27487,117,degCent,10,0.7445262738853503,0,7,None,66,1,5,False,1,1
27488,118,degCent,10,0.7455214968152867,0,7,None,66,1,5,False,1,1
27489,119,degCent,10,0.7455214968152867,0,7,None,66,1,5,False,1,1
27490,115,degCent,10,0.6402269108280255,0,1,None,66,1,5,False,1,1
27491,116,degCent,10,0.6840167197452229,0,1,None,66,1,5,False,1,1
27492,117,degCent,10,0.7034235668789809,0,1,None,66,1,5,False,1,1
27493,118,degCent,10,0.7094944267515924,0,1,None,66,1,5,False,1,1
27494,119,degCent,10,0.7138734076433121,0,1,None,66,1,5,False,1,1
27495,115,degCent,10,0.6304737261146497,0,2,None,66,1,5,False,1,1
27496,116,degCent,10,0.6045979299363057,0,2,None,66,1,5,False,1,1
27497,117,degCent,10,0.5890724522292994,0,2,None,66,1,5,False,1,1
27498,118,degCent,10,0.584593949044586,0,2,None,66,1,5,False,1,1
27499,119,degCent,10,0.5841958598726115,0,2,None,66,1,5,False,1,1
27500,115,degCent,10,0.6879976114649682,0,25,None,66,1,5,False,1,1
27501,116,degCent,10,0.6758558917197452,0,25,None,66,1,5,False,1,1
27502,117,degCent,10,0.6688893312101911,0,25,None,66,1,5,False,1,1
27503,118,degCent,10,0.6674960191082803,0,25,None,66,1,5,False,1,1
27504,119,degCent,10,0.667296974522293,0,25,None,66,1,5,False,1,1
27505,115,degCent,10,0.5615047770700637,0,14,None,66,1,5,False,1,1
27506,116,degCent,10,0.5672770700636943,0,14,None,66,1,5,False,1,1
27507,117,degCent,10,0.5722531847133758,0,14,None,66,1,5,False,1,1
27508,118,degCent,10,0.5773288216560509,0,14,None,66,1,5,False,1,1
27509,119,degCent,10,0.5787221337579618,0,14,None,66,1,5,False,1,1
27510,115,degCent,10,0.7313893312101911,0,10,None,66,1,5,False,1,1
27511,116,degCent,10,0.7321855095541401,0,10,None,66,1,5,False,1,1
27512,117,degCent,10,0.7360668789808917,0,10,None,66,1,5,False,1,1
27513,118,degCent,10,0.7382563694267515,0,10,None,66,1,5,False,1,1
27514,119,degCent,10,0.7401472929936306,0,10,None,66,1,5,False,1,1
27515,115,degCent,10,0.6531648089171974,0,4,None,66,1,5,False,1,1
27516,116,degCent,10,0.647093949044586,0,4,None,66,1,5,False,1,1
27517,117,degCent,10,0.6376393312101911,0,4,None,66,1,5,False,1,1
27518,118,degCent,10,0.6299761146496815,0,4,None,66,1,5,False,1,1
27519,119,degCent,10,0.6245023885350318,0,4,None,66,1,5,False,1,1
27520,115,degCent,10,0.7294984076433121,0,11,None,66,1,5,False,1,1
27521,116,degCent,10,0.7301950636942676,0,11,None,66,1,5,False,1,1
27522,117,degCent,10,0.7325835987261147,0,11,None,66,1,5,False,1,1
27523,118,degCent,10,0.7352707006369427,0,11,None,66,1,5,False,1,1
27524,119,degCent,10,0.7369625796178344,0,11,None,66,1,5,False,1,1
27525,115,degCent,10,0.6788415605095541,0,15,None,66,1,5,False,1,1
27526,116,degCent,10,0.6797372611464968,0,15,None,66,1,5,False,1,1
27527,117,degCent,10,0.6789410828025477,0,15,None,66,1,5,False,1,1
27528,118,degCent,10,0.6795382165605095,0,15,None,66,1,5,False,1,1
27529,119,degCent,10,0.6800358280254777,0,15,None,66,1,5,False,1,1
27530,115,degCent,10,0.6890923566878981,0,28,None,66,1,5,False,1,1
27531,116,degCent,10,0.6820262738853503,0,28,None,66,1,5,False,1,1
27532,117,degCent,10,0.6794386942675159,0,28,None,66,1,5,False,1,1
27533,118,degCent,10,0.6799363057324841,0,28,None,66,1,5,False,1,1
27534,119,degCent,10,0.6805334394904459,0,28,None,66,1,5,False,1,1
27535,115,degCent,10,0.6913813694267515,0,3,None,66,1,5,False,1,1
27536,116,degCent,10,0.6902866242038217,0,3,None,66,1,5,False,1,1
27537,117,degCent,10,0.6900875796178344,0,3,None,66,1,5,False,1,1
27538,118,degCent,10,0.6906847133757962,0,3,None,66,1,5,False,1,1
27539,119,degCent,10,0.6910828025477707,0,3,None,66,1,5,False,1,1
27540,120,degCent,10,0.6553542993630573,0,26,None,66,1,5,False,1,1
27541,121,degCent,10,0.6447054140127388,0,26,None,66,1,5,False,1,1
27542,122,degCent,10,0.6437101910828026,0,26,None,66,1,5,False,1,1
27543,123,degCent,10,0.6424164012738853,0,26,None,66,1,5,False,1,1
27544,124,degCent,10,0.6420183121019108,0,26,None,66,1,5,False,1,1
27545,115,degCent,10,0.7101910828025477,0,9,None,66,1,5,False,1,1
27546,116,degCent,10,0.7107882165605095,0,9,None,66,1,5,False,1,1
27547,117,degCent,10,0.711484872611465,0,9,None,66,1,5,False,1,1
27548,118,degCent,10,0.7125796178343949,0,9,None,66,1,5,False,1,1
27549,119,degCent,10,0.7135748407643312,0,9,None,66,1,5,False,1,1
27550,115,degCent,10,0.6982484076433121,0,0,None,66,1,5,False,1,1
27551,116,degCent,10,0.6995421974522293,0,0,None,66,1,5,False,1,1
27552,117,degCent,10,0.7010350318471338,0,0,None,66,1,5,False,1,1
27553,118,degCent,10,0.7019307324840764,0,0,None,66,1,5,False,1,1
27554,119,degCent,10,0.7023288216560509,0,0,None,66,1,5,False,1,1
27555,115,degCent,10,0.6853105095541401,0,29,None,66,1,5,False,1,1
27556,116,degCent,10,0.6784434713375797,0,29,None,66,1,5,False,1,1
27557,117,degCent,10,0.6738654458598726,0,29,None,66,1,5,False,1,1
27558,118,degCent,10,0.6722730891719745,0,29,None,66,1,5,False,1,1
27559,119,degCent,10,0.6726711783439491,0,29,None,66,1,5,False,1,1
27560,120,degCent,10,0.6472929936305732,0,1,None,66,1,5,False,1,1
27561,121,degCent,10,0.6915804140127388,0,1,None,66,1,5,False,1,1
27562,122,degCent,10,0.7089968152866242,0,1,None,66,1,5,False,1,1
27563,123,degCent,10,0.7153662420382165,0,1,None,66,1,5,False,1,1
27564,124,degCent,10,0.7186504777070064,0,1,None,66,1,5,False,1,1
27565,120,degCent,10,0.711484872611465,0,22,None,66,1,5,False,1,1
27566,121,degCent,10,0.7098925159235668,0,22,None,66,1,5,False,1,1
27567,122,degCent,10,0.7097929936305732,0,22,None,66,1,5,False,1,1
27568,123,degCent,10,0.7099920382165605,0,22,None,66,1,5,False,1,1
27569,124,degCent,10,0.7084992038216561,0,22,None,66,1,5,False,1,1
27570,120,degCent,10,0.6872014331210191,0,6,None,66,1,5,False,1,1
27571,121,degCent,10,0.690187101910828,0,6,None,66,1,5,False,1,1
27572,122,degCent,10,0.6925756369426752,0,6,None,66,1,5,False,1,1
27573,123,degCent,10,0.693968949044586,0,6,None,66,1,5,False,1,1
27574,124,degCent,10,0.6946656050955414,0,6,None,66,1,5,False,1,1
27575,120,degCent,10,0.6356488853503185,0,32,None,66,1,5,False,1,1
27576,121,degCent,10,0.6293789808917197,0,32,None,66,1,5,False,1,1
27577,122,degCent,10,0.6299761146496815,0,32,None,66,1,5,False,1,1
27578,123,degCent,10,0.6313694267515924,0,32,None,66,1,5,False,1,1
27579,124,degCent,10,0.6326632165605095,0,32,None,66,1,5,False,1,1
27580,120,degCent,10,0.7357683121019108,0,16,None,66,1,5,False,1,1
27581,121,degCent,10,0.7396496815286624,0,16,None,66,1,5,False,1,1
27582,122,degCent,10,0.7449243630573248,0,16,None,66,1,5,False,1,1
27583,123,degCent,10,0.7474124203821656,0,16,None,66,1,5,False,1,1
27584,124,degCent,10,0.7499004777070064,0,16,None,66,1,5,False,1,1
27585,120,degCent,10,0.6645103503184714,0,8,None,66,1,5,False,1,1
27586,121,degCent,10,0.662718949044586,0,8,None,66,1,5,False,1,1
27587,122,degCent,10,0.664609872611465,0,8,None,66,1,5,False,1,1
27588,123,degCent,10,0.6659036624203821,0,8,None,66,1,5,False,1,1
27589,124,degCent,10,0.6677945859872612,0,8,None,66,1,5,False,1,1
27590,120,degCent,10,0.6903861464968153,0,25,None,66,1,5,False,1,1
27591,121,degCent,10,0.6769506369426752,0,25,None,66,1,5,False,1,1
27592,122,degCent,10,0.6730692675159236,0,25,None,66,1,5,False,1,1
27593,123,degCent,10,0.6701831210191083,0,25,None,66,1,5,False,1,1
27594,124,degCent,10,0.6692874203821656,0,25,None,66,1,5,False,1,1
27595,120,degCent,10,0.5739450636942676,0,14,None,66,1,5,False,1,1
27596,121,degCent,10,0.5814092356687898,0,14,None,66,1,5,False,1,1
27597,122,degCent,10,0.5860867834394905,0,14,None,66,1,5,False,1,1
27598,123,degCent,10,0.5883757961783439,0,14,None,66,1,5,False,1,1
27599,124,degCent,10,0.5892714968152867,0,14,None,66,1,5,False,1,1
27600,120,degCent,10,0.691281847133758,0,29,None,66,1,5,False,1,1
27601,121,degCent,10,0.6852109872611465,0,29,None,66,1,5,False,1,1
27602,122,degCent,10,0.6790406050955414,0,29,None,66,1,5,False,1,1
27603,123,degCent,10,0.678343949044586,0,29,None,66,1,5,False,1,1
27604,124,degCent,10,0.6782444267515924,0,29,None,66,1,5,False,1,1
27605,120,degCent,10,0.7299960191082803,0,13,None,66,1,5,False,1,1
27606,121,degCent,10,0.7309912420382165,0,13,None,66,1,5,False,1,1
27607,122,degCent,10,0.7311902866242038,0,13,None,66,1,5,False,1,1
27608,123,degCent,10,0.7319864649681529,0,13,None,66,1,5,False,1,1
27609,124,degCent,10,0.7314888535031847,0,13,None,66,1,5,False,1,1
27610,120,degCent,10,0.6243033439490446,0,19,None,66,1,5,False,1,1
27611,121,degCent,10,0.6173367834394905,0,19,None,66,1,5,False,1,1
27612,122,degCent,10,0.6154458598726115,0,19,None,66,1,5,False,1,1
27613,123,degCent,10,0.6147492038216561,0,19,None,66,1,5,False,1,1
27614,124,degCent,10,0.6154458598726115,0,19,None,66,1,5,False,1,1
27615,120,degCent,10,0.7379578025477707,0,21,None,66,1,5,False,1,1
27616,121,degCent,10,0.7378582802547771,0,21,None,66,1,5,False,1,1
27617,122,degCent,10,0.7387539808917197,0,21,None,66,1,5,False,1,1
27618,123,degCent,10,0.7391520700636943,0,21,None,66,1,5,False,1,1
27619,124,degCent,10,0.7391520700636943,0,21,None,66,1,5,False,1,1
27620,120,degCent,10,0.6855095541401274,0,23,None,66,1,5,False,1,1
27621,121,degCent,10,0.6838176751592356,0,23,None,66,1,5,False,1,1
27622,122,degCent,10,0.6851114649681529,0,23,None,66,1,5,False,1,1
27623,123,degCent,10,0.6857085987261147,0,23,None,66,1,5,False,1,1
27624,124,degCent,10,0.6859076433121019,0,23,None,66,1,5,False,1,1
27625,120,degCent,10,0.6999402866242038,0,24,None,66,1,5,False,1,1
27626,121,degCent,10,0.7035230891719745,0,24,None,66,1,5,False,1,1
27627,122,degCent,10,0.7062101910828026,0,24,None,66,1,5,False,1,1
27628,123,degCent,10,0.7079020700636943,0,24,None,66,1,5,False,1,1
27629,124,degCent,10,0.7089968152866242,0,24,None,66,1,5,False,1,1
27630,120,degCent,10,0.7035230891719745,0,27,None,66,1,5,False,1,1
27631,121,degCent,10,0.7021297770700637,0,27,None,66,1,5,False,1,1
27632,122,degCent,10,0.7023288216560509,0,27,None,66,1,5,False,1,1
27633,123,degCent,10,0.7032245222929936,0,27,None,66,1,5,False,1,1
27634,124,degCent,10,0.7033240445859873,0,27,None,66,1,5,False,1,1
27635,120,degCent,10,0.6973527070063694,0,30,None,66,1,5,False,1,1
27636,121,degCent,10,0.7193471337579618,0,30,None,66,1,5,False,1,1
27637,122,degCent,10,0.7304936305732485,0,30,None,66,1,5,False,1,1
27638,123,degCent,10,0.7364649681528662,0,30,None,66,1,5,False,1,1
27639,124,degCent,10,0.7404458598726115,0,30,None,66,1,5,False,1,1
27640,120,degCent,10,0.7508957006369427,0,31,None,66,1,5,False,1,1
27641,121,degCent,10,0.7517914012738853,0,31,None,66,1,5,False,1,1
27642,122,degCent,10,0.7516918789808917,0,31,None,66,1,5,False,1,1
27643,123,degCent,10,0.7524880573248408,0,31,None,66,1,5,False,1,1
27644,124,degCent,10,0.7525875796178344,0,31,None,66,1,5,False,1,1
27645,120,degCent,10,0.6356488853503185,0,2,None,66,1,5,False,1,1
27646,121,degCent,10,0.6078821656050956,0,2,None,66,1,5,False,1,1
27647,122,degCent,10,0.5924562101910829,0,2,None,66,1,5,False,1,1
27648,123,degCent,10,0.5885748407643312,0,2,None,66,1,5,False,1,1
27649,124,degCent,10,0.5874800955414012,0,2,None,66,1,5,False,1,1
27650,120,degCent,10,0.7011345541401274,0,0,None,66,1,5,False,1,1
27651,121,degCent,10,0.7025278662420382,0,0,None,66,1,5,False,1,1
27652,122,degCent,10,0.7027269108280255,0,0,None,66,1,5,False,1,1
27653,123,degCent,10,0.7036226114649682,0,0,None,66,1,5,False,1,1
27654,124,degCent,10,0.7034235668789809,0,0,None,66,1,5,False,1,1
27655,120,degCent,10,0.6971536624203821,0,3,None,66,1,5,False,1,1
27656,121,degCent,10,0.6951632165605095,0,3,None,66,1,5,False,1,1
27657,122,degCent,10,0.6943670382165605,0,3,None,66,1,5,False,1,1
27658,123,degCent,10,0.6954617834394905,0,3,None,66,1,5,False,1,1
27659,124,degCent,10,0.695859872611465,0,3,None,66,1,5,False,1,1
27660,120,degCent,10,0.6628184713375797,0,4,None,66,1,5,False,1,1
27661,121,degCent,10,0.649781050955414,0,4,None,66,1,5,False,1,1
27662,122,degCent,10,0.6414211783439491,0,4,None,66,1,5,False,1,1
27663,123,degCent,10,0.6335589171974523,0,4,None,66,1,5,False,1,1
27664,124,degCent,10,0.6282842356687898,0,4,None,66,1,5,False,1,1
27665,120,degCent,10,0.7356687898089171,0,5,None,66,1,5,False,1,1
27666,121,degCent,10,0.729796974522293,0,5,None,66,1,5,False,1,1
27667,122,degCent,10,0.7292993630573248,0,5,None,66,1,5,False,1,1
27668,123,degCent,10,0.7285031847133758,0,5,None,66,1,5,False,1,1
27669,124,degCent,10,0.7282046178343949,0,5,None,66,1,5,False,1,1
27670,120,degCent,10,0.740047770700637,0,7,None,66,1,5,False,1,1
27671,121,degCent,10,0.7433320063694268,0,7,None,66,1,5,False,1,1
27672,122,degCent,10,0.7452229299363057,0,7,None,66,1,5,False,1,1
27673,123,degCent,10,0.7459195859872612,0,7,None,66,1,5,False,1,1
27674,124,degCent,10,0.7475119426751592,0,7,None,66,1,5,False,1,1
27675,120,degCent,10,0.7143710191082803,0,9,None,66,1,5,False,1,1
27676,121,degCent,10,0.7145700636942676,0,9,None,66,1,5,False,1,1
27677,122,degCent,10,0.716062898089172,0,9,None,66,1,5,False,1,1
27678,123,degCent,10,0.7166600318471338,0,9,None,66,1,5,False,1,1
27679,124,degCent,10,0.7178542993630573,0,9,None,66,1,5,False,1,1
27680,120,degCent,10,0.7364649681528662,0,10,None,66,1,5,False,1,1
27681,121,degCent,10,0.7373606687898089,0,10,None,66,1,5,False,1,1
27682,122,degCent,10,0.7409434713375797,0,10,None,66,1,5,False,1,1
27683,123,degCent,10,0.7412420382165605,0,10,None,66,1,5,False,1,1
27684,124,degCent,10,0.7439291401273885,0,10,None,66,1,5,False,1,1
27685,120,degCent,10,0.7339769108280255,0,11,None,66,1,5,False,1,1
27686,121,degCent,10,0.7352707006369427,0,11,None,66,1,5,False,1,1
27687,122,degCent,10,0.7373606687898089,0,11,None,66,1,5,False,1,1
27688,123,degCent,10,0.7396496815286624,0,11,None,66,1,5,False,1,1
27689,124,degCent,10,0.740047770700637,0,11,None,66,1,5,False,1,1
27690,120,degCent,10,0.7144705414012739,0,12,None,66,1,5,False,1,1
27691,121,degCent,10,0.714171974522293,0,12,None,66,1,5,False,1,1
27692,122,degCent,10,0.7159633757961783,0,12,None,66,1,5,False,1,1
27693,123,degCent,10,0.7177547770700637,0,12,None,66,1,5,False,1,1
27694,124,degCent,10,0.7186504777070064,0,12,None,66,1,5,False,1,1
27695,120,degCent,10,0.6849124203821656,0,15,None,66,1,5,False,1,1
27696,121,degCent,10,0.685609076433121,0,15,None,66,1,5,False,1,1
27697,122,degCent,10,0.6855095541401274,0,15,None,66,1,5,False,1,1
27698,123,degCent,10,0.6852109872611465,0,15,None,66,1,5,False,1,1
27699,124,degCent,10,0.6854100318471338,0,15,None,66,1,5,False,1,1
27700,120,degCent,10,0.7076035031847133,0,17,None,66,1,5,False,1,1
27701,121,degCent,10,0.7113853503184714,0,17,None,66,1,5,False,1,1
27702,122,degCent,10,0.7137738853503185,0,17,None,66,1,5,False,1,1
27703,123,degCent,10,0.7154657643312102,0,17,None,66,1,5,False,1,1
27704,124,degCent,10,0.7171576433121019,0,17,None,66,1,5,False,1,1
27705,120,degCent,10,0.7346735668789809,0,20,None,66,1,5,False,1,1
27706,121,degCent,10,0.7338773885350318,0,20,None,66,1,5,False,1,1
27707,122,degCent,10,0.7344745222929936,0,20,None,66,1,5,False,1,1
27708,123,degCent,10,0.7353702229299363,0,20,None,66,1,5,False,1,1
27709,124,degCent,10,0.7359673566878981,0,20,None,66,1,5,False,1,1
27710,120,degCent,10,0.7412420382165605,0,18,None,66,1,5,False,1,1
27711,121,degCent,10,0.7415406050955414,0,18,None,66,1,5,False,1,1
27712,122,degCent,10,0.7418391719745223,0,18,None,66,1,5,False,1,1
27713,123,degCent,10,0.7433320063694268,0,18,None,66,1,5,False,1,1
27714,124,degCent,10,0.7440286624203821,0,18,None,66,1,5,False,1,1
27715,120,degCent,10,0.6934713375796179,0,28,None,66,1,5,False,1,1
27716,121,degCent,10,0.6852109872611465,0,28,None,66,1,5,False,1,1
27717,122,degCent,10,0.6825238853503185,0,28,None,66,1,5,False,1,1
27718,123,degCent,10,0.6830214968152867,0,28,None,66,1,5,False,1,1
27719,124,degCent,10,0.6836186305732485,0,28,None,66,1,5,False,1,1
31845,125,degCent,10,0.6570461783439491,0,1,None,66,1,5,False,1,1
31846,126,degCent,10,0.6988455414012739,0,1,None,66,1,5,False,1,1
31847,127,degCent,10,0.714171974522293,0,1,None,66,1,5,False,1,1
31848,128,degCent,10,0.7193471337579618,0,1,None,66,1,5,False,1,1
31849,129,degCent,10,0.7219347133757962,0,1,None,66,1,5,False,1,1
31850,125,degCent,10,0.6398288216560509,0,2,None,66,1,5,False,1,1
31851,126,degCent,10,0.613156847133758,0,2,None,66,1,5,False,1,1
31852,127,degCent,10,0.5974323248407644,0,2,None,66,1,5,False,1,1
31853,128,degCent,10,0.5916600318471338,0,2,None,66,1,5,False,1,1
31854,129,degCent,10,0.5901671974522293,0,2,None,66,1,5,False,1,1
31855,125,degCent,10,0.7411425159235668,0,5,None,66,1,5,False,1,1
31856,126,degCent,10,0.7345740445859873,0,5,None,66,1,5,False,1,1
31857,127,degCent,10,0.734375,0,5,None,66,1,5,False,1,1
31858,128,degCent,10,0.7342754777070064,0,5,None,66,1,5,False,1,1
31859,129,degCent,10,0.734375,0,5,None,66,1,5,False,1,1
31860,125,degCent,10,0.7328821656050956,0,13,None,66,1,5,False,1,1
31861,126,degCent,10,0.7338773885350318,0,13,None,66,1,5,False,1,1
31862,127,degCent,10,0.7335788216560509,0,13,None,66,1,5,False,1,1
31863,128,degCent,10,0.7330812101910829,0,13,None,66,1,5,False,1,1
31864,129,degCent,10,0.7338773885350318,0,13,None,66,1,5,False,1,1
31865,125,degCent,10,0.6964570063694268,0,15,None,66,1,5,False,1,1
31866,126,degCent,10,0.6942675159235668,0,15,None,66,1,5,False,1,1
31867,127,degCent,10,0.6941679936305732,0,15,None,66,1,5,False,1,1
31868,128,degCent,10,0.6940684713375797,0,15,None,66,1,5,False,1,1
31869,129,degCent,10,0.6933718152866242,0,15,None,66,1,5,False,1,1
31870,125,degCent,10,0.7377587579617835,0,16,None,66,1,5,False,1,1
31871,126,degCent,10,0.7423367834394905,0,16,None,66,1,5,False,1,1
31872,127,degCent,10,0.7468152866242038,0,16,None,66,1,5,False,1,1
31873,128,degCent,10,0.7497014331210191,0,16,None,66,1,5,False,1,1
31874,129,degCent,10,0.7517914012738853,0,16,None,66,1,5,False,1,1
31875,125,degCent,10,0.6666998407643312,0,8,None,66,1,5,False,1,1
31876,126,degCent,10,0.6655055732484076,0,8,None,66,1,5,False,1,1
31877,127,degCent,10,0.6666003184713376,0,8,None,66,1,5,False,1,1
31878,128,degCent,10,0.6688893312101911,0,8,None,66,1,5,False,1,1
31879,129,degCent,10,0.669984076433121,0,8,None,66,1,5,False,1,1
31880,125,degCent,10,0.7364649681528662,0,20,None,66,1,5,False,1,1
31881,126,degCent,10,0.737062101910828,0,20,None,66,1,5,False,1,1
31882,127,degCent,10,0.7378582802547771,0,20,None,66,1,5,False,1,1
31883,128,degCent,10,0.7385549363057324,0,20,None,66,1,5,False,1,1
31884,129,degCent,10,0.740047770700637,0,20,None,66,1,5,False,1,1
31885,125,degCent,10,0.6299761146496815,0,19,None,66,1,5,False,1,1
31886,126,degCent,10,0.6229100318471338,0,19,None,66,1,5,False,1,1
31887,127,degCent,10,0.6196257961783439,0,19,None,66,1,5,False,1,1
31888,128,degCent,10,0.6201234076433121,0,19,None,66,1,5,False,1,1
31889,129,degCent,10,0.6211186305732485,0,19,None,66,1,5,False,1,1
31890,125,degCent,10,0.7164609872611465,0,22,None,66,1,5,False,1,1
31891,126,degCent,10,0.7155652866242038,0,22,None,66,1,5,False,1,1
31892,127,degCent,10,0.7143710191082803,0,22,None,66,1,5,False,1,1
31893,128,degCent,10,0.7146695859872612,0,22,None,66,1,5,False,1,1
31894,129,degCent,10,0.7138734076433121,0,22,None,66,1,5,False,1,1
31895,125,degCent,10,0.6882961783439491,0,23,None,66,1,5,False,1,1
31896,126,degCent,10,0.68640525477707,0,23,None,66,1,5,False,1,1
31897,127,degCent,10,0.6876990445859873,0,23,None,66,1,5,False,1,1
31898,128,degCent,10,0.68859474522293,0,23,None,66,1,5,False,1,1
31899,129,degCent,10,0.6891918789808917,0,23,None,66,1,5,False,1,1
31900,125,degCent,10,0.7419386942675159,0,21,None,66,1,5,False,1,1
31901,126,degCent,10,0.7419386942675159,0,21,None,66,1,5,False,1,1
31902,127,degCent,10,0.7432324840764332,0,21,None,66,1,5,False,1,1
31903,128,degCent,10,0.7434315286624203,0,21,None,66,1,5,False,1,1
31904,129,degCent,10,0.7431329617834395,0,21,None,66,1,5,False,1,1
31905,125,degCent,10,0.660828025477707,0,26,None,66,1,5,False,1,1
31906,126,degCent,10,0.6511743630573248,0,26,None,66,1,5,False,1,1
31907,127,degCent,10,0.6493829617834395,0,26,None,66,1,5,False,1,1
31908,128,degCent,10,0.6482882165605095,0,26,None,66,1,5,False,1,1
31909,129,degCent,10,0.6475915605095541,0,26,None,66,1,5,False,1,1
31910,125,degCent,10,0.7204418789808917,0,12,None,66,1,5,False,1,1
31911,126,degCent,10,0.7201433121019108,0,12,None,66,1,5,False,1,1
31912,127,degCent,10,0.7202428343949044,0,12,None,66,1,5,False,1,1
31913,128,degCent,10,0.7210390127388535,0,12,None,66,1,5,False,1,1
31914,129,degCent,10,0.7218351910828026,0,12,None,66,1,5,False,1,1
31915,125,degCent,10,0.7040207006369427,0,24,None,66,1,5,False,1,1
31916,126,degCent,10,0.7081011146496815,0,24,None,66,1,5,False,1,1
31917,127,degCent,10,0.7105891719745223,0,24,None,66,1,5,False,1,1
31918,128,degCent,10,0.7117834394904459,0,24,None,66,1,5,False,1,1
31919,129,degCent,10,0.7136743630573248,0,24,None,66,1,5,False,1,1
31920,125,degCent,10,0.6986464968152867,0,30,None,66,1,5,False,1,1
31921,126,degCent,10,0.7242237261146497,0,30,None,66,1,5,False,1,1
31922,127,degCent,10,0.7374601910828026,0,30,None,66,1,5,False,1,1
31923,128,degCent,10,0.7433320063694268,0,30,None,66,1,5,False,1,1
31924,129,degCent,10,0.7465167197452229,0,30,None,66,1,5,False,1,1
31925,125,degCent,10,0.6953622611464968,0,6,None,66,1,5,False,1,1
31926,126,degCent,10,0.6979498407643312,0,6,None,66,1,5,False,1,1
31927,127,degCent,10,0.6989450636942676,0,6,None,66,1,5,False,1,1
31928,128,degCent,10,0.7002388535031847,0,6,None,66,1,5,False,1,1
31929,129,degCent,10,0.7017316878980892,0,6,None,66,1,5,False,1,1
31930,125,degCent,10,0.7460191082802548,0,18,None,66,1,5,False,1,1
31931,126,degCent,10,0.745421974522293,0,18,None,66,1,5,False,1,1
31932,127,degCent,10,0.7457205414012739,0,18,None,66,1,5,False,1,1
31933,128,degCent,10,0.7466162420382165,0,18,None,66,1,5,False,1,1
31934,129,degCent,10,0.7475119426751592,0,18,None,66,1,5,False,1,1
31935,125,degCent,10,0.7051154458598726,0,27,None,66,1,5,False,1,1
31936,126,degCent,10,0.7036226114649682,0,27,None,66,1,5,False,1,1
31937,127,degCent,10,0.7037221337579618,0,27,None,66,1,5,False,1,1
31938,128,degCent,10,0.7038216560509554,0,27,None,66,1,5,False,1,1
31939,129,degCent,10,0.7049164012738853,0,27,None,66,1,5,False,1,1
31940,125,degCent,10,0.7530851910828026,0,31,None,66,1,5,False,1,1
31941,126,degCent,10,0.7547770700636943,0,31,None,66,1,5,False,1,1
31942,127,degCent,10,0.7541799363057324,0,31,None,66,1,5,False,1,1
31943,128,degCent,10,0.754578025477707,0,31,None,66,1,5,False,1,1
31944,129,degCent,10,0.7548765923566879,0,31,None,66,1,5,False,1,1
31945,125,degCent,10,0.7472133757961783,0,7,None,66,1,5,False,1,1
31946,126,degCent,10,0.7487062101910829,0,7,None,66,1,5,False,1,1
31947,127,degCent,10,0.7499004777070064,0,7,None,66,1,5,False,1,1
31948,128,degCent,10,0.75109474522293,0,7,None,66,1,5,False,1,1
31949,129,degCent,10,0.7522890127388535,0,7,None,66,1,5,False,1,1
31950,125,degCent,10,0.6410230891719745,0,32,None,66,1,5,False,1,1
31951,126,degCent,10,0.6346536624203821,0,32,None,66,1,5,False,1,1
31952,127,degCent,10,0.6365445859872612,0,32,None,66,1,5,False,1,1
31953,128,degCent,10,0.6370421974522293,0,32,None,66,1,5,False,1,1
31954,129,degCent,10,0.638734076433121,0,32,None,66,1,5,False,1,1
31955,125,degCent,10,0.662718949044586,0,4,None,66,1,5,False,1,1
31956,126,degCent,10,0.6523686305732485,0,4,None,66,1,5,False,1,1
31957,127,degCent,10,0.6437101910828026,0,4,None,66,1,5,False,1,1
31958,128,degCent,10,0.6352507961783439,0,4,None,66,1,5,False,1,1
31959,129,degCent,10,0.6308718152866242,0,4,None,66,1,5,False,1,1
31960,125,degCent,10,0.5842953821656051,0,14,None,66,1,5,False,1,1
31961,126,degCent,10,0.5917595541401274,0,14,None,66,1,5,False,1,1
31962,127,degCent,10,0.595640923566879,0,14,None,66,1,5,False,1,1
31963,128,degCent,10,0.5968351910828026,0,14,None,66,1,5,False,1,1
31964,129,degCent,10,0.5963375796178344,0,14,None,66,1,5,False,1,1
31965,125,degCent,10,0.6936703821656051,0,25,None,66,1,5,False,1,1
31966,126,degCent,10,0.6813296178343949,0,25,None,66,1,5,False,1,1
31967,127,degCent,10,0.6765525477707006,0,25,None,66,1,5,False,1,1
31968,128,degCent,10,0.6741640127388535,0,25,None,66,1,5,False,1,1
31969,129,degCent,10,0.673765923566879,0,25,None,66,1,5,False,1,1
31970,125,degCent,10,0.7432324840764332,0,10,None,66,1,5,False,1,1
31971,126,degCent,10,0.7438296178343949,0,10,None,66,1,5,False,1,1
31972,127,degCent,10,0.7455214968152867,0,10,None,66,1,5,False,1,1
31973,128,degCent,10,0.7465167197452229,0,10,None,66,1,5,False,1,1
31974,129,degCent,10,0.7479100318471338,0,10,None,66,1,5,False,1,1
31975,125,degCent,10,0.742734872611465,0,11,None,66,1,5,False,1,1
31976,126,degCent,10,0.7414410828025477,0,11,None,66,1,5,False,1,1
31977,127,degCent,10,0.7429339171974523,0,11,None,66,1,5,False,1,1
31978,128,degCent,10,0.7433320063694268,0,11,None,66,1,5,False,1,1
31979,129,degCent,10,0.7450238853503185,0,11,None,66,1,5,False,1,1
31980,125,degCent,10,0.7183519108280255,0,17,None,66,1,5,False,1,1
31981,126,degCent,10,0.7211385350318471,0,17,None,66,1,5,False,1,1
31982,127,degCent,10,0.722531847133758,0,17,None,66,1,5,False,1,1
31983,128,degCent,10,0.7236265923566879,0,17,None,66,1,5,False,1,1
31984,129,degCent,10,0.7251194267515924,0,17,None,66,1,5,False,1,1
31985,125,degCent,10,0.6969546178343949,0,28,None,66,1,5,False,1,1
31986,126,degCent,10,0.6889928343949044,0,28,None,66,1,5,False,1,1
31987,127,degCent,10,0.6866042993630573,0,28,None,66,1,5,False,1,1
31988,128,degCent,10,0.68640525477707,0,28,None,66,1,5,False,1,1
31989,129,degCent,10,0.6863057324840764,0,28,None,66,1,5,False,1,1
31990,125,degCent,10,0.7019307324840764,0,3,None,66,1,5,False,1,1
31991,126,degCent,10,0.6999402866242038,0,3,None,66,1,5,False,1,1
31992,127,degCent,10,0.7006369426751592,0,3,None,66,1,5,False,1,1
31993,128,degCent,10,0.7007364649681529,0,3,None,66,1,5,False,1,1
31994,129,degCent,10,0.7018312101910829,0,3,None,66,1,5,False,1,1
31995,125,degCent,10,0.7172571656050956,0,9,None,66,1,5,False,1,1
31996,126,degCent,10,0.7155652866242038,0,9,None,66,1,5,False,1,1
31997,127,degCent,10,0.716859076433121,0,9,None,66,1,5,False,1,1
31998,128,degCent,10,0.7178542993630573,0,9,None,66,1,5,False,1,1
31999,129,degCent,10,0.7201433121019108,0,9,None,66,1,5,False,1,1
32000,125,degCent,10,0.6949641719745223,0,29,None,66,1,5,False,1,1
32001,126,degCent,10,0.689390923566879,0,29,None,66,1,5,False,1,1
32002,127,degCent,10,0.6851114649681529,0,29,None,66,1,5,False,1,1
32003,128,degCent,10,0.6842157643312102,0,29,None,66,1,5,False,1,1
32004,129,degCent,10,0.6828224522292994,0,29,None,66,1,5,False,1,1
32005,125,degCent,10,0.7037221337579618,0,0,None,66,1,5,False,1,1
32006,126,degCent,10,0.7051154458598726,0,0,None,66,1,5,False,1,1
32007,127,degCent,10,0.7056130573248408,0,0,None,66,1,5,False,1,1
32008,128,degCent,10,0.7055135350318471,0,0,None,66,1,5,False,1,1
32009,129,degCent,10,0.7061106687898089,0,0,None,66,1,5,False,1,1
32010,130,degCent,10,0.6659036624203821,0,26,None,66,1,5,False,1,1
32011,131,degCent,10,0.6582404458598726,0,26,None,66,1,5,False,1,1
32012,132,degCent,10,0.6555533439490446,0,26,None,66,1,5,False,1,1
32013,133,degCent,10,0.6536624203821656,0,26,None,66,1,5,False,1,1
32014,134,degCent,10,0.6531648089171974,0,26,None,66,1,5,False,1,1
32015,130,degCent,10,0.6647093949044586,0,1,None,66,1,5,False,1,1
32016,131,degCent,10,0.7040207006369427,0,1,None,66,1,5,False,1,1
32017,132,degCent,10,0.7180533439490446,0,1,None,66,1,5,False,1,1
32018,133,degCent,10,0.7227308917197452,0,1,None,66,1,5,False,1,1
32019,134,degCent,10,0.7239251592356688,0,1,None,66,1,5,False,1,1
32020,130,degCent,10,0.6953622611464968,0,25,None,66,1,5,False,1,1
32021,131,degCent,10,0.6808320063694268,0,25,None,66,1,5,False,1,1
32022,132,degCent,10,0.6776472929936306,0,25,None,66,1,5,False,1,1
32023,133,degCent,10,0.6751592356687898,0,25,None,66,1,5,False,1,1
32024,134,degCent,10,0.674562101910828,0,25,None,66,1,5,False,1,1
32025,130,degCent,10,0.5907643312101911,0,14,None,66,1,5,False,1,1
32026,131,degCent,10,0.6004179936305732,0,14,None,66,1,5,False,1,1
32027,132,degCent,10,0.603702229299363,0,14,None,66,1,5,False,1,1
32028,133,degCent,10,0.6030055732484076,0,14,None,66,1,5,False,1,1
32029,134,degCent,10,0.6062898089171974,0,14,None,66,1,5,False,1,1
32030,130,degCent,10,0.7201433121019108,0,22,None,66,1,5,False,1,1
32031,131,degCent,10,0.7186504777070064,0,22,None,66,1,5,False,1,1
32032,132,degCent,10,0.7189490445859873,0,22,None,66,1,5,False,1,1
32033,133,degCent,10,0.71765525477707,0,22,None,66,1,5,False,1,1
32034,134,degCent,10,0.7175557324840764,0,22,None,66,1,5,False,1,1
32035,130,degCent,10,0.6986464968152867,0,6,None,66,1,5,False,1,1
32036,131,degCent,10,0.7027269108280255,0,6,None,66,1,5,False,1,1
32037,132,degCent,10,0.7046178343949044,0,6,None,66,1,5,False,1,1
32038,133,degCent,10,0.7054140127388535,0,6,None,66,1,5,False,1,1
32039,134,degCent,10,0.7072054140127388,0,6,None,66,1,5,False,1,1
32040,130,degCent,10,0.6413216560509554,0,32,None,66,1,5,False,1,1
32041,131,degCent,10,0.6383359872611465,0,32,None,66,1,5,False,1,1
32042,132,degCent,10,0.6399283439490446,0,32,None,66,1,5,False,1,1
32043,133,degCent,10,0.6399283439490446,0,32,None,66,1,5,False,1,1
32044,134,degCent,10,0.6409235668789809,0,32,None,66,1,5,False,1,1
32045,130,degCent,10,0.7407444267515924,0,16,None,66,1,5,False,1,1
32046,131,degCent,10,0.7448248407643312,0,16,None,66,1,5,False,1,1
32047,132,degCent,10,0.7492038216560509,0,16,None,66,1,5,False,1,1
32048,133,degCent,10,0.7524880573248408,0,16,None,66,1,5,False,1,1
32049,134,degCent,10,0.7534832802547771,0,16,None,66,1,5,False,1,1
32050,130,degCent,10,0.6683917197452229,0,8,None,66,1,5,False,1,1
32051,131,degCent,10,0.6677945859872612,0,8,None,66,1,5,False,1,1
32052,132,degCent,10,0.6695859872611465,0,8,None,66,1,5,False,1,1
32053,133,degCent,10,0.6703821656050956,0,8,None,66,1,5,False,1,1
32054,134,degCent,10,0.671875,0,8,None,66,1,5,False,1,1
32055,130,degCent,10,0.7345740445859873,0,13,None,66,1,5,False,1,1
32056,131,degCent,10,0.7359673566878981,0,13,None,66,1,5,False,1,1
32057,132,degCent,10,0.7359673566878981,0,13,None,66,1,5,False,1,1
32058,133,degCent,10,0.7360668789808917,0,13,None,66,1,5,False,1,1
32059,134,degCent,10,0.7366640127388535,0,13,None,66,1,5,False,1,1
32060,130,degCent,10,0.6921775477707006,0,23,None,66,1,5,False,1,1
32061,131,degCent,10,0.6902866242038217,0,23,None,66,1,5,False,1,1
32062,132,degCent,10,0.6895899681528662,0,23,None,66,1,5,False,1,1
32063,133,degCent,10,0.6905851910828026,0,23,None,66,1,5,False,1,1
32064,134,degCent,10,0.6917794585987261,0,23,None,66,1,5,False,1,1
32065,130,degCent,10,0.7074044585987261,0,30,None,66,1,5,False,1,1
32066,131,degCent,10,0.7340764331210191,0,30,None,66,1,5,False,1,1
32067,132,degCent,10,0.7450238853503185,0,30,None,66,1,5,False,1,1
32068,133,degCent,10,0.7512937898089171,0,30,None,66,1,5,False,1,1
32069,134,degCent,10,0.7532842356687898,0,30,None,66,1,5,False,1,1
32070,130,degCent,10,0.7063097133757962,0,27,None,66,1,5,False,1,1
32071,131,degCent,10,0.7029259554140127,0,27,None,66,1,5,False,1,1
32072,132,degCent,10,0.7028264331210191,0,27,None,66,1,5,False,1,1
32073,133,degCent,10,0.7040207006369427,0,27,None,66,1,5,False,1,1
32074,134,degCent,10,0.7048168789808917,0,27,None,66,1,5,False,1,1
32075,130,degCent,10,0.7558718152866242,0,31,None,66,1,5,False,1,1
32076,131,degCent,10,0.7562699044585988,0,31,None,66,1,5,False,1,1
32077,132,degCent,10,0.7571656050955414,0,31,None,66,1,5,False,1,1
32078,133,degCent,10,0.7571656050955414,0,31,None,66,1,5,False,1,1
32079,134,degCent,10,0.7580613057324841,0,31,None,66,1,5,False,1,1
32080,130,degCent,10,0.699343152866242,0,29,None,66,1,5,False,1,1
32081,131,degCent,10,0.6926751592356688,0,29,None,66,1,5,False,1,1
32082,132,degCent,10,0.6882961783439491,0,29,None,66,1,5,False,1,1
32083,133,degCent,10,0.6866042993630573,0,29,None,66,1,5,False,1,1
32084,134,degCent,10,0.6861066878980892,0,29,None,66,1,5,False,1,1
32085,130,degCent,10,0.6437101910828026,0,2,None,66,1,5,False,1,1
32086,131,degCent,10,0.6170382165605095,0,2,None,66,1,5,False,1,1
32087,132,degCent,10,0.6014132165605095,0,2,None,66,1,5,False,1,1
32088,133,degCent,10,0.5946457006369427,0,2,None,66,1,5,False,1,1
32089,134,degCent,10,0.5928542993630573,0,2,None,66,1,5,False,1,1
32090,130,degCent,10,0.6754578025477707,0,4,None,66,1,5,False,1,1
32091,131,degCent,10,0.6659036624203821,0,4,None,66,1,5,False,1,1
32092,132,degCent,10,0.653562898089172,0,4,None,66,1,5,False,1,1
32093,133,degCent,10,0.6454020700636943,0,4,None,66,1,5,False,1,1
32094,134,degCent,10,0.638734076433121,0,4,None,66,1,5,False,1,1
32095,130,degCent,10,0.7056130573248408,0,3,None,66,1,5,False,1,1
32096,131,degCent,10,0.7040207006369427,0,3,None,66,1,5,False,1,1
32097,132,degCent,10,0.7046178343949044,0,3,None,66,1,5,False,1,1
32098,133,degCent,10,0.7053144904458599,0,3,None,66,1,5,False,1,1
32099,134,degCent,10,0.7059116242038217,0,3,None,66,1,5,False,1,1
32100,130,degCent,10,0.746218152866242,0,5,None,66,1,5,False,1,1
32101,131,degCent,10,0.7409434713375797,0,5,None,66,1,5,False,1,1
32102,132,degCent,10,0.7387539808917197,0,5,None,66,1,5,False,1,1
32103,133,degCent,10,0.7391520700636943,0,5,None,66,1,5,False,1,1
32104,134,degCent,10,0.7392515923566879,0,5,None,66,1,5,False,1,1
32105,130,degCent,10,0.7479100318471338,0,7,None,66,1,5,False,1,1
32106,131,degCent,10,0.7506966560509554,0,7,None,66,1,5,False,1,1
32107,132,degCent,10,0.7516918789808917,0,7,None,66,1,5,False,1,1
32108,133,degCent,10,0.7523885350318471,0,7,None,66,1,5,False,1,1
32109,134,degCent,10,0.7539808917197452,0,7,None,66,1,5,False,1,1
32110,130,degCent,10,0.7199442675159236,0,9,None,66,1,5,False,1,1
32111,131,degCent,10,0.7200437898089171,0,9,None,66,1,5,False,1,1
32112,132,degCent,10,0.71984474522293,0,9,None,66,1,5,False,1,1
32113,133,degCent,10,0.7217356687898089,0,9,None,66,1,5,False,1,1
32114,134,degCent,10,0.7232285031847133,0,9,None,66,1,5,False,1,1
32115,130,degCent,10,0.7447253184713376,0,10,None,66,1,5,False,1,1
32116,131,degCent,10,0.7466162420382165,0,10,None,66,1,5,False,1,1
32117,132,degCent,10,0.748109076433121,0,10,None,66,1,5,False,1,1
32118,133,degCent,10,0.7493033439490446,0,10,None,66,1,5,False,1,1
32119,134,degCent,10,0.7502985668789809,0,10,None,66,1,5,False,1,1
32120,130,degCent,10,0.7445262738853503,0,11,None,66,1,5,False,1,1
32121,131,degCent,10,0.7438296178343949,0,11,None,66,1,5,False,1,1
32122,132,degCent,10,0.7447253184713376,0,11,None,66,1,5,False,1,1
32123,133,degCent,10,0.746218152866242,0,11,None,66,1,5,False,1,1
32124,134,degCent,10,0.7475119426751592,0,11,None,66,1,5,False,1,1
32125,130,degCent,10,0.7228304140127388,0,12,None,66,1,5,False,1,1
32126,131,degCent,10,0.7200437898089171,0,12,None,66,1,5,False,1,1
32127,132,degCent,10,0.7211385350318471,0,12,None,66,1,5,False,1,1
32128,133,degCent,10,0.7221337579617835,0,12,None,66,1,5,False,1,1
32129,134,degCent,10,0.7228304140127388,0,12,None,66,1,5,False,1,1
32130,130,degCent,10,0.6973527070063694,0,15,None,66,1,5,False,1,1
32131,131,degCent,10,0.6980493630573248,0,15,None,66,1,5,False,1,1
32132,132,degCent,10,0.6979498407643312,0,15,None,66,1,5,False,1,1
32133,133,degCent,10,0.6983479299363057,0,15,None,66,1,5,False,1,1
32134,134,degCent,10,0.6984474522292994,0,15,None,66,1,5,False,1,1
32135,130,degCent,10,0.71984474522293,0,17,None,66,1,5,False,1,1
32136,131,degCent,10,0.7210390127388535,0,17,None,66,1,5,False,1,1
32137,132,degCent,10,0.7231289808917197,0,17,None,66,1,5,False,1,1
32138,133,degCent,10,0.7249203821656051,0,17,None,66,1,5,False,1,1
32139,134,degCent,10,0.7255175159235668,0,17,None,66,1,5,False,1,1
32140,130,degCent,10,0.7464171974522293,0,18,None,66,1,5,False,1,1
32141,131,degCent,10,0.7477109872611465,0,18,None,66,1,5,False,1,1
32142,132,degCent,10,0.7479100318471338,0,18,None,66,1,5,False,1,1
32143,133,degCent,10,0.7495023885350318,0,18,None,66,1,5,False,1,1
32144,134,degCent,10,0.7502985668789809,0,18,None,66,1,5,False,1,1
32145,130,degCent,10,0.7429339171974523,0,20,None,66,1,5,False,1,1
32146,131,degCent,10,0.7428343949044586,0,20,None,66,1,5,False,1,1
32147,132,degCent,10,0.743531050955414,0,20,None,66,1,5,False,1,1
32148,133,degCent,10,0.7436305732484076,0,20,None,66,1,5,False,1,1
32149,134,degCent,10,0.7455214968152867,0,20,None,66,1,5,False,1,1
32150,130,degCent,10,0.6994426751592356,0,28,None,66,1,5,False,1,1
32151,131,degCent,10,0.6914808917197452,0,28,None,66,1,5,False,1,1
32152,132,degCent,10,0.6889928343949044,0,28,None,66,1,5,False,1,1
32153,133,degCent,10,0.6886942675159236,0,28,None,66,1,5,False,1,1
32154,134,degCent,10,0.6884952229299363,0,28,None,66,1,5,False,1,1
32155,130,degCent,10,0.6342555732484076,0,19,None,66,1,5,False,1,1
32156,131,degCent,10,0.6293789808917197,0,19,None,66,1,5,False,1,1
32157,132,degCent,10,0.6261942675159236,0,19,None,66,1,5,False,1,1
32158,133,degCent,10,0.6252985668789809,0,19,None,66,1,5,False,1,1
32159,134,degCent,10,0.6271894904458599,0,19,None,66,1,5,False,1,1
32160,130,degCent,10,0.745421974522293,0,21,None,66,1,5,False,1,1
32161,131,degCent,10,0.7458200636942676,0,21,None,66,1,5,False,1,1
32162,132,degCent,10,0.7457205414012739,0,21,None,66,1,5,False,1,1
32163,133,degCent,10,0.7458200636942676,0,21,None,66,1,5,False,1,1
32164,134,degCent,10,0.7470143312101911,0,21,None,66,1,5,False,1,1
32165,130,degCent,10,0.7060111464968153,0,0,None,66,1,5,False,1,1
32166,131,degCent,10,0.7075039808917197,0,0,None,66,1,5,False,1,1
32167,132,degCent,10,0.7083996815286624,0,0,None,66,1,5,False,1,1
32168,133,degCent,10,0.7083001592356688,0,0,None,66,1,5,False,1,1
32169,134,degCent,10,0.7090963375796179,0,0,None,66,1,5,False,1,1
32170,130,degCent,10,0.7074044585987261,0,24,None,66,1,5,False,1,1
32171,131,degCent,10,0.7111863057324841,0,24,None,66,1,5,False,1,1
32172,132,degCent,10,0.7133757961783439,0,24,None,66,1,5,False,1,1
32173,133,degCent,10,0.7154657643312102,0,24,None,66,1,5,False,1,1
32174,134,degCent,10,0.7172571656050956,0,24,None,66,1,5,False,1,1
36630,135,degCent,10,0.671875,0,1,None,66,1,5,False,1,1
36631,136,degCent,10,0.7115843949044586,0,1,None,66,1,5,False,1,1
36632,137,degCent,10,0.7222332802547771,0,1,None,66,1,5,False,1,1
36633,138,degCent,10,0.726015127388535,0,1,None,66,1,5,False,1,1
36634,139,degCent,10,0.727109872611465,0,1,None,66,1,5,False,1,1
36635,135,degCent,10,0.6476910828025477,0,2,None,66,1,5,False,1,1
36636,136,degCent,10,0.6224124203821656,0,2,None,66,1,5,False,1,1
36637,137,degCent,10,0.6048964968152867,0,2,None,66,1,5,False,1,1
36638,138,degCent,10,0.5982285031847133,0,2,None,66,1,5,False,1,1
36639,139,degCent,10,0.5952428343949044,0,2,None,66,1,5,False,1,1
36640,135,degCent,10,0.752687101910828,0,5,None,66,1,5,False,1,1
36641,136,degCent,10,0.7480095541401274,0,5,None,66,1,5,False,1,1
36642,137,degCent,10,0.7472133757961783,0,5,None,66,1,5,False,1,1
36643,138,degCent,10,0.7476114649681529,0,5,None,66,1,5,False,1,1
36644,139,degCent,10,0.7476114649681529,0,5,None,66,1,5,False,1,1
36645,135,degCent,10,0.7367635350318471,0,13,None,66,1,5,False,1,1
36646,136,degCent,10,0.7377587579617835,0,13,None,66,1,5,False,1,1
36647,137,degCent,10,0.7388535031847133,0,13,None,66,1,5,False,1,1
36648,138,degCent,10,0.7390525477707006,0,13,None,66,1,5,False,1,1
36649,139,degCent,10,0.7397492038216561,0,13,None,66,1,5,False,1,1
36650,135,degCent,10,0.7446257961783439,0,16,None,66,1,5,False,1,1
36651,136,degCent,10,0.7482085987261147,0,16,None,66,1,5,False,1,1
36652,137,degCent,10,0.7514928343949044,0,16,None,66,1,5,False,1,1
36653,138,degCent,10,0.7551751592356688,0,16,None,66,1,5,False,1,1
36654,139,degCent,10,0.7570660828025477,0,16,None,66,1,5,False,1,1
36655,135,degCent,10,0.7483081210191083,0,11,None,66,1,5,False,1,1
36656,136,degCent,10,0.7486066878980892,0,11,None,66,1,5,False,1,1
36657,137,degCent,10,0.7492038216560509,0,11,None,66,1,5,False,1,1
36658,138,degCent,10,0.7497014331210191,0,11,None,66,1,5,False,1,1
36659,139,degCent,10,0.7512937898089171,0,11,None,66,1,5,False,1,1
36660,135,degCent,10,0.6708797770700637,0,8,None,66,1,5,False,1,1
36661,136,degCent,10,0.67078025477707,0,8,None,66,1,5,False,1,1
36662,137,degCent,10,0.6714769108280255,0,8,None,66,1,5,False,1,1
36663,138,degCent,10,0.6732683121019108,0,8,None,66,1,5,False,1,1
36664,139,degCent,10,0.6753582802547771,0,8,None,66,1,5,False,1,1
36665,135,degCent,10,0.7453224522292994,0,20,None,66,1,5,False,1,1
36666,136,degCent,10,0.7463176751592356,0,20,None,66,1,5,False,1,1
36667,137,degCent,10,0.7468152866242038,0,20,None,66,1,5,False,1,1
36668,138,degCent,10,0.7483081210191083,0,20,None,66,1,5,False,1,1
36669,139,degCent,10,0.7498009554140127,0,20,None,66,1,5,False,1,1
36670,135,degCent,10,0.6327627388535032,0,19,None,66,1,5,False,1,1
36671,136,degCent,10,0.6291799363057324,0,19,None,66,1,5,False,1,1
36672,137,degCent,10,0.6280851910828026,0,19,None,66,1,5,False,1,1
36673,138,degCent,10,0.6284832802547771,0,19,None,66,1,5,False,1,1
36674,139,degCent,10,0.6300756369426752,0,19,None,66,1,5,False,1,1
36675,135,degCent,10,0.6965565286624203,0,23,None,66,1,5,False,1,1
36676,136,degCent,10,0.693968949044586,0,23,None,66,1,5,False,1,1
36677,137,degCent,10,0.6932722929936306,0,23,None,66,1,5,False,1,1
36678,138,degCent,10,0.6948646496815286,0,23,None,66,1,5,False,1,1
36679,139,degCent,10,0.6961584394904459,0,23,None,66,1,5,False,1,1
36680,135,degCent,10,0.7264132165605095,0,17,None,66,1,5,False,1,1
36681,136,degCent,10,0.7280055732484076,0,17,None,66,1,5,False,1,1
36682,137,degCent,10,0.7284036624203821,0,17,None,66,1,5,False,1,1
36683,138,degCent,10,0.7293988853503185,0,17,None,66,1,5,False,1,1
36684,139,degCent,10,0.7309912420382165,0,17,None,66,1,5,False,1,1
36685,135,degCent,10,0.7492038216560509,0,21,None,66,1,5,False,1,1
36686,136,degCent,10,0.7490047770700637,0,21,None,66,1,5,False,1,1
36687,137,degCent,10,0.7494028662420382,0,21,None,66,1,5,False,1,1
36688,138,degCent,10,0.7500995222929936,0,21,None,66,1,5,False,1,1
36689,139,degCent,10,0.7507961783439491,0,21,None,66,1,5,False,1,1
36690,135,degCent,10,0.6970541401273885,0,25,None,66,1,5,False,1,1
36691,136,degCent,10,0.6835191082802548,0,25,None,66,1,5,False,1,1
36692,137,degCent,10,0.6798367834394905,0,25,None,66,1,5,False,1,1
36693,138,degCent,10,0.6786425159235668,0,25,None,66,1,5,False,1,1
36694,139,degCent,10,0.6781449044585988,0,25,None,66,1,5,False,1,1
36695,135,degCent,10,0.6711783439490446,0,26,None,66,1,5,False,1,1
36696,136,degCent,10,0.6626194267515924,0,26,None,66,1,5,False,1,1
36697,137,degCent,10,0.6596337579617835,0,26,None,66,1,5,False,1,1
36698,138,degCent,10,0.6583399681528662,0,26,None,66,1,5,False,1,1
36699,139,degCent,10,0.6575437898089171,0,26,None,66,1,5,False,1,1
36700,135,degCent,10,0.7262141719745223,0,12,None,66,1,5,False,1,1
36701,136,degCent,10,0.7247213375796179,0,12,None,66,1,5,False,1,1
36702,137,degCent,10,0.7251194267515924,0,12,None,66,1,5,False,1,1
36703,138,degCent,10,0.7253184713375797,0,12,None,66,1,5,False,1,1
36704,139,degCent,10,0.7263136942675159,0,12,None,66,1,5,False,1,1
36705,135,degCent,10,0.714968152866242,0,24,None,66,1,5,False,1,1
36706,136,degCent,10,0.7195461783439491,0,24,None,66,1,5,False,1,1
36707,137,degCent,10,0.7213375796178344,0,24,None,66,1,5,False,1,1
36708,138,degCent,10,0.7211385350318471,0,24,None,66,1,5,False,1,1
36709,139,degCent,10,0.7229299363057324,0,24,None,66,1,5,False,1,1
36710,135,degCent,10,0.7025278662420382,0,28,None,66,1,5,False,1,1
36711,136,degCent,10,0.6949641719745223,0,28,None,66,1,5,False,1,1
36712,137,degCent,10,0.6911823248407644,0,28,None,66,1,5,False,1,1
36713,138,degCent,10,0.6903861464968153,0,28,None,66,1,5,False,1,1
36714,139,degCent,10,0.6903861464968153,0,28,None,66,1,5,False,1,1
36715,135,degCent,10,0.7026273885350318,0,29,None,66,1,5,False,1,1
36716,136,degCent,10,0.696656050955414,0,29,None,66,1,5,False,1,1
36717,137,degCent,10,0.6930732484076433,0,29,None,66,1,5,False,1,1
36718,138,degCent,10,0.6904856687898089,0,29,None,66,1,5,False,1,1
36719,139,degCent,10,0.6887937898089171,0,29,None,66,1,5,False,1,1
36720,135,degCent,10,0.711484872611465,0,0,None,66,1,5,False,1,1
36721,136,degCent,10,0.7116839171974523,0,0,None,66,1,5,False,1,1
36722,137,degCent,10,0.7121815286624203,0,0,None,66,1,5,False,1,1
36723,138,degCent,10,0.7125796178343949,0,0,None,66,1,5,False,1,1
36724,139,degCent,10,0.7125796178343949,0,0,None,66,1,5,False,1,1
36725,135,degCent,10,0.7080015923566879,0,30,None,66,1,5,False,1,1
36726,136,degCent,10,0.7371616242038217,0,30,None,66,1,5,False,1,1
36727,137,degCent,10,0.7488057324840764,0,30,None,66,1,5,False,1,1
36728,138,degCent,10,0.7544785031847133,0,30,None,66,1,5,False,1,1
36729,139,degCent,10,0.7590565286624203,0,30,None,66,1,5,False,1,1
36730,135,degCent,10,0.7529856687898089,0,7,None,66,1,5,False,1,1
36731,136,degCent,10,0.7547770700636943,0,7,None,66,1,5,False,1,1
36732,137,degCent,10,0.7546775477707006,0,7,None,66,1,5,False,1,1
36733,138,degCent,10,0.7548765923566879,0,7,None,66,1,5,False,1,1
36734,139,degCent,10,0.7552746815286624,0,7,None,66,1,5,False,1,1
36735,135,degCent,10,0.6817277070063694,0,4,None,66,1,5,False,1,1
36736,136,degCent,10,0.6747611464968153,0,4,None,66,1,5,False,1,1
36737,137,degCent,10,0.6622213375796179,0,4,None,66,1,5,False,1,1
36738,138,degCent,10,0.6531648089171974,0,4,None,66,1,5,False,1,1
36739,139,degCent,10,0.6463972929936306,0,4,None,66,1,5,False,1,1
36740,135,degCent,10,0.6523686305732485,0,32,None,66,1,5,False,1,1
36741,136,degCent,10,0.6481886942675159,0,32,None,66,1,5,False,1,1
36742,137,degCent,10,0.6486863057324841,0,32,None,66,1,5,False,1,1
36743,138,degCent,10,0.6491839171974523,0,32,None,66,1,5,False,1,1
36744,139,degCent,10,0.6500796178343949,0,32,None,66,1,5,False,1,1
36745,135,degCent,10,0.7236265923566879,0,9,None,66,1,5,False,1,1
36746,136,degCent,10,0.7222332802547771,0,9,None,66,1,5,False,1,1
36747,137,degCent,10,0.7240246815286624,0,9,None,66,1,5,False,1,1
36748,138,degCent,10,0.726015127388535,0,9,None,66,1,5,False,1,1
36749,139,degCent,10,0.7261146496815286,0,9,None,66,1,5,False,1,1
36750,135,degCent,10,0.7061106687898089,0,6,None,66,1,5,False,1,1
36751,136,degCent,10,0.7093949044585988,0,6,None,66,1,5,False,1,1
36752,137,degCent,10,0.710390127388535,0,6,None,66,1,5,False,1,1
36753,138,degCent,10,0.711484872611465,0,6,None,66,1,5,False,1,1
36754,139,degCent,10,0.7116839171974523,0,6,None,66,1,5,False,1,1
36755,135,degCent,10,0.7220342356687898,0,22,None,66,1,5,False,1,1
36756,136,degCent,10,0.7224323248407644,0,22,None,66,1,5,False,1,1
36757,137,degCent,10,0.7210390127388535,0,22,None,66,1,5,False,1,1
36758,138,degCent,10,0.7210390127388535,0,22,None,66,1,5,False,1,1
36759,139,degCent,10,0.7218351910828026,0,22,None,66,1,5,False,1,1
36760,135,degCent,10,0.5968351910828026,0,14,None,66,1,5,False,1,1
36761,136,degCent,10,0.6049960191082803,0,14,None,66,1,5,False,1,1
36762,137,degCent,10,0.6095740445859873,0,14,None,66,1,5,False,1,1
36763,138,degCent,10,0.6117635350318471,0,14,None,66,1,5,False,1,1
36764,139,degCent,10,0.6155453821656051,0,14,None,66,1,5,False,1,1
36765,135,degCent,10,0.7522890127388535,0,18,None,66,1,5,False,1,1
36766,136,degCent,10,0.7517914012738853,0,18,None,66,1,5,False,1,1
36767,137,degCent,10,0.7521894904458599,0,18,None,66,1,5,False,1,1
36768,138,degCent,10,0.7533837579617835,0,18,None,66,1,5,False,1,1
36769,139,degCent,10,0.7555732484076433,0,18,None,66,1,5,False,1,1
36770,135,degCent,10,0.7081011146496815,0,27,None,66,1,5,False,1,1
36771,136,degCent,10,0.7038216560509554,0,27,None,66,1,5,False,1,1
36772,137,degCent,10,0.7037221337579618,0,27,None,66,1,5,False,1,1
36773,138,degCent,10,0.7048168789808917,0,27,None,66,1,5,False,1,1
36774,139,degCent,10,0.7062101910828026,0,27,None,66,1,5,False,1,1
36775,135,degCent,10,0.7581608280254777,0,31,None,66,1,5,False,1,1
36776,136,degCent,10,0.7580613057324841,0,31,None,66,1,5,False,1,1
36777,137,degCent,10,0.7577627388535032,0,31,None,66,1,5,False,1,1
36778,138,degCent,10,0.7587579617834395,0,31,None,66,1,5,False,1,1
36779,139,degCent,10,0.7593550955414012,0,31,None,66,1,5,False,1,1
36780,135,degCent,10,0.7494028662420382,0,10,None,66,1,5,False,1,1
36781,136,degCent,10,0.7502985668789809,0,10,None,66,1,5,False,1,1
36782,137,degCent,10,0.751890923566879,0,10,None,66,1,5,False,1,1
36783,138,degCent,10,0.7532842356687898,0,10,None,66,1,5,False,1,1
36784,139,degCent,10,0.7546775477707006,0,10,None,66,1,5,False,1,1
36785,135,degCent,10,0.7079020700636943,0,15,None,66,1,5,False,1,1
36786,136,degCent,10,0.7053144904458599,0,15,None,66,1,5,False,1,1
36787,137,degCent,10,0.705015923566879,0,15,None,66,1,5,False,1,1
36788,138,degCent,10,0.7057125796178344,0,15,None,66,1,5,False,1,1
36789,139,degCent,10,0.7049164012738853,0,15,None,66,1,5,False,1,1
36790,135,degCent,10,0.7088972929936306,0,3,None,66,1,5,False,1,1
36791,136,degCent,10,0.7083996815286624,0,3,None,66,1,5,False,1,1
36792,137,degCent,10,0.7091958598726115,0,3,None,66,1,5,False,1,1
36793,138,degCent,10,0.7096934713375797,0,3,None,66,1,5,False,1,1
36794,139,degCent,10,0.7101910828025477,0,3,None,66,1,5,False,1,1
36795,140,degCent,10,0.7183519108280255,0,30,None,66,1,5,False,1,1
36796,141,degCent,10,0.7453224522292994,0,30,None,66,1,5,False,1,1
36797,142,degCent,10,0.7570660828025477,0,30,None,66,1,5,False,1,1
36798,143,degCent,10,0.7604498407643312,0,30,None,66,1,5,False,1,1
36799,144,degCent,10,0.7649283439490446,0,30,None,66,1,5,False,1,1
36800,140,degCent,10,0.6796377388535032,0,1,None,66,1,5,False,1,1
36801,141,degCent,10,0.7174562101910829,0,1,None,66,1,5,False,1,1
36802,142,degCent,10,0.7262141719745223,0,1,None,66,1,5,False,1,1
36803,143,degCent,10,0.7289012738853503,0,1,None,66,1,5,False,1,1
36804,144,degCent,10,0.7299960191082803,0,1,None,66,1,5,False,1,1
36805,140,degCent,10,0.6509753184713376,0,2,None,66,1,5,False,1,1
36806,141,degCent,10,0.6255971337579618,0,2,None,66,1,5,False,1,1
36807,142,degCent,10,0.6096735668789809,0,2,None,66,1,5,False,1,1
36808,143,degCent,10,0.6015127388535032,0,2,None,66,1,5,False,1,1
36809,144,degCent,10,0.5971337579617835,0,2,None,66,1,5,False,1,1
36810,140,degCent,10,0.7480095541401274,0,22,None,66,1,5,False,1,1
36811,141,degCent,10,0.7414410828025477,0,22,None,66,1,5,False,1,1
36812,142,degCent,10,0.738953025477707,0,22,None,66,1,5,False,1,1
36813,143,degCent,10,0.7376592356687898,0,22,None,66,1,5,False,1,1
36814,144,degCent,10,0.7364649681528662,0,22,None,66,1,5,False,1,1
36815,140,degCent,10,0.699343152866242,0,23,None,66,1,5,False,1,1
36816,141,degCent,10,0.6975517515923567,0,23,None,66,1,5,False,1,1
36817,142,degCent,10,0.6978503184713376,0,23,None,66,1,5,False,1,1
36818,143,degCent,10,0.6978503184713376,0,23,None,66,1,5,False,1,1
36819,144,degCent,10,0.7003383757961783,0,23,None,66,1,5,False,1,1
36820,140,degCent,10,0.6069864649681529,0,14,None,66,1,5,False,1,1
36821,141,degCent,10,0.6133558917197452,0,14,None,66,1,5,False,1,1
36822,142,degCent,10,0.6163415605095541,0,14,None,66,1,5,False,1,1
36823,143,degCent,10,0.6167396496815286,0,14,None,66,1,5,False,1,1
36824,144,degCent,10,0.6192277070063694,0,14,None,66,1,5,False,1,1
36825,140,degCent,10,0.724422770700637,0,9,None,66,1,5,False,1,1
36826,141,degCent,10,0.724422770700637,0,9,None,66,1,5,False,1,1
36827,142,degCent,10,0.7251194267515924,0,9,None,66,1,5,False,1,1
36828,143,degCent,10,0.7253184713375797,0,9,None,66,1,5,False,1,1
36829,144,degCent,10,0.7257165605095541,0,9,None,66,1,5,False,1,1
36830,140,degCent,10,0.7055135350318471,0,29,None,66,1,5,False,1,1
36831,141,degCent,10,0.7007364649681529,0,29,None,66,1,5,False,1,1
36832,142,degCent,10,0.6972531847133758,0,29,None,66,1,5,False,1,1
36833,143,degCent,10,0.6949641719745223,0,29,None,66,1,5,False,1,1
36834,144,degCent,10,0.6936703821656051,0,29,None,66,1,5,False,1,1
36835,140,degCent,10,0.7388535031847133,0,13,None,66,1,5,False,1,1
36836,141,degCent,10,0.7405453821656051,0,13,None,66,1,5,False,1,1
36837,142,degCent,10,0.7424363057324841,0,13,None,66,1,5,False,1,1
36838,143,degCent,10,0.7430334394904459,0,13,None,66,1,5,False,1,1
36839,144,degCent,10,0.7447253184713376,0,13,None,66,1,5,False,1,1
36840,140,degCent,10,0.7284036624203821,0,12,None,66,1,5,False,1,1
36841,141,degCent,10,0.7274084394904459,0,12,None,66,1,5,False,1,1
36842,142,degCent,10,0.7265127388535032,0,12,None,66,1,5,False,1,1
36843,143,degCent,10,0.7272093949044586,0,12,None,66,1,5,False,1,1
36844,144,degCent,10,0.728702229299363,0,12,None,66,1,5,False,1,1
36845,140,degCent,10,0.6770501592356688,0,26,None,66,1,5,False,1,1
36846,141,degCent,10,0.6671974522292994,0,26,None,66,1,5,False,1,1
36847,142,degCent,10,0.6647093949044586,0,26,None,66,1,5,False,1,1
36848,143,degCent,10,0.664609872611465,0,26,None,66,1,5,False,1,1
36849,144,degCent,10,0.6636146496815286,0,26,None,66,1,5,False,1,1
36850,140,degCent,10,0.6986464968152867,0,25,None,66,1,5,False,1,1
36851,141,degCent,10,0.6845143312101911,0,25,None,66,1,5,False,1,1
36852,142,degCent,10,0.6813296178343949,0,25,None,66,1,5,False,1,1
36853,143,degCent,10,0.6796377388535032,0,25,None,66,1,5,False,1,1
36854,144,degCent,10,0.6800358280254777,0,25,None,66,1,5,False,1,1
36855,140,degCent,10,0.7512937898089171,0,10,None,66,1,5,False,1,1
36856,141,degCent,10,0.7524880573248408,0,10,None,66,1,5,False,1,1
36857,142,degCent,10,0.7540804140127388,0,10,None,66,1,5,False,1,1
36858,143,degCent,10,0.7566679936305732,0,10,None,66,1,5,False,1,1
36859,144,degCent,10,0.7578622611464968,0,10,None,66,1,5,False,1,1
36860,140,degCent,10,0.7062101910828026,0,15,None,66,1,5,False,1,1
36861,141,degCent,10,0.7072054140127388,0,15,None,66,1,5,False,1,1
36862,142,degCent,10,0.7072054140127388,0,15,None,66,1,5,False,1,1
36863,143,degCent,10,0.7074044585987261,0,15,None,66,1,5,False,1,1
36864,144,degCent,10,0.7076035031847133,0,15,None,66,1,5,False,1,1
36865,140,degCent,10,0.751890923566879,0,11,None,66,1,5,False,1,1
36866,141,degCent,10,0.7508957006369427,0,11,None,66,1,5,False,1,1
36867,142,degCent,10,0.7517914012738853,0,11,None,66,1,5,False,1,1
36868,143,degCent,10,0.7523885350318471,0,11,None,66,1,5,False,1,1
36869,144,degCent,10,0.7538813694267515,0,11,None,66,1,5,False,1,1
36870,140,degCent,10,0.7261146496815286,0,17,None,66,1,5,False,1,1
36871,141,degCent,10,0.7273089171974523,0,17,None,66,1,5,False,1,1
36872,142,degCent,10,0.7291998407643312,0,17,None,66,1,5,False,1,1
36873,143,degCent,10,0.7314888535031847,0,17,None,66,1,5,False,1,1
36874,144,degCent,10,0.7312898089171974,0,17,None,66,1,5,False,1,1
36875,140,degCent,10,0.7157643312101911,0,24,None,66,1,5,False,1,1
36876,141,degCent,10,0.7199442675159236,0,24,None,66,1,5,False,1,1
36877,142,degCent,10,0.7224323248407644,0,24,None,66,1,5,False,1,1
36878,143,degCent,10,0.7231289808917197,0,24,None,66,1,5,False,1,1
36879,144,degCent,10,0.7242237261146497,0,24,None,66,1,5,False,1,1
36880,140,degCent,10,0.7503980891719745,0,20,None,66,1,5,False,1,1
36881,141,degCent,10,0.751890923566879,0,20,None,66,1,5,False,1,1
36882,142,degCent,10,0.7531847133757962,0,20,None,66,1,5,False,1,1
36883,143,degCent,10,0.7548765923566879,0,20,None,66,1,5,False,1,1
36884,144,degCent,10,0.7557722929936306,0,20,None,66,1,5,False,1,1
36885,140,degCent,10,0.6834195859872612,0,4,None,66,1,5,False,1,1
36886,141,degCent,10,0.6747611464968153,0,4,None,66,1,5,False,1,1
36887,142,degCent,10,0.6628184713375797,0,4,None,66,1,5,False,1,1
36888,143,degCent,10,0.6541600318471338,0,4,None,66,1,5,False,1,1
36889,144,degCent,10,0.6491839171974523,0,4,None,66,1,5,False,1,1
36890,140,degCent,10,0.7041202229299363,0,28,None,66,1,5,False,1,1
36891,141,degCent,10,0.6976512738853503,0,28,None,66,1,5,False,1,1
36892,142,degCent,10,0.6946656050955414,0,28,None,66,1,5,False,1,1
36893,143,degCent,10,0.6926751592356688,0,28,None,66,1,5,False,1,1
36894,144,degCent,10,0.6924761146496815,0,28,None,66,1,5,False,1,1
36895,140,degCent,10,0.6728702229299363,0,8,None,66,1,5,False,1,1
36896,141,degCent,10,0.6735668789808917,0,8,None,66,1,5,False,1,1
36897,142,degCent,10,0.6748606687898089,0,8,None,66,1,5,False,1,1
36898,143,degCent,10,0.6761544585987261,0,8,None,66,1,5,False,1,1
36899,144,degCent,10,0.6769506369426752,0,8,None,66,1,5,False,1,1
36900,140,degCent,10,0.6410230891719745,0,19,None,66,1,5,False,1,1
36901,141,degCent,10,0.6370421974522293,0,19,None,66,1,5,False,1,1
36902,142,degCent,10,0.6356488853503185,0,19,None,66,1,5,False,1,1
36903,143,degCent,10,0.6359474522292994,0,19,None,66,1,5,False,1,1
36904,144,degCent,10,0.6369426751592356,0,19,None,66,1,5,False,1,1
36905,140,degCent,10,0.7534832802547771,0,21,None,66,1,5,False,1,1
36906,141,degCent,10,0.7527866242038217,0,21,None,66,1,5,False,1,1
36907,142,degCent,10,0.7530851910828026,0,21,None,66,1,5,False,1,1
36908,143,degCent,10,0.7550756369426752,0,21,None,66,1,5,False,1,1
36909,144,degCent,10,0.7560708598726115,0,21,None,66,1,5,False,1,1
36910,140,degCent,10,0.709593949044586,0,27,None,66,1,5,False,1,1
36911,141,degCent,10,0.7034235668789809,0,27,None,66,1,5,False,1,1
36912,142,degCent,10,0.7034235668789809,0,27,None,66,1,5,False,1,1
36913,143,degCent,10,0.7048168789808917,0,27,None,66,1,5,False,1,1
36914,144,degCent,10,0.7057125796178344,0,27,None,66,1,5,False,1,1
36915,140,degCent,10,0.7541799363057324,0,18,None,66,1,5,False,1,1
36916,141,degCent,10,0.7534832802547771,0,18,None,66,1,5,False,1,1
36917,142,degCent,10,0.7544785031847133,0,18,None,66,1,5,False,1,1
36918,143,degCent,10,0.7566679936305732,0,18,None,66,1,5,False,1,1
36919,144,degCent,10,0.7571656050955414,0,18,None,66,1,5,False,1,1
36920,140,degCent,10,0.7611464968152867,0,31,None,66,1,5,False,1,1
36921,141,degCent,10,0.7604498407643312,0,31,None,66,1,5,False,1,1
36922,142,degCent,10,0.7601512738853503,0,31,None,66,1,5,False,1,1
36923,143,degCent,10,0.7602507961783439,0,31,None,66,1,5,False,1,1
36924,144,degCent,10,0.7613455414012739,0,31,None,66,1,5,False,1,1
36925,140,degCent,10,0.7536823248407644,0,5,None,66,1,5,False,1,1
36926,141,degCent,10,0.7503980891719745,0,5,None,66,1,5,False,1,1
36927,142,degCent,10,0.7493033439490446,0,5,None,66,1,5,False,1,1
36928,143,degCent,10,0.7502985668789809,0,5,None,66,1,5,False,1,1
36929,144,degCent,10,0.7500995222929936,0,5,None,66,1,5,False,1,1
36930,140,degCent,10,0.7139729299363057,0,0,None,66,1,5,False,1,1
36931,141,degCent,10,0.714968152866242,0,0,None,66,1,5,False,1,1
36932,142,degCent,10,0.7153662420382165,0,0,None,66,1,5,False,1,1
36933,143,degCent,10,0.7163614649681529,0,0,None,66,1,5,False,1,1
36934,144,degCent,10,0.7165605095541401,0,0,None,66,1,5,False,1,1
36935,140,degCent,10,0.7171576433121019,0,6,None,66,1,5,False,1,1
36936,141,degCent,10,0.716859076433121,0,6,None,66,1,5,False,1,1
36937,142,degCent,10,0.7177547770700637,0,6,None,66,1,5,False,1,1
36938,143,degCent,10,0.7180533439490446,0,6,None,66,1,5,False,1,1
36939,144,degCent,10,0.7181528662420382,0,6,None,66,1,5,False,1,1
36940,140,degCent,10,0.7106886942675159,0,3,None,66,1,5,False,1,1
36941,141,degCent,10,0.7109872611464968,0,3,None,66,1,5,False,1,1
36942,142,degCent,10,0.7116839171974523,0,3,None,66,1,5,False,1,1
36943,143,degCent,10,0.7121815286624203,0,3,None,66,1,5,False,1,1
36944,144,degCent,10,0.7132762738853503,0,3,None,66,1,5,False,1,1
36945,140,degCent,10,0.7517914012738853,0,7,None,66,1,5,False,1,1
36946,141,degCent,10,0.7555732484076433,0,7,None,66,1,5,False,1,1
36947,142,degCent,10,0.7560708598726115,0,7,None,66,1,5,False,1,1
36948,143,degCent,10,0.7559713375796179,0,7,None,66,1,5,False,1,1
36949,144,degCent,10,0.756468949044586,0,7,None,66,1,5,False,1,1
36950,140,degCent,10,0.7477109872611465,0,16,None,66,1,5,False,1,1
36951,141,degCent,10,0.7513933121019108,0,16,None,66,1,5,False,1,1
36952,142,degCent,10,0.7539808917197452,0,16,None,66,1,5,False,1,1
36953,143,degCent,10,0.7578622611464968,0,16,None,66,1,5,False,1,1
36954,144,degCent,10,0.7595541401273885,0,16,None,66,1,5,False,1,1
36955,140,degCent,10,0.65734474522293,0,32,None,66,1,5,False,1,1
36956,141,degCent,10,0.6528662420382165,0,32,None,66,1,5,False,1,1
36957,142,degCent,10,0.653562898089172,0,32,None,66,1,5,False,1,1
36958,143,degCent,10,0.6531648089171974,0,32,None,66,1,5,False,1,1
36959,144,degCent,10,0.6539609872611465,0,32,None,66,1,5,False,1,1
41745,145,degCent,10,0.6870023885350318,0,1,None,66,1,5,False,1,1
41746,146,degCent,10,0.7209394904458599,0,1,None,66,1,5,False,1,1
41747,147,degCent,10,0.7292993630573248,0,1,None,66,1,5,False,1,1
41748,148,degCent,10,0.7321855095541401,0,1,None,66,1,5,False,1,1
41749,149,degCent,10,0.7329816878980892,0,1,None,66,1,5,False,1,1
41750,145,degCent,10,0.6537619426751592,0,2,None,66,1,5,False,1,1
41751,146,degCent,10,0.626890923566879,0,2,None,66,1,5,False,1,1
41752,147,degCent,10,0.6129578025477707,0,2,None,66,1,5,False,1,1
41753,148,degCent,10,0.6040007961783439,0,2,None,66,1,5,False,1,1
41754,149,degCent,10,0.5998208598726115,0,2,None,66,1,5,False,1,1
41755,145,degCent,10,0.7426353503184714,0,13,None,66,1,5,False,1,1
41756,146,degCent,10,0.7451234076433121,0,13,None,66,1,5,False,1,1
41757,147,degCent,10,0.7460191082802548,0,13,None,66,1,5,False,1,1
41758,148,degCent,10,0.7469148089171974,0,13,None,66,1,5,False,1,1
41759,149,degCent,10,0.7475119426751592,0,13,None,66,1,5,False,1,1
41760,145,degCent,10,0.7115843949044586,0,15,None,66,1,5,False,1,1
41761,146,degCent,10,0.7116839171974523,0,15,None,66,1,5,False,1,1
41762,147,degCent,10,0.7121815286624203,0,15,None,66,1,5,False,1,1
41763,148,degCent,10,0.7118829617834395,0,15,None,66,1,5,False,1,1
41764,149,degCent,10,0.7126791401273885,0,15,None,66,1,5,False,1,1
41765,145,degCent,10,0.7453224522292994,0,16,None,66,1,5,False,1,1
41766,146,degCent,10,0.751890923566879,0,16,None,66,1,5,False,1,1
41767,147,degCent,10,0.7563694267515924,0,16,None,66,1,5,False,1,1
41768,148,degCent,10,0.7590565286624203,0,16,None,66,1,5,False,1,1
41769,149,degCent,10,0.7609474522292994,0,16,None,66,1,5,False,1,1
41770,145,degCent,10,0.6750597133757962,0,8,None,66,1,5,False,1,1
41771,146,degCent,10,0.676453025477707,0,8,None,66,1,5,False,1,1
41772,147,degCent,10,0.6766520700636943,0,8,None,66,1,5,False,1,1
41773,148,degCent,10,0.6771496815286624,0,8,None,66,1,5,False,1,1
41774,149,degCent,10,0.6789410828025477,0,8,None,66,1,5,False,1,1
41775,145,degCent,10,0.6434116242038217,0,19,None,66,1,5,False,1,1
41776,146,degCent,10,0.6381369426751592,0,19,None,66,1,5,False,1,1
41777,147,degCent,10,0.6374402866242038,0,19,None,66,1,5,False,1,1
41778,148,degCent,10,0.637937898089172,0,19,None,66,1,5,False,1,1
41779,149,degCent,10,0.6381369426751592,0,19,None,66,1,5,False,1,1
41780,145,degCent,10,0.7385549363057324,0,22,None,66,1,5,False,1,1
41781,146,degCent,10,0.7371616242038217,0,22,None,66,1,5,False,1,1
41782,147,degCent,10,0.7350716560509554,0,22,None,66,1,5,False,1,1
41783,148,degCent,10,0.7337778662420382,0,22,None,66,1,5,False,1,1
41784,149,degCent,10,0.7346735668789809,0,22,None,66,1,5,False,1,1
41785,145,degCent,10,0.6110668789808917,0,14,None,66,1,5,False,1,1
41786,146,degCent,10,0.6174363057324841,0,14,None,66,1,5,False,1,1
41787,147,degCent,10,0.6225119426751592,0,14,None,66,1,5,False,1,1
41788,148,degCent,10,0.6263933121019108,0,14,None,66,1,5,False,1,1
41789,149,degCent,10,0.6273885350318471,0,14,None,66,1,5,False,1,1
41790,145,degCent,10,0.7033240445859873,0,23,None,66,1,5,False,1,1
41791,146,degCent,10,0.6997412420382165,0,23,None,66,1,5,False,1,1
41792,147,degCent,10,0.7009355095541401,0,23,None,66,1,5,False,1,1
41793,148,degCent,10,0.7024283439490446,0,23,None,66,1,5,False,1,1
41794,149,degCent,10,0.7048168789808917,0,23,None,66,1,5,False,1,1
41795,145,degCent,10,0.7574641719745223,0,21,None,66,1,5,False,1,1
41796,146,degCent,10,0.7558718152866242,0,21,None,66,1,5,False,1,1
41797,147,degCent,10,0.7580613057324841,0,21,None,66,1,5,False,1,1
41798,148,degCent,10,0.7586584394904459,0,21,None,66,1,5,False,1,1
41799,149,degCent,10,0.7590565286624203,0,21,None,66,1,5,False,1,1
41800,145,degCent,10,0.700437898089172,0,25,None,66,1,5,False,1,1
41801,146,degCent,10,0.683718152866242,0,25,None,66,1,5,False,1,1
41802,147,degCent,10,0.6801353503184714,0,25,None,66,1,5,False,1,1
41803,148,degCent,10,0.6790406050955414,0,25,None,66,1,5,False,1,1
41804,149,degCent,10,0.6789410828025477,0,25,None,66,1,5,False,1,1
41805,145,degCent,10,0.6797372611464968,0,26,None,66,1,5,False,1,1
41806,146,degCent,10,0.6712778662420382,0,26,None,66,1,5,False,1,1
41807,147,degCent,10,0.6673964968152867,0,26,None,66,1,5,False,1,1
41808,148,degCent,10,0.667296974522293,0,26,None,66,1,5,False,1,1
41809,149,degCent,10,0.6673964968152867,0,26,None,66,1,5,False,1,1
41810,145,degCent,10,0.7310907643312102,0,12,None,66,1,5,False,1,1
41811,146,degCent,10,0.7294984076433121,0,12,None,66,1,5,False,1,1
41812,147,degCent,10,0.7290007961783439,0,12,None,66,1,5,False,1,1
41813,148,degCent,10,0.7298964968152867,0,12,None,66,1,5,False,1,1
41814,149,degCent,10,0.7303941082802548,0,12,None,66,1,5,False,1,1
41815,145,degCent,10,0.7185509554140127,0,24,None,66,1,5,False,1,1
41816,146,degCent,10,0.7232285031847133,0,24,None,66,1,5,False,1,1
41817,147,degCent,10,0.7251194267515924,0,24,None,66,1,5,False,1,1
41818,148,degCent,10,0.7257165605095541,0,24,None,66,1,5,False,1,1
41819,149,degCent,10,0.7270103503184714,0,24,None,66,1,5,False,1,1
41820,145,degCent,10,0.7067078025477707,0,28,None,66,1,5,False,1,1
41821,146,degCent,10,0.6991441082802548,0,28,None,66,1,5,False,1,1
41822,147,degCent,10,0.695859872611465,0,28,None,66,1,5,False,1,1
41823,148,degCent,10,0.6945660828025477,0,28,None,66,1,5,False,1,1
41824,149,degCent,10,0.6949641719745223,0,28,None,66,1,5,False,1,1
41825,145,degCent,10,0.7215366242038217,0,30,None,66,1,5,False,1,1
41826,146,degCent,10,0.7496019108280255,0,30,None,66,1,5,False,1,1
41827,147,degCent,10,0.7616441082802548,0,30,None,66,1,5,False,1,1
41828,148,degCent,10,0.7662221337579618,0,30,None,66,1,5,False,1,1
41829,149,degCent,10,0.7707006369426752,0,30,None,66,1,5,False,1,1
41830,145,degCent,10,0.7571656050955414,0,18,None,66,1,5,False,1,1
41831,146,degCent,10,0.7562699044585988,0,18,None,66,1,5,False,1,1
41832,147,degCent,10,0.758359872611465,0,18,None,66,1,5,False,1,1
41833,148,degCent,10,0.7587579617834395,0,18,None,66,1,5,False,1,1
41834,149,degCent,10,0.7586584394904459,0,18,None,66,1,5,False,1,1
41835,145,degCent,10,0.7118829617834395,0,27,None,66,1,5,False,1,1
41836,146,degCent,10,0.706906847133758,0,27,None,66,1,5,False,1,1
41837,147,degCent,10,0.7062101910828026,0,27,None,66,1,5,False,1,1
41838,148,degCent,10,0.7068073248407644,0,27,None,66,1,5,False,1,1
41839,149,degCent,10,0.7084992038216561,0,27,None,66,1,5,False,1,1
41840,145,degCent,10,0.7626393312101911,0,31,None,66,1,5,False,1,1
41841,146,degCent,10,0.7605493630573248,0,31,None,66,1,5,False,1,1
41842,147,degCent,10,0.7616441082802548,0,31,None,66,1,5,False,1,1
41843,148,degCent,10,0.7632364649681529,0,31,None,66,1,5,False,1,1
41844,149,degCent,10,0.7636345541401274,0,31,None,66,1,5,False,1,1
41845,145,degCent,10,0.6836186305732485,0,32,None,66,1,5,False,1,1
41846,146,degCent,10,0.6660031847133758,0,32,None,66,1,5,False,1,1
41847,147,degCent,10,0.6650079617834395,0,32,None,66,1,5,False,1,1
41848,148,degCent,10,0.6637141719745223,0,32,None,66,1,5,False,1,1
41849,149,degCent,10,0.6634156050955414,0,32,None,66,1,5,False,1,1
41850,145,degCent,10,0.7540804140127388,0,7,None,66,1,5,False,1,1
41851,146,degCent,10,0.7569665605095541,0,7,None,66,1,5,False,1,1
41852,147,degCent,10,0.7577627388535032,0,7,None,66,1,5,False,1,1
41853,148,degCent,10,0.7577627388535032,0,7,None,66,1,5,False,1,1
41854,149,degCent,10,0.7587579617834395,0,7,None,66,1,5,False,1,1
41855,145,degCent,10,0.7579617834394905,0,5,None,66,1,5,False,1,1
41856,146,degCent,10,0.7530851910828026,0,5,None,66,1,5,False,1,1
41857,147,degCent,10,0.752687101910828,0,5,None,66,1,5,False,1,1
41858,148,degCent,10,0.752687101910828,0,5,None,66,1,5,False,1,1
41859,149,degCent,10,0.7527866242038217,0,5,None,66,1,5,False,1,1
41860,145,degCent,10,0.7235270700636943,0,6,None,66,1,5,False,1,1
41861,146,degCent,10,0.7228304140127388,0,6,None,66,1,5,False,1,1
41862,147,degCent,10,0.7226313694267515,0,6,None,66,1,5,False,1,1
41863,148,degCent,10,0.7232285031847133,0,6,None,66,1,5,False,1,1
41864,149,degCent,10,0.7240246815286624,0,6,None,66,1,5,False,1,1
41865,145,degCent,10,0.7550756369426752,0,10,None,66,1,5,False,1,1
41866,146,degCent,10,0.7555732484076433,0,10,None,66,1,5,False,1,1
41867,147,degCent,10,0.7575636942675159,0,10,None,66,1,5,False,1,1
41868,148,degCent,10,0.7600517515923567,0,10,None,66,1,5,False,1,1
41869,149,degCent,10,0.7620421974522293,0,10,None,66,1,5,False,1,1
41870,145,degCent,10,0.7548765923566879,0,11,None,66,1,5,False,1,1
41871,146,degCent,10,0.7542794585987261,0,11,None,66,1,5,False,1,1
41872,147,degCent,10,0.7539808917197452,0,11,None,66,1,5,False,1,1
41873,148,degCent,10,0.7551751592356688,0,11,None,66,1,5,False,1,1
41874,149,degCent,10,0.755672770700637,0,11,None,66,1,5,False,1,1
41875,145,degCent,10,0.728702229299363,0,17,None,66,1,5,False,1,1
41876,146,degCent,10,0.7307921974522293,0,17,None,66,1,5,False,1,1
41877,147,degCent,10,0.7322850318471338,0,17,None,66,1,5,False,1,1
41878,148,degCent,10,0.7333797770700637,0,17,None,66,1,5,False,1,1
41879,149,degCent,10,0.7336783439490446,0,17,None,66,1,5,False,1,1
41880,145,degCent,10,0.6910828025477707,0,4,None,66,1,5,False,1,1
41881,146,degCent,10,0.6851114649681529,0,4,None,66,1,5,False,1,1
41882,147,degCent,10,0.6727707006369427,0,4,None,66,1,5,False,1,1
41883,148,degCent,10,0.6644108280254777,0,4,None,66,1,5,False,1,1
41884,149,degCent,10,0.6571457006369427,0,4,None,66,1,5,False,1,1
41885,145,degCent,10,0.7137738853503185,0,3,None,66,1,5,False,1,1
41886,146,degCent,10,0.7136743630573248,0,3,None,66,1,5,False,1,1
41887,147,degCent,10,0.7142714968152867,0,3,None,66,1,5,False,1,1
41888,148,degCent,10,0.7142714968152867,0,3,None,66,1,5,False,1,1
41889,149,degCent,10,0.714171974522293,0,3,None,66,1,5,False,1,1
41890,145,degCent,10,0.754578025477707,0,20,None,66,1,5,False,1,1
41891,146,degCent,10,0.7560708598726115,0,20,None,66,1,5,False,1,1
41892,147,degCent,10,0.7580613057324841,0,20,None,66,1,5,False,1,1
41893,148,degCent,10,0.7586584394904459,0,20,None,66,1,5,False,1,1
41894,149,degCent,10,0.7601512738853503,0,20,None,66,1,5,False,1,1
41895,150,degCent,10,0.6867038216560509,0,26,None,66,1,5,False,1,1
41896,151,degCent,10,0.6765525477707006,0,26,None,66,1,5,False,1,1
41897,152,degCent,10,0.6742635350318471,0,26,None,66,1,5,False,1,1
41898,153,degCent,10,0.6732683121019108,0,26,None,66,1,5,False,1,1
41899,154,degCent,10,0.6721735668789809,0,26,None,66,1,5,False,1,1
41900,145,degCent,10,0.7278065286624203,0,9,None,66,1,5,False,1,1
41901,146,degCent,10,0.7277070063694268,0,9,None,66,1,5,False,1,1
41902,147,degCent,10,0.7289012738853503,0,9,None,66,1,5,False,1,1
41903,148,degCent,10,0.7285031847133758,0,9,None,66,1,5,False,1,1
41904,149,degCent,10,0.7289012738853503,0,9,None,66,1,5,False,1,1
41905,145,degCent,10,0.7100915605095541,0,29,None,66,1,5,False,1,1
41906,146,degCent,10,0.7041202229299363,0,29,None,66,1,5,False,1,1
41907,147,degCent,10,0.7001393312101911,0,29,None,66,1,5,False,1,1
41908,148,degCent,10,0.6977507961783439,0,29,None,66,1,5,False,1,1
41909,149,degCent,10,0.6969546178343949,0,29,None,66,1,5,False,1,1
41910,145,degCent,10,0.7135748407643312,0,0,None,66,1,5,False,1,1
41911,146,degCent,10,0.7159633757961783,0,0,None,66,1,5,False,1,1
41912,147,degCent,10,0.7174562101910829,0,0,None,66,1,5,False,1,1
41913,148,degCent,10,0.7182523885350318,0,0,None,66,1,5,False,1,1
41914,149,degCent,10,0.7183519108280255,0,0,None,66,1,5,False,1,1
41915,150,degCent,10,0.6936703821656051,0,1,None,66,1,5,False,1,1
41916,151,degCent,10,0.7261146496815286,0,1,None,66,1,5,False,1,1
41917,152,degCent,10,0.7338773885350318,0,1,None,66,1,5,False,1,1
41918,153,degCent,10,0.7352707006369427,0,1,None,66,1,5,False,1,1
41919,154,degCent,10,0.7349721337579618,0,1,None,66,1,5,False,1,1
41920,150,degCent,10,0.6174363057324841,0,14,None,66,1,5,False,1,1
41921,151,degCent,10,0.6217157643312102,0,14,None,66,1,5,False,1,1
41922,152,degCent,10,0.6277866242038217,0,14,None,66,1,5,False,1,1
41923,153,degCent,10,0.630672770700637,0,14,None,66,1,5,False,1,1
41924,154,degCent,10,0.6362460191082803,0,14,None,66,1,5,False,1,1
41925,150,degCent,10,0.7017316878980892,0,25,None,66,1,5,False,1,1
41926,151,degCent,10,0.6888933121019108,0,25,None,66,1,5,False,1,1
41927,152,degCent,10,0.6850119426751592,0,25,None,66,1,5,False,1,1
41928,153,degCent,10,0.6836186305732485,0,25,None,66,1,5,False,1,1
41929,154,degCent,10,0.6836186305732485,0,25,None,66,1,5,False,1,1
41930,150,degCent,10,0.7128781847133758,0,29,None,66,1,5,False,1,1
41931,151,degCent,10,0.7062101910828026,0,29,None,66,1,5,False,1,1
41932,152,degCent,10,0.7023288216560509,0,29,None,66,1,5,False,1,1
41933,153,degCent,10,0.7001393312101911,0,29,None,66,1,5,False,1,1
41934,154,degCent,10,0.6996417197452229,0,29,None,66,1,5,False,1,1
41935,150,degCent,10,0.7563694267515924,0,7,None,66,1,5,False,1,1
41936,151,degCent,10,0.7592555732484076,0,7,None,66,1,5,False,1,1
41937,152,degCent,10,0.7590565286624203,0,7,None,66,1,5,False,1,1
41938,153,degCent,10,0.759952229299363,0,7,None,66,1,5,False,1,1
41939,154,degCent,10,0.7601512738853503,0,7,None,66,1,5,False,1,1
41940,150,degCent,10,0.7306926751592356,0,9,None,66,1,5,False,1,1
41941,151,degCent,10,0.7304936305732485,0,9,None,66,1,5,False,1,1
41942,152,degCent,10,0.7311902866242038,0,9,None,66,1,5,False,1,1
41943,153,degCent,10,0.7319864649681529,0,9,None,66,1,5,False,1,1
41944,154,degCent,10,0.7322850318471338,0,9,None,66,1,5,False,1,1
41945,150,degCent,10,0.7155652866242038,0,15,None,66,1,5,False,1,1
41946,151,degCent,10,0.7164609872611465,0,15,None,66,1,5,False,1,1
41947,152,degCent,10,0.7164609872611465,0,15,None,66,1,5,False,1,1
41948,153,degCent,10,0.7162619426751592,0,15,None,66,1,5,False,1,1
41949,154,degCent,10,0.7174562101910829,0,15,None,66,1,5,False,1,1
41950,150,degCent,10,0.757265127388535,0,20,None,66,1,5,False,1,1
41951,151,degCent,10,0.7581608280254777,0,20,None,66,1,5,False,1,1
41952,152,degCent,10,0.7613455414012739,0,20,None,66,1,5,False,1,1
41953,153,degCent,10,0.7616441082802548,0,20,None,66,1,5,False,1,1
41954,154,degCent,10,0.7621417197452229,0,20,None,66,1,5,False,1,1
41955,150,degCent,10,0.7587579617834395,0,10,None,66,1,5,False,1,1
41956,151,degCent,10,0.7588574840764332,0,10,None,66,1,5,False,1,1
41957,152,degCent,10,0.7603503184713376,0,10,None,66,1,5,False,1,1
41958,153,degCent,10,0.7625398089171974,0,10,None,66,1,5,False,1,1
41959,154,degCent,10,0.7636345541401274,0,10,None,66,1,5,False,1,1
41960,150,degCent,10,0.7456210191082803,0,22,None,66,1,5,False,1,1
41961,151,degCent,10,0.743531050955414,0,22,None,66,1,5,False,1,1
41962,152,degCent,10,0.7422372611464968,0,22,None,66,1,5,False,1,1
41963,153,degCent,10,0.7410429936305732,0,22,None,66,1,5,False,1,1
41964,154,degCent,10,0.7405453821656051,0,22,None,66,1,5,False,1,1
41965,150,degCent,10,0.6701831210191083,0,32,None,66,1,5,False,1,1
41966,151,degCent,10,0.6623208598726115,0,32,None,66,1,5,False,1,1
41967,152,degCent,10,0.6629179936305732,0,32,None,66,1,5,False,1,1
41968,153,degCent,10,0.663515127388535,0,32,None,66,1,5,False,1,1
41969,154,degCent,10,0.6644108280254777,0,32,None,66,1,5,False,1,1
41970,150,degCent,10,0.7604498407643312,0,5,None,66,1,5,False,1,1
41971,151,degCent,10,0.7550756369426752,0,5,None,66,1,5,False,1,1
41972,152,degCent,10,0.7546775477707006,0,5,None,66,1,5,False,1,1
41973,153,degCent,10,0.7546775477707006,0,5,None,66,1,5,False,1,1
41974,154,degCent,10,0.7538813694267515,0,5,None,66,1,5,False,1,1
41975,150,degCent,10,0.7188495222929936,0,6,None,66,1,5,False,1,1
41976,151,degCent,10,0.7230294585987261,0,6,None,66,1,5,False,1,1
41977,152,degCent,10,0.7240246815286624,0,6,None,66,1,5,False,1,1
41978,153,degCent,10,0.7247213375796179,0,6,None,66,1,5,False,1,1
41979,154,degCent,10,0.7256170382165605,0,6,None,66,1,5,False,1,1
41980,150,degCent,10,0.7546775477707006,0,16,None,66,1,5,False,1,1
41981,151,degCent,10,0.7585589171974523,0,16,None,66,1,5,False,1,1
41982,152,degCent,10,0.761843152866242,0,16,None,66,1,5,False,1,1
41983,153,degCent,10,0.7655254777070064,0,16,None,66,1,5,False,1,1
41984,154,degCent,10,0.7673168789808917,0,16,None,66,1,5,False,1,1
41985,150,degCent,10,0.677547770700637,0,8,None,66,1,5,False,1,1
41986,151,degCent,10,0.6785429936305732,0,8,None,66,1,5,False,1,1
41987,152,degCent,10,0.6782444267515924,0,8,None,66,1,5,False,1,1
41988,153,degCent,10,0.6790406050955414,0,8,None,66,1,5,False,1,1
41989,154,degCent,10,0.6801353503184714,0,8,None,66,1,5,False,1,1
41990,150,degCent,10,0.7598527070063694,0,18,None,66,1,5,False,1,1
41991,151,degCent,10,0.7579617834394905,0,18,None,66,1,5,False,1,1
41992,152,degCent,10,0.7595541401273885,0,18,None,66,1,5,False,1,1
41993,153,degCent,10,0.7603503184713376,0,18,None,66,1,5,False,1,1
41994,154,degCent,10,0.7608479299363057,0,18,None,66,1,5,False,1,1
41995,150,degCent,10,0.761046974522293,0,21,None,66,1,5,False,1,1
41996,151,degCent,10,0.7601512738853503,0,21,None,66,1,5,False,1,1
41997,152,degCent,10,0.7612460191082803,0,21,None,66,1,5,False,1,1
41998,153,degCent,10,0.7611464968152867,0,21,None,66,1,5,False,1,1
41999,154,degCent,10,0.7616441082802548,0,21,None,66,1,5,False,1,1
42000,150,degCent,10,0.6456011146496815,0,19,None,66,1,5,False,1,1
42001,151,degCent,10,0.6421178343949044,0,19,None,66,1,5,False,1,1
42002,152,degCent,10,0.6414211783439491,0,19,None,66,1,5,False,1,1
42003,153,degCent,10,0.6414211783439491,0,19,None,66,1,5,False,1,1
42004,154,degCent,10,0.6436106687898089,0,19,None,66,1,5,False,1,1
42005,150,degCent,10,0.7061106687898089,0,23,None,66,1,5,False,1,1
42006,151,degCent,10,0.7027269108280255,0,23,None,66,1,5,False,1,1
42007,152,degCent,10,0.705015923566879,0,23,None,66,1,5,False,1,1
42008,153,degCent,10,0.7068073248407644,0,23,None,66,1,5,False,1,1
42009,154,degCent,10,0.7075039808917197,0,23,None,66,1,5,False,1,1
42010,150,degCent,10,0.6948646496815286,0,4,None,66,1,5,False,1,1
42011,151,degCent,10,0.6890923566878981,0,4,None,66,1,5,False,1,1
42012,152,degCent,10,0.6779458598726115,0,4,None,66,1,5,False,1,1
42013,153,degCent,10,0.669187898089172,0,4,None,66,1,5,False,1,1
42014,154,degCent,10,0.660828025477707,0,4,None,66,1,5,False,1,1
42015,150,degCent,10,0.7280055732484076,0,30,None,66,1,5,False,1,1
42016,151,degCent,10,0.7548765923566879,0,30,None,66,1,5,False,1,1
42017,152,degCent,10,0.7664211783439491,0,30,None,66,1,5,False,1,1
42018,153,degCent,10,0.771297770700637,0,30,None,66,1,5,False,1,1
42019,154,degCent,10,0.7729896496815286,0,30,None,66,1,5,False,1,1
42020,150,degCent,10,0.7134753184713376,0,27,None,66,1,5,False,1,1
42021,151,degCent,10,0.7079020700636943,0,27,None,66,1,5,False,1,1
42022,152,degCent,10,0.7078025477707006,0,27,None,66,1,5,False,1,1
42023,153,degCent,10,0.7086982484076433,0,27,None,66,1,5,False,1,1
42024,154,degCent,10,0.7088972929936306,0,27,None,66,1,5,False,1,1
42025,150,degCent,10,0.7639331210191083,0,31,None,66,1,5,False,1,1
42026,151,degCent,10,0.7627388535031847,0,31,None,66,1,5,False,1,1
42027,152,degCent,10,0.7644307324840764,0,31,None,66,1,5,False,1,1
42028,153,degCent,10,0.7653264331210191,0,31,None,66,1,5,False,1,1
42029,154,degCent,10,0.7652269108280255,0,31,None,66,1,5,False,1,1
42030,150,degCent,10,0.7097929936305732,0,28,None,66,1,5,False,1,1
42031,151,degCent,10,0.7015326433121019,0,28,None,66,1,5,False,1,1
42032,152,degCent,10,0.6987460191082803,0,28,None,66,1,5,False,1,1
42033,153,degCent,10,0.6980493630573248,0,28,None,66,1,5,False,1,1
42034,154,degCent,10,0.6982484076433121,0,28,None,66,1,5,False,1,1
42035,150,degCent,10,0.7581608280254777,0,11,None,66,1,5,False,1,1
42036,151,degCent,10,0.756468949044586,0,11,None,66,1,5,False,1,1
42037,152,degCent,10,0.756468949044586,0,11,None,66,1,5,False,1,1
42038,153,degCent,10,0.757265127388535,0,11,None,66,1,5,False,1,1
42039,154,degCent,10,0.7575636942675159,0,11,None,66,1,5,False,1,1
42040,150,degCent,10,0.7315883757961783,0,17,None,66,1,5,False,1,1
42041,151,degCent,10,0.732484076433121,0,17,None,66,1,5,False,1,1
42042,152,degCent,10,0.7352707006369427,0,17,None,66,1,5,False,1,1
42043,153,degCent,10,0.7350716560509554,0,17,None,66,1,5,False,1,1
42044,154,degCent,10,0.7357683121019108,0,17,None,66,1,5,False,1,1
42045,150,degCent,10,0.722531847133758,0,24,None,66,1,5,False,1,1
42046,151,degCent,10,0.7255175159235668,0,24,None,66,1,5,False,1,1
42047,152,degCent,10,0.7273089171974523,0,24,None,66,1,5,False,1,1
42048,153,degCent,10,0.7289012738853503,0,24,None,66,1,5,False,1,1
42049,154,degCent,10,0.7299960191082803,0,24,None,66,1,5,False,1,1
42050,150,degCent,10,0.6567476114649682,0,2,None,66,1,5,False,1,1
42051,151,degCent,10,0.6312699044585988,0,2,None,66,1,5,False,1,1
42052,152,degCent,10,0.6173367834394905,0,2,None,66,1,5,False,1,1
42053,153,degCent,10,0.6067874203821656,0,2,None,66,1,5,False,1,1
42054,154,degCent,10,0.6032046178343949,0,2,None,66,1,5,False,1,1
42055,150,degCent,10,0.7171576433121019,0,3,None,66,1,5,False,1,1
42056,151,degCent,10,0.7172571656050956,0,3,None,66,1,5,False,1,1
42057,152,degCent,10,0.7179538216560509,0,3,None,66,1,5,False,1,1
42058,153,degCent,10,0.7184514331210191,0,3,None,66,1,5,False,1,1
42059,154,degCent,10,0.7189490445859873,0,3,None,66,1,5,False,1,1
42060,150,degCent,10,0.732484076433121,0,12,None,66,1,5,False,1,1
42061,151,degCent,10,0.730593152866242,0,12,None,66,1,5,False,1,1
42062,152,degCent,10,0.7306926751592356,0,12,None,66,1,5,False,1,1
42063,153,degCent,10,0.7302945859872612,0,12,None,66,1,5,False,1,1
42064,154,degCent,10,0.7312898089171974,0,12,None,66,1,5,False,1,1
42065,150,degCent,10,0.7455214968152867,0,13,None,66,1,5,False,1,1
42066,151,degCent,10,0.7476114649681529,0,13,None,66,1,5,False,1,1
42067,152,degCent,10,0.748109076433121,0,13,None,66,1,5,False,1,1
42068,153,degCent,10,0.7488057324840764,0,13,None,66,1,5,False,1,1
42069,154,degCent,10,0.7498009554140127,0,13,None,66,1,5,False,1,1
42070,150,degCent,10,0.7183519108280255,0,0,None,66,1,5,False,1,1
42071,151,degCent,10,0.7196457006369427,0,0,None,66,1,5,False,1,1
42072,152,degCent,10,0.7199442675159236,0,0,None,66,1,5,False,1,1
42073,153,degCent,10,0.7202428343949044,0,0,None,66,1,5,False,1,1
42074,154,degCent,10,0.7211385350318471,0,0,None,66,1,5,False,1,1
47190,155,degCent,10,0.7021297770700637,0,1,None,66,1,5,False,1,1
47191,156,degCent,10,0.7300955414012739,0,1,None,66,1,5,False,1,1
47192,157,degCent,10,0.7371616242038217,0,1,None,66,1,5,False,1,1
47193,158,degCent,10,0.7384554140127388,0,1,None,66,1,5,False,1,1
47194,159,degCent,10,0.7384554140127388,0,1,None,66,1,5,False,1,1
47195,155,degCent,10,0.6609275477707006,0,2,None,66,1,5,False,1,1
47196,156,degCent,10,0.6339570063694268,0,2,None,66,1,5,False,1,1
47197,157,degCent,10,0.6220143312101911,0,2,None,66,1,5,False,1,1
47198,158,degCent,10,0.6111664012738853,0,2,None,66,1,5,False,1,1
47199,159,degCent,10,0.6061902866242038,0,2,None,66,1,5,False,1,1
47200,155,degCent,10,0.7643312101910829,0,5,None,66,1,5,False,1,1
47201,156,degCent,10,0.7588574840764332,0,5,None,66,1,5,False,1,1
47202,157,degCent,10,0.758359872611465,0,5,None,66,1,5,False,1,1
47203,158,degCent,10,0.7580613057324841,0,5,None,66,1,5,False,1,1
47204,159,degCent,10,0.757265127388535,0,5,None,66,1,5,False,1,1
47205,155,degCent,10,0.7484076433121019,0,13,None,66,1,5,False,1,1
47206,156,degCent,10,0.7498009554140127,0,13,None,66,1,5,False,1,1
47207,157,degCent,10,0.7504976114649682,0,13,None,66,1,5,False,1,1
47208,158,degCent,10,0.75109474522293,0,13,None,66,1,5,False,1,1
47209,159,degCent,10,0.7528861464968153,0,13,None,66,1,5,False,1,1
47210,155,degCent,10,0.7224323248407644,0,15,None,66,1,5,False,1,1
47211,156,degCent,10,0.7216361464968153,0,15,None,66,1,5,False,1,1
47212,157,degCent,10,0.7215366242038217,0,15,None,66,1,5,False,1,1
47213,158,degCent,10,0.722531847133758,0,15,None,66,1,5,False,1,1
47214,159,degCent,10,0.7229299363057324,0,15,None,66,1,5,False,1,1
47215,155,degCent,10,0.7609474522292994,0,10,None,66,1,5,False,1,1
47216,156,degCent,10,0.7627388535031847,0,10,None,66,1,5,False,1,1
47217,157,degCent,10,0.763734076433121,0,10,None,66,1,5,False,1,1
47218,158,degCent,10,0.7661226114649682,0,10,None,66,1,5,False,1,1
47219,159,degCent,10,0.768312101910828,0,10,None,66,1,5,False,1,1
47220,155,degCent,10,0.7605493630573248,0,11,None,66,1,5,False,1,1
47221,156,degCent,10,0.7582603503184714,0,11,None,66,1,5,False,1,1
47222,157,degCent,10,0.7590565286624203,0,11,None,66,1,5,False,1,1
47223,158,degCent,10,0.7589570063694268,0,11,None,66,1,5,False,1,1
47224,159,degCent,10,0.7600517515923567,0,11,None,66,1,5,False,1,1
47225,155,degCent,10,0.7639331210191083,0,20,None,66,1,5,False,1,1
47226,156,degCent,10,0.7650278662420382,0,20,None,66,1,5,False,1,1
47227,157,degCent,10,0.7650278662420382,0,20,None,66,1,5,False,1,1
47228,158,degCent,10,0.7652269108280255,0,20,None,66,1,5,False,1,1
47229,159,degCent,10,0.7662221337579618,0,20,None,66,1,5,False,1,1
47230,155,degCent,10,0.7105891719745223,0,23,None,66,1,5,False,1,1
47231,156,degCent,10,0.7089968152866242,0,23,None,66,1,5,False,1,1
47232,157,degCent,10,0.7096934713375797,0,23,None,66,1,5,False,1,1
47233,158,degCent,10,0.7117834394904459,0,23,None,66,1,5,False,1,1
47234,159,degCent,10,0.7121815286624203,0,23,None,66,1,5,False,1,1
47235,155,degCent,10,0.7361664012738853,0,17,None,66,1,5,False,1,1
47236,156,degCent,10,0.7371616242038217,0,17,None,66,1,5,False,1,1
47237,157,degCent,10,0.7382563694267515,0,17,None,66,1,5,False,1,1
47238,158,degCent,10,0.7382563694267515,0,17,None,66,1,5,False,1,1
47239,159,degCent,10,0.7384554140127388,0,17,None,66,1,5,False,1,1
47240,155,degCent,10,0.7038216560509554,0,25,None,66,1,5,False,1,1
47241,156,degCent,10,0.6902866242038217,0,25,None,66,1,5,False,1,1
47242,157,degCent,10,0.6861066878980892,0,25,None,66,1,5,False,1,1
47243,158,degCent,10,0.6852109872611465,0,25,None,66,1,5,False,1,1
47244,159,degCent,10,0.6849124203821656,0,25,None,66,1,5,False,1,1
47245,155,degCent,10,0.6921775477707006,0,26,None,66,1,5,False,1,1
47246,156,degCent,10,0.6809315286624203,0,26,None,66,1,5,False,1,1
47247,157,degCent,10,0.6787420382165605,0,26,None,66,1,5,False,1,1
47248,158,degCent,10,0.6761544585987261,0,26,None,66,1,5,False,1,1
47249,159,degCent,10,0.6758558917197452,0,26,None,66,1,5,False,1,1
47250,155,degCent,10,0.7359673566878981,0,12,None,66,1,5,False,1,1
47251,156,degCent,10,0.7337778662420382,0,12,None,66,1,5,False,1,1
47252,157,degCent,10,0.7336783439490446,0,12,None,66,1,5,False,1,1
47253,158,degCent,10,0.7326831210191083,0,12,None,66,1,5,False,1,1
47254,159,degCent,10,0.7326831210191083,0,12,None,66,1,5,False,1,1
47255,155,degCent,10,0.7106886942675159,0,28,None,66,1,5,False,1,1
47256,156,degCent,10,0.7045183121019108,0,28,None,66,1,5,False,1,1
47257,157,degCent,10,0.7007364649681529,0,28,None,66,1,5,False,1,1
47258,158,degCent,10,0.700437898089172,0,28,None,66,1,5,False,1,1
47259,159,degCent,10,0.7003383757961783,0,28,None,66,1,5,False,1,1
47260,155,degCent,10,0.7164609872611465,0,29,None,66,1,5,False,1,1
47261,156,degCent,10,0.7098925159235668,0,29,None,66,1,5,False,1,1
47262,157,degCent,10,0.7059116242038217,0,29,None,66,1,5,False,1,1
47263,158,degCent,10,0.7027269108280255,0,29,None,66,1,5,False,1,1
47264,159,degCent,10,0.7016321656050956,0,29,None,66,1,5,False,1,1
47265,155,degCent,10,0.7322850318471338,0,9,None,66,1,5,False,1,1
47266,156,degCent,10,0.7313893312101911,0,9,None,66,1,5,False,1,1
47267,157,degCent,10,0.7317874203821656,0,9,None,66,1,5,False,1,1
47268,158,degCent,10,0.7321855095541401,0,9,None,66,1,5,False,1,1
47269,159,degCent,10,0.7337778662420382,0,9,None,66,1,5,False,1,1
47270,155,degCent,10,0.7296974522292994,0,30,None,66,1,5,False,1,1
47271,156,degCent,10,0.7585589171974523,0,30,None,66,1,5,False,1,1
47272,157,degCent,10,0.7706011146496815,0,30,None,66,1,5,False,1,1
47273,158,degCent,10,0.7748805732484076,0,30,None,66,1,5,False,1,1
47274,159,degCent,10,0.7779657643312102,0,30,None,66,1,5,False,1,1
47275,155,degCent,10,0.7660230891719745,0,31,None,66,1,5,False,1,1
47276,156,degCent,10,0.7648288216560509,0,31,None,66,1,5,False,1,1
47277,157,degCent,10,0.7653264331210191,0,31,None,66,1,5,False,1,1
47278,158,degCent,10,0.76671974522293,0,31,None,66,1,5,False,1,1
47279,159,degCent,10,0.7674164012738853,0,31,None,66,1,5,False,1,1
47280,155,degCent,10,0.7154657643312102,0,27,None,66,1,5,False,1,1
47281,156,degCent,10,0.7104896496815286,0,27,None,66,1,5,False,1,1
47282,157,degCent,10,0.7096934713375797,0,27,None,66,1,5,False,1,1
47283,158,degCent,10,0.7097929936305732,0,27,None,66,1,5,False,1,1
47284,159,degCent,10,0.7105891719745223,0,27,None,66,1,5,False,1,1
47285,155,degCent,10,0.7621417197452229,0,18,None,66,1,5,False,1,1
47286,156,degCent,10,0.7609474522292994,0,18,None,66,1,5,False,1,1
47287,157,degCent,10,0.7638335987261147,0,18,None,66,1,5,False,1,1
47288,158,degCent,10,0.7636345541401274,0,18,None,66,1,5,False,1,1
47289,159,degCent,10,0.7636345541401274,0,18,None,66,1,5,False,1,1
47290,155,degCent,10,0.6792396496815286,0,8,None,66,1,5,False,1,1
47291,156,degCent,10,0.679140127388535,0,8,None,66,1,5,False,1,1
47292,157,degCent,10,0.6794386942675159,0,8,None,66,1,5,False,1,1
47293,158,degCent,10,0.6807324840764332,0,8,None,66,1,5,False,1,1
47294,159,degCent,10,0.6808320063694268,0,8,None,66,1,5,False,1,1
47295,155,degCent,10,0.7248208598726115,0,6,None,66,1,5,False,1,1
47296,156,degCent,10,0.7268113057324841,0,6,None,66,1,5,False,1,1
47297,157,degCent,10,0.7281050955414012,0,6,None,66,1,5,False,1,1
47298,158,degCent,10,0.7282046178343949,0,6,None,66,1,5,False,1,1
47299,159,degCent,10,0.7286027070063694,0,6,None,66,1,5,False,1,1
47300,155,degCent,10,0.7219347133757962,0,3,None,66,1,5,False,1,1
47301,156,degCent,10,0.7213375796178344,0,3,None,66,1,5,False,1,1
47302,157,degCent,10,0.7221337579617835,0,3,None,66,1,5,False,1,1
47303,158,degCent,10,0.7222332802547771,0,3,None,66,1,5,False,1,1
47304,159,degCent,10,0.7218351910828026,0,3,None,66,1,5,False,1,1
47305,155,degCent,10,0.7576632165605095,0,7,None,66,1,5,False,1,1
47306,156,degCent,10,0.7596536624203821,0,7,None,66,1,5,False,1,1
47307,157,degCent,10,0.7608479299363057,0,7,None,66,1,5,False,1,1
47308,158,degCent,10,0.7613455414012739,0,7,None,66,1,5,False,1,1
47309,159,degCent,10,0.761843152866242,0,7,None,66,1,5,False,1,1
47310,155,degCent,10,0.7550756369426752,0,16,None,66,1,5,False,1,1
47311,156,degCent,10,0.7604498407643312,0,16,None,66,1,5,False,1,1
47312,157,degCent,10,0.7649283439490446,0,16,None,66,1,5,False,1,1
47313,158,degCent,10,0.7684116242038217,0,16,None,66,1,5,False,1,1
47314,159,degCent,10,0.7704020700636943,0,16,None,66,1,5,False,1,1
47315,155,degCent,10,0.6717754777070064,0,32,None,66,1,5,False,1,1
47316,156,degCent,10,0.6652070063694268,0,32,None,66,1,5,False,1,1
47317,157,degCent,10,0.6656050955414012,0,32,None,66,1,5,False,1,1
47318,158,degCent,10,0.6664012738853503,0,32,None,66,1,5,False,1,1
47319,159,degCent,10,0.6666998407643312,0,32,None,66,1,5,False,1,1
47320,155,degCent,10,0.6427149681528662,0,19,None,66,1,5,False,1,1
47321,156,degCent,10,0.6413216560509554,0,19,None,66,1,5,False,1,1
47322,157,degCent,10,0.6426154458598726,0,19,None,66,1,5,False,1,1
47323,158,degCent,10,0.6445063694267515,0,19,None,66,1,5,False,1,1
47324,159,degCent,10,0.6450039808917197,0,19,None,66,1,5,False,1,1
47325,155,degCent,10,0.7644307324840764,0,21,None,66,1,5,False,1,1
47326,156,degCent,10,0.7643312101910829,0,21,None,66,1,5,False,1,1
47327,157,degCent,10,0.7642316878980892,0,21,None,66,1,5,False,1,1
47328,158,degCent,10,0.7647292993630573,0,21,None,66,1,5,False,1,1
47329,159,degCent,10,0.7654259554140127,0,21,None,66,1,5,False,1,1
47330,155,degCent,10,0.7197452229299363,0,0,None,66,1,5,False,1,1
47331,156,degCent,10,0.7211385350318471,0,0,None,66,1,5,False,1,1
47332,157,degCent,10,0.7216361464968153,0,0,None,66,1,5,False,1,1
47333,158,degCent,10,0.7219347133757962,0,0,None,66,1,5,False,1,1
47334,159,degCent,10,0.7228304140127388,0,0,None,66,1,5,False,1,1
47335,155,degCent,10,0.727109872611465,0,24,None,66,1,5,False,1,1
47336,156,degCent,10,0.730593152866242,0,24,None,66,1,5,False,1,1
47337,157,degCent,10,0.7326831210191083,0,24,None,66,1,5,False,1,1
47338,158,degCent,10,0.7338773885350318,0,24,None,66,1,5,False,1,1
47339,159,degCent,10,0.7346735668789809,0,24,None,66,1,5,False,1,1
47340,155,degCent,10,0.6235071656050956,0,14,None,66,1,5,False,1,1
47341,156,degCent,10,0.6284832802547771,0,14,None,66,1,5,False,1,1
47342,157,degCent,10,0.6359474522292994,0,14,None,66,1,5,False,1,1
47343,158,degCent,10,0.637937898089172,0,14,None,66,1,5,False,1,1
47344,159,degCent,10,0.6421178343949044,0,14,None,66,1,5,False,1,1
47345,155,degCent,10,0.7025278662420382,0,4,None,66,1,5,False,1,1
47346,156,degCent,10,0.6935708598726115,0,4,None,66,1,5,False,1,1
47347,157,degCent,10,0.681827229299363,0,4,None,66,1,5,False,1,1
47348,158,degCent,10,0.6735668789808917,0,4,None,66,1,5,False,1,1
47349,159,degCent,10,0.6666998407643312,0,4,None,66,1,5,False,1,1
47350,155,degCent,10,0.744327229299363,0,22,None,66,1,5,False,1,1
47351,156,degCent,10,0.7434315286624203,0,22,None,66,1,5,False,1,1
47352,157,degCent,10,0.7438296178343949,0,22,None,66,1,5,False,1,1
47353,158,degCent,10,0.7433320063694268,0,22,None,66,1,5,False,1,1
47354,159,degCent,10,0.7429339171974523,0,22,None,66,1,5,False,1,1
47355,160,degCent,10,0.7107882165605095,0,1,None,66,1,5,False,1,1
47356,161,degCent,10,0.7348726114649682,0,1,None,66,1,5,False,1,1
47357,162,degCent,10,0.7396496815286624,0,1,None,66,1,5,False,1,1
47358,163,degCent,10,0.7401472929936306,0,1,None,66,1,5,False,1,1
47359,164,degCent,10,0.7413415605095541,0,1,None,66,1,5,False,1,1
47360,160,degCent,10,0.7664211783439491,0,21,None,66,1,5,False,1,1
47361,161,degCent,10,0.7660230891719745,0,21,None,66,1,5,False,1,1
47362,162,degCent,10,0.7673168789808917,0,21,None,66,1,5,False,1,1
47363,163,degCent,10,0.7676154458598726,0,21,None,66,1,5,False,1,1
47364,164,degCent,10,0.7668192675159236,0,21,None,66,1,5,False,1,1
47365,160,degCent,10,0.7570660828025477,0,16,None,66,1,5,False,1,1
47366,161,degCent,10,0.7642316878980892,0,16,None,66,1,5,False,1,1
47367,162,degCent,10,0.7685111464968153,0,16,None,66,1,5,False,1,1
47368,163,degCent,10,0.7711982484076433,0,16,None,66,1,5,False,1,1
47369,164,degCent,10,0.7727906050955414,0,16,None,66,1,5,False,1,1
47370,160,degCent,10,0.6821257961783439,0,8,None,66,1,5,False,1,1
47371,161,degCent,10,0.6807324840764332,0,8,None,66,1,5,False,1,1
47372,162,degCent,10,0.6814291401273885,0,8,None,66,1,5,False,1,1
47373,163,degCent,10,0.681827229299363,0,8,None,66,1,5,False,1,1
47374,164,degCent,10,0.6824243630573248,0,8,None,66,1,5,False,1,1
47375,160,degCent,10,0.6458001592356688,0,19,None,66,1,5,False,1,1
47376,161,degCent,10,0.6447054140127388,0,19,None,66,1,5,False,1,1
47377,162,degCent,10,0.6464968152866242,0,19,None,66,1,5,False,1,1
47378,163,degCent,10,0.6473925159235668,0,19,None,66,1,5,False,1,1
47379,164,degCent,10,0.6499800955414012,0,19,None,66,1,5,False,1,1
47380,160,degCent,10,0.7146695859872612,0,23,None,66,1,5,False,1,1
47381,161,degCent,10,0.7131767515923567,0,23,None,66,1,5,False,1,1
47382,162,degCent,10,0.7139729299363057,0,23,None,66,1,5,False,1,1
47383,163,degCent,10,0.7148686305732485,0,23,None,66,1,5,False,1,1
47384,164,degCent,10,0.7155652866242038,0,23,None,66,1,5,False,1,1
47385,160,degCent,10,0.7174562101910829,0,27,None,66,1,5,False,1,1
47386,161,degCent,10,0.7127786624203821,0,27,None,66,1,5,False,1,1
47387,162,degCent,10,0.7117834394904459,0,27,None,66,1,5,False,1,1
47388,163,degCent,10,0.7108877388535032,0,27,None,66,1,5,False,1,1
47389,164,degCent,10,0.7131767515923567,0,27,None,66,1,5,False,1,1
47390,160,degCent,10,0.7703025477707006,0,31,None,66,1,5,False,1,1
47391,161,degCent,10,0.7681130573248408,0,31,None,66,1,5,False,1,1
47392,162,degCent,10,0.7682125796178344,0,31,None,66,1,5,False,1,1
47393,163,degCent,10,0.7685111464968153,0,31,None,66,1,5,False,1,1
47394,164,degCent,10,0.7697054140127388,0,31,None,66,1,5,False,1,1
47395,160,degCent,10,0.7196457006369427,0,29,None,66,1,5,False,1,1
47396,161,degCent,10,0.7129777070063694,0,29,None,66,1,5,False,1,1
47397,162,degCent,10,0.708797770700637,0,29,None,66,1,5,False,1,1
47398,163,degCent,10,0.7061106687898089,0,29,None,66,1,5,False,1,1
47399,164,degCent,10,0.7047173566878981,0,29,None,66,1,5,False,1,1
47400,160,degCent,10,0.7403463375796179,0,30,None,66,1,5,False,1,1
47401,161,degCent,10,0.7661226114649682,0,30,None,66,1,5,False,1,1
47402,162,degCent,10,0.7762738853503185,0,30,None,66,1,5,False,1,1
47403,163,degCent,10,0.7807523885350318,0,30,None,66,1,5,False,1,1
47404,164,degCent,10,0.7834394904458599,0,30,None,66,1,5,False,1,1
47405,160,degCent,10,0.6327627388535032,0,14,None,66,1,5,False,1,1
47406,161,degCent,10,0.6389331210191083,0,14,None,66,1,5,False,1,1
47407,162,degCent,10,0.6394307324840764,0,14,None,66,1,5,False,1,1
47408,163,degCent,10,0.6427149681528662,0,14,None,66,1,5,False,1,1
47409,164,degCent,10,0.6454020700636943,0,14,None,66,1,5,False,1,1
47410,160,degCent,10,0.7668192675159236,0,22,None,66,1,5,False,1,1
47411,161,degCent,10,0.7620421974522293,0,22,None,66,1,5,False,1,1
47412,162,degCent,10,0.7590565286624203,0,22,None,66,1,5,False,1,1
47413,163,degCent,10,0.7573646496815286,0,22,None,66,1,5,False,1,1
47414,164,degCent,10,0.756468949044586,0,22,None,66,1,5,False,1,1
47415,160,degCent,10,0.6776472929936306,0,32,None,66,1,5,False,1,1
47416,161,degCent,10,0.6702826433121019,0,32,None,66,1,5,False,1,1
47417,162,degCent,10,0.67078025477707,0,32,None,66,1,5,False,1,1
47418,163,degCent,10,0.6715764331210191,0,32,None,66,1,5,False,1,1
47419,164,degCent,10,0.6723726114649682,0,32,None,66,1,5,False,1,1
47420,160,degCent,10,0.7504976114649682,0,13,None,66,1,5,False,1,1
47421,161,degCent,10,0.7527866242038217,0,13,None,66,1,5,False,1,1
47422,162,degCent,10,0.7542794585987261,0,13,None,66,1,5,False,1,1
47423,163,degCent,10,0.7548765923566879,0,13,None,66,1,5,False,1,1
47424,164,degCent,10,0.7558718152866242,0,13,None,66,1,5,False,1,1
47425,160,degCent,10,0.7049164012738853,0,25,None,66,1,5,False,1,1
47426,161,degCent,10,0.6902866242038217,0,25,None,66,1,5,False,1,1
47427,162,degCent,10,0.6865047770700637,0,25,None,66,1,5,False,1,1
47428,163,degCent,10,0.685609076433121,0,25,None,66,1,5,False,1,1
47429,164,degCent,10,0.6854100318471338,0,25,None,66,1,5,False,1,1
47430,160,degCent,10,0.7293988853503185,0,6,None,66,1,5,False,1,1
47431,161,degCent,10,0.7307921974522293,0,6,None,66,1,5,False,1,1
47432,162,degCent,10,0.7309912420382165,0,6,None,66,1,5,False,1,1
47433,163,degCent,10,0.7323845541401274,0,6,None,66,1,5,False,1,1
47434,164,degCent,10,0.7329816878980892,0,6,None,66,1,5,False,1,1
47435,160,degCent,10,0.6963574840764332,0,26,None,66,1,5,False,1,1
47436,161,degCent,10,0.6858081210191083,0,26,None,66,1,5,False,1,1
47437,162,degCent,10,0.6824243630573248,0,26,None,66,1,5,False,1,1
47438,163,degCent,10,0.6811305732484076,0,26,None,66,1,5,False,1,1
47439,164,degCent,10,0.6803343949044586,0,26,None,66,1,5,False,1,1
47440,160,degCent,10,0.6637141719745223,0,2,None,66,1,5,False,1,1
47441,161,degCent,10,0.6393312101910829,0,2,None,66,1,5,False,1,1
47442,162,degCent,10,0.6258957006369427,0,2,None,66,1,5,False,1,1
47443,163,degCent,10,0.6147492038216561,0,2,None,66,1,5,False,1,1
47444,164,degCent,10,0.6096735668789809,0,2,None,66,1,5,False,1,1
47445,160,degCent,10,0.7232285031847133,0,0,None,66,1,5,False,1,1
47446,161,degCent,10,0.7243232484076433,0,0,None,66,1,5,False,1,1
47447,162,degCent,10,0.7250199044585988,0,0,None,66,1,5,False,1,1
47448,163,degCent,10,0.7253184713375797,0,0,None,66,1,5,False,1,1
47449,164,degCent,10,0.7258160828025477,0,0,None,66,1,5,False,1,1
47450,160,degCent,10,0.7084992038216561,0,4,None,66,1,5,False,1,1
47451,161,degCent,10,0.6975517515923567,0,4,None,66,1,5,False,1,1
47452,162,degCent,10,0.6868033439490446,0,4,None,66,1,5,False,1,1
47453,163,degCent,10,0.6798367834394905,0,4,None,66,1,5,False,1,1
47454,164,degCent,10,0.6743630573248408,0,4,None,66,1,5,False,1,1
47455,160,degCent,10,0.7666202229299363,0,5,None,66,1,5,False,1,1
47456,161,degCent,10,0.7614450636942676,0,5,None,66,1,5,False,1,1
47457,162,degCent,10,0.7609474522292994,0,5,None,66,1,5,False,1,1
47458,163,degCent,10,0.7596536624203821,0,5,None,66,1,5,False,1,1
47459,164,degCent,10,0.7600517515923567,0,5,None,66,1,5,False,1,1
47460,160,degCent,10,0.7602507961783439,0,7,None,66,1,5,False,1,1
47461,161,degCent,10,0.7621417197452229,0,7,None,66,1,5,False,1,1
47462,162,degCent,10,0.7623407643312102,0,7,None,66,1,5,False,1,1
47463,163,degCent,10,0.7625398089171974,0,7,None,66,1,5,False,1,1
47464,164,degCent,10,0.7633359872611465,0,7,None,66,1,5,False,1,1
47465,160,degCent,10,0.7346735668789809,0,9,None,66,1,5,False,1,1
47466,161,degCent,10,0.7338773885350318,0,9,None,66,1,5,False,1,1
47467,162,degCent,10,0.7339769108280255,0,9,None,66,1,5,False,1,1
47468,163,degCent,10,0.7340764331210191,0,9,None,66,1,5,False,1,1
47469,164,degCent,10,0.7356687898089171,0,9,None,66,1,5,False,1,1
47470,160,degCent,10,0.76453025477707,0,10,None,66,1,5,False,1,1
47471,161,degCent,10,0.7651273885350318,0,10,None,66,1,5,False,1,1
47472,162,degCent,10,0.7672173566878981,0,10,None,66,1,5,False,1,1
47473,163,degCent,10,0.7686106687898089,0,10,None,66,1,5,False,1,1
47474,164,degCent,10,0.7693073248407644,0,10,None,66,1,5,False,1,1
47475,160,degCent,10,0.7263136942675159,0,15,None,66,1,5,False,1,1
47476,161,degCent,10,0.7264132165605095,0,15,None,66,1,5,False,1,1
47477,162,degCent,10,0.7270103503184714,0,15,None,66,1,5,False,1,1
47478,163,degCent,10,0.7283041401273885,0,15,None,66,1,5,False,1,1
47479,164,degCent,10,0.7289012738853503,0,15,None,66,1,5,False,1,1
47480,160,degCent,10,0.7378582802547771,0,12,None,66,1,5,False,1,1
47481,161,degCent,10,0.7347730891719745,0,12,None,66,1,5,False,1,1
47482,162,degCent,10,0.7344745222929936,0,12,None,66,1,5,False,1,1
47483,163,degCent,10,0.7351711783439491,0,12,None,66,1,5,False,1,1
47484,164,degCent,10,0.7359673566878981,0,12,None,66,1,5,False,1,1
47485,160,degCent,10,0.7678144904458599,0,20,None,66,1,5,False,1,1
47486,161,degCent,10,0.7678144904458599,0,20,None,66,1,5,False,1,1
47487,162,degCent,10,0.7689092356687898,0,20,None,66,1,5,False,1,1
47488,163,degCent,10,0.769406847133758,0,20,None,66,1,5,False,1,1
47489,164,degCent,10,0.769406847133758,0,20,None,66,1,5,False,1,1
47490,160,degCent,10,0.7659235668789809,0,18,None,66,1,5,False,1,1
47491,161,degCent,10,0.7642316878980892,0,18,None,66,1,5,False,1,1
47492,162,degCent,10,0.7661226114649682,0,18,None,66,1,5,False,1,1
47493,163,degCent,10,0.7670183121019108,0,18,None,66,1,5,False,1,1
47494,164,degCent,10,0.7672173566878981,0,18,None,66,1,5,False,1,1
47495,160,degCent,10,0.7135748407643312,0,28,None,66,1,5,False,1,1
47496,161,degCent,10,0.7065087579617835,0,28,None,66,1,5,False,1,1
47497,162,degCent,10,0.7036226114649682,0,28,None,66,1,5,False,1,1
47498,163,degCent,10,0.7021297770700637,0,28,None,66,1,5,False,1,1
47499,164,degCent,10,0.70203025477707,0,28,None,66,1,5,False,1,1
47500,160,degCent,10,0.7620421974522293,0,11,None,66,1,5,False,1,1
47501,161,degCent,10,0.759952229299363,0,11,None,66,1,5,False,1,1
47502,162,degCent,10,0.7608479299363057,0,11,None,66,1,5,False,1,1
47503,163,degCent,10,0.7619426751592356,0,11,None,66,1,5,False,1,1
47504,164,degCent,10,0.7628383757961783,0,11,None,66,1,5,False,1,1
47505,160,degCent,10,0.7380573248407644,0,17,None,66,1,5,False,1,1
47506,161,degCent,10,0.7395501592356688,0,17,None,66,1,5,False,1,1
47507,162,degCent,10,0.7402468152866242,0,17,None,66,1,5,False,1,1
47508,163,degCent,10,0.7402468152866242,0,17,None,66,1,5,False,1,1
47509,164,degCent,10,0.7405453821656051,0,17,None,66,1,5,False,1,1
47510,160,degCent,10,0.7237261146496815,0,3,None,66,1,5,False,1,1
47511,161,degCent,10,0.7235270700636943,0,3,None,66,1,5,False,1,1
47512,162,degCent,10,0.7240246815286624,0,3,None,66,1,5,False,1,1
47513,163,degCent,10,0.7242237261146497,0,3,None,66,1,5,False,1,1
47514,164,degCent,10,0.7239251592356688,0,3,None,66,1,5,False,1,1
47515,160,degCent,10,0.7312898089171974,0,24,None,66,1,5,False,1,1
47516,161,degCent,10,0.7335788216560509,0,24,None,66,1,5,False,1,1
47517,162,degCent,10,0.7347730891719745,0,24,None,66,1,5,False,1,1
47518,163,degCent,10,0.7369625796178344,0,24,None,66,1,5,False,1,1
47519,164,degCent,10,0.7368630573248408,0,24,None,66,1,5,False,1,1
52965,165,degCent,10,0.7165605095541401,0,1,None,66,1,5,False,1,1
52966,166,degCent,10,0.7384554140127388,0,1,None,66,1,5,False,1,1
52967,167,degCent,10,0.7424363057324841,0,1,None,66,1,5,False,1,1
52968,168,degCent,10,0.7432324840764332,0,1,None,66,1,5,False,1,1
52969,169,degCent,10,0.7439291401273885,0,1,None,66,1,5,False,1,1
52970,165,degCent,10,0.6660031847133758,0,2,None,66,1,5,False,1,1
52971,166,degCent,10,0.6419187898089171,0,2,None,66,1,5,False,1,1
52972,167,degCent,10,0.6281847133757962,0,2,None,66,1,5,False,1,1
52973,168,degCent,10,0.618531050955414,0,2,None,66,1,5,False,1,1
52974,169,degCent,10,0.613156847133758,0,2,None,66,1,5,False,1,1
52975,165,degCent,10,0.7309912420382165,0,15,None,66,1,5,False,1,1
52976,166,degCent,10,0.730593152866242,0,15,None,66,1,5,False,1,1
52977,167,degCent,10,0.7320859872611465,0,15,None,66,1,5,False,1,1
52978,168,degCent,10,0.732484076433121,0,15,None,66,1,5,False,1,1
52979,169,degCent,10,0.7322850318471338,0,15,None,66,1,5,False,1,1
52980,165,degCent,10,0.7668192675159236,0,10,None,66,1,5,False,1,1
52981,166,degCent,10,0.7674164012738853,0,10,None,66,1,5,False,1,1
52982,167,degCent,10,0.7691082802547771,0,10,None,66,1,5,False,1,1
52983,168,degCent,10,0.7701035031847133,0,10,None,66,1,5,False,1,1
52984,169,degCent,10,0.7710987261146497,0,10,None,66,1,5,False,1,1
52985,165,degCent,10,0.7674164012738853,0,16,None,66,1,5,False,1,1
52986,166,degCent,10,0.7701035031847133,0,16,None,66,1,5,False,1,1
52987,167,degCent,10,0.7736863057324841,0,16,None,66,1,5,False,1,1
52988,168,degCent,10,0.7754777070063694,0,16,None,66,1,5,False,1,1
52989,169,degCent,10,0.7772691082802548,0,16,None,66,1,5,False,1,1
52990,165,degCent,10,0.7633359872611465,0,11,None,66,1,5,False,1,1
52991,166,degCent,10,0.7608479299363057,0,11,None,66,1,5,False,1,1
52992,167,degCent,10,0.7625398089171974,0,11,None,66,1,5,False,1,1
52993,168,degCent,10,0.7638335987261147,0,11,None,66,1,5,False,1,1
52994,169,degCent,10,0.7642316878980892,0,11,None,66,1,5,False,1,1
52995,165,degCent,10,0.6853105095541401,0,8,None,66,1,5,False,1,1
52996,166,degCent,10,0.6824243630573248,0,8,None,66,1,5,False,1,1
52997,167,degCent,10,0.6816281847133758,0,8,None,66,1,5,False,1,1
52998,168,degCent,10,0.6823248407643312,0,8,None,66,1,5,False,1,1
52999,169,degCent,10,0.6834195859872612,0,8,None,66,1,5,False,1,1
53000,165,degCent,10,0.7693073248407644,0,20,None,66,1,5,False,1,1
53001,166,degCent,10,0.7697054140127388,0,20,None,66,1,5,False,1,1
53002,167,degCent,10,0.771297770700637,0,20,None,66,1,5,False,1,1
53003,168,degCent,10,0.7715963375796179,0,20,None,66,1,5,False,1,1
53004,169,degCent,10,0.7724920382165605,0,20,None,66,1,5,False,1,1
53005,165,degCent,10,0.758359872611465,0,22,None,66,1,5,False,1,1
53006,166,degCent,10,0.756468949044586,0,22,None,66,1,5,False,1,1
53007,167,degCent,10,0.756468949044586,0,22,None,66,1,5,False,1,1
53008,168,degCent,10,0.7548765923566879,0,22,None,66,1,5,False,1,1
53009,169,degCent,10,0.7540804140127388,0,22,None,66,1,5,False,1,1
53010,165,degCent,10,0.7169585987261147,0,23,None,66,1,5,False,1,1
53011,166,degCent,10,0.716859076433121,0,23,None,66,1,5,False,1,1
53012,167,degCent,10,0.7174562101910829,0,23,None,66,1,5,False,1,1
53013,168,degCent,10,0.71765525477707,0,23,None,66,1,5,False,1,1
53014,169,degCent,10,0.7183519108280255,0,23,None,66,1,5,False,1,1
53015,165,degCent,10,0.7395501592356688,0,17,None,66,1,5,False,1,1
53016,166,degCent,10,0.7405453821656051,0,17,None,66,1,5,False,1,1
53017,167,degCent,10,0.741640127388535,0,17,None,66,1,5,False,1,1
53018,168,degCent,10,0.7419386942675159,0,17,None,66,1,5,False,1,1
53019,169,degCent,10,0.7422372611464968,0,17,None,66,1,5,False,1,1
53020,165,degCent,10,0.7203423566878981,0,27,None,66,1,5,False,1,1
53021,166,degCent,10,0.7150676751592356,0,27,None,66,1,5,False,1,1
53022,167,degCent,10,0.7142714968152867,0,27,None,66,1,5,False,1,1
53023,168,degCent,10,0.7140724522292994,0,27,None,66,1,5,False,1,1
53024,169,degCent,10,0.7143710191082803,0,27,None,66,1,5,False,1,1
53025,165,degCent,10,0.7363654458598726,0,9,None,66,1,5,False,1,1
53026,166,degCent,10,0.7351711783439491,0,9,None,66,1,5,False,1,1
53027,167,degCent,10,0.7356687898089171,0,9,None,66,1,5,False,1,1
53028,168,degCent,10,0.737062101910828,0,9,None,66,1,5,False,1,1
53029,169,degCent,10,0.7378582802547771,0,9,None,66,1,5,False,1,1
53030,165,degCent,10,0.7422372611464968,0,30,None,66,1,5,False,1,1
53031,166,degCent,10,0.7705015923566879,0,30,None,66,1,5,False,1,1
53032,167,degCent,10,0.7784633757961783,0,30,None,66,1,5,False,1,1
53033,168,degCent,10,0.7838375796178344,0,30,None,66,1,5,False,1,1
53034,169,degCent,10,0.7866242038216561,0,30,None,66,1,5,False,1,1
53035,165,degCent,10,0.7716958598726115,0,31,None,66,1,5,False,1,1
53036,166,degCent,10,0.7705015923566879,0,31,None,66,1,5,False,1,1
53037,167,degCent,10,0.7699044585987261,0,31,None,66,1,5,False,1,1
53038,168,degCent,10,0.7706011146496815,0,31,None,66,1,5,False,1,1
53039,169,degCent,10,0.7707006369426752,0,31,None,66,1,5,False,1,1
53040,165,degCent,10,0.7159633757961783,0,28,None,66,1,5,False,1,1
53041,166,degCent,10,0.7083996815286624,0,28,None,66,1,5,False,1,1
53042,167,degCent,10,0.7049164012738853,0,28,None,66,1,5,False,1,1
53043,168,degCent,10,0.7043192675159236,0,28,None,66,1,5,False,1,1
53044,169,degCent,10,0.7047173566878981,0,28,None,66,1,5,False,1,1
53045,165,degCent,10,0.7215366242038217,0,29,None,66,1,5,False,1,1
53046,166,degCent,10,0.7162619426751592,0,29,None,66,1,5,False,1,1
53047,167,degCent,10,0.7124800955414012,0,29,None,66,1,5,False,1,1
53048,168,degCent,10,0.7098925159235668,0,29,None,66,1,5,False,1,1
53049,169,degCent,10,0.7093949044585988,0,29,None,66,1,5,False,1,1
53050,165,degCent,10,0.768312101910828,0,18,None,66,1,5,False,1,1
53051,166,degCent,10,0.7674164012738853,0,18,None,66,1,5,False,1,1
53052,167,degCent,10,0.7678144904458599,0,18,None,66,1,5,False,1,1
53053,168,degCent,10,0.7703025477707006,0,18,None,66,1,5,False,1,1
53054,169,degCent,10,0.770203025477707,0,18,None,66,1,5,False,1,1
53055,165,degCent,10,0.7132762738853503,0,4,None,66,1,5,False,1,1
53056,166,degCent,10,0.7037221337579618,0,4,None,66,1,5,False,1,1
53057,167,degCent,10,0.6916799363057324,0,4,None,66,1,5,False,1,1
53058,168,degCent,10,0.6849124203821656,0,4,None,66,1,5,False,1,1
53059,169,degCent,10,0.6804339171974523,0,4,None,66,1,5,False,1,1
53060,165,degCent,10,0.7605493630573248,0,7,None,66,1,5,False,1,1
53061,166,degCent,10,0.7626393312101911,0,7,None,66,1,5,False,1,1
53062,167,degCent,10,0.7634355095541401,0,7,None,66,1,5,False,1,1
53063,168,degCent,10,0.763734076433121,0,7,None,66,1,5,False,1,1
53064,169,degCent,10,0.763734076433121,0,7,None,66,1,5,False,1,1
53065,165,degCent,10,0.6840167197452229,0,32,None,66,1,5,False,1,1
53066,166,degCent,10,0.6759554140127388,0,32,None,66,1,5,False,1,1
53067,167,degCent,10,0.6765525477707006,0,32,None,66,1,5,False,1,1
53068,168,degCent,10,0.6772492038216561,0,32,None,66,1,5,False,1,1
53069,169,degCent,10,0.6778463375796179,0,32,None,66,1,5,False,1,1
53070,165,degCent,10,0.767515923566879,0,5,None,66,1,5,False,1,1
53071,166,degCent,10,0.762937898089172,0,5,None,66,1,5,False,1,1
53072,167,degCent,10,0.7620421974522293,0,5,None,66,1,5,False,1,1
53073,168,degCent,10,0.7614450636942676,0,5,None,66,1,5,False,1,1
53074,169,degCent,10,0.7611464968152867,0,5,None,66,1,5,False,1,1
53075,165,degCent,10,0.6323646496815286,0,14,None,66,1,5,False,1,1
53076,166,degCent,10,0.6381369426751592,0,14,None,66,1,5,False,1,1
53077,167,degCent,10,0.6448049363057324,0,14,None,66,1,5,False,1,1
53078,168,degCent,10,0.6475915605095541,0,14,None,66,1,5,False,1,1
53079,169,degCent,10,0.6501791401273885,0,14,None,66,1,5,False,1,1
53080,165,degCent,10,0.7317874203821656,0,6,None,66,1,5,False,1,1
53081,166,degCent,10,0.7339769108280255,0,6,None,66,1,5,False,1,1
53082,167,degCent,10,0.7350716560509554,0,6,None,66,1,5,False,1,1
53083,168,degCent,10,0.7365644904458599,0,6,None,66,1,5,False,1,1
53084,169,degCent,10,0.7373606687898089,0,6,None,66,1,5,False,1,1
53085,165,degCent,10,0.7267117834394905,0,3,None,66,1,5,False,1,1
53086,166,degCent,10,0.7261146496815286,0,3,None,66,1,5,False,1,1
53087,167,degCent,10,0.7266122611464968,0,3,None,66,1,5,False,1,1
53088,168,degCent,10,0.7263136942675159,0,3,None,66,1,5,False,1,1
53089,169,degCent,10,0.7281050955414012,0,3,None,66,1,5,False,1,1
53090,165,degCent,10,0.7393511146496815,0,12,None,66,1,5,False,1,1
53091,166,degCent,10,0.7366640127388535,0,12,None,66,1,5,False,1,1
53092,167,degCent,10,0.7371616242038217,0,12,None,66,1,5,False,1,1
53093,168,degCent,10,0.7369625796178344,0,12,None,66,1,5,False,1,1
53094,169,degCent,10,0.7382563694267515,0,12,None,66,1,5,False,1,1
53095,165,degCent,10,0.7541799363057324,0,13,None,66,1,5,False,1,1
53096,166,degCent,10,0.7562699044585988,0,13,None,66,1,5,False,1,1
53097,167,degCent,10,0.7573646496815286,0,13,None,66,1,5,False,1,1
53098,168,degCent,10,0.7578622611464968,0,13,None,66,1,5,False,1,1
53099,169,degCent,10,0.7588574840764332,0,13,None,66,1,5,False,1,1
53100,165,degCent,10,0.706906847133758,0,25,None,66,1,5,False,1,1
53101,166,degCent,10,0.6932722929936306,0,25,None,66,1,5,False,1,1
53102,167,degCent,10,0.68859474522293,0,25,None,66,1,5,False,1,1
53103,168,degCent,10,0.6865047770700637,0,25,None,66,1,5,False,1,1
53104,169,degCent,10,0.68640525477707,0,25,None,66,1,5,False,1,1
53105,165,degCent,10,0.6954617834394905,0,26,None,66,1,5,False,1,1
53106,166,degCent,10,0.6878980891719745,0,26,None,66,1,5,False,1,1
53107,167,degCent,10,0.6846138535031847,0,26,None,66,1,5,False,1,1
53108,168,degCent,10,0.6835191082802548,0,26,None,66,1,5,False,1,1
53109,169,degCent,10,0.6830214968152867,0,26,None,66,1,5,False,1,1
53110,170,degCent,10,0.6973527070063694,0,26,None,66,1,5,False,1,1
53111,171,degCent,10,0.6898885350318471,0,26,None,66,1,5,False,1,1
53112,172,degCent,10,0.6869028662420382,0,26,None,66,1,5,False,1,1
53113,173,degCent,10,0.6851114649681529,0,26,None,66,1,5,False,1,1
53114,174,degCent,10,0.6846138535031847,0,26,None,66,1,5,False,1,1
53115,165,degCent,10,0.6511743630573248,0,19,None,66,1,5,False,1,1
53116,166,degCent,10,0.6494824840764332,0,19,None,66,1,5,False,1,1
53117,167,degCent,10,0.649781050955414,0,19,None,66,1,5,False,1,1
53118,168,degCent,10,0.6512738853503185,0,19,None,66,1,5,False,1,1
53119,169,degCent,10,0.6523686305732485,0,19,None,66,1,5,False,1,1
53120,165,degCent,10,0.7692078025477707,0,21,None,66,1,5,False,1,1
53121,166,degCent,10,0.7692078025477707,0,21,None,66,1,5,False,1,1
53122,167,degCent,10,0.769406847133758,0,21,None,66,1,5,False,1,1
53123,168,degCent,10,0.7698049363057324,0,21,None,66,1,5,False,1,1
53124,169,degCent,10,0.7700039808917197,0,21,None,66,1,5,False,1,1
53125,165,degCent,10,0.7249203821656051,0,0,None,66,1,5,False,1,1
53126,166,degCent,10,0.7264132165605095,0,0,None,66,1,5,False,1,1
53127,167,degCent,10,0.7269108280254777,0,0,None,66,1,5,False,1,1
53128,168,degCent,10,0.7273089171974523,0,0,None,66,1,5,False,1,1
53129,169,degCent,10,0.7284036624203821,0,0,None,66,1,5,False,1,1
53130,165,degCent,10,0.7335788216560509,0,24,None,66,1,5,False,1,1
53131,166,degCent,10,0.7361664012738853,0,24,None,66,1,5,False,1,1
53132,167,degCent,10,0.7378582802547771,0,24,None,66,1,5,False,1,1
53133,168,degCent,10,0.7390525477707006,0,24,None,66,1,5,False,1,1
53134,169,degCent,10,0.7399482484076433,0,24,None,66,1,5,False,1,1
53135,170,degCent,10,0.7216361464968153,0,1,None,66,1,5,False,1,1
53136,171,degCent,10,0.7421377388535032,0,1,None,66,1,5,False,1,1
53137,172,degCent,10,0.7458200636942676,0,1,None,66,1,5,False,1,1
53138,173,degCent,10,0.7464171974522293,0,1,None,66,1,5,False,1,1
53139,174,degCent,10,0.7472133757961783,0,1,None,66,1,5,False,1,1
53140,170,degCent,10,0.7715963375796179,0,21,None,66,1,5,False,1,1
53141,171,degCent,10,0.7710987261146497,0,21,None,66,1,5,False,1,1
53142,172,degCent,10,0.7716958598726115,0,21,None,66,1,5,False,1,1
53143,173,degCent,10,0.7717953821656051,0,21,None,66,1,5,False,1,1
53144,174,degCent,10,0.772093949044586,0,21,None,66,1,5,False,1,1
53145,170,degCent,10,0.6675955414012739,0,2,None,66,1,5,False,1,1
53146,171,degCent,10,0.6440087579617835,0,2,None,66,1,5,False,1,1
53147,172,degCent,10,0.6298765923566879,0,2,None,66,1,5,False,1,1
53148,173,degCent,10,0.6214171974522293,0,2,None,66,1,5,False,1,1
53149,174,degCent,10,0.615843949044586,0,2,None,66,1,5,False,1,1
53150,170,degCent,10,0.7624402866242038,0,7,None,66,1,5,False,1,1
53151,171,degCent,10,0.7631369426751592,0,7,None,66,1,5,False,1,1
53152,172,degCent,10,0.7634355095541401,0,7,None,66,1,5,False,1,1
53153,173,degCent,10,0.7646297770700637,0,7,None,66,1,5,False,1,1
53154,174,degCent,10,0.7654259554140127,0,7,None,66,1,5,False,1,1
53155,170,degCent,10,0.771297770700637,0,5,None,66,1,5,False,1,1
53156,171,degCent,10,0.7664211783439491,0,5,None,66,1,5,False,1,1
53157,172,degCent,10,0.7653264331210191,0,5,None,66,1,5,False,1,1
53158,173,degCent,10,0.7641321656050956,0,5,None,66,1,5,False,1,1
53159,174,degCent,10,0.7643312101910829,0,5,None,66,1,5,False,1,1
53160,170,degCent,10,0.7620421974522293,0,22,None,66,1,5,False,1,1
53161,171,degCent,10,0.7594546178343949,0,22,None,66,1,5,False,1,1
53162,172,degCent,10,0.759156050955414,0,22,None,66,1,5,False,1,1
53163,173,degCent,10,0.7588574840764332,0,22,None,66,1,5,False,1,1
53164,174,degCent,10,0.7581608280254777,0,22,None,66,1,5,False,1,1
53165,170,degCent,10,0.7424363057324841,0,6,None,66,1,5,False,1,1
53166,171,degCent,10,0.7423367834394905,0,6,None,66,1,5,False,1,1
53167,172,degCent,10,0.742734872611465,0,6,None,66,1,5,False,1,1
53168,173,degCent,10,0.7434315286624203,0,6,None,66,1,5,False,1,1
53169,174,degCent,10,0.7434315286624203,0,6,None,66,1,5,False,1,1
53170,170,degCent,10,0.703125,0,32,None,66,1,5,False,1,1
53171,171,degCent,10,0.6851114649681529,0,32,None,66,1,5,False,1,1
53172,172,degCent,10,0.682921974522293,0,32,None,66,1,5,False,1,1
53173,173,degCent,10,0.6827229299363057,0,32,None,66,1,5,False,1,1
53174,174,degCent,10,0.6838176751592356,0,32,None,66,1,5,False,1,1
53175,170,degCent,10,0.7708001592356688,0,16,None,66,1,5,False,1,1
53176,171,degCent,10,0.7751791401273885,0,16,None,66,1,5,False,1,1
53177,172,degCent,10,0.7776671974522293,0,16,None,66,1,5,False,1,1
53178,173,degCent,10,0.7788614649681529,0,16,None,66,1,5,False,1,1
53179,174,degCent,10,0.7802547770700637,0,16,None,66,1,5,False,1,1
53180,170,degCent,10,0.6884952229299363,0,8,None,66,1,5,False,1,1
53181,171,degCent,10,0.6838176751592356,0,8,None,66,1,5,False,1,1
53182,172,degCent,10,0.6834195859872612,0,8,None,66,1,5,False,1,1
53183,173,degCent,10,0.6838176751592356,0,8,None,66,1,5,False,1,1
53184,174,degCent,10,0.6858081210191083,0,8,None,66,1,5,False,1,1
53185,170,degCent,10,0.649781050955414,0,19,None,66,1,5,False,1,1
53186,171,degCent,10,0.6493829617834395,0,19,None,66,1,5,False,1,1
53187,172,degCent,10,0.6506767515923567,0,19,None,66,1,5,False,1,1
53188,173,degCent,10,0.6534633757961783,0,19,None,66,1,5,False,1,1
53189,174,degCent,10,0.6550557324840764,0,19,None,66,1,5,False,1,1
53190,170,degCent,10,0.7697054140127388,0,18,None,66,1,5,False,1,1
53191,171,degCent,10,0.7689092356687898,0,18,None,66,1,5,False,1,1
53192,172,degCent,10,0.7701035031847133,0,18,None,66,1,5,False,1,1
53193,173,degCent,10,0.7709992038216561,0,18,None,66,1,5,False,1,1
53194,174,degCent,10,0.7723925159235668,0,18,None,66,1,5,False,1,1
53195,170,degCent,10,0.7081011146496815,0,25,None,66,1,5,False,1,1
53196,171,degCent,10,0.6924761146496815,0,25,None,66,1,5,False,1,1
53197,172,degCent,10,0.68859474522293,0,25,None,66,1,5,False,1,1
53198,173,degCent,10,0.6875,0,25,None,66,1,5,False,1,1
53199,174,degCent,10,0.6869028662420382,0,25,None,66,1,5,False,1,1
53200,170,degCent,10,0.6403264331210191,0,14,None,66,1,5,False,1,1
53201,171,degCent,10,0.647093949044586,0,14,None,66,1,5,False,1,1
53202,172,degCent,10,0.6520700636942676,0,14,None,66,1,5,False,1,1
53203,173,degCent,10,0.6547571656050956,0,14,None,66,1,5,False,1,1
53204,174,degCent,10,0.6579418789808917,0,14,None,66,1,5,False,1,1
53205,170,degCent,10,0.746218152866242,0,30,None,66,1,5,False,1,1
53206,171,degCent,10,0.7749800955414012,0,30,None,66,1,5,False,1,1
53207,172,degCent,10,0.7832404458598726,0,30,None,66,1,5,False,1,1
53208,173,degCent,10,0.7883160828025477,0,30,None,66,1,5,False,1,1
53209,174,degCent,10,0.7895103503184714,0,30,None,66,1,5,False,1,1
53210,170,degCent,10,0.7211385350318471,0,27,None,66,1,5,False,1,1
53211,171,degCent,10,0.7159633757961783,0,27,None,66,1,5,False,1,1
53212,172,degCent,10,0.7161624203821656,0,27,None,66,1,5,False,1,1
53213,173,degCent,10,0.716062898089172,0,27,None,66,1,5,False,1,1
53214,174,degCent,10,0.716062898089172,0,27,None,66,1,5,False,1,1
53215,170,degCent,10,0.7715963375796179,0,31,None,66,1,5,False,1,1
53216,171,degCent,10,0.7700039808917197,0,31,None,66,1,5,False,1,1
53217,172,degCent,10,0.7706011146496815,0,31,None,66,1,5,False,1,1
53218,173,degCent,10,0.7709992038216561,0,31,None,66,1,5,False,1,1
53219,174,degCent,10,0.7710987261146497,0,31,None,66,1,5,False,1,1
53220,170,degCent,10,0.7186504777070064,0,28,None,66,1,5,False,1,1
53221,171,degCent,10,0.7110867834394905,0,28,None,66,1,5,False,1,1
53222,172,degCent,10,0.7074044585987261,0,28,None,66,1,5,False,1,1
53223,173,degCent,10,0.706906847133758,0,28,None,66,1,5,False,1,1
53224,174,degCent,10,0.7071058917197452,0,28,None,66,1,5,False,1,1
53225,170,degCent,10,0.7248208598726115,0,29,None,66,1,5,False,1,1
53226,171,degCent,10,0.7193471337579618,0,29,None,66,1,5,False,1,1
53227,172,degCent,10,0.7155652866242038,0,29,None,66,1,5,False,1,1
53228,173,degCent,10,0.7121815286624203,0,29,None,66,1,5,False,1,1
53229,174,degCent,10,0.7113853503184714,0,29,None,66,1,5,False,1,1
53230,170,degCent,10,0.7405453821656051,0,9,None,66,1,5,False,1,1
53231,171,degCent,10,0.7390525477707006,0,9,None,66,1,5,False,1,1
53232,172,degCent,10,0.7399482484076433,0,9,None,66,1,5,False,1,1
53233,173,degCent,10,0.7409434713375797,0,9,None,66,1,5,False,1,1
53234,174,degCent,10,0.7412420382165605,0,9,None,66,1,5,False,1,1
53235,170,degCent,10,0.765625,0,11,None,66,1,5,False,1,1
53236,171,degCent,10,0.762937898089172,0,11,None,66,1,5,False,1,1
53237,172,degCent,10,0.7641321656050956,0,11,None,66,1,5,False,1,1
53238,173,degCent,10,0.7648288216560509,0,11,None,66,1,5,False,1,1
53239,174,degCent,10,0.7665207006369427,0,11,None,66,1,5,False,1,1
53240,170,degCent,10,0.7401472929936306,0,17,None,66,1,5,False,1,1
53241,171,degCent,10,0.7417396496815286,0,17,None,66,1,5,False,1,1
53242,172,degCent,10,0.7426353503184714,0,17,None,66,1,5,False,1,1
53243,173,degCent,10,0.7431329617834395,0,17,None,66,1,5,False,1,1
53244,174,degCent,10,0.7439291401273885,0,17,None,66,1,5,False,1,1
53245,170,degCent,10,0.7361664012738853,0,24,None,66,1,5,False,1,1
53246,171,degCent,10,0.7380573248407644,0,24,None,66,1,5,False,1,1
53247,172,degCent,10,0.7392515923566879,0,24,None,66,1,5,False,1,1
53248,173,degCent,10,0.740843949044586,0,24,None,66,1,5,False,1,1
53249,174,degCent,10,0.7406449044585988,0,24,None,66,1,5,False,1,1
53250,170,degCent,10,0.7719944267515924,0,20,None,66,1,5,False,1,1
53251,171,degCent,10,0.7729896496815286,0,20,None,66,1,5,False,1,1
53252,172,degCent,10,0.7736863057324841,0,20,None,66,1,5,False,1,1
53253,173,degCent,10,0.7749800955414012,0,20,None,66,1,5,False,1,1
53254,174,degCent,10,0.7759753184713376,0,20,None,66,1,5,False,1,1
53255,170,degCent,10,0.7696058917197452,0,10,None,66,1,5,False,1,1
53256,171,degCent,10,0.7709992038216561,0,10,None,66,1,5,False,1,1
53257,172,degCent,10,0.7717953821656051,0,10,None,66,1,5,False,1,1
53258,173,degCent,10,0.772093949044586,0,10,None,66,1,5,False,1,1
53259,174,degCent,10,0.7725915605095541,0,10,None,66,1,5,False,1,1
53260,170,degCent,10,0.7337778662420382,0,15,None,66,1,5,False,1,1
53261,171,degCent,10,0.7338773885350318,0,15,None,66,1,5,False,1,1
53262,172,degCent,10,0.7346735668789809,0,15,None,66,1,5,False,1,1
53263,173,degCent,10,0.7355692675159236,0,15,None,66,1,5,False,1,1
53264,174,degCent,10,0.7358678343949044,0,15,None,66,1,5,False,1,1
53265,170,degCent,10,0.7308917197452229,0,3,None,66,1,5,False,1,1
53266,171,degCent,10,0.7311902866242038,0,3,None,66,1,5,False,1,1
53267,172,degCent,10,0.7308917197452229,0,3,None,66,1,5,False,1,1
53268,173,degCent,10,0.731687898089172,0,3,None,66,1,5,False,1,1
53269,174,degCent,10,0.7314888535031847,0,3,None,66,1,5,False,1,1
53270,170,degCent,10,0.7580613057324841,0,13,None,66,1,5,False,1,1
53271,171,degCent,10,0.7595541401273885,0,13,None,66,1,5,False,1,1
53272,172,degCent,10,0.7596536624203821,0,13,None,66,1,5,False,1,1
53273,173,degCent,10,0.7604498407643312,0,13,None,66,1,5,False,1,1
53274,174,degCent,10,0.7612460191082803,0,13,None,66,1,5,False,1,1
53275,170,degCent,10,0.7411425159235668,0,12,None,66,1,5,False,1,1
53276,171,degCent,10,0.7393511146496815,0,12,None,66,1,5,False,1,1
53277,172,degCent,10,0.7388535031847133,0,12,None,66,1,5,False,1,1
53278,173,degCent,10,0.7396496815286624,0,12,None,66,1,5,False,1,1
53279,174,degCent,10,0.7402468152866242,0,12,None,66,1,5,False,1,1
53280,170,degCent,10,0.7165605095541401,0,4,None,66,1,5,False,1,1
53281,171,degCent,10,0.7047173566878981,0,4,None,66,1,5,False,1,1
53282,172,degCent,10,0.6957603503184714,0,4,None,66,1,5,False,1,1
53283,173,degCent,10,0.6892914012738853,0,4,None,66,1,5,False,1,1
53284,174,degCent,10,0.683718152866242,0,4,None,66,1,5,False,1,1
53285,170,degCent,10,0.7275079617834395,0,0,None,66,1,5,False,1,1
53286,171,degCent,10,0.7278065286624203,0,0,None,66,1,5,False,1,1
53287,172,degCent,10,0.7294984076433121,0,0,None,66,1,5,False,1,1
53288,173,degCent,10,0.7299960191082803,0,0,None,66,1,5,False,1,1
53289,174,degCent,10,0.730593152866242,0,0,None,66,1,5,False,1,1
53290,170,degCent,10,0.7208399681528662,0,23,None,66,1,5,False,1,1
53291,171,degCent,10,0.71875,0,23,None,66,1,5,False,1,1
53292,172,degCent,10,0.7196457006369427,0,23,None,66,1,5,False,1,1
53293,173,degCent,10,0.7199442675159236,0,23,None,66,1,5,False,1,1
53294,174,degCent,10,0.7204418789808917,0,23,None,66,1,5,False,1,1
53460,175,degCent,10,0.7285031847133758,0,1,None,66,1,5,False,1,1
53461,176,degCent,10,0.7434315286624203,0,1,None,66,1,5,False,1,1
53462,177,degCent,10,0.747312898089172,0,1,None,66,1,5,False,1,1
53463,178,degCent,10,0.7485071656050956,0,1,None,66,1,5,False,1,1
53464,179,degCent,10,0.7491042993630573,0,1,None,66,1,5,False,1,1
53465,175,degCent,10,0.6705812101910829,0,2,None,66,1,5,False,1,1
53466,176,degCent,10,0.6467953821656051,0,2,None,66,1,5,False,1,1
53467,177,degCent,10,0.6328622611464968,0,2,None,66,1,5,False,1,1
53468,178,degCent,10,0.6258957006369427,0,2,None,66,1,5,False,1,1
53469,179,degCent,10,0.620421974522293,0,2,None,66,1,5,False,1,1
53470,175,degCent,10,0.7211385350318471,0,23,None,66,1,5,False,1,1
53471,176,degCent,10,0.7191480891719745,0,23,None,66,1,5,False,1,1
53472,177,degCent,10,0.7195461783439491,0,23,None,66,1,5,False,1,1
53473,178,degCent,10,0.7201433121019108,0,23,None,66,1,5,False,1,1
53474,179,degCent,10,0.7215366242038217,0,23,None,66,1,5,False,1,1
53475,175,degCent,10,0.7210390127388535,0,28,None,66,1,5,False,1,1
53476,176,degCent,10,0.7131767515923567,0,28,None,66,1,5,False,1,1
53477,177,degCent,10,0.7100915605095541,0,28,None,66,1,5,False,1,1
53478,178,degCent,10,0.7096934713375797,0,28,None,66,1,5,False,1,1
53479,179,degCent,10,0.7091958598726115,0,28,None,66,1,5,False,1,1
53480,175,degCent,10,0.7292993630573248,0,29,None,66,1,5,False,1,1
53481,176,degCent,10,0.7221337579617835,0,29,None,66,1,5,False,1,1
53482,177,degCent,10,0.7190485668789809,0,29,None,66,1,5,False,1,1
53483,178,degCent,10,0.7188495222929936,0,29,None,66,1,5,False,1,1
53484,179,degCent,10,0.7163614649681529,0,29,None,66,1,5,False,1,1
53485,175,degCent,10,0.7372611464968153,0,15,None,66,1,5,False,1,1
53486,176,degCent,10,0.7394506369426752,0,15,None,66,1,5,False,1,1
53487,177,degCent,10,0.7393511146496815,0,15,None,66,1,5,False,1,1
53488,178,degCent,10,0.7398487261146497,0,15,None,66,1,5,False,1,1
53489,179,degCent,10,0.7397492038216561,0,15,None,66,1,5,False,1,1
53490,175,degCent,10,0.7715963375796179,0,10,None,66,1,5,False,1,1
53491,176,degCent,10,0.7732882165605095,0,10,None,66,1,5,False,1,1
53492,177,degCent,10,0.7736863057324841,0,10,None,66,1,5,False,1,1
53493,178,degCent,10,0.7742834394904459,0,10,None,66,1,5,False,1,1
53494,179,degCent,10,0.7745820063694268,0,10,None,66,1,5,False,1,1
53495,175,degCent,10,0.7670183121019108,0,11,None,66,1,5,False,1,1
53496,176,degCent,10,0.7641321656050956,0,11,None,66,1,5,False,1,1
53497,177,degCent,10,0.7659235668789809,0,11,None,66,1,5,False,1,1
53498,178,degCent,10,0.7670183121019108,0,11,None,66,1,5,False,1,1
53499,179,degCent,10,0.7681130573248408,0,11,None,66,1,5,False,1,1
53500,175,degCent,10,0.7735867834394905,0,20,None,66,1,5,False,1,1
53501,176,degCent,10,0.7758757961783439,0,20,None,66,1,5,False,1,1
53502,177,degCent,10,0.7770700636942676,0,20,None,66,1,5,False,1,1
53503,178,degCent,10,0.7773686305732485,0,20,None,66,1,5,False,1,1
53504,179,degCent,10,0.7770700636942676,0,20,None,66,1,5,False,1,1
53505,175,degCent,10,0.7337778662420382,0,3,None,66,1,5,False,1,1
53506,176,degCent,10,0.7331807324840764,0,3,None,66,1,5,False,1,1
53507,177,degCent,10,0.7335788216560509,0,3,None,66,1,5,False,1,1
53508,178,degCent,10,0.7340764331210191,0,3,None,66,1,5,False,1,1
53509,179,degCent,10,0.7344745222929936,0,3,None,66,1,5,False,1,1
53510,175,degCent,10,0.7028264331210191,0,26,None,66,1,5,False,1,1
53511,176,degCent,10,0.6923765923566879,0,26,None,66,1,5,False,1,1
53512,177,degCent,10,0.6902866242038217,0,26,None,66,1,5,False,1,1
53513,178,degCent,10,0.6894904458598726,0,26,None,66,1,5,False,1,1
53514,179,degCent,10,0.6880971337579618,0,26,None,66,1,5,False,1,1
53515,175,degCent,10,0.7742834394904459,0,5,None,66,1,5,False,1,1
53516,176,degCent,10,0.769406847133758,0,5,None,66,1,5,False,1,1
53517,177,degCent,10,0.7689092356687898,0,5,None,66,1,5,False,1,1
53518,178,degCent,10,0.7684116242038217,0,5,None,66,1,5,False,1,1
53519,179,degCent,10,0.7676154458598726,0,5,None,66,1,5,False,1,1
53520,175,degCent,10,0.6380374203821656,0,14,None,66,1,5,False,1,1
53521,176,degCent,10,0.645203025477707,0,14,None,66,1,5,False,1,1
53522,177,degCent,10,0.6540605095541401,0,14,None,66,1,5,False,1,1
53523,178,degCent,10,0.6587380573248408,0,14,None,66,1,5,False,1,1
53524,179,degCent,10,0.6613256369426752,0,14,None,66,1,5,False,1,1
53525,175,degCent,10,0.7614450636942676,0,22,None,66,1,5,False,1,1
53526,176,degCent,10,0.7606488853503185,0,22,None,66,1,5,False,1,1
53527,177,degCent,10,0.759952229299363,0,22,None,66,1,5,False,1,1
53528,178,degCent,10,0.7597531847133758,0,22,None,66,1,5,False,1,1
53529,179,degCent,10,0.759156050955414,0,22,None,66,1,5,False,1,1
53530,175,degCent,10,0.7084992038216561,0,25,None,66,1,5,False,1,1
53531,176,degCent,10,0.6961584394904459,0,25,None,66,1,5,False,1,1
53532,177,degCent,10,0.6924761146496815,0,25,None,66,1,5,False,1,1
53533,178,degCent,10,0.6904856687898089,0,25,None,66,1,5,False,1,1
53534,179,degCent,10,0.6895899681528662,0,25,None,66,1,5,False,1,1
53535,175,degCent,10,0.7444267515923567,0,9,None,66,1,5,False,1,1
53536,176,degCent,10,0.7419386942675159,0,9,None,66,1,5,False,1,1
53537,177,degCent,10,0.7433320063694268,0,9,None,66,1,5,False,1,1
53538,178,degCent,10,0.7441281847133758,0,9,None,66,1,5,False,1,1
53539,179,degCent,10,0.7453224522292994,0,9,None,66,1,5,False,1,1
53540,175,degCent,10,0.7725915605095541,0,21,None,66,1,5,False,1,1
53541,176,degCent,10,0.7722929936305732,0,21,None,66,1,5,False,1,1
53542,177,degCent,10,0.772890127388535,0,21,None,66,1,5,False,1,1
53543,178,degCent,10,0.7735867834394905,0,21,None,66,1,5,False,1,1
53544,179,degCent,10,0.774781050955414,0,21,None,66,1,5,False,1,1
53545,175,degCent,10,0.742734872611465,0,17,None,66,1,5,False,1,1
53546,176,degCent,10,0.7434315286624203,0,17,None,66,1,5,False,1,1
53547,177,degCent,10,0.7440286624203821,0,17,None,66,1,5,False,1,1
53548,178,degCent,10,0.7456210191082803,0,17,None,66,1,5,False,1,1
53549,179,degCent,10,0.7457205414012739,0,17,None,66,1,5,False,1,1
53550,175,degCent,10,0.7353702229299363,0,24,None,66,1,5,False,1,1
53551,176,degCent,10,0.7396496815286624,0,24,None,66,1,5,False,1,1
53552,177,degCent,10,0.7415406050955414,0,24,None,66,1,5,False,1,1
53553,178,degCent,10,0.7420382165605095,0,24,None,66,1,5,False,1,1
53554,179,degCent,10,0.7426353503184714,0,24,None,66,1,5,False,1,1
53555,175,degCent,10,0.7546775477707006,0,30,None,66,1,5,False,1,1
53556,176,degCent,10,0.7788614649681529,0,30,None,66,1,5,False,1,1
53557,177,degCent,10,0.7874203821656051,0,30,None,66,1,5,False,1,1
53558,178,degCent,10,0.7908041401273885,0,30,None,66,1,5,False,1,1
53559,179,degCent,10,0.7910031847133758,0,30,None,66,1,5,False,1,1
53560,175,degCent,10,0.7397492038216561,0,6,None,66,1,5,False,1,1
53561,176,degCent,10,0.7424363057324841,0,6,None,66,1,5,False,1,1
53562,177,degCent,10,0.7437300955414012,0,6,None,66,1,5,False,1,1
53563,178,degCent,10,0.7456210191082803,0,6,None,66,1,5,False,1,1
53564,179,degCent,10,0.7458200636942676,0,6,None,66,1,5,False,1,1
53565,175,degCent,10,0.7172571656050956,0,27,None,66,1,5,False,1,1
53566,176,degCent,10,0.7145700636942676,0,27,None,66,1,5,False,1,1
53567,177,degCent,10,0.7154657643312102,0,27,None,66,1,5,False,1,1
53568,178,degCent,10,0.7163614649681529,0,27,None,66,1,5,False,1,1
53569,179,degCent,10,0.716859076433121,0,27,None,66,1,5,False,1,1
53570,175,degCent,10,0.7744824840764332,0,31,None,66,1,5,False,1,1
53571,176,degCent,10,0.7724920382165605,0,31,None,66,1,5,False,1,1
53572,177,degCent,10,0.7724920382165605,0,31,None,66,1,5,False,1,1
53573,178,degCent,10,0.7731886942675159,0,31,None,66,1,5,False,1,1
53574,179,degCent,10,0.7723925159235668,0,31,None,66,1,5,False,1,1
53575,175,degCent,10,0.7426353503184714,0,12,None,66,1,5,False,1,1
53576,176,degCent,10,0.7405453821656051,0,12,None,66,1,5,False,1,1
53577,177,degCent,10,0.7396496815286624,0,12,None,66,1,5,False,1,1
53578,178,degCent,10,0.7410429936305732,0,12,None,66,1,5,False,1,1
53579,179,degCent,10,0.7411425159235668,0,12,None,66,1,5,False,1,1
53580,175,degCent,10,0.763734076433121,0,13,None,66,1,5,False,1,1
53581,176,degCent,10,0.76453025477707,0,13,None,66,1,5,False,1,1
53582,177,degCent,10,0.7647292993630573,0,13,None,66,1,5,False,1,1
53583,178,degCent,10,0.7661226114649682,0,13,None,66,1,5,False,1,1
53584,179,degCent,10,0.76671974522293,0,13,None,66,1,5,False,1,1
53585,175,degCent,10,0.7744824840764332,0,18,None,66,1,5,False,1,1
53586,176,degCent,10,0.7735867834394905,0,18,None,66,1,5,False,1,1
53587,177,degCent,10,0.7746815286624203,0,18,None,66,1,5,False,1,1
53588,178,degCent,10,0.7756767515923567,0,18,None,66,1,5,False,1,1
53589,179,degCent,10,0.776671974522293,0,18,None,66,1,5,False,1,1
53590,175,degCent,10,0.7312898089171974,0,0,None,66,1,5,False,1,1
53591,176,degCent,10,0.7321855095541401,0,0,None,66,1,5,False,1,1
53592,177,degCent,10,0.732484076433121,0,0,None,66,1,5,False,1,1
53593,178,degCent,10,0.7333797770700637,0,0,None,66,1,5,False,1,1
53594,179,degCent,10,0.7340764331210191,0,0,None,66,1,5,False,1,1
53595,175,degCent,10,0.6587380573248408,0,19,None,66,1,5,False,1,1
53596,176,degCent,10,0.6547571656050956,0,19,None,66,1,5,False,1,1
53597,177,degCent,10,0.6550557324840764,0,19,None,66,1,5,False,1,1
53598,178,degCent,10,0.6569466560509554,0,19,None,66,1,5,False,1,1
53599,179,degCent,10,0.6592356687898089,0,19,None,66,1,5,False,1,1
53600,175,degCent,10,0.6927746815286624,0,32,None,66,1,5,False,1,1
53601,176,degCent,10,0.6846138535031847,0,32,None,66,1,5,False,1,1
53602,177,degCent,10,0.6839171974522293,0,32,None,66,1,5,False,1,1
53603,178,degCent,10,0.6849124203821656,0,32,None,66,1,5,False,1,1
53604,179,degCent,10,0.6854100318471338,0,32,None,66,1,5,False,1,1
53605,175,degCent,10,0.7142714968152867,0,4,None,66,1,5,False,1,1
53606,176,degCent,10,0.7034235668789809,0,4,None,66,1,5,False,1,1
53607,177,degCent,10,0.6943670382165605,0,4,None,66,1,5,False,1,1
53608,178,degCent,10,0.6888933121019108,0,4,None,66,1,5,False,1,1
53609,179,degCent,10,0.6847133757961783,0,4,None,66,1,5,False,1,1
53610,175,degCent,10,0.763734076433121,0,7,None,66,1,5,False,1,1
53611,176,degCent,10,0.7636345541401274,0,7,None,66,1,5,False,1,1
53612,177,degCent,10,0.7641321656050956,0,7,None,66,1,5,False,1,1
53613,178,degCent,10,0.7658240445859873,0,7,None,66,1,5,False,1,1
53614,179,degCent,10,0.7653264331210191,0,7,None,66,1,5,False,1,1
53615,175,degCent,10,0.6900875796178344,0,8,None,66,1,5,False,1,1
53616,176,degCent,10,0.6861066878980892,0,8,None,66,1,5,False,1,1
53617,177,degCent,10,0.68640525477707,0,8,None,66,1,5,False,1,1
53618,178,degCent,10,0.6862062101910829,0,8,None,66,1,5,False,1,1
53619,179,degCent,10,0.6861066878980892,0,8,None,66,1,5,False,1,1
53620,175,degCent,10,0.7740843949044586,0,16,None,66,1,5,False,1,1
53621,176,degCent,10,0.7797571656050956,0,16,None,66,1,5,False,1,1
53622,177,degCent,10,0.78234474522293,0,16,None,66,1,5,False,1,1
53623,178,degCent,10,0.7827428343949044,0,16,None,66,1,5,False,1,1
53624,179,degCent,10,0.7832404458598726,0,16,None,66,1,5,False,1,1
53955,180,degCent,10,0.7320859872611465,0,1,None,66,1,5,False,1,1
53956,181,degCent,10,0.7469148089171974,0,1,None,66,1,5,False,1,1
53957,182,degCent,10,0.7496019108280255,0,1,None,66,1,5,False,1,1
53958,183,degCent,10,0.7505971337579618,0,1,None,66,1,5,False,1,1
53959,184,degCent,10,0.7513933121019108,0,1,None,66,1,5,False,1,1
53960,180,degCent,10,0.6736664012738853,0,2,None,66,1,5,False,1,1
53961,181,degCent,10,0.6494824840764332,0,2,None,66,1,5,False,1,1
53962,182,degCent,10,0.6363455414012739,0,2,None,66,1,5,False,1,1
53963,183,degCent,10,0.6289808917197452,0,2,None,66,1,5,False,1,1
53964,184,degCent,10,0.6232085987261147,0,2,None,66,1,5,False,1,1
53965,180,degCent,10,0.7770700636942676,0,5,None,66,1,5,False,1,1
53966,181,degCent,10,0.7736863057324841,0,5,None,66,1,5,False,1,1
53967,182,degCent,10,0.7727906050955414,0,5,None,66,1,5,False,1,1
53968,183,degCent,10,0.7710987261146497,0,5,None,66,1,5,False,1,1
53969,184,degCent,10,0.7715963375796179,0,5,None,66,1,5,False,1,1
53970,180,degCent,10,0.7651273885350318,0,13,None,66,1,5,False,1,1
53971,181,degCent,10,0.7648288216560509,0,13,None,66,1,5,False,1,1
53972,182,degCent,10,0.7660230891719745,0,13,None,66,1,5,False,1,1
53973,183,degCent,10,0.7663216560509554,0,13,None,66,1,5,False,1,1
53974,184,degCent,10,0.7677149681528662,0,13,None,66,1,5,False,1,1
53975,180,degCent,10,0.7759753184713376,0,20,None,66,1,5,False,1,1
53976,181,degCent,10,0.7777667197452229,0,20,None,66,1,5,False,1,1
53977,182,degCent,10,0.78015525477707,0,20,None,66,1,5,False,1,1
53978,183,degCent,10,0.7800557324840764,0,20,None,66,1,5,False,1,1
53979,184,degCent,10,0.7810509554140127,0,20,None,66,1,5,False,1,1
53980,180,degCent,10,0.7671178343949044,0,22,None,66,1,5,False,1,1
53981,181,degCent,10,0.7648288216560509,0,22,None,66,1,5,False,1,1
53982,182,degCent,10,0.7649283439490446,0,22,None,66,1,5,False,1,1
53983,183,degCent,10,0.7646297770700637,0,22,None,66,1,5,False,1,1
53984,184,degCent,10,0.7642316878980892,0,22,None,66,1,5,False,1,1
53985,180,degCent,10,0.642515923566879,0,14,None,66,1,5,False,1,1
53986,181,degCent,10,0.6517714968152867,0,14,None,66,1,5,False,1,1
53987,182,degCent,10,0.6587380573248408,0,14,None,66,1,5,False,1,1
53988,183,degCent,10,0.6623208598726115,0,14,None,66,1,5,False,1,1
53989,184,degCent,10,0.6643113057324841,0,14,None,66,1,5,False,1,1
53990,180,degCent,10,0.7274084394904459,0,23,None,66,1,5,False,1,1
53991,181,degCent,10,0.7259156050955414,0,23,None,66,1,5,False,1,1
53992,182,degCent,10,0.7250199044585988,0,23,None,66,1,5,False,1,1
53993,183,degCent,10,0.7255175159235668,0,23,None,66,1,5,False,1,1
53994,184,degCent,10,0.7258160828025477,0,23,None,66,1,5,False,1,1
53995,180,degCent,10,0.7771695859872612,0,21,None,66,1,5,False,1,1
53996,181,degCent,10,0.7752786624203821,0,21,None,66,1,5,False,1,1
53997,182,degCent,10,0.7748805732484076,0,21,None,66,1,5,False,1,1
53998,183,degCent,10,0.774781050955414,0,21,None,66,1,5,False,1,1
53999,184,degCent,10,0.775577229299363,0,21,None,66,1,5,False,1,1
54000,180,degCent,10,0.7461186305732485,0,17,None,66,1,5,False,1,1
54001,181,degCent,10,0.7451234076433121,0,17,None,66,1,5,False,1,1
54002,182,degCent,10,0.7470143312101911,0,17,None,66,1,5,False,1,1
54003,183,degCent,10,0.7471138535031847,0,17,None,66,1,5,False,1,1
54004,184,degCent,10,0.7470143312101911,0,17,None,66,1,5,False,1,1
54005,180,degCent,10,0.7108877388535032,0,25,None,66,1,5,False,1,1
54006,181,degCent,10,0.6982484076433121,0,25,None,66,1,5,False,1,1
54007,182,degCent,10,0.6940684713375797,0,25,None,66,1,5,False,1,1
54008,183,degCent,10,0.6915804140127388,0,25,None,66,1,5,False,1,1
54009,184,degCent,10,0.6918789808917197,0,25,None,66,1,5,False,1,1
54010,180,degCent,10,0.712281050955414,0,26,None,66,1,5,False,1,1
54011,181,degCent,10,0.7005374203821656,0,26,None,66,1,5,False,1,1
54012,182,degCent,10,0.694765127388535,0,26,None,66,1,5,False,1,1
54013,183,degCent,10,0.6938694267515924,0,26,None,66,1,5,False,1,1
54014,184,degCent,10,0.6927746815286624,0,26,None,66,1,5,False,1,1
54015,180,degCent,10,0.748109076433121,0,12,None,66,1,5,False,1,1
54016,181,degCent,10,0.7431329617834395,0,12,None,66,1,5,False,1,1
54017,182,degCent,10,0.7426353503184714,0,12,None,66,1,5,False,1,1
54018,183,degCent,10,0.7424363057324841,0,12,None,66,1,5,False,1,1
54019,184,degCent,10,0.7424363057324841,0,12,None,66,1,5,False,1,1
54020,180,degCent,10,0.7371616242038217,0,24,None,66,1,5,False,1,1
54021,181,degCent,10,0.7405453821656051,0,24,None,66,1,5,False,1,1
54022,182,degCent,10,0.7422372611464968,0,24,None,66,1,5,False,1,1
54023,183,degCent,10,0.7433320063694268,0,24,None,66,1,5,False,1,1
54024,184,degCent,10,0.7449243630573248,0,24,None,66,1,5,False,1,1
54025,180,degCent,10,0.7593550955414012,0,30,None,66,1,5,False,1,1
54026,181,degCent,10,0.7824442675159236,0,30,None,66,1,5,False,1,1
54027,182,degCent,10,0.7900079617834395,0,30,None,66,1,5,False,1,1
54028,183,degCent,10,0.7923964968152867,0,30,None,66,1,5,False,1,1
54029,184,degCent,10,0.7934912420382165,0,30,None,66,1,5,False,1,1
54030,180,degCent,10,0.7418391719745223,0,6,None,66,1,5,False,1,1
54031,181,degCent,10,0.7453224522292994,0,6,None,66,1,5,False,1,1
54032,182,degCent,10,0.7467157643312102,0,6,None,66,1,5,False,1,1
54033,183,degCent,10,0.7476114649681529,0,6,None,66,1,5,False,1,1
54034,184,degCent,10,0.7472133757961783,0,6,None,66,1,5,False,1,1
54035,180,degCent,10,0.724422770700637,0,27,None,66,1,5,False,1,1
54036,181,degCent,10,0.7195461783439491,0,27,None,66,1,5,False,1,1
54037,182,degCent,10,0.7203423566878981,0,27,None,66,1,5,False,1,1
54038,183,degCent,10,0.7205414012738853,0,27,None,66,1,5,False,1,1
54039,184,degCent,10,0.7208399681528662,0,27,None,66,1,5,False,1,1
54040,180,degCent,10,0.7758757961783439,0,31,None,66,1,5,False,1,1
54041,181,degCent,10,0.7741839171974523,0,31,None,66,1,5,False,1,1
54042,182,degCent,10,0.7736863057324841,0,31,None,66,1,5,False,1,1
54043,183,degCent,10,0.7741839171974523,0,31,None,66,1,5,False,1,1
54044,184,degCent,10,0.7743829617834395,0,31,None,66,1,5,False,1,1
54045,180,degCent,10,0.693968949044586,0,32,None,66,1,5,False,1,1
54046,181,degCent,10,0.6873009554140127,0,32,None,66,1,5,False,1,1
54047,182,degCent,10,0.6869028662420382,0,32,None,66,1,5,False,1,1
54048,183,degCent,10,0.6877985668789809,0,32,None,66,1,5,False,1,1
54049,184,degCent,10,0.6881966560509554,0,32,None,66,1,5,False,1,1
54050,180,degCent,10,0.7681130573248408,0,7,None,66,1,5,False,1,1
54051,181,degCent,10,0.7658240445859873,0,7,None,66,1,5,False,1,1
54052,182,degCent,10,0.7661226114649682,0,7,None,66,1,5,False,1,1
54053,183,degCent,10,0.7664211783439491,0,7,None,66,1,5,False,1,1
54054,184,degCent,10,0.7664211783439491,0,7,None,66,1,5,False,1,1
54055,180,degCent,10,0.693172770700637,0,8,None,66,1,5,False,1,1
54056,181,degCent,10,0.6877985668789809,0,8,None,66,1,5,False,1,1
54057,182,degCent,10,0.6882961783439491,0,8,None,66,1,5,False,1,1
54058,183,degCent,10,0.6875995222929936,0,8,None,66,1,5,False,1,1
54059,184,degCent,10,0.6881966560509554,0,8,None,66,1,5,False,1,1
54060,180,degCent,10,0.7697054140127388,0,16,None,66,1,5,False,1,1
54061,181,degCent,10,0.7775676751592356,0,16,None,66,1,5,False,1,1
54062,182,degCent,10,0.7813495222929936,0,16,None,66,1,5,False,1,1
54063,183,degCent,10,0.7833399681528662,0,16,None,66,1,5,False,1,1
54064,184,degCent,10,0.7837380573248408,0,16,None,66,1,5,False,1,1
54065,180,degCent,10,0.6567476114649682,0,19,None,66,1,5,False,1,1
54066,181,degCent,10,0.65515525477707,0,19,None,66,1,5,False,1,1
54067,182,degCent,10,0.6565485668789809,0,19,None,66,1,5,False,1,1
54068,183,degCent,10,0.6603304140127388,0,19,None,66,1,5,False,1,1
54069,184,degCent,10,0.6624203821656051,0,19,None,66,1,5,False,1,1
54070,180,degCent,10,0.7799562101910829,0,18,None,66,1,5,False,1,1
54071,181,degCent,10,0.7789609872611465,0,18,None,66,1,5,False,1,1
54072,182,degCent,10,0.7795581210191083,0,18,None,66,1,5,False,1,1
54073,183,degCent,10,0.7811504777070064,0,18,None,66,1,5,False,1,1
54074,184,degCent,10,0.7815485668789809,0,18,None,66,1,5,False,1,1
54075,180,degCent,10,0.7741839171974523,0,10,None,66,1,5,False,1,1
54076,181,degCent,10,0.7753781847133758,0,10,None,66,1,5,False,1,1
54077,182,degCent,10,0.7765724522292994,0,10,None,66,1,5,False,1,1
54078,183,degCent,10,0.7762738853503185,0,10,None,66,1,5,False,1,1
54079,184,degCent,10,0.7767714968152867,0,10,None,66,1,5,False,1,1
54080,180,degCent,10,0.723328025477707,0,4,None,66,1,5,False,1,1
54081,181,degCent,10,0.7119824840764332,0,4,None,66,1,5,False,1,1
54082,182,degCent,10,0.7026273885350318,0,4,None,66,1,5,False,1,1
54083,183,degCent,10,0.6970541401273885,0,4,None,66,1,5,False,1,1
54084,184,degCent,10,0.6919785031847133,0,4,None,66,1,5,False,1,1
54085,180,degCent,10,0.7419386942675159,0,15,None,66,1,5,False,1,1
54086,181,degCent,10,0.742734872611465,0,15,None,66,1,5,False,1,1
54087,182,degCent,10,0.7429339171974523,0,15,None,66,1,5,False,1,1
54088,183,degCent,10,0.7444267515923567,0,15,None,66,1,5,False,1,1
54089,184,degCent,10,0.7450238853503185,0,15,None,66,1,5,False,1,1
54090,180,degCent,10,0.7698049363057324,0,11,None,66,1,5,False,1,1
54091,181,degCent,10,0.7677149681528662,0,11,None,66,1,5,False,1,1
54092,182,degCent,10,0.768312101910828,0,11,None,66,1,5,False,1,1
54093,183,degCent,10,0.7685111464968153,0,11,None,66,1,5,False,1,1
54094,184,degCent,10,0.7695063694267515,0,11,None,66,1,5,False,1,1
54095,180,degCent,10,0.7229299363057324,0,28,None,66,1,5,False,1,1
54096,181,degCent,10,0.7157643312101911,0,28,None,66,1,5,False,1,1
54097,182,degCent,10,0.7136743630573248,0,28,None,66,1,5,False,1,1
54098,183,degCent,10,0.7115843949044586,0,28,None,66,1,5,False,1,1
54099,184,degCent,10,0.7116839171974523,0,28,None,66,1,5,False,1,1
54100,180,degCent,10,0.7380573248407644,0,3,None,66,1,5,False,1,1
54101,181,degCent,10,0.737062101910828,0,3,None,66,1,5,False,1,1
54102,182,degCent,10,0.737062101910828,0,3,None,66,1,5,False,1,1
54103,183,degCent,10,0.7378582802547771,0,3,None,66,1,5,False,1,1
54104,184,degCent,10,0.7380573248407644,0,3,None,66,1,5,False,1,1
54105,180,degCent,10,0.7485071656050956,0,9,None,66,1,5,False,1,1
54106,181,degCent,10,0.7472133757961783,0,9,None,66,1,5,False,1,1
54107,182,degCent,10,0.7475119426751592,0,9,None,66,1,5,False,1,1
54108,183,degCent,10,0.7480095541401274,0,9,None,66,1,5,False,1,1
54109,184,degCent,10,0.7488057324840764,0,9,None,66,1,5,False,1,1
54110,180,degCent,10,0.727906050955414,0,29,None,66,1,5,False,1,1
54111,181,degCent,10,0.7230294585987261,0,29,None,66,1,5,False,1,1
54112,182,degCent,10,0.7208399681528662,0,29,None,66,1,5,False,1,1
54113,183,degCent,10,0.7182523885350318,0,29,None,66,1,5,False,1,1
54114,184,degCent,10,0.7182523885350318,0,29,None,66,1,5,False,1,1
54115,180,degCent,10,0.7356687898089171,0,0,None,66,1,5,False,1,1
54116,181,degCent,10,0.7357683121019108,0,0,None,66,1,5,False,1,1
54117,182,degCent,10,0.7363654458598726,0,0,None,66,1,5,False,1,1
54118,183,degCent,10,0.7366640127388535,0,0,None,66,1,5,False,1,1
54119,184,degCent,10,0.7380573248407644,0,0,None,66,1,5,False,1,1
54120,185,degCent,10,0.7145700636942676,0,26,None,66,1,5,False,1,1
54121,186,degCent,10,0.7037221337579618,0,26,None,66,1,5,False,1,1
54122,187,degCent,10,0.6990445859872612,0,26,None,66,1,5,False,1,1
54123,188,degCent,10,0.6968550955414012,0,26,None,66,1,5,False,1,1
54124,189,degCent,10,0.6956608280254777,0,26,None,66,1,5,False,1,1
54125,185,degCent,10,0.7129777070063694,0,25,None,66,1,5,False,1,1
54126,186,degCent,10,0.6996417197452229,0,25,None,66,1,5,False,1,1
54127,187,degCent,10,0.695859872611465,0,25,None,66,1,5,False,1,1
54128,188,degCent,10,0.6936703821656051,0,25,None,66,1,5,False,1,1
54129,189,degCent,10,0.6932722929936306,0,25,None,66,1,5,False,1,1
54130,185,degCent,10,0.646297770700637,0,14,None,66,1,5,False,1,1
54131,186,degCent,10,0.6527667197452229,0,14,None,66,1,5,False,1,1
54132,187,degCent,10,0.6610270700636943,0,14,None,66,1,5,False,1,1
54133,188,degCent,10,0.665406050955414,0,14,None,66,1,5,False,1,1
54134,189,degCent,10,0.668093152866242,0,14,None,66,1,5,False,1,1
54135,185,degCent,10,0.7361664012738853,0,1,None,66,1,5,False,1,1
54136,186,degCent,10,0.7511942675159236,0,1,None,66,1,5,False,1,1
54137,187,degCent,10,0.7529856687898089,0,1,None,66,1,5,False,1,1
54138,188,degCent,10,0.7529856687898089,0,1,None,66,1,5,False,1,1
54139,189,degCent,10,0.7541799363057324,0,1,None,66,1,5,False,1,1
54140,185,degCent,10,0.6766520700636943,0,2,None,66,1,5,False,1,1
54141,186,degCent,10,0.6519705414012739,0,2,None,66,1,5,False,1,1
54142,187,degCent,10,0.640625,0,2,None,66,1,5,False,1,1
54143,188,degCent,10,0.6320660828025477,0,2,None,66,1,5,False,1,1
54144,189,degCent,10,0.6270899681528662,0,2,None,66,1,5,False,1,1
54145,185,degCent,10,0.7669187898089171,0,7,None,66,1,5,False,1,1
54146,186,degCent,10,0.7652269108280255,0,7,None,66,1,5,False,1,1
54147,187,degCent,10,0.7658240445859873,0,7,None,66,1,5,False,1,1
54148,188,degCent,10,0.7662221337579618,0,7,None,66,1,5,False,1,1
54149,189,degCent,10,0.7672173566878981,0,7,None,66,1,5,False,1,1
54150,185,degCent,10,0.7715963375796179,0,11,None,66,1,5,False,1,1
54151,186,degCent,10,0.7701035031847133,0,11,None,66,1,5,False,1,1
54152,187,degCent,10,0.7706011146496815,0,11,None,66,1,5,False,1,1
54153,188,degCent,10,0.7711982484076433,0,11,None,66,1,5,False,1,1
54154,189,degCent,10,0.7724920382165605,0,11,None,66,1,5,False,1,1
54155,185,degCent,10,0.7457205414012739,0,15,None,66,1,5,False,1,1
54156,186,degCent,10,0.747312898089172,0,15,None,66,1,5,False,1,1
54157,187,degCent,10,0.7476114649681529,0,15,None,66,1,5,False,1,1
54158,188,degCent,10,0.7476114649681529,0,15,None,66,1,5,False,1,1
54159,189,degCent,10,0.7484076433121019,0,15,None,66,1,5,False,1,1
54160,185,degCent,10,0.7438296178343949,0,17,None,66,1,5,False,1,1
54161,186,degCent,10,0.7445262738853503,0,17,None,66,1,5,False,1,1
54162,187,degCent,10,0.745421974522293,0,17,None,66,1,5,False,1,1
54163,188,degCent,10,0.7465167197452229,0,17,None,66,1,5,False,1,1
54164,189,degCent,10,0.7471138535031847,0,17,None,66,1,5,False,1,1
54165,185,degCent,10,0.7786624203821656,0,5,None,66,1,5,False,1,1
54166,186,degCent,10,0.7738853503184714,0,5,None,66,1,5,False,1,1
54167,187,degCent,10,0.7735867834394905,0,5,None,66,1,5,False,1,1
54168,188,degCent,10,0.7726910828025477,0,5,None,66,1,5,False,1,1
54169,189,degCent,10,0.7729896496815286,0,5,None,66,1,5,False,1,1
54170,185,degCent,10,0.7769705414012739,0,10,None,66,1,5,False,1,1
54171,186,degCent,10,0.7768710191082803,0,10,None,66,1,5,False,1,1
54172,187,degCent,10,0.7778662420382165,0,10,None,66,1,5,False,1,1
54173,188,degCent,10,0.7776671974522293,0,10,None,66,1,5,False,1,1
54174,189,degCent,10,0.7787619426751592,0,10,None,66,1,5,False,1,1
54175,185,degCent,10,0.7784633757961783,0,20,None,66,1,5,False,1,1
54176,186,degCent,10,0.7806528662420382,0,20,None,66,1,5,False,1,1
54177,187,degCent,10,0.7819466560509554,0,20,None,66,1,5,False,1,1
54178,188,degCent,10,0.7816480891719745,0,20,None,66,1,5,False,1,1
54179,189,degCent,10,0.783140923566879,0,20,None,66,1,5,False,1,1
54180,185,degCent,10,0.7445262738853503,0,6,None,66,1,5,False,1,1
54181,186,degCent,10,0.7482085987261147,0,6,None,66,1,5,False,1,1
54182,187,degCent,10,0.7485071656050956,0,6,None,66,1,5,False,1,1
54183,188,degCent,10,0.74890525477707,0,6,None,66,1,5,False,1,1
54184,189,degCent,10,0.7488057324840764,0,6,None,66,1,5,False,1,1
54185,185,degCent,10,0.7715963375796179,0,22,None,66,1,5,False,1,1
54186,186,degCent,10,0.7687101910828026,0,22,None,66,1,5,False,1,1
54187,187,degCent,10,0.7676154458598726,0,22,None,66,1,5,False,1,1
54188,188,degCent,10,0.7680135350318471,0,22,None,66,1,5,False,1,1
54189,189,degCent,10,0.7676154458598726,0,22,None,66,1,5,False,1,1
54190,185,degCent,10,0.6987460191082803,0,32,None,66,1,5,False,1,1
54191,186,degCent,10,0.6904856687898089,0,32,None,66,1,5,False,1,1
54192,187,degCent,10,0.6904856687898089,0,32,None,66,1,5,False,1,1
54193,188,degCent,10,0.6906847133757962,0,32,None,66,1,5,False,1,1
54194,189,degCent,10,0.6909832802547771,0,32,None,66,1,5,False,1,1
54195,185,degCent,10,0.7676154458598726,0,13,None,66,1,5,False,1,1
54196,186,degCent,10,0.7685111464968153,0,13,None,66,1,5,False,1,1
54197,187,degCent,10,0.7689092356687898,0,13,None,66,1,5,False,1,1
54198,188,degCent,10,0.7692078025477707,0,13,None,66,1,5,False,1,1
54199,189,degCent,10,0.7696058917197452,0,13,None,66,1,5,False,1,1
54200,185,degCent,10,0.7480095541401274,0,12,None,66,1,5,False,1,1
54201,186,degCent,10,0.7450238853503185,0,12,None,66,1,5,False,1,1
54202,187,degCent,10,0.7445262738853503,0,12,None,66,1,5,False,1,1
54203,188,degCent,10,0.7441281847133758,0,12,None,66,1,5,False,1,1
54204,189,degCent,10,0.7448248407643312,0,12,None,66,1,5,False,1,1
54205,185,degCent,10,0.7780652866242038,0,16,None,66,1,5,False,1,1
54206,186,degCent,10,0.7840366242038217,0,16,None,66,1,5,False,1,1
54207,187,degCent,10,0.7862261146496815,0,16,None,66,1,5,False,1,1
54208,188,degCent,10,0.7880175159235668,0,16,None,66,1,5,False,1,1
54209,189,degCent,10,0.7886146496815286,0,16,None,66,1,5,False,1,1
54210,185,degCent,10,0.6946656050955414,0,8,None,66,1,5,False,1,1
54211,186,degCent,10,0.6903861464968153,0,8,None,66,1,5,False,1,1
54212,187,degCent,10,0.6895899681528662,0,8,None,66,1,5,False,1,1
54213,188,degCent,10,0.6888933121019108,0,8,None,66,1,5,False,1,1
54214,189,degCent,10,0.6888933121019108,0,8,None,66,1,5,False,1,1
54215,185,degCent,10,0.7797571656050956,0,18,None,66,1,5,False,1,1
54216,186,degCent,10,0.7786624203821656,0,18,None,66,1,5,False,1,1
54217,187,degCent,10,0.7808519108280255,0,18,None,66,1,5,False,1,1
54218,188,degCent,10,0.7821457006369427,0,18,None,66,1,5,False,1,1
54219,189,degCent,10,0.7821457006369427,0,18,None,66,1,5,False,1,1
54220,185,degCent,10,0.7789609872611465,0,21,None,66,1,5,False,1,1
54221,186,degCent,10,0.7773686305732485,0,21,None,66,1,5,False,1,1
54222,187,degCent,10,0.7765724522292994,0,21,None,66,1,5,False,1,1
54223,188,degCent,10,0.7764729299363057,0,21,None,66,1,5,False,1,1
54224,189,degCent,10,0.7767714968152867,0,21,None,66,1,5,False,1,1
54225,185,degCent,10,0.6603304140127388,0,19,None,66,1,5,False,1,1
54226,186,degCent,10,0.6587380573248408,0,19,None,66,1,5,False,1,1
54227,187,degCent,10,0.6599323248407644,0,19,None,66,1,5,False,1,1
54228,188,degCent,10,0.6617237261146497,0,19,None,66,1,5,False,1,1
54229,189,degCent,10,0.6661027070063694,0,19,None,66,1,5,False,1,1
54230,185,degCent,10,0.7323845541401274,0,23,None,66,1,5,False,1,1
54231,186,degCent,10,0.7286027070063694,0,23,None,66,1,5,False,1,1
54232,187,degCent,10,0.7283041401273885,0,23,None,66,1,5,False,1,1
54233,188,degCent,10,0.7284036624203821,0,23,None,66,1,5,False,1,1
54234,189,degCent,10,0.7292993630573248,0,23,None,66,1,5,False,1,1
54235,185,degCent,10,0.7241242038216561,0,4,None,66,1,5,False,1,1
54236,186,degCent,10,0.7152667197452229,0,4,None,66,1,5,False,1,1
54237,187,degCent,10,0.705812101910828,0,4,None,66,1,5,False,1,1
54238,188,degCent,10,0.6994426751592356,0,4,None,66,1,5,False,1,1
54239,189,degCent,10,0.6957603503184714,0,4,None,66,1,5,False,1,1
54240,185,degCent,10,0.727109872611465,0,28,None,66,1,5,False,1,1
54241,186,degCent,10,0.7177547770700637,0,28,None,66,1,5,False,1,1
54242,187,degCent,10,0.7147691082802548,0,28,None,66,1,5,False,1,1
54243,188,degCent,10,0.7137738853503185,0,28,None,66,1,5,False,1,1
54244,189,degCent,10,0.714171974522293,0,28,None,66,1,5,False,1,1
54245,185,degCent,10,0.7412420382165605,0,3,None,66,1,5,False,1,1
54246,186,degCent,10,0.7399482484076433,0,3,None,66,1,5,False,1,1
54247,187,degCent,10,0.7399482484076433,0,3,None,66,1,5,False,1,1
54248,188,degCent,10,0.7402468152866242,0,3,None,66,1,5,False,1,1
54249,189,degCent,10,0.740047770700637,0,3,None,66,1,5,False,1,1
54250,185,degCent,10,0.7515923566878981,0,9,None,66,1,5,False,1,1
54251,186,degCent,10,0.7504976114649682,0,9,None,66,1,5,False,1,1
54252,187,degCent,10,0.7501990445859873,0,9,None,66,1,5,False,1,1
54253,188,degCent,10,0.7514928343949044,0,9,None,66,1,5,False,1,1
54254,189,degCent,10,0.7529856687898089,0,9,None,66,1,5,False,1,1
54255,185,degCent,10,0.7310907643312102,0,29,None,66,1,5,False,1,1
54256,186,degCent,10,0.7257165605095541,0,29,None,66,1,5,False,1,1
54257,187,degCent,10,0.7238256369426752,0,29,None,66,1,5,False,1,1
54258,188,degCent,10,0.7204418789808917,0,29,None,66,1,5,False,1,1
54259,189,degCent,10,0.7200437898089171,0,29,None,66,1,5,False,1,1
54260,185,degCent,10,0.7386544585987261,0,24,None,66,1,5,False,1,1
54261,186,degCent,10,0.7422372611464968,0,24,None,66,1,5,False,1,1
54262,187,degCent,10,0.744327229299363,0,24,None,66,1,5,False,1,1
54263,188,degCent,10,0.7458200636942676,0,24,None,66,1,5,False,1,1
54264,189,degCent,10,0.7464171974522293,0,24,None,66,1,5,False,1,1
54265,185,degCent,10,0.7357683121019108,0,0,None,66,1,5,False,1,1
54266,186,degCent,10,0.7368630573248408,0,0,None,66,1,5,False,1,1
54267,187,degCent,10,0.7377587579617835,0,0,None,66,1,5,False,1,1
54268,188,degCent,10,0.7393511146496815,0,0,None,66,1,5,False,1,1
54269,189,degCent,10,0.7399482484076433,0,0,None,66,1,5,False,1,1
54270,185,degCent,10,0.7265127388535032,0,27,None,66,1,5,False,1,1
54271,186,degCent,10,0.7217356687898089,0,27,None,66,1,5,False,1,1
54272,187,degCent,10,0.7219347133757962,0,27,None,66,1,5,False,1,1
54273,188,degCent,10,0.7223328025477707,0,27,None,66,1,5,False,1,1
54274,189,degCent,10,0.7230294585987261,0,27,None,66,1,5,False,1,1
54275,185,degCent,10,0.7660230891719745,0,30,None,66,1,5,False,1,1
54276,186,degCent,10,0.7865246815286624,0,30,None,66,1,5,False,1,1
54277,187,degCent,10,0.7935907643312102,0,30,None,66,1,5,False,1,1
54278,188,degCent,10,0.7936902866242038,0,30,None,66,1,5,False,1,1
54279,189,degCent,10,0.7955812101910829,0,30,None,66,1,5,False,1,1
54280,185,degCent,10,0.776671974522293,0,31,None,66,1,5,False,1,1
54281,186,degCent,10,0.7752786624203821,0,31,None,66,1,5,False,1,1
54282,187,degCent,10,0.7750796178343949,0,31,None,66,1,5,False,1,1
54283,188,degCent,10,0.7742834394904459,0,31,None,66,1,5,False,1,1
54284,189,degCent,10,0.7752786624203821,0,31,None,66,1,5,False,1,1
54285,190,degCent,10,0.7404458598726115,0,24,None,66,1,5,False,1,1
54286,191,degCent,10,0.743531050955414,0,24,None,66,1,5,False,1,1
54287,192,degCent,10,0.7455214968152867,0,24,None,66,1,5,False,1,1
54288,193,degCent,10,0.7474124203821656,0,24,None,66,1,5,False,1,1
54289,194,degCent,10,0.7480095541401274,0,24,None,66,1,5,False,1,1
54290,190,degCent,10,0.7439291401273885,0,1,None,66,1,5,False,1,1
54291,191,degCent,10,0.753781847133758,0,1,None,66,1,5,False,1,1
54292,192,degCent,10,0.7554737261146497,0,1,None,66,1,5,False,1,1
54293,193,degCent,10,0.7568670382165605,0,1,None,66,1,5,False,1,1
54294,194,degCent,10,0.7575636942675159,0,1,None,66,1,5,False,1,1
54295,190,degCent,10,0.7804538216560509,0,21,None,66,1,5,False,1,1
54296,191,degCent,10,0.7781648089171974,0,21,None,66,1,5,False,1,1
54297,192,degCent,10,0.7771695859872612,0,21,None,66,1,5,False,1,1
54298,193,degCent,10,0.7773686305732485,0,21,None,66,1,5,False,1,1
54299,194,degCent,10,0.7769705414012739,0,21,None,66,1,5,False,1,1
54300,190,degCent,10,0.6805334394904459,0,2,None,66,1,5,False,1,1
54301,191,degCent,10,0.654359076433121,0,2,None,66,1,5,False,1,1
54302,192,degCent,10,0.6441082802547771,0,2,None,66,1,5,False,1,1
54303,193,degCent,10,0.634952229299363,0,2,None,66,1,5,False,1,1
54304,194,degCent,10,0.630672770700637,0,2,None,66,1,5,False,1,1
54305,190,degCent,10,0.7733877388535032,0,11,None,66,1,5,False,1,1
54306,191,degCent,10,0.7718949044585988,0,11,None,66,1,5,False,1,1
54307,192,degCent,10,0.7731886942675159,0,11,None,66,1,5,False,1,1
54308,193,degCent,10,0.7734872611464968,0,11,None,66,1,5,False,1,1
54309,194,degCent,10,0.7743829617834395,0,11,None,66,1,5,False,1,1
54310,190,degCent,10,0.7486066878980892,0,15,None,66,1,5,False,1,1
54311,191,degCent,10,0.7501990445859873,0,15,None,66,1,5,False,1,1
54312,192,degCent,10,0.7501990445859873,0,15,None,66,1,5,False,1,1
54313,193,degCent,10,0.7507961783439491,0,15,None,66,1,5,False,1,1
54314,194,degCent,10,0.7509952229299363,0,15,None,66,1,5,False,1,1
54315,190,degCent,10,0.7444267515923567,0,17,None,66,1,5,False,1,1
54316,191,degCent,10,0.7446257961783439,0,17,None,66,1,5,False,1,1
54317,192,degCent,10,0.7464171974522293,0,17,None,66,1,5,False,1,1
54318,193,degCent,10,0.7467157643312102,0,17,None,66,1,5,False,1,1
54319,194,degCent,10,0.747312898089172,0,17,None,66,1,5,False,1,1
54320,190,degCent,10,0.7813495222929936,0,20,None,66,1,5,False,1,1
54321,191,degCent,10,0.7818471337579618,0,20,None,66,1,5,False,1,1
54322,192,degCent,10,0.783937101910828,0,20,None,66,1,5,False,1,1
54323,193,degCent,10,0.7832404458598726,0,20,None,66,1,5,False,1,1
54324,194,degCent,10,0.7832404458598726,0,20,None,66,1,5,False,1,1
54325,190,degCent,10,0.7780652866242038,0,10,None,66,1,5,False,1,1
54326,191,degCent,10,0.7779657643312102,0,10,None,66,1,5,False,1,1
54327,192,degCent,10,0.7781648089171974,0,10,None,66,1,5,False,1,1
54328,193,degCent,10,0.7788614649681529,0,10,None,66,1,5,False,1,1
54329,194,degCent,10,0.7799562101910829,0,10,None,66,1,5,False,1,1
54330,190,degCent,10,0.7690087579617835,0,22,None,66,1,5,False,1,1
54331,191,degCent,10,0.7682125796178344,0,22,None,66,1,5,False,1,1
54332,192,degCent,10,0.7677149681528662,0,22,None,66,1,5,False,1,1
54333,193,degCent,10,0.7679140127388535,0,22,None,66,1,5,False,1,1
54334,194,degCent,10,0.7680135350318471,0,22,None,66,1,5,False,1,1
54335,190,degCent,10,0.7018312101910829,0,32,None,66,1,5,False,1,1
54336,191,degCent,10,0.6938694267515924,0,32,None,66,1,5,False,1,1
54337,192,degCent,10,0.6929737261146497,0,32,None,66,1,5,False,1,1
54338,193,degCent,10,0.6927746815286624,0,32,None,66,1,5,False,1,1
54339,194,degCent,10,0.6926751592356688,0,32,None,66,1,5,False,1,1
54340,190,degCent,10,0.7836385350318471,0,16,None,66,1,5,False,1,1
54341,191,degCent,10,0.7873208598726115,0,16,None,66,1,5,False,1,1
54342,192,degCent,10,0.7894108280254777,0,16,None,66,1,5,False,1,1
54343,193,degCent,10,0.7915007961783439,0,16,None,66,1,5,False,1,1
54344,194,degCent,10,0.7916998407643312,0,16,None,66,1,5,False,1,1
54345,190,degCent,10,0.7693073248407644,0,13,None,66,1,5,False,1,1
54346,191,degCent,10,0.7703025477707006,0,13,None,66,1,5,False,1,1
54347,192,degCent,10,0.7709992038216561,0,13,None,66,1,5,False,1,1
54348,193,degCent,10,0.7708996815286624,0,13,None,66,1,5,False,1,1
54349,194,degCent,10,0.771297770700637,0,13,None,66,1,5,False,1,1
54350,190,degCent,10,0.7328821656050956,0,29,None,66,1,5,False,1,1
54351,191,degCent,10,0.7280055732484076,0,29,None,66,1,5,False,1,1
54352,192,degCent,10,0.7265127388535032,0,29,None,66,1,5,False,1,1
54353,193,degCent,10,0.7246218152866242,0,29,None,66,1,5,False,1,1
54354,194,degCent,10,0.7222332802547771,0,29,None,66,1,5,False,1,1
54355,190,degCent,10,0.7269108280254777,0,27,None,66,1,5,False,1,1
54356,191,degCent,10,0.7228304140127388,0,27,None,66,1,5,False,1,1
54357,192,degCent,10,0.7223328025477707,0,27,None,66,1,5,False,1,1
54358,193,degCent,10,0.721437101910828,0,27,None,66,1,5,False,1,1
54359,194,degCent,10,0.7223328025477707,0,27,None,66,1,5,False,1,1
54360,190,degCent,10,0.78015525477707,0,5,None,66,1,5,False,1,1
54361,191,degCent,10,0.7757762738853503,0,5,None,66,1,5,False,1,1
54362,192,degCent,10,0.7752786624203821,0,5,None,66,1,5,False,1,1
54363,193,degCent,10,0.7748805732484076,0,5,None,66,1,5,False,1,1
54364,194,degCent,10,0.7743829617834395,0,5,None,66,1,5,False,1,1
54365,190,degCent,10,0.6498805732484076,0,14,None,66,1,5,False,1,1
54366,191,degCent,10,0.6549562101910829,0,14,None,66,1,5,False,1,1
54367,192,degCent,10,0.6641122611464968,0,14,None,66,1,5,False,1,1
54368,193,degCent,10,0.6678941082802548,0,14,None,66,1,5,False,1,1
54369,194,degCent,10,0.6716759554140127,0,14,None,66,1,5,False,1,1
54370,190,degCent,10,0.7682125796178344,0,7,None,66,1,5,False,1,1
54371,191,degCent,10,0.7664211783439491,0,7,None,66,1,5,False,1,1
54372,192,degCent,10,0.7666202229299363,0,7,None,66,1,5,False,1,1
54373,193,degCent,10,0.7672173566878981,0,7,None,66,1,5,False,1,1
54374,194,degCent,10,0.7678144904458599,0,7,None,66,1,5,False,1,1
54375,190,degCent,10,0.7658240445859873,0,30,None,66,1,5,False,1,1
54376,191,degCent,10,0.7886146496815286,0,30,None,66,1,5,False,1,1
54377,192,degCent,10,0.7909036624203821,0,30,None,66,1,5,False,1,1
54378,193,degCent,10,0.7938893312101911,0,30,None,66,1,5,False,1,1
54379,194,degCent,10,0.7947850318471338,0,30,None,66,1,5,False,1,1
54380,190,degCent,10,0.7827428343949044,0,18,None,66,1,5,False,1,1
54381,191,degCent,10,0.7820461783439491,0,18,None,66,1,5,False,1,1
54382,192,degCent,10,0.7829418789808917,0,18,None,66,1,5,False,1,1
54383,193,degCent,10,0.783140923566879,0,18,None,66,1,5,False,1,1
54384,194,degCent,10,0.7843351910828026,0,18,None,66,1,5,False,1,1
54385,190,degCent,10,0.6972531847133758,0,8,None,66,1,5,False,1,1
54386,191,degCent,10,0.6925756369426752,0,8,None,66,1,5,False,1,1
54387,192,degCent,10,0.6916799363057324,0,8,None,66,1,5,False,1,1
54388,193,degCent,10,0.6910828025477707,0,8,None,66,1,5,False,1,1
54389,194,degCent,10,0.6907842356687898,0,8,None,66,1,5,False,1,1
54390,190,degCent,10,0.6583399681528662,0,19,None,66,1,5,False,1,1
54391,191,degCent,10,0.6597332802547771,0,19,None,66,1,5,False,1,1
54392,192,degCent,10,0.6618232484076433,0,19,None,66,1,5,False,1,1
54393,193,degCent,10,0.6648089171974523,0,19,None,66,1,5,False,1,1
54394,194,degCent,10,0.6687898089171974,0,19,None,66,1,5,False,1,1
54395,190,degCent,10,0.7758757961783439,0,31,None,66,1,5,False,1,1
54396,191,degCent,10,0.7744824840764332,0,31,None,66,1,5,False,1,1
54397,192,degCent,10,0.775577229299363,0,31,None,66,1,5,False,1,1
54398,193,degCent,10,0.7763734076433121,0,31,None,66,1,5,False,1,1
54399,194,degCent,10,0.7765724522292994,0,31,None,66,1,5,False,1,1
54400,190,degCent,10,0.754578025477707,0,9,None,66,1,5,False,1,1
54401,191,degCent,10,0.7530851910828026,0,9,None,66,1,5,False,1,1
54402,192,degCent,10,0.7536823248407644,0,9,None,66,1,5,False,1,1
54403,193,degCent,10,0.7546775477707006,0,9,None,66,1,5,False,1,1
54404,194,degCent,10,0.755672770700637,0,9,None,66,1,5,False,1,1
54405,190,degCent,10,0.7493033439490446,0,12,None,66,1,5,False,1,1
54406,191,degCent,10,0.7457205414012739,0,12,None,66,1,5,False,1,1
54407,192,degCent,10,0.7452229299363057,0,12,None,66,1,5,False,1,1
54408,193,degCent,10,0.7449243630573248,0,12,None,66,1,5,False,1,1
54409,194,degCent,10,0.7459195859872612,0,12,None,66,1,5,False,1,1
54410,190,degCent,10,0.7151671974522293,0,25,None,66,1,5,False,1,1
54411,191,degCent,10,0.7013335987261147,0,25,None,66,1,5,False,1,1
54412,192,degCent,10,0.6968550955414012,0,25,None,66,1,5,False,1,1
54413,193,degCent,10,0.6944665605095541,0,25,None,66,1,5,False,1,1
54414,194,degCent,10,0.6941679936305732,0,25,None,66,1,5,False,1,1
54415,190,degCent,10,0.7486066878980892,0,6,None,66,1,5,False,1,1
54416,191,degCent,10,0.7505971337579618,0,6,None,66,1,5,False,1,1
54417,192,degCent,10,0.7513933121019108,0,6,None,66,1,5,False,1,1
54418,193,degCent,10,0.7507961783439491,0,6,None,66,1,5,False,1,1
54419,194,degCent,10,0.7511942675159236,0,6,None,66,1,5,False,1,1
54420,190,degCent,10,0.7178542993630573,0,26,None,66,1,5,False,1,1
54421,191,degCent,10,0.7070063694267515,0,26,None,66,1,5,False,1,1
54422,192,degCent,10,0.7021297770700637,0,26,None,66,1,5,False,1,1
54423,193,degCent,10,0.6995421974522293,0,26,None,66,1,5,False,1,1
54424,194,degCent,10,0.698546974522293,0,26,None,66,1,5,False,1,1
54425,190,degCent,10,0.7341759554140127,0,23,None,66,1,5,False,1,1
54426,191,degCent,10,0.7308917197452229,0,23,None,66,1,5,False,1,1
54427,192,degCent,10,0.7300955414012739,0,23,None,66,1,5,False,1,1
54428,193,degCent,10,0.730593152866242,0,23,None,66,1,5,False,1,1
54429,194,degCent,10,0.7315883757961783,0,23,None,66,1,5,False,1,1
54430,190,degCent,10,0.7248208598726115,0,4,None,66,1,5,False,1,1
54431,191,degCent,10,0.7194466560509554,0,4,None,66,1,5,False,1,1
54432,192,degCent,10,0.7089968152866242,0,4,None,66,1,5,False,1,1
54433,193,degCent,10,0.70421974522293,0,4,None,66,1,5,False,1,1
54434,194,degCent,10,0.6991441082802548,0,4,None,66,1,5,False,1,1
54435,190,degCent,10,0.7383558917197452,0,0,None,66,1,5,False,1,1
54436,191,degCent,10,0.7394506369426752,0,0,None,66,1,5,False,1,1
54437,192,degCent,10,0.7398487261146497,0,0,None,66,1,5,False,1,1
54438,193,degCent,10,0.7407444267515924,0,0,None,66,1,5,False,1,1
54439,194,degCent,10,0.7418391719745223,0,0,None,66,1,5,False,1,1
54440,190,degCent,10,0.7301950636942676,0,28,None,66,1,5,False,1,1
54441,191,degCent,10,0.7199442675159236,0,28,None,66,1,5,False,1,1
54442,192,degCent,10,0.7171576433121019,0,28,None,66,1,5,False,1,1
54443,193,degCent,10,0.7166600318471338,0,28,None,66,1,5,False,1,1
54444,194,degCent,10,0.7165605095541401,0,28,None,66,1,5,False,1,1
54445,190,degCent,10,0.7446257961783439,0,3,None,66,1,5,False,1,1
54446,191,degCent,10,0.7429339171974523,0,3,None,66,1,5,False,1,1
54447,192,degCent,10,0.7431329617834395,0,3,None,66,1,5,False,1,1
54448,193,degCent,10,0.742734872611465,0,3,None,66,1,5,False,1,1
54449,194,degCent,10,0.7428343949044586,0,3,None,66,1,5,False,1,1
54450,195,degCent,10,0.776671974522293,0,22,None,66,1,5,False,1,1
54451,196,degCent,10,0.7749800955414012,0,22,None,66,1,5,False,1,1
54452,197,degCent,10,0.7740843949044586,0,22,None,66,1,5,False,1,1
54453,198,degCent,10,0.7733877388535032,0,22,None,66,1,5,False,1,1
54454,199,degCent,10,0.7722929936305732,0,22,None,66,1,5,False,1,1
54455,195,degCent,10,0.65515525477707,0,14,None,66,1,5,False,1,1
54456,196,degCent,10,0.6603304140127388,0,14,None,66,1,5,False,1,1
54457,197,degCent,10,0.6663017515923567,0,14,None,66,1,5,False,1,1
54458,198,degCent,10,0.6710788216560509,0,14,None,66,1,5,False,1,1
54459,199,degCent,10,0.6754578025477707,0,14,None,66,1,5,False,1,1
54460,195,degCent,10,0.7881170382165605,0,16,None,66,1,5,False,1,1
54461,196,degCent,10,0.7909036624203821,0,16,None,66,1,5,False,1,1
54462,197,degCent,10,0.7931926751592356,0,16,None,66,1,5,False,1,1
54463,198,degCent,10,0.7927945859872612,0,16,None,66,1,5,False,1,1
54464,199,degCent,10,0.7934912420382165,0,16,None,66,1,5,False,1,1
54465,195,degCent,10,0.7699044585987261,0,7,None,66,1,5,False,1,1
54466,196,degCent,10,0.7679140127388535,0,7,None,66,1,5,False,1,1
54467,197,degCent,10,0.7676154458598726,0,7,None,66,1,5,False,1,1
54468,198,degCent,10,0.7677149681528662,0,7,None,66,1,5,False,1,1
54469,199,degCent,10,0.7684116242038217,0,7,None,66,1,5,False,1,1
54470,195,degCent,10,0.7064092356687898,0,32,None,66,1,5,False,1,1
54471,196,degCent,10,0.6975517515923567,0,32,None,66,1,5,False,1,1
54472,197,degCent,10,0.6960589171974523,0,32,None,66,1,5,False,1,1
54473,198,degCent,10,0.6948646496815286,0,32,None,66,1,5,False,1,1
54474,199,degCent,10,0.6951632165605095,0,32,None,66,1,5,False,1,1
54475,195,degCent,10,0.7500995222929936,0,1,None,66,1,5,False,1,1
54476,196,degCent,10,0.7574641719745223,0,1,None,66,1,5,False,1,1
54477,197,degCent,10,0.7588574840764332,0,1,None,66,1,5,False,1,1
54478,198,degCent,10,0.7595541401273885,0,1,None,66,1,5,False,1,1
54479,199,degCent,10,0.7607484076433121,0,1,None,66,1,5,False,1,1
54480,195,degCent,10,0.6815286624203821,0,2,None,66,1,5,False,1,1
54481,196,degCent,10,0.6574442675159236,0,2,None,66,1,5,False,1,1
54482,197,degCent,10,0.6469944267515924,0,2,None,66,1,5,False,1,1
54483,198,degCent,10,0.638734076433121,0,2,None,66,1,5,False,1,1
54484,199,degCent,10,0.6339570063694268,0,2,None,66,1,5,False,1,1
54485,195,degCent,10,0.7826433121019108,0,5,None,66,1,5,False,1,1
54486,196,degCent,10,0.7778662420382165,0,5,None,66,1,5,False,1,1
54487,197,degCent,10,0.7770700636942676,0,5,None,66,1,5,False,1,1
54488,198,degCent,10,0.7767714968152867,0,5,None,66,1,5,False,1,1
54489,199,degCent,10,0.7753781847133758,0,5,None,66,1,5,False,1,1
54490,195,degCent,10,0.7525875796178344,0,9,None,66,1,5,False,1,1
54491,196,degCent,10,0.7522890127388535,0,9,None,66,1,5,False,1,1
54492,197,degCent,10,0.7542794585987261,0,9,None,66,1,5,False,1,1
54493,198,degCent,10,0.7554737261146497,0,9,None,66,1,5,False,1,1
54494,199,degCent,10,0.7573646496815286,0,9,None,66,1,5,False,1,1
54495,195,degCent,10,0.7378582802547771,0,23,None,66,1,5,False,1,1
54496,196,degCent,10,0.7323845541401274,0,23,None,66,1,5,False,1,1
54497,197,degCent,10,0.7313893312101911,0,23,None,66,1,5,False,1,1
54498,198,degCent,10,0.7321855095541401,0,23,None,66,1,5,False,1,1
54499,199,degCent,10,0.7325835987261147,0,23,None,66,1,5,False,1,1
54500,195,degCent,10,0.7308917197452229,0,28,None,66,1,5,False,1,1
54501,196,degCent,10,0.7221337579617835,0,28,None,66,1,5,False,1,1
54502,197,degCent,10,0.7186504777070064,0,28,None,66,1,5,False,1,1
54503,198,degCent,10,0.7181528662420382,0,28,None,66,1,5,False,1,1
54504,199,degCent,10,0.7178542993630573,0,28,None,66,1,5,False,1,1
54505,195,degCent,10,0.7351711783439491,0,29,None,66,1,5,False,1,1
54506,196,degCent,10,0.7312898089171974,0,29,None,66,1,5,False,1,1
54507,197,degCent,10,0.7282046178343949,0,29,None,66,1,5,False,1,1
54508,198,degCent,10,0.7267117834394905,0,29,None,66,1,5,False,1,1
54509,199,degCent,10,0.7263136942675159,0,29,None,66,1,5,False,1,1
54510,195,degCent,10,0.7505971337579618,0,15,None,66,1,5,False,1,1
54511,196,degCent,10,0.751890923566879,0,15,None,66,1,5,False,1,1
54512,197,degCent,10,0.7529856687898089,0,15,None,66,1,5,False,1,1
54513,198,degCent,10,0.7536823248407644,0,15,None,66,1,5,False,1,1
54514,199,degCent,10,0.7543789808917197,0,15,None,66,1,5,False,1,1
54515,195,degCent,10,0.7790605095541401,0,10,None,66,1,5,False,1,1
54516,196,degCent,10,0.7787619426751592,0,10,None,66,1,5,False,1,1
54517,197,degCent,10,0.7788614649681529,0,10,None,66,1,5,False,1,1
54518,198,degCent,10,0.7783638535031847,0,10,None,66,1,5,False,1,1
54519,199,degCent,10,0.7797571656050956,0,10,None,66,1,5,False,1,1
54520,195,degCent,10,0.7152667197452229,0,25,None,66,1,5,False,1,1
54521,196,degCent,10,0.7003383757961783,0,25,None,66,1,5,False,1,1
54522,197,degCent,10,0.6977507961783439,0,25,None,66,1,5,False,1,1
54523,198,degCent,10,0.6967555732484076,0,25,None,66,1,5,False,1,1
54524,199,degCent,10,0.6967555732484076,0,25,None,66,1,5,False,1,1
54525,195,degCent,10,0.7175557324840764,0,26,None,66,1,5,False,1,1
54526,196,degCent,10,0.7072054140127388,0,26,None,66,1,5,False,1,1
54527,197,degCent,10,0.7032245222929936,0,26,None,66,1,5,False,1,1
54528,198,degCent,10,0.7017316878980892,0,26,None,66,1,5,False,1,1
54529,199,degCent,10,0.701234076433121,0,26,None,66,1,5,False,1,1
54530,195,degCent,10,0.7744824840764332,0,11,None,66,1,5,False,1,1
54531,196,degCent,10,0.7732882165605095,0,11,None,66,1,5,False,1,1
54532,197,degCent,10,0.7737858280254777,0,11,None,66,1,5,False,1,1
54533,198,degCent,10,0.7742834394904459,0,11,None,66,1,5,False,1,1
54534,199,degCent,10,0.7753781847133758,0,11,None,66,1,5,False,1,1
54535,195,degCent,10,0.743531050955414,0,17,None,66,1,5,False,1,1
54536,196,degCent,10,0.7453224522292994,0,17,None,66,1,5,False,1,1
54537,197,degCent,10,0.7459195859872612,0,17,None,66,1,5,False,1,1
54538,198,degCent,10,0.7474124203821656,0,17,None,66,1,5,False,1,1
54539,199,degCent,10,0.7475119426751592,0,17,None,66,1,5,False,1,1
54540,195,degCent,10,0.7854299363057324,0,18,None,66,1,5,False,1,1
54541,196,degCent,10,0.7841361464968153,0,18,None,66,1,5,False,1,1
54542,197,degCent,10,0.7849323248407644,0,18,None,66,1,5,False,1,1
54543,198,degCent,10,0.7854299363057324,0,18,None,66,1,5,False,1,1
54544,199,degCent,10,0.785828025477707,0,18,None,66,1,5,False,1,1
54545,195,degCent,10,0.6992436305732485,0,8,None,66,1,5,False,1,1
54546,196,degCent,10,0.6940684713375797,0,8,None,66,1,5,False,1,1
54547,197,degCent,10,0.6936703821656051,0,8,None,66,1,5,False,1,1
54548,198,degCent,10,0.6919785031847133,0,8,None,66,1,5,False,1,1
54549,199,degCent,10,0.6924761146496815,0,8,None,66,1,5,False,1,1
54550,195,degCent,10,0.7752786624203821,0,31,None,66,1,5,False,1,1
54551,196,degCent,10,0.7746815286624203,0,31,None,66,1,5,False,1,1
54552,197,degCent,10,0.7768710191082803,0,31,None,66,1,5,False,1,1
54553,198,degCent,10,0.7772691082802548,0,31,None,66,1,5,False,1,1
54554,199,degCent,10,0.7771695859872612,0,31,None,66,1,5,False,1,1
54555,195,degCent,10,0.7257165605095541,0,4,None,66,1,5,False,1,1
54556,196,degCent,10,0.7219347133757962,0,4,None,66,1,5,False,1,1
54557,197,degCent,10,0.7128781847133758,0,4,None,66,1,5,False,1,1
54558,198,degCent,10,0.7068073248407644,0,4,None,66,1,5,False,1,1
54559,199,degCent,10,0.7024283439490446,0,4,None,66,1,5,False,1,1
54560,195,degCent,10,0.7471138535031847,0,3,None,66,1,5,False,1,1
54561,196,degCent,10,0.7457205414012739,0,3,None,66,1,5,False,1,1
54562,197,degCent,10,0.7450238853503185,0,3,None,66,1,5,False,1,1
54563,198,degCent,10,0.7444267515923567,0,3,None,66,1,5,False,1,1
54564,199,degCent,10,0.7447253184713376,0,3,None,66,1,5,False,1,1
54565,195,degCent,10,0.7836385350318471,0,20,None,66,1,5,False,1,1
54566,196,degCent,10,0.7833399681528662,0,20,None,66,1,5,False,1,1
54567,197,degCent,10,0.783937101910828,0,20,None,66,1,5,False,1,1
54568,198,degCent,10,0.7843351910828026,0,20,None,66,1,5,False,1,1
54569,199,degCent,10,0.7849323248407644,0,20,None,66,1,5,False,1,1
54570,195,degCent,10,0.7706011146496815,0,13,None,66,1,5,False,1,1
54571,196,degCent,10,0.7723925159235668,0,13,None,66,1,5,False,1,1
54572,197,degCent,10,0.7721934713375797,0,13,None,66,1,5,False,1,1
54573,198,degCent,10,0.7734872611464968,0,13,None,66,1,5,False,1,1
54574,199,degCent,10,0.7733877388535032,0,13,None,66,1,5,False,1,1
54575,195,degCent,10,0.7512937898089171,0,12,None,66,1,5,False,1,1
54576,196,degCent,10,0.7471138535031847,0,12,None,66,1,5,False,1,1
54577,197,degCent,10,0.7467157643312102,0,12,None,66,1,5,False,1,1
54578,198,degCent,10,0.7468152866242038,0,12,None,66,1,5,False,1,1
54579,199,degCent,10,0.7467157643312102,0,12,None,66,1,5,False,1,1
54580,195,degCent,10,0.7275079617834395,0,27,None,66,1,5,False,1,1
54581,196,degCent,10,0.7227308917197452,0,27,None,66,1,5,False,1,1
54582,197,degCent,10,0.7222332802547771,0,27,None,66,1,5,False,1,1
54583,198,degCent,10,0.7223328025477707,0,27,None,66,1,5,False,1,1
54584,199,degCent,10,0.7228304140127388,0,27,None,66,1,5,False,1,1
54585,195,degCent,10,0.75,0,6,None,66,1,5,False,1,1
54586,196,degCent,10,0.751890923566879,0,6,None,66,1,5,False,1,1
54587,197,degCent,10,0.7529856687898089,0,6,None,66,1,5,False,1,1
54588,198,degCent,10,0.7525875796178344,0,6,None,66,1,5,False,1,1
54589,199,degCent,10,0.7530851910828026,0,6,None,66,1,5,False,1,1
54590,195,degCent,10,0.774781050955414,0,30,None,66,1,5,False,1,1
54591,196,degCent,10,0.793093152866242,0,30,None,66,1,5,False,1,1
54592,197,degCent,10,0.7946855095541401,0,30,None,66,1,5,False,1,1
54593,198,degCent,10,0.7965764331210191,0,30,None,66,1,5,False,1,1
54594,199,degCent,10,0.7982683121019108,0,30,None,66,1,5,False,1,1
54595,195,degCent,10,0.6630175159235668,0,19,None,66,1,5,False,1,1
54596,196,degCent,10,0.6625199044585988,0,19,None,66,1,5,False,1,1
54597,197,degCent,10,0.6644108280254777,0,19,None,66,1,5,False,1,1
54598,198,degCent,10,0.6688893312101911,0,19,None,66,1,5,False,1,1
54599,199,degCent,10,0.671875,0,19,None,66,1,5,False,1,1
54600,195,degCent,10,0.7815485668789809,0,21,None,66,1,5,False,1,1
54601,196,degCent,10,0.7800557324840764,0,21,None,66,1,5,False,1,1
54602,197,degCent,10,0.7788614649681529,0,21,None,66,1,5,False,1,1
54603,198,degCent,10,0.7788614649681529,0,21,None,66,1,5,False,1,1
54604,199,degCent,10,0.7784633757961783,0,21,None,66,1,5,False,1,1
54605,195,degCent,10,0.7384554140127388,0,0,None,66,1,5,False,1,1
54606,196,degCent,10,0.7399482484076433,0,0,None,66,1,5,False,1,1
54607,197,degCent,10,0.7409434713375797,0,0,None,66,1,5,False,1,1
54608,198,degCent,10,0.7419386942675159,0,0,None,66,1,5,False,1,1
54609,199,degCent,10,0.7426353503184714,0,0,None,66,1,5,False,1,1
54610,195,degCent,10,0.7403463375796179,0,24,None,66,1,5,False,1,1
54611,196,degCent,10,0.7453224522292994,0,24,None,66,1,5,False,1,1
54612,197,degCent,10,0.7476114649681529,0,24,None,66,1,5,False,1,1
54613,198,degCent,10,0.7483081210191083,0,24,None,66,1,5,False,1,1
54614,199,degCent,10,0.7493033439490446,0,24,None,66,1,5,False,1,1
0,0,betCent,10,0.0995222929936305,0,15,None,66,1,5,False,1,1
1,1,betCent,10,0.0995222929936305,0,15,None,66,1,5,False,1,1
2,2,betCent,10,0.0995222929936305,0,15,None,66,1,5,False,1,1
3,3,betCent,10,0.0995222929936305,0,15,None,66,1,5,False,1,1
4,4,betCent,10,0.0995222929936305,0,15,None,66,1,5,False,1,1
5,0,betCent,10,0.2040207006369426,0,10,None,66,1,5,False,1,1
6,1,betCent,10,0.3144904458598726,0,10,None,66,1,5,False,1,1
7,2,betCent,10,0.2819466560509554,0,10,None,66,1,5,False,1,1
8,3,betCent,10,0.2666202229299363,0,10,None,66,1,5,False,1,1
9,4,betCent,10,0.3026472929936306,0,10,None,66,1,5,False,1,1
10,0,betCent,10,0.0997213375796178,0,11,None,66,1,5,False,1,1
11,1,betCent,10,0.0995222929936305,0,11,None,66,1,5,False,1,1
12,2,betCent,10,0.0995222929936305,0,11,None,66,1,5,False,1,1
13,3,betCent,10,0.0995222929936305,0,11,None,66,1,5,False,1,1
14,4,betCent,10,0.0995222929936305,0,11,None,66,1,5,False,1,1
15,0,betCent,10,0.0995222929936305,0,22,None,66,1,5,False,1,1
16,1,betCent,10,0.0995222929936305,0,22,None,66,1,5,False,1,1
17,2,betCent,10,0.0995222929936305,0,22,None,66,1,5,False,1,1
18,3,betCent,10,0.0995222929936305,0,22,None,66,1,5,False,1,1
19,4,betCent,10,0.0995222929936305,0,22,None,66,1,5,False,1,1
20,0,betCent,10,0.1857085987261146,0,14,None,66,1,5,False,1,1
21,1,betCent,10,0.1879976114649681,0,14,None,66,1,5,False,1,1
22,2,betCent,10,0.1830214968152866,0,14,None,66,1,5,False,1,1
23,3,betCent,10,0.1850119426751592,0,14,None,66,1,5,False,1,1
24,4,betCent,10,0.1939689490445859,0,14,None,66,1,5,False,1,1
25,0,betCent,10,0.2665207006369426,0,17,None,66,1,5,False,1,1
26,1,betCent,10,0.1393312101910828,0,17,None,66,1,5,False,1,1
27,2,betCent,10,0.1044984076433121,0,17,None,66,1,5,False,1,1
28,3,betCent,10,0.1072850318471337,0,17,None,66,1,5,False,1,1
29,4,betCent,10,0.1935708598726114,0,17,None,66,1,5,False,1,1
30,0,betCent,10,0.1922770700636942,0,25,None,66,1,5,False,1,1
31,1,betCent,10,0.2123805732484076,0,25,None,66,1,5,False,1,1
32,2,betCent,10,0.2601512738853503,0,25,None,66,1,5,False,1,1
33,3,betCent,10,0.2431329617834395,0,25,None,66,1,5,False,1,1
34,4,betCent,10,0.2607484076433121,0,25,None,66,1,5,False,1,1
35,0,betCent,10,0.1836186305732484,0,26,None,66,1,5,False,1,1
36,1,betCent,10,0.0996218152866242,0,26,None,66,1,5,False,1,1
37,2,betCent,10,0.1005175159235668,0,26,None,66,1,5,False,1,1
38,3,betCent,10,0.1825238853503184,0,26,None,66,1,5,False,1,1
39,4,betCent,10,0.1989450636942675,0,26,None,66,1,5,False,1,1
40,0,betCent,10,0.0998208598726114,0,12,None,66,1,5,False,1,1
41,1,betCent,10,0.0995222929936305,0,12,None,66,1,5,False,1,1
42,2,betCent,10,0.0995222929936305,0,12,None,66,1,5,False,1,1
43,3,betCent,10,0.0995222929936305,0,12,None,66,1,5,False,1,1
44,4,betCent,10,0.0995222929936305,0,12,None,66,1,5,False,1,1
45,0,betCent,10,0.1186305732484076,0,24,None,66,1,5,False,1,1
46,1,betCent,10,0.1934713375796178,0,24,None,66,1,5,False,1,1
47,2,betCent,10,0.1979498407643312,0,24,None,66,1,5,False,1,1
48,3,betCent,10,0.1978503184713375,0,24,None,66,1,5,False,1,1
49,4,betCent,10,0.1977507961783439,0,24,None,66,1,5,False,1,1
50,0,betCent,10,0.0995222929936305,0,30,None,66,1,5,False,1,1
51,1,betCent,10,0.0995222929936305,0,30,None,66,1,5,False,1,1
52,2,betCent,10,0.1046974522292993,0,30,None,66,1,5,False,1,1
53,3,betCent,10,0.1591361464968153,0,30,None,66,1,5,False,1,1
54,4,betCent,10,0.190187101910828,0,30,None,66,1,5,False,1,1
55,0,betCent,10,0.117436305732484,0,6,None,66,1,5,False,1,1
56,1,betCent,10,0.0995222929936305,0,6,None,66,1,5,False,1,1
57,2,betCent,10,0.0995222929936305,0,6,None,66,1,5,False,1,1
58,3,betCent,10,0.0995222929936305,0,6,None,66,1,5,False,1,1
59,4,betCent,10,0.0995222929936305,0,6,None,66,1,5,False,1,1
60,0,betCent,10,0.1675955414012739,0,31,None,66,1,5,False,1,1
61,1,betCent,10,0.1180334394904458,0,31,None,66,1,5,False,1,1
62,2,betCent,10,0.0997213375796178,0,31,None,66,1,5,False,1,1
63,3,betCent,10,0.0999203821656051,0,31,None,66,1,5,False,1,1
64,4,betCent,10,0.1184315286624203,0,31,None,66,1,5,False,1,1
65,0,betCent,10,0.0995222929936305,0,32,None,66,1,5,False,1,1
66,1,betCent,10,0.0995222929936305,0,32,None,66,1,5,False,1,1
67,2,betCent,10,0.0995222929936305,0,32,None,66,1,5,False,1,1
68,3,betCent,10,0.0995222929936305,0,32,None,66,1,5,False,1,1
69,4,betCent,10,0.1111664012738853,0,32,None,66,1,5,False,1,1
70,0,betCent,10,0.1451035031847133,0,7,None,66,1,5,False,1,1
71,1,betCent,10,0.0995222929936305,0,7,None,66,1,5,False,1,1
72,2,betCent,10,0.0995222929936305,0,7,None,66,1,5,False,1,1
73,3,betCent,10,0.0995222929936305,0,7,None,66,1,5,False,1,1
74,4,betCent,10,0.1788415605095541,0,7,None,66,1,5,False,1,1
75,0,betCent,10,0.0995222929936305,0,16,None,66,1,5,False,1,1
76,1,betCent,10,0.0995222929936305,0,16,None,66,1,5,False,1,1
77,2,betCent,10,0.0995222929936305,0,16,None,66,1,5,False,1,1
78,3,betCent,10,0.0995222929936305,0,16,None,66,1,5,False,1,1
79,4,betCent,10,0.0995222929936305,0,16,None,66,1,5,False,1,1
80,0,betCent,10,0.1204219745222929,0,1,None,66,1,5,False,1,1
81,1,betCent,10,0.2308917197452229,0,1,None,66,1,5,False,1,1
82,2,betCent,10,0.2574641719745223,0,1,None,66,1,5,False,1,1
83,3,betCent,10,0.3107085987261146,0,1,None,66,1,5,False,1,1
84,4,betCent,10,0.3131966560509554,0,1,None,66,1,5,False,1,1
85,0,betCent,10,0.1539609872611465,0,2,None,66,1,5,False,1,1
86,1,betCent,10,0.1714769108280254,0,2,None,66,1,5,False,1,1
87,2,betCent,10,0.1636146496815286,0,2,None,66,1,5,False,1,1
88,3,betCent,10,0.1678941082802547,0,2,None,66,1,5,False,1,1
89,4,betCent,10,0.2261146496815286,0,2,None,66,1,5,False,1,1
90,0,betCent,10,0.0995222929936305,0,5,None,66,1,5,False,1,1
91,1,betCent,10,0.0995222929936305,0,5,None,66,1,5,False,1,1
92,2,betCent,10,0.0995222929936305,0,5,None,66,1,5,False,1,1
93,3,betCent,10,0.1365445859872611,0,5,None,66,1,5,False,1,1
94,4,betCent,10,0.1898885350318471,0,5,None,66,1,5,False,1,1
95,0,betCent,10,0.0995222929936305,0,0,None,66,1,5,False,1,1
96,1,betCent,10,0.0995222929936305,0,0,None,66,1,5,False,1,1
97,2,betCent,10,0.0995222929936305,0,0,None,66,1,5,False,1,1
98,3,betCent,10,0.0995222929936305,0,0,None,66,1,5,False,1,1
99,4,betCent,10,0.0995222929936305,0,0,None,66,1,5,False,1,1
100,0,betCent,10,0.1206210191082802,0,9,None,66,1,5,False,1,1
101,1,betCent,10,0.1002189490445859,0,9,None,66,1,5,False,1,1
102,2,betCent,10,0.0995222929936305,0,9,None,66,1,5,False,1,1
103,3,betCent,10,0.0995222929936305,0,9,None,66,1,5,False,1,1
104,4,betCent,10,0.1034036624203821,0,9,None,66,1,5,False,1,1
105,0,betCent,10,0.1874004777070063,0,13,None,66,1,5,False,1,1
106,1,betCent,10,0.2257165605095541,0,13,None,66,1,5,False,1,1
107,2,betCent,10,0.2510947452229299,0,13,None,66,1,5,False,1,1
108,3,betCent,10,0.2276074840764331,0,13,None,66,1,5,False,1,1
109,4,betCent,10,0.2125796178343949,0,13,None,66,1,5,False,1,1
110,0,betCent,10,0.0995222929936305,0,23,None,66,1,5,False,1,1
111,1,betCent,10,0.0995222929936305,0,23,None,66,1,5,False,1,1
112,2,betCent,10,0.0995222929936305,0,23,None,66,1,5,False,1,1
113,3,betCent,10,0.1195262738853503,0,23,None,66,1,5,False,1,1
114,4,betCent,10,0.1930732484076433,0,23,None,66,1,5,False,1,1
115,0,betCent,10,0.1706807324840764,0,27,None,66,1,5,False,1,1
116,1,betCent,10,0.1871019108280254,0,27,None,66,1,5,False,1,1
117,2,betCent,10,0.1911823248407643,0,27,None,66,1,5,False,1,1
118,3,betCent,10,0.1906847133757961,0,27,None,66,1,5,False,1,1
119,4,betCent,10,0.1892914012738853,0,27,None,66,1,5,False,1,1
120,0,betCent,10,0.0995222929936305,0,28,None,66,1,5,False,1,1
121,1,betCent,10,0.0995222929936305,0,28,None,66,1,5,False,1,1
122,2,betCent,10,0.0995222929936305,0,28,None,66,1,5,False,1,1
123,3,betCent,10,0.0995222929936305,0,28,None,66,1,5,False,1,1
124,4,betCent,10,0.1724721337579617,0,28,None,66,1,5,False,1,1
125,0,betCent,10,0.1894904458598726,0,29,None,66,1,5,False,1,1
126,1,betCent,10,0.1883957006369426,0,29,None,66,1,5,False,1,1
127,2,betCent,10,0.1664012738853503,0,29,None,66,1,5,False,1,1
128,3,betCent,10,0.1934713375796178,0,29,None,66,1,5,False,1,1
129,4,betCent,10,0.198546974522293,0,29,None,66,1,5,False,1,1
130,0,betCent,10,0.1756568471337579,0,18,None,66,1,5,False,1,1
131,1,betCent,10,0.190983280254777,0,18,None,66,1,5,False,1,1
132,2,betCent,10,0.1921775477707006,0,18,None,66,1,5,False,1,1
133,3,betCent,10,0.194765127388535,0,18,None,66,1,5,False,1,1
134,4,betCent,10,0.1949641719745223,0,18,None,66,1,5,False,1,1
135,0,betCent,10,0.0995222929936305,0,8,None,66,1,5,False,1,1
136,1,betCent,10,0.0995222929936305,0,8,None,66,1,5,False,1,1
137,2,betCent,10,0.1656050955414012,0,8,None,66,1,5,False,1,1
138,3,betCent,10,0.1876990445859872,0,8,None,66,1,5,False,1,1
139,4,betCent,10,0.1880971337579617,0,8,None,66,1,5,False,1,1
140,0,betCent,10,0.1001194267515923,0,19,None,66,1,5,False,1,1
141,1,betCent,10,0.0995222929936305,0,19,None,66,1,5,False,1,1
142,2,betCent,10,0.0997213375796178,0,19,None,66,1,5,False,1,1
143,3,betCent,10,0.1948646496815286,0,19,None,66,1,5,False,1,1
144,4,betCent,10,0.2568670382165605,0,19,None,66,1,5,False,1,1
145,0,betCent,10,0.2160628980891719,0,21,None,66,1,5,False,1,1
146,1,betCent,10,0.2276074840764331,0,21,None,66,1,5,False,1,1
147,2,betCent,10,0.2291003184713375,0,21,None,66,1,5,False,1,1
148,3,betCent,10,0.2406449044585987,0,21,None,66,1,5,False,1,1
149,4,betCent,10,0.2834394904458598,0,21,None,66,1,5,False,1,1
150,0,betCent,10,0.0995222929936305,0,4,None,66,1,5,False,1,1
151,1,betCent,10,0.0995222929936305,0,4,None,66,1,5,False,1,1
152,2,betCent,10,0.0995222929936305,0,4,None,66,1,5,False,1,1
153,3,betCent,10,0.0995222929936305,0,4,None,66,1,5,False,1,1
154,4,betCent,10,0.0995222929936305,0,4,None,66,1,5,False,1,1
155,0,betCent,10,0.2527866242038216,0,3,None,66,1,5,False,1,1
156,1,betCent,10,0.208499203821656,0,3,None,66,1,5,False,1,1
157,2,betCent,10,0.1808320063694267,0,3,None,66,1,5,False,1,1
158,3,betCent,10,0.1922770700636942,0,3,None,66,1,5,False,1,1
159,4,betCent,10,0.2533837579617834,0,3,None,66,1,5,False,1,1
160,0,betCent,10,0.0995222929936305,0,20,None,66,1,5,False,1,1
161,1,betCent,10,0.0995222929936305,0,20,None,66,1,5,False,1,1
162,2,betCent,10,0.1428144904458598,0,20,None,66,1,5,False,1,1
163,3,betCent,10,0.1995421974522293,0,20,None,66,1,5,False,1,1
164,4,betCent,10,0.2442277070063694,0,20,None,66,1,5,False,1,1
165,5,betCent,10,0.1581409235668789,0,1,None,66,1,5,False,1,1
166,6,betCent,10,0.1967555732484076,0,1,None,66,1,5,False,1,1
167,7,betCent,10,0.2990644904458598,0,1,None,66,1,5,False,1,1
168,8,betCent,10,0.308718152866242,0,1,None,66,1,5,False,1,1
169,9,betCent,10,0.283140923566879,0,1,None,66,1,5,False,1,1
170,5,betCent,10,0.0996218152866242,0,19,None,66,1,5,False,1,1
171,6,betCent,10,0.0995222929936305,0,19,None,66,1,5,False,1,1
172,7,betCent,10,0.0995222929936305,0,19,None,66,1,5,False,1,1
173,8,betCent,10,0.0995222929936305,0,19,None,66,1,5,False,1,1
174,9,betCent,10,0.0995222929936305,0,19,None,66,1,5,False,1,1
175,5,betCent,10,0.1134554140127388,0,21,None,66,1,5,False,1,1
176,6,betCent,10,0.1982484076433121,0,21,None,66,1,5,False,1,1
177,7,betCent,10,0.0995222929936305,0,21,None,66,1,5,False,1,1
178,8,betCent,10,0.0995222929936305,0,21,None,66,1,5,False,1,1
179,9,betCent,10,0.0995222929936305,0,21,None,66,1,5,False,1,1
180,5,betCent,10,0.1007165605095541,0,18,None,66,1,5,False,1,1
181,6,betCent,10,0.0996218152866242,0,18,None,66,1,5,False,1,1
182,7,betCent,10,0.1397292993630573,0,18,None,66,1,5,False,1,1
183,8,betCent,10,0.1899880573248407,0,18,None,66,1,5,False,1,1
184,9,betCent,10,0.1967555732484076,0,18,None,66,1,5,False,1,1
185,5,betCent,10,0.1264928343949044,0,8,None,66,1,5,False,1,1
186,6,betCent,10,0.0995222929936305,0,8,None,66,1,5,False,1,1
187,7,betCent,10,0.0995222929936305,0,8,None,66,1,5,False,1,1
188,8,betCent,10,0.0995222929936305,0,8,None,66,1,5,False,1,1
189,9,betCent,10,0.0995222929936305,0,8,None,66,1,5,False,1,1
190,5,betCent,10,0.0995222929936305,0,22,None,66,1,5,False,1,1
191,6,betCent,10,0.0996218152866242,0,22,None,66,1,5,False,1,1
192,7,betCent,10,0.136046974522293,0,22,None,66,1,5,False,1,1
193,8,betCent,10,0.1778463375796178,0,22,None,66,1,5,False,1,1
194,9,betCent,10,0.1743630573248407,0,22,None,66,1,5,False,1,1
195,5,betCent,10,0.0995222929936305,0,23,None,66,1,5,False,1,1
196,6,betCent,10,0.0995222929936305,0,23,None,66,1,5,False,1,1
197,7,betCent,10,0.0995222929936305,0,23,None,66,1,5,False,1,1
198,8,betCent,10,0.0995222929936305,0,23,None,66,1,5,False,1,1
199,9,betCent,10,0.0995222929936305,0,23,None,66,1,5,False,1,1
200,5,betCent,10,0.0995222929936305,0,2,None,66,1,5,False,1,1
201,6,betCent,10,0.0995222929936305,0,2,None,66,1,5,False,1,1
202,7,betCent,10,0.0995222929936305,0,2,None,66,1,5,False,1,1
203,8,betCent,10,0.0995222929936305,0,2,None,66,1,5,False,1,1
204,9,betCent,10,0.0995222929936305,0,2,None,66,1,5,False,1,1
205,5,betCent,10,0.2695063694267516,0,5,None,66,1,5,False,1,1
206,6,betCent,10,0.1670979299363057,0,5,None,66,1,5,False,1,1
207,7,betCent,10,0.0995222929936305,0,5,None,66,1,5,False,1,1
208,8,betCent,10,0.0995222929936305,0,5,None,66,1,5,False,1,1
209,9,betCent,10,0.0995222929936305,0,5,None,66,1,5,False,1,1
210,5,betCent,10,0.0995222929936305,0,16,None,66,1,5,False,1,1
211,6,betCent,10,0.0995222929936305,0,16,None,66,1,5,False,1,1
212,7,betCent,10,0.0995222929936305,0,16,None,66,1,5,False,1,1
213,8,betCent,10,0.0995222929936305,0,16,None,66,1,5,False,1,1
214,9,betCent,10,0.0995222929936305,0,16,None,66,1,5,False,1,1
215,5,betCent,10,0.1183320063694267,0,7,None,66,1,5,False,1,1
216,6,betCent,10,0.1778463375796178,0,7,None,66,1,5,False,1,1
217,7,betCent,10,0.195561305732484,0,7,None,66,1,5,False,1,1
218,8,betCent,10,0.1995421974522293,0,7,None,66,1,5,False,1,1
219,9,betCent,10,0.2179538216560509,0,7,None,66,1,5,False,1,1
220,5,betCent,10,0.0995222929936305,0,32,None,66,1,5,False,1,1
221,6,betCent,10,0.0995222929936305,0,32,None,66,1,5,False,1,1
222,7,betCent,10,0.0995222929936305,0,32,None,66,1,5,False,1,1
223,8,betCent,10,0.0995222929936305,0,32,None,66,1,5,False,1,1
224,9,betCent,10,0.1041998407643312,0,32,None,66,1,5,False,1,1
225,5,betCent,10,0.1555533439490445,0,14,None,66,1,5,False,1,1
226,6,betCent,10,0.1755573248407643,0,14,None,66,1,5,False,1,1
227,7,betCent,10,0.1759554140127388,0,14,None,66,1,5,False,1,1
228,8,betCent,10,0.1669984076433121,0,14,None,66,1,5,False,1,1
229,9,betCent,10,0.1473925159235669,0,14,None,66,1,5,False,1,1
230,5,betCent,10,0.1000199044585987,0,9,None,66,1,5,False,1,1
231,6,betCent,10,0.0995222929936305,0,9,None,66,1,5,False,1,1
232,7,betCent,10,0.0995222929936305,0,9,None,66,1,5,False,1,1
233,8,betCent,10,0.0995222929936305,0,9,None,66,1,5,False,1,1
234,9,betCent,10,0.0995222929936305,0,9,None,66,1,5,False,1,1
235,5,betCent,10,0.0995222929936305,0,29,None,66,1,5,False,1,1
236,6,betCent,10,0.0995222929936305,0,29,None,66,1,5,False,1,1
237,7,betCent,10,0.0995222929936305,0,29,None,66,1,5,False,1,1
238,8,betCent,10,0.0995222929936305,0,29,None,66,1,5,False,1,1
239,9,betCent,10,0.0995222929936305,0,29,None,66,1,5,False,1,1
240,5,betCent,10,0.0995222929936305,0,25,None,66,1,5,False,1,1
241,6,betCent,10,0.1085788216560509,0,25,None,66,1,5,False,1,1
242,7,betCent,10,0.1076831210191082,0,25,None,66,1,5,False,1,1
243,8,betCent,10,0.1019108280254777,0,25,None,66,1,5,False,1,1
244,9,betCent,10,0.1008160828025477,0,25,None,66,1,5,False,1,1
245,5,betCent,10,0.1051950636942675,0,26,None,66,1,5,False,1,1
246,6,betCent,10,0.1003184713375796,0,26,None,66,1,5,False,1,1
247,7,betCent,10,0.0995222929936305,0,26,None,66,1,5,False,1,1
248,8,betCent,10,0.0995222929936305,0,26,None,66,1,5,False,1,1
249,9,betCent,10,0.0995222929936305,0,26,None,66,1,5,False,1,1
250,5,betCent,10,0.0995222929936305,0,6,None,66,1,5,False,1,1
251,6,betCent,10,0.1156449044585987,0,6,None,66,1,5,False,1,1
252,7,betCent,10,0.0995222929936305,0,6,None,66,1,5,False,1,1
253,8,betCent,10,0.0995222929936305,0,6,None,66,1,5,False,1,1
254,9,betCent,10,0.0995222929936305,0,6,None,66,1,5,False,1,1
255,5,betCent,10,0.2589570063694267,0,17,None,66,1,5,False,1,1
256,6,betCent,10,0.2510947452229299,0,17,None,66,1,5,False,1,1
257,7,betCent,10,0.2955812101910828,0,17,None,66,1,5,False,1,1
258,8,betCent,10,0.3446457006369426,0,17,None,66,1,5,False,1,1
259,9,betCent,10,0.3671377388535032,0,17,None,66,1,5,False,1,1
260,5,betCent,10,0.2434315286624203,0,28,None,66,1,5,False,1,1
261,6,betCent,10,0.0995222929936305,0,28,None,66,1,5,False,1,1
262,7,betCent,10,0.0995222929936305,0,28,None,66,1,5,False,1,1
263,8,betCent,10,0.0995222929936305,0,28,None,66,1,5,False,1,1
264,9,betCent,10,0.1155453821656051,0,28,None,66,1,5,False,1,1
265,5,betCent,10,0.2032245222929936,0,13,None,66,1,5,False,1,1
266,6,betCent,10,0.1887937898089172,0,13,None,66,1,5,False,1,1
267,7,betCent,10,0.0996218152866242,0,13,None,66,1,5,False,1,1
268,8,betCent,10,0.0995222929936305,0,13,None,66,1,5,False,1,1
269,9,betCent,10,0.0995222929936305,0,13,None,66,1,5,False,1,1
270,5,betCent,10,0.0995222929936305,0,12,None,66,1,5,False,1,1
271,6,betCent,10,0.0995222929936305,0,12,None,66,1,5,False,1,1
272,7,betCent,10,0.0995222929936305,0,12,None,66,1,5,False,1,1
273,8,betCent,10,0.0995222929936305,0,12,None,66,1,5,False,1,1
274,9,betCent,10,0.0995222929936305,0,12,None,66,1,5,False,1,1
275,5,betCent,10,0.1735668789808917,0,24,None,66,1,5,False,1,1
276,6,betCent,10,0.1797372611464968,0,24,None,66,1,5,False,1,1
277,7,betCent,10,0.1821257961783439,0,24,None,66,1,5,False,1,1
278,8,betCent,10,0.1842157643312102,0,24,None,66,1,5,False,1,1
279,9,betCent,10,0.1802348726114649,0,24,None,66,1,5,False,1,1
280,5,betCent,10,0.0995222929936305,0,27,None,66,1,5,False,1,1
281,6,betCent,10,0.1162420382165605,0,27,None,66,1,5,False,1,1
282,7,betCent,10,0.1765525477707006,0,27,None,66,1,5,False,1,1
283,8,betCent,10,0.1903861464968153,0,27,None,66,1,5,False,1,1
284,9,betCent,10,0.243531050955414,0,27,None,66,1,5,False,1,1
285,5,betCent,10,0.0995222929936305,0,30,None,66,1,5,False,1,1
286,6,betCent,10,0.0995222929936305,0,30,None,66,1,5,False,1,1
287,7,betCent,10,0.0995222929936305,0,30,None,66,1,5,False,1,1
288,8,betCent,10,0.0995222929936305,0,30,None,66,1,5,False,1,1
289,9,betCent,10,0.0995222929936305,0,30,None,66,1,5,False,1,1
290,5,betCent,10,0.0995222929936305,0,0,None,66,1,5,False,1,1
291,6,betCent,10,0.0995222929936305,0,0,None,66,1,5,False,1,1
292,7,betCent,10,0.0995222929936305,0,0,None,66,1,5,False,1,1
293,8,betCent,10,0.0995222929936305,0,0,None,66,1,5,False,1,1
294,9,betCent,10,0.0995222929936305,0,0,None,66,1,5,False,1,1
295,5,betCent,10,0.176453025477707,0,31,None,66,1,5,False,1,1
296,6,betCent,10,0.0995222929936305,0,31,None,66,1,5,False,1,1
297,7,betCent,10,0.0995222929936305,0,31,None,66,1,5,False,1,1
298,8,betCent,10,0.0995222929936305,0,31,None,66,1,5,False,1,1
299,9,betCent,10,0.0995222929936305,0,31,None,66,1,5,False,1,1
300,5,betCent,10,0.0995222929936305,0,11,None,66,1,5,False,1,1
301,6,betCent,10,0.0995222929936305,0,11,None,66,1,5,False,1,1
302,7,betCent,10,0.0995222929936305,0,11,None,66,1,5,False,1,1
303,8,betCent,10,0.1141520700636942,0,11,None,66,1,5,False,1,1
304,9,betCent,10,0.2263136942675159,0,11,None,66,1,5,False,1,1
305,5,betCent,10,0.2353702229299363,0,10,None,66,1,5,False,1,1
306,6,betCent,10,0.212281050955414,0,10,None,66,1,5,False,1,1
307,7,betCent,10,0.2269108280254777,0,10,None,66,1,5,False,1,1
308,8,betCent,10,0.3076234076433121,0,10,None,66,1,5,False,1,1
309,9,betCent,10,0.3448447452229299,0,10,None,66,1,5,False,1,1
310,5,betCent,10,0.1009156050955414,0,15,None,66,1,5,False,1,1
311,6,betCent,10,0.125796178343949,0,15,None,66,1,5,False,1,1
312,7,betCent,10,0.214171974522293,0,15,None,66,1,5,False,1,1
313,8,betCent,10,0.291202229299363,0,15,None,66,1,5,False,1,1
314,9,betCent,10,0.2833399681528662,0,15,None,66,1,5,False,1,1
315,5,betCent,10,0.0995222929936305,0,4,None,66,1,5,False,1,1
316,6,betCent,10,0.0995222929936305,0,4,None,66,1,5,False,1,1
317,7,betCent,10,0.0995222929936305,0,4,None,66,1,5,False,1,1
318,8,betCent,10,0.0995222929936305,0,4,None,66,1,5,False,1,1
319,9,betCent,10,0.0995222929936305,0,4,None,66,1,5,False,1,1
320,5,betCent,10,0.2492038216560509,0,20,None,66,1,5,False,1,1
321,6,betCent,10,0.2718949044585987,0,20,None,66,1,5,False,1,1
322,7,betCent,10,0.2862261146496815,0,20,None,66,1,5,False,1,1
323,8,betCent,10,0.2910031847133758,0,20,None,66,1,5,False,1,1
324,9,betCent,10,0.3378781847133758,0,20,None,66,1,5,False,1,1
325,5,betCent,10,0.1823248407643312,0,3,None,66,1,5,False,1,1
326,6,betCent,10,0.1831210191082802,0,3,None,66,1,5,False,1,1
327,7,betCent,10,0.1873009554140127,0,3,None,66,1,5,False,1,1
328,8,betCent,10,0.2239251592356688,0,3,None,66,1,5,False,1,1
329,9,betCent,10,0.2349721337579617,0,3,None,66,1,5,False,1,1
330,10,betCent,10,0.0999203821656051,0,30,None,66,1,5,False,1,1
331,11,betCent,10,0.1663017515923567,0,30,None,66,1,5,False,1,1
332,12,betCent,10,0.1354498407643312,0,30,None,66,1,5,False,1,1
333,13,betCent,10,0.0996218152866242,0,30,None,66,1,5,False,1,1
334,14,betCent,10,0.0995222929936305,0,30,None,66,1,5,False,1,1
335,10,betCent,10,0.0995222929936305,0,22,None,66,1,5,False,1,1
336,11,betCent,10,0.0995222929936305,0,22,None,66,1,5,False,1,1
337,12,betCent,10,0.0995222929936305,0,22,None,66,1,5,False,1,1
338,13,betCent,10,0.0995222929936305,0,22,None,66,1,5,False,1,1
339,14,betCent,10,0.1177348726114649,0,22,None,66,1,5,False,1,1
340,10,betCent,10,0.2693073248407643,0,20,None,66,1,5,False,1,1
341,11,betCent,10,0.2888136942675159,0,20,None,66,1,5,False,1,1
342,12,betCent,10,0.2918988853503185,0,20,None,66,1,5,False,1,1
343,13,betCent,10,0.2927945859872611,0,20,None,66,1,5,False,1,1
344,14,betCent,10,0.3086186305732484,0,20,None,66,1,5,False,1,1
345,10,betCent,10,0.177249203821656,0,7,None,66,1,5,False,1,1
346,11,betCent,10,0.2042197452229299,0,7,None,66,1,5,False,1,1
347,12,betCent,10,0.2240246815286624,0,7,None,66,1,5,False,1,1
348,13,betCent,10,0.206608280254777,0,7,None,66,1,5,False,1,1
349,14,betCent,10,0.2013335987261146,0,7,None,66,1,5,False,1,1
350,10,betCent,10,0.1017117834394904,0,16,None,66,1,5,False,1,1
351,11,betCent,10,0.0995222929936305,0,16,None,66,1,5,False,1,1
352,12,betCent,10,0.0995222929936305,0,16,None,66,1,5,False,1,1
353,13,betCent,10,0.0995222929936305,0,16,None,66,1,5,False,1,1
354,14,betCent,10,0.0995222929936305,0,16,None,66,1,5,False,1,1
355,10,betCent,10,0.0995222929936305,0,32,None,66,1,5,False,1,1
356,11,betCent,10,0.0995222929936305,0,32,None,66,1,5,False,1,1
357,12,betCent,10,0.0995222929936305,0,32,None,66,1,5,False,1,1
358,13,betCent,10,0.0996218152866242,0,32,None,66,1,5,False,1,1
359,14,betCent,10,0.1033041401273885,0,32,None,66,1,5,False,1,1
360,10,betCent,10,0.0995222929936305,0,1,None,66,1,5,False,1,1
361,11,betCent,10,0.0995222929936305,0,1,None,66,1,5,False,1,1
362,12,betCent,10,0.0995222929936305,0,1,None,66,1,5,False,1,1
363,13,betCent,10,0.0995222929936305,0,1,None,66,1,5,False,1,1
364,14,betCent,10,0.1560509554140127,0,1,None,66,1,5,False,1,1
365,10,betCent,10,0.2652269108280254,0,2,None,66,1,5,False,1,1
366,11,betCent,10,0.2529856687898089,0,2,None,66,1,5,False,1,1
367,12,betCent,10,0.2536823248407643,0,2,None,66,1,5,False,1,1
368,13,betCent,10,0.2605493630573248,0,2,None,66,1,5,False,1,1
369,14,betCent,10,0.2924960191082802,0,2,None,66,1,5,False,1,1
370,10,betCent,10,0.0995222929936305,0,21,None,66,1,5,False,1,1
371,11,betCent,10,0.0995222929936305,0,21,None,66,1,5,False,1,1
372,12,betCent,10,0.0995222929936305,0,21,None,66,1,5,False,1,1
373,13,betCent,10,0.0995222929936305,0,21,None,66,1,5,False,1,1
374,14,betCent,10,0.1072850318471337,0,21,None,66,1,5,False,1,1
375,10,betCent,10,0.1869028662420382,0,23,None,66,1,5,False,1,1
376,11,betCent,10,0.0995222929936305,0,23,None,66,1,5,False,1,1
377,12,betCent,10,0.0995222929936305,0,23,None,66,1,5,False,1,1
378,13,betCent,10,0.0995222929936305,0,23,None,66,1,5,False,1,1
379,14,betCent,10,0.0995222929936305,0,23,None,66,1,5,False,1,1
380,10,betCent,10,0.0995222929936305,0,4,None,66,1,5,False,1,1
381,11,betCent,10,0.0995222929936305,0,4,None,66,1,5,False,1,1
382,12,betCent,10,0.0995222929936305,0,4,None,66,1,5,False,1,1
383,13,betCent,10,0.0995222929936305,0,4,None,66,1,5,False,1,1
384,14,betCent,10,0.0995222929936305,0,4,None,66,1,5,False,1,1
385,10,betCent,10,0.0995222929936305,0,27,None,66,1,5,False,1,1
386,11,betCent,10,0.0995222929936305,0,27,None,66,1,5,False,1,1
387,12,betCent,10,0.0995222929936305,0,27,None,66,1,5,False,1,1
388,13,betCent,10,0.0995222929936305,0,27,None,66,1,5,False,1,1
389,14,betCent,10,0.0995222929936305,0,27,None,66,1,5,False,1,1
390,10,betCent,10,0.0995222929936305,0,14,None,66,1,5,False,1,1
391,11,betCent,10,0.0995222929936305,0,14,None,66,1,5,False,1,1
392,12,betCent,10,0.0995222929936305,0,14,None,66,1,5,False,1,1
393,13,betCent,10,0.0995222929936305,0,14,None,66,1,5,False,1,1
394,14,betCent,10,0.0996218152866242,0,14,None,66,1,5,False,1,1
395,10,betCent,10,0.0995222929936305,0,29,None,66,1,5,False,1,1
396,11,betCent,10,0.1673964968152866,0,29,None,66,1,5,False,1,1
397,12,betCent,10,0.0995222929936305,0,29,None,66,1,5,False,1,1
398,13,betCent,10,0.0995222929936305,0,29,None,66,1,5,False,1,1
399,14,betCent,10,0.0995222929936305,0,29,None,66,1,5,False,1,1
400,10,betCent,10,0.1377388535031847,0,9,None,66,1,5,False,1,1
401,11,betCent,10,0.0996218152866242,0,9,None,66,1,5,False,1,1
402,12,betCent,10,0.0996218152866242,0,9,None,66,1,5,False,1,1
403,13,betCent,10,0.1115644904458598,0,9,None,66,1,5,False,1,1
404,14,betCent,10,0.1561504777070063,0,9,None,66,1,5,False,1,1
405,10,betCent,10,0.1495820063694267,0,15,None,66,1,5,False,1,1
406,11,betCent,10,0.2129777070063694,0,15,None,66,1,5,False,1,1
407,12,betCent,10,0.267515923566879,0,15,None,66,1,5,False,1,1
408,13,betCent,10,0.2845342356687898,0,15,None,66,1,5,False,1,1
409,14,betCent,10,0.2941878980891719,0,15,None,66,1,5,False,1,1
410,10,betCent,10,0.2631369426751592,0,10,None,66,1,5,False,1,1
411,11,betCent,10,0.2600517515923566,0,10,None,66,1,5,False,1,1
412,12,betCent,10,0.3204617834394904,0,10,None,66,1,5,False,1,1
413,13,betCent,10,0.3459394904458598,0,10,None,66,1,5,False,1,1
414,14,betCent,10,0.3560907643312102,0,10,None,66,1,5,False,1,1
415,10,betCent,10,0.0995222929936305,0,13,None,66,1,5,False,1,1
416,11,betCent,10,0.0995222929936305,0,13,None,66,1,5,False,1,1
417,12,betCent,10,0.130374203821656,0,13,None,66,1,5,False,1,1
418,13,betCent,10,0.174562101910828,0,13,None,66,1,5,False,1,1
419,14,betCent,10,0.1938694267515923,0,13,None,66,1,5,False,1,1
420,10,betCent,10,0.0995222929936305,0,25,None,66,1,5,False,1,1
421,11,betCent,10,0.0995222929936305,0,25,None,66,1,5,False,1,1
422,12,betCent,10,0.0995222929936305,0,25,None,66,1,5,False,1,1
423,13,betCent,10,0.1309713375796178,0,25,None,66,1,5,False,1,1
424,14,betCent,10,0.1861066878980891,0,25,None,66,1,5,False,1,1
425,10,betCent,10,0.0995222929936305,0,12,None,66,1,5,False,1,1
426,11,betCent,10,0.0995222929936305,0,12,None,66,1,5,False,1,1
427,12,betCent,10,0.1041003184713375,0,12,None,66,1,5,False,1,1
428,13,betCent,10,0.1070859872611465,0,12,None,66,1,5,False,1,1
429,14,betCent,10,0.1305732484076433,0,12,None,66,1,5,False,1,1
430,10,betCent,10,0.0995222929936305,0,26,None,66,1,5,False,1,1
431,11,betCent,10,0.1110668789808917,0,26,None,66,1,5,False,1,1
432,12,betCent,10,0.1015127388535031,0,26,None,66,1,5,False,1,1
433,13,betCent,10,0.0995222929936305,0,26,None,66,1,5,False,1,1
434,14,betCent,10,0.0995222929936305,0,26,None,66,1,5,False,1,1
435,10,betCent,10,0.2600517515923566,0,17,None,66,1,5,False,1,1
436,11,betCent,10,0.2649283439490446,0,17,None,66,1,5,False,1,1
437,12,betCent,10,0.2779657643312102,0,17,None,66,1,5,False,1,1
438,13,betCent,10,0.3273288216560509,0,17,None,66,1,5,False,1,1
439,14,betCent,10,0.3486265923566879,0,17,None,66,1,5,False,1,1
440,10,betCent,10,0.1022093949044586,0,11,None,66,1,5,False,1,1
441,11,betCent,10,0.0995222929936305,0,11,None,66,1,5,False,1,1
442,12,betCent,10,0.1079816878980891,0,11,None,66,1,5,False,1,1
443,13,betCent,10,0.2104896496815286,0,11,None,66,1,5,False,1,1
444,14,betCent,10,0.2409434713375796,0,11,None,66,1,5,False,1,1
445,10,betCent,10,0.0996218152866242,0,24,None,66,1,5,False,1,1
446,11,betCent,10,0.1258957006369426,0,24,None,66,1,5,False,1,1
447,12,betCent,10,0.1115644904458598,0,24,None,66,1,5,False,1,1
448,13,betCent,10,0.1003184713375796,0,24,None,66,1,5,False,1,1
449,14,betCent,10,0.0995222929936305,0,24,None,66,1,5,False,1,1
450,10,betCent,10,0.15515525477707,0,18,None,66,1,5,False,1,1
451,11,betCent,10,0.1096735668789808,0,18,None,66,1,5,False,1,1
452,12,betCent,10,0.1706807324840764,0,18,None,66,1,5,False,1,1
453,13,betCent,10,0.1923765923566879,0,18,None,66,1,5,False,1,1
454,14,betCent,10,0.1970541401273885,0,18,None,66,1,5,False,1,1
455,10,betCent,10,0.0995222929936305,0,19,None,66,1,5,False,1,1
456,11,betCent,10,0.0995222929936305,0,19,None,66,1,5,False,1,1
457,12,betCent,10,0.0995222929936305,0,19,None,66,1,5,False,1,1
458,13,betCent,10,0.0995222929936305,0,19,None,66,1,5,False,1,1
459,14,betCent,10,0.0996218152866242,0,19,None,66,1,5,False,1,1
460,10,betCent,10,0.1899880573248407,0,8,None,66,1,5,False,1,1
461,11,betCent,10,0.1044984076433121,0,8,None,66,1,5,False,1,1
462,12,betCent,10,0.1068869426751592,0,8,None,66,1,5,False,1,1
463,13,betCent,10,0.0995222929936305,0,8,None,66,1,5,False,1,1
464,14,betCent,10,0.149781050955414,0,8,None,66,1,5,False,1,1
465,10,betCent,10,0.1364450636942675,0,31,None,66,1,5,False,1,1
466,11,betCent,10,0.0995222929936305,0,31,None,66,1,5,False,1,1
467,12,betCent,10,0.0995222929936305,0,31,None,66,1,5,False,1,1
468,13,betCent,10,0.0995222929936305,0,31,None,66,1,5,False,1,1
469,14,betCent,10,0.0995222929936305,0,31,None,66,1,5,False,1,1
470,10,betCent,10,0.2159633757961783,0,5,None,66,1,5,False,1,1
471,11,betCent,10,0.18640525477707,0,5,None,66,1,5,False,1,1
472,12,betCent,10,0.1934713375796178,0,5,None,66,1,5,False,1,1
473,13,betCent,10,0.1896894904458598,0,5,None,66,1,5,False,1,1
474,14,betCent,10,0.1890923566878981,0,5,None,66,1,5,False,1,1
475,10,betCent,10,0.1035031847133758,0,6,None,66,1,5,False,1,1
476,11,betCent,10,0.0995222929936305,0,6,None,66,1,5,False,1,1
477,12,betCent,10,0.0995222929936305,0,6,None,66,1,5,False,1,1
478,13,betCent,10,0.0995222929936305,0,6,None,66,1,5,False,1,1
479,14,betCent,10,0.0995222929936305,0,6,None,66,1,5,False,1,1
480,10,betCent,10,0.2276074840764331,0,3,None,66,1,5,False,1,1
481,11,betCent,10,0.2284036624203821,0,3,None,66,1,5,False,1,1
482,12,betCent,10,0.2342754777070063,0,3,None,66,1,5,False,1,1
483,13,betCent,10,0.2638335987261146,0,3,None,66,1,5,False,1,1
484,14,betCent,10,0.3038415605095541,0,3,None,66,1,5,False,1,1
485,10,betCent,10,0.1908837579617834,0,0,None,66,1,5,False,1,1
486,11,betCent,10,0.1861066878980891,0,0,None,66,1,5,False,1,1
487,12,betCent,10,0.1847133757961783,0,0,None,66,1,5,False,1,1
488,13,betCent,10,0.1855095541401273,0,0,None,66,1,5,False,1,1
489,14,betCent,10,0.1884952229299363,0,0,None,66,1,5,False,1,1
490,10,betCent,10,0.3236464968152866,0,28,None,66,1,5,False,1,1
491,11,betCent,10,0.1737659235668789,0,28,None,66,1,5,False,1,1
492,12,betCent,10,0.0995222929936305,0,28,None,66,1,5,False,1,1
493,13,betCent,10,0.0995222929936305,0,28,None,66,1,5,False,1,1
494,14,betCent,10,0.1542595541401273,0,28,None,66,1,5,False,1,1
990,15,betCent,10,0.1895899681528662,0,1,None,66,1,5,False,1,1
991,16,betCent,10,0.2000398089171974,0,1,None,66,1,5,False,1,1
992,17,betCent,10,0.2013335987261146,0,1,None,66,1,5,False,1,1
993,18,betCent,10,0.2101910828025477,0,1,None,66,1,5,False,1,1
994,19,betCent,10,0.2223328025477707,0,1,None,66,1,5,False,1,1
995,15,betCent,10,0.290406050955414,0,2,None,66,1,5,False,1,1
996,16,betCent,10,0.2921974522292994,0,2,None,66,1,5,False,1,1
997,17,betCent,10,0.3210589171974522,0,2,None,66,1,5,False,1,1
998,18,betCent,10,0.3592754777070063,0,2,None,66,1,5,False,1,1
999,19,betCent,10,0.3645501592356688,0,2,None,66,1,5,False,1,1
1000,15,betCent,10,0.3258359872611465,0,5,None,66,1,5,False,1,1
1001,16,betCent,10,0.1952627388535031,0,5,None,66,1,5,False,1,1
1002,17,betCent,10,0.194765127388535,0,5,None,66,1,5,False,1,1
1003,18,betCent,10,0.1956608280254777,0,5,None,66,1,5,False,1,1
1004,19,betCent,10,0.2234275477707006,0,5,None,66,1,5,False,1,1
1005,15,betCent,10,0.1979498407643312,0,13,None,66,1,5,False,1,1
1006,16,betCent,10,0.2509952229299363,0,13,None,66,1,5,False,1,1
1007,17,betCent,10,0.2875199044585987,0,13,None,66,1,5,False,1,1
1008,18,betCent,10,0.2920979299363057,0,13,None,66,1,5,False,1,1
1009,19,betCent,10,0.2932921974522293,0,13,None,66,1,5,False,1,1
1010,15,betCent,10,0.2889132165605095,0,15,None,66,1,5,False,1,1
1011,16,betCent,10,0.3124004777070063,0,15,None,66,1,5,False,1,1
1012,17,betCent,10,0.3665406050955414,0,15,None,66,1,5,False,1,1
1013,18,betCent,10,0.3754976114649681,0,15,None,66,1,5,False,1,1
1014,19,betCent,10,0.3752985668789809,0,15,None,66,1,5,False,1,1
1015,15,betCent,10,0.3478304140127388,0,10,None,66,1,5,False,1,1
1016,16,betCent,10,0.3408638535031847,0,10,None,66,1,5,False,1,1
1017,17,betCent,10,0.3527070063694267,0,10,None,66,1,5,False,1,1
1018,18,betCent,10,0.3571855095541401,0,10,None,66,1,5,False,1,1
1019,19,betCent,10,0.357484076433121,0,10,None,66,1,5,False,1,1
1020,15,betCent,10,0.3278264331210191,0,11,None,66,1,5,False,1,1
1021,16,betCent,10,0.1979498407643312,0,11,None,66,1,5,False,1,1
1022,17,betCent,10,0.2337778662420382,0,11,None,66,1,5,False,1,1
1023,18,betCent,10,0.2863256369426751,0,11,None,66,1,5,False,1,1
1024,19,betCent,10,0.3144904458598726,0,11,None,66,1,5,False,1,1
1025,15,betCent,10,0.3205613057324841,0,20,None,66,1,5,False,1,1
1026,16,betCent,10,0.3306130573248407,0,20,None,66,1,5,False,1,1
1027,17,betCent,10,0.3506170382165605,0,20,None,66,1,5,False,1,1
1028,18,betCent,10,0.3231488853503185,0,20,None,66,1,5,False,1,1
1029,19,betCent,10,0.3343949044585987,0,20,None,66,1,5,False,1,1
1030,15,betCent,10,0.0995222929936305,0,14,None,66,1,5,False,1,1
1031,16,betCent,10,0.0995222929936305,0,14,None,66,1,5,False,1,1
1032,17,betCent,10,0.1140525477707006,0,14,None,66,1,5,False,1,1
1033,18,betCent,10,0.1514729299363057,0,14,None,66,1,5,False,1,1
1034,19,betCent,10,0.176453025477707,0,14,None,66,1,5,False,1,1
1035,15,betCent,10,0.0998208598726114,0,22,None,66,1,5,False,1,1
1036,16,betCent,10,0.1347531847133758,0,22,None,66,1,5,False,1,1
1037,17,betCent,10,0.2450238853503184,0,22,None,66,1,5,False,1,1
1038,18,betCent,10,0.1967555732484076,0,22,None,66,1,5,False,1,1
1039,19,betCent,10,0.2082006369426751,0,22,None,66,1,5,False,1,1
1040,15,betCent,10,0.3504179936305732,0,17,None,66,1,5,False,1,1
1041,16,betCent,10,0.3275278662420382,0,17,None,66,1,5,False,1,1
1042,17,betCent,10,0.3450437898089172,0,17,None,66,1,5,False,1,1
1043,18,betCent,10,0.3840565286624204,0,17,None,66,1,5,False,1,1
1044,19,betCent,10,0.4003781847133758,0,17,None,66,1,5,False,1,1
1045,15,betCent,10,0.2825437898089172,0,21,None,66,1,5,False,1,1
1046,16,betCent,10,0.1995421974522293,0,21,None,66,1,5,False,1,1
1047,17,betCent,10,0.2074044585987261,0,21,None,66,1,5,False,1,1
1048,18,betCent,10,0.2538813694267516,0,21,None,66,1,5,False,1,1
1049,19,betCent,10,0.3113057324840764,0,21,None,66,1,5,False,1,1
1050,15,betCent,10,0.1614251592356688,0,25,None,66,1,5,False,1,1
1051,16,betCent,10,0.2407444267515923,0,25,None,66,1,5,False,1,1
1052,17,betCent,10,0.256468949044586,0,25,None,66,1,5,False,1,1
1053,18,betCent,10,0.2584593949044586,0,25,None,66,1,5,False,1,1
1054,19,betCent,10,0.2594546178343949,0,25,None,66,1,5,False,1,1
1055,15,betCent,10,0.0997213375796178,0,26,None,66,1,5,False,1,1
1056,16,betCent,10,0.0996218152866242,0,26,None,66,1,5,False,1,1
1057,17,betCent,10,0.1048964968152866,0,26,None,66,1,5,False,1,1
1058,18,betCent,10,0.2211385350318471,0,26,None,66,1,5,False,1,1
1059,19,betCent,10,0.2620421974522293,0,26,None,66,1,5,False,1,1
1060,15,betCent,10,0.300358280254777,0,12,None,66,1,5,False,1,1
1061,16,betCent,10,0.2906050955414013,0,12,None,66,1,5,False,1,1
1062,17,betCent,10,0.2756767515923566,0,12,None,66,1,5,False,1,1
1063,18,betCent,10,0.3006568471337579,0,12,None,66,1,5,False,1,1
1064,19,betCent,10,0.3213574840764331,0,12,None,66,1,5,False,1,1
1065,15,betCent,10,0.2942874203821656,0,28,None,66,1,5,False,1,1
1066,16,betCent,10,0.2173566878980891,0,28,None,66,1,5,False,1,1
1067,17,betCent,10,0.2085987261146497,0,28,None,66,1,5,False,1,1
1068,18,betCent,10,0.1972531847133758,0,28,None,66,1,5,False,1,1
1069,19,betCent,10,0.2030254777070063,0,28,None,66,1,5,False,1,1
1070,15,betCent,10,0.3287221337579618,0,3,None,66,1,5,False,1,1
1071,16,betCent,10,0.3446457006369426,0,3,None,66,1,5,False,1,1
1072,17,betCent,10,0.3526074840764331,0,3,None,66,1,5,False,1,1
1073,18,betCent,10,0.3567874203821656,0,3,None,66,1,5,False,1,1
1074,19,betCent,10,0.3587778662420382,0,3,None,66,1,5,False,1,1
1075,15,betCent,10,0.2639331210191082,0,24,None,66,1,5,False,1,1
1076,16,betCent,10,0.1861066878980891,0,24,None,66,1,5,False,1,1
1077,17,betCent,10,0.1954617834394904,0,24,None,66,1,5,False,1,1
1078,18,betCent,10,0.2035230891719745,0,24,None,66,1,5,False,1,1
1079,19,betCent,10,0.229796974522293,0,24,None,66,1,5,False,1,1
1080,15,betCent,10,0.1948646496815286,0,29,None,66,1,5,False,1,1
1081,16,betCent,10,0.1655055732484076,0,29,None,66,1,5,False,1,1
1082,17,betCent,10,0.1895899681528662,0,29,None,66,1,5,False,1,1
1083,18,betCent,10,0.1960589171974522,0,29,None,66,1,5,False,1,1
1084,19,betCent,10,0.197452229299363,0,29,None,66,1,5,False,1,1
1085,15,betCent,10,0.1994426751592356,0,9,None,66,1,5,False,1,1
1086,16,betCent,10,0.1988455414012739,0,9,None,66,1,5,False,1,1
1087,17,betCent,10,0.1997412420382165,0,9,None,66,1,5,False,1,1
1088,18,betCent,10,0.2256170382165605,0,9,None,66,1,5,False,1,1
1089,19,betCent,10,0.2386544585987261,0,9,None,66,1,5,False,1,1
1090,15,betCent,10,0.0996218152866242,0,30,None,66,1,5,False,1,1
1091,16,betCent,10,0.0995222929936305,0,30,None,66,1,5,False,1,1
1092,17,betCent,10,0.0995222929936305,0,30,None,66,1,5,False,1,1
1093,18,betCent,10,0.0995222929936305,0,30,None,66,1,5,False,1,1
1094,19,betCent,10,0.0995222929936305,0,30,None,66,1,5,False,1,1
1095,15,betCent,10,0.1153463375796178,0,6,None,66,1,5,False,1,1
1096,16,betCent,10,0.0995222929936305,0,6,None,66,1,5,False,1,1
1097,17,betCent,10,0.0995222929936305,0,6,None,66,1,5,False,1,1
1098,18,betCent,10,0.1054936305732484,0,6,None,66,1,5,False,1,1
1099,19,betCent,10,0.1458996815286624,0,6,None,66,1,5,False,1,1
1100,15,betCent,10,0.2295979299363057,0,31,None,66,1,5,False,1,1
1101,16,betCent,10,0.2078025477707006,0,31,None,66,1,5,False,1,1
1102,17,betCent,10,0.2175557324840764,0,31,None,66,1,5,False,1,1
1103,18,betCent,10,0.2262141719745223,0,31,None,66,1,5,False,1,1
1104,19,betCent,10,0.2418391719745223,0,31,None,66,1,5,False,1,1
1105,15,betCent,10,0.1960589171974522,0,27,None,66,1,5,False,1,1
1106,16,betCent,10,0.1981488853503184,0,27,None,66,1,5,False,1,1
1107,17,betCent,10,0.1984474522292993,0,27,None,66,1,5,False,1,1
1108,18,betCent,10,0.1984474522292993,0,27,None,66,1,5,False,1,1
1109,19,betCent,10,0.2165605095541401,0,27,None,66,1,5,False,1,1
1110,15,betCent,10,0.1197253184713375,0,32,None,66,1,5,False,1,1
1111,16,betCent,10,0.2293988853503184,0,32,None,66,1,5,False,1,1
1112,17,betCent,10,0.2779657643312102,0,32,None,66,1,5,False,1,1
1113,18,betCent,10,0.2878184713375796,0,32,None,66,1,5,False,1,1
1114,19,betCent,10,0.2908041401273885,0,32,None,66,1,5,False,1,1
1115,15,betCent,10,0.1138535031847133,0,19,None,66,1,5,False,1,1
1116,16,betCent,10,0.1853105095541401,0,19,None,66,1,5,False,1,1
1117,17,betCent,10,0.1981488853503184,0,19,None,66,1,5,False,1,1
1118,18,betCent,10,0.1992436305732484,0,19,None,66,1,5,False,1,1
1119,19,betCent,10,0.2142714968152866,0,19,None,66,1,5,False,1,1
1120,15,betCent,10,0.2657245222929936,0,18,None,66,1,5,False,1,1
1121,16,betCent,10,0.2562699044585987,0,18,None,66,1,5,False,1,1
1122,17,betCent,10,0.284733280254777,0,18,None,66,1,5,False,1,1
1123,18,betCent,10,0.2894108280254777,0,18,None,66,1,5,False,1,1
1124,19,betCent,10,0.315187101910828,0,18,None,66,1,5,False,1,1
1125,15,betCent,10,0.317078025477707,0,7,None,66,1,5,False,1,1
1126,16,betCent,10,0.3476313694267516,0,7,None,66,1,5,False,1,1
1127,17,betCent,10,0.3138933121019108,0,7,None,66,1,5,False,1,1
1128,18,betCent,10,0.3097133757961783,0,7,None,66,1,5,False,1,1
1129,19,betCent,10,0.3233479299363057,0,7,None,66,1,5,False,1,1
1130,15,betCent,10,0.1942675159235669,0,8,None,66,1,5,False,1,1
1131,16,betCent,10,0.1554538216560509,0,8,None,66,1,5,False,1,1
1132,17,betCent,10,0.1743630573248407,0,8,None,66,1,5,False,1,1
1133,18,betCent,10,0.1796377388535031,0,8,None,66,1,5,False,1,1
1134,19,betCent,10,0.1805334394904458,0,8,None,66,1,5,False,1,1
1135,15,betCent,10,0.0995222929936305,0,16,None,66,1,5,False,1,1
1136,16,betCent,10,0.0995222929936305,0,16,None,66,1,5,False,1,1
1137,17,betCent,10,0.0995222929936305,0,16,None,66,1,5,False,1,1
1138,18,betCent,10,0.0995222929936305,0,16,None,66,1,5,False,1,1
1139,19,betCent,10,0.1735668789808917,0,16,None,66,1,5,False,1,1
1140,15,betCent,10,0.1258957006369426,0,4,None,66,1,5,False,1,1
1141,16,betCent,10,0.1269904458598726,0,4,None,66,1,5,False,1,1
1142,17,betCent,10,0.1965565286624203,0,4,None,66,1,5,False,1,1
1143,18,betCent,10,0.2555732484076433,0,4,None,66,1,5,False,1,1
1144,19,betCent,10,0.2781648089171974,0,4,None,66,1,5,False,1,1
1145,15,betCent,10,0.1977507961783439,0,23,None,66,1,5,False,1,1
1146,16,betCent,10,0.1990445859872611,0,23,None,66,1,5,False,1,1
1147,17,betCent,10,0.2177547770700637,0,23,None,66,1,5,False,1,1
1148,18,betCent,10,0.3286226114649681,0,23,None,66,1,5,False,1,1
1149,19,betCent,10,0.2955812101910828,0,23,None,66,1,5,False,1,1
1150,15,betCent,10,0.2696058917197452,0,0,None,66,1,5,False,1,1
1151,16,betCent,10,0.2639331210191082,0,0,None,66,1,5,False,1,1
1152,17,betCent,10,0.2681130573248407,0,0,None,66,1,5,False,1,1
1153,18,betCent,10,0.2767714968152866,0,0,None,66,1,5,False,1,1
1154,19,betCent,10,0.2823447452229299,0,0,None,66,1,5,False,1,1
1155,20,betCent,10,0.2749800955414013,0,26,None,66,1,5,False,1,1
1156,21,betCent,10,0.2856289808917197,0,26,None,66,1,5,False,1,1
1157,22,betCent,10,0.2926950636942675,0,26,None,66,1,5,False,1,1
1158,23,betCent,10,0.3108081210191082,0,26,None,66,1,5,False,1,1
1159,24,betCent,10,0.3291202229299363,0,26,None,66,1,5,False,1,1
1160,20,betCent,10,0.1948646496815286,0,16,None,66,1,5,False,1,1
1161,21,betCent,10,0.2133757961783439,0,16,None,66,1,5,False,1,1
1162,22,betCent,10,0.2496019108280254,0,16,None,66,1,5,False,1,1
1163,23,betCent,10,0.2736863057324841,0,16,None,66,1,5,False,1,1
1164,24,betCent,10,0.3100119426751592,0,16,None,66,1,5,False,1,1
1165,20,betCent,10,0.2633359872611465,0,1,None,66,1,5,False,1,1
1166,21,betCent,10,0.3267316878980891,0,1,None,66,1,5,False,1,1
1167,22,betCent,10,0.307921974522293,0,1,None,66,1,5,False,1,1
1168,23,betCent,10,0.3191679936305732,0,1,None,66,1,5,False,1,1
1169,24,betCent,10,0.3475318471337579,0,1,None,66,1,5,False,1,1
1170,20,betCent,10,0.309514331210191,0,22,None,66,1,5,False,1,1
1171,21,betCent,10,0.2824442675159235,0,22,None,66,1,5,False,1,1
1172,22,betCent,10,0.3018511146496815,0,22,None,66,1,5,False,1,1
1173,23,betCent,10,0.3518113057324841,0,22,None,66,1,5,False,1,1
1174,24,betCent,10,0.3602707006369426,0,22,None,66,1,5,False,1,1
1175,20,betCent,10,0.3802746815286624,0,8,None,66,1,5,False,1,1
1176,21,betCent,10,0.3042396496815286,0,8,None,66,1,5,False,1,1
1177,22,betCent,10,0.2989649681528662,0,8,None,66,1,5,False,1,1
1178,23,betCent,10,0.3006568471337579,0,8,None,66,1,5,False,1,1
1179,24,betCent,10,0.3029458598726114,0,8,None,66,1,5,False,1,1
1180,20,betCent,10,0.364749203821656,0,6,None,66,1,5,False,1,1
1181,21,betCent,10,0.3310111464968153,0,6,None,66,1,5,False,1,1
1182,22,betCent,10,0.3233479299363057,0,6,None,66,1,5,False,1,1
1183,23,betCent,10,0.3288216560509554,0,6,None,66,1,5,False,1,1
1184,24,betCent,10,0.3672372611464968,0,6,None,66,1,5,False,1,1
1185,20,betCent,10,0.2544785031847134,0,25,None,66,1,5,False,1,1
1186,21,betCent,10,0.2587579617834395,0,25,None,66,1,5,False,1,1
1187,22,betCent,10,0.2602507961783439,0,25,None,66,1,5,False,1,1
1188,23,betCent,10,0.2614450636942675,0,25,None,66,1,5,False,1,1
1189,24,betCent,10,0.2624402866242038,0,25,None,66,1,5,False,1,1
1190,20,betCent,10,0.1660031847133758,0,14,None,66,1,5,False,1,1
1191,21,betCent,10,0.190983280254777,0,14,None,66,1,5,False,1,1
1192,22,betCent,10,0.1954617834394904,0,14,None,66,1,5,False,1,1
1193,23,betCent,10,0.1961584394904458,0,14,None,66,1,5,False,1,1
1194,24,betCent,10,0.1951632165605095,0,14,None,66,1,5,False,1,1
1195,20,betCent,10,0.2944864649681528,0,13,None,66,1,5,False,1,1
1196,21,betCent,10,0.3075238853503185,0,13,None,66,1,5,False,1,1
1197,22,betCent,10,0.3191679936305732,0,13,None,66,1,5,False,1,1
1198,23,betCent,10,0.3278264331210191,0,13,None,66,1,5,False,1,1
1199,24,betCent,10,0.3362858280254777,0,13,None,66,1,5,False,1,1
1200,20,betCent,10,0.3387738853503185,0,2,None,66,1,5,False,1,1
1201,21,betCent,10,0.3591759554140127,0,2,None,66,1,5,False,1,1
1202,22,betCent,10,0.367734872611465,0,2,None,66,1,5,False,1,1
1203,23,betCent,10,0.3697253184713376,0,2,None,66,1,5,False,1,1
1204,24,betCent,10,0.3702229299363057,0,2,None,66,1,5,False,1,1
1205,20,betCent,10,0.3039410828025478,0,5,None,66,1,5,False,1,1
1206,21,betCent,10,0.2567675159235669,0,5,None,66,1,5,False,1,1
1207,22,betCent,10,0.2698049363057325,0,5,None,66,1,5,False,1,1
1208,23,betCent,10,0.2994625796178344,0,5,None,66,1,5,False,1,1
1209,24,betCent,10,0.3220541401273885,0,5,None,66,1,5,False,1,1
1210,20,betCent,10,0.4254578025477707,0,10,None,66,1,5,False,1,1
1211,21,betCent,10,0.3594745222929936,0,10,None,66,1,5,False,1,1
1212,22,betCent,10,0.3588773885350318,0,10,None,66,1,5,False,1,1
1213,23,betCent,10,0.3597730891719745,0,10,None,66,1,5,False,1,1
1214,24,betCent,10,0.360171178343949,0,10,None,66,1,5,False,1,1
1215,20,betCent,10,0.241640127388535,0,11,None,66,1,5,False,1,1
1216,21,betCent,10,0.2882165605095541,0,11,None,66,1,5,False,1,1
1217,22,betCent,10,0.315983280254777,0,11,None,66,1,5,False,1,1
1218,23,betCent,10,0.3374800955414013,0,11,None,66,1,5,False,1,1
1219,24,betCent,10,0.352906050955414,0,11,None,66,1,5,False,1,1
1220,20,betCent,10,0.4080414012738853,0,12,None,66,1,5,False,1,1
1221,21,betCent,10,0.4144108280254777,0,12,None,66,1,5,False,1,1
1222,22,betCent,10,0.4065485668789809,0,12,None,66,1,5,False,1,1
1223,23,betCent,10,0.398984872611465,0,12,None,66,1,5,False,1,1
1224,24,betCent,10,0.4041600318471338,0,12,None,66,1,5,False,1,1
1225,20,betCent,10,0.4109275477707006,0,15,None,66,1,5,False,1,1
1226,21,betCent,10,0.4363057324840764,0,15,None,66,1,5,False,1,1
1227,22,betCent,10,0.442078025477707,0,15,None,66,1,5,False,1,1
1228,23,betCent,10,0.4441679936305732,0,15,None,66,1,5,False,1,1
1229,24,betCent,10,0.4459593949044586,0,15,None,66,1,5,False,1,1
1230,20,betCent,10,0.4495421974522293,0,17,None,66,1,5,False,1,1
1231,21,betCent,10,0.4011743630573248,0,17,None,66,1,5,False,1,1
1232,22,betCent,10,0.4034633757961783,0,17,None,66,1,5,False,1,1
1233,23,betCent,10,0.4273487261146497,0,17,None,66,1,5,False,1,1
1234,24,betCent,10,0.4471536624203822,0,17,None,66,1,5,False,1,1
1235,20,betCent,10,0.3632563694267516,0,20,None,66,1,5,False,1,1
1236,21,betCent,10,0.3809713375796178,0,20,None,66,1,5,False,1,1
1237,22,betCent,10,0.3368829617834395,0,20,None,66,1,5,False,1,1
1238,23,betCent,10,0.3450437898089172,0,20,None,66,1,5,False,1,1
1239,24,betCent,10,0.3572850318471338,0,20,None,66,1,5,False,1,1
1240,20,betCent,10,0.3077229299363057,0,18,None,66,1,5,False,1,1
1241,21,betCent,10,0.2906050955414013,0,18,None,66,1,5,False,1,1
1242,22,betCent,10,0.3291202229299363,0,18,None,66,1,5,False,1,1
1243,23,betCent,10,0.3485270700636942,0,18,None,66,1,5,False,1,1
1244,24,betCent,10,0.3553941082802547,0,18,None,66,1,5,False,1,1
1245,20,betCent,10,0.3280254777070063,0,21,None,66,1,5,False,1,1
1246,21,betCent,10,0.3607683121019108,0,21,None,66,1,5,False,1,1
1247,22,betCent,10,0.368531050955414,0,21,None,66,1,5,False,1,1
1248,23,betCent,10,0.3710191082802547,0,21,None,66,1,5,False,1,1
1249,24,betCent,10,0.3724124203821656,0,21,None,66,1,5,False,1,1
1250,20,betCent,10,0.2156648089171974,0,19,None,66,1,5,False,1,1
1251,21,betCent,10,0.26453025477707,0,19,None,66,1,5,False,1,1
1252,22,betCent,10,0.3249402866242038,0,19,None,66,1,5,False,1,1
1253,23,betCent,10,0.3470342356687898,0,19,None,66,1,5,False,1,1
1254,24,betCent,10,0.3637539808917197,0,19,None,66,1,5,False,1,1
1255,20,betCent,10,0.2960788216560509,0,27,None,66,1,5,False,1,1
1256,21,betCent,10,0.3280254777070063,0,27,None,66,1,5,False,1,1
1257,22,betCent,10,0.3599721337579618,0,27,None,66,1,5,False,1,1
1258,23,betCent,10,0.3872412420382166,0,27,None,66,1,5,False,1,1
1259,24,betCent,10,0.4046576433121019,0,27,None,66,1,5,False,1,1
1260,20,betCent,10,0.2559713375796178,0,24,None,66,1,5,False,1,1
1261,21,betCent,10,0.2602507961783439,0,24,None,66,1,5,False,1,1
1262,22,betCent,10,0.2650278662420382,0,24,None,66,1,5,False,1,1
1263,23,betCent,10,0.2665207006369426,0,24,None,66,1,5,False,1,1
1264,24,betCent,10,0.2688097133757962,0,24,None,66,1,5,False,1,1
1265,20,betCent,10,0.2304936305732484,0,30,None,66,1,5,False,1,1
1266,21,betCent,10,0.2220342356687898,0,30,None,66,1,5,False,1,1
1267,22,betCent,10,0.2323845541401273,0,30,None,66,1,5,False,1,1
1268,23,betCent,10,0.2835390127388535,0,30,None,66,1,5,False,1,1
1269,24,betCent,10,0.3358877388535032,0,30,None,66,1,5,False,1,1
1270,20,betCent,10,0.2562699044585987,0,31,None,66,1,5,False,1,1
1271,21,betCent,10,0.2609474522292994,0,31,None,66,1,5,False,1,1
1272,22,betCent,10,0.3006568471337579,0,31,None,66,1,5,False,1,1
1273,23,betCent,10,0.3176751592356688,0,31,None,66,1,5,False,1,1
1274,24,betCent,10,0.3232484076433121,0,31,None,66,1,5,False,1,1
1275,20,betCent,10,0.3012539808917197,0,29,None,66,1,5,False,1,1
1276,21,betCent,10,0.3409633757961783,0,29,None,66,1,5,False,1,1
1277,22,betCent,10,0.3500199044585987,0,29,None,66,1,5,False,1,1
1278,23,betCent,10,0.3531050955414013,0,29,None,66,1,5,False,1,1
1279,24,betCent,10,0.3581807324840764,0,29,None,66,1,5,False,1,1
1280,20,betCent,10,0.2522890127388535,0,9,None,66,1,5,False,1,1
1281,21,betCent,10,0.2729896496815286,0,9,None,66,1,5,False,1,1
1282,22,betCent,10,0.2701035031847134,0,9,None,66,1,5,False,1,1
1283,23,betCent,10,0.2982683121019108,0,9,None,66,1,5,False,1,1
1284,24,betCent,10,0.3261345541401274,0,9,None,66,1,5,False,1,1
1285,20,betCent,10,0.2916998407643312,0,32,None,66,1,5,False,1,1
1286,21,betCent,10,0.2921974522292994,0,32,None,66,1,5,False,1,1
1287,22,betCent,10,0.2923964968152866,0,32,None,66,1,5,False,1,1
1288,23,betCent,10,0.2928941082802547,0,32,None,66,1,5,False,1,1
1289,24,betCent,10,0.2985668789808917,0,32,None,66,1,5,False,1,1
1290,20,betCent,10,0.3373805732484076,0,7,None,66,1,5,False,1,1
1291,21,betCent,10,0.3674363057324841,0,7,None,66,1,5,False,1,1
1292,22,betCent,10,0.3687300955414013,0,7,None,66,1,5,False,1,1
1293,23,betCent,10,0.3714171974522293,0,7,None,66,1,5,False,1,1
1294,24,betCent,10,0.3759952229299363,0,7,None,66,1,5,False,1,1
1295,20,betCent,10,0.2751791401273885,0,28,None,66,1,5,False,1,1
1296,21,betCent,10,0.2158638535031847,0,28,None,66,1,5,False,1,1
1297,22,betCent,10,0.2344745222929936,0,28,None,66,1,5,False,1,1
1298,23,betCent,10,0.2559713375796178,0,28,None,66,1,5,False,1,1
1299,24,betCent,10,0.2714968152866242,0,28,None,66,1,5,False,1,1
1300,20,betCent,10,0.3562898089171974,0,3,None,66,1,5,False,1,1
1301,21,betCent,10,0.3585788216560509,0,3,None,66,1,5,False,1,1
1302,22,betCent,10,0.3725119426751592,0,3,None,66,1,5,False,1,1
1303,23,betCent,10,0.3957006369426751,0,3,None,66,1,5,False,1,1
1304,24,betCent,10,0.4124203821656051,0,3,None,66,1,5,False,1,1
1305,20,betCent,10,0.289609872611465,0,4,None,66,1,5,False,1,1
1306,21,betCent,10,0.2913017515923566,0,4,None,66,1,5,False,1,1
1307,22,betCent,10,0.3086186305732484,0,4,None,66,1,5,False,1,1
1308,23,betCent,10,0.3341958598726114,0,4,None,66,1,5,False,1,1
1309,24,betCent,10,0.3549960191082802,0,4,None,66,1,5,False,1,1
1310,20,betCent,10,0.289609872611465,0,0,None,66,1,5,False,1,1
1311,21,betCent,10,0.2911027070063694,0,0,None,66,1,5,False,1,1
1312,22,betCent,10,0.300358280254777,0,0,None,66,1,5,False,1,1
1313,23,betCent,10,0.3126990445859872,0,0,None,66,1,5,False,1,1
1314,24,betCent,10,0.3250398089171974,0,0,None,66,1,5,False,1,1
1315,20,betCent,10,0.3085191082802547,0,23,None,66,1,5,False,1,1
1316,21,betCent,10,0.3420581210191082,0,23,None,66,1,5,False,1,1
1317,22,betCent,10,0.2897093949044586,0,23,None,66,1,5,False,1,1
1318,23,betCent,10,0.287718949044586,0,23,None,66,1,5,False,1,1
1319,24,betCent,10,0.2887141719745223,0,23,None,66,1,5,False,1,1
2145,25,betCent,10,0.428343949044586,0,1,None,66,1,5,False,1,1
2146,26,betCent,10,0.4389928343949044,0,1,None,66,1,5,False,1,1
2147,27,betCent,10,0.4444665605095541,0,1,None,66,1,5,False,1,1
2148,28,betCent,10,0.4519307324840764,0,1,None,66,1,5,False,1,1
2149,29,betCent,10,0.4615843949044586,0,1,None,66,1,5,False,1,1
2150,25,betCent,10,0.3450437898089172,0,13,None,66,1,5,False,1,1
2151,26,betCent,10,0.3526074840764331,0,13,None,66,1,5,False,1,1
2152,27,betCent,10,0.3572850318471338,0,13,None,66,1,5,False,1,1
2153,28,betCent,10,0.3655453821656051,0,13,None,66,1,5,False,1,1
2154,29,betCent,10,0.3904259554140127,0,13,None,66,1,5,False,1,1
2155,25,betCent,10,0.3596735668789809,0,16,None,66,1,5,False,1,1
2156,26,betCent,10,0.3774880573248407,0,16,None,66,1,5,False,1,1
2157,27,betCent,10,0.3918192675159235,0,16,None,66,1,5,False,1,1
2158,28,betCent,10,0.400577229299363,0,16,None,66,1,5,False,1,1
2159,29,betCent,10,0.4106289808917197,0,16,None,66,1,5,False,1,1
2160,25,betCent,10,0.2972730891719745,0,14,None,66,1,5,False,1,1
2161,26,betCent,10,0.2585589171974522,0,14,None,66,1,5,False,1,1
2162,27,betCent,10,0.2614450636942675,0,14,None,66,1,5,False,1,1
2163,28,betCent,10,0.2613455414012738,0,14,None,66,1,5,False,1,1
2164,29,betCent,10,0.2620421974522293,0,14,None,66,1,5,False,1,1
2165,25,betCent,10,0.2882165605095541,0,25,None,66,1,5,False,1,1
2166,26,betCent,10,0.2857285031847134,0,25,None,66,1,5,False,1,1
2167,27,betCent,10,0.2939888535031847,0,25,None,66,1,5,False,1,1
2168,28,betCent,10,0.3233479299363057,0,25,None,66,1,5,False,1,1
2169,29,betCent,10,0.3551950636942675,0,25,None,66,1,5,False,1,1
2170,25,betCent,10,0.3473328025477707,0,26,None,66,1,5,False,1,1
2171,26,betCent,10,0.3733081210191082,0,26,None,66,1,5,False,1,1
2172,27,betCent,10,0.3983877388535032,0,26,None,66,1,5,False,1,1
2173,28,betCent,10,0.4144108280254777,0,26,None,66,1,5,False,1,1
2174,29,betCent,10,0.4261544585987261,0,26,None,66,1,5,False,1,1
2175,25,betCent,10,0.3668391719745223,0,29,None,66,1,5,False,1,1
2176,26,betCent,10,0.3696257961783439,0,29,None,66,1,5,False,1,1
2177,27,betCent,10,0.3646496815286624,0,29,None,66,1,5,False,1,1
2178,28,betCent,10,0.3580812101910828,0,29,None,66,1,5,False,1,1
2179,29,betCent,10,0.3569864649681528,0,29,None,66,1,5,False,1,1
2180,25,betCent,10,0.3642515923566879,0,30,None,66,1,5,False,1,1
2181,26,betCent,10,0.3715167197452229,0,30,None,66,1,5,False,1,1
2182,27,betCent,10,0.3754976114649681,0,30,None,66,1,5,False,1,1
2183,28,betCent,10,0.3778861464968153,0,30,None,66,1,5,False,1,1
2184,29,betCent,10,0.3790804140127388,0,30,None,66,1,5,False,1,1
2185,25,betCent,10,0.3381767515923566,0,31,None,66,1,5,False,1,1
2186,26,betCent,10,0.3340963375796178,0,31,None,66,1,5,False,1,1
2187,27,betCent,10,0.3499203821656051,0,31,None,66,1,5,False,1,1
2188,28,betCent,10,0.3641520700636942,0,31,None,66,1,5,False,1,1
2189,29,betCent,10,0.3754976114649681,0,31,None,66,1,5,False,1,1
2190,25,betCent,10,0.4686504777070063,0,27,None,66,1,5,False,1,1
2191,26,betCent,10,0.4195859872611465,0,27,None,66,1,5,False,1,1
2192,27,betCent,10,0.4236664012738853,0,27,None,66,1,5,False,1,1
2193,28,betCent,10,0.4312300955414013,0,27,None,66,1,5,False,1,1
2194,29,betCent,10,0.4357085987261146,0,27,None,66,1,5,False,1,1
2195,25,betCent,10,0.3725119426751592,0,2,None,66,1,5,False,1,1
2196,26,betCent,10,0.372014331210191,0,2,None,66,1,5,False,1,1
2197,27,betCent,10,0.3724124203821656,0,2,None,66,1,5,False,1,1
2198,28,betCent,10,0.3732085987261146,0,2,None,66,1,5,False,1,1
2199,29,betCent,10,0.3746019108280254,0,2,None,66,1,5,False,1,1
2200,25,betCent,10,0.3497213375796178,0,5,None,66,1,5,False,1,1
2201,26,betCent,10,0.3615644904458598,0,5,None,66,1,5,False,1,1
2202,27,betCent,10,0.3657444267515923,0,5,None,66,1,5,False,1,1
2203,28,betCent,10,0.3588773885350318,0,5,None,66,1,5,False,1,1
2204,29,betCent,10,0.3507165605095541,0,5,None,66,1,5,False,1,1
2205,25,betCent,10,0.4238654458598726,0,7,None,66,1,5,False,1,1
2206,26,betCent,10,0.4257563694267516,0,7,None,66,1,5,False,1,1
2207,27,betCent,10,0.4327229299363057,0,7,None,66,1,5,False,1,1
2208,28,betCent,10,0.4408837579617834,0,7,None,66,1,5,False,1,1
2209,29,betCent,10,0.4508359872611465,0,7,None,66,1,5,False,1,1
2210,25,betCent,10,0.3830613057324841,0,9,None,66,1,5,False,1,1
2211,26,betCent,10,0.3527070063694267,0,9,None,66,1,5,False,1,1
2212,27,betCent,10,0.3546974522292994,0,9,None,66,1,5,False,1,1
2213,28,betCent,10,0.3565883757961783,0,9,None,66,1,5,False,1,1
2214,29,betCent,10,0.3581807324840764,0,9,None,66,1,5,False,1,1
2215,25,betCent,10,0.4537221337579618,0,15,None,66,1,5,False,1,1
2216,26,betCent,10,0.4648686305732484,0,15,None,66,1,5,False,1,1
2217,27,betCent,10,0.4717356687898089,0,15,None,66,1,5,False,1,1
2218,28,betCent,10,0.4773089171974522,0,15,None,66,1,5,False,1,1
2219,29,betCent,10,0.4817874203821656,0,15,None,66,1,5,False,1,1
2220,25,betCent,10,0.4375995222929936,0,12,None,66,1,5,False,1,1
2221,26,betCent,10,0.4390923566878981,0,12,None,66,1,5,False,1,1
2222,27,betCent,10,0.4417794585987261,0,12,None,66,1,5,False,1,1
2223,28,betCent,10,0.4502388535031847,0,12,None,66,1,5,False,1,1
2224,29,betCent,10,0.4631767515923566,0,12,None,66,1,5,False,1,1
2225,25,betCent,10,0.2525875796178344,0,28,None,66,1,5,False,1,1
2226,26,betCent,10,0.2703025477707006,0,28,None,66,1,5,False,1,1
2227,27,betCent,10,0.2846337579617834,0,28,None,66,1,5,False,1,1
2228,28,betCent,10,0.2954816878980891,0,28,None,66,1,5,False,1,1
2229,29,betCent,10,0.3067277070063694,0,28,None,66,1,5,False,1,1
2230,25,betCent,10,0.3374800955414013,0,11,None,66,1,5,False,1,1
2231,26,betCent,10,0.3581807324840764,0,11,None,66,1,5,False,1,1
2232,27,betCent,10,0.3689291401273885,0,11,None,66,1,5,False,1,1
2233,28,betCent,10,0.3811703821656051,0,11,None,66,1,5,False,1,1
2234,29,betCent,10,0.3947054140127388,0,11,None,66,1,5,False,1,1
2235,25,betCent,10,0.4427746815286624,0,17,None,66,1,5,False,1,1
2236,26,betCent,10,0.4471536624203822,0,17,None,66,1,5,False,1,1
2237,27,betCent,10,0.4675557324840764,0,17,None,66,1,5,False,1,1
2238,28,betCent,10,0.4806926751592357,0,17,None,66,1,5,False,1,1
2239,29,betCent,10,0.4918391719745223,0,17,None,66,1,5,False,1,1
2240,25,betCent,10,0.2663216560509554,0,24,None,66,1,5,False,1,1
2241,26,betCent,10,0.2669187898089172,0,24,None,66,1,5,False,1,1
2242,27,betCent,10,0.2771695859872611,0,24,None,66,1,5,False,1,1
2243,28,betCent,10,0.3101114649681528,0,24,None,66,1,5,False,1,1
2244,29,betCent,10,0.3362858280254777,0,24,None,66,1,5,False,1,1
2245,25,betCent,10,0.3193670382165605,0,0,None,66,1,5,False,1,1
2246,26,betCent,10,0.3321058917197452,0,0,None,66,1,5,False,1,1
2247,27,betCent,10,0.3443471337579618,0,0,None,66,1,5,False,1,1
2248,28,betCent,10,0.3560907643312102,0,0,None,66,1,5,False,1,1
2249,29,betCent,10,0.3680334394904458,0,0,None,66,1,5,False,1,1
2250,25,betCent,10,0.4232683121019108,0,3,None,66,1,5,False,1,1
2251,26,betCent,10,0.440983280254777,0,3,None,66,1,5,False,1,1
2252,27,betCent,10,0.4528264331210191,0,3,None,66,1,5,False,1,1
2253,28,betCent,10,0.4617834394904458,0,3,None,66,1,5,False,1,1
2254,29,betCent,10,0.4696457006369426,0,3,None,66,1,5,False,1,1
2255,25,betCent,10,0.4579020700636942,0,6,None,66,1,5,False,1,1
2256,26,betCent,10,0.4195859872611465,0,6,None,66,1,5,False,1,1
2257,27,betCent,10,0.42078025477707,0,6,None,66,1,5,False,1,1
2258,28,betCent,10,0.424562101910828,0,6,None,66,1,5,False,1,1
2259,29,betCent,10,0.4281449044585987,0,6,None,66,1,5,False,1,1
2260,25,betCent,10,0.3534036624203822,0,4,None,66,1,5,False,1,1
2261,26,betCent,10,0.3722133757961783,0,4,None,66,1,5,False,1,1
2262,27,betCent,10,0.3810708598726114,0,4,None,66,1,5,False,1,1
2263,28,betCent,10,0.3863455414012738,0,4,None,66,1,5,False,1,1
2264,29,betCent,10,0.3899283439490446,0,4,None,66,1,5,False,1,1
2265,25,betCent,10,0.4164012738853503,0,20,None,66,1,5,False,1,1
2266,26,betCent,10,0.3853503184713376,0,20,None,66,1,5,False,1,1
2267,27,betCent,10,0.416202229299363,0,20,None,66,1,5,False,1,1
2268,28,betCent,10,0.4460589171974522,0,20,None,66,1,5,False,1,1
2269,29,betCent,10,0.4656648089171974,0,20,None,66,1,5,False,1,1
2270,25,betCent,10,0.3644506369426751,0,10,None,66,1,5,False,1,1
2271,26,betCent,10,0.3609673566878981,0,10,None,66,1,5,False,1,1
2272,27,betCent,10,0.3618630573248407,0,10,None,66,1,5,False,1,1
2273,28,betCent,10,0.3626592356687898,0,10,None,66,1,5,False,1,1
2274,29,betCent,10,0.3643511146496815,0,10,None,66,1,5,False,1,1
2275,25,betCent,10,0.3850517515923566,0,22,None,66,1,5,False,1,1
2276,26,betCent,10,0.4077428343949044,0,22,None,66,1,5,False,1,1
2277,27,betCent,10,0.4240644904458598,0,22,None,66,1,5,False,1,1
2278,28,betCent,10,0.4392914012738853,0,22,None,66,1,5,False,1,1
2279,29,betCent,10,0.4588972929936306,0,22,None,66,1,5,False,1,1
2280,25,betCent,10,0.3623606687898089,0,23,None,66,1,5,False,1,1
2281,26,betCent,10,0.3343949044585987,0,23,None,66,1,5,False,1,1
2282,27,betCent,10,0.331608280254777,0,23,None,66,1,5,False,1,1
2283,28,betCent,10,0.3348925159235669,0,23,None,66,1,5,False,1,1
2284,29,betCent,10,0.3398686305732484,0,23,None,66,1,5,False,1,1
2285,25,betCent,10,0.3188694267515923,0,32,None,66,1,5,False,1,1
2286,26,betCent,10,0.3335987261146497,0,32,None,66,1,5,False,1,1
2287,27,betCent,10,0.3580812101910828,0,32,None,66,1,5,False,1,1
2288,28,betCent,10,0.3730095541401274,0,32,None,66,1,5,False,1,1
2289,29,betCent,10,0.3852507961783439,0,32,None,66,1,5,False,1,1
2290,25,betCent,10,0.3806727707006369,0,8,None,66,1,5,False,1,1
2291,26,betCent,10,0.3587778662420382,0,8,None,66,1,5,False,1,1
2292,27,betCent,10,0.3454418789808917,0,8,None,66,1,5,False,1,1
2293,28,betCent,10,0.3370820063694267,0,8,None,66,1,5,False,1,1
2294,29,betCent,10,0.3382762738853503,0,8,None,66,1,5,False,1,1
2295,25,betCent,10,0.3622611464968153,0,18,None,66,1,5,False,1,1
2296,26,betCent,10,0.3528065286624204,0,18,None,66,1,5,False,1,1
2297,27,betCent,10,0.3599721337579618,0,18,None,66,1,5,False,1,1
2298,28,betCent,10,0.3616640127388535,0,18,None,66,1,5,False,1,1
2299,29,betCent,10,0.3646496815286624,0,18,None,66,1,5,False,1,1
2300,25,betCent,10,0.3603702229299363,0,19,None,66,1,5,False,1,1
2301,26,betCent,10,0.3743033439490446,0,19,None,66,1,5,False,1,1
2302,27,betCent,10,0.3861464968152866,0,19,None,66,1,5,False,1,1
2303,28,betCent,10,0.3948049363057325,0,19,None,66,1,5,False,1,1
2304,29,betCent,10,0.4035628980891719,0,19,None,66,1,5,False,1,1
2305,25,betCent,10,0.3713176751592357,0,21,None,66,1,5,False,1,1
2306,26,betCent,10,0.3781847133757962,0,21,None,66,1,5,False,1,1
2307,27,betCent,10,0.401671974522293,0,21,None,66,1,5,False,1,1
2308,28,betCent,10,0.4157046178343949,0,21,None,66,1,5,False,1,1
2309,29,betCent,10,0.4231687898089172,0,21,None,66,1,5,False,1,1
2310,30,betCent,10,0.3670382165605095,0,25,None,66,1,5,False,1,1
2311,31,betCent,10,0.381468949044586,0,25,None,66,1,5,False,1,1
2312,32,betCent,10,0.3975915605095541,0,25,None,66,1,5,False,1,1
2313,33,betCent,10,0.4102308917197452,0,25,None,66,1,5,False,1,1
2314,34,betCent,10,0.4206807324840764,0,25,None,66,1,5,False,1,1
2315,30,betCent,10,0.42078025477707,0,26,None,66,1,5,False,1,1
2316,31,betCent,10,0.4322253184713376,0,26,None,66,1,5,False,1,1
2317,32,betCent,10,0.4366042993630573,0,26,None,66,1,5,False,1,1
2318,33,betCent,10,0.4405851910828025,0,26,None,66,1,5,False,1,1
2319,34,betCent,10,0.4426751592356688,0,26,None,66,1,5,False,1,1
2320,30,betCent,10,0.3964968152866242,0,30,None,66,1,5,False,1,1
2321,31,betCent,10,0.4045581210191082,0,30,None,66,1,5,False,1,1
2322,32,betCent,10,0.4143113057324841,0,30,None,66,1,5,False,1,1
2323,33,betCent,10,0.4231687898089172,0,30,None,66,1,5,False,1,1
2324,34,betCent,10,0.4300358280254777,0,30,None,66,1,5,False,1,1
2325,30,betCent,10,0.3055334394904458,0,14,None,66,1,5,False,1,1
2326,31,betCent,10,0.2604498407643312,0,14,None,66,1,5,False,1,1
2327,32,betCent,10,0.2608479299363057,0,14,None,66,1,5,False,1,1
2328,33,betCent,10,0.2613455414012738,0,14,None,66,1,5,False,1,1
2329,34,betCent,10,0.2623407643312102,0,14,None,66,1,5,False,1,1
2330,30,betCent,10,0.4693471337579618,0,22,None,66,1,5,False,1,1
2331,31,betCent,10,0.5111464968152867,0,22,None,66,1,5,False,1,1
2332,32,betCent,10,0.5349323248407644,0,22,None,66,1,5,False,1,1
2333,33,betCent,10,0.5447850318471338,0,22,None,66,1,5,False,1,1
2334,34,betCent,10,0.5505573248407644,0,22,None,66,1,5,False,1,1
2335,30,betCent,10,0.4956210191082802,0,6,None,66,1,5,False,1,1
2336,31,betCent,10,0.4776074840764331,0,6,None,66,1,5,False,1,1
2337,32,betCent,10,0.474124203821656,0,6,None,66,1,5,False,1,1
2338,33,betCent,10,0.4738256369426751,0,6,None,66,1,5,False,1,1
2339,34,betCent,10,0.4755175159235669,0,6,None,66,1,5,False,1,1
2340,30,betCent,10,0.3854498407643312,0,32,None,66,1,5,False,1,1
2341,31,betCent,10,0.400577229299363,0,32,None,66,1,5,False,1,1
2342,32,betCent,10,0.4100318471337579,0,32,None,66,1,5,False,1,1
2343,33,betCent,10,0.4161027070063694,0,32,None,66,1,5,False,1,1
2344,34,betCent,10,0.4212778662420382,0,32,None,66,1,5,False,1,1
2345,30,betCent,10,0.4065485668789809,0,16,None,66,1,5,False,1,1
2346,31,betCent,10,0.4227707006369426,0,16,None,66,1,5,False,1,1
2347,32,betCent,10,0.4426751592356688,0,16,None,66,1,5,False,1,1
2348,33,betCent,10,0.4648686305732484,0,16,None,66,1,5,False,1,1
2349,34,betCent,10,0.4900477707006369,0,16,None,66,1,5,False,1,1
2350,30,betCent,10,0.3992834394904458,0,31,None,66,1,5,False,1,1
2351,31,betCent,10,0.4022691082802547,0,31,None,66,1,5,False,1,1
2352,32,betCent,10,0.4052547770700637,0,31,None,66,1,5,False,1,1
2353,33,betCent,10,0.4068471337579618,0,31,None,66,1,5,False,1,1
2354,34,betCent,10,0.4083399681528662,0,31,None,66,1,5,False,1,1
2355,30,betCent,10,0.337281050955414,0,24,None,66,1,5,False,1,1
2356,31,betCent,10,0.351015127388535,0,24,None,66,1,5,False,1,1
2357,32,betCent,10,0.3655453821656051,0,24,None,66,1,5,False,1,1
2358,33,betCent,10,0.3856488853503185,0,24,None,66,1,5,False,1,1
2359,34,betCent,10,0.4002786624203822,0,24,None,66,1,5,False,1,1
2360,30,betCent,10,0.4511345541401274,0,1,None,66,1,5,False,1,1
2361,31,betCent,10,0.4613853503184713,0,1,None,66,1,5,False,1,1
2362,32,betCent,10,0.4723328025477707,0,1,None,66,1,5,False,1,1
2363,33,betCent,10,0.4831807324840764,0,1,None,66,1,5,False,1,1
2364,34,betCent,10,0.4910429936305732,0,1,None,66,1,5,False,1,1
2365,30,betCent,10,0.408140923566879,0,13,None,66,1,5,False,1,1
2366,31,betCent,10,0.429140127388535,0,13,None,66,1,5,False,1,1
2367,32,betCent,10,0.4433718152866242,0,13,None,66,1,5,False,1,1
2368,33,betCent,10,0.4554140127388535,0,13,None,66,1,5,False,1,1
2369,34,betCent,10,0.4651671974522293,0,13,None,66,1,5,False,1,1
2370,30,betCent,10,0.3737062101910828,0,23,None,66,1,5,False,1,1
2371,31,betCent,10,0.3713176751592357,0,23,None,66,1,5,False,1,1
2372,32,betCent,10,0.3726114649681528,0,23,None,66,1,5,False,1,1
2373,33,betCent,10,0.3763933121019108,0,23,None,66,1,5,False,1,1
2374,34,betCent,10,0.3839570063694267,0,23,None,66,1,5,False,1,1
2375,30,betCent,10,0.3603702229299363,0,29,None,66,1,5,False,1,1
2376,31,betCent,10,0.3586783439490446,0,29,None,66,1,5,False,1,1
2377,32,betCent,10,0.359375,0,29,None,66,1,5,False,1,1
2378,33,betCent,10,0.3606687898089172,0,29,None,66,1,5,False,1,1
2379,34,betCent,10,0.3613654458598726,0,29,None,66,1,5,False,1,1
2380,30,betCent,10,0.5033837579617835,0,27,None,66,1,5,False,1,1
2381,31,betCent,10,0.4874601910828025,0,27,None,66,1,5,False,1,1
2382,32,betCent,10,0.4815883757961783,0,27,None,66,1,5,False,1,1
2383,33,betCent,10,0.4807921974522293,0,27,None,66,1,5,False,1,1
2384,34,betCent,10,0.4834792993630573,0,27,None,66,1,5,False,1,1
2385,30,betCent,10,0.4047571656050955,0,19,None,66,1,5,False,1,1
2386,31,betCent,10,0.4198845541401274,0,19,None,66,1,5,False,1,1
2387,32,betCent,10,0.4360071656050955,0,19,None,66,1,5,False,1,1
2388,33,betCent,10,0.4456608280254777,0,19,None,66,1,5,False,1,1
2389,34,betCent,10,0.4554140127388535,0,19,None,66,1,5,False,1,1
2390,30,betCent,10,0.3819665605095541,0,8,None,66,1,5,False,1,1
2391,31,betCent,10,0.3913216560509554,0,8,None,66,1,5,False,1,1
2392,32,betCent,10,0.3985867834394904,0,8,None,66,1,5,False,1,1
2393,33,betCent,10,0.4039609872611465,0,8,None,66,1,5,False,1,1
2394,34,betCent,10,0.4119227707006369,0,8,None,66,1,5,False,1,1
2395,30,betCent,10,0.4326234076433121,0,21,None,66,1,5,False,1,1
2396,31,betCent,10,0.4381966560509554,0,21,None,66,1,5,False,1,1
2397,32,betCent,10,0.4437699044585987,0,21,None,66,1,5,False,1,1
2398,33,betCent,10,0.4504378980891719,0,21,None,66,1,5,False,1,1
2399,34,betCent,10,0.458499203821656,0,21,None,66,1,5,False,1,1
2400,30,betCent,10,0.3756966560509554,0,2,None,66,1,5,False,1,1
2401,31,betCent,10,0.3762937898089172,0,2,None,66,1,5,False,1,1
2402,32,betCent,10,0.3823646496815286,0,2,None,66,1,5,False,1,1
2403,33,betCent,10,0.3898288216560509,0,2,None,66,1,5,False,1,1
2404,34,betCent,10,0.395999203821656,0,2,None,66,1,5,False,1,1
2405,30,betCent,10,0.4774084394904458,0,3,None,66,1,5,False,1,1
2406,31,betCent,10,0.4823845541401274,0,3,None,66,1,5,False,1,1
2407,32,betCent,10,0.4874601910828025,0,3,None,66,1,5,False,1,1
2408,33,betCent,10,0.4918391719745223,0,3,None,66,1,5,False,1,1
2409,34,betCent,10,0.4955214968152866,0,3,None,66,1,5,False,1,1
2410,30,betCent,10,0.4010748407643312,0,0,None,66,1,5,False,1,1
2411,31,betCent,10,0.4118232484076433,0,0,None,66,1,5,False,1,1
2412,32,betCent,10,0.4240644904458598,0,0,None,66,1,5,False,1,1
2413,33,betCent,10,0.4375995222929936,0,0,None,66,1,5,False,1,1
2414,34,betCent,10,0.4480493630573248,0,0,None,66,1,5,False,1,1
2415,30,betCent,10,0.3901273885350318,0,4,None,66,1,5,False,1,1
2416,31,betCent,10,0.3930135350318471,0,4,None,66,1,5,False,1,1
2417,32,betCent,10,0.3965963375796178,0,4,None,66,1,5,False,1,1
2418,33,betCent,10,0.398984872611465,0,4,None,66,1,5,False,1,1
2419,34,betCent,10,0.4001791401273885,0,4,None,66,1,5,False,1,1
2420,30,betCent,10,0.4465565286624204,0,7,None,66,1,5,False,1,1
2421,31,betCent,10,0.4540207006369426,0,7,None,66,1,5,False,1,1
2422,32,betCent,10,0.4650676751592357,0,7,None,66,1,5,False,1,1
2423,33,betCent,10,0.4756170382165605,0,7,None,66,1,5,False,1,1
2424,34,betCent,10,0.4857683121019108,0,7,None,66,1,5,False,1,1
2425,30,betCent,10,0.4093351910828025,0,5,None,66,1,5,False,1,1
2426,31,betCent,10,0.4269506369426751,0,5,None,66,1,5,False,1,1
2427,32,betCent,10,0.4418789808917197,0,5,None,66,1,5,False,1,1
2428,33,betCent,10,0.449343152866242,0,5,None,66,1,5,False,1,1
2429,34,betCent,10,0.4555135350318471,0,5,None,66,1,5,False,1,1
2430,30,betCent,10,0.3832603503184713,0,9,None,66,1,5,False,1,1
2431,31,betCent,10,0.3614649681528662,0,9,None,66,1,5,False,1,1
2432,32,betCent,10,0.3664410828025478,0,9,None,66,1,5,False,1,1
2433,33,betCent,10,0.3760947452229299,0,9,None,66,1,5,False,1,1
2434,34,betCent,10,0.386843152866242,0,9,None,66,1,5,False,1,1
2435,30,betCent,10,0.3799761146496815,0,10,None,66,1,5,False,1,1
2436,31,betCent,10,0.3679339171974522,0,10,None,66,1,5,False,1,1
2437,32,betCent,10,0.3726114649681528,0,10,None,66,1,5,False,1,1
2438,33,betCent,10,0.380374203821656,0,10,None,66,1,5,False,1,1
2439,34,betCent,10,0.3897292993630573,0,10,None,66,1,5,False,1,1
2440,30,betCent,10,0.3766918789808917,0,11,None,66,1,5,False,1,1
2441,31,betCent,10,0.3883359872611465,0,11,None,66,1,5,False,1,1
2442,32,betCent,10,0.4009753184713376,0,11,None,66,1,5,False,1,1
2443,33,betCent,10,0.4266520700636942,0,11,None,66,1,5,False,1,1
2444,34,betCent,10,0.4583001592356688,0,11,None,66,1,5,False,1,1
2445,30,betCent,10,0.4453622611464968,0,12,None,66,1,5,False,1,1
2446,31,betCent,10,0.4544187898089172,0,12,None,66,1,5,False,1,1
2447,32,betCent,10,0.4680533439490446,0,12,None,66,1,5,False,1,1
2448,33,betCent,10,0.4849721337579618,0,12,None,66,1,5,False,1,1
2449,34,betCent,10,0.5028861464968153,0,12,None,66,1,5,False,1,1
2450,30,betCent,10,0.485171178343949,0,15,None,66,1,5,False,1,1
2451,31,betCent,10,0.4896496815286624,0,15,None,66,1,5,False,1,1
2452,32,betCent,10,0.4940286624203822,0,15,None,66,1,5,False,1,1
2453,33,betCent,10,0.4971138535031847,0,15,None,66,1,5,False,1,1
2454,34,betCent,10,0.5009952229299363,0,15,None,66,1,5,False,1,1
2455,30,betCent,10,0.5282643312101911,0,17,None,66,1,5,False,1,1
2456,31,betCent,10,0.5138335987261147,0,17,None,66,1,5,False,1,1
2457,32,betCent,10,0.51453025477707,0,17,None,66,1,5,False,1,1
2458,33,betCent,10,0.5179140127388535,0,17,None,66,1,5,False,1,1
2459,34,betCent,10,0.5224920382165605,0,17,None,66,1,5,False,1,1
2460,30,betCent,10,0.356389331210191,0,18,None,66,1,5,False,1,1
2461,31,betCent,10,0.3679339171974522,0,18,None,66,1,5,False,1,1
2462,32,betCent,10,0.3800756369426751,0,18,None,66,1,5,False,1,1
2463,33,betCent,10,0.3912221337579618,0,18,None,66,1,5,False,1,1
2464,34,betCent,10,0.4015724522292994,0,18,None,66,1,5,False,1,1
2465,30,betCent,10,0.4536226114649681,0,20,None,66,1,5,False,1,1
2466,31,betCent,10,0.4716361464968153,0,20,None,66,1,5,False,1,1
2467,32,betCent,10,0.4875597133757962,0,20,None,66,1,5,False,1,1
2468,33,betCent,10,0.5,0,20,None,66,1,5,False,1,1
2469,34,betCent,10,0.5114450636942676,0,20,None,66,1,5,False,1,1
2470,30,betCent,10,0.3150875796178344,0,28,None,66,1,5,False,1,1
2471,31,betCent,10,0.3028463375796178,0,28,None,66,1,5,False,1,1
2472,32,betCent,10,0.3256369426751592,0,28,None,66,1,5,False,1,1
2473,33,betCent,10,0.3449442675159235,0,28,None,66,1,5,False,1,1
2474,34,betCent,10,0.3542993630573248,0,28,None,66,1,5,False,1,1
3630,35,betCent,10,0.4756170382165605,0,1,None,66,1,5,False,1,1
3631,36,betCent,10,0.4848726114649681,0,1,None,66,1,5,False,1,1
3632,37,betCent,10,0.4931329617834395,0,1,None,66,1,5,False,1,1
3633,38,betCent,10,0.5016918789808917,0,1,None,66,1,5,False,1,1
3634,39,betCent,10,0.5113455414012739,0,1,None,66,1,5,False,1,1
3635,35,betCent,10,0.3806727707006369,0,2,None,66,1,5,False,1,1
3636,36,betCent,10,0.4004777070063694,0,2,None,66,1,5,False,1,1
3637,37,betCent,10,0.4084394904458598,0,2,None,66,1,5,False,1,1
3638,38,betCent,10,0.4163017515923566,0,2,None,66,1,5,False,1,1
3639,39,betCent,10,0.4209792993630573,0,2,None,66,1,5,False,1,1
3640,35,betCent,10,0.4785031847133758,0,5,None,66,1,5,False,1,1
3641,36,betCent,10,0.4825835987261146,0,5,None,66,1,5,False,1,1
3642,37,betCent,10,0.487062101910828,0,5,None,66,1,5,False,1,1
3643,38,betCent,10,0.488953025477707,0,5,None,66,1,5,False,1,1
3644,39,betCent,10,0.4922372611464968,0,5,None,66,1,5,False,1,1
3645,35,betCent,10,0.4755175159235669,0,13,None,66,1,5,False,1,1
3646,36,betCent,10,0.4834792993630573,0,13,None,66,1,5,False,1,1
3647,37,betCent,10,0.4919386942675159,0,13,None,66,1,5,False,1,1
3648,38,betCent,10,0.5004976114649682,0,13,None,66,1,5,False,1,1
3649,39,betCent,10,0.5058718152866242,0,13,None,66,1,5,False,1,1
3650,35,betCent,10,0.5042794585987261,0,15,None,66,1,5,False,1,1
3651,36,betCent,10,0.5073646496815286,0,15,None,66,1,5,False,1,1
3652,37,betCent,10,0.511046974522293,0,15,None,66,1,5,False,1,1
3653,38,betCent,10,0.5142316878980892,0,15,None,66,1,5,False,1,1
3654,39,betCent,10,0.5181130573248408,0,15,None,66,1,5,False,1,1
3655,35,betCent,10,0.4683519108280254,0,16,None,66,1,5,False,1,1
3656,36,betCent,10,0.5161226114649682,0,16,None,66,1,5,False,1,1
3657,37,betCent,10,0.5544386942675159,0,16,None,66,1,5,False,1,1
3658,38,betCent,10,0.5767316878980892,0,16,None,66,1,5,False,1,1
3659,39,betCent,10,0.5934514331210191,0,16,None,66,1,5,False,1,1
3660,35,betCent,10,0.4505374203821656,0,19,None,66,1,5,False,1,1
3661,36,betCent,10,0.4653662420382166,0,19,None,66,1,5,False,1,1
3662,37,betCent,10,0.4748208598726114,0,19,None,66,1,5,False,1,1
3663,38,betCent,10,0.4835788216560509,0,19,None,66,1,5,False,1,1
3664,39,betCent,10,0.488953025477707,0,19,None,66,1,5,False,1,1
3665,35,betCent,10,0.3286226114649681,0,14,None,66,1,5,False,1,1
3666,36,betCent,10,0.3158837579617834,0,14,None,66,1,5,False,1,1
3667,37,betCent,10,0.3069267515923566,0,14,None,66,1,5,False,1,1
3668,38,betCent,10,0.3009554140127388,0,14,None,66,1,5,False,1,1
3669,39,betCent,10,0.2977707006369426,0,14,None,66,1,5,False,1,1
3670,35,betCent,10,0.4455613057324841,0,21,None,66,1,5,False,1,1
3671,36,betCent,10,0.4540207006369426,0,21,None,66,1,5,False,1,1
3672,37,betCent,10,0.4629777070063694,0,21,None,66,1,5,False,1,1
3673,38,betCent,10,0.472233280254777,0,21,None,66,1,5,False,1,1
3674,39,betCent,10,0.4816878980891719,0,21,None,66,1,5,False,1,1
3675,35,betCent,10,0.442078025477707,0,25,None,66,1,5,False,1,1
3676,36,betCent,10,0.4514331210191082,0,25,None,66,1,5,False,1,1
3677,37,betCent,10,0.4606886942675159,0,25,None,66,1,5,False,1,1
3678,38,betCent,10,0.4692476114649681,0,25,None,66,1,5,False,1,1
3679,39,betCent,10,0.4761146496815286,0,25,None,66,1,5,False,1,1
3680,35,betCent,10,0.4450636942675159,0,26,None,66,1,5,False,1,1
3681,36,betCent,10,0.4480493630573248,0,26,None,66,1,5,False,1,1
3682,37,betCent,10,0.4524283439490446,0,26,None,66,1,5,False,1,1
3683,38,betCent,10,0.4573049363057325,0,26,None,66,1,5,False,1,1
3684,39,betCent,10,0.4605891719745223,0,26,None,66,1,5,False,1,1
3685,35,betCent,10,0.4917396496815286,0,12,None,66,1,5,False,1,1
3686,36,betCent,10,0.5186106687898089,0,12,None,66,1,5,False,1,1
3687,37,betCent,10,0.5388136942675159,0,12,None,66,1,5,False,1,1
3688,38,betCent,10,0.5553343949044586,0,12,None,66,1,5,False,1,1
3689,39,betCent,10,0.5660828025477707,0,12,None,66,1,5,False,1,1
3690,35,betCent,10,0.3859474522292994,0,28,None,66,1,5,False,1,1
3691,36,betCent,10,0.3939092356687898,0,28,None,66,1,5,False,1,1
3692,37,betCent,10,0.4011743630573248,0,28,None,66,1,5,False,1,1
3693,38,betCent,10,0.4075437898089172,0,28,None,66,1,5,False,1,1
3694,39,betCent,10,0.4164012738853503,0,28,None,66,1,5,False,1,1
3695,35,betCent,10,0.3900278662420382,0,24,None,66,1,5,False,1,1
3696,36,betCent,10,0.4064490445859872,0,24,None,66,1,5,False,1,1
3697,37,betCent,10,0.4204816878980891,0,24,None,66,1,5,False,1,1
3698,38,betCent,10,0.4324243630573248,0,24,None,66,1,5,False,1,1
3699,39,betCent,10,0.4410828025477707,0,24,None,66,1,5,False,1,1
3700,35,betCent,10,0.4468550955414013,0,30,None,66,1,5,False,1,1
3701,36,betCent,10,0.4489450636942675,0,30,None,66,1,5,False,1,1
3702,37,betCent,10,0.4511345541401274,0,30,None,66,1,5,False,1,1
3703,38,betCent,10,0.457703025477707,0,30,None,66,1,5,False,1,1
3704,39,betCent,10,0.4705414012738853,0,30,None,66,1,5,False,1,1
3705,35,betCent,10,0.5187101910828026,0,27,None,66,1,5,False,1,1
3706,36,betCent,10,0.5178144904458599,0,27,None,66,1,5,False,1,1
3707,37,betCent,10,0.5204020700636943,0,27,None,66,1,5,False,1,1
3708,38,betCent,10,0.528562898089172,0,27,None,66,1,5,False,1,1
3709,39,betCent,10,0.5452826433121019,0,27,None,66,1,5,False,1,1
3710,35,betCent,10,0.4090366242038216,0,18,None,66,1,5,False,1,1
3711,36,betCent,10,0.4292396496815286,0,18,None,66,1,5,False,1,1
3712,37,betCent,10,0.4518312101910828,0,18,None,66,1,5,False,1,1
3713,38,betCent,10,0.4719347133757962,0,18,None,66,1,5,False,1,1
3714,39,betCent,10,0.4890525477707006,0,18,None,66,1,5,False,1,1
3715,35,betCent,10,0.4536226114649681,0,31,None,66,1,5,False,1,1
3716,36,betCent,10,0.4647691082802547,0,31,None,66,1,5,False,1,1
3717,37,betCent,10,0.4761146496815286,0,31,None,66,1,5,False,1,1
3718,38,betCent,10,0.488953025477707,0,31,None,66,1,5,False,1,1
3719,39,betCent,10,0.4969148089171974,0,31,None,66,1,5,False,1,1
3720,35,betCent,10,0.4720342356687898,0,7,None,66,1,5,False,1,1
3721,36,betCent,10,0.487858280254777,0,7,None,66,1,5,False,1,1
3722,37,betCent,10,0.5009952229299363,0,7,None,66,1,5,False,1,1
3723,38,betCent,10,0.5132364649681529,0,7,None,66,1,5,False,1,1
3724,39,betCent,10,0.5241839171974523,0,7,None,66,1,5,False,1,1
3725,35,betCent,10,0.5103503184713376,0,6,None,66,1,5,False,1,1
3726,36,betCent,10,0.5143312101910829,0,6,None,66,1,5,False,1,1
3727,37,betCent,10,0.5215963375796179,0,6,None,66,1,5,False,1,1
3728,38,betCent,10,0.5298566878980892,0,6,None,66,1,5,False,1,1
3729,39,betCent,10,0.5356289808917197,0,6,None,66,1,5,False,1,1
3730,35,betCent,10,0.4114251592356688,0,8,None,66,1,5,False,1,1
3731,36,betCent,10,0.4308320063694267,0,8,None,66,1,5,False,1,1
3732,37,betCent,10,0.4413813694267516,0,8,None,66,1,5,False,1,1
3733,38,betCent,10,0.4510350318471338,0,8,None,66,1,5,False,1,1
3734,39,betCent,10,0.4588972929936306,0,8,None,66,1,5,False,1,1
3735,35,betCent,10,0.5438893312101911,0,22,None,66,1,5,False,1,1
3736,36,betCent,10,0.5531449044585988,0,22,None,66,1,5,False,1,1
3737,37,betCent,10,0.5597133757961783,0,22,None,66,1,5,False,1,1
3738,38,betCent,10,0.5648885350318471,0,22,None,66,1,5,False,1,1
3739,39,betCent,10,0.5713574840764332,0,22,None,66,1,5,False,1,1
3740,35,betCent,10,0.3881369426751592,0,23,None,66,1,5,False,1,1
3741,36,betCent,10,0.3971934713375796,0,23,None,66,1,5,False,1,1
3742,37,betCent,10,0.4048566878980891,0,23,None,66,1,5,False,1,1
3743,38,betCent,10,0.412718949044586,0,23,None,66,1,5,False,1,1
3744,39,betCent,10,0.4198845541401274,0,23,None,66,1,5,False,1,1
3745,35,betCent,10,0.4169984076433121,0,32,None,66,1,5,False,1,1
3746,36,betCent,10,0.4227707006369426,0,32,None,66,1,5,False,1,1
3747,37,betCent,10,0.4282444267515923,0,32,None,66,1,5,False,1,1
3748,38,betCent,10,0.4326234076433121,0,32,None,66,1,5,False,1,1
3749,39,betCent,10,0.4366042993630573,0,32,None,66,1,5,False,1,1
3750,35,betCent,10,0.4303343949044586,0,10,None,66,1,5,False,1,1
3751,36,betCent,10,0.4295382165605095,0,10,None,66,1,5,False,1,1
3752,37,betCent,10,0.4402866242038216,0,10,None,66,1,5,False,1,1
3753,38,betCent,10,0.455015923566879,0,10,None,66,1,5,False,1,1
3754,39,betCent,10,0.4697452229299363,0,10,None,66,1,5,False,1,1
3755,35,betCent,10,0.4124203821656051,0,11,None,66,1,5,False,1,1
3756,36,betCent,10,0.4339171974522293,0,11,None,66,1,5,False,1,1
3757,37,betCent,10,0.4610867834394904,0,11,None,66,1,5,False,1,1
3758,38,betCent,10,0.4923367834394904,0,11,None,66,1,5,False,1,1
3759,39,betCent,10,0.5090565286624203,0,11,None,66,1,5,False,1,1
3760,35,betCent,10,0.4992038216560509,0,3,None,66,1,5,False,1,1
3761,36,betCent,10,0.5031847133757962,0,3,None,66,1,5,False,1,1
3762,37,betCent,10,0.506468949044586,0,3,None,66,1,5,False,1,1
3763,38,betCent,10,0.5093550955414012,0,3,None,66,1,5,False,1,1
3764,39,betCent,10,0.5122412420382165,0,3,None,66,1,5,False,1,1
3765,35,betCent,10,0.5682722929936306,0,17,None,66,1,5,False,1,1
3766,36,betCent,10,0.568968949044586,0,17,None,66,1,5,False,1,1
3767,37,betCent,10,0.5720541401273885,0,17,None,66,1,5,False,1,1
3768,38,betCent,10,0.5758359872611465,0,17,None,66,1,5,False,1,1
3769,39,betCent,10,0.5776273885350318,0,17,None,66,1,5,False,1,1
3770,35,betCent,10,0.5054737261146497,0,20,None,66,1,5,False,1,1
3771,36,betCent,10,0.5193073248407644,0,20,None,66,1,5,False,1,1
3772,37,betCent,10,0.5276671974522293,0,20,None,66,1,5,False,1,1
3773,38,betCent,10,0.5338375796178344,0,20,None,66,1,5,False,1,1
3774,39,betCent,10,0.5398089171974523,0,20,None,66,1,5,False,1,1
3775,35,betCent,10,0.3981886942675159,0,4,None,66,1,5,False,1,1
3776,36,betCent,10,0.3990843949044586,0,4,None,66,1,5,False,1,1
3777,37,betCent,10,0.4004777070063694,0,4,None,66,1,5,False,1,1
3778,38,betCent,10,0.4022691082802547,0,4,None,66,1,5,False,1,1
3779,39,betCent,10,0.4035628980891719,0,4,None,66,1,5,False,1,1
3780,35,betCent,10,0.4178941082802547,0,9,None,66,1,5,False,1,1
3781,36,betCent,10,0.4066480891719745,0,9,None,66,1,5,False,1,1
3782,37,betCent,10,0.4211783439490446,0,9,None,66,1,5,False,1,1
3783,38,betCent,10,0.4403861464968153,0,9,None,66,1,5,False,1,1
3784,39,betCent,10,0.461484872611465,0,9,None,66,1,5,False,1,1
3785,35,betCent,10,0.4600915605095541,0,0,None,66,1,5,False,1,1
3786,36,betCent,10,0.4674562101910828,0,0,None,66,1,5,False,1,1
3787,37,betCent,10,0.4780055732484076,0,0,None,66,1,5,False,1,1
3788,38,betCent,10,0.4873606687898089,0,0,None,66,1,5,False,1,1
3789,39,betCent,10,0.495421974522293,0,0,None,66,1,5,False,1,1
3790,35,betCent,10,0.3877388535031847,0,29,None,66,1,5,False,1,1
3791,36,betCent,10,0.3721138535031847,0,29,None,66,1,5,False,1,1
3792,37,betCent,10,0.368531050955414,0,29,None,66,1,5,False,1,1
3793,38,betCent,10,0.3719148089171974,0,29,None,66,1,5,False,1,1
3794,39,betCent,10,0.3763933121019108,0,29,None,66,1,5,False,1,1
3795,40,betCent,10,0.4152070063694267,0,2,None,66,1,5,False,1,1
3796,41,betCent,10,0.4263535031847134,0,2,None,66,1,5,False,1,1
3797,42,betCent,10,0.4328224522292994,0,2,None,66,1,5,False,1,1
3798,43,betCent,10,0.4389928343949044,0,2,None,66,1,5,False,1,1
3799,44,betCent,10,0.4440684713375796,0,2,None,66,1,5,False,1,1
3800,40,betCent,10,0.51671974522293,0,15,None,66,1,5,False,1,1
3801,41,betCent,10,0.519406847133758,0,15,None,66,1,5,False,1,1
3802,42,betCent,10,0.5231886942675159,0,15,None,66,1,5,False,1,1
3803,43,betCent,10,0.5272691082802548,0,15,None,66,1,5,False,1,1
3804,44,betCent,10,0.5300557324840764,0,15,None,66,1,5,False,1,1
3805,40,betCent,10,0.5334394904458599,0,20,None,66,1,5,False,1,1
3806,41,betCent,10,0.5417993630573248,0,20,None,66,1,5,False,1,1
3807,42,betCent,10,0.5469745222929936,0,20,None,66,1,5,False,1,1
3808,43,betCent,10,0.5499601910828026,0,20,None,66,1,5,False,1,1
3809,44,betCent,10,0.5537420382165605,0,20,None,66,1,5,False,1,1
3810,40,betCent,10,0.4703423566878981,0,10,None,66,1,5,False,1,1
3811,41,betCent,10,0.476015127388535,0,10,None,66,1,5,False,1,1
3812,42,betCent,10,0.4906449044585987,0,10,None,66,1,5,False,1,1
3813,43,betCent,10,0.5060708598726115,0,10,None,66,1,5,False,1,1
3814,44,betCent,10,0.5171178343949044,0,10,None,66,1,5,False,1,1
3815,40,betCent,10,0.5685708598726115,0,22,None,66,1,5,False,1,1
3816,41,betCent,10,0.5760350318471338,0,22,None,66,1,5,False,1,1
3817,42,betCent,10,0.5820063694267515,0,22,None,66,1,5,False,1,1
3818,43,betCent,10,0.5896695859872612,0,22,None,66,1,5,False,1,1
3819,44,betCent,10,0.5935509554140127,0,22,None,66,1,5,False,1,1
3820,40,betCent,10,0.431031050955414,0,32,None,66,1,5,False,1,1
3821,41,betCent,10,0.4371019108280254,0,32,None,66,1,5,False,1,1
3822,42,betCent,10,0.4399880573248407,0,32,None,66,1,5,False,1,1
3823,43,betCent,10,0.443968949044586,0,32,None,66,1,5,False,1,1
3824,44,betCent,10,0.4455613057324841,0,32,None,66,1,5,False,1,1
3825,40,betCent,10,0.5730493630573248,0,16,None,66,1,5,False,1,1
3826,41,betCent,10,0.5921576433121019,0,16,None,66,1,5,False,1,1
3827,42,betCent,10,0.6069864649681529,0,16,None,66,1,5,False,1,1
3828,43,betCent,10,0.619327229299363,0,16,None,66,1,5,False,1,1
3829,44,betCent,10,0.6269904458598726,0,16,None,66,1,5,False,1,1
3830,40,betCent,10,0.4491441082802547,0,8,None,66,1,5,False,1,1
3831,41,betCent,10,0.4639729299363057,0,8,None,66,1,5,False,1,1
3832,42,betCent,10,0.4749203821656051,0,8,None,66,1,5,False,1,1
3833,43,betCent,10,0.481389331210191,0,8,None,66,1,5,False,1,1
3834,44,betCent,10,0.4861664012738853,0,8,None,66,1,5,False,1,1
3835,40,betCent,10,0.4990047770700637,0,18,None,66,1,5,False,1,1
3836,41,betCent,10,0.5188097133757962,0,18,None,66,1,5,False,1,1
3837,42,betCent,10,0.5318471337579618,0,18,None,66,1,5,False,1,1
3838,43,betCent,10,0.5414012738853503,0,18,None,66,1,5,False,1,1
3839,44,betCent,10,0.5505573248407644,0,18,None,66,1,5,False,1,1
3840,40,betCent,10,0.469546178343949,0,25,None,66,1,5,False,1,1
3841,41,betCent,10,0.4774084394904458,0,25,None,66,1,5,False,1,1
3842,42,betCent,10,0.4830812101910828,0,25,None,66,1,5,False,1,1
3843,43,betCent,10,0.4871616242038216,0,25,None,66,1,5,False,1,1
3844,44,betCent,10,0.4917396496815286,0,25,None,66,1,5,False,1,1
3845,40,betCent,10,0.4690485668789809,0,9,None,66,1,5,False,1,1
3846,41,betCent,10,0.4838773885350318,0,9,None,66,1,5,False,1,1
3847,42,betCent,10,0.4986066878980891,0,9,None,66,1,5,False,1,1
3848,43,betCent,10,0.5081608280254777,0,9,None,66,1,5,False,1,1
3849,44,betCent,10,0.5177149681528662,0,9,None,66,1,5,False,1,1
3850,40,betCent,10,0.4173964968152866,0,29,None,66,1,5,False,1,1
3851,41,betCent,10,0.4084394904458598,0,29,None,66,1,5,False,1,1
3852,42,betCent,10,0.4088375796178344,0,29,None,66,1,5,False,1,1
3853,43,betCent,10,0.4099323248407643,0,29,None,66,1,5,False,1,1
3854,44,betCent,10,0.4113256369426751,0,29,None,66,1,5,False,1,1
3855,40,betCent,10,0.4691480891719745,0,21,None,66,1,5,False,1,1
3856,41,betCent,10,0.478702229299363,0,21,None,66,1,5,False,1,1
3857,42,betCent,10,0.4896496815286624,0,21,None,66,1,5,False,1,1
3858,43,betCent,10,0.5006966560509554,0,21,None,66,1,5,False,1,1
3859,44,betCent,10,0.5107484076433121,0,21,None,66,1,5,False,1,1
3860,40,betCent,10,0.486265923566879,0,19,None,66,1,5,False,1,1
3861,41,betCent,10,0.493531050955414,0,19,None,66,1,5,False,1,1
3862,42,betCent,10,0.4992038216560509,0,19,None,66,1,5,False,1,1
3863,43,betCent,10,0.5034832802547771,0,19,None,66,1,5,False,1,1
3864,44,betCent,10,0.5074641719745223,0,19,None,66,1,5,False,1,1
3865,40,betCent,10,0.4230692675159235,0,23,None,66,1,5,False,1,1
3866,41,betCent,10,0.4312300955414013,0,23,None,66,1,5,False,1,1
3867,42,betCent,10,0.4396894904458598,0,23,None,66,1,5,False,1,1
3868,43,betCent,10,0.4476512738853503,0,23,None,66,1,5,False,1,1
3869,44,betCent,10,0.4562101910828025,0,23,None,66,1,5,False,1,1
3870,40,betCent,10,0.5555334394904459,0,31,None,66,1,5,False,1,1
3871,41,betCent,10,0.5657842356687898,0,31,None,66,1,5,False,1,1
3872,42,betCent,10,0.5712579617834395,0,31,None,66,1,5,False,1,1
3873,43,betCent,10,0.5737460191082803,0,31,None,66,1,5,False,1,1
3874,44,betCent,10,0.5756369426751592,0,31,None,66,1,5,False,1,1
3875,40,betCent,10,0.4196855095541401,0,28,None,66,1,5,False,1,1
3876,41,betCent,10,0.4252587579617834,0,28,None,66,1,5,False,1,1
3877,42,betCent,10,0.4366042993630573,0,28,None,66,1,5,False,1,1
3878,43,betCent,10,0.4554140127388535,0,28,None,66,1,5,False,1,1
3879,44,betCent,10,0.4774084394904458,0,28,None,66,1,5,False,1,1
3880,40,betCent,10,0.544984076433121,0,27,None,66,1,5,False,1,1
3881,41,betCent,10,0.5641918789808917,0,27,None,66,1,5,False,1,1
3882,42,betCent,10,0.5782245222929936,0,27,None,66,1,5,False,1,1
3883,43,betCent,10,0.5847929936305732,0,27,None,66,1,5,False,1,1
3884,44,betCent,10,0.5908638535031847,0,27,None,66,1,5,False,1,1
3885,40,betCent,10,0.4568073248407643,0,11,None,66,1,5,False,1,1
3886,41,betCent,10,0.4955214968152866,0,11,None,66,1,5,False,1,1
3887,42,betCent,10,0.5180135350318471,0,11,None,66,1,5,False,1,1
3888,43,betCent,10,0.5260748407643312,0,11,None,66,1,5,False,1,1
3889,44,betCent,10,0.5329418789808917,0,11,None,66,1,5,False,1,1
3890,40,betCent,10,0.5803144904458599,0,17,None,66,1,5,False,1,1
3891,41,betCent,10,0.5810111464968153,0,17,None,66,1,5,False,1,1
3892,42,betCent,10,0.5844944267515924,0,17,None,66,1,5,False,1,1
3893,43,betCent,10,0.5868829617834395,0,17,None,66,1,5,False,1,1
3894,44,betCent,10,0.5900676751592356,0,17,None,66,1,5,False,1,1
3895,40,betCent,10,0.4288415605095541,0,24,None,66,1,5,False,1,1
3896,41,betCent,10,0.4416799363057325,0,24,None,66,1,5,False,1,1
3897,42,betCent,10,0.4524283439490446,0,24,None,66,1,5,False,1,1
3898,43,betCent,10,0.4602906050955414,0,24,None,66,1,5,False,1,1
3899,44,betCent,10,0.4671576433121019,0,24,None,66,1,5,False,1,1
3900,40,betCent,10,0.4938296178343949,0,1,None,66,1,5,False,1,1
3901,41,betCent,10,0.5036823248407644,0,1,None,66,1,5,False,1,1
3902,42,betCent,10,0.5157245222929936,0,1,None,66,1,5,False,1,1
3903,43,betCent,10,0.5272691082802548,0,1,None,66,1,5,False,1,1
3904,44,betCent,10,0.5371218152866242,0,1,None,66,1,5,False,1,1
3905,40,betCent,10,0.4117237261146497,0,4,None,66,1,5,False,1,1
3906,41,betCent,10,0.4022691082802547,0,4,None,66,1,5,False,1,1
3907,42,betCent,10,0.4030652866242038,0,4,None,66,1,5,False,1,1
3908,43,betCent,10,0.4050557324840764,0,4,None,66,1,5,False,1,1
3909,44,betCent,10,0.4069466560509554,0,4,None,66,1,5,False,1,1
3910,40,betCent,10,0.5039808917197452,0,7,None,66,1,5,False,1,1
3911,41,betCent,10,0.5249800955414012,0,7,None,66,1,5,False,1,1
3912,42,betCent,10,0.5376194267515924,0,7,None,66,1,5,False,1,1
3913,43,betCent,10,0.5464769108280255,0,7,None,66,1,5,False,1,1
3914,44,betCent,10,0.5561305732484076,0,7,None,66,1,5,False,1,1
3915,40,betCent,10,0.3347929936305732,0,14,None,66,1,5,False,1,1
3916,41,betCent,10,0.3303144904458598,0,14,None,66,1,5,False,1,1
3917,42,betCent,10,0.3294187898089172,0,14,None,66,1,5,False,1,1
3918,43,betCent,10,0.3311106687898089,0,14,None,66,1,5,False,1,1
3919,44,betCent,10,0.3356886942675159,0,14,None,66,1,5,False,1,1
3920,40,betCent,10,0.4662619426751592,0,26,None,66,1,5,False,1,1
3921,41,betCent,10,0.4715366242038216,0,26,None,66,1,5,False,1,1
3922,42,betCent,10,0.4774084394904458,0,26,None,66,1,5,False,1,1
3923,43,betCent,10,0.4800955414012738,0,26,None,66,1,5,False,1,1
3924,44,betCent,10,0.4826831210191082,0,26,None,66,1,5,False,1,1
3925,40,betCent,10,0.4763136942675159,0,30,None,66,1,5,False,1,1
3926,41,betCent,10,0.4879578025477707,0,30,None,66,1,5,False,1,1
3927,42,betCent,10,0.5012937898089171,0,30,None,66,1,5,False,1,1
3928,43,betCent,10,0.5146297770700637,0,30,None,66,1,5,False,1,1
3929,44,betCent,10,0.5251791401273885,0,30,None,66,1,5,False,1,1
3930,40,betCent,10,0.5049761146496815,0,5,None,66,1,5,False,1,1
3931,41,betCent,10,0.505672770700637,0,5,None,66,1,5,False,1,1
3932,42,betCent,10,0.5071656050955414,0,5,None,66,1,5,False,1,1
3933,43,betCent,10,0.5100517515923567,0,5,None,66,1,5,False,1,1
3934,44,betCent,10,0.5117436305732485,0,5,None,66,1,5,False,1,1
3935,40,betCent,10,0.535031847133758,0,6,None,66,1,5,False,1,1
3936,41,betCent,10,0.5417993630573248,0,6,None,66,1,5,False,1,1
3937,42,betCent,10,0.548765923566879,0,6,None,66,1,5,False,1,1
3938,43,betCent,10,0.5548367834394905,0,6,None,66,1,5,False,1,1
3939,44,betCent,10,0.5630971337579618,0,6,None,66,1,5,False,1,1
3940,40,betCent,10,0.5136345541401274,0,3,None,66,1,5,False,1,1
3941,41,betCent,10,0.515625,0,3,None,66,1,5,False,1,1
3942,42,betCent,10,0.5174164012738853,0,3,None,66,1,5,False,1,1
3943,43,betCent,10,0.5195063694267515,0,3,None,66,1,5,False,1,1
3944,44,betCent,10,0.5208996815286624,0,3,None,66,1,5,False,1,1
3945,40,betCent,10,0.4993033439490446,0,0,None,66,1,5,False,1,1
3946,41,betCent,10,0.5057722929936306,0,0,None,66,1,5,False,1,1
3947,42,betCent,10,0.5092555732484076,0,0,None,66,1,5,False,1,1
3948,43,betCent,10,0.5159235668789809,0,0,None,66,1,5,False,1,1
3949,44,betCent,10,0.5226910828025477,0,0,None,66,1,5,False,1,1
3950,40,betCent,10,0.5440883757961783,0,12,None,66,1,5,False,1,1
3951,41,betCent,10,0.5644904458598726,0,12,None,66,1,5,False,1,1
3952,42,betCent,10,0.5780254777070064,0,12,None,66,1,5,False,1,1
3953,43,betCent,10,0.5865843949044586,0,12,None,66,1,5,False,1,1
3954,44,betCent,10,0.591859076433121,0,12,None,66,1,5,False,1,1
3955,40,betCent,10,0.5117436305732485,0,13,None,66,1,5,False,1,1
3956,41,betCent,10,0.5172173566878981,0,13,None,66,1,5,False,1,1
3957,42,betCent,10,0.5244824840764332,0,13,None,66,1,5,False,1,1
3958,43,betCent,10,0.5283638535031847,0,13,None,66,1,5,False,1,1
3959,44,betCent,10,0.5330414012738853,0,13,None,66,1,5,False,1,1
5445,45,betCent,10,0.5065684713375797,0,1,None,66,1,5,False,1,1
5446,46,betCent,10,0.5213972929936306,0,1,None,66,1,5,False,1,1
5447,47,betCent,10,0.5360270700636943,0,1,None,66,1,5,False,1,1
5448,48,betCent,10,0.5513535031847133,0,1,None,66,1,5,False,1,1
5449,49,betCent,10,0.5678742038216561,0,1,None,66,1,5,False,1,1
5450,45,betCent,10,0.4386942675159235,0,2,None,66,1,5,False,1,1
5451,46,betCent,10,0.4488455414012738,0,2,None,66,1,5,False,1,1
5452,47,betCent,10,0.4556130573248407,0,2,None,66,1,5,False,1,1
5453,48,betCent,10,0.4611863057324841,0,2,None,66,1,5,False,1,1
5454,49,betCent,10,0.4670581210191082,0,2,None,66,1,5,False,1,1
5455,45,betCent,10,0.5352308917197452,0,13,None,66,1,5,False,1,1
5456,46,betCent,10,0.540406050955414,0,13,None,66,1,5,False,1,1
5457,47,betCent,10,0.5464769108280255,0,13,None,66,1,5,False,1,1
5458,48,betCent,10,0.5505573248407644,0,13,None,66,1,5,False,1,1
5459,49,betCent,10,0.5550358280254777,0,13,None,66,1,5,False,1,1
5460,45,betCent,10,0.5166202229299363,0,10,None,66,1,5,False,1,1
5461,46,betCent,10,0.5284633757961783,0,10,None,66,1,5,False,1,1
5462,47,betCent,10,0.5429936305732485,0,10,None,66,1,5,False,1,1
5463,48,betCent,10,0.5577229299363057,0,10,None,66,1,5,False,1,1
5464,49,betCent,10,0.574343152866242,0,10,None,66,1,5,False,1,1
5465,45,betCent,10,0.5295581210191083,0,15,None,66,1,5,False,1,1
5466,46,betCent,10,0.5335390127388535,0,15,None,66,1,5,False,1,1
5467,47,betCent,10,0.5368232484076433,0,15,None,66,1,5,False,1,1
5468,48,betCent,10,0.5401074840764332,0,15,None,66,1,5,False,1,1
5469,49,betCent,10,0.5420979299363057,0,15,None,66,1,5,False,1,1
5470,45,betCent,10,0.5279657643312102,0,11,None,66,1,5,False,1,1
5471,46,betCent,10,0.5453821656050956,0,11,None,66,1,5,False,1,1
5472,47,betCent,10,0.5490644904458599,0,11,None,66,1,5,False,1,1
5473,48,betCent,10,0.5561305732484076,0,11,None,66,1,5,False,1,1
5474,49,betCent,10,0.560609076433121,0,11,None,66,1,5,False,1,1
5475,45,betCent,10,0.5905652866242038,0,22,None,66,1,5,False,1,1
5476,46,betCent,10,0.5973328025477707,0,22,None,66,1,5,False,1,1
5477,47,betCent,10,0.6028065286624203,0,22,None,66,1,5,False,1,1
5478,48,betCent,10,0.6094745222929936,0,22,None,66,1,5,False,1,1
5479,49,betCent,10,0.6145501592356688,0,22,None,66,1,5,False,1,1
5480,45,betCent,10,0.4559116242038216,0,23,None,66,1,5,False,1,1
5481,46,betCent,10,0.4637738853503185,0,23,None,66,1,5,False,1,1
5482,47,betCent,10,0.471437101910828,0,23,None,66,1,5,False,1,1
5483,48,betCent,10,0.4793988853503185,0,23,None,66,1,5,False,1,1
5484,49,betCent,10,0.4852707006369426,0,23,None,66,1,5,False,1,1
5485,45,betCent,10,0.5086584394904459,0,21,None,66,1,5,False,1,1
5486,46,betCent,10,0.5193073248407644,0,21,None,66,1,5,False,1,1
5487,47,betCent,10,0.5298566878980892,0,21,None,66,1,5,False,1,1
5488,48,betCent,10,0.5389132165605095,0,21,None,66,1,5,False,1,1
5489,49,betCent,10,0.5478702229299363,0,21,None,66,1,5,False,1,1
5490,45,betCent,10,0.5900676751592356,0,17,None,66,1,5,False,1,1
5491,46,betCent,10,0.591062898089172,0,17,None,66,1,5,False,1,1
5492,47,betCent,10,0.5935509554140127,0,17,None,66,1,5,False,1,1
5493,48,betCent,10,0.5969347133757962,0,17,None,66,1,5,False,1,1
5494,49,betCent,10,0.5997213375796179,0,17,None,66,1,5,False,1,1
5495,45,betCent,10,0.4845740445859872,0,25,None,66,1,5,False,1,1
5496,46,betCent,10,0.4890525477707006,0,25,None,66,1,5,False,1,1
5497,47,betCent,10,0.4942277070063694,0,25,None,66,1,5,False,1,1
5498,48,betCent,10,0.4971138535031847,0,25,None,66,1,5,False,1,1
5499,49,betCent,10,0.5003980891719745,0,25,None,66,1,5,False,1,1
5500,45,betCent,10,0.4606886942675159,0,28,None,66,1,5,False,1,1
5501,46,betCent,10,0.4726313694267516,0,28,None,66,1,5,False,1,1
5502,47,betCent,10,0.4940286624203822,0,28,None,66,1,5,False,1,1
5503,48,betCent,10,0.5082603503184714,0,28,None,66,1,5,False,1,1
5504,49,betCent,10,0.5172173566878981,0,28,None,66,1,5,False,1,1
5505,45,betCent,10,0.4484474522292994,0,24,None,66,1,5,False,1,1
5506,46,betCent,10,0.4590963375796178,0,24,None,66,1,5,False,1,1
5507,47,betCent,10,0.4681528662420382,0,24,None,66,1,5,False,1,1
5508,48,betCent,10,0.4777070063694267,0,24,None,66,1,5,False,1,1
5509,49,betCent,10,0.4895501592356688,0,24,None,66,1,5,False,1,1
5510,45,betCent,10,0.5101512738853503,0,9,None,66,1,5,False,1,1
5511,46,betCent,10,0.5200039808917197,0,9,None,66,1,5,False,1,1
5512,47,betCent,10,0.5276671974522293,0,9,None,66,1,5,False,1,1
5513,48,betCent,10,0.5341361464968153,0,9,None,66,1,5,False,1,1
5514,49,betCent,10,0.5399084394904459,0,9,None,66,1,5,False,1,1
5515,45,betCent,10,0.4442675159235669,0,29,None,66,1,5,False,1,1
5516,46,betCent,10,0.4416799363057325,0,29,None,66,1,5,False,1,1
5517,47,betCent,10,0.4416799363057325,0,29,None,66,1,5,False,1,1
5518,48,betCent,10,0.4411823248407643,0,29,None,66,1,5,False,1,1
5519,49,betCent,10,0.4408837579617834,0,29,None,66,1,5,False,1,1
5520,45,betCent,10,0.5236863057324841,0,0,None,66,1,5,False,1,1
5521,46,betCent,10,0.5291600318471338,0,0,None,66,1,5,False,1,1
5522,47,betCent,10,0.5346337579617835,0,0,None,66,1,5,False,1,1
5523,48,betCent,10,0.5411027070063694,0,0,None,66,1,5,False,1,1
5524,49,betCent,10,0.5455812101910829,0,0,None,66,1,5,False,1,1
5525,45,betCent,10,0.5916600318471338,0,27,None,66,1,5,False,1,1
5526,46,betCent,10,0.5965366242038217,0,27,None,66,1,5,False,1,1
5527,47,betCent,10,0.6006170382165605,0,27,None,66,1,5,False,1,1
5528,48,betCent,10,0.605593152866242,0,27,None,66,1,5,False,1,1
5529,49,betCent,10,0.6083797770700637,0,27,None,66,1,5,False,1,1
5530,45,betCent,10,0.5275676751592356,0,5,None,66,1,5,False,1,1
5531,46,betCent,10,0.5264729299363057,0,5,None,66,1,5,False,1,1
5532,47,betCent,10,0.5296576433121019,0,5,None,66,1,5,False,1,1
5533,48,betCent,10,0.5332404458598726,0,5,None,66,1,5,False,1,1
5534,49,betCent,10,0.5373208598726115,0,5,None,66,1,5,False,1,1
5535,45,betCent,10,0.5881767515923567,0,12,None,66,1,5,False,1,1
5536,46,betCent,10,0.5991242038216561,0,12,None,66,1,5,False,1,1
5537,47,betCent,10,0.604796974522293,0,12,None,66,1,5,False,1,1
5538,48,betCent,10,0.6091759554140127,0,12,None,66,1,5,False,1,1
5539,49,betCent,10,0.6152468152866242,0,12,None,66,1,5,False,1,1
5540,45,betCent,10,0.339968152866242,0,14,None,66,1,5,False,1,1
5541,46,betCent,10,0.3365843949044586,0,14,None,66,1,5,False,1,1
5542,47,betCent,10,0.3360867834394904,0,14,None,66,1,5,False,1,1
5543,48,betCent,10,0.3421576433121019,0,14,None,66,1,5,False,1,1
5544,49,betCent,10,0.3462380573248407,0,14,None,66,1,5,False,1,1
5545,45,betCent,10,0.4850716560509554,0,26,None,66,1,5,False,1,1
5546,46,betCent,10,0.4877587579617834,0,26,None,66,1,5,False,1,1
5547,47,betCent,10,0.4902468152866242,0,26,None,66,1,5,False,1,1
5548,48,betCent,10,0.4920382165605095,0,26,None,66,1,5,False,1,1
5549,49,betCent,10,0.4940286624203822,0,26,None,66,1,5,False,1,1
5550,45,betCent,10,0.5121417197452229,0,30,None,66,1,5,False,1,1
5551,46,betCent,10,0.5267714968152867,0,30,None,66,1,5,False,1,1
5552,47,betCent,10,0.536922770700637,0,30,None,66,1,5,False,1,1
5553,48,betCent,10,0.5462778662420382,0,30,None,66,1,5,False,1,1
5554,49,betCent,10,0.5562300955414012,0,30,None,66,1,5,False,1,1
5555,45,betCent,10,0.5624004777070064,0,6,None,66,1,5,False,1,1
5556,46,betCent,10,0.5690684713375797,0,6,None,66,1,5,False,1,1
5557,47,betCent,10,0.5739450636942676,0,6,None,66,1,5,False,1,1
5558,48,betCent,10,0.5787221337579618,0,6,None,66,1,5,False,1,1
5559,49,betCent,10,0.5833001592356688,0,6,None,66,1,5,False,1,1
5560,45,betCent,10,0.5368232484076433,0,7,None,66,1,5,False,1,1
5561,46,betCent,10,0.5548367834394905,0,7,None,66,1,5,False,1,1
5562,47,betCent,10,0.5631966560509554,0,7,None,66,1,5,False,1,1
5563,48,betCent,10,0.5695660828025477,0,7,None,66,1,5,False,1,1
5564,49,betCent,10,0.5744426751592356,0,7,None,66,1,5,False,1,1
5565,45,betCent,10,0.4475517515923566,0,32,None,66,1,5,False,1,1
5566,46,betCent,10,0.4487460191082802,0,32,None,66,1,5,False,1,1
5567,47,betCent,10,0.4527269108280254,0,32,None,66,1,5,False,1,1
5568,48,betCent,10,0.4572054140127388,0,32,None,66,1,5,False,1,1
5569,49,betCent,10,0.4609872611464968,0,32,None,66,1,5,False,1,1
5570,45,betCent,10,0.6088773885350318,0,16,None,66,1,5,False,1,1
5571,46,betCent,10,0.6233081210191083,0,16,None,66,1,5,False,1,1
5572,47,betCent,10,0.6312699044585988,0,16,None,66,1,5,False,1,1
5573,48,betCent,10,0.6376393312101911,0,16,None,66,1,5,False,1,1
5574,49,betCent,10,0.6409235668789809,0,16,None,66,1,5,False,1,1
5575,45,betCent,10,0.5787221337579618,0,18,None,66,1,5,False,1,1
5576,46,betCent,10,0.5834992038216561,0,18,None,66,1,5,False,1,1
5577,47,betCent,10,0.5957404458598726,0,18,None,66,1,5,False,1,1
5578,48,betCent,10,0.604796974522293,0,18,None,66,1,5,False,1,1
5579,49,betCent,10,0.6128582802547771,0,18,None,66,1,5,False,1,1
5580,45,betCent,10,0.4837778662420382,0,8,None,66,1,5,False,1,1
5581,46,betCent,10,0.4934315286624204,0,8,None,66,1,5,False,1,1
5582,47,betCent,10,0.49890525477707,0,8,None,66,1,5,False,1,1
5583,48,betCent,10,0.5034832802547771,0,8,None,66,1,5,False,1,1
5584,49,betCent,10,0.5081608280254777,0,8,None,66,1,5,False,1,1
5585,45,betCent,10,0.5090565286624203,0,19,None,66,1,5,False,1,1
5586,46,betCent,10,0.5154259554140127,0,19,None,66,1,5,False,1,1
5587,47,betCent,10,0.5198049363057324,0,19,None,66,1,5,False,1,1
5588,48,betCent,10,0.5217953821656051,0,19,None,66,1,5,False,1,1
5589,49,betCent,10,0.5231886942675159,0,19,None,66,1,5,False,1,1
5590,45,betCent,10,0.5791202229299363,0,31,None,66,1,5,False,1,1
5591,46,betCent,10,0.5826035031847133,0,31,None,66,1,5,False,1,1
5592,47,betCent,10,0.5826035031847133,0,31,None,66,1,5,False,1,1
5593,48,betCent,10,0.5832006369426752,0,31,None,66,1,5,False,1,1
5594,49,betCent,10,0.5851910828025477,0,31,None,66,1,5,False,1,1
5595,45,betCent,10,0.522890127388535,0,3,None,66,1,5,False,1,1
5596,46,betCent,10,0.5231886942675159,0,3,None,66,1,5,False,1,1
5597,47,betCent,10,0.523984872611465,0,3,None,66,1,5,False,1,1
5598,48,betCent,10,0.5249800955414012,0,3,None,66,1,5,False,1,1
5599,49,betCent,10,0.5263734076433121,0,3,None,66,1,5,False,1,1
5600,45,betCent,10,0.5592157643312102,0,20,None,66,1,5,False,1,1
5601,46,betCent,10,0.553343949044586,0,20,None,66,1,5,False,1,1
5602,47,betCent,10,0.5584195859872612,0,20,None,66,1,5,False,1,1
5603,48,betCent,10,0.5623009554140127,0,20,None,66,1,5,False,1,1
5604,49,betCent,10,0.5666799363057324,0,20,None,66,1,5,False,1,1
5605,45,betCent,10,0.4398885350318471,0,4,None,66,1,5,False,1,1
5606,46,betCent,10,0.4262539808917197,0,4,None,66,1,5,False,1,1
5607,47,betCent,10,0.4263535031847134,0,4,None,66,1,5,False,1,1
5608,48,betCent,10,0.4295382165605095,0,4,None,66,1,5,False,1,1
5609,49,betCent,10,0.4349124203821656,0,4,None,66,1,5,False,1,1
5610,50,betCent,10,0.5113455414012739,0,25,None,66,1,5,False,1,1
5611,51,betCent,10,0.5048765923566879,0,25,None,66,1,5,False,1,1
5612,52,betCent,10,0.5080613057324841,0,25,None,66,1,5,False,1,1
5613,53,betCent,10,0.5127388535031847,0,25,None,66,1,5,False,1,1
5614,54,betCent,10,0.5192078025477707,0,25,None,66,1,5,False,1,1
5615,50,betCent,10,0.5904657643312102,0,31,None,66,1,5,False,1,1
5616,51,betCent,10,0.5906648089171974,0,31,None,66,1,5,False,1,1
5617,52,betCent,10,0.5912619426751592,0,31,None,66,1,5,False,1,1
5618,53,betCent,10,0.5931528662420382,0,31,None,66,1,5,False,1,1
5619,54,betCent,10,0.595640923566879,0,31,None,66,1,5,False,1,1
5620,50,betCent,10,0.5809116242038217,0,20,None,66,1,5,False,1,1
5621,51,betCent,10,0.5704617834394905,0,20,None,66,1,5,False,1,1
5622,52,betCent,10,0.5728503184713376,0,20,None,66,1,5,False,1,1
5623,53,betCent,10,0.5761345541401274,0,20,None,66,1,5,False,1,1
5624,54,betCent,10,0.5789211783439491,0,20,None,66,1,5,False,1,1
5625,50,betCent,10,0.5181130573248408,0,1,None,66,1,5,False,1,1
5626,51,betCent,10,0.5411027070063694,0,1,None,66,1,5,False,1,1
5627,52,betCent,10,0.560609076433121,0,1,None,66,1,5,False,1,1
5628,53,betCent,10,0.5804140127388535,0,1,None,66,1,5,False,1,1
5629,54,betCent,10,0.5952428343949044,0,1,None,66,1,5,False,1,1
5630,50,betCent,10,0.4623805732484076,0,2,None,66,1,5,False,1,1
5631,51,betCent,10,0.4707404458598726,0,2,None,66,1,5,False,1,1
5632,52,betCent,10,0.476015127388535,0,2,None,66,1,5,False,1,1
5633,53,betCent,10,0.480593152866242,0,2,None,66,1,5,False,1,1
5634,54,betCent,10,0.4845740445859872,0,2,None,66,1,5,False,1,1
5635,50,betCent,10,0.466859076433121,0,29,None,66,1,5,False,1,1
5636,51,betCent,10,0.463077229299363,0,29,None,66,1,5,False,1,1
5637,52,betCent,10,0.4607882165605095,0,29,None,66,1,5,False,1,1
5638,53,betCent,10,0.4602906050955414,0,29,None,66,1,5,False,1,1
5639,54,betCent,10,0.4608877388535032,0,29,None,66,1,5,False,1,1
5640,50,betCent,10,0.533140923566879,0,9,None,66,1,5,False,1,1
5641,51,betCent,10,0.5387141719745223,0,9,None,66,1,5,False,1,1
5642,52,betCent,10,0.5435907643312102,0,9,None,66,1,5,False,1,1
5643,53,betCent,10,0.5476711783439491,0,9,None,66,1,5,False,1,1
5644,54,betCent,10,0.5515525477707006,0,9,None,66,1,5,False,1,1
5645,50,betCent,10,0.5623009554140127,0,5,None,66,1,5,False,1,1
5646,51,betCent,10,0.5588176751592356,0,5,None,66,1,5,False,1,1
5647,52,betCent,10,0.5629976114649682,0,5,None,66,1,5,False,1,1
5648,53,betCent,10,0.5660828025477707,0,5,None,66,1,5,False,1,1
5649,54,betCent,10,0.5703622611464968,0,5,None,66,1,5,False,1,1
5650,50,betCent,10,0.5006966560509554,0,26,None,66,1,5,False,1,1
5651,51,betCent,10,0.4991042993630573,0,26,None,66,1,5,False,1,1
5652,52,betCent,10,0.5002985668789809,0,26,None,66,1,5,False,1,1
5653,53,betCent,10,0.5032842356687898,0,26,None,66,1,5,False,1,1
5654,54,betCent,10,0.5053742038216561,0,26,None,66,1,5,False,1,1
5655,50,betCent,10,0.546875,0,30,None,66,1,5,False,1,1
5656,51,betCent,10,0.5571257961783439,0,30,None,66,1,5,False,1,1
5657,52,betCent,10,0.5674761146496815,0,30,None,66,1,5,False,1,1
5658,53,betCent,10,0.5734474522292994,0,30,None,66,1,5,False,1,1
5659,54,betCent,10,0.580812101910828,0,30,None,66,1,5,False,1,1
5660,50,betCent,10,0.5776273885350318,0,6,None,66,1,5,False,1,1
5661,51,betCent,10,0.5818073248407644,0,6,None,66,1,5,False,1,1
5662,52,betCent,10,0.5850915605095541,0,6,None,66,1,5,False,1,1
5663,53,betCent,10,0.5888734076433121,0,6,None,66,1,5,False,1,1
5664,54,betCent,10,0.591859076433121,0,6,None,66,1,5,False,1,1
5665,50,betCent,10,0.6274880573248408,0,16,None,66,1,5,False,1,1
5666,51,betCent,10,0.6361464968152867,0,16,None,66,1,5,False,1,1
5667,52,betCent,10,0.6428144904458599,0,16,None,66,1,5,False,1,1
5668,53,betCent,10,0.6465963375796179,0,16,None,66,1,5,False,1,1
5669,54,betCent,10,0.650577229299363,0,16,None,66,1,5,False,1,1
5670,50,betCent,10,0.496218152866242,0,8,None,66,1,5,False,1,1
5671,51,betCent,10,0.508359872611465,0,8,None,66,1,5,False,1,1
5672,52,betCent,10,0.5120421974522293,0,8,None,66,1,5,False,1,1
5673,53,betCent,10,0.515625,0,8,None,66,1,5,False,1,1
5674,54,betCent,10,0.520203025477707,0,8,None,66,1,5,False,1,1
5675,50,betCent,10,0.6194267515923567,0,18,None,66,1,5,False,1,1
5676,51,betCent,10,0.625,0,18,None,66,1,5,False,1,1
5677,52,betCent,10,0.6338574840764332,0,18,None,66,1,5,False,1,1
5678,53,betCent,10,0.6410230891719745,0,18,None,66,1,5,False,1,1
5679,54,betCent,10,0.6477906050955414,0,18,None,66,1,5,False,1,1
5680,50,betCent,10,0.526671974522293,0,19,None,66,1,5,False,1,1
5681,51,betCent,10,0.5259753184713376,0,19,None,66,1,5,False,1,1
5682,52,betCent,10,0.5256767515923567,0,19,None,66,1,5,False,1,1
5683,53,betCent,10,0.5262738853503185,0,19,None,66,1,5,False,1,1
5684,54,betCent,10,0.5270700636942676,0,19,None,66,1,5,False,1,1
5685,50,betCent,10,0.6140525477707006,0,22,None,66,1,5,False,1,1
5686,51,betCent,10,0.6196257961783439,0,22,None,66,1,5,False,1,1
5687,52,betCent,10,0.6244028662420382,0,22,None,66,1,5,False,1,1
5688,53,betCent,10,0.6272890127388535,0,22,None,66,1,5,False,1,1
5689,54,betCent,10,0.6298765923566879,0,22,None,66,1,5,False,1,1
5690,50,betCent,10,0.3435509554140127,0,14,None,66,1,5,False,1,1
5691,51,betCent,10,0.3414609872611465,0,14,None,66,1,5,False,1,1
5692,52,betCent,10,0.347233280254777,0,14,None,66,1,5,False,1,1
5693,53,betCent,10,0.3519108280254777,0,14,None,66,1,5,False,1,1
5694,54,betCent,10,0.3544984076433121,0,14,None,66,1,5,False,1,1
5695,50,betCent,10,0.4948248407643312,0,23,None,66,1,5,False,1,1
5696,51,betCent,10,0.5002985668789809,0,23,None,66,1,5,False,1,1
5697,52,betCent,10,0.5054737261146497,0,23,None,66,1,5,False,1,1
5698,53,betCent,10,0.5109474522292994,0,23,None,66,1,5,False,1,1
5699,54,betCent,10,0.5160230891719745,0,23,None,66,1,5,False,1,1
5700,50,betCent,10,0.4704418789808917,0,32,None,66,1,5,False,1,1
5701,51,betCent,10,0.4711385350318471,0,32,None,66,1,5,False,1,1
5702,52,betCent,10,0.4744227707006369,0,32,None,66,1,5,False,1,1
5703,53,betCent,10,0.4770103503184713,0,32,None,66,1,5,False,1,1
5704,54,betCent,10,0.4799960191082802,0,32,None,66,1,5,False,1,1
5705,50,betCent,10,0.5633957006369427,0,7,None,66,1,5,False,1,1
5706,51,betCent,10,0.5734474522292994,0,7,None,66,1,5,False,1,1
5707,52,betCent,10,0.5797173566878981,0,7,None,66,1,5,False,1,1
5708,53,betCent,10,0.5833001592356688,0,7,None,66,1,5,False,1,1
5709,54,betCent,10,0.5860867834394905,0,7,None,66,1,5,False,1,1
5710,50,betCent,10,0.5627985668789809,0,13,None,66,1,5,False,1,1
5711,51,betCent,10,0.5661823248407644,0,13,None,66,1,5,False,1,1
5712,52,betCent,10,0.5696656050955414,0,13,None,66,1,5,False,1,1
5713,53,betCent,10,0.5738455414012739,0,13,None,66,1,5,False,1,1
5714,54,betCent,10,0.5776273885350318,0,13,None,66,1,5,False,1,1
5715,50,betCent,10,0.6053941082802548,0,12,None,66,1,5,False,1,1
5716,51,betCent,10,0.6129578025477707,0,12,None,66,1,5,False,1,1
5717,52,betCent,10,0.6173367834394905,0,12,None,66,1,5,False,1,1
5718,53,betCent,10,0.6216162420382165,0,12,None,66,1,5,False,1,1
5719,54,betCent,10,0.6238057324840764,0,12,None,66,1,5,False,1,1
5720,50,betCent,10,0.5744426751592356,0,10,None,66,1,5,False,1,1
5721,51,betCent,10,0.5867834394904459,0,10,None,66,1,5,False,1,1
5722,52,betCent,10,0.5986265923566879,0,10,None,66,1,5,False,1,1
5723,53,betCent,10,0.6085788216560509,0,10,None,66,1,5,False,1,1
5724,54,betCent,10,0.6160429936305732,0,10,None,66,1,5,False,1,1
5725,50,betCent,10,0.5731488853503185,0,11,None,66,1,5,False,1,1
5726,51,betCent,10,0.5777269108280255,0,11,None,66,1,5,False,1,1
5727,52,betCent,10,0.5787221337579618,0,11,None,66,1,5,False,1,1
5728,53,betCent,10,0.5850915605095541,0,11,None,66,1,5,False,1,1
5729,54,betCent,10,0.5892714968152867,0,11,None,66,1,5,False,1,1
5730,50,betCent,10,0.5440883757961783,0,15,None,66,1,5,False,1,1
5731,51,betCent,10,0.5466759554140127,0,15,None,66,1,5,False,1,1
5732,52,betCent,10,0.5497611464968153,0,15,None,66,1,5,False,1,1
5733,53,betCent,10,0.552547770700637,0,15,None,66,1,5,False,1,1
5734,54,betCent,10,0.5555334394904459,0,15,None,66,1,5,False,1,1
5735,50,betCent,10,0.4616839171974522,0,4,None,66,1,5,False,1,1
5736,51,betCent,10,0.4448646496815286,0,4,None,66,1,5,False,1,1
5737,52,betCent,10,0.4462579617834395,0,4,None,66,1,5,False,1,1
5738,53,betCent,10,0.4523288216560509,0,4,None,66,1,5,False,1,1
5739,54,betCent,10,0.4580015923566879,0,4,None,66,1,5,False,1,1
5740,50,betCent,10,0.5436902866242038,0,0,None,66,1,5,False,1,1
5741,51,betCent,10,0.5520501592356688,0,0,None,66,1,5,False,1,1
5742,52,betCent,10,0.5569267515923567,0,0,None,66,1,5,False,1,1
5743,53,betCent,10,0.5618033439490446,0,0,None,66,1,5,False,1,1
5744,54,betCent,10,0.5656847133757962,0,0,None,66,1,5,False,1,1
5745,50,betCent,10,0.5204020700636943,0,28,None,66,1,5,False,1,1
5746,51,betCent,10,0.5257762738853503,0,28,None,66,1,5,False,1,1
5747,52,betCent,10,0.5307523885350318,0,28,None,66,1,5,False,1,1
5748,53,betCent,10,0.5340366242038217,0,28,None,66,1,5,False,1,1
5749,54,betCent,10,0.5392117834394905,0,28,None,66,1,5,False,1,1
5750,50,betCent,10,0.5278662420382165,0,3,None,66,1,5,False,1,1
5751,51,betCent,10,0.5295581210191083,0,3,None,66,1,5,False,1,1
5752,52,betCent,10,0.5316480891719745,0,3,None,66,1,5,False,1,1
5753,53,betCent,10,0.5328423566878981,0,3,None,66,1,5,False,1,1
5754,54,betCent,10,0.5348328025477707,0,3,None,66,1,5,False,1,1
5755,50,betCent,10,0.5993232484076433,0,17,None,66,1,5,False,1,1
5756,51,betCent,10,0.6017117834394905,0,17,None,66,1,5,False,1,1
5757,52,betCent,10,0.6040007961783439,0,17,None,66,1,5,False,1,1
5758,53,betCent,10,0.6087778662420382,0,17,None,66,1,5,False,1,1
5759,54,betCent,10,0.6115644904458599,0,17,None,66,1,5,False,1,1
5760,50,betCent,10,0.5500597133757962,0,21,None,66,1,5,False,1,1
5761,51,betCent,10,0.5557324840764332,0,21,None,66,1,5,False,1,1
5762,52,betCent,10,0.5625,0,21,None,66,1,5,False,1,1
5763,53,betCent,10,0.5686703821656051,0,21,None,66,1,5,False,1,1
5764,54,betCent,10,0.5750398089171974,0,21,None,66,1,5,False,1,1
5765,50,betCent,10,0.4669585987261146,0,24,None,66,1,5,False,1,1
5766,51,betCent,10,0.4786027070063694,0,24,None,66,1,5,False,1,1
5767,52,betCent,10,0.4894506369426751,0,24,None,66,1,5,False,1,1
5768,53,betCent,10,0.5017914012738853,0,24,None,66,1,5,False,1,1
5769,54,betCent,10,0.5132364649681529,0,24,None,66,1,5,False,1,1
5770,50,betCent,10,0.6046974522292994,0,27,None,66,1,5,False,1,1
5771,51,betCent,10,0.6086783439490446,0,27,None,66,1,5,False,1,1
5772,52,betCent,10,0.611265923566879,0,27,None,66,1,5,False,1,1
5773,53,betCent,10,0.6148487261146497,0,27,None,66,1,5,False,1,1
5774,54,betCent,10,0.6192277070063694,0,27,None,66,1,5,False,1,1
7590,55,betCent,10,0.5373208598726115,0,1,None,66,1,5,False,1,1
7591,56,betCent,10,0.5627985668789809,0,1,None,66,1,5,False,1,1
7592,57,betCent,10,0.5842953821656051,0,1,None,66,1,5,False,1,1
7593,58,betCent,10,0.6003184713375797,0,1,None,66,1,5,False,1,1
7594,59,betCent,10,0.613953025477707,0,1,None,66,1,5,False,1,1
7595,55,betCent,10,0.5019904458598726,0,2,None,66,1,5,False,1,1
7596,56,betCent,10,0.4841759554140127,0,2,None,66,1,5,False,1,1
7597,57,betCent,10,0.4893511146496815,0,2,None,66,1,5,False,1,1
7598,58,betCent,10,0.4929339171974522,0,2,None,66,1,5,False,1,1
7599,59,betCent,10,0.4991042993630573,0,2,None,66,1,5,False,1,1
7600,55,betCent,10,0.5916600318471338,0,5,None,66,1,5,False,1,1
7601,56,betCent,10,0.5877786624203821,0,5,None,66,1,5,False,1,1
7602,57,betCent,10,0.5905652866242038,0,5,None,66,1,5,False,1,1
7603,58,betCent,10,0.5922571656050956,0,5,None,66,1,5,False,1,1
7604,59,betCent,10,0.5945461783439491,0,5,None,66,1,5,False,1,1
7605,55,betCent,10,0.5834992038216561,0,13,None,66,1,5,False,1,1
7606,56,betCent,10,0.5861863057324841,0,13,None,66,1,5,False,1,1
7607,57,betCent,10,0.5898686305732485,0,13,None,66,1,5,False,1,1
7608,58,betCent,10,0.5943471337579618,0,13,None,66,1,5,False,1,1
7609,59,betCent,10,0.5982285031847133,0,13,None,66,1,5,False,1,1
7610,55,betCent,10,0.6432125796178344,0,16,None,66,1,5,False,1,1
7611,56,betCent,10,0.6485867834394905,0,16,None,66,1,5,False,1,1
7612,57,betCent,10,0.6523686305732485,0,16,None,66,1,5,False,1,1
7613,58,betCent,10,0.6566480891719745,0,16,None,66,1,5,False,1,1
7614,59,betCent,10,0.6591361464968153,0,16,None,66,1,5,False,1,1
7615,55,betCent,10,0.5309514331210191,0,8,None,66,1,5,False,1,1
7616,56,betCent,10,0.5260748407643312,0,8,None,66,1,5,False,1,1
7617,57,betCent,10,0.5286624203821656,0,8,None,66,1,5,False,1,1
7618,58,betCent,10,0.5317476114649682,0,8,None,66,1,5,False,1,1
7619,59,betCent,10,0.5370222929936306,0,8,None,66,1,5,False,1,1
7620,55,betCent,10,0.6017117834394905,0,20,None,66,1,5,False,1,1
7621,56,betCent,10,0.5861863057324841,0,20,None,66,1,5,False,1,1
7622,57,betCent,10,0.5888734076433121,0,20,None,66,1,5,False,1,1
7623,58,betCent,10,0.5915605095541401,0,20,None,66,1,5,False,1,1
7624,59,betCent,10,0.5947452229299363,0,20,None,66,1,5,False,1,1
7625,55,betCent,10,0.5475716560509554,0,19,None,66,1,5,False,1,1
7626,56,betCent,10,0.5421974522292994,0,19,None,66,1,5,False,1,1
7627,57,betCent,10,0.5386146496815286,0,19,None,66,1,5,False,1,1
7628,58,betCent,10,0.5382165605095541,0,19,None,66,1,5,False,1,1
7629,59,betCent,10,0.5381170382165605,0,19,None,66,1,5,False,1,1
7630,55,betCent,10,0.3500199044585987,0,14,None,66,1,5,False,1,1
7631,56,betCent,10,0.3497213375796178,0,14,None,66,1,5,False,1,1
7632,57,betCent,10,0.3560907643312102,0,14,None,66,1,5,False,1,1
7633,58,betCent,10,0.3605692675159235,0,14,None,66,1,5,False,1,1
7634,59,betCent,10,0.3623606687898089,0,14,None,66,1,5,False,1,1
7635,55,betCent,10,0.6302746815286624,0,22,None,66,1,5,False,1,1
7636,56,betCent,10,0.6340565286624203,0,22,None,66,1,5,False,1,1
7637,57,betCent,10,0.636843152866242,0,22,None,66,1,5,False,1,1
7638,58,betCent,10,0.6385350318471338,0,22,None,66,1,5,False,1,1
7639,59,betCent,10,0.6407245222929936,0,22,None,66,1,5,False,1,1
7640,55,betCent,10,0.5269705414012739,0,23,None,66,1,5,False,1,1
7641,56,betCent,10,0.5288614649681529,0,23,None,66,1,5,False,1,1
7642,57,betCent,10,0.5308519108280255,0,23,None,66,1,5,False,1,1
7643,58,betCent,10,0.5371218152866242,0,23,None,66,1,5,False,1,1
7644,59,betCent,10,0.5411027070063694,0,23,None,66,1,5,False,1,1
7645,55,betCent,10,0.5798168789808917,0,21,None,66,1,5,False,1,1
7646,56,betCent,10,0.5830015923566879,0,21,None,66,1,5,False,1,1
7647,57,betCent,10,0.5894705414012739,0,21,None,66,1,5,False,1,1
7648,58,betCent,10,0.5954418789808917,0,21,None,66,1,5,False,1,1
7649,59,betCent,10,0.6012141719745223,0,21,None,66,1,5,False,1,1
7650,55,betCent,10,0.558718152866242,0,25,None,66,1,5,False,1,1
7651,56,betCent,10,0.5435907643312102,0,25,None,66,1,5,False,1,1
7652,57,betCent,10,0.5471735668789809,0,25,None,66,1,5,False,1,1
7653,58,betCent,10,0.5521496815286624,0,25,None,66,1,5,False,1,1
7654,59,betCent,10,0.5597133757961783,0,25,None,66,1,5,False,1,1
7655,55,betCent,10,0.5370222929936306,0,26,None,66,1,5,False,1,1
7656,56,betCent,10,0.5318471337579618,0,26,None,66,1,5,False,1,1
7657,57,betCent,10,0.5318471337579618,0,26,None,66,1,5,False,1,1
7658,58,betCent,10,0.5341361464968153,0,26,None,66,1,5,False,1,1
7659,59,betCent,10,0.5345342356687898,0,26,None,66,1,5,False,1,1
7660,55,betCent,10,0.6179339171974523,0,12,None,66,1,5,False,1,1
7661,56,betCent,10,0.6233081210191083,0,12,None,66,1,5,False,1,1
7662,57,betCent,10,0.6259952229299363,0,12,None,66,1,5,False,1,1
7663,58,betCent,10,0.6290804140127388,0,12,None,66,1,5,False,1,1
7664,59,betCent,10,0.6320660828025477,0,12,None,66,1,5,False,1,1
7665,55,betCent,10,0.4887539808917197,0,24,None,66,1,5,False,1,1
7666,56,betCent,10,0.5025875796178344,0,24,None,66,1,5,False,1,1
7667,57,betCent,10,0.5147292993630573,0,24,None,66,1,5,False,1,1
7668,58,betCent,10,0.5294585987261147,0,24,None,66,1,5,False,1,1
7669,59,betCent,10,0.5409036624203821,0,24,None,66,1,5,False,1,1
7670,55,betCent,10,0.5791202229299363,0,30,None,66,1,5,False,1,1
7671,56,betCent,10,0.5868829617834395,0,30,None,66,1,5,False,1,1
7672,57,betCent,10,0.5932523885350318,0,30,None,66,1,5,False,1,1
7673,58,betCent,10,0.5977308917197452,0,30,None,66,1,5,False,1,1
7674,59,betCent,10,0.6033041401273885,0,30,None,66,1,5,False,1,1
7675,55,betCent,10,0.5894705414012739,0,6,None,66,1,5,False,1,1
7676,56,betCent,10,0.5928542993630573,0,6,None,66,1,5,False,1,1
7677,57,betCent,10,0.5953423566878981,0,6,None,66,1,5,False,1,1
7678,58,betCent,10,0.5974323248407644,0,6,None,66,1,5,False,1,1
7679,59,betCent,10,0.5993232484076433,0,6,None,66,1,5,False,1,1
7680,55,betCent,10,0.6453025477707006,0,18,None,66,1,5,False,1,1
7681,56,betCent,10,0.6493829617834395,0,18,None,66,1,5,False,1,1
7682,57,betCent,10,0.6549562101910829,0,18,None,66,1,5,False,1,1
7683,58,betCent,10,0.6605294585987261,0,18,None,66,1,5,False,1,1
7684,59,betCent,10,0.6657046178343949,0,18,None,66,1,5,False,1,1
7685,55,betCent,10,0.6167396496815286,0,27,None,66,1,5,False,1,1
7686,56,betCent,10,0.6190286624203821,0,27,None,66,1,5,False,1,1
7687,57,betCent,10,0.6220143312101911,0,27,None,66,1,5,False,1,1
7688,58,betCent,10,0.6256966560509554,0,27,None,66,1,5,False,1,1
7689,59,betCent,10,0.6299761146496815,0,27,None,66,1,5,False,1,1
7690,55,betCent,10,0.5972332802547771,0,31,None,66,1,5,False,1,1
7691,56,betCent,10,0.6005175159235668,0,31,None,66,1,5,False,1,1
7692,57,betCent,10,0.6017117834394905,0,31,None,66,1,5,False,1,1
7693,58,betCent,10,0.6069864649681529,0,31,None,66,1,5,False,1,1
7694,59,betCent,10,0.6098726114649682,0,31,None,66,1,5,False,1,1
7695,55,betCent,10,0.4919386942675159,0,32,None,66,1,5,False,1,1
7696,56,betCent,10,0.4918391719745223,0,32,None,66,1,5,False,1,1
7697,57,betCent,10,0.4947253184713376,0,32,None,66,1,5,False,1,1
7698,58,betCent,10,0.4969148089171974,0,32,None,66,1,5,False,1,1
7699,59,betCent,10,0.4998009554140127,0,32,None,66,1,5,False,1,1
7700,55,betCent,10,0.5806130573248408,0,7,None,66,1,5,False,1,1
7701,56,betCent,10,0.5882762738853503,0,7,None,66,1,5,False,1,1
7702,57,betCent,10,0.5928542993630573,0,7,None,66,1,5,False,1,1
7703,58,betCent,10,0.5967356687898089,0,7,None,66,1,5,False,1,1
7704,59,betCent,10,0.6003184713375797,0,7,None,66,1,5,False,1,1
7705,55,betCent,10,0.6110668789808917,0,17,None,66,1,5,False,1,1
7706,56,betCent,10,0.6132563694267515,0,17,None,66,1,5,False,1,1
7707,57,betCent,10,0.6161425159235668,0,17,None,66,1,5,False,1,1
7708,58,betCent,10,0.6189291401273885,0,17,None,66,1,5,False,1,1
7709,59,betCent,10,0.6216162420382165,0,17,None,66,1,5,False,1,1
7710,55,betCent,10,0.6119625796178344,0,10,None,66,1,5,False,1,1
7711,56,betCent,10,0.6190286624203821,0,10,None,66,1,5,False,1,1
7712,57,betCent,10,0.6254976114649682,0,10,None,66,1,5,False,1,1
7713,58,betCent,10,0.6328622611464968,0,10,None,66,1,5,False,1,1
7714,59,betCent,10,0.6366441082802548,0,10,None,66,1,5,False,1,1
7715,55,betCent,10,0.5980294585987261,0,11,None,66,1,5,False,1,1
7716,56,betCent,10,0.5993232484076433,0,11,None,66,1,5,False,1,1
7717,57,betCent,10,0.6005175159235668,0,11,None,66,1,5,False,1,1
7718,58,betCent,10,0.6035031847133758,0,11,None,66,1,5,False,1,1
7719,59,betCent,10,0.6068869426751592,0,11,None,66,1,5,False,1,1
7720,55,betCent,10,0.5600119426751592,0,15,None,66,1,5,False,1,1
7721,56,betCent,10,0.5644904458598726,0,15,None,66,1,5,False,1,1
7722,57,betCent,10,0.567078025477707,0,15,None,66,1,5,False,1,1
7723,58,betCent,10,0.5687699044585988,0,15,None,66,1,5,False,1,1
7724,59,betCent,10,0.5704617834394905,0,15,None,66,1,5,False,1,1
7725,55,betCent,10,0.4796974522292994,0,4,None,66,1,5,False,1,1
7726,56,betCent,10,0.4624800955414013,0,4,None,66,1,5,False,1,1
7727,57,betCent,10,0.4645700636942675,0,4,None,66,1,5,False,1,1
7728,58,betCent,10,0.4704418789808917,0,4,None,66,1,5,False,1,1
7729,59,betCent,10,0.476015127388535,0,4,None,66,1,5,False,1,1
7730,55,betCent,10,0.5576234076433121,0,28,None,66,1,5,False,1,1
7731,56,betCent,10,0.5531449044585988,0,28,None,66,1,5,False,1,1
7732,57,betCent,10,0.5550358280254777,0,28,None,66,1,5,False,1,1
7733,58,betCent,10,0.5578224522292994,0,28,None,66,1,5,False,1,1
7734,59,betCent,10,0.5617038216560509,0,28,None,66,1,5,False,1,1
7735,55,betCent,10,0.535828025477707,0,3,None,66,1,5,False,1,1
7736,56,betCent,10,0.5374203821656051,0,3,None,66,1,5,False,1,1
7737,57,betCent,10,0.5401074840764332,0,3,None,66,1,5,False,1,1
7738,58,betCent,10,0.5428941082802548,0,3,None,66,1,5,False,1,1
7739,59,betCent,10,0.54578025477707,0,3,None,66,1,5,False,1,1
7740,55,betCent,10,0.5499601910828026,0,9,None,66,1,5,False,1,1
7741,56,betCent,10,0.5540406050955414,0,9,None,66,1,5,False,1,1
7742,57,betCent,10,0.5599124203821656,0,9,None,66,1,5,False,1,1
7743,58,betCent,10,0.5647890127388535,0,9,None,66,1,5,False,1,1
7744,59,betCent,10,0.5690684713375797,0,9,None,66,1,5,False,1,1
7745,55,betCent,10,0.4819864649681528,0,29,None,66,1,5,False,1,1
7746,56,betCent,10,0.4768113057324841,0,29,None,66,1,5,False,1,1
7747,57,betCent,10,0.4749203821656051,0,29,None,66,1,5,False,1,1
7748,58,betCent,10,0.4732285031847134,0,29,None,66,1,5,False,1,1
7749,59,betCent,10,0.4728304140127388,0,29,None,66,1,5,False,1,1
7750,55,betCent,10,0.5644904458598726,0,0,None,66,1,5,False,1,1
7751,56,betCent,10,0.570859872611465,0,0,None,66,1,5,False,1,1
7752,57,betCent,10,0.5748407643312102,0,0,None,66,1,5,False,1,1
7753,58,betCent,10,0.5784235668789809,0,0,None,66,1,5,False,1,1
7754,59,betCent,10,0.5817078025477707,0,0,None,66,1,5,False,1,1
7755,60,betCent,10,0.553343949044586,0,26,None,66,1,5,False,1,1
7756,61,betCent,10,0.548765923566879,0,26,None,66,1,5,False,1,1
7757,62,betCent,10,0.5491640127388535,0,26,None,66,1,5,False,1,1
7758,63,betCent,10,0.5500597133757962,0,26,None,66,1,5,False,1,1
7759,64,betCent,10,0.550656847133758,0,26,None,66,1,5,False,1,1
7760,60,betCent,10,0.5512539808917197,0,1,None,66,1,5,False,1,1
7761,61,betCent,10,0.5783240445859873,0,1,None,66,1,5,False,1,1
7762,62,betCent,10,0.602109872611465,0,1,None,66,1,5,False,1,1
7763,63,betCent,10,0.6160429936305732,0,1,None,66,1,5,False,1,1
7764,64,betCent,10,0.6290804140127388,0,1,None,66,1,5,False,1,1
7765,60,betCent,10,0.3663415605095541,0,14,None,66,1,5,False,1,1
7766,61,betCent,10,0.3674363057324841,0,14,None,66,1,5,False,1,1
7767,62,betCent,10,0.371218152866242,0,14,None,66,1,5,False,1,1
7768,63,betCent,10,0.3723128980891719,0,14,None,66,1,5,False,1,1
7769,64,betCent,10,0.3746019108280254,0,14,None,66,1,5,False,1,1
7770,60,betCent,10,0.5928542993630573,0,25,None,66,1,5,False,1,1
7771,61,betCent,10,0.5737460191082803,0,25,None,66,1,5,False,1,1
7772,62,betCent,10,0.576234076433121,0,25,None,66,1,5,False,1,1
7773,63,betCent,10,0.5810111464968153,0,25,None,66,1,5,False,1,1
7774,64,betCent,10,0.5848925159235668,0,25,None,66,1,5,False,1,1
7775,60,betCent,10,0.5370222929936306,0,2,None,66,1,5,False,1,1
7776,61,betCent,10,0.513734076433121,0,2,None,66,1,5,False,1,1
7777,62,betCent,10,0.5046775477707006,0,2,None,66,1,5,False,1,1
7778,63,betCent,10,0.5082603503184714,0,2,None,66,1,5,False,1,1
7779,64,betCent,10,0.5113455414012739,0,2,None,66,1,5,False,1,1
7780,60,betCent,10,0.5745421974522293,0,15,None,66,1,5,False,1,1
7781,61,betCent,10,0.5776273885350318,0,15,None,66,1,5,False,1,1
7782,62,betCent,10,0.57921974522293,0,15,None,66,1,5,False,1,1
7783,63,betCent,10,0.5816082802547771,0,15,None,66,1,5,False,1,1
7784,64,betCent,10,0.5834992038216561,0,15,None,66,1,5,False,1,1
7785,60,betCent,10,0.6052945859872612,0,7,None,66,1,5,False,1,1
7786,61,betCent,10,0.6130573248407644,0,7,None,66,1,5,False,1,1
7787,62,betCent,10,0.6163415605095541,0,7,None,66,1,5,False,1,1
7788,63,betCent,10,0.6202229299363057,0,7,None,66,1,5,False,1,1
7789,64,betCent,10,0.6233081210191083,0,7,None,66,1,5,False,1,1
7790,60,betCent,10,0.6121616242038217,0,5,None,66,1,5,False,1,1
7791,61,betCent,10,0.60828025477707,0,5,None,66,1,5,False,1,1
7792,62,betCent,10,0.6087778662420382,0,5,None,66,1,5,False,1,1
7793,63,betCent,10,0.6094745222929936,0,5,None,66,1,5,False,1,1
7794,64,betCent,10,0.6113654458598726,0,5,None,66,1,5,False,1,1
7795,60,betCent,10,0.6232085987261147,0,20,None,66,1,5,False,1,1
7796,61,betCent,10,0.6153463375796179,0,20,None,66,1,5,False,1,1
7797,62,betCent,10,0.6156449044585988,0,20,None,66,1,5,False,1,1
7798,63,betCent,10,0.6179339171974523,0,20,None,66,1,5,False,1,1
7799,64,betCent,10,0.6198248407643312,0,20,None,66,1,5,False,1,1
7800,60,betCent,10,0.6418192675159236,0,22,None,66,1,5,False,1,1
7801,61,betCent,10,0.6445063694267515,0,22,None,66,1,5,False,1,1
7802,62,betCent,10,0.647093949044586,0,22,None,66,1,5,False,1,1
7803,63,betCent,10,0.6482882165605095,0,22,None,66,1,5,False,1,1
7804,64,betCent,10,0.6496815286624203,0,22,None,66,1,5,False,1,1
7805,60,betCent,10,0.5995222929936306,0,6,None,66,1,5,False,1,1
7806,61,betCent,10,0.6019108280254777,0,6,None,66,1,5,False,1,1
7807,62,betCent,10,0.6038017515923567,0,6,None,66,1,5,False,1,1
7808,63,betCent,10,0.6063893312101911,0,6,None,66,1,5,False,1,1
7809,64,betCent,10,0.6078821656050956,0,6,None,66,1,5,False,1,1
7810,60,betCent,10,0.5059713375796179,0,32,None,66,1,5,False,1,1
7811,61,betCent,10,0.5058718152866242,0,32,None,66,1,5,False,1,1
7812,62,betCent,10,0.5077627388535032,0,32,None,66,1,5,False,1,1
7813,63,betCent,10,0.5098527070063694,0,32,None,66,1,5,False,1,1
7814,64,betCent,10,0.5121417197452229,0,32,None,66,1,5,False,1,1
7815,60,betCent,10,0.6548566878980892,0,16,None,66,1,5,False,1,1
7816,61,betCent,10,0.6598328025477707,0,16,None,66,1,5,False,1,1
7817,62,betCent,10,0.6613256369426752,0,16,None,66,1,5,False,1,1
7818,63,betCent,10,0.6644108280254777,0,16,None,66,1,5,False,1,1
7819,64,betCent,10,0.6666998407643312,0,16,None,66,1,5,False,1,1
7820,60,betCent,10,0.5611066878980892,0,8,None,66,1,5,False,1,1
7821,61,betCent,10,0.5546377388535032,0,8,None,66,1,5,False,1,1
7822,62,betCent,10,0.5580214968152867,0,8,None,66,1,5,False,1,1
7823,63,betCent,10,0.559812898089172,0,8,None,66,1,5,False,1,1
7824,64,betCent,10,0.5639928343949044,0,8,None,66,1,5,False,1,1
7825,60,betCent,10,0.6666998407643312,0,18,None,66,1,5,False,1,1
7826,61,betCent,10,0.6710788216560509,0,18,None,66,1,5,False,1,1
7827,62,betCent,10,0.675656847133758,0,18,None,66,1,5,False,1,1
7828,63,betCent,10,0.6797372611464968,0,18,None,66,1,5,False,1,1
7829,64,betCent,10,0.6813296178343949,0,18,None,66,1,5,False,1,1
7830,60,betCent,10,0.6049960191082803,0,13,None,66,1,5,False,1,1
7831,61,betCent,10,0.6085788216560509,0,13,None,66,1,5,False,1,1
7832,62,betCent,10,0.612062101910828,0,13,None,66,1,5,False,1,1
7833,63,betCent,10,0.6153463375796179,0,13,None,66,1,5,False,1,1
7834,64,betCent,10,0.619327229299363,0,13,None,66,1,5,False,1,1
7835,60,betCent,10,0.6300756369426752,0,12,None,66,1,5,False,1,1
7836,61,betCent,10,0.6336584394904459,0,12,None,66,1,5,False,1,1
7837,62,betCent,10,0.6383359872611465,0,12,None,66,1,5,False,1,1
7838,63,betCent,10,0.6416202229299363,0,12,None,66,1,5,False,1,1
7839,64,betCent,10,0.6446058917197452,0,12,None,66,1,5,False,1,1
7840,60,betCent,10,0.578125,0,28,None,66,1,5,False,1,1
7841,61,betCent,10,0.5734474522292994,0,28,None,66,1,5,False,1,1
7842,62,betCent,10,0.5726512738853503,0,28,None,66,1,5,False,1,1
7843,63,betCent,10,0.5749402866242038,0,28,None,66,1,5,False,1,1
7844,64,betCent,10,0.5783240445859873,0,28,None,66,1,5,False,1,1
7845,60,betCent,10,0.5988256369426752,0,30,None,66,1,5,False,1,1
7846,61,betCent,10,0.6038017515923567,0,30,None,66,1,5,False,1,1
7847,62,betCent,10,0.609375,0,30,None,66,1,5,False,1,1
7848,63,betCent,10,0.6125597133757962,0,30,None,66,1,5,False,1,1
7849,64,betCent,10,0.6148487261146497,0,30,None,66,1,5,False,1,1
7850,60,betCent,10,0.6313694267515924,0,27,None,66,1,5,False,1,1
7851,61,betCent,10,0.6337579617834395,0,27,None,66,1,5,False,1,1
7852,62,betCent,10,0.6353503184713376,0,27,None,66,1,5,False,1,1
7853,63,betCent,10,0.6394307324840764,0,27,None,66,1,5,False,1,1
7854,64,betCent,10,0.6418192675159236,0,27,None,66,1,5,False,1,1
7855,60,betCent,10,0.609375,0,31,None,66,1,5,False,1,1
7856,61,betCent,10,0.6118630573248408,0,31,None,66,1,5,False,1,1
7857,62,betCent,10,0.6151472929936306,0,31,None,66,1,5,False,1,1
7858,63,betCent,10,0.6169386942675159,0,31,None,66,1,5,False,1,1
7859,64,betCent,10,0.6198248407643312,0,31,None,66,1,5,False,1,1
7860,60,betCent,10,0.6359474522292994,0,10,None,66,1,5,False,1,1
7861,61,betCent,10,0.6407245222929936,0,10,None,66,1,5,False,1,1
7862,62,betCent,10,0.645203025477707,0,10,None,66,1,5,False,1,1
7863,63,betCent,10,0.6481886942675159,0,10,None,66,1,5,False,1,1
7864,64,betCent,10,0.6534633757961783,0,10,None,66,1,5,False,1,1
7865,60,betCent,10,0.6142515923566879,0,11,None,66,1,5,False,1,1
7866,61,betCent,10,0.6152468152866242,0,11,None,66,1,5,False,1,1
7867,62,betCent,10,0.617734872611465,0,11,None,66,1,5,False,1,1
7868,63,betCent,10,0.6201234076433121,0,11,None,66,1,5,False,1,1
7869,64,betCent,10,0.6230095541401274,0,11,None,66,1,5,False,1,1
7870,60,betCent,10,0.6149482484076433,0,17,None,66,1,5,False,1,1
7871,61,betCent,10,0.6181329617834395,0,17,None,66,1,5,False,1,1
7872,62,betCent,10,0.622312898089172,0,17,None,66,1,5,False,1,1
7873,63,betCent,10,0.6250995222929936,0,17,None,66,1,5,False,1,1
7874,64,betCent,10,0.6272890127388535,0,17,None,66,1,5,False,1,1
7875,60,betCent,10,0.54796974522293,0,3,None,66,1,5,False,1,1
7876,61,betCent,10,0.5503582802547771,0,3,None,66,1,5,False,1,1
7877,62,betCent,10,0.5537420382165605,0,3,None,66,1,5,False,1,1
7878,63,betCent,10,0.5576234076433121,0,3,None,66,1,5,False,1,1
7879,64,betCent,10,0.5619028662420382,0,3,None,66,1,5,False,1,1
7880,60,betCent,10,0.5061703821656051,0,29,None,66,1,5,False,1,1
7881,61,betCent,10,0.4919386942675159,0,29,None,66,1,5,False,1,1
7882,62,betCent,10,0.4894506369426751,0,29,None,66,1,5,False,1,1
7883,63,betCent,10,0.4884554140127388,0,29,None,66,1,5,False,1,1
7884,64,betCent,10,0.487858280254777,0,29,None,66,1,5,False,1,1
7885,60,betCent,10,0.566281847133758,0,9,None,66,1,5,False,1,1
7886,61,betCent,10,0.570859872611465,0,9,None,66,1,5,False,1,1
7887,62,betCent,10,0.5757364649681529,0,9,None,66,1,5,False,1,1
7888,63,betCent,10,0.5811106687898089,0,9,None,66,1,5,False,1,1
7889,64,betCent,10,0.584593949044586,0,9,None,66,1,5,False,1,1
7890,60,betCent,10,0.5520501592356688,0,23,None,66,1,5,False,1,1
7891,61,betCent,10,0.5527468152866242,0,23,None,66,1,5,False,1,1
7892,62,betCent,10,0.5591162420382165,0,23,None,66,1,5,False,1,1
7893,63,betCent,10,0.5630971337579618,0,23,None,66,1,5,False,1,1
7894,64,betCent,10,0.5684713375796179,0,23,None,66,1,5,False,1,1
7895,60,betCent,10,0.4926353503184713,0,4,None,66,1,5,False,1,1
7896,61,betCent,10,0.4792993630573248,0,4,None,66,1,5,False,1,1
7897,62,betCent,10,0.4806926751592357,0,4,None,66,1,5,False,1,1
7898,63,betCent,10,0.487062101910828,0,4,None,66,1,5,False,1,1
7899,64,betCent,10,0.4919386942675159,0,4,None,66,1,5,False,1,1
7900,60,betCent,10,0.5583200636942676,0,19,None,66,1,5,False,1,1
7901,61,betCent,10,0.5482683121019108,0,19,None,66,1,5,False,1,1
7902,62,betCent,10,0.5450835987261147,0,19,None,66,1,5,False,1,1
7903,63,betCent,10,0.5438893312101911,0,19,None,66,1,5,False,1,1
7904,64,betCent,10,0.5434912420382165,0,19,None,66,1,5,False,1,1
7905,60,betCent,10,0.5824044585987261,0,0,None,66,1,5,False,1,1
7906,61,betCent,10,0.5876791401273885,0,0,None,66,1,5,False,1,1
7907,62,betCent,10,0.5908638535031847,0,0,None,66,1,5,False,1,1
7908,63,betCent,10,0.5931528662420382,0,0,None,66,1,5,False,1,1
7909,64,betCent,10,0.5951433121019108,0,0,None,66,1,5,False,1,1
7910,60,betCent,10,0.6102707006369427,0,21,None,66,1,5,False,1,1
7911,61,betCent,10,0.6140525477707006,0,21,None,66,1,5,False,1,1
7912,62,betCent,10,0.6196257961783439,0,21,None,66,1,5,False,1,1
7913,63,betCent,10,0.6256966560509554,0,21,None,66,1,5,False,1,1
7914,64,betCent,10,0.6286823248407644,0,21,None,66,1,5,False,1,1
7915,60,betCent,10,0.5092555732484076,0,24,None,66,1,5,False,1,1
7916,61,betCent,10,0.5233877388535032,0,24,None,66,1,5,False,1,1
7917,62,betCent,10,0.5380175159235668,0,24,None,66,1,5,False,1,1
7918,63,betCent,10,0.5510549363057324,0,24,None,66,1,5,False,1,1
7919,64,betCent,10,0.5607085987261147,0,24,None,66,1,5,False,1,1
10065,65,betCent,10,0.5569267515923567,0,1,None,66,1,5,False,1,1
10066,66,betCent,10,0.5901671974522293,0,1,None,66,1,5,False,1,1
10067,67,betCent,10,0.6140525477707006,0,1,None,66,1,5,False,1,1
10068,68,betCent,10,0.6296775477707006,0,1,None,66,1,5,False,1,1
10069,69,betCent,10,0.6411226114649682,0,1,None,66,1,5,False,1,1
10070,65,betCent,10,0.6218152866242038,0,13,None,66,1,5,False,1,1
10071,66,betCent,10,0.6255971337579618,0,13,None,66,1,5,False,1,1
10072,67,betCent,10,0.628781847133758,0,13,None,66,1,5,False,1,1
10073,68,betCent,10,0.6305732484076433,0,13,None,66,1,5,False,1,1
10074,69,betCent,10,0.6345541401273885,0,13,None,66,1,5,False,1,1
10075,65,betCent,10,0.5873805732484076,0,15,None,66,1,5,False,1,1
10076,66,betCent,10,0.5896695859872612,0,15,None,66,1,5,False,1,1
10077,67,betCent,10,0.5905652866242038,0,15,None,66,1,5,False,1,1
10078,68,betCent,10,0.5913614649681529,0,15,None,66,1,5,False,1,1
10079,69,betCent,10,0.5917595541401274,0,15,None,66,1,5,False,1,1
10080,65,betCent,10,0.6509753184713376,0,10,None,66,1,5,False,1,1
10081,66,betCent,10,0.6549562101910829,0,10,None,66,1,5,False,1,1
10082,67,betCent,10,0.6579418789808917,0,10,None,66,1,5,False,1,1
10083,68,betCent,10,0.6634156050955414,0,10,None,66,1,5,False,1,1
10084,69,betCent,10,0.666202229299363,0,10,None,66,1,5,False,1,1
10085,65,betCent,10,0.662718949044586,0,16,None,66,1,5,False,1,1
10086,66,betCent,10,0.6668988853503185,0,16,None,66,1,5,False,1,1
10087,67,betCent,10,0.6690883757961783,0,16,None,66,1,5,False,1,1
10088,68,betCent,10,0.6711783439490446,0,16,None,66,1,5,False,1,1
10089,69,betCent,10,0.6731687898089171,0,16,None,66,1,5,False,1,1
10090,65,betCent,10,0.6313694267515924,0,11,None,66,1,5,False,1,1
10091,66,betCent,10,0.6311703821656051,0,11,None,66,1,5,False,1,1
10092,67,betCent,10,0.634156050955414,0,11,None,66,1,5,False,1,1
10093,68,betCent,10,0.6365445859872612,0,11,None,66,1,5,False,1,1
10094,69,betCent,10,0.6391321656050956,0,11,None,66,1,5,False,1,1
10095,65,betCent,10,0.5892714968152867,0,8,None,66,1,5,False,1,1
10096,66,betCent,10,0.5813097133757962,0,8,None,66,1,5,False,1,1
10097,67,betCent,10,0.5841958598726115,0,8,None,66,1,5,False,1,1
10098,68,betCent,10,0.5854896496815286,0,8,None,66,1,5,False,1,1
10099,69,betCent,10,0.5863853503184714,0,8,None,66,1,5,False,1,1
10100,65,betCent,10,0.6394307324840764,0,20,None,66,1,5,False,1,1
10101,66,betCent,10,0.6332603503184714,0,20,None,66,1,5,False,1,1
10102,67,betCent,10,0.6347531847133758,0,20,None,66,1,5,False,1,1
10103,68,betCent,10,0.6381369426751592,0,20,None,66,1,5,False,1,1
10104,69,betCent,10,0.6411226114649682,0,20,None,66,1,5,False,1,1
10105,65,betCent,10,0.552547770700637,0,19,None,66,1,5,False,1,1
10106,66,betCent,10,0.5442874203821656,0,19,None,66,1,5,False,1,1
10107,67,betCent,10,0.5436902866242038,0,19,None,66,1,5,False,1,1
10108,68,betCent,10,0.5442874203821656,0,19,None,66,1,5,False,1,1
10109,69,betCent,10,0.5438893312101911,0,19,None,66,1,5,False,1,1
10110,65,betCent,10,0.6236066878980892,0,17,None,66,1,5,False,1,1
10111,66,betCent,10,0.626890923566879,0,17,None,66,1,5,False,1,1
10112,67,betCent,10,0.6293789808917197,0,17,None,66,1,5,False,1,1
10113,68,betCent,10,0.6323646496815286,0,17,None,66,1,5,False,1,1
10114,69,betCent,10,0.6348527070063694,0,17,None,66,1,5,False,1,1
10115,65,betCent,10,0.6382364649681529,0,21,None,66,1,5,False,1,1
10116,66,betCent,10,0.6405254777070064,0,21,None,66,1,5,False,1,1
10117,67,betCent,10,0.6449044585987261,0,21,None,66,1,5,False,1,1
10118,68,betCent,10,0.6493829617834395,0,21,None,66,1,5,False,1,1
10119,69,betCent,10,0.6513734076433121,0,21,None,66,1,5,False,1,1
10120,65,betCent,10,0.6109673566878981,0,25,None,66,1,5,False,1,1
10121,66,betCent,10,0.5930533439490446,0,25,None,66,1,5,False,1,1
10122,67,betCent,10,0.5906648089171974,0,25,None,66,1,5,False,1,1
10123,68,betCent,10,0.5925557324840764,0,25,None,66,1,5,False,1,1
10124,69,betCent,10,0.5947452229299363,0,25,None,66,1,5,False,1,1
10125,65,betCent,10,0.5429936305732485,0,24,None,66,1,5,False,1,1
10126,66,betCent,10,0.5564291401273885,0,24,None,66,1,5,False,1,1
10127,67,betCent,10,0.5674761146496815,0,24,None,66,1,5,False,1,1
10128,68,betCent,10,0.5757364649681529,0,24,None,66,1,5,False,1,1
10129,69,betCent,10,0.5851910828025477,0,24,None,66,1,5,False,1,1
10130,65,betCent,10,0.59375,0,28,None,66,1,5,False,1,1
10131,66,betCent,10,0.5888734076433121,0,28,None,66,1,5,False,1,1
10132,67,betCent,10,0.5882762738853503,0,28,None,66,1,5,False,1,1
10133,68,betCent,10,0.5900676751592356,0,28,None,66,1,5,False,1,1
10134,69,betCent,10,0.5925557324840764,0,28,None,66,1,5,False,1,1
10135,65,betCent,10,0.5349323248407644,0,29,None,66,1,5,False,1,1
10136,66,betCent,10,0.5210987261146497,0,29,None,66,1,5,False,1,1
10137,67,betCent,10,0.5166202229299363,0,29,None,66,1,5,False,1,1
10138,68,betCent,10,0.5161226114649682,0,29,None,66,1,5,False,1,1
10139,69,betCent,10,0.5153264331210191,0,29,None,66,1,5,False,1,1
10140,65,betCent,10,0.6816281847133758,0,18,None,66,1,5,False,1,1
10141,66,betCent,10,0.6842157643312102,0,18,None,66,1,5,False,1,1
10142,67,betCent,10,0.6872014331210191,0,18,None,66,1,5,False,1,1
10143,68,betCent,10,0.6887937898089171,0,18,None,66,1,5,False,1,1
10144,69,betCent,10,0.6908837579617835,0,18,None,66,1,5,False,1,1
10145,65,betCent,10,0.6428144904458599,0,27,None,66,1,5,False,1,1
10146,66,betCent,10,0.6445063694267515,0,27,None,66,1,5,False,1,1
10147,67,betCent,10,0.6480891719745223,0,27,None,66,1,5,False,1,1
10148,68,betCent,10,0.6523686305732485,0,27,None,66,1,5,False,1,1
10149,69,betCent,10,0.6545581210191083,0,27,None,66,1,5,False,1,1
10150,65,betCent,10,0.6156449044585988,0,31,None,66,1,5,False,1,1
10151,66,betCent,10,0.6220143312101911,0,31,None,66,1,5,False,1,1
10152,67,betCent,10,0.6264928343949044,0,31,None,66,1,5,False,1,1
10153,68,betCent,10,0.6303742038216561,0,31,None,66,1,5,False,1,1
10154,69,betCent,10,0.633359872611465,0,31,None,66,1,5,False,1,1
10155,65,betCent,10,0.5165207006369427,0,32,None,66,1,5,False,1,1
10156,66,betCent,10,0.5166202229299363,0,32,None,66,1,5,False,1,1
10157,67,betCent,10,0.518312101910828,0,32,None,66,1,5,False,1,1
10158,68,betCent,10,0.5193073248407644,0,32,None,66,1,5,False,1,1
10159,69,betCent,10,0.5201035031847133,0,32,None,66,1,5,False,1,1
10160,65,betCent,10,0.558718152866242,0,2,None,66,1,5,False,1,1
10161,66,betCent,10,0.5370222929936306,0,2,None,66,1,5,False,1,1
10162,67,betCent,10,0.5253781847133758,0,2,None,66,1,5,False,1,1
10163,68,betCent,10,0.5219944267515924,0,2,None,66,1,5,False,1,1
10164,69,betCent,10,0.5234872611464968,0,2,None,66,1,5,False,1,1
10165,65,betCent,10,0.5631966560509554,0,3,None,66,1,5,False,1,1
10166,66,betCent,10,0.5674761146496815,0,3,None,66,1,5,False,1,1
10167,67,betCent,10,0.5710589171974523,0,3,None,66,1,5,False,1,1
10168,68,betCent,10,0.5738455414012739,0,3,None,66,1,5,False,1,1
10169,69,betCent,10,0.5768312101910829,0,3,None,66,1,5,False,1,1
10170,65,betCent,10,0.6523686305732485,0,22,None,66,1,5,False,1,1
10171,66,betCent,10,0.6532643312101911,0,22,None,66,1,5,False,1,1
10172,67,betCent,10,0.6538614649681529,0,22,None,66,1,5,False,1,1
10173,68,betCent,10,0.6541600318471338,0,22,None,66,1,5,False,1,1
10174,69,betCent,10,0.6544585987261147,0,22,None,66,1,5,False,1,1
10175,65,betCent,10,0.5828025477707006,0,9,None,66,1,5,False,1,1
10176,66,betCent,10,0.5877786624203821,0,9,None,66,1,5,False,1,1
10177,67,betCent,10,0.5908638535031847,0,9,None,66,1,5,False,1,1
10178,68,betCent,10,0.595640923566879,0,9,None,66,1,5,False,1,1
10179,69,betCent,10,0.5981289808917197,0,9,None,66,1,5,False,1,1
10180,65,betCent,10,0.5722531847133758,0,23,None,66,1,5,False,1,1
10181,66,betCent,10,0.5752388535031847,0,23,None,66,1,5,False,1,1
10182,67,betCent,10,0.5789211783439491,0,23,None,66,1,5,False,1,1
10183,68,betCent,10,0.582703025477707,0,23,None,66,1,5,False,1,1
10184,69,betCent,10,0.5875796178343949,0,23,None,66,1,5,False,1,1
10185,65,betCent,10,0.5982285031847133,0,0,None,66,1,5,False,1,1
10186,66,betCent,10,0.6009156050955414,0,0,None,66,1,5,False,1,1
10187,67,betCent,10,0.6033041401273885,0,0,None,66,1,5,False,1,1
10188,68,betCent,10,0.6041998407643312,0,0,None,66,1,5,False,1,1
10189,69,betCent,10,0.6059912420382165,0,0,None,66,1,5,False,1,1
10190,65,betCent,10,0.6285828025477707,0,5,None,66,1,5,False,1,1
10191,66,betCent,10,0.6244028662420382,0,5,None,66,1,5,False,1,1
10192,67,betCent,10,0.6247014331210191,0,5,None,66,1,5,False,1,1
10193,68,betCent,10,0.6248009554140127,0,5,None,66,1,5,False,1,1
10194,69,betCent,10,0.6261942675159236,0,5,None,66,1,5,False,1,1
10195,65,betCent,10,0.5049761146496815,0,4,None,66,1,5,False,1,1
10196,66,betCent,10,0.4910429936305732,0,4,None,66,1,5,False,1,1
10197,67,betCent,10,0.4933320063694267,0,4,None,66,1,5,False,1,1
10198,68,betCent,10,0.4996019108280254,0,4,None,66,1,5,False,1,1
10199,69,betCent,10,0.5054737261146497,0,4,None,66,1,5,False,1,1
10200,65,betCent,10,0.6270899681528662,0,7,None,66,1,5,False,1,1
10201,66,betCent,10,0.6342555732484076,0,7,None,66,1,5,False,1,1
10202,67,betCent,10,0.6381369426751592,0,7,None,66,1,5,False,1,1
10203,68,betCent,10,0.6409235668789809,0,7,None,66,1,5,False,1,1
10204,69,betCent,10,0.6441082802547771,0,7,None,66,1,5,False,1,1
10205,65,betCent,10,0.6076831210191083,0,6,None,66,1,5,False,1,1
10206,66,betCent,10,0.6106687898089171,0,6,None,66,1,5,False,1,1
10207,67,betCent,10,0.6124601910828026,0,6,None,66,1,5,False,1,1
10208,68,betCent,10,0.6145501592356688,0,6,None,66,1,5,False,1,1
10209,69,betCent,10,0.6172372611464968,0,6,None,66,1,5,False,1,1
10210,65,betCent,10,0.3797770700636942,0,14,None,66,1,5,False,1,1
10211,66,betCent,10,0.3756966560509554,0,14,None,66,1,5,False,1,1
10212,67,betCent,10,0.3779856687898089,0,14,None,66,1,5,False,1,1
10213,68,betCent,10,0.3790804140127388,0,14,None,66,1,5,False,1,1
10214,69,betCent,10,0.3811703821656051,0,14,None,66,1,5,False,1,1
10215,65,betCent,10,0.6415207006369427,0,12,None,66,1,5,False,1,1
10216,66,betCent,10,0.6453025477707006,0,12,None,66,1,5,False,1,1
10217,67,betCent,10,0.6482882165605095,0,12,None,66,1,5,False,1,1
10218,68,betCent,10,0.6511743630573248,0,12,None,66,1,5,False,1,1
10219,69,betCent,10,0.6549562101910829,0,12,None,66,1,5,False,1,1
10220,65,betCent,10,0.6141520700636943,0,30,None,66,1,5,False,1,1
10221,66,betCent,10,0.6203224522292994,0,30,None,66,1,5,False,1,1
10222,67,betCent,10,0.6246019108280255,0,30,None,66,1,5,False,1,1
10223,68,betCent,10,0.6270899681528662,0,30,None,66,1,5,False,1,1
10224,69,betCent,10,0.629578025477707,0,30,None,66,1,5,False,1,1
10225,65,betCent,10,0.56359474522293,0,26,None,66,1,5,False,1,1
10226,66,betCent,10,0.5604100318471338,0,26,None,66,1,5,False,1,1
10227,67,betCent,10,0.56140525477707,0,26,None,66,1,5,False,1,1
10228,68,betCent,10,0.5624004777070064,0,26,None,66,1,5,False,1,1
10229,69,betCent,10,0.5633957006369427,0,26,None,66,1,5,False,1,1
10230,70,betCent,10,0.5623009554140127,0,1,None,66,1,5,False,1,1
10231,71,betCent,10,0.5992237261146497,0,1,None,66,1,5,False,1,1
10232,72,betCent,10,0.6289808917197452,0,1,None,66,1,5,False,1,1
10233,73,betCent,10,0.6400278662420382,0,1,None,66,1,5,False,1,1
10234,74,betCent,10,0.6495820063694268,0,1,None,66,1,5,False,1,1
10235,70,betCent,10,0.6579418789808917,0,21,None,66,1,5,False,1,1
10236,71,betCent,10,0.660031847133758,0,21,None,66,1,5,False,1,1
10237,72,betCent,10,0.6629179936305732,0,21,None,66,1,5,False,1,1
10238,73,betCent,10,0.6658041401273885,0,21,None,66,1,5,False,1,1
10239,74,betCent,10,0.6676950636942676,0,21,None,66,1,5,False,1,1
10240,70,betCent,10,0.5751393312101911,0,2,None,66,1,5,False,1,1
10241,71,betCent,10,0.550656847133758,0,2,None,66,1,5,False,1,1
10242,72,betCent,10,0.5361265923566879,0,2,None,66,1,5,False,1,1
10243,73,betCent,10,0.53125,0,2,None,66,1,5,False,1,1
10244,74,betCent,10,0.5343351910828026,0,2,None,66,1,5,False,1,1
10245,70,betCent,10,0.605593152866242,0,28,None,66,1,5,False,1,1
10246,71,betCent,10,0.6011146496815286,0,28,None,66,1,5,False,1,1
10247,72,betCent,10,0.6012141719745223,0,28,None,66,1,5,False,1,1
10248,73,betCent,10,0.6016122611464968,0,28,None,66,1,5,False,1,1
10249,74,betCent,10,0.603702229299363,0,28,None,66,1,5,False,1,1
10250,70,betCent,10,0.632265127388535,0,17,None,66,1,5,False,1,1
10251,71,betCent,10,0.6354498407643312,0,17,None,66,1,5,False,1,1
10252,72,betCent,10,0.638734076433121,0,17,None,66,1,5,False,1,1
10253,73,betCent,10,0.6418192675159236,0,17,None,66,1,5,False,1,1
10254,74,betCent,10,0.6441082802547771,0,17,None,66,1,5,False,1,1
10255,70,betCent,10,0.6456011146496815,0,11,None,66,1,5,False,1,1
10256,71,betCent,10,0.6446058917197452,0,11,None,66,1,5,False,1,1
10257,72,betCent,10,0.6471934713375797,0,11,None,66,1,5,False,1,1
10258,73,betCent,10,0.6488853503184714,0,11,None,66,1,5,False,1,1
10259,74,betCent,10,0.6509753184713376,0,11,None,66,1,5,False,1,1
10260,70,betCent,10,0.6651074840764332,0,10,None,66,1,5,False,1,1
10261,71,betCent,10,0.6687898089171974,0,10,None,66,1,5,False,1,1
10262,72,betCent,10,0.671875,0,10,None,66,1,5,False,1,1
10263,73,betCent,10,0.6749601910828026,0,10,None,66,1,5,False,1,1
10264,74,betCent,10,0.6771496815286624,0,10,None,66,1,5,False,1,1
10265,70,betCent,10,0.5993232484076433,0,15,None,66,1,5,False,1,1
10266,71,betCent,10,0.6008160828025477,0,15,None,66,1,5,False,1,1
10267,72,betCent,10,0.6011146496815286,0,15,None,66,1,5,False,1,1
10268,73,betCent,10,0.6017117834394905,0,15,None,66,1,5,False,1,1
10269,74,betCent,10,0.6024084394904459,0,15,None,66,1,5,False,1,1
10270,70,betCent,10,0.6537619426751592,0,20,None,66,1,5,False,1,1
10271,71,betCent,10,0.652468152866242,0,20,None,66,1,5,False,1,1
10272,72,betCent,10,0.6534633757961783,0,20,None,66,1,5,False,1,1
10273,73,betCent,10,0.65625,0,20,None,66,1,5,False,1,1
10274,74,betCent,10,0.658140923566879,0,20,None,66,1,5,False,1,1
10275,70,betCent,10,0.5881767515923567,0,23,None,66,1,5,False,1,1
10276,71,betCent,10,0.5919585987261147,0,23,None,66,1,5,False,1,1
10277,72,betCent,10,0.596437101910828,0,23,None,66,1,5,False,1,1
10278,73,betCent,10,0.6008160828025477,0,23,None,66,1,5,False,1,1
10279,74,betCent,10,0.6056926751592356,0,23,None,66,1,5,False,1,1
10280,70,betCent,10,0.5276671974522293,0,32,None,66,1,5,False,1,1
10281,71,betCent,10,0.5268710191082803,0,32,None,66,1,5,False,1,1
10282,72,betCent,10,0.5277667197452229,0,32,None,66,1,5,False,1,1
10283,73,betCent,10,0.5290605095541401,0,32,None,66,1,5,False,1,1
10284,74,betCent,10,0.53125,0,32,None,66,1,5,False,1,1
10285,70,betCent,10,0.6443073248407644,0,5,None,66,1,5,False,1,1
10286,71,betCent,10,0.6405254777070064,0,5,None,66,1,5,False,1,1
10287,72,betCent,10,0.6409235668789809,0,5,None,66,1,5,False,1,1
10288,73,betCent,10,0.6418192675159236,0,5,None,66,1,5,False,1,1
10289,74,betCent,10,0.6430135350318471,0,5,None,66,1,5,False,1,1
10290,70,betCent,10,0.6563495222929936,0,22,None,66,1,5,False,1,1
10291,71,betCent,10,0.65734474522293,0,22,None,66,1,5,False,1,1
10292,72,betCent,10,0.6570461783439491,0,22,None,66,1,5,False,1,1
10293,73,betCent,10,0.658140923566879,0,22,None,66,1,5,False,1,1
10294,74,betCent,10,0.6585390127388535,0,22,None,66,1,5,False,1,1
10295,70,betCent,10,0.5686703821656051,0,26,None,66,1,5,False,1,1
10296,71,betCent,10,0.5671775477707006,0,26,None,66,1,5,False,1,1
10297,72,betCent,10,0.5677746815286624,0,26,None,66,1,5,False,1,1
10298,73,betCent,10,0.5682722929936306,0,26,None,66,1,5,False,1,1
10299,74,betCent,10,0.5694665605095541,0,26,None,66,1,5,False,1,1
10300,70,betCent,10,0.6175358280254777,0,6,None,66,1,5,False,1,1
10301,71,betCent,10,0.6196257961783439,0,6,None,66,1,5,False,1,1
10302,72,betCent,10,0.623109076433121,0,6,None,66,1,5,False,1,1
10303,73,betCent,10,0.6261942675159236,0,6,None,66,1,5,False,1,1
10304,74,betCent,10,0.6275875796178344,0,6,None,66,1,5,False,1,1
10305,70,betCent,10,0.4073447452229299,0,14,None,66,1,5,False,1,1
10306,71,betCent,10,0.3951035031847134,0,14,None,66,1,5,False,1,1
10307,72,betCent,10,0.3888335987261146,0,14,None,66,1,5,False,1,1
10308,73,betCent,10,0.3859474522292994,0,14,None,66,1,5,False,1,1
10309,74,betCent,10,0.3844546178343949,0,14,None,66,1,5,False,1,1
10310,70,betCent,10,0.5555334394904459,0,29,None,66,1,5,False,1,1
10311,71,betCent,10,0.5429936305732485,0,29,None,66,1,5,False,1,1
10312,72,betCent,10,0.5394108280254777,0,29,None,66,1,5,False,1,1
10313,73,betCent,10,0.5391122611464968,0,29,None,66,1,5,False,1,1
10314,74,betCent,10,0.5383160828025477,0,29,None,66,1,5,False,1,1
10315,70,betCent,10,0.5803144904458599,0,3,None,66,1,5,False,1,1
10316,71,betCent,10,0.582703025477707,0,3,None,66,1,5,False,1,1
10317,72,betCent,10,0.5859872611464968,0,3,None,66,1,5,False,1,1
10318,73,betCent,10,0.5897691082802548,0,3,None,66,1,5,False,1,1
10319,74,betCent,10,0.5925557324840764,0,3,None,66,1,5,False,1,1
10320,70,betCent,10,0.6392316878980892,0,13,None,66,1,5,False,1,1
10321,71,betCent,10,0.6423168789808917,0,13,None,66,1,5,False,1,1
10322,72,betCent,10,0.6445063694267515,0,13,None,66,1,5,False,1,1
10323,73,betCent,10,0.6471934713375797,0,13,None,66,1,5,False,1,1
10324,74,betCent,10,0.6498805732484076,0,13,None,66,1,5,False,1,1
10325,70,betCent,10,0.6542595541401274,0,12,None,66,1,5,False,1,1
10326,71,betCent,10,0.6585390127388535,0,12,None,66,1,5,False,1,1
10327,72,betCent,10,0.6621218152866242,0,12,None,66,1,5,False,1,1
10328,73,betCent,10,0.6651074840764332,0,12,None,66,1,5,False,1,1
10329,74,betCent,10,0.6675955414012739,0,12,None,66,1,5,False,1,1
10330,70,betCent,10,0.5966361464968153,0,9,None,66,1,5,False,1,1
10331,71,betCent,10,0.5998208598726115,0,9,None,66,1,5,False,1,1
10332,72,betCent,10,0.6034036624203821,0,9,None,66,1,5,False,1,1
10333,73,betCent,10,0.6062898089171974,0,9,None,66,1,5,False,1,1
10334,74,betCent,10,0.609375,0,9,None,66,1,5,False,1,1
10335,70,betCent,10,0.6252985668789809,0,25,None,66,1,5,False,1,1
10336,71,betCent,10,0.6076831210191083,0,25,None,66,1,5,False,1,1
10337,72,betCent,10,0.6018113057324841,0,25,None,66,1,5,False,1,1
10338,73,betCent,10,0.6007165605095541,0,25,None,66,1,5,False,1,1
10339,74,betCent,10,0.6005175159235668,0,25,None,66,1,5,False,1,1
10340,70,betCent,10,0.5683718152866242,0,24,None,66,1,5,False,1,1
10341,71,betCent,10,0.5779259554140127,0,24,None,66,1,5,False,1,1
10342,72,betCent,10,0.5877786624203821,0,24,None,66,1,5,False,1,1
10343,73,betCent,10,0.5959394904458599,0,24,None,66,1,5,False,1,1
10344,74,betCent,10,0.6034036624203821,0,24,None,66,1,5,False,1,1
10345,70,betCent,10,0.653562898089172,0,27,None,66,1,5,False,1,1
10346,71,betCent,10,0.6555533439490446,0,27,None,66,1,5,False,1,1
10347,72,betCent,10,0.6567476114649682,0,27,None,66,1,5,False,1,1
10348,73,betCent,10,0.6587380573248408,0,27,None,66,1,5,False,1,1
10349,74,betCent,10,0.6604299363057324,0,27,None,66,1,5,False,1,1
10350,70,betCent,10,0.6282842356687898,0,31,None,66,1,5,False,1,1
10351,71,betCent,10,0.6352507961783439,0,31,None,66,1,5,False,1,1
10352,72,betCent,10,0.6394307324840764,0,31,None,66,1,5,False,1,1
10353,73,betCent,10,0.6416202229299363,0,31,None,66,1,5,False,1,1
10354,74,betCent,10,0.6448049363057324,0,31,None,66,1,5,False,1,1
10355,70,betCent,10,0.6284832802547771,0,30,None,66,1,5,False,1,1
10356,71,betCent,10,0.6327627388535032,0,30,None,66,1,5,False,1,1
10357,72,betCent,10,0.6363455414012739,0,30,None,66,1,5,False,1,1
10358,73,betCent,10,0.6399283439490446,0,30,None,66,1,5,False,1,1
10359,74,betCent,10,0.6427149681528662,0,30,None,66,1,5,False,1,1
10360,70,betCent,10,0.6487858280254777,0,7,None,66,1,5,False,1,1
10361,71,betCent,10,0.6533638535031847,0,7,None,66,1,5,False,1,1
10362,72,betCent,10,0.6563495222929936,0,7,None,66,1,5,False,1,1
10363,73,betCent,10,0.6583399681528662,0,7,None,66,1,5,False,1,1
10364,74,betCent,10,0.6606289808917197,0,7,None,66,1,5,False,1,1
10365,70,betCent,10,0.5162221337579618,0,4,None,66,1,5,False,1,1
10366,71,betCent,10,0.504578025477707,0,4,None,66,1,5,False,1,1
10367,72,betCent,10,0.5093550955414012,0,4,None,66,1,5,False,1,1
10368,73,betCent,10,0.5172173566878981,0,4,None,66,1,5,False,1,1
10369,74,betCent,10,0.5237858280254777,0,4,None,66,1,5,False,1,1
10370,70,betCent,10,0.6105692675159236,0,0,None,66,1,5,False,1,1
10371,71,betCent,10,0.6113654458598726,0,0,None,66,1,5,False,1,1
10372,72,betCent,10,0.6128582802547771,0,0,None,66,1,5,False,1,1
10373,73,betCent,10,0.6140525477707006,0,0,None,66,1,5,False,1,1
10374,74,betCent,10,0.6156449044585988,0,0,None,66,1,5,False,1,1
10375,70,betCent,10,0.605593152866242,0,8,None,66,1,5,False,1,1
10376,71,betCent,10,0.6013136942675159,0,8,None,66,1,5,False,1,1
10377,72,betCent,10,0.6025079617834395,0,8,None,66,1,5,False,1,1
10378,73,betCent,10,0.6041998407643312,0,8,None,66,1,5,False,1,1
10379,74,betCent,10,0.606687898089172,0,8,None,66,1,5,False,1,1
10380,70,betCent,10,0.6716759554140127,0,16,None,66,1,5,False,1,1
10381,71,betCent,10,0.6743630573248408,0,16,None,66,1,5,False,1,1
10382,72,betCent,10,0.6772492038216561,0,16,None,66,1,5,False,1,1
10383,73,betCent,10,0.6793391719745223,0,16,None,66,1,5,False,1,1
10384,74,betCent,10,0.6816281847133758,0,16,None,66,1,5,False,1,1
10385,70,betCent,10,0.6881966560509554,0,18,None,66,1,5,False,1,1
10386,71,betCent,10,0.6905851910828026,0,18,None,66,1,5,False,1,1
10387,72,betCent,10,0.6918789808917197,0,18,None,66,1,5,False,1,1
10388,73,betCent,10,0.6934713375796179,0,18,None,66,1,5,False,1,1
10389,74,betCent,10,0.6964570063694268,0,18,None,66,1,5,False,1,1
10390,70,betCent,10,0.5676751592356688,0,19,None,66,1,5,False,1,1
10391,71,betCent,10,0.5575238853503185,0,19,None,66,1,5,False,1,1
10392,72,betCent,10,0.5527468152866242,0,19,None,66,1,5,False,1,1
10393,73,betCent,10,0.5508558917197452,0,19,None,66,1,5,False,1,1
10394,74,betCent,10,0.5503582802547771,0,19,None,66,1,5,False,1,1
12870,75,betCent,10,0.5686703821656051,0,1,None,66,1,5,False,1,1
12871,76,betCent,10,0.607484076433121,0,1,None,66,1,5,False,1,1
12872,77,betCent,10,0.6339570063694268,0,1,None,66,1,5,False,1,1
12873,78,betCent,10,0.6499800955414012,0,1,None,66,1,5,False,1,1
12874,79,betCent,10,0.6588375796178344,0,1,None,66,1,5,False,1,1
12875,75,betCent,10,0.5816082802547771,0,2,None,66,1,5,False,1,1
12876,76,betCent,10,0.5586186305732485,0,2,None,66,1,5,False,1,1
12877,77,betCent,10,0.5443869426751592,0,2,None,66,1,5,False,1,1
12878,78,betCent,10,0.5415007961783439,0,2,None,66,1,5,False,1,1
12879,79,betCent,10,0.5431926751592356,0,2,None,66,1,5,False,1,1
12880,75,betCent,10,0.6530652866242038,0,13,None,66,1,5,False,1,1
12881,76,betCent,10,0.6569466560509554,0,13,None,66,1,5,False,1,1
12882,77,betCent,10,0.6595342356687898,0,13,None,66,1,5,False,1,1
12883,78,betCent,10,0.6618232484076433,0,13,None,66,1,5,False,1,1
12884,79,betCent,10,0.6637141719745223,0,13,None,66,1,5,False,1,1
12885,75,betCent,10,0.6099721337579618,0,15,None,66,1,5,False,1,1
12886,76,betCent,10,0.611265923566879,0,15,None,66,1,5,False,1,1
12887,77,betCent,10,0.612062101910828,0,15,None,66,1,5,False,1,1
12888,78,betCent,10,0.6123606687898089,0,15,None,66,1,5,False,1,1
12889,79,betCent,10,0.6125597133757962,0,15,None,66,1,5,False,1,1
12890,75,betCent,10,0.676453025477707,0,10,None,66,1,5,False,1,1
12891,76,betCent,10,0.6780453821656051,0,10,None,66,1,5,False,1,1
12892,77,betCent,10,0.6800358280254777,0,10,None,66,1,5,False,1,1
12893,78,betCent,10,0.6825238853503185,0,10,None,66,1,5,False,1,1
12894,79,betCent,10,0.6833200636942676,0,10,None,66,1,5,False,1,1
12895,75,betCent,10,0.6797372611464968,0,16,None,66,1,5,False,1,1
12896,76,betCent,10,0.6830214968152867,0,16,None,66,1,5,False,1,1
12897,77,betCent,10,0.6852109872611465,0,16,None,66,1,5,False,1,1
12898,78,betCent,10,0.6878980891719745,0,16,None,66,1,5,False,1,1
12899,79,betCent,10,0.6902866242038217,0,16,None,66,1,5,False,1,1
12900,75,betCent,10,0.6566480891719745,0,11,None,66,1,5,False,1,1
12901,76,betCent,10,0.6544585987261147,0,11,None,66,1,5,False,1,1
12902,77,betCent,10,0.6564490445859873,0,11,None,66,1,5,False,1,1
12903,78,betCent,10,0.6584394904458599,0,11,None,66,1,5,False,1,1
12904,79,betCent,10,0.6603304140127388,0,11,None,66,1,5,False,1,1
12905,75,betCent,10,0.667296974522293,0,20,None,66,1,5,False,1,1
12906,76,betCent,10,0.6666998407643312,0,20,None,66,1,5,False,1,1
12907,77,betCent,10,0.668093152866242,0,20,None,66,1,5,False,1,1
12908,78,betCent,10,0.6695859872611465,0,20,None,66,1,5,False,1,1
12909,79,betCent,10,0.6712778662420382,0,20,None,66,1,5,False,1,1
12910,75,betCent,10,0.6606289808917197,0,22,None,66,1,5,False,1,1
12911,76,betCent,10,0.6612261146496815,0,22,None,66,1,5,False,1,1
12912,77,betCent,10,0.6618232484076433,0,22,None,66,1,5,False,1,1
12913,78,betCent,10,0.6621218152866242,0,22,None,66,1,5,False,1,1
12914,79,betCent,10,0.6629179936305732,0,22,None,66,1,5,False,1,1
12915,75,betCent,10,0.6043988853503185,0,23,None,66,1,5,False,1,1
12916,76,betCent,10,0.6080812101910829,0,23,None,66,1,5,False,1,1
12917,77,betCent,10,0.612062101910828,0,23,None,66,1,5,False,1,1
12918,78,betCent,10,0.6162420382165605,0,23,None,66,1,5,False,1,1
12919,79,betCent,10,0.618531050955414,0,23,None,66,1,5,False,1,1
12920,75,betCent,10,0.6419187898089171,0,17,None,66,1,5,False,1,1
12921,76,betCent,10,0.6442078025477707,0,17,None,66,1,5,False,1,1
12922,77,betCent,10,0.6466958598726115,0,17,None,66,1,5,False,1,1
12923,78,betCent,10,0.6490843949044586,0,17,None,66,1,5,False,1,1
12924,79,betCent,10,0.6513734076433121,0,17,None,66,1,5,False,1,1
12925,75,betCent,10,0.5844944267515924,0,26,None,66,1,5,False,1,1
12926,76,betCent,10,0.5821058917197452,0,26,None,66,1,5,False,1,1
12927,77,betCent,10,0.5820063694267515,0,26,None,66,1,5,False,1,1
12928,78,betCent,10,0.5829020700636943,0,26,None,66,1,5,False,1,1
12929,79,betCent,10,0.5833996815286624,0,26,None,66,1,5,False,1,1
12930,75,betCent,10,0.6650079617834395,0,12,None,66,1,5,False,1,1
12931,76,betCent,10,0.668093152866242,0,12,None,66,1,5,False,1,1
12932,77,betCent,10,0.6704816878980892,0,12,None,66,1,5,False,1,1
12933,78,betCent,10,0.6733678343949044,0,12,None,66,1,5,False,1,1
12934,79,betCent,10,0.6749601910828026,0,12,None,66,1,5,False,1,1
12935,75,betCent,10,0.615047770700637,0,28,None,66,1,5,False,1,1
12936,76,betCent,10,0.6097730891719745,0,28,None,66,1,5,False,1,1
12937,77,betCent,10,0.6100716560509554,0,28,None,66,1,5,False,1,1
12938,78,betCent,10,0.6124601910828026,0,28,None,66,1,5,False,1,1
12939,79,betCent,10,0.6148487261146497,0,28,None,66,1,5,False,1,1
12940,75,betCent,10,0.5856886942675159,0,24,None,66,1,5,False,1,1
12941,76,betCent,10,0.5955414012738853,0,24,None,66,1,5,False,1,1
12942,77,betCent,10,0.6036027070063694,0,24,None,66,1,5,False,1,1
12943,78,betCent,10,0.6109673566878981,0,24,None,66,1,5,False,1,1
12944,79,betCent,10,0.615843949044586,0,24,None,66,1,5,False,1,1
12945,75,betCent,10,0.6404259554140127,0,30,None,66,1,5,False,1,1
12946,76,betCent,10,0.6441082802547771,0,30,None,66,1,5,False,1,1
12947,77,betCent,10,0.649781050955414,0,30,None,66,1,5,False,1,1
12948,78,betCent,10,0.6525676751592356,0,30,None,66,1,5,False,1,1
12949,79,betCent,10,0.6567476114649682,0,30,None,66,1,5,False,1,1
12950,75,betCent,10,0.6434116242038217,0,31,None,66,1,5,False,1,1
12951,76,betCent,10,0.6486863057324841,0,31,None,66,1,5,False,1,1
12952,77,betCent,10,0.6506767515923567,0,31,None,66,1,5,False,1,1
12953,78,betCent,10,0.6527667197452229,0,31,None,66,1,5,False,1,1
12954,79,betCent,10,0.6575437898089171,0,31,None,66,1,5,False,1,1
12955,75,betCent,10,0.6612261146496815,0,27,None,66,1,5,False,1,1
12956,76,betCent,10,0.6624203821656051,0,27,None,66,1,5,False,1,1
12957,77,betCent,10,0.6644108280254777,0,27,None,66,1,5,False,1,1
12958,78,betCent,10,0.6677945859872612,0,27,None,66,1,5,False,1,1
12959,79,betCent,10,0.6698845541401274,0,27,None,66,1,5,False,1,1
12960,75,betCent,10,0.6653065286624203,0,7,None,66,1,5,False,1,1
12961,76,betCent,10,0.6675955414012739,0,7,None,66,1,5,False,1,1
12962,77,betCent,10,0.6709792993630573,0,7,None,66,1,5,False,1,1
12963,78,betCent,10,0.6724721337579618,0,7,None,66,1,5,False,1,1
12964,79,betCent,10,0.6750597133757962,0,7,None,66,1,5,False,1,1
12965,75,betCent,10,0.5283638535031847,0,4,None,66,1,5,False,1,1
12966,76,betCent,10,0.5147292993630573,0,4,None,66,1,5,False,1,1
12967,77,betCent,10,0.5233877388535032,0,4,None,66,1,5,False,1,1
12968,78,betCent,10,0.5304538216560509,0,4,None,66,1,5,False,1,1
12969,79,betCent,10,0.5373208598726115,0,4,None,66,1,5,False,1,1
12970,75,betCent,10,0.540406050955414,0,32,None,66,1,5,False,1,1
12971,76,betCent,10,0.5390127388535032,0,32,None,66,1,5,False,1,1
12972,77,betCent,10,0.5398089171974523,0,32,None,66,1,5,False,1,1
12973,78,betCent,10,0.5417993630573248,0,32,None,66,1,5,False,1,1
12974,79,betCent,10,0.5433917197452229,0,32,None,66,1,5,False,1,1
12975,75,betCent,10,0.6585390127388535,0,5,None,66,1,5,False,1,1
12976,76,betCent,10,0.6539609872611465,0,5,None,66,1,5,False,1,1
12977,77,betCent,10,0.6544585987261147,0,5,None,66,1,5,False,1,1
12978,78,betCent,10,0.6556528662420382,0,5,None,66,1,5,False,1,1
12979,79,betCent,10,0.6571457006369427,0,5,None,66,1,5,False,1,1
12980,75,betCent,10,0.6301751592356688,0,6,None,66,1,5,False,1,1
12981,76,betCent,10,0.6334593949044586,0,6,None,66,1,5,False,1,1
12982,77,betCent,10,0.6350517515923567,0,6,None,66,1,5,False,1,1
12983,78,betCent,10,0.6378383757961783,0,6,None,66,1,5,False,1,1
12984,79,betCent,10,0.6396297770700637,0,6,None,66,1,5,False,1,1
12985,75,betCent,10,0.6968550955414012,0,18,None,66,1,5,False,1,1
12986,76,betCent,10,0.6971536624203821,0,18,None,66,1,5,False,1,1
12987,77,betCent,10,0.6992436305732485,0,18,None,66,1,5,False,1,1
12988,78,betCent,10,0.7027269108280255,0,18,None,66,1,5,False,1,1
12989,79,betCent,10,0.7041202229299363,0,18,None,66,1,5,False,1,1
12990,75,betCent,10,0.6195262738853503,0,8,None,66,1,5,False,1,1
12991,76,betCent,10,0.6155453821656051,0,8,None,66,1,5,False,1,1
12992,77,betCent,10,0.6187300955414012,0,8,None,66,1,5,False,1,1
12993,78,betCent,10,0.6192277070063694,0,8,None,66,1,5,False,1,1
12994,79,betCent,10,0.6199243630573248,0,8,None,66,1,5,False,1,1
12995,75,betCent,10,0.566281847133758,0,19,None,66,1,5,False,1,1
12996,76,betCent,10,0.5569267515923567,0,19,None,66,1,5,False,1,1
12997,77,betCent,10,0.5540406050955414,0,19,None,66,1,5,False,1,1
12998,78,betCent,10,0.5530453821656051,0,19,None,66,1,5,False,1,1
12999,79,betCent,10,0.553343949044586,0,19,None,66,1,5,False,1,1
13000,75,betCent,10,0.6730692675159236,0,21,None,66,1,5,False,1,1
13001,76,betCent,10,0.6748606687898089,0,21,None,66,1,5,False,1,1
13002,77,betCent,10,0.6766520700636943,0,21,None,66,1,5,False,1,1
13003,78,betCent,10,0.6774482484076433,0,21,None,66,1,5,False,1,1
13004,79,betCent,10,0.6786425159235668,0,21,None,66,1,5,False,1,1
13005,75,betCent,10,0.4173964968152866,0,14,None,66,1,5,False,1,1
13006,76,betCent,10,0.4090366242038216,0,14,None,66,1,5,False,1,1
13007,77,betCent,10,0.4050557324840764,0,14,None,66,1,5,False,1,1
13008,78,betCent,10,0.4040605095541401,0,14,None,66,1,5,False,1,1
13009,79,betCent,10,0.4035628980891719,0,14,None,66,1,5,False,1,1
13010,75,betCent,10,0.6290804140127388,0,25,None,66,1,5,False,1,1
13011,76,betCent,10,0.6111664012738853,0,25,None,66,1,5,False,1,1
13012,77,betCent,10,0.6050955414012739,0,25,None,66,1,5,False,1,1
13013,78,betCent,10,0.6050955414012739,0,25,None,66,1,5,False,1,1
13014,79,betCent,10,0.6056926751592356,0,25,None,66,1,5,False,1,1
13015,75,betCent,10,0.5978304140127388,0,3,None,66,1,5,False,1,1
13016,76,betCent,10,0.5995222929936306,0,3,None,66,1,5,False,1,1
13017,77,betCent,10,0.6023089171974523,0,3,None,66,1,5,False,1,1
13018,78,betCent,10,0.6045979299363057,0,3,None,66,1,5,False,1,1
13019,79,betCent,10,0.6070859872611465,0,3,None,66,1,5,False,1,1
13020,75,betCent,10,0.606687898089172,0,9,None,66,1,5,False,1,1
13021,76,betCent,10,0.6108678343949044,0,9,None,66,1,5,False,1,1
13022,77,betCent,10,0.6129578025477707,0,9,None,66,1,5,False,1,1
13023,78,betCent,10,0.615843949044586,0,9,None,66,1,5,False,1,1
13024,79,betCent,10,0.6184315286624203,0,9,None,66,1,5,False,1,1
13025,75,betCent,10,0.5719546178343949,0,29,None,66,1,5,False,1,1
13026,76,betCent,10,0.5619028662420382,0,29,None,66,1,5,False,1,1
13027,77,betCent,10,0.5571257961783439,0,29,None,66,1,5,False,1,1
13028,78,betCent,10,0.5573248407643312,0,29,None,66,1,5,False,1,1
13029,79,betCent,10,0.5578224522292994,0,29,None,66,1,5,False,1,1
13030,75,betCent,10,0.6216162420382165,0,0,None,66,1,5,False,1,1
13031,76,betCent,10,0.6229100318471338,0,0,None,66,1,5,False,1,1
13032,77,betCent,10,0.6241042993630573,0,0,None,66,1,5,False,1,1
13033,78,betCent,10,0.625,0,0,None,66,1,5,False,1,1
13034,79,betCent,10,0.62609474522293,0,0,None,66,1,5,False,1,1
13035,80,betCent,10,0.5947452229299363,0,26,None,66,1,5,False,1,1
13036,81,betCent,10,0.5922571656050956,0,26,None,66,1,5,False,1,1
13037,82,betCent,10,0.5925557324840764,0,26,None,66,1,5,False,1,1
13038,83,betCent,10,0.5934514331210191,0,26,None,66,1,5,False,1,1
13039,84,betCent,10,0.5946457006369427,0,26,None,66,1,5,False,1,1
13040,80,betCent,10,0.6377388535031847,0,25,None,66,1,5,False,1,1
13041,81,betCent,10,0.623109076433121,0,25,None,66,1,5,False,1,1
13042,82,betCent,10,0.6188296178343949,0,25,None,66,1,5,False,1,1
13043,83,betCent,10,0.616640127388535,0,25,None,66,1,5,False,1,1
13044,84,betCent,10,0.616640127388535,0,25,None,66,1,5,False,1,1
13045,80,betCent,10,0.4244625796178344,0,14,None,66,1,5,False,1,1
13046,81,betCent,10,0.4177945859872611,0,14,None,66,1,5,False,1,1
13047,82,betCent,10,0.4139132165605095,0,14,None,66,1,5,False,1,1
13048,83,betCent,10,0.4134156050955414,0,14,None,66,1,5,False,1,1
13049,84,betCent,10,0.4155055732484076,0,14,None,66,1,5,False,1,1
13050,80,betCent,10,0.5752388535031847,0,1,None,66,1,5,False,1,1
13051,81,betCent,10,0.6165406050955414,0,1,None,66,1,5,False,1,1
13052,82,betCent,10,0.64171974522293,0,1,None,66,1,5,False,1,1
13053,83,betCent,10,0.65625,0,1,None,66,1,5,False,1,1
13054,84,betCent,10,0.6664012738853503,0,1,None,66,1,5,False,1,1
13055,80,betCent,10,0.585390127388535,0,29,None,66,1,5,False,1,1
13056,81,betCent,10,0.5768312101910829,0,29,None,66,1,5,False,1,1
13057,82,betCent,10,0.5746417197452229,0,29,None,66,1,5,False,1,1
13058,83,betCent,10,0.5747412420382165,0,29,None,66,1,5,False,1,1
13059,84,betCent,10,0.5759355095541401,0,29,None,66,1,5,False,1,1
13060,80,betCent,10,0.5875796178343949,0,2,None,66,1,5,False,1,1
13061,81,betCent,10,0.5659832802547771,0,2,None,66,1,5,False,1,1
13062,82,betCent,10,0.5529458598726115,0,2,None,66,1,5,False,1,1
13063,83,betCent,10,0.5486664012738853,0,2,None,66,1,5,False,1,1
13064,84,betCent,10,0.5500597133757962,0,2,None,66,1,5,False,1,1
13065,80,betCent,10,0.6730692675159236,0,7,None,66,1,5,False,1,1
13066,81,betCent,10,0.6768511146496815,0,7,None,66,1,5,False,1,1
13067,82,betCent,10,0.6795382165605095,0,7,None,66,1,5,False,1,1
13068,83,betCent,10,0.6816281847133758,0,7,None,66,1,5,False,1,1
13069,84,betCent,10,0.6845143312101911,0,7,None,66,1,5,False,1,1
13070,80,betCent,10,0.6263933121019108,0,9,None,66,1,5,False,1,1
13071,81,betCent,10,0.623109076433121,0,9,None,66,1,5,False,1,1
13072,82,betCent,10,0.6243033439490446,0,9,None,66,1,5,False,1,1
13073,83,betCent,10,0.6263933121019108,0,9,None,66,1,5,False,1,1
13074,84,betCent,10,0.6289808917197452,0,9,None,66,1,5,False,1,1
13075,80,betCent,10,0.6686902866242038,0,13,None,66,1,5,False,1,1
13076,81,betCent,10,0.6711783439490446,0,13,None,66,1,5,False,1,1
13077,82,betCent,10,0.6727707006369427,0,13,None,66,1,5,False,1,1
13078,83,betCent,10,0.674562101910828,0,13,None,66,1,5,False,1,1
13079,84,betCent,10,0.676453025477707,0,13,None,66,1,5,False,1,1
13080,80,betCent,10,0.669187898089172,0,12,None,66,1,5,False,1,1
13081,81,betCent,10,0.6727707006369427,0,12,None,66,1,5,False,1,1
13082,82,betCent,10,0.6753582802547771,0,12,None,66,1,5,False,1,1
13083,83,betCent,10,0.6776472929936306,0,12,None,66,1,5,False,1,1
13084,84,betCent,10,0.6792396496815286,0,12,None,66,1,5,False,1,1
13085,80,betCent,10,0.6880971337579618,0,16,None,66,1,5,False,1,1
13086,81,betCent,10,0.6900875796178344,0,16,None,66,1,5,False,1,1
13087,82,betCent,10,0.6926751592356688,0,16,None,66,1,5,False,1,1
13088,83,betCent,10,0.6949641719745223,0,16,None,66,1,5,False,1,1
13089,84,betCent,10,0.6961584394904459,0,16,None,66,1,5,False,1,1
13090,80,betCent,10,0.6992436305732485,0,18,None,66,1,5,False,1,1
13091,81,betCent,10,0.7008359872611465,0,18,None,66,1,5,False,1,1
13092,82,betCent,10,0.7025278662420382,0,18,None,66,1,5,False,1,1
13093,83,betCent,10,0.7047173566878981,0,18,None,66,1,5,False,1,1
13094,84,betCent,10,0.7070063694267515,0,18,None,66,1,5,False,1,1
13095,80,betCent,10,0.5666799363057324,0,19,None,66,1,5,False,1,1
13096,81,betCent,10,0.5604100318471338,0,19,None,66,1,5,False,1,1
13097,82,betCent,10,0.5576234076433121,0,19,None,66,1,5,False,1,1
13098,83,betCent,10,0.5569267515923567,0,19,None,66,1,5,False,1,1
13099,84,betCent,10,0.5567277070063694,0,19,None,66,1,5,False,1,1
13100,80,betCent,10,0.6851114649681529,0,21,None,66,1,5,False,1,1
13101,81,betCent,10,0.6849124203821656,0,21,None,66,1,5,False,1,1
13102,82,betCent,10,0.6865047770700637,0,21,None,66,1,5,False,1,1
13103,83,betCent,10,0.6868033439490446,0,21,None,66,1,5,False,1,1
13104,84,betCent,10,0.6884952229299363,0,21,None,66,1,5,False,1,1
13105,80,betCent,10,0.6522691082802548,0,30,None,66,1,5,False,1,1
13106,81,betCent,10,0.6570461783439491,0,30,None,66,1,5,False,1,1
13107,82,betCent,10,0.661922770700637,0,30,None,66,1,5,False,1,1
13108,83,betCent,10,0.6652070063694268,0,30,None,66,1,5,False,1,1
13109,84,betCent,10,0.6669984076433121,0,30,None,66,1,5,False,1,1
13110,80,betCent,10,0.6688893312101911,0,27,None,66,1,5,False,1,1
13111,81,betCent,10,0.6704816878980892,0,27,None,66,1,5,False,1,1
13112,82,betCent,10,0.6722730891719745,0,27,None,66,1,5,False,1,1
13113,83,betCent,10,0.6758558917197452,0,27,None,66,1,5,False,1,1
13114,84,betCent,10,0.6779458598726115,0,27,None,66,1,5,False,1,1
13115,80,betCent,10,0.6607285031847133,0,31,None,66,1,5,False,1,1
13116,81,betCent,10,0.6661027070063694,0,31,None,66,1,5,False,1,1
13117,82,betCent,10,0.6675955414012739,0,31,None,66,1,5,False,1,1
13118,83,betCent,10,0.6713773885350318,0,31,None,66,1,5,False,1,1
13119,84,betCent,10,0.6739649681528662,0,31,None,66,1,5,False,1,1
13120,80,betCent,10,0.625,0,28,None,66,1,5,False,1,1
13121,81,betCent,10,0.6198248407643312,0,28,None,66,1,5,False,1,1
13122,82,betCent,10,0.619327229299363,0,28,None,66,1,5,False,1,1
13123,83,betCent,10,0.6214171974522293,0,28,None,66,1,5,False,1,1
13124,84,betCent,10,0.6236066878980892,0,28,None,66,1,5,False,1,1
13125,80,betCent,10,0.6219148089171974,0,15,None,66,1,5,False,1,1
13126,81,betCent,10,0.6226114649681529,0,15,None,66,1,5,False,1,1
13127,82,betCent,10,0.6219148089171974,0,15,None,66,1,5,False,1,1
13128,83,betCent,10,0.6220143312101911,0,15,None,66,1,5,False,1,1
13129,84,betCent,10,0.6218152866242038,0,15,None,66,1,5,False,1,1
13130,80,betCent,10,0.667296974522293,0,11,None,66,1,5,False,1,1
13131,81,betCent,10,0.6666003184713376,0,11,None,66,1,5,False,1,1
13132,82,betCent,10,0.6669984076433121,0,11,None,66,1,5,False,1,1
13133,83,betCent,10,0.6678941082802548,0,11,None,66,1,5,False,1,1
13134,84,betCent,10,0.6713773885350318,0,11,None,66,1,5,False,1,1
13135,80,betCent,10,0.6487858280254777,0,17,None,66,1,5,False,1,1
13136,81,betCent,10,0.6508757961783439,0,17,None,66,1,5,False,1,1
13137,82,betCent,10,0.6536624203821656,0,17,None,66,1,5,False,1,1
13138,83,betCent,10,0.6552547770700637,0,17,None,66,1,5,False,1,1
13139,84,betCent,10,0.6580414012738853,0,17,None,66,1,5,False,1,1
13140,80,betCent,10,0.600218949044586,0,24,None,66,1,5,False,1,1
13141,81,betCent,10,0.6092754777070064,0,24,None,66,1,5,False,1,1
13142,82,betCent,10,0.6164410828025477,0,24,None,66,1,5,False,1,1
13143,83,betCent,10,0.6214171974522293,0,24,None,66,1,5,False,1,1
13144,84,betCent,10,0.6252985668789809,0,24,None,66,1,5,False,1,1
13145,80,betCent,10,0.6706807324840764,0,5,None,66,1,5,False,1,1
13146,81,betCent,10,0.6666998407643312,0,5,None,66,1,5,False,1,1
13147,82,betCent,10,0.6657046178343949,0,5,None,66,1,5,False,1,1
13148,83,betCent,10,0.6664012738853503,0,5,None,66,1,5,False,1,1
13149,84,betCent,10,0.6673964968152867,0,5,None,66,1,5,False,1,1
13150,80,betCent,10,0.6309713375796179,0,0,None,66,1,5,False,1,1
13151,81,betCent,10,0.6328622611464968,0,0,None,66,1,5,False,1,1
13152,82,betCent,10,0.633359872611465,0,0,None,66,1,5,False,1,1
13153,83,betCent,10,0.6350517515923567,0,0,None,66,1,5,False,1,1
13154,84,betCent,10,0.6358479299363057,0,0,None,66,1,5,False,1,1
13155,80,betCent,10,0.6132563694267515,0,3,None,66,1,5,False,1,1
13156,81,betCent,10,0.6130573248407644,0,3,None,66,1,5,False,1,1
13157,82,betCent,10,0.6152468152866242,0,3,None,66,1,5,False,1,1
13158,83,betCent,10,0.6170382165605095,0,3,None,66,1,5,False,1,1
13159,84,betCent,10,0.6200238853503185,0,3,None,66,1,5,False,1,1
13160,80,betCent,10,0.5391122611464968,0,4,None,66,1,5,False,1,1
13161,81,betCent,10,0.5362261146496815,0,4,None,66,1,5,False,1,1
13162,82,betCent,10,0.5427945859872612,0,4,None,66,1,5,False,1,1
13163,83,betCent,10,0.5484673566878981,0,4,None,66,1,5,False,1,1
13164,84,betCent,10,0.5509554140127388,0,4,None,66,1,5,False,1,1
13165,80,betCent,10,0.6445063694267515,0,6,None,66,1,5,False,1,1
13166,81,betCent,10,0.6447054140127388,0,6,None,66,1,5,False,1,1
13167,82,betCent,10,0.6457006369426752,0,6,None,66,1,5,False,1,1
13168,83,betCent,10,0.647093949044586,0,6,None,66,1,5,False,1,1
13169,84,betCent,10,0.6492834394904459,0,6,None,66,1,5,False,1,1
13170,80,betCent,10,0.62609474522293,0,8,None,66,1,5,False,1,1
13171,81,betCent,10,0.6259952229299363,0,8,None,66,1,5,False,1,1
13172,82,betCent,10,0.6253980891719745,0,8,None,66,1,5,False,1,1
13173,83,betCent,10,0.6273885350318471,0,8,None,66,1,5,False,1,1
13174,84,betCent,10,0.6275875796178344,0,8,None,66,1,5,False,1,1
13175,80,betCent,10,0.6846138535031847,0,10,None,66,1,5,False,1,1
13176,81,betCent,10,0.6861066878980892,0,10,None,66,1,5,False,1,1
13177,82,betCent,10,0.6875,0,10,None,66,1,5,False,1,1
13178,83,betCent,10,0.6896894904458599,0,10,None,66,1,5,False,1,1
13179,84,betCent,10,0.6917794585987261,0,10,None,66,1,5,False,1,1
13180,80,betCent,10,0.6767515923566879,0,20,None,66,1,5,False,1,1
13181,81,betCent,10,0.6773487261146497,0,20,None,66,1,5,False,1,1
13182,82,betCent,10,0.6787420382165605,0,20,None,66,1,5,False,1,1
13183,83,betCent,10,0.6809315286624203,0,20,None,66,1,5,False,1,1
13184,84,betCent,10,0.6827229299363057,0,20,None,66,1,5,False,1,1
13185,80,betCent,10,0.6673964968152867,0,22,None,66,1,5,False,1,1
13186,81,betCent,10,0.6655055732484076,0,22,None,66,1,5,False,1,1
13187,82,betCent,10,0.6666003184713376,0,22,None,66,1,5,False,1,1
13188,83,betCent,10,0.6668988853503185,0,22,None,66,1,5,False,1,1
13189,84,betCent,10,0.6671974522292994,0,22,None,66,1,5,False,1,1
13190,80,betCent,10,0.6167396496815286,0,23,None,66,1,5,False,1,1
13191,81,betCent,10,0.6209195859872612,0,23,None,66,1,5,False,1,1
13192,82,betCent,10,0.6241042993630573,0,23,None,66,1,5,False,1,1
13193,83,betCent,10,0.6269904458598726,0,23,None,66,1,5,False,1,1
13194,84,betCent,10,0.6280851910828026,0,23,None,66,1,5,False,1,1
13195,80,betCent,10,0.5530453821656051,0,32,None,66,1,5,False,1,1
13196,81,betCent,10,0.5512539808917197,0,32,None,66,1,5,False,1,1
13197,82,betCent,10,0.552547770700637,0,32,None,66,1,5,False,1,1
13198,83,betCent,10,0.5536425159235668,0,32,None,66,1,5,False,1,1
13199,84,betCent,10,0.5549363057324841,0,32,None,66,1,5,False,1,1
16005,85,betCent,10,0.6293789808917197,0,15,None,66,1,5,False,1,1
16006,86,betCent,10,0.6301751592356688,0,15,None,66,1,5,False,1,1
16007,87,betCent,10,0.630672770700637,0,15,None,66,1,5,False,1,1
16008,88,betCent,10,0.630672770700637,0,15,None,66,1,5,False,1,1
16009,89,betCent,10,0.6298765923566879,0,15,None,66,1,5,False,1,1
16010,85,betCent,10,0.6916799363057324,0,10,None,66,1,5,False,1,1
16011,86,betCent,10,0.6922770700636943,0,10,None,66,1,5,False,1,1
16012,87,betCent,10,0.6954617834394905,0,10,None,66,1,5,False,1,1
16013,88,betCent,10,0.6965565286624203,0,10,None,66,1,5,False,1,1
16014,89,betCent,10,0.6988455414012739,0,10,None,66,1,5,False,1,1
16015,85,betCent,10,0.6934713375796179,0,16,None,66,1,5,False,1,1
16016,86,betCent,10,0.6955613057324841,0,16,None,66,1,5,False,1,1
16017,87,betCent,10,0.6987460191082803,0,16,None,66,1,5,False,1,1
16018,88,betCent,10,0.7013335987261147,0,16,None,66,1,5,False,1,1
16019,89,betCent,10,0.7030254777070064,0,16,None,66,1,5,False,1,1
16020,85,betCent,10,0.6779458598726115,0,11,None,66,1,5,False,1,1
16021,86,betCent,10,0.676453025477707,0,11,None,66,1,5,False,1,1
16022,87,betCent,10,0.6780453821656051,0,11,None,66,1,5,False,1,1
16023,88,betCent,10,0.6795382165605095,0,11,None,66,1,5,False,1,1
16024,89,betCent,10,0.6815286624203821,0,11,None,66,1,5,False,1,1
16025,85,betCent,10,0.6868033439490446,0,20,None,66,1,5,False,1,1
16026,86,betCent,10,0.6868033439490446,0,20,None,66,1,5,False,1,1
16027,87,betCent,10,0.68859474522293,0,20,None,66,1,5,False,1,1
16028,88,betCent,10,0.6900875796178344,0,20,None,66,1,5,False,1,1
16029,89,betCent,10,0.6905851910828026,0,20,None,66,1,5,False,1,1
16030,85,betCent,10,0.5718550955414012,0,19,None,66,1,5,False,1,1
16031,86,betCent,10,0.5625995222929936,0,19,None,66,1,5,False,1,1
16032,87,betCent,10,0.5613057324840764,0,19,None,66,1,5,False,1,1
16033,88,betCent,10,0.5609076433121019,0,19,None,66,1,5,False,1,1
16034,89,betCent,10,0.5615047770700637,0,19,None,66,1,5,False,1,1
16035,85,betCent,10,0.676453025477707,0,22,None,66,1,5,False,1,1
16036,86,betCent,10,0.6744625796178344,0,22,None,66,1,5,False,1,1
16037,87,betCent,10,0.6741640127388535,0,22,None,66,1,5,False,1,1
16038,88,betCent,10,0.6739649681528662,0,22,None,66,1,5,False,1,1
16039,89,betCent,10,0.6746616242038217,0,22,None,66,1,5,False,1,1
16040,85,betCent,10,0.6541600318471338,0,17,None,66,1,5,False,1,1
16041,86,betCent,10,0.6570461783439491,0,17,None,66,1,5,False,1,1
16042,87,betCent,10,0.6591361464968153,0,17,None,66,1,5,False,1,1
16043,88,betCent,10,0.6609275477707006,0,17,None,66,1,5,False,1,1
16044,89,betCent,10,0.6614251592356688,0,17,None,66,1,5,False,1,1
16045,85,betCent,10,0.6160429936305732,0,24,None,66,1,5,False,1,1
16046,86,betCent,10,0.6241042993630573,0,24,None,66,1,5,False,1,1
16047,87,betCent,10,0.6284832802547771,0,24,None,66,1,5,False,1,1
16048,88,betCent,10,0.6315684713375797,0,24,None,66,1,5,False,1,1
16049,89,betCent,10,0.6347531847133758,0,24,None,66,1,5,False,1,1
16050,85,betCent,10,0.5732484076433121,0,32,None,66,1,5,False,1,1
16051,86,betCent,10,0.56140525477707,0,32,None,66,1,5,False,1,1
16052,87,betCent,10,0.5603105095541401,0,32,None,66,1,5,False,1,1
16053,88,betCent,10,0.5604100318471338,0,32,None,66,1,5,False,1,1
16054,89,betCent,10,0.5609076433121019,0,32,None,66,1,5,False,1,1
16055,85,betCent,10,0.580015923566879,0,1,None,66,1,5,False,1,1
16056,86,betCent,10,0.6263933121019108,0,1,None,66,1,5,False,1,1
16057,87,betCent,10,0.6504777070063694,0,1,None,66,1,5,False,1,1
16058,88,betCent,10,0.6633160828025477,0,1,None,66,1,5,False,1,1
16059,89,betCent,10,0.6727707006369427,0,1,None,66,1,5,False,1,1
16060,85,betCent,10,0.5953423566878981,0,2,None,66,1,5,False,1,1
16061,86,betCent,10,0.5728503184713376,0,2,None,66,1,5,False,1,1
16062,87,betCent,10,0.5584195859872612,0,2,None,66,1,5,False,1,1
16063,88,betCent,10,0.5566281847133758,0,2,None,66,1,5,False,1,1
16064,89,betCent,10,0.5584195859872612,0,2,None,66,1,5,False,1,1
16065,85,betCent,10,0.6254976114649682,0,8,None,66,1,5,False,1,1
16066,86,betCent,10,0.6254976114649682,0,8,None,66,1,5,False,1,1
16067,87,betCent,10,0.6263933121019108,0,8,None,66,1,5,False,1,1
16068,88,betCent,10,0.6271894904458599,0,8,None,66,1,5,False,1,1
16069,89,betCent,10,0.6278861464968153,0,8,None,66,1,5,False,1,1
16070,85,betCent,10,0.6419187898089171,0,9,None,66,1,5,False,1,1
16071,86,betCent,10,0.6382364649681529,0,9,None,66,1,5,False,1,1
16072,87,betCent,10,0.6400278662420382,0,9,None,66,1,5,False,1,1
16073,88,betCent,10,0.642515923566879,0,9,None,66,1,5,False,1,1
16074,89,betCent,10,0.6454020700636943,0,9,None,66,1,5,False,1,1
16075,85,betCent,10,0.6918789808917197,0,21,None,66,1,5,False,1,1
16076,86,betCent,10,0.6917794585987261,0,21,None,66,1,5,False,1,1
16077,87,betCent,10,0.6927746815286624,0,21,None,66,1,5,False,1,1
16078,88,betCent,10,0.6935708598726115,0,21,None,66,1,5,False,1,1
16079,89,betCent,10,0.6951632165605095,0,21,None,66,1,5,False,1,1
16080,85,betCent,10,0.6347531847133758,0,28,None,66,1,5,False,1,1
16081,86,betCent,10,0.6292794585987261,0,28,None,66,1,5,False,1,1
16082,87,betCent,10,0.628781847133758,0,28,None,66,1,5,False,1,1
16083,88,betCent,10,0.6310708598726115,0,28,None,66,1,5,False,1,1
16084,89,betCent,10,0.6328622611464968,0,28,None,66,1,5,False,1,1
16085,85,betCent,10,0.601015127388535,0,29,None,66,1,5,False,1,1
16086,86,betCent,10,0.5914609872611465,0,29,None,66,1,5,False,1,1
16087,87,betCent,10,0.5900676751592356,0,29,None,66,1,5,False,1,1
16088,88,betCent,10,0.5915605095541401,0,29,None,66,1,5,False,1,1
16089,89,betCent,10,0.5928542993630573,0,29,None,66,1,5,False,1,1
16090,85,betCent,10,0.6793391719745223,0,13,None,66,1,5,False,1,1
16091,86,betCent,10,0.6807324840764332,0,13,None,66,1,5,False,1,1
16092,87,betCent,10,0.6831210191082803,0,13,None,66,1,5,False,1,1
16093,88,betCent,10,0.6850119426751592,0,13,None,66,1,5,False,1,1
16094,89,betCent,10,0.6866042993630573,0,13,None,66,1,5,False,1,1
16095,85,betCent,10,0.6481886942675159,0,25,None,66,1,5,False,1,1
16096,86,betCent,10,0.6336584394904459,0,25,None,66,1,5,False,1,1
16097,87,betCent,10,0.6289808917197452,0,25,None,66,1,5,False,1,1
16098,88,betCent,10,0.6271894904458599,0,25,None,66,1,5,False,1,1
16099,89,betCent,10,0.6281847133757962,0,25,None,66,1,5,False,1,1
16100,85,betCent,10,0.6248009554140127,0,3,None,66,1,5,False,1,1
16101,86,betCent,10,0.6245023885350318,0,3,None,66,1,5,False,1,1
16102,87,betCent,10,0.626890923566879,0,3,None,66,1,5,False,1,1
16103,88,betCent,10,0.6278861464968153,0,3,None,66,1,5,False,1,1
16104,89,betCent,10,0.6304737261146497,0,3,None,66,1,5,False,1,1
16105,85,betCent,10,0.6797372611464968,0,5,None,66,1,5,False,1,1
16106,86,betCent,10,0.6759554140127388,0,5,None,66,1,5,False,1,1
16107,87,betCent,10,0.6755573248407644,0,5,None,66,1,5,False,1,1
16108,88,betCent,10,0.6754578025477707,0,5,None,66,1,5,False,1,1
16109,89,betCent,10,0.676453025477707,0,5,None,66,1,5,False,1,1
16110,85,betCent,10,0.5490644904458599,0,4,None,66,1,5,False,1,1
16111,86,betCent,10,0.5558320063694268,0,4,None,66,1,5,False,1,1
16112,87,betCent,10,0.5585191082802548,0,4,None,66,1,5,False,1,1
16113,88,betCent,10,0.5607085987261147,0,4,None,66,1,5,False,1,1
16114,89,betCent,10,0.5626990445859873,0,4,None,66,1,5,False,1,1
16115,85,betCent,10,0.6446058917197452,0,6,None,66,1,5,False,1,1
16116,86,betCent,10,0.6487858280254777,0,6,None,66,1,5,False,1,1
16117,87,betCent,10,0.6508757961783439,0,6,None,66,1,5,False,1,1
16118,88,betCent,10,0.652468152866242,0,6,None,66,1,5,False,1,1
16119,89,betCent,10,0.6537619426751592,0,6,None,66,1,5,False,1,1
16120,85,betCent,10,0.6836186305732485,0,7,None,66,1,5,False,1,1
16121,86,betCent,10,0.6881966560509554,0,7,None,66,1,5,False,1,1
16122,87,betCent,10,0.6899880573248408,0,7,None,66,1,5,False,1,1
16123,88,betCent,10,0.6932722929936306,0,7,None,66,1,5,False,1,1
16124,89,betCent,10,0.6956608280254777,0,7,None,66,1,5,False,1,1
16125,85,betCent,10,0.4357085987261146,0,14,None,66,1,5,False,1,1
16126,86,betCent,10,0.4280453821656051,0,14,None,66,1,5,False,1,1
16127,87,betCent,10,0.4265525477707006,0,14,None,66,1,5,False,1,1
16128,88,betCent,10,0.4284434713375796,0,14,None,66,1,5,False,1,1
16129,89,betCent,10,0.4287420382165605,0,14,None,66,1,5,False,1,1
16130,85,betCent,10,0.6762539808917197,0,12,None,66,1,5,False,1,1
16131,86,betCent,10,0.6789410828025477,0,12,None,66,1,5,False,1,1
16132,87,betCent,10,0.6813296178343949,0,12,None,66,1,5,False,1,1
16133,88,betCent,10,0.6842157643312102,0,12,None,66,1,5,False,1,1
16134,89,betCent,10,0.6853105095541401,0,12,None,66,1,5,False,1,1
16135,85,betCent,10,0.6041003184713376,0,26,None,66,1,5,False,1,1
16136,86,betCent,10,0.6012141719745223,0,26,None,66,1,5,False,1,1
16137,87,betCent,10,0.602109872611465,0,26,None,66,1,5,False,1,1
16138,88,betCent,10,0.6025079617834395,0,26,None,66,1,5,False,1,1
16139,89,betCent,10,0.6031050955414012,0,26,None,66,1,5,False,1,1
16140,85,betCent,10,0.6642117834394905,0,30,None,66,1,5,False,1,1
16141,86,betCent,10,0.6678941082802548,0,30,None,66,1,5,False,1,1
16142,87,betCent,10,0.6706807324840764,0,30,None,66,1,5,False,1,1
16143,88,betCent,10,0.6765525477707006,0,30,None,66,1,5,False,1,1
16144,89,betCent,10,0.678343949044586,0,30,None,66,1,5,False,1,1
16145,85,betCent,10,0.6252985668789809,0,23,None,66,1,5,False,1,1
16146,86,betCent,10,0.6280851910828026,0,23,None,66,1,5,False,1,1
16147,87,betCent,10,0.6303742038216561,0,23,None,66,1,5,False,1,1
16148,88,betCent,10,0.6319665605095541,0,23,None,66,1,5,False,1,1
16149,89,betCent,10,0.634156050955414,0,23,None,66,1,5,False,1,1
16150,85,betCent,10,0.6436106687898089,0,0,None,66,1,5,False,1,1
16151,86,betCent,10,0.6455015923566879,0,0,None,66,1,5,False,1,1
16152,87,betCent,10,0.6471934713375797,0,0,None,66,1,5,False,1,1
16153,88,betCent,10,0.6480891719745223,0,0,None,66,1,5,False,1,1
16154,89,betCent,10,0.6507762738853503,0,0,None,66,1,5,False,1,1
16155,85,betCent,10,0.7030254777070064,0,18,None,66,1,5,False,1,1
16156,86,betCent,10,0.7049164012738853,0,18,None,66,1,5,False,1,1
16157,87,betCent,10,0.7078025477707006,0,18,None,66,1,5,False,1,1
16158,88,betCent,10,0.7102906050955414,0,18,None,66,1,5,False,1,1
16159,89,betCent,10,0.7119824840764332,0,18,None,66,1,5,False,1,1
16160,85,betCent,10,0.6767515923566879,0,27,None,66,1,5,False,1,1
16161,86,betCent,10,0.678343949044586,0,27,None,66,1,5,False,1,1
16162,87,betCent,10,0.6797372611464968,0,27,None,66,1,5,False,1,1
16163,88,betCent,10,0.6817277070063694,0,27,None,66,1,5,False,1,1
16164,89,betCent,10,0.6839171974522293,0,27,None,66,1,5,False,1,1
16165,85,betCent,10,0.6706807324840764,0,31,None,66,1,5,False,1,1
16166,86,betCent,10,0.6753582802547771,0,31,None,66,1,5,False,1,1
16167,87,betCent,10,0.6748606687898089,0,31,None,66,1,5,False,1,1
16168,88,betCent,10,0.6782444267515924,0,31,None,66,1,5,False,1,1
16169,89,betCent,10,0.6801353503184714,0,31,None,66,1,5,False,1,1
16170,90,betCent,10,0.5721536624203821,0,32,None,66,1,5,False,1,1
16171,91,betCent,10,0.568968949044586,0,32,None,66,1,5,False,1,1
16172,92,betCent,10,0.5703622611464968,0,32,None,66,1,5,False,1,1
16173,93,betCent,10,0.5712579617834395,0,32,None,66,1,5,False,1,1
16174,94,betCent,10,0.5722531847133758,0,32,None,66,1,5,False,1,1
16175,90,betCent,10,0.6106687898089171,0,26,None,66,1,5,False,1,1
16176,91,betCent,10,0.606687898089172,0,26,None,66,1,5,False,1,1
16177,92,betCent,10,0.6052945859872612,0,26,None,66,1,5,False,1,1
16178,93,betCent,10,0.605593152866242,0,26,None,66,1,5,False,1,1
16179,94,betCent,10,0.6054936305732485,0,26,None,66,1,5,False,1,1
16180,90,betCent,10,0.6869028662420382,0,11,None,66,1,5,False,1,1
16181,91,betCent,10,0.6835191082802548,0,11,None,66,1,5,False,1,1
16182,92,betCent,10,0.6854100318471338,0,11,None,66,1,5,False,1,1
16183,93,betCent,10,0.6875,0,11,None,66,1,5,False,1,1
16184,94,betCent,10,0.6897890127388535,0,11,None,66,1,5,False,1,1
16185,90,betCent,10,0.6955613057324841,0,10,None,66,1,5,False,1,1
16186,91,betCent,10,0.6967555732484076,0,10,None,66,1,5,False,1,1
16187,92,betCent,10,0.6990445859872612,0,10,None,66,1,5,False,1,1
16188,93,betCent,10,0.7009355095541401,0,10,None,66,1,5,False,1,1
16189,94,betCent,10,0.7022292993630573,0,10,None,66,1,5,False,1,1
16190,90,betCent,10,0.6855095541401274,0,12,None,66,1,5,False,1,1
16191,91,betCent,10,0.6860071656050956,0,12,None,66,1,5,False,1,1
16192,92,betCent,10,0.68859474522293,0,12,None,66,1,5,False,1,1
16193,93,betCent,10,0.6908837579617835,0,12,None,66,1,5,False,1,1
16194,94,betCent,10,0.6926751592356688,0,12,None,66,1,5,False,1,1
16195,90,betCent,10,0.638734076433121,0,15,None,66,1,5,False,1,1
16196,91,betCent,10,0.6390326433121019,0,15,None,66,1,5,False,1,1
16197,92,betCent,10,0.6390326433121019,0,15,None,66,1,5,False,1,1
16198,93,betCent,10,0.6386345541401274,0,15,None,66,1,5,False,1,1
16199,94,betCent,10,0.638734076433121,0,15,None,66,1,5,False,1,1
16200,90,betCent,10,0.5839968152866242,0,19,None,66,1,5,False,1,1
16201,91,betCent,10,0.5742436305732485,0,19,None,66,1,5,False,1,1
16202,92,betCent,10,0.5707603503184714,0,19,None,66,1,5,False,1,1
16203,93,betCent,10,0.5690684713375797,0,19,None,66,1,5,False,1,1
16204,94,betCent,10,0.5688694267515924,0,19,None,66,1,5,False,1,1
16205,90,betCent,10,0.7080015923566879,0,18,None,66,1,5,False,1,1
16206,91,betCent,10,0.7109872611464968,0,18,None,66,1,5,False,1,1
16207,92,betCent,10,0.713077229299363,0,18,None,66,1,5,False,1,1
16208,93,betCent,10,0.7144705414012739,0,18,None,66,1,5,False,1,1
16209,94,betCent,10,0.7155652866242038,0,18,None,66,1,5,False,1,1
16210,90,betCent,10,0.6578423566878981,0,17,None,66,1,5,False,1,1
16211,91,betCent,10,0.6606289808917197,0,17,None,66,1,5,False,1,1
16212,92,betCent,10,0.663515127388535,0,17,None,66,1,5,False,1,1
16213,93,betCent,10,0.6649084394904459,0,17,None,66,1,5,False,1,1
16214,94,betCent,10,0.666202229299363,0,17,None,66,1,5,False,1,1
16215,90,betCent,10,0.5851910828025477,0,1,None,66,1,5,False,1,1
16216,91,betCent,10,0.6329617834394905,0,1,None,66,1,5,False,1,1
16217,92,betCent,10,0.6547571656050956,0,1,None,66,1,5,False,1,1
16218,93,betCent,10,0.6702826433121019,0,1,None,66,1,5,False,1,1
16219,94,betCent,10,0.6776472929936306,0,1,None,66,1,5,False,1,1
16220,90,betCent,10,0.5993232484076433,0,2,None,66,1,5,False,1,1
16221,91,betCent,10,0.5784235668789809,0,2,None,66,1,5,False,1,1
16222,92,betCent,10,0.5644904458598726,0,2,None,66,1,5,False,1,1
16223,93,betCent,10,0.5620023885350318,0,2,None,66,1,5,False,1,1
16224,94,betCent,10,0.5625,0,2,None,66,1,5,False,1,1
16225,90,betCent,10,0.6882961783439491,0,5,None,66,1,5,False,1,1
16226,91,betCent,10,0.6854100318471338,0,5,None,66,1,5,False,1,1
16227,92,betCent,10,0.6855095541401274,0,5,None,66,1,5,False,1,1
16228,93,betCent,10,0.6855095541401274,0,5,None,66,1,5,False,1,1
16229,94,betCent,10,0.6855095541401274,0,5,None,66,1,5,False,1,1
16230,90,betCent,10,0.6897890127388535,0,13,None,66,1,5,False,1,1
16231,91,betCent,10,0.6910828025477707,0,13,None,66,1,5,False,1,1
16232,92,betCent,10,0.6921775477707006,0,13,None,66,1,5,False,1,1
16233,93,betCent,10,0.6932722929936306,0,13,None,66,1,5,False,1,1
16234,94,betCent,10,0.6942675159235668,0,13,None,66,1,5,False,1,1
16235,90,betCent,10,0.697452229299363,0,21,None,66,1,5,False,1,1
16236,91,betCent,10,0.6967555732484076,0,21,None,66,1,5,False,1,1
16237,92,betCent,10,0.6990445859872612,0,21,None,66,1,5,False,1,1
16238,93,betCent,10,0.6999402866242038,0,21,None,66,1,5,False,1,1
16239,94,betCent,10,0.7010350318471338,0,21,None,66,1,5,False,1,1
16240,90,betCent,10,0.6371417197452229,0,23,None,66,1,5,False,1,1
16241,91,betCent,10,0.6393312101910829,0,23,None,66,1,5,False,1,1
16242,92,betCent,10,0.6410230891719745,0,23,None,66,1,5,False,1,1
16243,93,betCent,10,0.6427149681528662,0,23,None,66,1,5,False,1,1
16244,94,betCent,10,0.644406847133758,0,23,None,66,1,5,False,1,1
16245,90,betCent,10,0.6461982484076433,0,28,None,66,1,5,False,1,1
16246,91,betCent,10,0.638734076433121,0,28,None,66,1,5,False,1,1
16247,92,betCent,10,0.6367436305732485,0,28,None,66,1,5,False,1,1
16248,93,betCent,10,0.6375398089171974,0,28,None,66,1,5,False,1,1
16249,94,betCent,10,0.6403264331210191,0,28,None,66,1,5,False,1,1
16250,90,betCent,10,0.6750597133757962,0,22,None,66,1,5,False,1,1
16251,91,betCent,10,0.675656847133758,0,22,None,66,1,5,False,1,1
16252,92,betCent,10,0.6758558917197452,0,22,None,66,1,5,False,1,1
16253,93,betCent,10,0.6762539808917197,0,22,None,66,1,5,False,1,1
16254,94,betCent,10,0.6770501592356688,0,22,None,66,1,5,False,1,1
16255,90,betCent,10,0.6934713375796179,0,20,None,66,1,5,False,1,1
16256,91,betCent,10,0.693172770700637,0,20,None,66,1,5,False,1,1
16257,92,betCent,10,0.694765127388535,0,20,None,66,1,5,False,1,1
16258,93,betCent,10,0.6955613057324841,0,20,None,66,1,5,False,1,1
16259,94,betCent,10,0.6962579617834395,0,20,None,66,1,5,False,1,1
16260,90,betCent,10,0.5631966560509554,0,4,None,66,1,5,False,1,1
16261,91,betCent,10,0.5699641719745223,0,4,None,66,1,5,False,1,1
16262,92,betCent,10,0.569765127388535,0,4,None,66,1,5,False,1,1
16263,93,betCent,10,0.5706608280254777,0,4,None,66,1,5,False,1,1
16264,94,betCent,10,0.5703622611464968,0,4,None,66,1,5,False,1,1
16265,90,betCent,10,0.6950636942675159,0,7,None,66,1,5,False,1,1
16266,91,betCent,10,0.699343152866242,0,7,None,66,1,5,False,1,1
16267,92,betCent,10,0.7018312101910829,0,7,None,66,1,5,False,1,1
16268,93,betCent,10,0.7044187898089171,0,7,None,66,1,5,False,1,1
16269,94,betCent,10,0.7064092356687898,0,7,None,66,1,5,False,1,1
16270,90,betCent,10,0.634952229299363,0,8,None,66,1,5,False,1,1
16271,91,betCent,10,0.6350517515923567,0,8,None,66,1,5,False,1,1
16272,92,betCent,10,0.6352507961783439,0,8,None,66,1,5,False,1,1
16273,93,betCent,10,0.6357484076433121,0,8,None,66,1,5,False,1,1
16274,94,betCent,10,0.636843152866242,0,8,None,66,1,5,False,1,1
16275,90,betCent,10,0.7002388535031847,0,16,None,66,1,5,False,1,1
16276,91,betCent,10,0.7026273885350318,0,16,None,66,1,5,False,1,1
16277,92,betCent,10,0.7051154458598726,0,16,None,66,1,5,False,1,1
16278,93,betCent,10,0.7070063694267515,0,16,None,66,1,5,False,1,1
16279,94,betCent,10,0.7093949044585988,0,16,None,66,1,5,False,1,1
16280,90,betCent,10,0.658140923566879,0,9,None,66,1,5,False,1,1
16281,91,betCent,10,0.654359076433121,0,9,None,66,1,5,False,1,1
16282,92,betCent,10,0.6563495222929936,0,9,None,66,1,5,False,1,1
16283,93,betCent,10,0.6591361464968153,0,9,None,66,1,5,False,1,1
16284,94,betCent,10,0.6620222929936306,0,9,None,66,1,5,False,1,1
16285,90,betCent,10,0.4453622611464968,0,14,None,66,1,5,False,1,1
16286,91,betCent,10,0.4362062101910828,0,14,None,66,1,5,False,1,1
16287,92,betCent,10,0.4388933121019108,0,14,None,66,1,5,False,1,1
16288,93,betCent,10,0.4438694267515923,0,14,None,66,1,5,False,1,1
16289,94,betCent,10,0.4486464968152866,0,14,None,66,1,5,False,1,1
16290,90,betCent,10,0.6344546178343949,0,3,None,66,1,5,False,1,1
16291,91,betCent,10,0.6355493630573248,0,3,None,66,1,5,False,1,1
16292,92,betCent,10,0.6371417197452229,0,3,None,66,1,5,False,1,1
16293,93,betCent,10,0.6385350318471338,0,3,None,66,1,5,False,1,1
16294,94,betCent,10,0.6411226114649682,0,3,None,66,1,5,False,1,1
16295,90,betCent,10,0.6540605095541401,0,25,None,66,1,5,False,1,1
16296,91,betCent,10,0.6413216560509554,0,25,None,66,1,5,False,1,1
16297,92,betCent,10,0.6376393312101911,0,25,None,66,1,5,False,1,1
16298,93,betCent,10,0.6372412420382165,0,25,None,66,1,5,False,1,1
16299,94,betCent,10,0.6366441082802548,0,25,None,66,1,5,False,1,1
16300,90,betCent,10,0.6160429936305732,0,29,None,66,1,5,False,1,1
16301,91,betCent,10,0.6068869426751592,0,29,None,66,1,5,False,1,1
16302,92,betCent,10,0.6046974522292994,0,29,None,66,1,5,False,1,1
16303,93,betCent,10,0.6059912420382165,0,29,None,66,1,5,False,1,1
16304,94,betCent,10,0.6076831210191083,0,29,None,66,1,5,False,1,1
16305,90,betCent,10,0.6264928343949044,0,24,None,66,1,5,False,1,1
16306,91,betCent,10,0.6331608280254777,0,24,None,66,1,5,False,1,1
16307,92,betCent,10,0.636843152866242,0,24,None,66,1,5,False,1,1
16308,93,betCent,10,0.6403264331210191,0,24,None,66,1,5,False,1,1
16309,94,betCent,10,0.6440087579617835,0,24,None,66,1,5,False,1,1
16310,90,betCent,10,0.6844148089171974,0,31,None,66,1,5,False,1,1
16311,91,betCent,10,0.6882961783439491,0,31,None,66,1,5,False,1,1
16312,92,betCent,10,0.6888933121019108,0,31,None,66,1,5,False,1,1
16313,93,betCent,10,0.6909832802547771,0,31,None,66,1,5,False,1,1
16314,94,betCent,10,0.693968949044586,0,31,None,66,1,5,False,1,1
16315,90,betCent,10,0.6547571656050956,0,0,None,66,1,5,False,1,1
16316,91,betCent,10,0.6563495222929936,0,0,None,66,1,5,False,1,1
16317,92,betCent,10,0.6571457006369427,0,0,None,66,1,5,False,1,1
16318,93,betCent,10,0.6578423566878981,0,0,None,66,1,5,False,1,1
16319,94,betCent,10,0.6586385350318471,0,0,None,66,1,5,False,1,1
16320,90,betCent,10,0.6798367834394905,0,27,None,66,1,5,False,1,1
16321,91,betCent,10,0.6803343949044586,0,27,None,66,1,5,False,1,1
16322,92,betCent,10,0.6816281847133758,0,27,None,66,1,5,False,1,1
16323,93,betCent,10,0.6843152866242038,0,27,None,66,1,5,False,1,1
16324,94,betCent,10,0.6866042993630573,0,27,None,66,1,5,False,1,1
16325,90,betCent,10,0.6521695859872612,0,6,None,66,1,5,False,1,1
16326,91,betCent,10,0.6557523885350318,0,6,None,66,1,5,False,1,1
16327,92,betCent,10,0.6570461783439491,0,6,None,66,1,5,False,1,1
16328,93,betCent,10,0.6580414012738853,0,6,None,66,1,5,False,1,1
16329,94,betCent,10,0.658937101910828,0,6,None,66,1,5,False,1,1
16330,90,betCent,10,0.6722730891719745,0,30,None,66,1,5,False,1,1
16331,91,betCent,10,0.677547770700637,0,30,None,66,1,5,False,1,1
16332,92,betCent,10,0.6816281847133758,0,30,None,66,1,5,False,1,1
16333,93,betCent,10,0.685609076433121,0,30,None,66,1,5,False,1,1
16334,94,betCent,10,0.6890923566878981,0,30,None,66,1,5,False,1,1
19470,95,betCent,10,0.6928742038216561,0,5,None,66,1,5,False,1,1
19471,96,betCent,10,0.6911823248407644,0,5,None,66,1,5,False,1,1
19472,97,betCent,10,0.6907842356687898,0,5,None,66,1,5,False,1,1
19473,98,betCent,10,0.6910828025477707,0,5,None,66,1,5,False,1,1
19474,99,betCent,10,0.6918789808917197,0,5,None,66,1,5,False,1,1
19475,95,betCent,10,0.7027269108280255,0,10,None,66,1,5,False,1,1
19476,96,betCent,10,0.7030254777070064,0,10,None,66,1,5,False,1,1
19477,97,betCent,10,0.7041202229299363,0,10,None,66,1,5,False,1,1
19478,98,betCent,10,0.705015923566879,0,10,None,66,1,5,False,1,1
19479,99,betCent,10,0.7059116242038217,0,10,None,66,1,5,False,1,1
19480,95,betCent,10,0.6449044585987261,0,15,None,66,1,5,False,1,1
19481,96,betCent,10,0.6459992038216561,0,15,None,66,1,5,False,1,1
19482,97,betCent,10,0.6465963375796179,0,15,None,66,1,5,False,1,1
19483,98,betCent,10,0.6460987261146497,0,15,None,66,1,5,False,1,1
19484,99,betCent,10,0.6458001592356688,0,15,None,66,1,5,False,1,1
19485,95,betCent,10,0.7040207006369427,0,16,None,66,1,5,False,1,1
19486,96,betCent,10,0.7075039808917197,0,16,None,66,1,5,False,1,1
19487,97,betCent,10,0.7104896496815286,0,16,None,66,1,5,False,1,1
19488,98,betCent,10,0.7137738853503185,0,16,None,66,1,5,False,1,1
19489,99,betCent,10,0.7155652866242038,0,16,None,66,1,5,False,1,1
19490,95,betCent,10,0.6956608280254777,0,11,None,66,1,5,False,1,1
19491,96,betCent,10,0.693968949044586,0,11,None,66,1,5,False,1,1
19492,97,betCent,10,0.6945660828025477,0,11,None,66,1,5,False,1,1
19493,98,betCent,10,0.6957603503184714,0,11,None,66,1,5,False,1,1
19494,99,betCent,10,0.6978503184713376,0,11,None,66,1,5,False,1,1
19495,95,betCent,10,0.7002388535031847,0,20,None,66,1,5,False,1,1
19496,96,betCent,10,0.6986464968152867,0,20,None,66,1,5,False,1,1
19497,97,betCent,10,0.6997412420382165,0,20,None,66,1,5,False,1,1
19498,98,betCent,10,0.7006369426751592,0,20,None,66,1,5,False,1,1
19499,99,betCent,10,0.70203025477707,0,20,None,66,1,5,False,1,1
19500,95,betCent,10,0.6402269108280255,0,8,None,66,1,5,False,1,1
19501,96,betCent,10,0.6397292993630573,0,8,None,66,1,5,False,1,1
19502,97,betCent,10,0.6407245222929936,0,8,None,66,1,5,False,1,1
19503,98,betCent,10,0.6416202229299363,0,8,None,66,1,5,False,1,1
19504,99,betCent,10,0.6426154458598726,0,8,None,66,1,5,False,1,1
19505,95,betCent,10,0.5906648089171974,0,19,None,66,1,5,False,1,1
19506,96,betCent,10,0.5802149681528662,0,19,None,66,1,5,False,1,1
19507,97,betCent,10,0.5771297770700637,0,19,None,66,1,5,False,1,1
19508,98,betCent,10,0.5767316878980892,0,19,None,66,1,5,False,1,1
19509,99,betCent,10,0.5764331210191083,0,19,None,66,1,5,False,1,1
19510,95,betCent,10,0.6805334394904459,0,22,None,66,1,5,False,1,1
19511,96,betCent,10,0.6794386942675159,0,22,None,66,1,5,False,1,1
19512,97,betCent,10,0.6792396496815286,0,22,None,66,1,5,False,1,1
19513,98,betCent,10,0.6801353503184714,0,22,None,66,1,5,False,1,1
19514,99,betCent,10,0.6813296178343949,0,22,None,66,1,5,False,1,1
19515,95,betCent,10,0.4644705414012738,0,14,None,66,1,5,False,1,1
19516,96,betCent,10,0.4596934713375796,0,14,None,66,1,5,False,1,1
19517,97,betCent,10,0.4629777070063694,0,14,None,66,1,5,False,1,1
19518,98,betCent,10,0.46765525477707,0,14,None,66,1,5,False,1,1
19519,99,betCent,10,0.4750199044585987,0,14,None,66,1,5,False,1,1
19520,95,betCent,10,0.643312101910828,0,23,None,66,1,5,False,1,1
19521,96,betCent,10,0.6463972929936306,0,23,None,66,1,5,False,1,1
19522,97,betCent,10,0.6485867834394905,0,23,None,66,1,5,False,1,1
19523,98,betCent,10,0.6498805732484076,0,23,None,66,1,5,False,1,1
19524,99,betCent,10,0.6522691082802548,0,23,None,66,1,5,False,1,1
19525,95,betCent,10,0.6634156050955414,0,17,None,66,1,5,False,1,1
19526,96,betCent,10,0.6656050955414012,0,17,None,66,1,5,False,1,1
19527,97,betCent,10,0.6675955414012739,0,17,None,66,1,5,False,1,1
19528,98,betCent,10,0.6694864649681529,0,17,None,66,1,5,False,1,1
19529,99,betCent,10,0.6700835987261147,0,17,None,66,1,5,False,1,1
19530,95,betCent,10,0.7033240445859873,0,21,None,66,1,5,False,1,1
19531,96,betCent,10,0.7027269108280255,0,21,None,66,1,5,False,1,1
19532,97,betCent,10,0.7040207006369427,0,21,None,66,1,5,False,1,1
19533,98,betCent,10,0.7053144904458599,0,21,None,66,1,5,False,1,1
19534,99,betCent,10,0.7065087579617835,0,21,None,66,1,5,False,1,1
19535,95,betCent,10,0.638734076433121,0,24,None,66,1,5,False,1,1
19536,96,betCent,10,0.6435111464968153,0,24,None,66,1,5,False,1,1
19537,97,betCent,10,0.6467953821656051,0,24,None,66,1,5,False,1,1
19538,98,betCent,10,0.649781050955414,0,24,None,66,1,5,False,1,1
19539,99,betCent,10,0.6529657643312102,0,24,None,66,1,5,False,1,1
19540,95,betCent,10,0.6298765923566879,0,29,None,66,1,5,False,1,1
19541,96,betCent,10,0.6221138535031847,0,29,None,66,1,5,False,1,1
19542,97,betCent,10,0.6199243630573248,0,29,None,66,1,5,False,1,1
19543,98,betCent,10,0.6210191082802548,0,29,None,66,1,5,False,1,1
19544,99,betCent,10,0.6224124203821656,0,29,None,66,1,5,False,1,1
19545,95,betCent,10,0.6750597133757962,0,9,None,66,1,5,False,1,1
19546,96,betCent,10,0.6741640127388535,0,9,None,66,1,5,False,1,1
19547,97,betCent,10,0.6761544585987261,0,9,None,66,1,5,False,1,1
19548,98,betCent,10,0.6773487261146497,0,9,None,66,1,5,False,1,1
19549,99,betCent,10,0.6797372611464968,0,9,None,66,1,5,False,1,1
19550,95,betCent,10,0.7010350318471338,0,31,None,66,1,5,False,1,1
19551,96,betCent,10,0.7026273885350318,0,31,None,66,1,5,False,1,1
19552,97,betCent,10,0.7043192675159236,0,31,None,66,1,5,False,1,1
19553,98,betCent,10,0.7061106687898089,0,31,None,66,1,5,False,1,1
19554,99,betCent,10,0.707703025477707,0,31,None,66,1,5,False,1,1
19555,95,betCent,10,0.7112858280254777,0,18,None,66,1,5,False,1,1
19556,96,betCent,10,0.7123805732484076,0,18,None,66,1,5,False,1,1
19557,97,betCent,10,0.7144705414012739,0,18,None,66,1,5,False,1,1
19558,98,betCent,10,0.7167595541401274,0,18,None,66,1,5,False,1,1
19559,99,betCent,10,0.7180533439490446,0,18,None,66,1,5,False,1,1
19560,95,betCent,10,0.7022292993630573,0,7,None,66,1,5,False,1,1
19561,96,betCent,10,0.7059116242038217,0,7,None,66,1,5,False,1,1
19562,97,betCent,10,0.7083996815286624,0,7,None,66,1,5,False,1,1
19563,98,betCent,10,0.7107882165605095,0,7,None,66,1,5,False,1,1
19564,99,betCent,10,0.7123805732484076,0,7,None,66,1,5,False,1,1
19565,95,betCent,10,0.5713574840764332,0,4,None,66,1,5,False,1,1
19566,96,betCent,10,0.5870820063694268,0,4,None,66,1,5,False,1,1
19567,97,betCent,10,0.5820063694267515,0,4,None,66,1,5,False,1,1
19568,98,betCent,10,0.5796178343949044,0,4,None,66,1,5,False,1,1
19569,99,betCent,10,0.57921974522293,0,4,None,66,1,5,False,1,1
19570,95,betCent,10,0.584593949044586,0,32,None,66,1,5,False,1,1
19571,96,betCent,10,0.580015923566879,0,32,None,66,1,5,False,1,1
19572,97,betCent,10,0.5807125796178344,0,32,None,66,1,5,False,1,1
19573,98,betCent,10,0.5821058917197452,0,32,None,66,1,5,False,1,1
19574,99,betCent,10,0.5828025477707006,0,32,None,66,1,5,False,1,1
19575,95,betCent,10,0.5936504777070064,0,1,None,66,1,5,False,1,1
19576,96,betCent,10,0.6422173566878981,0,1,None,66,1,5,False,1,1
19577,97,betCent,10,0.6630175159235668,0,1,None,66,1,5,False,1,1
19578,98,betCent,10,0.6770501592356688,0,1,None,66,1,5,False,1,1
19579,99,betCent,10,0.6827229299363057,0,1,None,66,1,5,False,1,1
19580,95,betCent,10,0.604796974522293,0,2,None,66,1,5,False,1,1
19581,96,betCent,10,0.5835987261146497,0,2,None,66,1,5,False,1,1
19582,97,betCent,10,0.5698646496815286,0,2,None,66,1,5,False,1,1
19583,98,betCent,10,0.5664808917197452,0,2,None,66,1,5,False,1,1
19584,99,betCent,10,0.5669785031847133,0,2,None,66,1,5,False,1,1
19585,95,betCent,10,0.660031847133758,0,25,None,66,1,5,False,1,1
19586,96,betCent,10,0.6476910828025477,0,25,None,66,1,5,False,1,1
19587,97,betCent,10,0.6421178343949044,0,25,None,66,1,5,False,1,1
19588,98,betCent,10,0.6411226114649682,0,25,None,66,1,5,False,1,1
19589,99,betCent,10,0.6428144904458599,0,25,None,66,1,5,False,1,1
19590,95,betCent,10,0.6206210191082803,0,26,None,66,1,5,False,1,1
19591,96,betCent,10,0.6149482484076433,0,26,None,66,1,5,False,1,1
19592,97,betCent,10,0.613156847133758,0,26,None,66,1,5,False,1,1
19593,98,betCent,10,0.6124601910828026,0,26,None,66,1,5,False,1,1
19594,99,betCent,10,0.6124601910828026,0,26,None,66,1,5,False,1,1
19595,95,betCent,10,0.6981488853503185,0,13,None,66,1,5,False,1,1
19596,96,betCent,10,0.700437898089172,0,13,None,66,1,5,False,1,1
19597,97,betCent,10,0.7003383757961783,0,13,None,66,1,5,False,1,1
19598,98,betCent,10,0.7008359872611465,0,13,None,66,1,5,False,1,1
19599,99,betCent,10,0.7015326433121019,0,13,None,66,1,5,False,1,1
19600,95,betCent,10,0.6875,0,12,None,66,1,5,False,1,1
19601,96,betCent,10,0.689390923566879,0,12,None,66,1,5,False,1,1
19602,97,betCent,10,0.691281847133758,0,12,None,66,1,5,False,1,1
19603,98,betCent,10,0.6919785031847133,0,12,None,66,1,5,False,1,1
19604,99,betCent,10,0.6929737261146497,0,12,None,66,1,5,False,1,1
19605,95,betCent,10,0.661922770700637,0,0,None,66,1,5,False,1,1
19606,96,betCent,10,0.6639132165605095,0,0,None,66,1,5,False,1,1
19607,97,betCent,10,0.665406050955414,0,0,None,66,1,5,False,1,1
19608,98,betCent,10,0.6650079617834395,0,0,None,66,1,5,False,1,1
19609,99,betCent,10,0.6656050955414012,0,0,None,66,1,5,False,1,1
19610,95,betCent,10,0.6457006369426752,0,3,None,66,1,5,False,1,1
19611,96,betCent,10,0.6466958598726115,0,3,None,66,1,5,False,1,1
19612,97,betCent,10,0.6474920382165605,0,3,None,66,1,5,False,1,1
19613,98,betCent,10,0.6491839171974523,0,3,None,66,1,5,False,1,1
19614,99,betCent,10,0.6506767515923567,0,3,None,66,1,5,False,1,1
19615,95,betCent,10,0.6559514331210191,0,28,None,66,1,5,False,1,1
19616,96,betCent,10,0.6468949044585988,0,28,None,66,1,5,False,1,1
19617,97,betCent,10,0.6457006369426752,0,28,None,66,1,5,False,1,1
19618,98,betCent,10,0.647890127388535,0,28,None,66,1,5,False,1,1
19619,99,betCent,10,0.6503781847133758,0,28,None,66,1,5,False,1,1
19620,95,betCent,10,0.6840167197452229,0,27,None,66,1,5,False,1,1
19621,96,betCent,10,0.6851114649681529,0,27,None,66,1,5,False,1,1
19622,97,betCent,10,0.68640525477707,0,27,None,66,1,5,False,1,1
19623,98,betCent,10,0.6882961783439491,0,27,None,66,1,5,False,1,1
19624,99,betCent,10,0.6892914012738853,0,27,None,66,1,5,False,1,1
19625,95,betCent,10,0.6607285031847133,0,6,None,66,1,5,False,1,1
19626,96,betCent,10,0.6614251592356688,0,6,None,66,1,5,False,1,1
19627,97,betCent,10,0.6609275477707006,0,6,None,66,1,5,False,1,1
19628,98,betCent,10,0.6622213375796179,0,6,None,66,1,5,False,1,1
19629,99,betCent,10,0.6632165605095541,0,6,None,66,1,5,False,1,1
19630,95,betCent,10,0.6792396496815286,0,30,None,66,1,5,False,1,1
19631,96,betCent,10,0.6871019108280255,0,30,None,66,1,5,False,1,1
19632,97,betCent,10,0.6915804140127388,0,30,None,66,1,5,False,1,1
19633,98,betCent,10,0.6956608280254777,0,30,None,66,1,5,False,1,1
19634,99,betCent,10,0.6984474522292994,0,30,None,66,1,5,False,1,1
19635,100,betCent,10,0.5952428343949044,0,19,None,66,1,5,False,1,1
19636,101,betCent,10,0.5852906050955414,0,19,None,66,1,5,False,1,1
19637,102,betCent,10,0.5834992038216561,0,19,None,66,1,5,False,1,1
19638,103,betCent,10,0.5826035031847133,0,19,None,66,1,5,False,1,1
19639,104,betCent,10,0.5824044585987261,0,19,None,66,1,5,False,1,1
19640,100,betCent,10,0.6692874203821656,0,17,None,66,1,5,False,1,1
19641,101,betCent,10,0.6709792993630573,0,17,None,66,1,5,False,1,1
19642,102,betCent,10,0.6723726114649682,0,17,None,66,1,5,False,1,1
19643,103,betCent,10,0.674562101910828,0,17,None,66,1,5,False,1,1
19644,104,betCent,10,0.6761544585987261,0,17,None,66,1,5,False,1,1
19645,100,betCent,10,0.6035031847133758,0,1,None,66,1,5,False,1,1
19646,101,betCent,10,0.6510748407643312,0,1,None,66,1,5,False,1,1
19647,102,betCent,10,0.6703821656050956,0,1,None,66,1,5,False,1,1
19648,103,betCent,10,0.6826234076433121,0,1,None,66,1,5,False,1,1
19649,104,betCent,10,0.68859474522293,0,1,None,66,1,5,False,1,1
19650,100,betCent,10,0.6100716560509554,0,2,None,66,1,5,False,1,1
19651,101,betCent,10,0.5876791401273885,0,2,None,66,1,5,False,1,1
19652,102,betCent,10,0.5741441082802548,0,2,None,66,1,5,False,1,1
19653,103,betCent,10,0.5703622611464968,0,2,None,66,1,5,False,1,1
19654,104,betCent,10,0.5705613057324841,0,2,None,66,1,5,False,1,1
19655,100,betCent,10,0.7076035031847133,0,21,None,66,1,5,False,1,1
19656,101,betCent,10,0.7076035031847133,0,21,None,66,1,5,False,1,1
19657,102,betCent,10,0.7083996815286624,0,21,None,66,1,5,False,1,1
19658,103,betCent,10,0.7109872611464968,0,21,None,66,1,5,False,1,1
19659,104,betCent,10,0.7107882165605095,0,21,None,66,1,5,False,1,1
19660,100,betCent,10,0.661922770700637,0,28,None,66,1,5,False,1,1
19661,101,betCent,10,0.6555533439490446,0,28,None,66,1,5,False,1,1
19662,102,betCent,10,0.6549562101910829,0,28,None,66,1,5,False,1,1
19663,103,betCent,10,0.6556528662420382,0,28,None,66,1,5,False,1,1
19664,104,betCent,10,0.6583399681528662,0,28,None,66,1,5,False,1,1
19665,100,betCent,10,0.6398288216560509,0,29,None,66,1,5,False,1,1
19666,101,betCent,10,0.6334593949044586,0,29,None,66,1,5,False,1,1
19667,102,betCent,10,0.6326632165605095,0,29,None,66,1,5,False,1,1
19668,103,betCent,10,0.6328622611464968,0,29,None,66,1,5,False,1,1
19669,104,betCent,10,0.6330613057324841,0,29,None,66,1,5,False,1,1
19670,100,betCent,10,0.6464968152866242,0,24,None,66,1,5,False,1,1
19671,101,betCent,10,0.6520700636942676,0,24,None,66,1,5,False,1,1
19672,102,betCent,10,0.6557523885350318,0,24,None,66,1,5,False,1,1
19673,103,betCent,10,0.6592356687898089,0,24,None,66,1,5,False,1,1
19674,104,betCent,10,0.6614251592356688,0,24,None,66,1,5,False,1,1
19675,100,betCent,10,0.7138734076433121,0,18,None,66,1,5,False,1,1
19676,101,betCent,10,0.7155652866242038,0,18,None,66,1,5,False,1,1
19677,102,betCent,10,0.7182523885350318,0,18,None,66,1,5,False,1,1
19678,103,betCent,10,0.7197452229299363,0,18,None,66,1,5,False,1,1
19679,104,betCent,10,0.7212380573248408,0,18,None,66,1,5,False,1,1
19680,100,betCent,10,0.6867038216560509,0,27,None,66,1,5,False,1,1
19681,101,betCent,10,0.6874004777070064,0,27,None,66,1,5,False,1,1
19682,102,betCent,10,0.6887937898089171,0,27,None,66,1,5,False,1,1
19683,103,betCent,10,0.6900875796178344,0,27,None,66,1,5,False,1,1
19684,104,betCent,10,0.6910828025477707,0,27,None,66,1,5,False,1,1
19685,100,betCent,10,0.7201433121019108,0,31,None,66,1,5,False,1,1
19686,101,betCent,10,0.71875,0,31,None,66,1,5,False,1,1
19687,102,betCent,10,0.7205414012738853,0,31,None,66,1,5,False,1,1
19688,103,betCent,10,0.7199442675159236,0,31,None,66,1,5,False,1,1
19689,104,betCent,10,0.7209394904458599,0,31,None,66,1,5,False,1,1
19690,100,betCent,10,0.7057125796178344,0,20,None,66,1,5,False,1,1
19691,101,betCent,10,0.7048168789808917,0,20,None,66,1,5,False,1,1
19692,102,betCent,10,0.7046178343949044,0,20,None,66,1,5,False,1,1
19693,103,betCent,10,0.7051154458598726,0,20,None,66,1,5,False,1,1
19694,104,betCent,10,0.706906847133758,0,20,None,66,1,5,False,1,1
19695,100,betCent,10,0.6426154458598726,0,8,None,66,1,5,False,1,1
19696,101,betCent,10,0.6437101910828026,0,8,None,66,1,5,False,1,1
19697,102,betCent,10,0.6436106687898089,0,8,None,66,1,5,False,1,1
19698,103,betCent,10,0.644406847133758,0,8,None,66,1,5,False,1,1
19699,104,betCent,10,0.6460987261146497,0,8,None,66,1,5,False,1,1
19700,100,betCent,10,0.6512738853503185,0,23,None,66,1,5,False,1,1
19701,101,betCent,10,0.653562898089172,0,23,None,66,1,5,False,1,1
19702,102,betCent,10,0.6547571656050956,0,23,None,66,1,5,False,1,1
19703,103,betCent,10,0.6559514331210191,0,23,None,66,1,5,False,1,1
19704,104,betCent,10,0.65734474522293,0,23,None,66,1,5,False,1,1
19705,100,betCent,10,0.7102906050955414,0,16,None,66,1,5,False,1,1
19706,101,betCent,10,0.713077229299363,0,16,None,66,1,5,False,1,1
19707,102,betCent,10,0.7159633757961783,0,16,None,66,1,5,False,1,1
19708,103,betCent,10,0.7185509554140127,0,16,None,66,1,5,False,1,1
19709,104,betCent,10,0.7210390127388535,0,16,None,66,1,5,False,1,1
19710,100,betCent,10,0.5911624203821656,0,32,None,66,1,5,False,1,1
19711,101,betCent,10,0.5886743630573248,0,32,None,66,1,5,False,1,1
19712,102,betCent,10,0.5893710191082803,0,32,None,66,1,5,False,1,1
19713,103,betCent,10,0.5906648089171974,0,32,None,66,1,5,False,1,1
19714,104,betCent,10,0.5923566878980892,0,32,None,66,1,5,False,1,1
19715,100,betCent,10,0.7067078025477707,0,13,None,66,1,5,False,1,1
19716,101,betCent,10,0.7071058917197452,0,13,None,66,1,5,False,1,1
19717,102,betCent,10,0.7075039808917197,0,13,None,66,1,5,False,1,1
19718,103,betCent,10,0.7082006369426752,0,13,None,66,1,5,False,1,1
19719,104,betCent,10,0.7078025477707006,0,13,None,66,1,5,False,1,1
19720,100,betCent,10,0.6679936305732485,0,25,None,66,1,5,False,1,1
19721,101,betCent,10,0.6555533439490446,0,25,None,66,1,5,False,1,1
19722,102,betCent,10,0.6507762738853503,0,25,None,66,1,5,False,1,1
19723,103,betCent,10,0.6492834394904459,0,25,None,66,1,5,False,1,1
19724,104,betCent,10,0.6493829617834395,0,25,None,66,1,5,False,1,1
19725,100,betCent,10,0.6841162420382165,0,22,None,66,1,5,False,1,1
19726,101,betCent,10,0.6831210191082803,0,22,None,66,1,5,False,1,1
19727,102,betCent,10,0.6825238853503185,0,22,None,66,1,5,False,1,1
19728,103,betCent,10,0.6819267515923567,0,22,None,66,1,5,False,1,1
19729,104,betCent,10,0.6828224522292994,0,22,None,66,1,5,False,1,1
19730,100,betCent,10,0.6867038216560509,0,9,None,66,1,5,False,1,1
19731,101,betCent,10,0.6847133757961783,0,9,None,66,1,5,False,1,1
19732,102,betCent,10,0.6871019108280255,0,9,None,66,1,5,False,1,1
19733,103,betCent,10,0.6889928343949044,0,9,None,66,1,5,False,1,1
19734,104,betCent,10,0.6910828025477707,0,9,None,66,1,5,False,1,1
19735,100,betCent,10,0.7009355095541401,0,11,None,66,1,5,False,1,1
19736,101,betCent,10,0.7013335987261147,0,11,None,66,1,5,False,1,1
19737,102,betCent,10,0.7009355095541401,0,11,None,66,1,5,False,1,1
19738,103,betCent,10,0.703125,0,11,None,66,1,5,False,1,1
19739,104,betCent,10,0.7051154458598726,0,11,None,66,1,5,False,1,1
19740,100,betCent,10,0.6537619426751592,0,15,None,66,1,5,False,1,1
19741,101,betCent,10,0.6538614649681529,0,15,None,66,1,5,False,1,1
19742,102,betCent,10,0.6522691082802548,0,15,None,66,1,5,False,1,1
19743,103,betCent,10,0.6528662420382165,0,15,None,66,1,5,False,1,1
19744,104,betCent,10,0.6542595541401274,0,15,None,66,1,5,False,1,1
19745,100,betCent,10,0.7070063694267515,0,10,None,66,1,5,False,1,1
19746,101,betCent,10,0.7081011146496815,0,10,None,66,1,5,False,1,1
19747,102,betCent,10,0.7098925159235668,0,10,None,66,1,5,False,1,1
19748,103,betCent,10,0.7110867834394905,0,10,None,66,1,5,False,1,1
19749,104,betCent,10,0.7125796178343949,0,10,None,66,1,5,False,1,1
19750,100,betCent,10,0.6559514331210191,0,3,None,66,1,5,False,1,1
19751,101,betCent,10,0.6553542993630573,0,3,None,66,1,5,False,1,1
19752,102,betCent,10,0.65625,0,3,None,66,1,5,False,1,1
19753,103,betCent,10,0.6576433121019108,0,3,None,66,1,5,False,1,1
19754,104,betCent,10,0.6595342356687898,0,3,None,66,1,5,False,1,1
19755,100,betCent,10,0.6698845541401274,0,0,None,66,1,5,False,1,1
19756,101,betCent,10,0.6711783439490446,0,0,None,66,1,5,False,1,1
19757,102,betCent,10,0.6717754777070064,0,0,None,66,1,5,False,1,1
19758,103,betCent,10,0.6725716560509554,0,0,None,66,1,5,False,1,1
19759,104,betCent,10,0.6726711783439491,0,0,None,66,1,5,False,1,1
19760,100,betCent,10,0.7007364649681529,0,5,None,66,1,5,False,1,1
19761,101,betCent,10,0.6976512738853503,0,5,None,66,1,5,False,1,1
19762,102,betCent,10,0.6977507961783439,0,5,None,66,1,5,False,1,1
19763,103,betCent,10,0.6988455414012739,0,5,None,66,1,5,False,1,1
19764,104,betCent,10,0.6979498407643312,0,5,None,66,1,5,False,1,1
19765,100,betCent,10,0.581906847133758,0,4,None,66,1,5,False,1,1
19766,101,betCent,10,0.5967356687898089,0,4,None,66,1,5,False,1,1
19767,102,betCent,10,0.5907643312101911,0,4,None,66,1,5,False,1,1
19768,103,betCent,10,0.589968152866242,0,4,None,66,1,5,False,1,1
19769,104,betCent,10,0.5876791401273885,0,4,None,66,1,5,False,1,1
19770,100,betCent,10,0.6656050955414012,0,6,None,66,1,5,False,1,1
19771,101,betCent,10,0.6661027070063694,0,6,None,66,1,5,False,1,1
19772,102,betCent,10,0.6664012738853503,0,6,None,66,1,5,False,1,1
19773,103,betCent,10,0.6669984076433121,0,6,None,66,1,5,False,1,1
19774,104,betCent,10,0.6682921974522293,0,6,None,66,1,5,False,1,1
19775,100,betCent,10,0.7081011146496815,0,7,None,66,1,5,False,1,1
19776,101,betCent,10,0.7126791401273885,0,7,None,66,1,5,False,1,1
19777,102,betCent,10,0.7146695859872612,0,7,None,66,1,5,False,1,1
19778,103,betCent,10,0.7169585987261147,0,7,None,66,1,5,False,1,1
19779,104,betCent,10,0.7189490445859873,0,7,None,66,1,5,False,1,1
19780,100,betCent,10,0.4802945859872611,0,14,None,66,1,5,False,1,1
19781,101,betCent,10,0.4828821656050955,0,14,None,66,1,5,False,1,1
19782,102,betCent,10,0.4861664012738853,0,14,None,66,1,5,False,1,1
19783,103,betCent,10,0.4917396496815286,0,14,None,66,1,5,False,1,1
19784,104,betCent,10,0.498109076433121,0,14,None,66,1,5,False,1,1
19785,100,betCent,10,0.6917794585987261,0,12,None,66,1,5,False,1,1
19786,101,betCent,10,0.6926751592356688,0,12,None,66,1,5,False,1,1
19787,102,betCent,10,0.6940684713375797,0,12,None,66,1,5,False,1,1
19788,103,betCent,10,0.6959593949044586,0,12,None,66,1,5,False,1,1
19789,104,betCent,10,0.6970541401273885,0,12,None,66,1,5,False,1,1
19790,100,betCent,10,0.6256966560509554,0,26,None,66,1,5,False,1,1
19791,101,betCent,10,0.6201234076433121,0,26,None,66,1,5,False,1,1
19792,102,betCent,10,0.6186305732484076,0,26,None,66,1,5,False,1,1
19793,103,betCent,10,0.6176353503184714,0,26,None,66,1,5,False,1,1
19794,104,betCent,10,0.616640127388535,0,26,None,66,1,5,False,1,1
19795,100,betCent,10,0.6831210191082803,0,30,None,66,1,5,False,1,1
19796,101,betCent,10,0.6916799363057324,0,30,None,66,1,5,False,1,1
19797,102,betCent,10,0.6989450636942676,0,30,None,66,1,5,False,1,1
19798,103,betCent,10,0.7032245222929936,0,30,None,66,1,5,False,1,1
19799,104,betCent,10,0.7071058917197452,0,30,None,66,1,5,False,1,1
23265,105,betCent,10,0.611265923566879,0,1,None,66,1,5,False,1,1
23266,106,betCent,10,0.6584394904458599,0,1,None,66,1,5,False,1,1
23267,107,betCent,10,0.6771496815286624,0,1,None,66,1,5,False,1,1
23268,108,betCent,10,0.6892914012738853,0,1,None,66,1,5,False,1,1
23269,109,betCent,10,0.6928742038216561,0,1,None,66,1,5,False,1,1
23270,105,betCent,10,0.6149482484076433,0,2,None,66,1,5,False,1,1
23271,106,betCent,10,0.5909633757961783,0,2,None,66,1,5,False,1,1
23272,107,betCent,10,0.5768312101910829,0,2,None,66,1,5,False,1,1
23273,108,betCent,10,0.5733479299363057,0,2,None,66,1,5,False,1,1
23274,109,betCent,10,0.5733479299363057,0,2,None,66,1,5,False,1,1
23275,105,betCent,10,0.7106886942675159,0,13,None,66,1,5,False,1,1
23276,106,betCent,10,0.7124800955414012,0,13,None,66,1,5,False,1,1
23277,107,betCent,10,0.7135748407643312,0,13,None,66,1,5,False,1,1
23278,108,betCent,10,0.7121815286624203,0,13,None,66,1,5,False,1,1
23279,109,betCent,10,0.712281050955414,0,13,None,66,1,5,False,1,1
23280,105,betCent,10,0.6595342356687898,0,15,None,66,1,5,False,1,1
23281,106,betCent,10,0.6586385350318471,0,15,None,66,1,5,False,1,1
23282,107,betCent,10,0.6587380573248408,0,15,None,66,1,5,False,1,1
23283,108,betCent,10,0.6592356687898089,0,15,None,66,1,5,False,1,1
23284,109,betCent,10,0.6586385350318471,0,15,None,66,1,5,False,1,1
23285,105,betCent,10,0.7111863057324841,0,10,None,66,1,5,False,1,1
23286,106,betCent,10,0.712281050955414,0,10,None,66,1,5,False,1,1
23287,107,betCent,10,0.7134753184713376,0,10,None,66,1,5,False,1,1
23288,108,betCent,10,0.7150676751592356,0,10,None,66,1,5,False,1,1
23289,109,betCent,10,0.7172571656050956,0,10,None,66,1,5,False,1,1
23290,105,betCent,10,0.7123805732484076,0,16,None,66,1,5,False,1,1
23291,106,betCent,10,0.7162619426751592,0,16,None,66,1,5,False,1,1
23292,107,betCent,10,0.7196457006369427,0,16,None,66,1,5,False,1,1
23293,108,betCent,10,0.7222332802547771,0,16,None,66,1,5,False,1,1
23294,109,betCent,10,0.7236265923566879,0,16,None,66,1,5,False,1,1
23295,105,betCent,10,0.7072054140127388,0,11,None,66,1,5,False,1,1
23296,106,betCent,10,0.7066082802547771,0,11,None,66,1,5,False,1,1
23297,107,betCent,10,0.7088972929936306,0,11,None,66,1,5,False,1,1
23298,108,betCent,10,0.7101910828025477,0,11,None,66,1,5,False,1,1
23299,109,betCent,10,0.7112858280254777,0,11,None,66,1,5,False,1,1
23300,105,betCent,10,0.6443073248407644,0,8,None,66,1,5,False,1,1
23301,106,betCent,10,0.6442078025477707,0,8,None,66,1,5,False,1,1
23302,107,betCent,10,0.6458996815286624,0,8,None,66,1,5,False,1,1
23303,108,betCent,10,0.6467953821656051,0,8,None,66,1,5,False,1,1
23304,109,betCent,10,0.6482882165605095,0,8,None,66,1,5,False,1,1
23305,105,betCent,10,0.6895899681528662,0,22,None,66,1,5,False,1,1
23306,106,betCent,10,0.6871019108280255,0,22,None,66,1,5,False,1,1
23307,107,betCent,10,0.6867038216560509,0,22,None,66,1,5,False,1,1
23308,108,betCent,10,0.6860071656050956,0,22,None,66,1,5,False,1,1
23309,109,betCent,10,0.6867038216560509,0,22,None,66,1,5,False,1,1
23310,105,betCent,10,0.6557523885350318,0,23,None,66,1,5,False,1,1
23311,106,betCent,10,0.6567476114649682,0,23,None,66,1,5,False,1,1
23312,107,betCent,10,0.6580414012738853,0,23,None,66,1,5,False,1,1
23313,108,betCent,10,0.6592356687898089,0,23,None,66,1,5,False,1,1
23314,109,betCent,10,0.6598328025477707,0,23,None,66,1,5,False,1,1
23315,105,betCent,10,0.6738654458598726,0,17,None,66,1,5,False,1,1
23316,106,betCent,10,0.6768511146496815,0,17,None,66,1,5,False,1,1
23317,107,betCent,10,0.6796377388535032,0,17,None,66,1,5,False,1,1
23318,108,betCent,10,0.6811305732484076,0,17,None,66,1,5,False,1,1
23319,109,betCent,10,0.6828224522292994,0,17,None,66,1,5,False,1,1
23320,105,betCent,10,0.6734673566878981,0,25,None,66,1,5,False,1,1
23321,106,betCent,10,0.6621218152866242,0,25,None,66,1,5,False,1,1
23322,107,betCent,10,0.6563495222929936,0,25,None,66,1,5,False,1,1
23323,108,betCent,10,0.65625,0,25,None,66,1,5,False,1,1
23324,109,betCent,10,0.6555533439490446,0,25,None,66,1,5,False,1,1
23325,105,betCent,10,0.6694864649681529,0,28,None,66,1,5,False,1,1
23326,106,betCent,10,0.6617237261146497,0,28,None,66,1,5,False,1,1
23327,107,betCent,10,0.6602308917197452,0,28,None,66,1,5,False,1,1
23328,108,betCent,10,0.661922770700637,0,28,None,66,1,5,False,1,1
23329,109,betCent,10,0.6642117834394905,0,28,None,66,1,5,False,1,1
23330,105,betCent,10,0.6515724522292994,0,29,None,66,1,5,False,1,1
23331,106,betCent,10,0.6443073248407644,0,29,None,66,1,5,False,1,1
23332,107,betCent,10,0.6418192675159236,0,29,None,66,1,5,False,1,1
23333,108,betCent,10,0.6404259554140127,0,29,None,66,1,5,False,1,1
23334,109,betCent,10,0.6400278662420382,0,29,None,66,1,5,False,1,1
23335,105,betCent,10,0.6929737261146497,0,9,None,66,1,5,False,1,1
23336,106,betCent,10,0.692078025477707,0,9,None,66,1,5,False,1,1
23337,107,betCent,10,0.6938694267515924,0,9,None,66,1,5,False,1,1
23338,108,betCent,10,0.6952627388535032,0,9,None,66,1,5,False,1,1
23339,109,betCent,10,0.6961584394904459,0,9,None,66,1,5,False,1,1
23340,105,betCent,10,0.7166600318471338,0,18,None,66,1,5,False,1,1
23341,106,betCent,10,0.7184514331210191,0,18,None,66,1,5,False,1,1
23342,107,betCent,10,0.7207404458598726,0,18,None,66,1,5,False,1,1
23343,108,betCent,10,0.7220342356687898,0,18,None,66,1,5,False,1,1
23344,109,betCent,10,0.7229299363057324,0,18,None,66,1,5,False,1,1
23345,105,betCent,10,0.6922770700636943,0,27,None,66,1,5,False,1,1
23346,106,betCent,10,0.6910828025477707,0,27,None,66,1,5,False,1,1
23347,107,betCent,10,0.6916799363057324,0,27,None,66,1,5,False,1,1
23348,108,betCent,10,0.6933718152866242,0,27,None,66,1,5,False,1,1
23349,109,betCent,10,0.6941679936305732,0,27,None,66,1,5,False,1,1
23350,105,betCent,10,0.7189490445859873,0,31,None,66,1,5,False,1,1
23351,106,betCent,10,0.7224323248407644,0,31,None,66,1,5,False,1,1
23352,107,betCent,10,0.7240246815286624,0,31,None,66,1,5,False,1,1
23353,108,betCent,10,0.724422770700637,0,31,None,66,1,5,False,1,1
23354,109,betCent,10,0.7267117834394905,0,31,None,66,1,5,False,1,1
23355,105,betCent,10,0.601015127388535,0,32,None,66,1,5,False,1,1
23356,106,betCent,10,0.5986265923566879,0,32,None,66,1,5,False,1,1
23357,107,betCent,10,0.5986265923566879,0,32,None,66,1,5,False,1,1
23358,108,betCent,10,0.5985270700636943,0,32,None,66,1,5,False,1,1
23359,109,betCent,10,0.5984275477707006,0,32,None,66,1,5,False,1,1
23360,105,betCent,10,0.7181528662420382,0,7,None,66,1,5,False,1,1
23361,106,betCent,10,0.7213375796178344,0,7,None,66,1,5,False,1,1
23362,107,betCent,10,0.7234275477707006,0,7,None,66,1,5,False,1,1
23363,108,betCent,10,0.7257165605095541,0,7,None,66,1,5,False,1,1
23364,109,betCent,10,0.7273089171974523,0,7,None,66,1,5,False,1,1
23365,105,betCent,10,0.6990445859872612,0,12,None,66,1,5,False,1,1
23366,106,betCent,10,0.6996417197452229,0,12,None,66,1,5,False,1,1
23367,107,betCent,10,0.7003383757961783,0,12,None,66,1,5,False,1,1
23368,108,betCent,10,0.701234076433121,0,12,None,66,1,5,False,1,1
23369,109,betCent,10,0.7029259554140127,0,12,None,66,1,5,False,1,1
23370,105,betCent,10,0.6264928343949044,0,26,None,66,1,5,False,1,1
23371,106,betCent,10,0.6228105095541401,0,26,None,66,1,5,False,1,1
23372,107,betCent,10,0.6219148089171974,0,26,None,66,1,5,False,1,1
23373,108,betCent,10,0.621218152866242,0,26,None,66,1,5,False,1,1
23374,109,betCent,10,0.6210191082802548,0,26,None,66,1,5,False,1,1
23375,105,betCent,10,0.5051751592356688,0,14,None,66,1,5,False,1,1
23376,106,betCent,10,0.5075636942675159,0,14,None,66,1,5,False,1,1
23377,107,betCent,10,0.5063694267515924,0,14,None,66,1,5,False,1,1
23378,108,betCent,10,0.5106488853503185,0,14,None,66,1,5,False,1,1
23379,109,betCent,10,0.5159235668789809,0,14,None,66,1,5,False,1,1
23380,105,betCent,10,0.6877985668789809,0,30,None,66,1,5,False,1,1
23381,106,betCent,10,0.6983479299363057,0,30,None,66,1,5,False,1,1
23382,107,betCent,10,0.7056130573248408,0,30,None,66,1,5,False,1,1
23383,108,betCent,10,0.7108877388535032,0,30,None,66,1,5,False,1,1
23384,109,betCent,10,0.7139729299363057,0,30,None,66,1,5,False,1,1
23385,105,betCent,10,0.7062101910828026,0,5,None,66,1,5,False,1,1
23386,106,betCent,10,0.7038216560509554,0,5,None,66,1,5,False,1,1
23387,107,betCent,10,0.7043192675159236,0,5,None,66,1,5,False,1,1
23388,108,betCent,10,0.7036226114649682,0,5,None,66,1,5,False,1,1
23389,109,betCent,10,0.7035230891719745,0,5,None,66,1,5,False,1,1
23390,105,betCent,10,0.6674960191082803,0,6,None,66,1,5,False,1,1
23391,106,betCent,10,0.6690883757961783,0,6,None,66,1,5,False,1,1
23392,107,betCent,10,0.6706807324840764,0,6,None,66,1,5,False,1,1
23393,108,betCent,10,0.671875,0,6,None,66,1,5,False,1,1
23394,109,betCent,10,0.6727707006369427,0,6,None,66,1,5,False,1,1
23395,105,betCent,10,0.5874800955414012,0,4,None,66,1,5,False,1,1
23396,106,betCent,10,0.6065883757961783,0,4,None,66,1,5,False,1,1
23397,107,betCent,10,0.5984275477707006,0,4,None,66,1,5,False,1,1
23398,108,betCent,10,0.5968351910828026,0,4,None,66,1,5,False,1,1
23399,109,betCent,10,0.5941480891719745,0,4,None,66,1,5,False,1,1
23400,105,betCent,10,0.6630175159235668,0,3,None,66,1,5,False,1,1
23401,106,betCent,10,0.6631170382165605,0,3,None,66,1,5,False,1,1
23402,107,betCent,10,0.6642117834394905,0,3,None,66,1,5,False,1,1
23403,108,betCent,10,0.6657046178343949,0,3,None,66,1,5,False,1,1
23404,109,betCent,10,0.6668988853503185,0,3,None,66,1,5,False,1,1
23405,105,betCent,10,0.7099920382165605,0,20,None,66,1,5,False,1,1
23406,106,betCent,10,0.7086982484076433,0,20,None,66,1,5,False,1,1
23407,107,betCent,10,0.7092953821656051,0,20,None,66,1,5,False,1,1
23408,108,betCent,10,0.7099920382165605,0,20,None,66,1,5,False,1,1
23409,109,betCent,10,0.7118829617834395,0,20,None,66,1,5,False,1,1
23410,105,betCent,10,0.5997213375796179,0,19,None,66,1,5,False,1,1
23411,106,betCent,10,0.5900676751592356,0,19,None,66,1,5,False,1,1
23412,107,betCent,10,0.5871815286624203,0,19,None,66,1,5,False,1,1
23413,108,betCent,10,0.5870820063694268,0,19,None,66,1,5,False,1,1
23414,109,betCent,10,0.586484872611465,0,19,None,66,1,5,False,1,1
23415,105,betCent,10,0.7133757961783439,0,21,None,66,1,5,False,1,1
23416,106,betCent,10,0.7121815286624203,0,21,None,66,1,5,False,1,1
23417,107,betCent,10,0.7132762738853503,0,21,None,66,1,5,False,1,1
23418,108,betCent,10,0.7145700636942676,0,21,None,66,1,5,False,1,1
23419,109,betCent,10,0.7158638535031847,0,21,None,66,1,5,False,1,1
23420,105,betCent,10,0.6733678343949044,0,0,None,66,1,5,False,1,1
23421,106,betCent,10,0.6757563694267515,0,0,None,66,1,5,False,1,1
23422,107,betCent,10,0.6767515923566879,0,0,None,66,1,5,False,1,1
23423,108,betCent,10,0.6773487261146497,0,0,None,66,1,5,False,1,1
23424,109,betCent,10,0.6769506369426752,0,0,None,66,1,5,False,1,1
23425,105,betCent,10,0.6553542993630573,0,24,None,66,1,5,False,1,1
23426,106,betCent,10,0.6596337579617835,0,24,None,66,1,5,False,1,1
23427,107,betCent,10,0.6642117834394905,0,24,None,66,1,5,False,1,1
23428,108,betCent,10,0.6668988853503185,0,24,None,66,1,5,False,1,1
23429,109,betCent,10,0.6690883757961783,0,24,None,66,1,5,False,1,1
23430,110,betCent,10,0.6175358280254777,0,1,None,66,1,5,False,1,1
23431,111,betCent,10,0.6651074840764332,0,1,None,66,1,5,False,1,1
23432,112,betCent,10,0.6831210191082803,0,1,None,66,1,5,False,1,1
23433,113,betCent,10,0.694765127388535,0,1,None,66,1,5,False,1,1
23434,114,betCent,10,0.6981488853503185,0,1,None,66,1,5,False,1,1
23435,110,betCent,10,0.7180533439490446,0,21,None,66,1,5,False,1,1
23436,111,betCent,10,0.7155652866242038,0,21,None,66,1,5,False,1,1
23437,112,betCent,10,0.7171576433121019,0,21,None,66,1,5,False,1,1
23438,113,betCent,10,0.7188495222929936,0,21,None,66,1,5,False,1,1
23439,114,betCent,10,0.7196457006369427,0,21,None,66,1,5,False,1,1
23440,110,betCent,10,0.6927746815286624,0,22,None,66,1,5,False,1,1
23441,111,betCent,10,0.6906847133757962,0,22,None,66,1,5,False,1,1
23442,112,betCent,10,0.690187101910828,0,22,None,66,1,5,False,1,1
23443,113,betCent,10,0.6898885350318471,0,22,None,66,1,5,False,1,1
23444,114,betCent,10,0.6894904458598726,0,22,None,66,1,5,False,1,1
23445,110,betCent,10,0.6091759554140127,0,32,None,66,1,5,False,1,1
23446,111,betCent,10,0.6060907643312102,0,32,None,66,1,5,False,1,1
23447,112,betCent,10,0.6052945859872612,0,32,None,66,1,5,False,1,1
23448,113,betCent,10,0.6057921974522293,0,32,None,66,1,5,False,1,1
23449,114,betCent,10,0.6061902866242038,0,32,None,66,1,5,False,1,1
23450,110,betCent,10,0.5940485668789809,0,19,None,66,1,5,False,1,1
23451,111,betCent,10,0.5882762738853503,0,19,None,66,1,5,False,1,1
23452,112,betCent,10,0.5881767515923567,0,19,None,66,1,5,False,1,1
23453,113,betCent,10,0.5883757961783439,0,19,None,66,1,5,False,1,1
23454,114,betCent,10,0.5887738853503185,0,19,None,66,1,5,False,1,1
23455,110,betCent,10,0.522890127388535,0,14,None,66,1,5,False,1,1
23456,111,betCent,10,0.5243829617834395,0,14,None,66,1,5,False,1,1
23457,112,betCent,10,0.5252786624203821,0,14,None,66,1,5,False,1,1
23458,113,betCent,10,0.5288614649681529,0,14,None,66,1,5,False,1,1
23459,114,betCent,10,0.5334394904458599,0,14,None,66,1,5,False,1,1
23460,110,betCent,10,0.6596337579617835,0,23,None,66,1,5,False,1,1
23461,111,betCent,10,0.6614251592356688,0,23,None,66,1,5,False,1,1
23462,112,betCent,10,0.6628184713375797,0,23,None,66,1,5,False,1,1
23463,113,betCent,10,0.662718949044586,0,23,None,66,1,5,False,1,1
23464,114,betCent,10,0.6648089171974523,0,23,None,66,1,5,False,1,1
23465,110,betCent,10,0.6913813694267515,0,30,None,66,1,5,False,1,1
23466,111,betCent,10,0.70421974522293,0,30,None,66,1,5,False,1,1
23467,112,betCent,10,0.7111863057324841,0,30,None,66,1,5,False,1,1
23468,113,betCent,10,0.7166600318471338,0,30,None,66,1,5,False,1,1
23469,114,betCent,10,0.7199442675159236,0,30,None,66,1,5,False,1,1
23470,110,betCent,10,0.6933718152866242,0,27,None,66,1,5,False,1,1
23471,111,betCent,10,0.6936703821656051,0,27,None,66,1,5,False,1,1
23472,112,betCent,10,0.6941679936305732,0,27,None,66,1,5,False,1,1
23473,113,betCent,10,0.6957603503184714,0,27,None,66,1,5,False,1,1
23474,114,betCent,10,0.6967555732484076,0,27,None,66,1,5,False,1,1
23475,110,betCent,10,0.7286027070063694,0,31,None,66,1,5,False,1,1
23476,111,betCent,10,0.7300955414012739,0,31,None,66,1,5,False,1,1
23477,112,betCent,10,0.7323845541401274,0,31,None,66,1,5,False,1,1
23478,113,betCent,10,0.7337778662420382,0,31,None,66,1,5,False,1,1
23479,114,betCent,10,0.7344745222929936,0,31,None,66,1,5,False,1,1
23480,110,betCent,10,0.6597332802547771,0,29,None,66,1,5,False,1,1
23481,111,betCent,10,0.6527667197452229,0,29,None,66,1,5,False,1,1
23482,112,betCent,10,0.6494824840764332,0,29,None,66,1,5,False,1,1
23483,113,betCent,10,0.6485867834394905,0,29,None,66,1,5,False,1,1
23484,114,betCent,10,0.647890127388535,0,29,None,66,1,5,False,1,1
23485,110,betCent,10,0.6661027070063694,0,24,None,66,1,5,False,1,1
23486,111,betCent,10,0.6726711783439491,0,24,None,66,1,5,False,1,1
23487,112,betCent,10,0.675656847133758,0,24,None,66,1,5,False,1,1
23488,113,betCent,10,0.6772492038216561,0,24,None,66,1,5,False,1,1
23489,114,betCent,10,0.6789410828025477,0,24,None,66,1,5,False,1,1
23490,110,betCent,10,0.714968152866242,0,13,None,66,1,5,False,1,1
23491,111,betCent,10,0.7165605095541401,0,13,None,66,1,5,False,1,1
23492,112,betCent,10,0.7158638535031847,0,13,None,66,1,5,False,1,1
23493,113,betCent,10,0.7159633757961783,0,13,None,66,1,5,False,1,1
23494,114,betCent,10,0.7161624203821656,0,13,None,66,1,5,False,1,1
23495,110,betCent,10,0.6668988853503185,0,6,None,66,1,5,False,1,1
23496,111,betCent,10,0.6700835987261147,0,6,None,66,1,5,False,1,1
23497,112,betCent,10,0.6713773885350318,0,6,None,66,1,5,False,1,1
23498,113,betCent,10,0.6724721337579618,0,6,None,66,1,5,False,1,1
23499,114,betCent,10,0.6740644904458599,0,6,None,66,1,5,False,1,1
23500,110,betCent,10,0.677547770700637,0,25,None,66,1,5,False,1,1
23501,111,betCent,10,0.666202229299363,0,25,None,66,1,5,False,1,1
23502,112,betCent,10,0.6614251592356688,0,25,None,66,1,5,False,1,1
23503,113,betCent,10,0.6604299363057324,0,25,None,66,1,5,False,1,1
23504,114,betCent,10,0.6599323248407644,0,25,None,66,1,5,False,1,1
23505,110,betCent,10,0.6320660828025477,0,26,None,66,1,5,False,1,1
23506,111,betCent,10,0.6277866242038217,0,26,None,66,1,5,False,1,1
23507,112,betCent,10,0.6251990445859873,0,26,None,66,1,5,False,1,1
23508,113,betCent,10,0.6257961783439491,0,26,None,66,1,5,False,1,1
23509,114,betCent,10,0.6259952229299363,0,26,None,66,1,5,False,1,1
23510,110,betCent,10,0.7152667197452229,0,16,None,66,1,5,False,1,1
23511,111,betCent,10,0.71984474522293,0,16,None,66,1,5,False,1,1
23512,112,betCent,10,0.7224323248407644,0,16,None,66,1,5,False,1,1
23513,113,betCent,10,0.7247213375796179,0,16,None,66,1,5,False,1,1
23514,114,betCent,10,0.7270103503184714,0,16,None,66,1,5,False,1,1
23515,110,betCent,10,0.6458001592356688,0,8,None,66,1,5,False,1,1
23516,111,betCent,10,0.6466958598726115,0,8,None,66,1,5,False,1,1
23517,112,betCent,10,0.6487858280254777,0,8,None,66,1,5,False,1,1
23518,113,betCent,10,0.6487858280254777,0,8,None,66,1,5,False,1,1
23519,114,betCent,10,0.6501791401273885,0,8,None,66,1,5,False,1,1
23520,110,betCent,10,0.6173367834394905,0,2,None,66,1,5,False,1,1
23521,111,betCent,10,0.5930533439490446,0,2,None,66,1,5,False,1,1
23522,112,betCent,10,0.5807125796178344,0,2,None,66,1,5,False,1,1
23523,113,betCent,10,0.5767316878980892,0,2,None,66,1,5,False,1,1
23524,114,betCent,10,0.5779259554140127,0,2,None,66,1,5,False,1,1
23525,110,betCent,10,0.7131767515923567,0,5,None,66,1,5,False,1,1
23526,111,betCent,10,0.7086982484076433,0,5,None,66,1,5,False,1,1
23527,112,betCent,10,0.7085987261146497,0,5,None,66,1,5,False,1,1
23528,113,betCent,10,0.7081011146496815,0,5,None,66,1,5,False,1,1
23529,114,betCent,10,0.7071058917197452,0,5,None,66,1,5,False,1,1
23530,110,betCent,10,0.5968351910828026,0,4,None,66,1,5,False,1,1
23531,111,betCent,10,0.6152468152866242,0,4,None,66,1,5,False,1,1
23532,112,betCent,10,0.6086783439490446,0,4,None,66,1,5,False,1,1
23533,113,betCent,10,0.6045979299363057,0,4,None,66,1,5,False,1,1
23534,114,betCent,10,0.6024084394904459,0,4,None,66,1,5,False,1,1
23535,110,betCent,10,0.7194466560509554,0,7,None,66,1,5,False,1,1
23536,111,betCent,10,0.7246218152866242,0,7,None,66,1,5,False,1,1
23537,112,betCent,10,0.7278065286624203,0,7,None,66,1,5,False,1,1
23538,113,betCent,10,0.7293988853503185,0,7,None,66,1,5,False,1,1
23539,114,betCent,10,0.7306926751592356,0,7,None,66,1,5,False,1,1
23540,110,betCent,10,0.6965565286624203,0,9,None,66,1,5,False,1,1
23541,111,betCent,10,0.6971536624203821,0,9,None,66,1,5,False,1,1
23542,112,betCent,10,0.6976512738853503,0,9,None,66,1,5,False,1,1
23543,113,betCent,10,0.6978503184713376,0,9,None,66,1,5,False,1,1
23544,114,betCent,10,0.6992436305732485,0,9,None,66,1,5,False,1,1
23545,110,betCent,10,0.713077229299363,0,11,None,66,1,5,False,1,1
23546,111,betCent,10,0.7135748407643312,0,11,None,66,1,5,False,1,1
23547,112,betCent,10,0.714171974522293,0,11,None,66,1,5,False,1,1
23548,113,betCent,10,0.7156648089171974,0,11,None,66,1,5,False,1,1
23549,114,betCent,10,0.7169585987261147,0,11,None,66,1,5,False,1,1
23550,110,betCent,10,0.7153662420382165,0,10,None,66,1,5,False,1,1
23551,111,betCent,10,0.7166600318471338,0,10,None,66,1,5,False,1,1
23552,112,betCent,10,0.7177547770700637,0,10,None,66,1,5,False,1,1
23553,113,betCent,10,0.71984474522293,0,10,None,66,1,5,False,1,1
23554,114,betCent,10,0.7209394904458599,0,10,None,66,1,5,False,1,1
23555,110,betCent,10,0.6634156050955414,0,15,None,66,1,5,False,1,1
23556,111,betCent,10,0.6636146496815286,0,15,None,66,1,5,False,1,1
23557,112,betCent,10,0.6639132165605095,0,15,None,66,1,5,False,1,1
23558,113,betCent,10,0.6644108280254777,0,15,None,66,1,5,False,1,1
23559,114,betCent,10,0.6643113057324841,0,15,None,66,1,5,False,1,1
23560,110,betCent,10,0.698546974522293,0,12,None,66,1,5,False,1,1
23561,111,betCent,10,0.6997412420382165,0,12,None,66,1,5,False,1,1
23562,112,betCent,10,0.7014331210191083,0,12,None,66,1,5,False,1,1
23563,113,betCent,10,0.7026273885350318,0,12,None,66,1,5,False,1,1
23564,114,betCent,10,0.7038216560509554,0,12,None,66,1,5,False,1,1
23565,110,betCent,10,0.678343949044586,0,17,None,66,1,5,False,1,1
23566,111,betCent,10,0.6805334394904459,0,17,None,66,1,5,False,1,1
23567,112,betCent,10,0.6838176751592356,0,17,None,66,1,5,False,1,1
23568,113,betCent,10,0.6865047770700637,0,17,None,66,1,5,False,1,1
23569,114,betCent,10,0.6890923566878981,0,17,None,66,1,5,False,1,1
23570,110,betCent,10,0.71875,0,18,None,66,1,5,False,1,1
23571,111,betCent,10,0.7207404458598726,0,18,None,66,1,5,False,1,1
23572,112,betCent,10,0.7229299363057324,0,18,None,66,1,5,False,1,1
23573,113,betCent,10,0.7240246815286624,0,18,None,66,1,5,False,1,1
23574,114,betCent,10,0.725218949044586,0,18,None,66,1,5,False,1,1
23575,110,betCent,10,0.7124800955414012,0,20,None,66,1,5,False,1,1
23576,111,betCent,10,0.7129777070063694,0,20,None,66,1,5,False,1,1
23577,112,betCent,10,0.7133757961783439,0,20,None,66,1,5,False,1,1
23578,113,betCent,10,0.7144705414012739,0,20,None,66,1,5,False,1,1
23579,114,betCent,10,0.714968152866242,0,20,None,66,1,5,False,1,1
23580,110,betCent,10,0.6788415605095541,0,0,None,66,1,5,False,1,1
23581,111,betCent,10,0.680234872611465,0,0,None,66,1,5,False,1,1
23582,112,betCent,10,0.6796377388535032,0,0,None,66,1,5,False,1,1
23583,113,betCent,10,0.6800358280254777,0,0,None,66,1,5,False,1,1
23584,114,betCent,10,0.6793391719745223,0,0,None,66,1,5,False,1,1
23585,110,betCent,10,0.6693869426751592,0,3,None,66,1,5,False,1,1
23586,111,betCent,10,0.6688893312101911,0,3,None,66,1,5,False,1,1
23587,112,betCent,10,0.6700835987261147,0,3,None,66,1,5,False,1,1
23588,113,betCent,10,0.6715764331210191,0,3,None,66,1,5,False,1,1
23589,114,betCent,10,0.6728702229299363,0,3,None,66,1,5,False,1,1
23590,110,betCent,10,0.673765923566879,0,28,None,66,1,5,False,1,1
23591,111,betCent,10,0.6660031847133758,0,28,None,66,1,5,False,1,1
23592,112,betCent,10,0.6644108280254777,0,28,None,66,1,5,False,1,1
23593,113,betCent,10,0.6660031847133758,0,28,None,66,1,5,False,1,1
23594,114,betCent,10,0.6678941082802548,0,28,None,66,1,5,False,1,1
27390,115,betCent,10,0.7161624203821656,0,16,None,66,1,5,False,1,1
27391,116,betCent,10,0.7212380573248408,0,16,None,66,1,5,False,1,1
27392,117,betCent,10,0.7230294585987261,0,16,None,66,1,5,False,1,1
27393,118,betCent,10,0.7265127388535032,0,16,None,66,1,5,False,1,1
27394,119,betCent,10,0.728702229299363,0,16,None,66,1,5,False,1,1
27395,115,betCent,10,0.7180533439490446,0,11,None,66,1,5,False,1,1
27396,116,betCent,10,0.7180533439490446,0,11,None,66,1,5,False,1,1
27397,117,betCent,10,0.7196457006369427,0,11,None,66,1,5,False,1,1
27398,118,betCent,10,0.7208399681528662,0,11,None,66,1,5,False,1,1
27399,119,betCent,10,0.7215366242038217,0,11,None,66,1,5,False,1,1
27400,115,betCent,10,0.6106687898089171,0,19,None,66,1,5,False,1,1
27401,116,betCent,10,0.6005175159235668,0,19,None,66,1,5,False,1,1
27402,117,betCent,10,0.5972332802547771,0,19,None,66,1,5,False,1,1
27403,118,betCent,10,0.5960390127388535,0,19,None,66,1,5,False,1,1
27404,119,betCent,10,0.5966361464968153,0,19,None,66,1,5,False,1,1
27405,115,betCent,10,0.6834195859872612,0,17,None,66,1,5,False,1,1
27406,116,betCent,10,0.6861066878980892,0,17,None,66,1,5,False,1,1
27407,117,betCent,10,0.6892914012738853,0,17,None,66,1,5,False,1,1
27408,118,betCent,10,0.6914808917197452,0,17,None,66,1,5,False,1,1
27409,119,betCent,10,0.6943670382165605,0,17,None,66,1,5,False,1,1
27410,115,betCent,10,0.6809315286624203,0,25,None,66,1,5,False,1,1
27411,116,betCent,10,0.6695859872611465,0,25,None,66,1,5,False,1,1
27412,117,betCent,10,0.6638136942675159,0,25,None,66,1,5,False,1,1
27413,118,betCent,10,0.6630175159235668,0,25,None,66,1,5,False,1,1
27414,119,betCent,10,0.6620222929936306,0,25,None,66,1,5,False,1,1
27415,115,betCent,10,0.6390326433121019,0,26,None,66,1,5,False,1,1
27416,116,betCent,10,0.6328622611464968,0,26,None,66,1,5,False,1,1
27417,117,betCent,10,0.6317675159235668,0,26,None,66,1,5,False,1,1
27418,118,betCent,10,0.6308718152866242,0,26,None,66,1,5,False,1,1
27419,119,betCent,10,0.6304737261146497,0,26,None,66,1,5,False,1,1
27420,115,betCent,10,0.7001393312101911,0,12,None,66,1,5,False,1,1
27421,116,betCent,10,0.7026273885350318,0,12,None,66,1,5,False,1,1
27422,117,betCent,10,0.7034235668789809,0,12,None,66,1,5,False,1,1
27423,118,betCent,10,0.7053144904458599,0,12,None,66,1,5,False,1,1
27424,119,betCent,10,0.7059116242038217,0,12,None,66,1,5,False,1,1
27425,115,betCent,10,0.6719745222929936,0,24,None,66,1,5,False,1,1
27426,116,betCent,10,0.6785429936305732,0,24,None,66,1,5,False,1,1
27427,117,betCent,10,0.6814291401273885,0,24,None,66,1,5,False,1,1
27428,118,betCent,10,0.6830214968152867,0,24,None,66,1,5,False,1,1
27429,119,betCent,10,0.6843152866242038,0,24,None,66,1,5,False,1,1
27430,115,betCent,10,0.6940684713375797,0,30,None,66,1,5,False,1,1
27431,116,betCent,10,0.7079020700636943,0,30,None,66,1,5,False,1,1
27432,117,betCent,10,0.7157643312101911,0,30,None,66,1,5,False,1,1
27433,118,betCent,10,0.7196457006369427,0,30,None,66,1,5,False,1,1
27434,119,betCent,10,0.7227308917197452,0,30,None,66,1,5,False,1,1
27435,115,betCent,10,0.7365644904458599,0,31,None,66,1,5,False,1,1
27436,116,betCent,10,0.7363654458598726,0,31,None,66,1,5,False,1,1
27437,117,betCent,10,0.7373606687898089,0,31,None,66,1,5,False,1,1
27438,118,betCent,10,0.7372611464968153,0,31,None,66,1,5,False,1,1
27439,119,betCent,10,0.7375597133757962,0,31,None,66,1,5,False,1,1
27440,115,betCent,10,0.7208399681528662,0,18,None,66,1,5,False,1,1
27441,116,betCent,10,0.7227308917197452,0,18,None,66,1,5,False,1,1
27442,117,betCent,10,0.7243232484076433,0,18,None,66,1,5,False,1,1
27443,118,betCent,10,0.7262141719745223,0,18,None,66,1,5,False,1,1
27444,119,betCent,10,0.7275079617834395,0,18,None,66,1,5,False,1,1
27445,115,betCent,10,0.7238256369426752,0,7,None,66,1,5,False,1,1
27446,116,betCent,10,0.7285031847133758,0,7,None,66,1,5,False,1,1
27447,117,betCent,10,0.7310907643312102,0,7,None,66,1,5,False,1,1
27448,118,betCent,10,0.7330812101910829,0,7,None,66,1,5,False,1,1
27449,119,betCent,10,0.7341759554140127,0,7,None,66,1,5,False,1,1
27450,115,betCent,10,0.6259952229299363,0,1,None,66,1,5,False,1,1
27451,116,betCent,10,0.6714769108280255,0,1,None,66,1,5,False,1,1
27452,117,betCent,10,0.6900875796178344,0,1,None,66,1,5,False,1,1
27453,118,betCent,10,0.6996417197452229,0,1,None,66,1,5,False,1,1
27454,119,betCent,10,0.7030254777070064,0,1,None,66,1,5,False,1,1
27455,115,betCent,10,0.6210191082802548,0,2,None,66,1,5,False,1,1
27456,116,betCent,10,0.5971337579617835,0,2,None,66,1,5,False,1,1
27457,117,betCent,10,0.5833996815286624,0,2,None,66,1,5,False,1,1
27458,118,betCent,10,0.57921974522293,0,2,None,66,1,5,False,1,1
27459,119,betCent,10,0.5799164012738853,0,2,None,66,1,5,False,1,1
27460,115,betCent,10,0.7167595541401274,0,5,None,66,1,5,False,1,1
27461,116,betCent,10,0.7131767515923567,0,5,None,66,1,5,False,1,1
27462,117,betCent,10,0.7124800955414012,0,5,None,66,1,5,False,1,1
27463,118,betCent,10,0.712281050955414,0,5,None,66,1,5,False,1,1
27464,119,betCent,10,0.7119824840764332,0,5,None,66,1,5,False,1,1
27465,115,betCent,10,0.7169585987261147,0,13,None,66,1,5,False,1,1
27466,116,betCent,10,0.7183519108280255,0,13,None,66,1,5,False,1,1
27467,117,betCent,10,0.7181528662420382,0,13,None,66,1,5,False,1,1
27468,118,betCent,10,0.71765525477707,0,13,None,66,1,5,False,1,1
27469,119,betCent,10,0.7173566878980892,0,13,None,66,1,5,False,1,1
27470,115,betCent,10,0.7234275477707006,0,21,None,66,1,5,False,1,1
27471,116,betCent,10,0.721437101910828,0,21,None,66,1,5,False,1,1
27472,117,betCent,10,0.7234275477707006,0,21,None,66,1,5,False,1,1
27473,118,betCent,10,0.7241242038216561,0,21,None,66,1,5,False,1,1
27474,119,betCent,10,0.7245222929936306,0,21,None,66,1,5,False,1,1
27475,115,betCent,10,0.696656050955414,0,27,None,66,1,5,False,1,1
27476,116,betCent,10,0.6956608280254777,0,27,None,66,1,5,False,1,1
27477,117,betCent,10,0.6965565286624203,0,27,None,66,1,5,False,1,1
27478,118,betCent,10,0.6979498407643312,0,27,None,66,1,5,False,1,1
27479,119,betCent,10,0.6984474522292994,0,27,None,66,1,5,False,1,1
27480,115,betCent,10,0.6799363057324841,0,28,None,66,1,5,False,1,1
27481,116,betCent,10,0.6692874203821656,0,28,None,66,1,5,False,1,1
27482,117,betCent,10,0.6686902866242038,0,28,None,66,1,5,False,1,1
27483,118,betCent,10,0.6686902866242038,0,28,None,66,1,5,False,1,1
27484,119,betCent,10,0.6711783439490446,0,28,None,66,1,5,False,1,1
27485,115,betCent,10,0.6661027070063694,0,29,None,66,1,5,False,1,1
27486,116,betCent,10,0.6587380573248408,0,29,None,66,1,5,False,1,1
27487,117,betCent,10,0.6560509554140127,0,29,None,66,1,5,False,1,1
27488,118,betCent,10,0.65515525477707,0,29,None,66,1,5,False,1,1
27489,119,betCent,10,0.6536624203821656,0,29,None,66,1,5,False,1,1
27490,115,betCent,10,0.5341361464968153,0,14,None,66,1,5,False,1,1
27491,116,betCent,10,0.5344347133757962,0,14,None,66,1,5,False,1,1
27492,117,betCent,10,0.537718949044586,0,14,None,66,1,5,False,1,1
27493,118,betCent,10,0.5418988853503185,0,14,None,66,1,5,False,1,1
27494,119,betCent,10,0.5443869426751592,0,14,None,66,1,5,False,1,1
27495,115,betCent,10,0.699343152866242,0,9,None,66,1,5,False,1,1
27496,116,betCent,10,0.7000398089171974,0,9,None,66,1,5,False,1,1
27497,117,betCent,10,0.7006369426751592,0,9,None,66,1,5,False,1,1
27498,118,betCent,10,0.7014331210191083,0,9,None,66,1,5,False,1,1
27499,119,betCent,10,0.7025278662420382,0,9,None,66,1,5,False,1,1
27500,115,betCent,10,0.6674960191082803,0,15,None,66,1,5,False,1,1
27501,116,betCent,10,0.6677945859872612,0,15,None,66,1,5,False,1,1
27502,117,betCent,10,0.6676950636942676,0,15,None,66,1,5,False,1,1
27503,118,betCent,10,0.6685907643312102,0,15,None,66,1,5,False,1,1
27504,119,betCent,10,0.6684912420382165,0,15,None,66,1,5,False,1,1
27505,115,betCent,10,0.6809315286624203,0,0,None,66,1,5,False,1,1
27506,116,betCent,10,0.6826234076433121,0,0,None,66,1,5,False,1,1
27507,117,betCent,10,0.6838176751592356,0,0,None,66,1,5,False,1,1
27508,118,betCent,10,0.6840167197452229,0,0,None,66,1,5,False,1,1
27509,119,betCent,10,0.6839171974522293,0,0,None,66,1,5,False,1,1
27510,115,betCent,10,0.6777468152866242,0,3,None,66,1,5,False,1,1
27511,116,betCent,10,0.6767515923566879,0,3,None,66,1,5,False,1,1
27512,117,betCent,10,0.6765525477707006,0,3,None,66,1,5,False,1,1
27513,118,betCent,10,0.6770501592356688,0,3,None,66,1,5,False,1,1
27514,119,betCent,10,0.677547770700637,0,3,None,66,1,5,False,1,1
27515,115,betCent,10,0.6721735668789809,0,6,None,66,1,5,False,1,1
27516,116,betCent,10,0.6749601910828026,0,6,None,66,1,5,False,1,1
27517,117,betCent,10,0.6762539808917197,0,6,None,66,1,5,False,1,1
27518,118,betCent,10,0.6771496815286624,0,6,None,66,1,5,False,1,1
27519,119,betCent,10,0.6785429936305732,0,6,None,66,1,5,False,1,1
27520,115,betCent,10,0.6070859872611465,0,4,None,66,1,5,False,1,1
27521,116,betCent,10,0.6222133757961783,0,4,None,66,1,5,False,1,1
27522,117,betCent,10,0.6146496815286624,0,4,None,66,1,5,False,1,1
27523,118,betCent,10,0.6114649681528662,0,4,None,66,1,5,False,1,1
27524,119,betCent,10,0.6078821656050956,0,4,None,66,1,5,False,1,1
27525,115,betCent,10,0.6494824840764332,0,8,None,66,1,5,False,1,1
27526,116,betCent,10,0.6492834394904459,0,8,None,66,1,5,False,1,1
27527,117,betCent,10,0.6501791401273885,0,8,None,66,1,5,False,1,1
27528,118,betCent,10,0.6511743630573248,0,8,None,66,1,5,False,1,1
27529,119,betCent,10,0.6523686305732485,0,8,None,66,1,5,False,1,1
27530,115,betCent,10,0.7191480891719745,0,10,None,66,1,5,False,1,1
27531,116,betCent,10,0.720640923566879,0,10,None,66,1,5,False,1,1
27532,117,betCent,10,0.7229299363057324,0,10,None,66,1,5,False,1,1
27533,118,betCent,10,0.7248208598726115,0,10,None,66,1,5,False,1,1
27534,119,betCent,10,0.7246218152866242,0,10,None,66,1,5,False,1,1
27535,115,betCent,10,0.7182523885350318,0,20,None,66,1,5,False,1,1
27536,116,betCent,10,0.7172571656050956,0,20,None,66,1,5,False,1,1
27537,117,betCent,10,0.7173566878980892,0,20,None,66,1,5,False,1,1
27538,118,betCent,10,0.7178542993630573,0,20,None,66,1,5,False,1,1
27539,119,betCent,10,0.7181528662420382,0,20,None,66,1,5,False,1,1
27540,115,betCent,10,0.6981488853503185,0,22,None,66,1,5,False,1,1
27541,116,betCent,10,0.6950636942675159,0,22,None,66,1,5,False,1,1
27542,117,betCent,10,0.6934713375796179,0,22,None,66,1,5,False,1,1
27543,118,betCent,10,0.6929737261146497,0,22,None,66,1,5,False,1,1
27544,119,betCent,10,0.6927746815286624,0,22,None,66,1,5,False,1,1
27545,115,betCent,10,0.6658041401273885,0,23,None,66,1,5,False,1,1
27546,116,betCent,10,0.6666003184713376,0,23,None,66,1,5,False,1,1
27547,117,betCent,10,0.6675955414012739,0,23,None,66,1,5,False,1,1
27548,118,betCent,10,0.6690883757961783,0,23,None,66,1,5,False,1,1
27549,119,betCent,10,0.6709792993630573,0,23,None,66,1,5,False,1,1
27550,115,betCent,10,0.6148487261146497,0,32,None,66,1,5,False,1,1
27551,116,betCent,10,0.6107683121019108,0,32,None,66,1,5,False,1,1
27552,117,betCent,10,0.6108678343949044,0,32,None,66,1,5,False,1,1
27553,118,betCent,10,0.6119625796178344,0,32,None,66,1,5,False,1,1
27554,119,betCent,10,0.612062101910828,0,32,None,66,1,5,False,1,1
27555,120,betCent,10,0.6319665605095541,0,1,None,66,1,5,False,1,1
27556,121,betCent,10,0.677547770700637,0,1,None,66,1,5,False,1,1
27557,122,betCent,10,0.6959593949044586,0,1,None,66,1,5,False,1,1
27558,123,betCent,10,0.7029259554140127,0,1,None,66,1,5,False,1,1
27559,124,betCent,10,0.705812101910828,0,1,None,66,1,5,False,1,1
27560,120,betCent,10,0.6251990445859873,0,2,None,66,1,5,False,1,1
27561,121,betCent,10,0.6004179936305732,0,2,None,66,1,5,False,1,1
27562,122,betCent,10,0.5874800955414012,0,2,None,66,1,5,False,1,1
27563,123,betCent,10,0.5826035031847133,0,2,None,66,1,5,False,1,1
27564,124,betCent,10,0.5818073248407644,0,2,None,66,1,5,False,1,1
27565,120,betCent,10,0.6670979299363057,0,23,None,66,1,5,False,1,1
27566,121,betCent,10,0.6669984076433121,0,23,None,66,1,5,False,1,1
27567,122,betCent,10,0.6684912420382165,0,23,None,66,1,5,False,1,1
27568,123,betCent,10,0.669984076433121,0,23,None,66,1,5,False,1,1
27569,124,betCent,10,0.6705812101910829,0,23,None,66,1,5,False,1,1
27570,120,betCent,10,0.6839171974522293,0,28,None,66,1,5,False,1,1
27571,121,betCent,10,0.6738654458598726,0,28,None,66,1,5,False,1,1
27572,122,betCent,10,0.671875,0,28,None,66,1,5,False,1,1
27573,123,betCent,10,0.6722730891719745,0,28,None,66,1,5,False,1,1
27574,124,betCent,10,0.6739649681528662,0,28,None,66,1,5,False,1,1
27575,120,betCent,10,0.6711783439490446,0,29,None,66,1,5,False,1,1
27576,121,betCent,10,0.6651074840764332,0,29,None,66,1,5,False,1,1
27577,122,betCent,10,0.6612261146496815,0,29,None,66,1,5,False,1,1
27578,123,betCent,10,0.6603304140127388,0,29,None,66,1,5,False,1,1
27579,124,betCent,10,0.6594347133757962,0,29,None,66,1,5,False,1,1
27580,120,betCent,10,0.7194466560509554,0,13,None,66,1,5,False,1,1
27581,121,betCent,10,0.7209394904458599,0,13,None,66,1,5,False,1,1
27582,122,betCent,10,0.7204418789808917,0,13,None,66,1,5,False,1,1
27583,123,betCent,10,0.7204418789808917,0,13,None,66,1,5,False,1,1
27584,124,betCent,10,0.7196457006369427,0,13,None,66,1,5,False,1,1
27585,120,betCent,10,0.6840167197452229,0,25,None,66,1,5,False,1,1
27586,121,betCent,10,0.6719745222929936,0,25,None,66,1,5,False,1,1
27587,122,betCent,10,0.6675955414012739,0,25,None,66,1,5,False,1,1
27588,123,betCent,10,0.6653065286624203,0,25,None,66,1,5,False,1,1
27589,124,betCent,10,0.6648089171974523,0,25,None,66,1,5,False,1,1
27590,120,betCent,10,0.720640923566879,0,20,None,66,1,5,False,1,1
27591,121,betCent,10,0.7193471337579618,0,20,None,66,1,5,False,1,1
27592,122,betCent,10,0.7205414012738853,0,20,None,66,1,5,False,1,1
27593,123,betCent,10,0.721437101910828,0,20,None,66,1,5,False,1,1
27594,124,betCent,10,0.7212380573248408,0,20,None,66,1,5,False,1,1
27595,120,betCent,10,0.7423367834394905,0,31,None,66,1,5,False,1,1
27596,121,betCent,10,0.742734872611465,0,31,None,66,1,5,False,1,1
27597,122,betCent,10,0.7420382165605095,0,31,None,66,1,5,False,1,1
27598,123,betCent,10,0.742734872611465,0,31,None,66,1,5,False,1,1
27599,124,betCent,10,0.7414410828025477,0,31,None,66,1,5,False,1,1
27600,120,betCent,10,0.7034235668789809,0,9,None,66,1,5,False,1,1
27601,121,betCent,10,0.7034235668789809,0,9,None,66,1,5,False,1,1
27602,122,betCent,10,0.7048168789808917,0,9,None,66,1,5,False,1,1
27603,123,betCent,10,0.7061106687898089,0,9,None,66,1,5,False,1,1
27604,124,betCent,10,0.7063097133757962,0,9,None,66,1,5,False,1,1
27605,120,betCent,10,0.6450039808917197,0,26,None,66,1,5,False,1,1
27606,121,betCent,10,0.6383359872611465,0,26,None,66,1,5,False,1,1
27607,122,betCent,10,0.6358479299363057,0,26,None,66,1,5,False,1,1
27608,123,betCent,10,0.6348527070063694,0,26,None,66,1,5,False,1,1
27609,124,betCent,10,0.6344546178343949,0,26,None,66,1,5,False,1,1
27610,120,betCent,10,0.7027269108280255,0,12,None,66,1,5,False,1,1
27611,121,betCent,10,0.7048168789808917,0,12,None,66,1,5,False,1,1
27612,122,betCent,10,0.7066082802547771,0,12,None,66,1,5,False,1,1
27613,123,betCent,10,0.7083996815286624,0,12,None,66,1,5,False,1,1
27614,124,betCent,10,0.7096934713375797,0,12,None,66,1,5,False,1,1
27615,120,betCent,10,0.6948646496815286,0,30,None,66,1,5,False,1,1
27616,121,betCent,10,0.7098925159235668,0,30,None,66,1,5,False,1,1
27617,122,betCent,10,0.7191480891719745,0,30,None,66,1,5,False,1,1
27618,123,betCent,10,0.724422770700637,0,30,None,66,1,5,False,1,1
27619,124,betCent,10,0.7282046178343949,0,30,None,66,1,5,False,1,1
27620,120,betCent,10,0.6971536624203821,0,27,None,66,1,5,False,1,1
27621,121,betCent,10,0.6978503184713376,0,27,None,66,1,5,False,1,1
27622,122,betCent,10,0.6977507961783439,0,27,None,66,1,5,False,1,1
27623,123,betCent,10,0.6976512738853503,0,27,None,66,1,5,False,1,1
27624,124,betCent,10,0.6983479299363057,0,27,None,66,1,5,False,1,1
27625,120,betCent,10,0.5437898089171974,0,14,None,66,1,5,False,1,1
27626,121,betCent,10,0.5455812101910829,0,14,None,66,1,5,False,1,1
27627,122,betCent,10,0.549562101910828,0,14,None,66,1,5,False,1,1
27628,123,betCent,10,0.5527468152866242,0,14,None,66,1,5,False,1,1
27629,124,betCent,10,0.5556329617834395,0,14,None,66,1,5,False,1,1
27630,120,betCent,10,0.7115843949044586,0,22,None,66,1,5,False,1,1
27631,121,betCent,10,0.7060111464968153,0,22,None,66,1,5,False,1,1
27632,122,betCent,10,0.7021297770700637,0,22,None,66,1,5,False,1,1
27633,123,betCent,10,0.7001393312101911,0,22,None,66,1,5,False,1,1
27634,124,betCent,10,0.6996417197452229,0,22,None,66,1,5,False,1,1
27635,120,betCent,10,0.6407245222929936,0,32,None,66,1,5,False,1,1
27636,121,betCent,10,0.6262937898089171,0,32,None,66,1,5,False,1,1
27637,122,betCent,10,0.6240047770700637,0,32,None,66,1,5,False,1,1
27638,123,betCent,10,0.6235071656050956,0,32,None,66,1,5,False,1,1
27639,124,betCent,10,0.6232085987261147,0,32,None,66,1,5,False,1,1
27640,120,betCent,10,0.729796974522293,0,7,None,66,1,5,False,1,1
27641,121,betCent,10,0.7341759554140127,0,7,None,66,1,5,False,1,1
27642,122,betCent,10,0.73546974522293,0,7,None,66,1,5,False,1,1
27643,123,betCent,10,0.7380573248407644,0,7,None,66,1,5,False,1,1
27644,124,betCent,10,0.7393511146496815,0,7,None,66,1,5,False,1,1
27645,120,betCent,10,0.7258160828025477,0,21,None,66,1,5,False,1,1
27646,121,betCent,10,0.7243232484076433,0,21,None,66,1,5,False,1,1
27647,122,betCent,10,0.7249203821656051,0,21,None,66,1,5,False,1,1
27648,123,betCent,10,0.7256170382165605,0,21,None,66,1,5,False,1,1
27649,124,betCent,10,0.726015127388535,0,21,None,66,1,5,False,1,1
27650,120,betCent,10,0.7202428343949044,0,5,None,66,1,5,False,1,1
27651,121,betCent,10,0.7169585987261147,0,5,None,66,1,5,False,1,1
27652,122,betCent,10,0.7155652866242038,0,5,None,66,1,5,False,1,1
27653,123,betCent,10,0.7159633757961783,0,5,None,66,1,5,False,1,1
27654,124,betCent,10,0.7165605095541401,0,5,None,66,1,5,False,1,1
27655,120,betCent,10,0.6744625796178344,0,6,None,66,1,5,False,1,1
27656,121,betCent,10,0.6779458598726115,0,6,None,66,1,5,False,1,1
27657,122,betCent,10,0.6806329617834395,0,6,None,66,1,5,False,1,1
27658,123,betCent,10,0.681031050955414,0,6,None,66,1,5,False,1,1
27659,124,betCent,10,0.6822253184713376,0,6,None,66,1,5,False,1,1
27660,120,betCent,10,0.6205214968152867,0,4,None,66,1,5,False,1,1
27661,121,betCent,10,0.6281847133757962,0,4,None,66,1,5,False,1,1
27662,122,betCent,10,0.619327229299363,0,4,None,66,1,5,False,1,1
27663,123,betCent,10,0.6176353503184714,0,4,None,66,1,5,False,1,1
27664,124,betCent,10,0.6137539808917197,0,4,None,66,1,5,False,1,1
27665,120,betCent,10,0.683718152866242,0,0,None,66,1,5,False,1,1
27666,121,betCent,10,0.6863057324840764,0,0,None,66,1,5,False,1,1
27667,122,betCent,10,0.6874004777070064,0,0,None,66,1,5,False,1,1
27668,123,betCent,10,0.6883957006369427,0,0,None,66,1,5,False,1,1
27669,124,betCent,10,0.6875995222929936,0,0,None,66,1,5,False,1,1
27670,120,betCent,10,0.7166600318471338,0,16,None,66,1,5,False,1,1
27671,121,betCent,10,0.7210390127388535,0,16,None,66,1,5,False,1,1
27672,122,betCent,10,0.7237261146496815,0,16,None,66,1,5,False,1,1
27673,123,betCent,10,0.7269108280254777,0,16,None,66,1,5,False,1,1
27674,124,betCent,10,0.7302945859872612,0,16,None,66,1,5,False,1,1
27675,120,betCent,10,0.6490843949044586,0,8,None,66,1,5,False,1,1
27676,121,betCent,10,0.6499800955414012,0,8,None,66,1,5,False,1,1
27677,122,betCent,10,0.6514729299363057,0,8,None,66,1,5,False,1,1
27678,123,betCent,10,0.6522691082802548,0,8,None,66,1,5,False,1,1
27679,124,betCent,10,0.653562898089172,0,8,None,66,1,5,False,1,1
27680,120,betCent,10,0.7236265923566879,0,18,None,66,1,5,False,1,1
27681,121,betCent,10,0.7251194267515924,0,18,None,66,1,5,False,1,1
27682,122,betCent,10,0.7284036624203821,0,18,None,66,1,5,False,1,1
27683,123,betCent,10,0.728702229299363,0,18,None,66,1,5,False,1,1
27684,124,betCent,10,0.7304936305732485,0,18,None,66,1,5,False,1,1
27685,120,betCent,10,0.6144506369426752,0,19,None,66,1,5,False,1,1
27686,121,betCent,10,0.6041998407643312,0,19,None,66,1,5,False,1,1
27687,122,betCent,10,0.6015127388535032,0,19,None,66,1,5,False,1,1
27688,123,betCent,10,0.6001194267515924,0,19,None,66,1,5,False,1,1
27689,124,betCent,10,0.6006170382165605,0,19,None,66,1,5,False,1,1
27690,120,betCent,10,0.725218949044586,0,10,None,66,1,5,False,1,1
27691,121,betCent,10,0.727109872611465,0,10,None,66,1,5,False,1,1
27692,122,betCent,10,0.7284036624203821,0,10,None,66,1,5,False,1,1
27693,123,betCent,10,0.7301950636942676,0,10,None,66,1,5,False,1,1
27694,124,betCent,10,0.7311902866242038,0,10,None,66,1,5,False,1,1
27695,120,betCent,10,0.6721735668789809,0,15,None,66,1,5,False,1,1
27696,121,betCent,10,0.6722730891719745,0,15,None,66,1,5,False,1,1
27697,122,betCent,10,0.6739649681528662,0,15,None,66,1,5,False,1,1
27698,123,betCent,10,0.6734673566878981,0,15,None,66,1,5,False,1,1
27699,124,betCent,10,0.6734673566878981,0,15,None,66,1,5,False,1,1
27700,120,betCent,10,0.7226313694267515,0,11,None,66,1,5,False,1,1
27701,121,betCent,10,0.7224323248407644,0,11,None,66,1,5,False,1,1
27702,122,betCent,10,0.7240246815286624,0,11,None,66,1,5,False,1,1
27703,123,betCent,10,0.7243232484076433,0,11,None,66,1,5,False,1,1
27704,124,betCent,10,0.7248208598726115,0,11,None,66,1,5,False,1,1
27705,120,betCent,10,0.6890923566878981,0,17,None,66,1,5,False,1,1
27706,121,betCent,10,0.6916799363057324,0,17,None,66,1,5,False,1,1
27707,122,betCent,10,0.6942675159235668,0,17,None,66,1,5,False,1,1
27708,123,betCent,10,0.6972531847133758,0,17,None,66,1,5,False,1,1
27709,124,betCent,10,0.6991441082802548,0,17,None,66,1,5,False,1,1
27710,120,betCent,10,0.6822253184713376,0,3,None,66,1,5,False,1,1
27711,121,betCent,10,0.6808320063694268,0,3,None,66,1,5,False,1,1
27712,122,betCent,10,0.6815286624203821,0,3,None,66,1,5,False,1,1
27713,123,betCent,10,0.6821257961783439,0,3,None,66,1,5,False,1,1
27714,124,betCent,10,0.6830214968152867,0,3,None,66,1,5,False,1,1
27715,120,betCent,10,0.6762539808917197,0,24,None,66,1,5,False,1,1
27716,121,betCent,10,0.6824243630573248,0,24,None,66,1,5,False,1,1
27717,122,betCent,10,0.6859076433121019,0,24,None,66,1,5,False,1,1
27718,123,betCent,10,0.6871019108280255,0,24,None,66,1,5,False,1,1
27719,124,betCent,10,0.6888933121019108,0,24,None,66,1,5,False,1,1
31845,125,betCent,10,0.6266918789808917,0,2,None,66,1,5,False,1,1
31846,126,betCent,10,0.603702229299363,0,2,None,66,1,5,False,1,1
31847,127,betCent,10,0.589968152866242,0,2,None,66,1,5,False,1,1
31848,128,betCent,10,0.5850915605095541,0,2,None,66,1,5,False,1,1
31849,129,betCent,10,0.5841958598726115,0,2,None,66,1,5,False,1,1
31850,125,betCent,10,0.724422770700637,0,5,None,66,1,5,False,1,1
31851,126,betCent,10,0.7203423566878981,0,5,None,66,1,5,False,1,1
31852,127,betCent,10,0.7189490445859873,0,5,None,66,1,5,False,1,1
31853,128,betCent,10,0.7201433121019108,0,5,None,66,1,5,False,1,1
31854,129,betCent,10,0.7190485668789809,0,5,None,66,1,5,False,1,1
31855,125,betCent,10,0.7235270700636943,0,13,None,66,1,5,False,1,1
31856,126,betCent,10,0.724422770700637,0,13,None,66,1,5,False,1,1
31857,127,betCent,10,0.7231289808917197,0,13,None,66,1,5,False,1,1
31858,128,betCent,10,0.7228304140127388,0,13,None,66,1,5,False,1,1
31859,129,betCent,10,0.7232285031847133,0,13,None,66,1,5,False,1,1
31860,125,betCent,10,0.6773487261146497,0,15,None,66,1,5,False,1,1
31861,126,betCent,10,0.6779458598726115,0,15,None,66,1,5,False,1,1
31862,127,betCent,10,0.6781449044585988,0,15,None,66,1,5,False,1,1
31863,128,betCent,10,0.6778463375796179,0,15,None,66,1,5,False,1,1
31864,129,betCent,10,0.6780453821656051,0,15,None,66,1,5,False,1,1
31865,125,betCent,10,0.7255175159235668,0,10,None,66,1,5,False,1,1
31866,126,betCent,10,0.7273089171974523,0,10,None,66,1,5,False,1,1
31867,127,betCent,10,0.7290007961783439,0,10,None,66,1,5,False,1,1
31868,128,betCent,10,0.7307921974522293,0,10,None,66,1,5,False,1,1
31869,129,betCent,10,0.7325835987261147,0,10,None,66,1,5,False,1,1
31870,125,betCent,10,0.7268113057324841,0,11,None,66,1,5,False,1,1
31871,126,betCent,10,0.7269108280254777,0,11,None,66,1,5,False,1,1
31872,127,betCent,10,0.7270103503184714,0,11,None,66,1,5,False,1,1
31873,128,betCent,10,0.7291003184713376,0,11,None,66,1,5,False,1,1
31874,129,betCent,10,0.7296974522292994,0,11,None,66,1,5,False,1,1
31875,125,betCent,10,0.7270103503184714,0,20,None,66,1,5,False,1,1
31876,126,betCent,10,0.7268113057324841,0,20,None,66,1,5,False,1,1
31877,127,betCent,10,0.7272093949044586,0,20,None,66,1,5,False,1,1
31878,128,betCent,10,0.7275079617834395,0,20,None,66,1,5,False,1,1
31879,129,betCent,10,0.7280055732484076,0,20,None,66,1,5,False,1,1
31880,125,betCent,10,0.5572253184713376,0,14,None,66,1,5,False,1,1
31881,126,betCent,10,0.5578224522292994,0,14,None,66,1,5,False,1,1
31882,127,betCent,10,0.5618033439490446,0,14,None,66,1,5,False,1,1
31883,128,betCent,10,0.5645899681528662,0,14,None,66,1,5,False,1,1
31884,129,betCent,10,0.5677746815286624,0,14,None,66,1,5,False,1,1
31885,125,betCent,10,0.7070063694267515,0,22,None,66,1,5,False,1,1
31886,126,betCent,10,0.7035230891719745,0,22,None,66,1,5,False,1,1
31887,127,betCent,10,0.7017316878980892,0,22,None,66,1,5,False,1,1
31888,128,betCent,10,0.7018312101910829,0,22,None,66,1,5,False,1,1
31889,129,betCent,10,0.7013335987261147,0,22,None,66,1,5,False,1,1
31890,125,betCent,10,0.6724721337579618,0,23,None,66,1,5,False,1,1
31891,126,betCent,10,0.6723726114649682,0,23,None,66,1,5,False,1,1
31892,127,betCent,10,0.6748606687898089,0,23,None,66,1,5,False,1,1
31893,128,betCent,10,0.6760549363057324,0,23,None,66,1,5,False,1,1
31894,129,betCent,10,0.6766520700636943,0,23,None,66,1,5,False,1,1
31895,125,betCent,10,0.693968949044586,0,17,None,66,1,5,False,1,1
31896,126,betCent,10,0.695859872611465,0,17,None,66,1,5,False,1,1
31897,127,betCent,10,0.6984474522292994,0,17,None,66,1,5,False,1,1
31898,128,betCent,10,0.701234076433121,0,17,None,66,1,5,False,1,1
31899,129,betCent,10,0.7038216560509554,0,17,None,66,1,5,False,1,1
31900,125,betCent,10,0.729796974522293,0,21,None,66,1,5,False,1,1
31901,126,betCent,10,0.7291003184713376,0,21,None,66,1,5,False,1,1
31902,127,betCent,10,0.728702229299363,0,21,None,66,1,5,False,1,1
31903,128,betCent,10,0.7290007961783439,0,21,None,66,1,5,False,1,1
31904,129,betCent,10,0.7293988853503185,0,21,None,66,1,5,False,1,1
31905,125,betCent,10,0.685609076433121,0,25,None,66,1,5,False,1,1
31906,126,betCent,10,0.6746616242038217,0,25,None,66,1,5,False,1,1
31907,127,betCent,10,0.6696855095541401,0,25,None,66,1,5,False,1,1
31908,128,betCent,10,0.6676950636942676,0,25,None,66,1,5,False,1,1
31909,129,betCent,10,0.6675955414012739,0,25,None,66,1,5,False,1,1
31910,125,betCent,10,0.6479896496815286,0,26,None,66,1,5,False,1,1
31911,126,betCent,10,0.6419187898089171,0,26,None,66,1,5,False,1,1
31912,127,betCent,10,0.6394307324840764,0,26,None,66,1,5,False,1,1
31913,128,betCent,10,0.6392316878980892,0,26,None,66,1,5,False,1,1
31914,129,betCent,10,0.638734076433121,0,26,None,66,1,5,False,1,1
31915,125,betCent,10,0.7065087579617835,0,12,None,66,1,5,False,1,1
31916,126,betCent,10,0.7072054140127388,0,12,None,66,1,5,False,1,1
31917,127,betCent,10,0.7091958598726115,0,12,None,66,1,5,False,1,1
31918,128,betCent,10,0.7113853503184714,0,12,None,66,1,5,False,1,1
31919,129,betCent,10,0.7127786624203821,0,12,None,66,1,5,False,1,1
31920,125,betCent,10,0.6858081210191083,0,24,None,66,1,5,False,1,1
31921,126,betCent,10,0.6908837579617835,0,24,None,66,1,5,False,1,1
31922,127,betCent,10,0.6934713375796179,0,24,None,66,1,5,False,1,1
31923,128,betCent,10,0.6940684713375797,0,24,None,66,1,5,False,1,1
31924,129,betCent,10,0.6948646496815286,0,24,None,66,1,5,False,1,1
31925,125,betCent,10,0.6868033439490446,0,28,None,66,1,5,False,1,1
31926,126,betCent,10,0.6773487261146497,0,28,None,66,1,5,False,1,1
31927,127,betCent,10,0.6748606687898089,0,28,None,66,1,5,False,1,1
31928,128,betCent,10,0.6746616242038217,0,28,None,66,1,5,False,1,1
31929,129,betCent,10,0.6754578025477707,0,28,None,66,1,5,False,1,1
31930,125,betCent,10,0.6769506369426752,0,29,None,66,1,5,False,1,1
31931,126,betCent,10,0.6708797770700637,0,29,None,66,1,5,False,1,1
31932,127,betCent,10,0.6675955414012739,0,29,None,66,1,5,False,1,1
31933,128,betCent,10,0.6652070063694268,0,29,None,66,1,5,False,1,1
31934,129,betCent,10,0.6638136942675159,0,29,None,66,1,5,False,1,1
31935,125,betCent,10,0.7054140127388535,0,9,None,66,1,5,False,1,1
31936,126,betCent,10,0.7063097133757962,0,9,None,66,1,5,False,1,1
31937,127,betCent,10,0.7072054140127388,0,9,None,66,1,5,False,1,1
31938,128,betCent,10,0.7085987261146497,0,9,None,66,1,5,False,1,1
31939,129,betCent,10,0.7090963375796179,0,9,None,66,1,5,False,1,1
31940,125,betCent,10,0.6932722929936306,0,30,None,66,1,5,False,1,1
31941,126,betCent,10,0.7104896496815286,0,30,None,66,1,5,False,1,1
31942,127,betCent,10,0.7228304140127388,0,30,None,66,1,5,False,1,1
31943,128,betCent,10,0.7280055732484076,0,30,None,66,1,5,False,1,1
31944,129,betCent,10,0.7312898089171974,0,30,None,66,1,5,False,1,1
31945,125,betCent,10,0.6375398089171974,0,1,None,66,1,5,False,1,1
31946,126,betCent,10,0.6825238853503185,0,1,None,66,1,5,False,1,1
31947,127,betCent,10,0.7000398089171974,0,1,None,66,1,5,False,1,1
31948,128,betCent,10,0.7063097133757962,0,1,None,66,1,5,False,1,1
31949,129,betCent,10,0.7083001592356688,0,1,None,66,1,5,False,1,1
31950,125,betCent,10,0.6788415605095541,0,6,None,66,1,5,False,1,1
31951,126,betCent,10,0.6822253184713376,0,6,None,66,1,5,False,1,1
31952,127,betCent,10,0.6840167197452229,0,6,None,66,1,5,False,1,1
31953,128,betCent,10,0.6854100318471338,0,6,None,66,1,5,False,1,1
31954,129,betCent,10,0.6871019108280255,0,6,None,66,1,5,False,1,1
31955,125,betCent,10,0.6853105095541401,0,3,None,66,1,5,False,1,1
31956,126,betCent,10,0.6846138535031847,0,3,None,66,1,5,False,1,1
31957,127,betCent,10,0.6862062101910829,0,3,None,66,1,5,False,1,1
31958,128,betCent,10,0.6870023885350318,0,3,None,66,1,5,False,1,1
31959,129,betCent,10,0.6875995222929936,0,3,None,66,1,5,False,1,1
31960,125,betCent,10,0.6525676751592356,0,8,None,66,1,5,False,1,1
31961,126,betCent,10,0.652468152866242,0,8,None,66,1,5,False,1,1
31962,127,betCent,10,0.6532643312101911,0,8,None,66,1,5,False,1,1
31963,128,betCent,10,0.6561504777070064,0,8,None,66,1,5,False,1,1
31964,129,betCent,10,0.6572452229299363,0,8,None,66,1,5,False,1,1
31965,125,betCent,10,0.7110867834394905,0,16,None,66,1,5,False,1,1
31966,126,betCent,10,0.7188495222929936,0,16,None,66,1,5,False,1,1
31967,127,betCent,10,0.7228304140127388,0,16,None,66,1,5,False,1,1
31968,128,betCent,10,0.7262141719745223,0,16,None,66,1,5,False,1,1
31969,129,betCent,10,0.7299960191082803,0,16,None,66,1,5,False,1,1
31970,125,betCent,10,0.6876990445859873,0,0,None,66,1,5,False,1,1
31971,126,betCent,10,0.6891918789808917,0,0,None,66,1,5,False,1,1
31972,127,betCent,10,0.6911823248407644,0,0,None,66,1,5,False,1,1
31973,128,betCent,10,0.6911823248407644,0,0,None,66,1,5,False,1,1
31974,129,betCent,10,0.691281847133758,0,0,None,66,1,5,False,1,1
31975,125,betCent,10,0.6070859872611465,0,19,None,66,1,5,False,1,1
31976,126,betCent,10,0.6032046178343949,0,19,None,66,1,5,False,1,1
31977,127,betCent,10,0.6019108280254777,0,19,None,66,1,5,False,1,1
31978,128,betCent,10,0.6013136942675159,0,19,None,66,1,5,False,1,1
31979,129,betCent,10,0.602109872611465,0,19,None,66,1,5,False,1,1
31980,125,betCent,10,0.7262141719745223,0,18,None,66,1,5,False,1,1
31981,126,betCent,10,0.7267117834394905,0,18,None,66,1,5,False,1,1
31982,127,betCent,10,0.7290007961783439,0,18,None,66,1,5,False,1,1
31983,128,betCent,10,0.7308917197452229,0,18,None,66,1,5,False,1,1
31984,129,betCent,10,0.7319864649681529,0,18,None,66,1,5,False,1,1
31985,125,betCent,10,0.699343152866242,0,27,None,66,1,5,False,1,1
31986,126,betCent,10,0.6992436305732485,0,27,None,66,1,5,False,1,1
31987,127,betCent,10,0.6989450636942676,0,27,None,66,1,5,False,1,1
31988,128,betCent,10,0.6996417197452229,0,27,None,66,1,5,False,1,1
31989,129,betCent,10,0.6998407643312102,0,27,None,66,1,5,False,1,1
31990,125,betCent,10,0.7448248407643312,0,31,None,66,1,5,False,1,1
31991,126,betCent,10,0.7453224522292994,0,31,None,66,1,5,False,1,1
31992,127,betCent,10,0.7447253184713376,0,31,None,66,1,5,False,1,1
31993,128,betCent,10,0.744327229299363,0,31,None,66,1,5,False,1,1
31994,129,betCent,10,0.7444267515923567,0,31,None,66,1,5,False,1,1
31995,125,betCent,10,0.7335788216560509,0,7,None,66,1,5,False,1,1
31996,126,betCent,10,0.7373606687898089,0,7,None,66,1,5,False,1,1
31997,127,betCent,10,0.7393511146496815,0,7,None,66,1,5,False,1,1
31998,128,betCent,10,0.7406449044585988,0,7,None,66,1,5,False,1,1
31999,129,betCent,10,0.7421377388535032,0,7,None,66,1,5,False,1,1
32000,125,betCent,10,0.6272890127388535,0,32,None,66,1,5,False,1,1
32001,126,betCent,10,0.6224124203821656,0,32,None,66,1,5,False,1,1
32002,127,betCent,10,0.6229100318471338,0,32,None,66,1,5,False,1,1
32003,128,betCent,10,0.6236066878980892,0,32,None,66,1,5,False,1,1
32004,129,betCent,10,0.6242038216560509,0,32,None,66,1,5,False,1,1
32005,125,betCent,10,0.6347531847133758,0,4,None,66,1,5,False,1,1
32006,126,betCent,10,0.6327627388535032,0,4,None,66,1,5,False,1,1
32007,127,betCent,10,0.6262937898089171,0,4,None,66,1,5,False,1,1
32008,128,betCent,10,0.620421974522293,0,4,None,66,1,5,False,1,1
32009,129,betCent,10,0.6175358280254777,0,4,None,66,1,5,False,1,1
32010,130,betCent,10,0.7438296178343949,0,31,None,66,1,5,False,1,1
32011,131,betCent,10,0.7472133757961783,0,31,None,66,1,5,False,1,1
32012,132,betCent,10,0.748109076433121,0,31,None,66,1,5,False,1,1
32013,133,betCent,10,0.7479100318471338,0,31,None,66,1,5,False,1,1
32014,134,betCent,10,0.7476114649681529,0,31,None,66,1,5,False,1,1
32015,130,betCent,10,0.6889928343949044,0,24,None,66,1,5,False,1,1
32016,131,betCent,10,0.6935708598726115,0,24,None,66,1,5,False,1,1
32017,132,betCent,10,0.6960589171974523,0,24,None,66,1,5,False,1,1
32018,133,betCent,10,0.6979498407643312,0,24,None,66,1,5,False,1,1
32019,134,betCent,10,0.6987460191082803,0,24,None,66,1,5,False,1,1
32020,130,betCent,10,0.6434116242038217,0,1,None,66,1,5,False,1,1
32021,131,betCent,10,0.6882961783439491,0,1,None,66,1,5,False,1,1
32022,132,betCent,10,0.7043192675159236,0,1,None,66,1,5,False,1,1
32023,133,betCent,10,0.7092953821656051,0,1,None,66,1,5,False,1,1
32024,134,betCent,10,0.7112858280254777,0,1,None,66,1,5,False,1,1
32025,130,betCent,10,0.7337778662420382,0,21,None,66,1,5,False,1,1
32026,131,betCent,10,0.7315883757961783,0,21,None,66,1,5,False,1,1
32027,132,betCent,10,0.7319864649681529,0,21,None,66,1,5,False,1,1
32028,133,betCent,10,0.732484076433121,0,21,None,66,1,5,False,1,1
32029,134,betCent,10,0.7330812101910829,0,21,None,66,1,5,False,1,1
32030,130,betCent,10,0.7006369426751592,0,27,None,66,1,5,False,1,1
32031,131,betCent,10,0.6988455414012739,0,27,None,66,1,5,False,1,1
32032,132,betCent,10,0.6989450636942676,0,27,None,66,1,5,False,1,1
32033,133,betCent,10,0.6991441082802548,0,27,None,66,1,5,False,1,1
32034,134,betCent,10,0.6997412420382165,0,27,None,66,1,5,False,1,1
32035,130,betCent,10,0.629578025477707,0,2,None,66,1,5,False,1,1
32036,131,betCent,10,0.6054936305732485,0,2,None,66,1,5,False,1,1
32037,132,betCent,10,0.59265525477707,0,2,None,66,1,5,False,1,1
32038,133,betCent,10,0.586484872611465,0,2,None,66,1,5,False,1,1
32039,134,betCent,10,0.5858877388535032,0,2,None,66,1,5,False,1,1
32040,130,betCent,10,0.6962579617834395,0,17,None,66,1,5,False,1,1
32041,131,betCent,10,0.6977507961783439,0,17,None,66,1,5,False,1,1
32042,132,betCent,10,0.703125,0,17,None,66,1,5,False,1,1
32043,133,betCent,10,0.7056130573248408,0,17,None,66,1,5,False,1,1
32044,134,betCent,10,0.707703025477707,0,17,None,66,1,5,False,1,1
32045,130,betCent,10,0.6897890127388535,0,28,None,66,1,5,False,1,1
32046,131,betCent,10,0.6805334394904459,0,28,None,66,1,5,False,1,1
32047,132,betCent,10,0.6771496815286624,0,28,None,66,1,5,False,1,1
32048,133,betCent,10,0.6782444267515924,0,28,None,66,1,5,False,1,1
32049,134,betCent,10,0.6787420382165605,0,28,None,66,1,5,False,1,1
32050,130,betCent,10,0.7286027070063694,0,5,None,66,1,5,False,1,1
32051,131,betCent,10,0.7237261146496815,0,5,None,66,1,5,False,1,1
32052,132,betCent,10,0.7223328025477707,0,5,None,66,1,5,False,1,1
32053,133,betCent,10,0.722531847133758,0,5,None,66,1,5,False,1,1
32054,134,betCent,10,0.7226313694267515,0,5,None,66,1,5,False,1,1
32055,130,betCent,10,0.6528662420382165,0,26,None,66,1,5,False,1,1
32056,131,betCent,10,0.6454020700636943,0,26,None,66,1,5,False,1,1
32057,132,betCent,10,0.6434116242038217,0,26,None,66,1,5,False,1,1
32058,133,betCent,10,0.6434116242038217,0,26,None,66,1,5,False,1,1
32059,134,betCent,10,0.6427149681528662,0,26,None,66,1,5,False,1,1
32060,130,betCent,10,0.6852109872611465,0,6,None,66,1,5,False,1,1
32061,131,betCent,10,0.6873009554140127,0,6,None,66,1,5,False,1,1
32062,132,betCent,10,0.6890923566878981,0,6,None,66,1,5,False,1,1
32063,133,betCent,10,0.690187101910828,0,6,None,66,1,5,False,1,1
32064,134,betCent,10,0.6909832802547771,0,6,None,66,1,5,False,1,1
32065,130,betCent,10,0.694765127388535,0,30,None,66,1,5,False,1,1
32066,131,betCent,10,0.714171974522293,0,30,None,66,1,5,False,1,1
32067,132,betCent,10,0.725218949044586,0,30,None,66,1,5,False,1,1
32068,133,betCent,10,0.7317874203821656,0,30,None,66,1,5,False,1,1
32069,134,betCent,10,0.7358678343949044,0,30,None,66,1,5,False,1,1
32070,130,betCent,10,0.7136743630573248,0,16,None,66,1,5,False,1,1
32071,131,betCent,10,0.7201433121019108,0,16,None,66,1,5,False,1,1
32072,132,betCent,10,0.7257165605095541,0,16,None,66,1,5,False,1,1
32073,133,betCent,10,0.7282046178343949,0,16,None,66,1,5,False,1,1
32074,134,betCent,10,0.7312898089171974,0,16,None,66,1,5,False,1,1
32075,130,betCent,10,0.6550557324840764,0,8,None,66,1,5,False,1,1
32076,131,betCent,10,0.6555533439490446,0,8,None,66,1,5,False,1,1
32077,132,betCent,10,0.6566480891719745,0,8,None,66,1,5,False,1,1
32078,133,betCent,10,0.658140923566879,0,8,None,66,1,5,False,1,1
32079,134,betCent,10,0.6602308917197452,0,8,None,66,1,5,False,1,1
32080,130,betCent,10,0.6226114649681529,0,19,None,66,1,5,False,1,1
32081,131,betCent,10,0.6157444267515924,0,19,None,66,1,5,False,1,1
32082,132,betCent,10,0.6124601910828026,0,19,None,66,1,5,False,1,1
32083,133,betCent,10,0.6121616242038217,0,19,None,66,1,5,False,1,1
32084,134,betCent,10,0.6118630573248408,0,19,None,66,1,5,False,1,1
32085,130,betCent,10,0.7286027070063694,0,18,None,66,1,5,False,1,1
32086,131,betCent,10,0.7303941082802548,0,18,None,66,1,5,False,1,1
32087,132,betCent,10,0.7314888535031847,0,18,None,66,1,5,False,1,1
32088,133,betCent,10,0.7322850318471338,0,18,None,66,1,5,False,1,1
32089,134,betCent,10,0.7328821656050956,0,18,None,66,1,5,False,1,1
32090,130,betCent,10,0.7293988853503185,0,10,None,66,1,5,False,1,1
32091,131,betCent,10,0.7309912420382165,0,10,None,66,1,5,False,1,1
32092,132,betCent,10,0.7331807324840764,0,10,None,66,1,5,False,1,1
32093,133,betCent,10,0.7341759554140127,0,10,None,66,1,5,False,1,1
32094,134,betCent,10,0.7359673566878981,0,10,None,66,1,5,False,1,1
32095,130,betCent,10,0.7317874203821656,0,11,None,66,1,5,False,1,1
32096,131,betCent,10,0.729796974522293,0,11,None,66,1,5,False,1,1
32097,132,betCent,10,0.7306926751592356,0,11,None,66,1,5,False,1,1
32098,133,betCent,10,0.7314888535031847,0,11,None,66,1,5,False,1,1
32099,134,betCent,10,0.7331807324840764,0,11,None,66,1,5,False,1,1
32100,130,betCent,10,0.6815286624203821,0,15,None,66,1,5,False,1,1
32101,131,betCent,10,0.6820262738853503,0,15,None,66,1,5,False,1,1
32102,132,betCent,10,0.681827229299363,0,15,None,66,1,5,False,1,1
32103,133,betCent,10,0.6815286624203821,0,15,None,66,1,5,False,1,1
32104,134,betCent,10,0.681827229299363,0,15,None,66,1,5,False,1,1
32105,130,betCent,10,0.7109872611464968,0,22,None,66,1,5,False,1,1
32106,131,betCent,10,0.7061106687898089,0,22,None,66,1,5,False,1,1
32107,132,betCent,10,0.7062101910828026,0,22,None,66,1,5,False,1,1
32108,133,betCent,10,0.7059116242038217,0,22,None,66,1,5,False,1,1
32109,134,betCent,10,0.7054140127388535,0,22,None,66,1,5,False,1,1
32110,130,betCent,10,0.6752587579617835,0,23,None,66,1,5,False,1,1
32111,131,betCent,10,0.6759554140127388,0,23,None,66,1,5,False,1,1
32112,132,betCent,10,0.677547770700637,0,23,None,66,1,5,False,1,1
32113,133,betCent,10,0.6785429936305732,0,23,None,66,1,5,False,1,1
32114,134,betCent,10,0.6787420382165605,0,23,None,66,1,5,False,1,1
32115,130,betCent,10,0.7257165605095541,0,13,None,66,1,5,False,1,1
32116,131,betCent,10,0.7269108280254777,0,13,None,66,1,5,False,1,1
32117,132,betCent,10,0.727109872611465,0,13,None,66,1,5,False,1,1
32118,133,betCent,10,0.7259156050955414,0,13,None,66,1,5,False,1,1
32119,134,betCent,10,0.7258160828025477,0,13,None,66,1,5,False,1,1
32120,130,betCent,10,0.7081011146496815,0,12,None,66,1,5,False,1,1
32121,131,betCent,10,0.7083996815286624,0,12,None,66,1,5,False,1,1
32122,132,betCent,10,0.7111863057324841,0,12,None,66,1,5,False,1,1
32123,133,betCent,10,0.7136743630573248,0,12,None,66,1,5,False,1,1
32124,134,betCent,10,0.7147691082802548,0,12,None,66,1,5,False,1,1
32125,130,betCent,10,0.7396496815286624,0,7,None,66,1,5,False,1,1
32126,131,betCent,10,0.7420382165605095,0,7,None,66,1,5,False,1,1
32127,132,betCent,10,0.7430334394904459,0,7,None,66,1,5,False,1,1
32128,133,betCent,10,0.7436305732484076,0,7,None,66,1,5,False,1,1
32129,134,betCent,10,0.7447253184713376,0,7,None,66,1,5,False,1,1
32130,130,betCent,10,0.6296775477707006,0,32,None,66,1,5,False,1,1
32131,131,betCent,10,0.6261942675159236,0,32,None,66,1,5,False,1,1
32132,132,betCent,10,0.6256966560509554,0,32,None,66,1,5,False,1,1
32133,133,betCent,10,0.6269904458598726,0,32,None,66,1,5,False,1,1
32134,134,betCent,10,0.6271894904458599,0,32,None,66,1,5,False,1,1
32135,130,betCent,10,0.7084992038216561,0,9,None,66,1,5,False,1,1
32136,131,betCent,10,0.7081011146496815,0,9,None,66,1,5,False,1,1
32137,132,betCent,10,0.7094944267515924,0,9,None,66,1,5,False,1,1
32138,133,betCent,10,0.7106886942675159,0,9,None,66,1,5,False,1,1
32139,134,betCent,10,0.7113853503184714,0,9,None,66,1,5,False,1,1
32140,130,betCent,10,0.6932722929936306,0,0,None,66,1,5,False,1,1
32141,131,betCent,10,0.6933718152866242,0,0,None,66,1,5,False,1,1
32142,132,betCent,10,0.6943670382165605,0,0,None,66,1,5,False,1,1
32143,133,betCent,10,0.6943670382165605,0,0,None,66,1,5,False,1,1
32144,134,betCent,10,0.694765127388535,0,0,None,66,1,5,False,1,1
32145,130,betCent,10,0.5626990445859873,0,14,None,66,1,5,False,1,1
32146,131,betCent,10,0.5644904458598726,0,14,None,66,1,5,False,1,1
32147,132,betCent,10,0.5696656050955414,0,14,None,66,1,5,False,1,1
32148,133,betCent,10,0.5728503184713376,0,14,None,66,1,5,False,1,1
32149,134,betCent,10,0.5746417197452229,0,14,None,66,1,5,False,1,1
32150,130,betCent,10,0.6867038216560509,0,25,None,66,1,5,False,1,1
32151,131,betCent,10,0.6763535031847133,0,25,None,66,1,5,False,1,1
32152,132,betCent,10,0.6723726114649682,0,25,None,66,1,5,False,1,1
32153,133,betCent,10,0.6705812101910829,0,25,None,66,1,5,False,1,1
32154,134,betCent,10,0.669984076433121,0,25,None,66,1,5,False,1,1
32155,130,betCent,10,0.6815286624203821,0,29,None,66,1,5,False,1,1
32156,131,betCent,10,0.6771496815286624,0,29,None,66,1,5,False,1,1
32157,132,betCent,10,0.6721735668789809,0,29,None,66,1,5,False,1,1
32158,133,betCent,10,0.6706807324840764,0,29,None,66,1,5,False,1,1
32159,134,betCent,10,0.6700835987261147,0,29,None,66,1,5,False,1,1
32160,130,betCent,10,0.6419187898089171,0,4,None,66,1,5,False,1,1
32161,131,betCent,10,0.6400278662420382,0,4,None,66,1,5,False,1,1
32162,132,betCent,10,0.6307722929936306,0,4,None,66,1,5,False,1,1
32163,133,betCent,10,0.6249004777070064,0,4,None,66,1,5,False,1,1
32164,134,betCent,10,0.6198248407643312,0,4,None,66,1,5,False,1,1
32165,130,betCent,10,0.6905851910828026,0,3,None,66,1,5,False,1,1
32166,131,betCent,10,0.6900875796178344,0,3,None,66,1,5,False,1,1
32167,132,betCent,10,0.6908837579617835,0,3,None,66,1,5,False,1,1
32168,133,betCent,10,0.6913813694267515,0,3,None,66,1,5,False,1,1
32169,134,betCent,10,0.6911823248407644,0,3,None,66,1,5,False,1,1
32170,130,betCent,10,0.7299960191082803,0,20,None,66,1,5,False,1,1
32171,131,betCent,10,0.7296974522292994,0,20,None,66,1,5,False,1,1
32172,132,betCent,10,0.7299960191082803,0,20,None,66,1,5,False,1,1
32173,133,betCent,10,0.7299960191082803,0,20,None,66,1,5,False,1,1
32174,134,betCent,10,0.7308917197452229,0,20,None,66,1,5,False,1,1
36630,135,betCent,10,0.6517714968152867,0,1,None,66,1,5,False,1,1
36631,136,betCent,10,0.6942675159235668,0,1,None,66,1,5,False,1,1
36632,137,betCent,10,0.7078025477707006,0,1,None,66,1,5,False,1,1
36633,138,betCent,10,0.712281050955414,0,1,None,66,1,5,False,1,1
36634,139,betCent,10,0.714968152866242,0,1,None,66,1,5,False,1,1
36635,135,betCent,10,0.7165605095541401,0,16,None,66,1,5,False,1,1
36636,136,betCent,10,0.7232285031847133,0,16,None,66,1,5,False,1,1
36637,137,betCent,10,0.7281050955414012,0,16,None,66,1,5,False,1,1
36638,138,betCent,10,0.7314888535031847,0,16,None,66,1,5,False,1,1
36639,139,betCent,10,0.7344745222929936,0,16,None,66,1,5,False,1,1
36640,135,betCent,10,0.65734474522293,0,8,None,66,1,5,False,1,1
36641,136,betCent,10,0.6588375796178344,0,8,None,66,1,5,False,1,1
36642,137,betCent,10,0.6597332802547771,0,8,None,66,1,5,False,1,1
36643,138,betCent,10,0.6607285031847133,0,8,None,66,1,5,False,1,1
36644,139,betCent,10,0.6629179936305732,0,8,None,66,1,5,False,1,1
36645,135,betCent,10,0.6286823248407644,0,19,None,66,1,5,False,1,1
36646,136,betCent,10,0.6209195859872612,0,19,None,66,1,5,False,1,1
36647,137,betCent,10,0.6191281847133758,0,19,None,66,1,5,False,1,1
36648,138,betCent,10,0.6182324840764332,0,19,None,66,1,5,False,1,1
36649,139,betCent,10,0.617734872611465,0,19,None,66,1,5,False,1,1
36650,135,betCent,10,0.6800358280254777,0,23,None,66,1,5,False,1,1
36651,136,betCent,10,0.6786425159235668,0,23,None,66,1,5,False,1,1
36652,137,betCent,10,0.6801353503184714,0,23,None,66,1,5,False,1,1
36653,138,betCent,10,0.6822253184713376,0,23,None,66,1,5,False,1,1
36654,139,betCent,10,0.6828224522292994,0,23,None,66,1,5,False,1,1
36655,135,betCent,10,0.7363654458598726,0,21,None,66,1,5,False,1,1
36656,136,betCent,10,0.7356687898089171,0,21,None,66,1,5,False,1,1
36657,137,betCent,10,0.7357683121019108,0,21,None,66,1,5,False,1,1
36658,138,betCent,10,0.7361664012738853,0,21,None,66,1,5,False,1,1
36659,139,betCent,10,0.7369625796178344,0,21,None,66,1,5,False,1,1
36660,135,betCent,10,0.6571457006369427,0,26,None,66,1,5,False,1,1
36661,136,betCent,10,0.6498805732484076,0,26,None,66,1,5,False,1,1
36662,137,betCent,10,0.6472929936305732,0,26,None,66,1,5,False,1,1
36663,138,betCent,10,0.646297770700637,0,26,None,66,1,5,False,1,1
36664,139,betCent,10,0.6447054140127388,0,26,None,66,1,5,False,1,1
36665,135,betCent,10,0.6889928343949044,0,24,None,66,1,5,False,1,1
36666,136,betCent,10,0.6953622611464968,0,24,None,66,1,5,False,1,1
36667,137,betCent,10,0.6981488853503185,0,24,None,66,1,5,False,1,1
36668,138,betCent,10,0.6994426751592356,0,24,None,66,1,5,False,1,1
36669,139,betCent,10,0.7017316878980892,0,24,None,66,1,5,False,1,1
36670,135,betCent,10,0.6917794585987261,0,30,None,66,1,5,False,1,1
36671,136,betCent,10,0.7163614649681529,0,30,None,66,1,5,False,1,1
36672,137,betCent,10,0.7277070063694268,0,30,None,66,1,5,False,1,1
36673,138,betCent,10,0.7345740445859873,0,30,None,66,1,5,False,1,1
36674,139,betCent,10,0.7387539808917197,0,30,None,66,1,5,False,1,1
36675,135,betCent,10,0.692078025477707,0,6,None,66,1,5,False,1,1
36676,136,betCent,10,0.6936703821656051,0,6,None,66,1,5,False,1,1
36677,137,betCent,10,0.6945660828025477,0,6,None,66,1,5,False,1,1
36678,138,betCent,10,0.6952627388535032,0,6,None,66,1,5,False,1,1
36679,139,betCent,10,0.6963574840764332,0,6,None,66,1,5,False,1,1
36680,135,betCent,10,0.751890923566879,0,31,None,66,1,5,False,1,1
36681,136,betCent,10,0.7520899681528662,0,31,None,66,1,5,False,1,1
36682,137,betCent,10,0.7504976114649682,0,31,None,66,1,5,False,1,1
36683,138,betCent,10,0.7512937898089171,0,31,None,66,1,5,False,1,1
36684,139,betCent,10,0.7502985668789809,0,31,None,66,1,5,False,1,1
36685,135,betCent,10,0.7035230891719745,0,27,None,66,1,5,False,1,1
36686,136,betCent,10,0.701234076433121,0,27,None,66,1,5,False,1,1
36687,137,betCent,10,0.7008359872611465,0,27,None,66,1,5,False,1,1
36688,138,betCent,10,0.7011345541401274,0,27,None,66,1,5,False,1,1
36689,139,betCent,10,0.7011345541401274,0,27,None,66,1,5,False,1,1
36690,135,betCent,10,0.6335589171974523,0,2,None,66,1,5,False,1,1
36691,136,betCent,10,0.6098726114649682,0,2,None,66,1,5,False,1,1
36692,137,betCent,10,0.5958399681528662,0,2,None,66,1,5,False,1,1
36693,138,betCent,10,0.5887738853503185,0,2,None,66,1,5,False,1,1
36694,139,betCent,10,0.5875796178343949,0,2,None,66,1,5,False,1,1
36695,135,betCent,10,0.7346735668789809,0,5,None,66,1,5,False,1,1
36696,136,betCent,10,0.7298964968152867,0,5,None,66,1,5,False,1,1
36697,137,betCent,10,0.7292993630573248,0,5,None,66,1,5,False,1,1
36698,138,betCent,10,0.7289012738853503,0,5,None,66,1,5,False,1,1
36699,139,betCent,10,0.7284036624203821,0,5,None,66,1,5,False,1,1
36700,135,betCent,10,0.7313893312101911,0,10,None,66,1,5,False,1,1
36701,136,betCent,10,0.7321855095541401,0,10,None,66,1,5,False,1,1
36702,137,betCent,10,0.7351711783439491,0,10,None,66,1,5,False,1,1
36703,138,betCent,10,0.7367635350318471,0,10,None,66,1,5,False,1,1
36704,139,betCent,10,0.738953025477707,0,10,None,66,1,5,False,1,1
36705,135,betCent,10,0.6862062101910829,0,15,None,66,1,5,False,1,1
36706,136,betCent,10,0.6871019108280255,0,15,None,66,1,5,False,1,1
36707,137,betCent,10,0.6871019108280255,0,15,None,66,1,5,False,1,1
36708,138,betCent,10,0.6875,0,15,None,66,1,5,False,1,1
36709,139,betCent,10,0.68640525477707,0,15,None,66,1,5,False,1,1
36710,135,betCent,10,0.7356687898089171,0,11,None,66,1,5,False,1,1
36711,136,betCent,10,0.7342754777070064,0,11,None,66,1,5,False,1,1
36712,137,betCent,10,0.7342754777070064,0,11,None,66,1,5,False,1,1
36713,138,betCent,10,0.7366640127388535,0,11,None,66,1,5,False,1,1
36714,139,betCent,10,0.7374601910828026,0,11,None,66,1,5,False,1,1
36715,135,betCent,10,0.7022292993630573,0,17,None,66,1,5,False,1,1
36716,136,betCent,10,0.7040207006369427,0,17,None,66,1,5,False,1,1
36717,137,betCent,10,0.7065087579617835,0,17,None,66,1,5,False,1,1
36718,138,betCent,10,0.7096934713375797,0,17,None,66,1,5,False,1,1
36719,139,betCent,10,0.7111863057324841,0,17,None,66,1,5,False,1,1
36720,135,betCent,10,0.7302945859872612,0,18,None,66,1,5,False,1,1
36721,136,betCent,10,0.7315883757961783,0,18,None,66,1,5,False,1,1
36722,137,betCent,10,0.732484076433121,0,18,None,66,1,5,False,1,1
36723,138,betCent,10,0.7335788216560509,0,18,None,66,1,5,False,1,1
36724,139,betCent,10,0.7331807324840764,0,18,None,66,1,5,False,1,1
36725,135,betCent,10,0.7320859872611465,0,20,None,66,1,5,False,1,1
36726,136,betCent,10,0.731687898089172,0,20,None,66,1,5,False,1,1
36727,137,betCent,10,0.7321855095541401,0,20,None,66,1,5,False,1,1
36728,138,betCent,10,0.7336783439490446,0,20,None,66,1,5,False,1,1
36729,139,betCent,10,0.7351711783439491,0,20,None,66,1,5,False,1,1
36730,135,betCent,10,0.6915804140127388,0,28,None,66,1,5,False,1,1
36731,136,betCent,10,0.6823248407643312,0,28,None,66,1,5,False,1,1
36732,137,betCent,10,0.6805334394904459,0,28,None,66,1,5,False,1,1
36733,138,betCent,10,0.6808320063694268,0,28,None,66,1,5,False,1,1
36734,139,betCent,10,0.6820262738853503,0,28,None,66,1,5,False,1,1
36735,135,betCent,10,0.7269108280254777,0,13,None,66,1,5,False,1,1
36736,136,betCent,10,0.7282046178343949,0,13,None,66,1,5,False,1,1
36737,137,betCent,10,0.7290007961783439,0,13,None,66,1,5,False,1,1
36738,138,betCent,10,0.7288017515923567,0,13,None,66,1,5,False,1,1
36739,139,betCent,10,0.7281050955414012,0,13,None,66,1,5,False,1,1
36740,135,betCent,10,0.7117834394904459,0,12,None,66,1,5,False,1,1
36741,136,betCent,10,0.7119824840764332,0,12,None,66,1,5,False,1,1
36742,137,betCent,10,0.7142714968152867,0,12,None,66,1,5,False,1,1
36743,138,betCent,10,0.7159633757961783,0,12,None,66,1,5,False,1,1
36744,139,betCent,10,0.7170581210191083,0,12,None,66,1,5,False,1,1
36745,135,betCent,10,0.6933718152866242,0,3,None,66,1,5,False,1,1
36746,136,betCent,10,0.6922770700636943,0,3,None,66,1,5,False,1,1
36747,137,betCent,10,0.6929737261146497,0,3,None,66,1,5,False,1,1
36748,138,betCent,10,0.693172770700637,0,3,None,66,1,5,False,1,1
36749,139,betCent,10,0.6940684713375797,0,3,None,66,1,5,False,1,1
36750,135,betCent,10,0.6924761146496815,0,0,None,66,1,5,False,1,1
36751,136,betCent,10,0.6948646496815286,0,0,None,66,1,5,False,1,1
36752,137,betCent,10,0.6959593949044586,0,0,None,66,1,5,False,1,1
36753,138,betCent,10,0.6979498407643312,0,0,None,66,1,5,False,1,1
36754,139,betCent,10,0.6982484076433121,0,0,None,66,1,5,False,1,1
36755,135,betCent,10,0.6861066878980892,0,25,None,66,1,5,False,1,1
36756,136,betCent,10,0.6752587579617835,0,25,None,66,1,5,False,1,1
36757,137,betCent,10,0.6714769108280255,0,25,None,66,1,5,False,1,1
36758,138,betCent,10,0.669984076433121,0,25,None,66,1,5,False,1,1
36759,139,betCent,10,0.6697850318471338,0,25,None,66,1,5,False,1,1
36760,135,betCent,10,0.7112858280254777,0,9,None,66,1,5,False,1,1
36761,136,betCent,10,0.7098925159235668,0,9,None,66,1,5,False,1,1
36762,137,betCent,10,0.711484872611465,0,9,None,66,1,5,False,1,1
36763,138,betCent,10,0.7126791401273885,0,9,None,66,1,5,False,1,1
36764,139,betCent,10,0.7148686305732485,0,9,None,66,1,5,False,1,1
36765,135,betCent,10,0.693172770700637,0,29,None,66,1,5,False,1,1
36766,136,betCent,10,0.6851114649681529,0,29,None,66,1,5,False,1,1
36767,137,betCent,10,0.6792396496815286,0,29,None,66,1,5,False,1,1
36768,138,betCent,10,0.6755573248407644,0,29,None,66,1,5,False,1,1
36769,139,betCent,10,0.6743630573248408,0,29,None,66,1,5,False,1,1
36770,135,betCent,10,0.7142714968152867,0,22,None,66,1,5,False,1,1
36771,136,betCent,10,0.7109872611464968,0,22,None,66,1,5,False,1,1
36772,137,betCent,10,0.7097929936305732,0,22,None,66,1,5,False,1,1
36773,138,betCent,10,0.7101910828025477,0,22,None,66,1,5,False,1,1
36774,139,betCent,10,0.7093949044585988,0,22,None,66,1,5,False,1,1
36775,135,betCent,10,0.5749402866242038,0,14,None,66,1,5,False,1,1
36776,136,betCent,10,0.5776273885350318,0,14,None,66,1,5,False,1,1
36777,137,betCent,10,0.5771297770700637,0,14,None,66,1,5,False,1,1
36778,138,betCent,10,0.5772292993630573,0,14,None,66,1,5,False,1,1
36779,139,betCent,10,0.5798168789808917,0,14,None,66,1,5,False,1,1
36780,140,betCent,10,0.7544785031847133,0,31,None,66,1,5,False,1,1
36781,141,betCent,10,0.7531847133757962,0,31,None,66,1,5,False,1,1
36782,142,betCent,10,0.7535828025477707,0,31,None,66,1,5,False,1,1
36783,143,betCent,10,0.7529856687898089,0,31,None,66,1,5,False,1,1
36784,144,betCent,10,0.7541799363057324,0,31,None,66,1,5,False,1,1
36785,135,betCent,10,0.7405453821656051,0,7,None,66,1,5,False,1,1
36786,136,betCent,10,0.7439291401273885,0,7,None,66,1,5,False,1,1
36787,137,betCent,10,0.7453224522292994,0,7,None,66,1,5,False,1,1
36788,138,betCent,10,0.7458200636942676,0,7,None,66,1,5,False,1,1
36789,139,betCent,10,0.7465167197452229,0,7,None,66,1,5,False,1,1
36790,135,betCent,10,0.6480891719745223,0,4,None,66,1,5,False,1,1
36791,136,betCent,10,0.6416202229299363,0,4,None,66,1,5,False,1,1
36792,137,betCent,10,0.6328622611464968,0,4,None,66,1,5,False,1,1
36793,138,betCent,10,0.6266918789808917,0,4,None,66,1,5,False,1,1
36794,139,betCent,10,0.6210191082802548,0,4,None,66,1,5,False,1,1
36795,135,betCent,10,0.6369426751592356,0,32,None,66,1,5,False,1,1
36796,136,betCent,10,0.6324641719745223,0,32,None,66,1,5,False,1,1
36797,137,betCent,10,0.6321656050955414,0,32,None,66,1,5,False,1,1
36798,138,betCent,10,0.6324641719745223,0,32,None,66,1,5,False,1,1
36799,139,betCent,10,0.632265127388535,0,32,None,66,1,5,False,1,1
36800,140,betCent,10,0.6934713375796179,0,24,None,66,1,5,False,1,1
36801,141,betCent,10,0.6984474522292994,0,24,None,66,1,5,False,1,1
36802,142,betCent,10,0.700437898089172,0,24,None,66,1,5,False,1,1
36803,143,betCent,10,0.7023288216560509,0,24,None,66,1,5,False,1,1
36804,144,betCent,10,0.7043192675159236,0,24,None,66,1,5,False,1,1
36805,140,betCent,10,0.6576433121019108,0,1,None,66,1,5,False,1,1
36806,141,betCent,10,0.6997412420382165,0,1,None,66,1,5,False,1,1
36807,142,betCent,10,0.7116839171974523,0,1,None,66,1,5,False,1,1
36808,143,betCent,10,0.7151671974522293,0,1,None,66,1,5,False,1,1
36809,144,betCent,10,0.7169585987261147,0,1,None,66,1,5,False,1,1
36810,140,betCent,10,0.729796974522293,0,13,None,66,1,5,False,1,1
36811,141,betCent,10,0.7309912420382165,0,13,None,66,1,5,False,1,1
36812,142,betCent,10,0.7304936305732485,0,13,None,66,1,5,False,1,1
36813,143,betCent,10,0.7311902866242038,0,13,None,66,1,5,False,1,1
36814,144,betCent,10,0.7308917197452229,0,13,None,66,1,5,False,1,1
36815,140,betCent,10,0.7393511146496815,0,21,None,66,1,5,False,1,1
36816,141,betCent,10,0.7377587579617835,0,21,None,66,1,5,False,1,1
36817,142,betCent,10,0.7380573248407644,0,21,None,66,1,5,False,1,1
36818,143,betCent,10,0.7392515923566879,0,21,None,66,1,5,False,1,1
36819,144,betCent,10,0.7402468152866242,0,21,None,66,1,5,False,1,1
36820,140,betCent,10,0.7038216560509554,0,27,None,66,1,5,False,1,1
36821,141,betCent,10,0.7015326433121019,0,27,None,66,1,5,False,1,1
36822,142,betCent,10,0.7014331210191083,0,27,None,66,1,5,False,1,1
36823,143,betCent,10,0.7015326433121019,0,27,None,66,1,5,False,1,1
36824,144,betCent,10,0.7016321656050956,0,27,None,66,1,5,False,1,1
36825,140,betCent,10,0.6357484076433121,0,2,None,66,1,5,False,1,1
36826,141,betCent,10,0.612062101910828,0,2,None,66,1,5,False,1,1
36827,142,betCent,10,0.5986265923566879,0,2,None,66,1,5,False,1,1
36828,143,betCent,10,0.5916600318471338,0,2,None,66,1,5,False,1,1
36829,144,betCent,10,0.5898686305732485,0,2,None,66,1,5,False,1,1
36830,140,betCent,10,0.703125,0,17,None,66,1,5,False,1,1
36831,141,betCent,10,0.7066082802547771,0,17,None,66,1,5,False,1,1
36832,142,betCent,10,0.7090963375796179,0,17,None,66,1,5,False,1,1
36833,143,betCent,10,0.7131767515923567,0,17,None,66,1,5,False,1,1
36834,144,betCent,10,0.7148686305732485,0,17,None,66,1,5,False,1,1
36835,140,betCent,10,0.6941679936305732,0,28,None,66,1,5,False,1,1
36836,141,betCent,10,0.6861066878980892,0,28,None,66,1,5,False,1,1
36837,142,betCent,10,0.6830214968152867,0,28,None,66,1,5,False,1,1
36838,143,betCent,10,0.682921974522293,0,28,None,66,1,5,False,1,1
36839,144,betCent,10,0.6844148089171974,0,28,None,66,1,5,False,1,1
36840,140,betCent,10,0.7387539808917197,0,5,None,66,1,5,False,1,1
36841,141,betCent,10,0.7327826433121019,0,5,None,66,1,5,False,1,1
36842,142,betCent,10,0.7327826433121019,0,5,None,66,1,5,False,1,1
36843,143,betCent,10,0.7319864649681529,0,5,None,66,1,5,False,1,1
36844,144,betCent,10,0.7317874203821656,0,5,None,66,1,5,False,1,1
36845,140,betCent,10,0.7145700636942676,0,12,None,66,1,5,False,1,1
36846,141,betCent,10,0.7148686305732485,0,12,None,66,1,5,False,1,1
36847,142,betCent,10,0.7167595541401274,0,12,None,66,1,5,False,1,1
36848,143,betCent,10,0.7180533439490446,0,12,None,66,1,5,False,1,1
36849,144,betCent,10,0.7188495222929936,0,12,None,66,1,5,False,1,1
36850,140,betCent,10,0.6609275477707006,0,26,None,66,1,5,False,1,1
36851,141,betCent,10,0.6531648089171974,0,26,None,66,1,5,False,1,1
36852,142,betCent,10,0.6506767515923567,0,26,None,66,1,5,False,1,1
36853,143,betCent,10,0.6504777070063694,0,26,None,66,1,5,False,1,1
36854,144,betCent,10,0.6499800955414012,0,26,None,66,1,5,False,1,1
36855,140,betCent,10,0.699343152866242,0,30,None,66,1,5,False,1,1
36856,141,betCent,10,0.7224323248407644,0,30,None,66,1,5,False,1,1
36857,142,betCent,10,0.7329816878980892,0,30,None,66,1,5,False,1,1
36858,143,betCent,10,0.7395501592356688,0,30,None,66,1,5,False,1,1
36859,144,betCent,10,0.7428343949044586,0,30,None,66,1,5,False,1,1
36860,140,betCent,10,0.7317874203821656,0,18,None,66,1,5,False,1,1
36861,141,betCent,10,0.7321855095541401,0,18,None,66,1,5,False,1,1
36862,142,betCent,10,0.7347730891719745,0,18,None,66,1,5,False,1,1
36863,143,betCent,10,0.7355692675159236,0,18,None,66,1,5,False,1,1
36864,144,betCent,10,0.7357683121019108,0,18,None,66,1,5,False,1,1
36865,140,betCent,10,0.6587380573248408,0,8,None,66,1,5,False,1,1
36866,141,betCent,10,0.6603304140127388,0,8,None,66,1,5,False,1,1
36867,142,betCent,10,0.6618232484076433,0,8,None,66,1,5,False,1,1
36868,143,betCent,10,0.6625199044585988,0,8,None,66,1,5,False,1,1
36869,144,betCent,10,0.6655055732484076,0,8,None,66,1,5,False,1,1
36870,140,betCent,10,0.6315684713375797,0,19,None,66,1,5,False,1,1
36871,141,betCent,10,0.6256966560509554,0,19,None,66,1,5,False,1,1
36872,142,betCent,10,0.6236066878980892,0,19,None,66,1,5,False,1,1
36873,143,betCent,10,0.6225119426751592,0,19,None,66,1,5,False,1,1
36874,144,betCent,10,0.6227109872611465,0,19,None,66,1,5,False,1,1
36875,140,betCent,10,0.7376592356687898,0,11,None,66,1,5,False,1,1
36876,141,betCent,10,0.7369625796178344,0,11,None,66,1,5,False,1,1
36877,142,betCent,10,0.7380573248407644,0,11,None,66,1,5,False,1,1
36878,143,betCent,10,0.7398487261146497,0,11,None,66,1,5,False,1,1
36879,144,betCent,10,0.7411425159235668,0,11,None,66,1,5,False,1,1
36880,140,betCent,10,0.7334792993630573,0,10,None,66,1,5,False,1,1
36881,141,betCent,10,0.7333797770700637,0,10,None,66,1,5,False,1,1
36882,142,betCent,10,0.7366640127388535,0,10,None,66,1,5,False,1,1
36883,143,betCent,10,0.7396496815286624,0,10,None,66,1,5,False,1,1
36884,144,betCent,10,0.7419386942675159,0,10,None,66,1,5,False,1,1
36885,140,betCent,10,0.6903861464968153,0,15,None,66,1,5,False,1,1
36886,141,betCent,10,0.6900875796178344,0,15,None,66,1,5,False,1,1
36887,142,betCent,10,0.6906847133757962,0,15,None,66,1,5,False,1,1
36888,143,betCent,10,0.6903861464968153,0,15,None,66,1,5,False,1,1
36889,144,betCent,10,0.6904856687898089,0,15,None,66,1,5,False,1,1
36890,140,betCent,10,0.7368630573248408,0,20,None,66,1,5,False,1,1
36891,141,betCent,10,0.7363654458598726,0,20,None,66,1,5,False,1,1
36892,142,betCent,10,0.7369625796178344,0,20,None,66,1,5,False,1,1
36893,143,betCent,10,0.7387539808917197,0,20,None,66,1,5,False,1,1
36894,144,betCent,10,0.740047770700637,0,20,None,66,1,5,False,1,1
36895,140,betCent,10,0.7178542993630573,0,22,None,66,1,5,False,1,1
36896,141,betCent,10,0.7144705414012739,0,22,None,66,1,5,False,1,1
36897,142,betCent,10,0.7132762738853503,0,22,None,66,1,5,False,1,1
36898,143,betCent,10,0.713077229299363,0,22,None,66,1,5,False,1,1
36899,144,betCent,10,0.7128781847133758,0,22,None,66,1,5,False,1,1
36900,140,betCent,10,0.6824243630573248,0,23,None,66,1,5,False,1,1
36901,141,betCent,10,0.6827229299363057,0,23,None,66,1,5,False,1,1
36902,142,betCent,10,0.6847133757961783,0,23,None,66,1,5,False,1,1
36903,143,betCent,10,0.6854100318471338,0,23,None,66,1,5,False,1,1
36904,144,betCent,10,0.6851114649681529,0,23,None,66,1,5,False,1,1
36905,140,betCent,10,0.6582404458598726,0,4,None,66,1,5,False,1,1
36906,141,betCent,10,0.6520700636942676,0,4,None,66,1,5,False,1,1
36907,142,betCent,10,0.6400278662420382,0,4,None,66,1,5,False,1,1
36908,143,betCent,10,0.6307722929936306,0,4,None,66,1,5,False,1,1
36909,144,betCent,10,0.6247014331210191,0,4,None,66,1,5,False,1,1
36910,140,betCent,10,0.7129777070063694,0,9,None,66,1,5,False,1,1
36911,141,betCent,10,0.7119824840764332,0,9,None,66,1,5,False,1,1
36912,142,betCent,10,0.7135748407643312,0,9,None,66,1,5,False,1,1
36913,143,betCent,10,0.7146695859872612,0,9,None,66,1,5,False,1,1
36914,144,betCent,10,0.7166600318471338,0,9,None,66,1,5,False,1,1
36915,140,betCent,10,0.6951632165605095,0,0,None,66,1,5,False,1,1
36916,141,betCent,10,0.6987460191082803,0,0,None,66,1,5,False,1,1
36917,142,betCent,10,0.6995421974522293,0,0,None,66,1,5,False,1,1
36918,143,betCent,10,0.6994426751592356,0,0,None,66,1,5,False,1,1
36919,144,betCent,10,0.6988455414012739,0,0,None,66,1,5,False,1,1
36920,140,betCent,10,0.5788216560509554,0,14,None,66,1,5,False,1,1
36921,141,betCent,10,0.5823049363057324,0,14,None,66,1,5,False,1,1
36922,142,betCent,10,0.5839968152866242,0,14,None,66,1,5,False,1,1
36923,143,betCent,10,0.5841958598726115,0,14,None,66,1,5,False,1,1
36924,144,betCent,10,0.5852906050955414,0,14,None,66,1,5,False,1,1
36925,140,betCent,10,0.6874004777070064,0,25,None,66,1,5,False,1,1
36926,141,betCent,10,0.6761544585987261,0,25,None,66,1,5,False,1,1
36927,142,betCent,10,0.6728702229299363,0,25,None,66,1,5,False,1,1
36928,143,betCent,10,0.6719745222929936,0,25,None,66,1,5,False,1,1
36929,144,betCent,10,0.6713773885350318,0,25,None,66,1,5,False,1,1
36930,140,betCent,10,0.6971536624203821,0,29,None,66,1,5,False,1,1
36931,141,betCent,10,0.6890923566878981,0,29,None,66,1,5,False,1,1
36932,142,betCent,10,0.6834195859872612,0,29,None,66,1,5,False,1,1
36933,143,betCent,10,0.6796377388535032,0,29,None,66,1,5,False,1,1
36934,144,betCent,10,0.677547770700637,0,29,None,66,1,5,False,1,1
36935,140,betCent,10,0.6964570063694268,0,6,None,66,1,5,False,1,1
36936,141,betCent,10,0.6976512738853503,0,6,None,66,1,5,False,1,1
36937,142,betCent,10,0.698546974522293,0,6,None,66,1,5,False,1,1
36938,143,betCent,10,0.7001393312101911,0,6,None,66,1,5,False,1,1
36939,144,betCent,10,0.7002388535031847,0,6,None,66,1,5,False,1,1
36940,140,betCent,10,0.6986464968152867,0,3,None,66,1,5,False,1,1
36941,141,betCent,10,0.6977507961783439,0,3,None,66,1,5,False,1,1
36942,142,betCent,10,0.6975517515923567,0,3,None,66,1,5,False,1,1
36943,143,betCent,10,0.6973527070063694,0,3,None,66,1,5,False,1,1
36944,144,betCent,10,0.6982484076433121,0,3,None,66,1,5,False,1,1
36945,140,betCent,10,0.7448248407643312,0,7,None,66,1,5,False,1,1
36946,141,betCent,10,0.7469148089171974,0,7,None,66,1,5,False,1,1
36947,142,betCent,10,0.7483081210191083,0,7,None,66,1,5,False,1,1
36948,143,betCent,10,0.7490047770700637,0,7,None,66,1,5,False,1,1
36949,144,betCent,10,0.7504976114649682,0,7,None,66,1,5,False,1,1
36950,140,betCent,10,0.7185509554140127,0,16,None,66,1,5,False,1,1
36951,141,betCent,10,0.7247213375796179,0,16,None,66,1,5,False,1,1
36952,142,betCent,10,0.7296974522292994,0,16,None,66,1,5,False,1,1
36953,143,betCent,10,0.73328025477707,0,16,None,66,1,5,False,1,1
36954,144,betCent,10,0.7364649681528662,0,16,None,66,1,5,False,1,1
36955,140,betCent,10,0.6371417197452229,0,32,None,66,1,5,False,1,1
36956,141,betCent,10,0.6342555732484076,0,32,None,66,1,5,False,1,1
36957,142,betCent,10,0.6332603503184714,0,32,None,66,1,5,False,1,1
36958,143,betCent,10,0.6338574840764332,0,32,None,66,1,5,False,1,1
36959,144,betCent,10,0.6348527070063694,0,32,None,66,1,5,False,1,1
37125,145,betCent,10,0.646297770700637,0,32,None,66,1,5,False,1,1
37126,146,betCent,10,0.6409235668789809,0,32,None,66,1,5,False,1,1
37127,147,betCent,10,0.6411226114649682,0,32,None,66,1,5,False,1,1
37128,148,betCent,10,0.6422173566878981,0,32,None,66,1,5,False,1,1
37129,149,betCent,10,0.6426154458598726,0,32,None,66,1,5,False,1,1
37130,145,betCent,10,0.7189490445859873,0,16,None,66,1,5,False,1,1
37131,146,betCent,10,0.7266122611464968,0,16,None,66,1,5,False,1,1
37132,147,betCent,10,0.7306926751592356,0,16,None,66,1,5,False,1,1
37133,148,betCent,10,0.7364649681528662,0,16,None,66,1,5,False,1,1
37134,149,betCent,10,0.7388535031847133,0,16,None,66,1,5,False,1,1
37135,145,betCent,10,0.7459195859872612,0,7,None,66,1,5,False,1,1
37136,146,betCent,10,0.7488057324840764,0,7,None,66,1,5,False,1,1
37137,147,betCent,10,0.75,0,7,None,66,1,5,False,1,1
37138,148,betCent,10,0.7502985668789809,0,7,None,66,1,5,False,1,1
37139,149,betCent,10,0.7511942675159236,0,7,None,66,1,5,False,1,1
37140,145,betCent,10,0.7380573248407644,0,10,None,66,1,5,False,1,1
37141,146,betCent,10,0.7399482484076433,0,10,None,66,1,5,False,1,1
37142,147,betCent,10,0.7413415605095541,0,10,None,66,1,5,False,1,1
37143,148,betCent,10,0.7433320063694268,0,10,None,66,1,5,False,1,1
37144,149,betCent,10,0.7446257961783439,0,10,None,66,1,5,False,1,1
37145,145,betCent,10,0.7419386942675159,0,11,None,66,1,5,False,1,1
37146,146,betCent,10,0.7417396496815286,0,11,None,66,1,5,False,1,1
37147,147,betCent,10,0.7430334394904459,0,11,None,66,1,5,False,1,1
37148,148,betCent,10,0.7436305732484076,0,11,None,66,1,5,False,1,1
37149,149,betCent,10,0.7438296178343949,0,11,None,66,1,5,False,1,1
37150,145,betCent,10,0.697452229299363,0,15,None,66,1,5,False,1,1
37151,146,betCent,10,0.6959593949044586,0,15,None,66,1,5,False,1,1
37152,147,betCent,10,0.6950636942675159,0,15,None,66,1,5,False,1,1
37153,148,betCent,10,0.6952627388535032,0,15,None,66,1,5,False,1,1
37154,149,betCent,10,0.6956608280254777,0,15,None,66,1,5,False,1,1
37155,145,betCent,10,0.7406449044585988,0,20,None,66,1,5,False,1,1
37156,146,betCent,10,0.7405453821656051,0,20,None,66,1,5,False,1,1
37157,147,betCent,10,0.7415406050955414,0,20,None,66,1,5,False,1,1
37158,148,betCent,10,0.7425358280254777,0,20,None,66,1,5,False,1,1
37159,149,betCent,10,0.7444267515923567,0,20,None,66,1,5,False,1,1
37160,145,betCent,10,0.634156050955414,0,19,None,66,1,5,False,1,1
37161,146,betCent,10,0.6281847133757962,0,19,None,66,1,5,False,1,1
37162,147,betCent,10,0.6256966560509554,0,19,None,66,1,5,False,1,1
37163,148,betCent,10,0.6251990445859873,0,19,None,66,1,5,False,1,1
37164,149,betCent,10,0.6258957006369427,0,19,None,66,1,5,False,1,1
37165,145,betCent,10,0.7367635350318471,0,18,None,66,1,5,False,1,1
37166,146,betCent,10,0.7363654458598726,0,18,None,66,1,5,False,1,1
37167,147,betCent,10,0.7376592356687898,0,18,None,66,1,5,False,1,1
37168,148,betCent,10,0.7377587579617835,0,18,None,66,1,5,False,1,1
37169,149,betCent,10,0.7390525477707006,0,18,None,66,1,5,False,1,1
37170,145,betCent,10,0.7084992038216561,0,17,None,66,1,5,False,1,1
37171,146,betCent,10,0.7120820063694268,0,17,None,66,1,5,False,1,1
37172,147,betCent,10,0.7138734076433121,0,17,None,66,1,5,False,1,1
37173,148,betCent,10,0.7161624203821656,0,17,None,66,1,5,False,1,1
37174,149,betCent,10,0.7178542993630573,0,17,None,66,1,5,False,1,1
37175,145,betCent,10,0.6984474522292994,0,24,None,66,1,5,False,1,1
37176,146,betCent,10,0.7023288216560509,0,24,None,66,1,5,False,1,1
37177,147,betCent,10,0.7052149681528662,0,24,None,66,1,5,False,1,1
37178,148,betCent,10,0.7081011146496815,0,24,None,66,1,5,False,1,1
37179,149,betCent,10,0.7089968152866242,0,24,None,66,1,5,False,1,1
37180,145,betCent,10,0.6995421974522293,0,30,None,66,1,5,False,1,1
37181,146,betCent,10,0.7243232484076433,0,30,None,66,1,5,False,1,1
37182,147,betCent,10,0.7351711783439491,0,30,None,66,1,5,False,1,1
37183,148,betCent,10,0.742734872611465,0,30,None,66,1,5,False,1,1
37184,149,betCent,10,0.7455214968152867,0,30,None,66,1,5,False,1,1
37185,145,betCent,10,0.7532842356687898,0,31,None,66,1,5,False,1,1
37186,146,betCent,10,0.7548765923566879,0,31,None,66,1,5,False,1,1
37187,147,betCent,10,0.7552746815286624,0,31,None,66,1,5,False,1,1
37188,148,betCent,10,0.7559713375796179,0,31,None,66,1,5,False,1,1
37189,149,betCent,10,0.7561703821656051,0,31,None,66,1,5,False,1,1
37190,145,betCent,10,0.6637141719745223,0,1,None,66,1,5,False,1,1
37191,146,betCent,10,0.7057125796178344,0,1,None,66,1,5,False,1,1
37192,147,betCent,10,0.7144705414012739,0,1,None,66,1,5,False,1,1
37193,148,betCent,10,0.7170581210191083,0,1,None,66,1,5,False,1,1
37194,149,betCent,10,0.7184514331210191,0,1,None,66,1,5,False,1,1
37195,145,betCent,10,0.6378383757961783,0,2,None,66,1,5,False,1,1
37196,146,betCent,10,0.6144506369426752,0,2,None,66,1,5,False,1,1
37197,147,betCent,10,0.602109872611465,0,2,None,66,1,5,False,1,1
37198,148,betCent,10,0.5936504777070064,0,2,None,66,1,5,False,1,1
37199,149,betCent,10,0.5913614649681529,0,2,None,66,1,5,False,1,1
37200,145,betCent,10,0.7015326433121019,0,0,None,66,1,5,False,1,1
37201,146,betCent,10,0.7024283439490446,0,0,None,66,1,5,False,1,1
37202,147,betCent,10,0.703125,0,0,None,66,1,5,False,1,1
37203,148,betCent,10,0.7024283439490446,0,0,None,66,1,5,False,1,1
37204,149,betCent,10,0.7025278662420382,0,0,None,66,1,5,False,1,1
37205,145,betCent,10,0.7420382165605095,0,5,None,66,1,5,False,1,1
37206,146,betCent,10,0.7368630573248408,0,5,None,66,1,5,False,1,1
37207,147,betCent,10,0.736265923566879,0,5,None,66,1,5,False,1,1
37208,148,betCent,10,0.7353702229299363,0,5,None,66,1,5,False,1,1
37209,149,betCent,10,0.7355692675159236,0,5,None,66,1,5,False,1,1
37210,145,betCent,10,0.6633160828025477,0,4,None,66,1,5,False,1,1
37211,146,betCent,10,0.6577428343949044,0,4,None,66,1,5,False,1,1
37212,147,betCent,10,0.6426154458598726,0,4,None,66,1,5,False,1,1
37213,148,betCent,10,0.6343550955414012,0,4,None,66,1,5,False,1,1
37214,149,betCent,10,0.6274880573248408,0,4,None,66,1,5,False,1,1
37215,145,betCent,10,0.6618232484076433,0,8,None,66,1,5,False,1,1
37216,146,betCent,10,0.6614251592356688,0,8,None,66,1,5,False,1,1
37217,147,betCent,10,0.6628184713375797,0,8,None,66,1,5,False,1,1
37218,148,betCent,10,0.6642117834394905,0,8,None,66,1,5,False,1,1
37219,149,betCent,10,0.6677945859872612,0,8,None,66,1,5,False,1,1
37220,145,betCent,10,0.684812898089172,0,23,None,66,1,5,False,1,1
37221,146,betCent,10,0.6844148089171974,0,23,None,66,1,5,False,1,1
37222,147,betCent,10,0.6858081210191083,0,23,None,66,1,5,False,1,1
37223,148,betCent,10,0.6867038216560509,0,23,None,66,1,5,False,1,1
37224,149,betCent,10,0.6874004777070064,0,23,None,66,1,5,False,1,1
37225,145,betCent,10,0.7410429936305732,0,21,None,66,1,5,False,1,1
37226,146,betCent,10,0.740843949044586,0,21,None,66,1,5,False,1,1
37227,147,betCent,10,0.7417396496815286,0,21,None,66,1,5,False,1,1
37228,148,betCent,10,0.7412420382165605,0,21,None,66,1,5,False,1,1
37229,149,betCent,10,0.7421377388535032,0,21,None,66,1,5,False,1,1
37230,145,betCent,10,0.7036226114649682,0,27,None,66,1,5,False,1,1
37231,146,betCent,10,0.7005374203821656,0,27,None,66,1,5,False,1,1
37232,147,betCent,10,0.7003383757961783,0,27,None,66,1,5,False,1,1
37233,148,betCent,10,0.7008359872611465,0,27,None,66,1,5,False,1,1
37234,149,betCent,10,0.7014331210191083,0,27,None,66,1,5,False,1,1
37235,145,betCent,10,0.6959593949044586,0,28,None,66,1,5,False,1,1
37236,146,betCent,10,0.6889928343949044,0,28,None,66,1,5,False,1,1
37237,147,betCent,10,0.6853105095541401,0,28,None,66,1,5,False,1,1
37238,148,betCent,10,0.6849124203821656,0,28,None,66,1,5,False,1,1
37239,149,betCent,10,0.6870023885350318,0,28,None,66,1,5,False,1,1
37240,145,betCent,10,0.7008359872611465,0,29,None,66,1,5,False,1,1
37241,146,betCent,10,0.6933718152866242,0,29,None,66,1,5,False,1,1
37242,147,betCent,10,0.6877985668789809,0,29,None,66,1,5,False,1,1
37243,148,betCent,10,0.683718152866242,0,29,None,66,1,5,False,1,1
37244,149,betCent,10,0.6812300955414012,0,29,None,66,1,5,False,1,1
37245,145,betCent,10,0.5796178343949044,0,14,None,66,1,5,False,1,1
37246,146,betCent,10,0.5846934713375797,0,14,None,66,1,5,False,1,1
37247,147,betCent,10,0.5867834394904459,0,14,None,66,1,5,False,1,1
37248,148,betCent,10,0.5889729299363057,0,14,None,66,1,5,False,1,1
37249,149,betCent,10,0.5917595541401274,0,14,None,66,1,5,False,1,1
37250,145,betCent,10,0.7140724522292994,0,9,None,66,1,5,False,1,1
37251,146,betCent,10,0.7142714968152867,0,9,None,66,1,5,False,1,1
37252,147,betCent,10,0.7157643312101911,0,9,None,66,1,5,False,1,1
37253,148,betCent,10,0.7174562101910829,0,9,None,66,1,5,False,1,1
37254,149,betCent,10,0.7183519108280255,0,9,None,66,1,5,False,1,1
37255,145,betCent,10,0.7169585987261147,0,22,None,66,1,5,False,1,1
37256,146,betCent,10,0.7154657643312102,0,22,None,66,1,5,False,1,1
37257,147,betCent,10,0.7157643312101911,0,22,None,66,1,5,False,1,1
37258,148,betCent,10,0.7162619426751592,0,22,None,66,1,5,False,1,1
37259,149,betCent,10,0.7159633757961783,0,22,None,66,1,5,False,1,1
37260,145,betCent,10,0.7022292993630573,0,6,None,66,1,5,False,1,1
37261,146,betCent,10,0.7023288216560509,0,6,None,66,1,5,False,1,1
37262,147,betCent,10,0.7027269108280255,0,6,None,66,1,5,False,1,1
37263,148,betCent,10,0.7030254777070064,0,6,None,66,1,5,False,1,1
37264,149,betCent,10,0.7045183121019108,0,6,None,66,1,5,False,1,1
37265,145,betCent,10,0.7189490445859873,0,12,None,66,1,5,False,1,1
37266,146,betCent,10,0.7188495222929936,0,12,None,66,1,5,False,1,1
37267,147,betCent,10,0.7195461783439491,0,12,None,66,1,5,False,1,1
37268,148,betCent,10,0.7205414012738853,0,12,None,66,1,5,False,1,1
37269,149,betCent,10,0.7213375796178344,0,12,None,66,1,5,False,1,1
37270,145,betCent,10,0.7015326433121019,0,3,None,66,1,5,False,1,1
37271,146,betCent,10,0.7007364649681529,0,3,None,66,1,5,False,1,1
37272,147,betCent,10,0.7005374203821656,0,3,None,66,1,5,False,1,1
37273,148,betCent,10,0.7013335987261147,0,3,None,66,1,5,False,1,1
37274,149,betCent,10,0.7014331210191083,0,3,None,66,1,5,False,1,1
37275,145,betCent,10,0.7319864649681529,0,13,None,66,1,5,False,1,1
37276,146,betCent,10,0.7317874203821656,0,13,None,66,1,5,False,1,1
37277,147,betCent,10,0.732484076433121,0,13,None,66,1,5,False,1,1
37278,148,betCent,10,0.7317874203821656,0,13,None,66,1,5,False,1,1
37279,149,betCent,10,0.731687898089172,0,13,None,66,1,5,False,1,1
37280,145,betCent,10,0.690187101910828,0,25,None,66,1,5,False,1,1
37281,146,betCent,10,0.6770501592356688,0,25,None,66,1,5,False,1,1
37282,147,betCent,10,0.6739649681528662,0,25,None,66,1,5,False,1,1
37283,148,betCent,10,0.6714769108280255,0,25,None,66,1,5,False,1,1
37284,149,betCent,10,0.6712778662420382,0,25,None,66,1,5,False,1,1
37285,145,betCent,10,0.6612261146496815,0,26,None,66,1,5,False,1,1
37286,146,betCent,10,0.6540605095541401,0,26,None,66,1,5,False,1,1
37287,147,betCent,10,0.6518710191082803,0,26,None,66,1,5,False,1,1
37288,148,betCent,10,0.651671974522293,0,26,None,66,1,5,False,1,1
37289,149,betCent,10,0.6509753184713376,0,26,None,66,1,5,False,1,1
37290,150,betCent,10,0.7025278662420382,0,30,None,66,1,5,False,1,1
37291,151,betCent,10,0.7288017515923567,0,30,None,66,1,5,False,1,1
37292,152,betCent,10,0.7402468152866242,0,30,None,66,1,5,False,1,1
37293,153,betCent,10,0.7466162420382165,0,30,None,66,1,5,False,1,1
37294,154,betCent,10,0.7500995222929936,0,30,None,66,1,5,False,1,1
37295,150,betCent,10,0.663515127388535,0,26,None,66,1,5,False,1,1
37296,151,betCent,10,0.6574442675159236,0,26,None,66,1,5,False,1,1
37297,152,betCent,10,0.6546576433121019,0,26,None,66,1,5,False,1,1
37298,153,betCent,10,0.6541600318471338,0,26,None,66,1,5,False,1,1
37299,154,betCent,10,0.6540605095541401,0,26,None,66,1,5,False,1,1
37300,150,betCent,10,0.7213375796178344,0,12,None,66,1,5,False,1,1
37301,151,betCent,10,0.7201433121019108,0,12,None,66,1,5,False,1,1
37302,152,betCent,10,0.7208399681528662,0,12,None,66,1,5,False,1,1
37303,153,betCent,10,0.7222332802547771,0,12,None,66,1,5,False,1,1
37304,154,betCent,10,0.7234275477707006,0,12,None,66,1,5,False,1,1
37305,150,betCent,10,0.6715764331210191,0,1,None,66,1,5,False,1,1
37306,151,betCent,10,0.7092953821656051,0,1,None,66,1,5,False,1,1
37307,152,betCent,10,0.7169585987261147,0,1,None,66,1,5,False,1,1
37308,153,betCent,10,0.7197452229299363,0,1,None,66,1,5,False,1,1
37309,154,betCent,10,0.720640923566879,0,1,None,66,1,5,False,1,1
37310,150,betCent,10,0.6410230891719745,0,2,None,66,1,5,False,1,1
37311,151,betCent,10,0.6172372611464968,0,2,None,66,1,5,False,1,1
37312,152,betCent,10,0.6044984076433121,0,2,None,66,1,5,False,1,1
37313,153,betCent,10,0.5961385350318471,0,2,None,66,1,5,False,1,1
37314,154,betCent,10,0.5932523885350318,0,2,None,66,1,5,False,1,1
37315,150,betCent,10,0.7346735668789809,0,13,None,66,1,5,False,1,1
37316,151,betCent,10,0.7345740445859873,0,13,None,66,1,5,False,1,1
37317,152,betCent,10,0.7348726114649682,0,13,None,66,1,5,False,1,1
37318,153,betCent,10,0.7345740445859873,0,13,None,66,1,5,False,1,1
37319,154,betCent,10,0.7350716560509554,0,13,None,66,1,5,False,1,1
37320,150,betCent,10,0.7423367834394905,0,5,None,66,1,5,False,1,1
37321,151,betCent,10,0.7379578025477707,0,5,None,66,1,5,False,1,1
37322,152,betCent,10,0.7363654458598726,0,5,None,66,1,5,False,1,1
37323,153,betCent,10,0.7368630573248408,0,5,None,66,1,5,False,1,1
37324,154,betCent,10,0.7368630573248408,0,5,None,66,1,5,False,1,1
37325,150,betCent,10,0.7479100318471338,0,7,None,66,1,5,False,1,1
37326,151,betCent,10,0.75109474522293,0,7,None,66,1,5,False,1,1
37327,152,betCent,10,0.751890923566879,0,7,None,66,1,5,False,1,1
37328,153,betCent,10,0.7527866242038217,0,7,None,66,1,5,False,1,1
37329,154,betCent,10,0.7527866242038217,0,7,None,66,1,5,False,1,1
37330,150,betCent,10,0.7204418789808917,0,16,None,66,1,5,False,1,1
37331,151,betCent,10,0.7272093949044586,0,16,None,66,1,5,False,1,1
37332,152,betCent,10,0.7325835987261147,0,16,None,66,1,5,False,1,1
37333,153,betCent,10,0.7380573248407644,0,16,None,66,1,5,False,1,1
37334,154,betCent,10,0.740843949044586,0,16,None,66,1,5,False,1,1
37335,150,betCent,10,0.5836982484076433,0,14,None,66,1,5,False,1,1
37336,151,betCent,10,0.5885748407643312,0,14,None,66,1,5,False,1,1
37337,152,betCent,10,0.5921576433121019,0,14,None,66,1,5,False,1,1
37338,153,betCent,10,0.5947452229299363,0,14,None,66,1,5,False,1,1
37339,154,betCent,10,0.5966361464968153,0,14,None,66,1,5,False,1,1
37340,150,betCent,10,0.7156648089171974,0,9,None,66,1,5,False,1,1
37341,151,betCent,10,0.7165605095541401,0,9,None,66,1,5,False,1,1
37342,152,betCent,10,0.7178542993630573,0,9,None,66,1,5,False,1,1
37343,153,betCent,10,0.7196457006369427,0,9,None,66,1,5,False,1,1
37344,154,betCent,10,0.7199442675159236,0,9,None,66,1,5,False,1,1
37345,150,betCent,10,0.691281847133758,0,25,None,66,1,5,False,1,1
37346,151,betCent,10,0.679140127388535,0,25,None,66,1,5,False,1,1
37347,152,betCent,10,0.6744625796178344,0,25,None,66,1,5,False,1,1
37348,153,betCent,10,0.6726711783439491,0,25,None,66,1,5,False,1,1
37349,154,betCent,10,0.6715764331210191,0,25,None,66,1,5,False,1,1
37350,150,betCent,10,0.7027269108280255,0,29,None,66,1,5,False,1,1
37351,151,betCent,10,0.6952627388535032,0,29,None,66,1,5,False,1,1
37352,152,betCent,10,0.6907842356687898,0,29,None,66,1,5,False,1,1
37353,153,betCent,10,0.6876990445859873,0,29,None,66,1,5,False,1,1
37354,154,betCent,10,0.6850119426751592,0,29,None,66,1,5,False,1,1
37355,150,betCent,10,0.697452229299363,0,15,None,66,1,5,False,1,1
37356,151,betCent,10,0.699343152866242,0,15,None,66,1,5,False,1,1
37357,152,betCent,10,0.6987460191082803,0,15,None,66,1,5,False,1,1
37358,153,betCent,10,0.6982484076433121,0,15,None,66,1,5,False,1,1
37359,154,betCent,10,0.6982484076433121,0,15,None,66,1,5,False,1,1
37360,150,betCent,10,0.7437300955414012,0,11,None,66,1,5,False,1,1
37361,151,betCent,10,0.7424363057324841,0,11,None,66,1,5,False,1,1
37362,152,betCent,10,0.7430334394904459,0,11,None,66,1,5,False,1,1
37363,153,betCent,10,0.7444267515923567,0,11,None,66,1,5,False,1,1
37364,154,betCent,10,0.7452229299363057,0,11,None,66,1,5,False,1,1
37365,150,betCent,10,0.6991441082802548,0,28,None,66,1,5,False,1,1
37366,151,betCent,10,0.6916799363057324,0,28,None,66,1,5,False,1,1
37367,152,betCent,10,0.6886942675159236,0,28,None,66,1,5,False,1,1
37368,153,betCent,10,0.6881966560509554,0,28,None,66,1,5,False,1,1
37369,154,betCent,10,0.6894904458598726,0,28,None,66,1,5,False,1,1
37370,150,betCent,10,0.712281050955414,0,17,None,66,1,5,False,1,1
37371,151,betCent,10,0.7148686305732485,0,17,None,66,1,5,False,1,1
37372,152,betCent,10,0.7165605095541401,0,17,None,66,1,5,False,1,1
37373,153,betCent,10,0.7177547770700637,0,17,None,66,1,5,False,1,1
37374,154,betCent,10,0.7197452229299363,0,17,None,66,1,5,False,1,1
37375,150,betCent,10,0.7444267515923567,0,21,None,66,1,5,False,1,1
37376,151,betCent,10,0.742734872611465,0,21,None,66,1,5,False,1,1
37377,152,betCent,10,0.744327229299363,0,21,None,66,1,5,False,1,1
37378,153,betCent,10,0.7440286624203821,0,21,None,66,1,5,False,1,1
37379,154,betCent,10,0.7448248407643312,0,21,None,66,1,5,False,1,1
37380,150,betCent,10,0.7026273885350318,0,24,None,66,1,5,False,1,1
37381,151,betCent,10,0.7063097133757962,0,24,None,66,1,5,False,1,1
37382,152,betCent,10,0.7090963375796179,0,24,None,66,1,5,False,1,1
37383,153,betCent,10,0.711484872611465,0,24,None,66,1,5,False,1,1
37384,154,betCent,10,0.7139729299363057,0,24,None,66,1,5,False,1,1
37385,150,betCent,10,0.7038216560509554,0,27,None,66,1,5,False,1,1
37386,151,betCent,10,0.7009355095541401,0,27,None,66,1,5,False,1,1
37387,152,betCent,10,0.700437898089172,0,27,None,66,1,5,False,1,1
37388,153,betCent,10,0.7001393312101911,0,27,None,66,1,5,False,1,1
37389,154,betCent,10,0.7014331210191083,0,27,None,66,1,5,False,1,1
37390,150,betCent,10,0.7047173566878981,0,0,None,66,1,5,False,1,1
37391,151,betCent,10,0.7047173566878981,0,0,None,66,1,5,False,1,1
37392,152,betCent,10,0.7054140127388535,0,0,None,66,1,5,False,1,1
37393,153,betCent,10,0.7060111464968153,0,0,None,66,1,5,False,1,1
37394,154,betCent,10,0.7052149681528662,0,0,None,66,1,5,False,1,1
37395,150,betCent,10,0.6712778662420382,0,4,None,66,1,5,False,1,1
37396,151,betCent,10,0.6657046178343949,0,4,None,66,1,5,False,1,1
37397,152,betCent,10,0.6500796178343949,0,4,None,66,1,5,False,1,1
37398,153,betCent,10,0.6391321656050956,0,4,None,66,1,5,False,1,1
37399,154,betCent,10,0.6320660828025477,0,4,None,66,1,5,False,1,1
37400,150,betCent,10,0.7369625796178344,0,10,None,66,1,5,False,1,1
37401,151,betCent,10,0.7401472929936306,0,10,None,66,1,5,False,1,1
37402,152,betCent,10,0.7425358280254777,0,10,None,66,1,5,False,1,1
37403,153,betCent,10,0.7449243630573248,0,10,None,66,1,5,False,1,1
37404,154,betCent,10,0.7465167197452229,0,10,None,66,1,5,False,1,1
37405,150,betCent,10,0.707703025477707,0,6,None,66,1,5,False,1,1
37406,151,betCent,10,0.706906847133758,0,6,None,66,1,5,False,1,1
37407,152,betCent,10,0.7062101910828026,0,6,None,66,1,5,False,1,1
37408,153,betCent,10,0.7075039808917197,0,6,None,66,1,5,False,1,1
37409,154,betCent,10,0.7083996815286624,0,6,None,66,1,5,False,1,1
37410,150,betCent,10,0.7440286624203821,0,20,None,66,1,5,False,1,1
37411,151,betCent,10,0.7438296178343949,0,20,None,66,1,5,False,1,1
37412,152,betCent,10,0.7460191082802548,0,20,None,66,1,5,False,1,1
37413,153,betCent,10,0.7472133757961783,0,20,None,66,1,5,False,1,1
37414,154,betCent,10,0.7480095541401274,0,20,None,66,1,5,False,1,1
37415,150,betCent,10,0.7369625796178344,0,22,None,66,1,5,False,1,1
37416,151,betCent,10,0.7310907643312102,0,22,None,66,1,5,False,1,1
37417,152,betCent,10,0.727906050955414,0,22,None,66,1,5,False,1,1
37418,153,betCent,10,0.7264132165605095,0,22,None,66,1,5,False,1,1
37419,154,betCent,10,0.7240246815286624,0,22,None,66,1,5,False,1,1
37420,150,betCent,10,0.6876990445859873,0,23,None,66,1,5,False,1,1
37421,151,betCent,10,0.6875,0,23,None,66,1,5,False,1,1
37422,152,betCent,10,0.6888933121019108,0,23,None,66,1,5,False,1,1
37423,153,betCent,10,0.6899880573248408,0,23,None,66,1,5,False,1,1
37424,154,betCent,10,0.6913813694267515,0,23,None,66,1,5,False,1,1
37425,150,betCent,10,0.6495820063694268,0,32,None,66,1,5,False,1,1
37426,151,betCent,10,0.6449044585987261,0,32,None,66,1,5,False,1,1
37427,152,betCent,10,0.6450039808917197,0,32,None,66,1,5,False,1,1
37428,153,betCent,10,0.6448049363057324,0,32,None,66,1,5,False,1,1
37429,154,betCent,10,0.6456011146496815,0,32,None,66,1,5,False,1,1
37430,150,betCent,10,0.6613256369426752,0,8,None,66,1,5,False,1,1
37431,151,betCent,10,0.6621218152866242,0,8,None,66,1,5,False,1,1
37432,152,betCent,10,0.6637141719745223,0,8,None,66,1,5,False,1,1
37433,153,betCent,10,0.6656050955414012,0,8,None,66,1,5,False,1,1
37434,154,betCent,10,0.6668988853503185,0,8,None,66,1,5,False,1,1
37435,150,betCent,10,0.705015923566879,0,3,None,66,1,5,False,1,1
37436,151,betCent,10,0.70421974522293,0,3,None,66,1,5,False,1,1
37437,152,betCent,10,0.7044187898089171,0,3,None,66,1,5,False,1,1
37438,153,betCent,10,0.7045183121019108,0,3,None,66,1,5,False,1,1
37439,154,betCent,10,0.7046178343949044,0,3,None,66,1,5,False,1,1
37440,150,betCent,10,0.7375597133757962,0,18,None,66,1,5,False,1,1
37441,151,betCent,10,0.738156847133758,0,18,None,66,1,5,False,1,1
37442,152,betCent,10,0.7398487261146497,0,18,None,66,1,5,False,1,1
37443,153,betCent,10,0.7405453821656051,0,18,None,66,1,5,False,1,1
37444,154,betCent,10,0.7414410828025477,0,18,None,66,1,5,False,1,1
37445,150,betCent,10,0.6369426751592356,0,19,None,66,1,5,False,1,1
37446,151,betCent,10,0.631468949044586,0,19,None,66,1,5,False,1,1
37447,152,betCent,10,0.6288813694267515,0,19,None,66,1,5,False,1,1
37448,153,betCent,10,0.6277866242038217,0,19,None,66,1,5,False,1,1
37449,154,betCent,10,0.6281847133757962,0,19,None,66,1,5,False,1,1
37450,150,betCent,10,0.7580613057324841,0,31,None,66,1,5,False,1,1
37451,151,betCent,10,0.7585589171974523,0,31,None,66,1,5,False,1,1
37452,152,betCent,10,0.7585589171974523,0,31,None,66,1,5,False,1,1
37453,153,betCent,10,0.7584593949044586,0,31,None,66,1,5,False,1,1
37454,154,betCent,10,0.7598527070063694,0,31,None,66,1,5,False,1,1
37950,155,betCent,10,0.74890525477707,0,5,None,66,1,5,False,1,1
37951,156,betCent,10,0.7428343949044586,0,5,None,66,1,5,False,1,1
37952,157,betCent,10,0.7410429936305732,0,5,None,66,1,5,False,1,1
37953,158,betCent,10,0.7406449044585988,0,5,None,66,1,5,False,1,1
37954,159,betCent,10,0.741640127388535,0,5,None,66,1,5,False,1,1
37955,155,betCent,10,0.7027269108280255,0,15,None,66,1,5,False,1,1
37956,156,betCent,10,0.7036226114649682,0,15,None,66,1,5,False,1,1
37957,157,betCent,10,0.7027269108280255,0,15,None,66,1,5,False,1,1
37958,158,betCent,10,0.7021297770700637,0,15,None,66,1,5,False,1,1
37959,159,betCent,10,0.7027269108280255,0,15,None,66,1,5,False,1,1
37960,155,betCent,10,0.7207404458598726,0,16,None,66,1,5,False,1,1
37961,156,betCent,10,0.7281050955414012,0,16,None,66,1,5,False,1,1
37962,157,betCent,10,0.7339769108280255,0,16,None,66,1,5,False,1,1
37963,158,betCent,10,0.738953025477707,0,16,None,66,1,5,False,1,1
37964,159,betCent,10,0.7428343949044586,0,16,None,66,1,5,False,1,1
37965,155,betCent,10,0.6637141719745223,0,8,None,66,1,5,False,1,1
37966,156,betCent,10,0.6641122611464968,0,8,None,66,1,5,False,1,1
37967,157,betCent,10,0.6660031847133758,0,8,None,66,1,5,False,1,1
37968,158,betCent,10,0.6671974522292994,0,8,None,66,1,5,False,1,1
37969,159,betCent,10,0.6687898089171974,0,8,None,66,1,5,False,1,1
37970,155,betCent,10,0.7463176751592356,0,20,None,66,1,5,False,1,1
37971,156,betCent,10,0.7465167197452229,0,20,None,66,1,5,False,1,1
37972,157,betCent,10,0.7485071656050956,0,20,None,66,1,5,False,1,1
37973,158,betCent,10,0.7503980891719745,0,20,None,66,1,5,False,1,1
37974,159,betCent,10,0.7516918789808917,0,20,None,66,1,5,False,1,1
37975,155,betCent,10,0.6318670382165605,0,19,None,66,1,5,False,1,1
37976,156,betCent,10,0.627687101910828,0,19,None,66,1,5,False,1,1
37977,157,betCent,10,0.6271894904458599,0,19,None,66,1,5,False,1,1
37978,158,betCent,10,0.6284832802547771,0,19,None,66,1,5,False,1,1
37979,159,betCent,10,0.6288813694267515,0,19,None,66,1,5,False,1,1
37980,155,betCent,10,0.7434315286624203,0,22,None,66,1,5,False,1,1
37981,156,betCent,10,0.7353702229299363,0,22,None,66,1,5,False,1,1
37982,157,betCent,10,0.7314888535031847,0,22,None,66,1,5,False,1,1
37983,158,betCent,10,0.7298964968152867,0,22,None,66,1,5,False,1,1
37984,159,betCent,10,0.7291998407643312,0,22,None,66,1,5,False,1,1
37985,155,betCent,10,0.5870820063694268,0,14,None,66,1,5,False,1,1
37986,156,betCent,10,0.5902667197452229,0,14,None,66,1,5,False,1,1
37987,157,betCent,10,0.59375,0,14,None,66,1,5,False,1,1
37988,158,betCent,10,0.5971337579617835,0,14,None,66,1,5,False,1,1
37989,159,betCent,10,0.6011146496815286,0,14,None,66,1,5,False,1,1
37990,155,betCent,10,0.6903861464968153,0,23,None,66,1,5,False,1,1
37991,156,betCent,10,0.6902866242038217,0,23,None,66,1,5,False,1,1
37992,157,betCent,10,0.6917794585987261,0,23,None,66,1,5,False,1,1
37993,158,betCent,10,0.6936703821656051,0,23,None,66,1,5,False,1,1
37994,159,betCent,10,0.6940684713375797,0,23,None,66,1,5,False,1,1
37995,155,betCent,10,0.7486066878980892,0,21,None,66,1,5,False,1,1
37996,156,betCent,10,0.7478105095541401,0,21,None,66,1,5,False,1,1
37997,157,betCent,10,0.748109076433121,0,21,None,66,1,5,False,1,1
37998,158,betCent,10,0.7486066878980892,0,21,None,66,1,5,False,1,1
37999,159,betCent,10,0.7492038216560509,0,21,None,66,1,5,False,1,1
38000,155,betCent,10,0.7072054140127388,0,24,None,66,1,5,False,1,1
38001,156,betCent,10,0.7094944267515924,0,24,None,66,1,5,False,1,1
38002,157,betCent,10,0.7124800955414012,0,24,None,66,1,5,False,1,1
38003,158,betCent,10,0.7151671974522293,0,24,None,66,1,5,False,1,1
38004,159,betCent,10,0.7165605095541401,0,24,None,66,1,5,False,1,1
38005,155,betCent,10,0.70203025477707,0,28,None,66,1,5,False,1,1
38006,156,betCent,10,0.6952627388535032,0,28,None,66,1,5,False,1,1
38007,157,betCent,10,0.6908837579617835,0,28,None,66,1,5,False,1,1
38008,158,betCent,10,0.6900875796178344,0,28,None,66,1,5,False,1,1
38009,159,betCent,10,0.6909832802547771,0,28,None,66,1,5,False,1,1
38010,155,betCent,10,0.7015326433121019,0,29,None,66,1,5,False,1,1
38011,156,betCent,10,0.6942675159235668,0,29,None,66,1,5,False,1,1
38012,157,betCent,10,0.6909832802547771,0,29,None,66,1,5,False,1,1
38013,158,betCent,10,0.6881966560509554,0,29,None,66,1,5,False,1,1
38014,159,betCent,10,0.6873009554140127,0,29,None,66,1,5,False,1,1
38015,155,betCent,10,0.7204418789808917,0,9,None,66,1,5,False,1,1
38016,156,betCent,10,0.7193471337579618,0,9,None,66,1,5,False,1,1
38017,157,betCent,10,0.7200437898089171,0,9,None,66,1,5,False,1,1
38018,158,betCent,10,0.7223328025477707,0,9,None,66,1,5,False,1,1
38019,159,betCent,10,0.7231289808917197,0,9,None,66,1,5,False,1,1
38020,155,betCent,10,0.7033240445859873,0,30,None,66,1,5,False,1,1
38021,156,betCent,10,0.7312898089171974,0,30,None,66,1,5,False,1,1
38022,157,betCent,10,0.7432324840764332,0,30,None,66,1,5,False,1,1
38023,158,betCent,10,0.7500995222929936,0,30,None,66,1,5,False,1,1
38024,159,betCent,10,0.7536823248407644,0,30,None,66,1,5,False,1,1
38025,155,betCent,10,0.7395501592356688,0,18,None,66,1,5,False,1,1
38026,156,betCent,10,0.7407444267515924,0,18,None,66,1,5,False,1,1
38027,157,betCent,10,0.7417396496815286,0,18,None,66,1,5,False,1,1
38028,158,betCent,10,0.7421377388535032,0,18,None,66,1,5,False,1,1
38029,159,betCent,10,0.7423367834394905,0,18,None,66,1,5,False,1,1
38030,155,betCent,10,0.7076035031847133,0,27,None,66,1,5,False,1,1
38031,156,betCent,10,0.7036226114649682,0,27,None,66,1,5,False,1,1
38032,157,betCent,10,0.7037221337579618,0,27,None,66,1,5,False,1,1
38033,158,betCent,10,0.7044187898089171,0,27,None,66,1,5,False,1,1
38034,159,betCent,10,0.705015923566879,0,27,None,66,1,5,False,1,1
38035,155,betCent,10,0.7574641719745223,0,31,None,66,1,5,False,1,1
38036,156,betCent,10,0.7589570063694268,0,31,None,66,1,5,False,1,1
38037,157,betCent,10,0.7603503184713376,0,31,None,66,1,5,False,1,1
38038,158,betCent,10,0.7604498407643312,0,31,None,66,1,5,False,1,1
38039,159,betCent,10,0.7596536624203821,0,31,None,66,1,5,False,1,1
38040,155,betCent,10,0.7502985668789809,0,7,None,66,1,5,False,1,1
38041,156,betCent,10,0.7530851910828026,0,7,None,66,1,5,False,1,1
38042,157,betCent,10,0.7539808917197452,0,7,None,66,1,5,False,1,1
38043,158,betCent,10,0.7543789808917197,0,7,None,66,1,5,False,1,1
38044,159,betCent,10,0.7542794585987261,0,7,None,66,1,5,False,1,1
38045,155,betCent,10,0.6720740445859873,0,32,None,66,1,5,False,1,1
38046,156,betCent,10,0.6569466560509554,0,32,None,66,1,5,False,1,1
38047,157,betCent,10,0.65515525477707,0,32,None,66,1,5,False,1,1
38048,158,betCent,10,0.653562898089172,0,32,None,66,1,5,False,1,1
38049,159,betCent,10,0.6533638535031847,0,32,None,66,1,5,False,1,1
38050,155,betCent,10,0.6769506369426752,0,4,None,66,1,5,False,1,1
38051,156,betCent,10,0.671875,0,4,None,66,1,5,False,1,1
38052,157,betCent,10,0.6564490445859873,0,4,None,66,1,5,False,1,1
38053,158,betCent,10,0.6442078025477707,0,4,None,66,1,5,False,1,1
38054,159,betCent,10,0.6382364649681529,0,4,None,66,1,5,False,1,1
38055,155,betCent,10,0.6432125796178344,0,2,None,66,1,5,False,1,1
38056,156,betCent,10,0.6207205414012739,0,2,None,66,1,5,False,1,1
38057,157,betCent,10,0.607484076433121,0,2,None,66,1,5,False,1,1
38058,158,betCent,10,0.5988256369426752,0,2,None,66,1,5,False,1,1
38059,159,betCent,10,0.5955414012738853,0,2,None,66,1,5,False,1,1
38060,155,betCent,10,0.7243232484076433,0,12,None,66,1,5,False,1,1
38061,156,betCent,10,0.7219347133757962,0,12,None,66,1,5,False,1,1
38062,157,betCent,10,0.7223328025477707,0,12,None,66,1,5,False,1,1
38063,158,betCent,10,0.7234275477707006,0,12,None,66,1,5,False,1,1
38064,159,betCent,10,0.724422770700637,0,12,None,66,1,5,False,1,1
38065,155,betCent,10,0.7112858280254777,0,6,None,66,1,5,False,1,1
38066,156,betCent,10,0.7104896496815286,0,6,None,66,1,5,False,1,1
38067,157,betCent,10,0.710390127388535,0,6,None,66,1,5,False,1,1
38068,158,betCent,10,0.712281050955414,0,6,None,66,1,5,False,1,1
38069,159,betCent,10,0.7134753184713376,0,6,None,66,1,5,False,1,1
38070,155,betCent,10,0.6932722929936306,0,25,None,66,1,5,False,1,1
38071,156,betCent,10,0.6801353503184714,0,25,None,66,1,5,False,1,1
38072,157,betCent,10,0.6761544585987261,0,25,None,66,1,5,False,1,1
38073,158,betCent,10,0.6739649681528662,0,25,None,66,1,5,False,1,1
38074,159,betCent,10,0.6741640127388535,0,25,None,66,1,5,False,1,1
38075,155,betCent,10,0.7367635350318471,0,13,None,66,1,5,False,1,1
38076,156,betCent,10,0.7380573248407644,0,13,None,66,1,5,False,1,1
38077,157,betCent,10,0.7383558917197452,0,13,None,66,1,5,False,1,1
38078,158,betCent,10,0.7386544585987261,0,13,None,66,1,5,False,1,1
38079,159,betCent,10,0.7375597133757962,0,13,None,66,1,5,False,1,1
38080,155,betCent,10,0.6706807324840764,0,26,None,66,1,5,False,1,1
38081,156,betCent,10,0.6637141719745223,0,26,None,66,1,5,False,1,1
38082,157,betCent,10,0.6613256369426752,0,26,None,66,1,5,False,1,1
38083,158,betCent,10,0.6607285031847133,0,26,None,66,1,5,False,1,1
38084,159,betCent,10,0.6594347133757962,0,26,None,66,1,5,False,1,1
38085,155,betCent,10,0.6774482484076433,0,1,None,66,1,5,False,1,1
38086,156,betCent,10,0.714171974522293,0,1,None,66,1,5,False,1,1
38087,157,betCent,10,0.7197452229299363,0,1,None,66,1,5,False,1,1
38088,158,betCent,10,0.7231289808917197,0,1,None,66,1,5,False,1,1
38089,159,betCent,10,0.7242237261146497,0,1,None,66,1,5,False,1,1
38090,155,betCent,10,0.7036226114649682,0,0,None,66,1,5,False,1,1
38091,156,betCent,10,0.7051154458598726,0,0,None,66,1,5,False,1,1
38092,157,betCent,10,0.7059116242038217,0,0,None,66,1,5,False,1,1
38093,158,betCent,10,0.706906847133758,0,0,None,66,1,5,False,1,1
38094,159,betCent,10,0.7071058917197452,0,0,None,66,1,5,False,1,1
38095,155,betCent,10,0.7392515923566879,0,10,None,66,1,5,False,1,1
38096,156,betCent,10,0.7426353503184714,0,10,None,66,1,5,False,1,1
38097,157,betCent,10,0.7444267515923567,0,10,None,66,1,5,False,1,1
38098,158,betCent,10,0.7466162420382165,0,10,None,66,1,5,False,1,1
38099,159,betCent,10,0.7478105095541401,0,10,None,66,1,5,False,1,1
38100,155,betCent,10,0.7484076433121019,0,11,None,66,1,5,False,1,1
38101,156,betCent,10,0.7456210191082803,0,11,None,66,1,5,False,1,1
38102,157,betCent,10,0.7467157643312102,0,11,None,66,1,5,False,1,1
38103,158,betCent,10,0.7471138535031847,0,11,None,66,1,5,False,1,1
38104,159,betCent,10,0.7477109872611465,0,11,None,66,1,5,False,1,1
38105,155,betCent,10,0.7078025477707006,0,3,None,66,1,5,False,1,1
38106,156,betCent,10,0.7067078025477707,0,3,None,66,1,5,False,1,1
38107,157,betCent,10,0.7064092356687898,0,3,None,66,1,5,False,1,1
38108,158,betCent,10,0.7074044585987261,0,3,None,66,1,5,False,1,1
38109,159,betCent,10,0.7075039808917197,0,3,None,66,1,5,False,1,1
38110,155,betCent,10,0.7157643312101911,0,17,None,66,1,5,False,1,1
38111,156,betCent,10,0.7179538216560509,0,17,None,66,1,5,False,1,1
38112,157,betCent,10,0.7192476114649682,0,17,None,66,1,5,False,1,1
38113,158,betCent,10,0.7208399681528662,0,17,None,66,1,5,False,1,1
38114,159,betCent,10,0.7208399681528662,0,17,None,66,1,5,False,1,1
38115,160,betCent,10,0.7067078025477707,0,30,None,66,1,5,False,1,1
38116,161,betCent,10,0.7373606687898089,0,30,None,66,1,5,False,1,1
38117,162,betCent,10,0.748109076433121,0,30,None,66,1,5,False,1,1
38118,163,betCent,10,0.7529856687898089,0,30,None,66,1,5,False,1,1
38119,164,betCent,10,0.7570660828025477,0,30,None,66,1,5,False,1,1
38120,160,betCent,10,0.6846138535031847,0,1,None,66,1,5,False,1,1
38121,161,betCent,10,0.7165605095541401,0,1,None,66,1,5,False,1,1
38122,162,betCent,10,0.7219347133757962,0,1,None,66,1,5,False,1,1
38123,163,betCent,10,0.7247213375796179,0,1,None,66,1,5,False,1,1
38124,164,betCent,10,0.7259156050955414,0,1,None,66,1,5,False,1,1
38125,160,betCent,10,0.6457006369426752,0,2,None,66,1,5,False,1,1
38126,161,betCent,10,0.6225119426751592,0,2,None,66,1,5,False,1,1
38127,162,betCent,10,0.6089769108280255,0,2,None,66,1,5,False,1,1
38128,163,betCent,10,0.6007165605095541,0,2,None,66,1,5,False,1,1
38129,164,betCent,10,0.597531847133758,0,2,None,66,1,5,False,1,1
38130,160,betCent,10,0.7513933121019108,0,11,None,66,1,5,False,1,1
38131,161,betCent,10,0.7483081210191083,0,11,None,66,1,5,False,1,1
38132,162,betCent,10,0.7482085987261147,0,11,None,66,1,5,False,1,1
38133,163,betCent,10,0.7499004777070064,0,11,None,66,1,5,False,1,1
38134,164,betCent,10,0.7506966560509554,0,11,None,66,1,5,False,1,1
38135,160,betCent,10,0.7352707006369427,0,22,None,66,1,5,False,1,1
38136,161,betCent,10,0.7340764331210191,0,22,None,66,1,5,False,1,1
38137,162,betCent,10,0.7321855095541401,0,22,None,66,1,5,False,1,1
38138,163,betCent,10,0.7311902866242038,0,22,None,66,1,5,False,1,1
38139,164,betCent,10,0.7306926751592356,0,22,None,66,1,5,False,1,1
38140,160,betCent,10,0.6965565286624203,0,23,None,66,1,5,False,1,1
38141,161,betCent,10,0.6953622611464968,0,23,None,66,1,5,False,1,1
38142,162,betCent,10,0.6978503184713376,0,23,None,66,1,5,False,1,1
38143,163,betCent,10,0.6980493630573248,0,23,None,66,1,5,False,1,1
38144,164,betCent,10,0.6984474522292994,0,23,None,66,1,5,False,1,1
38145,160,betCent,10,0.7514928343949044,0,5,None,66,1,5,False,1,1
38146,161,betCent,10,0.7463176751592356,0,5,None,66,1,5,False,1,1
38147,162,betCent,10,0.7442277070063694,0,5,None,66,1,5,False,1,1
38148,163,betCent,10,0.7432324840764332,0,5,None,66,1,5,False,1,1
38149,164,betCent,10,0.744327229299363,0,5,None,66,1,5,False,1,1
38150,160,betCent,10,0.7219347133757962,0,16,None,66,1,5,False,1,1
38151,161,betCent,10,0.7294984076433121,0,16,None,66,1,5,False,1,1
38152,162,betCent,10,0.7356687898089171,0,16,None,66,1,5,False,1,1
38153,163,betCent,10,0.740047770700637,0,16,None,66,1,5,False,1,1
38154,164,betCent,10,0.7446257961783439,0,16,None,66,1,5,False,1,1
38155,160,betCent,10,0.7511942675159236,0,7,None,66,1,5,False,1,1
38156,161,betCent,10,0.7540804140127388,0,7,None,66,1,5,False,1,1
38157,162,betCent,10,0.7546775477707006,0,7,None,66,1,5,False,1,1
38158,163,betCent,10,0.7546775477707006,0,7,None,66,1,5,False,1,1
38159,164,betCent,10,0.7553742038216561,0,7,None,66,1,5,False,1,1
38160,160,betCent,10,0.6545581210191083,0,32,None,66,1,5,False,1,1
38161,161,betCent,10,0.6492834394904459,0,32,None,66,1,5,False,1,1
38162,162,betCent,10,0.648984872611465,0,32,None,66,1,5,False,1,1
38163,163,betCent,10,0.6502786624203821,0,32,None,66,1,5,False,1,1
38164,164,betCent,10,0.6511743630573248,0,32,None,66,1,5,False,1,1
38165,160,betCent,10,0.7228304140127388,0,9,None,66,1,5,False,1,1
38166,161,betCent,10,0.7209394904458599,0,9,None,66,1,5,False,1,1
38167,162,betCent,10,0.7224323248407644,0,9,None,66,1,5,False,1,1
38168,163,betCent,10,0.7235270700636943,0,9,None,66,1,5,False,1,1
38169,164,betCent,10,0.7248208598726115,0,9,None,66,1,5,False,1,1
38170,160,betCent,10,0.5908638535031847,0,14,None,66,1,5,False,1,1
38171,161,betCent,10,0.59375,0,14,None,66,1,5,False,1,1
38172,162,betCent,10,0.5980294585987261,0,14,None,66,1,5,False,1,1
38173,163,betCent,10,0.6041998407643312,0,14,None,66,1,5,False,1,1
38174,164,betCent,10,0.6065883757961783,0,14,None,66,1,5,False,1,1
38175,160,betCent,10,0.7029259554140127,0,29,None,66,1,5,False,1,1
38176,161,betCent,10,0.6952627388535032,0,29,None,66,1,5,False,1,1
38177,162,betCent,10,0.6927746815286624,0,29,None,66,1,5,False,1,1
38178,163,betCent,10,0.6910828025477707,0,29,None,66,1,5,False,1,1
38179,164,betCent,10,0.6903861464968153,0,29,None,66,1,5,False,1,1
38180,160,betCent,10,0.7263136942675159,0,12,None,66,1,5,False,1,1
38181,161,betCent,10,0.7248208598726115,0,12,None,66,1,5,False,1,1
38182,162,betCent,10,0.7237261146496815,0,12,None,66,1,5,False,1,1
38183,163,betCent,10,0.7246218152866242,0,12,None,66,1,5,False,1,1
38184,164,betCent,10,0.7266122611464968,0,12,None,66,1,5,False,1,1
38185,160,betCent,10,0.7390525477707006,0,13,None,66,1,5,False,1,1
38186,161,betCent,10,0.7404458598726115,0,13,None,66,1,5,False,1,1
38187,162,betCent,10,0.740843949044586,0,13,None,66,1,5,False,1,1
38188,163,betCent,10,0.7407444267515924,0,13,None,66,1,5,False,1,1
38189,164,betCent,10,0.7409434713375797,0,13,None,66,1,5,False,1,1
38190,160,betCent,10,0.7158638535031847,0,6,None,66,1,5,False,1,1
38191,161,betCent,10,0.714968152866242,0,6,None,66,1,5,False,1,1
38192,162,betCent,10,0.7152667197452229,0,6,None,66,1,5,False,1,1
38193,163,betCent,10,0.7164609872611465,0,6,None,66,1,5,False,1,1
38194,164,betCent,10,0.7169585987261147,0,6,None,66,1,5,False,1,1
38195,160,betCent,10,0.6944665605095541,0,25,None,66,1,5,False,1,1
38196,161,betCent,10,0.6811305732484076,0,25,None,66,1,5,False,1,1
38197,162,betCent,10,0.6773487261146497,0,25,None,66,1,5,False,1,1
38198,163,betCent,10,0.6759554140127388,0,25,None,66,1,5,False,1,1
38199,164,betCent,10,0.6757563694267515,0,25,None,66,1,5,False,1,1
38200,160,betCent,10,0.671875,0,26,None,66,1,5,False,1,1
38201,161,betCent,10,0.6657046178343949,0,26,None,66,1,5,False,1,1
38202,162,betCent,10,0.6624203821656051,0,26,None,66,1,5,False,1,1
38203,163,betCent,10,0.6612261146496815,0,26,None,66,1,5,False,1,1
38204,164,betCent,10,0.6614251592356688,0,26,None,66,1,5,False,1,1
38205,160,betCent,10,0.7060111464968153,0,15,None,66,1,5,False,1,1
38206,161,betCent,10,0.7068073248407644,0,15,None,66,1,5,False,1,1
38207,162,betCent,10,0.7074044585987261,0,15,None,66,1,5,False,1,1
38208,163,betCent,10,0.706906847133758,0,15,None,66,1,5,False,1,1
38209,164,betCent,10,0.7066082802547771,0,15,None,66,1,5,False,1,1
38210,160,betCent,10,0.7419386942675159,0,10,None,66,1,5,False,1,1
38211,161,betCent,10,0.7441281847133758,0,10,None,66,1,5,False,1,1
38212,162,betCent,10,0.7467157643312102,0,10,None,66,1,5,False,1,1
38213,163,betCent,10,0.7484076433121019,0,10,None,66,1,5,False,1,1
38214,164,betCent,10,0.7496019108280255,0,10,None,66,1,5,False,1,1
38215,160,betCent,10,0.7501990445859873,0,20,None,66,1,5,False,1,1
38216,161,betCent,10,0.7511942675159236,0,20,None,66,1,5,False,1,1
38217,162,betCent,10,0.7525875796178344,0,20,None,66,1,5,False,1,1
38218,163,betCent,10,0.7536823248407644,0,20,None,66,1,5,False,1,1
38219,164,betCent,10,0.7552746815286624,0,20,None,66,1,5,False,1,1
38220,160,betCent,10,0.6801353503184714,0,4,None,66,1,5,False,1,1
38221,161,betCent,10,0.6759554140127388,0,4,None,66,1,5,False,1,1
38222,162,betCent,10,0.6590366242038217,0,4,None,66,1,5,False,1,1
38223,163,betCent,10,0.6495820063694268,0,4,None,66,1,5,False,1,1
38224,164,betCent,10,0.6423168789808917,0,4,None,66,1,5,False,1,1
38225,160,betCent,10,0.7030254777070064,0,28,None,66,1,5,False,1,1
38226,161,betCent,10,0.6970541401273885,0,28,None,66,1,5,False,1,1
38227,162,betCent,10,0.6929737261146497,0,28,None,66,1,5,False,1,1
38228,163,betCent,10,0.6928742038216561,0,28,None,66,1,5,False,1,1
38229,164,betCent,10,0.6927746815286624,0,28,None,66,1,5,False,1,1
38230,160,betCent,10,0.7041202229299363,0,0,None,66,1,5,False,1,1
38231,161,betCent,10,0.7059116242038217,0,0,None,66,1,5,False,1,1
38232,162,betCent,10,0.7070063694267515,0,0,None,66,1,5,False,1,1
38233,163,betCent,10,0.7074044585987261,0,0,None,66,1,5,False,1,1
38234,164,betCent,10,0.7072054140127388,0,0,None,66,1,5,False,1,1
38235,160,betCent,10,0.6676950636942676,0,8,None,66,1,5,False,1,1
38236,161,betCent,10,0.6670979299363057,0,8,None,66,1,5,False,1,1
38237,162,betCent,10,0.6686902866242038,0,8,None,66,1,5,False,1,1
38238,163,betCent,10,0.6702826433121019,0,8,None,66,1,5,False,1,1
38239,164,betCent,10,0.6715764331210191,0,8,None,66,1,5,False,1,1
38240,160,betCent,10,0.709593949044586,0,3,None,66,1,5,False,1,1
38241,161,betCent,10,0.7089968152866242,0,3,None,66,1,5,False,1,1
38242,162,betCent,10,0.7089968152866242,0,3,None,66,1,5,False,1,1
38243,163,betCent,10,0.7091958598726115,0,3,None,66,1,5,False,1,1
38244,164,betCent,10,0.7093949044585988,0,3,None,66,1,5,False,1,1
38245,160,betCent,10,0.7420382165605095,0,18,None,66,1,5,False,1,1
38246,161,betCent,10,0.7422372611464968,0,18,None,66,1,5,False,1,1
38247,162,betCent,10,0.7438296178343949,0,18,None,66,1,5,False,1,1
38248,163,betCent,10,0.743531050955414,0,18,None,66,1,5,False,1,1
38249,164,betCent,10,0.7444267515923567,0,18,None,66,1,5,False,1,1
38250,160,betCent,10,0.6428144904458599,0,19,None,66,1,5,False,1,1
38251,161,betCent,10,0.6396297770700637,0,19,None,66,1,5,False,1,1
38252,162,betCent,10,0.6371417197452229,0,19,None,66,1,5,False,1,1
38253,163,betCent,10,0.6364450636942676,0,19,None,66,1,5,False,1,1
38254,164,betCent,10,0.636843152866242,0,19,None,66,1,5,False,1,1
38255,160,betCent,10,0.7585589171974523,0,31,None,66,1,5,False,1,1
38256,161,betCent,10,0.7593550955414012,0,31,None,66,1,5,False,1,1
38257,162,betCent,10,0.761046974522293,0,31,None,66,1,5,False,1,1
38258,163,betCent,10,0.7619426751592356,0,31,None,66,1,5,False,1,1
38259,164,betCent,10,0.762937898089172,0,31,None,66,1,5,False,1,1
38260,160,betCent,10,0.7208399681528662,0,17,None,66,1,5,False,1,1
38261,161,betCent,10,0.722531847133758,0,17,None,66,1,5,False,1,1
38262,162,betCent,10,0.7230294585987261,0,17,None,66,1,5,False,1,1
38263,163,betCent,10,0.7251194267515924,0,17,None,66,1,5,False,1,1
38264,164,betCent,10,0.7267117834394905,0,17,None,66,1,5,False,1,1
38265,160,betCent,10,0.7500995222929936,0,21,None,66,1,5,False,1,1
38266,161,betCent,10,0.7492038216560509,0,21,None,66,1,5,False,1,1
38267,162,betCent,10,0.7490047770700637,0,21,None,66,1,5,False,1,1
38268,163,betCent,10,0.7505971337579618,0,21,None,66,1,5,False,1,1
38269,164,betCent,10,0.7514928343949044,0,21,None,66,1,5,False,1,1
38270,160,betCent,10,0.7066082802547771,0,24,None,66,1,5,False,1,1
38271,161,betCent,10,0.7110867834394905,0,24,None,66,1,5,False,1,1
38272,162,betCent,10,0.7140724522292994,0,24,None,66,1,5,False,1,1
38273,163,betCent,10,0.7166600318471338,0,24,None,66,1,5,False,1,1
38274,164,betCent,10,0.7180533439490446,0,24,None,66,1,5,False,1,1
38275,160,betCent,10,0.7074044585987261,0,27,None,66,1,5,False,1,1
38276,161,betCent,10,0.7041202229299363,0,27,None,66,1,5,False,1,1
38277,162,betCent,10,0.7046178343949044,0,27,None,66,1,5,False,1,1
38278,163,betCent,10,0.7043192675159236,0,27,None,66,1,5,False,1,1
38279,164,betCent,10,0.7052149681528662,0,27,None,66,1,5,False,1,1
38280,165,betCent,10,0.6577428343949044,0,32,None,66,1,5,False,1,1
38281,166,betCent,10,0.6525676751592356,0,32,None,66,1,5,False,1,1
38282,167,betCent,10,0.6526671974522293,0,32,None,66,1,5,False,1,1
38283,168,betCent,10,0.6531648089171974,0,32,None,66,1,5,False,1,1
38284,169,betCent,10,0.6545581210191083,0,32,None,66,1,5,False,1,1
38285,165,betCent,10,0.7385549363057324,0,22,None,66,1,5,False,1,1
38286,166,betCent,10,0.7367635350318471,0,22,None,66,1,5,False,1,1
38287,167,betCent,10,0.7358678343949044,0,22,None,66,1,5,False,1,1
38288,168,betCent,10,0.7351711783439491,0,22,None,66,1,5,False,1,1
38289,169,betCent,10,0.7346735668789809,0,22,None,66,1,5,False,1,1
38290,165,betCent,10,0.5982285031847133,0,14,None,66,1,5,False,1,1
38291,166,betCent,10,0.6009156050955414,0,14,None,66,1,5,False,1,1
38292,167,betCent,10,0.6052945859872612,0,14,None,66,1,5,False,1,1
38293,168,betCent,10,0.6091759554140127,0,14,None,66,1,5,False,1,1
38294,169,betCent,10,0.6129578025477707,0,14,None,66,1,5,False,1,1
38295,165,betCent,10,0.6712778662420382,0,26,None,66,1,5,False,1,1
38296,166,betCent,10,0.6653065286624203,0,26,None,66,1,5,False,1,1
38297,167,betCent,10,0.6634156050955414,0,26,None,66,1,5,False,1,1
38298,168,betCent,10,0.6626194267515924,0,26,None,66,1,5,False,1,1
38299,169,betCent,10,0.6615246815286624,0,26,None,66,1,5,False,1,1
38300,165,betCent,10,0.695859872611465,0,25,None,66,1,5,False,1,1
38301,166,betCent,10,0.6822253184713376,0,25,None,66,1,5,False,1,1
38302,167,betCent,10,0.6773487261146497,0,25,None,66,1,5,False,1,1
38303,168,betCent,10,0.6767515923566879,0,25,None,66,1,5,False,1,1
38304,169,betCent,10,0.6763535031847133,0,25,None,66,1,5,False,1,1
38305,165,betCent,10,0.7234275477707006,0,16,None,66,1,5,False,1,1
38306,166,betCent,10,0.73328025477707,0,16,None,66,1,5,False,1,1
38307,167,betCent,10,0.7385549363057324,0,16,None,66,1,5,False,1,1
38308,168,betCent,10,0.7439291401273885,0,16,None,66,1,5,False,1,1
38309,169,betCent,10,0.7465167197452229,0,16,None,66,1,5,False,1,1
38310,165,betCent,10,0.7529856687898089,0,7,None,66,1,5,False,1,1
38311,166,betCent,10,0.7550756369426752,0,7,None,66,1,5,False,1,1
38312,167,betCent,10,0.7558718152866242,0,7,None,66,1,5,False,1,1
38313,168,betCent,10,0.7561703821656051,0,7,None,66,1,5,False,1,1
38314,169,betCent,10,0.7567675159235668,0,7,None,66,1,5,False,1,1
38315,165,betCent,10,0.7449243630573248,0,10,None,66,1,5,False,1,1
38316,166,betCent,10,0.7475119426751592,0,10,None,66,1,5,False,1,1
38317,167,betCent,10,0.7492038216560509,0,10,None,66,1,5,False,1,1
38318,168,betCent,10,0.7493033439490446,0,10,None,66,1,5,False,1,1
38319,169,betCent,10,0.7517914012738853,0,10,None,66,1,5,False,1,1
38320,165,betCent,10,0.7090963375796179,0,15,None,66,1,5,False,1,1
38321,166,betCent,10,0.7100915605095541,0,15,None,66,1,5,False,1,1
38322,167,betCent,10,0.710390127388535,0,15,None,66,1,5,False,1,1
38323,168,betCent,10,0.7106886942675159,0,15,None,66,1,5,False,1,1
38324,169,betCent,10,0.7104896496815286,0,15,None,66,1,5,False,1,1
38325,165,betCent,10,0.7285031847133758,0,12,None,66,1,5,False,1,1
38326,166,betCent,10,0.7269108280254777,0,12,None,66,1,5,False,1,1
38327,167,betCent,10,0.726015127388535,0,12,None,66,1,5,False,1,1
38328,168,betCent,10,0.7257165605095541,0,12,None,66,1,5,False,1,1
38329,169,betCent,10,0.7275079617834395,0,12,None,66,1,5,False,1,1
38330,165,betCent,10,0.7539808917197452,0,20,None,66,1,5,False,1,1
38331,166,betCent,10,0.7548765923566879,0,20,None,66,1,5,False,1,1
38332,167,betCent,10,0.7563694267515924,0,20,None,66,1,5,False,1,1
38333,168,betCent,10,0.7579617834394905,0,20,None,66,1,5,False,1,1
38334,169,betCent,10,0.7592555732484076,0,20,None,66,1,5,False,1,1
38335,165,betCent,10,0.6923765923566879,0,1,None,66,1,5,False,1,1
38336,166,betCent,10,0.7201433121019108,0,1,None,66,1,5,False,1,1
38337,167,betCent,10,0.7241242038216561,0,1,None,66,1,5,False,1,1
38338,168,betCent,10,0.7274084394904459,0,1,None,66,1,5,False,1,1
38339,169,betCent,10,0.7277070063694268,0,1,None,66,1,5,False,1,1
38340,165,betCent,10,0.7544785031847133,0,5,None,66,1,5,False,1,1
38341,166,betCent,10,0.7488057324840764,0,5,None,66,1,5,False,1,1
38342,167,betCent,10,0.7466162420382165,0,5,None,66,1,5,False,1,1
38343,168,betCent,10,0.7456210191082803,0,5,None,66,1,5,False,1,1
38344,169,betCent,10,0.7459195859872612,0,5,None,66,1,5,False,1,1
38345,165,betCent,10,0.6826234076433121,0,4,None,66,1,5,False,1,1
38346,166,betCent,10,0.6793391719745223,0,4,None,66,1,5,False,1,1
38347,167,betCent,10,0.6625199044585988,0,4,None,66,1,5,False,1,1
38348,168,betCent,10,0.6538614649681529,0,4,None,66,1,5,False,1,1
38349,169,betCent,10,0.6459992038216561,0,4,None,66,1,5,False,1,1
38350,165,betCent,10,0.740843949044586,0,13,None,66,1,5,False,1,1
38351,166,betCent,10,0.7426353503184714,0,13,None,66,1,5,False,1,1
38352,167,betCent,10,0.7428343949044586,0,13,None,66,1,5,False,1,1
38353,168,betCent,10,0.7422372611464968,0,13,None,66,1,5,False,1,1
38354,169,betCent,10,0.742734872611465,0,13,None,66,1,5,False,1,1
38355,165,betCent,10,0.7250199044585988,0,9,None,66,1,5,False,1,1
38356,166,betCent,10,0.7235270700636943,0,9,None,66,1,5,False,1,1
38357,167,betCent,10,0.724422770700637,0,9,None,66,1,5,False,1,1
38358,168,betCent,10,0.7256170382165605,0,9,None,66,1,5,False,1,1
38359,169,betCent,10,0.7270103503184714,0,9,None,66,1,5,False,1,1
38360,165,betCent,10,0.7001393312101911,0,23,None,66,1,5,False,1,1
38361,166,betCent,10,0.6991441082802548,0,23,None,66,1,5,False,1,1
38362,167,betCent,10,0.6998407643312102,0,23,None,66,1,5,False,1,1
38363,168,betCent,10,0.7000398089171974,0,23,None,66,1,5,False,1,1
38364,169,betCent,10,0.7002388535031847,0,23,None,66,1,5,False,1,1
38365,165,betCent,10,0.7046178343949044,0,28,None,66,1,5,False,1,1
38366,166,betCent,10,0.6990445859872612,0,28,None,66,1,5,False,1,1
38367,167,betCent,10,0.6960589171974523,0,28,None,66,1,5,False,1,1
38368,168,betCent,10,0.6950636942675159,0,28,None,66,1,5,False,1,1
38369,169,betCent,10,0.6949641719745223,0,28,None,66,1,5,False,1,1
38370,165,betCent,10,0.7065087579617835,0,29,None,66,1,5,False,1,1
38371,166,betCent,10,0.6988455414012739,0,29,None,66,1,5,False,1,1
38372,167,betCent,10,0.6959593949044586,0,29,None,66,1,5,False,1,1
38373,168,betCent,10,0.693968949044586,0,29,None,66,1,5,False,1,1
38374,169,betCent,10,0.6929737261146497,0,29,None,66,1,5,False,1,1
38375,165,betCent,10,0.7115843949044586,0,30,None,66,1,5,False,1,1
38376,166,betCent,10,0.7417396496815286,0,30,None,66,1,5,False,1,1
38377,167,betCent,10,0.7527866242038217,0,30,None,66,1,5,False,1,1
38378,168,betCent,10,0.7568670382165605,0,30,None,66,1,5,False,1,1
38379,169,betCent,10,0.7607484076433121,0,30,None,66,1,5,False,1,1
38380,165,betCent,10,0.7115843949044586,0,6,None,66,1,5,False,1,1
38381,166,betCent,10,0.7150676751592356,0,6,None,66,1,5,False,1,1
38382,167,betCent,10,0.7156648089171974,0,6,None,66,1,5,False,1,1
38383,168,betCent,10,0.7171576433121019,0,6,None,66,1,5,False,1,1
38384,169,betCent,10,0.71765525477707,0,6,None,66,1,5,False,1,1
38385,165,betCent,10,0.7452229299363057,0,18,None,66,1,5,False,1,1
38386,166,betCent,10,0.7439291401273885,0,18,None,66,1,5,False,1,1
38387,167,betCent,10,0.746218152866242,0,18,None,66,1,5,False,1,1
38388,168,betCent,10,0.7464171974522293,0,18,None,66,1,5,False,1,1
38389,169,betCent,10,0.7479100318471338,0,18,None,66,1,5,False,1,1
38390,165,betCent,10,0.7635350318471338,0,31,None,66,1,5,False,1,1
38391,166,betCent,10,0.7625398089171974,0,31,None,66,1,5,False,1,1
38392,167,betCent,10,0.7643312101910829,0,31,None,66,1,5,False,1,1
38393,168,betCent,10,0.7643312101910829,0,31,None,66,1,5,False,1,1
38394,169,betCent,10,0.7635350318471338,0,31,None,66,1,5,False,1,1
38395,165,betCent,10,0.6477906050955414,0,2,None,66,1,5,False,1,1
38396,166,betCent,10,0.6248009554140127,0,2,None,66,1,5,False,1,1
38397,167,betCent,10,0.6115644904458599,0,2,None,66,1,5,False,1,1
38398,168,betCent,10,0.6038017515923567,0,2,None,66,1,5,False,1,1
38399,169,betCent,10,0.5996218152866242,0,2,None,66,1,5,False,1,1
38400,165,betCent,10,0.6687898089171974,0,8,None,66,1,5,False,1,1
38401,166,betCent,10,0.6700835987261147,0,8,None,66,1,5,False,1,1
38402,167,betCent,10,0.6698845541401274,0,8,None,66,1,5,False,1,1
38403,168,betCent,10,0.6713773885350318,0,8,None,66,1,5,False,1,1
38404,169,betCent,10,0.6720740445859873,0,8,None,66,1,5,False,1,1
38405,165,betCent,10,0.7065087579617835,0,0,None,66,1,5,False,1,1
38406,166,betCent,10,0.7078025477707006,0,0,None,66,1,5,False,1,1
38407,167,betCent,10,0.7084992038216561,0,0,None,66,1,5,False,1,1
38408,168,betCent,10,0.7088972929936306,0,0,None,66,1,5,False,1,1
38409,169,betCent,10,0.7090963375796179,0,0,None,66,1,5,False,1,1
38410,165,betCent,10,0.6378383757961783,0,19,None,66,1,5,False,1,1
38411,166,betCent,10,0.6348527070063694,0,19,None,66,1,5,False,1,1
38412,167,betCent,10,0.634156050955414,0,19,None,66,1,5,False,1,1
38413,168,betCent,10,0.6365445859872612,0,19,None,66,1,5,False,1,1
38414,169,betCent,10,0.6376393312101911,0,19,None,66,1,5,False,1,1
38415,165,betCent,10,0.7534832802547771,0,11,None,66,1,5,False,1,1
38416,166,betCent,10,0.7521894904458599,0,11,None,66,1,5,False,1,1
38417,167,betCent,10,0.7514928343949044,0,11,None,66,1,5,False,1,1
38418,168,betCent,10,0.7524880573248408,0,11,None,66,1,5,False,1,1
38419,169,betCent,10,0.7529856687898089,0,11,None,66,1,5,False,1,1
38420,165,betCent,10,0.7127786624203821,0,3,None,66,1,5,False,1,1
38421,166,betCent,10,0.7116839171974523,0,3,None,66,1,5,False,1,1
38422,167,betCent,10,0.7117834394904459,0,3,None,66,1,5,False,1,1
38423,168,betCent,10,0.711484872611465,0,3,None,66,1,5,False,1,1
38424,169,betCent,10,0.7117834394904459,0,3,None,66,1,5,False,1,1
38425,165,betCent,10,0.7229299363057324,0,17,None,66,1,5,False,1,1
38426,166,betCent,10,0.7254179936305732,0,17,None,66,1,5,False,1,1
38427,167,betCent,10,0.7262141719745223,0,17,None,66,1,5,False,1,1
38428,168,betCent,10,0.7275079617834395,0,17,None,66,1,5,False,1,1
38429,169,betCent,10,0.7290007961783439,0,17,None,66,1,5,False,1,1
38430,165,betCent,10,0.7500995222929936,0,21,None,66,1,5,False,1,1
38431,166,betCent,10,0.7494028662420382,0,21,None,66,1,5,False,1,1
38432,167,betCent,10,0.7493033439490446,0,21,None,66,1,5,False,1,1
38433,168,betCent,10,0.7503980891719745,0,21,None,66,1,5,False,1,1
38434,169,betCent,10,0.7514928343949044,0,21,None,66,1,5,False,1,1
38435,165,betCent,10,0.7105891719745223,0,24,None,66,1,5,False,1,1
38436,166,betCent,10,0.7156648089171974,0,24,None,66,1,5,False,1,1
38437,167,betCent,10,0.7177547770700637,0,24,None,66,1,5,False,1,1
38438,168,betCent,10,0.7194466560509554,0,24,None,66,1,5,False,1,1
38439,169,betCent,10,0.7205414012738853,0,24,None,66,1,5,False,1,1
38440,165,betCent,10,0.7057125796178344,0,27,None,66,1,5,False,1,1
38441,166,betCent,10,0.7021297770700637,0,27,None,66,1,5,False,1,1
38442,167,betCent,10,0.701234076433121,0,27,None,66,1,5,False,1,1
38443,168,betCent,10,0.701234076433121,0,27,None,66,1,5,False,1,1
38444,169,betCent,10,0.7022292993630573,0,27,None,66,1,5,False,1,1
38445,170,betCent,10,0.7430334394904459,0,22,None,66,1,5,False,1,1
38446,171,betCent,10,0.7404458598726115,0,22,None,66,1,5,False,1,1
38447,172,betCent,10,0.7395501592356688,0,22,None,66,1,5,False,1,1
38448,173,betCent,10,0.7386544585987261,0,22,None,66,1,5,False,1,1
38449,174,betCent,10,0.7379578025477707,0,22,None,66,1,5,False,1,1
38450,170,betCent,10,0.6664012738853503,0,32,None,66,1,5,False,1,1
38451,171,betCent,10,0.6596337579617835,0,32,None,66,1,5,False,1,1
38452,172,betCent,10,0.6595342356687898,0,32,None,66,1,5,False,1,1
38453,173,betCent,10,0.6601313694267515,0,32,None,66,1,5,False,1,1
38454,174,betCent,10,0.6599323248407644,0,32,None,66,1,5,False,1,1
38455,170,betCent,10,0.7248208598726115,0,16,None,66,1,5,False,1,1
38456,171,betCent,10,0.7344745222929936,0,16,None,66,1,5,False,1,1
38457,172,betCent,10,0.7404458598726115,0,16,None,66,1,5,False,1,1
38458,173,betCent,10,0.7453224522292994,0,16,None,66,1,5,False,1,1
38459,174,betCent,10,0.7495023885350318,0,16,None,66,1,5,False,1,1
38460,170,betCent,10,0.7116839171974523,0,15,None,66,1,5,False,1,1
38461,171,betCent,10,0.7125796178343949,0,15,None,66,1,5,False,1,1
38462,172,betCent,10,0.7138734076433121,0,15,None,66,1,5,False,1,1
38463,173,betCent,10,0.714171974522293,0,15,None,66,1,5,False,1,1
38464,174,betCent,10,0.7137738853503185,0,15,None,66,1,5,False,1,1
38465,170,betCent,10,0.7565684713375797,0,20,None,66,1,5,False,1,1
38466,171,betCent,10,0.7571656050955414,0,20,None,66,1,5,False,1,1
38467,172,betCent,10,0.7604498407643312,0,20,None,66,1,5,False,1,1
38468,173,betCent,10,0.7614450636942676,0,20,None,66,1,5,False,1,1
38469,174,betCent,10,0.7609474522292994,0,20,None,66,1,5,False,1,1
38470,170,betCent,10,0.6976512738853503,0,1,None,66,1,5,False,1,1
38471,171,betCent,10,0.7239251592356688,0,1,None,66,1,5,False,1,1
38472,172,betCent,10,0.7275079617834395,0,1,None,66,1,5,False,1,1
38473,173,betCent,10,0.7296974522292994,0,1,None,66,1,5,False,1,1
38474,174,betCent,10,0.7311902866242038,0,1,None,66,1,5,False,1,1
38475,170,betCent,10,0.6500796178343949,0,2,None,66,1,5,False,1,1
38476,171,betCent,10,0.627687101910828,0,2,None,66,1,5,False,1,1
38477,172,betCent,10,0.6149482484076433,0,2,None,66,1,5,False,1,1
38478,173,betCent,10,0.6054936305732485,0,2,None,66,1,5,False,1,1
38479,174,betCent,10,0.6011146496815286,0,2,None,66,1,5,False,1,1
38480,170,betCent,10,0.7438296178343949,0,13,None,66,1,5,False,1,1
38481,171,betCent,10,0.7448248407643312,0,13,None,66,1,5,False,1,1
38482,172,betCent,10,0.7449243630573248,0,13,None,66,1,5,False,1,1
38483,173,betCent,10,0.745421974522293,0,13,None,66,1,5,False,1,1
38484,174,betCent,10,0.7452229299363057,0,13,None,66,1,5,False,1,1
38485,170,betCent,10,0.6714769108280255,0,8,None,66,1,5,False,1,1
38486,171,betCent,10,0.67078025477707,0,8,None,66,1,5,False,1,1
38487,172,betCent,10,0.6720740445859873,0,8,None,66,1,5,False,1,1
38488,173,betCent,10,0.6731687898089171,0,8,None,66,1,5,False,1,1
38489,174,betCent,10,0.6748606687898089,0,8,None,66,1,5,False,1,1
38490,170,betCent,10,0.7013335987261147,0,23,None,66,1,5,False,1,1
38491,171,betCent,10,0.7011345541401274,0,23,None,66,1,5,False,1,1
38492,172,betCent,10,0.7019307324840764,0,23,None,66,1,5,False,1,1
38493,173,betCent,10,0.7026273885350318,0,23,None,66,1,5,False,1,1
38494,174,betCent,10,0.7038216560509554,0,23,None,66,1,5,False,1,1
38495,170,betCent,10,0.7059116242038217,0,28,None,66,1,5,False,1,1
38496,171,betCent,10,0.7009355095541401,0,28,None,66,1,5,False,1,1
38497,172,betCent,10,0.6973527070063694,0,28,None,66,1,5,False,1,1
38498,173,betCent,10,0.6963574840764332,0,28,None,66,1,5,False,1,1
38499,174,betCent,10,0.6970541401273885,0,28,None,66,1,5,False,1,1
38500,170,betCent,10,0.7089968152866242,0,29,None,66,1,5,False,1,1
38501,171,betCent,10,0.703125,0,29,None,66,1,5,False,1,1
38502,172,betCent,10,0.699343152866242,0,29,None,66,1,5,False,1,1
38503,173,betCent,10,0.696656050955414,0,29,None,66,1,5,False,1,1
38504,174,betCent,10,0.6957603503184714,0,29,None,66,1,5,False,1,1
38505,170,betCent,10,0.6393312101910829,0,19,None,66,1,5,False,1,1
38506,171,betCent,10,0.6377388535031847,0,19,None,66,1,5,False,1,1
38507,172,betCent,10,0.6388335987261147,0,19,None,66,1,5,False,1,1
38508,173,betCent,10,0.6399283439490446,0,19,None,66,1,5,False,1,1
38509,174,betCent,10,0.6412221337579618,0,19,None,66,1,5,False,1,1
38510,170,betCent,10,0.7522890127388535,0,21,None,66,1,5,False,1,1
38511,171,betCent,10,0.7517914012738853,0,21,None,66,1,5,False,1,1
38512,172,betCent,10,0.7528861464968153,0,21,None,66,1,5,False,1,1
38513,173,betCent,10,0.7531847133757962,0,21,None,66,1,5,False,1,1
38514,174,betCent,10,0.7546775477707006,0,21,None,66,1,5,False,1,1
38515,170,betCent,10,0.7078025477707006,0,0,None,66,1,5,False,1,1
38516,171,betCent,10,0.7088972929936306,0,0,None,66,1,5,False,1,1
38517,172,betCent,10,0.7097929936305732,0,0,None,66,1,5,False,1,1
38518,173,betCent,10,0.7107882165605095,0,0,None,66,1,5,False,1,1
38519,174,betCent,10,0.7109872611464968,0,0,None,66,1,5,False,1,1
38520,170,betCent,10,0.7491042993630573,0,18,None,66,1,5,False,1,1
38521,171,betCent,10,0.7471138535031847,0,18,None,66,1,5,False,1,1
38522,172,betCent,10,0.7483081210191083,0,18,None,66,1,5,False,1,1
38523,173,betCent,10,0.7493033439490446,0,18,None,66,1,5,False,1,1
38524,174,betCent,10,0.7506966560509554,0,18,None,66,1,5,False,1,1
38525,170,betCent,10,0.7066082802547771,0,27,None,66,1,5,False,1,1
38526,171,betCent,10,0.7023288216560509,0,27,None,66,1,5,False,1,1
38527,172,betCent,10,0.7014331210191083,0,27,None,66,1,5,False,1,1
38528,173,betCent,10,0.7013335987261147,0,27,None,66,1,5,False,1,1
38529,174,betCent,10,0.7022292993630573,0,27,None,66,1,5,False,1,1
38530,170,betCent,10,0.7657245222929936,0,31,None,66,1,5,False,1,1
38531,171,betCent,10,0.7648288216560509,0,31,None,66,1,5,False,1,1
38532,172,betCent,10,0.7647292993630573,0,31,None,66,1,5,False,1,1
38533,173,betCent,10,0.7647292993630573,0,31,None,66,1,5,False,1,1
38534,174,betCent,10,0.7648288216560509,0,31,None,66,1,5,False,1,1
38535,170,betCent,10,0.6976512738853503,0,25,None,66,1,5,False,1,1
38536,171,betCent,10,0.6858081210191083,0,25,None,66,1,5,False,1,1
38537,172,betCent,10,0.6809315286624203,0,25,None,66,1,5,False,1,1
38538,173,betCent,10,0.6800358280254777,0,25,None,66,1,5,False,1,1
38539,174,betCent,10,0.6803343949044586,0,25,None,66,1,5,False,1,1
38540,170,betCent,10,0.7256170382165605,0,9,None,66,1,5,False,1,1
38541,171,betCent,10,0.7261146496815286,0,9,None,66,1,5,False,1,1
38542,172,betCent,10,0.7259156050955414,0,9,None,66,1,5,False,1,1
38543,173,betCent,10,0.7273089171974523,0,9,None,66,1,5,False,1,1
38544,174,betCent,10,0.7285031847133758,0,9,None,66,1,5,False,1,1
38545,170,betCent,10,0.756468949044586,0,5,None,66,1,5,False,1,1
38546,171,betCent,10,0.75109474522293,0,5,None,66,1,5,False,1,1
38547,172,betCent,10,0.7490047770700637,0,5,None,66,1,5,False,1,1
38548,173,betCent,10,0.7494028662420382,0,5,None,66,1,5,False,1,1
38549,174,betCent,10,0.7488057324840764,0,5,None,66,1,5,False,1,1
38550,170,betCent,10,0.6874004777070064,0,4,None,66,1,5,False,1,1
38551,171,betCent,10,0.6845143312101911,0,4,None,66,1,5,False,1,1
38552,172,betCent,10,0.6687898089171974,0,4,None,66,1,5,False,1,1
38553,173,betCent,10,0.6574442675159236,0,4,None,66,1,5,False,1,1
38554,174,betCent,10,0.6510748407643312,0,4,None,66,1,5,False,1,1
38555,170,betCent,10,0.7204418789808917,0,6,None,66,1,5,False,1,1
38556,171,betCent,10,0.7208399681528662,0,6,None,66,1,5,False,1,1
38557,172,betCent,10,0.7215366242038217,0,6,None,66,1,5,False,1,1
38558,173,betCent,10,0.7221337579617835,0,6,None,66,1,5,False,1,1
38559,174,betCent,10,0.722531847133758,0,6,None,66,1,5,False,1,1
38560,170,betCent,10,0.7539808917197452,0,7,None,66,1,5,False,1,1
38561,171,betCent,10,0.7561703821656051,0,7,None,66,1,5,False,1,1
38562,172,betCent,10,0.7571656050955414,0,7,None,66,1,5,False,1,1
38563,173,betCent,10,0.7571656050955414,0,7,None,66,1,5,False,1,1
38564,174,betCent,10,0.7574641719745223,0,7,None,66,1,5,False,1,1
38565,170,betCent,10,0.730593152866242,0,12,None,66,1,5,False,1,1
38566,171,betCent,10,0.729796974522293,0,12,None,66,1,5,False,1,1
38567,172,betCent,10,0.7276074840764332,0,12,None,66,1,5,False,1,1
38568,173,betCent,10,0.727906050955414,0,12,None,66,1,5,False,1,1
38569,174,betCent,10,0.7288017515923567,0,12,None,66,1,5,False,1,1
38570,170,betCent,10,0.6832205414012739,0,26,None,66,1,5,False,1,1
38571,171,betCent,10,0.6714769108280255,0,26,None,66,1,5,False,1,1
38572,172,betCent,10,0.6694864649681529,0,26,None,66,1,5,False,1,1
38573,173,betCent,10,0.6681926751592356,0,26,None,66,1,5,False,1,1
38574,174,betCent,10,0.6667993630573248,0,26,None,66,1,5,False,1,1
38575,170,betCent,10,0.6026074840764332,0,14,None,66,1,5,False,1,1
38576,171,betCent,10,0.6064888535031847,0,14,None,66,1,5,False,1,1
38577,172,betCent,10,0.6095740445859873,0,14,None,66,1,5,False,1,1
38578,173,betCent,10,0.613953025477707,0,14,None,66,1,5,False,1,1
38579,174,betCent,10,0.6173367834394905,0,14,None,66,1,5,False,1,1
38580,170,betCent,10,0.7133757961783439,0,30,None,66,1,5,False,1,1
38581,171,betCent,10,0.7466162420382165,0,30,None,66,1,5,False,1,1
38582,172,betCent,10,0.7568670382165605,0,30,None,66,1,5,False,1,1
38583,173,betCent,10,0.7616441082802548,0,30,None,66,1,5,False,1,1
38584,174,betCent,10,0.7651273885350318,0,30,None,66,1,5,False,1,1
38585,170,betCent,10,0.7475119426751592,0,10,None,66,1,5,False,1,1
38586,171,betCent,10,0.7498009554140127,0,10,None,66,1,5,False,1,1
38587,172,betCent,10,0.7507961783439491,0,10,None,66,1,5,False,1,1
38588,173,betCent,10,0.7515923566878981,0,10,None,66,1,5,False,1,1
38589,174,betCent,10,0.7540804140127388,0,10,None,66,1,5,False,1,1
38590,170,betCent,10,0.7551751592356688,0,11,None,66,1,5,False,1,1
38591,171,betCent,10,0.7543789808917197,0,11,None,66,1,5,False,1,1
38592,172,betCent,10,0.7541799363057324,0,11,None,66,1,5,False,1,1
38593,173,betCent,10,0.754578025477707,0,11,None,66,1,5,False,1,1
38594,174,betCent,10,0.7550756369426752,0,11,None,66,1,5,False,1,1
38595,170,betCent,10,0.7150676751592356,0,3,None,66,1,5,False,1,1
38596,171,betCent,10,0.7137738853503185,0,3,None,66,1,5,False,1,1
38597,172,betCent,10,0.7134753184713376,0,3,None,66,1,5,False,1,1
38598,173,betCent,10,0.7136743630573248,0,3,None,66,1,5,False,1,1
38599,174,betCent,10,0.7126791401273885,0,3,None,66,1,5,False,1,1
38600,170,betCent,10,0.725218949044586,0,17,None,66,1,5,False,1,1
38601,171,betCent,10,0.7274084394904459,0,17,None,66,1,5,False,1,1
38602,172,betCent,10,0.7289012738853503,0,17,None,66,1,5,False,1,1
38603,173,betCent,10,0.7309912420382165,0,17,None,66,1,5,False,1,1
38604,174,betCent,10,0.7309912420382165,0,17,None,66,1,5,False,1,1
38605,170,betCent,10,0.7118829617834395,0,24,None,66,1,5,False,1,1
38606,171,betCent,10,0.7184514331210191,0,24,None,66,1,5,False,1,1
38607,172,betCent,10,0.7203423566878981,0,24,None,66,1,5,False,1,1
38608,173,betCent,10,0.7216361464968153,0,24,None,66,1,5,False,1,1
38609,174,betCent,10,0.722531847133758,0,24,None,66,1,5,False,1,1
38610,175,betCent,10,0.6111664012738853,0,14,None,66,1,5,False,1,1
38611,176,betCent,10,0.6118630573248408,0,14,None,66,1,5,False,1,1
38612,177,betCent,10,0.6116640127388535,0,14,None,66,1,5,False,1,1
38613,178,betCent,10,0.6165406050955414,0,14,None,66,1,5,False,1,1
38614,179,betCent,10,0.6194267515923567,0,14,None,66,1,5,False,1,1
38615,175,betCent,10,0.7459195859872612,0,22,None,66,1,5,False,1,1
38616,176,betCent,10,0.7437300955414012,0,22,None,66,1,5,False,1,1
38617,177,betCent,10,0.7429339171974523,0,22,None,66,1,5,False,1,1
38618,178,betCent,10,0.7421377388535032,0,22,None,66,1,5,False,1,1
38619,179,betCent,10,0.7420382165605095,0,22,None,66,1,5,False,1,1
38620,175,betCent,10,0.7156648089171974,0,15,None,66,1,5,False,1,1
38621,176,betCent,10,0.7158638535031847,0,15,None,66,1,5,False,1,1
38622,177,betCent,10,0.7167595541401274,0,15,None,66,1,5,False,1,1
38623,178,betCent,10,0.7170581210191083,0,15,None,66,1,5,False,1,1
38624,179,betCent,10,0.7177547770700637,0,15,None,66,1,5,False,1,1
38625,175,betCent,10,0.7479100318471338,0,10,None,66,1,5,False,1,1
38626,176,betCent,10,0.7522890127388535,0,10,None,66,1,5,False,1,1
38627,177,betCent,10,0.7531847133757962,0,10,None,66,1,5,False,1,1
38628,178,betCent,10,0.7544785031847133,0,10,None,66,1,5,False,1,1
38629,179,betCent,10,0.7566679936305732,0,10,None,66,1,5,False,1,1
38630,175,betCent,10,0.7571656050955414,0,11,None,66,1,5,False,1,1
38631,176,betCent,10,0.7554737261146497,0,11,None,66,1,5,False,1,1
38632,177,betCent,10,0.7561703821656051,0,11,None,66,1,5,False,1,1
38633,178,betCent,10,0.7563694267515924,0,11,None,66,1,5,False,1,1
38634,179,betCent,10,0.7567675159235668,0,11,None,66,1,5,False,1,1
38635,175,betCent,10,0.6528662420382165,0,2,None,66,1,5,False,1,1
38636,176,betCent,10,0.6299761146496815,0,2,None,66,1,5,False,1,1
38637,177,betCent,10,0.6176353503184714,0,2,None,66,1,5,False,1,1
38638,178,betCent,10,0.6072850318471338,0,2,None,66,1,5,False,1,1
38639,179,betCent,10,0.6036027070063694,0,2,None,66,1,5,False,1,1
38640,175,betCent,10,0.7566679936305732,0,5,None,66,1,5,False,1,1
38641,176,betCent,10,0.7517914012738853,0,5,None,66,1,5,False,1,1
38642,177,betCent,10,0.7509952229299363,0,5,None,66,1,5,False,1,1
38643,178,betCent,10,0.7495023885350318,0,5,None,66,1,5,False,1,1
38644,179,betCent,10,0.7491042993630573,0,5,None,66,1,5,False,1,1
38645,175,betCent,10,0.7275079617834395,0,9,None,66,1,5,False,1,1
38646,176,betCent,10,0.7253184713375797,0,9,None,66,1,5,False,1,1
38647,177,betCent,10,0.7273089171974523,0,9,None,66,1,5,False,1,1
38648,178,betCent,10,0.7285031847133758,0,9,None,66,1,5,False,1,1
38649,179,betCent,10,0.7291998407643312,0,9,None,66,1,5,False,1,1
38650,175,betCent,10,0.7063097133757962,0,23,None,66,1,5,False,1,1
38651,176,betCent,10,0.7049164012738853,0,23,None,66,1,5,False,1,1
38652,177,betCent,10,0.7070063694267515,0,23,None,66,1,5,False,1,1
38653,178,betCent,10,0.7073049363057324,0,23,None,66,1,5,False,1,1
38654,179,betCent,10,0.7081011146496815,0,23,None,66,1,5,False,1,1
38655,175,betCent,10,0.7112858280254777,0,29,None,66,1,5,False,1,1
38656,176,betCent,10,0.7052149681528662,0,29,None,66,1,5,False,1,1
38657,177,betCent,10,0.701234076433121,0,29,None,66,1,5,False,1,1
38658,178,betCent,10,0.6984474522292994,0,29,None,66,1,5,False,1,1
38659,179,betCent,10,0.697452229299363,0,29,None,66,1,5,False,1,1
38660,175,betCent,10,0.7269108280254777,0,16,None,66,1,5,False,1,1
38661,176,betCent,10,0.7373606687898089,0,16,None,66,1,5,False,1,1
38662,177,betCent,10,0.7425358280254777,0,16,None,66,1,5,False,1,1
38663,178,betCent,10,0.7476114649681529,0,16,None,66,1,5,False,1,1
38664,179,betCent,10,0.7511942675159236,0,16,None,66,1,5,False,1,1
38665,175,betCent,10,0.7547770700636943,0,7,None,66,1,5,False,1,1
38666,176,betCent,10,0.7577627388535032,0,7,None,66,1,5,False,1,1
38667,177,betCent,10,0.7579617834394905,0,7,None,66,1,5,False,1,1
38668,178,betCent,10,0.7579617834394905,0,7,None,66,1,5,False,1,1
38669,179,betCent,10,0.758359872611465,0,7,None,66,1,5,False,1,1
38670,175,betCent,10,0.6703821656050956,0,32,None,66,1,5,False,1,1
38671,176,betCent,10,0.6636146496815286,0,32,None,66,1,5,False,1,1
38672,177,betCent,10,0.6634156050955414,0,32,None,66,1,5,False,1,1
38673,178,betCent,10,0.6637141719745223,0,32,None,66,1,5,False,1,1
38674,179,betCent,10,0.6640127388535032,0,32,None,66,1,5,False,1,1
38675,175,betCent,10,0.7587579617834395,0,20,None,66,1,5,False,1,1
38676,176,betCent,10,0.7604498407643312,0,20,None,66,1,5,False,1,1
38677,177,betCent,10,0.7630374203821656,0,20,None,66,1,5,False,1,1
38678,178,betCent,10,0.7642316878980892,0,20,None,66,1,5,False,1,1
38679,179,betCent,10,0.7634355095541401,0,20,None,66,1,5,False,1,1
38680,175,betCent,10,0.6863057324840764,0,4,None,66,1,5,False,1,1
38681,176,betCent,10,0.6812300955414012,0,4,None,66,1,5,False,1,1
38682,177,betCent,10,0.665406050955414,0,4,None,66,1,5,False,1,1
38683,178,betCent,10,0.6572452229299363,0,4,None,66,1,5,False,1,1
38684,179,betCent,10,0.6521695859872612,0,4,None,66,1,5,False,1,1
38685,175,betCent,10,0.7082006369426752,0,28,None,66,1,5,False,1,1
38686,176,betCent,10,0.7032245222929936,0,28,None,66,1,5,False,1,1
38687,177,betCent,10,0.6992436305732485,0,28,None,66,1,5,False,1,1
38688,178,betCent,10,0.6980493630573248,0,28,None,66,1,5,False,1,1
38689,179,betCent,10,0.6988455414012739,0,28,None,66,1,5,False,1,1
38690,175,betCent,10,0.7506966560509554,0,18,None,66,1,5,False,1,1
38691,176,betCent,10,0.7495023885350318,0,18,None,66,1,5,False,1,1
38692,177,betCent,10,0.7496019108280255,0,18,None,66,1,5,False,1,1
38693,178,betCent,10,0.7509952229299363,0,18,None,66,1,5,False,1,1
38694,179,betCent,10,0.7530851910828026,0,18,None,66,1,5,False,1,1
38695,175,betCent,10,0.6746616242038217,0,8,None,66,1,5,False,1,1
38696,176,betCent,10,0.6739649681528662,0,8,None,66,1,5,False,1,1
38697,177,betCent,10,0.6752587579617835,0,8,None,66,1,5,False,1,1
38698,178,betCent,10,0.6758558917197452,0,8,None,66,1,5,False,1,1
38699,179,betCent,10,0.6761544585987261,0,8,None,66,1,5,False,1,1
38700,175,betCent,10,0.647890127388535,0,19,None,66,1,5,False,1,1
38701,176,betCent,10,0.6460987261146497,0,19,None,66,1,5,False,1,1
38702,177,betCent,10,0.645203025477707,0,19,None,66,1,5,False,1,1
38703,178,betCent,10,0.6459992038216561,0,19,None,66,1,5,False,1,1
38704,179,betCent,10,0.6473925159235668,0,19,None,66,1,5,False,1,1
38705,175,betCent,10,0.7646297770700637,0,31,None,66,1,5,False,1,1
38706,176,betCent,10,0.7652269108280255,0,31,None,66,1,5,False,1,1
38707,177,betCent,10,0.7655254777070064,0,31,None,66,1,5,False,1,1
38708,178,betCent,10,0.7654259554140127,0,31,None,66,1,5,False,1,1
38709,179,betCent,10,0.7666202229299363,0,31,None,66,1,5,False,1,1
38710,175,betCent,10,0.714968152866242,0,30,None,66,1,5,False,1,1
38711,176,betCent,10,0.751890923566879,0,30,None,66,1,5,False,1,1
38712,177,betCent,10,0.7624402866242038,0,30,None,66,1,5,False,1,1
38713,178,betCent,10,0.7669187898089171,0,30,None,66,1,5,False,1,1
38714,179,betCent,10,0.7695063694267515,0,30,None,66,1,5,False,1,1
38715,175,betCent,10,0.7223328025477707,0,6,None,66,1,5,False,1,1
38716,176,betCent,10,0.7238256369426752,0,6,None,66,1,5,False,1,1
38717,177,betCent,10,0.725218949044586,0,6,None,66,1,5,False,1,1
38718,178,betCent,10,0.7254179936305732,0,6,None,66,1,5,False,1,1
38719,179,betCent,10,0.7266122611464968,0,6,None,66,1,5,False,1,1
38720,175,betCent,10,0.6989450636942676,0,25,None,66,1,5,False,1,1
38721,176,betCent,10,0.6869028662420382,0,25,None,66,1,5,False,1,1
38722,177,betCent,10,0.6834195859872612,0,25,None,66,1,5,False,1,1
38723,178,betCent,10,0.6824243630573248,0,25,None,66,1,5,False,1,1
38724,179,betCent,10,0.6817277070063694,0,25,None,66,1,5,False,1,1
38725,175,betCent,10,0.7156648089171974,0,3,None,66,1,5,False,1,1
38726,176,betCent,10,0.7152667197452229,0,3,None,66,1,5,False,1,1
38727,177,betCent,10,0.7154657643312102,0,3,None,66,1,5,False,1,1
38728,178,betCent,10,0.7152667197452229,0,3,None,66,1,5,False,1,1
38729,179,betCent,10,0.714968152866242,0,3,None,66,1,5,False,1,1
38730,175,betCent,10,0.680234872611465,0,26,None,66,1,5,False,1,1
38731,176,betCent,10,0.6717754777070064,0,26,None,66,1,5,False,1,1
38732,177,betCent,10,0.6690883757961783,0,26,None,66,1,5,False,1,1
38733,178,betCent,10,0.6681926751592356,0,26,None,66,1,5,False,1,1
38734,179,betCent,10,0.6676950636942676,0,26,None,66,1,5,False,1,1
38735,175,betCent,10,0.7470143312101911,0,13,None,66,1,5,False,1,1
38736,176,betCent,10,0.7475119426751592,0,13,None,66,1,5,False,1,1
38737,177,betCent,10,0.7475119426751592,0,13,None,66,1,5,False,1,1
38738,178,betCent,10,0.7477109872611465,0,13,None,66,1,5,False,1,1
38739,179,betCent,10,0.7475119426751592,0,13,None,66,1,5,False,1,1
38740,175,betCent,10,0.7321855095541401,0,12,None,66,1,5,False,1,1
38741,176,betCent,10,0.7301950636942676,0,12,None,66,1,5,False,1,1
38742,177,betCent,10,0.7298964968152867,0,12,None,66,1,5,False,1,1
38743,178,betCent,10,0.7295979299363057,0,12,None,66,1,5,False,1,1
38744,179,betCent,10,0.7303941082802548,0,12,None,66,1,5,False,1,1
38745,175,betCent,10,0.7043192675159236,0,1,None,66,1,5,False,1,1
38746,176,betCent,10,0.7274084394904459,0,1,None,66,1,5,False,1,1
38747,177,betCent,10,0.7313893312101911,0,1,None,66,1,5,False,1,1
38748,178,betCent,10,0.7329816878980892,0,1,None,66,1,5,False,1,1
38749,179,betCent,10,0.7333797770700637,0,1,None,66,1,5,False,1,1
38750,175,betCent,10,0.7101910828025477,0,0,None,66,1,5,False,1,1
38751,176,betCent,10,0.7111863057324841,0,0,None,66,1,5,False,1,1
38752,177,betCent,10,0.7124800955414012,0,0,None,66,1,5,False,1,1
38753,178,betCent,10,0.7138734076433121,0,0,None,66,1,5,False,1,1
38754,179,betCent,10,0.7138734076433121,0,0,None,66,1,5,False,1,1
38755,175,betCent,10,0.7246218152866242,0,17,None,66,1,5,False,1,1
38756,176,betCent,10,0.7269108280254777,0,17,None,66,1,5,False,1,1
38757,177,betCent,10,0.7294984076433121,0,17,None,66,1,5,False,1,1
38758,178,betCent,10,0.7313893312101911,0,17,None,66,1,5,False,1,1
38759,179,betCent,10,0.7323845541401274,0,17,None,66,1,5,False,1,1
38760,175,betCent,10,0.7580613057324841,0,21,None,66,1,5,False,1,1
38761,176,betCent,10,0.7574641719745223,0,21,None,66,1,5,False,1,1
38762,177,betCent,10,0.7575636942675159,0,21,None,66,1,5,False,1,1
38763,178,betCent,10,0.7587579617834395,0,21,None,66,1,5,False,1,1
38764,179,betCent,10,0.7600517515923567,0,21,None,66,1,5,False,1,1
38765,175,betCent,10,0.7180533439490446,0,24,None,66,1,5,False,1,1
38766,176,betCent,10,0.7220342356687898,0,24,None,66,1,5,False,1,1
38767,177,betCent,10,0.7238256369426752,0,24,None,66,1,5,False,1,1
38768,178,betCent,10,0.7256170382165605,0,24,None,66,1,5,False,1,1
38769,179,betCent,10,0.7268113057324841,0,24,None,66,1,5,False,1,1
38770,175,betCent,10,0.7083001592356688,0,27,None,66,1,5,False,1,1
38771,176,betCent,10,0.7046178343949044,0,27,None,66,1,5,False,1,1
38772,177,betCent,10,0.7032245222929936,0,27,None,66,1,5,False,1,1
38773,178,betCent,10,0.7035230891719745,0,27,None,66,1,5,False,1,1
38774,179,betCent,10,0.7030254777070064,0,27,None,66,1,5,False,1,1
40095,180,betCent,10,0.7082006369426752,0,1,None,66,1,5,False,1,1
40096,181,betCent,10,0.7304936305732485,0,1,None,66,1,5,False,1,1
40097,182,betCent,10,0.7340764331210191,0,1,None,66,1,5,False,1,1
40098,183,betCent,10,0.7364649681528662,0,1,None,66,1,5,False,1,1
40099,184,betCent,10,0.7371616242038217,0,1,None,66,1,5,False,1,1
40100,180,betCent,10,0.6559514331210191,0,2,None,66,1,5,False,1,1
40101,181,betCent,10,0.6313694267515924,0,2,None,66,1,5,False,1,1
40102,182,betCent,10,0.6189291401273885,0,2,None,66,1,5,False,1,1
40103,183,betCent,10,0.6102707006369427,0,2,None,66,1,5,False,1,1
40104,184,betCent,10,0.6051950636942676,0,2,None,66,1,5,False,1,1
40105,180,betCent,10,0.7604498407643312,0,5,None,66,1,5,False,1,1
40106,181,betCent,10,0.7552746815286624,0,5,None,66,1,5,False,1,1
40107,182,betCent,10,0.7540804140127388,0,5,None,66,1,5,False,1,1
40108,183,betCent,10,0.7534832802547771,0,5,None,66,1,5,False,1,1
40109,184,betCent,10,0.7524880573248408,0,5,None,66,1,5,False,1,1
40110,180,betCent,10,0.74890525477707,0,13,None,66,1,5,False,1,1
40111,181,betCent,10,0.7511942675159236,0,13,None,66,1,5,False,1,1
40112,182,betCent,10,0.7508957006369427,0,13,None,66,1,5,False,1,1
40113,183,betCent,10,0.7503980891719745,0,13,None,66,1,5,False,1,1
40114,184,betCent,10,0.7506966560509554,0,13,None,66,1,5,False,1,1
40115,180,betCent,10,0.7201433121019108,0,15,None,66,1,5,False,1,1
40116,181,betCent,10,0.7201433121019108,0,15,None,66,1,5,False,1,1
40117,182,betCent,10,0.7209394904458599,0,15,None,66,1,5,False,1,1
40118,183,betCent,10,0.7216361464968153,0,15,None,66,1,5,False,1,1
40119,184,betCent,10,0.7219347133757962,0,15,None,66,1,5,False,1,1
40120,180,betCent,10,0.7514928343949044,0,10,None,66,1,5,False,1,1
40121,181,betCent,10,0.7539808917197452,0,10,None,66,1,5,False,1,1
40122,182,betCent,10,0.7558718152866242,0,10,None,66,1,5,False,1,1
40123,183,betCent,10,0.7577627388535032,0,10,None,66,1,5,False,1,1
40124,184,betCent,10,0.7597531847133758,0,10,None,66,1,5,False,1,1
40125,180,betCent,10,0.7586584394904459,0,11,None,66,1,5,False,1,1
40126,181,betCent,10,0.7566679936305732,0,11,None,66,1,5,False,1,1
40127,182,betCent,10,0.7579617834394905,0,11,None,66,1,5,False,1,1
40128,183,betCent,10,0.7579617834394905,0,11,None,66,1,5,False,1,1
40129,184,betCent,10,0.7586584394904459,0,11,None,66,1,5,False,1,1
40130,180,betCent,10,0.7632364649681529,0,20,None,66,1,5,False,1,1
40131,181,betCent,10,0.7636345541401274,0,20,None,66,1,5,False,1,1
40132,182,betCent,10,0.7648288216560509,0,20,None,66,1,5,False,1,1
40133,183,betCent,10,0.7663216560509554,0,20,None,66,1,5,False,1,1
40134,184,betCent,10,0.7682125796178344,0,20,None,66,1,5,False,1,1
40135,180,betCent,10,0.6458001592356688,0,19,None,66,1,5,False,1,1
40136,181,betCent,10,0.6450039808917197,0,19,None,66,1,5,False,1,1
40137,182,betCent,10,0.6458996815286624,0,19,None,66,1,5,False,1,1
40138,183,betCent,10,0.6475915605095541,0,19,None,66,1,5,False,1,1
40139,184,betCent,10,0.6487858280254777,0,19,None,66,1,5,False,1,1
40140,180,betCent,10,0.7418391719745223,0,22,None,66,1,5,False,1,1
40141,181,betCent,10,0.7417396496815286,0,22,None,66,1,5,False,1,1
40142,182,betCent,10,0.7420382165605095,0,22,None,66,1,5,False,1,1
40143,183,betCent,10,0.7411425159235668,0,22,None,66,1,5,False,1,1
40144,184,betCent,10,0.7402468152866242,0,22,None,66,1,5,False,1,1
40145,180,betCent,10,0.708797770700637,0,23,None,66,1,5,False,1,1
40146,181,betCent,10,0.7082006369426752,0,23,None,66,1,5,False,1,1
40147,182,betCent,10,0.708797770700637,0,23,None,66,1,5,False,1,1
40148,183,betCent,10,0.7100915605095541,0,23,None,66,1,5,False,1,1
40149,184,betCent,10,0.710390127388535,0,23,None,66,1,5,False,1,1
40150,180,betCent,10,0.7317874203821656,0,17,None,66,1,5,False,1,1
40151,181,betCent,10,0.732484076433121,0,17,None,66,1,5,False,1,1
40152,182,betCent,10,0.7347730891719745,0,17,None,66,1,5,False,1,1
40153,183,betCent,10,0.7351711783439491,0,17,None,66,1,5,False,1,1
40154,184,betCent,10,0.73546974522293,0,17,None,66,1,5,False,1,1
40155,180,betCent,10,0.7595541401273885,0,21,None,66,1,5,False,1,1
40156,181,betCent,10,0.7594546178343949,0,21,None,66,1,5,False,1,1
40157,182,betCent,10,0.7601512738853503,0,21,None,66,1,5,False,1,1
40158,183,betCent,10,0.7607484076433121,0,21,None,66,1,5,False,1,1
40159,184,betCent,10,0.7619426751592356,0,21,None,66,1,5,False,1,1
40160,180,betCent,10,0.7178542993630573,0,24,None,66,1,5,False,1,1
40161,181,betCent,10,0.722531847133758,0,24,None,66,1,5,False,1,1
40162,182,betCent,10,0.7253184713375797,0,24,None,66,1,5,False,1,1
40163,183,betCent,10,0.727109872611465,0,24,None,66,1,5,False,1,1
40164,184,betCent,10,0.7280055732484076,0,24,None,66,1,5,False,1,1
40165,180,betCent,10,0.7106886942675159,0,28,None,66,1,5,False,1,1
40166,181,betCent,10,0.7044187898089171,0,28,None,66,1,5,False,1,1
40167,182,betCent,10,0.7007364649681529,0,28,None,66,1,5,False,1,1
40168,183,betCent,10,0.6994426751592356,0,28,None,66,1,5,False,1,1
40169,184,betCent,10,0.7002388535031847,0,28,None,66,1,5,False,1,1
40170,180,betCent,10,0.7286027070063694,0,30,None,66,1,5,False,1,1
40171,181,betCent,10,0.7574641719745223,0,30,None,66,1,5,False,1,1
40172,182,betCent,10,0.7661226114649682,0,30,None,66,1,5,False,1,1
40173,183,betCent,10,0.7696058917197452,0,30,None,66,1,5,False,1,1
40174,184,betCent,10,0.7724920382165605,0,30,None,66,1,5,False,1,1
40175,180,betCent,10,0.7539808917197452,0,18,None,66,1,5,False,1,1
40176,181,betCent,10,0.7523885350318471,0,18,None,66,1,5,False,1,1
40177,182,betCent,10,0.7516918789808917,0,18,None,66,1,5,False,1,1
40178,183,betCent,10,0.7528861464968153,0,18,None,66,1,5,False,1,1
40179,184,betCent,10,0.7543789808917197,0,18,None,66,1,5,False,1,1
40180,180,betCent,10,0.7092953821656051,0,27,None,66,1,5,False,1,1
40181,181,betCent,10,0.705015923566879,0,27,None,66,1,5,False,1,1
40182,182,betCent,10,0.70421974522293,0,27,None,66,1,5,False,1,1
40183,183,betCent,10,0.7037221337579618,0,27,None,66,1,5,False,1,1
40184,184,betCent,10,0.7041202229299363,0,27,None,66,1,5,False,1,1
40185,180,betCent,10,0.7688097133757962,0,31,None,66,1,5,False,1,1
40186,181,betCent,10,0.7672173566878981,0,31,None,66,1,5,False,1,1
40187,182,betCent,10,0.7671178343949044,0,31,None,66,1,5,False,1,1
40188,183,betCent,10,0.768312101910828,0,31,None,66,1,5,False,1,1
40189,184,betCent,10,0.7671178343949044,0,31,None,66,1,5,False,1,1
40190,180,betCent,10,0.6682921974522293,0,32,None,66,1,5,False,1,1
40191,181,betCent,10,0.6624203821656051,0,32,None,66,1,5,False,1,1
40192,182,betCent,10,0.6630175159235668,0,32,None,66,1,5,False,1,1
40193,183,betCent,10,0.6631170382165605,0,32,None,66,1,5,False,1,1
40194,184,betCent,10,0.6637141719745223,0,32,None,66,1,5,False,1,1
40195,180,betCent,10,0.694765127388535,0,4,None,66,1,5,False,1,1
40196,181,betCent,10,0.6883957006369427,0,4,None,66,1,5,False,1,1
40197,182,betCent,10,0.675656847133758,0,4,None,66,1,5,False,1,1
40198,183,betCent,10,0.6653065286624203,0,4,None,66,1,5,False,1,1
40199,184,betCent,10,0.6584394904458599,0,4,None,66,1,5,False,1,1
40200,180,betCent,10,0.7121815286624203,0,0,None,66,1,5,False,1,1
40201,181,betCent,10,0.7131767515923567,0,0,None,66,1,5,False,1,1
40202,182,betCent,10,0.7145700636942676,0,0,None,66,1,5,False,1,1
40203,183,betCent,10,0.7143710191082803,0,0,None,66,1,5,False,1,1
40204,184,betCent,10,0.7152667197452229,0,0,None,66,1,5,False,1,1
40205,180,betCent,10,0.7202428343949044,0,3,None,66,1,5,False,1,1
40206,181,betCent,10,0.71875,0,3,None,66,1,5,False,1,1
40207,182,betCent,10,0.7185509554140127,0,3,None,66,1,5,False,1,1
40208,183,betCent,10,0.7186504777070064,0,3,None,66,1,5,False,1,1
40209,184,betCent,10,0.7192476114649682,0,3,None,66,1,5,False,1,1
40210,180,betCent,10,0.7312898089171974,0,9,None,66,1,5,False,1,1
40211,181,betCent,10,0.7301950636942676,0,9,None,66,1,5,False,1,1
40212,182,betCent,10,0.7311902866242038,0,9,None,66,1,5,False,1,1
40213,183,betCent,10,0.7313893312101911,0,9,None,66,1,5,False,1,1
40214,184,betCent,10,0.7321855095541401,0,9,None,66,1,5,False,1,1
40215,180,betCent,10,0.6062898089171974,0,14,None,66,1,5,False,1,1
40216,181,betCent,10,0.6119625796178344,0,14,None,66,1,5,False,1,1
40217,182,betCent,10,0.6173367834394905,0,14,None,66,1,5,False,1,1
40218,183,betCent,10,0.6215167197452229,0,14,None,66,1,5,False,1,1
40219,184,betCent,10,0.6257961783439491,0,14,None,66,1,5,False,1,1
40220,180,betCent,10,0.7011345541401274,0,25,None,66,1,5,False,1,1
40221,181,betCent,10,0.6875,0,25,None,66,1,5,False,1,1
40222,182,betCent,10,0.6836186305732485,0,25,None,66,1,5,False,1,1
40223,183,betCent,10,0.6820262738853503,0,25,None,66,1,5,False,1,1
40224,184,betCent,10,0.6816281847133758,0,25,None,66,1,5,False,1,1
40225,180,betCent,10,0.7140724522292994,0,29,None,66,1,5,False,1,1
40226,181,betCent,10,0.7092953821656051,0,29,None,66,1,5,False,1,1
40227,182,betCent,10,0.7029259554140127,0,29,None,66,1,5,False,1,1
40228,183,betCent,10,0.7006369426751592,0,29,None,66,1,5,False,1,1
40229,184,betCent,10,0.7000398089171974,0,29,None,66,1,5,False,1,1
40230,180,betCent,10,0.7571656050955414,0,7,None,66,1,5,False,1,1
40231,181,betCent,10,0.7589570063694268,0,7,None,66,1,5,False,1,1
40232,182,betCent,10,0.7593550955414012,0,7,None,66,1,5,False,1,1
40233,183,betCent,10,0.7595541401273885,0,7,None,66,1,5,False,1,1
40234,184,betCent,10,0.7595541401273885,0,7,None,66,1,5,False,1,1
40235,180,betCent,10,0.6762539808917197,0,8,None,66,1,5,False,1,1
40236,181,betCent,10,0.6763535031847133,0,8,None,66,1,5,False,1,1
40237,182,betCent,10,0.676453025477707,0,8,None,66,1,5,False,1,1
40238,183,betCent,10,0.6771496815286624,0,8,None,66,1,5,False,1,1
40239,184,betCent,10,0.6785429936305732,0,8,None,66,1,5,False,1,1
40240,180,betCent,10,0.7295979299363057,0,16,None,66,1,5,False,1,1
40241,181,betCent,10,0.7393511146496815,0,16,None,66,1,5,False,1,1
40242,182,betCent,10,0.7460191082802548,0,16,None,66,1,5,False,1,1
40243,183,betCent,10,0.7503980891719745,0,16,None,66,1,5,False,1,1
40244,184,betCent,10,0.7532842356687898,0,16,None,66,1,5,False,1,1
40245,185,betCent,10,0.7200437898089171,0,24,None,66,1,5,False,1,1
40246,186,betCent,10,0.7251194267515924,0,24,None,66,1,5,False,1,1
40247,187,betCent,10,0.7270103503184714,0,24,None,66,1,5,False,1,1
40248,188,betCent,10,0.7286027070063694,0,24,None,66,1,5,False,1,1
40249,189,betCent,10,0.7298964968152867,0,24,None,66,1,5,False,1,1
40250,180,betCent,10,0.7267117834394905,0,6,None,66,1,5,False,1,1
40251,181,betCent,10,0.7269108280254777,0,6,None,66,1,5,False,1,1
40252,182,betCent,10,0.7265127388535032,0,6,None,66,1,5,False,1,1
40253,183,betCent,10,0.7281050955414012,0,6,None,66,1,5,False,1,1
40254,184,betCent,10,0.7285031847133758,0,6,None,66,1,5,False,1,1
40255,180,betCent,10,0.7359673566878981,0,12,None,66,1,5,False,1,1
40256,181,betCent,10,0.7331807324840764,0,12,None,66,1,5,False,1,1
40257,182,betCent,10,0.7313893312101911,0,12,None,66,1,5,False,1,1
40258,183,betCent,10,0.7320859872611465,0,12,None,66,1,5,False,1,1
40259,184,betCent,10,0.732484076433121,0,12,None,66,1,5,False,1,1
40260,180,betCent,10,0.6875995222929936,0,26,None,66,1,5,False,1,1
40261,181,betCent,10,0.677547770700637,0,26,None,66,1,5,False,1,1
40262,182,betCent,10,0.6740644904458599,0,26,None,66,1,5,False,1,1
40263,183,betCent,10,0.6723726114649682,0,26,None,66,1,5,False,1,1
40264,184,betCent,10,0.6719745222929936,0,26,None,66,1,5,False,1,1
40265,185,betCent,10,0.7162619426751592,0,1,None,66,1,5,False,1,1
40266,186,betCent,10,0.7347730891719745,0,1,None,66,1,5,False,1,1
40267,187,betCent,10,0.7368630573248408,0,1,None,66,1,5,False,1,1
40268,188,betCent,10,0.7393511146496815,0,1,None,66,1,5,False,1,1
40269,189,betCent,10,0.7399482484076433,0,1,None,66,1,5,False,1,1
40270,185,betCent,10,0.7204418789808917,0,29,None,66,1,5,False,1,1
40271,186,betCent,10,0.7140724522292994,0,29,None,66,1,5,False,1,1
40272,187,betCent,10,0.7079020700636943,0,29,None,66,1,5,False,1,1
40273,188,betCent,10,0.7059116242038217,0,29,None,66,1,5,False,1,1
40274,189,betCent,10,0.7049164012738853,0,29,None,66,1,5,False,1,1
40275,185,betCent,10,0.7638335987261147,0,21,None,66,1,5,False,1,1
40276,186,betCent,10,0.7630374203821656,0,21,None,66,1,5,False,1,1
40277,187,betCent,10,0.763734076433121,0,21,None,66,1,5,False,1,1
40278,188,betCent,10,0.7652269108280255,0,21,None,66,1,5,False,1,1
40279,189,betCent,10,0.7659235668789809,0,21,None,66,1,5,False,1,1
40280,185,betCent,10,0.7110867834394905,0,23,None,66,1,5,False,1,1
40281,186,betCent,10,0.7108877388535032,0,23,None,66,1,5,False,1,1
40282,187,betCent,10,0.7115843949044586,0,23,None,66,1,5,False,1,1
40283,188,betCent,10,0.7123805732484076,0,23,None,66,1,5,False,1,1
40284,189,betCent,10,0.7136743630573248,0,23,None,66,1,5,False,1,1
40285,185,betCent,10,0.7173566878980892,0,16,None,66,1,5,False,1,1
40286,186,betCent,10,0.7313893312101911,0,16,None,66,1,5,False,1,1
40287,187,betCent,10,0.7395501592356688,0,16,None,66,1,5,False,1,1
40288,188,betCent,10,0.7480095541401274,0,16,None,66,1,5,False,1,1
40289,189,betCent,10,0.7519904458598726,0,16,None,66,1,5,False,1,1
40290,185,betCent,10,0.6766520700636943,0,32,None,66,1,5,False,1,1
40291,186,betCent,10,0.6695859872611465,0,32,None,66,1,5,False,1,1
40292,187,betCent,10,0.6682921974522293,0,32,None,66,1,5,False,1,1
40293,188,betCent,10,0.6682921974522293,0,32,None,66,1,5,False,1,1
40294,189,betCent,10,0.669187898089172,0,32,None,66,1,5,False,1,1
40295,185,betCent,10,0.6118630573248408,0,14,None,66,1,5,False,1,1
40296,186,betCent,10,0.6148487261146497,0,14,None,66,1,5,False,1,1
40297,187,betCent,10,0.6209195859872612,0,14,None,66,1,5,False,1,1
40298,188,betCent,10,0.626890923566879,0,14,None,66,1,5,False,1,1
40299,189,betCent,10,0.6286823248407644,0,14,None,66,1,5,False,1,1
40300,185,betCent,10,0.7521894904458599,0,22,None,66,1,5,False,1,1
40301,186,betCent,10,0.75109474522293,0,22,None,66,1,5,False,1,1
40302,187,betCent,10,0.7493033439490446,0,22,None,66,1,5,False,1,1
40303,188,betCent,10,0.7487062101910829,0,22,None,66,1,5,False,1,1
40304,189,betCent,10,0.7480095541401274,0,22,None,66,1,5,False,1,1
40305,185,betCent,10,0.6900875796178344,0,26,None,66,1,5,False,1,1
40306,186,betCent,10,0.6806329617834395,0,26,None,66,1,5,False,1,1
40307,187,betCent,10,0.6762539808917197,0,26,None,66,1,5,False,1,1
40308,188,betCent,10,0.6743630573248408,0,26,None,66,1,5,False,1,1
40309,189,betCent,10,0.6735668789808917,0,26,None,66,1,5,False,1,1
40310,185,betCent,10,0.7136743630573248,0,27,None,66,1,5,False,1,1
40311,186,betCent,10,0.7083001592356688,0,27,None,66,1,5,False,1,1
40312,187,betCent,10,0.7079020700636943,0,27,None,66,1,5,False,1,1
40313,188,betCent,10,0.7072054140127388,0,27,None,66,1,5,False,1,1
40314,189,betCent,10,0.7082006369426752,0,27,None,66,1,5,False,1,1
40315,185,betCent,10,0.7300955414012739,0,6,None,66,1,5,False,1,1
40316,186,betCent,10,0.7296974522292994,0,6,None,66,1,5,False,1,1
40317,187,betCent,10,0.7295979299363057,0,6,None,66,1,5,False,1,1
40318,188,betCent,10,0.7313893312101911,0,6,None,66,1,5,False,1,1
40319,189,betCent,10,0.7325835987261147,0,6,None,66,1,5,False,1,1
40320,185,betCent,10,0.7304936305732485,0,30,None,66,1,5,False,1,1
40321,186,betCent,10,0.7607484076433121,0,30,None,66,1,5,False,1,1
40322,187,betCent,10,0.7689092356687898,0,30,None,66,1,5,False,1,1
40323,188,betCent,10,0.7730891719745223,0,30,None,66,1,5,False,1,1
40324,189,betCent,10,0.7745820063694268,0,30,None,66,1,5,False,1,1
40325,185,betCent,10,0.7521894904458599,0,13,None,66,1,5,False,1,1
40326,186,betCent,10,0.7524880573248408,0,13,None,66,1,5,False,1,1
40327,187,betCent,10,0.7532842356687898,0,13,None,66,1,5,False,1,1
40328,188,betCent,10,0.7539808917197452,0,13,None,66,1,5,False,1,1
40329,189,betCent,10,0.7548765923566879,0,13,None,66,1,5,False,1,1
40330,185,betCent,10,0.7016321656050956,0,25,None,66,1,5,False,1,1
40331,186,betCent,10,0.6876990445859873,0,25,None,66,1,5,False,1,1
40332,187,betCent,10,0.6842157643312102,0,25,None,66,1,5,False,1,1
40333,188,betCent,10,0.6826234076433121,0,25,None,66,1,5,False,1,1
40334,189,betCent,10,0.6830214968152867,0,25,None,66,1,5,False,1,1
40335,185,betCent,10,0.6587380573248408,0,2,None,66,1,5,False,1,1
40336,186,betCent,10,0.6337579617834395,0,2,None,66,1,5,False,1,1
40337,187,betCent,10,0.6214171974522293,0,2,None,66,1,5,False,1,1
40338,188,betCent,10,0.6135549363057324,0,2,None,66,1,5,False,1,1
40339,189,betCent,10,0.6071855095541401,0,2,None,66,1,5,False,1,1
40340,185,betCent,10,0.7124800955414012,0,0,None,66,1,5,False,1,1
40341,186,betCent,10,0.7136743630573248,0,0,None,66,1,5,False,1,1
40342,187,betCent,10,0.7155652866242038,0,0,None,66,1,5,False,1,1
40343,188,betCent,10,0.716062898089172,0,0,None,66,1,5,False,1,1
40344,189,betCent,10,0.7161624203821656,0,0,None,66,1,5,False,1,1
40345,185,betCent,10,0.6988455414012739,0,4,None,66,1,5,False,1,1
40346,186,betCent,10,0.6934713375796179,0,4,None,66,1,5,False,1,1
40347,187,betCent,10,0.6805334394904459,0,4,None,66,1,5,False,1,1
40348,188,betCent,10,0.6721735668789809,0,4,None,66,1,5,False,1,1
40349,189,betCent,10,0.6652070063694268,0,4,None,66,1,5,False,1,1
40350,185,betCent,10,0.7650278662420382,0,5,None,66,1,5,False,1,1
40351,186,betCent,10,0.759156050955414,0,5,None,66,1,5,False,1,1
40352,187,betCent,10,0.7580613057324841,0,5,None,66,1,5,False,1,1
40353,188,betCent,10,0.7567675159235668,0,5,None,66,1,5,False,1,1
40354,189,betCent,10,0.755672770700637,0,5,None,66,1,5,False,1,1
40355,185,betCent,10,0.7334792993630573,0,9,None,66,1,5,False,1,1
40356,186,betCent,10,0.732484076433121,0,9,None,66,1,5,False,1,1
40357,187,betCent,10,0.7328821656050956,0,9,None,66,1,5,False,1,1
40358,188,betCent,10,0.7339769108280255,0,9,None,66,1,5,False,1,1
40359,189,betCent,10,0.7344745222929936,0,9,None,66,1,5,False,1,1
40360,185,betCent,10,0.7606488853503185,0,7,None,66,1,5,False,1,1
40361,186,betCent,10,0.7614450636942676,0,7,None,66,1,5,False,1,1
40362,187,betCent,10,0.7614450636942676,0,7,None,66,1,5,False,1,1
40363,188,betCent,10,0.7616441082802548,0,7,None,66,1,5,False,1,1
40364,189,betCent,10,0.7625398089171974,0,7,None,66,1,5,False,1,1
40365,185,betCent,10,0.7250199044585988,0,15,None,66,1,5,False,1,1
40366,186,betCent,10,0.7247213375796179,0,15,None,66,1,5,False,1,1
40367,187,betCent,10,0.725218949044586,0,15,None,66,1,5,False,1,1
40368,188,betCent,10,0.7253184713375797,0,15,None,66,1,5,False,1,1
40369,189,betCent,10,0.7258160828025477,0,15,None,66,1,5,False,1,1
40370,185,betCent,10,0.737062101910828,0,12,None,66,1,5,False,1,1
40371,186,betCent,10,0.7350716560509554,0,12,None,66,1,5,False,1,1
40372,187,betCent,10,0.7334792993630573,0,12,None,66,1,5,False,1,1
40373,188,betCent,10,0.7335788216560509,0,12,None,66,1,5,False,1,1
40374,189,betCent,10,0.7339769108280255,0,12,None,66,1,5,False,1,1
40375,185,betCent,10,0.7661226114649682,0,20,None,66,1,5,False,1,1
40376,186,betCent,10,0.7666202229299363,0,20,None,66,1,5,False,1,1
40377,187,betCent,10,0.7680135350318471,0,20,None,66,1,5,False,1,1
40378,188,betCent,10,0.7696058917197452,0,20,None,66,1,5,False,1,1
40379,189,betCent,10,0.7706011146496815,0,20,None,66,1,5,False,1,1
40380,185,betCent,10,0.7124800955414012,0,28,None,66,1,5,False,1,1
40381,186,betCent,10,0.705812101910828,0,28,None,66,1,5,False,1,1
40382,187,betCent,10,0.7029259554140127,0,28,None,66,1,5,False,1,1
40383,188,betCent,10,0.7010350318471338,0,28,None,66,1,5,False,1,1
40384,189,betCent,10,0.701234076433121,0,28,None,66,1,5,False,1,1
40385,185,betCent,10,0.7532842356687898,0,10,None,66,1,5,False,1,1
40386,186,betCent,10,0.7569665605095541,0,10,None,66,1,5,False,1,1
40387,187,betCent,10,0.7588574840764332,0,10,None,66,1,5,False,1,1
40388,188,betCent,10,0.7597531847133758,0,10,None,66,1,5,False,1,1
40389,189,betCent,10,0.7612460191082803,0,10,None,66,1,5,False,1,1
40390,185,betCent,10,0.7607484076433121,0,11,None,66,1,5,False,1,1
40391,186,betCent,10,0.7576632165605095,0,11,None,66,1,5,False,1,1
40392,187,betCent,10,0.7584593949044586,0,11,None,66,1,5,False,1,1
40393,188,betCent,10,0.7592555732484076,0,11,None,66,1,5,False,1,1
40394,189,betCent,10,0.7597531847133758,0,11,None,66,1,5,False,1,1
40395,185,betCent,10,0.7291003184713376,0,17,None,66,1,5,False,1,1
40396,186,betCent,10,0.7323845541401274,0,17,None,66,1,5,False,1,1
40397,187,betCent,10,0.7341759554140127,0,17,None,66,1,5,False,1,1
40398,188,betCent,10,0.7350716560509554,0,17,None,66,1,5,False,1,1
40399,189,betCent,10,0.73546974522293,0,17,None,66,1,5,False,1,1
40400,185,betCent,10,0.6792396496815286,0,8,None,66,1,5,False,1,1
40401,186,betCent,10,0.6778463375796179,0,8,None,66,1,5,False,1,1
40402,187,betCent,10,0.6778463375796179,0,8,None,66,1,5,False,1,1
40403,188,betCent,10,0.6785429936305732,0,8,None,66,1,5,False,1,1
40404,189,betCent,10,0.6789410828025477,0,8,None,66,1,5,False,1,1
40405,185,betCent,10,0.722531847133758,0,3,None,66,1,5,False,1,1
40406,186,betCent,10,0.7218351910828026,0,3,None,66,1,5,False,1,1
40407,187,betCent,10,0.7216361464968153,0,3,None,66,1,5,False,1,1
40408,188,betCent,10,0.7217356687898089,0,3,None,66,1,5,False,1,1
40409,189,betCent,10,0.7216361464968153,0,3,None,66,1,5,False,1,1
40410,185,betCent,10,0.7555732484076433,0,18,None,66,1,5,False,1,1
40411,186,betCent,10,0.7544785031847133,0,18,None,66,1,5,False,1,1
40412,187,betCent,10,0.7542794585987261,0,18,None,66,1,5,False,1,1
40413,188,betCent,10,0.7559713375796179,0,18,None,66,1,5,False,1,1
40414,189,betCent,10,0.7557722929936306,0,18,None,66,1,5,False,1,1
40415,185,betCent,10,0.6523686305732485,0,19,None,66,1,5,False,1,1
40416,186,betCent,10,0.6504777070063694,0,19,None,66,1,5,False,1,1
40417,187,betCent,10,0.6507762738853503,0,19,None,66,1,5,False,1,1
40418,188,betCent,10,0.6526671974522293,0,19,None,66,1,5,False,1,1
40419,189,betCent,10,0.6530652866242038,0,19,None,66,1,5,False,1,1
40420,185,betCent,10,0.7708001592356688,0,31,None,66,1,5,False,1,1
40421,186,betCent,10,0.769406847133758,0,31,None,66,1,5,False,1,1
40422,187,betCent,10,0.7687101910828026,0,31,None,66,1,5,False,1,1
40423,188,betCent,10,0.768312101910828,0,31,None,66,1,5,False,1,1
40424,189,betCent,10,0.7686106687898089,0,31,None,66,1,5,False,1,1
40425,190,betCent,10,0.7581608280254777,0,22,None,66,1,5,False,1,1
40426,191,betCent,10,0.7543789808917197,0,22,None,66,1,5,False,1,1
40427,192,betCent,10,0.7532842356687898,0,22,None,66,1,5,False,1,1
40428,193,betCent,10,0.7514928343949044,0,22,None,66,1,5,False,1,1
40429,194,betCent,10,0.7507961783439491,0,22,None,66,1,5,False,1,1
40430,190,betCent,10,0.7588574840764332,0,7,None,66,1,5,False,1,1
40431,191,betCent,10,0.761046974522293,0,7,None,66,1,5,False,1,1
40432,192,betCent,10,0.7612460191082803,0,7,None,66,1,5,False,1,1
40433,193,betCent,10,0.761843152866242,0,7,None,66,1,5,False,1,1
40434,194,betCent,10,0.7624402866242038,0,7,None,66,1,5,False,1,1
40435,190,betCent,10,0.6813296178343949,0,32,None,66,1,5,False,1,1
40436,191,betCent,10,0.6738654458598726,0,32,None,66,1,5,False,1,1
40437,192,betCent,10,0.6725716560509554,0,32,None,66,1,5,False,1,1
40438,193,betCent,10,0.6725716560509554,0,32,None,66,1,5,False,1,1
40439,194,betCent,10,0.6731687898089171,0,32,None,66,1,5,False,1,1
40440,190,betCent,10,0.612062101910828,0,14,None,66,1,5,False,1,1
40441,191,betCent,10,0.6168391719745223,0,14,None,66,1,5,False,1,1
40442,192,betCent,10,0.6244028662420382,0,14,None,66,1,5,False,1,1
40443,193,betCent,10,0.6297770700636943,0,14,None,66,1,5,False,1,1
40444,194,betCent,10,0.6312699044585988,0,14,None,66,1,5,False,1,1
40445,190,betCent,10,0.729796974522293,0,15,None,66,1,5,False,1,1
40446,191,betCent,10,0.729796974522293,0,15,None,66,1,5,False,1,1
40447,192,betCent,10,0.7295979299363057,0,15,None,66,1,5,False,1,1
40448,193,betCent,10,0.7300955414012739,0,15,None,66,1,5,False,1,1
40449,194,betCent,10,0.7308917197452229,0,15,None,66,1,5,False,1,1
40450,190,betCent,10,0.731687898089172,0,6,None,66,1,5,False,1,1
40451,191,betCent,10,0.7325835987261147,0,6,None,66,1,5,False,1,1
40452,192,betCent,10,0.7340764331210191,0,6,None,66,1,5,False,1,1
40453,193,betCent,10,0.7348726114649682,0,6,None,66,1,5,False,1,1
40454,194,betCent,10,0.7353702229299363,0,6,None,66,1,5,False,1,1
40455,190,betCent,10,0.7387539808917197,0,12,None,66,1,5,False,1,1
40456,191,betCent,10,0.7353702229299363,0,12,None,66,1,5,False,1,1
40457,192,betCent,10,0.7356687898089171,0,12,None,66,1,5,False,1,1
40458,193,betCent,10,0.7348726114649682,0,12,None,66,1,5,False,1,1
40459,194,betCent,10,0.7357683121019108,0,12,None,66,1,5,False,1,1
40460,190,betCent,10,0.7025278662420382,0,25,None,66,1,5,False,1,1
40461,191,betCent,10,0.691281847133758,0,25,None,66,1,5,False,1,1
40462,192,betCent,10,0.6876990445859873,0,25,None,66,1,5,False,1,1
40463,193,betCent,10,0.6857085987261147,0,25,None,66,1,5,False,1,1
40464,194,betCent,10,0.6852109872611465,0,25,None,66,1,5,False,1,1
40465,190,betCent,10,0.6961584394904459,0,26,None,66,1,5,False,1,1
40466,191,betCent,10,0.6853105095541401,0,26,None,66,1,5,False,1,1
40467,192,betCent,10,0.6814291401273885,0,26,None,66,1,5,False,1,1
40468,193,betCent,10,0.6801353503184714,0,26,None,66,1,5,False,1,1
40469,194,betCent,10,0.6792396496815286,0,26,None,66,1,5,False,1,1
40470,190,betCent,10,0.7671178343949044,0,20,None,66,1,5,False,1,1
40471,191,betCent,10,0.7679140127388535,0,20,None,66,1,5,False,1,1
40472,192,betCent,10,0.7693073248407644,0,20,None,66,1,5,False,1,1
40473,193,betCent,10,0.7713972929936306,0,20,None,66,1,5,False,1,1
40474,194,betCent,10,0.7719944267515924,0,20,None,66,1,5,False,1,1
40475,190,betCent,10,0.7337778662420382,0,16,None,66,1,5,False,1,1
40476,191,betCent,10,0.7447253184713376,0,16,None,66,1,5,False,1,1
40477,192,betCent,10,0.7515923566878981,0,16,None,66,1,5,False,1,1
40478,193,betCent,10,0.7558718152866242,0,16,None,66,1,5,False,1,1
40479,194,betCent,10,0.7592555732484076,0,16,None,66,1,5,False,1,1
40480,190,betCent,10,0.7573646496815286,0,18,None,66,1,5,False,1,1
40481,191,betCent,10,0.755672770700637,0,18,None,66,1,5,False,1,1
40482,192,betCent,10,0.7571656050955414,0,18,None,66,1,5,False,1,1
40483,193,betCent,10,0.7581608280254777,0,18,None,66,1,5,False,1,1
40484,194,betCent,10,0.7589570063694268,0,18,None,66,1,5,False,1,1
40485,190,betCent,10,0.6471934713375797,0,19,None,66,1,5,False,1,1
40486,191,betCent,10,0.648984872611465,0,19,None,66,1,5,False,1,1
40487,192,betCent,10,0.6502786624203821,0,19,None,66,1,5,False,1,1
40488,193,betCent,10,0.6513734076433121,0,19,None,66,1,5,False,1,1
40489,194,betCent,10,0.6533638535031847,0,19,None,66,1,5,False,1,1
40490,190,betCent,10,0.7547770700636943,0,10,None,66,1,5,False,1,1
40491,191,betCent,10,0.7574641719745223,0,10,None,66,1,5,False,1,1
40492,192,betCent,10,0.7592555732484076,0,10,None,66,1,5,False,1,1
40493,193,betCent,10,0.7611464968152867,0,10,None,66,1,5,False,1,1
40494,194,betCent,10,0.7624402866242038,0,10,None,66,1,5,False,1,1
40495,190,betCent,10,0.7623407643312102,0,11,None,66,1,5,False,1,1
40496,191,betCent,10,0.7601512738853503,0,11,None,66,1,5,False,1,1
40497,192,betCent,10,0.7595541401273885,0,11,None,66,1,5,False,1,1
40498,193,betCent,10,0.7605493630573248,0,11,None,66,1,5,False,1,1
40499,194,betCent,10,0.7611464968152867,0,11,None,66,1,5,False,1,1
40500,190,betCent,10,0.7323845541401274,0,17,None,66,1,5,False,1,1
40501,191,betCent,10,0.7333797770700637,0,17,None,66,1,5,False,1,1
40502,192,betCent,10,0.7352707006369427,0,17,None,66,1,5,False,1,1
40503,193,betCent,10,0.7365644904458599,0,17,None,66,1,5,False,1,1
40504,194,betCent,10,0.7379578025477707,0,17,None,66,1,5,False,1,1
40505,190,betCent,10,0.7222332802547771,0,1,None,66,1,5,False,1,1
40506,191,betCent,10,0.7377587579617835,0,1,None,66,1,5,False,1,1
40507,192,betCent,10,0.7397492038216561,0,1,None,66,1,5,False,1,1
40508,193,betCent,10,0.7414410828025477,0,1,None,66,1,5,False,1,1
40509,194,betCent,10,0.7425358280254777,0,1,None,66,1,5,False,1,1
40510,190,betCent,10,0.6610270700636943,0,2,None,66,1,5,False,1,1
40511,191,betCent,10,0.6364450636942676,0,2,None,66,1,5,False,1,1
40512,192,betCent,10,0.623109076433121,0,2,None,66,1,5,False,1,1
40513,193,betCent,10,0.6155453821656051,0,2,None,66,1,5,False,1,1
40514,194,betCent,10,0.6102707006369427,0,2,None,66,1,5,False,1,1
40515,190,betCent,10,0.7029259554140127,0,4,None,66,1,5,False,1,1
40516,191,betCent,10,0.6973527070063694,0,4,None,66,1,5,False,1,1
40517,192,betCent,10,0.6857085987261147,0,4,None,66,1,5,False,1,1
40518,193,betCent,10,0.6769506369426752,0,4,None,66,1,5,False,1,1
40519,194,betCent,10,0.669187898089172,0,4,None,66,1,5,False,1,1
40520,190,betCent,10,0.7242237261146497,0,3,None,66,1,5,False,1,1
40521,191,betCent,10,0.7239251592356688,0,3,None,66,1,5,False,1,1
40522,192,betCent,10,0.7243232484076433,0,3,None,66,1,5,False,1,1
40523,193,betCent,10,0.7241242038216561,0,3,None,66,1,5,False,1,1
40524,194,betCent,10,0.7242237261146497,0,3,None,66,1,5,False,1,1
40525,190,betCent,10,0.7661226114649682,0,5,None,66,1,5,False,1,1
40526,191,betCent,10,0.759952229299363,0,5,None,66,1,5,False,1,1
40527,192,betCent,10,0.7594546178343949,0,5,None,66,1,5,False,1,1
40528,193,betCent,10,0.7587579617834395,0,5,None,66,1,5,False,1,1
40529,194,betCent,10,0.7582603503184714,0,5,None,66,1,5,False,1,1
40530,190,betCent,10,0.6825238853503185,0,8,None,66,1,5,False,1,1
40531,191,betCent,10,0.6797372611464968,0,8,None,66,1,5,False,1,1
40532,192,betCent,10,0.6795382165605095,0,8,None,66,1,5,False,1,1
40533,193,betCent,10,0.6797372611464968,0,8,None,66,1,5,False,1,1
40534,194,betCent,10,0.6799363057324841,0,8,None,66,1,5,False,1,1
40535,190,betCent,10,0.7352707006369427,0,9,None,66,1,5,False,1,1
40536,191,betCent,10,0.7338773885350318,0,9,None,66,1,5,False,1,1
40537,192,betCent,10,0.7348726114649682,0,9,None,66,1,5,False,1,1
40538,193,betCent,10,0.7357683121019108,0,9,None,66,1,5,False,1,1
40539,194,betCent,10,0.7366640127388535,0,9,None,66,1,5,False,1,1
40540,190,betCent,10,0.7541799363057324,0,13,None,66,1,5,False,1,1
40541,191,betCent,10,0.7548765923566879,0,13,None,66,1,5,False,1,1
40542,192,betCent,10,0.7558718152866242,0,13,None,66,1,5,False,1,1
40543,193,betCent,10,0.7567675159235668,0,13,None,66,1,5,False,1,1
40544,194,betCent,10,0.7567675159235668,0,13,None,66,1,5,False,1,1
40545,190,betCent,10,0.7668192675159236,0,21,None,66,1,5,False,1,1
40546,191,betCent,10,0.7662221337579618,0,21,None,66,1,5,False,1,1
40547,192,betCent,10,0.7668192675159236,0,21,None,66,1,5,False,1,1
40548,193,betCent,10,0.7673168789808917,0,21,None,66,1,5,False,1,1
40549,194,betCent,10,0.7680135350318471,0,21,None,66,1,5,False,1,1
40550,190,betCent,10,0.7127786624203821,0,23,None,66,1,5,False,1,1
40551,191,betCent,10,0.7128781847133758,0,23,None,66,1,5,False,1,1
40552,192,betCent,10,0.7140724522292994,0,23,None,66,1,5,False,1,1
40553,193,betCent,10,0.7147691082802548,0,23,None,66,1,5,False,1,1
40554,194,betCent,10,0.7158638535031847,0,23,None,66,1,5,False,1,1
40555,190,betCent,10,0.7134753184713376,0,28,None,66,1,5,False,1,1
40556,191,betCent,10,0.7079020700636943,0,28,None,66,1,5,False,1,1
40557,192,betCent,10,0.7049164012738853,0,28,None,66,1,5,False,1,1
40558,193,betCent,10,0.7039211783439491,0,28,None,66,1,5,False,1,1
40559,194,betCent,10,0.7040207006369427,0,28,None,66,1,5,False,1,1
40560,190,betCent,10,0.7181528662420382,0,29,None,66,1,5,False,1,1
40561,191,betCent,10,0.7137738853503185,0,29,None,66,1,5,False,1,1
40562,192,betCent,10,0.709593949044586,0,29,None,66,1,5,False,1,1
40563,193,betCent,10,0.7076035031847133,0,29,None,66,1,5,False,1,1
40564,194,betCent,10,0.7081011146496815,0,29,None,66,1,5,False,1,1
40565,190,betCent,10,0.7200437898089171,0,24,None,66,1,5,False,1,1
40566,191,betCent,10,0.7273089171974523,0,24,None,66,1,5,False,1,1
40567,192,betCent,10,0.7292993630573248,0,24,None,66,1,5,False,1,1
40568,193,betCent,10,0.7314888535031847,0,24,None,66,1,5,False,1,1
40569,194,betCent,10,0.7320859872611465,0,24,None,66,1,5,False,1,1
40570,190,betCent,10,0.714968152866242,0,27,None,66,1,5,False,1,1
40571,191,betCent,10,0.709593949044586,0,27,None,66,1,5,False,1,1
40572,192,betCent,10,0.7092953821656051,0,27,None,66,1,5,False,1,1
40573,193,betCent,10,0.7091958598726115,0,27,None,66,1,5,False,1,1
40574,194,betCent,10,0.7093949044585988,0,27,None,66,1,5,False,1,1
40575,190,betCent,10,0.7165605095541401,0,0,None,66,1,5,False,1,1
40576,191,betCent,10,0.7175557324840764,0,0,None,66,1,5,False,1,1
40577,192,betCent,10,0.7180533439490446,0,0,None,66,1,5,False,1,1
40578,193,betCent,10,0.7188495222929936,0,0,None,66,1,5,False,1,1
40579,194,betCent,10,0.7190485668789809,0,0,None,66,1,5,False,1,1
40580,190,betCent,10,0.7361664012738853,0,30,None,66,1,5,False,1,1
40581,191,betCent,10,0.7652269108280255,0,30,None,66,1,5,False,1,1
40582,192,betCent,10,0.7736863057324841,0,30,None,66,1,5,False,1,1
40583,193,betCent,10,0.776671974522293,0,30,None,66,1,5,False,1,1
40584,194,betCent,10,0.778562898089172,0,30,None,66,1,5,False,1,1
40585,190,betCent,10,0.7688097133757962,0,31,None,66,1,5,False,1,1
40586,191,betCent,10,0.769406847133758,0,31,None,66,1,5,False,1,1
40587,192,betCent,10,0.769406847133758,0,31,None,66,1,5,False,1,1
40588,193,betCent,10,0.7690087579617835,0,31,None,66,1,5,False,1,1
40589,194,betCent,10,0.7686106687898089,0,31,None,66,1,5,False,1,1
40590,195,betCent,10,0.7251194267515924,0,24,None,66,1,5,False,1,1
40591,196,betCent,10,0.7306926751592356,0,24,None,66,1,5,False,1,1
40592,197,betCent,10,0.731687898089172,0,24,None,66,1,5,False,1,1
40593,198,betCent,10,0.7331807324840764,0,24,None,66,1,5,False,1,1
40594,199,betCent,10,0.7342754777070064,0,24,None,66,1,5,False,1,1
40595,195,betCent,10,0.7690087579617835,0,21,None,66,1,5,False,1,1
40596,196,betCent,10,0.7688097133757962,0,21,None,66,1,5,False,1,1
40597,197,betCent,10,0.7695063694267515,0,21,None,66,1,5,False,1,1
40598,198,betCent,10,0.7703025477707006,0,21,None,66,1,5,False,1,1
40599,199,betCent,10,0.7708996815286624,0,21,None,66,1,5,False,1,1
40600,195,betCent,10,0.7172571656050956,0,27,None,66,1,5,False,1,1
40601,196,betCent,10,0.7111863057324841,0,27,None,66,1,5,False,1,1
40602,197,betCent,10,0.7106886942675159,0,27,None,66,1,5,False,1,1
40603,198,betCent,10,0.7108877388535032,0,27,None,66,1,5,False,1,1
40604,199,betCent,10,0.7108877388535032,0,27,None,66,1,5,False,1,1
40605,195,betCent,10,0.7282046178343949,0,1,None,66,1,5,False,1,1
40606,196,betCent,10,0.740843949044586,0,1,None,66,1,5,False,1,1
40607,197,betCent,10,0.7421377388535032,0,1,None,66,1,5,False,1,1
40608,198,betCent,10,0.7441281847133758,0,1,None,66,1,5,False,1,1
40609,199,betCent,10,0.7440286624203821,0,1,None,66,1,5,False,1,1
40610,195,betCent,10,0.6628184713375797,0,2,None,66,1,5,False,1,1
40611,196,betCent,10,0.6383359872611465,0,2,None,66,1,5,False,1,1
40612,197,betCent,10,0.6251990445859873,0,2,None,66,1,5,False,1,1
40613,198,betCent,10,0.617734872611465,0,2,None,66,1,5,False,1,1
40614,199,betCent,10,0.6127587579617835,0,2,None,66,1,5,False,1,1
40615,195,betCent,10,0.7322850318471338,0,15,None,66,1,5,False,1,1
40616,196,betCent,10,0.7327826433121019,0,15,None,66,1,5,False,1,1
40617,197,betCent,10,0.7341759554140127,0,15,None,66,1,5,False,1,1
40618,198,betCent,10,0.7345740445859873,0,15,None,66,1,5,False,1,1
40619,199,betCent,10,0.7334792993630573,0,15,None,66,1,5,False,1,1
40620,195,betCent,10,0.7631369426751592,0,11,None,66,1,5,False,1,1
40621,196,betCent,10,0.7607484076433121,0,11,None,66,1,5,False,1,1
40622,197,betCent,10,0.7613455414012739,0,11,None,66,1,5,False,1,1
40623,198,betCent,10,0.7619426751592356,0,11,None,66,1,5,False,1,1
40624,199,betCent,10,0.7623407643312102,0,11,None,66,1,5,False,1,1
40625,195,betCent,10,0.7317874203821656,0,17,None,66,1,5,False,1,1
40626,196,betCent,10,0.7341759554140127,0,17,None,66,1,5,False,1,1
40627,197,betCent,10,0.7361664012738853,0,17,None,66,1,5,False,1,1
40628,198,betCent,10,0.7387539808917197,0,17,None,66,1,5,False,1,1
40629,199,betCent,10,0.7385549363057324,0,17,None,66,1,5,False,1,1
40630,195,betCent,10,0.7708996815286624,0,20,None,66,1,5,False,1,1
40631,196,betCent,10,0.7716958598726115,0,20,None,66,1,5,False,1,1
40632,197,betCent,10,0.772890127388535,0,20,None,66,1,5,False,1,1
40633,198,betCent,10,0.7740843949044586,0,20,None,66,1,5,False,1,1
40634,199,betCent,10,0.7738853503184714,0,20,None,66,1,5,False,1,1
40635,195,betCent,10,0.7573646496815286,0,10,None,66,1,5,False,1,1
40636,196,betCent,10,0.7597531847133758,0,10,None,66,1,5,False,1,1
40637,197,betCent,10,0.7617436305732485,0,10,None,66,1,5,False,1,1
40638,198,betCent,10,0.7649283439490446,0,10,None,66,1,5,False,1,1
40639,199,betCent,10,0.7651273885350318,0,10,None,66,1,5,False,1,1
40640,195,betCent,10,0.7600517515923567,0,22,None,66,1,5,False,1,1
40641,196,betCent,10,0.7576632165605095,0,22,None,66,1,5,False,1,1
40642,197,betCent,10,0.7567675159235668,0,22,None,66,1,5,False,1,1
40643,198,betCent,10,0.7550756369426752,0,22,None,66,1,5,False,1,1
40644,199,betCent,10,0.7543789808917197,0,22,None,66,1,5,False,1,1
40645,195,betCent,10,0.6849124203821656,0,32,None,66,1,5,False,1,1
40646,196,betCent,10,0.6777468152866242,0,32,None,66,1,5,False,1,1
40647,197,betCent,10,0.6767515923566879,0,32,None,66,1,5,False,1,1
40648,198,betCent,10,0.6759554140127388,0,32,None,66,1,5,False,1,1
40649,199,betCent,10,0.6770501592356688,0,32,None,66,1,5,False,1,1
40650,195,betCent,10,0.7154657643312102,0,23,None,66,1,5,False,1,1
40651,196,betCent,10,0.714968152866242,0,23,None,66,1,5,False,1,1
40652,197,betCent,10,0.7171576433121019,0,23,None,66,1,5,False,1,1
40653,198,betCent,10,0.7178542993630573,0,23,None,66,1,5,False,1,1
40654,199,betCent,10,0.7196457006369427,0,23,None,66,1,5,False,1,1
40655,195,betCent,10,0.7165605095541401,0,28,None,66,1,5,False,1,1
40656,196,betCent,10,0.7085987261146497,0,28,None,66,1,5,False,1,1
40657,197,betCent,10,0.7072054140127388,0,28,None,66,1,5,False,1,1
40658,198,betCent,10,0.7057125796178344,0,28,None,66,1,5,False,1,1
40659,199,betCent,10,0.7048168789808917,0,28,None,66,1,5,False,1,1
40660,195,betCent,10,0.7216361464968153,0,29,None,66,1,5,False,1,1
40661,196,betCent,10,0.7170581210191083,0,29,None,66,1,5,False,1,1
40662,197,betCent,10,0.7124800955414012,0,29,None,66,1,5,False,1,1
40663,198,betCent,10,0.7102906050955414,0,29,None,66,1,5,False,1,1
40664,199,betCent,10,0.7098925159235668,0,29,None,66,1,5,False,1,1
40665,195,betCent,10,0.7409434713375797,0,9,None,66,1,5,False,1,1
40666,196,betCent,10,0.7393511146496815,0,9,None,66,1,5,False,1,1
40667,197,betCent,10,0.740047770700637,0,9,None,66,1,5,False,1,1
40668,198,betCent,10,0.7407444267515924,0,9,None,66,1,5,False,1,1
40669,199,betCent,10,0.7426353503184714,0,9,None,66,1,5,False,1,1
40670,195,betCent,10,0.7708996815286624,0,31,None,66,1,5,False,1,1
40671,196,betCent,10,0.7697054140127388,0,31,None,66,1,5,False,1,1
40672,197,betCent,10,0.7706011146496815,0,31,None,66,1,5,False,1,1
40673,198,betCent,10,0.7701035031847133,0,31,None,66,1,5,False,1,1
40674,199,betCent,10,0.7699044585987261,0,31,None,66,1,5,False,1,1
40675,195,betCent,10,0.6200238853503185,0,14,None,66,1,5,False,1,1
40676,196,betCent,10,0.6233081210191083,0,14,None,66,1,5,False,1,1
40677,197,betCent,10,0.6319665605095541,0,14,None,66,1,5,False,1,1
40678,198,betCent,10,0.6342555732484076,0,14,None,66,1,5,False,1,1
40679,199,betCent,10,0.6371417197452229,0,14,None,66,1,5,False,1,1
40680,195,betCent,10,0.7365644904458599,0,30,None,66,1,5,False,1,1
40681,196,betCent,10,0.7688097133757962,0,30,None,66,1,5,False,1,1
40682,197,betCent,10,0.774781050955414,0,30,None,66,1,5,False,1,1
40683,198,betCent,10,0.7776671974522293,0,30,None,66,1,5,False,1,1
40684,199,betCent,10,0.7794585987261147,0,30,None,66,1,5,False,1,1
40685,195,betCent,10,0.7570660828025477,0,13,None,66,1,5,False,1,1
40686,196,betCent,10,0.7581608280254777,0,13,None,66,1,5,False,1,1
40687,197,betCent,10,0.7587579617834395,0,13,None,66,1,5,False,1,1
40688,198,betCent,10,0.7588574840764332,0,13,None,66,1,5,False,1,1
40689,199,betCent,10,0.759156050955414,0,13,None,66,1,5,False,1,1
40690,195,betCent,10,0.7392515923566879,0,12,None,66,1,5,False,1,1
40691,196,betCent,10,0.7373606687898089,0,12,None,66,1,5,False,1,1
40692,197,betCent,10,0.7378582802547771,0,12,None,66,1,5,False,1,1
40693,198,betCent,10,0.7371616242038217,0,12,None,66,1,5,False,1,1
40694,199,betCent,10,0.7371616242038217,0,12,None,66,1,5,False,1,1
40695,195,betCent,10,0.7038216560509554,0,25,None,66,1,5,False,1,1
40696,196,betCent,10,0.6903861464968153,0,25,None,66,1,5,False,1,1
40697,197,betCent,10,0.68859474522293,0,25,None,66,1,5,False,1,1
40698,198,betCent,10,0.6872014331210191,0,25,None,66,1,5,False,1,1
40699,199,betCent,10,0.6863057324840764,0,25,None,66,1,5,False,1,1
40700,195,betCent,10,0.6918789808917197,0,26,None,66,1,5,False,1,1
40701,196,betCent,10,0.6832205414012739,0,26,None,66,1,5,False,1,1
40702,197,betCent,10,0.6789410828025477,0,26,None,66,1,5,False,1,1
40703,198,betCent,10,0.6778463375796179,0,26,None,66,1,5,False,1,1
40704,199,betCent,10,0.6786425159235668,0,26,None,66,1,5,False,1,1
40705,195,betCent,10,0.7613455414012739,0,7,None,66,1,5,False,1,1
40706,196,betCent,10,0.7621417197452229,0,7,None,66,1,5,False,1,1
40707,197,betCent,10,0.7620421974522293,0,7,None,66,1,5,False,1,1
40708,198,betCent,10,0.7622412420382165,0,7,None,66,1,5,False,1,1
40709,199,betCent,10,0.7630374203821656,0,7,None,66,1,5,False,1,1
40710,195,betCent,10,0.7693073248407644,0,5,None,66,1,5,False,1,1
40711,196,betCent,10,0.762937898089172,0,5,None,66,1,5,False,1,1
40712,197,betCent,10,0.7615445859872612,0,5,None,66,1,5,False,1,1
40713,198,betCent,10,0.7607484076433121,0,5,None,66,1,5,False,1,1
40714,199,betCent,10,0.7601512738853503,0,5,None,66,1,5,False,1,1
40715,195,betCent,10,0.7277070063694268,0,3,None,66,1,5,False,1,1
40716,196,betCent,10,0.7268113057324841,0,3,None,66,1,5,False,1,1
40717,197,betCent,10,0.7274084394904459,0,3,None,66,1,5,False,1,1
40718,198,betCent,10,0.7281050955414012,0,3,None,66,1,5,False,1,1
40719,199,betCent,10,0.727906050955414,0,3,None,66,1,5,False,1,1
40720,195,betCent,10,0.7330812101910829,0,6,None,66,1,5,False,1,1
40721,196,betCent,10,0.7345740445859873,0,6,None,66,1,5,False,1,1
40722,197,betCent,10,0.7373606687898089,0,6,None,66,1,5,False,1,1
40723,198,betCent,10,0.7367635350318471,0,6,None,66,1,5,False,1,1
40724,199,betCent,10,0.7378582802547771,0,6,None,66,1,5,False,1,1
40725,195,betCent,10,0.7193471337579618,0,0,None,66,1,5,False,1,1
40726,196,betCent,10,0.71984474522293,0,0,None,66,1,5,False,1,1
40727,197,betCent,10,0.7210390127388535,0,0,None,66,1,5,False,1,1
40728,198,betCent,10,0.7212380573248408,0,0,None,66,1,5,False,1,1
40729,199,betCent,10,0.7209394904458599,0,0,None,66,1,5,False,1,1
40730,195,betCent,10,0.7046178343949044,0,4,None,66,1,5,False,1,1
40731,196,betCent,10,0.6991441082802548,0,4,None,66,1,5,False,1,1
40732,197,betCent,10,0.6876990445859873,0,4,None,66,1,5,False,1,1
40733,198,betCent,10,0.6789410828025477,0,4,None,66,1,5,False,1,1
40734,199,betCent,10,0.6720740445859873,0,4,None,66,1,5,False,1,1
40735,195,betCent,10,0.7328821656050956,0,16,None,66,1,5,False,1,1
40736,196,betCent,10,0.7438296178343949,0,16,None,66,1,5,False,1,1
40737,197,betCent,10,0.7522890127388535,0,16,None,66,1,5,False,1,1
40738,198,betCent,10,0.7576632165605095,0,16,None,66,1,5,False,1,1
40739,199,betCent,10,0.7603503184713376,0,16,None,66,1,5,False,1,1
40740,195,betCent,10,0.6832205414012739,0,8,None,66,1,5,False,1,1
40741,196,betCent,10,0.6809315286624203,0,8,None,66,1,5,False,1,1
40742,197,betCent,10,0.6808320063694268,0,8,None,66,1,5,False,1,1
40743,198,betCent,10,0.6808320063694268,0,8,None,66,1,5,False,1,1
40744,199,betCent,10,0.6813296178343949,0,8,None,66,1,5,False,1,1
40745,195,betCent,10,0.7596536624203821,0,18,None,66,1,5,False,1,1
40746,196,betCent,10,0.7573646496815286,0,18,None,66,1,5,False,1,1
40747,197,betCent,10,0.7590565286624203,0,18,None,66,1,5,False,1,1
40748,198,betCent,10,0.7601512738853503,0,18,None,66,1,5,False,1,1
40749,199,betCent,10,0.7608479299363057,0,18,None,66,1,5,False,1,1
40750,195,betCent,10,0.6526671974522293,0,19,None,66,1,5,False,1,1
40751,196,betCent,10,0.6529657643312102,0,19,None,66,1,5,False,1,1
40752,197,betCent,10,0.6532643312101911,0,19,None,66,1,5,False,1,1
40753,198,betCent,10,0.6552547770700637,0,19,None,66,1,5,False,1,1
40754,199,betCent,10,0.65734474522293,0,19,None,66,1,5,False,1,1
0,0,unweighted_fl,10,0.0995222929936305,0,0,None,66,1,5,False,1,1
1,1,unweighted_fl,10,0.0995222929936305,0,0,None,66,1,5,False,1,1
2,2,unweighted_fl,10,0.0995222929936305,0,0,None,66,1,5,False,1,1
3,3,unweighted_fl,10,0.0995222929936305,0,0,None,66,1,5,False,1,1
4,4,unweighted_fl,10,0.0995222929936305,0,0,None,66,1,5,False,1,1
5,0,unweighted_fl,10,0.1204219745222929,0,1,None,66,1,5,False,1,1
6,1,unweighted_fl,10,0.2308917197452229,0,1,None,66,1,5,False,1,1
7,2,unweighted_fl,10,0.2574641719745223,0,1,None,66,1,5,False,1,1
8,3,unweighted_fl,10,0.3107085987261146,0,1,None,66,1,5,False,1,1
9,4,unweighted_fl,10,0.3131966560509554,0,1,None,66,1,5,False,1,1
10,0,unweighted_fl,10,0.2527866242038216,0,3,None,66,1,5,False,1,1
11,1,unweighted_fl,10,0.208499203821656,0,3,None,66,1,5,False,1,1
12,2,unweighted_fl,10,0.1808320063694267,0,3,None,66,1,5,False,1,1
13,3,unweighted_fl,10,0.1922770700636942,0,3,None,66,1,5,False,1,1
14,4,unweighted_fl,10,0.2533837579617834,0,3,None,66,1,5,False,1,1
15,0,unweighted_fl,10,0.1539609872611465,0,2,None,66,1,5,False,1,1
16,1,unweighted_fl,10,0.1714769108280254,0,2,None,66,1,5,False,1,1
17,2,unweighted_fl,10,0.1636146496815286,0,2,None,66,1,5,False,1,1
18,3,unweighted_fl,10,0.1678941082802547,0,2,None,66,1,5,False,1,1
19,4,unweighted_fl,10,0.2261146496815286,0,2,None,66,1,5,False,1,1
20,0,unweighted_fl,10,0.0995222929936305,0,4,None,66,1,5,False,1,1
21,1,unweighted_fl,10,0.0995222929936305,0,4,None,66,1,5,False,1,1
22,2,unweighted_fl,10,0.0995222929936305,0,4,None,66,1,5,False,1,1
23,3,unweighted_fl,10,0.0995222929936305,0,4,None,66,1,5,False,1,1
24,4,unweighted_fl,10,0.0995222929936305,0,4,None,66,1,5,False,1,1
25,0,unweighted_fl,10,0.0995222929936305,0,5,None,66,1,5,False,1,1
26,1,unweighted_fl,10,0.0995222929936305,0,5,None,66,1,5,False,1,1
27,2,unweighted_fl,10,0.0995222929936305,0,5,None,66,1,5,False,1,1
28,3,unweighted_fl,10,0.1365445859872611,0,5,None,66,1,5,False,1,1
29,4,unweighted_fl,10,0.1898885350318471,0,5,None,66,1,5,False,1,1
30,0,unweighted_fl,10,0.117436305732484,0,6,None,66,1,5,False,1,1
31,1,unweighted_fl,10,0.0995222929936305,0,6,None,66,1,5,False,1,1
32,2,unweighted_fl,10,0.0995222929936305,0,6,None,66,1,5,False,1,1
33,3,unweighted_fl,10,0.0995222929936305,0,6,None,66,1,5,False,1,1
34,4,unweighted_fl,10,0.0995222929936305,0,6,None,66,1,5,False,1,1
35,0,unweighted_fl,10,0.1451035031847133,0,7,None,66,1,5,False,1,1
36,1,unweighted_fl,10,0.0995222929936305,0,7,None,66,1,5,False,1,1
37,2,unweighted_fl,10,0.0995222929936305,0,7,None,66,1,5,False,1,1
38,3,unweighted_fl,10,0.0995222929936305,0,7,None,66,1,5,False,1,1
39,4,unweighted_fl,10,0.1788415605095541,0,7,None,66,1,5,False,1,1
40,0,unweighted_fl,10,0.1206210191082802,0,9,None,66,1,5,False,1,1
41,1,unweighted_fl,10,0.1002189490445859,0,9,None,66,1,5,False,1,1
42,2,unweighted_fl,10,0.0995222929936305,0,9,None,66,1,5,False,1,1
43,3,unweighted_fl,10,0.0995222929936305,0,9,None,66,1,5,False,1,1
44,4,unweighted_fl,10,0.1034036624203821,0,9,None,66,1,5,False,1,1
45,0,unweighted_fl,10,0.0995222929936305,0,8,None,66,1,5,False,1,1
46,1,unweighted_fl,10,0.0995222929936305,0,8,None,66,1,5,False,1,1
47,2,unweighted_fl,10,0.1656050955414012,0,8,None,66,1,5,False,1,1
48,3,unweighted_fl,10,0.1876990445859872,0,8,None,66,1,5,False,1,1
49,4,unweighted_fl,10,0.1880971337579617,0,8,None,66,1,5,False,1,1
50,0,unweighted_fl,10,0.2040207006369426,0,10,None,66,1,5,False,1,1
51,1,unweighted_fl,10,0.3144904458598726,0,10,None,66,1,5,False,1,1
52,2,unweighted_fl,10,0.2819466560509554,0,10,None,66,1,5,False,1,1
53,3,unweighted_fl,10,0.2665207006369426,0,10,None,66,1,5,False,1,1
54,4,unweighted_fl,10,0.3023487261146497,0,10,None,66,1,5,False,1,1
55,0,unweighted_fl,10,0.0997213375796178,0,11,None,66,1,5,False,1,1
56,1,unweighted_fl,10,0.0995222929936305,0,11,None,66,1,5,False,1,1
57,2,unweighted_fl,10,0.0995222929936305,0,11,None,66,1,5,False,1,1
58,3,unweighted_fl,10,0.0995222929936305,0,11,None,66,1,5,False,1,1
59,4,unweighted_fl,10,0.0995222929936305,0,11,None,66,1,5,False,1,1
60,0,unweighted_fl,10,0.0998208598726114,0,12,None,66,1,5,False,1,1
61,1,unweighted_fl,10,0.0995222929936305,0,12,None,66,1,5,False,1,1
62,2,unweighted_fl,10,0.0995222929936305,0,12,None,66,1,5,False,1,1
63,3,unweighted_fl,10,0.0995222929936305,0,12,None,66,1,5,False,1,1
64,4,unweighted_fl,10,0.0995222929936305,0,12,None,66,1,5,False,1,1
65,0,unweighted_fl,10,0.1874004777070063,0,13,None,66,1,5,False,1,1
66,1,unweighted_fl,10,0.2257165605095541,0,13,None,66,1,5,False,1,1
67,2,unweighted_fl,10,0.2510947452229299,0,13,None,66,1,5,False,1,1
68,3,unweighted_fl,10,0.2276074840764331,0,13,None,66,1,5,False,1,1
69,4,unweighted_fl,10,0.2125796178343949,0,13,None,66,1,5,False,1,1
70,0,unweighted_fl,10,0.1857085987261146,0,14,None,66,1,5,False,1,1
71,1,unweighted_fl,10,0.1879976114649681,0,14,None,66,1,5,False,1,1
72,2,unweighted_fl,10,0.1830214968152866,0,14,None,66,1,5,False,1,1
73,3,unweighted_fl,10,0.1850119426751592,0,14,None,66,1,5,False,1,1
74,4,unweighted_fl,10,0.1939689490445859,0,14,None,66,1,5,False,1,1
75,0,unweighted_fl,10,0.0995222929936305,0,15,None,66,1,5,False,1,1
76,1,unweighted_fl,10,0.0995222929936305,0,15,None,66,1,5,False,1,1
77,2,unweighted_fl,10,0.0995222929936305,0,15,None,66,1,5,False,1,1
78,3,unweighted_fl,10,0.0995222929936305,0,15,None,66,1,5,False,1,1
79,4,unweighted_fl,10,0.0995222929936305,0,15,None,66,1,5,False,1,1
80,0,unweighted_fl,10,0.0995222929936305,0,16,None,66,1,5,False,1,1
81,1,unweighted_fl,10,0.0995222929936305,0,16,None,66,1,5,False,1,1
82,2,unweighted_fl,10,0.0995222929936305,0,16,None,66,1,5,False,1,1
83,3,unweighted_fl,10,0.0995222929936305,0,16,None,66,1,5,False,1,1
84,4,unweighted_fl,10,0.0995222929936305,0,16,None,66,1,5,False,1,1
85,0,unweighted_fl,10,0.2665207006369426,0,17,None,66,1,5,False,1,1
86,1,unweighted_fl,10,0.1393312101910828,0,17,None,66,1,5,False,1,1
87,2,unweighted_fl,10,0.1044984076433121,0,17,None,66,1,5,False,1,1
88,3,unweighted_fl,10,0.1072850318471337,0,17,None,66,1,5,False,1,1
89,4,unweighted_fl,10,0.1935708598726114,0,17,None,66,1,5,False,1,1
90,0,unweighted_fl,10,0.1756568471337579,0,18,None,66,1,5,False,1,1
91,1,unweighted_fl,10,0.190983280254777,0,18,None,66,1,5,False,1,1
92,2,unweighted_fl,10,0.1921775477707006,0,18,None,66,1,5,False,1,1
93,3,unweighted_fl,10,0.194765127388535,0,18,None,66,1,5,False,1,1
94,4,unweighted_fl,10,0.1949641719745223,0,18,None,66,1,5,False,1,1
95,0,unweighted_fl,10,0.1001194267515923,0,19,None,66,1,5,False,1,1
96,1,unweighted_fl,10,0.0995222929936305,0,19,None,66,1,5,False,1,1
97,2,unweighted_fl,10,0.0997213375796178,0,19,None,66,1,5,False,1,1
98,3,unweighted_fl,10,0.1948646496815286,0,19,None,66,1,5,False,1,1
99,4,unweighted_fl,10,0.2568670382165605,0,19,None,66,1,5,False,1,1
100,0,unweighted_fl,10,0.0995222929936305,0,20,None,66,1,5,False,1,1
101,1,unweighted_fl,10,0.0995222929936305,0,20,None,66,1,5,False,1,1
102,2,unweighted_fl,10,0.1428144904458598,0,20,None,66,1,5,False,1,1
103,3,unweighted_fl,10,0.1995421974522293,0,20,None,66,1,5,False,1,1
104,4,unweighted_fl,10,0.2442277070063694,0,20,None,66,1,5,False,1,1
105,0,unweighted_fl,10,0.2160628980891719,0,21,None,66,1,5,False,1,1
106,1,unweighted_fl,10,0.2276074840764331,0,21,None,66,1,5,False,1,1
107,2,unweighted_fl,10,0.2291003184713375,0,21,None,66,1,5,False,1,1
108,3,unweighted_fl,10,0.2403463375796178,0,21,None,66,1,5,False,1,1
109,4,unweighted_fl,10,0.2834394904458598,0,21,None,66,1,5,False,1,1
110,0,unweighted_fl,10,0.0995222929936305,0,22,None,66,1,5,False,1,1
111,1,unweighted_fl,10,0.0995222929936305,0,22,None,66,1,5,False,1,1
112,2,unweighted_fl,10,0.0995222929936305,0,22,None,66,1,5,False,1,1
113,3,unweighted_fl,10,0.0995222929936305,0,22,None,66,1,5,False,1,1
114,4,unweighted_fl,10,0.0995222929936305,0,22,None,66,1,5,False,1,1
115,0,unweighted_fl,10,0.0995222929936305,0,23,None,66,1,5,False,1,1
116,1,unweighted_fl,10,0.0995222929936305,0,23,None,66,1,5,False,1,1
117,2,unweighted_fl,10,0.0995222929936305,0,23,None,66,1,5,False,1,1
118,3,unweighted_fl,10,0.1195262738853503,0,23,None,66,1,5,False,1,1
119,4,unweighted_fl,10,0.1930732484076433,0,23,None,66,1,5,False,1,1
120,0,unweighted_fl,10,0.1186305732484076,0,24,None,66,1,5,False,1,1
121,1,unweighted_fl,10,0.1934713375796178,0,24,None,66,1,5,False,1,1
122,2,unweighted_fl,10,0.1979498407643312,0,24,None,66,1,5,False,1,1
123,3,unweighted_fl,10,0.1978503184713375,0,24,None,66,1,5,False,1,1
124,4,unweighted_fl,10,0.1977507961783439,0,24,None,66,1,5,False,1,1
125,0,unweighted_fl,10,0.1922770700636942,0,25,None,66,1,5,False,1,1
126,1,unweighted_fl,10,0.2123805732484076,0,25,None,66,1,5,False,1,1
127,2,unweighted_fl,10,0.2601512738853503,0,25,None,66,1,5,False,1,1
128,3,unweighted_fl,10,0.2431329617834395,0,25,None,66,1,5,False,1,1
129,4,unweighted_fl,10,0.2607484076433121,0,25,None,66,1,5,False,1,1
130,0,unweighted_fl,10,0.1836186305732484,0,26,None,66,1,5,False,1,1
131,1,unweighted_fl,10,0.0996218152866242,0,26,None,66,1,5,False,1,1
132,2,unweighted_fl,10,0.1006170382165605,0,26,None,66,1,5,False,1,1
133,3,unweighted_fl,10,0.1825238853503184,0,26,None,66,1,5,False,1,1
134,4,unweighted_fl,10,0.1989450636942675,0,26,None,66,1,5,False,1,1
135,0,unweighted_fl,10,0.1706807324840764,0,27,None,66,1,5,False,1,1
136,1,unweighted_fl,10,0.1871019108280254,0,27,None,66,1,5,False,1,1
137,2,unweighted_fl,10,0.1911823248407643,0,27,None,66,1,5,False,1,1
138,3,unweighted_fl,10,0.1906847133757961,0,27,None,66,1,5,False,1,1
139,4,unweighted_fl,10,0.1892914012738853,0,27,None,66,1,5,False,1,1
140,0,unweighted_fl,10,0.0995222929936305,0,28,None,66,1,5,False,1,1
141,1,unweighted_fl,10,0.0995222929936305,0,28,None,66,1,5,False,1,1
142,2,unweighted_fl,10,0.0995222929936305,0,28,None,66,1,5,False,1,1
143,3,unweighted_fl,10,0.0995222929936305,0,28,None,66,1,5,False,1,1
144,4,unweighted_fl,10,0.1724721337579617,0,28,None,66,1,5,False,1,1
145,0,unweighted_fl,10,0.0995222929936305,0,30,None,66,1,5,False,1,1
146,1,unweighted_fl,10,0.0995222929936305,0,30,None,66,1,5,False,1,1
147,2,unweighted_fl,10,0.1046974522292993,0,30,None,66,1,5,False,1,1
148,3,unweighted_fl,10,0.1591361464968153,0,30,None,66,1,5,False,1,1
149,4,unweighted_fl,10,0.190187101910828,0,30,None,66,1,5,False,1,1
150,0,unweighted_fl,10,0.1894904458598726,0,29,None,66,1,5,False,1,1
151,1,unweighted_fl,10,0.1883957006369426,0,29,None,66,1,5,False,1,1
152,2,unweighted_fl,10,0.1664012738853503,0,29,None,66,1,5,False,1,1
153,3,unweighted_fl,10,0.1934713375796178,0,29,None,66,1,5,False,1,1
154,4,unweighted_fl,10,0.198546974522293,0,29,None,66,1,5,False,1,1
155,0,unweighted_fl,10,0.0995222929936305,0,32,None,66,1,5,False,1,1
156,1,unweighted_fl,10,0.0995222929936305,0,32,None,66,1,5,False,1,1
157,2,unweighted_fl,10,0.0995222929936305,0,32,None,66,1,5,False,1,1
158,3,unweighted_fl,10,0.0995222929936305,0,32,None,66,1,5,False,1,1
159,4,unweighted_fl,10,0.1111664012738853,0,32,None,66,1,5,False,1,1
160,0,unweighted_fl,10,0.1675955414012739,0,31,None,66,1,5,False,1,1
161,1,unweighted_fl,10,0.1180334394904458,0,31,None,66,1,5,False,1,1
162,2,unweighted_fl,10,0.0997213375796178,0,31,None,66,1,5,False,1,1
163,3,unweighted_fl,10,0.0999203821656051,0,31,None,66,1,5,False,1,1
164,4,unweighted_fl,10,0.1184315286624203,0,31,None,66,1,5,False,1,1
165,5,unweighted_fl,10,0.0995222929936305,0,1,None,66,1,5,False,1,1
166,6,unweighted_fl,10,0.0995222929936305,0,1,None,66,1,5,False,1,1
167,7,unweighted_fl,10,0.0995222929936305,0,1,None,66,1,5,False,1,1
168,8,unweighted_fl,10,0.0995222929936305,0,1,None,66,1,5,False,1,1
169,9,unweighted_fl,10,0.0995222929936305,0,1,None,66,1,5,False,1,1
170,5,unweighted_fl,10,0.0995222929936305,0,2,None,66,1,5,False,1,1
171,6,unweighted_fl,10,0.0995222929936305,0,2,None,66,1,5,False,1,1
172,7,unweighted_fl,10,0.0995222929936305,0,2,None,66,1,5,False,1,1
173,8,unweighted_fl,10,0.0995222929936305,0,2,None,66,1,5,False,1,1
174,9,unweighted_fl,10,0.0995222929936305,0,2,None,66,1,5,False,1,1
175,5,unweighted_fl,10,0.0995222929936305,0,0,None,66,1,5,False,1,1
176,6,unweighted_fl,10,0.0995222929936305,0,0,None,66,1,5,False,1,1
177,7,unweighted_fl,10,0.0995222929936305,0,0,None,66,1,5,False,1,1
178,8,unweighted_fl,10,0.0995222929936305,0,0,None,66,1,5,False,1,1
179,9,unweighted_fl,10,0.0995222929936305,0,0,None,66,1,5,False,1,1
180,5,unweighted_fl,10,0.0995222929936305,0,3,None,66,1,5,False,1,1
181,6,unweighted_fl,10,0.0995222929936305,0,3,None,66,1,5,False,1,1
182,7,unweighted_fl,10,0.0995222929936305,0,3,None,66,1,5,False,1,1
183,8,unweighted_fl,10,0.0995222929936305,0,3,None,66,1,5,False,1,1
184,9,unweighted_fl,10,0.0995222929936305,0,3,None,66,1,5,False,1,1
185,5,unweighted_fl,10,0.0995222929936305,0,4,None,66,1,5,False,1,1
186,6,unweighted_fl,10,0.0995222929936305,0,4,None,66,1,5,False,1,1
187,7,unweighted_fl,10,0.0995222929936305,0,4,None,66,1,5,False,1,1
188,8,unweighted_fl,10,0.0995222929936305,0,4,None,66,1,5,False,1,1
189,9,unweighted_fl,10,0.0995222929936305,0,4,None,66,1,5,False,1,1
190,5,unweighted_fl,10,0.0995222929936305,0,5,None,66,1,5,False,1,1
191,6,unweighted_fl,10,0.0995222929936305,0,5,None,66,1,5,False,1,1
192,7,unweighted_fl,10,0.0995222929936305,0,5,None,66,1,5,False,1,1
193,8,unweighted_fl,10,0.0995222929936305,0,5,None,66,1,5,False,1,1
194,9,unweighted_fl,10,0.0995222929936305,0,5,None,66,1,5,False,1,1
195,5,unweighted_fl,10,0.0995222929936305,0,7,None,66,1,5,False,1,1
196,6,unweighted_fl,10,0.0995222929936305,0,7,None,66,1,5,False,1,1
197,7,unweighted_fl,10,0.0995222929936305,0,7,None,66,1,5,False,1,1
198,8,unweighted_fl,10,0.0995222929936305,0,7,None,66,1,5,False,1,1
199,9,unweighted_fl,10,0.0995222929936305,0,7,None,66,1,5,False,1,1
200,5,unweighted_fl,10,0.0995222929936305,0,8,None,66,1,5,False,1,1
201,6,unweighted_fl,10,0.0995222929936305,0,8,None,66,1,5,False,1,1
202,7,unweighted_fl,10,0.0995222929936305,0,8,None,66,1,5,False,1,1
203,8,unweighted_fl,10,0.0995222929936305,0,8,None,66,1,5,False,1,1
204,9,unweighted_fl,10,0.1202229299363057,0,8,None,66,1,5,False,1,1
205,5,unweighted_fl,10,0.0995222929936305,0,6,None,66,1,5,False,1,1
206,6,unweighted_fl,10,0.0995222929936305,0,6,None,66,1,5,False,1,1
207,7,unweighted_fl,10,0.0995222929936305,0,6,None,66,1,5,False,1,1
208,8,unweighted_fl,10,0.0995222929936305,0,6,None,66,1,5,False,1,1
209,9,unweighted_fl,10,0.0995222929936305,0,6,None,66,1,5,False,1,1
210,5,unweighted_fl,10,0.0995222929936305,0,9,None,66,1,5,False,1,1
211,6,unweighted_fl,10,0.0995222929936305,0,9,None,66,1,5,False,1,1
212,7,unweighted_fl,10,0.0995222929936305,0,9,None,66,1,5,False,1,1
213,8,unweighted_fl,10,0.0995222929936305,0,9,None,66,1,5,False,1,1
214,9,unweighted_fl,10,0.0995222929936305,0,9,None,66,1,5,False,1,1
215,5,unweighted_fl,10,0.0995222929936305,0,10,None,66,1,5,False,1,1
216,6,unweighted_fl,10,0.0995222929936305,0,10,None,66,1,5,False,1,1
217,7,unweighted_fl,10,0.0995222929936305,0,10,None,66,1,5,False,1,1
218,8,unweighted_fl,10,0.0995222929936305,0,10,None,66,1,5,False,1,1
219,9,unweighted_fl,10,0.0995222929936305,0,10,None,66,1,5,False,1,1
220,5,unweighted_fl,10,0.0995222929936305,0,11,None,66,1,5,False,1,1
221,6,unweighted_fl,10,0.0995222929936305,0,11,None,66,1,5,False,1,1
222,7,unweighted_fl,10,0.0995222929936305,0,11,None,66,1,5,False,1,1
223,8,unweighted_fl,10,0.0995222929936305,0,11,None,66,1,5,False,1,1
224,9,unweighted_fl,10,0.0995222929936305,0,11,None,66,1,5,False,1,1
225,5,unweighted_fl,10,0.0995222929936305,0,13,None,66,1,5,False,1,1
226,6,unweighted_fl,10,0.0995222929936305,0,13,None,66,1,5,False,1,1
227,7,unweighted_fl,10,0.0995222929936305,0,13,None,66,1,5,False,1,1
228,8,unweighted_fl,10,0.0995222929936305,0,13,None,66,1,5,False,1,1
229,9,unweighted_fl,10,0.0995222929936305,0,13,None,66,1,5,False,1,1
230,5,unweighted_fl,10,0.0995222929936305,0,14,None,66,1,5,False,1,1
231,6,unweighted_fl,10,0.0995222929936305,0,14,None,66,1,5,False,1,1
232,7,unweighted_fl,10,0.0995222929936305,0,14,None,66,1,5,False,1,1
233,8,unweighted_fl,10,0.0995222929936305,0,14,None,66,1,5,False,1,1
234,9,unweighted_fl,10,0.0995222929936305,0,14,None,66,1,5,False,1,1
235,5,unweighted_fl,10,0.0995222929936305,0,12,None,66,1,5,False,1,1
236,6,unweighted_fl,10,0.0995222929936305,0,12,None,66,1,5,False,1,1
237,7,unweighted_fl,10,0.0995222929936305,0,12,None,66,1,5,False,1,1
238,8,unweighted_fl,10,0.0995222929936305,0,12,None,66,1,5,False,1,1
239,9,unweighted_fl,10,0.0995222929936305,0,12,None,66,1,5,False,1,1
240,5,unweighted_fl,10,0.0995222929936305,0,15,None,66,1,5,False,1,1
241,6,unweighted_fl,10,0.0995222929936305,0,15,None,66,1,5,False,1,1
242,7,unweighted_fl,10,0.0995222929936305,0,15,None,66,1,5,False,1,1
243,8,unweighted_fl,10,0.0995222929936305,0,15,None,66,1,5,False,1,1
244,9,unweighted_fl,10,0.0995222929936305,0,15,None,66,1,5,False,1,1
245,5,unweighted_fl,10,0.0995222929936305,0,17,None,66,1,5,False,1,1
246,6,unweighted_fl,10,0.0995222929936305,0,17,None,66,1,5,False,1,1
247,7,unweighted_fl,10,0.0995222929936305,0,17,None,66,1,5,False,1,1
248,8,unweighted_fl,10,0.0995222929936305,0,17,None,66,1,5,False,1,1
249,9,unweighted_fl,10,0.0995222929936305,0,17,None,66,1,5,False,1,1
250,5,unweighted_fl,10,0.0995222929936305,0,18,None,66,1,5,False,1,1
251,6,unweighted_fl,10,0.0995222929936305,0,18,None,66,1,5,False,1,1
252,7,unweighted_fl,10,0.0995222929936305,0,18,None,66,1,5,False,1,1
253,8,unweighted_fl,10,0.0995222929936305,0,18,None,66,1,5,False,1,1
254,9,unweighted_fl,10,0.0995222929936305,0,18,None,66,1,5,False,1,1
255,5,unweighted_fl,10,0.0995222929936305,0,16,None,66,1,5,False,1,1
256,6,unweighted_fl,10,0.0995222929936305,0,16,None,66,1,5,False,1,1
257,7,unweighted_fl,10,0.0995222929936305,0,16,None,66,1,5,False,1,1
258,8,unweighted_fl,10,0.0995222929936305,0,16,None,66,1,5,False,1,1
259,9,unweighted_fl,10,0.0995222929936305,0,16,None,66,1,5,False,1,1
260,5,unweighted_fl,10,0.0995222929936305,0,19,None,66,1,5,False,1,1
261,6,unweighted_fl,10,0.0995222929936305,0,19,None,66,1,5,False,1,1
262,7,unweighted_fl,10,0.0995222929936305,0,19,None,66,1,5,False,1,1
263,8,unweighted_fl,10,0.0995222929936305,0,19,None,66,1,5,False,1,1
264,9,unweighted_fl,10,0.0995222929936305,0,19,None,66,1,5,False,1,1
265,5,unweighted_fl,10,0.0995222929936305,0,21,None,66,1,5,False,1,1
266,6,unweighted_fl,10,0.0995222929936305,0,21,None,66,1,5,False,1,1
267,7,unweighted_fl,10,0.0995222929936305,0,21,None,66,1,5,False,1,1
268,8,unweighted_fl,10,0.0995222929936305,0,21,None,66,1,5,False,1,1
269,9,unweighted_fl,10,0.0995222929936305,0,21,None,66,1,5,False,1,1
270,5,unweighted_fl,10,0.0995222929936305,0,20,None,66,1,5,False,1,1
271,6,unweighted_fl,10,0.0995222929936305,0,20,None,66,1,5,False,1,1
272,7,unweighted_fl,10,0.0995222929936305,0,20,None,66,1,5,False,1,1
273,8,unweighted_fl,10,0.0995222929936305,0,20,None,66,1,5,False,1,1
274,9,unweighted_fl,10,0.0995222929936305,0,20,None,66,1,5,False,1,1
275,5,unweighted_fl,10,0.0995222929936305,0,22,None,66,1,5,False,1,1
276,6,unweighted_fl,10,0.0995222929936305,0,22,None,66,1,5,False,1,1
277,7,unweighted_fl,10,0.0995222929936305,0,22,None,66,1,5,False,1,1
278,8,unweighted_fl,10,0.0995222929936305,0,22,None,66,1,5,False,1,1
279,9,unweighted_fl,10,0.0995222929936305,0,22,None,66,1,5,False,1,1
280,5,unweighted_fl,10,0.0995222929936305,0,24,None,66,1,5,False,1,1
281,6,unweighted_fl,10,0.0995222929936305,0,24,None,66,1,5,False,1,1
282,7,unweighted_fl,10,0.0995222929936305,0,24,None,66,1,5,False,1,1
283,8,unweighted_fl,10,0.0995222929936305,0,24,None,66,1,5,False,1,1
284,9,unweighted_fl,10,0.0995222929936305,0,24,None,66,1,5,False,1,1
285,5,unweighted_fl,10,0.0995222929936305,0,23,None,66,1,5,False,1,1
286,6,unweighted_fl,10,0.0995222929936305,0,23,None,66,1,5,False,1,1
287,7,unweighted_fl,10,0.0995222929936305,0,23,None,66,1,5,False,1,1
288,8,unweighted_fl,10,0.0995222929936305,0,23,None,66,1,5,False,1,1
289,9,unweighted_fl,10,0.0995222929936305,0,23,None,66,1,5,False,1,1
290,5,unweighted_fl,10,0.0995222929936305,0,25,None,66,1,5,False,1,1
291,6,unweighted_fl,10,0.0995222929936305,0,25,None,66,1,5,False,1,1
292,7,unweighted_fl,10,0.0995222929936305,0,25,None,66,1,5,False,1,1
293,8,unweighted_fl,10,0.0995222929936305,0,25,None,66,1,5,False,1,1
294,9,unweighted_fl,10,0.0995222929936305,0,25,None,66,1,5,False,1,1
295,5,unweighted_fl,10,0.0995222929936305,0,26,None,66,1,5,False,1,1
296,6,unweighted_fl,10,0.0995222929936305,0,26,None,66,1,5,False,1,1
297,7,unweighted_fl,10,0.0995222929936305,0,26,None,66,1,5,False,1,1
298,8,unweighted_fl,10,0.0995222929936305,0,26,None,66,1,5,False,1,1
299,9,unweighted_fl,10,0.0995222929936305,0,26,None,66,1,5,False,1,1
300,5,unweighted_fl,10,0.0995222929936305,0,27,None,66,1,5,False,1,1
301,6,unweighted_fl,10,0.0995222929936305,0,27,None,66,1,5,False,1,1
302,7,unweighted_fl,10,0.0995222929936305,0,27,None,66,1,5,False,1,1
303,8,unweighted_fl,10,0.0995222929936305,0,27,None,66,1,5,False,1,1
304,9,unweighted_fl,10,0.0995222929936305,0,27,None,66,1,5,False,1,1
305,5,unweighted_fl,10,0.0995222929936305,0,29,None,66,1,5,False,1,1
306,6,unweighted_fl,10,0.0995222929936305,0,29,None,66,1,5,False,1,1
307,7,unweighted_fl,10,0.0995222929936305,0,29,None,66,1,5,False,1,1
308,8,unweighted_fl,10,0.0995222929936305,0,29,None,66,1,5,False,1,1
309,9,unweighted_fl,10,0.0995222929936305,0,29,None,66,1,5,False,1,1
310,5,unweighted_fl,10,0.0995222929936305,0,28,None,66,1,5,False,1,1
311,6,unweighted_fl,10,0.0995222929936305,0,28,None,66,1,5,False,1,1
312,7,unweighted_fl,10,0.0995222929936305,0,28,None,66,1,5,False,1,1
313,8,unweighted_fl,10,0.0995222929936305,0,28,None,66,1,5,False,1,1
314,9,unweighted_fl,10,0.0995222929936305,0,28,None,66,1,5,False,1,1
315,5,unweighted_fl,10,0.0995222929936305,0,30,None,66,1,5,False,1,1
316,6,unweighted_fl,10,0.0995222929936305,0,30,None,66,1,5,False,1,1
317,7,unweighted_fl,10,0.0995222929936305,0,30,None,66,1,5,False,1,1
318,8,unweighted_fl,10,0.0995222929936305,0,30,None,66,1,5,False,1,1
319,9,unweighted_fl,10,0.0995222929936305,0,30,None,66,1,5,False,1,1
320,5,unweighted_fl,10,0.0995222929936305,0,32,None,66,1,5,False,1,1
321,6,unweighted_fl,10,0.0995222929936305,0,32,None,66,1,5,False,1,1
322,7,unweighted_fl,10,0.0995222929936305,0,32,None,66,1,5,False,1,1
323,8,unweighted_fl,10,0.0995222929936305,0,32,None,66,1,5,False,1,1
324,9,unweighted_fl,10,0.0995222929936305,0,32,None,66,1,5,False,1,1
325,5,unweighted_fl,10,0.0995222929936305,0,31,None,66,1,5,False,1,1
326,6,unweighted_fl,10,0.0995222929936305,0,31,None,66,1,5,False,1,1
327,7,unweighted_fl,10,0.0995222929936305,0,31,None,66,1,5,False,1,1
328,8,unweighted_fl,10,0.0995222929936305,0,31,None,66,1,5,False,1,1
329,9,unweighted_fl,10,0.0995222929936305,0,31,None,66,1,5,False,1,1
330,10,unweighted_fl,10,0.0995222929936305,0,0,None,66,1,5,False,1,1
331,11,unweighted_fl,10,0.0995222929936305,0,0,None,66,1,5,False,1,1
332,12,unweighted_fl,10,0.0995222929936305,0,0,None,66,1,5,False,1,1
333,13,unweighted_fl,10,0.0995222929936305,0,0,None,66,1,5,False,1,1
334,14,unweighted_fl,10,0.0995222929936305,0,0,None,66,1,5,False,1,1
335,10,unweighted_fl,10,0.0995222929936305,0,2,None,66,1,5,False,1,1
336,11,unweighted_fl,10,0.0995222929936305,0,2,None,66,1,5,False,1,1
337,12,unweighted_fl,10,0.0995222929936305,0,2,None,66,1,5,False,1,1
338,13,unweighted_fl,10,0.0995222929936305,0,2,None,66,1,5,False,1,1
339,14,unweighted_fl,10,0.0995222929936305,0,2,None,66,1,5,False,1,1
340,10,unweighted_fl,10,0.0995222929936305,0,1,None,66,1,5,False,1,1
341,11,unweighted_fl,10,0.0995222929936305,0,1,None,66,1,5,False,1,1
342,12,unweighted_fl,10,0.0995222929936305,0,1,None,66,1,5,False,1,1
343,13,unweighted_fl,10,0.0995222929936305,0,1,None,66,1,5,False,1,1
344,14,unweighted_fl,10,0.0995222929936305,0,1,None,66,1,5,False,1,1
345,10,unweighted_fl,10,0.0995222929936305,0,3,None,66,1,5,False,1,1
346,11,unweighted_fl,10,0.0995222929936305,0,3,None,66,1,5,False,1,1
347,12,unweighted_fl,10,0.0995222929936305,0,3,None,66,1,5,False,1,1
348,13,unweighted_fl,10,0.0995222929936305,0,3,None,66,1,5,False,1,1
349,14,unweighted_fl,10,0.0995222929936305,0,3,None,66,1,5,False,1,1
350,10,unweighted_fl,10,0.0995222929936305,0,4,None,66,1,5,False,1,1
351,11,unweighted_fl,10,0.0995222929936305,0,4,None,66,1,5,False,1,1
352,12,unweighted_fl,10,0.0995222929936305,0,4,None,66,1,5,False,1,1
353,13,unweighted_fl,10,0.0995222929936305,0,4,None,66,1,5,False,1,1
354,14,unweighted_fl,10,0.0995222929936305,0,4,None,66,1,5,False,1,1
355,10,unweighted_fl,10,0.0995222929936305,0,5,None,66,1,5,False,1,1
356,11,unweighted_fl,10,0.0995222929936305,0,5,None,66,1,5,False,1,1
357,12,unweighted_fl,10,0.0995222929936305,0,5,None,66,1,5,False,1,1
358,13,unweighted_fl,10,0.0995222929936305,0,5,None,66,1,5,False,1,1
359,14,unweighted_fl,10,0.0995222929936305,0,5,None,66,1,5,False,1,1
360,10,unweighted_fl,10,0.0995222929936305,0,6,None,66,1,5,False,1,1
361,11,unweighted_fl,10,0.0995222929936305,0,6,None,66,1,5,False,1,1
362,12,unweighted_fl,10,0.0995222929936305,0,6,None,66,1,5,False,1,1
363,13,unweighted_fl,10,0.0995222929936305,0,6,None,66,1,5,False,1,1
364,14,unweighted_fl,10,0.0995222929936305,0,6,None,66,1,5,False,1,1
365,10,unweighted_fl,10,0.0995222929936305,0,7,None,66,1,5,False,1,1
366,11,unweighted_fl,10,0.0995222929936305,0,7,None,66,1,5,False,1,1
367,12,unweighted_fl,10,0.0995222929936305,0,7,None,66,1,5,False,1,1
368,13,unweighted_fl,10,0.0995222929936305,0,7,None,66,1,5,False,1,1
369,14,unweighted_fl,10,0.1285828025477707,0,7,None,66,1,5,False,1,1
370,10,unweighted_fl,10,0.0995222929936305,0,8,None,66,1,5,False,1,1
371,11,unweighted_fl,10,0.0995222929936305,0,8,None,66,1,5,False,1,1
372,12,unweighted_fl,10,0.0995222929936305,0,8,None,66,1,5,False,1,1
373,13,unweighted_fl,10,0.0995222929936305,0,8,None,66,1,5,False,1,1
374,14,unweighted_fl,10,0.0995222929936305,0,8,None,66,1,5,False,1,1
375,10,unweighted_fl,10,0.0995222929936305,0,9,None,66,1,5,False,1,1
376,11,unweighted_fl,10,0.0995222929936305,0,9,None,66,1,5,False,1,1
377,12,unweighted_fl,10,0.0995222929936305,0,9,None,66,1,5,False,1,1
378,13,unweighted_fl,10,0.0995222929936305,0,9,None,66,1,5,False,1,1
379,14,unweighted_fl,10,0.0995222929936305,0,9,None,66,1,5,False,1,1
380,10,unweighted_fl,10,0.0995222929936305,0,11,None,66,1,5,False,1,1
381,11,unweighted_fl,10,0.0995222929936305,0,11,None,66,1,5,False,1,1
382,12,unweighted_fl,10,0.0995222929936305,0,11,None,66,1,5,False,1,1
383,13,unweighted_fl,10,0.0995222929936305,0,11,None,66,1,5,False,1,1
384,14,unweighted_fl,10,0.0995222929936305,0,11,None,66,1,5,False,1,1
385,10,unweighted_fl,10,0.0995222929936305,0,10,None,66,1,5,False,1,1
386,11,unweighted_fl,10,0.0995222929936305,0,10,None,66,1,5,False,1,1
387,12,unweighted_fl,10,0.0995222929936305,0,10,None,66,1,5,False,1,1
388,13,unweighted_fl,10,0.0995222929936305,0,10,None,66,1,5,False,1,1
389,14,unweighted_fl,10,0.0995222929936305,0,10,None,66,1,5,False,1,1
390,10,unweighted_fl,10,0.0995222929936305,0,12,None,66,1,5,False,1,1
391,11,unweighted_fl,10,0.0995222929936305,0,12,None,66,1,5,False,1,1
392,12,unweighted_fl,10,0.0995222929936305,0,12,None,66,1,5,False,1,1
393,13,unweighted_fl,10,0.0995222929936305,0,12,None,66,1,5,False,1,1
394,14,unweighted_fl,10,0.0995222929936305,0,12,None,66,1,5,False,1,1
395,10,unweighted_fl,10,0.0995222929936305,0,13,None,66,1,5,False,1,1
396,11,unweighted_fl,10,0.0995222929936305,0,13,None,66,1,5,False,1,1
397,12,unweighted_fl,10,0.0995222929936305,0,13,None,66,1,5,False,1,1
398,13,unweighted_fl,10,0.0995222929936305,0,13,None,66,1,5,False,1,1
399,14,unweighted_fl,10,0.0995222929936305,0,13,None,66,1,5,False,1,1
400,10,unweighted_fl,10,0.0995222929936305,0,15,None,66,1,5,False,1,1
401,11,unweighted_fl,10,0.0995222929936305,0,15,None,66,1,5,False,1,1
402,12,unweighted_fl,10,0.0995222929936305,0,15,None,66,1,5,False,1,1
403,13,unweighted_fl,10,0.0995222929936305,0,15,None,66,1,5,False,1,1
404,14,unweighted_fl,10,0.0995222929936305,0,15,None,66,1,5,False,1,1
405,10,unweighted_fl,10,0.0995222929936305,0,14,None,66,1,5,False,1,1
406,11,unweighted_fl,10,0.0995222929936305,0,14,None,66,1,5,False,1,1
407,12,unweighted_fl,10,0.0995222929936305,0,14,None,66,1,5,False,1,1
408,13,unweighted_fl,10,0.0995222929936305,0,14,None,66,1,5,False,1,1
409,14,unweighted_fl,10,0.0995222929936305,0,14,None,66,1,5,False,1,1
410,10,unweighted_fl,10,0.0995222929936305,0,16,None,66,1,5,False,1,1
411,11,unweighted_fl,10,0.0995222929936305,0,16,None,66,1,5,False,1,1
412,12,unweighted_fl,10,0.0995222929936305,0,16,None,66,1,5,False,1,1
413,13,unweighted_fl,10,0.0995222929936305,0,16,None,66,1,5,False,1,1
414,14,unweighted_fl,10,0.0995222929936305,0,16,None,66,1,5,False,1,1
415,10,unweighted_fl,10,0.0995222929936305,0,17,None,66,1,5,False,1,1
416,11,unweighted_fl,10,0.0995222929936305,0,17,None,66,1,5,False,1,1
417,12,unweighted_fl,10,0.0995222929936305,0,17,None,66,1,5,False,1,1
418,13,unweighted_fl,10,0.0995222929936305,0,17,None,66,1,5,False,1,1
419,14,unweighted_fl,10,0.0995222929936305,0,17,None,66,1,5,False,1,1
420,10,unweighted_fl,10,0.0995222929936305,0,18,None,66,1,5,False,1,1
421,11,unweighted_fl,10,0.0995222929936305,0,18,None,66,1,5,False,1,1
422,12,unweighted_fl,10,0.0995222929936305,0,18,None,66,1,5,False,1,1
423,13,unweighted_fl,10,0.0995222929936305,0,18,None,66,1,5,False,1,1
424,14,unweighted_fl,10,0.0995222929936305,0,18,None,66,1,5,False,1,1
425,10,unweighted_fl,10,0.0995222929936305,0,19,None,66,1,5,False,1,1
426,11,unweighted_fl,10,0.0995222929936305,0,19,None,66,1,5,False,1,1
427,12,unweighted_fl,10,0.0995222929936305,0,19,None,66,1,5,False,1,1
428,13,unweighted_fl,10,0.0995222929936305,0,19,None,66,1,5,False,1,1
429,14,unweighted_fl,10,0.0995222929936305,0,19,None,66,1,5,False,1,1
430,10,unweighted_fl,10,0.0995222929936305,0,20,None,66,1,5,False,1,1
431,11,unweighted_fl,10,0.0995222929936305,0,20,None,66,1,5,False,1,1
432,12,unweighted_fl,10,0.0995222929936305,0,20,None,66,1,5,False,1,1
433,13,unweighted_fl,10,0.0995222929936305,0,20,None,66,1,5,False,1,1
434,14,unweighted_fl,10,0.0995222929936305,0,20,None,66,1,5,False,1,1
435,10,unweighted_fl,10,0.0995222929936305,0,21,None,66,1,5,False,1,1
436,11,unweighted_fl,10,0.0995222929936305,0,21,None,66,1,5,False,1,1
437,12,unweighted_fl,10,0.0995222929936305,0,21,None,66,1,5,False,1,1
438,13,unweighted_fl,10,0.0995222929936305,0,21,None,66,1,5,False,1,1
439,14,unweighted_fl,10,0.0995222929936305,0,21,None,66,1,5,False,1,1
440,10,unweighted_fl,10,0.0995222929936305,0,22,None,66,1,5,False,1,1
441,11,unweighted_fl,10,0.0995222929936305,0,22,None,66,1,5,False,1,1
442,12,unweighted_fl,10,0.0995222929936305,0,22,None,66,1,5,False,1,1
443,13,unweighted_fl,10,0.0995222929936305,0,22,None,66,1,5,False,1,1
444,14,unweighted_fl,10,0.0995222929936305,0,22,None,66,1,5,False,1,1
445,10,unweighted_fl,10,0.0995222929936305,0,23,None,66,1,5,False,1,1
446,11,unweighted_fl,10,0.0995222929936305,0,23,None,66,1,5,False,1,1
447,12,unweighted_fl,10,0.0995222929936305,0,23,None,66,1,5,False,1,1
448,13,unweighted_fl,10,0.0995222929936305,0,23,None,66,1,5,False,1,1
449,14,unweighted_fl,10,0.0995222929936305,0,23,None,66,1,5,False,1,1
450,10,unweighted_fl,10,0.0995222929936305,0,24,None,66,1,5,False,1,1
451,11,unweighted_fl,10,0.0995222929936305,0,24,None,66,1,5,False,1,1
452,12,unweighted_fl,10,0.0995222929936305,0,24,None,66,1,5,False,1,1
453,13,unweighted_fl,10,0.0995222929936305,0,24,None,66,1,5,False,1,1
454,14,unweighted_fl,10,0.0995222929936305,0,24,None,66,1,5,False,1,1
455,10,unweighted_fl,10,0.0995222929936305,0,25,None,66,1,5,False,1,1
456,11,unweighted_fl,10,0.0995222929936305,0,25,None,66,1,5,False,1,1
457,12,unweighted_fl,10,0.0995222929936305,0,25,None,66,1,5,False,1,1
458,13,unweighted_fl,10,0.0995222929936305,0,25,None,66,1,5,False,1,1
459,14,unweighted_fl,10,0.0995222929936305,0,25,None,66,1,5,False,1,1
460,10,unweighted_fl,10,0.0995222929936305,0,26,None,66,1,5,False,1,1
461,11,unweighted_fl,10,0.0995222929936305,0,26,None,66,1,5,False,1,1
462,12,unweighted_fl,10,0.0995222929936305,0,26,None,66,1,5,False,1,1
463,13,unweighted_fl,10,0.0995222929936305,0,26,None,66,1,5,False,1,1
464,14,unweighted_fl,10,0.0995222929936305,0,26,None,66,1,5,False,1,1
465,10,unweighted_fl,10,0.0995222929936305,0,27,None,66,1,5,False,1,1
466,11,unweighted_fl,10,0.0995222929936305,0,27,None,66,1,5,False,1,1
467,12,unweighted_fl,10,0.1118630573248407,0,27,None,66,1,5,False,1,1
468,13,unweighted_fl,10,0.0995222929936305,0,27,None,66,1,5,False,1,1
469,14,unweighted_fl,10,0.0995222929936305,0,27,None,66,1,5,False,1,1
470,10,unweighted_fl,10,0.0995222929936305,0,28,None,66,1,5,False,1,1
471,11,unweighted_fl,10,0.0995222929936305,0,28,None,66,1,5,False,1,1
472,12,unweighted_fl,10,0.0995222929936305,0,28,None,66,1,5,False,1,1
473,13,unweighted_fl,10,0.0995222929936305,0,28,None,66,1,5,False,1,1
474,14,unweighted_fl,10,0.0995222929936305,0,28,None,66,1,5,False,1,1
475,10,unweighted_fl,10,0.0995222929936305,0,29,None,66,1,5,False,1,1
476,11,unweighted_fl,10,0.0995222929936305,0,29,None,66,1,5,False,1,1
477,12,unweighted_fl,10,0.0995222929936305,0,29,None,66,1,5,False,1,1
478,13,unweighted_fl,10,0.0995222929936305,0,29,None,66,1,5,False,1,1
479,14,unweighted_fl,10,0.0995222929936305,0,29,None,66,1,5,False,1,1
480,10,unweighted_fl,10,0.0995222929936305,0,30,None,66,1,5,False,1,1
481,11,unweighted_fl,10,0.0995222929936305,0,30,None,66,1,5,False,1,1
482,12,unweighted_fl,10,0.0995222929936305,0,30,None,66,1,5,False,1,1
483,13,unweighted_fl,10,0.0995222929936305,0,30,None,66,1,5,False,1,1
484,14,unweighted_fl,10,0.0995222929936305,0,30,None,66,1,5,False,1,1
485,10,unweighted_fl,10,0.0995222929936305,0,31,None,66,1,5,False,1,1
486,11,unweighted_fl,10,0.0995222929936305,0,31,None,66,1,5,False,1,1
487,12,unweighted_fl,10,0.0995222929936305,0,31,None,66,1,5,False,1,1
488,13,unweighted_fl,10,0.0995222929936305,0,31,None,66,1,5,False,1,1
489,14,unweighted_fl,10,0.0995222929936305,0,31,None,66,1,5,False,1,1
490,10,unweighted_fl,10,0.0995222929936305,0,32,None,66,1,5,False,1,1
491,11,unweighted_fl,10,0.0995222929936305,0,32,None,66,1,5,False,1,1
492,12,unweighted_fl,10,0.0995222929936305,0,32,None,66,1,5,False,1,1
493,13,unweighted_fl,10,0.0995222929936305,0,32,None,66,1,5,False,1,1
494,14,unweighted_fl,10,0.0995222929936305,0,32,None,66,1,5,False,1,1
990,15,unweighted_fl,10,0.0995222929936305,0,1,None,66,1,5,False,1,1
991,16,unweighted_fl,10,0.0995222929936305,0,1,None,66,1,5,False,1,1
992,17,unweighted_fl,10,0.0995222929936305,0,1,None,66,1,5,False,1,1
993,18,unweighted_fl,10,0.0995222929936305,0,1,None,66,1,5,False,1,1
994,19,unweighted_fl,10,0.0995222929936305,0,1,None,66,1,5,False,1,1
995,15,unweighted_fl,10,0.0995222929936305,0,0,None,66,1,5,False,1,1
996,16,unweighted_fl,10,0.0995222929936305,0,0,None,66,1,5,False,1,1
997,17,unweighted_fl,10,0.0995222929936305,0,0,None,66,1,5,False,1,1
998,18,unweighted_fl,10,0.0995222929936305,0,0,None,66,1,5,False,1,1
999,19,unweighted_fl,10,0.0995222929936305,0,0,None,66,1,5,False,1,1
1000,15,unweighted_fl,10,0.0995222929936305,0,2,None,66,1,5,False,1,1
1001,16,unweighted_fl,10,0.0995222929936305,0,2,None,66,1,5,False,1,1
1002,17,unweighted_fl,10,0.0995222929936305,0,2,None,66,1,5,False,1,1
1003,18,unweighted_fl,10,0.0995222929936305,0,2,None,66,1,5,False,1,1
1004,19,unweighted_fl,10,0.0995222929936305,0,2,None,66,1,5,False,1,1
1005,15,unweighted_fl,10,0.0995222929936305,0,3,None,66,1,5,False,1,1
1006,16,unweighted_fl,10,0.0995222929936305,0,3,None,66,1,5,False,1,1
1007,17,unweighted_fl,10,0.0995222929936305,0,3,None,66,1,5,False,1,1
1008,18,unweighted_fl,10,0.0995222929936305,0,3,None,66,1,5,False,1,1
1009,19,unweighted_fl,10,0.0995222929936305,0,3,None,66,1,5,False,1,1
1010,15,unweighted_fl,10,0.0995222929936305,0,5,None,66,1,5,False,1,1
1011,16,unweighted_fl,10,0.0995222929936305,0,5,None,66,1,5,False,1,1
1012,17,unweighted_fl,10,0.0995222929936305,0,5,None,66,1,5,False,1,1
1013,18,unweighted_fl,10,0.0995222929936305,0,5,None,66,1,5,False,1,1
1014,19,unweighted_fl,10,0.0995222929936305,0,5,None,66,1,5,False,1,1
1015,15,unweighted_fl,10,0.0995222929936305,0,6,None,66,1,5,False,1,1
1016,16,unweighted_fl,10,0.0995222929936305,0,6,None,66,1,5,False,1,1
1017,17,unweighted_fl,10,0.0995222929936305,0,6,None,66,1,5,False,1,1
1018,18,unweighted_fl,10,0.0995222929936305,0,6,None,66,1,5,False,1,1
1019,19,unweighted_fl,10,0.0995222929936305,0,6,None,66,1,5,False,1,1
1020,15,unweighted_fl,10,0.0995222929936305,0,4,None,66,1,5,False,1,1
1021,16,unweighted_fl,10,0.0995222929936305,0,4,None,66,1,5,False,1,1
1022,17,unweighted_fl,10,0.0995222929936305,0,4,None,66,1,5,False,1,1
1023,18,unweighted_fl,10,0.0995222929936305,0,4,None,66,1,5,False,1,1
1024,19,unweighted_fl,10,0.0995222929936305,0,4,None,66,1,5,False,1,1
1025,15,unweighted_fl,10,0.0995222929936305,0,7,None,66,1,5,False,1,1
1026,16,unweighted_fl,10,0.0995222929936305,0,7,None,66,1,5,False,1,1
1027,17,unweighted_fl,10,0.0995222929936305,0,7,None,66,1,5,False,1,1
1028,18,unweighted_fl,10,0.0995222929936305,0,7,None,66,1,5,False,1,1
1029,19,unweighted_fl,10,0.0995222929936305,0,7,None,66,1,5,False,1,1
1030,15,unweighted_fl,10,0.0995222929936305,0,9,None,66,1,5,False,1,1
1031,16,unweighted_fl,10,0.0995222929936305,0,9,None,66,1,5,False,1,1
1032,17,unweighted_fl,10,0.0995222929936305,0,9,None,66,1,5,False,1,1
1033,18,unweighted_fl,10,0.0995222929936305,0,9,None,66,1,5,False,1,1
1034,19,unweighted_fl,10,0.0995222929936305,0,9,None,66,1,5,False,1,1
1035,15,unweighted_fl,10,0.0995222929936305,0,8,None,66,1,5,False,1,1
1036,16,unweighted_fl,10,0.0995222929936305,0,8,None,66,1,5,False,1,1
1037,17,unweighted_fl,10,0.0995222929936305,0,8,None,66,1,5,False,1,1
1038,18,unweighted_fl,10,0.0995222929936305,0,8,None,66,1,5,False,1,1
1039,19,unweighted_fl,10,0.0995222929936305,0,8,None,66,1,5,False,1,1
1040,15,unweighted_fl,10,0.0995222929936305,0,10,None,66,1,5,False,1,1
1041,16,unweighted_fl,10,0.0995222929936305,0,10,None,66,1,5,False,1,1
1042,17,unweighted_fl,10,0.0995222929936305,0,10,None,66,1,5,False,1,1
1043,18,unweighted_fl,10,0.0995222929936305,0,10,None,66,1,5,False,1,1
1044,19,unweighted_fl,10,0.0995222929936305,0,10,None,66,1,5,False,1,1
1045,15,unweighted_fl,10,0.0995222929936305,0,12,None,66,1,5,False,1,1
1046,16,unweighted_fl,10,0.0995222929936305,0,12,None,66,1,5,False,1,1
1047,17,unweighted_fl,10,0.0995222929936305,0,12,None,66,1,5,False,1,1
1048,18,unweighted_fl,10,0.0995222929936305,0,12,None,66,1,5,False,1,1
1049,19,unweighted_fl,10,0.0995222929936305,0,12,None,66,1,5,False,1,1
1050,15,unweighted_fl,10,0.0995222929936305,0,11,None,66,1,5,False,1,1
1051,16,unweighted_fl,10,0.0995222929936305,0,11,None,66,1,5,False,1,1
1052,17,unweighted_fl,10,0.0995222929936305,0,11,None,66,1,5,False,1,1
1053,18,unweighted_fl,10,0.0995222929936305,0,11,None,66,1,5,False,1,1
1054,19,unweighted_fl,10,0.0995222929936305,0,11,None,66,1,5,False,1,1
1055,15,unweighted_fl,10,0.0995222929936305,0,13,None,66,1,5,False,1,1
1056,16,unweighted_fl,10,0.0995222929936305,0,13,None,66,1,5,False,1,1
1057,17,unweighted_fl,10,0.0995222929936305,0,13,None,66,1,5,False,1,1
1058,18,unweighted_fl,10,0.0995222929936305,0,13,None,66,1,5,False,1,1
1059,19,unweighted_fl,10,0.0995222929936305,0,13,None,66,1,5,False,1,1
1060,15,unweighted_fl,10,0.0995222929936305,0,15,None,66,1,5,False,1,1
1061,16,unweighted_fl,10,0.0995222929936305,0,15,None,66,1,5,False,1,1
1062,17,unweighted_fl,10,0.0995222929936305,0,15,None,66,1,5,False,1,1
1063,18,unweighted_fl,10,0.0995222929936305,0,15,None,66,1,5,False,1,1
1064,19,unweighted_fl,10,0.0995222929936305,0,15,None,66,1,5,False,1,1
1065,15,unweighted_fl,10,0.0995222929936305,0,14,None,66,1,5,False,1,1
1066,16,unweighted_fl,10,0.0995222929936305,0,14,None,66,1,5,False,1,1
1067,17,unweighted_fl,10,0.0995222929936305,0,14,None,66,1,5,False,1,1
1068,18,unweighted_fl,10,0.0995222929936305,0,14,None,66,1,5,False,1,1
1069,19,unweighted_fl,10,0.0995222929936305,0,14,None,66,1,5,False,1,1
1070,15,unweighted_fl,10,0.0995222929936305,0,16,None,66,1,5,False,1,1
1071,16,unweighted_fl,10,0.0995222929936305,0,16,None,66,1,5,False,1,1
1072,17,unweighted_fl,10,0.0995222929936305,0,16,None,66,1,5,False,1,1
1073,18,unweighted_fl,10,0.0995222929936305,0,16,None,66,1,5,False,1,1
1074,19,unweighted_fl,10,0.0995222929936305,0,16,None,66,1,5,False,1,1
1075,15,unweighted_fl,10,0.0995222929936305,0,17,None,66,1,5,False,1,1
1076,16,unweighted_fl,10,0.0995222929936305,0,17,None,66,1,5,False,1,1
1077,17,unweighted_fl,10,0.0995222929936305,0,17,None,66,1,5,False,1,1
1078,18,unweighted_fl,10,0.0995222929936305,0,17,None,66,1,5,False,1,1
1079,19,unweighted_fl,10,0.0995222929936305,0,17,None,66,1,5,False,1,1
1080,15,unweighted_fl,10,0.0995222929936305,0,18,None,66,1,5,False,1,1
1081,16,unweighted_fl,10,0.0995222929936305,0,18,None,66,1,5,False,1,1
1082,17,unweighted_fl,10,0.0995222929936305,0,18,None,66,1,5,False,1,1
1083,18,unweighted_fl,10,0.0995222929936305,0,18,None,66,1,5,False,1,1
1084,19,unweighted_fl,10,0.0995222929936305,0,18,None,66,1,5,False,1,1
1085,15,unweighted_fl,10,0.0995222929936305,0,20,None,66,1,5,False,1,1
1086,16,unweighted_fl,10,0.0995222929936305,0,20,None,66,1,5,False,1,1
1087,17,unweighted_fl,10,0.0995222929936305,0,20,None,66,1,5,False,1,1
1088,18,unweighted_fl,10,0.0995222929936305,0,20,None,66,1,5,False,1,1
1089,19,unweighted_fl,10,0.0995222929936305,0,20,None,66,1,5,False,1,1
1090,15,unweighted_fl,10,0.0995222929936305,0,19,None,66,1,5,False,1,1
1091,16,unweighted_fl,10,0.0995222929936305,0,19,None,66,1,5,False,1,1
1092,17,unweighted_fl,10,0.0995222929936305,0,19,None,66,1,5,False,1,1
1093,18,unweighted_fl,10,0.0995222929936305,0,19,None,66,1,5,False,1,1
1094,19,unweighted_fl,10,0.0995222929936305,0,19,None,66,1,5,False,1,1
1095,15,unweighted_fl,10,0.0995222929936305,0,21,None,66,1,5,False,1,1
1096,16,unweighted_fl,10,0.0995222929936305,0,21,None,66,1,5,False,1,1
1097,17,unweighted_fl,10,0.0995222929936305,0,21,None,66,1,5,False,1,1
1098,18,unweighted_fl,10,0.0995222929936305,0,21,None,66,1,5,False,1,1
1099,19,unweighted_fl,10,0.0995222929936305,0,21,None,66,1,5,False,1,1
1100,15,unweighted_fl,10,0.0995222929936305,0,23,None,66,1,5,False,1,1
1101,16,unweighted_fl,10,0.0995222929936305,0,23,None,66,1,5,False,1,1
1102,17,unweighted_fl,10,0.0995222929936305,0,23,None,66,1,5,False,1,1
1103,18,unweighted_fl,10,0.0995222929936305,0,23,None,66,1,5,False,1,1
1104,19,unweighted_fl,10,0.0995222929936305,0,23,None,66,1,5,False,1,1
1105,15,unweighted_fl,10,0.0995222929936305,0,22,None,66,1,5,False,1,1
1106,16,unweighted_fl,10,0.0995222929936305,0,22,None,66,1,5,False,1,1
1107,17,unweighted_fl,10,0.0995222929936305,0,22,None,66,1,5,False,1,1
1108,18,unweighted_fl,10,0.0995222929936305,0,22,None,66,1,5,False,1,1
1109,19,unweighted_fl,10,0.0995222929936305,0,22,None,66,1,5,False,1,1
1110,15,unweighted_fl,10,0.0995222929936305,0,24,None,66,1,5,False,1,1
1111,16,unweighted_fl,10,0.0995222929936305,0,24,None,66,1,5,False,1,1
1112,17,unweighted_fl,10,0.0995222929936305,0,24,None,66,1,5,False,1,1
1113,18,unweighted_fl,10,0.0995222929936305,0,24,None,66,1,5,False,1,1
1114,19,unweighted_fl,10,0.0995222929936305,0,24,None,66,1,5,False,1,1
1115,15,unweighted_fl,10,0.0996218152866242,0,26,None,66,1,5,False,1,1
1116,16,unweighted_fl,10,0.0995222929936305,0,26,None,66,1,5,False,1,1
1117,17,unweighted_fl,10,0.0995222929936305,0,26,None,66,1,5,False,1,1
1118,18,unweighted_fl,10,0.0995222929936305,0,26,None,66,1,5,False,1,1
1119,19,unweighted_fl,10,0.0995222929936305,0,26,None,66,1,5,False,1,1
1120,15,unweighted_fl,10,0.0995222929936305,0,25,None,66,1,5,False,1,1
1121,16,unweighted_fl,10,0.0995222929936305,0,25,None,66,1,5,False,1,1
1122,17,unweighted_fl,10,0.0995222929936305,0,25,None,66,1,5,False,1,1
1123,18,unweighted_fl,10,0.0995222929936305,0,25,None,66,1,5,False,1,1
1124,19,unweighted_fl,10,0.0995222929936305,0,25,None,66,1,5,False,1,1
1125,15,unweighted_fl,10,0.0995222929936305,0,27,None,66,1,5,False,1,1
1126,16,unweighted_fl,10,0.0995222929936305,0,27,None,66,1,5,False,1,1
1127,17,unweighted_fl,10,0.0995222929936305,0,27,None,66,1,5,False,1,1
1128,18,unweighted_fl,10,0.0995222929936305,0,27,None,66,1,5,False,1,1
1129,19,unweighted_fl,10,0.1728702229299363,0,27,None,66,1,5,False,1,1
1130,15,unweighted_fl,10,0.0995222929936305,0,29,None,66,1,5,False,1,1
1131,16,unweighted_fl,10,0.0995222929936305,0,29,None,66,1,5,False,1,1
1132,17,unweighted_fl,10,0.0995222929936305,0,29,None,66,1,5,False,1,1
1133,18,unweighted_fl,10,0.0995222929936305,0,29,None,66,1,5,False,1,1
1134,19,unweighted_fl,10,0.0995222929936305,0,29,None,66,1,5,False,1,1
1135,15,unweighted_fl,10,0.0995222929936305,0,28,None,66,1,5,False,1,1
1136,16,unweighted_fl,10,0.0995222929936305,0,28,None,66,1,5,False,1,1
1137,17,unweighted_fl,10,0.0995222929936305,0,28,None,66,1,5,False,1,1
1138,18,unweighted_fl,10,0.0995222929936305,0,28,None,66,1,5,False,1,1
1139,19,unweighted_fl,10,0.0995222929936305,0,28,None,66,1,5,False,1,1
1140,15,unweighted_fl,10,0.0995222929936305,0,30,None,66,1,5,False,1,1
1141,16,unweighted_fl,10,0.0995222929936305,0,30,None,66,1,5,False,1,1
1142,17,unweighted_fl,10,0.0995222929936305,0,30,None,66,1,5,False,1,1
1143,18,unweighted_fl,10,0.0995222929936305,0,30,None,66,1,5,False,1,1
1144,19,unweighted_fl,10,0.0995222929936305,0,30,None,66,1,5,False,1,1
1145,15,unweighted_fl,10,0.0995222929936305,0,32,None,66,1,5,False,1,1
1146,16,unweighted_fl,10,0.0995222929936305,0,32,None,66,1,5,False,1,1
1147,17,unweighted_fl,10,0.0995222929936305,0,32,None,66,1,5,False,1,1
1148,18,unweighted_fl,10,0.0995222929936305,0,32,None,66,1,5,False,1,1
1149,19,unweighted_fl,10,0.0995222929936305,0,32,None,66,1,5,False,1,1
1150,15,unweighted_fl,10,0.0995222929936305,0,31,None,66,1,5,False,1,1
1151,16,unweighted_fl,10,0.0995222929936305,0,31,None,66,1,5,False,1,1
1152,17,unweighted_fl,10,0.0995222929936305,0,31,None,66,1,5,False,1,1
1153,18,unweighted_fl,10,0.0995222929936305,0,31,None,66,1,5,False,1,1
1154,19,unweighted_fl,10,0.0995222929936305,0,31,None,66,1,5,False,1,1
1155,20,unweighted_fl,10,0.0995222929936305,0,0,None,66,1,5,False,1,1
1156,21,unweighted_fl,10,0.0995222929936305,0,0,None,66,1,5,False,1,1
1157,22,unweighted_fl,10,0.0995222929936305,0,0,None,66,1,5,False,1,1
1158,23,unweighted_fl,10,0.0995222929936305,0,0,None,66,1,5,False,1,1
1159,24,unweighted_fl,10,0.0995222929936305,0,0,None,66,1,5,False,1,1
1160,20,unweighted_fl,10,0.0995222929936305,0,2,None,66,1,5,False,1,1
1161,21,unweighted_fl,10,0.0995222929936305,0,2,None,66,1,5,False,1,1
1162,22,unweighted_fl,10,0.0995222929936305,0,2,None,66,1,5,False,1,1
1163,23,unweighted_fl,10,0.0995222929936305,0,2,None,66,1,5,False,1,1
1164,24,unweighted_fl,10,0.0995222929936305,0,2,None,66,1,5,False,1,1
1165,20,unweighted_fl,10,0.0995222929936305,0,1,None,66,1,5,False,1,1
1166,21,unweighted_fl,10,0.0995222929936305,0,1,None,66,1,5,False,1,1
1167,22,unweighted_fl,10,0.0995222929936305,0,1,None,66,1,5,False,1,1
1168,23,unweighted_fl,10,0.0995222929936305,0,1,None,66,1,5,False,1,1
1169,24,unweighted_fl,10,0.0995222929936305,0,1,None,66,1,5,False,1,1
1170,20,unweighted_fl,10,0.0995222929936305,0,3,None,66,1,5,False,1,1
1171,21,unweighted_fl,10,0.0995222929936305,0,3,None,66,1,5,False,1,1
1172,22,unweighted_fl,10,0.0995222929936305,0,3,None,66,1,5,False,1,1
1173,23,unweighted_fl,10,0.0995222929936305,0,3,None,66,1,5,False,1,1
1174,24,unweighted_fl,10,0.0995222929936305,0,3,None,66,1,5,False,1,1
1175,20,unweighted_fl,10,0.0995222929936305,0,5,None,66,1,5,False,1,1
1176,21,unweighted_fl,10,0.0995222929936305,0,5,None,66,1,5,False,1,1
1177,22,unweighted_fl,10,0.0995222929936305,0,5,None,66,1,5,False,1,1
1178,23,unweighted_fl,10,0.0995222929936305,0,5,None,66,1,5,False,1,1
1179,24,unweighted_fl,10,0.0995222929936305,0,5,None,66,1,5,False,1,1
1180,20,unweighted_fl,10,0.0995222929936305,0,6,None,66,1,5,False,1,1
1181,21,unweighted_fl,10,0.0995222929936305,0,6,None,66,1,5,False,1,1
1182,22,unweighted_fl,10,0.0995222929936305,0,6,None,66,1,5,False,1,1
1183,23,unweighted_fl,10,0.0995222929936305,0,6,None,66,1,5,False,1,1
1184,24,unweighted_fl,10,0.0995222929936305,0,6,None,66,1,5,False,1,1
1185,20,unweighted_fl,10,0.0995222929936305,0,4,None,66,1,5,False,1,1
1186,21,unweighted_fl,10,0.0995222929936305,0,4,None,66,1,5,False,1,1
1187,22,unweighted_fl,10,0.0995222929936305,0,4,None,66,1,5,False,1,1
1188,23,unweighted_fl,10,0.0995222929936305,0,4,None,66,1,5,False,1,1
1189,24,unweighted_fl,10,0.0995222929936305,0,4,None,66,1,5,False,1,1
1190,20,unweighted_fl,10,0.0995222929936305,0,7,None,66,1,5,False,1,1
1191,21,unweighted_fl,10,0.0995222929936305,0,7,None,66,1,5,False,1,1
1192,22,unweighted_fl,10,0.0995222929936305,0,7,None,66,1,5,False,1,1
1193,23,unweighted_fl,10,0.0995222929936305,0,7,None,66,1,5,False,1,1
1194,24,unweighted_fl,10,0.0995222929936305,0,7,None,66,1,5,False,1,1
1195,20,unweighted_fl,10,0.0995222929936305,0,9,None,66,1,5,False,1,1
1196,21,unweighted_fl,10,0.0995222929936305,0,9,None,66,1,5,False,1,1
1197,22,unweighted_fl,10,0.0995222929936305,0,9,None,66,1,5,False,1,1
1198,23,unweighted_fl,10,0.0995222929936305,0,9,None,66,1,5,False,1,1
1199,24,unweighted_fl,10,0.0995222929936305,0,9,None,66,1,5,False,1,1
1200,20,unweighted_fl,10,0.0995222929936305,0,10,None,66,1,5,False,1,1
1201,21,unweighted_fl,10,0.0995222929936305,0,10,None,66,1,5,False,1,1
1202,22,unweighted_fl,10,0.0995222929936305,0,10,None,66,1,5,False,1,1
1203,23,unweighted_fl,10,0.0995222929936305,0,10,None,66,1,5,False,1,1
1204,24,unweighted_fl,10,0.0995222929936305,0,10,None,66,1,5,False,1,1
1205,20,unweighted_fl,10,0.0995222929936305,0,8,None,66,1,5,False,1,1
1206,21,unweighted_fl,10,0.0995222929936305,0,8,None,66,1,5,False,1,1
1207,22,unweighted_fl,10,0.0995222929936305,0,8,None,66,1,5,False,1,1
1208,23,unweighted_fl,10,0.0995222929936305,0,8,None,66,1,5,False,1,1
1209,24,unweighted_fl,10,0.0995222929936305,0,8,None,66,1,5,False,1,1
1210,20,unweighted_fl,10,0.0995222929936305,0,11,None,66,1,5,False,1,1
1211,21,unweighted_fl,10,0.0995222929936305,0,11,None,66,1,5,False,1,1
1212,22,unweighted_fl,10,0.0995222929936305,0,11,None,66,1,5,False,1,1
1213,23,unweighted_fl,10,0.0995222929936305,0,11,None,66,1,5,False,1,1
1214,24,unweighted_fl,10,0.0995222929936305,0,11,None,66,1,5,False,1,1
1215,20,unweighted_fl,10,0.0995222929936305,0,13,None,66,1,5,False,1,1
1216,21,unweighted_fl,10,0.0995222929936305,0,13,None,66,1,5,False,1,1
1217,22,unweighted_fl,10,0.0995222929936305,0,13,None,66,1,5,False,1,1
1218,23,unweighted_fl,10,0.0995222929936305,0,13,None,66,1,5,False,1,1
1219,24,unweighted_fl,10,0.0995222929936305,0,13,None,66,1,5,False,1,1
1220,20,unweighted_fl,10,0.0995222929936305,0,14,None,66,1,5,False,1,1
1221,21,unweighted_fl,10,0.0995222929936305,0,14,None,66,1,5,False,1,1
1222,22,unweighted_fl,10,0.0995222929936305,0,14,None,66,1,5,False,1,1
1223,23,unweighted_fl,10,0.0995222929936305,0,14,None,66,1,5,False,1,1
1224,24,unweighted_fl,10,0.0995222929936305,0,14,None,66,1,5,False,1,1
1225,20,unweighted_fl,10,0.0995222929936305,0,12,None,66,1,5,False,1,1
1226,21,unweighted_fl,10,0.0995222929936305,0,12,None,66,1,5,False,1,1
1227,22,unweighted_fl,10,0.0995222929936305,0,12,None,66,1,5,False,1,1
1228,23,unweighted_fl,10,0.0995222929936305,0,12,None,66,1,5,False,1,1
1229,24,unweighted_fl,10,0.0995222929936305,0,12,None,66,1,5,False,1,1
1230,20,unweighted_fl,10,0.0995222929936305,0,15,None,66,1,5,False,1,1
1231,21,unweighted_fl,10,0.0995222929936305,0,15,None,66,1,5,False,1,1
1232,22,unweighted_fl,10,0.0995222929936305,0,15,None,66,1,5,False,1,1
1233,23,unweighted_fl,10,0.0995222929936305,0,15,None,66,1,5,False,1,1
1234,24,unweighted_fl,10,0.0995222929936305,0,15,None,66,1,5,False,1,1
1235,20,unweighted_fl,10,0.0995222929936305,0,17,None,66,1,5,False,1,1
1236,21,unweighted_fl,10,0.0995222929936305,0,17,None,66,1,5,False,1,1
1237,22,unweighted_fl,10,0.0995222929936305,0,17,None,66,1,5,False,1,1
1238,23,unweighted_fl,10,0.0995222929936305,0,17,None,66,1,5,False,1,1
1239,24,unweighted_fl,10,0.0995222929936305,0,17,None,66,1,5,False,1,1
1240,20,unweighted_fl,10,0.0995222929936305,0,18,None,66,1,5,False,1,1
1241,21,unweighted_fl,10,0.0995222929936305,0,18,None,66,1,5,False,1,1
1242,22,unweighted_fl,10,0.0995222929936305,0,18,None,66,1,5,False,1,1
1243,23,unweighted_fl,10,0.0995222929936305,0,18,None,66,1,5,False,1,1
1244,24,unweighted_fl,10,0.0995222929936305,0,18,None,66,1,5,False,1,1
1245,20,unweighted_fl,10,0.0995222929936305,0,16,None,66,1,5,False,1,1
1246,21,unweighted_fl,10,0.0995222929936305,0,16,None,66,1,5,False,1,1
1247,22,unweighted_fl,10,0.0995222929936305,0,16,None,66,1,5,False,1,1
1248,23,unweighted_fl,10,0.0995222929936305,0,16,None,66,1,5,False,1,1
1249,24,unweighted_fl,10,0.0995222929936305,0,16,None,66,1,5,False,1,1
1250,20,unweighted_fl,10,0.0995222929936305,0,19,None,66,1,5,False,1,1
1251,21,unweighted_fl,10,0.0995222929936305,0,19,None,66,1,5,False,1,1
1252,22,unweighted_fl,10,0.0995222929936305,0,19,None,66,1,5,False,1,1
1253,23,unweighted_fl,10,0.0995222929936305,0,19,None,66,1,5,False,1,1
1254,24,unweighted_fl,10,0.0995222929936305,0,19,None,66,1,5,False,1,1
1255,20,unweighted_fl,10,0.0995222929936305,0,21,None,66,1,5,False,1,1
1256,21,unweighted_fl,10,0.0995222929936305,0,21,None,66,1,5,False,1,1
1257,22,unweighted_fl,10,0.0995222929936305,0,21,None,66,1,5,False,1,1
1258,23,unweighted_fl,10,0.0995222929936305,0,21,None,66,1,5,False,1,1
1259,24,unweighted_fl,10,0.0995222929936305,0,21,None,66,1,5,False,1,1
1260,20,unweighted_fl,10,0.0995222929936305,0,22,None,66,1,5,False,1,1
1261,21,unweighted_fl,10,0.0995222929936305,0,22,None,66,1,5,False,1,1
1262,22,unweighted_fl,10,0.0995222929936305,0,22,None,66,1,5,False,1,1
1263,23,unweighted_fl,10,0.0995222929936305,0,22,None,66,1,5,False,1,1
1264,24,unweighted_fl,10,0.0995222929936305,0,22,None,66,1,5,False,1,1
1265,20,unweighted_fl,10,0.0995222929936305,0,20,None,66,1,5,False,1,1
1266,21,unweighted_fl,10,0.0995222929936305,0,20,None,66,1,5,False,1,1
1267,22,unweighted_fl,10,0.0995222929936305,0,20,None,66,1,5,False,1,1
1268,23,unweighted_fl,10,0.0995222929936305,0,20,None,66,1,5,False,1,1
1269,24,unweighted_fl,10,0.1788415605095541,0,20,None,66,1,5,False,1,1
1270,20,unweighted_fl,10,0.0995222929936305,0,23,None,66,1,5,False,1,1
1271,21,unweighted_fl,10,0.0995222929936305,0,23,None,66,1,5,False,1,1
1272,22,unweighted_fl,10,0.0995222929936305,0,23,None,66,1,5,False,1,1
1273,23,unweighted_fl,10,0.0995222929936305,0,23,None,66,1,5,False,1,1
1274,24,unweighted_fl,10,0.0995222929936305,0,23,None,66,1,5,False,1,1
1275,20,unweighted_fl,10,0.0995222929936305,0,24,None,66,1,5,False,1,1
1276,21,unweighted_fl,10,0.0995222929936305,0,24,None,66,1,5,False,1,1
1277,22,unweighted_fl,10,0.0995222929936305,0,24,None,66,1,5,False,1,1
1278,23,unweighted_fl,10,0.0995222929936305,0,24,None,66,1,5,False,1,1
1279,24,unweighted_fl,10,0.0995222929936305,0,24,None,66,1,5,False,1,1
1280,20,unweighted_fl,10,0.0995222929936305,0,25,None,66,1,5,False,1,1
1281,21,unweighted_fl,10,0.0995222929936305,0,25,None,66,1,5,False,1,1
1282,22,unweighted_fl,10,0.0995222929936305,0,25,None,66,1,5,False,1,1
1283,23,unweighted_fl,10,0.0995222929936305,0,25,None,66,1,5,False,1,1
1284,24,unweighted_fl,10,0.0995222929936305,0,25,None,66,1,5,False,1,1
1285,20,unweighted_fl,10,0.0995222929936305,0,27,None,66,1,5,False,1,1
1286,21,unweighted_fl,10,0.0995222929936305,0,27,None,66,1,5,False,1,1
1287,22,unweighted_fl,10,0.0995222929936305,0,27,None,66,1,5,False,1,1
1288,23,unweighted_fl,10,0.0995222929936305,0,27,None,66,1,5,False,1,1
1289,24,unweighted_fl,10,0.0995222929936305,0,27,None,66,1,5,False,1,1
1290,20,unweighted_fl,10,0.0995222929936305,0,26,None,66,1,5,False,1,1
1291,21,unweighted_fl,10,0.0995222929936305,0,26,None,66,1,5,False,1,1
1292,22,unweighted_fl,10,0.0995222929936305,0,26,None,66,1,5,False,1,1
1293,23,unweighted_fl,10,0.0995222929936305,0,26,None,66,1,5,False,1,1
1294,24,unweighted_fl,10,0.0995222929936305,0,26,None,66,1,5,False,1,1
1295,20,unweighted_fl,10,0.0995222929936305,0,28,None,66,1,5,False,1,1
1296,21,unweighted_fl,10,0.0995222929936305,0,28,None,66,1,5,False,1,1
1297,22,unweighted_fl,10,0.0995222929936305,0,28,None,66,1,5,False,1,1
1298,23,unweighted_fl,10,0.0995222929936305,0,28,None,66,1,5,False,1,1
1299,24,unweighted_fl,10,0.0995222929936305,0,28,None,66,1,5,False,1,1
1300,20,unweighted_fl,10,0.0995222929936305,0,30,None,66,1,5,False,1,1
1301,21,unweighted_fl,10,0.0995222929936305,0,30,None,66,1,5,False,1,1
1302,22,unweighted_fl,10,0.0995222929936305,0,30,None,66,1,5,False,1,1
1303,23,unweighted_fl,10,0.0995222929936305,0,30,None,66,1,5,False,1,1
1304,24,unweighted_fl,10,0.0995222929936305,0,30,None,66,1,5,False,1,1
1305,20,unweighted_fl,10,0.0995222929936305,0,29,None,66,1,5,False,1,1
1306,21,unweighted_fl,10,0.0995222929936305,0,29,None,66,1,5,False,1,1
1307,22,unweighted_fl,10,0.0995222929936305,0,29,None,66,1,5,False,1,1
1308,23,unweighted_fl,10,0.0995222929936305,0,29,None,66,1,5,False,1,1
1309,24,unweighted_fl,10,0.0995222929936305,0,29,None,66,1,5,False,1,1
1310,20,unweighted_fl,10,0.0995222929936305,0,31,None,66,1,5,False,1,1
1311,21,unweighted_fl,10,0.0995222929936305,0,31,None,66,1,5,False,1,1
1312,22,unweighted_fl,10,0.0995222929936305,0,31,None,66,1,5,False,1,1
1313,23,unweighted_fl,10,0.0995222929936305,0,31,None,66,1,5,False,1,1
1314,24,unweighted_fl,10,0.0995222929936305,0,31,None,66,1,5,False,1,1
1315,20,unweighted_fl,10,0.0995222929936305,0,32,None,66,1,5,False,1,1
1316,21,unweighted_fl,10,0.0995222929936305,0,32,None,66,1,5,False,1,1
1317,22,unweighted_fl,10,0.0995222929936305,0,32,None,66,1,5,False,1,1
1318,23,unweighted_fl,10,0.0995222929936305,0,32,None,66,1,5,False,1,1
1319,24,unweighted_fl,10,0.0995222929936305,0,32,None,66,1,5,False,1,1
2145,25,unweighted_fl,10,0.0995222929936305,0,0,None,66,1,5,False,1,1
2146,26,unweighted_fl,10,0.0995222929936305,0,0,None,66,1,5,False,1,1
2147,27,unweighted_fl,10,0.0995222929936305,0,0,None,66,1,5,False,1,1
2148,28,unweighted_fl,10,0.0995222929936305,0,0,None,66,1,5,False,1,1
2149,29,unweighted_fl,10,0.0995222929936305,0,0,None,66,1,5,False,1,1
2150,25,unweighted_fl,10,0.0995222929936305,0,1,None,66,1,5,False,1,1
2151,26,unweighted_fl,10,0.0995222929936305,0,1,None,66,1,5,False,1,1
2152,27,unweighted_fl,10,0.0995222929936305,0,1,None,66,1,5,False,1,1
2153,28,unweighted_fl,10,0.0995222929936305,0,1,None,66,1,5,False,1,1
2154,29,unweighted_fl,10,0.0995222929936305,0,1,None,66,1,5,False,1,1
2155,25,unweighted_fl,10,0.0995222929936305,0,2,None,66,1,5,False,1,1
2156,26,unweighted_fl,10,0.0995222929936305,0,2,None,66,1,5,False,1,1
2157,27,unweighted_fl,10,0.0995222929936305,0,2,None,66,1,5,False,1,1
2158,28,unweighted_fl,10,0.0995222929936305,0,2,None,66,1,5,False,1,1
2159,29,unweighted_fl,10,0.0995222929936305,0,2,None,66,1,5,False,1,1
2160,25,unweighted_fl,10,0.0995222929936305,0,4,None,66,1,5,False,1,1
2161,26,unweighted_fl,10,0.0995222929936305,0,4,None,66,1,5,False,1,1
2162,27,unweighted_fl,10,0.0995222929936305,0,4,None,66,1,5,False,1,1
2163,28,unweighted_fl,10,0.0995222929936305,0,4,None,66,1,5,False,1,1
2164,29,unweighted_fl,10,0.0995222929936305,0,4,None,66,1,5,False,1,1
2165,25,unweighted_fl,10,0.0995222929936305,0,5,None,66,1,5,False,1,1
2166,26,unweighted_fl,10,0.0995222929936305,0,5,None,66,1,5,False,1,1
2167,27,unweighted_fl,10,0.0995222929936305,0,5,None,66,1,5,False,1,1
2168,28,unweighted_fl,10,0.0995222929936305,0,5,None,66,1,5,False,1,1
2169,29,unweighted_fl,10,0.0995222929936305,0,5,None,66,1,5,False,1,1
2170,25,unweighted_fl,10,0.0995222929936305,0,3,None,66,1,5,False,1,1
2171,26,unweighted_fl,10,0.0995222929936305,0,3,None,66,1,5,False,1,1
2172,27,unweighted_fl,10,0.0995222929936305,0,3,None,66,1,5,False,1,1
2173,28,unweighted_fl,10,0.0995222929936305,0,3,None,66,1,5,False,1,1
2174,29,unweighted_fl,10,0.0995222929936305,0,3,None,66,1,5,False,1,1
2175,25,unweighted_fl,10,0.0995222929936305,0,6,None,66,1,5,False,1,1
2176,26,unweighted_fl,10,0.0995222929936305,0,6,None,66,1,5,False,1,1
2177,27,unweighted_fl,10,0.0995222929936305,0,6,None,66,1,5,False,1,1
2178,28,unweighted_fl,10,0.0995222929936305,0,6,None,66,1,5,False,1,1
2179,29,unweighted_fl,10,0.0995222929936305,0,6,None,66,1,5,False,1,1
2180,25,unweighted_fl,10,0.0995222929936305,0,8,None,66,1,5,False,1,1
2181,26,unweighted_fl,10,0.0995222929936305,0,8,None,66,1,5,False,1,1
2182,27,unweighted_fl,10,0.0995222929936305,0,8,None,66,1,5,False,1,1
2183,28,unweighted_fl,10,0.0995222929936305,0,8,None,66,1,5,False,1,1
2184,29,unweighted_fl,10,0.0995222929936305,0,8,None,66,1,5,False,1,1
2185,25,unweighted_fl,10,0.0995222929936305,0,7,None,66,1,5,False,1,1
2186,26,unweighted_fl,10,0.0995222929936305,0,7,None,66,1,5,False,1,1
2187,27,unweighted_fl,10,0.0995222929936305,0,7,None,66,1,5,False,1,1
2188,28,unweighted_fl,10,0.0995222929936305,0,7,None,66,1,5,False,1,1
2189,29,unweighted_fl,10,0.0995222929936305,0,7,None,66,1,5,False,1,1
2190,25,unweighted_fl,10,0.0995222929936305,0,9,None,66,1,5,False,1,1
2191,26,unweighted_fl,10,0.0995222929936305,0,9,None,66,1,5,False,1,1
2192,27,unweighted_fl,10,0.0995222929936305,0,9,None,66,1,5,False,1,1
2193,28,unweighted_fl,10,0.0995222929936305,0,9,None,66,1,5,False,1,1
2194,29,unweighted_fl,10,0.0995222929936305,0,9,None,66,1,5,False,1,1
2195,25,unweighted_fl,10,0.0995222929936305,0,11,None,66,1,5,False,1,1
2196,26,unweighted_fl,10,0.0995222929936305,0,11,None,66,1,5,False,1,1
2197,27,unweighted_fl,10,0.0995222929936305,0,11,None,66,1,5,False,1,1
2198,28,unweighted_fl,10,0.0995222929936305,0,11,None,66,1,5,False,1,1
2199,29,unweighted_fl,10,0.0995222929936305,0,11,None,66,1,5,False,1,1
2200,25,unweighted_fl,10,0.0995222929936305,0,12,None,66,1,5,False,1,1
2201,26,unweighted_fl,10,0.0995222929936305,0,12,None,66,1,5,False,1,1
2202,27,unweighted_fl,10,0.0995222929936305,0,12,None,66,1,5,False,1,1
2203,28,unweighted_fl,10,0.0995222929936305,0,12,None,66,1,5,False,1,1
2204,29,unweighted_fl,10,0.0995222929936305,0,12,None,66,1,5,False,1,1
2205,25,unweighted_fl,10,0.0995222929936305,0,10,None,66,1,5,False,1,1
2206,26,unweighted_fl,10,0.0995222929936305,0,10,None,66,1,5,False,1,1
2207,27,unweighted_fl,10,0.0995222929936305,0,10,None,66,1,5,False,1,1
2208,28,unweighted_fl,10,0.0995222929936305,0,10,None,66,1,5,False,1,1
2209,29,unweighted_fl,10,0.0995222929936305,0,10,None,66,1,5,False,1,1
2210,25,unweighted_fl,10,0.0995222929936305,0,13,None,66,1,5,False,1,1
2211,26,unweighted_fl,10,0.0995222929936305,0,13,None,66,1,5,False,1,1
2212,27,unweighted_fl,10,0.0995222929936305,0,13,None,66,1,5,False,1,1
2213,28,unweighted_fl,10,0.0995222929936305,0,13,None,66,1,5,False,1,1
2214,29,unweighted_fl,10,0.0995222929936305,0,13,None,66,1,5,False,1,1
2215,25,unweighted_fl,10,0.0995222929936305,0,15,None,66,1,5,False,1,1
2216,26,unweighted_fl,10,0.0995222929936305,0,15,None,66,1,5,False,1,1
2217,27,unweighted_fl,10,0.0995222929936305,0,15,None,66,1,5,False,1,1
2218,28,unweighted_fl,10,0.0995222929936305,0,15,None,66,1,5,False,1,1
2219,29,unweighted_fl,10,0.0995222929936305,0,15,None,66,1,5,False,1,1
2220,25,unweighted_fl,10,0.0995222929936305,0,16,None,66,1,5,False,1,1
2221,26,unweighted_fl,10,0.0995222929936305,0,16,None,66,1,5,False,1,1
2222,27,unweighted_fl,10,0.0995222929936305,0,16,None,66,1,5,False,1,1
2223,28,unweighted_fl,10,0.0995222929936305,0,16,None,66,1,5,False,1,1
2224,29,unweighted_fl,10,0.0995222929936305,0,16,None,66,1,5,False,1,1
2225,25,unweighted_fl,10,0.0995222929936305,0,14,None,66,1,5,False,1,1
2226,26,unweighted_fl,10,0.0995222929936305,0,14,None,66,1,5,False,1,1
2227,27,unweighted_fl,10,0.0995222929936305,0,14,None,66,1,5,False,1,1
2228,28,unweighted_fl,10,0.0995222929936305,0,14,None,66,1,5,False,1,1
2229,29,unweighted_fl,10,0.0995222929936305,0,14,None,66,1,5,False,1,1
2230,25,unweighted_fl,10,0.0995222929936305,0,17,None,66,1,5,False,1,1
2231,26,unweighted_fl,10,0.0995222929936305,0,17,None,66,1,5,False,1,1
2232,27,unweighted_fl,10,0.0995222929936305,0,17,None,66,1,5,False,1,1
2233,28,unweighted_fl,10,0.0995222929936305,0,17,None,66,1,5,False,1,1
2234,29,unweighted_fl,10,0.0995222929936305,0,17,None,66,1,5,False,1,1
2235,25,unweighted_fl,10,0.0995222929936305,0,18,None,66,1,5,False,1,1
2236,26,unweighted_fl,10,0.0995222929936305,0,18,None,66,1,5,False,1,1
2237,27,unweighted_fl,10,0.0995222929936305,0,18,None,66,1,5,False,1,1
2238,28,unweighted_fl,10,0.0995222929936305,0,18,None,66,1,5,False,1,1
2239,29,unweighted_fl,10,0.0995222929936305,0,18,None,66,1,5,False,1,1
2240,25,unweighted_fl,10,0.0995222929936305,0,19,None,66,1,5,False,1,1
2241,26,unweighted_fl,10,0.0995222929936305,0,19,None,66,1,5,False,1,1
2242,27,unweighted_fl,10,0.0995222929936305,0,19,None,66,1,5,False,1,1
2243,28,unweighted_fl,10,0.0995222929936305,0,19,None,66,1,5,False,1,1
2244,29,unweighted_fl,10,0.0995222929936305,0,19,None,66,1,5,False,1,1
2245,25,unweighted_fl,10,0.0995222929936305,0,21,None,66,1,5,False,1,1
2246,26,unweighted_fl,10,0.0995222929936305,0,21,None,66,1,5,False,1,1
2247,27,unweighted_fl,10,0.0995222929936305,0,21,None,66,1,5,False,1,1
2248,28,unweighted_fl,10,0.0995222929936305,0,21,None,66,1,5,False,1,1
2249,29,unweighted_fl,10,0.0995222929936305,0,21,None,66,1,5,False,1,1
2250,25,unweighted_fl,10,0.0995222929936305,0,22,None,66,1,5,False,1,1
2251,26,unweighted_fl,10,0.0995222929936305,0,22,None,66,1,5,False,1,1
2252,27,unweighted_fl,10,0.0995222929936305,0,22,None,66,1,5,False,1,1
2253,28,unweighted_fl,10,0.0995222929936305,0,22,None,66,1,5,False,1,1
2254,29,unweighted_fl,10,0.0995222929936305,0,22,None,66,1,5,False,1,1
2255,25,unweighted_fl,10,0.0995222929936305,0,20,None,66,1,5,False,1,1
2256,26,unweighted_fl,10,0.0995222929936305,0,20,None,66,1,5,False,1,1
2257,27,unweighted_fl,10,0.0995222929936305,0,20,None,66,1,5,False,1,1
2258,28,unweighted_fl,10,0.0995222929936305,0,20,None,66,1,5,False,1,1
2259,29,unweighted_fl,10,0.0995222929936305,0,20,None,66,1,5,False,1,1
2260,25,unweighted_fl,10,0.0995222929936305,0,23,None,66,1,5,False,1,1
2261,26,unweighted_fl,10,0.0995222929936305,0,23,None,66,1,5,False,1,1
2262,27,unweighted_fl,10,0.0995222929936305,0,23,None,66,1,5,False,1,1
2263,28,unweighted_fl,10,0.0995222929936305,0,23,None,66,1,5,False,1,1
2264,29,unweighted_fl,10,0.0995222929936305,0,23,None,66,1,5,False,1,1
2265,25,unweighted_fl,10,0.0995222929936305,0,25,None,66,1,5,False,1,1
2266,26,unweighted_fl,10,0.0995222929936305,0,25,None,66,1,5,False,1,1
2267,27,unweighted_fl,10,0.0995222929936305,0,25,None,66,1,5,False,1,1
2268,28,unweighted_fl,10,0.0995222929936305,0,25,None,66,1,5,False,1,1
2269,29,unweighted_fl,10,0.0995222929936305,0,25,None,66,1,5,False,1,1
2270,25,unweighted_fl,10,0.0995222929936305,0,26,None,66,1,5,False,1,1
2271,26,unweighted_fl,10,0.0995222929936305,0,26,None,66,1,5,False,1,1
2272,27,unweighted_fl,10,0.0995222929936305,0,26,None,66,1,5,False,1,1
2273,28,unweighted_fl,10,0.0995222929936305,0,26,None,66,1,5,False,1,1
2274,29,unweighted_fl,10,0.0995222929936305,0,26,None,66,1,5,False,1,1
2275,25,unweighted_fl,10,0.0995222929936305,0,24,None,66,1,5,False,1,1
2276,26,unweighted_fl,10,0.0995222929936305,0,24,None,66,1,5,False,1,1
2277,27,unweighted_fl,10,0.0995222929936305,0,24,None,66,1,5,False,1,1
2278,28,unweighted_fl,10,0.0995222929936305,0,24,None,66,1,5,False,1,1
2279,29,unweighted_fl,10,0.0995222929936305,0,24,None,66,1,5,False,1,1
2280,25,unweighted_fl,10,0.0995222929936305,0,27,None,66,1,5,False,1,1
2281,26,unweighted_fl,10,0.0995222929936305,0,27,None,66,1,5,False,1,1
2282,27,unweighted_fl,10,0.0995222929936305,0,27,None,66,1,5,False,1,1
2283,28,unweighted_fl,10,0.0995222929936305,0,27,None,66,1,5,False,1,1
2284,29,unweighted_fl,10,0.0995222929936305,0,27,None,66,1,5,False,1,1
2285,25,unweighted_fl,10,0.0995222929936305,0,29,None,66,1,5,False,1,1
2286,26,unweighted_fl,10,0.0995222929936305,0,29,None,66,1,5,False,1,1
2287,27,unweighted_fl,10,0.0995222929936305,0,29,None,66,1,5,False,1,1
2288,28,unweighted_fl,10,0.0995222929936305,0,29,None,66,1,5,False,1,1
2289,29,unweighted_fl,10,0.0995222929936305,0,29,None,66,1,5,False,1,1
2290,25,unweighted_fl,10,0.0995222929936305,0,28,None,66,1,5,False,1,1
2291,26,unweighted_fl,10,0.0995222929936305,0,28,None,66,1,5,False,1,1
2292,27,unweighted_fl,10,0.0995222929936305,0,28,None,66,1,5,False,1,1
2293,28,unweighted_fl,10,0.0995222929936305,0,28,None,66,1,5,False,1,1
2294,29,unweighted_fl,10,0.0995222929936305,0,28,None,66,1,5,False,1,1
2295,25,unweighted_fl,10,0.0995222929936305,0,30,None,66,1,5,False,1,1
2296,26,unweighted_fl,10,0.0995222929936305,0,30,None,66,1,5,False,1,1
2297,27,unweighted_fl,10,0.0995222929936305,0,30,None,66,1,5,False,1,1
2298,28,unweighted_fl,10,0.0995222929936305,0,30,None,66,1,5,False,1,1
2299,29,unweighted_fl,10,0.0995222929936305,0,30,None,66,1,5,False,1,1
2300,25,unweighted_fl,10,0.0995222929936305,0,32,None,66,1,5,False,1,1
2301,26,unweighted_fl,10,0.0995222929936305,0,32,None,66,1,5,False,1,1
2302,27,unweighted_fl,10,0.0995222929936305,0,32,None,66,1,5,False,1,1
2303,28,unweighted_fl,10,0.0995222929936305,0,32,None,66,1,5,False,1,1
2304,29,unweighted_fl,10,0.0995222929936305,0,32,None,66,1,5,False,1,1
2305,25,unweighted_fl,10,0.0995222929936305,0,31,None,66,1,5,False,1,1
2306,26,unweighted_fl,10,0.0995222929936305,0,31,None,66,1,5,False,1,1
2307,27,unweighted_fl,10,0.0995222929936305,0,31,None,66,1,5,False,1,1
2308,28,unweighted_fl,10,0.0995222929936305,0,31,None,66,1,5,False,1,1
2309,29,unweighted_fl,10,0.0995222929936305,0,31,None,66,1,5,False,1,1
2310,30,unweighted_fl,10,0.0995222929936305,0,0,None,66,1,5,False,1,1
2311,31,unweighted_fl,10,0.0995222929936305,0,0,None,66,1,5,False,1,1
2312,32,unweighted_fl,10,0.0995222929936305,0,0,None,66,1,5,False,1,1
2313,33,unweighted_fl,10,0.0995222929936305,0,0,None,66,1,5,False,1,1
2314,34,unweighted_fl,10,0.0995222929936305,0,0,None,66,1,5,False,1,1
2315,30,unweighted_fl,10,0.0995222929936305,0,1,None,66,1,5,False,1,1
2316,31,unweighted_fl,10,0.101015127388535,0,1,None,66,1,5,False,1,1
2317,32,unweighted_fl,10,0.0995222929936305,0,1,None,66,1,5,False,1,1
2318,33,unweighted_fl,10,0.0995222929936305,0,1,None,66,1,5,False,1,1
2319,34,unweighted_fl,10,0.0995222929936305,0,1,None,66,1,5,False,1,1
2320,30,unweighted_fl,10,0.0995222929936305,0,2,None,66,1,5,False,1,1
2321,31,unweighted_fl,10,0.0995222929936305,0,2,None,66,1,5,False,1,1
2322,32,unweighted_fl,10,0.0995222929936305,0,2,None,66,1,5,False,1,1
2323,33,unweighted_fl,10,0.0995222929936305,0,2,None,66,1,5,False,1,1
2324,34,unweighted_fl,10,0.0995222929936305,0,2,None,66,1,5,False,1,1
2325,30,unweighted_fl,10,0.0995222929936305,0,4,None,66,1,5,False,1,1
2326,31,unweighted_fl,10,0.0995222929936305,0,4,None,66,1,5,False,1,1
2327,32,unweighted_fl,10,0.0995222929936305,0,4,None,66,1,5,False,1,1
2328,33,unweighted_fl,10,0.0995222929936305,0,4,None,66,1,5,False,1,1
2329,34,unweighted_fl,10,0.0995222929936305,0,4,None,66,1,5,False,1,1
2330,30,unweighted_fl,10,0.0995222929936305,0,3,None,66,1,5,False,1,1
2331,31,unweighted_fl,10,0.0995222929936305,0,3,None,66,1,5,False,1,1
2332,32,unweighted_fl,10,0.0995222929936305,0,3,None,66,1,5,False,1,1
2333,33,unweighted_fl,10,0.0995222929936305,0,3,None,66,1,5,False,1,1
2334,34,unweighted_fl,10,0.0995222929936305,0,3,None,66,1,5,False,1,1
2335,30,unweighted_fl,10,0.0995222929936305,0,5,None,66,1,5,False,1,1
2336,31,unweighted_fl,10,0.0995222929936305,0,5,None,66,1,5,False,1,1
2337,32,unweighted_fl,10,0.0995222929936305,0,5,None,66,1,5,False,1,1
2338,33,unweighted_fl,10,0.0995222929936305,0,5,None,66,1,5,False,1,1
2339,34,unweighted_fl,10,0.0995222929936305,0,5,None,66,1,5,False,1,1
2340,30,unweighted_fl,10,0.0995222929936305,0,7,None,66,1,5,False,1,1
2341,31,unweighted_fl,10,0.0995222929936305,0,7,None,66,1,5,False,1,1
2342,32,unweighted_fl,10,0.0995222929936305,0,7,None,66,1,5,False,1,1
2343,33,unweighted_fl,10,0.0995222929936305,0,7,None,66,1,5,False,1,1
2344,34,unweighted_fl,10,0.0995222929936305,0,7,None,66,1,5,False,1,1
2345,30,unweighted_fl,10,0.0995222929936305,0,6,None,66,1,5,False,1,1
2346,31,unweighted_fl,10,0.0995222929936305,0,6,None,66,1,5,False,1,1
2347,32,unweighted_fl,10,0.0995222929936305,0,6,None,66,1,5,False,1,1
2348,33,unweighted_fl,10,0.0995222929936305,0,6,None,66,1,5,False,1,1
2349,34,unweighted_fl,10,0.0995222929936305,0,6,None,66,1,5,False,1,1
2350,30,unweighted_fl,10,0.0995222929936305,0,8,None,66,1,5,False,1,1
2351,31,unweighted_fl,10,0.0995222929936305,0,8,None,66,1,5,False,1,1
2352,32,unweighted_fl,10,0.0995222929936305,0,8,None,66,1,5,False,1,1
2353,33,unweighted_fl,10,0.0995222929936305,0,8,None,66,1,5,False,1,1
2354,34,unweighted_fl,10,0.0995222929936305,0,8,None,66,1,5,False,1,1
2355,30,unweighted_fl,10,0.0995222929936305,0,10,None,66,1,5,False,1,1
2356,31,unweighted_fl,10,0.0995222929936305,0,10,None,66,1,5,False,1,1
2357,32,unweighted_fl,10,0.0995222929936305,0,10,None,66,1,5,False,1,1
2358,33,unweighted_fl,10,0.0995222929936305,0,10,None,66,1,5,False,1,1
2359,34,unweighted_fl,10,0.0995222929936305,0,10,None,66,1,5,False,1,1
2360,30,unweighted_fl,10,0.0995222929936305,0,9,None,66,1,5,False,1,1
2361,31,unweighted_fl,10,0.0995222929936305,0,9,None,66,1,5,False,1,1
2362,32,unweighted_fl,10,0.0995222929936305,0,9,None,66,1,5,False,1,1
2363,33,unweighted_fl,10,0.0995222929936305,0,9,None,66,1,5,False,1,1
2364,34,unweighted_fl,10,0.0995222929936305,0,9,None,66,1,5,False,1,1
2365,30,unweighted_fl,10,0.0995222929936305,0,11,None,66,1,5,False,1,1
2366,31,unweighted_fl,10,0.0995222929936305,0,11,None,66,1,5,False,1,1
2367,32,unweighted_fl,10,0.0995222929936305,0,11,None,66,1,5,False,1,1
2368,33,unweighted_fl,10,0.0995222929936305,0,11,None,66,1,5,False,1,1
2369,34,unweighted_fl,10,0.0995222929936305,0,11,None,66,1,5,False,1,1
2370,30,unweighted_fl,10,0.0995222929936305,0,13,None,66,1,5,False,1,1
2371,31,unweighted_fl,10,0.0995222929936305,0,13,None,66,1,5,False,1,1
2372,32,unweighted_fl,10,0.0995222929936305,0,13,None,66,1,5,False,1,1
2373,33,unweighted_fl,10,0.103702229299363,0,13,None,66,1,5,False,1,1
2374,34,unweighted_fl,10,0.0995222929936305,0,13,None,66,1,5,False,1,1
2375,30,unweighted_fl,10,0.0995222929936305,0,12,None,66,1,5,False,1,1
2376,31,unweighted_fl,10,0.0995222929936305,0,12,None,66,1,5,False,1,1
2377,32,unweighted_fl,10,0.0995222929936305,0,12,None,66,1,5,False,1,1
2378,33,unweighted_fl,10,0.0995222929936305,0,12,None,66,1,5,False,1,1
2379,34,unweighted_fl,10,0.0995222929936305,0,12,None,66,1,5,False,1,1
2380,30,unweighted_fl,10,0.0995222929936305,0,14,None,66,1,5,False,1,1
2381,31,unweighted_fl,10,0.0995222929936305,0,14,None,66,1,5,False,1,1
2382,32,unweighted_fl,10,0.0995222929936305,0,14,None,66,1,5,False,1,1
2383,33,unweighted_fl,10,0.0995222929936305,0,14,None,66,1,5,False,1,1
2384,34,unweighted_fl,10,0.0995222929936305,0,14,None,66,1,5,False,1,1
2385,30,unweighted_fl,10,0.0995222929936305,0,16,None,66,1,5,False,1,1
2386,31,unweighted_fl,10,0.0995222929936305,0,16,None,66,1,5,False,1,1
2387,32,unweighted_fl,10,0.0995222929936305,0,16,None,66,1,5,False,1,1
2388,33,unweighted_fl,10,0.0995222929936305,0,16,None,66,1,5,False,1,1
2389,34,unweighted_fl,10,0.0995222929936305,0,16,None,66,1,5,False,1,1
2390,30,unweighted_fl,10,0.0995222929936305,0,15,None,66,1,5,False,1,1
2391,31,unweighted_fl,10,0.0995222929936305,0,15,None,66,1,5,False,1,1
2392,32,unweighted_fl,10,0.0995222929936305,0,15,None,66,1,5,False,1,1
2393,33,unweighted_fl,10,0.0995222929936305,0,15,None,66,1,5,False,1,1
2394,34,unweighted_fl,10,0.0995222929936305,0,15,None,66,1,5,False,1,1
2395,30,unweighted_fl,10,0.0995222929936305,0,17,None,66,1,5,False,1,1
2396,31,unweighted_fl,10,0.0995222929936305,0,17,None,66,1,5,False,1,1
2397,32,unweighted_fl,10,0.0995222929936305,0,17,None,66,1,5,False,1,1
2398,33,unweighted_fl,10,0.0995222929936305,0,17,None,66,1,5,False,1,1
2399,34,unweighted_fl,10,0.0995222929936305,0,17,None,66,1,5,False,1,1
2400,30,unweighted_fl,10,0.0995222929936305,0,19,None,66,1,5,False,1,1
2401,31,unweighted_fl,10,0.0995222929936305,0,19,None,66,1,5,False,1,1
2402,32,unweighted_fl,10,0.0995222929936305,0,19,None,66,1,5,False,1,1
2403,33,unweighted_fl,10,0.0995222929936305,0,19,None,66,1,5,False,1,1
2404,34,unweighted_fl,10,0.0995222929936305,0,19,None,66,1,5,False,1,1
2405,30,unweighted_fl,10,0.0995222929936305,0,18,None,66,1,5,False,1,1
2406,31,unweighted_fl,10,0.0995222929936305,0,18,None,66,1,5,False,1,1
2407,32,unweighted_fl,10,0.0995222929936305,0,18,None,66,1,5,False,1,1
2408,33,unweighted_fl,10,0.0995222929936305,0,18,None,66,1,5,False,1,1
2409,34,unweighted_fl,10,0.0995222929936305,0,18,None,66,1,5,False,1,1
2410,30,unweighted_fl,10,0.0995222929936305,0,20,None,66,1,5,False,1,1
2411,31,unweighted_fl,10,0.0995222929936305,0,20,None,66,1,5,False,1,1
2412,32,unweighted_fl,10,0.0995222929936305,0,20,None,66,1,5,False,1,1
2413,33,unweighted_fl,10,0.0995222929936305,0,20,None,66,1,5,False,1,1
2414,34,unweighted_fl,10,0.0995222929936305,0,20,None,66,1,5,False,1,1
2415,30,unweighted_fl,10,0.0995222929936305,0,21,None,66,1,5,False,1,1
2416,31,unweighted_fl,10,0.0995222929936305,0,21,None,66,1,5,False,1,1
2417,32,unweighted_fl,10,0.0995222929936305,0,21,None,66,1,5,False,1,1
2418,33,unweighted_fl,10,0.0995222929936305,0,21,None,66,1,5,False,1,1
2419,34,unweighted_fl,10,0.0995222929936305,0,21,None,66,1,5,False,1,1
2420,30,unweighted_fl,10,0.0995222929936305,0,22,None,66,1,5,False,1,1
2421,31,unweighted_fl,10,0.0995222929936305,0,22,None,66,1,5,False,1,1
2422,32,unweighted_fl,10,0.0995222929936305,0,22,None,66,1,5,False,1,1
2423,33,unweighted_fl,10,0.0995222929936305,0,22,None,66,1,5,False,1,1
2424,34,unweighted_fl,10,0.0995222929936305,0,22,None,66,1,5,False,1,1
2425,30,unweighted_fl,10,0.0995222929936305,0,24,None,66,1,5,False,1,1
2426,31,unweighted_fl,10,0.0995222929936305,0,24,None,66,1,5,False,1,1
2427,32,unweighted_fl,10,0.0995222929936305,0,24,None,66,1,5,False,1,1
2428,33,unweighted_fl,10,0.0995222929936305,0,24,None,66,1,5,False,1,1
2429,34,unweighted_fl,10,0.0995222929936305,0,24,None,66,1,5,False,1,1
2430,30,unweighted_fl,10,0.0995222929936305,0,23,None,66,1,5,False,1,1
2431,31,unweighted_fl,10,0.0995222929936305,0,23,None,66,1,5,False,1,1
2432,32,unweighted_fl,10,0.0995222929936305,0,23,None,66,1,5,False,1,1
2433,33,unweighted_fl,10,0.0995222929936305,0,23,None,66,1,5,False,1,1
2434,34,unweighted_fl,10,0.0995222929936305,0,23,None,66,1,5,False,1,1
2435,30,unweighted_fl,10,0.0995222929936305,0,25,None,66,1,5,False,1,1
2436,31,unweighted_fl,10,0.0995222929936305,0,25,None,66,1,5,False,1,1
2437,32,unweighted_fl,10,0.0995222929936305,0,25,None,66,1,5,False,1,1
2438,33,unweighted_fl,10,0.0995222929936305,0,25,None,66,1,5,False,1,1
2439,34,unweighted_fl,10,0.0995222929936305,0,25,None,66,1,5,False,1,1
2440,30,unweighted_fl,10,0.0995222929936305,0,27,None,66,1,5,False,1,1
2441,31,unweighted_fl,10,0.0995222929936305,0,27,None,66,1,5,False,1,1
2442,32,unweighted_fl,10,0.0995222929936305,0,27,None,66,1,5,False,1,1
2443,33,unweighted_fl,10,0.0995222929936305,0,27,None,66,1,5,False,1,1
2444,34,unweighted_fl,10,0.0995222929936305,0,27,None,66,1,5,False,1,1
2445,30,unweighted_fl,10,0.0995222929936305,0,26,None,66,1,5,False,1,1
2446,31,unweighted_fl,10,0.0995222929936305,0,26,None,66,1,5,False,1,1
2447,32,unweighted_fl,10,0.0995222929936305,0,26,None,66,1,5,False,1,1
2448,33,unweighted_fl,10,0.0995222929936305,0,26,None,66,1,5,False,1,1
2449,34,unweighted_fl,10,0.0995222929936305,0,26,None,66,1,5,False,1,1
2450,30,unweighted_fl,10,0.0995222929936305,0,28,None,66,1,5,False,1,1
2451,31,unweighted_fl,10,0.0995222929936305,0,28,None,66,1,5,False,1,1
2452,32,unweighted_fl,10,0.0995222929936305,0,28,None,66,1,5,False,1,1
2453,33,unweighted_fl,10,0.0995222929936305,0,28,None,66,1,5,False,1,1
2454,34,unweighted_fl,10,0.0995222929936305,0,28,None,66,1,5,False,1,1
2455,30,unweighted_fl,10,0.0995222929936305,0,29,None,66,1,5,False,1,1
2456,31,unweighted_fl,10,0.0995222929936305,0,29,None,66,1,5,False,1,1
2457,32,unweighted_fl,10,0.0995222929936305,0,29,None,66,1,5,False,1,1
2458,33,unweighted_fl,10,0.0995222929936305,0,29,None,66,1,5,False,1,1
2459,34,unweighted_fl,10,0.0995222929936305,0,29,None,66,1,5,False,1,1
2460,30,unweighted_fl,10,0.0995222929936305,0,30,None,66,1,5,False,1,1
2461,31,unweighted_fl,10,0.0995222929936305,0,30,None,66,1,5,False,1,1
2462,32,unweighted_fl,10,0.0995222929936305,0,30,None,66,1,5,False,1,1
2463,33,unweighted_fl,10,0.0995222929936305,0,30,None,66,1,5,False,1,1
2464,34,unweighted_fl,10,0.0995222929936305,0,30,None,66,1,5,False,1,1
2465,30,unweighted_fl,10,0.0995222929936305,0,31,None,66,1,5,False,1,1
2466,31,unweighted_fl,10,0.0995222929936305,0,31,None,66,1,5,False,1,1
2467,32,unweighted_fl,10,0.0995222929936305,0,31,None,66,1,5,False,1,1
2468,33,unweighted_fl,10,0.0995222929936305,0,31,None,66,1,5,False,1,1
2469,34,unweighted_fl,10,0.0995222929936305,0,31,None,66,1,5,False,1,1
2470,30,unweighted_fl,10,0.0995222929936305,0,32,None,66,1,5,False,1,1
2471,31,unweighted_fl,10,0.0995222929936305,0,32,None,66,1,5,False,1,1
2472,32,unweighted_fl,10,0.0995222929936305,0,32,None,66,1,5,False,1,1
2473,33,unweighted_fl,10,0.0995222929936305,0,32,None,66,1,5,False,1,1
2474,34,unweighted_fl,10,0.0995222929936305,0,32,None,66,1,5,False,1,1
3630,35,unweighted_fl,10,0.0995222929936305,0,1,None,66,1,5,False,1,1
3631,36,unweighted_fl,10,0.0995222929936305,0,1,None,66,1,5,False,1,1
3632,37,unweighted_fl,10,0.0995222929936305,0,1,None,66,1,5,False,1,1
3633,38,unweighted_fl,10,0.0995222929936305,0,1,None,66,1,5,False,1,1
3634,39,unweighted_fl,10,0.0995222929936305,0,1,None,66,1,5,False,1,1
3635,35,unweighted_fl,10,0.0995222929936305,0,0,None,66,1,5,False,1,1
3636,36,unweighted_fl,10,0.0995222929936305,0,0,None,66,1,5,False,1,1
3637,37,unweighted_fl,10,0.0995222929936305,0,0,None,66,1,5,False,1,1
3638,38,unweighted_fl,10,0.0995222929936305,0,0,None,66,1,5,False,1,1
3639,39,unweighted_fl,10,0.0995222929936305,0,0,None,66,1,5,False,1,1
3640,35,unweighted_fl,10,0.0995222929936305,0,2,None,66,1,5,False,1,1
3641,36,unweighted_fl,10,0.0995222929936305,0,2,None,66,1,5,False,1,1
3642,37,unweighted_fl,10,0.0995222929936305,0,2,None,66,1,5,False,1,1
3643,38,unweighted_fl,10,0.0995222929936305,0,2,None,66,1,5,False,1,1
3644,39,unweighted_fl,10,0.0995222929936305,0,2,None,66,1,5,False,1,1
3645,35,unweighted_fl,10,0.0995222929936305,0,4,None,66,1,5,False,1,1
3646,36,unweighted_fl,10,0.0995222929936305,0,4,None,66,1,5,False,1,1
3647,37,unweighted_fl,10,0.0995222929936305,0,4,None,66,1,5,False,1,1
3648,38,unweighted_fl,10,0.0995222929936305,0,4,None,66,1,5,False,1,1
3649,39,unweighted_fl,10,0.0995222929936305,0,4,None,66,1,5,False,1,1
3650,35,unweighted_fl,10,0.0995222929936305,0,3,None,66,1,5,False,1,1
3651,36,unweighted_fl,10,0.0995222929936305,0,3,None,66,1,5,False,1,1
3652,37,unweighted_fl,10,0.0995222929936305,0,3,None,66,1,5,False,1,1
3653,38,unweighted_fl,10,0.0995222929936305,0,3,None,66,1,5,False,1,1
3654,39,unweighted_fl,10,0.0995222929936305,0,3,None,66,1,5,False,1,1
3655,35,unweighted_fl,10,0.0995222929936305,0,5,None,66,1,5,False,1,1
3656,36,unweighted_fl,10,0.0995222929936305,0,5,None,66,1,5,False,1,1
3657,37,unweighted_fl,10,0.0995222929936305,0,5,None,66,1,5,False,1,1
3658,38,unweighted_fl,10,0.0995222929936305,0,5,None,66,1,5,False,1,1
3659,39,unweighted_fl,10,0.0995222929936305,0,5,None,66,1,5,False,1,1
3660,35,unweighted_fl,10,0.0995222929936305,0,6,None,66,1,5,False,1,1
3661,36,unweighted_fl,10,0.0995222929936305,0,6,None,66,1,5,False,1,1
3662,37,unweighted_fl,10,0.0995222929936305,0,6,None,66,1,5,False,1,1
3663,38,unweighted_fl,10,0.0995222929936305,0,6,None,66,1,5,False,1,1
3664,39,unweighted_fl,10,0.0995222929936305,0,6,None,66,1,5,False,1,1
3665,35,unweighted_fl,10,0.0995222929936305,0,7,None,66,1,5,False,1,1
3666,36,unweighted_fl,10,0.0995222929936305,0,7,None,66,1,5,False,1,1
3667,37,unweighted_fl,10,0.0995222929936305,0,7,None,66,1,5,False,1,1
3668,38,unweighted_fl,10,0.0995222929936305,0,7,None,66,1,5,False,1,1
3669,39,unweighted_fl,10,0.0995222929936305,0,7,None,66,1,5,False,1,1
3670,35,unweighted_fl,10,0.0995222929936305,0,9,None,66,1,5,False,1,1
3671,36,unweighted_fl,10,0.0995222929936305,0,9,None,66,1,5,False,1,1
3672,37,unweighted_fl,10,0.0995222929936305,0,9,None,66,1,5,False,1,1
3673,38,unweighted_fl,10,0.0995222929936305,0,9,None,66,1,5,False,1,1
3674,39,unweighted_fl,10,0.0995222929936305,0,9,None,66,1,5,False,1,1
3675,35,unweighted_fl,10,0.0995222929936305,0,8,None,66,1,5,False,1,1
3676,36,unweighted_fl,10,0.0995222929936305,0,8,None,66,1,5,False,1,1
3677,37,unweighted_fl,10,0.0995222929936305,0,8,None,66,1,5,False,1,1
3678,38,unweighted_fl,10,0.0995222929936305,0,8,None,66,1,5,False,1,1
3679,39,unweighted_fl,10,0.0995222929936305,0,8,None,66,1,5,False,1,1
3680,35,unweighted_fl,10,0.0995222929936305,0,10,None,66,1,5,False,1,1
3681,36,unweighted_fl,10,0.0995222929936305,0,10,None,66,1,5,False,1,1
3682,37,unweighted_fl,10,0.0995222929936305,0,10,None,66,1,5,False,1,1
3683,38,unweighted_fl,10,0.0995222929936305,0,10,None,66,1,5,False,1,1
3684,39,unweighted_fl,10,0.0995222929936305,0,10,None,66,1,5,False,1,1
3685,35,unweighted_fl,10,0.0995222929936305,0,12,None,66,1,5,False,1,1
3686,36,unweighted_fl,10,0.0995222929936305,0,12,None,66,1,5,False,1,1
3687,37,unweighted_fl,10,0.0995222929936305,0,12,None,66,1,5,False,1,1
3688,38,unweighted_fl,10,0.0995222929936305,0,12,None,66,1,5,False,1,1
3689,39,unweighted_fl,10,0.0995222929936305,0,12,None,66,1,5,False,1,1
3690,35,unweighted_fl,10,0.0995222929936305,0,11,None,66,1,5,False,1,1
3691,36,unweighted_fl,10,0.0995222929936305,0,11,None,66,1,5,False,1,1
3692,37,unweighted_fl,10,0.0995222929936305,0,11,None,66,1,5,False,1,1
3693,38,unweighted_fl,10,0.0995222929936305,0,11,None,66,1,5,False,1,1
3694,39,unweighted_fl,10,0.0995222929936305,0,11,None,66,1,5,False,1,1
3695,35,unweighted_fl,10,0.0995222929936305,0,13,None,66,1,5,False,1,1
3696,36,unweighted_fl,10,0.0995222929936305,0,13,None,66,1,5,False,1,1
3697,37,unweighted_fl,10,0.0995222929936305,0,13,None,66,1,5,False,1,1
3698,38,unweighted_fl,10,0.0995222929936305,0,13,None,66,1,5,False,1,1
3699,39,unweighted_fl,10,0.0995222929936305,0,13,None,66,1,5,False,1,1
3700,35,unweighted_fl,10,0.0995222929936305,0,15,None,66,1,5,False,1,1
3701,36,unweighted_fl,10,0.0995222929936305,0,15,None,66,1,5,False,1,1
3702,37,unweighted_fl,10,0.0995222929936305,0,15,None,66,1,5,False,1,1
3703,38,unweighted_fl,10,0.0995222929936305,0,15,None,66,1,5,False,1,1
3704,39,unweighted_fl,10,0.0995222929936305,0,15,None,66,1,5,False,1,1
3705,35,unweighted_fl,10,0.0995222929936305,0,14,None,66,1,5,False,1,1
3706,36,unweighted_fl,10,0.0995222929936305,0,14,None,66,1,5,False,1,1
3707,37,unweighted_fl,10,0.0995222929936305,0,14,None,66,1,5,False,1,1
3708,38,unweighted_fl,10,0.0995222929936305,0,14,None,66,1,5,False,1,1
3709,39,unweighted_fl,10,0.0995222929936305,0,14,None,66,1,5,False,1,1
3710,35,unweighted_fl,10,0.0995222929936305,0,16,None,66,1,5,False,1,1
3711,36,unweighted_fl,10,0.0995222929936305,0,16,None,66,1,5,False,1,1
3712,37,unweighted_fl,10,0.0995222929936305,0,16,None,66,1,5,False,1,1
3713,38,unweighted_fl,10,0.0995222929936305,0,16,None,66,1,5,False,1,1
3714,39,unweighted_fl,10,0.0995222929936305,0,16,None,66,1,5,False,1,1
3715,35,unweighted_fl,10,0.0995222929936305,0,17,None,66,1,5,False,1,1
3716,36,unweighted_fl,10,0.0995222929936305,0,17,None,66,1,5,False,1,1
3717,37,unweighted_fl,10,0.0995222929936305,0,17,None,66,1,5,False,1,1
3718,38,unweighted_fl,10,0.0995222929936305,0,17,None,66,1,5,False,1,1
3719,39,unweighted_fl,10,0.0995222929936305,0,17,None,66,1,5,False,1,1
3720,35,unweighted_fl,10,0.0995222929936305,0,18,None,66,1,5,False,1,1
3721,36,unweighted_fl,10,0.0995222929936305,0,18,None,66,1,5,False,1,1
3722,37,unweighted_fl,10,0.0995222929936305,0,18,None,66,1,5,False,1,1
3723,38,unweighted_fl,10,0.0995222929936305,0,18,None,66,1,5,False,1,1
3724,39,unweighted_fl,10,0.0995222929936305,0,18,None,66,1,5,False,1,1
3725,35,unweighted_fl,10,0.1396297770700637,0,19,None,66,1,5,False,1,1
3726,36,unweighted_fl,10,0.0995222929936305,0,19,None,66,1,5,False,1,1
3727,37,unweighted_fl,10,0.0995222929936305,0,19,None,66,1,5,False,1,1
3728,38,unweighted_fl,10,0.0995222929936305,0,19,None,66,1,5,False,1,1
3729,39,unweighted_fl,10,0.0995222929936305,0,19,None,66,1,5,False,1,1
3730,35,unweighted_fl,10,0.0995222929936305,0,20,None,66,1,5,False,1,1
3731,36,unweighted_fl,10,0.0995222929936305,0,20,None,66,1,5,False,1,1
3732,37,unweighted_fl,10,0.0995222929936305,0,20,None,66,1,5,False,1,1
3733,38,unweighted_fl,10,0.0995222929936305,0,20,None,66,1,5,False,1,1
3734,39,unweighted_fl,10,0.0995222929936305,0,20,None,66,1,5,False,1,1
3735,35,unweighted_fl,10,0.0995222929936305,0,22,None,66,1,5,False,1,1
3736,36,unweighted_fl,10,0.0995222929936305,0,22,None,66,1,5,False,1,1
3737,37,unweighted_fl,10,0.0995222929936305,0,22,None,66,1,5,False,1,1
3738,38,unweighted_fl,10,0.0995222929936305,0,22,None,66,1,5,False,1,1
3739,39,unweighted_fl,10,0.0995222929936305,0,22,None,66,1,5,False,1,1
3740,35,unweighted_fl,10,0.0995222929936305,0,23,None,66,1,5,False,1,1
3741,36,unweighted_fl,10,0.0995222929936305,0,23,None,66,1,5,False,1,1
3742,37,unweighted_fl,10,0.0995222929936305,0,23,None,66,1,5,False,1,1
3743,38,unweighted_fl,10,0.0995222929936305,0,23,None,66,1,5,False,1,1
3744,39,unweighted_fl,10,0.0995222929936305,0,23,None,66,1,5,False,1,1
3745,35,unweighted_fl,10,0.0995222929936305,0,21,None,66,1,5,False,1,1
3746,36,unweighted_fl,10,0.0995222929936305,0,21,None,66,1,5,False,1,1
3747,37,unweighted_fl,10,0.0995222929936305,0,21,None,66,1,5,False,1,1
3748,38,unweighted_fl,10,0.0995222929936305,0,21,None,66,1,5,False,1,1
3749,39,unweighted_fl,10,0.0995222929936305,0,21,None,66,1,5,False,1,1
3750,35,unweighted_fl,10,0.0995222929936305,0,24,None,66,1,5,False,1,1
3751,36,unweighted_fl,10,0.0995222929936305,0,24,None,66,1,5,False,1,1
3752,37,unweighted_fl,10,0.0995222929936305,0,24,None,66,1,5,False,1,1
3753,38,unweighted_fl,10,0.0995222929936305,0,24,None,66,1,5,False,1,1
3754,39,unweighted_fl,10,0.0995222929936305,0,24,None,66,1,5,False,1,1
3755,35,unweighted_fl,10,0.0995222929936305,0,25,None,66,1,5,False,1,1
3756,36,unweighted_fl,10,0.0995222929936305,0,25,None,66,1,5,False,1,1
3757,37,unweighted_fl,10,0.0995222929936305,0,25,None,66,1,5,False,1,1
3758,38,unweighted_fl,10,0.0995222929936305,0,25,None,66,1,5,False,1,1
3759,39,unweighted_fl,10,0.0995222929936305,0,25,None,66,1,5,False,1,1
3760,35,unweighted_fl,10,0.0995222929936305,0,26,None,66,1,5,False,1,1
3761,36,unweighted_fl,10,0.0995222929936305,0,26,None,66,1,5,False,1,1
3762,37,unweighted_fl,10,0.0995222929936305,0,26,None,66,1,5,False,1,1
3763,38,unweighted_fl,10,0.0995222929936305,0,26,None,66,1,5,False,1,1
3764,39,unweighted_fl,10,0.0995222929936305,0,26,None,66,1,5,False,1,1
3765,35,unweighted_fl,10,0.0995222929936305,0,27,None,66,1,5,False,1,1
3766,36,unweighted_fl,10,0.0995222929936305,0,27,None,66,1,5,False,1,1
3767,37,unweighted_fl,10,0.0995222929936305,0,27,None,66,1,5,False,1,1
3768,38,unweighted_fl,10,0.0995222929936305,0,27,None,66,1,5,False,1,1
3769,39,unweighted_fl,10,0.0995222929936305,0,27,None,66,1,5,False,1,1
3770,35,unweighted_fl,10,0.0995222929936305,0,28,None,66,1,5,False,1,1
3771,36,unweighted_fl,10,0.0995222929936305,0,28,None,66,1,5,False,1,1
3772,37,unweighted_fl,10,0.0995222929936305,0,28,None,66,1,5,False,1,1
3773,38,unweighted_fl,10,0.0995222929936305,0,28,None,66,1,5,False,1,1
3774,39,unweighted_fl,10,0.0995222929936305,0,28,None,66,1,5,False,1,1
3775,35,unweighted_fl,10,0.0995222929936305,0,30,None,66,1,5,False,1,1
3776,36,unweighted_fl,10,0.0995222929936305,0,30,None,66,1,5,False,1,1
3777,37,unweighted_fl,10,0.0995222929936305,0,30,None,66,1,5,False,1,1
3778,38,unweighted_fl,10,0.0995222929936305,0,30,None,66,1,5,False,1,1
3779,39,unweighted_fl,10,0.0995222929936305,0,30,None,66,1,5,False,1,1
3780,35,unweighted_fl,10,0.1000199044585987,0,29,None,66,1,5,False,1,1
3781,36,unweighted_fl,10,0.0995222929936305,0,29,None,66,1,5,False,1,1
3782,37,unweighted_fl,10,0.0995222929936305,0,29,None,66,1,5,False,1,1
3783,38,unweighted_fl,10,0.0995222929936305,0,29,None,66,1,5,False,1,1
3784,39,unweighted_fl,10,0.0995222929936305,0,29,None,66,1,5,False,1,1
3785,35,unweighted_fl,10,0.0995222929936305,0,31,None,66,1,5,False,1,1
3786,36,unweighted_fl,10,0.0995222929936305,0,31,None,66,1,5,False,1,1
3787,37,unweighted_fl,10,0.0995222929936305,0,31,None,66,1,5,False,1,1
3788,38,unweighted_fl,10,0.0995222929936305,0,31,None,66,1,5,False,1,1
3789,39,unweighted_fl,10,0.0995222929936305,0,31,None,66,1,5,False,1,1
3790,35,unweighted_fl,10,0.0995222929936305,0,32,None,66,1,5,False,1,1
3791,36,unweighted_fl,10,0.0995222929936305,0,32,None,66,1,5,False,1,1
3792,37,unweighted_fl,10,0.0995222929936305,0,32,None,66,1,5,False,1,1
3793,38,unweighted_fl,10,0.0995222929936305,0,32,None,66,1,5,False,1,1
3794,39,unweighted_fl,10,0.0995222929936305,0,32,None,66,1,5,False,1,1
3795,40,unweighted_fl,10,0.0995222929936305,0,0,None,66,1,5,False,1,1
3796,41,unweighted_fl,10,0.0995222929936305,0,0,None,66,1,5,False,1,1
3797,42,unweighted_fl,10,0.0995222929936305,0,0,None,66,1,5,False,1,1
3798,43,unweighted_fl,10,0.0995222929936305,0,0,None,66,1,5,False,1,1
3799,44,unweighted_fl,10,0.0995222929936305,0,0,None,66,1,5,False,1,1
3800,40,unweighted_fl,10,0.0995222929936305,0,2,None,66,1,5,False,1,1
3801,41,unweighted_fl,10,0.0995222929936305,0,2,None,66,1,5,False,1,1
3802,42,unweighted_fl,10,0.0995222929936305,0,2,None,66,1,5,False,1,1
3803,43,unweighted_fl,10,0.0995222929936305,0,2,None,66,1,5,False,1,1
3804,44,unweighted_fl,10,0.0995222929936305,0,2,None,66,1,5,False,1,1
3805,40,unweighted_fl,10,0.0995222929936305,0,1,None,66,1,5,False,1,1
3806,41,unweighted_fl,10,0.0995222929936305,0,1,None,66,1,5,False,1,1
3807,42,unweighted_fl,10,0.0995222929936305,0,1,None,66,1,5,False,1,1
3808,43,unweighted_fl,10,0.0995222929936305,0,1,None,66,1,5,False,1,1
3809,44,unweighted_fl,10,0.0995222929936305,0,1,None,66,1,5,False,1,1
3810,40,unweighted_fl,10,0.0995222929936305,0,3,None,66,1,5,False,1,1
3811,41,unweighted_fl,10,0.0995222929936305,0,3,None,66,1,5,False,1,1
3812,42,unweighted_fl,10,0.0995222929936305,0,3,None,66,1,5,False,1,1
3813,43,unweighted_fl,10,0.0995222929936305,0,3,None,66,1,5,False,1,1
3814,44,unweighted_fl,10,0.0995222929936305,0,3,None,66,1,5,False,1,1
3815,40,unweighted_fl,10,0.0995222929936305,0,5,None,66,1,5,False,1,1
3816,41,unweighted_fl,10,0.0995222929936305,0,5,None,66,1,5,False,1,1
3817,42,unweighted_fl,10,0.0995222929936305,0,5,None,66,1,5,False,1,1
3818,43,unweighted_fl,10,0.0995222929936305,0,5,None,66,1,5,False,1,1
3819,44,unweighted_fl,10,0.0995222929936305,0,5,None,66,1,5,False,1,1
3820,40,unweighted_fl,10,0.1881966560509554,0,6,None,66,1,5,False,1,1
3821,41,unweighted_fl,10,0.0995222929936305,0,6,None,66,1,5,False,1,1
3822,42,unweighted_fl,10,0.0995222929936305,0,6,None,66,1,5,False,1,1
3823,43,unweighted_fl,10,0.0995222929936305,0,6,None,66,1,5,False,1,1
3824,44,unweighted_fl,10,0.0995222929936305,0,6,None,66,1,5,False,1,1
3825,40,unweighted_fl,10,0.0995222929936305,0,4,None,66,1,5,False,1,1
3826,41,unweighted_fl,10,0.0995222929936305,0,4,None,66,1,5,False,1,1
3827,42,unweighted_fl,10,0.0995222929936305,0,4,None,66,1,5,False,1,1
3828,43,unweighted_fl,10,0.0995222929936305,0,4,None,66,1,5,False,1,1
3829,44,unweighted_fl,10,0.0995222929936305,0,4,None,66,1,5,False,1,1
3830,40,unweighted_fl,10,0.0995222929936305,0,7,None,66,1,5,False,1,1
3831,41,unweighted_fl,10,0.0995222929936305,0,7,None,66,1,5,False,1,1
3832,42,unweighted_fl,10,0.0995222929936305,0,7,None,66,1,5,False,1,1
3833,43,unweighted_fl,10,0.0995222929936305,0,7,None,66,1,5,False,1,1
3834,44,unweighted_fl,10,0.0995222929936305,0,7,None,66,1,5,False,1,1
3835,40,unweighted_fl,10,0.0995222929936305,0,9,None,66,1,5,False,1,1
3836,41,unweighted_fl,10,0.0995222929936305,0,9,None,66,1,5,False,1,1
3837,42,unweighted_fl,10,0.0995222929936305,0,9,None,66,1,5,False,1,1
3838,43,unweighted_fl,10,0.0995222929936305,0,9,None,66,1,5,False,1,1
3839,44,unweighted_fl,10,0.0995222929936305,0,9,None,66,1,5,False,1,1
3840,40,unweighted_fl,10,0.0995222929936305,0,8,None,66,1,5,False,1,1
3841,41,unweighted_fl,10,0.0995222929936305,0,8,None,66,1,5,False,1,1
3842,42,unweighted_fl,10,0.0995222929936305,0,8,None,66,1,5,False,1,1
3843,43,unweighted_fl,10,0.0995222929936305,0,8,None,66,1,5,False,1,1
3844,44,unweighted_fl,10,0.0995222929936305,0,8,None,66,1,5,False,1,1
3845,40,unweighted_fl,10,0.0995222929936305,0,10,None,66,1,5,False,1,1
3846,41,unweighted_fl,10,0.0995222929936305,0,10,None,66,1,5,False,1,1
3847,42,unweighted_fl,10,0.0995222929936305,0,10,None,66,1,5,False,1,1
3848,43,unweighted_fl,10,0.0995222929936305,0,10,None,66,1,5,False,1,1
3849,44,unweighted_fl,10,0.0995222929936305,0,10,None,66,1,5,False,1,1
3850,40,unweighted_fl,10,0.0995222929936305,0,12,None,66,1,5,False,1,1
3851,41,unweighted_fl,10,0.0995222929936305,0,12,None,66,1,5,False,1,1
3852,42,unweighted_fl,10,0.0995222929936305,0,12,None,66,1,5,False,1,1
3853,43,unweighted_fl,10,0.0995222929936305,0,12,None,66,1,5,False,1,1
3854,44,unweighted_fl,10,0.0995222929936305,0,12,None,66,1,5,False,1,1
3855,40,unweighted_fl,10,0.0995222929936305,0,11,None,66,1,5,False,1,1
3856,41,unweighted_fl,10,0.0995222929936305,0,11,None,66,1,5,False,1,1
3857,42,unweighted_fl,10,0.0995222929936305,0,11,None,66,1,5,False,1,1
3858,43,unweighted_fl,10,0.0995222929936305,0,11,None,66,1,5,False,1,1
3859,44,unweighted_fl,10,0.0995222929936305,0,11,None,66,1,5,False,1,1
3860,40,unweighted_fl,10,0.0995222929936305,0,13,None,66,1,5,False,1,1
3861,41,unweighted_fl,10,0.0995222929936305,0,13,None,66,1,5,False,1,1
3862,42,unweighted_fl,10,0.0995222929936305,0,13,None,66,1,5,False,1,1
3863,43,unweighted_fl,10,0.1264928343949044,0,13,None,66,1,5,False,1,1
3864,44,unweighted_fl,10,0.0995222929936305,0,13,None,66,1,5,False,1,1
3865,40,unweighted_fl,10,0.0995222929936305,0,15,None,66,1,5,False,1,1
3866,41,unweighted_fl,10,0.0995222929936305,0,15,None,66,1,5,False,1,1
3867,42,unweighted_fl,10,0.0995222929936305,0,15,None,66,1,5,False,1,1
3868,43,unweighted_fl,10,0.0995222929936305,0,15,None,66,1,5,False,1,1
3869,44,unweighted_fl,10,0.0995222929936305,0,15,None,66,1,5,False,1,1
3870,40,unweighted_fl,10,0.0995222929936305,0,14,None,66,1,5,False,1,1
3871,41,unweighted_fl,10,0.0995222929936305,0,14,None,66,1,5,False,1,1
3872,42,unweighted_fl,10,0.0995222929936305,0,14,None,66,1,5,False,1,1
3873,43,unweighted_fl,10,0.0995222929936305,0,14,None,66,1,5,False,1,1
3874,44,unweighted_fl,10,0.0995222929936305,0,14,None,66,1,5,False,1,1
3875,40,unweighted_fl,10,0.0995222929936305,0,16,None,66,1,5,False,1,1
3876,41,unweighted_fl,10,0.0995222929936305,0,16,None,66,1,5,False,1,1
3877,42,unweighted_fl,10,0.0995222929936305,0,16,None,66,1,5,False,1,1
3878,43,unweighted_fl,10,0.0995222929936305,0,16,None,66,1,5,False,1,1
3879,44,unweighted_fl,10,0.0995222929936305,0,16,None,66,1,5,False,1,1
3880,40,unweighted_fl,10,0.0995222929936305,0,18,None,66,1,5,False,1,1
3881,41,unweighted_fl,10,0.0995222929936305,0,18,None,66,1,5,False,1,1
3882,42,unweighted_fl,10,0.0995222929936305,0,18,None,66,1,5,False,1,1
3883,43,unweighted_fl,10,0.0995222929936305,0,18,None,66,1,5,False,1,1
3884,44,unweighted_fl,10,0.0995222929936305,0,18,None,66,1,5,False,1,1
3885,40,unweighted_fl,10,0.0995222929936305,0,17,None,66,1,5,False,1,1
3886,41,unweighted_fl,10,0.0995222929936305,0,17,None,66,1,5,False,1,1
3887,42,unweighted_fl,10,0.0995222929936305,0,17,None,66,1,5,False,1,1
3888,43,unweighted_fl,10,0.0995222929936305,0,17,None,66,1,5,False,1,1
3889,44,unweighted_fl,10,0.0995222929936305,0,17,None,66,1,5,False,1,1
3890,40,unweighted_fl,10,0.1119625796178344,0,19,None,66,1,5,False,1,1
3891,41,unweighted_fl,10,0.0995222929936305,0,19,None,66,1,5,False,1,1
3892,42,unweighted_fl,10,0.0995222929936305,0,19,None,66,1,5,False,1,1
3893,43,unweighted_fl,10,0.0995222929936305,0,19,None,66,1,5,False,1,1
3894,44,unweighted_fl,10,0.0995222929936305,0,19,None,66,1,5,False,1,1
3895,40,unweighted_fl,10,0.0999203821656051,0,21,None,66,1,5,False,1,1
3896,41,unweighted_fl,10,0.0995222929936305,0,21,None,66,1,5,False,1,1
3897,42,unweighted_fl,10,0.0995222929936305,0,21,None,66,1,5,False,1,1
3898,43,unweighted_fl,10,0.0995222929936305,0,21,None,66,1,5,False,1,1
3899,44,unweighted_fl,10,0.0995222929936305,0,21,None,66,1,5,False,1,1
3900,40,unweighted_fl,10,0.0995222929936305,0,20,None,66,1,5,False,1,1
3901,41,unweighted_fl,10,0.0995222929936305,0,20,None,66,1,5,False,1,1
3902,42,unweighted_fl,10,0.0995222929936305,0,20,None,66,1,5,False,1,1
3903,43,unweighted_fl,10,0.0995222929936305,0,20,None,66,1,5,False,1,1
3904,44,unweighted_fl,10,0.0995222929936305,0,20,None,66,1,5,False,1,1
3905,40,unweighted_fl,10,0.0995222929936305,0,22,None,66,1,5,False,1,1
3906,41,unweighted_fl,10,0.0995222929936305,0,22,None,66,1,5,False,1,1
3907,42,unweighted_fl,10,0.0995222929936305,0,22,None,66,1,5,False,1,1
3908,43,unweighted_fl,10,0.0995222929936305,0,22,None,66,1,5,False,1,1
3909,44,unweighted_fl,10,0.0995222929936305,0,22,None,66,1,5,False,1,1
3910,40,unweighted_fl,10,0.0995222929936305,0,24,None,66,1,5,False,1,1
3911,41,unweighted_fl,10,0.0995222929936305,0,24,None,66,1,5,False,1,1
3912,42,unweighted_fl,10,0.0995222929936305,0,24,None,66,1,5,False,1,1
3913,43,unweighted_fl,10,0.0995222929936305,0,24,None,66,1,5,False,1,1
3914,44,unweighted_fl,10,0.0995222929936305,0,24,None,66,1,5,False,1,1
3915,40,unweighted_fl,10,0.0995222929936305,0,23,None,66,1,5,False,1,1
3916,41,unweighted_fl,10,0.0995222929936305,0,23,None,66,1,5,False,1,1
3917,42,unweighted_fl,10,0.0995222929936305,0,23,None,66,1,5,False,1,1
3918,43,unweighted_fl,10,0.0995222929936305,0,23,None,66,1,5,False,1,1
3919,44,unweighted_fl,10,0.0995222929936305,0,23,None,66,1,5,False,1,1
3920,40,unweighted_fl,10,0.0995222929936305,0,25,None,66,1,5,False,1,1
3921,41,unweighted_fl,10,0.0995222929936305,0,25,None,66,1,5,False,1,1
3922,42,unweighted_fl,10,0.0995222929936305,0,25,None,66,1,5,False,1,1
3923,43,unweighted_fl,10,0.0995222929936305,0,25,None,66,1,5,False,1,1
3924,44,unweighted_fl,10,0.0995222929936305,0,25,None,66,1,5,False,1,1
3925,40,unweighted_fl,10,0.0995222929936305,0,27,None,66,1,5,False,1,1
3926,41,unweighted_fl,10,0.0995222929936305,0,27,None,66,1,5,False,1,1
3927,42,unweighted_fl,10,0.0995222929936305,0,27,None,66,1,5,False,1,1
3928,43,unweighted_fl,10,0.0995222929936305,0,27,None,66,1,5,False,1,1
3929,44,unweighted_fl,10,0.0995222929936305,0,27,None,66,1,5,False,1,1
3930,40,unweighted_fl,10,0.0995222929936305,0,26,None,66,1,5,False,1,1
3931,41,unweighted_fl,10,0.0995222929936305,0,26,None,66,1,5,False,1,1
3932,42,unweighted_fl,10,0.0995222929936305,0,26,None,66,1,5,False,1,1
3933,43,unweighted_fl,10,0.0995222929936305,0,26,None,66,1,5,False,1,1
3934,44,unweighted_fl,10,0.0995222929936305,0,26,None,66,1,5,False,1,1
3935,40,unweighted_fl,10,0.0995222929936305,0,28,None,66,1,5,False,1,1
3936,41,unweighted_fl,10,0.0995222929936305,0,28,None,66,1,5,False,1,1
3937,42,unweighted_fl,10,0.0995222929936305,0,28,None,66,1,5,False,1,1
3938,43,unweighted_fl,10,0.0995222929936305,0,28,None,66,1,5,False,1,1
3939,44,unweighted_fl,10,0.0995222929936305,0,28,None,66,1,5,False,1,1
3940,40,unweighted_fl,10,0.0995222929936305,0,30,None,66,1,5,False,1,1
3941,41,unweighted_fl,10,0.0995222929936305,0,30,None,66,1,5,False,1,1
3942,42,unweighted_fl,10,0.0995222929936305,0,30,None,66,1,5,False,1,1
3943,43,unweighted_fl,10,0.0995222929936305,0,30,None,66,1,5,False,1,1
3944,44,unweighted_fl,10,0.0995222929936305,0,30,None,66,1,5,False,1,1
3945,40,unweighted_fl,10,0.0995222929936305,0,31,None,66,1,5,False,1,1
3946,41,unweighted_fl,10,0.0995222929936305,0,31,None,66,1,5,False,1,1
3947,42,unweighted_fl,10,0.0995222929936305,0,31,None,66,1,5,False,1,1
3948,43,unweighted_fl,10,0.0995222929936305,0,31,None,66,1,5,False,1,1
3949,44,unweighted_fl,10,0.0995222929936305,0,31,None,66,1,5,False,1,1
3950,40,unweighted_fl,10,0.0995222929936305,0,29,None,66,1,5,False,1,1
3951,41,unweighted_fl,10,0.0995222929936305,0,29,None,66,1,5,False,1,1
3952,42,unweighted_fl,10,0.0995222929936305,0,29,None,66,1,5,False,1,1
3953,43,unweighted_fl,10,0.0995222929936305,0,29,None,66,1,5,False,1,1
3954,44,unweighted_fl,10,0.0995222929936305,0,29,None,66,1,5,False,1,1
3955,40,unweighted_fl,10,0.0995222929936305,0,32,None,66,1,5,False,1,1
3956,41,unweighted_fl,10,0.0995222929936305,0,32,None,66,1,5,False,1,1
3957,42,unweighted_fl,10,0.0995222929936305,0,32,None,66,1,5,False,1,1
3958,43,unweighted_fl,10,0.0995222929936305,0,32,None,66,1,5,False,1,1
3959,44,unweighted_fl,10,0.0995222929936305,0,32,None,66,1,5,False,1,1
4125,45,unweighted_fl,10,0.0995222929936305,0,1,None,66,1,5,False,1,1
4126,46,unweighted_fl,10,0.0995222929936305,0,1,None,66,1,5,False,1,1
4127,47,unweighted_fl,10,0.1687898089171974,0,1,None,66,1,5,False,1,1
4128,48,unweighted_fl,10,0.0995222929936305,0,1,None,66,1,5,False,1,1
4129,49,unweighted_fl,10,0.0995222929936305,0,1,None,66,1,5,False,1,1
4130,45,unweighted_fl,10,0.0995222929936305,0,2,None,66,1,5,False,1,1
4131,46,unweighted_fl,10,0.0995222929936305,0,2,None,66,1,5,False,1,1
4132,47,unweighted_fl,10,0.0995222929936305,0,2,None,66,1,5,False,1,1
4133,48,unweighted_fl,10,0.0995222929936305,0,2,None,66,1,5,False,1,1
4134,49,unweighted_fl,10,0.0995222929936305,0,2,None,66,1,5,False,1,1
4135,45,unweighted_fl,10,0.0995222929936305,0,0,None,66,1,5,False,1,1
4136,46,unweighted_fl,10,0.0995222929936305,0,0,None,66,1,5,False,1,1
4137,47,unweighted_fl,10,0.0995222929936305,0,0,None,66,1,5,False,1,1
4138,48,unweighted_fl,10,0.0995222929936305,0,0,None,66,1,5,False,1,1
4139,49,unweighted_fl,10,0.0995222929936305,0,0,None,66,1,5,False,1,1
4140,45,unweighted_fl,10,0.0995222929936305,0,3,None,66,1,5,False,1,1
4141,46,unweighted_fl,10,0.0995222929936305,0,3,None,66,1,5,False,1,1
4142,47,unweighted_fl,10,0.0995222929936305,0,3,None,66,1,5,False,1,1
4143,48,unweighted_fl,10,0.0995222929936305,0,3,None,66,1,5,False,1,1
4144,49,unweighted_fl,10,0.0995222929936305,0,3,None,66,1,5,False,1,1
4145,45,unweighted_fl,10,0.0995222929936305,0,5,None,66,1,5,False,1,1
4146,46,unweighted_fl,10,0.1685907643312102,0,5,None,66,1,5,False,1,1
4147,47,unweighted_fl,10,0.0995222929936305,0,5,None,66,1,5,False,1,1
4148,48,unweighted_fl,10,0.0995222929936305,0,5,None,66,1,5,False,1,1
4149,49,unweighted_fl,10,0.0995222929936305,0,5,None,66,1,5,False,1,1
4150,45,unweighted_fl,10,0.0995222929936305,0,4,None,66,1,5,False,1,1
4151,46,unweighted_fl,10,0.0995222929936305,0,4,None,66,1,5,False,1,1
4152,47,unweighted_fl,10,0.0995222929936305,0,4,None,66,1,5,False,1,1
4153,48,unweighted_fl,10,0.0995222929936305,0,4,None,66,1,5,False,1,1
4154,49,unweighted_fl,10,0.0995222929936305,0,4,None,66,1,5,False,1,1
4155,45,unweighted_fl,10,0.0995222929936305,0,6,None,66,1,5,False,1,1
4156,46,unweighted_fl,10,0.0995222929936305,0,6,None,66,1,5,False,1,1
4157,47,unweighted_fl,10,0.0995222929936305,0,6,None,66,1,5,False,1,1
4158,48,unweighted_fl,10,0.0995222929936305,0,6,None,66,1,5,False,1,1
4159,49,unweighted_fl,10,0.0995222929936305,0,6,None,66,1,5,False,1,1
4160,45,unweighted_fl,10,0.0995222929936305,0,7,None,66,1,5,False,1,1
4161,46,unweighted_fl,10,0.0995222929936305,0,7,None,66,1,5,False,1,1
4162,47,unweighted_fl,10,0.0995222929936305,0,7,None,66,1,5,False,1,1
4163,48,unweighted_fl,10,0.0995222929936305,0,7,None,66,1,5,False,1,1
4164,49,unweighted_fl,10,0.0995222929936305,0,7,None,66,1,5,False,1,1
4165,45,unweighted_fl,10,0.0995222929936305,0,8,None,66,1,5,False,1,1
4166,46,unweighted_fl,10,0.0995222929936305,0,8,None,66,1,5,False,1,1
4167,47,unweighted_fl,10,0.0995222929936305,0,8,None,66,1,5,False,1,1
4168,48,unweighted_fl,10,0.0995222929936305,0,8,None,66,1,5,False,1,1
4169,49,unweighted_fl,10,0.0995222929936305,0,8,None,66,1,5,False,1,1
4170,45,unweighted_fl,10,0.0995222929936305,0,10,None,66,1,5,False,1,1
4171,46,unweighted_fl,10,0.0995222929936305,0,10,None,66,1,5,False,1,1
4172,47,unweighted_fl,10,0.0995222929936305,0,10,None,66,1,5,False,1,1
4173,48,unweighted_fl,10,0.0995222929936305,0,10,None,66,1,5,False,1,1
4174,49,unweighted_fl,10,0.0995222929936305,0,10,None,66,1,5,False,1,1
4175,45,unweighted_fl,10,0.0995222929936305,0,9,None,66,1,5,False,1,1
4176,46,unweighted_fl,10,0.0995222929936305,0,9,None,66,1,5,False,1,1
4177,47,unweighted_fl,10,0.0995222929936305,0,9,None,66,1,5,False,1,1
4178,48,unweighted_fl,10,0.0995222929936305,0,9,None,66,1,5,False,1,1
4179,49,unweighted_fl,10,0.0995222929936305,0,9,None,66,1,5,False,1,1
4180,45,unweighted_fl,10,0.0995222929936305,0,11,None,66,1,5,False,1,1
4181,46,unweighted_fl,10,0.0995222929936305,0,11,None,66,1,5,False,1,1
4182,47,unweighted_fl,10,0.0995222929936305,0,11,None,66,1,5,False,1,1
4183,48,unweighted_fl,10,0.0995222929936305,0,11,None,66,1,5,False,1,1
4184,49,unweighted_fl,10,0.0995222929936305,0,11,None,66,1,5,False,1,1
4185,45,unweighted_fl,10,0.0995222929936305,0,13,None,66,1,5,False,1,1
4186,46,unweighted_fl,10,0.0995222929936305,0,13,None,66,1,5,False,1,1
4187,47,unweighted_fl,10,0.0995222929936305,0,13,None,66,1,5,False,1,1
4188,48,unweighted_fl,10,0.0995222929936305,0,13,None,66,1,5,False,1,1
4189,49,unweighted_fl,10,0.0995222929936305,0,13,None,66,1,5,False,1,1
4190,45,unweighted_fl,10,0.0995222929936305,0,12,None,66,1,5,False,1,1
4191,46,unweighted_fl,10,0.0995222929936305,0,12,None,66,1,5,False,1,1
4192,47,unweighted_fl,10,0.0995222929936305,0,12,None,66,1,5,False,1,1
4193,48,unweighted_fl,10,0.0995222929936305,0,12,None,66,1,5,False,1,1
4194,49,unweighted_fl,10,0.0995222929936305,0,12,None,66,1,5,False,1,1
4195,45,unweighted_fl,10,0.0995222929936305,0,14,None,66,1,5,False,1,1
4196,46,unweighted_fl,10,0.1140525477707006,0,14,None,66,1,5,False,1,1
4197,47,unweighted_fl,10,0.0995222929936305,0,14,None,66,1,5,False,1,1
4198,48,unweighted_fl,10,0.0995222929936305,0,14,None,66,1,5,False,1,1
4199,49,unweighted_fl,10,0.0995222929936305,0,14,None,66,1,5,False,1,1
4200,45,unweighted_fl,10,0.0995222929936305,0,16,None,66,1,5,False,1,1
4201,46,unweighted_fl,10,0.0995222929936305,0,16,None,66,1,5,False,1,1
4202,47,unweighted_fl,10,0.0995222929936305,0,16,None,66,1,5,False,1,1
4203,48,unweighted_fl,10,0.0995222929936305,0,16,None,66,1,5,False,1,1
4204,49,unweighted_fl,10,0.0995222929936305,0,16,None,66,1,5,False,1,1
4205,45,unweighted_fl,10,0.0995222929936305,0,15,None,66,1,5,False,1,1
4206,46,unweighted_fl,10,0.0995222929936305,0,15,None,66,1,5,False,1,1
4207,47,unweighted_fl,10,0.0995222929936305,0,15,None,66,1,5,False,1,1
4208,48,unweighted_fl,10,0.0995222929936305,0,15,None,66,1,5,False,1,1
4209,49,unweighted_fl,10,0.0995222929936305,0,15,None,66,1,5,False,1,1
4210,45,unweighted_fl,10,0.0995222929936305,0,17,None,66,1,5,False,1,1
4211,46,unweighted_fl,10,0.0995222929936305,0,17,None,66,1,5,False,1,1
4212,47,unweighted_fl,10,0.0995222929936305,0,17,None,66,1,5,False,1,1
4213,48,unweighted_fl,10,0.0995222929936305,0,17,None,66,1,5,False,1,1
4214,49,unweighted_fl,10,0.0995222929936305,0,17,None,66,1,5,False,1,1
4215,45,unweighted_fl,10,0.1022093949044586,0,19,None,66,1,5,False,1,1
4216,46,unweighted_fl,10,0.0995222929936305,0,19,None,66,1,5,False,1,1
4217,47,unweighted_fl,10,0.0995222929936305,0,19,None,66,1,5,False,1,1
4218,48,unweighted_fl,10,0.0995222929936305,0,19,None,66,1,5,False,1,1
4219,49,unweighted_fl,10,0.0995222929936305,0,19,None,66,1,5,False,1,1
4220,45,unweighted_fl,10,0.0995222929936305,0,20,None,66,1,5,False,1,1
4221,46,unweighted_fl,10,0.0995222929936305,0,20,None,66,1,5,False,1,1
4222,47,unweighted_fl,10,0.0995222929936305,0,20,None,66,1,5,False,1,1
4223,48,unweighted_fl,10,0.0995222929936305,0,20,None,66,1,5,False,1,1
4224,49,unweighted_fl,10,0.0995222929936305,0,20,None,66,1,5,False,1,1
4225,45,unweighted_fl,10,0.0995222929936305,0,18,None,66,1,5,False,1,1
4226,46,unweighted_fl,10,0.0995222929936305,0,18,None,66,1,5,False,1,1
4227,47,unweighted_fl,10,0.0995222929936305,0,18,None,66,1,5,False,1,1
4228,48,unweighted_fl,10,0.0995222929936305,0,18,None,66,1,5,False,1,1
4229,49,unweighted_fl,10,0.0995222929936305,0,18,None,66,1,5,False,1,1
4230,45,unweighted_fl,10,0.0995222929936305,0,21,None,66,1,5,False,1,1
4231,46,unweighted_fl,10,0.0995222929936305,0,21,None,66,1,5,False,1,1
4232,47,unweighted_fl,10,0.0995222929936305,0,21,None,66,1,5,False,1,1
4233,48,unweighted_fl,10,0.0995222929936305,0,21,None,66,1,5,False,1,1
4234,49,unweighted_fl,10,0.0995222929936305,0,21,None,66,1,5,False,1,1
4235,45,unweighted_fl,10,0.0995222929936305,0,23,None,66,1,5,False,1,1
4236,46,unweighted_fl,10,0.0995222929936305,0,23,None,66,1,5,False,1,1
4237,47,unweighted_fl,10,0.0995222929936305,0,23,None,66,1,5,False,1,1
4238,48,unweighted_fl,10,0.0995222929936305,0,23,None,66,1,5,False,1,1
4239,49,unweighted_fl,10,0.0995222929936305,0,23,None,66,1,5,False,1,1
4240,45,unweighted_fl,10,0.0995222929936305,0,22,None,66,1,5,False,1,1
4241,46,unweighted_fl,10,0.0995222929936305,0,22,None,66,1,5,False,1,1
4242,47,unweighted_fl,10,0.0995222929936305,0,22,None,66,1,5,False,1,1
4243,48,unweighted_fl,10,0.0995222929936305,0,22,None,66,1,5,False,1,1
4244,49,unweighted_fl,10,0.0995222929936305,0,22,None,66,1,5,False,1,1
4245,45,unweighted_fl,10,0.0995222929936305,0,24,None,66,1,5,False,1,1
4246,46,unweighted_fl,10,0.0995222929936305,0,24,None,66,1,5,False,1,1
4247,47,unweighted_fl,10,0.0995222929936305,0,24,None,66,1,5,False,1,1
4248,48,unweighted_fl,10,0.0995222929936305,0,24,None,66,1,5,False,1,1
4249,49,unweighted_fl,10,0.0995222929936305,0,24,None,66,1,5,False,1,1
4250,45,unweighted_fl,10,0.0995222929936305,0,26,None,66,1,5,False,1,1
4251,46,unweighted_fl,10,0.0995222929936305,0,26,None,66,1,5,False,1,1
4252,47,unweighted_fl,10,0.0995222929936305,0,26,None,66,1,5,False,1,1
4253,48,unweighted_fl,10,0.0995222929936305,0,26,None,66,1,5,False,1,1
4254,49,unweighted_fl,10,0.0995222929936305,0,26,None,66,1,5,False,1,1
4255,45,unweighted_fl,10,0.0995222929936305,0,25,None,66,1,5,False,1,1
4256,46,unweighted_fl,10,0.0995222929936305,0,25,None,66,1,5,False,1,1
4257,47,unweighted_fl,10,0.0995222929936305,0,25,None,66,1,5,False,1,1
4258,48,unweighted_fl,10,0.0995222929936305,0,25,None,66,1,5,False,1,1
4259,49,unweighted_fl,10,0.0995222929936305,0,25,None,66,1,5,False,1,1
4260,45,unweighted_fl,10,0.0995222929936305,0,27,None,66,1,5,False,1,1
4261,46,unweighted_fl,10,0.0995222929936305,0,27,None,66,1,5,False,1,1
4262,47,unweighted_fl,10,0.1548566878980891,0,27,None,66,1,5,False,1,1
4263,48,unweighted_fl,10,0.0995222929936305,0,27,None,66,1,5,False,1,1
4264,49,unweighted_fl,10,0.0995222929936305,0,27,None,66,1,5,False,1,1
4265,45,unweighted_fl,10,0.0995222929936305,0,29,None,66,1,5,False,1,1
4266,46,unweighted_fl,10,0.0995222929936305,0,29,None,66,1,5,False,1,1
4267,47,unweighted_fl,10,0.0995222929936305,0,29,None,66,1,5,False,1,1
4268,48,unweighted_fl,10,0.0995222929936305,0,29,None,66,1,5,False,1,1
4269,49,unweighted_fl,10,0.0995222929936305,0,29,None,66,1,5,False,1,1
4270,45,unweighted_fl,10,0.0995222929936305,0,30,None,66,1,5,False,1,1
4271,46,unweighted_fl,10,0.0995222929936305,0,30,None,66,1,5,False,1,1
4272,47,unweighted_fl,10,0.0995222929936305,0,30,None,66,1,5,False,1,1
4273,48,unweighted_fl,10,0.0995222929936305,0,30,None,66,1,5,False,1,1
4274,49,unweighted_fl,10,0.0995222929936305,0,30,None,66,1,5,False,1,1
4275,45,unweighted_fl,10,0.0995222929936305,0,28,None,66,1,5,False,1,1
4276,46,unweighted_fl,10,0.0995222929936305,0,28,None,66,1,5,False,1,1
4277,47,unweighted_fl,10,0.0995222929936305,0,28,None,66,1,5,False,1,1
4278,48,unweighted_fl,10,0.0995222929936305,0,28,None,66,1,5,False,1,1
4279,49,unweighted_fl,10,0.0995222929936305,0,28,None,66,1,5,False,1,1
4280,45,unweighted_fl,10,0.0995222929936305,0,31,None,66,1,5,False,1,1
4281,46,unweighted_fl,10,0.0995222929936305,0,31,None,66,1,5,False,1,1
4282,47,unweighted_fl,10,0.0995222929936305,0,31,None,66,1,5,False,1,1
4283,48,unweighted_fl,10,0.0995222929936305,0,31,None,66,1,5,False,1,1
4284,49,unweighted_fl,10,0.0995222929936305,0,31,None,66,1,5,False,1,1
4285,45,unweighted_fl,10,0.0995222929936305,0,32,None,66,1,5,False,1,1
4286,46,unweighted_fl,10,0.0995222929936305,0,32,None,66,1,5,False,1,1
4287,47,unweighted_fl,10,0.0995222929936305,0,32,None,66,1,5,False,1,1
4288,48,unweighted_fl,10,0.0995222929936305,0,32,None,66,1,5,False,1,1
4289,49,unweighted_fl,10,0.0995222929936305,0,32,None,66,1,5,False,1,1
4290,50,unweighted_fl,10,0.0995222929936305,0,0,None,66,1,5,False,1,1
4291,51,unweighted_fl,10,0.0995222929936305,0,0,None,66,1,5,False,1,1
4292,52,unweighted_fl,10,0.0995222929936305,0,0,None,66,1,5,False,1,1
4293,53,unweighted_fl,10,0.0995222929936305,0,0,None,66,1,5,False,1,1
4294,54,unweighted_fl,10,0.0995222929936305,0,0,None,66,1,5,False,1,1
4295,50,unweighted_fl,10,0.0995222929936305,0,2,None,66,1,5,False,1,1
4296,51,unweighted_fl,10,0.1687898089171974,0,2,None,66,1,5,False,1,1
4297,52,unweighted_fl,10,0.0995222929936305,0,2,None,66,1,5,False,1,1
4298,53,unweighted_fl,10,0.0995222929936305,0,2,None,66,1,5,False,1,1
4299,54,unweighted_fl,10,0.0995222929936305,0,2,None,66,1,5,False,1,1
4300,50,unweighted_fl,10,0.0995222929936305,0,1,None,66,1,5,False,1,1
4301,51,unweighted_fl,10,0.0995222929936305,0,1,None,66,1,5,False,1,1
4302,52,unweighted_fl,10,0.0996218152866242,0,1,None,66,1,5,False,1,1
4303,53,unweighted_fl,10,0.0995222929936305,0,1,None,66,1,5,False,1,1
4304,54,unweighted_fl,10,0.0995222929936305,0,1,None,66,1,5,False,1,1
4305,50,unweighted_fl,10,0.0995222929936305,0,3,None,66,1,5,False,1,1
4306,51,unweighted_fl,10,0.0995222929936305,0,3,None,66,1,5,False,1,1
4307,52,unweighted_fl,10,0.0995222929936305,0,3,None,66,1,5,False,1,1
4308,53,unweighted_fl,10,0.0995222929936305,0,3,None,66,1,5,False,1,1
4309,54,unweighted_fl,10,0.0995222929936305,0,3,None,66,1,5,False,1,1
4310,50,unweighted_fl,10,0.0995222929936305,0,5,None,66,1,5,False,1,1
4311,51,unweighted_fl,10,0.176453025477707,0,5,None,66,1,5,False,1,1
4312,52,unweighted_fl,10,0.0995222929936305,0,5,None,66,1,5,False,1,1
4313,53,unweighted_fl,10,0.0995222929936305,0,5,None,66,1,5,False,1,1
4314,54,unweighted_fl,10,0.0995222929936305,0,5,None,66,1,5,False,1,1
4315,50,unweighted_fl,10,0.0995222929936305,0,6,None,66,1,5,False,1,1
4316,51,unweighted_fl,10,0.0995222929936305,0,6,None,66,1,5,False,1,1
4317,52,unweighted_fl,10,0.0995222929936305,0,6,None,66,1,5,False,1,1
4318,53,unweighted_fl,10,0.0995222929936305,0,6,None,66,1,5,False,1,1
4319,54,unweighted_fl,10,0.0995222929936305,0,6,None,66,1,5,False,1,1
4320,50,unweighted_fl,10,0.0995222929936305,0,4,None,66,1,5,False,1,1
4321,51,unweighted_fl,10,0.0995222929936305,0,4,None,66,1,5,False,1,1
4322,52,unweighted_fl,10,0.0995222929936305,0,4,None,66,1,5,False,1,1
4323,53,unweighted_fl,10,0.0995222929936305,0,4,None,66,1,5,False,1,1
4324,54,unweighted_fl,10,0.0995222929936305,0,4,None,66,1,5,False,1,1
4325,50,unweighted_fl,10,0.0995222929936305,0,7,None,66,1,5,False,1,1
4326,51,unweighted_fl,10,0.0995222929936305,0,7,None,66,1,5,False,1,1
4327,52,unweighted_fl,10,0.0995222929936305,0,7,None,66,1,5,False,1,1
4328,53,unweighted_fl,10,0.0995222929936305,0,7,None,66,1,5,False,1,1
4329,54,unweighted_fl,10,0.0995222929936305,0,7,None,66,1,5,False,1,1
4330,50,unweighted_fl,10,0.0995222929936305,0,9,None,66,1,5,False,1,1
4331,51,unweighted_fl,10,0.0995222929936305,0,9,None,66,1,5,False,1,1
4332,52,unweighted_fl,10,0.0995222929936305,0,9,None,66,1,5,False,1,1
4333,53,unweighted_fl,10,0.0995222929936305,0,9,None,66,1,5,False,1,1
4334,54,unweighted_fl,10,0.0995222929936305,0,9,None,66,1,5,False,1,1
4335,50,unweighted_fl,10,0.0995222929936305,0,8,None,66,1,5,False,1,1
4336,51,unweighted_fl,10,0.0995222929936305,0,8,None,66,1,5,False,1,1
4337,52,unweighted_fl,10,0.0995222929936305,0,8,None,66,1,5,False,1,1
4338,53,unweighted_fl,10,0.0995222929936305,0,8,None,66,1,5,False,1,1
4339,54,unweighted_fl,10,0.0995222929936305,0,8,None,66,1,5,False,1,1
4340,50,unweighted_fl,10,0.0995222929936305,0,10,None,66,1,5,False,1,1
4341,51,unweighted_fl,10,0.0995222929936305,0,10,None,66,1,5,False,1,1
4342,52,unweighted_fl,10,0.0995222929936305,0,10,None,66,1,5,False,1,1
4343,53,unweighted_fl,10,0.0995222929936305,0,10,None,66,1,5,False,1,1
4344,54,unweighted_fl,10,0.0995222929936305,0,10,None,66,1,5,False,1,1
4345,50,unweighted_fl,10,0.0995222929936305,0,12,None,66,1,5,False,1,1
4346,51,unweighted_fl,10,0.0995222929936305,0,12,None,66,1,5,False,1,1
4347,52,unweighted_fl,10,0.0995222929936305,0,12,None,66,1,5,False,1,1
4348,53,unweighted_fl,10,0.0995222929936305,0,12,None,66,1,5,False,1,1
4349,54,unweighted_fl,10,0.0995222929936305,0,12,None,66,1,5,False,1,1
4350,50,unweighted_fl,10,0.0995222929936305,0,13,None,66,1,5,False,1,1
4351,51,unweighted_fl,10,0.0995222929936305,0,13,None,66,1,5,False,1,1
4352,52,unweighted_fl,10,0.0995222929936305,0,13,None,66,1,5,False,1,1
4353,53,unweighted_fl,10,0.0995222929936305,0,13,None,66,1,5,False,1,1
4354,54,unweighted_fl,10,0.0995222929936305,0,13,None,66,1,5,False,1,1
4355,50,unweighted_fl,10,0.0995222929936305,0,11,None,66,1,5,False,1,1
4356,51,unweighted_fl,10,0.0995222929936305,0,11,None,66,1,5,False,1,1
4357,52,unweighted_fl,10,0.0995222929936305,0,11,None,66,1,5,False,1,1
4358,53,unweighted_fl,10,0.0995222929936305,0,11,None,66,1,5,False,1,1
4359,54,unweighted_fl,10,0.0995222929936305,0,11,None,66,1,5,False,1,1
4360,50,unweighted_fl,10,0.0995222929936305,0,14,None,66,1,5,False,1,1
4361,51,unweighted_fl,10,0.1521695859872611,0,14,None,66,1,5,False,1,1
4362,52,unweighted_fl,10,0.0995222929936305,0,14,None,66,1,5,False,1,1
4363,53,unweighted_fl,10,0.0995222929936305,0,14,None,66,1,5,False,1,1
4364,54,unweighted_fl,10,0.0995222929936305,0,14,None,66,1,5,False,1,1
4365,50,unweighted_fl,10,0.0995222929936305,0,16,None,66,1,5,False,1,1
4366,51,unweighted_fl,10,0.0995222929936305,0,16,None,66,1,5,False,1,1
4367,52,unweighted_fl,10,0.0995222929936305,0,16,None,66,1,5,False,1,1
4368,53,unweighted_fl,10,0.0995222929936305,0,16,None,66,1,5,False,1,1
4369,54,unweighted_fl,10,0.0995222929936305,0,16,None,66,1,5,False,1,1
4370,50,unweighted_fl,10,0.0995222929936305,0,15,None,66,1,5,False,1,1
4371,51,unweighted_fl,10,0.0995222929936305,0,15,None,66,1,5,False,1,1
4372,52,unweighted_fl,10,0.0995222929936305,0,15,None,66,1,5,False,1,1
4373,53,unweighted_fl,10,0.0995222929936305,0,15,None,66,1,5,False,1,1
4374,54,unweighted_fl,10,0.0995222929936305,0,15,None,66,1,5,False,1,1
4375,50,unweighted_fl,10,0.0995222929936305,0,17,None,66,1,5,False,1,1
4376,51,unweighted_fl,10,0.0995222929936305,0,17,None,66,1,5,False,1,1
4377,52,unweighted_fl,10,0.0995222929936305,0,17,None,66,1,5,False,1,1
4378,53,unweighted_fl,10,0.0995222929936305,0,17,None,66,1,5,False,1,1
4379,54,unweighted_fl,10,0.0995222929936305,0,17,None,66,1,5,False,1,1
4380,50,unweighted_fl,10,0.1009156050955414,0,19,None,66,1,5,False,1,1
4381,51,unweighted_fl,10,0.0995222929936305,0,19,None,66,1,5,False,1,1
4382,52,unweighted_fl,10,0.0995222929936305,0,19,None,66,1,5,False,1,1
4383,53,unweighted_fl,10,0.0995222929936305,0,19,None,66,1,5,False,1,1
4384,54,unweighted_fl,10,0.0995222929936305,0,19,None,66,1,5,False,1,1
4385,50,unweighted_fl,10,0.0995222929936305,0,20,None,66,1,5,False,1,1
4386,51,unweighted_fl,10,0.0995222929936305,0,20,None,66,1,5,False,1,1
4387,52,unweighted_fl,10,0.0995222929936305,0,20,None,66,1,5,False,1,1
4388,53,unweighted_fl,10,0.0995222929936305,0,20,None,66,1,5,False,1,1
4389,54,unweighted_fl,10,0.0995222929936305,0,20,None,66,1,5,False,1,1
4390,50,unweighted_fl,10,0.0995222929936305,0,18,None,66,1,5,False,1,1
4391,51,unweighted_fl,10,0.0995222929936305,0,18,None,66,1,5,False,1,1
4392,52,unweighted_fl,10,0.0995222929936305,0,18,None,66,1,5,False,1,1
4393,53,unweighted_fl,10,0.0995222929936305,0,18,None,66,1,5,False,1,1
4394,54,unweighted_fl,10,0.0995222929936305,0,18,None,66,1,5,False,1,1
4395,50,unweighted_fl,10,0.0995222929936305,0,21,None,66,1,5,False,1,1
4396,51,unweighted_fl,10,0.0995222929936305,0,21,None,66,1,5,False,1,1
4397,52,unweighted_fl,10,0.0995222929936305,0,21,None,66,1,5,False,1,1
4398,53,unweighted_fl,10,0.0995222929936305,0,21,None,66,1,5,False,1,1
4399,54,unweighted_fl,10,0.0995222929936305,0,21,None,66,1,5,False,1,1
4400,50,unweighted_fl,10,0.0995222929936305,0,23,None,66,1,5,False,1,1
4401,51,unweighted_fl,10,0.0995222929936305,0,23,None,66,1,5,False,1,1
4402,52,unweighted_fl,10,0.0995222929936305,0,23,None,66,1,5,False,1,1
4403,53,unweighted_fl,10,0.0995222929936305,0,23,None,66,1,5,False,1,1
4404,54,unweighted_fl,10,0.0995222929936305,0,23,None,66,1,5,False,1,1
4405,50,unweighted_fl,10,0.0995222929936305,0,24,None,66,1,5,False,1,1
4406,51,unweighted_fl,10,0.0995222929936305,0,24,None,66,1,5,False,1,1
4407,52,unweighted_fl,10,0.0995222929936305,0,24,None,66,1,5,False,1,1
4408,53,unweighted_fl,10,0.0995222929936305,0,24,None,66,1,5,False,1,1
4409,54,unweighted_fl,10,0.0995222929936305,0,24,None,66,1,5,False,1,1
4410,50,unweighted_fl,10,0.0995222929936305,0,22,None,66,1,5,False,1,1
4411,51,unweighted_fl,10,0.0995222929936305,0,22,None,66,1,5,False,1,1
4412,52,unweighted_fl,10,0.0995222929936305,0,22,None,66,1,5,False,1,1
4413,53,unweighted_fl,10,0.0995222929936305,0,22,None,66,1,5,False,1,1
4414,54,unweighted_fl,10,0.0995222929936305,0,22,None,66,1,5,False,1,1
4415,50,unweighted_fl,10,0.0995222929936305,0,25,None,66,1,5,False,1,1
4416,51,unweighted_fl,10,0.0995222929936305,0,25,None,66,1,5,False,1,1
4417,52,unweighted_fl,10,0.0995222929936305,0,25,None,66,1,5,False,1,1
4418,53,unweighted_fl,10,0.0995222929936305,0,25,None,66,1,5,False,1,1
4419,54,unweighted_fl,10,0.0995222929936305,0,25,None,66,1,5,False,1,1
4420,50,unweighted_fl,10,0.0995222929936305,0,26,None,66,1,5,False,1,1
4421,51,unweighted_fl,10,0.0995222929936305,0,26,None,66,1,5,False,1,1
4422,52,unweighted_fl,10,0.0995222929936305,0,26,None,66,1,5,False,1,1
4423,53,unweighted_fl,10,0.0995222929936305,0,26,None,66,1,5,False,1,1
4424,54,unweighted_fl,10,0.0995222929936305,0,26,None,66,1,5,False,1,1
4425,50,unweighted_fl,10,0.0995222929936305,0,27,None,66,1,5,False,1,1
4426,51,unweighted_fl,10,0.0995222929936305,0,27,None,66,1,5,False,1,1
4427,52,unweighted_fl,10,0.0995222929936305,0,27,None,66,1,5,False,1,1
4428,53,unweighted_fl,10,0.0995222929936305,0,27,None,66,1,5,False,1,1
4429,54,unweighted_fl,10,0.0995222929936305,0,27,None,66,1,5,False,1,1
4430,50,unweighted_fl,10,0.0995222929936305,0,29,None,66,1,5,False,1,1
4431,51,unweighted_fl,10,0.0995222929936305,0,29,None,66,1,5,False,1,1
4432,52,unweighted_fl,10,0.0995222929936305,0,29,None,66,1,5,False,1,1
4433,53,unweighted_fl,10,0.0995222929936305,0,29,None,66,1,5,False,1,1
4434,54,unweighted_fl,10,0.0995222929936305,0,29,None,66,1,5,False,1,1
4435,50,unweighted_fl,10,0.0995222929936305,0,28,None,66,1,5,False,1,1
4436,51,unweighted_fl,10,0.0995222929936305,0,28,None,66,1,5,False,1,1
4437,52,unweighted_fl,10,0.0995222929936305,0,28,None,66,1,5,False,1,1
4438,53,unweighted_fl,10,0.0995222929936305,0,28,None,66,1,5,False,1,1
4439,54,unweighted_fl,10,0.0995222929936305,0,28,None,66,1,5,False,1,1
4440,50,unweighted_fl,10,0.0995222929936305,0,30,None,66,1,5,False,1,1
4441,51,unweighted_fl,10,0.0995222929936305,0,30,None,66,1,5,False,1,1
4442,52,unweighted_fl,10,0.0995222929936305,0,30,None,66,1,5,False,1,1
4443,53,unweighted_fl,10,0.0995222929936305,0,30,None,66,1,5,False,1,1
4444,54,unweighted_fl,10,0.0995222929936305,0,30,None,66,1,5,False,1,1
4445,50,unweighted_fl,10,0.0995222929936305,0,32,None,66,1,5,False,1,1
4446,51,unweighted_fl,10,0.0995222929936305,0,32,None,66,1,5,False,1,1
4447,52,unweighted_fl,10,0.0995222929936305,0,32,None,66,1,5,False,1,1
4448,53,unweighted_fl,10,0.0995222929936305,0,32,None,66,1,5,False,1,1
4449,54,unweighted_fl,10,0.0995222929936305,0,32,None,66,1,5,False,1,1
4450,50,unweighted_fl,10,0.0995222929936305,0,31,None,66,1,5,False,1,1
4451,51,unweighted_fl,10,0.0995222929936305,0,31,None,66,1,5,False,1,1
4452,52,unweighted_fl,10,0.0995222929936305,0,31,None,66,1,5,False,1,1
4453,53,unweighted_fl,10,0.0995222929936305,0,31,None,66,1,5,False,1,1
4454,54,unweighted_fl,10,0.0995222929936305,0,31,None,66,1,5,False,1,1
4950,55,unweighted_fl,10,0.0995222929936305,0,0,None,66,1,5,False,1,1
4951,56,unweighted_fl,10,0.0995222929936305,0,0,None,66,1,5,False,1,1
4952,57,unweighted_fl,10,0.0995222929936305,0,0,None,66,1,5,False,1,1
4953,58,unweighted_fl,10,0.0995222929936305,0,0,None,66,1,5,False,1,1
4954,59,unweighted_fl,10,0.0995222929936305,0,0,None,66,1,5,False,1,1
4955,55,unweighted_fl,10,0.0995222929936305,0,2,None,66,1,5,False,1,1
4956,56,unweighted_fl,10,0.0995222929936305,0,2,None,66,1,5,False,1,1
4957,57,unweighted_fl,10,0.1165406050955414,0,2,None,66,1,5,False,1,1
4958,58,unweighted_fl,10,0.0995222929936305,0,2,None,66,1,5,False,1,1
4959,59,unweighted_fl,10,0.0995222929936305,0,2,None,66,1,5,False,1,1
4960,55,unweighted_fl,10,0.0995222929936305,0,1,None,66,1,5,False,1,1
4961,56,unweighted_fl,10,0.0995222929936305,0,1,None,66,1,5,False,1,1
4962,57,unweighted_fl,10,0.0995222929936305,0,1,None,66,1,5,False,1,1
4963,58,unweighted_fl,10,0.1061902866242038,0,1,None,66,1,5,False,1,1
4964,59,unweighted_fl,10,0.0995222929936305,0,1,None,66,1,5,False,1,1
4965,55,unweighted_fl,10,0.0995222929936305,0,3,None,66,1,5,False,1,1
4966,56,unweighted_fl,10,0.0995222929936305,0,3,None,66,1,5,False,1,1
4967,57,unweighted_fl,10,0.0995222929936305,0,3,None,66,1,5,False,1,1
4968,58,unweighted_fl,10,0.0995222929936305,0,3,None,66,1,5,False,1,1
4969,59,unweighted_fl,10,0.0995222929936305,0,3,None,66,1,5,False,1,1
4970,55,unweighted_fl,10,0.0995222929936305,0,5,None,66,1,5,False,1,1
4971,56,unweighted_fl,10,0.0995222929936305,0,5,None,66,1,5,False,1,1
4972,57,unweighted_fl,10,0.0995222929936305,0,5,None,66,1,5,False,1,1
4973,58,unweighted_fl,10,0.0995222929936305,0,5,None,66,1,5,False,1,1
4974,59,unweighted_fl,10,0.0995222929936305,0,5,None,66,1,5,False,1,1
4975,55,unweighted_fl,10,0.0995222929936305,0,4,None,66,1,5,False,1,1
4976,56,unweighted_fl,10,0.0995222929936305,0,4,None,66,1,5,False,1,1
4977,57,unweighted_fl,10,0.0995222929936305,0,4,None,66,1,5,False,1,1
4978,58,unweighted_fl,10,0.0995222929936305,0,4,None,66,1,5,False,1,1
4979,59,unweighted_fl,10,0.0995222929936305,0,4,None,66,1,5,False,1,1
4980,55,unweighted_fl,10,0.1047969745222929,0,6,None,66,1,5,False,1,1
4981,56,unweighted_fl,10,0.0995222929936305,0,6,None,66,1,5,False,1,1
4982,57,unweighted_fl,10,0.0995222929936305,0,6,None,66,1,5,False,1,1
4983,58,unweighted_fl,10,0.1111664012738853,0,6,None,66,1,5,False,1,1
4984,59,unweighted_fl,10,0.0995222929936305,0,6,None,66,1,5,False,1,1
4985,55,unweighted_fl,10,0.0995222929936305,0,8,None,66,1,5,False,1,1
4986,56,unweighted_fl,10,0.0995222929936305,0,8,None,66,1,5,False,1,1
4987,57,unweighted_fl,10,0.0995222929936305,0,8,None,66,1,5,False,1,1
4988,58,unweighted_fl,10,0.0995222929936305,0,8,None,66,1,5,False,1,1
4989,59,unweighted_fl,10,0.0995222929936305,0,8,None,66,1,5,False,1,1
4990,55,unweighted_fl,10,0.0995222929936305,0,7,None,66,1,5,False,1,1
4991,56,unweighted_fl,10,0.158937101910828,0,7,None,66,1,5,False,1,1
4992,57,unweighted_fl,10,0.0995222929936305,0,7,None,66,1,5,False,1,1
4993,58,unweighted_fl,10,0.0995222929936305,0,7,None,66,1,5,False,1,1
4994,59,unweighted_fl,10,0.0995222929936305,0,7,None,66,1,5,False,1,1
4995,55,unweighted_fl,10,0.0995222929936305,0,9,None,66,1,5,False,1,1
4996,56,unweighted_fl,10,0.0995222929936305,0,9,None,66,1,5,False,1,1
4997,57,unweighted_fl,10,0.0995222929936305,0,9,None,66,1,5,False,1,1
4998,58,unweighted_fl,10,0.0995222929936305,0,9,None,66,1,5,False,1,1
4999,59,unweighted_fl,10,0.0995222929936305,0,9,None,66,1,5,False,1,1
5000,55,unweighted_fl,10,0.0995222929936305,0,11,None,66,1,5,False,1,1
5001,56,unweighted_fl,10,0.0995222929936305,0,11,None,66,1,5,False,1,1
5002,57,unweighted_fl,10,0.0995222929936305,0,11,None,66,1,5,False,1,1
5003,58,unweighted_fl,10,0.0995222929936305,0,11,None,66,1,5,False,1,1
5004,59,unweighted_fl,10,0.0995222929936305,0,11,None,66,1,5,False,1,1
5005,55,unweighted_fl,10,0.0995222929936305,0,10,None,66,1,5,False,1,1
5006,56,unweighted_fl,10,0.0995222929936305,0,10,None,66,1,5,False,1,1
5007,57,unweighted_fl,10,0.0997213375796178,0,10,None,66,1,5,False,1,1
5008,58,unweighted_fl,10,0.1359474522292993,0,10,None,66,1,5,False,1,1
5009,59,unweighted_fl,10,0.1683917197452229,0,10,None,66,1,5,False,1,1
5010,55,unweighted_fl,10,0.0995222929936305,0,12,None,66,1,5,False,1,1
5011,56,unweighted_fl,10,0.0995222929936305,0,12,None,66,1,5,False,1,1
5012,57,unweighted_fl,10,0.0995222929936305,0,12,None,66,1,5,False,1,1
5013,58,unweighted_fl,10,0.0987261146496815,0,12,None,66,1,5,False,1,1
5014,59,unweighted_fl,10,0.0995222929936305,0,12,None,66,1,5,False,1,1
5015,55,unweighted_fl,10,0.0995222929936305,0,14,None,66,1,5,False,1,1
5016,56,unweighted_fl,10,0.0995222929936305,0,14,None,66,1,5,False,1,1
5017,57,unweighted_fl,10,0.0995222929936305,0,14,None,66,1,5,False,1,1
5018,58,unweighted_fl,10,0.0995222929936305,0,14,None,66,1,5,False,1,1
5019,59,unweighted_fl,10,0.0995222929936305,0,14,None,66,1,5,False,1,1
5020,55,unweighted_fl,10,0.0995222929936305,0,13,None,66,1,5,False,1,1
5021,56,unweighted_fl,10,0.0995222929936305,0,13,None,66,1,5,False,1,1
5022,57,unweighted_fl,10,0.0995222929936305,0,13,None,66,1,5,False,1,1
5023,58,unweighted_fl,10,0.1058917197452229,0,13,None,66,1,5,False,1,1
5024,59,unweighted_fl,10,0.0995222929936305,0,13,None,66,1,5,False,1,1
5025,55,unweighted_fl,10,0.0995222929936305,0,15,None,66,1,5,False,1,1
5026,56,unweighted_fl,10,0.0995222929936305,0,15,None,66,1,5,False,1,1
5027,57,unweighted_fl,10,0.0995222929936305,0,15,None,66,1,5,False,1,1
5028,58,unweighted_fl,10,0.0995222929936305,0,15,None,66,1,5,False,1,1
5029,59,unweighted_fl,10,0.0995222929936305,0,15,None,66,1,5,False,1,1
5030,55,unweighted_fl,10,0.0995222929936305,0,16,None,66,1,5,False,1,1
5031,56,unweighted_fl,10,0.0995222929936305,0,16,None,66,1,5,False,1,1
5032,57,unweighted_fl,10,0.0995222929936305,0,16,None,66,1,5,False,1,1
5033,58,unweighted_fl,10,0.0995222929936305,0,16,None,66,1,5,False,1,1
5034,59,unweighted_fl,10,0.0995222929936305,0,16,None,66,1,5,False,1,1
5035,55,unweighted_fl,10,0.0995222929936305,0,17,None,66,1,5,False,1,1
5036,56,unweighted_fl,10,0.0995222929936305,0,17,None,66,1,5,False,1,1
5037,57,unweighted_fl,10,0.0995222929936305,0,17,None,66,1,5,False,1,1
5038,58,unweighted_fl,10,0.0995222929936305,0,17,None,66,1,5,False,1,1
5039,59,unweighted_fl,10,0.0995222929936305,0,17,None,66,1,5,False,1,1
5040,55,unweighted_fl,10,0.0995222929936305,0,18,None,66,1,5,False,1,1
5041,56,unweighted_fl,10,0.157046178343949,0,18,None,66,1,5,False,1,1
5042,57,unweighted_fl,10,0.0995222929936305,0,18,None,66,1,5,False,1,1
5043,58,unweighted_fl,10,0.0995222929936305,0,18,None,66,1,5,False,1,1
5044,59,unweighted_fl,10,0.0995222929936305,0,18,None,66,1,5,False,1,1
5045,55,unweighted_fl,10,0.1438097133757961,0,19,None,66,1,5,False,1,1
5046,56,unweighted_fl,10,0.0995222929936305,0,19,None,66,1,5,False,1,1
5047,57,unweighted_fl,10,0.0995222929936305,0,19,None,66,1,5,False,1,1
5048,58,unweighted_fl,10,0.0995222929936305,0,19,None,66,1,5,False,1,1
5049,59,unweighted_fl,10,0.0995222929936305,0,19,None,66,1,5,False,1,1
5050,55,unweighted_fl,10,0.0995222929936305,0,21,None,66,1,5,False,1,1
5051,56,unweighted_fl,10,0.0995222929936305,0,21,None,66,1,5,False,1,1
5052,57,unweighted_fl,10,0.0995222929936305,0,21,None,66,1,5,False,1,1
5053,58,unweighted_fl,10,0.0995222929936305,0,21,None,66,1,5,False,1,1
5054,59,unweighted_fl,10,0.0995222929936305,0,21,None,66,1,5,False,1,1
5055,55,unweighted_fl,10,0.0995222929936305,0,20,None,66,1,5,False,1,1
5056,56,unweighted_fl,10,0.0995222929936305,0,20,None,66,1,5,False,1,1
5057,57,unweighted_fl,10,0.0995222929936305,0,20,None,66,1,5,False,1,1
5058,58,unweighted_fl,10,0.0995222929936305,0,20,None,66,1,5,False,1,1
5059,59,unweighted_fl,10,0.0995222929936305,0,20,None,66,1,5,False,1,1
5060,55,unweighted_fl,10,0.0995222929936305,0,22,None,66,1,5,False,1,1
5061,56,unweighted_fl,10,0.0995222929936305,0,22,None,66,1,5,False,1,1
5062,57,unweighted_fl,10,0.0995222929936305,0,22,None,66,1,5,False,1,1
5063,58,unweighted_fl,10,0.0995222929936305,0,22,None,66,1,5,False,1,1
5064,59,unweighted_fl,10,0.0995222929936305,0,22,None,66,1,5,False,1,1
5065,55,unweighted_fl,10,0.0995222929936305,0,24,None,66,1,5,False,1,1
5066,56,unweighted_fl,10,0.0995222929936305,0,24,None,66,1,5,False,1,1
5067,57,unweighted_fl,10,0.0995222929936305,0,24,None,66,1,5,False,1,1
5068,58,unweighted_fl,10,0.0995222929936305,0,24,None,66,1,5,False,1,1
5069,59,unweighted_fl,10,0.0995222929936305,0,24,None,66,1,5,False,1,1
5070,55,unweighted_fl,10,0.0995222929936305,0,23,None,66,1,5,False,1,1
5071,56,unweighted_fl,10,0.0995222929936305,0,23,None,66,1,5,False,1,1
5072,57,unweighted_fl,10,0.0995222929936305,0,23,None,66,1,5,False,1,1
5073,58,unweighted_fl,10,0.0995222929936305,0,23,None,66,1,5,False,1,1
5074,59,unweighted_fl,10,0.0995222929936305,0,23,None,66,1,5,False,1,1
5075,55,unweighted_fl,10,0.0995222929936305,0,25,None,66,1,5,False,1,1
5076,56,unweighted_fl,10,0.0995222929936305,0,25,None,66,1,5,False,1,1
5077,57,unweighted_fl,10,0.0995222929936305,0,25,None,66,1,5,False,1,1
5078,58,unweighted_fl,10,0.0995222929936305,0,25,None,66,1,5,False,1,1
5079,59,unweighted_fl,10,0.0995222929936305,0,25,None,66,1,5,False,1,1
5080,55,unweighted_fl,10,0.0995222929936305,0,27,None,66,1,5,False,1,1
5081,56,unweighted_fl,10,0.0995222929936305,0,27,None,66,1,5,False,1,1
5082,57,unweighted_fl,10,0.0995222929936305,0,27,None,66,1,5,False,1,1
5083,58,unweighted_fl,10,0.0995222929936305,0,27,None,66,1,5,False,1,1
5084,59,unweighted_fl,10,0.0995222929936305,0,27,None,66,1,5,False,1,1
5085,55,unweighted_fl,10,0.0995222929936305,0,26,None,66,1,5,False,1,1
5086,56,unweighted_fl,10,0.0995222929936305,0,26,None,66,1,5,False,1,1
5087,57,unweighted_fl,10,0.0995222929936305,0,26,None,66,1,5,False,1,1
5088,58,unweighted_fl,10,0.0995222929936305,0,26,None,66,1,5,False,1,1
5089,59,unweighted_fl,10,0.0995222929936305,0,26,None,66,1,5,False,1,1
5090,55,unweighted_fl,10,0.0995222929936305,0,28,None,66,1,5,False,1,1
5091,56,unweighted_fl,10,0.0995222929936305,0,28,None,66,1,5,False,1,1
5092,57,unweighted_fl,10,0.0995222929936305,0,28,None,66,1,5,False,1,1
5093,58,unweighted_fl,10,0.0995222929936305,0,28,None,66,1,5,False,1,1
5094,59,unweighted_fl,10,0.0995222929936305,0,28,None,66,1,5,False,1,1
5095,55,unweighted_fl,10,0.0995222929936305,0,30,None,66,1,5,False,1,1
5096,56,unweighted_fl,10,0.0995222929936305,0,30,None,66,1,5,False,1,1
5097,57,unweighted_fl,10,0.0995222929936305,0,30,None,66,1,5,False,1,1
5098,58,unweighted_fl,10,0.0995222929936305,0,30,None,66,1,5,False,1,1
5099,59,unweighted_fl,10,0.0995222929936305,0,30,None,66,1,5,False,1,1
5100,55,unweighted_fl,10,0.0995222929936305,0,29,None,66,1,5,False,1,1
5101,56,unweighted_fl,10,0.0995222929936305,0,29,None,66,1,5,False,1,1
5102,57,unweighted_fl,10,0.0995222929936305,0,29,None,66,1,5,False,1,1
5103,58,unweighted_fl,10,0.0995222929936305,0,29,None,66,1,5,False,1,1
5104,59,unweighted_fl,10,0.0995222929936305,0,29,None,66,1,5,False,1,1
5105,55,unweighted_fl,10,0.0995222929936305,0,31,None,66,1,5,False,1,1
5106,56,unweighted_fl,10,0.0995222929936305,0,31,None,66,1,5,False,1,1
5107,57,unweighted_fl,10,0.0995222929936305,0,31,None,66,1,5,False,1,1
5108,58,unweighted_fl,10,0.0995222929936305,0,31,None,66,1,5,False,1,1
5109,59,unweighted_fl,10,0.0995222929936305,0,31,None,66,1,5,False,1,1
5110,55,unweighted_fl,10,0.0995222929936305,0,32,None,66,1,5,False,1,1
5111,56,unweighted_fl,10,0.0995222929936305,0,32,None,66,1,5,False,1,1
5112,57,unweighted_fl,10,0.0995222929936305,0,32,None,66,1,5,False,1,1
5113,58,unweighted_fl,10,0.0995222929936305,0,32,None,66,1,5,False,1,1
5114,59,unweighted_fl,10,0.0995222929936305,0,32,None,66,1,5,False,1,1
5115,60,unweighted_fl,10,0.0995222929936305,0,0,None,66,1,5,False,1,1
5116,61,unweighted_fl,10,0.0995222929936305,0,0,None,66,1,5,False,1,1
5117,62,unweighted_fl,10,0.0995222929936305,0,0,None,66,1,5,False,1,1
5118,63,unweighted_fl,10,0.0995222929936305,0,0,None,66,1,5,False,1,1
5119,64,unweighted_fl,10,0.0995222929936305,0,0,None,66,1,5,False,1,1
5120,60,unweighted_fl,10,0.0995222929936305,0,2,None,66,1,5,False,1,1
5121,61,unweighted_fl,10,0.0995222929936305,0,2,None,66,1,5,False,1,1
5122,62,unweighted_fl,10,0.1582404458598726,0,2,None,66,1,5,False,1,1
5123,63,unweighted_fl,10,0.1048964968152866,0,2,None,66,1,5,False,1,1
5124,64,unweighted_fl,10,0.0995222929936305,0,2,None,66,1,5,False,1,1
5125,60,unweighted_fl,10,0.0995222929936305,0,1,None,66,1,5,False,1,1
5126,61,unweighted_fl,10,0.0995222929936305,0,1,None,66,1,5,False,1,1
5127,62,unweighted_fl,10,0.0995222929936305,0,1,None,66,1,5,False,1,1
5128,63,unweighted_fl,10,0.1768511146496815,0,1,None,66,1,5,False,1,1
5129,64,unweighted_fl,10,0.1039012738853503,0,1,None,66,1,5,False,1,1
5130,60,unweighted_fl,10,0.0998208598726114,0,3,None,66,1,5,False,1,1
5131,61,unweighted_fl,10,0.0995222929936305,0,3,None,66,1,5,False,1,1
5132,62,unweighted_fl,10,0.0995222929936305,0,3,None,66,1,5,False,1,1
5133,63,unweighted_fl,10,0.0995222929936305,0,3,None,66,1,5,False,1,1
5134,64,unweighted_fl,10,0.0995222929936305,0,3,None,66,1,5,False,1,1
5135,60,unweighted_fl,10,0.0995222929936305,0,5,None,66,1,5,False,1,1
5136,61,unweighted_fl,10,0.0995222929936305,0,5,None,66,1,5,False,1,1
5137,62,unweighted_fl,10,0.0995222929936305,0,5,None,66,1,5,False,1,1
5138,63,unweighted_fl,10,0.0995222929936305,0,5,None,66,1,5,False,1,1
5139,64,unweighted_fl,10,0.0995222929936305,0,5,None,66,1,5,False,1,1
5140,60,unweighted_fl,10,0.0995222929936305,0,4,None,66,1,5,False,1,1
5141,61,unweighted_fl,10,0.0995222929936305,0,4,None,66,1,5,False,1,1
5142,62,unweighted_fl,10,0.0995222929936305,0,4,None,66,1,5,False,1,1
5143,63,unweighted_fl,10,0.0995222929936305,0,4,None,66,1,5,False,1,1
5144,64,unweighted_fl,10,0.0995222929936305,0,4,None,66,1,5,False,1,1
5145,60,unweighted_fl,10,0.0995222929936305,0,6,None,66,1,5,False,1,1
5146,61,unweighted_fl,10,0.0995222929936305,0,6,None,66,1,5,False,1,1
5147,62,unweighted_fl,10,0.0995222929936305,0,6,None,66,1,5,False,1,1
5148,63,unweighted_fl,10,0.0952428343949044,0,6,None,66,1,5,False,1,1
5149,64,unweighted_fl,10,0.0995222929936305,0,6,None,66,1,5,False,1,1
5150,60,unweighted_fl,10,0.0995222929936305,0,8,None,66,1,5,False,1,1
5151,61,unweighted_fl,10,0.0995222929936305,0,8,None,66,1,5,False,1,1
5152,62,unweighted_fl,10,0.0995222929936305,0,8,None,66,1,5,False,1,1
5153,63,unweighted_fl,10,0.0995222929936305,0,8,None,66,1,5,False,1,1
5154,64,unweighted_fl,10,0.0995222929936305,0,8,None,66,1,5,False,1,1
5155,60,unweighted_fl,10,0.0995222929936305,0,7,None,66,1,5,False,1,1
5156,61,unweighted_fl,10,0.1484872611464968,0,7,None,66,1,5,False,1,1
5157,62,unweighted_fl,10,0.0995222929936305,0,7,None,66,1,5,False,1,1
5158,63,unweighted_fl,10,0.0995222929936305,0,7,None,66,1,5,False,1,1
5159,64,unweighted_fl,10,0.0995222929936305,0,7,None,66,1,5,False,1,1
5160,60,unweighted_fl,10,0.0995222929936305,0,9,None,66,1,5,False,1,1
5161,61,unweighted_fl,10,0.0995222929936305,0,9,None,66,1,5,False,1,1
5162,62,unweighted_fl,10,0.0995222929936305,0,9,None,66,1,5,False,1,1
5163,63,unweighted_fl,10,0.0995222929936305,0,9,None,66,1,5,False,1,1
5164,64,unweighted_fl,10,0.0995222929936305,0,9,None,66,1,5,False,1,1
5165,60,unweighted_fl,10,0.0995222929936305,0,11,None,66,1,5,False,1,1
5166,61,unweighted_fl,10,0.0995222929936305,0,11,None,66,1,5,False,1,1
5167,62,unweighted_fl,10,0.0995222929936305,0,11,None,66,1,5,False,1,1
5168,63,unweighted_fl,10,0.0995222929936305,0,11,None,66,1,5,False,1,1
5169,64,unweighted_fl,10,0.0995222929936305,0,11,None,66,1,5,False,1,1
5170,60,unweighted_fl,10,0.0995222929936305,0,12,None,66,1,5,False,1,1
5171,61,unweighted_fl,10,0.0995222929936305,0,12,None,66,1,5,False,1,1
5172,62,unweighted_fl,10,0.0995222929936305,0,12,None,66,1,5,False,1,1
5173,63,unweighted_fl,10,0.0995222929936305,0,12,None,66,1,5,False,1,1
5174,64,unweighted_fl,10,0.0995222929936305,0,12,None,66,1,5,False,1,1
5175,60,unweighted_fl,10,0.0995222929936305,0,10,None,66,1,5,False,1,1
5176,61,unweighted_fl,10,0.0995222929936305,0,10,None,66,1,5,False,1,1
5177,62,unweighted_fl,10,0.1695859872611465,0,10,None,66,1,5,False,1,1
5178,63,unweighted_fl,10,0.1344546178343949,0,10,None,66,1,5,False,1,1
5179,64,unweighted_fl,10,0.1050955414012738,0,10,None,66,1,5,False,1,1
5180,60,unweighted_fl,10,0.0995222929936305,0,13,None,66,1,5,False,1,1
5181,61,unweighted_fl,10,0.0995222929936305,0,13,None,66,1,5,False,1,1
5182,62,unweighted_fl,10,0.1345541401273885,0,13,None,66,1,5,False,1,1
5183,63,unweighted_fl,10,0.0995222929936305,0,13,None,66,1,5,False,1,1
5184,64,unweighted_fl,10,0.0995222929936305,0,13,None,66,1,5,False,1,1
5185,60,unweighted_fl,10,0.0995222929936305,0,14,None,66,1,5,False,1,1
5186,61,unweighted_fl,10,0.1373407643312102,0,14,None,66,1,5,False,1,1
5187,62,unweighted_fl,10,0.1716759554140127,0,14,None,66,1,5,False,1,1
5188,63,unweighted_fl,10,0.1240047770700636,0,14,None,66,1,5,False,1,1
5189,64,unweighted_fl,10,0.1376393312101911,0,14,None,66,1,5,False,1,1
5190,60,unweighted_fl,10,0.0995222929936305,0,15,None,66,1,5,False,1,1
5191,61,unweighted_fl,10,0.0995222929936305,0,15,None,66,1,5,False,1,1
5192,62,unweighted_fl,10,0.0995222929936305,0,15,None,66,1,5,False,1,1
5193,63,unweighted_fl,10,0.0995222929936305,0,15,None,66,1,5,False,1,1
5194,64,unweighted_fl,10,0.0995222929936305,0,15,None,66,1,5,False,1,1
5195,60,unweighted_fl,10,0.0995222929936305,0,17,None,66,1,5,False,1,1
5196,61,unweighted_fl,10,0.0995222929936305,0,17,None,66,1,5,False,1,1
5197,62,unweighted_fl,10,0.0995222929936305,0,17,None,66,1,5,False,1,1
5198,63,unweighted_fl,10,0.0995222929936305,0,17,None,66,1,5,False,1,1
5199,64,unweighted_fl,10,0.0995222929936305,0,17,None,66,1,5,False,1,1
5200,60,unweighted_fl,10,0.0995222929936305,0,18,None,66,1,5,False,1,1
5201,61,unweighted_fl,10,0.1767515923566879,0,18,None,66,1,5,False,1,1
5202,62,unweighted_fl,10,0.0995222929936305,0,18,None,66,1,5,False,1,1
5203,63,unweighted_fl,10,0.0995222929936305,0,18,None,66,1,5,False,1,1
5204,64,unweighted_fl,10,0.0995222929936305,0,18,None,66,1,5,False,1,1
5205,60,unweighted_fl,10,0.0995222929936305,0,16,None,66,1,5,False,1,1
5206,61,unweighted_fl,10,0.0995222929936305,0,16,None,66,1,5,False,1,1
5207,62,unweighted_fl,10,0.0995222929936305,0,16,None,66,1,5,False,1,1
5208,63,unweighted_fl,10,0.0995222929936305,0,16,None,66,1,5,False,1,1
5209,64,unweighted_fl,10,0.0995222929936305,0,16,None,66,1,5,False,1,1
5210,60,unweighted_fl,10,0.1122611464968152,0,19,None,66,1,5,False,1,1
5211,61,unweighted_fl,10,0.0995222929936305,0,19,None,66,1,5,False,1,1
5212,62,unweighted_fl,10,0.0995222929936305,0,19,None,66,1,5,False,1,1
5213,63,unweighted_fl,10,0.0995222929936305,0,19,None,66,1,5,False,1,1
5214,64,unweighted_fl,10,0.0995222929936305,0,19,None,66,1,5,False,1,1
5215,60,unweighted_fl,10,0.0995222929936305,0,21,None,66,1,5,False,1,1
5216,61,unweighted_fl,10,0.0995222929936305,0,21,None,66,1,5,False,1,1
5217,62,unweighted_fl,10,0.0995222929936305,0,21,None,66,1,5,False,1,1
5218,63,unweighted_fl,10,0.0995222929936305,0,21,None,66,1,5,False,1,1
5219,64,unweighted_fl,10,0.0995222929936305,0,21,None,66,1,5,False,1,1
5220,60,unweighted_fl,10,0.0995222929936305,0,22,None,66,1,5,False,1,1
5221,61,unweighted_fl,10,0.0995222929936305,0,22,None,66,1,5,False,1,1
5222,62,unweighted_fl,10,0.0995222929936305,0,22,None,66,1,5,False,1,1
5223,63,unweighted_fl,10,0.0995222929936305,0,22,None,66,1,5,False,1,1
5224,64,unweighted_fl,10,0.0995222929936305,0,22,None,66,1,5,False,1,1
5225,60,unweighted_fl,10,0.0995222929936305,0,20,None,66,1,5,False,1,1
5226,61,unweighted_fl,10,0.0995222929936305,0,20,None,66,1,5,False,1,1
5227,62,unweighted_fl,10,0.0995222929936305,0,20,None,66,1,5,False,1,1
5228,63,unweighted_fl,10,0.0995222929936305,0,20,None,66,1,5,False,1,1
5229,64,unweighted_fl,10,0.0995222929936305,0,20,None,66,1,5,False,1,1
5230,60,unweighted_fl,10,0.0995222929936305,0,23,None,66,1,5,False,1,1
5231,61,unweighted_fl,10,0.0995222929936305,0,23,None,66,1,5,False,1,1
5232,62,unweighted_fl,10,0.0995222929936305,0,23,None,66,1,5,False,1,1
5233,63,unweighted_fl,10,0.0995222929936305,0,23,None,66,1,5,False,1,1
5234,64,unweighted_fl,10,0.0995222929936305,0,23,None,66,1,5,False,1,1
5235,60,unweighted_fl,10,0.0995222929936305,0,24,None,66,1,5,False,1,1
5236,61,unweighted_fl,10,0.0995222929936305,0,24,None,66,1,5,False,1,1
5237,62,unweighted_fl,10,0.0995222929936305,0,24,None,66,1,5,False,1,1
5238,63,unweighted_fl,10,0.0995222929936305,0,24,None,66,1,5,False,1,1
5239,64,unweighted_fl,10,0.0995222929936305,0,24,None,66,1,5,False,1,1
5240,60,unweighted_fl,10,0.0995222929936305,0,25,None,66,1,5,False,1,1
5241,61,unweighted_fl,10,0.0995222929936305,0,25,None,66,1,5,False,1,1
5242,62,unweighted_fl,10,0.0995222929936305,0,25,None,66,1,5,False,1,1
5243,63,unweighted_fl,10,0.0995222929936305,0,25,None,66,1,5,False,1,1
5244,64,unweighted_fl,10,0.0995222929936305,0,25,None,66,1,5,False,1,1
5245,60,unweighted_fl,10,0.0995222929936305,0,27,None,66,1,5,False,1,1
5246,61,unweighted_fl,10,0.0995222929936305,0,27,None,66,1,5,False,1,1
5247,62,unweighted_fl,10,0.1689888535031847,0,27,None,66,1,5,False,1,1
5248,63,unweighted_fl,10,0.0995222929936305,0,27,None,66,1,5,False,1,1
5249,64,unweighted_fl,10,0.0995222929936305,0,27,None,66,1,5,False,1,1
5250,60,unweighted_fl,10,0.0995222929936305,0,28,None,66,1,5,False,1,1
5251,61,unweighted_fl,10,0.0995222929936305,0,28,None,66,1,5,False,1,1
5252,62,unweighted_fl,10,0.0995222929936305,0,28,None,66,1,5,False,1,1
5253,63,unweighted_fl,10,0.0995222929936305,0,28,None,66,1,5,False,1,1
5254,64,unweighted_fl,10,0.0995222929936305,0,28,None,66,1,5,False,1,1
5255,60,unweighted_fl,10,0.0995222929936305,0,26,None,66,1,5,False,1,1
5256,61,unweighted_fl,10,0.0995222929936305,0,26,None,66,1,5,False,1,1
5257,62,unweighted_fl,10,0.0995222929936305,0,26,None,66,1,5,False,1,1
5258,63,unweighted_fl,10,0.0995222929936305,0,26,None,66,1,5,False,1,1
5259,64,unweighted_fl,10,0.0995222929936305,0,26,None,66,1,5,False,1,1
5260,60,unweighted_fl,10,0.1252985668789809,0,29,None,66,1,5,False,1,1
5261,61,unweighted_fl,10,0.0995222929936305,0,29,None,66,1,5,False,1,1
5262,62,unweighted_fl,10,0.0995222929936305,0,29,None,66,1,5,False,1,1
5263,63,unweighted_fl,10,0.0995222929936305,0,29,None,66,1,5,False,1,1
5264,64,unweighted_fl,10,0.0995222929936305,0,29,None,66,1,5,False,1,1
5265,60,unweighted_fl,10,0.0995222929936305,0,30,None,66,1,5,False,1,1
5266,61,unweighted_fl,10,0.0995222929936305,0,30,None,66,1,5,False,1,1
5267,62,unweighted_fl,10,0.0995222929936305,0,30,None,66,1,5,False,1,1
5268,63,unweighted_fl,10,0.0995222929936305,0,30,None,66,1,5,False,1,1
5269,64,unweighted_fl,10,0.0995222929936305,0,30,None,66,1,5,False,1,1
5270,60,unweighted_fl,10,0.0995222929936305,0,31,None,66,1,5,False,1,1
5271,61,unweighted_fl,10,0.0995222929936305,0,31,None,66,1,5,False,1,1
5272,62,unweighted_fl,10,0.0995222929936305,0,31,None,66,1,5,False,1,1
5273,63,unweighted_fl,10,0.0995222929936305,0,31,None,66,1,5,False,1,1
5274,64,unweighted_fl,10,0.0995222929936305,0,31,None,66,1,5,False,1,1
5275,60,unweighted_fl,10,0.1355493630573248,0,32,None,66,1,5,False,1,1
5276,61,unweighted_fl,10,0.0995222929936305,0,32,None,66,1,5,False,1,1
5277,62,unweighted_fl,10,0.0995222929936305,0,32,None,66,1,5,False,1,1
5278,63,unweighted_fl,10,0.0995222929936305,0,32,None,66,1,5,False,1,1
5279,64,unweighted_fl,10,0.0995222929936305,0,32,None,66,1,5,False,1,1
5280,65,unweighted_fl,10,0.1392316878980891,0,0,None,66,1,5,False,1,1
5281,66,unweighted_fl,10,0.1771496815286624,0,0,None,66,1,5,False,1,1
5282,67,unweighted_fl,10,0.0995222929936305,0,0,None,66,1,5,False,1,1
5283,68,unweighted_fl,10,0.0995222929936305,0,0,None,66,1,5,False,1,1
5284,69,unweighted_fl,10,0.0995222929936305,0,0,None,66,1,5,False,1,1
5285,65,unweighted_fl,10,0.0995222929936305,0,2,None,66,1,5,False,1,1
5286,66,unweighted_fl,10,0.0995222929936305,0,2,None,66,1,5,False,1,1
5287,67,unweighted_fl,10,0.1001194267515923,0,2,None,66,1,5,False,1,1
5288,68,unweighted_fl,10,0.1499800955414012,0,2,None,66,1,5,False,1,1
5289,69,unweighted_fl,10,0.1704816878980891,0,2,None,66,1,5,False,1,1
5290,65,unweighted_fl,10,0.0995222929936305,0,1,None,66,1,5,False,1,1
5291,66,unweighted_fl,10,0.0995222929936305,0,1,None,66,1,5,False,1,1
5292,67,unweighted_fl,10,0.0995222929936305,0,1,None,66,1,5,False,1,1
5293,68,unweighted_fl,10,0.1702826433121019,0,1,None,66,1,5,False,1,1
5294,69,unweighted_fl,10,0.1786425159235669,0,1,None,66,1,5,False,1,1
5295,65,unweighted_fl,10,0.1234076433121019,0,3,None,66,1,5,False,1,1
5296,66,unweighted_fl,10,0.1389331210191083,0,3,None,66,1,5,False,1,1
5297,67,unweighted_fl,10,0.138734076433121,0,3,None,66,1,5,False,1,1
5298,68,unweighted_fl,10,0.1261942675159235,0,3,None,66,1,5,False,1,1
5299,69,unweighted_fl,10,0.112062101910828,0,3,None,66,1,5,False,1,1
5300,65,unweighted_fl,10,0.0995222929936305,0,5,None,66,1,5,False,1,1
5301,66,unweighted_fl,10,0.0995222929936305,0,5,None,66,1,5,False,1,1
5302,67,unweighted_fl,10,0.0995222929936305,0,5,None,66,1,5,False,1,1
5303,68,unweighted_fl,10,0.0995222929936305,0,5,None,66,1,5,False,1,1
5304,69,unweighted_fl,10,0.0995222929936305,0,5,None,66,1,5,False,1,1
5305,65,unweighted_fl,10,0.0995222929936305,0,4,None,66,1,5,False,1,1
5306,66,unweighted_fl,10,0.0995222929936305,0,4,None,66,1,5,False,1,1
5307,67,unweighted_fl,10,0.0995222929936305,0,4,None,66,1,5,False,1,1
5308,68,unweighted_fl,10,0.0995222929936305,0,4,None,66,1,5,False,1,1
5309,69,unweighted_fl,10,0.0995222929936305,0,4,None,66,1,5,False,1,1
5310,65,unweighted_fl,10,0.0995222929936305,0,6,None,66,1,5,False,1,1
5311,66,unweighted_fl,10,0.0995222929936305,0,6,None,66,1,5,False,1,1
5312,67,unweighted_fl,10,0.0948447452229299,0,6,None,66,1,5,False,1,1
5313,68,unweighted_fl,10,0.0995222929936305,0,6,None,66,1,5,False,1,1
5314,69,unweighted_fl,10,0.0995222929936305,0,6,None,66,1,5,False,1,1
5315,65,unweighted_fl,10,0.0995222929936305,0,8,None,66,1,5,False,1,1
5316,66,unweighted_fl,10,0.0995222929936305,0,8,None,66,1,5,False,1,1
5317,67,unweighted_fl,10,0.0995222929936305,0,8,None,66,1,5,False,1,1
5318,68,unweighted_fl,10,0.0995222929936305,0,8,None,66,1,5,False,1,1
5319,69,unweighted_fl,10,0.1096735668789808,0,8,None,66,1,5,False,1,1
5320,65,unweighted_fl,10,0.1366441082802547,0,7,None,66,1,5,False,1,1
5321,66,unweighted_fl,10,0.0995222929936305,0,7,None,66,1,5,False,1,1
5322,67,unweighted_fl,10,0.1281847133757961,0,7,None,66,1,5,False,1,1
5323,68,unweighted_fl,10,0.1610270700636942,0,7,None,66,1,5,False,1,1
5324,69,unweighted_fl,10,0.1685907643312102,0,7,None,66,1,5,False,1,1
5325,65,unweighted_fl,10,0.0995222929936305,0,9,None,66,1,5,False,1,1
5326,66,unweighted_fl,10,0.0996218152866242,0,9,None,66,1,5,False,1,1
5327,67,unweighted_fl,10,0.0995222929936305,0,9,None,66,1,5,False,1,1
5328,68,unweighted_fl,10,0.0995222929936305,0,9,None,66,1,5,False,1,1
5329,69,unweighted_fl,10,0.0995222929936305,0,9,None,66,1,5,False,1,1
5330,65,unweighted_fl,10,0.1021098726114649,0,10,None,66,1,5,False,1,1
5331,66,unweighted_fl,10,0.1142515923566879,0,10,None,66,1,5,False,1,1
5332,67,unweighted_fl,10,0.0990246815286624,0,10,None,66,1,5,False,1,1
5333,68,unweighted_fl,10,0.099124203821656,0,10,None,66,1,5,False,1,1
5334,69,unweighted_fl,10,0.0994227707006369,0,10,None,66,1,5,False,1,1
5335,65,unweighted_fl,10,0.0995222929936305,0,11,None,66,1,5,False,1,1
5336,66,unweighted_fl,10,0.0995222929936305,0,11,None,66,1,5,False,1,1
5337,67,unweighted_fl,10,0.0995222929936305,0,11,None,66,1,5,False,1,1
5338,68,unweighted_fl,10,0.0995222929936305,0,11,None,66,1,5,False,1,1
5339,69,unweighted_fl,10,0.0995222929936305,0,11,None,66,1,5,False,1,1
5340,65,unweighted_fl,10,0.1430135350318471,0,13,None,66,1,5,False,1,1
5341,66,unweighted_fl,10,0.1097730891719745,0,13,None,66,1,5,False,1,1
5342,67,unweighted_fl,10,0.0995222929936305,0,13,None,66,1,5,False,1,1
5343,68,unweighted_fl,10,0.0995222929936305,0,13,None,66,1,5,False,1,1
5344,69,unweighted_fl,10,0.0995222929936305,0,13,None,66,1,5,False,1,1
5345,65,unweighted_fl,10,0.0995222929936305,0,12,None,66,1,5,False,1,1
5346,66,unweighted_fl,10,0.0996218152866242,0,12,None,66,1,5,False,1,1
5347,67,unweighted_fl,10,0.0986265923566879,0,12,None,66,1,5,False,1,1
5348,68,unweighted_fl,10,0.0995222929936305,0,12,None,66,1,5,False,1,1
5349,69,unweighted_fl,10,0.0995222929936305,0,12,None,66,1,5,False,1,1
5350,65,unweighted_fl,10,0.1463972929936305,0,14,None,66,1,5,False,1,1
5351,66,unweighted_fl,10,0.1017117834394904,0,14,None,66,1,5,False,1,1
5352,67,unweighted_fl,10,0.1631170382165605,0,14,None,66,1,5,False,1,1
5353,68,unweighted_fl,10,0.1559514331210191,0,14,None,66,1,5,False,1,1
5354,69,unweighted_fl,10,0.1352507961783439,0,14,None,66,1,5,False,1,1
5355,65,unweighted_fl,10,0.0995222929936305,0,16,None,66,1,5,False,1,1
5356,66,unweighted_fl,10,0.0995222929936305,0,16,None,66,1,5,False,1,1
5357,67,unweighted_fl,10,0.0995222929936305,0,16,None,66,1,5,False,1,1
5358,68,unweighted_fl,10,0.0995222929936305,0,16,None,66,1,5,False,1,1
5359,69,unweighted_fl,10,0.0995222929936305,0,16,None,66,1,5,False,1,1
5360,65,unweighted_fl,10,0.0995222929936305,0,15,None,66,1,5,False,1,1
5361,66,unweighted_fl,10,0.0977308917197452,0,15,None,66,1,5,False,1,1
5362,67,unweighted_fl,10,0.0995222929936305,0,15,None,66,1,5,False,1,1
5363,68,unweighted_fl,10,0.0995222929936305,0,15,None,66,1,5,False,1,1
5364,69,unweighted_fl,10,0.0995222929936305,0,15,None,66,1,5,False,1,1
5365,65,unweighted_fl,10,0.0995222929936305,0,17,None,66,1,5,False,1,1
5366,66,unweighted_fl,10,0.0995222929936305,0,17,None,66,1,5,False,1,1
5367,67,unweighted_fl,10,0.1030055732484076,0,17,None,66,1,5,False,1,1
5368,68,unweighted_fl,10,0.1096735668789808,0,17,None,66,1,5,False,1,1
5369,69,unweighted_fl,10,0.1011146496815286,0,17,None,66,1,5,False,1,1
5370,65,unweighted_fl,10,0.0995222929936305,0,19,None,66,1,5,False,1,1
5371,66,unweighted_fl,10,0.0995222929936305,0,19,None,66,1,5,False,1,1
5372,67,unweighted_fl,10,0.0995222929936305,0,19,None,66,1,5,False,1,1
5373,68,unweighted_fl,10,0.0995222929936305,0,19,None,66,1,5,False,1,1
5374,69,unweighted_fl,10,0.0995222929936305,0,19,None,66,1,5,False,1,1
5375,65,unweighted_fl,10,0.0995222929936305,0,18,None,66,1,5,False,1,1
5376,66,unweighted_fl,10,0.1812300955414012,0,18,None,66,1,5,False,1,1
5377,67,unweighted_fl,10,0.160828025477707,0,18,None,66,1,5,False,1,1
5378,68,unweighted_fl,10,0.1456011146496815,0,18,None,66,1,5,False,1,1
5379,69,unweighted_fl,10,0.1422173566878981,0,18,None,66,1,5,False,1,1
5380,65,unweighted_fl,10,0.0995222929936305,0,20,None,66,1,5,False,1,1
5381,66,unweighted_fl,10,0.0995222929936305,0,20,None,66,1,5,False,1,1
5382,67,unweighted_fl,10,0.0995222929936305,0,20,None,66,1,5,False,1,1
5383,68,unweighted_fl,10,0.0995222929936305,0,20,None,66,1,5,False,1,1
5384,69,unweighted_fl,10,0.0995222929936305,0,20,None,66,1,5,False,1,1
5385,65,unweighted_fl,10,0.0995222929936305,0,21,None,66,1,5,False,1,1
5386,66,unweighted_fl,10,0.0995222929936305,0,21,None,66,1,5,False,1,1
5387,67,unweighted_fl,10,0.0995222929936305,0,21,None,66,1,5,False,1,1
5388,68,unweighted_fl,10,0.0995222929936305,0,21,None,66,1,5,False,1,1
5389,69,unweighted_fl,10,0.0995222929936305,0,21,None,66,1,5,False,1,1
5390,65,unweighted_fl,10,0.0995222929936305,0,22,None,66,1,5,False,1,1
5391,66,unweighted_fl,10,0.0995222929936305,0,22,None,66,1,5,False,1,1
5392,67,unweighted_fl,10,0.0995222929936305,0,22,None,66,1,5,False,1,1
5393,68,unweighted_fl,10,0.0995222929936305,0,22,None,66,1,5,False,1,1
5394,69,unweighted_fl,10,0.0995222929936305,0,22,None,66,1,5,False,1,1
5395,65,unweighted_fl,10,0.0995222929936305,0,24,None,66,1,5,False,1,1
5396,66,unweighted_fl,10,0.1098726114649681,0,24,None,66,1,5,False,1,1
5397,67,unweighted_fl,10,0.0995222929936305,0,24,None,66,1,5,False,1,1
5398,68,unweighted_fl,10,0.1003184713375796,0,24,None,66,1,5,False,1,1
5399,69,unweighted_fl,10,0.1430135350318471,0,24,None,66,1,5,False,1,1
5400,65,unweighted_fl,10,0.0995222929936305,0,23,None,66,1,5,False,1,1
5401,66,unweighted_fl,10,0.0995222929936305,0,23,None,66,1,5,False,1,1
5402,67,unweighted_fl,10,0.0995222929936305,0,23,None,66,1,5,False,1,1
5403,68,unweighted_fl,10,0.0995222929936305,0,23,None,66,1,5,False,1,1
5404,69,unweighted_fl,10,0.0995222929936305,0,23,None,66,1,5,False,1,1
5405,65,unweighted_fl,10,0.0995222929936305,0,25,None,66,1,5,False,1,1
5406,66,unweighted_fl,10,0.0995222929936305,0,25,None,66,1,5,False,1,1
5407,67,unweighted_fl,10,0.1457006369426751,0,25,None,66,1,5,False,1,1
5408,68,unweighted_fl,10,0.1150477707006369,0,25,None,66,1,5,False,1,1
5409,69,unweighted_fl,10,0.1041003184713375,0,25,None,66,1,5,False,1,1
5410,65,unweighted_fl,10,0.0995222929936305,0,27,None,66,1,5,False,1,1
5411,66,unweighted_fl,10,0.1340565286624203,0,27,None,66,1,5,False,1,1
5412,67,unweighted_fl,10,0.1446058917197452,0,27,None,66,1,5,False,1,1
5413,68,unweighted_fl,10,0.1409235668789809,0,27,None,66,1,5,False,1,1
5414,69,unweighted_fl,10,0.1203224522292993,0,27,None,66,1,5,False,1,1
5415,65,unweighted_fl,10,0.1080812101910828,0,26,None,66,1,5,False,1,1
5416,66,unweighted_fl,10,0.0995222929936305,0,26,None,66,1,5,False,1,1
5417,67,unweighted_fl,10,0.0995222929936305,0,26,None,66,1,5,False,1,1
5418,68,unweighted_fl,10,0.0995222929936305,0,26,None,66,1,5,False,1,1
5419,69,unweighted_fl,10,0.0995222929936305,0,26,None,66,1,5,False,1,1
5420,65,unweighted_fl,10,0.0995222929936305,0,28,None,66,1,5,False,1,1
5421,66,unweighted_fl,10,0.0995222929936305,0,28,None,66,1,5,False,1,1
5422,67,unweighted_fl,10,0.0995222929936305,0,28,None,66,1,5,False,1,1
5423,68,unweighted_fl,10,0.0995222929936305,0,28,None,66,1,5,False,1,1
5424,69,unweighted_fl,10,0.0995222929936305,0,28,None,66,1,5,False,1,1
5425,65,unweighted_fl,10,0.0995222929936305,0,30,None,66,1,5,False,1,1
5426,66,unweighted_fl,10,0.0995222929936305,0,30,None,66,1,5,False,1,1
5427,67,unweighted_fl,10,0.0995222929936305,0,30,None,66,1,5,False,1,1
5428,68,unweighted_fl,10,0.0995222929936305,0,30,None,66,1,5,False,1,1
5429,69,unweighted_fl,10,0.0995222929936305,0,30,None,66,1,5,False,1,1
5430,65,unweighted_fl,10,0.0995222929936305,0,29,None,66,1,5,False,1,1
5431,66,unweighted_fl,10,0.0995222929936305,0,29,None,66,1,5,False,1,1
5432,67,unweighted_fl,10,0.0995222929936305,0,29,None,66,1,5,False,1,1
5433,68,unweighted_fl,10,0.0995222929936305,0,29,None,66,1,5,False,1,1
5434,69,unweighted_fl,10,0.0995222929936305,0,29,None,66,1,5,False,1,1
5435,65,unweighted_fl,10,0.0995222929936305,0,31,None,66,1,5,False,1,1
5436,66,unweighted_fl,10,0.0995222929936305,0,31,None,66,1,5,False,1,1
5437,67,unweighted_fl,10,0.0995222929936305,0,31,None,66,1,5,False,1,1
5438,68,unweighted_fl,10,0.0995222929936305,0,31,None,66,1,5,False,1,1
5439,69,unweighted_fl,10,0.0995222929936305,0,31,None,66,1,5,False,1,1
5440,65,unweighted_fl,10,0.0995222929936305,0,32,None,66,1,5,False,1,1
5441,66,unweighted_fl,10,0.0995222929936305,0,32,None,66,1,5,False,1,1
5442,67,unweighted_fl,10,0.0995222929936305,0,32,None,66,1,5,False,1,1
5443,68,unweighted_fl,10,0.0995222929936305,0,32,None,66,1,5,False,1,1
5444,69,unweighted_fl,10,0.0995222929936305,0,32,None,66,1,5,False,1,1
5445,70,unweighted_fl,10,0.0994227707006369,0,0,None,66,1,5,False,1,1
5446,71,unweighted_fl,10,0.1534633757961783,0,0,None,66,1,5,False,1,1
5447,72,unweighted_fl,10,0.1903861464968153,0,0,None,66,1,5,False,1,1
5448,73,unweighted_fl,10,0.1869028662420382,0,0,None,66,1,5,False,1,1
5449,74,unweighted_fl,10,0.1809315286624203,0,0,None,66,1,5,False,1,1
5450,70,unweighted_fl,10,0.1122611464968152,0,2,None,66,1,5,False,1,1
5451,71,unweighted_fl,10,0.1423168789808917,0,2,None,66,1,5,False,1,1
5452,72,unweighted_fl,10,0.1423168789808917,0,2,None,66,1,5,False,1,1
5453,73,unweighted_fl,10,0.1381369426751592,0,2,None,66,1,5,False,1,1
5454,74,unweighted_fl,10,0.1320660828025477,0,2,None,66,1,5,False,1,1
5455,70,unweighted_fl,10,0.0995222929936305,0,1,None,66,1,5,False,1,1
5456,71,unweighted_fl,10,0.102906050955414,0,1,None,66,1,5,False,1,1
5457,72,unweighted_fl,10,0.0992237261146496,0,1,None,66,1,5,False,1,1
5458,73,unweighted_fl,10,0.1020103503184713,0,1,None,66,1,5,False,1,1
5459,74,unweighted_fl,10,0.1094745222929936,0,1,None,66,1,5,False,1,1
5460,70,unweighted_fl,10,0.0994227707006369,0,3,None,66,1,5,False,1,1
5461,71,unweighted_fl,10,0.099124203821656,0,3,None,66,1,5,False,1,1
5462,72,unweighted_fl,10,0.0988256369426751,0,3,None,66,1,5,False,1,1
5463,73,unweighted_fl,10,0.0992237261146496,0,3,None,66,1,5,False,1,1
5464,74,unweighted_fl,10,0.1190286624203821,0,3,None,66,1,5,False,1,1
5465,70,unweighted_fl,10,0.1403264331210191,0,5,None,66,1,5,False,1,1
5466,71,unweighted_fl,10,0.0995222929936305,0,5,None,66,1,5,False,1,1
5467,72,unweighted_fl,10,0.0995222929936305,0,5,None,66,1,5,False,1,1
5468,73,unweighted_fl,10,0.0995222929936305,0,5,None,66,1,5,False,1,1
5469,74,unweighted_fl,10,0.0995222929936305,0,5,None,66,1,5,False,1,1
5470,70,unweighted_fl,10,0.0995222929936305,0,4,None,66,1,5,False,1,1
5471,71,unweighted_fl,10,0.0995222929936305,0,4,None,66,1,5,False,1,1
5472,72,unweighted_fl,10,0.0995222929936305,0,4,None,66,1,5,False,1,1
5473,73,unweighted_fl,10,0.0995222929936305,0,4,None,66,1,5,False,1,1
5474,74,unweighted_fl,10,0.0995222929936305,0,4,None,66,1,5,False,1,1
5475,70,unweighted_fl,10,0.1159434713375796,0,6,None,66,1,5,False,1,1
5476,71,unweighted_fl,10,0.0992237261146496,0,6,None,66,1,5,False,1,1
5477,72,unweighted_fl,10,0.0995222929936305,0,6,None,66,1,5,False,1,1
5478,73,unweighted_fl,10,0.0995222929936305,0,6,None,66,1,5,False,1,1
5479,74,unweighted_fl,10,0.0995222929936305,0,6,None,66,1,5,False,1,1
5480,70,unweighted_fl,10,0.1066878980891719,0,8,None,66,1,5,False,1,1
5481,71,unweighted_fl,10,0.1175358280254777,0,8,None,66,1,5,False,1,1
5482,72,unweighted_fl,10,0.0968351910828025,0,8,None,66,1,5,False,1,1
5483,73,unweighted_fl,10,0.0971337579617834,0,8,None,66,1,5,False,1,1
5484,74,unweighted_fl,10,0.0995222929936305,0,8,None,66,1,5,False,1,1
5485,70,unweighted_fl,10,0.0994227707006369,0,9,None,66,1,5,False,1,1
5486,71,unweighted_fl,10,0.0995222929936305,0,9,None,66,1,5,False,1,1
5487,72,unweighted_fl,10,0.0995222929936305,0,9,None,66,1,5,False,1,1
5488,73,unweighted_fl,10,0.0995222929936305,0,9,None,66,1,5,False,1,1
5489,74,unweighted_fl,10,0.0995222929936305,0,9,None,66,1,5,False,1,1
5490,70,unweighted_fl,10,0.101015127388535,0,10,None,66,1,5,False,1,1
5491,71,unweighted_fl,10,0.0995222929936305,0,10,None,66,1,5,False,1,1
5492,72,unweighted_fl,10,0.0995222929936305,0,10,None,66,1,5,False,1,1
5493,73,unweighted_fl,10,0.1015127388535031,0,10,None,66,1,5,False,1,1
5494,74,unweighted_fl,10,0.1232085987261146,0,10,None,66,1,5,False,1,1
5495,70,unweighted_fl,10,0.0995222929936305,0,7,None,66,1,5,False,1,1
5496,71,unweighted_fl,10,0.0994227707006369,0,7,None,66,1,5,False,1,1
5497,72,unweighted_fl,10,0.0992237261146496,0,7,None,66,1,5,False,1,1
5498,73,unweighted_fl,10,0.0992237261146496,0,7,None,66,1,5,False,1,1
5499,74,unweighted_fl,10,0.1006170382165605,0,7,None,66,1,5,False,1,1
5500,70,unweighted_fl,10,0.0995222929936305,0,11,None,66,1,5,False,1,1
5501,71,unweighted_fl,10,0.0995222929936305,0,11,None,66,1,5,False,1,1
5502,72,unweighted_fl,10,0.0995222929936305,0,11,None,66,1,5,False,1,1
5503,73,unweighted_fl,10,0.0995222929936305,0,11,None,66,1,5,False,1,1
5504,74,unweighted_fl,10,0.0995222929936305,0,11,None,66,1,5,False,1,1
5505,70,unweighted_fl,10,0.0993232484076433,0,13,None,66,1,5,False,1,1
5506,71,unweighted_fl,10,0.1032046178343949,0,13,None,66,1,5,False,1,1
5507,72,unweighted_fl,10,0.0995222929936305,0,13,None,66,1,5,False,1,1
5508,73,unweighted_fl,10,0.0995222929936305,0,13,None,66,1,5,False,1,1
5509,74,unweighted_fl,10,0.0995222929936305,0,13,None,66,1,5,False,1,1
5510,70,unweighted_fl,10,0.0992237261146496,0,14,None,66,1,5,False,1,1
5511,71,unweighted_fl,10,0.0995222929936305,0,14,None,66,1,5,False,1,1
5512,72,unweighted_fl,10,0.0996218152866242,0,14,None,66,1,5,False,1,1
5513,73,unweighted_fl,10,0.101015127388535,0,14,None,66,1,5,False,1,1
5514,74,unweighted_fl,10,0.1205214968152866,0,14,None,66,1,5,False,1,1
5515,70,unweighted_fl,10,0.1084792993630573,0,12,None,66,1,5,False,1,1
5516,71,unweighted_fl,10,0.0994227707006369,0,12,None,66,1,5,False,1,1
5517,72,unweighted_fl,10,0.0995222929936305,0,12,None,66,1,5,False,1,1
5518,73,unweighted_fl,10,0.0995222929936305,0,12,None,66,1,5,False,1,1
5519,74,unweighted_fl,10,0.0995222929936305,0,12,None,66,1,5,False,1,1
5520,70,unweighted_fl,10,0.0974323248407643,0,15,None,66,1,5,False,1,1
5521,71,unweighted_fl,10,0.0995222929936305,0,15,None,66,1,5,False,1,1
5522,72,unweighted_fl,10,0.0995222929936305,0,15,None,66,1,5,False,1,1
5523,73,unweighted_fl,10,0.0995222929936305,0,15,None,66,1,5,False,1,1
5524,74,unweighted_fl,10,0.0995222929936305,0,15,None,66,1,5,False,1,1
5525,70,unweighted_fl,10,0.1319665605095541,0,17,None,66,1,5,False,1,1
5526,71,unweighted_fl,10,0.1020103503184713,0,17,None,66,1,5,False,1,1
5527,72,unweighted_fl,10,0.0995222929936305,0,17,None,66,1,5,False,1,1
5528,73,unweighted_fl,10,0.0995222929936305,0,17,None,66,1,5,False,1,1
5529,74,unweighted_fl,10,0.0995222929936305,0,17,None,66,1,5,False,1,1
5530,70,unweighted_fl,10,0.1046974522292993,0,18,None,66,1,5,False,1,1
5531,71,unweighted_fl,10,0.1059912420382165,0,18,None,66,1,5,False,1,1
5532,72,unweighted_fl,10,0.1308718152866242,0,18,None,66,1,5,False,1,1
5533,73,unweighted_fl,10,0.1415207006369426,0,18,None,66,1,5,False,1,1
5534,74,unweighted_fl,10,0.1548566878980891,0,18,None,66,1,5,False,1,1
5535,70,unweighted_fl,10,0.0995222929936305,0,19,None,66,1,5,False,1,1
5536,71,unweighted_fl,10,0.0995222929936305,0,19,None,66,1,5,False,1,1
5537,72,unweighted_fl,10,0.0995222929936305,0,19,None,66,1,5,False,1,1
5538,73,unweighted_fl,10,0.0995222929936305,0,19,None,66,1,5,False,1,1
5539,74,unweighted_fl,10,0.0996218152866242,0,19,None,66,1,5,False,1,1
5540,70,unweighted_fl,10,0.0995222929936305,0,16,None,66,1,5,False,1,1
5541,71,unweighted_fl,10,0.0995222929936305,0,16,None,66,1,5,False,1,1
5542,72,unweighted_fl,10,0.0995222929936305,0,16,None,66,1,5,False,1,1
5543,73,unweighted_fl,10,0.0995222929936305,0,16,None,66,1,5,False,1,1
5544,74,unweighted_fl,10,0.0995222929936305,0,16,None,66,1,5,False,1,1
5545,70,unweighted_fl,10,0.1440087579617834,0,20,None,66,1,5,False,1,1
5546,71,unweighted_fl,10,0.1407245222929936,0,20,None,66,1,5,False,1,1
5547,72,unweighted_fl,10,0.1124601910828025,0,20,None,66,1,5,False,1,1
5548,73,unweighted_fl,10,0.1043988853503184,0,20,None,66,1,5,False,1,1
5549,74,unweighted_fl,10,0.1020103503184713,0,20,None,66,1,5,False,1,1
5550,70,unweighted_fl,10,0.0995222929936305,0,22,None,66,1,5,False,1,1
5551,71,unweighted_fl,10,0.0995222929936305,0,22,None,66,1,5,False,1,1
5552,72,unweighted_fl,10,0.0995222929936305,0,22,None,66,1,5,False,1,1
5553,73,unweighted_fl,10,0.0995222929936305,0,22,None,66,1,5,False,1,1
5554,74,unweighted_fl,10,0.0995222929936305,0,22,None,66,1,5,False,1,1
5555,70,unweighted_fl,10,0.0995222929936305,0,23,None,66,1,5,False,1,1
5556,71,unweighted_fl,10,0.0995222929936305,0,23,None,66,1,5,False,1,1
5557,72,unweighted_fl,10,0.0995222929936305,0,23,None,66,1,5,False,1,1
5558,73,unweighted_fl,10,0.0995222929936305,0,23,None,66,1,5,False,1,1
5559,74,unweighted_fl,10,0.0995222929936305,0,23,None,66,1,5,False,1,1
5560,70,unweighted_fl,10,0.1041998407643312,0,24,None,66,1,5,False,1,1
5561,71,unweighted_fl,10,0.1115644904458598,0,24,None,66,1,5,False,1,1
5562,72,unweighted_fl,10,0.0970342356687898,0,24,None,66,1,5,False,1,1
5563,73,unweighted_fl,10,0.0974323248407643,0,24,None,66,1,5,False,1,1
5564,74,unweighted_fl,10,0.0971337579617834,0,24,None,66,1,5,False,1,1
5565,70,unweighted_fl,10,0.0990246815286624,0,21,None,66,1,5,False,1,1
5566,71,unweighted_fl,10,0.0995222929936305,0,21,None,66,1,5,False,1,1
5567,72,unweighted_fl,10,0.0995222929936305,0,21,None,66,1,5,False,1,1
5568,73,unweighted_fl,10,0.0995222929936305,0,21,None,66,1,5,False,1,1
5569,74,unweighted_fl,10,0.0995222929936305,0,21,None,66,1,5,False,1,1
5570,70,unweighted_fl,10,0.1088773885350318,0,25,None,66,1,5,False,1,1
5571,71,unweighted_fl,10,0.1024084394904458,0,25,None,66,1,5,False,1,1
5572,72,unweighted_fl,10,0.1030055732484076,0,25,None,66,1,5,False,1,1
5573,73,unweighted_fl,10,0.1065883757961783,0,25,None,66,1,5,False,1,1
5574,74,unweighted_fl,10,0.1105692675159235,0,25,None,66,1,5,False,1,1
5575,70,unweighted_fl,10,0.1053941082802547,0,27,None,66,1,5,False,1,1
5576,71,unweighted_fl,10,0.1004179936305732,0,27,None,66,1,5,False,1,1
5577,72,unweighted_fl,10,0.1004179936305732,0,27,None,66,1,5,False,1,1
5578,73,unweighted_fl,10,0.0999203821656051,0,27,None,66,1,5,False,1,1
5579,74,unweighted_fl,10,0.0998208598726114,0,27,None,66,1,5,False,1,1
5580,70,unweighted_fl,10,0.0995222929936305,0,28,None,66,1,5,False,1,1
5581,71,unweighted_fl,10,0.0995222929936305,0,28,None,66,1,5,False,1,1
5582,72,unweighted_fl,10,0.0995222929936305,0,28,None,66,1,5,False,1,1
5583,73,unweighted_fl,10,0.0995222929936305,0,28,None,66,1,5,False,1,1
5584,74,unweighted_fl,10,0.0995222929936305,0,28,None,66,1,5,False,1,1
5585,70,unweighted_fl,10,0.0995222929936305,0,26,None,66,1,5,False,1,1
5586,71,unweighted_fl,10,0.0995222929936305,0,26,None,66,1,5,False,1,1
5587,72,unweighted_fl,10,0.0995222929936305,0,26,None,66,1,5,False,1,1
5588,73,unweighted_fl,10,0.0995222929936305,0,26,None,66,1,5,False,1,1
5589,74,unweighted_fl,10,0.0995222929936305,0,26,None,66,1,5,False,1,1
5590,70,unweighted_fl,10,0.0995222929936305,0,29,None,66,1,5,False,1,1
5591,71,unweighted_fl,10,0.0995222929936305,0,29,None,66,1,5,False,1,1
5592,72,unweighted_fl,10,0.0995222929936305,0,29,None,66,1,5,False,1,1
5593,73,unweighted_fl,10,0.0995222929936305,0,29,None,66,1,5,False,1,1
5594,74,unweighted_fl,10,0.0995222929936305,0,29,None,66,1,5,False,1,1
5595,70,unweighted_fl,10,0.0995222929936305,0,31,None,66,1,5,False,1,1
5596,71,unweighted_fl,10,0.0995222929936305,0,31,None,66,1,5,False,1,1
5597,72,unweighted_fl,10,0.0995222929936305,0,31,None,66,1,5,False,1,1
5598,73,unweighted_fl,10,0.0995222929936305,0,31,None,66,1,5,False,1,1
5599,74,unweighted_fl,10,0.0995222929936305,0,31,None,66,1,5,False,1,1
5600,70,unweighted_fl,10,0.0995222929936305,0,32,None,66,1,5,False,1,1
5601,71,unweighted_fl,10,0.0995222929936305,0,32,None,66,1,5,False,1,1
5602,72,unweighted_fl,10,0.0995222929936305,0,32,None,66,1,5,False,1,1
5603,73,unweighted_fl,10,0.0995222929936305,0,32,None,66,1,5,False,1,1
5604,74,unweighted_fl,10,0.0995222929936305,0,32,None,66,1,5,False,1,1
5605,70,unweighted_fl,10,0.0995222929936305,0,30,None,66,1,5,False,1,1
5606,71,unweighted_fl,10,0.0995222929936305,0,30,None,66,1,5,False,1,1
5607,72,unweighted_fl,10,0.0995222929936305,0,30,None,66,1,5,False,1,1
5608,73,unweighted_fl,10,0.0995222929936305,0,30,None,66,1,5,False,1,1
5609,74,unweighted_fl,10,0.0995222929936305,0,30,None,66,1,5,False,1,1
5610,75,unweighted_fl,10,0.1027070063694267,0,0,None,66,1,5,False,1,1
5611,76,unweighted_fl,10,0.1556528662420382,0,0,None,66,1,5,False,1,1
5612,77,unweighted_fl,10,0.1875,0,0,None,66,1,5,False,1,1
5613,78,unweighted_fl,10,0.192874203821656,0,0,None,66,1,5,False,1,1
5614,79,unweighted_fl,10,0.1925756369426751,0,0,None,66,1,5,False,1,1
5615,75,unweighted_fl,10,0.0989251592356687,0,2,None,66,1,5,False,1,1
5616,76,unweighted_fl,10,0.0988256369426751,0,2,None,66,1,5,False,1,1
5617,77,unweighted_fl,10,0.1007165605095541,0,2,None,66,1,5,False,1,1
5618,78,unweighted_fl,10,0.1035031847133758,0,2,None,66,1,5,False,1,1
5619,79,unweighted_fl,10,0.1129578025477707,0,2,None,66,1,5,False,1,1
5620,75,unweighted_fl,10,0.0990246815286624,0,3,None,66,1,5,False,1,1
5621,76,unweighted_fl,10,0.1016122611464968,0,3,None,66,1,5,False,1,1
5622,77,unweighted_fl,10,0.123109076433121,0,3,None,66,1,5,False,1,1
5623,78,unweighted_fl,10,0.1425159235668789,0,3,None,66,1,5,False,1,1
5624,79,unweighted_fl,10,0.1479896496815286,0,3,None,66,1,5,False,1,1
5625,75,unweighted_fl,10,0.0995222929936305,0,1,None,66,1,5,False,1,1
5626,76,unweighted_fl,10,0.0995222929936305,0,1,None,66,1,5,False,1,1
5627,77,unweighted_fl,10,0.1042993630573248,0,1,None,66,1,5,False,1,1
5628,78,unweighted_fl,10,0.1318670382165605,0,1,None,66,1,5,False,1,1
5629,79,unweighted_fl,10,0.1522691082802547,0,1,None,66,1,5,False,1,1
5630,75,unweighted_fl,10,0.0995222929936305,0,4,None,66,1,5,False,1,1
5631,76,unweighted_fl,10,0.0995222929936305,0,4,None,66,1,5,False,1,1
5632,77,unweighted_fl,10,0.0995222929936305,0,4,None,66,1,5,False,1,1
5633,78,unweighted_fl,10,0.0995222929936305,0,4,None,66,1,5,False,1,1
5634,79,unweighted_fl,10,0.0995222929936305,0,4,None,66,1,5,False,1,1
5635,75,unweighted_fl,10,0.0993232484076433,0,6,None,66,1,5,False,1,1
5636,76,unweighted_fl,10,0.0995222929936305,0,6,None,66,1,5,False,1,1
5637,77,unweighted_fl,10,0.0995222929936305,0,6,None,66,1,5,False,1,1
5638,78,unweighted_fl,10,0.0995222929936305,0,6,None,66,1,5,False,1,1
5639,79,unweighted_fl,10,0.0995222929936305,0,6,None,66,1,5,False,1,1
5640,75,unweighted_fl,10,0.0995222929936305,0,7,None,66,1,5,False,1,1
5641,76,unweighted_fl,10,0.0994227707006369,0,7,None,66,1,5,False,1,1
5642,77,unweighted_fl,10,0.1030055732484076,0,7,None,66,1,5,False,1,1
5643,78,unweighted_fl,10,0.1144506369426751,0,7,None,66,1,5,False,1,1
5644,79,unweighted_fl,10,0.1287818471337579,0,7,None,66,1,5,False,1,1
5645,75,unweighted_fl,10,0.1057921974522293,0,8,None,66,1,5,False,1,1
5646,76,unweighted_fl,10,0.0977308917197452,0,8,None,66,1,5,False,1,1
5647,77,unweighted_fl,10,0.0989251592356687,0,8,None,66,1,5,False,1,1
5648,78,unweighted_fl,10,0.0993232484076433,0,8,None,66,1,5,False,1,1
5649,79,unweighted_fl,10,0.0993232484076433,0,8,None,66,1,5,False,1,1
5650,75,unweighted_fl,10,0.1530652866242038,0,5,None,66,1,5,False,1,1
5651,76,unweighted_fl,10,0.0995222929936305,0,5,None,66,1,5,False,1,1
5652,77,unweighted_fl,10,0.0995222929936305,0,5,None,66,1,5,False,1,1
5653,78,unweighted_fl,10,0.0995222929936305,0,5,None,66,1,5,False,1,1
5654,79,unweighted_fl,10,0.0995222929936305,0,5,None,66,1,5,False,1,1
5655,75,unweighted_fl,10,0.0995222929936305,0,9,None,66,1,5,False,1,1
5656,76,unweighted_fl,10,0.0995222929936305,0,9,None,66,1,5,False,1,1
5657,77,unweighted_fl,10,0.0996218152866242,0,9,None,66,1,5,False,1,1
5658,78,unweighted_fl,10,0.1052945859872611,0,9,None,66,1,5,False,1,1
5659,79,unweighted_fl,10,0.1267914012738853,0,9,None,66,1,5,False,1,1
5660,75,unweighted_fl,10,0.0995222929936305,0,11,None,66,1,5,False,1,1
5661,76,unweighted_fl,10,0.0995222929936305,0,11,None,66,1,5,False,1,1
5662,77,unweighted_fl,10,0.0995222929936305,0,11,None,66,1,5,False,1,1
5663,78,unweighted_fl,10,0.0995222929936305,0,11,None,66,1,5,False,1,1
5664,79,unweighted_fl,10,0.0995222929936305,0,11,None,66,1,5,False,1,1
5665,75,unweighted_fl,10,0.0994227707006369,0,10,None,66,1,5,False,1,1
5666,76,unweighted_fl,10,0.1083797770700636,0,10,None,66,1,5,False,1,1
5667,77,unweighted_fl,10,0.099124203821656,0,10,None,66,1,5,False,1,1
5668,78,unweighted_fl,10,0.0988256369426751,0,10,None,66,1,5,False,1,1
5669,79,unweighted_fl,10,0.0986265923566879,0,10,None,66,1,5,False,1,1
5670,75,unweighted_fl,10,0.0994227707006369,0,12,None,66,1,5,False,1,1
5671,76,unweighted_fl,10,0.0995222929936305,0,12,None,66,1,5,False,1,1
5672,77,unweighted_fl,10,0.0995222929936305,0,12,None,66,1,5,False,1,1
5673,78,unweighted_fl,10,0.0995222929936305,0,12,None,66,1,5,False,1,1
5674,79,unweighted_fl,10,0.0995222929936305,0,12,None,66,1,5,False,1,1
5675,75,unweighted_fl,10,0.0995222929936305,0,14,None,66,1,5,False,1,1
5676,76,unweighted_fl,10,0.1003184713375796,0,14,None,66,1,5,False,1,1
5677,77,unweighted_fl,10,0.1228105095541401,0,14,None,66,1,5,False,1,1
5678,78,unweighted_fl,10,0.1490843949044586,0,14,None,66,1,5,False,1,1
5679,79,unweighted_fl,10,0.1653065286624203,0,14,None,66,1,5,False,1,1
5680,75,unweighted_fl,10,0.0995222929936305,0,15,None,66,1,5,False,1,1
5681,76,unweighted_fl,10,0.0995222929936305,0,15,None,66,1,5,False,1,1
5682,77,unweighted_fl,10,0.0995222929936305,0,15,None,66,1,5,False,1,1
5683,78,unweighted_fl,10,0.0995222929936305,0,15,None,66,1,5,False,1,1
5684,79,unweighted_fl,10,0.0995222929936305,0,15,None,66,1,5,False,1,1
5685,75,unweighted_fl,10,0.0995222929936305,0,16,None,66,1,5,False,1,1
5686,76,unweighted_fl,10,0.0995222929936305,0,16,None,66,1,5,False,1,1
5687,77,unweighted_fl,10,0.0995222929936305,0,16,None,66,1,5,False,1,1
5688,78,unweighted_fl,10,0.0995222929936305,0,16,None,66,1,5,False,1,1
5689,79,unweighted_fl,10,0.0995222929936305,0,16,None,66,1,5,False,1,1
5690,75,unweighted_fl,10,0.0995222929936305,0,13,None,66,1,5,False,1,1
5691,76,unweighted_fl,10,0.0995222929936305,0,13,None,66,1,5,False,1,1
5692,77,unweighted_fl,10,0.0995222929936305,0,13,None,66,1,5,False,1,1
5693,78,unweighted_fl,10,0.0995222929936305,0,13,None,66,1,5,False,1,1
5694,79,unweighted_fl,10,0.0995222929936305,0,13,None,66,1,5,False,1,1
5695,75,unweighted_fl,10,0.1021098726114649,0,17,None,66,1,5,False,1,1
5696,76,unweighted_fl,10,0.0995222929936305,0,17,None,66,1,5,False,1,1
5697,77,unweighted_fl,10,0.0995222929936305,0,17,None,66,1,5,False,1,1
5698,78,unweighted_fl,10,0.0995222929936305,0,17,None,66,1,5,False,1,1
5699,79,unweighted_fl,10,0.0995222929936305,0,17,None,66,1,5,False,1,1
5700,75,unweighted_fl,10,0.0995222929936305,0,19,None,66,1,5,False,1,1
5701,76,unweighted_fl,10,0.0996218152866242,0,19,None,66,1,5,False,1,1
5702,77,unweighted_fl,10,0.1000199044585987,0,19,None,66,1,5,False,1,1
5703,78,unweighted_fl,10,0.1041003184713375,0,19,None,66,1,5,False,1,1
5704,79,unweighted_fl,10,0.1117635350318471,0,19,None,66,1,5,False,1,1
5705,75,unweighted_fl,10,0.1213176751592356,0,20,None,66,1,5,False,1,1
5706,76,unweighted_fl,10,0.1036027070063694,0,20,None,66,1,5,False,1,1
5707,77,unweighted_fl,10,0.1020103503184713,0,20,None,66,1,5,False,1,1
5708,78,unweighted_fl,10,0.1015127388535031,0,20,None,66,1,5,False,1,1
5709,79,unweighted_fl,10,0.1019108280254777,0,20,None,66,1,5,False,1,1
5710,75,unweighted_fl,10,0.0995222929936305,0,18,None,66,1,5,False,1,1
5711,76,unweighted_fl,10,0.1105692675159235,0,18,None,66,1,5,False,1,1
5712,77,unweighted_fl,10,0.1455015923566879,0,18,None,66,1,5,False,1,1
5713,78,unweighted_fl,10,0.1720740445859872,0,18,None,66,1,5,False,1,1
5714,79,unweighted_fl,10,0.1845143312101911,0,18,None,66,1,5,False,1,1
5715,75,unweighted_fl,10,0.1342555732484076,0,21,None,66,1,5,False,1,1
5716,76,unweighted_fl,10,0.1451035031847133,0,21,None,66,1,5,False,1,1
5717,77,unweighted_fl,10,0.1438097133757961,0,21,None,66,1,5,False,1,1
5718,78,unweighted_fl,10,0.1426154458598726,0,21,None,66,1,5,False,1,1
5719,79,unweighted_fl,10,0.1390326433121019,0,21,None,66,1,5,False,1,1
5720,75,unweighted_fl,10,0.0995222929936305,0,23,None,66,1,5,False,1,1
5721,76,unweighted_fl,10,0.0995222929936305,0,23,None,66,1,5,False,1,1
5722,77,unweighted_fl,10,0.0995222929936305,0,23,None,66,1,5,False,1,1
5723,78,unweighted_fl,10,0.0995222929936305,0,23,None,66,1,5,False,1,1
5724,79,unweighted_fl,10,0.0995222929936305,0,23,None,66,1,5,False,1,1
5725,75,unweighted_fl,10,0.0989251592356687,0,24,None,66,1,5,False,1,1
5726,76,unweighted_fl,10,0.0988256369426751,0,24,None,66,1,5,False,1,1
5727,77,unweighted_fl,10,0.0984275477707006,0,24,None,66,1,5,False,1,1
5728,78,unweighted_fl,10,0.0982285031847133,0,24,None,66,1,5,False,1,1
5729,79,unweighted_fl,10,0.0989251592356687,0,24,None,66,1,5,False,1,1
5730,75,unweighted_fl,10,0.1022093949044586,0,25,None,66,1,5,False,1,1
5731,76,unweighted_fl,10,0.1071855095541401,0,25,None,66,1,5,False,1,1
5732,77,unweighted_fl,10,0.1117635350318471,0,25,None,66,1,5,False,1,1
5733,78,unweighted_fl,10,0.1132563694267515,0,25,None,66,1,5,False,1,1
5734,79,unweighted_fl,10,0.1151472929936305,0,25,None,66,1,5,False,1,1
5735,75,unweighted_fl,10,0.0995222929936305,0,22,None,66,1,5,False,1,1
5736,76,unweighted_fl,10,0.0995222929936305,0,22,None,66,1,5,False,1,1
5737,77,unweighted_fl,10,0.0995222929936305,0,22,None,66,1,5,False,1,1
5738,78,unweighted_fl,10,0.0995222929936305,0,22,None,66,1,5,False,1,1
5739,79,unweighted_fl,10,0.0995222929936305,0,22,None,66,1,5,False,1,1
5740,75,unweighted_fl,10,0.0995222929936305,0,26,None,66,1,5,False,1,1
5741,76,unweighted_fl,10,0.0995222929936305,0,26,None,66,1,5,False,1,1
5742,77,unweighted_fl,10,0.0995222929936305,0,26,None,66,1,5,False,1,1
5743,78,unweighted_fl,10,0.0994227707006369,0,26,None,66,1,5,False,1,1
5744,79,unweighted_fl,10,0.0996218152866242,0,26,None,66,1,5,False,1,1
5745,75,unweighted_fl,10,0.0995222929936305,0,28,None,66,1,5,False,1,1
5746,76,unweighted_fl,10,0.0995222929936305,0,28,None,66,1,5,False,1,1
5747,77,unweighted_fl,10,0.0995222929936305,0,28,None,66,1,5,False,1,1
5748,78,unweighted_fl,10,0.0995222929936305,0,28,None,66,1,5,False,1,1
5749,79,unweighted_fl,10,0.0995222929936305,0,28,None,66,1,5,False,1,1
5750,75,unweighted_fl,10,0.0995222929936305,0,29,None,66,1,5,False,1,1
5751,76,unweighted_fl,10,0.0995222929936305,0,29,None,66,1,5,False,1,1
5752,77,unweighted_fl,10,0.0995222929936305,0,29,None,66,1,5,False,1,1
5753,78,unweighted_fl,10,0.0995222929936305,0,29,None,66,1,5,False,1,1
5754,79,unweighted_fl,10,0.0995222929936305,0,29,None,66,1,5,False,1,1
5755,75,unweighted_fl,10,0.1003184713375796,0,27,None,66,1,5,False,1,1
5756,76,unweighted_fl,10,0.1003184713375796,0,27,None,66,1,5,False,1,1
5757,77,unweighted_fl,10,0.1004179936305732,0,27,None,66,1,5,False,1,1
5758,78,unweighted_fl,10,0.1006170382165605,0,27,None,66,1,5,False,1,1
5759,79,unweighted_fl,10,0.101015127388535,0,27,None,66,1,5,False,1,1
5760,75,unweighted_fl,10,0.0995222929936305,0,30,None,66,1,5,False,1,1
5761,76,unweighted_fl,10,0.0995222929936305,0,30,None,66,1,5,False,1,1
5762,77,unweighted_fl,10,0.0995222929936305,0,30,None,66,1,5,False,1,1
5763,78,unweighted_fl,10,0.0995222929936305,0,30,None,66,1,5,False,1,1
5764,79,unweighted_fl,10,0.0995222929936305,0,30,None,66,1,5,False,1,1
5765,75,unweighted_fl,10,0.0995222929936305,0,32,None,66,1,5,False,1,1
5766,76,unweighted_fl,10,0.0995222929936305,0,32,None,66,1,5,False,1,1
5767,77,unweighted_fl,10,0.0995222929936305,0,32,None,66,1,5,False,1,1
5768,78,unweighted_fl,10,0.0996218152866242,0,32,None,66,1,5,False,1,1
5769,79,unweighted_fl,10,0.1002189490445859,0,32,None,66,1,5,False,1,1
5770,75,unweighted_fl,10,0.0995222929936305,0,31,None,66,1,5,False,1,1
5771,76,unweighted_fl,10,0.0995222929936305,0,31,None,66,1,5,False,1,1
5772,77,unweighted_fl,10,0.0995222929936305,0,31,None,66,1,5,False,1,1
5773,78,unweighted_fl,10,0.0995222929936305,0,31,None,66,1,5,False,1,1
5774,79,unweighted_fl,10,0.0995222929936305,0,31,None,66,1,5,False,1,1
6105,80,unweighted_fl,10,0.0996218152866242,0,1,None,66,1,5,False,1,1
6106,81,unweighted_fl,10,0.1223128980891719,0,1,None,66,1,5,False,1,1
6107,82,unweighted_fl,10,0.15625,0,1,None,66,1,5,False,1,1
6108,83,unweighted_fl,10,0.1724721337579617,0,1,None,66,1,5,False,1,1
6109,84,unweighted_fl,10,0.1797372611464968,0,1,None,66,1,5,False,1,1
6110,80,unweighted_fl,10,0.1528662420382165,0,0,None,66,1,5,False,1,1
6111,81,unweighted_fl,10,0.1893909235668789,0,0,None,66,1,5,False,1,1
6112,82,unweighted_fl,10,0.1953622611464968,0,0,None,66,1,5,False,1,1
6113,83,unweighted_fl,10,0.1960589171974522,0,0,None,66,1,5,False,1,1
6114,84,unweighted_fl,10,0.1962579617834395,0,0,None,66,1,5,False,1,1
6115,80,unweighted_fl,10,0.1041998407643312,0,3,None,66,1,5,False,1,1
6116,81,unweighted_fl,10,0.1340565286624203,0,3,None,66,1,5,False,1,1
6117,82,unweighted_fl,10,0.1485867834394904,0,3,None,66,1,5,False,1,1
6118,83,unweighted_fl,10,0.1530652866242038,0,3,None,66,1,5,False,1,1
6119,84,unweighted_fl,10,0.1566480891719745,0,3,None,66,1,5,False,1,1
6120,80,unweighted_fl,10,0.1017117834394904,0,2,None,66,1,5,False,1,1
6121,81,unweighted_fl,10,0.106389331210191,0,2,None,66,1,5,False,1,1
6122,82,unweighted_fl,10,0.1176353503184713,0,2,None,66,1,5,False,1,1
6123,83,unweighted_fl,10,0.1405254777070063,0,2,None,66,1,5,False,1,1
6124,84,unweighted_fl,10,0.1652070063694267,0,2,None,66,1,5,False,1,1
6125,80,unweighted_fl,10,0.0995222929936305,0,4,None,66,1,5,False,1,1
6126,81,unweighted_fl,10,0.0995222929936305,0,4,None,66,1,5,False,1,1
6127,82,unweighted_fl,10,0.0995222929936305,0,4,None,66,1,5,False,1,1
6128,83,unweighted_fl,10,0.0995222929936305,0,4,None,66,1,5,False,1,1
6129,84,unweighted_fl,10,0.0995222929936305,0,4,None,66,1,5,False,1,1
6130,80,unweighted_fl,10,0.134156050955414,0,5,None,66,1,5,False,1,1
6131,81,unweighted_fl,10,0.1546576433121019,0,5,None,66,1,5,False,1,1
6132,82,unweighted_fl,10,0.15625,0,5,None,66,1,5,False,1,1
6133,83,unweighted_fl,10,0.15515525477707,0,5,None,66,1,5,False,1,1
6134,84,unweighted_fl,10,0.1537619426751592,0,5,None,66,1,5,False,1,1
6135,80,unweighted_fl,10,0.0997213375796178,0,6,None,66,1,5,False,1,1
6136,81,unweighted_fl,10,0.0997213375796178,0,6,None,66,1,5,False,1,1
6137,82,unweighted_fl,10,0.0997213375796178,0,6,None,66,1,5,False,1,1
6138,83,unweighted_fl,10,0.0997213375796178,0,6,None,66,1,5,False,1,1
6139,84,unweighted_fl,10,0.0997213375796178,0,6,None,66,1,5,False,1,1
6140,80,unweighted_fl,10,0.098328025477707,0,8,None,66,1,5,False,1,1
6141,81,unweighted_fl,10,0.0994227707006369,0,8,None,66,1,5,False,1,1
6142,82,unweighted_fl,10,0.0996218152866242,0,8,None,66,1,5,False,1,1
6143,83,unweighted_fl,10,0.0995222929936305,0,8,None,66,1,5,False,1,1
6144,84,unweighted_fl,10,0.0999203821656051,0,8,None,66,1,5,False,1,1
6145,80,unweighted_fl,10,0.1005175159235668,0,7,None,66,1,5,False,1,1
6146,81,unweighted_fl,10,0.1099721337579617,0,7,None,66,1,5,False,1,1
6147,82,unweighted_fl,10,0.1243033439490445,0,7,None,66,1,5,False,1,1
6148,83,unweighted_fl,10,0.136046974522293,0,7,None,66,1,5,False,1,1
6149,84,unweighted_fl,10,0.148686305732484,0,7,None,66,1,5,False,1,1
6150,80,unweighted_fl,10,0.0996218152866242,0,9,None,66,1,5,False,1,1
6151,81,unweighted_fl,10,0.1119625796178344,0,9,None,66,1,5,False,1,1
6152,82,unweighted_fl,10,0.1364450636942675,0,9,None,66,1,5,False,1,1
6153,83,unweighted_fl,10,0.1544585987261146,0,9,None,66,1,5,False,1,1
6154,84,unweighted_fl,10,0.1685907643312102,0,9,None,66,1,5,False,1,1
6155,80,unweighted_fl,10,0.1096735668789808,0,10,None,66,1,5,False,1,1
6156,81,unweighted_fl,10,0.098328025477707,0,10,None,66,1,5,False,1,1
6157,82,unweighted_fl,10,0.0981289808917197,0,10,None,66,1,5,False,1,1
6158,83,unweighted_fl,10,0.0979299363057324,0,10,None,66,1,5,False,1,1
6159,84,unweighted_fl,10,0.0974323248407643,0,10,None,66,1,5,False,1,1
6160,80,unweighted_fl,10,0.0995222929936305,0,11,None,66,1,5,False,1,1
6161,81,unweighted_fl,10,0.0995222929936305,0,11,None,66,1,5,False,1,1
6162,82,unweighted_fl,10,0.0995222929936305,0,11,None,66,1,5,False,1,1
6163,83,unweighted_fl,10,0.0995222929936305,0,11,None,66,1,5,False,1,1
6164,84,unweighted_fl,10,0.0995222929936305,0,11,None,66,1,5,False,1,1
6165,80,unweighted_fl,10,0.0995222929936305,0,13,None,66,1,5,False,1,1
6166,81,unweighted_fl,10,0.0995222929936305,0,13,None,66,1,5,False,1,1
6167,82,unweighted_fl,10,0.0995222929936305,0,13,None,66,1,5,False,1,1
6168,83,unweighted_fl,10,0.0996218152866242,0,13,None,66,1,5,False,1,1
6169,84,unweighted_fl,10,0.102906050955414,0,13,None,66,1,5,False,1,1
6170,80,unweighted_fl,10,0.0995222929936305,0,12,None,66,1,5,False,1,1
6171,81,unweighted_fl,10,0.0995222929936305,0,12,None,66,1,5,False,1,1
6172,82,unweighted_fl,10,0.0994227707006369,0,12,None,66,1,5,False,1,1
6173,83,unweighted_fl,10,0.0993232484076433,0,12,None,66,1,5,False,1,1
6174,84,unweighted_fl,10,0.0993232484076433,0,12,None,66,1,5,False,1,1
6175,80,unweighted_fl,10,0.0995222929936305,0,15,None,66,1,5,False,1,1
6176,81,unweighted_fl,10,0.0995222929936305,0,15,None,66,1,5,False,1,1
6177,82,unweighted_fl,10,0.0993232484076433,0,15,None,66,1,5,False,1,1
6178,83,unweighted_fl,10,0.0993232484076433,0,15,None,66,1,5,False,1,1
6179,84,unweighted_fl,10,0.0993232484076433,0,15,None,66,1,5,False,1,1
6180,80,unweighted_fl,10,0.1081807324840764,0,14,None,66,1,5,False,1,1
6181,81,unweighted_fl,10,0.1370421974522293,0,14,None,66,1,5,False,1,1
6182,82,unweighted_fl,10,0.1630175159235669,0,14,None,66,1,5,False,1,1
6183,83,unweighted_fl,10,0.1748606687898089,0,14,None,66,1,5,False,1,1
6184,84,unweighted_fl,10,0.1808320063694267,0,14,None,66,1,5,False,1,1
6185,80,unweighted_fl,10,0.0995222929936305,0,16,None,66,1,5,False,1,1
6186,81,unweighted_fl,10,0.0995222929936305,0,16,None,66,1,5,False,1,1
6187,82,unweighted_fl,10,0.0995222929936305,0,16,None,66,1,5,False,1,1
6188,83,unweighted_fl,10,0.0995222929936305,0,16,None,66,1,5,False,1,1
6189,84,unweighted_fl,10,0.0995222929936305,0,16,None,66,1,5,False,1,1
6190,80,unweighted_fl,10,0.1002189490445859,0,17,None,66,1,5,False,1,1
6191,81,unweighted_fl,10,0.0994227707006369,0,17,None,66,1,5,False,1,1
6192,82,unweighted_fl,10,0.0997213375796178,0,17,None,66,1,5,False,1,1
6193,83,unweighted_fl,10,0.1001194267515923,0,17,None,66,1,5,False,1,1
6194,84,unweighted_fl,10,0.1002189490445859,0,17,None,66,1,5,False,1,1
6195,80,unweighted_fl,10,0.1164410828025477,0,18,None,66,1,5,False,1,1
6196,81,unweighted_fl,10,0.1557523885350318,0,18,None,66,1,5,False,1,1
6197,82,unweighted_fl,10,0.1805334394904458,0,18,None,66,1,5,False,1,1
6198,83,unweighted_fl,10,0.1880971337579617,0,18,None,66,1,5,False,1,1
6199,84,unweighted_fl,10,0.1896894904458598,0,18,None,66,1,5,False,1,1
6200,80,unweighted_fl,10,0.1054936305732484,0,20,None,66,1,5,False,1,1
6201,81,unweighted_fl,10,0.1026074840764331,0,20,None,66,1,5,False,1,1
6202,82,unweighted_fl,10,0.1044984076433121,0,20,None,66,1,5,False,1,1
6203,83,unweighted_fl,10,0.1294785031847133,0,20,None,66,1,5,False,1,1
6204,84,unweighted_fl,10,0.1685907643312102,0,20,None,66,1,5,False,1,1
6205,80,unweighted_fl,10,0.0996218152866242,0,19,None,66,1,5,False,1,1
6206,81,unweighted_fl,10,0.105593152866242,0,19,None,66,1,5,False,1,1
6207,82,unweighted_fl,10,0.1266918789808917,0,19,None,66,1,5,False,1,1
6208,83,unweighted_fl,10,0.1493829617834395,0,19,None,66,1,5,False,1,1
6209,84,unweighted_fl,10,0.1658041401273885,0,19,None,66,1,5,False,1,1
6210,80,unweighted_fl,10,0.0995222929936305,0,22,None,66,1,5,False,1,1
6211,81,unweighted_fl,10,0.0995222929936305,0,22,None,66,1,5,False,1,1
6212,82,unweighted_fl,10,0.0995222929936305,0,22,None,66,1,5,False,1,1
6213,83,unweighted_fl,10,0.0995222929936305,0,22,None,66,1,5,False,1,1
6214,84,unweighted_fl,10,0.0995222929936305,0,22,None,66,1,5,False,1,1
6215,80,unweighted_fl,10,0.1445063694267516,0,21,None,66,1,5,False,1,1
6216,81,unweighted_fl,10,0.1396297770700637,0,21,None,66,1,5,False,1,1
6217,82,unweighted_fl,10,0.1382364649681528,0,21,None,66,1,5,False,1,1
6218,83,unweighted_fl,10,0.1401273885350318,0,21,None,66,1,5,False,1,1
6219,84,unweighted_fl,10,0.1487858280254777,0,21,None,66,1,5,False,1,1
6220,80,unweighted_fl,10,0.0995222929936305,0,23,None,66,1,5,False,1,1
6221,81,unweighted_fl,10,0.0995222929936305,0,23,None,66,1,5,False,1,1
6222,82,unweighted_fl,10,0.0995222929936305,0,23,None,66,1,5,False,1,1
6223,83,unweighted_fl,10,0.0995222929936305,0,23,None,66,1,5,False,1,1
6224,84,unweighted_fl,10,0.0995222929936305,0,23,None,66,1,5,False,1,1
6225,80,unweighted_fl,10,0.0993232484076433,0,24,None,66,1,5,False,1,1
6226,81,unweighted_fl,10,0.0990246815286624,0,24,None,66,1,5,False,1,1
6227,82,unweighted_fl,10,0.0999203821656051,0,24,None,66,1,5,False,1,1
6228,83,unweighted_fl,10,0.1019108280254777,0,24,None,66,1,5,False,1,1
6229,84,unweighted_fl,10,0.103702229299363,0,24,None,66,1,5,False,1,1
6230,80,unweighted_fl,10,0.0995222929936305,0,26,None,66,1,5,False,1,1
6231,81,unweighted_fl,10,0.0996218152866242,0,26,None,66,1,5,False,1,1
6232,82,unweighted_fl,10,0.1005175159235668,0,26,None,66,1,5,False,1,1
6233,83,unweighted_fl,10,0.1020103503184713,0,26,None,66,1,5,False,1,1
6234,84,unweighted_fl,10,0.1057921974522293,0,26,None,66,1,5,False,1,1
6235,80,unweighted_fl,10,0.10828025477707,0,25,None,66,1,5,False,1,1
6236,81,unweighted_fl,10,0.1140525477707006,0,25,None,66,1,5,False,1,1
6237,82,unweighted_fl,10,0.1159434713375796,0,25,None,66,1,5,False,1,1
6238,83,unweighted_fl,10,0.1186305732484076,0,25,None,66,1,5,False,1,1
6239,84,unweighted_fl,10,0.1203224522292993,0,25,None,66,1,5,False,1,1
6240,80,unweighted_fl,10,0.1012141719745222,0,27,None,66,1,5,False,1,1
6241,81,unweighted_fl,10,0.1015127388535031,0,27,None,66,1,5,False,1,1
6242,82,unweighted_fl,10,0.1042993630573248,0,27,None,66,1,5,False,1,1
6243,83,unweighted_fl,10,0.123109076433121,0,27,None,66,1,5,False,1,1
6244,84,unweighted_fl,10,0.1454020700636942,0,27,None,66,1,5,False,1,1
6245,80,unweighted_fl,10,0.0995222929936305,0,28,None,66,1,5,False,1,1
6246,81,unweighted_fl,10,0.0995222929936305,0,28,None,66,1,5,False,1,1
6247,82,unweighted_fl,10,0.0995222929936305,0,28,None,66,1,5,False,1,1
6248,83,unweighted_fl,10,0.0997213375796178,0,28,None,66,1,5,False,1,1
6249,84,unweighted_fl,10,0.1105692675159235,0,28,None,66,1,5,False,1,1
6250,80,unweighted_fl,10,0.0995222929936305,0,29,None,66,1,5,False,1,1
6251,81,unweighted_fl,10,0.0996218152866242,0,29,None,66,1,5,False,1,1
6252,82,unweighted_fl,10,0.0996218152866242,0,29,None,66,1,5,False,1,1
6253,83,unweighted_fl,10,0.0998208598726114,0,29,None,66,1,5,False,1,1
6254,84,unweighted_fl,10,0.1007165605095541,0,29,None,66,1,5,False,1,1
6255,80,unweighted_fl,10,0.0995222929936305,0,30,None,66,1,5,False,1,1
6256,81,unweighted_fl,10,0.0995222929936305,0,30,None,66,1,5,False,1,1
6257,82,unweighted_fl,10,0.0995222929936305,0,30,None,66,1,5,False,1,1
6258,83,unweighted_fl,10,0.0995222929936305,0,30,None,66,1,5,False,1,1
6259,84,unweighted_fl,10,0.0996218152866242,0,30,None,66,1,5,False,1,1
6260,80,unweighted_fl,10,0.0995222929936305,0,31,None,66,1,5,False,1,1
6261,81,unweighted_fl,10,0.0995222929936305,0,31,None,66,1,5,False,1,1
6262,82,unweighted_fl,10,0.0995222929936305,0,31,None,66,1,5,False,1,1
6263,83,unweighted_fl,10,0.0995222929936305,0,31,None,66,1,5,False,1,1
6264,84,unweighted_fl,10,0.0995222929936305,0,31,None,66,1,5,False,1,1
6265,80,unweighted_fl,10,0.0996218152866242,0,32,None,66,1,5,False,1,1
6266,81,unweighted_fl,10,0.0996218152866242,0,32,None,66,1,5,False,1,1
6267,82,unweighted_fl,10,0.1041003184713375,0,32,None,66,1,5,False,1,1
6268,83,unweighted_fl,10,0.1176353503184713,0,32,None,66,1,5,False,1,1
6269,84,unweighted_fl,10,0.1404259554140127,0,32,None,66,1,5,False,1,1
6270,85,unweighted_fl,10,0.192078025477707,0,0,None,66,1,5,False,1,1
6271,86,unweighted_fl,10,0.1971536624203821,0,0,None,66,1,5,False,1,1
6272,87,unweighted_fl,10,0.1981488853503184,0,0,None,66,1,5,False,1,1
6273,88,unweighted_fl,10,0.1984474522292993,0,0,None,66,1,5,False,1,1
6274,89,unweighted_fl,10,0.1984474522292993,0,0,None,66,1,5,False,1,1
6275,85,unweighted_fl,10,0.1415207006369426,0,2,None,66,1,5,False,1,1
6276,86,unweighted_fl,10,0.1838176751592356,0,2,None,66,1,5,False,1,1
6277,87,unweighted_fl,10,0.2095939490445859,0,2,None,66,1,5,False,1,1
6278,88,unweighted_fl,10,0.2203423566878981,0,2,None,66,1,5,False,1,1
6279,89,unweighted_fl,10,0.2247213375796178,0,2,None,66,1,5,False,1,1
6280,85,unweighted_fl,10,0.1375398089171974,0,1,None,66,1,5,False,1,1
6281,86,unweighted_fl,10,0.1668988853503184,0,1,None,66,1,5,False,1,1
6282,87,unweighted_fl,10,0.1804339171974522,0,1,None,66,1,5,False,1,1
6283,88,unweighted_fl,10,0.1863057324840764,0,1,None,66,1,5,False,1,1
6284,89,unweighted_fl,10,0.190187101910828,0,1,None,66,1,5,False,1,1
6285,85,unweighted_fl,10,0.130374203821656,0,3,None,66,1,5,False,1,1
6286,86,unweighted_fl,10,0.1491839171974522,0,3,None,66,1,5,False,1,1
6287,87,unweighted_fl,10,0.1530652866242038,0,3,None,66,1,5,False,1,1
6288,88,unweighted_fl,10,0.164311305732484,0,3,None,66,1,5,False,1,1
6289,89,unweighted_fl,10,0.2040207006369426,0,3,None,66,1,5,False,1,1
6290,85,unweighted_fl,10,0.1311703821656051,0,5,None,66,1,5,False,1,1
6291,86,unweighted_fl,10,0.1480891719745223,0,5,None,66,1,5,False,1,1
6292,87,unweighted_fl,10,0.1506767515923567,0,5,None,66,1,5,False,1,1
6293,88,unweighted_fl,10,0.1526671974522293,0,5,None,66,1,5,False,1,1
6294,89,unweighted_fl,10,0.1540605095541401,0,5,None,66,1,5,False,1,1
6295,85,unweighted_fl,10,0.0996218152866242,0,4,None,66,1,5,False,1,1
6296,86,unweighted_fl,10,0.0996218152866242,0,4,None,66,1,5,False,1,1
6297,87,unweighted_fl,10,0.1001194267515923,0,4,None,66,1,5,False,1,1
6298,88,unweighted_fl,10,0.1020103503184713,0,4,None,66,1,5,False,1,1
6299,89,unweighted_fl,10,0.1085788216560509,0,4,None,66,1,5,False,1,1
6300,85,unweighted_fl,10,0.1000199044585987,0,6,None,66,1,5,False,1,1
6301,86,unweighted_fl,10,0.1002189490445859,0,6,None,66,1,5,False,1,1
6302,87,unweighted_fl,10,0.1003184713375796,0,6,None,66,1,5,False,1,1
6303,88,unweighted_fl,10,0.1004179936305732,0,6,None,66,1,5,False,1,1
6304,89,unweighted_fl,10,0.1012141719745222,0,6,None,66,1,5,False,1,1
6305,85,unweighted_fl,10,0.1006170382165605,0,8,None,66,1,5,False,1,1
6306,86,unweighted_fl,10,0.1017117834394904,0,8,None,66,1,5,False,1,1
6307,87,unweighted_fl,10,0.1016122611464968,0,8,None,66,1,5,False,1,1
6308,88,unweighted_fl,10,0.1021098726114649,0,8,None,66,1,5,False,1,1
6309,89,unweighted_fl,10,0.1025079617834394,0,8,None,66,1,5,False,1,1
6310,85,unweighted_fl,10,0.1379378980891719,0,9,None,66,1,5,False,1,1
6311,86,unweighted_fl,10,0.1606289808917197,0,9,None,66,1,5,False,1,1
6312,87,unweighted_fl,10,0.1739649681528662,0,9,None,66,1,5,False,1,1
6313,88,unweighted_fl,10,0.1806329617834395,0,9,None,66,1,5,False,1,1
6314,89,unweighted_fl,10,0.1855095541401273,0,9,None,66,1,5,False,1,1
6315,85,unweighted_fl,10,0.1221138535031847,0,7,None,66,1,5,False,1,1
6316,86,unweighted_fl,10,0.1624203821656051,0,7,None,66,1,5,False,1,1
6317,87,unweighted_fl,10,0.2024283439490445,0,7,None,66,1,5,False,1,1
6318,88,unweighted_fl,10,0.2235270700636942,0,7,None,66,1,5,False,1,1
6319,89,unweighted_fl,10,0.2326831210191083,0,7,None,66,1,5,False,1,1
6320,85,unweighted_fl,10,0.0980294585987261,0,10,None,66,1,5,False,1,1
6321,86,unweighted_fl,10,0.0982285031847133,0,10,None,66,1,5,False,1,1
6322,87,unweighted_fl,10,0.0985270700636942,0,10,None,66,1,5,False,1,1
6323,88,unweighted_fl,10,0.1027070063694267,0,10,None,66,1,5,False,1,1
6324,89,unweighted_fl,10,0.1165406050955414,0,10,None,66,1,5,False,1,1
6325,85,unweighted_fl,10,0.0995222929936305,0,11,None,66,1,5,False,1,1
6326,86,unweighted_fl,10,0.0995222929936305,0,11,None,66,1,5,False,1,1
6327,87,unweighted_fl,10,0.0995222929936305,0,11,None,66,1,5,False,1,1
6328,88,unweighted_fl,10,0.0995222929936305,0,11,None,66,1,5,False,1,1
6329,89,unweighted_fl,10,0.1040007961783439,0,11,None,66,1,5,False,1,1
6330,85,unweighted_fl,10,0.0995222929936305,0,12,None,66,1,5,False,1,1
6331,86,unweighted_fl,10,0.1007165605095541,0,12,None,66,1,5,False,1,1
6332,87,unweighted_fl,10,0.1073845541401273,0,12,None,66,1,5,False,1,1
6333,88,unweighted_fl,10,0.1226114649681528,0,12,None,66,1,5,False,1,1
6334,89,unweighted_fl,10,0.1378383757961783,0,12,None,66,1,5,False,1,1
6335,85,unweighted_fl,10,0.1001194267515923,0,13,None,66,1,5,False,1,1
6336,86,unweighted_fl,10,0.1079816878980891,0,13,None,66,1,5,False,1,1
6337,87,unweighted_fl,10,0.1527667197452229,0,13,None,66,1,5,False,1,1
6338,88,unweighted_fl,10,0.1833200636942675,0,13,None,66,1,5,False,1,1
6339,89,unweighted_fl,10,0.1939689490445859,0,13,None,66,1,5,False,1,1
6340,85,unweighted_fl,10,0.1472929936305732,0,14,None,66,1,5,False,1,1
6341,86,unweighted_fl,10,0.1709792993630573,0,14,None,66,1,5,False,1,1
6342,87,unweighted_fl,10,0.1811305732484076,0,14,None,66,1,5,False,1,1
6343,88,unweighted_fl,10,0.1868033439490445,0,14,None,66,1,5,False,1,1
6344,89,unweighted_fl,10,0.1885947452229299,0,14,None,66,1,5,False,1,1
6345,85,unweighted_fl,10,0.0995222929936305,0,16,None,66,1,5,False,1,1
6346,86,unweighted_fl,10,0.0995222929936305,0,16,None,66,1,5,False,1,1
6347,87,unweighted_fl,10,0.0995222929936305,0,16,None,66,1,5,False,1,1
6348,88,unweighted_fl,10,0.0995222929936305,0,16,None,66,1,5,False,1,1
6349,89,unweighted_fl,10,0.1005175159235668,0,16,None,66,1,5,False,1,1
6350,85,unweighted_fl,10,0.0994227707006369,0,15,None,66,1,5,False,1,1
6351,86,unweighted_fl,10,0.0994227707006369,0,15,None,66,1,5,False,1,1
6352,87,unweighted_fl,10,0.1003184713375796,0,15,None,66,1,5,False,1,1
6353,88,unweighted_fl,10,0.117436305732484,0,15,None,66,1,5,False,1,1
6354,89,unweighted_fl,10,0.1626194267515923,0,15,None,66,1,5,False,1,1
6355,85,unweighted_fl,10,0.1007165605095541,0,17,None,66,1,5,False,1,1
6356,86,unweighted_fl,10,0.101015127388535,0,17,None,66,1,5,False,1,1
6357,87,unweighted_fl,10,0.1047969745222929,0,17,None,66,1,5,False,1,1
6358,88,unweighted_fl,10,0.112062101910828,0,17,None,66,1,5,False,1,1
6359,89,unweighted_fl,10,0.1283837579617834,0,17,None,66,1,5,False,1,1
6360,85,unweighted_fl,10,0.1604299363057325,0,18,None,66,1,5,False,1,1
6361,86,unweighted_fl,10,0.1824243630573248,0,18,None,66,1,5,False,1,1
6362,87,unweighted_fl,10,0.1912818471337579,0,18,None,66,1,5,False,1,1
6363,88,unweighted_fl,10,0.1937699044585987,0,18,None,66,1,5,False,1,1
6364,89,unweighted_fl,10,0.1950636942675159,0,18,None,66,1,5,False,1,1
6365,85,unweighted_fl,10,0.1316679936305732,0,19,None,66,1,5,False,1,1
6366,86,unweighted_fl,10,0.1733678343949044,0,19,None,66,1,5,False,1,1
6367,87,unweighted_fl,10,0.1897890127388535,0,19,None,66,1,5,False,1,1
6368,88,unweighted_fl,10,0.1984474522292993,0,19,None,66,1,5,False,1,1
6369,89,unweighted_fl,10,0.1998407643312102,0,19,None,66,1,5,False,1,1
6370,85,unweighted_fl,10,0.1343550955414012,0,21,None,66,1,5,False,1,1
6371,86,unweighted_fl,10,0.132265127388535,0,21,None,66,1,5,False,1,1
6372,87,unweighted_fl,10,0.1869028662420382,0,21,None,66,1,5,False,1,1
6373,88,unweighted_fl,10,0.2199442675159235,0,21,None,66,1,5,False,1,1
6374,89,unweighted_fl,10,0.2311902866242038,0,21,None,66,1,5,False,1,1
6375,85,unweighted_fl,10,0.0995222929936305,0,22,None,66,1,5,False,1,1
6376,86,unweighted_fl,10,0.0996218152866242,0,22,None,66,1,5,False,1,1
6377,87,unweighted_fl,10,0.10828025477707,0,22,None,66,1,5,False,1,1
6378,88,unweighted_fl,10,0.1563495222929936,0,22,None,66,1,5,False,1,1
6379,89,unweighted_fl,10,0.1843152866242038,0,22,None,66,1,5,False,1,1
6380,85,unweighted_fl,10,0.1122611464968152,0,20,None,66,1,5,False,1,1
6381,86,unweighted_fl,10,0.159733280254777,0,20,None,66,1,5,False,1,1
6382,87,unweighted_fl,10,0.1870023885350318,0,20,None,66,1,5,False,1,1
6383,88,unweighted_fl,10,0.195561305732484,0,20,None,66,1,5,False,1,1
6384,89,unweighted_fl,10,0.1979498407643312,0,20,None,66,1,5,False,1,1
6385,85,unweighted_fl,10,0.0995222929936305,0,23,None,66,1,5,False,1,1
6386,86,unweighted_fl,10,0.0995222929936305,0,23,None,66,1,5,False,1,1
6387,87,unweighted_fl,10,0.0995222929936305,0,23,None,66,1,5,False,1,1
6388,88,unweighted_fl,10,0.0995222929936305,0,23,None,66,1,5,False,1,1
6389,89,unweighted_fl,10,0.0995222929936305,0,23,None,66,1,5,False,1,1
6390,85,unweighted_fl,10,0.1019108280254777,0,24,None,66,1,5,False,1,1
6391,86,unweighted_fl,10,0.1068869426751592,0,24,None,66,1,5,False,1,1
6392,87,unweighted_fl,10,0.1129578025477707,0,24,None,66,1,5,False,1,1
6393,88,unweighted_fl,10,0.1199243630573248,0,24,None,66,1,5,False,1,1
6394,89,unweighted_fl,10,0.1258957006369426,0,24,None,66,1,5,False,1,1
6395,85,unweighted_fl,10,0.1163415605095541,0,25,None,66,1,5,False,1,1
6396,86,unweighted_fl,10,0.1217157643312101,0,25,None,66,1,5,False,1,1
6397,87,unweighted_fl,10,0.1251990445859872,0,25,None,66,1,5,False,1,1
6398,88,unweighted_fl,10,0.1266918789808917,0,25,None,66,1,5,False,1,1
6399,89,unweighted_fl,10,0.1293789808917197,0,25,None,66,1,5,False,1,1
6400,85,unweighted_fl,10,0.1003184713375796,0,26,None,66,1,5,False,1,1
6401,86,unweighted_fl,10,0.1112659235668789,0,26,None,66,1,5,False,1,1
6402,87,unweighted_fl,10,0.1356488853503184,0,26,None,66,1,5,False,1,1
6403,88,unweighted_fl,10,0.1674960191082802,0,26,None,66,1,5,False,1,1
6404,89,unweighted_fl,10,0.1945660828025477,0,26,None,66,1,5,False,1,1
6405,85,unweighted_fl,10,0.0995222929936305,0,28,None,66,1,5,False,1,1
6406,86,unweighted_fl,10,0.1002189490445859,0,28,None,66,1,5,False,1,1
6407,87,unweighted_fl,10,0.1200238853503184,0,28,None,66,1,5,False,1,1
6408,88,unweighted_fl,10,0.1453025477707006,0,28,None,66,1,5,False,1,1
6409,89,unweighted_fl,10,0.1639132165605095,0,28,None,66,1,5,False,1,1
6410,85,unweighted_fl,10,0.1002189490445859,0,29,None,66,1,5,False,1,1
6411,86,unweighted_fl,10,0.1035031847133758,0,29,None,66,1,5,False,1,1
6412,87,unweighted_fl,10,0.1067874203821656,0,29,None,66,1,5,False,1,1
6413,88,unweighted_fl,10,0.110967356687898,0,29,None,66,1,5,False,1,1
6414,89,unweighted_fl,10,0.1148487261146496,0,29,None,66,1,5,False,1,1
6415,85,unweighted_fl,10,0.1079816878980891,0,27,None,66,1,5,False,1,1
6416,86,unweighted_fl,10,0.1332603503184713,0,27,None,66,1,5,False,1,1
6417,87,unweighted_fl,10,0.1557523885350318,0,27,None,66,1,5,False,1,1
6418,88,unweighted_fl,10,0.1703821656050955,0,27,None,66,1,5,False,1,1
6419,89,unweighted_fl,10,0.1789410828025477,0,27,None,66,1,5,False,1,1
6420,85,unweighted_fl,10,0.0996218152866242,0,30,None,66,1,5,False,1,1
6421,86,unweighted_fl,10,0.0997213375796178,0,30,None,66,1,5,False,1,1
6422,87,unweighted_fl,10,0.1076831210191082,0,30,None,66,1,5,False,1,1
6423,88,unweighted_fl,10,0.1445063694267516,0,30,None,66,1,5,False,1,1
6424,89,unweighted_fl,10,0.1722730891719745,0,30,None,66,1,5,False,1,1
6425,85,unweighted_fl,10,0.101015127388535,0,31,None,66,1,5,False,1,1
6426,86,unweighted_fl,10,0.0995222929936305,0,31,None,66,1,5,False,1,1
6427,87,unweighted_fl,10,0.0995222929936305,0,31,None,66,1,5,False,1,1
6428,88,unweighted_fl,10,0.0995222929936305,0,31,None,66,1,5,False,1,1
6429,89,unweighted_fl,10,0.0995222929936305,0,31,None,66,1,5,False,1,1
6430,85,unweighted_fl,10,0.1099721337579617,0,32,None,66,1,5,False,1,1
6431,86,unweighted_fl,10,0.1503781847133758,0,32,None,66,1,5,False,1,1
6432,87,unweighted_fl,10,0.1774482484076433,0,32,None,66,1,5,False,1,1
6433,88,unweighted_fl,10,0.1877985668789809,0,32,None,66,1,5,False,1,1
6434,89,unweighted_fl,10,0.1934713375796178,0,32,None,66,1,5,False,1,1
6435,90,unweighted_fl,10,0.1752587579617834,0,1,None,66,1,5,False,1,1
6436,91,unweighted_fl,10,0.1859076433121019,0,1,None,66,1,5,False,1,1
6437,92,unweighted_fl,10,0.1924761146496815,0,1,None,66,1,5,False,1,1
6438,93,unweighted_fl,10,0.1941679936305732,0,1,None,66,1,5,False,1,1
6439,94,unweighted_fl,10,0.1958598726114649,0,1,None,66,1,5,False,1,1
6440,90,unweighted_fl,10,0.208499203821656,0,2,None,66,1,5,False,1,1
6441,91,unweighted_fl,10,0.2208399681528662,0,2,None,66,1,5,False,1,1
6442,92,unweighted_fl,10,0.2239251592356688,0,2,None,66,1,5,False,1,1
6443,93,unweighted_fl,10,0.2246218152866242,0,2,None,66,1,5,False,1,1
6444,94,unweighted_fl,10,0.2250199044585987,0,2,None,66,1,5,False,1,1
6445,90,unweighted_fl,10,0.2025278662420382,0,0,None,66,1,5,False,1,1
6446,91,unweighted_fl,10,0.1987460191082802,0,0,None,66,1,5,False,1,1
6447,92,unweighted_fl,10,0.1988455414012739,0,0,None,66,1,5,False,1,1
6448,93,unweighted_fl,10,0.1986464968152866,0,0,None,66,1,5,False,1,1
6449,94,unweighted_fl,10,0.1984474522292993,0,0,None,66,1,5,False,1,1
6450,90,unweighted_fl,10,0.2043192675159235,0,3,None,66,1,5,False,1,1
6451,91,unweighted_fl,10,0.2293988853503184,0,3,None,66,1,5,False,1,1
6452,92,unweighted_fl,10,0.2429339171974522,0,3,None,66,1,5,False,1,1
6453,93,unweighted_fl,10,0.2431329617834395,0,3,None,66,1,5,False,1,1
6454,94,unweighted_fl,10,0.2386544585987261,0,3,None,66,1,5,False,1,1
6455,90,unweighted_fl,10,0.1577428343949044,0,4,None,66,1,5,False,1,1
6456,91,unweighted_fl,10,0.1634156050955414,0,4,None,66,1,5,False,1,1
6457,92,unweighted_fl,10,0.1733678343949044,0,4,None,66,1,5,False,1,1
6458,93,unweighted_fl,10,0.1821257961783439,0,4,None,66,1,5,False,1,1
6459,94,unweighted_fl,10,0.1881966560509554,0,4,None,66,1,5,False,1,1
6460,90,unweighted_fl,10,0.1332603503184713,0,5,None,66,1,5,False,1,1
6461,91,unweighted_fl,10,0.1557523885350318,0,5,None,66,1,5,False,1,1
6462,92,unweighted_fl,10,0.1622213375796178,0,5,None,66,1,5,False,1,1
6463,93,unweighted_fl,10,0.1651074840764331,0,5,None,66,1,5,False,1,1
6464,94,unweighted_fl,10,0.1671974522292993,0,5,None,66,1,5,False,1,1
6465,90,unweighted_fl,10,0.1311703821656051,0,6,None,66,1,5,False,1,1
6466,91,unweighted_fl,10,0.1529657643312102,0,6,None,66,1,5,False,1,1
6467,92,unweighted_fl,10,0.1636146496815286,0,6,None,66,1,5,False,1,1
6468,93,unweighted_fl,10,0.1728702229299363,0,6,None,66,1,5,False,1,1
6469,94,unweighted_fl,10,0.1833200636942675,0,6,None,66,1,5,False,1,1
6470,90,unweighted_fl,10,0.226015127388535,0,7,None,66,1,5,False,1,1
6471,91,unweighted_fl,10,0.2373606687898089,0,7,None,66,1,5,False,1,1
6472,92,unweighted_fl,10,0.2395501592356688,0,7,None,66,1,5,False,1,1
6473,93,unweighted_fl,10,0.2407444267515923,0,7,None,66,1,5,False,1,1
6474,94,unweighted_fl,10,0.2433320063694267,0,7,None,66,1,5,False,1,1
6475,90,unweighted_fl,10,0.1748606687898089,0,9,None,66,1,5,False,1,1
6476,91,unweighted_fl,10,0.1825238853503184,0,9,None,66,1,5,False,1,1
6477,92,unweighted_fl,10,0.188296178343949,0,9,None,66,1,5,False,1,1
6478,93,unweighted_fl,10,0.1915804140127388,0,9,None,66,1,5,False,1,1
6479,94,unweighted_fl,10,0.1934713375796178,0,9,None,66,1,5,False,1,1
6480,90,unweighted_fl,10,0.1462977707006369,0,10,None,66,1,5,False,1,1
6481,91,unweighted_fl,10,0.1571457006369426,0,10,None,66,1,5,False,1,1
6482,92,unweighted_fl,10,0.1710788216560509,0,10,None,66,1,5,False,1,1
6483,93,unweighted_fl,10,0.1825238853503184,0,10,None,66,1,5,False,1,1
6484,94,unweighted_fl,10,0.18640525477707,0,10,None,66,1,5,False,1,1
6485,90,unweighted_fl,10,0.1106687898089172,0,8,None,66,1,5,False,1,1
6486,91,unweighted_fl,10,0.1064888535031847,0,8,None,66,1,5,False,1,1
6487,92,unweighted_fl,10,0.1062898089171974,0,8,None,66,1,5,False,1,1
6488,93,unweighted_fl,10,0.1069864649681528,0,8,None,66,1,5,False,1,1
6489,94,unweighted_fl,10,0.1083797770700636,0,8,None,66,1,5,False,1,1
6490,90,unweighted_fl,10,0.1183320063694267,0,11,None,66,1,5,False,1,1
6491,91,unweighted_fl,10,0.1363455414012739,0,11,None,66,1,5,False,1,1
6492,92,unweighted_fl,10,0.1526671974522293,0,11,None,66,1,5,False,1,1
6493,93,unweighted_fl,10,0.1653065286624203,0,11,None,66,1,5,False,1,1
6494,94,unweighted_fl,10,0.1766520700636942,0,11,None,66,1,5,False,1,1
6495,90,unweighted_fl,10,0.1492834394904458,0,12,None,66,1,5,False,1,1
6496,91,unweighted_fl,10,0.1552547770700637,0,12,None,66,1,5,False,1,1
6497,92,unweighted_fl,10,0.163515127388535,0,12,None,66,1,5,False,1,1
6498,93,unweighted_fl,10,0.1700835987261146,0,12,None,66,1,5,False,1,1
6499,94,unweighted_fl,10,0.177249203821656,0,12,None,66,1,5,False,1,1
6500,90,unweighted_fl,10,0.1767515923566879,0,14,None,66,1,5,False,1,1
6501,91,unweighted_fl,10,0.1854100318471337,0,14,None,66,1,5,False,1,1
6502,92,unweighted_fl,10,0.1905851910828025,0,14,None,66,1,5,False,1,1
6503,93,unweighted_fl,10,0.1927746815286624,0,14,None,66,1,5,False,1,1
6504,94,unweighted_fl,10,0.1941679936305732,0,14,None,66,1,5,False,1,1
6505,90,unweighted_fl,10,0.1833200636942675,0,13,None,66,1,5,False,1,1
6506,91,unweighted_fl,10,0.1938694267515923,0,13,None,66,1,5,False,1,1
6507,92,unweighted_fl,10,0.1963574840764331,0,13,None,66,1,5,False,1,1
6508,93,unweighted_fl,10,0.1976512738853503,0,13,None,66,1,5,False,1,1
6509,94,unweighted_fl,10,0.1976512738853503,0,13,None,66,1,5,False,1,1
6510,90,unweighted_fl,10,0.1688893312101911,0,15,None,66,1,5,False,1,1
6511,91,unweighted_fl,10,0.1849124203821656,0,15,None,66,1,5,False,1,1
6512,92,unweighted_fl,10,0.1937699044585987,0,15,None,66,1,5,False,1,1
6513,93,unweighted_fl,10,0.1962579617834395,0,15,None,66,1,5,False,1,1
6514,94,unweighted_fl,10,0.1975517515923567,0,15,None,66,1,5,False,1,1
6515,90,unweighted_fl,10,0.1052945859872611,0,16,None,66,1,5,False,1,1
6516,91,unweighted_fl,10,0.1113654458598726,0,16,None,66,1,5,False,1,1
6517,92,unweighted_fl,10,0.1196257961783439,0,16,None,66,1,5,False,1,1
6518,93,unweighted_fl,10,0.1279856687898089,0,16,None,66,1,5,False,1,1
6519,94,unweighted_fl,10,0.1354498407643312,0,16,None,66,1,5,False,1,1
6520,90,unweighted_fl,10,0.182921974522293,0,18,None,66,1,5,False,1,1
6521,91,unweighted_fl,10,0.1925756369426751,0,18,None,66,1,5,False,1,1
6522,92,unweighted_fl,10,0.1956608280254777,0,18,None,66,1,5,False,1,1
6523,93,unweighted_fl,10,0.1967555732484076,0,18,None,66,1,5,False,1,1
6524,94,unweighted_fl,10,0.1965565286624203,0,18,None,66,1,5,False,1,1
6525,90,unweighted_fl,10,0.2032245222929936,0,19,None,66,1,5,False,1,1
6526,91,unweighted_fl,10,0.2118829617834395,0,19,None,66,1,5,False,1,1
6527,92,unweighted_fl,10,0.2138734076433121,0,19,None,66,1,5,False,1,1
6528,93,unweighted_fl,10,0.2137738853503184,0,19,None,66,1,5,False,1,1
6529,94,unweighted_fl,10,0.2135748407643312,0,19,None,66,1,5,False,1,1
6530,90,unweighted_fl,10,0.1508757961783439,0,17,None,66,1,5,False,1,1
6531,91,unweighted_fl,10,0.1836186305732484,0,17,None,66,1,5,False,1,1
6532,92,unweighted_fl,10,0.1763535031847133,0,17,None,66,1,5,False,1,1
6533,93,unweighted_fl,10,0.1807324840764331,0,17,None,66,1,5,False,1,1
6534,94,unweighted_fl,10,0.1840167197452229,0,17,None,66,1,5,False,1,1
6535,90,unweighted_fl,10,0.1905851910828025,0,20,None,66,1,5,False,1,1
6536,91,unweighted_fl,10,0.1967555732484076,0,20,None,66,1,5,False,1,1
6537,92,unweighted_fl,10,0.1983479299363057,0,20,None,66,1,5,False,1,1
6538,93,unweighted_fl,10,0.1994426751592356,0,20,None,66,1,5,False,1,1
6539,94,unweighted_fl,10,0.1995421974522293,0,20,None,66,1,5,False,1,1
6540,90,unweighted_fl,10,0.2025278662420382,0,21,None,66,1,5,False,1,1
6541,91,unweighted_fl,10,0.2144705414012739,0,21,None,66,1,5,False,1,1
6542,92,unweighted_fl,10,0.2217356687898089,0,21,None,66,1,5,False,1,1
6543,93,unweighted_fl,10,0.2276074840764331,0,21,None,66,1,5,False,1,1
6544,94,unweighted_fl,10,0.2299960191082802,0,21,None,66,1,5,False,1,1
6545,90,unweighted_fl,10,0.1723726114649681,0,22,None,66,1,5,False,1,1
6546,91,unweighted_fl,10,0.190187101910828,0,22,None,66,1,5,False,1,1
6547,92,unweighted_fl,10,0.1954617834394904,0,22,None,66,1,5,False,1,1
6548,93,unweighted_fl,10,0.1977507961783439,0,22,None,66,1,5,False,1,1
6549,94,unweighted_fl,10,0.1984474522292993,0,22,None,66,1,5,False,1,1
6550,90,unweighted_fl,10,0.1030055732484076,0,23,None,66,1,5,False,1,1
6551,91,unweighted_fl,10,0.1306727707006369,0,23,None,66,1,5,False,1,1
6552,92,unweighted_fl,10,0.1761544585987261,0,23,None,66,1,5,False,1,1
6553,93,unweighted_fl,10,0.1961584394904458,0,23,None,66,1,5,False,1,1
6554,94,unweighted_fl,10,0.2114848726114649,0,23,None,66,1,5,False,1,1
6555,90,unweighted_fl,10,0.1302746815286624,0,24,None,66,1,5,False,1,1
6556,91,unweighted_fl,10,0.1429140127388535,0,24,None,66,1,5,False,1,1
6557,92,unweighted_fl,10,0.1517714968152866,0,24,None,66,1,5,False,1,1
6558,93,unweighted_fl,10,0.1590366242038216,0,24,None,66,1,5,False,1,1
6559,94,unweighted_fl,10,0.1650079617834395,0,24,None,66,1,5,False,1,1
6560,90,unweighted_fl,10,0.1434116242038216,0,25,None,66,1,5,False,1,1
6561,91,unweighted_fl,10,0.151671974522293,0,25,None,66,1,5,False,1,1
6562,92,unweighted_fl,10,0.1599323248407643,0,25,None,66,1,5,False,1,1
6563,93,unweighted_fl,10,0.1684912420382165,0,25,None,66,1,5,False,1,1
6564,94,unweighted_fl,10,0.1767515923566879,0,25,None,66,1,5,False,1,1
6565,90,unweighted_fl,10,0.1869028662420382,0,26,None,66,1,5,False,1,1
6566,91,unweighted_fl,10,0.206608280254777,0,26,None,66,1,5,False,1,1
6567,92,unweighted_fl,10,0.2208399681528662,0,26,None,66,1,5,False,1,1
6568,93,unweighted_fl,10,0.2275079617834395,0,26,None,66,1,5,False,1,1
6569,94,unweighted_fl,10,0.2320859872611465,0,26,None,66,1,5,False,1,1
6570,90,unweighted_fl,10,0.1620222929936305,0,27,None,66,1,5,False,1,1
6571,91,unweighted_fl,10,0.1758558917197452,0,27,None,66,1,5,False,1,1
6572,92,unweighted_fl,10,0.1845143312101911,0,27,None,66,1,5,False,1,1
6573,93,unweighted_fl,10,0.1908837579617834,0,27,None,66,1,5,False,1,1
6574,94,unweighted_fl,10,0.1958598726114649,0,27,None,66,1,5,False,1,1
6575,90,unweighted_fl,10,0.1348527070063694,0,28,None,66,1,5,False,1,1
6576,91,unweighted_fl,10,0.1588375796178344,0,28,None,66,1,5,False,1,1
6577,92,unweighted_fl,10,0.1742635350318471,0,28,None,66,1,5,False,1,1
6578,93,unweighted_fl,10,0.1817277070063694,0,28,None,66,1,5,False,1,1
6579,94,unweighted_fl,10,0.1872014331210191,0,28,None,66,1,5,False,1,1
6580,90,unweighted_fl,10,0.1241042993630573,0,29,None,66,1,5,False,1,1
6581,91,unweighted_fl,10,0.1357484076433121,0,29,None,66,1,5,False,1,1
6582,92,unweighted_fl,10,0.1426154458598726,0,29,None,66,1,5,False,1,1
6583,93,unweighted_fl,10,0.1480891719745223,0,29,None,66,1,5,False,1,1
6584,94,unweighted_fl,10,0.1527667197452229,0,29,None,66,1,5,False,1,1
6585,90,unweighted_fl,10,0.1655055732484076,0,30,None,66,1,5,False,1,1
6586,91,unweighted_fl,10,0.1815286624203821,0,30,None,66,1,5,False,1,1
6587,92,unweighted_fl,10,0.2212380573248407,0,30,None,66,1,5,False,1,1
6588,93,unweighted_fl,10,0.2573646496815286,0,30,None,66,1,5,False,1,1
6589,94,unweighted_fl,10,0.2567675159235669,0,30,None,66,1,5,False,1,1
6590,90,unweighted_fl,10,0.1418192675159235,0,31,None,66,1,5,False,1,1
6591,91,unweighted_fl,10,0.1278861464968153,0,31,None,66,1,5,False,1,1
6592,92,unweighted_fl,10,0.1258957006369426,0,31,None,66,1,5,False,1,1
6593,93,unweighted_fl,10,0.1287818471337579,0,31,None,66,1,5,False,1,1
6594,94,unweighted_fl,10,0.1323646496815286,0,31,None,66,1,5,False,1,1
6595,90,unweighted_fl,10,0.1878980891719745,0,32,None,66,1,5,False,1,1
6596,91,unweighted_fl,10,0.194765127388535,0,32,None,66,1,5,False,1,1
6597,92,unweighted_fl,10,0.1960589171974522,0,32,None,66,1,5,False,1,1
6598,93,unweighted_fl,10,0.197452229299363,0,32,None,66,1,5,False,1,1
6599,94,unweighted_fl,10,0.1981488853503184,0,32,None,66,1,5,False,1,1
6600,95,unweighted_fl,10,0.2071058917197452,0,0,None,66,1,5,False,1,1
6601,96,unweighted_fl,10,0.2001393312101911,0,0,None,66,1,5,False,1,1
6602,97,unweighted_fl,10,0.1988455414012739,0,0,None,66,1,5,False,1,1
6603,98,unweighted_fl,10,0.1989450636942675,0,0,None,66,1,5,False,1,1
6604,99,unweighted_fl,10,0.1989450636942675,0,0,None,66,1,5,False,1,1
6605,95,unweighted_fl,10,0.192874203821656,0,1,None,66,1,5,False,1,1
6606,96,unweighted_fl,10,0.1981488853503184,0,1,None,66,1,5,False,1,1
6607,97,unweighted_fl,10,0.2008359872611465,0,1,None,66,1,5,False,1,1
6608,98,unweighted_fl,10,0.2005374203821656,0,1,None,66,1,5,False,1,1
6609,99,unweighted_fl,10,0.2009355095541401,0,1,None,66,1,5,False,1,1
6610,95,unweighted_fl,10,0.205812101910828,0,2,None,66,1,5,False,1,1
6611,96,unweighted_fl,10,0.2051154458598726,0,2,None,66,1,5,False,1,1
6612,97,unweighted_fl,10,0.2072054140127388,0,2,None,66,1,5,False,1,1
6613,98,unweighted_fl,10,0.2086982484076433,0,2,None,66,1,5,False,1,1
6614,99,unweighted_fl,10,0.2075039808917197,0,2,None,66,1,5,False,1,1
6615,95,unweighted_fl,10,0.2428343949044586,0,3,None,66,1,5,False,1,1
6616,96,unweighted_fl,10,0.244327229299363,0,3,None,66,1,5,False,1,1
6617,97,unweighted_fl,10,0.2456210191082802,0,3,None,66,1,5,False,1,1
6618,98,unweighted_fl,10,0.2426353503184713,0,3,None,66,1,5,False,1,1
6619,99,unweighted_fl,10,0.2359673566878981,0,3,None,66,1,5,False,1,1
6620,95,unweighted_fl,10,0.2329816878980891,0,5,None,66,1,5,False,1,1
6621,96,unweighted_fl,10,0.1720740445859872,0,5,None,66,1,5,False,1,1
6622,97,unweighted_fl,10,0.1768511146496815,0,5,None,66,1,5,False,1,1
6623,98,unweighted_fl,10,0.179936305732484,0,5,None,66,1,5,False,1,1
6624,99,unweighted_fl,10,0.183718152866242,0,5,None,66,1,5,False,1,1
6625,95,unweighted_fl,10,0.2303941082802547,0,6,None,66,1,5,False,1,1
6626,96,unweighted_fl,10,0.2299960191082802,0,6,None,66,1,5,False,1,1
6627,97,unweighted_fl,10,0.2207404458598726,0,6,None,66,1,5,False,1,1
6628,98,unweighted_fl,10,0.2185509554140127,0,6,None,66,1,5,False,1,1
6629,99,unweighted_fl,10,0.2213375796178344,0,6,None,66,1,5,False,1,1
6630,95,unweighted_fl,10,0.1960589171974522,0,4,None,66,1,5,False,1,1
6631,96,unweighted_fl,10,0.196656050955414,0,4,None,66,1,5,False,1,1
6632,97,unweighted_fl,10,0.1968550955414012,0,4,None,66,1,5,False,1,1
6633,98,unweighted_fl,10,0.1983479299363057,0,4,None,66,1,5,False,1,1
6634,99,unweighted_fl,10,0.199343152866242,0,4,None,66,1,5,False,1,1
6635,95,unweighted_fl,10,0.2220342356687898,0,7,None,66,1,5,False,1,1
6636,96,unweighted_fl,10,0.2200437898089172,0,7,None,66,1,5,False,1,1
6637,97,unweighted_fl,10,0.219546178343949,0,7,None,66,1,5,False,1,1
6638,98,unweighted_fl,10,0.221437101910828,0,7,None,66,1,5,False,1,1
6639,99,unweighted_fl,10,0.2217356687898089,0,7,None,66,1,5,False,1,1
6640,95,unweighted_fl,10,0.1671974522292993,0,8,None,66,1,5,False,1,1
6641,96,unweighted_fl,10,0.1550557324840764,0,8,None,66,1,5,False,1,1
6642,97,unweighted_fl,10,0.150577229299363,0,8,None,66,1,5,False,1,1
6643,98,unweighted_fl,10,0.1494824840764331,0,8,None,66,1,5,False,1,1
6644,99,unweighted_fl,10,0.1504777070063694,0,8,None,66,1,5,False,1,1
6645,95,unweighted_fl,10,0.1891918789808917,0,9,None,66,1,5,False,1,1
6646,96,unweighted_fl,10,0.1921775477707006,0,9,None,66,1,5,False,1,1
6647,97,unweighted_fl,10,0.1940684713375796,0,9,None,66,1,5,False,1,1
6648,98,unweighted_fl,10,0.1950636942675159,0,9,None,66,1,5,False,1,1
6649,99,unweighted_fl,10,0.195561305732484,0,9,None,66,1,5,False,1,1
6650,95,unweighted_fl,10,0.17078025477707,0,11,None,66,1,5,False,1,1
6651,96,unweighted_fl,10,0.179140127388535,0,11,None,66,1,5,False,1,1
6652,97,unweighted_fl,10,0.1840167197452229,0,11,None,66,1,5,False,1,1
6653,98,unweighted_fl,10,0.1879976114649681,0,11,None,66,1,5,False,1,1
6654,99,unweighted_fl,10,0.1925756369426751,0,11,None,66,1,5,False,1,1
6655,95,unweighted_fl,10,0.1776472929936305,0,10,None,66,1,5,False,1,1
6656,96,unweighted_fl,10,0.1845143312101911,0,10,None,66,1,5,False,1,1
6657,97,unweighted_fl,10,0.1887937898089172,0,10,None,66,1,5,False,1,1
6658,98,unweighted_fl,10,0.1916799363057325,0,10,None,66,1,5,False,1,1
6659,99,unweighted_fl,10,0.1930732484076433,0,10,None,66,1,5,False,1,1
6660,95,unweighted_fl,10,0.1815286624203821,0,12,None,66,1,5,False,1,1
6661,96,unweighted_fl,10,0.1846138535031847,0,12,None,66,1,5,False,1,1
6662,97,unweighted_fl,10,0.1873009554140127,0,12,None,66,1,5,False,1,1
6663,98,unweighted_fl,10,0.1917794585987261,0,12,None,66,1,5,False,1,1
6664,99,unweighted_fl,10,0.1956608280254777,0,12,None,66,1,5,False,1,1
6665,95,unweighted_fl,10,0.2101910828025477,0,13,None,66,1,5,False,1,1
6666,96,unweighted_fl,10,0.1978503184713375,0,13,None,66,1,5,False,1,1
6667,97,unweighted_fl,10,0.1972531847133758,0,13,None,66,1,5,False,1,1
6668,98,unweighted_fl,10,0.1973527070063694,0,13,None,66,1,5,False,1,1
6669,99,unweighted_fl,10,0.1975517515923567,0,13,None,66,1,5,False,1,1
6670,95,unweighted_fl,10,0.1896894904458598,0,14,None,66,1,5,False,1,1
6671,96,unweighted_fl,10,0.1927746815286624,0,14,None,66,1,5,False,1,1
6672,97,unweighted_fl,10,0.194765127388535,0,14,None,66,1,5,False,1,1
6673,98,unweighted_fl,10,0.1952627388535031,0,14,None,66,1,5,False,1,1
6674,99,unweighted_fl,10,0.1963574840764331,0,14,None,66,1,5,False,1,1
6675,95,unweighted_fl,10,0.2011345541401273,0,16,None,66,1,5,False,1,1
6676,96,unweighted_fl,10,0.1513734076433121,0,16,None,66,1,5,False,1,1
6677,97,unweighted_fl,10,0.1538614649681528,0,16,None,66,1,5,False,1,1
6678,98,unweighted_fl,10,0.1558519108280254,0,16,None,66,1,5,False,1,1
6679,99,unweighted_fl,10,0.1592356687898089,0,16,None,66,1,5,False,1,1
6680,95,unweighted_fl,10,0.1965565286624203,0,15,None,66,1,5,False,1,1
6681,96,unweighted_fl,10,0.1976512738853503,0,15,None,66,1,5,False,1,1
6682,97,unweighted_fl,10,0.1978503184713375,0,15,None,66,1,5,False,1,1
6683,98,unweighted_fl,10,0.1979498407643312,0,15,None,66,1,5,False,1,1
6684,99,unweighted_fl,10,0.1979498407643312,0,15,None,66,1,5,False,1,1
6685,95,unweighted_fl,10,0.2160628980891719,0,17,None,66,1,5,False,1,1
6686,96,unweighted_fl,10,0.2352707006369426,0,17,None,66,1,5,False,1,1
6687,97,unweighted_fl,10,0.1904856687898089,0,17,None,66,1,5,False,1,1
6688,98,unweighted_fl,10,0.194765127388535,0,17,None,66,1,5,False,1,1
6689,99,unweighted_fl,10,0.1989450636942675,0,17,None,66,1,5,False,1,1
6690,95,unweighted_fl,10,0.1924761146496815,0,18,None,66,1,5,False,1,1
6691,96,unweighted_fl,10,0.1956608280254777,0,18,None,66,1,5,False,1,1
6692,97,unweighted_fl,10,0.1971536624203821,0,18,None,66,1,5,False,1,1
6693,98,unweighted_fl,10,0.1973527070063694,0,18,None,66,1,5,False,1,1
6694,99,unweighted_fl,10,0.1972531847133758,0,18,None,66,1,5,False,1,1
6695,95,unweighted_fl,10,0.2097929936305732,0,19,None,66,1,5,False,1,1
6696,96,unweighted_fl,10,0.2114848726114649,0,19,None,66,1,5,False,1,1
6697,97,unweighted_fl,10,0.2121815286624203,0,19,None,66,1,5,False,1,1
6698,98,unweighted_fl,10,0.2110867834394904,0,19,None,66,1,5,False,1,1
6699,99,unweighted_fl,10,0.2113853503184713,0,19,None,66,1,5,False,1,1
6700,95,unweighted_fl,10,0.2131767515923567,0,21,None,66,1,5,False,1,1
6701,96,unweighted_fl,10,0.2165605095541401,0,21,None,66,1,5,False,1,1
6702,97,unweighted_fl,10,0.2211385350318471,0,21,None,66,1,5,False,1,1
6703,98,unweighted_fl,10,0.2240246815286624,0,21,None,66,1,5,False,1,1
6704,99,unweighted_fl,10,0.2317874203821656,0,21,None,66,1,5,False,1,1
6705,95,unweighted_fl,10,0.1975517515923567,0,22,None,66,1,5,False,1,1
6706,96,unweighted_fl,10,0.199343152866242,0,22,None,66,1,5,False,1,1
6707,97,unweighted_fl,10,0.1997412420382165,0,22,None,66,1,5,False,1,1
6708,98,unweighted_fl,10,0.1999402866242038,0,22,None,66,1,5,False,1,1
6709,99,unweighted_fl,10,0.1997412420382165,0,22,None,66,1,5,False,1,1
6710,95,unweighted_fl,10,0.1983479299363057,0,20,None,66,1,5,False,1,1
6711,96,unweighted_fl,10,0.1989450636942675,0,20,None,66,1,5,False,1,1
6712,97,unweighted_fl,10,0.1986464968152866,0,20,None,66,1,5,False,1,1
6713,98,unweighted_fl,10,0.1991441082802547,0,20,None,66,1,5,False,1,1
6714,99,unweighted_fl,10,0.1992436305732484,0,20,None,66,1,5,False,1,1
6715,95,unweighted_fl,10,0.2078025477707006,0,23,None,66,1,5,False,1,1
6716,96,unweighted_fl,10,0.2025278662420382,0,23,None,66,1,5,False,1,1
6717,97,unweighted_fl,10,0.2000398089171974,0,23,None,66,1,5,False,1,1
6718,98,unweighted_fl,10,0.2026273885350318,0,23,None,66,1,5,False,1,1
6719,99,unweighted_fl,10,0.2040207006369426,0,23,None,66,1,5,False,1,1
6720,95,unweighted_fl,10,0.1950636942675159,0,24,None,66,1,5,False,1,1
6721,96,unweighted_fl,10,0.1883957006369426,0,24,None,66,1,5,False,1,1
6722,97,unweighted_fl,10,0.1780453821656051,0,24,None,66,1,5,False,1,1
6723,98,unweighted_fl,10,0.1816281847133758,0,24,None,66,1,5,False,1,1
6724,99,unweighted_fl,10,0.1866042993630573,0,24,None,66,1,5,False,1,1
6725,95,unweighted_fl,10,0.1991441082802547,0,25,None,66,1,5,False,1,1
6726,96,unweighted_fl,10,0.1984474522292993,0,25,None,66,1,5,False,1,1
6727,97,unweighted_fl,10,0.1998407643312102,0,25,None,66,1,5,False,1,1
6728,98,unweighted_fl,10,0.2009355095541401,0,25,None,66,1,5,False,1,1
6729,99,unweighted_fl,10,0.201234076433121,0,25,None,66,1,5,False,1,1
6730,95,unweighted_fl,10,0.1893909235668789,0,27,None,66,1,5,False,1,1
6731,96,unweighted_fl,10,0.1951632165605095,0,27,None,66,1,5,False,1,1
6732,97,unweighted_fl,10,0.2011345541401273,0,27,None,66,1,5,False,1,1
6733,98,unweighted_fl,10,0.2048168789808917,0,27,None,66,1,5,False,1,1
6734,99,unweighted_fl,10,0.2075039808917197,0,27,None,66,1,5,False,1,1
6735,95,unweighted_fl,10,0.2096934713375796,0,26,None,66,1,5,False,1,1
6736,96,unweighted_fl,10,0.2167595541401273,0,26,None,66,1,5,False,1,1
6737,97,unweighted_fl,10,0.2182523885350318,0,26,None,66,1,5,False,1,1
6738,98,unweighted_fl,10,0.221437101910828,0,26,None,66,1,5,False,1,1
6739,99,unweighted_fl,10,0.2219347133757961,0,26,None,66,1,5,False,1,1
6740,95,unweighted_fl,10,0.1777468152866242,0,28,None,66,1,5,False,1,1
6741,96,unweighted_fl,10,0.1858081210191083,0,28,None,66,1,5,False,1,1
6742,97,unweighted_fl,10,0.1906847133757961,0,28,None,66,1,5,False,1,1
6743,98,unweighted_fl,10,0.1932722929936305,0,28,None,66,1,5,False,1,1
6744,99,unweighted_fl,10,0.1943670382165605,0,28,None,66,1,5,False,1,1
6745,95,unweighted_fl,10,0.2357683121019108,0,29,None,66,1,5,False,1,1
6746,96,unweighted_fl,10,0.2156648089171974,0,29,None,66,1,5,False,1,1
6747,97,unweighted_fl,10,0.1720740445859872,0,29,None,66,1,5,False,1,1
6748,98,unweighted_fl,10,0.1758558917197452,0,29,None,66,1,5,False,1,1
6749,99,unweighted_fl,10,0.1784434713375796,0,29,None,66,1,5,False,1,1
6750,95,unweighted_fl,10,0.2281050955414012,0,30,None,66,1,5,False,1,1
6751,96,unweighted_fl,10,0.2549761146496815,0,30,None,66,1,5,False,1,1
6752,97,unweighted_fl,10,0.2582603503184713,0,30,None,66,1,5,False,1,1
6753,98,unweighted_fl,10,0.2590565286624204,0,30,None,66,1,5,False,1,1
6754,99,unweighted_fl,10,0.2597531847133758,0,30,None,66,1,5,False,1,1
6755,95,unweighted_fl,10,0.1973527070063694,0,32,None,66,1,5,False,1,1
6756,96,unweighted_fl,10,0.1983479299363057,0,32,None,66,1,5,False,1,1
6757,97,unweighted_fl,10,0.1984474522292993,0,32,None,66,1,5,False,1,1
6758,98,unweighted_fl,10,0.198546974522293,0,32,None,66,1,5,False,1,1
6759,99,unweighted_fl,10,0.1986464968152866,0,32,None,66,1,5,False,1,1
6760,95,unweighted_fl,10,0.2065087579617834,0,31,None,66,1,5,False,1,1
6761,96,unweighted_fl,10,0.1934713375796178,0,31,None,66,1,5,False,1,1
6762,97,unweighted_fl,10,0.1886942675159235,0,31,None,66,1,5,False,1,1
6763,98,unweighted_fl,10,0.1888933121019108,0,31,None,66,1,5,False,1,1
6764,99,unweighted_fl,10,0.190187101910828,0,31,None,66,1,5,False,1,1
6765,100,unweighted_fl,10,0.2075039808917197,0,0,None,66,1,5,False,1,1
6766,101,unweighted_fl,10,0.2024283439490445,0,0,None,66,1,5,False,1,1
6767,102,unweighted_fl,10,0.1989450636942675,0,0,None,66,1,5,False,1,1
6768,103,unweighted_fl,10,0.1989450636942675,0,0,None,66,1,5,False,1,1
6769,104,unweighted_fl,10,0.1989450636942675,0,0,None,66,1,5,False,1,1
6770,100,unweighted_fl,10,0.2029259554140127,0,1,None,66,1,5,False,1,1
6771,101,unweighted_fl,10,0.2051154458598726,0,1,None,66,1,5,False,1,1
6772,102,unweighted_fl,10,0.2062101910828025,0,1,None,66,1,5,False,1,1
6773,103,unweighted_fl,10,0.2079020700636942,0,1,None,66,1,5,False,1,1
6774,104,unweighted_fl,10,0.2099920382165605,0,1,None,66,1,5,False,1,1
6775,100,unweighted_fl,10,0.2057125796178344,0,2,None,66,1,5,False,1,1
6776,101,unweighted_fl,10,0.2017316878980891,0,2,None,66,1,5,False,1,1
6777,102,unweighted_fl,10,0.2024283439490445,0,2,None,66,1,5,False,1,1
6778,103,unweighted_fl,10,0.2030254777070063,0,2,None,66,1,5,False,1,1
6779,104,unweighted_fl,10,0.2023288216560509,0,2,None,66,1,5,False,1,1
6780,100,unweighted_fl,10,0.2415406050955414,0,3,None,66,1,5,False,1,1
6781,101,unweighted_fl,10,0.2387539808917197,0,3,None,66,1,5,False,1,1
6782,102,unweighted_fl,10,0.2411425159235669,0,3,None,66,1,5,False,1,1
6783,103,unweighted_fl,10,0.2382563694267516,0,3,None,66,1,5,False,1,1
6784,104,unweighted_fl,10,0.2340764331210191,0,3,None,66,1,5,False,1,1
6785,100,unweighted_fl,10,0.207703025477707,0,4,None,66,1,5,False,1,1
6786,101,unweighted_fl,10,0.2024283439490445,0,4,None,66,1,5,False,1,1
6787,102,unweighted_fl,10,0.203125,0,4,None,66,1,5,False,1,1
6788,103,unweighted_fl,10,0.2038216560509554,0,4,None,66,1,5,False,1,1
6789,104,unweighted_fl,10,0.2040207006369426,0,4,None,66,1,5,False,1,1
6790,100,unweighted_fl,10,0.2165605095541401,0,5,None,66,1,5,False,1,1
6791,101,unweighted_fl,10,0.2603503184713376,0,5,None,66,1,5,False,1,1
6792,102,unweighted_fl,10,0.1892914012738853,0,5,None,66,1,5,False,1,1
6793,103,unweighted_fl,10,0.1919785031847133,0,5,None,66,1,5,False,1,1
6794,104,unweighted_fl,10,0.1934713375796178,0,5,None,66,1,5,False,1,1
6795,100,unweighted_fl,10,0.237062101910828,0,6,None,66,1,5,False,1,1
6796,101,unweighted_fl,10,0.2285031847133758,0,6,None,66,1,5,False,1,1
6797,102,unweighted_fl,10,0.2254179936305732,0,6,None,66,1,5,False,1,1
6798,103,unweighted_fl,10,0.2236265923566879,0,6,None,66,1,5,False,1,1
6799,104,unweighted_fl,10,0.2251194267515923,0,6,None,66,1,5,False,1,1
6800,100,unweighted_fl,10,0.216859076433121,0,7,None,66,1,5,False,1,1
6801,101,unweighted_fl,10,0.2151671974522293,0,7,None,66,1,5,False,1,1
6802,102,unweighted_fl,10,0.2142714968152866,0,7,None,66,1,5,False,1,1
6803,103,unweighted_fl,10,0.2146695859872611,0,7,None,66,1,5,False,1,1
6804,104,unweighted_fl,10,0.213077229299363,0,7,None,66,1,5,False,1,1
6805,100,unweighted_fl,10,0.1954617834394904,0,8,None,66,1,5,False,1,1
6806,101,unweighted_fl,10,0.1861066878980891,0,8,None,66,1,5,False,1,1
6807,102,unweighted_fl,10,0.1802348726114649,0,8,None,66,1,5,False,1,1
6808,103,unweighted_fl,10,0.1777468152866242,0,8,None,66,1,5,False,1,1
6809,104,unweighted_fl,10,0.1780453821656051,0,8,None,66,1,5,False,1,1
6810,100,unweighted_fl,10,0.1945660828025477,0,9,None,66,1,5,False,1,1
6811,101,unweighted_fl,10,0.1951632165605095,0,9,None,66,1,5,False,1,1
6812,102,unweighted_fl,10,0.1962579617834395,0,9,None,66,1,5,False,1,1
6813,103,unweighted_fl,10,0.1970541401273885,0,9,None,66,1,5,False,1,1
6814,104,unweighted_fl,10,0.1971536624203821,0,9,None,66,1,5,False,1,1
6815,100,unweighted_fl,10,0.1893909235668789,0,10,None,66,1,5,False,1,1
6816,101,unweighted_fl,10,0.1917794585987261,0,10,None,66,1,5,False,1,1
6817,102,unweighted_fl,10,0.1941679936305732,0,10,None,66,1,5,False,1,1
6818,103,unweighted_fl,10,0.1944665605095541,0,10,None,66,1,5,False,1,1
6819,104,unweighted_fl,10,0.1948646496815286,0,10,None,66,1,5,False,1,1
6820,100,unweighted_fl,10,0.237062101910828,0,11,None,66,1,5,False,1,1
6821,101,unweighted_fl,10,0.1922770700636942,0,11,None,66,1,5,False,1,1
6822,102,unweighted_fl,10,0.1935708598726114,0,11,None,66,1,5,False,1,1
6823,103,unweighted_fl,10,0.1946656050955414,0,11,None,66,1,5,False,1,1
6824,104,unweighted_fl,10,0.1952627388535031,0,11,None,66,1,5,False,1,1
6825,100,unweighted_fl,10,0.2364649681528662,0,12,None,66,1,5,False,1,1
6826,101,unweighted_fl,10,0.2421377388535031,0,12,None,66,1,5,False,1,1
6827,102,unweighted_fl,10,0.2606488853503185,0,12,None,66,1,5,False,1,1
6828,103,unweighted_fl,10,0.2047173566878981,0,12,None,66,1,5,False,1,1
6829,104,unweighted_fl,10,0.2072054140127388,0,12,None,66,1,5,False,1,1
6830,100,unweighted_fl,10,0.207703025477707,0,13,None,66,1,5,False,1,1
6831,101,unweighted_fl,10,0.1995421974522293,0,13,None,66,1,5,False,1,1
6832,102,unweighted_fl,10,0.1975517515923567,0,13,None,66,1,5,False,1,1
6833,103,unweighted_fl,10,0.197452229299363,0,13,None,66,1,5,False,1,1
6834,104,unweighted_fl,10,0.197452229299363,0,13,None,66,1,5,False,1,1
6835,100,unweighted_fl,10,0.1941679936305732,0,14,None,66,1,5,False,1,1
6836,101,unweighted_fl,10,0.1952627388535031,0,14,None,66,1,5,False,1,1
6837,102,unweighted_fl,10,0.1961584394904458,0,14,None,66,1,5,False,1,1
6838,103,unweighted_fl,10,0.1968550955414012,0,14,None,66,1,5,False,1,1
6839,104,unweighted_fl,10,0.1970541401273885,0,14,None,66,1,5,False,1,1
6840,100,unweighted_fl,10,0.1999402866242038,0,15,None,66,1,5,False,1,1
6841,101,unweighted_fl,10,0.1990445859872611,0,15,None,66,1,5,False,1,1
6842,102,unweighted_fl,10,0.2006369426751592,0,15,None,66,1,5,False,1,1
6843,103,unweighted_fl,10,0.2002388535031847,0,15,None,66,1,5,False,1,1
6844,104,unweighted_fl,10,0.2009355095541401,0,15,None,66,1,5,False,1,1
6845,100,unweighted_fl,10,0.2140724522292993,0,16,None,66,1,5,False,1,1
6846,101,unweighted_fl,10,0.2212380573248407,0,16,None,66,1,5,False,1,1
6847,102,unweighted_fl,10,0.1675955414012739,0,16,None,66,1,5,False,1,1
6848,103,unweighted_fl,10,0.1688893312101911,0,16,None,66,1,5,False,1,1
6849,104,unweighted_fl,10,0.1714769108280254,0,16,None,66,1,5,False,1,1
6850,100,unweighted_fl,10,0.2225318471337579,0,17,None,66,1,5,False,1,1
6851,101,unweighted_fl,10,0.2379578025477707,0,17,None,66,1,5,False,1,1
6852,102,unweighted_fl,10,0.2063097133757961,0,17,None,66,1,5,False,1,1
6853,103,unweighted_fl,10,0.2091958598726114,0,17,None,66,1,5,False,1,1
6854,104,unweighted_fl,10,0.2121815286624203,0,17,None,66,1,5,False,1,1
6855,100,unweighted_fl,10,0.1953622611464968,0,18,None,66,1,5,False,1,1
6856,101,unweighted_fl,10,0.1973527070063694,0,18,None,66,1,5,False,1,1
6857,102,unweighted_fl,10,0.1977507961783439,0,18,None,66,1,5,False,1,1
6858,103,unweighted_fl,10,0.1975517515923567,0,18,None,66,1,5,False,1,1
6859,104,unweighted_fl,10,0.1977507961783439,0,18,None,66,1,5,False,1,1
6860,100,unweighted_fl,10,0.1997412420382165,0,20,None,66,1,5,False,1,1
6861,101,unweighted_fl,10,0.1987460191082802,0,20,None,66,1,5,False,1,1
6862,102,unweighted_fl,10,0.1990445859872611,0,20,None,66,1,5,False,1,1
6863,103,unweighted_fl,10,0.1995421974522293,0,20,None,66,1,5,False,1,1
6864,104,unweighted_fl,10,0.1995421974522293,0,20,None,66,1,5,False,1,1
6865,100,unweighted_fl,10,0.2069068471337579,0,19,None,66,1,5,False,1,1
6866,101,unweighted_fl,10,0.2081011146496815,0,19,None,66,1,5,False,1,1
6867,102,unweighted_fl,10,0.2092953821656051,0,19,None,66,1,5,False,1,1
6868,103,unweighted_fl,10,0.2093949044585987,0,19,None,66,1,5,False,1,1
6869,104,unweighted_fl,10,0.2104896496815286,0,19,None,66,1,5,False,1,1
6870,100,unweighted_fl,10,0.2150676751592356,0,21,None,66,1,5,False,1,1
6871,101,unweighted_fl,10,0.2189490445859872,0,21,None,66,1,5,False,1,1
6872,102,unweighted_fl,10,0.2242237261146497,0,21,None,66,1,5,False,1,1
6873,103,unweighted_fl,10,0.2266122611464968,0,21,None,66,1,5,False,1,1
6874,104,unweighted_fl,10,0.234375,0,21,None,66,1,5,False,1,1
6875,100,unweighted_fl,10,0.2006369426751592,0,22,None,66,1,5,False,1,1
6876,101,unweighted_fl,10,0.2014331210191083,0,22,None,66,1,5,False,1,1
6877,102,unweighted_fl,10,0.201234076433121,0,22,None,66,1,5,False,1,1
6878,103,unweighted_fl,10,0.2008359872611465,0,22,None,66,1,5,False,1,1
6879,104,unweighted_fl,10,0.2004378980891719,0,22,None,66,1,5,False,1,1
6880,100,unweighted_fl,10,0.2076035031847133,0,23,None,66,1,5,False,1,1
6881,101,unweighted_fl,10,0.2032245222929936,0,23,None,66,1,5,False,1,1
6882,102,unweighted_fl,10,0.20203025477707,0,23,None,66,1,5,False,1,1
6883,103,unweighted_fl,10,0.2016321656050955,0,23,None,66,1,5,False,1,1
6884,104,unweighted_fl,10,0.2013335987261146,0,23,None,66,1,5,False,1,1
6885,100,unweighted_fl,10,0.2281050955414012,0,24,None,66,1,5,False,1,1
6886,101,unweighted_fl,10,0.253483280254777,0,24,None,66,1,5,False,1,1
6887,102,unweighted_fl,10,0.1899880573248407,0,24,None,66,1,5,False,1,1
6888,103,unweighted_fl,10,0.1923765923566879,0,24,None,66,1,5,False,1,1
6889,104,unweighted_fl,10,0.1932722929936305,0,24,None,66,1,5,False,1,1
6890,100,unweighted_fl,10,0.2068073248407643,0,25,None,66,1,5,False,1,1
6891,101,unweighted_fl,10,0.2003383757961783,0,25,None,66,1,5,False,1,1
6892,102,unweighted_fl,10,0.2007364649681528,0,25,None,66,1,5,False,1,1
6893,103,unweighted_fl,10,0.2028264331210191,0,25,None,66,1,5,False,1,1
6894,104,unweighted_fl,10,0.2060111464968153,0,25,None,66,1,5,False,1,1
6895,100,unweighted_fl,10,0.2067078025477707,0,26,None,66,1,5,False,1,1
6896,101,unweighted_fl,10,0.208499203821656,0,26,None,66,1,5,False,1,1
6897,102,unweighted_fl,10,0.2089968152866242,0,26,None,66,1,5,False,1,1
6898,103,unweighted_fl,10,0.2117834394904458,0,26,None,66,1,5,False,1,1
6899,104,unweighted_fl,10,0.2120820063694267,0,26,None,66,1,5,False,1,1
6900,100,unweighted_fl,10,0.2419386942675159,0,27,None,66,1,5,False,1,1
6901,101,unweighted_fl,10,0.2110867834394904,0,27,None,66,1,5,False,1,1
6902,102,unweighted_fl,10,0.2139729299363057,0,27,None,66,1,5,False,1,1
6903,103,unweighted_fl,10,0.2166600318471337,0,27,None,66,1,5,False,1,1
6904,104,unweighted_fl,10,0.2183519108280254,0,27,None,66,1,5,False,1,1
6905,100,unweighted_fl,10,0.1916799363057325,0,28,None,66,1,5,False,1,1
6906,101,unweighted_fl,10,0.1938694267515923,0,28,None,66,1,5,False,1,1
6907,102,unweighted_fl,10,0.1949641719745223,0,28,None,66,1,5,False,1,1
6908,103,unweighted_fl,10,0.1957603503184713,0,28,None,66,1,5,False,1,1
6909,104,unweighted_fl,10,0.1965565286624203,0,28,None,66,1,5,False,1,1
6910,100,unweighted_fl,10,0.2212380573248407,0,29,None,66,1,5,False,1,1
6911,101,unweighted_fl,10,0.2290007961783439,0,29,None,66,1,5,False,1,1
6912,102,unweighted_fl,10,0.1870023885350318,0,29,None,66,1,5,False,1,1
6913,103,unweighted_fl,10,0.1889928343949044,0,29,None,66,1,5,False,1,1
6914,104,unweighted_fl,10,0.1911823248407643,0,29,None,66,1,5,False,1,1
6915,100,unweighted_fl,10,0.2292993630573248,0,30,None,66,1,5,False,1,1
6916,101,unweighted_fl,10,0.2475119426751592,0,30,None,66,1,5,False,1,1
6917,102,unweighted_fl,10,0.2569665605095541,0,30,None,66,1,5,False,1,1
6918,103,unweighted_fl,10,0.2631369426751592,0,30,None,66,1,5,False,1,1
6919,104,unweighted_fl,10,0.2649283439490446,0,30,None,66,1,5,False,1,1
6920,100,unweighted_fl,10,0.2337778662420382,0,31,None,66,1,5,False,1,1
6921,101,unweighted_fl,10,0.2376592356687898,0,31,None,66,1,5,False,1,1
6922,102,unweighted_fl,10,0.2335788216560509,0,31,None,66,1,5,False,1,1
6923,103,unweighted_fl,10,0.2322850318471337,0,31,None,66,1,5,False,1,1
6924,104,unweighted_fl,10,0.2311902866242038,0,31,None,66,1,5,False,1,1
6925,100,unweighted_fl,10,0.1994426751592356,0,32,None,66,1,5,False,1,1
6926,101,unweighted_fl,10,0.1988455414012739,0,32,None,66,1,5,False,1,1
6927,102,unweighted_fl,10,0.1987460191082802,0,32,None,66,1,5,False,1,1
6928,103,unweighted_fl,10,0.1988455414012739,0,32,None,66,1,5,False,1,1
6929,104,unweighted_fl,10,0.1988455414012739,0,32,None,66,1,5,False,1,1
7260,105,unweighted_fl,10,0.2100915605095541,0,0,None,66,1,5,False,1,1
7261,106,unweighted_fl,10,0.2064092356687898,0,0,None,66,1,5,False,1,1
7262,107,unweighted_fl,10,0.203921178343949,0,0,None,66,1,5,False,1,1
7263,108,unweighted_fl,10,0.2011345541401273,0,0,None,66,1,5,False,1,1
7264,109,unweighted_fl,10,0.1989450636942675,0,0,None,66,1,5,False,1,1
7265,105,unweighted_fl,10,0.2091958598726114,0,1,None,66,1,5,False,1,1
7266,106,unweighted_fl,10,0.2123805732484076,0,1,None,66,1,5,False,1,1
7267,107,unweighted_fl,10,0.2140724522292993,0,1,None,66,1,5,False,1,1
7268,108,unweighted_fl,10,0.2150676751592356,0,1,None,66,1,5,False,1,1
7269,109,unweighted_fl,10,0.2160628980891719,0,1,None,66,1,5,False,1,1
7270,105,unweighted_fl,10,0.2006369426751592,0,2,None,66,1,5,False,1,1
7271,106,unweighted_fl,10,0.2000398089171974,0,2,None,66,1,5,False,1,1
7272,107,unweighted_fl,10,0.1997412420382165,0,2,None,66,1,5,False,1,1
7273,108,unweighted_fl,10,0.2003383757961783,0,2,None,66,1,5,False,1,1
7274,109,unweighted_fl,10,0.1996417197452229,0,2,None,66,1,5,False,1,1
7275,105,unweighted_fl,10,0.2074044585987261,0,4,None,66,1,5,False,1,1
7276,106,unweighted_fl,10,0.2044187898089172,0,4,None,66,1,5,False,1,1
7277,107,unweighted_fl,10,0.2054140127388535,0,4,None,66,1,5,False,1,1
7278,108,unweighted_fl,10,0.2063097133757961,0,4,None,66,1,5,False,1,1
7279,109,unweighted_fl,10,0.2065087579617834,0,4,None,66,1,5,False,1,1
7280,105,unweighted_fl,10,0.2315883757961783,0,3,None,66,1,5,False,1,1
7281,106,unweighted_fl,10,0.2317874203821656,0,3,None,66,1,5,False,1,1
7282,107,unweighted_fl,10,0.2352707006369426,0,3,None,66,1,5,False,1,1
7283,108,unweighted_fl,10,0.2356687898089172,0,3,None,66,1,5,False,1,1
7284,109,unweighted_fl,10,0.2327826433121019,0,3,None,66,1,5,False,1,1
7285,105,unweighted_fl,10,0.2086982484076433,0,5,None,66,1,5,False,1,1
7286,106,unweighted_fl,10,0.2338773885350318,0,5,None,66,1,5,False,1,1
7287,107,unweighted_fl,10,0.1941679936305732,0,5,None,66,1,5,False,1,1
7288,108,unweighted_fl,10,0.1951632165605095,0,5,None,66,1,5,False,1,1
7289,109,unweighted_fl,10,0.1959593949044586,0,5,None,66,1,5,False,1,1
7290,105,unweighted_fl,10,0.2167595541401273,0,7,None,66,1,5,False,1,1
7291,106,unweighted_fl,10,0.2173566878980891,0,7,None,66,1,5,False,1,1
7292,107,unweighted_fl,10,0.2173566878980891,0,7,None,66,1,5,False,1,1
7293,108,unweighted_fl,10,0.216859076433121,0,7,None,66,1,5,False,1,1
7294,109,unweighted_fl,10,0.2163614649681528,0,7,None,66,1,5,False,1,1
7295,105,unweighted_fl,10,0.2278065286624203,0,6,None,66,1,5,False,1,1
7296,106,unweighted_fl,10,0.2269108280254777,0,6,None,66,1,5,False,1,1
7297,107,unweighted_fl,10,0.2286027070063694,0,6,None,66,1,5,False,1,1
7298,108,unweighted_fl,10,0.2286027070063694,0,6,None,66,1,5,False,1,1
7299,109,unweighted_fl,10,0.2312898089171974,0,6,None,66,1,5,False,1,1
7300,105,unweighted_fl,10,0.2562699044585987,0,8,None,66,1,5,False,1,1
7301,106,unweighted_fl,10,0.205812101910828,0,8,None,66,1,5,False,1,1
7302,107,unweighted_fl,10,0.2005374203821656,0,8,None,66,1,5,False,1,1
7303,108,unweighted_fl,10,0.1979498407643312,0,8,None,66,1,5,False,1,1
7304,109,unweighted_fl,10,0.1967555732484076,0,8,None,66,1,5,False,1,1
7305,105,unweighted_fl,10,0.1964570063694267,0,9,None,66,1,5,False,1,1
7306,106,unweighted_fl,10,0.1972531847133758,0,9,None,66,1,5,False,1,1
7307,107,unweighted_fl,10,0.197452229299363,0,9,None,66,1,5,False,1,1
7308,108,unweighted_fl,10,0.197452229299363,0,9,None,66,1,5,False,1,1
7309,109,unweighted_fl,10,0.1973527070063694,0,9,None,66,1,5,False,1,1
7310,105,unweighted_fl,10,0.1921775477707006,0,10,None,66,1,5,False,1,1
7311,106,unweighted_fl,10,0.1931727707006369,0,10,None,66,1,5,False,1,1
7312,107,unweighted_fl,10,0.1943670382165605,0,10,None,66,1,5,False,1,1
7313,108,unweighted_fl,10,0.1948646496815286,0,10,None,66,1,5,False,1,1
7314,109,unweighted_fl,10,0.1948646496815286,0,10,None,66,1,5,False,1,1
7315,105,unweighted_fl,10,0.2115843949044586,0,11,None,66,1,5,False,1,1
7316,106,unweighted_fl,10,0.2115843949044586,0,11,None,66,1,5,False,1,1
7317,107,unweighted_fl,10,0.2175557324840764,0,11,None,66,1,5,False,1,1
7318,108,unweighted_fl,10,0.1967555732484076,0,11,None,66,1,5,False,1,1
7319,109,unweighted_fl,10,0.1970541401273885,0,11,None,66,1,5,False,1,1
7320,105,unweighted_fl,10,0.2224323248407643,0,12,None,66,1,5,False,1,1
7321,106,unweighted_fl,10,0.2251194267515923,0,12,None,66,1,5,False,1,1
7322,107,unweighted_fl,10,0.2266122611464968,0,12,None,66,1,5,False,1,1
7323,108,unweighted_fl,10,0.2289012738853503,0,12,None,66,1,5,False,1,1
7324,109,unweighted_fl,10,0.2314888535031847,0,12,None,66,1,5,False,1,1
7325,105,unweighted_fl,10,0.1958598726114649,0,14,None,66,1,5,False,1,1
7326,106,unweighted_fl,10,0.1967555732484076,0,14,None,66,1,5,False,1,1
7327,107,unweighted_fl,10,0.1973527070063694,0,14,None,66,1,5,False,1,1
7328,108,unweighted_fl,10,0.197452229299363,0,14,None,66,1,5,False,1,1
7329,109,unweighted_fl,10,0.1973527070063694,0,14,None,66,1,5,False,1,1
7330,105,unweighted_fl,10,0.2013335987261146,0,13,None,66,1,5,False,1,1
7331,106,unweighted_fl,10,0.1987460191082802,0,13,None,66,1,5,False,1,1
7332,107,unweighted_fl,10,0.1980493630573248,0,13,None,66,1,5,False,1,1
7333,108,unweighted_fl,10,0.1973527070063694,0,13,None,66,1,5,False,1,1
7334,109,unweighted_fl,10,0.1972531847133758,0,13,None,66,1,5,False,1,1
7335,105,unweighted_fl,10,0.2035230891719745,0,15,None,66,1,5,False,1,1
7336,106,unweighted_fl,10,0.2029259554140127,0,15,None,66,1,5,False,1,1
7337,107,unweighted_fl,10,0.2037221337579617,0,15,None,66,1,5,False,1,1
7338,108,unweighted_fl,10,0.2059116242038216,0,15,None,66,1,5,False,1,1
7339,109,unweighted_fl,10,0.208499203821656,0,15,None,66,1,5,False,1,1
7340,105,unweighted_fl,10,0.2237261146496815,0,17,None,66,1,5,False,1,1
7341,106,unweighted_fl,10,0.2315883757961783,0,17,None,66,1,5,False,1,1
7342,107,unweighted_fl,10,0.2198447452229299,0,17,None,66,1,5,False,1,1
7343,108,unweighted_fl,10,0.2224323248407643,0,17,None,66,1,5,False,1,1
7344,109,unweighted_fl,10,0.2237261146496815,0,17,None,66,1,5,False,1,1
7345,105,unweighted_fl,10,0.2053144904458598,0,16,None,66,1,5,False,1,1
7346,106,unweighted_fl,10,0.2167595541401273,0,16,None,66,1,5,False,1,1
7347,107,unweighted_fl,10,0.2256170382165605,0,16,None,66,1,5,False,1,1
7348,108,unweighted_fl,10,0.1774482484076433,0,16,None,66,1,5,False,1,1
7349,109,unweighted_fl,10,0.1784434713375796,0,16,None,66,1,5,False,1,1
7350,105,unweighted_fl,10,0.1973527070063694,0,18,None,66,1,5,False,1,1
7351,106,unweighted_fl,10,0.1977507961783439,0,18,None,66,1,5,False,1,1
7352,107,unweighted_fl,10,0.1977507961783439,0,18,None,66,1,5,False,1,1
7353,108,unweighted_fl,10,0.1981488853503184,0,18,None,66,1,5,False,1,1
7354,109,unweighted_fl,10,0.1980493630573248,0,18,None,66,1,5,False,1,1
7355,105,unweighted_fl,10,0.2104896496815286,0,19,None,66,1,5,False,1,1
7356,106,unweighted_fl,10,0.2108877388535031,0,19,None,66,1,5,False,1,1
7357,107,unweighted_fl,10,0.2118829617834395,0,19,None,66,1,5,False,1,1
7358,108,unweighted_fl,10,0.2119824840764331,0,19,None,66,1,5,False,1,1
7359,109,unweighted_fl,10,0.2116839171974522,0,19,None,66,1,5,False,1,1
7360,105,unweighted_fl,10,0.2018312101910828,0,20,None,66,1,5,False,1,1
7361,106,unweighted_fl,10,0.1992436305732484,0,20,None,66,1,5,False,1,1
7362,107,unweighted_fl,10,0.199343152866242,0,20,None,66,1,5,False,1,1
7363,108,unweighted_fl,10,0.1994426751592356,0,20,None,66,1,5,False,1,1
7364,109,unweighted_fl,10,0.1996417197452229,0,20,None,66,1,5,False,1,1
7365,105,unweighted_fl,10,0.2193471337579617,0,21,None,66,1,5,False,1,1
7366,106,unweighted_fl,10,0.2247213375796178,0,21,None,66,1,5,False,1,1
7367,107,unweighted_fl,10,0.229796974522293,0,21,None,66,1,5,False,1,1
7368,108,unweighted_fl,10,0.2336783439490445,0,21,None,66,1,5,False,1,1
7369,109,unweighted_fl,10,0.2417396496815286,0,21,None,66,1,5,False,1,1
7370,105,unweighted_fl,10,0.2021297770700637,0,22,None,66,1,5,False,1,1
7371,106,unweighted_fl,10,0.2014331210191083,0,22,None,66,1,5,False,1,1
7372,107,unweighted_fl,10,0.2008359872611465,0,22,None,66,1,5,False,1,1
7373,108,unweighted_fl,10,0.2009355095541401,0,22,None,66,1,5,False,1,1
7374,109,unweighted_fl,10,0.2007364649681528,0,22,None,66,1,5,False,1,1
7375,105,unweighted_fl,10,0.2124800955414012,0,24,None,66,1,5,False,1,1
7376,106,unweighted_fl,10,0.2147691082802547,0,24,None,66,1,5,False,1,1
7377,107,unweighted_fl,10,0.1935708598726114,0,24,None,66,1,5,False,1,1
7378,108,unweighted_fl,10,0.194765127388535,0,24,None,66,1,5,False,1,1
7379,109,unweighted_fl,10,0.1950636942675159,0,24,None,66,1,5,False,1,1
7380,105,unweighted_fl,10,0.2011345541401273,0,23,None,66,1,5,False,1,1
7381,106,unweighted_fl,10,0.2015326433121019,0,23,None,66,1,5,False,1,1
7382,107,unweighted_fl,10,0.2007364649681528,0,23,None,66,1,5,False,1,1
7383,108,unweighted_fl,10,0.1997412420382165,0,23,None,66,1,5,False,1,1
7384,109,unweighted_fl,10,0.1999402866242038,0,23,None,66,1,5,False,1,1
7385,105,unweighted_fl,10,0.2046178343949044,0,26,None,66,1,5,False,1,1
7386,106,unweighted_fl,10,0.2056130573248407,0,26,None,66,1,5,False,1,1
7387,107,unweighted_fl,10,0.2052149681528662,0,26,None,66,1,5,False,1,1
7388,108,unweighted_fl,10,0.2055135350318471,0,26,None,66,1,5,False,1,1
7389,109,unweighted_fl,10,0.2053144904458598,0,26,None,66,1,5,False,1,1
7390,105,unweighted_fl,10,0.205812101910828,0,25,None,66,1,5,False,1,1
7391,106,unweighted_fl,10,0.2091958598726114,0,25,None,66,1,5,False,1,1
7392,107,unweighted_fl,10,0.2106886942675159,0,25,None,66,1,5,False,1,1
7393,108,unweighted_fl,10,0.2135748407643312,0,25,None,66,1,5,False,1,1
7394,109,unweighted_fl,10,0.2159633757961783,0,25,None,66,1,5,False,1,1
7395,105,unweighted_fl,10,0.1953622611464968,0,28,None,66,1,5,False,1,1
7396,106,unweighted_fl,10,0.1976512738853503,0,28,None,66,1,5,False,1,1
7397,107,unweighted_fl,10,0.1994426751592356,0,28,None,66,1,5,False,1,1
7398,108,unweighted_fl,10,0.2006369426751592,0,28,None,66,1,5,False,1,1
7399,109,unweighted_fl,10,0.2013335987261146,0,28,None,66,1,5,False,1,1
7400,105,unweighted_fl,10,0.2384554140127388,0,27,None,66,1,5,False,1,1
7401,106,unweighted_fl,10,0.222233280254777,0,27,None,66,1,5,False,1,1
7402,107,unweighted_fl,10,0.2252189490445859,0,27,None,66,1,5,False,1,1
7403,108,unweighted_fl,10,0.2273089171974522,0,27,None,66,1,5,False,1,1
7404,109,unweighted_fl,10,0.2291003184713375,0,27,None,66,1,5,False,1,1
7405,105,unweighted_fl,10,0.2125796178343949,0,29,None,66,1,5,False,1,1
7406,106,unweighted_fl,10,0.2166600318471337,0,29,None,66,1,5,False,1,1
7407,107,unweighted_fl,10,0.1927746815286624,0,29,None,66,1,5,False,1,1
7408,108,unweighted_fl,10,0.1938694267515923,0,29,None,66,1,5,False,1,1
7409,109,unweighted_fl,10,0.1944665605095541,0,29,None,66,1,5,False,1,1
7410,105,unweighted_fl,10,0.2780652866242038,0,31,None,66,1,5,False,1,1
7411,106,unweighted_fl,10,0.2423367834394904,0,31,None,66,1,5,False,1,1
7412,107,unweighted_fl,10,0.2381568471337579,0,31,None,66,1,5,False,1,1
7413,108,unweighted_fl,10,0.237062101910828,0,31,None,66,1,5,False,1,1
7414,109,unweighted_fl,10,0.2376592356687898,0,31,None,66,1,5,False,1,1
7415,105,unweighted_fl,10,0.2330812101910828,0,30,None,66,1,5,False,1,1
7416,106,unweighted_fl,10,0.2533837579617834,0,30,None,66,1,5,False,1,1
7417,107,unweighted_fl,10,0.2640326433121019,0,30,None,66,1,5,False,1,1
7418,108,unweighted_fl,10,0.2689092356687898,0,30,None,66,1,5,False,1,1
7419,109,unweighted_fl,10,0.2718949044585987,0,30,None,66,1,5,False,1,1
7420,105,unweighted_fl,10,0.2007364649681528,0,32,None,66,1,5,False,1,1
7421,106,unweighted_fl,10,0.2004378980891719,0,32,None,66,1,5,False,1,1
7422,107,unweighted_fl,10,0.2002388535031847,0,32,None,66,1,5,False,1,1
7423,108,unweighted_fl,10,0.1999402866242038,0,32,None,66,1,5,False,1,1
7424,109,unweighted_fl,10,0.1998407643312102,0,32,None,66,1,5,False,1,1
7425,110,unweighted_fl,10,0.2157643312101911,0,1,None,66,1,5,False,1,1
7426,111,unweighted_fl,10,0.2197452229299363,0,1,None,66,1,5,False,1,1
7427,112,unweighted_fl,10,0.2207404458598726,0,1,None,66,1,5,False,1,1
7428,113,unweighted_fl,10,0.2230294585987261,0,1,None,66,1,5,False,1,1
7429,114,unweighted_fl,10,0.2242237261146497,0,1,None,66,1,5,False,1,1
7430,110,unweighted_fl,10,0.2135748407643312,0,0,None,66,1,5,False,1,1
7431,111,unweighted_fl,10,0.211186305732484,0,0,None,66,1,5,False,1,1
7432,112,unweighted_fl,10,0.2090963375796178,0,0,None,66,1,5,False,1,1
7433,113,unweighted_fl,10,0.2054140127388535,0,0,None,66,1,5,False,1,1
7434,114,unweighted_fl,10,0.2036226114649681,0,0,None,66,1,5,False,1,1
7435,110,unweighted_fl,10,0.201234076433121,0,2,None,66,1,5,False,1,1
7436,111,unweighted_fl,10,0.1995421974522293,0,2,None,66,1,5,False,1,1
7437,112,unweighted_fl,10,0.1997412420382165,0,2,None,66,1,5,False,1,1
7438,113,unweighted_fl,10,0.1991441082802547,0,2,None,66,1,5,False,1,1
7439,114,unweighted_fl,10,0.1992436305732484,0,2,None,66,1,5,False,1,1
7440,110,unweighted_fl,10,0.2083996815286624,0,4,None,66,1,5,False,1,1
7441,111,unweighted_fl,10,0.2082006369426751,0,4,None,66,1,5,False,1,1
7442,112,unweighted_fl,10,0.2089968152866242,0,4,None,66,1,5,False,1,1
7443,113,unweighted_fl,10,0.2092953821656051,0,4,None,66,1,5,False,1,1
7444,114,unweighted_fl,10,0.2095939490445859,0,4,None,66,1,5,False,1,1
7445,110,unweighted_fl,10,0.2236265923566879,0,3,None,66,1,5,False,1,1
7446,111,unweighted_fl,10,0.2243232484076433,0,3,None,66,1,5,False,1,1
7447,112,unweighted_fl,10,0.2281050955414012,0,3,None,66,1,5,False,1,1
7448,113,unweighted_fl,10,0.2326831210191083,0,3,None,66,1,5,False,1,1
7449,114,unweighted_fl,10,0.234375,0,3,None,66,1,5,False,1,1
7450,110,unweighted_fl,10,0.2048168789808917,0,5,None,66,1,5,False,1,1
7451,111,unweighted_fl,10,0.194765127388535,0,5,None,66,1,5,False,1,1
7452,112,unweighted_fl,10,0.1959593949044586,0,5,None,66,1,5,False,1,1
7453,113,unweighted_fl,10,0.1963574840764331,0,5,None,66,1,5,False,1,1
7454,114,unweighted_fl,10,0.1970541401273885,0,5,None,66,1,5,False,1,1
7455,110,unweighted_fl,10,0.2215366242038216,0,7,None,66,1,5,False,1,1
7456,111,unweighted_fl,10,0.2223328025477707,0,7,None,66,1,5,False,1,1
7457,112,unweighted_fl,10,0.2228304140127388,0,7,None,66,1,5,False,1,1
7458,113,unweighted_fl,10,0.2223328025477707,0,7,None,66,1,5,False,1,1
7459,114,unweighted_fl,10,0.2221337579617834,0,7,None,66,1,5,False,1,1
7460,110,unweighted_fl,10,0.2274084394904458,0,6,None,66,1,5,False,1,1
7461,111,unweighted_fl,10,0.2298964968152866,0,6,None,66,1,5,False,1,1
7462,112,unweighted_fl,10,0.230593152866242,0,6,None,66,1,5,False,1,1
7463,113,unweighted_fl,10,0.2327826433121019,0,6,None,66,1,5,False,1,1
7464,114,unweighted_fl,10,0.2355692675159235,0,6,None,66,1,5,False,1,1
7465,110,unweighted_fl,10,0.2463176751592356,0,8,None,66,1,5,False,1,1
7466,111,unweighted_fl,10,0.2159633757961783,0,8,None,66,1,5,False,1,1
7467,112,unweighted_fl,10,0.2120820063694267,0,8,None,66,1,5,False,1,1
7468,113,unweighted_fl,10,0.2110867834394904,0,8,None,66,1,5,False,1,1
7469,114,unweighted_fl,10,0.2106886942675159,0,8,None,66,1,5,False,1,1
7470,110,unweighted_fl,10,0.1940684713375796,0,10,None,66,1,5,False,1,1
7471,111,unweighted_fl,10,0.1943670382165605,0,10,None,66,1,5,False,1,1
7472,112,unweighted_fl,10,0.1943670382165605,0,10,None,66,1,5,False,1,1
7473,113,unweighted_fl,10,0.194765127388535,0,10,None,66,1,5,False,1,1
7474,114,unweighted_fl,10,0.1946656050955414,0,10,None,66,1,5,False,1,1
7475,110,unweighted_fl,10,0.201234076433121,0,9,None,66,1,5,False,1,1
7476,111,unweighted_fl,10,0.1975517515923567,0,9,None,66,1,5,False,1,1
7477,112,unweighted_fl,10,0.1975517515923567,0,9,None,66,1,5,False,1,1
7478,113,unweighted_fl,10,0.1975517515923567,0,9,None,66,1,5,False,1,1
7479,114,unweighted_fl,10,0.1977507961783439,0,9,None,66,1,5,False,1,1
7480,110,unweighted_fl,10,0.2050159235668789,0,11,None,66,1,5,False,1,1
7481,111,unweighted_fl,10,0.2057125796178344,0,11,None,66,1,5,False,1,1
7482,112,unweighted_fl,10,0.2059116242038216,0,11,None,66,1,5,False,1,1
7483,113,unweighted_fl,10,0.2072054140127388,0,11,None,66,1,5,False,1,1
7484,114,unweighted_fl,10,0.1978503184713375,0,11,None,66,1,5,False,1,1
7485,110,unweighted_fl,10,0.2017316878980891,0,13,None,66,1,5,False,1,1
7486,111,unweighted_fl,10,0.1992436305732484,0,13,None,66,1,5,False,1,1
7487,112,unweighted_fl,10,0.1977507961783439,0,13,None,66,1,5,False,1,1
7488,113,unweighted_fl,10,0.197452229299363,0,13,None,66,1,5,False,1,1
7489,114,unweighted_fl,10,0.197452229299363,0,13,None,66,1,5,False,1,1
7490,110,unweighted_fl,10,0.2209394904458598,0,12,None,66,1,5,False,1,1
7491,111,unweighted_fl,10,0.2229299363057325,0,12,None,66,1,5,False,1,1
7492,112,unweighted_fl,10,0.2259156050955414,0,12,None,66,1,5,False,1,1
7493,113,unweighted_fl,10,0.2288017515923567,0,12,None,66,1,5,False,1,1
7494,114,unweighted_fl,10,0.230593152866242,0,12,None,66,1,5,False,1,1
7495,110,unweighted_fl,10,0.1973527070063694,0,14,None,66,1,5,False,1,1
7496,111,unweighted_fl,10,0.197452229299363,0,14,None,66,1,5,False,1,1
7497,112,unweighted_fl,10,0.197452229299363,0,14,None,66,1,5,False,1,1
7498,113,unweighted_fl,10,0.197452229299363,0,14,None,66,1,5,False,1,1
7499,114,unweighted_fl,10,0.1977507961783439,0,14,None,66,1,5,False,1,1
7500,110,unweighted_fl,10,0.2015326433121019,0,16,None,66,1,5,False,1,1
7501,111,unweighted_fl,10,0.2126791401273885,0,16,None,66,1,5,False,1,1
7502,112,unweighted_fl,10,0.221437101910828,0,16,None,66,1,5,False,1,1
7503,113,unweighted_fl,10,0.1826234076433121,0,16,None,66,1,5,False,1,1
7504,114,unweighted_fl,10,0.1830214968152866,0,16,None,66,1,5,False,1,1
7505,110,unweighted_fl,10,0.2428343949044586,0,17,None,66,1,5,False,1,1
7506,111,unweighted_fl,10,0.2478105095541401,0,17,None,66,1,5,False,1,1
7507,112,unweighted_fl,10,0.2548765923566879,0,17,None,66,1,5,False,1,1
7508,113,unweighted_fl,10,0.2414410828025477,0,17,None,66,1,5,False,1,1
7509,114,unweighted_fl,10,0.2428343949044586,0,17,None,66,1,5,False,1,1
7510,110,unweighted_fl,10,0.2067078025477707,0,15,None,66,1,5,False,1,1
7511,111,unweighted_fl,10,0.2095939490445859,0,15,None,66,1,5,False,1,1
7512,112,unweighted_fl,10,0.2119824840764331,0,15,None,66,1,5,False,1,1
7513,113,unweighted_fl,10,0.2138734076433121,0,15,None,66,1,5,False,1,1
7514,114,unweighted_fl,10,0.2169585987261146,0,15,None,66,1,5,False,1,1
7515,110,unweighted_fl,10,0.1997412420382165,0,18,None,66,1,5,False,1,1
7516,111,unweighted_fl,10,0.1976512738853503,0,18,None,66,1,5,False,1,1
7517,112,unweighted_fl,10,0.1982484076433121,0,18,None,66,1,5,False,1,1
7518,113,unweighted_fl,10,0.1981488853503184,0,18,None,66,1,5,False,1,1
7519,114,unweighted_fl,10,0.1981488853503184,0,18,None,66,1,5,False,1,1
7520,110,unweighted_fl,10,0.2051154458598726,0,20,None,66,1,5,False,1,1
7521,111,unweighted_fl,10,0.2030254777070063,0,20,None,66,1,5,False,1,1
7522,112,unweighted_fl,10,0.2025278662420382,0,20,None,66,1,5,False,1,1
7523,113,unweighted_fl,10,0.2019307324840764,0,20,None,66,1,5,False,1,1
7524,114,unweighted_fl,10,0.2018312101910828,0,20,None,66,1,5,False,1,1
7525,110,unweighted_fl,10,0.2144705414012739,0,19,None,66,1,5,False,1,1
7526,111,unweighted_fl,10,0.2155652866242038,0,19,None,66,1,5,False,1,1
7527,112,unweighted_fl,10,0.2153662420382165,0,19,None,66,1,5,False,1,1
7528,113,unweighted_fl,10,0.2155652866242038,0,19,None,66,1,5,False,1,1
7529,114,unweighted_fl,10,0.2158638535031847,0,19,None,66,1,5,False,1,1
7530,110,unweighted_fl,10,0.2251194267515923,0,21,None,66,1,5,False,1,1
7531,111,unweighted_fl,10,0.2311902866242038,0,21,None,66,1,5,False,1,1
7532,112,unweighted_fl,10,0.2367635350318471,0,21,None,66,1,5,False,1,1
7533,113,unweighted_fl,10,0.2427348726114649,0,21,None,66,1,5,False,1,1
7534,114,unweighted_fl,10,0.2523885350318471,0,21,None,66,1,5,False,1,1
7535,110,unweighted_fl,10,0.2026273885350318,0,23,None,66,1,5,False,1,1
7536,111,unweighted_fl,10,0.2006369426751592,0,23,None,66,1,5,False,1,1
7537,112,unweighted_fl,10,0.2002388535031847,0,23,None,66,1,5,False,1,1
7538,113,unweighted_fl,10,0.2001393312101911,0,23,None,66,1,5,False,1,1
7539,114,unweighted_fl,10,0.2005374203821656,0,23,None,66,1,5,False,1,1
7540,110,unweighted_fl,10,0.2019307324840764,0,22,None,66,1,5,False,1,1
7541,111,unweighted_fl,10,0.2017316878980891,0,22,None,66,1,5,False,1,1
7542,112,unweighted_fl,10,0.2006369426751592,0,22,None,66,1,5,False,1,1
7543,113,unweighted_fl,10,0.2002388535031847,0,22,None,66,1,5,False,1,1
7544,114,unweighted_fl,10,0.2003383757961783,0,22,None,66,1,5,False,1,1
7545,110,unweighted_fl,10,0.2110867834394904,0,24,None,66,1,5,False,1,1
7546,111,unweighted_fl,10,0.2120820063694267,0,24,None,66,1,5,False,1,1
7547,112,unweighted_fl,10,0.1951632165605095,0,24,None,66,1,5,False,1,1
7548,113,unweighted_fl,10,0.1954617834394904,0,24,None,66,1,5,False,1,1
7549,114,unweighted_fl,10,0.1959593949044586,0,24,None,66,1,5,False,1,1
7550,110,unweighted_fl,10,0.2021297770700637,0,26,None,66,1,5,False,1,1
7551,111,unweighted_fl,10,0.2026273885350318,0,26,None,66,1,5,False,1,1
7552,112,unweighted_fl,10,0.2025278662420382,0,26,None,66,1,5,False,1,1
7553,113,unweighted_fl,10,0.2024283439490445,0,26,None,66,1,5,False,1,1
7554,114,unweighted_fl,10,0.2028264331210191,0,26,None,66,1,5,False,1,1
7555,110,unweighted_fl,10,0.2371616242038216,0,27,None,66,1,5,False,1,1
7556,111,unweighted_fl,10,0.2486066878980891,0,27,None,66,1,5,False,1,1
7557,112,unweighted_fl,10,0.2347730891719745,0,27,None,66,1,5,False,1,1
7558,113,unweighted_fl,10,0.237062101910828,0,27,None,66,1,5,False,1,1
7559,114,unweighted_fl,10,0.2388535031847133,0,27,None,66,1,5,False,1,1
7560,110,unweighted_fl,10,0.2426353503184713,0,25,None,66,1,5,False,1,1
7561,111,unweighted_fl,10,0.2169585987261146,0,25,None,66,1,5,False,1,1
7562,112,unweighted_fl,10,0.2183519108280254,0,25,None,66,1,5,False,1,1
7563,113,unweighted_fl,10,0.2205414012738853,0,25,None,66,1,5,False,1,1
7564,114,unweighted_fl,10,0.2231289808917197,0,25,None,66,1,5,False,1,1
7565,110,unweighted_fl,10,0.1992436305732484,0,28,None,66,1,5,False,1,1
7566,111,unweighted_fl,10,0.2048168789808917,0,28,None,66,1,5,False,1,1
7567,112,unweighted_fl,10,0.2064092356687898,0,28,None,66,1,5,False,1,1
7568,113,unweighted_fl,10,0.207703025477707,0,28,None,66,1,5,False,1,1
7569,114,unweighted_fl,10,0.2092953821656051,0,28,None,66,1,5,False,1,1
7570,110,unweighted_fl,10,0.2428343949044586,0,30,None,66,1,5,False,1,1
7571,111,unweighted_fl,10,0.2609474522292994,0,30,None,66,1,5,False,1,1
7572,112,unweighted_fl,10,0.2701035031847134,0,30,None,66,1,5,False,1,1
7573,113,unweighted_fl,10,0.2756767515923566,0,30,None,66,1,5,False,1,1
7574,114,unweighted_fl,10,0.277468152866242,0,30,None,66,1,5,False,1,1
7575,110,unweighted_fl,10,0.2063097133757961,0,29,None,66,1,5,False,1,1
7576,111,unweighted_fl,10,0.2109872611464968,0,29,None,66,1,5,False,1,1
7577,112,unweighted_fl,10,0.1949641719745223,0,29,None,66,1,5,False,1,1
7578,113,unweighted_fl,10,0.1953622611464968,0,29,None,66,1,5,False,1,1
7579,114,unweighted_fl,10,0.1957603503184713,0,29,None,66,1,5,False,1,1
7580,110,unweighted_fl,10,0.2651273885350318,0,31,None,66,1,5,False,1,1
7581,111,unweighted_fl,10,0.2459195859872611,0,31,None,66,1,5,False,1,1
7582,112,unweighted_fl,10,0.2438296178343949,0,31,None,66,1,5,False,1,1
7583,113,unweighted_fl,10,0.243531050955414,0,31,None,66,1,5,False,1,1
7584,114,unweighted_fl,10,0.244327229299363,0,31,None,66,1,5,False,1,1
7585,110,unweighted_fl,10,0.2042197452229299,0,32,None,66,1,5,False,1,1
7586,111,unweighted_fl,10,0.203125,0,32,None,66,1,5,False,1,1
7587,112,unweighted_fl,10,0.2023288216560509,0,32,None,66,1,5,False,1,1
7588,113,unweighted_fl,10,0.2017316878980891,0,32,None,66,1,5,False,1,1
7589,114,unweighted_fl,10,0.2013335987261146,0,32,None,66,1,5,False,1,1
7590,115,unweighted_fl,10,0.2174562101910828,0,0,None,66,1,5,False,1,1
7591,116,unweighted_fl,10,0.2160628980891719,0,0,None,66,1,5,False,1,1
7592,117,unweighted_fl,10,0.2131767515923567,0,0,None,66,1,5,False,1,1
7593,118,unweighted_fl,10,0.2109872611464968,0,0,None,66,1,5,False,1,1
7594,119,unweighted_fl,10,0.2091958598726114,0,0,None,66,1,5,False,1,1
7595,115,unweighted_fl,10,0.1995421974522293,0,2,None,66,1,5,False,1,1
7596,116,unweighted_fl,10,0.1990445859872611,0,2,None,66,1,5,False,1,1
7597,117,unweighted_fl,10,0.1990445859872611,0,2,None,66,1,5,False,1,1
7598,118,unweighted_fl,10,0.199343152866242,0,2,None,66,1,5,False,1,1
7599,119,unweighted_fl,10,0.1998407643312102,0,2,None,66,1,5,False,1,1
7600,115,unweighted_fl,10,0.2242237261146497,0,1,None,66,1,5,False,1,1
7601,116,unweighted_fl,10,0.2278065286624203,0,1,None,66,1,5,False,1,1
7602,117,unweighted_fl,10,0.2291003184713375,0,1,None,66,1,5,False,1,1
7603,118,unweighted_fl,10,0.2300955414012739,0,1,None,66,1,5,False,1,1
7604,119,unweighted_fl,10,0.2319864649681528,0,1,None,66,1,5,False,1,1
7605,115,unweighted_fl,10,0.2197452229299363,0,3,None,66,1,5,False,1,1
7606,116,unweighted_fl,10,0.2224323248407643,0,3,None,66,1,5,False,1,1
7607,117,unweighted_fl,10,0.2257165605095541,0,3,None,66,1,5,False,1,1
7608,118,unweighted_fl,10,0.2299960191082802,0,3,None,66,1,5,False,1,1
7609,119,unweighted_fl,10,0.2333797770700637,0,3,None,66,1,5,False,1,1
7610,115,unweighted_fl,10,0.2104896496815286,0,4,None,66,1,5,False,1,1
7611,116,unweighted_fl,10,0.210390127388535,0,4,None,66,1,5,False,1,1
7612,117,unweighted_fl,10,0.2116839171974522,0,4,None,66,1,5,False,1,1
7613,118,unweighted_fl,10,0.2129777070063694,0,4,None,66,1,5,False,1,1
7614,119,unweighted_fl,10,0.2133757961783439,0,4,None,66,1,5,False,1,1
7615,115,unweighted_fl,10,0.2030254777070063,0,5,None,66,1,5,False,1,1
7616,116,unweighted_fl,10,0.1961584394904458,0,5,None,66,1,5,False,1,1
7617,117,unweighted_fl,10,0.1967555732484076,0,5,None,66,1,5,False,1,1
7618,118,unweighted_fl,10,0.197452229299363,0,5,None,66,1,5,False,1,1
7619,119,unweighted_fl,10,0.1977507961783439,0,5,None,66,1,5,False,1,1
7620,115,unweighted_fl,10,0.2273089171974522,0,7,None,66,1,5,False,1,1
7621,116,unweighted_fl,10,0.2298964968152866,0,7,None,66,1,5,False,1,1
7622,117,unweighted_fl,10,0.2299960191082802,0,7,None,66,1,5,False,1,1
7623,118,unweighted_fl,10,0.2299960191082802,0,7,None,66,1,5,False,1,1
7624,119,unweighted_fl,10,0.2294984076433121,0,7,None,66,1,5,False,1,1
7625,115,unweighted_fl,10,0.234375,0,6,None,66,1,5,False,1,1
7626,116,unweighted_fl,10,0.2361664012738853,0,6,None,66,1,5,False,1,1
7627,117,unweighted_fl,10,0.2371616242038216,0,6,None,66,1,5,False,1,1
7628,118,unweighted_fl,10,0.238953025477707,0,6,None,66,1,5,False,1,1
7629,119,unweighted_fl,10,0.2406449044585987,0,6,None,66,1,5,False,1,1
7630,115,unweighted_fl,10,0.2420382165605095,0,8,None,66,1,5,False,1,1
7631,116,unweighted_fl,10,0.2604498407643312,0,8,None,66,1,5,False,1,1
7632,117,unweighted_fl,10,0.2220342356687898,0,8,None,66,1,5,False,1,1
7633,118,unweighted_fl,10,0.2217356687898089,0,8,None,66,1,5,False,1,1
7634,119,unweighted_fl,10,0.2219347133757961,0,8,None,66,1,5,False,1,1
7635,115,unweighted_fl,10,0.2126791401273885,0,10,None,66,1,5,False,1,1
7636,116,unweighted_fl,10,0.1952627388535031,0,10,None,66,1,5,False,1,1
7637,117,unweighted_fl,10,0.1949641719745223,0,10,None,66,1,5,False,1,1
7638,118,unweighted_fl,10,0.1946656050955414,0,10,None,66,1,5,False,1,1
7639,119,unweighted_fl,10,0.1935708598726114,0,10,None,66,1,5,False,1,1
7640,115,unweighted_fl,10,0.206608280254777,0,9,None,66,1,5,False,1,1
7641,116,unweighted_fl,10,0.2003383757961783,0,9,None,66,1,5,False,1,1
7642,117,unweighted_fl,10,0.1978503184713375,0,9,None,66,1,5,False,1,1
7643,118,unweighted_fl,10,0.1978503184713375,0,9,None,66,1,5,False,1,1
7644,119,unweighted_fl,10,0.1977507961783439,0,9,None,66,1,5,False,1,1
7645,115,unweighted_fl,10,0.2053144904458598,0,11,None,66,1,5,False,1,1
7646,116,unweighted_fl,10,0.2056130573248407,0,11,None,66,1,5,False,1,1
7647,117,unweighted_fl,10,0.2063097133757961,0,11,None,66,1,5,False,1,1
7648,118,unweighted_fl,10,0.1978503184713375,0,11,None,66,1,5,False,1,1
7649,119,unweighted_fl,10,0.1982484076433121,0,11,None,66,1,5,False,1,1
7650,115,unweighted_fl,10,0.2049164012738853,0,13,None,66,1,5,False,1,1
7651,116,unweighted_fl,10,0.2019307324840764,0,13,None,66,1,5,False,1,1
7652,117,unweighted_fl,10,0.2016321656050955,0,13,None,66,1,5,False,1,1
7653,118,unweighted_fl,10,0.2010350318471337,0,13,None,66,1,5,False,1,1
7654,119,unweighted_fl,10,0.2000398089171974,0,13,None,66,1,5,False,1,1
7655,115,unweighted_fl,10,0.2256170382165605,0,12,None,66,1,5,False,1,1
7656,116,unweighted_fl,10,0.2291998407643312,0,12,None,66,1,5,False,1,1
7657,117,unweighted_fl,10,0.2316878980891719,0,12,None,66,1,5,False,1,1
7658,118,unweighted_fl,10,0.2353702229299363,0,12,None,66,1,5,False,1,1
7659,119,unweighted_fl,10,0.2375597133757961,0,12,None,66,1,5,False,1,1
7660,115,unweighted_fl,10,0.1988455414012739,0,14,None,66,1,5,False,1,1
7661,116,unweighted_fl,10,0.197452229299363,0,14,None,66,1,5,False,1,1
7662,117,unweighted_fl,10,0.1978503184713375,0,14,None,66,1,5,False,1,1
7663,118,unweighted_fl,10,0.1980493630573248,0,14,None,66,1,5,False,1,1
7664,119,unweighted_fl,10,0.1979498407643312,0,14,None,66,1,5,False,1,1
7665,115,unweighted_fl,10,0.1991441082802547,0,16,None,66,1,5,False,1,1
7666,116,unweighted_fl,10,0.2071058917197452,0,16,None,66,1,5,False,1,1
7667,117,unweighted_fl,10,0.2140724522292993,0,16,None,66,1,5,False,1,1
7668,118,unweighted_fl,10,0.221437101910828,0,16,None,66,1,5,False,1,1
7669,119,unweighted_fl,10,0.1848128980891719,0,16,None,66,1,5,False,1,1
7670,115,unweighted_fl,10,0.2139729299363057,0,15,None,66,1,5,False,1,1
7671,116,unweighted_fl,10,0.2159633757961783,0,15,None,66,1,5,False,1,1
7672,117,unweighted_fl,10,0.2191480891719745,0,15,None,66,1,5,False,1,1
7673,118,unweighted_fl,10,0.2225318471337579,0,15,None,66,1,5,False,1,1
7674,119,unweighted_fl,10,0.2256170382165605,0,15,None,66,1,5,False,1,1
7675,115,unweighted_fl,10,0.2059116242038216,0,18,None,66,1,5,False,1,1
7676,116,unweighted_fl,10,0.198546974522293,0,18,None,66,1,5,False,1,1
7677,117,unweighted_fl,10,0.1982484076433121,0,18,None,66,1,5,False,1,1
7678,118,unweighted_fl,10,0.1981488853503184,0,18,None,66,1,5,False,1,1
7679,119,unweighted_fl,10,0.1983479299363057,0,18,None,66,1,5,False,1,1
7680,115,unweighted_fl,10,0.2314888535031847,0,17,None,66,1,5,False,1,1
7681,116,unweighted_fl,10,0.2363654458598726,0,17,None,66,1,5,False,1,1
7682,117,unweighted_fl,10,0.2470143312101911,0,17,None,66,1,5,False,1,1
7683,118,unweighted_fl,10,0.2712977707006369,0,17,None,66,1,5,False,1,1
7684,119,unweighted_fl,10,0.2549761146496815,0,17,None,66,1,5,False,1,1
7685,115,unweighted_fl,10,0.2124800955414012,0,20,None,66,1,5,False,1,1
7686,116,unweighted_fl,10,0.2099920382165605,0,20,None,66,1,5,False,1,1
7687,117,unweighted_fl,10,0.2093949044585987,0,20,None,66,1,5,False,1,1
7688,118,unweighted_fl,10,0.2087977707006369,0,20,None,66,1,5,False,1,1
7689,119,unweighted_fl,10,0.2078025477707006,0,20,None,66,1,5,False,1,1
7690,115,unweighted_fl,10,0.2179538216560509,0,19,None,66,1,5,False,1,1
7691,116,unweighted_fl,10,0.2201433121019108,0,19,None,66,1,5,False,1,1
7692,117,unweighted_fl,10,0.2200437898089172,0,19,None,66,1,5,False,1,1
7693,118,unweighted_fl,10,0.2207404458598726,0,19,None,66,1,5,False,1,1
7694,119,unweighted_fl,10,0.2213375796178344,0,19,None,66,1,5,False,1,1
7695,115,unweighted_fl,10,0.2327826433121019,0,21,None,66,1,5,False,1,1
7696,116,unweighted_fl,10,0.2408439490445859,0,21,None,66,1,5,False,1,1
7697,117,unweighted_fl,10,0.2490047770700637,0,21,None,66,1,5,False,1,1
7698,118,unweighted_fl,10,0.2560708598726114,0,21,None,66,1,5,False,1,1
7699,119,unweighted_fl,10,0.2638335987261146,0,21,None,66,1,5,False,1,1
7700,115,unweighted_fl,10,0.2005374203821656,0,23,None,66,1,5,False,1,1
7701,116,unweighted_fl,10,0.2002388535031847,0,23,None,66,1,5,False,1,1
7702,117,unweighted_fl,10,0.2000398089171974,0,23,None,66,1,5,False,1,1
7703,118,unweighted_fl,10,0.2003383757961783,0,23,None,66,1,5,False,1,1
7704,119,unweighted_fl,10,0.2002388535031847,0,23,None,66,1,5,False,1,1
7705,115,unweighted_fl,10,0.2056130573248407,0,22,None,66,1,5,False,1,1
7706,116,unweighted_fl,10,0.2036226114649681,0,22,None,66,1,5,False,1,1
7707,117,unweighted_fl,10,0.2017316878980891,0,22,None,66,1,5,False,1,1
7708,118,unweighted_fl,10,0.2003383757961783,0,22,None,66,1,5,False,1,1
7709,119,unweighted_fl,10,0.2002388535031847,0,22,None,66,1,5,False,1,1
7710,115,unweighted_fl,10,0.2119824840764331,0,24,None,66,1,5,False,1,1
7711,116,unweighted_fl,10,0.2002388535031847,0,24,None,66,1,5,False,1,1
7712,117,unweighted_fl,10,0.1972531847133758,0,24,None,66,1,5,False,1,1
7713,118,unweighted_fl,10,0.1961584394904458,0,24,None,66,1,5,False,1,1
7714,119,unweighted_fl,10,0.1964570063694267,0,24,None,66,1,5,False,1,1
7715,115,unweighted_fl,10,0.2017316878980891,0,26,None,66,1,5,False,1,1
7716,116,unweighted_fl,10,0.201234076433121,0,26,None,66,1,5,False,1,1
7717,117,unweighted_fl,10,0.2014331210191083,0,26,None,66,1,5,False,1,1
7718,118,unweighted_fl,10,0.2013335987261146,0,26,None,66,1,5,False,1,1
7719,119,unweighted_fl,10,0.201234076433121,0,26,None,66,1,5,False,1,1
7720,115,unweighted_fl,10,0.2432324840764331,0,25,None,66,1,5,False,1,1
7721,116,unweighted_fl,10,0.2249203821656051,0,25,None,66,1,5,False,1,1
7722,117,unweighted_fl,10,0.2262141719745223,0,25,None,66,1,5,False,1,1
7723,118,unweighted_fl,10,0.2285031847133758,0,25,None,66,1,5,False,1,1
7724,119,unweighted_fl,10,0.2315883757961783,0,25,None,66,1,5,False,1,1
7725,115,unweighted_fl,10,0.2490047770700637,0,27,None,66,1,5,False,1,1
7726,116,unweighted_fl,10,0.2643312101910828,0,27,None,66,1,5,False,1,1
7727,117,unweighted_fl,10,0.2460191082802547,0,27,None,66,1,5,False,1,1
7728,118,unweighted_fl,10,0.2475119426751592,0,27,None,66,1,5,False,1,1
7729,119,unweighted_fl,10,0.2500995222929936,0,27,None,66,1,5,False,1,1
7730,115,unweighted_fl,10,0.2056130573248407,0,28,None,66,1,5,False,1,1
7731,116,unweighted_fl,10,0.2100915605095541,0,28,None,66,1,5,False,1,1
7732,117,unweighted_fl,10,0.2126791401273885,0,28,None,66,1,5,False,1,1
7733,118,unweighted_fl,10,0.2140724522292993,0,28,None,66,1,5,False,1,1
7734,119,unweighted_fl,10,0.2158638535031847,0,28,None,66,1,5,False,1,1
7735,115,unweighted_fl,10,0.2172571656050955,0,29,None,66,1,5,False,1,1
7736,116,unweighted_fl,10,0.2203423566878981,0,29,None,66,1,5,False,1,1
7737,117,unweighted_fl,10,0.2037221337579617,0,29,None,66,1,5,False,1,1
7738,118,unweighted_fl,10,0.2006369426751592,0,29,None,66,1,5,False,1,1
7739,119,unweighted_fl,10,0.1997412420382165,0,29,None,66,1,5,False,1,1
7740,115,unweighted_fl,10,0.2622412420382166,0,31,None,66,1,5,False,1,1
7741,116,unweighted_fl,10,0.248109076433121,0,31,None,66,1,5,False,1,1
7742,117,unweighted_fl,10,0.2468152866242038,0,31,None,66,1,5,False,1,1
7743,118,unweighted_fl,10,0.2472133757961783,0,31,None,66,1,5,False,1,1
7744,119,unweighted_fl,10,0.2488057324840764,0,31,None,66,1,5,False,1,1
7745,115,unweighted_fl,10,0.2544785031847134,0,30,None,66,1,5,False,1,1
7746,116,unweighted_fl,10,0.2698049363057325,0,30,None,66,1,5,False,1,1
7747,117,unweighted_fl,10,0.2769705414012738,0,30,None,66,1,5,False,1,1
7748,118,unweighted_fl,10,0.2800557324840764,0,30,None,66,1,5,False,1,1
7749,119,unweighted_fl,10,0.2818471337579618,0,30,None,66,1,5,False,1,1
7750,115,unweighted_fl,10,0.2061106687898089,0,32,None,66,1,5,False,1,1
7751,116,unweighted_fl,10,0.2052149681528662,0,32,None,66,1,5,False,1,1
7752,117,unweighted_fl,10,0.2050159235668789,0,32,None,66,1,5,False,1,1
7753,118,unweighted_fl,10,0.2049164012738853,0,32,None,66,1,5,False,1,1
7754,119,unweighted_fl,10,0.2040207006369426,0,32,None,66,1,5,False,1,1
7755,120,unweighted_fl,10,0.2320859872611465,0,1,None,66,1,5,False,1,1
7756,121,unweighted_fl,10,0.2346735668789809,0,1,None,66,1,5,False,1,1
7757,122,unweighted_fl,10,0.2360668789808917,0,1,None,66,1,5,False,1,1
7758,123,unweighted_fl,10,0.2375597133757961,0,1,None,66,1,5,False,1,1
7759,124,unweighted_fl,10,0.238953025477707,0,1,None,66,1,5,False,1,1
7760,120,unweighted_fl,10,0.2239251592356688,0,0,None,66,1,5,False,1,1
7761,121,unweighted_fl,10,0.2213375796178344,0,0,None,66,1,5,False,1,1
7762,122,unweighted_fl,10,0.219546178343949,0,0,None,66,1,5,False,1,1
7763,123,unweighted_fl,10,0.21765525477707,0,0,None,66,1,5,False,1,1
7764,124,unweighted_fl,10,0.2160628980891719,0,0,None,66,1,5,False,1,1
7765,120,unweighted_fl,10,0.203921178343949,0,2,None,66,1,5,False,1,1
7766,121,unweighted_fl,10,0.2000398089171974,0,2,None,66,1,5,False,1,1
7767,122,unweighted_fl,10,0.1998407643312102,0,2,None,66,1,5,False,1,1
7768,123,unweighted_fl,10,0.2002388535031847,0,2,None,66,1,5,False,1,1
7769,124,unweighted_fl,10,0.1999402866242038,0,2,None,66,1,5,False,1,1
7770,120,unweighted_fl,10,0.2153662420382165,0,4,None,66,1,5,False,1,1
7771,121,unweighted_fl,10,0.2153662420382165,0,4,None,66,1,5,False,1,1
7772,122,unweighted_fl,10,0.2159633757961783,0,4,None,66,1,5,False,1,1
7773,123,unweighted_fl,10,0.2171576433121019,0,4,None,66,1,5,False,1,1
7774,124,unweighted_fl,10,0.2177547770700637,0,4,None,66,1,5,False,1,1
7775,120,unweighted_fl,10,0.203921178343949,0,5,None,66,1,5,False,1,1
7776,121,unweighted_fl,10,0.1969546178343949,0,5,None,66,1,5,False,1,1
7777,122,unweighted_fl,10,0.1976512738853503,0,5,None,66,1,5,False,1,1
7778,123,unweighted_fl,10,0.1982484076433121,0,5,None,66,1,5,False,1,1
7779,124,unweighted_fl,10,0.1986464968152866,0,5,None,66,1,5,False,1,1
7780,120,unweighted_fl,10,0.219546178343949,0,3,None,66,1,5,False,1,1
7781,121,unweighted_fl,10,0.221437101910828,0,3,None,66,1,5,False,1,1
7782,122,unweighted_fl,10,0.2255175159235669,0,3,None,66,1,5,False,1,1
7783,123,unweighted_fl,10,0.2301950636942675,0,3,None,66,1,5,False,1,1
7784,124,unweighted_fl,10,0.2352707006369426,0,3,None,66,1,5,False,1,1
7785,120,unweighted_fl,10,0.2413415605095541,0,6,None,66,1,5,False,1,1
7786,121,unweighted_fl,10,0.2430334394904458,0,6,None,66,1,5,False,1,1
7787,122,unweighted_fl,10,0.243531050955414,0,6,None,66,1,5,False,1,1
7788,123,unweighted_fl,10,0.2463176751592356,0,6,None,66,1,5,False,1,1
7789,124,unweighted_fl,10,0.2496019108280254,0,6,None,66,1,5,False,1,1
7790,120,unweighted_fl,10,0.2471138535031847,0,8,None,66,1,5,False,1,1
7791,121,unweighted_fl,10,0.2587579617834395,0,8,None,66,1,5,False,1,1
7792,122,unweighted_fl,10,0.230593152866242,0,8,None,66,1,5,False,1,1
7793,123,unweighted_fl,10,0.2318869426751592,0,8,None,66,1,5,False,1,1
7794,124,unweighted_fl,10,0.2337778662420382,0,8,None,66,1,5,False,1,1
7795,120,unweighted_fl,10,0.2349721337579617,0,7,None,66,1,5,False,1,1
7796,121,unweighted_fl,10,0.2365644904458598,0,7,None,66,1,5,False,1,1
7797,122,unweighted_fl,10,0.2376592356687898,0,7,None,66,1,5,False,1,1
7798,123,unweighted_fl,10,0.2380573248407643,0,7,None,66,1,5,False,1,1
7799,124,unweighted_fl,10,0.2379578025477707,0,7,None,66,1,5,False,1,1
7800,120,unweighted_fl,10,0.212281050955414,0,9,None,66,1,5,False,1,1
7801,121,unweighted_fl,10,0.2067078025477707,0,9,None,66,1,5,False,1,1
7802,122,unweighted_fl,10,0.2014331210191083,0,9,None,66,1,5,False,1,1
7803,123,unweighted_fl,10,0.1978503184713375,0,9,None,66,1,5,False,1,1
7804,124,unweighted_fl,10,0.1976512738853503,0,9,None,66,1,5,False,1,1
7805,120,unweighted_fl,10,0.2067078025477707,0,11,None,66,1,5,False,1,1
7806,121,unweighted_fl,10,0.2052149681528662,0,11,None,66,1,5,False,1,1
7807,122,unweighted_fl,10,0.2032245222929936,0,11,None,66,1,5,False,1,1
7808,123,unweighted_fl,10,0.2025278662420382,0,11,None,66,1,5,False,1,1
7809,124,unweighted_fl,10,0.2037221337579617,0,11,None,66,1,5,False,1,1
7810,120,unweighted_fl,10,0.2336783439490445,0,12,None,66,1,5,False,1,1
7811,121,unweighted_fl,10,0.2367635350318471,0,12,None,66,1,5,False,1,1
7812,122,unweighted_fl,10,0.239749203821656,0,12,None,66,1,5,False,1,1
7813,123,unweighted_fl,10,0.2422372611464968,0,12,None,66,1,5,False,1,1
7814,124,unweighted_fl,10,0.2440286624203821,0,12,None,66,1,5,False,1,1
7815,120,unweighted_fl,10,0.2161624203821656,0,10,None,66,1,5,False,1,1
7816,121,unweighted_fl,10,0.2023288216560509,0,10,None,66,1,5,False,1,1
7817,122,unweighted_fl,10,0.1978503184713375,0,10,None,66,1,5,False,1,1
7818,123,unweighted_fl,10,0.1938694267515923,0,10,None,66,1,5,False,1,1
7819,124,unweighted_fl,10,0.1963574840764331,0,10,None,66,1,5,False,1,1
7820,120,unweighted_fl,10,0.2095939490445859,0,13,None,66,1,5,False,1,1
7821,121,unweighted_fl,10,0.2073049363057325,0,13,None,66,1,5,False,1,1
7822,122,unweighted_fl,10,0.2061106687898089,0,13,None,66,1,5,False,1,1
7823,123,unweighted_fl,10,0.2059116242038216,0,13,None,66,1,5,False,1,1
7824,124,unweighted_fl,10,0.2057125796178344,0,13,None,66,1,5,False,1,1
7825,120,unweighted_fl,10,0.221437101910828,0,15,None,66,1,5,False,1,1
7826,121,unweighted_fl,10,0.2257165605095541,0,15,None,66,1,5,False,1,1
7827,122,unweighted_fl,10,0.2291003184713375,0,15,None,66,1,5,False,1,1
7828,123,unweighted_fl,10,0.232484076433121,0,15,None,66,1,5,False,1,1
7829,124,unweighted_fl,10,0.2352707006369426,0,15,None,66,1,5,False,1,1
7830,120,unweighted_fl,10,0.2029259554140127,0,14,None,66,1,5,False,1,1
7831,121,unweighted_fl,10,0.1980493630573248,0,14,None,66,1,5,False,1,1
7832,122,unweighted_fl,10,0.1980493630573248,0,14,None,66,1,5,False,1,1
7833,123,unweighted_fl,10,0.1980493630573248,0,14,None,66,1,5,False,1,1
7834,124,unweighted_fl,10,0.1979498407643312,0,14,None,66,1,5,False,1,1
7835,120,unweighted_fl,10,0.1992436305732484,0,16,None,66,1,5,False,1,1
7836,121,unweighted_fl,10,0.2047173566878981,0,16,None,66,1,5,False,1,1
7837,122,unweighted_fl,10,0.2101910828025477,0,16,None,66,1,5,False,1,1
7838,123,unweighted_fl,10,0.2172571656050955,0,16,None,66,1,5,False,1,1
7839,124,unweighted_fl,10,0.1866042993630573,0,16,None,66,1,5,False,1,1
7840,120,unweighted_fl,10,0.2126791401273885,0,18,None,66,1,5,False,1,1
7841,121,unweighted_fl,10,0.2056130573248407,0,18,None,66,1,5,False,1,1
7842,122,unweighted_fl,10,0.199343152866242,0,18,None,66,1,5,False,1,1
7843,123,unweighted_fl,10,0.1983479299363057,0,18,None,66,1,5,False,1,1
7844,124,unweighted_fl,10,0.1983479299363057,0,18,None,66,1,5,False,1,1
7845,120,unweighted_fl,10,0.2232285031847133,0,19,None,66,1,5,False,1,1
7846,121,unweighted_fl,10,0.2257165605095541,0,19,None,66,1,5,False,1,1
7847,122,unweighted_fl,10,0.2264132165605095,0,19,None,66,1,5,False,1,1
7848,123,unweighted_fl,10,0.2266122611464968,0,19,None,66,1,5,False,1,1
7849,124,unweighted_fl,10,0.2270103503184713,0,19,None,66,1,5,False,1,1
7850,120,unweighted_fl,10,0.2376592356687898,0,17,None,66,1,5,False,1,1
7851,121,unweighted_fl,10,0.2415406050955414,0,17,None,66,1,5,False,1,1
7852,122,unweighted_fl,10,0.2453224522292993,0,17,None,66,1,5,False,1,1
7853,123,unweighted_fl,10,0.2587579617834395,0,17,None,66,1,5,False,1,1
7854,124,unweighted_fl,10,0.2411425159235669,0,17,None,66,1,5,False,1,1
7855,120,unweighted_fl,10,0.2192476114649681,0,20,None,66,1,5,False,1,1
7856,121,unweighted_fl,10,0.2162619426751592,0,20,None,66,1,5,False,1,1
7857,122,unweighted_fl,10,0.2154657643312102,0,20,None,66,1,5,False,1,1
7858,123,unweighted_fl,10,0.2151671974522293,0,20,None,66,1,5,False,1,1
7859,124,unweighted_fl,10,0.2144705414012739,0,20,None,66,1,5,False,1,1
7860,120,unweighted_fl,10,0.2101910828025477,0,22,None,66,1,5,False,1,1
7861,121,unweighted_fl,10,0.2086982484076433,0,22,None,66,1,5,False,1,1
7862,122,unweighted_fl,10,0.207703025477707,0,22,None,66,1,5,False,1,1
7863,123,unweighted_fl,10,0.2062101910828025,0,22,None,66,1,5,False,1,1
7864,124,unweighted_fl,10,0.2041202229299363,0,22,None,66,1,5,False,1,1
7865,120,unweighted_fl,10,0.2441281847133758,0,21,None,66,1,5,False,1,1
7866,121,unweighted_fl,10,0.2536823248407643,0,21,None,66,1,5,False,1,1
7867,122,unweighted_fl,10,0.2608479299363057,0,21,None,66,1,5,False,1,1
7868,123,unweighted_fl,10,0.2688097133757962,0,21,None,66,1,5,False,1,1
7869,124,unweighted_fl,10,0.2765724522292994,0,21,None,66,1,5,False,1,1
7870,120,unweighted_fl,10,0.2005374203821656,0,23,None,66,1,5,False,1,1
7871,121,unweighted_fl,10,0.2002388535031847,0,23,None,66,1,5,False,1,1
7872,122,unweighted_fl,10,0.2004378980891719,0,23,None,66,1,5,False,1,1
7873,123,unweighted_fl,10,0.2003383757961783,0,23,None,66,1,5,False,1,1
7874,124,unweighted_fl,10,0.2027269108280254,0,23,None,66,1,5,False,1,1
7875,120,unweighted_fl,10,0.2430334394904458,0,25,None,66,1,5,False,1,1
7876,121,unweighted_fl,10,0.2338773885350318,0,25,None,66,1,5,False,1,1
7877,122,unweighted_fl,10,0.2359673566878981,0,25,None,66,1,5,False,1,1
7878,123,unweighted_fl,10,0.2379578025477707,0,25,None,66,1,5,False,1,1
7879,124,unweighted_fl,10,0.2421377388535031,0,25,None,66,1,5,False,1,1
7880,120,unweighted_fl,10,0.214968152866242,0,24,None,66,1,5,False,1,1
7881,121,unweighted_fl,10,0.206608280254777,0,24,None,66,1,5,False,1,1
7882,122,unweighted_fl,10,0.2041202229299363,0,24,None,66,1,5,False,1,1
7883,123,unweighted_fl,10,0.2003383757961783,0,24,None,66,1,5,False,1,1
7884,124,unweighted_fl,10,0.1970541401273885,0,24,None,66,1,5,False,1,1
7885,120,unweighted_fl,10,0.2063097133757961,0,26,None,66,1,5,False,1,1
7886,121,unweighted_fl,10,0.2006369426751592,0,26,None,66,1,5,False,1,1
7887,122,unweighted_fl,10,0.2007364649681528,0,26,None,66,1,5,False,1,1
7888,123,unweighted_fl,10,0.2008359872611465,0,26,None,66,1,5,False,1,1
7889,124,unweighted_fl,10,0.201234076433121,0,26,None,66,1,5,False,1,1
7890,120,unweighted_fl,10,0.2578622611464968,0,27,None,66,1,5,False,1,1
7891,121,unweighted_fl,10,0.266421178343949,0,27,None,66,1,5,False,1,1
7892,122,unweighted_fl,10,0.2570660828025478,0,27,None,66,1,5,False,1,1
7893,123,unweighted_fl,10,0.259156050955414,0,27,None,66,1,5,False,1,1
7894,124,unweighted_fl,10,0.2614450636942675,0,27,None,66,1,5,False,1,1
7895,120,unweighted_fl,10,0.2120820063694267,0,28,None,66,1,5,False,1,1
7896,121,unweighted_fl,10,0.2164609872611465,0,28,None,66,1,5,False,1,1
7897,122,unweighted_fl,10,0.2197452229299363,0,28,None,66,1,5,False,1,1
7898,123,unweighted_fl,10,0.2224323248407643,0,28,None,66,1,5,False,1,1
7899,124,unweighted_fl,10,0.2245222929936305,0,28,None,66,1,5,False,1,1
7900,120,unweighted_fl,10,0.2623407643312102,0,30,None,66,1,5,False,1,1
7901,121,unweighted_fl,10,0.2769705414012738,0,30,None,66,1,5,False,1,1
7902,122,unweighted_fl,10,0.2814490445859872,0,30,None,66,1,5,False,1,1
7903,123,unweighted_fl,10,0.2830414012738853,0,30,None,66,1,5,False,1,1
7904,124,unweighted_fl,10,0.2842356687898089,0,30,None,66,1,5,False,1,1
7905,120,unweighted_fl,10,0.2634355095541401,0,31,None,66,1,5,False,1,1
7906,121,unweighted_fl,10,0.2807523885350318,0,31,None,66,1,5,False,1,1
7907,122,unweighted_fl,10,0.2524880573248407,0,31,None,66,1,5,False,1,1
7908,123,unweighted_fl,10,0.253483280254777,0,31,None,66,1,5,False,1,1
7909,124,unweighted_fl,10,0.2557722929936306,0,31,None,66,1,5,False,1,1
7910,120,unweighted_fl,10,0.2100915605095541,0,32,None,66,1,5,False,1,1
7911,121,unweighted_fl,10,0.2085987261146497,0,32,None,66,1,5,False,1,1
7912,122,unweighted_fl,10,0.2076035031847133,0,32,None,66,1,5,False,1,1
7913,123,unweighted_fl,10,0.2074044585987261,0,32,None,66,1,5,False,1,1
7914,124,unweighted_fl,10,0.2076035031847133,0,32,None,66,1,5,False,1,1
7915,120,unweighted_fl,10,0.2253184713375796,0,29,None,66,1,5,False,1,1
7916,121,unweighted_fl,10,0.2124800955414012,0,29,None,66,1,5,False,1,1
7917,122,unweighted_fl,10,0.2126791401273885,0,29,None,66,1,5,False,1,1
7918,123,unweighted_fl,10,0.2120820063694267,0,29,None,66,1,5,False,1,1
7919,124,unweighted_fl,10,0.2126791401273885,0,29,None,66,1,5,False,1,1
7920,125,unweighted_fl,10,0.2303941082802547,0,0,None,66,1,5,False,1,1
7921,126,unweighted_fl,10,0.2280055732484076,0,0,None,66,1,5,False,1,1
7922,127,unweighted_fl,10,0.2267117834394904,0,0,None,66,1,5,False,1,1
7923,128,unweighted_fl,10,0.224124203821656,0,0,None,66,1,5,False,1,1
7924,129,unweighted_fl,10,0.2218351910828025,0,0,None,66,1,5,False,1,1
7925,125,unweighted_fl,10,0.2069068471337579,0,2,None,66,1,5,False,1,1
7926,126,unweighted_fl,10,0.2001393312101911,0,2,None,66,1,5,False,1,1
7927,127,unweighted_fl,10,0.2001393312101911,0,2,None,66,1,5,False,1,1
7928,128,unweighted_fl,10,0.1999402866242038,0,2,None,66,1,5,False,1,1
7929,129,unweighted_fl,10,0.1998407643312102,0,2,None,66,1,5,False,1,1
7930,125,unweighted_fl,10,0.2399482484076433,0,1,None,66,1,5,False,1,1
7931,126,unweighted_fl,10,0.2423367834394904,0,1,None,66,1,5,False,1,1
7932,127,unweighted_fl,10,0.2434315286624203,0,1,None,66,1,5,False,1,1
7933,128,unweighted_fl,10,0.2448248407643312,0,1,None,66,1,5,False,1,1
7934,129,unweighted_fl,10,0.2461186305732484,0,1,None,66,1,5,False,1,1
7935,125,unweighted_fl,10,0.2226313694267516,0,3,None,66,1,5,False,1,1
7936,126,unweighted_fl,10,0.2253184713375796,0,3,None,66,1,5,False,1,1
7937,127,unweighted_fl,10,0.2304936305732484,0,3,None,66,1,5,False,1,1
7938,128,unweighted_fl,10,0.2330812101910828,0,3,None,66,1,5,False,1,1
7939,129,unweighted_fl,10,0.2387539808917197,0,3,None,66,1,5,False,1,1
7940,125,unweighted_fl,10,0.2090963375796178,0,5,None,66,1,5,False,1,1
7941,126,unweighted_fl,10,0.1979498407643312,0,5,None,66,1,5,False,1,1
7942,127,unweighted_fl,10,0.1986464968152866,0,5,None,66,1,5,False,1,1
7943,128,unweighted_fl,10,0.1990445859872611,0,5,None,66,1,5,False,1,1
7944,129,unweighted_fl,10,0.1991441082802547,0,5,None,66,1,5,False,1,1
7945,125,unweighted_fl,10,0.2177547770700637,0,4,None,66,1,5,False,1,1
7946,126,unweighted_fl,10,0.2196457006369426,0,4,None,66,1,5,False,1,1
7947,127,unweighted_fl,10,0.2207404458598726,0,4,None,66,1,5,False,1,1
7948,128,unweighted_fl,10,0.2212380573248407,0,4,None,66,1,5,False,1,1
7949,129,unweighted_fl,10,0.2219347133757961,0,4,None,66,1,5,False,1,1
7950,125,unweighted_fl,10,0.2474124203821656,0,6,None,66,1,5,False,1,1
7951,126,unweighted_fl,10,0.2497014331210191,0,6,None,66,1,5,False,1,1
7952,127,unweighted_fl,10,0.2524880573248407,0,6,None,66,1,5,False,1,1
7953,128,unweighted_fl,10,0.2546775477707006,0,6,None,66,1,5,False,1,1
7954,129,unweighted_fl,10,0.2581608280254777,0,6,None,66,1,5,False,1,1
7955,125,unweighted_fl,10,0.2537818471337579,0,8,None,66,1,5,False,1,1
7956,126,unweighted_fl,10,0.2601512738853503,0,8,None,66,1,5,False,1,1
7957,127,unweighted_fl,10,0.2788614649681528,0,8,None,66,1,5,False,1,1
7958,128,unweighted_fl,10,0.2440286624203821,0,8,None,66,1,5,False,1,1
7959,129,unweighted_fl,10,0.2465167197452229,0,8,None,66,1,5,False,1,1
7960,125,unweighted_fl,10,0.2426353503184713,0,7,None,66,1,5,False,1,1
7961,126,unweighted_fl,10,0.2441281847133758,0,7,None,66,1,5,False,1,1
7962,127,unweighted_fl,10,0.2456210191082802,0,7,None,66,1,5,False,1,1
7963,128,unweighted_fl,10,0.2465167197452229,0,7,None,66,1,5,False,1,1
7964,129,unweighted_fl,10,0.2468152866242038,0,7,None,66,1,5,False,1,1
7965,125,unweighted_fl,10,0.2197452229299363,0,9,None,66,1,5,False,1,1
7966,126,unweighted_fl,10,0.2124800955414012,0,9,None,66,1,5,False,1,1
7967,127,unweighted_fl,10,0.2086982484076433,0,9,None,66,1,5,False,1,1
7968,128,unweighted_fl,10,0.2018312101910828,0,9,None,66,1,5,False,1,1
7969,129,unweighted_fl,10,0.1978503184713375,0,9,None,66,1,5,False,1,1
7970,125,unweighted_fl,10,0.2088972929936305,0,11,None,66,1,5,False,1,1
7971,126,unweighted_fl,10,0.2088972929936305,0,11,None,66,1,5,False,1,1
7972,127,unweighted_fl,10,0.2086982484076433,0,11,None,66,1,5,False,1,1
7973,128,unweighted_fl,10,0.2069068471337579,0,11,None,66,1,5,False,1,1
7974,129,unweighted_fl,10,0.2052149681528662,0,11,None,66,1,5,False,1,1
7975,125,unweighted_fl,10,0.2197452229299363,0,10,None,66,1,5,False,1,1
7976,126,unweighted_fl,10,0.2094944267515923,0,10,None,66,1,5,False,1,1
7977,127,unweighted_fl,10,0.2054140127388535,0,10,None,66,1,5,False,1,1
7978,128,unweighted_fl,10,0.2009355095541401,0,10,None,66,1,5,False,1,1
7979,129,unweighted_fl,10,0.1986464968152866,0,10,None,66,1,5,False,1,1
7980,125,unweighted_fl,10,0.2405453821656051,0,12,None,66,1,5,False,1,1
7981,126,unweighted_fl,10,0.2442277070063694,0,12,None,66,1,5,False,1,1
7982,127,unweighted_fl,10,0.2463176751592356,0,12,None,66,1,5,False,1,1
7983,128,unweighted_fl,10,0.24890525477707,0,12,None,66,1,5,False,1,1
7984,129,unweighted_fl,10,0.2504976114649681,0,12,None,66,1,5,False,1,1
7985,125,unweighted_fl,10,0.2070063694267516,0,14,None,66,1,5,False,1,1
7986,126,unweighted_fl,10,0.1986464968152866,0,14,None,66,1,5,False,1,1
7987,127,unweighted_fl,10,0.1980493630573248,0,14,None,66,1,5,False,1,1
7988,128,unweighted_fl,10,0.1980493630573248,0,14,None,66,1,5,False,1,1
7989,129,unweighted_fl,10,0.1981488853503184,0,14,None,66,1,5,False,1,1
7990,125,unweighted_fl,10,0.2150676751592356,0,13,None,66,1,5,False,1,1
7991,126,unweighted_fl,10,0.2119824840764331,0,13,None,66,1,5,False,1,1
7992,127,unweighted_fl,10,0.2123805732484076,0,13,None,66,1,5,False,1,1
7993,128,unweighted_fl,10,0.2133757961783439,0,13,None,66,1,5,False,1,1
7994,129,unweighted_fl,10,0.2142714968152866,0,13,None,66,1,5,False,1,1
7995,125,unweighted_fl,10,0.2308917197452229,0,15,None,66,1,5,False,1,1
7996,126,unweighted_fl,10,0.2335788216560509,0,15,None,66,1,5,False,1,1
7997,127,unweighted_fl,10,0.2376592356687898,0,15,None,66,1,5,False,1,1
7998,128,unweighted_fl,10,0.2407444267515923,0,15,None,66,1,5,False,1,1
7999,129,unweighted_fl,10,0.2427348726114649,0,15,None,66,1,5,False,1,1
8000,125,unweighted_fl,10,0.245421974522293,0,17,None,66,1,5,False,1,1
8001,126,unweighted_fl,10,0.2477109872611465,0,17,None,66,1,5,False,1,1
8002,127,unweighted_fl,10,0.2501990445859872,0,17,None,66,1,5,False,1,1
8003,128,unweighted_fl,10,0.2556727707006369,0,17,None,66,1,5,False,1,1
8004,129,unweighted_fl,10,0.251890923566879,0,17,None,66,1,5,False,1,1
8005,125,unweighted_fl,10,0.2022292993630573,0,16,None,66,1,5,False,1,1
8006,126,unweighted_fl,10,0.2093949044585987,0,16,None,66,1,5,False,1,1
8007,127,unweighted_fl,10,0.2191480891719745,0,16,None,66,1,5,False,1,1
8008,128,unweighted_fl,10,0.1878980891719745,0,16,None,66,1,5,False,1,1
8009,129,unweighted_fl,10,0.1879976114649681,0,16,None,66,1,5,False,1,1
8010,125,unweighted_fl,10,0.2207404458598726,0,18,None,66,1,5,False,1,1
8011,126,unweighted_fl,10,0.2137738853503184,0,18,None,66,1,5,False,1,1
8012,127,unweighted_fl,10,0.2083996815286624,0,18,None,66,1,5,False,1,1
8013,128,unweighted_fl,10,0.2008359872611465,0,18,None,66,1,5,False,1,1
8014,129,unweighted_fl,10,0.1983479299363057,0,18,None,66,1,5,False,1,1
8015,125,unweighted_fl,10,0.2295979299363057,0,20,None,66,1,5,False,1,1
8016,126,unweighted_fl,10,0.2265127388535031,0,20,None,66,1,5,False,1,1
8017,127,unweighted_fl,10,0.2251194267515923,0,20,None,66,1,5,False,1,1
8018,128,unweighted_fl,10,0.2251194267515923,0,20,None,66,1,5,False,1,1
8019,129,unweighted_fl,10,0.2259156050955414,0,20,None,66,1,5,False,1,1
8020,125,unweighted_fl,10,0.2578622611464968,0,21,None,66,1,5,False,1,1
8021,126,unweighted_fl,10,0.2661226114649681,0,21,None,66,1,5,False,1,1
8022,127,unweighted_fl,10,0.2741839171974522,0,21,None,66,1,5,False,1,1
8023,128,unweighted_fl,10,0.283937101910828,0,21,None,66,1,5,False,1,1
8024,129,unweighted_fl,10,0.2908041401273885,0,21,None,66,1,5,False,1,1
8025,125,unweighted_fl,10,0.2311902866242038,0,19,None,66,1,5,False,1,1
8026,126,unweighted_fl,10,0.2334792993630573,0,19,None,66,1,5,False,1,1
8027,127,unweighted_fl,10,0.2339769108280254,0,19,None,66,1,5,False,1,1
8028,128,unweighted_fl,10,0.234375,0,19,None,66,1,5,False,1,1
8029,129,unweighted_fl,10,0.2341759554140127,0,19,None,66,1,5,False,1,1
8030,125,unweighted_fl,10,0.2165605095541401,0,22,None,66,1,5,False,1,1
8031,126,unweighted_fl,10,0.2161624203821656,0,22,None,66,1,5,False,1,1
8032,127,unweighted_fl,10,0.2160628980891719,0,22,None,66,1,5,False,1,1
8033,128,unweighted_fl,10,0.213077229299363,0,22,None,66,1,5,False,1,1
8034,129,unweighted_fl,10,0.2117834394904458,0,22,None,66,1,5,False,1,1
8035,125,unweighted_fl,10,0.2192476114649681,0,24,None,66,1,5,False,1,1
8036,126,unweighted_fl,10,0.2131767515923567,0,24,None,66,1,5,False,1,1
8037,127,unweighted_fl,10,0.2109872611464968,0,24,None,66,1,5,False,1,1
8038,128,unweighted_fl,10,0.2070063694267516,0,24,None,66,1,5,False,1,1
8039,129,unweighted_fl,10,0.2038216560509554,0,24,None,66,1,5,False,1,1
8040,125,unweighted_fl,10,0.2064092356687898,0,23,None,66,1,5,False,1,1
8041,126,unweighted_fl,10,0.201234076433121,0,23,None,66,1,5,False,1,1
8042,127,unweighted_fl,10,0.2004378980891719,0,23,None,66,1,5,False,1,1
8043,128,unweighted_fl,10,0.2037221337579617,0,23,None,66,1,5,False,1,1
8044,129,unweighted_fl,10,0.1986464968152866,0,23,None,66,1,5,False,1,1
8045,125,unweighted_fl,10,0.2523885350318471,0,25,None,66,1,5,False,1,1
8046,126,unweighted_fl,10,0.2452229299363057,0,25,None,66,1,5,False,1,1
8047,127,unweighted_fl,10,0.2471138535031847,0,25,None,66,1,5,False,1,1
8048,128,unweighted_fl,10,0.2505971337579618,0,25,None,66,1,5,False,1,1
8049,129,unweighted_fl,10,0.2530851910828025,0,25,None,66,1,5,False,1,1
8050,125,unweighted_fl,10,0.2696058917197452,0,27,None,66,1,5,False,1,1
8051,126,unweighted_fl,10,0.2776671974522293,0,27,None,66,1,5,False,1,1
8052,127,unweighted_fl,10,0.2708996815286624,0,27,None,66,1,5,False,1,1
8053,128,unweighted_fl,10,0.2726910828025478,0,27,None,66,1,5,False,1,1
8054,129,unweighted_fl,10,0.2738853503184713,0,27,None,66,1,5,False,1,1
8055,125,unweighted_fl,10,0.2097929936305732,0,26,None,66,1,5,False,1,1
8056,126,unweighted_fl,10,0.2024283439490445,0,26,None,66,1,5,False,1,1
8057,127,unweighted_fl,10,0.2009355095541401,0,26,None,66,1,5,False,1,1
8058,128,unweighted_fl,10,0.2011345541401273,0,26,None,66,1,5,False,1,1
8059,129,unweighted_fl,10,0.201234076433121,0,26,None,66,1,5,False,1,1
8060,125,unweighted_fl,10,0.2184514331210191,0,28,None,66,1,5,False,1,1
8061,126,unweighted_fl,10,0.2258160828025477,0,28,None,66,1,5,False,1,1
8062,127,unweighted_fl,10,0.2304936305732484,0,28,None,66,1,5,False,1,1
8063,128,unweighted_fl,10,0.23328025477707,0,28,None,66,1,5,False,1,1
8064,129,unweighted_fl,10,0.2365644904458598,0,28,None,66,1,5,False,1,1
8065,125,unweighted_fl,10,0.2729896496815286,0,30,None,66,1,5,False,1,1
8066,126,unweighted_fl,10,0.2810509554140127,0,30,None,66,1,5,False,1,1
8067,127,unweighted_fl,10,0.2844347133757962,0,30,None,66,1,5,False,1,1
8068,128,unweighted_fl,10,0.2851313694267516,0,30,None,66,1,5,False,1,1
8069,129,unweighted_fl,10,0.285828025477707,0,30,None,66,1,5,False,1,1
8070,125,unweighted_fl,10,0.2232285031847133,0,29,None,66,1,5,False,1,1
8071,126,unweighted_fl,10,0.2096934713375796,0,29,None,66,1,5,False,1,1
8072,127,unweighted_fl,10,0.2105891719745223,0,29,None,66,1,5,False,1,1
8073,128,unweighted_fl,10,0.2119824840764331,0,29,None,66,1,5,False,1,1
8074,129,unweighted_fl,10,0.2119824840764331,0,29,None,66,1,5,False,1,1
8075,125,unweighted_fl,10,0.2671178343949044,0,31,None,66,1,5,False,1,1
8076,126,unweighted_fl,10,0.2905055732484076,0,31,None,66,1,5,False,1,1
8077,127,unweighted_fl,10,0.2593550955414013,0,31,None,66,1,5,False,1,1
8078,128,unweighted_fl,10,0.2609474522292994,0,31,None,66,1,5,False,1,1
8079,129,unweighted_fl,10,0.263734076433121,0,31,None,66,1,5,False,1,1
8080,125,unweighted_fl,10,0.2128781847133758,0,32,None,66,1,5,False,1,1
8081,126,unweighted_fl,10,0.2121815286624203,0,32,None,66,1,5,False,1,1
8082,127,unweighted_fl,10,0.2119824840764331,0,32,None,66,1,5,False,1,1
8083,128,unweighted_fl,10,0.2116839171974522,0,32,None,66,1,5,False,1,1
8084,129,unweighted_fl,10,0.211186305732484,0,32,None,66,1,5,False,1,1
8415,130,unweighted_fl,10,0.2473128980891719,0,1,None,66,1,5,False,1,1
8416,131,unweighted_fl,10,0.2505971337579618,0,1,None,66,1,5,False,1,1
8417,132,unweighted_fl,10,0.2519904458598726,0,1,None,66,1,5,False,1,1
8418,133,unweighted_fl,10,0.2540804140127388,0,1,None,66,1,5,False,1,1
8419,134,unweighted_fl,10,0.2552746815286624,0,1,None,66,1,5,False,1,1
8420,130,unweighted_fl,10,0.2382563694267516,0,0,None,66,1,5,False,1,1
8421,131,unweighted_fl,10,0.2367635350318471,0,0,None,66,1,5,False,1,1
8422,132,unweighted_fl,10,0.2347730891719745,0,0,None,66,1,5,False,1,1
8423,133,unweighted_fl,10,0.232484076433121,0,0,None,66,1,5,False,1,1
8424,134,unweighted_fl,10,0.2294984076433121,0,0,None,66,1,5,False,1,1
8425,130,unweighted_fl,10,0.2114848726114649,0,2,None,66,1,5,False,1,1
8426,131,unweighted_fl,10,0.2038216560509554,0,2,None,66,1,5,False,1,1
8427,132,unweighted_fl,10,0.2004378980891719,0,2,None,66,1,5,False,1,1
8428,133,unweighted_fl,10,0.2004378980891719,0,2,None,66,1,5,False,1,1
8429,134,unweighted_fl,10,0.2002388535031847,0,2,None,66,1,5,False,1,1
8430,130,unweighted_fl,10,0.2296974522292993,0,3,None,66,1,5,False,1,1
8431,131,unweighted_fl,10,0.2344745222929936,0,3,None,66,1,5,False,1,1
8432,132,unweighted_fl,10,0.238953025477707,0,3,None,66,1,5,False,1,1
8433,133,unweighted_fl,10,0.241640127388535,0,3,None,66,1,5,False,1,1
8434,134,unweighted_fl,10,0.246218152866242,0,3,None,66,1,5,False,1,1
8435,130,unweighted_fl,10,0.223328025477707,0,4,None,66,1,5,False,1,1
8436,131,unweighted_fl,10,0.2250199044585987,0,4,None,66,1,5,False,1,1
8437,132,unweighted_fl,10,0.2265127388535031,0,4,None,66,1,5,False,1,1
8438,133,unweighted_fl,10,0.2276074840764331,0,4,None,66,1,5,False,1,1
8439,134,unweighted_fl,10,0.2292993630573248,0,4,None,66,1,5,False,1,1
8440,130,unweighted_fl,10,0.2862261146496815,0,5,None,66,1,5,False,1,1
8441,131,unweighted_fl,10,0.1997412420382165,0,5,None,66,1,5,False,1,1
8442,132,unweighted_fl,10,0.1995421974522293,0,5,None,66,1,5,False,1,1
8443,133,unweighted_fl,10,0.1998407643312102,0,5,None,66,1,5,False,1,1
8444,134,unweighted_fl,10,0.1997412420382165,0,5,None,66,1,5,False,1,1
8445,130,unweighted_fl,10,0.2496019108280254,0,7,None,66,1,5,False,1,1
8446,131,unweighted_fl,10,0.2522890127388535,0,7,None,66,1,5,False,1,1
8447,132,unweighted_fl,10,0.2529856687898089,0,7,None,66,1,5,False,1,1
8448,133,unweighted_fl,10,0.2540804140127388,0,7,None,66,1,5,False,1,1
8449,134,unweighted_fl,10,0.2549761146496815,0,7,None,66,1,5,False,1,1
8450,130,unweighted_fl,10,0.2539808917197452,0,6,None,66,1,5,False,1,1
8451,131,unweighted_fl,10,0.2577627388535032,0,6,None,66,1,5,False,1,1
8452,132,unweighted_fl,10,0.2609474522292994,0,6,None,66,1,5,False,1,1
8453,133,unweighted_fl,10,0.266421178343949,0,6,None,66,1,5,False,1,1
8454,134,unweighted_fl,10,0.320859872611465,0,6,None,66,1,5,False,1,1
8455,130,unweighted_fl,10,0.2617436305732484,0,8,None,66,1,5,False,1,1
8456,131,unweighted_fl,10,0.2708996815286624,0,8,None,66,1,5,False,1,1
8457,132,unweighted_fl,10,0.252687101910828,0,8,None,66,1,5,False,1,1
8458,133,unweighted_fl,10,0.2548765923566879,0,8,None,66,1,5,False,1,1
8459,134,unweighted_fl,10,0.2578622611464968,0,8,None,66,1,5,False,1,1
8460,130,unweighted_fl,10,0.2298964968152866,0,10,None,66,1,5,False,1,1
8461,131,unweighted_fl,10,0.2212380573248407,0,10,None,66,1,5,False,1,1
8462,132,unweighted_fl,10,0.2172571656050955,0,10,None,66,1,5,False,1,1
8463,133,unweighted_fl,10,0.2121815286624203,0,10,None,66,1,5,False,1,1
8464,134,unweighted_fl,10,0.2083001592356688,0,10,None,66,1,5,False,1,1
8465,130,unweighted_fl,10,0.2285031847133758,0,9,None,66,1,5,False,1,1
8466,131,unweighted_fl,10,0.2211385350318471,0,9,None,66,1,5,False,1,1
8467,132,unweighted_fl,10,0.216859076433121,0,9,None,66,1,5,False,1,1
8468,133,unweighted_fl,10,0.2105891719745223,0,9,None,66,1,5,False,1,1
8469,134,unweighted_fl,10,0.2040207006369426,0,9,None,66,1,5,False,1,1
8470,130,unweighted_fl,10,0.2135748407643312,0,11,None,66,1,5,False,1,1
8471,131,unweighted_fl,10,0.2151671974522293,0,11,None,66,1,5,False,1,1
8472,132,unweighted_fl,10,0.2161624203821656,0,11,None,66,1,5,False,1,1
8473,133,unweighted_fl,10,0.2142714968152866,0,11,None,66,1,5,False,1,1
8474,134,unweighted_fl,10,0.2125796178343949,0,11,None,66,1,5,False,1,1
8475,130,unweighted_fl,10,0.2243232484076433,0,13,None,66,1,5,False,1,1
8476,131,unweighted_fl,10,0.2232285031847133,0,13,None,66,1,5,False,1,1
8477,132,unweighted_fl,10,0.2234275477707006,0,13,None,66,1,5,False,1,1
8478,133,unweighted_fl,10,0.2237261146496815,0,13,None,66,1,5,False,1,1
8479,134,unweighted_fl,10,0.2242237261146497,0,13,None,66,1,5,False,1,1
8480,130,unweighted_fl,10,0.248109076433121,0,12,None,66,1,5,False,1,1
8481,131,unweighted_fl,10,0.2508957006369426,0,12,None,66,1,5,False,1,1
8482,132,unweighted_fl,10,0.2535828025477707,0,12,None,66,1,5,False,1,1
8483,133,unweighted_fl,10,0.2559713375796178,0,12,None,66,1,5,False,1,1
8484,134,unweighted_fl,10,0.2586584394904458,0,12,None,66,1,5,False,1,1
8485,130,unweighted_fl,10,0.2107882165605095,0,14,None,66,1,5,False,1,1
8486,131,unweighted_fl,10,0.2023288216560509,0,14,None,66,1,5,False,1,1
8487,132,unweighted_fl,10,0.1981488853503184,0,14,None,66,1,5,False,1,1
8488,133,unweighted_fl,10,0.1982484076433121,0,14,None,66,1,5,False,1,1
8489,134,unweighted_fl,10,0.1981488853503184,0,14,None,66,1,5,False,1,1
8490,130,unweighted_fl,10,0.2032245222929936,0,16,None,66,1,5,False,1,1
8491,131,unweighted_fl,10,0.2092953821656051,0,16,None,66,1,5,False,1,1
8492,132,unweighted_fl,10,0.2171576433121019,0,16,None,66,1,5,False,1,1
8493,133,unweighted_fl,10,0.1886942675159235,0,16,None,66,1,5,False,1,1
8494,134,unweighted_fl,10,0.1884952229299363,0,16,None,66,1,5,False,1,1
8495,130,unweighted_fl,10,0.2395501592356688,0,15,None,66,1,5,False,1,1
8496,131,unweighted_fl,10,0.243531050955414,0,15,None,66,1,5,False,1,1
8497,132,unweighted_fl,10,0.2461186305732484,0,15,None,66,1,5,False,1,1
8498,133,unweighted_fl,10,0.2488057324840764,0,15,None,66,1,5,False,1,1
8499,134,unweighted_fl,10,0.2510947452229299,0,15,None,66,1,5,False,1,1
8500,130,unweighted_fl,10,0.2557722929936306,0,17,None,66,1,5,False,1,1
8501,131,unweighted_fl,10,0.2598527070063694,0,17,None,66,1,5,False,1,1
8502,132,unweighted_fl,10,0.272890127388535,0,17,None,66,1,5,False,1,1
8503,133,unweighted_fl,10,0.2616441082802547,0,17,None,66,1,5,False,1,1
8504,134,unweighted_fl,10,0.2633359872611465,0,17,None,66,1,5,False,1,1
8505,130,unweighted_fl,10,0.2384554140127388,0,19,None,66,1,5,False,1,1
8506,131,unweighted_fl,10,0.2420382165605095,0,19,None,66,1,5,False,1,1
8507,132,unweighted_fl,10,0.2429339171974522,0,19,None,66,1,5,False,1,1
8508,133,unweighted_fl,10,0.2439291401273885,0,19,None,66,1,5,False,1,1
8509,134,unweighted_fl,10,0.2449243630573248,0,19,None,66,1,5,False,1,1
8510,130,unweighted_fl,10,0.2293988853503184,0,18,None,66,1,5,False,1,1
8511,131,unweighted_fl,10,0.2217356687898089,0,18,None,66,1,5,False,1,1
8512,132,unweighted_fl,10,0.2152667197452229,0,18,None,66,1,5,False,1,1
8513,133,unweighted_fl,10,0.2079020700636942,0,18,None,66,1,5,False,1,1
8514,134,unweighted_fl,10,0.2008359872611465,0,18,None,66,1,5,False,1,1
8515,130,unweighted_fl,10,0.2418391719745223,0,20,None,66,1,5,False,1,1
8516,131,unweighted_fl,10,0.2387539808917197,0,20,None,66,1,5,False,1,1
8517,132,unweighted_fl,10,0.2384554140127388,0,20,None,66,1,5,False,1,1
8518,133,unweighted_fl,10,0.2383558917197452,0,20,None,66,1,5,False,1,1
8519,134,unweighted_fl,10,0.2381568471337579,0,20,None,66,1,5,False,1,1
8520,130,unweighted_fl,10,0.2254179936305732,0,22,None,66,1,5,False,1,1
8521,131,unweighted_fl,10,0.226015127388535,0,22,None,66,1,5,False,1,1
8522,132,unweighted_fl,10,0.2259156050955414,0,22,None,66,1,5,False,1,1
8523,133,unweighted_fl,10,0.2237261146496815,0,22,None,66,1,5,False,1,1
8524,134,unweighted_fl,10,0.2203423566878981,0,22,None,66,1,5,False,1,1
8525,130,unweighted_fl,10,0.270203025477707,0,21,None,66,1,5,False,1,1
8526,131,unweighted_fl,10,0.2826433121019108,0,21,None,66,1,5,False,1,1
8527,132,unweighted_fl,10,0.2936902866242038,0,21,None,66,1,5,False,1,1
8528,133,unweighted_fl,10,0.3043391719745223,0,21,None,66,1,5,False,1,1
8529,134,unweighted_fl,10,0.3101114649681528,0,21,None,66,1,5,False,1,1
8530,130,unweighted_fl,10,0.214171974522293,0,23,None,66,1,5,False,1,1
8531,131,unweighted_fl,10,0.2083001592356688,0,23,None,66,1,5,False,1,1
8532,132,unweighted_fl,10,0.2723925159235669,0,23,None,66,1,5,False,1,1
8533,133,unweighted_fl,10,0.1986464968152866,0,23,None,66,1,5,False,1,1
8534,134,unweighted_fl,10,0.198546974522293,0,23,None,66,1,5,False,1,1
8535,130,unweighted_fl,10,0.2631369426751592,0,25,None,66,1,5,False,1,1
8536,131,unweighted_fl,10,0.255374203821656,0,25,None,66,1,5,False,1,1
8537,132,unweighted_fl,10,0.2566679936305732,0,25,None,66,1,5,False,1,1
8538,133,unweighted_fl,10,0.2606488853503185,0,25,None,66,1,5,False,1,1
8539,134,unweighted_fl,10,0.2647292993630573,0,25,None,66,1,5,False,1,1
8540,130,unweighted_fl,10,0.2153662420382165,0,26,None,66,1,5,False,1,1
8541,131,unweighted_fl,10,0.2072054140127388,0,26,None,66,1,5,False,1,1
8542,132,unweighted_fl,10,0.2018312101910828,0,26,None,66,1,5,False,1,1
8543,133,unweighted_fl,10,0.2009355095541401,0,26,None,66,1,5,False,1,1
8544,134,unweighted_fl,10,0.201234076433121,0,26,None,66,1,5,False,1,1
8545,130,unweighted_fl,10,0.2902070063694267,0,24,None,66,1,5,False,1,1
8546,131,unweighted_fl,10,0.2211385350318471,0,24,None,66,1,5,False,1,1
8547,132,unweighted_fl,10,0.2192476114649681,0,24,None,66,1,5,False,1,1
8548,133,unweighted_fl,10,0.2133757961783439,0,24,None,66,1,5,False,1,1
8549,134,unweighted_fl,10,0.2090963375796178,0,24,None,66,1,5,False,1,1
8550,130,unweighted_fl,10,0.2786624203821656,0,27,None,66,1,5,False,1,1
8551,131,unweighted_fl,10,0.2871218152866242,0,27,None,66,1,5,False,1,1
8552,132,unweighted_fl,10,0.2789609872611465,0,27,None,66,1,5,False,1,1
8553,133,unweighted_fl,10,0.2852308917197452,0,27,None,66,1,5,False,1,1
8554,134,unweighted_fl,10,0.2875199044585987,0,27,None,66,1,5,False,1,1
8555,130,unweighted_fl,10,0.2261146496815286,0,29,None,66,1,5,False,1,1
8556,131,unweighted_fl,10,0.2083996815286624,0,29,None,66,1,5,False,1,1
8557,132,unweighted_fl,10,0.2057125796178344,0,29,None,66,1,5,False,1,1
8558,133,unweighted_fl,10,0.2081011146496815,0,29,None,66,1,5,False,1,1
8559,134,unweighted_fl,10,0.208499203821656,0,29,None,66,1,5,False,1,1
8560,130,unweighted_fl,10,0.2275079617834395,0,28,None,66,1,5,False,1,1
8561,131,unweighted_fl,10,0.2366640127388535,0,28,None,66,1,5,False,1,1
8562,132,unweighted_fl,10,0.2419386942675159,0,28,None,66,1,5,False,1,1
8563,133,unweighted_fl,10,0.2450238853503184,0,28,None,66,1,5,False,1,1
8564,134,unweighted_fl,10,0.2477109872611465,0,28,None,66,1,5,False,1,1
8565,130,unweighted_fl,10,0.2808519108280254,0,30,None,66,1,5,False,1,1
8566,131,unweighted_fl,10,0.2849323248407643,0,30,None,66,1,5,False,1,1
8567,132,unweighted_fl,10,0.2861265923566879,0,30,None,66,1,5,False,1,1
8568,133,unweighted_fl,10,0.2869227707006369,0,30,None,66,1,5,False,1,1
8569,134,unweighted_fl,10,0.2881170382165605,0,30,None,66,1,5,False,1,1
8570,130,unweighted_fl,10,0.2181528662420382,0,32,None,66,1,5,False,1,1
8571,131,unweighted_fl,10,0.216859076433121,0,32,None,66,1,5,False,1,1
8572,132,unweighted_fl,10,0.2169585987261146,0,32,None,66,1,5,False,1,1
8573,133,unweighted_fl,10,0.216859076433121,0,32,None,66,1,5,False,1,1
8574,134,unweighted_fl,10,0.2166600318471337,0,32,None,66,1,5,False,1,1
8575,130,unweighted_fl,10,0.2733877388535032,0,31,None,66,1,5,False,1,1
8576,131,unweighted_fl,10,0.2665207006369426,0,31,None,66,1,5,False,1,1
8577,132,unweighted_fl,10,0.2676154458598726,0,31,None,66,1,5,False,1,1
8578,133,unweighted_fl,10,0.2695063694267516,0,31,None,66,1,5,False,1,1
8579,134,unweighted_fl,10,0.270999203821656,0,31,None,66,1,5,False,1,1
8580,135,unweighted_fl,10,0.2471138535031847,0,0,None,66,1,5,False,1,1
8581,136,unweighted_fl,10,0.2460191082802547,0,0,None,66,1,5,False,1,1
8582,137,unweighted_fl,10,0.2440286624203821,0,0,None,66,1,5,False,1,1
8583,138,unweighted_fl,10,0.2421377388535031,0,0,None,66,1,5,False,1,1
8584,139,unweighted_fl,10,0.239749203821656,0,0,None,66,1,5,False,1,1
8585,135,unweighted_fl,10,0.2571656050955414,0,1,None,66,1,5,False,1,1
8586,136,unweighted_fl,10,0.2602507961783439,0,1,None,66,1,5,False,1,1
8587,137,unweighted_fl,10,0.2634355095541401,0,1,None,66,1,5,False,1,1
8588,138,unweighted_fl,10,0.2661226114649681,0,1,None,66,1,5,False,1,1
8589,139,unweighted_fl,10,0.2679140127388535,0,1,None,66,1,5,False,1,1
8590,135,unweighted_fl,10,0.2177547770700637,0,2,None,66,1,5,False,1,1
8591,136,unweighted_fl,10,0.2072054140127388,0,2,None,66,1,5,False,1,1
8592,137,unweighted_fl,10,0.2010350318471337,0,2,None,66,1,5,False,1,1
8593,138,unweighted_fl,10,0.2007364649681528,0,2,None,66,1,5,False,1,1
8594,139,unweighted_fl,10,0.2006369426751592,0,2,None,66,1,5,False,1,1
8595,135,unweighted_fl,10,0.2338773885350318,0,4,None,66,1,5,False,1,1
8596,136,unweighted_fl,10,0.2361664012738853,0,4,None,66,1,5,False,1,1
8597,137,unweighted_fl,10,0.2385549363057325,0,4,None,66,1,5,False,1,1
8598,138,unweighted_fl,10,0.2400477707006369,0,4,None,66,1,5,False,1,1
8599,139,unweighted_fl,10,0.2431329617834395,0,4,None,66,1,5,False,1,1
8600,135,unweighted_fl,10,0.2444267515923567,0,3,None,66,1,5,False,1,1
8601,136,unweighted_fl,10,0.2478105095541401,0,3,None,66,1,5,False,1,1
8602,137,unweighted_fl,10,0.2527866242038216,0,3,None,66,1,5,False,1,1
8603,138,unweighted_fl,10,0.2570660828025478,0,3,None,66,1,5,False,1,1
8604,139,unweighted_fl,10,0.2659235668789809,0,3,None,66,1,5,False,1,1
8605,135,unweighted_fl,10,0.2237261146496815,0,5,None,66,1,5,False,1,1
8606,136,unweighted_fl,10,0.2108877388535031,0,5,None,66,1,5,False,1,1
8607,137,unweighted_fl,10,0.2003383757961783,0,5,None,66,1,5,False,1,1
8608,138,unweighted_fl,10,0.2007364649681528,0,5,None,66,1,5,False,1,1
8609,139,unweighted_fl,10,0.2011345541401273,0,5,None,66,1,5,False,1,1
8610,135,unweighted_fl,10,0.2585589171974522,0,7,None,66,1,5,False,1,1
8611,136,unweighted_fl,10,0.2622412420382166,0,7,None,66,1,5,False,1,1
8612,137,unweighted_fl,10,0.2648288216560509,0,7,None,66,1,5,False,1,1
8613,138,unweighted_fl,10,0.2667197452229299,0,7,None,66,1,5,False,1,1
8614,139,unweighted_fl,10,0.3021496815286624,0,7,None,66,1,5,False,1,1
8615,135,unweighted_fl,10,0.2641321656050955,0,6,None,66,1,5,False,1,1
8616,136,unweighted_fl,10,0.2707006369426751,0,6,None,66,1,5,False,1,1
8617,137,unweighted_fl,10,0.333499203821656,0,6,None,66,1,5,False,1,1
8618,138,unweighted_fl,10,0.2725915605095541,0,6,None,66,1,5,False,1,1
8619,139,unweighted_fl,10,0.2723925159235669,0,6,None,66,1,5,False,1,1
8620,135,unweighted_fl,10,0.2724920382165605,0,8,None,66,1,5,False,1,1
8621,136,unweighted_fl,10,0.2848328025477707,0,8,None,66,1,5,False,1,1
8622,137,unweighted_fl,10,0.2634355095541401,0,8,None,66,1,5,False,1,1
8623,138,unweighted_fl,10,0.2635350318471338,0,8,None,66,1,5,False,1,1
8624,139,unweighted_fl,10,0.2603503184713376,0,8,None,66,1,5,False,1,1
8625,135,unweighted_fl,10,0.2472133757961783,0,10,None,66,1,5,False,1,1
8626,136,unweighted_fl,10,0.2323845541401273,0,10,None,66,1,5,False,1,1
8627,137,unweighted_fl,10,0.2288017515923567,0,10,None,66,1,5,False,1,1
8628,138,unweighted_fl,10,0.2239251592356688,0,10,None,66,1,5,False,1,1
8629,139,unweighted_fl,10,0.2179538216560509,0,10,None,66,1,5,False,1,1
8630,135,unweighted_fl,10,0.238953025477707,0,9,None,66,1,5,False,1,1
8631,136,unweighted_fl,10,0.2317874203821656,0,9,None,66,1,5,False,1,1
8632,137,unweighted_fl,10,0.2251194267515923,0,9,None,66,1,5,False,1,1
8633,138,unweighted_fl,10,0.2184514331210191,0,9,None,66,1,5,False,1,1
8634,139,unweighted_fl,10,0.2104896496815286,0,9,None,66,1,5,False,1,1
8635,135,unweighted_fl,10,0.2239251592356688,0,11,None,66,1,5,False,1,1
8636,136,unweighted_fl,10,0.2246218152866242,0,11,None,66,1,5,False,1,1
8637,137,unweighted_fl,10,0.2275079617834395,0,11,None,66,1,5,False,1,1
8638,138,unweighted_fl,10,0.2228304140127388,0,11,None,66,1,5,False,1,1
8639,139,unweighted_fl,10,0.2177547770700637,0,11,None,66,1,5,False,1,1
8640,135,unweighted_fl,10,0.2382563694267516,0,13,None,66,1,5,False,1,1
8641,136,unweighted_fl,10,0.2371616242038216,0,13,None,66,1,5,False,1,1
8642,137,unweighted_fl,10,0.2366640127388535,0,13,None,66,1,5,False,1,1
8643,138,unweighted_fl,10,0.2368630573248407,0,13,None,66,1,5,False,1,1
8644,139,unweighted_fl,10,0.2373606687898089,0,13,None,66,1,5,False,1,1
8645,135,unweighted_fl,10,0.2567675159235669,0,12,None,66,1,5,False,1,1
8646,136,unweighted_fl,10,0.2617436305732484,0,12,None,66,1,5,False,1,1
8647,137,unweighted_fl,10,0.2648288216560509,0,12,None,66,1,5,False,1,1
8648,138,unweighted_fl,10,0.2673168789808917,0,12,None,66,1,5,False,1,1
8649,139,unweighted_fl,10,0.2713972929936306,0,12,None,66,1,5,False,1,1
8650,135,unweighted_fl,10,0.2178542993630573,0,14,None,66,1,5,False,1,1
8651,136,unweighted_fl,10,0.207703025477707,0,14,None,66,1,5,False,1,1
8652,137,unweighted_fl,10,0.1990445859872611,0,14,None,66,1,5,False,1,1
8653,138,unweighted_fl,10,0.1981488853503184,0,14,None,66,1,5,False,1,1
8654,139,unweighted_fl,10,0.1983479299363057,0,14,None,66,1,5,False,1,1
8655,135,unweighted_fl,10,0.2001393312101911,0,16,None,66,1,5,False,1,1
8656,136,unweighted_fl,10,0.2038216560509554,0,16,None,66,1,5,False,1,1
8657,137,unweighted_fl,10,0.2083996815286624,0,16,None,66,1,5,False,1,1
8658,138,unweighted_fl,10,0.1908837579617834,0,16,None,66,1,5,False,1,1
8659,139,unweighted_fl,10,0.2237261146496815,0,16,None,66,1,5,False,1,1
8660,135,unweighted_fl,10,0.2506966560509554,0,15,None,66,1,5,False,1,1
8661,136,unweighted_fl,10,0.2541799363057325,0,15,None,66,1,5,False,1,1
8662,137,unweighted_fl,10,0.2586584394904458,0,15,None,66,1,5,False,1,1
8663,138,unweighted_fl,10,0.2615445859872611,0,15,None,66,1,5,False,1,1
8664,139,unweighted_fl,10,0.2653264331210191,0,15,None,66,1,5,False,1,1
8665,135,unweighted_fl,10,0.2680135350318471,0,17,None,66,1,5,False,1,1
8666,136,unweighted_fl,10,0.3383757961783439,0,17,None,66,1,5,False,1,1
8667,137,unweighted_fl,10,0.2726910828025478,0,17,None,66,1,5,False,1,1
8668,138,unweighted_fl,10,0.2754777070063694,0,17,None,66,1,5,False,1,1
8669,139,unweighted_fl,10,0.2776671974522293,0,17,None,66,1,5,False,1,1
8670,135,unweighted_fl,10,0.2500995222929936,0,19,None,66,1,5,False,1,1
8671,136,unweighted_fl,10,0.2539808917197452,0,19,None,66,1,5,False,1,1
8672,137,unweighted_fl,10,0.2551751592356688,0,19,None,66,1,5,False,1,1
8673,138,unweighted_fl,10,0.2567675159235669,0,19,None,66,1,5,False,1,1
8674,139,unweighted_fl,10,0.2590565286624204,0,19,None,66,1,5,False,1,1
8675,135,unweighted_fl,10,0.2550756369426751,0,20,None,66,1,5,False,1,1
8676,136,unweighted_fl,10,0.253483280254777,0,20,None,66,1,5,False,1,1
8677,137,unweighted_fl,10,0.2531847133757962,0,20,None,66,1,5,False,1,1
8678,138,unweighted_fl,10,0.2538813694267516,0,20,None,66,1,5,False,1,1
8679,139,unweighted_fl,10,0.2546775477707006,0,20,None,66,1,5,False,1,1
8680,135,unweighted_fl,10,0.2410429936305732,0,18,None,66,1,5,False,1,1
8681,136,unweighted_fl,10,0.2326831210191083,0,18,None,66,1,5,False,1,1
8682,137,unweighted_fl,10,0.2259156050955414,0,18,None,66,1,5,False,1,1
8683,138,unweighted_fl,10,0.21875,0,18,None,66,1,5,False,1,1
8684,139,unweighted_fl,10,0.2101910828025477,0,18,None,66,1,5,False,1,1
8685,135,unweighted_fl,10,0.2954816878980891,0,21,None,66,1,5,False,1,1
8686,136,unweighted_fl,10,0.3124004777070063,0,21,None,66,1,5,False,1,1
8687,137,unweighted_fl,10,0.3229498407643312,0,21,None,66,1,5,False,1,1
8688,138,unweighted_fl,10,0.3241441082802547,0,21,None,66,1,5,False,1,1
8689,139,unweighted_fl,10,0.3202627388535032,0,21,None,66,1,5,False,1,1
8690,135,unweighted_fl,10,0.2407444267515923,0,22,None,66,1,5,False,1,1
8691,136,unweighted_fl,10,0.2394506369426751,0,22,None,66,1,5,False,1,1
8692,137,unweighted_fl,10,0.2372611464968153,0,22,None,66,1,5,False,1,1
8693,138,unweighted_fl,10,0.2360668789808917,0,22,None,66,1,5,False,1,1
8694,139,unweighted_fl,10,0.2336783439490445,0,22,None,66,1,5,False,1,1
8695,135,unweighted_fl,10,0.2282046178343949,0,23,None,66,1,5,False,1,1
8696,136,unweighted_fl,10,0.2661226114649681,0,23,None,66,1,5,False,1,1
8697,137,unweighted_fl,10,0.206608280254777,0,23,None,66,1,5,False,1,1
8698,138,unweighted_fl,10,0.2013335987261146,0,23,None,66,1,5,False,1,1
8699,139,unweighted_fl,10,0.1989450636942675,0,23,None,66,1,5,False,1,1
8700,135,unweighted_fl,10,0.2336783439490445,0,24,None,66,1,5,False,1,1
8701,136,unweighted_fl,10,0.2307921974522293,0,24,None,66,1,5,False,1,1
8702,137,unweighted_fl,10,0.2265127388535031,0,24,None,66,1,5,False,1,1
8703,138,unweighted_fl,10,0.2207404458598726,0,24,None,66,1,5,False,1,1
8704,139,unweighted_fl,10,0.2153662420382165,0,24,None,66,1,5,False,1,1
8705,135,unweighted_fl,10,0.2784633757961783,0,25,None,66,1,5,False,1,1
8706,136,unweighted_fl,10,0.2712977707006369,0,25,None,66,1,5,False,1,1
8707,137,unweighted_fl,10,0.2842356687898089,0,25,None,66,1,5,False,1,1
8708,138,unweighted_fl,10,0.3067277070063694,0,25,None,66,1,5,False,1,1
8709,139,unweighted_fl,10,0.3348925159235669,0,25,None,66,1,5,False,1,1
8710,135,unweighted_fl,10,0.2252189490445859,0,26,None,66,1,5,False,1,1
8711,136,unweighted_fl,10,0.2161624203821656,0,26,None,66,1,5,False,1,1
8712,137,unweighted_fl,10,0.2107882165605095,0,26,None,66,1,5,False,1,1
8713,138,unweighted_fl,10,0.2291003184713375,0,26,None,66,1,5,False,1,1
8714,139,unweighted_fl,10,0.2730891719745223,0,26,None,66,1,5,False,1,1
8715,135,unweighted_fl,10,0.2431329617834395,0,28,None,66,1,5,False,1,1
8716,136,unweighted_fl,10,0.2508957006369426,0,28,None,66,1,5,False,1,1
8717,137,unweighted_fl,10,0.2560708598726114,0,28,None,66,1,5,False,1,1
8718,138,unweighted_fl,10,0.2602507961783439,0,28,None,66,1,5,False,1,1
8719,139,unweighted_fl,10,0.2652269108280254,0,28,None,66,1,5,False,1,1
8720,135,unweighted_fl,10,0.2956807324840764,0,27,None,66,1,5,False,1,1
8721,136,unweighted_fl,10,0.3105095541401274,0,27,None,66,1,5,False,1,1
8722,137,unweighted_fl,10,0.3004578025477707,0,27,None,66,1,5,False,1,1
8723,138,unweighted_fl,10,0.3032444267515923,0,27,None,66,1,5,False,1,1
8724,139,unweighted_fl,10,0.3055334394904458,0,27,None,66,1,5,False,1,1
8725,135,unweighted_fl,10,0.2271098726114649,0,29,None,66,1,5,False,1,1
8726,136,unweighted_fl,10,0.2117834394904458,0,29,None,66,1,5,False,1,1
8727,137,unweighted_fl,10,0.203125,0,29,None,66,1,5,False,1,1
8728,138,unweighted_fl,10,0.2040207006369426,0,29,None,66,1,5,False,1,1
8729,139,unweighted_fl,10,0.2047173566878981,0,29,None,66,1,5,False,1,1
8730,135,unweighted_fl,10,0.2850318471337579,0,30,None,66,1,5,False,1,1
8731,136,unweighted_fl,10,0.2876194267515923,0,30,None,66,1,5,False,1,1
8732,137,unweighted_fl,10,0.2892117834394904,0,30,None,66,1,5,False,1,1
8733,138,unweighted_fl,10,0.291202229299363,0,30,None,66,1,5,False,1,1
8734,139,unweighted_fl,10,0.2924960191082802,0,30,None,66,1,5,False,1,1
8735,135,unweighted_fl,10,0.2849323248407643,0,31,None,66,1,5,False,1,1
8736,136,unweighted_fl,10,0.2733877388535032,0,31,None,66,1,5,False,1,1
8737,137,unweighted_fl,10,0.273984872611465,0,31,None,66,1,5,False,1,1
8738,138,unweighted_fl,10,0.2717953821656051,0,31,None,66,1,5,False,1,1
8739,139,unweighted_fl,10,0.2605493630573248,0,31,None,66,1,5,False,1,1
8740,135,unweighted_fl,10,0.2267117834394904,0,32,None,66,1,5,False,1,1
8741,136,unweighted_fl,10,0.2249203821656051,0,32,None,66,1,5,False,1,1
8742,137,unweighted_fl,10,0.2250199044585987,0,32,None,66,1,5,False,1,1
8743,138,unweighted_fl,10,0.2251194267515923,0,32,None,66,1,5,False,1,1
8744,139,unweighted_fl,10,0.2264132165605095,0,32,None,66,1,5,False,1,1
8745,140,unweighted_fl,10,0.2707006369426751,0,1,None,66,1,5,False,1,1
8746,141,unweighted_fl,10,0.2735867834394904,0,1,None,66,1,5,False,1,1
8747,142,unweighted_fl,10,0.2750796178343949,0,1,None,66,1,5,False,1,1
8748,143,unweighted_fl,10,0.2772691082802547,0,1,None,66,1,5,False,1,1
8749,144,unweighted_fl,10,0.2799562101910828,0,1,None,66,1,5,False,1,1
8750,140,unweighted_fl,10,0.2320859872611465,0,2,None,66,1,5,False,1,1
8751,141,unweighted_fl,10,0.2178542993630573,0,2,None,66,1,5,False,1,1
8752,142,unweighted_fl,10,0.2074044585987261,0,2,None,66,1,5,False,1,1
8753,143,unweighted_fl,10,0.2074044585987261,0,2,None,66,1,5,False,1,1
8754,144,unweighted_fl,10,0.2362659235668789,0,2,None,66,1,5,False,1,1
8755,140,unweighted_fl,10,0.2589570063694267,0,0,None,66,1,5,False,1,1
8756,141,unweighted_fl,10,0.2571656050955414,0,0,None,66,1,5,False,1,1
8757,142,unweighted_fl,10,0.2555732484076433,0,0,None,66,1,5,False,1,1
8758,143,unweighted_fl,10,0.2537818471337579,0,0,None,66,1,5,False,1,1
8759,144,unweighted_fl,10,0.2512937898089172,0,0,None,66,1,5,False,1,1
8760,140,unweighted_fl,10,0.2684116242038216,0,3,None,66,1,5,False,1,1
8761,141,unweighted_fl,10,0.2737858280254777,0,3,None,66,1,5,False,1,1
8762,142,unweighted_fl,10,0.287718949044586,0,3,None,66,1,5,False,1,1
8763,143,unweighted_fl,10,0.3310111464968153,0,3,None,66,1,5,False,1,1
8764,144,unweighted_fl,10,0.3602707006369426,0,3,None,66,1,5,False,1,1
8765,140,unweighted_fl,10,0.2426353503184713,0,5,None,66,1,5,False,1,1
8766,141,unweighted_fl,10,0.223328025477707,0,5,None,66,1,5,False,1,1
8767,142,unweighted_fl,10,0.2016321656050955,0,5,None,66,1,5,False,1,1
8768,143,unweighted_fl,10,0.2016321656050955,0,5,None,66,1,5,False,1,1
8769,144,unweighted_fl,10,0.2015326433121019,0,5,None,66,1,5,False,1,1
8770,140,unweighted_fl,10,0.3443471337579618,0,6,None,66,1,5,False,1,1
8771,141,unweighted_fl,10,0.2780652866242038,0,6,None,66,1,5,False,1,1
8772,142,unweighted_fl,10,0.2780652866242038,0,6,None,66,1,5,False,1,1
8773,143,unweighted_fl,10,0.2795581210191082,0,6,None,66,1,5,False,1,1
8774,144,unweighted_fl,10,0.2805533439490446,0,6,None,66,1,5,False,1,1
8775,140,unweighted_fl,10,0.2538813694267516,0,4,None,66,1,5,False,1,1
8776,141,unweighted_fl,10,0.2567675159235669,0,4,None,66,1,5,False,1,1
8777,142,unweighted_fl,10,0.259156050955414,0,4,None,66,1,5,False,1,1
8778,143,unweighted_fl,10,0.2628383757961783,0,4,None,66,1,5,False,1,1
8779,144,unweighted_fl,10,0.266421178343949,0,4,None,66,1,5,False,1,1
8780,140,unweighted_fl,10,0.3128980891719745,0,7,None,66,1,5,False,1,1
8781,141,unweighted_fl,10,0.3412619426751592,0,7,None,66,1,5,False,1,1
8782,142,unweighted_fl,10,0.2917993630573248,0,7,None,66,1,5,False,1,1
8783,143,unweighted_fl,10,0.2726910828025478,0,7,None,66,1,5,False,1,1
8784,144,unweighted_fl,10,0.2713972929936306,0,7,None,66,1,5,False,1,1
8785,140,unweighted_fl,10,0.2533837579617834,0,9,None,66,1,5,False,1,1
8786,141,unweighted_fl,10,0.2455214968152866,0,9,None,66,1,5,False,1,1
8787,142,unweighted_fl,10,0.2372611464968153,0,9,None,66,1,5,False,1,1
8788,143,unweighted_fl,10,0.2295979299363057,0,9,None,66,1,5,False,1,1
8789,144,unweighted_fl,10,0.2203423566878981,0,9,None,66,1,5,False,1,1
8790,140,unweighted_fl,10,0.2520899681528662,0,10,None,66,1,5,False,1,1
8791,141,unweighted_fl,10,0.2475119426751592,0,10,None,66,1,5,False,1,1
8792,142,unweighted_fl,10,0.2415406050955414,0,10,None,66,1,5,False,1,1
8793,143,unweighted_fl,10,0.2350716560509554,0,10,None,66,1,5,False,1,1
8794,144,unweighted_fl,10,0.2283041401273885,0,10,None,66,1,5,False,1,1
8795,140,unweighted_fl,10,0.3082205414012738,0,8,None,66,1,5,False,1,1
8796,141,unweighted_fl,10,0.2791600318471338,0,8,None,66,1,5,False,1,1
8797,142,unweighted_fl,10,0.2586584394904458,0,8,None,66,1,5,False,1,1
8798,143,unweighted_fl,10,0.2344745222929936,0,8,None,66,1,5,False,1,1
8799,144,unweighted_fl,10,0.2080015923566879,0,8,None,66,1,5,False,1,1
8800,140,unweighted_fl,10,0.2437300955414012,0,11,None,66,1,5,False,1,1
8801,141,unweighted_fl,10,0.2472133757961783,0,11,None,66,1,5,False,1,1
8802,142,unweighted_fl,10,0.2441281847133758,0,11,None,66,1,5,False,1,1
8803,143,unweighted_fl,10,0.2358678343949044,0,11,None,66,1,5,False,1,1
8804,144,unweighted_fl,10,0.2437300955414012,0,11,None,66,1,5,False,1,1
8805,140,unweighted_fl,10,0.273984872611465,0,12,None,66,1,5,False,1,1
8806,141,unweighted_fl,10,0.279359076433121,0,12,None,66,1,5,False,1,1
8807,142,unweighted_fl,10,0.2862261146496815,0,12,None,66,1,5,False,1,1
8808,143,unweighted_fl,10,0.2935907643312102,0,12,None,66,1,5,False,1,1
8809,144,unweighted_fl,10,0.2953821656050955,0,12,None,66,1,5,False,1,1
8810,140,unweighted_fl,10,0.2563694267515923,0,13,None,66,1,5,False,1,1
8811,141,unweighted_fl,10,0.2548765923566879,0,13,None,66,1,5,False,1,1
8812,142,unweighted_fl,10,0.2557722929936306,0,13,None,66,1,5,False,1,1
8813,143,unweighted_fl,10,0.2669187898089172,0,13,None,66,1,5,False,1,1
8814,144,unweighted_fl,10,0.3299164012738853,0,13,None,66,1,5,False,1,1
8815,140,unweighted_fl,10,0.2316878980891719,0,14,None,66,1,5,False,1,1
8816,141,unweighted_fl,10,0.2181528662420382,0,14,None,66,1,5,False,1,1
8817,142,unweighted_fl,10,0.206608280254777,0,14,None,66,1,5,False,1,1
8818,143,unweighted_fl,10,0.1984474522292993,0,14,None,66,1,5,False,1,1
8819,144,unweighted_fl,10,0.1982484076433121,0,14,None,66,1,5,False,1,1
8820,140,unweighted_fl,10,0.2823447452229299,0,15,None,66,1,5,False,1,1
8821,141,unweighted_fl,10,0.3053343949044586,0,15,None,66,1,5,False,1,1
8822,142,unweighted_fl,10,0.3318073248407643,0,15,None,66,1,5,False,1,1
8823,143,unweighted_fl,10,0.3470342356687898,0,15,None,66,1,5,False,1,1
8824,144,unweighted_fl,10,0.3440485668789809,0,15,None,66,1,5,False,1,1
8825,140,unweighted_fl,10,0.2369625796178344,0,16,None,66,1,5,False,1,1
8826,141,unweighted_fl,10,0.242436305732484,0,16,None,66,1,5,False,1,1
8827,142,unweighted_fl,10,0.2336783439490445,0,16,None,66,1,5,False,1,1
8828,143,unweighted_fl,10,0.2375597133757961,0,16,None,66,1,5,False,1,1
8829,144,unweighted_fl,10,0.2479100318471337,0,16,None,66,1,5,False,1,1
8830,140,unweighted_fl,10,0.3112062101910828,0,17,None,66,1,5,False,1,1
8831,141,unweighted_fl,10,0.2857285031847134,0,17,None,66,1,5,False,1,1
8832,142,unweighted_fl,10,0.2931926751592357,0,17,None,66,1,5,False,1,1
8833,143,unweighted_fl,10,0.3035429936305732,0,17,None,66,1,5,False,1,1
8834,144,unweighted_fl,10,0.3255374203821656,0,17,None,66,1,5,False,1,1
8835,140,unweighted_fl,10,0.2652269108280254,0,19,None,66,1,5,False,1,1
8836,141,unweighted_fl,10,0.2694068471337579,0,19,None,66,1,5,False,1,1
8837,142,unweighted_fl,10,0.2731886942675159,0,19,None,66,1,5,False,1,1
8838,143,unweighted_fl,10,0.2754777070063694,0,19,None,66,1,5,False,1,1
8839,144,unweighted_fl,10,0.2770700636942675,0,19,None,66,1,5,False,1,1
8840,140,unweighted_fl,10,0.2546775477707006,0,18,None,66,1,5,False,1,1
8841,141,unweighted_fl,10,0.2470143312101911,0,18,None,66,1,5,False,1,1
8842,142,unweighted_fl,10,0.2377587579617834,0,18,None,66,1,5,False,1,1
8843,143,unweighted_fl,10,0.2277070063694267,0,18,None,66,1,5,False,1,1
8844,144,unweighted_fl,10,0.2166600318471337,0,18,None,66,1,5,False,1,1
8845,140,unweighted_fl,10,0.2742834394904458,0,20,None,66,1,5,False,1,1
8846,141,unweighted_fl,10,0.2748805732484076,0,20,None,66,1,5,False,1,1
8847,142,unweighted_fl,10,0.2752786624203822,0,20,None,66,1,5,False,1,1
8848,143,unweighted_fl,10,0.2790605095541401,0,20,None,66,1,5,False,1,1
8849,144,unweighted_fl,10,0.2843351910828025,0,20,None,66,1,5,False,1,1
8850,140,unweighted_fl,10,0.3244426751592357,0,22,None,66,1,5,False,1,1
8851,141,unweighted_fl,10,0.3213574840764331,0,22,None,66,1,5,False,1,1
8852,142,unweighted_fl,10,0.2853304140127388,0,22,None,66,1,5,False,1,1
8853,143,unweighted_fl,10,0.256468949044586,0,22,None,66,1,5,False,1,1
8854,144,unweighted_fl,10,0.2513933121019108,0,22,None,66,1,5,False,1,1
8855,140,unweighted_fl,10,0.246218152866242,0,23,None,66,1,5,False,1,1
8856,141,unweighted_fl,10,0.2338773885350318,0,23,None,66,1,5,False,1,1
8857,142,unweighted_fl,10,0.2192476114649681,0,23,None,66,1,5,False,1,1
8858,143,unweighted_fl,10,0.2087977707006369,0,23,None,66,1,5,False,1,1
8859,144,unweighted_fl,10,0.2055135350318471,0,23,None,66,1,5,False,1,1
8860,140,unweighted_fl,10,0.3361863057324841,0,21,None,66,1,5,False,1,1
8861,141,unweighted_fl,10,0.3383757961783439,0,21,None,66,1,5,False,1,1
8862,142,unweighted_fl,10,0.3376791401273885,0,21,None,66,1,5,False,1,1
8863,143,unweighted_fl,10,0.3328025477707006,0,21,None,66,1,5,False,1,1
8864,144,unweighted_fl,10,0.3340963375796178,0,21,None,66,1,5,False,1,1
8865,140,unweighted_fl,10,0.2474124203821656,0,24,None,66,1,5,False,1,1
8866,141,unweighted_fl,10,0.2437300955414012,0,24,None,66,1,5,False,1,1
8867,142,unweighted_fl,10,0.2360668789808917,0,24,None,66,1,5,False,1,1
8868,143,unweighted_fl,10,0.2245222929936305,0,24,None,66,1,5,False,1,1
8869,144,unweighted_fl,10,0.2163614649681528,0,24,None,66,1,5,False,1,1
8870,140,unweighted_fl,10,0.2835390127388535,0,25,None,66,1,5,False,1,1
8871,141,unweighted_fl,10,0.2857285031847134,0,25,None,66,1,5,False,1,1
8872,142,unweighted_fl,10,0.2818471337579618,0,25,None,66,1,5,False,1,1
8873,143,unweighted_fl,10,0.2773686305732484,0,25,None,66,1,5,False,1,1
8874,144,unweighted_fl,10,0.2619426751592357,0,25,None,66,1,5,False,1,1
8875,140,unweighted_fl,10,0.3059315286624204,0,26,None,66,1,5,False,1,1
8876,141,unweighted_fl,10,0.2740843949044586,0,26,None,66,1,5,False,1,1
8877,142,unweighted_fl,10,0.2199442675159235,0,26,None,66,1,5,False,1,1
8878,143,unweighted_fl,10,0.2035230891719745,0,26,None,66,1,5,False,1,1
8879,144,unweighted_fl,10,0.198546974522293,0,26,None,66,1,5,False,1,1
8880,140,unweighted_fl,10,0.3241441082802547,0,27,None,66,1,5,False,1,1
8881,141,unweighted_fl,10,0.3058320063694267,0,27,None,66,1,5,False,1,1
8882,142,unweighted_fl,10,0.3232484076433121,0,27,None,66,1,5,False,1,1
8883,143,unweighted_fl,10,0.3297173566878981,0,27,None,66,1,5,False,1,1
8884,144,unweighted_fl,10,0.3385748407643312,0,27,None,66,1,5,False,1,1
8885,140,unweighted_fl,10,0.3321058917197452,0,28,None,66,1,5,False,1,1
8886,141,unweighted_fl,10,0.3383757961783439,0,28,None,66,1,5,False,1,1
8887,142,unweighted_fl,10,0.3466361464968153,0,28,None,66,1,5,False,1,1
8888,143,unweighted_fl,10,0.3479299363057325,0,28,None,66,1,5,False,1,1
8889,144,unweighted_fl,10,0.3357882165605095,0,28,None,66,1,5,False,1,1
8890,140,unweighted_fl,10,0.2414410828025477,0,29,None,66,1,5,False,1,1
8891,141,unweighted_fl,10,0.2221337579617834,0,29,None,66,1,5,False,1,1
8892,142,unweighted_fl,10,0.2021297770700637,0,29,None,66,1,5,False,1,1
8893,143,unweighted_fl,10,0.2024283439490445,0,29,None,66,1,5,False,1,1
8894,144,unweighted_fl,10,0.2026273885350318,0,29,None,66,1,5,False,1,1
8895,140,unweighted_fl,10,0.2909036624203822,0,30,None,66,1,5,False,1,1
8896,141,unweighted_fl,10,0.2923964968152866,0,30,None,66,1,5,False,1,1
8897,142,unweighted_fl,10,0.2940883757961783,0,30,None,66,1,5,False,1,1
8898,143,unweighted_fl,10,0.3018511146496815,0,30,None,66,1,5,False,1,1
8899,144,unweighted_fl,10,0.3306130573248407,0,30,None,66,1,5,False,1,1
8900,140,unweighted_fl,10,0.3309116242038216,0,31,None,66,1,5,False,1,1
8901,141,unweighted_fl,10,0.2750796178343949,0,31,None,66,1,5,False,1,1
8902,142,unweighted_fl,10,0.2596536624203822,0,31,None,66,1,5,False,1,1
8903,143,unweighted_fl,10,0.2298964968152866,0,31,None,66,1,5,False,1,1
8904,144,unweighted_fl,10,0.2121815286624203,0,31,None,66,1,5,False,1,1
8905,140,unweighted_fl,10,0.2428343949044586,0,32,None,66,1,5,False,1,1
8906,141,unweighted_fl,10,0.2411425159235669,0,32,None,66,1,5,False,1,1
8907,142,unweighted_fl,10,0.2436305732484076,0,32,None,66,1,5,False,1,1
8908,143,unweighted_fl,10,0.2461186305732484,0,32,None,66,1,5,False,1,1
8909,144,unweighted_fl,10,0.2493033439490445,0,32,None,66,1,5,False,1,1
8910,145,unweighted_fl,10,0.3565883757961783,0,1,None,66,1,5,False,1,1
8911,146,unweighted_fl,10,0.2915007961783439,0,1,None,66,1,5,False,1,1
8912,147,unweighted_fl,10,0.2973726114649681,0,1,None,66,1,5,False,1,1
8913,148,unweighted_fl,10,0.3024482484076433,0,1,None,66,1,5,False,1,1
8914,149,unweighted_fl,10,0.306827229299363,0,1,None,66,1,5,False,1,1
8915,145,unweighted_fl,10,0.2758757961783439,0,0,None,66,1,5,False,1,1
8916,146,unweighted_fl,10,0.2715963375796178,0,0,None,66,1,5,False,1,1
8917,147,unweighted_fl,10,0.2681130573248407,0,0,None,66,1,5,False,1,1
8918,148,unweighted_fl,10,0.2632364649681528,0,0,None,66,1,5,False,1,1
8919,149,unweighted_fl,10,0.2617436305732484,0,0,None,66,1,5,False,1,1
8920,145,unweighted_fl,10,0.2512937898089172,0,2,None,66,1,5,False,1,1
8921,146,unweighted_fl,10,0.2226313694267516,0,2,None,66,1,5,False,1,1
8922,147,unweighted_fl,10,0.2075039808917197,0,2,None,66,1,5,False,1,1
8923,148,unweighted_fl,10,0.2758757961783439,0,2,None,66,1,5,False,1,1
8924,149,unweighted_fl,10,0.2881170382165605,0,2,None,66,1,5,False,1,1
8925,145,unweighted_fl,10,0.2788614649681528,0,4,None,66,1,5,False,1,1
8926,146,unweighted_fl,10,0.3227507961783439,0,4,None,66,1,5,False,1,1
8927,147,unweighted_fl,10,0.3452428343949044,0,4,None,66,1,5,False,1,1
8928,148,unweighted_fl,10,0.2889132165605095,0,4,None,66,1,5,False,1,1
8929,149,unweighted_fl,10,0.2846337579617834,0,4,None,66,1,5,False,1,1
8930,145,unweighted_fl,10,0.3405652866242038,0,3,None,66,1,5,False,1,1
8931,146,unweighted_fl,10,0.3794785031847134,0,3,None,66,1,5,False,1,1
8932,147,unweighted_fl,10,0.3905254777070063,0,3,None,66,1,5,False,1,1
8933,148,unweighted_fl,10,0.3999800955414013,0,3,None,66,1,5,False,1,1
8934,149,unweighted_fl,10,0.4137141719745223,0,3,None,66,1,5,False,1,1
8935,145,unweighted_fl,10,0.2536823248407643,0,5,None,66,1,5,False,1,1
8936,146,unweighted_fl,10,0.210390127388535,0,5,None,66,1,5,False,1,1
8937,147,unweighted_fl,10,0.2048168789808917,0,5,None,66,1,5,False,1,1
8938,148,unweighted_fl,10,0.2074044585987261,0,5,None,66,1,5,False,1,1
8939,149,unweighted_fl,10,0.2144705414012739,0,5,None,66,1,5,False,1,1
8940,145,unweighted_fl,10,0.2767714968152866,0,7,None,66,1,5,False,1,1
8941,146,unweighted_fl,10,0.2750796178343949,0,7,None,66,1,5,False,1,1
8942,147,unweighted_fl,10,0.2730891719745223,0,7,None,66,1,5,False,1,1
8943,148,unweighted_fl,10,0.2727906050955414,0,7,None,66,1,5,False,1,1
8944,149,unweighted_fl,10,0.2737858280254777,0,7,None,66,1,5,False,1,1
8945,145,unweighted_fl,10,0.2807523885350318,0,6,None,66,1,5,False,1,1
8946,146,unweighted_fl,10,0.28125,0,6,None,66,1,5,False,1,1
8947,147,unweighted_fl,10,0.287718949044586,0,6,None,66,1,5,False,1,1
8948,148,unweighted_fl,10,0.318968949044586,0,6,None,66,1,5,False,1,1
8949,149,unweighted_fl,10,0.3433519108280254,0,6,None,66,1,5,False,1,1
8950,145,unweighted_fl,10,0.263734076433121,0,8,None,66,1,5,False,1,1
8951,146,unweighted_fl,10,0.1978503184713375,0,8,None,66,1,5,False,1,1
8952,147,unweighted_fl,10,0.2127786624203821,0,8,None,66,1,5,False,1,1
8953,148,unweighted_fl,10,0.2555732484076433,0,8,None,66,1,5,False,1,1
8954,149,unweighted_fl,10,0.2808519108280254,0,8,None,66,1,5,False,1,1
8955,145,unweighted_fl,10,0.2710987261146497,0,10,None,66,1,5,False,1,1
8956,146,unweighted_fl,10,0.2679140127388535,0,10,None,66,1,5,False,1,1
8957,147,unweighted_fl,10,0.3004578025477707,0,10,None,66,1,5,False,1,1
8958,148,unweighted_fl,10,0.3561902866242038,0,10,None,66,1,5,False,1,1
8959,149,unweighted_fl,10,0.3664410828025478,0,10,None,66,1,5,False,1,1
8960,145,unweighted_fl,10,0.3034434713375796,0,9,None,66,1,5,False,1,1
8961,146,unweighted_fl,10,0.2986664012738853,0,9,None,66,1,5,False,1,1
8962,147,unweighted_fl,10,0.2979697452229299,0,9,None,66,1,5,False,1,1
8963,148,unweighted_fl,10,0.2931926751592357,0,9,None,66,1,5,False,1,1
8964,149,unweighted_fl,10,0.2887141719745223,0,9,None,66,1,5,False,1,1
8965,145,unweighted_fl,10,0.2674164012738853,0,11,None,66,1,5,False,1,1
8966,146,unweighted_fl,10,0.2682125796178344,0,11,None,66,1,5,False,1,1
8967,147,unweighted_fl,10,0.2684116242038216,0,11,None,66,1,5,False,1,1
8968,148,unweighted_fl,10,0.2711982484076433,0,11,None,66,1,5,False,1,1
8969,149,unweighted_fl,10,0.2764729299363057,0,11,None,66,1,5,False,1,1
8970,145,unweighted_fl,10,0.285828025477707,0,12,None,66,1,5,False,1,1
8971,146,unweighted_fl,10,0.2897093949044586,0,12,None,66,1,5,False,1,1
8972,147,unweighted_fl,10,0.2941878980891719,0,12,None,66,1,5,False,1,1
8973,148,unweighted_fl,10,0.3025477707006369,0,12,None,66,1,5,False,1,1
8974,149,unweighted_fl,10,0.3061305732484076,0,12,None,66,1,5,False,1,1
8975,145,unweighted_fl,10,0.3718152866242038,0,13,None,66,1,5,False,1,1
8976,146,unweighted_fl,10,0.3881369426751592,0,13,None,66,1,5,False,1,1
8977,147,unweighted_fl,10,0.4019705414012738,0,13,None,66,1,5,False,1,1
8978,148,unweighted_fl,10,0.4118232484076433,0,13,None,66,1,5,False,1,1
8979,149,unweighted_fl,10,0.4221735668789809,0,13,None,66,1,5,False,1,1
8980,145,unweighted_fl,10,0.2799562101910828,0,15,None,66,1,5,False,1,1
8981,146,unweighted_fl,10,0.2833399681528662,0,15,None,66,1,5,False,1,1
8982,147,unweighted_fl,10,0.2842356687898089,0,15,None,66,1,5,False,1,1
8983,148,unweighted_fl,10,0.2862261146496815,0,15,None,66,1,5,False,1,1
8984,149,unweighted_fl,10,0.3450437898089172,0,15,None,66,1,5,False,1,1
8985,145,unweighted_fl,10,0.255374203821656,0,14,None,66,1,5,False,1,1
8986,146,unweighted_fl,10,0.2377587579617834,0,14,None,66,1,5,False,1,1
8987,147,unweighted_fl,10,0.2104896496815286,0,14,None,66,1,5,False,1,1
8988,148,unweighted_fl,10,0.1986464968152866,0,14,None,66,1,5,False,1,1
8989,149,unweighted_fl,10,0.212281050955414,0,14,None,66,1,5,False,1,1
8990,145,unweighted_fl,10,0.2460191082802547,0,16,None,66,1,5,False,1,1
8991,146,unweighted_fl,10,0.2325835987261146,0,16,None,66,1,5,False,1,1
8992,147,unweighted_fl,10,0.2548765923566879,0,16,None,66,1,5,False,1,1
8993,148,unweighted_fl,10,0.2713972929936306,0,16,None,66,1,5,False,1,1
8994,149,unweighted_fl,10,0.2861265923566879,0,16,None,66,1,5,False,1,1
8995,145,unweighted_fl,10,0.3330015923566879,0,17,None,66,1,5,False,1,1
8996,146,unweighted_fl,10,0.3462380573248407,0,17,None,66,1,5,False,1,1
8997,147,unweighted_fl,10,0.3534036624203822,0,17,None,66,1,5,False,1,1
8998,148,unweighted_fl,10,0.3580812101910828,0,17,None,66,1,5,False,1,1
8999,149,unweighted_fl,10,0.360171178343949,0,17,None,66,1,5,False,1,1
9000,145,unweighted_fl,10,0.2750796178343949,0,18,None,66,1,5,False,1,1
9001,146,unweighted_fl,10,0.2621417197452229,0,18,None,66,1,5,False,1,1
9002,147,unweighted_fl,10,0.2713972929936306,0,18,None,66,1,5,False,1,1
9003,148,unweighted_fl,10,0.2832404458598726,0,18,None,66,1,5,False,1,1
9004,149,unweighted_fl,10,0.2898089171974522,0,18,None,66,1,5,False,1,1
9005,145,unweighted_fl,10,0.2891122611464968,0,19,None,66,1,5,False,1,1
9006,146,unweighted_fl,10,0.3126990445859872,0,19,None,66,1,5,False,1,1
9007,147,unweighted_fl,10,0.3305135350318471,0,19,None,66,1,5,False,1,1
9008,148,unweighted_fl,10,0.3454418789808917,0,19,None,66,1,5,False,1,1
9009,149,unweighted_fl,10,0.3473328025477707,0,19,None,66,1,5,False,1,1
9010,145,unweighted_fl,10,0.3496218152866242,0,20,None,66,1,5,False,1,1
9011,146,unweighted_fl,10,0.3479299363057325,0,20,None,66,1,5,False,1,1
9012,147,unweighted_fl,10,0.3949044585987261,0,20,None,66,1,5,False,1,1
9013,148,unweighted_fl,10,0.4238654458598726,0,20,None,66,1,5,False,1,1
9014,149,unweighted_fl,10,0.4111265923566879,0,20,None,66,1,5,False,1,1
9015,145,unweighted_fl,10,0.2752786624203822,0,22,None,66,1,5,False,1,1
9016,146,unweighted_fl,10,0.2738853503184713,0,22,None,66,1,5,False,1,1
9017,147,unweighted_fl,10,0.2778662420382166,0,22,None,66,1,5,False,1,1
9018,148,unweighted_fl,10,0.2973726114649681,0,22,None,66,1,5,False,1,1
9019,149,unweighted_fl,10,0.3131966560509554,0,22,None,66,1,5,False,1,1
9020,145,unweighted_fl,10,0.4141122611464968,0,21,None,66,1,5,False,1,1
9021,146,unweighted_fl,10,0.3465366242038216,0,21,None,66,1,5,False,1,1
9022,147,unweighted_fl,10,0.3514132165605095,0,21,None,66,1,5,False,1,1
9023,148,unweighted_fl,10,0.3587778662420382,0,21,None,66,1,5,False,1,1
9024,149,unweighted_fl,10,0.365843949044586,0,21,None,66,1,5,False,1,1
9025,145,unweighted_fl,10,0.2701035031847134,0,23,None,66,1,5,False,1,1
9026,146,unweighted_fl,10,0.2551751592356688,0,23,None,66,1,5,False,1,1
9027,147,unweighted_fl,10,0.2712977707006369,0,23,None,66,1,5,False,1,1
9028,148,unweighted_fl,10,0.2843351910828025,0,23,None,66,1,5,False,1,1
9029,149,unweighted_fl,10,0.2868232484076433,0,23,None,66,1,5,False,1,1
9030,145,unweighted_fl,10,0.2859275477707006,0,25,None,66,1,5,False,1,1
9031,146,unweighted_fl,10,0.2962778662420382,0,25,None,66,1,5,False,1,1
9032,147,unweighted_fl,10,0.3199641719745223,0,25,None,66,1,5,False,1,1
9033,148,unweighted_fl,10,0.3395700636942675,0,25,None,66,1,5,False,1,1
9034,149,unweighted_fl,10,0.3514132165605095,0,25,None,66,1,5,False,1,1
9035,145,unweighted_fl,10,0.2632364649681528,0,24,None,66,1,5,False,1,1
9036,146,unweighted_fl,10,0.2433320063694267,0,24,None,66,1,5,False,1,1
9037,147,unweighted_fl,10,0.2298964968152866,0,24,None,66,1,5,False,1,1
9038,148,unweighted_fl,10,0.2344745222929936,0,24,None,66,1,5,False,1,1
9039,149,unweighted_fl,10,0.243531050955414,0,24,None,66,1,5,False,1,1
9040,145,unweighted_fl,10,0.2544785031847134,0,26,None,66,1,5,False,1,1
9041,146,unweighted_fl,10,0.2292993630573248,0,26,None,66,1,5,False,1,1
9042,147,unweighted_fl,10,0.1984474522292993,0,26,None,66,1,5,False,1,1
9043,148,unweighted_fl,10,0.2577627388535032,0,26,None,66,1,5,False,1,1
9044,149,unweighted_fl,10,0.2836385350318471,0,26,None,66,1,5,False,1,1
9045,145,unweighted_fl,10,0.2810509554140127,0,28,None,66,1,5,False,1,1
9046,146,unweighted_fl,10,0.283937101910828,0,28,None,66,1,5,False,1,1
9047,147,unweighted_fl,10,0.284733280254777,0,28,None,66,1,5,False,1,1
9048,148,unweighted_fl,10,0.2851313694267516,0,28,None,66,1,5,False,1,1
9049,149,unweighted_fl,10,0.2865246815286624,0,28,None,66,1,5,False,1,1
9050,145,unweighted_fl,10,0.3546974522292994,0,27,None,66,1,5,False,1,1
9051,146,unweighted_fl,10,0.3823646496815286,0,27,None,66,1,5,False,1,1
9052,147,unweighted_fl,10,0.4161027070063694,0,27,None,66,1,5,False,1,1
9053,148,unweighted_fl,10,0.4328224522292994,0,27,None,66,1,5,False,1,1
9054,149,unweighted_fl,10,0.430234872611465,0,27,None,66,1,5,False,1,1
9055,145,unweighted_fl,10,0.2547770700636942,0,29,None,66,1,5,False,1,1
9056,146,unweighted_fl,10,0.2045183121019108,0,29,None,66,1,5,False,1,1
9057,147,unweighted_fl,10,0.2014331210191083,0,29,None,66,1,5,False,1,1
9058,148,unweighted_fl,10,0.2014331210191083,0,29,None,66,1,5,False,1,1
9059,149,unweighted_fl,10,0.2024283439490445,0,29,None,66,1,5,False,1,1
9060,145,unweighted_fl,10,0.2551751592356688,0,31,None,66,1,5,False,1,1
9061,146,unweighted_fl,10,0.2205414012738853,0,31,None,66,1,5,False,1,1
9062,147,unweighted_fl,10,0.2249203821656051,0,31,None,66,1,5,False,1,1
9063,148,unweighted_fl,10,0.2227308917197452,0,31,None,66,1,5,False,1,1
9064,149,unweighted_fl,10,0.2286027070063694,0,31,None,66,1,5,False,1,1
9065,145,unweighted_fl,10,0.2692078025477707,0,32,None,66,1,5,False,1,1
9066,146,unweighted_fl,10,0.2698049363057325,0,32,None,66,1,5,False,1,1
9067,147,unweighted_fl,10,0.2713972929936306,0,32,None,66,1,5,False,1,1
9068,148,unweighted_fl,10,0.270203025477707,0,32,None,66,1,5,False,1,1
9069,149,unweighted_fl,10,0.3105095541401274,0,32,None,66,1,5,False,1,1
9070,145,unweighted_fl,10,0.362062101910828,0,30,None,66,1,5,False,1,1
9071,146,unweighted_fl,10,0.3375796178343949,0,30,None,66,1,5,False,1,1
9072,147,unweighted_fl,10,0.3605692675159235,0,30,None,66,1,5,False,1,1
9073,148,unweighted_fl,10,0.3698248407643312,0,30,None,66,1,5,False,1,1
9074,149,unweighted_fl,10,0.3742038216560509,0,30,None,66,1,5,False,1,1
9075,150,unweighted_fl,10,0.278264331210191,0,0,None,66,1,5,False,1,1
9076,151,unweighted_fl,10,0.2810509554140127,0,0,None,66,1,5,False,1,1
9077,152,unweighted_fl,10,0.319765127388535,0,0,None,66,1,5,False,1,1
9078,153,unweighted_fl,10,0.3413614649681528,0,0,None,66,1,5,False,1,1
9079,154,unweighted_fl,10,0.3504179936305732,0,0,None,66,1,5,False,1,1
9080,150,unweighted_fl,10,0.3834593949044586,0,1,None,66,1,5,False,1,1
9081,151,unweighted_fl,10,0.3165804140127388,0,1,None,66,1,5,False,1,1
9082,152,unweighted_fl,10,0.3200636942675159,0,1,None,66,1,5,False,1,1
9083,153,unweighted_fl,10,0.3230493630573248,0,1,None,66,1,5,False,1,1
9084,154,unweighted_fl,10,0.3352906050955414,0,1,None,66,1,5,False,1,1
9085,150,unweighted_fl,10,0.3153861464968153,0,2,None,66,1,5,False,1,1
9086,151,unweighted_fl,10,0.2888136942675159,0,2,None,66,1,5,False,1,1
9087,152,unweighted_fl,10,0.2911027070063694,0,2,None,66,1,5,False,1,1
9088,153,unweighted_fl,10,0.2947850318471338,0,2,None,66,1,5,False,1,1
9089,154,unweighted_fl,10,0.2981687898089172,0,2,None,66,1,5,False,1,1
9090,150,unweighted_fl,10,0.3700238853503185,0,3,None,66,1,5,False,1,1
9091,151,unweighted_fl,10,0.3744028662420382,0,3,None,66,1,5,False,1,1
9092,152,unweighted_fl,10,0.4073447452229299,0,3,None,66,1,5,False,1,1
9093,153,unweighted_fl,10,0.4644705414012738,0,3,None,66,1,5,False,1,1
9094,154,unweighted_fl,10,0.4767117834394904,0,3,None,66,1,5,False,1,1
9095,150,unweighted_fl,10,0.3183718152866242,0,4,None,66,1,5,False,1,1
9096,151,unweighted_fl,10,0.4228702229299363,0,4,None,66,1,5,False,1,1
9097,152,unweighted_fl,10,0.3707205414012738,0,4,None,66,1,5,False,1,1
9098,153,unweighted_fl,10,0.3742038216560509,0,4,None,66,1,5,False,1,1
9099,154,unweighted_fl,10,0.3758957006369426,0,4,None,66,1,5,False,1,1
9100,150,unweighted_fl,10,0.3556926751592357,0,6,None,66,1,5,False,1,1
9101,151,unweighted_fl,10,0.3931130573248407,0,6,None,66,1,5,False,1,1
9102,152,unweighted_fl,10,0.4148089171974522,0,6,None,66,1,5,False,1,1
9103,153,unweighted_fl,10,0.4275477707006369,0,6,None,66,1,5,False,1,1
9104,154,unweighted_fl,10,0.4322253184713376,0,6,None,66,1,5,False,1,1
9105,150,unweighted_fl,10,0.2805533439490446,0,7,None,66,1,5,False,1,1
9106,151,unweighted_fl,10,0.3274283439490446,0,7,None,66,1,5,False,1,1
9107,152,unweighted_fl,10,0.3504179936305732,0,7,None,66,1,5,False,1,1
9108,153,unweighted_fl,10,0.3595740445859872,0,7,None,66,1,5,False,1,1
9109,154,unweighted_fl,10,0.3670382165605095,0,7,None,66,1,5,False,1,1
9110,150,unweighted_fl,10,0.2459195859872611,0,5,None,66,1,5,False,1,1
9111,151,unweighted_fl,10,0.2543789808917197,0,5,None,66,1,5,False,1,1
9112,152,unweighted_fl,10,0.270999203821656,0,5,None,66,1,5,False,1,1
9113,153,unweighted_fl,10,0.2895103503184713,0,5,None,66,1,5,False,1,1
9114,154,unweighted_fl,10,0.2996616242038216,0,5,None,66,1,5,False,1,1
9115,150,unweighted_fl,10,0.2954816878980891,0,8,None,66,1,5,False,1,1
9116,151,unweighted_fl,10,0.287718949044586,0,8,None,66,1,5,False,1,1
9117,152,unweighted_fl,10,0.3141918789808917,0,8,None,66,1,5,False,1,1
9118,153,unweighted_fl,10,0.3187699044585987,0,8,None,66,1,5,False,1,1
9119,154,unweighted_fl,10,0.3236464968152866,0,8,None,66,1,5,False,1,1
9120,150,unweighted_fl,10,0.4052547770700637,0,10,None,66,1,5,False,1,1
9121,151,unweighted_fl,10,0.3907245222929936,0,10,None,66,1,5,False,1,1
9122,152,unweighted_fl,10,0.3897292993630573,0,10,None,66,1,5,False,1,1
9123,153,unweighted_fl,10,0.3957006369426751,0,10,None,66,1,5,False,1,1
9124,154,unweighted_fl,10,0.4017714968152866,0,10,None,66,1,5,False,1,1
9125,150,unweighted_fl,10,0.3212579617834395,0,9,None,66,1,5,False,1,1
9126,151,unweighted_fl,10,0.3157842356687898,0,9,None,66,1,5,False,1,1
9127,152,unweighted_fl,10,0.3184713375796178,0,9,None,66,1,5,False,1,1
9128,153,unweighted_fl,10,0.3386743630573248,0,9,None,66,1,5,False,1,1
9129,154,unweighted_fl,10,0.3539012738853503,0,9,None,66,1,5,False,1,1
9130,150,unweighted_fl,10,0.2815485668789809,0,11,None,66,1,5,False,1,1
9131,151,unweighted_fl,10,0.2818471337579618,0,11,None,66,1,5,False,1,1
9132,152,unweighted_fl,10,0.2872213375796178,0,11,None,66,1,5,False,1,1
9133,153,unweighted_fl,10,0.3093152866242038,0,11,None,66,1,5,False,1,1
9134,154,unweighted_fl,10,0.3342953821656051,0,11,None,66,1,5,False,1,1
9135,150,unweighted_fl,10,0.3707205414012738,0,13,None,66,1,5,False,1,1
9136,151,unweighted_fl,10,0.388734076433121,0,13,None,66,1,5,False,1,1
9137,152,unweighted_fl,10,0.4269506369426751,0,13,None,66,1,5,False,1,1
9138,153,unweighted_fl,10,0.4339171974522293,0,13,None,66,1,5,False,1,1
9139,154,unweighted_fl,10,0.4293391719745223,0,13,None,66,1,5,False,1,1
9140,150,unweighted_fl,10,0.3149880573248407,0,14,None,66,1,5,False,1,1
9141,151,unweighted_fl,10,0.2543789808917197,0,14,None,66,1,5,False,1,1
9142,152,unweighted_fl,10,0.2525875796178344,0,14,None,66,1,5,False,1,1
9143,153,unweighted_fl,10,0.2530851910828025,0,14,None,66,1,5,False,1,1
9144,154,unweighted_fl,10,0.2535828025477707,0,14,None,66,1,5,False,1,1
9145,150,unweighted_fl,10,0.3292197452229299,0,12,None,66,1,5,False,1,1
9146,151,unweighted_fl,10,0.3810708598726114,0,12,None,66,1,5,False,1,1
9147,152,unweighted_fl,10,0.4256568471337579,0,12,None,66,1,5,False,1,1
9148,153,unweighted_fl,10,0.4628781847133758,0,12,None,66,1,5,False,1,1
9149,154,unweighted_fl,10,0.4904458598726114,0,12,None,66,1,5,False,1,1
9150,150,unweighted_fl,10,0.3532046178343949,0,15,None,66,1,5,False,1,1
9151,151,unweighted_fl,10,0.3759952229299363,0,15,None,66,1,5,False,1,1
9152,152,unweighted_fl,10,0.3927149681528662,0,15,None,66,1,5,False,1,1
9153,153,unweighted_fl,10,0.4119227707006369,0,15,None,66,1,5,False,1,1
9154,154,unweighted_fl,10,0.4335191082802547,0,15,None,66,1,5,False,1,1
9155,150,unweighted_fl,10,0.360171178343949,0,17,None,66,1,5,False,1,1
9156,151,unweighted_fl,10,0.361265923566879,0,17,None,66,1,5,False,1,1
9157,152,unweighted_fl,10,0.3624601910828025,0,17,None,66,1,5,False,1,1
9158,153,unweighted_fl,10,0.3648487261146497,0,17,None,66,1,5,False,1,1
9159,154,unweighted_fl,10,0.3810708598726114,0,17,None,66,1,5,False,1,1
9160,150,unweighted_fl,10,0.2996616242038216,0,16,None,66,1,5,False,1,1
9161,151,unweighted_fl,10,0.4037619426751592,0,16,None,66,1,5,False,1,1
9162,152,unweighted_fl,10,0.4046576433121019,0,16,None,66,1,5,False,1,1
9163,153,unweighted_fl,10,0.4213773885350318,0,16,None,66,1,5,False,1,1
9164,154,unweighted_fl,10,0.4298367834394904,0,16,None,66,1,5,False,1,1
9165,150,unweighted_fl,10,0.3518113057324841,0,18,None,66,1,5,False,1,1
9166,151,unweighted_fl,10,0.3317078025477707,0,18,None,66,1,5,False,1,1
9167,152,unweighted_fl,10,0.3513136942675159,0,18,None,66,1,5,False,1,1
9168,153,unweighted_fl,10,0.3690286624203822,0,18,None,66,1,5,False,1,1
9169,154,unweighted_fl,10,0.383359872611465,0,18,None,66,1,5,False,1,1
9170,150,unweighted_fl,10,0.2841361464968153,0,19,None,66,1,5,False,1,1
9171,151,unweighted_fl,10,0.3359872611464968,0,19,None,66,1,5,False,1,1
9172,152,unweighted_fl,10,0.3964968152866242,0,19,None,66,1,5,False,1,1
9173,153,unweighted_fl,10,0.414609872611465,0,19,None,66,1,5,False,1,1
9174,154,unweighted_fl,10,0.4208797770700637,0,19,None,66,1,5,False,1,1
9175,150,unweighted_fl,10,0.4064490445859872,0,20,None,66,1,5,False,1,1
9176,151,unweighted_fl,10,0.3992834394904458,0,20,None,66,1,5,False,1,1
9177,152,unweighted_fl,10,0.3927149681528662,0,20,None,66,1,5,False,1,1
9178,153,unweighted_fl,10,0.3911226114649681,0,20,None,66,1,5,False,1,1
9179,154,unweighted_fl,10,0.3940087579617834,0,20,None,66,1,5,False,1,1
9180,150,unweighted_fl,10,0.3619625796178344,0,21,None,66,1,5,False,1,1
9181,151,unweighted_fl,10,0.3684315286624204,0,21,None,66,1,5,False,1,1
9182,152,unweighted_fl,10,0.3778861464968153,0,21,None,66,1,5,False,1,1
9183,153,unweighted_fl,10,0.3882364649681528,0,21,None,66,1,5,False,1,1
9184,154,unweighted_fl,10,0.3981886942675159,0,21,None,66,1,5,False,1,1
9185,150,unweighted_fl,10,0.3269307324840764,0,22,None,66,1,5,False,1,1
9186,151,unweighted_fl,10,0.3855493630573248,0,22,None,66,1,5,False,1,1
9187,152,unweighted_fl,10,0.4265525477707006,0,22,None,66,1,5,False,1,1
9188,153,unweighted_fl,10,0.4350119426751592,0,22,None,66,1,5,False,1,1
9189,154,unweighted_fl,10,0.4297372611464968,0,22,None,66,1,5,False,1,1
9190,150,unweighted_fl,10,0.3388734076433121,0,23,None,66,1,5,False,1,1
9191,151,unweighted_fl,10,0.3190684713375796,0,23,None,66,1,5,False,1,1
9192,152,unweighted_fl,10,0.3169785031847134,0,23,None,66,1,5,False,1,1
9193,153,unweighted_fl,10,0.3202627388535032,0,23,None,66,1,5,False,1,1
9194,154,unweighted_fl,10,0.3280254777070063,0,23,None,66,1,5,False,1,1
9195,150,unweighted_fl,10,0.2517914012738853,0,24,None,66,1,5,False,1,1
9196,151,unweighted_fl,10,0.2471138535031847,0,24,None,66,1,5,False,1,1
9197,152,unweighted_fl,10,0.2541799363057325,0,24,None,66,1,5,False,1,1
9198,153,unweighted_fl,10,0.2600517515923566,0,24,None,66,1,5,False,1,1
9199,154,unweighted_fl,10,0.2638335987261146,0,24,None,66,1,5,False,1,1
9200,150,unweighted_fl,10,0.3477308917197452,0,25,None,66,1,5,False,1,1
9201,151,unweighted_fl,10,0.354796974522293,0,25,None,66,1,5,False,1,1
9202,152,unweighted_fl,10,0.3576831210191082,0,25,None,66,1,5,False,1,1
9203,153,unweighted_fl,10,0.3590764331210191,0,25,None,66,1,5,False,1,1
9204,154,unweighted_fl,10,0.3609673566878981,0,25,None,66,1,5,False,1,1
9205,150,unweighted_fl,10,0.315187101910828,0,26,None,66,1,5,False,1,1
9206,151,unweighted_fl,10,0.2870222929936306,0,26,None,66,1,5,False,1,1
9207,152,unweighted_fl,10,0.2881170382165605,0,26,None,66,1,5,False,1,1
9208,153,unweighted_fl,10,0.2897093949044586,0,26,None,66,1,5,False,1,1
9209,154,unweighted_fl,10,0.2917993630573248,0,26,None,66,1,5,False,1,1
9210,150,unweighted_fl,10,0.2860270700636942,0,28,None,66,1,5,False,1,1
9211,151,unweighted_fl,10,0.2867237261146497,0,28,None,66,1,5,False,1,1
9212,152,unweighted_fl,10,0.2881170382165605,0,28,None,66,1,5,False,1,1
9213,153,unweighted_fl,10,0.2928941082802547,0,28,None,66,1,5,False,1,1
9214,154,unweighted_fl,10,0.3101114649681528,0,28,None,66,1,5,False,1,1
9215,150,unweighted_fl,10,0.3606687898089172,0,27,None,66,1,5,False,1,1
9216,151,unweighted_fl,10,0.3806727707006369,0,27,None,66,1,5,False,1,1
9217,152,unweighted_fl,10,0.4198845541401274,0,27,None,66,1,5,False,1,1
9218,153,unweighted_fl,10,0.4319267515923566,0,27,None,66,1,5,False,1,1
9219,154,unweighted_fl,10,0.432921974522293,0,27,None,66,1,5,False,1,1
9220,150,unweighted_fl,10,0.2181528662420382,0,29,None,66,1,5,False,1,1
9221,151,unweighted_fl,10,0.2561703821656051,0,29,None,66,1,5,False,1,1
9222,152,unweighted_fl,10,0.274781050955414,0,29,None,66,1,5,False,1,1
9223,153,unweighted_fl,10,0.2881170382165605,0,29,None,66,1,5,False,1,1
9224,154,unweighted_fl,10,0.3048367834394904,0,29,None,66,1,5,False,1,1
9225,150,unweighted_fl,10,0.3705214968152866,0,30,None,66,1,5,False,1,1
9226,151,unweighted_fl,10,0.3738057324840764,0,30,None,66,1,5,False,1,1
9227,152,unweighted_fl,10,0.3770899681528662,0,30,None,66,1,5,False,1,1
9228,153,unweighted_fl,10,0.3789808917197452,0,30,None,66,1,5,False,1,1
9229,154,unweighted_fl,10,0.3797770700636942,0,30,None,66,1,5,False,1,1
9230,150,unweighted_fl,10,0.2246218152866242,0,31,None,66,1,5,False,1,1
9231,151,unweighted_fl,10,0.2345740445859872,0,31,None,66,1,5,False,1,1
9232,152,unweighted_fl,10,0.2582603503184713,0,31,None,66,1,5,False,1,1
9233,153,unweighted_fl,10,0.2658240445859872,0,31,None,66,1,5,False,1,1
9234,154,unweighted_fl,10,0.2722929936305732,0,31,None,66,1,5,False,1,1
9235,150,unweighted_fl,10,0.3552945859872611,0,32,None,66,1,5,False,1,1
9236,151,unweighted_fl,10,0.3598726114649681,0,32,None,66,1,5,False,1,1
9237,152,unweighted_fl,10,0.3754976114649681,0,32,None,66,1,5,False,1,1
9238,153,unweighted_fl,10,0.3949044585987261,0,32,None,66,1,5,False,1,1
9239,154,unweighted_fl,10,0.4073447452229299,0,32,None,66,1,5,False,1,1
10230,155,unweighted_fl,10,0.3606687898089172,0,0,None,66,1,5,False,1,1
10231,156,unweighted_fl,10,0.3604697452229299,0,0,None,66,1,5,False,1,1
10232,157,unweighted_fl,10,0.3634554140127388,0,0,None,66,1,5,False,1,1
10233,158,unweighted_fl,10,0.3657444267515923,0,0,None,66,1,5,False,1,1
10234,159,unweighted_fl,10,0.3678343949044586,0,0,None,66,1,5,False,1,1
10235,155,unweighted_fl,10,0.3995820063694267,0,1,None,66,1,5,False,1,1
10236,156,unweighted_fl,10,0.4058519108280254,0,1,None,66,1,5,False,1,1
10237,157,unweighted_fl,10,0.4096337579617834,0,1,None,66,1,5,False,1,1
10238,158,unweighted_fl,10,0.4121218152866242,0,1,None,66,1,5,False,1,1
10239,159,unweighted_fl,10,0.4132165605095541,0,1,None,66,1,5,False,1,1
10240,155,unweighted_fl,10,0.2991640127388535,0,2,None,66,1,5,False,1,1
10241,156,unweighted_fl,10,0.2928941082802547,0,2,None,66,1,5,False,1,1
10242,157,unweighted_fl,10,0.2991640127388535,0,2,None,66,1,5,False,1,1
10243,158,unweighted_fl,10,0.3118033439490446,0,2,None,66,1,5,False,1,1
10244,159,unweighted_fl,10,0.3209593949044586,0,2,None,66,1,5,False,1,1
10245,155,unweighted_fl,10,0.3954020700636942,0,3,None,66,1,5,False,1,1
10246,156,unweighted_fl,10,0.459593949044586,0,3,None,66,1,5,False,1,1
10247,157,unweighted_fl,10,0.4767117834394904,0,3,None,66,1,5,False,1,1
10248,158,unweighted_fl,10,0.4804936305732484,0,3,None,66,1,5,False,1,1
10249,159,unweighted_fl,10,0.4864649681528662,0,3,None,66,1,5,False,1,1
10250,155,unweighted_fl,10,0.4000796178343949,0,4,None,66,1,5,False,1,1
10251,156,unweighted_fl,10,0.37390525477707,0,4,None,66,1,5,False,1,1
10252,157,unweighted_fl,10,0.3743033439490446,0,4,None,66,1,5,False,1,1
10253,158,unweighted_fl,10,0.375,0,4,None,66,1,5,False,1,1
10254,159,unweighted_fl,10,0.3754976114649681,0,4,None,66,1,5,False,1,1
10255,155,unweighted_fl,10,0.3047372611464968,0,5,None,66,1,5,False,1,1
10256,156,unweighted_fl,10,0.3031449044585987,0,5,None,66,1,5,False,1,1
10257,157,unweighted_fl,10,0.3073248407643312,0,5,None,66,1,5,False,1,1
10258,158,unweighted_fl,10,0.3110071656050955,0,5,None,66,1,5,False,1,1
10259,159,unweighted_fl,10,0.3142914012738853,0,5,None,66,1,5,False,1,1
10260,155,unweighted_fl,10,0.4390923566878981,0,6,None,66,1,5,False,1,1
10261,156,unweighted_fl,10,0.438296178343949,0,6,None,66,1,5,False,1,1
10262,157,unweighted_fl,10,0.438296178343949,0,6,None,66,1,5,False,1,1
10263,158,unweighted_fl,10,0.4384952229299363,0,6,None,66,1,5,False,1,1
10264,159,unweighted_fl,10,0.4392914012738853,0,6,None,66,1,5,False,1,1
10265,155,unweighted_fl,10,0.3719148089171974,0,8,None,66,1,5,False,1,1
10266,156,unweighted_fl,10,0.3703224522292994,0,8,None,66,1,5,False,1,1
10267,157,unweighted_fl,10,0.3772890127388535,0,8,None,66,1,5,False,1,1
10268,158,unweighted_fl,10,0.3858479299363057,0,8,None,66,1,5,False,1,1
10269,159,unweighted_fl,10,0.3953025477707006,0,8,None,66,1,5,False,1,1
10270,155,unweighted_fl,10,0.367734872611465,0,7,None,66,1,5,False,1,1
10271,156,unweighted_fl,10,0.3766918789808917,0,7,None,66,1,5,False,1,1
10272,157,unweighted_fl,10,0.3827627388535032,0,7,None,66,1,5,False,1,1
10273,158,unweighted_fl,10,0.3907245222929936,0,7,None,66,1,5,False,1,1
10274,159,unweighted_fl,10,0.3995820063694267,0,7,None,66,1,5,False,1,1
10275,155,unweighted_fl,10,0.392515923566879,0,9,None,66,1,5,False,1,1
10276,156,unweighted_fl,10,0.3679339171974522,0,9,None,66,1,5,False,1,1
10277,157,unweighted_fl,10,0.3726114649681528,0,9,None,66,1,5,False,1,1
10278,158,unweighted_fl,10,0.381468949044586,0,9,None,66,1,5,False,1,1
10279,159,unweighted_fl,10,0.38953025477707,0,9,None,66,1,5,False,1,1
10280,155,unweighted_fl,10,0.306827229299363,0,11,None,66,1,5,False,1,1
10281,156,unweighted_fl,10,0.3326035031847134,0,11,None,66,1,5,False,1,1
10282,157,unweighted_fl,10,0.3490246815286624,0,11,None,66,1,5,False,1,1
10283,158,unweighted_fl,10,0.3586783439490446,0,11,None,66,1,5,False,1,1
10284,159,unweighted_fl,10,0.3661425159235669,0,11,None,66,1,5,False,1,1
10285,155,unweighted_fl,10,0.4077428343949044,0,10,None,66,1,5,False,1,1
10286,156,unweighted_fl,10,0.4075437898089172,0,10,None,66,1,5,False,1,1
10287,157,unweighted_fl,10,0.4119227707006369,0,10,None,66,1,5,False,1,1
10288,158,unweighted_fl,10,0.4163017515923566,0,10,None,66,1,5,False,1,1
10289,159,unweighted_fl,10,0.419984076433121,0,10,None,66,1,5,False,1,1
10290,155,unweighted_fl,10,0.4491441082802547,0,12,None,66,1,5,False,1,1
10291,156,unweighted_fl,10,0.4984076433121019,0,12,None,66,1,5,False,1,1
10292,157,unweighted_fl,10,0.4961186305732484,0,12,None,66,1,5,False,1,1
10293,158,unweighted_fl,10,0.480593152866242,0,12,None,66,1,5,False,1,1
10294,159,unweighted_fl,10,0.4726313694267516,0,12,None,66,1,5,False,1,1
10295,155,unweighted_fl,10,0.2576632165605095,0,14,None,66,1,5,False,1,1
10296,156,unweighted_fl,10,0.2523885350318471,0,14,None,66,1,5,False,1,1
10297,157,unweighted_fl,10,0.255374203821656,0,14,None,66,1,5,False,1,1
10298,158,unweighted_fl,10,0.2569665605095541,0,14,None,66,1,5,False,1,1
10299,159,unweighted_fl,10,0.2587579617834395,0,14,None,66,1,5,False,1,1
10300,155,unweighted_fl,10,0.4147093949044586,0,13,None,66,1,5,False,1,1
10301,156,unweighted_fl,10,0.4374004777070063,0,13,None,66,1,5,False,1,1
10302,157,unweighted_fl,10,0.4347133757961783,0,13,None,66,1,5,False,1,1
10303,158,unweighted_fl,10,0.4348128980891719,0,13,None,66,1,5,False,1,1
10304,159,unweighted_fl,10,0.4363057324840764,0,13,None,66,1,5,False,1,1
10305,155,unweighted_fl,10,0.4244625796178344,0,15,None,66,1,5,False,1,1
10306,156,unweighted_fl,10,0.4540207006369426,0,15,None,66,1,5,False,1,1
10307,157,unweighted_fl,10,0.4745222929936306,0,15,None,66,1,5,False,1,1
10308,158,unweighted_fl,10,0.4868630573248407,0,15,None,66,1,5,False,1,1
10309,159,unweighted_fl,10,0.494327229299363,0,15,None,66,1,5,False,1,1
10310,155,unweighted_fl,10,0.3651472929936306,0,17,None,66,1,5,False,1,1
10311,156,unweighted_fl,10,0.386046974522293,0,17,None,66,1,5,False,1,1
10312,157,unweighted_fl,10,0.4054538216560509,0,17,None,66,1,5,False,1,1
10313,158,unweighted_fl,10,0.4193869426751592,0,17,None,66,1,5,False,1,1
10314,159,unweighted_fl,10,0.4285429936305732,0,17,None,66,1,5,False,1,1
10315,155,unweighted_fl,10,0.4723328025477707,0,16,None,66,1,5,False,1,1
10316,156,unweighted_fl,10,0.4327229299363057,0,16,None,66,1,5,False,1,1
10317,157,unweighted_fl,10,0.4437699044585987,0,16,None,66,1,5,False,1,1
10318,158,unweighted_fl,10,0.4505374203821656,0,16,None,66,1,5,False,1,1
10319,159,unweighted_fl,10,0.4588972929936306,0,16,None,66,1,5,False,1,1
10320,155,unweighted_fl,10,0.4071457006369426,0,18,None,66,1,5,False,1,1
10321,156,unweighted_fl,10,0.3968949044585987,0,18,None,66,1,5,False,1,1
10322,157,unweighted_fl,10,0.4039609872611465,0,18,None,66,1,5,False,1,1
10323,158,unweighted_fl,10,0.4110270700636942,0,18,None,66,1,5,False,1,1
10324,159,unweighted_fl,10,0.4165007961783439,0,18,None,66,1,5,False,1,1
10325,155,unweighted_fl,10,0.4041600318471338,0,20,None,66,1,5,False,1,1
10326,156,unweighted_fl,10,0.4018710191082802,0,20,None,66,1,5,False,1,1
10327,157,unweighted_fl,10,0.4056528662420382,0,20,None,66,1,5,False,1,1
10328,158,unweighted_fl,10,0.4095342356687898,0,20,None,66,1,5,False,1,1
10329,159,unweighted_fl,10,0.4136146496815286,0,20,None,66,1,5,False,1,1
10330,155,unweighted_fl,10,0.4012738853503185,0,19,None,66,1,5,False,1,1
10331,156,unweighted_fl,10,0.4082404458598726,0,19,None,66,1,5,False,1,1
10332,157,unweighted_fl,10,0.4125199044585987,0,19,None,66,1,5,False,1,1
10333,158,unweighted_fl,10,0.4165007961783439,0,19,None,66,1,5,False,1,1
10334,159,unweighted_fl,10,0.4243630573248407,0,19,None,66,1,5,False,1,1
10335,155,unweighted_fl,10,0.4157046178343949,0,21,None,66,1,5,False,1,1
10336,156,unweighted_fl,10,0.4185907643312102,0,21,None,66,1,5,False,1,1
10337,157,unweighted_fl,10,0.42078025477707,0,21,None,66,1,5,False,1,1
10338,158,unweighted_fl,10,0.4228702229299363,0,21,None,66,1,5,False,1,1
10339,159,unweighted_fl,10,0.4247611464968153,0,21,None,66,1,5,False,1,1
10340,155,unweighted_fl,10,0.3534036624203822,0,23,None,66,1,5,False,1,1
10341,156,unweighted_fl,10,0.3485270700636942,0,23,None,66,1,5,False,1,1
10342,157,unweighted_fl,10,0.3514132165605095,0,23,None,66,1,5,False,1,1
10343,158,unweighted_fl,10,0.3557921974522293,0,23,None,66,1,5,False,1,1
10344,159,unweighted_fl,10,0.3581807324840764,0,23,None,66,1,5,False,1,1
10345,155,unweighted_fl,10,0.4241640127388535,0,22,None,66,1,5,False,1,1
10346,156,unweighted_fl,10,0.4194864649681528,0,22,None,66,1,5,False,1,1
10347,157,unweighted_fl,10,0.4177945859872611,0,22,None,66,1,5,False,1,1
10348,158,unweighted_fl,10,0.4157046178343949,0,22,None,66,1,5,False,1,1
10349,159,unweighted_fl,10,0.4166003184713376,0,22,None,66,1,5,False,1,1
10350,155,unweighted_fl,10,0.2601512738853503,0,24,None,66,1,5,False,1,1
10351,156,unweighted_fl,10,0.2644307324840764,0,24,None,66,1,5,False,1,1
10352,157,unweighted_fl,10,0.2676154458598726,0,24,None,66,1,5,False,1,1
10353,158,unweighted_fl,10,0.2698049363057325,0,24,None,66,1,5,False,1,1
10354,159,unweighted_fl,10,0.2723925159235669,0,24,None,66,1,5,False,1,1
10355,155,unweighted_fl,10,0.3094148089171974,0,26,None,66,1,5,False,1,1
10356,156,unweighted_fl,10,0.2905055732484076,0,26,None,66,1,5,False,1,1
10357,157,unweighted_fl,10,0.2936902866242038,0,26,None,66,1,5,False,1,1
10358,158,unweighted_fl,10,0.3023487261146497,0,26,None,66,1,5,False,1,1
10359,159,unweighted_fl,10,0.3086186305732484,0,26,None,66,1,5,False,1,1
10360,155,unweighted_fl,10,0.3773885350318471,0,27,None,66,1,5,False,1,1
10361,156,unweighted_fl,10,0.4132165605095541,0,27,None,66,1,5,False,1,1
10362,157,unweighted_fl,10,0.4166998407643312,0,27,None,66,1,5,False,1,1
10363,158,unweighted_fl,10,0.4161027070063694,0,27,None,66,1,5,False,1,1
10364,159,unweighted_fl,10,0.4150079617834395,0,27,None,66,1,5,False,1,1
10365,155,unweighted_fl,10,0.3586783439490446,0,25,None,66,1,5,False,1,1
10366,156,unweighted_fl,10,0.3616640127388535,0,25,None,66,1,5,False,1,1
10367,157,unweighted_fl,10,0.3660429936305732,0,25,None,66,1,5,False,1,1
10368,158,unweighted_fl,10,0.3711186305732484,0,25,None,66,1,5,False,1,1
10369,159,unweighted_fl,10,0.3746019108280254,0,25,None,66,1,5,False,1,1
10370,155,unweighted_fl,10,0.3260350318471338,0,28,None,66,1,5,False,1,1
10371,156,unweighted_fl,10,0.3377786624203822,0,28,None,66,1,5,False,1,1
10372,157,unweighted_fl,10,0.3460390127388535,0,28,None,66,1,5,False,1,1
10373,158,unweighted_fl,10,0.3540007961783439,0,28,None,66,1,5,False,1,1
10374,159,unweighted_fl,10,0.3594745222929936,0,28,None,66,1,5,False,1,1
10375,155,unweighted_fl,10,0.3773885350318471,0,30,None,66,1,5,False,1,1
10376,156,unweighted_fl,10,0.3791799363057325,0,30,None,66,1,5,False,1,1
10377,157,unweighted_fl,10,0.3802746815286624,0,30,None,66,1,5,False,1,1
10378,158,unweighted_fl,10,0.3934116242038216,0,30,None,66,1,5,False,1,1
10379,159,unweighted_fl,10,0.4047571656050955,0,30,None,66,1,5,False,1,1
10380,155,unweighted_fl,10,0.3071257961783439,0,29,None,66,1,5,False,1,1
10381,156,unweighted_fl,10,0.313296178343949,0,29,None,66,1,5,False,1,1
10382,157,unweighted_fl,10,0.3234474522292994,0,29,None,66,1,5,False,1,1
10383,158,unweighted_fl,10,0.3352906050955414,0,29,None,66,1,5,False,1,1
10384,159,unweighted_fl,10,0.3444466560509554,0,29,None,66,1,5,False,1,1
10385,155,unweighted_fl,10,0.2978702229299363,0,31,None,66,1,5,False,1,1
10386,156,unweighted_fl,10,0.302249203821656,0,31,None,66,1,5,False,1,1
10387,157,unweighted_fl,10,0.2794585987261146,0,31,None,66,1,5,False,1,1
10388,158,unweighted_fl,10,0.2806528662420382,0,31,None,66,1,5,False,1,1
10389,159,unweighted_fl,10,0.2918988853503185,0,31,None,66,1,5,False,1,1
10390,155,unweighted_fl,10,0.4105294585987261,0,32,None,66,1,5,False,1,1
10391,156,unweighted_fl,10,0.4126194267515923,0,32,None,66,1,5,False,1,1
10392,157,unweighted_fl,10,0.4163017515923566,0,32,None,66,1,5,False,1,1
10393,158,unweighted_fl,10,0.4185907643312102,0,32,None,66,1,5,False,1,1
10394,159,unweighted_fl,10,0.419984076433121,0,32,None,66,1,5,False,1,1
10395,160,unweighted_fl,10,0.3659434713375796,0,0,None,66,1,5,False,1,1
10396,161,unweighted_fl,10,0.3670382165605095,0,0,None,66,1,5,False,1,1
10397,162,unweighted_fl,10,0.3687300955414013,0,0,None,66,1,5,False,1,1
10398,163,unweighted_fl,10,0.3700238853503185,0,0,None,66,1,5,False,1,1
10399,164,unweighted_fl,10,0.3718152866242038,0,0,None,66,1,5,False,1,1
10400,160,unweighted_fl,10,0.3217555732484076,0,2,None,66,1,5,False,1,1
10401,161,unweighted_fl,10,0.3240445859872611,0,2,None,66,1,5,False,1,1
10402,162,unweighted_fl,10,0.3329020700636942,0,2,None,66,1,5,False,1,1
10403,163,unweighted_fl,10,0.3446457006369426,0,2,None,66,1,5,False,1,1
10404,164,unweighted_fl,10,0.3609673566878981,0,2,None,66,1,5,False,1,1
10405,160,unweighted_fl,10,0.4142117834394904,0,1,None,66,1,5,False,1,1
10406,161,unweighted_fl,10,0.4152070063694267,0,1,None,66,1,5,False,1,1
10407,162,unweighted_fl,10,0.4156050955414013,0,1,None,66,1,5,False,1,1
10408,163,unweighted_fl,10,0.4164012738853503,0,1,None,66,1,5,False,1,1
10409,164,unweighted_fl,10,0.4166998407643312,0,1,None,66,1,5,False,1,1
10410,160,unweighted_fl,10,0.4509355095541401,0,3,None,66,1,5,False,1,1
10411,161,unweighted_fl,10,0.4742237261146497,0,3,None,66,1,5,False,1,1
10412,162,unweighted_fl,10,0.482484076433121,0,3,None,66,1,5,False,1,1
10413,163,unweighted_fl,10,0.4882563694267516,0,3,None,66,1,5,False,1,1
10414,164,unweighted_fl,10,0.4919386942675159,0,3,None,66,1,5,False,1,1
10415,160,unweighted_fl,10,0.3242436305732484,0,5,None,66,1,5,False,1,1
10416,161,unweighted_fl,10,0.3228503184713376,0,5,None,66,1,5,False,1,1
10417,162,unweighted_fl,10,0.324343152866242,0,5,None,66,1,5,False,1,1
10418,163,unweighted_fl,10,0.3261345541401274,0,5,None,66,1,5,False,1,1
10419,164,unweighted_fl,10,0.3295183121019108,0,5,None,66,1,5,False,1,1
10420,160,unweighted_fl,10,0.4354100318471338,0,6,None,66,1,5,False,1,1
10421,161,unweighted_fl,10,0.4368033439490446,0,6,None,66,1,5,False,1,1
10422,162,unweighted_fl,10,0.438296178343949,0,6,None,66,1,5,False,1,1
10423,163,unweighted_fl,10,0.4402866242038216,0,6,None,66,1,5,False,1,1
10424,164,unweighted_fl,10,0.4411823248407643,0,6,None,66,1,5,False,1,1
10425,160,unweighted_fl,10,0.3730095541401274,0,4,None,66,1,5,False,1,1
10426,161,unweighted_fl,10,0.37390525477707,0,4,None,66,1,5,False,1,1
10427,162,unweighted_fl,10,0.3746019108280254,0,4,None,66,1,5,False,1,1
10428,163,unweighted_fl,10,0.3751990445859872,0,4,None,66,1,5,False,1,1
10429,164,unweighted_fl,10,0.3755971337579618,0,4,None,66,1,5,False,1,1
10430,160,unweighted_fl,10,0.4125199044585987,0,7,None,66,1,5,False,1,1
10431,161,unweighted_fl,10,0.4178941082802547,0,7,None,66,1,5,False,1,1
10432,162,unweighted_fl,10,0.4231687898089172,0,7,None,66,1,5,False,1,1
10433,163,unweighted_fl,10,0.4297372611464968,0,7,None,66,1,5,False,1,1
10434,164,unweighted_fl,10,0.4360071656050955,0,7,None,66,1,5,False,1,1
10435,160,unweighted_fl,10,0.3912221337579618,0,9,None,66,1,5,False,1,1
10436,161,unweighted_fl,10,0.3880374203821656,0,9,None,66,1,5,False,1,1
10437,162,unweighted_fl,10,0.3968949044585987,0,9,None,66,1,5,False,1,1
10438,163,unweighted_fl,10,0.4030652866242038,0,9,None,66,1,5,False,1,1
10439,164,unweighted_fl,10,0.4077428343949044,0,9,None,66,1,5,False,1,1
10440,160,unweighted_fl,10,0.4716361464968153,0,8,None,66,1,5,False,1,1
10441,161,unweighted_fl,10,0.4113256369426751,0,8,None,66,1,5,False,1,1
10442,162,unweighted_fl,10,0.4166998407643312,0,8,None,66,1,5,False,1,1
10443,163,unweighted_fl,10,0.4201831210191082,0,8,None,66,1,5,False,1,1
10444,164,unweighted_fl,10,0.423765923566879,0,8,None,66,1,5,False,1,1
10445,160,unweighted_fl,10,0.4208797770700637,0,10,None,66,1,5,False,1,1
10446,161,unweighted_fl,10,0.4182921974522293,0,10,None,66,1,5,False,1,1
10447,162,unweighted_fl,10,0.4206807324840764,0,10,None,66,1,5,False,1,1
10448,163,unweighted_fl,10,0.4225716560509554,0,10,None,66,1,5,False,1,1
10449,164,unweighted_fl,10,0.4256568471337579,0,10,None,66,1,5,False,1,1
10450,160,unweighted_fl,10,0.5007961783439491,0,12,None,66,1,5,False,1,1
10451,161,unweighted_fl,10,0.4910429936305732,0,12,None,66,1,5,False,1,1
10452,162,unweighted_fl,10,0.4739251592356688,0,12,None,66,1,5,False,1,1
10453,163,unweighted_fl,10,0.4720342356687898,0,12,None,66,1,5,False,1,1
10454,164,unweighted_fl,10,0.472233280254777,0,12,None,66,1,5,False,1,1
10455,160,unweighted_fl,10,0.4384952229299363,0,13,None,66,1,5,False,1,1
10456,161,unweighted_fl,10,0.4472531847133758,0,13,None,66,1,5,False,1,1
10457,162,unweighted_fl,10,0.4529259554140127,0,13,None,66,1,5,False,1,1
10458,163,unweighted_fl,10,0.4602906050955414,0,13,None,66,1,5,False,1,1
10459,164,unweighted_fl,10,0.4655652866242038,0,13,None,66,1,5,False,1,1
10460,160,unweighted_fl,10,0.3421576433121019,0,11,None,66,1,5,False,1,1
10461,161,unweighted_fl,10,0.3595740445859872,0,11,None,66,1,5,False,1,1
10462,162,unweighted_fl,10,0.3672372611464968,0,11,None,66,1,5,False,1,1
10463,163,unweighted_fl,10,0.3734076433121019,0,11,None,66,1,5,False,1,1
10464,164,unweighted_fl,10,0.3773885350318471,0,11,None,66,1,5,False,1,1
10465,160,unweighted_fl,10,0.2519904458598726,0,14,None,66,1,5,False,1,1
10466,161,unweighted_fl,10,0.2556727707006369,0,14,None,66,1,5,False,1,1
10467,162,unweighted_fl,10,0.2576632165605095,0,14,None,66,1,5,False,1,1
10468,163,unweighted_fl,10,0.2594546178343949,0,14,None,66,1,5,False,1,1
10469,164,unweighted_fl,10,0.2612460191082802,0,14,None,66,1,5,False,1,1
10470,160,unweighted_fl,10,0.4834792993630573,0,15,None,66,1,5,False,1,1
10471,161,unweighted_fl,10,0.5055732484076433,0,15,None,66,1,5,False,1,1
10472,162,unweighted_fl,10,0.5097531847133758,0,15,None,66,1,5,False,1,1
10473,163,unweighted_fl,10,0.5122412420382165,0,15,None,66,1,5,False,1,1
10474,164,unweighted_fl,10,0.513734076433121,0,15,None,66,1,5,False,1,1
10475,160,unweighted_fl,10,0.5000995222929936,0,16,None,66,1,5,False,1,1
10476,161,unweighted_fl,10,0.4864649681528662,0,16,None,66,1,5,False,1,1
10477,162,unweighted_fl,10,0.4960191082802547,0,16,None,66,1,5,False,1,1
10478,163,unweighted_fl,10,0.5116441082802548,0,16,None,66,1,5,False,1,1
10479,164,unweighted_fl,10,0.5238853503184714,0,16,None,66,1,5,False,1,1
10480,160,unweighted_fl,10,0.4209792993630573,0,18,None,66,1,5,False,1,1
10481,161,unweighted_fl,10,0.426453025477707,0,18,None,66,1,5,False,1,1
10482,162,unweighted_fl,10,0.431827229299363,0,18,None,66,1,5,False,1,1
10483,163,unweighted_fl,10,0.4374004777070063,0,18,None,66,1,5,False,1,1
10484,164,unweighted_fl,10,0.4406847133757962,0,18,None,66,1,5,False,1,1
10485,160,unweighted_fl,10,0.4137141719745223,0,17,None,66,1,5,False,1,1
10486,161,unweighted_fl,10,0.4244625796178344,0,17,None,66,1,5,False,1,1
10487,162,unweighted_fl,10,0.4306329617834395,0,17,None,66,1,5,False,1,1
10488,163,unweighted_fl,10,0.435609076433121,0,17,None,66,1,5,False,1,1
10489,164,unweighted_fl,10,0.4386942675159235,0,17,None,66,1,5,False,1,1
10490,160,unweighted_fl,10,0.3950039808917197,0,19,None,66,1,5,False,1,1
10491,161,unweighted_fl,10,0.40515525477707,0,19,None,66,1,5,False,1,1
10492,162,unweighted_fl,10,0.418093152866242,0,19,None,66,1,5,False,1,1
10493,163,unweighted_fl,10,0.4263535031847134,0,19,None,66,1,5,False,1,1
10494,164,unweighted_fl,10,0.4309315286624204,0,19,None,66,1,5,False,1,1
10495,160,unweighted_fl,10,0.4286425159235669,0,21,None,66,1,5,False,1,1
10496,161,unweighted_fl,10,0.4295382165605095,0,21,None,66,1,5,False,1,1
10497,162,unweighted_fl,10,0.4308320063694267,0,21,None,66,1,5,False,1,1
10498,163,unweighted_fl,10,0.4322253184713376,0,21,None,66,1,5,False,1,1
10499,164,unweighted_fl,10,0.432921974522293,0,21,None,66,1,5,False,1,1
10500,160,unweighted_fl,10,0.4166003184713376,0,20,None,66,1,5,False,1,1
10501,161,unweighted_fl,10,0.4178941082802547,0,20,None,66,1,5,False,1,1
10502,162,unweighted_fl,10,0.4197850318471338,0,20,None,66,1,5,False,1,1
10503,163,unweighted_fl,10,0.4235668789808917,0,20,None,66,1,5,False,1,1
10504,164,unweighted_fl,10,0.4258558917197452,0,20,None,66,1,5,False,1,1
10505,160,unweighted_fl,10,0.4134156050955414,0,22,None,66,1,5,False,1,1
10506,161,unweighted_fl,10,0.4143113057324841,0,22,None,66,1,5,False,1,1
10507,162,unweighted_fl,10,0.4190883757961783,0,22,None,66,1,5,False,1,1
10508,163,unweighted_fl,10,0.424562101910828,0,22,None,66,1,5,False,1,1
10509,164,unweighted_fl,10,0.4282444267515923,0,22,None,66,1,5,False,1,1
10510,160,unweighted_fl,10,0.2686106687898089,0,24,None,66,1,5,False,1,1
10511,161,unweighted_fl,10,0.270999203821656,0,24,None,66,1,5,False,1,1
10512,162,unweighted_fl,10,0.272890127388535,0,24,None,66,1,5,False,1,1
10513,163,unweighted_fl,10,0.2742834394904458,0,24,None,66,1,5,False,1,1
10514,164,unweighted_fl,10,0.2857285031847134,0,24,None,66,1,5,False,1,1
10515,160,unweighted_fl,10,0.361265923566879,0,23,None,66,1,5,False,1,1
10516,161,unweighted_fl,10,0.3611664012738853,0,23,None,66,1,5,False,1,1
10517,162,unweighted_fl,10,0.3630573248407643,0,23,None,66,1,5,False,1,1
10518,163,unweighted_fl,10,0.364749203821656,0,23,None,66,1,5,False,1,1
10519,164,unweighted_fl,10,0.3665406050955414,0,23,None,66,1,5,False,1,1
10520,160,unweighted_fl,10,0.3681329617834395,0,25,None,66,1,5,False,1,1
10521,161,unweighted_fl,10,0.3761942675159235,0,25,None,66,1,5,False,1,1
10522,162,unweighted_fl,10,0.380374203821656,0,25,None,66,1,5,False,1,1
10523,163,unweighted_fl,10,0.3845541401273885,0,25,None,66,1,5,False,1,1
10524,164,unweighted_fl,10,0.388734076433121,0,25,None,66,1,5,False,1,1
10525,160,unweighted_fl,10,0.3939092356687898,0,27,None,66,1,5,False,1,1
10526,161,unweighted_fl,10,0.4012738853503185,0,27,None,66,1,5,False,1,1
10527,162,unweighted_fl,10,0.4023686305732484,0,27,None,66,1,5,False,1,1
10528,163,unweighted_fl,10,0.4041600318471338,0,27,None,66,1,5,False,1,1
10529,164,unweighted_fl,10,0.407046178343949,0,27,None,66,1,5,False,1,1
10530,160,unweighted_fl,10,0.32703025477707,0,26,None,66,1,5,False,1,1
10531,161,unweighted_fl,10,0.3125995222929936,0,26,None,66,1,5,False,1,1
10532,162,unweighted_fl,10,0.3164808917197452,0,26,None,66,1,5,False,1,1
10533,163,unweighted_fl,10,0.3280254777070063,0,26,None,66,1,5,False,1,1
10534,164,unweighted_fl,10,0.3393710191082802,0,26,None,66,1,5,False,1,1
10535,160,unweighted_fl,10,0.3517117834394904,0,28,None,66,1,5,False,1,1
10536,161,unweighted_fl,10,0.3584792993630573,0,28,None,66,1,5,False,1,1
10537,162,unweighted_fl,10,0.3636544585987261,0,28,None,66,1,5,False,1,1
10538,163,unweighted_fl,10,0.3673367834394904,0,28,None,66,1,5,False,1,1
10539,164,unweighted_fl,10,0.3707205414012738,0,28,None,66,1,5,False,1,1
10540,160,unweighted_fl,10,0.4210788216560509,0,30,None,66,1,5,False,1,1
10541,161,unweighted_fl,10,0.4252587579617834,0,30,None,66,1,5,False,1,1
10542,162,unweighted_fl,10,0.4286425159235669,0,30,None,66,1,5,False,1,1
10543,163,unweighted_fl,10,0.4320262738853503,0,30,None,66,1,5,False,1,1
10544,164,unweighted_fl,10,0.4354100318471338,0,30,None,66,1,5,False,1,1
10545,160,unweighted_fl,10,0.3386743630573248,0,29,None,66,1,5,False,1,1
10546,161,unweighted_fl,10,0.338077229299363,0,29,None,66,1,5,False,1,1
10547,162,unweighted_fl,10,0.350218949044586,0,29,None,66,1,5,False,1,1
10548,163,unweighted_fl,10,0.3589769108280254,0,29,None,66,1,5,False,1,1
10549,164,unweighted_fl,10,0.3670382165605095,0,29,None,66,1,5,False,1,1
10550,160,unweighted_fl,10,0.3234474522292994,0,31,None,66,1,5,False,1,1
10551,161,unweighted_fl,10,0.3605692675159235,0,31,None,66,1,5,False,1,1
10552,162,unweighted_fl,10,0.3850517515923566,0,31,None,66,1,5,False,1,1
10553,163,unweighted_fl,10,0.4068471337579618,0,31,None,66,1,5,False,1,1
10554,164,unweighted_fl,10,0.4176950636942675,0,31,None,66,1,5,False,1,1
10555,160,unweighted_fl,10,0.4197850318471338,0,32,None,66,1,5,False,1,1
10556,161,unweighted_fl,10,0.4213773885350318,0,32,None,66,1,5,False,1,1
10557,162,unweighted_fl,10,0.4238654458598726,0,32,None,66,1,5,False,1,1
10558,163,unweighted_fl,10,0.4258558917197452,0,32,None,66,1,5,False,1,1
10559,164,unweighted_fl,10,0.4280453821656051,0,32,None,66,1,5,False,1,1
10560,165,unweighted_fl,10,0.3696257961783439,0,0,None,66,1,5,False,1,1
10561,166,unweighted_fl,10,0.3723128980891719,0,0,None,66,1,5,False,1,1
10562,167,unweighted_fl,10,0.3737062101910828,0,0,None,66,1,5,False,1,1
10563,168,unweighted_fl,10,0.3763933121019108,0,0,None,66,1,5,False,1,1
10564,169,unweighted_fl,10,0.3828622611464968,0,0,None,66,1,5,False,1,1
10565,165,unweighted_fl,10,0.418093152866242,0,1,None,66,1,5,False,1,1
10566,166,unweighted_fl,10,0.4187898089171974,0,1,None,66,1,5,False,1,1
10567,167,unweighted_fl,10,0.4219745222929936,0,1,None,66,1,5,False,1,1
10568,168,unweighted_fl,10,0.4339171974522293,0,1,None,66,1,5,False,1,1
10569,169,unweighted_fl,10,0.4578025477707006,0,1,None,66,1,5,False,1,1
10570,165,unweighted_fl,10,0.353702229299363,0,2,None,66,1,5,False,1,1
10571,166,unweighted_fl,10,0.3512141719745223,0,2,None,66,1,5,False,1,1
10572,167,unweighted_fl,10,0.3651472929936306,0,2,None,66,1,5,False,1,1
10573,168,unweighted_fl,10,0.3840565286624204,0,2,None,66,1,5,False,1,1
10574,169,unweighted_fl,10,0.4025676751592357,0,2,None,66,1,5,False,1,1
10575,165,unweighted_fl,10,0.3732085987261146,0,4,None,66,1,5,False,1,1
10576,166,unweighted_fl,10,0.3742038216560509,0,4,None,66,1,5,False,1,1
10577,167,unweighted_fl,10,0.3751990445859872,0,4,None,66,1,5,False,1,1
10578,168,unweighted_fl,10,0.3758957006369426,0,4,None,66,1,5,False,1,1
10579,169,unweighted_fl,10,0.376890923566879,0,4,None,66,1,5,False,1,1
10580,165,unweighted_fl,10,0.3977906050955414,0,5,None,66,1,5,False,1,1
10581,166,unweighted_fl,10,0.3947054140127388,0,5,None,66,1,5,False,1,1
10582,167,unweighted_fl,10,0.3968949044585987,0,5,None,66,1,5,False,1,1
10583,168,unweighted_fl,10,0.3995820063694267,0,5,None,66,1,5,False,1,1
10584,169,unweighted_fl,10,0.4056528662420382,0,5,None,66,1,5,False,1,1
10585,165,unweighted_fl,10,0.4667595541401274,0,3,None,66,1,5,False,1,1
10586,166,unweighted_fl,10,0.4802945859872611,0,3,None,66,1,5,False,1,1
10587,167,unweighted_fl,10,0.4879578025477707,0,3,None,66,1,5,False,1,1
10588,168,unweighted_fl,10,0.4932324840764331,0,3,None,66,1,5,False,1,1
10589,169,unweighted_fl,10,0.4972133757961783,0,3,None,66,1,5,False,1,1
10590,165,unweighted_fl,10,0.4383957006369426,0,6,None,66,1,5,False,1,1
10591,166,unweighted_fl,10,0.4405851910828025,0,6,None,66,1,5,False,1,1
10592,167,unweighted_fl,10,0.4419785031847134,0,6,None,66,1,5,False,1,1
10593,168,unweighted_fl,10,0.4430732484076433,0,6,None,66,1,5,False,1,1
10594,169,unweighted_fl,10,0.4443670382165605,0,6,None,66,1,5,False,1,1
10595,165,unweighted_fl,10,0.43640525477707,0,7,None,66,1,5,False,1,1
10596,166,unweighted_fl,10,0.4410828025477707,0,7,None,66,1,5,False,1,1
10597,167,unweighted_fl,10,0.4442675159235669,0,7,None,66,1,5,False,1,1
10598,168,unweighted_fl,10,0.4511345541401274,0,7,None,66,1,5,False,1,1
10599,169,unweighted_fl,10,0.4598925159235669,0,7,None,66,1,5,False,1,1
10600,165,unweighted_fl,10,0.4540207006369426,0,8,None,66,1,5,False,1,1
10601,166,unweighted_fl,10,0.4249601910828025,0,8,None,66,1,5,False,1,1
10602,167,unweighted_fl,10,0.430234872611465,0,8,None,66,1,5,False,1,1
10603,168,unweighted_fl,10,0.4320262738853503,0,8,None,66,1,5,False,1,1
10604,169,unweighted_fl,10,0.4341162420382166,0,8,None,66,1,5,False,1,1
10605,165,unweighted_fl,10,0.4219745222929936,0,10,None,66,1,5,False,1,1
10606,166,unweighted_fl,10,0.4267515923566879,0,10,None,66,1,5,False,1,1
10607,167,unweighted_fl,10,0.4303343949044586,0,10,None,66,1,5,False,1,1
10608,168,unweighted_fl,10,0.4332205414012738,0,10,None,66,1,5,False,1,1
10609,169,unweighted_fl,10,0.4361066878980891,0,10,None,66,1,5,False,1,1
10610,165,unweighted_fl,10,0.4020700636942675,0,9,None,66,1,5,False,1,1
10611,166,unweighted_fl,10,0.4054538216560509,0,9,None,66,1,5,False,1,1
10612,167,unweighted_fl,10,0.4111265923566879,0,9,None,66,1,5,False,1,1
10613,168,unweighted_fl,10,0.4152070063694267,0,9,None,66,1,5,False,1,1
10614,169,unweighted_fl,10,0.4170979299363057,0,9,None,66,1,5,False,1,1
10615,165,unweighted_fl,10,0.3728105095541401,0,11,None,66,1,5,False,1,1
10616,166,unweighted_fl,10,0.3839570063694267,0,11,None,66,1,5,False,1,1
10617,167,unweighted_fl,10,0.3896297770700637,0,11,None,66,1,5,False,1,1
10618,168,unweighted_fl,10,0.3936106687898089,0,11,None,66,1,5,False,1,1
10619,169,unweighted_fl,10,0.3951035031847134,0,11,None,66,1,5,False,1,1
10620,165,unweighted_fl,10,0.5032842356687898,0,12,None,66,1,5,False,1,1
10621,166,unweighted_fl,10,0.4788017515923566,0,12,None,66,1,5,False,1,1
10622,167,unweighted_fl,10,0.4763136942675159,0,12,None,66,1,5,False,1,1
10623,168,unweighted_fl,10,0.4772093949044586,0,12,None,66,1,5,False,1,1
10624,169,unweighted_fl,10,0.4788017515923566,0,12,None,66,1,5,False,1,1
10625,165,unweighted_fl,10,0.4732285031847134,0,13,None,66,1,5,False,1,1
10626,166,unweighted_fl,10,0.477906050955414,0,13,None,66,1,5,False,1,1
10627,167,unweighted_fl,10,0.4810907643312102,0,13,None,66,1,5,False,1,1
10628,168,unweighted_fl,10,0.4833797770700637,0,13,None,66,1,5,False,1,1
10629,169,unweighted_fl,10,0.4863654458598726,0,13,None,66,1,5,False,1,1
10630,165,unweighted_fl,10,0.5111464968152867,0,15,None,66,1,5,False,1,1
10631,166,unweighted_fl,10,0.5109474522292994,0,15,None,66,1,5,False,1,1
10632,167,unweighted_fl,10,0.5104498407643312,0,15,None,66,1,5,False,1,1
10633,168,unweighted_fl,10,0.5105493630573248,0,15,None,66,1,5,False,1,1
10634,169,unweighted_fl,10,0.5093550955414012,0,15,None,66,1,5,False,1,1
10635,165,unweighted_fl,10,0.2541799363057325,0,14,None,66,1,5,False,1,1
10636,166,unweighted_fl,10,0.257265127388535,0,14,None,66,1,5,False,1,1
10637,167,unweighted_fl,10,0.2596536624203822,0,14,None,66,1,5,False,1,1
10638,168,unweighted_fl,10,0.2611464968152866,0,14,None,66,1,5,False,1,1
10639,169,unweighted_fl,10,0.2616441082802547,0,14,None,66,1,5,False,1,1
10640,165,unweighted_fl,10,0.535031847133758,0,16,None,66,1,5,False,1,1
10641,166,unweighted_fl,10,0.5409036624203821,0,16,None,66,1,5,False,1,1
10642,167,unweighted_fl,10,0.5489649681528662,0,16,None,66,1,5,False,1,1
10643,168,unweighted_fl,10,0.5529458598726115,0,16,None,66,1,5,False,1,1
10644,169,unweighted_fl,10,0.5584195859872612,0,16,None,66,1,5,False,1,1
10645,165,unweighted_fl,10,0.4441679936305732,0,18,None,66,1,5,False,1,1
10646,166,unweighted_fl,10,0.4462579617834395,0,18,None,66,1,5,False,1,1
10647,167,unweighted_fl,10,0.4499402866242038,0,18,None,66,1,5,False,1,1
10648,168,unweighted_fl,10,0.45203025477707,0,18,None,66,1,5,False,1,1
10649,169,unweighted_fl,10,0.4544187898089172,0,18,None,66,1,5,False,1,1
10650,165,unweighted_fl,10,0.433718152866242,0,17,None,66,1,5,False,1,1
10651,166,unweighted_fl,10,0.4372014331210191,0,17,None,66,1,5,False,1,1
10652,167,unweighted_fl,10,0.4406847133757962,0,17,None,66,1,5,False,1,1
10653,168,unweighted_fl,10,0.4434713375796178,0,17,None,66,1,5,False,1,1
10654,169,unweighted_fl,10,0.4456608280254777,0,17,None,66,1,5,False,1,1
10655,165,unweighted_fl,10,0.4093351910828025,0,19,None,66,1,5,False,1,1
10656,166,unweighted_fl,10,0.3977906050955414,0,19,None,66,1,5,False,1,1
10657,167,unweighted_fl,10,0.3883359872611465,0,19,None,66,1,5,False,1,1
10658,168,unweighted_fl,10,0.3976910828025478,0,19,None,66,1,5,False,1,1
10659,169,unweighted_fl,10,0.4085390127388535,0,19,None,66,1,5,False,1,1
10660,165,unweighted_fl,10,0.4349124203821656,0,21,None,66,1,5,False,1,1
10661,166,unweighted_fl,10,0.4362062101910828,0,21,None,66,1,5,False,1,1
10662,167,unweighted_fl,10,0.4376990445859872,0,21,None,66,1,5,False,1,1
10663,168,unweighted_fl,10,0.4389928343949044,0,21,None,66,1,5,False,1,1
10664,169,unweighted_fl,10,0.4395899681528662,0,21,None,66,1,5,False,1,1
10665,165,unweighted_fl,10,0.4261544585987261,0,20,None,66,1,5,False,1,1
10666,166,unweighted_fl,10,0.4279458598726114,0,20,None,66,1,5,False,1,1
10667,167,unweighted_fl,10,0.4301353503184713,0,20,None,66,1,5,False,1,1
10668,168,unweighted_fl,10,0.4328224522292994,0,20,None,66,1,5,False,1,1
10669,169,unweighted_fl,10,0.4348128980891719,0,20,None,66,1,5,False,1,1
10670,165,unweighted_fl,10,0.4221735668789809,0,22,None,66,1,5,False,1,1
10671,166,unweighted_fl,10,0.4269506369426751,0,22,None,66,1,5,False,1,1
10672,167,unweighted_fl,10,0.431031050955414,0,22,None,66,1,5,False,1,1
10673,168,unweighted_fl,10,0.4358081210191082,0,22,None,66,1,5,False,1,1
10674,169,unweighted_fl,10,0.4434713375796178,0,22,None,66,1,5,False,1,1
10675,165,unweighted_fl,10,0.2733877388535032,0,24,None,66,1,5,False,1,1
10676,166,unweighted_fl,10,0.2746815286624204,0,24,None,66,1,5,False,1,1
10677,167,unweighted_fl,10,0.2999601910828025,0,24,None,66,1,5,False,1,1
10678,168,unweighted_fl,10,0.3227507961783439,0,24,None,66,1,5,False,1,1
10679,169,unweighted_fl,10,0.3324044585987261,0,24,None,66,1,5,False,1,1
10680,165,unweighted_fl,10,0.3805732484076433,0,25,None,66,1,5,False,1,1
10681,166,unweighted_fl,10,0.3894307324840764,0,25,None,66,1,5,False,1,1
10682,167,unweighted_fl,10,0.3944068471337579,0,25,None,66,1,5,False,1,1
10683,168,unweighted_fl,10,0.3975915605095541,0,25,None,66,1,5,False,1,1
10684,169,unweighted_fl,10,0.3998805732484076,0,25,None,66,1,5,False,1,1
10685,165,unweighted_fl,10,0.3673367834394904,0,23,None,66,1,5,False,1,1
10686,166,unweighted_fl,10,0.3687300955414013,0,23,None,66,1,5,False,1,1
10687,167,unweighted_fl,10,0.3702229299363057,0,23,None,66,1,5,False,1,1
10688,168,unweighted_fl,10,0.3718152866242038,0,23,None,66,1,5,False,1,1
10689,169,unweighted_fl,10,0.375,0,23,None,66,1,5,False,1,1
10690,165,unweighted_fl,10,0.3669386942675159,0,26,None,66,1,5,False,1,1
10691,166,unweighted_fl,10,0.3575835987261146,0,26,None,66,1,5,False,1,1
10692,167,unweighted_fl,10,0.3614649681528662,0,26,None,66,1,5,False,1,1
10693,168,unweighted_fl,10,0.3680334394904458,0,26,None,66,1,5,False,1,1
10694,169,unweighted_fl,10,0.3802746815286624,0,26,None,66,1,5,False,1,1
10695,165,unweighted_fl,10,0.4008757961783439,0,27,None,66,1,5,False,1,1
10696,166,unweighted_fl,10,0.4034633757961783,0,27,None,66,1,5,False,1,1
10697,167,unweighted_fl,10,0.4060509554140127,0,27,None,66,1,5,False,1,1
10698,168,unweighted_fl,10,0.4088375796178344,0,27,None,66,1,5,False,1,1
10699,169,unweighted_fl,10,0.4142117834394904,0,27,None,66,1,5,False,1,1
10700,165,unweighted_fl,10,0.3634554140127388,0,28,None,66,1,5,False,1,1
10701,166,unweighted_fl,10,0.3674363057324841,0,28,None,66,1,5,False,1,1
10702,167,unweighted_fl,10,0.3707205414012738,0,28,None,66,1,5,False,1,1
10703,168,unweighted_fl,10,0.3736066878980891,0,28,None,66,1,5,False,1,1
10704,169,unweighted_fl,10,0.376890923566879,0,28,None,66,1,5,False,1,1
10705,165,unweighted_fl,10,0.3516122611464968,0,29,None,66,1,5,False,1,1
10706,166,unweighted_fl,10,0.3454418789808917,0,29,None,66,1,5,False,1,1
10707,167,unweighted_fl,10,0.3640525477707006,0,29,None,66,1,5,False,1,1
10708,168,unweighted_fl,10,0.3725119426751592,0,29,None,66,1,5,False,1,1
10709,169,unweighted_fl,10,0.3752985668789809,0,29,None,66,1,5,False,1,1
10710,165,unweighted_fl,10,0.4423765923566879,0,30,None,66,1,5,False,1,1
10711,166,unweighted_fl,10,0.4444665605095541,0,30,None,66,1,5,False,1,1
10712,167,unweighted_fl,10,0.447452229299363,0,30,None,66,1,5,False,1,1
10713,168,unweighted_fl,10,0.4486464968152866,0,30,None,66,1,5,False,1,1
10714,169,unweighted_fl,10,0.4499402866242038,0,30,None,66,1,5,False,1,1
10715,165,unweighted_fl,10,0.4267515923566879,0,32,None,66,1,5,False,1,1
10716,166,unweighted_fl,10,0.4294386942675159,0,32,None,66,1,5,False,1,1
10717,167,unweighted_fl,10,0.4322253184713376,0,32,None,66,1,5,False,1,1
10718,168,unweighted_fl,10,0.4339171974522293,0,32,None,66,1,5,False,1,1
10719,169,unweighted_fl,10,0.434514331210191,0,32,None,66,1,5,False,1,1
10720,165,unweighted_fl,10,0.3678343949044586,0,31,None,66,1,5,False,1,1
10721,166,unweighted_fl,10,0.3903264331210191,0,31,None,66,1,5,False,1,1
10722,167,unweighted_fl,10,0.3990843949044586,0,31,None,66,1,5,False,1,1
10723,168,unweighted_fl,10,0.4023686305732484,0,31,None,66,1,5,False,1,1
10724,169,unweighted_fl,10,0.4038614649681528,0,31,None,66,1,5,False,1,1
10725,170,unweighted_fl,10,0.3756966560509554,0,0,None,66,1,5,False,1,1
10726,171,unweighted_fl,10,0.3772890127388535,0,0,None,66,1,5,False,1,1
10727,172,unweighted_fl,10,0.3799761146496815,0,0,None,66,1,5,False,1,1
10728,173,unweighted_fl,10,0.3886345541401274,0,0,None,66,1,5,False,1,1
10729,174,unweighted_fl,10,0.4030652866242038,0,0,None,66,1,5,False,1,1
10730,170,unweighted_fl,10,0.4856687898089172,0,1,None,66,1,5,False,1,1
10731,171,unweighted_fl,10,0.4854697452229299,0,1,None,66,1,5,False,1,1
10732,172,unweighted_fl,10,0.4887539808917197,0,1,None,66,1,5,False,1,1
10733,173,unweighted_fl,10,0.4923367834394904,0,1,None,66,1,5,False,1,1
10734,174,unweighted_fl,10,0.4901472929936306,0,1,None,66,1,5,False,1,1
10735,170,unweighted_fl,10,0.3878383757961783,0,2,None,66,1,5,False,1,1
10736,171,unweighted_fl,10,0.3797770700636942,0,2,None,66,1,5,False,1,1
10737,172,unweighted_fl,10,0.3966958598726114,0,2,None,66,1,5,False,1,1
10738,173,unweighted_fl,10,0.4091361464968153,0,2,None,66,1,5,False,1,1
10739,174,unweighted_fl,10,0.4223726114649681,0,2,None,66,1,5,False,1,1
10740,170,unweighted_fl,10,0.3743033439490446,0,4,None,66,1,5,False,1,1
10741,171,unweighted_fl,10,0.3755971337579618,0,4,None,66,1,5,False,1,1
10742,172,unweighted_fl,10,0.376890923566879,0,4,None,66,1,5,False,1,1
10743,173,unweighted_fl,10,0.3774880573248407,0,4,None,66,1,5,False,1,1
10744,174,unweighted_fl,10,0.3781847133757962,0,4,None,66,1,5,False,1,1
10745,170,unweighted_fl,10,0.476015127388535,0,3,None,66,1,5,False,1,1
10746,171,unweighted_fl,10,0.4880573248407643,0,3,None,66,1,5,False,1,1
10747,172,unweighted_fl,10,0.4937300955414013,0,3,None,66,1,5,False,1,1
10748,173,unweighted_fl,10,0.4983081210191082,0,3,None,66,1,5,False,1,1
10749,174,unweighted_fl,10,0.5024880573248408,0,3,None,66,1,5,False,1,1
10750,170,unweighted_fl,10,0.4324243630573248,0,5,None,66,1,5,False,1,1
10751,171,unweighted_fl,10,0.4305334394904458,0,5,None,66,1,5,False,1,1
10752,172,unweighted_fl,10,0.4332205414012738,0,5,None,66,1,5,False,1,1
10753,173,unweighted_fl,10,0.4354100318471338,0,5,None,66,1,5,False,1,1
10754,174,unweighted_fl,10,0.43640525477707,0,5,None,66,1,5,False,1,1
10755,170,unweighted_fl,10,0.4496417197452229,0,7,None,66,1,5,False,1,1
10756,171,unweighted_fl,10,0.4537221337579618,0,7,None,66,1,5,False,1,1
10757,172,unweighted_fl,10,0.4610867834394904,0,7,None,66,1,5,False,1,1
10758,173,unweighted_fl,10,0.4696457006369426,0,7,None,66,1,5,False,1,1
10759,174,unweighted_fl,10,0.4849721337579618,0,7,None,66,1,5,False,1,1
10760,170,unweighted_fl,10,0.4429737261146497,0,6,None,66,1,5,False,1,1
10761,171,unweighted_fl,10,0.4442675159235669,0,6,None,66,1,5,False,1,1
10762,172,unweighted_fl,10,0.444765127388535,0,6,None,66,1,5,False,1,1
10763,173,unweighted_fl,10,0.4457603503184713,0,6,None,66,1,5,False,1,1
10764,174,unweighted_fl,10,0.4468550955414013,0,6,None,66,1,5,False,1,1
10765,170,unweighted_fl,10,0.4383957006369426,0,8,None,66,1,5,False,1,1
10766,171,unweighted_fl,10,0.4348128980891719,0,8,None,66,1,5,False,1,1
10767,172,unweighted_fl,10,0.4366042993630573,0,8,None,66,1,5,False,1,1
10768,173,unweighted_fl,10,0.4389928343949044,0,8,None,66,1,5,False,1,1
10769,174,unweighted_fl,10,0.4415804140127388,0,8,None,66,1,5,False,1,1
10770,170,unweighted_fl,10,0.4306329617834395,0,10,None,66,1,5,False,1,1
10771,171,unweighted_fl,10,0.4336186305732484,0,10,None,66,1,5,False,1,1
10772,172,unweighted_fl,10,0.4381966560509554,0,10,None,66,1,5,False,1,1
10773,173,unweighted_fl,10,0.4404856687898089,0,10,None,66,1,5,False,1,1
10774,174,unweighted_fl,10,0.442078025477707,0,10,None,66,1,5,False,1,1
10775,170,unweighted_fl,10,0.4119227707006369,0,9,None,66,1,5,False,1,1
10776,171,unweighted_fl,10,0.4148089171974522,0,9,None,66,1,5,False,1,1
10777,172,unweighted_fl,10,0.4182921974522293,0,9,None,66,1,5,False,1,1
10778,173,unweighted_fl,10,0.4213773885350318,0,9,None,66,1,5,False,1,1
10779,174,unweighted_fl,10,0.4234673566878981,0,9,None,66,1,5,False,1,1
10780,170,unweighted_fl,10,0.3965963375796178,0,11,None,66,1,5,False,1,1
10781,171,unweighted_fl,10,0.4052547770700637,0,11,None,66,1,5,False,1,1
10782,172,unweighted_fl,10,0.4077428343949044,0,11,None,66,1,5,False,1,1
10783,173,unweighted_fl,10,0.409733280254777,0,11,None,66,1,5,False,1,1
10784,174,unweighted_fl,10,0.4124203821656051,0,11,None,66,1,5,False,1,1
10785,170,unweighted_fl,10,0.4894506369426751,0,13,None,66,1,5,False,1,1
10786,171,unweighted_fl,10,0.4912420382165605,0,13,None,66,1,5,False,1,1
10787,172,unweighted_fl,10,0.4941281847133758,0,13,None,66,1,5,False,1,1
10788,173,unweighted_fl,10,0.4964171974522293,0,13,None,66,1,5,False,1,1
10789,174,unweighted_fl,10,0.4978105095541401,0,13,None,66,1,5,False,1,1
10790,170,unweighted_fl,10,0.4990047770700637,0,12,None,66,1,5,False,1,1
10791,171,unweighted_fl,10,0.4840764331210191,0,12,None,66,1,5,False,1,1
10792,172,unweighted_fl,10,0.4840764331210191,0,12,None,66,1,5,False,1,1
10793,173,unweighted_fl,10,0.4859673566878981,0,12,None,66,1,5,False,1,1
10794,174,unweighted_fl,10,0.4880573248407643,0,12,None,66,1,5,False,1,1
10795,170,unweighted_fl,10,0.2546775477707006,0,14,None,66,1,5,False,1,1
10796,171,unweighted_fl,10,0.2587579617834395,0,14,None,66,1,5,False,1,1
10797,172,unweighted_fl,10,0.2605493630573248,0,14,None,66,1,5,False,1,1
10798,173,unweighted_fl,10,0.2614450636942675,0,14,None,66,1,5,False,1,1
10799,174,unweighted_fl,10,0.262639331210191,0,14,None,66,1,5,False,1,1
10800,170,unweighted_fl,10,0.511046974522293,0,15,None,66,1,5,False,1,1
10801,171,unweighted_fl,10,0.506468949044586,0,15,None,66,1,5,False,1,1
10802,172,unweighted_fl,10,0.5059713375796179,0,15,None,66,1,5,False,1,1
10803,173,unweighted_fl,10,0.5058718152866242,0,15,None,66,1,5,False,1,1
10804,174,unweighted_fl,10,0.5070660828025477,0,15,None,66,1,5,False,1,1
10805,170,unweighted_fl,10,0.5577229299363057,0,16,None,66,1,5,False,1,1
10806,171,unweighted_fl,10,0.5621019108280255,0,16,None,66,1,5,False,1,1
10807,172,unweighted_fl,10,0.567078025477707,0,16,None,66,1,5,False,1,1
10808,173,unweighted_fl,10,0.5720541401273885,0,16,None,66,1,5,False,1,1
10809,174,unweighted_fl,10,0.5741441082802548,0,16,None,66,1,5,False,1,1
10810,170,unweighted_fl,10,0.4425756369426751,0,17,None,66,1,5,False,1,1
10811,171,unweighted_fl,10,0.4449641719745223,0,17,None,66,1,5,False,1,1
10812,172,unweighted_fl,10,0.4475517515923566,0,17,None,66,1,5,False,1,1
10813,173,unweighted_fl,10,0.4496417197452229,0,17,None,66,1,5,False,1,1
10814,174,unweighted_fl,10,0.4513335987261146,0,17,None,66,1,5,False,1,1
10815,170,unweighted_fl,10,0.455812101910828,0,18,None,66,1,5,False,1,1
10816,171,unweighted_fl,10,0.4571058917197452,0,18,None,66,1,5,False,1,1
10817,172,unweighted_fl,10,0.4598925159235669,0,18,None,66,1,5,False,1,1
10818,173,unweighted_fl,10,0.4615843949044586,0,18,None,66,1,5,False,1,1
10819,174,unweighted_fl,10,0.4636743630573248,0,18,None,66,1,5,False,1,1
10820,170,unweighted_fl,10,0.433718152866242,0,20,None,66,1,5,False,1,1
10821,171,unweighted_fl,10,0.4353105095541401,0,20,None,66,1,5,False,1,1
10822,172,unweighted_fl,10,0.4361066878980891,0,20,None,66,1,5,False,1,1
10823,173,unweighted_fl,10,0.4378980891719745,0,20,None,66,1,5,False,1,1
10824,174,unweighted_fl,10,0.4388933121019108,0,20,None,66,1,5,False,1,1
10825,170,unweighted_fl,10,0.3796775477707006,0,19,None,66,1,5,False,1,1
10826,171,unweighted_fl,10,0.3854498407643312,0,19,None,66,1,5,False,1,1
10827,172,unweighted_fl,10,0.3944068471337579,0,19,None,66,1,5,False,1,1
10828,173,unweighted_fl,10,0.4083399681528662,0,19,None,66,1,5,False,1,1
10829,174,unweighted_fl,10,0.4202826433121019,0,19,None,66,1,5,False,1,1
10830,170,unweighted_fl,10,0.4408837579617834,0,21,None,66,1,5,False,1,1
10831,171,unweighted_fl,10,0.442874203821656,0,21,None,66,1,5,False,1,1
10832,172,unweighted_fl,10,0.4442675159235669,0,21,None,66,1,5,False,1,1
10833,173,unweighted_fl,10,0.4444665605095541,0,21,None,66,1,5,False,1,1
10834,174,unweighted_fl,10,0.4449641719745223,0,21,None,66,1,5,False,1,1
10835,170,unweighted_fl,10,0.4351114649681528,0,22,None,66,1,5,False,1,1
10836,171,unweighted_fl,10,0.4425756369426751,0,22,None,66,1,5,False,1,1
10837,172,unweighted_fl,10,0.4483479299363057,0,22,None,66,1,5,False,1,1
10838,173,unweighted_fl,10,0.4567078025477707,0,22,None,66,1,5,False,1,1
10839,174,unweighted_fl,10,0.4672571656050955,0,22,None,66,1,5,False,1,1
10840,170,unweighted_fl,10,0.3781847133757962,0,23,None,66,1,5,False,1,1
10841,171,unweighted_fl,10,0.3801751592356688,0,23,None,66,1,5,False,1,1
10842,172,unweighted_fl,10,0.3816679936305732,0,23,None,66,1,5,False,1,1
10843,173,unweighted_fl,10,0.3831608280254777,0,23,None,66,1,5,False,1,1
10844,174,unweighted_fl,10,0.3837579617834395,0,23,None,66,1,5,False,1,1
10845,170,unweighted_fl,10,0.2872213375796178,0,24,None,66,1,5,False,1,1
10846,171,unweighted_fl,10,0.3205613057324841,0,24,None,66,1,5,False,1,1
10847,172,unweighted_fl,10,0.3338972929936306,0,24,None,66,1,5,False,1,1
10848,173,unweighted_fl,10,0.3416600318471338,0,24,None,66,1,5,False,1,1
10849,174,unweighted_fl,10,0.3467356687898089,0,24,None,66,1,5,False,1,1
10850,170,unweighted_fl,10,0.4394904458598726,0,25,None,66,1,5,False,1,1
10851,171,unweighted_fl,10,0.4495421974522293,0,25,None,66,1,5,False,1,1
10852,172,unweighted_fl,10,0.4563097133757962,0,25,None,66,1,5,False,1,1
10853,173,unweighted_fl,10,0.4600915605095541,0,25,None,66,1,5,False,1,1
10854,174,unweighted_fl,10,0.4638734076433121,0,25,None,66,1,5,False,1,1
10855,170,unweighted_fl,10,0.4003781847133758,0,26,None,66,1,5,False,1,1
10856,171,unweighted_fl,10,0.3955015923566879,0,26,None,66,1,5,False,1,1
10857,172,unweighted_fl,10,0.4022691082802547,0,26,None,66,1,5,False,1,1
10858,173,unweighted_fl,10,0.4143113057324841,0,26,None,66,1,5,False,1,1
10859,174,unweighted_fl,10,0.4284434713375796,0,26,None,66,1,5,False,1,1
10860,170,unweighted_fl,10,0.4415804140127388,0,27,None,66,1,5,False,1,1
10861,171,unweighted_fl,10,0.4517316878980891,0,27,None,66,1,5,False,1,1
10862,172,unweighted_fl,10,0.4592953821656051,0,27,None,66,1,5,False,1,1
10863,173,unweighted_fl,10,0.4656648089171974,0,27,None,66,1,5,False,1,1
10864,174,unweighted_fl,10,0.4732285031847134,0,27,None,66,1,5,False,1,1
10865,170,unweighted_fl,10,0.3698248407643312,0,28,None,66,1,5,False,1,1
10866,171,unweighted_fl,10,0.3730095541401274,0,28,None,66,1,5,False,1,1
10867,172,unweighted_fl,10,0.375796178343949,0,28,None,66,1,5,False,1,1
10868,173,unweighted_fl,10,0.3798765923566879,0,28,None,66,1,5,False,1,1
10869,174,unweighted_fl,10,0.3824641719745223,0,28,None,66,1,5,False,1,1
10870,170,unweighted_fl,10,0.3604697452229299,0,29,None,66,1,5,False,1,1
10871,171,unweighted_fl,10,0.3604697452229299,0,29,None,66,1,5,False,1,1
10872,172,unweighted_fl,10,0.3764928343949044,0,29,None,66,1,5,False,1,1
10873,173,unweighted_fl,10,0.3817675159235669,0,29,None,66,1,5,False,1,1
10874,174,unweighted_fl,10,0.3863455414012738,0,29,None,66,1,5,False,1,1
10875,170,unweighted_fl,10,0.4518312101910828,0,30,None,66,1,5,False,1,1
10876,171,unweighted_fl,10,0.4533240445859872,0,30,None,66,1,5,False,1,1
10877,172,unweighted_fl,10,0.4541202229299363,0,30,None,66,1,5,False,1,1
10878,173,unweighted_fl,10,0.4536226114649681,0,30,None,66,1,5,False,1,1
10879,174,unweighted_fl,10,0.4543192675159235,0,30,None,66,1,5,False,1,1
10880,170,unweighted_fl,10,0.3825636942675159,0,31,None,66,1,5,False,1,1
10881,171,unweighted_fl,10,0.3905254777070063,0,31,None,66,1,5,False,1,1
10882,172,unweighted_fl,10,0.3935111464968153,0,31,None,66,1,5,False,1,1
10883,173,unweighted_fl,10,0.3961982484076433,0,31,None,66,1,5,False,1,1
10884,174,unweighted_fl,10,0.3975915605095541,0,31,None,66,1,5,False,1,1
10885,170,unweighted_fl,10,0.4320262738853503,0,32,None,66,1,5,False,1,1
10886,171,unweighted_fl,10,0.434514331210191,0,32,None,66,1,5,False,1,1
10887,172,unweighted_fl,10,0.4361066878980891,0,32,None,66,1,5,False,1,1
10888,173,unweighted_fl,10,0.4367038216560509,0,32,None,66,1,5,False,1,1
10889,174,unweighted_fl,10,0.438296178343949,0,32,None,66,1,5,False,1,1
10890,175,unweighted_fl,10,0.3826632165605095,0,0,None,66,1,5,False,1,1
10891,176,unweighted_fl,10,0.3879378980891719,0,0,None,66,1,5,False,1,1
10892,177,unweighted_fl,10,0.3996815286624204,0,0,None,66,1,5,False,1,1
10893,178,unweighted_fl,10,0.418889331210191,0,0,None,66,1,5,False,1,1
10894,179,unweighted_fl,10,0.4359076433121019,0,0,None,66,1,5,False,1,1
10895,175,unweighted_fl,10,0.4739251592356688,0,1,None,66,1,5,False,1,1
10896,176,unweighted_fl,10,0.4740246815286624,0,1,None,66,1,5,False,1,1
10897,177,unweighted_fl,10,0.477906050955414,0,1,None,66,1,5,False,1,1
10898,178,unweighted_fl,10,0.4791003184713376,0,1,None,66,1,5,False,1,1
10899,179,unweighted_fl,10,0.4831807324840764,0,1,None,66,1,5,False,1,1
10900,175,unweighted_fl,10,0.4178941082802547,0,2,None,66,1,5,False,1,1
10901,176,unweighted_fl,10,0.4027667197452229,0,2,None,66,1,5,False,1,1
10902,177,unweighted_fl,10,0.4170979299363057,0,2,None,66,1,5,False,1,1
10903,178,unweighted_fl,10,0.4286425159235669,0,2,None,66,1,5,False,1,1
10904,179,unweighted_fl,10,0.4347133757961783,0,2,None,66,1,5,False,1,1
10905,175,unweighted_fl,10,0.4839769108280254,0,3,None,66,1,5,False,1,1
10906,176,unweighted_fl,10,0.4938296178343949,0,3,None,66,1,5,False,1,1
10907,177,unweighted_fl,10,0.4997014331210191,0,3,None,66,1,5,False,1,1
10908,178,unweighted_fl,10,0.5035828025477707,0,3,None,66,1,5,False,1,1
10909,179,unweighted_fl,10,0.5059713375796179,0,3,None,66,1,5,False,1,1
10910,175,unweighted_fl,10,0.3755971337579618,0,4,None,66,1,5,False,1,1
10911,176,unweighted_fl,10,0.376890923566879,0,4,None,66,1,5,False,1,1
10912,177,unweighted_fl,10,0.377687101910828,0,4,None,66,1,5,False,1,1
10913,178,unweighted_fl,10,0.3781847133757962,0,4,None,66,1,5,False,1,1
10914,179,unweighted_fl,10,0.3788813694267516,0,4,None,66,1,5,False,1,1
10915,175,unweighted_fl,10,0.4483479299363057,0,5,None,66,1,5,False,1,1
10916,176,unweighted_fl,10,0.4464570063694267,0,5,None,66,1,5,False,1,1
10917,177,unweighted_fl,10,0.4467555732484076,0,5,None,66,1,5,False,1,1
10918,178,unweighted_fl,10,0.446656050955414,0,5,None,66,1,5,False,1,1
10919,179,unweighted_fl,10,0.4480493630573248,0,5,None,66,1,5,False,1,1
10920,175,unweighted_fl,10,0.4468550955414013,0,6,None,66,1,5,False,1,1
10921,176,unweighted_fl,10,0.4471536624203822,0,6,None,66,1,5,False,1,1
10922,177,unweighted_fl,10,0.4473527070063694,0,6,None,66,1,5,False,1,1
10923,178,unweighted_fl,10,0.4476512738853503,0,6,None,66,1,5,False,1,1
10924,179,unweighted_fl,10,0.4481488853503185,0,6,None,66,1,5,False,1,1
10925,175,unweighted_fl,10,0.4616839171974522,0,7,None,66,1,5,False,1,1
10926,176,unweighted_fl,10,0.4675557324840764,0,7,None,66,1,5,False,1,1
10927,177,unweighted_fl,10,0.4783041401273885,0,7,None,66,1,5,False,1,1
10928,178,unweighted_fl,10,0.4974124203821656,0,7,None,66,1,5,False,1,1
10929,179,unweighted_fl,10,0.513734076433121,0,7,None,66,1,5,False,1,1
10930,175,unweighted_fl,10,0.4407842356687898,0,8,None,66,1,5,False,1,1
10931,176,unweighted_fl,10,0.4411823248407643,0,8,None,66,1,5,False,1,1
10932,177,unweighted_fl,10,0.4427746815286624,0,8,None,66,1,5,False,1,1
10933,178,unweighted_fl,10,0.4429737261146497,0,8,None,66,1,5,False,1,1
10934,179,unweighted_fl,10,0.4454617834394904,0,8,None,66,1,5,False,1,1
10935,175,unweighted_fl,10,0.4189888535031847,0,9,None,66,1,5,False,1,1
10936,176,unweighted_fl,10,0.4220740445859872,0,9,None,66,1,5,False,1,1
10937,177,unweighted_fl,10,0.4250597133757962,0,9,None,66,1,5,False,1,1
10938,178,unweighted_fl,10,0.4261544585987261,0,9,None,66,1,5,False,1,1
10939,179,unweighted_fl,10,0.4282444267515923,0,9,None,66,1,5,False,1,1
10940,175,unweighted_fl,10,0.4362062101910828,0,10,None,66,1,5,False,1,1
10941,176,unweighted_fl,10,0.4402866242038216,0,10,None,66,1,5,False,1,1
10942,177,unweighted_fl,10,0.4430732484076433,0,10,None,66,1,5,False,1,1
10943,178,unweighted_fl,10,0.4457603503184713,0,10,None,66,1,5,False,1,1
10944,179,unweighted_fl,10,0.446656050955414,0,10,None,66,1,5,False,1,1
10945,175,unweighted_fl,10,0.4166003184713376,0,11,None,66,1,5,False,1,1
10946,176,unweighted_fl,10,0.4223726114649681,0,11,None,66,1,5,False,1,1
10947,177,unweighted_fl,10,0.423765923566879,0,11,None,66,1,5,False,1,1
10948,178,unweighted_fl,10,0.4246616242038216,0,11,None,66,1,5,False,1,1
10949,179,unweighted_fl,10,0.4262539808917197,0,11,None,66,1,5,False,1,1
10950,175,unweighted_fl,10,0.5007961783439491,0,12,None,66,1,5,False,1,1
10951,176,unweighted_fl,10,0.4921377388535032,0,12,None,66,1,5,False,1,1
10952,177,unweighted_fl,10,0.4937300955414013,0,12,None,66,1,5,False,1,1
10953,178,unweighted_fl,10,0.4964171974522293,0,12,None,66,1,5,False,1,1
10954,179,unweighted_fl,10,0.4987062101910828,0,12,None,66,1,5,False,1,1
10955,175,unweighted_fl,10,0.5016918789808917,0,13,None,66,1,5,False,1,1
10956,176,unweighted_fl,10,0.5030851910828026,0,13,None,66,1,5,False,1,1
10957,177,unweighted_fl,10,0.5038813694267515,0,13,None,66,1,5,False,1,1
10958,178,unweighted_fl,10,0.5047770700636943,0,13,None,66,1,5,False,1,1
10959,179,unweighted_fl,10,0.5054737261146497,0,13,None,66,1,5,False,1,1
10960,175,unweighted_fl,10,0.2576632165605095,0,14,None,66,1,5,False,1,1
10961,176,unweighted_fl,10,0.2596536624203822,0,14,None,66,1,5,False,1,1
10962,177,unweighted_fl,10,0.2609474522292994,0,14,None,66,1,5,False,1,1
10963,178,unweighted_fl,10,0.261843152866242,0,14,None,66,1,5,False,1,1
10964,179,unweighted_fl,10,0.2625398089171974,0,14,None,66,1,5,False,1,1
10965,175,unweighted_fl,10,0.5740445859872612,0,16,None,66,1,5,False,1,1
10966,176,unweighted_fl,10,0.5764331210191083,0,16,None,66,1,5,False,1,1
10967,177,unweighted_fl,10,0.5807125796178344,0,16,None,66,1,5,False,1,1
10968,178,unweighted_fl,10,0.5814092356687898,0,16,None,66,1,5,False,1,1
10969,179,unweighted_fl,10,0.5824044585987261,0,16,None,66,1,5,False,1,1
10970,175,unweighted_fl,10,0.506468949044586,0,15,None,66,1,5,False,1,1
10971,176,unweighted_fl,10,0.5029856687898089,0,15,None,66,1,5,False,1,1
10972,177,unweighted_fl,10,0.5039808917197452,0,15,None,66,1,5,False,1,1
10973,178,unweighted_fl,10,0.5051751592356688,0,15,None,66,1,5,False,1,1
10974,179,unweighted_fl,10,0.5065684713375797,0,15,None,66,1,5,False,1,1
10975,175,unweighted_fl,10,0.4489450636942675,0,17,None,66,1,5,False,1,1
10976,176,unweighted_fl,10,0.4507364649681528,0,17,None,66,1,5,False,1,1
10977,177,unweighted_fl,10,0.4541202229299363,0,17,None,66,1,5,False,1,1
10978,178,unweighted_fl,10,0.4565087579617834,0,17,None,66,1,5,False,1,1
10979,179,unweighted_fl,10,0.4587977707006369,0,17,None,66,1,5,False,1,1
10980,175,unweighted_fl,10,0.4638734076433121,0,18,None,66,1,5,False,1,1
10981,176,unweighted_fl,10,0.464968152866242,0,18,None,66,1,5,False,1,1
10982,177,unweighted_fl,10,0.4662619426751592,0,18,None,66,1,5,False,1,1
10983,178,unweighted_fl,10,0.4675557324840764,0,18,None,66,1,5,False,1,1
10984,179,unweighted_fl,10,0.4693471337579618,0,18,None,66,1,5,False,1,1
10985,175,unweighted_fl,10,0.4394904458598726,0,20,None,66,1,5,False,1,1
10986,176,unweighted_fl,10,0.4407842356687898,0,20,None,66,1,5,False,1,1
10987,177,unweighted_fl,10,0.4414808917197452,0,20,None,66,1,5,False,1,1
10988,178,unweighted_fl,10,0.4431727707006369,0,20,None,66,1,5,False,1,1
10989,179,unweighted_fl,10,0.4444665605095541,0,20,None,66,1,5,False,1,1
10990,175,unweighted_fl,10,0.3865445859872611,0,19,None,66,1,5,False,1,1
10991,176,unweighted_fl,10,0.3957006369426751,0,19,None,66,1,5,False,1,1
10992,177,unweighted_fl,10,0.4111265923566879,0,19,None,66,1,5,False,1,1
10993,178,unweighted_fl,10,0.4243630573248407,0,19,None,66,1,5,False,1,1
10994,179,unweighted_fl,10,0.4362062101910828,0,19,None,66,1,5,False,1,1
10995,175,unweighted_fl,10,0.4469546178343949,0,21,None,66,1,5,False,1,1
10996,176,unweighted_fl,10,0.4483479299363057,0,21,None,66,1,5,False,1,1
10997,177,unweighted_fl,10,0.4477507961783439,0,21,None,66,1,5,False,1,1
10998,178,unweighted_fl,10,0.4480493630573248,0,21,None,66,1,5,False,1,1
10999,179,unweighted_fl,10,0.4477507961783439,0,21,None,66,1,5,False,1,1
11000,175,unweighted_fl,10,0.4508359872611465,0,22,None,66,1,5,False,1,1
11001,176,unweighted_fl,10,0.4582006369426751,0,22,None,66,1,5,False,1,1
11002,177,unweighted_fl,10,0.4681528662420382,0,22,None,66,1,5,False,1,1
11003,178,unweighted_fl,10,0.4800955414012738,0,22,None,66,1,5,False,1,1
11004,179,unweighted_fl,10,0.4890525477707006,0,22,None,66,1,5,False,1,1
11005,175,unweighted_fl,10,0.3266321656050955,0,24,None,66,1,5,False,1,1
11006,176,unweighted_fl,10,0.3393710191082802,0,24,None,66,1,5,False,1,1
11007,177,unweighted_fl,10,0.3458399681528662,0,24,None,66,1,5,False,1,1
11008,178,unweighted_fl,10,0.350218949044586,0,24,None,66,1,5,False,1,1
11009,179,unweighted_fl,10,0.3526074840764331,0,24,None,66,1,5,False,1,1
11010,175,unweighted_fl,10,0.3905254777070063,0,23,None,66,1,5,False,1,1
11011,176,unweighted_fl,10,0.3915207006369426,0,23,None,66,1,5,False,1,1
11012,177,unweighted_fl,10,0.3926154458598726,0,23,None,66,1,5,False,1,1
11013,178,unweighted_fl,10,0.3930135350318471,0,23,None,66,1,5,False,1,1
11014,179,unweighted_fl,10,0.3924164012738853,0,23,None,66,1,5,False,1,1
11015,175,unweighted_fl,10,0.4661624203821656,0,25,None,66,1,5,False,1,1
11016,176,unweighted_fl,10,0.4726313694267516,0,25,None,66,1,5,False,1,1
11017,177,unweighted_fl,10,0.4762141719745223,0,25,None,66,1,5,False,1,1
11018,178,unweighted_fl,10,0.4794984076433121,0,25,None,66,1,5,False,1,1
11019,179,unweighted_fl,10,0.4823845541401274,0,25,None,66,1,5,False,1,1
11020,175,unweighted_fl,10,0.4250597133757962,0,26,None,66,1,5,False,1,1
11021,176,unweighted_fl,10,0.4258558917197452,0,26,None,66,1,5,False,1,1
11022,177,unweighted_fl,10,0.4369028662420382,0,26,None,66,1,5,False,1,1
11023,178,unweighted_fl,10,0.4505374203821656,0,26,None,66,1,5,False,1,1
11024,179,unweighted_fl,10,0.4623805732484076,0,26,None,66,1,5,False,1,1
11025,175,unweighted_fl,10,0.4756170382165605,0,27,None,66,1,5,False,1,1
11026,176,unweighted_fl,10,0.4812898089171974,0,27,None,66,1,5,False,1,1
11027,177,unweighted_fl,10,0.487062101910828,0,27,None,66,1,5,False,1,1
11028,178,unweighted_fl,10,0.4917396496815286,0,27,None,66,1,5,False,1,1
11029,179,unweighted_fl,10,0.496218152866242,0,27,None,66,1,5,False,1,1
11030,175,unweighted_fl,10,0.3758957006369426,0,28,None,66,1,5,False,1,1
11031,176,unweighted_fl,10,0.3782842356687898,0,28,None,66,1,5,False,1,1
11032,177,unweighted_fl,10,0.3825636942675159,0,28,None,66,1,5,False,1,1
11033,178,unweighted_fl,10,0.3855493630573248,0,28,None,66,1,5,False,1,1
11034,179,unweighted_fl,10,0.3878383757961783,0,28,None,66,1,5,False,1,1
11035,175,unweighted_fl,10,0.3679339171974522,0,29,None,66,1,5,False,1,1
11036,176,unweighted_fl,10,0.3763933121019108,0,29,None,66,1,5,False,1,1
11037,177,unweighted_fl,10,0.3915207006369426,0,29,None,66,1,5,False,1,1
11038,178,unweighted_fl,10,0.3945063694267516,0,29,None,66,1,5,False,1,1
11039,179,unweighted_fl,10,0.3976910828025478,0,29,None,66,1,5,False,1,1
11040,175,unweighted_fl,10,0.4571058917197452,0,30,None,66,1,5,False,1,1
11041,176,unweighted_fl,10,0.456608280254777,0,30,None,66,1,5,False,1,1
11042,177,unweighted_fl,10,0.4579020700636942,0,30,None,66,1,5,False,1,1
11043,178,unweighted_fl,10,0.4581011146496815,0,30,None,66,1,5,False,1,1
11044,179,unweighted_fl,10,0.4588972929936306,0,30,None,66,1,5,False,1,1
11045,175,unweighted_fl,10,0.3840565286624204,0,31,None,66,1,5,False,1,1
11046,176,unweighted_fl,10,0.3883359872611465,0,31,None,66,1,5,False,1,1
11047,177,unweighted_fl,10,0.3917197452229299,0,31,None,66,1,5,False,1,1
11048,178,unweighted_fl,10,0.3949044585987261,0,31,None,66,1,5,False,1,1
11049,179,unweighted_fl,10,0.3976910828025478,0,31,None,66,1,5,False,1,1
11050,175,unweighted_fl,10,0.4350119426751592,0,32,None,66,1,5,False,1,1
11051,176,unweighted_fl,10,0.4374004777070063,0,32,None,66,1,5,False,1,1
11052,177,unweighted_fl,10,0.4388933121019108,0,32,None,66,1,5,False,1,1
11053,178,unweighted_fl,10,0.4395899681528662,0,32,None,66,1,5,False,1,1
11054,179,unweighted_fl,10,0.4406847133757962,0,32,None,66,1,5,False,1,1
12870,180,unweighted_fl,10,0.3998805732484076,0,0,None,66,1,5,False,1,1
12871,181,unweighted_fl,10,0.411624203821656,0,0,None,66,1,5,False,1,1
12872,182,unweighted_fl,10,0.4309315286624204,0,0,None,66,1,5,False,1,1
12873,183,unweighted_fl,10,0.4476512738853503,0,0,None,66,1,5,False,1,1
12874,184,unweighted_fl,10,0.4590963375796178,0,0,None,66,1,5,False,1,1
12875,180,unweighted_fl,10,0.4655652866242038,0,1,None,66,1,5,False,1,1
12876,181,unweighted_fl,10,0.4677547770700637,0,1,None,66,1,5,False,1,1
12877,182,unweighted_fl,10,0.4759156050955414,0,1,None,66,1,5,False,1,1
12878,183,unweighted_fl,10,0.4835788216560509,0,1,None,66,1,5,False,1,1
12879,184,unweighted_fl,10,0.4847730891719745,0,1,None,66,1,5,False,1,1
12880,180,unweighted_fl,10,0.4394904458598726,0,2,None,66,1,5,False,1,1
12881,181,unweighted_fl,10,0.4252587579617834,0,2,None,66,1,5,False,1,1
12882,182,unweighted_fl,10,0.4339171974522293,0,2,None,66,1,5,False,1,1
12883,183,unweighted_fl,10,0.4383957006369426,0,2,None,66,1,5,False,1,1
12884,184,unweighted_fl,10,0.440983280254777,0,2,None,66,1,5,False,1,1
12885,180,unweighted_fl,10,0.3764928343949044,0,4,None,66,1,5,False,1,1
12886,181,unweighted_fl,10,0.3774880573248407,0,4,None,66,1,5,False,1,1
12887,182,unweighted_fl,10,0.3782842356687898,0,4,None,66,1,5,False,1,1
12888,183,unweighted_fl,10,0.3790804140127388,0,4,None,66,1,5,False,1,1
12889,184,unweighted_fl,10,0.3796775477707006,0,4,None,66,1,5,False,1,1
12890,180,unweighted_fl,10,0.4912420382165605,0,3,None,66,1,5,False,1,1
12891,181,unweighted_fl,10,0.4984076433121019,0,3,None,66,1,5,False,1,1
12892,182,unweighted_fl,10,0.5036823248407644,0,3,None,66,1,5,False,1,1
12893,183,unweighted_fl,10,0.5066679936305732,0,3,None,66,1,5,False,1,1
12894,184,unweighted_fl,10,0.5097531847133758,0,3,None,66,1,5,False,1,1
12895,180,unweighted_fl,10,0.4563097133757962,0,5,None,66,1,5,False,1,1
12896,181,unweighted_fl,10,0.4549164012738853,0,5,None,66,1,5,False,1,1
12897,182,unweighted_fl,10,0.4560111464968153,0,5,None,66,1,5,False,1,1
12898,183,unweighted_fl,10,0.4563097133757962,0,5,None,66,1,5,False,1,1
12899,184,unweighted_fl,10,0.4561106687898089,0,5,None,66,1,5,False,1,1
12900,180,unweighted_fl,10,0.4497412420382166,0,6,None,66,1,5,False,1,1
12901,181,unweighted_fl,10,0.4497412420382166,0,6,None,66,1,5,False,1,1
12902,182,unweighted_fl,10,0.4504378980891719,0,6,None,66,1,5,False,1,1
12903,183,unweighted_fl,10,0.4508359872611465,0,6,None,66,1,5,False,1,1
12904,184,unweighted_fl,10,0.4514331210191082,0,6,None,66,1,5,False,1,1
12905,180,unweighted_fl,10,0.4756170382165605,0,7,None,66,1,5,False,1,1
12906,181,unweighted_fl,10,0.4874601910828025,0,7,None,66,1,5,False,1,1
12907,182,unweighted_fl,10,0.5065684713375797,0,7,None,66,1,5,False,1,1
12908,183,unweighted_fl,10,0.5217953821656051,0,7,None,66,1,5,False,1,1
12909,184,unweighted_fl,10,0.5326433121019108,0,7,None,66,1,5,False,1,1
12910,180,unweighted_fl,10,0.4450636942675159,0,8,None,66,1,5,False,1,1
12911,181,unweighted_fl,10,0.4453622611464968,0,8,None,66,1,5,False,1,1
12912,182,unweighted_fl,10,0.447452229299363,0,8,None,66,1,5,False,1,1
12913,183,unweighted_fl,10,0.4478503184713376,0,8,None,66,1,5,False,1,1
12914,184,unweighted_fl,10,0.448546974522293,0,8,None,66,1,5,False,1,1
12915,180,unweighted_fl,10,0.4251592356687898,0,9,None,66,1,5,False,1,1
12916,181,unweighted_fl,10,0.4275477707006369,0,9,None,66,1,5,False,1,1
12917,182,unweighted_fl,10,0.4290406050955414,0,9,None,66,1,5,False,1,1
12918,183,unweighted_fl,10,0.4297372611464968,0,9,None,66,1,5,False,1,1
12919,184,unweighted_fl,10,0.4306329617834395,0,9,None,66,1,5,False,1,1
12920,180,unweighted_fl,10,0.4328224522292994,0,11,None,66,1,5,False,1,1
12921,181,unweighted_fl,10,0.4369028662420382,0,11,None,66,1,5,False,1,1
12922,182,unweighted_fl,10,0.4385947452229299,0,11,None,66,1,5,False,1,1
12923,183,unweighted_fl,10,0.4399880573248407,0,11,None,66,1,5,False,1,1
12924,184,unweighted_fl,10,0.4407842356687898,0,11,None,66,1,5,False,1,1
12925,180,unweighted_fl,10,0.442874203821656,0,10,None,66,1,5,False,1,1
12926,181,unweighted_fl,10,0.4463574840764331,0,10,None,66,1,5,False,1,1
12927,182,unweighted_fl,10,0.4479498407643312,0,10,None,66,1,5,False,1,1
12928,183,unweighted_fl,10,0.4502388535031847,0,10,None,66,1,5,False,1,1
12929,184,unweighted_fl,10,0.4535230891719745,0,10,None,66,1,5,False,1,1
12930,180,unweighted_fl,10,0.5070660828025477,0,12,None,66,1,5,False,1,1
12931,181,unweighted_fl,10,0.503781847133758,0,12,None,66,1,5,False,1,1
12932,182,unweighted_fl,10,0.5057722929936306,0,12,None,66,1,5,False,1,1
12933,183,unweighted_fl,10,0.5067675159235668,0,12,None,66,1,5,False,1,1
12934,184,unweighted_fl,10,0.5096536624203821,0,12,None,66,1,5,False,1,1
12935,180,unweighted_fl,10,0.2648288216560509,0,14,None,66,1,5,False,1,1
12936,181,unweighted_fl,10,0.2603503184713376,0,14,None,66,1,5,False,1,1
12937,182,unweighted_fl,10,0.2609474522292994,0,14,None,66,1,5,False,1,1
12938,183,unweighted_fl,10,0.2617436305732484,0,14,None,66,1,5,False,1,1
12939,184,unweighted_fl,10,0.2625398089171974,0,14,None,66,1,5,False,1,1
12940,180,unweighted_fl,10,0.5095541401273885,0,13,None,66,1,5,False,1,1
12941,181,unweighted_fl,10,0.5092555732484076,0,13,None,66,1,5,False,1,1
12942,182,unweighted_fl,10,0.5098527070063694,0,13,None,66,1,5,False,1,1
12943,183,unweighted_fl,10,0.511046974522293,0,13,None,66,1,5,False,1,1
12944,184,unweighted_fl,10,0.5124402866242038,0,13,None,66,1,5,False,1,1
12945,180,unweighted_fl,10,0.5048765923566879,0,15,None,66,1,5,False,1,1
12946,181,unweighted_fl,10,0.5044785031847133,0,15,None,66,1,5,False,1,1
12947,182,unweighted_fl,10,0.5054737261146497,0,15,None,66,1,5,False,1,1
12948,183,unweighted_fl,10,0.5066679936305732,0,15,None,66,1,5,False,1,1
12949,184,unweighted_fl,10,0.5084593949044586,0,15,None,66,1,5,False,1,1
12950,180,unweighted_fl,10,0.5823049363057324,0,16,None,66,1,5,False,1,1
12951,181,unweighted_fl,10,0.5851910828025477,0,16,None,66,1,5,False,1,1
12952,182,unweighted_fl,10,0.5875796178343949,0,16,None,66,1,5,False,1,1
12953,183,unweighted_fl,10,0.5887738853503185,0,16,None,66,1,5,False,1,1
12954,184,unweighted_fl,10,0.5906648089171974,0,16,None,66,1,5,False,1,1
12955,180,unweighted_fl,10,0.4559116242038216,0,17,None,66,1,5,False,1,1
12956,181,unweighted_fl,10,0.4580015923566879,0,17,None,66,1,5,False,1,1
12957,182,unweighted_fl,10,0.4598925159235669,0,17,None,66,1,5,False,1,1
12958,183,unweighted_fl,10,0.4625796178343949,0,17,None,66,1,5,False,1,1
12959,184,unweighted_fl,10,0.4653662420382166,0,17,None,66,1,5,False,1,1
12960,180,unweighted_fl,10,0.4696457006369426,0,18,None,66,1,5,False,1,1
12961,181,unweighted_fl,10,0.4708399681528662,0,18,None,66,1,5,False,1,1
12962,182,unweighted_fl,10,0.4729299363057325,0,18,None,66,1,5,False,1,1
12963,183,unweighted_fl,10,0.4737261146496815,0,18,None,66,1,5,False,1,1
12964,184,unweighted_fl,10,0.4756170382165605,0,18,None,66,1,5,False,1,1
12965,180,unweighted_fl,10,0.4003781847133758,0,19,None,66,1,5,False,1,1
12966,181,unweighted_fl,10,0.4158041401273885,0,19,None,66,1,5,False,1,1
12967,182,unweighted_fl,10,0.4288415605095541,0,19,None,66,1,5,False,1,1
12968,183,unweighted_fl,10,0.4400875796178344,0,19,None,66,1,5,False,1,1
12969,184,unweighted_fl,10,0.4453622611464968,0,19,None,66,1,5,False,1,1
12970,180,unweighted_fl,10,0.4454617834394904,0,20,None,66,1,5,False,1,1
12971,181,unweighted_fl,10,0.4452627388535032,0,20,None,66,1,5,False,1,1
12972,182,unweighted_fl,10,0.4470541401273885,0,20,None,66,1,5,False,1,1
12973,183,unweighted_fl,10,0.4479498407643312,0,20,None,66,1,5,False,1,1
12974,184,unweighted_fl,10,0.4489450636942675,0,20,None,66,1,5,False,1,1
12975,180,unweighted_fl,10,0.451234076433121,0,21,None,66,1,5,False,1,1
12976,181,unweighted_fl,10,0.4524283439490446,0,21,None,66,1,5,False,1,1
12977,182,unweighted_fl,10,0.4521297770700637,0,21,None,66,1,5,False,1,1
12978,183,unweighted_fl,10,0.4519307324840764,0,21,None,66,1,5,False,1,1
12979,184,unweighted_fl,10,0.45203025477707,0,21,None,66,1,5,False,1,1
12980,180,unweighted_fl,10,0.4744227707006369,0,22,None,66,1,5,False,1,1
12981,181,unweighted_fl,10,0.4823845541401274,0,22,None,66,1,5,False,1,1
12982,182,unweighted_fl,10,0.4911425159235669,0,22,None,66,1,5,False,1,1
12983,183,unweighted_fl,10,0.5013933121019108,0,22,None,66,1,5,False,1,1
12984,184,unweighted_fl,10,0.5108479299363057,0,22,None,66,1,5,False,1,1
12985,180,unweighted_fl,10,0.3983877388535032,0,23,None,66,1,5,False,1,1
12986,181,unweighted_fl,10,0.3994824840764331,0,23,None,66,1,5,False,1,1
12987,182,unweighted_fl,10,0.4017714968152866,0,23,None,66,1,5,False,1,1
12988,183,unweighted_fl,10,0.4006767515923566,0,23,None,66,1,5,False,1,1
12989,184,unweighted_fl,10,0.3999800955414013,0,23,None,66,1,5,False,1,1
12990,180,unweighted_fl,10,0.3414609872611465,0,24,None,66,1,5,False,1,1
12991,181,unweighted_fl,10,0.3482285031847134,0,24,None,66,1,5,False,1,1
12992,182,unweighted_fl,10,0.3526074840764331,0,24,None,66,1,5,False,1,1
12993,183,unweighted_fl,10,0.3559912420382166,0,24,None,66,1,5,False,1,1
12994,184,unweighted_fl,10,0.3576831210191082,0,24,None,66,1,5,False,1,1
12995,180,unweighted_fl,10,0.4788017515923566,0,25,None,66,1,5,False,1,1
12996,181,unweighted_fl,10,0.4846735668789809,0,25,None,66,1,5,False,1,1
12997,182,unweighted_fl,10,0.4872611464968153,0,25,None,66,1,5,False,1,1
12998,183,unweighted_fl,10,0.4902468152866242,0,25,None,66,1,5,False,1,1
12999,184,unweighted_fl,10,0.4925358280254777,0,25,None,66,1,5,False,1,1
13000,180,unweighted_fl,10,0.494327229299363,0,27,None,66,1,5,False,1,1
13001,181,unweighted_fl,10,0.4999004777070063,0,27,None,66,1,5,False,1,1
13002,182,unweighted_fl,10,0.5051751592356688,0,27,None,66,1,5,False,1,1
13003,183,unweighted_fl,10,0.5100517515923567,0,27,None,66,1,5,False,1,1
13004,184,unweighted_fl,10,0.5158240445859873,0,27,None,66,1,5,False,1,1
13005,180,unweighted_fl,10,0.4478503184713376,0,26,None,66,1,5,False,1,1
13006,181,unweighted_fl,10,0.4589968152866242,0,26,None,66,1,5,False,1,1
13007,182,unweighted_fl,10,0.4721337579617834,0,26,None,66,1,5,False,1,1
13008,183,unweighted_fl,10,0.4829816878980891,0,26,None,66,1,5,False,1,1
13009,184,unweighted_fl,10,0.4891520700636942,0,26,None,66,1,5,False,1,1
13010,180,unweighted_fl,10,0.3818670382165605,0,28,None,66,1,5,False,1,1
13011,181,unweighted_fl,10,0.3861464968152866,0,28,None,66,1,5,False,1,1
13012,182,unweighted_fl,10,0.3881369426751592,0,28,None,66,1,5,False,1,1
13013,183,unweighted_fl,10,0.3902269108280254,0,28,None,66,1,5,False,1,1
13014,184,unweighted_fl,10,0.3921178343949044,0,28,None,66,1,5,False,1,1
13015,180,unweighted_fl,10,0.4594944267515923,0,30,None,66,1,5,False,1,1
13016,181,unweighted_fl,10,0.4602906050955414,0,30,None,66,1,5,False,1,1
13017,182,unweighted_fl,10,0.461484872611465,0,30,None,66,1,5,False,1,1
13018,183,unweighted_fl,10,0.4616839171974522,0,30,None,66,1,5,False,1,1
13019,184,unweighted_fl,10,0.4625796178343949,0,30,None,66,1,5,False,1,1
13020,180,unweighted_fl,10,0.3767914012738853,0,29,None,66,1,5,False,1,1
13021,181,unweighted_fl,10,0.3896297770700637,0,29,None,66,1,5,False,1,1
13022,182,unweighted_fl,10,0.4002786624203822,0,29,None,66,1,5,False,1,1
13023,183,unweighted_fl,10,0.4055533439490446,0,29,None,66,1,5,False,1,1
13024,184,unweighted_fl,10,0.4077428343949044,0,29,None,66,1,5,False,1,1
13025,180,unweighted_fl,10,0.3856488853503185,0,31,None,66,1,5,False,1,1
13026,181,unweighted_fl,10,0.388734076433121,0,31,None,66,1,5,False,1,1
13027,182,unweighted_fl,10,0.3923168789808917,0,31,None,66,1,5,False,1,1
13028,183,unweighted_fl,10,0.3963972929936306,0,31,None,66,1,5,False,1,1
13029,184,unweighted_fl,10,0.3993829617834395,0,31,None,66,1,5,False,1,1
13030,180,unweighted_fl,10,0.4375,0,32,None,66,1,5,False,1,1
13031,181,unweighted_fl,10,0.4392914012738853,0,32,None,66,1,5,False,1,1
13032,182,unweighted_fl,10,0.440983280254777,0,32,None,66,1,5,False,1,1
13033,183,unweighted_fl,10,0.4418789808917197,0,32,None,66,1,5,False,1,1
13034,184,unweighted_fl,10,0.4422770700636942,0,32,None,66,1,5,False,1,1
13035,185,unweighted_fl,10,0.4280453821656051,0,0,None,66,1,5,False,1,1
13036,186,unweighted_fl,10,0.4435708598726114,0,0,None,66,1,5,False,1,1
13037,187,unweighted_fl,10,0.4579020700636942,0,0,None,66,1,5,False,1,1
13038,188,unweighted_fl,10,0.4670581210191082,0,0,None,66,1,5,False,1,1
13039,189,unweighted_fl,10,0.4730294585987261,0,0,None,66,1,5,False,1,1
13040,185,unweighted_fl,10,0.4653662420382166,0,1,None,66,1,5,False,1,1
13041,186,unweighted_fl,10,0.4740246815286624,0,1,None,66,1,5,False,1,1
13042,187,unweighted_fl,10,0.4827826433121019,0,1,None,66,1,5,False,1,1
13043,188,unweighted_fl,10,0.487062101910828,0,1,None,66,1,5,False,1,1
13044,189,unweighted_fl,10,0.4986066878980891,0,1,None,66,1,5,False,1,1
13045,185,unweighted_fl,10,0.4613853503184713,0,2,None,66,1,5,False,1,1
13046,186,unweighted_fl,10,0.439390923566879,0,2,None,66,1,5,False,1,1
13047,187,unweighted_fl,10,0.4427746815286624,0,2,None,66,1,5,False,1,1
13048,188,unweighted_fl,10,0.4442675159235669,0,2,None,66,1,5,False,1,1
13049,189,unweighted_fl,10,0.4445660828025478,0,2,None,66,1,5,False,1,1
13050,185,unweighted_fl,10,0.4953224522292994,0,3,None,66,1,5,False,1,1
13051,186,unweighted_fl,10,0.5022890127388535,0,3,None,66,1,5,False,1,1
13052,187,unweighted_fl,10,0.5079617834394905,0,3,None,66,1,5,False,1,1
13053,188,unweighted_fl,10,0.5112460191082803,0,3,None,66,1,5,False,1,1
13054,189,unweighted_fl,10,0.5143312101910829,0,3,None,66,1,5,False,1,1
13055,185,unweighted_fl,10,0.3767914012738853,0,4,None,66,1,5,False,1,1
13056,186,unweighted_fl,10,0.3782842356687898,0,4,None,66,1,5,False,1,1
13057,187,unweighted_fl,10,0.3791799363057325,0,4,None,66,1,5,False,1,1
13058,188,unweighted_fl,10,0.3800756369426751,0,4,None,66,1,5,False,1,1
13059,189,unweighted_fl,10,0.380374203821656,0,4,None,66,1,5,False,1,1
13060,185,unweighted_fl,10,0.4637738853503185,0,5,None,66,1,5,False,1,1
13061,186,unweighted_fl,10,0.4636743630573248,0,5,None,66,1,5,False,1,1
13062,187,unweighted_fl,10,0.4647691082802547,0,5,None,66,1,5,False,1,1
13063,188,unweighted_fl,10,0.4637738853503185,0,5,None,66,1,5,False,1,1
13064,189,unweighted_fl,10,0.464171974522293,0,5,None,66,1,5,False,1,1
13065,185,unweighted_fl,10,0.4540207006369426,0,6,None,66,1,5,False,1,1
13066,186,unweighted_fl,10,0.4541202229299363,0,6,None,66,1,5,False,1,1
13067,187,unweighted_fl,10,0.4542197452229299,0,6,None,66,1,5,False,1,1
13068,188,unweighted_fl,10,0.4545183121019108,0,6,None,66,1,5,False,1,1
13069,189,unweighted_fl,10,0.4556130573248407,0,6,None,66,1,5,False,1,1
13070,185,unweighted_fl,10,0.4978105095541401,0,7,None,66,1,5,False,1,1
13071,186,unweighted_fl,10,0.5150278662420382,0,7,None,66,1,5,False,1,1
13072,187,unweighted_fl,10,0.5281648089171974,0,7,None,66,1,5,False,1,1
13073,188,unweighted_fl,10,0.5375199044585988,0,7,None,66,1,5,False,1,1
13074,189,unweighted_fl,10,0.541202229299363,0,7,None,66,1,5,False,1,1
13075,185,unweighted_fl,10,0.448546974522293,0,8,None,66,1,5,False,1,1
13076,186,unweighted_fl,10,0.4488455414012738,0,8,None,66,1,5,False,1,1
13077,187,unweighted_fl,10,0.4503383757961783,0,8,None,66,1,5,False,1,1
13078,188,unweighted_fl,10,0.4502388535031847,0,8,None,66,1,5,False,1,1
13079,189,unweighted_fl,10,0.4508359872611465,0,8,None,66,1,5,False,1,1
13080,185,unweighted_fl,10,0.4477507961783439,0,10,None,66,1,5,False,1,1
13081,186,unweighted_fl,10,0.4513335987261146,0,10,None,66,1,5,False,1,1
13082,187,unweighted_fl,10,0.4540207006369426,0,10,None,66,1,5,False,1,1
13083,188,unweighted_fl,10,0.456608280254777,0,10,None,66,1,5,False,1,1
13084,189,unweighted_fl,10,0.4591958598726114,0,10,None,66,1,5,False,1,1
13085,185,unweighted_fl,10,0.4290406050955414,0,9,None,66,1,5,False,1,1
13086,186,unweighted_fl,10,0.4304339171974522,0,9,None,66,1,5,False,1,1
13087,187,unweighted_fl,10,0.4322253184713376,0,9,None,66,1,5,False,1,1
13088,188,unweighted_fl,10,0.4324243630573248,0,9,None,66,1,5,False,1,1
13089,189,unweighted_fl,10,0.4334195859872611,0,9,None,66,1,5,False,1,1
13090,185,unweighted_fl,10,0.4448646496815286,0,11,None,66,1,5,False,1,1
13091,186,unweighted_fl,10,0.4479498407643312,0,11,None,66,1,5,False,1,1
13092,187,unweighted_fl,10,0.4479498407643312,0,11,None,66,1,5,False,1,1
13093,188,unweighted_fl,10,0.4498407643312102,0,11,None,66,1,5,False,1,1
13094,189,unweighted_fl,10,0.4498407643312102,0,11,None,66,1,5,False,1,1
13095,185,unweighted_fl,10,0.5166202229299363,0,12,None,66,1,5,False,1,1
13096,186,unweighted_fl,10,0.5143312101910829,0,12,None,66,1,5,False,1,1
13097,187,unweighted_fl,10,0.5166202229299363,0,12,None,66,1,5,False,1,1
13098,188,unweighted_fl,10,0.5182125796178344,0,12,None,66,1,5,False,1,1
13099,189,unweighted_fl,10,0.5204020700636943,0,12,None,66,1,5,False,1,1
13100,185,unweighted_fl,10,0.5170183121019108,0,13,None,66,1,5,False,1,1
13101,186,unweighted_fl,10,0.5174164012738853,0,13,None,66,1,5,False,1,1
13102,187,unweighted_fl,10,0.5177149681528662,0,13,None,66,1,5,False,1,1
13103,188,unweighted_fl,10,0.5182125796178344,0,13,None,66,1,5,False,1,1
13104,189,unweighted_fl,10,0.5174164012738853,0,13,None,66,1,5,False,1,1
13105,185,unweighted_fl,10,0.2725915605095541,0,14,None,66,1,5,False,1,1
13106,186,unweighted_fl,10,0.2617436305732484,0,14,None,66,1,5,False,1,1
13107,187,unweighted_fl,10,0.2624402866242038,0,14,None,66,1,5,False,1,1
13108,188,unweighted_fl,10,0.2628383757961783,0,14,None,66,1,5,False,1,1
13109,189,unweighted_fl,10,0.2630374203821656,0,14,None,66,1,5,False,1,1
13110,185,unweighted_fl,10,0.507265127388535,0,15,None,66,1,5,False,1,1
13111,186,unweighted_fl,10,0.5082603503184714,0,15,None,66,1,5,False,1,1
13112,187,unweighted_fl,10,0.5093550955414012,0,15,None,66,1,5,False,1,1
13113,188,unweighted_fl,10,0.5111464968152867,0,15,None,66,1,5,False,1,1
13114,189,unweighted_fl,10,0.5119426751592356,0,15,None,66,1,5,False,1,1
13115,185,unweighted_fl,10,0.5881767515923567,0,16,None,66,1,5,False,1,1
13116,186,unweighted_fl,10,0.5915605095541401,0,16,None,66,1,5,False,1,1
13117,187,unweighted_fl,10,0.5941480891719745,0,16,None,66,1,5,False,1,1
13118,188,unweighted_fl,10,0.5959394904458599,0,16,None,66,1,5,False,1,1
13119,189,unweighted_fl,10,0.598328025477707,0,16,None,66,1,5,False,1,1
13120,185,unweighted_fl,10,0.461484872611465,0,17,None,66,1,5,False,1,1
13121,186,unweighted_fl,10,0.4653662420382166,0,17,None,66,1,5,False,1,1
13122,187,unweighted_fl,10,0.4673566878980891,0,17,None,66,1,5,False,1,1
13123,188,unweighted_fl,10,0.4690485668789809,0,17,None,66,1,5,False,1,1
13124,189,unweighted_fl,10,0.4718351910828025,0,17,None,66,1,5,False,1,1
13125,185,unweighted_fl,10,0.4203821656050955,0,19,None,66,1,5,False,1,1
13126,186,unweighted_fl,10,0.4341162420382166,0,19,None,66,1,5,False,1,1
13127,187,unweighted_fl,10,0.4437699044585987,0,19,None,66,1,5,False,1,1
13128,188,unweighted_fl,10,0.4470541401273885,0,19,None,66,1,5,False,1,1
13129,189,unweighted_fl,10,0.4488455414012738,0,19,None,66,1,5,False,1,1
13130,185,unweighted_fl,10,0.4746218152866242,0,18,None,66,1,5,False,1,1
13131,186,unweighted_fl,10,0.4755175159235669,0,18,None,66,1,5,False,1,1
13132,187,unweighted_fl,10,0.4774084394904458,0,18,None,66,1,5,False,1,1
13133,188,unweighted_fl,10,0.4791998407643312,0,18,None,66,1,5,False,1,1
13134,189,unweighted_fl,10,0.4794984076433121,0,18,None,66,1,5,False,1,1
13135,185,unweighted_fl,10,0.4494426751592357,0,20,None,66,1,5,False,1,1
13136,186,unweighted_fl,10,0.450139331210191,0,20,None,66,1,5,False,1,1
13137,187,unweighted_fl,10,0.4510350318471338,0,20,None,66,1,5,False,1,1
13138,188,unweighted_fl,10,0.4524283439490446,0,20,None,66,1,5,False,1,1
13139,189,unweighted_fl,10,0.4543192675159235,0,20,None,66,1,5,False,1,1
13140,185,unweighted_fl,10,0.4565087579617834,0,21,None,66,1,5,False,1,1
13141,186,unweighted_fl,10,0.4553144904458598,0,21,None,66,1,5,False,1,1
13142,187,unweighted_fl,10,0.4553144904458598,0,21,None,66,1,5,False,1,1
13143,188,unweighted_fl,10,0.453921178343949,0,21,None,66,1,5,False,1,1
13144,189,unweighted_fl,10,0.4547173566878981,0,21,None,66,1,5,False,1,1
13145,185,unweighted_fl,10,0.4974124203821656,0,22,None,66,1,5,False,1,1
13146,186,unweighted_fl,10,0.5057722929936306,0,22,None,66,1,5,False,1,1
13147,187,unweighted_fl,10,0.5115445859872612,0,22,None,66,1,5,False,1,1
13148,188,unweighted_fl,10,0.5191082802547771,0,22,None,66,1,5,False,1,1
13149,189,unweighted_fl,10,0.5248805732484076,0,22,None,66,1,5,False,1,1
13150,185,unweighted_fl,10,0.4085390127388535,0,23,None,66,1,5,False,1,1
13151,186,unweighted_fl,10,0.4098328025477707,0,23,None,66,1,5,False,1,1
13152,187,unweighted_fl,10,0.4114251592356688,0,23,None,66,1,5,False,1,1
13153,188,unweighted_fl,10,0.4115246815286624,0,23,None,66,1,5,False,1,1
13154,189,unweighted_fl,10,0.4120222929936306,0,23,None,66,1,5,False,1,1
13155,185,unweighted_fl,10,0.3486265923566879,0,24,None,66,1,5,False,1,1
13156,186,unweighted_fl,10,0.3533041401273885,0,24,None,66,1,5,False,1,1
13157,187,unweighted_fl,10,0.3572850318471338,0,24,None,66,1,5,False,1,1
13158,188,unweighted_fl,10,0.3594745222929936,0,24,None,66,1,5,False,1,1
13159,189,unweighted_fl,10,0.3621616242038216,0,24,None,66,1,5,False,1,1
13160,185,unweighted_fl,10,0.4890525477707006,0,25,None,66,1,5,False,1,1
13161,186,unweighted_fl,10,0.4936305732484076,0,25,None,66,1,5,False,1,1
13162,187,unweighted_fl,10,0.4964171974522293,0,25,None,66,1,5,False,1,1
13163,188,unweighted_fl,10,0.4984076433121019,0,25,None,66,1,5,False,1,1
13164,189,unweighted_fl,10,0.5000995222929936,0,25,None,66,1,5,False,1,1
13165,185,unweighted_fl,10,0.4794984076433121,0,26,None,66,1,5,False,1,1
13166,186,unweighted_fl,10,0.4873606687898089,0,26,None,66,1,5,False,1,1
13167,187,unweighted_fl,10,0.4975119426751592,0,26,None,66,1,5,False,1,1
13168,188,unweighted_fl,10,0.5015923566878981,0,26,None,66,1,5,False,1,1
13169,189,unweighted_fl,10,0.5011942675159236,0,26,None,66,1,5,False,1,1
13170,185,unweighted_fl,10,0.5132364649681529,0,27,None,66,1,5,False,1,1
13171,186,unweighted_fl,10,0.5182125796178344,0,27,None,66,1,5,False,1,1
13172,187,unweighted_fl,10,0.5223925159235668,0,27,None,66,1,5,False,1,1
13173,188,unweighted_fl,10,0.5267714968152867,0,27,None,66,1,5,False,1,1
13174,189,unweighted_fl,10,0.5305533439490446,0,27,None,66,1,5,False,1,1
13175,185,unweighted_fl,10,0.3875398089171974,0,28,None,66,1,5,False,1,1
13176,186,unweighted_fl,10,0.3901273885350318,0,28,None,66,1,5,False,1,1
13177,187,unweighted_fl,10,0.3927149681528662,0,28,None,66,1,5,False,1,1
13178,188,unweighted_fl,10,0.3940087579617834,0,28,None,66,1,5,False,1,1
13179,189,unweighted_fl,10,0.3955015923566879,0,28,None,66,1,5,False,1,1
13180,185,unweighted_fl,10,0.4628781847133758,0,30,None,66,1,5,False,1,1
13181,186,unweighted_fl,10,0.4635748407643312,0,30,None,66,1,5,False,1,1
13182,187,unweighted_fl,10,0.4645700636942675,0,30,None,66,1,5,False,1,1
13183,188,unweighted_fl,10,0.4665605095541401,0,30,None,66,1,5,False,1,1
13184,189,unweighted_fl,10,0.4717356687898089,0,30,None,66,1,5,False,1,1
13185,185,unweighted_fl,10,0.3829617834394904,0,29,None,66,1,5,False,1,1
13186,186,unweighted_fl,10,0.4017714968152866,0,29,None,66,1,5,False,1,1
13187,187,unweighted_fl,10,0.408937101910828,0,29,None,66,1,5,False,1,1
13188,188,unweighted_fl,10,0.4128184713375796,0,29,None,66,1,5,False,1,1
13189,189,unweighted_fl,10,0.4143113057324841,0,29,None,66,1,5,False,1,1
13190,185,unweighted_fl,10,0.3872412420382166,0,31,None,66,1,5,False,1,1
13191,186,unweighted_fl,10,0.3903264331210191,0,31,None,66,1,5,False,1,1
13192,187,unweighted_fl,10,0.3937101910828025,0,31,None,66,1,5,False,1,1
13193,188,unweighted_fl,10,0.3967953821656051,0,31,None,66,1,5,False,1,1
13194,189,unweighted_fl,10,0.4011743630573248,0,31,None,66,1,5,False,1,1
13195,185,unweighted_fl,10,0.4396894904458598,0,32,None,66,1,5,False,1,1
13196,186,unweighted_fl,10,0.4412818471337579,0,32,None,66,1,5,False,1,1
13197,187,unweighted_fl,10,0.4419785031847134,0,32,None,66,1,5,False,1,1
13198,188,unweighted_fl,10,0.4421775477707006,0,32,None,66,1,5,False,1,1
13199,189,unweighted_fl,10,0.4427746815286624,0,32,None,66,1,5,False,1,1
13200,190,unweighted_fl,10,0.4559116242038216,0,0,None,66,1,5,False,1,1
13201,191,unweighted_fl,10,0.466859076433121,0,0,None,66,1,5,False,1,1
13202,192,unweighted_fl,10,0.476015127388535,0,0,None,66,1,5,False,1,1
13203,193,unweighted_fl,10,0.482484076433121,0,0,None,66,1,5,False,1,1
13204,194,unweighted_fl,10,0.4858678343949044,0,0,None,66,1,5,False,1,1
13205,190,unweighted_fl,10,0.4700437898089172,0,1,None,66,1,5,False,1,1
13206,191,unweighted_fl,10,0.478702229299363,0,1,None,66,1,5,False,1,1
13207,192,unweighted_fl,10,0.4883558917197452,0,1,None,66,1,5,False,1,1
13208,193,unweighted_fl,10,0.4993033439490446,0,1,None,66,1,5,False,1,1
13209,194,unweighted_fl,10,0.5002985668789809,0,1,None,66,1,5,False,1,1
13210,190,unweighted_fl,10,0.4746218152866242,0,2,None,66,1,5,False,1,1
13211,191,unweighted_fl,10,0.4451632165605095,0,2,None,66,1,5,False,1,1
13212,192,unweighted_fl,10,0.4475517515923566,0,2,None,66,1,5,False,1,1
13213,193,unweighted_fl,10,0.4471536624203822,0,2,None,66,1,5,False,1,1
13214,194,unweighted_fl,10,0.4484474522292994,0,2,None,66,1,5,False,1,1
13215,190,unweighted_fl,10,0.49890525477707,0,3,None,66,1,5,False,1,1
13216,191,unweighted_fl,10,0.5073646496815286,0,3,None,66,1,5,False,1,1
13217,192,unweighted_fl,10,0.5115445859872612,0,3,None,66,1,5,False,1,1
13218,193,unweighted_fl,10,0.5157245222929936,0,3,None,66,1,5,False,1,1
13219,194,unweighted_fl,10,0.5170183121019108,0,3,None,66,1,5,False,1,1
13220,190,unweighted_fl,10,0.377687101910828,0,4,None,66,1,5,False,1,1
13221,191,unweighted_fl,10,0.3786823248407643,0,4,None,66,1,5,False,1,1
13222,192,unweighted_fl,10,0.3798765923566879,0,4,None,66,1,5,False,1,1
13223,193,unweighted_fl,10,0.3804737261146497,0,4,None,66,1,5,False,1,1
13224,194,unweighted_fl,10,0.3806727707006369,0,4,None,66,1,5,False,1,1
13225,190,unweighted_fl,10,0.4667595541401274,0,6,None,66,1,5,False,1,1
13226,191,unweighted_fl,10,0.466859076433121,0,6,None,66,1,5,False,1,1
13227,192,unweighted_fl,10,0.4673566878980891,0,6,None,66,1,5,False,1,1
13228,193,unweighted_fl,10,0.4675557324840764,0,6,None,66,1,5,False,1,1
13229,194,unweighted_fl,10,0.4683519108280254,0,6,None,66,1,5,False,1,1
13230,190,unweighted_fl,10,0.4707404458598726,0,5,None,66,1,5,False,1,1
13231,191,unweighted_fl,10,0.4679538216560509,0,5,None,66,1,5,False,1,1
13232,192,unweighted_fl,10,0.469546178343949,0,5,None,66,1,5,False,1,1
13233,193,unweighted_fl,10,0.4690485668789809,0,5,None,66,1,5,False,1,1
13234,194,unweighted_fl,10,0.4700437898089172,0,5,None,66,1,5,False,1,1
13235,190,unweighted_fl,10,0.522890127388535,0,7,None,66,1,5,False,1,1
13236,191,unweighted_fl,10,0.5352308917197452,0,7,None,66,1,5,False,1,1
13237,192,unweighted_fl,10,0.5424960191082803,0,7,None,66,1,5,False,1,1
13238,193,unweighted_fl,10,0.5452826433121019,0,7,None,66,1,5,False,1,1
13239,194,unweighted_fl,10,0.5458797770700637,0,7,None,66,1,5,False,1,1
13240,190,unweighted_fl,10,0.4319267515923566,0,9,None,66,1,5,False,1,1
13241,191,unweighted_fl,10,0.432921974522293,0,9,None,66,1,5,False,1,1
13242,192,unweighted_fl,10,0.4343152866242038,0,9,None,66,1,5,False,1,1
13243,193,unweighted_fl,10,0.4350119426751592,0,9,None,66,1,5,False,1,1
13244,194,unweighted_fl,10,0.4355095541401274,0,9,None,66,1,5,False,1,1
13245,190,unweighted_fl,10,0.5022890127388535,0,8,None,66,1,5,False,1,1
13246,191,unweighted_fl,10,0.4504378980891719,0,8,None,66,1,5,False,1,1
13247,192,unweighted_fl,10,0.4507364649681528,0,8,None,66,1,5,False,1,1
13248,193,unweighted_fl,10,0.4513335987261146,0,8,None,66,1,5,False,1,1
13249,194,unweighted_fl,10,0.4509355095541401,0,8,None,66,1,5,False,1,1
13250,190,unweighted_fl,10,0.455015923566879,0,10,None,66,1,5,False,1,1
13251,191,unweighted_fl,10,0.4573049363057325,0,10,None,66,1,5,False,1,1
13252,192,unweighted_fl,10,0.4605891719745223,0,10,None,66,1,5,False,1,1
13253,193,unweighted_fl,10,0.463077229299363,0,10,None,66,1,5,False,1,1
13254,194,unweighted_fl,10,0.464968152866242,0,10,None,66,1,5,False,1,1
13255,190,unweighted_fl,10,0.4526273885350318,0,11,None,66,1,5,False,1,1
13256,191,unweighted_fl,10,0.4560111464968153,0,11,None,66,1,5,False,1,1
13257,192,unweighted_fl,10,0.4544187898089172,0,11,None,66,1,5,False,1,1
13258,193,unweighted_fl,10,0.455015923566879,0,11,None,66,1,5,False,1,1
13259,194,unweighted_fl,10,0.4555135350318471,0,11,None,66,1,5,False,1,1
13260,190,unweighted_fl,10,0.524781050955414,0,12,None,66,1,5,False,1,1
13261,191,unweighted_fl,10,0.5260748407643312,0,12,None,66,1,5,False,1,1
13262,192,unweighted_fl,10,0.5280652866242038,0,12,None,66,1,5,False,1,1
13263,193,unweighted_fl,10,0.5304538216560509,0,12,None,66,1,5,False,1,1
13264,194,unweighted_fl,10,0.5332404458598726,0,12,None,66,1,5,False,1,1
13265,190,unweighted_fl,10,0.278264331210191,0,14,None,66,1,5,False,1,1
13266,191,unweighted_fl,10,0.267515923566879,0,14,None,66,1,5,False,1,1
13267,192,unweighted_fl,10,0.2679140127388535,0,14,None,66,1,5,False,1,1
13268,193,unweighted_fl,10,0.2669187898089172,0,14,None,66,1,5,False,1,1
13269,194,unweighted_fl,10,0.2669187898089172,0,14,None,66,1,5,False,1,1
13270,190,unweighted_fl,10,0.5225915605095541,0,13,None,66,1,5,False,1,1
13271,191,unweighted_fl,10,0.5225915605095541,0,13,None,66,1,5,False,1,1
13272,192,unweighted_fl,10,0.5221934713375797,0,13,None,66,1,5,False,1,1
13273,193,unweighted_fl,10,0.5223925159235668,0,13,None,66,1,5,False,1,1
13274,194,unweighted_fl,10,0.5229896496815286,0,13,None,66,1,5,False,1,1
13275,190,unweighted_fl,10,0.5128383757961783,0,15,None,66,1,5,False,1,1
13276,191,unweighted_fl,10,0.512937898089172,0,15,None,66,1,5,False,1,1
13277,192,unweighted_fl,10,0.5139331210191083,0,15,None,66,1,5,False,1,1
13278,193,unweighted_fl,10,0.5151273885350318,0,15,None,66,1,5,False,1,1
13279,194,unweighted_fl,10,0.5171178343949044,0,15,None,66,1,5,False,1,1
13280,190,unweighted_fl,10,0.4680533439490446,0,17,None,66,1,5,False,1,1
13281,191,unweighted_fl,10,0.4696457006369426,0,17,None,66,1,5,False,1,1
13282,192,unweighted_fl,10,0.473328025477707,0,17,None,66,1,5,False,1,1
13283,193,unweighted_fl,10,0.4759156050955414,0,17,None,66,1,5,False,1,1
13284,194,unweighted_fl,10,0.4789012738853503,0,17,None,66,1,5,False,1,1
13285,190,unweighted_fl,10,0.5942476114649682,0,16,None,66,1,5,False,1,1
13286,191,unweighted_fl,10,0.5973328025477707,0,16,None,66,1,5,False,1,1
13287,192,unweighted_fl,10,0.5999203821656051,0,16,None,66,1,5,False,1,1
13288,193,unweighted_fl,10,0.6016122611464968,0,16,None,66,1,5,False,1,1
13289,194,unweighted_fl,10,0.603702229299363,0,16,None,66,1,5,False,1,1
13290,190,unweighted_fl,10,0.4764132165605095,0,18,None,66,1,5,False,1,1
13291,191,unweighted_fl,10,0.4776074840764331,0,18,None,66,1,5,False,1,1
13292,192,unweighted_fl,10,0.4799960191082802,0,18,None,66,1,5,False,1,1
13293,193,unweighted_fl,10,0.4814888535031847,0,18,None,66,1,5,False,1,1
13294,194,unweighted_fl,10,0.4839769108280254,0,18,None,66,1,5,False,1,1
13295,190,unweighted_fl,10,0.4546178343949044,0,20,None,66,1,5,False,1,1
13296,191,unweighted_fl,10,0.455812101910828,0,20,None,66,1,5,False,1,1
13297,192,unweighted_fl,10,0.457703025477707,0,20,None,66,1,5,False,1,1
13298,193,unweighted_fl,10,0.4597929936305732,0,20,None,66,1,5,False,1,1
13299,194,unweighted_fl,10,0.4624800955414013,0,20,None,66,1,5,False,1,1
13300,190,unweighted_fl,10,0.4389928343949044,0,19,None,66,1,5,False,1,1
13301,191,unweighted_fl,10,0.4463574840764331,0,19,None,66,1,5,False,1,1
13302,192,unweighted_fl,10,0.4492436305732484,0,19,None,66,1,5,False,1,1
13303,193,unweighted_fl,10,0.4514331210191082,0,19,None,66,1,5,False,1,1
13304,194,unweighted_fl,10,0.4529259554140127,0,19,None,66,1,5,False,1,1
13305,190,unweighted_fl,10,0.4596934713375796,0,21,None,66,1,5,False,1,1
13306,191,unweighted_fl,10,0.4592953821656051,0,21,None,66,1,5,False,1,1
13307,192,unweighted_fl,10,0.4586982484076433,0,21,None,66,1,5,False,1,1
13308,193,unweighted_fl,10,0.4581011146496815,0,21,None,66,1,5,False,1,1
13309,194,unweighted_fl,10,0.4585987261146497,0,21,None,66,1,5,False,1,1
13310,190,unweighted_fl,10,0.5179140127388535,0,22,None,66,1,5,False,1,1
13311,191,unweighted_fl,10,0.5208001592356688,0,22,None,66,1,5,False,1,1
13312,192,unweighted_fl,10,0.523984872611465,0,22,None,66,1,5,False,1,1
13313,193,unweighted_fl,10,0.5289609872611465,0,22,None,66,1,5,False,1,1
13314,194,unweighted_fl,10,0.5315485668789809,0,22,None,66,1,5,False,1,1
13315,190,unweighted_fl,10,0.4269506369426751,0,23,None,66,1,5,False,1,1
13316,191,unweighted_fl,10,0.4304339171974522,0,23,None,66,1,5,False,1,1
13317,192,unweighted_fl,10,0.4320262738853503,0,23,None,66,1,5,False,1,1
13318,193,unweighted_fl,10,0.434514331210191,0,23,None,66,1,5,False,1,1
13319,194,unweighted_fl,10,0.43640525477707,0,23,None,66,1,5,False,1,1
13320,190,unweighted_fl,10,0.4980095541401274,0,25,None,66,1,5,False,1,1
13321,191,unweighted_fl,10,0.5015923566878981,0,25,None,66,1,5,False,1,1
13322,192,unweighted_fl,10,0.5035828025477707,0,25,None,66,1,5,False,1,1
13323,193,unweighted_fl,10,0.5049761146496815,0,25,None,66,1,5,False,1,1
13324,194,unweighted_fl,10,0.5060708598726115,0,25,None,66,1,5,False,1,1
13325,190,unweighted_fl,10,0.3540007961783439,0,24,None,66,1,5,False,1,1
13326,191,unweighted_fl,10,0.3590764331210191,0,24,None,66,1,5,False,1,1
13327,192,unweighted_fl,10,0.3619625796178344,0,24,None,66,1,5,False,1,1
13328,193,unweighted_fl,10,0.3638535031847134,0,24,None,66,1,5,False,1,1
13329,194,unweighted_fl,10,0.3656449044585987,0,24,None,66,1,5,False,1,1
13330,190,unweighted_fl,10,0.5040804140127388,0,26,None,66,1,5,False,1,1
13331,191,unweighted_fl,10,0.5084593949044586,0,26,None,66,1,5,False,1,1
13332,192,unweighted_fl,10,0.5090565286624203,0,26,None,66,1,5,False,1,1
13333,193,unweighted_fl,10,0.5097531847133758,0,26,None,66,1,5,False,1,1
13334,194,unweighted_fl,10,0.508359872611465,0,26,None,66,1,5,False,1,1
13335,190,unweighted_fl,10,0.3916202229299363,0,28,None,66,1,5,False,1,1
13336,191,unweighted_fl,10,0.394108280254777,0,28,None,66,1,5,False,1,1
13337,192,unweighted_fl,10,0.3960987261146497,0,28,None,66,1,5,False,1,1
13338,193,unweighted_fl,10,0.3976910828025478,0,28,None,66,1,5,False,1,1
13339,194,unweighted_fl,10,0.3991839171974522,0,28,None,66,1,5,False,1,1
13340,190,unweighted_fl,10,0.5276671974522293,0,27,None,66,1,5,False,1,1
13341,191,unweighted_fl,10,0.5296576433121019,0,27,None,66,1,5,False,1,1
13342,192,unweighted_fl,10,0.5325437898089171,0,27,None,66,1,5,False,1,1
13343,193,unweighted_fl,10,0.5352308917197452,0,27,None,66,1,5,False,1,1
13344,194,unweighted_fl,10,0.5375199044585988,0,27,None,66,1,5,False,1,1
13345,190,unweighted_fl,10,0.3875398089171974,0,29,None,66,1,5,False,1,1
13346,191,unweighted_fl,10,0.409733280254777,0,29,None,66,1,5,False,1,1
13347,192,unweighted_fl,10,0.4150079617834395,0,29,None,66,1,5,False,1,1
13348,193,unweighted_fl,10,0.4166003184713376,0,29,None,66,1,5,False,1,1
13349,194,unweighted_fl,10,0.4145103503184713,0,29,None,66,1,5,False,1,1
13350,190,unweighted_fl,10,0.4680533439490446,0,30,None,66,1,5,False,1,1
13351,191,unweighted_fl,10,0.4701433121019108,0,30,None,66,1,5,False,1,1
13352,192,unweighted_fl,10,0.4745222929936306,0,30,None,66,1,5,False,1,1
13353,193,unweighted_fl,10,0.4795979299363057,0,30,None,66,1,5,False,1,1
13354,194,unweighted_fl,10,0.4866640127388535,0,30,None,66,1,5,False,1,1
13355,190,unweighted_fl,10,0.3899283439490446,0,31,None,66,1,5,False,1,1
13356,191,unweighted_fl,10,0.3928144904458598,0,31,None,66,1,5,False,1,1
13357,192,unweighted_fl,10,0.3956011146496815,0,31,None,66,1,5,False,1,1
13358,193,unweighted_fl,10,0.3990843949044586,0,31,None,66,1,5,False,1,1
13359,194,unweighted_fl,10,0.4017714968152866,0,31,None,66,1,5,False,1,1
13360,190,unweighted_fl,10,0.4398885350318471,0,32,None,66,1,5,False,1,1
13361,191,unweighted_fl,10,0.4417794585987261,0,32,None,66,1,5,False,1,1
13362,192,unweighted_fl,10,0.4419785031847134,0,32,None,66,1,5,False,1,1
13363,193,unweighted_fl,10,0.4430732484076433,0,32,None,66,1,5,False,1,1
13364,194,unweighted_fl,10,0.4433718152866242,0,32,None,66,1,5,False,1,1
13365,195,unweighted_fl,10,0.4766122611464968,0,0,None,66,1,5,False,1,1
13366,196,unweighted_fl,10,0.4826831210191082,0,0,None,66,1,5,False,1,1
13367,197,unweighted_fl,10,0.4868630573248407,0,0,None,66,1,5,False,1,1
13368,198,unweighted_fl,10,0.4917396496815286,0,0,None,66,1,5,False,1,1
13369,199,unweighted_fl,10,0.4947253184713376,0,0,None,66,1,5,False,1,1
13370,195,unweighted_fl,10,0.475218949044586,0,1,None,66,1,5,False,1,1
13371,196,unweighted_fl,10,0.4864649681528662,0,1,None,66,1,5,False,1,1
13372,197,unweighted_fl,10,0.495421974522293,0,1,None,66,1,5,False,1,1
13373,198,unweighted_fl,10,0.5055732484076433,0,1,None,66,1,5,False,1,1
13374,199,unweighted_fl,10,0.5176154458598726,0,1,None,66,1,5,False,1,1
13375,195,unweighted_fl,10,0.4809912420382166,0,2,None,66,1,5,False,1,1
13376,196,unweighted_fl,10,0.4489450636942675,0,2,None,66,1,5,False,1,1
13377,197,unweighted_fl,10,0.4502388535031847,0,2,None,66,1,5,False,1,1
13378,198,unweighted_fl,10,0.4510350318471338,0,2,None,66,1,5,False,1,1
13379,199,unweighted_fl,10,0.4525278662420382,0,2,None,66,1,5,False,1,1
13380,195,unweighted_fl,10,0.502687101910828,0,3,None,66,1,5,False,1,1
13381,196,unweighted_fl,10,0.5096536624203821,0,3,None,66,1,5,False,1,1
13382,197,unweighted_fl,10,0.51453025477707,0,3,None,66,1,5,False,1,1
13383,198,unweighted_fl,10,0.5177149681528662,0,3,None,66,1,5,False,1,1
13384,199,unweighted_fl,10,0.5193073248407644,0,3,None,66,1,5,False,1,1
13385,195,unweighted_fl,10,0.3792794585987261,0,4,None,66,1,5,False,1,1
13386,196,unweighted_fl,10,0.3796775477707006,0,4,None,66,1,5,False,1,1
13387,197,unweighted_fl,10,0.380374203821656,0,4,None,66,1,5,False,1,1
13388,198,unweighted_fl,10,0.3804737261146497,0,4,None,66,1,5,False,1,1
13389,199,unweighted_fl,10,0.3811703821656051,0,4,None,66,1,5,False,1,1
13390,195,unweighted_fl,10,0.4933320063694267,0,6,None,66,1,5,False,1,1
13391,196,unweighted_fl,10,0.493531050955414,0,6,None,66,1,5,False,1,1
13392,197,unweighted_fl,10,0.4944267515923566,0,6,None,66,1,5,False,1,1
13393,198,unweighted_fl,10,0.4955214968152866,0,6,None,66,1,5,False,1,1
13394,199,unweighted_fl,10,0.4964171974522293,0,6,None,66,1,5,False,1,1
13395,195,unweighted_fl,10,0.4766122611464968,0,5,None,66,1,5,False,1,1
13396,196,unweighted_fl,10,0.4784036624203822,0,5,None,66,1,5,False,1,1
13397,197,unweighted_fl,10,0.479796974522293,0,5,None,66,1,5,False,1,1
13398,198,unweighted_fl,10,0.4818869426751592,0,5,None,66,1,5,False,1,1
13399,199,unweighted_fl,10,0.4840764331210191,0,5,None,66,1,5,False,1,1
13400,195,unweighted_fl,10,0.5415007961783439,0,7,None,66,1,5,False,1,1
13401,196,unweighted_fl,10,0.5453821656050956,0,7,None,66,1,5,False,1,1
13402,197,unweighted_fl,10,0.5475716560509554,0,7,None,66,1,5,False,1,1
13403,198,unweighted_fl,10,0.5494625796178344,0,7,None,66,1,5,False,1,1
13404,199,unweighted_fl,10,0.5511544585987261,0,7,None,66,1,5,False,1,1
13405,195,unweighted_fl,10,0.4344148089171974,0,9,None,66,1,5,False,1,1
13406,196,unweighted_fl,10,0.4351114649681528,0,9,None,66,1,5,False,1,1
13407,197,unweighted_fl,10,0.4367038216560509,0,9,None,66,1,5,False,1,1
13408,198,unweighted_fl,10,0.4371019108280254,0,9,None,66,1,5,False,1,1
13409,199,unweighted_fl,10,0.4375995222929936,0,9,None,66,1,5,False,1,1
13410,195,unweighted_fl,10,0.5067675159235668,0,8,None,66,1,5,False,1,1
13411,196,unweighted_fl,10,0.4985071656050955,0,8,None,66,1,5,False,1,1
13412,197,unweighted_fl,10,0.4524283439490446,0,8,None,66,1,5,False,1,1
13413,198,unweighted_fl,10,0.4523288216560509,0,8,None,66,1,5,False,1,1
13414,199,unweighted_fl,10,0.4529259554140127,0,8,None,66,1,5,False,1,1
13415,195,unweighted_fl,10,0.4596934713375796,0,10,None,66,1,5,False,1,1
13416,196,unweighted_fl,10,0.4626791401273885,0,10,None,66,1,5,False,1,1
13417,197,unweighted_fl,10,0.4661624203821656,0,10,None,66,1,5,False,1,1
13418,198,unweighted_fl,10,0.4685509554140127,0,10,None,66,1,5,False,1,1
13419,199,unweighted_fl,10,0.4701433121019108,0,10,None,66,1,5,False,1,1
13420,195,unweighted_fl,10,0.5333399681528662,0,12,None,66,1,5,False,1,1
13421,196,unweighted_fl,10,0.5357285031847133,0,12,None,66,1,5,False,1,1
13422,197,unweighted_fl,10,0.5387141719745223,0,12,None,66,1,5,False,1,1
13423,198,unweighted_fl,10,0.5403065286624203,0,12,None,66,1,5,False,1,1
13424,199,unweighted_fl,10,0.5435907643312102,0,12,None,66,1,5,False,1,1
13425,195,unweighted_fl,10,0.5268710191082803,0,13,None,66,1,5,False,1,1
13426,196,unweighted_fl,10,0.5262738853503185,0,13,None,66,1,5,False,1,1
13427,197,unweighted_fl,10,0.5273686305732485,0,13,None,66,1,5,False,1,1
13428,198,unweighted_fl,10,0.527468152866242,0,13,None,66,1,5,False,1,1
13429,199,unweighted_fl,10,0.5287619426751592,0,13,None,66,1,5,False,1,1
13430,195,unweighted_fl,10,0.4573049363057325,0,11,None,66,1,5,False,1,1
13431,196,unweighted_fl,10,0.4608877388535032,0,11,None,66,1,5,False,1,1
13432,197,unweighted_fl,10,0.4596934713375796,0,11,None,66,1,5,False,1,1
13433,198,unweighted_fl,10,0.4599920382165605,0,11,None,66,1,5,False,1,1
13434,199,unweighted_fl,10,0.4596934713375796,0,11,None,66,1,5,False,1,1
13435,195,unweighted_fl,10,0.2807523885350318,0,14,None,66,1,5,False,1,1
13436,196,unweighted_fl,10,0.2725915605095541,0,14,None,66,1,5,False,1,1
13437,197,unweighted_fl,10,0.2713972929936306,0,14,None,66,1,5,False,1,1
13438,198,unweighted_fl,10,0.2714968152866242,0,14,None,66,1,5,False,1,1
13439,199,unweighted_fl,10,0.2712977707006369,0,14,None,66,1,5,False,1,1
13440,195,unweighted_fl,10,0.6000199044585988,0,16,None,66,1,5,False,1,1
13441,196,unweighted_fl,10,0.6020103503184714,0,16,None,66,1,5,False,1,1
13442,197,unweighted_fl,10,0.6038017515923567,0,16,None,66,1,5,False,1,1
13443,198,unweighted_fl,10,0.6072850318471338,0,16,None,66,1,5,False,1,1
13444,199,unweighted_fl,10,0.6084792993630573,0,16,None,66,1,5,False,1,1
13445,195,unweighted_fl,10,0.5170183121019108,0,15,None,66,1,5,False,1,1
13446,196,unweighted_fl,10,0.5174164012738853,0,15,None,66,1,5,False,1,1
13447,197,unweighted_fl,10,0.5180135350318471,0,15,None,66,1,5,False,1,1
13448,198,unweighted_fl,10,0.5189092356687898,0,15,None,66,1,5,False,1,1
13449,199,unweighted_fl,10,0.519406847133758,0,15,None,66,1,5,False,1,1
13450,195,unweighted_fl,10,0.4821855095541401,0,17,None,66,1,5,False,1,1
13451,196,unweighted_fl,10,0.484375,0,17,None,66,1,5,False,1,1
13452,197,unweighted_fl,10,0.4890525477707006,0,17,None,66,1,5,False,1,1
13453,198,unweighted_fl,10,0.4934315286624204,0,17,None,66,1,5,False,1,1
13454,199,unweighted_fl,10,0.49890525477707,0,17,None,66,1,5,False,1,1
13455,195,unweighted_fl,10,0.4488455414012738,0,19,None,66,1,5,False,1,1
13456,196,unweighted_fl,10,0.4514331210191082,0,19,None,66,1,5,False,1,1
13457,197,unweighted_fl,10,0.4532245222929936,0,19,None,66,1,5,False,1,1
13458,198,unweighted_fl,10,0.453921178343949,0,19,None,66,1,5,False,1,1
13459,199,unweighted_fl,10,0.4547173566878981,0,19,None,66,1,5,False,1,1
13460,195,unweighted_fl,10,0.4604896496815286,0,20,None,66,1,5,False,1,1
13461,196,unweighted_fl,10,0.4629777070063694,0,20,None,66,1,5,False,1,1
13462,197,unweighted_fl,10,0.4650676751592357,0,20,None,66,1,5,False,1,1
13463,198,unweighted_fl,10,0.4673566878980891,0,20,None,66,1,5,False,1,1
13464,199,unweighted_fl,10,0.4697452229299363,0,20,None,66,1,5,False,1,1
13465,195,unweighted_fl,10,0.4794984076433121,0,18,None,66,1,5,False,1,1
13466,196,unweighted_fl,10,0.482484076433121,0,18,None,66,1,5,False,1,1
13467,197,unweighted_fl,10,0.4887539808917197,0,18,None,66,1,5,False,1,1
13468,198,unweighted_fl,10,0.4976114649681528,0,18,None,66,1,5,False,1,1
13469,199,unweighted_fl,10,0.506468949044586,0,18,None,66,1,5,False,1,1
13470,195,unweighted_fl,10,0.462281050955414,0,21,None,66,1,5,False,1,1
13471,196,unweighted_fl,10,0.4629777070063694,0,21,None,66,1,5,False,1,1
13472,197,unweighted_fl,10,0.4626791401273885,0,21,None,66,1,5,False,1,1
13473,198,unweighted_fl,10,0.4624800955414013,0,21,None,66,1,5,False,1,1
13474,199,unweighted_fl,10,0.4628781847133758,0,21,None,66,1,5,False,1,1
13475,195,unweighted_fl,10,0.4581011146496815,0,23,None,66,1,5,False,1,1
13476,196,unweighted_fl,10,0.4632762738853503,0,23,None,66,1,5,False,1,1
13477,197,unweighted_fl,10,0.4625796178343949,0,23,None,66,1,5,False,1,1
13478,198,unweighted_fl,10,0.464968152866242,0,23,None,66,1,5,False,1,1
13479,199,unweighted_fl,10,0.466859076433121,0,23,None,66,1,5,False,1,1
13480,195,unweighted_fl,10,0.5298566878980892,0,22,None,66,1,5,False,1,1
13481,196,unweighted_fl,10,0.5298566878980892,0,22,None,66,1,5,False,1,1
13482,197,unweighted_fl,10,0.5322452229299363,0,22,None,66,1,5,False,1,1
13483,198,unweighted_fl,10,0.5354299363057324,0,22,None,66,1,5,False,1,1
13484,199,unweighted_fl,10,0.5373208598726115,0,22,None,66,1,5,False,1,1
13485,195,unweighted_fl,10,0.3589769108280254,0,24,None,66,1,5,False,1,1
13486,196,unweighted_fl,10,0.3640525477707006,0,24,None,66,1,5,False,1,1
13487,197,unweighted_fl,10,0.3661425159235669,0,24,None,66,1,5,False,1,1
13488,198,unweighted_fl,10,0.3678343949044586,0,24,None,66,1,5,False,1,1
13489,199,unweighted_fl,10,0.3696257961783439,0,24,None,66,1,5,False,1,1
13490,195,unweighted_fl,10,0.502687101910828,0,25,None,66,1,5,False,1,1
13491,196,unweighted_fl,10,0.506468949044586,0,25,None,66,1,5,False,1,1
13492,197,unweighted_fl,10,0.5081608280254777,0,25,None,66,1,5,False,1,1
13493,198,unweighted_fl,10,0.5089570063694268,0,25,None,66,1,5,False,1,1
13494,199,unweighted_fl,10,0.5096536624203821,0,25,None,66,1,5,False,1,1
13495,195,unweighted_fl,10,0.5177149681528662,0,26,None,66,1,5,False,1,1
13496,196,unweighted_fl,10,0.5172173566878981,0,26,None,66,1,5,False,1,1
13497,197,unweighted_fl,10,0.5179140127388535,0,26,None,66,1,5,False,1,1
13498,198,unweighted_fl,10,0.5162221337579618,0,26,None,66,1,5,False,1,1
13499,199,unweighted_fl,10,0.5136345541401274,0,26,None,66,1,5,False,1,1
13500,195,unweighted_fl,10,0.395999203821656,0,28,None,66,1,5,False,1,1
13501,196,unweighted_fl,10,0.3981886942675159,0,28,None,66,1,5,False,1,1
13502,197,unweighted_fl,10,0.3991839171974522,0,28,None,66,1,5,False,1,1
13503,198,unweighted_fl,10,0.4008757961783439,0,28,None,66,1,5,False,1,1
13504,199,unweighted_fl,10,0.4025676751592357,0,28,None,66,1,5,False,1,1
13505,195,unweighted_fl,10,0.5352308917197452,0,27,None,66,1,5,False,1,1
13506,196,unweighted_fl,10,0.5371218152866242,0,27,None,66,1,5,False,1,1
13507,197,unweighted_fl,10,0.5389132165605095,0,27,None,66,1,5,False,1,1
13508,198,unweighted_fl,10,0.5403065286624203,0,27,None,66,1,5,False,1,1
13509,199,unweighted_fl,10,0.5433917197452229,0,27,None,66,1,5,False,1,1
13510,195,unweighted_fl,10,0.3937101910828025,0,29,None,66,1,5,False,1,1
13511,196,unweighted_fl,10,0.4163017515923566,0,29,None,66,1,5,False,1,1
13512,197,unweighted_fl,10,0.4185907643312102,0,29,None,66,1,5,False,1,1
13513,198,unweighted_fl,10,0.4182921974522293,0,29,None,66,1,5,False,1,1
13514,199,unweighted_fl,10,0.4160031847133758,0,29,None,66,1,5,False,1,1
13515,195,unweighted_fl,10,0.4807921974522293,0,30,None,66,1,5,False,1,1
13516,196,unweighted_fl,10,0.4860668789808917,0,30,None,66,1,5,False,1,1
13517,197,unweighted_fl,10,0.493531050955414,0,30,None,66,1,5,False,1,1
13518,198,unweighted_fl,10,0.5031847133757962,0,30,None,66,1,5,False,1,1
13519,199,unweighted_fl,10,0.5111464968152867,0,30,None,66,1,5,False,1,1
13520,195,unweighted_fl,10,0.397890127388535,0,31,None,66,1,5,False,1,1
13521,196,unweighted_fl,10,0.3951035031847134,0,31,None,66,1,5,False,1,1
13522,197,unweighted_fl,10,0.3981886942675159,0,31,None,66,1,5,False,1,1
13523,198,unweighted_fl,10,0.4011743630573248,0,31,None,66,1,5,False,1,1
13524,199,unweighted_fl,10,0.40515525477707,0,31,None,66,1,5,False,1,1
13525,195,unweighted_fl,10,0.4412818471337579,0,32,None,66,1,5,False,1,1
13526,196,unweighted_fl,10,0.4422770700636942,0,32,None,66,1,5,False,1,1
13527,197,unweighted_fl,10,0.4434713375796178,0,32,None,66,1,5,False,1,1
13528,198,unweighted_fl,10,0.443968949044586,0,32,None,66,1,5,False,1,1
13529,199,unweighted_fl,10,0.4441679936305732,0,32,None,66,1,5,False,1,1
0,0,random,10,0.1204219745222929,0,1,None,66,1,5,False,1,1
1,1,random,10,0.2308917197452229,0,1,None,66,1,5,False,1,1
2,2,random,10,0.2574641719745223,0,1,None,66,1,5,False,1,1
3,3,random,10,0.3107085987261146,0,1,None,66,1,5,False,1,1
4,4,random,10,0.3131966560509554,0,1,None,66,1,5,False,1,1
5,0,random,10,0.1874004777070063,0,13,None,66,1,5,False,1,1
6,1,random,10,0.2257165605095541,0,13,None,66,1,5,False,1,1
7,2,random,10,0.2510947452229299,0,13,None,66,1,5,False,1,1
8,3,random,10,0.2276074840764331,0,13,None,66,1,5,False,1,1
9,4,random,10,0.2125796178343949,0,13,None,66,1,5,False,1,1
10,0,random,10,0.0995222929936305,0,16,None,66,1,5,False,1,1
11,1,random,10,0.0995222929936305,0,16,None,66,1,5,False,1,1
12,2,random,10,0.0995222929936305,0,16,None,66,1,5,False,1,1
13,3,random,10,0.0995222929936305,0,16,None,66,1,5,False,1,1
14,4,random,10,0.0995222929936305,0,16,None,66,1,5,False,1,1
15,0,random,10,0.0995222929936305,0,22,None,66,1,5,False,1,1
16,1,random,10,0.0995222929936305,0,22,None,66,1,5,False,1,1
17,2,random,10,0.0995222929936305,0,22,None,66,1,5,False,1,1
18,3,random,10,0.0995222929936305,0,22,None,66,1,5,False,1,1
19,4,random,10,0.0995222929936305,0,22,None,66,1,5,False,1,1
20,0,random,10,0.0995222929936305,0,23,None,66,1,5,False,1,1
21,1,random,10,0.0995222929936305,0,23,None,66,1,5,False,1,1
22,2,random,10,0.0995222929936305,0,23,None,66,1,5,False,1,1
23,3,random,10,0.1195262738853503,0,23,None,66,1,5,False,1,1
24,4,random,10,0.1930732484076433,0,23,None,66,1,5,False,1,1
25,0,random,10,0.2160628980891719,0,21,None,66,1,5,False,1,1
26,1,random,10,0.2276074840764331,0,21,None,66,1,5,False,1,1
27,2,random,10,0.2291003184713375,0,21,None,66,1,5,False,1,1
28,3,random,10,0.2403463375796178,0,21,None,66,1,5,False,1,1
29,4,random,10,0.2834394904458598,0,21,None,66,1,5,False,1,1
30,0,random,10,0.1836186305732484,0,26,None,66,1,5,False,1,1
31,1,random,10,0.0996218152866242,0,26,None,66,1,5,False,1,1
32,2,random,10,0.1006170382165605,0,26,None,66,1,5,False,1,1
33,3,random,10,0.1825238853503184,0,26,None,66,1,5,False,1,1
34,4,random,10,0.1989450636942675,0,26,None,66,1,5,False,1,1
35,0,random,10,0.117436305732484,0,6,None,66,1,5,False,1,1
36,1,random,10,0.0995222929936305,0,6,None,66,1,5,False,1,1
37,2,random,10,0.0995222929936305,0,6,None,66,1,5,False,1,1
38,3,random,10,0.0995222929936305,0,6,None,66,1,5,False,1,1
39,4,random,10,0.0995222929936305,0,6,None,66,1,5,False,1,1
40,0,random,10,0.0995222929936305,0,30,None,66,1,5,False,1,1
41,1,random,10,0.0995222929936305,0,30,None,66,1,5,False,1,1
42,2,random,10,0.1046974522292993,0,30,None,66,1,5,False,1,1
43,3,random,10,0.1591361464968153,0,30,None,66,1,5,False,1,1
44,4,random,10,0.190187101910828,0,30,None,66,1,5,False,1,1
45,0,random,10,0.1706807324840764,0,27,None,66,1,5,False,1,1
46,1,random,10,0.1871019108280254,0,27,None,66,1,5,False,1,1
47,2,random,10,0.1911823248407643,0,27,None,66,1,5,False,1,1
48,3,random,10,0.1906847133757961,0,27,None,66,1,5,False,1,1
49,4,random,10,0.1892914012738853,0,27,None,66,1,5,False,1,1
50,0,random,10,0.0995222929936305,0,32,None,66,1,5,False,1,1
51,1,random,10,0.0995222929936305,0,32,None,66,1,5,False,1,1
52,2,random,10,0.0995222929936305,0,32,None,66,1,5,False,1,1
53,3,random,10,0.0995222929936305,0,32,None,66,1,5,False,1,1
54,4,random,10,0.1111664012738853,0,32,None,66,1,5,False,1,1
55,0,random,10,0.1539609872611465,0,2,None,66,1,5,False,1,1
56,1,random,10,0.1714769108280254,0,2,None,66,1,5,False,1,1
57,2,random,10,0.1636146496815286,0,2,None,66,1,5,False,1,1
58,3,random,10,0.1678941082802547,0,2,None,66,1,5,False,1,1
59,4,random,10,0.2261146496815286,0,2,None,66,1,5,False,1,1
60,0,random,10,0.0995222929936305,0,5,None,66,1,5,False,1,1
61,1,random,10,0.0995222929936305,0,5,None,66,1,5,False,1,1
62,2,random,10,0.0995222929936305,0,5,None,66,1,5,False,1,1
63,3,random,10,0.1365445859872611,0,5,None,66,1,5,False,1,1
64,4,random,10,0.1898885350318471,0,5,None,66,1,5,False,1,1
65,0,random,10,0.1451035031847133,0,7,None,66,1,5,False,1,1
66,1,random,10,0.0995222929936305,0,7,None,66,1,5,False,1,1
67,2,random,10,0.0995222929936305,0,7,None,66,1,5,False,1,1
68,3,random,10,0.0995222929936305,0,7,None,66,1,5,False,1,1
69,4,random,10,0.1788415605095541,0,7,None,66,1,5,False,1,1
70,0,random,10,0.0995222929936305,0,4,None,66,1,5,False,1,1
71,1,random,10,0.0995222929936305,0,4,None,66,1,5,False,1,1
72,2,random,10,0.0995222929936305,0,4,None,66,1,5,False,1,1
73,3,random,10,0.0995222929936305,0,4,None,66,1,5,False,1,1
74,4,random,10,0.0995222929936305,0,4,None,66,1,5,False,1,1
75,0,random,10,0.2040207006369426,0,10,None,66,1,5,False,1,1
76,1,random,10,0.3144904458598726,0,10,None,66,1,5,False,1,1
77,2,random,10,0.2819466560509554,0,10,None,66,1,5,False,1,1
78,3,random,10,0.2665207006369426,0,10,None,66,1,5,False,1,1
79,4,random,10,0.3023487261146497,0,10,None,66,1,5,False,1,1
80,0,random,10,0.0995222929936305,0,15,None,66,1,5,False,1,1
81,1,random,10,0.0995222929936305,0,15,None,66,1,5,False,1,1
82,2,random,10,0.0995222929936305,0,15,None,66,1,5,False,1,1
83,3,random,10,0.0995222929936305,0,15,None,66,1,5,False,1,1
84,4,random,10,0.0995222929936305,0,15,None,66,1,5,False,1,1
85,0,random,10,0.0998208598726114,0,12,None,66,1,5,False,1,1
86,1,random,10,0.0995222929936305,0,12,None,66,1,5,False,1,1
87,2,random,10,0.0995222929936305,0,12,None,66,1,5,False,1,1
88,3,random,10,0.0995222929936305,0,12,None,66,1,5,False,1,1
89,4,random,10,0.0995222929936305,0,12,None,66,1,5,False,1,1
90,0,random,10,0.0995222929936305,0,20,None,66,1,5,False,1,1
91,1,random,10,0.0995222929936305,0,20,None,66,1,5,False,1,1
92,2,random,10,0.1428144904458598,0,20,None,66,1,5,False,1,1
93,3,random,10,0.1995421974522293,0,20,None,66,1,5,False,1,1
94,4,random,10,0.2442277070063694,0,20,None,66,1,5,False,1,1
95,0,random,10,0.0995222929936305,0,28,None,66,1,5,False,1,1
96,1,random,10,0.0995222929936305,0,28,None,66,1,5,False,1,1
97,2,random,10,0.0995222929936305,0,28,None,66,1,5,False,1,1
98,3,random,10,0.0995222929936305,0,28,None,66,1,5,False,1,1
99,4,random,10,0.1724721337579617,0,28,None,66,1,5,False,1,1
100,0,random,10,0.1206210191082802,0,9,None,66,1,5,False,1,1
101,1,random,10,0.1002189490445859,0,9,None,66,1,5,False,1,1
102,2,random,10,0.0995222929936305,0,9,None,66,1,5,False,1,1
103,3,random,10,0.0995222929936305,0,9,None,66,1,5,False,1,1
104,4,random,10,0.1034036624203821,0,9,None,66,1,5,False,1,1
105,0,random,10,0.1857085987261146,0,14,None,66,1,5,False,1,1
106,1,random,10,0.1879976114649681,0,14,None,66,1,5,False,1,1
107,2,random,10,0.1830214968152866,0,14,None,66,1,5,False,1,1
108,3,random,10,0.1850119426751592,0,14,None,66,1,5,False,1,1
109,4,random,10,0.1939689490445859,0,14,None,66,1,5,False,1,1
110,0,random,10,0.0995222929936305,0,0,None,66,1,5,False,1,1
111,1,random,10,0.0995222929936305,0,0,None,66,1,5,False,1,1
112,2,random,10,0.0995222929936305,0,0,None,66,1,5,False,1,1
113,3,random,10,0.0995222929936305,0,0,None,66,1,5,False,1,1
114,4,random,10,0.0995222929936305,0,0,None,66,1,5,False,1,1
115,0,random,10,0.1922770700636942,0,25,None,66,1,5,False,1,1
116,1,random,10,0.2123805732484076,0,25,None,66,1,5,False,1,1
117,2,random,10,0.2601512738853503,0,25,None,66,1,5,False,1,1
118,3,random,10,0.2431329617834395,0,25,None,66,1,5,False,1,1
119,4,random,10,0.2607484076433121,0,25,None,66,1,5,False,1,1
120,0,random,10,0.1894904458598726,0,29,None,66,1,5,False,1,1
121,1,random,10,0.1883957006369426,0,29,None,66,1,5,False,1,1
122,2,random,10,0.1664012738853503,0,29,None,66,1,5,False,1,1
123,3,random,10,0.1934713375796178,0,29,None,66,1,5,False,1,1
124,4,random,10,0.198546974522293,0,29,None,66,1,5,False,1,1
125,0,random,10,0.2665207006369426,0,17,None,66,1,5,False,1,1
126,1,random,10,0.1393312101910828,0,17,None,66,1,5,False,1,1
127,2,random,10,0.1044984076433121,0,17,None,66,1,5,False,1,1
128,3,random,10,0.1072850318471337,0,17,None,66,1,5,False,1,1
129,4,random,10,0.1938694267515923,0,17,None,66,1,5,False,1,1
130,0,random,10,0.0997213375796178,0,11,None,66,1,5,False,1,1
131,1,random,10,0.0995222929936305,0,11,None,66,1,5,False,1,1
132,2,random,10,0.0995222929936305,0,11,None,66,1,5,False,1,1
133,3,random,10,0.0995222929936305,0,11,None,66,1,5,False,1,1
134,4,random,10,0.0995222929936305,0,11,None,66,1,5,False,1,1
135,0,random,10,0.1186305732484076,0,24,None,66,1,5,False,1,1
136,1,random,10,0.1934713375796178,0,24,None,66,1,5,False,1,1
137,2,random,10,0.1979498407643312,0,24,None,66,1,5,False,1,1
138,3,random,10,0.1978503184713375,0,24,None,66,1,5,False,1,1
139,4,random,10,0.1977507961783439,0,24,None,66,1,5,False,1,1
140,0,random,10,0.0995222929936305,0,8,None,66,1,5,False,1,1
141,1,random,10,0.0995222929936305,0,8,None,66,1,5,False,1,1
142,2,random,10,0.1656050955414012,0,8,None,66,1,5,False,1,1
143,3,random,10,0.1876990445859872,0,8,None,66,1,5,False,1,1
144,4,random,10,0.1880971337579617,0,8,None,66,1,5,False,1,1
145,0,random,10,0.2527866242038216,0,3,None,66,1,5,False,1,1
146,1,random,10,0.208499203821656,0,3,None,66,1,5,False,1,1
147,2,random,10,0.1808320063694267,0,3,None,66,1,5,False,1,1
148,3,random,10,0.1922770700636942,0,3,None,66,1,5,False,1,1
149,4,random,10,0.2533837579617834,0,3,None,66,1,5,False,1,1
150,0,random,10,0.1756568471337579,0,18,None,66,1,5,False,1,1
151,1,random,10,0.190983280254777,0,18,None,66,1,5,False,1,1
152,2,random,10,0.1921775477707006,0,18,None,66,1,5,False,1,1
153,3,random,10,0.194765127388535,0,18,None,66,1,5,False,1,1
154,4,random,10,0.1949641719745223,0,18,None,66,1,5,False,1,1
155,0,random,10,0.1001194267515923,0,19,None,66,1,5,False,1,1
156,1,random,10,0.0995222929936305,0,19,None,66,1,5,False,1,1
157,2,random,10,0.0997213375796178,0,19,None,66,1,5,False,1,1
158,3,random,10,0.1948646496815286,0,19,None,66,1,5,False,1,1
159,4,random,10,0.2568670382165605,0,19,None,66,1,5,False,1,1
160,0,random,10,0.1675955414012739,0,31,None,66,1,5,False,1,1
161,1,random,10,0.1180334394904458,0,31,None,66,1,5,False,1,1
162,2,random,10,0.0997213375796178,0,31,None,66,1,5,False,1,1
163,3,random,10,0.0999203821656051,0,31,None,66,1,5,False,1,1
164,4,random,10,0.1184315286624203,0,31,None,66,1,5,False,1,1
165,5,random,10,0.259156050955414,0,17,None,66,1,5,False,1,1
166,6,random,10,0.2775676751592357,0,17,None,66,1,5,False,1,1
167,7,random,10,0.3080214968152866,0,17,None,66,1,5,False,1,1
168,8,random,10,0.3443471337579618,0,17,None,66,1,5,False,1,1
169,9,random,10,0.3763933121019108,0,17,None,66,1,5,False,1,1
170,5,random,10,0.0995222929936305,0,11,None,66,1,5,False,1,1
171,6,random,10,0.0995222929936305,0,11,None,66,1,5,False,1,1
172,7,random,10,0.0995222929936305,0,11,None,66,1,5,False,1,1
173,8,random,10,0.0995222929936305,0,11,None,66,1,5,False,1,1
174,9,random,10,0.1549562101910828,0,11,None,66,1,5,False,1,1
175,5,random,10,0.1866042993630573,0,24,None,66,1,5,False,1,1
176,6,random,10,0.15515525477707,0,24,None,66,1,5,False,1,1
177,7,random,10,0.192078025477707,0,24,None,66,1,5,False,1,1
178,8,random,10,0.1971536624203821,0,24,None,66,1,5,False,1,1
179,9,random,10,0.1969546178343949,0,24,None,66,1,5,False,1,1
180,5,random,10,0.1180334394904458,0,1,None,66,1,5,False,1,1
181,6,random,10,0.1886942675159235,0,1,None,66,1,5,False,1,1
182,7,random,10,0.227906050955414,0,1,None,66,1,5,False,1,1
183,8,random,10,0.2361664012738853,0,1,None,66,1,5,False,1,1
184,9,random,10,0.2202428343949044,0,1,None,66,1,5,False,1,1
185,5,random,10,0.1256966560509554,0,22,None,66,1,5,False,1,1
186,6,random,10,0.1960589171974522,0,22,None,66,1,5,False,1,1
187,7,random,10,0.255374203821656,0,22,None,66,1,5,False,1,1
188,8,random,10,0.2783638535031847,0,22,None,66,1,5,False,1,1
189,9,random,10,0.2971735668789809,0,22,None,66,1,5,False,1,1
190,5,random,10,0.18640525477707,0,23,None,66,1,5,False,1,1
191,6,random,10,0.1962579617834395,0,23,None,66,1,5,False,1,1
192,7,random,10,0.197452229299363,0,23,None,66,1,5,False,1,1
193,8,random,10,0.2003383757961783,0,23,None,66,1,5,False,1,1
194,9,random,10,0.2348726114649681,0,23,None,66,1,5,False,1,1
195,5,random,10,0.2660230891719745,0,2,None,66,1,5,False,1,1
196,6,random,10,0.2761743630573248,0,2,None,66,1,5,False,1,1
197,7,random,10,0.2798566878980891,0,2,None,66,1,5,False,1,1
198,8,random,10,0.341859076433121,0,2,None,66,1,5,False,1,1
199,9,random,10,0.3642515923566879,0,2,None,66,1,5,False,1,1
200,5,random,10,0.2621417197452229,0,19,None,66,1,5,False,1,1
201,6,random,10,0.1891918789808917,0,19,None,66,1,5,False,1,1
202,7,random,10,0.1976512738853503,0,19,None,66,1,5,False,1,1
203,8,random,10,0.1089769108280254,0,19,None,66,1,5,False,1,1
204,9,random,10,0.0997213375796178,0,19,None,66,1,5,False,1,1
205,5,random,10,0.0995222929936305,0,8,None,66,1,5,False,1,1
206,6,random,10,0.1135549363057324,0,8,None,66,1,5,False,1,1
207,7,random,10,0.1821257961783439,0,8,None,66,1,5,False,1,1
208,8,random,10,0.1865047770700637,0,8,None,66,1,5,False,1,1
209,9,random,10,0.1934713375796178,0,8,None,66,1,5,False,1,1
210,5,random,10,0.2192476114649681,0,21,None,66,1,5,False,1,1
211,6,random,10,0.2138734076433121,0,21,None,66,1,5,False,1,1
212,7,random,10,0.256468949044586,0,21,None,66,1,5,False,1,1
213,8,random,10,0.3142914012738853,0,21,None,66,1,5,False,1,1
214,9,random,10,0.3577826433121019,0,21,None,66,1,5,False,1,1
215,5,random,10,0.1964570063694267,0,5,None,66,1,5,False,1,1
216,6,random,10,0.2037221337579617,0,5,None,66,1,5,False,1,1
217,7,random,10,0.2174562101910828,0,5,None,66,1,5,False,1,1
218,8,random,10,0.2325835987261146,0,5,None,66,1,5,False,1,1
219,9,random,10,0.2575636942675159,0,5,None,66,1,5,False,1,1
220,5,random,10,0.1814291401273885,0,13,None,66,1,5,False,1,1
221,6,random,10,0.2330812101910828,0,13,None,66,1,5,False,1,1
222,7,random,10,0.2789609872611465,0,13,None,66,1,5,False,1,1
223,8,random,10,0.2913017515923566,0,13,None,66,1,5,False,1,1
224,9,random,10,0.293093152866242,0,13,None,66,1,5,False,1,1
225,5,random,10,0.2666202229299363,0,12,None,66,1,5,False,1,1
226,6,random,10,0.2788614649681528,0,12,None,66,1,5,False,1,1
227,7,random,10,0.1530652866242038,0,12,None,66,1,5,False,1,1
228,8,random,10,0.1741640127388535,0,12,None,66,1,5,False,1,1
229,9,random,10,0.2278065286624203,0,12,None,66,1,5,False,1,1
230,5,random,10,0.0995222929936305,0,26,None,66,1,5,False,1,1
231,6,random,10,0.0995222929936305,0,26,None,66,1,5,False,1,1
232,7,random,10,0.1511743630573248,0,26,None,66,1,5,False,1,1
233,8,random,10,0.1923765923566879,0,26,None,66,1,5,False,1,1
234,9,random,10,0.1972531847133758,0,26,None,66,1,5,False,1,1
235,5,random,10,0.0995222929936305,0,15,None,66,1,5,False,1,1
236,6,random,10,0.0995222929936305,0,15,None,66,1,5,False,1,1
237,7,random,10,0.1020103503184713,0,15,None,66,1,5,False,1,1
238,8,random,10,0.1371417197452229,0,15,None,66,1,5,False,1,1
239,9,random,10,0.2105891719745223,0,15,None,66,1,5,False,1,1
240,5,random,10,0.0995222929936305,0,10,None,66,1,5,False,1,1
241,6,random,10,0.0995222929936305,0,10,None,66,1,5,False,1,1
242,7,random,10,0.0995222929936305,0,10,None,66,1,5,False,1,1
243,8,random,10,0.0995222929936305,0,10,None,66,1,5,False,1,1
244,9,random,10,0.0995222929936305,0,10,None,66,1,5,False,1,1
245,5,random,10,0.0995222929936305,0,20,None,66,1,5,False,1,1
246,6,random,10,0.0995222929936305,0,20,None,66,1,5,False,1,1
247,7,random,10,0.0995222929936305,0,20,None,66,1,5,False,1,1
248,8,random,10,0.1144506369426751,0,20,None,66,1,5,False,1,1
249,9,random,10,0.15625,0,20,None,66,1,5,False,1,1
250,5,random,10,0.151671974522293,0,28,None,66,1,5,False,1,1
251,6,random,10,0.1666998407643312,0,28,None,66,1,5,False,1,1
252,7,random,10,0.0995222929936305,0,28,None,66,1,5,False,1,1
253,8,random,10,0.0995222929936305,0,28,None,66,1,5,False,1,1
254,9,random,10,0.1729697452229299,0,28,None,66,1,5,False,1,1
255,5,random,10,0.0995222929936305,0,30,None,66,1,5,False,1,1
256,6,random,10,0.0995222929936305,0,30,None,66,1,5,False,1,1
257,7,random,10,0.1870023885350318,0,30,None,66,1,5,False,1,1
258,8,random,10,0.195561305732484,0,30,None,66,1,5,False,1,1
259,9,random,10,0.2505971337579618,0,30,None,66,1,5,False,1,1
260,5,random,10,0.2006369426751592,0,18,None,66,1,5,False,1,1
261,6,random,10,0.1970541401273885,0,18,None,66,1,5,False,1,1
262,7,random,10,0.1969546178343949,0,18,None,66,1,5,False,1,1
263,8,random,10,0.1970541401273885,0,18,None,66,1,5,False,1,1
264,9,random,10,0.2023288216560509,0,18,None,66,1,5,False,1,1
265,5,random,10,0.1057921974522293,0,27,None,66,1,5,False,1,1
266,6,random,10,0.1053941082802547,0,27,None,66,1,5,False,1,1
267,7,random,10,0.1086783439490445,0,27,None,66,1,5,False,1,1
268,8,random,10,0.1574442675159235,0,27,None,66,1,5,False,1,1
269,9,random,10,0.1907842356687898,0,27,None,66,1,5,False,1,1
270,5,random,10,0.1504777070063694,0,31,None,66,1,5,False,1,1
271,6,random,10,0.1790406050955414,0,31,None,66,1,5,False,1,1
272,7,random,10,0.2596536624203822,0,31,None,66,1,5,False,1,1
273,8,random,10,0.2760748407643312,0,31,None,66,1,5,False,1,1
274,9,random,10,0.2794585987261146,0,31,None,66,1,5,False,1,1
275,5,random,10,0.0995222929936305,0,4,None,66,1,5,False,1,1
276,6,random,10,0.0995222929936305,0,4,None,66,1,5,False,1,1
277,7,random,10,0.0995222929936305,0,4,None,66,1,5,False,1,1
278,8,random,10,0.0995222929936305,0,4,None,66,1,5,False,1,1
279,9,random,10,0.0995222929936305,0,4,None,66,1,5,False,1,1
280,5,random,10,0.1080812101910828,0,7,None,66,1,5,False,1,1
281,6,random,10,0.1563495222929936,0,7,None,66,1,5,False,1,1
282,7,random,10,0.195561305732484,0,7,None,66,1,5,False,1,1
283,8,random,10,0.2620421974522293,0,7,None,66,1,5,False,1,1
284,9,random,10,0.2800557324840764,0,7,None,66,1,5,False,1,1
285,5,random,10,0.2008359872611465,0,6,None,66,1,5,False,1,1
286,6,random,10,0.1972531847133758,0,6,None,66,1,5,False,1,1
287,7,random,10,0.1911823248407643,0,6,None,66,1,5,False,1,1
288,8,random,10,0.1836186305732484,0,6,None,66,1,5,False,1,1
289,9,random,10,0.1885947452229299,0,6,None,66,1,5,False,1,1
290,5,random,10,0.0995222929936305,0,16,None,66,1,5,False,1,1
291,6,random,10,0.1013136942675159,0,16,None,66,1,5,False,1,1
292,7,random,10,0.1434116242038216,0,16,None,66,1,5,False,1,1
293,8,random,10,0.1725716560509554,0,16,None,66,1,5,False,1,1
294,9,random,10,0.185609076433121,0,16,None,66,1,5,False,1,1
295,5,random,10,0.0995222929936305,0,32,None,66,1,5,False,1,1
296,6,random,10,0.0995222929936305,0,32,None,66,1,5,False,1,1
297,7,random,10,0.0995222929936305,0,32,None,66,1,5,False,1,1
298,8,random,10,0.1522691082802547,0,32,None,66,1,5,False,1,1
299,9,random,10,0.1951632165605095,0,32,None,66,1,5,False,1,1
300,5,random,10,0.0995222929936305,0,3,None,66,1,5,False,1,1
301,6,random,10,0.2704020700636942,0,3,None,66,1,5,False,1,1
302,7,random,10,0.1207205414012738,0,3,None,66,1,5,False,1,1
303,8,random,10,0.0995222929936305,0,3,None,66,1,5,False,1,1
304,9,random,10,0.0995222929936305,0,3,None,66,1,5,False,1,1
305,5,random,10,0.0995222929936305,0,0,None,66,1,5,False,1,1
306,6,random,10,0.0995222929936305,0,0,None,66,1,5,False,1,1
307,7,random,10,0.0995222929936305,0,0,None,66,1,5,False,1,1
308,8,random,10,0.0995222929936305,0,0,None,66,1,5,False,1,1
309,9,random,10,0.0995222929936305,0,0,None,66,1,5,False,1,1
310,5,random,10,0.2313893312101911,0,9,None,66,1,5,False,1,1
311,6,random,10,0.1636146496815286,0,9,None,66,1,5,False,1,1
312,7,random,10,0.1758558917197452,0,9,None,66,1,5,False,1,1
313,8,random,10,0.1924761146496815,0,9,None,66,1,5,False,1,1
314,9,random,10,0.1963574840764331,0,9,None,66,1,5,False,1,1
315,5,random,10,0.267515923566879,0,25,None,66,1,5,False,1,1
316,6,random,10,0.2686106687898089,0,25,None,66,1,5,False,1,1
317,7,random,10,0.2694068471337579,0,25,None,66,1,5,False,1,1
318,8,random,10,0.2699044585987261,0,25,None,66,1,5,False,1,1
319,9,random,10,0.2708001592356688,0,25,None,66,1,5,False,1,1
320,5,random,10,0.1737659235668789,0,14,None,66,1,5,False,1,1
321,6,random,10,0.1989450636942675,0,14,None,66,1,5,False,1,1
322,7,random,10,0.1009156050955414,0,14,None,66,1,5,False,1,1
323,8,random,10,0.1481886942675159,0,14,None,66,1,5,False,1,1
324,9,random,10,0.1911823248407643,0,14,None,66,1,5,False,1,1
325,5,random,10,0.1749601910828025,0,29,None,66,1,5,False,1,1
326,6,random,10,0.1610270700636942,0,29,None,66,1,5,False,1,1
327,7,random,10,0.1953622611464968,0,29,None,66,1,5,False,1,1
328,8,random,10,0.1980493630573248,0,29,None,66,1,5,False,1,1
329,9,random,10,0.1982484076433121,0,29,None,66,1,5,False,1,1
330,10,random,10,0.1202229299363057,0,1,None,66,1,5,False,1,1
331,11,random,10,0.1485867834394904,0,1,None,66,1,5,False,1,1
332,12,random,10,0.1813296178343949,0,1,None,66,1,5,False,1,1
333,13,random,10,0.2042197452229299,0,1,None,66,1,5,False,1,1
334,14,random,10,0.1888933121019108,0,1,None,66,1,5,False,1,1
335,10,random,10,0.3700238853503185,0,2,None,66,1,5,False,1,1
336,11,random,10,0.3724124203821656,0,2,None,66,1,5,False,1,1
337,12,random,10,0.3741042993630573,0,2,None,66,1,5,False,1,1
338,13,random,10,0.3743033439490446,0,2,None,66,1,5,False,1,1
339,14,random,10,0.3760947452229299,0,2,None,66,1,5,False,1,1
340,10,random,10,0.1935708598726114,0,11,None,66,1,5,False,1,1
341,11,random,10,0.1964570063694267,0,11,None,66,1,5,False,1,1
342,12,random,10,0.2078025477707006,0,11,None,66,1,5,False,1,1
343,13,random,10,0.2213375796178344,0,11,None,66,1,5,False,1,1
344,14,random,10,0.2386544585987261,0,11,None,66,1,5,False,1,1
345,10,random,10,0.1863057324840764,0,15,None,66,1,5,False,1,1
346,11,random,10,0.2245222929936305,0,15,None,66,1,5,False,1,1
347,12,random,10,0.2835390127388535,0,15,None,66,1,5,False,1,1
348,13,random,10,0.2655254777070063,0,15,None,66,1,5,False,1,1
349,14,random,10,0.3021496815286624,0,15,None,66,1,5,False,1,1
350,10,random,10,0.0995222929936305,0,28,None,66,1,5,False,1,1
351,11,random,10,0.0995222929936305,0,28,None,66,1,5,False,1,1
352,12,random,10,0.0995222929936305,0,28,None,66,1,5,False,1,1
353,13,random,10,0.0995222929936305,0,28,None,66,1,5,False,1,1
354,14,random,10,0.0995222929936305,0,28,None,66,1,5,False,1,1
355,10,random,10,0.3923168789808917,0,17,None,66,1,5,False,1,1
356,11,random,10,0.4178941082802547,0,17,None,66,1,5,False,1,1
357,12,random,10,0.4625796178343949,0,17,None,66,1,5,False,1,1
358,13,random,10,0.4885549363057325,0,17,None,66,1,5,False,1,1
359,14,random,10,0.5044785031847133,0,17,None,66,1,5,False,1,1
360,10,random,10,0.2234275477707006,0,16,None,66,1,5,False,1,1
361,11,random,10,0.2737858280254777,0,16,None,66,1,5,False,1,1
362,12,random,10,0.3104100318471338,0,16,None,66,1,5,False,1,1
363,13,random,10,0.3401671974522293,0,16,None,66,1,5,False,1,1
364,14,random,10,0.3738057324840764,0,16,None,66,1,5,False,1,1
365,10,random,10,0.3401671974522293,0,18,None,66,1,5,False,1,1
366,11,random,10,0.2925955414012738,0,18,None,66,1,5,False,1,1
367,12,random,10,0.2779657643312102,0,18,None,66,1,5,False,1,1
368,13,random,10,0.2824442675159235,0,18,None,66,1,5,False,1,1
369,14,random,10,0.2850318471337579,0,18,None,66,1,5,False,1,1
370,10,random,10,0.293093152866242,0,13,None,66,1,5,False,1,1
371,11,random,10,0.2939888535031847,0,13,None,66,1,5,False,1,1
372,12,random,10,0.302249203821656,0,13,None,66,1,5,False,1,1
373,13,random,10,0.3125995222929936,0,13,None,66,1,5,False,1,1
374,14,random,10,0.3240445859872611,0,13,None,66,1,5,False,1,1
375,10,random,10,0.3301154458598726,0,21,None,66,1,5,False,1,1
376,11,random,10,0.3455414012738853,0,21,None,66,1,5,False,1,1
377,12,random,10,0.3643511146496815,0,21,None,66,1,5,False,1,1
378,13,random,10,0.3719148089171974,0,21,None,66,1,5,False,1,1
379,14,random,10,0.3733081210191082,0,21,None,66,1,5,False,1,1
380,10,random,10,0.2867237261146497,0,19,None,66,1,5,False,1,1
381,11,random,10,0.198546974522293,0,19,None,66,1,5,False,1,1
382,12,random,10,0.1989450636942675,0,19,None,66,1,5,False,1,1
383,13,random,10,0.1990445859872611,0,19,None,66,1,5,False,1,1
384,14,random,10,0.2254179936305732,0,19,None,66,1,5,False,1,1
385,10,random,10,0.2710987261146497,0,29,None,66,1,5,False,1,1
386,11,random,10,0.2818471337579618,0,29,None,66,1,5,False,1,1
387,12,random,10,0.3367834394904458,0,29,None,66,1,5,False,1,1
388,13,random,10,0.3365843949044586,0,29,None,66,1,5,False,1,1
389,14,random,10,0.3368829617834395,0,29,None,66,1,5,False,1,1
390,10,random,10,0.2737858280254777,0,25,None,66,1,5,False,1,1
391,11,random,10,0.288515127388535,0,25,None,66,1,5,False,1,1
392,12,random,10,0.3193670382165605,0,25,None,66,1,5,False,1,1
393,13,random,10,0.3539012738853503,0,25,None,66,1,5,False,1,1
394,14,random,10,0.3718152866242038,0,25,None,66,1,5,False,1,1
395,10,random,10,0.3575835987261146,0,9,None,66,1,5,False,1,1
396,11,random,10,0.2792595541401274,0,9,None,66,1,5,False,1,1
397,12,random,10,0.2950835987261146,0,9,None,66,1,5,False,1,1
398,13,random,10,0.302249203821656,0,9,None,66,1,5,False,1,1
399,14,random,10,0.3064291401273885,0,9,None,66,1,5,False,1,1
400,10,random,10,0.2868232484076433,0,5,None,66,1,5,False,1,1
401,11,random,10,0.3147890127388535,0,5,None,66,1,5,False,1,1
402,12,random,10,0.332703025477707,0,5,None,66,1,5,False,1,1
403,13,random,10,0.3421576433121019,0,5,None,66,1,5,False,1,1
404,14,random,10,0.3476313694267516,0,5,None,66,1,5,False,1,1
405,10,random,10,0.4004777070063694,0,7,None,66,1,5,False,1,1
406,11,random,10,0.3561902866242038,0,7,None,66,1,5,False,1,1
407,12,random,10,0.3583797770700637,0,7,None,66,1,5,False,1,1
408,13,random,10,0.3622611464968153,0,7,None,66,1,5,False,1,1
409,14,random,10,0.3661425159235669,0,7,None,66,1,5,False,1,1
410,10,random,10,0.2907046178343949,0,12,None,66,1,5,False,1,1
411,11,random,10,0.3165804140127388,0,12,None,66,1,5,False,1,1
412,12,random,10,0.3174761146496815,0,12,None,66,1,5,False,1,1
413,13,random,10,0.3187699044585987,0,12,None,66,1,5,False,1,1
414,14,random,10,0.3214570063694267,0,12,None,66,1,5,False,1,1
415,10,random,10,0.2919984076433121,0,14,None,66,1,5,False,1,1
416,11,random,10,0.2856289808917197,0,14,None,66,1,5,False,1,1
417,12,random,10,0.268312101910828,0,14,None,66,1,5,False,1,1
418,13,random,10,0.2700039808917197,0,14,None,66,1,5,False,1,1
419,14,random,10,0.2684116242038216,0,14,None,66,1,5,False,1,1
420,10,random,10,0.1030055732484076,0,26,None,66,1,5,False,1,1
421,11,random,10,0.1003184713375796,0,26,None,66,1,5,False,1,1
422,12,random,10,0.1655055732484076,0,26,None,66,1,5,False,1,1
423,13,random,10,0.1921775477707006,0,26,None,66,1,5,False,1,1
424,14,random,10,0.1960589171974522,0,26,None,66,1,5,False,1,1
425,10,random,10,0.0995222929936305,0,4,None,66,1,5,False,1,1
426,11,random,10,0.0995222929936305,0,4,None,66,1,5,False,1,1
427,12,random,10,0.0995222929936305,0,4,None,66,1,5,False,1,1
428,13,random,10,0.0995222929936305,0,4,None,66,1,5,False,1,1
429,14,random,10,0.0997213375796178,0,4,None,66,1,5,False,1,1
430,10,random,10,0.252687101910828,0,6,None,66,1,5,False,1,1
431,11,random,10,0.1975517515923567,0,6,None,66,1,5,False,1,1
432,12,random,10,0.1973527070063694,0,6,None,66,1,5,False,1,1
433,13,random,10,0.223328025477707,0,6,None,66,1,5,False,1,1
434,14,random,10,0.2796576433121019,0,6,None,66,1,5,False,1,1
435,10,random,10,0.336484872611465,0,3,None,66,1,5,False,1,1
436,11,random,10,0.2762738853503185,0,3,None,66,1,5,False,1,1
437,12,random,10,0.2476114649681528,0,3,None,66,1,5,False,1,1
438,13,random,10,0.194765127388535,0,3,None,66,1,5,False,1,1
439,14,random,10,0.1416202229299363,0,3,None,66,1,5,False,1,1
440,10,random,10,0.2547770700636942,0,8,None,66,1,5,False,1,1
441,11,random,10,0.1986464968152866,0,8,None,66,1,5,False,1,1
442,12,random,10,0.199343152866242,0,8,None,66,1,5,False,1,1
443,13,random,10,0.2427348726114649,0,8,None,66,1,5,False,1,1
444,14,random,10,0.2966759554140127,0,8,None,66,1,5,False,1,1
445,10,random,10,0.0995222929936305,0,20,None,66,1,5,False,1,1
446,11,random,10,0.0995222929936305,0,20,None,66,1,5,False,1,1
447,12,random,10,0.0997213375796178,0,20,None,66,1,5,False,1,1
448,13,random,10,0.1621218152866242,0,20,None,66,1,5,False,1,1
449,14,random,10,0.232484076433121,0,20,None,66,1,5,False,1,1
450,10,random,10,0.0995222929936305,0,10,None,66,1,5,False,1,1
451,11,random,10,0.0995222929936305,0,10,None,66,1,5,False,1,1
452,12,random,10,0.0995222929936305,0,10,None,66,1,5,False,1,1
453,13,random,10,0.0995222929936305,0,10,None,66,1,5,False,1,1
454,14,random,10,0.1112659235668789,0,10,None,66,1,5,False,1,1
455,10,random,10,0.3293192675159235,0,22,None,66,1,5,False,1,1
456,11,random,10,0.386046974522293,0,22,None,66,1,5,False,1,1
457,12,random,10,0.4142117834394904,0,22,None,66,1,5,False,1,1
458,13,random,10,0.4252587579617834,0,22,None,66,1,5,False,1,1
459,14,random,10,0.4392914012738853,0,22,None,66,1,5,False,1,1
460,10,random,10,0.237858280254777,0,23,None,66,1,5,False,1,1
461,11,random,10,0.2471138535031847,0,23,None,66,1,5,False,1,1
462,12,random,10,0.26453025477707,0,23,None,66,1,5,False,1,1
463,13,random,10,0.2765724522292994,0,23,None,66,1,5,False,1,1
464,14,random,10,0.2815485668789809,0,23,None,66,1,5,False,1,1
465,10,random,10,0.0996218152866242,0,32,None,66,1,5,False,1,1
466,11,random,10,0.1359474522292993,0,32,None,66,1,5,False,1,1
467,12,random,10,0.1937699044585987,0,32,None,66,1,5,False,1,1
468,13,random,10,0.198546974522293,0,32,None,66,1,5,False,1,1
469,14,random,10,0.1989450636942675,0,32,None,66,1,5,False,1,1
470,10,random,10,0.2034235668789809,0,24,None,66,1,5,False,1,1
471,11,random,10,0.1965565286624203,0,24,None,66,1,5,False,1,1
472,12,random,10,0.1967555732484076,0,24,None,66,1,5,False,1,1
473,13,random,10,0.1970541401273885,0,24,None,66,1,5,False,1,1
474,14,random,10,0.1972531847133758,0,24,None,66,1,5,False,1,1
475,10,random,10,0.2982683121019108,0,27,None,66,1,5,False,1,1
476,11,random,10,0.2717953821656051,0,27,None,66,1,5,False,1,1
477,12,random,10,0.2893113057324841,0,27,None,66,1,5,False,1,1
478,13,random,10,0.3568869426751592,0,27,None,66,1,5,False,1,1
479,14,random,10,0.4707404458598726,0,27,None,66,1,5,False,1,1
480,10,random,10,0.2193471337579617,0,30,None,66,1,5,False,1,1
481,11,random,10,0.1962579617834395,0,30,None,66,1,5,False,1,1
482,12,random,10,0.1968550955414012,0,30,None,66,1,5,False,1,1
483,13,random,10,0.2415406050955414,0,30,None,66,1,5,False,1,1
484,14,random,10,0.3306130573248407,0,30,None,66,1,5,False,1,1
485,10,random,10,0.0995222929936305,0,0,None,66,1,5,False,1,1
486,11,random,10,0.0995222929936305,0,0,None,66,1,5,False,1,1
487,12,random,10,0.0995222929936305,0,0,None,66,1,5,False,1,1
488,13,random,10,0.0995222929936305,0,0,None,66,1,5,False,1,1
489,14,random,10,0.0995222929936305,0,0,None,66,1,5,False,1,1
490,10,random,10,0.2792595541401274,0,31,None,66,1,5,False,1,1
491,11,random,10,0.2778662420382166,0,31,None,66,1,5,False,1,1
492,12,random,10,0.286624203821656,0,31,None,66,1,5,False,1,1
493,13,random,10,0.3157842356687898,0,31,None,66,1,5,False,1,1
494,14,random,10,0.3291202229299363,0,31,None,66,1,5,False,1,1
990,15,random,10,0.1256966560509554,0,1,None,66,1,5,False,1,1
991,16,random,10,0.1536624203821656,0,1,None,66,1,5,False,1,1
992,17,random,10,0.1720740445859872,0,1,None,66,1,5,False,1,1
993,18,random,10,0.1800358280254777,0,1,None,66,1,5,False,1,1
994,19,random,10,0.1877985668789809,0,1,None,66,1,5,False,1,1
995,15,random,10,0.3787818471337579,0,2,None,66,1,5,False,1,1
996,16,random,10,0.3806727707006369,0,2,None,66,1,5,False,1,1
997,17,random,10,0.3854498407643312,0,2,None,66,1,5,False,1,1
998,18,random,10,0.3898288216560509,0,2,None,66,1,5,False,1,1
999,19,random,10,0.3946058917197452,0,2,None,66,1,5,False,1,1
1000,15,random,10,0.3517117834394904,0,5,None,66,1,5,False,1,1
1001,16,random,10,0.356389331210191,0,5,None,66,1,5,False,1,1
1002,17,random,10,0.3608678343949044,0,5,None,66,1,5,False,1,1
1003,18,random,10,0.3643511146496815,0,5,None,66,1,5,False,1,1
1004,19,random,10,0.3671377388535032,0,5,None,66,1,5,False,1,1
1005,15,random,10,0.1481886942675159,0,10,None,66,1,5,False,1,1
1006,16,random,10,0.1665007961783439,0,10,None,66,1,5,False,1,1
1007,17,random,10,0.1804339171974522,0,10,None,66,1,5,False,1,1
1008,18,random,10,0.2029259554140127,0,10,None,66,1,5,False,1,1
1009,19,random,10,0.2428343949044586,0,10,None,66,1,5,False,1,1
1010,15,random,10,0.3112062101910828,0,15,None,66,1,5,False,1,1
1011,16,random,10,0.3187699044585987,0,15,None,66,1,5,False,1,1
1012,17,random,10,0.3082205414012738,0,15,None,66,1,5,False,1,1
1013,18,random,10,0.3275278662420382,0,15,None,66,1,5,False,1,1
1014,19,random,10,0.3355891719745223,0,15,None,66,1,5,False,1,1
1015,15,random,10,0.40515525477707,0,16,None,66,1,5,False,1,1
1016,16,random,10,0.4317277070063694,0,16,None,66,1,5,False,1,1
1017,17,random,10,0.4509355095541401,0,16,None,66,1,5,False,1,1
1018,18,random,10,0.4652667197452229,0,16,None,66,1,5,False,1,1
1019,19,random,10,0.4750199044585987,0,16,None,66,1,5,False,1,1
1020,15,random,10,0.2870222929936306,0,11,None,66,1,5,False,1,1
1021,16,random,10,0.2970740445859872,0,11,None,66,1,5,False,1,1
1022,17,random,10,0.3201632165605095,0,11,None,66,1,5,False,1,1
1023,18,random,10,0.3525079617834395,0,11,None,66,1,5,False,1,1
1024,19,random,10,0.3898288216560509,0,11,None,66,1,5,False,1,1
1025,15,random,10,0.401671974522293,0,8,None,66,1,5,False,1,1
1026,16,random,10,0.4125199044585987,0,8,None,66,1,5,False,1,1
1027,17,random,10,0.4124203821656051,0,8,None,66,1,5,False,1,1
1028,18,random,10,0.4128184713375796,0,8,None,66,1,5,False,1,1
1029,19,random,10,0.4179936305732484,0,8,None,66,1,5,False,1,1
1030,15,random,10,0.2908041401273885,0,20,None,66,1,5,False,1,1
1031,16,random,10,0.2910031847133758,0,20,None,66,1,5,False,1,1
1032,17,random,10,0.302249203821656,0,20,None,66,1,5,False,1,1
1033,18,random,10,0.3254378980891719,0,20,None,66,1,5,False,1,1
1034,19,random,10,0.34265525477707,0,20,None,66,1,5,False,1,1
1035,15,random,10,0.2658240445859872,0,19,None,66,1,5,False,1,1
1036,16,random,10,0.1988455414012739,0,19,None,66,1,5,False,1,1
1037,17,random,10,0.2076035031847133,0,19,None,66,1,5,False,1,1
1038,18,random,10,0.2426353503184713,0,19,None,66,1,5,False,1,1
1039,19,random,10,0.3064291401273885,0,19,None,66,1,5,False,1,1
1040,15,random,10,0.449343152866242,0,22,None,66,1,5,False,1,1
1041,16,random,10,0.4626791401273885,0,22,None,66,1,5,False,1,1
1042,17,random,10,0.4732285031847134,0,22,None,66,1,5,False,1,1
1043,18,random,10,0.4863654458598726,0,22,None,66,1,5,False,1,1
1044,19,random,10,0.5132364649681529,0,22,None,66,1,5,False,1,1
1045,15,random,10,0.3479299363057325,0,14,None,66,1,5,False,1,1
1046,16,random,10,0.2708001592356688,0,14,None,66,1,5,False,1,1
1047,17,random,10,0.270999203821656,0,14,None,66,1,5,False,1,1
1048,18,random,10,0.2718949044585987,0,14,None,66,1,5,False,1,1
1049,19,random,10,0.2727906050955414,0,14,None,66,1,5,False,1,1
1050,15,random,10,0.2750796178343949,0,23,None,66,1,5,False,1,1
1051,16,random,10,0.2803542993630573,0,23,None,66,1,5,False,1,1
1052,17,random,10,0.2828423566878981,0,23,None,66,1,5,False,1,1
1053,18,random,10,0.285828025477707,0,23,None,66,1,5,False,1,1
1054,19,random,10,0.2874203821656051,0,23,None,66,1,5,False,1,1
1055,15,random,10,0.369327229299363,0,21,None,66,1,5,False,1,1
1056,16,random,10,0.3722133757961783,0,21,None,66,1,5,False,1,1
1057,17,random,10,0.3727109872611465,0,21,None,66,1,5,False,1,1
1058,18,random,10,0.3728105095541401,0,21,None,66,1,5,False,1,1
1059,19,random,10,0.3729100318471338,0,21,None,66,1,5,False,1,1
1060,15,random,10,0.5109474522292994,0,17,None,66,1,5,False,1,1
1061,16,random,10,0.5171178343949044,0,17,None,66,1,5,False,1,1
1062,17,random,10,0.5226910828025477,0,17,None,66,1,5,False,1,1
1063,18,random,10,0.528562898089172,0,17,None,66,1,5,False,1,1
1064,19,random,10,0.5348328025477707,0,17,None,66,1,5,False,1,1
1065,15,random,10,0.0995222929936305,0,28,None,66,1,5,False,1,1
1066,16,random,10,0.2291003184713375,0,28,None,66,1,5,False,1,1
1067,17,random,10,0.1946656050955414,0,28,None,66,1,5,False,1,1
1068,18,random,10,0.1795382165605095,0,28,None,66,1,5,False,1,1
1069,19,random,10,0.1808320063694267,0,28,None,66,1,5,False,1,1
1070,15,random,10,0.1967555732484076,0,24,None,66,1,5,False,1,1
1071,16,random,10,0.1964570063694267,0,24,None,66,1,5,False,1,1
1072,17,random,10,0.1972531847133758,0,24,None,66,1,5,False,1,1
1073,18,random,10,0.2289012738853503,0,24,None,66,1,5,False,1,1
1074,19,random,10,0.2497014331210191,0,24,None,66,1,5,False,1,1
1075,15,random,10,0.3631568471337579,0,9,None,66,1,5,False,1,1
1076,16,random,10,0.3478304140127388,0,9,None,66,1,5,False,1,1
1077,17,random,10,0.3551950636942675,0,9,None,66,1,5,False,1,1
1078,18,random,10,0.3651472929936306,0,9,None,66,1,5,False,1,1
1079,19,random,10,0.3781847133757962,0,9,None,66,1,5,False,1,1
1080,15,random,10,0.3329020700636942,0,29,None,66,1,5,False,1,1
1081,16,random,10,0.332703025477707,0,29,None,66,1,5,False,1,1
1082,17,random,10,0.337281050955414,0,29,None,66,1,5,False,1,1
1083,18,random,10,0.3423566878980891,0,29,None,66,1,5,False,1,1
1084,19,random,10,0.3512141719745223,0,29,None,66,1,5,False,1,1
1085,15,random,10,0.2864251592356688,0,30,None,66,1,5,False,1,1
1086,16,random,10,0.2876194267515923,0,30,None,66,1,5,False,1,1
1087,17,random,10,0.3703224522292994,0,30,None,66,1,5,False,1,1
1088,18,random,10,0.3827627388535032,0,30,None,66,1,5,False,1,1
1089,19,random,10,0.3853503184713376,0,30,None,66,1,5,False,1,1
1090,15,random,10,0.3257364649681528,0,27,None,66,1,5,False,1,1
1091,16,random,10,0.404359076433121,0,27,None,66,1,5,False,1,1
1092,17,random,10,0.449343152866242,0,27,None,66,1,5,False,1,1
1093,18,random,10,0.4957205414012738,0,27,None,66,1,5,False,1,1
1094,19,random,10,0.5073646496815286,0,27,None,66,1,5,False,1,1
1095,15,random,10,0.3615644904458598,0,18,None,66,1,5,False,1,1
1096,16,random,10,0.352109872611465,0,18,None,66,1,5,False,1,1
1097,17,random,10,0.3511146496815286,0,18,None,66,1,5,False,1,1
1098,18,random,10,0.3536027070063694,0,18,None,66,1,5,False,1,1
1099,19,random,10,0.357484076433121,0,18,None,66,1,5,False,1,1
1100,15,random,10,0.3369824840764331,0,31,None,66,1,5,False,1,1
1101,16,random,10,0.3436504777070063,0,31,None,66,1,5,False,1,1
1102,17,random,10,0.3493232484076433,0,31,None,66,1,5,False,1,1
1103,18,random,10,0.3583797770700637,0,31,None,66,1,5,False,1,1
1104,19,random,10,0.3679339171974522,0,31,None,66,1,5,False,1,1
1105,15,random,10,0.3857484076433121,0,7,None,66,1,5,False,1,1
1106,16,random,10,0.3678343949044586,0,7,None,66,1,5,False,1,1
1107,17,random,10,0.4168988853503185,0,7,None,66,1,5,False,1,1
1108,18,random,10,0.4460589171974522,0,7,None,66,1,5,False,1,1
1109,19,random,10,0.4551154458598726,0,7,None,66,1,5,False,1,1
1110,15,random,10,0.2194466560509554,0,4,None,66,1,5,False,1,1
1111,16,random,10,0.2091958598726114,0,4,None,66,1,5,False,1,1
1112,17,random,10,0.2819466560509554,0,4,None,66,1,5,False,1,1
1113,18,random,10,0.3131966560509554,0,4,None,66,1,5,False,1,1
1114,19,random,10,0.3515127388535032,0,4,None,66,1,5,False,1,1
1115,15,random,10,0.197452229299363,0,32,None,66,1,5,False,1,1
1116,16,random,10,0.1989450636942675,0,32,None,66,1,5,False,1,1
1117,17,random,10,0.1990445859872611,0,32,None,66,1,5,False,1,1
1118,18,random,10,0.1989450636942675,0,32,None,66,1,5,False,1,1
1119,19,random,10,0.1989450636942675,0,32,None,66,1,5,False,1,1
1120,15,random,10,0.2567675159235669,0,6,None,66,1,5,False,1,1
1121,16,random,10,0.2523885350318471,0,6,None,66,1,5,False,1,1
1122,17,random,10,0.2669187898089172,0,6,None,66,1,5,False,1,1
1123,18,random,10,0.3217555732484076,0,6,None,66,1,5,False,1,1
1124,19,random,10,0.339171974522293,0,6,None,66,1,5,False,1,1
1125,15,random,10,0.3254378980891719,0,3,None,66,1,5,False,1,1
1126,16,random,10,0.2761743630573248,0,3,None,66,1,5,False,1,1
1127,17,random,10,0.255374203821656,0,3,None,66,1,5,False,1,1
1128,18,random,10,0.2488057324840764,0,3,None,66,1,5,False,1,1
1129,19,random,10,0.2684116242038216,0,3,None,66,1,5,False,1,1
1130,15,random,10,0.413515127388535,0,12,None,66,1,5,False,1,1
1131,16,random,10,0.4150079617834395,0,12,None,66,1,5,False,1,1
1132,17,random,10,0.4443670382165605,0,12,None,66,1,5,False,1,1
1133,18,random,10,0.4650676751592357,0,12,None,66,1,5,False,1,1
1134,19,random,10,0.4775079617834395,0,12,None,66,1,5,False,1,1
1135,15,random,10,0.3195660828025478,0,13,None,66,1,5,False,1,1
1136,16,random,10,0.3286226114649681,0,13,None,66,1,5,False,1,1
1137,17,random,10,0.3410628980891719,0,13,None,66,1,5,False,1,1
1138,18,random,10,0.3519108280254777,0,13,None,66,1,5,False,1,1
1139,19,random,10,0.3603702229299363,0,13,None,66,1,5,False,1,1
1140,15,random,10,0.3869426751592357,0,25,None,66,1,5,False,1,1
1141,16,random,10,0.3958001592356688,0,25,None,66,1,5,False,1,1
1142,17,random,10,0.404359076433121,0,25,None,66,1,5,False,1,1
1143,18,random,10,0.4120222929936306,0,25,None,66,1,5,False,1,1
1144,19,random,10,0.4184912420382166,0,25,None,66,1,5,False,1,1
1145,15,random,10,0.1956608280254777,0,26,None,66,1,5,False,1,1
1146,16,random,10,0.1972531847133758,0,26,None,66,1,5,False,1,1
1147,17,random,10,0.2508957006369426,0,26,None,66,1,5,False,1,1
1148,18,random,10,0.2842356687898089,0,26,None,66,1,5,False,1,1
1149,19,random,10,0.2881170382165605,0,26,None,66,1,5,False,1,1
1150,15,random,10,0.0995222929936305,0,0,None,66,1,5,False,1,1
1151,16,random,10,0.0995222929936305,0,0,None,66,1,5,False,1,1
1152,17,random,10,0.0995222929936305,0,0,None,66,1,5,False,1,1
1153,18,random,10,0.0995222929936305,0,0,None,66,1,5,False,1,1
1154,19,random,10,0.0995222929936305,0,0,None,66,1,5,False,1,1
1155,20,random,10,0.3722133757961783,0,2,None,66,1,5,False,1,1
1156,21,random,10,0.3740047770700637,0,2,None,66,1,5,False,1,1
1157,22,random,10,0.3750995222929936,0,2,None,66,1,5,False,1,1
1158,23,random,10,0.375796178343949,0,2,None,66,1,5,False,1,1
1159,24,random,10,0.3771894904458598,0,2,None,66,1,5,False,1,1
1160,20,random,10,0.4387937898089172,0,22,None,66,1,5,False,1,1
1161,21,random,10,0.4721337579617834,0,22,None,66,1,5,False,1,1
1162,22,random,10,0.4875597133757962,0,22,None,66,1,5,False,1,1
1163,23,random,10,0.4960191082802547,0,22,None,66,1,5,False,1,1
1164,24,random,10,0.5068670382165605,0,22,None,66,1,5,False,1,1
1165,20,random,10,0.1989450636942675,0,32,None,66,1,5,False,1,1
1166,21,random,10,0.1989450636942675,0,32,None,66,1,5,False,1,1
1167,22,random,10,0.2063097133757961,0,32,None,66,1,5,False,1,1
1168,23,random,10,0.2703025477707006,0,32,None,66,1,5,False,1,1
1169,24,random,10,0.3298168789808917,0,32,None,66,1,5,False,1,1
1170,20,random,10,0.2556727707006369,0,10,None,66,1,5,False,1,1
1171,21,random,10,0.2792595541401274,0,10,None,66,1,5,False,1,1
1172,22,random,10,0.3375796178343949,0,10,None,66,1,5,False,1,1
1173,23,random,10,0.3492237261146497,0,10,None,66,1,5,False,1,1
1174,24,random,10,0.3540007961783439,0,10,None,66,1,5,False,1,1
1175,20,random,10,0.1951632165605095,0,15,None,66,1,5,False,1,1
1176,21,random,10,0.1961584394904458,0,15,None,66,1,5,False,1,1
1177,22,random,10,0.2027269108280254,0,15,None,66,1,5,False,1,1
1178,23,random,10,0.2695063694267516,0,15,None,66,1,5,False,1,1
1179,24,random,10,0.3648487261146497,0,15,None,66,1,5,False,1,1
1180,20,random,10,0.345640923566879,0,20,None,66,1,5,False,1,1
1181,21,random,10,0.3573845541401274,0,20,None,66,1,5,False,1,1
1182,22,random,10,0.3740047770700637,0,20,None,66,1,5,False,1,1
1183,23,random,10,0.395203025477707,0,20,None,66,1,5,False,1,1
1184,24,random,10,0.4333200636942675,0,20,None,66,1,5,False,1,1
1185,20,random,10,0.1811305732484076,0,28,None,66,1,5,False,1,1
1186,21,random,10,0.2740843949044586,0,28,None,66,1,5,False,1,1
1187,22,random,10,0.201234076433121,0,28,None,66,1,5,False,1,1
1188,23,random,10,0.2032245222929936,0,28,None,66,1,5,False,1,1
1189,24,random,10,0.2148686305732484,0,28,None,66,1,5,False,1,1
1190,20,random,10,0.1013136942675159,0,13,None,66,1,5,False,1,1
1191,21,random,10,0.188296178343949,0,13,None,66,1,5,False,1,1
1192,22,random,10,0.1980493630573248,0,13,None,66,1,5,False,1,1
1193,23,random,10,0.1989450636942675,0,13,None,66,1,5,False,1,1
1194,24,random,10,0.1989450636942675,0,13,None,66,1,5,False,1,1
1195,20,random,10,0.2715963375796178,0,14,None,66,1,5,False,1,1
1196,21,random,10,0.272093949044586,0,14,None,66,1,5,False,1,1
1197,22,random,10,0.2724920382165605,0,14,None,66,1,5,False,1,1
1198,23,random,10,0.272890127388535,0,14,None,66,1,5,False,1,1
1199,24,random,10,0.2742834394904458,0,14,None,66,1,5,False,1,1
1200,20,random,10,0.2921974522292994,0,26,None,66,1,5,False,1,1
1201,21,random,10,0.2918988853503185,0,26,None,66,1,5,False,1,1
1202,22,random,10,0.3392714968152866,0,26,None,66,1,5,False,1,1
1203,23,random,10,0.3562898089171974,0,26,None,66,1,5,False,1,1
1204,24,random,10,0.3743033439490446,0,26,None,66,1,5,False,1,1
1205,20,random,10,0.2099920382165605,0,7,None,66,1,5,False,1,1
1206,21,random,10,0.2655254777070063,0,7,None,66,1,5,False,1,1
1207,22,random,10,0.2805533439490446,0,7,None,66,1,5,False,1,1
1208,23,random,10,0.2956807324840764,0,7,None,66,1,5,False,1,1
1209,24,random,10,0.317078025477707,0,7,None,66,1,5,False,1,1
1210,20,random,10,0.1458001592356688,0,12,None,66,1,5,False,1,1
1211,21,random,10,0.1002189490445859,0,12,None,66,1,5,False,1,1
1212,22,random,10,0.1052945859872611,0,12,None,66,1,5,False,1,1
1213,23,random,10,0.1363455414012739,0,12,None,66,1,5,False,1,1
1214,24,random,10,0.1787420382165605,0,12,None,66,1,5,False,1,1
1215,20,random,10,0.2237261146496815,0,25,None,66,1,5,False,1,1
1216,21,random,10,0.2408439490445859,0,25,None,66,1,5,False,1,1
1217,22,random,10,0.2651273885350318,0,25,None,66,1,5,False,1,1
1218,23,random,10,0.2663216560509554,0,25,None,66,1,5,False,1,1
1219,24,random,10,0.2659235668789809,0,25,None,66,1,5,False,1,1
1220,20,random,10,0.1645103503184713,0,1,None,66,1,5,False,1,1
1221,21,random,10,0.1855095541401273,0,1,None,66,1,5,False,1,1
1222,22,random,10,0.2199442675159235,0,1,None,66,1,5,False,1,1
1223,23,random,10,0.2017316878980891,0,1,None,66,1,5,False,1,1
1224,24,random,10,0.1948646496815286,0,1,None,66,1,5,False,1,1
1225,20,random,10,0.1986464968152866,0,21,None,66,1,5,False,1,1
1226,21,random,10,0.2123805732484076,0,21,None,66,1,5,False,1,1
1227,22,random,10,0.2830414012738853,0,21,None,66,1,5,False,1,1
1228,23,random,10,0.3423566878980891,0,21,None,66,1,5,False,1,1
1229,24,random,10,0.3598726114649681,0,21,None,66,1,5,False,1,1
1230,20,random,10,0.1987460191082802,0,23,None,66,1,5,False,1,1
1231,21,random,10,0.2129777070063694,0,23,None,66,1,5,False,1,1
1232,22,random,10,0.2335788216560509,0,23,None,66,1,5,False,1,1
1233,23,random,10,0.1977507961783439,0,23,None,66,1,5,False,1,1
1234,24,random,10,0.1982484076433121,0,23,None,66,1,5,False,1,1
1235,20,random,10,0.3599721337579618,0,30,None,66,1,5,False,1,1
1236,21,random,10,0.3791799363057325,0,30,None,66,1,5,False,1,1
1237,22,random,10,0.3821656050955414,0,30,None,66,1,5,False,1,1
1238,23,random,10,0.3843550955414013,0,30,None,66,1,5,False,1,1
1239,24,random,10,0.3873407643312102,0,30,None,66,1,5,False,1,1
1240,20,random,10,0.2769705414012738,0,29,None,66,1,5,False,1,1
1241,21,random,10,0.1973527070063694,0,29,None,66,1,5,False,1,1
1242,22,random,10,0.197452229299363,0,29,None,66,1,5,False,1,1
1243,23,random,10,0.1978503184713375,0,29,None,66,1,5,False,1,1
1244,24,random,10,0.1979498407643312,0,29,None,66,1,5,False,1,1
1245,20,random,10,0.1986464968152866,0,9,None,66,1,5,False,1,1
1246,21,random,10,0.1975517515923567,0,9,None,66,1,5,False,1,1
1247,22,random,10,0.1969546178343949,0,9,None,66,1,5,False,1,1
1248,23,random,10,0.1986464968152866,0,9,None,66,1,5,False,1,1
1249,24,random,10,0.2105891719745223,0,9,None,66,1,5,False,1,1
1250,20,random,10,0.2817476114649681,0,31,None,66,1,5,False,1,1
1251,21,random,10,0.2772691082802547,0,31,None,66,1,5,False,1,1
1252,22,random,10,0.2778662420382166,0,31,None,66,1,5,False,1,1
1253,23,random,10,0.2772691082802547,0,31,None,66,1,5,False,1,1
1254,24,random,10,0.2935907643312102,0,31,None,66,1,5,False,1,1
1255,20,random,10,0.4030652866242038,0,27,None,66,1,5,False,1,1
1256,21,random,10,0.3621616242038216,0,27,None,66,1,5,False,1,1
1257,22,random,10,0.3896297770700637,0,27,None,66,1,5,False,1,1
1258,23,random,10,0.4251592356687898,0,27,None,66,1,5,False,1,1
1259,24,random,10,0.4672571656050955,0,27,None,66,1,5,False,1,1
1260,20,random,10,0.1056926751592356,0,5,None,66,1,5,False,1,1
1261,21,random,10,0.0995222929936305,0,5,None,66,1,5,False,1,1
1262,22,random,10,0.1444068471337579,0,5,None,66,1,5,False,1,1
1263,23,random,10,0.1929737261146497,0,5,None,66,1,5,False,1,1
1264,24,random,10,0.1965565286624203,0,5,None,66,1,5,False,1,1
1265,20,random,10,0.3688296178343949,0,6,None,66,1,5,False,1,1
1266,21,random,10,0.380374203821656,0,6,None,66,1,5,False,1,1
1267,22,random,10,0.3899283439490446,0,6,None,66,1,5,False,1,1
1268,23,random,10,0.3993829617834395,0,6,None,66,1,5,False,1,1
1269,24,random,10,0.4059514331210191,0,6,None,66,1,5,False,1,1
1270,20,random,10,0.0999203821656051,0,4,None,66,1,5,False,1,1
1271,21,random,10,0.0995222929936305,0,4,None,66,1,5,False,1,1
1272,22,random,10,0.0995222929936305,0,4,None,66,1,5,False,1,1
1273,23,random,10,0.0995222929936305,0,4,None,66,1,5,False,1,1
1274,24,random,10,0.0995222929936305,0,4,None,66,1,5,False,1,1
1275,20,random,10,0.0995222929936305,0,0,None,66,1,5,False,1,1
1276,21,random,10,0.0999203821656051,0,0,None,66,1,5,False,1,1
1277,22,random,10,0.1582404458598726,0,0,None,66,1,5,False,1,1
1278,23,random,10,0.2208399681528662,0,0,None,66,1,5,False,1,1
1279,24,random,10,0.1994426751592356,0,0,None,66,1,5,False,1,1
1280,20,random,10,0.5093550955414012,0,16,None,66,1,5,False,1,1
1281,21,random,10,0.5314490445859873,0,16,None,66,1,5,False,1,1
1282,22,random,10,0.5537420382165605,0,16,None,66,1,5,False,1,1
1283,23,random,10,0.5658837579617835,0,16,None,66,1,5,False,1,1
1284,24,random,10,0.5756369426751592,0,16,None,66,1,5,False,1,1
1285,20,random,10,0.1842157643312102,0,8,None,66,1,5,False,1,1
1286,21,random,10,0.1883957006369426,0,8,None,66,1,5,False,1,1
1287,22,random,10,0.2085987261146497,0,8,None,66,1,5,False,1,1
1288,23,random,10,0.2681130573248407,0,8,None,66,1,5,False,1,1
1289,24,random,10,0.2805533439490446,0,8,None,66,1,5,False,1,1
1290,20,random,10,0.2071058917197452,0,19,None,66,1,5,False,1,1
1291,21,random,10,0.1988455414012739,0,19,None,66,1,5,False,1,1
1292,22,random,10,0.2284036624203821,0,19,None,66,1,5,False,1,1
1293,23,random,10,0.2868232484076433,0,19,None,66,1,5,False,1,1
1294,24,random,10,0.3280254777070063,0,19,None,66,1,5,False,1,1
1295,20,random,10,0.1784434713375796,0,18,None,66,1,5,False,1,1
1296,21,random,10,0.1826234076433121,0,18,None,66,1,5,False,1,1
1297,22,random,10,0.1952627388535031,0,18,None,66,1,5,False,1,1
1298,23,random,10,0.1970541401273885,0,18,None,66,1,5,False,1,1
1299,24,random,10,0.2142714968152866,0,18,None,66,1,5,False,1,1
1300,20,random,10,0.1905851910828025,0,11,None,66,1,5,False,1,1
1301,21,random,10,0.2191480891719745,0,11,None,66,1,5,False,1,1
1302,22,random,10,0.2259156050955414,0,11,None,66,1,5,False,1,1
1303,23,random,10,0.2440286624203821,0,11,None,66,1,5,False,1,1
1304,24,random,10,0.273984872611465,0,11,None,66,1,5,False,1,1
1305,20,random,10,0.5394108280254777,0,17,None,66,1,5,False,1,1
1306,21,random,10,0.5455812101910829,0,17,None,66,1,5,False,1,1
1307,22,random,10,0.5497611464968153,0,17,None,66,1,5,False,1,1
1308,23,random,10,0.5545382165605095,0,17,None,66,1,5,False,1,1
1309,24,random,10,0.5589171974522293,0,17,None,66,1,5,False,1,1
1310,20,random,10,0.1971536624203821,0,24,None,66,1,5,False,1,1
1311,21,random,10,0.1961584394904458,0,24,None,66,1,5,False,1,1
1312,22,random,10,0.1964570063694267,0,24,None,66,1,5,False,1,1
1313,23,random,10,0.1970541401273885,0,24,None,66,1,5,False,1,1
1314,24,random,10,0.2172571656050955,0,24,None,66,1,5,False,1,1
1315,20,random,10,0.2678144904458598,0,3,None,66,1,5,False,1,1
1316,21,random,10,0.237062101910828,0,3,None,66,1,5,False,1,1
1317,22,random,10,0.2377587579617834,0,3,None,66,1,5,False,1,1
1318,23,random,10,0.2758757961783439,0,3,None,66,1,5,False,1,1
1319,24,random,10,0.2961783439490446,0,3,None,66,1,5,False,1,1
2145,25,random,10,0.1796377388535031,0,5,None,66,1,5,False,1,1
2146,26,random,10,0.1747611464968153,0,5,None,66,1,5,False,1,1
2147,27,random,10,0.1951632165605095,0,5,None,66,1,5,False,1,1
2148,28,random,10,0.1964570063694267,0,5,None,66,1,5,False,1,1
2149,29,random,10,0.1969546178343949,0,5,None,66,1,5,False,1,1
2150,25,random,10,0.5569267515923567,0,16,None,66,1,5,False,1,1
2151,26,random,10,0.5641918789808917,0,16,None,66,1,5,False,1,1
2152,27,random,10,0.5707603503184714,0,16,None,66,1,5,False,1,1
2153,28,random,10,0.5757364649681529,0,16,None,66,1,5,False,1,1
2154,29,random,10,0.5826035031847133,0,16,None,66,1,5,False,1,1
2155,25,random,10,0.1912818471337579,0,8,None,66,1,5,False,1,1
2156,26,random,10,0.2388535031847133,0,8,None,66,1,5,False,1,1
2157,27,random,10,0.2735867834394904,0,8,None,66,1,5,False,1,1
2158,28,random,10,0.2869227707006369,0,8,None,66,1,5,False,1,1
2159,29,random,10,0.300358280254777,0,8,None,66,1,5,False,1,1
2160,25,random,10,0.3317078025477707,0,20,None,66,1,5,False,1,1
2161,26,random,10,0.3518113057324841,0,20,None,66,1,5,False,1,1
2162,27,random,10,0.369327229299363,0,20,None,66,1,5,False,1,1
2163,28,random,10,0.3956011146496815,0,20,None,66,1,5,False,1,1
2164,29,random,10,0.4391918789808917,0,20,None,66,1,5,False,1,1
2165,25,random,10,0.4277468152866242,0,22,None,66,1,5,False,1,1
2166,26,random,10,0.4652667197452229,0,22,None,66,1,5,False,1,1
2167,27,random,10,0.480593152866242,0,22,None,66,1,5,False,1,1
2168,28,random,10,0.4883558917197452,0,22,None,66,1,5,False,1,1
2169,29,random,10,0.498109076433121,0,22,None,66,1,5,False,1,1
2170,25,random,10,0.2741839171974522,0,14,None,66,1,5,False,1,1
2171,26,random,10,0.2754777070063694,0,14,None,66,1,5,False,1,1
2172,27,random,10,0.278264331210191,0,14,None,66,1,5,False,1,1
2173,28,random,10,0.2821457006369426,0,14,None,66,1,5,False,1,1
2174,29,random,10,0.2862261146496815,0,14,None,66,1,5,False,1,1
2175,25,random,10,0.1978503184713375,0,19,None,66,1,5,False,1,1
2176,26,random,10,0.1989450636942675,0,19,None,66,1,5,False,1,1
2177,27,random,10,0.2200437898089172,0,19,None,66,1,5,False,1,1
2178,28,random,10,0.2428343949044586,0,19,None,66,1,5,False,1,1
2179,29,random,10,0.2578622611464968,0,19,None,66,1,5,False,1,1
2180,25,random,10,0.2492038216560509,0,23,None,66,1,5,False,1,1
2181,26,random,10,0.2617436305732484,0,23,None,66,1,5,False,1,1
2182,27,random,10,0.2030254777070063,0,23,None,66,1,5,False,1,1
2183,28,random,10,0.2003383757961783,0,23,None,66,1,5,False,1,1
2184,29,random,10,0.2289012738853503,0,23,None,66,1,5,False,1,1
2185,25,random,10,0.2215366242038216,0,21,None,66,1,5,False,1,1
2186,26,random,10,0.269108280254777,0,21,None,66,1,5,False,1,1
2187,27,random,10,0.3075238853503185,0,21,None,66,1,5,False,1,1
2188,28,random,10,0.3392714968152866,0,21,None,66,1,5,False,1,1
2189,29,random,10,0.3554936305732484,0,21,None,66,1,5,False,1,1
2190,25,random,10,0.5625995222929936,0,17,None,66,1,5,False,1,1
2191,26,random,10,0.5664808917197452,0,17,None,66,1,5,False,1,1
2192,27,random,10,0.5707603503184714,0,17,None,66,1,5,False,1,1
2193,28,random,10,0.5750398089171974,0,17,None,66,1,5,False,1,1
2194,29,random,10,0.5787221337579618,0,17,None,66,1,5,False,1,1
2195,25,random,10,0.1976512738853503,0,24,None,66,1,5,False,1,1
2196,26,random,10,0.1963574840764331,0,24,None,66,1,5,False,1,1
2197,27,random,10,0.1971536624203821,0,24,None,66,1,5,False,1,1
2198,28,random,10,0.1972531847133758,0,24,None,66,1,5,False,1,1
2199,29,random,10,0.2001393312101911,0,24,None,66,1,5,False,1,1
2200,25,random,10,0.2933917197452229,0,28,None,66,1,5,False,1,1
2201,26,random,10,0.2250199044585987,0,28,None,66,1,5,False,1,1
2202,27,random,10,0.2368630573248407,0,28,None,66,1,5,False,1,1
2203,28,random,10,0.2730891719745223,0,28,None,66,1,5,False,1,1
2204,29,random,10,0.2892117834394904,0,28,None,66,1,5,False,1,1
2205,25,random,10,0.197452229299363,0,29,None,66,1,5,False,1,1
2206,26,random,10,0.1975517515923567,0,29,None,66,1,5,False,1,1
2207,27,random,10,0.1977507961783439,0,29,None,66,1,5,False,1,1
2208,28,random,10,0.1979498407643312,0,29,None,66,1,5,False,1,1
2209,29,random,10,0.1981488853503184,0,29,None,66,1,5,False,1,1
2210,25,random,10,0.1983479299363057,0,9,None,66,1,5,False,1,1
2211,26,random,10,0.197452229299363,0,9,None,66,1,5,False,1,1
2212,27,random,10,0.2026273885350318,0,9,None,66,1,5,False,1,1
2213,28,random,10,0.2238256369426751,0,9,None,66,1,5,False,1,1
2214,29,random,10,0.2567675159235669,0,9,None,66,1,5,False,1,1
2215,25,random,10,0.3368829617834395,0,31,None,66,1,5,False,1,1
2216,26,random,10,0.3249402866242038,0,31,None,66,1,5,False,1,1
2217,27,random,10,0.357484076433121,0,31,None,66,1,5,False,1,1
2218,28,random,10,0.3843550955414013,0,31,None,66,1,5,False,1,1
2219,29,random,10,0.4029657643312102,0,31,None,66,1,5,False,1,1
2220,25,random,10,0.1777468152866242,0,18,None,66,1,5,False,1,1
2221,26,random,10,0.1952627388535031,0,18,None,66,1,5,False,1,1
2222,27,random,10,0.1971536624203821,0,18,None,66,1,5,False,1,1
2223,28,random,10,0.2257165605095541,0,18,None,66,1,5,False,1,1
2224,29,random,10,0.2578622611464968,0,18,None,66,1,5,False,1,1
2225,25,random,10,0.2127786624203821,0,1,None,66,1,5,False,1,1
2226,26,random,10,0.2565684713375796,0,1,None,66,1,5,False,1,1
2227,27,random,10,0.2693073248407643,0,1,None,66,1,5,False,1,1
2228,28,random,10,0.3166799363057325,0,1,None,66,1,5,False,1,1
2229,29,random,10,0.339171974522293,0,1,None,66,1,5,False,1,1
2230,25,random,10,0.3662420382165605,0,2,None,66,1,5,False,1,1
2231,26,random,10,0.3716162420382166,0,2,None,66,1,5,False,1,1
2232,27,random,10,0.3730095541401274,0,2,None,66,1,5,False,1,1
2233,28,random,10,0.3742038216560509,0,2,None,66,1,5,False,1,1
2234,29,random,10,0.3756966560509554,0,2,None,66,1,5,False,1,1
2235,25,random,10,0.2272093949044586,0,0,None,66,1,5,False,1,1
2236,26,random,10,0.2025278662420382,0,0,None,66,1,5,False,1,1
2237,27,random,10,0.2092953821656051,0,0,None,66,1,5,False,1,1
2238,28,random,10,0.2275079617834395,0,0,None,66,1,5,False,1,1
2239,29,random,10,0.2439291401273885,0,0,None,66,1,5,False,1,1
2240,25,random,10,0.3565883757961783,0,10,None,66,1,5,False,1,1
2241,26,random,10,0.3584792993630573,0,10,None,66,1,5,False,1,1
2242,27,random,10,0.3585788216560509,0,10,None,66,1,5,False,1,1
2243,28,random,10,0.3591759554140127,0,10,None,66,1,5,False,1,1
2244,29,random,10,0.3590764331210191,0,10,None,66,1,5,False,1,1
2245,25,random,10,0.2135748407643312,0,11,None,66,1,5,False,1,1
2246,26,random,10,0.2444267515923567,0,11,None,66,1,5,False,1,1
2247,27,random,10,0.2614450636942675,0,11,None,66,1,5,False,1,1
2248,28,random,10,0.3027468152866242,0,11,None,66,1,5,False,1,1
2249,29,random,10,0.3567874203821656,0,11,None,66,1,5,False,1,1
2250,25,random,10,0.2929936305732484,0,15,None,66,1,5,False,1,1
2251,26,random,10,0.3633558917197452,0,15,None,66,1,5,False,1,1
2252,27,random,10,0.4045581210191082,0,15,None,66,1,5,False,1,1
2253,28,random,10,0.4118232484076433,0,15,None,66,1,5,False,1,1
2254,29,random,10,0.4152070063694267,0,15,None,66,1,5,False,1,1
2255,25,random,10,0.2323845541401273,0,12,None,66,1,5,False,1,1
2256,26,random,10,0.2083996815286624,0,12,None,66,1,5,False,1,1
2257,27,random,10,0.2035230891719745,0,12,None,66,1,5,False,1,1
2258,28,random,10,0.2365644904458598,0,12,None,66,1,5,False,1,1
2259,29,random,10,0.2542794585987261,0,12,None,66,1,5,False,1,1
2260,25,random,10,0.2035230891719745,0,13,None,66,1,5,False,1,1
2261,26,random,10,0.2155652866242038,0,13,None,66,1,5,False,1,1
2262,27,random,10,0.2278065286624203,0,13,None,66,1,5,False,1,1
2263,28,random,10,0.2387539808917197,0,13,None,66,1,5,False,1,1
2264,29,random,10,0.2461186305732484,0,13,None,66,1,5,False,1,1
2265,25,random,10,0.2853304140127388,0,3,None,66,1,5,False,1,1
2266,26,random,10,0.2843351910828025,0,3,None,66,1,5,False,1,1
2267,27,random,10,0.2865246815286624,0,3,None,66,1,5,False,1,1
2268,28,random,10,0.315187101910828,0,3,None,66,1,5,False,1,1
2269,29,random,10,0.3135947452229299,0,3,None,66,1,5,False,1,1
2270,25,random,10,0.3247412420382166,0,25,None,66,1,5,False,1,1
2271,26,random,10,0.274781050955414,0,25,None,66,1,5,False,1,1
2272,27,random,10,0.2666202229299363,0,25,None,66,1,5,False,1,1
2273,28,random,10,0.2676154458598726,0,25,None,66,1,5,False,1,1
2274,29,random,10,0.2734872611464968,0,25,None,66,1,5,False,1,1
2275,25,random,10,0.3758957006369426,0,26,None,66,1,5,False,1,1
2276,26,random,10,0.4068471337579618,0,26,None,66,1,5,False,1,1
2277,27,random,10,0.4187898089171974,0,26,None,66,1,5,False,1,1
2278,28,random,10,0.4259554140127388,0,26,None,66,1,5,False,1,1
2279,29,random,10,0.432921974522293,0,26,None,66,1,5,False,1,1
2280,25,random,10,0.2669187898089172,0,27,None,66,1,5,False,1,1
2281,26,random,10,0.3162818471337579,0,27,None,66,1,5,False,1,1
2282,27,random,10,0.3682324840764331,0,27,None,66,1,5,False,1,1
2283,28,random,10,0.4054538216560509,0,27,None,66,1,5,False,1,1
2284,29,random,10,0.4275477707006369,0,27,None,66,1,5,False,1,1
2285,25,random,10,0.4240644904458598,0,6,None,66,1,5,False,1,1
2286,26,random,10,0.4174960191082802,0,6,None,66,1,5,False,1,1
2287,27,random,10,0.4198845541401274,0,6,None,66,1,5,False,1,1
2288,28,random,10,0.4231687898089172,0,6,None,66,1,5,False,1,1
2289,29,random,10,0.4278463375796178,0,6,None,66,1,5,False,1,1
2290,25,random,10,0.2356687898089172,0,30,None,66,1,5,False,1,1
2291,26,random,10,0.2963773885350318,0,30,None,66,1,5,False,1,1
2292,27,random,10,0.3656449044585987,0,30,None,66,1,5,False,1,1
2293,28,random,10,0.3755971337579618,0,30,None,66,1,5,False,1,1
2294,29,random,10,0.3786823248407643,0,30,None,66,1,5,False,1,1
2295,25,random,10,0.0996218152866242,0,4,None,66,1,5,False,1,1
2296,26,random,10,0.0995222929936305,0,4,None,66,1,5,False,1,1
2297,27,random,10,0.0995222929936305,0,4,None,66,1,5,False,1,1
2298,28,random,10,0.0996218152866242,0,4,None,66,1,5,False,1,1
2299,29,random,10,0.0996218152866242,0,4,None,66,1,5,False,1,1
2300,25,random,10,0.254578025477707,0,7,None,66,1,5,False,1,1
2301,26,random,10,0.2876194267515923,0,7,None,66,1,5,False,1,1
2302,27,random,10,0.3054339171974522,0,7,None,66,1,5,False,1,1
2303,28,random,10,0.3273288216560509,0,7,None,66,1,5,False,1,1
2304,29,random,10,0.3424562101910828,0,7,None,66,1,5,False,1,1
2305,25,random,10,0.339968152866242,0,32,None,66,1,5,False,1,1
2306,26,random,10,0.3557921974522293,0,32,None,66,1,5,False,1,1
2307,27,random,10,0.3669386942675159,0,32,None,66,1,5,False,1,1
2308,28,random,10,0.3766918789808917,0,32,None,66,1,5,False,1,1
2309,29,random,10,0.3828622611464968,0,32,None,66,1,5,False,1,1
2310,30,random,10,0.23328025477707,0,24,None,66,1,5,False,1,1
2311,31,random,10,0.2380573248407643,0,24,None,66,1,5,False,1,1
2312,32,random,10,0.2566679936305732,0,24,None,66,1,5,False,1,1
2313,33,random,10,0.2712977707006369,0,24,None,66,1,5,False,1,1
2314,34,random,10,0.2818471337579618,0,24,None,66,1,5,False,1,1
2315,30,random,10,0.2823447452229299,0,25,None,66,1,5,False,1,1
2316,31,random,10,0.3371815286624204,0,25,None,66,1,5,False,1,1
2317,32,random,10,0.355593152866242,0,25,None,66,1,5,False,1,1
2318,33,random,10,0.3663415605095541,0,25,None,66,1,5,False,1,1
2319,34,random,10,0.3748009554140127,0,25,None,66,1,5,False,1,1
2320,30,random,10,0.2860270700636942,0,1,None,66,1,5,False,1,1
2321,31,random,10,0.3287221337579618,0,1,None,66,1,5,False,1,1
2322,32,random,10,0.3301154458598726,0,1,None,66,1,5,False,1,1
2323,33,random,10,0.3392714968152866,0,1,None,66,1,5,False,1,1
2324,34,random,10,0.3530055732484076,0,1,None,66,1,5,False,1,1
2325,30,random,10,0.2544785031847134,0,13,None,66,1,5,False,1,1
2326,31,random,10,0.31140525477707,0,13,None,66,1,5,False,1,1
2327,32,random,10,0.3451433121019108,0,13,None,66,1,5,False,1,1
2328,33,random,10,0.3541998407643312,0,13,None,66,1,5,False,1,1
2329,34,random,10,0.3606687898089172,0,13,None,66,1,5,False,1,1
2330,30,random,10,0.3115047770700637,0,21,None,66,1,5,False,1,1
2331,31,random,10,0.3657444267515923,0,21,None,66,1,5,False,1,1
2332,32,random,10,0.3595740445859872,0,21,None,66,1,5,False,1,1
2333,33,random,10,0.3586783439490446,0,21,None,66,1,5,False,1,1
2334,34,random,10,0.3626592356687898,0,21,None,66,1,5,False,1,1
2335,30,random,10,0.1977507961783439,0,29,None,66,1,5,False,1,1
2336,31,random,10,0.1979498407643312,0,29,None,66,1,5,False,1,1
2337,32,random,10,0.1981488853503184,0,29,None,66,1,5,False,1,1
2338,33,random,10,0.1983479299363057,0,29,None,66,1,5,False,1,1
2339,34,random,10,0.1984474522292993,0,29,None,66,1,5,False,1,1
2340,30,random,10,0.2787619426751592,0,2,None,66,1,5,False,1,1
2341,31,random,10,0.2785628980891719,0,2,None,66,1,5,False,1,1
2342,32,random,10,0.279359076433121,0,2,None,66,1,5,False,1,1
2343,33,random,10,0.2797571656050955,0,2,None,66,1,5,False,1,1
2344,34,random,10,0.2883160828025478,0,2,None,66,1,5,False,1,1
2345,30,random,10,0.3619625796178344,0,9,None,66,1,5,False,1,1
2346,31,random,10,0.3640525477707006,0,9,None,66,1,5,False,1,1
2347,32,random,10,0.3655453821656051,0,9,None,66,1,5,False,1,1
2348,33,random,10,0.3680334394904458,0,9,None,66,1,5,False,1,1
2349,34,random,10,0.3724124203821656,0,9,None,66,1,5,False,1,1
2350,30,random,10,0.3826632165605095,0,17,None,66,1,5,False,1,1
2351,31,random,10,0.4042595541401274,0,17,None,66,1,5,False,1,1
2352,32,random,10,0.4166998407643312,0,17,None,66,1,5,False,1,1
2353,33,random,10,0.4225716560509554,0,17,None,66,1,5,False,1,1
2354,34,random,10,0.4296377388535032,0,17,None,66,1,5,False,1,1
2355,30,random,10,0.2795581210191082,0,28,None,66,1,5,False,1,1
2356,31,random,10,0.2621417197452229,0,28,None,66,1,5,False,1,1
2357,32,random,10,0.2919984076433121,0,28,None,66,1,5,False,1,1
2358,33,random,10,0.3047372611464968,0,28,None,66,1,5,False,1,1
2359,34,random,10,0.31140525477707,0,28,None,66,1,5,False,1,1
2360,30,random,10,0.2379578025477707,0,5,None,66,1,5,False,1,1
2361,31,random,10,0.2668192675159235,0,5,None,66,1,5,False,1,1
2362,32,random,10,0.301453025477707,0,5,None,66,1,5,False,1,1
2363,33,random,10,0.3254378980891719,0,5,None,66,1,5,False,1,1
2364,34,random,10,0.3357882165605095,0,5,None,66,1,5,False,1,1
2365,30,random,10,0.4235668789808917,0,26,None,66,1,5,False,1,1
2366,31,random,10,0.4296377388535032,0,26,None,66,1,5,False,1,1
2367,32,random,10,0.4354100318471338,0,26,None,66,1,5,False,1,1
2368,33,random,10,0.4394904458598726,0,26,None,66,1,5,False,1,1
2369,34,random,10,0.4410828025477707,0,26,None,66,1,5,False,1,1
2370,30,random,10,0.2824442675159235,0,12,None,66,1,5,False,1,1
2371,31,random,10,0.2814490445859872,0,12,None,66,1,5,False,1,1
2372,32,random,10,0.2854299363057325,0,12,None,66,1,5,False,1,1
2373,33,random,10,0.3096138535031847,0,12,None,66,1,5,False,1,1
2374,34,random,10,0.3397691082802547,0,12,None,66,1,5,False,1,1
2375,30,random,10,0.2612460191082802,0,19,None,66,1,5,False,1,1
2376,31,random,10,0.2916003184713376,0,19,None,66,1,5,False,1,1
2377,32,random,10,0.3181727707006369,0,19,None,66,1,5,False,1,1
2378,33,random,10,0.3326035031847134,0,19,None,66,1,5,False,1,1
2379,34,random,10,0.3425557324840764,0,19,None,66,1,5,False,1,1
2380,30,random,10,0.1118630573248407,0,10,None,66,1,5,False,1,1
2381,31,random,10,0.1449044585987261,0,10,None,66,1,5,False,1,1
2382,32,random,10,0.2569665605095541,0,10,None,66,1,5,False,1,1
2383,33,random,10,0.2624402866242038,0,10,None,66,1,5,False,1,1
2384,34,random,10,0.2977707006369426,0,10,None,66,1,5,False,1,1
2385,30,random,10,0.3930135350318471,0,11,None,66,1,5,False,1,1
2386,31,random,10,0.4159036624203822,0,11,None,66,1,5,False,1,1
2387,32,random,10,0.4314291401273885,0,11,None,66,1,5,False,1,1
2388,33,random,10,0.4414808917197452,0,11,None,66,1,5,False,1,1
2389,34,random,10,0.4490445859872611,0,11,None,66,1,5,False,1,1
2390,30,random,10,0.416202229299363,0,15,None,66,1,5,False,1,1
2391,31,random,10,0.4185907643312102,0,15,None,66,1,5,False,1,1
2392,32,random,10,0.4205812101910828,0,15,None,66,1,5,False,1,1
2393,33,random,10,0.4228702229299363,0,15,None,66,1,5,False,1,1
2394,34,random,10,0.4250597133757962,0,15,None,66,1,5,False,1,1
2395,30,random,10,0.0995222929936305,0,23,None,66,1,5,False,1,1
2396,31,random,10,0.1811305732484076,0,23,None,66,1,5,False,1,1
2397,32,random,10,0.2451234076433121,0,23,None,66,1,5,False,1,1
2398,33,random,10,0.2120820063694267,0,23,None,66,1,5,False,1,1
2399,34,random,10,0.2366640127388535,0,23,None,66,1,5,False,1,1
2400,30,random,10,0.1975517515923567,0,0,None,66,1,5,False,1,1
2401,31,random,10,0.1986464968152866,0,0,None,66,1,5,False,1,1
2402,32,random,10,0.2002388535031847,0,0,None,66,1,5,False,1,1
2403,33,random,10,0.2106886942675159,0,0,None,66,1,5,False,1,1
2404,34,random,10,0.2259156050955414,0,0,None,66,1,5,False,1,1
2405,30,random,10,0.195561305732484,0,32,None,66,1,5,False,1,1
2406,31,random,10,0.1989450636942675,0,32,None,66,1,5,False,1,1
2407,32,random,10,0.1990445859872611,0,32,None,66,1,5,False,1,1
2408,33,random,10,0.1989450636942675,0,32,None,66,1,5,False,1,1
2409,34,random,10,0.1989450636942675,0,32,None,66,1,5,False,1,1
2410,30,random,10,0.2105891719745223,0,7,None,66,1,5,False,1,1
2411,31,random,10,0.2769705414012738,0,7,None,66,1,5,False,1,1
2412,32,random,10,0.2757762738853503,0,7,None,66,1,5,False,1,1
2413,33,random,10,0.2736863057324841,0,7,None,66,1,5,False,1,1
2414,34,random,10,0.2752786624203822,0,7,None,66,1,5,False,1,1
2415,30,random,10,0.1785429936305732,0,8,None,66,1,5,False,1,1
2416,31,random,10,0.1851114649681528,0,8,None,66,1,5,False,1,1
2417,32,random,10,0.1853105095541401,0,8,None,66,1,5,False,1,1
2418,33,random,10,0.1854100318471337,0,8,None,66,1,5,False,1,1
2419,34,random,10,0.185609076433121,0,8,None,66,1,5,False,1,1
2420,30,random,10,0.4535230891719745,0,16,None,66,1,5,False,1,1
2421,31,random,10,0.4537221337579618,0,16,None,66,1,5,False,1,1
2422,32,random,10,0.4669585987261146,0,16,None,66,1,5,False,1,1
2423,33,random,10,0.4871616242038216,0,16,None,66,1,5,False,1,1
2424,34,random,10,0.5065684713375797,0,16,None,66,1,5,False,1,1
2425,30,random,10,0.2989649681528662,0,30,None,66,1,5,False,1,1
2426,31,random,10,0.3373805732484076,0,30,None,66,1,5,False,1,1
2427,32,random,10,0.3675358280254777,0,30,None,66,1,5,False,1,1
2428,33,random,10,0.3737062101910828,0,30,None,66,1,5,False,1,1
2429,34,random,10,0.3764928343949044,0,30,None,66,1,5,False,1,1
2430,30,random,10,0.1591361464968153,0,6,None,66,1,5,False,1,1
2431,31,random,10,0.1496815286624203,0,6,None,66,1,5,False,1,1
2432,32,random,10,0.1755573248407643,0,6,None,66,1,5,False,1,1
2433,33,random,10,0.2401472929936305,0,6,None,66,1,5,False,1,1
2434,34,random,10,0.290406050955414,0,6,None,66,1,5,False,1,1
2435,30,random,10,0.2421377388535031,0,18,None,66,1,5,False,1,1
2436,31,random,10,0.2667197452229299,0,18,None,66,1,5,False,1,1
2437,32,random,10,0.2754777070063694,0,18,None,66,1,5,False,1,1
2438,33,random,10,0.2800557324840764,0,18,None,66,1,5,False,1,1
2439,34,random,10,0.2834394904458598,0,18,None,66,1,5,False,1,1
2440,30,random,10,0.4336186305732484,0,27,None,66,1,5,False,1,1
2441,31,random,10,0.4470541401273885,0,27,None,66,1,5,False,1,1
2442,32,random,10,0.4580015923566879,0,27,None,66,1,5,False,1,1
2443,33,random,10,0.4652667197452229,0,27,None,66,1,5,False,1,1
2444,34,random,10,0.4715366242038216,0,27,None,66,1,5,False,1,1
2445,30,random,10,0.2018312101910828,0,31,None,66,1,5,False,1,1
2446,31,random,10,0.2002388535031847,0,31,None,66,1,5,False,1,1
2447,32,random,10,0.270999203821656,0,31,None,66,1,5,False,1,1
2448,33,random,10,0.3045382165605095,0,31,None,66,1,5,False,1,1
2449,34,random,10,0.3191679936305732,0,31,None,66,1,5,False,1,1
2450,30,random,10,0.1989450636942675,0,20,None,66,1,5,False,1,1
2451,31,random,10,0.1988455414012739,0,20,None,66,1,5,False,1,1
2452,32,random,10,0.2154657643312102,0,20,None,66,1,5,False,1,1
2453,33,random,10,0.2593550955414013,0,20,None,66,1,5,False,1,1
2454,34,random,10,0.2736863057324841,0,20,None,66,1,5,False,1,1
2455,30,random,10,0.1098726114649681,0,3,None,66,1,5,False,1,1
2456,31,random,10,0.183718152866242,0,3,None,66,1,5,False,1,1
2457,32,random,10,0.2350716560509554,0,3,None,66,1,5,False,1,1
2458,33,random,10,0.321656050955414,0,3,None,66,1,5,False,1,1
2459,34,random,10,0.3135947452229299,0,3,None,66,1,5,False,1,1
2460,30,random,10,0.2860270700636942,0,14,None,66,1,5,False,1,1
2461,31,random,10,0.291202229299363,0,14,None,66,1,5,False,1,1
2462,32,random,10,0.2935907643312102,0,14,None,66,1,5,False,1,1
2463,33,random,10,0.2970740445859872,0,14,None,66,1,5,False,1,1
2464,34,random,10,0.300358280254777,0,14,None,66,1,5,False,1,1
2465,30,random,10,0.1003184713375796,0,4,None,66,1,5,False,1,1
2466,31,random,10,0.1218152866242038,0,4,None,66,1,5,False,1,1
2467,32,random,10,0.1822253184713375,0,4,None,66,1,5,False,1,1
2468,33,random,10,0.1959593949044586,0,4,None,66,1,5,False,1,1
2469,34,random,10,0.1988455414012739,0,4,None,66,1,5,False,1,1
2470,30,random,10,0.2856289808917197,0,22,None,66,1,5,False,1,1
2471,31,random,10,0.2750796178343949,0,22,None,66,1,5,False,1,1
2472,32,random,10,0.3168789808917197,0,22,None,66,1,5,False,1,1
2473,33,random,10,0.3636544585987261,0,22,None,66,1,5,False,1,1
2474,34,random,10,0.3536027070063694,0,22,None,66,1,5,False,1,1
3630,35,random,10,0.2956807324840764,0,1,None,66,1,5,False,1,1
3631,36,random,10,0.3381767515923566,0,1,None,66,1,5,False,1,1
3632,37,random,10,0.3408638535031847,0,1,None,66,1,5,False,1,1
3633,38,random,10,0.344546178343949,0,1,None,66,1,5,False,1,1
3634,39,random,10,0.3535031847133758,0,1,None,66,1,5,False,1,1
3635,35,random,10,0.2729896496815286,0,2,None,66,1,5,False,1,1
3636,36,random,10,0.2769705414012738,0,2,None,66,1,5,False,1,1
3637,37,random,10,0.277468152866242,0,2,None,66,1,5,False,1,1
3638,38,random,10,0.2770700636942675,0,2,None,66,1,5,False,1,1
3639,39,random,10,0.277468152866242,0,2,None,66,1,5,False,1,1
3640,35,random,10,0.2565684713375796,0,5,None,66,1,5,False,1,1
3641,36,random,10,0.2974721337579618,0,5,None,66,1,5,False,1,1
3642,37,random,10,0.3199641719745223,0,5,None,66,1,5,False,1,1
3643,38,random,10,0.3302149681528662,0,5,None,66,1,5,False,1,1
3644,39,random,10,0.3368829617834395,0,5,None,66,1,5,False,1,1
3645,35,random,10,0.3676353503184713,0,13,None,66,1,5,False,1,1
3646,36,random,10,0.3751990445859872,0,13,None,66,1,5,False,1,1
3647,37,random,10,0.3804737261146497,0,13,None,66,1,5,False,1,1
3648,38,random,10,0.3856488853503185,0,13,None,66,1,5,False,1,1
3649,39,random,10,0.3912221337579618,0,13,None,66,1,5,False,1,1
3650,35,random,10,0.426453025477707,0,15,None,66,1,5,False,1,1
3651,36,random,10,0.4297372611464968,0,15,None,66,1,5,False,1,1
3652,37,random,10,0.4394904458598726,0,15,None,66,1,5,False,1,1
3653,38,random,10,0.4644705414012738,0,15,None,66,1,5,False,1,1
3654,39,random,10,0.4907444267515923,0,15,None,66,1,5,False,1,1
3655,35,random,10,0.254578025477707,0,10,None,66,1,5,False,1,1
3656,36,random,10,0.3108081210191082,0,10,None,66,1,5,False,1,1
3657,37,random,10,0.2967754777070063,0,10,None,66,1,5,False,1,1
3658,38,random,10,0.3383757961783439,0,10,None,66,1,5,False,1,1
3659,39,random,10,0.3490246815286624,0,10,None,66,1,5,False,1,1
3660,35,random,10,0.46765525477707,0,11,None,66,1,5,False,1,1
3661,36,random,10,0.4893511146496815,0,11,None,66,1,5,False,1,1
3662,37,random,10,0.511046974522293,0,11,None,66,1,5,False,1,1
3663,38,random,10,0.5236863057324841,0,11,None,66,1,5,False,1,1
3664,39,random,10,0.5300557324840764,0,11,None,66,1,5,False,1,1
3665,35,random,10,0.1849124203821656,0,8,None,66,1,5,False,1,1
3666,36,random,10,0.1861066878980891,0,8,None,66,1,5,False,1,1
3667,37,random,10,0.1862062101910828,0,8,None,66,1,5,False,1,1
3668,38,random,10,0.1872014331210191,0,8,None,66,1,5,False,1,1
3669,39,random,10,0.1888933121019108,0,8,None,66,1,5,False,1,1
3670,35,random,10,0.2091958598726114,0,20,None,66,1,5,False,1,1
3671,36,random,10,0.2758757961783439,0,20,None,66,1,5,False,1,1
3672,37,random,10,0.2783638535031847,0,20,None,66,1,5,False,1,1
3673,38,random,10,0.2744824840764331,0,20,None,66,1,5,False,1,1
3674,39,random,10,0.2828423566878981,0,20,None,66,1,5,False,1,1
3675,35,random,10,0.2951831210191082,0,14,None,66,1,5,False,1,1
3676,36,random,10,0.2983678343949044,0,14,None,66,1,5,False,1,1
3677,37,random,10,0.3028463375796178,0,14,None,66,1,5,False,1,1
3678,38,random,10,0.3059315286624204,0,14,None,66,1,5,False,1,1
3679,39,random,10,0.3084195859872611,0,14,None,66,1,5,False,1,1
3680,35,random,10,0.2827428343949044,0,22,None,66,1,5,False,1,1
3681,36,random,10,0.2875199044585987,0,22,None,66,1,5,False,1,1
3682,37,random,10,0.3269307324840764,0,22,None,66,1,5,False,1,1
3683,38,random,10,0.3670382165605095,0,22,None,66,1,5,False,1,1
3684,39,random,10,0.3683320063694267,0,22,None,66,1,5,False,1,1
3685,35,random,10,0.4143113057324841,0,17,None,66,1,5,False,1,1
3686,36,random,10,0.4073447452229299,0,17,None,66,1,5,False,1,1
3687,37,random,10,0.4164012738853503,0,17,None,66,1,5,False,1,1
3688,38,random,10,0.4233678343949044,0,17,None,66,1,5,False,1,1
3689,39,random,10,0.4280453821656051,0,17,None,66,1,5,False,1,1
3690,35,random,10,0.3805732484076433,0,25,None,66,1,5,False,1,1
3691,36,random,10,0.3863455414012738,0,25,None,66,1,5,False,1,1
3692,37,random,10,0.3905254777070063,0,25,None,66,1,5,False,1,1
3693,38,random,10,0.394108280254777,0,25,None,66,1,5,False,1,1
3694,39,random,10,0.3983877388535032,0,25,None,66,1,5,False,1,1
3695,35,random,10,0.2871218152866242,0,26,None,66,1,5,False,1,1
3696,36,random,10,0.2936902866242038,0,26,None,66,1,5,False,1,1
3697,37,random,10,0.3108081210191082,0,26,None,66,1,5,False,1,1
3698,38,random,10,0.3349920382165605,0,26,None,66,1,5,False,1,1
3699,39,random,10,0.3671377388535032,0,26,None,66,1,5,False,1,1
3700,35,random,10,0.3058320063694267,0,12,None,66,1,5,False,1,1
3701,36,random,10,0.3335987261146497,0,12,None,66,1,5,False,1,1
3702,37,random,10,0.3551950636942675,0,12,None,66,1,5,False,1,1
3703,38,random,10,0.3786823248407643,0,12,None,66,1,5,False,1,1
3704,39,random,10,0.4222730891719745,0,12,None,66,1,5,False,1,1
3705,35,random,10,0.2588574840764331,0,28,None,66,1,5,False,1,1
3706,36,random,10,0.2485071656050955,0,28,None,66,1,5,False,1,1
3707,37,random,10,0.2815485668789809,0,28,None,66,1,5,False,1,1
3708,38,random,10,0.293889331210191,0,28,None,66,1,5,False,1,1
3709,39,random,10,0.3007563694267516,0,28,None,66,1,5,False,1,1
3710,35,random,10,0.1977507961783439,0,29,None,66,1,5,False,1,1
3711,36,random,10,0.1979498407643312,0,29,None,66,1,5,False,1,1
3712,37,random,10,0.1980493630573248,0,29,None,66,1,5,False,1,1
3713,38,random,10,0.1983479299363057,0,29,None,66,1,5,False,1,1
3714,39,random,10,0.1983479299363057,0,29,None,66,1,5,False,1,1
3715,35,random,10,0.3752985668789809,0,9,None,66,1,5,False,1,1
3716,36,random,10,0.3754976114649681,0,9,None,66,1,5,False,1,1
3717,37,random,10,0.3786823248407643,0,9,None,66,1,5,False,1,1
3718,38,random,10,0.3896297770700637,0,9,None,66,1,5,False,1,1
3719,39,random,10,0.4019705414012738,0,9,None,66,1,5,False,1,1
3720,35,random,10,0.3050358280254777,0,30,None,66,1,5,False,1,1
3721,36,random,10,0.3725119426751592,0,30,None,66,1,5,False,1,1
3722,37,random,10,0.3772890127388535,0,30,None,66,1,5,False,1,1
3723,38,random,10,0.3793789808917197,0,30,None,66,1,5,False,1,1
3724,39,random,10,0.3815684713375796,0,30,None,66,1,5,False,1,1
3725,35,random,10,0.4739251592356688,0,27,None,66,1,5,False,1,1
3726,36,random,10,0.4774084394904458,0,27,None,66,1,5,False,1,1
3727,37,random,10,0.4792993630573248,0,27,None,66,1,5,False,1,1
3728,38,random,10,0.4810907643312102,0,27,None,66,1,5,False,1,1
3729,39,random,10,0.4831807324840764,0,27,None,66,1,5,False,1,1
3730,35,random,10,0.2790605095541401,0,18,None,66,1,5,False,1,1
3731,36,random,10,0.2829418789808917,0,18,None,66,1,5,False,1,1
3732,37,random,10,0.2863256369426751,0,18,None,66,1,5,False,1,1
3733,38,random,10,0.2921974522292994,0,18,None,66,1,5,False,1,1
3734,39,random,10,0.3009554140127388,0,18,None,66,1,5,False,1,1
3735,35,random,10,0.21765525477707,0,31,None,66,1,5,False,1,1
3736,36,random,10,0.2974721337579618,0,31,None,66,1,5,False,1,1
3737,37,random,10,0.3213574840764331,0,31,None,66,1,5,False,1,1
3738,38,random,10,0.3332006369426751,0,31,None,66,1,5,False,1,1
3739,39,random,10,0.3524084394904458,0,31,None,66,1,5,False,1,1
3740,35,random,10,0.2889132165605095,0,6,None,66,1,5,False,1,1
3741,36,random,10,0.2974721337579618,0,6,None,66,1,5,False,1,1
3742,37,random,10,0.2529856687898089,0,6,None,66,1,5,False,1,1
3743,38,random,10,0.2742834394904458,0,6,None,66,1,5,False,1,1
3744,39,random,10,0.3255374203821656,0,6,None,66,1,5,False,1,1
3745,35,random,10,0.2212380573248407,0,7,None,66,1,5,False,1,1
3746,36,random,10,0.2440286624203821,0,7,None,66,1,5,False,1,1
3747,37,random,10,0.258359872611465,0,7,None,66,1,5,False,1,1
3748,38,random,10,0.2767714968152866,0,7,None,66,1,5,False,1,1
3749,39,random,10,0.3424562101910828,0,7,None,66,1,5,False,1,1
3750,35,random,10,0.1061902866242038,0,16,None,66,1,5,False,1,1
3751,36,random,10,0.1014132165605095,0,16,None,66,1,5,False,1,1
3752,37,random,10,0.1850119426751592,0,16,None,66,1,5,False,1,1
3753,38,random,10,0.1747611464968153,0,16,None,66,1,5,False,1,1
3754,39,random,10,0.203125,0,16,None,66,1,5,False,1,1
3755,35,random,10,0.1989450636942675,0,32,None,66,1,5,False,1,1
3756,36,random,10,0.1989450636942675,0,32,None,66,1,5,False,1,1
3757,37,random,10,0.1990445859872611,0,32,None,66,1,5,False,1,1
3758,38,random,10,0.203125,0,32,None,66,1,5,False,1,1
3759,39,random,10,0.2752786624203822,0,32,None,66,1,5,False,1,1
3760,35,random,10,0.2781648089171974,0,3,None,66,1,5,False,1,1
3761,36,random,10,0.289609872611465,0,3,None,66,1,5,False,1,1
3762,37,random,10,0.3245421974522293,0,3,None,66,1,5,False,1,1
3763,38,random,10,0.3122014331210191,0,3,None,66,1,5,False,1,1
3764,39,random,10,0.3184713375796178,0,3,None,66,1,5,False,1,1
3765,35,random,10,0.1990445859872611,0,23,None,66,1,5,False,1,1
3766,36,random,10,0.1990445859872611,0,23,None,66,1,5,False,1,1
3767,37,random,10,0.2845342356687898,0,23,None,66,1,5,False,1,1
3768,38,random,10,0.2586584394904458,0,23,None,66,1,5,False,1,1
3769,39,random,10,0.2733877388535032,0,23,None,66,1,5,False,1,1
3770,35,random,10,0.2028264331210191,0,4,None,66,1,5,False,1,1
3771,36,random,10,0.2138734076433121,0,4,None,66,1,5,False,1,1
3772,37,random,10,0.2274084394904458,0,4,None,66,1,5,False,1,1
3773,38,random,10,0.242436305732484,0,4,None,66,1,5,False,1,1
3774,39,random,10,0.2575636942675159,0,4,None,66,1,5,False,1,1
3775,35,random,10,0.2906050955414013,0,19,None,66,1,5,False,1,1
3776,36,random,10,0.3120023885350318,0,19,None,66,1,5,False,1,1
3777,37,random,10,0.3249402866242038,0,19,None,66,1,5,False,1,1
3778,38,random,10,0.3471337579617834,0,19,None,66,1,5,False,1,1
3779,39,random,10,0.4027667197452229,0,19,None,66,1,5,False,1,1
3780,35,random,10,0.3721138535031847,0,21,None,66,1,5,False,1,1
3781,36,random,10,0.371218152866242,0,21,None,66,1,5,False,1,1
3782,37,random,10,0.3734076433121019,0,21,None,66,1,5,False,1,1
3783,38,random,10,0.3754976114649681,0,21,None,66,1,5,False,1,1
3784,39,random,10,0.3798765923566879,0,21,None,66,1,5,False,1,1
3785,35,random,10,0.3019506369426751,0,24,None,66,1,5,False,1,1
3786,36,random,10,0.3164808917197452,0,24,None,66,1,5,False,1,1
3787,37,random,10,0.3336982484076433,0,24,None,66,1,5,False,1,1
3788,38,random,10,0.3467356687898089,0,24,None,66,1,5,False,1,1
3789,39,random,10,0.3553941082802547,0,24,None,66,1,5,False,1,1
3790,35,random,10,0.1990445859872611,0,0,None,66,1,5,False,1,1
3791,36,random,10,0.201234076433121,0,0,None,66,1,5,False,1,1
3792,37,random,10,0.2150676751592356,0,0,None,66,1,5,False,1,1
3793,38,random,10,0.2295979299363057,0,0,None,66,1,5,False,1,1
3794,39,random,10,0.2447253184713375,0,0,None,66,1,5,False,1,1
3795,40,random,10,0.3255374203821656,0,26,None,66,1,5,False,1,1
3796,41,random,10,0.3516122611464968,0,26,None,66,1,5,False,1,1
3797,42,random,10,0.3781847133757962,0,26,None,66,1,5,False,1,1
3798,43,random,10,0.3981886942675159,0,26,None,66,1,5,False,1,1
3799,44,random,10,0.4110270700636942,0,26,None,66,1,5,False,1,1
3800,40,random,10,0.3458399681528662,0,21,None,66,1,5,False,1,1
3801,41,random,10,0.361265923566879,0,21,None,66,1,5,False,1,1
3802,42,random,10,0.3662420382165605,0,21,None,66,1,5,False,1,1
3803,43,random,10,0.3710191082802547,0,21,None,66,1,5,False,1,1
3804,44,random,10,0.3737062101910828,0,21,None,66,1,5,False,1,1
3805,40,random,10,0.3630573248407643,0,1,None,66,1,5,False,1,1
3806,41,random,10,0.3709195859872611,0,1,None,66,1,5,False,1,1
3807,42,random,10,0.3755971337579618,0,1,None,66,1,5,False,1,1
3808,43,random,10,0.3732085987261146,0,1,None,66,1,5,False,1,1
3809,44,random,10,0.3748009554140127,0,1,None,66,1,5,False,1,1
3810,40,random,10,0.2133757961783439,0,24,None,66,1,5,False,1,1
3811,41,random,10,0.2414410828025477,0,24,None,66,1,5,False,1,1
3812,42,random,10,0.253483280254777,0,24,None,66,1,5,False,1,1
3813,43,random,10,0.259156050955414,0,24,None,66,1,5,False,1,1
3814,44,random,10,0.2613455414012738,0,24,None,66,1,5,False,1,1
3815,40,random,10,0.4567078025477707,0,27,None,66,1,5,False,1,1
3816,41,random,10,0.469546178343949,0,27,None,66,1,5,False,1,1
3817,42,random,10,0.4734275477707006,0,27,None,66,1,5,False,1,1
3818,43,random,10,0.4759156050955414,0,27,None,66,1,5,False,1,1
3819,44,random,10,0.4780055732484076,0,27,None,66,1,5,False,1,1
3820,40,random,10,0.3760947452229299,0,30,None,66,1,5,False,1,1
3821,41,random,10,0.3799761146496815,0,30,None,66,1,5,False,1,1
3822,42,random,10,0.3819665605095541,0,30,None,66,1,5,False,1,1
3823,43,random,10,0.3844546178343949,0,30,None,66,1,5,False,1,1
3824,44,random,10,0.3874402866242038,0,30,None,66,1,5,False,1,1
3825,40,random,10,0.2546775477707006,0,31,None,66,1,5,False,1,1
3826,41,random,10,0.2686106687898089,0,31,None,66,1,5,False,1,1
3827,42,random,10,0.2706011146496815,0,31,None,66,1,5,False,1,1
3828,43,random,10,0.2712977707006369,0,31,None,66,1,5,False,1,1
3829,44,random,10,0.2960788216560509,0,31,None,66,1,5,False,1,1
3830,40,random,10,0.3354896496815286,0,2,None,66,1,5,False,1,1
3831,41,random,10,0.3614649681528662,0,2,None,66,1,5,False,1,1
3832,42,random,10,0.3624601910828025,0,2,None,66,1,5,False,1,1
3833,43,random,10,0.3638535031847134,0,2,None,66,1,5,False,1,1
3834,44,random,10,0.3652468152866242,0,2,None,66,1,5,False,1,1
3835,40,random,10,0.3390724522292994,0,15,None,66,1,5,False,1,1
3836,41,random,10,0.3760947452229299,0,15,None,66,1,5,False,1,1
3837,42,random,10,0.4018710191082802,0,15,None,66,1,5,False,1,1
3838,43,random,10,0.4212778662420382,0,15,None,66,1,5,False,1,1
3839,44,random,10,0.4317277070063694,0,15,None,66,1,5,False,1,1
3840,40,random,10,0.2072054140127388,0,5,None,66,1,5,False,1,1
3841,41,random,10,0.2244227707006369,0,5,None,66,1,5,False,1,1
3842,42,random,10,0.266421178343949,0,5,None,66,1,5,False,1,1
3843,43,random,10,0.2983678343949044,0,5,None,66,1,5,False,1,1
3844,44,random,10,0.3164808917197452,0,5,None,66,1,5,False,1,1
3845,40,random,10,0.2796576433121019,0,18,None,66,1,5,False,1,1
3846,41,random,10,0.2849323248407643,0,18,None,66,1,5,False,1,1
3847,42,random,10,0.323546974522293,0,18,None,66,1,5,False,1,1
3848,43,random,10,0.2796576433121019,0,18,None,66,1,5,False,1,1
3849,44,random,10,0.283937101910828,0,18,None,66,1,5,False,1,1
3850,40,random,10,0.2806528662420382,0,19,None,66,1,5,False,1,1
3851,41,random,10,0.3019506369426751,0,19,None,66,1,5,False,1,1
3852,42,random,10,0.3205613057324841,0,19,None,66,1,5,False,1,1
3853,43,random,10,0.3672372611464968,0,19,None,66,1,5,False,1,1
3854,44,random,10,0.4028662420382166,0,19,None,66,1,5,False,1,1
3855,40,random,10,0.3085191082802547,0,14,None,66,1,5,False,1,1
3856,41,random,10,0.3105095541401274,0,14,None,66,1,5,False,1,1
3857,42,random,10,0.310609076433121,0,14,None,66,1,5,False,1,1
3858,43,random,10,0.3117038216560509,0,14,None,66,1,5,False,1,1
3859,44,random,10,0.313296178343949,0,14,None,66,1,5,False,1,1
3860,40,random,10,0.4491441082802547,0,25,None,66,1,5,False,1,1
3861,41,random,10,0.440983280254777,0,25,None,66,1,5,False,1,1
3862,42,random,10,0.4427746815286624,0,25,None,66,1,5,False,1,1
3863,43,random,10,0.4460589171974522,0,25,None,66,1,5,False,1,1
3864,44,random,10,0.4478503184713376,0,25,None,66,1,5,False,1,1
3865,40,random,10,0.3589769108280254,0,13,None,66,1,5,False,1,1
3866,41,random,10,0.3636544585987261,0,13,None,66,1,5,False,1,1
3867,42,random,10,0.3698248407643312,0,13,None,66,1,5,False,1,1
3868,43,random,10,0.3754976114649681,0,13,None,66,1,5,False,1,1
3869,44,random,10,0.3812699044585987,0,13,None,66,1,5,False,1,1
3870,40,random,10,0.3237460191082802,0,12,None,66,1,5,False,1,1
3871,41,random,10,0.3324044585987261,0,12,None,66,1,5,False,1,1
3872,42,random,10,0.3298168789808917,0,12,None,66,1,5,False,1,1
3873,43,random,10,0.3709195859872611,0,12,None,66,1,5,False,1,1
3874,44,random,10,0.407046178343949,0,12,None,66,1,5,False,1,1
3875,40,random,10,0.2173566878980891,0,28,None,66,1,5,False,1,1
3876,41,random,10,0.2196457006369426,0,28,None,66,1,5,False,1,1
3877,42,random,10,0.245421974522293,0,28,None,66,1,5,False,1,1
3878,43,random,10,0.2648288216560509,0,28,None,66,1,5,False,1,1
3879,44,random,10,0.2729896496815286,0,28,None,66,1,5,False,1,1
3880,40,random,10,0.265625,0,29,None,66,1,5,False,1,1
3881,41,random,10,0.2838375796178344,0,29,None,66,1,5,False,1,1
3882,42,random,10,0.2927945859872611,0,29,None,66,1,5,False,1,1
3883,43,random,10,0.2989649681528662,0,29,None,66,1,5,False,1,1
3884,44,random,10,0.3150875796178344,0,29,None,66,1,5,False,1,1
3885,40,random,10,0.3083200636942675,0,9,None,66,1,5,False,1,1
3886,41,random,10,0.3296178343949044,0,9,None,66,1,5,False,1,1
3887,42,random,10,0.341859076433121,0,9,None,66,1,5,False,1,1
3888,43,random,10,0.3498208598726114,0,9,None,66,1,5,False,1,1
3889,44,random,10,0.3550955414012738,0,9,None,66,1,5,False,1,1
3890,40,random,10,0.2044187898089172,0,16,None,66,1,5,False,1,1
3891,41,random,10,0.214171974522293,0,16,None,66,1,5,False,1,1
3892,42,random,10,0.2939888535031847,0,16,None,66,1,5,False,1,1
3893,43,random,10,0.3083200636942675,0,16,None,66,1,5,False,1,1
3894,44,random,10,0.320859872611465,0,16,None,66,1,5,False,1,1
3895,40,random,10,0.3585788216560509,0,7,None,66,1,5,False,1,1
3896,41,random,10,0.3550955414012738,0,7,None,66,1,5,False,1,1
3897,42,random,10,0.3585788216560509,0,7,None,66,1,5,False,1,1
3898,43,random,10,0.3626592356687898,0,7,None,66,1,5,False,1,1
3899,44,random,10,0.3681329617834395,0,7,None,66,1,5,False,1,1
3900,40,random,10,0.2307921974522293,0,11,None,66,1,5,False,1,1
3901,41,random,10,0.2604498407643312,0,11,None,66,1,5,False,1,1
3902,42,random,10,0.2960788216560509,0,11,None,66,1,5,False,1,1
3903,43,random,10,0.3402667197452229,0,11,None,66,1,5,False,1,1
3904,44,random,10,0.354796974522293,0,11,None,66,1,5,False,1,1
3905,40,random,10,0.4233678343949044,0,17,None,66,1,5,False,1,1
3906,41,random,10,0.3848527070063694,0,17,None,66,1,5,False,1,1
3907,42,random,10,0.3896297770700637,0,17,None,66,1,5,False,1,1
3908,43,random,10,0.4060509554140127,0,17,None,66,1,5,False,1,1
3909,44,random,10,0.4275477707006369,0,17,None,66,1,5,False,1,1
3910,40,random,10,0.2350716560509554,0,0,None,66,1,5,False,1,1
3911,41,random,10,0.2438296178343949,0,0,None,66,1,5,False,1,1
3912,42,random,10,0.2580613057324841,0,0,None,66,1,5,False,1,1
3913,43,random,10,0.270203025477707,0,0,None,66,1,5,False,1,1
3914,44,random,10,0.2792595541401274,0,0,None,66,1,5,False,1,1
3915,40,random,10,0.3333996815286624,0,3,None,66,1,5,False,1,1
3916,41,random,10,0.3740047770700637,0,3,None,66,1,5,False,1,1
3917,42,random,10,0.3904259554140127,0,3,None,66,1,5,False,1,1
3918,43,random,10,0.4086385350318471,0,3,None,66,1,5,False,1,1
3919,44,random,10,0.4220740445859872,0,3,None,66,1,5,False,1,1
3920,40,random,10,0.251890923566879,0,4,None,66,1,5,False,1,1
3921,41,random,10,0.267515923566879,0,4,None,66,1,5,False,1,1
3922,42,random,10,0.2809514331210191,0,4,None,66,1,5,False,1,1
3923,43,random,10,0.3436504777070063,0,4,None,66,1,5,False,1,1
3924,44,random,10,0.3711186305732484,0,4,None,66,1,5,False,1,1
3925,40,random,10,0.3131966560509554,0,6,None,66,1,5,False,1,1
3926,41,random,10,0.3233479299363057,0,6,None,66,1,5,False,1,1
3927,42,random,10,0.3494227707006369,0,6,None,66,1,5,False,1,1
3928,43,random,10,0.3686305732484076,0,6,None,66,1,5,False,1,1
3929,44,random,10,0.3801751592356688,0,6,None,66,1,5,False,1,1
3930,40,random,10,0.1981488853503184,0,8,None,66,1,5,False,1,1
3931,41,random,10,0.1890923566878981,0,8,None,66,1,5,False,1,1
3932,42,random,10,0.1929737261146497,0,8,None,66,1,5,False,1,1
3933,43,random,10,0.1980493630573248,0,8,None,66,1,5,False,1,1
3934,44,random,10,0.2044187898089172,0,8,None,66,1,5,False,1,1
3935,40,random,10,0.3352906050955414,0,10,None,66,1,5,False,1,1
3936,41,random,10,0.3516122611464968,0,10,None,66,1,5,False,1,1
3937,42,random,10,0.3511146496815286,0,10,None,66,1,5,False,1,1
3938,43,random,10,0.3518113057324841,0,10,None,66,1,5,False,1,1
3939,44,random,10,0.3522093949044586,0,10,None,66,1,5,False,1,1
3940,40,random,10,0.3016520700636942,0,20,None,66,1,5,False,1,1
3941,41,random,10,0.2975716560509554,0,20,None,66,1,5,False,1,1
3942,42,random,10,0.3131966560509554,0,20,None,66,1,5,False,1,1
3943,43,random,10,0.3290207006369426,0,20,None,66,1,5,False,1,1
3944,44,random,10,0.3435509554140127,0,20,None,66,1,5,False,1,1
3945,40,random,10,0.334593949044586,0,22,None,66,1,5,False,1,1
3946,41,random,10,0.3782842356687898,0,22,None,66,1,5,False,1,1
3947,42,random,10,0.4053542993630573,0,22,None,66,1,5,False,1,1
3948,43,random,10,0.4286425159235669,0,22,None,66,1,5,False,1,1
3949,44,random,10,0.4445660828025478,0,22,None,66,1,5,False,1,1
3950,40,random,10,0.2419386942675159,0,23,None,66,1,5,False,1,1
3951,41,random,10,0.2676154458598726,0,23,None,66,1,5,False,1,1
3952,42,random,10,0.2698049363057325,0,23,None,66,1,5,False,1,1
3953,43,random,10,0.2785628980891719,0,23,None,66,1,5,False,1,1
3954,44,random,10,0.2832404458598726,0,23,None,66,1,5,False,1,1
3955,40,random,10,0.2248208598726114,0,32,None,66,1,5,False,1,1
3956,41,random,10,0.2960788216560509,0,32,None,66,1,5,False,1,1
3957,42,random,10,0.3264331210191082,0,32,None,66,1,5,False,1,1
3958,43,random,10,0.3433519108280254,0,32,None,66,1,5,False,1,1
3959,44,random,10,0.3528065286624204,0,32,None,66,1,5,False,1,1
5445,45,random,10,0.3762937898089172,0,1,None,66,1,5,False,1,1
5446,46,random,10,0.3780851910828025,0,1,None,66,1,5,False,1,1
5447,47,random,10,0.3785828025477707,0,1,None,66,1,5,False,1,1
5448,48,random,10,0.3826632165605095,0,1,None,66,1,5,False,1,1
5449,49,random,10,0.3831608280254777,0,1,None,66,1,5,False,1,1
5450,45,random,10,0.3844546178343949,0,2,None,66,1,5,False,1,1
5451,46,random,10,0.3813694267515923,0,2,None,66,1,5,False,1,1
5452,47,random,10,0.3828622611464968,0,2,None,66,1,5,False,1,1
5453,48,random,10,0.384156050955414,0,2,None,66,1,5,False,1,1
5454,49,random,10,0.3863455414012738,0,2,None,66,1,5,False,1,1
5455,45,random,10,0.3534036624203822,0,5,None,66,1,5,False,1,1
5456,46,random,10,0.3272292993630573,0,5,None,66,1,5,False,1,1
5457,47,random,10,0.334593949044586,0,5,None,66,1,5,False,1,1
5458,48,random,10,0.3386743630573248,0,5,None,66,1,5,False,1,1
5459,49,random,10,0.3431528662420382,0,5,None,66,1,5,False,1,1
5460,45,random,10,0.3606687898089172,0,13,None,66,1,5,False,1,1
5461,46,random,10,0.365843949044586,0,13,None,66,1,5,False,1,1
5462,47,random,10,0.3715167197452229,0,13,None,66,1,5,False,1,1
5463,48,random,10,0.3780851910828025,0,13,None,66,1,5,False,1,1
5464,49,random,10,0.3844546178343949,0,13,None,66,1,5,False,1,1
5465,45,random,10,0.4404856687898089,0,15,None,66,1,5,False,1,1
5466,46,random,10,0.4459593949044586,0,15,None,66,1,5,False,1,1
5467,47,random,10,0.4500398089171974,0,15,None,66,1,5,False,1,1
5468,48,random,10,0.4568073248407643,0,15,None,66,1,5,False,1,1
5469,49,random,10,0.4642714968152866,0,15,None,66,1,5,False,1,1
5470,45,random,10,0.3444466560509554,0,11,None,66,1,5,False,1,1
5471,46,random,10,0.3734076433121019,0,11,None,66,1,5,False,1,1
5472,47,random,10,0.3851512738853503,0,11,None,66,1,5,False,1,1
5473,48,random,10,0.3986863057324841,0,11,None,66,1,5,False,1,1
5474,49,random,10,0.4096337579617834,0,11,None,66,1,5,False,1,1
5475,45,random,10,0.3126990445859872,0,14,None,66,1,5,False,1,1
5476,46,random,10,0.3147890127388535,0,14,None,66,1,5,False,1,1
5477,47,random,10,0.317078025477707,0,14,None,66,1,5,False,1,1
5478,48,random,10,0.3175756369426751,0,14,None,66,1,5,False,1,1
5479,49,random,10,0.3184713375796178,0,14,None,66,1,5,False,1,1
5480,45,random,10,0.4248606687898089,0,17,None,66,1,5,False,1,1
5481,46,random,10,0.4445660828025478,0,17,None,66,1,5,False,1,1
5482,47,random,10,0.4609872611464968,0,17,None,66,1,5,False,1,1
5483,48,random,10,0.4763136942675159,0,17,None,66,1,5,False,1,1
5484,49,random,10,0.4866640127388535,0,17,None,66,1,5,False,1,1
5485,45,random,10,0.3655453821656051,0,25,None,66,1,5,False,1,1
5486,46,random,10,0.3938097133757962,0,25,None,66,1,5,False,1,1
5487,47,random,10,0.4029657643312102,0,25,None,66,1,5,False,1,1
5488,48,random,10,0.4095342356687898,0,25,None,66,1,5,False,1,1
5489,49,random,10,0.4149084394904458,0,25,None,66,1,5,False,1,1
5490,45,random,10,0.3990843949044586,0,26,None,66,1,5,False,1,1
5491,46,random,10,0.4133160828025478,0,26,None,66,1,5,False,1,1
5492,47,random,10,0.4214769108280254,0,26,None,66,1,5,False,1,1
5493,48,random,10,0.4263535031847134,0,26,None,66,1,5,False,1,1
5494,49,random,10,0.4305334394904458,0,26,None,66,1,5,False,1,1
5495,45,random,10,0.4380971337579618,0,12,None,66,1,5,False,1,1
5496,46,random,10,0.4408837579617834,0,12,None,66,1,5,False,1,1
5497,47,random,10,0.4499402866242038,0,12,None,66,1,5,False,1,1
5498,48,random,10,0.460390127388535,0,12,None,66,1,5,False,1,1
5499,49,random,10,0.4672571656050955,0,12,None,66,1,5,False,1,1
5500,45,random,10,0.252687101910828,0,24,None,66,1,5,False,1,1
5501,46,random,10,0.2596536624203822,0,24,None,66,1,5,False,1,1
5502,47,random,10,0.2608479299363057,0,24,None,66,1,5,False,1,1
5503,48,random,10,0.2611464968152866,0,24,None,66,1,5,False,1,1
5504,49,random,10,0.2673168789808917,0,24,None,66,1,5,False,1,1
5505,45,random,10,0.2386544585987261,0,28,None,66,1,5,False,1,1
5506,46,random,10,0.2551751592356688,0,28,None,66,1,5,False,1,1
5507,47,random,10,0.2689092356687898,0,28,None,66,1,5,False,1,1
5508,48,random,10,0.2880175159235669,0,28,None,66,1,5,False,1,1
5509,49,random,10,0.3050358280254777,0,28,None,66,1,5,False,1,1
5510,45,random,10,0.3745023885350318,0,29,None,66,1,5,False,1,1
5511,46,random,10,0.3874402866242038,0,29,None,66,1,5,False,1,1
5512,47,random,10,0.4004777070063694,0,29,None,66,1,5,False,1,1
5513,48,random,10,0.4095342356687898,0,29,None,66,1,5,False,1,1
5514,49,random,10,0.4164012738853503,0,29,None,66,1,5,False,1,1
5515,45,random,10,0.3471337579617834,0,9,None,66,1,5,False,1,1
5516,46,random,10,0.352906050955414,0,9,None,66,1,5,False,1,1
5517,47,random,10,0.3568869426751592,0,9,None,66,1,5,False,1,1
5518,48,random,10,0.3616640127388535,0,9,None,66,1,5,False,1,1
5519,49,random,10,0.3697253184713376,0,9,None,66,1,5,False,1,1
5520,45,random,10,0.3806727707006369,0,30,None,66,1,5,False,1,1
5521,46,random,10,0.3831608280254777,0,30,None,66,1,5,False,1,1
5522,47,random,10,0.3866441082802547,0,30,None,66,1,5,False,1,1
5523,48,random,10,0.3910230891719745,0,30,None,66,1,5,False,1,1
5524,49,random,10,0.3974920382165605,0,30,None,66,1,5,False,1,1
5525,45,random,10,0.3417595541401274,0,31,None,66,1,5,False,1,1
5526,46,random,10,0.3848527070063694,0,31,None,66,1,5,False,1,1
5527,47,random,10,0.3975915605095541,0,31,None,66,1,5,False,1,1
5528,48,random,10,0.4025676751592357,0,31,None,66,1,5,False,1,1
5529,49,random,10,0.40515525477707,0,31,None,66,1,5,False,1,1
5530,45,random,10,0.4717356687898089,0,27,None,66,1,5,False,1,1
5531,46,random,10,0.4748208598726114,0,27,None,66,1,5,False,1,1
5532,47,random,10,0.4767117834394904,0,27,None,66,1,5,False,1,1
5533,48,random,10,0.4790007961783439,0,27,None,66,1,5,False,1,1
5534,49,random,10,0.4799960191082802,0,27,None,66,1,5,False,1,1
5535,45,random,10,0.2568670382165605,0,0,None,66,1,5,False,1,1
5536,46,random,10,0.2694068471337579,0,0,None,66,1,5,False,1,1
5537,47,random,10,0.2878184713375796,0,0,None,66,1,5,False,1,1
5538,48,random,10,0.3096138535031847,0,0,None,66,1,5,False,1,1
5539,49,random,10,0.3406648089171974,0,0,None,66,1,5,False,1,1
5540,45,random,10,0.4206807324840764,0,3,None,66,1,5,False,1,1
5541,46,random,10,0.4295382165605095,0,3,None,66,1,5,False,1,1
5542,47,random,10,0.4464570063694267,0,3,None,66,1,5,False,1,1
5543,48,random,10,0.4565087579617834,0,3,None,66,1,5,False,1,1
5544,49,random,10,0.4655652866242038,0,3,None,66,1,5,False,1,1
5545,45,random,10,0.3880374203821656,0,4,None,66,1,5,False,1,1
5546,46,random,10,0.3961982484076433,0,4,None,66,1,5,False,1,1
5547,47,random,10,0.4020700636942675,0,4,None,66,1,5,False,1,1
5548,48,random,10,0.4046576433121019,0,4,None,66,1,5,False,1,1
5549,49,random,10,0.4091361464968153,0,4,None,66,1,5,False,1,1
5550,45,random,10,0.4039609872611465,0,6,None,66,1,5,False,1,1
5551,46,random,10,0.3828622611464968,0,6,None,66,1,5,False,1,1
5552,47,random,10,0.3810708598726114,0,6,None,66,1,5,False,1,1
5553,48,random,10,0.3917197452229299,0,6,None,66,1,5,False,1,1
5554,49,random,10,0.3988853503184713,0,6,None,66,1,5,False,1,1
5555,45,random,10,0.3545979299363057,0,20,None,66,1,5,False,1,1
5556,46,random,10,0.3717157643312102,0,20,None,66,1,5,False,1,1
5557,47,random,10,0.3936106687898089,0,20,None,66,1,5,False,1,1
5558,48,random,10,0.4161027070063694,0,20,None,66,1,5,False,1,1
5559,49,random,10,0.4729299363057325,0,20,None,66,1,5,False,1,1
5560,45,random,10,0.4280453821656051,0,10,None,66,1,5,False,1,1
5561,46,random,10,0.3509156050955414,0,10,None,66,1,5,False,1,1
5562,47,random,10,0.352109872611465,0,10,None,66,1,5,False,1,1
5563,48,random,10,0.3530055732484076,0,10,None,66,1,5,False,1,1
5564,49,random,10,0.3541998407643312,0,10,None,66,1,5,False,1,1
5565,45,random,10,0.3796775477707006,0,22,None,66,1,5,False,1,1
5566,46,random,10,0.4198845541401274,0,22,None,66,1,5,False,1,1
5567,47,random,10,0.4372014331210191,0,22,None,66,1,5,False,1,1
5568,48,random,10,0.4471536624203822,0,22,None,66,1,5,False,1,1
5569,49,random,10,0.4552149681528662,0,22,None,66,1,5,False,1,1
5570,45,random,10,0.3505175159235669,0,23,None,66,1,5,False,1,1
5571,46,random,10,0.324343152866242,0,23,None,66,1,5,False,1,1
5572,47,random,10,0.2898089171974522,0,23,None,66,1,5,False,1,1
5573,48,random,10,0.2905055732484076,0,23,None,66,1,5,False,1,1
5574,49,random,10,0.2919984076433121,0,23,None,66,1,5,False,1,1
5575,45,random,10,0.3540007961783439,0,32,None,66,1,5,False,1,1
5576,46,random,10,0.3667396496815286,0,32,None,66,1,5,False,1,1
5577,47,random,10,0.3805732484076433,0,32,None,66,1,5,False,1,1
5578,48,random,10,0.3897292993630573,0,32,None,66,1,5,False,1,1
5579,49,random,10,0.397093949044586,0,32,None,66,1,5,False,1,1
5580,45,random,10,0.3839570063694267,0,7,None,66,1,5,False,1,1
5581,46,random,10,0.3838574840764331,0,7,None,66,1,5,False,1,1
5582,47,random,10,0.3907245222929936,0,7,None,66,1,5,False,1,1
5583,48,random,10,0.4007762738853503,0,7,None,66,1,5,False,1,1
5584,49,random,10,0.4120222929936306,0,7,None,66,1,5,False,1,1
5585,45,random,10,0.3619625796178344,0,8,None,66,1,5,False,1,1
5586,46,random,10,0.3113057324840764,0,8,None,66,1,5,False,1,1
5587,47,random,10,0.2989649681528662,0,8,None,66,1,5,False,1,1
5588,48,random,10,0.3004578025477707,0,8,None,66,1,5,False,1,1
5589,49,random,10,0.3019506369426751,0,8,None,66,1,5,False,1,1
5590,45,random,10,0.359375,0,16,None,66,1,5,False,1,1
5591,46,random,10,0.380374203821656,0,16,None,66,1,5,False,1,1
5592,47,random,10,0.3958996815286624,0,16,None,66,1,5,False,1,1
5593,48,random,10,0.4238654458598726,0,16,None,66,1,5,False,1,1
5594,49,random,10,0.4435708598726114,0,16,None,66,1,5,False,1,1
5595,45,random,10,0.2924960191082802,0,18,None,66,1,5,False,1,1
5596,46,random,10,0.3290207006369426,0,18,None,66,1,5,False,1,1
5597,47,random,10,0.3492237261146497,0,18,None,66,1,5,False,1,1
5598,48,random,10,0.2892117834394904,0,18,None,66,1,5,False,1,1
5599,49,random,10,0.2886146496815286,0,18,None,66,1,5,False,1,1
5600,45,random,10,0.3355891719745223,0,19,None,66,1,5,False,1,1
5601,46,random,10,0.3761942675159235,0,19,None,66,1,5,False,1,1
5602,47,random,10,0.3991839171974522,0,19,None,66,1,5,False,1,1
5603,48,random,10,0.4118232484076433,0,19,None,66,1,5,False,1,1
5604,49,random,10,0.4222730891719745,0,19,None,66,1,5,False,1,1
5605,45,random,10,0.3648487261146497,0,21,None,66,1,5,False,1,1
5606,46,random,10,0.3695262738853503,0,21,None,66,1,5,False,1,1
5607,47,random,10,0.3733081210191082,0,21,None,66,1,5,False,1,1
5608,48,random,10,0.380374203821656,0,21,None,66,1,5,False,1,1
5609,49,random,10,0.3942078025477707,0,21,None,66,1,5,False,1,1
5610,50,random,10,0.4285429936305732,0,11,None,66,1,5,False,1,1
5611,51,random,10,0.4391918789808917,0,11,None,66,1,5,False,1,1
5612,52,random,10,0.4509355095541401,0,11,None,66,1,5,False,1,1
5613,53,random,10,0.4711385350318471,0,11,None,66,1,5,False,1,1
5614,54,random,10,0.4886544585987261,0,11,None,66,1,5,False,1,1
5615,50,random,10,0.4738256369426751,0,15,None,66,1,5,False,1,1
5616,51,random,10,0.477109872611465,0,15,None,66,1,5,False,1,1
5617,52,random,10,0.4828821656050955,0,15,None,66,1,5,False,1,1
5618,53,random,10,0.4883558917197452,0,15,None,66,1,5,False,1,1
5619,54,random,10,0.4919386942675159,0,15,None,66,1,5,False,1,1
5620,50,random,10,0.4060509554140127,0,26,None,66,1,5,False,1,1
5621,51,random,10,0.419984076433121,0,26,None,66,1,5,False,1,1
5622,52,random,10,0.4279458598726114,0,26,None,66,1,5,False,1,1
5623,53,random,10,0.4314291401273885,0,26,None,66,1,5,False,1,1
5624,54,random,10,0.4351114649681528,0,26,None,66,1,5,False,1,1
5625,50,random,10,0.3610668789808917,0,12,None,66,1,5,False,1,1
5626,51,random,10,0.3777866242038216,0,12,None,66,1,5,False,1,1
5627,52,random,10,0.4169984076433121,0,12,None,66,1,5,False,1,1
5628,53,random,10,0.4607882165605095,0,12,None,66,1,5,False,1,1
5629,54,random,10,0.4833797770700637,0,12,None,66,1,5,False,1,1
5630,50,random,10,0.3786823248407643,0,30,None,66,1,5,False,1,1
5631,51,random,10,0.3816679936305732,0,30,None,66,1,5,False,1,1
5632,52,random,10,0.3828622611464968,0,30,None,66,1,5,False,1,1
5633,53,random,10,0.3831608280254777,0,30,None,66,1,5,False,1,1
5634,54,random,10,0.3840565286624204,0,30,None,66,1,5,False,1,1
5635,50,random,10,0.394108280254777,0,7,None,66,1,5,False,1,1
5636,51,random,10,0.4182921974522293,0,7,None,66,1,5,False,1,1
5637,52,random,10,0.4343152866242038,0,7,None,66,1,5,False,1,1
5638,53,random,10,0.4484474522292994,0,7,None,66,1,5,False,1,1
5639,54,random,10,0.4632762738853503,0,7,None,66,1,5,False,1,1
5640,50,random,10,0.3837579617834395,0,1,None,66,1,5,False,1,1
5641,51,random,10,0.3918192675159235,0,1,None,66,1,5,False,1,1
5642,52,random,10,0.393312101910828,0,1,None,66,1,5,False,1,1
5643,53,random,10,0.3967953821656051,0,1,None,66,1,5,False,1,1
5644,54,random,10,0.398984872611465,0,1,None,66,1,5,False,1,1
5645,50,random,10,0.368531050955414,0,2,None,66,1,5,False,1,1
5646,51,random,10,0.369327229299363,0,2,None,66,1,5,False,1,1
5647,52,random,10,0.3706210191082802,0,2,None,66,1,5,False,1,1
5648,53,random,10,0.3716162420382166,0,2,None,66,1,5,False,1,1
5649,54,random,10,0.3733081210191082,0,2,None,66,1,5,False,1,1
5650,50,random,10,0.3005573248407643,0,5,None,66,1,5,False,1,1
5651,51,random,10,0.3229498407643312,0,5,None,66,1,5,False,1,1
5652,52,random,10,0.3362858280254777,0,5,None,66,1,5,False,1,1
5653,53,random,10,0.3451433121019108,0,5,None,66,1,5,False,1,1
5654,54,random,10,0.3509156050955414,0,5,None,66,1,5,False,1,1
5655,50,random,10,0.3995820063694267,0,13,None,66,1,5,False,1,1
5656,51,random,10,0.4061504777070063,0,13,None,66,1,5,False,1,1
5657,52,random,10,0.4099323248407643,0,13,None,66,1,5,False,1,1
5658,53,random,10,0.4143113057324841,0,13,None,66,1,5,False,1,1
5659,54,random,10,0.4182921974522293,0,13,None,66,1,5,False,1,1
5660,50,random,10,0.371218152866242,0,28,None,66,1,5,False,1,1
5661,51,random,10,0.3697253184713376,0,28,None,66,1,5,False,1,1
5662,52,random,10,0.3717157643312102,0,28,None,66,1,5,False,1,1
5663,53,random,10,0.3740047770700637,0,28,None,66,1,5,False,1,1
5664,54,random,10,0.3765923566878981,0,28,None,66,1,5,False,1,1
5665,50,random,10,0.4973128980891719,0,6,None,66,1,5,False,1,1
5666,51,random,10,0.5017914012738853,0,6,None,66,1,5,False,1,1
5667,52,random,10,0.5112460191082803,0,6,None,66,1,5,False,1,1
5668,53,random,10,0.5196058917197452,0,6,None,66,1,5,False,1,1
5669,54,random,10,0.5282643312101911,0,6,None,66,1,5,False,1,1
5670,50,random,10,0.3585788216560509,0,10,None,66,1,5,False,1,1
5671,51,random,10,0.3641520700636942,0,10,None,66,1,5,False,1,1
5672,52,random,10,0.372014331210191,0,10,None,66,1,5,False,1,1
5673,53,random,10,0.3824641719745223,0,10,None,66,1,5,False,1,1
5674,54,random,10,0.3923168789808917,0,10,None,66,1,5,False,1,1
5675,50,random,10,0.4679538216560509,0,22,None,66,1,5,False,1,1
5676,51,random,10,0.477906050955414,0,22,None,66,1,5,False,1,1
5677,52,random,10,0.4871616242038216,0,22,None,66,1,5,False,1,1
5678,53,random,10,0.4934315286624204,0,22,None,66,1,5,False,1,1
5679,54,random,10,0.5005971337579618,0,22,None,66,1,5,False,1,1
5680,50,random,10,0.3225517515923566,0,23,None,66,1,5,False,1,1
5681,51,random,10,0.3237460191082802,0,23,None,66,1,5,False,1,1
5682,52,random,10,0.3301154458598726,0,23,None,66,1,5,False,1,1
5683,53,random,10,0.3351910828025478,0,23,None,66,1,5,False,1,1
5684,54,random,10,0.3416600318471338,0,23,None,66,1,5,False,1,1
5685,50,random,10,0.3957006369426751,0,32,None,66,1,5,False,1,1
5686,51,random,10,0.4054538216560509,0,32,None,66,1,5,False,1,1
5687,52,random,10,0.4123208598726114,0,32,None,66,1,5,False,1,1
5688,53,random,10,0.4184912420382166,0,32,None,66,1,5,False,1,1
5689,54,random,10,0.4236664012738853,0,32,None,66,1,5,False,1,1
5690,50,random,10,0.4445660828025478,0,16,None,66,1,5,False,1,1
5691,51,random,10,0.4536226114649681,0,16,None,66,1,5,False,1,1
5692,52,random,10,0.4712380573248407,0,16,None,66,1,5,False,1,1
5693,53,random,10,0.492734872611465,0,16,None,66,1,5,False,1,1
5694,54,random,10,0.5176154458598726,0,16,None,66,1,5,False,1,1
5695,50,random,10,0.3448447452229299,0,8,None,66,1,5,False,1,1
5696,51,random,10,0.3451433121019108,0,8,None,66,1,5,False,1,1
5697,52,random,10,0.3495222929936306,0,8,None,66,1,5,False,1,1
5698,53,random,10,0.3572850318471338,0,8,None,66,1,5,False,1,1
5699,54,random,10,0.3663415605095541,0,8,None,66,1,5,False,1,1
5700,50,random,10,0.4174960191082802,0,18,None,66,1,5,False,1,1
5701,51,random,10,0.3533041401273885,0,18,None,66,1,5,False,1,1
5702,52,random,10,0.3643511146496815,0,18,None,66,1,5,False,1,1
5703,53,random,10,0.3724124203821656,0,18,None,66,1,5,False,1,1
5704,54,random,10,0.3813694267515923,0,18,None,66,1,5,False,1,1
5705,50,random,10,0.5246815286624203,0,31,None,66,1,5,False,1,1
5706,51,random,10,0.5176154458598726,0,31,None,66,1,5,False,1,1
5707,52,random,10,0.5092555732484076,0,31,None,66,1,5,False,1,1
5708,53,random,10,0.4976114649681528,0,31,None,66,1,5,False,1,1
5709,54,random,10,0.4903463375796178,0,31,None,66,1,5,False,1,1
5710,50,random,10,0.4307324840764331,0,19,None,66,1,5,False,1,1
5711,51,random,10,0.4368033439490446,0,19,None,66,1,5,False,1,1
5712,52,random,10,0.4411823248407643,0,19,None,66,1,5,False,1,1
5713,53,random,10,0.4460589171974522,0,19,None,66,1,5,False,1,1
5714,54,random,10,0.450139331210191,0,19,None,66,1,5,False,1,1
5715,50,random,10,0.2933917197452229,0,9,None,66,1,5,False,1,1
5716,51,random,10,0.3076234076433121,0,9,None,66,1,5,False,1,1
5717,52,random,10,0.3188694267515923,0,9,None,66,1,5,False,1,1
5718,53,random,10,0.3314092356687898,0,9,None,66,1,5,False,1,1
5719,54,random,10,0.3506170382165605,0,9,None,66,1,5,False,1,1
5720,50,random,10,0.3153861464968153,0,14,None,66,1,5,False,1,1
5721,51,random,10,0.3124004777070063,0,14,None,66,1,5,False,1,1
5722,52,random,10,0.3124004777070063,0,14,None,66,1,5,False,1,1
5723,53,random,10,0.3123009554140127,0,14,None,66,1,5,False,1,1
5724,54,random,10,0.3131966560509554,0,14,None,66,1,5,False,1,1
5725,50,random,10,0.3379777070063694,0,0,None,66,1,5,False,1,1
5726,51,random,10,0.3565883757961783,0,0,None,66,1,5,False,1,1
5727,52,random,10,0.3694267515923566,0,0,None,66,1,5,False,1,1
5728,53,random,10,0.3769904458598726,0,0,None,66,1,5,False,1,1
5729,54,random,10,0.3869426751592357,0,0,None,66,1,5,False,1,1
5730,50,random,10,0.4022691082802547,0,25,None,66,1,5,False,1,1
5731,51,random,10,0.4092356687898089,0,25,None,66,1,5,False,1,1
5732,52,random,10,0.4161027070063694,0,25,None,66,1,5,False,1,1
5733,53,random,10,0.424562101910828,0,25,None,66,1,5,False,1,1
5734,54,random,10,0.4306329617834395,0,25,None,66,1,5,False,1,1
5735,50,random,10,0.318968949044586,0,29,None,66,1,5,False,1,1
5736,51,random,10,0.3500199044585987,0,29,None,66,1,5,False,1,1
5737,52,random,10,0.3641520700636942,0,29,None,66,1,5,False,1,1
5738,53,random,10,0.3715167197452229,0,29,None,66,1,5,False,1,1
5739,54,random,10,0.3773885350318471,0,29,None,66,1,5,False,1,1
5740,50,random,10,0.3949044585987261,0,4,None,66,1,5,False,1,1
5741,51,random,10,0.3990843949044586,0,4,None,66,1,5,False,1,1
5742,52,random,10,0.4038614649681528,0,4,None,66,1,5,False,1,1
5743,53,random,10,0.4077428343949044,0,4,None,66,1,5,False,1,1
5744,54,random,10,0.4092356687898089,0,4,None,66,1,5,False,1,1
5745,50,random,10,0.4554140127388535,0,3,None,66,1,5,False,1,1
5746,51,random,10,0.4626791401273885,0,3,None,66,1,5,False,1,1
5747,52,random,10,0.4708399681528662,0,3,None,66,1,5,False,1,1
5748,53,random,10,0.4749203821656051,0,3,None,66,1,5,False,1,1
5749,54,random,10,0.4798964968152866,0,3,None,66,1,5,False,1,1
5750,50,random,10,0.4341162420382166,0,20,None,66,1,5,False,1,1
5751,51,random,10,0.471437101910828,0,20,None,66,1,5,False,1,1
5752,52,random,10,0.493531050955414,0,20,None,66,1,5,False,1,1
5753,53,random,10,0.5087579617834395,0,20,None,66,1,5,False,1,1
5754,54,random,10,0.5206011146496815,0,20,None,66,1,5,False,1,1
5755,50,random,10,0.4925358280254777,0,17,None,66,1,5,False,1,1
5756,51,random,10,0.4979100318471338,0,17,None,66,1,5,False,1,1
5757,52,random,10,0.5023885350318471,0,17,None,66,1,5,False,1,1
5758,53,random,10,0.5062699044585988,0,17,None,66,1,5,False,1,1
5759,54,random,10,0.5096536624203821,0,17,None,66,1,5,False,1,1
5760,50,random,10,0.3689291401273885,0,21,None,66,1,5,False,1,1
5761,51,random,10,0.372014331210191,0,21,None,66,1,5,False,1,1
5762,52,random,10,0.3742038216560509,0,21,None,66,1,5,False,1,1
5763,53,random,10,0.3797770700636942,0,21,None,66,1,5,False,1,1
5764,54,random,10,0.3972929936305732,0,21,None,66,1,5,False,1,1
5765,50,random,10,0.2598527070063694,0,24,None,66,1,5,False,1,1
5766,51,random,10,0.2871218152866242,0,24,None,66,1,5,False,1,1
5767,52,random,10,0.3205613057324841,0,24,None,66,1,5,False,1,1
5768,53,random,10,0.347233280254777,0,24,None,66,1,5,False,1,1
5769,54,random,10,0.3636544585987261,0,24,None,66,1,5,False,1,1
5770,50,random,10,0.4349124203821656,0,27,None,66,1,5,False,1,1
5771,51,random,10,0.4449641719745223,0,27,None,66,1,5,False,1,1
5772,52,random,10,0.4479498407643312,0,27,None,66,1,5,False,1,1
5773,53,random,10,0.4511345541401274,0,27,None,66,1,5,False,1,1
5774,54,random,10,0.4524283439490446,0,27,None,66,1,5,False,1,1
7590,55,random,10,0.4351114649681528,0,1,None,66,1,5,False,1,1
7591,56,random,10,0.4481488853503185,0,1,None,66,1,5,False,1,1
7592,57,random,10,0.4673566878980891,0,1,None,66,1,5,False,1,1
7593,58,random,10,0.4803941082802547,0,1,None,66,1,5,False,1,1
7594,59,random,10,0.4884554140127388,0,1,None,66,1,5,False,1,1
7595,55,random,10,0.3741042993630573,0,2,None,66,1,5,False,1,1
7596,56,random,10,0.3773885350318471,0,2,None,66,1,5,False,1,1
7597,57,random,10,0.3794785031847134,0,2,None,66,1,5,False,1,1
7598,58,random,10,0.3837579617834395,0,2,None,66,1,5,False,1,1
7599,59,random,10,0.3894307324840764,0,2,None,66,1,5,False,1,1
7600,55,random,10,0.3753980891719745,0,5,None,66,1,5,False,1,1
7601,56,random,10,0.3927149681528662,0,5,None,66,1,5,False,1,1
7602,57,random,10,0.4028662420382166,0,5,None,66,1,5,False,1,1
7603,58,random,10,0.4119227707006369,0,5,None,66,1,5,False,1,1
7604,59,random,10,0.4166003184713376,0,5,None,66,1,5,False,1,1
7605,55,random,10,0.4951234076433121,0,15,None,66,1,5,False,1,1
7606,56,random,10,0.4986066878980891,0,15,None,66,1,5,False,1,1
7607,57,random,10,0.5032842356687898,0,15,None,66,1,5,False,1,1
7608,58,random,10,0.5078622611464968,0,15,None,66,1,5,False,1,1
7609,59,random,10,0.5116441082802548,0,15,None,66,1,5,False,1,1
7610,55,random,10,0.4659633757961783,0,16,None,66,1,5,False,1,1
7611,56,random,10,0.5206011146496815,0,16,None,66,1,5,False,1,1
7612,57,random,10,0.5417993630573248,0,16,None,66,1,5,False,1,1
7613,58,random,10,0.5638933121019108,0,16,None,66,1,5,False,1,1
7614,59,random,10,0.5839968152866242,0,16,None,66,1,5,False,1,1
7615,55,random,10,0.4358081210191082,0,19,None,66,1,5,False,1,1
7616,56,random,10,0.4414808917197452,0,19,None,66,1,5,False,1,1
7617,57,random,10,0.447452229299363,0,19,None,66,1,5,False,1,1
7618,58,random,10,0.4527269108280254,0,19,None,66,1,5,False,1,1
7619,59,random,10,0.4583996815286624,0,19,None,66,1,5,False,1,1
7620,55,random,10,0.2712977707006369,0,14,None,66,1,5,False,1,1
7621,56,random,10,0.2736863057324841,0,14,None,66,1,5,False,1,1
7622,57,random,10,0.2786624203821656,0,14,None,66,1,5,False,1,1
7623,58,random,10,0.2827428343949044,0,14,None,66,1,5,False,1,1
7624,59,random,10,0.2861265923566879,0,14,None,66,1,5,False,1,1
7625,55,random,10,0.3750995222929936,0,21,None,66,1,5,False,1,1
7626,56,random,10,0.3974920382165605,0,21,None,66,1,5,False,1,1
7627,57,random,10,0.4166998407643312,0,21,None,66,1,5,False,1,1
7628,58,random,10,0.4308320063694267,0,21,None,66,1,5,False,1,1
7629,59,random,10,0.4442675159235669,0,21,None,66,1,5,False,1,1
7630,55,random,10,0.3642515923566879,0,28,None,66,1,5,False,1,1
7631,56,random,10,0.3692277070063694,0,28,None,66,1,5,False,1,1
7632,57,random,10,0.377687101910828,0,28,None,66,1,5,False,1,1
7633,58,random,10,0.3968949044585987,0,28,None,66,1,5,False,1,1
7634,59,random,10,0.4106289808917197,0,28,None,66,1,5,False,1,1
7635,55,random,10,0.3629578025477707,0,29,None,66,1,5,False,1,1
7636,56,random,10,0.3679339171974522,0,29,None,66,1,5,False,1,1
7637,57,random,10,0.3732085987261146,0,29,None,66,1,5,False,1,1
7638,58,random,10,0.378483280254777,0,29,None,66,1,5,False,1,1
7639,59,random,10,0.3825636942675159,0,29,None,66,1,5,False,1,1
7640,55,random,10,0.3657444267515923,0,9,None,66,1,5,False,1,1
7641,56,random,10,0.3804737261146497,0,9,None,66,1,5,False,1,1
7642,57,random,10,0.3998805732484076,0,9,None,66,1,5,False,1,1
7643,58,random,10,0.4182921974522293,0,9,None,66,1,5,False,1,1
7644,59,random,10,0.4306329617834395,0,9,None,66,1,5,False,1,1
7645,55,random,10,0.4246616242038216,0,31,None,66,1,5,False,1,1
7646,56,random,10,0.418093152866242,0,31,None,66,1,5,False,1,1
7647,57,random,10,0.4063495222929936,0,31,None,66,1,5,False,1,1
7648,58,random,10,0.3953025477707006,0,31,None,66,1,5,False,1,1
7649,59,random,10,0.3818670382165605,0,31,None,66,1,5,False,1,1
7650,55,random,10,0.4655652866242038,0,18,None,66,1,5,False,1,1
7651,56,random,10,0.4725318471337579,0,18,None,66,1,5,False,1,1
7652,57,random,10,0.4789012738853503,0,18,None,66,1,5,False,1,1
7653,58,random,10,0.4885549363057325,0,18,None,66,1,5,False,1,1
7654,59,random,10,0.4999004777070063,0,18,None,66,1,5,False,1,1
7655,55,random,10,0.464968152866242,0,11,None,66,1,5,False,1,1
7656,56,random,10,0.4860668789808917,0,11,None,66,1,5,False,1,1
7657,57,random,10,0.503781847133758,0,11,None,66,1,5,False,1,1
7658,58,random,10,0.511843152866242,0,11,None,66,1,5,False,1,1
7659,59,random,10,0.5164211783439491,0,11,None,66,1,5,False,1,1
7660,55,random,10,0.511046974522293,0,17,None,66,1,5,False,1,1
7661,56,random,10,0.5121417197452229,0,17,None,66,1,5,False,1,1
7662,57,random,10,0.5148288216560509,0,17,None,66,1,5,False,1,1
7663,58,random,10,0.5162221337579618,0,17,None,66,1,5,False,1,1
7664,59,random,10,0.5181130573248408,0,17,None,66,1,5,False,1,1
7665,55,random,10,0.237062101910828,0,24,None,66,1,5,False,1,1
7666,56,random,10,0.2586584394904458,0,24,None,66,1,5,False,1,1
7667,57,random,10,0.3023487261146497,0,24,None,66,1,5,False,1,1
7668,58,random,10,0.3362858280254777,0,24,None,66,1,5,False,1,1
7669,59,random,10,0.3636544585987261,0,24,None,66,1,5,False,1,1
7670,55,random,10,0.3691281847133758,0,8,None,66,1,5,False,1,1
7671,56,random,10,0.3740047770700637,0,8,None,66,1,5,False,1,1
7672,57,random,10,0.3845541401273885,0,8,None,66,1,5,False,1,1
7673,58,random,10,0.3937101910828025,0,8,None,66,1,5,False,1,1
7674,59,random,10,0.4033638535031847,0,8,None,66,1,5,False,1,1
7675,55,random,10,0.3976910828025478,0,10,None,66,1,5,False,1,1
7676,56,random,10,0.410828025477707,0,10,None,66,1,5,False,1,1
7677,57,random,10,0.4254578025477707,0,10,None,66,1,5,False,1,1
7678,58,random,10,0.4392914012738853,0,10,None,66,1,5,False,1,1
7679,59,random,10,0.4510350318471338,0,10,None,66,1,5,False,1,1
7680,55,random,10,0.3783837579617834,0,0,None,66,1,5,False,1,1
7681,56,random,10,0.3932125796178344,0,0,None,66,1,5,False,1,1
7682,57,random,10,0.4046576433121019,0,0,None,66,1,5,False,1,1
7683,58,random,10,0.4161027070063694,0,0,None,66,1,5,False,1,1
7684,59,random,10,0.4248606687898089,0,0,None,66,1,5,False,1,1
7685,55,random,10,0.4996019108280254,0,20,None,66,1,5,False,1,1
7686,56,random,10,0.5190087579617835,0,20,None,66,1,5,False,1,1
7687,57,random,10,0.5320461783439491,0,20,None,66,1,5,False,1,1
7688,58,random,10,0.5384156050955414,0,20,None,66,1,5,False,1,1
7689,59,random,10,0.5444864649681529,0,20,None,66,1,5,False,1,1
7690,55,random,10,0.4871616242038216,0,22,None,66,1,5,False,1,1
7691,56,random,10,0.4983081210191082,0,22,None,66,1,5,False,1,1
7692,57,random,10,0.503781847133758,0,22,None,66,1,5,False,1,1
7693,58,random,10,0.5090565286624203,0,22,None,66,1,5,False,1,1
7694,59,random,10,0.5199044585987261,0,22,None,66,1,5,False,1,1
7695,55,random,10,0.3637539808917197,0,23,None,66,1,5,False,1,1
7696,56,random,10,0.3648487261146497,0,23,None,66,1,5,False,1,1
7697,57,random,10,0.373109076433121,0,23,None,66,1,5,False,1,1
7698,58,random,10,0.3816679936305732,0,23,None,66,1,5,False,1,1
7699,59,random,10,0.3913216560509554,0,23,None,66,1,5,False,1,1
7700,55,random,10,0.4591958598726114,0,12,None,66,1,5,False,1,1
7701,56,random,10,0.4755175159235669,0,12,None,66,1,5,False,1,1
7702,57,random,10,0.4945262738853503,0,12,None,66,1,5,False,1,1
7703,58,random,10,0.5123407643312102,0,12,None,66,1,5,False,1,1
7704,59,random,10,0.5253781847133758,0,12,None,66,1,5,False,1,1
7705,55,random,10,0.3986863057324841,0,13,None,66,1,5,False,1,1
7706,56,random,10,0.40625,0,13,None,66,1,5,False,1,1
7707,57,random,10,0.4147093949044586,0,13,None,66,1,5,False,1,1
7708,58,random,10,0.4204816878980891,0,13,None,66,1,5,False,1,1
7709,59,random,10,0.426453025477707,0,13,None,66,1,5,False,1,1
7710,55,random,10,0.4814888535031847,0,3,None,66,1,5,False,1,1
7711,56,random,10,0.4848726114649681,0,3,None,66,1,5,False,1,1
7712,57,random,10,0.4886544585987261,0,3,None,66,1,5,False,1,1
7713,58,random,10,0.4917396496815286,0,3,None,66,1,5,False,1,1
7714,59,random,10,0.494327229299363,0,3,None,66,1,5,False,1,1
7715,55,random,10,0.3672372611464968,0,25,None,66,1,5,False,1,1
7716,56,random,10,0.382265127388535,0,25,None,66,1,5,False,1,1
7717,57,random,10,0.3958001592356688,0,25,None,66,1,5,False,1,1
7718,58,random,10,0.4037619426751592,0,25,None,66,1,5,False,1,1
7719,59,random,10,0.409733280254777,0,25,None,66,1,5,False,1,1
7720,55,random,10,0.4307324840764331,0,26,None,66,1,5,False,1,1
7721,56,random,10,0.4351114649681528,0,26,None,66,1,5,False,1,1
7722,57,random,10,0.4375995222929936,0,26,None,66,1,5,False,1,1
7723,58,random,10,0.4414808917197452,0,26,None,66,1,5,False,1,1
7724,59,random,10,0.4454617834394904,0,26,None,66,1,5,False,1,1
7725,55,random,10,0.4486464968152866,0,27,None,66,1,5,False,1,1
7726,56,random,10,0.4517316878980891,0,27,None,66,1,5,False,1,1
7727,57,random,10,0.4533240445859872,0,27,None,66,1,5,False,1,1
7728,58,random,10,0.4551154458598726,0,27,None,66,1,5,False,1,1
7729,59,random,10,0.4615843949044586,0,27,None,66,1,5,False,1,1
7730,55,random,10,0.5429936305732485,0,6,None,66,1,5,False,1,1
7731,56,random,10,0.5447850318471338,0,6,None,66,1,5,False,1,1
7732,57,random,10,0.5500597133757962,0,6,None,66,1,5,False,1,1
7733,58,random,10,0.5539410828025477,0,6,None,66,1,5,False,1,1
7734,59,random,10,0.5583200636942676,0,6,None,66,1,5,False,1,1
7735,55,random,10,0.3825636942675159,0,30,None,66,1,5,False,1,1
7736,56,random,10,0.3837579617834395,0,30,None,66,1,5,False,1,1
7737,57,random,10,0.384952229299363,0,30,None,66,1,5,False,1,1
7738,58,random,10,0.3961982484076433,0,30,None,66,1,5,False,1,1
7739,59,random,10,0.410828025477707,0,30,None,66,1,5,False,1,1
7740,55,random,10,0.4449641719745223,0,7,None,66,1,5,False,1,1
7741,56,random,10,0.4709394904458598,0,7,None,66,1,5,False,1,1
7742,57,random,10,0.4850716560509554,0,7,None,66,1,5,False,1,1
7743,58,random,10,0.4995023885350318,0,7,None,66,1,5,False,1,1
7744,59,random,10,0.5096536624203821,0,7,None,66,1,5,False,1,1
7745,55,random,10,0.3992834394904458,0,4,None,66,1,5,False,1,1
7746,56,random,10,0.402468152866242,0,4,None,66,1,5,False,1,1
7747,57,random,10,0.4058519108280254,0,4,None,66,1,5,False,1,1
7748,58,random,10,0.4080414012738853,0,4,None,66,1,5,False,1,1
7749,59,random,10,0.4096337579617834,0,4,None,66,1,5,False,1,1
7750,55,random,10,0.4278463375796178,0,32,None,66,1,5,False,1,1
7751,56,random,10,0.4315286624203822,0,32,None,66,1,5,False,1,1
7752,57,random,10,0.4349124203821656,0,32,None,66,1,5,False,1,1
7753,58,random,10,0.4372014331210191,0,32,None,66,1,5,False,1,1
7754,59,random,10,0.4394904458598726,0,32,None,66,1,5,False,1,1
7755,60,random,10,0.3482285031847134,0,24,None,66,1,5,False,1,1
7756,61,random,10,0.3669386942675159,0,24,None,66,1,5,False,1,1
7757,62,random,10,0.3798765923566879,0,24,None,66,1,5,False,1,1
7758,63,random,10,0.3884355095541401,0,24,None,66,1,5,False,1,1
7759,64,random,10,0.3948049363057325,0,24,None,66,1,5,False,1,1
7760,60,random,10,0.5452826433121019,0,31,None,66,1,5,False,1,1
7761,61,random,10,0.5469745222929936,0,31,None,66,1,5,False,1,1
7762,62,random,10,0.5450835987261147,0,31,None,66,1,5,False,1,1
7763,63,random,10,0.5400079617834395,0,31,None,66,1,5,False,1,1
7764,64,random,10,0.5367237261146497,0,31,None,66,1,5,False,1,1
7765,60,random,10,0.4957205414012738,0,1,None,66,1,5,False,1,1
7766,61,random,10,0.5053742038216561,0,1,None,66,1,5,False,1,1
7767,62,random,10,0.5141321656050956,0,1,None,66,1,5,False,1,1
7768,63,random,10,0.5236863057324841,0,1,None,66,1,5,False,1,1
7769,64,random,10,0.5307523885350318,0,1,None,66,1,5,False,1,1
7770,60,random,10,0.4389928343949044,0,13,None,66,1,5,False,1,1
7771,61,random,10,0.4609872611464968,0,13,None,66,1,5,False,1,1
7772,62,random,10,0.4773089171974522,0,13,None,66,1,5,False,1,1
7773,63,random,10,0.4901472929936306,0,13,None,66,1,5,False,1,1
7774,64,random,10,0.5009952229299363,0,13,None,66,1,5,False,1,1
7775,60,random,10,0.4565087579617834,0,21,None,66,1,5,False,1,1
7776,61,random,10,0.4659633757961783,0,21,None,66,1,5,False,1,1
7777,62,random,10,0.4751194267515923,0,21,None,66,1,5,False,1,1
7778,63,random,10,0.4841759554140127,0,21,None,66,1,5,False,1,1
7779,64,random,10,0.4911425159235669,0,21,None,66,1,5,False,1,1
7780,60,random,10,0.4795979299363057,0,27,None,66,1,5,False,1,1
7781,61,random,10,0.4901472929936306,0,27,None,66,1,5,False,1,1
7782,62,random,10,0.4968152866242038,0,27,None,66,1,5,False,1,1
7783,63,random,10,0.5017914012738853,0,27,None,66,1,5,False,1,1
7784,64,random,10,0.5057722929936306,0,27,None,66,1,5,False,1,1
7785,60,random,10,0.3964968152866242,0,2,None,66,1,5,False,1,1
7786,61,random,10,0.4086385350318471,0,2,None,66,1,5,False,1,1
7787,62,random,10,0.418093152866242,0,2,None,66,1,5,False,1,1
7788,63,random,10,0.4243630573248407,0,2,None,66,1,5,False,1,1
7789,64,random,10,0.431827229299363,0,2,None,66,1,5,False,1,1
7790,60,random,10,0.4183917197452229,0,28,None,66,1,5,False,1,1
7791,61,random,10,0.4266520700636942,0,28,None,66,1,5,False,1,1
7792,62,random,10,0.4333200636942675,0,28,None,66,1,5,False,1,1
7793,63,random,10,0.4392914012738853,0,28,None,66,1,5,False,1,1
7794,64,random,10,0.4461584394904458,0,28,None,66,1,5,False,1,1
7795,60,random,10,0.3949044585987261,0,5,None,66,1,5,False,1,1
7796,61,random,10,0.4139132165605095,0,5,None,66,1,5,False,1,1
7797,62,random,10,0.4243630573248407,0,5,None,66,1,5,False,1,1
7798,63,random,10,0.4315286624203822,0,5,None,66,1,5,False,1,1
7799,64,random,10,0.4365047770700637,0,5,None,66,1,5,False,1,1
7800,60,random,10,0.5711584394904459,0,12,None,66,1,5,False,1,1
7801,61,random,10,0.5555334394904459,0,12,None,66,1,5,False,1,1
7802,62,random,10,0.5616042993630573,0,12,None,66,1,5,False,1,1
7803,63,random,10,0.5665804140127388,0,12,None,66,1,5,False,1,1
7804,64,random,10,0.5715565286624203,0,12,None,66,1,5,False,1,1
7805,60,random,10,0.4479498407643312,0,26,None,66,1,5,False,1,1
7806,61,random,10,0.4509355095541401,0,26,None,66,1,5,False,1,1
7807,62,random,10,0.4551154458598726,0,26,None,66,1,5,False,1,1
7808,63,random,10,0.4590963375796178,0,26,None,66,1,5,False,1,1
7809,64,random,10,0.4619824840764331,0,26,None,66,1,5,False,1,1
7810,60,random,10,0.4027667197452229,0,30,None,66,1,5,False,1,1
7811,61,random,10,0.4143113057324841,0,30,None,66,1,5,False,1,1
7812,62,random,10,0.4319267515923566,0,30,None,66,1,5,False,1,1
7813,63,random,10,0.453125,0,30,None,66,1,5,False,1,1
7814,64,random,10,0.4769108280254777,0,30,None,66,1,5,False,1,1
7815,60,random,10,0.4164012738853503,0,18,None,66,1,5,False,1,1
7816,61,random,10,0.4166003184713376,0,18,None,66,1,5,False,1,1
7817,62,random,10,0.4246616242038216,0,18,None,66,1,5,False,1,1
7818,63,random,10,0.4326234076433121,0,18,None,66,1,5,False,1,1
7819,64,random,10,0.4416799363057325,0,18,None,66,1,5,False,1,1
7820,60,random,10,0.4119227707006369,0,8,None,66,1,5,False,1,1
7821,61,random,10,0.4216759554140127,0,8,None,66,1,5,False,1,1
7822,62,random,10,0.4292396496815286,0,8,None,66,1,5,False,1,1
7823,63,random,10,0.4373009554140127,0,8,None,66,1,5,False,1,1
7824,64,random,10,0.4427746815286624,0,8,None,66,1,5,False,1,1
7825,60,random,10,0.4037619426751592,0,19,None,66,1,5,False,1,1
7826,61,random,10,0.4179936305732484,0,19,None,66,1,5,False,1,1
7827,62,random,10,0.4306329617834395,0,19,None,66,1,5,False,1,1
7828,63,random,10,0.4408837579617834,0,19,None,66,1,5,False,1,1
7829,64,random,10,0.4504378980891719,0,19,None,66,1,5,False,1,1
7830,60,random,10,0.5148288216560509,0,15,None,66,1,5,False,1,1
7831,61,random,10,0.5188097133757962,0,15,None,66,1,5,False,1,1
7832,62,random,10,0.5234872611464968,0,15,None,66,1,5,False,1,1
7833,63,random,10,0.5278662420382165,0,15,None,66,1,5,False,1,1
7834,64,random,10,0.5298566878980892,0,15,None,66,1,5,False,1,1
7835,60,random,10,0.5490644904458599,0,20,None,66,1,5,False,1,1
7836,61,random,10,0.5524482484076433,0,20,None,66,1,5,False,1,1
7837,62,random,10,0.5567277070063694,0,20,None,66,1,5,False,1,1
7838,63,random,10,0.557921974522293,0,20,None,66,1,5,False,1,1
7839,64,random,10,0.5593152866242038,0,20,None,66,1,5,False,1,1
7840,60,random,10,0.5522492038216561,0,22,None,66,1,5,False,1,1
7841,61,random,10,0.5787221337579618,0,22,None,66,1,5,False,1,1
7842,62,random,10,0.5934514331210191,0,22,None,66,1,5,False,1,1
7843,63,random,10,0.602906050955414,0,22,None,66,1,5,False,1,1
7844,64,random,10,0.6103702229299363,0,22,None,66,1,5,False,1,1
7845,60,random,10,0.4019705414012738,0,23,None,66,1,5,False,1,1
7846,61,random,10,0.4130175159235669,0,23,None,66,1,5,False,1,1
7847,62,random,10,0.4255573248407643,0,23,None,66,1,5,False,1,1
7848,63,random,10,0.4350119426751592,0,23,None,66,1,5,False,1,1
7849,64,random,10,0.4437699044585987,0,23,None,66,1,5,False,1,1
7850,60,random,10,0.4112261146496815,0,4,None,66,1,5,False,1,1
7851,61,random,10,0.4124203821656051,0,4,None,66,1,5,False,1,1
7852,62,random,10,0.4136146496815286,0,4,None,66,1,5,False,1,1
7853,63,random,10,0.4153065286624204,0,4,None,66,1,5,False,1,1
7854,64,random,10,0.4158041401273885,0,4,None,66,1,5,False,1,1
7855,60,random,10,0.5489649681528662,0,6,None,66,1,5,False,1,1
7856,61,random,10,0.5547372611464968,0,6,None,66,1,5,False,1,1
7857,62,random,10,0.558718152866242,0,6,None,66,1,5,False,1,1
7858,63,random,10,0.5630971337579618,0,6,None,66,1,5,False,1,1
7859,64,random,10,0.5655851910828026,0,6,None,66,1,5,False,1,1
7860,60,random,10,0.4545183121019108,0,7,None,66,1,5,False,1,1
7861,61,random,10,0.4946257961783439,0,7,None,66,1,5,False,1,1
7862,62,random,10,0.507265127388535,0,7,None,66,1,5,False,1,1
7863,63,random,10,0.5190087579617835,0,7,None,66,1,5,False,1,1
7864,64,random,10,0.528562898089172,0,7,None,66,1,5,False,1,1
7865,60,random,10,0.4460589171974522,0,16,None,66,1,5,False,1,1
7866,61,random,10,0.4731289808917197,0,16,None,66,1,5,False,1,1
7867,62,random,10,0.482484076433121,0,16,None,66,1,5,False,1,1
7868,63,random,10,0.4938296178343949,0,16,None,66,1,5,False,1,1
7869,64,random,10,0.5117436305732485,0,16,None,66,1,5,False,1,1
7870,60,random,10,0.4413813694267516,0,32,None,66,1,5,False,1,1
7871,61,random,10,0.4432722929936306,0,32,None,66,1,5,False,1,1
7872,62,random,10,0.4449641719745223,0,32,None,66,1,5,False,1,1
7873,63,random,10,0.4457603503184713,0,32,None,66,1,5,False,1,1
7874,64,random,10,0.446656050955414,0,32,None,66,1,5,False,1,1
7875,60,random,10,0.4465565286624204,0,9,None,66,1,5,False,1,1
7876,61,random,10,0.4559116242038216,0,9,None,66,1,5,False,1,1
7877,62,random,10,0.4613853503184713,0,9,None,66,1,5,False,1,1
7878,63,random,10,0.4685509554140127,0,9,None,66,1,5,False,1,1
7879,64,random,10,0.486265923566879,0,9,None,66,1,5,False,1,1
7880,60,random,10,0.4385947452229299,0,0,None,66,1,5,False,1,1
7881,61,random,10,0.4467555732484076,0,0,None,66,1,5,False,1,1
7882,62,random,10,0.4552149681528662,0,0,None,66,1,5,False,1,1
7883,63,random,10,0.4623805732484076,0,0,None,66,1,5,False,1,1
7884,64,random,10,0.4697452229299363,0,0,None,66,1,5,False,1,1
7885,60,random,10,0.3037420382165605,0,14,None,66,1,5,False,1,1
7886,61,random,10,0.3061305732484076,0,14,None,66,1,5,False,1,1
7887,62,random,10,0.3090167197452229,0,14,None,66,1,5,False,1,1
7888,63,random,10,0.3093152866242038,0,14,None,66,1,5,False,1,1
7889,64,random,10,0.3101114649681528,0,14,None,66,1,5,False,1,1
7890,60,random,10,0.4121218152866242,0,25,None,66,1,5,False,1,1
7891,61,random,10,0.416202229299363,0,25,None,66,1,5,False,1,1
7892,62,random,10,0.4203821656050955,0,25,None,66,1,5,False,1,1
7893,63,random,10,0.4236664012738853,0,25,None,66,1,5,False,1,1
7894,64,random,10,0.4260549363057325,0,25,None,66,1,5,False,1,1
7895,60,random,10,0.4035628980891719,0,29,None,66,1,5,False,1,1
7896,61,random,10,0.4023686305732484,0,29,None,66,1,5,False,1,1
7897,62,random,10,0.4047571656050955,0,29,None,66,1,5,False,1,1
7898,63,random,10,0.4077428343949044,0,29,None,66,1,5,False,1,1
7899,64,random,10,0.4100318471337579,0,29,None,66,1,5,False,1,1
7900,60,random,10,0.4754179936305732,0,10,None,66,1,5,False,1,1
7901,61,random,10,0.4872611464968153,0,10,None,66,1,5,False,1,1
7902,62,random,10,0.4949243630573248,0,10,None,66,1,5,False,1,1
7903,63,random,10,0.5039808917197452,0,10,None,66,1,5,False,1,1
7904,64,random,10,0.509952229299363,0,10,None,66,1,5,False,1,1
7905,60,random,10,0.5341361464968153,0,11,None,66,1,5,False,1,1
7906,61,random,10,0.5317476114649682,0,11,None,66,1,5,False,1,1
7907,62,random,10,0.5384156050955414,0,11,None,66,1,5,False,1,1
7908,63,random,10,0.5456807324840764,0,11,None,66,1,5,False,1,1
7909,64,random,10,0.5508558917197452,0,11,None,66,1,5,False,1,1
7910,60,random,10,0.5031847133757962,0,3,None,66,1,5,False,1,1
7911,61,random,10,0.5052746815286624,0,3,None,66,1,5,False,1,1
7912,62,random,10,0.509156050955414,0,3,None,66,1,5,False,1,1
7913,63,random,10,0.5126393312101911,0,3,None,66,1,5,False,1,1
7914,64,random,10,0.5152269108280255,0,3,None,66,1,5,False,1,1
7915,60,random,10,0.5201035031847133,0,17,None,66,1,5,False,1,1
7916,61,random,10,0.5216958598726115,0,17,None,66,1,5,False,1,1
7917,62,random,10,0.523984872611465,0,17,None,66,1,5,False,1,1
7918,63,random,10,0.5262738853503185,0,17,None,66,1,5,False,1,1
7919,64,random,10,0.5288614649681529,0,17,None,66,1,5,False,1,1
10065,65,random,10,0.5424960191082803,0,1,None,66,1,5,False,1,1
10066,66,random,10,0.5482683121019108,0,1,None,66,1,5,False,1,1
10067,67,random,10,0.5649880573248408,0,1,None,66,1,5,False,1,1
10068,68,random,10,0.5683718152866242,0,1,None,66,1,5,False,1,1
10069,69,random,10,0.5846934713375797,0,1,None,66,1,5,False,1,1
10070,65,random,10,0.5070660828025477,0,13,None,66,1,5,False,1,1
10071,66,random,10,0.5171178343949044,0,13,None,66,1,5,False,1,1
10072,67,random,10,0.5253781847133758,0,13,None,66,1,5,False,1,1
10073,68,random,10,0.5317476114649682,0,13,None,66,1,5,False,1,1
10074,69,random,10,0.5386146496815286,0,13,None,66,1,5,False,1,1
10075,65,random,10,0.4487460191082802,0,8,None,66,1,5,False,1,1
10076,66,random,10,0.4537221337579618,0,8,None,66,1,5,False,1,1
10077,67,random,10,0.4587977707006369,0,8,None,66,1,5,False,1,1
10078,68,random,10,0.464968152866242,0,8,None,66,1,5,False,1,1
10079,69,random,10,0.4691480891719745,0,8,None,66,1,5,False,1,1
10080,65,random,10,0.451234076433121,0,19,None,66,1,5,False,1,1
10081,66,random,10,0.4592953821656051,0,19,None,66,1,5,False,1,1
10082,67,random,10,0.4672571656050955,0,19,None,66,1,5,False,1,1
10083,68,random,10,0.4740246815286624,0,19,None,66,1,5,False,1,1
10084,69,random,10,0.4796974522292994,0,19,None,66,1,5,False,1,1
10085,65,random,10,0.4534235668789809,0,23,None,66,1,5,False,1,1
10086,66,random,10,0.4604896496815286,0,23,None,66,1,5,False,1,1
10087,67,random,10,0.4671576433121019,0,23,None,66,1,5,False,1,1
10088,68,random,10,0.4749203821656051,0,23,None,66,1,5,False,1,1
10089,69,random,10,0.4798964968152866,0,23,None,66,1,5,False,1,1
10090,65,random,10,0.4982085987261146,0,21,None,66,1,5,False,1,1
10091,66,random,10,0.5034832802547771,0,21,None,66,1,5,False,1,1
10092,67,random,10,0.5102507961783439,0,21,None,66,1,5,False,1,1
10093,68,random,10,0.51671974522293,0,21,None,66,1,5,False,1,1
10094,69,random,10,0.5208001592356688,0,21,None,66,1,5,False,1,1
10095,65,random,10,0.428343949044586,0,25,None,66,1,5,False,1,1
10096,66,random,10,0.4303343949044586,0,25,None,66,1,5,False,1,1
10097,67,random,10,0.4323248407643312,0,25,None,66,1,5,False,1,1
10098,68,random,10,0.4332205414012738,0,25,None,66,1,5,False,1,1
10099,69,random,10,0.4352109872611465,0,25,None,66,1,5,False,1,1
10100,65,random,10,0.464171974522293,0,26,None,66,1,5,False,1,1
10101,66,random,10,0.4666600318471338,0,26,None,66,1,5,False,1,1
10102,67,random,10,0.4705414012738853,0,26,None,66,1,5,False,1,1
10103,68,random,10,0.4730294585987261,0,26,None,66,1,5,False,1,1
10104,69,random,10,0.4761146496815286,0,26,None,66,1,5,False,1,1
10105,65,random,10,0.3893312101910828,0,24,None,66,1,5,False,1,1
10106,66,random,10,0.3979896496815286,0,24,None,66,1,5,False,1,1
10107,67,random,10,0.4065485668789809,0,24,None,66,1,5,False,1,1
10108,68,random,10,0.4100318471337579,0,24,None,66,1,5,False,1,1
10109,69,random,10,0.4147093949044586,0,24,None,66,1,5,False,1,1
10110,65,random,10,0.4045581210191082,0,29,None,66,1,5,False,1,1
10111,66,random,10,0.4077428343949044,0,29,None,66,1,5,False,1,1
10112,67,random,10,0.4100318471337579,0,29,None,66,1,5,False,1,1
10113,68,random,10,0.4119227707006369,0,29,None,66,1,5,False,1,1
10114,69,random,10,0.4140127388535032,0,29,None,66,1,5,False,1,1
10115,65,random,10,0.4880573248407643,0,30,None,66,1,5,False,1,1
10116,66,random,10,0.5027866242038217,0,30,None,66,1,5,False,1,1
10117,67,random,10,0.5180135350318471,0,30,None,66,1,5,False,1,1
10118,68,random,10,0.5311504777070064,0,30,None,66,1,5,False,1,1
10119,69,random,10,0.5443869426751592,0,30,None,66,1,5,False,1,1
10120,65,random,10,0.535031847133758,0,31,None,66,1,5,False,1,1
10121,66,random,10,0.53125,0,31,None,66,1,5,False,1,1
10122,67,random,10,0.5316480891719745,0,31,None,66,1,5,False,1,1
10123,68,random,10,0.5326433121019108,0,31,None,66,1,5,False,1,1
10124,69,random,10,0.5286624203821656,0,31,None,66,1,5,False,1,1
10125,65,random,10,0.5047770700636943,0,27,None,66,1,5,False,1,1
10126,66,random,10,0.5082603503184714,0,27,None,66,1,5,False,1,1
10127,67,random,10,0.5111464968152867,0,27,None,66,1,5,False,1,1
10128,68,random,10,0.5182125796178344,0,27,None,66,1,5,False,1,1
10129,69,random,10,0.5297571656050956,0,27,None,66,1,5,False,1,1
10130,65,random,10,0.4820859872611465,0,16,None,66,1,5,False,1,1
10131,66,random,10,0.494327229299363,0,16,None,66,1,5,False,1,1
10132,67,random,10,0.5138335987261147,0,16,None,66,1,5,False,1,1
10133,68,random,10,0.5364251592356688,0,16,None,66,1,5,False,1,1
10134,69,random,10,0.5582205414012739,0,16,None,66,1,5,False,1,1
10135,65,random,10,0.4472531847133758,0,32,None,66,1,5,False,1,1
10136,66,random,10,0.4480493630573248,0,32,None,66,1,5,False,1,1
10137,67,random,10,0.4482484076433121,0,32,None,66,1,5,False,1,1
10138,68,random,10,0.4490445859872611,0,32,None,66,1,5,False,1,1
10139,69,random,10,0.4495421974522293,0,32,None,66,1,5,False,1,1
10140,65,random,10,0.5630971337579618,0,6,None,66,1,5,False,1,1
10141,66,random,10,0.5654856687898089,0,6,None,66,1,5,False,1,1
10142,67,random,10,0.5675756369426752,0,6,None,66,1,5,False,1,1
10143,68,random,10,0.570859872611465,0,6,None,66,1,5,False,1,1
10144,69,random,10,0.5742436305732485,0,6,None,66,1,5,False,1,1
10145,65,random,10,0.2842356687898089,0,14,None,66,1,5,False,1,1
10146,66,random,10,0.2907046178343949,0,14,None,66,1,5,False,1,1
10147,67,random,10,0.2945859872611465,0,14,None,66,1,5,False,1,1
10148,68,random,10,0.2972730891719745,0,14,None,66,1,5,False,1,1
10149,69,random,10,0.2982683121019108,0,14,None,66,1,5,False,1,1
10150,65,random,10,0.6137539808917197,0,22,None,66,1,5,False,1,1
10151,66,random,10,0.6182324840764332,0,22,None,66,1,5,False,1,1
10152,67,random,10,0.6208200636942676,0,22,None,66,1,5,False,1,1
10153,68,random,10,0.6240047770700637,0,22,None,66,1,5,False,1,1
10154,69,random,10,0.6259952229299363,0,22,None,66,1,5,False,1,1
10155,65,random,10,0.4388933121019108,0,2,None,66,1,5,False,1,1
10156,66,random,10,0.4514331210191082,0,2,None,66,1,5,False,1,1
10157,67,random,10,0.4567078025477707,0,2,None,66,1,5,False,1,1
10158,68,random,10,0.4605891719745223,0,2,None,66,1,5,False,1,1
10159,69,random,10,0.4659633757961783,0,2,None,66,1,5,False,1,1
10160,65,random,10,0.4898487261146497,0,0,None,66,1,5,False,1,1
10161,66,random,10,0.4936305732484076,0,0,None,66,1,5,False,1,1
10162,67,random,10,0.5007961783439491,0,0,None,66,1,5,False,1,1
10163,68,random,10,0.5081608280254777,0,0,None,66,1,5,False,1,1
10164,69,random,10,0.5164211783439491,0,0,None,66,1,5,False,1,1
10165,65,random,10,0.4178941082802547,0,4,None,66,1,5,False,1,1
10166,66,random,10,0.4169984076433121,0,4,None,66,1,5,False,1,1
10167,67,random,10,0.4155055732484076,0,4,None,66,1,5,False,1,1
10168,68,random,10,0.4159036624203822,0,4,None,66,1,5,False,1,1
10169,69,random,10,0.4164012738853503,0,4,None,66,1,5,False,1,1
10170,65,random,10,0.5199044585987261,0,3,None,66,1,5,False,1,1
10171,66,random,10,0.5222929936305732,0,3,None,66,1,5,False,1,1
10172,67,random,10,0.527468152866242,0,3,None,66,1,5,False,1,1
10173,68,random,10,0.5307523885350318,0,3,None,66,1,5,False,1,1
10174,69,random,10,0.5342356687898089,0,3,None,66,1,5,False,1,1
10175,65,random,10,0.4812898089171974,0,5,None,66,1,5,False,1,1
10176,66,random,10,0.4751194267515923,0,5,None,66,1,5,False,1,1
10177,67,random,10,0.484375,0,5,None,66,1,5,False,1,1
10178,68,random,10,0.4913415605095541,0,5,None,66,1,5,False,1,1
10179,69,random,10,0.4991042993630573,0,5,None,66,1,5,False,1,1
10180,65,random,10,0.5094546178343949,0,7,None,66,1,5,False,1,1
10181,66,random,10,0.5265724522292994,0,7,None,66,1,5,False,1,1
10182,67,random,10,0.5351313694267515,0,7,None,66,1,5,False,1,1
10183,68,random,10,0.542296974522293,0,7,None,66,1,5,False,1,1
10184,69,random,10,0.548765923566879,0,7,None,66,1,5,False,1,1
10185,65,random,10,0.477109872611465,0,9,None,66,1,5,False,1,1
10186,66,random,10,0.478702229299363,0,9,None,66,1,5,False,1,1
10187,67,random,10,0.4827826433121019,0,9,None,66,1,5,False,1,1
10188,68,random,10,0.5001990445859873,0,9,None,66,1,5,False,1,1
10189,69,random,10,0.5162221337579618,0,9,None,66,1,5,False,1,1
10190,65,random,10,0.5073646496815286,0,10,None,66,1,5,False,1,1
10191,66,random,10,0.5153264331210191,0,10,None,66,1,5,False,1,1
10192,67,random,10,0.5204020700636943,0,10,None,66,1,5,False,1,1
10193,68,random,10,0.5269705414012739,0,10,None,66,1,5,False,1,1
10194,69,random,10,0.5335390127388535,0,10,None,66,1,5,False,1,1
10195,65,random,10,0.5902667197452229,0,11,None,66,1,5,False,1,1
10196,66,random,10,0.5887738853503185,0,11,None,66,1,5,False,1,1
10197,67,random,10,0.5900676751592356,0,11,None,66,1,5,False,1,1
10198,68,random,10,0.5922571656050956,0,11,None,66,1,5,False,1,1
10199,69,random,10,0.5949442675159236,0,11,None,66,1,5,False,1,1
10200,65,random,10,0.5327428343949044,0,15,None,66,1,5,False,1,1
10201,66,random,10,0.5365246815286624,0,15,None,66,1,5,False,1,1
10202,67,random,10,0.5401074840764332,0,15,None,66,1,5,False,1,1
10203,68,random,10,0.5439888535031847,0,15,None,66,1,5,False,1,1
10204,69,random,10,0.5472730891719745,0,15,None,66,1,5,False,1,1
10205,65,random,10,0.5810111464968153,0,12,None,66,1,5,False,1,1
10206,66,random,10,0.5700636942675159,0,12,None,66,1,5,False,1,1
10207,67,random,10,0.5756369426751592,0,12,None,66,1,5,False,1,1
10208,68,random,10,0.5807125796178344,0,12,None,66,1,5,False,1,1
10209,69,random,10,0.5856886942675159,0,12,None,66,1,5,False,1,1
10210,65,random,10,0.53234474522293,0,17,None,66,1,5,False,1,1
10211,66,random,10,0.5370222929936306,0,17,None,66,1,5,False,1,1
10212,67,random,10,0.542296974522293,0,17,None,66,1,5,False,1,1
10213,68,random,10,0.5472730891719745,0,17,None,66,1,5,False,1,1
10214,69,random,10,0.5538415605095541,0,17,None,66,1,5,False,1,1
10215,65,random,10,0.4440684713375796,0,18,None,66,1,5,False,1,1
10216,66,random,10,0.4502388535031847,0,18,None,66,1,5,False,1,1
10217,67,random,10,0.4572054140127388,0,18,None,66,1,5,False,1,1
10218,68,random,10,0.46765525477707,0,18,None,66,1,5,False,1,1
10219,69,random,10,0.4867635350318471,0,18,None,66,1,5,False,1,1
10220,65,random,10,0.5613057324840764,0,20,None,66,1,5,False,1,1
10221,66,random,10,0.5636942675159236,0,20,None,66,1,5,False,1,1
10222,67,random,10,0.5654856687898089,0,20,None,66,1,5,False,1,1
10223,68,random,10,0.5672770700636943,0,20,None,66,1,5,False,1,1
10224,69,random,10,0.568968949044586,0,20,None,66,1,5,False,1,1
10225,65,random,10,0.4482484076433121,0,28,None,66,1,5,False,1,1
10226,66,random,10,0.4553144904458598,0,28,None,66,1,5,False,1,1
10227,67,random,10,0.4662619426751592,0,28,None,66,1,5,False,1,1
10228,68,random,10,0.4767117834394904,0,28,None,66,1,5,False,1,1
10229,69,random,10,0.4873606687898089,0,28,None,66,1,5,False,1,1
10230,70,random,10,0.5128383757961783,0,1,None,66,1,5,False,1,1
10231,71,random,10,0.5270700636942676,0,1,None,66,1,5,False,1,1
10232,72,random,10,0.538515127388535,0,1,None,66,1,5,False,1,1
10233,73,random,10,0.5502587579617835,0,1,None,66,1,5,False,1,1
10234,74,random,10,0.5623009554140127,0,1,None,66,1,5,False,1,1
10235,70,random,10,0.4709394904458598,0,2,None,66,1,5,False,1,1
10236,71,random,10,0.4761146496815286,0,2,None,66,1,5,False,1,1
10237,72,random,10,0.478702229299363,0,2,None,66,1,5,False,1,1
10238,73,random,10,0.4820859872611465,0,2,None,66,1,5,False,1,1
10239,74,random,10,0.4857683121019108,0,2,None,66,1,5,False,1,1
10240,70,random,10,0.4441679936305732,0,23,None,66,1,5,False,1,1
10241,71,random,10,0.4552149681528662,0,23,None,66,1,5,False,1,1
10242,72,random,10,0.4628781847133758,0,23,None,66,1,5,False,1,1
10243,73,random,10,0.469546178343949,0,23,None,66,1,5,False,1,1
10244,74,random,10,0.4768113057324841,0,23,None,66,1,5,False,1,1
10245,70,random,10,0.4611863057324841,0,28,None,66,1,5,False,1,1
10246,71,random,10,0.4822850318471338,0,28,None,66,1,5,False,1,1
10247,72,random,10,0.4945262738853503,0,28,None,66,1,5,False,1,1
10248,73,random,10,0.5020899681528662,0,28,None,66,1,5,False,1,1
10249,74,random,10,0.509156050955414,0,28,None,66,1,5,False,1,1
10250,70,random,10,0.5019904458598726,0,5,None,66,1,5,False,1,1
10251,71,random,10,0.502687101910828,0,5,None,66,1,5,False,1,1
10252,72,random,10,0.5094546178343949,0,5,None,66,1,5,False,1,1
10253,73,random,10,0.51671974522293,0,5,None,66,1,5,False,1,1
10254,74,random,10,0.5223925159235668,0,5,None,66,1,5,False,1,1
10255,70,random,10,0.5488654458598726,0,30,None,66,1,5,False,1,1
10256,71,random,10,0.5566281847133758,0,30,None,66,1,5,False,1,1
10257,72,random,10,0.5641918789808917,0,30,None,66,1,5,False,1,1
10258,73,random,10,0.5719546178343949,0,30,None,66,1,5,False,1,1
10259,74,random,10,0.5764331210191083,0,30,None,66,1,5,False,1,1
10260,70,random,10,0.450139331210191,0,32,None,66,1,5,False,1,1
10261,71,random,10,0.4507364649681528,0,32,None,66,1,5,False,1,1
10262,72,random,10,0.451234076433121,0,32,None,66,1,5,False,1,1
10263,73,random,10,0.4519307324840764,0,32,None,66,1,5,False,1,1
10264,74,random,10,0.4525278662420382,0,32,None,66,1,5,False,1,1
10265,70,random,10,0.5280652866242038,0,15,None,66,1,5,False,1,1
10266,71,random,10,0.5310509554140127,0,15,None,66,1,5,False,1,1
10267,72,random,10,0.5345342356687898,0,15,None,66,1,5,False,1,1
10268,73,random,10,0.5388136942675159,0,15,None,66,1,5,False,1,1
10269,74,random,10,0.5427945859872612,0,15,None,66,1,5,False,1,1
10270,70,random,10,0.5168192675159236,0,10,None,66,1,5,False,1,1
10271,71,random,10,0.5263734076433121,0,10,None,66,1,5,False,1,1
10272,72,random,10,0.5408041401273885,0,10,None,66,1,5,False,1,1
10273,73,random,10,0.5497611464968153,0,10,None,66,1,5,False,1,1
10274,74,random,10,0.5604100318471338,0,10,None,66,1,5,False,1,1
10275,70,random,10,0.5445859872611465,0,13,None,66,1,5,False,1,1
10276,71,random,10,0.5502587579617835,0,13,None,66,1,5,False,1,1
10277,72,random,10,0.5567277070063694,0,13,None,66,1,5,False,1,1
10278,73,random,10,0.5608081210191083,0,13,None,66,1,5,False,1,1
10279,74,random,10,0.566281847133758,0,13,None,66,1,5,False,1,1
10280,70,random,10,0.5231886942675159,0,11,None,66,1,5,False,1,1
10281,71,random,10,0.5337380573248408,0,11,None,66,1,5,False,1,1
10282,72,random,10,0.5400079617834395,0,11,None,66,1,5,False,1,1
10283,73,random,10,0.5446855095541401,0,11,None,66,1,5,False,1,1
10284,74,random,10,0.54796974522293,0,11,None,66,1,5,False,1,1
10285,70,random,10,0.5244824840764332,0,7,None,66,1,5,False,1,1
10286,71,random,10,0.5380175159235668,0,7,None,66,1,5,False,1,1
10287,72,random,10,0.5459792993630573,0,7,None,66,1,5,False,1,1
10288,73,random,10,0.5519506369426752,0,7,None,66,1,5,False,1,1
10289,74,random,10,0.5566281847133758,0,7,None,66,1,5,False,1,1
10290,70,random,10,0.5887738853503185,0,12,None,66,1,5,False,1,1
10291,71,random,10,0.59484474522293,0,12,None,66,1,5,False,1,1
10292,72,random,10,0.5992237261146497,0,12,None,66,1,5,False,1,1
10293,73,random,10,0.6031050955414012,0,12,None,66,1,5,False,1,1
10294,74,random,10,0.6079816878980892,0,12,None,66,1,5,False,1,1
10295,70,random,10,0.5723527070063694,0,6,None,66,1,5,False,1,1
10296,71,random,10,0.5738455414012739,0,6,None,66,1,5,False,1,1
10297,72,random,10,0.5757364649681529,0,6,None,66,1,5,False,1,1
10298,73,random,10,0.5769307324840764,0,6,None,66,1,5,False,1,1
10299,74,random,10,0.5791202229299363,0,6,None,66,1,5,False,1,1
10300,70,random,10,0.4929339171974522,0,26,None,66,1,5,False,1,1
10301,71,random,10,0.4873606687898089,0,26,None,66,1,5,False,1,1
10302,72,random,10,0.4868630573248407,0,26,None,66,1,5,False,1,1
10303,73,random,10,0.4868630573248407,0,26,None,66,1,5,False,1,1
10304,74,random,10,0.4888535031847134,0,26,None,66,1,5,False,1,1
10305,70,random,10,0.4320262738853503,0,24,None,66,1,5,False,1,1
10306,71,random,10,0.4362062101910828,0,24,None,66,1,5,False,1,1
10307,72,random,10,0.4397890127388535,0,24,None,66,1,5,False,1,1
10308,73,random,10,0.4434713375796178,0,24,None,66,1,5,False,1,1
10309,74,random,10,0.4470541401273885,0,24,None,66,1,5,False,1,1
10310,70,random,10,0.5879777070063694,0,17,None,66,1,5,False,1,1
10311,71,random,10,0.5884753184713376,0,17,None,66,1,5,False,1,1
10312,72,random,10,0.5894705414012739,0,17,None,66,1,5,False,1,1
10313,73,random,10,0.5906648089171974,0,17,None,66,1,5,False,1,1
10314,74,random,10,0.5925557324840764,0,17,None,66,1,5,False,1,1
10315,70,random,10,0.5613057324840764,0,27,None,66,1,5,False,1,1
10316,71,random,10,0.5636942675159236,0,27,None,66,1,5,False,1,1
10317,72,random,10,0.5676751592356688,0,27,None,66,1,5,False,1,1
10318,73,random,10,0.5717555732484076,0,27,None,66,1,5,False,1,1
10319,74,random,10,0.575437898089172,0,27,None,66,1,5,False,1,1
10320,70,random,10,0.5120421974522293,0,31,None,66,1,5,False,1,1
10321,71,random,10,0.509952229299363,0,31,None,66,1,5,False,1,1
10322,72,random,10,0.5086584394904459,0,31,None,66,1,5,False,1,1
10323,73,random,10,0.5074641719745223,0,31,None,66,1,5,False,1,1
10324,74,random,10,0.508359872611465,0,31,None,66,1,5,False,1,1
10325,70,random,10,0.5311504777070064,0,9,None,66,1,5,False,1,1
10326,71,random,10,0.5376194267515924,0,9,None,66,1,5,False,1,1
10327,72,random,10,0.5417993630573248,0,9,None,66,1,5,False,1,1
10328,73,random,10,0.544187898089172,0,9,None,66,1,5,False,1,1
10329,74,random,10,0.5494625796178344,0,9,None,66,1,5,False,1,1
10330,70,random,10,0.4715366242038216,0,25,None,66,1,5,False,1,1
10331,71,random,10,0.4598925159235669,0,25,None,66,1,5,False,1,1
10332,72,random,10,0.4591958598726114,0,25,None,66,1,5,False,1,1
10333,73,random,10,0.462281050955414,0,25,None,66,1,5,False,1,1
10334,74,random,10,0.4709394904458598,0,25,None,66,1,5,False,1,1
10335,70,random,10,0.446656050955414,0,29,None,66,1,5,False,1,1
10336,71,random,10,0.4386942675159235,0,29,None,66,1,5,False,1,1
10337,72,random,10,0.4331210191082802,0,29,None,66,1,5,False,1,1
10338,73,random,10,0.4303343949044586,0,29,None,66,1,5,False,1,1
10339,74,random,10,0.4265525477707006,0,29,None,66,1,5,False,1,1
10340,70,random,10,0.5556329617834395,0,20,None,66,1,5,False,1,1
10341,71,random,10,0.5600119426751592,0,20,None,66,1,5,False,1,1
10342,72,random,10,0.5637937898089171,0,20,None,66,1,5,False,1,1
10343,73,random,10,0.5666799363057324,0,20,None,66,1,5,False,1,1
10344,74,random,10,0.5692675159235668,0,20,None,66,1,5,False,1,1
10345,70,random,10,0.5155254777070064,0,3,None,66,1,5,False,1,1
10346,71,random,10,0.5159235668789809,0,3,None,66,1,5,False,1,1
10347,72,random,10,0.5185111464968153,0,3,None,66,1,5,False,1,1
10348,73,random,10,0.5210987261146497,0,3,None,66,1,5,False,1,1
10349,74,random,10,0.5235867834394905,0,3,None,66,1,5,False,1,1
10350,70,random,10,0.285828025477707,0,14,None,66,1,5,False,1,1
10351,71,random,10,0.275577229299363,0,14,None,66,1,5,False,1,1
10352,72,random,10,0.2751791401273885,0,14,None,66,1,5,False,1,1
10353,73,random,10,0.2750796178343949,0,14,None,66,1,5,False,1,1
10354,74,random,10,0.2759753184713376,0,14,None,66,1,5,False,1,1
10355,70,random,10,0.5866839171974523,0,22,None,66,1,5,False,1,1
10356,71,random,10,0.59484474522293,0,22,None,66,1,5,False,1,1
10357,72,random,10,0.6004179936305732,0,22,None,66,1,5,False,1,1
10358,73,random,10,0.6053941082802548,0,22,None,66,1,5,False,1,1
10359,74,random,10,0.6088773885350318,0,22,None,66,1,5,False,1,1
10360,70,random,10,0.5227906050955414,0,21,None,66,1,5,False,1,1
10361,71,random,10,0.5260748407643312,0,21,None,66,1,5,False,1,1
10362,72,random,10,0.5299562101910829,0,21,None,66,1,5,False,1,1
10363,73,random,10,0.5336385350318471,0,21,None,66,1,5,False,1,1
10364,74,random,10,0.5374203821656051,0,21,None,66,1,5,False,1,1
10365,70,random,10,0.4227707006369426,0,4,None,66,1,5,False,1,1
10366,71,random,10,0.4169984076433121,0,4,None,66,1,5,False,1,1
10367,72,random,10,0.4171974522292994,0,4,None,66,1,5,False,1,1
10368,73,random,10,0.4202826433121019,0,4,None,66,1,5,False,1,1
10369,74,random,10,0.4224721337579618,0,4,None,66,1,5,False,1,1
10370,70,random,10,0.536922770700637,0,0,None,66,1,5,False,1,1
10371,71,random,10,0.5419984076433121,0,0,None,66,1,5,False,1,1
10372,72,random,10,0.5466759554140127,0,0,None,66,1,5,False,1,1
10373,73,random,10,0.5509554140127388,0,0,None,66,1,5,False,1,1
10374,74,random,10,0.5547372611464968,0,0,None,66,1,5,False,1,1
10375,70,random,10,0.4868630573248407,0,8,None,66,1,5,False,1,1
10376,71,random,10,0.4926353503184713,0,8,None,66,1,5,False,1,1
10377,72,random,10,0.4959195859872611,0,8,None,66,1,5,False,1,1
10378,73,random,10,0.5005971337579618,0,8,None,66,1,5,False,1,1
10379,74,random,10,0.501890923566879,0,8,None,66,1,5,False,1,1
10380,70,random,10,0.6125597133757962,0,16,None,66,1,5,False,1,1
10381,71,random,10,0.6250995222929936,0,16,None,66,1,5,False,1,1
10382,72,random,10,0.6367436305732485,0,16,None,66,1,5,False,1,1
10383,73,random,10,0.6414211783439491,0,16,None,66,1,5,False,1,1
10384,74,random,10,0.6473925159235668,0,16,None,66,1,5,False,1,1
10385,70,random,10,0.5140326433121019,0,18,None,66,1,5,False,1,1
10386,71,random,10,0.5328423566878981,0,18,None,66,1,5,False,1,1
10387,72,random,10,0.5515525477707006,0,18,None,66,1,5,False,1,1
10388,73,random,10,0.5685708598726115,0,18,None,66,1,5,False,1,1
10389,74,random,10,0.5825039808917197,0,18,None,66,1,5,False,1,1
10390,70,random,10,0.4814888535031847,0,19,None,66,1,5,False,1,1
10391,71,random,10,0.4804936305732484,0,19,None,66,1,5,False,1,1
10392,72,random,10,0.4841759554140127,0,19,None,66,1,5,False,1,1
10393,73,random,10,0.4882563694267516,0,19,None,66,1,5,False,1,1
10394,74,random,10,0.4929339171974522,0,19,None,66,1,5,False,1,1
12870,75,random,10,0.5431926751592356,0,5,None,66,1,5,False,1,1
12871,76,random,10,0.5424960191082803,0,5,None,66,1,5,False,1,1
12872,77,random,10,0.5461783439490446,0,5,None,66,1,5,False,1,1
12873,78,random,10,0.5498606687898089,0,5,None,66,1,5,False,1,1
12874,79,random,10,0.5534434713375797,0,5,None,66,1,5,False,1,1
12875,75,random,10,0.5753383757961783,0,13,None,66,1,5,False,1,1
12876,76,random,10,0.5788216560509554,0,13,None,66,1,5,False,1,1
12877,77,random,10,0.5836982484076433,0,13,None,66,1,5,False,1,1
12878,78,random,10,0.5870820063694268,0,13,None,66,1,5,False,1,1
12879,79,random,10,0.589171974522293,0,13,None,66,1,5,False,1,1
12880,75,random,10,0.5466759554140127,0,15,None,66,1,5,False,1,1
12881,76,random,10,0.5502587579617835,0,15,None,66,1,5,False,1,1
12882,77,random,10,0.5529458598726115,0,15,None,66,1,5,False,1,1
12883,78,random,10,0.5561305732484076,0,15,None,66,1,5,False,1,1
12884,79,random,10,0.5590167197452229,0,15,None,66,1,5,False,1,1
12885,75,random,10,0.5650875796178344,0,10,None,66,1,5,False,1,1
12886,76,random,10,0.5706608280254777,0,10,None,66,1,5,False,1,1
12887,77,random,10,0.5778264331210191,0,10,None,66,1,5,False,1,1
12888,78,random,10,0.583797770700637,0,10,None,66,1,5,False,1,1
12889,79,random,10,0.5885748407643312,0,10,None,66,1,5,False,1,1
12890,75,random,10,0.5511544585987261,0,11,None,66,1,5,False,1,1
12891,76,random,10,0.555234872611465,0,11,None,66,1,5,False,1,1
12892,77,random,10,0.5605095541401274,0,11,None,66,1,5,False,1,1
12893,78,random,10,0.5647890127388535,0,11,None,66,1,5,False,1,1
12894,79,random,10,0.5677746815286624,0,11,None,66,1,5,False,1,1
12895,75,random,10,0.5675756369426752,0,20,None,66,1,5,False,1,1
12896,76,random,10,0.5690684713375797,0,20,None,66,1,5,False,1,1
12897,77,random,10,0.5710589171974523,0,20,None,66,1,5,False,1,1
12898,78,random,10,0.5731488853503185,0,20,None,66,1,5,False,1,1
12899,79,random,10,0.5751393312101911,0,20,None,66,1,5,False,1,1
12900,75,random,10,0.6019108280254777,0,22,None,66,1,5,False,1,1
12901,76,random,10,0.6077826433121019,0,22,None,66,1,5,False,1,1
12902,77,random,10,0.6135549363057324,0,22,None,66,1,5,False,1,1
12903,78,random,10,0.6170382165605095,0,22,None,66,1,5,False,1,1
12904,79,random,10,0.6181329617834395,0,22,None,66,1,5,False,1,1
12905,75,random,10,0.4748208598726114,0,23,None,66,1,5,False,1,1
12906,76,random,10,0.4803941082802547,0,23,None,66,1,5,False,1,1
12907,77,random,10,0.4855692675159235,0,23,None,66,1,5,False,1,1
12908,78,random,10,0.4895501592356688,0,23,None,66,1,5,False,1,1
12909,79,random,10,0.4936305732484076,0,23,None,66,1,5,False,1,1
12910,75,random,10,0.5947452229299363,0,17,None,66,1,5,False,1,1
12911,76,random,10,0.5949442675159236,0,17,None,66,1,5,False,1,1
12912,77,random,10,0.5978304140127388,0,17,None,66,1,5,False,1,1
12913,78,random,10,0.599422770700637,0,17,None,66,1,5,False,1,1
12914,79,random,10,0.601015127388535,0,17,None,66,1,5,False,1,1
12915,75,random,10,0.5392117834394905,0,21,None,66,1,5,False,1,1
12916,76,random,10,0.5434912420382165,0,21,None,66,1,5,False,1,1
12917,77,random,10,0.5466759554140127,0,21,None,66,1,5,False,1,1
12918,78,random,10,0.5494625796178344,0,21,None,66,1,5,False,1,1
12919,79,random,10,0.552547770700637,0,21,None,66,1,5,False,1,1
12920,75,random,10,0.4436703821656051,0,24,None,66,1,5,False,1,1
12921,76,random,10,0.4478503184713376,0,24,None,66,1,5,False,1,1
12922,77,random,10,0.4498407643312102,0,24,None,66,1,5,False,1,1
12923,78,random,10,0.4533240445859872,0,24,None,66,1,5,False,1,1
12924,79,random,10,0.455812101910828,0,24,None,66,1,5,False,1,1
12925,75,random,10,0.5049761146496815,0,28,None,66,1,5,False,1,1
12926,76,random,10,0.506468949044586,0,28,None,66,1,5,False,1,1
12927,77,random,10,0.5106488853503185,0,28,None,66,1,5,False,1,1
12928,78,random,10,0.5152269108280255,0,28,None,66,1,5,False,1,1
12929,79,random,10,0.5184116242038217,0,28,None,66,1,5,False,1,1
12930,75,random,10,0.580015923566879,0,30,None,66,1,5,False,1,1
12931,76,random,10,0.585390127388535,0,30,None,66,1,5,False,1,1
12932,77,random,10,0.5908638535031847,0,30,None,66,1,5,False,1,1
12933,78,random,10,0.5942476114649682,0,30,None,66,1,5,False,1,1
12934,79,random,10,0.5977308917197452,0,30,None,66,1,5,False,1,1
12935,75,random,10,0.517515923566879,0,31,None,66,1,5,False,1,1
12936,76,random,10,0.51671974522293,0,31,None,66,1,5,False,1,1
12937,77,random,10,0.520203025477707,0,31,None,66,1,5,False,1,1
12938,78,random,10,0.5280652866242038,0,31,None,66,1,5,False,1,1
12939,79,random,10,0.5300557324840764,0,31,None,66,1,5,False,1,1
12940,75,random,10,0.5833996815286624,0,27,None,66,1,5,False,1,1
12941,76,random,10,0.5852906050955414,0,27,None,66,1,5,False,1,1
12942,77,random,10,0.5874800955414012,0,27,None,66,1,5,False,1,1
12943,78,random,10,0.5896695859872612,0,27,None,66,1,5,False,1,1
12944,79,random,10,0.5919585987261147,0,27,None,66,1,5,False,1,1
12945,75,random,10,0.456608280254777,0,32,None,66,1,5,False,1,1
12946,76,random,10,0.4580015923566879,0,32,None,66,1,5,False,1,1
12947,77,random,10,0.4602906050955414,0,32,None,66,1,5,False,1,1
12948,78,random,10,0.4635748407643312,0,32,None,66,1,5,False,1,1
12949,79,random,10,0.4660628980891719,0,32,None,66,1,5,False,1,1
12950,75,random,10,0.54578025477707,0,7,None,66,1,5,False,1,1
12951,76,random,10,0.5536425159235668,0,7,None,66,1,5,False,1,1
12952,77,random,10,0.559812898089172,0,7,None,66,1,5,False,1,1
12953,78,random,10,0.5633957006369427,0,7,None,66,1,5,False,1,1
12954,79,random,10,0.5668789808917197,0,7,None,66,1,5,False,1,1
12955,75,random,10,0.5193073248407644,0,1,None,66,1,5,False,1,1
12956,76,random,10,0.5332404458598726,0,1,None,66,1,5,False,1,1
12957,77,random,10,0.5505573248407644,0,1,None,66,1,5,False,1,1
12958,78,random,10,0.5684713375796179,0,1,None,66,1,5,False,1,1
12959,79,random,10,0.5802149681528662,0,1,None,66,1,5,False,1,1
12960,75,random,10,0.4766122611464968,0,2,None,66,1,5,False,1,1
12961,76,random,10,0.4816878980891719,0,2,None,66,1,5,False,1,1
12962,77,random,10,0.485171178343949,0,2,None,66,1,5,False,1,1
12963,78,random,10,0.4875597133757962,0,2,None,66,1,5,False,1,1
12964,79,random,10,0.4904458598726114,0,2,None,66,1,5,False,1,1
12965,75,random,10,0.5466759554140127,0,9,None,66,1,5,False,1,1
12966,76,random,10,0.5509554140127388,0,9,None,66,1,5,False,1,1
12967,77,random,10,0.5543391719745223,0,9,None,66,1,5,False,1,1
12968,78,random,10,0.5581210191082803,0,9,None,66,1,5,False,1,1
12969,79,random,10,0.5612062101910829,0,9,None,66,1,5,False,1,1
12970,75,random,10,0.5240843949044586,0,3,None,66,1,5,False,1,1
12971,76,random,10,0.525577229299363,0,3,None,66,1,5,False,1,1
12972,77,random,10,0.5269705414012739,0,3,None,66,1,5,False,1,1
12973,78,random,10,0.5294585987261147,0,3,None,66,1,5,False,1,1
12974,79,random,10,0.5327428343949044,0,3,None,66,1,5,False,1,1
12975,75,random,10,0.330015923566879,0,14,None,66,1,5,False,1,1
12976,76,random,10,0.3172770700636942,0,14,None,66,1,5,False,1,1
12977,77,random,10,0.3142914012738853,0,14,None,66,1,5,False,1,1
12978,78,random,10,0.31140525477707,0,14,None,66,1,5,False,1,1
12979,79,random,10,0.3099124203821656,0,14,None,66,1,5,False,1,1
12980,75,random,10,0.5221934713375797,0,25,None,66,1,5,False,1,1
12981,76,random,10,0.5069665605095541,0,25,None,66,1,5,False,1,1
12982,77,random,10,0.5098527070063694,0,25,None,66,1,5,False,1,1
12983,78,random,10,0.5131369426751592,0,25,None,66,1,5,False,1,1
12984,79,random,10,0.5158240445859873,0,25,None,66,1,5,False,1,1
12985,75,random,10,0.4578025477707006,0,29,None,66,1,5,False,1,1
12986,76,random,10,0.4499402866242038,0,29,None,66,1,5,False,1,1
12987,77,random,10,0.4452627388535032,0,29,None,66,1,5,False,1,1
12988,78,random,10,0.4429737261146497,0,29,None,66,1,5,False,1,1
12989,79,random,10,0.4398885350318471,0,29,None,66,1,5,False,1,1
12990,75,random,10,0.6031050955414012,0,12,None,66,1,5,False,1,1
12991,76,random,10,0.6101711783439491,0,12,None,66,1,5,False,1,1
12992,77,random,10,0.6140525477707006,0,12,None,66,1,5,False,1,1
12993,78,random,10,0.6175358280254777,0,12,None,66,1,5,False,1,1
12994,79,random,10,0.6195262738853503,0,12,None,66,1,5,False,1,1
12995,75,random,10,0.5787221337579618,0,6,None,66,1,5,False,1,1
12996,76,random,10,0.5798168789808917,0,6,None,66,1,5,False,1,1
12997,77,random,10,0.5812101910828026,0,6,None,66,1,5,False,1,1
12998,78,random,10,0.5836982484076433,0,6,None,66,1,5,False,1,1
12999,79,random,10,0.5851910828025477,0,6,None,66,1,5,False,1,1
13000,75,random,10,0.515625,0,26,None,66,1,5,False,1,1
13001,76,random,10,0.5094546178343949,0,26,None,66,1,5,False,1,1
13002,77,random,10,0.5087579617834395,0,26,None,66,1,5,False,1,1
13003,78,random,10,0.5092555732484076,0,26,None,66,1,5,False,1,1
13004,79,random,10,0.5086584394904459,0,26,None,66,1,5,False,1,1
13005,75,random,10,0.433718152866242,0,4,None,66,1,5,False,1,1
13006,76,random,10,0.4290406050955414,0,4,None,66,1,5,False,1,1
13007,77,random,10,0.4293391719745223,0,4,None,66,1,5,False,1,1
13008,78,random,10,0.4321257961783439,0,4,None,66,1,5,False,1,1
13009,79,random,10,0.4352109872611465,0,4,None,66,1,5,False,1,1
13010,75,random,10,0.5580214968152867,0,0,None,66,1,5,False,1,1
13011,76,random,10,0.5589171974522293,0,0,None,66,1,5,False,1,1
13012,77,random,10,0.5621019108280255,0,0,None,66,1,5,False,1,1
13013,78,random,10,0.5668789808917197,0,0,None,66,1,5,False,1,1
13014,79,random,10,0.5713574840764332,0,0,None,66,1,5,False,1,1
13015,75,random,10,0.5823049363057324,0,16,None,66,1,5,False,1,1
13016,76,random,10,0.6072850318471338,0,16,None,66,1,5,False,1,1
13017,77,random,10,0.6230095541401274,0,16,None,66,1,5,False,1,1
13018,78,random,10,0.6348527070063694,0,16,None,66,1,5,False,1,1
13019,79,random,10,0.6416202229299363,0,16,None,66,1,5,False,1,1
13020,75,random,10,0.5123407643312102,0,8,None,66,1,5,False,1,1
13021,76,random,10,0.5148288216560509,0,8,None,66,1,5,False,1,1
13022,77,random,10,0.5154259554140127,0,8,None,66,1,5,False,1,1
13023,78,random,10,0.5179140127388535,0,8,None,66,1,5,False,1,1
13024,79,random,10,0.5200039808917197,0,8,None,66,1,5,False,1,1
13025,75,random,10,0.5960390127388535,0,18,None,66,1,5,False,1,1
13026,76,random,10,0.6039012738853503,0,18,None,66,1,5,False,1,1
13027,77,random,10,0.6099721337579618,0,18,None,66,1,5,False,1,1
13028,78,random,10,0.6168391719745223,0,18,None,66,1,5,False,1,1
13029,79,random,10,0.6222133757961783,0,18,None,66,1,5,False,1,1
13030,75,random,10,0.5102507961783439,0,19,None,66,1,5,False,1,1
13031,76,random,10,0.5059713375796179,0,19,None,66,1,5,False,1,1
13032,77,random,10,0.5070660828025477,0,19,None,66,1,5,False,1,1
13033,78,random,10,0.5080613057324841,0,19,None,66,1,5,False,1,1
13034,79,random,10,0.511843152866242,0,19,None,66,1,5,False,1,1
13035,80,random,10,0.5302547770700637,0,1,None,66,1,5,False,1,1
13036,81,random,10,0.5505573248407644,0,1,None,66,1,5,False,1,1
13037,82,random,10,0.5704617834394905,0,1,None,66,1,5,False,1,1
13038,83,random,10,0.5866839171974523,0,1,None,66,1,5,False,1,1
13039,84,random,10,0.6012141719745223,0,1,None,66,1,5,False,1,1
13040,80,random,10,0.49890525477707,0,2,None,66,1,5,False,1,1
13041,81,random,10,0.4947253184713376,0,2,None,66,1,5,False,1,1
13042,82,random,10,0.4969148089171974,0,2,None,66,1,5,False,1,1
13043,83,random,10,0.49890525477707,0,2,None,66,1,5,False,1,1
13044,84,random,10,0.5012937898089171,0,2,None,66,1,5,False,1,1
13045,80,random,10,0.5723527070063694,0,11,None,66,1,5,False,1,1
13046,81,random,10,0.5740445859872612,0,11,None,66,1,5,False,1,1
13047,82,random,10,0.5787221337579618,0,11,None,66,1,5,False,1,1
13048,83,random,10,0.5816082802547771,0,11,None,66,1,5,False,1,1
13049,84,random,10,0.584593949044586,0,11,None,66,1,5,False,1,1
13050,80,random,10,0.5613057324840764,0,15,None,66,1,5,False,1,1
13051,81,random,10,0.564390923566879,0,15,None,66,1,5,False,1,1
13052,82,random,10,0.5656847133757962,0,15,None,66,1,5,False,1,1
13053,83,random,10,0.568172770700637,0,15,None,66,1,5,False,1,1
13054,84,random,10,0.5703622611464968,0,15,None,66,1,5,False,1,1
13055,80,random,10,0.5943471337579618,0,17,None,66,1,5,False,1,1
13056,81,random,10,0.598328025477707,0,17,None,66,1,5,False,1,1
13057,82,random,10,0.6011146496815286,0,17,None,66,1,5,False,1,1
13058,83,random,10,0.6027070063694268,0,17,None,66,1,5,False,1,1
13059,84,random,10,0.6046974522292994,0,17,None,66,1,5,False,1,1
13060,80,random,10,0.5767316878980892,0,20,None,66,1,5,False,1,1
13061,81,random,10,0.5783240445859873,0,20,None,66,1,5,False,1,1
13062,82,random,10,0.580015923566879,0,20,None,66,1,5,False,1,1
13063,83,random,10,0.5830015923566879,0,20,None,66,1,5,False,1,1
13064,84,random,10,0.5839968152866242,0,20,None,66,1,5,False,1,1
13065,80,random,10,0.5887738853503185,0,10,None,66,1,5,False,1,1
13066,81,random,10,0.5930533439490446,0,10,None,66,1,5,False,1,1
13067,82,random,10,0.5971337579617835,0,10,None,66,1,5,False,1,1
13068,83,random,10,0.6023089171974523,0,10,None,66,1,5,False,1,1
13069,84,random,10,0.6064888535031847,0,10,None,66,1,5,False,1,1
13070,80,random,10,0.6181329617834395,0,22,None,66,1,5,False,1,1
13071,81,random,10,0.6219148089171974,0,22,None,66,1,5,False,1,1
13072,82,random,10,0.6248009554140127,0,22,None,66,1,5,False,1,1
13073,83,random,10,0.6261942675159236,0,22,None,66,1,5,False,1,1
13074,84,random,10,0.6267914012738853,0,22,None,66,1,5,False,1,1
13075,80,random,10,0.4799960191082802,0,23,None,66,1,5,False,1,1
13076,81,random,10,0.4852707006369426,0,23,None,66,1,5,False,1,1
13077,82,random,10,0.4890525477707006,0,23,None,66,1,5,False,1,1
13078,83,random,10,0.492734872611465,0,23,None,66,1,5,False,1,1
13079,84,random,10,0.4969148089171974,0,23,None,66,1,5,False,1,1
13080,80,random,10,0.5848925159235668,0,5,None,66,1,5,False,1,1
13081,81,random,10,0.5842953821656051,0,5,None,66,1,5,False,1,1
13082,82,random,10,0.5860867834394905,0,5,None,66,1,5,False,1,1
13083,83,random,10,0.5866839171974523,0,5,None,66,1,5,False,1,1
13084,84,random,10,0.5874800955414012,0,5,None,66,1,5,False,1,1
13085,80,random,10,0.462281050955414,0,24,None,66,1,5,False,1,1
13086,81,random,10,0.4639729299363057,0,24,None,66,1,5,False,1,1
13087,82,random,10,0.4671576433121019,0,24,None,66,1,5,False,1,1
13088,83,random,10,0.4692476114649681,0,24,None,66,1,5,False,1,1
13089,84,random,10,0.4700437898089172,0,24,None,66,1,5,False,1,1
13090,80,random,10,0.5894705414012739,0,30,None,66,1,5,False,1,1
13091,81,random,10,0.59375,0,30,None,66,1,5,False,1,1
13092,82,random,10,0.599422770700637,0,30,None,66,1,5,False,1,1
13093,83,random,10,0.6027070063694268,0,30,None,66,1,5,False,1,1
13094,84,random,10,0.6049960191082803,0,30,None,66,1,5,False,1,1
13095,80,random,10,0.6456011146496815,0,16,None,66,1,5,False,1,1
13096,81,random,10,0.6520700636942676,0,16,None,66,1,5,False,1,1
13097,82,random,10,0.6575437898089171,0,16,None,66,1,5,False,1,1
13098,83,random,10,0.6610270700636943,0,16,None,66,1,5,False,1,1
13099,84,random,10,0.6632165605095541,0,16,None,66,1,5,False,1,1
13100,80,random,10,0.5221934713375797,0,8,None,66,1,5,False,1,1
13101,81,random,10,0.5242834394904459,0,8,None,66,1,5,False,1,1
13102,82,random,10,0.5256767515923567,0,8,None,66,1,5,False,1,1
13103,83,random,10,0.5267714968152867,0,8,None,66,1,5,False,1,1
13104,84,random,10,0.5277667197452229,0,8,None,66,1,5,False,1,1
13105,80,random,10,0.5169187898089171,0,19,None,66,1,5,False,1,1
13106,81,random,10,0.5171178343949044,0,19,None,66,1,5,False,1,1
13107,82,random,10,0.5182125796178344,0,19,None,66,1,5,False,1,1
13108,83,random,10,0.5209992038216561,0,19,None,66,1,5,False,1,1
13109,84,random,10,0.5235867834394905,0,19,None,66,1,5,False,1,1
13110,80,random,10,0.5490644904458599,0,21,None,66,1,5,False,1,1
13111,81,random,10,0.5528463375796179,0,21,None,66,1,5,False,1,1
13112,82,random,10,0.5564291401273885,0,21,None,66,1,5,False,1,1
13113,83,random,10,0.5602109872611465,0,21,None,66,1,5,False,1,1
13114,84,random,10,0.5632961783439491,0,21,None,66,1,5,False,1,1
13115,80,random,10,0.5928542993630573,0,27,None,66,1,5,False,1,1
13116,81,random,10,0.5936504777070064,0,27,None,66,1,5,False,1,1
13117,82,random,10,0.5949442675159236,0,27,None,66,1,5,False,1,1
13118,83,random,10,0.5961385350318471,0,27,None,66,1,5,False,1,1
13119,84,random,10,0.5977308917197452,0,27,None,66,1,5,False,1,1
13120,80,random,10,0.6326632165605095,0,18,None,66,1,5,False,1,1
13121,81,random,10,0.6356488853503185,0,18,None,66,1,5,False,1,1
13122,82,random,10,0.6396297770700637,0,18,None,66,1,5,False,1,1
13123,83,random,10,0.64171974522293,0,18,None,66,1,5,False,1,1
13124,84,random,10,0.6424164012738853,0,18,None,66,1,5,False,1,1
13125,80,random,10,0.533140923566879,0,31,None,66,1,5,False,1,1
13126,81,random,10,0.535828025477707,0,31,None,66,1,5,False,1,1
13127,82,random,10,0.5411027070063694,0,31,None,66,1,5,False,1,1
13128,83,random,10,0.5415007961783439,0,31,None,66,1,5,False,1,1
13129,84,random,10,0.5452826433121019,0,31,None,66,1,5,False,1,1
13130,80,random,10,0.5756369426751592,0,7,None,66,1,5,False,1,1
13131,81,random,10,0.578125,0,7,None,66,1,5,False,1,1
13132,82,random,10,0.5801154458598726,0,7,None,66,1,5,False,1,1
13133,83,random,10,0.5815087579617835,0,7,None,66,1,5,False,1,1
13134,84,random,10,0.5835987261146497,0,7,None,66,1,5,False,1,1
13135,80,random,10,0.4894506369426751,0,32,None,66,1,5,False,1,1
13136,81,random,10,0.4871616242038216,0,32,None,66,1,5,False,1,1
13137,82,random,10,0.4880573248407643,0,32,None,66,1,5,False,1,1
13138,83,random,10,0.4893511146496815,0,32,None,66,1,5,False,1,1
13139,84,random,10,0.4911425159235669,0,32,None,66,1,5,False,1,1
13140,80,random,10,0.4538216560509554,0,4,None,66,1,5,False,1,1
13141,81,random,10,0.4410828025477707,0,4,None,66,1,5,False,1,1
13142,82,random,10,0.4433718152866242,0,4,None,66,1,5,False,1,1
13143,83,random,10,0.4465565286624204,0,4,None,66,1,5,False,1,1
13144,84,random,10,0.4509355095541401,0,4,None,66,1,5,False,1,1
13145,80,random,10,0.5866839171974523,0,6,None,66,1,5,False,1,1
13146,81,random,10,0.5867834394904459,0,6,None,66,1,5,False,1,1
13147,82,random,10,0.5888734076433121,0,6,None,66,1,5,False,1,1
13148,83,random,10,0.5900676751592356,0,6,None,66,1,5,False,1,1
13149,84,random,10,0.591062898089172,0,6,None,66,1,5,False,1,1
13150,80,random,10,0.620421974522293,0,12,None,66,1,5,False,1,1
13151,81,random,10,0.6233081210191083,0,12,None,66,1,5,False,1,1
13152,82,random,10,0.6241042993630573,0,12,None,66,1,5,False,1,1
13153,83,random,10,0.6263933121019108,0,12,None,66,1,5,False,1,1
13154,84,random,10,0.6284832802547771,0,12,None,66,1,5,False,1,1
13155,80,random,10,0.5932523885350318,0,13,None,66,1,5,False,1,1
13156,81,random,10,0.5952428343949044,0,13,None,66,1,5,False,1,1
13157,82,random,10,0.5967356687898089,0,13,None,66,1,5,False,1,1
13158,83,random,10,0.5992237261146497,0,13,None,66,1,5,False,1,1
13159,84,random,10,0.6016122611464968,0,13,None,66,1,5,False,1,1
13160,80,random,10,0.5143312101910829,0,26,None,66,1,5,False,1,1
13161,81,random,10,0.5140326433121019,0,26,None,66,1,5,False,1,1
13162,82,random,10,0.5146297770700637,0,26,None,66,1,5,False,1,1
13163,83,random,10,0.5150278662420382,0,26,None,66,1,5,False,1,1
13164,84,random,10,0.515625,0,26,None,66,1,5,False,1,1
13165,80,random,10,0.5679737261146497,0,9,None,66,1,5,False,1,1
13166,81,random,10,0.5726512738853503,0,9,None,66,1,5,False,1,1
13167,82,random,10,0.5753383757961783,0,9,None,66,1,5,False,1,1
13168,83,random,10,0.5775278662420382,0,9,None,66,1,5,False,1,1
13169,84,random,10,0.5795183121019108,0,9,None,66,1,5,False,1,1
13170,80,random,10,0.3292197452229299,0,14,None,66,1,5,False,1,1
13171,81,random,10,0.3241441082802547,0,14,None,66,1,5,False,1,1
13172,82,random,10,0.3222531847133758,0,14,None,66,1,5,False,1,1
13173,83,random,10,0.3201632165605095,0,14,None,66,1,5,False,1,1
13174,84,random,10,0.3209593949044586,0,14,None,66,1,5,False,1,1
13175,80,random,10,0.5447850318471338,0,25,None,66,1,5,False,1,1
13176,81,random,10,0.5351313694267515,0,25,None,66,1,5,False,1,1
13177,82,random,10,0.5333399681528662,0,25,None,66,1,5,False,1,1
13178,83,random,10,0.5324442675159236,0,25,None,66,1,5,False,1,1
13179,84,random,10,0.535828025477707,0,25,None,66,1,5,False,1,1
13180,80,random,10,0.4426751592356688,0,29,None,66,1,5,False,1,1
13181,81,random,10,0.4353105095541401,0,29,None,66,1,5,False,1,1
13182,82,random,10,0.429140127388535,0,29,None,66,1,5,False,1,1
13183,83,random,10,0.4275477707006369,0,29,None,66,1,5,False,1,1
13184,84,random,10,0.4280453821656051,0,29,None,66,1,5,False,1,1
13185,80,random,10,0.5804140127388535,0,0,None,66,1,5,False,1,1
13186,81,random,10,0.5776273885350318,0,0,None,66,1,5,False,1,1
13187,82,random,10,0.5796178343949044,0,0,None,66,1,5,False,1,1
13188,83,random,10,0.5821058917197452,0,0,None,66,1,5,False,1,1
13189,84,random,10,0.5851910828025477,0,0,None,66,1,5,False,1,1
13190,80,random,10,0.5415007961783439,0,3,None,66,1,5,False,1,1
13191,81,random,10,0.5425955414012739,0,3,None,66,1,5,False,1,1
13192,82,random,10,0.544984076433121,0,3,None,66,1,5,False,1,1
13193,83,random,10,0.5462778662420382,0,3,None,66,1,5,False,1,1
13194,84,random,10,0.5482683121019108,0,3,None,66,1,5,False,1,1
13195,80,random,10,0.5260748407643312,0,28,None,66,1,5,False,1,1
13196,81,random,10,0.5267714968152867,0,28,None,66,1,5,False,1,1
13197,82,random,10,0.5292595541401274,0,28,None,66,1,5,False,1,1
13198,83,random,10,0.5332404458598726,0,28,None,66,1,5,False,1,1
13199,84,random,10,0.5364251592356688,0,28,None,66,1,5,False,1,1
16005,85,random,10,0.5373208598726115,0,1,None,66,1,5,False,1,1
16006,86,random,10,0.5601114649681529,0,1,None,66,1,5,False,1,1
16007,87,random,10,0.5806130573248408,0,1,None,66,1,5,False,1,1
16008,88,random,10,0.5963375796178344,0,1,None,66,1,5,False,1,1
16009,89,random,10,0.6097730891719745,0,1,None,66,1,5,False,1,1
16010,85,random,10,0.5197054140127388,0,2,None,66,1,5,False,1,1
16011,86,random,10,0.5015923566878981,0,2,None,66,1,5,False,1,1
16012,87,random,10,0.5033837579617835,0,2,None,66,1,5,False,1,1
16013,88,random,10,0.5061703821656051,0,2,None,66,1,5,False,1,1
16014,89,random,10,0.5086584394904459,0,2,None,66,1,5,False,1,1
16015,85,random,10,0.5923566878980892,0,5,None,66,1,5,False,1,1
16016,86,random,10,0.5903662420382165,0,5,None,66,1,5,False,1,1
16017,87,random,10,0.5903662420382165,0,5,None,66,1,5,False,1,1
16018,88,random,10,0.5919585987261147,0,5,None,66,1,5,False,1,1
16019,89,random,10,0.5932523885350318,0,5,None,66,1,5,False,1,1
16020,85,random,10,0.603702229299363,0,13,None,66,1,5,False,1,1
16021,86,random,10,0.6048964968152867,0,13,None,66,1,5,False,1,1
16022,87,random,10,0.607484076433121,0,13,None,66,1,5,False,1,1
16023,88,random,10,0.6096735668789809,0,13,None,66,1,5,False,1,1
16024,89,random,10,0.6108678343949044,0,13,None,66,1,5,False,1,1
16025,85,random,10,0.5719546178343949,0,15,None,66,1,5,False,1,1
16026,86,random,10,0.573546974522293,0,15,None,66,1,5,False,1,1
16027,87,random,10,0.5750398089171974,0,15,None,66,1,5,False,1,1
16028,88,random,10,0.5764331210191083,0,15,None,66,1,5,False,1,1
16029,89,random,10,0.5768312101910829,0,15,None,66,1,5,False,1,1
16030,85,random,10,0.6584394904458599,0,16,None,66,1,5,False,1,1
16031,86,random,10,0.6636146496815286,0,16,None,66,1,5,False,1,1
16032,87,random,10,0.6673964968152867,0,16,None,66,1,5,False,1,1
16033,88,random,10,0.6697850318471338,0,16,None,66,1,5,False,1,1
16034,89,random,10,0.6719745222929936,0,16,None,66,1,5,False,1,1
16035,85,random,10,0.5888734076433121,0,11,None,66,1,5,False,1,1
16036,86,random,10,0.5908638535031847,0,11,None,66,1,5,False,1,1
16037,87,random,10,0.5942476114649682,0,11,None,66,1,5,False,1,1
16038,88,random,10,0.5966361464968153,0,11,None,66,1,5,False,1,1
16039,89,random,10,0.5986265923566879,0,11,None,66,1,5,False,1,1
16040,85,random,10,0.5254777070063694,0,19,None,66,1,5,False,1,1
16041,86,random,10,0.5262738853503185,0,19,None,66,1,5,False,1,1
16042,87,random,10,0.53015525477707,0,19,None,66,1,5,False,1,1
16043,88,random,10,0.5325437898089171,0,19,None,66,1,5,False,1,1
16044,89,random,10,0.5352308917197452,0,19,None,66,1,5,False,1,1
16045,85,random,10,0.5969347133757962,0,17,None,66,1,5,False,1,1
16046,86,random,10,0.6009156050955414,0,17,None,66,1,5,False,1,1
16047,87,random,10,0.6038017515923567,0,17,None,66,1,5,False,1,1
16048,88,random,10,0.6063893312101911,0,17,None,66,1,5,False,1,1
16049,89,random,10,0.6087778662420382,0,17,None,66,1,5,False,1,1
16050,85,random,10,0.5638933121019108,0,21,None,66,1,5,False,1,1
16051,86,random,10,0.5674761146496815,0,21,None,66,1,5,False,1,1
16052,87,random,10,0.5702627388535032,0,21,None,66,1,5,False,1,1
16053,88,random,10,0.5728503184713376,0,21,None,66,1,5,False,1,1
16054,89,random,10,0.5763335987261147,0,21,None,66,1,5,False,1,1
16055,85,random,10,0.5714570063694268,0,25,None,66,1,5,False,1,1
16056,86,random,10,0.5640923566878981,0,25,None,66,1,5,False,1,1
16057,87,random,10,0.5570262738853503,0,25,None,66,1,5,False,1,1
16058,88,random,10,0.5543391719745223,0,25,None,66,1,5,False,1,1
16059,89,random,10,0.5547372611464968,0,25,None,66,1,5,False,1,1
16060,85,random,10,0.5158240445859873,0,26,None,66,1,5,False,1,1
16061,86,random,10,0.5172173566878981,0,26,None,66,1,5,False,1,1
16062,87,random,10,0.5188097133757962,0,26,None,66,1,5,False,1,1
16063,88,random,10,0.5191082802547771,0,26,None,66,1,5,False,1,1
16064,89,random,10,0.5200039808917197,0,26,None,66,1,5,False,1,1
16065,85,random,10,0.6246019108280255,0,12,None,66,1,5,False,1,1
16066,86,random,10,0.6263933121019108,0,12,None,66,1,5,False,1,1
16067,87,random,10,0.6285828025477707,0,12,None,66,1,5,False,1,1
16068,88,random,10,0.6308718152866242,0,12,None,66,1,5,False,1,1
16069,89,random,10,0.633359872611465,0,12,None,66,1,5,False,1,1
16070,85,random,10,0.4660628980891719,0,24,None,66,1,5,False,1,1
16071,86,random,10,0.4691480891719745,0,24,None,66,1,5,False,1,1
16072,87,random,10,0.4717356687898089,0,24,None,66,1,5,False,1,1
16073,88,random,10,0.4747213375796178,0,24,None,66,1,5,False,1,1
16074,89,random,10,0.4764132165605095,0,24,None,66,1,5,False,1,1
16075,85,random,10,0.5427945859872612,0,28,None,66,1,5,False,1,1
16076,86,random,10,0.5433917197452229,0,28,None,66,1,5,False,1,1
16077,87,random,10,0.5475716560509554,0,28,None,66,1,5,False,1,1
16078,88,random,10,0.5507563694267515,0,28,None,66,1,5,False,1,1
16079,89,random,10,0.5542396496815286,0,28,None,66,1,5,False,1,1
16080,85,random,10,0.4490445859872611,0,29,None,66,1,5,False,1,1
16081,86,random,10,0.4411823248407643,0,29,None,66,1,5,False,1,1
16082,87,random,10,0.4360071656050955,0,29,None,66,1,5,False,1,1
16083,88,random,10,0.4332205414012738,0,29,None,66,1,5,False,1,1
16084,89,random,10,0.4325238853503185,0,29,None,66,1,5,False,1,1
16085,85,random,10,0.5967356687898089,0,30,None,66,1,5,False,1,1
16086,86,random,10,0.6013136942675159,0,30,None,66,1,5,False,1,1
16087,87,random,10,0.6050955414012739,0,30,None,66,1,5,False,1,1
16088,88,random,10,0.6080812101910829,0,30,None,66,1,5,False,1,1
16089,89,random,10,0.6113654458598726,0,30,None,66,1,5,False,1,1
16090,85,random,10,0.6442078025477707,0,18,None,66,1,5,False,1,1
16091,86,random,10,0.6474920382165605,0,18,None,66,1,5,False,1,1
16092,87,random,10,0.6508757961783439,0,18,None,66,1,5,False,1,1
16093,88,random,10,0.6534633757961783,0,18,None,66,1,5,False,1,1
16094,89,random,10,0.6536624203821656,0,18,None,66,1,5,False,1,1
16095,85,random,10,0.601015127388535,0,27,None,66,1,5,False,1,1
16096,86,random,10,0.6026074840764332,0,27,None,66,1,5,False,1,1
16097,87,random,10,0.603702229299363,0,27,None,66,1,5,False,1,1
16098,88,random,10,0.6046974522292994,0,27,None,66,1,5,False,1,1
16099,89,random,10,0.6062898089171974,0,27,None,66,1,5,False,1,1
16100,85,random,10,0.5471735668789809,0,31,None,66,1,5,False,1,1
16101,86,random,10,0.5508558917197452,0,31,None,66,1,5,False,1,1
16102,87,random,10,0.5543391719745223,0,31,None,66,1,5,False,1,1
16103,88,random,10,0.5563296178343949,0,31,None,66,1,5,False,1,1
16104,89,random,10,0.5595143312101911,0,31,None,66,1,5,False,1,1
16105,85,random,10,0.5237858280254777,0,8,None,66,1,5,False,1,1
16106,86,random,10,0.5257762738853503,0,8,None,66,1,5,False,1,1
16107,87,random,10,0.5273686305732485,0,8,None,66,1,5,False,1,1
16108,88,random,10,0.5290605095541401,0,8,None,66,1,5,False,1,1
16109,89,random,10,0.5335390127388535,0,8,None,66,1,5,False,1,1
16110,85,random,10,0.6003184713375797,0,10,None,66,1,5,False,1,1
16111,86,random,10,0.604796974522293,0,10,None,66,1,5,False,1,1
16112,87,random,10,0.6090764331210191,0,10,None,66,1,5,False,1,1
16113,88,random,10,0.612062101910828,0,10,None,66,1,5,False,1,1
16114,89,random,10,0.6148487261146497,0,10,None,66,1,5,False,1,1
16115,85,random,10,0.5491640127388535,0,3,None,66,1,5,False,1,1
16116,86,random,10,0.5494625796178344,0,3,None,66,1,5,False,1,1
16117,87,random,10,0.5510549363057324,0,3,None,66,1,5,False,1,1
16118,88,random,10,0.5523487261146497,0,3,None,66,1,5,False,1,1
16119,89,random,10,0.5553343949044586,0,3,None,66,1,5,False,1,1
16120,85,random,10,0.5856886942675159,0,20,None,66,1,5,False,1,1
16121,86,random,10,0.587281050955414,0,20,None,66,1,5,False,1,1
16122,87,random,10,0.588077229299363,0,20,None,66,1,5,False,1,1
16123,88,random,10,0.5897691082802548,0,20,None,66,1,5,False,1,1
16124,89,random,10,0.5915605095541401,0,20,None,66,1,5,False,1,1
16125,85,random,10,0.5839968152866242,0,9,None,66,1,5,False,1,1
16126,86,random,10,0.5855891719745223,0,9,None,66,1,5,False,1,1
16127,87,random,10,0.5869824840764332,0,9,None,66,1,5,False,1,1
16128,88,random,10,0.5883757961783439,0,9,None,66,1,5,False,1,1
16129,89,random,10,0.5896695859872612,0,9,None,66,1,5,False,1,1
16130,85,random,10,0.59375,0,6,None,66,1,5,False,1,1
16131,86,random,10,0.5936504777070064,0,6,None,66,1,5,False,1,1
16132,87,random,10,0.5944466560509554,0,6,None,66,1,5,False,1,1
16133,88,random,10,0.5963375796178344,0,6,None,66,1,5,False,1,1
16134,89,random,10,0.5976313694267515,0,6,None,66,1,5,False,1,1
16135,85,random,10,0.6257961783439491,0,22,None,66,1,5,False,1,1
16136,86,random,10,0.6270899681528662,0,22,None,66,1,5,False,1,1
16137,87,random,10,0.6283837579617835,0,22,None,66,1,5,False,1,1
16138,88,random,10,0.6291799363057324,0,22,None,66,1,5,False,1,1
16139,89,random,10,0.6303742038216561,0,22,None,66,1,5,False,1,1
16140,85,random,10,0.3362858280254777,0,14,None,66,1,5,False,1,1
16141,86,random,10,0.3321058917197452,0,14,None,66,1,5,False,1,1
16142,87,random,10,0.3294187898089172,0,14,None,66,1,5,False,1,1
16143,88,random,10,0.3293192675159235,0,14,None,66,1,5,False,1,1
16144,89,random,10,0.3297173566878981,0,14,None,66,1,5,False,1,1
16145,85,random,10,0.4967157643312102,0,23,None,66,1,5,False,1,1
16146,86,random,10,0.5020899681528662,0,23,None,66,1,5,False,1,1
16147,87,random,10,0.5041799363057324,0,23,None,66,1,5,False,1,1
16148,88,random,10,0.5066679936305732,0,23,None,66,1,5,False,1,1
16149,89,random,10,0.5092555732484076,0,23,None,66,1,5,False,1,1
16150,85,random,10,0.5936504777070064,0,0,None,66,1,5,False,1,1
16151,86,random,10,0.5902667197452229,0,0,None,66,1,5,False,1,1
16152,87,random,10,0.5920581210191083,0,0,None,66,1,5,False,1,1
16153,88,random,10,0.5943471337579618,0,0,None,66,1,5,False,1,1
16154,89,random,10,0.5966361464968153,0,0,None,66,1,5,False,1,1
16155,85,random,10,0.5859872611464968,0,7,None,66,1,5,False,1,1
16156,86,random,10,0.5875796178343949,0,7,None,66,1,5,False,1,1
16157,87,random,10,0.5895700636942676,0,7,None,66,1,5,False,1,1
16158,88,random,10,0.5903662420382165,0,7,None,66,1,5,False,1,1
16159,89,random,10,0.5913614649681529,0,7,None,66,1,5,False,1,1
16160,85,random,10,0.4721337579617834,0,4,None,66,1,5,False,1,1
16161,86,random,10,0.4542197452229299,0,4,None,66,1,5,False,1,1
16162,87,random,10,0.4543192675159235,0,4,None,66,1,5,False,1,1
16163,88,random,10,0.4579020700636942,0,4,None,66,1,5,False,1,1
16164,89,random,10,0.4615843949044586,0,4,None,66,1,5,False,1,1
16165,85,random,10,0.4998009554140127,0,32,None,66,1,5,False,1,1
16166,86,random,10,0.4986066878980891,0,32,None,66,1,5,False,1,1
16167,87,random,10,0.4998009554140127,0,32,None,66,1,5,False,1,1
16168,88,random,10,0.5014928343949044,0,32,None,66,1,5,False,1,1
16169,89,random,10,0.5023885350318471,0,32,None,66,1,5,False,1,1
16170,90,random,10,0.613953025477707,0,25,None,66,1,5,False,1,1
16171,91,random,10,0.5897691082802548,0,25,None,66,1,5,False,1,1
16172,92,random,10,0.5791202229299363,0,25,None,66,1,5,False,1,1
16173,93,random,10,0.5757364649681529,0,25,None,66,1,5,False,1,1
16174,94,random,10,0.5771297770700637,0,25,None,66,1,5,False,1,1
16175,90,random,10,0.5626990445859873,0,31,None,66,1,5,False,1,1
16176,91,random,10,0.5629976114649682,0,31,None,66,1,5,False,1,1
16177,92,random,10,0.5684713375796179,0,31,None,66,1,5,False,1,1
16178,93,random,10,0.571656050955414,0,31,None,66,1,5,False,1,1
16179,94,random,10,0.5732484076433121,0,31,None,66,1,5,False,1,1
16180,90,random,10,0.6194267515923567,0,1,None,66,1,5,False,1,1
16181,91,random,10,0.6296775477707006,0,1,None,66,1,5,False,1,1
16182,92,random,10,0.6377388535031847,0,1,None,66,1,5,False,1,1
16183,93,random,10,0.6434116242038217,0,1,None,66,1,5,False,1,1
16184,94,random,10,0.6480891719745223,0,1,None,66,1,5,False,1,1
16185,90,random,10,0.6125597133757962,0,13,None,66,1,5,False,1,1
16186,91,random,10,0.6135549363057324,0,13,None,66,1,5,False,1,1
16187,92,random,10,0.6144506369426752,0,13,None,66,1,5,False,1,1
16188,93,random,10,0.6153463375796179,0,13,None,66,1,5,False,1,1
16189,94,random,10,0.6164410828025477,0,13,None,66,1,5,False,1,1
16190,90,random,10,0.6088773885350318,0,27,None,66,1,5,False,1,1
16191,91,random,10,0.6100716560509554,0,27,None,66,1,5,False,1,1
16192,92,random,10,0.6107683121019108,0,27,None,66,1,5,False,1,1
16193,93,random,10,0.6123606687898089,0,27,None,66,1,5,False,1,1
16194,94,random,10,0.6138535031847133,0,27,None,66,1,5,False,1,1
16195,90,random,10,0.4436703821656051,0,29,None,66,1,5,False,1,1
16196,91,random,10,0.439390923566879,0,29,None,66,1,5,False,1,1
16197,92,random,10,0.4373009554140127,0,29,None,66,1,5,False,1,1
16198,93,random,10,0.4370023885350318,0,29,None,66,1,5,False,1,1
16199,94,random,10,0.4375995222929936,0,29,None,66,1,5,False,1,1
16200,90,random,10,0.5960390127388535,0,9,None,66,1,5,False,1,1
16201,91,random,10,0.5970342356687898,0,9,None,66,1,5,False,1,1
16202,92,random,10,0.5969347133757962,0,9,None,66,1,5,False,1,1
16203,93,random,10,0.597531847133758,0,9,None,66,1,5,False,1,1
16204,94,random,10,0.5991242038216561,0,9,None,66,1,5,False,1,1
16205,90,random,10,0.6163415605095541,0,17,None,66,1,5,False,1,1
16206,91,random,10,0.6186305732484076,0,17,None,66,1,5,False,1,1
16207,92,random,10,0.6194267515923567,0,17,None,66,1,5,False,1,1
16208,93,random,10,0.6214171974522293,0,17,None,66,1,5,False,1,1
16209,94,random,10,0.6226114649681529,0,17,None,66,1,5,False,1,1
16210,90,random,10,0.5601114649681529,0,28,None,66,1,5,False,1,1
16211,91,random,10,0.5625995222929936,0,28,None,66,1,5,False,1,1
16212,92,random,10,0.5657842356687898,0,28,None,66,1,5,False,1,1
16213,93,random,10,0.5700636942675159,0,28,None,66,1,5,False,1,1
16214,94,random,10,0.5726512738853503,0,28,None,66,1,5,False,1,1
16215,90,random,10,0.5966361464968153,0,5,None,66,1,5,False,1,1
16216,91,random,10,0.5949442675159236,0,5,None,66,1,5,False,1,1
16217,92,random,10,0.5951433121019108,0,5,None,66,1,5,False,1,1
16218,93,random,10,0.5954418789808917,0,5,None,66,1,5,False,1,1
16219,94,random,10,0.5954418789808917,0,5,None,66,1,5,False,1,1
16220,90,random,10,0.6357484076433121,0,12,None,66,1,5,False,1,1
16221,91,random,10,0.6384355095541401,0,12,None,66,1,5,False,1,1
16222,92,random,10,0.640625,0,12,None,66,1,5,False,1,1
16223,93,random,10,0.6418192675159236,0,12,None,66,1,5,False,1,1
16224,94,random,10,0.6436106687898089,0,12,None,66,1,5,False,1,1
16225,90,random,10,0.5496616242038217,0,26,None,66,1,5,False,1,1
16226,91,random,10,0.5464769108280255,0,26,None,66,1,5,False,1,1
16227,92,random,10,0.5453821656050956,0,26,None,66,1,5,False,1,1
16228,93,random,10,0.5452826433121019,0,26,None,66,1,5,False,1,1
16229,94,random,10,0.5443869426751592,0,26,None,66,1,5,False,1,1
16230,90,random,10,0.6070859872611465,0,30,None,66,1,5,False,1,1
16231,91,random,10,0.6103702229299363,0,30,None,66,1,5,False,1,1
16232,92,random,10,0.6138535031847133,0,30,None,66,1,5,False,1,1
16233,93,random,10,0.6173367834394905,0,30,None,66,1,5,False,1,1
16234,94,random,10,0.6188296178343949,0,30,None,66,1,5,False,1,1
16235,90,random,10,0.6541600318471338,0,18,None,66,1,5,False,1,1
16236,91,random,10,0.6555533439490446,0,18,None,66,1,5,False,1,1
16237,92,random,10,0.6588375796178344,0,18,None,66,1,5,False,1,1
16238,93,random,10,0.6596337579617835,0,18,None,66,1,5,False,1,1
16239,94,random,10,0.6611265923566879,0,18,None,66,1,5,False,1,1
16240,90,random,10,0.5134355095541401,0,8,None,66,1,5,False,1,1
16241,91,random,10,0.5209992038216561,0,8,None,66,1,5,False,1,1
16242,92,random,10,0.523984872611465,0,8,None,66,1,5,False,1,1
16243,93,random,10,0.526671974522293,0,8,None,66,1,5,False,1,1
16244,94,random,10,0.5281648089171974,0,8,None,66,1,5,False,1,1
16245,90,random,10,0.5992237261146497,0,10,None,66,1,5,False,1,1
16246,91,random,10,0.6024084394904459,0,10,None,66,1,5,False,1,1
16247,92,random,10,0.6081807324840764,0,10,None,66,1,5,False,1,1
16248,93,random,10,0.6108678343949044,0,10,None,66,1,5,False,1,1
16249,94,random,10,0.615047770700637,0,10,None,66,1,5,False,1,1
16250,90,random,10,0.6144506369426752,0,11,None,66,1,5,False,1,1
16251,91,random,10,0.6137539808917197,0,11,None,66,1,5,False,1,1
16252,92,random,10,0.6140525477707006,0,11,None,66,1,5,False,1,1
16253,93,random,10,0.6151472929936306,0,11,None,66,1,5,False,1,1
16254,94,random,10,0.6172372611464968,0,11,None,66,1,5,False,1,1
16255,90,random,10,0.5862858280254777,0,15,None,66,1,5,False,1,1
16256,91,random,10,0.5842953821656051,0,15,None,66,1,5,False,1,1
16257,92,random,10,0.5850915605095541,0,15,None,66,1,5,False,1,1
16258,93,random,10,0.5855891719745223,0,15,None,66,1,5,False,1,1
16259,94,random,10,0.5863853503184714,0,15,None,66,1,5,False,1,1
16260,90,random,10,0.5887738853503185,0,20,None,66,1,5,False,1,1
16261,91,random,10,0.5917595541401274,0,20,None,66,1,5,False,1,1
16262,92,random,10,0.5936504777070064,0,20,None,66,1,5,False,1,1
16263,93,random,10,0.5943471337579618,0,20,None,66,1,5,False,1,1
16264,94,random,10,0.5960390127388535,0,20,None,66,1,5,False,1,1
16265,90,random,10,0.3438495222929936,0,14,None,66,1,5,False,1,1
16266,91,random,10,0.3415605095541401,0,14,None,66,1,5,False,1,1
16267,92,random,10,0.3413614649681528,0,14,None,66,1,5,False,1,1
16268,93,random,10,0.3405652866242038,0,14,None,66,1,5,False,1,1
16269,94,random,10,0.3389729299363057,0,14,None,66,1,5,False,1,1
16270,90,random,10,0.629578025477707,0,22,None,66,1,5,False,1,1
16271,91,random,10,0.6312699044585988,0,22,None,66,1,5,False,1,1
16272,92,random,10,0.632265127388535,0,22,None,66,1,5,False,1,1
16273,93,random,10,0.6332603503184714,0,22,None,66,1,5,False,1,1
16274,94,random,10,0.6338574840764332,0,22,None,66,1,5,False,1,1
16275,90,random,10,0.5051751592356688,0,23,None,66,1,5,False,1,1
16276,91,random,10,0.5092555732484076,0,23,None,66,1,5,False,1,1
16277,92,random,10,0.5122412420382165,0,23,None,66,1,5,False,1,1
16278,93,random,10,0.5139331210191083,0,23,None,66,1,5,False,1,1
16279,94,random,10,0.5163216560509554,0,23,None,66,1,5,False,1,1
16280,90,random,10,0.4660628980891719,0,4,None,66,1,5,False,1,1
16281,91,random,10,0.469546178343949,0,4,None,66,1,5,False,1,1
16282,92,random,10,0.4732285031847134,0,4,None,66,1,5,False,1,1
16283,93,random,10,0.4764132165605095,0,4,None,66,1,5,False,1,1
16284,94,random,10,0.4796974522292994,0,4,None,66,1,5,False,1,1
16285,90,random,10,0.5936504777070064,0,7,None,66,1,5,False,1,1
16286,91,random,10,0.5953423566878981,0,7,None,66,1,5,False,1,1
16287,92,random,10,0.5972332802547771,0,7,None,66,1,5,False,1,1
16288,93,random,10,0.598328025477707,0,7,None,66,1,5,False,1,1
16289,94,random,10,0.6009156050955414,0,7,None,66,1,5,False,1,1
16290,90,random,10,0.5986265923566879,0,6,None,66,1,5,False,1,1
16291,91,random,10,0.598328025477707,0,6,None,66,1,5,False,1,1
16292,92,random,10,0.6000199044585988,0,6,None,66,1,5,False,1,1
16293,93,random,10,0.6013136942675159,0,6,None,66,1,5,False,1,1
16294,94,random,10,0.6028065286624203,0,6,None,66,1,5,False,1,1
16295,90,random,10,0.6731687898089171,0,16,None,66,1,5,False,1,1
16296,91,random,10,0.6746616242038217,0,16,None,66,1,5,False,1,1
16297,92,random,10,0.6762539808917197,0,16,None,66,1,5,False,1,1
16298,93,random,10,0.6768511146496815,0,16,None,66,1,5,False,1,1
16299,94,random,10,0.6782444267515924,0,16,None,66,1,5,False,1,1
16300,90,random,10,0.4880573248407643,0,32,None,66,1,5,False,1,1
16301,91,random,10,0.4874601910828025,0,32,None,66,1,5,False,1,1
16302,92,random,10,0.4885549363057325,0,32,None,66,1,5,False,1,1
16303,93,random,10,0.4893511146496815,0,32,None,66,1,5,False,1,1
16304,94,random,10,0.490843949044586,0,32,None,66,1,5,False,1,1
16305,90,random,10,0.5318471337579618,0,2,None,66,1,5,False,1,1
16306,91,random,10,0.5149283439490446,0,2,None,66,1,5,False,1,1
16307,92,random,10,0.5125398089171974,0,2,None,66,1,5,False,1,1
16308,93,random,10,0.51453025477707,0,2,None,66,1,5,False,1,1
16309,94,random,10,0.5161226114649682,0,2,None,66,1,5,False,1,1
16310,90,random,10,0.5642914012738853,0,3,None,66,1,5,False,1,1
16311,91,random,10,0.5658837579617835,0,3,None,66,1,5,False,1,1
16312,92,random,10,0.5682722929936306,0,3,None,66,1,5,False,1,1
16313,93,random,10,0.5700636942675159,0,3,None,66,1,5,False,1,1
16314,94,random,10,0.5728503184713376,0,3,None,66,1,5,False,1,1
16315,90,random,10,0.548765923566879,0,19,None,66,1,5,False,1,1
16316,91,random,10,0.544187898089172,0,19,None,66,1,5,False,1,1
16317,92,random,10,0.544187898089172,0,19,None,66,1,5,False,1,1
16318,93,random,10,0.5445859872611465,0,19,None,66,1,5,False,1,1
16319,94,random,10,0.5455812101910829,0,19,None,66,1,5,False,1,1
16320,90,random,10,0.568968949044586,0,21,None,66,1,5,False,1,1
16321,91,random,10,0.5701632165605095,0,21,None,66,1,5,False,1,1
16322,92,random,10,0.5726512738853503,0,21,None,66,1,5,False,1,1
16323,93,random,10,0.5744426751592356,0,21,None,66,1,5,False,1,1
16324,94,random,10,0.5766321656050956,0,21,None,66,1,5,False,1,1
16325,90,random,10,0.6015127388535032,0,0,None,66,1,5,False,1,1
16326,91,random,10,0.6027070063694268,0,0,None,66,1,5,False,1,1
16327,92,random,10,0.6042993630573248,0,0,None,66,1,5,False,1,1
16328,93,random,10,0.6068869426751592,0,0,None,66,1,5,False,1,1
16329,94,random,10,0.6085788216560509,0,0,None,66,1,5,False,1,1
16330,90,random,10,0.4774084394904458,0,24,None,66,1,5,False,1,1
16331,91,random,10,0.480593152866242,0,24,None,66,1,5,False,1,1
16332,92,random,10,0.4839769108280254,0,24,None,66,1,5,False,1,1
16333,93,random,10,0.4877587579617834,0,24,None,66,1,5,False,1,1
16334,94,random,10,0.4924363057324841,0,24,None,66,1,5,False,1,1
19470,95,random,10,0.6476910828025477,0,1,None,66,1,5,False,1,1
19471,96,random,10,0.6537619426751592,0,1,None,66,1,5,False,1,1
19472,97,random,10,0.6553542993630573,0,1,None,66,1,5,False,1,1
19473,98,random,10,0.658140923566879,0,1,None,66,1,5,False,1,1
19474,99,random,10,0.6618232484076433,0,1,None,66,1,5,False,1,1
19475,95,random,10,0.5367237261146497,0,2,None,66,1,5,False,1,1
19476,96,random,10,0.5219944267515924,0,2,None,66,1,5,False,1,1
19477,97,random,10,0.5164211783439491,0,2,None,66,1,5,False,1,1
19478,98,random,10,0.5178144904458599,0,2,None,66,1,5,False,1,1
19479,99,random,10,0.5197054140127388,0,2,None,66,1,5,False,1,1
19480,95,random,10,0.601015127388535,0,5,None,66,1,5,False,1,1
19481,96,random,10,0.597531847133758,0,5,None,66,1,5,False,1,1
19482,97,random,10,0.5979299363057324,0,5,None,66,1,5,False,1,1
19483,98,random,10,0.5977308917197452,0,5,None,66,1,5,False,1,1
19484,99,random,10,0.5973328025477707,0,5,None,66,1,5,False,1,1
19485,95,random,10,0.6210191082802548,0,13,None,66,1,5,False,1,1
19486,96,random,10,0.6208200636942676,0,13,None,66,1,5,False,1,1
19487,97,random,10,0.6213176751592356,0,13,None,66,1,5,False,1,1
19488,98,random,10,0.6230095541401274,0,13,None,66,1,5,False,1,1
19489,99,random,10,0.6247014331210191,0,13,None,66,1,5,False,1,1
19490,95,random,10,0.5796178343949044,0,15,None,66,1,5,False,1,1
19491,96,random,10,0.582703025477707,0,15,None,66,1,5,False,1,1
19492,97,random,10,0.5835987261146497,0,15,None,66,1,5,False,1,1
19493,98,random,10,0.585390127388535,0,15,None,66,1,5,False,1,1
19494,99,random,10,0.5857882165605095,0,15,None,66,1,5,False,1,1
19495,95,random,10,0.6036027070063694,0,10,None,66,1,5,False,1,1
19496,96,random,10,0.6071855095541401,0,10,None,66,1,5,False,1,1
19497,97,random,10,0.6099721337579618,0,10,None,66,1,5,False,1,1
19498,98,random,10,0.6145501592356688,0,10,None,66,1,5,False,1,1
19499,99,random,10,0.6182324840764332,0,10,None,66,1,5,False,1,1
19500,95,random,10,0.6246019108280255,0,11,None,66,1,5,False,1,1
19501,96,random,10,0.6252985668789809,0,11,None,66,1,5,False,1,1
19502,97,random,10,0.6255971337579618,0,11,None,66,1,5,False,1,1
19503,98,random,10,0.6273885350318471,0,11,None,66,1,5,False,1,1
19504,99,random,10,0.6293789808917197,0,11,None,66,1,5,False,1,1
19505,95,random,10,0.5904657643312102,0,20,None,66,1,5,False,1,1
19506,96,random,10,0.5952428343949044,0,20,None,66,1,5,False,1,1
19507,97,random,10,0.5966361464968153,0,20,None,66,1,5,False,1,1
19508,98,random,10,0.598328025477707,0,20,None,66,1,5,False,1,1
19509,99,random,10,0.5995222929936306,0,20,None,66,1,5,False,1,1
19510,95,random,10,0.6317675159235668,0,22,None,66,1,5,False,1,1
19511,96,random,10,0.6332603503184714,0,22,None,66,1,5,False,1,1
19512,97,random,10,0.634156050955414,0,22,None,66,1,5,False,1,1
19513,98,random,10,0.6353503184713376,0,22,None,66,1,5,False,1,1
19514,99,random,10,0.636046974522293,0,22,None,66,1,5,False,1,1
19515,95,random,10,0.5051751592356688,0,23,None,66,1,5,False,1,1
19516,96,random,10,0.5108479299363057,0,23,None,66,1,5,False,1,1
19517,97,random,10,0.5135350318471338,0,23,None,66,1,5,False,1,1
19518,98,random,10,0.5160230891719745,0,23,None,66,1,5,False,1,1
19519,99,random,10,0.5181130573248408,0,23,None,66,1,5,False,1,1
19520,95,random,10,0.6190286624203821,0,17,None,66,1,5,False,1,1
19521,96,random,10,0.6202229299363057,0,17,None,66,1,5,False,1,1
19522,97,random,10,0.6218152866242038,0,17,None,66,1,5,False,1,1
19523,98,random,10,0.6234076433121019,0,17,None,66,1,5,False,1,1
19524,99,random,10,0.6254976114649682,0,17,None,66,1,5,False,1,1
19525,95,random,10,0.5798168789808917,0,21,None,66,1,5,False,1,1
19526,96,random,10,0.5796178343949044,0,21,None,66,1,5,False,1,1
19527,97,random,10,0.5823049363057324,0,21,None,66,1,5,False,1,1
19528,98,random,10,0.5849920382165605,0,21,None,66,1,5,False,1,1
19529,99,random,10,0.5871815286624203,0,21,None,66,1,5,False,1,1
19530,95,random,10,0.5534434713375797,0,26,None,66,1,5,False,1,1
19531,96,random,10,0.5517515923566879,0,26,None,66,1,5,False,1,1
19532,97,random,10,0.551453025477707,0,26,None,66,1,5,False,1,1
19533,98,random,10,0.5517515923566879,0,26,None,66,1,5,False,1,1
19534,99,random,10,0.5509554140127388,0,26,None,66,1,5,False,1,1
19535,95,random,10,0.6450039808917197,0,12,None,66,1,5,False,1,1
19536,96,random,10,0.6473925159235668,0,12,None,66,1,5,False,1,1
19537,97,random,10,0.6485867834394905,0,12,None,66,1,5,False,1,1
19538,98,random,10,0.6500796178343949,0,12,None,66,1,5,False,1,1
19539,99,random,10,0.6510748407643312,0,12,None,66,1,5,False,1,1
19540,95,random,10,0.6045979299363057,0,6,None,66,1,5,False,1,1
19541,96,random,10,0.6052945859872612,0,6,None,66,1,5,False,1,1
19542,97,random,10,0.6080812101910829,0,6,None,66,1,5,False,1,1
19543,98,random,10,0.6096735668789809,0,6,None,66,1,5,False,1,1
19544,99,random,10,0.6105692675159236,0,6,None,66,1,5,False,1,1
19545,95,random,10,0.4961186305732484,0,32,None,66,1,5,False,1,1
19546,96,random,10,0.4932324840764331,0,32,None,66,1,5,False,1,1
19547,97,random,10,0.4951234076433121,0,32,None,66,1,5,False,1,1
19548,98,random,10,0.4951234076433121,0,32,None,66,1,5,False,1,1
19549,99,random,10,0.4973128980891719,0,32,None,66,1,5,False,1,1
19550,95,random,10,0.6024084394904459,0,7,None,66,1,5,False,1,1
19551,96,random,10,0.6028065286624203,0,7,None,66,1,5,False,1,1
19552,97,random,10,0.6044984076433121,0,7,None,66,1,5,False,1,1
19553,98,random,10,0.6056926751592356,0,7,None,66,1,5,False,1,1
19554,99,random,10,0.6077826433121019,0,7,None,66,1,5,False,1,1
19555,95,random,10,0.6005175159235668,0,9,None,66,1,5,False,1,1
19556,96,random,10,0.6027070063694268,0,9,None,66,1,5,False,1,1
19557,97,random,10,0.6041003184713376,0,9,None,66,1,5,False,1,1
19558,98,random,10,0.6041003184713376,0,9,None,66,1,5,False,1,1
19559,99,random,10,0.6049960191082803,0,9,None,66,1,5,False,1,1
19560,95,random,10,0.355593152866242,0,14,None,66,1,5,False,1,1
19561,96,random,10,0.3515127388535032,0,14,None,66,1,5,False,1,1
19562,97,random,10,0.3503184713375796,0,14,None,66,1,5,False,1,1
19563,98,random,10,0.3504179936305732,0,14,None,66,1,5,False,1,1
19564,99,random,10,0.3496218152866242,0,14,None,66,1,5,False,1,1
19565,95,random,10,0.4477507961783439,0,29,None,66,1,5,False,1,1
19566,96,random,10,0.4429737261146497,0,29,None,66,1,5,False,1,1
19567,97,random,10,0.4417794585987261,0,29,None,66,1,5,False,1,1
19568,98,random,10,0.4417794585987261,0,29,None,66,1,5,False,1,1
19569,99,random,10,0.4433718152866242,0,29,None,66,1,5,False,1,1
19570,95,random,10,0.6254976114649682,0,25,None,66,1,5,False,1,1
19571,96,random,10,0.6042993630573248,0,25,None,66,1,5,False,1,1
19572,97,random,10,0.5971337579617835,0,25,None,66,1,5,False,1,1
19573,98,random,10,0.5939490445859873,0,25,None,66,1,5,False,1,1
19574,99,random,10,0.5917595541401274,0,25,None,66,1,5,False,1,1
19575,95,random,10,0.5123407643312102,0,8,None,66,1,5,False,1,1
19576,96,random,10,0.5204020700636943,0,8,None,66,1,5,False,1,1
19577,97,random,10,0.5224920382165605,0,8,None,66,1,5,False,1,1
19578,98,random,10,0.5259753184713376,0,8,None,66,1,5,False,1,1
19579,99,random,10,0.5279657643312102,0,8,None,66,1,5,False,1,1
19580,95,random,10,0.4828821656050955,0,4,None,66,1,5,False,1,1
19581,96,random,10,0.485171178343949,0,4,None,66,1,5,False,1,1
19582,97,random,10,0.4865644904458598,0,4,None,66,1,5,False,1,1
19583,98,random,10,0.4895501592356688,0,4,None,66,1,5,False,1,1
19584,99,random,10,0.4922372611464968,0,4,None,66,1,5,False,1,1
19585,95,random,10,0.6792396496815286,0,16,None,66,1,5,False,1,1
19586,96,random,10,0.6808320063694268,0,16,None,66,1,5,False,1,1
19587,97,random,10,0.6814291401273885,0,16,None,66,1,5,False,1,1
19588,98,random,10,0.681827229299363,0,16,None,66,1,5,False,1,1
19589,99,random,10,0.6820262738853503,0,16,None,66,1,5,False,1,1
19590,95,random,10,0.5573248407643312,0,19,None,66,1,5,False,1,1
19591,96,random,10,0.5546377388535032,0,19,None,66,1,5,False,1,1
19592,97,random,10,0.5536425159235668,0,19,None,66,1,5,False,1,1
19593,98,random,10,0.5534434713375797,0,19,None,66,1,5,False,1,1
19594,99,random,10,0.5527468152866242,0,19,None,66,1,5,False,1,1
19595,95,random,10,0.6605294585987261,0,18,None,66,1,5,False,1,1
19596,96,random,10,0.6620222929936306,0,18,None,66,1,5,False,1,1
19597,97,random,10,0.6623208598726115,0,18,None,66,1,5,False,1,1
19598,98,random,10,0.6651074840764332,0,18,None,66,1,5,False,1,1
19599,99,random,10,0.6666998407643312,0,18,None,66,1,5,False,1,1
19600,95,random,10,0.4967157643312102,0,24,None,66,1,5,False,1,1
19601,96,random,10,0.501890923566879,0,24,None,66,1,5,False,1,1
19602,97,random,10,0.5097531847133758,0,24,None,66,1,5,False,1,1
19603,98,random,10,0.5153264331210191,0,24,None,66,1,5,False,1,1
19604,99,random,10,0.5232882165605095,0,24,None,66,1,5,False,1,1
19605,95,random,10,0.615047770700637,0,27,None,66,1,5,False,1,1
19606,96,random,10,0.6162420382165605,0,27,None,66,1,5,False,1,1
19607,97,random,10,0.6168391719745223,0,27,None,66,1,5,False,1,1
19608,98,random,10,0.6184315286624203,0,27,None,66,1,5,False,1,1
19609,99,random,10,0.6208200636942676,0,27,None,66,1,5,False,1,1
19610,95,random,10,0.576234076433121,0,31,None,66,1,5,False,1,1
19611,96,random,10,0.580015923566879,0,31,None,66,1,5,False,1,1
19612,97,random,10,0.5820063694267515,0,31,None,66,1,5,False,1,1
19613,98,random,10,0.585390127388535,0,31,None,66,1,5,False,1,1
19614,99,random,10,0.5890724522292994,0,31,None,66,1,5,False,1,1
19615,95,random,10,0.6119625796178344,0,30,None,66,1,5,False,1,1
19616,96,random,10,0.6146496815286624,0,30,None,66,1,5,False,1,1
19617,97,random,10,0.6182324840764332,0,30,None,66,1,5,False,1,1
19618,98,random,10,0.6211186305732485,0,30,None,66,1,5,False,1,1
19619,99,random,10,0.62390525477707,0,30,None,66,1,5,False,1,1
19620,95,random,10,0.6128582802547771,0,0,None,66,1,5,False,1,1
19621,96,random,10,0.6129578025477707,0,0,None,66,1,5,False,1,1
19622,97,random,10,0.6141520700636943,0,0,None,66,1,5,False,1,1
19623,98,random,10,0.6152468152866242,0,0,None,66,1,5,False,1,1
19624,99,random,10,0.6170382165605095,0,0,None,66,1,5,False,1,1
19625,95,random,10,0.5737460191082803,0,3,None,66,1,5,False,1,1
19626,96,random,10,0.5761345541401274,0,3,None,66,1,5,False,1,1
19627,97,random,10,0.5774283439490446,0,3,None,66,1,5,False,1,1
19628,98,random,10,0.5801154458598726,0,3,None,66,1,5,False,1,1
19629,99,random,10,0.5818073248407644,0,3,None,66,1,5,False,1,1
19630,95,random,10,0.5779259554140127,0,28,None,66,1,5,False,1,1
19631,96,random,10,0.5796178343949044,0,28,None,66,1,5,False,1,1
19632,97,random,10,0.5836982484076433,0,28,None,66,1,5,False,1,1
19633,98,random,10,0.5867834394904459,0,28,None,66,1,5,False,1,1
19634,99,random,10,0.5895700636942676,0,28,None,66,1,5,False,1,1
19635,100,random,10,0.6290804140127388,0,30,None,66,1,5,False,1,1
19636,101,random,10,0.6319665605095541,0,30,None,66,1,5,False,1,1
19637,102,random,10,0.6351512738853503,0,30,None,66,1,5,False,1,1
19638,103,random,10,0.6373407643312102,0,30,None,66,1,5,False,1,1
19639,104,random,10,0.6385350318471338,0,30,None,66,1,5,False,1,1
19640,100,random,10,0.6518710191082803,0,1,None,66,1,5,False,1,1
19641,101,random,10,0.6575437898089171,0,1,None,66,1,5,False,1,1
19642,102,random,10,0.6617237261146497,0,1,None,66,1,5,False,1,1
19643,103,random,10,0.664609872611465,0,1,None,66,1,5,False,1,1
19644,104,random,10,0.6660031847133758,0,1,None,66,1,5,False,1,1
19645,100,random,10,0.6182324840764332,0,27,None,66,1,5,False,1,1
19646,101,random,10,0.6201234076433121,0,27,None,66,1,5,False,1,1
19647,102,random,10,0.6215167197452229,0,27,None,66,1,5,False,1,1
19648,103,random,10,0.623109076433121,0,27,None,66,1,5,False,1,1
19649,104,random,10,0.6250995222929936,0,27,None,66,1,5,False,1,1
19650,100,random,10,0.5466759554140127,0,2,None,66,1,5,False,1,1
19651,101,random,10,0.5275676751592356,0,2,None,66,1,5,False,1,1
19652,102,random,10,0.5163216560509554,0,2,None,66,1,5,False,1,1
19653,103,random,10,0.5117436305732485,0,2,None,66,1,5,False,1,1
19654,104,random,10,0.5140326433121019,0,2,None,66,1,5,False,1,1
19655,100,random,10,0.6376393312101911,0,22,None,66,1,5,False,1,1
19656,101,random,10,0.637937898089172,0,22,None,66,1,5,False,1,1
19657,102,random,10,0.6393312101910829,0,22,None,66,1,5,False,1,1
19658,103,random,10,0.6388335987261147,0,22,None,66,1,5,False,1,1
19659,104,random,10,0.6398288216560509,0,22,None,66,1,5,False,1,1
19660,100,random,10,0.6027070063694268,0,5,None,66,1,5,False,1,1
19661,101,random,10,0.6007165605095541,0,5,None,66,1,5,False,1,1
19662,102,random,10,0.5992237261146497,0,5,None,66,1,5,False,1,1
19663,103,random,10,0.5986265923566879,0,5,None,66,1,5,False,1,1
19664,104,random,10,0.5991242038216561,0,5,None,66,1,5,False,1,1
19665,100,random,10,0.4085390127388535,0,14,None,66,1,5,False,1,1
19666,101,random,10,0.3836584394904458,0,14,None,66,1,5,False,1,1
19667,102,random,10,0.3753980891719745,0,14,None,66,1,5,False,1,1
19668,103,random,10,0.3737062101910828,0,14,None,66,1,5,False,1,1
19669,104,random,10,0.3727109872611465,0,14,None,66,1,5,False,1,1
19670,100,random,10,0.5875796178343949,0,21,None,66,1,5,False,1,1
19671,101,random,10,0.5896695859872612,0,21,None,66,1,5,False,1,1
19672,102,random,10,0.5921576433121019,0,21,None,66,1,5,False,1,1
19673,103,random,10,0.5932523885350318,0,21,None,66,1,5,False,1,1
19674,104,random,10,0.5941480891719745,0,21,None,66,1,5,False,1,1
19675,100,random,10,0.5133359872611465,0,23,None,66,1,5,False,1,1
19676,101,random,10,0.5180135350318471,0,23,None,66,1,5,False,1,1
19677,102,random,10,0.5204020700636943,0,23,None,66,1,5,False,1,1
19678,103,random,10,0.5223925159235668,0,23,None,66,1,5,False,1,1
19679,104,random,10,0.5246815286624203,0,23,None,66,1,5,False,1,1
19680,100,random,10,0.4976114649681528,0,29,None,66,1,5,False,1,1
19681,101,random,10,0.4798964968152866,0,29,None,66,1,5,False,1,1
19682,102,random,10,0.4748208598726114,0,29,None,66,1,5,False,1,1
19683,103,random,10,0.4712380573248407,0,29,None,66,1,5,False,1,1
19684,104,random,10,0.4680533439490446,0,29,None,66,1,5,False,1,1
19685,100,random,10,0.5988256369426752,0,9,None,66,1,5,False,1,1
19686,101,random,10,0.6001194267515924,0,9,None,66,1,5,False,1,1
19687,102,random,10,0.6027070063694268,0,9,None,66,1,5,False,1,1
19688,103,random,10,0.603702229299363,0,9,None,66,1,5,False,1,1
19689,104,random,10,0.6064888535031847,0,9,None,66,1,5,False,1,1
19690,100,random,10,0.6816281847133758,0,16,None,66,1,5,False,1,1
19691,101,random,10,0.6820262738853503,0,16,None,66,1,5,False,1,1
19692,102,random,10,0.6831210191082803,0,16,None,66,1,5,False,1,1
19693,103,random,10,0.6844148089171974,0,16,None,66,1,5,False,1,1
19694,104,random,10,0.685609076433121,0,16,None,66,1,5,False,1,1
19695,100,random,10,0.6092754777070064,0,7,None,66,1,5,False,1,1
19696,101,random,10,0.6111664012738853,0,7,None,66,1,5,False,1,1
19697,102,random,10,0.6118630573248408,0,7,None,66,1,5,False,1,1
19698,103,random,10,0.6132563694267515,0,7,None,66,1,5,False,1,1
19699,104,random,10,0.6145501592356688,0,7,None,66,1,5,False,1,1
19700,100,random,10,0.5325437898089171,0,32,None,66,1,5,False,1,1
19701,101,random,10,0.53015525477707,0,32,None,66,1,5,False,1,1
19702,102,random,10,0.5289609872611465,0,32,None,66,1,5,False,1,1
19703,103,random,10,0.5286624203821656,0,32,None,66,1,5,False,1,1
19704,104,random,10,0.5291600318471338,0,32,None,66,1,5,False,1,1
19705,100,random,10,0.5879777070063694,0,15,None,66,1,5,False,1,1
19706,101,random,10,0.5890724522292994,0,15,None,66,1,5,False,1,1
19707,102,random,10,0.5901671974522293,0,15,None,66,1,5,False,1,1
19708,103,random,10,0.5912619426751592,0,15,None,66,1,5,False,1,1
19709,104,random,10,0.5920581210191083,0,15,None,66,1,5,False,1,1
19710,100,random,10,0.6197253184713376,0,10,None,66,1,5,False,1,1
19711,101,random,10,0.6220143312101911,0,10,None,66,1,5,False,1,1
19712,102,random,10,0.6237062101910829,0,10,None,66,1,5,False,1,1
19713,103,random,10,0.6271894904458599,0,10,None,66,1,5,False,1,1
19714,104,random,10,0.6298765923566879,0,10,None,66,1,5,False,1,1
19715,100,random,10,0.6468949044585988,0,12,None,66,1,5,False,1,1
19716,101,random,10,0.6485867834394905,0,12,None,66,1,5,False,1,1
19717,102,random,10,0.6498805732484076,0,12,None,66,1,5,False,1,1
19718,103,random,10,0.6514729299363057,0,12,None,66,1,5,False,1,1
19719,104,random,10,0.652468152866242,0,12,None,66,1,5,False,1,1
19720,100,random,10,0.604796974522293,0,6,None,66,1,5,False,1,1
19721,101,random,10,0.6056926751592356,0,6,None,66,1,5,False,1,1
19722,102,random,10,0.606687898089172,0,6,None,66,1,5,False,1,1
19723,103,random,10,0.6086783439490446,0,6,None,66,1,5,False,1,1
19724,104,random,10,0.6097730891719745,0,6,None,66,1,5,False,1,1
19725,100,random,10,0.6289808917197452,0,13,None,66,1,5,False,1,1
19726,101,random,10,0.6300756369426752,0,13,None,66,1,5,False,1,1
19727,102,random,10,0.6307722929936306,0,13,None,66,1,5,False,1,1
19728,103,random,10,0.6326632165605095,0,13,None,66,1,5,False,1,1
19729,104,random,10,0.6335589171974523,0,13,None,66,1,5,False,1,1
19730,100,random,10,0.5966361464968153,0,25,None,66,1,5,False,1,1
19731,101,random,10,0.59375,0,25,None,66,1,5,False,1,1
19732,102,random,10,0.5934514331210191,0,25,None,66,1,5,False,1,1
19733,103,random,10,0.5944466560509554,0,25,None,66,1,5,False,1,1
19734,104,random,10,0.5976313694267515,0,25,None,66,1,5,False,1,1
19735,100,random,10,0.553343949044586,0,26,None,66,1,5,False,1,1
19736,101,random,10,0.5507563694267515,0,26,None,66,1,5,False,1,1
19737,102,random,10,0.5500597133757962,0,26,None,66,1,5,False,1,1
19738,103,random,10,0.5504578025477707,0,26,None,66,1,5,False,1,1
19739,104,random,10,0.5497611464968153,0,26,None,66,1,5,False,1,1
19740,100,random,10,0.6375398089171974,0,11,None,66,1,5,False,1,1
19741,101,random,10,0.6337579617834395,0,11,None,66,1,5,False,1,1
19742,102,random,10,0.6365445859872612,0,11,None,66,1,5,False,1,1
19743,103,random,10,0.6371417197452229,0,11,None,66,1,5,False,1,1
19744,104,random,10,0.6381369426751592,0,11,None,66,1,5,False,1,1
19745,100,random,10,0.6203224522292994,0,17,None,66,1,5,False,1,1
19746,101,random,10,0.6226114649681529,0,17,None,66,1,5,False,1,1
19747,102,random,10,0.6238057324840764,0,17,None,66,1,5,False,1,1
19748,103,random,10,0.6259952229299363,0,17,None,66,1,5,False,1,1
19749,104,random,10,0.626890923566879,0,17,None,66,1,5,False,1,1
19750,100,random,10,0.5241839171974523,0,24,None,66,1,5,False,1,1
19751,101,random,10,0.5326433121019108,0,24,None,66,1,5,False,1,1
19752,102,random,10,0.5398089171974523,0,24,None,66,1,5,False,1,1
19753,103,random,10,0.5456807324840764,0,24,None,66,1,5,False,1,1
19754,104,random,10,0.5503582802547771,0,24,None,66,1,5,False,1,1
19755,100,random,10,0.5976313694267515,0,20,None,66,1,5,False,1,1
19756,101,random,10,0.5989251592356688,0,20,None,66,1,5,False,1,1
19757,102,random,10,0.6001194267515924,0,20,None,66,1,5,False,1,1
19758,103,random,10,0.6011146496815286,0,20,None,66,1,5,False,1,1
19759,104,random,10,0.6030055732484076,0,20,None,66,1,5,False,1,1
19760,100,random,10,0.4780055732484076,0,4,None,66,1,5,False,1,1
19761,101,random,10,0.4759156050955414,0,4,None,66,1,5,False,1,1
19762,102,random,10,0.4816878980891719,0,4,None,66,1,5,False,1,1
19763,103,random,10,0.4855692675159235,0,4,None,66,1,5,False,1,1
19764,104,random,10,0.4914410828025478,0,4,None,66,1,5,False,1,1
19765,100,random,10,0.5929538216560509,0,28,None,66,1,5,False,1,1
19766,101,random,10,0.5958399681528662,0,28,None,66,1,5,False,1,1
19767,102,random,10,0.5993232484076433,0,28,None,66,1,5,False,1,1
19768,103,random,10,0.6027070063694268,0,28,None,66,1,5,False,1,1
19769,104,random,10,0.604796974522293,0,28,None,66,1,5,False,1,1
19770,100,random,10,0.6017117834394905,0,0,None,66,1,5,False,1,1
19771,101,random,10,0.6040007961783439,0,0,None,66,1,5,False,1,1
19772,102,random,10,0.6064888535031847,0,0,None,66,1,5,False,1,1
19773,103,random,10,0.6095740445859873,0,0,None,66,1,5,False,1,1
19774,104,random,10,0.6127587579617835,0,0,None,66,1,5,False,1,1
19775,100,random,10,0.5407046178343949,0,8,None,66,1,5,False,1,1
19776,101,random,10,0.543093152866242,0,8,None,66,1,5,False,1,1
19777,102,random,10,0.5443869426751592,0,8,None,66,1,5,False,1,1
19778,103,random,10,0.5459792993630573,0,8,None,66,1,5,False,1,1
19779,104,random,10,0.5463773885350318,0,8,None,66,1,5,False,1,1
19780,100,random,10,0.567078025477707,0,3,None,66,1,5,False,1,1
19781,101,random,10,0.5677746815286624,0,3,None,66,1,5,False,1,1
19782,102,random,10,0.5710589171974523,0,3,None,66,1,5,False,1,1
19783,103,random,10,0.5737460191082803,0,3,None,66,1,5,False,1,1
19784,104,random,10,0.5752388535031847,0,3,None,66,1,5,False,1,1
19785,100,random,10,0.6961584394904459,0,18,None,66,1,5,False,1,1
19786,101,random,10,0.6940684713375797,0,18,None,66,1,5,False,1,1
19787,102,random,10,0.6942675159235668,0,18,None,66,1,5,False,1,1
19788,103,random,10,0.6942675159235668,0,18,None,66,1,5,False,1,1
19789,104,random,10,0.6940684713375797,0,18,None,66,1,5,False,1,1
19790,100,random,10,0.5810111464968153,0,31,None,66,1,5,False,1,1
19791,101,random,10,0.5812101910828026,0,31,None,66,1,5,False,1,1
19792,102,random,10,0.5846934713375797,0,31,None,66,1,5,False,1,1
19793,103,random,10,0.5859872611464968,0,31,None,66,1,5,False,1,1
19794,104,random,10,0.5898686305732485,0,31,None,66,1,5,False,1,1
19795,100,random,10,0.5573248407643312,0,19,None,66,1,5,False,1,1
19796,101,random,10,0.5554339171974523,0,19,None,66,1,5,False,1,1
19797,102,random,10,0.5543391719745223,0,19,None,66,1,5,False,1,1
19798,103,random,10,0.5551353503184714,0,19,None,66,1,5,False,1,1
19799,104,random,10,0.5551353503184714,0,19,None,66,1,5,False,1,1
23265,105,random,10,0.6203224522292994,0,5,None,66,1,5,False,1,1
23266,106,random,10,0.6174363057324841,0,5,None,66,1,5,False,1,1
23267,107,random,10,0.6170382165605095,0,5,None,66,1,5,False,1,1
23268,108,random,10,0.6170382165605095,0,5,None,66,1,5,False,1,1
23269,109,random,10,0.6168391719745223,0,5,None,66,1,5,False,1,1
23270,105,random,10,0.6398288216560509,0,13,None,66,1,5,False,1,1
23271,106,random,10,0.6401273885350318,0,13,None,66,1,5,False,1,1
23272,107,random,10,0.6398288216560509,0,13,None,66,1,5,False,1,1
23273,108,random,10,0.640625,0,13,None,66,1,5,False,1,1
23274,109,random,10,0.6426154458598726,0,13,None,66,1,5,False,1,1
23275,105,random,10,0.5944466560509554,0,15,None,66,1,5,False,1,1
23276,106,random,10,0.5946457006369427,0,15,None,66,1,5,False,1,1
23277,107,random,10,0.595640923566879,0,15,None,66,1,5,False,1,1
23278,108,random,10,0.5967356687898089,0,15,None,66,1,5,False,1,1
23279,109,random,10,0.5970342356687898,0,15,None,66,1,5,False,1,1
23280,105,random,10,0.6281847133757962,0,10,None,66,1,5,False,1,1
23281,106,random,10,0.6294785031847133,0,10,None,66,1,5,False,1,1
23282,107,random,10,0.6318670382165605,0,10,None,66,1,5,False,1,1
23283,108,random,10,0.6343550955414012,0,10,None,66,1,5,False,1,1
23284,109,random,10,0.6369426751592356,0,10,None,66,1,5,False,1,1
23285,105,random,10,0.6501791401273885,0,11,None,66,1,5,False,1,1
23286,106,random,10,0.6460987261146497,0,11,None,66,1,5,False,1,1
23287,107,random,10,0.6466958598726115,0,11,None,66,1,5,False,1,1
23288,108,random,10,0.6488853503184714,0,11,None,66,1,5,False,1,1
23289,109,random,10,0.6498805732484076,0,11,None,66,1,5,False,1,1
23290,105,random,10,0.6071855095541401,0,20,None,66,1,5,False,1,1
23291,106,random,10,0.6058917197452229,0,20,None,66,1,5,False,1,1
23292,107,random,10,0.6076831210191083,0,20,None,66,1,5,False,1,1
23293,108,random,10,0.6098726114649682,0,20,None,66,1,5,False,1,1
23294,109,random,10,0.6117635350318471,0,20,None,66,1,5,False,1,1
23295,105,random,10,0.6412221337579618,0,22,None,66,1,5,False,1,1
23296,106,random,10,0.6401273885350318,0,22,None,66,1,5,False,1,1
23297,107,random,10,0.6411226114649682,0,22,None,66,1,5,False,1,1
23298,108,random,10,0.6412221337579618,0,22,None,66,1,5,False,1,1
23299,109,random,10,0.6415207006369427,0,22,None,66,1,5,False,1,1
23300,105,random,10,0.433718152866242,0,14,None,66,1,5,False,1,1
23301,106,random,10,0.4095342356687898,0,14,None,66,1,5,False,1,1
23302,107,random,10,0.4046576433121019,0,14,None,66,1,5,False,1,1
23303,108,random,10,0.4010748407643312,0,14,None,66,1,5,False,1,1
23304,109,random,10,0.3950039808917197,0,14,None,66,1,5,False,1,1
23305,105,random,10,0.5260748407643312,0,23,None,66,1,5,False,1,1
23306,106,random,10,0.5303542993630573,0,23,None,66,1,5,False,1,1
23307,107,random,10,0.5333399681528662,0,23,None,66,1,5,False,1,1
23308,108,random,10,0.5351313694267515,0,23,None,66,1,5,False,1,1
23309,109,random,10,0.537718949044586,0,23,None,66,1,5,False,1,1
23310,105,random,10,0.5557324840764332,0,26,None,66,1,5,False,1,1
23311,106,random,10,0.5546377388535032,0,26,None,66,1,5,False,1,1
23312,107,random,10,0.5536425159235668,0,26,None,66,1,5,False,1,1
23313,108,random,10,0.5527468152866242,0,26,None,66,1,5,False,1,1
23314,109,random,10,0.5522492038216561,0,26,None,66,1,5,False,1,1
23315,105,random,10,0.6072850318471338,0,28,None,66,1,5,False,1,1
23316,106,random,10,0.6105692675159236,0,28,None,66,1,5,False,1,1
23317,107,random,10,0.613953025477707,0,28,None,66,1,5,False,1,1
23318,108,random,10,0.6163415605095541,0,28,None,66,1,5,False,1,1
23319,109,random,10,0.6180334394904459,0,28,None,66,1,5,False,1,1
23320,105,random,10,0.5165207006369427,0,29,None,66,1,5,False,1,1
23321,106,random,10,0.5006966560509554,0,29,None,66,1,5,False,1,1
23322,107,random,10,0.4939291401273885,0,29,None,66,1,5,False,1,1
23323,108,random,10,0.4890525477707006,0,29,None,66,1,5,False,1,1
23324,109,random,10,0.4867635350318471,0,29,None,66,1,5,False,1,1
23325,105,random,10,0.6416202229299363,0,30,None,66,1,5,False,1,1
23326,106,random,10,0.6438097133757962,0,30,None,66,1,5,False,1,1
23327,107,random,10,0.6453025477707006,0,30,None,66,1,5,False,1,1
23328,108,random,10,0.647890127388535,0,30,None,66,1,5,False,1,1
23329,109,random,10,0.6493829617834395,0,30,None,66,1,5,False,1,1
23330,105,random,10,0.5833996815286624,0,31,None,66,1,5,False,1,1
23331,106,random,10,0.5859872611464968,0,31,None,66,1,5,False,1,1
23332,107,random,10,0.5881767515923567,0,31,None,66,1,5,False,1,1
23333,108,random,10,0.591062898089172,0,31,None,66,1,5,False,1,1
23334,109,random,10,0.5930533439490446,0,31,None,66,1,5,False,1,1
23335,105,random,10,0.6591361464968153,0,1,None,66,1,5,False,1,1
23336,106,random,10,0.6637141719745223,0,1,None,66,1,5,False,1,1
23337,107,random,10,0.6676950636942676,0,1,None,66,1,5,False,1,1
23338,108,random,10,0.67078025477707,0,1,None,66,1,5,False,1,1
23339,109,random,10,0.6719745222929936,0,1,None,66,1,5,False,1,1
23340,105,random,10,0.5830015923566879,0,2,None,66,1,5,False,1,1
23341,106,random,10,0.5706608280254777,0,2,None,66,1,5,False,1,1
23342,107,random,10,0.5626990445859873,0,2,None,66,1,5,False,1,1
23343,108,random,10,0.5554339171974523,0,2,None,66,1,5,False,1,1
23344,109,random,10,0.5527468152866242,0,2,None,66,1,5,False,1,1
23345,105,random,10,0.6116640127388535,0,6,None,66,1,5,False,1,1
23346,106,random,10,0.6118630573248408,0,6,None,66,1,5,False,1,1
23347,107,random,10,0.613156847133758,0,6,None,66,1,5,False,1,1
23348,108,random,10,0.6147492038216561,0,6,None,66,1,5,False,1,1
23349,109,random,10,0.6154458598726115,0,6,None,66,1,5,False,1,1
23350,105,random,10,0.5745421974522293,0,3,None,66,1,5,False,1,1
23351,106,random,10,0.5746417197452229,0,3,None,66,1,5,False,1,1
23352,107,random,10,0.5775278662420382,0,3,None,66,1,5,False,1,1
23353,108,random,10,0.5795183121019108,0,3,None,66,1,5,False,1,1
23354,109,random,10,0.5814092356687898,0,3,None,66,1,5,False,1,1
23355,105,random,10,0.6164410828025477,0,7,None,66,1,5,False,1,1
23356,106,random,10,0.6179339171974523,0,7,None,66,1,5,False,1,1
23357,107,random,10,0.6200238853503185,0,7,None,66,1,5,False,1,1
23358,108,random,10,0.6227109872611465,0,7,None,66,1,5,False,1,1
23359,109,random,10,0.6246019108280255,0,7,None,66,1,5,False,1,1
23360,105,random,10,0.5402070063694268,0,32,None,66,1,5,False,1,1
23361,106,random,10,0.5378184713375797,0,32,None,66,1,5,False,1,1
23362,107,random,10,0.5372213375796179,0,32,None,66,1,5,False,1,1
23363,108,random,10,0.5376194267515924,0,32,None,66,1,5,False,1,1
23364,109,random,10,0.5384156050955414,0,32,None,66,1,5,False,1,1
23365,105,random,10,0.4768113057324841,0,4,None,66,1,5,False,1,1
23366,106,random,10,0.4730294585987261,0,4,None,66,1,5,False,1,1
23367,107,random,10,0.4781050955414013,0,4,None,66,1,5,False,1,1
23368,108,random,10,0.4820859872611465,0,4,None,66,1,5,False,1,1
23369,109,random,10,0.4879578025477707,0,4,None,66,1,5,False,1,1
23370,105,random,10,0.6036027070063694,0,0,None,66,1,5,False,1,1
23371,106,random,10,0.6057921974522293,0,0,None,66,1,5,False,1,1
23372,107,random,10,0.6102707006369427,0,0,None,66,1,5,False,1,1
23373,108,random,10,0.6140525477707006,0,0,None,66,1,5,False,1,1
23374,109,random,10,0.6174363057324841,0,0,None,66,1,5,False,1,1
23375,105,random,10,0.6839171974522293,0,16,None,66,1,5,False,1,1
23376,106,random,10,0.6867038216560509,0,16,None,66,1,5,False,1,1
23377,107,random,10,0.6870023885350318,0,16,None,66,1,5,False,1,1
23378,108,random,10,0.6871019108280255,0,16,None,66,1,5,False,1,1
23379,109,random,10,0.6886942675159236,0,16,None,66,1,5,False,1,1
23380,105,random,10,0.5416998407643312,0,8,None,66,1,5,False,1,1
23381,106,random,10,0.5432921974522293,0,8,None,66,1,5,False,1,1
23382,107,random,10,0.544984076433121,0,8,None,66,1,5,False,1,1
23383,108,random,10,0.5460788216560509,0,8,None,66,1,5,False,1,1
23384,109,random,10,0.5456807324840764,0,8,None,66,1,5,False,1,1
23385,105,random,10,0.6975517515923567,0,18,None,66,1,5,False,1,1
23386,106,random,10,0.695859872611465,0,18,None,66,1,5,False,1,1
23387,107,random,10,0.6968550955414012,0,18,None,66,1,5,False,1,1
23388,108,random,10,0.6960589171974523,0,18,None,66,1,5,False,1,1
23389,109,random,10,0.6950636942675159,0,18,None,66,1,5,False,1,1
23390,105,random,10,0.5620023885350318,0,19,None,66,1,5,False,1,1
23391,106,random,10,0.5597133757961783,0,19,None,66,1,5,False,1,1
23392,107,random,10,0.5617038216560509,0,19,None,66,1,5,False,1,1
23393,108,random,10,0.5613057324840764,0,19,None,66,1,5,False,1,1
23394,109,random,10,0.56140525477707,0,19,None,66,1,5,False,1,1
23395,105,random,10,0.6227109872611465,0,17,None,66,1,5,False,1,1
23396,106,random,10,0.6255971337579618,0,17,None,66,1,5,False,1,1
23397,107,random,10,0.6272890127388535,0,17,None,66,1,5,False,1,1
23398,108,random,10,0.6285828025477707,0,17,None,66,1,5,False,1,1
23399,109,random,10,0.6300756369426752,0,17,None,66,1,5,False,1,1
23400,105,random,10,0.5945461783439491,0,21,None,66,1,5,False,1,1
23401,106,random,10,0.5958399681528662,0,21,None,66,1,5,False,1,1
23402,107,random,10,0.5977308917197452,0,21,None,66,1,5,False,1,1
23403,108,random,10,0.6004179936305732,0,21,None,66,1,5,False,1,1
23404,109,random,10,0.6023089171974523,0,21,None,66,1,5,False,1,1
23405,105,random,10,0.550656847133758,0,24,None,66,1,5,False,1,1
23406,106,random,10,0.5575238853503185,0,24,None,66,1,5,False,1,1
23407,107,random,10,0.5621019108280255,0,24,None,66,1,5,False,1,1
23408,108,random,10,0.5665804140127388,0,24,None,66,1,5,False,1,1
23409,109,random,10,0.5704617834394905,0,24,None,66,1,5,False,1,1
23410,105,random,10,0.6221138535031847,0,27,None,66,1,5,False,1,1
23411,106,random,10,0.6250995222929936,0,27,None,66,1,5,False,1,1
23412,107,random,10,0.6266918789808917,0,27,None,66,1,5,False,1,1
23413,108,random,10,0.6281847133757962,0,27,None,66,1,5,False,1,1
23414,109,random,10,0.630672770700637,0,27,None,66,1,5,False,1,1
23415,105,random,10,0.6005175159235668,0,9,None,66,1,5,False,1,1
23416,106,random,10,0.6009156050955414,0,9,None,66,1,5,False,1,1
23417,107,random,10,0.603702229299363,0,9,None,66,1,5,False,1,1
23418,108,random,10,0.6050955414012739,0,9,None,66,1,5,False,1,1
23419,109,random,10,0.6073845541401274,0,9,None,66,1,5,False,1,1
23420,105,random,10,0.6491839171974523,0,12,None,66,1,5,False,1,1
23421,106,random,10,0.6508757961783439,0,12,None,66,1,5,False,1,1
23422,107,random,10,0.652468152866242,0,12,None,66,1,5,False,1,1
23423,108,random,10,0.6544585987261147,0,12,None,66,1,5,False,1,1
23424,109,random,10,0.65515525477707,0,12,None,66,1,5,False,1,1
23425,105,random,10,0.6019108280254777,0,25,None,66,1,5,False,1,1
23426,106,random,10,0.6003184713375797,0,25,None,66,1,5,False,1,1
23427,107,random,10,0.5996218152866242,0,25,None,66,1,5,False,1,1
23428,108,random,10,0.5996218152866242,0,25,None,66,1,5,False,1,1
23429,109,random,10,0.6005175159235668,0,25,None,66,1,5,False,1,1
23430,110,random,10,0.5456807324840764,0,32,None,66,1,5,False,1,1
23431,111,random,10,0.5423964968152867,0,32,None,66,1,5,False,1,1
23432,112,random,10,0.5410031847133758,0,32,None,66,1,5,False,1,1
23433,113,random,10,0.5408041401273885,0,32,None,66,1,5,False,1,1
23434,114,random,10,0.540406050955414,0,32,None,66,1,5,False,1,1
23435,110,random,10,0.6851114649681529,0,16,None,66,1,5,False,1,1
23436,111,random,10,0.6873009554140127,0,16,None,66,1,5,False,1,1
23437,112,random,10,0.6883957006369427,0,16,None,66,1,5,False,1,1
23438,113,random,10,0.6899880573248408,0,16,None,66,1,5,False,1,1
23439,114,random,10,0.6917794585987261,0,16,None,66,1,5,False,1,1
23440,110,random,10,0.5500597133757962,0,1,None,66,1,5,False,1,1
23441,111,random,10,0.5839968152866242,0,1,None,66,1,5,False,1,1
23442,112,random,10,0.6143511146496815,0,1,None,66,1,5,False,1,1
23443,113,random,10,0.6355493630573248,0,1,None,66,1,5,False,1,1
23444,114,random,10,0.6514729299363057,0,1,None,66,1,5,False,1,1
23445,110,random,10,0.5424960191082803,0,23,None,66,1,5,False,1,1
23446,111,random,10,0.5435907643312102,0,23,None,66,1,5,False,1,1
23447,112,random,10,0.5470740445859873,0,23,None,66,1,5,False,1,1
23448,113,random,10,0.5482683121019108,0,23,None,66,1,5,False,1,1
23449,114,random,10,0.5494625796178344,0,23,None,66,1,5,False,1,1
23450,110,random,10,0.5442874203821656,0,8,None,66,1,5,False,1,1
23451,111,random,10,0.5442874203821656,0,8,None,66,1,5,False,1,1
23452,112,random,10,0.5452826433121019,0,8,None,66,1,5,False,1,1
23453,113,random,10,0.5469745222929936,0,8,None,66,1,5,False,1,1
23454,114,random,10,0.5490644904458599,0,8,None,66,1,5,False,1,1
23455,110,random,10,0.5618033439490446,0,19,None,66,1,5,False,1,1
23456,111,random,10,0.5613057324840764,0,19,None,66,1,5,False,1,1
23457,112,random,10,0.5604100318471338,0,19,None,66,1,5,False,1,1
23458,113,random,10,0.5605095541401274,0,19,None,66,1,5,False,1,1
23459,114,random,10,0.5597133757961783,0,19,None,66,1,5,False,1,1
23460,110,random,10,0.5962380573248408,0,21,None,66,1,5,False,1,1
23461,111,random,10,0.6007165605095541,0,21,None,66,1,5,False,1,1
23462,112,random,10,0.6058917197452229,0,21,None,66,1,5,False,1,1
23463,113,random,10,0.60828025477707,0,21,None,66,1,5,False,1,1
23464,114,random,10,0.6099721337579618,0,21,None,66,1,5,False,1,1
23465,110,random,10,0.5684713375796179,0,24,None,66,1,5,False,1,1
23466,111,random,10,0.573546974522293,0,24,None,66,1,5,False,1,1
23467,112,random,10,0.57703025477707,0,24,None,66,1,5,False,1,1
23468,113,random,10,0.5802149681528662,0,24,None,66,1,5,False,1,1
23469,114,random,10,0.5826035031847133,0,24,None,66,1,5,False,1,1
23470,110,random,10,0.5726512738853503,0,31,None,66,1,5,False,1,1
23471,111,random,10,0.5791202229299363,0,31,None,66,1,5,False,1,1
23472,112,random,10,0.5833001592356688,0,31,None,66,1,5,False,1,1
23473,113,random,10,0.5867834394904459,0,31,None,66,1,5,False,1,1
23474,114,random,10,0.589968152866242,0,31,None,66,1,5,False,1,1
23475,110,random,10,0.627687101910828,0,27,None,66,1,5,False,1,1
23476,111,random,10,0.6301751592356688,0,27,None,66,1,5,False,1,1
23477,112,random,10,0.6336584394904459,0,27,None,66,1,5,False,1,1
23478,113,random,10,0.6356488853503185,0,27,None,66,1,5,False,1,1
23479,114,random,10,0.6380374203821656,0,27,None,66,1,5,False,1,1
23480,110,random,10,0.5944466560509554,0,2,None,66,1,5,False,1,1
23481,111,random,10,0.5838972929936306,0,2,None,66,1,5,False,1,1
23482,112,random,10,0.5777269108280255,0,2,None,66,1,5,False,1,1
23483,113,random,10,0.571656050955414,0,2,None,66,1,5,False,1,1
23484,114,random,10,0.5679737261146497,0,2,None,66,1,5,False,1,1
23485,110,random,10,0.6361464968152867,0,10,None,66,1,5,False,1,1
23486,111,random,10,0.6389331210191083,0,10,None,66,1,5,False,1,1
23487,112,random,10,0.6396297770700637,0,10,None,66,1,5,False,1,1
23488,113,random,10,0.640625,0,10,None,66,1,5,False,1,1
23489,114,random,10,0.6436106687898089,0,10,None,66,1,5,False,1,1
23490,110,random,10,0.6652070063694268,0,11,None,66,1,5,False,1,1
23491,111,random,10,0.6629179936305732,0,11,None,66,1,5,False,1,1
23492,112,random,10,0.6634156050955414,0,11,None,66,1,5,False,1,1
23493,113,random,10,0.663515127388535,0,11,None,66,1,5,False,1,1
23494,114,random,10,0.6633160828025477,0,11,None,66,1,5,False,1,1
23495,110,random,10,0.6018113057324841,0,15,None,66,1,5,False,1,1
23496,111,random,10,0.6017117834394905,0,15,None,66,1,5,False,1,1
23497,112,random,10,0.6023089171974523,0,15,None,66,1,5,False,1,1
23498,113,random,10,0.6033041401273885,0,15,None,66,1,5,False,1,1
23499,114,random,10,0.6035031847133758,0,15,None,66,1,5,False,1,1
23500,110,random,10,0.6271894904458599,0,17,None,66,1,5,False,1,1
23501,111,random,10,0.6303742038216561,0,17,None,66,1,5,False,1,1
23502,112,random,10,0.6316679936305732,0,17,None,66,1,5,False,1,1
23503,113,random,10,0.6339570063694268,0,17,None,66,1,5,False,1,1
23504,114,random,10,0.6345541401273885,0,17,None,66,1,5,False,1,1
23505,110,random,10,0.6960589171974523,0,18,None,66,1,5,False,1,1
23506,111,random,10,0.6981488853503185,0,18,None,66,1,5,False,1,1
23507,112,random,10,0.6989450636942676,0,18,None,66,1,5,False,1,1
23508,113,random,10,0.7001393312101911,0,18,None,66,1,5,False,1,1
23509,114,random,10,0.7008359872611465,0,18,None,66,1,5,False,1,1
23510,110,random,10,0.6344546178343949,0,20,None,66,1,5,False,1,1
23511,111,random,10,0.629578025477707,0,20,None,66,1,5,False,1,1
23512,112,random,10,0.6312699044585988,0,20,None,66,1,5,False,1,1
23513,113,random,10,0.6354498407643312,0,20,None,66,1,5,False,1,1
23514,114,random,10,0.6386345541401274,0,20,None,66,1,5,False,1,1
23515,110,random,10,0.6210191082802548,0,28,None,66,1,5,False,1,1
23516,111,random,10,0.6220143312101911,0,28,None,66,1,5,False,1,1
23517,112,random,10,0.6233081210191083,0,28,None,66,1,5,False,1,1
23518,113,random,10,0.6262937898089171,0,28,None,66,1,5,False,1,1
23519,114,random,10,0.6291799363057324,0,28,None,66,1,5,False,1,1
23520,110,random,10,0.6441082802547771,0,22,None,66,1,5,False,1,1
23521,111,random,10,0.6436106687898089,0,22,None,66,1,5,False,1,1
23522,112,random,10,0.6441082802547771,0,22,None,66,1,5,False,1,1
23523,113,random,10,0.6440087579617835,0,22,None,66,1,5,False,1,1
23524,114,random,10,0.644406847133758,0,22,None,66,1,5,False,1,1
23525,110,random,10,0.6455015923566879,0,25,None,66,1,5,False,1,1
23526,111,random,10,0.6305732484076433,0,25,None,66,1,5,False,1,1
23527,112,random,10,0.6210191082802548,0,25,None,66,1,5,False,1,1
23528,113,random,10,0.6182324840764332,0,25,None,66,1,5,False,1,1
23529,114,random,10,0.6175358280254777,0,25,None,66,1,5,False,1,1
23530,110,random,10,0.5810111464968153,0,3,None,66,1,5,False,1,1
23531,111,random,10,0.5821058917197452,0,3,None,66,1,5,False,1,1
23532,112,random,10,0.5850915605095541,0,3,None,66,1,5,False,1,1
23533,113,random,10,0.5878781847133758,0,3,None,66,1,5,False,1,1
23534,114,random,10,0.5898686305732485,0,3,None,66,1,5,False,1,1
23535,110,random,10,0.6457006369426752,0,13,None,66,1,5,False,1,1
23536,111,random,10,0.6451035031847133,0,13,None,66,1,5,False,1,1
23537,112,random,10,0.6458001592356688,0,13,None,66,1,5,False,1,1
23538,113,random,10,0.647093949044586,0,13,None,66,1,5,False,1,1
23539,114,random,10,0.6494824840764332,0,13,None,66,1,5,False,1,1
23540,110,random,10,0.6032046178343949,0,9,None,66,1,5,False,1,1
23541,111,random,10,0.6038017515923567,0,9,None,66,1,5,False,1,1
23542,112,random,10,0.6043988853503185,0,9,None,66,1,5,False,1,1
23543,113,random,10,0.6057921974522293,0,9,None,66,1,5,False,1,1
23544,114,random,10,0.6067874203821656,0,9,None,66,1,5,False,1,1
23545,110,random,10,0.5155254777070064,0,29,None,66,1,5,False,1,1
23546,111,random,10,0.5054737261146497,0,29,None,66,1,5,False,1,1
23547,112,random,10,0.4991042993630573,0,29,None,66,1,5,False,1,1
23548,113,random,10,0.4969148089171974,0,29,None,66,1,5,False,1,1
23549,114,random,10,0.4951234076433121,0,29,None,66,1,5,False,1,1
23550,110,random,10,0.6278861464968153,0,0,None,66,1,5,False,1,1
23551,111,random,10,0.6261942675159236,0,0,None,66,1,5,False,1,1
23552,112,random,10,0.6270899681528662,0,0,None,66,1,5,False,1,1
23553,113,random,10,0.6290804140127388,0,0,None,66,1,5,False,1,1
23554,114,random,10,0.6308718152866242,0,0,None,66,1,5,False,1,1
23555,110,random,10,0.6216162420382165,0,5,None,66,1,5,False,1,1
23556,111,random,10,0.6201234076433121,0,5,None,66,1,5,False,1,1
23557,112,random,10,0.6196257961783439,0,5,None,66,1,5,False,1,1
23558,113,random,10,0.6187300955414012,0,5,None,66,1,5,False,1,1
23559,114,random,10,0.618531050955414,0,5,None,66,1,5,False,1,1
23560,110,random,10,0.5035828025477707,0,4,None,66,1,5,False,1,1
23561,111,random,10,0.4835788216560509,0,4,None,66,1,5,False,1,1
23562,112,random,10,0.4864649681528662,0,4,None,66,1,5,False,1,1
23563,113,random,10,0.4903463375796178,0,4,None,66,1,5,False,1,1
23564,114,random,10,0.4959195859872611,0,4,None,66,1,5,False,1,1
23565,110,random,10,0.6157444267515924,0,6,None,66,1,5,False,1,1
23566,111,random,10,0.6163415605095541,0,6,None,66,1,5,False,1,1
23567,112,random,10,0.6180334394904459,0,6,None,66,1,5,False,1,1
23568,113,random,10,0.6192277070063694,0,6,None,66,1,5,False,1,1
23569,114,random,10,0.6202229299363057,0,6,None,66,1,5,False,1,1
23570,110,random,10,0.6238057324840764,0,7,None,66,1,5,False,1,1
23571,111,random,10,0.6263933121019108,0,7,None,66,1,5,False,1,1
23572,112,random,10,0.6278861464968153,0,7,None,66,1,5,False,1,1
23573,113,random,10,0.6302746815286624,0,7,None,66,1,5,False,1,1
23574,114,random,10,0.6323646496815286,0,7,None,66,1,5,False,1,1
23575,110,random,10,0.4565087579617834,0,14,None,66,1,5,False,1,1
23576,111,random,10,0.448546974522293,0,14,None,66,1,5,False,1,1
23577,112,random,10,0.4464570063694267,0,14,None,66,1,5,False,1,1
23578,113,random,10,0.442874203821656,0,14,None,66,1,5,False,1,1
23579,114,random,10,0.4422770700636942,0,14,None,66,1,5,False,1,1
23580,110,random,10,0.65515525477707,0,12,None,66,1,5,False,1,1
23581,111,random,10,0.6576433121019108,0,12,None,66,1,5,False,1,1
23582,112,random,10,0.6587380573248408,0,12,None,66,1,5,False,1,1
23583,113,random,10,0.6597332802547771,0,12,None,66,1,5,False,1,1
23584,114,random,10,0.6612261146496815,0,12,None,66,1,5,False,1,1
23585,110,random,10,0.5680732484076433,0,26,None,66,1,5,False,1,1
23586,111,random,10,0.5666799363057324,0,26,None,66,1,5,False,1,1
23587,112,random,10,0.5668789808917197,0,26,None,66,1,5,False,1,1
23588,113,random,10,0.5661823248407644,0,26,None,66,1,5,False,1,1
23589,114,random,10,0.5654856687898089,0,26,None,66,1,5,False,1,1
23590,110,random,10,0.6495820063694268,0,30,None,66,1,5,False,1,1
23591,111,random,10,0.6499800955414012,0,30,None,66,1,5,False,1,1
23592,112,random,10,0.6511743630573248,0,30,None,66,1,5,False,1,1
23593,113,random,10,0.6534633757961783,0,30,None,66,1,5,False,1,1
23594,114,random,10,0.6553542993630573,0,30,None,66,1,5,False,1,1
27390,115,random,10,0.5448845541401274,0,1,None,66,1,5,False,1,1
27391,116,random,10,0.5807125796178344,0,1,None,66,1,5,False,1,1
27392,117,random,10,0.6132563694267515,0,1,None,66,1,5,False,1,1
27393,118,random,10,0.6337579617834395,0,1,None,66,1,5,False,1,1
27394,119,random,10,0.6490843949044586,0,1,None,66,1,5,False,1,1
27395,115,random,10,0.6865047770700637,0,16,None,66,1,5,False,1,1
27396,116,random,10,0.6891918789808917,0,16,None,66,1,5,False,1,1
27397,117,random,10,0.6911823248407644,0,16,None,66,1,5,False,1,1
27398,118,random,10,0.6929737261146497,0,16,None,66,1,5,False,1,1
27399,119,random,10,0.6952627388535032,0,16,None,66,1,5,False,1,1
27400,115,random,10,0.5439888535031847,0,8,None,66,1,5,False,1,1
27401,116,random,10,0.5464769108280255,0,8,None,66,1,5,False,1,1
27402,117,random,10,0.5494625796178344,0,8,None,66,1,5,False,1,1
27403,118,random,10,0.5509554140127388,0,8,None,66,1,5,False,1,1
27404,119,random,10,0.551453025477707,0,8,None,66,1,5,False,1,1
27405,115,random,10,0.4495421974522293,0,14,None,66,1,5,False,1,1
27406,116,random,10,0.4413813694267516,0,14,None,66,1,5,False,1,1
27407,117,random,10,0.4397890127388535,0,14,None,66,1,5,False,1,1
27408,118,random,10,0.4373009554140127,0,14,None,66,1,5,False,1,1
27409,119,random,10,0.4355095541401274,0,14,None,66,1,5,False,1,1
27410,115,random,10,0.6460987261146497,0,22,None,66,1,5,False,1,1
27411,116,random,10,0.645203025477707,0,22,None,66,1,5,False,1,1
27412,117,random,10,0.6437101910828026,0,22,None,66,1,5,False,1,1
27413,118,random,10,0.644406847133758,0,22,None,66,1,5,False,1,1
27414,119,random,10,0.6449044585987261,0,22,None,66,1,5,False,1,1
27415,115,random,10,0.552547770700637,0,23,None,66,1,5,False,1,1
27416,116,random,10,0.5548367834394905,0,23,None,66,1,5,False,1,1
27417,117,random,10,0.5565286624203821,0,23,None,66,1,5,False,1,1
27418,118,random,10,0.5573248407643312,0,23,None,66,1,5,False,1,1
27419,119,random,10,0.5585191082802548,0,23,None,66,1,5,False,1,1
27420,115,random,10,0.522093949044586,0,29,None,66,1,5,False,1,1
27421,116,random,10,0.5142316878980892,0,29,None,66,1,5,False,1,1
27422,117,random,10,0.5103503184713376,0,29,None,66,1,5,False,1,1
27423,118,random,10,0.5070660828025477,0,29,None,66,1,5,False,1,1
27424,119,random,10,0.5076632165605095,0,29,None,66,1,5,False,1,1
27425,115,random,10,0.5778264331210191,0,31,None,66,1,5,False,1,1
27426,116,random,10,0.5861863057324841,0,31,None,66,1,5,False,1,1
27427,117,random,10,0.5886743630573248,0,31,None,66,1,5,False,1,1
27428,118,random,10,0.5920581210191083,0,31,None,66,1,5,False,1,1
27429,119,random,10,0.5939490445859873,0,31,None,66,1,5,False,1,1
27430,115,random,10,0.5535429936305732,0,32,None,66,1,5,False,1,1
27431,116,random,10,0.5497611464968153,0,32,None,66,1,5,False,1,1
27432,117,random,10,0.5478702229299363,0,32,None,66,1,5,False,1,1
27433,118,random,10,0.5472730891719745,0,32,None,66,1,5,False,1,1
27434,119,random,10,0.5471735668789809,0,32,None,66,1,5,False,1,1
27435,115,random,10,0.6517714968152867,0,13,None,66,1,5,False,1,1
27436,116,random,10,0.6512738853503185,0,13,None,66,1,5,False,1,1
27437,117,random,10,0.6528662420382165,0,13,None,66,1,5,False,1,1
27438,118,random,10,0.6533638535031847,0,13,None,66,1,5,False,1,1
27439,119,random,10,0.6556528662420382,0,13,None,66,1,5,False,1,1
27440,115,random,10,0.6513734076433121,0,25,None,66,1,5,False,1,1
27441,116,random,10,0.6361464968152867,0,25,None,66,1,5,False,1,1
27442,117,random,10,0.6288813694267515,0,25,None,66,1,5,False,1,1
27443,118,random,10,0.625,0,25,None,66,1,5,False,1,1
27444,119,random,10,0.6225119426751592,0,25,None,66,1,5,False,1,1
27445,115,random,10,0.5672770700636943,0,26,None,66,1,5,False,1,1
27446,116,random,10,0.566281847133758,0,26,None,66,1,5,False,1,1
27447,117,random,10,0.5664808917197452,0,26,None,66,1,5,False,1,1
27448,118,random,10,0.5656847133757962,0,26,None,66,1,5,False,1,1
27449,119,random,10,0.5655851910828026,0,26,None,66,1,5,False,1,1
27450,115,random,10,0.5938495222929936,0,2,None,66,1,5,False,1,1
27451,116,random,10,0.5829020700636943,0,2,None,66,1,5,False,1,1
27452,117,random,10,0.5737460191082803,0,2,None,66,1,5,False,1,1
27453,118,random,10,0.5687699044585988,0,2,None,66,1,5,False,1,1
27454,119,random,10,0.5649880573248408,0,2,None,66,1,5,False,1,1
27455,115,random,10,0.5204020700636943,0,4,None,66,1,5,False,1,1
27456,116,random,10,0.494327229299363,0,4,None,66,1,5,False,1,1
27457,117,random,10,0.4923367834394904,0,4,None,66,1,5,False,1,1
27458,118,random,10,0.4944267515923566,0,4,None,66,1,5,False,1,1
27459,119,random,10,0.5011942675159236,0,4,None,66,1,5,False,1,1
27460,115,random,10,0.5852906050955414,0,3,None,66,1,5,False,1,1
27461,116,random,10,0.5876791401273885,0,3,None,66,1,5,False,1,1
27462,117,random,10,0.5901671974522293,0,3,None,66,1,5,False,1,1
27463,118,random,10,0.5930533439490446,0,3,None,66,1,5,False,1,1
27464,119,random,10,0.5958399681528662,0,3,None,66,1,5,False,1,1
27465,115,random,10,0.6233081210191083,0,5,None,66,1,5,False,1,1
27466,116,random,10,0.6220143312101911,0,5,None,66,1,5,False,1,1
27467,117,random,10,0.6206210191082803,0,5,None,66,1,5,False,1,1
27468,118,random,10,0.6208200636942676,0,5,None,66,1,5,False,1,1
27469,119,random,10,0.6209195859872612,0,5,None,66,1,5,False,1,1
27470,115,random,10,0.631468949044586,0,7,None,66,1,5,False,1,1
27471,116,random,10,0.6324641719745223,0,7,None,66,1,5,False,1,1
27472,117,random,10,0.6344546178343949,0,7,None,66,1,5,False,1,1
27473,118,random,10,0.6354498407643312,0,7,None,66,1,5,False,1,1
27474,119,random,10,0.6381369426751592,0,7,None,66,1,5,False,1,1
27475,115,random,10,0.6054936305732485,0,9,None,66,1,5,False,1,1
27476,116,random,10,0.6075835987261147,0,9,None,66,1,5,False,1,1
27477,117,random,10,0.6090764331210191,0,9,None,66,1,5,False,1,1
27478,118,random,10,0.6098726114649682,0,9,None,66,1,5,False,1,1
27479,119,random,10,0.61046974522293,0,9,None,66,1,5,False,1,1
27480,115,random,10,0.6427149681528662,0,10,None,66,1,5,False,1,1
27481,116,random,10,0.644406847133758,0,10,None,66,1,5,False,1,1
27482,117,random,10,0.6461982484076433,0,10,None,66,1,5,False,1,1
27483,118,random,10,0.6468949044585988,0,10,None,66,1,5,False,1,1
27484,119,random,10,0.6485867834394905,0,10,None,66,1,5,False,1,1
27485,115,random,10,0.6683917197452229,0,11,None,66,1,5,False,1,1
27486,116,random,10,0.6656050955414012,0,11,None,66,1,5,False,1,1
27487,117,random,10,0.6666998407643312,0,11,None,66,1,5,False,1,1
27488,118,random,10,0.6666998407643312,0,11,None,66,1,5,False,1,1
27489,119,random,10,0.6665007961783439,0,11,None,66,1,5,False,1,1
27490,115,random,10,0.6590366242038217,0,12,None,66,1,5,False,1,1
27491,116,random,10,0.6617237261146497,0,12,None,66,1,5,False,1,1
27492,117,random,10,0.6637141719745223,0,12,None,66,1,5,False,1,1
27493,118,random,10,0.6649084394904459,0,12,None,66,1,5,False,1,1
27494,119,random,10,0.6656050955414012,0,12,None,66,1,5,False,1,1
27495,115,random,10,0.6051950636942676,0,15,None,66,1,5,False,1,1
27496,116,random,10,0.6058917197452229,0,15,None,66,1,5,False,1,1
27497,117,random,10,0.6062898089171974,0,15,None,66,1,5,False,1,1
27498,118,random,10,0.6068869426751592,0,15,None,66,1,5,False,1,1
27499,119,random,10,0.6072850318471338,0,15,None,66,1,5,False,1,1
27500,115,random,10,0.6304737261146497,0,17,None,66,1,5,False,1,1
27501,116,random,10,0.6330613057324841,0,17,None,66,1,5,False,1,1
27502,117,random,10,0.634156050955414,0,17,None,66,1,5,False,1,1
27503,118,random,10,0.6356488853503185,0,17,None,66,1,5,False,1,1
27504,119,random,10,0.6382364649681529,0,17,None,66,1,5,False,1,1
27505,115,random,10,0.6954617834394905,0,18,None,66,1,5,False,1,1
27506,116,random,10,0.697452229299363,0,18,None,66,1,5,False,1,1
27507,117,random,10,0.6979498407643312,0,18,None,66,1,5,False,1,1
27508,118,random,10,0.6997412420382165,0,18,None,66,1,5,False,1,1
27509,119,random,10,0.7016321656050956,0,18,None,66,1,5,False,1,1
27510,115,random,10,0.6381369426751592,0,20,None,66,1,5,False,1,1
27511,116,random,10,0.6343550955414012,0,20,None,66,1,5,False,1,1
27512,117,random,10,0.6369426751592356,0,20,None,66,1,5,False,1,1
27513,118,random,10,0.6393312101910829,0,20,None,66,1,5,False,1,1
27514,119,random,10,0.6420183121019108,0,20,None,66,1,5,False,1,1
27515,115,random,10,0.6301751592356688,0,28,None,66,1,5,False,1,1
27516,116,random,10,0.6304737261146497,0,28,None,66,1,5,False,1,1
27517,117,random,10,0.6329617834394905,0,28,None,66,1,5,False,1,1
27518,118,random,10,0.6352507961783439,0,28,None,66,1,5,False,1,1
27519,119,random,10,0.6378383757961783,0,28,None,66,1,5,False,1,1
27520,115,random,10,0.5611066878980892,0,19,None,66,1,5,False,1,1
27521,116,random,10,0.5612062101910829,0,19,None,66,1,5,False,1,1
27522,117,random,10,0.5617038216560509,0,19,None,66,1,5,False,1,1
27523,118,random,10,0.5623009554140127,0,19,None,66,1,5,False,1,1
27524,119,random,10,0.5619028662420382,0,19,None,66,1,5,False,1,1
27525,115,random,10,0.596437101910828,0,21,None,66,1,5,False,1,1
27526,116,random,10,0.6046974522292994,0,21,None,66,1,5,False,1,1
27527,117,random,10,0.6090764331210191,0,21,None,66,1,5,False,1,1
27528,118,random,10,0.6135549363057324,0,21,None,66,1,5,False,1,1
27529,119,random,10,0.6163415605095541,0,21,None,66,1,5,False,1,1
27530,115,random,10,0.6310708598726115,0,0,None,66,1,5,False,1,1
27531,116,random,10,0.6310708598726115,0,0,None,66,1,5,False,1,1
27532,117,random,10,0.6313694267515924,0,0,None,66,1,5,False,1,1
27533,118,random,10,0.6337579617834395,0,0,None,66,1,5,False,1,1
27534,119,random,10,0.6357484076433121,0,0,None,66,1,5,False,1,1
27535,115,random,10,0.57921974522293,0,24,None,66,1,5,False,1,1
27536,116,random,10,0.5834992038216561,0,24,None,66,1,5,False,1,1
27537,117,random,10,0.5857882165605095,0,24,None,66,1,5,False,1,1
27538,118,random,10,0.5895700636942676,0,24,None,66,1,5,False,1,1
27539,119,random,10,0.5934514331210191,0,24,None,66,1,5,False,1,1
27540,115,random,10,0.619327229299363,0,6,None,66,1,5,False,1,1
27541,116,random,10,0.6201234076433121,0,6,None,66,1,5,False,1,1
27542,117,random,10,0.6217157643312102,0,6,None,66,1,5,False,1,1
27543,118,random,10,0.6225119426751592,0,6,None,66,1,5,False,1,1
27544,119,random,10,0.6236066878980892,0,6,None,66,1,5,False,1,1
27545,115,random,10,0.6354498407643312,0,27,None,66,1,5,False,1,1
27546,116,random,10,0.6373407643312102,0,27,None,66,1,5,False,1,1
27547,117,random,10,0.6410230891719745,0,27,None,66,1,5,False,1,1
27548,118,random,10,0.6442078025477707,0,27,None,66,1,5,False,1,1
27549,119,random,10,0.6463972929936306,0,27,None,66,1,5,False,1,1
27550,115,random,10,0.6474920382165605,0,30,None,66,1,5,False,1,1
27551,116,random,10,0.6490843949044586,0,30,None,66,1,5,False,1,1
27552,117,random,10,0.6515724522292994,0,30,None,66,1,5,False,1,1
27553,118,random,10,0.6531648089171974,0,30,None,66,1,5,False,1,1
27554,119,random,10,0.6547571656050956,0,30,None,66,1,5,False,1,1
27555,120,random,10,0.6218152866242038,0,1,None,66,1,5,False,1,1
27556,121,random,10,0.6428144904458599,0,1,None,66,1,5,False,1,1
27557,122,random,10,0.6563495222929936,0,1,None,66,1,5,False,1,1
27558,123,random,10,0.6639132165605095,0,1,None,66,1,5,False,1,1
27559,124,random,10,0.6714769108280255,0,1,None,66,1,5,False,1,1
27560,120,random,10,0.6236066878980892,0,21,None,66,1,5,False,1,1
27561,121,random,10,0.6263933121019108,0,21,None,66,1,5,False,1,1
27562,122,random,10,0.6273885350318471,0,21,None,66,1,5,False,1,1
27563,123,random,10,0.6288813694267515,0,21,None,66,1,5,False,1,1
27564,124,random,10,0.6300756369426752,0,21,None,66,1,5,False,1,1
27565,120,random,10,0.5886743630573248,0,2,None,66,1,5,False,1,1
27566,121,random,10,0.5772292993630573,0,2,None,66,1,5,False,1,1
27567,122,random,10,0.5693670382165605,0,2,None,66,1,5,False,1,1
27568,123,random,10,0.5627985668789809,0,2,None,66,1,5,False,1,1
27569,124,random,10,0.5584195859872612,0,2,None,66,1,5,False,1,1
27570,120,random,10,0.6437101910828026,0,20,None,66,1,5,False,1,1
27571,121,random,10,0.6451035031847133,0,20,None,66,1,5,False,1,1
27572,122,random,10,0.647093949044586,0,20,None,66,1,5,False,1,1
27573,123,random,10,0.6485867834394905,0,20,None,66,1,5,False,1,1
27574,124,random,10,0.6504777070063694,0,20,None,66,1,5,False,1,1
27575,120,random,10,0.5510549363057324,0,8,None,66,1,5,False,1,1
27576,121,random,10,0.5523487261146497,0,8,None,66,1,5,False,1,1
27577,122,random,10,0.553343949044586,0,8,None,66,1,5,False,1,1
27578,123,random,10,0.5540406050955414,0,8,None,66,1,5,False,1,1
27579,124,random,10,0.554140127388535,0,8,None,66,1,5,False,1,1
27580,120,random,10,0.5707603503184714,0,19,None,66,1,5,False,1,1
27581,121,random,10,0.566281847133758,0,19,None,66,1,5,False,1,1
27582,122,random,10,0.564390923566879,0,19,None,66,1,5,False,1,1
27583,123,random,10,0.5649880573248408,0,19,None,66,1,5,False,1,1
27584,124,random,10,0.5647890127388535,0,19,None,66,1,5,False,1,1
27585,120,random,10,0.5529458598726115,0,23,None,66,1,5,False,1,1
27586,121,random,10,0.5585191082802548,0,23,None,66,1,5,False,1,1
27587,122,random,10,0.5597133757961783,0,23,None,66,1,5,False,1,1
27588,123,random,10,0.5605095541401274,0,23,None,66,1,5,False,1,1
27589,124,random,10,0.5622014331210191,0,23,None,66,1,5,False,1,1
27590,120,random,10,0.6243033439490446,0,28,None,66,1,5,False,1,1
27591,121,random,10,0.6269904458598726,0,28,None,66,1,5,False,1,1
27592,122,random,10,0.6289808917197452,0,28,None,66,1,5,False,1,1
27593,123,random,10,0.6320660828025477,0,28,None,66,1,5,False,1,1
27594,124,random,10,0.6346536624203821,0,28,None,66,1,5,False,1,1
27595,120,random,10,0.5456807324840764,0,29,None,66,1,5,False,1,1
27596,121,random,10,0.5300557324840764,0,29,None,66,1,5,False,1,1
27597,122,random,10,0.5236863057324841,0,29,None,66,1,5,False,1,1
27598,123,random,10,0.5213972929936306,0,29,None,66,1,5,False,1,1
27599,124,random,10,0.5192078025477707,0,29,None,66,1,5,False,1,1
27600,120,random,10,0.5152269108280255,0,24,None,66,1,5,False,1,1
27601,121,random,10,0.5242834394904459,0,24,None,66,1,5,False,1,1
27602,122,random,10,0.5345342356687898,0,24,None,66,1,5,False,1,1
27603,123,random,10,0.5445859872611465,0,24,None,66,1,5,False,1,1
27604,124,random,10,0.5536425159235668,0,24,None,66,1,5,False,1,1
27605,120,random,10,0.6340565286624203,0,5,None,66,1,5,False,1,1
27606,121,random,10,0.6305732484076433,0,5,None,66,1,5,False,1,1
27607,122,random,10,0.6294785031847133,0,5,None,66,1,5,False,1,1
27608,123,random,10,0.6293789808917197,0,5,None,66,1,5,False,1,1
27609,124,random,10,0.6289808917197452,0,5,None,66,1,5,False,1,1
27610,120,random,10,0.5260748407643312,0,4,None,66,1,5,False,1,1
27611,121,random,10,0.4979100318471338,0,4,None,66,1,5,False,1,1
27612,122,random,10,0.4971138535031847,0,4,None,66,1,5,False,1,1
27613,123,random,10,0.5017914012738853,0,4,None,66,1,5,False,1,1
27614,124,random,10,0.5081608280254777,0,4,None,66,1,5,False,1,1
27615,120,random,10,0.6888933121019108,0,16,None,66,1,5,False,1,1
27616,121,random,10,0.6899880573248408,0,16,None,66,1,5,False,1,1
27617,122,random,10,0.6908837579617835,0,16,None,66,1,5,False,1,1
27618,123,random,10,0.6918789808917197,0,16,None,66,1,5,False,1,1
27619,124,random,10,0.6921775477707006,0,16,None,66,1,5,False,1,1
27620,120,random,10,0.6351512738853503,0,7,None,66,1,5,False,1,1
27621,121,random,10,0.634952229299363,0,7,None,66,1,5,False,1,1
27622,122,random,10,0.6361464968152867,0,7,None,66,1,5,False,1,1
27623,123,random,10,0.6371417197452229,0,7,None,66,1,5,False,1,1
27624,124,random,10,0.6381369426751592,0,7,None,66,1,5,False,1,1
27625,120,random,10,0.5326433121019108,0,32,None,66,1,5,False,1,1
27626,121,random,10,0.5345342356687898,0,32,None,66,1,5,False,1,1
27627,122,random,10,0.5361265923566879,0,32,None,66,1,5,False,1,1
27628,123,random,10,0.5370222929936306,0,32,None,66,1,5,False,1,1
27629,124,random,10,0.5383160828025477,0,32,None,66,1,5,False,1,1
27630,120,random,10,0.6587380573248408,0,25,None,66,1,5,False,1,1
27631,121,random,10,0.6437101910828026,0,25,None,66,1,5,False,1,1
27632,122,random,10,0.6384355095541401,0,25,None,66,1,5,False,1,1
27633,123,random,10,0.6348527070063694,0,25,None,66,1,5,False,1,1
27634,124,random,10,0.6318670382165605,0,25,None,66,1,5,False,1,1
27635,120,random,10,0.4543192675159235,0,14,None,66,1,5,False,1,1
27636,121,random,10,0.4480493630573248,0,14,None,66,1,5,False,1,1
27637,122,random,10,0.4443670382165605,0,14,None,66,1,5,False,1,1
27638,123,random,10,0.4429737261146497,0,14,None,66,1,5,False,1,1
27639,124,random,10,0.4412818471337579,0,14,None,66,1,5,False,1,1
27640,120,random,10,0.6103702229299363,0,9,None,66,1,5,False,1,1
27641,121,random,10,0.6110668789808917,0,9,None,66,1,5,False,1,1
27642,122,random,10,0.6114649681528662,0,9,None,66,1,5,False,1,1
27643,123,random,10,0.6124601910828026,0,9,None,66,1,5,False,1,1
27644,124,random,10,0.6135549363057324,0,9,None,66,1,5,False,1,1
27645,120,random,10,0.6507762738853503,0,22,None,66,1,5,False,1,1
27646,121,random,10,0.6488853503184714,0,22,None,66,1,5,False,1,1
27647,122,random,10,0.647890127388535,0,22,None,66,1,5,False,1,1
27648,123,random,10,0.6479896496815286,0,22,None,66,1,5,False,1,1
27649,124,random,10,0.6484872611464968,0,22,None,66,1,5,False,1,1
27650,120,random,10,0.5767316878980892,0,26,None,66,1,5,False,1,1
27651,121,random,10,0.5745421974522293,0,26,None,66,1,5,False,1,1
27652,122,random,10,0.573546974522293,0,26,None,66,1,5,False,1,1
27653,123,random,10,0.5721536624203821,0,26,None,66,1,5,False,1,1
27654,124,random,10,0.5720541401273885,0,26,None,66,1,5,False,1,1
27655,120,random,10,0.6558519108280255,0,30,None,66,1,5,False,1,1
27656,121,random,10,0.6566480891719745,0,30,None,66,1,5,False,1,1
27657,122,random,10,0.6580414012738853,0,30,None,66,1,5,False,1,1
27658,123,random,10,0.6596337579617835,0,30,None,66,1,5,False,1,1
27659,124,random,10,0.6604299363057324,0,30,None,66,1,5,False,1,1
27660,120,random,10,0.6252985668789809,0,6,None,66,1,5,False,1,1
27661,121,random,10,0.6259952229299363,0,6,None,66,1,5,False,1,1
27662,122,random,10,0.6264928343949044,0,6,None,66,1,5,False,1,1
27663,123,random,10,0.6270899681528662,0,6,None,66,1,5,False,1,1
27664,124,random,10,0.627687101910828,0,6,None,66,1,5,False,1,1
27665,120,random,10,0.7024283439490446,0,18,None,66,1,5,False,1,1
27666,121,random,10,0.6996417197452229,0,18,None,66,1,5,False,1,1
27667,122,random,10,0.7010350318471338,0,18,None,66,1,5,False,1,1
27668,123,random,10,0.70203025477707,0,18,None,66,1,5,False,1,1
27669,124,random,10,0.7033240445859873,0,18,None,66,1,5,False,1,1
27670,120,random,10,0.6357484076433121,0,27,None,66,1,5,False,1,1
27671,121,random,10,0.6392316878980892,0,27,None,66,1,5,False,1,1
27672,122,random,10,0.6416202229299363,0,27,None,66,1,5,False,1,1
27673,123,random,10,0.6439092356687898,0,27,None,66,1,5,False,1,1
27674,124,random,10,0.6479896496815286,0,27,None,66,1,5,False,1,1
27675,120,random,10,0.595640923566879,0,31,None,66,1,5,False,1,1
27676,121,random,10,0.5981289808917197,0,31,None,66,1,5,False,1,1
27677,122,random,10,0.5998208598726115,0,31,None,66,1,5,False,1,1
27678,123,random,10,0.6038017515923567,0,31,None,66,1,5,False,1,1
27679,124,random,10,0.6057921974522293,0,31,None,66,1,5,False,1,1
27680,120,random,10,0.6162420382165605,0,15,None,66,1,5,False,1,1
27681,121,random,10,0.6130573248407644,0,15,None,66,1,5,False,1,1
27682,122,random,10,0.613156847133758,0,15,None,66,1,5,False,1,1
27683,123,random,10,0.6135549363057324,0,15,None,66,1,5,False,1,1
27684,124,random,10,0.6140525477707006,0,15,None,66,1,5,False,1,1
27685,120,random,10,0.6492834394904459,0,10,None,66,1,5,False,1,1
27686,121,random,10,0.6515724522292994,0,10,None,66,1,5,False,1,1
27687,122,random,10,0.6527667197452229,0,10,None,66,1,5,False,1,1
27688,123,random,10,0.6548566878980892,0,10,None,66,1,5,False,1,1
27689,124,random,10,0.6563495222929936,0,10,None,66,1,5,False,1,1
27690,120,random,10,0.6752587579617835,0,11,None,66,1,5,False,1,1
27691,121,random,10,0.6727707006369427,0,11,None,66,1,5,False,1,1
27692,122,random,10,0.6711783439490446,0,11,None,66,1,5,False,1,1
27693,123,random,10,0.6708797770700637,0,11,None,66,1,5,False,1,1
27694,124,random,10,0.6704816878980892,0,11,None,66,1,5,False,1,1
27695,120,random,10,0.59484474522293,0,3,None,66,1,5,False,1,1
27696,121,random,10,0.5958399681528662,0,3,None,66,1,5,False,1,1
27697,122,random,10,0.5989251592356688,0,3,None,66,1,5,False,1,1
27698,123,random,10,0.6009156050955414,0,3,None,66,1,5,False,1,1
27699,124,random,10,0.6034036624203821,0,3,None,66,1,5,False,1,1
27700,120,random,10,0.6324641719745223,0,17,None,66,1,5,False,1,1
27701,121,random,10,0.6346536624203821,0,17,None,66,1,5,False,1,1
27702,122,random,10,0.636046974522293,0,17,None,66,1,5,False,1,1
27703,123,random,10,0.6376393312101911,0,17,None,66,1,5,False,1,1
27704,124,random,10,0.6383359872611465,0,17,None,66,1,5,False,1,1
27705,120,random,10,0.6644108280254777,0,12,None,66,1,5,False,1,1
27706,121,random,10,0.6659036624203821,0,12,None,66,1,5,False,1,1
27707,122,random,10,0.6663017515923567,0,12,None,66,1,5,False,1,1
27708,123,random,10,0.6668988853503185,0,12,None,66,1,5,False,1,1
27709,124,random,10,0.6674960191082803,0,12,None,66,1,5,False,1,1
27710,120,random,10,0.65625,0,13,None,66,1,5,False,1,1
27711,121,random,10,0.654359076433121,0,13,None,66,1,5,False,1,1
27712,122,random,10,0.6544585987261147,0,13,None,66,1,5,False,1,1
27713,123,random,10,0.6569466560509554,0,13,None,66,1,5,False,1,1
27714,124,random,10,0.6572452229299363,0,13,None,66,1,5,False,1,1
27715,120,random,10,0.6390326433121019,0,0,None,66,1,5,False,1,1
27716,121,random,10,0.6370421974522293,0,0,None,66,1,5,False,1,1
27717,122,random,10,0.6384355095541401,0,0,None,66,1,5,False,1,1
27718,123,random,10,0.6390326433121019,0,0,None,66,1,5,False,1,1
27719,124,random,10,0.6398288216560509,0,0,None,66,1,5,False,1,1
31845,125,random,10,0.638734076433121,0,1,None,66,1,5,False,1,1
31846,126,random,10,0.6553542993630573,0,1,None,66,1,5,False,1,1
31847,127,random,10,0.6645103503184714,0,1,None,66,1,5,False,1,1
31848,128,random,10,0.671875,0,1,None,66,1,5,False,1,1
31849,129,random,10,0.6760549363057324,0,1,None,66,1,5,False,1,1
31850,125,random,10,0.589968152866242,0,2,None,66,1,5,False,1,1
31851,126,random,10,0.5757364649681529,0,2,None,66,1,5,False,1,1
31852,127,random,10,0.5659832802547771,0,2,None,66,1,5,False,1,1
31853,128,random,10,0.5605095541401274,0,2,None,66,1,5,False,1,1
31854,129,random,10,0.5574243630573248,0,2,None,66,1,5,False,1,1
31855,125,random,10,0.6628184713375797,0,13,None,66,1,5,False,1,1
31856,126,random,10,0.6596337579617835,0,13,None,66,1,5,False,1,1
31857,127,random,10,0.6603304140127388,0,13,None,66,1,5,False,1,1
31858,128,random,10,0.661922770700637,0,13,None,66,1,5,False,1,1
31859,129,random,10,0.6628184713375797,0,13,None,66,1,5,False,1,1
31860,125,random,10,0.6576433121019108,0,10,None,66,1,5,False,1,1
31861,126,random,10,0.658140923566879,0,10,None,66,1,5,False,1,1
31862,127,random,10,0.6602308917197452,0,10,None,66,1,5,False,1,1
31863,128,random,10,0.660828025477707,0,10,None,66,1,5,False,1,1
31864,129,random,10,0.6625199044585988,0,10,None,66,1,5,False,1,1
31865,125,random,10,0.6209195859872612,0,15,None,66,1,5,False,1,1
31866,126,random,10,0.6182324840764332,0,15,None,66,1,5,False,1,1
31867,127,random,10,0.6182324840764332,0,15,None,66,1,5,False,1,1
31868,128,random,10,0.6184315286624203,0,15,None,66,1,5,False,1,1
31869,129,random,10,0.6182324840764332,0,15,None,66,1,5,False,1,1
31870,125,random,10,0.6804339171974523,0,11,None,66,1,5,False,1,1
31871,126,random,10,0.6777468152866242,0,11,None,66,1,5,False,1,1
31872,127,random,10,0.6766520700636943,0,11,None,66,1,5,False,1,1
31873,128,random,10,0.6757563694267515,0,11,None,66,1,5,False,1,1
31874,129,random,10,0.6758558917197452,0,11,None,66,1,5,False,1,1
31875,125,random,10,0.5548367834394905,0,8,None,66,1,5,False,1,1
31876,126,random,10,0.5544386942675159,0,8,None,66,1,5,False,1,1
31877,127,random,10,0.5555334394904459,0,8,None,66,1,5,False,1,1
31878,128,random,10,0.5562300955414012,0,8,None,66,1,5,False,1,1
31879,129,random,10,0.5558320063694268,0,8,None,66,1,5,False,1,1
31880,125,random,10,0.6493829617834395,0,20,None,66,1,5,False,1,1
31881,126,random,10,0.6493829617834395,0,20,None,66,1,5,False,1,1
31882,127,random,10,0.6509753184713376,0,20,None,66,1,5,False,1,1
31883,128,random,10,0.6525676751592356,0,20,None,66,1,5,False,1,1
31884,129,random,10,0.6541600318471338,0,20,None,66,1,5,False,1,1
31885,125,random,10,0.5691679936305732,0,19,None,66,1,5,False,1,1
31886,126,random,10,0.5664808917197452,0,19,None,66,1,5,False,1,1
31887,127,random,10,0.5646894904458599,0,19,None,66,1,5,False,1,1
31888,128,random,10,0.5641918789808917,0,19,None,66,1,5,False,1,1
31889,129,random,10,0.5636942675159236,0,19,None,66,1,5,False,1,1
31890,125,random,10,0.634952229299363,0,17,None,66,1,5,False,1,1
31891,126,random,10,0.6363455414012739,0,17,None,66,1,5,False,1,1
31892,127,random,10,0.6381369426751592,0,17,None,66,1,5,False,1,1
31893,128,random,10,0.6396297770700637,0,17,None,66,1,5,False,1,1
31894,129,random,10,0.640625,0,17,None,66,1,5,False,1,1
31895,125,random,10,0.6364450636942676,0,21,None,66,1,5,False,1,1
31896,126,random,10,0.636046974522293,0,21,None,66,1,5,False,1,1
31897,127,random,10,0.6371417197452229,0,21,None,66,1,5,False,1,1
31898,128,random,10,0.638734076433121,0,21,None,66,1,5,False,1,1
31899,129,random,10,0.6400278662420382,0,21,None,66,1,5,False,1,1
31900,125,random,10,0.661922770700637,0,25,None,66,1,5,False,1,1
31901,126,random,10,0.6461982484076433,0,25,None,66,1,5,False,1,1
31902,127,random,10,0.6403264331210191,0,25,None,66,1,5,False,1,1
31903,128,random,10,0.6376393312101911,0,25,None,66,1,5,False,1,1
31904,129,random,10,0.6356488853503185,0,25,None,66,1,5,False,1,1
31905,125,random,10,0.5150278662420382,0,24,None,66,1,5,False,1,1
31906,126,random,10,0.5232882165605095,0,24,None,66,1,5,False,1,1
31907,127,random,10,0.5348328025477707,0,24,None,66,1,5,False,1,1
31908,128,random,10,0.5462778662420382,0,24,None,66,1,5,False,1,1
31909,129,random,10,0.5570262738853503,0,24,None,66,1,5,False,1,1
31910,125,random,10,0.6205214968152867,0,28,None,66,1,5,False,1,1
31911,126,random,10,0.6217157643312102,0,28,None,66,1,5,False,1,1
31912,127,random,10,0.6242038216560509,0,28,None,66,1,5,False,1,1
31913,128,random,10,0.626890923566879,0,28,None,66,1,5,False,1,1
31914,129,random,10,0.6298765923566879,0,28,None,66,1,5,False,1,1
31915,125,random,10,0.5548367834394905,0,29,None,66,1,5,False,1,1
31916,126,random,10,0.5410031847133758,0,29,None,66,1,5,False,1,1
31917,127,random,10,0.5340366242038217,0,29,None,66,1,5,False,1,1
31918,128,random,10,0.5299562101910829,0,29,None,66,1,5,False,1,1
31919,129,random,10,0.5295581210191083,0,29,None,66,1,5,False,1,1
31920,125,random,10,0.6176353503184714,0,9,None,66,1,5,False,1,1
31921,126,random,10,0.617734872611465,0,9,None,66,1,5,False,1,1
31922,127,random,10,0.6183320063694268,0,9,None,66,1,5,False,1,1
31923,128,random,10,0.6183320063694268,0,9,None,66,1,5,False,1,1
31924,129,random,10,0.6188296178343949,0,9,None,66,1,5,False,1,1
31925,125,random,10,0.7030254777070064,0,18,None,66,1,5,False,1,1
31926,126,random,10,0.700437898089172,0,18,None,66,1,5,False,1,1
31927,127,random,10,0.7011345541401274,0,18,None,66,1,5,False,1,1
31928,128,random,10,0.7016321656050956,0,18,None,66,1,5,False,1,1
31929,129,random,10,0.7021297770700637,0,18,None,66,1,5,False,1,1
31930,125,random,10,0.6381369426751592,0,27,None,66,1,5,False,1,1
31931,126,random,10,0.6408240445859873,0,27,None,66,1,5,False,1,1
31932,127,random,10,0.6442078025477707,0,27,None,66,1,5,False,1,1
31933,128,random,10,0.6472929936305732,0,27,None,66,1,5,False,1,1
31934,129,random,10,0.6501791401273885,0,27,None,66,1,5,False,1,1
31935,125,random,10,0.6050955414012739,0,31,None,66,1,5,False,1,1
31936,126,random,10,0.6080812101910829,0,31,None,66,1,5,False,1,1
31937,127,random,10,0.6123606687898089,0,31,None,66,1,5,False,1,1
31938,128,random,10,0.613953025477707,0,31,None,66,1,5,False,1,1
31939,129,random,10,0.6174363057324841,0,31,None,66,1,5,False,1,1
31940,125,random,10,0.5461783439490446,0,32,None,66,1,5,False,1,1
31941,126,random,10,0.5431926751592356,0,32,None,66,1,5,False,1,1
31942,127,random,10,0.5426950636942676,0,32,None,66,1,5,False,1,1
31943,128,random,10,0.5423964968152867,0,32,None,66,1,5,False,1,1
31944,129,random,10,0.5428941082802548,0,32,None,66,1,5,False,1,1
31945,125,random,10,0.6930732484076433,0,16,None,66,1,5,False,1,1
31946,126,random,10,0.693172770700637,0,16,None,66,1,5,False,1,1
31947,127,random,10,0.694765127388535,0,16,None,66,1,5,False,1,1
31948,128,random,10,0.6962579617834395,0,16,None,66,1,5,False,1,1
31949,129,random,10,0.696656050955414,0,16,None,66,1,5,False,1,1
31950,125,random,10,0.6034036624203821,0,3,None,66,1,5,False,1,1
31951,126,random,10,0.6038017515923567,0,3,None,66,1,5,False,1,1
31952,127,random,10,0.6061902866242038,0,3,None,66,1,5,False,1,1
31953,128,random,10,0.6087778662420382,0,3,None,66,1,5,False,1,1
31954,129,random,10,0.6117635350318471,0,3,None,66,1,5,False,1,1
31955,125,random,10,0.6384355095541401,0,5,None,66,1,5,False,1,1
31956,126,random,10,0.6351512738853503,0,5,None,66,1,5,False,1,1
31957,127,random,10,0.6339570063694268,0,5,None,66,1,5,False,1,1
31958,128,random,10,0.6342555732484076,0,5,None,66,1,5,False,1,1
31959,129,random,10,0.6343550955414012,0,5,None,66,1,5,False,1,1
31960,125,random,10,0.6293789808917197,0,6,None,66,1,5,False,1,1
31961,126,random,10,0.629578025477707,0,6,None,66,1,5,False,1,1
31962,127,random,10,0.630672770700637,0,6,None,66,1,5,False,1,1
31963,128,random,10,0.6318670382165605,0,6,None,66,1,5,False,1,1
31964,129,random,10,0.6326632165605095,0,6,None,66,1,5,False,1,1
31965,125,random,10,0.6398288216560509,0,7,None,66,1,5,False,1,1
31966,126,random,10,0.6398288216560509,0,7,None,66,1,5,False,1,1
31967,127,random,10,0.6404259554140127,0,7,None,66,1,5,False,1,1
31968,128,random,10,0.6420183121019108,0,7,None,66,1,5,False,1,1
31969,129,random,10,0.6432125796178344,0,7,None,66,1,5,False,1,1
31970,125,random,10,0.6675955414012739,0,12,None,66,1,5,False,1,1
31971,126,random,10,0.6678941082802548,0,12,None,66,1,5,False,1,1
31972,127,random,10,0.6682921974522293,0,12,None,66,1,5,False,1,1
31973,128,random,10,0.6685907643312102,0,12,None,66,1,5,False,1,1
31974,129,random,10,0.669187898089172,0,12,None,66,1,5,False,1,1
31975,125,random,10,0.5803144904458599,0,26,None,66,1,5,False,1,1
31976,126,random,10,0.5782245222929936,0,26,None,66,1,5,False,1,1
31977,127,random,10,0.5777269108280255,0,26,None,66,1,5,False,1,1
31978,128,random,10,0.5775278662420382,0,26,None,66,1,5,False,1,1
31979,129,random,10,0.5776273885350318,0,26,None,66,1,5,False,1,1
31980,125,random,10,0.6603304140127388,0,30,None,66,1,5,False,1,1
31981,126,random,10,0.6611265923566879,0,30,None,66,1,5,False,1,1
31982,127,random,10,0.6628184713375797,0,30,None,66,1,5,False,1,1
31983,128,random,10,0.6643113057324841,0,30,None,66,1,5,False,1,1
31984,129,random,10,0.6652070063694268,0,30,None,66,1,5,False,1,1
31985,125,random,10,0.6517714968152867,0,22,None,66,1,5,False,1,1
31986,126,random,10,0.6496815286624203,0,22,None,66,1,5,False,1,1
31987,127,random,10,0.6494824840764332,0,22,None,66,1,5,False,1,1
31988,128,random,10,0.6500796178343949,0,22,None,66,1,5,False,1,1
31989,129,random,10,0.649781050955414,0,22,None,66,1,5,False,1,1
31990,125,random,10,0.4605891719745223,0,14,None,66,1,5,False,1,1
31991,126,random,10,0.4536226114649681,0,14,None,66,1,5,False,1,1
31992,127,random,10,0.4505374203821656,0,14,None,66,1,5,False,1,1
31993,128,random,10,0.4494426751592357,0,14,None,66,1,5,False,1,1
31994,129,random,10,0.4481488853503185,0,14,None,66,1,5,False,1,1
31995,125,random,10,0.5307523885350318,0,4,None,66,1,5,False,1,1
31996,126,random,10,0.5016918789808917,0,4,None,66,1,5,False,1,1
31997,127,random,10,0.5013933121019108,0,4,None,66,1,5,False,1,1
31998,128,random,10,0.504578025477707,0,4,None,66,1,5,False,1,1
31999,129,random,10,0.5107484076433121,0,4,None,66,1,5,False,1,1
32000,125,random,10,0.6474920382165605,0,0,None,66,1,5,False,1,1
32001,126,random,10,0.6471934713375797,0,0,None,66,1,5,False,1,1
32002,127,random,10,0.6471934713375797,0,0,None,66,1,5,False,1,1
32003,128,random,10,0.6472929936305732,0,0,None,66,1,5,False,1,1
32004,129,random,10,0.6476910828025477,0,0,None,66,1,5,False,1,1
32005,125,random,10,0.5559315286624203,0,23,None,66,1,5,False,1,1
32006,126,random,10,0.5611066878980892,0,23,None,66,1,5,False,1,1
32007,127,random,10,0.5631966560509554,0,23,None,66,1,5,False,1,1
32008,128,random,10,0.5648885350318471,0,23,None,66,1,5,False,1,1
32009,129,random,10,0.5659832802547771,0,23,None,66,1,5,False,1,1
32010,130,random,10,0.5850915605095541,0,26,None,66,1,5,False,1,1
32011,131,random,10,0.5818073248407644,0,26,None,66,1,5,False,1,1
32012,132,random,10,0.5815087579617835,0,26,None,66,1,5,False,1,1
32013,133,random,10,0.5812101910828026,0,26,None,66,1,5,False,1,1
32014,134,random,10,0.5812101910828026,0,26,None,66,1,5,False,1,1
32015,130,random,10,0.6954617834394905,0,16,None,66,1,5,False,1,1
32016,131,random,10,0.6967555732484076,0,16,None,66,1,5,False,1,1
32017,132,random,10,0.6976512738853503,0,16,None,66,1,5,False,1,1
32018,133,random,10,0.698546974522293,0,16,None,66,1,5,False,1,1
32019,134,random,10,0.6983479299363057,0,16,None,66,1,5,False,1,1
32020,130,random,10,0.5467754777070064,0,1,None,66,1,5,False,1,1
32021,131,random,10,0.5888734076433121,0,1,None,66,1,5,False,1,1
32022,132,random,10,0.6233081210191083,0,1,None,66,1,5,False,1,1
32023,133,random,10,0.6427149681528662,0,1,None,66,1,5,False,1,1
32024,134,random,10,0.6555533439490446,0,1,None,66,1,5,False,1,1
32025,130,random,10,0.6071855095541401,0,2,None,66,1,5,False,1,1
32026,131,random,10,0.5954418789808917,0,2,None,66,1,5,False,1,1
32027,132,random,10,0.5847929936305732,0,2,None,66,1,5,False,1,1
32028,133,random,10,0.5751393312101911,0,2,None,66,1,5,False,1,1
32029,134,random,10,0.5682722929936306,0,2,None,66,1,5,False,1,1
32030,130,random,10,0.6468949044585988,0,7,None,66,1,5,False,1,1
32031,131,random,10,0.6491839171974523,0,7,None,66,1,5,False,1,1
32032,132,random,10,0.6500796178343949,0,7,None,66,1,5,False,1,1
32033,133,random,10,0.6517714968152867,0,7,None,66,1,5,False,1,1
32034,134,random,10,0.6536624203821656,0,7,None,66,1,5,False,1,1
32035,130,random,10,0.7011345541401274,0,18,None,66,1,5,False,1,1
32036,131,random,10,0.7002388535031847,0,18,None,66,1,5,False,1,1
32037,132,random,10,0.7010350318471338,0,18,None,66,1,5,False,1,1
32038,133,random,10,0.7035230891719745,0,18,None,66,1,5,False,1,1
32039,134,random,10,0.7039211783439491,0,18,None,66,1,5,False,1,1
32040,130,random,10,0.5572253184713376,0,8,None,66,1,5,False,1,1
32041,131,random,10,0.5543391719745223,0,8,None,66,1,5,False,1,1
32042,132,random,10,0.5556329617834395,0,8,None,66,1,5,False,1,1
32043,133,random,10,0.5566281847133758,0,8,None,66,1,5,False,1,1
32044,134,random,10,0.5570262738853503,0,8,None,66,1,5,False,1,1
32045,130,random,10,0.5148288216560509,0,4,None,66,1,5,False,1,1
32046,131,random,10,0.5116441082802548,0,4,None,66,1,5,False,1,1
32047,132,random,10,0.5159235668789809,0,4,None,66,1,5,False,1,1
32048,133,random,10,0.5208996815286624,0,4,None,66,1,5,False,1,1
32049,134,random,10,0.5249800955414012,0,4,None,66,1,5,False,1,1
32050,130,random,10,0.6541600318471338,0,20,None,66,1,5,False,1,1
32051,131,random,10,0.6477906050955414,0,20,None,66,1,5,False,1,1
32052,132,random,10,0.6506767515923567,0,20,None,66,1,5,False,1,1
32053,133,random,10,0.6538614649681529,0,20,None,66,1,5,False,1,1
32054,134,random,10,0.6557523885350318,0,20,None,66,1,5,False,1,1
32055,130,random,10,0.6495820063694268,0,22,None,66,1,5,False,1,1
32056,131,random,10,0.6488853503184714,0,22,None,66,1,5,False,1,1
32057,132,random,10,0.6484872611464968,0,22,None,66,1,5,False,1,1
32058,133,random,10,0.648984872611465,0,22,None,66,1,5,False,1,1
32059,134,random,10,0.6492834394904459,0,22,None,66,1,5,False,1,1
32060,130,random,10,0.5677746815286624,0,23,None,66,1,5,False,1,1
32061,131,random,10,0.5696656050955414,0,23,None,66,1,5,False,1,1
32062,132,random,10,0.5705613057324841,0,23,None,66,1,5,False,1,1
32063,133,random,10,0.5718550955414012,0,23,None,66,1,5,False,1,1
32064,134,random,10,0.5741441082802548,0,23,None,66,1,5,False,1,1
32065,130,random,10,0.5393113057324841,0,32,None,66,1,5,False,1,1
32066,131,random,10,0.5419984076433121,0,32,None,66,1,5,False,1,1
32067,132,random,10,0.5431926751592356,0,32,None,66,1,5,False,1,1
32068,133,random,10,0.5440883757961783,0,32,None,66,1,5,False,1,1
32069,134,random,10,0.5452826433121019,0,32,None,66,1,5,False,1,1
32070,130,random,10,0.6446058917197452,0,5,None,66,1,5,False,1,1
32071,131,random,10,0.6416202229299363,0,5,None,66,1,5,False,1,1
32072,132,random,10,0.6407245222929936,0,5,None,66,1,5,False,1,1
32073,133,random,10,0.6397292993630573,0,5,None,66,1,5,False,1,1
32074,134,random,10,0.6389331210191083,0,5,None,66,1,5,False,1,1
32075,130,random,10,0.6343550955414012,0,6,None,66,1,5,False,1,1
32076,131,random,10,0.6342555732484076,0,6,None,66,1,5,False,1,1
32077,132,random,10,0.6362460191082803,0,6,None,66,1,5,False,1,1
32078,133,random,10,0.6377388535031847,0,6,None,66,1,5,False,1,1
32079,134,random,10,0.6375398089171974,0,6,None,66,1,5,False,1,1
32080,130,random,10,0.4684514331210191,0,14,None,66,1,5,False,1,1
32081,131,random,10,0.4590963375796178,0,14,None,66,1,5,False,1,1
32082,132,random,10,0.4562101910828025,0,14,None,66,1,5,False,1,1
32083,133,random,10,0.4553144904458598,0,14,None,66,1,5,False,1,1
32084,134,random,10,0.4540207006369426,0,14,None,66,1,5,False,1,1
32085,130,random,10,0.6642117834394905,0,25,None,66,1,5,False,1,1
32086,131,random,10,0.6468949044585988,0,25,None,66,1,5,False,1,1
32087,132,random,10,0.6413216560509554,0,25,None,66,1,5,False,1,1
32088,133,random,10,0.6390326433121019,0,25,None,66,1,5,False,1,1
32089,134,random,10,0.6381369426751592,0,25,None,66,1,5,False,1,1
32090,130,random,10,0.6622213375796179,0,30,None,66,1,5,False,1,1
32091,131,random,10,0.6633160828025477,0,30,None,66,1,5,False,1,1
32092,132,random,10,0.665406050955414,0,30,None,66,1,5,False,1,1
32093,133,random,10,0.6664012738853503,0,30,None,66,1,5,False,1,1
32094,134,random,10,0.6679936305732485,0,30,None,66,1,5,False,1,1
32095,130,random,10,0.6499800955414012,0,27,None,66,1,5,False,1,1
32096,131,random,10,0.6521695859872612,0,27,None,66,1,5,False,1,1
32097,132,random,10,0.6546576433121019,0,27,None,66,1,5,False,1,1
32098,133,random,10,0.65734474522293,0,27,None,66,1,5,False,1,1
32099,134,random,10,0.660031847133758,0,27,None,66,1,5,False,1,1
32100,130,random,10,0.606687898089172,0,31,None,66,1,5,False,1,1
32101,131,random,10,0.6101711783439491,0,31,None,66,1,5,False,1,1
32102,132,random,10,0.6109673566878981,0,31,None,66,1,5,False,1,1
32103,133,random,10,0.6127587579617835,0,31,None,66,1,5,False,1,1
32104,134,random,10,0.6154458598726115,0,31,None,66,1,5,False,1,1
32105,130,random,10,0.6210191082802548,0,28,None,66,1,5,False,1,1
32106,131,random,10,0.6220143312101911,0,28,None,66,1,5,False,1,1
32107,132,random,10,0.6243033439490446,0,28,None,66,1,5,False,1,1
32108,133,random,10,0.6271894904458599,0,28,None,66,1,5,False,1,1
32109,134,random,10,0.6291799363057324,0,28,None,66,1,5,False,1,1
32110,130,random,10,0.5676751592356688,0,29,None,66,1,5,False,1,1
32111,131,random,10,0.5569267515923567,0,29,None,66,1,5,False,1,1
32112,132,random,10,0.5499601910828026,0,29,None,66,1,5,False,1,1
32113,133,random,10,0.5476711783439491,0,29,None,66,1,5,False,1,1
32114,134,random,10,0.5469745222929936,0,29,None,66,1,5,False,1,1
32115,130,random,10,0.6182324840764332,0,9,None,66,1,5,False,1,1
32116,131,random,10,0.6186305732484076,0,9,None,66,1,5,False,1,1
32117,132,random,10,0.6199243630573248,0,9,None,66,1,5,False,1,1
32118,133,random,10,0.6201234076433121,0,9,None,66,1,5,False,1,1
32119,134,random,10,0.6196257961783439,0,9,None,66,1,5,False,1,1
32120,130,random,10,0.6877985668789809,0,11,None,66,1,5,False,1,1
32121,131,random,10,0.6841162420382165,0,11,None,66,1,5,False,1,1
32122,132,random,10,0.6832205414012739,0,11,None,66,1,5,False,1,1
32123,133,random,10,0.6836186305732485,0,11,None,66,1,5,False,1,1
32124,134,random,10,0.6836186305732485,0,11,None,66,1,5,False,1,1
32125,130,random,10,0.6396297770700637,0,17,None,66,1,5,False,1,1
32126,131,random,10,0.6412221337579618,0,17,None,66,1,5,False,1,1
32127,132,random,10,0.6431130573248408,0,17,None,66,1,5,False,1,1
32128,133,random,10,0.6449044585987261,0,17,None,66,1,5,False,1,1
32129,134,random,10,0.6461982484076433,0,17,None,66,1,5,False,1,1
32130,130,random,10,0.6631170382165605,0,10,None,66,1,5,False,1,1
32131,131,random,10,0.6649084394904459,0,10,None,66,1,5,False,1,1
32132,132,random,10,0.6663017515923567,0,10,None,66,1,5,False,1,1
32133,133,random,10,0.6665007961783439,0,10,None,66,1,5,False,1,1
32134,134,random,10,0.6683917197452229,0,10,None,66,1,5,False,1,1
32135,130,random,10,0.6250995222929936,0,15,None,66,1,5,False,1,1
32136,131,random,10,0.6263933121019108,0,15,None,66,1,5,False,1,1
32137,132,random,10,0.6270899681528662,0,15,None,66,1,5,False,1,1
32138,133,random,10,0.6267914012738853,0,15,None,66,1,5,False,1,1
32139,134,random,10,0.6266918789808917,0,15,None,66,1,5,False,1,1
32140,130,random,10,0.6095740445859873,0,3,None,66,1,5,False,1,1
32141,131,random,10,0.61046974522293,0,3,None,66,1,5,False,1,1
32142,132,random,10,0.611265923566879,0,3,None,66,1,5,False,1,1
32143,133,random,10,0.6141520700636943,0,3,None,66,1,5,False,1,1
32144,134,random,10,0.6175358280254777,0,3,None,66,1,5,False,1,1
32145,130,random,10,0.6670979299363057,0,13,None,66,1,5,False,1,1
32146,131,random,10,0.6640127388535032,0,13,None,66,1,5,False,1,1
32147,132,random,10,0.6651074840764332,0,13,None,66,1,5,False,1,1
32148,133,random,10,0.666202229299363,0,13,None,66,1,5,False,1,1
32149,134,random,10,0.6675955414012739,0,13,None,66,1,5,False,1,1
32150,130,random,10,0.6704816878980892,0,12,None,66,1,5,False,1,1
32151,131,random,10,0.6714769108280255,0,12,None,66,1,5,False,1,1
32152,132,random,10,0.6721735668789809,0,12,None,66,1,5,False,1,1
32153,133,random,10,0.6728702229299363,0,12,None,66,1,5,False,1,1
32154,134,random,10,0.6735668789808917,0,12,None,66,1,5,False,1,1
32155,130,random,10,0.5759355095541401,0,19,None,66,1,5,False,1,1
32156,131,random,10,0.5714570063694268,0,19,None,66,1,5,False,1,1
32157,132,random,10,0.568968949044586,0,19,None,66,1,5,False,1,1
32158,133,random,10,0.5674761146496815,0,19,None,66,1,5,False,1,1
32159,134,random,10,0.5675756369426752,0,19,None,66,1,5,False,1,1
32160,130,random,10,0.6405254777070064,0,21,None,66,1,5,False,1,1
32161,131,random,10,0.6400278662420382,0,21,None,66,1,5,False,1,1
32162,132,random,10,0.6421178343949044,0,21,None,66,1,5,False,1,1
32163,133,random,10,0.6432125796178344,0,21,None,66,1,5,False,1,1
32164,134,random,10,0.6454020700636943,0,21,None,66,1,5,False,1,1
32165,130,random,10,0.6471934713375797,0,0,None,66,1,5,False,1,1
32166,131,random,10,0.6480891719745223,0,0,None,66,1,5,False,1,1
32167,132,random,10,0.6491839171974523,0,0,None,66,1,5,False,1,1
32168,133,random,10,0.6496815286624203,0,0,None,66,1,5,False,1,1
32169,134,random,10,0.6507762738853503,0,0,None,66,1,5,False,1,1
32170,130,random,10,0.5521496815286624,0,24,None,66,1,5,False,1,1
32171,131,random,10,0.5629976114649682,0,24,None,66,1,5,False,1,1
32172,132,random,10,0.5701632165605095,0,24,None,66,1,5,False,1,1
32173,133,random,10,0.5780254777070064,0,24,None,66,1,5,False,1,1
32174,134,random,10,0.5824044585987261,0,24,None,66,1,5,False,1,1
36630,135,random,10,0.5390127388535032,0,1,None,66,1,5,False,1,1
36631,136,random,10,0.5809116242038217,0,1,None,66,1,5,False,1,1
36632,137,random,10,0.6183320063694268,0,1,None,66,1,5,False,1,1
36633,138,random,10,0.6418192675159236,0,1,None,66,1,5,False,1,1
36634,139,random,10,0.6561504777070064,0,1,None,66,1,5,False,1,1
36635,135,random,10,0.6105692675159236,0,2,None,66,1,5,False,1,1
36636,136,random,10,0.5953423566878981,0,2,None,66,1,5,False,1,1
36637,137,random,10,0.5841958598726115,0,2,None,66,1,5,False,1,1
36638,138,random,10,0.5755374203821656,0,2,None,66,1,5,False,1,1
36639,139,random,10,0.5673765923566879,0,2,None,66,1,5,False,1,1
36640,135,random,10,0.6716759554140127,0,13,None,66,1,5,False,1,1
36641,136,random,10,0.6686902866242038,0,13,None,66,1,5,False,1,1
36642,137,random,10,0.6697850318471338,0,13,None,66,1,5,False,1,1
36643,138,random,10,0.6721735668789809,0,13,None,66,1,5,False,1,1
36644,139,random,10,0.6723726114649682,0,13,None,66,1,5,False,1,1
36645,135,random,10,0.6273885350318471,0,15,None,66,1,5,False,1,1
36646,136,random,10,0.6285828025477707,0,15,None,66,1,5,False,1,1
36647,137,random,10,0.6285828025477707,0,15,None,66,1,5,False,1,1
36648,138,random,10,0.6293789808917197,0,15,None,66,1,5,False,1,1
36649,139,random,10,0.6300756369426752,0,15,None,66,1,5,False,1,1
36650,135,random,10,0.667296974522293,0,10,None,66,1,5,False,1,1
36651,136,random,10,0.6684912420382165,0,10,None,66,1,5,False,1,1
36652,137,random,10,0.6703821656050956,0,10,None,66,1,5,False,1,1
36653,138,random,10,0.6720740445859873,0,10,None,66,1,5,False,1,1
36654,139,random,10,0.6739649681528662,0,10,None,66,1,5,False,1,1
36655,135,random,10,0.6986464968152867,0,16,None,66,1,5,False,1,1
36656,136,random,10,0.7002388535031847,0,16,None,66,1,5,False,1,1
36657,137,random,10,0.7006369426751592,0,16,None,66,1,5,False,1,1
36658,138,random,10,0.701234076433121,0,16,None,66,1,5,False,1,1
36659,139,random,10,0.7014331210191083,0,16,None,66,1,5,False,1,1
36660,135,random,10,0.6919785031847133,0,11,None,66,1,5,False,1,1
36661,136,random,10,0.6895899681528662,0,11,None,66,1,5,False,1,1
36662,137,random,10,0.6878980891719745,0,11,None,66,1,5,False,1,1
36663,138,random,10,0.6870023885350318,0,11,None,66,1,5,False,1,1
36664,139,random,10,0.6877985668789809,0,11,None,66,1,5,False,1,1
36665,135,random,10,0.5639928343949044,0,8,None,66,1,5,False,1,1
36666,136,random,10,0.5576234076433121,0,8,None,66,1,5,False,1,1
36667,137,random,10,0.5585191082802548,0,8,None,66,1,5,False,1,1
36668,138,random,10,0.5589171974522293,0,8,None,66,1,5,False,1,1
36669,139,random,10,0.5599124203821656,0,8,None,66,1,5,False,1,1
36670,135,random,10,0.652468152866242,0,22,None,66,1,5,False,1,1
36671,136,random,10,0.6509753184713376,0,22,None,66,1,5,False,1,1
36672,137,random,10,0.6503781847133758,0,22,None,66,1,5,False,1,1
36673,138,random,10,0.6507762738853503,0,22,None,66,1,5,False,1,1
36674,139,random,10,0.6498805732484076,0,22,None,66,1,5,False,1,1
36675,135,random,10,0.5759355095541401,0,23,None,66,1,5,False,1,1
36676,136,random,10,0.5766321656050956,0,23,None,66,1,5,False,1,1
36677,137,random,10,0.57703025477707,0,23,None,66,1,5,False,1,1
36678,138,random,10,0.5788216560509554,0,23,None,66,1,5,False,1,1
36679,139,random,10,0.5809116242038217,0,23,None,66,1,5,False,1,1
36680,135,random,10,0.6416202229299363,0,17,None,66,1,5,False,1,1
36681,136,random,10,0.6441082802547771,0,17,None,66,1,5,False,1,1
36682,137,random,10,0.6467953821656051,0,17,None,66,1,5,False,1,1
36683,138,random,10,0.6479896496815286,0,17,None,66,1,5,False,1,1
36684,139,random,10,0.6486863057324841,0,17,None,66,1,5,False,1,1
36685,135,random,10,0.6655055732484076,0,25,None,66,1,5,False,1,1
36686,136,random,10,0.6477906050955414,0,25,None,66,1,5,False,1,1
36687,137,random,10,0.6426154458598726,0,25,None,66,1,5,False,1,1
36688,138,random,10,0.6402269108280255,0,25,None,66,1,5,False,1,1
36689,139,random,10,0.6397292993630573,0,25,None,66,1,5,False,1,1
36690,135,random,10,0.6256966560509554,0,28,None,66,1,5,False,1,1
36691,136,random,10,0.6264928343949044,0,28,None,66,1,5,False,1,1
36692,137,random,10,0.6284832802547771,0,28,None,66,1,5,False,1,1
36693,138,random,10,0.6304737261146497,0,28,None,66,1,5,False,1,1
36694,139,random,10,0.6325636942675159,0,28,None,66,1,5,False,1,1
36695,135,random,10,0.5769307324840764,0,29,None,66,1,5,False,1,1
36696,136,random,10,0.5685708598726115,0,29,None,66,1,5,False,1,1
36697,137,random,10,0.56359474522293,0,29,None,66,1,5,False,1,1
36698,138,random,10,0.5586186305732485,0,29,None,66,1,5,False,1,1
36699,139,random,10,0.5574243630573248,0,29,None,66,1,5,False,1,1
36700,135,random,10,0.620421974522293,0,9,None,66,1,5,False,1,1
36701,136,random,10,0.6208200636942676,0,9,None,66,1,5,False,1,1
36702,137,random,10,0.6206210191082803,0,9,None,66,1,5,False,1,1
36703,138,random,10,0.6210191082802548,0,9,None,66,1,5,False,1,1
36704,139,random,10,0.6218152866242038,0,9,None,66,1,5,False,1,1
36705,135,random,10,0.6999402866242038,0,18,None,66,1,5,False,1,1
36706,136,random,10,0.6994426751592356,0,18,None,66,1,5,False,1,1
36707,137,random,10,0.7006369426751592,0,18,None,66,1,5,False,1,1
36708,138,random,10,0.7028264331210191,0,18,None,66,1,5,False,1,1
36709,139,random,10,0.7038216560509554,0,18,None,66,1,5,False,1,1
36710,135,random,10,0.6547571656050956,0,27,None,66,1,5,False,1,1
36711,136,random,10,0.6575437898089171,0,27,None,66,1,5,False,1,1
36712,137,random,10,0.6609275477707006,0,27,None,66,1,5,False,1,1
36713,138,random,10,0.6633160828025477,0,27,None,66,1,5,False,1,1
36714,139,random,10,0.6644108280254777,0,27,None,66,1,5,False,1,1
36715,135,random,10,0.6095740445859873,0,31,None,66,1,5,False,1,1
36716,136,random,10,0.6136544585987261,0,31,None,66,1,5,False,1,1
36717,137,random,10,0.613953025477707,0,31,None,66,1,5,False,1,1
36718,138,random,10,0.615843949044586,0,31,None,66,1,5,False,1,1
36719,139,random,10,0.617734872611465,0,31,None,66,1,5,False,1,1
36720,135,random,10,0.550656847133758,0,32,None,66,1,5,False,1,1
36721,136,random,10,0.548765923566879,0,32,None,66,1,5,False,1,1
36722,137,random,10,0.5481687898089171,0,32,None,66,1,5,False,1,1
36723,138,random,10,0.5492635350318471,0,32,None,66,1,5,False,1,1
36724,139,random,10,0.5499601910828026,0,32,None,66,1,5,False,1,1
36725,135,random,10,0.6471934713375797,0,5,None,66,1,5,False,1,1
36726,136,random,10,0.643312101910828,0,5,None,66,1,5,False,1,1
36727,137,random,10,0.6408240445859873,0,5,None,66,1,5,False,1,1
36728,138,random,10,0.6390326433121019,0,5,None,66,1,5,False,1,1
36729,139,random,10,0.638734076433121,0,5,None,66,1,5,False,1,1
36730,135,random,10,0.6364450636942676,0,6,None,66,1,5,False,1,1
36731,136,random,10,0.6363455414012739,0,6,None,66,1,5,False,1,1
36732,137,random,10,0.6372412420382165,0,6,None,66,1,5,False,1,1
36733,138,random,10,0.6393312101910829,0,6,None,66,1,5,False,1,1
36734,139,random,10,0.6396297770700637,0,6,None,66,1,5,False,1,1
36735,135,random,10,0.6552547770700637,0,7,None,66,1,5,False,1,1
36736,136,random,10,0.6572452229299363,0,7,None,66,1,5,False,1,1
36737,137,random,10,0.6583399681528662,0,7,None,66,1,5,False,1,1
36738,138,random,10,0.6604299363057324,0,7,None,66,1,5,False,1,1
36739,139,random,10,0.6609275477707006,0,7,None,66,1,5,False,1,1
36740,135,random,10,0.6741640127388535,0,12,None,66,1,5,False,1,1
36741,136,random,10,0.6753582802547771,0,12,None,66,1,5,False,1,1
36742,137,random,10,0.675656847133758,0,12,None,66,1,5,False,1,1
36743,138,random,10,0.6760549363057324,0,12,None,66,1,5,False,1,1
36744,139,random,10,0.6766520700636943,0,12,None,66,1,5,False,1,1
36745,135,random,10,0.4656648089171974,0,14,None,66,1,5,False,1,1
36746,136,random,10,0.4553144904458598,0,14,None,66,1,5,False,1,1
36747,137,random,10,0.4542197452229299,0,14,None,66,1,5,False,1,1
36748,138,random,10,0.4533240445859872,0,14,None,66,1,5,False,1,1
36749,139,random,10,0.4556130573248407,0,14,None,66,1,5,False,1,1
36750,135,random,10,0.5901671974522293,0,26,None,66,1,5,False,1,1
36751,136,random,10,0.5859872611464968,0,26,None,66,1,5,False,1,1
36752,137,random,10,0.5856886942675159,0,26,None,66,1,5,False,1,1
36753,138,random,10,0.5852906050955414,0,26,None,66,1,5,False,1,1
36754,139,random,10,0.5851910828025477,0,26,None,66,1,5,False,1,1
36755,135,random,10,0.6665007961783439,0,30,None,66,1,5,False,1,1
36756,136,random,10,0.6664012738853503,0,30,None,66,1,5,False,1,1
36757,137,random,10,0.6683917197452229,0,30,None,66,1,5,False,1,1
36758,138,random,10,0.6700835987261147,0,30,None,66,1,5,False,1,1
36759,139,random,10,0.6720740445859873,0,30,None,66,1,5,False,1,1
36760,135,random,10,0.5112460191082803,0,4,None,66,1,5,False,1,1
36761,136,random,10,0.5105493630573248,0,4,None,66,1,5,False,1,1
36762,137,random,10,0.515625,0,4,None,66,1,5,False,1,1
36763,138,random,10,0.5203025477707006,0,4,None,66,1,5,False,1,1
36764,139,random,10,0.5261743630573248,0,4,None,66,1,5,False,1,1
36765,135,random,10,0.6173367834394905,0,3,None,66,1,5,False,1,1
36766,136,random,10,0.6167396496815286,0,3,None,66,1,5,False,1,1
36767,137,random,10,0.6180334394904459,0,3,None,66,1,5,False,1,1
36768,138,random,10,0.6198248407643312,0,3,None,66,1,5,False,1,1
36769,139,random,10,0.6218152866242038,0,3,None,66,1,5,False,1,1
36770,135,random,10,0.6601313694267515,0,20,None,66,1,5,False,1,1
36771,136,random,10,0.6540605095541401,0,20,None,66,1,5,False,1,1
36772,137,random,10,0.6560509554140127,0,20,None,66,1,5,False,1,1
36773,138,random,10,0.6577428343949044,0,20,None,66,1,5,False,1,1
36774,139,random,10,0.6603304140127388,0,20,None,66,1,5,False,1,1
36775,135,random,10,0.5786226114649682,0,19,None,66,1,5,False,1,1
36776,136,random,10,0.5737460191082803,0,19,None,66,1,5,False,1,1
36777,137,random,10,0.5715565286624203,0,19,None,66,1,5,False,1,1
36778,138,random,10,0.5703622611464968,0,19,None,66,1,5,False,1,1
36779,139,random,10,0.5691679936305732,0,19,None,66,1,5,False,1,1
36780,135,random,10,0.6466958598726115,0,21,None,66,1,5,False,1,1
36781,136,random,10,0.6463972929936306,0,21,None,66,1,5,False,1,1
36782,137,random,10,0.6490843949044586,0,21,None,66,1,5,False,1,1
36783,138,random,10,0.6510748407643312,0,21,None,66,1,5,False,1,1
36784,139,random,10,0.6534633757961783,0,21,None,66,1,5,False,1,1
36785,135,random,10,0.6442078025477707,0,0,None,66,1,5,False,1,1
36786,136,random,10,0.6440087579617835,0,0,None,66,1,5,False,1,1
36787,137,random,10,0.6461982484076433,0,0,None,66,1,5,False,1,1
36788,138,random,10,0.6474920382165605,0,0,None,66,1,5,False,1,1
36789,139,random,10,0.6482882165605095,0,0,None,66,1,5,False,1,1
36790,135,random,10,0.5756369426751592,0,24,None,66,1,5,False,1,1
36791,136,random,10,0.5825039808917197,0,24,None,66,1,5,False,1,1
36792,137,random,10,0.5906648089171974,0,24,None,66,1,5,False,1,1
36793,138,random,10,0.5968351910828026,0,24,None,66,1,5,False,1,1
36794,139,random,10,0.6001194267515924,0,24,None,66,1,5,False,1,1
36795,140,random,10,0.5887738853503185,0,26,None,66,1,5,False,1,1
36796,141,random,10,0.5868829617834395,0,26,None,66,1,5,False,1,1
36797,142,random,10,0.5844944267515924,0,26,None,66,1,5,False,1,1
36798,143,random,10,0.5847929936305732,0,26,None,66,1,5,False,1,1
36799,144,random,10,0.584593949044586,0,26,None,66,1,5,False,1,1
36800,140,random,10,0.6140525477707006,0,1,None,66,1,5,False,1,1
36801,141,random,10,0.6411226114649682,0,1,None,66,1,5,False,1,1
36802,142,random,10,0.6567476114649682,0,1,None,66,1,5,False,1,1
36803,143,random,10,0.6668988853503185,0,1,None,66,1,5,False,1,1
36804,144,random,10,0.6711783439490446,0,1,None,66,1,5,False,1,1
36805,140,random,10,0.6003184713375797,0,2,None,66,1,5,False,1,1
36806,141,random,10,0.5858877388535032,0,2,None,66,1,5,False,1,1
36807,142,random,10,0.5741441082802548,0,2,None,66,1,5,False,1,1
36808,143,random,10,0.5690684713375797,0,2,None,66,1,5,False,1,1
36809,144,random,10,0.5633957006369427,0,2,None,66,1,5,False,1,1
36810,140,random,10,0.6618232484076433,0,7,None,66,1,5,False,1,1
36811,141,random,10,0.6620222929936306,0,7,None,66,1,5,False,1,1
36812,142,random,10,0.663515127388535,0,7,None,66,1,5,False,1,1
36813,143,random,10,0.6655055732484076,0,7,None,66,1,5,False,1,1
36814,144,random,10,0.6669984076433121,0,7,None,66,1,5,False,1,1
36815,140,random,10,0.6327627388535032,0,15,None,66,1,5,False,1,1
36816,141,random,10,0.6308718152866242,0,15,None,66,1,5,False,1,1
36817,142,random,10,0.6310708598726115,0,15,None,66,1,5,False,1,1
36818,143,random,10,0.6309713375796179,0,15,None,66,1,5,False,1,1
36819,144,random,10,0.6312699044585988,0,15,None,66,1,5,False,1,1
36820,140,random,10,0.6548566878980892,0,5,None,66,1,5,False,1,1
36821,141,random,10,0.6514729299363057,0,5,None,66,1,5,False,1,1
36822,142,random,10,0.6502786624203821,0,5,None,66,1,5,False,1,1
36823,143,random,10,0.6487858280254777,0,5,None,66,1,5,False,1,1
36824,144,random,10,0.6468949044585988,0,5,None,66,1,5,False,1,1
36825,140,random,10,0.6612261146496815,0,10,None,66,1,5,False,1,1
36826,141,random,10,0.6682921974522293,0,10,None,66,1,5,False,1,1
36827,142,random,10,0.6716759554140127,0,10,None,66,1,5,False,1,1
36828,143,random,10,0.6743630573248408,0,10,None,66,1,5,False,1,1
36829,144,random,10,0.6754578025477707,0,10,None,66,1,5,False,1,1
36830,140,random,10,0.6446058917197452,0,6,None,66,1,5,False,1,1
36831,141,random,10,0.6431130573248408,0,6,None,66,1,5,False,1,1
36832,142,random,10,0.6438097133757962,0,6,None,66,1,5,False,1,1
36833,143,random,10,0.6449044585987261,0,6,None,66,1,5,False,1,1
36834,144,random,10,0.6454020700636943,0,6,None,66,1,5,False,1,1
36835,140,random,10,0.6671974522292994,0,20,None,66,1,5,False,1,1
36836,141,random,10,0.6659036624203821,0,20,None,66,1,5,False,1,1
36837,142,random,10,0.6666003184713376,0,20,None,66,1,5,False,1,1
36838,143,random,10,0.6686902866242038,0,20,None,66,1,5,False,1,1
36839,144,random,10,0.6704816878980892,0,20,None,66,1,5,False,1,1
36840,140,random,10,0.6596337579617835,0,22,None,66,1,5,False,1,1
36841,141,random,10,0.6572452229299363,0,22,None,66,1,5,False,1,1
36842,142,random,10,0.6575437898089171,0,22,None,66,1,5,False,1,1
36843,143,random,10,0.6567476114649682,0,22,None,66,1,5,False,1,1
36844,144,random,10,0.6563495222929936,0,22,None,66,1,5,False,1,1
36845,140,random,10,0.5677746815286624,0,32,None,66,1,5,False,1,1
36846,141,random,10,0.5607085987261147,0,32,None,66,1,5,False,1,1
36847,142,random,10,0.5589171974522293,0,32,None,66,1,5,False,1,1
36848,143,random,10,0.5577229299363057,0,32,None,66,1,5,False,1,1
36849,144,random,10,0.556827229299363,0,32,None,66,1,5,False,1,1
36850,140,random,10,0.4612858280254777,0,14,None,66,1,5,False,1,1
36851,141,random,10,0.4592953821656051,0,14,None,66,1,5,False,1,1
36852,142,random,10,0.460390127388535,0,14,None,66,1,5,False,1,1
36853,143,random,10,0.4597929936305732,0,14,None,66,1,5,False,1,1
36854,144,random,10,0.4592953821656051,0,14,None,66,1,5,False,1,1
36855,140,random,10,0.6682921974522293,0,25,None,66,1,5,False,1,1
36856,141,random,10,0.6508757961783439,0,25,None,66,1,5,False,1,1
36857,142,random,10,0.6446058917197452,0,25,None,66,1,5,False,1,1
36858,143,random,10,0.6428144904458599,0,25,None,66,1,5,False,1,1
36859,144,random,10,0.6422173566878981,0,25,None,66,1,5,False,1,1
36860,140,random,10,0.6741640127388535,0,13,None,66,1,5,False,1,1
36861,141,random,10,0.6749601910828026,0,13,None,66,1,5,False,1,1
36862,142,random,10,0.6763535031847133,0,13,None,66,1,5,False,1,1
36863,143,random,10,0.6772492038216561,0,13,None,66,1,5,False,1,1
36864,144,random,10,0.6790406050955414,0,13,None,66,1,5,False,1,1
36865,140,random,10,0.6753582802547771,0,12,None,66,1,5,False,1,1
36866,141,random,10,0.6757563694267515,0,12,None,66,1,5,False,1,1
36867,142,random,10,0.6770501592356688,0,12,None,66,1,5,False,1,1
36868,143,random,10,0.6777468152866242,0,12,None,66,1,5,False,1,1
36869,144,random,10,0.678343949044586,0,12,None,66,1,5,False,1,1
36870,140,random,10,0.5931528662420382,0,23,None,66,1,5,False,1,1
36871,141,random,10,0.5922571656050956,0,23,None,66,1,5,False,1,1
36872,142,random,10,0.5943471337579618,0,23,None,66,1,5,False,1,1
36873,143,random,10,0.5955414012738853,0,23,None,66,1,5,False,1,1
36874,144,random,10,0.5967356687898089,0,23,None,66,1,5,False,1,1
36875,140,random,10,0.67296974522293,0,30,None,66,1,5,False,1,1
36876,141,random,10,0.6734673566878981,0,30,None,66,1,5,False,1,1
36877,142,random,10,0.6746616242038217,0,30,None,66,1,5,False,1,1
36878,143,random,10,0.6761544585987261,0,30,None,66,1,5,False,1,1
36879,144,random,10,0.6768511146496815,0,30,None,66,1,5,False,1,1
36880,140,random,10,0.658140923566879,0,27,None,66,1,5,False,1,1
36881,141,random,10,0.6610270700636943,0,27,None,66,1,5,False,1,1
36882,142,random,10,0.6620222929936306,0,27,None,66,1,5,False,1,1
36883,143,random,10,0.6637141719745223,0,27,None,66,1,5,False,1,1
36884,144,random,10,0.6652070063694268,0,27,None,66,1,5,False,1,1
36885,140,random,10,0.6199243630573248,0,31,None,66,1,5,False,1,1
36886,141,random,10,0.6222133757961783,0,31,None,66,1,5,False,1,1
36887,142,random,10,0.6250995222929936,0,31,None,66,1,5,False,1,1
36888,143,random,10,0.6263933121019108,0,31,None,66,1,5,False,1,1
36889,144,random,10,0.6288813694267515,0,31,None,66,1,5,False,1,1
36890,140,random,10,0.6383359872611465,0,28,None,66,1,5,False,1,1
36891,141,random,10,0.6397292993630573,0,28,None,66,1,5,False,1,1
36892,142,random,10,0.6411226114649682,0,28,None,66,1,5,False,1,1
36893,143,random,10,0.6430135350318471,0,28,None,66,1,5,False,1,1
36894,144,random,10,0.6441082802547771,0,28,None,66,1,5,False,1,1
36895,140,random,10,0.6878980891719745,0,11,None,66,1,5,False,1,1
36896,141,random,10,0.6882961783439491,0,11,None,66,1,5,False,1,1
36897,142,random,10,0.6881966560509554,0,11,None,66,1,5,False,1,1
36898,143,random,10,0.6884952229299363,0,11,None,66,1,5,False,1,1
36899,144,random,10,0.68859474522293,0,11,None,66,1,5,False,1,1
36900,140,random,10,0.6443073248407644,0,17,None,66,1,5,False,1,1
36901,141,random,10,0.6463972929936306,0,17,None,66,1,5,False,1,1
36902,142,random,10,0.6488853503184714,0,17,None,66,1,5,False,1,1
36903,143,random,10,0.6499800955414012,0,17,None,66,1,5,False,1,1
36904,144,random,10,0.6511743630573248,0,17,None,66,1,5,False,1,1
36905,140,random,10,0.6251990445859873,0,3,None,66,1,5,False,1,1
36906,141,random,10,0.6233081210191083,0,3,None,66,1,5,False,1,1
36907,142,random,10,0.6261942675159236,0,3,None,66,1,5,False,1,1
36908,143,random,10,0.6280851910828026,0,3,None,66,1,5,False,1,1
36909,144,random,10,0.629578025477707,0,3,None,66,1,5,False,1,1
36910,140,random,10,0.6620222929936306,0,21,None,66,1,5,False,1,1
36911,141,random,10,0.6617237261146497,0,21,None,66,1,5,False,1,1
36912,142,random,10,0.6630175159235668,0,21,None,66,1,5,False,1,1
36913,143,random,10,0.6638136942675159,0,21,None,66,1,5,False,1,1
36914,144,random,10,0.6639132165605095,0,21,None,66,1,5,False,1,1
36915,140,random,10,0.5502587579617835,0,24,None,66,1,5,False,1,1
36916,141,random,10,0.5652866242038217,0,24,None,66,1,5,False,1,1
36917,142,random,10,0.5753383757961783,0,24,None,66,1,5,False,1,1
36918,143,random,10,0.5835987261146497,0,24,None,66,1,5,False,1,1
36919,144,random,10,0.5908638535031847,0,24,None,66,1,5,False,1,1
36920,140,random,10,0.595640923566879,0,8,None,66,1,5,False,1,1
36921,141,random,10,0.5822054140127388,0,8,None,66,1,5,False,1,1
36922,142,random,10,0.5811106687898089,0,8,None,66,1,5,False,1,1
36923,143,random,10,0.5813097133757962,0,8,None,66,1,5,False,1,1
36924,144,random,10,0.5822054140127388,0,8,None,66,1,5,False,1,1
36925,140,random,10,0.5482683121019108,0,4,None,66,1,5,False,1,1
36926,141,random,10,0.5195063694267515,0,4,None,66,1,5,False,1,1
36927,142,random,10,0.5165207006369427,0,4,None,66,1,5,False,1,1
36928,143,random,10,0.520203025477707,0,4,None,66,1,5,False,1,1
36929,144,random,10,0.5258757961783439,0,4,None,66,1,5,False,1,1
36930,140,random,10,0.6930732484076433,0,16,None,66,1,5,False,1,1
36931,141,random,10,0.6945660828025477,0,16,None,66,1,5,False,1,1
36932,142,random,10,0.6973527070063694,0,16,None,66,1,5,False,1,1
36933,143,random,10,0.6983479299363057,0,16,None,66,1,5,False,1,1
36934,144,random,10,0.7007364649681529,0,16,None,66,1,5,False,1,1
36935,140,random,10,0.7014331210191083,0,18,None,66,1,5,False,1,1
36936,141,random,10,0.6991441082802548,0,18,None,66,1,5,False,1,1
36937,142,random,10,0.7005374203821656,0,18,None,66,1,5,False,1,1
36938,143,random,10,0.7001393312101911,0,18,None,66,1,5,False,1,1
36939,144,random,10,0.70203025477707,0,18,None,66,1,5,False,1,1
36940,140,random,10,0.5878781847133758,0,19,None,66,1,5,False,1,1
36941,141,random,10,0.5842953821656051,0,19,None,66,1,5,False,1,1
36942,142,random,10,0.5818073248407644,0,19,None,66,1,5,False,1,1
36943,143,random,10,0.5820063694267515,0,19,None,66,1,5,False,1,1
36944,144,random,10,0.582703025477707,0,19,None,66,1,5,False,1,1
36945,140,random,10,0.6216162420382165,0,9,None,66,1,5,False,1,1
36946,141,random,10,0.6241042993630573,0,9,None,66,1,5,False,1,1
36947,142,random,10,0.6240047770700637,0,9,None,66,1,5,False,1,1
36948,143,random,10,0.625,0,9,None,66,1,5,False,1,1
36949,144,random,10,0.625,0,9,None,66,1,5,False,1,1
36950,140,random,10,0.6574442675159236,0,0,None,66,1,5,False,1,1
36951,141,random,10,0.6578423566878981,0,0,None,66,1,5,False,1,1
36952,142,random,10,0.6558519108280255,0,0,None,66,1,5,False,1,1
36953,143,random,10,0.6559514331210191,0,0,None,66,1,5,False,1,1
36954,144,random,10,0.6565485668789809,0,0,None,66,1,5,False,1,1
36955,140,random,10,0.5714570063694268,0,29,None,66,1,5,False,1,1
36956,141,random,10,0.5654856687898089,0,29,None,66,1,5,False,1,1
36957,142,random,10,0.5622014331210191,0,29,None,66,1,5,False,1,1
36958,143,random,10,0.5624004777070064,0,29,None,66,1,5,False,1,1
36959,144,random,10,0.5619028662420382,0,29,None,66,1,5,False,1,1
41745,145,random,10,0.6355493630573248,0,1,None,66,1,5,False,1,1
41746,146,random,10,0.6547571656050956,0,1,None,66,1,5,False,1,1
41747,147,random,10,0.6656050955414012,0,1,None,66,1,5,False,1,1
41748,148,random,10,0.6740644904458599,0,1,None,66,1,5,False,1,1
41749,149,random,10,0.6789410828025477,0,1,None,66,1,5,False,1,1
41750,145,random,10,0.6831210191082803,0,13,None,66,1,5,False,1,1
41751,146,random,10,0.683718152866242,0,13,None,66,1,5,False,1,1
41752,147,random,10,0.6832205414012739,0,13,None,66,1,5,False,1,1
41753,148,random,10,0.6839171974522293,0,13,None,66,1,5,False,1,1
41754,149,random,10,0.684812898089172,0,13,None,66,1,5,False,1,1
41755,145,random,10,0.6971536624203821,0,16,None,66,1,5,False,1,1
41756,146,random,10,0.698546974522293,0,16,None,66,1,5,False,1,1
41757,147,random,10,0.7003383757961783,0,16,None,66,1,5,False,1,1
41758,148,random,10,0.7018312101910829,0,16,None,66,1,5,False,1,1
41759,149,random,10,0.7041202229299363,0,16,None,66,1,5,False,1,1
41760,145,random,10,0.5972332802547771,0,19,None,66,1,5,False,1,1
41761,146,random,10,0.5924562101910829,0,19,None,66,1,5,False,1,1
41762,147,random,10,0.5906648089171974,0,19,None,66,1,5,False,1,1
41763,148,random,10,0.5903662420382165,0,19,None,66,1,5,False,1,1
41764,149,random,10,0.5903662420382165,0,19,None,66,1,5,False,1,1
41765,145,random,10,0.4672571656050955,0,14,None,66,1,5,False,1,1
41766,146,random,10,0.4645700636942675,0,14,None,66,1,5,False,1,1
41767,147,random,10,0.4637738853503185,0,14,None,66,1,5,False,1,1
41768,148,random,10,0.464968152866242,0,14,None,66,1,5,False,1,1
41769,149,random,10,0.4645700636942675,0,14,None,66,1,5,False,1,1
41770,145,random,10,0.6808320063694268,0,21,None,66,1,5,False,1,1
41771,146,random,10,0.6785429936305732,0,21,None,66,1,5,False,1,1
41772,147,random,10,0.6778463375796179,0,21,None,66,1,5,False,1,1
41773,148,random,10,0.6779458598726115,0,21,None,66,1,5,False,1,1
41774,149,random,10,0.6782444267515924,0,21,None,66,1,5,False,1,1
41775,145,random,10,0.6708797770700637,0,25,None,66,1,5,False,1,1
41776,146,random,10,0.6541600318471338,0,25,None,66,1,5,False,1,1
41777,147,random,10,0.6469944267515924,0,25,None,66,1,5,False,1,1
41778,148,random,10,0.6447054140127388,0,25,None,66,1,5,False,1,1
41779,149,random,10,0.6441082802547771,0,25,None,66,1,5,False,1,1
41780,145,random,10,0.5930533439490446,0,26,None,66,1,5,False,1,1
41781,146,random,10,0.5889729299363057,0,26,None,66,1,5,False,1,1
41782,147,random,10,0.5883757961783439,0,26,None,66,1,5,False,1,1
41783,148,random,10,0.5875796178343949,0,26,None,66,1,5,False,1,1
41784,149,random,10,0.587281050955414,0,26,None,66,1,5,False,1,1
41785,145,random,10,0.5784235668789809,0,29,None,66,1,5,False,1,1
41786,146,random,10,0.572452229299363,0,29,None,66,1,5,False,1,1
41787,147,random,10,0.5717555732484076,0,29,None,66,1,5,False,1,1
41788,148,random,10,0.5710589171974523,0,29,None,66,1,5,False,1,1
41789,149,random,10,0.5712579617834395,0,29,None,66,1,5,False,1,1
41790,145,random,10,0.6797372611464968,0,30,None,66,1,5,False,1,1
41791,146,random,10,0.6812300955414012,0,30,None,66,1,5,False,1,1
41792,147,random,10,0.6825238853503185,0,30,None,66,1,5,False,1,1
41793,148,random,10,0.6836186305732485,0,30,None,66,1,5,False,1,1
41794,149,random,10,0.684812898089172,0,30,None,66,1,5,False,1,1
41795,145,random,10,0.6303742038216561,0,31,None,66,1,5,False,1,1
41796,146,random,10,0.6325636942675159,0,31,None,66,1,5,False,1,1
41797,147,random,10,0.6354498407643312,0,31,None,66,1,5,False,1,1
41798,148,random,10,0.6364450636942676,0,31,None,66,1,5,False,1,1
41799,149,random,10,0.6393312101910829,0,31,None,66,1,5,False,1,1
41800,145,random,10,0.6630175159235668,0,27,None,66,1,5,False,1,1
41801,146,random,10,0.6641122611464968,0,27,None,66,1,5,False,1,1
41802,147,random,10,0.6650079617834395,0,27,None,66,1,5,False,1,1
41803,148,random,10,0.6664012738853503,0,27,None,66,1,5,False,1,1
41804,149,random,10,0.6679936305732485,0,27,None,66,1,5,False,1,1
41805,145,random,10,0.6003184713375797,0,2,None,66,1,5,False,1,1
41806,146,random,10,0.5854896496815286,0,2,None,66,1,5,False,1,1
41807,147,random,10,0.5741441082802548,0,2,None,66,1,5,False,1,1
41808,148,random,10,0.5668789808917197,0,2,None,66,1,5,False,1,1
41809,149,random,10,0.5639928343949044,0,2,None,66,1,5,False,1,1
41810,145,random,10,0.6616242038216561,0,5,None,66,1,5,False,1,1
41811,146,random,10,0.6563495222929936,0,5,None,66,1,5,False,1,1
41812,147,random,10,0.6547571656050956,0,5,None,66,1,5,False,1,1
41813,148,random,10,0.6541600318471338,0,5,None,66,1,5,False,1,1
41814,149,random,10,0.653562898089172,0,5,None,66,1,5,False,1,1
41815,145,random,10,0.6664012738853503,0,7,None,66,1,5,False,1,1
41816,146,random,10,0.6674960191082803,0,7,None,66,1,5,False,1,1
41817,147,random,10,0.6683917197452229,0,7,None,66,1,5,False,1,1
41818,148,random,10,0.6705812101910829,0,7,None,66,1,5,False,1,1
41819,149,random,10,0.6715764331210191,0,7,None,66,1,5,False,1,1
41820,145,random,10,0.6243033439490446,0,9,None,66,1,5,False,1,1
41821,146,random,10,0.6248009554140127,0,9,None,66,1,5,False,1,1
41822,147,random,10,0.6257961783439491,0,9,None,66,1,5,False,1,1
41823,148,random,10,0.6265923566878981,0,9,None,66,1,5,False,1,1
41824,149,random,10,0.6262937898089171,0,9,None,66,1,5,False,1,1
41825,145,random,10,0.6772492038216561,0,12,None,66,1,5,False,1,1
41826,146,random,10,0.6782444267515924,0,12,None,66,1,5,False,1,1
41827,147,random,10,0.6789410828025477,0,12,None,66,1,5,False,1,1
41828,148,random,10,0.6790406050955414,0,12,None,66,1,5,False,1,1
41829,149,random,10,0.6793391719745223,0,12,None,66,1,5,False,1,1
41830,145,random,10,0.7019307324840764,0,18,None,66,1,5,False,1,1
41831,146,random,10,0.6990445859872612,0,18,None,66,1,5,False,1,1
41832,147,random,10,0.7002388535031847,0,18,None,66,1,5,False,1,1
41833,148,random,10,0.701234076433121,0,18,None,66,1,5,False,1,1
41834,149,random,10,0.70203025477707,0,18,None,66,1,5,False,1,1
41835,145,random,10,0.6465963375796179,0,28,None,66,1,5,False,1,1
41836,146,random,10,0.6474920382165605,0,28,None,66,1,5,False,1,1
41837,147,random,10,0.6488853503184714,0,28,None,66,1,5,False,1,1
41838,148,random,10,0.6507762738853503,0,28,None,66,1,5,False,1,1
41839,149,random,10,0.651671974522293,0,28,None,66,1,5,False,1,1
41840,145,random,10,0.6378383757961783,0,15,None,66,1,5,False,1,1
41841,146,random,10,0.6361464968152867,0,15,None,66,1,5,False,1,1
41842,147,random,10,0.6364450636942676,0,15,None,66,1,5,False,1,1
41843,148,random,10,0.6362460191082803,0,15,None,66,1,5,False,1,1
41844,149,random,10,0.6362460191082803,0,15,None,66,1,5,False,1,1
41845,145,random,10,0.5644904458598726,0,4,None,66,1,5,False,1,1
41846,146,random,10,0.5302547770700637,0,4,None,66,1,5,False,1,1
41847,147,random,10,0.5286624203821656,0,4,None,66,1,5,False,1,1
41848,148,random,10,0.5307523885350318,0,4,None,66,1,5,False,1,1
41849,149,random,10,0.5338375796178344,0,4,None,66,1,5,False,1,1
41850,145,random,10,0.6623208598726115,0,0,None,66,1,5,False,1,1
41851,146,random,10,0.6609275477707006,0,0,None,66,1,5,False,1,1
41852,147,random,10,0.6606289808917197,0,0,None,66,1,5,False,1,1
41853,148,random,10,0.6611265923566879,0,0,None,66,1,5,False,1,1
41854,149,random,10,0.6621218152866242,0,0,None,66,1,5,False,1,1
41855,145,random,10,0.6486863057324841,0,6,None,66,1,5,False,1,1
41856,146,random,10,0.6479896496815286,0,6,None,66,1,5,False,1,1
41857,147,random,10,0.6492834394904459,0,6,None,66,1,5,False,1,1
41858,148,random,10,0.6501791401273885,0,6,None,66,1,5,False,1,1
41859,149,random,10,0.650577229299363,0,6,None,66,1,5,False,1,1
41860,145,random,10,0.6165406050955414,0,8,None,66,1,5,False,1,1
41861,146,random,10,0.6070859872611465,0,8,None,66,1,5,False,1,1
41862,147,random,10,0.6069864649681529,0,8,None,66,1,5,False,1,1
41863,148,random,10,0.6071855095541401,0,8,None,66,1,5,False,1,1
41864,149,random,10,0.6089769108280255,0,8,None,66,1,5,False,1,1
41865,145,random,10,0.6621218152866242,0,10,None,66,1,5,False,1,1
41866,146,random,10,0.6678941082802548,0,10,None,66,1,5,False,1,1
41867,147,random,10,0.6726711783439491,0,10,None,66,1,5,False,1,1
41868,148,random,10,0.6769506369426752,0,10,None,66,1,5,False,1,1
41869,149,random,10,0.6792396496815286,0,10,None,66,1,5,False,1,1
41870,145,random,10,0.6736664012738853,0,20,None,66,1,5,False,1,1
41871,146,random,10,0.6734673566878981,0,20,None,66,1,5,False,1,1
41872,147,random,10,0.674562101910828,0,20,None,66,1,5,False,1,1
41873,148,random,10,0.6760549363057324,0,20,None,66,1,5,False,1,1
41874,149,random,10,0.6765525477707006,0,20,None,66,1,5,False,1,1
41875,145,random,10,0.6660031847133758,0,22,None,66,1,5,False,1,1
41876,146,random,10,0.6621218152866242,0,22,None,66,1,5,False,1,1
41877,147,random,10,0.6606289808917197,0,22,None,66,1,5,False,1,1
41878,148,random,10,0.6598328025477707,0,22,None,66,1,5,False,1,1
41879,149,random,10,0.6596337579617835,0,22,None,66,1,5,False,1,1
41880,145,random,10,0.6039012738853503,0,23,None,66,1,5,False,1,1
41881,146,random,10,0.6000199044585988,0,23,None,66,1,5,False,1,1
41882,147,random,10,0.6003184713375797,0,23,None,66,1,5,False,1,1
41883,148,random,10,0.6018113057324841,0,23,None,66,1,5,False,1,1
41884,149,random,10,0.6044984076433121,0,23,None,66,1,5,False,1,1
41885,145,random,10,0.5747412420382165,0,32,None,66,1,5,False,1,1
41886,146,random,10,0.5661823248407644,0,32,None,66,1,5,False,1,1
41887,147,random,10,0.5638933121019108,0,32,None,66,1,5,False,1,1
41888,148,random,10,0.5625995222929936,0,32,None,66,1,5,False,1,1
41889,149,random,10,0.5625,0,32,None,66,1,5,False,1,1
41890,145,random,10,0.6890923566878981,0,11,None,66,1,5,False,1,1
41891,146,random,10,0.6886942675159236,0,11,None,66,1,5,False,1,1
41892,147,random,10,0.6877985668789809,0,11,None,66,1,5,False,1,1
41893,148,random,10,0.6872014331210191,0,11,None,66,1,5,False,1,1
41894,149,random,10,0.6873009554140127,0,11,None,66,1,5,False,1,1
41895,145,random,10,0.6453025477707006,0,17,None,66,1,5,False,1,1
41896,146,random,10,0.6475915605095541,0,17,None,66,1,5,False,1,1
41897,147,random,10,0.6498805732484076,0,17,None,66,1,5,False,1,1
41898,148,random,10,0.6520700636942676,0,17,None,66,1,5,False,1,1
41899,149,random,10,0.6523686305732485,0,17,None,66,1,5,False,1,1
41900,145,random,10,0.6328622611464968,0,3,None,66,1,5,False,1,1
41901,146,random,10,0.6309713375796179,0,3,None,66,1,5,False,1,1
41902,147,random,10,0.6326632165605095,0,3,None,66,1,5,False,1,1
41903,148,random,10,0.6351512738853503,0,3,None,66,1,5,False,1,1
41904,149,random,10,0.6370421974522293,0,3,None,66,1,5,False,1,1
41905,145,random,10,0.5623009554140127,0,24,None,66,1,5,False,1,1
41906,146,random,10,0.5755374203821656,0,24,None,66,1,5,False,1,1
41907,147,random,10,0.5848925159235668,0,24,None,66,1,5,False,1,1
41908,148,random,10,0.5934514331210191,0,24,None,66,1,5,False,1,1
41909,149,random,10,0.6001194267515924,0,24,None,66,1,5,False,1,1
41910,150,random,10,0.6714769108280255,0,1,None,66,1,5,False,1,1
41911,151,random,10,0.6795382165605095,0,1,None,66,1,5,False,1,1
41912,152,random,10,0.6851114649681529,0,1,None,66,1,5,False,1,1
41913,153,random,10,0.6869028662420382,0,1,None,66,1,5,False,1,1
41914,154,random,10,0.6880971337579618,0,1,None,66,1,5,False,1,1
41915,150,random,10,0.622312898089172,0,2,None,66,1,5,False,1,1
41916,151,random,10,0.6033041401273885,0,2,None,66,1,5,False,1,1
41917,152,random,10,0.5925557324840764,0,2,None,66,1,5,False,1,1
41918,153,random,10,0.5833001592356688,0,2,None,66,1,5,False,1,1
41919,154,random,10,0.5771297770700637,0,2,None,66,1,5,False,1,1
41920,150,random,10,0.6732683121019108,0,22,None,66,1,5,False,1,1
41921,151,random,10,0.6694864649681529,0,22,None,66,1,5,False,1,1
41922,152,random,10,0.6677945859872612,0,22,None,66,1,5,False,1,1
41923,153,random,10,0.666202229299363,0,22,None,66,1,5,False,1,1
41924,154,random,10,0.6649084394904459,0,22,None,66,1,5,False,1,1
41925,150,random,10,0.606687898089172,0,23,None,66,1,5,False,1,1
41926,151,random,10,0.6096735668789809,0,23,None,66,1,5,False,1,1
41927,152,random,10,0.6091759554140127,0,23,None,66,1,5,False,1,1
41928,153,random,10,0.6110668789808917,0,23,None,66,1,5,False,1,1
41929,154,random,10,0.6117635350318471,0,23,None,66,1,5,False,1,1
41930,150,random,10,0.6532643312101911,0,5,None,66,1,5,False,1,1
41931,151,random,10,0.6528662420382165,0,5,None,66,1,5,False,1,1
41932,152,random,10,0.652468152866242,0,5,None,66,1,5,False,1,1
41933,153,random,10,0.6518710191082803,0,5,None,66,1,5,False,1,1
41934,154,random,10,0.6517714968152867,0,5,None,66,1,5,False,1,1
41935,150,random,10,0.4670581210191082,0,14,None,66,1,5,False,1,1
41936,151,random,10,0.464968152866242,0,14,None,66,1,5,False,1,1
41937,152,random,10,0.4637738853503185,0,14,None,66,1,5,False,1,1
41938,153,random,10,0.4639729299363057,0,14,None,66,1,5,False,1,1
41939,154,random,10,0.4638734076433121,0,14,None,66,1,5,False,1,1
41940,150,random,10,0.6265923566878981,0,9,None,66,1,5,False,1,1
41941,151,random,10,0.6261942675159236,0,9,None,66,1,5,False,1,1
41942,152,random,10,0.6262937898089171,0,9,None,66,1,5,False,1,1
41943,153,random,10,0.6271894904458599,0,9,None,66,1,5,False,1,1
41944,154,random,10,0.6270899681528662,0,9,None,66,1,5,False,1,1
41945,150,random,10,0.5941480891719745,0,29,None,66,1,5,False,1,1
41946,151,random,10,0.5842953821656051,0,29,None,66,1,5,False,1,1
41947,152,random,10,0.5793192675159236,0,29,None,66,1,5,False,1,1
41948,153,random,10,0.5756369426751592,0,29,None,66,1,5,False,1,1
41949,154,random,10,0.5750398089171974,0,29,None,66,1,5,False,1,1
41950,150,random,10,0.6849124203821656,0,13,None,66,1,5,False,1,1
41951,151,random,10,0.6826234076433121,0,13,None,66,1,5,False,1,1
41952,152,random,10,0.6833200636942676,0,13,None,66,1,5,False,1,1
41953,153,random,10,0.6844148089171974,0,13,None,66,1,5,False,1,1
41954,154,random,10,0.6860071656050956,0,13,None,66,1,5,False,1,1
41955,150,random,10,0.6804339171974523,0,12,None,66,1,5,False,1,1
41956,151,random,10,0.6811305732484076,0,12,None,66,1,5,False,1,1
41957,152,random,10,0.6815286624203821,0,12,None,66,1,5,False,1,1
41958,153,random,10,0.6817277070063694,0,12,None,66,1,5,False,1,1
41959,154,random,10,0.6819267515923567,0,12,None,66,1,5,False,1,1
41960,150,random,10,0.6739649681528662,0,25,None,66,1,5,False,1,1
41961,151,random,10,0.6567476114649682,0,25,None,66,1,5,False,1,1
41962,152,random,10,0.6483877388535032,0,25,None,66,1,5,False,1,1
41963,153,random,10,0.6469944267515924,0,25,None,66,1,5,False,1,1
41964,154,random,10,0.6455015923566879,0,25,None,66,1,5,False,1,1
41965,150,random,10,0.5942476114649682,0,26,None,66,1,5,False,1,1
41966,151,random,10,0.5921576433121019,0,26,None,66,1,5,False,1,1
41967,152,random,10,0.5917595541401274,0,26,None,66,1,5,False,1,1
41968,153,random,10,0.5913614649681529,0,26,None,66,1,5,False,1,1
41969,154,random,10,0.5915605095541401,0,26,None,66,1,5,False,1,1
41970,150,random,10,0.6374402866242038,0,15,None,66,1,5,False,1,1
41971,151,random,10,0.6378383757961783,0,15,None,66,1,5,False,1,1
41972,152,random,10,0.6391321656050956,0,15,None,66,1,5,False,1,1
41973,153,random,10,0.6400278662420382,0,15,None,66,1,5,False,1,1
41974,154,random,10,0.6401273885350318,0,15,None,66,1,5,False,1,1
41975,150,random,10,0.6825238853503185,0,10,None,66,1,5,False,1,1
41976,151,random,10,0.6841162420382165,0,10,None,66,1,5,False,1,1
41977,152,random,10,0.6854100318471338,0,10,None,66,1,5,False,1,1
41978,153,random,10,0.6876990445859873,0,10,None,66,1,5,False,1,1
41979,154,random,10,0.6891918789808917,0,10,None,66,1,5,False,1,1
41980,150,random,10,0.6957603503184714,0,11,None,66,1,5,False,1,1
41981,151,random,10,0.6934713375796179,0,11,None,66,1,5,False,1,1
41982,152,random,10,0.6935708598726115,0,11,None,66,1,5,False,1,1
41983,153,random,10,0.6941679936305732,0,11,None,66,1,5,False,1,1
41984,154,random,10,0.6943670382165605,0,11,None,66,1,5,False,1,1
41985,150,random,10,0.6747611464968153,0,20,None,66,1,5,False,1,1
41986,151,random,10,0.6771496815286624,0,20,None,66,1,5,False,1,1
41987,152,random,10,0.6793391719745223,0,20,None,66,1,5,False,1,1
41988,153,random,10,0.6822253184713376,0,20,None,66,1,5,False,1,1
41989,154,random,10,0.6834195859872612,0,20,None,66,1,5,False,1,1
41990,150,random,10,0.5332404458598726,0,4,None,66,1,5,False,1,1
41991,151,random,10,0.5250796178343949,0,4,None,66,1,5,False,1,1
41992,152,random,10,0.5277667197452229,0,4,None,66,1,5,False,1,1
41993,153,random,10,0.533140923566879,0,4,None,66,1,5,False,1,1
41994,154,random,10,0.5376194267515924,0,4,None,66,1,5,False,1,1
41995,150,random,10,0.6429140127388535,0,28,None,66,1,5,False,1,1
41996,151,random,10,0.6418192675159236,0,28,None,66,1,5,False,1,1
41997,152,random,10,0.6431130573248408,0,28,None,66,1,5,False,1,1
41998,153,random,10,0.6451035031847133,0,28,None,66,1,5,False,1,1
41999,154,random,10,0.6464968152866242,0,28,None,66,1,5,False,1,1
42000,150,random,10,0.6548566878980892,0,17,None,66,1,5,False,1,1
42001,151,random,10,0.65625,0,17,None,66,1,5,False,1,1
42002,152,random,10,0.6576433121019108,0,17,None,66,1,5,False,1,1
42003,153,random,10,0.6596337579617835,0,17,None,66,1,5,False,1,1
42004,154,random,10,0.6606289808917197,0,17,None,66,1,5,False,1,1
42005,150,random,10,0.5472730891719745,0,24,None,66,1,5,False,1,1
42006,151,random,10,0.5608081210191083,0,24,None,66,1,5,False,1,1
42007,152,random,10,0.5774283439490446,0,24,None,66,1,5,False,1,1
42008,153,random,10,0.5912619426751592,0,24,None,66,1,5,False,1,1
42009,154,random,10,0.6004179936305732,0,24,None,66,1,5,False,1,1
42010,150,random,10,0.6698845541401274,0,27,None,66,1,5,False,1,1
42011,151,random,10,0.6712778662420382,0,27,None,66,1,5,False,1,1
42012,152,random,10,0.6731687898089171,0,27,None,66,1,5,False,1,1
42013,153,random,10,0.6739649681528662,0,27,None,66,1,5,False,1,1
42014,154,random,10,0.6750597133757962,0,27,None,66,1,5,False,1,1
42015,150,random,10,0.6587380573248408,0,0,None,66,1,5,False,1,1
42016,151,random,10,0.6580414012738853,0,0,None,66,1,5,False,1,1
42017,152,random,10,0.6591361464968153,0,0,None,66,1,5,False,1,1
42018,153,random,10,0.6606289808917197,0,0,None,66,1,5,False,1,1
42019,154,random,10,0.6609275477707006,0,0,None,66,1,5,False,1,1
42020,150,random,10,0.6790406050955414,0,30,None,66,1,5,False,1,1
42021,151,random,10,0.679140127388535,0,30,None,66,1,5,False,1,1
42022,152,random,10,0.6823248407643312,0,30,None,66,1,5,False,1,1
42023,153,random,10,0.6843152866242038,0,30,None,66,1,5,False,1,1
42024,154,random,10,0.6854100318471338,0,30,None,66,1,5,False,1,1
42025,150,random,10,0.6283837579617835,0,31,None,66,1,5,False,1,1
42026,151,random,10,0.6320660828025477,0,31,None,66,1,5,False,1,1
42027,152,random,10,0.6339570063694268,0,31,None,66,1,5,False,1,1
42028,153,random,10,0.636843152866242,0,31,None,66,1,5,False,1,1
42029,154,random,10,0.6390326433121019,0,31,None,66,1,5,False,1,1
42030,150,random,10,0.6499800955414012,0,6,None,66,1,5,False,1,1
42031,151,random,10,0.6502786624203821,0,6,None,66,1,5,False,1,1
42032,152,random,10,0.6502786624203821,0,6,None,66,1,5,False,1,1
42033,153,random,10,0.6513734076433121,0,6,None,66,1,5,False,1,1
42034,154,random,10,0.6517714968152867,0,6,None,66,1,5,False,1,1
42035,150,random,10,0.6350517515923567,0,3,None,66,1,5,False,1,1
42036,151,random,10,0.6348527070063694,0,3,None,66,1,5,False,1,1
42037,152,random,10,0.6364450636942676,0,3,None,66,1,5,False,1,1
42038,153,random,10,0.6377388535031847,0,3,None,66,1,5,False,1,1
42039,154,random,10,0.6397292993630573,0,3,None,66,1,5,False,1,1
42040,150,random,10,0.6697850318471338,0,7,None,66,1,5,False,1,1
42041,151,random,10,0.6722730891719745,0,7,None,66,1,5,False,1,1
42042,152,random,10,0.6738654458598726,0,7,None,66,1,5,False,1,1
42043,153,random,10,0.6757563694267515,0,7,None,66,1,5,False,1,1
42044,154,random,10,0.6774482484076433,0,7,None,66,1,5,False,1,1
42045,150,random,10,0.7048168789808917,0,16,None,66,1,5,False,1,1
42046,151,random,10,0.7057125796178344,0,16,None,66,1,5,False,1,1
42047,152,random,10,0.7062101910828026,0,16,None,66,1,5,False,1,1
42048,153,random,10,0.7071058917197452,0,16,None,66,1,5,False,1,1
42049,154,random,10,0.708797770700637,0,16,None,66,1,5,False,1,1
42050,150,random,10,0.578125,0,32,None,66,1,5,False,1,1
42051,151,random,10,0.5711584394904459,0,32,None,66,1,5,False,1,1
42052,152,random,10,0.5694665605095541,0,32,None,66,1,5,False,1,1
42053,153,random,10,0.5687699044585988,0,32,None,66,1,5,False,1,1
42054,154,random,10,0.5687699044585988,0,32,None,66,1,5,False,1,1
42055,150,random,10,0.703125,0,18,None,66,1,5,False,1,1
42056,151,random,10,0.7022292993630573,0,18,None,66,1,5,False,1,1
42057,152,random,10,0.7034235668789809,0,18,None,66,1,5,False,1,1
42058,153,random,10,0.7038216560509554,0,18,None,66,1,5,False,1,1
42059,154,random,10,0.7040207006369427,0,18,None,66,1,5,False,1,1
42060,150,random,10,0.6187300955414012,0,8,None,66,1,5,False,1,1
42061,151,random,10,0.6085788216560509,0,8,None,66,1,5,False,1,1
42062,152,random,10,0.6087778662420382,0,8,None,66,1,5,False,1,1
42063,153,random,10,0.6096735668789809,0,8,None,66,1,5,False,1,1
42064,154,random,10,0.6109673566878981,0,8,None,66,1,5,False,1,1
42065,150,random,10,0.5907643312101911,0,19,None,66,1,5,False,1,1
42066,151,random,10,0.5901671974522293,0,19,None,66,1,5,False,1,1
42067,152,random,10,0.5895700636942676,0,19,None,66,1,5,False,1,1
42068,153,random,10,0.5896695859872612,0,19,None,66,1,5,False,1,1
42069,154,random,10,0.5887738853503185,0,19,None,66,1,5,False,1,1
42070,150,random,10,0.6708797770700637,0,21,None,66,1,5,False,1,1
42071,151,random,10,0.669984076433121,0,21,None,66,1,5,False,1,1
42072,152,random,10,0.6728702229299363,0,21,None,66,1,5,False,1,1
42073,153,random,10,0.6744625796178344,0,21,None,66,1,5,False,1,1
42074,154,random,10,0.6760549363057324,0,21,None,66,1,5,False,1,1
47190,155,random,10,0.6521695859872612,0,5,None,66,1,5,False,1,1
47191,156,random,10,0.6508757961783439,0,5,None,66,1,5,False,1,1
47192,157,random,10,0.6502786624203821,0,5,None,66,1,5,False,1,1
47193,158,random,10,0.649781050955414,0,5,None,66,1,5,False,1,1
47194,159,random,10,0.6491839171974523,0,5,None,66,1,5,False,1,1
47195,155,random,10,0.6870023885350318,0,13,None,66,1,5,False,1,1
47196,156,random,10,0.6855095541401274,0,13,None,66,1,5,False,1,1
47197,157,random,10,0.6857085987261147,0,13,None,66,1,5,False,1,1
47198,158,random,10,0.6875,0,13,None,66,1,5,False,1,1
47199,159,random,10,0.68859474522293,0,13,None,66,1,5,False,1,1
47200,155,random,10,0.64171974522293,0,15,None,66,1,5,False,1,1
47201,156,random,10,0.64171974522293,0,15,None,66,1,5,False,1,1
47202,157,random,10,0.6419187898089171,0,15,None,66,1,5,False,1,1
47203,158,random,10,0.6422173566878981,0,15,None,66,1,5,False,1,1
47204,159,random,10,0.6422173566878981,0,15,None,66,1,5,False,1,1
47205,155,random,10,0.6909832802547771,0,10,None,66,1,5,False,1,1
47206,156,random,10,0.6895899681528662,0,10,None,66,1,5,False,1,1
47207,157,random,10,0.6921775477707006,0,10,None,66,1,5,False,1,1
47208,158,random,10,0.6930732484076433,0,10,None,66,1,5,False,1,1
47209,159,random,10,0.694765127388535,0,10,None,66,1,5,False,1,1
47210,155,random,10,0.6984474522292994,0,11,None,66,1,5,False,1,1
47211,156,random,10,0.6978503184713376,0,11,None,66,1,5,False,1,1
47212,157,random,10,0.6973527070063694,0,11,None,66,1,5,False,1,1
47213,158,random,10,0.697452229299363,0,11,None,66,1,5,False,1,1
47214,159,random,10,0.6972531847133758,0,11,None,66,1,5,False,1,1
47215,155,random,10,0.6663017515923567,0,21,None,66,1,5,False,1,1
47216,156,random,10,0.6687898089171974,0,21,None,66,1,5,False,1,1
47217,157,random,10,0.6728702229299363,0,21,None,66,1,5,False,1,1
47218,158,random,10,0.6743630573248408,0,21,None,66,1,5,False,1,1
47219,159,random,10,0.6757563694267515,0,21,None,66,1,5,False,1,1
47220,155,random,10,0.6907842356687898,0,20,None,66,1,5,False,1,1
47221,156,random,10,0.6904856687898089,0,20,None,66,1,5,False,1,1
47222,157,random,10,0.690187101910828,0,20,None,66,1,5,False,1,1
47223,158,random,10,0.6904856687898089,0,20,None,66,1,5,False,1,1
47224,159,random,10,0.6899880573248408,0,20,None,66,1,5,False,1,1
47225,155,random,10,0.5573248407643312,0,24,None,66,1,5,False,1,1
47226,156,random,10,0.5704617834394905,0,24,None,66,1,5,False,1,1
47227,157,random,10,0.588077229299363,0,24,None,66,1,5,False,1,1
47228,158,random,10,0.6009156050955414,0,24,None,66,1,5,False,1,1
47229,159,random,10,0.6115644904458599,0,24,None,66,1,5,False,1,1
47230,155,random,10,0.6673964968152867,0,22,None,66,1,5,False,1,1
47231,156,random,10,0.6652070063694268,0,22,None,66,1,5,False,1,1
47232,157,random,10,0.6650079617834395,0,22,None,66,1,5,False,1,1
47233,158,random,10,0.6647093949044586,0,22,None,66,1,5,False,1,1
47234,159,random,10,0.6644108280254777,0,22,None,66,1,5,False,1,1
47235,155,random,10,0.6122611464968153,0,23,None,66,1,5,False,1,1
47236,156,random,10,0.6140525477707006,0,23,None,66,1,5,False,1,1
47237,157,random,10,0.6161425159235668,0,23,None,66,1,5,False,1,1
47238,158,random,10,0.6170382165605095,0,23,None,66,1,5,False,1,1
47239,159,random,10,0.6182324840764332,0,23,None,66,1,5,False,1,1
47240,155,random,10,0.6604299363057324,0,17,None,66,1,5,False,1,1
47241,156,random,10,0.661922770700637,0,17,None,66,1,5,False,1,1
47242,157,random,10,0.663515127388535,0,17,None,66,1,5,False,1,1
47243,158,random,10,0.6641122611464968,0,17,None,66,1,5,False,1,1
47244,159,random,10,0.6656050955414012,0,17,None,66,1,5,False,1,1
47245,155,random,10,0.6761544585987261,0,27,None,66,1,5,False,1,1
47246,156,random,10,0.6763535031847133,0,27,None,66,1,5,False,1,1
47247,157,random,10,0.6768511146496815,0,27,None,66,1,5,False,1,1
47248,158,random,10,0.6784434713375797,0,27,None,66,1,5,False,1,1
47249,159,random,10,0.6794386942675159,0,27,None,66,1,5,False,1,1
47250,155,random,10,0.6831210191082803,0,12,None,66,1,5,False,1,1
47251,156,random,10,0.6831210191082803,0,12,None,66,1,5,False,1,1
47252,157,random,10,0.6834195859872612,0,12,None,66,1,5,False,1,1
47253,158,random,10,0.6835191082802548,0,12,None,66,1,5,False,1,1
47254,159,random,10,0.6840167197452229,0,12,None,66,1,5,False,1,1
47255,155,random,10,0.5957404458598726,0,26,None,66,1,5,False,1,1
47256,156,random,10,0.5942476114649682,0,26,None,66,1,5,False,1,1
47257,157,random,10,0.59265525477707,0,26,None,66,1,5,False,1,1
47258,158,random,10,0.5929538216560509,0,26,None,66,1,5,False,1,1
47259,159,random,10,0.5909633757961783,0,26,None,66,1,5,False,1,1
47260,155,random,10,0.6494824840764332,0,6,None,66,1,5,False,1,1
47261,156,random,10,0.6518710191082803,0,6,None,66,1,5,False,1,1
47262,157,random,10,0.654359076433121,0,6,None,66,1,5,False,1,1
47263,158,random,10,0.6544585987261147,0,6,None,66,1,5,False,1,1
47264,159,random,10,0.6541600318471338,0,6,None,66,1,5,False,1,1
47265,155,random,10,0.682921974522293,0,30,None,66,1,5,False,1,1
47266,156,random,10,0.6845143312101911,0,30,None,66,1,5,False,1,1
47267,157,random,10,0.6871019108280255,0,30,None,66,1,5,False,1,1
47268,158,random,10,0.68859474522293,0,30,None,66,1,5,False,1,1
47269,159,random,10,0.6902866242038217,0,30,None,66,1,5,False,1,1
47270,155,random,10,0.6440087579617835,0,31,None,66,1,5,False,1,1
47271,156,random,10,0.6481886942675159,0,31,None,66,1,5,False,1,1
47272,157,random,10,0.648984872611465,0,31,None,66,1,5,False,1,1
47273,158,random,10,0.6519705414012739,0,31,None,66,1,5,False,1,1
47274,159,random,10,0.654359076433121,0,31,None,66,1,5,False,1,1
47275,155,random,10,0.6438097133757962,0,28,None,66,1,5,False,1,1
47276,156,random,10,0.6418192675159236,0,28,None,66,1,5,False,1,1
47277,157,random,10,0.6422173566878981,0,28,None,66,1,5,False,1,1
47278,158,random,10,0.6453025477707006,0,28,None,66,1,5,False,1,1
47279,159,random,10,0.6472929936305732,0,28,None,66,1,5,False,1,1
47280,155,random,10,0.580015923566879,0,32,None,66,1,5,False,1,1
47281,156,random,10,0.5745421974522293,0,32,None,66,1,5,False,1,1
47282,157,random,10,0.5734474522292994,0,32,None,66,1,5,False,1,1
47283,158,random,10,0.571656050955414,0,32,None,66,1,5,False,1,1
47284,159,random,10,0.571656050955414,0,32,None,66,1,5,False,1,1
47285,155,random,10,0.6730692675159236,0,7,None,66,1,5,False,1,1
47286,156,random,10,0.6753582802547771,0,7,None,66,1,5,False,1,1
47287,157,random,10,0.6780453821656051,0,7,None,66,1,5,False,1,1
47288,158,random,10,0.6804339171974523,0,7,None,66,1,5,False,1,1
47289,159,random,10,0.6824243630573248,0,7,None,66,1,5,False,1,1
47290,155,random,10,0.6807324840764332,0,1,None,66,1,5,False,1,1
47291,156,random,10,0.685609076433121,0,1,None,66,1,5,False,1,1
47292,157,random,10,0.6882961783439491,0,1,None,66,1,5,False,1,1
47293,158,random,10,0.6899880573248408,0,1,None,66,1,5,False,1,1
47294,159,random,10,0.6910828025477707,0,1,None,66,1,5,False,1,1
47295,155,random,10,0.6199243630573248,0,2,None,66,1,5,False,1,1
47296,156,random,10,0.6024084394904459,0,2,None,66,1,5,False,1,1
47297,157,random,10,0.5902667197452229,0,2,None,66,1,5,False,1,1
47298,158,random,10,0.580812101910828,0,2,None,66,1,5,False,1,1
47299,159,random,10,0.5746417197452229,0,2,None,66,1,5,False,1,1
47300,155,random,10,0.6224124203821656,0,8,None,66,1,5,False,1,1
47301,156,random,10,0.6116640127388535,0,8,None,66,1,5,False,1,1
47302,157,random,10,0.6122611464968153,0,8,None,66,1,5,False,1,1
47303,158,random,10,0.6123606687898089,0,8,None,66,1,5,False,1,1
47304,159,random,10,0.6135549363057324,0,8,None,66,1,5,False,1,1
47305,155,random,10,0.5353304140127388,0,4,None,66,1,5,False,1,1
47306,156,random,10,0.5304538216560509,0,4,None,66,1,5,False,1,1
47307,157,random,10,0.5309514331210191,0,4,None,66,1,5,False,1,1
47308,158,random,10,0.5348328025477707,0,4,None,66,1,5,False,1,1
47309,159,random,10,0.5395103503184714,0,4,None,66,1,5,False,1,1
47310,155,random,10,0.7086982484076433,0,16,None,66,1,5,False,1,1
47311,156,random,10,0.7085987261146497,0,16,None,66,1,5,False,1,1
47312,157,random,10,0.7086982484076433,0,16,None,66,1,5,False,1,1
47313,158,random,10,0.708797770700637,0,16,None,66,1,5,False,1,1
47314,159,random,10,0.7098925159235668,0,16,None,66,1,5,False,1,1
47315,155,random,10,0.7015326433121019,0,18,None,66,1,5,False,1,1
47316,156,random,10,0.7013335987261147,0,18,None,66,1,5,False,1,1
47317,157,random,10,0.7024283439490446,0,18,None,66,1,5,False,1,1
47318,158,random,10,0.7030254777070064,0,18,None,66,1,5,False,1,1
47319,159,random,10,0.7028264331210191,0,18,None,66,1,5,False,1,1
47320,155,random,10,0.5902667197452229,0,19,None,66,1,5,False,1,1
47321,156,random,10,0.589968152866242,0,19,None,66,1,5,False,1,1
47322,157,random,10,0.5894705414012739,0,19,None,66,1,5,False,1,1
47323,158,random,10,0.5890724522292994,0,19,None,66,1,5,False,1,1
47324,159,random,10,0.5889729299363057,0,19,None,66,1,5,False,1,1
47325,155,random,10,0.6611265923566879,0,0,None,66,1,5,False,1,1
47326,156,random,10,0.6607285031847133,0,0,None,66,1,5,False,1,1
47327,157,random,10,0.6606289808917197,0,0,None,66,1,5,False,1,1
47328,158,random,10,0.6614251592356688,0,0,None,66,1,5,False,1,1
47329,159,random,10,0.6617237261146497,0,0,None,66,1,5,False,1,1
47330,155,random,10,0.6382364649681529,0,3,None,66,1,5,False,1,1
47331,156,random,10,0.6372412420382165,0,3,None,66,1,5,False,1,1
47332,157,random,10,0.6404259554140127,0,3,None,66,1,5,False,1,1
47333,158,random,10,0.64171974522293,0,3,None,66,1,5,False,1,1
47334,159,random,10,0.6438097133757962,0,3,None,66,1,5,False,1,1
47335,155,random,10,0.4682523885350318,0,14,None,66,1,5,False,1,1
47336,156,random,10,0.4683519108280254,0,14,None,66,1,5,False,1,1
47337,157,random,10,0.4716361464968153,0,14,None,66,1,5,False,1,1
47338,158,random,10,0.4746218152866242,0,14,None,66,1,5,False,1,1
47339,159,random,10,0.4763136942675159,0,14,None,66,1,5,False,1,1
47340,155,random,10,0.6273885350318471,0,9,None,66,1,5,False,1,1
47341,156,random,10,0.6269904458598726,0,9,None,66,1,5,False,1,1
47342,157,random,10,0.6270899681528662,0,9,None,66,1,5,False,1,1
47343,158,random,10,0.6277866242038217,0,9,None,66,1,5,False,1,1
47344,159,random,10,0.6274880573248408,0,9,None,66,1,5,False,1,1
47345,155,random,10,0.681031050955414,0,25,None,66,1,5,False,1,1
47346,156,random,10,0.6610270700636943,0,25,None,66,1,5,False,1,1
47347,157,random,10,0.6539609872611465,0,25,None,66,1,5,False,1,1
47348,158,random,10,0.6494824840764332,0,25,None,66,1,5,False,1,1
47349,159,random,10,0.6479896496815286,0,25,None,66,1,5,False,1,1
47350,155,random,10,0.602109872611465,0,29,None,66,1,5,False,1,1
47351,156,random,10,0.5924562101910829,0,29,None,66,1,5,False,1,1
47352,157,random,10,0.5863853503184714,0,29,None,66,1,5,False,1,1
47353,158,random,10,0.5833001592356688,0,29,None,66,1,5,False,1,1
47354,159,random,10,0.580812101910828,0,29,None,66,1,5,False,1,1
47355,160,random,10,0.6903861464968153,0,1,None,66,1,5,False,1,1
47356,161,random,10,0.6925756369426752,0,1,None,66,1,5,False,1,1
47357,162,random,10,0.6922770700636943,0,1,None,66,1,5,False,1,1
47358,163,random,10,0.6935708598726115,0,1,None,66,1,5,False,1,1
47359,164,random,10,0.6929737261146497,0,1,None,66,1,5,False,1,1
47360,160,random,10,0.5990246815286624,0,2,None,66,1,5,False,1,1
47361,161,random,10,0.5842953821656051,0,2,None,66,1,5,False,1,1
47362,162,random,10,0.5760350318471338,0,2,None,66,1,5,False,1,1
47363,163,random,10,0.5705613057324841,0,2,None,66,1,5,False,1,1
47364,164,random,10,0.5661823248407644,0,2,None,66,1,5,False,1,1
47365,160,random,10,0.5971337579617835,0,23,None,66,1,5,False,1,1
47366,161,random,10,0.6059912420382165,0,23,None,66,1,5,False,1,1
47367,162,random,10,0.6105692675159236,0,23,None,66,1,5,False,1,1
47368,163,random,10,0.6132563694267515,0,23,None,66,1,5,False,1,1
47369,164,random,10,0.6145501592356688,0,23,None,66,1,5,False,1,1
47370,160,random,10,0.6779458598726115,0,27,None,66,1,5,False,1,1
47371,161,random,10,0.6780453821656051,0,27,None,66,1,5,False,1,1
47372,162,random,10,0.6792396496815286,0,27,None,66,1,5,False,1,1
47373,163,random,10,0.6800358280254777,0,27,None,66,1,5,False,1,1
47374,164,random,10,0.6806329617834395,0,27,None,66,1,5,False,1,1
47375,160,random,10,0.6477906050955414,0,28,None,66,1,5,False,1,1
47376,161,random,10,0.6465963375796179,0,28,None,66,1,5,False,1,1
47377,162,random,10,0.6479896496815286,0,28,None,66,1,5,False,1,1
47378,163,random,10,0.6498805732484076,0,28,None,66,1,5,False,1,1
47379,164,random,10,0.6518710191082803,0,28,None,66,1,5,False,1,1
47380,160,random,10,0.7040207006369427,0,16,None,66,1,5,False,1,1
47381,161,random,10,0.7051154458598726,0,16,None,66,1,5,False,1,1
47382,162,random,10,0.7065087579617835,0,16,None,66,1,5,False,1,1
47383,163,random,10,0.7080015923566879,0,16,None,66,1,5,False,1,1
47384,164,random,10,0.709593949044586,0,16,None,66,1,5,False,1,1
47385,160,random,10,0.5791202229299363,0,32,None,66,1,5,False,1,1
47386,161,random,10,0.5787221337579618,0,32,None,66,1,5,False,1,1
47387,162,random,10,0.5782245222929936,0,32,None,66,1,5,False,1,1
47388,163,random,10,0.5778264331210191,0,32,None,66,1,5,False,1,1
47389,164,random,10,0.5776273885350318,0,32,None,66,1,5,False,1,1
47390,160,random,10,0.6438097133757962,0,15,None,66,1,5,False,1,1
47391,161,random,10,0.6442078025477707,0,15,None,66,1,5,False,1,1
47392,162,random,10,0.6442078025477707,0,15,None,66,1,5,False,1,1
47393,163,random,10,0.6443073248407644,0,15,None,66,1,5,False,1,1
47394,164,random,10,0.6442078025477707,0,15,None,66,1,5,False,1,1
47395,160,random,10,0.6955613057324841,0,10,None,66,1,5,False,1,1
47396,161,random,10,0.6967555732484076,0,10,None,66,1,5,False,1,1
47397,162,random,10,0.6972531847133758,0,10,None,66,1,5,False,1,1
47398,163,random,10,0.6981488853503185,0,10,None,66,1,5,False,1,1
47399,164,random,10,0.6991441082802548,0,10,None,66,1,5,False,1,1
47400,160,random,10,0.700437898089172,0,11,None,66,1,5,False,1,1
47401,161,random,10,0.6982484076433121,0,11,None,66,1,5,False,1,1
47402,162,random,10,0.6984474522292994,0,11,None,66,1,5,False,1,1
47403,163,random,10,0.6977507961783439,0,11,None,66,1,5,False,1,1
47404,164,random,10,0.6981488853503185,0,11,None,66,1,5,False,1,1
47405,160,random,10,0.6648089171974523,0,17,None,66,1,5,False,1,1
47406,161,random,10,0.6666003184713376,0,17,None,66,1,5,False,1,1
47407,162,random,10,0.6676950636942676,0,17,None,66,1,5,False,1,1
47408,163,random,10,0.6682921974522293,0,17,None,66,1,5,False,1,1
47409,164,random,10,0.6687898089171974,0,17,None,66,1,5,False,1,1
47410,160,random,10,0.5961385350318471,0,24,None,66,1,5,False,1,1
47411,161,random,10,0.6071855095541401,0,24,None,66,1,5,False,1,1
47412,162,random,10,0.6151472929936306,0,24,None,66,1,5,False,1,1
47413,163,random,10,0.6220143312101911,0,24,None,66,1,5,False,1,1
47414,164,random,10,0.6264928343949044,0,24,None,66,1,5,False,1,1
47415,160,random,10,0.6586385350318471,0,5,None,66,1,5,False,1,1
47416,161,random,10,0.6557523885350318,0,5,None,66,1,5,False,1,1
47417,162,random,10,0.6533638535031847,0,5,None,66,1,5,False,1,1
47418,163,random,10,0.6531648089171974,0,5,None,66,1,5,False,1,1
47419,164,random,10,0.6517714968152867,0,5,None,66,1,5,False,1,1
47420,160,random,10,0.6753582802547771,0,7,None,66,1,5,False,1,1
47421,161,random,10,0.6777468152866242,0,7,None,66,1,5,False,1,1
47422,162,random,10,0.6792396496815286,0,7,None,66,1,5,False,1,1
47423,163,random,10,0.6809315286624203,0,7,None,66,1,5,False,1,1
47424,164,random,10,0.6827229299363057,0,7,None,66,1,5,False,1,1
47425,160,random,10,0.6004179936305732,0,26,None,66,1,5,False,1,1
47426,161,random,10,0.5979299363057324,0,26,None,66,1,5,False,1,1
47427,162,random,10,0.5968351910828026,0,26,None,66,1,5,False,1,1
47428,163,random,10,0.5963375796178344,0,26,None,66,1,5,False,1,1
47429,164,random,10,0.5965366242038217,0,26,None,66,1,5,False,1,1
47430,160,random,10,0.679140127388535,0,30,None,66,1,5,False,1,1
47431,161,random,10,0.6801353503184714,0,30,None,66,1,5,False,1,1
47432,162,random,10,0.6827229299363057,0,30,None,66,1,5,False,1,1
47433,163,random,10,0.6859076433121019,0,30,None,66,1,5,False,1,1
47434,164,random,10,0.6878980891719745,0,30,None,66,1,5,False,1,1
47435,160,random,10,0.6578423566878981,0,6,None,66,1,5,False,1,1
47436,161,random,10,0.6582404458598726,0,6,None,66,1,5,False,1,1
47437,162,random,10,0.6588375796178344,0,6,None,66,1,5,False,1,1
47438,163,random,10,0.6597332802547771,0,6,None,66,1,5,False,1,1
47439,164,random,10,0.6602308917197452,0,6,None,66,1,5,False,1,1
47440,160,random,10,0.6688893312101911,0,22,None,66,1,5,False,1,1
47441,161,random,10,0.6673964968152867,0,22,None,66,1,5,False,1,1
47442,162,random,10,0.6668988853503185,0,22,None,66,1,5,False,1,1
47443,163,random,10,0.6661027070063694,0,22,None,66,1,5,False,1,1
47444,164,random,10,0.6656050955414012,0,22,None,66,1,5,False,1,1
47445,160,random,10,0.680234872611465,0,21,None,66,1,5,False,1,1
47446,161,random,10,0.6798367834394905,0,21,None,66,1,5,False,1,1
47447,162,random,10,0.6808320063694268,0,21,None,66,1,5,False,1,1
47448,163,random,10,0.6812300955414012,0,21,None,66,1,5,False,1,1
47449,164,random,10,0.6817277070063694,0,21,None,66,1,5,False,1,1
47450,160,random,10,0.627687101910828,0,9,None,66,1,5,False,1,1
47451,161,random,10,0.6277866242038217,0,9,None,66,1,5,False,1,1
47452,162,random,10,0.627687101910828,0,9,None,66,1,5,False,1,1
47453,163,random,10,0.6286823248407644,0,9,None,66,1,5,False,1,1
47454,164,random,10,0.6300756369426752,0,9,None,66,1,5,False,1,1
47455,160,random,10,0.4773089171974522,0,14,None,66,1,5,False,1,1
47456,161,random,10,0.4701433121019108,0,14,None,66,1,5,False,1,1
47457,162,random,10,0.477109872611465,0,14,None,66,1,5,False,1,1
47458,163,random,10,0.4841759554140127,0,14,None,66,1,5,False,1,1
47459,164,random,10,0.4879578025477707,0,14,None,66,1,5,False,1,1
47460,160,random,10,0.6477906050955414,0,25,None,66,1,5,False,1,1
47461,161,random,10,0.647093949044586,0,25,None,66,1,5,False,1,1
47462,162,random,10,0.6467953821656051,0,25,None,66,1,5,False,1,1
47463,163,random,10,0.6459992038216561,0,25,None,66,1,5,False,1,1
47464,164,random,10,0.6459992038216561,0,25,None,66,1,5,False,1,1
47465,160,random,10,0.587281050955414,0,29,None,66,1,5,False,1,1
47466,161,random,10,0.5844944267515924,0,29,None,66,1,5,False,1,1
47467,162,random,10,0.5828025477707006,0,29,None,66,1,5,False,1,1
47468,163,random,10,0.5820063694267515,0,29,None,66,1,5,False,1,1
47469,164,random,10,0.5815087579617835,0,29,None,66,1,5,False,1,1
47470,160,random,10,0.6846138535031847,0,12,None,66,1,5,False,1,1
47471,161,random,10,0.6845143312101911,0,12,None,66,1,5,False,1,1
47472,162,random,10,0.6847133757961783,0,12,None,66,1,5,False,1,1
47473,163,random,10,0.6845143312101911,0,12,None,66,1,5,False,1,1
47474,164,random,10,0.684812898089172,0,12,None,66,1,5,False,1,1
47475,160,random,10,0.6899880573248408,0,13,None,66,1,5,False,1,1
47476,161,random,10,0.6910828025477707,0,13,None,66,1,5,False,1,1
47477,162,random,10,0.6908837579617835,0,13,None,66,1,5,False,1,1
47478,163,random,10,0.6921775477707006,0,13,None,66,1,5,False,1,1
47479,164,random,10,0.6932722929936306,0,13,None,66,1,5,False,1,1
47480,160,random,10,0.6721735668789809,0,0,None,66,1,5,False,1,1
47481,161,random,10,0.6711783439490446,0,0,None,66,1,5,False,1,1
47482,162,random,10,0.6709792993630573,0,0,None,66,1,5,False,1,1
47483,163,random,10,0.671875,0,0,None,66,1,5,False,1,1
47484,164,random,10,0.6730692675159236,0,0,None,66,1,5,False,1,1
47485,160,random,10,0.693968949044586,0,20,None,66,1,5,False,1,1
47486,161,random,10,0.6928742038216561,0,20,None,66,1,5,False,1,1
47487,162,random,10,0.6924761146496815,0,20,None,66,1,5,False,1,1
47488,163,random,10,0.6928742038216561,0,20,None,66,1,5,False,1,1
47489,164,random,10,0.6928742038216561,0,20,None,66,1,5,False,1,1
47490,160,random,10,0.578125,0,4,None,66,1,5,False,1,1
47491,161,random,10,0.5485668789808917,0,4,None,66,1,5,False,1,1
47492,162,random,10,0.5436902866242038,0,4,None,66,1,5,False,1,1
47493,163,random,10,0.5467754777070064,0,4,None,66,1,5,False,1,1
47494,164,random,10,0.5496616242038217,0,4,None,66,1,5,False,1,1
47495,160,random,10,0.6156449044585988,0,8,None,66,1,5,False,1,1
47496,161,random,10,0.6125597133757962,0,8,None,66,1,5,False,1,1
47497,162,random,10,0.6138535031847133,0,8,None,66,1,5,False,1,1
47498,163,random,10,0.6159434713375797,0,8,None,66,1,5,False,1,1
47499,164,random,10,0.6174363057324841,0,8,None,66,1,5,False,1,1
47500,160,random,10,0.7082006369426752,0,18,None,66,1,5,False,1,1
47501,161,random,10,0.7043192675159236,0,18,None,66,1,5,False,1,1
47502,162,random,10,0.7047173566878981,0,18,None,66,1,5,False,1,1
47503,163,random,10,0.7057125796178344,0,18,None,66,1,5,False,1,1
47504,164,random,10,0.706906847133758,0,18,None,66,1,5,False,1,1
47505,160,random,10,0.647093949044586,0,3,None,66,1,5,False,1,1
47506,161,random,10,0.644406847133758,0,3,None,66,1,5,False,1,1
47507,162,random,10,0.6460987261146497,0,3,None,66,1,5,False,1,1
47508,163,random,10,0.6476910828025477,0,3,None,66,1,5,False,1,1
47509,164,random,10,0.6492834394904459,0,3,None,66,1,5,False,1,1
47510,160,random,10,0.598328025477707,0,19,None,66,1,5,False,1,1
47511,161,random,10,0.5947452229299363,0,19,None,66,1,5,False,1,1
47512,162,random,10,0.5931528662420382,0,19,None,66,1,5,False,1,1
47513,163,random,10,0.5923566878980892,0,19,None,66,1,5,False,1,1
47514,164,random,10,0.5928542993630573,0,19,None,66,1,5,False,1,1
47515,160,random,10,0.6576433121019108,0,31,None,66,1,5,False,1,1
47516,161,random,10,0.6607285031847133,0,31,None,66,1,5,False,1,1
47517,162,random,10,0.6633160828025477,0,31,None,66,1,5,False,1,1
47518,163,random,10,0.6650079617834395,0,31,None,66,1,5,False,1,1
47519,164,random,10,0.6667993630573248,0,31,None,66,1,5,False,1,1
47671,161,random,10,0.6776472929936306,0,7,None,66,1,5,False,1,1
47685,165,random,10,0.6576433121019108,0,31,None,66,1,5,False,1,1
47686,166,random,10,0.6655055732484076,0,31,None,66,1,5,False,1,1
47687,167,random,10,0.6690883757961783,0,31,None,66,1,5,False,1,1
47688,168,random,10,0.6701831210191083,0,31,None,66,1,5,False,1,1
47689,169,random,10,0.6732683121019108,0,31,None,66,1,5,False,1,1
47690,165,random,10,0.6038017515923567,0,24,None,66,1,5,False,1,1
47691,166,random,10,0.6161425159235668,0,24,None,66,1,5,False,1,1
47692,167,random,10,0.6243033439490446,0,24,None,66,1,5,False,1,1
47693,168,random,10,0.6307722929936306,0,24,None,66,1,5,False,1,1
47694,169,random,10,0.6358479299363057,0,24,None,66,1,5,False,1,1
47695,165,random,10,0.5860867834394905,0,32,None,66,1,5,False,1,1
47696,166,random,10,0.5799164012738853,0,32,None,66,1,5,False,1,1
47697,167,random,10,0.5769307324840764,0,32,None,66,1,5,False,1,1
47698,168,random,10,0.5759355095541401,0,32,None,66,1,5,False,1,1
47699,169,random,10,0.5761345541401274,0,32,None,66,1,5,False,1,1
47700,165,random,10,0.682921974522293,0,1,None,66,1,5,False,1,1
47701,166,random,10,0.6875995222929936,0,1,None,66,1,5,False,1,1
47702,167,random,10,0.6906847133757962,0,1,None,66,1,5,False,1,1
47703,168,random,10,0.6915804140127388,0,1,None,66,1,5,False,1,1
47704,169,random,10,0.6930732484076433,0,1,None,66,1,5,False,1,1
47705,165,random,10,0.6940684713375797,0,13,None,66,1,5,False,1,1
47706,166,random,10,0.6927746815286624,0,13,None,66,1,5,False,1,1
47707,167,random,10,0.6933718152866242,0,13,None,66,1,5,False,1,1
47708,168,random,10,0.6938694267515924,0,13,None,66,1,5,False,1,1
47709,169,random,10,0.6951632165605095,0,13,None,66,1,5,False,1,1
47710,165,random,10,0.6833200636942676,0,21,None,66,1,5,False,1,1
47711,166,random,10,0.6824243630573248,0,21,None,66,1,5,False,1,1
47712,167,random,10,0.6842157643312102,0,21,None,66,1,5,False,1,1
47713,168,random,10,0.6847133757961783,0,21,None,66,1,5,False,1,1
47714,169,random,10,0.6859076433121019,0,21,None,66,1,5,False,1,1
47715,165,random,10,0.681827229299363,0,27,None,66,1,5,False,1,1
47716,166,random,10,0.6827229299363057,0,27,None,66,1,5,False,1,1
47717,167,random,10,0.6828224522292994,0,27,None,66,1,5,False,1,1
47718,168,random,10,0.6834195859872612,0,27,None,66,1,5,False,1,1
47719,169,random,10,0.6831210191082803,0,27,None,66,1,5,False,1,1
47720,165,random,10,0.6058917197452229,0,26,None,66,1,5,False,1,1
47721,166,random,10,0.6028065286624203,0,26,None,66,1,5,False,1,1
47722,167,random,10,0.6019108280254777,0,26,None,66,1,5,False,1,1
47723,168,random,10,0.6012141719745223,0,26,None,66,1,5,False,1,1
47724,169,random,10,0.6001194267515924,0,26,None,66,1,5,False,1,1
47725,165,random,10,0.6894904458598726,0,30,None,66,1,5,False,1,1
47726,166,random,10,0.6902866242038217,0,30,None,66,1,5,False,1,1
47727,167,random,10,0.6918789808917197,0,30,None,66,1,5,False,1,1
47728,168,random,10,0.6929737261146497,0,30,None,66,1,5,False,1,1
47729,169,random,10,0.694765127388535,0,30,None,66,1,5,False,1,1
47730,165,random,10,0.6036027070063694,0,2,None,66,1,5,False,1,1
47731,166,random,10,0.5854896496815286,0,2,None,66,1,5,False,1,1
47732,167,random,10,0.5766321656050956,0,2,None,66,1,5,False,1,1
47733,168,random,10,0.5705613057324841,0,2,None,66,1,5,False,1,1
47734,169,random,10,0.567078025477707,0,2,None,66,1,5,False,1,1
47735,165,random,10,0.6839171974522293,0,7,None,66,1,5,False,1,1
47736,166,random,10,0.6861066878980892,0,7,None,66,1,5,False,1,1
47737,167,random,10,0.6873009554140127,0,7,None,66,1,5,False,1,1
47738,168,random,10,0.6884952229299363,0,7,None,66,1,5,False,1,1
47739,169,random,10,0.690187101910828,0,7,None,66,1,5,False,1,1
47740,165,random,10,0.6858081210191083,0,12,None,66,1,5,False,1,1
47741,166,random,10,0.6862062101910829,0,12,None,66,1,5,False,1,1
47742,167,random,10,0.6863057324840764,0,12,None,66,1,5,False,1,1
47743,168,random,10,0.6857085987261147,0,12,None,66,1,5,False,1,1
47744,169,random,10,0.6857085987261147,0,12,None,66,1,5,False,1,1
47745,165,random,10,0.6604299363057324,0,17,None,66,1,5,False,1,1
47746,166,random,10,0.6624203821656051,0,17,None,66,1,5,False,1,1
47747,167,random,10,0.6633160828025477,0,17,None,66,1,5,False,1,1
47748,168,random,10,0.6650079617834395,0,17,None,66,1,5,False,1,1
47749,169,random,10,0.6667993630573248,0,17,None,66,1,5,False,1,1
47750,165,random,10,0.6459992038216561,0,28,None,66,1,5,False,1,1
47751,166,random,10,0.6430135350318471,0,28,None,66,1,5,False,1,1
47752,167,random,10,0.6448049363057324,0,28,None,66,1,5,False,1,1
47753,168,random,10,0.6471934713375797,0,28,None,66,1,5,False,1,1
47754,169,random,10,0.6501791401273885,0,28,None,66,1,5,False,1,1
47755,165,random,10,0.7033240445859873,0,11,None,66,1,5,False,1,1
47756,166,random,10,0.7002388535031847,0,11,None,66,1,5,False,1,1
47757,167,random,10,0.6996417197452229,0,11,None,66,1,5,False,1,1
47758,168,random,10,0.700437898089172,0,11,None,66,1,5,False,1,1
47759,169,random,10,0.7007364649681529,0,11,None,66,1,5,False,1,1
47760,165,random,10,0.6954617834394905,0,10,None,66,1,5,False,1,1
47761,166,random,10,0.6960589171974523,0,10,None,66,1,5,False,1,1
47762,167,random,10,0.6971536624203821,0,10,None,66,1,5,False,1,1
47763,168,random,10,0.6981488853503185,0,10,None,66,1,5,False,1,1
47764,169,random,10,0.6995421974522293,0,10,None,66,1,5,False,1,1
47765,165,random,10,0.6501791401273885,0,15,None,66,1,5,False,1,1
47766,166,random,10,0.6503781847133758,0,15,None,66,1,5,False,1,1
47767,167,random,10,0.6496815286624203,0,15,None,66,1,5,False,1,1
47768,168,random,10,0.6492834394904459,0,15,None,66,1,5,False,1,1
47769,169,random,10,0.6487858280254777,0,15,None,66,1,5,False,1,1
47770,165,random,10,0.7041202229299363,0,16,None,66,1,5,False,1,1
47771,166,random,10,0.7064092356687898,0,16,None,66,1,5,False,1,1
47772,167,random,10,0.7072054140127388,0,16,None,66,1,5,False,1,1
47773,168,random,10,0.7090963375796179,0,16,None,66,1,5,False,1,1
47774,169,random,10,0.7113853503184714,0,16,None,66,1,5,False,1,1
47775,165,random,10,0.6236066878980892,0,8,None,66,1,5,False,1,1
47776,166,random,10,0.6226114649681529,0,8,None,66,1,5,False,1,1
47777,167,random,10,0.6234076433121019,0,8,None,66,1,5,False,1,1
47778,168,random,10,0.6244028662420382,0,8,None,66,1,5,False,1,1
47779,169,random,10,0.6251990445859873,0,8,None,66,1,5,False,1,1
47780,165,random,10,0.7028264331210191,0,18,None,66,1,5,False,1,1
47781,166,random,10,0.7038216560509554,0,18,None,66,1,5,False,1,1
47782,167,random,10,0.7049164012738853,0,18,None,66,1,5,False,1,1
47783,168,random,10,0.7055135350318471,0,18,None,66,1,5,False,1,1
47784,169,random,10,0.7071058917197452,0,18,None,66,1,5,False,1,1
47785,165,random,10,0.597531847133758,0,19,None,66,1,5,False,1,1
47786,166,random,10,0.5934514331210191,0,19,None,66,1,5,False,1,1
47787,167,random,10,0.5931528662420382,0,19,None,66,1,5,False,1,1
47788,168,random,10,0.5930533439490446,0,19,None,66,1,5,False,1,1
47789,169,random,10,0.59265525477707,0,19,None,66,1,5,False,1,1
47790,165,random,10,0.6863057324840764,0,20,None,66,1,5,False,1,1
47791,166,random,10,0.6843152866242038,0,20,None,66,1,5,False,1,1
47792,167,random,10,0.6849124203821656,0,20,None,66,1,5,False,1,1
47793,168,random,10,0.68640525477707,0,20,None,66,1,5,False,1,1
47794,169,random,10,0.6876990445859873,0,20,None,66,1,5,False,1,1
47795,165,random,10,0.665406050955414,0,22,None,66,1,5,False,1,1
47796,166,random,10,0.6658041401273885,0,22,None,66,1,5,False,1,1
47797,167,random,10,0.6659036624203821,0,22,None,66,1,5,False,1,1
47798,168,random,10,0.6659036624203821,0,22,None,66,1,5,False,1,1
47799,169,random,10,0.6651074840764332,0,22,None,66,1,5,False,1,1
47800,165,random,10,0.4872611464968153,0,14,None,66,1,5,False,1,1
47801,166,random,10,0.4881568471337579,0,14,None,66,1,5,False,1,1
47802,167,random,10,0.4920382165605095,0,14,None,66,1,5,False,1,1
47803,168,random,10,0.4990047770700637,0,14,None,66,1,5,False,1,1
47804,169,random,10,0.505672770700637,0,14,None,66,1,5,False,1,1
47805,165,random,10,0.627687101910828,0,9,None,66,1,5,False,1,1
47806,166,random,10,0.6277866242038217,0,9,None,66,1,5,False,1,1
47807,167,random,10,0.6285828025477707,0,9,None,66,1,5,False,1,1
47808,168,random,10,0.6294785031847133,0,9,None,66,1,5,False,1,1
47809,169,random,10,0.629578025477707,0,9,None,66,1,5,False,1,1
47810,165,random,10,0.6792396496815286,0,25,None,66,1,5,False,1,1
47811,166,random,10,0.6614251592356688,0,25,None,66,1,5,False,1,1
47812,167,random,10,0.6546576433121019,0,25,None,66,1,5,False,1,1
47813,168,random,10,0.6510748407643312,0,25,None,66,1,5,False,1,1
47814,169,random,10,0.6499800955414012,0,25,None,66,1,5,False,1,1
47815,165,random,10,0.6184315286624203,0,29,None,66,1,5,False,1,1
47816,166,random,10,0.6041003184713376,0,29,None,66,1,5,False,1,1
47817,167,random,10,0.5969347133757962,0,29,None,66,1,5,False,1,1
47818,168,random,10,0.5941480891719745,0,29,None,66,1,5,False,1,1
47819,169,random,10,0.5908638535031847,0,29,None,66,1,5,False,1,1
47820,165,random,10,0.6171377388535032,0,23,None,66,1,5,False,1,1
47821,166,random,10,0.6194267515923567,0,23,None,66,1,5,False,1,1
47822,167,random,10,0.621218152866242,0,23,None,66,1,5,False,1,1
47823,168,random,10,0.6226114649681529,0,23,None,66,1,5,False,1,1
47824,169,random,10,0.6243033439490446,0,23,None,66,1,5,False,1,1
47825,165,random,10,0.5722531847133758,0,4,None,66,1,5,False,1,1
47826,166,random,10,0.5526472929936306,0,4,None,66,1,5,False,1,1
47827,167,random,10,0.551453025477707,0,4,None,66,1,5,False,1,1
47828,168,random,10,0.5551353503184714,0,4,None,66,1,5,False,1,1
47829,169,random,10,0.5576234076433121,0,4,None,66,1,5,False,1,1
47830,165,random,10,0.6537619426751592,0,3,None,66,1,5,False,1,1
47831,166,random,10,0.6520700636942676,0,3,None,66,1,5,False,1,1
47832,167,random,10,0.6525676751592356,0,3,None,66,1,5,False,1,1
47833,168,random,10,0.6550557324840764,0,3,None,66,1,5,False,1,1
47834,169,random,10,0.6557523885350318,0,3,None,66,1,5,False,1,1
47835,165,random,10,0.6749601910828026,0,0,None,66,1,5,False,1,1
47836,166,random,10,0.6735668789808917,0,0,None,66,1,5,False,1,1
47837,167,random,10,0.6760549363057324,0,0,None,66,1,5,False,1,1
47838,168,random,10,0.676453025477707,0,0,None,66,1,5,False,1,1
47839,169,random,10,0.6771496815286624,0,0,None,66,1,5,False,1,1
47840,165,random,10,0.6640127388535032,0,5,None,66,1,5,False,1,1
47841,166,random,10,0.6605294585987261,0,5,None,66,1,5,False,1,1
47842,167,random,10,0.6584394904458599,0,5,None,66,1,5,False,1,1
47843,168,random,10,0.6566480891719745,0,5,None,66,1,5,False,1,1
47844,169,random,10,0.6546576433121019,0,5,None,66,1,5,False,1,1
47845,165,random,10,0.6590366242038217,0,6,None,66,1,5,False,1,1
47846,166,random,10,0.6598328025477707,0,6,None,66,1,5,False,1,1
47847,167,random,10,0.6613256369426752,0,6,None,66,1,5,False,1,1
47848,168,random,10,0.6620222929936306,0,6,None,66,1,5,False,1,1
47849,169,random,10,0.6626194267515924,0,6,None,66,1,5,False,1,1
47850,170,random,10,0.6822253184713376,0,25,None,66,1,5,False,1,1
47851,171,random,10,0.6639132165605095,0,25,None,66,1,5,False,1,1
47852,172,random,10,0.6559514331210191,0,25,None,66,1,5,False,1,1
47853,173,random,10,0.6523686305732485,0,25,None,66,1,5,False,1,1
47854,174,random,10,0.6501791401273885,0,25,None,66,1,5,False,1,1
47855,170,random,10,0.6833200636942676,0,1,None,66,1,5,False,1,1
47856,171,random,10,0.6862062101910829,0,1,None,66,1,5,False,1,1
47857,172,random,10,0.6899880573248408,0,1,None,66,1,5,False,1,1
47858,173,random,10,0.6921775477707006,0,1,None,66,1,5,False,1,1
47859,174,random,10,0.693968949044586,0,1,None,66,1,5,False,1,1
47860,170,random,10,0.6033041401273885,0,2,None,66,1,5,False,1,1
47861,171,random,10,0.5857882165605095,0,2,None,66,1,5,False,1,1
47862,172,random,10,0.5766321656050956,0,2,None,66,1,5,False,1,1
47863,173,random,10,0.5706608280254777,0,2,None,66,1,5,False,1,1
47864,174,random,10,0.5679737261146497,0,2,None,66,1,5,False,1,1
47865,170,random,10,0.6531648089171974,0,28,None,66,1,5,False,1,1
47866,171,random,10,0.6488853503184714,0,28,None,66,1,5,False,1,1
47867,172,random,10,0.6507762738853503,0,28,None,66,1,5,False,1,1
47868,173,random,10,0.6528662420382165,0,28,None,66,1,5,False,1,1
47869,174,random,10,0.6546576433121019,0,28,None,66,1,5,False,1,1
47870,170,random,10,0.6664012738853503,0,17,None,66,1,5,False,1,1
47871,171,random,10,0.6677945859872612,0,17,None,66,1,5,False,1,1
47872,172,random,10,0.669984076433121,0,17,None,66,1,5,False,1,1
47873,173,random,10,0.6725716560509554,0,17,None,66,1,5,False,1,1
47874,174,random,10,0.6742635350318471,0,17,None,66,1,5,False,1,1
47875,170,random,10,0.6884952229299363,0,20,None,66,1,5,False,1,1
47876,171,random,10,0.6875,0,20,None,66,1,5,False,1,1
47877,172,random,10,0.6889928343949044,0,20,None,66,1,5,False,1,1
47878,173,random,10,0.690187101910828,0,20,None,66,1,5,False,1,1
47879,174,random,10,0.6907842356687898,0,20,None,66,1,5,False,1,1
47880,170,random,10,0.6962579617834395,0,13,None,66,1,5,False,1,1
47881,171,random,10,0.6957603503184714,0,13,None,66,1,5,False,1,1
47882,172,random,10,0.6972531847133758,0,13,None,66,1,5,False,1,1
47883,173,random,10,0.6990445859872612,0,13,None,66,1,5,False,1,1
47884,174,random,10,0.6994426751592356,0,13,None,66,1,5,False,1,1
47885,170,random,10,0.6297770700636943,0,8,None,66,1,5,False,1,1
47886,171,random,10,0.6284832802547771,0,8,None,66,1,5,False,1,1
47887,172,random,10,0.6288813694267515,0,8,None,66,1,5,False,1,1
47888,173,random,10,0.6303742038216561,0,8,None,66,1,5,False,1,1
47889,174,random,10,0.6305732484076433,0,8,None,66,1,5,False,1,1
47890,170,random,10,0.7038216560509554,0,18,None,66,1,5,False,1,1
47891,171,random,10,0.7045183121019108,0,18,None,66,1,5,False,1,1
47892,172,random,10,0.7052149681528662,0,18,None,66,1,5,False,1,1
47893,173,random,10,0.7060111464968153,0,18,None,66,1,5,False,1,1
47894,174,random,10,0.7070063694267515,0,18,None,66,1,5,False,1,1
47895,170,random,10,0.6019108280254777,0,19,None,66,1,5,False,1,1
47896,171,random,10,0.5967356687898089,0,19,None,66,1,5,False,1,1
47897,172,random,10,0.595640923566879,0,19,None,66,1,5,False,1,1
47898,173,random,10,0.5958399681528662,0,19,None,66,1,5,False,1,1
47899,174,random,10,0.5946457006369427,0,19,None,66,1,5,False,1,1
47900,170,random,10,0.6874004777070064,0,21,None,66,1,5,False,1,1
47901,171,random,10,0.6860071656050956,0,21,None,66,1,5,False,1,1
47902,172,random,10,0.6865047770700637,0,21,None,66,1,5,False,1,1
47903,173,random,10,0.6878980891719745,0,21,None,66,1,5,False,1,1
47904,174,random,10,0.6895899681528662,0,21,None,66,1,5,False,1,1
47905,170,random,10,0.6208200636942676,0,23,None,66,1,5,False,1,1
47906,171,random,10,0.62390525477707,0,23,None,66,1,5,False,1,1
47907,172,random,10,0.6270899681528662,0,23,None,66,1,5,False,1,1
47908,173,random,10,0.6292794585987261,0,23,None,66,1,5,False,1,1
47909,174,random,10,0.6311703821656051,0,23,None,66,1,5,False,1,1
47910,170,random,10,0.6258957006369427,0,29,None,66,1,5,False,1,1
47911,171,random,10,0.6107683121019108,0,29,None,66,1,5,False,1,1
47912,172,random,10,0.6036027070063694,0,29,None,66,1,5,False,1,1
47913,173,random,10,0.6011146496815286,0,29,None,66,1,5,False,1,1
47914,174,random,10,0.5982285031847133,0,29,None,66,1,5,False,1,1
47915,170,random,10,0.611265923566879,0,24,None,66,1,5,False,1,1
47916,171,random,10,0.6232085987261147,0,24,None,66,1,5,False,1,1
47917,172,random,10,0.6312699044585988,0,24,None,66,1,5,False,1,1
47918,173,random,10,0.6370421974522293,0,24,None,66,1,5,False,1,1
47919,174,random,10,0.6424164012738853,0,24,None,66,1,5,False,1,1
47920,170,random,10,0.6799363057324841,0,31,None,66,1,5,False,1,1
47921,171,random,10,0.6881966560509554,0,31,None,66,1,5,False,1,1
47922,172,random,10,0.6904856687898089,0,31,None,66,1,5,False,1,1
47923,173,random,10,0.6908837579617835,0,31,None,66,1,5,False,1,1
47924,174,random,10,0.6909832802547771,0,31,None,66,1,5,False,1,1
47925,170,random,10,0.6790406050955414,0,0,None,66,1,5,False,1,1
47926,171,random,10,0.6798367834394905,0,0,None,66,1,5,False,1,1
47927,172,random,10,0.6807324840764332,0,0,None,66,1,5,False,1,1
47928,173,random,10,0.6811305732484076,0,0,None,66,1,5,False,1,1
47929,174,random,10,0.6814291401273885,0,0,None,66,1,5,False,1,1
47930,170,random,10,0.6708797770700637,0,5,None,66,1,5,False,1,1
47931,171,random,10,0.6667993630573248,0,5,None,66,1,5,False,1,1
47932,172,random,10,0.6651074840764332,0,5,None,66,1,5,False,1,1
47933,173,random,10,0.662718949044586,0,5,None,66,1,5,False,1,1
47934,174,random,10,0.6616242038216561,0,5,None,66,1,5,False,1,1
47935,170,random,10,0.6897890127388535,0,7,None,66,1,5,False,1,1
47936,171,random,10,0.6915804140127388,0,7,None,66,1,5,False,1,1
47937,172,random,10,0.6933718152866242,0,7,None,66,1,5,False,1,1
47938,173,random,10,0.6948646496815286,0,7,None,66,1,5,False,1,1
47939,174,random,10,0.6970541401273885,0,7,None,66,1,5,False,1,1
47940,170,random,10,0.7048168789808917,0,16,None,66,1,5,False,1,1
47941,171,random,10,0.7081011146496815,0,16,None,66,1,5,False,1,1
47942,172,random,10,0.7100915605095541,0,16,None,66,1,5,False,1,1
47943,173,random,10,0.7113853503184714,0,16,None,66,1,5,False,1,1
47944,174,random,10,0.713077229299363,0,16,None,66,1,5,False,1,1
47945,170,random,10,0.5929538216560509,0,32,None,66,1,5,False,1,1
47946,171,random,10,0.585390127388535,0,32,None,66,1,5,False,1,1
47947,172,random,10,0.5830015923566879,0,32,None,66,1,5,False,1,1
47948,173,random,10,0.5828025477707006,0,32,None,66,1,5,False,1,1
47949,174,random,10,0.5824044585987261,0,32,None,66,1,5,False,1,1
47950,170,random,10,0.4821855095541401,0,14,None,66,1,5,False,1,1
47951,171,random,10,0.485171178343949,0,14,None,66,1,5,False,1,1
47952,172,random,10,0.490843949044586,0,14,None,66,1,5,False,1,1
47953,173,random,10,0.5014928343949044,0,14,None,66,1,5,False,1,1
47954,174,random,10,0.5088574840764332,0,14,None,66,1,5,False,1,1
47955,170,random,10,0.6308718152866242,0,9,None,66,1,5,False,1,1
47956,171,random,10,0.6301751592356688,0,9,None,66,1,5,False,1,1
47957,172,random,10,0.6307722929936306,0,9,None,66,1,5,False,1,1
47958,173,random,10,0.632265127388535,0,9,None,66,1,5,False,1,1
47959,174,random,10,0.6323646496815286,0,9,None,66,1,5,False,1,1
47960,170,random,10,0.666202229299363,0,22,None,66,1,5,False,1,1
47961,171,random,10,0.6658041401273885,0,22,None,66,1,5,False,1,1
47962,172,random,10,0.6657046178343949,0,22,None,66,1,5,False,1,1
47963,173,random,10,0.6665007961783439,0,22,None,66,1,5,False,1,1
47964,174,random,10,0.6664012738853503,0,22,None,66,1,5,False,1,1
47965,170,random,10,0.6100716560509554,0,26,None,66,1,5,False,1,1
47966,171,random,10,0.6069864649681529,0,26,None,66,1,5,False,1,1
47967,172,random,10,0.6063893312101911,0,26,None,66,1,5,False,1,1
47968,173,random,10,0.6056926751592356,0,26,None,66,1,5,False,1,1
47969,174,random,10,0.6043988853503185,0,26,None,66,1,5,False,1,1
47970,170,random,10,0.6860071656050956,0,12,None,66,1,5,False,1,1
47971,171,random,10,0.6866042993630573,0,12,None,66,1,5,False,1,1
47972,172,random,10,0.6873009554140127,0,12,None,66,1,5,False,1,1
47973,173,random,10,0.6877985668789809,0,12,None,66,1,5,False,1,1
47974,174,random,10,0.6882961783439491,0,12,None,66,1,5,False,1,1
47975,170,random,10,0.6839171974522293,0,27,None,66,1,5,False,1,1
47976,171,random,10,0.6843152866242038,0,27,None,66,1,5,False,1,1
47977,172,random,10,0.6839171974522293,0,27,None,66,1,5,False,1,1
47978,173,random,10,0.6844148089171974,0,27,None,66,1,5,False,1,1
47979,174,random,10,0.6846138535031847,0,27,None,66,1,5,False,1,1
47980,170,random,10,0.6620222929936306,0,6,None,66,1,5,False,1,1
47981,171,random,10,0.6624203821656051,0,6,None,66,1,5,False,1,1
47982,172,random,10,0.6633160828025477,0,6,None,66,1,5,False,1,1
47983,173,random,10,0.6637141719745223,0,6,None,66,1,5,False,1,1
47984,174,random,10,0.6640127388535032,0,6,None,66,1,5,False,1,1
47985,170,random,10,0.6919785031847133,0,30,None,66,1,5,False,1,1
47986,171,random,10,0.6938694267515924,0,30,None,66,1,5,False,1,1
47987,172,random,10,0.6951632165605095,0,30,None,66,1,5,False,1,1
47988,173,random,10,0.6975517515923567,0,30,None,66,1,5,False,1,1
47989,174,random,10,0.6977507961783439,0,30,None,66,1,5,False,1,1
47990,170,random,10,0.5727507961783439,0,4,None,66,1,5,False,1,1
47991,171,random,10,0.5630971337579618,0,4,None,66,1,5,False,1,1
47992,172,random,10,0.56140525477707,0,4,None,66,1,5,False,1,1
47993,173,random,10,0.5647890127388535,0,4,None,66,1,5,False,1,1
47994,174,random,10,0.5642914012738853,0,4,None,66,1,5,False,1,1
47995,170,random,10,0.6597332802547771,0,3,None,66,1,5,False,1,1
47996,171,random,10,0.6582404458598726,0,3,None,66,1,5,False,1,1
47997,172,random,10,0.658937101910828,0,3,None,66,1,5,False,1,1
47998,173,random,10,0.6592356687898089,0,3,None,66,1,5,False,1,1
47999,174,random,10,0.6606289808917197,0,3,None,66,1,5,False,1,1
48000,170,random,10,0.6964570063694268,0,10,None,66,1,5,False,1,1
48001,171,random,10,0.6976512738853503,0,10,None,66,1,5,False,1,1
48002,172,random,10,0.6986464968152867,0,10,None,66,1,5,False,1,1
48003,173,random,10,0.7001393312101911,0,10,None,66,1,5,False,1,1
48004,174,random,10,0.70203025477707,0,10,None,66,1,5,False,1,1
48005,170,random,10,0.705812101910828,0,11,None,66,1,5,False,1,1
48006,171,random,10,0.7027269108280255,0,11,None,66,1,5,False,1,1
48007,172,random,10,0.7036226114649682,0,11,None,66,1,5,False,1,1
48008,173,random,10,0.7036226114649682,0,11,None,66,1,5,False,1,1
48009,174,random,10,0.7036226114649682,0,11,None,66,1,5,False,1,1
48010,170,random,10,0.6526671974522293,0,15,None,66,1,5,False,1,1
48011,171,random,10,0.6531648089171974,0,15,None,66,1,5,False,1,1
48012,172,random,10,0.6518710191082803,0,15,None,66,1,5,False,1,1
48013,173,random,10,0.6518710191082803,0,15,None,66,1,5,False,1,1
48014,174,random,10,0.6518710191082803,0,15,None,66,1,5,False,1,1
48015,175,random,10,0.6944665605095541,0,30,None,66,1,5,False,1,1
48016,176,random,10,0.6969546178343949,0,30,None,66,1,5,False,1,1
48017,177,random,10,0.6990445859872612,0,30,None,66,1,5,False,1,1
48018,178,random,10,0.700437898089172,0,30,None,66,1,5,False,1,1
48019,179,random,10,0.700437898089172,0,30,None,66,1,5,False,1,1
48020,175,random,10,0.682921974522293,0,1,None,66,1,5,False,1,1
48021,176,random,10,0.6878980891719745,0,1,None,66,1,5,False,1,1
48022,177,random,10,0.6904856687898089,0,1,None,66,1,5,False,1,1
48023,178,random,10,0.6936703821656051,0,1,None,66,1,5,False,1,1
48024,179,random,10,0.6948646496815286,0,1,None,66,1,5,False,1,1
48025,175,random,10,0.6857085987261147,0,27,None,66,1,5,False,1,1
48026,176,random,10,0.6854100318471338,0,27,None,66,1,5,False,1,1
48027,177,random,10,0.6854100318471338,0,27,None,66,1,5,False,1,1
48028,178,random,10,0.6851114649681529,0,27,None,66,1,5,False,1,1
48029,179,random,10,0.6858081210191083,0,27,None,66,1,5,False,1,1
48030,175,random,10,0.6028065286624203,0,2,None,66,1,5,False,1,1
48031,176,random,10,0.5856886942675159,0,2,None,66,1,5,False,1,1
48032,177,random,10,0.5763335987261147,0,2,None,66,1,5,False,1,1
48033,178,random,10,0.5700636942675159,0,2,None,66,1,5,False,1,1
48034,179,random,10,0.568968949044586,0,2,None,66,1,5,False,1,1
48035,175,random,10,0.4919386942675159,0,14,None,66,1,5,False,1,1
48036,176,random,10,0.4969148089171974,0,14,None,66,1,5,False,1,1
48037,177,random,10,0.5030851910828026,0,14,None,66,1,5,False,1,1
48038,178,random,10,0.5122412420382165,0,14,None,66,1,5,False,1,1
48039,179,random,10,0.5208996815286624,0,14,None,66,1,5,False,1,1
48040,175,random,10,0.6344546178343949,0,9,None,66,1,5,False,1,1
48041,176,random,10,0.6348527070063694,0,9,None,66,1,5,False,1,1
48042,177,random,10,0.6359474522292994,0,9,None,66,1,5,False,1,1
48043,178,random,10,0.6375398089171974,0,9,None,66,1,5,False,1,1
48044,179,random,10,0.6402269108280255,0,9,None,66,1,5,False,1,1
48045,175,random,10,0.6241042993630573,0,29,None,66,1,5,False,1,1
48046,176,random,10,0.6123606687898089,0,29,None,66,1,5,False,1,1
48047,177,random,10,0.606687898089172,0,29,None,66,1,5,False,1,1
48048,178,random,10,0.6039012738853503,0,29,None,66,1,5,False,1,1
48049,179,random,10,0.6025079617834395,0,29,None,66,1,5,False,1,1
48050,175,random,10,0.658937101910828,0,15,None,66,1,5,False,1,1
48051,176,random,10,0.6572452229299363,0,15,None,66,1,5,False,1,1
48052,177,random,10,0.6570461783439491,0,15,None,66,1,5,False,1,1
48053,178,random,10,0.6575437898089171,0,15,None,66,1,5,False,1,1
48054,179,random,10,0.6577428343949044,0,15,None,66,1,5,False,1,1
48055,175,random,10,0.7001393312101911,0,13,None,66,1,5,False,1,1
48056,176,random,10,0.6994426751592356,0,13,None,66,1,5,False,1,1
48057,177,random,10,0.7017316878980892,0,13,None,66,1,5,False,1,1
48058,178,random,10,0.7016321656050956,0,13,None,66,1,5,False,1,1
48059,179,random,10,0.7023288216560509,0,13,None,66,1,5,False,1,1
48060,175,random,10,0.6888933121019108,0,12,None,66,1,5,False,1,1
48061,176,random,10,0.6894904458598726,0,12,None,66,1,5,False,1,1
48062,177,random,10,0.6896894904458599,0,12,None,66,1,5,False,1,1
48063,178,random,10,0.6896894904458599,0,12,None,66,1,5,False,1,1
48064,179,random,10,0.6896894904458599,0,12,None,66,1,5,False,1,1
48065,175,random,10,0.6813296178343949,0,25,None,66,1,5,False,1,1
48066,176,random,10,0.6631170382165605,0,25,None,66,1,5,False,1,1
48067,177,random,10,0.6564490445859873,0,25,None,66,1,5,False,1,1
48068,178,random,10,0.6531648089171974,0,25,None,66,1,5,False,1,1
48069,179,random,10,0.6528662420382165,0,25,None,66,1,5,False,1,1
48070,175,random,10,0.6141520700636943,0,26,None,66,1,5,False,1,1
48071,176,random,10,0.6114649681528662,0,26,None,66,1,5,False,1,1
48072,177,random,10,0.609375,0,26,None,66,1,5,False,1,1
48073,178,random,10,0.6085788216560509,0,26,None,66,1,5,False,1,1
48074,179,random,10,0.6078821656050956,0,26,None,66,1,5,False,1,1
48075,175,random,10,0.7091958598726115,0,11,None,66,1,5,False,1,1
48076,176,random,10,0.7073049363057324,0,11,None,66,1,5,False,1,1
48077,177,random,10,0.7075039808917197,0,11,None,66,1,5,False,1,1
48078,178,random,10,0.7071058917197452,0,11,None,66,1,5,False,1,1
48079,179,random,10,0.7079020700636943,0,11,None,66,1,5,False,1,1
48080,175,random,10,0.6696855095541401,0,17,None,66,1,5,False,1,1
48081,176,random,10,0.6704816878980892,0,17,None,66,1,5,False,1,1
48082,177,random,10,0.6717754777070064,0,17,None,66,1,5,False,1,1
48083,178,random,10,0.6746616242038217,0,17,None,66,1,5,False,1,1
48084,179,random,10,0.6761544585987261,0,17,None,66,1,5,False,1,1
48085,175,random,10,0.6554538216560509,0,28,None,66,1,5,False,1,1
48086,176,random,10,0.6507762738853503,0,28,None,66,1,5,False,1,1
48087,177,random,10,0.6525676751592356,0,28,None,66,1,5,False,1,1
48088,178,random,10,0.6539609872611465,0,28,None,66,1,5,False,1,1
48089,179,random,10,0.6565485668789809,0,28,None,66,1,5,False,1,1
48090,175,random,10,0.7056130573248408,0,18,None,66,1,5,False,1,1
48091,176,random,10,0.7059116242038217,0,18,None,66,1,5,False,1,1
48092,177,random,10,0.7052149681528662,0,18,None,66,1,5,False,1,1
48093,178,random,10,0.7068073248407644,0,18,None,66,1,5,False,1,1
48094,179,random,10,0.7082006369426752,0,18,None,66,1,5,False,1,1
48095,175,random,10,0.6951632165605095,0,31,None,66,1,5,False,1,1
48096,176,random,10,0.7023288216560509,0,31,None,66,1,5,False,1,1
48097,177,random,10,0.7046178343949044,0,31,None,66,1,5,False,1,1
48098,178,random,10,0.7047173566878981,0,31,None,66,1,5,False,1,1
48099,179,random,10,0.7037221337579618,0,31,None,66,1,5,False,1,1
48100,175,random,10,0.7067078025477707,0,16,None,66,1,5,False,1,1
48101,176,random,10,0.7091958598726115,0,16,None,66,1,5,False,1,1
48102,177,random,10,0.7108877388535032,0,16,None,66,1,5,False,1,1
48103,178,random,10,0.7145700636942676,0,16,None,66,1,5,False,1,1
48104,179,random,10,0.7151671974522293,0,16,None,66,1,5,False,1,1
48105,175,random,10,0.6942675159235668,0,7,None,66,1,5,False,1,1
48106,176,random,10,0.6972531847133758,0,7,None,66,1,5,False,1,1
48107,177,random,10,0.6989450636942676,0,7,None,66,1,5,False,1,1
48108,178,random,10,0.700437898089172,0,7,None,66,1,5,False,1,1
48109,179,random,10,0.7016321656050956,0,7,None,66,1,5,False,1,1
48110,175,random,10,0.600218949044586,0,19,None,66,1,5,False,1,1
48111,176,random,10,0.5970342356687898,0,19,None,66,1,5,False,1,1
48112,177,random,10,0.5960390127388535,0,19,None,66,1,5,False,1,1
48113,178,random,10,0.5959394904458599,0,19,None,66,1,5,False,1,1
48114,179,random,10,0.5953423566878981,0,19,None,66,1,5,False,1,1
48115,175,random,10,0.6894904458598726,0,21,None,66,1,5,False,1,1
48116,176,random,10,0.6890923566878981,0,21,None,66,1,5,False,1,1
48117,177,random,10,0.6903861464968153,0,21,None,66,1,5,False,1,1
48118,178,random,10,0.6919785031847133,0,21,None,66,1,5,False,1,1
48119,179,random,10,0.6927746815286624,0,21,None,66,1,5,False,1,1
48120,175,random,10,0.6188296178343949,0,24,None,66,1,5,False,1,1
48121,176,random,10,0.6305732484076433,0,24,None,66,1,5,False,1,1
48122,177,random,10,0.6383359872611465,0,24,None,66,1,5,False,1,1
48123,178,random,10,0.645203025477707,0,24,None,66,1,5,False,1,1
48124,179,random,10,0.6495820063694268,0,24,None,66,1,5,False,1,1
48125,175,random,10,0.673765923566879,0,5,None,66,1,5,False,1,1
48126,176,random,10,0.6678941082802548,0,5,None,66,1,5,False,1,1
48127,177,random,10,0.6645103503184714,0,5,None,66,1,5,False,1,1
48128,178,random,10,0.6644108280254777,0,5,None,66,1,5,False,1,1
48129,179,random,10,0.6633160828025477,0,5,None,66,1,5,False,1,1
48130,175,random,10,0.6830214968152867,0,0,None,66,1,5,False,1,1
48131,176,random,10,0.6816281847133758,0,0,None,66,1,5,False,1,1
48132,177,random,10,0.6822253184713376,0,0,None,66,1,5,False,1,1
48133,178,random,10,0.683718152866242,0,0,None,66,1,5,False,1,1
48134,179,random,10,0.6853105095541401,0,0,None,66,1,5,False,1,1
48135,175,random,10,0.6653065286624203,0,3,None,66,1,5,False,1,1
48136,176,random,10,0.6642117834394905,0,3,None,66,1,5,False,1,1
48137,177,random,10,0.6641122611464968,0,3,None,66,1,5,False,1,1
48138,178,random,10,0.6648089171974523,0,3,None,66,1,5,False,1,1
48139,179,random,10,0.6660031847133758,0,3,None,66,1,5,False,1,1
48140,175,random,10,0.5839968152866242,0,4,None,66,1,5,False,1,1
48141,176,random,10,0.5730493630573248,0,4,None,66,1,5,False,1,1
48142,177,random,10,0.5714570063694268,0,4,None,66,1,5,False,1,1
48143,178,random,10,0.5727507961783439,0,4,None,66,1,5,False,1,1
48144,179,random,10,0.5701632165605095,0,4,None,66,1,5,False,1,1
48145,175,random,10,0.6636146496815286,0,6,None,66,1,5,False,1,1
48146,176,random,10,0.6643113057324841,0,6,None,66,1,5,False,1,1
48147,177,random,10,0.6645103503184714,0,6,None,66,1,5,False,1,1
48148,178,random,10,0.6652070063694268,0,6,None,66,1,5,False,1,1
48149,179,random,10,0.6675955414012739,0,6,None,66,1,5,False,1,1
48150,175,random,10,0.6334593949044586,0,8,None,66,1,5,False,1,1
48151,176,random,10,0.633359872611465,0,8,None,66,1,5,False,1,1
48152,177,random,10,0.6339570063694268,0,8,None,66,1,5,False,1,1
48153,178,random,10,0.6343550955414012,0,8,None,66,1,5,False,1,1
48154,179,random,10,0.6354498407643312,0,8,None,66,1,5,False,1,1
48155,175,random,10,0.6981488853503185,0,10,None,66,1,5,False,1,1
48156,176,random,10,0.7000398089171974,0,10,None,66,1,5,False,1,1
48157,177,random,10,0.701234076433121,0,10,None,66,1,5,False,1,1
48158,178,random,10,0.7032245222929936,0,10,None,66,1,5,False,1,1
48159,179,random,10,0.7048168789808917,0,10,None,66,1,5,False,1,1
48160,175,random,10,0.6913813694267515,0,20,None,66,1,5,False,1,1
48161,176,random,10,0.6909832802547771,0,20,None,66,1,5,False,1,1
48162,177,random,10,0.6926751592356688,0,20,None,66,1,5,False,1,1
48163,178,random,10,0.6937699044585988,0,20,None,66,1,5,False,1,1
48164,179,random,10,0.6951632165605095,0,20,None,66,1,5,False,1,1
48165,175,random,10,0.6671974522292994,0,22,None,66,1,5,False,1,1
48166,176,random,10,0.667296974522293,0,22,None,66,1,5,False,1,1
48167,177,random,10,0.6668988853503185,0,22,None,66,1,5,False,1,1
48168,178,random,10,0.6674960191082803,0,22,None,66,1,5,False,1,1
48169,179,random,10,0.6675955414012739,0,22,None,66,1,5,False,1,1
48170,175,random,10,0.6272890127388535,0,23,None,66,1,5,False,1,1
48171,176,random,10,0.6299761146496815,0,23,None,66,1,5,False,1,1
48172,177,random,10,0.6330613057324841,0,23,None,66,1,5,False,1,1
48173,178,random,10,0.6330613057324841,0,23,None,66,1,5,False,1,1
48174,179,random,10,0.6358479299363057,0,23,None,66,1,5,False,1,1
48175,175,random,10,0.5913614649681529,0,32,None,66,1,5,False,1,1
48176,176,random,10,0.5863853503184714,0,32,None,66,1,5,False,1,1
48177,177,random,10,0.5848925159235668,0,32,None,66,1,5,False,1,1
48178,178,random,10,0.5856886942675159,0,32,None,66,1,5,False,1,1
48179,179,random,10,0.5850915605095541,0,32,None,66,1,5,False,1,1
48840,180,random,10,0.6849124203821656,0,1,None,66,1,5,False,1,1
48841,181,random,10,0.689390923566879,0,1,None,66,1,5,False,1,1
48842,182,random,10,0.6916799363057324,0,1,None,66,1,5,False,1,1
48843,183,random,10,0.6941679936305732,0,1,None,66,1,5,False,1,1
48844,184,random,10,0.6963574840764332,0,1,None,66,1,5,False,1,1
48845,180,random,10,0.602906050955414,0,2,None,66,1,5,False,1,1
48846,181,random,10,0.5847929936305732,0,2,None,66,1,5,False,1,1
48847,182,random,10,0.5751393312101911,0,2,None,66,1,5,False,1,1
48848,183,random,10,0.5711584394904459,0,2,None,66,1,5,False,1,1
48849,184,random,10,0.5700636942675159,0,2,None,66,1,5,False,1,1
48850,180,random,10,0.6769506369426752,0,5,None,66,1,5,False,1,1
48851,181,random,10,0.6716759554140127,0,5,None,66,1,5,False,1,1
48852,182,random,10,0.6690883757961783,0,5,None,66,1,5,False,1,1
48853,183,random,10,0.6687898089171974,0,5,None,66,1,5,False,1,1
48854,184,random,10,0.668093152866242,0,5,None,66,1,5,False,1,1
48855,180,random,10,0.703125,0,13,None,66,1,5,False,1,1
48856,181,random,10,0.7041202229299363,0,13,None,66,1,5,False,1,1
48857,182,random,10,0.7052149681528662,0,13,None,66,1,5,False,1,1
48858,183,random,10,0.7051154458598726,0,13,None,66,1,5,False,1,1
48859,184,random,10,0.7062101910828026,0,13,None,66,1,5,False,1,1
48860,180,random,10,0.6582404458598726,0,15,None,66,1,5,False,1,1
48861,181,random,10,0.6577428343949044,0,15,None,66,1,5,False,1,1
48862,182,random,10,0.6578423566878981,0,15,None,66,1,5,False,1,1
48863,183,random,10,0.6586385350318471,0,15,None,66,1,5,False,1,1
48864,184,random,10,0.6587380573248408,0,15,None,66,1,5,False,1,1
48865,180,random,10,0.7090963375796179,0,16,None,66,1,5,False,1,1
48866,181,random,10,0.7110867834394905,0,16,None,66,1,5,False,1,1
48867,182,random,10,0.7143710191082803,0,16,None,66,1,5,False,1,1
48868,183,random,10,0.7158638535031847,0,16,None,66,1,5,False,1,1
48869,184,random,10,0.7181528662420382,0,16,None,66,1,5,False,1,1
48870,180,random,10,0.7089968152866242,0,11,None,66,1,5,False,1,1
48871,181,random,10,0.7070063694267515,0,11,None,66,1,5,False,1,1
48872,182,random,10,0.706906847133758,0,11,None,66,1,5,False,1,1
48873,183,random,10,0.707703025477707,0,11,None,66,1,5,False,1,1
48874,184,random,10,0.7082006369426752,0,11,None,66,1,5,False,1,1
48875,180,random,10,0.5977308917197452,0,19,None,66,1,5,False,1,1
48876,181,random,10,0.5968351910828026,0,19,None,66,1,5,False,1,1
48877,182,random,10,0.5965366242038217,0,19,None,66,1,5,False,1,1
48878,183,random,10,0.5973328025477707,0,19,None,66,1,5,False,1,1
48879,184,random,10,0.5981289808917197,0,19,None,66,1,5,False,1,1
48880,180,random,10,0.67296974522293,0,17,None,66,1,5,False,1,1
48881,181,random,10,0.6732683121019108,0,17,None,66,1,5,False,1,1
48882,182,random,10,0.6752587579617835,0,17,None,66,1,5,False,1,1
48883,183,random,10,0.6774482484076433,0,17,None,66,1,5,False,1,1
48884,184,random,10,0.6793391719745223,0,17,None,66,1,5,False,1,1
48885,180,random,10,0.6940684713375797,0,21,None,66,1,5,False,1,1
48886,181,random,10,0.6919785031847133,0,21,None,66,1,5,False,1,1
48887,182,random,10,0.6937699044585988,0,21,None,66,1,5,False,1,1
48888,183,random,10,0.6948646496815286,0,21,None,66,1,5,False,1,1
48889,184,random,10,0.6953622611464968,0,21,None,66,1,5,False,1,1
48890,180,random,10,0.6148487261146497,0,26,None,66,1,5,False,1,1
48891,181,random,10,0.6108678343949044,0,26,None,66,1,5,False,1,1
48892,182,random,10,0.6094745222929936,0,26,None,66,1,5,False,1,1
48893,183,random,10,0.6096735668789809,0,26,None,66,1,5,False,1,1
48894,184,random,10,0.6084792993630573,0,26,None,66,1,5,False,1,1
48895,180,random,10,0.6917794585987261,0,12,None,66,1,5,False,1,1
48896,181,random,10,0.6915804140127388,0,12,None,66,1,5,False,1,1
48897,182,random,10,0.6926751592356688,0,12,None,66,1,5,False,1,1
48898,183,random,10,0.6929737261146497,0,12,None,66,1,5,False,1,1
48899,184,random,10,0.6937699044585988,0,12,None,66,1,5,False,1,1
48900,180,random,10,0.6584394904458599,0,28,None,66,1,5,False,1,1
48901,181,random,10,0.6544585987261147,0,28,None,66,1,5,False,1,1
48902,182,random,10,0.6536624203821656,0,28,None,66,1,5,False,1,1
48903,183,random,10,0.6554538216560509,0,28,None,66,1,5,False,1,1
48904,184,random,10,0.658937101910828,0,28,None,66,1,5,False,1,1
48905,180,random,10,0.6318670382165605,0,24,None,66,1,5,False,1,1
48906,181,random,10,0.6414211783439491,0,24,None,66,1,5,False,1,1
48907,182,random,10,0.6485867834394905,0,24,None,66,1,5,False,1,1
48908,183,random,10,0.6527667197452229,0,24,None,66,1,5,False,1,1
48909,184,random,10,0.6565485668789809,0,24,None,66,1,5,False,1,1
48910,180,random,10,0.6977507961783439,0,30,None,66,1,5,False,1,1
48911,181,random,10,0.6997412420382165,0,30,None,66,1,5,False,1,1
48912,182,random,10,0.7010350318471338,0,30,None,66,1,5,False,1,1
48913,183,random,10,0.7019307324840764,0,30,None,66,1,5,False,1,1
48914,184,random,10,0.7030254777070064,0,30,None,66,1,5,False,1,1
48915,180,random,10,0.7083996815286624,0,18,None,66,1,5,False,1,1
48916,181,random,10,0.7073049363057324,0,18,None,66,1,5,False,1,1
48917,182,random,10,0.7070063694267515,0,18,None,66,1,5,False,1,1
48918,183,random,10,0.7086982484076433,0,18,None,66,1,5,False,1,1
48919,184,random,10,0.7091958598726115,0,18,None,66,1,5,False,1,1
48920,180,random,10,0.6884952229299363,0,27,None,66,1,5,False,1,1
48921,181,random,10,0.6882961783439491,0,27,None,66,1,5,False,1,1
48922,182,random,10,0.6884952229299363,0,27,None,66,1,5,False,1,1
48923,183,random,10,0.6889928343949044,0,27,None,66,1,5,False,1,1
48924,184,random,10,0.6892914012738853,0,27,None,66,1,5,False,1,1
48925,180,random,10,0.7039211783439491,0,31,None,66,1,5,False,1,1
48926,181,random,10,0.7096934713375797,0,31,None,66,1,5,False,1,1
48927,182,random,10,0.712281050955414,0,31,None,66,1,5,False,1,1
48928,183,random,10,0.7138734076433121,0,31,None,66,1,5,False,1,1
48929,184,random,10,0.7140724522292994,0,31,None,66,1,5,False,1,1
48930,180,random,10,0.6992436305732485,0,7,None,66,1,5,False,1,1
48931,181,random,10,0.7024283439490446,0,7,None,66,1,5,False,1,1
48932,182,random,10,0.70421974522293,0,7,None,66,1,5,False,1,1
48933,183,random,10,0.7061106687898089,0,7,None,66,1,5,False,1,1
48934,184,random,10,0.7079020700636943,0,7,None,66,1,5,False,1,1
48935,180,random,10,0.636046974522293,0,8,None,66,1,5,False,1,1
48936,181,random,10,0.636046974522293,0,8,None,66,1,5,False,1,1
48937,182,random,10,0.636843152866242,0,8,None,66,1,5,False,1,1
48938,183,random,10,0.6374402866242038,0,8,None,66,1,5,False,1,1
48939,184,random,10,0.6384355095541401,0,8,None,66,1,5,False,1,1
48940,180,random,10,0.6645103503184714,0,6,None,66,1,5,False,1,1
48941,181,random,10,0.6656050955414012,0,6,None,66,1,5,False,1,1
48942,182,random,10,0.6665007961783439,0,6,None,66,1,5,False,1,1
48943,183,random,10,0.6671974522292994,0,6,None,66,1,5,False,1,1
48944,184,random,10,0.6670979299363057,0,6,None,66,1,5,False,1,1
48945,180,random,10,0.6686902866242038,0,22,None,66,1,5,False,1,1
48946,181,random,10,0.6686902866242038,0,22,None,66,1,5,False,1,1
48947,182,random,10,0.6688893312101911,0,22,None,66,1,5,False,1,1
48948,183,random,10,0.6685907643312102,0,22,None,66,1,5,False,1,1
48949,184,random,10,0.6688893312101911,0,22,None,66,1,5,False,1,1
48950,180,random,10,0.7038216560509554,0,10,None,66,1,5,False,1,1
48951,181,random,10,0.7041202229299363,0,10,None,66,1,5,False,1,1
48952,182,random,10,0.7047173566878981,0,10,None,66,1,5,False,1,1
48953,183,random,10,0.7078025477707006,0,10,None,66,1,5,False,1,1
48954,184,random,10,0.709593949044586,0,10,None,66,1,5,False,1,1
48955,180,random,10,0.6313694267515924,0,23,None,66,1,5,False,1,1
48956,181,random,10,0.6334593949044586,0,23,None,66,1,5,False,1,1
48957,182,random,10,0.6355493630573248,0,23,None,66,1,5,False,1,1
48958,183,random,10,0.6372412420382165,0,23,None,66,1,5,False,1,1
48959,184,random,10,0.6409235668789809,0,23,None,66,1,5,False,1,1
48960,180,random,10,0.5962380573248408,0,32,None,66,1,5,False,1,1
48961,181,random,10,0.5901671974522293,0,32,None,66,1,5,False,1,1
48962,182,random,10,0.5885748407643312,0,32,None,66,1,5,False,1,1
48963,183,random,10,0.5883757961783439,0,32,None,66,1,5,False,1,1
48964,184,random,10,0.5893710191082803,0,32,None,66,1,5,False,1,1
48965,180,random,10,0.6432125796178344,0,9,None,66,1,5,False,1,1
48966,181,random,10,0.6432125796178344,0,9,None,66,1,5,False,1,1
48967,182,random,10,0.6440087579617835,0,9,None,66,1,5,False,1,1
48968,183,random,10,0.647093949044586,0,9,None,66,1,5,False,1,1
48969,184,random,10,0.6500796178343949,0,9,None,66,1,5,False,1,1
48970,180,random,10,0.6871019108280255,0,0,None,66,1,5,False,1,1
48971,181,random,10,0.6870023885350318,0,0,None,66,1,5,False,1,1
48972,182,random,10,0.6873009554140127,0,0,None,66,1,5,False,1,1
48973,183,random,10,0.6876990445859873,0,0,None,66,1,5,False,1,1
48974,184,random,10,0.6887937898089171,0,0,None,66,1,5,False,1,1
48975,180,random,10,0.5024880573248408,0,14,None,66,1,5,False,1,1
48976,181,random,10,0.5080613057324841,0,14,None,66,1,5,False,1,1
48977,182,random,10,0.5139331210191083,0,14,None,66,1,5,False,1,1
48978,183,random,10,0.5248805732484076,0,14,None,66,1,5,False,1,1
48979,184,random,10,0.5310509554140127,0,14,None,66,1,5,False,1,1
48980,180,random,10,0.6786425159235668,0,25,None,66,1,5,False,1,1
48981,181,random,10,0.6617237261146497,0,25,None,66,1,5,False,1,1
48982,182,random,10,0.6559514331210191,0,25,None,66,1,5,False,1,1
48983,183,random,10,0.6532643312101911,0,25,None,66,1,5,False,1,1
48984,184,random,10,0.6533638535031847,0,25,None,66,1,5,False,1,1
48985,180,random,10,0.6361464968152867,0,29,None,66,1,5,False,1,1
48986,181,random,10,0.6219148089171974,0,29,None,66,1,5,False,1,1
48987,182,random,10,0.6151472929936306,0,29,None,66,1,5,False,1,1
48988,183,random,10,0.6103702229299363,0,29,None,66,1,5,False,1,1
48989,184,random,10,0.6084792993630573,0,29,None,66,1,5,False,1,1
48990,180,random,10,0.5968351910828026,0,4,None,66,1,5,False,1,1
48991,181,random,10,0.5806130573248408,0,4,None,66,1,5,False,1,1
48992,182,random,10,0.5790207006369427,0,4,None,66,1,5,False,1,1
48993,183,random,10,0.5774283439490446,0,4,None,66,1,5,False,1,1
48994,184,random,10,0.5728503184713376,0,4,None,66,1,5,False,1,1
48995,180,random,10,0.669187898089172,0,3,None,66,1,5,False,1,1
48996,181,random,10,0.6686902866242038,0,3,None,66,1,5,False,1,1
48997,182,random,10,0.669984076433121,0,3,None,66,1,5,False,1,1
48998,183,random,10,0.6704816878980892,0,3,None,66,1,5,False,1,1
48999,184,random,10,0.6717754777070064,0,3,None,66,1,5,False,1,1
49000,180,random,10,0.6932722929936306,0,20,None,66,1,5,False,1,1
49001,181,random,10,0.6930732484076433,0,20,None,66,1,5,False,1,1
49002,182,random,10,0.6953622611464968,0,20,None,66,1,5,False,1,1
49003,183,random,10,0.6970541401273885,0,20,None,66,1,5,False,1,1
49004,184,random,10,0.6976512738853503,0,20,None,66,1,5,False,1,1
49005,185,random,10,0.7034235668789809,0,30,None,66,1,5,False,1,1
49006,186,random,10,0.7044187898089171,0,30,None,66,1,5,False,1,1
49007,187,random,10,0.7062101910828026,0,30,None,66,1,5,False,1,1
49008,188,random,10,0.7066082802547771,0,30,None,66,1,5,False,1,1
49009,189,random,10,0.7078025477707006,0,30,None,66,1,5,False,1,1
49010,185,random,10,0.666202229299363,0,1,None,66,1,5,False,1,1
49011,186,random,10,0.6828224522292994,0,1,None,66,1,5,False,1,1
49012,187,random,10,0.6880971337579618,0,1,None,66,1,5,False,1,1
49013,188,random,10,0.6926751592356688,0,1,None,66,1,5,False,1,1
49014,189,random,10,0.6934713375796179,0,1,None,66,1,5,False,1,1
49015,185,random,10,0.6188296178343949,0,2,None,66,1,5,False,1,1
49016,186,random,10,0.6013136942675159,0,2,None,66,1,5,False,1,1
49017,187,random,10,0.5887738853503185,0,2,None,66,1,5,False,1,1
49018,188,random,10,0.57921974522293,0,2,None,66,1,5,False,1,1
49019,189,random,10,0.5766321656050956,0,2,None,66,1,5,False,1,1
49020,185,random,10,0.6698845541401274,0,5,None,66,1,5,False,1,1
49021,186,random,10,0.6693869426751592,0,5,None,66,1,5,False,1,1
49022,187,random,10,0.6693869426751592,0,5,None,66,1,5,False,1,1
49023,188,random,10,0.6702826433121019,0,5,None,66,1,5,False,1,1
49024,189,random,10,0.6704816878980892,0,5,None,66,1,5,False,1,1
49025,185,random,10,0.6975517515923567,0,20,None,66,1,5,False,1,1
49026,186,random,10,0.6989450636942676,0,20,None,66,1,5,False,1,1
49027,187,random,10,0.6998407643312102,0,20,None,66,1,5,False,1,1
49028,188,random,10,0.7002388535031847,0,20,None,66,1,5,False,1,1
49029,189,random,10,0.7009355095541401,0,20,None,66,1,5,False,1,1
49030,185,random,10,0.6228105095541401,0,23,None,66,1,5,False,1,1
49031,186,random,10,0.6266918789808917,0,23,None,66,1,5,False,1,1
49032,187,random,10,0.6304737261146497,0,23,None,66,1,5,False,1,1
49033,188,random,10,0.6346536624203821,0,23,None,66,1,5,False,1,1
49034,189,random,10,0.6380374203821656,0,23,None,66,1,5,False,1,1
49035,185,random,10,0.6980493630573248,0,7,None,66,1,5,False,1,1
49036,186,random,10,0.6992436305732485,0,7,None,66,1,5,False,1,1
49037,187,random,10,0.7017316878980892,0,7,None,66,1,5,False,1,1
49038,188,random,10,0.703125,0,7,None,66,1,5,False,1,1
49039,189,random,10,0.7045183121019108,0,7,None,66,1,5,False,1,1
49040,185,random,10,0.7090963375796179,0,16,None,66,1,5,False,1,1
49041,186,random,10,0.7117834394904459,0,16,None,66,1,5,False,1,1
49042,187,random,10,0.7133757961783439,0,16,None,66,1,5,False,1,1
49043,188,random,10,0.7153662420382165,0,16,None,66,1,5,False,1,1
49044,189,random,10,0.716859076433121,0,16,None,66,1,5,False,1,1
49045,185,random,10,0.5824044585987261,0,32,None,66,1,5,False,1,1
49046,186,random,10,0.5854896496815286,0,32,None,66,1,5,False,1,1
49047,187,random,10,0.5884753184713376,0,32,None,66,1,5,False,1,1
49048,188,random,10,0.589968152866242,0,32,None,66,1,5,False,1,1
49049,189,random,10,0.5902667197452229,0,32,None,66,1,5,False,1,1
49050,185,random,10,0.6282842356687898,0,29,None,66,1,5,False,1,1
49051,186,random,10,0.6203224522292994,0,29,None,66,1,5,False,1,1
49052,187,random,10,0.6142515923566879,0,29,None,66,1,5,False,1,1
49053,188,random,10,0.6123606687898089,0,29,None,66,1,5,False,1,1
49054,189,random,10,0.612062101910828,0,29,None,66,1,5,False,1,1
49055,185,random,10,0.6663017515923567,0,15,None,66,1,5,False,1,1
49056,186,random,10,0.6632165605095541,0,15,None,66,1,5,False,1,1
49057,187,random,10,0.6626194267515924,0,15,None,66,1,5,False,1,1
49058,188,random,10,0.6639132165605095,0,15,None,66,1,5,False,1,1
49059,189,random,10,0.6644108280254777,0,15,None,66,1,5,False,1,1
49060,185,random,10,0.7101910828025477,0,10,None,66,1,5,False,1,1
49061,186,random,10,0.7116839171974523,0,10,None,66,1,5,False,1,1
49062,187,random,10,0.713077229299363,0,10,None,66,1,5,False,1,1
49063,188,random,10,0.7137738853503185,0,10,None,66,1,5,False,1,1
49064,189,random,10,0.7156648089171974,0,10,None,66,1,5,False,1,1
49065,185,random,10,0.7124800955414012,0,13,None,66,1,5,False,1,1
49066,186,random,10,0.7116839171974523,0,13,None,66,1,5,False,1,1
49067,187,random,10,0.7123805732484076,0,13,None,66,1,5,False,1,1
49068,188,random,10,0.7135748407643312,0,13,None,66,1,5,False,1,1
49069,189,random,10,0.7132762738853503,0,13,None,66,1,5,False,1,1
49070,185,random,10,0.6666003184713376,0,6,None,66,1,5,False,1,1
49071,186,random,10,0.6678941082802548,0,6,None,66,1,5,False,1,1
49072,187,random,10,0.6684912420382165,0,6,None,66,1,5,False,1,1
49073,188,random,10,0.6687898089171974,0,6,None,66,1,5,False,1,1
49074,189,random,10,0.6695859872611465,0,6,None,66,1,5,False,1,1
49075,185,random,10,0.6075835987261147,0,26,None,66,1,5,False,1,1
49076,186,random,10,0.606687898089172,0,26,None,66,1,5,False,1,1
49077,187,random,10,0.6071855095541401,0,26,None,66,1,5,False,1,1
49078,188,random,10,0.6061902866242038,0,26,None,66,1,5,False,1,1
49079,189,random,10,0.6059912420382165,0,26,None,66,1,5,False,1,1
49080,185,random,10,0.6410230891719745,0,8,None,66,1,5,False,1,1
49081,186,random,10,0.6407245222929936,0,8,None,66,1,5,False,1,1
49082,187,random,10,0.6420183121019108,0,8,None,66,1,5,False,1,1
49083,188,random,10,0.6418192675159236,0,8,None,66,1,5,False,1,1
49084,189,random,10,0.643312101910828,0,8,None,66,1,5,False,1,1
49085,185,random,10,0.7140724522292994,0,18,None,66,1,5,False,1,1
49086,186,random,10,0.712281050955414,0,18,None,66,1,5,False,1,1
49087,187,random,10,0.7135748407643312,0,18,None,66,1,5,False,1,1
49088,188,random,10,0.7146695859872612,0,18,None,66,1,5,False,1,1
49089,189,random,10,0.7156648089171974,0,18,None,66,1,5,False,1,1
49090,185,random,10,0.6042993630573248,0,19,None,66,1,5,False,1,1
49091,186,random,10,0.6026074840764332,0,19,None,66,1,5,False,1,1
49092,187,random,10,0.6011146496815286,0,19,None,66,1,5,False,1,1
49093,188,random,10,0.6011146496815286,0,19,None,66,1,5,False,1,1
49094,189,random,10,0.6014132165605095,0,19,None,66,1,5,False,1,1
49095,185,random,10,0.6656050955414012,0,31,None,66,1,5,False,1,1
49096,186,random,10,0.679140127388535,0,31,None,66,1,5,False,1,1
49097,187,random,10,0.6838176751592356,0,31,None,66,1,5,False,1,1
49098,188,random,10,0.6890923566878981,0,31,None,66,1,5,False,1,1
49099,189,random,10,0.6914808917197452,0,31,None,66,1,5,False,1,1
49100,185,random,10,0.698546974522293,0,21,None,66,1,5,False,1,1
49101,186,random,10,0.6963574840764332,0,21,None,66,1,5,False,1,1
49102,187,random,10,0.6979498407643312,0,21,None,66,1,5,False,1,1
49103,188,random,10,0.6979498407643312,0,21,None,66,1,5,False,1,1
49104,189,random,10,0.6992436305732485,0,21,None,66,1,5,False,1,1
49105,185,random,10,0.6845143312101911,0,27,None,66,1,5,False,1,1
49106,186,random,10,0.6852109872611465,0,27,None,66,1,5,False,1,1
49107,187,random,10,0.6853105095541401,0,27,None,66,1,5,False,1,1
49108,188,random,10,0.6860071656050956,0,27,None,66,1,5,False,1,1
49109,189,random,10,0.68640525477707,0,27,None,66,1,5,False,1,1
49110,185,random,10,0.6674960191082803,0,9,None,66,1,5,False,1,1
49111,186,random,10,0.6667993630573248,0,9,None,66,1,5,False,1,1
49112,187,random,10,0.669187898089172,0,9,None,66,1,5,False,1,1
49113,188,random,10,0.671875,0,9,None,66,1,5,False,1,1
49114,189,random,10,0.6735668789808917,0,9,None,66,1,5,False,1,1
49115,185,random,10,0.697452229299363,0,12,None,66,1,5,False,1,1
49116,186,random,10,0.6967555732484076,0,12,None,66,1,5,False,1,1
49117,187,random,10,0.6973527070063694,0,12,None,66,1,5,False,1,1
49118,188,random,10,0.6976512738853503,0,12,None,66,1,5,False,1,1
49119,189,random,10,0.6978503184713376,0,12,None,66,1,5,False,1,1
49120,185,random,10,0.6552547770700637,0,25,None,66,1,5,False,1,1
49121,186,random,10,0.6542595541401274,0,25,None,66,1,5,False,1,1
49122,187,random,10,0.6549562101910829,0,25,None,66,1,5,False,1,1
49123,188,random,10,0.6549562101910829,0,25,None,66,1,5,False,1,1
49124,189,random,10,0.6545581210191083,0,25,None,66,1,5,False,1,1
49125,185,random,10,0.540406050955414,0,14,None,66,1,5,False,1,1
49126,186,random,10,0.5393113057324841,0,14,None,66,1,5,False,1,1
49127,187,random,10,0.5413017515923567,0,14,None,66,1,5,False,1,1
49128,188,random,10,0.5494625796178344,0,14,None,66,1,5,False,1,1
49129,189,random,10,0.5563296178343949,0,14,None,66,1,5,False,1,1
49130,185,random,10,0.6766520700636943,0,22,None,66,1,5,False,1,1
49131,186,random,10,0.6757563694267515,0,22,None,66,1,5,False,1,1
49132,187,random,10,0.6762539808917197,0,22,None,66,1,5,False,1,1
49133,188,random,10,0.6759554140127388,0,22,None,66,1,5,False,1,1
49134,189,random,10,0.6757563694267515,0,22,None,66,1,5,False,1,1
49135,185,random,10,0.5938495222929936,0,4,None,66,1,5,False,1,1
49136,186,random,10,0.5767316878980892,0,4,None,66,1,5,False,1,1
49137,187,random,10,0.5718550955414012,0,4,None,66,1,5,False,1,1
49138,188,random,10,0.5705613057324841,0,4,None,66,1,5,False,1,1
49139,189,random,10,0.5698646496815286,0,4,None,66,1,5,False,1,1
49140,185,random,10,0.7185509554140127,0,11,None,66,1,5,False,1,1
49141,186,random,10,0.7174562101910829,0,11,None,66,1,5,False,1,1
49142,187,random,10,0.7167595541401274,0,11,None,66,1,5,False,1,1
49143,188,random,10,0.7166600318471338,0,11,None,66,1,5,False,1,1
49144,189,random,10,0.7166600318471338,0,11,None,66,1,5,False,1,1
49145,185,random,10,0.6822253184713376,0,17,None,66,1,5,False,1,1
49146,186,random,10,0.6839171974522293,0,17,None,66,1,5,False,1,1
49147,187,random,10,0.6841162420382165,0,17,None,66,1,5,False,1,1
49148,188,random,10,0.684812898089172,0,17,None,66,1,5,False,1,1
49149,189,random,10,0.6865047770700637,0,17,None,66,1,5,False,1,1
49150,185,random,10,0.6315684713375797,0,24,None,66,1,5,False,1,1
49151,186,random,10,0.6430135350318471,0,24,None,66,1,5,False,1,1
49152,187,random,10,0.6495820063694268,0,24,None,66,1,5,False,1,1
49153,188,random,10,0.6547571656050956,0,24,None,66,1,5,False,1,1
49154,189,random,10,0.6583399681528662,0,24,None,66,1,5,False,1,1
49155,185,random,10,0.6757563694267515,0,3,None,66,1,5,False,1,1
49156,186,random,10,0.6721735668789809,0,3,None,66,1,5,False,1,1
49157,187,random,10,0.6723726114649682,0,3,None,66,1,5,False,1,1
49158,188,random,10,0.6749601910828026,0,3,None,66,1,5,False,1,1
49159,189,random,10,0.6757563694267515,0,3,None,66,1,5,False,1,1
49160,185,random,10,0.6693869426751592,0,28,None,66,1,5,False,1,1
49161,186,random,10,0.6647093949044586,0,28,None,66,1,5,False,1,1
49162,187,random,10,0.6657046178343949,0,28,None,66,1,5,False,1,1
49163,188,random,10,0.6669984076433121,0,28,None,66,1,5,False,1,1
49164,189,random,10,0.669187898089172,0,28,None,66,1,5,False,1,1
49165,185,random,10,0.6925756369426752,0,0,None,66,1,5,False,1,1
49166,186,random,10,0.6908837579617835,0,0,None,66,1,5,False,1,1
49167,187,random,10,0.691281847133758,0,0,None,66,1,5,False,1,1
49168,188,random,10,0.6914808917197452,0,0,None,66,1,5,False,1,1
49169,189,random,10,0.6922770700636943,0,0,None,66,1,5,False,1,1
49170,190,random,10,0.5582205414012739,0,14,None,66,1,5,False,1,1
49171,191,random,10,0.5542396496815286,0,14,None,66,1,5,False,1,1
49172,192,random,10,0.5547372611464968,0,14,None,66,1,5,False,1,1
49173,193,random,10,0.5600119426751592,0,14,None,66,1,5,False,1,1
49174,194,random,10,0.5664808917197452,0,14,None,66,1,5,False,1,1
49175,190,random,10,0.6560509554140127,0,25,None,66,1,5,False,1,1
49176,191,random,10,0.6547571656050956,0,25,None,66,1,5,False,1,1
49177,192,random,10,0.6545581210191083,0,25,None,66,1,5,False,1,1
49178,193,random,10,0.6542595541401274,0,25,None,66,1,5,False,1,1
49179,194,random,10,0.6545581210191083,0,25,None,66,1,5,False,1,1
49180,190,random,10,0.6060907643312102,0,26,None,66,1,5,False,1,1
49181,191,random,10,0.6059912420382165,0,26,None,66,1,5,False,1,1
49182,192,random,10,0.6050955414012739,0,26,None,66,1,5,False,1,1
49183,193,random,10,0.6048964968152867,0,26,None,66,1,5,False,1,1
49184,194,random,10,0.6043988853503185,0,26,None,66,1,5,False,1,1
49185,190,random,10,0.6557523885350318,0,1,None,66,1,5,False,1,1
49186,191,random,10,0.6776472929936306,0,1,None,66,1,5,False,1,1
49187,192,random,10,0.6867038216560509,0,1,None,66,1,5,False,1,1
49188,193,random,10,0.6899880573248408,0,1,None,66,1,5,False,1,1
49189,194,random,10,0.693968949044586,0,1,None,66,1,5,False,1,1
49190,190,random,10,0.6178343949044586,0,2,None,66,1,5,False,1,1
49191,191,random,10,0.6042993630573248,0,2,None,66,1,5,False,1,1
49192,192,random,10,0.5921576433121019,0,2,None,66,1,5,False,1,1
49193,193,random,10,0.5843949044585988,0,2,None,66,1,5,False,1,1
49194,194,random,10,0.57921974522293,0,2,None,66,1,5,False,1,1
49195,190,random,10,0.7223328025477707,0,11,None,66,1,5,False,1,1
49196,191,random,10,0.7205414012738853,0,11,None,66,1,5,False,1,1
49197,192,random,10,0.7202428343949044,0,11,None,66,1,5,False,1,1
49198,193,random,10,0.7204418789808917,0,11,None,66,1,5,False,1,1
49199,194,random,10,0.7202428343949044,0,11,None,66,1,5,False,1,1
49200,190,random,10,0.6721735668789809,0,15,None,66,1,5,False,1,1
49201,191,random,10,0.6675955414012739,0,15,None,66,1,5,False,1,1
49202,192,random,10,0.6675955414012739,0,15,None,66,1,5,False,1,1
49203,193,random,10,0.668093152866242,0,15,None,66,1,5,False,1,1
49204,194,random,10,0.6687898089171974,0,15,None,66,1,5,False,1,1
49205,190,random,10,0.68640525477707,0,17,None,66,1,5,False,1,1
49206,191,random,10,0.6874004777070064,0,17,None,66,1,5,False,1,1
49207,192,random,10,0.6880971337579618,0,17,None,66,1,5,False,1,1
49208,193,random,10,0.6897890127388535,0,17,None,66,1,5,False,1,1
49209,194,random,10,0.6906847133757962,0,17,None,66,1,5,False,1,1
49210,190,random,10,0.6719745222929936,0,5,None,66,1,5,False,1,1
49211,191,random,10,0.6719745222929936,0,5,None,66,1,5,False,1,1
49212,192,random,10,0.6721735668789809,0,5,None,66,1,5,False,1,1
49213,193,random,10,0.6731687898089171,0,5,None,66,1,5,False,1,1
49214,194,random,10,0.67296974522293,0,5,None,66,1,5,False,1,1
49215,190,random,10,0.7027269108280255,0,20,None,66,1,5,False,1,1
49216,191,random,10,0.703125,0,20,None,66,1,5,False,1,1
49217,192,random,10,0.7043192675159236,0,20,None,66,1,5,False,1,1
49218,193,random,10,0.7048168789808917,0,20,None,66,1,5,False,1,1
49219,194,random,10,0.7049164012738853,0,20,None,66,1,5,False,1,1
49220,190,random,10,0.7147691082802548,0,10,None,66,1,5,False,1,1
49221,191,random,10,0.7148686305732485,0,10,None,66,1,5,False,1,1
49222,192,random,10,0.716859076433121,0,10,None,66,1,5,False,1,1
49223,193,random,10,0.7184514331210191,0,10,None,66,1,5,False,1,1
49224,194,random,10,0.7196457006369427,0,10,None,66,1,5,False,1,1
49225,190,random,10,0.679140127388535,0,22,None,66,1,5,False,1,1
49226,191,random,10,0.6780453821656051,0,22,None,66,1,5,False,1,1
49227,192,random,10,0.6788415605095541,0,22,None,66,1,5,False,1,1
49228,193,random,10,0.6785429936305732,0,22,None,66,1,5,False,1,1
49229,194,random,10,0.677547770700637,0,22,None,66,1,5,False,1,1
49230,190,random,10,0.6481886942675159,0,8,None,66,1,5,False,1,1
49231,191,random,10,0.647093949044586,0,8,None,66,1,5,False,1,1
49232,192,random,10,0.6477906050955414,0,8,None,66,1,5,False,1,1
49233,193,random,10,0.6481886942675159,0,8,None,66,1,5,False,1,1
49234,194,random,10,0.6493829617834395,0,8,None,66,1,5,False,1,1
49235,190,random,10,0.7148686305732485,0,18,None,66,1,5,False,1,1
49236,191,random,10,0.7136743630573248,0,18,None,66,1,5,False,1,1
49237,192,random,10,0.7155652866242038,0,18,None,66,1,5,False,1,1
49238,193,random,10,0.7169585987261147,0,18,None,66,1,5,False,1,1
49239,194,random,10,0.7178542993630573,0,18,None,66,1,5,False,1,1
49240,190,random,10,0.6080812101910829,0,19,None,66,1,5,False,1,1
49241,191,random,10,0.6054936305732485,0,19,None,66,1,5,False,1,1
49242,192,random,10,0.6057921974522293,0,19,None,66,1,5,False,1,1
49243,193,random,10,0.6056926751592356,0,19,None,66,1,5,False,1,1
49244,194,random,10,0.605593152866242,0,19,None,66,1,5,False,1,1
49245,190,random,10,0.706906847133758,0,21,None,66,1,5,False,1,1
49246,191,random,10,0.7054140127388535,0,21,None,66,1,5,False,1,1
49247,192,random,10,0.7053144904458599,0,21,None,66,1,5,False,1,1
49248,193,random,10,0.7060111464968153,0,21,None,66,1,5,False,1,1
49249,194,random,10,0.706906847133758,0,21,None,66,1,5,False,1,1
49250,190,random,10,0.6328622611464968,0,23,None,66,1,5,False,1,1
49251,191,random,10,0.6394307324840764,0,23,None,66,1,5,False,1,1
49252,192,random,10,0.6424164012738853,0,23,None,66,1,5,False,1,1
49253,193,random,10,0.6455015923566879,0,23,None,66,1,5,False,1,1
49254,194,random,10,0.6475915605095541,0,23,None,66,1,5,False,1,1
49255,190,random,10,0.6042993630573248,0,4,None,66,1,5,False,1,1
49256,191,random,10,0.5843949044585988,0,4,None,66,1,5,False,1,1
49257,192,random,10,0.5775278662420382,0,4,None,66,1,5,False,1,1
49258,193,random,10,0.576234076433121,0,4,None,66,1,5,False,1,1
49259,194,random,10,0.5753383757961783,0,4,None,66,1,5,False,1,1
49260,190,random,10,0.6269904458598726,0,24,None,66,1,5,False,1,1
49261,191,random,10,0.6397292993630573,0,24,None,66,1,5,False,1,1
49262,192,random,10,0.6494824840764332,0,24,None,66,1,5,False,1,1
49263,193,random,10,0.6558519108280255,0,24,None,66,1,5,False,1,1
49264,194,random,10,0.6609275477707006,0,24,None,66,1,5,False,1,1
49265,190,random,10,0.6904856687898089,0,27,None,66,1,5,False,1,1
49266,191,random,10,0.6903861464968153,0,27,None,66,1,5,False,1,1
49267,192,random,10,0.6895899681528662,0,27,None,66,1,5,False,1,1
49268,193,random,10,0.6899880573248408,0,27,None,66,1,5,False,1,1
49269,194,random,10,0.6905851910828026,0,27,None,66,1,5,False,1,1
49270,190,random,10,0.6690883757961783,0,31,None,66,1,5,False,1,1
49271,191,random,10,0.6863057324840764,0,31,None,66,1,5,False,1,1
49272,192,random,10,0.6919785031847133,0,31,None,66,1,5,False,1,1
49273,193,random,10,0.6953622611464968,0,31,None,66,1,5,False,1,1
49274,194,random,10,0.6995421974522293,0,31,None,66,1,5,False,1,1
49275,190,random,10,0.7085987261146497,0,30,None,66,1,5,False,1,1
49276,191,random,10,0.7107882165605095,0,30,None,66,1,5,False,1,1
49277,192,random,10,0.712281050955414,0,30,None,66,1,5,False,1,1
49278,193,random,10,0.7128781847133758,0,30,None,66,1,5,False,1,1
49279,194,random,10,0.7140724522292994,0,30,None,66,1,5,False,1,1
49280,190,random,10,0.6441082802547771,0,29,None,66,1,5,False,1,1
49281,191,random,10,0.632265127388535,0,29,None,66,1,5,False,1,1
49282,192,random,10,0.6259952229299363,0,29,None,66,1,5,False,1,1
49283,193,random,10,0.6242038216560509,0,29,None,66,1,5,False,1,1
49284,194,random,10,0.6226114649681529,0,29,None,66,1,5,False,1,1
49285,190,random,10,0.6839171974522293,0,9,None,66,1,5,False,1,1
49286,191,random,10,0.6853105095541401,0,9,None,66,1,5,False,1,1
49287,192,random,10,0.6879976114649682,0,9,None,66,1,5,False,1,1
49288,193,random,10,0.6890923566878981,0,9,None,66,1,5,False,1,1
49289,194,random,10,0.6906847133757962,0,9,None,66,1,5,False,1,1
49290,190,random,10,0.7017316878980892,0,7,None,66,1,5,False,1,1
49291,191,random,10,0.7033240445859873,0,7,None,66,1,5,False,1,1
49292,192,random,10,0.7049164012738853,0,7,None,66,1,5,False,1,1
49293,193,random,10,0.705812101910828,0,7,None,66,1,5,False,1,1
49294,194,random,10,0.7073049363057324,0,7,None,66,1,5,False,1,1
49295,190,random,10,0.6681926751592356,0,6,None,66,1,5,False,1,1
49296,191,random,10,0.6700835987261147,0,6,None,66,1,5,False,1,1
49297,192,random,10,0.6696855095541401,0,6,None,66,1,5,False,1,1
49298,193,random,10,0.6703821656050956,0,6,None,66,1,5,False,1,1
49299,194,random,10,0.6714769108280255,0,6,None,66,1,5,False,1,1
49300,190,random,10,0.7111863057324841,0,16,None,66,1,5,False,1,1
49301,191,random,10,0.7137738853503185,0,16,None,66,1,5,False,1,1
49302,192,random,10,0.7152667197452229,0,16,None,66,1,5,False,1,1
49303,193,random,10,0.7173566878980892,0,16,None,66,1,5,False,1,1
49304,194,random,10,0.71875,0,16,None,66,1,5,False,1,1
49305,190,random,10,0.5789211783439491,0,32,None,66,1,5,False,1,1
49306,191,random,10,0.5825039808917197,0,32,None,66,1,5,False,1,1
49307,192,random,10,0.5851910828025477,0,32,None,66,1,5,False,1,1
49308,193,random,10,0.5862858280254777,0,32,None,66,1,5,False,1,1
49309,194,random,10,0.5877786624203821,0,32,None,66,1,5,False,1,1
49310,190,random,10,0.7108877388535032,0,13,None,66,1,5,False,1,1
49311,191,random,10,0.7120820063694268,0,13,None,66,1,5,False,1,1
49312,192,random,10,0.712281050955414,0,13,None,66,1,5,False,1,1
49313,193,random,10,0.713077229299363,0,13,None,66,1,5,False,1,1
49314,194,random,10,0.7134753184713376,0,13,None,66,1,5,False,1,1
49315,190,random,10,0.6996417197452229,0,12,None,66,1,5,False,1,1
49316,191,random,10,0.7007364649681529,0,12,None,66,1,5,False,1,1
49317,192,random,10,0.7007364649681529,0,12,None,66,1,5,False,1,1
49318,193,random,10,0.7007364649681529,0,12,None,66,1,5,False,1,1
49319,194,random,10,0.7011345541401274,0,12,None,66,1,5,False,1,1
49320,190,random,10,0.6949641719745223,0,0,None,66,1,5,False,1,1
49321,191,random,10,0.6934713375796179,0,0,None,66,1,5,False,1,1
49322,192,random,10,0.6936703821656051,0,0,None,66,1,5,False,1,1
49323,193,random,10,0.6946656050955414,0,0,None,66,1,5,False,1,1
49324,194,random,10,0.6954617834394905,0,0,None,66,1,5,False,1,1
49325,190,random,10,0.6709792993630573,0,28,None,66,1,5,False,1,1
49326,191,random,10,0.6669984076433121,0,28,None,66,1,5,False,1,1
49327,192,random,10,0.6667993630573248,0,28,None,66,1,5,False,1,1
49328,193,random,10,0.667296974522293,0,28,None,66,1,5,False,1,1
49329,194,random,10,0.6682921974522293,0,28,None,66,1,5,False,1,1
49330,190,random,10,0.679140127388535,0,3,None,66,1,5,False,1,1
49331,191,random,10,0.6773487261146497,0,3,None,66,1,5,False,1,1
49332,192,random,10,0.6785429936305732,0,3,None,66,1,5,False,1,1
49333,193,random,10,0.6794386942675159,0,3,None,66,1,5,False,1,1
49334,194,random,10,0.6803343949044586,0,3,None,66,1,5,False,1,1
49335,195,random,10,0.6824243630573248,0,22,None,66,1,5,False,1,1
49336,196,random,10,0.6820262738853503,0,22,None,66,1,5,False,1,1
49337,197,random,10,0.6816281847133758,0,22,None,66,1,5,False,1,1
49338,198,random,10,0.6812300955414012,0,22,None,66,1,5,False,1,1
49339,199,random,10,0.6813296178343949,0,22,None,66,1,5,False,1,1
49340,195,random,10,0.5546377388535032,0,14,None,66,1,5,False,1,1
49341,196,random,10,0.5559315286624203,0,14,None,66,1,5,False,1,1
49342,197,random,10,0.5574243630573248,0,14,None,66,1,5,False,1,1
49343,198,random,10,0.5625995222929936,0,14,None,66,1,5,False,1,1
49344,199,random,10,0.5698646496815286,0,14,None,66,1,5,False,1,1
49345,195,random,10,0.714171974522293,0,30,None,66,1,5,False,1,1
49346,196,random,10,0.7146695859872612,0,30,None,66,1,5,False,1,1
49347,197,random,10,0.7157643312101911,0,30,None,66,1,5,False,1,1
49348,198,random,10,0.7164609872611465,0,30,None,66,1,5,False,1,1
49349,199,random,10,0.7178542993630573,0,30,None,66,1,5,False,1,1
49350,195,random,10,0.598328025477707,0,32,None,66,1,5,False,1,1
49351,196,random,10,0.5916600318471338,0,32,None,66,1,5,False,1,1
49352,197,random,10,0.5905652866242038,0,32,None,66,1,5,False,1,1
49353,198,random,10,0.5898686305732485,0,32,None,66,1,5,False,1,1
49354,199,random,10,0.5898686305732485,0,32,None,66,1,5,False,1,1
49355,195,random,10,0.7165605095541401,0,16,None,66,1,5,False,1,1
49356,196,random,10,0.7185509554140127,0,16,None,66,1,5,False,1,1
49357,197,random,10,0.7203423566878981,0,16,None,66,1,5,False,1,1
49358,198,random,10,0.7219347133757962,0,16,None,66,1,5,False,1,1
49359,199,random,10,0.722531847133758,0,16,None,66,1,5,False,1,1
49360,195,random,10,0.6521695859872612,0,1,None,66,1,5,False,1,1
49361,196,random,10,0.6744625796178344,0,1,None,66,1,5,False,1,1
49362,197,random,10,0.6860071656050956,0,1,None,66,1,5,False,1,1
49363,198,random,10,0.6898885350318471,0,1,None,66,1,5,False,1,1
49364,199,random,10,0.6944665605095541,0,1,None,66,1,5,False,1,1
49365,195,random,10,0.6392316878980892,0,23,None,66,1,5,False,1,1
49366,196,random,10,0.6445063694267515,0,23,None,66,1,5,False,1,1
49367,197,random,10,0.6479896496815286,0,23,None,66,1,5,False,1,1
49368,198,random,10,0.6517714968152867,0,23,None,66,1,5,False,1,1
49369,199,random,10,0.6545581210191083,0,23,None,66,1,5,False,1,1
49370,195,random,10,0.7097929936305732,0,21,None,66,1,5,False,1,1
49371,196,random,10,0.7083001592356688,0,21,None,66,1,5,False,1,1
49372,197,random,10,0.7073049363057324,0,21,None,66,1,5,False,1,1
49373,198,random,10,0.7076035031847133,0,21,None,66,1,5,False,1,1
49374,199,random,10,0.7076035031847133,0,21,None,66,1,5,False,1,1
49375,195,random,10,0.6902866242038217,0,27,None,66,1,5,False,1,1
49376,196,random,10,0.6899880573248408,0,27,None,66,1,5,False,1,1
49377,197,random,10,0.6909832802547771,0,27,None,66,1,5,False,1,1
49378,198,random,10,0.6910828025477707,0,27,None,66,1,5,False,1,1
49379,199,random,10,0.6917794585987261,0,27,None,66,1,5,False,1,1
49380,195,random,10,0.6515724522292994,0,29,None,66,1,5,False,1,1
49381,196,random,10,0.6420183121019108,0,29,None,66,1,5,False,1,1
49382,197,random,10,0.6354498407643312,0,29,None,66,1,5,False,1,1
49383,198,random,10,0.6330613057324841,0,29,None,66,1,5,False,1,1
49384,199,random,10,0.631468949044586,0,29,None,66,1,5,False,1,1
49385,195,random,10,0.7120820063694268,0,13,None,66,1,5,False,1,1
49386,196,random,10,0.7117834394904459,0,13,None,66,1,5,False,1,1
49387,197,random,10,0.713077229299363,0,13,None,66,1,5,False,1,1
49388,198,random,10,0.713077229299363,0,13,None,66,1,5,False,1,1
49389,199,random,10,0.7136743630573248,0,13,None,66,1,5,False,1,1
49390,195,random,10,0.6637141719745223,0,25,None,66,1,5,False,1,1
49391,196,random,10,0.6593351910828026,0,25,None,66,1,5,False,1,1
49392,197,random,10,0.6571457006369427,0,25,None,66,1,5,False,1,1
49393,198,random,10,0.6571457006369427,0,25,None,66,1,5,False,1,1
49394,199,random,10,0.6568471337579618,0,25,None,66,1,5,False,1,1
49395,195,random,10,0.6045979299363057,0,26,None,66,1,5,False,1,1
49396,196,random,10,0.6043988853503185,0,26,None,66,1,5,False,1,1
49397,197,random,10,0.6044984076433121,0,26,None,66,1,5,False,1,1
49398,198,random,10,0.6040007961783439,0,26,None,66,1,5,False,1,1
49399,199,random,10,0.6041003184713376,0,26,None,66,1,5,False,1,1
49400,195,random,10,0.6343550955414012,0,24,None,66,1,5,False,1,1
49401,196,random,10,0.6468949044585988,0,24,None,66,1,5,False,1,1
49402,197,random,10,0.6558519108280255,0,24,None,66,1,5,False,1,1
49403,198,random,10,0.6621218152866242,0,24,None,66,1,5,False,1,1
49404,199,random,10,0.6664012738853503,0,24,None,66,1,5,False,1,1
49405,195,random,10,0.6537619426751592,0,8,None,66,1,5,False,1,1
49406,196,random,10,0.6511743630573248,0,8,None,66,1,5,False,1,1
49407,197,random,10,0.6519705414012739,0,8,None,66,1,5,False,1,1
49408,198,random,10,0.6523686305732485,0,8,None,66,1,5,False,1,1
49409,199,random,10,0.6529657643312102,0,8,None,66,1,5,False,1,1
49410,195,random,10,0.6083797770700637,0,19,None,66,1,5,False,1,1
49411,196,random,10,0.6067874203821656,0,19,None,66,1,5,False,1,1
49412,197,random,10,0.6076831210191083,0,19,None,66,1,5,False,1,1
49413,198,random,10,0.6073845541401274,0,19,None,66,1,5,False,1,1
49414,199,random,10,0.6069864649681529,0,19,None,66,1,5,False,1,1
49415,195,random,10,0.6782444267515924,0,31,None,66,1,5,False,1,1
49416,196,random,10,0.6954617834394905,0,31,None,66,1,5,False,1,1
49417,197,random,10,0.7005374203821656,0,31,None,66,1,5,False,1,1
49418,198,random,10,0.7056130573248408,0,31,None,66,1,5,False,1,1
49419,199,random,10,0.7091958598726115,0,31,None,66,1,5,False,1,1
49420,195,random,10,0.6702826433121019,0,6,None,66,1,5,False,1,1
49421,196,random,10,0.6728702229299363,0,6,None,66,1,5,False,1,1
49422,197,random,10,0.6724721337579618,0,6,None,66,1,5,False,1,1
49423,198,random,10,0.671875,0,6,None,66,1,5,False,1,1
49424,199,random,10,0.6731687898089171,0,6,None,66,1,5,False,1,1
49425,195,random,10,0.6179339171974523,0,2,None,66,1,5,False,1,1
49426,196,random,10,0.6053941082802548,0,2,None,66,1,5,False,1,1
49427,197,random,10,0.5949442675159236,0,2,None,66,1,5,False,1,1
49428,198,random,10,0.5850915605095541,0,2,None,66,1,5,False,1,1
49429,199,random,10,0.5802149681528662,0,2,None,66,1,5,False,1,1
49430,195,random,10,0.6998407643312102,0,0,None,66,1,5,False,1,1
49431,196,random,10,0.6979498407643312,0,0,None,66,1,5,False,1,1
49432,197,random,10,0.6972531847133758,0,0,None,66,1,5,False,1,1
49433,198,random,10,0.6980493630573248,0,0,None,66,1,5,False,1,1
49434,199,random,10,0.6980493630573248,0,0,None,66,1,5,False,1,1
49435,195,random,10,0.6109673566878981,0,4,None,66,1,5,False,1,1
49436,196,random,10,0.5913614649681529,0,4,None,66,1,5,False,1,1
49437,197,random,10,0.5840963375796179,0,4,None,66,1,5,False,1,1
49438,198,random,10,0.582703025477707,0,4,None,66,1,5,False,1,1
49439,199,random,10,0.5812101910828026,0,4,None,66,1,5,False,1,1
49440,195,random,10,0.6748606687898089,0,5,None,66,1,5,False,1,1
49441,196,random,10,0.6746616242038217,0,5,None,66,1,5,False,1,1
49442,197,random,10,0.6751592356687898,0,5,None,66,1,5,False,1,1
49443,198,random,10,0.675656847133758,0,5,None,66,1,5,False,1,1
49444,199,random,10,0.6759554140127388,0,5,None,66,1,5,False,1,1
49445,195,random,10,0.7064092356687898,0,7,None,66,1,5,False,1,1
49446,196,random,10,0.7074044585987261,0,7,None,66,1,5,False,1,1
49447,197,random,10,0.7080015923566879,0,7,None,66,1,5,False,1,1
49448,198,random,10,0.7101910828025477,0,7,None,66,1,5,False,1,1
49449,199,random,10,0.7106886942675159,0,7,None,66,1,5,False,1,1
49450,195,random,10,0.6824243630573248,0,3,None,66,1,5,False,1,1
49451,196,random,10,0.6823248407643312,0,3,None,66,1,5,False,1,1
49452,197,random,10,0.6828224522292994,0,3,None,66,1,5,False,1,1
49453,198,random,10,0.6836186305732485,0,3,None,66,1,5,False,1,1
49454,199,random,10,0.6843152866242038,0,3,None,66,1,5,False,1,1
49455,195,random,10,0.698546974522293,0,9,None,66,1,5,False,1,1
49456,196,random,10,0.6988455414012739,0,9,None,66,1,5,False,1,1
49457,197,random,10,0.7005374203821656,0,9,None,66,1,5,False,1,1
49458,198,random,10,0.7019307324840764,0,9,None,66,1,5,False,1,1
49459,199,random,10,0.7036226114649682,0,9,None,66,1,5,False,1,1
49460,195,random,10,0.7227308917197452,0,11,None,66,1,5,False,1,1
49461,196,random,10,0.7222332802547771,0,11,None,66,1,5,False,1,1
49462,197,random,10,0.7222332802547771,0,11,None,66,1,5,False,1,1
49463,198,random,10,0.7216361464968153,0,11,None,66,1,5,False,1,1
49464,199,random,10,0.7210390127388535,0,11,None,66,1,5,False,1,1
49465,195,random,10,0.7165605095541401,0,10,None,66,1,5,False,1,1
49466,196,random,10,0.7170581210191083,0,10,None,66,1,5,False,1,1
49467,197,random,10,0.7180533439490446,0,10,None,66,1,5,False,1,1
49468,198,random,10,0.7193471337579618,0,10,None,66,1,5,False,1,1
49469,199,random,10,0.7202428343949044,0,10,None,66,1,5,False,1,1
49470,195,random,10,0.7026273885350318,0,12,None,66,1,5,False,1,1
49471,196,random,10,0.703125,0,12,None,66,1,5,False,1,1
49472,197,random,10,0.7035230891719745,0,12,None,66,1,5,False,1,1
49473,198,random,10,0.7046178343949044,0,12,None,66,1,5,False,1,1
49474,199,random,10,0.7044187898089171,0,12,None,66,1,5,False,1,1
49475,195,random,10,0.6751592356687898,0,15,None,66,1,5,False,1,1
49476,196,random,10,0.671875,0,15,None,66,1,5,False,1,1
49477,197,random,10,0.6713773885350318,0,15,None,66,1,5,False,1,1
49478,198,random,10,0.6719745222929936,0,15,None,66,1,5,False,1,1
49479,199,random,10,0.6726711783439491,0,15,None,66,1,5,False,1,1
49480,195,random,10,0.6905851910828026,0,17,None,66,1,5,False,1,1
49481,196,random,10,0.6909832802547771,0,17,None,66,1,5,False,1,1
49482,197,random,10,0.692078025477707,0,17,None,66,1,5,False,1,1
49483,198,random,10,0.693172770700637,0,17,None,66,1,5,False,1,1
49484,199,random,10,0.694765127388535,0,17,None,66,1,5,False,1,1
49485,195,random,10,0.7059116242038217,0,20,None,66,1,5,False,1,1
49486,196,random,10,0.7067078025477707,0,20,None,66,1,5,False,1,1
49487,197,random,10,0.7070063694267515,0,20,None,66,1,5,False,1,1
49488,198,random,10,0.707703025477707,0,20,None,66,1,5,False,1,1
49489,199,random,10,0.7081011146496815,0,20,None,66,1,5,False,1,1
49490,195,random,10,0.7163614649681529,0,18,None,66,1,5,False,1,1
49491,196,random,10,0.7148686305732485,0,18,None,66,1,5,False,1,1
49492,197,random,10,0.7155652866242038,0,18,None,66,1,5,False,1,1
49493,198,random,10,0.7172571656050956,0,18,None,66,1,5,False,1,1
49494,199,random,10,0.7182523885350318,0,18,None,66,1,5,False,1,1
49495,195,random,10,0.6730692675159236,0,28,None,66,1,5,False,1,1
49496,196,random,10,0.6712778662420382,0,28,None,66,1,5,False,1,1
49497,197,random,10,0.6717754777070064,0,28,None,66,1,5,False,1,1
49498,198,random,10,0.6720740445859873,0,28,None,66,1,5,False,1,1
49499,199,random,10,0.6725716560509554,0,28,None,66,1,5,False,1,1
0,0,weighted,10,0.0997213375796178,0,1,None,66,1,5,False,10,10
1,1,weighted,10,0.1925756369426751,0,1,None,66,1,5,False,10,10
2,2,weighted,10,0.2375597133757961,0,1,None,66,1,5,False,10,10
3,3,weighted,10,0.2704020700636942,0,1,None,66,1,5,False,10,10
4,4,weighted,10,0.2764729299363057,0,1,None,66,1,5,False,10,10
5,0,weighted,10,0.2846337579617834,0,5,None,66,1,5,False,10,10
6,1,weighted,10,0.3250398089171974,0,5,None,66,1,5,False,10,10
7,2,weighted,10,0.2988654458598726,0,5,None,66,1,5,False,10,10
8,3,weighted,10,0.2911027070063694,0,5,None,66,1,5,False,10,10
9,4,weighted,10,0.2953821656050955,0,5,None,66,1,5,False,10,10
10,0,weighted,10,0.2749800955414013,0,13,None,66,1,5,False,10,10
11,1,weighted,10,0.3424562101910828,0,13,None,66,1,5,False,10,10
12,2,weighted,10,0.4236664012738853,0,13,None,66,1,5,False,10,10
13,3,weighted,10,0.4340167197452229,0,13,None,66,1,5,False,10,10
14,4,weighted,10,0.4319267515923566,0,13,None,66,1,5,False,10,10
15,0,weighted,10,0.0996218152866242,0,15,None,66,1,5,False,10,10
16,1,weighted,10,0.1008160828025477,0,15,None,66,1,5,False,10,10
17,2,weighted,10,0.1308718152866242,0,15,None,66,1,5,False,10,10
18,3,weighted,10,0.2034235668789809,0,15,None,66,1,5,False,10,10
19,4,weighted,10,0.2498009554140127,0,15,None,66,1,5,False,10,10
20,0,weighted,10,0.1950636942675159,0,16,None,66,1,5,False,10,10
21,1,weighted,10,0.2573646496815286,0,16,None,66,1,5,False,10,10
22,2,weighted,10,0.2735867834394904,0,16,None,66,1,5,False,10,10
23,3,weighted,10,0.2897093949044586,0,16,None,66,1,5,False,10,10
24,4,weighted,10,0.3076234076433121,0,16,None,66,1,5,False,10,10
25,0,weighted,10,0.1930732484076433,0,11,None,66,1,5,False,10,10
26,1,weighted,10,0.2386544585987261,0,11,None,66,1,5,False,10,10
27,2,weighted,10,0.2342754777070063,0,11,None,66,1,5,False,10,10
28,3,weighted,10,0.2471138535031847,0,11,None,66,1,5,False,10,10
29,4,weighted,10,0.252687101910828,0,11,None,66,1,5,False,10,10
30,0,weighted,10,0.3460390127388535,0,14,None,66,1,5,False,10,10
31,1,weighted,10,0.3347929936305732,0,14,None,66,1,5,False,10,10
32,2,weighted,10,0.2694068471337579,0,14,None,66,1,5,False,10,10
33,3,weighted,10,0.2237261146496815,0,14,None,66,1,5,False,10,10
34,4,weighted,10,0.2211385350318471,0,14,None,66,1,5,False,10,10
35,0,weighted,10,0.2092953821656051,0,17,None,66,1,5,False,10,10
36,1,weighted,10,0.2787619426751592,0,17,None,66,1,5,False,10,10
37,2,weighted,10,0.2840366242038216,0,17,None,66,1,5,False,10,10
38,3,weighted,10,0.2967754777070063,0,17,None,66,1,5,False,10,10
39,4,weighted,10,0.2973726114649681,0,17,None,66,1,5,False,10,10
40,0,weighted,10,0.1720740445859872,0,25,None,66,1,5,False,10,10
41,1,weighted,10,0.1518710191082802,0,25,None,66,1,5,False,10,10
42,2,weighted,10,0.1294785031847133,0,25,None,66,1,5,False,10,10
43,3,weighted,10,0.112858280254777,0,25,None,66,1,5,False,10,10
44,4,weighted,10,0.1058917197452229,0,25,None,66,1,5,False,10,10
45,0,weighted,10,0.1848128980891719,0,26,None,66,1,5,False,10,10
46,1,weighted,10,0.1258957006369426,0,26,None,66,1,5,False,10,10
47,2,weighted,10,0.1070859872611465,0,26,None,66,1,5,False,10,10
48,3,weighted,10,0.1108678343949044,0,26,None,66,1,5,False,10,10
49,4,weighted,10,0.1350517515923567,0,26,None,66,1,5,False,10,10
50,0,weighted,10,0.0998208598726114,0,12,None,66,1,5,False,10,10
51,1,weighted,10,0.0996218152866242,0,12,None,66,1,5,False,10,10
52,2,weighted,10,0.1012141719745222,0,12,None,66,1,5,False,10,10
53,3,weighted,10,0.1171377388535031,0,12,None,66,1,5,False,10,10
54,4,weighted,10,0.1429140127388535,0,12,None,66,1,5,False,10,10
55,0,weighted,10,0.1885947452229299,0,28,None,66,1,5,False,10,10
56,1,weighted,10,0.1984474522292993,0,28,None,66,1,5,False,10,10
57,2,weighted,10,0.2204418789808917,0,28,None,66,1,5,False,10,10
58,3,weighted,10,0.2331807324840764,0,28,None,66,1,5,False,10,10
59,4,weighted,10,0.2422372611464968,0,28,None,66,1,5,False,10,10
60,0,weighted,10,0.1529657643312102,0,29,None,66,1,5,False,10,10
61,1,weighted,10,0.1659036624203821,0,29,None,66,1,5,False,10,10
62,2,weighted,10,0.1245023885350318,0,29,None,66,1,5,False,10,10
63,3,weighted,10,0.1028065286624203,0,29,None,66,1,5,False,10,10
64,4,weighted,10,0.101811305732484,0,29,None,66,1,5,False,10,10
65,0,weighted,10,0.0995222929936305,0,9,None,66,1,5,False,10,10
66,1,weighted,10,0.0995222929936305,0,9,None,66,1,5,False,10,10
67,2,weighted,10,0.1086783439490445,0,9,None,66,1,5,False,10,10
68,3,weighted,10,0.1545581210191083,0,9,None,66,1,5,False,10,10
69,4,weighted,10,0.181031050955414,0,9,None,66,1,5,False,10,10
70,0,weighted,10,0.2993630573248407,0,30,None,66,1,5,False,10,10
71,1,weighted,10,0.2888136942675159,0,30,None,66,1,5,False,10,10
72,2,weighted,10,0.274781050955414,0,30,None,66,1,5,False,10,10
73,3,weighted,10,0.2813495222929936,0,30,None,66,1,5,False,10,10
74,4,weighted,10,0.2870222929936306,0,30,None,66,1,5,False,10,10
75,0,weighted,10,0.2021297770700637,0,31,None,66,1,5,False,10,10
76,1,weighted,10,0.2932921974522293,0,31,None,66,1,5,False,10,10
77,2,weighted,10,0.25,0,31,None,66,1,5,False,10,10
78,3,weighted,10,0.2401472929936305,0,31,None,66,1,5,False,10,10
79,4,weighted,10,0.2465167197452229,0,31,None,66,1,5,False,10,10
80,0,weighted,10,0.0995222929936305,0,27,None,66,1,5,False,10,10
81,1,weighted,10,0.0995222929936305,0,27,None,66,1,5,False,10,10
82,2,weighted,10,0.0995222929936305,0,27,None,66,1,5,False,10,10
83,3,weighted,10,0.0995222929936305,0,27,None,66,1,5,False,10,10
84,4,weighted,10,0.0995222929936305,0,27,None,66,1,5,False,10,10
85,0,weighted,10,0.2257165605095541,0,7,None,66,1,5,False,10,10
86,1,weighted,10,0.2788614649681528,0,7,None,66,1,5,False,10,10
87,2,weighted,10,0.3689291401273885,0,7,None,66,1,5,False,10,10
88,3,weighted,10,0.4241640127388535,0,7,None,66,1,5,False,10,10
89,4,weighted,10,0.4419785031847134,0,7,None,66,1,5,False,10,10
90,0,weighted,10,0.1645103503184713,0,2,None,66,1,5,False,10,10
91,1,weighted,10,0.1786425159235669,0,2,None,66,1,5,False,10,10
92,2,weighted,10,0.1806329617834395,0,2,None,66,1,5,False,10,10
93,3,weighted,10,0.1778463375796178,0,2,None,66,1,5,False,10,10
94,4,weighted,10,0.1910828025477707,0,2,None,66,1,5,False,10,10
95,0,weighted,10,0.1738654458598726,0,4,None,66,1,5,False,10,10
96,1,weighted,10,0.1205214968152866,0,4,None,66,1,5,False,10,10
97,2,weighted,10,0.0995222929936305,0,4,None,66,1,5,False,10,10
98,3,weighted,10,0.1022093949044586,0,4,None,66,1,5,False,10,10
99,4,weighted,10,0.1199243630573248,0,4,None,66,1,5,False,10,10
100,0,weighted,10,0.0995222929936305,0,6,None,66,1,5,False,10,10
101,1,weighted,10,0.0995222929936305,0,6,None,66,1,5,False,10,10
102,2,weighted,10,0.0995222929936305,0,6,None,66,1,5,False,10,10
103,3,weighted,10,0.0995222929936305,0,6,None,66,1,5,False,10,10
104,4,weighted,10,0.0996218152866242,0,6,None,66,1,5,False,10,10
105,0,weighted,10,0.1500796178343949,0,3,None,66,1,5,False,10,10
106,1,weighted,10,0.1413216560509554,0,3,None,66,1,5,False,10,10
107,2,weighted,10,0.1466958598726114,0,3,None,66,1,5,False,10,10
108,3,weighted,10,0.1151472929936305,0,3,None,66,1,5,False,10,10
109,4,weighted,10,0.1178343949044586,0,3,None,66,1,5,False,10,10
110,0,weighted,10,0.0995222929936305,0,10,None,66,1,5,False,10,10
111,1,weighted,10,0.0995222929936305,0,10,None,66,1,5,False,10,10
112,2,weighted,10,0.0995222929936305,0,10,None,66,1,5,False,10,10
113,3,weighted,10,0.0995222929936305,0,10,None,66,1,5,False,10,10
114,4,weighted,10,0.0995222929936305,0,10,None,66,1,5,False,10,10
115,0,weighted,10,0.1058917197452229,0,22,None,66,1,5,False,10,10
116,1,weighted,10,0.1229100318471337,0,22,None,66,1,5,False,10,10
117,2,weighted,10,0.1460987261146497,0,22,None,66,1,5,False,10,10
118,3,weighted,10,0.1903861464968153,0,22,None,66,1,5,False,10,10
119,4,weighted,10,0.2458200636942675,0,22,None,66,1,5,False,10,10
120,0,weighted,10,0.1826234076433121,0,20,None,66,1,5,False,10,10
121,1,weighted,10,0.1992436305732484,0,20,None,66,1,5,False,10,10
122,2,weighted,10,0.2152667197452229,0,20,None,66,1,5,False,10,10
123,3,weighted,10,0.2401472929936305,0,20,None,66,1,5,False,10,10
124,4,weighted,10,0.2816480891719745,0,20,None,66,1,5,False,10,10
125,0,weighted,10,0.1504777070063694,0,23,None,66,1,5,False,10,10
126,1,weighted,10,0.0995222929936305,0,23,None,66,1,5,False,10,10
127,2,weighted,10,0.0995222929936305,0,23,None,66,1,5,False,10,10
128,3,weighted,10,0.0995222929936305,0,23,None,66,1,5,False,10,10
129,4,weighted,10,0.1329617834394904,0,23,None,66,1,5,False,10,10
130,0,weighted,10,0.1339570063694267,0,32,None,66,1,5,False,10,10
131,1,weighted,10,0.1627189490445859,0,32,None,66,1,5,False,10,10
132,2,weighted,10,0.1998407643312102,0,32,None,66,1,5,False,10,10
133,3,weighted,10,0.1995421974522293,0,32,None,66,1,5,False,10,10
134,4,weighted,10,0.192874203821656,0,32,None,66,1,5,False,10,10
135,0,weighted,10,0.1961584394904458,0,8,None,66,1,5,False,10,10
136,1,weighted,10,0.2960788216560509,0,8,None,66,1,5,False,10,10
137,2,weighted,10,0.3085191082802547,0,8,None,66,1,5,False,10,10
138,3,weighted,10,0.2785628980891719,0,8,None,66,1,5,False,10,10
139,4,weighted,10,0.2520899681528662,0,8,None,66,1,5,False,10,10
140,0,weighted,10,0.1280851910828025,0,18,None,66,1,5,False,10,10
141,1,weighted,10,0.1906847133757961,0,18,None,66,1,5,False,10,10
142,2,weighted,10,0.1972531847133758,0,18,None,66,1,5,False,10,10
143,3,weighted,10,0.2083996815286624,0,18,None,66,1,5,False,10,10
144,4,weighted,10,0.2205414012738853,0,18,None,66,1,5,False,10,10
145,0,weighted,10,0.206608280254777,0,19,None,66,1,5,False,10,10
146,1,weighted,10,0.2573646496815286,0,19,None,66,1,5,False,10,10
147,2,weighted,10,0.2670183121019108,0,19,None,66,1,5,False,10,10
148,3,weighted,10,0.2765724522292994,0,19,None,66,1,5,False,10,10
149,4,weighted,10,0.2914012738853503,0,19,None,66,1,5,False,10,10
150,0,weighted,10,0.1528662420382165,0,21,None,66,1,5,False,10,10
151,1,weighted,10,0.2004378980891719,0,21,None,66,1,5,False,10,10
152,2,weighted,10,0.2133757961783439,0,21,None,66,1,5,False,10,10
153,3,weighted,10,0.226811305732484,0,21,None,66,1,5,False,10,10
154,4,weighted,10,0.2349721337579617,0,21,None,66,1,5,False,10,10
155,0,weighted,10,0.1963574840764331,0,24,None,66,1,5,False,10,10
156,1,weighted,10,0.2824442675159235,0,24,None,66,1,5,False,10,10
157,2,weighted,10,0.3256369426751592,0,24,None,66,1,5,False,10,10
158,3,weighted,10,0.3523089171974522,0,24,None,66,1,5,False,10,10
159,4,weighted,10,0.3561902866242038,0,24,None,66,1,5,False,10,10
160,0,weighted,10,0.1000199044585987,0,0,None,66,1,5,False,10,10
161,1,weighted,10,0.1172372611464968,0,0,None,66,1,5,False,10,10
162,2,weighted,10,0.1997412420382165,0,0,None,66,1,5,False,10,10
163,3,weighted,10,0.2411425159235669,0,0,None,66,1,5,False,10,10
164,4,weighted,10,0.2584593949044586,0,0,None,66,1,5,False,10,10
165,5,weighted,10,0.0995222929936305,0,7,None,66,1,5,False,10,10
166,6,weighted,10,0.0995222929936305,0,7,None,66,1,5,False,10,10
167,7,weighted,10,0.0995222929936305,0,7,None,66,1,5,False,10,10
168,8,weighted,10,0.0995222929936305,0,7,None,66,1,5,False,10,10
169,9,weighted,10,0.0995222929936305,0,7,None,66,1,5,False,10,10
170,5,weighted,10,0.1923765923566879,0,15,None,66,1,5,False,10,10
171,6,weighted,10,0.1660031847133758,0,15,None,66,1,5,False,10,10
172,7,weighted,10,0.1604299363057325,0,15,None,66,1,5,False,10,10
173,8,weighted,10,0.1494824840764331,0,15,None,66,1,5,False,10,10
174,9,weighted,10,0.1450039808917197,0,15,None,66,1,5,False,10,10
175,5,weighted,10,0.0995222929936305,0,16,None,66,1,5,False,10,10
176,6,weighted,10,0.0995222929936305,0,16,None,66,1,5,False,10,10
177,7,weighted,10,0.1011146496815286,0,16,None,66,1,5,False,10,10
178,8,weighted,10,0.1312699044585987,0,16,None,66,1,5,False,10,10
179,9,weighted,10,0.1644108280254777,0,16,None,66,1,5,False,10,10
180,5,weighted,10,0.0995222929936305,0,18,None,66,1,5,False,10,10
181,6,weighted,10,0.0995222929936305,0,18,None,66,1,5,False,10,10
182,7,weighted,10,0.0995222929936305,0,18,None,66,1,5,False,10,10
183,8,weighted,10,0.0995222929936305,0,18,None,66,1,5,False,10,10
184,9,weighted,10,0.0995222929936305,0,18,None,66,1,5,False,10,10
185,5,weighted,10,0.0995222929936305,0,19,None,66,1,5,False,10,10
186,6,weighted,10,0.0995222929936305,0,19,None,66,1,5,False,10,10
187,7,weighted,10,0.0995222929936305,0,19,None,66,1,5,False,10,10
188,8,weighted,10,0.0995222929936305,0,19,None,66,1,5,False,10,10
189,9,weighted,10,0.0995222929936305,0,19,None,66,1,5,False,10,10
190,5,weighted,10,0.0995222929936305,0,11,None,66,1,5,False,10,10
191,6,weighted,10,0.0995222929936305,0,11,None,66,1,5,False,10,10
192,7,weighted,10,0.0995222929936305,0,11,None,66,1,5,False,10,10
193,8,weighted,10,0.0995222929936305,0,11,None,66,1,5,False,10,10
194,9,weighted,10,0.0995222929936305,0,11,None,66,1,5,False,10,10
195,5,weighted,10,0.1776472929936305,0,17,None,66,1,5,False,10,10
196,6,weighted,10,0.2668192675159235,0,17,None,66,1,5,False,10,10
197,7,weighted,10,0.0995222929936305,0,17,None,66,1,5,False,10,10
198,8,weighted,10,0.0995222929936305,0,17,None,66,1,5,False,10,10
199,9,weighted,10,0.0995222929936305,0,17,None,66,1,5,False,10,10
200,5,weighted,10,0.0995222929936305,0,21,None,66,1,5,False,10,10
201,6,weighted,10,0.0995222929936305,0,21,None,66,1,5,False,10,10
202,7,weighted,10,0.0995222929936305,0,21,None,66,1,5,False,10,10
203,8,weighted,10,0.0995222929936305,0,21,None,66,1,5,False,10,10
204,9,weighted,10,0.0995222929936305,0,21,None,66,1,5,False,10,10
205,5,weighted,10,0.2256170382165605,0,1,None,66,1,5,False,10,10
206,6,weighted,10,0.1697850318471337,0,1,None,66,1,5,False,10,10
207,7,weighted,10,0.177249203821656,0,1,None,66,1,5,False,10,10
208,8,weighted,10,0.181031050955414,0,1,None,66,1,5,False,10,10
209,9,weighted,10,0.1826234076433121,0,1,None,66,1,5,False,10,10
210,5,weighted,10,0.2228304140127388,0,24,None,66,1,5,False,10,10
211,6,weighted,10,0.2286027070063694,0,24,None,66,1,5,False,10,10
212,7,weighted,10,0.190187101910828,0,24,None,66,1,5,False,10,10
213,8,weighted,10,0.2097929936305732,0,24,None,66,1,5,False,10,10
214,9,weighted,10,0.2015326433121019,0,24,None,66,1,5,False,10,10
215,5,weighted,10,0.1458996815286624,0,27,None,66,1,5,False,10,10
216,6,weighted,10,0.0995222929936305,0,27,None,66,1,5,False,10,10
217,7,weighted,10,0.0995222929936305,0,27,None,66,1,5,False,10,10
218,8,weighted,10,0.0995222929936305,0,27,None,66,1,5,False,10,10
219,9,weighted,10,0.0995222929936305,0,27,None,66,1,5,False,10,10
220,5,weighted,10,0.0995222929936305,0,30,None,66,1,5,False,10,10
221,6,weighted,10,0.0995222929936305,0,30,None,66,1,5,False,10,10
222,7,weighted,10,0.0995222929936305,0,30,None,66,1,5,False,10,10
223,8,weighted,10,0.0995222929936305,0,30,None,66,1,5,False,10,10
224,9,weighted,10,0.0995222929936305,0,30,None,66,1,5,False,10,10
225,5,weighted,10,0.1172372611464968,0,31,None,66,1,5,False,10,10
226,6,weighted,10,0.1435111464968153,0,31,None,66,1,5,False,10,10
227,7,weighted,10,0.0995222929936305,0,31,None,66,1,5,False,10,10
228,8,weighted,10,0.0995222929936305,0,31,None,66,1,5,False,10,10
229,9,weighted,10,0.0995222929936305,0,31,None,66,1,5,False,10,10
230,5,weighted,10,0.136843152866242,0,2,None,66,1,5,False,10,10
231,6,weighted,10,0.1714769108280254,0,2,None,66,1,5,False,10,10
232,7,weighted,10,0.1518710191082802,0,2,None,66,1,5,False,10,10
233,8,weighted,10,0.116640127388535,0,2,None,66,1,5,False,10,10
234,9,weighted,10,0.1019108280254777,0,2,None,66,1,5,False,10,10
235,5,weighted,10,0.1936703821656051,0,5,None,66,1,5,False,10,10
236,6,weighted,10,0.2304936305732484,0,5,None,66,1,5,False,10,10
237,7,weighted,10,0.0995222929936305,0,5,None,66,1,5,False,10,10
238,8,weighted,10,0.0995222929936305,0,5,None,66,1,5,False,10,10
239,9,weighted,10,0.0995222929936305,0,5,None,66,1,5,False,10,10
240,5,weighted,10,0.0995222929936305,0,8,None,66,1,5,False,10,10
241,6,weighted,10,0.0995222929936305,0,8,None,66,1,5,False,10,10
242,7,weighted,10,0.1025079617834394,0,8,None,66,1,5,False,10,10
243,8,weighted,10,0.0995222929936305,0,8,None,66,1,5,False,10,10
244,9,weighted,10,0.0995222929936305,0,8,None,66,1,5,False,10,10
245,5,weighted,10,0.0995222929936305,0,10,None,66,1,5,False,10,10
246,6,weighted,10,0.0995222929936305,0,10,None,66,1,5,False,10,10
247,7,weighted,10,0.0995222929936305,0,10,None,66,1,5,False,10,10
248,8,weighted,10,0.0995222929936305,0,10,None,66,1,5,False,10,10
249,9,weighted,10,0.0995222929936305,0,10,None,66,1,5,False,10,10
250,5,weighted,10,0.0995222929936305,0,20,None,66,1,5,False,10,10
251,6,weighted,10,0.0995222929936305,0,20,None,66,1,5,False,10,10
252,7,weighted,10,0.0995222929936305,0,20,None,66,1,5,False,10,10
253,8,weighted,10,0.0995222929936305,0,20,None,66,1,5,False,10,10
254,9,weighted,10,0.0995222929936305,0,20,None,66,1,5,False,10,10
255,5,weighted,10,0.0995222929936305,0,32,None,66,1,5,False,10,10
256,6,weighted,10,0.1003184713375796,0,32,None,66,1,5,False,10,10
257,7,weighted,10,0.181031050955414,0,32,None,66,1,5,False,10,10
258,8,weighted,10,0.1944665605095541,0,32,None,66,1,5,False,10,10
259,9,weighted,10,0.1679936305732484,0,32,None,66,1,5,False,10,10
260,5,weighted,10,0.0995222929936305,0,23,None,66,1,5,False,10,10
261,6,weighted,10,0.0995222929936305,0,23,None,66,1,5,False,10,10
262,7,weighted,10,0.0995222929936305,0,23,None,66,1,5,False,10,10
263,8,weighted,10,0.0995222929936305,0,23,None,66,1,5,False,10,10
264,9,weighted,10,0.0995222929936305,0,23,None,66,1,5,False,10,10
265,5,weighted,10,0.1121616242038216,0,4,None,66,1,5,False,10,10
266,6,weighted,10,0.0995222929936305,0,4,None,66,1,5,False,10,10
267,7,weighted,10,0.0995222929936305,0,4,None,66,1,5,False,10,10
268,8,weighted,10,0.0995222929936305,0,4,None,66,1,5,False,10,10
269,9,weighted,10,0.0995222929936305,0,4,None,66,1,5,False,10,10
270,5,weighted,10,0.0994227707006369,0,29,None,66,1,5,False,10,10
271,6,weighted,10,0.0995222929936305,0,29,None,66,1,5,False,10,10
272,7,weighted,10,0.0995222929936305,0,29,None,66,1,5,False,10,10
273,8,weighted,10,0.0995222929936305,0,29,None,66,1,5,False,10,10
274,9,weighted,10,0.0995222929936305,0,29,None,66,1,5,False,10,10
275,5,weighted,10,0.0995222929936305,0,25,None,66,1,5,False,10,10
276,6,weighted,10,0.0995222929936305,0,25,None,66,1,5,False,10,10
277,7,weighted,10,0.1011146496815286,0,25,None,66,1,5,False,10,10
278,8,weighted,10,0.0995222929936305,0,25,None,66,1,5,False,10,10
279,9,weighted,10,0.0995222929936305,0,25,None,66,1,5,False,10,10
280,5,weighted,10,0.1525676751592356,0,26,None,66,1,5,False,10,10
281,6,weighted,10,0.1786425159235669,0,26,None,66,1,5,False,10,10
282,7,weighted,10,0.185609076433121,0,26,None,66,1,5,False,10,10
283,8,weighted,10,0.1872014331210191,0,26,None,66,1,5,False,10,10
284,9,weighted,10,0.1875,0,26,None,66,1,5,False,10,10
285,5,weighted,10,0.0995222929936305,0,6,None,66,1,5,False,10,10
286,6,weighted,10,0.0995222929936305,0,6,None,66,1,5,False,10,10
287,7,weighted,10,0.0995222929936305,0,6,None,66,1,5,False,10,10
288,8,weighted,10,0.0995222929936305,0,6,None,66,1,5,False,10,10
289,9,weighted,10,0.0995222929936305,0,6,None,66,1,5,False,10,10
290,5,weighted,10,0.0995222929936305,0,9,None,66,1,5,False,10,10
291,6,weighted,10,0.0995222929936305,0,9,None,66,1,5,False,10,10
292,7,weighted,10,0.0995222929936305,0,9,None,66,1,5,False,10,10
293,8,weighted,10,0.0995222929936305,0,9,None,66,1,5,False,10,10
294,9,weighted,10,0.0995222929936305,0,9,None,66,1,5,False,10,10
295,5,weighted,10,0.0995222929936305,0,22,None,66,1,5,False,10,10
296,6,weighted,10,0.0995222929936305,0,22,None,66,1,5,False,10,10
297,7,weighted,10,0.0995222929936305,0,22,None,66,1,5,False,10,10
298,8,weighted,10,0.0995222929936305,0,22,None,66,1,5,False,10,10
299,9,weighted,10,0.0995222929936305,0,22,None,66,1,5,False,10,10
300,5,weighted,10,0.0995222929936305,0,14,None,66,1,5,False,10,10
301,6,weighted,10,0.0995222929936305,0,14,None,66,1,5,False,10,10
302,7,weighted,10,0.0995222929936305,0,14,None,66,1,5,False,10,10
303,8,weighted,10,0.0995222929936305,0,14,None,66,1,5,False,10,10
304,9,weighted,10,0.0995222929936305,0,14,None,66,1,5,False,10,10
305,5,weighted,10,0.152468152866242,0,13,None,66,1,5,False,10,10
306,6,weighted,10,0.188296178343949,0,13,None,66,1,5,False,10,10
307,7,weighted,10,0.3072253184713376,0,13,None,66,1,5,False,10,10
308,8,weighted,10,0.2940883757961783,0,13,None,66,1,5,False,10,10
309,9,weighted,10,0.214171974522293,0,13,None,66,1,5,False,10,10
310,5,weighted,10,0.1548566878980891,0,12,None,66,1,5,False,10,10
311,6,weighted,10,0.18640525477707,0,12,None,66,1,5,False,10,10
312,7,weighted,10,0.1822253184713375,0,12,None,66,1,5,False,10,10
313,8,weighted,10,0.1736664012738853,0,12,None,66,1,5,False,10,10
314,9,weighted,10,0.1674960191082802,0,12,None,66,1,5,False,10,10
315,5,weighted,10,0.0995222929936305,0,0,None,66,1,5,False,10,10
316,6,weighted,10,0.0995222929936305,0,0,None,66,1,5,False,10,10
317,7,weighted,10,0.0995222929936305,0,0,None,66,1,5,False,10,10
318,8,weighted,10,0.0995222929936305,0,0,None,66,1,5,False,10,10
319,9,weighted,10,0.0999203821656051,0,0,None,66,1,5,False,10,10
320,5,weighted,10,0.1658041401273885,0,28,None,66,1,5,False,10,10
321,6,weighted,10,0.1571457006369426,0,28,None,66,1,5,False,10,10
322,7,weighted,10,0.1536624203821656,0,28,None,66,1,5,False,10,10
323,8,weighted,10,0.1531648089171974,0,28,None,66,1,5,False,10,10
324,9,weighted,10,0.1563495222929936,0,28,None,66,1,5,False,10,10
325,5,weighted,10,0.0995222929936305,0,3,None,66,1,5,False,10,10
326,6,weighted,10,0.0995222929936305,0,3,None,66,1,5,False,10,10
327,7,weighted,10,0.0995222929936305,0,3,None,66,1,5,False,10,10
328,8,weighted,10,0.0995222929936305,0,3,None,66,1,5,False,10,10
329,9,weighted,10,0.0995222929936305,0,3,None,66,1,5,False,10,10
330,10,weighted,10,0.0996218152866242,0,22,None,66,1,5,False,10,10
331,11,weighted,10,0.0995222929936305,0,22,None,66,1,5,False,10,10
332,12,weighted,10,0.0995222929936305,0,22,None,66,1,5,False,10,10
333,13,weighted,10,0.0995222929936305,0,22,None,66,1,5,False,10,10
334,14,weighted,10,0.0995222929936305,0,22,None,66,1,5,False,10,10
335,10,weighted,10,0.0995222929936305,0,14,None,66,1,5,False,10,10
336,11,weighted,10,0.0995222929936305,0,14,None,66,1,5,False,10,10
337,12,weighted,10,0.0995222929936305,0,14,None,66,1,5,False,10,10
338,13,weighted,10,0.0995222929936305,0,14,None,66,1,5,False,10,10
339,14,weighted,10,0.0995222929936305,0,14,None,66,1,5,False,10,10
340,10,weighted,10,0.0995222929936305,0,30,None,66,1,5,False,10,10
341,11,weighted,10,0.0995222929936305,0,30,None,66,1,5,False,10,10
342,12,weighted,10,0.0995222929936305,0,30,None,66,1,5,False,10,10
343,13,weighted,10,0.0995222929936305,0,30,None,66,1,5,False,10,10
344,14,weighted,10,0.0995222929936305,0,30,None,66,1,5,False,10,10
345,10,weighted,10,0.0995222929936305,0,16,None,66,1,5,False,10,10
346,11,weighted,10,0.0995222929936305,0,16,None,66,1,5,False,10,10
347,12,weighted,10,0.0995222929936305,0,16,None,66,1,5,False,10,10
348,13,weighted,10,0.0995222929936305,0,16,None,66,1,5,False,10,10
349,14,weighted,10,0.0995222929936305,0,16,None,66,1,5,False,10,10
350,10,weighted,10,0.0995222929936305,0,7,None,66,1,5,False,10,10
351,11,weighted,10,0.0995222929936305,0,7,None,66,1,5,False,10,10
352,12,weighted,10,0.0995222929936305,0,7,None,66,1,5,False,10,10
353,13,weighted,10,0.0995222929936305,0,7,None,66,1,5,False,10,10
354,14,weighted,10,0.0995222929936305,0,7,None,66,1,5,False,10,10
355,10,weighted,10,0.0995222929936305,0,32,None,66,1,5,False,10,10
356,11,weighted,10,0.0995222929936305,0,32,None,66,1,5,False,10,10
357,12,weighted,10,0.0995222929936305,0,32,None,66,1,5,False,10,10
358,13,weighted,10,0.1806329617834395,0,32,None,66,1,5,False,10,10
359,14,weighted,10,0.0995222929936305,0,32,None,66,1,5,False,10,10
360,10,weighted,10,0.0995222929936305,0,15,None,66,1,5,False,10,10
361,11,weighted,10,0.1747611464968153,0,15,None,66,1,5,False,10,10
362,12,weighted,10,0.1854100318471337,0,15,None,66,1,5,False,10,10
363,13,weighted,10,0.1659036624203821,0,15,None,66,1,5,False,10,10
364,14,weighted,10,0.1489848726114649,0,15,None,66,1,5,False,10,10
365,10,weighted,10,0.0995222929936305,0,10,None,66,1,5,False,10,10
366,11,weighted,10,0.0995222929936305,0,10,None,66,1,5,False,10,10
367,12,weighted,10,0.0995222929936305,0,10,None,66,1,5,False,10,10
368,13,weighted,10,0.0995222929936305,0,10,None,66,1,5,False,10,10
369,14,weighted,10,0.0995222929936305,0,10,None,66,1,5,False,10,10
370,10,weighted,10,0.0995222929936305,0,25,None,66,1,5,False,10,10
371,11,weighted,10,0.0995222929936305,0,25,None,66,1,5,False,10,10
372,12,weighted,10,0.0995222929936305,0,25,None,66,1,5,False,10,10
373,13,weighted,10,0.1261942675159235,0,25,None,66,1,5,False,10,10
374,14,weighted,10,0.0995222929936305,0,25,None,66,1,5,False,10,10
375,10,weighted,10,0.0995222929936305,0,12,None,66,1,5,False,10,10
376,11,weighted,10,0.0995222929936305,0,12,None,66,1,5,False,10,10
377,12,weighted,10,0.0995222929936305,0,12,None,66,1,5,False,10,10
378,13,weighted,10,0.1687898089171974,0,12,None,66,1,5,False,10,10
379,14,weighted,10,0.1821257961783439,0,12,None,66,1,5,False,10,10
380,10,weighted,10,0.0995222929936305,0,26,None,66,1,5,False,10,10
381,11,weighted,10,0.0995222929936305,0,26,None,66,1,5,False,10,10
382,12,weighted,10,0.0995222929936305,0,26,None,66,1,5,False,10,10
383,13,weighted,10,0.0995222929936305,0,26,None,66,1,5,False,10,10
384,14,weighted,10,0.0997213375796178,0,26,None,66,1,5,False,10,10
385,10,weighted,10,0.0995222929936305,0,11,None,66,1,5,False,10,10
386,11,weighted,10,0.0995222929936305,0,11,None,66,1,5,False,10,10
387,12,weighted,10,0.0995222929936305,0,11,None,66,1,5,False,10,10
388,13,weighted,10,0.0995222929936305,0,11,None,66,1,5,False,10,10
389,14,weighted,10,0.0995222929936305,0,11,None,66,1,5,False,10,10
390,10,weighted,10,0.0995222929936305,0,17,None,66,1,5,False,10,10
391,11,weighted,10,0.0995222929936305,0,17,None,66,1,5,False,10,10
392,12,weighted,10,0.1161425159235668,0,17,None,66,1,5,False,10,10
393,13,weighted,10,0.1883957006369426,0,17,None,66,1,5,False,10,10
394,14,weighted,10,0.0995222929936305,0,17,None,66,1,5,False,10,10
395,10,weighted,10,0.101811305732484,0,24,None,66,1,5,False,10,10
396,11,weighted,10,0.0995222929936305,0,24,None,66,1,5,False,10,10
397,12,weighted,10,0.0995222929936305,0,24,None,66,1,5,False,10,10
398,13,weighted,10,0.0995222929936305,0,24,None,66,1,5,False,10,10
399,14,weighted,10,0.1050955414012738,0,24,None,66,1,5,False,10,10
400,10,weighted,10,0.0995222929936305,0,20,None,66,1,5,False,10,10
401,11,weighted,10,0.0995222929936305,0,20,None,66,1,5,False,10,10
402,12,weighted,10,0.0995222929936305,0,20,None,66,1,5,False,10,10
403,13,weighted,10,0.1378383757961783,0,20,None,66,1,5,False,10,10
404,14,weighted,10,0.0995222929936305,0,20,None,66,1,5,False,10,10
405,10,weighted,10,0.0995222929936305,0,18,None,66,1,5,False,10,10
406,11,weighted,10,0.0995222929936305,0,18,None,66,1,5,False,10,10
407,12,weighted,10,0.0995222929936305,0,18,None,66,1,5,False,10,10
408,13,weighted,10,0.0995222929936305,0,18,None,66,1,5,False,10,10
409,14,weighted,10,0.0995222929936305,0,18,None,66,1,5,False,10,10
410,10,weighted,10,0.0995222929936305,0,19,None,66,1,5,False,10,10
411,11,weighted,10,0.0995222929936305,0,19,None,66,1,5,False,10,10
412,12,weighted,10,0.0995222929936305,0,19,None,66,1,5,False,10,10
413,13,weighted,10,0.0995222929936305,0,19,None,66,1,5,False,10,10
414,14,weighted,10,0.0995222929936305,0,19,None,66,1,5,False,10,10
415,10,weighted,10,0.0995222929936305,0,31,None,66,1,5,False,10,10
416,11,weighted,10,0.0995222929936305,0,31,None,66,1,5,False,10,10
417,12,weighted,10,0.0995222929936305,0,31,None,66,1,5,False,10,10
418,13,weighted,10,0.0995222929936305,0,31,None,66,1,5,False,10,10
419,14,weighted,10,0.0995222929936305,0,31,None,66,1,5,False,10,10
420,10,weighted,10,0.0995222929936305,0,6,None,66,1,5,False,10,10
421,11,weighted,10,0.0995222929936305,0,6,None,66,1,5,False,10,10
422,12,weighted,10,0.0995222929936305,0,6,None,66,1,5,False,10,10
423,13,weighted,10,0.0995222929936305,0,6,None,66,1,5,False,10,10
424,14,weighted,10,0.0995222929936305,0,6,None,66,1,5,False,10,10
425,10,weighted,10,0.2371616242038216,0,1,None,66,1,5,False,10,10
426,11,weighted,10,0.1803343949044586,0,1,None,66,1,5,False,10,10
427,12,weighted,10,0.1846138535031847,0,1,None,66,1,5,False,10,10
428,13,weighted,10,0.1865047770700637,0,1,None,66,1,5,False,10,10
429,14,weighted,10,0.1878980891719745,0,1,None,66,1,5,False,10,10
430,10,weighted,10,0.1685907643312102,0,2,None,66,1,5,False,10,10
431,11,weighted,10,0.0995222929936305,0,2,None,66,1,5,False,10,10
432,12,weighted,10,0.0995222929936305,0,2,None,66,1,5,False,10,10
433,13,weighted,10,0.0995222929936305,0,2,None,66,1,5,False,10,10
434,14,weighted,10,0.0995222929936305,0,2,None,66,1,5,False,10,10
435,10,weighted,10,0.0995222929936305,0,0,None,66,1,5,False,10,10
436,11,weighted,10,0.0995222929936305,0,0,None,66,1,5,False,10,10
437,12,weighted,10,0.0995222929936305,0,0,None,66,1,5,False,10,10
438,13,weighted,10,0.0995222929936305,0,0,None,66,1,5,False,10,10
439,14,weighted,10,0.0995222929936305,0,0,None,66,1,5,False,10,10
440,10,weighted,10,0.0995222929936305,0,4,None,66,1,5,False,10,10
441,11,weighted,10,0.0995222929936305,0,4,None,66,1,5,False,10,10
442,12,weighted,10,0.0995222929936305,0,4,None,66,1,5,False,10,10
443,13,weighted,10,0.0995222929936305,0,4,None,66,1,5,False,10,10
444,14,weighted,10,0.0995222929936305,0,4,None,66,1,5,False,10,10
445,10,weighted,10,0.0995222929936305,0,5,None,66,1,5,False,10,10
446,11,weighted,10,0.0995222929936305,0,5,None,66,1,5,False,10,10
447,12,weighted,10,0.0995222929936305,0,5,None,66,1,5,False,10,10
448,13,weighted,10,0.0995222929936305,0,5,None,66,1,5,False,10,10
449,14,weighted,10,0.0995222929936305,0,5,None,66,1,5,False,10,10
450,10,weighted,10,0.0995222929936305,0,3,None,66,1,5,False,10,10
451,11,weighted,10,0.0995222929936305,0,3,None,66,1,5,False,10,10
452,12,weighted,10,0.0995222929936305,0,3,None,66,1,5,False,10,10
453,13,weighted,10,0.0995222929936305,0,3,None,66,1,5,False,10,10
454,14,weighted,10,0.0995222929936305,0,3,None,66,1,5,False,10,10
455,10,weighted,10,0.1934713375796178,0,8,None,66,1,5,False,10,10
456,11,weighted,10,0.0995222929936305,0,8,None,66,1,5,False,10,10
457,12,weighted,10,0.0995222929936305,0,8,None,66,1,5,False,10,10
458,13,weighted,10,0.0995222929936305,0,8,None,66,1,5,False,10,10
459,14,weighted,10,0.0995222929936305,0,8,None,66,1,5,False,10,10
460,10,weighted,10,0.0995222929936305,0,13,None,66,1,5,False,10,10
461,11,weighted,10,0.1085788216560509,0,13,None,66,1,5,False,10,10
462,12,weighted,10,0.2132762738853503,0,13,None,66,1,5,False,10,10
463,13,weighted,10,0.0995222929936305,0,13,None,66,1,5,False,10,10
464,14,weighted,10,0.0995222929936305,0,13,None,66,1,5,False,10,10
465,10,weighted,10,0.0995222929936305,0,9,None,66,1,5,False,10,10
466,11,weighted,10,0.0995222929936305,0,9,None,66,1,5,False,10,10
467,12,weighted,10,0.0995222929936305,0,9,None,66,1,5,False,10,10
468,13,weighted,10,0.0995222929936305,0,9,None,66,1,5,False,10,10
469,14,weighted,10,0.0995222929936305,0,9,None,66,1,5,False,10,10
470,10,weighted,10,0.0995222929936305,0,21,None,66,1,5,False,10,10
471,11,weighted,10,0.0995222929936305,0,21,None,66,1,5,False,10,10
472,12,weighted,10,0.0995222929936305,0,21,None,66,1,5,False,10,10
473,13,weighted,10,0.0995222929936305,0,21,None,66,1,5,False,10,10
474,14,weighted,10,0.0995222929936305,0,21,None,66,1,5,False,10,10
475,10,weighted,10,0.0995222929936305,0,23,None,66,1,5,False,10,10
476,11,weighted,10,0.0995222929936305,0,23,None,66,1,5,False,10,10
477,12,weighted,10,0.0995222929936305,0,23,None,66,1,5,False,10,10
478,13,weighted,10,0.0995222929936305,0,23,None,66,1,5,False,10,10
479,14,weighted,10,0.0995222929936305,0,23,None,66,1,5,False,10,10
480,10,weighted,10,0.0995222929936305,0,28,None,66,1,5,False,10,10
481,11,weighted,10,0.0995222929936305,0,28,None,66,1,5,False,10,10
482,12,weighted,10,0.0995222929936305,0,28,None,66,1,5,False,10,10
483,13,weighted,10,0.0995222929936305,0,28,None,66,1,5,False,10,10
484,14,weighted,10,0.0995222929936305,0,28,None,66,1,5,False,10,10
485,10,weighted,10,0.0995222929936305,0,27,None,66,1,5,False,10,10
486,11,weighted,10,0.0995222929936305,0,27,None,66,1,5,False,10,10
487,12,weighted,10,0.0995222929936305,0,27,None,66,1,5,False,10,10
488,13,weighted,10,0.0995222929936305,0,27,None,66,1,5,False,10,10
489,14,weighted,10,0.0995222929936305,0,27,None,66,1,5,False,10,10
490,10,weighted,10,0.1073845541401273,0,29,None,66,1,5,False,10,10
491,11,weighted,10,0.0995222929936305,0,29,None,66,1,5,False,10,10
492,12,weighted,10,0.0995222929936305,0,29,None,66,1,5,False,10,10
493,13,weighted,10,0.0995222929936305,0,29,None,66,1,5,False,10,10
494,14,weighted,10,0.0995222929936305,0,29,None,66,1,5,False,10,10
990,15,weighted,10,0.1467953821656051,0,1,None,66,1,5,False,10,10
991,16,weighted,10,0.101015127388535,0,1,None,66,1,5,False,10,10
992,17,weighted,10,0.1106687898089172,0,1,None,66,1,5,False,10,10
993,18,weighted,10,0.1229100318471337,0,1,None,66,1,5,False,10,10
994,19,weighted,10,0.140625,0,1,None,66,1,5,False,10,10
995,15,weighted,10,0.0995222929936305,0,2,None,66,1,5,False,10,10
996,16,weighted,10,0.0995222929936305,0,2,None,66,1,5,False,10,10
997,17,weighted,10,0.0995222929936305,0,2,None,66,1,5,False,10,10
998,18,weighted,10,0.0995222929936305,0,2,None,66,1,5,False,10,10
999,19,weighted,10,0.0995222929936305,0,2,None,66,1,5,False,10,10
1000,15,weighted,10,0.0995222929936305,0,13,None,66,1,5,False,10,10
1001,16,weighted,10,0.0995222929936305,0,13,None,66,1,5,False,10,10
1002,17,weighted,10,0.0995222929936305,0,13,None,66,1,5,False,10,10
1003,18,weighted,10,0.0995222929936305,0,13,None,66,1,5,False,10,10
1004,19,weighted,10,0.0995222929936305,0,13,None,66,1,5,False,10,10
1005,15,weighted,10,0.0995222929936305,0,15,None,66,1,5,False,10,10
1006,16,weighted,10,0.0995222929936305,0,15,None,66,1,5,False,10,10
1007,17,weighted,10,0.1808320063694267,0,15,None,66,1,5,False,10,10
1008,18,weighted,10,0.1667993630573248,0,15,None,66,1,5,False,10,10
1009,19,weighted,10,0.1242038216560509,0,15,None,66,1,5,False,10,10
1010,15,weighted,10,0.0995222929936305,0,16,None,66,1,5,False,10,10
1011,16,weighted,10,0.0995222929936305,0,16,None,66,1,5,False,10,10
1012,17,weighted,10,0.0995222929936305,0,16,None,66,1,5,False,10,10
1013,18,weighted,10,0.0995222929936305,0,16,None,66,1,5,False,10,10
1014,19,weighted,10,0.0995222929936305,0,16,None,66,1,5,False,10,10
1015,15,weighted,10,0.0995222929936305,0,11,None,66,1,5,False,10,10
1016,16,weighted,10,0.0995222929936305,0,11,None,66,1,5,False,10,10
1017,17,weighted,10,0.0995222929936305,0,11,None,66,1,5,False,10,10
1018,18,weighted,10,0.0995222929936305,0,11,None,66,1,5,False,10,10
1019,19,weighted,10,0.0995222929936305,0,11,None,66,1,5,False,10,10
1020,15,weighted,10,0.0995222929936305,0,17,None,66,1,5,False,10,10
1021,16,weighted,10,0.0995222929936305,0,17,None,66,1,5,False,10,10
1022,17,weighted,10,0.0995222929936305,0,17,None,66,1,5,False,10,10
1023,18,weighted,10,0.1593351910828025,0,17,None,66,1,5,False,10,10
1024,19,weighted,10,0.0995222929936305,0,17,None,66,1,5,False,10,10
1025,15,weighted,10,0.0995222929936305,0,25,None,66,1,5,False,10,10
1026,16,weighted,10,0.0995222929936305,0,25,None,66,1,5,False,10,10
1027,17,weighted,10,0.0995222929936305,0,25,None,66,1,5,False,10,10
1028,18,weighted,10,0.0995222929936305,0,25,None,66,1,5,False,10,10
1029,19,weighted,10,0.0995222929936305,0,25,None,66,1,5,False,10,10
1030,15,weighted,10,0.1663017515923567,0,26,None,66,1,5,False,10,10
1031,16,weighted,10,0.0995222929936305,0,26,None,66,1,5,False,10,10
1032,17,weighted,10,0.0995222929936305,0,26,None,66,1,5,False,10,10
1033,18,weighted,10,0.0995222929936305,0,26,None,66,1,5,False,10,10
1034,19,weighted,10,0.0995222929936305,0,26,None,66,1,5,False,10,10
1035,15,weighted,10,0.0995222929936305,0,12,None,66,1,5,False,10,10
1036,16,weighted,10,0.0995222929936305,0,12,None,66,1,5,False,10,10
1037,17,weighted,10,0.0995222929936305,0,12,None,66,1,5,False,10,10
1038,18,weighted,10,0.1840167197452229,0,12,None,66,1,5,False,10,10
1039,19,weighted,10,0.1775477707006369,0,12,None,66,1,5,False,10,10
1040,15,weighted,10,0.0995222929936305,0,28,None,66,1,5,False,10,10
1041,16,weighted,10,0.0995222929936305,0,28,None,66,1,5,False,10,10
1042,17,weighted,10,0.0995222929936305,0,28,None,66,1,5,False,10,10
1043,18,weighted,10,0.0995222929936305,0,28,None,66,1,5,False,10,10
1044,19,weighted,10,0.0995222929936305,0,28,None,66,1,5,False,10,10
1045,15,weighted,10,0.0995222929936305,0,29,None,66,1,5,False,10,10
1046,16,weighted,10,0.0995222929936305,0,29,None,66,1,5,False,10,10
1047,17,weighted,10,0.0995222929936305,0,29,None,66,1,5,False,10,10
1048,18,weighted,10,0.0995222929936305,0,29,None,66,1,5,False,10,10
1049,19,weighted,10,0.0995222929936305,0,29,None,66,1,5,False,10,10
1050,15,weighted,10,0.0995222929936305,0,9,None,66,1,5,False,10,10
1051,16,weighted,10,0.0995222929936305,0,9,None,66,1,5,False,10,10
1052,17,weighted,10,0.0995222929936305,0,9,None,66,1,5,False,10,10
1053,18,weighted,10,0.0995222929936305,0,9,None,66,1,5,False,10,10
1054,19,weighted,10,0.0995222929936305,0,9,None,66,1,5,False,10,10
1055,15,weighted,10,0.0995222929936305,0,30,None,66,1,5,False,10,10
1056,16,weighted,10,0.0995222929936305,0,30,None,66,1,5,False,10,10
1057,17,weighted,10,0.0995222929936305,0,30,None,66,1,5,False,10,10
1058,18,weighted,10,0.0995222929936305,0,30,None,66,1,5,False,10,10
1059,19,weighted,10,0.0995222929936305,0,30,None,66,1,5,False,10,10
1060,15,weighted,10,0.0995222929936305,0,18,None,66,1,5,False,10,10
1061,16,weighted,10,0.0995222929936305,0,18,None,66,1,5,False,10,10
1062,17,weighted,10,0.0995222929936305,0,18,None,66,1,5,False,10,10
1063,18,weighted,10,0.0995222929936305,0,18,None,66,1,5,False,10,10
1064,19,weighted,10,0.0995222929936305,0,18,None,66,1,5,False,10,10
1065,15,weighted,10,0.0995222929936305,0,27,None,66,1,5,False,10,10
1066,16,weighted,10,0.0995222929936305,0,27,None,66,1,5,False,10,10
1067,17,weighted,10,0.0995222929936305,0,27,None,66,1,5,False,10,10
1068,18,weighted,10,0.0995222929936305,0,27,None,66,1,5,False,10,10
1069,19,weighted,10,0.0995222929936305,0,27,None,66,1,5,False,10,10
1070,15,weighted,10,0.0995222929936305,0,31,None,66,1,5,False,10,10
1071,16,weighted,10,0.0995222929936305,0,31,None,66,1,5,False,10,10
1072,17,weighted,10,0.0995222929936305,0,31,None,66,1,5,False,10,10
1073,18,weighted,10,0.0995222929936305,0,31,None,66,1,5,False,10,10
1074,19,weighted,10,0.0995222929936305,0,31,None,66,1,5,False,10,10
1075,15,weighted,10,0.0995222929936305,0,7,None,66,1,5,False,10,10
1076,16,weighted,10,0.0995222929936305,0,7,None,66,1,5,False,10,10
1077,17,weighted,10,0.0995222929936305,0,7,None,66,1,5,False,10,10
1078,18,weighted,10,0.0995222929936305,0,7,None,66,1,5,False,10,10
1079,19,weighted,10,0.0995222929936305,0,7,None,66,1,5,False,10,10
1080,15,weighted,10,0.0995222929936305,0,5,None,66,1,5,False,10,10
1081,16,weighted,10,0.0995222929936305,0,5,None,66,1,5,False,10,10
1082,17,weighted,10,0.0995222929936305,0,5,None,66,1,5,False,10,10
1083,18,weighted,10,0.0995222929936305,0,5,None,66,1,5,False,10,10
1084,19,weighted,10,0.0995222929936305,0,5,None,66,1,5,False,10,10
1085,15,weighted,10,0.0995222929936305,0,6,None,66,1,5,False,10,10
1086,16,weighted,10,0.0995222929936305,0,6,None,66,1,5,False,10,10
1087,17,weighted,10,0.0995222929936305,0,6,None,66,1,5,False,10,10
1088,18,weighted,10,0.0995222929936305,0,6,None,66,1,5,False,10,10
1089,19,weighted,10,0.0995222929936305,0,6,None,66,1,5,False,10,10
1090,15,weighted,10,0.0995222929936305,0,3,None,66,1,5,False,10,10
1091,16,weighted,10,0.0995222929936305,0,3,None,66,1,5,False,10,10
1092,17,weighted,10,0.0995222929936305,0,3,None,66,1,5,False,10,10
1093,18,weighted,10,0.0995222929936305,0,3,None,66,1,5,False,10,10
1094,19,weighted,10,0.0995222929936305,0,3,None,66,1,5,False,10,10
1095,15,weighted,10,0.0995222929936305,0,8,None,66,1,5,False,10,10
1096,16,weighted,10,0.0995222929936305,0,8,None,66,1,5,False,10,10
1097,17,weighted,10,0.0995222929936305,0,8,None,66,1,5,False,10,10
1098,18,weighted,10,0.0995222929936305,0,8,None,66,1,5,False,10,10
1099,19,weighted,10,0.0995222929936305,0,8,None,66,1,5,False,10,10
1100,15,weighted,10,0.0995222929936305,0,20,None,66,1,5,False,10,10
1101,16,weighted,10,0.0995222929936305,0,20,None,66,1,5,False,10,10
1102,17,weighted,10,0.0995222929936305,0,20,None,66,1,5,False,10,10
1103,18,weighted,10,0.0995222929936305,0,20,None,66,1,5,False,10,10
1104,19,weighted,10,0.0995222929936305,0,20,None,66,1,5,False,10,10
1105,15,weighted,10,0.0995222929936305,0,10,None,66,1,5,False,10,10
1106,16,weighted,10,0.0995222929936305,0,10,None,66,1,5,False,10,10
1107,17,weighted,10,0.0995222929936305,0,10,None,66,1,5,False,10,10
1108,18,weighted,10,0.0995222929936305,0,10,None,66,1,5,False,10,10
1109,19,weighted,10,0.0995222929936305,0,10,None,66,1,5,False,10,10
1110,15,weighted,10,0.0995222929936305,0,32,None,66,1,5,False,10,10
1111,16,weighted,10,0.0995222929936305,0,32,None,66,1,5,False,10,10
1112,17,weighted,10,0.0995222929936305,0,32,None,66,1,5,False,10,10
1113,18,weighted,10,0.0998208598726114,0,32,None,66,1,5,False,10,10
1114,19,weighted,10,0.0995222929936305,0,32,None,66,1,5,False,10,10
1115,15,weighted,10,0.0995222929936305,0,23,None,66,1,5,False,10,10
1116,16,weighted,10,0.0995222929936305,0,23,None,66,1,5,False,10,10
1117,17,weighted,10,0.0995222929936305,0,23,None,66,1,5,False,10,10
1118,18,weighted,10,0.0995222929936305,0,23,None,66,1,5,False,10,10
1119,19,weighted,10,0.0995222929936305,0,23,None,66,1,5,False,10,10
1120,15,weighted,10,0.0995222929936305,0,19,None,66,1,5,False,10,10
1121,16,weighted,10,0.0995222929936305,0,19,None,66,1,5,False,10,10
1122,17,weighted,10,0.0995222929936305,0,19,None,66,1,5,False,10,10
1123,18,weighted,10,0.0995222929936305,0,19,None,66,1,5,False,10,10
1124,19,weighted,10,0.0995222929936305,0,19,None,66,1,5,False,10,10
1125,15,weighted,10,0.0995222929936305,0,21,None,66,1,5,False,10,10
1126,16,weighted,10,0.0995222929936305,0,21,None,66,1,5,False,10,10
1127,17,weighted,10,0.0995222929936305,0,21,None,66,1,5,False,10,10
1128,18,weighted,10,0.0995222929936305,0,21,None,66,1,5,False,10,10
1129,19,weighted,10,0.0995222929936305,0,21,None,66,1,5,False,10,10
1130,15,weighted,10,0.0995222929936305,0,24,None,66,1,5,False,10,10
1131,16,weighted,10,0.0995222929936305,0,24,None,66,1,5,False,10,10
1132,17,weighted,10,0.0995222929936305,0,24,None,66,1,5,False,10,10
1133,18,weighted,10,0.0995222929936305,0,24,None,66,1,5,False,10,10
1134,19,weighted,10,0.0995222929936305,0,24,None,66,1,5,False,10,10
1135,15,weighted,10,0.0995222929936305,0,0,None,66,1,5,False,10,10
1136,16,weighted,10,0.0995222929936305,0,0,None,66,1,5,False,10,10
1137,17,weighted,10,0.0995222929936305,0,0,None,66,1,5,False,10,10
1138,18,weighted,10,0.0995222929936305,0,0,None,66,1,5,False,10,10
1139,19,weighted,10,0.0995222929936305,0,0,None,66,1,5,False,10,10
1140,15,weighted,10,0.0995222929936305,0,4,None,66,1,5,False,10,10
1141,16,weighted,10,0.0995222929936305,0,4,None,66,1,5,False,10,10
1142,17,weighted,10,0.0995222929936305,0,4,None,66,1,5,False,10,10
1143,18,weighted,10,0.0995222929936305,0,4,None,66,1,5,False,10,10
1144,19,weighted,10,0.0995222929936305,0,4,None,66,1,5,False,10,10
1145,15,weighted,10,0.0995222929936305,0,14,None,66,1,5,False,10,10
1146,16,weighted,10,0.0995222929936305,0,14,None,66,1,5,False,10,10
1147,17,weighted,10,0.0995222929936305,0,14,None,66,1,5,False,10,10
1148,18,weighted,10,0.0995222929936305,0,14,None,66,1,5,False,10,10
1149,19,weighted,10,0.0995222929936305,0,14,None,66,1,5,False,10,10
1150,15,weighted,10,0.0995222929936305,0,22,None,66,1,5,False,10,10
1151,16,weighted,10,0.0995222929936305,0,22,None,66,1,5,False,10,10
1152,17,weighted,10,0.1005175159235668,0,22,None,66,1,5,False,10,10
1153,18,weighted,10,0.0995222929936305,0,22,None,66,1,5,False,10,10
1154,19,weighted,10,0.0995222929936305,0,22,None,66,1,5,False,10,10
1155,20,weighted,10,0.0995222929936305,0,31,None,66,1,5,False,10,10
1156,21,weighted,10,0.0995222929936305,0,31,None,66,1,5,False,10,10
1157,22,weighted,10,0.0995222929936305,0,31,None,66,1,5,False,10,10
1158,23,weighted,10,0.0995222929936305,0,31,None,66,1,5,False,10,10
1159,24,weighted,10,0.0995222929936305,0,31,None,66,1,5,False,10,10
1160,20,weighted,10,0.0995222929936305,0,1,None,66,1,5,False,10,10
1161,21,weighted,10,0.0995222929936305,0,1,None,66,1,5,False,10,10
1162,22,weighted,10,0.0995222929936305,0,1,None,66,1,5,False,10,10
1163,23,weighted,10,0.0995222929936305,0,1,None,66,1,5,False,10,10
1164,24,weighted,10,0.0996218152866242,0,1,None,66,1,5,False,10,10
1165,20,weighted,10,0.0995222929936305,0,2,None,66,1,5,False,10,10
1166,21,weighted,10,0.0995222929936305,0,2,None,66,1,5,False,10,10
1167,22,weighted,10,0.0995222929936305,0,2,None,66,1,5,False,10,10
1168,23,weighted,10,0.0995222929936305,0,2,None,66,1,5,False,10,10
1169,24,weighted,10,0.0995222929936305,0,2,None,66,1,5,False,10,10
1170,20,weighted,10,0.0995222929936305,0,8,None,66,1,5,False,10,10
1171,21,weighted,10,0.0995222929936305,0,8,None,66,1,5,False,10,10
1172,22,weighted,10,0.0995222929936305,0,8,None,66,1,5,False,10,10
1173,23,weighted,10,0.0995222929936305,0,8,None,66,1,5,False,10,10
1174,24,weighted,10,0.0995222929936305,0,8,None,66,1,5,False,10,10
1175,20,weighted,10,0.0995222929936305,0,16,None,66,1,5,False,10,10
1176,21,weighted,10,0.0995222929936305,0,16,None,66,1,5,False,10,10
1177,22,weighted,10,0.0995222929936305,0,16,None,66,1,5,False,10,10
1178,23,weighted,10,0.0995222929936305,0,16,None,66,1,5,False,10,10
1179,24,weighted,10,0.0995222929936305,0,16,None,66,1,5,False,10,10
1180,20,weighted,10,0.0995222929936305,0,18,None,66,1,5,False,10,10
1181,21,weighted,10,0.0995222929936305,0,18,None,66,1,5,False,10,10
1182,22,weighted,10,0.0995222929936305,0,18,None,66,1,5,False,10,10
1183,23,weighted,10,0.0995222929936305,0,18,None,66,1,5,False,10,10
1184,24,weighted,10,0.0995222929936305,0,18,None,66,1,5,False,10,10
1185,20,weighted,10,0.0995222929936305,0,19,None,66,1,5,False,10,10
1186,21,weighted,10,0.0995222929936305,0,19,None,66,1,5,False,10,10
1187,22,weighted,10,0.0995222929936305,0,19,None,66,1,5,False,10,10
1188,23,weighted,10,0.0995222929936305,0,19,None,66,1,5,False,10,10
1189,24,weighted,10,0.0995222929936305,0,19,None,66,1,5,False,10,10
1190,20,weighted,10,0.0995222929936305,0,25,None,66,1,5,False,10,10
1191,21,weighted,10,0.0995222929936305,0,25,None,66,1,5,False,10,10
1192,22,weighted,10,0.0995222929936305,0,25,None,66,1,5,False,10,10
1193,23,weighted,10,0.0995222929936305,0,25,None,66,1,5,False,10,10
1194,24,weighted,10,0.0995222929936305,0,25,None,66,1,5,False,10,10
1195,20,weighted,10,0.0995222929936305,0,13,None,66,1,5,False,10,10
1196,21,weighted,10,0.0995222929936305,0,13,None,66,1,5,False,10,10
1197,22,weighted,10,0.0995222929936305,0,13,None,66,1,5,False,10,10
1198,23,weighted,10,0.0995222929936305,0,13,None,66,1,5,False,10,10
1199,24,weighted,10,0.0995222929936305,0,13,None,66,1,5,False,10,10
1200,20,weighted,10,0.0995222929936305,0,29,None,66,1,5,False,10,10
1201,21,weighted,10,0.0995222929936305,0,29,None,66,1,5,False,10,10
1202,22,weighted,10,0.0995222929936305,0,29,None,66,1,5,False,10,10
1203,23,weighted,10,0.0995222929936305,0,29,None,66,1,5,False,10,10
1204,24,weighted,10,0.0995222929936305,0,29,None,66,1,5,False,10,10
1205,20,weighted,10,0.0995222929936305,0,5,None,66,1,5,False,10,10
1206,21,weighted,10,0.0995222929936305,0,5,None,66,1,5,False,10,10
1207,22,weighted,10,0.0995222929936305,0,5,None,66,1,5,False,10,10
1208,23,weighted,10,0.0995222929936305,0,5,None,66,1,5,False,10,10
1209,24,weighted,10,0.0995222929936305,0,5,None,66,1,5,False,10,10
1210,20,weighted,10,0.0995222929936305,0,12,None,66,1,5,False,10,10
1211,21,weighted,10,0.0995222929936305,0,12,None,66,1,5,False,10,10
1212,22,weighted,10,0.0995222929936305,0,12,None,66,1,5,False,10,10
1213,23,weighted,10,0.0995222929936305,0,12,None,66,1,5,False,10,10
1214,24,weighted,10,0.0995222929936305,0,12,None,66,1,5,False,10,10
1215,20,weighted,10,0.0995222929936305,0,26,None,66,1,5,False,10,10
1216,21,weighted,10,0.0995222929936305,0,26,None,66,1,5,False,10,10
1217,22,weighted,10,0.0995222929936305,0,26,None,66,1,5,False,10,10
1218,23,weighted,10,0.0995222929936305,0,26,None,66,1,5,False,10,10
1219,24,weighted,10,0.0995222929936305,0,26,None,66,1,5,False,10,10
1220,20,weighted,10,0.0995222929936305,0,30,None,66,1,5,False,10,10
1221,21,weighted,10,0.0995222929936305,0,30,None,66,1,5,False,10,10
1222,22,weighted,10,0.0995222929936305,0,30,None,66,1,5,False,10,10
1223,23,weighted,10,0.0995222929936305,0,30,None,66,1,5,False,10,10
1224,24,weighted,10,0.0995222929936305,0,30,None,66,1,5,False,10,10
1225,20,weighted,10,0.0995222929936305,0,15,None,66,1,5,False,10,10
1226,21,weighted,10,0.0995222929936305,0,15,None,66,1,5,False,10,10
1227,22,weighted,10,0.1576433121019108,0,15,None,66,1,5,False,10,10
1228,23,weighted,10,0.1493829617834395,0,15,None,66,1,5,False,10,10
1229,24,weighted,10,0.0995222929936305,0,15,None,66,1,5,False,10,10
1230,20,weighted,10,0.0995222929936305,0,20,None,66,1,5,False,10,10
1231,21,weighted,10,0.0995222929936305,0,20,None,66,1,5,False,10,10
1232,22,weighted,10,0.0995222929936305,0,20,None,66,1,5,False,10,10
1233,23,weighted,10,0.0995222929936305,0,20,None,66,1,5,False,10,10
1234,24,weighted,10,0.1704816878980891,0,20,None,66,1,5,False,10,10
1235,20,weighted,10,0.0995222929936305,0,32,None,66,1,5,False,10,10
1236,21,weighted,10,0.0995222929936305,0,32,None,66,1,5,False,10,10
1237,22,weighted,10,0.0995222929936305,0,32,None,66,1,5,False,10,10
1238,23,weighted,10,0.0995222929936305,0,32,None,66,1,5,False,10,10
1239,24,weighted,10,0.0995222929936305,0,32,None,66,1,5,False,10,10
1240,20,weighted,10,0.0995222929936305,0,7,None,66,1,5,False,10,10
1241,21,weighted,10,0.0995222929936305,0,7,None,66,1,5,False,10,10
1242,22,weighted,10,0.0995222929936305,0,7,None,66,1,5,False,10,10
1243,23,weighted,10,0.0995222929936305,0,7,None,66,1,5,False,10,10
1244,24,weighted,10,0.0995222929936305,0,7,None,66,1,5,False,10,10
1245,20,weighted,10,0.0995222929936305,0,6,None,66,1,5,False,10,10
1246,21,weighted,10,0.0995222929936305,0,6,None,66,1,5,False,10,10
1247,22,weighted,10,0.0995222929936305,0,6,None,66,1,5,False,10,10
1248,23,weighted,10,0.0995222929936305,0,6,None,66,1,5,False,10,10
1249,24,weighted,10,0.0995222929936305,0,6,None,66,1,5,False,10,10
1250,20,weighted,10,0.0995222929936305,0,9,None,66,1,5,False,10,10
1251,21,weighted,10,0.0995222929936305,0,9,None,66,1,5,False,10,10
1252,22,weighted,10,0.0995222929936305,0,9,None,66,1,5,False,10,10
1253,23,weighted,10,0.0995222929936305,0,9,None,66,1,5,False,10,10
1254,24,weighted,10,0.0995222929936305,0,9,None,66,1,5,False,10,10
1255,20,weighted,10,0.0995222929936305,0,14,None,66,1,5,False,10,10
1256,21,weighted,10,0.0995222929936305,0,14,None,66,1,5,False,10,10
1257,22,weighted,10,0.0995222929936305,0,14,None,66,1,5,False,10,10
1258,23,weighted,10,0.0995222929936305,0,14,None,66,1,5,False,10,10
1259,24,weighted,10,0.0995222929936305,0,14,None,66,1,5,False,10,10
1260,20,weighted,10,0.102906050955414,0,22,None,66,1,5,False,10,10
1261,21,weighted,10,0.0995222929936305,0,22,None,66,1,5,False,10,10
1262,22,weighted,10,0.0995222929936305,0,22,None,66,1,5,False,10,10
1263,23,weighted,10,0.0995222929936305,0,22,None,66,1,5,False,10,10
1264,24,weighted,10,0.0995222929936305,0,22,None,66,1,5,False,10,10
1265,20,weighted,10,0.0995222929936305,0,10,None,66,1,5,False,10,10
1266,21,weighted,10,0.0995222929936305,0,10,None,66,1,5,False,10,10
1267,22,weighted,10,0.0995222929936305,0,10,None,66,1,5,False,10,10
1268,23,weighted,10,0.0995222929936305,0,10,None,66,1,5,False,10,10
1269,24,weighted,10,0.0995222929936305,0,10,None,66,1,5,False,10,10
1270,20,weighted,10,0.0995222929936305,0,11,None,66,1,5,False,10,10
1271,21,weighted,10,0.0995222929936305,0,11,None,66,1,5,False,10,10
1272,22,weighted,10,0.0995222929936305,0,11,None,66,1,5,False,10,10
1273,23,weighted,10,0.0995222929936305,0,11,None,66,1,5,False,10,10
1274,24,weighted,10,0.0995222929936305,0,11,None,66,1,5,False,10,10
1275,20,weighted,10,0.0995222929936305,0,17,None,66,1,5,False,10,10
1276,21,weighted,10,0.0995222929936305,0,17,None,66,1,5,False,10,10
1277,22,weighted,10,0.0995222929936305,0,17,None,66,1,5,False,10,10
1278,23,weighted,10,0.0995222929936305,0,17,None,66,1,5,False,10,10
1279,24,weighted,10,0.0995222929936305,0,17,None,66,1,5,False,10,10
1280,20,weighted,10,0.0995222929936305,0,21,None,66,1,5,False,10,10
1281,21,weighted,10,0.0995222929936305,0,21,None,66,1,5,False,10,10
1282,22,weighted,10,0.0995222929936305,0,21,None,66,1,5,False,10,10
1283,23,weighted,10,0.0995222929936305,0,21,None,66,1,5,False,10,10
1284,24,weighted,10,0.0995222929936305,0,21,None,66,1,5,False,10,10
1285,20,weighted,10,0.0995222929936305,0,24,None,66,1,5,False,10,10
1286,21,weighted,10,0.0995222929936305,0,24,None,66,1,5,False,10,10
1287,22,weighted,10,0.0995222929936305,0,24,None,66,1,5,False,10,10
1288,23,weighted,10,0.0995222929936305,0,24,None,66,1,5,False,10,10
1289,24,weighted,10,0.0995222929936305,0,24,None,66,1,5,False,10,10
1290,20,weighted,10,0.0995222929936305,0,27,None,66,1,5,False,10,10
1291,21,weighted,10,0.0995222929936305,0,27,None,66,1,5,False,10,10
1292,22,weighted,10,0.0995222929936305,0,27,None,66,1,5,False,10,10
1293,23,weighted,10,0.0995222929936305,0,27,None,66,1,5,False,10,10
1294,24,weighted,10,0.0995222929936305,0,27,None,66,1,5,False,10,10
1295,20,weighted,10,0.0995222929936305,0,23,None,66,1,5,False,10,10
1296,21,weighted,10,0.0995222929936305,0,23,None,66,1,5,False,10,10
1297,22,weighted,10,0.0995222929936305,0,23,None,66,1,5,False,10,10
1298,23,weighted,10,0.0995222929936305,0,23,None,66,1,5,False,10,10
1299,24,weighted,10,0.0995222929936305,0,23,None,66,1,5,False,10,10
1300,20,weighted,10,0.0995222929936305,0,4,None,66,1,5,False,10,10
1301,21,weighted,10,0.0995222929936305,0,4,None,66,1,5,False,10,10
1302,22,weighted,10,0.0995222929936305,0,4,None,66,1,5,False,10,10
1303,23,weighted,10,0.0995222929936305,0,4,None,66,1,5,False,10,10
1304,24,weighted,10,0.0995222929936305,0,4,None,66,1,5,False,10,10
1305,20,weighted,10,0.0995222929936305,0,3,None,66,1,5,False,10,10
1306,21,weighted,10,0.0995222929936305,0,3,None,66,1,5,False,10,10
1307,22,weighted,10,0.0995222929936305,0,3,None,66,1,5,False,10,10
1308,23,weighted,10,0.0995222929936305,0,3,None,66,1,5,False,10,10
1309,24,weighted,10,0.0995222929936305,0,3,None,66,1,5,False,10,10
1310,20,weighted,10,0.0995222929936305,0,28,None,66,1,5,False,10,10
1311,21,weighted,10,0.0995222929936305,0,28,None,66,1,5,False,10,10
1312,22,weighted,10,0.0995222929936305,0,28,None,66,1,5,False,10,10
1313,23,weighted,10,0.0995222929936305,0,28,None,66,1,5,False,10,10
1314,24,weighted,10,0.0995222929936305,0,28,None,66,1,5,False,10,10
1315,20,weighted,10,0.0995222929936305,0,0,None,66,1,5,False,10,10
1316,21,weighted,10,0.0995222929936305,0,0,None,66,1,5,False,10,10
1317,22,weighted,10,0.0995222929936305,0,0,None,66,1,5,False,10,10
1318,23,weighted,10,0.0995222929936305,0,0,None,66,1,5,False,10,10
1319,24,weighted,10,0.0995222929936305,0,0,None,66,1,5,False,10,10
2145,25,weighted,10,0.0995222929936305,0,1,None,66,1,5,False,10,10
2146,26,weighted,10,0.0995222929936305,0,1,None,66,1,5,False,10,10
2147,27,weighted,10,0.0995222929936305,0,1,None,66,1,5,False,10,10
2148,28,weighted,10,0.0995222929936305,0,1,None,66,1,5,False,10,10
2149,29,weighted,10,0.0995222929936305,0,1,None,66,1,5,False,10,10
2150,25,weighted,10,0.0995222929936305,0,5,None,66,1,5,False,10,10
2151,26,weighted,10,0.0995222929936305,0,5,None,66,1,5,False,10,10
2152,27,weighted,10,0.0995222929936305,0,5,None,66,1,5,False,10,10
2153,28,weighted,10,0.0995222929936305,0,5,None,66,1,5,False,10,10
2154,29,weighted,10,0.0995222929936305,0,5,None,66,1,5,False,10,10
2155,25,weighted,10,0.0995222929936305,0,15,None,66,1,5,False,10,10
2156,26,weighted,10,0.0995222929936305,0,15,None,66,1,5,False,10,10
2157,27,weighted,10,0.0995222929936305,0,15,None,66,1,5,False,10,10
2158,28,weighted,10,0.1793391719745223,0,15,None,66,1,5,False,10,10
2159,29,weighted,10,0.0995222929936305,0,15,None,66,1,5,False,10,10
2160,25,weighted,10,0.0995222929936305,0,10,None,66,1,5,False,10,10
2161,26,weighted,10,0.0995222929936305,0,10,None,66,1,5,False,10,10
2162,27,weighted,10,0.0995222929936305,0,10,None,66,1,5,False,10,10
2163,28,weighted,10,0.0995222929936305,0,10,None,66,1,5,False,10,10
2164,29,weighted,10,0.0995222929936305,0,10,None,66,1,5,False,10,10
2165,25,weighted,10,0.0995222929936305,0,16,None,66,1,5,False,10,10
2166,26,weighted,10,0.0995222929936305,0,16,None,66,1,5,False,10,10
2167,27,weighted,10,0.0995222929936305,0,16,None,66,1,5,False,10,10
2168,28,weighted,10,0.0995222929936305,0,16,None,66,1,5,False,10,10
2169,29,weighted,10,0.0995222929936305,0,16,None,66,1,5,False,10,10
2170,25,weighted,10,0.1146496815286624,0,11,None,66,1,5,False,10,10
2171,26,weighted,10,0.0995222929936305,0,11,None,66,1,5,False,10,10
2172,27,weighted,10,0.0995222929936305,0,11,None,66,1,5,False,10,10
2173,28,weighted,10,0.0995222929936305,0,11,None,66,1,5,False,10,10
2174,29,weighted,10,0.0995222929936305,0,11,None,66,1,5,False,10,10
2175,25,weighted,10,0.0995222929936305,0,8,None,66,1,5,False,10,10
2176,26,weighted,10,0.0995222929936305,0,8,None,66,1,5,False,10,10
2177,27,weighted,10,0.0995222929936305,0,8,None,66,1,5,False,10,10
2178,28,weighted,10,0.0995222929936305,0,8,None,66,1,5,False,10,10
2179,29,weighted,10,0.0995222929936305,0,8,None,66,1,5,False,10,10
2180,25,weighted,10,0.0995222929936305,0,20,None,66,1,5,False,10,10
2181,26,weighted,10,0.0995222929936305,0,20,None,66,1,5,False,10,10
2182,27,weighted,10,0.0995222929936305,0,20,None,66,1,5,False,10,10
2183,28,weighted,10,0.0995222929936305,0,20,None,66,1,5,False,10,10
2184,29,weighted,10,0.0995222929936305,0,20,None,66,1,5,False,10,10
2185,25,weighted,10,0.0995222929936305,0,19,None,66,1,5,False,10,10
2186,26,weighted,10,0.0995222929936305,0,19,None,66,1,5,False,10,10
2187,27,weighted,10,0.0995222929936305,0,19,None,66,1,5,False,10,10
2188,28,weighted,10,0.0995222929936305,0,19,None,66,1,5,False,10,10
2189,29,weighted,10,0.0995222929936305,0,19,None,66,1,5,False,10,10
2190,25,weighted,10,0.0995222929936305,0,23,None,66,1,5,False,10,10
2191,26,weighted,10,0.0995222929936305,0,23,None,66,1,5,False,10,10
2192,27,weighted,10,0.0995222929936305,0,23,None,66,1,5,False,10,10
2193,28,weighted,10,0.0995222929936305,0,23,None,66,1,5,False,10,10
2194,29,weighted,10,0.0995222929936305,0,23,None,66,1,5,False,10,10
2195,25,weighted,10,0.0995222929936305,0,21,None,66,1,5,False,10,10
2196,26,weighted,10,0.0995222929936305,0,21,None,66,1,5,False,10,10
2197,27,weighted,10,0.0995222929936305,0,21,None,66,1,5,False,10,10
2198,28,weighted,10,0.0995222929936305,0,21,None,66,1,5,False,10,10
2199,29,weighted,10,0.0995222929936305,0,21,None,66,1,5,False,10,10
2200,25,weighted,10,0.0995222929936305,0,17,None,66,1,5,False,10,10
2201,26,weighted,10,0.0995222929936305,0,17,None,66,1,5,False,10,10
2202,27,weighted,10,0.0995222929936305,0,17,None,66,1,5,False,10,10
2203,28,weighted,10,0.0995222929936305,0,17,None,66,1,5,False,10,10
2204,29,weighted,10,0.0995222929936305,0,17,None,66,1,5,False,10,10
2205,25,weighted,10,0.0995222929936305,0,25,None,66,1,5,False,10,10
2206,26,weighted,10,0.0995222929936305,0,25,None,66,1,5,False,10,10
2207,27,weighted,10,0.0995222929936305,0,25,None,66,1,5,False,10,10
2208,28,weighted,10,0.0995222929936305,0,25,None,66,1,5,False,10,10
2209,29,weighted,10,0.0995222929936305,0,25,None,66,1,5,False,10,10
2210,25,weighted,10,0.1492834394904458,0,26,None,66,1,5,False,10,10
2211,26,weighted,10,0.0995222929936305,0,26,None,66,1,5,False,10,10
2212,27,weighted,10,0.0995222929936305,0,26,None,66,1,5,False,10,10
2213,28,weighted,10,0.0995222929936305,0,26,None,66,1,5,False,10,10
2214,29,weighted,10,0.0995222929936305,0,26,None,66,1,5,False,10,10
2215,25,weighted,10,0.0995222929936305,0,24,None,66,1,5,False,10,10
2216,26,weighted,10,0.0995222929936305,0,24,None,66,1,5,False,10,10
2217,27,weighted,10,0.0995222929936305,0,24,None,66,1,5,False,10,10
2218,28,weighted,10,0.0995222929936305,0,24,None,66,1,5,False,10,10
2219,29,weighted,10,0.0995222929936305,0,24,None,66,1,5,False,10,10
2220,25,weighted,10,0.0995222929936305,0,28,None,66,1,5,False,10,10
2221,26,weighted,10,0.0995222929936305,0,28,None,66,1,5,False,10,10
2222,27,weighted,10,0.0995222929936305,0,28,None,66,1,5,False,10,10
2223,28,weighted,10,0.0995222929936305,0,28,None,66,1,5,False,10,10
2224,29,weighted,10,0.0995222929936305,0,28,None,66,1,5,False,10,10
2225,25,weighted,10,0.0995222929936305,0,29,None,66,1,5,False,10,10
2226,26,weighted,10,0.0995222929936305,0,29,None,66,1,5,False,10,10
2227,27,weighted,10,0.0995222929936305,0,29,None,66,1,5,False,10,10
2228,28,weighted,10,0.0995222929936305,0,29,None,66,1,5,False,10,10
2229,29,weighted,10,0.0995222929936305,0,29,None,66,1,5,False,10,10
2230,25,weighted,10,0.0995222929936305,0,30,None,66,1,5,False,10,10
2231,26,weighted,10,0.0995222929936305,0,30,None,66,1,5,False,10,10
2232,27,weighted,10,0.0995222929936305,0,30,None,66,1,5,False,10,10
2233,28,weighted,10,0.0995222929936305,0,30,None,66,1,5,False,10,10
2234,29,weighted,10,0.0995222929936305,0,30,None,66,1,5,False,10,10
2235,25,weighted,10,0.0995222929936305,0,18,None,66,1,5,False,10,10
2236,26,weighted,10,0.0995222929936305,0,18,None,66,1,5,False,10,10
2237,27,weighted,10,0.0995222929936305,0,18,None,66,1,5,False,10,10
2238,28,weighted,10,0.0995222929936305,0,18,None,66,1,5,False,10,10
2239,29,weighted,10,0.0995222929936305,0,18,None,66,1,5,False,10,10
2240,25,weighted,10,0.0997213375796178,0,27,None,66,1,5,False,10,10
2241,26,weighted,10,0.0995222929936305,0,27,None,66,1,5,False,10,10
2242,27,weighted,10,0.0995222929936305,0,27,None,66,1,5,False,10,10
2243,28,weighted,10,0.0995222929936305,0,27,None,66,1,5,False,10,10
2244,29,weighted,10,0.0995222929936305,0,27,None,66,1,5,False,10,10
2245,25,weighted,10,0.0995222929936305,0,31,None,66,1,5,False,10,10
2246,26,weighted,10,0.0995222929936305,0,31,None,66,1,5,False,10,10
2247,27,weighted,10,0.0995222929936305,0,31,None,66,1,5,False,10,10
2248,28,weighted,10,0.0995222929936305,0,31,None,66,1,5,False,10,10
2249,29,weighted,10,0.0995222929936305,0,31,None,66,1,5,False,10,10
2250,25,weighted,10,0.0995222929936305,0,12,None,66,1,5,False,10,10
2251,26,weighted,10,0.0995222929936305,0,12,None,66,1,5,False,10,10
2252,27,weighted,10,0.0995222929936305,0,12,None,66,1,5,False,10,10
2253,28,weighted,10,0.0995222929936305,0,12,None,66,1,5,False,10,10
2254,29,weighted,10,0.0995222929936305,0,12,None,66,1,5,False,10,10
2255,25,weighted,10,0.1885947452229299,0,13,None,66,1,5,False,10,10
2256,26,weighted,10,0.0995222929936305,0,13,None,66,1,5,False,10,10
2257,27,weighted,10,0.0995222929936305,0,13,None,66,1,5,False,10,10
2258,28,weighted,10,0.0995222929936305,0,13,None,66,1,5,False,10,10
2259,29,weighted,10,0.0995222929936305,0,13,None,66,1,5,False,10,10
2260,25,weighted,10,0.0995222929936305,0,9,None,66,1,5,False,10,10
2261,26,weighted,10,0.0995222929936305,0,9,None,66,1,5,False,10,10
2262,27,weighted,10,0.0995222929936305,0,9,None,66,1,5,False,10,10
2263,28,weighted,10,0.0995222929936305,0,9,None,66,1,5,False,10,10
2264,29,weighted,10,0.0995222929936305,0,9,None,66,1,5,False,10,10
2265,25,weighted,10,0.0995222929936305,0,14,None,66,1,5,False,10,10
2266,26,weighted,10,0.0995222929936305,0,14,None,66,1,5,False,10,10
2267,27,weighted,10,0.0995222929936305,0,14,None,66,1,5,False,10,10
2268,28,weighted,10,0.0995222929936305,0,14,None,66,1,5,False,10,10
2269,29,weighted,10,0.0995222929936305,0,14,None,66,1,5,False,10,10
2270,25,weighted,10,0.0995222929936305,0,6,None,66,1,5,False,10,10
2271,26,weighted,10,0.0995222929936305,0,6,None,66,1,5,False,10,10
2272,27,weighted,10,0.0995222929936305,0,6,None,66,1,5,False,10,10
2273,28,weighted,10,0.0995222929936305,0,6,None,66,1,5,False,10,10
2274,29,weighted,10,0.0995222929936305,0,6,None,66,1,5,False,10,10
2275,25,weighted,10,0.0995222929936305,0,22,None,66,1,5,False,10,10
2276,26,weighted,10,0.1102707006369426,0,22,None,66,1,5,False,10,10
2277,27,weighted,10,0.0995222929936305,0,22,None,66,1,5,False,10,10
2278,28,weighted,10,0.0995222929936305,0,22,None,66,1,5,False,10,10
2279,29,weighted,10,0.0995222929936305,0,22,None,66,1,5,False,10,10
2280,25,weighted,10,0.0995222929936305,0,2,None,66,1,5,False,10,10
2281,26,weighted,10,0.0995222929936305,0,2,None,66,1,5,False,10,10
2282,27,weighted,10,0.0995222929936305,0,2,None,66,1,5,False,10,10
2283,28,weighted,10,0.0995222929936305,0,2,None,66,1,5,False,10,10
2284,29,weighted,10,0.0995222929936305,0,2,None,66,1,5,False,10,10
2285,25,weighted,10,0.0995222929936305,0,0,None,66,1,5,False,10,10
2286,26,weighted,10,0.0995222929936305,0,0,None,66,1,5,False,10,10
2287,27,weighted,10,0.0995222929936305,0,0,None,66,1,5,False,10,10
2288,28,weighted,10,0.0995222929936305,0,0,None,66,1,5,False,10,10
2289,29,weighted,10,0.0995222929936305,0,0,None,66,1,5,False,10,10
2290,25,weighted,10,0.0995222929936305,0,3,None,66,1,5,False,10,10
2291,26,weighted,10,0.0995222929936305,0,3,None,66,1,5,False,10,10
2292,27,weighted,10,0.0995222929936305,0,3,None,66,1,5,False,10,10
2293,28,weighted,10,0.0995222929936305,0,3,None,66,1,5,False,10,10
2294,29,weighted,10,0.0995222929936305,0,3,None,66,1,5,False,10,10
2295,25,weighted,10,0.0995222929936305,0,7,None,66,1,5,False,10,10
2296,26,weighted,10,0.0995222929936305,0,7,None,66,1,5,False,10,10
2297,27,weighted,10,0.0995222929936305,0,7,None,66,1,5,False,10,10
2298,28,weighted,10,0.0995222929936305,0,7,None,66,1,5,False,10,10
2299,29,weighted,10,0.0995222929936305,0,7,None,66,1,5,False,10,10
2300,25,weighted,10,0.0995222929936305,0,32,None,66,1,5,False,10,10
2301,26,weighted,10,0.0995222929936305,0,32,None,66,1,5,False,10,10
2302,27,weighted,10,0.0995222929936305,0,32,None,66,1,5,False,10,10
2303,28,weighted,10,0.0995222929936305,0,32,None,66,1,5,False,10,10
2304,29,weighted,10,0.1566480891719745,0,32,None,66,1,5,False,10,10
2305,25,weighted,10,0.0995222929936305,0,4,None,66,1,5,False,10,10
2306,26,weighted,10,0.0995222929936305,0,4,None,66,1,5,False,10,10
2307,27,weighted,10,0.0995222929936305,0,4,None,66,1,5,False,10,10
2308,28,weighted,10,0.0995222929936305,0,4,None,66,1,5,False,10,10
2309,29,weighted,10,0.0995222929936305,0,4,None,66,1,5,False,10,10
2310,30,weighted,10,0.0995222929936305,0,31,None,66,1,5,False,10,10
2311,31,weighted,10,0.0995222929936305,0,31,None,66,1,5,False,10,10
2312,32,weighted,10,0.0995222929936305,0,31,None,66,1,5,False,10,10
2313,33,weighted,10,0.0995222929936305,0,31,None,66,1,5,False,10,10
2314,34,weighted,10,0.0995222929936305,0,31,None,66,1,5,False,10,10
2315,30,weighted,10,0.0995222929936305,0,32,None,66,1,5,False,10,10
2316,31,weighted,10,0.0995222929936305,0,32,None,66,1,5,False,10,10
2317,32,weighted,10,0.0995222929936305,0,32,None,66,1,5,False,10,10
2318,33,weighted,10,0.0995222929936305,0,32,None,66,1,5,False,10,10
2319,34,weighted,10,0.0995222929936305,0,32,None,66,1,5,False,10,10
2320,30,weighted,10,0.0995222929936305,0,1,None,66,1,5,False,10,10
2321,31,weighted,10,0.0995222929936305,0,1,None,66,1,5,False,10,10
2322,32,weighted,10,0.0995222929936305,0,1,None,66,1,5,False,10,10
2323,33,weighted,10,0.0995222929936305,0,1,None,66,1,5,False,10,10
2324,34,weighted,10,0.0995222929936305,0,1,None,66,1,5,False,10,10
2325,30,weighted,10,0.0995222929936305,0,21,None,66,1,5,False,10,10
2326,31,weighted,10,0.0995222929936305,0,21,None,66,1,5,False,10,10
2327,32,weighted,10,0.0995222929936305,0,21,None,66,1,5,False,10,10
2328,33,weighted,10,0.0995222929936305,0,21,None,66,1,5,False,10,10
2329,34,weighted,10,0.0995222929936305,0,21,None,66,1,5,False,10,10
2330,30,weighted,10,0.0995222929936305,0,27,None,66,1,5,False,10,10
2331,31,weighted,10,0.0995222929936305,0,27,None,66,1,5,False,10,10
2332,32,weighted,10,0.0995222929936305,0,27,None,66,1,5,False,10,10
2333,33,weighted,10,0.0995222929936305,0,27,None,66,1,5,False,10,10
2334,34,weighted,10,0.0995222929936305,0,27,None,66,1,5,False,10,10
2335,30,weighted,10,0.0995222929936305,0,29,None,66,1,5,False,10,10
2336,31,weighted,10,0.0995222929936305,0,29,None,66,1,5,False,10,10
2337,32,weighted,10,0.0995222929936305,0,29,None,66,1,5,False,10,10
2338,33,weighted,10,0.0995222929936305,0,29,None,66,1,5,False,10,10
2339,34,weighted,10,0.0995222929936305,0,29,None,66,1,5,False,10,10
2340,30,weighted,10,0.0995222929936305,0,2,None,66,1,5,False,10,10
2341,31,weighted,10,0.0995222929936305,0,2,None,66,1,5,False,10,10
2342,32,weighted,10,0.0995222929936305,0,2,None,66,1,5,False,10,10
2343,33,weighted,10,0.0995222929936305,0,2,None,66,1,5,False,10,10
2344,34,weighted,10,0.0995222929936305,0,2,None,66,1,5,False,10,10
2345,30,weighted,10,0.0995222929936305,0,28,None,66,1,5,False,10,10
2346,31,weighted,10,0.0995222929936305,0,28,None,66,1,5,False,10,10
2347,32,weighted,10,0.0995222929936305,0,28,None,66,1,5,False,10,10
2348,33,weighted,10,0.0995222929936305,0,28,None,66,1,5,False,10,10
2349,34,weighted,10,0.0995222929936305,0,28,None,66,1,5,False,10,10
2350,30,weighted,10,0.0995222929936305,0,9,None,66,1,5,False,10,10
2351,31,weighted,10,0.0995222929936305,0,9,None,66,1,5,False,10,10
2352,32,weighted,10,0.0995222929936305,0,9,None,66,1,5,False,10,10
2353,33,weighted,10,0.0995222929936305,0,9,None,66,1,5,False,10,10
2354,34,weighted,10,0.0995222929936305,0,9,None,66,1,5,False,10,10
2355,30,weighted,10,0.0995222929936305,0,16,None,66,1,5,False,10,10
2356,31,weighted,10,0.0995222929936305,0,16,None,66,1,5,False,10,10
2357,32,weighted,10,0.0995222929936305,0,16,None,66,1,5,False,10,10
2358,33,weighted,10,0.0995222929936305,0,16,None,66,1,5,False,10,10
2359,34,weighted,10,0.0995222929936305,0,16,None,66,1,5,False,10,10
2360,30,weighted,10,0.0995222929936305,0,8,None,66,1,5,False,10,10
2361,31,weighted,10,0.0995222929936305,0,8,None,66,1,5,False,10,10
2362,32,weighted,10,0.0995222929936305,0,8,None,66,1,5,False,10,10
2363,33,weighted,10,0.0995222929936305,0,8,None,66,1,5,False,10,10
2364,34,weighted,10,0.0995222929936305,0,8,None,66,1,5,False,10,10
2365,30,weighted,10,0.0995222929936305,0,19,None,66,1,5,False,10,10
2366,31,weighted,10,0.0995222929936305,0,19,None,66,1,5,False,10,10
2367,32,weighted,10,0.0995222929936305,0,19,None,66,1,5,False,10,10
2368,33,weighted,10,0.0995222929936305,0,19,None,66,1,5,False,10,10
2369,34,weighted,10,0.0995222929936305,0,19,None,66,1,5,False,10,10
2370,30,weighted,10,0.0995222929936305,0,18,None,66,1,5,False,10,10
2371,31,weighted,10,0.0995222929936305,0,18,None,66,1,5,False,10,10
2372,32,weighted,10,0.0995222929936305,0,18,None,66,1,5,False,10,10
2373,33,weighted,10,0.0995222929936305,0,18,None,66,1,5,False,10,10
2374,34,weighted,10,0.0995222929936305,0,18,None,66,1,5,False,10,10
2375,30,weighted,10,0.0995222929936305,0,10,None,66,1,5,False,10,10
2376,31,weighted,10,0.0995222929936305,0,10,None,66,1,5,False,10,10
2377,32,weighted,10,0.0995222929936305,0,10,None,66,1,5,False,10,10
2378,33,weighted,10,0.0995222929936305,0,10,None,66,1,5,False,10,10
2379,34,weighted,10,0.0995222929936305,0,10,None,66,1,5,False,10,10
2380,30,weighted,10,0.0995222929936305,0,15,None,66,1,5,False,10,10
2381,31,weighted,10,0.0995222929936305,0,15,None,66,1,5,False,10,10
2382,32,weighted,10,0.0995222929936305,0,15,None,66,1,5,False,10,10
2383,33,weighted,10,0.1744625796178344,0,15,None,66,1,5,False,10,10
2384,34,weighted,10,0.0995222929936305,0,15,None,66,1,5,False,10,10
2385,30,weighted,10,0.0995222929936305,0,20,None,66,1,5,False,10,10
2386,31,weighted,10,0.0995222929936305,0,20,None,66,1,5,False,10,10
2387,32,weighted,10,0.0995222929936305,0,20,None,66,1,5,False,10,10
2388,33,weighted,10,0.0995222929936305,0,20,None,66,1,5,False,10,10
2389,34,weighted,10,0.0995222929936305,0,20,None,66,1,5,False,10,10
2390,30,weighted,10,0.0995222929936305,0,22,None,66,1,5,False,10,10
2391,31,weighted,10,0.0995222929936305,0,22,None,66,1,5,False,10,10
2392,32,weighted,10,0.0995222929936305,0,22,None,66,1,5,False,10,10
2393,33,weighted,10,0.0995222929936305,0,22,None,66,1,5,False,10,10
2394,34,weighted,10,0.0995222929936305,0,22,None,66,1,5,False,10,10
2395,30,weighted,10,0.0995222929936305,0,23,None,66,1,5,False,10,10
2396,31,weighted,10,0.0995222929936305,0,23,None,66,1,5,False,10,10
2397,32,weighted,10,0.0995222929936305,0,23,None,66,1,5,False,10,10
2398,33,weighted,10,0.0995222929936305,0,23,None,66,1,5,False,10,10
2399,34,weighted,10,0.0995222929936305,0,23,None,66,1,5,False,10,10
2400,30,weighted,10,0.0995222929936305,0,0,None,66,1,5,False,10,10
2401,31,weighted,10,0.0995222929936305,0,0,None,66,1,5,False,10,10
2402,32,weighted,10,0.0995222929936305,0,0,None,66,1,5,False,10,10
2403,33,weighted,10,0.0995222929936305,0,0,None,66,1,5,False,10,10
2404,34,weighted,10,0.0995222929936305,0,0,None,66,1,5,False,10,10
2405,30,weighted,10,0.0995222929936305,0,25,None,66,1,5,False,10,10
2406,31,weighted,10,0.0995222929936305,0,25,None,66,1,5,False,10,10
2407,32,weighted,10,0.0995222929936305,0,25,None,66,1,5,False,10,10
2408,33,weighted,10,0.1062898089171974,0,25,None,66,1,5,False,10,10
2409,34,weighted,10,0.0995222929936305,0,25,None,66,1,5,False,10,10
2410,30,weighted,10,0.1839171974522293,0,13,None,66,1,5,False,10,10
2411,31,weighted,10,0.0995222929936305,0,13,None,66,1,5,False,10,10
2412,32,weighted,10,0.0995222929936305,0,13,None,66,1,5,False,10,10
2413,33,weighted,10,0.0995222929936305,0,13,None,66,1,5,False,10,10
2414,34,weighted,10,0.0995222929936305,0,13,None,66,1,5,False,10,10
2415,30,weighted,10,0.0995222929936305,0,5,None,66,1,5,False,10,10
2416,31,weighted,10,0.0995222929936305,0,5,None,66,1,5,False,10,10
2417,32,weighted,10,0.0995222929936305,0,5,None,66,1,5,False,10,10
2418,33,weighted,10,0.0995222929936305,0,5,None,66,1,5,False,10,10
2419,34,weighted,10,0.0995222929936305,0,5,None,66,1,5,False,10,10
2420,30,weighted,10,0.0995222929936305,0,4,None,66,1,5,False,10,10
2421,31,weighted,10,0.0995222929936305,0,4,None,66,1,5,False,10,10
2422,32,weighted,10,0.0995222929936305,0,4,None,66,1,5,False,10,10
2423,33,weighted,10,0.0995222929936305,0,4,None,66,1,5,False,10,10
2424,34,weighted,10,0.0995222929936305,0,4,None,66,1,5,False,10,10
2425,30,weighted,10,0.0995222929936305,0,6,None,66,1,5,False,10,10
2426,31,weighted,10,0.0995222929936305,0,6,None,66,1,5,False,10,10
2427,32,weighted,10,0.0995222929936305,0,6,None,66,1,5,False,10,10
2428,33,weighted,10,0.0995222929936305,0,6,None,66,1,5,False,10,10
2429,34,weighted,10,0.0995222929936305,0,6,None,66,1,5,False,10,10
2430,30,weighted,10,0.0995222929936305,0,7,None,66,1,5,False,10,10
2431,31,weighted,10,0.0995222929936305,0,7,None,66,1,5,False,10,10
2432,32,weighted,10,0.0995222929936305,0,7,None,66,1,5,False,10,10
2433,33,weighted,10,0.0995222929936305,0,7,None,66,1,5,False,10,10
2434,34,weighted,10,0.0995222929936305,0,7,None,66,1,5,False,10,10
2435,30,weighted,10,0.0995222929936305,0,14,None,66,1,5,False,10,10
2436,31,weighted,10,0.0995222929936305,0,14,None,66,1,5,False,10,10
2437,32,weighted,10,0.0995222929936305,0,14,None,66,1,5,False,10,10
2438,33,weighted,10,0.0995222929936305,0,14,None,66,1,5,False,10,10
2439,34,weighted,10,0.0995222929936305,0,14,None,66,1,5,False,10,10
2440,30,weighted,10,0.0995222929936305,0,12,None,66,1,5,False,10,10
2441,31,weighted,10,0.0995222929936305,0,12,None,66,1,5,False,10,10
2442,32,weighted,10,0.0995222929936305,0,12,None,66,1,5,False,10,10
2443,33,weighted,10,0.0995222929936305,0,12,None,66,1,5,False,10,10
2444,34,weighted,10,0.0995222929936305,0,12,None,66,1,5,False,10,10
2445,30,weighted,10,0.0995222929936305,0,30,None,66,1,5,False,10,10
2446,31,weighted,10,0.0995222929936305,0,30,None,66,1,5,False,10,10
2447,32,weighted,10,0.0995222929936305,0,30,None,66,1,5,False,10,10
2448,33,weighted,10,0.0995222929936305,0,30,None,66,1,5,False,10,10
2449,34,weighted,10,0.0995222929936305,0,30,None,66,1,5,False,10,10
2450,30,weighted,10,0.1549562101910828,0,26,None,66,1,5,False,10,10
2451,31,weighted,10,0.1334593949044586,0,26,None,66,1,5,False,10,10
2452,32,weighted,10,0.0995222929936305,0,26,None,66,1,5,False,10,10
2453,33,weighted,10,0.0995222929936305,0,26,None,66,1,5,False,10,10
2454,34,weighted,10,0.0995222929936305,0,26,None,66,1,5,False,10,10
2455,30,weighted,10,0.0995222929936305,0,11,None,66,1,5,False,10,10
2456,31,weighted,10,0.0995222929936305,0,11,None,66,1,5,False,10,10
2457,32,weighted,10,0.0995222929936305,0,11,None,66,1,5,False,10,10
2458,33,weighted,10,0.0995222929936305,0,11,None,66,1,5,False,10,10
2459,34,weighted,10,0.0995222929936305,0,11,None,66,1,5,False,10,10
2460,30,weighted,10,0.0995222929936305,0,17,None,66,1,5,False,10,10
2461,31,weighted,10,0.0995222929936305,0,17,None,66,1,5,False,10,10
2462,32,weighted,10,0.0995222929936305,0,17,None,66,1,5,False,10,10
2463,33,weighted,10,0.0995222929936305,0,17,None,66,1,5,False,10,10
2464,34,weighted,10,0.0995222929936305,0,17,None,66,1,5,False,10,10
2465,30,weighted,10,0.0995222929936305,0,24,None,66,1,5,False,10,10
2466,31,weighted,10,0.0995222929936305,0,24,None,66,1,5,False,10,10
2467,32,weighted,10,0.0995222929936305,0,24,None,66,1,5,False,10,10
2468,33,weighted,10,0.0995222929936305,0,24,None,66,1,5,False,10,10
2469,34,weighted,10,0.0995222929936305,0,24,None,66,1,5,False,10,10
2470,30,weighted,10,0.0995222929936305,0,3,None,66,1,5,False,10,10
2471,31,weighted,10,0.0995222929936305,0,3,None,66,1,5,False,10,10
2472,32,weighted,10,0.0995222929936305,0,3,None,66,1,5,False,10,10
2473,33,weighted,10,0.0995222929936305,0,3,None,66,1,5,False,10,10
2474,34,weighted,10,0.0995222929936305,0,3,None,66,1,5,False,10,10
3630,35,weighted,10,0.0995222929936305,0,1,None,66,1,5,False,10,10
3631,36,weighted,10,0.0995222929936305,0,1,None,66,1,5,False,10,10
3632,37,weighted,10,0.0995222929936305,0,1,None,66,1,5,False,10,10
3633,38,weighted,10,0.0995222929936305,0,1,None,66,1,5,False,10,10
3634,39,weighted,10,0.0995222929936305,0,1,None,66,1,5,False,10,10
3635,35,weighted,10,0.0995222929936305,0,13,None,66,1,5,False,10,10
3636,36,weighted,10,0.1005175159235668,0,13,None,66,1,5,False,10,10
3637,37,weighted,10,0.0995222929936305,0,13,None,66,1,5,False,10,10
3638,38,weighted,10,0.0995222929936305,0,13,None,66,1,5,False,10,10
3639,39,weighted,10,0.0995222929936305,0,13,None,66,1,5,False,10,10
3640,35,weighted,10,0.0995222929936305,0,16,None,66,1,5,False,10,10
3641,36,weighted,10,0.0995222929936305,0,16,None,66,1,5,False,10,10
3642,37,weighted,10,0.0995222929936305,0,16,None,66,1,5,False,10,10
3643,38,weighted,10,0.0995222929936305,0,16,None,66,1,5,False,10,10
3644,39,weighted,10,0.0995222929936305,0,16,None,66,1,5,False,10,10
3645,35,weighted,10,0.0995222929936305,0,8,None,66,1,5,False,10,10
3646,36,weighted,10,0.0995222929936305,0,8,None,66,1,5,False,10,10
3647,37,weighted,10,0.0995222929936305,0,8,None,66,1,5,False,10,10
3648,38,weighted,10,0.0995222929936305,0,8,None,66,1,5,False,10,10
3649,39,weighted,10,0.0995222929936305,0,8,None,66,1,5,False,10,10
3650,35,weighted,10,0.0995222929936305,0,19,None,66,1,5,False,10,10
3651,36,weighted,10,0.0995222929936305,0,19,None,66,1,5,False,10,10
3652,37,weighted,10,0.0995222929936305,0,19,None,66,1,5,False,10,10
3653,38,weighted,10,0.0995222929936305,0,19,None,66,1,5,False,10,10
3654,39,weighted,10,0.0995222929936305,0,19,None,66,1,5,False,10,10
3655,35,weighted,10,0.0995222929936305,0,23,None,66,1,5,False,10,10
3656,36,weighted,10,0.0995222929936305,0,23,None,66,1,5,False,10,10
3657,37,weighted,10,0.0995222929936305,0,23,None,66,1,5,False,10,10
3658,38,weighted,10,0.0995222929936305,0,23,None,66,1,5,False,10,10
3659,39,weighted,10,0.0995222929936305,0,23,None,66,1,5,False,10,10
3660,35,weighted,10,0.0995222929936305,0,21,None,66,1,5,False,10,10
3661,36,weighted,10,0.0995222929936305,0,21,None,66,1,5,False,10,10
3662,37,weighted,10,0.0995222929936305,0,21,None,66,1,5,False,10,10
3663,38,weighted,10,0.0995222929936305,0,21,None,66,1,5,False,10,10
3664,39,weighted,10,0.0995222929936305,0,21,None,66,1,5,False,10,10
3665,35,weighted,10,0.0995222929936305,0,25,None,66,1,5,False,10,10
3666,36,weighted,10,0.0995222929936305,0,25,None,66,1,5,False,10,10
3667,37,weighted,10,0.0995222929936305,0,25,None,66,1,5,False,10,10
3668,38,weighted,10,0.0995222929936305,0,25,None,66,1,5,False,10,10
3669,39,weighted,10,0.0995222929936305,0,25,None,66,1,5,False,10,10
3670,35,weighted,10,0.0995222929936305,0,26,None,66,1,5,False,10,10
3671,36,weighted,10,0.0995222929936305,0,26,None,66,1,5,False,10,10
3672,37,weighted,10,0.0995222929936305,0,26,None,66,1,5,False,10,10
3673,38,weighted,10,0.0995222929936305,0,26,None,66,1,5,False,10,10
3674,39,weighted,10,0.1448049363057325,0,26,None,66,1,5,False,10,10
3675,35,weighted,10,0.0995222929936305,0,24,None,66,1,5,False,10,10
3676,36,weighted,10,0.0995222929936305,0,24,None,66,1,5,False,10,10
3677,37,weighted,10,0.0995222929936305,0,24,None,66,1,5,False,10,10
3678,38,weighted,10,0.0995222929936305,0,24,None,66,1,5,False,10,10
3679,39,weighted,10,0.0995222929936305,0,24,None,66,1,5,False,10,10
3680,35,weighted,10,0.0995222929936305,0,29,None,66,1,5,False,10,10
3681,36,weighted,10,0.0995222929936305,0,29,None,66,1,5,False,10,10
3682,37,weighted,10,0.0995222929936305,0,29,None,66,1,5,False,10,10
3683,38,weighted,10,0.0995222929936305,0,29,None,66,1,5,False,10,10
3684,39,weighted,10,0.0995222929936305,0,29,None,66,1,5,False,10,10
3685,35,weighted,10,0.0995222929936305,0,30,None,66,1,5,False,10,10
3686,36,weighted,10,0.0995222929936305,0,30,None,66,1,5,False,10,10
3687,37,weighted,10,0.0995222929936305,0,30,None,66,1,5,False,10,10
3688,38,weighted,10,0.0995222929936305,0,30,None,66,1,5,False,10,10
3689,39,weighted,10,0.0995222929936305,0,30,None,66,1,5,False,10,10
3690,35,weighted,10,0.0995222929936305,0,6,None,66,1,5,False,10,10
3691,36,weighted,10,0.0995222929936305,0,6,None,66,1,5,False,10,10
3692,37,weighted,10,0.0995222929936305,0,6,None,66,1,5,False,10,10
3693,38,weighted,10,0.0995222929936305,0,6,None,66,1,5,False,10,10
3694,39,weighted,10,0.0995222929936305,0,6,None,66,1,5,False,10,10
3695,35,weighted,10,0.0995222929936305,0,27,None,66,1,5,False,10,10
3696,36,weighted,10,0.0995222929936305,0,27,None,66,1,5,False,10,10
3697,37,weighted,10,0.0995222929936305,0,27,None,66,1,5,False,10,10
3698,38,weighted,10,0.0995222929936305,0,27,None,66,1,5,False,10,10
3699,39,weighted,10,0.0995222929936305,0,27,None,66,1,5,False,10,10
3700,35,weighted,10,0.0995222929936305,0,31,None,66,1,5,False,10,10
3701,36,weighted,10,0.0995222929936305,0,31,None,66,1,5,False,10,10
3702,37,weighted,10,0.0995222929936305,0,31,None,66,1,5,False,10,10
3703,38,weighted,10,0.0995222929936305,0,31,None,66,1,5,False,10,10
3704,39,weighted,10,0.0995222929936305,0,31,None,66,1,5,False,10,10
3705,35,weighted,10,0.0995222929936305,0,32,None,66,1,5,False,10,10
3706,36,weighted,10,0.0995222929936305,0,32,None,66,1,5,False,10,10
3707,37,weighted,10,0.0995222929936305,0,32,None,66,1,5,False,10,10
3708,38,weighted,10,0.0995222929936305,0,32,None,66,1,5,False,10,10
3709,39,weighted,10,0.0995222929936305,0,32,None,66,1,5,False,10,10
3710,35,weighted,10,0.0995222929936305,0,22,None,66,1,5,False,10,10
3711,36,weighted,10,0.1624203821656051,0,22,None,66,1,5,False,10,10
3712,37,weighted,10,0.0995222929936305,0,22,None,66,1,5,False,10,10
3713,38,weighted,10,0.0995222929936305,0,22,None,66,1,5,False,10,10
3714,39,weighted,10,0.0995222929936305,0,22,None,66,1,5,False,10,10
3715,35,weighted,10,0.0995222929936305,0,14,None,66,1,5,False,10,10
3716,36,weighted,10,0.0995222929936305,0,14,None,66,1,5,False,10,10
3717,37,weighted,10,0.0995222929936305,0,14,None,66,1,5,False,10,10
3718,38,weighted,10,0.0995222929936305,0,14,None,66,1,5,False,10,10
3719,39,weighted,10,0.0995222929936305,0,14,None,66,1,5,False,10,10
3720,35,weighted,10,0.0995222929936305,0,2,None,66,1,5,False,10,10
3721,36,weighted,10,0.0995222929936305,0,2,None,66,1,5,False,10,10
3722,37,weighted,10,0.0995222929936305,0,2,None,66,1,5,False,10,10
3723,38,weighted,10,0.0995222929936305,0,2,None,66,1,5,False,10,10
3724,39,weighted,10,0.0995222929936305,0,2,None,66,1,5,False,10,10
3725,35,weighted,10,0.1048964968152866,0,0,None,66,1,5,False,10,10
3726,36,weighted,10,0.1558519108280254,0,0,None,66,1,5,False,10,10
3727,37,weighted,10,0.1042993630573248,0,0,None,66,1,5,False,10,10
3728,38,weighted,10,0.0995222929936305,0,0,None,66,1,5,False,10,10
3729,39,weighted,10,0.0995222929936305,0,0,None,66,1,5,False,10,10
3730,35,weighted,10,0.0995222929936305,0,4,None,66,1,5,False,10,10
3731,36,weighted,10,0.0995222929936305,0,4,None,66,1,5,False,10,10
3732,37,weighted,10,0.0995222929936305,0,4,None,66,1,5,False,10,10
3733,38,weighted,10,0.0995222929936305,0,4,None,66,1,5,False,10,10
3734,39,weighted,10,0.0995222929936305,0,4,None,66,1,5,False,10,10
3735,35,weighted,10,0.0995222929936305,0,5,None,66,1,5,False,10,10
3736,36,weighted,10,0.0995222929936305,0,5,None,66,1,5,False,10,10
3737,37,weighted,10,0.0995222929936305,0,5,None,66,1,5,False,10,10
3738,38,weighted,10,0.0995222929936305,0,5,None,66,1,5,False,10,10
3739,39,weighted,10,0.0995222929936305,0,5,None,66,1,5,False,10,10
3740,35,weighted,10,0.0995222929936305,0,7,None,66,1,5,False,10,10
3741,36,weighted,10,0.0995222929936305,0,7,None,66,1,5,False,10,10
3742,37,weighted,10,0.0995222929936305,0,7,None,66,1,5,False,10,10
3743,38,weighted,10,0.0995222929936305,0,7,None,66,1,5,False,10,10
3744,39,weighted,10,0.0995222929936305,0,7,None,66,1,5,False,10,10
3745,35,weighted,10,0.0995222929936305,0,3,None,66,1,5,False,10,10
3746,36,weighted,10,0.0995222929936305,0,3,None,66,1,5,False,10,10
3747,37,weighted,10,0.0995222929936305,0,3,None,66,1,5,False,10,10
3748,38,weighted,10,0.0995222929936305,0,3,None,66,1,5,False,10,10
3749,39,weighted,10,0.0995222929936305,0,3,None,66,1,5,False,10,10
3750,35,weighted,10,0.0995222929936305,0,9,None,66,1,5,False,10,10
3751,36,weighted,10,0.0995222929936305,0,9,None,66,1,5,False,10,10
3752,37,weighted,10,0.0995222929936305,0,9,None,66,1,5,False,10,10
3753,38,weighted,10,0.0995222929936305,0,9,None,66,1,5,False,10,10
3754,39,weighted,10,0.0995222929936305,0,9,None,66,1,5,False,10,10
3755,35,weighted,10,0.0995222929936305,0,10,None,66,1,5,False,10,10
3756,36,weighted,10,0.0995222929936305,0,10,None,66,1,5,False,10,10
3757,37,weighted,10,0.0995222929936305,0,10,None,66,1,5,False,10,10
3758,38,weighted,10,0.0995222929936305,0,10,None,66,1,5,False,10,10
3759,39,weighted,10,0.0995222929936305,0,10,None,66,1,5,False,10,10
3760,35,weighted,10,0.0995222929936305,0,11,None,66,1,5,False,10,10
3761,36,weighted,10,0.0995222929936305,0,11,None,66,1,5,False,10,10
3762,37,weighted,10,0.0995222929936305,0,11,None,66,1,5,False,10,10
3763,38,weighted,10,0.0995222929936305,0,11,None,66,1,5,False,10,10
3764,39,weighted,10,0.0995222929936305,0,11,None,66,1,5,False,10,10
3765,35,weighted,10,0.0995222929936305,0,12,None,66,1,5,False,10,10
3766,36,weighted,10,0.0995222929936305,0,12,None,66,1,5,False,10,10
3767,37,weighted,10,0.0995222929936305,0,12,None,66,1,5,False,10,10
3768,38,weighted,10,0.0995222929936305,0,12,None,66,1,5,False,10,10
3769,39,weighted,10,0.0995222929936305,0,12,None,66,1,5,False,10,10
3770,35,weighted,10,0.0995222929936305,0,15,None,66,1,5,False,10,10
3771,36,weighted,10,0.0995222929936305,0,15,None,66,1,5,False,10,10
3772,37,weighted,10,0.0995222929936305,0,15,None,66,1,5,False,10,10
3773,38,weighted,10,0.1595342356687898,0,15,None,66,1,5,False,10,10
3774,39,weighted,10,0.0995222929936305,0,15,None,66,1,5,False,10,10
3775,35,weighted,10,0.0995222929936305,0,17,None,66,1,5,False,10,10
3776,36,weighted,10,0.0995222929936305,0,17,None,66,1,5,False,10,10
3777,37,weighted,10,0.0995222929936305,0,17,None,66,1,5,False,10,10
3778,38,weighted,10,0.0995222929936305,0,17,None,66,1,5,False,10,10
3779,39,weighted,10,0.0995222929936305,0,17,None,66,1,5,False,10,10
3780,35,weighted,10,0.0995222929936305,0,18,None,66,1,5,False,10,10
3781,36,weighted,10,0.0995222929936305,0,18,None,66,1,5,False,10,10
3782,37,weighted,10,0.0995222929936305,0,18,None,66,1,5,False,10,10
3783,38,weighted,10,0.0995222929936305,0,18,None,66,1,5,False,10,10
3784,39,weighted,10,0.0995222929936305,0,18,None,66,1,5,False,10,10
3785,35,weighted,10,0.0995222929936305,0,20,None,66,1,5,False,10,10
3786,36,weighted,10,0.0995222929936305,0,20,None,66,1,5,False,10,10
3787,37,weighted,10,0.0995222929936305,0,20,None,66,1,5,False,10,10
3788,38,weighted,10,0.0995222929936305,0,20,None,66,1,5,False,10,10
3789,39,weighted,10,0.0995222929936305,0,20,None,66,1,5,False,10,10
3790,35,weighted,10,0.0995222929936305,0,28,None,66,1,5,False,10,10
3791,36,weighted,10,0.0995222929936305,0,28,None,66,1,5,False,10,10
3792,37,weighted,10,0.0995222929936305,0,28,None,66,1,5,False,10,10
3793,38,weighted,10,0.0995222929936305,0,28,None,66,1,5,False,10,10
3794,39,weighted,10,0.0995222929936305,0,28,None,66,1,5,False,10,10
3795,40,weighted,10,0.0995222929936305,0,1,None,66,1,5,False,10,10
3796,41,weighted,10,0.0995222929936305,0,1,None,66,1,5,False,10,10
3797,42,weighted,10,0.0995222929936305,0,1,None,66,1,5,False,10,10
3798,43,weighted,10,0.0995222929936305,0,1,None,66,1,5,False,10,10
3799,44,weighted,10,0.0995222929936305,0,1,None,66,1,5,False,10,10
3800,40,weighted,10,0.0995222929936305,0,29,None,66,1,5,False,10,10
3801,41,weighted,10,0.1052945859872611,0,29,None,66,1,5,False,10,10
3802,42,weighted,10,0.0995222929936305,0,29,None,66,1,5,False,10,10
3803,43,weighted,10,0.0995222929936305,0,29,None,66,1,5,False,10,10
3804,44,weighted,10,0.0995222929936305,0,29,None,66,1,5,False,10,10
3805,40,weighted,10,0.0995222929936305,0,28,None,66,1,5,False,10,10
3806,41,weighted,10,0.0995222929936305,0,28,None,66,1,5,False,10,10
3807,42,weighted,10,0.0995222929936305,0,28,None,66,1,5,False,10,10
3808,43,weighted,10,0.0995222929936305,0,28,None,66,1,5,False,10,10
3809,44,weighted,10,0.0995222929936305,0,28,None,66,1,5,False,10,10
3810,40,weighted,10,0.1249004777070063,0,23,None,66,1,5,False,10,10
3811,41,weighted,10,0.0995222929936305,0,23,None,66,1,5,False,10,10
3812,42,weighted,10,0.0995222929936305,0,23,None,66,1,5,False,10,10
3813,43,weighted,10,0.0995222929936305,0,23,None,66,1,5,False,10,10
3814,44,weighted,10,0.0995222929936305,0,23,None,66,1,5,False,10,10
3815,40,weighted,10,0.0995222929936305,0,16,None,66,1,5,False,10,10
3816,41,weighted,10,0.0995222929936305,0,16,None,66,1,5,False,10,10
3817,42,weighted,10,0.0995222929936305,0,16,None,66,1,5,False,10,10
3818,43,weighted,10,0.0995222929936305,0,16,None,66,1,5,False,10,10
3819,44,weighted,10,0.0995222929936305,0,16,None,66,1,5,False,10,10
3820,40,weighted,10,0.0995222929936305,0,32,None,66,1,5,False,10,10
3821,41,weighted,10,0.0995222929936305,0,32,None,66,1,5,False,10,10
3822,42,weighted,10,0.0995222929936305,0,32,None,66,1,5,False,10,10
3823,43,weighted,10,0.0995222929936305,0,32,None,66,1,5,False,10,10
3824,44,weighted,10,0.0995222929936305,0,32,None,66,1,5,False,10,10
3825,40,weighted,10,0.0995222929936305,0,2,None,66,1,5,False,10,10
3826,41,weighted,10,0.0995222929936305,0,2,None,66,1,5,False,10,10
3827,42,weighted,10,0.0995222929936305,0,2,None,66,1,5,False,10,10
3828,43,weighted,10,0.0995222929936305,0,2,None,66,1,5,False,10,10
3829,44,weighted,10,0.0995222929936305,0,2,None,66,1,5,False,10,10
3830,40,weighted,10,0.1050955414012738,0,15,None,66,1,5,False,10,10
3831,41,weighted,10,0.0995222929936305,0,15,None,66,1,5,False,10,10
3832,42,weighted,10,0.0995222929936305,0,15,None,66,1,5,False,10,10
3833,43,weighted,10,0.0995222929936305,0,15,None,66,1,5,False,10,10
3834,44,weighted,10,0.0995222929936305,0,15,None,66,1,5,False,10,10
3835,40,weighted,10,0.0995222929936305,0,10,None,66,1,5,False,10,10
3836,41,weighted,10,0.0995222929936305,0,10,None,66,1,5,False,10,10
3837,42,weighted,10,0.0995222929936305,0,10,None,66,1,5,False,10,10
3838,43,weighted,10,0.0995222929936305,0,10,None,66,1,5,False,10,10
3839,44,weighted,10,0.0995222929936305,0,10,None,66,1,5,False,10,10
3840,40,weighted,10,0.0995222929936305,0,11,None,66,1,5,False,10,10
3841,41,weighted,10,0.0995222929936305,0,11,None,66,1,5,False,10,10
3842,42,weighted,10,0.0995222929936305,0,11,None,66,1,5,False,10,10
3843,43,weighted,10,0.0995222929936305,0,11,None,66,1,5,False,10,10
3844,44,weighted,10,0.0995222929936305,0,11,None,66,1,5,False,10,10
3845,40,weighted,10,0.0995222929936305,0,22,None,66,1,5,False,10,10
3846,41,weighted,10,0.1251990445859872,0,22,None,66,1,5,False,10,10
3847,42,weighted,10,0.0995222929936305,0,22,None,66,1,5,False,10,10
3848,43,weighted,10,0.0995222929936305,0,22,None,66,1,5,False,10,10
3849,44,weighted,10,0.0995222929936305,0,22,None,66,1,5,False,10,10
3850,40,weighted,10,0.0995222929936305,0,25,None,66,1,5,False,10,10
3851,41,weighted,10,0.0995222929936305,0,25,None,66,1,5,False,10,10
3852,42,weighted,10,0.0995222929936305,0,25,None,66,1,5,False,10,10
3853,43,weighted,10,0.0995222929936305,0,25,None,66,1,5,False,10,10
3854,44,weighted,10,0.0995222929936305,0,25,None,66,1,5,False,10,10
3855,40,weighted,10,0.0995222929936305,0,9,None,66,1,5,False,10,10
3856,41,weighted,10,0.0995222929936305,0,9,None,66,1,5,False,10,10
3857,42,weighted,10,0.0995222929936305,0,9,None,66,1,5,False,10,10
3858,43,weighted,10,0.0995222929936305,0,9,None,66,1,5,False,10,10
3859,44,weighted,10,0.0995222929936305,0,9,None,66,1,5,False,10,10
3860,40,weighted,10,0.0995222929936305,0,13,None,66,1,5,False,10,10
3861,41,weighted,10,0.1596337579617834,0,13,None,66,1,5,False,10,10
3862,42,weighted,10,0.0995222929936305,0,13,None,66,1,5,False,10,10
3863,43,weighted,10,0.0995222929936305,0,13,None,66,1,5,False,10,10
3864,44,weighted,10,0.0995222929936305,0,13,None,66,1,5,False,10,10
3865,40,weighted,10,0.1099721337579617,0,17,None,66,1,5,False,10,10
3866,41,weighted,10,0.0995222929936305,0,17,None,66,1,5,False,10,10
3867,42,weighted,10,0.0995222929936305,0,17,None,66,1,5,False,10,10
3868,43,weighted,10,0.0995222929936305,0,17,None,66,1,5,False,10,10
3869,44,weighted,10,0.0995222929936305,0,17,None,66,1,5,False,10,10
3870,40,weighted,10,0.0995222929936305,0,8,None,66,1,5,False,10,10
3871,41,weighted,10,0.0995222929936305,0,8,None,66,1,5,False,10,10
3872,42,weighted,10,0.0995222929936305,0,8,None,66,1,5,False,10,10
3873,43,weighted,10,0.0995222929936305,0,8,None,66,1,5,False,10,10
3874,44,weighted,10,0.0995222929936305,0,8,None,66,1,5,False,10,10
3875,40,weighted,10,0.0995222929936305,0,5,None,66,1,5,False,10,10
3876,41,weighted,10,0.0995222929936305,0,5,None,66,1,5,False,10,10
3877,42,weighted,10,0.0995222929936305,0,5,None,66,1,5,False,10,10
3878,43,weighted,10,0.0995222929936305,0,5,None,66,1,5,False,10,10
3879,44,weighted,10,0.0995222929936305,0,5,None,66,1,5,False,10,10
3880,40,weighted,10,0.0995222929936305,0,6,None,66,1,5,False,10,10
3881,41,weighted,10,0.0995222929936305,0,6,None,66,1,5,False,10,10
3882,42,weighted,10,0.0995222929936305,0,6,None,66,1,5,False,10,10
3883,43,weighted,10,0.0995222929936305,0,6,None,66,1,5,False,10,10
3884,44,weighted,10,0.0995222929936305,0,6,None,66,1,5,False,10,10
3885,40,weighted,10,0.0995222929936305,0,12,None,66,1,5,False,10,10
3886,41,weighted,10,0.0995222929936305,0,12,None,66,1,5,False,10,10
3887,42,weighted,10,0.0995222929936305,0,12,None,66,1,5,False,10,10
3888,43,weighted,10,0.0995222929936305,0,12,None,66,1,5,False,10,10
3889,44,weighted,10,0.0995222929936305,0,12,None,66,1,5,False,10,10
3890,40,weighted,10,0.0995222929936305,0,7,None,66,1,5,False,10,10
3891,41,weighted,10,0.0995222929936305,0,7,None,66,1,5,False,10,10
3892,42,weighted,10,0.0995222929936305,0,7,None,66,1,5,False,10,10
3893,43,weighted,10,0.0995222929936305,0,7,None,66,1,5,False,10,10
3894,44,weighted,10,0.0995222929936305,0,7,None,66,1,5,False,10,10
3895,40,weighted,10,0.0995222929936305,0,14,None,66,1,5,False,10,10
3896,41,weighted,10,0.0995222929936305,0,14,None,66,1,5,False,10,10
3897,42,weighted,10,0.0995222929936305,0,14,None,66,1,5,False,10,10
3898,43,weighted,10,0.0995222929936305,0,14,None,66,1,5,False,10,10
3899,44,weighted,10,0.0995222929936305,0,14,None,66,1,5,False,10,10
3900,40,weighted,10,0.0995222929936305,0,30,None,66,1,5,False,10,10
3901,41,weighted,10,0.0995222929936305,0,30,None,66,1,5,False,10,10
3902,42,weighted,10,0.0995222929936305,0,30,None,66,1,5,False,10,10
3903,43,weighted,10,0.0995222929936305,0,30,None,66,1,5,False,10,10
3904,44,weighted,10,0.0995222929936305,0,30,None,66,1,5,False,10,10
3905,40,weighted,10,0.0995222929936305,0,26,None,66,1,5,False,10,10
3906,41,weighted,10,0.1100716560509554,0,26,None,66,1,5,False,10,10
3907,42,weighted,10,0.1855095541401273,0,26,None,66,1,5,False,10,10
3908,43,weighted,10,0.1812300955414012,0,26,None,66,1,5,False,10,10
3909,44,weighted,10,0.1552547770700637,0,26,None,66,1,5,False,10,10
3910,40,weighted,10,0.0995222929936305,0,3,None,66,1,5,False,10,10
3911,41,weighted,10,0.0995222929936305,0,3,None,66,1,5,False,10,10
3912,42,weighted,10,0.0995222929936305,0,3,None,66,1,5,False,10,10
3913,43,weighted,10,0.0995222929936305,0,3,None,66,1,5,False,10,10
3914,44,weighted,10,0.0995222929936305,0,3,None,66,1,5,False,10,10
3915,40,weighted,10,0.1118630573248407,0,20,None,66,1,5,False,10,10
3916,41,weighted,10,0.0995222929936305,0,20,None,66,1,5,False,10,10
3917,42,weighted,10,0.0995222929936305,0,20,None,66,1,5,False,10,10
3918,43,weighted,10,0.0995222929936305,0,20,None,66,1,5,False,10,10
3919,44,weighted,10,0.1774482484076433,0,20,None,66,1,5,False,10,10
3920,40,weighted,10,0.0995222929936305,0,4,None,66,1,5,False,10,10
3921,41,weighted,10,0.0995222929936305,0,4,None,66,1,5,False,10,10
3922,42,weighted,10,0.0995222929936305,0,4,None,66,1,5,False,10,10
3923,43,weighted,10,0.0995222929936305,0,4,None,66,1,5,False,10,10
3924,44,weighted,10,0.0995222929936305,0,4,None,66,1,5,False,10,10
3925,40,weighted,10,0.0995222929936305,0,18,None,66,1,5,False,10,10
3926,41,weighted,10,0.0995222929936305,0,18,None,66,1,5,False,10,10
3927,42,weighted,10,0.0995222929936305,0,18,None,66,1,5,False,10,10
3928,43,weighted,10,0.0995222929936305,0,18,None,66,1,5,False,10,10
3929,44,weighted,10,0.0995222929936305,0,18,None,66,1,5,False,10,10
3930,40,weighted,10,0.0995222929936305,0,27,None,66,1,5,False,10,10
3931,41,weighted,10,0.0995222929936305,0,27,None,66,1,5,False,10,10
3932,42,weighted,10,0.0995222929936305,0,27,None,66,1,5,False,10,10
3933,43,weighted,10,0.0995222929936305,0,27,None,66,1,5,False,10,10
3934,44,weighted,10,0.0995222929936305,0,27,None,66,1,5,False,10,10
3935,40,weighted,10,0.0995222929936305,0,31,None,66,1,5,False,10,10
3936,41,weighted,10,0.0995222929936305,0,31,None,66,1,5,False,10,10
3937,42,weighted,10,0.0995222929936305,0,31,None,66,1,5,False,10,10
3938,43,weighted,10,0.0995222929936305,0,31,None,66,1,5,False,10,10
3939,44,weighted,10,0.0995222929936305,0,31,None,66,1,5,False,10,10
3940,40,weighted,10,0.0995222929936305,0,19,None,66,1,5,False,10,10
3941,41,weighted,10,0.0995222929936305,0,19,None,66,1,5,False,10,10
3942,42,weighted,10,0.0995222929936305,0,19,None,66,1,5,False,10,10
3943,43,weighted,10,0.0995222929936305,0,19,None,66,1,5,False,10,10
3944,44,weighted,10,0.0995222929936305,0,19,None,66,1,5,False,10,10
3945,40,weighted,10,0.0995222929936305,0,21,None,66,1,5,False,10,10
3946,41,weighted,10,0.0995222929936305,0,21,None,66,1,5,False,10,10
3947,42,weighted,10,0.0995222929936305,0,21,None,66,1,5,False,10,10
3948,43,weighted,10,0.0995222929936305,0,21,None,66,1,5,False,10,10
3949,44,weighted,10,0.0995222929936305,0,21,None,66,1,5,False,10,10
3950,40,weighted,10,0.0995222929936305,0,0,None,66,1,5,False,10,10
3951,41,weighted,10,0.0995222929936305,0,0,None,66,1,5,False,10,10
3952,42,weighted,10,0.0995222929936305,0,0,None,66,1,5,False,10,10
3953,43,weighted,10,0.0995222929936305,0,0,None,66,1,5,False,10,10
3954,44,weighted,10,0.0995222929936305,0,0,None,66,1,5,False,10,10
3955,40,weighted,10,0.0995222929936305,0,24,None,66,1,5,False,10,10
3956,41,weighted,10,0.0995222929936305,0,24,None,66,1,5,False,10,10
3957,42,weighted,10,0.0995222929936305,0,24,None,66,1,5,False,10,10
3958,43,weighted,10,0.0995222929936305,0,24,None,66,1,5,False,10,10
3959,44,weighted,10,0.0995222929936305,0,24,None,66,1,5,False,10,10
5445,45,weighted,10,0.0995222929936305,0,15,None,66,1,5,False,10,10
5446,46,weighted,10,0.102906050955414,0,15,None,66,1,5,False,10,10
5447,47,weighted,10,0.1577428343949044,0,15,None,66,1,5,False,10,10
5448,48,weighted,10,0.0995222929936305,0,15,None,66,1,5,False,10,10
5449,49,weighted,10,0.0995222929936305,0,15,None,66,1,5,False,10,10
5450,45,weighted,10,0.0995222929936305,0,10,None,66,1,5,False,10,10
5451,46,weighted,10,0.0995222929936305,0,10,None,66,1,5,False,10,10
5452,47,weighted,10,0.0995222929936305,0,10,None,66,1,5,False,10,10
5453,48,weighted,10,0.0995222929936305,0,10,None,66,1,5,False,10,10
5454,49,weighted,10,0.0995222929936305,0,10,None,66,1,5,False,10,10
5455,45,weighted,10,0.0995222929936305,0,20,None,66,1,5,False,10,10
5456,46,weighted,10,0.0995222929936305,0,20,None,66,1,5,False,10,10
5457,47,weighted,10,0.0995222929936305,0,20,None,66,1,5,False,10,10
5458,48,weighted,10,0.0995222929936305,0,20,None,66,1,5,False,10,10
5459,49,weighted,10,0.0995222929936305,0,20,None,66,1,5,False,10,10
5460,45,weighted,10,0.1898885350318471,0,22,None,66,1,5,False,10,10
5461,46,weighted,10,0.0995222929936305,0,22,None,66,1,5,False,10,10
5462,47,weighted,10,0.0995222929936305,0,22,None,66,1,5,False,10,10
5463,48,weighted,10,0.0995222929936305,0,22,None,66,1,5,False,10,10
5464,49,weighted,10,0.0995222929936305,0,22,None,66,1,5,False,10,10
5465,45,weighted,10,0.0995222929936305,0,14,None,66,1,5,False,10,10
5466,46,weighted,10,0.0995222929936305,0,14,None,66,1,5,False,10,10
5467,47,weighted,10,0.0995222929936305,0,14,None,66,1,5,False,10,10
5468,48,weighted,10,0.0995222929936305,0,14,None,66,1,5,False,10,10
5469,49,weighted,10,0.0995222929936305,0,14,None,66,1,5,False,10,10
5470,45,weighted,10,0.0995222929936305,0,25,None,66,1,5,False,10,10
5471,46,weighted,10,0.0995222929936305,0,25,None,66,1,5,False,10,10
5472,47,weighted,10,0.0995222929936305,0,25,None,66,1,5,False,10,10
5473,48,weighted,10,0.0995222929936305,0,25,None,66,1,5,False,10,10
5474,49,weighted,10,0.1188296178343949,0,25,None,66,1,5,False,10,10
5475,45,weighted,10,0.0995222929936305,0,26,None,66,1,5,False,10,10
5476,46,weighted,10,0.0995222929936305,0,26,None,66,1,5,False,10,10
5477,47,weighted,10,0.0995222929936305,0,26,None,66,1,5,False,10,10
5478,48,weighted,10,0.0995222929936305,0,26,None,66,1,5,False,10,10
5479,49,weighted,10,0.0995222929936305,0,26,None,66,1,5,False,10,10
5480,45,weighted,10,0.0995222929936305,0,12,None,66,1,5,False,10,10
5481,46,weighted,10,0.0995222929936305,0,12,None,66,1,5,False,10,10
5482,47,weighted,10,0.0995222929936305,0,12,None,66,1,5,False,10,10
5483,48,weighted,10,0.0995222929936305,0,12,None,66,1,5,False,10,10
5484,49,weighted,10,0.0995222929936305,0,12,None,66,1,5,False,10,10
5485,45,weighted,10,0.0995222929936305,0,30,None,66,1,5,False,10,10
5486,46,weighted,10,0.0995222929936305,0,30,None,66,1,5,False,10,10
5487,47,weighted,10,0.0995222929936305,0,30,None,66,1,5,False,10,10
5488,48,weighted,10,0.0995222929936305,0,30,None,66,1,5,False,10,10
5489,49,weighted,10,0.0995222929936305,0,30,None,66,1,5,False,10,10
5490,45,weighted,10,0.0995222929936305,0,6,None,66,1,5,False,10,10
5491,46,weighted,10,0.0995222929936305,0,6,None,66,1,5,False,10,10
5492,47,weighted,10,0.0995222929936305,0,6,None,66,1,5,False,10,10
5493,48,weighted,10,0.0995222929936305,0,6,None,66,1,5,False,10,10
5494,49,weighted,10,0.0995222929936305,0,6,None,66,1,5,False,10,10
5495,45,weighted,10,0.0995222929936305,0,31,None,66,1,5,False,10,10
5496,46,weighted,10,0.0995222929936305,0,31,None,66,1,5,False,10,10
5497,47,weighted,10,0.0995222929936305,0,31,None,66,1,5,False,10,10
5498,48,weighted,10,0.0995222929936305,0,31,None,66,1,5,False,10,10
5499,49,weighted,10,0.0995222929936305,0,31,None,66,1,5,False,10,10
5500,45,weighted,10,0.0995222929936305,0,32,None,66,1,5,False,10,10
5501,46,weighted,10,0.0995222929936305,0,32,None,66,1,5,False,10,10
5502,47,weighted,10,0.0995222929936305,0,32,None,66,1,5,False,10,10
5503,48,weighted,10,0.0995222929936305,0,32,None,66,1,5,False,10,10
5504,49,weighted,10,0.0995222929936305,0,32,None,66,1,5,False,10,10
5505,45,weighted,10,0.0995222929936305,0,7,None,66,1,5,False,10,10
5506,46,weighted,10,0.0995222929936305,0,7,None,66,1,5,False,10,10
5507,47,weighted,10,0.0995222929936305,0,7,None,66,1,5,False,10,10
5508,48,weighted,10,0.0995222929936305,0,7,None,66,1,5,False,10,10
5509,49,weighted,10,0.0995222929936305,0,7,None,66,1,5,False,10,10
5510,45,weighted,10,0.0995222929936305,0,16,None,66,1,5,False,10,10
5511,46,weighted,10,0.0995222929936305,0,16,None,66,1,5,False,10,10
5512,47,weighted,10,0.0995222929936305,0,16,None,66,1,5,False,10,10
5513,48,weighted,10,0.0995222929936305,0,16,None,66,1,5,False,10,10
5514,49,weighted,10,0.0995222929936305,0,16,None,66,1,5,False,10,10
5515,45,weighted,10,0.0995222929936305,0,18,None,66,1,5,False,10,10
5516,46,weighted,10,0.0995222929936305,0,18,None,66,1,5,False,10,10
5517,47,weighted,10,0.0995222929936305,0,18,None,66,1,5,False,10,10
5518,48,weighted,10,0.0995222929936305,0,18,None,66,1,5,False,10,10
5519,49,weighted,10,0.0995222929936305,0,18,None,66,1,5,False,10,10
5520,45,weighted,10,0.0995222929936305,0,19,None,66,1,5,False,10,10
5521,46,weighted,10,0.0995222929936305,0,19,None,66,1,5,False,10,10
5522,47,weighted,10,0.0995222929936305,0,19,None,66,1,5,False,10,10
5523,48,weighted,10,0.0995222929936305,0,19,None,66,1,5,False,10,10
5524,49,weighted,10,0.0995222929936305,0,19,None,66,1,5,False,10,10
5525,45,weighted,10,0.0995222929936305,0,1,None,66,1,5,False,10,10
5526,46,weighted,10,0.0995222929936305,0,1,None,66,1,5,False,10,10
5527,47,weighted,10,0.0995222929936305,0,1,None,66,1,5,False,10,10
5528,48,weighted,10,0.0995222929936305,0,1,None,66,1,5,False,10,10
5529,49,weighted,10,0.0995222929936305,0,1,None,66,1,5,False,10,10
5530,45,weighted,10,0.0995222929936305,0,2,None,66,1,5,False,10,10
5531,46,weighted,10,0.0995222929936305,0,2,None,66,1,5,False,10,10
5532,47,weighted,10,0.0995222929936305,0,2,None,66,1,5,False,10,10
5533,48,weighted,10,0.0995222929936305,0,2,None,66,1,5,False,10,10
5534,49,weighted,10,0.0995222929936305,0,2,None,66,1,5,False,10,10
5535,45,weighted,10,0.0995222929936305,0,5,None,66,1,5,False,10,10
5536,46,weighted,10,0.0995222929936305,0,5,None,66,1,5,False,10,10
5537,47,weighted,10,0.0995222929936305,0,5,None,66,1,5,False,10,10
5538,48,weighted,10,0.0995222929936305,0,5,None,66,1,5,False,10,10
5539,49,weighted,10,0.0995222929936305,0,5,None,66,1,5,False,10,10
5540,45,weighted,10,0.0995222929936305,0,4,None,66,1,5,False,10,10
5541,46,weighted,10,0.0995222929936305,0,4,None,66,1,5,False,10,10
5542,47,weighted,10,0.0995222929936305,0,4,None,66,1,5,False,10,10
5543,48,weighted,10,0.0995222929936305,0,4,None,66,1,5,False,10,10
5544,49,weighted,10,0.0995222929936305,0,4,None,66,1,5,False,10,10
5545,45,weighted,10,0.0995222929936305,0,8,None,66,1,5,False,10,10
5546,46,weighted,10,0.0995222929936305,0,8,None,66,1,5,False,10,10
5547,47,weighted,10,0.0995222929936305,0,8,None,66,1,5,False,10,10
5548,48,weighted,10,0.0995222929936305,0,8,None,66,1,5,False,10,10
5549,49,weighted,10,0.0995222929936305,0,8,None,66,1,5,False,10,10
5550,45,weighted,10,0.0995222929936305,0,9,None,66,1,5,False,10,10
5551,46,weighted,10,0.0995222929936305,0,9,None,66,1,5,False,10,10
5552,47,weighted,10,0.0995222929936305,0,9,None,66,1,5,False,10,10
5553,48,weighted,10,0.0995222929936305,0,9,None,66,1,5,False,10,10
5554,49,weighted,10,0.0995222929936305,0,9,None,66,1,5,False,10,10
5555,45,weighted,10,0.0995222929936305,0,13,None,66,1,5,False,10,10
5556,46,weighted,10,0.1679936305732484,0,13,None,66,1,5,False,10,10
5557,47,weighted,10,0.0995222929936305,0,13,None,66,1,5,False,10,10
5558,48,weighted,10,0.0995222929936305,0,13,None,66,1,5,False,10,10
5559,49,weighted,10,0.0995222929936305,0,13,None,66,1,5,False,10,10
5560,45,weighted,10,0.0995222929936305,0,21,None,66,1,5,False,10,10
5561,46,weighted,10,0.0995222929936305,0,21,None,66,1,5,False,10,10
5562,47,weighted,10,0.0995222929936305,0,21,None,66,1,5,False,10,10
5563,48,weighted,10,0.0995222929936305,0,21,None,66,1,5,False,10,10
5564,49,weighted,10,0.0995222929936305,0,21,None,66,1,5,False,10,10
5565,45,weighted,10,0.0995222929936305,0,23,None,66,1,5,False,10,10
5566,46,weighted,10,0.1251990445859872,0,23,None,66,1,5,False,10,10
5567,47,weighted,10,0.1013136942675159,0,23,None,66,1,5,False,10,10
5568,48,weighted,10,0.0995222929936305,0,23,None,66,1,5,False,10,10
5569,49,weighted,10,0.0995222929936305,0,23,None,66,1,5,False,10,10
5570,45,weighted,10,0.1337579617834395,0,27,None,66,1,5,False,10,10
5571,46,weighted,10,0.0995222929936305,0,27,None,66,1,5,False,10,10
5572,47,weighted,10,0.0995222929936305,0,27,None,66,1,5,False,10,10
5573,48,weighted,10,0.0995222929936305,0,27,None,66,1,5,False,10,10
5574,49,weighted,10,0.0995222929936305,0,27,None,66,1,5,False,10,10
5575,45,weighted,10,0.0995222929936305,0,29,None,66,1,5,False,10,10
5576,46,weighted,10,0.1057921974522293,0,29,None,66,1,5,False,10,10
5577,47,weighted,10,0.0995222929936305,0,29,None,66,1,5,False,10,10
5578,48,weighted,10,0.0995222929936305,0,29,None,66,1,5,False,10,10
5579,49,weighted,10,0.0995222929936305,0,29,None,66,1,5,False,10,10
5580,45,weighted,10,0.0995222929936305,0,11,None,66,1,5,False,10,10
5581,46,weighted,10,0.0995222929936305,0,11,None,66,1,5,False,10,10
5582,47,weighted,10,0.0995222929936305,0,11,None,66,1,5,False,10,10
5583,48,weighted,10,0.0995222929936305,0,11,None,66,1,5,False,10,10
5584,49,weighted,10,0.0995222929936305,0,11,None,66,1,5,False,10,10
5585,45,weighted,10,0.0995222929936305,0,3,None,66,1,5,False,10,10
5586,46,weighted,10,0.0995222929936305,0,3,None,66,1,5,False,10,10
5587,47,weighted,10,0.0995222929936305,0,3,None,66,1,5,False,10,10
5588,48,weighted,10,0.0995222929936305,0,3,None,66,1,5,False,10,10
5589,49,weighted,10,0.0995222929936305,0,3,None,66,1,5,False,10,10
5590,45,weighted,10,0.0995222929936305,0,17,None,66,1,5,False,10,10
5591,46,weighted,10,0.0995222929936305,0,17,None,66,1,5,False,10,10
5592,47,weighted,10,0.0995222929936305,0,17,None,66,1,5,False,10,10
5593,48,weighted,10,0.0995222929936305,0,17,None,66,1,5,False,10,10
5594,49,weighted,10,0.0995222929936305,0,17,None,66,1,5,False,10,10
5595,45,weighted,10,0.0995222929936305,0,24,None,66,1,5,False,10,10
5596,46,weighted,10,0.0995222929936305,0,24,None,66,1,5,False,10,10
5597,47,weighted,10,0.0995222929936305,0,24,None,66,1,5,False,10,10
5598,48,weighted,10,0.0995222929936305,0,24,None,66,1,5,False,10,10
5599,49,weighted,10,0.1285828025477707,0,24,None,66,1,5,False,10,10
5600,45,weighted,10,0.0995222929936305,0,28,None,66,1,5,False,10,10
5601,46,weighted,10,0.0995222929936305,0,28,None,66,1,5,False,10,10
5602,47,weighted,10,0.0995222929936305,0,28,None,66,1,5,False,10,10
5603,48,weighted,10,0.0995222929936305,0,28,None,66,1,5,False,10,10
5604,49,weighted,10,0.0995222929936305,0,28,None,66,1,5,False,10,10
5605,45,weighted,10,0.0995222929936305,0,0,None,66,1,5,False,10,10
5606,46,weighted,10,0.0995222929936305,0,0,None,66,1,5,False,10,10
5607,47,weighted,10,0.0995222929936305,0,0,None,66,1,5,False,10,10
5608,48,weighted,10,0.0995222929936305,0,0,None,66,1,5,False,10,10
5609,49,weighted,10,0.0995222929936305,0,0,None,66,1,5,False,10,10
5610,50,weighted,10,0.0995222929936305,0,14,None,66,1,5,False,10,10
5611,51,weighted,10,0.0995222929936305,0,14,None,66,1,5,False,10,10
5612,52,weighted,10,0.0995222929936305,0,14,None,66,1,5,False,10,10
5613,53,weighted,10,0.0995222929936305,0,14,None,66,1,5,False,10,10
5614,54,weighted,10,0.0995222929936305,0,14,None,66,1,5,False,10,10
5615,50,weighted,10,0.0995222929936305,0,25,None,66,1,5,False,10,10
5616,51,weighted,10,0.0995222929936305,0,25,None,66,1,5,False,10,10
5617,52,weighted,10,0.0995222929936305,0,25,None,66,1,5,False,10,10
5618,53,weighted,10,0.0995222929936305,0,25,None,66,1,5,False,10,10
5619,54,weighted,10,0.0995222929936305,0,25,None,66,1,5,False,10,10
5620,50,weighted,10,0.0995222929936305,0,11,None,66,1,5,False,10,10
5621,51,weighted,10,0.0995222929936305,0,11,None,66,1,5,False,10,10
5622,52,weighted,10,0.0995222929936305,0,11,None,66,1,5,False,10,10
5623,53,weighted,10,0.0995222929936305,0,11,None,66,1,5,False,10,10
5624,54,weighted,10,0.0995222929936305,0,11,None,66,1,5,False,10,10
5625,50,weighted,10,0.0995222929936305,0,15,None,66,1,5,False,10,10
5626,51,weighted,10,0.0995222929936305,0,15,None,66,1,5,False,10,10
5627,52,weighted,10,0.1668988853503184,0,15,None,66,1,5,False,10,10
5628,53,weighted,10,0.1630175159235669,0,15,None,66,1,5,False,10,10
5629,54,weighted,10,0.1071855095541401,0,15,None,66,1,5,False,10,10
5630,50,weighted,10,0.0995222929936305,0,17,None,66,1,5,False,10,10
5631,51,weighted,10,0.0995222929936305,0,17,None,66,1,5,False,10,10
5632,52,weighted,10,0.0995222929936305,0,17,None,66,1,5,False,10,10
5633,53,weighted,10,0.0995222929936305,0,17,None,66,1,5,False,10,10
5634,54,weighted,10,0.0996218152866242,0,17,None,66,1,5,False,10,10
5635,50,weighted,10,0.0995222929936305,0,30,None,66,1,5,False,10,10
5636,51,weighted,10,0.0995222929936305,0,30,None,66,1,5,False,10,10
5637,52,weighted,10,0.0995222929936305,0,30,None,66,1,5,False,10,10
5638,53,weighted,10,0.0995222929936305,0,30,None,66,1,5,False,10,10
5639,54,weighted,10,0.0995222929936305,0,30,None,66,1,5,False,10,10
5640,50,weighted,10,0.0995222929936305,0,24,None,66,1,5,False,10,10
5641,51,weighted,10,0.0995222929936305,0,24,None,66,1,5,False,10,10
5642,52,weighted,10,0.0995222929936305,0,24,None,66,1,5,False,10,10
5643,53,weighted,10,0.1380374203821656,0,24,None,66,1,5,False,10,10
5644,54,weighted,10,0.1405254777070063,0,24,None,66,1,5,False,10,10
5645,50,weighted,10,0.2221337579617834,0,31,None,66,1,5,False,10,10
5646,51,weighted,10,0.0995222929936305,0,31,None,66,1,5,False,10,10
5647,52,weighted,10,0.0995222929936305,0,31,None,66,1,5,False,10,10
5648,53,weighted,10,0.0995222929936305,0,31,None,66,1,5,False,10,10
5649,54,weighted,10,0.0995222929936305,0,31,None,66,1,5,False,10,10
5650,50,weighted,10,0.0995222929936305,0,28,None,66,1,5,False,10,10
5651,51,weighted,10,0.0995222929936305,0,28,None,66,1,5,False,10,10
5652,52,weighted,10,0.0995222929936305,0,28,None,66,1,5,False,10,10
5653,53,weighted,10,0.0995222929936305,0,28,None,66,1,5,False,10,10
5654,54,weighted,10,0.0995222929936305,0,28,None,66,1,5,False,10,10
5655,50,weighted,10,0.1009156050955414,0,27,None,66,1,5,False,10,10
5656,51,weighted,10,0.0995222929936305,0,27,None,66,1,5,False,10,10
5657,52,weighted,10,0.0995222929936305,0,27,None,66,1,5,False,10,10
5658,53,weighted,10,0.0995222929936305,0,27,None,66,1,5,False,10,10
5659,54,weighted,10,0.0995222929936305,0,27,None,66,1,5,False,10,10
5660,50,weighted,10,0.0995222929936305,0,20,None,66,1,5,False,10,10
5661,51,weighted,10,0.0995222929936305,0,20,None,66,1,5,False,10,10
5662,52,weighted,10,0.0995222929936305,0,20,None,66,1,5,False,10,10
5663,53,weighted,10,0.0995222929936305,0,20,None,66,1,5,False,10,10
5664,54,weighted,10,0.0995222929936305,0,20,None,66,1,5,False,10,10
5665,50,weighted,10,0.0995222929936305,0,10,None,66,1,5,False,10,10
5666,51,weighted,10,0.0995222929936305,0,10,None,66,1,5,False,10,10
5667,52,weighted,10,0.0995222929936305,0,10,None,66,1,5,False,10,10
5668,53,weighted,10,0.0995222929936305,0,10,None,66,1,5,False,10,10
5669,54,weighted,10,0.0995222929936305,0,10,None,66,1,5,False,10,10
5670,50,weighted,10,0.101811305732484,0,22,None,66,1,5,False,10,10
5671,51,weighted,10,0.0995222929936305,0,22,None,66,1,5,False,10,10
5672,52,weighted,10,0.0995222929936305,0,22,None,66,1,5,False,10,10
5673,53,weighted,10,0.0995222929936305,0,22,None,66,1,5,False,10,10
5674,54,weighted,10,0.0995222929936305,0,22,None,66,1,5,False,10,10
5675,50,weighted,10,0.0995222929936305,0,5,None,66,1,5,False,10,10
5676,51,weighted,10,0.0995222929936305,0,5,None,66,1,5,False,10,10
5677,52,weighted,10,0.0995222929936305,0,5,None,66,1,5,False,10,10
5678,53,weighted,10,0.0995222929936305,0,5,None,66,1,5,False,10,10
5679,54,weighted,10,0.0995222929936305,0,5,None,66,1,5,False,10,10
5680,50,weighted,10,0.0995222929936305,0,13,None,66,1,5,False,10,10
5681,51,weighted,10,0.0995222929936305,0,13,None,66,1,5,False,10,10
5682,52,weighted,10,0.0995222929936305,0,13,None,66,1,5,False,10,10
5683,53,weighted,10,0.0995222929936305,0,13,None,66,1,5,False,10,10
5684,54,weighted,10,0.0995222929936305,0,13,None,66,1,5,False,10,10
5685,50,weighted,10,0.0995222929936305,0,23,None,66,1,5,False,10,10
5686,51,weighted,10,0.0995222929936305,0,23,None,66,1,5,False,10,10
5687,52,weighted,10,0.1012141719745222,0,23,None,66,1,5,False,10,10
5688,53,weighted,10,0.1247014331210191,0,23,None,66,1,5,False,10,10
5689,54,weighted,10,0.1208200636942675,0,23,None,66,1,5,False,10,10
5690,50,weighted,10,0.0995222929936305,0,4,None,66,1,5,False,10,10
5691,51,weighted,10,0.1408240445859872,0,4,None,66,1,5,False,10,10
5692,52,weighted,10,0.0995222929936305,0,4,None,66,1,5,False,10,10
5693,53,weighted,10,0.0995222929936305,0,4,None,66,1,5,False,10,10
5694,54,weighted,10,0.0995222929936305,0,4,None,66,1,5,False,10,10
5695,50,weighted,10,0.0995222929936305,0,29,None,66,1,5,False,10,10
5696,51,weighted,10,0.0995222929936305,0,29,None,66,1,5,False,10,10
5697,52,weighted,10,0.0995222929936305,0,29,None,66,1,5,False,10,10
5698,53,weighted,10,0.0995222929936305,0,29,None,66,1,5,False,10,10
5699,54,weighted,10,0.0995222929936305,0,29,None,66,1,5,False,10,10
5700,50,weighted,10,0.0995222929936305,0,9,None,66,1,5,False,10,10
5701,51,weighted,10,0.0995222929936305,0,9,None,66,1,5,False,10,10
5702,52,weighted,10,0.0995222929936305,0,9,None,66,1,5,False,10,10
5703,53,weighted,10,0.0995222929936305,0,9,None,66,1,5,False,10,10
5704,54,weighted,10,0.0995222929936305,0,9,None,66,1,5,False,10,10
5705,50,weighted,10,0.0995222929936305,0,12,None,66,1,5,False,10,10
5706,51,weighted,10,0.0995222929936305,0,12,None,66,1,5,False,10,10
5707,52,weighted,10,0.0995222929936305,0,12,None,66,1,5,False,10,10
5708,53,weighted,10,0.0995222929936305,0,12,None,66,1,5,False,10,10
5709,54,weighted,10,0.0995222929936305,0,12,None,66,1,5,False,10,10
5710,50,weighted,10,0.0995222929936305,0,26,None,66,1,5,False,10,10
5711,51,weighted,10,0.0995222929936305,0,26,None,66,1,5,False,10,10
5712,52,weighted,10,0.0995222929936305,0,26,None,66,1,5,False,10,10
5713,53,weighted,10,0.1536624203821656,0,26,None,66,1,5,False,10,10
5714,54,weighted,10,0.1841162420382165,0,26,None,66,1,5,False,10,10
5715,50,weighted,10,0.0995222929936305,0,18,None,66,1,5,False,10,10
5716,51,weighted,10,0.0995222929936305,0,18,None,66,1,5,False,10,10
5717,52,weighted,10,0.0995222929936305,0,18,None,66,1,5,False,10,10
5718,53,weighted,10,0.0995222929936305,0,18,None,66,1,5,False,10,10
5719,54,weighted,10,0.0995222929936305,0,18,None,66,1,5,False,10,10
5720,50,weighted,10,0.0995222929936305,0,8,None,66,1,5,False,10,10
5721,51,weighted,10,0.0995222929936305,0,8,None,66,1,5,False,10,10
5722,52,weighted,10,0.0995222929936305,0,8,None,66,1,5,False,10,10
5723,53,weighted,10,0.0995222929936305,0,8,None,66,1,5,False,10,10
5724,54,weighted,10,0.0995222929936305,0,8,None,66,1,5,False,10,10
5725,50,weighted,10,0.0995222929936305,0,19,None,66,1,5,False,10,10
5726,51,weighted,10,0.0995222929936305,0,19,None,66,1,5,False,10,10
5727,52,weighted,10,0.0995222929936305,0,19,None,66,1,5,False,10,10
5728,53,weighted,10,0.0995222929936305,0,19,None,66,1,5,False,10,10
5729,54,weighted,10,0.0995222929936305,0,19,None,66,1,5,False,10,10
5730,50,weighted,10,0.0995222929936305,0,21,None,66,1,5,False,10,10
5731,51,weighted,10,0.0995222929936305,0,21,None,66,1,5,False,10,10
5732,52,weighted,10,0.0995222929936305,0,21,None,66,1,5,False,10,10
5733,53,weighted,10,0.0995222929936305,0,21,None,66,1,5,False,10,10
5734,54,weighted,10,0.0995222929936305,0,21,None,66,1,5,False,10,10
5735,50,weighted,10,0.0995222929936305,0,7,None,66,1,5,False,10,10
5736,51,weighted,10,0.0995222929936305,0,7,None,66,1,5,False,10,10
5737,52,weighted,10,0.0995222929936305,0,7,None,66,1,5,False,10,10
5738,53,weighted,10,0.0995222929936305,0,7,None,66,1,5,False,10,10
5739,54,weighted,10,0.0995222929936305,0,7,None,66,1,5,False,10,10
5740,50,weighted,10,0.0995222929936305,0,16,None,66,1,5,False,10,10
5741,51,weighted,10,0.0995222929936305,0,16,None,66,1,5,False,10,10
5742,52,weighted,10,0.0995222929936305,0,16,None,66,1,5,False,10,10
5743,53,weighted,10,0.0995222929936305,0,16,None,66,1,5,False,10,10
5744,54,weighted,10,0.0995222929936305,0,16,None,66,1,5,False,10,10
5745,50,weighted,10,0.0995222929936305,0,6,None,66,1,5,False,10,10
5746,51,weighted,10,0.0995222929936305,0,6,None,66,1,5,False,10,10
5747,52,weighted,10,0.0995222929936305,0,6,None,66,1,5,False,10,10
5748,53,weighted,10,0.0995222929936305,0,6,None,66,1,5,False,10,10
5749,54,weighted,10,0.0995222929936305,0,6,None,66,1,5,False,10,10
5750,50,weighted,10,0.0995222929936305,0,32,None,66,1,5,False,10,10
5751,51,weighted,10,0.0995222929936305,0,32,None,66,1,5,False,10,10
5752,52,weighted,10,0.0995222929936305,0,32,None,66,1,5,False,10,10
5753,53,weighted,10,0.0995222929936305,0,32,None,66,1,5,False,10,10
5754,54,weighted,10,0.0995222929936305,0,32,None,66,1,5,False,10,10
5755,50,weighted,10,0.0995222929936305,0,2,None,66,1,5,False,10,10
5756,51,weighted,10,0.0995222929936305,0,2,None,66,1,5,False,10,10
5757,52,weighted,10,0.0995222929936305,0,2,None,66,1,5,False,10,10
5758,53,weighted,10,0.0995222929936305,0,2,None,66,1,5,False,10,10
5759,54,weighted,10,0.0995222929936305,0,2,None,66,1,5,False,10,10
5760,50,weighted,10,0.0995222929936305,0,3,None,66,1,5,False,10,10
5761,51,weighted,10,0.0995222929936305,0,3,None,66,1,5,False,10,10
5762,52,weighted,10,0.0995222929936305,0,3,None,66,1,5,False,10,10
5763,53,weighted,10,0.0995222929936305,0,3,None,66,1,5,False,10,10
5764,54,weighted,10,0.0995222929936305,0,3,None,66,1,5,False,10,10
5765,50,weighted,10,0.0995222929936305,0,1,None,66,1,5,False,10,10
5766,51,weighted,10,0.0995222929936305,0,1,None,66,1,5,False,10,10
5767,52,weighted,10,0.0995222929936305,0,1,None,66,1,5,False,10,10
5768,53,weighted,10,0.0995222929936305,0,1,None,66,1,5,False,10,10
5769,54,weighted,10,0.0995222929936305,0,1,None,66,1,5,False,10,10
5770,50,weighted,10,0.0995222929936305,0,0,None,66,1,5,False,10,10
5771,51,weighted,10,0.0995222929936305,0,0,None,66,1,5,False,10,10
5772,52,weighted,10,0.0995222929936305,0,0,None,66,1,5,False,10,10
5773,53,weighted,10,0.0995222929936305,0,0,None,66,1,5,False,10,10
5774,54,weighted,10,0.0995222929936305,0,0,None,66,1,5,False,10,10
7590,55,weighted,10,0.0995222929936305,0,15,None,66,1,5,False,10,10
7591,56,weighted,10,0.0995222929936305,0,15,None,66,1,5,False,10,10
7592,57,weighted,10,0.1021098726114649,0,15,None,66,1,5,False,10,10
7593,58,weighted,10,0.1860071656050955,0,15,None,66,1,5,False,10,10
7594,59,weighted,10,0.1558519108280254,0,15,None,66,1,5,False,10,10
7595,55,weighted,10,0.0995222929936305,0,10,None,66,1,5,False,10,10
7596,56,weighted,10,0.0995222929936305,0,10,None,66,1,5,False,10,10
7597,57,weighted,10,0.0995222929936305,0,10,None,66,1,5,False,10,10
7598,58,weighted,10,0.0995222929936305,0,10,None,66,1,5,False,10,10
7599,59,weighted,10,0.0995222929936305,0,10,None,66,1,5,False,10,10
7600,55,weighted,10,0.0995222929936305,0,16,None,66,1,5,False,10,10
7601,56,weighted,10,0.0995222929936305,0,16,None,66,1,5,False,10,10
7602,57,weighted,10,0.0995222929936305,0,16,None,66,1,5,False,10,10
7603,58,weighted,10,0.0995222929936305,0,16,None,66,1,5,False,10,10
7604,59,weighted,10,0.0995222929936305,0,16,None,66,1,5,False,10,10
7605,55,weighted,10,0.0995222929936305,0,20,None,66,1,5,False,10,10
7606,56,weighted,10,0.0995222929936305,0,20,None,66,1,5,False,10,10
7607,57,weighted,10,0.0995222929936305,0,20,None,66,1,5,False,10,10
7608,58,weighted,10,0.0995222929936305,0,20,None,66,1,5,False,10,10
7609,59,weighted,10,0.0995222929936305,0,20,None,66,1,5,False,10,10
7610,55,weighted,10,0.0995222929936305,0,22,None,66,1,5,False,10,10
7611,56,weighted,10,0.0995222929936305,0,22,None,66,1,5,False,10,10
7612,57,weighted,10,0.0995222929936305,0,22,None,66,1,5,False,10,10
7613,58,weighted,10,0.0995222929936305,0,22,None,66,1,5,False,10,10
7614,59,weighted,10,0.1657046178343949,0,22,None,66,1,5,False,10,10
7615,55,weighted,10,0.0995222929936305,0,14,None,66,1,5,False,10,10
7616,56,weighted,10,0.0995222929936305,0,14,None,66,1,5,False,10,10
7617,57,weighted,10,0.0995222929936305,0,14,None,66,1,5,False,10,10
7618,58,weighted,10,0.0995222929936305,0,14,None,66,1,5,False,10,10
7619,59,weighted,10,0.0995222929936305,0,14,None,66,1,5,False,10,10
7620,55,weighted,10,0.0995222929936305,0,25,None,66,1,5,False,10,10
7621,56,weighted,10,0.0995222929936305,0,25,None,66,1,5,False,10,10
7622,57,weighted,10,0.0995222929936305,0,25,None,66,1,5,False,10,10
7623,58,weighted,10,0.0995222929936305,0,25,None,66,1,5,False,10,10
7624,59,weighted,10,0.1191281847133758,0,25,None,66,1,5,False,10,10
7625,55,weighted,10,0.0995222929936305,0,26,None,66,1,5,False,10,10
7626,56,weighted,10,0.0995222929936305,0,26,None,66,1,5,False,10,10
7627,57,weighted,10,0.1409235668789809,0,26,None,66,1,5,False,10,10
7628,58,weighted,10,0.1782444267515923,0,26,None,66,1,5,False,10,10
7629,59,weighted,10,0.1863057324840764,0,26,None,66,1,5,False,10,10
7630,55,weighted,10,0.0995222929936305,0,12,None,66,1,5,False,10,10
7631,56,weighted,10,0.0995222929936305,0,12,None,66,1,5,False,10,10
7632,57,weighted,10,0.0995222929936305,0,12,None,66,1,5,False,10,10
7633,58,weighted,10,0.0995222929936305,0,12,None,66,1,5,False,10,10
7634,59,weighted,10,0.0995222929936305,0,12,None,66,1,5,False,10,10
7635,55,weighted,10,0.0995222929936305,0,6,None,66,1,5,False,10,10
7636,56,weighted,10,0.0995222929936305,0,6,None,66,1,5,False,10,10
7637,57,weighted,10,0.0995222929936305,0,6,None,66,1,5,False,10,10
7638,58,weighted,10,0.0995222929936305,0,6,None,66,1,5,False,10,10
7639,59,weighted,10,0.0995222929936305,0,6,None,66,1,5,False,10,10
7640,55,weighted,10,0.0995222929936305,0,30,None,66,1,5,False,10,10
7641,56,weighted,10,0.0995222929936305,0,30,None,66,1,5,False,10,10
7642,57,weighted,10,0.0995222929936305,0,30,None,66,1,5,False,10,10
7643,58,weighted,10,0.0995222929936305,0,30,None,66,1,5,False,10,10
7644,59,weighted,10,0.0995222929936305,0,30,None,66,1,5,False,10,10
7645,55,weighted,10,0.1821257961783439,0,31,None,66,1,5,False,10,10
7646,56,weighted,10,0.0995222929936305,0,31,None,66,1,5,False,10,10
7647,57,weighted,10,0.0995222929936305,0,31,None,66,1,5,False,10,10
7648,58,weighted,10,0.0995222929936305,0,31,None,66,1,5,False,10,10
7649,59,weighted,10,0.0995222929936305,0,31,None,66,1,5,False,10,10
7650,55,weighted,10,0.0995222929936305,0,32,None,66,1,5,False,10,10
7651,56,weighted,10,0.0995222929936305,0,32,None,66,1,5,False,10,10
7652,57,weighted,10,0.0995222929936305,0,32,None,66,1,5,False,10,10
7653,58,weighted,10,0.0995222929936305,0,32,None,66,1,5,False,10,10
7654,59,weighted,10,0.0995222929936305,0,32,None,66,1,5,False,10,10
7655,55,weighted,10,0.0995222929936305,0,7,None,66,1,5,False,10,10
7656,56,weighted,10,0.0995222929936305,0,7,None,66,1,5,False,10,10
7657,57,weighted,10,0.0995222929936305,0,7,None,66,1,5,False,10,10
7658,58,weighted,10,0.0995222929936305,0,7,None,66,1,5,False,10,10
7659,59,weighted,10,0.0995222929936305,0,7,None,66,1,5,False,10,10
7660,55,weighted,10,0.0995222929936305,0,18,None,66,1,5,False,10,10
7661,56,weighted,10,0.0995222929936305,0,18,None,66,1,5,False,10,10
7662,57,weighted,10,0.0995222929936305,0,18,None,66,1,5,False,10,10
7663,58,weighted,10,0.0995222929936305,0,18,None,66,1,5,False,10,10
7664,59,weighted,10,0.0995222929936305,0,18,None,66,1,5,False,10,10
7665,55,weighted,10,0.0995222929936305,0,19,None,66,1,5,False,10,10
7666,56,weighted,10,0.0995222929936305,0,19,None,66,1,5,False,10,10
7667,57,weighted,10,0.0995222929936305,0,19,None,66,1,5,False,10,10
7668,58,weighted,10,0.0995222929936305,0,19,None,66,1,5,False,10,10
7669,59,weighted,10,0.0995222929936305,0,19,None,66,1,5,False,10,10
7670,55,weighted,10,0.0995222929936305,0,1,None,66,1,5,False,10,10
7671,56,weighted,10,0.0995222929936305,0,1,None,66,1,5,False,10,10
7672,57,weighted,10,0.0995222929936305,0,1,None,66,1,5,False,10,10
7673,58,weighted,10,0.0995222929936305,0,1,None,66,1,5,False,10,10
7674,59,weighted,10,0.0995222929936305,0,1,None,66,1,5,False,10,10
7675,55,weighted,10,0.0995222929936305,0,2,None,66,1,5,False,10,10
7676,56,weighted,10,0.0995222929936305,0,2,None,66,1,5,False,10,10
7677,57,weighted,10,0.0995222929936305,0,2,None,66,1,5,False,10,10
7678,58,weighted,10,0.0995222929936305,0,2,None,66,1,5,False,10,10
7679,59,weighted,10,0.0995222929936305,0,2,None,66,1,5,False,10,10
7680,55,weighted,10,0.0995222929936305,0,0,None,66,1,5,False,10,10
7681,56,weighted,10,0.0995222929936305,0,0,None,66,1,5,False,10,10
7682,57,weighted,10,0.0995222929936305,0,0,None,66,1,5,False,10,10
7683,58,weighted,10,0.0995222929936305,0,0,None,66,1,5,False,10,10
7684,59,weighted,10,0.0995222929936305,0,0,None,66,1,5,False,10,10
7685,55,weighted,10,0.0995222929936305,0,5,None,66,1,5,False,10,10
7686,56,weighted,10,0.0995222929936305,0,5,None,66,1,5,False,10,10
7687,57,weighted,10,0.1443073248407643,0,5,None,66,1,5,False,10,10
7688,58,weighted,10,0.0995222929936305,0,5,None,66,1,5,False,10,10
7689,59,weighted,10,0.0995222929936305,0,5,None,66,1,5,False,10,10
7690,55,weighted,10,0.1000199044585987,0,8,None,66,1,5,False,10,10
7691,56,weighted,10,0.0995222929936305,0,8,None,66,1,5,False,10,10
7692,57,weighted,10,0.0995222929936305,0,8,None,66,1,5,False,10,10
7693,58,weighted,10,0.0995222929936305,0,8,None,66,1,5,False,10,10
7694,59,weighted,10,0.0995222929936305,0,8,None,66,1,5,False,10,10
7695,55,weighted,10,0.0995222929936305,0,9,None,66,1,5,False,10,10
7696,56,weighted,10,0.0995222929936305,0,9,None,66,1,5,False,10,10
7697,57,weighted,10,0.0995222929936305,0,9,None,66,1,5,False,10,10
7698,58,weighted,10,0.0995222929936305,0,9,None,66,1,5,False,10,10
7699,59,weighted,10,0.0995222929936305,0,9,None,66,1,5,False,10,10
7700,55,weighted,10,0.0995222929936305,0,4,None,66,1,5,False,10,10
7701,56,weighted,10,0.1502786624203821,0,4,None,66,1,5,False,10,10
7702,57,weighted,10,0.0995222929936305,0,4,None,66,1,5,False,10,10
7703,58,weighted,10,0.0995222929936305,0,4,None,66,1,5,False,10,10
7704,59,weighted,10,0.0995222929936305,0,4,None,66,1,5,False,10,10
7705,55,weighted,10,0.2315883757961783,0,13,None,66,1,5,False,10,10
7706,56,weighted,10,0.0995222929936305,0,13,None,66,1,5,False,10,10
7707,57,weighted,10,0.0995222929936305,0,13,None,66,1,5,False,10,10
7708,58,weighted,10,0.0995222929936305,0,13,None,66,1,5,False,10,10
7709,59,weighted,10,0.0995222929936305,0,13,None,66,1,5,False,10,10
7710,55,weighted,10,0.0995222929936305,0,21,None,66,1,5,False,10,10
7711,56,weighted,10,0.0995222929936305,0,21,None,66,1,5,False,10,10
7712,57,weighted,10,0.0995222929936305,0,21,None,66,1,5,False,10,10
7713,58,weighted,10,0.0995222929936305,0,21,None,66,1,5,False,10,10
7714,59,weighted,10,0.0995222929936305,0,21,None,66,1,5,False,10,10
7715,55,weighted,10,0.0995222929936305,0,23,None,66,1,5,False,10,10
7716,56,weighted,10,0.0995222929936305,0,23,None,66,1,5,False,10,10
7717,57,weighted,10,0.1056926751592356,0,23,None,66,1,5,False,10,10
7718,58,weighted,10,0.1245023885350318,0,23,None,66,1,5,False,10,10
7719,59,weighted,10,0.1263933121019108,0,23,None,66,1,5,False,10,10
7720,55,weighted,10,0.0995222929936305,0,28,None,66,1,5,False,10,10
7721,56,weighted,10,0.0995222929936305,0,28,None,66,1,5,False,10,10
7722,57,weighted,10,0.0995222929936305,0,28,None,66,1,5,False,10,10
7723,58,weighted,10,0.0995222929936305,0,28,None,66,1,5,False,10,10
7724,59,weighted,10,0.0995222929936305,0,28,None,66,1,5,False,10,10
7725,55,weighted,10,0.0995222929936305,0,27,None,66,1,5,False,10,10
7726,56,weighted,10,0.0995222929936305,0,27,None,66,1,5,False,10,10
7727,57,weighted,10,0.0995222929936305,0,27,None,66,1,5,False,10,10
7728,58,weighted,10,0.0995222929936305,0,27,None,66,1,5,False,10,10
7729,59,weighted,10,0.0995222929936305,0,27,None,66,1,5,False,10,10
7730,55,weighted,10,0.0995222929936305,0,29,None,66,1,5,False,10,10
7731,56,weighted,10,0.0995222929936305,0,29,None,66,1,5,False,10,10
7732,57,weighted,10,0.0995222929936305,0,29,None,66,1,5,False,10,10
7733,58,weighted,10,0.0995222929936305,0,29,None,66,1,5,False,10,10
7734,59,weighted,10,0.0995222929936305,0,29,None,66,1,5,False,10,10
7735,55,weighted,10,0.1698845541401273,0,11,None,66,1,5,False,10,10
7736,56,weighted,10,0.0995222929936305,0,11,None,66,1,5,False,10,10
7737,57,weighted,10,0.0995222929936305,0,11,None,66,1,5,False,10,10
7738,58,weighted,10,0.0995222929936305,0,11,None,66,1,5,False,10,10
7739,59,weighted,10,0.0995222929936305,0,11,None,66,1,5,False,10,10
7740,55,weighted,10,0.0995222929936305,0,17,None,66,1,5,False,10,10
7741,56,weighted,10,0.0995222929936305,0,17,None,66,1,5,False,10,10
7742,57,weighted,10,0.0995222929936305,0,17,None,66,1,5,False,10,10
7743,58,weighted,10,0.0995222929936305,0,17,None,66,1,5,False,10,10
7744,59,weighted,10,0.1560509554140127,0,17,None,66,1,5,False,10,10
7745,55,weighted,10,0.0995222929936305,0,24,None,66,1,5,False,10,10
7746,56,weighted,10,0.0995222929936305,0,24,None,66,1,5,False,10,10
7747,57,weighted,10,0.0995222929936305,0,24,None,66,1,5,False,10,10
7748,58,weighted,10,0.0995222929936305,0,24,None,66,1,5,False,10,10
7749,59,weighted,10,0.0995222929936305,0,24,None,66,1,5,False,10,10
7750,55,weighted,10,0.0995222929936305,0,3,None,66,1,5,False,10,10
7751,56,weighted,10,0.0995222929936305,0,3,None,66,1,5,False,10,10
7752,57,weighted,10,0.0995222929936305,0,3,None,66,1,5,False,10,10
7753,58,weighted,10,0.0995222929936305,0,3,None,66,1,5,False,10,10
7754,59,weighted,10,0.0995222929936305,0,3,None,66,1,5,False,10,10
7755,60,weighted,10,0.1852109872611465,0,11,None,66,1,5,False,10,10
7756,61,weighted,10,0.1253980891719745,0,11,None,66,1,5,False,10,10
7757,62,weighted,10,0.0995222929936305,0,11,None,66,1,5,False,10,10
7758,63,weighted,10,0.0995222929936305,0,11,None,66,1,5,False,10,10
7759,64,weighted,10,0.0995222929936305,0,11,None,66,1,5,False,10,10
7760,60,weighted,10,0.0995222929936305,0,17,None,66,1,5,False,10,10
7761,61,weighted,10,0.0995222929936305,0,17,None,66,1,5,False,10,10
7762,62,weighted,10,0.0995222929936305,0,17,None,66,1,5,False,10,10
7763,63,weighted,10,0.0995222929936305,0,17,None,66,1,5,False,10,10
7764,64,weighted,10,0.1202229299363057,0,17,None,66,1,5,False,10,10
7765,60,weighted,10,0.0995222929936305,0,1,None,66,1,5,False,10,10
7766,61,weighted,10,0.0995222929936305,0,1,None,66,1,5,False,10,10
7767,62,weighted,10,0.0995222929936305,0,1,None,66,1,5,False,10,10
7768,63,weighted,10,0.0995222929936305,0,1,None,66,1,5,False,10,10
7769,64,weighted,10,0.0995222929936305,0,1,None,66,1,5,False,10,10
7770,60,weighted,10,0.0995222929936305,0,2,None,66,1,5,False,10,10
7771,61,weighted,10,0.0995222929936305,0,2,None,66,1,5,False,10,10
7772,62,weighted,10,0.0995222929936305,0,2,None,66,1,5,False,10,10
7773,63,weighted,10,0.0995222929936305,0,2,None,66,1,5,False,10,10
7774,64,weighted,10,0.0995222929936305,0,2,None,66,1,5,False,10,10
7775,60,weighted,10,0.0995222929936305,0,21,None,66,1,5,False,10,10
7776,61,weighted,10,0.0995222929936305,0,21,None,66,1,5,False,10,10
7777,62,weighted,10,0.0995222929936305,0,21,None,66,1,5,False,10,10
7778,63,weighted,10,0.0995222929936305,0,21,None,66,1,5,False,10,10
7779,64,weighted,10,0.0995222929936305,0,21,None,66,1,5,False,10,10
7780,60,weighted,10,0.0995222929936305,0,23,None,66,1,5,False,10,10
7781,61,weighted,10,0.0995222929936305,0,23,None,66,1,5,False,10,10
7782,62,weighted,10,0.0995222929936305,0,23,None,66,1,5,False,10,10
7783,63,weighted,10,0.0995222929936305,0,23,None,66,1,5,False,10,10
7784,64,weighted,10,0.0995222929936305,0,23,None,66,1,5,False,10,10
7785,60,weighted,10,0.0995222929936305,0,22,None,66,1,5,False,10,10
7786,61,weighted,10,0.0995222929936305,0,22,None,66,1,5,False,10,10
7787,62,weighted,10,0.0995222929936305,0,22,None,66,1,5,False,10,10
7788,63,weighted,10,0.1000199044585987,0,22,None,66,1,5,False,10,10
7789,64,weighted,10,0.1774482484076433,0,22,None,66,1,5,False,10,10
7790,60,weighted,10,0.0995222929936305,0,5,None,66,1,5,False,10,10
7791,61,weighted,10,0.0995222929936305,0,5,None,66,1,5,False,10,10
7792,62,weighted,10,0.0995222929936305,0,5,None,66,1,5,False,10,10
7793,63,weighted,10,0.0995222929936305,0,5,None,66,1,5,False,10,10
7794,64,weighted,10,0.1480891719745223,0,5,None,66,1,5,False,10,10
7795,60,weighted,10,0.0995222929936305,0,7,None,66,1,5,False,10,10
7796,61,weighted,10,0.0995222929936305,0,7,None,66,1,5,False,10,10
7797,62,weighted,10,0.0995222929936305,0,7,None,66,1,5,False,10,10
7798,63,weighted,10,0.0995222929936305,0,7,None,66,1,5,False,10,10
7799,64,weighted,10,0.0995222929936305,0,7,None,66,1,5,False,10,10
7800,60,weighted,10,0.0995222929936305,0,16,None,66,1,5,False,10,10
7801,61,weighted,10,0.0995222929936305,0,16,None,66,1,5,False,10,10
7802,62,weighted,10,0.0995222929936305,0,16,None,66,1,5,False,10,10
7803,63,weighted,10,0.0995222929936305,0,16,None,66,1,5,False,10,10
7804,64,weighted,10,0.0995222929936305,0,16,None,66,1,5,False,10,10
7805,60,weighted,10,0.0995222929936305,0,32,None,66,1,5,False,10,10
7806,61,weighted,10,0.0995222929936305,0,32,None,66,1,5,False,10,10
7807,62,weighted,10,0.0995222929936305,0,32,None,66,1,5,False,10,10
7808,63,weighted,10,0.0995222929936305,0,32,None,66,1,5,False,10,10
7809,64,weighted,10,0.0995222929936305,0,32,None,66,1,5,False,10,10
7810,60,weighted,10,0.0995222929936305,0,6,None,66,1,5,False,10,10
7811,61,weighted,10,0.0995222929936305,0,6,None,66,1,5,False,10,10
7812,62,weighted,10,0.0995222929936305,0,6,None,66,1,5,False,10,10
7813,63,weighted,10,0.0995222929936305,0,6,None,66,1,5,False,10,10
7814,64,weighted,10,0.0995222929936305,0,6,None,66,1,5,False,10,10
7815,60,weighted,10,0.1178343949044586,0,26,None,66,1,5,False,10,10
7816,61,weighted,10,0.1019108280254777,0,26,None,66,1,5,False,10,10
7817,62,weighted,10,0.1408240445859872,0,26,None,66,1,5,False,10,10
7818,63,weighted,10,0.1690883757961783,0,26,None,66,1,5,False,10,10
7819,64,weighted,10,0.1826234076433121,0,26,None,66,1,5,False,10,10
7820,60,weighted,10,0.0995222929936305,0,10,None,66,1,5,False,10,10
7821,61,weighted,10,0.0995222929936305,0,10,None,66,1,5,False,10,10
7822,62,weighted,10,0.0995222929936305,0,10,None,66,1,5,False,10,10
7823,63,weighted,10,0.0995222929936305,0,10,None,66,1,5,False,10,10
7824,64,weighted,10,0.0995222929936305,0,10,None,66,1,5,False,10,10
7825,60,weighted,10,0.0995222929936305,0,15,None,66,1,5,False,10,10
7826,61,weighted,10,0.0995222929936305,0,15,None,66,1,5,False,10,10
7827,62,weighted,10,0.0995222929936305,0,15,None,66,1,5,False,10,10
7828,63,weighted,10,0.1749601910828025,0,15,None,66,1,5,False,10,10
7829,64,weighted,10,0.1872014331210191,0,15,None,66,1,5,False,10,10
7830,60,weighted,10,0.0995222929936305,0,8,None,66,1,5,False,10,10
7831,61,weighted,10,0.0995222929936305,0,8,None,66,1,5,False,10,10
7832,62,weighted,10,0.0995222929936305,0,8,None,66,1,5,False,10,10
7833,63,weighted,10,0.0995222929936305,0,8,None,66,1,5,False,10,10
7834,64,weighted,10,0.0995222929936305,0,8,None,66,1,5,False,10,10
7835,60,weighted,10,0.1003184713375796,0,18,None,66,1,5,False,10,10
7836,61,weighted,10,0.0995222929936305,0,18,None,66,1,5,False,10,10
7837,62,weighted,10,0.0995222929936305,0,18,None,66,1,5,False,10,10
7838,63,weighted,10,0.0995222929936305,0,18,None,66,1,5,False,10,10
7839,64,weighted,10,0.0995222929936305,0,18,None,66,1,5,False,10,10
7840,60,weighted,10,0.0995222929936305,0,19,None,66,1,5,False,10,10
7841,61,weighted,10,0.0995222929936305,0,19,None,66,1,5,False,10,10
7842,62,weighted,10,0.0995222929936305,0,19,None,66,1,5,False,10,10
7843,63,weighted,10,0.0995222929936305,0,19,None,66,1,5,False,10,10
7844,64,weighted,10,0.0995222929936305,0,19,None,66,1,5,False,10,10
7845,60,weighted,10,0.0995222929936305,0,20,None,66,1,5,False,10,10
7846,61,weighted,10,0.0995222929936305,0,20,None,66,1,5,False,10,10
7847,62,weighted,10,0.1138535031847133,0,20,None,66,1,5,False,10,10
7848,63,weighted,10,0.0995222929936305,0,20,None,66,1,5,False,10,10
7849,64,weighted,10,0.0995222929936305,0,20,None,66,1,5,False,10,10
7850,60,weighted,10,0.0995222929936305,0,4,None,66,1,5,False,10,10
7851,61,weighted,10,0.1077826433121019,0,4,None,66,1,5,False,10,10
7852,62,weighted,10,0.1461982484076433,0,4,None,66,1,5,False,10,10
7853,63,weighted,10,0.0995222929936305,0,4,None,66,1,5,False,10,10
7854,64,weighted,10,0.0995222929936305,0,4,None,66,1,5,False,10,10
7855,60,weighted,10,0.1203224522292993,0,28,None,66,1,5,False,10,10
7856,61,weighted,10,0.0995222929936305,0,28,None,66,1,5,False,10,10
7857,62,weighted,10,0.0995222929936305,0,28,None,66,1,5,False,10,10
7858,63,weighted,10,0.0995222929936305,0,28,None,66,1,5,False,10,10
7859,64,weighted,10,0.0995222929936305,0,28,None,66,1,5,False,10,10
7860,60,weighted,10,0.1132563694267515,0,13,None,66,1,5,False,10,10
7861,61,weighted,10,0.0995222929936305,0,13,None,66,1,5,False,10,10
7862,62,weighted,10,0.0995222929936305,0,13,None,66,1,5,False,10,10
7863,63,weighted,10,0.0995222929936305,0,13,None,66,1,5,False,10,10
7864,64,weighted,10,0.0995222929936305,0,13,None,66,1,5,False,10,10
7865,60,weighted,10,0.0995222929936305,0,12,None,66,1,5,False,10,10
7866,61,weighted,10,0.0995222929936305,0,12,None,66,1,5,False,10,10
7867,62,weighted,10,0.0995222929936305,0,12,None,66,1,5,False,10,10
7868,63,weighted,10,0.0995222929936305,0,12,None,66,1,5,False,10,10
7869,64,weighted,10,0.0995222929936305,0,12,None,66,1,5,False,10,10
7870,60,weighted,10,0.0995222929936305,0,9,None,66,1,5,False,10,10
7871,61,weighted,10,0.0995222929936305,0,9,None,66,1,5,False,10,10
7872,62,weighted,10,0.0995222929936305,0,9,None,66,1,5,False,10,10
7873,63,weighted,10,0.0995222929936305,0,9,None,66,1,5,False,10,10
7874,64,weighted,10,0.0995222929936305,0,9,None,66,1,5,False,10,10
7875,60,weighted,10,0.0995222929936305,0,14,None,66,1,5,False,10,10
7876,61,weighted,10,0.0995222929936305,0,14,None,66,1,5,False,10,10
7877,62,weighted,10,0.0995222929936305,0,14,None,66,1,5,False,10,10
7878,63,weighted,10,0.0995222929936305,0,14,None,66,1,5,False,10,10
7879,64,weighted,10,0.0995222929936305,0,14,None,66,1,5,False,10,10
7880,60,weighted,10,0.0995222929936305,0,25,None,66,1,5,False,10,10
7881,61,weighted,10,0.0995222929936305,0,25,None,66,1,5,False,10,10
7882,62,weighted,10,0.0995222929936305,0,25,None,66,1,5,False,10,10
7883,63,weighted,10,0.0995222929936305,0,25,None,66,1,5,False,10,10
7884,64,weighted,10,0.1164410828025477,0,25,None,66,1,5,False,10,10
7885,60,weighted,10,0.0995222929936305,0,29,None,66,1,5,False,10,10
7886,61,weighted,10,0.0995222929936305,0,29,None,66,1,5,False,10,10
7887,62,weighted,10,0.0995222929936305,0,29,None,66,1,5,False,10,10
7888,63,weighted,10,0.0995222929936305,0,29,None,66,1,5,False,10,10
7889,64,weighted,10,0.0995222929936305,0,29,None,66,1,5,False,10,10
7890,60,weighted,10,0.0995222929936305,0,3,None,66,1,5,False,10,10
7891,61,weighted,10,0.0995222929936305,0,3,None,66,1,5,False,10,10
7892,62,weighted,10,0.0995222929936305,0,3,None,66,1,5,False,10,10
7893,63,weighted,10,0.0995222929936305,0,3,None,66,1,5,False,10,10
7894,64,weighted,10,0.0995222929936305,0,3,None,66,1,5,False,10,10
7895,60,weighted,10,0.125,0,24,None,66,1,5,False,10,10
7896,61,weighted,10,0.1514729299363057,0,24,None,66,1,5,False,10,10
7897,62,weighted,10,0.1219148089171974,0,24,None,66,1,5,False,10,10
7898,63,weighted,10,0.1083797770700636,0,24,None,66,1,5,False,10,10
7899,64,weighted,10,0.1005175159235668,0,24,None,66,1,5,False,10,10
7900,60,weighted,10,0.0995222929936305,0,0,None,66,1,5,False,10,10
7901,61,weighted,10,0.1012141719745222,0,0,None,66,1,5,False,10,10
7902,62,weighted,10,0.118531050955414,0,0,None,66,1,5,False,10,10
7903,63,weighted,10,0.1403264331210191,0,0,None,66,1,5,False,10,10
7904,64,weighted,10,0.1419187898089172,0,0,None,66,1,5,False,10,10
7905,60,weighted,10,0.0995222929936305,0,30,None,66,1,5,False,10,10
7906,61,weighted,10,0.0995222929936305,0,30,None,66,1,5,False,10,10
7907,62,weighted,10,0.0995222929936305,0,30,None,66,1,5,False,10,10
7908,63,weighted,10,0.0995222929936305,0,30,None,66,1,5,False,10,10
7909,64,weighted,10,0.0995222929936305,0,30,None,66,1,5,False,10,10
7910,60,weighted,10,0.0995222929936305,0,27,None,66,1,5,False,10,10
7911,61,weighted,10,0.0995222929936305,0,27,None,66,1,5,False,10,10
7912,62,weighted,10,0.0995222929936305,0,27,None,66,1,5,False,10,10
7913,63,weighted,10,0.0995222929936305,0,27,None,66,1,5,False,10,10
7914,64,weighted,10,0.0995222929936305,0,27,None,66,1,5,False,10,10
7915,60,weighted,10,0.1610270700636942,0,31,None,66,1,5,False,10,10
7916,61,weighted,10,0.1370421974522293,0,31,None,66,1,5,False,10,10
7917,62,weighted,10,0.0995222929936305,0,31,None,66,1,5,False,10,10
7918,63,weighted,10,0.0995222929936305,0,31,None,66,1,5,False,10,10
7919,64,weighted,10,0.0995222929936305,0,31,None,66,1,5,False,10,10
10065,65,weighted,10,0.0995222929936305,0,1,None,66,1,5,False,10,10
10066,66,weighted,10,0.0995222929936305,0,1,None,66,1,5,False,10,10
10067,67,weighted,10,0.0995222929936305,0,1,None,66,1,5,False,10,10
10068,68,weighted,10,0.0995222929936305,0,1,None,66,1,5,False,10,10
10069,69,weighted,10,0.0997213375796178,0,1,None,66,1,5,False,10,10
10070,65,weighted,10,0.1719745222929936,0,13,None,66,1,5,False,10,10
10071,66,weighted,10,0.1660031847133758,0,13,None,66,1,5,False,10,10
10072,67,weighted,10,0.1068869426751592,0,13,None,66,1,5,False,10,10
10073,68,weighted,10,0.0995222929936305,0,13,None,66,1,5,False,10,10
10074,69,weighted,10,0.0995222929936305,0,13,None,66,1,5,False,10,10
10075,65,weighted,10,0.0995222929936305,0,19,None,66,1,5,False,10,10
10076,66,weighted,10,0.0995222929936305,0,19,None,66,1,5,False,10,10
10077,67,weighted,10,0.0995222929936305,0,19,None,66,1,5,False,10,10
10078,68,weighted,10,0.0995222929936305,0,19,None,66,1,5,False,10,10
10079,69,weighted,10,0.0995222929936305,0,19,None,66,1,5,False,10,10
10080,65,weighted,10,0.0995222929936305,0,14,None,66,1,5,False,10,10
10081,66,weighted,10,0.0995222929936305,0,14,None,66,1,5,False,10,10
10082,67,weighted,10,0.0995222929936305,0,14,None,66,1,5,False,10,10
10083,68,weighted,10,0.0995222929936305,0,14,None,66,1,5,False,10,10
10084,69,weighted,10,0.0995222929936305,0,14,None,66,1,5,False,10,10
10085,65,weighted,10,0.0995222929936305,0,22,None,66,1,5,False,10,10
10086,66,weighted,10,0.0995222929936305,0,22,None,66,1,5,False,10,10
10087,67,weighted,10,0.0995222929936305,0,22,None,66,1,5,False,10,10
10088,68,weighted,10,0.1035031847133758,0,22,None,66,1,5,False,10,10
10089,69,weighted,10,0.2217356687898089,0,22,None,66,1,5,False,10,10
10090,65,weighted,10,0.0995222929936305,0,23,None,66,1,5,False,10,10
10091,66,weighted,10,0.0995222929936305,0,23,None,66,1,5,False,10,10
10092,67,weighted,10,0.0995222929936305,0,23,None,66,1,5,False,10,10
10093,68,weighted,10,0.1016122611464968,0,23,None,66,1,5,False,10,10
10094,69,weighted,10,0.105593152866242,0,23,None,66,1,5,False,10,10
10095,65,weighted,10,0.0995222929936305,0,21,None,66,1,5,False,10,10
10096,66,weighted,10,0.0995222929936305,0,21,None,66,1,5,False,10,10
10097,67,weighted,10,0.0995222929936305,0,21,None,66,1,5,False,10,10
10098,68,weighted,10,0.0995222929936305,0,21,None,66,1,5,False,10,10
10099,69,weighted,10,0.0995222929936305,0,21,None,66,1,5,False,10,10
10100,65,weighted,10,0.0995222929936305,0,25,None,66,1,5,False,10,10
10101,66,weighted,10,0.1189291401273885,0,25,None,66,1,5,False,10,10
10102,67,weighted,10,0.0995222929936305,0,25,None,66,1,5,False,10,10
10103,68,weighted,10,0.0995222929936305,0,25,None,66,1,5,False,10,10
10104,69,weighted,10,0.0995222929936305,0,25,None,66,1,5,False,10,10
10105,65,weighted,10,0.10828025477707,0,26,None,66,1,5,False,10,10
10106,66,weighted,10,0.1177348726114649,0,26,None,66,1,5,False,10,10
10107,67,weighted,10,0.1188296178343949,0,26,None,66,1,5,False,10,10
10108,68,weighted,10,0.1533638535031847,0,26,None,66,1,5,False,10,10
10109,69,weighted,10,0.1683917197452229,0,26,None,66,1,5,False,10,10
10110,65,weighted,10,0.0995222929936305,0,29,None,66,1,5,False,10,10
10111,66,weighted,10,0.0995222929936305,0,29,None,66,1,5,False,10,10
10112,67,weighted,10,0.0995222929936305,0,29,None,66,1,5,False,10,10
10113,68,weighted,10,0.0995222929936305,0,29,None,66,1,5,False,10,10
10114,69,weighted,10,0.0995222929936305,0,29,None,66,1,5,False,10,10
10115,65,weighted,10,0.1674960191082802,0,30,None,66,1,5,False,10,10
10116,66,weighted,10,0.1473925159235669,0,30,None,66,1,5,False,10,10
10117,67,weighted,10,0.1124601910828025,0,30,None,66,1,5,False,10,10
10118,68,weighted,10,0.0995222929936305,0,30,None,66,1,5,False,10,10
10119,69,weighted,10,0.0995222929936305,0,30,None,66,1,5,False,10,10
10120,65,weighted,10,0.0995222929936305,0,6,None,66,1,5,False,10,10
10121,66,weighted,10,0.0995222929936305,0,6,None,66,1,5,False,10,10
10122,67,weighted,10,0.0995222929936305,0,6,None,66,1,5,False,10,10
10123,68,weighted,10,0.0995222929936305,0,6,None,66,1,5,False,10,10
10124,69,weighted,10,0.0995222929936305,0,6,None,66,1,5,False,10,10
10125,65,weighted,10,0.0995222929936305,0,27,None,66,1,5,False,10,10
10126,66,weighted,10,0.0995222929936305,0,27,None,66,1,5,False,10,10
10127,67,weighted,10,0.0995222929936305,0,27,None,66,1,5,False,10,10
10128,68,weighted,10,0.0995222929936305,0,27,None,66,1,5,False,10,10
10129,69,weighted,10,0.0995222929936305,0,27,None,66,1,5,False,10,10
10130,65,weighted,10,0.1465963375796178,0,31,None,66,1,5,False,10,10
10131,66,weighted,10,0.1848128980891719,0,31,None,66,1,5,False,10,10
10132,67,weighted,10,0.0995222929936305,0,31,None,66,1,5,False,10,10
10133,68,weighted,10,0.0995222929936305,0,31,None,66,1,5,False,10,10
10134,69,weighted,10,0.0995222929936305,0,31,None,66,1,5,False,10,10
10135,65,weighted,10,0.0995222929936305,0,32,None,66,1,5,False,10,10
10136,66,weighted,10,0.0995222929936305,0,32,None,66,1,5,False,10,10
10137,67,weighted,10,0.0995222929936305,0,32,None,66,1,5,False,10,10
10138,68,weighted,10,0.0995222929936305,0,32,None,66,1,5,False,10,10
10139,69,weighted,10,0.0995222929936305,0,32,None,66,1,5,False,10,10
10140,65,weighted,10,0.0995222929936305,0,2,None,66,1,5,False,10,10
10141,66,weighted,10,0.0995222929936305,0,2,None,66,1,5,False,10,10
10142,67,weighted,10,0.0995222929936305,0,2,None,66,1,5,False,10,10
10143,68,weighted,10,0.0995222929936305,0,2,None,66,1,5,False,10,10
10144,69,weighted,10,0.0995222929936305,0,2,None,66,1,5,False,10,10
10145,65,weighted,10,0.0995222929936305,0,4,None,66,1,5,False,10,10
10146,66,weighted,10,0.1012141719745222,0,4,None,66,1,5,False,10,10
10147,67,weighted,10,0.1483877388535031,0,4,None,66,1,5,False,10,10
10148,68,weighted,10,0.144108280254777,0,4,None,66,1,5,False,10,10
10149,69,weighted,10,0.0998208598726114,0,4,None,66,1,5,False,10,10
10150,65,weighted,10,0.0995222929936305,0,5,None,66,1,5,False,10,10
10151,66,weighted,10,0.0995222929936305,0,5,None,66,1,5,False,10,10
10152,67,weighted,10,0.0995222929936305,0,5,None,66,1,5,False,10,10
10153,68,weighted,10,0.1336584394904458,0,5,None,66,1,5,False,10,10
10154,69,weighted,10,0.0995222929936305,0,5,None,66,1,5,False,10,10
10155,65,weighted,10,0.0995222929936305,0,9,None,66,1,5,False,10,10
10156,66,weighted,10,0.0995222929936305,0,9,None,66,1,5,False,10,10
10157,67,weighted,10,0.0995222929936305,0,9,None,66,1,5,False,10,10
10158,68,weighted,10,0.0995222929936305,0,9,None,66,1,5,False,10,10
10159,69,weighted,10,0.0995222929936305,0,9,None,66,1,5,False,10,10
10160,65,weighted,10,0.0995222929936305,0,10,None,66,1,5,False,10,10
10161,66,weighted,10,0.0995222929936305,0,10,None,66,1,5,False,10,10
10162,67,weighted,10,0.0995222929936305,0,10,None,66,1,5,False,10,10
10163,68,weighted,10,0.0995222929936305,0,10,None,66,1,5,False,10,10
10164,69,weighted,10,0.0995222929936305,0,10,None,66,1,5,False,10,10
10165,65,weighted,10,0.0996218152866242,0,0,None,66,1,5,False,10,10
10166,66,weighted,10,0.0995222929936305,0,0,None,66,1,5,False,10,10
10167,67,weighted,10,0.0995222929936305,0,0,None,66,1,5,False,10,10
10168,68,weighted,10,0.0995222929936305,0,0,None,66,1,5,False,10,10
10169,69,weighted,10,0.0995222929936305,0,0,None,66,1,5,False,10,10
10170,65,weighted,10,0.0995222929936305,0,15,None,66,1,5,False,10,10
10171,66,weighted,10,0.0995222929936305,0,15,None,66,1,5,False,10,10
10172,67,weighted,10,0.1033041401273885,0,15,None,66,1,5,False,10,10
10173,68,weighted,10,0.1894904458598726,0,15,None,66,1,5,False,10,10
10174,69,weighted,10,0.1918789808917197,0,15,None,66,1,5,False,10,10
10175,65,weighted,10,0.0995222929936305,0,12,None,66,1,5,False,10,10
10176,66,weighted,10,0.0995222929936305,0,12,None,66,1,5,False,10,10
10177,67,weighted,10,0.0995222929936305,0,12,None,66,1,5,False,10,10
10178,68,weighted,10,0.0995222929936305,0,12,None,66,1,5,False,10,10
10179,69,weighted,10,0.0995222929936305,0,12,None,66,1,5,False,10,10
10180,65,weighted,10,0.0995222929936305,0,20,None,66,1,5,False,10,10
10181,66,weighted,10,0.0995222929936305,0,20,None,66,1,5,False,10,10
10182,67,weighted,10,0.1230095541401273,0,20,None,66,1,5,False,10,10
10183,68,weighted,10,0.0995222929936305,0,20,None,66,1,5,False,10,10
10184,69,weighted,10,0.0995222929936305,0,20,None,66,1,5,False,10,10
10185,65,weighted,10,0.1615246815286624,0,18,None,66,1,5,False,10,10
10186,66,weighted,10,0.1064888535031847,0,18,None,66,1,5,False,10,10
10187,67,weighted,10,0.0995222929936305,0,18,None,66,1,5,False,10,10
10188,68,weighted,10,0.0995222929936305,0,18,None,66,1,5,False,10,10
10189,69,weighted,10,0.0995222929936305,0,18,None,66,1,5,False,10,10
10190,65,weighted,10,0.123109076433121,0,28,None,66,1,5,False,10,10
10191,66,weighted,10,0.0995222929936305,0,28,None,66,1,5,False,10,10
10192,67,weighted,10,0.0995222929936305,0,28,None,66,1,5,False,10,10
10193,68,weighted,10,0.0995222929936305,0,28,None,66,1,5,False,10,10
10194,69,weighted,10,0.0995222929936305,0,28,None,66,1,5,False,10,10
10195,65,weighted,10,0.1644108280254777,0,8,None,66,1,5,False,10,10
10196,66,weighted,10,0.1046974522292993,0,8,None,66,1,5,False,10,10
10197,67,weighted,10,0.0995222929936305,0,8,None,66,1,5,False,10,10
10198,68,weighted,10,0.0995222929936305,0,8,None,66,1,5,False,10,10
10199,69,weighted,10,0.0995222929936305,0,8,None,66,1,5,False,10,10
10200,65,weighted,10,0.0995222929936305,0,7,None,66,1,5,False,10,10
10201,66,weighted,10,0.0995222929936305,0,7,None,66,1,5,False,10,10
10202,67,weighted,10,0.0995222929936305,0,7,None,66,1,5,False,10,10
10203,68,weighted,10,0.0995222929936305,0,7,None,66,1,5,False,10,10
10204,69,weighted,10,0.0995222929936305,0,7,None,66,1,5,False,10,10
10205,65,weighted,10,0.0995222929936305,0,16,None,66,1,5,False,10,10
10206,66,weighted,10,0.0995222929936305,0,16,None,66,1,5,False,10,10
10207,67,weighted,10,0.0995222929936305,0,16,None,66,1,5,False,10,10
10208,68,weighted,10,0.0995222929936305,0,16,None,66,1,5,False,10,10
10209,69,weighted,10,0.0995222929936305,0,16,None,66,1,5,False,10,10
10210,65,weighted,10,0.1921775477707006,0,11,None,66,1,5,False,10,10
10211,66,weighted,10,0.1688893312101911,0,11,None,66,1,5,False,10,10
10212,67,weighted,10,0.1399283439490445,0,11,None,66,1,5,False,10,10
10213,68,weighted,10,0.1050955414012738,0,11,None,66,1,5,False,10,10
10214,69,weighted,10,0.0995222929936305,0,11,None,66,1,5,False,10,10
10215,65,weighted,10,0.0995222929936305,0,17,None,66,1,5,False,10,10
10216,66,weighted,10,0.0995222929936305,0,17,None,66,1,5,False,10,10
10217,67,weighted,10,0.0995222929936305,0,17,None,66,1,5,False,10,10
10218,68,weighted,10,0.0995222929936305,0,17,None,66,1,5,False,10,10
10219,69,weighted,10,0.1026074840764331,0,17,None,66,1,5,False,10,10
10220,65,weighted,10,0.1157444267515923,0,24,None,66,1,5,False,10,10
10221,66,weighted,10,0.1049960191082802,0,24,None,66,1,5,False,10,10
10222,67,weighted,10,0.1007165605095541,0,24,None,66,1,5,False,10,10
10223,68,weighted,10,0.0996218152866242,0,24,None,66,1,5,False,10,10
10224,69,weighted,10,0.1019108280254777,0,24,None,66,1,5,False,10,10
10225,65,weighted,10,0.0995222929936305,0,3,None,66,1,5,False,10,10
10226,66,weighted,10,0.0995222929936305,0,3,None,66,1,5,False,10,10
10227,67,weighted,10,0.0995222929936305,0,3,None,66,1,5,False,10,10
10228,68,weighted,10,0.0995222929936305,0,3,None,66,1,5,False,10,10
10229,69,weighted,10,0.0995222929936305,0,3,None,66,1,5,False,10,10
10230,70,weighted,10,0.0995222929936305,0,7,None,66,1,5,False,10,10
10231,71,weighted,10,0.0995222929936305,0,7,None,66,1,5,False,10,10
10232,72,weighted,10,0.0995222929936305,0,7,None,66,1,5,False,10,10
10233,73,weighted,10,0.0995222929936305,0,7,None,66,1,5,False,10,10
10234,74,weighted,10,0.0995222929936305,0,7,None,66,1,5,False,10,10
10235,70,weighted,10,0.0995222929936305,0,16,None,66,1,5,False,10,10
10236,71,weighted,10,0.0995222929936305,0,16,None,66,1,5,False,10,10
10237,72,weighted,10,0.0995222929936305,0,16,None,66,1,5,False,10,10
10238,73,weighted,10,0.0995222929936305,0,16,None,66,1,5,False,10,10
10239,74,weighted,10,0.1080812101910828,0,16,None,66,1,5,False,10,10
10240,70,weighted,10,0.1353503184713375,0,30,None,66,1,5,False,10,10
10241,71,weighted,10,0.1177348726114649,0,30,None,66,1,5,False,10,10
10242,72,weighted,10,0.1080812101910828,0,30,None,66,1,5,False,10,10
10243,73,weighted,10,0.105593152866242,0,30,None,66,1,5,False,10,10
10244,74,weighted,10,0.1064888535031847,0,30,None,66,1,5,False,10,10
10245,70,weighted,10,0.0995222929936305,0,2,None,66,1,5,False,10,10
10246,71,weighted,10,0.0995222929936305,0,2,None,66,1,5,False,10,10
10247,72,weighted,10,0.0995222929936305,0,2,None,66,1,5,False,10,10
10248,73,weighted,10,0.0995222929936305,0,2,None,66,1,5,False,10,10
10249,74,weighted,10,0.0995222929936305,0,2,None,66,1,5,False,10,10
10250,70,weighted,10,0.0995222929936305,0,21,None,66,1,5,False,10,10
10251,71,weighted,10,0.0995222929936305,0,21,None,66,1,5,False,10,10
10252,72,weighted,10,0.0995222929936305,0,21,None,66,1,5,False,10,10
10253,73,weighted,10,0.0995222929936305,0,21,None,66,1,5,False,10,10
10254,74,weighted,10,0.0995222929936305,0,21,None,66,1,5,False,10,10
10255,70,weighted,10,0.1023089171974522,0,27,None,66,1,5,False,10,10
10256,71,weighted,10,0.1180334394904458,0,27,None,66,1,5,False,10,10
10257,72,weighted,10,0.0995222929936305,0,27,None,66,1,5,False,10,10
10258,73,weighted,10,0.0995222929936305,0,27,None,66,1,5,False,10,10
10259,74,weighted,10,0.0995222929936305,0,27,None,66,1,5,False,10,10
10260,70,weighted,10,0.1698845541401273,0,22,None,66,1,5,False,10,10
10261,71,weighted,10,0.1988455414012739,0,22,None,66,1,5,False,10,10
10262,72,weighted,10,0.1727707006369426,0,22,None,66,1,5,False,10,10
10263,73,weighted,10,0.1115644904458598,0,22,None,66,1,5,False,10,10
10264,74,weighted,10,0.1512738853503184,0,22,None,66,1,5,False,10,10
10265,70,weighted,10,0.0995222929936305,0,23,None,66,1,5,False,10,10
10266,71,weighted,10,0.0995222929936305,0,23,None,66,1,5,False,10,10
10267,72,weighted,10,0.0995222929936305,0,23,None,66,1,5,False,10,10
10268,73,weighted,10,0.0997213375796178,0,23,None,66,1,5,False,10,10
10269,74,weighted,10,0.1005175159235668,0,23,None,66,1,5,False,10,10
10270,70,weighted,10,0.0995222929936305,0,32,None,66,1,5,False,10,10
10271,71,weighted,10,0.0995222929936305,0,32,None,66,1,5,False,10,10
10272,72,weighted,10,0.0995222929936305,0,32,None,66,1,5,False,10,10
10273,73,weighted,10,0.0995222929936305,0,32,None,66,1,5,False,10,10
10274,74,weighted,10,0.0995222929936305,0,32,None,66,1,5,False,10,10
10275,70,weighted,10,0.0995222929936305,0,5,None,66,1,5,False,10,10
10276,71,weighted,10,0.1073845541401273,0,5,None,66,1,5,False,10,10
10277,72,weighted,10,0.1348527070063694,0,5,None,66,1,5,False,10,10
10278,73,weighted,10,0.0995222929936305,0,5,None,66,1,5,False,10,10
10279,74,weighted,10,0.0995222929936305,0,5,None,66,1,5,False,10,10
10280,70,weighted,10,0.0995222929936305,0,14,None,66,1,5,False,10,10
10281,71,weighted,10,0.0995222929936305,0,14,None,66,1,5,False,10,10
10282,72,weighted,10,0.0995222929936305,0,14,None,66,1,5,False,10,10
10283,73,weighted,10,0.0995222929936305,0,14,None,66,1,5,False,10,10
10284,74,weighted,10,0.1071855095541401,0,14,None,66,1,5,False,10,10
10285,70,weighted,10,0.0995222929936305,0,12,None,66,1,5,False,10,10
10286,71,weighted,10,0.0995222929936305,0,12,None,66,1,5,False,10,10
10287,72,weighted,10,0.0995222929936305,0,12,None,66,1,5,False,10,10
10288,73,weighted,10,0.0995222929936305,0,12,None,66,1,5,False,10,10
10289,74,weighted,10,0.0995222929936305,0,12,None,66,1,5,False,10,10
10290,70,weighted,10,0.1247014331210191,0,6,None,66,1,5,False,10,10
10291,71,weighted,10,0.0995222929936305,0,6,None,66,1,5,False,10,10
10292,72,weighted,10,0.0995222929936305,0,6,None,66,1,5,False,10,10
10293,73,weighted,10,0.0995222929936305,0,6,None,66,1,5,False,10,10
10294,74,weighted,10,0.0995222929936305,0,6,None,66,1,5,False,10,10
10295,70,weighted,10,0.0995222929936305,0,13,None,66,1,5,False,10,10
10296,71,weighted,10,0.1401273885350318,0,13,None,66,1,5,False,10,10
10297,72,weighted,10,0.1788415605095541,0,13,None,66,1,5,False,10,10
10298,73,weighted,10,0.1975517515923567,0,13,None,66,1,5,False,10,10
10299,74,weighted,10,0.2053144904458598,0,13,None,66,1,5,False,10,10
10300,70,weighted,10,0.0995222929936305,0,25,None,66,1,5,False,10,10
10301,71,weighted,10,0.0995222929936305,0,25,None,66,1,5,False,10,10
10302,72,weighted,10,0.0995222929936305,0,25,None,66,1,5,False,10,10
10303,73,weighted,10,0.1131568471337579,0,25,None,66,1,5,False,10,10
10304,74,weighted,10,0.0995222929936305,0,25,None,66,1,5,False,10,10
10305,70,weighted,10,0.0994227707006369,0,26,None,66,1,5,False,10,10
10306,71,weighted,10,0.0995222929936305,0,26,None,66,1,5,False,10,10
10307,72,weighted,10,0.1041003184713375,0,26,None,66,1,5,False,10,10
10308,73,weighted,10,0.1203224522292993,0,26,None,66,1,5,False,10,10
10309,74,weighted,10,0.133061305732484,0,26,None,66,1,5,False,10,10
10310,70,weighted,10,0.1396297770700637,0,15,None,66,1,5,False,10,10
10311,71,weighted,10,0.1915804140127388,0,15,None,66,1,5,False,10,10
10312,72,weighted,10,0.1933718152866242,0,15,None,66,1,5,False,10,10
10313,73,weighted,10,0.1866042993630573,0,15,None,66,1,5,False,10,10
10314,74,weighted,10,0.2270103503184713,0,15,None,66,1,5,False,10,10
10315,70,weighted,10,0.1473925159235669,0,8,None,66,1,5,False,10,10
10316,71,weighted,10,0.1158439490445859,0,8,None,66,1,5,False,10,10
10317,72,weighted,10,0.0998208598726114,0,8,None,66,1,5,False,10,10
10318,73,weighted,10,0.0995222929936305,0,8,None,66,1,5,False,10,10
10319,74,weighted,10,0.0995222929936305,0,8,None,66,1,5,False,10,10
10320,70,weighted,10,0.1815286624203821,0,18,None,66,1,5,False,10,10
10321,71,weighted,10,0.1186305732484076,0,18,None,66,1,5,False,10,10
10322,72,weighted,10,0.1175358280254777,0,18,None,66,1,5,False,10,10
10323,73,weighted,10,0.1172372611464968,0,18,None,66,1,5,False,10,10
10324,74,weighted,10,0.1175358280254777,0,18,None,66,1,5,False,10,10
10325,70,weighted,10,0.134952229299363,0,31,None,66,1,5,False,10,10
10326,71,weighted,10,0.1639132165605095,0,31,None,66,1,5,False,10,10
10327,72,weighted,10,0.1179339171974522,0,31,None,66,1,5,False,10,10
10328,73,weighted,10,0.0995222929936305,0,31,None,66,1,5,False,10,10
10329,74,weighted,10,0.0995222929936305,0,31,None,66,1,5,False,10,10
10330,70,weighted,10,0.0995222929936305,0,19,None,66,1,5,False,10,10
10331,71,weighted,10,0.0995222929936305,0,19,None,66,1,5,False,10,10
10332,72,weighted,10,0.0995222929936305,0,19,None,66,1,5,False,10,10
10333,73,weighted,10,0.0995222929936305,0,19,None,66,1,5,False,10,10
10334,74,weighted,10,0.0995222929936305,0,19,None,66,1,5,False,10,10
10335,70,weighted,10,0.0995222929936305,0,20,None,66,1,5,False,10,10
10336,71,weighted,10,0.0995222929936305,0,20,None,66,1,5,False,10,10
10337,72,weighted,10,0.1071855095541401,0,20,None,66,1,5,False,10,10
10338,73,weighted,10,0.1137539808917197,0,20,None,66,1,5,False,10,10
10339,74,weighted,10,0.0995222929936305,0,20,None,66,1,5,False,10,10
10340,70,weighted,10,0.0996218152866242,0,4,None,66,1,5,False,10,10
10341,71,weighted,10,0.1106687898089172,0,4,None,66,1,5,False,10,10
10342,72,weighted,10,0.1467953821656051,0,4,None,66,1,5,False,10,10
10343,73,weighted,10,0.1624203821656051,0,4,None,66,1,5,False,10,10
10344,74,weighted,10,0.1476910828025477,0,4,None,66,1,5,False,10,10
10345,70,weighted,10,0.1159434713375796,0,28,None,66,1,5,False,10,10
10346,71,weighted,10,0.1536624203821656,0,28,None,66,1,5,False,10,10
10347,72,weighted,10,0.1108678343949044,0,28,None,66,1,5,False,10,10
10348,73,weighted,10,0.0995222929936305,0,28,None,66,1,5,False,10,10
10349,74,weighted,10,0.0995222929936305,0,28,None,66,1,5,False,10,10
10350,70,weighted,10,0.1496815286624203,0,29,None,66,1,5,False,10,10
10351,71,weighted,10,0.0995222929936305,0,29,None,66,1,5,False,10,10
10352,72,weighted,10,0.0995222929936305,0,29,None,66,1,5,False,10,10
10353,73,weighted,10,0.0995222929936305,0,29,None,66,1,5,False,10,10
10354,74,weighted,10,0.0995222929936305,0,29,None,66,1,5,False,10,10
10355,70,weighted,10,0.0995222929936305,0,9,None,66,1,5,False,10,10
10356,71,weighted,10,0.0995222929936305,0,9,None,66,1,5,False,10,10
10357,72,weighted,10,0.0995222929936305,0,9,None,66,1,5,False,10,10
10358,73,weighted,10,0.0995222929936305,0,9,None,66,1,5,False,10,10
10359,74,weighted,10,0.0995222929936305,0,9,None,66,1,5,False,10,10
10360,70,weighted,10,0.1122611464968152,0,24,None,66,1,5,False,10,10
10361,71,weighted,10,0.1045979299363057,0,24,None,66,1,5,False,10,10
10362,72,weighted,10,0.1015127388535031,0,24,None,66,1,5,False,10,10
10363,73,weighted,10,0.1006170382165605,0,24,None,66,1,5,False,10,10
10364,74,weighted,10,0.1066878980891719,0,24,None,66,1,5,False,10,10
10365,70,weighted,10,0.1078821656050955,0,1,None,66,1,5,False,10,10
10366,71,weighted,10,0.1040007961783439,0,1,None,66,1,5,False,10,10
10367,72,weighted,10,0.1267914012738853,0,1,None,66,1,5,False,10,10
10368,73,weighted,10,0.145203025477707,0,1,None,66,1,5,False,10,10
10369,74,weighted,10,0.1579418789808917,0,1,None,66,1,5,False,10,10
10370,70,weighted,10,0.1571457006369426,0,0,None,66,1,5,False,10,10
10371,71,weighted,10,0.1102707006369426,0,0,None,66,1,5,False,10,10
10372,72,weighted,10,0.1315684713375796,0,0,None,66,1,5,False,10,10
10373,73,weighted,10,0.1358479299363057,0,0,None,66,1,5,False,10,10
10374,74,weighted,10,0.1222133757961783,0,0,None,66,1,5,False,10,10
10375,70,weighted,10,0.0995222929936305,0,10,None,66,1,5,False,10,10
10376,71,weighted,10,0.0995222929936305,0,10,None,66,1,5,False,10,10
10377,72,weighted,10,0.0995222929936305,0,10,None,66,1,5,False,10,10
10378,73,weighted,10,0.0995222929936305,0,10,None,66,1,5,False,10,10
10379,74,weighted,10,0.0995222929936305,0,10,None,66,1,5,False,10,10
10380,70,weighted,10,0.0995222929936305,0,3,None,66,1,5,False,10,10
10381,71,weighted,10,0.0995222929936305,0,3,None,66,1,5,False,10,10
10382,72,weighted,10,0.0995222929936305,0,3,None,66,1,5,False,10,10
10383,73,weighted,10,0.0995222929936305,0,3,None,66,1,5,False,10,10
10384,74,weighted,10,0.0995222929936305,0,3,None,66,1,5,False,10,10
10385,70,weighted,10,0.0995222929936305,0,17,None,66,1,5,False,10,10
10386,71,weighted,10,0.0995222929936305,0,17,None,66,1,5,False,10,10
10387,72,weighted,10,0.0995222929936305,0,17,None,66,1,5,False,10,10
10388,73,weighted,10,0.0995222929936305,0,17,None,66,1,5,False,10,10
10389,74,weighted,10,0.1006170382165605,0,17,None,66,1,5,False,10,10
10390,70,weighted,10,0.1918789808917197,0,11,None,66,1,5,False,10,10
10391,71,weighted,10,0.1925756369426751,0,11,None,66,1,5,False,10,10
10392,72,weighted,10,0.1878980891719745,0,11,None,66,1,5,False,10,10
10393,73,weighted,10,0.1885947452229299,0,11,None,66,1,5,False,10,10
10394,74,weighted,10,0.1896894904458598,0,11,None,66,1,5,False,10,10
12870,75,weighted,10,0.1022093949044586,0,16,None,66,1,5,False,10,10
12871,76,weighted,10,0.1244028662420382,0,16,None,66,1,5,False,10,10
12872,77,weighted,10,0.1471934713375796,0,16,None,66,1,5,False,10,10
12873,78,weighted,10,0.1644108280254777,0,16,None,66,1,5,False,10,10
12874,79,weighted,10,0.172671178343949,0,16,None,66,1,5,False,10,10
12875,75,weighted,10,0.1896894904458598,0,11,None,66,1,5,False,10,10
12876,76,weighted,10,0.1951632165605095,0,11,None,66,1,5,False,10,10
12877,77,weighted,10,0.2071058917197452,0,11,None,66,1,5,False,10,10
12878,78,weighted,10,0.244327229299363,0,11,None,66,1,5,False,10,10
12879,79,weighted,10,0.2267117834394904,0,11,None,66,1,5,False,10,10
12880,75,weighted,10,0.0995222929936305,0,20,None,66,1,5,False,10,10
12881,76,weighted,10,0.0995222929936305,0,20,None,66,1,5,False,10,10
12882,77,weighted,10,0.1049960191082802,0,20,None,66,1,5,False,10,10
12883,78,weighted,10,0.1263933121019108,0,20,None,66,1,5,False,10,10
12884,79,weighted,10,0.0995222929936305,0,20,None,66,1,5,False,10,10
12885,75,weighted,10,0.1766520700636942,0,22,None,66,1,5,False,10,10
12886,76,weighted,10,0.1999402866242038,0,22,None,66,1,5,False,10,10
12887,77,weighted,10,0.1931727707006369,0,22,None,66,1,5,False,10,10
12888,78,weighted,10,0.1967555732484076,0,22,None,66,1,5,False,10,10
12889,79,weighted,10,0.1840167197452229,0,22,None,66,1,5,False,10,10
12890,75,weighted,10,0.1681926751592356,0,14,None,66,1,5,False,10,10
12891,76,weighted,10,0.1757563694267516,0,14,None,66,1,5,False,10,10
12892,77,weighted,10,0.1795382165605095,0,14,None,66,1,5,False,10,10
12893,78,weighted,10,0.1760549363057325,0,14,None,66,1,5,False,10,10
12894,79,weighted,10,0.1673964968152866,0,14,None,66,1,5,False,10,10
12895,75,weighted,10,0.103702229299363,0,17,None,66,1,5,False,10,10
12896,76,weighted,10,0.101015127388535,0,17,None,66,1,5,False,10,10
12897,77,weighted,10,0.1069864649681528,0,17,None,66,1,5,False,10,10
12898,78,weighted,10,0.1253980891719745,0,17,None,66,1,5,False,10,10
12899,79,weighted,10,0.1020103503184713,0,17,None,66,1,5,False,10,10
12900,75,weighted,10,0.0995222929936305,0,25,None,66,1,5,False,10,10
12901,76,weighted,10,0.0993232484076433,0,25,None,66,1,5,False,10,10
12902,77,weighted,10,0.1169386942675159,0,25,None,66,1,5,False,10,10
12903,78,weighted,10,0.0995222929936305,0,25,None,66,1,5,False,10,10
12904,79,weighted,10,0.0995222929936305,0,25,None,66,1,5,False,10,10
12905,75,weighted,10,0.0995222929936305,0,26,None,66,1,5,False,10,10
12906,76,weighted,10,0.0995222929936305,0,26,None,66,1,5,False,10,10
12907,77,weighted,10,0.0995222929936305,0,26,None,66,1,5,False,10,10
12908,78,weighted,10,0.0995222929936305,0,26,None,66,1,5,False,10,10
12909,79,weighted,10,0.1004179936305732,0,26,None,66,1,5,False,10,10
12910,75,weighted,10,0.0995222929936305,0,12,None,66,1,5,False,10,10
12911,76,weighted,10,0.0995222929936305,0,12,None,66,1,5,False,10,10
12912,77,weighted,10,0.0995222929936305,0,12,None,66,1,5,False,10,10
12913,78,weighted,10,0.0995222929936305,0,12,None,66,1,5,False,10,10
12914,79,weighted,10,0.0995222929936305,0,12,None,66,1,5,False,10,10
12915,75,weighted,10,0.1310708598726114,0,24,None,66,1,5,False,10,10
12916,76,weighted,10,0.1171377388535031,0,24,None,66,1,5,False,10,10
12917,77,weighted,10,0.1099721337579617,0,24,None,66,1,5,False,10,10
12918,78,weighted,10,0.1039012738853503,0,24,None,66,1,5,False,10,10
12919,79,weighted,10,0.105593152866242,0,24,None,66,1,5,False,10,10
12920,75,weighted,10,0.163515127388535,0,30,None,66,1,5,False,10,10
12921,76,weighted,10,0.165406050955414,0,30,None,66,1,5,False,10,10
12922,77,weighted,10,0.1653065286624203,0,30,None,66,1,5,False,10,10
12923,78,weighted,10,0.1659036624203821,0,30,None,66,1,5,False,10,10
12924,79,weighted,10,0.1652070063694267,0,30,None,66,1,5,False,10,10
12925,75,weighted,10,0.1637141719745223,0,6,None,66,1,5,False,10,10
12926,76,weighted,10,0.1638136942675159,0,6,None,66,1,5,False,10,10
12927,77,weighted,10,0.1553542993630573,0,6,None,66,1,5,False,10,10
12928,78,weighted,10,0.1461982484076433,0,6,None,66,1,5,False,10,10
12929,79,weighted,10,0.1419187898089172,0,6,None,66,1,5,False,10,10
12930,75,weighted,10,0.1445063694267516,0,31,None,66,1,5,False,10,10
12931,76,weighted,10,0.1615246815286624,0,31,None,66,1,5,False,10,10
12932,77,weighted,10,0.1628184713375796,0,31,None,66,1,5,False,10,10
12933,78,weighted,10,0.1538614649681528,0,31,None,66,1,5,False,10,10
12934,79,weighted,10,0.1449044585987261,0,31,None,66,1,5,False,10,10
12935,75,weighted,10,0.0995222929936305,0,32,None,66,1,5,False,10,10
12936,76,weighted,10,0.0995222929936305,0,32,None,66,1,5,False,10,10
12937,77,weighted,10,0.0995222929936305,0,32,None,66,1,5,False,10,10
12938,78,weighted,10,0.0995222929936305,0,32,None,66,1,5,False,10,10
12939,79,weighted,10,0.0995222929936305,0,32,None,66,1,5,False,10,10
12940,75,weighted,10,0.0995222929936305,0,7,None,66,1,5,False,10,10
12941,76,weighted,10,0.0995222929936305,0,7,None,66,1,5,False,10,10
12942,77,weighted,10,0.0995222929936305,0,7,None,66,1,5,False,10,10
12943,78,weighted,10,0.0995222929936305,0,7,None,66,1,5,False,10,10
12944,79,weighted,10,0.0995222929936305,0,7,None,66,1,5,False,10,10
12945,75,weighted,10,0.0995222929936305,0,19,None,66,1,5,False,10,10
12946,76,weighted,10,0.0995222929936305,0,19,None,66,1,5,False,10,10
12947,77,weighted,10,0.0995222929936305,0,19,None,66,1,5,False,10,10
12948,78,weighted,10,0.0995222929936305,0,19,None,66,1,5,False,10,10
12949,79,weighted,10,0.0995222929936305,0,19,None,66,1,5,False,10,10
12950,75,weighted,10,0.2262141719745223,0,18,None,66,1,5,False,10,10
12951,76,weighted,10,0.2245222929936305,0,18,None,66,1,5,False,10,10
12952,77,weighted,10,0.2269108280254777,0,18,None,66,1,5,False,10,10
12953,78,weighted,10,0.2053144904458598,0,18,None,66,1,5,False,10,10
12954,79,weighted,10,0.1806329617834395,0,18,None,66,1,5,False,10,10
12955,75,weighted,10,0.1733678343949044,0,1,None,66,1,5,False,10,10
12956,76,weighted,10,0.1777468152866242,0,1,None,66,1,5,False,10,10
12957,77,weighted,10,0.1651074840764331,0,1,None,66,1,5,False,10,10
12958,78,weighted,10,0.163515127388535,0,1,None,66,1,5,False,10,10
12959,79,weighted,10,0.1596337579617834,0,1,None,66,1,5,False,10,10
12960,75,weighted,10,0.0995222929936305,0,2,None,66,1,5,False,10,10
12961,76,weighted,10,0.0995222929936305,0,2,None,66,1,5,False,10,10
12962,77,weighted,10,0.0995222929936305,0,2,None,66,1,5,False,10,10
12963,78,weighted,10,0.0995222929936305,0,2,None,66,1,5,False,10,10
12964,79,weighted,10,0.0995222929936305,0,2,None,66,1,5,False,10,10
12965,75,weighted,10,0.1050955414012738,0,0,None,66,1,5,False,10,10
12966,76,weighted,10,0.1370421974522293,0,0,None,66,1,5,False,10,10
12967,77,weighted,10,0.0992237261146496,0,0,None,66,1,5,False,10,10
12968,78,weighted,10,0.0995222929936305,0,0,None,66,1,5,False,10,10
12969,79,weighted,10,0.0995222929936305,0,0,None,66,1,5,False,10,10
12970,75,weighted,10,0.0995222929936305,0,5,None,66,1,5,False,10,10
12971,76,weighted,10,0.0995222929936305,0,5,None,66,1,5,False,10,10
12972,77,weighted,10,0.1092754777070063,0,5,None,66,1,5,False,10,10
12973,78,weighted,10,0.1358479299363057,0,5,None,66,1,5,False,10,10
12974,79,weighted,10,0.0995222929936305,0,5,None,66,1,5,False,10,10
12975,75,weighted,10,0.0995222929936305,0,4,None,66,1,5,False,10,10
12976,76,weighted,10,0.1006170382165605,0,4,None,66,1,5,False,10,10
12977,77,weighted,10,0.1054936305732484,0,4,None,66,1,5,False,10,10
12978,78,weighted,10,0.1150477707006369,0,4,None,66,1,5,False,10,10
12979,79,weighted,10,0.1244028662420382,0,4,None,66,1,5,False,10,10
12980,75,weighted,10,0.1708797770700637,0,8,None,66,1,5,False,10,10
12981,76,weighted,10,0.174562101910828,0,8,None,66,1,5,False,10,10
12982,77,weighted,10,0.1733678343949044,0,8,None,66,1,5,False,10,10
12983,78,weighted,10,0.1702826433121019,0,8,None,66,1,5,False,10,10
12984,79,weighted,10,0.1700835987261146,0,8,None,66,1,5,False,10,10
12985,75,weighted,10,0.0995222929936305,0,9,None,66,1,5,False,10,10
12986,76,weighted,10,0.0995222929936305,0,9,None,66,1,5,False,10,10
12987,77,weighted,10,0.0995222929936305,0,9,None,66,1,5,False,10,10
12988,78,weighted,10,0.0995222929936305,0,9,None,66,1,5,False,10,10
12989,79,weighted,10,0.0995222929936305,0,9,None,66,1,5,False,10,10
12990,75,weighted,10,0.1636146496815286,0,13,None,66,1,5,False,10,10
12991,76,weighted,10,0.1783439490445859,0,13,None,66,1,5,False,10,10
12992,77,weighted,10,0.1903861464968153,0,13,None,66,1,5,False,10,10
12993,78,weighted,10,0.1995421974522293,0,13,None,66,1,5,False,10,10
12994,79,weighted,10,0.2042197452229299,0,13,None,66,1,5,False,10,10
12995,75,weighted,10,0.0995222929936305,0,23,None,66,1,5,False,10,10
12996,76,weighted,10,0.0995222929936305,0,23,None,66,1,5,False,10,10
12997,77,weighted,10,0.0995222929936305,0,23,None,66,1,5,False,10,10
12998,78,weighted,10,0.0994227707006369,0,23,None,66,1,5,False,10,10
12999,79,weighted,10,0.0997213375796178,0,23,None,66,1,5,False,10,10
13000,75,weighted,10,0.0995222929936305,0,21,None,66,1,5,False,10,10
13001,76,weighted,10,0.0995222929936305,0,21,None,66,1,5,False,10,10
13002,77,weighted,10,0.0995222929936305,0,21,None,66,1,5,False,10,10
13003,78,weighted,10,0.0995222929936305,0,21,None,66,1,5,False,10,10
13004,79,weighted,10,0.0995222929936305,0,21,None,66,1,5,False,10,10
13005,75,weighted,10,0.1211186305732484,0,28,None,66,1,5,False,10,10
13006,76,weighted,10,0.1646098726114649,0,28,None,66,1,5,False,10,10
13007,77,weighted,10,0.1492834394904458,0,28,None,66,1,5,False,10,10
13008,78,weighted,10,0.1292794585987261,0,28,None,66,1,5,False,10,10
13009,79,weighted,10,0.1073845541401273,0,28,None,66,1,5,False,10,10
13010,75,weighted,10,0.1021098726114649,0,27,None,66,1,5,False,10,10
13011,76,weighted,10,0.1051950636942675,0,27,None,66,1,5,False,10,10
13012,77,weighted,10,0.0995222929936305,0,27,None,66,1,5,False,10,10
13013,78,weighted,10,0.0995222929936305,0,27,None,66,1,5,False,10,10
13014,79,weighted,10,0.0995222929936305,0,27,None,66,1,5,False,10,10
13015,75,weighted,10,0.1398288216560509,0,29,None,66,1,5,False,10,10
13016,76,weighted,10,0.1112659235668789,0,29,None,66,1,5,False,10,10
13017,77,weighted,10,0.0995222929936305,0,29,None,66,1,5,False,10,10
13018,78,weighted,10,0.0995222929936305,0,29,None,66,1,5,False,10,10
13019,79,weighted,10,0.0995222929936305,0,29,None,66,1,5,False,10,10
13020,75,weighted,10,0.0995222929936305,0,10,None,66,1,5,False,10,10
13021,76,weighted,10,0.0995222929936305,0,10,None,66,1,5,False,10,10
13022,77,weighted,10,0.0995222929936305,0,10,None,66,1,5,False,10,10
13023,78,weighted,10,0.0995222929936305,0,10,None,66,1,5,False,10,10
13024,79,weighted,10,0.0995222929936305,0,10,None,66,1,5,False,10,10
13025,75,weighted,10,0.0995222929936305,0,15,None,66,1,5,False,10,10
13026,76,weighted,10,0.1079816878980891,0,15,None,66,1,5,False,10,10
13027,77,weighted,10,0.1648089171974522,0,15,None,66,1,5,False,10,10
13028,78,weighted,10,0.188296178343949,0,15,None,66,1,5,False,10,10
13029,79,weighted,10,0.1948646496815286,0,15,None,66,1,5,False,10,10
13030,75,weighted,10,0.0995222929936305,0,3,None,66,1,5,False,10,10
13031,76,weighted,10,0.0995222929936305,0,3,None,66,1,5,False,10,10
13032,77,weighted,10,0.0995222929936305,0,3,None,66,1,5,False,10,10
13033,78,weighted,10,0.0995222929936305,0,3,None,66,1,5,False,10,10
13034,79,weighted,10,0.0995222929936305,0,3,None,66,1,5,False,10,10
13035,80,weighted,10,0.1267914012738853,0,30,None,66,1,5,False,10,10
13036,81,weighted,10,0.1351512738853503,0,30,None,66,1,5,False,10,10
13037,82,weighted,10,0.1389331210191083,0,30,None,66,1,5,False,10,10
13038,83,weighted,10,0.1415207006369426,0,30,None,66,1,5,False,10,10
13039,84,weighted,10,0.1427149681528662,0,30,None,66,1,5,False,10,10
13040,80,weighted,10,0.2170581210191083,0,1,None,66,1,5,False,10,10
13041,81,weighted,10,0.1757563694267516,0,1,None,66,1,5,False,10,10
13042,82,weighted,10,0.1675955414012739,0,1,None,66,1,5,False,10,10
13043,83,weighted,10,0.1590366242038216,0,1,None,66,1,5,False,10,10
13044,84,weighted,10,0.1539609872611465,0,1,None,66,1,5,False,10,10
13045,80,weighted,10,0.0995222929936305,0,2,None,66,1,5,False,10,10
13046,81,weighted,10,0.0995222929936305,0,2,None,66,1,5,False,10,10
13047,82,weighted,10,0.0995222929936305,0,2,None,66,1,5,False,10,10
13048,83,weighted,10,0.0995222929936305,0,2,None,66,1,5,False,10,10
13049,84,weighted,10,0.0997213375796178,0,2,None,66,1,5,False,10,10
13050,80,weighted,10,0.0995222929936305,0,5,None,66,1,5,False,10,10
13051,81,weighted,10,0.0995222929936305,0,5,None,66,1,5,False,10,10
13052,82,weighted,10,0.0995222929936305,0,5,None,66,1,5,False,10,10
13053,83,weighted,10,0.1245023885350318,0,5,None,66,1,5,False,10,10
13054,84,weighted,10,0.1000199044585987,0,5,None,66,1,5,False,10,10
13055,80,weighted,10,0.0995222929936305,0,21,None,66,1,5,False,10,10
13056,81,weighted,10,0.0995222929936305,0,21,None,66,1,5,False,10,10
13057,82,weighted,10,0.0995222929936305,0,21,None,66,1,5,False,10,10
13058,83,weighted,10,0.0995222929936305,0,21,None,66,1,5,False,10,10
13059,84,weighted,10,0.0995222929936305,0,21,None,66,1,5,False,10,10
13060,80,weighted,10,0.0995222929936305,0,23,None,66,1,5,False,10,10
13061,81,weighted,10,0.0995222929936305,0,23,None,66,1,5,False,10,10
13062,82,weighted,10,0.0995222929936305,0,23,None,66,1,5,False,10,10
13063,83,weighted,10,0.0995222929936305,0,23,None,66,1,5,False,10,10
13064,84,weighted,10,0.0994227707006369,0,23,None,66,1,5,False,10,10
13065,80,weighted,10,0.1131568471337579,0,27,None,66,1,5,False,10,10
13066,81,weighted,10,0.0995222929936305,0,27,None,66,1,5,False,10,10
13067,82,weighted,10,0.0995222929936305,0,27,None,66,1,5,False,10,10
13068,83,weighted,10,0.0995222929936305,0,27,None,66,1,5,False,10,10
13069,84,weighted,10,0.0995222929936305,0,27,None,66,1,5,False,10,10
13070,80,weighted,10,0.0995222929936305,0,7,None,66,1,5,False,10,10
13071,81,weighted,10,0.0995222929936305,0,7,None,66,1,5,False,10,10
13072,82,weighted,10,0.0995222929936305,0,7,None,66,1,5,False,10,10
13073,83,weighted,10,0.0996218152866242,0,7,None,66,1,5,False,10,10
13074,84,weighted,10,0.1001194267515923,0,7,None,66,1,5,False,10,10
13075,80,weighted,10,0.1990445859872611,0,16,None,66,1,5,False,10,10
13076,81,weighted,10,0.2314888535031847,0,16,None,66,1,5,False,10,10
13077,82,weighted,10,0.2227308917197452,0,16,None,66,1,5,False,10,10
13078,83,weighted,10,0.2154657643312102,0,16,None,66,1,5,False,10,10
13079,84,weighted,10,0.2075039808917197,0,16,None,66,1,5,False,10,10
13080,80,weighted,10,0.0995222929936305,0,32,None,66,1,5,False,10,10
13081,81,weighted,10,0.0995222929936305,0,32,None,66,1,5,False,10,10
13082,82,weighted,10,0.0995222929936305,0,32,None,66,1,5,False,10,10
13083,83,weighted,10,0.0995222929936305,0,32,None,66,1,5,False,10,10
13084,84,weighted,10,0.0995222929936305,0,32,None,66,1,5,False,10,10
13085,80,weighted,10,0.0996218152866242,0,26,None,66,1,5,False,10,10
13086,81,weighted,10,0.1025079617834394,0,26,None,66,1,5,False,10,10
13087,82,weighted,10,0.1127587579617834,0,26,None,66,1,5,False,10,10
13088,83,weighted,10,0.1234076433121019,0,26,None,66,1,5,False,10,10
13089,84,weighted,10,0.1342555732484076,0,26,None,66,1,5,False,10,10
13090,80,weighted,10,0.0999203821656051,0,17,None,66,1,5,False,10,10
13091,81,weighted,10,0.1012141719745222,0,17,None,66,1,5,False,10,10
13092,82,weighted,10,0.1031050955414012,0,17,None,66,1,5,False,10,10
13093,83,weighted,10,0.1251990445859872,0,17,None,66,1,5,False,10,10
13094,84,weighted,10,0.1252985668789809,0,17,None,66,1,5,False,10,10
13095,80,weighted,10,0.1096735668789808,0,24,None,66,1,5,False,10,10
13096,81,weighted,10,0.1034036624203821,0,24,None,66,1,5,False,10,10
13097,82,weighted,10,0.1026074840764331,0,24,None,66,1,5,False,10,10
13098,83,weighted,10,0.1271894904458598,0,24,None,66,1,5,False,10,10
13099,84,weighted,10,0.1727707006369426,0,24,None,66,1,5,False,10,10
13100,80,weighted,10,0.1361464968152866,0,8,None,66,1,5,False,10,10
13101,81,weighted,10,0.1500796178343949,0,8,None,66,1,5,False,10,10
13102,82,weighted,10,0.1568471337579617,0,8,None,66,1,5,False,10,10
13103,83,weighted,10,0.1596337579617834,0,8,None,66,1,5,False,10,10
13104,84,weighted,10,0.1610270700636942,0,8,None,66,1,5,False,10,10
13105,80,weighted,10,0.2051154458598726,0,18,None,66,1,5,False,10,10
13106,81,weighted,10,0.2042197452229299,0,18,None,66,1,5,False,10,10
13107,82,weighted,10,0.2081011146496815,0,18,None,66,1,5,False,10,10
13108,83,weighted,10,0.2177547770700637,0,18,None,66,1,5,False,10,10
13109,84,weighted,10,0.2302945859872611,0,18,None,66,1,5,False,10,10
13110,80,weighted,10,0.0995222929936305,0,19,None,66,1,5,False,10,10
13111,81,weighted,10,0.0995222929936305,0,19,None,66,1,5,False,10,10
13112,82,weighted,10,0.0995222929936305,0,19,None,66,1,5,False,10,10
13113,83,weighted,10,0.0995222929936305,0,19,None,66,1,5,False,10,10
13114,84,weighted,10,0.0996218152866242,0,19,None,66,1,5,False,10,10
13115,80,weighted,10,0.105593152866242,0,31,None,66,1,5,False,10,10
13116,81,weighted,10,0.1096735668789808,0,31,None,66,1,5,False,10,10
13117,82,weighted,10,0.1188296178343949,0,31,None,66,1,5,False,10,10
13118,83,weighted,10,0.1238057324840764,0,31,None,66,1,5,False,10,10
13119,84,weighted,10,0.1272890127388535,0,31,None,66,1,5,False,10,10
13120,80,weighted,10,0.0995222929936305,0,20,None,66,1,5,False,10,10
13121,81,weighted,10,0.0995222929936305,0,20,None,66,1,5,False,10,10
13122,82,weighted,10,0.1062898089171974,0,20,None,66,1,5,False,10,10
13123,83,weighted,10,0.1187300955414012,0,20,None,66,1,5,False,10,10
13124,84,weighted,10,0.1076831210191082,0,20,None,66,1,5,False,10,10
13125,80,weighted,10,0.099124203821656,0,28,None,66,1,5,False,10,10
13126,81,weighted,10,0.1168391719745222,0,28,None,66,1,5,False,10,10
13127,82,weighted,10,0.1042993630573248,0,28,None,66,1,5,False,10,10
13128,83,weighted,10,0.1170382165605095,0,28,None,66,1,5,False,10,10
13129,84,weighted,10,0.1377388535031847,0,28,None,66,1,5,False,10,10
13130,80,weighted,10,0.119327229299363,0,13,None,66,1,5,False,10,10
13131,81,weighted,10,0.1365445859872611,0,13,None,66,1,5,False,10,10
13132,82,weighted,10,0.1480891719745223,0,13,None,66,1,5,False,10,10
13133,83,weighted,10,0.1558519108280254,0,13,None,66,1,5,False,10,10
13134,84,weighted,10,0.1605294585987261,0,13,None,66,1,5,False,10,10
13135,80,weighted,10,0.0995222929936305,0,12,None,66,1,5,False,10,10
13136,81,weighted,10,0.0995222929936305,0,12,None,66,1,5,False,10,10
13137,82,weighted,10,0.0995222929936305,0,12,None,66,1,5,False,10,10
13138,83,weighted,10,0.1001194267515923,0,12,None,66,1,5,False,10,10
13139,84,weighted,10,0.1113654458598726,0,12,None,66,1,5,False,10,10
13140,80,weighted,10,0.1282842356687898,0,22,None,66,1,5,False,10,10
13141,81,weighted,10,0.1159434713375796,0,22,None,66,1,5,False,10,10
13142,82,weighted,10,0.1135549363057324,0,22,None,66,1,5,False,10,10
13143,83,weighted,10,0.1293789808917197,0,22,None,66,1,5,False,10,10
13144,84,weighted,10,0.1500796178343949,0,22,None,66,1,5,False,10,10
13145,80,weighted,10,0.1372412420382165,0,6,None,66,1,5,False,10,10
13146,81,weighted,10,0.1528662420382165,0,6,None,66,1,5,False,10,10
13147,82,weighted,10,0.1598328025477707,0,6,None,66,1,5,False,10,10
13148,83,weighted,10,0.161624203821656,0,6,None,66,1,5,False,10,10
13149,84,weighted,10,0.1619227707006369,0,6,None,66,1,5,False,10,10
13150,80,weighted,10,0.0995222929936305,0,10,None,66,1,5,False,10,10
13151,81,weighted,10,0.0995222929936305,0,10,None,66,1,5,False,10,10
13152,82,weighted,10,0.0995222929936305,0,10,None,66,1,5,False,10,10
13153,83,weighted,10,0.0995222929936305,0,10,None,66,1,5,False,10,10
13154,84,weighted,10,0.1041003184713375,0,10,None,66,1,5,False,10,10
13155,80,weighted,10,0.0995222929936305,0,4,None,66,1,5,False,10,10
13156,81,weighted,10,0.1002189490445859,0,4,None,66,1,5,False,10,10
13157,82,weighted,10,0.1014132165605095,0,4,None,66,1,5,False,10,10
13158,83,weighted,10,0.1041003184713375,0,4,None,66,1,5,False,10,10
13159,84,weighted,10,0.1061902866242038,0,4,None,66,1,5,False,10,10
13160,80,weighted,10,0.1592356687898089,0,11,None,66,1,5,False,10,10
13161,81,weighted,10,0.1898885350318471,0,11,None,66,1,5,False,10,10
13162,82,weighted,10,0.2116839171974522,0,11,None,66,1,5,False,10,10
13163,83,weighted,10,0.2200437898089172,0,11,None,66,1,5,False,10,10
13164,84,weighted,10,0.2498009554140127,0,11,None,66,1,5,False,10,10
13165,80,weighted,10,0.1422173566878981,0,15,None,66,1,5,False,10,10
13166,81,weighted,10,0.1820262738853503,0,15,None,66,1,5,False,10,10
13167,82,weighted,10,0.1935708598726114,0,15,None,66,1,5,False,10,10
13168,83,weighted,10,0.2005374203821656,0,15,None,66,1,5,False,10,10
13169,84,weighted,10,0.2074044585987261,0,15,None,66,1,5,False,10,10
13170,80,weighted,10,0.1041998407643312,0,0,None,66,1,5,False,10,10
13171,81,weighted,10,0.1296775477707006,0,0,None,66,1,5,False,10,10
13172,82,weighted,10,0.0992237261146496,0,0,None,66,1,5,False,10,10
13173,83,weighted,10,0.0988256369426751,0,0,None,66,1,5,False,10,10
13174,84,weighted,10,0.0992237261146496,0,0,None,66,1,5,False,10,10
13175,80,weighted,10,0.0995222929936305,0,3,None,66,1,5,False,10,10
13176,81,weighted,10,0.0995222929936305,0,3,None,66,1,5,False,10,10
13177,82,weighted,10,0.0995222929936305,0,3,None,66,1,5,False,10,10
13178,83,weighted,10,0.0996218152866242,0,3,None,66,1,5,False,10,10
13179,84,weighted,10,0.1019108280254777,0,3,None,66,1,5,False,10,10
13180,80,weighted,10,0.1619227707006369,0,14,None,66,1,5,False,10,10
13181,81,weighted,10,0.1525676751592356,0,14,None,66,1,5,False,10,10
13182,82,weighted,10,0.1428144904458598,0,14,None,66,1,5,False,10,10
13183,83,weighted,10,0.1317675159235669,0,14,None,66,1,5,False,10,10
13184,84,weighted,10,0.1250995222929936,0,14,None,66,1,5,False,10,10
13185,80,weighted,10,0.0995222929936305,0,9,None,66,1,5,False,10,10
13186,81,weighted,10,0.0995222929936305,0,9,None,66,1,5,False,10,10
13187,82,weighted,10,0.0995222929936305,0,9,None,66,1,5,False,10,10
13188,83,weighted,10,0.0995222929936305,0,9,None,66,1,5,False,10,10
13189,84,weighted,10,0.0995222929936305,0,9,None,66,1,5,False,10,10
13190,80,weighted,10,0.0995222929936305,0,25,None,66,1,5,False,10,10
13191,81,weighted,10,0.0995222929936305,0,25,None,66,1,5,False,10,10
13192,82,weighted,10,0.1024084394904458,0,25,None,66,1,5,False,10,10
13193,83,weighted,10,0.0995222929936305,0,25,None,66,1,5,False,10,10
13194,84,weighted,10,0.0995222929936305,0,25,None,66,1,5,False,10,10
13195,80,weighted,10,0.1065883757961783,0,29,None,66,1,5,False,10,10
13196,81,weighted,10,0.1002189490445859,0,29,None,66,1,5,False,10,10
13197,82,weighted,10,0.0995222929936305,0,29,None,66,1,5,False,10,10
13198,83,weighted,10,0.0995222929936305,0,29,None,66,1,5,False,10,10
13199,84,weighted,10,0.0995222929936305,0,29,None,66,1,5,False,10,10
16005,85,weighted,10,0.1509753184713375,0,1,None,66,1,5,False,10,10
16006,86,weighted,10,0.1552547770700637,0,1,None,66,1,5,False,10,10
16007,87,weighted,10,0.1628184713375796,0,1,None,66,1,5,False,10,10
16008,88,weighted,10,0.1677945859872611,0,1,None,66,1,5,False,10,10
16009,89,weighted,10,0.1724721337579617,0,1,None,66,1,5,False,10,10
16010,85,weighted,10,0.1282842356687898,0,2,None,66,1,5,False,10,10
16011,86,weighted,10,0.1670979299363057,0,2,None,66,1,5,False,10,10
16012,87,weighted,10,0.1860071656050955,0,2,None,66,1,5,False,10,10
16013,88,weighted,10,0.1940684713375796,0,2,None,66,1,5,False,10,10
16014,89,weighted,10,0.1958598726114649,0,2,None,66,1,5,False,10,10
16015,85,weighted,10,0.0999203821656051,0,5,None,66,1,5,False,10,10
16016,86,weighted,10,0.1288813694267516,0,5,None,66,1,5,False,10,10
16017,87,weighted,10,0.168093152866242,0,5,None,66,1,5,False,10,10
16018,88,weighted,10,0.1858081210191083,0,5,None,66,1,5,False,10,10
16019,89,weighted,10,0.1936703821656051,0,5,None,66,1,5,False,10,10
16020,85,weighted,10,0.1219148089171974,0,13,None,66,1,5,False,10,10
16021,86,weighted,10,0.1407245222929936,0,13,None,66,1,5,False,10,10
16022,87,weighted,10,0.1523686305732484,0,13,None,66,1,5,False,10,10
16023,88,weighted,10,0.1644108280254777,0,13,None,66,1,5,False,10,10
16024,89,weighted,10,0.1767515923566879,0,13,None,66,1,5,False,10,10
16025,85,weighted,10,0.1956608280254777,0,11,None,66,1,5,False,10,10
16026,86,weighted,10,0.2005374203821656,0,11,None,66,1,5,False,10,10
16027,87,weighted,10,0.2173566878980891,0,11,None,66,1,5,False,10,10
16028,88,weighted,10,0.2153662420382165,0,11,None,66,1,5,False,10,10
16029,89,weighted,10,0.198546974522293,0,11,None,66,1,5,False,10,10
16030,85,weighted,10,0.1567476114649681,0,20,None,66,1,5,False,10,10
16031,86,weighted,10,0.1921775477707006,0,20,None,66,1,5,False,10,10
16032,87,weighted,10,0.1910828025477707,0,20,None,66,1,5,False,10,10
16033,88,weighted,10,0.1973527070063694,0,20,None,66,1,5,False,10,10
16034,89,weighted,10,0.1767515923566879,0,20,None,66,1,5,False,10,10
16035,85,weighted,10,0.1058917197452229,0,22,None,66,1,5,False,10,10
16036,86,weighted,10,0.1088773885350318,0,22,None,66,1,5,False,10,10
16037,87,weighted,10,0.1209195859872611,0,22,None,66,1,5,False,10,10
16038,88,weighted,10,0.1225119426751592,0,22,None,66,1,5,False,10,10
16039,89,weighted,10,0.1275875796178344,0,22,None,66,1,5,False,10,10
16040,85,weighted,10,0.1077826433121019,0,14,None,66,1,5,False,10,10
16041,86,weighted,10,0.1144506369426751,0,14,None,66,1,5,False,10,10
16042,87,weighted,10,0.1232085987261146,0,14,None,66,1,5,False,10,10
16043,88,weighted,10,0.1353503184713375,0,14,None,66,1,5,False,10,10
16044,89,weighted,10,0.147890127388535,0,14,None,66,1,5,False,10,10
16045,85,weighted,10,0.0995222929936305,0,23,None,66,1,5,False,10,10
16046,86,weighted,10,0.0996218152866242,0,23,None,66,1,5,False,10,10
16047,87,weighted,10,0.0998208598726114,0,23,None,66,1,5,False,10,10
16048,88,weighted,10,0.1124601910828025,0,23,None,66,1,5,False,10,10
16049,89,weighted,10,0.1434116242038216,0,23,None,66,1,5,False,10,10
16050,85,weighted,10,0.1879976114649681,0,17,None,66,1,5,False,10,10
16051,86,weighted,10,0.1965565286624203,0,17,None,66,1,5,False,10,10
16052,87,weighted,10,0.1957603503184713,0,17,None,66,1,5,False,10,10
16053,88,weighted,10,0.1971536624203821,0,17,None,66,1,5,False,10,10
16054,89,weighted,10,0.1982484076433121,0,17,None,66,1,5,False,10,10
16055,85,weighted,10,0.0995222929936305,0,21,None,66,1,5,False,10,10
16056,86,weighted,10,0.0995222929936305,0,21,None,66,1,5,False,10,10
16057,87,weighted,10,0.0995222929936305,0,21,None,66,1,5,False,10,10
16058,88,weighted,10,0.1069864649681528,0,21,None,66,1,5,False,10,10
16059,89,weighted,10,0.1339570063694267,0,21,None,66,1,5,False,10,10
16060,85,weighted,10,0.0995222929936305,0,25,None,66,1,5,False,10,10
16061,86,weighted,10,0.0995222929936305,0,25,None,66,1,5,False,10,10
16062,87,weighted,10,0.0998208598726114,0,25,None,66,1,5,False,10,10
16063,88,weighted,10,0.101811305732484,0,25,None,66,1,5,False,10,10
16064,89,weighted,10,0.1262937898089172,0,25,None,66,1,5,False,10,10
16065,85,weighted,10,0.1148487261146496,0,26,None,66,1,5,False,10,10
16066,86,weighted,10,0.1397292993630573,0,26,None,66,1,5,False,10,10
16067,87,weighted,10,0.1566480891719745,0,26,None,66,1,5,False,10,10
16068,88,weighted,10,0.1698845541401273,0,26,None,66,1,5,False,10,10
16069,89,weighted,10,0.1778463375796178,0,26,None,66,1,5,False,10,10
16070,85,weighted,10,0.0996218152866242,0,12,None,66,1,5,False,10,10
16071,86,weighted,10,0.1264928343949044,0,12,None,66,1,5,False,10,10
16072,87,weighted,10,0.1498805732484076,0,12,None,66,1,5,False,10,10
16073,88,weighted,10,0.1673964968152866,0,12,None,66,1,5,False,10,10
16074,89,weighted,10,0.177249203821656,0,12,None,66,1,5,False,10,10
16075,85,weighted,10,0.1393312101910828,0,28,None,66,1,5,False,10,10
16076,86,weighted,10,0.148686305732484,0,28,None,66,1,5,False,10,10
16077,87,weighted,10,0.177249203821656,0,28,None,66,1,5,False,10,10
16078,88,weighted,10,0.2249203821656051,0,28,None,66,1,5,False,10,10
16079,89,weighted,10,0.2327826433121019,0,28,None,66,1,5,False,10,10
16080,85,weighted,10,0.1061902866242038,0,29,None,66,1,5,False,10,10
16081,86,weighted,10,0.0995222929936305,0,29,None,66,1,5,False,10,10
16082,87,weighted,10,0.1002189490445859,0,29,None,66,1,5,False,10,10
16083,88,weighted,10,0.136843152866242,0,29,None,66,1,5,False,10,10
16084,89,weighted,10,0.1771496815286624,0,29,None,66,1,5,False,10,10
16085,85,weighted,10,0.1003184713375796,0,9,None,66,1,5,False,10,10
16086,86,weighted,10,0.1024084394904458,0,9,None,66,1,5,False,10,10
16087,87,weighted,10,0.1113654458598726,0,9,None,66,1,5,False,10,10
16088,88,weighted,10,0.123109076433121,0,9,None,66,1,5,False,10,10
16089,89,weighted,10,0.1374402866242038,0,9,None,66,1,5,False,10,10
16090,85,weighted,10,0.127687101910828,0,6,None,66,1,5,False,10,10
16091,86,weighted,10,0.1429140127388535,0,6,None,66,1,5,False,10,10
16092,87,weighted,10,0.1507762738853503,0,6,None,66,1,5,False,10,10
16093,88,weighted,10,0.1577428343949044,0,6,None,66,1,5,False,10,10
16094,89,weighted,10,0.1629179936305732,0,6,None,66,1,5,False,10,10
16095,85,weighted,10,0.102906050955414,0,7,None,66,1,5,False,10,10
16096,86,weighted,10,0.1122611464968152,0,7,None,66,1,5,False,10,10
16097,87,weighted,10,0.1230095541401273,0,7,None,66,1,5,False,10,10
16098,88,weighted,10,0.1357484076433121,0,7,None,66,1,5,False,10,10
16099,89,weighted,10,0.1481886942675159,0,7,None,66,1,5,False,10,10
16100,85,weighted,10,0.0995222929936305,0,32,None,66,1,5,False,10,10
16101,86,weighted,10,0.1002189490445859,0,32,None,66,1,5,False,10,10
16102,87,weighted,10,0.1285828025477707,0,32,None,66,1,5,False,10,10
16103,88,weighted,10,0.1765525477707006,0,32,None,66,1,5,False,10,10
16104,89,weighted,10,0.1949641719745223,0,32,None,66,1,5,False,10,10
16105,85,weighted,10,0.1347531847133758,0,8,None,66,1,5,False,10,10
16106,86,weighted,10,0.1514729299363057,0,8,None,66,1,5,False,10,10
16107,87,weighted,10,0.1571457006369426,0,8,None,66,1,5,False,10,10
16108,88,weighted,10,0.1568471337579617,0,8,None,66,1,5,False,10,10
16109,89,weighted,10,0.158937101910828,0,8,None,66,1,5,False,10,10
16110,85,weighted,10,0.1003184713375796,0,4,None,66,1,5,False,10,10
16111,86,weighted,10,0.1026074840764331,0,4,None,66,1,5,False,10,10
16112,87,weighted,10,0.1056926751592356,0,4,None,66,1,5,False,10,10
16113,88,weighted,10,0.1096735668789808,0,4,None,66,1,5,False,10,10
16114,89,weighted,10,0.1167396496815286,0,4,None,66,1,5,False,10,10
16115,85,weighted,10,0.1671974522292993,0,16,None,66,1,5,False,10,10
16116,86,weighted,10,0.1657046178343949,0,16,None,66,1,5,False,10,10
16117,87,weighted,10,0.1704816878980891,0,16,None,66,1,5,False,10,10
16118,88,weighted,10,0.1788415605095541,0,16,None,66,1,5,False,10,10
16119,89,weighted,10,0.1930732484076433,0,16,None,66,1,5,False,10,10
16120,85,weighted,10,0.1995421974522293,0,18,None,66,1,5,False,10,10
16121,86,weighted,10,0.2030254777070063,0,18,None,66,1,5,False,10,10
16122,87,weighted,10,0.2118829617834395,0,18,None,66,1,5,False,10,10
16123,88,weighted,10,0.2256170382165605,0,18,None,66,1,5,False,10,10
16124,89,weighted,10,0.2049164012738853,0,18,None,66,1,5,False,10,10
16125,85,weighted,10,0.1317675159235669,0,19,None,66,1,5,False,10,10
16126,86,weighted,10,0.1619227707006369,0,19,None,66,1,5,False,10,10
16127,87,weighted,10,0.1807324840764331,0,19,None,66,1,5,False,10,10
16128,88,weighted,10,0.1907842356687898,0,19,None,66,1,5,False,10,10
16129,89,weighted,10,0.1949641719745223,0,19,None,66,1,5,False,10,10
16130,85,weighted,10,0.1660031847133758,0,10,None,66,1,5,False,10,10
16131,86,weighted,10,0.1729697452229299,0,10,None,66,1,5,False,10,10
16132,87,weighted,10,0.185609076433121,0,10,None,66,1,5,False,10,10
16133,88,weighted,10,0.1936703821656051,0,10,None,66,1,5,False,10,10
16134,89,weighted,10,0.1957603503184713,0,10,None,66,1,5,False,10,10
16135,85,weighted,10,0.1949641719745223,0,15,None,66,1,5,False,10,10
16136,86,weighted,10,0.1995421974522293,0,15,None,66,1,5,False,10,10
16137,87,weighted,10,0.2030254777070063,0,15,None,66,1,5,False,10,10
16138,88,weighted,10,0.2143710191082802,0,15,None,66,1,5,False,10,10
16139,89,weighted,10,0.244327229299363,0,15,None,66,1,5,False,10,10
16140,85,weighted,10,0.1310708598726114,0,3,None,66,1,5,False,10,10
16141,86,weighted,10,0.1586385350318471,0,3,None,66,1,5,False,10,10
16142,87,weighted,10,0.1827229299363057,0,3,None,66,1,5,False,10,10
16143,88,weighted,10,0.1931727707006369,0,3,None,66,1,5,False,10,10
16144,89,weighted,10,0.1958598726114649,0,3,None,66,1,5,False,10,10
16145,85,weighted,10,0.1757563694267516,0,24,None,66,1,5,False,10,10
16146,86,weighted,10,0.1932722929936305,0,24,None,66,1,5,False,10,10
16147,87,weighted,10,0.197452229299363,0,24,None,66,1,5,False,10,10
16148,88,weighted,10,0.1983479299363057,0,24,None,66,1,5,False,10,10
16149,89,weighted,10,0.2072054140127388,0,24,None,66,1,5,False,10,10
16150,85,weighted,10,0.1009156050955414,0,27,None,66,1,5,False,10,10
16151,86,weighted,10,0.1242038216560509,0,27,None,66,1,5,False,10,10
16152,87,weighted,10,0.1577428343949044,0,27,None,66,1,5,False,10,10
16153,88,weighted,10,0.181031050955414,0,27,None,66,1,5,False,10,10
16154,89,weighted,10,0.1923765923566879,0,27,None,66,1,5,False,10,10
16155,85,weighted,10,0.1148487261146496,0,30,None,66,1,5,False,10,10
16156,86,weighted,10,0.1285828025477707,0,30,None,66,1,5,False,10,10
16157,87,weighted,10,0.1426154458598726,0,30,None,66,1,5,False,10,10
16158,88,weighted,10,0.1534633757961783,0,30,None,66,1,5,False,10,10
16159,89,weighted,10,0.1618232484076433,0,30,None,66,1,5,False,10,10
16160,85,weighted,10,0.10828025477707,0,0,None,66,1,5,False,10,10
16161,86,weighted,10,0.1078821656050955,0,0,None,66,1,5,False,10,10
16162,87,weighted,10,0.118531050955414,0,0,None,66,1,5,False,10,10
16163,88,weighted,10,0.1301751592356688,0,0,None,66,1,5,False,10,10
16164,89,weighted,10,0.1448049363057325,0,0,None,66,1,5,False,10,10
16165,85,weighted,10,0.1054936305732484,0,31,None,66,1,5,False,10,10
16166,86,weighted,10,0.1086783439490445,0,31,None,66,1,5,False,10,10
16167,87,weighted,10,0.1135549363057324,0,31,None,66,1,5,False,10,10
16168,88,weighted,10,0.1265923566878981,0,31,None,66,1,5,False,10,10
16169,89,weighted,10,0.1518710191082802,0,31,None,66,1,5,False,10,10
16170,90,weighted,10,0.2010350318471337,0,24,None,66,1,5,False,10,10
16171,91,weighted,10,0.2029259554140127,0,24,None,66,1,5,False,10,10
16172,92,weighted,10,0.222233280254777,0,24,None,66,1,5,False,10,10
16173,93,weighted,10,0.1954617834394904,0,24,None,66,1,5,False,10,10
16174,94,weighted,10,0.1944665605095541,0,24,None,66,1,5,False,10,10
16175,90,weighted,10,0.1981488853503184,0,21,None,66,1,5,False,10,10
16176,91,weighted,10,0.1983479299363057,0,21,None,66,1,5,False,10,10
16177,92,weighted,10,0.2036226114649681,0,21,None,66,1,5,False,10,10
16178,93,weighted,10,0.2440286624203821,0,21,None,66,1,5,False,10,10
16179,94,weighted,10,0.2139729299363057,0,21,None,66,1,5,False,10,10
16180,90,weighted,10,0.2148686305732484,0,27,None,66,1,5,False,10,10
16181,91,weighted,10,0.2165605095541401,0,27,None,66,1,5,False,10,10
16182,92,weighted,10,0.2126791401273885,0,27,None,66,1,5,False,10,10
16183,93,weighted,10,0.2083001592356688,0,27,None,66,1,5,False,10,10
16184,94,weighted,10,0.2056130573248407,0,27,None,66,1,5,False,10,10
16185,90,weighted,10,0.1797372611464968,0,1,None,66,1,5,False,10,10
16186,91,weighted,10,0.1664012738853503,0,1,None,66,1,5,False,10,10
16187,92,weighted,10,0.1657046178343949,0,1,None,66,1,5,False,10,10
16188,93,weighted,10,0.1695859872611465,0,1,None,66,1,5,False,10,10
16189,94,weighted,10,0.1741640127388535,0,1,None,66,1,5,False,10,10
16190,90,weighted,10,0.1870023885350318,0,26,None,66,1,5,False,10,10
16191,91,weighted,10,0.1914808917197452,0,26,None,66,1,5,False,10,10
16192,92,weighted,10,0.1907842356687898,0,26,None,66,1,5,False,10,10
16193,93,weighted,10,0.1897890127388535,0,26,None,66,1,5,False,10,10
16194,94,weighted,10,0.1926751592356688,0,26,None,66,1,5,False,10,10
16195,90,weighted,10,0.1655055732484076,0,30,None,66,1,5,False,10,10
16196,91,weighted,10,0.1701831210191083,0,30,None,66,1,5,False,10,10
16197,92,weighted,10,0.1759554140127388,0,30,None,66,1,5,False,10,10
16198,93,weighted,10,0.1803343949044586,0,30,None,66,1,5,False,10,10
16199,94,weighted,10,0.1830214968152866,0,30,None,66,1,5,False,10,10
16200,90,weighted,10,0.1973527070063694,0,2,None,66,1,5,False,10,10
16201,91,weighted,10,0.1984474522292993,0,2,None,66,1,5,False,10,10
16202,92,weighted,10,0.1995421974522293,0,2,None,66,1,5,False,10,10
16203,93,weighted,10,0.2007364649681528,0,2,None,66,1,5,False,10,10
16204,94,weighted,10,0.2014331210191083,0,2,None,66,1,5,False,10,10
16205,90,weighted,10,0.2213375796178344,0,7,None,66,1,5,False,10,10
16206,91,weighted,10,0.2202428343949044,0,7,None,66,1,5,False,10,10
16207,92,weighted,10,0.2189490445859872,0,7,None,66,1,5,False,10,10
16208,93,weighted,10,0.2158638535031847,0,7,None,66,1,5,False,10,10
16209,94,weighted,10,0.2147691082802547,0,7,None,66,1,5,False,10,10
16210,90,weighted,10,0.2198447452229299,0,11,None,66,1,5,False,10,10
16211,91,weighted,10,0.2323845541401273,0,11,None,66,1,5,False,10,10
16212,92,weighted,10,0.1989450636942675,0,11,None,66,1,5,False,10,10
16213,93,weighted,10,0.1989450636942675,0,11,None,66,1,5,False,10,10
16214,94,weighted,10,0.1989450636942675,0,11,None,66,1,5,False,10,10
16215,90,weighted,10,0.2047173566878981,0,15,None,66,1,5,False,10,10
16216,91,weighted,10,0.2164609872611465,0,15,None,66,1,5,False,10,10
16217,92,weighted,10,0.2523885350318471,0,15,None,66,1,5,False,10,10
16218,93,weighted,10,0.2008359872611465,0,15,None,66,1,5,False,10,10
16219,94,weighted,10,0.2028264331210191,0,15,None,66,1,5,False,10,10
16220,90,weighted,10,0.2096934713375796,0,17,None,66,1,5,False,10,10
16221,91,weighted,10,0.1984474522292993,0,17,None,66,1,5,False,10,10
16222,92,weighted,10,0.198546974522293,0,17,None,66,1,5,False,10,10
16223,93,weighted,10,0.1986464968152866,0,17,None,66,1,5,False,10,10
16224,94,weighted,10,0.1987460191082802,0,17,None,66,1,5,False,10,10
16225,90,weighted,10,0.1614251592356688,0,16,None,66,1,5,False,10,10
16226,91,weighted,10,0.1770501592356688,0,16,None,66,1,5,False,10,10
16227,92,weighted,10,0.2083996815286624,0,16,None,66,1,5,False,10,10
16228,93,weighted,10,0.1936703821656051,0,16,None,66,1,5,False,10,10
16229,94,weighted,10,0.1766520700636942,0,16,None,66,1,5,False,10,10
16230,90,weighted,10,0.1758558917197452,0,13,None,66,1,5,False,10,10
16231,91,weighted,10,0.1899880573248407,0,13,None,66,1,5,False,10,10
16232,92,weighted,10,0.1728702229299363,0,13,None,66,1,5,False,10,10
16233,93,weighted,10,0.1766520700636942,0,13,None,66,1,5,False,10,10
16234,94,weighted,10,0.1795382165605095,0,13,None,66,1,5,False,10,10
16235,90,weighted,10,0.1826234076433121,0,12,None,66,1,5,False,10,10
16236,91,weighted,10,0.1906847133757961,0,12,None,66,1,5,False,10,10
16237,92,weighted,10,0.1867038216560509,0,12,None,66,1,5,False,10,10
16238,93,weighted,10,0.1923765923566879,0,12,None,66,1,5,False,10,10
16239,94,weighted,10,0.194765127388535,0,12,None,66,1,5,False,10,10
16240,90,weighted,10,0.1622213375796178,0,14,None,66,1,5,False,10,10
16241,91,weighted,10,0.1663017515923567,0,14,None,66,1,5,False,10,10
16242,92,weighted,10,0.1719745222929936,0,14,None,66,1,5,False,10,10
16243,93,weighted,10,0.1771496815286624,0,14,None,66,1,5,False,10,10
16244,94,weighted,10,0.1809315286624203,0,14,None,66,1,5,False,10,10
16245,90,weighted,10,0.1908837579617834,0,25,None,66,1,5,False,10,10
16246,91,weighted,10,0.1836186305732484,0,25,None,66,1,5,False,10,10
16247,92,weighted,10,0.1862062101910828,0,25,None,66,1,5,False,10,10
16248,93,weighted,10,0.1880971337579617,0,25,None,66,1,5,False,10,10
16249,94,weighted,10,0.1894904458598726,0,25,None,66,1,5,False,10,10
16250,90,weighted,10,0.1991441082802547,0,28,None,66,1,5,False,10,10
16251,91,weighted,10,0.2514928343949044,0,28,None,66,1,5,False,10,10
16252,92,weighted,10,0.2022292993630573,0,28,None,66,1,5,False,10,10
16253,93,weighted,10,0.203921178343949,0,28,None,66,1,5,False,10,10
16254,94,weighted,10,0.206608280254777,0,28,None,66,1,5,False,10,10
16255,90,weighted,10,0.1484872611464968,0,29,None,66,1,5,False,10,10
16256,91,weighted,10,0.2033240445859872,0,29,None,66,1,5,False,10,10
16257,92,weighted,10,0.2308917197452229,0,29,None,66,1,5,False,10,10
16258,93,weighted,10,0.2209394904458598,0,29,None,66,1,5,False,10,10
16259,94,weighted,10,0.2146695859872611,0,29,None,66,1,5,False,10,10
16260,90,weighted,10,0.1485867834394904,0,9,None,66,1,5,False,10,10
16261,91,weighted,10,0.1559514331210191,0,9,None,66,1,5,False,10,10
16262,92,weighted,10,0.1627189490445859,0,9,None,66,1,5,False,10,10
16263,93,weighted,10,0.1684912420382165,0,9,None,66,1,5,False,10,10
16264,94,weighted,10,0.1739649681528662,0,9,None,66,1,5,False,10,10
16265,90,weighted,10,0.1969546178343949,0,19,None,66,1,5,False,10,10
16266,91,weighted,10,0.197452229299363,0,19,None,66,1,5,False,10,10
16267,92,weighted,10,0.1980493630573248,0,19,None,66,1,5,False,10,10
16268,93,weighted,10,0.1977507961783439,0,19,None,66,1,5,False,10,10
16269,94,weighted,10,0.1976512738853503,0,19,None,66,1,5,False,10,10
16270,90,weighted,10,0.2044187898089172,0,18,None,66,1,5,False,10,10
16271,91,weighted,10,0.198546974522293,0,18,None,66,1,5,False,10,10
16272,92,weighted,10,0.1984474522292993,0,18,None,66,1,5,False,10,10
16273,93,weighted,10,0.1992436305732484,0,18,None,66,1,5,False,10,10
16274,94,weighted,10,0.2003383757961783,0,18,None,66,1,5,False,10,10
16275,90,weighted,10,0.1694864649681528,0,31,None,66,1,5,False,10,10
16276,91,weighted,10,0.1827229299363057,0,31,None,66,1,5,False,10,10
16277,92,weighted,10,0.1945660828025477,0,31,None,66,1,5,False,10,10
16278,93,weighted,10,0.2053144904458598,0,31,None,66,1,5,False,10,10
16279,94,weighted,10,0.2131767515923567,0,31,None,66,1,5,False,10,10
16280,90,weighted,10,0.2113853503184713,0,5,None,66,1,5,False,10,10
16281,91,weighted,10,0.2189490445859872,0,5,None,66,1,5,False,10,10
16282,92,weighted,10,0.2097929936305732,0,5,None,66,1,5,False,10,10
16283,93,weighted,10,0.2034235668789809,0,5,None,66,1,5,False,10,10
16284,94,weighted,10,0.199343152866242,0,5,None,66,1,5,False,10,10
16285,90,weighted,10,0.2227308917197452,0,0,None,66,1,5,False,10,10
16286,91,weighted,10,0.2288017515923567,0,0,None,66,1,5,False,10,10
16287,92,weighted,10,0.2441281847133758,0,0,None,66,1,5,False,10,10
16288,93,weighted,10,0.1746616242038216,0,0,None,66,1,5,False,10,10
16289,94,weighted,10,0.1793391719745223,0,0,None,66,1,5,False,10,10
16290,90,weighted,10,0.1968550955414012,0,3,None,66,1,5,False,10,10
16291,91,weighted,10,0.1979498407643312,0,3,None,66,1,5,False,10,10
16292,92,weighted,10,0.1998407643312102,0,3,None,66,1,5,False,10,10
16293,93,weighted,10,0.2009355095541401,0,3,None,66,1,5,False,10,10
16294,94,weighted,10,0.2023288216560509,0,3,None,66,1,5,False,10,10
16295,90,weighted,10,0.2035230891719745,0,4,None,66,1,5,False,10,10
16296,91,weighted,10,0.2095939490445859,0,4,None,66,1,5,False,10,10
16297,92,weighted,10,0.2164609872611465,0,4,None,66,1,5,False,10,10
16298,93,weighted,10,0.2223328025477707,0,4,None,66,1,5,False,10,10
16299,94,weighted,10,0.2283041401273885,0,4,None,66,1,5,False,10,10
16300,90,weighted,10,0.1631170382165605,0,6,None,66,1,5,False,10,10
16301,91,weighted,10,0.1691878980891719,0,6,None,66,1,5,False,10,10
16302,92,weighted,10,0.1759554140127388,0,6,None,66,1,5,False,10,10
16303,93,weighted,10,0.1798367834394904,0,6,None,66,1,5,False,10,10
16304,94,weighted,10,0.1848128980891719,0,6,None,66,1,5,False,10,10
16305,90,weighted,10,0.2239251592356688,0,8,None,66,1,5,False,10,10
16306,91,weighted,10,0.2235270700636942,0,8,None,66,1,5,False,10,10
16307,92,weighted,10,0.2235270700636942,0,8,None,66,1,5,False,10,10
16308,93,weighted,10,0.2255175159235669,0,8,None,66,1,5,False,10,10
16309,94,weighted,10,0.2319864649681528,0,8,None,66,1,5,False,10,10
16310,90,weighted,10,0.1969546178343949,0,10,None,66,1,5,False,10,10
16311,91,weighted,10,0.1977507961783439,0,10,None,66,1,5,False,10,10
16312,92,weighted,10,0.1984474522292993,0,10,None,66,1,5,False,10,10
16313,93,weighted,10,0.1986464968152866,0,10,None,66,1,5,False,10,10
16314,94,weighted,10,0.1987460191082802,0,10,None,66,1,5,False,10,10
16315,90,weighted,10,0.1992436305732484,0,20,None,66,1,5,False,10,10
16316,91,weighted,10,0.2002388535031847,0,20,None,66,1,5,False,10,10
16317,92,weighted,10,0.2027269108280254,0,20,None,66,1,5,False,10,10
16318,93,weighted,10,0.2046178343949044,0,20,None,66,1,5,False,10,10
16319,94,weighted,10,0.1979498407643312,0,20,None,66,1,5,False,10,10
16320,90,weighted,10,0.1455015923566879,0,22,None,66,1,5,False,10,10
16321,91,weighted,10,0.192874203821656,0,22,None,66,1,5,False,10,10
16322,92,weighted,10,0.1601313694267516,0,22,None,66,1,5,False,10,10
16323,93,weighted,10,0.1667993630573248,0,22,None,66,1,5,False,10,10
16324,94,weighted,10,0.1728702229299363,0,22,None,66,1,5,False,10,10
16325,90,weighted,10,0.1937699044585987,0,23,None,66,1,5,False,10,10
16326,91,weighted,10,0.1988455414012739,0,23,None,66,1,5,False,10,10
16327,92,weighted,10,0.2050159235668789,0,23,None,66,1,5,False,10,10
16328,93,weighted,10,0.1834195859872611,0,23,None,66,1,5,False,10,10
16329,94,weighted,10,0.1916799363057325,0,23,None,66,1,5,False,10,10
16330,90,weighted,10,0.1945660828025477,0,32,None,66,1,5,False,10,10
16331,91,weighted,10,0.1994426751592356,0,32,None,66,1,5,False,10,10
16332,92,weighted,10,0.2063097133757961,0,32,None,66,1,5,False,10,10
16333,93,weighted,10,0.2157643312101911,0,32,None,66,1,5,False,10,10
16334,94,weighted,10,0.2244227707006369,0,32,None,66,1,5,False,10,10
19470,95,weighted,10,0.1806329617834395,0,1,None,66,1,5,False,10,10
19471,96,weighted,10,0.1840167197452229,0,1,None,66,1,5,False,10,10
19472,97,weighted,10,0.1877985668789809,0,1,None,66,1,5,False,10,10
19473,98,weighted,10,0.1934713375796178,0,1,None,66,1,5,False,10,10
19474,99,weighted,10,0.1968550955414012,0,1,None,66,1,5,False,10,10
19475,95,weighted,10,0.2018312101910828,0,2,None,66,1,5,False,10,10
19476,96,weighted,10,0.203125,0,2,None,66,1,5,False,10,10
19477,97,weighted,10,0.2032245222929936,0,2,None,66,1,5,False,10,10
19478,98,weighted,10,0.203921178343949,0,2,None,66,1,5,False,10,10
19479,99,weighted,10,0.2060111464968153,0,2,None,66,1,5,False,10,10
19480,95,weighted,10,0.2192476114649681,0,13,None,66,1,5,False,10,10
19481,96,weighted,10,0.213077229299363,0,13,None,66,1,5,False,10,10
19482,97,weighted,10,0.1861066878980891,0,13,None,66,1,5,False,10,10
19483,98,weighted,10,0.1874004777070063,0,13,None,66,1,5,False,10,10
19484,99,weighted,10,0.1886942675159235,0,13,None,66,1,5,False,10,10
19485,95,weighted,10,0.2167595541401273,0,15,None,66,1,5,False,10,10
19486,96,weighted,10,0.2273089171974522,0,15,None,66,1,5,False,10,10
19487,97,weighted,10,0.2081011146496815,0,15,None,66,1,5,False,10,10
19488,98,weighted,10,0.2086982484076433,0,15,None,66,1,5,False,10,10
19489,99,weighted,10,0.2105891719745223,0,15,None,66,1,5,False,10,10
19490,95,weighted,10,0.1806329617834395,0,16,None,66,1,5,False,10,10
19491,96,weighted,10,0.1852109872611465,0,16,None,66,1,5,False,10,10
19492,97,weighted,10,0.1878980891719745,0,16,None,66,1,5,False,10,10
19493,98,weighted,10,0.1902866242038216,0,16,None,66,1,5,False,10,10
19494,99,weighted,10,0.1939689490445859,0,16,None,66,1,5,False,10,10
19495,95,weighted,10,0.2528861464968153,0,11,None,66,1,5,False,10,10
19496,96,weighted,10,0.1990445859872611,0,11,None,66,1,5,False,10,10
19497,97,weighted,10,0.199343152866242,0,11,None,66,1,5,False,10,10
19498,98,weighted,10,0.2000398089171974,0,11,None,66,1,5,False,10,10
19499,99,weighted,10,0.201234076433121,0,11,None,66,1,5,False,10,10
19500,95,weighted,10,0.1865047770700637,0,14,None,66,1,5,False,10,10
19501,96,weighted,10,0.1888933121019108,0,14,None,66,1,5,False,10,10
19502,97,weighted,10,0.1940684713375796,0,14,None,66,1,5,False,10,10
19503,98,weighted,10,0.1988455414012739,0,14,None,66,1,5,False,10,10
19504,99,weighted,10,0.2028264331210191,0,14,None,66,1,5,False,10,10
19505,95,weighted,10,0.1987460191082802,0,17,None,66,1,5,False,10,10
19506,96,weighted,10,0.1987460191082802,0,17,None,66,1,5,False,10,10
19507,97,weighted,10,0.1987460191082802,0,17,None,66,1,5,False,10,10
19508,98,weighted,10,0.1986464968152866,0,17,None,66,1,5,False,10,10
19509,99,weighted,10,0.1987460191082802,0,17,None,66,1,5,False,10,10
19510,95,weighted,10,0.1793391719745223,0,25,None,66,1,5,False,10,10
19511,96,weighted,10,0.2313893312101911,0,25,None,66,1,5,False,10,10
19512,97,weighted,10,0.2445262738853503,0,25,None,66,1,5,False,10,10
19513,98,weighted,10,0.2368630573248407,0,25,None,66,1,5,False,10,10
19514,99,weighted,10,0.2294984076433121,0,25,None,66,1,5,False,10,10
19515,95,weighted,10,0.2028264331210191,0,26,None,66,1,5,False,10,10
19516,96,weighted,10,0.2043192675159235,0,26,None,66,1,5,False,10,10
19517,97,weighted,10,0.2032245222929936,0,26,None,66,1,5,False,10,10
19518,98,weighted,10,0.2018312101910828,0,26,None,66,1,5,False,10,10
19519,99,weighted,10,0.2042197452229299,0,26,None,66,1,5,False,10,10
19520,95,weighted,10,0.2071058917197452,0,12,None,66,1,5,False,10,10
19521,96,weighted,10,0.203921178343949,0,12,None,66,1,5,False,10,10
19522,97,weighted,10,0.2026273885350318,0,12,None,66,1,5,False,10,10
19523,98,weighted,10,0.2036226114649681,0,12,None,66,1,5,False,10,10
19524,99,weighted,10,0.2064092356687898,0,12,None,66,1,5,False,10,10
19525,95,weighted,10,0.201234076433121,0,28,None,66,1,5,False,10,10
19526,96,weighted,10,0.2026273885350318,0,28,None,66,1,5,False,10,10
19527,97,weighted,10,0.2049164012738853,0,28,None,66,1,5,False,10,10
19528,98,weighted,10,0.205812101910828,0,28,None,66,1,5,False,10,10
19529,99,weighted,10,0.2072054140127388,0,28,None,66,1,5,False,10,10
19530,95,weighted,10,0.2546775477707006,0,29,None,66,1,5,False,10,10
19531,96,weighted,10,0.2329816878980891,0,29,None,66,1,5,False,10,10
19532,97,weighted,10,0.2215366242038216,0,29,None,66,1,5,False,10,10
19533,98,weighted,10,0.2186504777070063,0,29,None,66,1,5,False,10,10
19534,99,weighted,10,0.2203423566878981,0,29,None,66,1,5,False,10,10
19535,95,weighted,10,0.2530851910828025,0,9,None,66,1,5,False,10,10
19536,96,weighted,10,0.2335788216560509,0,9,None,66,1,5,False,10,10
19537,97,weighted,10,0.1954617834394904,0,9,None,66,1,5,False,10,10
19538,98,weighted,10,0.1907842356687898,0,9,None,66,1,5,False,10,10
19539,99,weighted,10,0.1931727707006369,0,9,None,66,1,5,False,10,10
19540,95,weighted,10,0.1851114649681528,0,30,None,66,1,5,False,10,10
19541,96,weighted,10,0.2022292993630573,0,30,None,66,1,5,False,10,10
19542,97,weighted,10,0.1957603503184713,0,30,None,66,1,5,False,10,10
19543,98,weighted,10,0.1965565286624203,0,30,None,66,1,5,False,10,10
19544,99,weighted,10,0.1979498407643312,0,30,None,66,1,5,False,10,10
19545,95,weighted,10,0.2127786624203821,0,18,None,66,1,5,False,10,10
19546,96,weighted,10,0.2017316878980891,0,18,None,66,1,5,False,10,10
19547,97,weighted,10,0.2028264331210191,0,18,None,66,1,5,False,10,10
19548,98,weighted,10,0.2016321656050955,0,18,None,66,1,5,False,10,10
19549,99,weighted,10,0.2005374203821656,0,18,None,66,1,5,False,10,10
19550,95,weighted,10,0.2204418789808917,0,27,None,66,1,5,False,10,10
19551,96,weighted,10,0.2137738853503184,0,27,None,66,1,5,False,10,10
19552,97,weighted,10,0.2105891719745223,0,27,None,66,1,5,False,10,10
19553,98,weighted,10,0.2079020700636942,0,27,None,66,1,5,False,10,10
19554,99,weighted,10,0.2080015923566879,0,27,None,66,1,5,False,10,10
19555,95,weighted,10,0.213077229299363,0,31,None,66,1,5,False,10,10
19556,96,weighted,10,0.2183519108280254,0,31,None,66,1,5,False,10,10
19557,97,weighted,10,0.2257165605095541,0,31,None,66,1,5,False,10,10
19558,98,weighted,10,0.2329816878980891,0,31,None,66,1,5,False,10,10
19559,99,weighted,10,0.2384554140127388,0,31,None,66,1,5,False,10,10
19560,95,weighted,10,0.23328025477707,0,7,None,66,1,5,False,10,10
19561,96,weighted,10,0.2280055732484076,0,7,None,66,1,5,False,10,10
19562,97,weighted,10,0.2258160828025477,0,7,None,66,1,5,False,10,10
19563,98,weighted,10,0.2282046178343949,0,7,None,66,1,5,False,10,10
19564,99,weighted,10,0.2269108280254777,0,7,None,66,1,5,False,10,10
19565,95,weighted,10,0.2221337579617834,0,5,None,66,1,5,False,10,10
19566,96,weighted,10,0.2101910828025477,0,5,None,66,1,5,False,10,10
19567,97,weighted,10,0.2062101910828025,0,5,None,66,1,5,False,10,10
19568,98,weighted,10,0.2033240445859872,0,5,None,66,1,5,False,10,10
19569,99,weighted,10,0.2019307324840764,0,5,None,66,1,5,False,10,10
19570,95,weighted,10,0.1840167197452229,0,6,None,66,1,5,False,10,10
19571,96,weighted,10,0.1884952229299363,0,6,None,66,1,5,False,10,10
19572,97,weighted,10,0.1903861464968153,0,6,None,66,1,5,False,10,10
19573,98,weighted,10,0.1926751592356688,0,6,None,66,1,5,False,10,10
19574,99,weighted,10,0.1937699044585987,0,6,None,66,1,5,False,10,10
19575,95,weighted,10,0.2036226114649681,0,3,None,66,1,5,False,10,10
19576,96,weighted,10,0.2051154458598726,0,3,None,66,1,5,False,10,10
19577,97,weighted,10,0.205812101910828,0,3,None,66,1,5,False,10,10
19578,98,weighted,10,0.2075039808917197,0,3,None,66,1,5,False,10,10
19579,99,weighted,10,0.2093949044585987,0,3,None,66,1,5,False,10,10
19580,95,weighted,10,0.2118829617834395,0,8,None,66,1,5,False,10,10
19581,96,weighted,10,0.214171974522293,0,8,None,66,1,5,False,10,10
19582,97,weighted,10,0.216859076433121,0,8,None,66,1,5,False,10,10
19583,98,weighted,10,0.2261146496815286,0,8,None,66,1,5,False,10,10
19584,99,weighted,10,0.2614450636942675,0,8,None,66,1,5,False,10,10
19585,95,weighted,10,0.2006369426751592,0,10,None,66,1,5,False,10,10
19586,96,weighted,10,0.2006369426751592,0,10,None,66,1,5,False,10,10
19587,97,weighted,10,0.2011345541401273,0,10,None,66,1,5,False,10,10
19588,98,weighted,10,0.2028264331210191,0,10,None,66,1,5,False,10,10
19589,99,weighted,10,0.2042197452229299,0,10,None,66,1,5,False,10,10
19590,95,weighted,10,0.1790406050955414,0,22,None,66,1,5,False,10,10
19591,96,weighted,10,0.1832205414012739,0,22,None,66,1,5,False,10,10
19592,97,weighted,10,0.1883957006369426,0,22,None,66,1,5,False,10,10
19593,98,weighted,10,0.192078025477707,0,22,None,66,1,5,False,10,10
19594,99,weighted,10,0.1996417197452229,0,22,None,66,1,5,False,10,10
19595,95,weighted,10,0.2047173566878981,0,20,None,66,1,5,False,10,10
19596,96,weighted,10,0.2051154458598726,0,20,None,66,1,5,False,10,10
19597,97,weighted,10,0.214171974522293,0,20,None,66,1,5,False,10,10
19598,98,weighted,10,0.2009355095541401,0,20,None,66,1,5,False,10,10
19599,99,weighted,10,0.1988455414012739,0,20,None,66,1,5,False,10,10
19600,95,weighted,10,0.2209394904458598,0,32,None,66,1,5,False,10,10
19601,96,weighted,10,0.2315883757961783,0,32,None,66,1,5,False,10,10
19602,97,weighted,10,0.2365644904458598,0,32,None,66,1,5,False,10,10
19603,98,weighted,10,0.2408439490445859,0,32,None,66,1,5,False,10,10
19604,99,weighted,10,0.2453224522292993,0,32,None,66,1,5,False,10,10
19605,95,weighted,10,0.1984474522292993,0,19,None,66,1,5,False,10,10
19606,96,weighted,10,0.1983479299363057,0,19,None,66,1,5,False,10,10
19607,97,weighted,10,0.2004378980891719,0,19,None,66,1,5,False,10,10
19608,98,weighted,10,0.2037221337579617,0,19,None,66,1,5,False,10,10
19609,99,weighted,10,0.2067078025477707,0,19,None,66,1,5,False,10,10
19610,95,weighted,10,0.2018312101910828,0,21,None,66,1,5,False,10,10
19611,96,weighted,10,0.208499203821656,0,21,None,66,1,5,False,10,10
19612,97,weighted,10,0.2162619426751592,0,21,None,66,1,5,False,10,10
19613,98,weighted,10,0.2559713375796178,0,21,None,66,1,5,False,10,10
19614,99,weighted,10,0.2125796178343949,0,21,None,66,1,5,False,10,10
19615,95,weighted,10,0.2093949044585987,0,0,None,66,1,5,False,10,10
19616,96,weighted,10,0.211186305732484,0,0,None,66,1,5,False,10,10
19617,97,weighted,10,0.2190485668789809,0,0,None,66,1,5,False,10,10
19618,98,weighted,10,0.2461186305732484,0,0,None,66,1,5,False,10,10
19619,99,weighted,10,0.1917794585987261,0,0,None,66,1,5,False,10,10
19620,95,weighted,10,0.2164609872611465,0,24,None,66,1,5,False,10,10
19621,96,weighted,10,0.2055135350318471,0,24,None,66,1,5,False,10,10
19622,97,weighted,10,0.1939689490445859,0,24,None,66,1,5,False,10,10
19623,98,weighted,10,0.1934713375796178,0,24,None,66,1,5,False,10,10
19624,99,weighted,10,0.1932722929936305,0,24,None,66,1,5,False,10,10
19625,95,weighted,10,0.2073049363057325,0,23,None,66,1,5,False,10,10
19626,96,weighted,10,0.2089968152866242,0,23,None,66,1,5,False,10,10
19627,97,weighted,10,0.2113853503184713,0,23,None,66,1,5,False,10,10
19628,98,weighted,10,0.2181528662420382,0,23,None,66,1,5,False,10,10
19629,99,weighted,10,0.2217356687898089,0,23,None,66,1,5,False,10,10
19630,95,weighted,10,0.224124203821656,0,4,None,66,1,5,False,10,10
19631,96,weighted,10,0.2301950636942675,0,4,None,66,1,5,False,10,10
19632,97,weighted,10,0.2358678343949044,0,4,None,66,1,5,False,10,10
19633,98,weighted,10,0.2444267515923567,0,4,None,66,1,5,False,10,10
19634,99,weighted,10,0.2562699044585987,0,4,None,66,1,5,False,10,10
19635,100,weighted,10,0.1958598726114649,0,1,None,66,1,5,False,10,10
19636,101,weighted,10,0.201234076433121,0,1,None,66,1,5,False,10,10
19637,102,weighted,10,0.2071058917197452,0,1,None,66,1,5,False,10,10
19638,103,weighted,10,0.2113853503184713,0,1,None,66,1,5,False,10,10
19639,104,weighted,10,0.2171576433121019,0,1,None,66,1,5,False,10,10
19640,100,weighted,10,0.2093949044585987,0,2,None,66,1,5,False,10,10
19641,101,weighted,10,0.2134753184713375,0,2,None,66,1,5,False,10,10
19642,102,weighted,10,0.2160628980891719,0,2,None,66,1,5,False,10,10
19643,103,weighted,10,0.2186504777070063,0,2,None,66,1,5,False,10,10
19644,104,weighted,10,0.2244227707006369,0,2,None,66,1,5,False,10,10
19645,100,weighted,10,0.2002388535031847,0,16,None,66,1,5,False,10,10
19646,101,weighted,10,0.2025278662420382,0,16,None,66,1,5,False,10,10
19647,102,weighted,10,0.2047173566878981,0,16,None,66,1,5,False,10,10
19648,103,weighted,10,0.2064092356687898,0,16,None,66,1,5,False,10,10
19649,104,weighted,10,0.2097929936305732,0,16,None,66,1,5,False,10,10
19650,100,weighted,10,0.2212380573248407,0,8,None,66,1,5,False,10,10
19651,101,weighted,10,0.2323845541401273,0,8,None,66,1,5,False,10,10
19652,102,weighted,10,0.2585589171974522,0,8,None,66,1,5,False,10,10
19653,103,weighted,10,0.2829418789808917,0,8,None,66,1,5,False,10,10
19654,104,weighted,10,0.2310907643312102,0,8,None,66,1,5,False,10,10
19655,100,weighted,10,0.2150676751592356,0,18,None,66,1,5,False,10,10
19656,101,weighted,10,0.2129777070063694,0,18,None,66,1,5,False,10,10
19657,102,weighted,10,0.2116839171974522,0,18,None,66,1,5,False,10,10
19658,103,weighted,10,0.2116839171974522,0,18,None,66,1,5,False,10,10
19659,104,weighted,10,0.2115843949044586,0,18,None,66,1,5,False,10,10
19660,100,weighted,10,0.2162619426751592,0,25,None,66,1,5,False,10,10
19661,101,weighted,10,0.2196457006369426,0,25,None,66,1,5,False,10,10
19662,102,weighted,10,0.2232285031847133,0,25,None,66,1,5,False,10,10
19663,103,weighted,10,0.2291003184713375,0,25,None,66,1,5,False,10,10
19664,104,weighted,10,0.237858280254777,0,25,None,66,1,5,False,10,10
19665,100,weighted,10,0.2502985668789809,0,13,None,66,1,5,False,10,10
19666,101,weighted,10,0.1900875796178344,0,13,None,66,1,5,False,10,10
19667,102,weighted,10,0.1911823248407643,0,13,None,66,1,5,False,10,10
19668,103,weighted,10,0.1916799363057325,0,13,None,66,1,5,False,10,10
19669,104,weighted,10,0.1921775477707006,0,13,None,66,1,5,False,10,10
19670,100,weighted,10,0.21765525477707,0,23,None,66,1,5,False,10,10
19671,101,weighted,10,0.2198447452229299,0,23,None,66,1,5,False,10,10
19672,102,weighted,10,0.2217356687898089,0,23,None,66,1,5,False,10,10
19673,103,weighted,10,0.2253184713375796,0,23,None,66,1,5,False,10,10
19674,104,weighted,10,0.2550756369426751,0,23,None,66,1,5,False,10,10
19675,100,weighted,10,0.2423367834394904,0,31,None,66,1,5,False,10,10
19676,101,weighted,10,0.2452229299363057,0,31,None,66,1,5,False,10,10
19677,102,weighted,10,0.2515923566878981,0,31,None,66,1,5,False,10,10
19678,103,weighted,10,0.2577627388535032,0,31,None,66,1,5,False,10,10
19679,104,weighted,10,0.2650278662420382,0,31,None,66,1,5,False,10,10
19680,100,weighted,10,0.2134753184713375,0,27,None,66,1,5,False,10,10
19681,101,weighted,10,0.2110867834394904,0,27,None,66,1,5,False,10,10
19682,102,weighted,10,0.2115843949044586,0,27,None,66,1,5,False,10,10
19683,103,weighted,10,0.2078025477707006,0,27,None,66,1,5,False,10,10
19684,104,weighted,10,0.2075039808917197,0,27,None,66,1,5,False,10,10
19685,100,weighted,10,0.2026273885350318,0,28,None,66,1,5,False,10,10
19686,101,weighted,10,0.2034235668789809,0,28,None,66,1,5,False,10,10
19687,102,weighted,10,0.2061106687898089,0,28,None,66,1,5,False,10,10
19688,103,weighted,10,0.2158638535031847,0,28,None,66,1,5,False,10,10
19689,104,weighted,10,0.270999203821656,0,28,None,66,1,5,False,10,10
19690,100,weighted,10,0.2563694267515923,0,29,None,66,1,5,False,10,10
19691,101,weighted,10,0.2680135350318471,0,29,None,66,1,5,False,10,10
19692,102,weighted,10,0.2729896496815286,0,29,None,66,1,5,False,10,10
19693,103,weighted,10,0.277468152866242,0,29,None,66,1,5,False,10,10
19694,104,weighted,10,0.2817476114649681,0,29,None,66,1,5,False,10,10
19695,100,weighted,10,0.2641321656050955,0,9,None,66,1,5,False,10,10
19696,101,weighted,10,0.2115843949044586,0,9,None,66,1,5,False,10,10
19697,102,weighted,10,0.1970541401273885,0,9,None,66,1,5,False,10,10
19698,103,weighted,10,0.198546974522293,0,9,None,66,1,5,False,10,10
19699,104,weighted,10,0.2011345541401273,0,9,None,66,1,5,False,10,10
19700,100,weighted,10,0.2505971337579618,0,15,None,66,1,5,False,10,10
19701,101,weighted,10,0.2178542993630573,0,15,None,66,1,5,False,10,10
19702,102,weighted,10,0.2208399681528662,0,15,None,66,1,5,False,10,10
19703,103,weighted,10,0.224124203821656,0,15,None,66,1,5,False,10,10
19704,104,weighted,10,0.2282046178343949,0,15,None,66,1,5,False,10,10
19705,100,weighted,10,0.2135748407643312,0,20,None,66,1,5,False,10,10
19706,101,weighted,10,0.2127786624203821,0,20,None,66,1,5,False,10,10
19707,102,weighted,10,0.2091958598726114,0,20,None,66,1,5,False,10,10
19708,103,weighted,10,0.2053144904458598,0,20,None,66,1,5,False,10,10
19709,104,weighted,10,0.2025278662420382,0,20,None,66,1,5,False,10,10
19710,100,weighted,10,0.2314888535031847,0,32,None,66,1,5,False,10,10
19711,101,weighted,10,0.2513933121019108,0,32,None,66,1,5,False,10,10
19712,102,weighted,10,0.2604498407643312,0,32,None,66,1,5,False,10,10
19713,103,weighted,10,0.265625,0,32,None,66,1,5,False,10,10
19714,104,weighted,10,0.2718949044585987,0,32,None,66,1,5,False,10,10
19715,100,weighted,10,0.2064092356687898,0,10,None,66,1,5,False,10,10
19716,101,weighted,10,0.2067078025477707,0,10,None,66,1,5,False,10,10
19717,102,weighted,10,0.2088972929936305,0,10,None,66,1,5,False,10,10
19718,103,weighted,10,0.210390127388535,0,10,None,66,1,5,False,10,10
19719,104,weighted,10,0.2114848726114649,0,10,None,66,1,5,False,10,10
19720,100,weighted,10,0.210390127388535,0,3,None,66,1,5,False,10,10
19721,101,weighted,10,0.2123805732484076,0,3,None,66,1,5,False,10,10
19722,102,weighted,10,0.2151671974522293,0,3,None,66,1,5,False,10,10
19723,103,weighted,10,0.2173566878980891,0,3,None,66,1,5,False,10,10
19724,104,weighted,10,0.2213375796178344,0,3,None,66,1,5,False,10,10
19725,100,weighted,10,0.2070063694267516,0,11,None,66,1,5,False,10,10
19726,101,weighted,10,0.2070063694267516,0,11,None,66,1,5,False,10,10
19727,102,weighted,10,0.2085987261146497,0,11,None,66,1,5,False,10,10
19728,103,weighted,10,0.2121815286624203,0,11,None,66,1,5,False,10,10
19729,104,weighted,10,0.2156648089171974,0,11,None,66,1,5,False,10,10
19730,100,weighted,10,0.2023288216560509,0,17,None,66,1,5,False,10,10
19731,101,weighted,10,0.2015326433121019,0,17,None,66,1,5,False,10,10
19732,102,weighted,10,0.2027269108280254,0,17,None,66,1,5,False,10,10
19733,103,weighted,10,0.2051154458598726,0,17,None,66,1,5,False,10,10
19734,104,weighted,10,0.2061106687898089,0,17,None,66,1,5,False,10,10
19735,100,weighted,10,0.2182523885350318,0,19,None,66,1,5,False,10,10
19736,101,weighted,10,0.2202428343949044,0,19,None,66,1,5,False,10,10
19737,102,weighted,10,0.2223328025477707,0,19,None,66,1,5,False,10,10
19738,103,weighted,10,0.2270103503184713,0,19,None,66,1,5,False,10,10
19739,104,weighted,10,0.2302945859872611,0,19,None,66,1,5,False,10,10
19740,100,weighted,10,0.2124800955414012,0,21,None,66,1,5,False,10,10
19741,101,weighted,10,0.222233280254777,0,21,None,66,1,5,False,10,10
19742,102,weighted,10,0.2320859872611465,0,21,None,66,1,5,False,10,10
19743,103,weighted,10,0.2116839171974522,0,21,None,66,1,5,False,10,10
19744,104,weighted,10,0.2145700636942675,0,21,None,66,1,5,False,10,10
19745,100,weighted,10,0.2005374203821656,0,24,None,66,1,5,False,10,10
19746,101,weighted,10,0.1943670382165605,0,24,None,66,1,5,False,10,10
19747,102,weighted,10,0.1952627388535031,0,24,None,66,1,5,False,10,10
19748,103,weighted,10,0.1968550955414012,0,24,None,66,1,5,False,10,10
19749,104,weighted,10,0.1990445859872611,0,24,None,66,1,5,False,10,10
19750,100,weighted,10,0.2140724522292993,0,0,None,66,1,5,False,10,10
19751,101,weighted,10,0.2560708598726114,0,0,None,66,1,5,False,10,10
19752,102,weighted,10,0.1961584394904458,0,0,None,66,1,5,False,10,10
19753,103,weighted,10,0.1946656050955414,0,0,None,66,1,5,False,10,10
19754,104,weighted,10,0.1954617834394904,0,0,None,66,1,5,False,10,10
19755,100,weighted,10,0.2099920382165605,0,22,None,66,1,5,False,10,10
19756,101,weighted,10,0.2127786624203821,0,22,None,66,1,5,False,10,10
19757,102,weighted,10,0.2177547770700637,0,22,None,66,1,5,False,10,10
19758,103,weighted,10,0.2225318471337579,0,22,None,66,1,5,False,10,10
19759,104,weighted,10,0.2267117834394904,0,22,None,66,1,5,False,10,10
19760,100,weighted,10,0.2283041401273885,0,5,None,66,1,5,False,10,10
19761,101,weighted,10,0.2107882165605095,0,5,None,66,1,5,False,10,10
19762,102,weighted,10,0.2068073248407643,0,5,None,66,1,5,False,10,10
19763,103,weighted,10,0.2069068471337579,0,5,None,66,1,5,False,10,10
19764,104,weighted,10,0.2080015923566879,0,5,None,66,1,5,False,10,10
19765,100,weighted,10,0.2382563694267516,0,4,None,66,1,5,False,10,10
19766,101,weighted,10,0.2478105095541401,0,4,None,66,1,5,False,10,10
19767,102,weighted,10,0.2676154458598726,0,4,None,66,1,5,False,10,10
19768,103,weighted,10,0.313296178343949,0,4,None,66,1,5,False,10,10
19769,104,weighted,10,0.2828423566878981,0,4,None,66,1,5,False,10,10
19770,100,weighted,10,0.1988455414012739,0,6,None,66,1,5,False,10,10
19771,101,weighted,10,0.1989450636942675,0,6,None,66,1,5,False,10,10
19772,102,weighted,10,0.2013335987261146,0,6,None,66,1,5,False,10,10
19773,103,weighted,10,0.2033240445859872,0,6,None,66,1,5,False,10,10
19774,104,weighted,10,0.2041202229299363,0,6,None,66,1,5,False,10,10
19775,100,weighted,10,0.2433320063694267,0,7,None,66,1,5,False,10,10
19776,101,weighted,10,0.2474124203821656,0,7,None,66,1,5,False,10,10
19777,102,weighted,10,0.2586584394904458,0,7,None,66,1,5,False,10,10
19778,103,weighted,10,0.2777667197452229,0,7,None,66,1,5,False,10,10
19779,104,weighted,10,0.2884156050955414,0,7,None,66,1,5,False,10,10
19780,100,weighted,10,0.2156648089171974,0,12,None,66,1,5,False,10,10
19781,101,weighted,10,0.2135748407643312,0,12,None,66,1,5,False,10,10
19782,102,weighted,10,0.214171974522293,0,12,None,66,1,5,False,10,10
19783,103,weighted,10,0.2172571656050955,0,12,None,66,1,5,False,10,10
19784,104,weighted,10,0.2216361464968153,0,12,None,66,1,5,False,10,10
19785,100,weighted,10,0.2204418789808917,0,26,None,66,1,5,False,10,10
19786,101,weighted,10,0.2172571656050955,0,26,None,66,1,5,False,10,10
19787,102,weighted,10,0.216859076433121,0,26,None,66,1,5,False,10,10
19788,103,weighted,10,0.2158638535031847,0,26,None,66,1,5,False,10,10
19789,104,weighted,10,0.2182523885350318,0,26,None,66,1,5,False,10,10
19790,100,weighted,10,0.2044187898089172,0,14,None,66,1,5,False,10,10
19791,101,weighted,10,0.2094944267515923,0,14,None,66,1,5,False,10,10
19792,102,weighted,10,0.2152667197452229,0,14,None,66,1,5,False,10,10
19793,103,weighted,10,0.2203423566878981,0,14,None,66,1,5,False,10,10
19794,104,weighted,10,0.2238256369426751,0,14,None,66,1,5,False,10,10
19795,100,weighted,10,0.1934713375796178,0,30,None,66,1,5,False,10,10
19796,101,weighted,10,0.210390127388535,0,30,None,66,1,5,False,10,10
19797,102,weighted,10,0.2070063694267516,0,30,None,66,1,5,False,10,10
19798,103,weighted,10,0.2128781847133758,0,30,None,66,1,5,False,10,10
19799,104,weighted,10,0.2207404458598726,0,30,None,66,1,5,False,10,10
23265,105,weighted,10,0.2162619426751592,0,16,None,66,1,5,False,10,10
23266,106,weighted,10,0.2173566878980891,0,16,None,66,1,5,False,10,10
23267,107,weighted,10,0.2204418789808917,0,16,None,66,1,5,False,10,10
23268,108,weighted,10,0.2255175159235669,0,16,None,66,1,5,False,10,10
23269,109,weighted,10,0.2380573248407643,0,16,None,66,1,5,False,10,10
23270,105,weighted,10,0.2876194267515923,0,8,None,66,1,5,False,10,10
23271,106,weighted,10,0.2375597133757961,0,8,None,66,1,5,False,10,10
23272,107,weighted,10,0.2421377388535031,0,8,None,66,1,5,False,10,10
23273,108,weighted,10,0.2478105095541401,0,8,None,66,1,5,False,10,10
23274,109,weighted,10,0.257265127388535,0,8,None,66,1,5,False,10,10
23275,105,weighted,10,0.2280055732484076,0,14,None,66,1,5,False,10,10
23276,106,weighted,10,0.2300955414012739,0,14,None,66,1,5,False,10,10
23277,107,weighted,10,0.2339769108280254,0,14,None,66,1,5,False,10,10
23278,108,weighted,10,0.2386544585987261,0,14,None,66,1,5,False,10,10
23279,109,weighted,10,0.2428343949044586,0,14,None,66,1,5,False,10,10
23280,105,weighted,10,0.242436305732484,0,22,None,66,1,5,False,10,10
23281,106,weighted,10,0.2437300955414012,0,22,None,66,1,5,False,10,10
23282,107,weighted,10,0.245421974522293,0,22,None,66,1,5,False,10,10
23283,108,weighted,10,0.248109076433121,0,22,None,66,1,5,False,10,10
23284,109,weighted,10,0.251890923566879,0,22,None,66,1,5,False,10,10
23285,105,weighted,10,0.2410429936305732,0,23,None,66,1,5,False,10,10
23286,106,weighted,10,0.2414410828025477,0,23,None,66,1,5,False,10,10
23287,107,weighted,10,0.2458200636942675,0,23,None,66,1,5,False,10,10
23288,108,weighted,10,0.2809514331210191,0,23,None,66,1,5,False,10,10
23289,109,weighted,10,0.2515923566878981,0,23,None,66,1,5,False,10,10
23290,105,weighted,10,0.2615445859872611,0,25,None,66,1,5,False,10,10
23291,106,weighted,10,0.2871218152866242,0,25,None,66,1,5,False,10,10
23292,107,weighted,10,0.3040406050955414,0,25,None,66,1,5,False,10,10
23293,108,weighted,10,0.3063296178343949,0,25,None,66,1,5,False,10,10
23294,109,weighted,10,0.2971735668789809,0,25,None,66,1,5,False,10,10
23295,105,weighted,10,0.2598527070063694,0,26,None,66,1,5,False,10,10
23296,106,weighted,10,0.2444267515923567,0,26,None,66,1,5,False,10,10
23297,107,weighted,10,0.2425358280254777,0,26,None,66,1,5,False,10,10
23298,108,weighted,10,0.2441281847133758,0,26,None,66,1,5,False,10,10
23299,109,weighted,10,0.2485071656050955,0,26,None,66,1,5,False,10,10
23300,105,weighted,10,0.2015326433121019,0,29,None,66,1,5,False,10,10
23301,106,weighted,10,0.2047173566878981,0,29,None,66,1,5,False,10,10
23302,107,weighted,10,0.2117834394904458,0,29,None,66,1,5,False,10,10
23303,108,weighted,10,0.2175557324840764,0,29,None,66,1,5,False,10,10
23304,109,weighted,10,0.2237261146496815,0,29,None,66,1,5,False,10,10
23305,105,weighted,10,0.2219347133757961,0,30,None,66,1,5,False,10,10
23306,106,weighted,10,0.2546775477707006,0,30,None,66,1,5,False,10,10
23307,107,weighted,10,0.2724920382165605,0,30,None,66,1,5,False,10,10
23308,108,weighted,10,0.2795581210191082,0,30,None,66,1,5,False,10,10
23309,109,weighted,10,0.2843351910828025,0,30,None,66,1,5,False,10,10
23310,105,weighted,10,0.2167595541401273,0,6,None,66,1,5,False,10,10
23311,106,weighted,10,0.2162619426751592,0,6,None,66,1,5,False,10,10
23312,107,weighted,10,0.214968152866242,0,6,None,66,1,5,False,10,10
23313,108,weighted,10,0.2132762738853503,0,6,None,66,1,5,False,10,10
23314,109,weighted,10,0.214968152866242,0,6,None,66,1,5,False,10,10
23315,105,weighted,10,0.274781050955414,0,31,None,66,1,5,False,10,10
23316,106,weighted,10,0.3219546178343949,0,31,None,66,1,5,False,10,10
23317,107,weighted,10,0.3361863057324841,0,31,None,66,1,5,False,10,10
23318,108,weighted,10,0.3335987261146497,0,31,None,66,1,5,False,10,10
23319,109,weighted,10,0.3161823248407643,0,31,None,66,1,5,False,10,10
23320,105,weighted,10,0.2519904458598726,0,27,None,66,1,5,False,10,10
23321,106,weighted,10,0.2501990445859872,0,27,None,66,1,5,False,10,10
23322,107,weighted,10,0.2551751592356688,0,27,None,66,1,5,False,10,10
23323,108,weighted,10,0.2630374203821656,0,27,None,66,1,5,False,10,10
23324,109,weighted,10,0.272890127388535,0,27,None,66,1,5,False,10,10
23325,105,weighted,10,0.2078025477707006,0,1,None,66,1,5,False,10,10
23326,106,weighted,10,0.2132762738853503,0,1,None,66,1,5,False,10,10
23327,107,weighted,10,0.2244227707006369,0,1,None,66,1,5,False,10,10
23328,108,weighted,10,0.2388535031847133,0,1,None,66,1,5,False,10,10
23329,109,weighted,10,0.2496019108280254,0,1,None,66,1,5,False,10,10
23330,105,weighted,10,0.2010350318471337,0,13,None,66,1,5,False,10,10
23331,106,weighted,10,0.1941679936305732,0,13,None,66,1,5,False,10,10
23332,107,weighted,10,0.1929737261146497,0,13,None,66,1,5,False,10,10
23333,108,weighted,10,0.1938694267515923,0,13,None,66,1,5,False,10,10
23334,109,weighted,10,0.1963574840764331,0,13,None,66,1,5,False,10,10
23335,105,weighted,10,0.2360668789808917,0,19,None,66,1,5,False,10,10
23336,106,weighted,10,0.2402468152866242,0,19,None,66,1,5,False,10,10
23337,107,weighted,10,0.2460191082802547,0,19,None,66,1,5,False,10,10
23338,108,weighted,10,0.2533837579617834,0,19,None,66,1,5,False,10,10
23339,109,weighted,10,0.2643312101910828,0,19,None,66,1,5,False,10,10
23340,105,weighted,10,0.2685111464968153,0,21,None,66,1,5,False,10,10
23341,106,weighted,10,0.2186504777070063,0,21,None,66,1,5,False,10,10
23342,107,weighted,10,0.2188495222929936,0,21,None,66,1,5,False,10,10
23343,108,weighted,10,0.2227308917197452,0,21,None,66,1,5,False,10,10
23344,109,weighted,10,0.226811305732484,0,21,None,66,1,5,False,10,10
23345,105,weighted,10,0.2119824840764331,0,24,None,66,1,5,False,10,10
23346,106,weighted,10,0.2127786624203821,0,24,None,66,1,5,False,10,10
23347,107,weighted,10,0.2157643312101911,0,24,None,66,1,5,False,10,10
23348,108,weighted,10,0.2242237261146497,0,24,None,66,1,5,False,10,10
23349,109,weighted,10,0.252687101910828,0,24,None,66,1,5,False,10,10
23350,105,weighted,10,0.2291003184713375,0,2,None,66,1,5,False,10,10
23351,106,weighted,10,0.2346735668789809,0,2,None,66,1,5,False,10,10
23352,107,weighted,10,0.2387539808917197,0,2,None,66,1,5,False,10,10
23353,108,weighted,10,0.2442277070063694,0,2,None,66,1,5,False,10,10
23354,109,weighted,10,0.2508957006369426,0,2,None,66,1,5,False,10,10
23355,105,weighted,10,0.224124203821656,0,0,None,66,1,5,False,10,10
23356,106,weighted,10,0.2054140127388535,0,0,None,66,1,5,False,10,10
23357,107,weighted,10,0.2047173566878981,0,0,None,66,1,5,False,10,10
23358,108,weighted,10,0.2017316878980891,0,0,None,66,1,5,False,10,10
23359,109,weighted,10,0.2007364649681528,0,0,None,66,1,5,False,10,10
23360,105,weighted,10,0.2090963375796178,0,5,None,66,1,5,False,10,10
23361,106,weighted,10,0.2158638535031847,0,5,None,66,1,5,False,10,10
23362,107,weighted,10,0.2490047770700637,0,5,None,66,1,5,False,10,10
23363,108,weighted,10,0.2725915605095541,0,5,None,66,1,5,False,10,10
23364,109,weighted,10,0.2828423566878981,0,5,None,66,1,5,False,10,10
23365,105,weighted,10,0.2267117834394904,0,3,None,66,1,5,False,10,10
23366,106,weighted,10,0.2313893312101911,0,3,None,66,1,5,False,10,10
23367,107,weighted,10,0.2359673566878981,0,3,None,66,1,5,False,10,10
23368,108,weighted,10,0.2408439490445859,0,3,None,66,1,5,False,10,10
23369,109,weighted,10,0.2466162420382165,0,3,None,66,1,5,False,10,10
23370,105,weighted,10,0.2109872611464968,0,9,None,66,1,5,False,10,10
23371,106,weighted,10,0.2137738853503184,0,9,None,66,1,5,False,10,10
23372,107,weighted,10,0.2162619426751592,0,9,None,66,1,5,False,10,10
23373,108,weighted,10,0.2161624203821656,0,9,None,66,1,5,False,10,10
23374,109,weighted,10,0.2183519108280254,0,9,None,66,1,5,False,10,10
23375,105,weighted,10,0.2162619426751592,0,10,None,66,1,5,False,10,10
23376,106,weighted,10,0.2192476114649681,0,10,None,66,1,5,False,10,10
23377,107,weighted,10,0.2237261146496815,0,10,None,66,1,5,False,10,10
23378,108,weighted,10,0.2283041401273885,0,10,None,66,1,5,False,10,10
23379,109,weighted,10,0.2333797770700637,0,10,None,66,1,5,False,10,10
23380,105,weighted,10,0.2230294585987261,0,11,None,66,1,5,False,10,10
23381,106,weighted,10,0.2250199044585987,0,11,None,66,1,5,False,10,10
23382,107,weighted,10,0.2310907643312102,0,11,None,66,1,5,False,10,10
23383,108,weighted,10,0.2353702229299363,0,11,None,66,1,5,False,10,10
23384,109,weighted,10,0.2401472929936305,0,11,None,66,1,5,False,10,10
23385,105,weighted,10,0.3298168789808917,0,15,None,66,1,5,False,10,10
23386,106,weighted,10,0.2517914012738853,0,15,None,66,1,5,False,10,10
23387,107,weighted,10,0.2500995222929936,0,15,None,66,1,5,False,10,10
23388,108,weighted,10,0.2546775477707006,0,15,None,66,1,5,False,10,10
23389,109,weighted,10,0.2615445859872611,0,15,None,66,1,5,False,10,10
23390,105,weighted,10,0.2291003184713375,0,12,None,66,1,5,False,10,10
23391,106,weighted,10,0.2326831210191083,0,12,None,66,1,5,False,10,10
23392,107,weighted,10,0.2358678343949044,0,12,None,66,1,5,False,10,10
23393,108,weighted,10,0.2400477707006369,0,12,None,66,1,5,False,10,10
23394,109,weighted,10,0.2457205414012739,0,12,None,66,1,5,False,10,10
23395,105,weighted,10,0.2160628980891719,0,17,None,66,1,5,False,10,10
23396,106,weighted,10,0.2161624203821656,0,17,None,66,1,5,False,10,10
23397,107,weighted,10,0.2155652866242038,0,17,None,66,1,5,False,10,10
23398,108,weighted,10,0.2140724522292993,0,17,None,66,1,5,False,10,10
23399,109,weighted,10,0.2142714968152866,0,17,None,66,1,5,False,10,10
23400,105,weighted,10,0.2319864649681528,0,18,None,66,1,5,False,10,10
23401,106,weighted,10,0.2295979299363057,0,18,None,66,1,5,False,10,10
23402,107,weighted,10,0.2299960191082802,0,18,None,66,1,5,False,10,10
23403,108,weighted,10,0.2527866242038216,0,18,None,66,1,5,False,10,10
23404,109,weighted,10,0.2811504777070063,0,18,None,66,1,5,False,10,10
23405,105,weighted,10,0.2206409235668789,0,28,None,66,1,5,False,10,10
23406,106,weighted,10,0.2700039808917197,0,28,None,66,1,5,False,10,10
23407,107,weighted,10,0.246218152866242,0,28,None,66,1,5,False,10,10
23408,108,weighted,10,0.2144705414012739,0,28,None,66,1,5,False,10,10
23409,109,weighted,10,0.2161624203821656,0,28,None,66,1,5,False,10,10
23410,105,weighted,10,0.2238256369426751,0,20,None,66,1,5,False,10,10
23411,106,weighted,10,0.2303941082802547,0,20,None,66,1,5,False,10,10
23412,107,weighted,10,0.28125,0,20,None,66,1,5,False,10,10
23413,108,weighted,10,0.2330812101910828,0,20,None,66,1,5,False,10,10
23414,109,weighted,10,0.245421974522293,0,20,None,66,1,5,False,10,10
23415,110,weighted,10,0.2590565286624204,0,25,None,66,1,5,False,10,10
23416,111,weighted,10,0.2550756369426751,0,25,None,66,1,5,False,10,10
23417,112,weighted,10,0.259952229299363,0,25,None,66,1,5,False,10,10
23418,113,weighted,10,0.2674164012738853,0,25,None,66,1,5,False,10,10
23419,114,weighted,10,0.2706011146496815,0,25,None,66,1,5,False,10,10
23420,110,weighted,10,0.263734076433121,0,31,None,66,1,5,False,10,10
23421,111,weighted,10,0.2785628980891719,0,31,None,66,1,5,False,10,10
23422,112,weighted,10,0.3131966560509554,0,31,None,66,1,5,False,10,10
23423,113,weighted,10,0.3469347133757962,0,31,None,66,1,5,False,10,10
23424,114,weighted,10,0.3641520700636942,0,31,None,66,1,5,False,10,10
23425,105,weighted,10,0.2641321656050955,0,7,None,66,1,5,False,10,10
23426,106,weighted,10,0.2393511146496815,0,7,None,66,1,5,False,10,10
23427,107,weighted,10,0.2336783439490445,0,7,None,66,1,5,False,10,10
23428,108,weighted,10,0.2359673566878981,0,7,None,66,1,5,False,10,10
23429,109,weighted,10,0.2393511146496815,0,7,None,66,1,5,False,10,10
23430,105,weighted,10,0.2677149681528662,0,32,None,66,1,5,False,10,10
23431,106,weighted,10,0.293093152866242,0,32,None,66,1,5,False,10,10
23432,107,weighted,10,0.2960788216560509,0,32,None,66,1,5,False,10,10
23433,108,weighted,10,0.296875,0,32,None,66,1,5,False,10,10
23434,109,weighted,10,0.2999601910828025,0,32,None,66,1,5,False,10,10
23435,105,weighted,10,0.2630374203821656,0,4,None,66,1,5,False,10,10
23436,106,weighted,10,0.2508957006369426,0,4,None,66,1,5,False,10,10
23437,107,weighted,10,0.258359872611465,0,4,None,66,1,5,False,10,10
23438,108,weighted,10,0.2665207006369426,0,4,None,66,1,5,False,10,10
23439,109,weighted,10,0.2724920382165605,0,4,None,66,1,5,False,10,10
23440,110,weighted,10,0.3489251592356688,0,32,None,66,1,5,False,10,10
23441,111,weighted,10,0.3652468152866242,0,32,None,66,1,5,False,10,10
23442,112,weighted,10,0.3809713375796178,0,32,None,66,1,5,False,10,10
23443,113,weighted,10,0.3958001592356688,0,32,None,66,1,5,False,10,10
23444,114,weighted,10,0.4021695859872611,0,32,None,66,1,5,False,10,10
23445,110,weighted,10,0.2542794585987261,0,26,None,66,1,5,False,10,10
23446,111,weighted,10,0.2731886942675159,0,26,None,66,1,5,False,10,10
23447,112,weighted,10,0.293093152866242,0,26,None,66,1,5,False,10,10
23448,113,weighted,10,0.3089171974522293,0,26,None,66,1,5,False,10,10
23449,114,weighted,10,0.3282245222929936,0,26,None,66,1,5,False,10,10
23450,110,weighted,10,0.2264132165605095,0,6,None,66,1,5,False,10,10
23451,111,weighted,10,0.2242237261146497,0,6,None,66,1,5,False,10,10
23452,112,weighted,10,0.2284036624203821,0,6,None,66,1,5,False,10,10
23453,113,weighted,10,0.2379578025477707,0,6,None,66,1,5,False,10,10
23454,114,weighted,10,0.252687101910828,0,6,None,66,1,5,False,10,10
23455,110,weighted,10,0.2948845541401274,0,30,None,66,1,5,False,10,10
23456,111,weighted,10,0.2990644904458598,0,30,None,66,1,5,False,10,10
23457,112,weighted,10,0.2965764331210191,0,30,None,66,1,5,False,10,10
23458,113,weighted,10,0.2969745222929936,0,30,None,66,1,5,False,10,10
23459,114,weighted,10,0.3013535031847134,0,30,None,66,1,5,False,10,10
23460,110,weighted,10,0.2634355095541401,0,16,None,66,1,5,False,10,10
23461,111,weighted,10,0.2811504777070063,0,16,None,66,1,5,False,10,10
23462,112,weighted,10,0.2997611464968153,0,16,None,66,1,5,False,10,10
23463,113,weighted,10,0.3188694267515923,0,16,None,66,1,5,False,10,10
23464,114,weighted,10,0.3305135350318471,0,16,None,66,1,5,False,10,10
23465,110,weighted,10,0.3284235668789809,0,19,None,66,1,5,False,10,10
23466,111,weighted,10,0.3096138535031847,0,19,None,66,1,5,False,10,10
23467,112,weighted,10,0.3339968152866242,0,19,None,66,1,5,False,10,10
23468,113,weighted,10,0.387639331210191,0,19,None,66,1,5,False,10,10
23469,114,weighted,10,0.4201831210191082,0,19,None,66,1,5,False,10,10
23470,110,weighted,10,0.2658240445859872,0,22,None,66,1,5,False,10,10
23471,111,weighted,10,0.2713972929936306,0,22,None,66,1,5,False,10,10
23472,112,weighted,10,0.2805533439490446,0,22,None,66,1,5,False,10,10
23473,113,weighted,10,0.2937898089171974,0,22,None,66,1,5,False,10,10
23474,114,weighted,10,0.3126990445859872,0,22,None,66,1,5,False,10,10
23475,110,weighted,10,0.2369625796178344,0,14,None,66,1,5,False,10,10
23476,111,weighted,10,0.2532842356687898,0,14,None,66,1,5,False,10,10
23477,112,weighted,10,0.3210589171974522,0,14,None,66,1,5,False,10,10
23478,113,weighted,10,0.3499203821656051,0,14,None,66,1,5,False,10,10
23479,114,weighted,10,0.3592754777070063,0,14,None,66,1,5,False,10,10
23480,110,weighted,10,0.2919984076433121,0,24,None,66,1,5,False,10,10
23481,111,weighted,10,0.3016520700636942,0,24,None,66,1,5,False,10,10
23482,112,weighted,10,0.3090167197452229,0,24,None,66,1,5,False,10,10
23483,113,weighted,10,0.3127985668789809,0,24,None,66,1,5,False,10,10
23484,114,weighted,10,0.3152866242038216,0,24,None,66,1,5,False,10,10
23485,110,weighted,10,0.2308917197452229,0,1,None,66,1,5,False,10,10
23486,111,weighted,10,0.2624402866242038,0,1,None,66,1,5,False,10,10
23487,112,weighted,10,0.3402667197452229,0,1,None,66,1,5,False,10,10
23488,113,weighted,10,0.3611664012738853,0,1,None,66,1,5,False,10,10
23489,114,weighted,10,0.3673367834394904,0,1,None,66,1,5,False,10,10
23490,110,weighted,10,0.2145700636942675,0,13,None,66,1,5,False,10,10
23491,111,weighted,10,0.226811305732484,0,13,None,66,1,5,False,10,10
23492,112,weighted,10,0.2427348726114649,0,13,None,66,1,5,False,10,10
23493,113,weighted,10,0.2530851910828025,0,13,None,66,1,5,False,10,10
23494,114,weighted,10,0.2678144904458598,0,13,None,66,1,5,False,10,10
23495,110,weighted,10,0.2494028662420382,0,8,None,66,1,5,False,10,10
23496,111,weighted,10,0.2642316878980891,0,8,None,66,1,5,False,10,10
23497,112,weighted,10,0.2751791401273885,0,8,None,66,1,5,False,10,10
23498,113,weighted,10,0.2929936305732484,0,8,None,66,1,5,False,10,10
23499,114,weighted,10,0.3162818471337579,0,8,None,66,1,5,False,10,10
23500,110,weighted,10,0.2323845541401273,0,21,None,66,1,5,False,10,10
23501,111,weighted,10,0.2364649681528662,0,21,None,66,1,5,False,10,10
23502,112,weighted,10,0.2469148089171974,0,21,None,66,1,5,False,10,10
23503,113,weighted,10,0.2609474522292994,0,21,None,66,1,5,False,10,10
23504,114,weighted,10,0.2837380573248407,0,21,None,66,1,5,False,10,10
23505,110,weighted,10,0.2516918789808917,0,23,None,66,1,5,False,10,10
23506,111,weighted,10,0.2601512738853503,0,23,None,66,1,5,False,10,10
23507,112,weighted,10,0.2711982484076433,0,23,None,66,1,5,False,10,10
23508,113,weighted,10,0.3142914012738853,0,23,None,66,1,5,False,10,10
23509,114,weighted,10,0.3214570063694267,0,23,None,66,1,5,False,10,10
23510,110,weighted,10,0.2134753184713375,0,29,None,66,1,5,False,10,10
23511,111,weighted,10,0.2208399681528662,0,29,None,66,1,5,False,10,10
23512,112,weighted,10,0.2334792993630573,0,29,None,66,1,5,False,10,10
23513,113,weighted,10,0.3008558917197452,0,29,None,66,1,5,False,10,10
23514,114,weighted,10,0.3397691082802547,0,29,None,66,1,5,False,10,10
23515,110,weighted,10,0.2165605095541401,0,27,None,66,1,5,False,10,10
23516,111,weighted,10,0.2188495222929936,0,27,None,66,1,5,False,10,10
23517,112,weighted,10,0.2211385350318471,0,27,None,66,1,5,False,10,10
23518,113,weighted,10,0.2277070063694267,0,27,None,66,1,5,False,10,10
23519,114,weighted,10,0.2517914012738853,0,27,None,66,1,5,False,10,10
23520,110,weighted,10,0.2611464968152866,0,2,None,66,1,5,False,10,10
23521,111,weighted,10,0.2758757961783439,0,2,None,66,1,5,False,10,10
23522,112,weighted,10,0.2962778662420382,0,2,None,66,1,5,False,10,10
23523,113,weighted,10,0.320859872611465,0,2,None,66,1,5,False,10,10
23524,114,weighted,10,0.3408638535031847,0,2,None,66,1,5,False,10,10
23525,110,weighted,10,0.2216361464968153,0,0,None,66,1,5,False,10,10
23526,111,weighted,10,0.2164609872611465,0,0,None,66,1,5,False,10,10
23527,112,weighted,10,0.2125796178343949,0,0,None,66,1,5,False,10,10
23528,113,weighted,10,0.2145700636942675,0,0,None,66,1,5,False,10,10
23529,114,weighted,10,0.2210390127388535,0,0,None,66,1,5,False,10,10
23530,110,weighted,10,0.2513933121019108,0,3,None,66,1,5,False,10,10
23531,111,weighted,10,0.2600517515923566,0,3,None,66,1,5,False,10,10
23532,112,weighted,10,0.2681130573248407,0,3,None,66,1,5,False,10,10
23533,113,weighted,10,0.2748805732484076,0,3,None,66,1,5,False,10,10
23534,114,weighted,10,0.2789609872611465,0,3,None,66,1,5,False,10,10
23535,110,weighted,10,0.2671178343949044,0,4,None,66,1,5,False,10,10
23536,111,weighted,10,0.2814490445859872,0,4,None,66,1,5,False,10,10
23537,112,weighted,10,0.3101114649681528,0,4,None,66,1,5,False,10,10
23538,113,weighted,10,0.3526074840764331,0,4,None,66,1,5,False,10,10
23539,114,weighted,10,0.361265923566879,0,4,None,66,1,5,False,10,10
23540,110,weighted,10,0.2901074840764331,0,5,None,66,1,5,False,10,10
23541,111,weighted,10,0.3000597133757962,0,5,None,66,1,5,False,10,10
23542,112,weighted,10,0.3163813694267516,0,5,None,66,1,5,False,10,10
23543,113,weighted,10,0.3522093949044586,0,5,None,66,1,5,False,10,10
23544,114,weighted,10,0.4158041401273885,0,5,None,66,1,5,False,10,10
23545,110,weighted,10,0.2584593949044586,0,7,None,66,1,5,False,10,10
23546,111,weighted,10,0.2736863057324841,0,7,None,66,1,5,False,10,10
23547,112,weighted,10,0.2936902866242038,0,7,None,66,1,5,False,10,10
23548,113,weighted,10,0.3034434713375796,0,7,None,66,1,5,False,10,10
23549,114,weighted,10,0.3112062101910828,0,7,None,66,1,5,False,10,10
23550,110,weighted,10,0.2379578025477707,0,9,None,66,1,5,False,10,10
23551,111,weighted,10,0.2418391719745223,0,9,None,66,1,5,False,10,10
23552,112,weighted,10,0.24890525477707,0,9,None,66,1,5,False,10,10
23553,113,weighted,10,0.2678144904458598,0,9,None,66,1,5,False,10,10
23554,114,weighted,10,0.2842356687898089,0,9,None,66,1,5,False,10,10
23555,110,weighted,10,0.2465167197452229,0,10,None,66,1,5,False,10,10
23556,111,weighted,10,0.2528861464968153,0,10,None,66,1,5,False,10,10
23557,112,weighted,10,0.2598527070063694,0,10,None,66,1,5,False,10,10
23558,113,weighted,10,0.2674164012738853,0,10,None,66,1,5,False,10,10
23559,114,weighted,10,0.2754777070063694,0,10,None,66,1,5,False,10,10
23560,110,weighted,10,0.2461186305732484,0,11,None,66,1,5,False,10,10
23561,111,weighted,10,0.2524880573248407,0,11,None,66,1,5,False,10,10
23562,112,weighted,10,0.261843152866242,0,11,None,66,1,5,False,10,10
23563,113,weighted,10,0.2732882165605095,0,11,None,66,1,5,False,10,10
23564,114,weighted,10,0.2870222929936306,0,11,None,66,1,5,False,10,10
23565,110,weighted,10,0.2681130573248407,0,15,None,66,1,5,False,10,10
23566,111,weighted,10,0.2716958598726114,0,15,None,66,1,5,False,10,10
23567,112,weighted,10,0.2861265923566879,0,15,None,66,1,5,False,10,10
23568,113,weighted,10,0.3055334394904458,0,15,None,66,1,5,False,10,10
23569,114,weighted,10,0.3264331210191082,0,15,None,66,1,5,False,10,10
23570,110,weighted,10,0.28015525477707,0,12,None,66,1,5,False,10,10
23571,111,weighted,10,0.3146894904458598,0,12,None,66,1,5,False,10,10
23572,112,weighted,10,0.3408638535031847,0,12,None,66,1,5,False,10,10
23573,113,weighted,10,0.3461385350318471,0,12,None,66,1,5,False,10,10
23574,114,weighted,10,0.3514132165605095,0,12,None,66,1,5,False,10,10
23575,110,weighted,10,0.2352707006369426,0,17,None,66,1,5,False,10,10
23576,111,weighted,10,0.2931926751592357,0,17,None,66,1,5,False,10,10
23577,112,weighted,10,0.2452229299363057,0,17,None,66,1,5,False,10,10
23578,113,weighted,10,0.239749203821656,0,17,None,66,1,5,False,10,10
23579,114,weighted,10,0.2650278662420382,0,17,None,66,1,5,False,10,10
23580,110,weighted,10,0.2475119426751592,0,18,None,66,1,5,False,10,10
23581,111,weighted,10,0.2662221337579618,0,18,None,66,1,5,False,10,10
23582,112,weighted,10,0.296875,0,18,None,66,1,5,False,10,10
23583,113,weighted,10,0.3020501592356688,0,18,None,66,1,5,False,10,10
23584,114,weighted,10,0.3062300955414013,0,18,None,66,1,5,False,10,10
23585,110,weighted,10,0.2313893312101911,0,20,None,66,1,5,False,10,10
23586,111,weighted,10,0.2256170382165605,0,20,None,66,1,5,False,10,10
23587,112,weighted,10,0.2201433121019108,0,20,None,66,1,5,False,10,10
23588,113,weighted,10,0.2199442675159235,0,20,None,66,1,5,False,10,10
23589,114,weighted,10,0.2496019108280254,0,20,None,66,1,5,False,10,10
23590,110,weighted,10,0.2302945859872611,0,28,None,66,1,5,False,10,10
23591,111,weighted,10,0.2469148089171974,0,28,None,66,1,5,False,10,10
23592,112,weighted,10,0.2779657643312102,0,28,None,66,1,5,False,10,10
23593,113,weighted,10,0.3074243630573248,0,28,None,66,1,5,False,10,10
23594,114,weighted,10,0.3219546178343949,0,28,None,66,1,5,False,10,10
27390,115,weighted,10,0.3576831210191082,0,1,None,66,1,5,False,10,10
27391,116,weighted,10,0.3662420382165605,0,1,None,66,1,5,False,10,10
27392,117,weighted,10,0.3748009554140127,0,1,None,66,1,5,False,10,10
27393,118,weighted,10,0.3806727707006369,0,1,None,66,1,5,False,10,10
27394,119,weighted,10,0.386046974522293,0,1,None,66,1,5,False,10,10
27395,115,weighted,10,0.3669386942675159,0,2,None,66,1,5,False,10,10
27396,116,weighted,10,0.3982882165605095,0,2,None,66,1,5,False,10,10
27397,117,weighted,10,0.4182921974522293,0,2,None,66,1,5,False,10,10
27398,118,weighted,10,0.398984872611465,0,2,None,66,1,5,False,10,10
27399,119,weighted,10,0.3873407643312102,0,2,None,66,1,5,False,10,10
27400,115,weighted,10,0.3962977707006369,0,5,None,66,1,5,False,10,10
27401,116,weighted,10,0.4214769108280254,0,5,None,66,1,5,False,10,10
27402,117,weighted,10,0.4702428343949044,0,5,None,66,1,5,False,10,10
27403,118,weighted,10,0.4905453821656051,0,5,None,66,1,5,False,10,10
27404,119,weighted,10,0.4756170382165605,0,5,None,66,1,5,False,10,10
27405,115,weighted,10,0.3229498407643312,0,13,None,66,1,5,False,10,10
27406,116,weighted,10,0.3570859872611465,0,13,None,66,1,5,False,10,10
27407,117,weighted,10,0.3660429936305732,0,13,None,66,1,5,False,10,10
27408,118,weighted,10,0.372014331210191,0,13,None,66,1,5,False,10,10
27409,119,weighted,10,0.3780851910828025,0,13,None,66,1,5,False,10,10
27410,115,weighted,10,0.3511146496815286,0,15,None,66,1,5,False,10,10
27411,116,weighted,10,0.3605692675159235,0,15,None,66,1,5,False,10,10
27412,117,weighted,10,0.3703224522292994,0,15,None,66,1,5,False,10,10
27413,118,weighted,10,0.3765923566878981,0,15,None,66,1,5,False,10,10
27414,119,weighted,10,0.3796775477707006,0,15,None,66,1,5,False,10,10
27415,115,weighted,10,0.3140923566878981,0,11,None,66,1,5,False,10,10
27416,116,weighted,10,0.3312101910828025,0,11,None,66,1,5,False,10,10
27417,117,weighted,10,0.3396695859872611,0,11,None,66,1,5,False,10,10
27418,118,weighted,10,0.3482285031847134,0,11,None,66,1,5,False,10,10
27419,119,weighted,10,0.3535031847133758,0,11,None,66,1,5,False,10,10
27420,115,weighted,10,0.355593152866242,0,14,None,66,1,5,False,10,10
27421,116,weighted,10,0.3571855095541401,0,14,None,66,1,5,False,10,10
27422,117,weighted,10,0.3589769108280254,0,14,None,66,1,5,False,10,10
27423,118,weighted,10,0.3607683121019108,0,14,None,66,1,5,False,10,10
27424,119,weighted,10,0.3636544585987261,0,14,None,66,1,5,False,10,10
27425,115,weighted,10,0.3017515923566879,0,17,None,66,1,5,False,10,10
27426,116,weighted,10,0.3092157643312102,0,17,None,66,1,5,False,10,10
27427,117,weighted,10,0.3245421974522293,0,17,None,66,1,5,False,10,10
27428,118,weighted,10,0.3752985668789809,0,17,None,66,1,5,False,10,10
27429,119,weighted,10,0.4038614649681528,0,17,None,66,1,5,False,10,10
27430,115,weighted,10,0.2813495222929936,0,21,None,66,1,5,False,10,10
27431,116,weighted,10,0.3040406050955414,0,21,None,66,1,5,False,10,10
27432,117,weighted,10,0.32703025477707,0,21,None,66,1,5,False,10,10
27433,118,weighted,10,0.3867436305732484,0,21,None,66,1,5,False,10,10
27434,119,weighted,10,0.4054538216560509,0,21,None,66,1,5,False,10,10
27435,115,weighted,10,0.3174761146496815,0,25,None,66,1,5,False,10,10
27436,116,weighted,10,0.3560907643312102,0,25,None,66,1,5,False,10,10
27437,117,weighted,10,0.362062101910828,0,25,None,66,1,5,False,10,10
27438,118,weighted,10,0.3690286624203822,0,25,None,66,1,5,False,10,10
27439,119,weighted,10,0.3775875796178344,0,25,None,66,1,5,False,10,10
27440,115,weighted,10,0.3198646496815286,0,26,None,66,1,5,False,10,10
27441,116,weighted,10,0.4069466560509554,0,26,None,66,1,5,False,10,10
27442,117,weighted,10,0.4734275477707006,0,26,None,66,1,5,False,10,10
27443,118,weighted,10,0.4934315286624204,0,26,None,66,1,5,False,10,10
27444,119,weighted,10,0.4777070063694267,0,26,None,66,1,5,False,10,10
27445,115,weighted,10,0.3641520700636942,0,12,None,66,1,5,False,10,10
27446,116,weighted,10,0.4217754777070063,0,12,None,66,1,5,False,10,10
27447,117,weighted,10,0.3943073248407643,0,12,None,66,1,5,False,10,10
27448,118,weighted,10,0.3722133757961783,0,12,None,66,1,5,False,10,10
27449,119,weighted,10,0.3716162420382166,0,12,None,66,1,5,False,10,10
27450,115,weighted,10,0.3301154458598726,0,29,None,66,1,5,False,10,10
27451,116,weighted,10,0.3494227707006369,0,29,None,66,1,5,False,10,10
27452,117,weighted,10,0.3641520700636942,0,29,None,66,1,5,False,10,10
27453,118,weighted,10,0.3740047770700637,0,29,None,66,1,5,False,10,10
27454,119,weighted,10,0.379578025477707,0,29,None,66,1,5,False,10,10
27455,115,weighted,10,0.3103105095541401,0,9,None,66,1,5,False,10,10
27456,116,weighted,10,0.3122014331210191,0,9,None,66,1,5,False,10,10
27457,117,weighted,10,0.3154856687898089,0,9,None,66,1,5,False,10,10
27458,118,weighted,10,0.3206608280254777,0,9,None,66,1,5,False,10,10
27459,119,weighted,10,0.3250398089171974,0,9,None,66,1,5,False,10,10
27460,115,weighted,10,0.3348925159235669,0,7,None,66,1,5,False,10,10
27461,116,weighted,10,0.3664410828025478,0,7,None,66,1,5,False,10,10
27462,117,weighted,10,0.4054538216560509,0,7,None,66,1,5,False,10,10
27463,118,weighted,10,0.4126194267515923,0,7,None,66,1,5,False,10,10
27464,119,weighted,10,0.415406050955414,0,7,None,66,1,5,False,10,10
27465,115,weighted,10,0.3420581210191082,0,16,None,66,1,5,False,10,10
27466,116,weighted,10,0.3427547770700637,0,16,None,66,1,5,False,10,10
27467,117,weighted,10,0.3438495222929936,0,16,None,66,1,5,False,10,10
27468,118,weighted,10,0.3427547770700637,0,16,None,66,1,5,False,10,10
27469,119,weighted,10,0.3409633757961783,0,16,None,66,1,5,False,10,10
27470,115,weighted,10,0.3168789808917197,0,18,None,66,1,5,False,10,10
27471,116,weighted,10,0.3172770700636942,0,18,None,66,1,5,False,10,10
27472,117,weighted,10,0.328921178343949,0,18,None,66,1,5,False,10,10
27473,118,weighted,10,0.3404657643312102,0,18,None,66,1,5,False,10,10
27474,119,weighted,10,0.3717157643312102,0,18,None,66,1,5,False,10,10
27475,115,weighted,10,0.4662619426751592,0,19,None,66,1,5,False,10,10
27476,116,weighted,10,0.4296377388535032,0,19,None,66,1,5,False,10,10
27477,117,weighted,10,0.4298367834394904,0,19,None,66,1,5,False,10,10
27478,118,weighted,10,0.4379976114649681,0,19,None,66,1,5,False,10,10
27479,119,weighted,10,0.4404856687898089,0,19,None,66,1,5,False,10,10
27480,115,weighted,10,0.2556727707006369,0,6,None,66,1,5,False,10,10
27481,116,weighted,10,0.276671974522293,0,6,None,66,1,5,False,10,10
27482,117,weighted,10,0.3015525477707006,0,6,None,66,1,5,False,10,10
27483,118,weighted,10,0.3188694267515923,0,6,None,66,1,5,False,10,10
27484,119,weighted,10,0.3282245222929936,0,6,None,66,1,5,False,10,10
27485,115,weighted,10,0.3609673566878981,0,4,None,66,1,5,False,10,10
27486,116,weighted,10,0.3648487261146497,0,4,None,66,1,5,False,10,10
27487,117,weighted,10,0.3662420382165605,0,4,None,66,1,5,False,10,10
27488,118,weighted,10,0.3676353503184713,0,4,None,66,1,5,False,10,10
27489,119,weighted,10,0.3785828025477707,0,4,None,66,1,5,False,10,10
27490,115,weighted,10,0.326234076433121,0,8,None,66,1,5,False,10,10
27491,116,weighted,10,0.3509156050955414,0,8,None,66,1,5,False,10,10
27492,117,weighted,10,0.3654458598726114,0,8,None,66,1,5,False,10,10
27493,118,weighted,10,0.3734076433121019,0,8,None,66,1,5,False,10,10
27494,119,weighted,10,0.3800756369426751,0,8,None,66,1,5,False,10,10
27495,115,weighted,10,0.2764729299363057,0,10,None,66,1,5,False,10,10
27496,116,weighted,10,0.2821457006369426,0,10,None,66,1,5,False,10,10
27497,117,weighted,10,0.3011544585987261,0,10,None,66,1,5,False,10,10
27498,118,weighted,10,0.3404657643312102,0,10,None,66,1,5,False,10,10
27499,119,weighted,10,0.3752985668789809,0,10,None,66,1,5,False,10,10
27500,115,weighted,10,0.3195660828025478,0,20,None,66,1,5,False,10,10
27501,116,weighted,10,0.3193670382165605,0,20,None,66,1,5,False,10,10
27502,117,weighted,10,0.3226512738853503,0,20,None,66,1,5,False,10,10
27503,118,weighted,10,0.337281050955414,0,20,None,66,1,5,False,10,10
27504,119,weighted,10,0.353702229299363,0,20,None,66,1,5,False,10,10
27505,115,weighted,10,0.3161823248407643,0,22,None,66,1,5,False,10,10
27506,116,weighted,10,0.328125,0,22,None,66,1,5,False,10,10
27507,117,weighted,10,0.3354896496815286,0,22,None,66,1,5,False,10,10
27508,118,weighted,10,0.3428542993630573,0,22,None,66,1,5,False,10,10
27509,119,weighted,10,0.367734872611465,0,22,None,66,1,5,False,10,10
27510,115,weighted,10,0.3487261146496815,0,23,None,66,1,5,False,10,10
27511,116,weighted,10,0.364749203821656,0,23,None,66,1,5,False,10,10
27512,117,weighted,10,0.4213773885350318,0,23,None,66,1,5,False,10,10
27513,118,weighted,10,0.375,0,23,None,66,1,5,False,10,10
27514,119,weighted,10,0.3771894904458598,0,23,None,66,1,5,False,10,10
27515,115,weighted,10,0.337281050955414,0,32,None,66,1,5,False,10,10
27516,116,weighted,10,0.3504179936305732,0,32,None,66,1,5,False,10,10
27517,117,weighted,10,0.4126194267515923,0,32,None,66,1,5,False,10,10
27518,118,weighted,10,0.3697253184713376,0,32,None,66,1,5,False,10,10
27519,119,weighted,10,0.3556926751592357,0,32,None,66,1,5,False,10,10
27520,115,weighted,10,0.3402667197452229,0,24,None,66,1,5,False,10,10
27521,116,weighted,10,0.3684315286624204,0,24,None,66,1,5,False,10,10
27522,117,weighted,10,0.3489251592356688,0,24,None,66,1,5,False,10,10
27523,118,weighted,10,0.3613654458598726,0,24,None,66,1,5,False,10,10
27524,119,weighted,10,0.3719148089171974,0,24,None,66,1,5,False,10,10
27525,115,weighted,10,0.293889331210191,0,27,None,66,1,5,False,10,10
27526,116,weighted,10,0.3157842356687898,0,27,None,66,1,5,False,10,10
27527,117,weighted,10,0.3298168789808917,0,27,None,66,1,5,False,10,10
27528,118,weighted,10,0.3379777070063694,0,27,None,66,1,5,False,10,10
27529,119,weighted,10,0.3463375796178344,0,27,None,66,1,5,False,10,10
27530,115,weighted,10,0.3126990445859872,0,30,None,66,1,5,False,10,10
27531,116,weighted,10,0.3190684713375796,0,30,None,66,1,5,False,10,10
27532,117,weighted,10,0.3279259554140127,0,30,None,66,1,5,False,10,10
27533,118,weighted,10,0.3384753184713376,0,30,None,66,1,5,False,10,10
27534,119,weighted,10,0.3478304140127388,0,30,None,66,1,5,False,10,10
27535,115,weighted,10,0.3556926751592357,0,31,None,66,1,5,False,10,10
27536,116,weighted,10,0.3680334394904458,0,31,None,66,1,5,False,10,10
27537,117,weighted,10,0.395203025477707,0,31,None,66,1,5,False,10,10
27538,118,weighted,10,0.422671178343949,0,31,None,66,1,5,False,10,10
27539,119,weighted,10,0.4375995222929936,0,31,None,66,1,5,False,10,10
27540,115,weighted,10,0.3481289808917197,0,3,None,66,1,5,False,10,10
27541,116,weighted,10,0.3711186305732484,0,3,None,66,1,5,False,10,10
27542,117,weighted,10,0.370421974522293,0,3,None,66,1,5,False,10,10
27543,118,weighted,10,0.3911226114649681,0,3,None,66,1,5,False,10,10
27544,119,weighted,10,0.4099323248407643,0,3,None,66,1,5,False,10,10
27545,115,weighted,10,0.2631369426751592,0,0,None,66,1,5,False,10,10
27546,116,weighted,10,0.3124004777070063,0,0,None,66,1,5,False,10,10
27547,117,weighted,10,0.3676353503184713,0,0,None,66,1,5,False,10,10
27548,118,weighted,10,0.3903264331210191,0,0,None,66,1,5,False,10,10
27549,119,weighted,10,0.4045581210191082,0,0,None,66,1,5,False,10,10
27550,115,weighted,10,0.3360867834394904,0,28,None,66,1,5,False,10,10
27551,116,weighted,10,0.3435509554140127,0,28,None,66,1,5,False,10,10
27552,117,weighted,10,0.3506170382165605,0,28,None,66,1,5,False,10,10
27553,118,weighted,10,0.3554936305732484,0,28,None,66,1,5,False,10,10
27554,119,weighted,10,0.3618630573248407,0,28,None,66,1,5,False,10,10
27555,120,weighted,10,0.3514132165605095,0,30,None,66,1,5,False,10,10
27556,121,weighted,10,0.3557921974522293,0,30,None,66,1,5,False,10,10
27557,122,weighted,10,0.360171178343949,0,30,None,66,1,5,False,10,10
27558,123,weighted,10,0.3687300955414013,0,30,None,66,1,5,False,10,10
27559,124,weighted,10,0.3799761146496815,0,30,None,66,1,5,False,10,10
27560,120,weighted,10,0.4280453821656051,0,31,None,66,1,5,False,10,10
27561,121,weighted,10,0.4234673566878981,0,31,None,66,1,5,False,10,10
27562,122,weighted,10,0.3923168789808917,0,31,None,66,1,5,False,10,10
27563,123,weighted,10,0.3844546178343949,0,31,None,66,1,5,False,10,10
27564,124,weighted,10,0.3843550955414013,0,31,None,66,1,5,False,10,10
27565,120,weighted,10,0.4124203821656051,0,2,None,66,1,5,False,10,10
27566,121,weighted,10,0.3946058917197452,0,2,None,66,1,5,False,10,10
27567,122,weighted,10,0.4037619426751592,0,2,None,66,1,5,False,10,10
27568,123,weighted,10,0.4076433121019108,0,2,None,66,1,5,False,10,10
27569,124,weighted,10,0.4121218152866242,0,2,None,66,1,5,False,10,10
27570,120,weighted,10,0.4639729299363057,0,5,None,66,1,5,False,10,10
27571,121,weighted,10,0.5,0,5,None,66,1,5,False,10,10
27572,122,weighted,10,0.5005971337579618,0,5,None,66,1,5,False,10,10
27573,123,weighted,10,0.5032842356687898,0,5,None,66,1,5,False,10,10
27574,124,weighted,10,0.5071656050955414,0,5,None,66,1,5,False,10,10
27575,120,weighted,10,0.3791799363057325,0,32,None,66,1,5,False,10,10
27576,121,weighted,10,0.3614649681528662,0,32,None,66,1,5,False,10,10
27577,122,weighted,10,0.3641520700636942,0,32,None,66,1,5,False,10,10
27578,123,weighted,10,0.371218152866242,0,32,None,66,1,5,False,10,10
27579,124,weighted,10,0.3964968152866242,0,32,None,66,1,5,False,10,10
27580,120,weighted,10,0.4202826433121019,0,7,None,66,1,5,False,10,10
27581,121,weighted,10,0.422671178343949,0,7,None,66,1,5,False,10,10
27582,122,weighted,10,0.4259554140127388,0,7,None,66,1,5,False,10,10
27583,123,weighted,10,0.4331210191082802,0,7,None,66,1,5,False,10,10
27584,124,weighted,10,0.4438694267515923,0,7,None,66,1,5,False,10,10
27585,120,weighted,10,0.3857484076433121,0,25,None,66,1,5,False,10,10
27586,121,weighted,10,0.3934116242038216,0,25,None,66,1,5,False,10,10
27587,122,weighted,10,0.3999800955414013,0,25,None,66,1,5,False,10,10
27588,123,weighted,10,0.4086385350318471,0,25,None,66,1,5,False,10,10
27589,124,weighted,10,0.4185907643312102,0,25,None,66,1,5,False,10,10
27590,120,weighted,10,0.448546974522293,0,26,None,66,1,5,False,10,10
27591,121,weighted,10,0.4554140127388535,0,26,None,66,1,5,False,10,10
27592,122,weighted,10,0.4540207006369426,0,26,None,66,1,5,False,10,10
27593,123,weighted,10,0.4569068471337579,0,26,None,66,1,5,False,10,10
27594,124,weighted,10,0.4591958598726114,0,26,None,66,1,5,False,10,10
27595,120,weighted,10,0.4508359872611465,0,10,None,66,1,5,False,10,10
27596,121,weighted,10,0.4479498407643312,0,10,None,66,1,5,False,10,10
27597,122,weighted,10,0.4446656050955414,0,10,None,66,1,5,False,10,10
27598,123,weighted,10,0.4415804140127388,0,10,None,66,1,5,False,10,10
27599,124,weighted,10,0.440187101910828,0,10,None,66,1,5,False,10,10
27600,120,weighted,10,0.3911226114649681,0,15,None,66,1,5,False,10,10
27601,121,weighted,10,0.3898288216560509,0,15,None,66,1,5,False,10,10
27602,122,weighted,10,0.3915207006369426,0,15,None,66,1,5,False,10,10
27603,123,weighted,10,0.3953025477707006,0,15,None,66,1,5,False,10,10
27604,124,weighted,10,0.3984872611464968,0,15,None,66,1,5,False,10,10
27605,120,weighted,10,0.3568869426751592,0,11,None,66,1,5,False,10,10
27606,121,weighted,10,0.3576831210191082,0,11,None,66,1,5,False,10,10
27607,122,weighted,10,0.3592754777070063,0,11,None,66,1,5,False,10,10
27608,123,weighted,10,0.3975915605095541,0,11,None,66,1,5,False,10,10
27609,124,weighted,10,0.4227707006369426,0,11,None,66,1,5,False,10,10
27610,120,weighted,10,0.3465366242038216,0,20,None,66,1,5,False,10,10
27611,121,weighted,10,0.3669386942675159,0,20,None,66,1,5,False,10,10
27612,122,weighted,10,0.3834593949044586,0,20,None,66,1,5,False,10,10
27613,123,weighted,10,0.3992834394904458,0,20,None,66,1,5,False,10,10
27614,124,weighted,10,0.4157046178343949,0,20,None,66,1,5,False,10,10
27615,120,weighted,10,0.3863455414012738,0,1,None,66,1,5,False,10,10
27616,121,weighted,10,0.3992834394904458,0,1,None,66,1,5,False,10,10
27617,122,weighted,10,0.4054538216560509,0,1,None,66,1,5,False,10,10
27618,123,weighted,10,0.4130175159235669,0,1,None,66,1,5,False,10,10
27619,124,weighted,10,0.4201831210191082,0,1,None,66,1,5,False,10,10
27620,120,weighted,10,0.3892316878980891,0,13,None,66,1,5,False,10,10
27621,121,weighted,10,0.3912221337579618,0,13,None,66,1,5,False,10,10
27622,122,weighted,10,0.3966958598726114,0,13,None,66,1,5,False,10,10
27623,123,weighted,10,0.4007762738853503,0,13,None,66,1,5,False,10,10
27624,124,weighted,10,0.40515525477707,0,13,None,66,1,5,False,10,10
27625,120,weighted,10,0.4334195859872611,0,12,None,66,1,5,False,10,10
27626,121,weighted,10,0.3745023885350318,0,12,None,66,1,5,False,10,10
27627,122,weighted,10,0.3866441082802547,0,12,None,66,1,5,False,10,10
27628,123,weighted,10,0.4019705414012738,0,12,None,66,1,5,False,10,10
27629,124,weighted,10,0.4147093949044586,0,12,None,66,1,5,False,10,10
27630,120,weighted,10,0.4353105095541401,0,23,None,66,1,5,False,10,10
27631,121,weighted,10,0.387639331210191,0,23,None,66,1,5,False,10,10
27632,122,weighted,10,0.3898288216560509,0,23,None,66,1,5,False,10,10
27633,123,weighted,10,0.3931130573248407,0,23,None,66,1,5,False,10,10
27634,124,weighted,10,0.3946058917197452,0,23,None,66,1,5,False,10,10
27635,120,weighted,10,0.3834593949044586,0,29,None,66,1,5,False,10,10
27636,121,weighted,10,0.4011743630573248,0,29,None,66,1,5,False,10,10
27637,122,weighted,10,0.4148089171974522,0,29,None,66,1,5,False,10,10
27638,123,weighted,10,0.4209792993630573,0,29,None,66,1,5,False,10,10
27639,124,weighted,10,0.427249203821656,0,29,None,66,1,5,False,10,10
27640,120,weighted,10,0.3350915605095541,0,6,None,66,1,5,False,10,10
27641,121,weighted,10,0.3477308917197452,0,6,None,66,1,5,False,10,10
27642,122,weighted,10,0.3717157643312102,0,6,None,66,1,5,False,10,10
27643,123,weighted,10,0.3955015923566879,0,6,None,66,1,5,False,10,10
27644,124,weighted,10,0.4138136942675159,0,6,None,66,1,5,False,10,10
27645,120,weighted,10,0.3375796178343949,0,9,None,66,1,5,False,10,10
27646,121,weighted,10,0.3488256369426751,0,9,None,66,1,5,False,10,10
27647,122,weighted,10,0.3943073248407643,0,9,None,66,1,5,False,10,10
27648,123,weighted,10,0.4177945859872611,0,9,None,66,1,5,False,10,10
27649,124,weighted,10,0.4261544585987261,0,9,None,66,1,5,False,10,10
27650,120,weighted,10,0.362858280254777,0,14,None,66,1,5,False,10,10
27651,121,weighted,10,0.3709195859872611,0,14,None,66,1,5,False,10,10
27652,122,weighted,10,0.3805732484076433,0,14,None,66,1,5,False,10,10
27653,123,weighted,10,0.3904259554140127,0,14,None,66,1,5,False,10,10
27654,124,weighted,10,0.4020700636942675,0,14,None,66,1,5,False,10,10
27655,120,weighted,10,0.4165007961783439,0,22,None,66,1,5,False,10,10
27656,121,weighted,10,0.4227707006369426,0,22,None,66,1,5,False,10,10
27657,122,weighted,10,0.4257563694267516,0,22,None,66,1,5,False,10,10
27658,123,weighted,10,0.4326234076433121,0,22,None,66,1,5,False,10,10
27659,124,weighted,10,0.4322253184713376,0,22,None,66,1,5,False,10,10
27660,120,weighted,10,0.4315286624203822,0,17,None,66,1,5,False,10,10
27661,121,weighted,10,0.4331210191082802,0,17,None,66,1,5,False,10,10
27662,122,weighted,10,0.4457603503184713,0,17,None,66,1,5,False,10,10
27663,123,weighted,10,0.460390127388535,0,17,None,66,1,5,False,10,10
27664,124,weighted,10,0.4748208598726114,0,17,None,66,1,5,False,10,10
27665,120,weighted,10,0.4100318471337579,0,21,None,66,1,5,False,10,10
27666,121,weighted,10,0.4123208598726114,0,21,None,66,1,5,False,10,10
27667,122,weighted,10,0.4157046178343949,0,21,None,66,1,5,False,10,10
27668,123,weighted,10,0.4183917197452229,0,21,None,66,1,5,False,10,10
27669,124,weighted,10,0.4219745222929936,0,21,None,66,1,5,False,10,10
27670,120,weighted,10,0.3779856687898089,0,24,None,66,1,5,False,10,10
27671,121,weighted,10,0.3834593949044586,0,24,None,66,1,5,False,10,10
27672,122,weighted,10,0.3903264331210191,0,24,None,66,1,5,False,10,10
27673,123,weighted,10,0.3976910828025478,0,24,None,66,1,5,False,10,10
27674,124,weighted,10,0.4069466560509554,0,24,None,66,1,5,False,10,10
27675,120,weighted,10,0.350218949044586,0,27,None,66,1,5,False,10,10
27676,121,weighted,10,0.3560907643312102,0,27,None,66,1,5,False,10,10
27677,122,weighted,10,0.363953025477707,0,27,None,66,1,5,False,10,10
27678,123,weighted,10,0.3674363057324841,0,27,None,66,1,5,False,10,10
27679,124,weighted,10,0.3709195859872611,0,27,None,66,1,5,False,10,10
27680,120,weighted,10,0.3618630573248407,0,28,None,66,1,5,False,10,10
27681,121,weighted,10,0.3724124203821656,0,28,None,66,1,5,False,10,10
27682,122,weighted,10,0.3793789808917197,0,28,None,66,1,5,False,10,10
27683,123,weighted,10,0.3878383757961783,0,28,None,66,1,5,False,10,10
27684,124,weighted,10,0.395203025477707,0,28,None,66,1,5,False,10,10
27685,120,weighted,10,0.4181926751592357,0,3,None,66,1,5,False,10,10
27686,121,weighted,10,0.4223726114649681,0,3,None,66,1,5,False,10,10
27687,122,weighted,10,0.4265525477707006,0,3,None,66,1,5,False,10,10
27688,123,weighted,10,0.4311305732484076,0,3,None,66,1,5,False,10,10
27689,124,weighted,10,0.434514331210191,0,3,None,66,1,5,False,10,10
27690,120,weighted,10,0.3974920382165605,0,4,None,66,1,5,False,10,10
27691,121,weighted,10,0.4041600318471338,0,4,None,66,1,5,False,10,10
27692,122,weighted,10,0.4109275477707006,0,4,None,66,1,5,False,10,10
27693,123,weighted,10,0.4175955414012738,0,4,None,66,1,5,False,10,10
27694,124,weighted,10,0.4232683121019108,0,4,None,66,1,5,False,10,10
27695,120,weighted,10,0.4241640127388535,0,0,None,66,1,5,False,10,10
27696,121,weighted,10,0.4295382165605095,0,0,None,66,1,5,False,10,10
27697,122,weighted,10,0.434514331210191,0,0,None,66,1,5,False,10,10
27698,123,weighted,10,0.4377985668789809,0,0,None,66,1,5,False,10,10
27699,124,weighted,10,0.4419785031847134,0,0,None,66,1,5,False,10,10
27700,120,weighted,10,0.3844546178343949,0,8,None,66,1,5,False,10,10
27701,121,weighted,10,0.415406050955414,0,8,None,66,1,5,False,10,10
27702,122,weighted,10,0.4511345541401274,0,8,None,66,1,5,False,10,10
27703,123,weighted,10,0.4620820063694267,0,8,None,66,1,5,False,10,10
27704,124,weighted,10,0.4660628980891719,0,8,None,66,1,5,False,10,10
27705,120,weighted,10,0.3458399681528662,0,16,None,66,1,5,False,10,10
27706,121,weighted,10,0.341859076433121,0,16,None,66,1,5,False,10,10
27707,122,weighted,10,0.3370820063694267,0,16,None,66,1,5,False,10,10
27708,123,weighted,10,0.3361863057324841,0,16,None,66,1,5,False,10,10
27709,124,weighted,10,0.3377786624203822,0,16,None,66,1,5,False,10,10
27710,120,weighted,10,0.4015724522292994,0,18,None,66,1,5,False,10,10
27711,121,weighted,10,0.4211783439490446,0,18,None,66,1,5,False,10,10
27712,122,weighted,10,0.4391918789808917,0,18,None,66,1,5,False,10,10
27713,123,weighted,10,0.4582006369426751,0,18,None,66,1,5,False,10,10
27714,124,weighted,10,0.4717356687898089,0,18,None,66,1,5,False,10,10
27715,120,weighted,10,0.4387937898089172,0,19,None,66,1,5,False,10,10
27716,121,weighted,10,0.4406847133757962,0,19,None,66,1,5,False,10,10
27717,122,weighted,10,0.4432722929936306,0,19,None,66,1,5,False,10,10
27718,123,weighted,10,0.442874203821656,0,19,None,66,1,5,False,10,10
27719,124,weighted,10,0.4381966560509554,0,19,None,66,1,5,False,10,10
31845,125,weighted,10,0.4205812101910828,0,1,None,66,1,5,False,10,10
31846,126,weighted,10,0.4257563694267516,0,1,None,66,1,5,False,10,10
31847,127,weighted,10,0.4317277070063694,0,1,None,66,1,5,False,10,10
31848,128,weighted,10,0.4365047770700637,0,1,None,66,1,5,False,10,10
31849,129,weighted,10,0.4392914012738853,0,1,None,66,1,5,False,10,10
31850,125,weighted,10,0.4184912420382166,0,2,None,66,1,5,False,10,10
31851,126,weighted,10,0.4347133757961783,0,2,None,66,1,5,False,10,10
31852,127,weighted,10,0.4690485668789809,0,2,None,66,1,5,False,10,10
31853,128,weighted,10,0.4821855095541401,0,2,None,66,1,5,False,10,10
31854,129,weighted,10,0.4914410828025478,0,2,None,66,1,5,False,10,10
31855,125,weighted,10,0.4114251592356688,0,13,None,66,1,5,False,10,10
31856,126,weighted,10,0.4144108280254777,0,13,None,66,1,5,False,10,10
31857,127,weighted,10,0.417296974522293,0,13,None,66,1,5,False,10,10
31858,128,weighted,10,0.4200835987261146,0,13,None,66,1,5,False,10,10
31859,129,weighted,10,0.423765923566879,0,13,None,66,1,5,False,10,10
31860,125,weighted,10,0.4662619426751592,0,15,None,66,1,5,False,10,10
31861,126,weighted,10,0.472233280254777,0,15,None,66,1,5,False,10,10
31862,127,weighted,10,0.4764132165605095,0,15,None,66,1,5,False,10,10
31863,128,weighted,10,0.4804936305732484,0,15,None,66,1,5,False,10,10
31864,129,weighted,10,0.4853702229299363,0,15,None,66,1,5,False,10,10
31865,125,weighted,10,0.4361066878980891,0,10,None,66,1,5,False,10,10
31866,126,weighted,10,0.4384952229299363,0,10,None,66,1,5,False,10,10
31867,127,weighted,10,0.4397890127388535,0,10,None,66,1,5,False,10,10
31868,128,weighted,10,0.4419785031847134,0,10,None,66,1,5,False,10,10
31869,129,weighted,10,0.4461584394904458,0,10,None,66,1,5,False,10,10
31870,125,weighted,10,0.4350119426751592,0,11,None,66,1,5,False,10,10
31871,126,weighted,10,0.4386942675159235,0,11,None,66,1,5,False,10,10
31872,127,weighted,10,0.4414808917197452,0,11,None,66,1,5,False,10,10
31873,128,weighted,10,0.4456608280254777,0,11,None,66,1,5,False,10,10
31874,129,weighted,10,0.45203025477707,0,11,None,66,1,5,False,10,10
31875,125,weighted,10,0.4672571656050955,0,8,None,66,1,5,False,10,10
31876,126,weighted,10,0.4680533439490446,0,8,None,66,1,5,False,10,10
31877,127,weighted,10,0.4698447452229299,0,8,None,66,1,5,False,10,10
31878,128,weighted,10,0.4711385350318471,0,8,None,66,1,5,False,10,10
31879,129,weighted,10,0.4732285031847134,0,8,None,66,1,5,False,10,10
31880,125,weighted,10,0.4182921974522293,0,20,None,66,1,5,False,10,10
31881,126,weighted,10,0.433718152866242,0,20,None,66,1,5,False,10,10
31882,127,weighted,10,0.4472531847133758,0,20,None,66,1,5,False,10,10
31883,128,weighted,10,0.4592953821656051,0,20,None,66,1,5,False,10,10
31884,129,weighted,10,0.4700437898089172,0,20,None,66,1,5,False,10,10
31885,125,weighted,10,0.4375,0,19,None,66,1,5,False,10,10
31886,126,weighted,10,0.4315286624203822,0,19,None,66,1,5,False,10,10
31887,127,weighted,10,0.4296377388535032,0,19,None,66,1,5,False,10,10
31888,128,weighted,10,0.4305334394904458,0,19,None,66,1,5,False,10,10
31889,129,weighted,10,0.4352109872611465,0,19,None,66,1,5,False,10,10
31890,125,weighted,10,0.4901472929936306,0,17,None,66,1,5,False,10,10
31891,126,weighted,10,0.50109474522293,0,17,None,66,1,5,False,10,10
31892,127,weighted,10,0.504578025477707,0,17,None,66,1,5,False,10,10
31893,128,weighted,10,0.5063694267515924,0,17,None,66,1,5,False,10,10
31894,129,weighted,10,0.5077627388535032,0,17,None,66,1,5,False,10,10
31895,125,weighted,10,0.4192874203821656,0,21,None,66,1,5,False,10,10
31896,126,weighted,10,0.4222730891719745,0,21,None,66,1,5,False,10,10
31897,127,weighted,10,0.4241640127388535,0,21,None,66,1,5,False,10,10
31898,128,weighted,10,0.426453025477707,0,21,None,66,1,5,False,10,10
31899,129,weighted,10,0.4284434713375796,0,21,None,66,1,5,False,10,10
31900,125,weighted,10,0.4309315286624204,0,25,None,66,1,5,False,10,10
31901,126,weighted,10,0.4394904458598726,0,25,None,66,1,5,False,10,10
31902,127,weighted,10,0.4470541401273885,0,25,None,66,1,5,False,10,10
31903,128,weighted,10,0.4540207006369426,0,25,None,66,1,5,False,10,10
31904,129,weighted,10,0.4592953821656051,0,25,None,66,1,5,False,10,10
31905,125,weighted,10,0.4142117834394904,0,24,None,66,1,5,False,10,10
31906,126,weighted,10,0.4229697452229299,0,24,None,66,1,5,False,10,10
31907,127,weighted,10,0.4363057324840764,0,24,None,66,1,5,False,10,10
31908,128,weighted,10,0.4473527070063694,0,24,None,66,1,5,False,10,10
31909,129,weighted,10,0.4556130573248407,0,24,None,66,1,5,False,10,10
31910,125,weighted,10,0.3935111464968153,0,28,None,66,1,5,False,10,10
31911,126,weighted,10,0.3984872611464968,0,28,None,66,1,5,False,10,10
31912,127,weighted,10,0.4033638535031847,0,28,None,66,1,5,False,10,10
31913,128,weighted,10,0.4099323248407643,0,28,None,66,1,5,False,10,10
31914,129,weighted,10,0.4147093949044586,0,28,None,66,1,5,False,10,10
31915,125,weighted,10,0.4293391719745223,0,29,None,66,1,5,False,10,10
31916,126,weighted,10,0.4375995222929936,0,29,None,66,1,5,False,10,10
31917,127,weighted,10,0.444765127388535,0,29,None,66,1,5,False,10,10
31918,128,weighted,10,0.4508359872611465,0,29,None,66,1,5,False,10,10
31919,129,weighted,10,0.4587977707006369,0,29,None,66,1,5,False,10,10
31920,125,weighted,10,0.4280453821656051,0,9,None,66,1,5,False,10,10
31921,126,weighted,10,0.4341162420382166,0,9,None,66,1,5,False,10,10
31922,127,weighted,10,0.4437699044585987,0,9,None,66,1,5,False,10,10
31923,128,weighted,10,0.449343152866242,0,9,None,66,1,5,False,10,10
31924,129,weighted,10,0.4583001592356688,0,9,None,66,1,5,False,10,10
31925,125,weighted,10,0.4698447452229299,0,18,None,66,1,5,False,10,10
31926,126,weighted,10,0.4790007961783439,0,18,None,66,1,5,False,10,10
31927,127,weighted,10,0.4877587579617834,0,18,None,66,1,5,False,10,10
31928,128,weighted,10,0.4963176751592357,0,18,None,66,1,5,False,10,10
31929,129,weighted,10,0.5015923566878981,0,18,None,66,1,5,False,10,10
31930,125,weighted,10,0.4309315286624204,0,27,None,66,1,5,False,10,10
31931,126,weighted,10,0.4405851910828025,0,27,None,66,1,5,False,10,10
31932,127,weighted,10,0.4454617834394904,0,27,None,66,1,5,False,10,10
31933,128,weighted,10,0.4497412420382166,0,27,None,66,1,5,False,10,10
31934,129,weighted,10,0.4542197452229299,0,27,None,66,1,5,False,10,10
31935,125,weighted,10,0.379578025477707,0,31,None,66,1,5,False,10,10
31936,126,weighted,10,0.3859474522292994,0,31,None,66,1,5,False,10,10
31937,127,weighted,10,0.3919187898089172,0,31,None,66,1,5,False,10,10
31938,128,weighted,10,0.3951035031847134,0,31,None,66,1,5,False,10,10
31939,129,weighted,10,0.3993829617834395,0,31,None,66,1,5,False,10,10
31940,125,weighted,10,0.4994028662420382,0,5,None,66,1,5,False,10,10
31941,126,weighted,10,0.509952229299363,0,5,None,66,1,5,False,10,10
31942,127,weighted,10,0.5130374203821656,0,5,None,66,1,5,False,10,10
31943,128,weighted,10,0.5152269108280255,0,5,None,66,1,5,False,10,10
31944,129,weighted,10,0.5174164012738853,0,5,None,66,1,5,False,10,10
31945,125,weighted,10,0.4290406050955414,0,12,None,66,1,5,False,10,10
31946,126,weighted,10,0.4308320063694267,0,12,None,66,1,5,False,10,10
31947,127,weighted,10,0.4389928343949044,0,12,None,66,1,5,False,10,10
31948,128,weighted,10,0.4462579617834395,0,12,None,66,1,5,False,10,10
31949,129,weighted,10,0.4498407643312102,0,12,None,66,1,5,False,10,10
31950,125,weighted,10,0.4729299363057325,0,26,None,66,1,5,False,10,10
31951,126,weighted,10,0.4754179936305732,0,26,None,66,1,5,False,10,10
31952,127,weighted,10,0.4766122611464968,0,26,None,66,1,5,False,10,10
31953,128,weighted,10,0.4775079617834395,0,26,None,66,1,5,False,10,10
31954,129,weighted,10,0.4781050955414013,0,26,None,66,1,5,False,10,10
31955,125,weighted,10,0.375796178343949,0,30,None,66,1,5,False,10,10
31956,126,weighted,10,0.386843152866242,0,30,None,66,1,5,False,10,10
31957,127,weighted,10,0.3946058917197452,0,30,None,66,1,5,False,10,10
31958,128,weighted,10,0.4050557324840764,0,30,None,66,1,5,False,10,10
31959,129,weighted,10,0.4136146496815286,0,30,None,66,1,5,False,10,10
31960,125,weighted,10,0.4265525477707006,0,6,None,66,1,5,False,10,10
31961,126,weighted,10,0.4301353503184713,0,6,None,66,1,5,False,10,10
31962,127,weighted,10,0.4332205414012738,0,6,None,66,1,5,False,10,10
31963,128,weighted,10,0.4363057324840764,0,6,None,66,1,5,False,10,10
31964,129,weighted,10,0.4384952229299363,0,6,None,66,1,5,False,10,10
31965,125,weighted,10,0.4384952229299363,0,3,None,66,1,5,False,10,10
31966,126,weighted,10,0.4417794585987261,0,3,None,66,1,5,False,10,10
31967,127,weighted,10,0.4460589171974522,0,3,None,66,1,5,False,10,10
31968,128,weighted,10,0.4507364649681528,0,3,None,66,1,5,False,10,10
31969,129,weighted,10,0.4546178343949044,0,3,None,66,1,5,False,10,10
31970,125,weighted,10,0.4478503184713376,0,7,None,66,1,5,False,10,10
31971,126,weighted,10,0.4594944267515923,0,7,None,66,1,5,False,10,10
31972,127,weighted,10,0.471437101910828,0,7,None,66,1,5,False,10,10
31973,128,weighted,10,0.4841759554140127,0,7,None,66,1,5,False,10,10
31974,129,weighted,10,0.4929339171974522,0,7,None,66,1,5,False,10,10
31975,125,weighted,10,0.3759952229299363,0,16,None,66,1,5,False,10,10
31976,126,weighted,10,0.3983877388535032,0,16,None,66,1,5,False,10,10
31977,127,weighted,10,0.4082404458598726,0,16,None,66,1,5,False,10,10
31978,128,weighted,10,0.4128184713375796,0,16,None,66,1,5,False,10,10
31979,129,weighted,10,0.4175955414012738,0,16,None,66,1,5,False,10,10
31980,125,weighted,10,0.4580015923566879,0,32,None,66,1,5,False,10,10
31981,126,weighted,10,0.4612858280254777,0,32,None,66,1,5,False,10,10
31982,127,weighted,10,0.4679538216560509,0,32,None,66,1,5,False,10,10
31983,128,weighted,10,0.472233280254777,0,32,None,66,1,5,False,10,10
31984,129,weighted,10,0.477906050955414,0,32,None,66,1,5,False,10,10
31985,125,weighted,10,0.40625,0,14,None,66,1,5,False,10,10
31986,126,weighted,10,0.4134156050955414,0,14,None,66,1,5,False,10,10
31987,127,weighted,10,0.42078025477707,0,14,None,66,1,5,False,10,10
31988,128,weighted,10,0.4249601910828025,0,14,None,66,1,5,False,10,10
31989,129,weighted,10,0.4303343949044586,0,14,None,66,1,5,False,10,10
31990,125,weighted,10,0.4294386942675159,0,22,None,66,1,5,False,10,10
31991,126,weighted,10,0.4316281847133758,0,22,None,66,1,5,False,10,10
31992,127,weighted,10,0.4344148089171974,0,22,None,66,1,5,False,10,10
31993,128,weighted,10,0.4375995222929936,0,22,None,66,1,5,False,10,10
31994,129,weighted,10,0.4424761146496815,0,22,None,66,1,5,False,10,10
31995,125,weighted,10,0.4278463375796178,0,4,None,66,1,5,False,10,10
31996,126,weighted,10,0.4322253184713376,0,4,None,66,1,5,False,10,10
31997,127,weighted,10,0.43640525477707,0,4,None,66,1,5,False,10,10
31998,128,weighted,10,0.4405851910828025,0,4,None,66,1,5,False,10,10
31999,129,weighted,10,0.4440684713375796,0,4,None,66,1,5,False,10,10
32000,125,weighted,10,0.4065485668789809,0,23,None,66,1,5,False,10,10
32001,126,weighted,10,0.4109275477707006,0,23,None,66,1,5,False,10,10
32002,127,weighted,10,0.4205812101910828,0,23,None,66,1,5,False,10,10
32003,128,weighted,10,0.4298367834394904,0,23,None,66,1,5,False,10,10
32004,129,weighted,10,0.4421775477707006,0,23,None,66,1,5,False,10,10
32005,125,weighted,10,0.4446656050955414,0,0,None,66,1,5,False,10,10
32006,126,weighted,10,0.448546974522293,0,0,None,66,1,5,False,10,10
32007,127,weighted,10,0.4519307324840764,0,0,None,66,1,5,False,10,10
32008,128,weighted,10,0.4541202229299363,0,0,None,66,1,5,False,10,10
32009,129,weighted,10,0.4579020700636942,0,0,None,66,1,5,False,10,10
32010,130,weighted,10,0.4402866242038216,0,22,None,66,1,5,False,10,10
32011,131,weighted,10,0.4441679936305732,0,22,None,66,1,5,False,10,10
32012,132,weighted,10,0.4489450636942675,0,22,None,66,1,5,False,10,10
32013,133,weighted,10,0.4522292993630573,0,22,None,66,1,5,False,10,10
32014,134,weighted,10,0.4556130573248407,0,22,None,66,1,5,False,10,10
32015,130,weighted,10,0.4885549363057325,0,26,None,66,1,5,False,10,10
32016,131,weighted,10,0.4887539808917197,0,26,None,66,1,5,False,10,10
32017,132,weighted,10,0.4893511146496815,0,26,None,66,1,5,False,10,10
32018,133,weighted,10,0.4907444267515923,0,26,None,66,1,5,False,10,10
32019,134,weighted,10,0.4909434713375796,0,26,None,66,1,5,False,10,10
32020,130,weighted,10,0.4924363057324841,0,18,None,66,1,5,False,10,10
32021,131,weighted,10,0.5006966560509554,0,18,None,66,1,5,False,10,10
32022,132,weighted,10,0.5067675159235668,0,18,None,66,1,5,False,10,10
32023,133,weighted,10,0.5101512738853503,0,18,None,66,1,5,False,10,10
32024,134,weighted,10,0.5134355095541401,0,18,None,66,1,5,False,10,10
32025,130,weighted,10,0.4731289808917197,0,8,None,66,1,5,False,10,10
32026,131,weighted,10,0.4770103503184713,0,8,None,66,1,5,False,10,10
32027,132,weighted,10,0.4814888535031847,0,8,None,66,1,5,False,10,10
32028,133,weighted,10,0.4891520700636942,0,8,None,66,1,5,False,10,10
32029,134,weighted,10,0.4988057324840764,0,8,None,66,1,5,False,10,10
32030,130,weighted,10,0.4846735668789809,0,15,None,66,1,5,False,10,10
32031,131,weighted,10,0.4911425159235669,0,15,None,66,1,5,False,10,10
32032,132,weighted,10,0.4964171974522293,0,15,None,66,1,5,False,10,10
32033,133,weighted,10,0.5024880573248408,0,15,None,66,1,5,False,10,10
32034,134,weighted,10,0.5089570063694268,0,15,None,66,1,5,False,10,10
32035,130,weighted,10,0.4749203821656051,0,20,None,66,1,5,False,10,10
32036,131,weighted,10,0.4888535031847134,0,20,None,66,1,5,False,10,10
32037,132,weighted,10,0.4976114649681528,0,20,None,66,1,5,False,10,10
32038,133,weighted,10,0.5047770700636943,0,20,None,66,1,5,False,10,10
32039,134,weighted,10,0.5115445859872612,0,20,None,66,1,5,False,10,10
32040,130,weighted,10,0.5017914012738853,0,2,None,66,1,5,False,10,10
32041,131,weighted,10,0.5043789808917197,0,2,None,66,1,5,False,10,10
32042,132,weighted,10,0.5069665605095541,0,2,None,66,1,5,False,10,10
32043,133,weighted,10,0.509156050955414,0,2,None,66,1,5,False,10,10
32044,134,weighted,10,0.5111464968152867,0,2,None,66,1,5,False,10,10
32045,130,weighted,10,0.5065684713375797,0,5,None,66,1,5,False,10,10
32046,131,weighted,10,0.5085589171974523,0,5,None,66,1,5,False,10,10
32047,132,weighted,10,0.5092555732484076,0,5,None,66,1,5,False,10,10
32048,133,weighted,10,0.5128383757961783,0,5,None,66,1,5,False,10,10
32049,134,weighted,10,0.5151273885350318,0,5,None,66,1,5,False,10,10
32050,130,weighted,10,0.4664609872611465,0,25,None,66,1,5,False,10,10
32051,131,weighted,10,0.4708399681528662,0,25,None,66,1,5,False,10,10
32052,132,weighted,10,0.4770103503184713,0,25,None,66,1,5,False,10,10
32053,133,weighted,10,0.4812898089171974,0,25,None,66,1,5,False,10,10
32054,134,weighted,10,0.4863654458598726,0,25,None,66,1,5,False,10,10
32055,130,weighted,10,0.4306329617834395,0,14,None,66,1,5,False,10,10
32056,131,weighted,10,0.4321257961783439,0,14,None,66,1,5,False,10,10
32057,132,weighted,10,0.4339171974522293,0,14,None,66,1,5,False,10,10
32058,133,weighted,10,0.4332205414012738,0,14,None,66,1,5,False,10,10
32059,134,weighted,10,0.4359076433121019,0,14,None,66,1,5,False,10,10
32060,130,weighted,10,0.4265525477707006,0,13,None,66,1,5,False,10,10
32061,131,weighted,10,0.4285429936305732,0,13,None,66,1,5,False,10,10
32062,132,weighted,10,0.4317277070063694,0,13,None,66,1,5,False,10,10
32063,133,weighted,10,0.4347133757961783,0,13,None,66,1,5,False,10,10
32064,134,weighted,10,0.4385947452229299,0,13,None,66,1,5,False,10,10
32065,130,weighted,10,0.4601910828025478,0,12,None,66,1,5,False,10,10
32066,131,weighted,10,0.4613853503184713,0,12,None,66,1,5,False,10,10
32067,132,weighted,10,0.4637738853503185,0,12,None,66,1,5,False,10,10
32068,133,weighted,10,0.4656648089171974,0,12,None,66,1,5,False,10,10
32069,134,weighted,10,0.4671576433121019,0,12,None,66,1,5,False,10,10
32070,130,weighted,10,0.4276472929936306,0,21,None,66,1,5,False,10,10
32071,131,weighted,10,0.4308320063694267,0,21,None,66,1,5,False,10,10
32072,132,weighted,10,0.4342157643312102,0,21,None,66,1,5,False,10,10
32073,133,weighted,10,0.4365047770700637,0,21,None,66,1,5,False,10,10
32074,134,weighted,10,0.439390923566879,0,21,None,66,1,5,False,10,10
32075,130,weighted,10,0.4437699044585987,0,19,None,66,1,5,False,10,10
32076,131,weighted,10,0.449343152866242,0,19,None,66,1,5,False,10,10
32077,132,weighted,10,0.455812101910828,0,19,None,66,1,5,False,10,10
32078,133,weighted,10,0.4631767515923566,0,19,None,66,1,5,False,10,10
32079,134,weighted,10,0.4719347133757962,0,19,None,66,1,5,False,10,10
32080,130,weighted,10,0.4137141719745223,0,28,None,66,1,5,False,10,10
32081,131,weighted,10,0.4192874203821656,0,28,None,66,1,5,False,10,10
32082,132,weighted,10,0.423765923566879,0,28,None,66,1,5,False,10,10
32083,133,weighted,10,0.4280453821656051,0,28,None,66,1,5,False,10,10
32084,134,weighted,10,0.4313296178343949,0,28,None,66,1,5,False,10,10
32085,130,weighted,10,0.4663614649681528,0,24,None,66,1,5,False,10,10
32086,131,weighted,10,0.4715366242038216,0,24,None,66,1,5,False,10,10
32087,132,weighted,10,0.4762141719745223,0,24,None,66,1,5,False,10,10
32088,133,weighted,10,0.4814888535031847,0,24,None,66,1,5,False,10,10
32089,134,weighted,10,0.4853702229299363,0,24,None,66,1,5,False,10,10
32090,130,weighted,10,0.4572054140127388,0,27,None,66,1,5,False,10,10
32091,131,weighted,10,0.4619824840764331,0,27,None,66,1,5,False,10,10
32092,132,weighted,10,0.466859076433121,0,27,None,66,1,5,False,10,10
32093,133,weighted,10,0.4718351910828025,0,27,None,66,1,5,False,10,10
32094,134,weighted,10,0.4753184713375796,0,27,None,66,1,5,False,10,10
32095,130,weighted,10,0.4205812101910828,0,30,None,66,1,5,False,10,10
32096,131,weighted,10,0.4259554140127388,0,30,None,66,1,5,False,10,10
32097,132,weighted,10,0.4303343949044586,0,30,None,66,1,5,False,10,10
32098,133,weighted,10,0.4338176751592357,0,30,None,66,1,5,False,10,10
32099,134,weighted,10,0.4374004777070063,0,30,None,66,1,5,False,10,10
32100,130,weighted,10,0.3972929936305732,0,31,None,66,1,5,False,10,10
32101,131,weighted,10,0.401671974522293,0,31,None,66,1,5,False,10,10
32102,132,weighted,10,0.403264331210191,0,31,None,66,1,5,False,10,10
32103,133,weighted,10,0.4048566878980891,0,31,None,66,1,5,False,10,10
32104,134,weighted,10,0.4054538216560509,0,31,None,66,1,5,False,10,10
32105,130,weighted,10,0.4615843949044586,0,29,None,66,1,5,False,10,10
32106,131,weighted,10,0.474124203821656,0,29,None,66,1,5,False,10,10
32107,132,weighted,10,0.4829816878980891,0,29,None,66,1,5,False,10,10
32108,133,weighted,10,0.4913415605095541,0,29,None,66,1,5,False,10,10
32109,134,weighted,10,0.4987062101910828,0,29,None,66,1,5,False,10,10
32110,130,weighted,10,0.4672571656050955,0,9,None,66,1,5,False,10,10
32111,131,weighted,10,0.4757165605095541,0,9,None,66,1,5,False,10,10
32112,132,weighted,10,0.4827826433121019,0,9,None,66,1,5,False,10,10
32113,133,weighted,10,0.4904458598726114,0,9,None,66,1,5,False,10,10
32114,134,weighted,10,0.4974124203821656,0,9,None,66,1,5,False,10,10
32115,130,weighted,10,0.5020899681528662,0,7,None,66,1,5,False,10,10
32116,131,weighted,10,0.509952229299363,0,7,None,66,1,5,False,10,10
32117,132,weighted,10,0.5132364649681529,0,7,None,66,1,5,False,10,10
32118,133,weighted,10,0.5176154458598726,0,7,None,66,1,5,False,10,10
32119,134,weighted,10,0.5182125796178344,0,7,None,66,1,5,False,10,10
32120,130,weighted,10,0.4386942675159235,0,6,None,66,1,5,False,10,10
32121,131,weighted,10,0.4416799363057325,0,6,None,66,1,5,False,10,10
32122,132,weighted,10,0.4432722929936306,0,6,None,66,1,5,False,10,10
32123,133,weighted,10,0.4449641719745223,0,6,None,66,1,5,False,10,10
32124,134,weighted,10,0.4463574840764331,0,6,None,66,1,5,False,10,10
32125,130,weighted,10,0.419984076433121,0,16,None,66,1,5,False,10,10
32126,131,weighted,10,0.4241640127388535,0,16,None,66,1,5,False,10,10
32127,132,weighted,10,0.4275477707006369,0,16,None,66,1,5,False,10,10
32128,133,weighted,10,0.4306329617834395,0,16,None,66,1,5,False,10,10
32129,134,weighted,10,0.4331210191082802,0,16,None,66,1,5,False,10,10
32130,130,weighted,10,0.501890923566879,0,32,None,66,1,5,False,10,10
32131,131,weighted,10,0.503781847133758,0,32,None,66,1,5,False,10,10
32132,132,weighted,10,0.5080613057324841,0,32,None,66,1,5,False,10,10
32133,133,weighted,10,0.5134355095541401,0,32,None,66,1,5,False,10,10
32134,134,weighted,10,0.5142316878980892,0,32,None,66,1,5,False,10,10
32135,130,weighted,10,0.4489450636942675,0,10,None,66,1,5,False,10,10
32136,131,weighted,10,0.4530254777070063,0,10,None,66,1,5,False,10,10
32137,132,weighted,10,0.4496417197452229,0,10,None,66,1,5,False,10,10
32138,133,weighted,10,0.4482484076433121,0,10,None,66,1,5,False,10,10
32139,134,weighted,10,0.458499203821656,0,10,None,66,1,5,False,10,10
32140,130,weighted,10,0.4507364649681528,0,11,None,66,1,5,False,10,10
32141,131,weighted,10,0.4506369426751592,0,11,None,66,1,5,False,10,10
32142,132,weighted,10,0.4448646496815286,0,11,None,66,1,5,False,10,10
32143,133,weighted,10,0.4421775477707006,0,11,None,66,1,5,False,10,10
32144,134,weighted,10,0.4461584394904458,0,11,None,66,1,5,False,10,10
32145,130,weighted,10,0.4606886942675159,0,3,None,66,1,5,False,10,10
32146,131,weighted,10,0.4658638535031847,0,3,None,66,1,5,False,10,10
32147,132,weighted,10,0.4717356687898089,0,3,None,66,1,5,False,10,10
32148,133,weighted,10,0.4766122611464968,0,3,None,66,1,5,False,10,10
32149,134,weighted,10,0.4819864649681528,0,3,None,66,1,5,False,10,10
32150,130,weighted,10,0.5079617834394905,0,17,None,66,1,5,False,10,10
32151,131,weighted,10,0.5085589171974523,0,17,None,66,1,5,False,10,10
32152,132,weighted,10,0.5096536624203821,0,17,None,66,1,5,False,10,10
32153,133,weighted,10,0.5102507961783439,0,17,None,66,1,5,False,10,10
32154,134,weighted,10,0.5108479299363057,0,17,None,66,1,5,False,10,10
32155,130,weighted,10,0.4381966560509554,0,1,None,66,1,5,False,10,10
32156,131,weighted,10,0.4425756369426751,0,1,None,66,1,5,False,10,10
32157,132,weighted,10,0.4454617834394904,0,1,None,66,1,5,False,10,10
32158,133,weighted,10,0.4496417197452229,0,1,None,66,1,5,False,10,10
32159,134,weighted,10,0.4518312101910828,0,1,None,66,1,5,False,10,10
32160,130,weighted,10,0.4481488853503185,0,4,None,66,1,5,False,10,10
32161,131,weighted,10,0.453125,0,4,None,66,1,5,False,10,10
32162,132,weighted,10,0.4563097133757962,0,4,None,66,1,5,False,10,10
32163,133,weighted,10,0.4607882165605095,0,4,None,66,1,5,False,10,10
32164,134,weighted,10,0.4656648089171974,0,4,None,66,1,5,False,10,10
32165,130,weighted,10,0.4581011146496815,0,0,None,66,1,5,False,10,10
32166,131,weighted,10,0.4602906050955414,0,0,None,66,1,5,False,10,10
32167,132,weighted,10,0.4619824840764331,0,0,None,66,1,5,False,10,10
32168,133,weighted,10,0.4633757961783439,0,0,None,66,1,5,False,10,10
32169,134,weighted,10,0.4662619426751592,0,0,None,66,1,5,False,10,10
32170,130,weighted,10,0.4748208598726114,0,23,None,66,1,5,False,10,10
32171,131,weighted,10,0.480593152866242,0,23,None,66,1,5,False,10,10
32172,132,weighted,10,0.4929339171974522,0,23,None,66,1,5,False,10,10
32173,133,weighted,10,0.5009952229299363,0,23,None,66,1,5,False,10,10
32174,134,weighted,10,0.5111464968152867,0,23,None,66,1,5,False,10,10
36630,135,weighted,10,0.5093550955414012,0,5,None,66,1,5,False,10,10
36631,136,weighted,10,0.5135350318471338,0,5,None,66,1,5,False,10,10
36632,137,weighted,10,0.5172173566878981,0,5,None,66,1,5,False,10,10
36633,138,weighted,10,0.5215963375796179,0,5,None,66,1,5,False,10,10
36634,139,weighted,10,0.5253781847133758,0,5,None,66,1,5,False,10,10
36635,135,weighted,10,0.4406847133757962,0,13,None,66,1,5,False,10,10
36636,136,weighted,10,0.4460589171974522,0,13,None,66,1,5,False,10,10
36637,137,weighted,10,0.45203025477707,0,13,None,66,1,5,False,10,10
36638,138,weighted,10,0.4609872611464968,0,13,None,66,1,5,False,10,10
36639,139,weighted,10,0.4700437898089172,0,13,None,66,1,5,False,10,10
36640,135,weighted,10,0.4361066878980891,0,16,None,66,1,5,False,10,10
36641,136,weighted,10,0.4394904458598726,0,16,None,66,1,5,False,10,10
36642,137,weighted,10,0.4438694267515923,0,16,None,66,1,5,False,10,10
36643,138,weighted,10,0.4479498407643312,0,16,None,66,1,5,False,10,10
36644,139,weighted,10,0.4526273885350318,0,16,None,66,1,5,False,10,10
36645,135,weighted,10,0.4920382165605095,0,8,None,66,1,5,False,10,10
36646,136,weighted,10,0.5044785031847133,0,8,None,66,1,5,False,10,10
36647,137,weighted,10,0.5178144904458599,0,8,None,66,1,5,False,10,10
36648,138,weighted,10,0.5290605095541401,0,8,None,66,1,5,False,10,10
36649,139,weighted,10,0.5381170382165605,0,8,None,66,1,5,False,10,10
36650,135,weighted,10,0.5149283439490446,0,20,None,66,1,5,False,10,10
36651,136,weighted,10,0.5193073248407644,0,20,None,66,1,5,False,10,10
36652,137,weighted,10,0.522890127388535,0,20,None,66,1,5,False,10,10
36653,138,weighted,10,0.5259753184713376,0,20,None,66,1,5,False,10,10
36654,139,weighted,10,0.5288614649681529,0,20,None,66,1,5,False,10,10
36655,135,weighted,10,0.4758160828025478,0,19,None,66,1,5,False,10,10
36656,136,weighted,10,0.4817874203821656,0,19,None,66,1,5,False,10,10
36657,137,weighted,10,0.4907444267515923,0,19,None,66,1,5,False,10,10
36658,138,weighted,10,0.4979100318471338,0,19,None,66,1,5,False,10,10
36659,139,weighted,10,0.5036823248407644,0,19,None,66,1,5,False,10,10
36660,135,weighted,10,0.4549164012738853,0,22,None,66,1,5,False,10,10
36661,136,weighted,10,0.4588972929936306,0,22,None,66,1,5,False,10,10
36662,137,weighted,10,0.462281050955414,0,22,None,66,1,5,False,10,10
36663,138,weighted,10,0.4660628980891719,0,22,None,66,1,5,False,10,10
36664,139,weighted,10,0.4701433121019108,0,22,None,66,1,5,False,10,10
36665,135,weighted,10,0.4375995222929936,0,14,None,66,1,5,False,10,10
36666,136,weighted,10,0.4387937898089172,0,14,None,66,1,5,False,10,10
36667,137,weighted,10,0.4407842356687898,0,14,None,66,1,5,False,10,10
36668,138,weighted,10,0.4433718152866242,0,14,None,66,1,5,False,10,10
36669,139,weighted,10,0.4467555732484076,0,14,None,66,1,5,False,10,10
36670,135,weighted,10,0.5593152866242038,0,23,None,66,1,5,False,10,10
36671,136,weighted,10,0.5654856687898089,0,23,None,66,1,5,False,10,10
36672,137,weighted,10,0.5717555732484076,0,23,None,66,1,5,False,10,10
36673,138,weighted,10,0.5769307324840764,0,23,None,66,1,5,False,10,10
36674,139,weighted,10,0.5829020700636943,0,23,None,66,1,5,False,10,10
36675,135,weighted,10,0.4402866242038216,0,21,None,66,1,5,False,10,10
36676,136,weighted,10,0.4441679936305732,0,21,None,66,1,5,False,10,10
36677,137,weighted,10,0.4482484076433121,0,21,None,66,1,5,False,10,10
36678,138,weighted,10,0.4509355095541401,0,21,None,66,1,5,False,10,10
36679,139,weighted,10,0.4548168789808917,0,21,None,66,1,5,False,10,10
36680,135,weighted,10,0.4902468152866242,0,25,None,66,1,5,False,10,10
36681,136,weighted,10,0.4937300955414013,0,25,None,66,1,5,False,10,10
36682,137,weighted,10,0.4959195859872611,0,25,None,66,1,5,False,10,10
36683,138,weighted,10,0.4987062101910828,0,25,None,66,1,5,False,10,10
36684,139,weighted,10,0.5021894904458599,0,25,None,66,1,5,False,10,10
36685,135,weighted,10,0.4971138535031847,0,26,None,66,1,5,False,10,10
36686,136,weighted,10,0.4980095541401274,0,26,None,66,1,5,False,10,10
36687,137,weighted,10,0.498109076433121,0,26,None,66,1,5,False,10,10
36688,138,weighted,10,0.4985071656050955,0,26,None,66,1,5,False,10,10
36689,139,weighted,10,0.4988057324840764,0,26,None,66,1,5,False,10,10
36690,135,weighted,10,0.4823845541401274,0,12,None,66,1,5,False,10,10
36691,136,weighted,10,0.4827826433121019,0,12,None,66,1,5,False,10,10
36692,137,weighted,10,0.4811902866242038,0,12,None,66,1,5,False,10,10
36693,138,weighted,10,0.481389331210191,0,12,None,66,1,5,False,10,10
36694,139,weighted,10,0.4834792993630573,0,12,None,66,1,5,False,10,10
36695,135,weighted,10,0.4924363057324841,0,24,None,66,1,5,False,10,10
36696,136,weighted,10,0.4948248407643312,0,24,None,66,1,5,False,10,10
36697,137,weighted,10,0.4968152866242038,0,24,None,66,1,5,False,10,10
36698,138,weighted,10,0.4993033439490446,0,24,None,66,1,5,False,10,10
36699,139,weighted,10,0.5046775477707006,0,24,None,66,1,5,False,10,10
36700,135,weighted,10,0.4419785031847134,0,30,None,66,1,5,False,10,10
36701,136,weighted,10,0.4432722929936306,0,30,None,66,1,5,False,10,10
36702,137,weighted,10,0.4443670382165605,0,30,None,66,1,5,False,10,10
36703,138,weighted,10,0.4464570063694267,0,30,None,66,1,5,False,10,10
36704,139,weighted,10,0.4487460191082802,0,30,None,66,1,5,False,10,10
36705,135,weighted,10,0.444765127388535,0,6,None,66,1,5,False,10,10
36706,136,weighted,10,0.4461584394904458,0,6,None,66,1,5,False,10,10
36707,137,weighted,10,0.4476512738853503,0,6,None,66,1,5,False,10,10
36708,138,weighted,10,0.4498407643312102,0,6,None,66,1,5,False,10,10
36709,139,weighted,10,0.4524283439490446,0,6,None,66,1,5,False,10,10
36710,135,weighted,10,0.5146297770700637,0,18,None,66,1,5,False,10,10
36711,136,weighted,10,0.5179140127388535,0,18,None,66,1,5,False,10,10
36712,137,weighted,10,0.5219944267515924,0,18,None,66,1,5,False,10,10
36713,138,weighted,10,0.5244824840764332,0,18,None,66,1,5,False,10,10
36714,139,weighted,10,0.5280652866242038,0,18,None,66,1,5,False,10,10
36715,135,weighted,10,0.4823845541401274,0,27,None,66,1,5,False,10,10
36716,136,weighted,10,0.4865644904458598,0,27,None,66,1,5,False,10,10
36717,137,weighted,10,0.4901472929936306,0,27,None,66,1,5,False,10,10
36718,138,weighted,10,0.4952229299363057,0,27,None,66,1,5,False,10,10
36719,139,weighted,10,0.4995023885350318,0,27,None,66,1,5,False,10,10
36720,135,weighted,10,0.4006767515923566,0,31,None,66,1,5,False,10,10
36721,136,weighted,10,0.4022691082802547,0,31,None,66,1,5,False,10,10
36722,137,weighted,10,0.4030652866242038,0,31,None,66,1,5,False,10,10
36723,138,weighted,10,0.40515525477707,0,31,None,66,1,5,False,10,10
36724,139,weighted,10,0.4066480891719745,0,31,None,66,1,5,False,10,10
36725,135,weighted,10,0.5329418789808917,0,32,None,66,1,5,False,10,10
36726,136,weighted,10,0.535031847133758,0,32,None,66,1,5,False,10,10
36727,137,weighted,10,0.5392117834394905,0,32,None,66,1,5,False,10,10
36728,138,weighted,10,0.5425955414012739,0,32,None,66,1,5,False,10,10
36729,139,weighted,10,0.5461783439490446,0,32,None,66,1,5,False,10,10
36730,135,weighted,10,0.5241839171974523,0,7,None,66,1,5,False,10,10
36731,136,weighted,10,0.5245820063694268,0,7,None,66,1,5,False,10,10
36732,137,weighted,10,0.5244824840764332,0,7,None,66,1,5,False,10,10
36733,138,weighted,10,0.5241839171974523,0,7,None,66,1,5,False,10,10
36734,139,weighted,10,0.5250796178343949,0,7,None,66,1,5,False,10,10
36735,135,weighted,10,0.4504378980891719,0,1,None,66,1,5,False,10,10
36736,136,weighted,10,0.4548168789808917,0,1,None,66,1,5,False,10,10
36737,137,weighted,10,0.4580015923566879,0,1,None,66,1,5,False,10,10
36738,138,weighted,10,0.4616839171974522,0,1,None,66,1,5,False,10,10
36739,139,weighted,10,0.4640724522292994,0,1,None,66,1,5,False,10,10
36740,135,weighted,10,0.5142316878980892,0,2,None,66,1,5,False,10,10
36741,136,weighted,10,0.5160230891719745,0,2,None,66,1,5,False,10,10
36742,137,weighted,10,0.5174164012738853,0,2,None,66,1,5,False,10,10
36743,138,weighted,10,0.5190087579617835,0,2,None,66,1,5,False,10,10
36744,139,weighted,10,0.5210987261146497,0,2,None,66,1,5,False,10,10
36745,135,weighted,10,0.5044785031847133,0,15,None,66,1,5,False,10,10
36746,136,weighted,10,0.5131369426751592,0,15,None,66,1,5,False,10,10
36747,137,weighted,10,0.5190087579617835,0,15,None,66,1,5,False,10,10
36748,138,weighted,10,0.525577229299363,0,15,None,66,1,5,False,10,10
36749,139,weighted,10,0.5277667197452229,0,15,None,66,1,5,False,10,10
36750,135,weighted,10,0.477906050955414,0,4,None,66,1,5,False,10,10
36751,136,weighted,10,0.4829816878980891,0,4,None,66,1,5,False,10,10
36752,137,weighted,10,0.4888535031847134,0,4,None,66,1,5,False,10,10
36753,138,weighted,10,0.4941281847133758,0,4,None,66,1,5,False,10,10
36754,139,weighted,10,0.4990047770700637,0,4,None,66,1,5,False,10,10
36755,135,weighted,10,0.4446656050955414,0,11,None,66,1,5,False,10,10
36756,136,weighted,10,0.4488455414012738,0,11,None,66,1,5,False,10,10
36757,137,weighted,10,0.4559116242038216,0,11,None,66,1,5,False,10,10
36758,138,weighted,10,0.4631767515923566,0,11,None,66,1,5,False,10,10
36759,139,weighted,10,0.4700437898089172,0,11,None,66,1,5,False,10,10
36760,135,weighted,10,0.4592953821656051,0,10,None,66,1,5,False,10,10
36761,136,weighted,10,0.4606886942675159,0,10,None,66,1,5,False,10,10
36762,137,weighted,10,0.461484872611465,0,10,None,66,1,5,False,10,10
36763,138,weighted,10,0.4631767515923566,0,10,None,66,1,5,False,10,10
36764,139,weighted,10,0.4651671974522293,0,10,None,66,1,5,False,10,10
36765,135,weighted,10,0.5119426751592356,0,17,None,66,1,5,False,10,10
36766,136,weighted,10,0.5135350318471338,0,17,None,66,1,5,False,10,10
36767,137,weighted,10,0.513734076433121,0,17,None,66,1,5,False,10,10
36768,138,weighted,10,0.5161226114649682,0,17,None,66,1,5,False,10,10
36769,139,weighted,10,0.5165207006369427,0,17,None,66,1,5,False,10,10
36770,135,weighted,10,0.4312300955414013,0,28,None,66,1,5,False,10,10
36771,136,weighted,10,0.4349124203821656,0,28,None,66,1,5,False,10,10
36772,137,weighted,10,0.4398885350318471,0,28,None,66,1,5,False,10,10
36773,138,weighted,10,0.4478503184713376,0,28,None,66,1,5,False,10,10
36774,139,weighted,10,0.4583996815286624,0,28,None,66,1,5,False,10,10
36775,135,weighted,10,0.4873606687898089,0,3,None,66,1,5,False,10,10
36776,136,weighted,10,0.492734872611465,0,3,None,66,1,5,False,10,10
36777,137,weighted,10,0.4984076433121019,0,3,None,66,1,5,False,10,10
36778,138,weighted,10,0.5042794585987261,0,3,None,66,1,5,False,10,10
36779,139,weighted,10,0.5076632165605095,0,3,None,66,1,5,False,10,10
36780,135,weighted,10,0.5065684713375797,0,9,None,66,1,5,False,10,10
36781,136,weighted,10,0.5125398089171974,0,9,None,66,1,5,False,10,10
36782,137,weighted,10,0.5166202229299363,0,9,None,66,1,5,False,10,10
36783,138,weighted,10,0.5206011146496815,0,9,None,66,1,5,False,10,10
36784,139,weighted,10,0.5237858280254777,0,9,None,66,1,5,False,10,10
36785,135,weighted,10,0.5030851910828026,0,29,None,66,1,5,False,10,10
36786,136,weighted,10,0.513734076433121,0,29,None,66,1,5,False,10,10
36787,137,weighted,10,0.5199044585987261,0,29,None,66,1,5,False,10,10
36788,138,weighted,10,0.5242834394904459,0,29,None,66,1,5,False,10,10
36789,139,weighted,10,0.5289609872611465,0,29,None,66,1,5,False,10,10
36790,135,weighted,10,0.4648686305732484,0,0,None,66,1,5,False,10,10
36791,136,weighted,10,0.4677547770700637,0,0,None,66,1,5,False,10,10
36792,137,weighted,10,0.4694466560509554,0,0,None,66,1,5,False,10,10
36793,138,weighted,10,0.4729299363057325,0,0,None,66,1,5,False,10,10
36794,139,weighted,10,0.4762141719745223,0,0,None,66,1,5,False,10,10
36795,140,weighted,10,0.5041799363057324,0,26,None,66,1,5,False,10,10
36796,141,weighted,10,0.504578025477707,0,26,None,66,1,5,False,10,10
36797,142,weighted,10,0.5041799363057324,0,26,None,66,1,5,False,10,10
36798,143,weighted,10,0.5052746815286624,0,26,None,66,1,5,False,10,10
36799,144,weighted,10,0.5057722929936306,0,26,None,66,1,5,False,10,10
36800,140,weighted,10,0.4612858280254777,0,1,None,66,1,5,False,10,10
36801,141,weighted,10,0.4652667197452229,0,1,None,66,1,5,False,10,10
36802,142,weighted,10,0.46765525477707,0,1,None,66,1,5,False,10,10
36803,143,weighted,10,0.4689490445859872,0,1,None,66,1,5,False,10,10
36804,144,weighted,10,0.4702428343949044,0,1,None,66,1,5,False,10,10
36805,140,weighted,10,0.5046775477707006,0,25,None,66,1,5,False,10,10
36806,141,weighted,10,0.5078622611464968,0,25,None,66,1,5,False,10,10
36807,142,weighted,10,0.5105493630573248,0,25,None,66,1,5,False,10,10
36808,143,weighted,10,0.5162221337579618,0,25,None,66,1,5,False,10,10
36809,144,weighted,10,0.5242834394904459,0,25,None,66,1,5,False,10,10
36810,140,weighted,10,0.4521297770700637,0,14,None,66,1,5,False,10,10
36811,141,weighted,10,0.4533240445859872,0,14,None,66,1,5,False,10,10
36812,142,weighted,10,0.4557125796178344,0,14,None,66,1,5,False,10,10
36813,143,weighted,10,0.4585987261146497,0,14,None,66,1,5,False,10,10
36814,144,weighted,10,0.4633757961783439,0,14,None,66,1,5,False,10,10
36815,140,weighted,10,0.5318471337579618,0,29,None,66,1,5,False,10,10
36816,141,weighted,10,0.5329418789808917,0,29,None,66,1,5,False,10,10
36817,142,weighted,10,0.535031847133758,0,29,None,66,1,5,False,10,10
36818,143,weighted,10,0.5373208598726115,0,29,None,66,1,5,False,10,10
36819,144,weighted,10,0.5403065286624203,0,29,None,66,1,5,False,10,10
36820,140,weighted,10,0.5232882165605095,0,2,None,66,1,5,False,10,10
36821,141,weighted,10,0.5243829617834395,0,2,None,66,1,5,False,10,10
36822,142,weighted,10,0.5256767515923567,0,2,None,66,1,5,False,10,10
36823,143,weighted,10,0.526671974522293,0,2,None,66,1,5,False,10,10
36824,144,weighted,10,0.5282643312101911,0,2,None,66,1,5,False,10,10
36825,140,weighted,10,0.5248805732484076,0,5,None,66,1,5,False,10,10
36826,141,weighted,10,0.5265724522292994,0,5,None,66,1,5,False,10,10
36827,142,weighted,10,0.5297571656050956,0,5,None,66,1,5,False,10,10
36828,143,weighted,10,0.5305533439490446,0,5,None,66,1,5,False,10,10
36829,144,weighted,10,0.5317476114649682,0,5,None,66,1,5,False,10,10
36830,140,weighted,10,0.5298566878980892,0,7,None,66,1,5,False,10,10
36831,141,weighted,10,0.5298566878980892,0,7,None,66,1,5,False,10,10
36832,142,weighted,10,0.5305533439490446,0,7,None,66,1,5,False,10,10
36833,143,weighted,10,0.53125,0,7,None,66,1,5,False,10,10
36834,144,weighted,10,0.5320461783439491,0,7,None,66,1,5,False,10,10
36835,140,weighted,10,0.5258757961783439,0,9,None,66,1,5,False,10,10
36836,141,weighted,10,0.5288614649681529,0,9,None,66,1,5,False,10,10
36837,142,weighted,10,0.5297571656050956,0,9,None,66,1,5,False,10,10
36838,143,weighted,10,0.5311504777070064,0,9,None,66,1,5,False,10,10
36839,144,weighted,10,0.5321457006369427,0,9,None,66,1,5,False,10,10
36840,140,weighted,10,0.5288614649681529,0,15,None,66,1,5,False,10,10
36841,141,weighted,10,0.5333399681528662,0,15,None,66,1,5,False,10,10
36842,142,weighted,10,0.5345342356687898,0,15,None,66,1,5,False,10,10
36843,143,weighted,10,0.5388136942675159,0,15,None,66,1,5,False,10,10
36844,144,weighted,10,0.541202229299363,0,15,None,66,1,5,False,10,10
36845,140,weighted,10,0.4637738853503185,0,11,None,66,1,5,False,10,10
36846,141,weighted,10,0.4723328025477707,0,11,None,66,1,5,False,10,10
36847,142,weighted,10,0.4785031847133758,0,11,None,66,1,5,False,10,10
36848,143,weighted,10,0.4855692675159235,0,11,None,66,1,5,False,10,10
36849,144,weighted,10,0.4904458598726114,0,11,None,66,1,5,False,10,10
36850,140,weighted,10,0.5179140127388535,0,17,None,66,1,5,False,10,10
36851,141,weighted,10,0.5182125796178344,0,17,None,66,1,5,False,10,10
36852,142,weighted,10,0.519406847133758,0,17,None,66,1,5,False,10,10
36853,143,weighted,10,0.5199044585987261,0,17,None,66,1,5,False,10,10
36854,144,weighted,10,0.5214968152866242,0,17,None,66,1,5,False,10,10
36855,140,weighted,10,0.4730294585987261,0,16,None,66,1,5,False,10,10
36856,141,weighted,10,0.4795979299363057,0,16,None,66,1,5,False,10,10
36857,142,weighted,10,0.4847730891719745,0,16,None,66,1,5,False,10,10
36858,143,weighted,10,0.4903463375796178,0,16,None,66,1,5,False,10,10
36859,144,weighted,10,0.4934315286624204,0,16,None,66,1,5,False,10,10
36860,140,weighted,10,0.528562898089172,0,18,None,66,1,5,False,10,10
36861,141,weighted,10,0.5306528662420382,0,18,None,66,1,5,False,10,10
36862,142,weighted,10,0.5345342356687898,0,18,None,66,1,5,False,10,10
36863,143,weighted,10,0.5357285031847133,0,18,None,66,1,5,False,10,10
36864,144,weighted,10,0.5376194267515924,0,18,None,66,1,5,False,10,10
36865,140,weighted,10,0.4683519108280254,0,13,None,66,1,5,False,10,10
36866,141,weighted,10,0.4806926751592357,0,13,None,66,1,5,False,10,10
36867,142,weighted,10,0.4885549363057325,0,13,None,66,1,5,False,10,10
36868,143,weighted,10,0.4957205414012738,0,13,None,66,1,5,False,10,10
36869,144,weighted,10,0.5021894904458599,0,13,None,66,1,5,False,10,10
36870,140,weighted,10,0.4978105095541401,0,12,None,66,1,5,False,10,10
36871,141,weighted,10,0.4967157643312102,0,12,None,66,1,5,False,10,10
36872,142,weighted,10,0.4983081210191082,0,12,None,66,1,5,False,10,10
36873,143,weighted,10,0.4990047770700637,0,12,None,66,1,5,False,10,10
36874,144,weighted,10,0.5042794585987261,0,12,None,66,1,5,False,10,10
36875,140,weighted,10,0.512937898089172,0,19,None,66,1,5,False,10,10
36876,141,weighted,10,0.518312101910828,0,19,None,66,1,5,False,10,10
36877,142,weighted,10,0.5234872611464968,0,19,None,66,1,5,False,10,10
36878,143,weighted,10,0.527468152866242,0,19,None,66,1,5,False,10,10
36879,144,weighted,10,0.5317476114649682,0,19,None,66,1,5,False,10,10
36880,140,weighted,10,0.4552149681528662,0,21,None,66,1,5,False,10,10
36881,141,weighted,10,0.4594944267515923,0,21,None,66,1,5,False,10,10
36882,142,weighted,10,0.4643710191082802,0,21,None,66,1,5,False,10,10
36883,143,weighted,10,0.4704418789808917,0,21,None,66,1,5,False,10,10
36884,144,weighted,10,0.4759156050955414,0,21,None,66,1,5,False,10,10
36885,140,weighted,10,0.508359872611465,0,24,None,66,1,5,False,10,10
36886,141,weighted,10,0.5112460191082803,0,24,None,66,1,5,False,10,10
36887,142,weighted,10,0.5134355095541401,0,24,None,66,1,5,False,10,10
36888,143,weighted,10,0.5170183121019108,0,24,None,66,1,5,False,10,10
36889,144,weighted,10,0.5214968152866242,0,24,None,66,1,5,False,10,10
36890,140,weighted,10,0.5030851910828026,0,27,None,66,1,5,False,10,10
36891,141,weighted,10,0.5074641719745223,0,27,None,66,1,5,False,10,10
36892,142,weighted,10,0.5098527070063694,0,27,None,66,1,5,False,10,10
36893,143,weighted,10,0.5123407643312102,0,27,None,66,1,5,False,10,10
36894,144,weighted,10,0.5144307324840764,0,27,None,66,1,5,False,10,10
36895,140,weighted,10,0.450139331210191,0,30,None,66,1,5,False,10,10
36896,141,weighted,10,0.4521297770700637,0,30,None,66,1,5,False,10,10
36897,142,weighted,10,0.455015923566879,0,30,None,66,1,5,False,10,10
36898,143,weighted,10,0.4581011146496815,0,30,None,66,1,5,False,10,10
36899,144,weighted,10,0.4611863057324841,0,30,None,66,1,5,False,10,10
36900,140,weighted,10,0.4010748407643312,0,31,None,66,1,5,False,10,10
36901,141,weighted,10,0.4033638535031847,0,31,None,66,1,5,False,10,10
36902,142,weighted,10,0.4048566878980891,0,31,None,66,1,5,False,10,10
36903,143,weighted,10,0.407046178343949,0,31,None,66,1,5,False,10,10
36904,144,weighted,10,0.4077428343949044,0,31,None,66,1,5,False,10,10
36905,140,weighted,10,0.4600915605095541,0,28,None,66,1,5,False,10,10
36906,141,weighted,10,0.4736265923566879,0,28,None,66,1,5,False,10,10
36907,142,weighted,10,0.4826831210191082,0,28,None,66,1,5,False,10,10
36908,143,weighted,10,0.4910429936305732,0,28,None,66,1,5,False,10,10
36909,144,weighted,10,0.4990047770700637,0,28,None,66,1,5,False,10,10
36910,140,weighted,10,0.4776074840764331,0,0,None,66,1,5,False,10,10
36911,141,weighted,10,0.4818869426751592,0,0,None,66,1,5,False,10,10
36912,142,weighted,10,0.4877587579617834,0,0,None,66,1,5,False,10,10
36913,143,weighted,10,0.497014331210191,0,0,None,66,1,5,False,10,10
36914,144,weighted,10,0.5050756369426752,0,0,None,66,1,5,False,10,10
36915,140,weighted,10,0.5133359872611465,0,3,None,66,1,5,False,10,10
36916,141,weighted,10,0.5171178343949044,0,3,None,66,1,5,False,10,10
36917,142,weighted,10,0.5215963375796179,0,3,None,66,1,5,False,10,10
36918,143,weighted,10,0.5261743630573248,0,3,None,66,1,5,False,10,10
36919,144,weighted,10,0.5309514331210191,0,3,None,66,1,5,False,10,10
36920,140,weighted,10,0.4486464968152866,0,6,None,66,1,5,False,10,10
36921,141,weighted,10,0.4503383757961783,0,6,None,66,1,5,False,10,10
36922,142,weighted,10,0.4532245222929936,0,6,None,66,1,5,False,10,10
36923,143,weighted,10,0.4560111464968153,0,6,None,66,1,5,False,10,10
36924,144,weighted,10,0.4583001592356688,0,6,None,66,1,5,False,10,10
36925,140,weighted,10,0.5198049363057324,0,4,None,66,1,5,False,10,10
36926,141,weighted,10,0.5250796178343949,0,4,None,66,1,5,False,10,10
36927,142,weighted,10,0.53015525477707,0,4,None,66,1,5,False,10,10
36928,143,weighted,10,0.5337380573248408,0,4,None,66,1,5,False,10,10
36929,144,weighted,10,0.5393113057324841,0,4,None,66,1,5,False,10,10
36930,140,weighted,10,0.533937101910828,0,8,None,66,1,5,False,10,10
36931,141,weighted,10,0.5434912420382165,0,8,None,66,1,5,False,10,10
36932,142,weighted,10,0.5497611464968153,0,8,None,66,1,5,False,10,10
36933,143,weighted,10,0.5545382165605095,0,8,None,66,1,5,False,10,10
36934,144,weighted,10,0.5576234076433121,0,8,None,66,1,5,False,10,10
36935,140,weighted,10,0.4683519108280254,0,10,None,66,1,5,False,10,10
36936,141,weighted,10,0.46875,0,10,None,66,1,5,False,10,10
36937,142,weighted,10,0.473328025477707,0,10,None,66,1,5,False,10,10
36938,143,weighted,10,0.4755175159235669,0,10,None,66,1,5,False,10,10
36939,144,weighted,10,0.4774084394904458,0,10,None,66,1,5,False,10,10
36940,140,weighted,10,0.5304538216560509,0,20,None,66,1,5,False,10,10
36941,141,weighted,10,0.5322452229299363,0,20,None,66,1,5,False,10,10
36942,142,weighted,10,0.5333399681528662,0,20,None,66,1,5,False,10,10
36943,143,weighted,10,0.5345342356687898,0,20,None,66,1,5,False,10,10
36944,144,weighted,10,0.5372213375796179,0,20,None,66,1,5,False,10,10
36945,140,weighted,10,0.4696457006369426,0,22,None,66,1,5,False,10,10
36946,141,weighted,10,0.474124203821656,0,22,None,66,1,5,False,10,10
36947,142,weighted,10,0.4792993630573248,0,22,None,66,1,5,False,10,10
36948,143,weighted,10,0.4850716560509554,0,22,None,66,1,5,False,10,10
36949,144,weighted,10,0.4903463375796178,0,22,None,66,1,5,False,10,10
36950,140,weighted,10,0.5875796178343949,0,23,None,66,1,5,False,10,10
36951,141,weighted,10,0.5901671974522293,0,23,None,66,1,5,False,10,10
36952,142,weighted,10,0.5933519108280255,0,23,None,66,1,5,False,10,10
36953,143,weighted,10,0.5953423566878981,0,23,None,66,1,5,False,10,10
36954,144,weighted,10,0.5966361464968153,0,23,None,66,1,5,False,10,10
36955,140,weighted,10,0.5617038216560509,0,32,None,66,1,5,False,10,10
36956,141,weighted,10,0.5650875796178344,0,32,None,66,1,5,False,10,10
36957,142,weighted,10,0.5657842356687898,0,32,None,66,1,5,False,10,10
36958,143,weighted,10,0.5677746815286624,0,32,None,66,1,5,False,10,10
36959,144,weighted,10,0.5682722929936306,0,32,None,66,1,5,False,10,10
41745,145,weighted,10,0.4784036624203822,0,10,None,66,1,5,False,10,10
41746,146,weighted,10,0.4811902866242038,0,10,None,66,1,5,False,10,10
41747,147,weighted,10,0.4817874203821656,0,10,None,66,1,5,False,10,10
41748,148,weighted,10,0.4827826433121019,0,10,None,66,1,5,False,10,10
41749,149,weighted,10,0.4842754777070063,0,10,None,66,1,5,False,10,10
41750,145,weighted,10,0.5476711783439491,0,15,None,66,1,5,False,10,10
41751,146,weighted,10,0.548765923566879,0,15,None,66,1,5,False,10,10
41752,147,weighted,10,0.5478702229299363,0,15,None,66,1,5,False,10,10
41753,148,weighted,10,0.5523487261146497,0,15,None,66,1,5,False,10,10
41754,149,weighted,10,0.559812898089172,0,15,None,66,1,5,False,10,10
41755,145,weighted,10,0.5014928343949044,0,16,None,66,1,5,False,10,10
41756,146,weighted,10,0.5039808917197452,0,16,None,66,1,5,False,10,10
41757,147,weighted,10,0.5054737261146497,0,16,None,66,1,5,False,10,10
41758,148,weighted,10,0.5094546178343949,0,16,None,66,1,5,False,10,10
41759,149,weighted,10,0.5121417197452229,0,16,None,66,1,5,False,10,10
41760,145,weighted,10,0.4869625796178344,0,11,None,66,1,5,False,10,10
41761,146,weighted,10,0.4929339171974522,0,11,None,66,1,5,False,10,10
41762,147,weighted,10,0.4986066878980891,0,11,None,66,1,5,False,10,10
41763,148,weighted,10,0.5033837579617835,0,11,None,66,1,5,False,10,10
41764,149,weighted,10,0.5074641719745223,0,11,None,66,1,5,False,10,10
41765,145,weighted,10,0.5771297770700637,0,20,None,66,1,5,False,10,10
41766,146,weighted,10,0.5850915605095541,0,20,None,66,1,5,False,10,10
41767,147,weighted,10,0.5898686305732485,0,20,None,66,1,5,False,10,10
41768,148,weighted,10,0.5905652866242038,0,20,None,66,1,5,False,10,10
41769,149,weighted,10,0.5924562101910829,0,20,None,66,1,5,False,10,10
41770,145,weighted,10,0.5047770700636943,0,22,None,66,1,5,False,10,10
41771,146,weighted,10,0.5119426751592356,0,22,None,66,1,5,False,10,10
41772,147,weighted,10,0.517515923566879,0,22,None,66,1,5,False,10,10
41773,148,weighted,10,0.5222929936305732,0,22,None,66,1,5,False,10,10
41774,149,weighted,10,0.5277667197452229,0,22,None,66,1,5,False,10,10
41775,145,weighted,10,0.5232882165605095,0,17,None,66,1,5,False,10,10
41776,146,weighted,10,0.5240843949044586,0,17,None,66,1,5,False,10,10
41777,147,weighted,10,0.5251791401273885,0,17,None,66,1,5,False,10,10
41778,148,weighted,10,0.5261743630573248,0,17,None,66,1,5,False,10,10
41779,149,weighted,10,0.526671974522293,0,17,None,66,1,5,False,10,10
41780,145,weighted,10,0.5090565286624203,0,26,None,66,1,5,False,10,10
41781,146,weighted,10,0.509156050955414,0,26,None,66,1,5,False,10,10
41782,147,weighted,10,0.5095541401273885,0,26,None,66,1,5,False,10,10
41783,148,weighted,10,0.5085589171974523,0,26,None,66,1,5,False,10,10
41784,149,weighted,10,0.5079617834394905,0,26,None,66,1,5,False,10,10
41785,145,weighted,10,0.5668789808917197,0,12,None,66,1,5,False,10,10
41786,146,weighted,10,0.5682722929936306,0,12,None,66,1,5,False,10,10
41787,147,weighted,10,0.568172770700637,0,12,None,66,1,5,False,10,10
41788,148,weighted,10,0.568172770700637,0,12,None,66,1,5,False,10,10
41789,149,weighted,10,0.570859872611465,0,12,None,66,1,5,False,10,10
41790,145,weighted,10,0.5245820063694268,0,24,None,66,1,5,False,10,10
41791,146,weighted,10,0.5277667197452229,0,24,None,66,1,5,False,10,10
41792,147,weighted,10,0.5313495222929936,0,24,None,66,1,5,False,10,10
41793,148,weighted,10,0.5347332802547771,0,24,None,66,1,5,False,10,10
41794,149,weighted,10,0.5388136942675159,0,24,None,66,1,5,False,10,10
41795,145,weighted,10,0.4600915605095541,0,30,None,66,1,5,False,10,10
41796,146,weighted,10,0.4635748407643312,0,30,None,66,1,5,False,10,10
41797,147,weighted,10,0.4689490445859872,0,30,None,66,1,5,False,10,10
41798,148,weighted,10,0.4744227707006369,0,30,None,66,1,5,False,10,10
41799,149,weighted,10,0.4796974522292994,0,30,None,66,1,5,False,10,10
41800,145,weighted,10,0.453921178343949,0,6,None,66,1,5,False,10,10
41801,146,weighted,10,0.4563097133757962,0,6,None,66,1,5,False,10,10
41802,147,weighted,10,0.4586982484076433,0,6,None,66,1,5,False,10,10
41803,148,weighted,10,0.461484872611465,0,6,None,66,1,5,False,10,10
41804,149,weighted,10,0.464171974522293,0,6,None,66,1,5,False,10,10
41805,145,weighted,10,0.5388136942675159,0,7,None,66,1,5,False,10,10
41806,146,weighted,10,0.5375199044585988,0,7,None,66,1,5,False,10,10
41807,147,weighted,10,0.5379179936305732,0,7,None,66,1,5,False,10,10
41808,148,weighted,10,0.5391122611464968,0,7,None,66,1,5,False,10,10
41809,149,weighted,10,0.5400079617834395,0,7,None,66,1,5,False,10,10
41810,145,weighted,10,0.5782245222929936,0,32,None,66,1,5,False,10,10
41811,146,weighted,10,0.5793192675159236,0,32,None,66,1,5,False,10,10
41812,147,weighted,10,0.5802149681528662,0,32,None,66,1,5,False,10,10
41813,148,weighted,10,0.580812101910828,0,32,None,66,1,5,False,10,10
41814,149,weighted,10,0.5814092356687898,0,32,None,66,1,5,False,10,10
41815,145,weighted,10,0.5503582802547771,0,25,None,66,1,5,False,10,10
41816,146,weighted,10,0.556031050955414,0,25,None,66,1,5,False,10,10
41817,147,weighted,10,0.560609076433121,0,25,None,66,1,5,False,10,10
41818,148,weighted,10,0.5676751592356688,0,25,None,66,1,5,False,10,10
41819,149,weighted,10,0.5734474522292994,0,25,None,66,1,5,False,10,10
41820,145,weighted,10,0.4726313694267516,0,14,None,66,1,5,False,10,10
41821,146,weighted,10,0.4785031847133758,0,14,None,66,1,5,False,10,10
41822,147,weighted,10,0.4864649681528662,0,14,None,66,1,5,False,10,10
41823,148,weighted,10,0.4934315286624204,0,14,None,66,1,5,False,10,10
41824,149,weighted,10,0.5006966560509554,0,14,None,66,1,5,False,10,10
41825,145,weighted,10,0.4682523885350318,0,1,None,66,1,5,False,10,10
41826,146,weighted,10,0.4711385350318471,0,1,None,66,1,5,False,10,10
41827,147,weighted,10,0.4728304140127388,0,1,None,66,1,5,False,10,10
41828,148,weighted,10,0.4744227707006369,0,1,None,66,1,5,False,10,10
41829,149,weighted,10,0.476015127388535,0,1,None,66,1,5,False,10,10
41830,145,weighted,10,0.5292595541401274,0,2,None,66,1,5,False,10,10
41831,146,weighted,10,0.5310509554140127,0,2,None,66,1,5,False,10,10
41832,147,weighted,10,0.5325437898089171,0,2,None,66,1,5,False,10,10
41833,148,weighted,10,0.5336385350318471,0,2,None,66,1,5,False,10,10
41834,149,weighted,10,0.535031847133758,0,2,None,66,1,5,False,10,10
41835,145,weighted,10,0.5355294585987261,0,5,None,66,1,5,False,10,10
41836,146,weighted,10,0.5357285031847133,0,5,None,66,1,5,False,10,10
41837,147,weighted,10,0.5373208598726115,0,5,None,66,1,5,False,10,10
41838,148,weighted,10,0.5380175159235668,0,5,None,66,1,5,False,10,10
41839,149,weighted,10,0.5382165605095541,0,5,None,66,1,5,False,10,10
41840,145,weighted,10,0.5440883757961783,0,4,None,66,1,5,False,10,10
41841,146,weighted,10,0.5476711783439491,0,4,None,66,1,5,False,10,10
41842,147,weighted,10,0.5501592356687898,0,4,None,66,1,5,False,10,10
41843,148,weighted,10,0.5517515923566879,0,4,None,66,1,5,False,10,10
41844,149,weighted,10,0.5542396496815286,0,4,None,66,1,5,False,10,10
41845,145,weighted,10,0.5038813694267515,0,13,None,66,1,5,False,10,10
41846,146,weighted,10,0.509952229299363,0,13,None,66,1,5,False,10,10
41847,147,weighted,10,0.51453025477707,0,13,None,66,1,5,False,10,10
41848,148,weighted,10,0.51671974522293,0,13,None,66,1,5,False,10,10
41849,149,weighted,10,0.5201035031847133,0,13,None,66,1,5,False,10,10
41850,145,weighted,10,0.497014331210191,0,21,None,66,1,5,False,10,10
41851,146,weighted,10,0.5035828025477707,0,21,None,66,1,5,False,10,10
41852,147,weighted,10,0.5096536624203821,0,21,None,66,1,5,False,10,10
41853,148,weighted,10,0.5151273885350318,0,21,None,66,1,5,False,10,10
41854,149,weighted,10,0.5204020700636943,0,21,None,66,1,5,False,10,10
41855,145,weighted,10,0.5987261146496815,0,23,None,66,1,5,False,10,10
41856,146,weighted,10,0.6003184713375797,0,23,None,66,1,5,False,10,10
41857,147,weighted,10,0.602906050955414,0,23,None,66,1,5,False,10,10
41858,148,weighted,10,0.6041003184713376,0,23,None,66,1,5,False,10,10
41859,149,weighted,10,0.6045979299363057,0,23,None,66,1,5,False,10,10
41860,145,weighted,10,0.4987062101910828,0,28,None,66,1,5,False,10,10
41861,146,weighted,10,0.5049761146496815,0,28,None,66,1,5,False,10,10
41862,147,weighted,10,0.5092555732484076,0,28,None,66,1,5,False,10,10
41863,148,weighted,10,0.5140326433121019,0,28,None,66,1,5,False,10,10
41864,149,weighted,10,0.5180135350318471,0,28,None,66,1,5,False,10,10
41865,145,weighted,10,0.5162221337579618,0,27,None,66,1,5,False,10,10
41866,146,weighted,10,0.5163216560509554,0,27,None,66,1,5,False,10,10
41867,147,weighted,10,0.5178144904458599,0,27,None,66,1,5,False,10,10
41868,148,weighted,10,0.5199044585987261,0,27,None,66,1,5,False,10,10
41869,149,weighted,10,0.5208001592356688,0,27,None,66,1,5,False,10,10
41870,145,weighted,10,0.556827229299363,0,8,None,66,1,5,False,10,10
41871,146,weighted,10,0.5603105095541401,0,8,None,66,1,5,False,10,10
41872,147,weighted,10,0.5624004777070064,0,8,None,66,1,5,False,10,10
41873,148,weighted,10,0.5642914012738853,0,8,None,66,1,5,False,10,10
41874,149,weighted,10,0.566281847133758,0,8,None,66,1,5,False,10,10
41875,145,weighted,10,0.5384156050955414,0,18,None,66,1,5,False,10,10
41876,146,weighted,10,0.5395103503184714,0,18,None,66,1,5,False,10,10
41877,147,weighted,10,0.5403065286624203,0,18,None,66,1,5,False,10,10
41878,148,weighted,10,0.5419984076433121,0,18,None,66,1,5,False,10,10
41879,149,weighted,10,0.5436902866242038,0,18,None,66,1,5,False,10,10
41880,145,weighted,10,0.5341361464968153,0,3,None,66,1,5,False,10,10
41881,146,weighted,10,0.5384156050955414,0,3,None,66,1,5,False,10,10
41882,147,weighted,10,0.5416998407643312,0,3,None,66,1,5,False,10,10
41883,148,weighted,10,0.5458797770700637,0,3,None,66,1,5,False,10,10
41884,149,weighted,10,0.5489649681528662,0,3,None,66,1,5,False,10,10
41885,145,weighted,10,0.5341361464968153,0,19,None,66,1,5,False,10,10
41886,146,weighted,10,0.5351313694267515,0,19,None,66,1,5,False,10,10
41887,147,weighted,10,0.5356289808917197,0,19,None,66,1,5,False,10,10
41888,148,weighted,10,0.5370222929936306,0,19,None,66,1,5,False,10,10
41889,149,weighted,10,0.5373208598726115,0,19,None,66,1,5,False,10,10
41890,145,weighted,10,0.399781050955414,0,31,None,66,1,5,False,10,10
41891,146,weighted,10,0.4023686305732484,0,31,None,66,1,5,False,10,10
41892,147,weighted,10,0.4046576433121019,0,31,None,66,1,5,False,10,10
41893,148,weighted,10,0.4064490445859872,0,31,None,66,1,5,False,10,10
41894,149,weighted,10,0.4071457006369426,0,31,None,66,1,5,False,10,10
41895,150,weighted,10,0.5116441082802548,0,26,None,66,1,5,False,10,10
41896,151,weighted,10,0.5112460191082803,0,26,None,66,1,5,False,10,10
41897,152,weighted,10,0.5112460191082803,0,26,None,66,1,5,False,10,10
41898,153,weighted,10,0.5109474522292994,0,26,None,66,1,5,False,10,10
41899,154,weighted,10,0.5107484076433121,0,26,None,66,1,5,False,10,10
41900,145,weighted,10,0.5343351910828026,0,9,None,66,1,5,False,10,10
41901,146,weighted,10,0.5352308917197452,0,9,None,66,1,5,False,10,10
41902,147,weighted,10,0.5363256369426752,0,9,None,66,1,5,False,10,10
41903,148,weighted,10,0.5368232484076433,0,9,None,66,1,5,False,10,10
41904,149,weighted,10,0.5378184713375797,0,9,None,66,1,5,False,10,10
41905,145,weighted,10,0.5403065286624203,0,29,None,66,1,5,False,10,10
41906,146,weighted,10,0.5418988853503185,0,29,None,66,1,5,False,10,10
41907,147,weighted,10,0.5445859872611465,0,29,None,66,1,5,False,10,10
41908,148,weighted,10,0.5453821656050956,0,29,None,66,1,5,False,10,10
41909,149,weighted,10,0.5463773885350318,0,29,None,66,1,5,False,10,10
41910,145,weighted,10,0.5138335987261147,0,0,None,66,1,5,False,10,10
41911,146,weighted,10,0.5216958598726115,0,0,None,66,1,5,False,10,10
41912,147,weighted,10,0.5289609872611465,0,0,None,66,1,5,False,10,10
41913,148,weighted,10,0.5351313694267515,0,0,None,66,1,5,False,10,10
41914,149,weighted,10,0.5418988853503185,0,0,None,66,1,5,False,10,10
41915,150,weighted,10,0.5161226114649682,0,14,None,66,1,5,False,10,10
41916,151,weighted,10,0.5218949044585988,0,14,None,66,1,5,False,10,10
41917,152,weighted,10,0.5258757961783439,0,14,None,66,1,5,False,10,10
41918,153,weighted,10,0.5299562101910829,0,14,None,66,1,5,False,10,10
41919,154,weighted,10,0.5338375796178344,0,14,None,66,1,5,False,10,10
41920,150,weighted,10,0.5758359872611465,0,25,None,66,1,5,False,10,10
41921,151,weighted,10,0.5794187898089171,0,25,None,66,1,5,False,10,10
41922,152,weighted,10,0.5823049363057324,0,25,None,66,1,5,False,10,10
41923,153,weighted,10,0.5862858280254777,0,25,None,66,1,5,False,10,10
41924,154,weighted,10,0.5885748407643312,0,25,None,66,1,5,False,10,10
41925,150,weighted,10,0.4757165605095541,0,1,None,66,1,5,False,10,10
41926,151,weighted,10,0.4780055732484076,0,1,None,66,1,5,False,10,10
41927,152,weighted,10,0.4795979299363057,0,1,None,66,1,5,False,10,10
41928,153,weighted,10,0.4812898089171974,0,1,None,66,1,5,False,10,10
41929,154,weighted,10,0.4831807324840764,0,1,None,66,1,5,False,10,10
41930,150,weighted,10,0.5481687898089171,0,29,None,66,1,5,False,10,10
41931,151,weighted,10,0.5498606687898089,0,29,None,66,1,5,False,10,10
41932,152,weighted,10,0.5499601910828026,0,29,None,66,1,5,False,10,10
41933,153,weighted,10,0.5504578025477707,0,29,None,66,1,5,False,10,10
41934,154,weighted,10,0.5519506369426752,0,29,None,66,1,5,False,10,10
41935,150,weighted,10,0.5357285031847133,0,2,None,66,1,5,False,10,10
41936,151,weighted,10,0.5372213375796179,0,2,None,66,1,5,False,10,10
41937,152,weighted,10,0.5390127388535032,0,2,None,66,1,5,False,10,10
41938,153,weighted,10,0.5402070063694268,0,2,None,66,1,5,False,10,10
41939,154,weighted,10,0.5416998407643312,0,2,None,66,1,5,False,10,10
41940,150,weighted,10,0.5389132165605095,0,9,None,66,1,5,False,10,10
41941,151,weighted,10,0.5405055732484076,0,9,None,66,1,5,False,10,10
41942,152,weighted,10,0.5476711783439491,0,9,None,66,1,5,False,10,10
41943,153,weighted,10,0.5526472929936306,0,9,None,66,1,5,False,10,10
41944,154,weighted,10,0.5576234076433121,0,9,None,66,1,5,False,10,10
41945,150,weighted,10,0.5052746815286624,0,11,None,66,1,5,False,10,10
41946,151,weighted,10,0.509156050955414,0,11,None,66,1,5,False,10,10
41947,152,weighted,10,0.5125398089171974,0,11,None,66,1,5,False,10,10
41948,153,weighted,10,0.5164211783439491,0,11,None,66,1,5,False,10,10
41949,154,weighted,10,0.5190087579617835,0,11,None,66,1,5,False,10,10
41950,150,weighted,10,0.5613057324840764,0,15,None,66,1,5,False,10,10
41951,151,weighted,10,0.56359474522293,0,15,None,66,1,5,False,10,10
41952,152,weighted,10,0.5682722929936306,0,15,None,66,1,5,False,10,10
41953,153,weighted,10,0.5731488853503185,0,15,None,66,1,5,False,10,10
41954,154,weighted,10,0.5765326433121019,0,15,None,66,1,5,False,10,10
41955,150,weighted,10,0.5289609872611465,0,17,None,66,1,5,False,10,10
41956,151,weighted,10,0.529359076433121,0,17,None,66,1,5,False,10,10
41957,152,weighted,10,0.5305533439490446,0,17,None,66,1,5,False,10,10
41958,153,weighted,10,0.5317476114649682,0,17,None,66,1,5,False,10,10
41959,154,weighted,10,0.5330414012738853,0,17,None,66,1,5,False,10,10
41960,150,weighted,10,0.5419984076433121,0,5,None,66,1,5,False,10,10
41961,151,weighted,10,0.5417993630573248,0,5,None,66,1,5,False,10,10
41962,152,weighted,10,0.5432921974522293,0,5,None,66,1,5,False,10,10
41963,153,weighted,10,0.5440883757961783,0,5,None,66,1,5,False,10,10
41964,154,weighted,10,0.5465764331210191,0,5,None,66,1,5,False,10,10
41965,150,weighted,10,0.5241839171974523,0,13,None,66,1,5,False,10,10
41966,151,weighted,10,0.5264729299363057,0,13,None,66,1,5,False,10,10
41967,152,weighted,10,0.5295581210191083,0,13,None,66,1,5,False,10,10
41968,153,weighted,10,0.5308519108280255,0,13,None,66,1,5,False,10,10
41969,154,weighted,10,0.5322452229299363,0,13,None,66,1,5,False,10,10
41970,150,weighted,10,0.5740445859872612,0,12,None,66,1,5,False,10,10
41971,151,weighted,10,0.5746417197452229,0,12,None,66,1,5,False,10,10
41972,152,weighted,10,0.5751393312101911,0,12,None,66,1,5,False,10,10
41973,153,weighted,10,0.5764331210191083,0,12,None,66,1,5,False,10,10
41974,154,weighted,10,0.5771297770700637,0,12,None,66,1,5,False,10,10
41975,150,weighted,10,0.5429936305732485,0,18,None,66,1,5,False,10,10
41976,151,weighted,10,0.544984076433121,0,18,None,66,1,5,False,10,10
41977,152,weighted,10,0.5467754777070064,0,18,None,66,1,5,False,10,10
41978,153,weighted,10,0.5492635350318471,0,18,None,66,1,5,False,10,10
41979,154,weighted,10,0.5510549363057324,0,18,None,66,1,5,False,10,10
41980,150,weighted,10,0.540406050955414,0,19,None,66,1,5,False,10,10
41981,151,weighted,10,0.5414012738853503,0,19,None,66,1,5,False,10,10
41982,152,weighted,10,0.5411027070063694,0,19,None,66,1,5,False,10,10
41983,153,weighted,10,0.5421974522292994,0,19,None,66,1,5,False,10,10
41984,154,weighted,10,0.5429936305732485,0,19,None,66,1,5,False,10,10
41985,150,weighted,10,0.5294585987261147,0,21,None,66,1,5,False,10,10
41986,151,weighted,10,0.5328423566878981,0,21,None,66,1,5,False,10,10
41987,152,weighted,10,0.5373208598726115,0,21,None,66,1,5,False,10,10
41988,153,weighted,10,0.5419984076433121,0,21,None,66,1,5,False,10,10
41989,154,weighted,10,0.5454816878980892,0,21,None,66,1,5,False,10,10
41990,150,weighted,10,0.5455812101910829,0,24,None,66,1,5,False,10,10
41991,151,weighted,10,0.54796974522293,0,24,None,66,1,5,False,10,10
41992,152,weighted,10,0.5511544585987261,0,24,None,66,1,5,False,10,10
41993,153,weighted,10,0.5563296178343949,0,24,None,66,1,5,False,10,10
41994,154,weighted,10,0.5585191082802548,0,24,None,66,1,5,False,10,10
41995,150,weighted,10,0.5218949044585988,0,27,None,66,1,5,False,10,10
41996,151,weighted,10,0.5233877388535032,0,27,None,66,1,5,False,10,10
41997,152,weighted,10,0.5236863057324841,0,27,None,66,1,5,False,10,10
41998,153,weighted,10,0.5244824840764332,0,27,None,66,1,5,False,10,10
41999,154,weighted,10,0.5250796178343949,0,27,None,66,1,5,False,10,10
42000,150,weighted,10,0.493531050955414,0,30,None,66,1,5,False,10,10
42001,151,weighted,10,0.5016918789808917,0,30,None,66,1,5,False,10,10
42002,152,weighted,10,0.5087579617834395,0,30,None,66,1,5,False,10,10
42003,153,weighted,10,0.5169187898089171,0,30,None,66,1,5,False,10,10
42004,154,weighted,10,0.5287619426751592,0,30,None,66,1,5,False,10,10
42005,150,weighted,10,0.4010748407643312,0,31,None,66,1,5,False,10,10
42006,151,weighted,10,0.4037619426751592,0,31,None,66,1,5,False,10,10
42007,152,weighted,10,0.4057523885350318,0,31,None,66,1,5,False,10,10
42008,153,weighted,10,0.4080414012738853,0,31,None,66,1,5,False,10,10
42009,154,weighted,10,0.4092356687898089,0,31,None,66,1,5,False,10,10
42010,150,weighted,10,0.5174164012738853,0,28,None,66,1,5,False,10,10
42011,151,weighted,10,0.5195063694267515,0,28,None,66,1,5,False,10,10
42012,152,weighted,10,0.5222929936305732,0,28,None,66,1,5,False,10,10
42013,153,weighted,10,0.5236863057324841,0,28,None,66,1,5,False,10,10
42014,154,weighted,10,0.524781050955414,0,28,None,66,1,5,False,10,10
42015,150,weighted,10,0.5144307324840764,0,16,None,66,1,5,False,10,10
42016,151,weighted,10,0.515625,0,16,None,66,1,5,False,10,10
42017,152,weighted,10,0.5177149681528662,0,16,None,66,1,5,False,10,10
42018,153,weighted,10,0.5193073248407644,0,16,None,66,1,5,False,10,10
42019,154,weighted,10,0.5207006369426752,0,16,None,66,1,5,False,10,10
42020,150,weighted,10,0.5451831210191083,0,7,None,66,1,5,False,10,10
42021,151,weighted,10,0.5466759554140127,0,7,None,66,1,5,False,10,10
42022,152,weighted,10,0.5475716560509554,0,7,None,66,1,5,False,10,10
42023,153,weighted,10,0.548765923566879,0,7,None,66,1,5,False,10,10
42024,154,weighted,10,0.5498606687898089,0,7,None,66,1,5,False,10,10
42025,150,weighted,10,0.5420979299363057,0,0,None,66,1,5,False,10,10
42026,151,weighted,10,0.5488654458598726,0,0,None,66,1,5,False,10,10
42027,152,weighted,10,0.5523487261146497,0,0,None,66,1,5,False,10,10
42028,153,weighted,10,0.5562300955414012,0,0,None,66,1,5,False,10,10
42029,154,weighted,10,0.557921974522293,0,0,None,66,1,5,False,10,10
42030,150,weighted,10,0.5504578025477707,0,3,None,66,1,5,False,10,10
42031,151,weighted,10,0.553343949044586,0,3,None,66,1,5,False,10,10
42032,152,weighted,10,0.5563296178343949,0,3,None,66,1,5,False,10,10
42033,153,weighted,10,0.5581210191082803,0,3,None,66,1,5,False,10,10
42034,154,weighted,10,0.5607085987261147,0,3,None,66,1,5,False,10,10
42035,150,weighted,10,0.4663614649681528,0,6,None,66,1,5,False,10,10
42036,151,weighted,10,0.4710390127388535,0,6,None,66,1,5,False,10,10
42037,152,weighted,10,0.4755175159235669,0,6,None,66,1,5,False,10,10
42038,153,weighted,10,0.4826831210191082,0,6,None,66,1,5,False,10,10
42039,154,weighted,10,0.488953025477707,0,6,None,66,1,5,False,10,10
42040,150,weighted,10,0.5547372611464968,0,4,None,66,1,5,False,10,10
42041,151,weighted,10,0.5576234076433121,0,4,None,66,1,5,False,10,10
42042,152,weighted,10,0.5601114649681529,0,4,None,66,1,5,False,10,10
42043,153,weighted,10,0.5615047770700637,0,4,None,66,1,5,False,10,10
42044,154,weighted,10,0.5646894904458599,0,4,None,66,1,5,False,10,10
42045,150,weighted,10,0.5665804140127388,0,8,None,66,1,5,False,10,10
42046,151,weighted,10,0.5680732484076433,0,8,None,66,1,5,False,10,10
42047,152,weighted,10,0.5686703821656051,0,8,None,66,1,5,False,10,10
42048,153,weighted,10,0.5707603503184714,0,8,None,66,1,5,False,10,10
42049,154,weighted,10,0.572452229299363,0,8,None,66,1,5,False,10,10
42050,150,weighted,10,0.4863654458598726,0,10,None,66,1,5,False,10,10
42051,151,weighted,10,0.487858280254777,0,10,None,66,1,5,False,10,10
42052,152,weighted,10,0.4895501592356688,0,10,None,66,1,5,False,10,10
42053,153,weighted,10,0.4905453821656051,0,10,None,66,1,5,False,10,10
42054,154,weighted,10,0.4914410828025478,0,10,None,66,1,5,False,10,10
42055,150,weighted,10,0.5986265923566879,0,20,None,66,1,5,False,10,10
42056,151,weighted,10,0.5980294585987261,0,20,None,66,1,5,False,10,10
42057,152,weighted,10,0.5970342356687898,0,20,None,66,1,5,False,10,10
42058,153,weighted,10,0.5965366242038217,0,20,None,66,1,5,False,10,10
42059,154,weighted,10,0.596437101910828,0,20,None,66,1,5,False,10,10
42060,150,weighted,10,0.5287619426751592,0,22,None,66,1,5,False,10,10
42061,151,weighted,10,0.533937101910828,0,22,None,66,1,5,False,10,10
42062,152,weighted,10,0.5381170382165605,0,22,None,66,1,5,False,10,10
42063,153,weighted,10,0.5421974522292994,0,22,None,66,1,5,False,10,10
42064,154,weighted,10,0.546875,0,22,None,66,1,5,False,10,10
42065,150,weighted,10,0.6059912420382165,0,23,None,66,1,5,False,10,10
42066,151,weighted,10,0.60828025477707,0,23,None,66,1,5,False,10,10
42067,152,weighted,10,0.6091759554140127,0,23,None,66,1,5,False,10,10
42068,153,weighted,10,0.6105692675159236,0,23,None,66,1,5,False,10,10
42069,154,weighted,10,0.61046974522293,0,23,None,66,1,5,False,10,10
42070,150,weighted,10,0.5898686305732485,0,32,None,66,1,5,False,10,10
42071,151,weighted,10,0.5913614649681529,0,32,None,66,1,5,False,10,10
42072,152,weighted,10,0.5931528662420382,0,32,None,66,1,5,False,10,10
42073,153,weighted,10,0.5941480891719745,0,32,None,66,1,5,False,10,10
42074,154,weighted,10,0.5961385350318471,0,32,None,66,1,5,False,10,10
47190,155,weighted,10,0.485171178343949,0,1,None,66,1,5,False,10,10
47191,156,weighted,10,0.4881568471337579,0,1,None,66,1,5,False,10,10
47192,157,weighted,10,0.4919386942675159,0,1,None,66,1,5,False,10,10
47193,158,weighted,10,0.4988057324840764,0,1,None,66,1,5,False,10,10
47194,159,weighted,10,0.5096536624203821,0,1,None,66,1,5,False,10,10
47195,155,weighted,10,0.5415007961783439,0,2,None,66,1,5,False,10,10
47196,156,weighted,10,0.5443869426751592,0,2,None,66,1,5,False,10,10
47197,157,weighted,10,0.5460788216560509,0,2,None,66,1,5,False,10,10
47198,158,weighted,10,0.5474721337579618,0,2,None,66,1,5,False,10,10
47199,159,weighted,10,0.548765923566879,0,2,None,66,1,5,False,10,10
47200,155,weighted,10,0.5361265923566879,0,13,None,66,1,5,False,10,10
47201,156,weighted,10,0.5378184713375797,0,13,None,66,1,5,False,10,10
47202,157,weighted,10,0.5390127388535032,0,13,None,66,1,5,False,10,10
47203,158,weighted,10,0.5417993630573248,0,13,None,66,1,5,False,10,10
47204,159,weighted,10,0.544984076433121,0,13,None,66,1,5,False,10,10
47205,155,weighted,10,0.5741441082802548,0,15,None,66,1,5,False,10,10
47206,156,weighted,10,0.5801154458598726,0,15,None,66,1,5,False,10,10
47207,157,weighted,10,0.5850915605095541,0,15,None,66,1,5,False,10,10
47208,158,weighted,10,0.5879777070063694,0,15,None,66,1,5,False,10,10
47209,159,weighted,10,0.5911624203821656,0,15,None,66,1,5,False,10,10
47210,155,weighted,10,0.5211982484076433,0,16,None,66,1,5,False,10,10
47211,156,weighted,10,0.522890127388535,0,16,None,66,1,5,False,10,10
47212,157,weighted,10,0.5240843949044586,0,16,None,66,1,5,False,10,10
47213,158,weighted,10,0.5253781847133758,0,16,None,66,1,5,False,10,10
47214,159,weighted,10,0.5268710191082803,0,16,None,66,1,5,False,10,10
47215,155,weighted,10,0.5189092356687898,0,11,None,66,1,5,False,10,10
47216,156,weighted,10,0.521297770700637,0,11,None,66,1,5,False,10,10
47217,157,weighted,10,0.5234872611464968,0,11,None,66,1,5,False,10,10
47218,158,weighted,10,0.525577229299363,0,11,None,66,1,5,False,10,10
47219,159,weighted,10,0.5269705414012739,0,11,None,66,1,5,False,10,10
47220,155,weighted,10,0.5382165605095541,0,14,None,66,1,5,False,10,10
47221,156,weighted,10,0.5421974522292994,0,14,None,66,1,5,False,10,10
47222,157,weighted,10,0.5448845541401274,0,14,None,66,1,5,False,10,10
47223,158,weighted,10,0.5463773885350318,0,14,None,66,1,5,False,10,10
47224,159,weighted,10,0.5477707006369427,0,14,None,66,1,5,False,10,10
47225,155,weighted,10,0.5352308917197452,0,17,None,66,1,5,False,10,10
47226,156,weighted,10,0.5373208598726115,0,17,None,66,1,5,False,10,10
47227,157,weighted,10,0.5388136942675159,0,17,None,66,1,5,False,10,10
47228,158,weighted,10,0.5410031847133758,0,17,None,66,1,5,False,10,10
47229,159,weighted,10,0.5432921974522293,0,17,None,66,1,5,False,10,10
47230,155,weighted,10,0.5913614649681529,0,25,None,66,1,5,False,10,10
47231,156,weighted,10,0.5934514331210191,0,25,None,66,1,5,False,10,10
47232,157,weighted,10,0.5969347133757962,0,25,None,66,1,5,False,10,10
47233,158,weighted,10,0.5993232484076433,0,25,None,66,1,5,False,10,10
47234,159,weighted,10,0.6013136942675159,0,25,None,66,1,5,False,10,10
47235,155,weighted,10,0.565187101910828,0,26,None,66,1,5,False,10,10
47236,156,weighted,10,0.566281847133758,0,26,None,66,1,5,False,10,10
47237,157,weighted,10,0.5677746815286624,0,26,None,66,1,5,False,10,10
47238,158,weighted,10,0.5698646496815286,0,26,None,66,1,5,False,10,10
47239,159,weighted,10,0.5707603503184714,0,26,None,66,1,5,False,10,10
47240,155,weighted,10,0.5805135350318471,0,12,None,66,1,5,False,10,10
47241,156,weighted,10,0.5820063694267515,0,12,None,66,1,5,False,10,10
47242,157,weighted,10,0.5835987261146497,0,12,None,66,1,5,False,10,10
47243,158,weighted,10,0.5844944267515924,0,12,None,66,1,5,False,10,10
47244,159,weighted,10,0.5854896496815286,0,12,None,66,1,5,False,10,10
47245,155,weighted,10,0.5250796178343949,0,28,None,66,1,5,False,10,10
47246,156,weighted,10,0.5261743630573248,0,28,None,66,1,5,False,10,10
47247,157,weighted,10,0.5275676751592356,0,28,None,66,1,5,False,10,10
47248,158,weighted,10,0.5287619426751592,0,28,None,66,1,5,False,10,10
47249,159,weighted,10,0.5297571656050956,0,28,None,66,1,5,False,10,10
47250,155,weighted,10,0.5547372611464968,0,29,None,66,1,5,False,10,10
47251,156,weighted,10,0.5561305732484076,0,29,None,66,1,5,False,10,10
47252,157,weighted,10,0.557921974522293,0,29,None,66,1,5,False,10,10
47253,158,weighted,10,0.5594148089171974,0,29,None,66,1,5,False,10,10
47254,159,weighted,10,0.5608081210191083,0,29,None,66,1,5,False,10,10
47255,155,weighted,10,0.5524482484076433,0,9,None,66,1,5,False,10,10
47256,156,weighted,10,0.5601114649681529,0,9,None,66,1,5,False,10,10
47257,157,weighted,10,0.5638933121019108,0,9,None,66,1,5,False,10,10
47258,158,weighted,10,0.566281847133758,0,9,None,66,1,5,False,10,10
47259,159,weighted,10,0.5676751592356688,0,9,None,66,1,5,False,10,10
47260,155,weighted,10,0.522890127388535,0,30,None,66,1,5,False,10,10
47261,156,weighted,10,0.5311504777070064,0,30,None,66,1,5,False,10,10
47262,157,weighted,10,0.540406050955414,0,30,None,66,1,5,False,10,10
47263,158,weighted,10,0.5437898089171974,0,30,None,66,1,5,False,10,10
47264,159,weighted,10,0.5467754777070064,0,30,None,66,1,5,False,10,10
47265,155,weighted,10,0.4006767515923566,0,31,None,66,1,5,False,10,10
47266,156,weighted,10,0.4042595541401274,0,31,None,66,1,5,False,10,10
47267,157,weighted,10,0.4065485668789809,0,31,None,66,1,5,False,10,10
47268,158,weighted,10,0.4086385350318471,0,31,None,66,1,5,False,10,10
47269,159,weighted,10,0.4110270700636942,0,31,None,66,1,5,False,10,10
47270,155,weighted,10,0.5265724522292994,0,27,None,66,1,5,False,10,10
47271,156,weighted,10,0.5282643312101911,0,27,None,66,1,5,False,10,10
47272,157,weighted,10,0.529359076433121,0,27,None,66,1,5,False,10,10
47273,158,weighted,10,0.5300557324840764,0,27,None,66,1,5,False,10,10
47274,159,weighted,10,0.5326433121019108,0,27,None,66,1,5,False,10,10
47275,155,weighted,10,0.556031050955414,0,7,None,66,1,5,False,10,10
47276,156,weighted,10,0.5569267515923567,0,7,None,66,1,5,False,10,10
47277,157,weighted,10,0.5581210191082803,0,7,None,66,1,5,False,10,10
47278,158,weighted,10,0.5602109872611465,0,7,None,66,1,5,False,10,10
47279,159,weighted,10,0.5618033439490446,0,7,None,66,1,5,False,10,10
47280,155,weighted,10,0.5499601910828026,0,5,None,66,1,5,False,10,10
47281,156,weighted,10,0.5513535031847133,0,5,None,66,1,5,False,10,10
47282,157,weighted,10,0.5516520700636943,0,5,None,66,1,5,False,10,10
47283,158,weighted,10,0.5546377388535032,0,5,None,66,1,5,False,10,10
47284,159,weighted,10,0.5569267515923567,0,5,None,66,1,5,False,10,10
47285,155,weighted,10,0.5633957006369427,0,4,None,66,1,5,False,10,10
47286,156,weighted,10,0.565187101910828,0,4,None,66,1,5,False,10,10
47287,157,weighted,10,0.5683718152866242,0,4,None,66,1,5,False,10,10
47288,158,weighted,10,0.5706608280254777,0,4,None,66,1,5,False,10,10
47289,159,weighted,10,0.5721536624203821,0,4,None,66,1,5,False,10,10
47290,155,weighted,10,0.5609076433121019,0,3,None,66,1,5,False,10,10
47291,156,weighted,10,0.5640923566878981,0,3,None,66,1,5,False,10,10
47292,157,weighted,10,0.5658837579617835,0,3,None,66,1,5,False,10,10
47293,158,weighted,10,0.5685708598726115,0,3,None,66,1,5,False,10,10
47294,159,weighted,10,0.5705613057324841,0,3,None,66,1,5,False,10,10
47295,155,weighted,10,0.4910429936305732,0,10,None,66,1,5,False,10,10
47296,156,weighted,10,0.4928343949044586,0,10,None,66,1,5,False,10,10
47297,157,weighted,10,0.4940286624203822,0,10,None,66,1,5,False,10,10
47298,158,weighted,10,0.4941281847133758,0,10,None,66,1,5,False,10,10
47299,159,weighted,10,0.4944267515923566,0,10,None,66,1,5,False,10,10
47300,155,weighted,10,0.5049761146496815,0,6,None,66,1,5,False,10,10
47301,156,weighted,10,0.5098527070063694,0,6,None,66,1,5,False,10,10
47302,157,weighted,10,0.5135350318471338,0,6,None,66,1,5,False,10,10
47303,158,weighted,10,0.5186106687898089,0,6,None,66,1,5,False,10,10
47304,159,weighted,10,0.5225915605095541,0,6,None,66,1,5,False,10,10
47305,155,weighted,10,0.5993232484076433,0,20,None,66,1,5,False,10,10
47306,156,weighted,10,0.5990246815286624,0,20,None,66,1,5,False,10,10
47307,157,weighted,10,0.5991242038216561,0,20,None,66,1,5,False,10,10
47308,158,weighted,10,0.599422770700637,0,20,None,66,1,5,False,10,10
47309,159,weighted,10,0.5998208598726115,0,20,None,66,1,5,False,10,10
47310,155,weighted,10,0.5482683121019108,0,22,None,66,1,5,False,10,10
47311,156,weighted,10,0.5513535031847133,0,22,None,66,1,5,False,10,10
47312,157,weighted,10,0.5553343949044586,0,22,None,66,1,5,False,10,10
47313,158,weighted,10,0.5584195859872612,0,22,None,66,1,5,False,10,10
47314,159,weighted,10,0.5610071656050956,0,22,None,66,1,5,False,10,10
47315,155,weighted,10,0.6079816878980892,0,23,None,66,1,5,False,10,10
47316,156,weighted,10,0.6110668789808917,0,23,None,66,1,5,False,10,10
47317,157,weighted,10,0.6134554140127388,0,23,None,66,1,5,False,10,10
47318,158,weighted,10,0.615047770700637,0,23,None,66,1,5,False,10,10
47319,159,weighted,10,0.6159434713375797,0,23,None,66,1,5,False,10,10
47320,155,weighted,10,0.6013136942675159,0,32,None,66,1,5,False,10,10
47321,156,weighted,10,0.6023089171974523,0,32,None,66,1,5,False,10,10
47322,157,weighted,10,0.6027070063694268,0,32,None,66,1,5,False,10,10
47323,158,weighted,10,0.6048964968152867,0,32,None,66,1,5,False,10,10
47324,159,weighted,10,0.604796974522293,0,32,None,66,1,5,False,10,10
47325,155,weighted,10,0.5517515923566879,0,18,None,66,1,5,False,10,10
47326,156,weighted,10,0.5539410828025477,0,18,None,66,1,5,False,10,10
47327,157,weighted,10,0.556031050955414,0,18,None,66,1,5,False,10,10
47328,158,weighted,10,0.5586186305732485,0,18,None,66,1,5,False,10,10
47329,159,weighted,10,0.5612062101910829,0,18,None,66,1,5,False,10,10
47330,155,weighted,10,0.5713574840764332,0,8,None,66,1,5,False,10,10
47331,156,weighted,10,0.573546974522293,0,8,None,66,1,5,False,10,10
47332,157,weighted,10,0.5747412420382165,0,8,None,66,1,5,False,10,10
47333,158,weighted,10,0.5773288216560509,0,8,None,66,1,5,False,10,10
47334,159,weighted,10,0.5786226114649682,0,8,None,66,1,5,False,10,10
47335,155,weighted,10,0.5434912420382165,0,19,None,66,1,5,False,10,10
47336,156,weighted,10,0.5439888535031847,0,19,None,66,1,5,False,10,10
47337,157,weighted,10,0.5444864649681529,0,19,None,66,1,5,False,10,10
47338,158,weighted,10,0.5452826433121019,0,19,None,66,1,5,False,10,10
47339,159,weighted,10,0.5466759554140127,0,19,None,66,1,5,False,10,10
47340,155,weighted,10,0.5481687898089171,0,21,None,66,1,5,False,10,10
47341,156,weighted,10,0.5509554140127388,0,21,None,66,1,5,False,10,10
47342,157,weighted,10,0.5553343949044586,0,21,None,66,1,5,False,10,10
47343,158,weighted,10,0.5586186305732485,0,21,None,66,1,5,False,10,10
47344,159,weighted,10,0.56140525477707,0,21,None,66,1,5,False,10,10
47345,155,weighted,10,0.5623009554140127,0,24,None,66,1,5,False,10,10
47346,156,weighted,10,0.5665804140127388,0,24,None,66,1,5,False,10,10
47347,157,weighted,10,0.5680732484076433,0,24,None,66,1,5,False,10,10
47348,158,weighted,10,0.5727507961783439,0,24,None,66,1,5,False,10,10
47349,159,weighted,10,0.5772292993630573,0,24,None,66,1,5,False,10,10
47350,155,weighted,10,0.555234872611465,0,0,None,66,1,5,False,10,10
47351,156,weighted,10,0.5585191082802548,0,0,None,66,1,5,False,10,10
47352,157,weighted,10,0.5619028662420382,0,0,None,66,1,5,False,10,10
47353,158,weighted,10,0.564390923566879,0,0,None,66,1,5,False,10,10
47354,159,weighted,10,0.5664808917197452,0,0,None,66,1,5,False,10,10
47355,160,weighted,10,0.5627985668789809,0,22,None,66,1,5,False,10,10
47356,161,weighted,10,0.5664808917197452,0,22,None,66,1,5,False,10,10
47357,162,weighted,10,0.5687699044585988,0,22,None,66,1,5,False,10,10
47358,163,weighted,10,0.5710589171974523,0,22,None,66,1,5,False,10,10
47359,164,weighted,10,0.5750398089171974,0,22,None,66,1,5,False,10,10
47360,160,weighted,10,0.6092754777070064,0,32,None,66,1,5,False,10,10
47361,161,weighted,10,0.6085788216560509,0,32,None,66,1,5,False,10,10
47362,162,weighted,10,0.6094745222929936,0,32,None,66,1,5,False,10,10
47363,163,weighted,10,0.6109673566878981,0,32,None,66,1,5,False,10,10
47364,164,weighted,10,0.6123606687898089,0,32,None,66,1,5,False,10,10
47365,160,weighted,10,0.5264729299363057,0,16,None,66,1,5,False,10,10
47366,161,weighted,10,0.5275676751592356,0,16,None,66,1,5,False,10,10
47367,162,weighted,10,0.5294585987261147,0,16,None,66,1,5,False,10,10
47368,163,weighted,10,0.5310509554140127,0,16,None,66,1,5,False,10,10
47369,164,weighted,10,0.5322452229299363,0,16,None,66,1,5,False,10,10
47370,160,weighted,10,0.5790207006369427,0,8,None,66,1,5,False,10,10
47371,161,weighted,10,0.5806130573248408,0,8,None,66,1,5,False,10,10
47372,162,weighted,10,0.5813097133757962,0,8,None,66,1,5,False,10,10
47373,163,weighted,10,0.5823049363057324,0,8,None,66,1,5,False,10,10
47374,164,weighted,10,0.5829020700636943,0,8,None,66,1,5,False,10,10
47375,160,weighted,10,0.5486664012738853,0,19,None,66,1,5,False,10,10
47376,161,weighted,10,0.5494625796178344,0,19,None,66,1,5,False,10,10
47377,162,weighted,10,0.5498606687898089,0,19,None,66,1,5,False,10,10
47378,163,weighted,10,0.5497611464968153,0,19,None,66,1,5,False,10,10
47379,164,weighted,10,0.5513535031847133,0,19,None,66,1,5,False,10,10
47380,160,weighted,10,0.5608081210191083,0,21,None,66,1,5,False,10,10
47381,161,weighted,10,0.5638933121019108,0,21,None,66,1,5,False,10,10
47382,162,weighted,10,0.5669785031847133,0,21,None,66,1,5,False,10,10
47383,163,weighted,10,0.5703622611464968,0,21,None,66,1,5,False,10,10
47384,164,weighted,10,0.5738455414012739,0,21,None,66,1,5,False,10,10
47385,160,weighted,10,0.5009952229299363,0,1,None,66,1,5,False,10,10
47386,161,weighted,10,0.5146297770700637,0,1,None,66,1,5,False,10,10
47387,162,weighted,10,0.529359076433121,0,1,None,66,1,5,False,10,10
47388,163,weighted,10,0.5374203821656051,0,1,None,66,1,5,False,10,10
47389,164,weighted,10,0.5434912420382165,0,1,None,66,1,5,False,10,10
47390,160,weighted,10,0.5765326433121019,0,24,None,66,1,5,False,10,10
47391,161,weighted,10,0.5801154458598726,0,24,None,66,1,5,False,10,10
47392,162,weighted,10,0.5857882165605095,0,24,None,66,1,5,False,10,10
47393,163,weighted,10,0.5905652866242038,0,24,None,66,1,5,False,10,10
47394,164,weighted,10,0.5955414012738853,0,24,None,66,1,5,False,10,10
47395,160,weighted,10,0.53234474522293,0,27,None,66,1,5,False,10,10
47396,161,weighted,10,0.5338375796178344,0,27,None,66,1,5,False,10,10
47397,162,weighted,10,0.5359275477707006,0,27,None,66,1,5,False,10,10
47398,163,weighted,10,0.5378184713375797,0,27,None,66,1,5,False,10,10
47399,164,weighted,10,0.5401074840764332,0,27,None,66,1,5,False,10,10
47400,160,weighted,10,0.4011743630573248,0,31,None,66,1,5,False,10,10
47401,161,weighted,10,0.4047571656050955,0,31,None,66,1,5,False,10,10
47402,162,weighted,10,0.4076433121019108,0,31,None,66,1,5,False,10,10
47403,163,weighted,10,0.4101313694267516,0,31,None,66,1,5,False,10,10
47404,164,weighted,10,0.4115246815286624,0,31,None,66,1,5,False,10,10
47405,160,weighted,10,0.6038017515923567,0,25,None,66,1,5,False,10,10
47406,161,weighted,10,0.6048964968152867,0,25,None,66,1,5,False,10,10
47407,162,weighted,10,0.6069864649681529,0,25,None,66,1,5,False,10,10
47408,163,weighted,10,0.6095740445859873,0,25,None,66,1,5,False,10,10
47409,164,weighted,10,0.6111664012738853,0,25,None,66,1,5,False,10,10
47410,160,weighted,10,0.5501592356687898,0,13,None,66,1,5,False,10,10
47411,161,weighted,10,0.5531449044585988,0,13,None,66,1,5,False,10,10
47412,162,weighted,10,0.5549363057324841,0,13,None,66,1,5,False,10,10
47413,163,weighted,10,0.556827229299363,0,13,None,66,1,5,False,10,10
47414,164,weighted,10,0.5590167197452229,0,13,None,66,1,5,False,10,10
47415,160,weighted,10,0.6105692675159236,0,23,None,66,1,5,False,10,10
47416,161,weighted,10,0.6153463375796179,0,23,None,66,1,5,False,10,10
47417,162,weighted,10,0.6188296178343949,0,23,None,66,1,5,False,10,10
47418,163,weighted,10,0.6213176751592356,0,23,None,66,1,5,False,10,10
47419,164,weighted,10,0.6233081210191083,0,23,None,66,1,5,False,10,10
47420,160,weighted,10,0.5628980891719745,0,29,None,66,1,5,False,10,10
47421,161,weighted,10,0.5644904458598726,0,29,None,66,1,5,False,10,10
47422,162,weighted,10,0.5656847133757962,0,29,None,66,1,5,False,10,10
47423,163,weighted,10,0.5671775477707006,0,29,None,66,1,5,False,10,10
47424,164,weighted,10,0.5692675159235668,0,29,None,66,1,5,False,10,10
47425,160,weighted,10,0.5504578025477707,0,14,None,66,1,5,False,10,10
47426,161,weighted,10,0.5534434713375797,0,14,None,66,1,5,False,10,10
47427,162,weighted,10,0.5567277070063694,0,14,None,66,1,5,False,10,10
47428,163,weighted,10,0.560609076433121,0,14,None,66,1,5,False,10,10
47429,164,weighted,10,0.5629976114649682,0,14,None,66,1,5,False,10,10
47430,160,weighted,10,0.5288614649681529,0,6,None,66,1,5,False,10,10
47431,161,weighted,10,0.53125,0,6,None,66,1,5,False,10,10
47432,162,weighted,10,0.5338375796178344,0,6,None,66,1,5,False,10,10
47433,163,weighted,10,0.5372213375796179,0,6,None,66,1,5,False,10,10
47434,164,weighted,10,0.5416003184713376,0,6,None,66,1,5,False,10,10
47435,160,weighted,10,0.5791202229299363,0,26,None,66,1,5,False,10,10
47436,161,weighted,10,0.5786226114649682,0,26,None,66,1,5,False,10,10
47437,162,weighted,10,0.5798168789808917,0,26,None,66,1,5,False,10,10
47438,163,weighted,10,0.5802149681528662,0,26,None,66,1,5,False,10,10
47439,164,weighted,10,0.5805135350318471,0,26,None,66,1,5,False,10,10
47440,160,weighted,10,0.5491640127388535,0,30,None,66,1,5,False,10,10
47441,161,weighted,10,0.5534434713375797,0,30,None,66,1,5,False,10,10
47442,162,weighted,10,0.5580214968152867,0,30,None,66,1,5,False,10,10
47443,163,weighted,10,0.5604100318471338,0,30,None,66,1,5,False,10,10
47444,164,weighted,10,0.56359474522293,0,30,None,66,1,5,False,10,10
47445,160,weighted,10,0.5481687898089171,0,2,None,66,1,5,False,10,10
47446,161,weighted,10,0.5497611464968153,0,2,None,66,1,5,False,10,10
47447,162,weighted,10,0.5511544585987261,0,2,None,66,1,5,False,10,10
47448,163,weighted,10,0.5524482484076433,0,2,None,66,1,5,False,10,10
47449,164,weighted,10,0.5528463375796179,0,2,None,66,1,5,False,10,10
47450,160,weighted,10,0.5679737261146497,0,0,None,66,1,5,False,10,10
47451,161,weighted,10,0.5714570063694268,0,0,None,66,1,5,False,10,10
47452,162,weighted,10,0.5745421974522293,0,0,None,66,1,5,False,10,10
47453,163,weighted,10,0.5774283439490446,0,0,None,66,1,5,False,10,10
47454,164,weighted,10,0.5791202229299363,0,0,None,66,1,5,False,10,10
47455,160,weighted,10,0.5715565286624203,0,3,None,66,1,5,False,10,10
47456,161,weighted,10,0.5732484076433121,0,3,None,66,1,5,False,10,10
47457,162,weighted,10,0.5760350318471338,0,3,None,66,1,5,False,10,10
47458,163,weighted,10,0.5773288216560509,0,3,None,66,1,5,False,10,10
47459,164,weighted,10,0.5784235668789809,0,3,None,66,1,5,False,10,10
47460,160,weighted,10,0.5717555732484076,0,4,None,66,1,5,False,10,10
47461,161,weighted,10,0.5747412420382165,0,4,None,66,1,5,False,10,10
47462,162,weighted,10,0.5772292993630573,0,4,None,66,1,5,False,10,10
47463,163,weighted,10,0.5795183121019108,0,4,None,66,1,5,False,10,10
47464,164,weighted,10,0.5825039808917197,0,4,None,66,1,5,False,10,10
47465,160,weighted,10,0.5599124203821656,0,5,None,66,1,5,False,10,10
47466,161,weighted,10,0.5628980891719745,0,5,None,66,1,5,False,10,10
47467,162,weighted,10,0.5665804140127388,0,5,None,66,1,5,False,10,10
47468,163,weighted,10,0.5710589171974523,0,5,None,66,1,5,False,10,10
47469,164,weighted,10,0.5764331210191083,0,5,None,66,1,5,False,10,10
47470,160,weighted,10,0.5690684713375797,0,7,None,66,1,5,False,10,10
47471,161,weighted,10,0.5707603503184714,0,7,None,66,1,5,False,10,10
47472,162,weighted,10,0.5722531847133758,0,7,None,66,1,5,False,10,10
47473,163,weighted,10,0.5748407643312102,0,7,None,66,1,5,False,10,10
47474,164,weighted,10,0.5777269108280255,0,7,None,66,1,5,False,10,10
47475,160,weighted,10,0.5688694267515924,0,9,None,66,1,5,False,10,10
47476,161,weighted,10,0.5712579617834395,0,9,None,66,1,5,False,10,10
47477,162,weighted,10,0.5744426751592356,0,9,None,66,1,5,False,10,10
47478,163,weighted,10,0.5759355095541401,0,9,None,66,1,5,False,10,10
47479,164,weighted,10,0.5787221337579618,0,9,None,66,1,5,False,10,10
47480,160,weighted,10,0.4956210191082802,0,10,None,66,1,5,False,10,10
47481,161,weighted,10,0.4967157643312102,0,10,None,66,1,5,False,10,10
47482,162,weighted,10,0.4985071656050955,0,10,None,66,1,5,False,10,10
47483,163,weighted,10,0.4990047770700637,0,10,None,66,1,5,False,10,10
47484,164,weighted,10,0.5012937898089171,0,10,None,66,1,5,False,10,10
47485,160,weighted,10,0.5287619426751592,0,11,None,66,1,5,False,10,10
47486,161,weighted,10,0.5308519108280255,0,11,None,66,1,5,False,10,10
47487,162,weighted,10,0.5326433121019108,0,11,None,66,1,5,False,10,10
47488,163,weighted,10,0.5337380573248408,0,11,None,66,1,5,False,10,10
47489,164,weighted,10,0.5355294585987261,0,11,None,66,1,5,False,10,10
47490,160,weighted,10,0.5890724522292994,0,15,None,66,1,5,False,10,10
47491,161,weighted,10,0.5934514331210191,0,15,None,66,1,5,False,10,10
47492,162,weighted,10,0.5969347133757962,0,15,None,66,1,5,False,10,10
47493,163,weighted,10,0.6011146496815286,0,15,None,66,1,5,False,10,10
47494,164,weighted,10,0.6053941082802548,0,15,None,66,1,5,False,10,10
47495,160,weighted,10,0.5904657643312102,0,12,None,66,1,5,False,10,10
47496,161,weighted,10,0.5906648089171974,0,12,None,66,1,5,False,10,10
47497,162,weighted,10,0.59265525477707,0,12,None,66,1,5,False,10,10
47498,163,weighted,10,0.5940485668789809,0,12,None,66,1,5,False,10,10
47499,164,weighted,10,0.5944466560509554,0,12,None,66,1,5,False,10,10
47500,160,weighted,10,0.5463773885350318,0,17,None,66,1,5,False,10,10
47501,161,weighted,10,0.548765923566879,0,17,None,66,1,5,False,10,10
47502,162,weighted,10,0.5526472929936306,0,17,None,66,1,5,False,10,10
47503,163,weighted,10,0.5556329617834395,0,17,None,66,1,5,False,10,10
47504,164,weighted,10,0.5586186305732485,0,17,None,66,1,5,False,10,10
47505,160,weighted,10,0.5625,0,18,None,66,1,5,False,10,10
47506,161,weighted,10,0.5641918789808917,0,18,None,66,1,5,False,10,10
47507,162,weighted,10,0.5658837579617835,0,18,None,66,1,5,False,10,10
47508,163,weighted,10,0.5678742038216561,0,18,None,66,1,5,False,10,10
47509,164,weighted,10,0.5701632165605095,0,18,None,66,1,5,False,10,10
47510,160,weighted,10,0.6025079617834395,0,20,None,66,1,5,False,10,10
47511,161,weighted,10,0.6036027070063694,0,20,None,66,1,5,False,10,10
47512,162,weighted,10,0.6041003184713376,0,20,None,66,1,5,False,10,10
47513,163,weighted,10,0.6054936305732485,0,20,None,66,1,5,False,10,10
47514,164,weighted,10,0.6062898089171974,0,20,None,66,1,5,False,10,10
47515,160,weighted,10,0.5300557324840764,0,28,None,66,1,5,False,10,10
47516,161,weighted,10,0.5306528662420382,0,28,None,66,1,5,False,10,10
47517,162,weighted,10,0.5334394904458599,0,28,None,66,1,5,False,10,10
47518,163,weighted,10,0.5345342356687898,0,28,None,66,1,5,False,10,10
47519,164,weighted,10,0.5353304140127388,0,28,None,66,1,5,False,10,10
52965,165,weighted,10,0.5380175159235668,0,1,None,66,1,5,False,10,10
52966,166,weighted,10,0.5435907643312102,0,1,None,66,1,5,False,10,10
52967,167,weighted,10,0.5500597133757962,0,1,None,66,1,5,False,10,10
52968,168,weighted,10,0.5566281847133758,0,1,None,66,1,5,False,10,10
52969,169,weighted,10,0.5612062101910829,0,1,None,66,1,5,False,10,10
52970,165,weighted,10,0.5650875796178344,0,13,None,66,1,5,False,10,10
52971,166,weighted,10,0.5683718152866242,0,13,None,66,1,5,False,10,10
52972,167,weighted,10,0.5720541401273885,0,13,None,66,1,5,False,10,10
52973,168,weighted,10,0.5753383757961783,0,13,None,66,1,5,False,10,10
52974,169,weighted,10,0.5780254777070064,0,13,None,66,1,5,False,10,10
52975,165,weighted,10,0.5730493630573248,0,22,None,66,1,5,False,10,10
52976,166,weighted,10,0.5780254777070064,0,22,None,66,1,5,False,10,10
52977,167,weighted,10,0.5803144904458599,0,22,None,66,1,5,False,10,10
52978,168,weighted,10,0.5831011146496815,0,22,None,66,1,5,False,10,10
52979,169,weighted,10,0.5852906050955414,0,22,None,66,1,5,False,10,10
52980,165,weighted,10,0.5632961783439491,0,14,None,66,1,5,False,10,10
52981,166,weighted,10,0.5658837579617835,0,14,None,66,1,5,False,10,10
52982,167,weighted,10,0.5687699044585988,0,14,None,66,1,5,False,10,10
52983,168,weighted,10,0.5721536624203821,0,14,None,66,1,5,False,10,10
52984,169,weighted,10,0.5738455414012739,0,14,None,66,1,5,False,10,10
52985,165,weighted,10,0.6194267515923567,0,23,None,66,1,5,False,10,10
52986,166,weighted,10,0.6236066878980892,0,23,None,66,1,5,False,10,10
52987,167,weighted,10,0.6280851910828026,0,23,None,66,1,5,False,10,10
52988,168,weighted,10,0.630672770700637,0,23,None,66,1,5,False,10,10
52989,169,weighted,10,0.6319665605095541,0,23,None,66,1,5,False,10,10
52990,165,weighted,10,0.5749402866242038,0,21,None,66,1,5,False,10,10
52991,166,weighted,10,0.57703025477707,0,21,None,66,1,5,False,10,10
52992,167,weighted,10,0.5809116242038217,0,21,None,66,1,5,False,10,10
52993,168,weighted,10,0.5838972929936306,0,21,None,66,1,5,False,10,10
52994,169,weighted,10,0.5861863057324841,0,21,None,66,1,5,False,10,10
52995,165,weighted,10,0.5833001592356688,0,26,None,66,1,5,False,10,10
52996,166,weighted,10,0.5843949044585988,0,26,None,66,1,5,False,10,10
52997,167,weighted,10,0.5854896496815286,0,26,None,66,1,5,False,10,10
52998,168,weighted,10,0.5871815286624203,0,26,None,66,1,5,False,10,10
52999,169,weighted,10,0.588077229299363,0,26,None,66,1,5,False,10,10
53000,165,weighted,10,0.5705613057324841,0,29,None,66,1,5,False,10,10
53001,166,weighted,10,0.5739450636942676,0,29,None,66,1,5,False,10,10
53002,167,weighted,10,0.5756369426751592,0,29,None,66,1,5,False,10,10
53003,168,weighted,10,0.5773288216560509,0,29,None,66,1,5,False,10,10
53004,169,weighted,10,0.5796178343949044,0,29,None,66,1,5,False,10,10
53005,165,weighted,10,0.5439888535031847,0,6,None,66,1,5,False,10,10
53006,166,weighted,10,0.5469745222929936,0,6,None,66,1,5,False,10,10
53007,167,weighted,10,0.550656847133758,0,6,None,66,1,5,False,10,10
53008,168,weighted,10,0.553343949044586,0,6,None,66,1,5,False,10,10
53009,169,weighted,10,0.5572253184713376,0,6,None,66,1,5,False,10,10
53010,165,weighted,10,0.6159434713375797,0,32,None,66,1,5,False,10,10
53011,166,weighted,10,0.6178343949044586,0,32,None,66,1,5,False,10,10
53012,167,weighted,10,0.6178343949044586,0,32,None,66,1,5,False,10,10
53013,168,weighted,10,0.6183320063694268,0,32,None,66,1,5,False,10,10
53014,169,weighted,10,0.6205214968152867,0,32,None,66,1,5,False,10,10
53015,165,weighted,10,0.5321457006369427,0,16,None,66,1,5,False,10,10
53016,166,weighted,10,0.533937101910828,0,16,None,66,1,5,False,10,10
53017,167,weighted,10,0.5349323248407644,0,16,None,66,1,5,False,10,10
53018,168,weighted,10,0.5368232484076433,0,16,None,66,1,5,False,10,10
53019,169,weighted,10,0.5381170382165605,0,16,None,66,1,5,False,10,10
53020,165,weighted,10,0.5849920382165605,0,8,None,66,1,5,False,10,10
53021,166,weighted,10,0.5861863057324841,0,8,None,66,1,5,False,10,10
53022,167,weighted,10,0.586484872611465,0,8,None,66,1,5,False,10,10
53023,168,weighted,10,0.588077229299363,0,8,None,66,1,5,False,10,10
53024,169,weighted,10,0.5895700636942676,0,8,None,66,1,5,False,10,10
53025,165,weighted,10,0.5524482484076433,0,19,None,66,1,5,False,10,10
53026,166,weighted,10,0.553343949044586,0,19,None,66,1,5,False,10,10
53027,167,weighted,10,0.5546377388535032,0,19,None,66,1,5,False,10,10
53028,168,weighted,10,0.5565286624203821,0,19,None,66,1,5,False,10,10
53029,169,weighted,10,0.5599124203821656,0,19,None,66,1,5,False,10,10
53030,165,weighted,10,0.5540406050955414,0,2,None,66,1,5,False,10,10
53031,166,weighted,10,0.5559315286624203,0,2,None,66,1,5,False,10,10
53032,167,weighted,10,0.5567277070063694,0,2,None,66,1,5,False,10,10
53033,168,weighted,10,0.5585191082802548,0,2,None,66,1,5,False,10,10
53034,169,weighted,10,0.5600119426751592,0,2,None,66,1,5,False,10,10
53035,165,weighted,10,0.5833001592356688,0,4,None,66,1,5,False,10,10
53036,166,weighted,10,0.5862858280254777,0,4,None,66,1,5,False,10,10
53037,167,weighted,10,0.5892714968152867,0,4,None,66,1,5,False,10,10
53038,168,weighted,10,0.5925557324840764,0,4,None,66,1,5,False,10,10
53039,169,weighted,10,0.5953423566878981,0,4,None,66,1,5,False,10,10
53040,165,weighted,10,0.5806130573248408,0,3,None,66,1,5,False,10,10
53041,166,weighted,10,0.5816082802547771,0,3,None,66,1,5,False,10,10
53042,167,weighted,10,0.5850915605095541,0,3,None,66,1,5,False,10,10
53043,168,weighted,10,0.5855891719745223,0,3,None,66,1,5,False,10,10
53044,169,weighted,10,0.5867834394904459,0,3,None,66,1,5,False,10,10
53045,165,weighted,10,0.5733479299363057,0,5,None,66,1,5,False,10,10
53046,166,weighted,10,0.5794187898089171,0,5,None,66,1,5,False,10,10
53047,167,weighted,10,0.5861863057324841,0,5,None,66,1,5,False,10,10
53048,168,weighted,10,0.5924562101910829,0,5,None,66,1,5,False,10,10
53049,169,weighted,10,0.5965366242038217,0,5,None,66,1,5,False,10,10
53050,165,weighted,10,0.5829020700636943,0,7,None,66,1,5,False,10,10
53051,166,weighted,10,0.5861863057324841,0,7,None,66,1,5,False,10,10
53052,167,weighted,10,0.5894705414012739,0,7,None,66,1,5,False,10,10
53053,168,weighted,10,0.5927547770700637,0,7,None,66,1,5,False,10,10
53054,169,weighted,10,0.5961385350318471,0,7,None,66,1,5,False,10,10
53055,165,weighted,10,0.5015923566878981,0,10,None,66,1,5,False,10,10
53056,166,weighted,10,0.5046775477707006,0,10,None,66,1,5,False,10,10
53057,167,weighted,10,0.5073646496815286,0,10,None,66,1,5,False,10,10
53058,168,weighted,10,0.5103503184713376,0,10,None,66,1,5,False,10,10
53059,169,weighted,10,0.5127388535031847,0,10,None,66,1,5,False,10,10
53060,165,weighted,10,0.5361265923566879,0,11,None,66,1,5,False,10,10
53061,166,weighted,10,0.5376194267515924,0,11,None,66,1,5,False,10,10
53062,167,weighted,10,0.5392117834394905,0,11,None,66,1,5,False,10,10
53063,168,weighted,10,0.5413017515923567,0,11,None,66,1,5,False,10,10
53064,169,weighted,10,0.5428941082802548,0,11,None,66,1,5,False,10,10
53065,165,weighted,10,0.6081807324840764,0,15,None,66,1,5,False,10,10
53066,166,weighted,10,0.6108678343949044,0,15,None,66,1,5,False,10,10
53067,167,weighted,10,0.613953025477707,0,15,None,66,1,5,False,10,10
53068,168,weighted,10,0.6165406050955414,0,15,None,66,1,5,False,10,10
53069,169,weighted,10,0.620421974522293,0,15,None,66,1,5,False,10,10
53070,165,weighted,10,0.5611066878980892,0,17,None,66,1,5,False,10,10
53071,166,weighted,10,0.5630971337579618,0,17,None,66,1,5,False,10,10
53072,167,weighted,10,0.5655851910828026,0,17,None,66,1,5,False,10,10
53073,168,weighted,10,0.5698646496815286,0,17,None,66,1,5,False,10,10
53074,169,weighted,10,0.5731488853503185,0,17,None,66,1,5,False,10,10
53075,165,weighted,10,0.5733479299363057,0,18,None,66,1,5,False,10,10
53076,166,weighted,10,0.5761345541401274,0,18,None,66,1,5,False,10,10
53077,167,weighted,10,0.5782245222929936,0,18,None,66,1,5,False,10,10
53078,168,weighted,10,0.5801154458598726,0,18,None,66,1,5,False,10,10
53079,169,weighted,10,0.5826035031847133,0,18,None,66,1,5,False,10,10
53080,165,weighted,10,0.5357285031847133,0,28,None,66,1,5,False,10,10
53081,166,weighted,10,0.5368232484076433,0,28,None,66,1,5,False,10,10
53082,167,weighted,10,0.5393113057324841,0,28,None,66,1,5,False,10,10
53083,168,weighted,10,0.5413017515923567,0,28,None,66,1,5,False,10,10
53084,169,weighted,10,0.5431926751592356,0,28,None,66,1,5,False,10,10
53085,165,weighted,10,0.6100716560509554,0,20,None,66,1,5,False,10,10
53086,166,weighted,10,0.6117635350318471,0,20,None,66,1,5,False,10,10
53087,167,weighted,10,0.6130573248407644,0,20,None,66,1,5,False,10,10
53088,168,weighted,10,0.6134554140127388,0,20,None,66,1,5,False,10,10
53089,169,weighted,10,0.6145501592356688,0,20,None,66,1,5,False,10,10
53090,165,weighted,10,0.5821058917197452,0,9,None,66,1,5,False,10,10
53091,166,weighted,10,0.5841958598726115,0,9,None,66,1,5,False,10,10
53092,167,weighted,10,0.5859872611464968,0,9,None,66,1,5,False,10,10
53093,168,weighted,10,0.5881767515923567,0,9,None,66,1,5,False,10,10
53094,169,weighted,10,0.591859076433121,0,9,None,66,1,5,False,10,10
53095,165,weighted,10,0.5989251592356688,0,12,None,66,1,5,False,10,10
53096,166,weighted,10,0.6000199044585988,0,12,None,66,1,5,False,10,10
53097,167,weighted,10,0.6012141719745223,0,12,None,66,1,5,False,10,10
53098,168,weighted,10,0.6030055732484076,0,12,None,66,1,5,False,10,10
53099,169,weighted,10,0.6041998407643312,0,12,None,66,1,5,False,10,10
53100,165,weighted,10,0.6122611464968153,0,25,None,66,1,5,False,10,10
53101,166,weighted,10,0.6159434713375797,0,25,None,66,1,5,False,10,10
53102,167,weighted,10,0.6182324840764332,0,25,None,66,1,5,False,10,10
53103,168,weighted,10,0.6208200636942676,0,25,None,66,1,5,False,10,10
53104,169,weighted,10,0.6237062101910829,0,25,None,66,1,5,False,10,10
53105,165,weighted,10,0.599422770700637,0,24,None,66,1,5,False,10,10
53106,166,weighted,10,0.6032046178343949,0,24,None,66,1,5,False,10,10
53107,167,weighted,10,0.6075835987261147,0,24,None,66,1,5,False,10,10
53108,168,weighted,10,0.6103702229299363,0,24,None,66,1,5,False,10,10
53109,169,weighted,10,0.6148487261146497,0,24,None,66,1,5,False,10,10
53110,165,weighted,10,0.5420979299363057,0,27,None,66,1,5,False,10,10
53111,166,weighted,10,0.5444864649681529,0,27,None,66,1,5,False,10,10
53112,167,weighted,10,0.546875,0,27,None,66,1,5,False,10,10
53113,168,weighted,10,0.5521496815286624,0,27,None,66,1,5,False,10,10
53114,169,weighted,10,0.5627985668789809,0,27,None,66,1,5,False,10,10
53115,165,weighted,10,0.580015923566879,0,0,None,66,1,5,False,10,10
53116,166,weighted,10,0.5821058917197452,0,0,None,66,1,5,False,10,10
53117,167,weighted,10,0.5838972929936306,0,0,None,66,1,5,False,10,10
53118,168,weighted,10,0.5855891719745223,0,0,None,66,1,5,False,10,10
53119,169,weighted,10,0.5894705414012739,0,0,None,66,1,5,False,10,10
53120,165,weighted,10,0.5693670382165605,0,30,None,66,1,5,False,10,10
53121,166,weighted,10,0.5723527070063694,0,30,None,66,1,5,False,10,10
53122,167,weighted,10,0.5760350318471338,0,30,None,66,1,5,False,10,10
53123,168,weighted,10,0.5793192675159236,0,30,None,66,1,5,False,10,10
53124,169,weighted,10,0.5830015923566879,0,30,None,66,1,5,False,10,10
53125,165,weighted,10,0.427249203821656,0,31,None,66,1,5,False,10,10
53126,166,weighted,10,0.43640525477707,0,31,None,66,1,5,False,10,10
53127,167,weighted,10,0.4423765923566879,0,31,None,66,1,5,False,10,10
53128,168,weighted,10,0.4482484076433121,0,31,None,66,1,5,False,10,10
53129,169,weighted,10,0.4546178343949044,0,31,None,66,1,5,False,10,10
53130,170,weighted,10,0.557921974522293,0,1,None,66,1,5,False,10,10
53131,171,weighted,10,0.56359474522293,0,1,None,66,1,5,False,10,10
53132,172,weighted,10,0.5668789808917197,0,1,None,66,1,5,False,10,10
53133,173,weighted,10,0.5712579617834395,0,1,None,66,1,5,False,10,10
53134,174,weighted,10,0.5736464968152867,0,1,None,66,1,5,False,10,10
53135,170,weighted,10,0.5566281847133758,0,27,None,66,1,5,False,10,10
53136,171,weighted,10,0.5672770700636943,0,27,None,66,1,5,False,10,10
53137,172,weighted,10,0.580812101910828,0,27,None,66,1,5,False,10,10
53138,173,weighted,10,0.59484474522293,0,27,None,66,1,5,False,10,10
53139,174,weighted,10,0.6050955414012739,0,27,None,66,1,5,False,10,10
53140,170,weighted,10,0.559812898089172,0,2,None,66,1,5,False,10,10
53141,171,weighted,10,0.5629976114649682,0,2,None,66,1,5,False,10,10
53142,172,weighted,10,0.5638933121019108,0,2,None,66,1,5,False,10,10
53143,173,weighted,10,0.5647890127388535,0,2,None,66,1,5,False,10,10
53144,174,weighted,10,0.566281847133758,0,2,None,66,1,5,False,10,10
53145,170,weighted,10,0.5450835987261147,0,11,None,66,1,5,False,10,10
53146,171,weighted,10,0.5471735668789809,0,11,None,66,1,5,False,10,10
53147,172,weighted,10,0.5501592356687898,0,11,None,66,1,5,False,10,10
53148,173,weighted,10,0.5529458598726115,0,11,None,66,1,5,False,10,10
53149,174,weighted,10,0.5561305732484076,0,11,None,66,1,5,False,10,10
53150,170,weighted,10,0.6232085987261147,0,15,None,66,1,5,False,10,10
53151,171,weighted,10,0.6273885350318471,0,15,None,66,1,5,False,10,10
53152,172,weighted,10,0.6292794585987261,0,15,None,66,1,5,False,10,10
53153,173,weighted,10,0.6339570063694268,0,15,None,66,1,5,False,10,10
53154,174,weighted,10,0.6378383757961783,0,15,None,66,1,5,False,10,10
53155,170,weighted,10,0.5773288216560509,0,17,None,66,1,5,False,10,10
53156,171,weighted,10,0.5805135350318471,0,17,None,66,1,5,False,10,10
53157,172,weighted,10,0.5823049363057324,0,17,None,66,1,5,False,10,10
53158,173,weighted,10,0.5851910828025477,0,17,None,66,1,5,False,10,10
53159,174,weighted,10,0.5870820063694268,0,17,None,66,1,5,False,10,10
53160,170,weighted,10,0.5126393312101911,0,10,None,66,1,5,False,10,10
53161,171,weighted,10,0.5177149681528662,0,10,None,66,1,5,False,10,10
53162,172,weighted,10,0.5221934713375797,0,10,None,66,1,5,False,10,10
53163,173,weighted,10,0.5283638535031847,0,10,None,66,1,5,False,10,10
53164,174,weighted,10,0.5348328025477707,0,10,None,66,1,5,False,10,10
53165,170,weighted,10,0.6205214968152867,0,20,None,66,1,5,False,10,10
53166,171,weighted,10,0.6209195859872612,0,20,None,66,1,5,False,10,10
53167,172,weighted,10,0.6216162420382165,0,20,None,66,1,5,False,10,10
53168,173,weighted,10,0.6233081210191083,0,20,None,66,1,5,False,10,10
53169,174,weighted,10,0.6247014331210191,0,20,None,66,1,5,False,10,10
53170,170,weighted,10,0.5886743630573248,0,22,None,66,1,5,False,10,10
53171,171,weighted,10,0.5920581210191083,0,22,None,66,1,5,False,10,10
53172,172,weighted,10,0.5950437898089171,0,22,None,66,1,5,False,10,10
53173,173,weighted,10,0.5974323248407644,0,22,None,66,1,5,False,10,10
53174,174,weighted,10,0.6012141719745223,0,22,None,66,1,5,False,10,10
53175,170,weighted,10,0.5843949044585988,0,13,None,66,1,5,False,10,10
53176,171,weighted,10,0.5866839171974523,0,13,None,66,1,5,False,10,10
53177,172,weighted,10,0.5893710191082803,0,13,None,66,1,5,False,10,10
53178,173,weighted,10,0.5907643312101911,0,13,None,66,1,5,False,10,10
53179,174,weighted,10,0.59265525477707,0,13,None,66,1,5,False,10,10
53180,170,weighted,10,0.6147492038216561,0,24,None,66,1,5,False,10,10
53181,171,weighted,10,0.6184315286624203,0,24,None,66,1,5,False,10,10
53182,172,weighted,10,0.6227109872611465,0,24,None,66,1,5,False,10,10
53183,173,weighted,10,0.6251990445859873,0,24,None,66,1,5,False,10,10
53184,174,weighted,10,0.6271894904458599,0,24,None,66,1,5,False,10,10
53185,170,weighted,10,0.5868829617834395,0,21,None,66,1,5,False,10,10
53186,171,weighted,10,0.5892714968152867,0,21,None,66,1,5,False,10,10
53187,172,weighted,10,0.5927547770700637,0,21,None,66,1,5,False,10,10
53188,173,weighted,10,0.595640923566879,0,21,None,66,1,5,False,10,10
53189,174,weighted,10,0.5988256369426752,0,21,None,66,1,5,False,10,10
53190,170,weighted,10,0.626890923566879,0,23,None,66,1,5,False,10,10
53191,171,weighted,10,0.6305732484076433,0,23,None,66,1,5,False,10,10
53192,172,weighted,10,0.633359872611465,0,23,None,66,1,5,False,10,10
53193,173,weighted,10,0.6343550955414012,0,23,None,66,1,5,False,10,10
53194,174,weighted,10,0.6359474522292994,0,23,None,66,1,5,False,10,10
53195,170,weighted,10,0.5445859872611465,0,28,None,66,1,5,False,10,10
53196,171,weighted,10,0.5470740445859873,0,28,None,66,1,5,False,10,10
53197,172,weighted,10,0.5508558917197452,0,28,None,66,1,5,False,10,10
53198,173,weighted,10,0.5554339171974523,0,28,None,66,1,5,False,10,10
53199,174,weighted,10,0.5602109872611465,0,28,None,66,1,5,False,10,10
53200,170,weighted,10,0.5400079617834395,0,16,None,66,1,5,False,10,10
53201,171,weighted,10,0.5408041401273885,0,16,None,66,1,5,False,10,10
53202,172,weighted,10,0.5421974522292994,0,16,None,66,1,5,False,10,10
53203,173,weighted,10,0.544187898089172,0,16,None,66,1,5,False,10,10
53204,174,weighted,10,0.5456807324840764,0,16,None,66,1,5,False,10,10
53205,170,weighted,10,0.5959394904458599,0,5,None,66,1,5,False,10,10
53206,171,weighted,10,0.6006170382165605,0,5,None,66,1,5,False,10,10
53207,172,weighted,10,0.6040007961783439,0,5,None,66,1,5,False,10,10
53208,173,weighted,10,0.6073845541401274,0,5,None,66,1,5,False,10,10
53209,174,weighted,10,0.6089769108280255,0,5,None,66,1,5,False,10,10
53210,170,weighted,10,0.5619028662420382,0,6,None,66,1,5,False,10,10
53211,171,weighted,10,0.5644904458598726,0,6,None,66,1,5,False,10,10
53212,172,weighted,10,0.5677746815286624,0,6,None,66,1,5,False,10,10
53213,173,weighted,10,0.5729498407643312,0,6,None,66,1,5,False,10,10
53214,174,weighted,10,0.5758359872611465,0,6,None,66,1,5,False,10,10
53215,170,weighted,10,0.6073845541401274,0,12,None,66,1,5,False,10,10
53216,171,weighted,10,0.6084792993630573,0,12,None,66,1,5,False,10,10
53217,172,weighted,10,0.609375,0,12,None,66,1,5,False,10,10
53218,173,weighted,10,0.6113654458598726,0,12,None,66,1,5,False,10,10
53219,174,weighted,10,0.6124601910828026,0,12,None,66,1,5,False,10,10
53220,170,weighted,10,0.59265525477707,0,26,None,66,1,5,False,10,10
53221,171,weighted,10,0.5942476114649682,0,26,None,66,1,5,False,10,10
53222,172,weighted,10,0.5963375796178344,0,26,None,66,1,5,False,10,10
53223,173,weighted,10,0.5984275477707006,0,26,None,66,1,5,False,10,10
53224,174,weighted,10,0.600218949044586,0,26,None,66,1,5,False,10,10
53225,170,weighted,10,0.5857882165605095,0,30,None,66,1,5,False,10,10
53226,171,weighted,10,0.5931528662420382,0,30,None,66,1,5,False,10,10
53227,172,weighted,10,0.5971337579617835,0,30,None,66,1,5,False,10,10
53228,173,weighted,10,0.6013136942675159,0,30,None,66,1,5,False,10,10
53229,174,weighted,10,0.6028065286624203,0,30,None,66,1,5,False,10,10
53230,170,weighted,10,0.6035031847133758,0,7,None,66,1,5,False,10,10
53231,171,weighted,10,0.6068869426751592,0,7,None,66,1,5,False,10,10
53232,172,weighted,10,0.6091759554140127,0,7,None,66,1,5,False,10,10
53233,173,weighted,10,0.6122611464968153,0,7,None,66,1,5,False,10,10
53234,174,weighted,10,0.6155453821656051,0,7,None,66,1,5,False,10,10
53235,170,weighted,10,0.5971337579617835,0,4,None,66,1,5,False,10,10
53236,171,weighted,10,0.5996218152866242,0,4,None,66,1,5,False,10,10
53237,172,weighted,10,0.6022093949044586,0,4,None,66,1,5,False,10,10
53238,173,weighted,10,0.6051950636942676,0,4,None,66,1,5,False,10,10
53239,174,weighted,10,0.6064888535031847,0,4,None,66,1,5,False,10,10
53240,170,weighted,10,0.6236066878980892,0,32,None,66,1,5,False,10,10
53241,171,weighted,10,0.6249004777070064,0,32,None,66,1,5,False,10,10
53242,172,weighted,10,0.6266918789808917,0,32,None,66,1,5,False,10,10
53243,173,weighted,10,0.6284832802547771,0,32,None,66,1,5,False,10,10
53244,174,weighted,10,0.6297770700636943,0,32,None,66,1,5,False,10,10
53245,170,weighted,10,0.5992237261146497,0,9,None,66,1,5,False,10,10
53246,171,weighted,10,0.6049960191082803,0,9,None,66,1,5,False,10,10
53247,172,weighted,10,0.6102707006369427,0,9,None,66,1,5,False,10,10
53248,173,weighted,10,0.6153463375796179,0,9,None,66,1,5,False,10,10
53249,174,weighted,10,0.6197253184713376,0,9,None,66,1,5,False,10,10
53250,170,weighted,10,0.5885748407643312,0,0,None,66,1,5,False,10,10
53251,171,weighted,10,0.5927547770700637,0,0,None,66,1,5,False,10,10
53252,172,weighted,10,0.5971337579617835,0,0,None,66,1,5,False,10,10
53253,173,weighted,10,0.6015127388535032,0,0,None,66,1,5,False,10,10
53254,174,weighted,10,0.6058917197452229,0,0,None,66,1,5,False,10,10
53255,170,weighted,10,0.5764331210191083,0,14,None,66,1,5,False,10,10
53256,171,weighted,10,0.5799164012738853,0,14,None,66,1,5,False,10,10
53257,172,weighted,10,0.5828025477707006,0,14,None,66,1,5,False,10,10
53258,173,weighted,10,0.5850915605095541,0,14,None,66,1,5,False,10,10
53259,174,weighted,10,0.586484872611465,0,14,None,66,1,5,False,10,10
53260,170,weighted,10,0.5817078025477707,0,29,None,66,1,5,False,10,10
53261,171,weighted,10,0.5847929936305732,0,29,None,66,1,5,False,10,10
53262,172,weighted,10,0.5873805732484076,0,29,None,66,1,5,False,10,10
53263,173,weighted,10,0.5898686305732485,0,29,None,66,1,5,False,10,10
53264,174,weighted,10,0.5922571656050956,0,29,None,66,1,5,False,10,10
53265,170,weighted,10,0.6247014331210191,0,25,None,66,1,5,False,10,10
53266,171,weighted,10,0.6277866242038217,0,25,None,66,1,5,False,10,10
53267,172,weighted,10,0.6303742038216561,0,25,None,66,1,5,False,10,10
53268,173,weighted,10,0.6326632165605095,0,25,None,66,1,5,False,10,10
53269,174,weighted,10,0.6342555732484076,0,25,None,66,1,5,False,10,10
53270,170,weighted,10,0.591062898089172,0,8,None,66,1,5,False,10,10
53271,171,weighted,10,0.5936504777070064,0,8,None,66,1,5,False,10,10
53272,172,weighted,10,0.5955414012738853,0,8,None,66,1,5,False,10,10
53273,173,weighted,10,0.5965366242038217,0,8,None,66,1,5,False,10,10
53274,174,weighted,10,0.5982285031847133,0,8,None,66,1,5,False,10,10
53275,170,weighted,10,0.5875796178343949,0,3,None,66,1,5,False,10,10
53276,171,weighted,10,0.5882762738853503,0,3,None,66,1,5,False,10,10
53277,172,weighted,10,0.5906648089171974,0,3,None,66,1,5,False,10,10
53278,173,weighted,10,0.5923566878980892,0,3,None,66,1,5,False,10,10
53279,174,weighted,10,0.59375,0,3,None,66,1,5,False,10,10
53280,170,weighted,10,0.5854896496815286,0,18,None,66,1,5,False,10,10
53281,171,weighted,10,0.587281050955414,0,18,None,66,1,5,False,10,10
53282,172,weighted,10,0.5896695859872612,0,18,None,66,1,5,False,10,10
53283,173,weighted,10,0.5915605095541401,0,18,None,66,1,5,False,10,10
53284,174,weighted,10,0.5933519108280255,0,18,None,66,1,5,False,10,10
53285,170,weighted,10,0.4505374203821656,0,31,None,66,1,5,False,10,10
53286,171,weighted,10,0.4567078025477707,0,31,None,66,1,5,False,10,10
53287,172,weighted,10,0.4629777070063694,0,31,None,66,1,5,False,10,10
53288,173,weighted,10,0.4697452229299363,0,31,None,66,1,5,False,10,10
53289,174,weighted,10,0.4757165605095541,0,31,None,66,1,5,False,10,10
53290,170,weighted,10,0.5628980891719745,0,19,None,66,1,5,False,10,10
53291,171,weighted,10,0.5657842356687898,0,19,None,66,1,5,False,10,10
53292,172,weighted,10,0.5696656050955414,0,19,None,66,1,5,False,10,10
53293,173,weighted,10,0.574343152866242,0,19,None,66,1,5,False,10,10
53294,174,weighted,10,0.5768312101910829,0,19,None,66,1,5,False,10,10
53445,175,weighted,10,0.5794187898089171,0,19,None,66,1,5,False,10,10
53446,176,weighted,10,0.5829020700636943,0,19,None,66,1,5,False,10,10
53447,177,weighted,10,0.5862858280254777,0,19,None,66,1,5,False,10,10
53448,178,weighted,10,0.5909633757961783,0,19,None,66,1,5,False,10,10
53449,179,weighted,10,0.5947452229299363,0,19,None,66,1,5,False,10,10
53450,175,weighted,10,0.6611265923566879,0,15,None,66,1,5,False,10,10
53451,176,weighted,10,0.6655055732484076,0,15,None,66,1,5,False,10,10
53452,177,weighted,10,0.6661027070063694,0,15,None,66,1,5,False,10,10
53453,178,weighted,10,0.6645103503184714,0,15,None,66,1,5,False,10,10
53454,179,weighted,10,0.6642117834394905,0,15,None,66,1,5,False,10,10
53455,175,weighted,10,0.5652866242038217,0,11,None,66,1,5,False,10,10
53456,176,weighted,10,0.5715565286624203,0,11,None,66,1,5,False,10,10
53457,177,weighted,10,0.5775278662420382,0,11,None,66,1,5,False,10,10
53458,178,weighted,10,0.5858877388535032,0,11,None,66,1,5,False,10,10
53459,179,weighted,10,0.5929538216560509,0,11,None,66,1,5,False,10,10
53475,175,weighted,10,0.5886743630573248,0,17,None,66,1,5,False,10,10
53476,176,weighted,10,0.591062898089172,0,17,None,66,1,5,False,10,10
53477,177,weighted,10,0.59375,0,17,None,66,1,5,False,10,10
53478,178,weighted,10,0.5962380573248408,0,17,None,66,1,5,False,10,10
53479,179,weighted,10,0.5982285031847133,0,17,None,66,1,5,False,10,10
53480,175,weighted,10,0.5705613057324841,0,1,None,66,1,5,False,10,10
53481,176,weighted,10,0.5744426751592356,0,1,None,66,1,5,False,10,10
53482,177,weighted,10,0.57703025477707,0,1,None,66,1,5,False,10,10
53483,178,weighted,10,0.580015923566879,0,1,None,66,1,5,False,10,10
53484,179,weighted,10,0.581906847133758,0,1,None,66,1,5,False,10,10
53485,175,weighted,10,0.5671775477707006,0,2,None,66,1,5,False,10,10
53486,176,weighted,10,0.5684713375796179,0,2,None,66,1,5,False,10,10
53487,177,weighted,10,0.5710589171974523,0,2,None,66,1,5,False,10,10
53488,178,weighted,10,0.5737460191082803,0,2,None,66,1,5,False,10,10
53489,179,weighted,10,0.5787221337579618,0,2,None,66,1,5,False,10,10
53490,175,weighted,10,0.5986265923566879,0,21,None,66,1,5,False,10,10
53491,176,weighted,10,0.6015127388535032,0,21,None,66,1,5,False,10,10
53492,177,weighted,10,0.6058917197452229,0,21,None,66,1,5,False,10,10
53493,178,weighted,10,0.6100716560509554,0,21,None,66,1,5,False,10,10
53494,179,weighted,10,0.6128582802547771,0,21,None,66,1,5,False,10,10
53495,175,weighted,10,0.568172770700637,0,28,None,66,1,5,False,10,10
53496,176,weighted,10,0.5750398089171974,0,28,None,66,1,5,False,10,10
53497,177,weighted,10,0.5816082802547771,0,28,None,66,1,5,False,10,10
53498,178,weighted,10,0.5874800955414012,0,28,None,66,1,5,False,10,10
53499,179,weighted,10,0.5930533439490446,0,28,None,66,1,5,False,10,10
53500,175,weighted,10,0.59484474522293,0,29,None,66,1,5,False,10,10
53501,176,weighted,10,0.5984275477707006,0,29,None,66,1,5,False,10,10
53502,177,weighted,10,0.6012141719745223,0,29,None,66,1,5,False,10,10
53503,178,weighted,10,0.6036027070063694,0,29,None,66,1,5,False,10,10
53504,179,weighted,10,0.6065883757961783,0,29,None,66,1,5,False,10,10
53505,175,weighted,10,0.6267914012738853,0,24,None,66,1,5,False,10,10
53506,176,weighted,10,0.6299761146496815,0,24,None,66,1,5,False,10,10
53507,177,weighted,10,0.6321656050955414,0,24,None,66,1,5,False,10,10
53508,178,weighted,10,0.6336584394904459,0,24,None,66,1,5,False,10,10
53509,179,weighted,10,0.6354498407643312,0,24,None,66,1,5,False,10,10
53510,175,weighted,10,0.5979299363057324,0,18,None,66,1,5,False,10,10
53511,176,weighted,10,0.5995222929936306,0,18,None,66,1,5,False,10,10
53512,177,weighted,10,0.6015127388535032,0,18,None,66,1,5,False,10,10
53513,178,weighted,10,0.6036027070063694,0,18,None,66,1,5,False,10,10
53514,179,weighted,10,0.604796974522293,0,18,None,66,1,5,False,10,10
53515,175,weighted,10,0.5973328025477707,0,27,None,66,1,5,False,10,10
53516,176,weighted,10,0.6085788216560509,0,27,None,66,1,5,False,10,10
53517,177,weighted,10,0.6163415605095541,0,27,None,66,1,5,False,10,10
53518,178,weighted,10,0.6208200636942676,0,27,None,66,1,5,False,10,10
53519,179,weighted,10,0.6235071656050956,0,27,None,66,1,5,False,10,10
53520,175,weighted,10,0.465764331210191,0,31,None,66,1,5,False,10,10
53521,176,weighted,10,0.4747213375796178,0,31,None,66,1,5,False,10,10
53522,177,weighted,10,0.4830812101910828,0,31,None,66,1,5,False,10,10
53523,178,weighted,10,0.4903463375796178,0,31,None,66,1,5,False,10,10
53524,179,weighted,10,0.497014331210191,0,31,None,66,1,5,False,10,10
53525,175,weighted,10,0.5391122611464968,0,10,None,66,1,5,False,10,10
53526,176,weighted,10,0.5458797770700637,0,10,None,66,1,5,False,10,10
53527,177,weighted,10,0.5539410828025477,0,10,None,66,1,5,False,10,10
53528,178,weighted,10,0.5597133757961783,0,10,None,66,1,5,False,10,10
53529,179,weighted,10,0.565187101910828,0,10,None,66,1,5,False,10,10
53530,175,weighted,10,0.6005175159235668,0,8,None,66,1,5,False,10,10
53531,176,weighted,10,0.6034036624203821,0,8,None,66,1,5,False,10,10
53532,177,weighted,10,0.6048964968152867,0,8,None,66,1,5,False,10,10
53533,178,weighted,10,0.6065883757961783,0,8,None,66,1,5,False,10,10
53534,179,weighted,10,0.6080812101910829,0,8,None,66,1,5,False,10,10
53535,175,weighted,10,0.6300756369426752,0,20,None,66,1,5,False,10,10
53536,176,weighted,10,0.6313694267515924,0,20,None,66,1,5,False,10,10
53537,177,weighted,10,0.6326632165605095,0,20,None,66,1,5,False,10,10
53538,178,weighted,10,0.6339570063694268,0,20,None,66,1,5,False,10,10
53539,179,weighted,10,0.6353503184713376,0,20,None,66,1,5,False,10,10
53540,175,weighted,10,0.633359872611465,0,23,None,66,1,5,False,10,10
53541,176,weighted,10,0.6365445859872612,0,23,None,66,1,5,False,10,10
53542,177,weighted,10,0.6409235668789809,0,23,None,66,1,5,False,10,10
53543,178,weighted,10,0.6427149681528662,0,23,None,66,1,5,False,10,10
53544,179,weighted,10,0.6441082802547771,0,23,None,66,1,5,False,10,10
53545,175,weighted,10,0.5478702229299363,0,16,None,66,1,5,False,10,10
53546,176,weighted,10,0.5515525477707006,0,16,None,66,1,5,False,10,10
53547,177,weighted,10,0.5575238853503185,0,16,None,66,1,5,False,10,10
53548,178,weighted,10,0.564390923566879,0,16,None,66,1,5,False,10,10
53549,179,weighted,10,0.5698646496815286,0,16,None,66,1,5,False,10,10
53550,175,weighted,10,0.6347531847133758,0,32,None,66,1,5,False,10,10
53551,176,weighted,10,0.6371417197452229,0,32,None,66,1,5,False,10,10
53552,177,weighted,10,0.6385350318471338,0,32,None,66,1,5,False,10,10
53553,178,weighted,10,0.6400278662420382,0,32,None,66,1,5,False,10,10
53554,179,weighted,10,0.6412221337579618,0,32,None,66,1,5,False,10,10
53555,175,weighted,10,0.5966361464968153,0,13,None,66,1,5,False,10,10
53556,176,weighted,10,0.6001194267515924,0,13,None,66,1,5,False,10,10
53557,177,weighted,10,0.6018113057324841,0,13,None,66,1,5,False,10,10
53558,178,weighted,10,0.6036027070063694,0,13,None,66,1,5,False,10,10
53559,179,weighted,10,0.6063893312101911,0,13,None,66,1,5,False,10,10
53560,175,weighted,10,0.6338574840764332,0,25,None,66,1,5,False,10,10
53561,176,weighted,10,0.6370421974522293,0,25,None,66,1,5,False,10,10
53562,177,weighted,10,0.6390326433121019,0,25,None,66,1,5,False,10,10
53563,178,weighted,10,0.6413216560509554,0,25,None,66,1,5,False,10,10
53564,179,weighted,10,0.643312101910828,0,25,None,66,1,5,False,10,10
53565,175,weighted,10,0.6025079617834395,0,22,None,66,1,5,False,10,10
53566,176,weighted,10,0.6044984076433121,0,22,None,66,1,5,False,10,10
53567,177,weighted,10,0.6086783439490446,0,22,None,66,1,5,False,10,10
53568,178,weighted,10,0.6114649681528662,0,22,None,66,1,5,False,10,10
53569,179,weighted,10,0.6138535031847133,0,22,None,66,1,5,False,10,10
53570,175,weighted,10,0.6318670382165605,0,9,None,66,1,5,False,10,10
53571,176,weighted,10,0.6359474522292994,0,9,None,66,1,5,False,10,10
53572,177,weighted,10,0.6411226114649682,0,9,None,66,1,5,False,10,10
53573,178,weighted,10,0.6463972929936306,0,9,None,66,1,5,False,10,10
53574,179,weighted,10,0.6509753184713376,0,9,None,66,1,5,False,10,10
53575,175,weighted,10,0.6043988853503185,0,0,None,66,1,5,False,10,10
53576,176,weighted,10,0.6084792993630573,0,0,None,66,1,5,False,10,10
53577,177,weighted,10,0.6127587579617835,0,0,None,66,1,5,False,10,10
53578,178,weighted,10,0.6148487261146497,0,0,None,66,1,5,False,10,10
53579,179,weighted,10,0.615843949044586,0,0,None,66,1,5,False,10,10
53580,175,weighted,10,0.5969347133757962,0,3,None,66,1,5,False,10,10
53581,176,weighted,10,0.600218949044586,0,3,None,66,1,5,False,10,10
53582,177,weighted,10,0.6013136942675159,0,3,None,66,1,5,False,10,10
53583,178,weighted,10,0.604796974522293,0,3,None,66,1,5,False,10,10
53584,179,weighted,10,0.6080812101910829,0,3,None,66,1,5,False,10,10
53585,175,weighted,10,0.6087778662420382,0,5,None,66,1,5,False,10,10
53586,176,weighted,10,0.6105692675159236,0,5,None,66,1,5,False,10,10
53587,177,weighted,10,0.6133558917197452,0,5,None,66,1,5,False,10,10
53588,178,weighted,10,0.6144506369426752,0,5,None,66,1,5,False,10,10
53589,179,weighted,10,0.6163415605095541,0,5,None,66,1,5,False,10,10
53590,175,weighted,10,0.6080812101910829,0,4,None,66,1,5,False,10,10
53591,176,weighted,10,0.6105692675159236,0,4,None,66,1,5,False,10,10
53592,177,weighted,10,0.6123606687898089,0,4,None,66,1,5,False,10,10
53593,178,weighted,10,0.6138535031847133,0,4,None,66,1,5,False,10,10
53594,179,weighted,10,0.6152468152866242,0,4,None,66,1,5,False,10,10
53595,175,weighted,10,0.581906847133758,0,6,None,66,1,5,False,10,10
53596,176,weighted,10,0.5836982484076433,0,6,None,66,1,5,False,10,10
53597,177,weighted,10,0.5868829617834395,0,6,None,66,1,5,False,10,10
53598,178,weighted,10,0.5894705414012739,0,6,None,66,1,5,False,10,10
53599,179,weighted,10,0.5915605095541401,0,6,None,66,1,5,False,10,10
53600,175,weighted,10,0.6207205414012739,0,7,None,66,1,5,False,10,10
53601,176,weighted,10,0.6222133757961783,0,7,None,66,1,5,False,10,10
53602,177,weighted,10,0.6241042993630573,0,7,None,66,1,5,False,10,10
53603,178,weighted,10,0.6264928343949044,0,7,None,66,1,5,False,10,10
53604,179,weighted,10,0.6283837579617835,0,7,None,66,1,5,False,10,10
53605,175,weighted,10,0.616640127388535,0,12,None,66,1,5,False,10,10
53606,176,weighted,10,0.618531050955414,0,12,None,66,1,5,False,10,10
53607,177,weighted,10,0.6205214968152867,0,12,None,66,1,5,False,10,10
53608,178,weighted,10,0.6237062101910829,0,12,None,66,1,5,False,10,10
53609,179,weighted,10,0.6267914012738853,0,12,None,66,1,5,False,10,10
53610,175,weighted,10,0.6061902866242038,0,26,None,66,1,5,False,10,10
53611,176,weighted,10,0.6085788216560509,0,26,None,66,1,5,False,10,10
53612,177,weighted,10,0.6107683121019108,0,26,None,66,1,5,False,10,10
53613,178,weighted,10,0.6115644904458599,0,26,None,66,1,5,False,10,10
53614,179,weighted,10,0.615047770700637,0,26,None,66,1,5,False,10,10
53615,175,weighted,10,0.5898686305732485,0,14,None,66,1,5,False,10,10
53616,176,weighted,10,0.5934514331210191,0,14,None,66,1,5,False,10,10
53617,177,weighted,10,0.5962380573248408,0,14,None,66,1,5,False,10,10
53618,178,weighted,10,0.5980294585987261,0,14,None,66,1,5,False,10,10
53619,179,weighted,10,0.6008160828025477,0,14,None,66,1,5,False,10,10
53620,175,weighted,10,0.6052945859872612,0,30,None,66,1,5,False,10,10
53621,176,weighted,10,0.6078821656050956,0,30,None,66,1,5,False,10,10
53622,177,weighted,10,0.6133558917197452,0,30,None,66,1,5,False,10,10
53623,178,weighted,10,0.6162420382165605,0,30,None,66,1,5,False,10,10
53624,179,weighted,10,0.6191281847133758,0,30,None,66,1,5,False,10,10
53955,180,weighted,10,0.582703025477707,0,1,None,66,1,5,False,10,10
53956,181,weighted,10,0.5848925159235668,0,1,None,66,1,5,False,10,10
53957,182,weighted,10,0.5871815286624203,0,1,None,66,1,5,False,10,10
53958,183,weighted,10,0.5886743630573248,0,1,None,66,1,5,False,10,10
53959,184,weighted,10,0.5901671974522293,0,1,None,66,1,5,False,10,10
53960,180,weighted,10,0.5915605095541401,0,2,None,66,1,5,False,10,10
53961,181,weighted,10,0.5979299363057324,0,2,None,66,1,5,False,10,10
53962,182,weighted,10,0.6043988853503185,0,2,None,66,1,5,False,10,10
53963,183,weighted,10,0.6098726114649682,0,2,None,66,1,5,False,10,10
53964,184,weighted,10,0.6149482484076433,0,2,None,66,1,5,False,10,10
53965,180,weighted,10,0.6175358280254777,0,5,None,66,1,5,False,10,10
53966,181,weighted,10,0.618531050955414,0,5,None,66,1,5,False,10,10
53967,182,weighted,10,0.6200238853503185,0,5,None,66,1,5,False,10,10
53968,183,weighted,10,0.6206210191082803,0,5,None,66,1,5,False,10,10
53969,184,weighted,10,0.6218152866242038,0,5,None,66,1,5,False,10,10
53970,180,weighted,10,0.675656847133758,0,15,None,66,1,5,False,10,10
53971,181,weighted,10,0.6808320063694268,0,15,None,66,1,5,False,10,10
53972,182,weighted,10,0.6846138535031847,0,15,None,66,1,5,False,10,10
53973,183,weighted,10,0.6869028662420382,0,15,None,66,1,5,False,10,10
53974,184,weighted,10,0.6877985668789809,0,15,None,66,1,5,False,10,10
53975,180,weighted,10,0.5833996815286624,0,16,None,66,1,5,False,10,10
53976,181,weighted,10,0.5896695859872612,0,16,None,66,1,5,False,10,10
53977,182,weighted,10,0.5951433121019108,0,16,None,66,1,5,False,10,10
53978,183,weighted,10,0.5997213375796179,0,16,None,66,1,5,False,10,10
53979,184,weighted,10,0.6035031847133758,0,16,None,66,1,5,False,10,10
53980,180,weighted,10,0.6403264331210191,0,20,None,66,1,5,False,10,10
53981,181,weighted,10,0.6423168789808917,0,20,None,66,1,5,False,10,10
53982,182,weighted,10,0.6432125796178344,0,20,None,66,1,5,False,10,10
53983,183,weighted,10,0.6446058917197452,0,20,None,66,1,5,False,10,10
53984,184,weighted,10,0.6464968152866242,0,20,None,66,1,5,False,10,10
53985,180,weighted,10,0.611265923566879,0,8,None,66,1,5,False,10,10
53986,181,weighted,10,0.6133558917197452,0,8,None,66,1,5,False,10,10
53987,182,weighted,10,0.6146496815286624,0,8,None,66,1,5,False,10,10
53988,183,weighted,10,0.6157444267515924,0,8,None,66,1,5,False,10,10
53989,184,weighted,10,0.6180334394904459,0,8,None,66,1,5,False,10,10
53990,180,weighted,10,0.5974323248407644,0,19,None,66,1,5,False,10,10
53991,181,weighted,10,0.6005175159235668,0,19,None,66,1,5,False,10,10
53992,182,weighted,10,0.6038017515923567,0,19,None,66,1,5,False,10,10
53993,183,weighted,10,0.6046974522292994,0,19,None,66,1,5,False,10,10
53994,184,weighted,10,0.6061902866242038,0,19,None,66,1,5,False,10,10
53995,180,weighted,10,0.6156449044585988,0,22,None,66,1,5,False,10,10
53996,181,weighted,10,0.6179339171974523,0,22,None,66,1,5,False,10,10
53997,182,weighted,10,0.6215167197452229,0,22,None,66,1,5,False,10,10
53998,183,weighted,10,0.6246019108280255,0,22,None,66,1,5,False,10,10
53999,184,weighted,10,0.6284832802547771,0,22,None,66,1,5,False,10,10
54000,180,weighted,10,0.6063893312101911,0,14,None,66,1,5,False,10,10
54001,181,weighted,10,0.6097730891719745,0,14,None,66,1,5,False,10,10
54002,182,weighted,10,0.6136544585987261,0,14,None,66,1,5,False,10,10
54003,183,weighted,10,0.6172372611464968,0,14,None,66,1,5,False,10,10
54004,184,weighted,10,0.6209195859872612,0,14,None,66,1,5,False,10,10
54005,180,weighted,10,0.6439092356687898,0,23,None,66,1,5,False,10,10
54006,181,weighted,10,0.6480891719745223,0,23,None,66,1,5,False,10,10
54007,182,weighted,10,0.6494824840764332,0,23,None,66,1,5,False,10,10
54008,183,weighted,10,0.6515724522292994,0,23,None,66,1,5,False,10,10
54009,184,weighted,10,0.652468152866242,0,23,None,66,1,5,False,10,10
54010,180,weighted,10,0.6188296178343949,0,21,None,66,1,5,False,10,10
54011,181,weighted,10,0.6232085987261147,0,21,None,66,1,5,False,10,10
54012,182,weighted,10,0.6285828025477707,0,21,None,66,1,5,False,10,10
54013,183,weighted,10,0.633359872611465,0,21,None,66,1,5,False,10,10
54014,184,weighted,10,0.6380374203821656,0,21,None,66,1,5,False,10,10
54015,180,weighted,10,0.6370421974522293,0,24,None,66,1,5,False,10,10
54016,181,weighted,10,0.6375398089171974,0,24,None,66,1,5,False,10,10
54017,182,weighted,10,0.6390326433121019,0,24,None,66,1,5,False,10,10
54018,183,weighted,10,0.6400278662420382,0,24,None,66,1,5,False,10,10
54019,184,weighted,10,0.6414211783439491,0,24,None,66,1,5,False,10,10
54020,180,weighted,10,0.6233081210191083,0,30,None,66,1,5,False,10,10
54021,181,weighted,10,0.6258957006369427,0,30,None,66,1,5,False,10,10
54022,182,weighted,10,0.6296775477707006,0,30,None,66,1,5,False,10,10
54023,183,weighted,10,0.6345541401273885,0,30,None,66,1,5,False,10,10
54024,184,weighted,10,0.6378383757961783,0,30,None,66,1,5,False,10,10
54025,180,weighted,10,0.6077826433121019,0,18,None,66,1,5,False,10,10
54026,181,weighted,10,0.6088773885350318,0,18,None,66,1,5,False,10,10
54027,182,weighted,10,0.6111664012738853,0,18,None,66,1,5,False,10,10
54028,183,weighted,10,0.6128582802547771,0,18,None,66,1,5,False,10,10
54029,184,weighted,10,0.615843949044586,0,18,None,66,1,5,False,10,10
54030,180,weighted,10,0.622312898089172,0,27,None,66,1,5,False,10,10
54031,181,weighted,10,0.6277866242038217,0,27,None,66,1,5,False,10,10
54032,182,weighted,10,0.6300756369426752,0,27,None,66,1,5,False,10,10
54033,183,weighted,10,0.6342555732484076,0,27,None,66,1,5,False,10,10
54034,184,weighted,10,0.6364450636942676,0,27,None,66,1,5,False,10,10
54035,180,weighted,10,0.4864649681528662,0,31,None,66,1,5,False,10,10
54036,181,weighted,10,0.4950238853503185,0,31,None,66,1,5,False,10,10
54037,182,weighted,10,0.5015923566878981,0,31,None,66,1,5,False,10,10
54038,183,weighted,10,0.5080613057324841,0,31,None,66,1,5,False,10,10
54039,184,weighted,10,0.5138335987261147,0,31,None,66,1,5,False,10,10
54040,180,weighted,10,0.6327627388535032,0,7,None,66,1,5,False,10,10
54041,181,weighted,10,0.6347531847133758,0,7,None,66,1,5,False,10,10
54042,182,weighted,10,0.636046974522293,0,7,None,66,1,5,False,10,10
54043,183,weighted,10,0.6377388535031847,0,7,None,66,1,5,False,10,10
54044,184,weighted,10,0.63953025477707,0,7,None,66,1,5,False,10,10
54045,180,weighted,10,0.6184315286624203,0,4,None,66,1,5,False,10,10
54046,181,weighted,10,0.6190286624203821,0,4,None,66,1,5,False,10,10
54047,182,weighted,10,0.6208200636942676,0,4,None,66,1,5,False,10,10
54048,183,weighted,10,0.622312898089172,0,4,None,66,1,5,False,10,10
54049,184,weighted,10,0.6238057324840764,0,4,None,66,1,5,False,10,10
54050,180,weighted,10,0.6451035031847133,0,32,None,66,1,5,False,10,10
54051,181,weighted,10,0.645203025477707,0,32,None,66,1,5,False,10,10
54052,182,weighted,10,0.6456011146496815,0,32,None,66,1,5,False,10,10
54053,183,weighted,10,0.6466958598726115,0,32,None,66,1,5,False,10,10
54054,184,weighted,10,0.6493829617834395,0,32,None,66,1,5,False,10,10
54055,180,weighted,10,0.602109872611465,0,11,None,66,1,5,False,10,10
54056,181,weighted,10,0.60828025477707,0,11,None,66,1,5,False,10,10
54057,182,weighted,10,0.6116640127388535,0,11,None,66,1,5,False,10,10
54058,183,weighted,10,0.6146496815286624,0,11,None,66,1,5,False,10,10
54059,184,weighted,10,0.6155453821656051,0,11,None,66,1,5,False,10,10
54060,180,weighted,10,0.5696656050955414,0,10,None,66,1,5,False,10,10
54061,181,weighted,10,0.5745421974522293,0,10,None,66,1,5,False,10,10
54062,182,weighted,10,0.5785230891719745,0,10,None,66,1,5,False,10,10
54063,183,weighted,10,0.5816082802547771,0,10,None,66,1,5,False,10,10
54064,184,weighted,10,0.5867834394904459,0,10,None,66,1,5,False,10,10
54065,180,weighted,10,0.6001194267515924,0,17,None,66,1,5,False,10,10
54066,181,weighted,10,0.6007165605095541,0,17,None,66,1,5,False,10,10
54067,182,weighted,10,0.602109872611465,0,17,None,66,1,5,False,10,10
54068,183,weighted,10,0.6039012738853503,0,17,None,66,1,5,False,10,10
54069,184,weighted,10,0.6064888535031847,0,17,None,66,1,5,False,10,10
54070,180,weighted,10,0.6296775477707006,0,12,None,66,1,5,False,10,10
54071,181,weighted,10,0.6320660828025477,0,12,None,66,1,5,False,10,10
54072,182,weighted,10,0.6342555732484076,0,12,None,66,1,5,False,10,10
54073,183,weighted,10,0.6378383757961783,0,12,None,66,1,5,False,10,10
54074,184,weighted,10,0.6420183121019108,0,12,None,66,1,5,False,10,10
54075,180,weighted,10,0.5955414012738853,0,6,None,66,1,5,False,10,10
54076,181,weighted,10,0.5978304140127388,0,6,None,66,1,5,False,10,10
54077,182,weighted,10,0.5992237261146497,0,6,None,66,1,5,False,10,10
54078,183,weighted,10,0.6012141719745223,0,6,None,66,1,5,False,10,10
54079,184,weighted,10,0.602109872611465,0,6,None,66,1,5,False,10,10
54080,180,weighted,10,0.612062101910828,0,13,None,66,1,5,False,10,10
54081,181,weighted,10,0.6143511146496815,0,13,None,66,1,5,False,10,10
54082,182,weighted,10,0.6182324840764332,0,13,None,66,1,5,False,10,10
54083,183,weighted,10,0.6233081210191083,0,13,None,66,1,5,False,10,10
54084,184,weighted,10,0.6283837579617835,0,13,None,66,1,5,False,10,10
54085,180,weighted,10,0.6448049363057324,0,25,None,66,1,5,False,10,10
54086,181,weighted,10,0.6463972929936306,0,25,None,66,1,5,False,10,10
54087,182,weighted,10,0.6483877388535032,0,25,None,66,1,5,False,10,10
54088,183,weighted,10,0.6513734076433121,0,25,None,66,1,5,False,10,10
54089,184,weighted,10,0.6546576433121019,0,25,None,66,1,5,False,10,10
54090,180,weighted,10,0.6170382165605095,0,26,None,66,1,5,False,10,10
54091,181,weighted,10,0.6191281847133758,0,26,None,66,1,5,False,10,10
54092,182,weighted,10,0.6215167197452229,0,26,None,66,1,5,False,10,10
54093,183,weighted,10,0.6237062101910829,0,26,None,66,1,5,False,10,10
54094,184,weighted,10,0.6243033439490446,0,26,None,66,1,5,False,10,10
54095,180,weighted,10,0.6025079617834395,0,28,None,66,1,5,False,10,10
54096,181,weighted,10,0.6058917197452229,0,28,None,66,1,5,False,10,10
54097,182,weighted,10,0.6076831210191083,0,28,None,66,1,5,False,10,10
54098,183,weighted,10,0.6089769108280255,0,28,None,66,1,5,False,10,10
54099,184,weighted,10,0.6102707006369427,0,28,None,66,1,5,False,10,10
54100,180,weighted,10,0.6096735668789809,0,3,None,66,1,5,False,10,10
54101,181,weighted,10,0.6119625796178344,0,3,None,66,1,5,False,10,10
54102,182,weighted,10,0.6178343949044586,0,3,None,66,1,5,False,10,10
54103,183,weighted,10,0.6258957006369427,0,3,None,66,1,5,False,10,10
54104,184,weighted,10,0.6329617834394905,0,3,None,66,1,5,False,10,10
54105,180,weighted,10,0.6592356687898089,0,9,None,66,1,5,False,10,10
54106,181,weighted,10,0.6634156050955414,0,9,None,66,1,5,False,10,10
54107,182,weighted,10,0.665406050955414,0,9,None,66,1,5,False,10,10
54108,183,weighted,10,0.6665007961783439,0,9,None,66,1,5,False,10,10
54109,184,weighted,10,0.6678941082802548,0,9,None,66,1,5,False,10,10
54110,180,weighted,10,0.615843949044586,0,0,None,66,1,5,False,10,10
54111,181,weighted,10,0.6182324840764332,0,0,None,66,1,5,False,10,10
54112,182,weighted,10,0.6209195859872612,0,0,None,66,1,5,False,10,10
54113,183,weighted,10,0.6242038216560509,0,0,None,66,1,5,False,10,10
54114,184,weighted,10,0.62609474522293,0,0,None,66,1,5,False,10,10
54115,180,weighted,10,0.60828025477707,0,29,None,66,1,5,False,10,10
54116,181,weighted,10,0.6114649681528662,0,29,None,66,1,5,False,10,10
54117,182,weighted,10,0.6141520700636943,0,29,None,66,1,5,False,10,10
54118,183,weighted,10,0.6175358280254777,0,29,None,66,1,5,False,10,10
54119,184,weighted,10,0.618531050955414,0,29,None,66,1,5,False,10,10
54120,185,weighted,10,0.625,0,26,None,66,1,5,False,10,10
54121,186,weighted,10,0.6261942675159236,0,26,None,66,1,5,False,10,10
54122,187,weighted,10,0.6267914012738853,0,26,None,66,1,5,False,10,10
54123,188,weighted,10,0.6272890127388535,0,26,None,66,1,5,False,10,10
54124,189,weighted,10,0.6278861464968153,0,26,None,66,1,5,False,10,10
54125,185,weighted,10,0.5909633757961783,0,1,None,66,1,5,False,10,10
54126,186,weighted,10,0.5930533439490446,0,1,None,66,1,5,False,10,10
54127,187,weighted,10,0.5951433121019108,0,1,None,66,1,5,False,10,10
54128,188,weighted,10,0.5962380573248408,0,1,None,66,1,5,False,10,10
54129,189,weighted,10,0.5981289808917197,0,1,None,66,1,5,False,10,10
54130,185,weighted,10,0.6227109872611465,0,2,None,66,1,5,False,10,10
54131,186,weighted,10,0.6252985668789809,0,2,None,66,1,5,False,10,10
54132,187,weighted,10,0.6274880573248408,0,2,None,66,1,5,False,10,10
54133,188,weighted,10,0.6300756369426752,0,2,None,66,1,5,False,10,10
54134,189,weighted,10,0.6321656050955414,0,2,None,66,1,5,False,10,10
54135,185,weighted,10,0.6225119426751592,0,11,None,66,1,5,False,10,10
54136,186,weighted,10,0.6234076433121019,0,11,None,66,1,5,False,10,10
54137,187,weighted,10,0.6250995222929936,0,11,None,66,1,5,False,10,10
54138,188,weighted,10,0.6266918789808917,0,11,None,66,1,5,False,10,10
54139,189,weighted,10,0.6298765923566879,0,11,None,66,1,5,False,10,10
54140,185,weighted,10,0.63953025477707,0,7,None,66,1,5,False,10,10
54141,186,weighted,10,0.6408240445859873,0,7,None,66,1,5,False,10,10
54142,187,weighted,10,0.6428144904458599,0,7,None,66,1,5,False,10,10
54143,188,weighted,10,0.6442078025477707,0,7,None,66,1,5,False,10,10
54144,189,weighted,10,0.6450039808917197,0,7,None,66,1,5,False,10,10
54145,185,weighted,10,0.6089769108280255,0,17,None,66,1,5,False,10,10
54146,186,weighted,10,0.6089769108280255,0,17,None,66,1,5,False,10,10
54147,187,weighted,10,0.6101711783439491,0,17,None,66,1,5,False,10,10
54148,188,weighted,10,0.6101711783439491,0,17,None,66,1,5,False,10,10
54149,189,weighted,10,0.6110668789808917,0,17,None,66,1,5,False,10,10
54150,185,weighted,10,0.6230095541401274,0,5,None,66,1,5,False,10,10
54151,186,weighted,10,0.6244028662420382,0,5,None,66,1,5,False,10,10
54152,187,weighted,10,0.6255971337579618,0,5,None,66,1,5,False,10,10
54153,188,weighted,10,0.6262937898089171,0,5,None,66,1,5,False,10,10
54154,189,weighted,10,0.6272890127388535,0,5,None,66,1,5,False,10,10
54155,185,weighted,10,0.6473925159235668,0,20,None,66,1,5,False,10,10
54156,186,weighted,10,0.6486863057324841,0,20,None,66,1,5,False,10,10
54157,187,weighted,10,0.649781050955414,0,20,None,66,1,5,False,10,10
54158,188,weighted,10,0.6509753184713376,0,20,None,66,1,5,False,10,10
54159,189,weighted,10,0.6520700636942676,0,20,None,66,1,5,False,10,10
54160,185,weighted,10,0.628781847133758,0,22,None,66,1,5,False,10,10
54161,186,weighted,10,0.6313694267515924,0,22,None,66,1,5,False,10,10
54162,187,weighted,10,0.6335589171974523,0,22,None,66,1,5,False,10,10
54163,188,weighted,10,0.6355493630573248,0,22,None,66,1,5,False,10,10
54164,189,weighted,10,0.6372412420382165,0,22,None,66,1,5,False,10,10
54165,185,weighted,10,0.6507762738853503,0,32,None,66,1,5,False,10,10
54166,186,weighted,10,0.6529657643312102,0,32,None,66,1,5,False,10,10
54167,187,weighted,10,0.6553542993630573,0,32,None,66,1,5,False,10,10
54168,188,weighted,10,0.6582404458598726,0,32,None,66,1,5,False,10,10
54169,189,weighted,10,0.6618232484076433,0,32,None,66,1,5,False,10,10
54170,185,weighted,10,0.6105692675159236,0,16,None,66,1,5,False,10,10
54171,186,weighted,10,0.6119625796178344,0,16,None,66,1,5,False,10,10
54172,187,weighted,10,0.6129578025477707,0,16,None,66,1,5,False,10,10
54173,188,weighted,10,0.6143511146496815,0,16,None,66,1,5,False,10,10
54174,189,weighted,10,0.6144506369426752,0,16,None,66,1,5,False,10,10
54175,185,weighted,10,0.6209195859872612,0,8,None,66,1,5,False,10,10
54176,186,weighted,10,0.6224124203821656,0,8,None,66,1,5,False,10,10
54177,187,weighted,10,0.6237062101910829,0,8,None,66,1,5,False,10,10
54178,188,weighted,10,0.6251990445859873,0,8,None,66,1,5,False,10,10
54179,189,weighted,10,0.6261942675159236,0,8,None,66,1,5,False,10,10
54180,185,weighted,10,0.6183320063694268,0,18,None,66,1,5,False,10,10
54181,186,weighted,10,0.620421974522293,0,18,None,66,1,5,False,10,10
54182,187,weighted,10,0.6219148089171974,0,18,None,66,1,5,False,10,10
54183,188,weighted,10,0.6242038216560509,0,18,None,66,1,5,False,10,10
54184,189,weighted,10,0.6267914012738853,0,18,None,66,1,5,False,10,10
54185,185,weighted,10,0.6219148089171974,0,14,None,66,1,5,False,10,10
54186,186,weighted,10,0.6249004777070064,0,14,None,66,1,5,False,10,10
54187,187,weighted,10,0.6293789808917197,0,14,None,66,1,5,False,10,10
54188,188,weighted,10,0.632265127388535,0,14,None,66,1,5,False,10,10
54189,189,weighted,10,0.6345541401273885,0,14,None,66,1,5,False,10,10
54190,185,weighted,10,0.6715764331210191,0,9,None,66,1,5,False,10,10
54191,186,weighted,10,0.6741640127388535,0,9,None,66,1,5,False,10,10
54192,187,weighted,10,0.6755573248407644,0,9,None,66,1,5,False,10,10
54193,188,weighted,10,0.6759554140127388,0,9,None,66,1,5,False,10,10
54194,189,weighted,10,0.6772492038216561,0,9,None,66,1,5,False,10,10
54195,185,weighted,10,0.6530652866242038,0,25,None,66,1,5,False,10,10
54196,186,weighted,10,0.65734474522293,0,25,None,66,1,5,False,10,10
54197,187,weighted,10,0.6588375796178344,0,25,None,66,1,5,False,10,10
54198,188,weighted,10,0.6607285031847133,0,25,None,66,1,5,False,10,10
54199,189,weighted,10,0.6629179936305732,0,25,None,66,1,5,False,10,10
54200,185,weighted,10,0.6188296178343949,0,29,None,66,1,5,False,10,10
54201,186,weighted,10,0.6219148089171974,0,29,None,66,1,5,False,10,10
54202,187,weighted,10,0.6247014331210191,0,29,None,66,1,5,False,10,10
54203,188,weighted,10,0.6258957006369427,0,29,None,66,1,5,False,10,10
54204,189,weighted,10,0.6274880573248408,0,29,None,66,1,5,False,10,10
54205,185,weighted,10,0.6353503184713376,0,13,None,66,1,5,False,10,10
54206,186,weighted,10,0.6402269108280255,0,13,None,66,1,5,False,10,10
54207,187,weighted,10,0.6454020700636943,0,13,None,66,1,5,False,10,10
54208,188,weighted,10,0.6490843949044586,0,13,None,66,1,5,False,10,10
54209,189,weighted,10,0.6522691082802548,0,13,None,66,1,5,False,10,10
54210,185,weighted,10,0.6469944267515924,0,12,None,66,1,5,False,10,10
54211,186,weighted,10,0.650577229299363,0,12,None,66,1,5,False,10,10
54212,187,weighted,10,0.6554538216560509,0,12,None,66,1,5,False,10,10
54213,188,weighted,10,0.6594347133757962,0,12,None,66,1,5,False,10,10
54214,189,weighted,10,0.6638136942675159,0,12,None,66,1,5,False,10,10
54215,185,weighted,10,0.6527667197452229,0,23,None,66,1,5,False,10,10
54216,186,weighted,10,0.6547571656050956,0,23,None,66,1,5,False,10,10
54217,187,weighted,10,0.6558519108280255,0,23,None,66,1,5,False,10,10
54218,188,weighted,10,0.6566480891719745,0,23,None,66,1,5,False,10,10
54219,189,weighted,10,0.6595342356687898,0,23,None,66,1,5,False,10,10
54220,185,weighted,10,0.6286823248407644,0,4,None,66,1,5,False,10,10
54221,186,weighted,10,0.6304737261146497,0,4,None,66,1,5,False,10,10
54222,187,weighted,10,0.6327627388535032,0,4,None,66,1,5,False,10,10
54223,188,weighted,10,0.6350517515923567,0,4,None,66,1,5,False,10,10
54224,189,weighted,10,0.6375398089171974,0,4,None,66,1,5,False,10,10
54225,185,weighted,10,0.6140525477707006,0,28,None,66,1,5,False,10,10
54226,186,weighted,10,0.6159434713375797,0,28,None,66,1,5,False,10,10
54227,187,weighted,10,0.6171377388535032,0,28,None,66,1,5,False,10,10
54228,188,weighted,10,0.6186305732484076,0,28,None,66,1,5,False,10,10
54229,189,weighted,10,0.6205214968152867,0,28,None,66,1,5,False,10,10
54230,185,weighted,10,0.5022890127388535,0,31,None,66,1,5,False,10,10
54231,186,weighted,10,0.5098527070063694,0,31,None,66,1,5,False,10,10
54232,187,weighted,10,0.5171178343949044,0,31,None,66,1,5,False,10,10
54233,188,weighted,10,0.5235867834394905,0,31,None,66,1,5,False,10,10
54234,189,weighted,10,0.5277667197452229,0,31,None,66,1,5,False,10,10
54235,185,weighted,10,0.6353503184713376,0,27,None,66,1,5,False,10,10
54236,186,weighted,10,0.6369426751592356,0,27,None,66,1,5,False,10,10
54237,187,weighted,10,0.6393312101910829,0,27,None,66,1,5,False,10,10
54238,188,weighted,10,0.6422173566878981,0,27,None,66,1,5,False,10,10
54239,189,weighted,10,0.644406847133758,0,27,None,66,1,5,False,10,10
54240,185,weighted,10,0.6053941082802548,0,6,None,66,1,5,False,10,10
54241,186,weighted,10,0.6069864649681529,0,6,None,66,1,5,False,10,10
54242,187,weighted,10,0.6087778662420382,0,6,None,66,1,5,False,10,10
54243,188,weighted,10,0.6098726114649682,0,6,None,66,1,5,False,10,10
54244,189,weighted,10,0.6113654458598726,0,6,None,66,1,5,False,10,10
54245,185,weighted,10,0.6422173566878981,0,30,None,66,1,5,False,10,10
54246,186,weighted,10,0.645203025477707,0,30,None,66,1,5,False,10,10
54247,187,weighted,10,0.6484872611464968,0,30,None,66,1,5,False,10,10
54248,188,weighted,10,0.6511743630573248,0,30,None,66,1,5,False,10,10
54249,189,weighted,10,0.6523686305732485,0,30,None,66,1,5,False,10,10
54250,185,weighted,10,0.5894705414012739,0,10,None,66,1,5,False,10,10
54251,186,weighted,10,0.59484474522293,0,10,None,66,1,5,False,10,10
54252,187,weighted,10,0.598328025477707,0,10,None,66,1,5,False,10,10
54253,188,weighted,10,0.6027070063694268,0,10,None,66,1,5,False,10,10
54254,189,weighted,10,0.6068869426751592,0,10,None,66,1,5,False,10,10
54255,185,weighted,10,0.6867038216560509,0,15,None,66,1,5,False,10,10
54256,186,weighted,10,0.6895899681528662,0,15,None,66,1,5,False,10,10
54257,187,weighted,10,0.6933718152866242,0,15,None,66,1,5,False,10,10
54258,188,weighted,10,0.6962579617834395,0,15,None,66,1,5,False,10,10
54259,189,weighted,10,0.6982484076433121,0,15,None,66,1,5,False,10,10
54260,185,weighted,10,0.636046974522293,0,3,None,66,1,5,False,10,10
54261,186,weighted,10,0.6420183121019108,0,3,None,66,1,5,False,10,10
54262,187,weighted,10,0.6481886942675159,0,3,None,66,1,5,False,10,10
54263,188,weighted,10,0.6522691082802548,0,3,None,66,1,5,False,10,10
54264,189,weighted,10,0.6556528662420382,0,3,None,66,1,5,False,10,10
54265,185,weighted,10,0.6084792993630573,0,19,None,66,1,5,False,10,10
54266,186,weighted,10,0.6103702229299363,0,19,None,66,1,5,False,10,10
54267,187,weighted,10,0.6114649681528662,0,19,None,66,1,5,False,10,10
54268,188,weighted,10,0.6126592356687898,0,19,None,66,1,5,False,10,10
54269,189,weighted,10,0.6146496815286624,0,19,None,66,1,5,False,10,10
54270,185,weighted,10,0.6442078025477707,0,21,None,66,1,5,False,10,10
54271,186,weighted,10,0.6467953821656051,0,21,None,66,1,5,False,10,10
54272,187,weighted,10,0.6514729299363057,0,21,None,66,1,5,False,10,10
54273,188,weighted,10,0.6538614649681529,0,21,None,66,1,5,False,10,10
54274,189,weighted,10,0.6553542993630573,0,21,None,66,1,5,False,10,10
54275,185,weighted,10,0.6404259554140127,0,24,None,66,1,5,False,10,10
54276,186,weighted,10,0.6416202229299363,0,24,None,66,1,5,False,10,10
54277,187,weighted,10,0.6431130573248408,0,24,None,66,1,5,False,10,10
54278,188,weighted,10,0.6453025477707006,0,24,None,66,1,5,False,10,10
54279,189,weighted,10,0.6473925159235668,0,24,None,66,1,5,False,10,10
54280,185,weighted,10,0.6301751592356688,0,0,None,66,1,5,False,10,10
54281,186,weighted,10,0.634156050955414,0,0,None,66,1,5,False,10,10
54282,187,weighted,10,0.6356488853503185,0,0,None,66,1,5,False,10,10
54283,188,weighted,10,0.6382364649681529,0,0,None,66,1,5,False,10,10
54284,189,weighted,10,0.6432125796178344,0,0,None,66,1,5,False,10,10
54285,190,weighted,10,0.6301751592356688,0,26,None,66,1,5,False,10,10
54286,191,weighted,10,0.6299761146496815,0,26,None,66,1,5,False,10,10
54287,192,weighted,10,0.6300756369426752,0,26,None,66,1,5,False,10,10
54288,193,weighted,10,0.6303742038216561,0,26,None,66,1,5,False,10,10
54289,194,weighted,10,0.6310708598726115,0,26,None,66,1,5,False,10,10
54290,190,weighted,10,0.518312101910828,0,31,None,66,1,5,False,10,10
54291,191,weighted,10,0.5261743630573248,0,31,None,66,1,5,False,10,10
54292,192,weighted,10,0.5305533439490446,0,31,None,66,1,5,False,10,10
54293,193,weighted,10,0.5367237261146497,0,31,None,66,1,5,False,10,10
54294,194,weighted,10,0.5413017515923567,0,31,None,66,1,5,False,10,10
54295,190,weighted,10,0.654359076433121,0,30,None,66,1,5,False,10,10
54296,191,weighted,10,0.6576433121019108,0,30,None,66,1,5,False,10,10
54297,192,weighted,10,0.6613256369426752,0,30,None,66,1,5,False,10,10
54298,193,weighted,10,0.6643113057324841,0,30,None,66,1,5,False,10,10
54299,194,weighted,10,0.6660031847133758,0,30,None,66,1,5,False,10,10
54300,190,weighted,10,0.5986265923566879,0,1,None,66,1,5,False,10,10
54301,191,weighted,10,0.6006170382165605,0,1,None,66,1,5,False,10,10
54302,192,weighted,10,0.6040007961783439,0,1,None,66,1,5,False,10,10
54303,193,weighted,10,0.6058917197452229,0,1,None,66,1,5,False,10,10
54304,194,weighted,10,0.6087778662420382,0,1,None,66,1,5,False,10,10
54305,190,weighted,10,0.6355493630573248,0,2,None,66,1,5,False,10,10
54306,191,weighted,10,0.6383359872611465,0,2,None,66,1,5,False,10,10
54307,192,weighted,10,0.6418192675159236,0,2,None,66,1,5,False,10,10
54308,193,weighted,10,0.6438097133757962,0,2,None,66,1,5,False,10,10
54309,194,weighted,10,0.6477906050955414,0,2,None,66,1,5,False,10,10
54310,190,weighted,10,0.6458001592356688,0,7,None,66,1,5,False,10,10
54311,191,weighted,10,0.6473925159235668,0,7,None,66,1,5,False,10,10
54312,192,weighted,10,0.6487858280254777,0,7,None,66,1,5,False,10,10
54313,193,weighted,10,0.6499800955414012,0,7,None,66,1,5,False,10,10
54314,194,weighted,10,0.6517714968152867,0,7,None,66,1,5,False,10,10
54315,190,weighted,10,0.6963574840764332,0,15,None,66,1,5,False,10,10
54316,191,weighted,10,0.6986464968152867,0,15,None,66,1,5,False,10,10
54317,192,weighted,10,0.7016321656050956,0,15,None,66,1,5,False,10,10
54318,193,weighted,10,0.7035230891719745,0,15,None,66,1,5,False,10,10
54319,194,weighted,10,0.7040207006369427,0,15,None,66,1,5,False,10,10
54320,190,weighted,10,0.6407245222929936,0,11,None,66,1,5,False,10,10
54321,191,weighted,10,0.6419187898089171,0,11,None,66,1,5,False,10,10
54322,192,weighted,10,0.6424164012738853,0,11,None,66,1,5,False,10,10
54323,193,weighted,10,0.6446058917197452,0,11,None,66,1,5,False,10,10
54324,194,weighted,10,0.6449044585987261,0,11,None,66,1,5,False,10,10
54325,190,weighted,10,0.6271894904458599,0,5,None,66,1,5,False,10,10
54326,191,weighted,10,0.628781847133758,0,5,None,66,1,5,False,10,10
54327,192,weighted,10,0.6305732484076433,0,5,None,66,1,5,False,10,10
54328,193,weighted,10,0.6302746815286624,0,5,None,66,1,5,False,10,10
54329,194,weighted,10,0.6323646496815286,0,5,None,66,1,5,False,10,10
54330,190,weighted,10,0.6122611464968153,0,10,None,66,1,5,False,10,10
54331,191,weighted,10,0.6160429936305732,0,10,None,66,1,5,False,10,10
54332,192,weighted,10,0.6208200636942676,0,10,None,66,1,5,False,10,10
54333,193,weighted,10,0.6236066878980892,0,10,None,66,1,5,False,10,10
54334,194,weighted,10,0.6270899681528662,0,10,None,66,1,5,False,10,10
54335,190,weighted,10,0.6531648089171974,0,20,None,66,1,5,False,10,10
54336,191,weighted,10,0.6548566878980892,0,20,None,66,1,5,False,10,10
54337,192,weighted,10,0.6552547770700637,0,20,None,66,1,5,False,10,10
54338,193,weighted,10,0.6560509554140127,0,20,None,66,1,5,False,10,10
54339,194,weighted,10,0.65734474522293,0,20,None,66,1,5,False,10,10
54340,190,weighted,10,0.6137539808917197,0,6,None,66,1,5,False,10,10
54341,191,weighted,10,0.615047770700637,0,6,None,66,1,5,False,10,10
54342,192,weighted,10,0.6160429936305732,0,6,None,66,1,5,False,10,10
54343,193,weighted,10,0.616640127388535,0,6,None,66,1,5,False,10,10
54344,194,weighted,10,0.6184315286624203,0,6,None,66,1,5,False,10,10
54345,190,weighted,10,0.6623208598726115,0,32,None,66,1,5,False,10,10
54346,191,weighted,10,0.6650079617834395,0,32,None,66,1,5,False,10,10
54347,192,weighted,10,0.6677945859872612,0,32,None,66,1,5,False,10,10
54348,193,weighted,10,0.6700835987261147,0,32,None,66,1,5,False,10,10
54349,194,weighted,10,0.6713773885350318,0,32,None,66,1,5,False,10,10
54350,190,weighted,10,0.6187300955414012,0,16,None,66,1,5,False,10,10
54351,191,weighted,10,0.6189291401273885,0,16,None,66,1,5,False,10,10
54352,192,weighted,10,0.6199243630573248,0,16,None,66,1,5,False,10,10
54353,193,weighted,10,0.6202229299363057,0,16,None,66,1,5,False,10,10
54354,194,weighted,10,0.6207205414012739,0,16,None,66,1,5,False,10,10
54355,190,weighted,10,0.6324641719745223,0,8,None,66,1,5,False,10,10
54356,191,weighted,10,0.6338574840764332,0,8,None,66,1,5,False,10,10
54357,192,weighted,10,0.6351512738853503,0,8,None,66,1,5,False,10,10
54358,193,weighted,10,0.6371417197452229,0,8,None,66,1,5,False,10,10
54359,194,weighted,10,0.6388335987261147,0,8,None,66,1,5,False,10,10
54360,190,weighted,10,0.6296775477707006,0,18,None,66,1,5,False,10,10
54361,191,weighted,10,0.6318670382165605,0,18,None,66,1,5,False,10,10
54362,192,weighted,10,0.6345541401273885,0,18,None,66,1,5,False,10,10
54363,193,weighted,10,0.6364450636942676,0,18,None,66,1,5,False,10,10
54364,194,weighted,10,0.63953025477707,0,18,None,66,1,5,False,10,10
54365,190,weighted,10,0.6170382165605095,0,19,None,66,1,5,False,10,10
54366,191,weighted,10,0.6174363057324841,0,19,None,66,1,5,False,10,10
54367,192,weighted,10,0.6181329617834395,0,19,None,66,1,5,False,10,10
54368,193,weighted,10,0.6195262738853503,0,19,None,66,1,5,False,10,10
54369,194,weighted,10,0.620421974522293,0,19,None,66,1,5,False,10,10
54370,190,weighted,10,0.663515127388535,0,25,None,66,1,5,False,10,10
54371,191,weighted,10,0.665406050955414,0,25,None,66,1,5,False,10,10
54372,192,weighted,10,0.6685907643312102,0,25,None,66,1,5,False,10,10
54373,193,weighted,10,0.6712778662420382,0,25,None,66,1,5,False,10,10
54374,194,weighted,10,0.67296974522293,0,25,None,66,1,5,False,10,10
54375,190,weighted,10,0.65734474522293,0,13,None,66,1,5,False,10,10
54376,191,weighted,10,0.6604299363057324,0,13,None,66,1,5,False,10,10
54377,192,weighted,10,0.662718949044586,0,13,None,66,1,5,False,10,10
54378,193,weighted,10,0.6644108280254777,0,13,None,66,1,5,False,10,10
54379,194,weighted,10,0.6653065286624203,0,13,None,66,1,5,False,10,10
54380,190,weighted,10,0.6665007961783439,0,12,None,66,1,5,False,10,10
54381,191,weighted,10,0.6701831210191083,0,12,None,66,1,5,False,10,10
54382,192,weighted,10,0.6731687898089171,0,12,None,66,1,5,False,10,10
54383,193,weighted,10,0.6760549363057324,0,12,None,66,1,5,False,10,10
54384,194,weighted,10,0.679140127388535,0,12,None,66,1,5,False,10,10
54385,190,weighted,10,0.6270899681528662,0,29,None,66,1,5,False,10,10
54386,191,weighted,10,0.6280851910828026,0,29,None,66,1,5,False,10,10
54387,192,weighted,10,0.6303742038216561,0,29,None,66,1,5,False,10,10
54388,193,weighted,10,0.6329617834394905,0,29,None,66,1,5,False,10,10
54389,194,weighted,10,0.6350517515923567,0,29,None,66,1,5,False,10,10
54390,190,weighted,10,0.678343949044586,0,9,None,66,1,5,False,10,10
54391,191,weighted,10,0.6808320063694268,0,9,None,66,1,5,False,10,10
54392,192,weighted,10,0.681827229299363,0,9,None,66,1,5,False,10,10
54393,193,weighted,10,0.6825238853503185,0,9,None,66,1,5,False,10,10
54394,194,weighted,10,0.6842157643312102,0,9,None,66,1,5,False,10,10
54395,190,weighted,10,0.6376393312101911,0,14,None,66,1,5,False,10,10
54396,191,weighted,10,0.6400278662420382,0,14,None,66,1,5,False,10,10
54397,192,weighted,10,0.6423168789808917,0,14,None,66,1,5,False,10,10
54398,193,weighted,10,0.6439092356687898,0,14,None,66,1,5,False,10,10
54399,194,weighted,10,0.6460987261146497,0,14,None,66,1,5,False,10,10
54400,190,weighted,10,0.6372412420382165,0,22,None,66,1,5,False,10,10
54401,191,weighted,10,0.6389331210191083,0,22,None,66,1,5,False,10,10
54402,192,weighted,10,0.6414211783439491,0,22,None,66,1,5,False,10,10
54403,193,weighted,10,0.6428144904458599,0,22,None,66,1,5,False,10,10
54404,194,weighted,10,0.6445063694267515,0,22,None,66,1,5,False,10,10
54405,190,weighted,10,0.6175358280254777,0,17,None,66,1,5,False,10,10
54406,191,weighted,10,0.6172372611464968,0,17,None,66,1,5,False,10,10
54407,192,weighted,10,0.6170382165605095,0,17,None,66,1,5,False,10,10
54408,193,weighted,10,0.6173367834394905,0,17,None,66,1,5,False,10,10
54409,194,weighted,10,0.6182324840764332,0,17,None,66,1,5,False,10,10
54410,190,weighted,10,0.6584394904458599,0,21,None,66,1,5,False,10,10
54411,191,weighted,10,0.660031847133758,0,21,None,66,1,5,False,10,10
54412,192,weighted,10,0.662718949044586,0,21,None,66,1,5,False,10,10
54413,193,weighted,10,0.6648089171974523,0,21,None,66,1,5,False,10,10
54414,194,weighted,10,0.6666003184713376,0,21,None,66,1,5,False,10,10
54415,190,weighted,10,0.6460987261146497,0,24,None,66,1,5,False,10,10
54416,191,weighted,10,0.6479896496815286,0,24,None,66,1,5,False,10,10
54417,192,weighted,10,0.6498805732484076,0,24,None,66,1,5,False,10,10
54418,193,weighted,10,0.6519705414012739,0,24,None,66,1,5,False,10,10
54419,194,weighted,10,0.6528662420382165,0,24,None,66,1,5,False,10,10
54420,190,weighted,10,0.643312101910828,0,27,None,66,1,5,False,10,10
54421,191,weighted,10,0.647890127388535,0,27,None,66,1,5,False,10,10
54422,192,weighted,10,0.6482882165605095,0,27,None,66,1,5,False,10,10
54423,193,weighted,10,0.6510748407643312,0,27,None,66,1,5,False,10,10
54424,194,weighted,10,0.6531648089171974,0,27,None,66,1,5,False,10,10
54425,190,weighted,10,0.6209195859872612,0,28,None,66,1,5,False,10,10
54426,191,weighted,10,0.6227109872611465,0,28,None,66,1,5,False,10,10
54427,192,weighted,10,0.6250995222929936,0,28,None,66,1,5,False,10,10
54428,193,weighted,10,0.6253980891719745,0,28,None,66,1,5,False,10,10
54429,194,weighted,10,0.6264928343949044,0,28,None,66,1,5,False,10,10
54430,190,weighted,10,0.6592356687898089,0,3,None,66,1,5,False,10,10
54431,191,weighted,10,0.6612261146496815,0,3,None,66,1,5,False,10,10
54432,192,weighted,10,0.6642117834394905,0,3,None,66,1,5,False,10,10
54433,193,weighted,10,0.6667993630573248,0,3,None,66,1,5,False,10,10
54434,194,weighted,10,0.6689888535031847,0,3,None,66,1,5,False,10,10
54435,190,weighted,10,0.647890127388535,0,0,None,66,1,5,False,10,10
54436,191,weighted,10,0.6501791401273885,0,0,None,66,1,5,False,10,10
54437,192,weighted,10,0.652468152866242,0,0,None,66,1,5,False,10,10
54438,193,weighted,10,0.6555533439490446,0,0,None,66,1,5,False,10,10
54439,194,weighted,10,0.6591361464968153,0,0,None,66,1,5,False,10,10
54440,190,weighted,10,0.6568471337579618,0,23,None,66,1,5,False,10,10
54441,191,weighted,10,0.6597332802547771,0,23,None,66,1,5,False,10,10
54442,192,weighted,10,0.6624203821656051,0,23,None,66,1,5,False,10,10
54443,193,weighted,10,0.665406050955414,0,23,None,66,1,5,False,10,10
54444,194,weighted,10,0.6686902866242038,0,23,None,66,1,5,False,10,10
54445,190,weighted,10,0.6446058917197452,0,4,None,66,1,5,False,10,10
54446,191,weighted,10,0.6468949044585988,0,4,None,66,1,5,False,10,10
54447,192,weighted,10,0.6484872611464968,0,4,None,66,1,5,False,10,10
54448,193,weighted,10,0.6496815286624203,0,4,None,66,1,5,False,10,10
54449,194,weighted,10,0.6519705414012739,0,4,None,66,1,5,False,10,10
54450,195,weighted,10,0.6219148089171974,0,17,None,66,1,5,False,10,10
54451,196,weighted,10,0.6219148089171974,0,17,None,66,1,5,False,10,10
54452,197,weighted,10,0.6224124203821656,0,17,None,66,1,5,False,10,10
54453,198,weighted,10,0.6218152866242038,0,17,None,66,1,5,False,10,10
54454,199,weighted,10,0.6217157643312102,0,17,None,66,1,5,False,10,10
54455,195,weighted,10,0.6234076433121019,0,16,None,66,1,5,False,10,10
54456,196,weighted,10,0.6226114649681529,0,16,None,66,1,5,False,10,10
54457,197,weighted,10,0.6229100318471338,0,16,None,66,1,5,False,10,10
54458,198,weighted,10,0.6236066878980892,0,16,None,66,1,5,False,10,10
54459,199,weighted,10,0.6242038216560509,0,16,None,66,1,5,False,10,10
54460,195,weighted,10,0.6398288216560509,0,18,None,66,1,5,False,10,10
54461,196,weighted,10,0.6426154458598726,0,18,None,66,1,5,False,10,10
54462,197,weighted,10,0.6449044585987261,0,18,None,66,1,5,False,10,10
54463,198,weighted,10,0.6467953821656051,0,18,None,66,1,5,False,10,10
54464,199,weighted,10,0.648984872611465,0,18,None,66,1,5,False,10,10
54465,195,weighted,10,0.6738654458598726,0,25,None,66,1,5,False,10,10
54466,196,weighted,10,0.6757563694267515,0,25,None,66,1,5,False,10,10
54467,197,weighted,10,0.6778463375796179,0,25,None,66,1,5,False,10,10
54468,198,weighted,10,0.6786425159235668,0,25,None,66,1,5,False,10,10
54469,199,weighted,10,0.6804339171974523,0,25,None,66,1,5,False,10,10
54470,195,weighted,10,0.6216162420382165,0,19,None,66,1,5,False,10,10
54471,196,weighted,10,0.6222133757961783,0,19,None,66,1,5,False,10,10
54472,197,weighted,10,0.6226114649681529,0,19,None,66,1,5,False,10,10
54473,198,weighted,10,0.6235071656050956,0,19,None,66,1,5,False,10,10
54474,199,weighted,10,0.6247014331210191,0,19,None,66,1,5,False,10,10
54475,195,weighted,10,0.6538614649681529,0,24,None,66,1,5,False,10,10
54476,196,weighted,10,0.6554538216560509,0,24,None,66,1,5,False,10,10
54477,197,weighted,10,0.65734474522293,0,24,None,66,1,5,False,10,10
54478,198,weighted,10,0.660031847133758,0,24,None,66,1,5,False,10,10
54479,199,weighted,10,0.6623208598726115,0,24,None,66,1,5,False,10,10
54480,195,weighted,10,0.5281648089171974,0,31,None,66,1,5,False,10,10
54481,196,weighted,10,0.5345342356687898,0,31,None,66,1,5,False,10,10
54482,197,weighted,10,0.5397093949044586,0,31,None,66,1,5,False,10,10
54483,198,weighted,10,0.5463773885350318,0,31,None,66,1,5,False,10,10
54484,199,weighted,10,0.5515525477707006,0,31,None,66,1,5,False,10,10
54485,195,weighted,10,0.6815286624203821,0,12,None,66,1,5,False,10,10
54486,196,weighted,10,0.6842157643312102,0,12,None,66,1,5,False,10,10
54487,197,weighted,10,0.6858081210191083,0,12,None,66,1,5,False,10,10
54488,198,weighted,10,0.6870023885350318,0,12,None,66,1,5,False,10,10
54489,199,weighted,10,0.6888933121019108,0,12,None,66,1,5,False,10,10
54490,195,weighted,10,0.6206210191082803,0,6,None,66,1,5,False,10,10
54491,196,weighted,10,0.6222133757961783,0,6,None,66,1,5,False,10,10
54492,197,weighted,10,0.6229100318471338,0,6,None,66,1,5,False,10,10
54493,198,weighted,10,0.62390525477707,0,6,None,66,1,5,False,10,10
54494,199,weighted,10,0.6255971337579618,0,6,None,66,1,5,False,10,10
54495,195,weighted,10,0.6336584394904459,0,26,None,66,1,5,False,10,10
54496,196,weighted,10,0.6337579617834395,0,26,None,66,1,5,False,10,10
54497,197,weighted,10,0.6347531847133758,0,26,None,66,1,5,False,10,10
54498,198,weighted,10,0.636046974522293,0,26,None,66,1,5,False,10,10
54499,199,weighted,10,0.6366441082802548,0,26,None,66,1,5,False,10,10
54500,195,weighted,10,0.6674960191082803,0,30,None,66,1,5,False,10,10
54501,196,weighted,10,0.6685907643312102,0,30,None,66,1,5,False,10,10
54502,197,weighted,10,0.6705812101910829,0,30,None,66,1,5,False,10,10
54503,198,weighted,10,0.6730692675159236,0,30,None,66,1,5,False,10,10
54504,199,weighted,10,0.6751592356687898,0,30,None,66,1,5,False,10,10
54505,195,weighted,10,0.6359474522292994,0,10,None,66,1,5,False,10,10
54506,196,weighted,10,0.6371417197452229,0,10,None,66,1,5,False,10,10
54507,197,weighted,10,0.6391321656050956,0,10,None,66,1,5,False,10,10
54508,198,weighted,10,0.6409235668789809,0,10,None,66,1,5,False,10,10
54509,199,weighted,10,0.6431130573248408,0,10,None,66,1,5,False,10,10
54510,195,weighted,10,0.6596337579617835,0,11,None,66,1,5,False,10,10
54511,196,weighted,10,0.6583399681528662,0,11,None,66,1,5,False,10,10
54512,197,weighted,10,0.6586385350318471,0,11,None,66,1,5,False,10,10
54513,198,weighted,10,0.658937101910828,0,11,None,66,1,5,False,10,10
54514,199,weighted,10,0.6596337579617835,0,11,None,66,1,5,False,10,10
54515,195,weighted,10,0.7026273885350318,0,15,None,66,1,5,False,10,10
54516,196,weighted,10,0.7046178343949044,0,15,None,66,1,5,False,10,10
54517,197,weighted,10,0.7059116242038217,0,15,None,66,1,5,False,10,10
54518,198,weighted,10,0.7076035031847133,0,15,None,66,1,5,False,10,10
54519,199,weighted,10,0.7071058917197452,0,15,None,66,1,5,False,10,10
54520,195,weighted,10,0.65734474522293,0,20,None,66,1,5,False,10,10
54521,196,weighted,10,0.6588375796178344,0,20,None,66,1,5,False,10,10
54522,197,weighted,10,0.6593351910828026,0,20,None,66,1,5,False,10,10
54523,198,weighted,10,0.660828025477707,0,20,None,66,1,5,False,10,10
54524,199,weighted,10,0.6617237261146497,0,20,None,66,1,5,False,10,10
54525,195,weighted,10,0.6466958598726115,0,22,None,66,1,5,False,10,10
54526,196,weighted,10,0.6473925159235668,0,22,None,66,1,5,False,10,10
54527,197,weighted,10,0.6495820063694268,0,22,None,66,1,5,False,10,10
54528,198,weighted,10,0.6506767515923567,0,22,None,66,1,5,False,10,10
54529,199,weighted,10,0.6523686305732485,0,22,None,66,1,5,False,10,10
54530,195,weighted,10,0.6493829617834395,0,14,None,66,1,5,False,10,10
54531,196,weighted,10,0.6510748407643312,0,14,None,66,1,5,False,10,10
54532,197,weighted,10,0.6525676751592356,0,14,None,66,1,5,False,10,10
54533,198,weighted,10,0.6540605095541401,0,14,None,66,1,5,False,10,10
54534,199,weighted,10,0.6555533439490446,0,14,None,66,1,5,False,10,10
54535,195,weighted,10,0.6523686305732485,0,7,None,66,1,5,False,10,10
54536,196,weighted,10,0.653562898089172,0,7,None,66,1,5,False,10,10
54537,197,weighted,10,0.6553542993630573,0,7,None,66,1,5,False,10,10
54538,198,weighted,10,0.6568471337579618,0,7,None,66,1,5,False,10,10
54539,199,weighted,10,0.6578423566878981,0,7,None,66,1,5,False,10,10
54540,195,weighted,10,0.674562101910828,0,32,None,66,1,5,False,10,10
54541,196,weighted,10,0.6763535031847133,0,32,None,66,1,5,False,10,10
54542,197,weighted,10,0.6805334394904459,0,32,None,66,1,5,False,10,10
54543,198,weighted,10,0.681827229299363,0,32,None,66,1,5,False,10,10
54544,199,weighted,10,0.683718152866242,0,32,None,66,1,5,False,10,10
54545,195,weighted,10,0.6134554140127388,0,1,None,66,1,5,False,10,10
54546,196,weighted,10,0.6151472929936306,0,1,None,66,1,5,False,10,10
54547,197,weighted,10,0.6161425159235668,0,1,None,66,1,5,False,10,10
54548,198,weighted,10,0.6165406050955414,0,1,None,66,1,5,False,10,10
54549,199,weighted,10,0.6190286624203821,0,1,None,66,1,5,False,10,10
54550,195,weighted,10,0.6477906050955414,0,2,None,66,1,5,False,10,10
54551,196,weighted,10,0.6514729299363057,0,2,None,66,1,5,False,10,10
54552,197,weighted,10,0.6539609872611465,0,2,None,66,1,5,False,10,10
54553,198,weighted,10,0.6576433121019108,0,2,None,66,1,5,False,10,10
54554,199,weighted,10,0.6616242038216561,0,2,None,66,1,5,False,10,10
54555,195,weighted,10,0.6634156050955414,0,0,None,66,1,5,False,10,10
54556,196,weighted,10,0.663515127388535,0,0,None,66,1,5,False,10,10
54557,197,weighted,10,0.6652070063694268,0,0,None,66,1,5,False,10,10
54558,198,weighted,10,0.6670979299363057,0,0,None,66,1,5,False,10,10
54559,199,weighted,10,0.6685907643312102,0,0,None,66,1,5,False,10,10
54560,195,weighted,10,0.6708797770700637,0,3,None,66,1,5,False,10,10
54561,196,weighted,10,0.6730692675159236,0,3,None,66,1,5,False,10,10
54562,197,weighted,10,0.6748606687898089,0,3,None,66,1,5,False,10,10
54563,198,weighted,10,0.6762539808917197,0,3,None,66,1,5,False,10,10
54564,199,weighted,10,0.6780453821656051,0,3,None,66,1,5,False,10,10
54565,195,weighted,10,0.6336584394904459,0,5,None,66,1,5,False,10,10
54566,196,weighted,10,0.634952229299363,0,5,None,66,1,5,False,10,10
54567,197,weighted,10,0.6363455414012739,0,5,None,66,1,5,False,10,10
54568,198,weighted,10,0.6378383757961783,0,5,None,66,1,5,False,10,10
54569,199,weighted,10,0.6383359872611465,0,5,None,66,1,5,False,10,10
54570,195,weighted,10,0.6590366242038217,0,4,None,66,1,5,False,10,10
54571,196,weighted,10,0.6605294585987261,0,4,None,66,1,5,False,10,10
54572,197,weighted,10,0.6624203821656051,0,4,None,66,1,5,False,10,10
54573,198,weighted,10,0.6638136942675159,0,4,None,66,1,5,False,10,10
54574,199,weighted,10,0.6652070063694268,0,4,None,66,1,5,False,10,10
54575,195,weighted,10,0.6438097133757962,0,8,None,66,1,5,False,10,10
54576,196,weighted,10,0.6453025477707006,0,8,None,66,1,5,False,10,10
54577,197,weighted,10,0.6451035031847133,0,8,None,66,1,5,False,10,10
54578,198,weighted,10,0.6456011146496815,0,8,None,66,1,5,False,10,10
54579,199,weighted,10,0.6461982484076433,0,8,None,66,1,5,False,10,10
54580,195,weighted,10,0.685609076433121,0,9,None,66,1,5,False,10,10
54581,196,weighted,10,0.6866042993630573,0,9,None,66,1,5,False,10,10
54582,197,weighted,10,0.6875,0,9,None,66,1,5,False,10,10
54583,198,weighted,10,0.6888933121019108,0,9,None,66,1,5,False,10,10
54584,199,weighted,10,0.6900875796178344,0,9,None,66,1,5,False,10,10
54585,195,weighted,10,0.6692874203821656,0,13,None,66,1,5,False,10,10
54586,196,weighted,10,0.6706807324840764,0,13,None,66,1,5,False,10,10
54587,197,weighted,10,0.6723726114649682,0,13,None,66,1,5,False,10,10
54588,198,weighted,10,0.6731687898089171,0,13,None,66,1,5,False,10,10
54589,199,weighted,10,0.6740644904458599,0,13,None,66,1,5,False,10,10
54590,195,weighted,10,0.6682921974522293,0,21,None,66,1,5,False,10,10
54591,196,weighted,10,0.6703821656050956,0,21,None,66,1,5,False,10,10
54592,197,weighted,10,0.6710788216560509,0,21,None,66,1,5,False,10,10
54593,198,weighted,10,0.6719745222929936,0,21,None,66,1,5,False,10,10
54594,199,weighted,10,0.6740644904458599,0,21,None,66,1,5,False,10,10
54595,195,weighted,10,0.6644108280254777,0,23,None,66,1,5,False,10,10
54596,196,weighted,10,0.6690883757961783,0,23,None,66,1,5,False,10,10
54597,197,weighted,10,0.6700835987261147,0,23,None,66,1,5,False,10,10
54598,198,weighted,10,0.6706807324840764,0,23,None,66,1,5,False,10,10
54599,199,weighted,10,0.6724721337579618,0,23,None,66,1,5,False,10,10
54600,195,weighted,10,0.6304737261146497,0,28,None,66,1,5,False,10,10
54601,196,weighted,10,0.6303742038216561,0,28,None,66,1,5,False,10,10
54602,197,weighted,10,0.6312699044585988,0,28,None,66,1,5,False,10,10
54603,198,weighted,10,0.6330613057324841,0,28,None,66,1,5,False,10,10
54604,199,weighted,10,0.6344546178343949,0,28,None,66,1,5,False,10,10
54605,195,weighted,10,0.6532643312101911,0,27,None,66,1,5,False,10,10
54606,196,weighted,10,0.6536624203821656,0,27,None,66,1,5,False,10,10
54607,197,weighted,10,0.6550557324840764,0,27,None,66,1,5,False,10,10
54608,198,weighted,10,0.6569466560509554,0,27,None,66,1,5,False,10,10
54609,199,weighted,10,0.6604299363057324,0,27,None,66,1,5,False,10,10
54610,195,weighted,10,0.6326632165605095,0,29,None,66,1,5,False,10,10
54611,196,weighted,10,0.6351512738853503,0,29,None,66,1,5,False,10,10
54612,197,weighted,10,0.6386345541401274,0,29,None,66,1,5,False,10,10
54613,198,weighted,10,0.6423168789808917,0,29,None,66,1,5,False,10,10
54614,199,weighted,10,0.6439092356687898,0,29,None,66,1,5,False,10,10
0,0,unweighted,10,0.0996218152866242,0,15,None,66,1,5,False,10,10
1,1,unweighted,10,0.1008160828025477,0,15,None,66,1,5,False,10,10
2,2,unweighted,10,0.1308718152866242,0,15,None,66,1,5,False,10,10
3,3,unweighted,10,0.2034235668789809,0,15,None,66,1,5,False,10,10
4,4,unweighted,10,0.2498009554140127,0,15,None,66,1,5,False,10,10
5,0,unweighted,10,0.0995222929936305,0,10,None,66,1,5,False,10,10
6,1,unweighted,10,0.0995222929936305,0,10,None,66,1,5,False,10,10
7,2,unweighted,10,0.0995222929936305,0,10,None,66,1,5,False,10,10
8,3,unweighted,10,0.0995222929936305,0,10,None,66,1,5,False,10,10
9,4,unweighted,10,0.0995222929936305,0,10,None,66,1,5,False,10,10
10,0,unweighted,10,0.1950636942675159,0,16,None,66,1,5,False,10,10
11,1,unweighted,10,0.2573646496815286,0,16,None,66,1,5,False,10,10
12,2,unweighted,10,0.2735867834394904,0,16,None,66,1,5,False,10,10
13,3,unweighted,10,0.2897093949044586,0,16,None,66,1,5,False,10,10
14,4,unweighted,10,0.3076234076433121,0,16,None,66,1,5,False,10,10
15,0,unweighted,10,0.1930732484076433,0,11,None,66,1,5,False,10,10
16,1,unweighted,10,0.2386544585987261,0,11,None,66,1,5,False,10,10
17,2,unweighted,10,0.2342754777070063,0,11,None,66,1,5,False,10,10
18,3,unweighted,10,0.2471138535031847,0,11,None,66,1,5,False,10,10
19,4,unweighted,10,0.252687101910828,0,11,None,66,1,5,False,10,10
20,0,unweighted,10,0.1826234076433121,0,20,None,66,1,5,False,10,10
21,1,unweighted,10,0.1992436305732484,0,20,None,66,1,5,False,10,10
22,2,unweighted,10,0.2152667197452229,0,20,None,66,1,5,False,10,10
23,3,unweighted,10,0.2401472929936305,0,20,None,66,1,5,False,10,10
24,4,unweighted,10,0.2816480891719745,0,20,None,66,1,5,False,10,10
25,0,unweighted,10,0.206608280254777,0,19,None,66,1,5,False,10,10
26,1,unweighted,10,0.2573646496815286,0,19,None,66,1,5,False,10,10
27,2,unweighted,10,0.2671178343949044,0,19,None,66,1,5,False,10,10
28,3,unweighted,10,0.2767714968152866,0,19,None,66,1,5,False,10,10
29,4,unweighted,10,0.2915007961783439,0,19,None,66,1,5,False,10,10
30,0,unweighted,10,0.2092953821656051,0,17,None,66,1,5,False,10,10
31,1,unweighted,10,0.2787619426751592,0,17,None,66,1,5,False,10,10
32,2,unweighted,10,0.2840366242038216,0,17,None,66,1,5,False,10,10
33,3,unweighted,10,0.2967754777070063,0,17,None,66,1,5,False,10,10
34,4,unweighted,10,0.2973726114649681,0,17,None,66,1,5,False,10,10
35,0,unweighted,10,0.1720740445859872,0,25,None,66,1,5,False,10,10
36,1,unweighted,10,0.1518710191082802,0,25,None,66,1,5,False,10,10
37,2,unweighted,10,0.1294785031847133,0,25,None,66,1,5,False,10,10
38,3,unweighted,10,0.112858280254777,0,25,None,66,1,5,False,10,10
39,4,unweighted,10,0.1058917197452229,0,25,None,66,1,5,False,10,10
40,0,unweighted,10,0.1848128980891719,0,26,None,66,1,5,False,10,10
41,1,unweighted,10,0.1258957006369426,0,26,None,66,1,5,False,10,10
42,2,unweighted,10,0.1072850318471337,0,26,None,66,1,5,False,10,10
43,3,unweighted,10,0.1107683121019108,0,26,None,66,1,5,False,10,10
44,4,unweighted,10,0.1350517515923567,0,26,None,66,1,5,False,10,10
45,0,unweighted,10,0.0998208598726114,0,12,None,66,1,5,False,10,10
46,1,unweighted,10,0.0996218152866242,0,12,None,66,1,5,False,10,10
47,2,unweighted,10,0.1012141719745222,0,12,None,66,1,5,False,10,10
48,3,unweighted,10,0.1171377388535031,0,12,None,66,1,5,False,10,10
49,4,unweighted,10,0.1429140127388535,0,12,None,66,1,5,False,10,10
50,0,unweighted,10,0.1963574840764331,0,24,None,66,1,5,False,10,10
51,1,unweighted,10,0.2824442675159235,0,24,None,66,1,5,False,10,10
52,2,unweighted,10,0.3256369426751592,0,24,None,66,1,5,False,10,10
53,3,unweighted,10,0.3523089171974522,0,24,None,66,1,5,False,10,10
54,4,unweighted,10,0.3561902866242038,0,24,None,66,1,5,False,10,10
55,0,unweighted,10,0.2993630573248407,0,30,None,66,1,5,False,10,10
56,1,unweighted,10,0.2888136942675159,0,30,None,66,1,5,False,10,10
57,2,unweighted,10,0.274781050955414,0,30,None,66,1,5,False,10,10
58,3,unweighted,10,0.2813495222929936,0,30,None,66,1,5,False,10,10
59,4,unweighted,10,0.2870222929936306,0,30,None,66,1,5,False,10,10
60,0,unweighted,10,0.1280851910828025,0,18,None,66,1,5,False,10,10
61,1,unweighted,10,0.1906847133757961,0,18,None,66,1,5,False,10,10
62,2,unweighted,10,0.1972531847133758,0,18,None,66,1,5,False,10,10
63,3,unweighted,10,0.2083996815286624,0,18,None,66,1,5,False,10,10
64,4,unweighted,10,0.2205414012738853,0,18,None,66,1,5,False,10,10
65,0,unweighted,10,0.2021297770700637,0,31,None,66,1,5,False,10,10
66,1,unweighted,10,0.2932921974522293,0,31,None,66,1,5,False,10,10
67,2,unweighted,10,0.25,0,31,None,66,1,5,False,10,10
68,3,unweighted,10,0.2401472929936305,0,31,None,66,1,5,False,10,10
69,4,unweighted,10,0.2465167197452229,0,31,None,66,1,5,False,10,10
70,0,unweighted,10,0.2257165605095541,0,7,None,66,1,5,False,10,10
71,1,unweighted,10,0.2788614649681528,0,7,None,66,1,5,False,10,10
72,2,unweighted,10,0.3689291401273885,0,7,None,66,1,5,False,10,10
73,3,unweighted,10,0.4241640127388535,0,7,None,66,1,5,False,10,10
74,4,unweighted,10,0.4419785031847134,0,7,None,66,1,5,False,10,10
75,0,unweighted,10,0.1339570063694267,0,32,None,66,1,5,False,10,10
76,1,unweighted,10,0.1627189490445859,0,32,None,66,1,5,False,10,10
77,2,unweighted,10,0.1998407643312102,0,32,None,66,1,5,False,10,10
78,3,unweighted,10,0.1995421974522293,0,32,None,66,1,5,False,10,10
79,4,unweighted,10,0.192874203821656,0,32,None,66,1,5,False,10,10
80,0,unweighted,10,0.0997213375796178,0,1,None,66,1,5,False,10,10
81,1,unweighted,10,0.1925756369426751,0,1,None,66,1,5,False,10,10
82,2,unweighted,10,0.2375597133757961,0,1,None,66,1,5,False,10,10
83,3,unweighted,10,0.2704020700636942,0,1,None,66,1,5,False,10,10
84,4,unweighted,10,0.2764729299363057,0,1,None,66,1,5,False,10,10
85,0,unweighted,10,0.1645103503184713,0,2,None,66,1,5,False,10,10
86,1,unweighted,10,0.1786425159235669,0,2,None,66,1,5,False,10,10
87,2,unweighted,10,0.1806329617834395,0,2,None,66,1,5,False,10,10
88,3,unweighted,10,0.1778463375796178,0,2,None,66,1,5,False,10,10
89,4,unweighted,10,0.1910828025477707,0,2,None,66,1,5,False,10,10
90,0,unweighted,10,0.1961584394904458,0,8,None,66,1,5,False,10,10
91,1,unweighted,10,0.2960788216560509,0,8,None,66,1,5,False,10,10
92,2,unweighted,10,0.3085191082802547,0,8,None,66,1,5,False,10,10
93,3,unweighted,10,0.2785628980891719,0,8,None,66,1,5,False,10,10
94,4,unweighted,10,0.2521894904458598,0,8,None,66,1,5,False,10,10
95,0,unweighted,10,0.0995222929936305,0,9,None,66,1,5,False,10,10
96,1,unweighted,10,0.0995222929936305,0,9,None,66,1,5,False,10,10
97,2,unweighted,10,0.1086783439490445,0,9,None,66,1,5,False,10,10
98,3,unweighted,10,0.1545581210191083,0,9,None,66,1,5,False,10,10
99,4,unweighted,10,0.181031050955414,0,9,None,66,1,5,False,10,10
100,0,unweighted,10,0.2749800955414013,0,13,None,66,1,5,False,10,10
101,1,unweighted,10,0.3424562101910828,0,13,None,66,1,5,False,10,10
102,2,unweighted,10,0.4236664012738853,0,13,None,66,1,5,False,10,10
103,3,unweighted,10,0.4340167197452229,0,13,None,66,1,5,False,10,10
104,4,unweighted,10,0.4319267515923566,0,13,None,66,1,5,False,10,10
105,0,unweighted,10,0.1528662420382165,0,21,None,66,1,5,False,10,10
106,1,unweighted,10,0.2004378980891719,0,21,None,66,1,5,False,10,10
107,2,unweighted,10,0.2133757961783439,0,21,None,66,1,5,False,10,10
108,3,unweighted,10,0.226811305732484,0,21,None,66,1,5,False,10,10
109,4,unweighted,10,0.2349721337579617,0,21,None,66,1,5,False,10,10
110,0,unweighted,10,0.1885947452229299,0,28,None,66,1,5,False,10,10
111,1,unweighted,10,0.1984474522292993,0,28,None,66,1,5,False,10,10
112,2,unweighted,10,0.2204418789808917,0,28,None,66,1,5,False,10,10
113,3,unweighted,10,0.2331807324840764,0,28,None,66,1,5,False,10,10
114,4,unweighted,10,0.2422372611464968,0,28,None,66,1,5,False,10,10
115,0,unweighted,10,0.0995222929936305,0,27,None,66,1,5,False,10,10
116,1,unweighted,10,0.0995222929936305,0,27,None,66,1,5,False,10,10
117,2,unweighted,10,0.0995222929936305,0,27,None,66,1,5,False,10,10
118,3,unweighted,10,0.0995222929936305,0,27,None,66,1,5,False,10,10
119,4,unweighted,10,0.0995222929936305,0,27,None,66,1,5,False,10,10
120,0,unweighted,10,0.1529657643312102,0,29,None,66,1,5,False,10,10
121,1,unweighted,10,0.1659036624203821,0,29,None,66,1,5,False,10,10
122,2,unweighted,10,0.1245023885350318,0,29,None,66,1,5,False,10,10
123,3,unweighted,10,0.1028065286624203,0,29,None,66,1,5,False,10,10
124,4,unweighted,10,0.101811305732484,0,29,None,66,1,5,False,10,10
125,0,unweighted,10,0.2846337579617834,0,5,None,66,1,5,False,10,10
126,1,unweighted,10,0.3250398089171974,0,5,None,66,1,5,False,10,10
127,2,unweighted,10,0.2988654458598726,0,5,None,66,1,5,False,10,10
128,3,unweighted,10,0.2911027070063694,0,5,None,66,1,5,False,10,10
129,4,unweighted,10,0.2953821656050955,0,5,None,66,1,5,False,10,10
130,0,unweighted,10,0.1500796178343949,0,3,None,66,1,5,False,10,10
131,1,unweighted,10,0.1413216560509554,0,3,None,66,1,5,False,10,10
132,2,unweighted,10,0.1466958598726114,0,3,None,66,1,5,False,10,10
133,3,unweighted,10,0.1151472929936305,0,3,None,66,1,5,False,10,10
134,4,unweighted,10,0.1178343949044586,0,3,None,66,1,5,False,10,10
135,0,unweighted,10,0.0995222929936305,0,6,None,66,1,5,False,10,10
136,1,unweighted,10,0.0995222929936305,0,6,None,66,1,5,False,10,10
137,2,unweighted,10,0.0995222929936305,0,6,None,66,1,5,False,10,10
138,3,unweighted,10,0.0995222929936305,0,6,None,66,1,5,False,10,10
139,4,unweighted,10,0.0996218152866242,0,6,None,66,1,5,False,10,10
140,0,unweighted,10,0.3460390127388535,0,14,None,66,1,5,False,10,10
141,1,unweighted,10,0.3347929936305732,0,14,None,66,1,5,False,10,10
142,2,unweighted,10,0.2694068471337579,0,14,None,66,1,5,False,10,10
143,3,unweighted,10,0.2237261146496815,0,14,None,66,1,5,False,10,10
144,4,unweighted,10,0.2211385350318471,0,14,None,66,1,5,False,10,10
145,0,unweighted,10,0.1058917197452229,0,22,None,66,1,5,False,10,10
146,1,unweighted,10,0.1229100318471337,0,22,None,66,1,5,False,10,10
147,2,unweighted,10,0.1460987261146497,0,22,None,66,1,5,False,10,10
148,3,unweighted,10,0.1903861464968153,0,22,None,66,1,5,False,10,10
149,4,unweighted,10,0.2458200636942675,0,22,None,66,1,5,False,10,10
150,0,unweighted,10,0.1738654458598726,0,4,None,66,1,5,False,10,10
151,1,unweighted,10,0.1205214968152866,0,4,None,66,1,5,False,10,10
152,2,unweighted,10,0.0995222929936305,0,4,None,66,1,5,False,10,10
153,3,unweighted,10,0.1022093949044586,0,4,None,66,1,5,False,10,10
154,4,unweighted,10,0.1199243630573248,0,4,None,66,1,5,False,10,10
155,0,unweighted,10,0.1000199044585987,0,0,None,66,1,5,False,10,10
156,1,unweighted,10,0.1172372611464968,0,0,None,66,1,5,False,10,10
157,2,unweighted,10,0.1997412420382165,0,0,None,66,1,5,False,10,10
158,3,unweighted,10,0.2411425159235669,0,0,None,66,1,5,False,10,10
159,4,unweighted,10,0.2584593949044586,0,0,None,66,1,5,False,10,10
160,0,unweighted,10,0.1504777070063694,0,23,None,66,1,5,False,10,10
161,1,unweighted,10,0.0995222929936305,0,23,None,66,1,5,False,10,10
162,2,unweighted,10,0.0995222929936305,0,23,None,66,1,5,False,10,10
163,3,unweighted,10,0.0995222929936305,0,23,None,66,1,5,False,10,10
164,4,unweighted,10,0.1329617834394904,0,23,None,66,1,5,False,10,10
165,5,unweighted,10,0.1863057324840764,0,26,None,66,1,5,False,10,10
166,6,unweighted,10,0.1763535031847133,0,26,None,66,1,5,False,10,10
167,7,unweighted,10,0.1847133757961783,0,26,None,66,1,5,False,10,10
168,8,unweighted,10,0.1869028662420382,0,26,None,66,1,5,False,10,10
169,9,unweighted,10,0.1875,0,26,None,66,1,5,False,10,10
170,5,unweighted,10,0.0995222929936305,0,22,None,66,1,5,False,10,10
171,6,unweighted,10,0.0995222929936305,0,22,None,66,1,5,False,10,10
172,7,unweighted,10,0.0995222929936305,0,22,None,66,1,5,False,10,10
173,8,unweighted,10,0.0995222929936305,0,22,None,66,1,5,False,10,10
174,9,unweighted,10,0.0995222929936305,0,22,None,66,1,5,False,10,10
175,5,unweighted,10,0.0995222929936305,0,23,None,66,1,5,False,10,10
176,6,unweighted,10,0.0995222929936305,0,23,None,66,1,5,False,10,10
177,7,unweighted,10,0.0995222929936305,0,23,None,66,1,5,False,10,10
178,8,unweighted,10,0.0995222929936305,0,23,None,66,1,5,False,10,10
179,9,unweighted,10,0.0995222929936305,0,23,None,66,1,5,False,10,10
180,5,unweighted,10,0.2242237261146497,0,1,None,66,1,5,False,10,10
181,6,unweighted,10,0.1708797770700637,0,1,None,66,1,5,False,10,10
182,7,unweighted,10,0.1775477707006369,0,1,None,66,1,5,False,10,10
183,8,unweighted,10,0.1820262738853503,0,1,None,66,1,5,False,10,10
184,9,unweighted,10,0.1835191082802547,0,1,None,66,1,5,False,10,10
185,5,unweighted,10,0.1141520700636942,0,2,None,66,1,5,False,10,10
186,6,unweighted,10,0.1724721337579617,0,2,None,66,1,5,False,10,10
187,7,unweighted,10,0.160828025477707,0,2,None,66,1,5,False,10,10
188,8,unweighted,10,0.1288813694267516,0,2,None,66,1,5,False,10,10
189,9,unweighted,10,0.1065883757961783,0,2,None,66,1,5,False,10,10
190,5,unweighted,10,0.1879976114649681,0,5,None,66,1,5,False,10,10
191,6,unweighted,10,0.2185509554140127,0,5,None,66,1,5,False,10,10
192,7,unweighted,10,0.0995222929936305,0,5,None,66,1,5,False,10,10
193,8,unweighted,10,0.0995222929936305,0,5,None,66,1,5,False,10,10
194,9,unweighted,10,0.0995222929936305,0,5,None,66,1,5,False,10,10
195,5,unweighted,10,0.0996218152866242,0,10,None,66,1,5,False,10,10
196,6,unweighted,10,0.0995222929936305,0,10,None,66,1,5,False,10,10
197,7,unweighted,10,0.0995222929936305,0,10,None,66,1,5,False,10,10
198,8,unweighted,10,0.0995222929936305,0,10,None,66,1,5,False,10,10
199,9,unweighted,10,0.0995222929936305,0,10,None,66,1,5,False,10,10
200,5,unweighted,10,0.0995222929936305,0,11,None,66,1,5,False,10,10
201,6,unweighted,10,0.0995222929936305,0,11,None,66,1,5,False,10,10
202,7,unweighted,10,0.0995222929936305,0,11,None,66,1,5,False,10,10
203,8,unweighted,10,0.0995222929936305,0,11,None,66,1,5,False,10,10
204,9,unweighted,10,0.0995222929936305,0,11,None,66,1,5,False,10,10
205,5,unweighted,10,0.1926751592356688,0,15,None,66,1,5,False,10,10
206,6,unweighted,10,0.1661027070063694,0,15,None,66,1,5,False,10,10
207,7,unweighted,10,0.1620222929936305,0,15,None,66,1,5,False,10,10
208,8,unweighted,10,0.1458996815286624,0,15,None,66,1,5,False,10,10
209,9,unweighted,10,0.1487858280254777,0,15,None,66,1,5,False,10,10
210,5,unweighted,10,0.0995222929936305,0,20,None,66,1,5,False,10,10
211,6,unweighted,10,0.0995222929936305,0,20,None,66,1,5,False,10,10
212,7,unweighted,10,0.1575437898089172,0,20,None,66,1,5,False,10,10
213,8,unweighted,10,0.1822253184713375,0,20,None,66,1,5,False,10,10
214,9,unweighted,10,0.1836186305732484,0,20,None,66,1,5,False,10,10
215,5,unweighted,10,0.1874004777070063,0,17,None,66,1,5,False,10,10
216,6,unweighted,10,0.2559713375796178,0,17,None,66,1,5,False,10,10
217,7,unweighted,10,0.0996218152866242,0,17,None,66,1,5,False,10,10
218,8,unweighted,10,0.0995222929936305,0,17,None,66,1,5,False,10,10
219,9,unweighted,10,0.0995222929936305,0,17,None,66,1,5,False,10,10
220,5,unweighted,10,0.1611265923566879,0,28,None,66,1,5,False,10,10
221,6,unweighted,10,0.1566480891719745,0,28,None,66,1,5,False,10,10
222,7,unweighted,10,0.152468152866242,0,28,None,66,1,5,False,10,10
223,8,unweighted,10,0.151671974522293,0,28,None,66,1,5,False,10,10
224,9,unweighted,10,0.1550557324840764,0,28,None,66,1,5,False,10,10
225,5,unweighted,10,0.0995222929936305,0,25,None,66,1,5,False,10,10
226,6,unweighted,10,0.0995222929936305,0,25,None,66,1,5,False,10,10
227,7,unweighted,10,0.1008160828025477,0,25,None,66,1,5,False,10,10
228,8,unweighted,10,0.0995222929936305,0,25,None,66,1,5,False,10,10
229,9,unweighted,10,0.0995222929936305,0,25,None,66,1,5,False,10,10
230,5,unweighted,10,0.0995222929936305,0,14,None,66,1,5,False,10,10
231,6,unweighted,10,0.0995222929936305,0,14,None,66,1,5,False,10,10
232,7,unweighted,10,0.0995222929936305,0,14,None,66,1,5,False,10,10
233,8,unweighted,10,0.0995222929936305,0,14,None,66,1,5,False,10,10
234,9,unweighted,10,0.0995222929936305,0,14,None,66,1,5,False,10,10
235,5,unweighted,10,0.0995222929936305,0,12,None,66,1,5,False,10,10
236,6,unweighted,10,0.174562101910828,0,12,None,66,1,5,False,10,10
237,7,unweighted,10,0.1847133757961783,0,12,None,66,1,5,False,10,10
238,8,unweighted,10,0.1849124203821656,0,12,None,66,1,5,False,10,10
239,9,unweighted,10,0.1811305732484076,0,12,None,66,1,5,False,10,10
240,5,unweighted,10,0.2192476114649681,0,13,None,66,1,5,False,10,10
241,6,unweighted,10,0.2888136942675159,0,13,None,66,1,5,False,10,10
242,7,unweighted,10,0.1823248407643312,0,13,None,66,1,5,False,10,10
243,8,unweighted,10,0.0995222929936305,0,13,None,66,1,5,False,10,10
244,9,unweighted,10,0.0995222929936305,0,13,None,66,1,5,False,10,10
245,5,unweighted,10,0.0995222929936305,0,21,None,66,1,5,False,10,10
246,6,unweighted,10,0.0995222929936305,0,21,None,66,1,5,False,10,10
247,7,unweighted,10,0.0995222929936305,0,21,None,66,1,5,False,10,10
248,8,unweighted,10,0.0995222929936305,0,21,None,66,1,5,False,10,10
249,9,unweighted,10,0.0995222929936305,0,21,None,66,1,5,False,10,10
250,5,unweighted,10,0.1191281847133758,0,29,None,66,1,5,False,10,10
251,6,unweighted,10,0.0995222929936305,0,29,None,66,1,5,False,10,10
252,7,unweighted,10,0.0995222929936305,0,29,None,66,1,5,False,10,10
253,8,unweighted,10,0.0995222929936305,0,29,None,66,1,5,False,10,10
254,9,unweighted,10,0.0995222929936305,0,29,None,66,1,5,False,10,10
255,5,unweighted,10,0.0995222929936305,0,9,None,66,1,5,False,10,10
256,6,unweighted,10,0.0995222929936305,0,9,None,66,1,5,False,10,10
257,7,unweighted,10,0.0995222929936305,0,9,None,66,1,5,False,10,10
258,8,unweighted,10,0.0995222929936305,0,9,None,66,1,5,False,10,10
259,9,unweighted,10,0.0995222929936305,0,9,None,66,1,5,False,10,10
260,5,unweighted,10,0.1849124203821656,0,24,None,66,1,5,False,10,10
261,6,unweighted,10,0.1855095541401273,0,24,None,66,1,5,False,10,10
262,7,unweighted,10,0.1866042993630573,0,24,None,66,1,5,False,10,10
263,8,unweighted,10,0.1872014331210191,0,24,None,66,1,5,False,10,10
264,9,unweighted,10,0.1979498407643312,0,24,None,66,1,5,False,10,10
265,5,unweighted,10,0.0995222929936305,0,30,None,66,1,5,False,10,10
266,6,unweighted,10,0.0995222929936305,0,30,None,66,1,5,False,10,10
267,7,unweighted,10,0.0995222929936305,0,30,None,66,1,5,False,10,10
268,8,unweighted,10,0.0995222929936305,0,30,None,66,1,5,False,10,10
269,9,unweighted,10,0.0995222929936305,0,30,None,66,1,5,False,10,10
270,5,unweighted,10,0.0995222929936305,0,27,None,66,1,5,False,10,10
271,6,unweighted,10,0.0995222929936305,0,27,None,66,1,5,False,10,10
272,7,unweighted,10,0.0995222929936305,0,27,None,66,1,5,False,10,10
273,8,unweighted,10,0.0995222929936305,0,27,None,66,1,5,False,10,10
274,9,unweighted,10,0.0995222929936305,0,27,None,66,1,5,False,10,10
275,5,unweighted,10,0.127687101910828,0,31,None,66,1,5,False,10,10
276,6,unweighted,10,0.1496815286624203,0,31,None,66,1,5,False,10,10
277,7,unweighted,10,0.0995222929936305,0,31,None,66,1,5,False,10,10
278,8,unweighted,10,0.0995222929936305,0,31,None,66,1,5,False,10,10
279,9,unweighted,10,0.0995222929936305,0,31,None,66,1,5,False,10,10
280,5,unweighted,10,0.0995222929936305,0,6,None,66,1,5,False,10,10
281,6,unweighted,10,0.0995222929936305,0,6,None,66,1,5,False,10,10
282,7,unweighted,10,0.0995222929936305,0,6,None,66,1,5,False,10,10
283,8,unweighted,10,0.0995222929936305,0,6,None,66,1,5,False,10,10
284,9,unweighted,10,0.0995222929936305,0,6,None,66,1,5,False,10,10
285,5,unweighted,10,0.1918789808917197,0,3,None,66,1,5,False,10,10
286,6,unweighted,10,0.0995222929936305,0,3,None,66,1,5,False,10,10
287,7,unweighted,10,0.0995222929936305,0,3,None,66,1,5,False,10,10
288,8,unweighted,10,0.0995222929936305,0,3,None,66,1,5,False,10,10
289,9,unweighted,10,0.0995222929936305,0,3,None,66,1,5,False,10,10
290,5,unweighted,10,0.1038017515923566,0,8,None,66,1,5,False,10,10
291,6,unweighted,10,0.0995222929936305,0,8,None,66,1,5,False,10,10
292,7,unweighted,10,0.0995222929936305,0,8,None,66,1,5,False,10,10
293,8,unweighted,10,0.0995222929936305,0,8,None,66,1,5,False,10,10
294,9,unweighted,10,0.0995222929936305,0,8,None,66,1,5,False,10,10
295,5,unweighted,10,0.0995222929936305,0,0,None,66,1,5,False,10,10
296,6,unweighted,10,0.0995222929936305,0,0,None,66,1,5,False,10,10
297,7,unweighted,10,0.0995222929936305,0,0,None,66,1,5,False,10,10
298,8,unweighted,10,0.0995222929936305,0,0,None,66,1,5,False,10,10
299,9,unweighted,10,0.0995222929936305,0,0,None,66,1,5,False,10,10
300,5,unweighted,10,0.0995222929936305,0,16,None,66,1,5,False,10,10
301,6,unweighted,10,0.0995222929936305,0,16,None,66,1,5,False,10,10
302,7,unweighted,10,0.1024084394904458,0,16,None,66,1,5,False,10,10
303,8,unweighted,10,0.1353503184713375,0,16,None,66,1,5,False,10,10
304,9,unweighted,10,0.1673964968152866,0,16,None,66,1,5,False,10,10
305,5,unweighted,10,0.0995222929936305,0,19,None,66,1,5,False,10,10
306,6,unweighted,10,0.0995222929936305,0,19,None,66,1,5,False,10,10
307,7,unweighted,10,0.0995222929936305,0,19,None,66,1,5,False,10,10
308,8,unweighted,10,0.0995222929936305,0,19,None,66,1,5,False,10,10
309,9,unweighted,10,0.0995222929936305,0,19,None,66,1,5,False,10,10
310,5,unweighted,10,0.1154458598726114,0,18,None,66,1,5,False,10,10
311,6,unweighted,10,0.1181329617834394,0,18,None,66,1,5,False,10,10
312,7,unweighted,10,0.1192277070063694,0,18,None,66,1,5,False,10,10
313,8,unweighted,10,0.1206210191082802,0,18,None,66,1,5,False,10,10
314,9,unweighted,10,0.1229100318471337,0,18,None,66,1,5,False,10,10
315,10,unweighted,10,0.0995222929936305,0,25,None,66,1,5,False,10,10
316,11,unweighted,10,0.0995222929936305,0,25,None,66,1,5,False,10,10
317,12,unweighted,10,0.0995222929936305,0,25,None,66,1,5,False,10,10
318,13,unweighted,10,0.0995222929936305,0,25,None,66,1,5,False,10,10
319,14,unweighted,10,0.0995222929936305,0,25,None,66,1,5,False,10,10
320,10,unweighted,10,0.1881966560509554,0,24,None,66,1,5,False,10,10
321,11,unweighted,10,0.1222133757961783,0,24,None,66,1,5,False,10,10
322,12,unweighted,10,0.101015127388535,0,24,None,66,1,5,False,10,10
323,13,unweighted,10,0.0995222929936305,0,24,None,66,1,5,False,10,10
324,14,unweighted,10,0.1056926751592356,0,24,None,66,1,5,False,10,10
325,10,unweighted,10,0.0995222929936305,0,31,None,66,1,5,False,10,10
326,11,unweighted,10,0.0995222929936305,0,31,None,66,1,5,False,10,10
327,12,unweighted,10,0.0995222929936305,0,31,None,66,1,5,False,10,10
328,13,unweighted,10,0.0995222929936305,0,31,None,66,1,5,False,10,10
329,14,unweighted,10,0.0995222929936305,0,31,None,66,1,5,False,10,10
330,5,unweighted,10,0.0995222929936305,0,7,None,66,1,5,False,10,10
331,6,unweighted,10,0.0995222929936305,0,7,None,66,1,5,False,10,10
332,7,unweighted,10,0.0995222929936305,0,7,None,66,1,5,False,10,10
333,8,unweighted,10,0.0995222929936305,0,7,None,66,1,5,False,10,10
334,9,unweighted,10,0.0995222929936305,0,7,None,66,1,5,False,10,10
335,5,unweighted,10,0.0995222929936305,0,4,None,66,1,5,False,10,10
336,6,unweighted,10,0.0995222929936305,0,4,None,66,1,5,False,10,10
337,7,unweighted,10,0.0995222929936305,0,4,None,66,1,5,False,10,10
338,8,unweighted,10,0.0995222929936305,0,4,None,66,1,5,False,10,10
339,9,unweighted,10,0.0995222929936305,0,4,None,66,1,5,False,10,10
340,5,unweighted,10,0.1504777070063694,0,32,None,66,1,5,False,10,10
341,6,unweighted,10,0.1006170382165605,0,32,None,66,1,5,False,10,10
342,7,unweighted,10,0.1981488853503184,0,32,None,66,1,5,False,10,10
343,8,unweighted,10,0.1760549363057325,0,32,None,66,1,5,False,10,10
344,9,unweighted,10,0.163515127388535,0,32,None,66,1,5,False,10,10
345,10,unweighted,10,0.2259156050955414,0,1,None,66,1,5,False,10,10
346,11,unweighted,10,0.1724721337579617,0,1,None,66,1,5,False,10,10
347,12,unweighted,10,0.1805334394904458,0,1,None,66,1,5,False,10,10
348,13,unweighted,10,0.1849124203821656,0,1,None,66,1,5,False,10,10
349,14,unweighted,10,0.1869028662420382,0,1,None,66,1,5,False,10,10
350,10,unweighted,10,0.0995222929936305,0,13,None,66,1,5,False,10,10
351,11,unweighted,10,0.1638136942675159,0,13,None,66,1,5,False,10,10
352,12,unweighted,10,0.0995222929936305,0,13,None,66,1,5,False,10,10
353,13,unweighted,10,0.0995222929936305,0,13,None,66,1,5,False,10,10
354,14,unweighted,10,0.0995222929936305,0,13,None,66,1,5,False,10,10
355,10,unweighted,10,0.0995222929936305,0,21,None,66,1,5,False,10,10
356,11,unweighted,10,0.0995222929936305,0,21,None,66,1,5,False,10,10
357,12,unweighted,10,0.0995222929936305,0,21,None,66,1,5,False,10,10
358,13,unweighted,10,0.0995222929936305,0,21,None,66,1,5,False,10,10
359,14,unweighted,10,0.0995222929936305,0,21,None,66,1,5,False,10,10
360,10,unweighted,10,0.1222133757961783,0,29,None,66,1,5,False,10,10
361,11,unweighted,10,0.0995222929936305,0,29,None,66,1,5,False,10,10
362,12,unweighted,10,0.0995222929936305,0,29,None,66,1,5,False,10,10
363,13,unweighted,10,0.0995222929936305,0,29,None,66,1,5,False,10,10
364,14,unweighted,10,0.0995222929936305,0,29,None,66,1,5,False,10,10
365,10,unweighted,10,0.0995222929936305,0,27,None,66,1,5,False,10,10
366,11,unweighted,10,0.0995222929936305,0,27,None,66,1,5,False,10,10
367,12,unweighted,10,0.0995222929936305,0,27,None,66,1,5,False,10,10
368,13,unweighted,10,0.0995222929936305,0,27,None,66,1,5,False,10,10
369,14,unweighted,10,0.0995222929936305,0,27,None,66,1,5,False,10,10
370,10,unweighted,10,0.1602308917197452,0,2,None,66,1,5,False,10,10
371,11,unweighted,10,0.1681926751592356,0,2,None,66,1,5,False,10,10
372,12,unweighted,10,0.0995222929936305,0,2,None,66,1,5,False,10,10
373,13,unweighted,10,0.0995222929936305,0,2,None,66,1,5,False,10,10
374,14,unweighted,10,0.0995222929936305,0,2,None,66,1,5,False,10,10
375,10,unweighted,10,0.1060907643312101,0,9,None,66,1,5,False,10,10
376,11,unweighted,10,0.0995222929936305,0,9,None,66,1,5,False,10,10
377,12,unweighted,10,0.0995222929936305,0,9,None,66,1,5,False,10,10
378,13,unweighted,10,0.0995222929936305,0,9,None,66,1,5,False,10,10
379,14,unweighted,10,0.0995222929936305,0,9,None,66,1,5,False,10,10
380,10,unweighted,10,0.1583399681528662,0,17,None,66,1,5,False,10,10
381,11,unweighted,10,0.0995222929936305,0,17,None,66,1,5,False,10,10
382,12,unweighted,10,0.0995222929936305,0,17,None,66,1,5,False,10,10
383,13,unweighted,10,0.0995222929936305,0,17,None,66,1,5,False,10,10
384,14,unweighted,10,0.0995222929936305,0,17,None,66,1,5,False,10,10
385,10,unweighted,10,0.0995222929936305,0,28,None,66,1,5,False,10,10
386,11,unweighted,10,0.0995222929936305,0,28,None,66,1,5,False,10,10
387,12,unweighted,10,0.0995222929936305,0,28,None,66,1,5,False,10,10
388,13,unweighted,10,0.0995222929936305,0,28,None,66,1,5,False,10,10
389,14,unweighted,10,0.0995222929936305,0,28,None,66,1,5,False,10,10
390,10,unweighted,10,0.0995222929936305,0,5,None,66,1,5,False,10,10
391,11,unweighted,10,0.1044984076433121,0,5,None,66,1,5,False,10,10
392,12,unweighted,10,0.0995222929936305,0,5,None,66,1,5,False,10,10
393,13,unweighted,10,0.0995222929936305,0,5,None,66,1,5,False,10,10
394,14,unweighted,10,0.0995222929936305,0,5,None,66,1,5,False,10,10
395,10,unweighted,10,0.0995222929936305,0,26,None,66,1,5,False,10,10
396,11,unweighted,10,0.0995222929936305,0,26,None,66,1,5,False,10,10
397,12,unweighted,10,0.0995222929936305,0,26,None,66,1,5,False,10,10
398,13,unweighted,10,0.0995222929936305,0,26,None,66,1,5,False,10,10
399,14,unweighted,10,0.0995222929936305,0,26,None,66,1,5,False,10,10
400,10,unweighted,10,0.0995222929936305,0,12,None,66,1,5,False,10,10
401,11,unweighted,10,0.1365445859872611,0,12,None,66,1,5,False,10,10
402,12,unweighted,10,0.1784434713375796,0,12,None,66,1,5,False,10,10
403,13,unweighted,10,0.1171377388535031,0,12,None,66,1,5,False,10,10
404,14,unweighted,10,0.0995222929936305,0,12,None,66,1,5,False,10,10
405,10,unweighted,10,0.0995222929936305,0,30,None,66,1,5,False,10,10
406,11,unweighted,10,0.0995222929936305,0,30,None,66,1,5,False,10,10
407,12,unweighted,10,0.0995222929936305,0,30,None,66,1,5,False,10,10
408,13,unweighted,10,0.0995222929936305,0,30,None,66,1,5,False,10,10
409,14,unweighted,10,0.0995222929936305,0,30,None,66,1,5,False,10,10
410,10,unweighted,10,0.0995222929936305,0,18,None,66,1,5,False,10,10
411,11,unweighted,10,0.0995222929936305,0,18,None,66,1,5,False,10,10
412,12,unweighted,10,0.0995222929936305,0,18,None,66,1,5,False,10,10
413,13,unweighted,10,0.0995222929936305,0,18,None,66,1,5,False,10,10
414,14,unweighted,10,0.0995222929936305,0,18,None,66,1,5,False,10,10
415,10,unweighted,10,0.0995222929936305,0,8,None,66,1,5,False,10,10
416,11,unweighted,10,0.0995222929936305,0,8,None,66,1,5,False,10,10
417,12,unweighted,10,0.0995222929936305,0,8,None,66,1,5,False,10,10
418,13,unweighted,10,0.0995222929936305,0,8,None,66,1,5,False,10,10
419,14,unweighted,10,0.0995222929936305,0,8,None,66,1,5,False,10,10
420,10,unweighted,10,0.0995222929936305,0,19,None,66,1,5,False,10,10
421,11,unweighted,10,0.0995222929936305,0,19,None,66,1,5,False,10,10
422,12,unweighted,10,0.0995222929936305,0,19,None,66,1,5,False,10,10
423,13,unweighted,10,0.0995222929936305,0,19,None,66,1,5,False,10,10
424,14,unweighted,10,0.0995222929936305,0,19,None,66,1,5,False,10,10
425,10,unweighted,10,0.0995222929936305,0,11,None,66,1,5,False,10,10
426,11,unweighted,10,0.0995222929936305,0,11,None,66,1,5,False,10,10
427,12,unweighted,10,0.0995222929936305,0,11,None,66,1,5,False,10,10
428,13,unweighted,10,0.0995222929936305,0,11,None,66,1,5,False,10,10
429,14,unweighted,10,0.0995222929936305,0,11,None,66,1,5,False,10,10
430,10,unweighted,10,0.1307722929936305,0,10,None,66,1,5,False,10,10
431,11,unweighted,10,0.0995222929936305,0,10,None,66,1,5,False,10,10
432,12,unweighted,10,0.0995222929936305,0,10,None,66,1,5,False,10,10
433,13,unweighted,10,0.0995222929936305,0,10,None,66,1,5,False,10,10
434,14,unweighted,10,0.0995222929936305,0,10,None,66,1,5,False,10,10
435,10,unweighted,10,0.0995222929936305,0,15,None,66,1,5,False,10,10
436,11,unweighted,10,0.0995222929936305,0,15,None,66,1,5,False,10,10
437,12,unweighted,10,0.0995222929936305,0,15,None,66,1,5,False,10,10
438,13,unweighted,10,0.0995222929936305,0,15,None,66,1,5,False,10,10
439,14,unweighted,10,0.0995222929936305,0,15,None,66,1,5,False,10,10
440,10,unweighted,10,0.0995222929936305,0,20,None,66,1,5,False,10,10
441,11,unweighted,10,0.0995222929936305,0,20,None,66,1,5,False,10,10
442,12,unweighted,10,0.0995222929936305,0,20,None,66,1,5,False,10,10
443,13,unweighted,10,0.0995222929936305,0,20,None,66,1,5,False,10,10
444,14,unweighted,10,0.179140127388535,0,20,None,66,1,5,False,10,10
445,10,unweighted,10,0.0995222929936305,0,14,None,66,1,5,False,10,10
446,11,unweighted,10,0.0995222929936305,0,14,None,66,1,5,False,10,10
447,12,unweighted,10,0.0995222929936305,0,14,None,66,1,5,False,10,10
448,13,unweighted,10,0.0995222929936305,0,14,None,66,1,5,False,10,10
449,14,unweighted,10,0.0995222929936305,0,14,None,66,1,5,False,10,10
450,10,unweighted,10,0.0995222929936305,0,22,None,66,1,5,False,10,10
451,11,unweighted,10,0.1850119426751592,0,22,None,66,1,5,False,10,10
452,12,unweighted,10,0.1012141719745222,0,22,None,66,1,5,False,10,10
453,13,unweighted,10,0.0995222929936305,0,22,None,66,1,5,False,10,10
454,14,unweighted,10,0.0995222929936305,0,22,None,66,1,5,False,10,10
455,10,unweighted,10,0.0995222929936305,0,0,None,66,1,5,False,10,10
456,11,unweighted,10,0.0995222929936305,0,0,None,66,1,5,False,10,10
457,12,unweighted,10,0.0995222929936305,0,0,None,66,1,5,False,10,10
458,13,unweighted,10,0.0995222929936305,0,0,None,66,1,5,False,10,10
459,14,unweighted,10,0.0995222929936305,0,0,None,66,1,5,False,10,10
460,10,unweighted,10,0.0995222929936305,0,23,None,66,1,5,False,10,10
461,11,unweighted,10,0.0995222929936305,0,23,None,66,1,5,False,10,10
462,12,unweighted,10,0.0995222929936305,0,23,None,66,1,5,False,10,10
463,13,unweighted,10,0.0995222929936305,0,23,None,66,1,5,False,10,10
464,14,unweighted,10,0.0995222929936305,0,23,None,66,1,5,False,10,10
465,10,unweighted,10,0.0995222929936305,0,4,None,66,1,5,False,10,10
466,11,unweighted,10,0.0995222929936305,0,4,None,66,1,5,False,10,10
467,12,unweighted,10,0.0995222929936305,0,4,None,66,1,5,False,10,10
468,13,unweighted,10,0.0995222929936305,0,4,None,66,1,5,False,10,10
469,14,unweighted,10,0.0995222929936305,0,4,None,66,1,5,False,10,10
470,10,unweighted,10,0.0995222929936305,0,6,None,66,1,5,False,10,10
471,11,unweighted,10,0.0995222929936305,0,6,None,66,1,5,False,10,10
472,12,unweighted,10,0.0995222929936305,0,6,None,66,1,5,False,10,10
473,13,unweighted,10,0.0995222929936305,0,6,None,66,1,5,False,10,10
474,14,unweighted,10,0.0995222929936305,0,6,None,66,1,5,False,10,10
475,10,unweighted,10,0.0995222929936305,0,3,None,66,1,5,False,10,10
476,11,unweighted,10,0.0995222929936305,0,3,None,66,1,5,False,10,10
477,12,unweighted,10,0.0995222929936305,0,3,None,66,1,5,False,10,10
478,13,unweighted,10,0.0995222929936305,0,3,None,66,1,5,False,10,10
479,14,unweighted,10,0.0995222929936305,0,3,None,66,1,5,False,10,10
480,10,unweighted,10,0.0995222929936305,0,7,None,66,1,5,False,10,10
481,11,unweighted,10,0.0995222929936305,0,7,None,66,1,5,False,10,10
482,12,unweighted,10,0.0995222929936305,0,7,None,66,1,5,False,10,10
483,13,unweighted,10,0.0995222929936305,0,7,None,66,1,5,False,10,10
484,14,unweighted,10,0.1813296178343949,0,7,None,66,1,5,False,10,10
485,10,unweighted,10,0.0995222929936305,0,16,None,66,1,5,False,10,10
486,11,unweighted,10,0.0995222929936305,0,16,None,66,1,5,False,10,10
487,12,unweighted,10,0.0995222929936305,0,16,None,66,1,5,False,10,10
488,13,unweighted,10,0.0995222929936305,0,16,None,66,1,5,False,10,10
489,14,unweighted,10,0.0995222929936305,0,16,None,66,1,5,False,10,10
490,10,unweighted,10,0.0997213375796178,0,32,None,66,1,5,False,10,10
491,11,unweighted,10,0.0995222929936305,0,32,None,66,1,5,False,10,10
492,12,unweighted,10,0.0995222929936305,0,32,None,66,1,5,False,10,10
493,13,unweighted,10,0.0995222929936305,0,32,None,66,1,5,False,10,10
494,14,unweighted,10,0.0995222929936305,0,32,None,66,1,5,False,10,10
990,15,unweighted,10,0.1098726114649681,0,1,None,66,1,5,False,10,10
991,16,unweighted,10,0.0995222929936305,0,1,None,66,1,5,False,10,10
992,17,unweighted,10,0.0995222929936305,0,1,None,66,1,5,False,10,10
993,18,unweighted,10,0.0995222929936305,0,1,None,66,1,5,False,10,10
994,19,unweighted,10,0.0997213375796178,0,1,None,66,1,5,False,10,10
995,15,unweighted,10,0.0995222929936305,0,2,None,66,1,5,False,10,10
996,16,unweighted,10,0.0995222929936305,0,2,None,66,1,5,False,10,10
997,17,unweighted,10,0.0995222929936305,0,2,None,66,1,5,False,10,10
998,18,unweighted,10,0.0995222929936305,0,2,None,66,1,5,False,10,10
999,19,unweighted,10,0.0995222929936305,0,2,None,66,1,5,False,10,10
1000,15,unweighted,10,0.0995222929936305,0,5,None,66,1,5,False,10,10
1001,16,unweighted,10,0.0995222929936305,0,5,None,66,1,5,False,10,10
1002,17,unweighted,10,0.0995222929936305,0,5,None,66,1,5,False,10,10
1003,18,unweighted,10,0.0995222929936305,0,5,None,66,1,5,False,10,10
1004,19,unweighted,10,0.0995222929936305,0,5,None,66,1,5,False,10,10
1005,15,unweighted,10,0.0996218152866242,0,13,None,66,1,5,False,10,10
1006,16,unweighted,10,0.0995222929936305,0,13,None,66,1,5,False,10,10
1007,17,unweighted,10,0.0995222929936305,0,13,None,66,1,5,False,10,10
1008,18,unweighted,10,0.0995222929936305,0,13,None,66,1,5,False,10,10
1009,19,unweighted,10,0.0995222929936305,0,13,None,66,1,5,False,10,10
1010,15,unweighted,10,0.1717754777070063,0,10,None,66,1,5,False,10,10
1011,16,unweighted,10,0.0995222929936305,0,10,None,66,1,5,False,10,10
1012,17,unweighted,10,0.0995222929936305,0,10,None,66,1,5,False,10,10
1013,18,unweighted,10,0.0995222929936305,0,10,None,66,1,5,False,10,10
1014,19,unweighted,10,0.0995222929936305,0,10,None,66,1,5,False,10,10
1015,15,unweighted,10,0.0995222929936305,0,15,None,66,1,5,False,10,10
1016,16,unweighted,10,0.0995222929936305,0,15,None,66,1,5,False,10,10
1017,17,unweighted,10,0.0995222929936305,0,15,None,66,1,5,False,10,10
1018,18,unweighted,10,0.0995222929936305,0,15,None,66,1,5,False,10,10
1019,19,unweighted,10,0.0995222929936305,0,15,None,66,1,5,False,10,10
1020,15,unweighted,10,0.0995222929936305,0,11,None,66,1,5,False,10,10
1021,16,unweighted,10,0.0995222929936305,0,11,None,66,1,5,False,10,10
1022,17,unweighted,10,0.0995222929936305,0,11,None,66,1,5,False,10,10
1023,18,unweighted,10,0.0995222929936305,0,11,None,66,1,5,False,10,10
1024,19,unweighted,10,0.0995222929936305,0,11,None,66,1,5,False,10,10
1025,15,unweighted,10,0.0995222929936305,0,20,None,66,1,5,False,10,10
1026,16,unweighted,10,0.0995222929936305,0,20,None,66,1,5,False,10,10
1027,17,unweighted,10,0.0995222929936305,0,20,None,66,1,5,False,10,10
1028,18,unweighted,10,0.0995222929936305,0,20,None,66,1,5,False,10,10
1029,19,unweighted,10,0.0995222929936305,0,20,None,66,1,5,False,10,10
1030,15,unweighted,10,0.0995222929936305,0,8,None,66,1,5,False,10,10
1031,16,unweighted,10,0.0995222929936305,0,8,None,66,1,5,False,10,10
1032,17,unweighted,10,0.0995222929936305,0,8,None,66,1,5,False,10,10
1033,18,unweighted,10,0.0995222929936305,0,8,None,66,1,5,False,10,10
1034,19,unweighted,10,0.0995222929936305,0,8,None,66,1,5,False,10,10
1035,15,unweighted,10,0.0995222929936305,0,19,None,66,1,5,False,10,10
1036,16,unweighted,10,0.0995222929936305,0,19,None,66,1,5,False,10,10
1037,17,unweighted,10,0.0995222929936305,0,19,None,66,1,5,False,10,10
1038,18,unweighted,10,0.0995222929936305,0,19,None,66,1,5,False,10,10
1039,19,unweighted,10,0.0995222929936305,0,19,None,66,1,5,False,10,10
1040,15,unweighted,10,0.1000199044585987,0,17,None,66,1,5,False,10,10
1041,16,unweighted,10,0.1687898089171974,0,17,None,66,1,5,False,10,10
1042,17,unweighted,10,0.1366441082802547,0,17,None,66,1,5,False,10,10
1043,18,unweighted,10,0.0995222929936305,0,17,None,66,1,5,False,10,10
1044,19,unweighted,10,0.0995222929936305,0,17,None,66,1,5,False,10,10
1045,15,unweighted,10,0.0995222929936305,0,21,None,66,1,5,False,10,10
1046,16,unweighted,10,0.0995222929936305,0,21,None,66,1,5,False,10,10
1047,17,unweighted,10,0.0995222929936305,0,21,None,66,1,5,False,10,10
1048,18,unweighted,10,0.0995222929936305,0,21,None,66,1,5,False,10,10
1049,19,unweighted,10,0.0995222929936305,0,21,None,66,1,5,False,10,10
1050,15,unweighted,10,0.0995222929936305,0,25,None,66,1,5,False,10,10
1051,16,unweighted,10,0.0995222929936305,0,25,None,66,1,5,False,10,10
1052,17,unweighted,10,0.0995222929936305,0,25,None,66,1,5,False,10,10
1053,18,unweighted,10,0.0995222929936305,0,25,None,66,1,5,False,10,10
1054,19,unweighted,10,0.0995222929936305,0,25,None,66,1,5,False,10,10
1055,15,unweighted,10,0.0995222929936305,0,26,None,66,1,5,False,10,10
1056,16,unweighted,10,0.0995222929936305,0,26,None,66,1,5,False,10,10
1057,17,unweighted,10,0.0995222929936305,0,26,None,66,1,5,False,10,10
1058,18,unweighted,10,0.0995222929936305,0,26,None,66,1,5,False,10,10
1059,19,unweighted,10,0.0995222929936305,0,26,None,66,1,5,False,10,10
1060,15,unweighted,10,0.0995222929936305,0,12,None,66,1,5,False,10,10
1061,16,unweighted,10,0.0995222929936305,0,12,None,66,1,5,False,10,10
1062,17,unweighted,10,0.0995222929936305,0,12,None,66,1,5,False,10,10
1063,18,unweighted,10,0.1845143312101911,0,12,None,66,1,5,False,10,10
1064,19,unweighted,10,0.1342555732484076,0,12,None,66,1,5,False,10,10
1065,15,unweighted,10,0.0995222929936305,0,24,None,66,1,5,False,10,10
1066,16,unweighted,10,0.0995222929936305,0,24,None,66,1,5,False,10,10
1067,17,unweighted,10,0.0995222929936305,0,24,None,66,1,5,False,10,10
1068,18,unweighted,10,0.0995222929936305,0,24,None,66,1,5,False,10,10
1069,19,unweighted,10,0.0995222929936305,0,24,None,66,1,5,False,10,10
1070,15,unweighted,10,0.0995222929936305,0,28,None,66,1,5,False,10,10
1071,16,unweighted,10,0.0995222929936305,0,28,None,66,1,5,False,10,10
1072,17,unweighted,10,0.0995222929936305,0,28,None,66,1,5,False,10,10
1073,18,unweighted,10,0.0995222929936305,0,28,None,66,1,5,False,10,10
1074,19,unweighted,10,0.0995222929936305,0,28,None,66,1,5,False,10,10
1075,15,unweighted,10,0.0995222929936305,0,29,None,66,1,5,False,10,10
1076,16,unweighted,10,0.0995222929936305,0,29,None,66,1,5,False,10,10
1077,17,unweighted,10,0.0995222929936305,0,29,None,66,1,5,False,10,10
1078,18,unweighted,10,0.0995222929936305,0,29,None,66,1,5,False,10,10
1079,19,unweighted,10,0.0995222929936305,0,29,None,66,1,5,False,10,10
1080,15,unweighted,10,0.0995222929936305,0,30,None,66,1,5,False,10,10
1081,16,unweighted,10,0.0995222929936305,0,30,None,66,1,5,False,10,10
1082,17,unweighted,10,0.0995222929936305,0,30,None,66,1,5,False,10,10
1083,18,unweighted,10,0.0995222929936305,0,30,None,66,1,5,False,10,10
1084,19,unweighted,10,0.0995222929936305,0,30,None,66,1,5,False,10,10
1085,15,unweighted,10,0.0995222929936305,0,18,None,66,1,5,False,10,10
1086,16,unweighted,10,0.0995222929936305,0,18,None,66,1,5,False,10,10
1087,17,unweighted,10,0.0995222929936305,0,18,None,66,1,5,False,10,10
1088,18,unweighted,10,0.0995222929936305,0,18,None,66,1,5,False,10,10
1089,19,unweighted,10,0.0995222929936305,0,18,None,66,1,5,False,10,10
1090,15,unweighted,10,0.0995222929936305,0,27,None,66,1,5,False,10,10
1091,16,unweighted,10,0.0995222929936305,0,27,None,66,1,5,False,10,10
1092,17,unweighted,10,0.0995222929936305,0,27,None,66,1,5,False,10,10
1093,18,unweighted,10,0.0995222929936305,0,27,None,66,1,5,False,10,10
1094,19,unweighted,10,0.0995222929936305,0,27,None,66,1,5,False,10,10
1095,15,unweighted,10,0.0995222929936305,0,31,None,66,1,5,False,10,10
1096,16,unweighted,10,0.0995222929936305,0,31,None,66,1,5,False,10,10
1097,17,unweighted,10,0.1689888535031847,0,31,None,66,1,5,False,10,10
1098,18,unweighted,10,0.0995222929936305,0,31,None,66,1,5,False,10,10
1099,19,unweighted,10,0.0995222929936305,0,31,None,66,1,5,False,10,10
1100,15,unweighted,10,0.0995222929936305,0,7,None,66,1,5,False,10,10
1101,16,unweighted,10,0.0995222929936305,0,7,None,66,1,5,False,10,10
1102,17,unweighted,10,0.0995222929936305,0,7,None,66,1,5,False,10,10
1103,18,unweighted,10,0.0995222929936305,0,7,None,66,1,5,False,10,10
1104,19,unweighted,10,0.0995222929936305,0,7,None,66,1,5,False,10,10
1105,15,unweighted,10,0.0995222929936305,0,16,None,66,1,5,False,10,10
1106,16,unweighted,10,0.0995222929936305,0,16,None,66,1,5,False,10,10
1107,17,unweighted,10,0.0995222929936305,0,16,None,66,1,5,False,10,10
1108,18,unweighted,10,0.0995222929936305,0,16,None,66,1,5,False,10,10
1109,19,unweighted,10,0.0995222929936305,0,16,None,66,1,5,False,10,10
1110,15,unweighted,10,0.0995222929936305,0,32,None,66,1,5,False,10,10
1111,16,unweighted,10,0.1004179936305732,0,32,None,66,1,5,False,10,10
1112,17,unweighted,10,0.0995222929936305,0,32,None,66,1,5,False,10,10
1113,18,unweighted,10,0.0995222929936305,0,32,None,66,1,5,False,10,10
1114,19,unweighted,10,0.0995222929936305,0,32,None,66,1,5,False,10,10
1115,15,unweighted,10,0.0995222929936305,0,3,None,66,1,5,False,10,10
1116,16,unweighted,10,0.0995222929936305,0,3,None,66,1,5,False,10,10
1117,17,unweighted,10,0.0995222929936305,0,3,None,66,1,5,False,10,10
1118,18,unweighted,10,0.0995222929936305,0,3,None,66,1,5,False,10,10
1119,19,unweighted,10,0.0995222929936305,0,3,None,66,1,5,False,10,10
1120,15,unweighted,10,0.0995222929936305,0,0,None,66,1,5,False,10,10
1121,16,unweighted,10,0.0995222929936305,0,0,None,66,1,5,False,10,10
1122,17,unweighted,10,0.0995222929936305,0,0,None,66,1,5,False,10,10
1123,18,unweighted,10,0.0995222929936305,0,0,None,66,1,5,False,10,10
1124,19,unweighted,10,0.0995222929936305,0,0,None,66,1,5,False,10,10
1125,15,unweighted,10,0.0995222929936305,0,23,None,66,1,5,False,10,10
1126,16,unweighted,10,0.0995222929936305,0,23,None,66,1,5,False,10,10
1127,17,unweighted,10,0.0995222929936305,0,23,None,66,1,5,False,10,10
1128,18,unweighted,10,0.0995222929936305,0,23,None,66,1,5,False,10,10
1129,19,unweighted,10,0.0995222929936305,0,23,None,66,1,5,False,10,10
1130,15,unweighted,10,0.0995222929936305,0,4,None,66,1,5,False,10,10
1131,16,unweighted,10,0.0995222929936305,0,4,None,66,1,5,False,10,10
1132,17,unweighted,10,0.0995222929936305,0,4,None,66,1,5,False,10,10
1133,18,unweighted,10,0.0995222929936305,0,4,None,66,1,5,False,10,10
1134,19,unweighted,10,0.0995222929936305,0,4,None,66,1,5,False,10,10
1135,20,unweighted,10,0.0995222929936305,0,19,None,66,1,5,False,10,10
1136,21,unweighted,10,0.0995222929936305,0,19,None,66,1,5,False,10,10
1137,22,unweighted,10,0.0995222929936305,0,19,None,66,1,5,False,10,10
1138,23,unweighted,10,0.0995222929936305,0,19,None,66,1,5,False,10,10
1139,24,unweighted,10,0.0995222929936305,0,19,None,66,1,5,False,10,10
1140,15,unweighted,10,0.0995222929936305,0,9,None,66,1,5,False,10,10
1141,16,unweighted,10,0.0995222929936305,0,9,None,66,1,5,False,10,10
1142,17,unweighted,10,0.0995222929936305,0,9,None,66,1,5,False,10,10
1143,18,unweighted,10,0.0995222929936305,0,9,None,66,1,5,False,10,10
1144,19,unweighted,10,0.0995222929936305,0,9,None,66,1,5,False,10,10
1145,15,unweighted,10,0.0995222929936305,0,14,None,66,1,5,False,10,10
1146,16,unweighted,10,0.0995222929936305,0,14,None,66,1,5,False,10,10
1147,17,unweighted,10,0.0995222929936305,0,14,None,66,1,5,False,10,10
1148,18,unweighted,10,0.0995222929936305,0,14,None,66,1,5,False,10,10
1149,19,unweighted,10,0.0995222929936305,0,14,None,66,1,5,False,10,10
1150,15,unweighted,10,0.0995222929936305,0,6,None,66,1,5,False,10,10
1151,16,unweighted,10,0.0995222929936305,0,6,None,66,1,5,False,10,10
1152,17,unweighted,10,0.0995222929936305,0,6,None,66,1,5,False,10,10
1153,18,unweighted,10,0.0995222929936305,0,6,None,66,1,5,False,10,10
1154,19,unweighted,10,0.0995222929936305,0,6,None,66,1,5,False,10,10
1155,15,unweighted,10,0.0995222929936305,0,22,None,66,1,5,False,10,10
1156,16,unweighted,10,0.0995222929936305,0,22,None,66,1,5,False,10,10
1157,17,unweighted,10,0.0995222929936305,0,22,None,66,1,5,False,10,10
1158,18,unweighted,10,0.0995222929936305,0,22,None,66,1,5,False,10,10
1159,19,unweighted,10,0.1744625796178344,0,22,None,66,1,5,False,10,10
1160,20,unweighted,10,0.0995222929936305,0,1,None,66,1,5,False,10,10
1161,21,unweighted,10,0.0995222929936305,0,1,None,66,1,5,False,10,10
1162,22,unweighted,10,0.0995222929936305,0,1,None,66,1,5,False,10,10
1163,23,unweighted,10,0.0995222929936305,0,1,None,66,1,5,False,10,10
1164,24,unweighted,10,0.0995222929936305,0,1,None,66,1,5,False,10,10
1165,20,unweighted,10,0.0995222929936305,0,21,None,66,1,5,False,10,10
1166,21,unweighted,10,0.0995222929936305,0,21,None,66,1,5,False,10,10
1167,22,unweighted,10,0.0995222929936305,0,21,None,66,1,5,False,10,10
1168,23,unweighted,10,0.0995222929936305,0,21,None,66,1,5,False,10,10
1169,24,unweighted,10,0.0995222929936305,0,21,None,66,1,5,False,10,10
1170,20,unweighted,10,0.0995222929936305,0,2,None,66,1,5,False,10,10
1171,21,unweighted,10,0.0995222929936305,0,2,None,66,1,5,False,10,10
1172,22,unweighted,10,0.0995222929936305,0,2,None,66,1,5,False,10,10
1173,23,unweighted,10,0.0995222929936305,0,2,None,66,1,5,False,10,10
1174,24,unweighted,10,0.0995222929936305,0,2,None,66,1,5,False,10,10
1175,20,unweighted,10,0.0995222929936305,0,11,None,66,1,5,False,10,10
1176,21,unweighted,10,0.0995222929936305,0,11,None,66,1,5,False,10,10
1177,22,unweighted,10,0.0995222929936305,0,11,None,66,1,5,False,10,10
1178,23,unweighted,10,0.0995222929936305,0,11,None,66,1,5,False,10,10
1179,24,unweighted,10,0.0995222929936305,0,11,None,66,1,5,False,10,10
1180,20,unweighted,10,0.0995222929936305,0,17,None,66,1,5,False,10,10
1181,21,unweighted,10,0.0995222929936305,0,17,None,66,1,5,False,10,10
1182,22,unweighted,10,0.0995222929936305,0,17,None,66,1,5,False,10,10
1183,23,unweighted,10,0.0995222929936305,0,17,None,66,1,5,False,10,10
1184,24,unweighted,10,0.0995222929936305,0,17,None,66,1,5,False,10,10
1185,20,unweighted,10,0.1301751592356688,0,15,None,66,1,5,False,10,10
1186,21,unweighted,10,0.0995222929936305,0,15,None,66,1,5,False,10,10
1187,22,unweighted,10,0.0995222929936305,0,15,None,66,1,5,False,10,10
1188,23,unweighted,10,0.0995222929936305,0,15,None,66,1,5,False,10,10
1189,24,unweighted,10,0.0995222929936305,0,15,None,66,1,5,False,10,10
1190,20,unweighted,10,0.0995222929936305,0,18,None,66,1,5,False,10,10
1191,21,unweighted,10,0.0995222929936305,0,18,None,66,1,5,False,10,10
1192,22,unweighted,10,0.0995222929936305,0,18,None,66,1,5,False,10,10
1193,23,unweighted,10,0.0995222929936305,0,18,None,66,1,5,False,10,10
1194,24,unweighted,10,0.0995222929936305,0,18,None,66,1,5,False,10,10
1195,20,unweighted,10,0.0995222929936305,0,28,None,66,1,5,False,10,10
1196,21,unweighted,10,0.0995222929936305,0,28,None,66,1,5,False,10,10
1197,22,unweighted,10,0.0995222929936305,0,28,None,66,1,5,False,10,10
1198,23,unweighted,10,0.0995222929936305,0,28,None,66,1,5,False,10,10
1199,24,unweighted,10,0.0995222929936305,0,28,None,66,1,5,False,10,10
1200,20,unweighted,10,0.0995222929936305,0,5,None,66,1,5,False,10,10
1201,21,unweighted,10,0.0995222929936305,0,5,None,66,1,5,False,10,10
1202,22,unweighted,10,0.0995222929936305,0,5,None,66,1,5,False,10,10
1203,23,unweighted,10,0.0995222929936305,0,5,None,66,1,5,False,10,10
1204,24,unweighted,10,0.0995222929936305,0,5,None,66,1,5,False,10,10
1205,20,unweighted,10,0.0995222929936305,0,8,None,66,1,5,False,10,10
1206,21,unweighted,10,0.0995222929936305,0,8,None,66,1,5,False,10,10
1207,22,unweighted,10,0.0995222929936305,0,8,None,66,1,5,False,10,10
1208,23,unweighted,10,0.0995222929936305,0,8,None,66,1,5,False,10,10
1209,24,unweighted,10,0.0995222929936305,0,8,None,66,1,5,False,10,10
1210,20,unweighted,10,0.1031050955414012,0,10,None,66,1,5,False,10,10
1211,21,unweighted,10,0.0995222929936305,0,10,None,66,1,5,False,10,10
1212,22,unweighted,10,0.0995222929936305,0,10,None,66,1,5,False,10,10
1213,23,unweighted,10,0.0995222929936305,0,10,None,66,1,5,False,10,10
1214,24,unweighted,10,0.0995222929936305,0,10,None,66,1,5,False,10,10
1215,20,unweighted,10,0.0995222929936305,0,20,None,66,1,5,False,10,10
1216,21,unweighted,10,0.0995222929936305,0,20,None,66,1,5,False,10,10
1217,22,unweighted,10,0.0995222929936305,0,20,None,66,1,5,False,10,10
1218,23,unweighted,10,0.0995222929936305,0,20,None,66,1,5,False,10,10
1219,24,unweighted,10,0.0995222929936305,0,20,None,66,1,5,False,10,10
1220,20,unweighted,10,0.1104697452229299,0,23,None,66,1,5,False,10,10
1221,21,unweighted,10,0.0995222929936305,0,23,None,66,1,5,False,10,10
1222,22,unweighted,10,0.0995222929936305,0,23,None,66,1,5,False,10,10
1223,23,unweighted,10,0.0995222929936305,0,23,None,66,1,5,False,10,10
1224,24,unweighted,10,0.0995222929936305,0,23,None,66,1,5,False,10,10
1225,20,unweighted,10,0.0995222929936305,0,4,None,66,1,5,False,10,10
1226,21,unweighted,10,0.0995222929936305,0,4,None,66,1,5,False,10,10
1227,22,unweighted,10,0.0995222929936305,0,4,None,66,1,5,False,10,10
1228,23,unweighted,10,0.0995222929936305,0,4,None,66,1,5,False,10,10
1229,24,unweighted,10,0.0995222929936305,0,4,None,66,1,5,False,10,10
1230,20,unweighted,10,0.0995222929936305,0,16,None,66,1,5,False,10,10
1231,21,unweighted,10,0.0995222929936305,0,16,None,66,1,5,False,10,10
1232,22,unweighted,10,0.0995222929936305,0,16,None,66,1,5,False,10,10
1233,23,unweighted,10,0.0995222929936305,0,16,None,66,1,5,False,10,10
1234,24,unweighted,10,0.0995222929936305,0,16,None,66,1,5,False,10,10
1235,20,unweighted,10,0.0995222929936305,0,7,None,66,1,5,False,10,10
1236,21,unweighted,10,0.0995222929936305,0,7,None,66,1,5,False,10,10
1237,22,unweighted,10,0.0995222929936305,0,7,None,66,1,5,False,10,10
1238,23,unweighted,10,0.1127587579617834,0,7,None,66,1,5,False,10,10
1239,24,unweighted,10,0.1365445859872611,0,7,None,66,1,5,False,10,10
1240,20,unweighted,10,0.0995222929936305,0,32,None,66,1,5,False,10,10
1241,21,unweighted,10,0.0995222929936305,0,32,None,66,1,5,False,10,10
1242,22,unweighted,10,0.0995222929936305,0,32,None,66,1,5,False,10,10
1243,23,unweighted,10,0.0995222929936305,0,32,None,66,1,5,False,10,10
1244,24,unweighted,10,0.0995222929936305,0,32,None,66,1,5,False,10,10
1245,20,unweighted,10,0.0995222929936305,0,13,None,66,1,5,False,10,10
1246,21,unweighted,10,0.0995222929936305,0,13,None,66,1,5,False,10,10
1247,22,unweighted,10,0.0995222929936305,0,13,None,66,1,5,False,10,10
1248,23,unweighted,10,0.0995222929936305,0,13,None,66,1,5,False,10,10
1249,24,unweighted,10,0.0995222929936305,0,13,None,66,1,5,False,10,10
1250,20,unweighted,10,0.0995222929936305,0,12,None,66,1,5,False,10,10
1251,21,unweighted,10,0.0995222929936305,0,12,None,66,1,5,False,10,10
1252,22,unweighted,10,0.0995222929936305,0,12,None,66,1,5,False,10,10
1253,23,unweighted,10,0.0995222929936305,0,12,None,66,1,5,False,10,10
1254,24,unweighted,10,0.1595342356687898,0,12,None,66,1,5,False,10,10
1255,20,unweighted,10,0.0995222929936305,0,26,None,66,1,5,False,10,10
1256,21,unweighted,10,0.0995222929936305,0,26,None,66,1,5,False,10,10
1257,22,unweighted,10,0.0995222929936305,0,26,None,66,1,5,False,10,10
1258,23,unweighted,10,0.0995222929936305,0,26,None,66,1,5,False,10,10
1259,24,unweighted,10,0.0995222929936305,0,26,None,66,1,5,False,10,10
1260,20,unweighted,10,0.0995222929936305,0,24,None,66,1,5,False,10,10
1261,21,unweighted,10,0.0995222929936305,0,24,None,66,1,5,False,10,10
1262,22,unweighted,10,0.0995222929936305,0,24,None,66,1,5,False,10,10
1263,23,unweighted,10,0.0995222929936305,0,24,None,66,1,5,False,10,10
1264,24,unweighted,10,0.185609076433121,0,24,None,66,1,5,False,10,10
1265,20,unweighted,10,0.0995222929936305,0,27,None,66,1,5,False,10,10
1266,21,unweighted,10,0.0995222929936305,0,27,None,66,1,5,False,10,10
1267,22,unweighted,10,0.0995222929936305,0,27,None,66,1,5,False,10,10
1268,23,unweighted,10,0.0995222929936305,0,27,None,66,1,5,False,10,10
1269,24,unweighted,10,0.0995222929936305,0,27,None,66,1,5,False,10,10
1270,20,unweighted,10,0.0995222929936305,0,30,None,66,1,5,False,10,10
1271,21,unweighted,10,0.0995222929936305,0,30,None,66,1,5,False,10,10
1272,22,unweighted,10,0.0995222929936305,0,30,None,66,1,5,False,10,10
1273,23,unweighted,10,0.0995222929936305,0,30,None,66,1,5,False,10,10
1274,24,unweighted,10,0.0995222929936305,0,30,None,66,1,5,False,10,10
1275,20,unweighted,10,0.0995222929936305,0,31,None,66,1,5,False,10,10
1276,21,unweighted,10,0.0995222929936305,0,31,None,66,1,5,False,10,10
1277,22,unweighted,10,0.0995222929936305,0,31,None,66,1,5,False,10,10
1278,23,unweighted,10,0.0995222929936305,0,31,None,66,1,5,False,10,10
1279,24,unweighted,10,0.0995222929936305,0,31,None,66,1,5,False,10,10
1280,20,unweighted,10,0.0995222929936305,0,22,None,66,1,5,False,10,10
1281,21,unweighted,10,0.0995222929936305,0,22,None,66,1,5,False,10,10
1282,22,unweighted,10,0.0995222929936305,0,22,None,66,1,5,False,10,10
1283,23,unweighted,10,0.0995222929936305,0,22,None,66,1,5,False,10,10
1284,24,unweighted,10,0.0995222929936305,0,22,None,66,1,5,False,10,10
1285,20,unweighted,10,0.0995222929936305,0,6,None,66,1,5,False,10,10
1286,21,unweighted,10,0.0995222929936305,0,6,None,66,1,5,False,10,10
1287,22,unweighted,10,0.0995222929936305,0,6,None,66,1,5,False,10,10
1288,23,unweighted,10,0.0995222929936305,0,6,None,66,1,5,False,10,10
1289,24,unweighted,10,0.0995222929936305,0,6,None,66,1,5,False,10,10
1290,20,unweighted,10,0.0995222929936305,0,0,None,66,1,5,False,10,10
1291,21,unweighted,10,0.0995222929936305,0,0,None,66,1,5,False,10,10
1292,22,unweighted,10,0.0995222929936305,0,0,None,66,1,5,False,10,10
1293,23,unweighted,10,0.0995222929936305,0,0,None,66,1,5,False,10,10
1294,24,unweighted,10,0.0995222929936305,0,0,None,66,1,5,False,10,10
1295,20,unweighted,10,0.0995222929936305,0,3,None,66,1,5,False,10,10
1296,21,unweighted,10,0.0995222929936305,0,3,None,66,1,5,False,10,10
1297,22,unweighted,10,0.0995222929936305,0,3,None,66,1,5,False,10,10
1298,23,unweighted,10,0.0995222929936305,0,3,None,66,1,5,False,10,10
1299,24,unweighted,10,0.0995222929936305,0,3,None,66,1,5,False,10,10
1300,20,unweighted,10,0.0995222929936305,0,14,None,66,1,5,False,10,10
1301,21,unweighted,10,0.0995222929936305,0,14,None,66,1,5,False,10,10
1302,22,unweighted,10,0.0995222929936305,0,14,None,66,1,5,False,10,10
1303,23,unweighted,10,0.0995222929936305,0,14,None,66,1,5,False,10,10
1304,24,unweighted,10,0.0995222929936305,0,14,None,66,1,5,False,10,10
1305,20,unweighted,10,0.0995222929936305,0,25,None,66,1,5,False,10,10
1306,21,unweighted,10,0.0995222929936305,0,25,None,66,1,5,False,10,10
1307,22,unweighted,10,0.0995222929936305,0,25,None,66,1,5,False,10,10
1308,23,unweighted,10,0.1188296178343949,0,25,None,66,1,5,False,10,10
1309,24,unweighted,10,0.0995222929936305,0,25,None,66,1,5,False,10,10
1310,20,unweighted,10,0.0995222929936305,0,9,None,66,1,5,False,10,10
1311,21,unweighted,10,0.0995222929936305,0,9,None,66,1,5,False,10,10
1312,22,unweighted,10,0.0995222929936305,0,9,None,66,1,5,False,10,10
1313,23,unweighted,10,0.0995222929936305,0,9,None,66,1,5,False,10,10
1314,24,unweighted,10,0.0995222929936305,0,9,None,66,1,5,False,10,10
1315,20,unweighted,10,0.0995222929936305,0,29,None,66,1,5,False,10,10
1316,21,unweighted,10,0.0995222929936305,0,29,None,66,1,5,False,10,10
1317,22,unweighted,10,0.0995222929936305,0,29,None,66,1,5,False,10,10
1318,23,unweighted,10,0.0995222929936305,0,29,None,66,1,5,False,10,10
1319,24,unweighted,10,0.0995222929936305,0,29,None,66,1,5,False,10,10
2145,25,unweighted,10,0.1723726114649681,0,5,None,66,1,5,False,10,10
2146,26,unweighted,10,0.0995222929936305,0,5,None,66,1,5,False,10,10
2147,27,unweighted,10,0.0995222929936305,0,5,None,66,1,5,False,10,10
2148,28,unweighted,10,0.0995222929936305,0,5,None,66,1,5,False,10,10
2149,29,unweighted,10,0.0995222929936305,0,5,None,66,1,5,False,10,10
2150,25,unweighted,10,0.0995222929936305,0,16,None,66,1,5,False,10,10
2151,26,unweighted,10,0.0995222929936305,0,16,None,66,1,5,False,10,10
2152,27,unweighted,10,0.0995222929936305,0,16,None,66,1,5,False,10,10
2153,28,unweighted,10,0.0995222929936305,0,16,None,66,1,5,False,10,10
2154,29,unweighted,10,0.0995222929936305,0,16,None,66,1,5,False,10,10
2155,25,unweighted,10,0.0995222929936305,0,8,None,66,1,5,False,10,10
2156,26,unweighted,10,0.0995222929936305,0,8,None,66,1,5,False,10,10
2157,27,unweighted,10,0.0995222929936305,0,8,None,66,1,5,False,10,10
2158,28,unweighted,10,0.0995222929936305,0,8,None,66,1,5,False,10,10
2159,29,unweighted,10,0.0995222929936305,0,8,None,66,1,5,False,10,10
2160,25,unweighted,10,0.114749203821656,0,20,None,66,1,5,False,10,10
2161,26,unweighted,10,0.0995222929936305,0,20,None,66,1,5,False,10,10
2162,27,unweighted,10,0.0995222929936305,0,20,None,66,1,5,False,10,10
2163,28,unweighted,10,0.0995222929936305,0,20,None,66,1,5,False,10,10
2164,29,unweighted,10,0.0995222929936305,0,20,None,66,1,5,False,10,10
2165,25,unweighted,10,0.0995222929936305,0,19,None,66,1,5,False,10,10
2166,26,unweighted,10,0.0995222929936305,0,19,None,66,1,5,False,10,10
2167,27,unweighted,10,0.0995222929936305,0,19,None,66,1,5,False,10,10
2168,28,unweighted,10,0.0995222929936305,0,19,None,66,1,5,False,10,10
2169,29,unweighted,10,0.0995222929936305,0,19,None,66,1,5,False,10,10
2170,25,unweighted,10,0.0995222929936305,0,22,None,66,1,5,False,10,10
2171,26,unweighted,10,0.0995222929936305,0,22,None,66,1,5,False,10,10
2172,27,unweighted,10,0.0995222929936305,0,22,None,66,1,5,False,10,10
2173,28,unweighted,10,0.0995222929936305,0,22,None,66,1,5,False,10,10
2174,29,unweighted,10,0.0995222929936305,0,22,None,66,1,5,False,10,10
2175,25,unweighted,10,0.0995222929936305,0,14,None,66,1,5,False,10,10
2176,26,unweighted,10,0.0995222929936305,0,14,None,66,1,5,False,10,10
2177,27,unweighted,10,0.0995222929936305,0,14,None,66,1,5,False,10,10
2178,28,unweighted,10,0.0995222929936305,0,14,None,66,1,5,False,10,10
2179,29,unweighted,10,0.0995222929936305,0,14,None,66,1,5,False,10,10
2180,25,unweighted,10,0.0995222929936305,0,23,None,66,1,5,False,10,10
2181,26,unweighted,10,0.0995222929936305,0,23,None,66,1,5,False,10,10
2182,27,unweighted,10,0.0995222929936305,0,23,None,66,1,5,False,10,10
2183,28,unweighted,10,0.0995222929936305,0,23,None,66,1,5,False,10,10
2184,29,unweighted,10,0.0995222929936305,0,23,None,66,1,5,False,10,10
2185,25,unweighted,10,0.0995222929936305,0,17,None,66,1,5,False,10,10
2186,26,unweighted,10,0.0995222929936305,0,17,None,66,1,5,False,10,10
2187,27,unweighted,10,0.0995222929936305,0,17,None,66,1,5,False,10,10
2188,28,unweighted,10,0.1115644904458598,0,17,None,66,1,5,False,10,10
2189,29,unweighted,10,0.0995222929936305,0,17,None,66,1,5,False,10,10
2190,25,unweighted,10,0.0995222929936305,0,21,None,66,1,5,False,10,10
2191,26,unweighted,10,0.0995222929936305,0,21,None,66,1,5,False,10,10
2192,27,unweighted,10,0.0995222929936305,0,21,None,66,1,5,False,10,10
2193,28,unweighted,10,0.0995222929936305,0,21,None,66,1,5,False,10,10
2194,29,unweighted,10,0.0995222929936305,0,21,None,66,1,5,False,10,10
2195,25,unweighted,10,0.0995222929936305,0,24,None,66,1,5,False,10,10
2196,26,unweighted,10,0.0995222929936305,0,24,None,66,1,5,False,10,10
2197,27,unweighted,10,0.0995222929936305,0,24,None,66,1,5,False,10,10
2198,28,unweighted,10,0.0995222929936305,0,24,None,66,1,5,False,10,10
2199,29,unweighted,10,0.1878980891719745,0,24,None,66,1,5,False,10,10
2200,25,unweighted,10,0.0995222929936305,0,29,None,66,1,5,False,10,10
2201,26,unweighted,10,0.0995222929936305,0,29,None,66,1,5,False,10,10
2202,27,unweighted,10,0.0995222929936305,0,29,None,66,1,5,False,10,10
2203,28,unweighted,10,0.0995222929936305,0,29,None,66,1,5,False,10,10
2204,29,unweighted,10,0.0995222929936305,0,29,None,66,1,5,False,10,10
2205,25,unweighted,10,0.0995222929936305,0,9,None,66,1,5,False,10,10
2206,26,unweighted,10,0.0995222929936305,0,9,None,66,1,5,False,10,10
2207,27,unweighted,10,0.0995222929936305,0,9,None,66,1,5,False,10,10
2208,28,unweighted,10,0.0995222929936305,0,9,None,66,1,5,False,10,10
2209,29,unweighted,10,0.0995222929936305,0,9,None,66,1,5,False,10,10
2210,25,unweighted,10,0.0995222929936305,0,18,None,66,1,5,False,10,10
2211,26,unweighted,10,0.0995222929936305,0,18,None,66,1,5,False,10,10
2212,27,unweighted,10,0.0995222929936305,0,18,None,66,1,5,False,10,10
2213,28,unweighted,10,0.0995222929936305,0,18,None,66,1,5,False,10,10
2214,29,unweighted,10,0.0995222929936305,0,18,None,66,1,5,False,10,10
2215,25,unweighted,10,0.0995222929936305,0,31,None,66,1,5,False,10,10
2216,26,unweighted,10,0.0995222929936305,0,31,None,66,1,5,False,10,10
2217,27,unweighted,10,0.0995222929936305,0,31,None,66,1,5,False,10,10
2218,28,unweighted,10,0.0995222929936305,0,31,None,66,1,5,False,10,10
2219,29,unweighted,10,0.0995222929936305,0,31,None,66,1,5,False,10,10
2220,25,unweighted,10,0.0995222929936305,0,1,None,66,1,5,False,10,10
2221,26,unweighted,10,0.0995222929936305,0,1,None,66,1,5,False,10,10
2222,27,unweighted,10,0.0995222929936305,0,1,None,66,1,5,False,10,10
2223,28,unweighted,10,0.0995222929936305,0,1,None,66,1,5,False,10,10
2224,29,unweighted,10,0.0995222929936305,0,1,None,66,1,5,False,10,10
2225,25,unweighted,10,0.0995222929936305,0,32,None,66,1,5,False,10,10
2226,26,unweighted,10,0.0995222929936305,0,32,None,66,1,5,False,10,10
2227,27,unweighted,10,0.1448049363057325,0,32,None,66,1,5,False,10,10
2228,28,unweighted,10,0.0995222929936305,0,32,None,66,1,5,False,10,10
2229,29,unweighted,10,0.0995222929936305,0,32,None,66,1,5,False,10,10
2230,25,unweighted,10,0.0995222929936305,0,7,None,66,1,5,False,10,10
2231,26,unweighted,10,0.0995222929936305,0,7,None,66,1,5,False,10,10
2232,27,unweighted,10,0.0995222929936305,0,7,None,66,1,5,False,10,10
2233,28,unweighted,10,0.0995222929936305,0,7,None,66,1,5,False,10,10
2234,29,unweighted,10,0.0995222929936305,0,7,None,66,1,5,False,10,10
2235,25,unweighted,10,0.0995222929936305,0,2,None,66,1,5,False,10,10
2236,26,unweighted,10,0.0995222929936305,0,2,None,66,1,5,False,10,10
2237,27,unweighted,10,0.0995222929936305,0,2,None,66,1,5,False,10,10
2238,28,unweighted,10,0.0995222929936305,0,2,None,66,1,5,False,10,10
2239,29,unweighted,10,0.0995222929936305,0,2,None,66,1,5,False,10,10
2240,25,unweighted,10,0.0995222929936305,0,10,None,66,1,5,False,10,10
2241,26,unweighted,10,0.0995222929936305,0,10,None,66,1,5,False,10,10
2242,27,unweighted,10,0.0995222929936305,0,10,None,66,1,5,False,10,10
2243,28,unweighted,10,0.0995222929936305,0,10,None,66,1,5,False,10,10
2244,29,unweighted,10,0.0995222929936305,0,10,None,66,1,5,False,10,10
2245,25,unweighted,10,0.0995222929936305,0,11,None,66,1,5,False,10,10
2246,26,unweighted,10,0.0995222929936305,0,11,None,66,1,5,False,10,10
2247,27,unweighted,10,0.0995222929936305,0,11,None,66,1,5,False,10,10
2248,28,unweighted,10,0.0995222929936305,0,11,None,66,1,5,False,10,10
2249,29,unweighted,10,0.0995222929936305,0,11,None,66,1,5,False,10,10
2250,25,unweighted,10,0.0995222929936305,0,15,None,66,1,5,False,10,10
2251,26,unweighted,10,0.1361464968152866,0,15,None,66,1,5,False,10,10
2252,27,unweighted,10,0.0995222929936305,0,15,None,66,1,5,False,10,10
2253,28,unweighted,10,0.0995222929936305,0,15,None,66,1,5,False,10,10
2254,29,unweighted,10,0.0995222929936305,0,15,None,66,1,5,False,10,10
2255,25,unweighted,10,0.0995222929936305,0,4,None,66,1,5,False,10,10
2256,26,unweighted,10,0.0995222929936305,0,4,None,66,1,5,False,10,10
2257,27,unweighted,10,0.0995222929936305,0,4,None,66,1,5,False,10,10
2258,28,unweighted,10,0.0995222929936305,0,4,None,66,1,5,False,10,10
2259,29,unweighted,10,0.0995222929936305,0,4,None,66,1,5,False,10,10
2260,25,unweighted,10,0.0995222929936305,0,13,None,66,1,5,False,10,10
2261,26,unweighted,10,0.0995222929936305,0,13,None,66,1,5,False,10,10
2262,27,unweighted,10,0.0995222929936305,0,13,None,66,1,5,False,10,10
2263,28,unweighted,10,0.0995222929936305,0,13,None,66,1,5,False,10,10
2264,29,unweighted,10,0.0995222929936305,0,13,None,66,1,5,False,10,10
2265,25,unweighted,10,0.0995222929936305,0,12,None,66,1,5,False,10,10
2266,26,unweighted,10,0.0995222929936305,0,12,None,66,1,5,False,10,10
2267,27,unweighted,10,0.0995222929936305,0,12,None,66,1,5,False,10,10
2268,28,unweighted,10,0.0995222929936305,0,12,None,66,1,5,False,10,10
2269,29,unweighted,10,0.0995222929936305,0,12,None,66,1,5,False,10,10
2270,25,unweighted,10,0.0995222929936305,0,25,None,66,1,5,False,10,10
2271,26,unweighted,10,0.1022093949044586,0,25,None,66,1,5,False,10,10
2272,27,unweighted,10,0.0995222929936305,0,25,None,66,1,5,False,10,10
2273,28,unweighted,10,0.0995222929936305,0,25,None,66,1,5,False,10,10
2274,29,unweighted,10,0.0995222929936305,0,25,None,66,1,5,False,10,10
2275,25,unweighted,10,0.0995222929936305,0,26,None,66,1,5,False,10,10
2276,26,unweighted,10,0.0995222929936305,0,26,None,66,1,5,False,10,10
2277,27,unweighted,10,0.0995222929936305,0,26,None,66,1,5,False,10,10
2278,28,unweighted,10,0.1427149681528662,0,26,None,66,1,5,False,10,10
2279,29,unweighted,10,0.0995222929936305,0,26,None,66,1,5,False,10,10
2280,25,unweighted,10,0.0995222929936305,0,0,None,66,1,5,False,10,10
2281,26,unweighted,10,0.0995222929936305,0,0,None,66,1,5,False,10,10
2282,27,unweighted,10,0.0995222929936305,0,0,None,66,1,5,False,10,10
2283,28,unweighted,10,0.0995222929936305,0,0,None,66,1,5,False,10,10
2284,29,unweighted,10,0.0995222929936305,0,0,None,66,1,5,False,10,10
2285,25,unweighted,10,0.0995222929936305,0,3,None,66,1,5,False,10,10
2286,26,unweighted,10,0.0995222929936305,0,3,None,66,1,5,False,10,10
2287,27,unweighted,10,0.0995222929936305,0,3,None,66,1,5,False,10,10
2288,28,unweighted,10,0.0995222929936305,0,3,None,66,1,5,False,10,10
2289,29,unweighted,10,0.0995222929936305,0,3,None,66,1,5,False,10,10
2290,25,unweighted,10,0.0995222929936305,0,28,None,66,1,5,False,10,10
2291,26,unweighted,10,0.0995222929936305,0,28,None,66,1,5,False,10,10
2292,27,unweighted,10,0.0995222929936305,0,28,None,66,1,5,False,10,10
2293,28,unweighted,10,0.0995222929936305,0,28,None,66,1,5,False,10,10
2294,29,unweighted,10,0.0995222929936305,0,28,None,66,1,5,False,10,10
2295,25,unweighted,10,0.0995222929936305,0,27,None,66,1,5,False,10,10
2296,26,unweighted,10,0.0995222929936305,0,27,None,66,1,5,False,10,10
2297,27,unweighted,10,0.0995222929936305,0,27,None,66,1,5,False,10,10
2298,28,unweighted,10,0.0995222929936305,0,27,None,66,1,5,False,10,10
2299,29,unweighted,10,0.0995222929936305,0,27,None,66,1,5,False,10,10
2300,25,unweighted,10,0.0995222929936305,0,6,None,66,1,5,False,10,10
2301,26,unweighted,10,0.0995222929936305,0,6,None,66,1,5,False,10,10
2302,27,unweighted,10,0.0995222929936305,0,6,None,66,1,5,False,10,10
2303,28,unweighted,10,0.0995222929936305,0,6,None,66,1,5,False,10,10
2304,29,unweighted,10,0.0995222929936305,0,6,None,66,1,5,False,10,10
2305,25,unweighted,10,0.0995222929936305,0,30,None,66,1,5,False,10,10
2306,26,unweighted,10,0.0995222929936305,0,30,None,66,1,5,False,10,10
2307,27,unweighted,10,0.0995222929936305,0,30,None,66,1,5,False,10,10
2308,28,unweighted,10,0.0995222929936305,0,30,None,66,1,5,False,10,10
2309,29,unweighted,10,0.0995222929936305,0,30,None,66,1,5,False,10,10
2310,30,unweighted,10,0.0995222929936305,0,15,None,66,1,5,False,10,10
2311,31,unweighted,10,0.0995222929936305,0,15,None,66,1,5,False,10,10
2312,32,unweighted,10,0.0995222929936305,0,15,None,66,1,5,False,10,10
2313,33,unweighted,10,0.0995222929936305,0,15,None,66,1,5,False,10,10
2314,34,unweighted,10,0.0995222929936305,0,15,None,66,1,5,False,10,10
2315,30,unweighted,10,0.0995222929936305,0,11,None,66,1,5,False,10,10
2316,31,unweighted,10,0.0995222929936305,0,11,None,66,1,5,False,10,10
2317,32,unweighted,10,0.0995222929936305,0,11,None,66,1,5,False,10,10
2318,33,unweighted,10,0.0995222929936305,0,11,None,66,1,5,False,10,10
2319,34,unweighted,10,0.0995222929936305,0,11,None,66,1,5,False,10,10
2320,30,unweighted,10,0.0995222929936305,0,19,None,66,1,5,False,10,10
2321,31,unweighted,10,0.0995222929936305,0,19,None,66,1,5,False,10,10
2322,32,unweighted,10,0.0995222929936305,0,19,None,66,1,5,False,10,10
2323,33,unweighted,10,0.0995222929936305,0,19,None,66,1,5,False,10,10
2324,34,unweighted,10,0.0995222929936305,0,19,None,66,1,5,False,10,10
2325,30,unweighted,10,0.1668988853503184,0,17,None,66,1,5,False,10,10
2326,31,unweighted,10,0.1904856687898089,0,17,None,66,1,5,False,10,10
2327,32,unweighted,10,0.1025079617834394,0,17,None,66,1,5,False,10,10
2328,33,unweighted,10,0.0995222929936305,0,17,None,66,1,5,False,10,10
2329,34,unweighted,10,0.0995222929936305,0,17,None,66,1,5,False,10,10
2330,30,unweighted,10,0.0995222929936305,0,1,None,66,1,5,False,10,10
2331,31,unweighted,10,0.0995222929936305,0,1,None,66,1,5,False,10,10
2332,32,unweighted,10,0.0995222929936305,0,1,None,66,1,5,False,10,10
2333,33,unweighted,10,0.0995222929936305,0,1,None,66,1,5,False,10,10
2334,34,unweighted,10,0.0995222929936305,0,1,None,66,1,5,False,10,10
2335,30,unweighted,10,0.0995222929936305,0,2,None,66,1,5,False,10,10
2336,31,unweighted,10,0.0995222929936305,0,2,None,66,1,5,False,10,10
2337,32,unweighted,10,0.0995222929936305,0,2,None,66,1,5,False,10,10
2338,33,unweighted,10,0.0995222929936305,0,2,None,66,1,5,False,10,10
2339,34,unweighted,10,0.0995222929936305,0,2,None,66,1,5,False,10,10
2340,30,unweighted,10,0.0995222929936305,0,28,None,66,1,5,False,10,10
2341,31,unweighted,10,0.0995222929936305,0,28,None,66,1,5,False,10,10
2342,32,unweighted,10,0.0995222929936305,0,28,None,66,1,5,False,10,10
2343,33,unweighted,10,0.0995222929936305,0,28,None,66,1,5,False,10,10
2344,34,unweighted,10,0.0995222929936305,0,28,None,66,1,5,False,10,10
2345,30,unweighted,10,0.0995222929936305,0,21,None,66,1,5,False,10,10
2346,31,unweighted,10,0.0995222929936305,0,21,None,66,1,5,False,10,10
2347,32,unweighted,10,0.0995222929936305,0,21,None,66,1,5,False,10,10
2348,33,unweighted,10,0.0995222929936305,0,21,None,66,1,5,False,10,10
2349,34,unweighted,10,0.0995222929936305,0,21,None,66,1,5,False,10,10
2350,30,unweighted,10,0.1317675159235669,0,18,None,66,1,5,False,10,10
2351,31,unweighted,10,0.0995222929936305,0,18,None,66,1,5,False,10,10
2352,32,unweighted,10,0.0995222929936305,0,18,None,66,1,5,False,10,10
2353,33,unweighted,10,0.0995222929936305,0,18,None,66,1,5,False,10,10
2354,34,unweighted,10,0.0995222929936305,0,18,None,66,1,5,False,10,10
2355,30,unweighted,10,0.0995222929936305,0,10,None,66,1,5,False,10,10
2356,31,unweighted,10,0.0995222929936305,0,10,None,66,1,5,False,10,10
2357,32,unweighted,10,0.0995222929936305,0,10,None,66,1,5,False,10,10
2358,33,unweighted,10,0.0995222929936305,0,10,None,66,1,5,False,10,10
2359,34,unweighted,10,0.0995222929936305,0,10,None,66,1,5,False,10,10
2360,30,unweighted,10,0.0995222929936305,0,8,None,66,1,5,False,10,10
2361,31,unweighted,10,0.0995222929936305,0,8,None,66,1,5,False,10,10
2362,32,unweighted,10,0.0995222929936305,0,8,None,66,1,5,False,10,10
2363,33,unweighted,10,0.0995222929936305,0,8,None,66,1,5,False,10,10
2364,34,unweighted,10,0.0995222929936305,0,8,None,66,1,5,False,10,10
2365,30,unweighted,10,0.1032046178343949,0,20,None,66,1,5,False,10,10
2366,31,unweighted,10,0.0995222929936305,0,20,None,66,1,5,False,10,10
2367,32,unweighted,10,0.0995222929936305,0,20,None,66,1,5,False,10,10
2368,33,unweighted,10,0.0995222929936305,0,20,None,66,1,5,False,10,10
2369,34,unweighted,10,0.0995222929936305,0,20,None,66,1,5,False,10,10
2370,30,unweighted,10,0.0995222929936305,0,23,None,66,1,5,False,10,10
2371,31,unweighted,10,0.0995222929936305,0,23,None,66,1,5,False,10,10
2372,32,unweighted,10,0.0995222929936305,0,23,None,66,1,5,False,10,10
2373,33,unweighted,10,0.0995222929936305,0,23,None,66,1,5,False,10,10
2374,34,unweighted,10,0.0995222929936305,0,23,None,66,1,5,False,10,10
2375,30,unweighted,10,0.1632165605095541,0,5,None,66,1,5,False,10,10
2376,31,unweighted,10,0.0995222929936305,0,5,None,66,1,5,False,10,10
2377,32,unweighted,10,0.0997213375796178,0,5,None,66,1,5,False,10,10
2378,33,unweighted,10,0.0995222929936305,0,5,None,66,1,5,False,10,10
2379,34,unweighted,10,0.0995222929936305,0,5,None,66,1,5,False,10,10
2380,30,unweighted,10,0.0995222929936305,0,4,None,66,1,5,False,10,10
2381,31,unweighted,10,0.0995222929936305,0,4,None,66,1,5,False,10,10
2382,32,unweighted,10,0.0995222929936305,0,4,None,66,1,5,False,10,10
2383,33,unweighted,10,0.0995222929936305,0,4,None,66,1,5,False,10,10
2384,34,unweighted,10,0.0995222929936305,0,4,None,66,1,5,False,10,10
2385,30,unweighted,10,0.0995222929936305,0,22,None,66,1,5,False,10,10
2386,31,unweighted,10,0.0995222929936305,0,22,None,66,1,5,False,10,10
2387,32,unweighted,10,0.0995222929936305,0,22,None,66,1,5,False,10,10
2388,33,unweighted,10,0.0995222929936305,0,22,None,66,1,5,False,10,10
2389,34,unweighted,10,0.0995222929936305,0,22,None,66,1,5,False,10,10
2390,30,unweighted,10,0.0995222929936305,0,26,None,66,1,5,False,10,10
2391,31,unweighted,10,0.0995222929936305,0,26,None,66,1,5,False,10,10
2392,32,unweighted,10,0.1429140127388535,0,26,None,66,1,5,False,10,10
2393,33,unweighted,10,0.0995222929936305,0,26,None,66,1,5,False,10,10
2394,34,unweighted,10,0.0995222929936305,0,26,None,66,1,5,False,10,10
2395,30,unweighted,10,0.0995222929936305,0,12,None,66,1,5,False,10,10
2396,31,unweighted,10,0.0995222929936305,0,12,None,66,1,5,False,10,10
2397,32,unweighted,10,0.0995222929936305,0,12,None,66,1,5,False,10,10
2398,33,unweighted,10,0.0995222929936305,0,12,None,66,1,5,False,10,10
2399,34,unweighted,10,0.0995222929936305,0,12,None,66,1,5,False,10,10
2400,30,unweighted,10,0.0995222929936305,0,13,None,66,1,5,False,10,10
2401,31,unweighted,10,0.0995222929936305,0,13,None,66,1,5,False,10,10
2402,32,unweighted,10,0.0995222929936305,0,13,None,66,1,5,False,10,10
2403,33,unweighted,10,0.0995222929936305,0,13,None,66,1,5,False,10,10
2404,34,unweighted,10,0.0995222929936305,0,13,None,66,1,5,False,10,10
2405,30,unweighted,10,0.0995222929936305,0,9,None,66,1,5,False,10,10
2406,31,unweighted,10,0.0995222929936305,0,9,None,66,1,5,False,10,10
2407,32,unweighted,10,0.0995222929936305,0,9,None,66,1,5,False,10,10
2408,33,unweighted,10,0.0995222929936305,0,9,None,66,1,5,False,10,10
2409,34,unweighted,10,0.0995222929936305,0,9,None,66,1,5,False,10,10
2410,30,unweighted,10,0.0995222929936305,0,14,None,66,1,5,False,10,10
2411,31,unweighted,10,0.0995222929936305,0,14,None,66,1,5,False,10,10
2412,32,unweighted,10,0.0995222929936305,0,14,None,66,1,5,False,10,10
2413,33,unweighted,10,0.0995222929936305,0,14,None,66,1,5,False,10,10
2414,34,unweighted,10,0.0995222929936305,0,14,None,66,1,5,False,10,10
2415,30,unweighted,10,0.0995222929936305,0,25,None,66,1,5,False,10,10
2416,31,unweighted,10,0.0995222929936305,0,25,None,66,1,5,False,10,10
2417,32,unweighted,10,0.0995222929936305,0,25,None,66,1,5,False,10,10
2418,33,unweighted,10,0.0995222929936305,0,25,None,66,1,5,False,10,10
2419,34,unweighted,10,0.0995222929936305,0,25,None,66,1,5,False,10,10
2420,30,unweighted,10,0.0995222929936305,0,29,None,66,1,5,False,10,10
2421,31,unweighted,10,0.0995222929936305,0,29,None,66,1,5,False,10,10
2422,32,unweighted,10,0.0995222929936305,0,29,None,66,1,5,False,10,10
2423,33,unweighted,10,0.0995222929936305,0,29,None,66,1,5,False,10,10
2424,34,unweighted,10,0.0995222929936305,0,29,None,66,1,5,False,10,10
2425,30,unweighted,10,0.0995222929936305,0,24,None,66,1,5,False,10,10
2426,31,unweighted,10,0.1449044585987261,0,24,None,66,1,5,False,10,10
2427,32,unweighted,10,0.1000199044585987,0,24,None,66,1,5,False,10,10
2428,33,unweighted,10,0.1877985668789809,0,24,None,66,1,5,False,10,10
2429,34,unweighted,10,0.1828224522292993,0,24,None,66,1,5,False,10,10
2430,30,unweighted,10,0.0995222929936305,0,0,None,66,1,5,False,10,10
2431,31,unweighted,10,0.0995222929936305,0,0,None,66,1,5,False,10,10
2432,32,unweighted,10,0.0995222929936305,0,0,None,66,1,5,False,10,10
2433,33,unweighted,10,0.0995222929936305,0,0,None,66,1,5,False,10,10
2434,34,unweighted,10,0.0995222929936305,0,0,None,66,1,5,False,10,10
2435,30,unweighted,10,0.0995222929936305,0,27,None,66,1,5,False,10,10
2436,31,unweighted,10,0.0995222929936305,0,27,None,66,1,5,False,10,10
2437,32,unweighted,10,0.0995222929936305,0,27,None,66,1,5,False,10,10
2438,33,unweighted,10,0.0995222929936305,0,27,None,66,1,5,False,10,10
2439,34,unweighted,10,0.0995222929936305,0,27,None,66,1,5,False,10,10
2440,30,unweighted,10,0.0995222929936305,0,30,None,66,1,5,False,10,10
2441,31,unweighted,10,0.0995222929936305,0,30,None,66,1,5,False,10,10
2442,32,unweighted,10,0.0995222929936305,0,30,None,66,1,5,False,10,10
2443,33,unweighted,10,0.0995222929936305,0,30,None,66,1,5,False,10,10
2444,34,unweighted,10,0.0995222929936305,0,30,None,66,1,5,False,10,10
2445,30,unweighted,10,0.1568471337579617,0,31,None,66,1,5,False,10,10
2446,31,unweighted,10,0.0995222929936305,0,31,None,66,1,5,False,10,10
2447,32,unweighted,10,0.0995222929936305,0,31,None,66,1,5,False,10,10
2448,33,unweighted,10,0.0995222929936305,0,31,None,66,1,5,False,10,10
2449,34,unweighted,10,0.0995222929936305,0,31,None,66,1,5,False,10,10
2450,30,unweighted,10,0.0995222929936305,0,3,None,66,1,5,False,10,10
2451,31,unweighted,10,0.0995222929936305,0,3,None,66,1,5,False,10,10
2452,32,unweighted,10,0.0995222929936305,0,3,None,66,1,5,False,10,10
2453,33,unweighted,10,0.0995222929936305,0,3,None,66,1,5,False,10,10
2454,34,unweighted,10,0.0995222929936305,0,3,None,66,1,5,False,10,10
2455,30,unweighted,10,0.0995222929936305,0,6,None,66,1,5,False,10,10
2456,31,unweighted,10,0.0995222929936305,0,6,None,66,1,5,False,10,10
2457,32,unweighted,10,0.0995222929936305,0,6,None,66,1,5,False,10,10
2458,33,unweighted,10,0.0995222929936305,0,6,None,66,1,5,False,10,10
2459,34,unweighted,10,0.0995222929936305,0,6,None,66,1,5,False,10,10
2460,30,unweighted,10,0.0995222929936305,0,7,None,66,1,5,False,10,10
2461,31,unweighted,10,0.0995222929936305,0,7,None,66,1,5,False,10,10
2462,32,unweighted,10,0.0995222929936305,0,7,None,66,1,5,False,10,10
2463,33,unweighted,10,0.0995222929936305,0,7,None,66,1,5,False,10,10
2464,34,unweighted,10,0.0995222929936305,0,7,None,66,1,5,False,10,10
2465,30,unweighted,10,0.0995222929936305,0,16,None,66,1,5,False,10,10
2466,31,unweighted,10,0.0995222929936305,0,16,None,66,1,5,False,10,10
2467,32,unweighted,10,0.0995222929936305,0,16,None,66,1,5,False,10,10
2468,33,unweighted,10,0.0995222929936305,0,16,None,66,1,5,False,10,10
2469,34,unweighted,10,0.0995222929936305,0,16,None,66,1,5,False,10,10
2470,30,unweighted,10,0.0995222929936305,0,32,None,66,1,5,False,10,10
2471,31,unweighted,10,0.0995222929936305,0,32,None,66,1,5,False,10,10
2472,32,unweighted,10,0.0995222929936305,0,32,None,66,1,5,False,10,10
2473,33,unweighted,10,0.0995222929936305,0,32,None,66,1,5,False,10,10
2474,34,unweighted,10,0.0996218152866242,0,32,None,66,1,5,False,10,10
3630,35,unweighted,10,0.0995222929936305,0,15,None,66,1,5,False,10,10
3631,36,unweighted,10,0.1530652866242038,0,15,None,66,1,5,False,10,10
3632,37,unweighted,10,0.0995222929936305,0,15,None,66,1,5,False,10,10
3633,38,unweighted,10,0.0995222929936305,0,15,None,66,1,5,False,10,10
3634,39,unweighted,10,0.0995222929936305,0,15,None,66,1,5,False,10,10
3635,35,unweighted,10,0.0995222929936305,0,10,None,66,1,5,False,10,10
3636,36,unweighted,10,0.0995222929936305,0,10,None,66,1,5,False,10,10
3637,37,unweighted,10,0.0995222929936305,0,10,None,66,1,5,False,10,10
3638,38,unweighted,10,0.0995222929936305,0,10,None,66,1,5,False,10,10
3639,39,unweighted,10,0.0995222929936305,0,10,None,66,1,5,False,10,10
3640,35,unweighted,10,0.0995222929936305,0,16,None,66,1,5,False,10,10
3641,36,unweighted,10,0.0995222929936305,0,16,None,66,1,5,False,10,10
3642,37,unweighted,10,0.0995222929936305,0,16,None,66,1,5,False,10,10
3643,38,unweighted,10,0.0995222929936305,0,16,None,66,1,5,False,10,10
3644,39,unweighted,10,0.0995222929936305,0,16,None,66,1,5,False,10,10
3645,35,unweighted,10,0.0995222929936305,0,11,None,66,1,5,False,10,10
3646,36,unweighted,10,0.0995222929936305,0,11,None,66,1,5,False,10,10
3647,37,unweighted,10,0.0995222929936305,0,11,None,66,1,5,False,10,10
3648,38,unweighted,10,0.0995222929936305,0,11,None,66,1,5,False,10,10
3649,39,unweighted,10,0.0995222929936305,0,11,None,66,1,5,False,10,10
3650,35,unweighted,10,0.0995222929936305,0,20,None,66,1,5,False,10,10
3651,36,unweighted,10,0.0995222929936305,0,20,None,66,1,5,False,10,10
3652,37,unweighted,10,0.0995222929936305,0,20,None,66,1,5,False,10,10
3653,38,unweighted,10,0.0995222929936305,0,20,None,66,1,5,False,10,10
3654,39,unweighted,10,0.0995222929936305,0,20,None,66,1,5,False,10,10
3655,35,unweighted,10,0.0995222929936305,0,19,None,66,1,5,False,10,10
3656,36,unweighted,10,0.0995222929936305,0,19,None,66,1,5,False,10,10
3657,37,unweighted,10,0.0995222929936305,0,19,None,66,1,5,False,10,10
3658,38,unweighted,10,0.0995222929936305,0,19,None,66,1,5,False,10,10
3659,39,unweighted,10,0.0995222929936305,0,19,None,66,1,5,False,10,10
3660,35,unweighted,10,0.0995222929936305,0,17,None,66,1,5,False,10,10
3661,36,unweighted,10,0.0995222929936305,0,17,None,66,1,5,False,10,10
3662,37,unweighted,10,0.0995222929936305,0,17,None,66,1,5,False,10,10
3663,38,unweighted,10,0.0995222929936305,0,17,None,66,1,5,False,10,10
3664,39,unweighted,10,0.0995222929936305,0,17,None,66,1,5,False,10,10
3665,35,unweighted,10,0.0995222929936305,0,24,None,66,1,5,False,10,10
3666,36,unweighted,10,0.0995222929936305,0,24,None,66,1,5,False,10,10
3667,37,unweighted,10,0.0995222929936305,0,24,None,66,1,5,False,10,10
3668,38,unweighted,10,0.0996218152866242,0,24,None,66,1,5,False,10,10
3669,39,unweighted,10,0.1781449044585987,0,24,None,66,1,5,False,10,10
3670,35,unweighted,10,0.0995222929936305,0,30,None,66,1,5,False,10,10
3671,36,unweighted,10,0.0995222929936305,0,30,None,66,1,5,False,10,10
3672,37,unweighted,10,0.0995222929936305,0,30,None,66,1,5,False,10,10
3673,38,unweighted,10,0.0995222929936305,0,30,None,66,1,5,False,10,10
3674,39,unweighted,10,0.0995222929936305,0,30,None,66,1,5,False,10,10
3675,35,unweighted,10,0.0995222929936305,0,22,None,66,1,5,False,10,10
3676,36,unweighted,10,0.0995222929936305,0,22,None,66,1,5,False,10,10
3677,37,unweighted,10,0.0995222929936305,0,22,None,66,1,5,False,10,10
3678,38,unweighted,10,0.0995222929936305,0,22,None,66,1,5,False,10,10
3679,39,unweighted,10,0.0995222929936305,0,22,None,66,1,5,False,10,10
3680,35,unweighted,10,0.0995222929936305,0,14,None,66,1,5,False,10,10
3681,36,unweighted,10,0.0995222929936305,0,14,None,66,1,5,False,10,10
3682,37,unweighted,10,0.0995222929936305,0,14,None,66,1,5,False,10,10
3683,38,unweighted,10,0.0995222929936305,0,14,None,66,1,5,False,10,10
3684,39,unweighted,10,0.0995222929936305,0,14,None,66,1,5,False,10,10
3685,35,unweighted,10,0.0995222929936305,0,1,None,66,1,5,False,10,10
3686,36,unweighted,10,0.0995222929936305,0,1,None,66,1,5,False,10,10
3687,37,unweighted,10,0.0995222929936305,0,1,None,66,1,5,False,10,10
3688,38,unweighted,10,0.0995222929936305,0,1,None,66,1,5,False,10,10
3689,39,unweighted,10,0.0995222929936305,0,1,None,66,1,5,False,10,10
3690,35,unweighted,10,0.0995222929936305,0,0,None,66,1,5,False,10,10
3691,36,unweighted,10,0.0995222929936305,0,0,None,66,1,5,False,10,10
3692,37,unweighted,10,0.0995222929936305,0,0,None,66,1,5,False,10,10
3693,38,unweighted,10,0.0995222929936305,0,0,None,66,1,5,False,10,10
3694,39,unweighted,10,0.0995222929936305,0,0,None,66,1,5,False,10,10
3695,35,unweighted,10,0.0995222929936305,0,2,None,66,1,5,False,10,10
3696,36,unweighted,10,0.0995222929936305,0,2,None,66,1,5,False,10,10
3697,37,unweighted,10,0.0995222929936305,0,2,None,66,1,5,False,10,10
3698,38,unweighted,10,0.0995222929936305,0,2,None,66,1,5,False,10,10
3699,39,unweighted,10,0.0995222929936305,0,2,None,66,1,5,False,10,10
3700,35,unweighted,10,0.0995222929936305,0,5,None,66,1,5,False,10,10
3701,36,unweighted,10,0.0995222929936305,0,5,None,66,1,5,False,10,10
3702,37,unweighted,10,0.0995222929936305,0,5,None,66,1,5,False,10,10
3703,38,unweighted,10,0.0995222929936305,0,5,None,66,1,5,False,10,10
3704,39,unweighted,10,0.0995222929936305,0,5,None,66,1,5,False,10,10
3705,35,unweighted,10,0.0995222929936305,0,8,None,66,1,5,False,10,10
3706,36,unweighted,10,0.0995222929936305,0,8,None,66,1,5,False,10,10
3707,37,unweighted,10,0.0995222929936305,0,8,None,66,1,5,False,10,10
3708,38,unweighted,10,0.0995222929936305,0,8,None,66,1,5,False,10,10
3709,39,unweighted,10,0.0995222929936305,0,8,None,66,1,5,False,10,10
3710,35,unweighted,10,0.0995222929936305,0,9,None,66,1,5,False,10,10
3711,36,unweighted,10,0.0995222929936305,0,9,None,66,1,5,False,10,10
3712,37,unweighted,10,0.0995222929936305,0,9,None,66,1,5,False,10,10
3713,38,unweighted,10,0.0995222929936305,0,9,None,66,1,5,False,10,10
3714,39,unweighted,10,0.0995222929936305,0,9,None,66,1,5,False,10,10
3715,35,unweighted,10,0.0995222929936305,0,21,None,66,1,5,False,10,10
3716,36,unweighted,10,0.0995222929936305,0,21,None,66,1,5,False,10,10
3717,37,unweighted,10,0.0995222929936305,0,21,None,66,1,5,False,10,10
3718,38,unweighted,10,0.0995222929936305,0,21,None,66,1,5,False,10,10
3719,39,unweighted,10,0.0995222929936305,0,21,None,66,1,5,False,10,10
3720,35,unweighted,10,0.0995222929936305,0,23,None,66,1,5,False,10,10
3721,36,unweighted,10,0.0995222929936305,0,23,None,66,1,5,False,10,10
3722,37,unweighted,10,0.0995222929936305,0,23,None,66,1,5,False,10,10
3723,38,unweighted,10,0.0995222929936305,0,23,None,66,1,5,False,10,10
3724,39,unweighted,10,0.0995222929936305,0,23,None,66,1,5,False,10,10
3725,35,unweighted,10,0.0995222929936305,0,28,None,66,1,5,False,10,10
3726,36,unweighted,10,0.0995222929936305,0,28,None,66,1,5,False,10,10
3727,37,unweighted,10,0.0995222929936305,0,28,None,66,1,5,False,10,10
3728,38,unweighted,10,0.0995222929936305,0,28,None,66,1,5,False,10,10
3729,39,unweighted,10,0.0995222929936305,0,28,None,66,1,5,False,10,10
3730,35,unweighted,10,0.0995222929936305,0,29,None,66,1,5,False,10,10
3731,36,unweighted,10,0.0995222929936305,0,29,None,66,1,5,False,10,10
3732,37,unweighted,10,0.0995222929936305,0,29,None,66,1,5,False,10,10
3733,38,unweighted,10,0.0995222929936305,0,29,None,66,1,5,False,10,10
3734,39,unweighted,10,0.0995222929936305,0,29,None,66,1,5,False,10,10
3735,35,unweighted,10,0.0995222929936305,0,6,None,66,1,5,False,10,10
3736,36,unweighted,10,0.0995222929936305,0,6,None,66,1,5,False,10,10
3737,37,unweighted,10,0.0995222929936305,0,6,None,66,1,5,False,10,10
3738,38,unweighted,10,0.0995222929936305,0,6,None,66,1,5,False,10,10
3739,39,unweighted,10,0.0995222929936305,0,6,None,66,1,5,False,10,10
3740,35,unweighted,10,0.0995222929936305,0,3,None,66,1,5,False,10,10
3741,36,unweighted,10,0.0995222929936305,0,3,None,66,1,5,False,10,10
3742,37,unweighted,10,0.0995222929936305,0,3,None,66,1,5,False,10,10
3743,38,unweighted,10,0.0995222929936305,0,3,None,66,1,5,False,10,10
3744,39,unweighted,10,0.0995222929936305,0,3,None,66,1,5,False,10,10
3745,35,unweighted,10,0.0995222929936305,0,12,None,66,1,5,False,10,10
3746,36,unweighted,10,0.0995222929936305,0,12,None,66,1,5,False,10,10
3747,37,unweighted,10,0.0995222929936305,0,12,None,66,1,5,False,10,10
3748,38,unweighted,10,0.0995222929936305,0,12,None,66,1,5,False,10,10
3749,39,unweighted,10,0.0995222929936305,0,12,None,66,1,5,False,10,10
3750,35,unweighted,10,0.0995222929936305,0,25,None,66,1,5,False,10,10
3751,36,unweighted,10,0.0995222929936305,0,25,None,66,1,5,False,10,10
3752,37,unweighted,10,0.0995222929936305,0,25,None,66,1,5,False,10,10
3753,38,unweighted,10,0.0995222929936305,0,25,None,66,1,5,False,10,10
3754,39,unweighted,10,0.0995222929936305,0,25,None,66,1,5,False,10,10
3755,35,unweighted,10,0.0995222929936305,0,13,None,66,1,5,False,10,10
3756,36,unweighted,10,0.0995222929936305,0,13,None,66,1,5,False,10,10
3757,37,unweighted,10,0.0995222929936305,0,13,None,66,1,5,False,10,10
3758,38,unweighted,10,0.0995222929936305,0,13,None,66,1,5,False,10,10
3759,39,unweighted,10,0.0995222929936305,0,13,None,66,1,5,False,10,10
3760,35,unweighted,10,0.0995222929936305,0,26,None,66,1,5,False,10,10
3761,36,unweighted,10,0.1774482484076433,0,26,None,66,1,5,False,10,10
3762,37,unweighted,10,0.0998208598726114,0,26,None,66,1,5,False,10,10
3763,38,unweighted,10,0.1574442675159235,0,26,None,66,1,5,False,10,10
3764,39,unweighted,10,0.0995222929936305,0,26,None,66,1,5,False,10,10
3765,35,unweighted,10,0.0995222929936305,0,27,None,66,1,5,False,10,10
3766,36,unweighted,10,0.0995222929936305,0,27,None,66,1,5,False,10,10
3767,37,unweighted,10,0.0995222929936305,0,27,None,66,1,5,False,10,10
3768,38,unweighted,10,0.0995222929936305,0,27,None,66,1,5,False,10,10
3769,39,unweighted,10,0.0995222929936305,0,27,None,66,1,5,False,10,10
3770,35,unweighted,10,0.0995222929936305,0,18,None,66,1,5,False,10,10
3771,36,unweighted,10,0.0995222929936305,0,18,None,66,1,5,False,10,10
3772,37,unweighted,10,0.0995222929936305,0,18,None,66,1,5,False,10,10
3773,38,unweighted,10,0.1003184713375796,0,18,None,66,1,5,False,10,10
3774,39,unweighted,10,0.1713773885350318,0,18,None,66,1,5,False,10,10
3775,35,unweighted,10,0.0995222929936305,0,31,None,66,1,5,False,10,10
3776,36,unweighted,10,0.0995222929936305,0,31,None,66,1,5,False,10,10
3777,37,unweighted,10,0.0995222929936305,0,31,None,66,1,5,False,10,10
3778,38,unweighted,10,0.0995222929936305,0,31,None,66,1,5,False,10,10
3779,39,unweighted,10,0.0995222929936305,0,31,None,66,1,5,False,10,10
3780,35,unweighted,10,0.0995222929936305,0,7,None,66,1,5,False,10,10
3781,36,unweighted,10,0.0995222929936305,0,7,None,66,1,5,False,10,10
3782,37,unweighted,10,0.0995222929936305,0,7,None,66,1,5,False,10,10
3783,38,unweighted,10,0.0995222929936305,0,7,None,66,1,5,False,10,10
3784,39,unweighted,10,0.0995222929936305,0,7,None,66,1,5,False,10,10
3785,35,unweighted,10,0.0995222929936305,0,32,None,66,1,5,False,10,10
3786,36,unweighted,10,0.0995222929936305,0,32,None,66,1,5,False,10,10
3787,37,unweighted,10,0.1547571656050955,0,32,None,66,1,5,False,10,10
3788,38,unweighted,10,0.0995222929936305,0,32,None,66,1,5,False,10,10
3789,39,unweighted,10,0.0995222929936305,0,32,None,66,1,5,False,10,10
3790,35,unweighted,10,0.0995222929936305,0,4,None,66,1,5,False,10,10
3791,36,unweighted,10,0.0995222929936305,0,4,None,66,1,5,False,10,10
3792,37,unweighted,10,0.0995222929936305,0,4,None,66,1,5,False,10,10
3793,38,unweighted,10,0.0995222929936305,0,4,None,66,1,5,False,10,10
3794,39,unweighted,10,0.0995222929936305,0,4,None,66,1,5,False,10,10
3795,40,unweighted,10,0.0995222929936305,0,25,None,66,1,5,False,10,10
3796,41,unweighted,10,0.0995222929936305,0,25,None,66,1,5,False,10,10
3797,42,unweighted,10,0.0995222929936305,0,25,None,66,1,5,False,10,10
3798,43,unweighted,10,0.0995222929936305,0,25,None,66,1,5,False,10,10
3799,44,unweighted,10,0.0995222929936305,0,25,None,66,1,5,False,10,10
3800,40,unweighted,10,0.0995222929936305,0,17,None,66,1,5,False,10,10
3801,41,unweighted,10,0.0995222929936305,0,17,None,66,1,5,False,10,10
3802,42,unweighted,10,0.0995222929936305,0,17,None,66,1,5,False,10,10
3803,43,unweighted,10,0.0995222929936305,0,17,None,66,1,5,False,10,10
3804,44,unweighted,10,0.110967356687898,0,17,None,66,1,5,False,10,10
3805,40,unweighted,10,0.0995222929936305,0,24,None,66,1,5,False,10,10
3806,41,unweighted,10,0.0995222929936305,0,24,None,66,1,5,False,10,10
3807,42,unweighted,10,0.0995222929936305,0,24,None,66,1,5,False,10,10
3808,43,unweighted,10,0.0995222929936305,0,24,None,66,1,5,False,10,10
3809,44,unweighted,10,0.0995222929936305,0,24,None,66,1,5,False,10,10
3810,40,unweighted,10,0.0995222929936305,0,31,None,66,1,5,False,10,10
3811,41,unweighted,10,0.0995222929936305,0,31,None,66,1,5,False,10,10
3812,42,unweighted,10,0.0995222929936305,0,31,None,66,1,5,False,10,10
3813,43,unweighted,10,0.0995222929936305,0,31,None,66,1,5,False,10,10
3814,44,unweighted,10,0.0995222929936305,0,31,None,66,1,5,False,10,10
3815,40,unweighted,10,0.0995222929936305,0,30,None,66,1,5,False,10,10
3816,41,unweighted,10,0.0995222929936305,0,30,None,66,1,5,False,10,10
3817,42,unweighted,10,0.0995222929936305,0,30,None,66,1,5,False,10,10
3818,43,unweighted,10,0.0995222929936305,0,30,None,66,1,5,False,10,10
3819,44,unweighted,10,0.0995222929936305,0,30,None,66,1,5,False,10,10
3820,40,unweighted,10,0.0995222929936305,0,7,None,66,1,5,False,10,10
3821,41,unweighted,10,0.0995222929936305,0,7,None,66,1,5,False,10,10
3822,42,unweighted,10,0.0995222929936305,0,7,None,66,1,5,False,10,10
3823,43,unweighted,10,0.0995222929936305,0,7,None,66,1,5,False,10,10
3824,44,unweighted,10,0.0995222929936305,0,7,None,66,1,5,False,10,10
3825,40,unweighted,10,0.0995222929936305,0,32,None,66,1,5,False,10,10
3826,41,unweighted,10,0.0995222929936305,0,32,None,66,1,5,False,10,10
3827,42,unweighted,10,0.0995222929936305,0,32,None,66,1,5,False,10,10
3828,43,unweighted,10,0.0995222929936305,0,32,None,66,1,5,False,10,10
3829,44,unweighted,10,0.1530652866242038,0,32,None,66,1,5,False,10,10
3830,40,unweighted,10,0.0995222929936305,0,10,None,66,1,5,False,10,10
3831,41,unweighted,10,0.0995222929936305,0,10,None,66,1,5,False,10,10
3832,42,unweighted,10,0.0995222929936305,0,10,None,66,1,5,False,10,10
3833,43,unweighted,10,0.0995222929936305,0,10,None,66,1,5,False,10,10
3834,44,unweighted,10,0.0995222929936305,0,10,None,66,1,5,False,10,10
3835,40,unweighted,10,0.0995222929936305,0,11,None,66,1,5,False,10,10
3836,41,unweighted,10,0.0995222929936305,0,11,None,66,1,5,False,10,10
3837,42,unweighted,10,0.0995222929936305,0,11,None,66,1,5,False,10,10
3838,43,unweighted,10,0.0995222929936305,0,11,None,66,1,5,False,10,10
3839,44,unweighted,10,0.0995222929936305,0,11,None,66,1,5,False,10,10
3840,40,unweighted,10,0.0995222929936305,0,15,None,66,1,5,False,10,10
3841,41,unweighted,10,0.0995222929936305,0,15,None,66,1,5,False,10,10
3842,42,unweighted,10,0.0995222929936305,0,15,None,66,1,5,False,10,10
3843,43,unweighted,10,0.1610270700636942,0,15,None,66,1,5,False,10,10
3844,44,unweighted,10,0.0995222929936305,0,15,None,66,1,5,False,10,10
3845,40,unweighted,10,0.0995222929936305,0,1,None,66,1,5,False,10,10
3846,41,unweighted,10,0.0995222929936305,0,1,None,66,1,5,False,10,10
3847,42,unweighted,10,0.0995222929936305,0,1,None,66,1,5,False,10,10
3848,43,unweighted,10,0.0995222929936305,0,1,None,66,1,5,False,10,10
3849,44,unweighted,10,0.0995222929936305,0,1,None,66,1,5,False,10,10
3850,40,unweighted,10,0.0995222929936305,0,2,None,66,1,5,False,10,10
3851,41,unweighted,10,0.0995222929936305,0,2,None,66,1,5,False,10,10
3852,42,unweighted,10,0.0995222929936305,0,2,None,66,1,5,False,10,10
3853,43,unweighted,10,0.0995222929936305,0,2,None,66,1,5,False,10,10
3854,44,unweighted,10,0.0995222929936305,0,2,None,66,1,5,False,10,10
3855,40,unweighted,10,0.0995222929936305,0,13,None,66,1,5,False,10,10
3856,41,unweighted,10,0.0995222929936305,0,13,None,66,1,5,False,10,10
3857,42,unweighted,10,0.0995222929936305,0,13,None,66,1,5,False,10,10
3858,43,unweighted,10,0.0995222929936305,0,13,None,66,1,5,False,10,10
3859,44,unweighted,10,0.0995222929936305,0,13,None,66,1,5,False,10,10
3860,40,unweighted,10,0.0995222929936305,0,9,None,66,1,5,False,10,10
3861,41,unweighted,10,0.1186305732484076,0,9,None,66,1,5,False,10,10
3862,42,unweighted,10,0.0995222929936305,0,9,None,66,1,5,False,10,10
3863,43,unweighted,10,0.0995222929936305,0,9,None,66,1,5,False,10,10
3864,44,unweighted,10,0.0995222929936305,0,9,None,66,1,5,False,10,10
3865,40,unweighted,10,0.0995222929936305,0,21,None,66,1,5,False,10,10
3866,41,unweighted,10,0.0995222929936305,0,21,None,66,1,5,False,10,10
3867,42,unweighted,10,0.0995222929936305,0,21,None,66,1,5,False,10,10
3868,43,unweighted,10,0.0995222929936305,0,21,None,66,1,5,False,10,10
3869,44,unweighted,10,0.0995222929936305,0,21,None,66,1,5,False,10,10
3870,40,unweighted,10,0.0995222929936305,0,28,None,66,1,5,False,10,10
3871,41,unweighted,10,0.0995222929936305,0,28,None,66,1,5,False,10,10
3872,42,unweighted,10,0.0995222929936305,0,28,None,66,1,5,False,10,10
3873,43,unweighted,10,0.0995222929936305,0,28,None,66,1,5,False,10,10
3874,44,unweighted,10,0.0995222929936305,0,28,None,66,1,5,False,10,10
3875,40,unweighted,10,0.0995222929936305,0,27,None,66,1,5,False,10,10
3876,41,unweighted,10,0.0995222929936305,0,27,None,66,1,5,False,10,10
3877,42,unweighted,10,0.0995222929936305,0,27,None,66,1,5,False,10,10
3878,43,unweighted,10,0.0995222929936305,0,27,None,66,1,5,False,10,10
3879,44,unweighted,10,0.0995222929936305,0,27,None,66,1,5,False,10,10
3880,40,unweighted,10,0.0995222929936305,0,29,None,66,1,5,False,10,10
3881,41,unweighted,10,0.0995222929936305,0,29,None,66,1,5,False,10,10
3882,42,unweighted,10,0.0995222929936305,0,29,None,66,1,5,False,10,10
3883,43,unweighted,10,0.0995222929936305,0,29,None,66,1,5,False,10,10
3884,44,unweighted,10,0.0995222929936305,0,29,None,66,1,5,False,10,10
3885,40,unweighted,10,0.0995222929936305,0,20,None,66,1,5,False,10,10
3886,41,unweighted,10,0.0995222929936305,0,20,None,66,1,5,False,10,10
3887,42,unweighted,10,0.0995222929936305,0,20,None,66,1,5,False,10,10
3888,43,unweighted,10,0.0995222929936305,0,20,None,66,1,5,False,10,10
3889,44,unweighted,10,0.0995222929936305,0,20,None,66,1,5,False,10,10
3890,40,unweighted,10,0.0995222929936305,0,14,None,66,1,5,False,10,10
3891,41,unweighted,10,0.0995222929936305,0,14,None,66,1,5,False,10,10
3892,42,unweighted,10,0.0995222929936305,0,14,None,66,1,5,False,10,10
3893,43,unweighted,10,0.0995222929936305,0,14,None,66,1,5,False,10,10
3894,44,unweighted,10,0.0995222929936305,0,14,None,66,1,5,False,10,10
3895,40,unweighted,10,0.0995222929936305,0,22,None,66,1,5,False,10,10
3896,41,unweighted,10,0.0995222929936305,0,22,None,66,1,5,False,10,10
3897,42,unweighted,10,0.0995222929936305,0,22,None,66,1,5,False,10,10
3898,43,unweighted,10,0.0995222929936305,0,22,None,66,1,5,False,10,10
3899,44,unweighted,10,0.0995222929936305,0,22,None,66,1,5,False,10,10
3900,40,unweighted,10,0.1030055732484076,0,23,None,66,1,5,False,10,10
3901,41,unweighted,10,0.1053941082802547,0,23,None,66,1,5,False,10,10
3902,42,unweighted,10,0.0995222929936305,0,23,None,66,1,5,False,10,10
3903,43,unweighted,10,0.0995222929936305,0,23,None,66,1,5,False,10,10
3904,44,unweighted,10,0.0995222929936305,0,23,None,66,1,5,False,10,10
3905,40,unweighted,10,0.0995222929936305,0,12,None,66,1,5,False,10,10
3906,41,unweighted,10,0.0995222929936305,0,12,None,66,1,5,False,10,10
3907,42,unweighted,10,0.0995222929936305,0,12,None,66,1,5,False,10,10
3908,43,unweighted,10,0.0995222929936305,0,12,None,66,1,5,False,10,10
3909,44,unweighted,10,0.0995222929936305,0,12,None,66,1,5,False,10,10
3910,40,unweighted,10,0.0995222929936305,0,26,None,66,1,5,False,10,10
3911,41,unweighted,10,0.0995222929936305,0,26,None,66,1,5,False,10,10
3912,42,unweighted,10,0.0995222929936305,0,26,None,66,1,5,False,10,10
3913,43,unweighted,10,0.1061902866242038,0,26,None,66,1,5,False,10,10
3914,44,unweighted,10,0.1871019108280254,0,26,None,66,1,5,False,10,10
3915,40,unweighted,10,0.0995222929936305,0,5,None,66,1,5,False,10,10
3916,41,unweighted,10,0.0995222929936305,0,5,None,66,1,5,False,10,10
3917,42,unweighted,10,0.0995222929936305,0,5,None,66,1,5,False,10,10
3918,43,unweighted,10,0.0995222929936305,0,5,None,66,1,5,False,10,10
3919,44,unweighted,10,0.0995222929936305,0,5,None,66,1,5,False,10,10
3920,40,unweighted,10,0.0995222929936305,0,3,None,66,1,5,False,10,10
3921,41,unweighted,10,0.0995222929936305,0,3,None,66,1,5,False,10,10
3922,42,unweighted,10,0.0995222929936305,0,3,None,66,1,5,False,10,10
3923,43,unweighted,10,0.0995222929936305,0,3,None,66,1,5,False,10,10
3924,44,unweighted,10,0.0995222929936305,0,3,None,66,1,5,False,10,10
3925,40,unweighted,10,0.0995222929936305,0,6,None,66,1,5,False,10,10
3926,41,unweighted,10,0.0995222929936305,0,6,None,66,1,5,False,10,10
3927,42,unweighted,10,0.0995222929936305,0,6,None,66,1,5,False,10,10
3928,43,unweighted,10,0.0995222929936305,0,6,None,66,1,5,False,10,10
3929,44,unweighted,10,0.0995222929936305,0,6,None,66,1,5,False,10,10
3930,40,unweighted,10,0.0995222929936305,0,4,None,66,1,5,False,10,10
3931,41,unweighted,10,0.0995222929936305,0,4,None,66,1,5,False,10,10
3932,42,unweighted,10,0.0995222929936305,0,4,None,66,1,5,False,10,10
3933,43,unweighted,10,0.0995222929936305,0,4,None,66,1,5,False,10,10
3934,44,unweighted,10,0.0995222929936305,0,4,None,66,1,5,False,10,10
3935,40,unweighted,10,0.0995222929936305,0,0,None,66,1,5,False,10,10
3936,41,unweighted,10,0.0995222929936305,0,0,None,66,1,5,False,10,10
3937,42,unweighted,10,0.0995222929936305,0,0,None,66,1,5,False,10,10
3938,43,unweighted,10,0.0995222929936305,0,0,None,66,1,5,False,10,10
3939,44,unweighted,10,0.0995222929936305,0,0,None,66,1,5,False,10,10
3940,40,unweighted,10,0.0995222929936305,0,16,None,66,1,5,False,10,10
3941,41,unweighted,10,0.0995222929936305,0,16,None,66,1,5,False,10,10
3942,42,unweighted,10,0.0995222929936305,0,16,None,66,1,5,False,10,10
3943,43,unweighted,10,0.0995222929936305,0,16,None,66,1,5,False,10,10
3944,44,unweighted,10,0.0995222929936305,0,16,None,66,1,5,False,10,10
3945,40,unweighted,10,0.0995222929936305,0,8,None,66,1,5,False,10,10
3946,41,unweighted,10,0.0995222929936305,0,8,None,66,1,5,False,10,10
3947,42,unweighted,10,0.0995222929936305,0,8,None,66,1,5,False,10,10
3948,43,unweighted,10,0.0995222929936305,0,8,None,66,1,5,False,10,10
3949,44,unweighted,10,0.0995222929936305,0,8,None,66,1,5,False,10,10
3950,40,unweighted,10,0.0995222929936305,0,19,None,66,1,5,False,10,10
3951,41,unweighted,10,0.0995222929936305,0,19,None,66,1,5,False,10,10
3952,42,unweighted,10,0.0995222929936305,0,19,None,66,1,5,False,10,10
3953,43,unweighted,10,0.0995222929936305,0,19,None,66,1,5,False,10,10
3954,44,unweighted,10,0.0995222929936305,0,19,None,66,1,5,False,10,10
3955,40,unweighted,10,0.0995222929936305,0,18,None,66,1,5,False,10,10
3956,41,unweighted,10,0.0995222929936305,0,18,None,66,1,5,False,10,10
3957,42,unweighted,10,0.0995222929936305,0,18,None,66,1,5,False,10,10
3958,43,unweighted,10,0.0995222929936305,0,18,None,66,1,5,False,10,10
3959,44,unweighted,10,0.0995222929936305,0,18,None,66,1,5,False,10,10
5445,45,unweighted,10,0.0995222929936305,0,1,None,66,1,5,False,10,10
5446,46,unweighted,10,0.0995222929936305,0,1,None,66,1,5,False,10,10
5447,47,unweighted,10,0.0995222929936305,0,1,None,66,1,5,False,10,10
5448,48,unweighted,10,0.0995222929936305,0,1,None,66,1,5,False,10,10
5449,49,unweighted,10,0.0995222929936305,0,1,None,66,1,5,False,10,10
5450,45,unweighted,10,0.0995222929936305,0,2,None,66,1,5,False,10,10
5451,46,unweighted,10,0.0995222929936305,0,2,None,66,1,5,False,10,10
5452,47,unweighted,10,0.0995222929936305,0,2,None,66,1,5,False,10,10
5453,48,unweighted,10,0.0995222929936305,0,2,None,66,1,5,False,10,10
5454,49,unweighted,10,0.0995222929936305,0,2,None,66,1,5,False,10,10
5455,45,unweighted,10,0.0995222929936305,0,13,None,66,1,5,False,10,10
5456,46,unweighted,10,0.0995222929936305,0,13,None,66,1,5,False,10,10
5457,47,unweighted,10,0.0995222929936305,0,13,None,66,1,5,False,10,10
5458,48,unweighted,10,0.0995222929936305,0,13,None,66,1,5,False,10,10
5459,49,unweighted,10,0.0995222929936305,0,13,None,66,1,5,False,10,10
5460,45,unweighted,10,0.175358280254777,0,15,None,66,1,5,False,10,10
5461,46,unweighted,10,0.0995222929936305,0,15,None,66,1,5,False,10,10
5462,47,unweighted,10,0.0995222929936305,0,15,None,66,1,5,False,10,10
5463,48,unweighted,10,0.0995222929936305,0,15,None,66,1,5,False,10,10
5464,49,unweighted,10,0.0995222929936305,0,15,None,66,1,5,False,10,10
5465,45,unweighted,10,0.0995222929936305,0,16,None,66,1,5,False,10,10
5466,46,unweighted,10,0.0995222929936305,0,16,None,66,1,5,False,10,10
5467,47,unweighted,10,0.0995222929936305,0,16,None,66,1,5,False,10,10
5468,48,unweighted,10,0.0995222929936305,0,16,None,66,1,5,False,10,10
5469,49,unweighted,10,0.0995222929936305,0,16,None,66,1,5,False,10,10
5470,45,unweighted,10,0.0995222929936305,0,11,None,66,1,5,False,10,10
5471,46,unweighted,10,0.0995222929936305,0,11,None,66,1,5,False,10,10
5472,47,unweighted,10,0.0995222929936305,0,11,None,66,1,5,False,10,10
5473,48,unweighted,10,0.0995222929936305,0,11,None,66,1,5,False,10,10
5474,49,unweighted,10,0.0995222929936305,0,11,None,66,1,5,False,10,10
5475,45,unweighted,10,0.0995222929936305,0,19,None,66,1,5,False,10,10
5476,46,unweighted,10,0.0995222929936305,0,19,None,66,1,5,False,10,10
5477,47,unweighted,10,0.0995222929936305,0,19,None,66,1,5,False,10,10
5478,48,unweighted,10,0.0995222929936305,0,19,None,66,1,5,False,10,10
5479,49,unweighted,10,0.0995222929936305,0,19,None,66,1,5,False,10,10
5480,45,unweighted,10,0.0995222929936305,0,14,None,66,1,5,False,10,10
5481,46,unweighted,10,0.0995222929936305,0,14,None,66,1,5,False,10,10
5482,47,unweighted,10,0.0995222929936305,0,14,None,66,1,5,False,10,10
5483,48,unweighted,10,0.0995222929936305,0,14,None,66,1,5,False,10,10
5484,49,unweighted,10,0.0995222929936305,0,14,None,66,1,5,False,10,10
5485,45,unweighted,10,0.0995222929936305,0,26,None,66,1,5,False,10,10
5486,46,unweighted,10,0.0995222929936305,0,26,None,66,1,5,False,10,10
5487,47,unweighted,10,0.1628184713375796,0,26,None,66,1,5,False,10,10
5488,48,unweighted,10,0.1650079617834395,0,26,None,66,1,5,False,10,10
5489,49,unweighted,10,0.122014331210191,0,26,None,66,1,5,False,10,10
5490,45,unweighted,10,0.1027070063694267,0,28,None,66,1,5,False,10,10
5491,46,unweighted,10,0.0995222929936305,0,28,None,66,1,5,False,10,10
5492,47,unweighted,10,0.0995222929936305,0,28,None,66,1,5,False,10,10
5493,48,unweighted,10,0.0995222929936305,0,28,None,66,1,5,False,10,10
5494,49,unweighted,10,0.0995222929936305,0,28,None,66,1,5,False,10,10
5495,45,unweighted,10,0.0995222929936305,0,29,None,66,1,5,False,10,10
5496,46,unweighted,10,0.0995222929936305,0,29,None,66,1,5,False,10,10
5497,47,unweighted,10,0.0995222929936305,0,29,None,66,1,5,False,10,10
5498,48,unweighted,10,0.0995222929936305,0,29,None,66,1,5,False,10,10
5499,49,unweighted,10,0.0995222929936305,0,29,None,66,1,5,False,10,10
5500,45,unweighted,10,0.0995222929936305,0,30,None,66,1,5,False,10,10
5501,46,unweighted,10,0.0995222929936305,0,30,None,66,1,5,False,10,10
5502,47,unweighted,10,0.0995222929936305,0,30,None,66,1,5,False,10,10
5503,48,unweighted,10,0.0995222929936305,0,30,None,66,1,5,False,10,10
5504,49,unweighted,10,0.0995222929936305,0,30,None,66,1,5,False,10,10
5505,45,unweighted,10,0.0995222929936305,0,31,None,66,1,5,False,10,10
5506,46,unweighted,10,0.0995222929936305,0,31,None,66,1,5,False,10,10
5507,47,unweighted,10,0.0995222929936305,0,31,None,66,1,5,False,10,10
5508,48,unweighted,10,0.0995222929936305,0,31,None,66,1,5,False,10,10
5509,49,unweighted,10,0.0995222929936305,0,31,None,66,1,5,False,10,10
5510,45,unweighted,10,0.1453025477707006,0,18,None,66,1,5,False,10,10
5511,46,unweighted,10,0.1032046178343949,0,18,None,66,1,5,False,10,10
5512,47,unweighted,10,0.0995222929936305,0,18,None,66,1,5,False,10,10
5513,48,unweighted,10,0.0995222929936305,0,18,None,66,1,5,False,10,10
5514,49,unweighted,10,0.0995222929936305,0,18,None,66,1,5,False,10,10
5515,45,unweighted,10,0.0995222929936305,0,7,None,66,1,5,False,10,10
5516,46,unweighted,10,0.0995222929936305,0,7,None,66,1,5,False,10,10
5517,47,unweighted,10,0.0995222929936305,0,7,None,66,1,5,False,10,10
5518,48,unweighted,10,0.0995222929936305,0,7,None,66,1,5,False,10,10
5519,49,unweighted,10,0.0995222929936305,0,7,None,66,1,5,False,10,10
5520,45,unweighted,10,0.0995222929936305,0,8,None,66,1,5,False,10,10
5521,46,unweighted,10,0.0995222929936305,0,8,None,66,1,5,False,10,10
5522,47,unweighted,10,0.0995222929936305,0,8,None,66,1,5,False,10,10
5523,48,unweighted,10,0.0995222929936305,0,8,None,66,1,5,False,10,10
5524,49,unweighted,10,0.0995222929936305,0,8,None,66,1,5,False,10,10
5525,45,unweighted,10,0.0995222929936305,0,4,None,66,1,5,False,10,10
5526,46,unweighted,10,0.0995222929936305,0,4,None,66,1,5,False,10,10
5527,47,unweighted,10,0.0995222929936305,0,4,None,66,1,5,False,10,10
5528,48,unweighted,10,0.0995222929936305,0,4,None,66,1,5,False,10,10
5529,49,unweighted,10,0.0995222929936305,0,4,None,66,1,5,False,10,10
5530,45,unweighted,10,0.0995222929936305,0,10,None,66,1,5,False,10,10
5531,46,unweighted,10,0.0995222929936305,0,10,None,66,1,5,False,10,10
5532,47,unweighted,10,0.0995222929936305,0,10,None,66,1,5,False,10,10
5533,48,unweighted,10,0.0995222929936305,0,10,None,66,1,5,False,10,10
5534,49,unweighted,10,0.0995222929936305,0,10,None,66,1,5,False,10,10
5535,45,unweighted,10,0.0995222929936305,0,20,None,66,1,5,False,10,10
5536,46,unweighted,10,0.0995222929936305,0,20,None,66,1,5,False,10,10
5537,47,unweighted,10,0.0995222929936305,0,20,None,66,1,5,False,10,10
5538,48,unweighted,10,0.0995222929936305,0,20,None,66,1,5,False,10,10
5539,49,unweighted,10,0.0995222929936305,0,20,None,66,1,5,False,10,10
5540,45,unweighted,10,0.0995222929936305,0,22,None,66,1,5,False,10,10
5541,46,unweighted,10,0.0995222929936305,0,22,None,66,1,5,False,10,10
5542,47,unweighted,10,0.0995222929936305,0,22,None,66,1,5,False,10,10
5543,48,unweighted,10,0.0995222929936305,0,22,None,66,1,5,False,10,10
5544,49,unweighted,10,0.0995222929936305,0,22,None,66,1,5,False,10,10
5545,45,unweighted,10,0.1021098726114649,0,23,None,66,1,5,False,10,10
5546,46,unweighted,10,0.0995222929936305,0,23,None,66,1,5,False,10,10
5547,47,unweighted,10,0.0995222929936305,0,23,None,66,1,5,False,10,10
5548,48,unweighted,10,0.0995222929936305,0,23,None,66,1,5,False,10,10
5549,49,unweighted,10,0.0995222929936305,0,23,None,66,1,5,False,10,10
5550,45,unweighted,10,0.0995222929936305,0,32,None,66,1,5,False,10,10
5551,46,unweighted,10,0.0995222929936305,0,32,None,66,1,5,False,10,10
5552,47,unweighted,10,0.0995222929936305,0,32,None,66,1,5,False,10,10
5553,48,unweighted,10,0.0995222929936305,0,32,None,66,1,5,False,10,10
5554,49,unweighted,10,0.0995222929936305,0,32,None,66,1,5,False,10,10
5555,45,unweighted,10,0.0995222929936305,0,0,None,66,1,5,False,10,10
5556,46,unweighted,10,0.1684912420382165,0,0,None,66,1,5,False,10,10
5557,47,unweighted,10,0.0995222929936305,0,0,None,66,1,5,False,10,10
5558,48,unweighted,10,0.0995222929936305,0,0,None,66,1,5,False,10,10
5559,49,unweighted,10,0.0995222929936305,0,0,None,66,1,5,False,10,10
5560,45,unweighted,10,0.0995222929936305,0,3,None,66,1,5,False,10,10
5561,46,unweighted,10,0.0995222929936305,0,3,None,66,1,5,False,10,10
5562,47,unweighted,10,0.0995222929936305,0,3,None,66,1,5,False,10,10
5563,48,unweighted,10,0.0995222929936305,0,3,None,66,1,5,False,10,10
5564,49,unweighted,10,0.0995222929936305,0,3,None,66,1,5,False,10,10
5565,45,unweighted,10,0.0995222929936305,0,5,None,66,1,5,False,10,10
5566,46,unweighted,10,0.0995222929936305,0,5,None,66,1,5,False,10,10
5567,47,unweighted,10,0.0995222929936305,0,5,None,66,1,5,False,10,10
5568,48,unweighted,10,0.0995222929936305,0,5,None,66,1,5,False,10,10
5569,49,unweighted,10,0.0995222929936305,0,5,None,66,1,5,False,10,10
5570,45,unweighted,10,0.0995222929936305,0,6,None,66,1,5,False,10,10
5571,46,unweighted,10,0.0995222929936305,0,6,None,66,1,5,False,10,10
5572,47,unweighted,10,0.0995222929936305,0,6,None,66,1,5,False,10,10
5573,48,unweighted,10,0.0995222929936305,0,6,None,66,1,5,False,10,10
5574,49,unweighted,10,0.0995222929936305,0,6,None,66,1,5,False,10,10
5575,45,unweighted,10,0.0995222929936305,0,17,None,66,1,5,False,10,10
5576,46,unweighted,10,0.0995222929936305,0,17,None,66,1,5,False,10,10
5577,47,unweighted,10,0.0995222929936305,0,17,None,66,1,5,False,10,10
5578,48,unweighted,10,0.0995222929936305,0,17,None,66,1,5,False,10,10
5579,49,unweighted,10,0.1141520700636942,0,17,None,66,1,5,False,10,10
5580,45,unweighted,10,0.0995222929936305,0,21,None,66,1,5,False,10,10
5581,46,unweighted,10,0.0995222929936305,0,21,None,66,1,5,False,10,10
5582,47,unweighted,10,0.0995222929936305,0,21,None,66,1,5,False,10,10
5583,48,unweighted,10,0.0995222929936305,0,21,None,66,1,5,False,10,10
5584,49,unweighted,10,0.0995222929936305,0,21,None,66,1,5,False,10,10
5585,45,unweighted,10,0.0995222929936305,0,24,None,66,1,5,False,10,10
5586,46,unweighted,10,0.0995222929936305,0,24,None,66,1,5,False,10,10
5587,47,unweighted,10,0.0995222929936305,0,24,None,66,1,5,False,10,10
5588,48,unweighted,10,0.0995222929936305,0,24,None,66,1,5,False,10,10
5589,49,unweighted,10,0.0995222929936305,0,24,None,66,1,5,False,10,10
5590,45,unweighted,10,0.0995222929936305,0,27,None,66,1,5,False,10,10
5591,46,unweighted,10,0.0995222929936305,0,27,None,66,1,5,False,10,10
5592,47,unweighted,10,0.0995222929936305,0,27,None,66,1,5,False,10,10
5593,48,unweighted,10,0.0995222929936305,0,27,None,66,1,5,False,10,10
5594,49,unweighted,10,0.0995222929936305,0,27,None,66,1,5,False,10,10
5595,45,unweighted,10,0.0995222929936305,0,12,None,66,1,5,False,10,10
5596,46,unweighted,10,0.0995222929936305,0,12,None,66,1,5,False,10,10
5597,47,unweighted,10,0.0995222929936305,0,12,None,66,1,5,False,10,10
5598,48,unweighted,10,0.0995222929936305,0,12,None,66,1,5,False,10,10
5599,49,unweighted,10,0.0995222929936305,0,12,None,66,1,5,False,10,10
5600,45,unweighted,10,0.0994227707006369,0,9,None,66,1,5,False,10,10
5601,46,unweighted,10,0.0995222929936305,0,9,None,66,1,5,False,10,10
5602,47,unweighted,10,0.0995222929936305,0,9,None,66,1,5,False,10,10
5603,48,unweighted,10,0.0995222929936305,0,9,None,66,1,5,False,10,10
5604,49,unweighted,10,0.0995222929936305,0,9,None,66,1,5,False,10,10
5605,45,unweighted,10,0.1153463375796178,0,25,None,66,1,5,False,10,10
5606,46,unweighted,10,0.0995222929936305,0,25,None,66,1,5,False,10,10
5607,47,unweighted,10,0.0995222929936305,0,25,None,66,1,5,False,10,10
5608,48,unweighted,10,0.0995222929936305,0,25,None,66,1,5,False,10,10
5609,49,unweighted,10,0.0995222929936305,0,25,None,66,1,5,False,10,10
5610,50,unweighted,10,0.0995222929936305,0,1,None,66,1,5,False,10,10
5611,51,unweighted,10,0.0995222929936305,0,1,None,66,1,5,False,10,10
5612,52,unweighted,10,0.0995222929936305,0,1,None,66,1,5,False,10,10
5613,53,unweighted,10,0.0995222929936305,0,1,None,66,1,5,False,10,10
5614,54,unweighted,10,0.0995222929936305,0,1,None,66,1,5,False,10,10
5615,50,unweighted,10,0.1173367834394904,0,23,None,66,1,5,False,10,10
5616,51,unweighted,10,0.0995222929936305,0,23,None,66,1,5,False,10,10
5617,52,unweighted,10,0.0995222929936305,0,23,None,66,1,5,False,10,10
5618,53,unweighted,10,0.0995222929936305,0,23,None,66,1,5,False,10,10
5619,54,unweighted,10,0.0995222929936305,0,23,None,66,1,5,False,10,10
5620,50,unweighted,10,0.0995222929936305,0,8,None,66,1,5,False,10,10
5621,51,unweighted,10,0.0995222929936305,0,8,None,66,1,5,False,10,10
5622,52,unweighted,10,0.0995222929936305,0,8,None,66,1,5,False,10,10
5623,53,unweighted,10,0.0995222929936305,0,8,None,66,1,5,False,10,10
5624,54,unweighted,10,0.0995222929936305,0,8,None,66,1,5,False,10,10
5625,50,unweighted,10,0.0995222929936305,0,19,None,66,1,5,False,10,10
5626,51,unweighted,10,0.0995222929936305,0,19,None,66,1,5,False,10,10
5627,52,unweighted,10,0.0995222929936305,0,19,None,66,1,5,False,10,10
5628,53,unweighted,10,0.0995222929936305,0,19,None,66,1,5,False,10,10
5629,54,unweighted,10,0.0995222929936305,0,19,None,66,1,5,False,10,10
5630,50,unweighted,10,0.0995222929936305,0,21,None,66,1,5,False,10,10
5631,51,unweighted,10,0.0995222929936305,0,21,None,66,1,5,False,10,10
5632,52,unweighted,10,0.0995222929936305,0,21,None,66,1,5,False,10,10
5633,53,unweighted,10,0.0995222929936305,0,21,None,66,1,5,False,10,10
5634,54,unweighted,10,0.0995222929936305,0,21,None,66,1,5,False,10,10
5635,50,unweighted,10,0.0995222929936305,0,24,None,66,1,5,False,10,10
5636,51,unweighted,10,0.0995222929936305,0,24,None,66,1,5,False,10,10
5637,52,unweighted,10,0.1083797770700636,0,24,None,66,1,5,False,10,10
5638,53,unweighted,10,0.1475915605095541,0,24,None,66,1,5,False,10,10
5639,54,unweighted,10,0.1133558917197452,0,24,None,66,1,5,False,10,10
5640,50,unweighted,10,0.0995222929936305,0,31,None,66,1,5,False,10,10
5641,51,unweighted,10,0.0995222929936305,0,31,None,66,1,5,False,10,10
5642,52,unweighted,10,0.0995222929936305,0,31,None,66,1,5,False,10,10
5643,53,unweighted,10,0.0995222929936305,0,31,None,66,1,5,False,10,10
5644,54,unweighted,10,0.0995222929936305,0,31,None,66,1,5,False,10,10
5645,50,unweighted,10,0.0995222929936305,0,27,None,66,1,5,False,10,10
5646,51,unweighted,10,0.0995222929936305,0,27,None,66,1,5,False,10,10
5647,52,unweighted,10,0.0995222929936305,0,27,None,66,1,5,False,10,10
5648,53,unweighted,10,0.0995222929936305,0,27,None,66,1,5,False,10,10
5649,54,unweighted,10,0.0995222929936305,0,27,None,66,1,5,False,10,10
5650,50,unweighted,10,0.0995222929936305,0,2,None,66,1,5,False,10,10
5651,51,unweighted,10,0.0995222929936305,0,2,None,66,1,5,False,10,10
5652,52,unweighted,10,0.0995222929936305,0,2,None,66,1,5,False,10,10
5653,53,unweighted,10,0.0995222929936305,0,2,None,66,1,5,False,10,10
5654,54,unweighted,10,0.0995222929936305,0,2,None,66,1,5,False,10,10
5655,50,unweighted,10,0.0995222929936305,0,10,None,66,1,5,False,10,10
5656,51,unweighted,10,0.0995222929936305,0,10,None,66,1,5,False,10,10
5657,52,unweighted,10,0.0995222929936305,0,10,None,66,1,5,False,10,10
5658,53,unweighted,10,0.0995222929936305,0,10,None,66,1,5,False,10,10
5659,54,unweighted,10,0.0995222929936305,0,10,None,66,1,5,False,10,10
5660,50,unweighted,10,0.106389331210191,0,11,None,66,1,5,False,10,10
5661,51,unweighted,10,0.0995222929936305,0,11,None,66,1,5,False,10,10
5662,52,unweighted,10,0.0995222929936305,0,11,None,66,1,5,False,10,10
5663,53,unweighted,10,0.0995222929936305,0,11,None,66,1,5,False,10,10
5664,54,unweighted,10,0.0995222929936305,0,11,None,66,1,5,False,10,10
5665,50,unweighted,10,0.0995222929936305,0,15,None,66,1,5,False,10,10
5666,51,unweighted,10,0.0995222929936305,0,15,None,66,1,5,False,10,10
5667,52,unweighted,10,0.1744625796178344,0,15,None,66,1,5,False,10,10
5668,53,unweighted,10,0.1005175159235668,0,15,None,66,1,5,False,10,10
5669,54,unweighted,10,0.0995222929936305,0,15,None,66,1,5,False,10,10
5670,50,unweighted,10,0.0995222929936305,0,17,None,66,1,5,False,10,10
5671,51,unweighted,10,0.0995222929936305,0,17,None,66,1,5,False,10,10
5672,52,unweighted,10,0.0995222929936305,0,17,None,66,1,5,False,10,10
5673,53,unweighted,10,0.0995222929936305,0,17,None,66,1,5,False,10,10
5674,54,unweighted,10,0.0995222929936305,0,17,None,66,1,5,False,10,10
5675,50,unweighted,10,0.0995222929936305,0,18,None,66,1,5,False,10,10
5676,51,unweighted,10,0.0995222929936305,0,18,None,66,1,5,False,10,10
5677,52,unweighted,10,0.0995222929936305,0,18,None,66,1,5,False,10,10
5678,53,unweighted,10,0.0995222929936305,0,18,None,66,1,5,False,10,10
5679,54,unweighted,10,0.0995222929936305,0,18,None,66,1,5,False,10,10
5680,50,unweighted,10,0.0995222929936305,0,20,None,66,1,5,False,10,10
5681,51,unweighted,10,0.0995222929936305,0,20,None,66,1,5,False,10,10
5682,52,unweighted,10,0.0995222929936305,0,20,None,66,1,5,False,10,10
5683,53,unweighted,10,0.0995222929936305,0,20,None,66,1,5,False,10,10
5684,54,unweighted,10,0.0995222929936305,0,20,None,66,1,5,False,10,10
5685,50,unweighted,10,0.1347531847133758,0,28,None,66,1,5,False,10,10
5686,51,unweighted,10,0.0995222929936305,0,28,None,66,1,5,False,10,10
5687,52,unweighted,10,0.0995222929936305,0,28,None,66,1,5,False,10,10
5688,53,unweighted,10,0.0995222929936305,0,28,None,66,1,5,False,10,10
5689,54,unweighted,10,0.0995222929936305,0,28,None,66,1,5,False,10,10
5690,50,unweighted,10,0.0995222929936305,0,5,None,66,1,5,False,10,10
5691,51,unweighted,10,0.0995222929936305,0,5,None,66,1,5,False,10,10
5692,52,unweighted,10,0.0995222929936305,0,5,None,66,1,5,False,10,10
5693,53,unweighted,10,0.0995222929936305,0,5,None,66,1,5,False,10,10
5694,54,unweighted,10,0.0995222929936305,0,5,None,66,1,5,False,10,10
5695,50,unweighted,10,0.0995222929936305,0,30,None,66,1,5,False,10,10
5696,51,unweighted,10,0.0995222929936305,0,30,None,66,1,5,False,10,10
5697,52,unweighted,10,0.0995222929936305,0,30,None,66,1,5,False,10,10
5698,53,unweighted,10,0.0995222929936305,0,30,None,66,1,5,False,10,10
5699,54,unweighted,10,0.0995222929936305,0,30,None,66,1,5,False,10,10
5700,50,unweighted,10,0.0995222929936305,0,13,None,66,1,5,False,10,10
5701,51,unweighted,10,0.0995222929936305,0,13,None,66,1,5,False,10,10
5702,52,unweighted,10,0.0995222929936305,0,13,None,66,1,5,False,10,10
5703,53,unweighted,10,0.0995222929936305,0,13,None,66,1,5,False,10,10
5704,54,unweighted,10,0.0995222929936305,0,13,None,66,1,5,False,10,10
5705,50,unweighted,10,0.0995222929936305,0,26,None,66,1,5,False,10,10
5706,51,unweighted,10,0.0995222929936305,0,26,None,66,1,5,False,10,10
5707,52,unweighted,10,0.0995222929936305,0,26,None,66,1,5,False,10,10
5708,53,unweighted,10,0.1832205414012739,0,26,None,66,1,5,False,10,10
5709,54,unweighted,10,0.166202229299363,0,26,None,66,1,5,False,10,10
5710,50,unweighted,10,0.0995222929936305,0,12,None,66,1,5,False,10,10
5711,51,unweighted,10,0.0995222929936305,0,12,None,66,1,5,False,10,10
5712,52,unweighted,10,0.0995222929936305,0,12,None,66,1,5,False,10,10
5713,53,unweighted,10,0.0995222929936305,0,12,None,66,1,5,False,10,10
5714,54,unweighted,10,0.0995222929936305,0,12,None,66,1,5,False,10,10
5715,50,unweighted,10,0.0995222929936305,0,25,None,66,1,5,False,10,10
5716,51,unweighted,10,0.0995222929936305,0,25,None,66,1,5,False,10,10
5717,52,unweighted,10,0.0995222929936305,0,25,None,66,1,5,False,10,10
5718,53,unweighted,10,0.0995222929936305,0,25,None,66,1,5,False,10,10
5719,54,unweighted,10,0.0995222929936305,0,25,None,66,1,5,False,10,10
5720,50,unweighted,10,0.0995222929936305,0,14,None,66,1,5,False,10,10
5721,51,unweighted,10,0.0995222929936305,0,14,None,66,1,5,False,10,10
5722,52,unweighted,10,0.0995222929936305,0,14,None,66,1,5,False,10,10
5723,53,unweighted,10,0.0995222929936305,0,14,None,66,1,5,False,10,10
5724,54,unweighted,10,0.0995222929936305,0,14,None,66,1,5,False,10,10
5725,50,unweighted,10,0.0995222929936305,0,22,None,66,1,5,False,10,10
5726,51,unweighted,10,0.0995222929936305,0,22,None,66,1,5,False,10,10
5727,52,unweighted,10,0.0995222929936305,0,22,None,66,1,5,False,10,10
5728,53,unweighted,10,0.0995222929936305,0,22,None,66,1,5,False,10,10
5729,54,unweighted,10,0.0995222929936305,0,22,None,66,1,5,False,10,10
5730,50,unweighted,10,0.0995222929936305,0,6,None,66,1,5,False,10,10
5731,51,unweighted,10,0.0995222929936305,0,6,None,66,1,5,False,10,10
5732,52,unweighted,10,0.0995222929936305,0,6,None,66,1,5,False,10,10
5733,53,unweighted,10,0.0995222929936305,0,6,None,66,1,5,False,10,10
5734,54,unweighted,10,0.0995222929936305,0,6,None,66,1,5,False,10,10
5735,50,unweighted,10,0.0995222929936305,0,3,None,66,1,5,False,10,10
5736,51,unweighted,10,0.0995222929936305,0,3,None,66,1,5,False,10,10
5737,52,unweighted,10,0.0995222929936305,0,3,None,66,1,5,False,10,10
5738,53,unweighted,10,0.0995222929936305,0,3,None,66,1,5,False,10,10
5739,54,unweighted,10,0.0995222929936305,0,3,None,66,1,5,False,10,10
5740,50,unweighted,10,0.0995222929936305,0,16,None,66,1,5,False,10,10
5741,51,unweighted,10,0.0995222929936305,0,16,None,66,1,5,False,10,10
5742,52,unweighted,10,0.0995222929936305,0,16,None,66,1,5,False,10,10
5743,53,unweighted,10,0.0995222929936305,0,16,None,66,1,5,False,10,10
5744,54,unweighted,10,0.0995222929936305,0,16,None,66,1,5,False,10,10
5745,50,unweighted,10,0.0995222929936305,0,7,None,66,1,5,False,10,10
5746,51,unweighted,10,0.0995222929936305,0,7,None,66,1,5,False,10,10
5747,52,unweighted,10,0.0995222929936305,0,7,None,66,1,5,False,10,10
5748,53,unweighted,10,0.0995222929936305,0,7,None,66,1,5,False,10,10
5749,54,unweighted,10,0.0995222929936305,0,7,None,66,1,5,False,10,10
5750,50,unweighted,10,0.0995222929936305,0,4,None,66,1,5,False,10,10
5751,51,unweighted,10,0.0995222929936305,0,4,None,66,1,5,False,10,10
5752,52,unweighted,10,0.0995222929936305,0,4,None,66,1,5,False,10,10
5753,53,unweighted,10,0.0995222929936305,0,4,None,66,1,5,False,10,10
5754,54,unweighted,10,0.0995222929936305,0,4,None,66,1,5,False,10,10
5755,50,unweighted,10,0.0995222929936305,0,32,None,66,1,5,False,10,10
5756,51,unweighted,10,0.0995222929936305,0,32,None,66,1,5,False,10,10
5757,52,unweighted,10,0.0995222929936305,0,32,None,66,1,5,False,10,10
5758,53,unweighted,10,0.1155453821656051,0,32,None,66,1,5,False,10,10
5759,54,unweighted,10,0.1482882165605095,0,32,None,66,1,5,False,10,10
5760,50,unweighted,10,0.0995222929936305,0,9,None,66,1,5,False,10,10
5761,51,unweighted,10,0.0995222929936305,0,9,None,66,1,5,False,10,10
5762,52,unweighted,10,0.0995222929936305,0,9,None,66,1,5,False,10,10
5763,53,unweighted,10,0.0995222929936305,0,9,None,66,1,5,False,10,10
5764,54,unweighted,10,0.0995222929936305,0,9,None,66,1,5,False,10,10
5765,50,unweighted,10,0.1335589171974522,0,0,None,66,1,5,False,10,10
5766,51,unweighted,10,0.1400278662420382,0,0,None,66,1,5,False,10,10
5767,52,unweighted,10,0.1059912420382165,0,0,None,66,1,5,False,10,10
5768,53,unweighted,10,0.0995222929936305,0,0,None,66,1,5,False,10,10
5769,54,unweighted,10,0.0995222929936305,0,0,None,66,1,5,False,10,10
5770,50,unweighted,10,0.1534633757961783,0,29,None,66,1,5,False,10,10
5771,51,unweighted,10,0.0995222929936305,0,29,None,66,1,5,False,10,10
5772,52,unweighted,10,0.0995222929936305,0,29,None,66,1,5,False,10,10
5773,53,unweighted,10,0.0995222929936305,0,29,None,66,1,5,False,10,10
5774,54,unweighted,10,0.0995222929936305,0,29,None,66,1,5,False,10,10
7590,55,unweighted,10,0.0995222929936305,0,1,None,66,1,5,False,10,10
7591,56,unweighted,10,0.0995222929936305,0,1,None,66,1,5,False,10,10
7592,57,unweighted,10,0.0995222929936305,0,1,None,66,1,5,False,10,10
7593,58,unweighted,10,0.0995222929936305,0,1,None,66,1,5,False,10,10
7594,59,unweighted,10,0.0995222929936305,0,1,None,66,1,5,False,10,10
7595,55,unweighted,10,0.0995222929936305,0,2,None,66,1,5,False,10,10
7596,56,unweighted,10,0.0995222929936305,0,2,None,66,1,5,False,10,10
7597,57,unweighted,10,0.0995222929936305,0,2,None,66,1,5,False,10,10
7598,58,unweighted,10,0.0995222929936305,0,2,None,66,1,5,False,10,10
7599,59,unweighted,10,0.0995222929936305,0,2,None,66,1,5,False,10,10
7600,55,unweighted,10,0.1886942675159235,0,15,None,66,1,5,False,10,10
7601,56,unweighted,10,0.1301751592356688,0,15,None,66,1,5,False,10,10
7602,57,unweighted,10,0.0995222929936305,0,15,None,66,1,5,False,10,10
7603,58,unweighted,10,0.0995222929936305,0,15,None,66,1,5,False,10,10
7604,59,unweighted,10,0.0995222929936305,0,15,None,66,1,5,False,10,10
7605,55,unweighted,10,0.0995222929936305,0,10,None,66,1,5,False,10,10
7606,56,unweighted,10,0.0995222929936305,0,10,None,66,1,5,False,10,10
7607,57,unweighted,10,0.0995222929936305,0,10,None,66,1,5,False,10,10
7608,58,unweighted,10,0.0995222929936305,0,10,None,66,1,5,False,10,10
7609,59,unweighted,10,0.0995222929936305,0,10,None,66,1,5,False,10,10
7610,55,unweighted,10,0.0995222929936305,0,16,None,66,1,5,False,10,10
7611,56,unweighted,10,0.0995222929936305,0,16,None,66,1,5,False,10,10
7612,57,unweighted,10,0.0995222929936305,0,16,None,66,1,5,False,10,10
7613,58,unweighted,10,0.0995222929936305,0,16,None,66,1,5,False,10,10
7614,59,unweighted,10,0.0995222929936305,0,16,None,66,1,5,False,10,10
7615,55,unweighted,10,0.1550557324840764,0,11,None,66,1,5,False,10,10
7616,56,unweighted,10,0.1013136942675159,0,11,None,66,1,5,False,10,10
7617,57,unweighted,10,0.0995222929936305,0,11,None,66,1,5,False,10,10
7618,58,unweighted,10,0.0995222929936305,0,11,None,66,1,5,False,10,10
7619,59,unweighted,10,0.0995222929936305,0,11,None,66,1,5,False,10,10
7620,55,unweighted,10,0.0995222929936305,0,20,None,66,1,5,False,10,10
7621,56,unweighted,10,0.110171178343949,0,20,None,66,1,5,False,10,10
7622,57,unweighted,10,0.0995222929936305,0,20,None,66,1,5,False,10,10
7623,58,unweighted,10,0.0995222929936305,0,20,None,66,1,5,False,10,10
7624,59,unweighted,10,0.0995222929936305,0,20,None,66,1,5,False,10,10
7625,55,unweighted,10,0.0995222929936305,0,22,None,66,1,5,False,10,10
7626,56,unweighted,10,0.0995222929936305,0,22,None,66,1,5,False,10,10
7627,57,unweighted,10,0.0995222929936305,0,22,None,66,1,5,False,10,10
7628,58,unweighted,10,0.0995222929936305,0,22,None,66,1,5,False,10,10
7629,59,unweighted,10,0.0995222929936305,0,22,None,66,1,5,False,10,10
7630,55,unweighted,10,0.1238057324840764,0,23,None,66,1,5,False,10,10
7631,56,unweighted,10,0.1195262738853503,0,23,None,66,1,5,False,10,10
7632,57,unweighted,10,0.0994227707006369,0,23,None,66,1,5,False,10,10
7633,58,unweighted,10,0.0995222929936305,0,23,None,66,1,5,False,10,10
7634,59,unweighted,10,0.0995222929936305,0,23,None,66,1,5,False,10,10
7635,55,unweighted,10,0.0995222929936305,0,17,None,66,1,5,False,10,10
7636,56,unweighted,10,0.0995222929936305,0,17,None,66,1,5,False,10,10
7637,57,unweighted,10,0.0995222929936305,0,17,None,66,1,5,False,10,10
7638,58,unweighted,10,0.1228105095541401,0,17,None,66,1,5,False,10,10
7639,59,unweighted,10,0.0995222929936305,0,17,None,66,1,5,False,10,10
7640,55,unweighted,10,0.0995222929936305,0,24,None,66,1,5,False,10,10
7641,56,unweighted,10,0.0995222929936305,0,24,None,66,1,5,False,10,10
7642,57,unweighted,10,0.0995222929936305,0,24,None,66,1,5,False,10,10
7643,58,unweighted,10,0.0995222929936305,0,24,None,66,1,5,False,10,10
7644,59,unweighted,10,0.0995222929936305,0,24,None,66,1,5,False,10,10
7645,55,unweighted,10,0.0994227707006369,0,28,None,66,1,5,False,10,10
7646,56,unweighted,10,0.0995222929936305,0,28,None,66,1,5,False,10,10
7647,57,unweighted,10,0.0995222929936305,0,28,None,66,1,5,False,10,10
7648,58,unweighted,10,0.0995222929936305,0,28,None,66,1,5,False,10,10
7649,59,unweighted,10,0.0995222929936305,0,28,None,66,1,5,False,10,10
7650,55,unweighted,10,0.0995222929936305,0,9,None,66,1,5,False,10,10
7651,56,unweighted,10,0.1013136942675159,0,9,None,66,1,5,False,10,10
7652,57,unweighted,10,0.2447253184713375,0,9,None,66,1,5,False,10,10
7653,58,unweighted,10,0.1410230891719745,0,9,None,66,1,5,False,10,10
7654,59,unweighted,10,0.1123606687898089,0,9,None,66,1,5,False,10,10
7655,55,unweighted,10,0.1979498407643312,0,0,None,66,1,5,False,10,10
7656,56,unweighted,10,0.118531050955414,0,0,None,66,1,5,False,10,10
7657,57,unweighted,10,0.0997213375796178,0,0,None,66,1,5,False,10,10
7658,58,unweighted,10,0.0995222929936305,0,0,None,66,1,5,False,10,10
7659,59,unweighted,10,0.0995222929936305,0,0,None,66,1,5,False,10,10
7660,55,unweighted,10,0.0995222929936305,0,29,None,66,1,5,False,10,10
7661,56,unweighted,10,0.0995222929936305,0,29,None,66,1,5,False,10,10
7662,57,unweighted,10,0.0995222929936305,0,29,None,66,1,5,False,10,10
7663,58,unweighted,10,0.0995222929936305,0,29,None,66,1,5,False,10,10
7664,59,unweighted,10,0.0995222929936305,0,29,None,66,1,5,False,10,10
7665,55,unweighted,10,0.0995222929936305,0,32,None,66,1,5,False,10,10
7666,56,unweighted,10,0.1025079617834394,0,32,None,66,1,5,False,10,10
7667,57,unweighted,10,0.1292794585987261,0,32,None,66,1,5,False,10,10
7668,58,unweighted,10,0.1394307324840764,0,32,None,66,1,5,False,10,10
7669,59,unweighted,10,0.0996218152866242,0,32,None,66,1,5,False,10,10
7670,55,unweighted,10,0.0995222929936305,0,5,None,66,1,5,False,10,10
7671,56,unweighted,10,0.0995222929936305,0,5,None,66,1,5,False,10,10
7672,57,unweighted,10,0.0995222929936305,0,5,None,66,1,5,False,10,10
7673,58,unweighted,10,0.0995222929936305,0,5,None,66,1,5,False,10,10
7674,59,unweighted,10,0.0995222929936305,0,5,None,66,1,5,False,10,10
7675,55,unweighted,10,0.1508757961783439,0,4,None,66,1,5,False,10,10
7676,56,unweighted,10,0.0995222929936305,0,4,None,66,1,5,False,10,10
7677,57,unweighted,10,0.0995222929936305,0,4,None,66,1,5,False,10,10
7678,58,unweighted,10,0.0995222929936305,0,4,None,66,1,5,False,10,10
7679,59,unweighted,10,0.0995222929936305,0,4,None,66,1,5,False,10,10
7680,55,unweighted,10,0.1048964968152866,0,7,None,66,1,5,False,10,10
7681,56,unweighted,10,0.1009156050955414,0,7,None,66,1,5,False,10,10
7682,57,unweighted,10,0.0997213375796178,0,7,None,66,1,5,False,10,10
7683,58,unweighted,10,0.0995222929936305,0,7,None,66,1,5,False,10,10
7684,59,unweighted,10,0.0994227707006369,0,7,None,66,1,5,False,10,10
7685,55,unweighted,10,0.0995222929936305,0,30,None,66,1,5,False,10,10
7686,56,unweighted,10,0.0995222929936305,0,30,None,66,1,5,False,10,10
7687,57,unweighted,10,0.0995222929936305,0,30,None,66,1,5,False,10,10
7688,58,unweighted,10,0.0995222929936305,0,30,None,66,1,5,False,10,10
7689,59,unweighted,10,0.0995222929936305,0,30,None,66,1,5,False,10,10
7690,55,unweighted,10,0.0995222929936305,0,14,None,66,1,5,False,10,10
7691,56,unweighted,10,0.0995222929936305,0,14,None,66,1,5,False,10,10
7692,57,unweighted,10,0.0995222929936305,0,14,None,66,1,5,False,10,10
7693,58,unweighted,10,0.0995222929936305,0,14,None,66,1,5,False,10,10
7694,59,unweighted,10,0.0995222929936305,0,14,None,66,1,5,False,10,10
7695,55,unweighted,10,0.0995222929936305,0,6,None,66,1,5,False,10,10
7696,56,unweighted,10,0.0995222929936305,0,6,None,66,1,5,False,10,10
7697,57,unweighted,10,0.0995222929936305,0,6,None,66,1,5,False,10,10
7698,58,unweighted,10,0.0995222929936305,0,6,None,66,1,5,False,10,10
7699,59,unweighted,10,0.0995222929936305,0,6,None,66,1,5,False,10,10
7700,55,unweighted,10,0.0995222929936305,0,3,None,66,1,5,False,10,10
7701,56,unweighted,10,0.0995222929936305,0,3,None,66,1,5,False,10,10
7702,57,unweighted,10,0.0995222929936305,0,3,None,66,1,5,False,10,10
7703,58,unweighted,10,0.0995222929936305,0,3,None,66,1,5,False,10,10
7704,59,unweighted,10,0.0995222929936305,0,3,None,66,1,5,False,10,10
7705,55,unweighted,10,0.0994227707006369,0,12,None,66,1,5,False,10,10
7706,56,unweighted,10,0.0995222929936305,0,12,None,66,1,5,False,10,10
7707,57,unweighted,10,0.0995222929936305,0,12,None,66,1,5,False,10,10
7708,58,unweighted,10,0.0995222929936305,0,12,None,66,1,5,False,10,10
7709,59,unweighted,10,0.0995222929936305,0,12,None,66,1,5,False,10,10
7710,55,unweighted,10,0.1013136942675159,0,13,None,66,1,5,False,10,10
7711,56,unweighted,10,0.0995222929936305,0,13,None,66,1,5,False,10,10
7712,57,unweighted,10,0.0995222929936305,0,13,None,66,1,5,False,10,10
7713,58,unweighted,10,0.0995222929936305,0,13,None,66,1,5,False,10,10
7714,59,unweighted,10,0.0995222929936305,0,13,None,66,1,5,False,10,10
7715,55,unweighted,10,0.0995222929936305,0,26,None,66,1,5,False,10,10
7716,56,unweighted,10,0.0995222929936305,0,26,None,66,1,5,False,10,10
7717,57,unweighted,10,0.1003184713375796,0,26,None,66,1,5,False,10,10
7718,58,unweighted,10,0.181827229299363,0,26,None,66,1,5,False,10,10
7719,59,unweighted,10,0.1773487261146497,0,26,None,66,1,5,False,10,10
7720,55,unweighted,10,0.0995222929936305,0,25,None,66,1,5,False,10,10
7721,56,unweighted,10,0.0995222929936305,0,25,None,66,1,5,False,10,10
7722,57,unweighted,10,0.0995222929936305,0,25,None,66,1,5,False,10,10
7723,58,unweighted,10,0.0995222929936305,0,25,None,66,1,5,False,10,10
7724,59,unweighted,10,0.0995222929936305,0,25,None,66,1,5,False,10,10
7725,55,unweighted,10,0.0995222929936305,0,8,None,66,1,5,False,10,10
7726,56,unweighted,10,0.0995222929936305,0,8,None,66,1,5,False,10,10
7727,57,unweighted,10,0.0995222929936305,0,8,None,66,1,5,False,10,10
7728,58,unweighted,10,0.0995222929936305,0,8,None,66,1,5,False,10,10
7729,59,unweighted,10,0.0995222929936305,0,8,None,66,1,5,False,10,10
7730,55,unweighted,10,0.0995222929936305,0,19,None,66,1,5,False,10,10
7731,56,unweighted,10,0.0995222929936305,0,19,None,66,1,5,False,10,10
7732,57,unweighted,10,0.0995222929936305,0,19,None,66,1,5,False,10,10
7733,58,unweighted,10,0.0995222929936305,0,19,None,66,1,5,False,10,10
7734,59,unweighted,10,0.0995222929936305,0,19,None,66,1,5,False,10,10
7735,55,unweighted,10,0.0995222929936305,0,21,None,66,1,5,False,10,10
7736,56,unweighted,10,0.0995222929936305,0,21,None,66,1,5,False,10,10
7737,57,unweighted,10,0.0995222929936305,0,21,None,66,1,5,False,10,10
7738,58,unweighted,10,0.0995222929936305,0,21,None,66,1,5,False,10,10
7739,59,unweighted,10,0.0995222929936305,0,21,None,66,1,5,False,10,10
7740,60,unweighted,10,0.0995222929936305,0,26,None,66,1,5,False,10,10
7741,61,unweighted,10,0.107484076433121,0,26,None,66,1,5,False,10,10
7742,62,unweighted,10,0.1180334394904458,0,26,None,66,1,5,False,10,10
7743,63,unweighted,10,0.1065883757961783,0,26,None,66,1,5,False,10,10
7744,64,unweighted,10,0.0988256369426751,0,26,None,66,1,5,False,10,10
7745,60,unweighted,10,0.0995222929936305,0,25,None,66,1,5,False,10,10
7746,61,unweighted,10,0.0995222929936305,0,25,None,66,1,5,False,10,10
7747,62,unweighted,10,0.0995222929936305,0,25,None,66,1,5,False,10,10
7748,63,unweighted,10,0.0995222929936305,0,25,None,66,1,5,False,10,10
7749,64,unweighted,10,0.0995222929936305,0,25,None,66,1,5,False,10,10
7750,55,unweighted,10,0.1045979299363057,0,18,None,66,1,5,False,10,10
7751,56,unweighted,10,0.1708797770700637,0,18,None,66,1,5,False,10,10
7752,57,unweighted,10,0.168093152866242,0,18,None,66,1,5,False,10,10
7753,58,unweighted,10,0.1370421974522293,0,18,None,66,1,5,False,10,10
7754,59,unweighted,10,0.1150477707006369,0,18,None,66,1,5,False,10,10
7755,55,unweighted,10,0.0995222929936305,0,27,None,66,1,5,False,10,10
7756,56,unweighted,10,0.0995222929936305,0,27,None,66,1,5,False,10,10
7757,57,unweighted,10,0.0995222929936305,0,27,None,66,1,5,False,10,10
7758,58,unweighted,10,0.0995222929936305,0,27,None,66,1,5,False,10,10
7759,59,unweighted,10,0.0995222929936305,0,27,None,66,1,5,False,10,10
7760,55,unweighted,10,0.0995222929936305,0,31,None,66,1,5,False,10,10
7761,56,unweighted,10,0.0995222929936305,0,31,None,66,1,5,False,10,10
7762,57,unweighted,10,0.0995222929936305,0,31,None,66,1,5,False,10,10
7763,58,unweighted,10,0.0995222929936305,0,31,None,66,1,5,False,10,10
7764,59,unweighted,10,0.0995222929936305,0,31,None,66,1,5,False,10,10
7765,60,unweighted,10,0.0995222929936305,0,32,None,66,1,5,False,10,10
7766,61,unweighted,10,0.0995222929936305,0,32,None,66,1,5,False,10,10
7767,62,unweighted,10,0.0995222929936305,0,32,None,66,1,5,False,10,10
7768,63,unweighted,10,0.0995222929936305,0,32,None,66,1,5,False,10,10
7769,64,unweighted,10,0.102906050955414,0,32,None,66,1,5,False,10,10
7770,60,unweighted,10,0.0995222929936305,0,16,None,66,1,5,False,10,10
7771,61,unweighted,10,0.0995222929936305,0,16,None,66,1,5,False,10,10
7772,62,unweighted,10,0.0995222929936305,0,16,None,66,1,5,False,10,10
7773,63,unweighted,10,0.0995222929936305,0,16,None,66,1,5,False,10,10
7774,64,unweighted,10,0.0995222929936305,0,16,None,66,1,5,False,10,10
7775,60,unweighted,10,0.0995222929936305,0,19,None,66,1,5,False,10,10
7776,61,unweighted,10,0.0995222929936305,0,19,None,66,1,5,False,10,10
7777,62,unweighted,10,0.0995222929936305,0,19,None,66,1,5,False,10,10
7778,63,unweighted,10,0.0995222929936305,0,19,None,66,1,5,False,10,10
7779,64,unweighted,10,0.0995222929936305,0,19,None,66,1,5,False,10,10
7780,60,unweighted,10,0.0995222929936305,0,1,None,66,1,5,False,10,10
7781,61,unweighted,10,0.0995222929936305,0,1,None,66,1,5,False,10,10
7782,62,unweighted,10,0.0995222929936305,0,1,None,66,1,5,False,10,10
7783,63,unweighted,10,0.0995222929936305,0,1,None,66,1,5,False,10,10
7784,64,unweighted,10,0.0995222929936305,0,1,None,66,1,5,False,10,10
7785,60,unweighted,10,0.0995222929936305,0,8,None,66,1,5,False,10,10
7786,61,unweighted,10,0.0995222929936305,0,8,None,66,1,5,False,10,10
7787,62,unweighted,10,0.0995222929936305,0,8,None,66,1,5,False,10,10
7788,63,unweighted,10,0.0995222929936305,0,8,None,66,1,5,False,10,10
7789,64,unweighted,10,0.0995222929936305,0,8,None,66,1,5,False,10,10
7790,60,unweighted,10,0.1734673566878981,0,13,None,66,1,5,False,10,10
7791,61,unweighted,10,0.1006170382165605,0,13,None,66,1,5,False,10,10
7792,62,unweighted,10,0.0995222929936305,0,13,None,66,1,5,False,10,10
7793,63,unweighted,10,0.0995222929936305,0,13,None,66,1,5,False,10,10
7794,64,unweighted,10,0.0995222929936305,0,13,None,66,1,5,False,10,10
7795,60,unweighted,10,0.0995222929936305,0,21,None,66,1,5,False,10,10
7796,61,unweighted,10,0.0995222929936305,0,21,None,66,1,5,False,10,10
7797,62,unweighted,10,0.0995222929936305,0,21,None,66,1,5,False,10,10
7798,63,unweighted,10,0.0995222929936305,0,21,None,66,1,5,False,10,10
7799,64,unweighted,10,0.0995222929936305,0,21,None,66,1,5,False,10,10
7800,60,unweighted,10,0.1107683121019108,0,23,None,66,1,5,False,10,10
7801,61,unweighted,10,0.1282842356687898,0,23,None,66,1,5,False,10,10
7802,62,unweighted,10,0.1200238853503184,0,23,None,66,1,5,False,10,10
7803,63,unweighted,10,0.103702229299363,0,23,None,66,1,5,False,10,10
7804,64,unweighted,10,0.0995222929936305,0,23,None,66,1,5,False,10,10
7805,60,unweighted,10,0.0995222929936305,0,29,None,66,1,5,False,10,10
7806,61,unweighted,10,0.0995222929936305,0,29,None,66,1,5,False,10,10
7807,62,unweighted,10,0.0995222929936305,0,29,None,66,1,5,False,10,10
7808,63,unweighted,10,0.0995222929936305,0,29,None,66,1,5,False,10,10
7809,64,unweighted,10,0.0995222929936305,0,29,None,66,1,5,False,10,10
7810,60,unweighted,10,0.0995222929936305,0,24,None,66,1,5,False,10,10
7811,61,unweighted,10,0.0995222929936305,0,24,None,66,1,5,False,10,10
7812,62,unweighted,10,0.0995222929936305,0,24,None,66,1,5,False,10,10
7813,63,unweighted,10,0.0995222929936305,0,24,None,66,1,5,False,10,10
7814,64,unweighted,10,0.0995222929936305,0,24,None,66,1,5,False,10,10
7815,60,unweighted,10,0.0995222929936305,0,31,None,66,1,5,False,10,10
7816,61,unweighted,10,0.0995222929936305,0,31,None,66,1,5,False,10,10
7817,62,unweighted,10,0.0995222929936305,0,31,None,66,1,5,False,10,10
7818,63,unweighted,10,0.0995222929936305,0,31,None,66,1,5,False,10,10
7819,64,unweighted,10,0.0995222929936305,0,31,None,66,1,5,False,10,10
7820,60,unweighted,10,0.0995222929936305,0,22,None,66,1,5,False,10,10
7821,61,unweighted,10,0.0995222929936305,0,22,None,66,1,5,False,10,10
7822,62,unweighted,10,0.0995222929936305,0,22,None,66,1,5,False,10,10
7823,63,unweighted,10,0.0995222929936305,0,22,None,66,1,5,False,10,10
7824,64,unweighted,10,0.0995222929936305,0,22,None,66,1,5,False,10,10
7825,60,unweighted,10,0.0995222929936305,0,14,None,66,1,5,False,10,10
7826,61,unweighted,10,0.0995222929936305,0,14,None,66,1,5,False,10,10
7827,62,unweighted,10,0.0995222929936305,0,14,None,66,1,5,False,10,10
7828,63,unweighted,10,0.0995222929936305,0,14,None,66,1,5,False,10,10
7829,64,unweighted,10,0.0995222929936305,0,14,None,66,1,5,False,10,10
7830,60,unweighted,10,0.0995222929936305,0,2,None,66,1,5,False,10,10
7831,61,unweighted,10,0.0995222929936305,0,2,None,66,1,5,False,10,10
7832,62,unweighted,10,0.0995222929936305,0,2,None,66,1,5,False,10,10
7833,63,unweighted,10,0.0995222929936305,0,2,None,66,1,5,False,10,10
7834,64,unweighted,10,0.0995222929936305,0,2,None,66,1,5,False,10,10
7835,60,unweighted,10,0.0995222929936305,0,0,None,66,1,5,False,10,10
7836,61,unweighted,10,0.0995222929936305,0,0,None,66,1,5,False,10,10
7837,62,unweighted,10,0.0995222929936305,0,0,None,66,1,5,False,10,10
7838,63,unweighted,10,0.0995222929936305,0,0,None,66,1,5,False,10,10
7839,64,unweighted,10,0.0995222929936305,0,0,None,66,1,5,False,10,10
7840,60,unweighted,10,0.0995222929936305,0,3,None,66,1,5,False,10,10
7841,61,unweighted,10,0.0995222929936305,0,3,None,66,1,5,False,10,10
7842,62,unweighted,10,0.0995222929936305,0,3,None,66,1,5,False,10,10
7843,63,unweighted,10,0.0995222929936305,0,3,None,66,1,5,False,10,10
7844,64,unweighted,10,0.0995222929936305,0,3,None,66,1,5,False,10,10
7845,60,unweighted,10,0.0995222929936305,0,4,None,66,1,5,False,10,10
7846,61,unweighted,10,0.0995222929936305,0,4,None,66,1,5,False,10,10
7847,62,unweighted,10,0.0995222929936305,0,4,None,66,1,5,False,10,10
7848,63,unweighted,10,0.0995222929936305,0,4,None,66,1,5,False,10,10
7849,64,unweighted,10,0.0995222929936305,0,4,None,66,1,5,False,10,10
7850,60,unweighted,10,0.0995222929936305,0,5,None,66,1,5,False,10,10
7851,61,unweighted,10,0.0995222929936305,0,5,None,66,1,5,False,10,10
7852,62,unweighted,10,0.0995222929936305,0,5,None,66,1,5,False,10,10
7853,63,unweighted,10,0.0995222929936305,0,5,None,66,1,5,False,10,10
7854,64,unweighted,10,0.0995222929936305,0,5,None,66,1,5,False,10,10
7855,60,unweighted,10,0.0995222929936305,0,7,None,66,1,5,False,10,10
7856,61,unweighted,10,0.0995222929936305,0,7,None,66,1,5,False,10,10
7857,62,unweighted,10,0.0995222929936305,0,7,None,66,1,5,False,10,10
7858,63,unweighted,10,0.1006170382165605,0,7,None,66,1,5,False,10,10
7859,64,unweighted,10,0.1177348726114649,0,7,None,66,1,5,False,10,10
7860,60,unweighted,10,0.1826234076433121,0,9,None,66,1,5,False,10,10
7861,61,unweighted,10,0.1092754777070063,0,9,None,66,1,5,False,10,10
7862,62,unweighted,10,0.0995222929936305,0,9,None,66,1,5,False,10,10
7863,63,unweighted,10,0.0995222929936305,0,9,None,66,1,5,False,10,10
7864,64,unweighted,10,0.0995222929936305,0,9,None,66,1,5,False,10,10
7865,60,unweighted,10,0.0995222929936305,0,10,None,66,1,5,False,10,10
7866,61,unweighted,10,0.0995222929936305,0,10,None,66,1,5,False,10,10
7867,62,unweighted,10,0.0995222929936305,0,10,None,66,1,5,False,10,10
7868,63,unweighted,10,0.0995222929936305,0,10,None,66,1,5,False,10,10
7869,64,unweighted,10,0.0995222929936305,0,10,None,66,1,5,False,10,10
7870,60,unweighted,10,0.1507762738853503,0,11,None,66,1,5,False,10,10
7871,61,unweighted,10,0.0995222929936305,0,11,None,66,1,5,False,10,10
7872,62,unweighted,10,0.0995222929936305,0,11,None,66,1,5,False,10,10
7873,63,unweighted,10,0.0995222929936305,0,11,None,66,1,5,False,10,10
7874,64,unweighted,10,0.0995222929936305,0,11,None,66,1,5,False,10,10
7875,60,unweighted,10,0.0995222929936305,0,12,None,66,1,5,False,10,10
7876,61,unweighted,10,0.0995222929936305,0,12,None,66,1,5,False,10,10
7877,62,unweighted,10,0.0995222929936305,0,12,None,66,1,5,False,10,10
7878,63,unweighted,10,0.0995222929936305,0,12,None,66,1,5,False,10,10
7879,64,unweighted,10,0.0995222929936305,0,12,None,66,1,5,False,10,10
7880,60,unweighted,10,0.0995222929936305,0,15,None,66,1,5,False,10,10
7881,61,unweighted,10,0.0995222929936305,0,15,None,66,1,5,False,10,10
7882,62,unweighted,10,0.1747611464968153,0,15,None,66,1,5,False,10,10
7883,63,unweighted,10,0.1713773885350318,0,15,None,66,1,5,False,10,10
7884,64,unweighted,10,0.138734076433121,0,15,None,66,1,5,False,10,10
7885,60,unweighted,10,0.0995222929936305,0,17,None,66,1,5,False,10,10
7886,61,unweighted,10,0.0995222929936305,0,17,None,66,1,5,False,10,10
7887,62,unweighted,10,0.0995222929936305,0,17,None,66,1,5,False,10,10
7888,63,unweighted,10,0.1004179936305732,0,17,None,66,1,5,False,10,10
7889,64,unweighted,10,0.1413216560509554,0,17,None,66,1,5,False,10,10
7890,60,unweighted,10,0.0995222929936305,0,18,None,66,1,5,False,10,10
7891,61,unweighted,10,0.0995222929936305,0,18,None,66,1,5,False,10,10
7892,62,unweighted,10,0.0995222929936305,0,18,None,66,1,5,False,10,10
7893,63,unweighted,10,0.0995222929936305,0,18,None,66,1,5,False,10,10
7894,64,unweighted,10,0.0995222929936305,0,18,None,66,1,5,False,10,10
7895,60,unweighted,10,0.0995222929936305,0,20,None,66,1,5,False,10,10
7896,61,unweighted,10,0.1125597133757961,0,20,None,66,1,5,False,10,10
7897,62,unweighted,10,0.0995222929936305,0,20,None,66,1,5,False,10,10
7898,63,unweighted,10,0.0995222929936305,0,20,None,66,1,5,False,10,10
7899,64,unweighted,10,0.0995222929936305,0,20,None,66,1,5,False,10,10
7900,60,unweighted,10,0.0995222929936305,0,28,None,66,1,5,False,10,10
7901,61,unweighted,10,0.0995222929936305,0,28,None,66,1,5,False,10,10
7902,62,unweighted,10,0.0995222929936305,0,28,None,66,1,5,False,10,10
7903,63,unweighted,10,0.0995222929936305,0,28,None,66,1,5,False,10,10
7904,64,unweighted,10,0.0995222929936305,0,28,None,66,1,5,False,10,10
7905,60,unweighted,10,0.0995222929936305,0,27,None,66,1,5,False,10,10
7906,61,unweighted,10,0.0995222929936305,0,27,None,66,1,5,False,10,10
7907,62,unweighted,10,0.0995222929936305,0,27,None,66,1,5,False,10,10
7908,63,unweighted,10,0.0995222929936305,0,27,None,66,1,5,False,10,10
7909,64,unweighted,10,0.0995222929936305,0,27,None,66,1,5,False,10,10
7910,60,unweighted,10,0.0995222929936305,0,6,None,66,1,5,False,10,10
7911,61,unweighted,10,0.0995222929936305,0,6,None,66,1,5,False,10,10
7912,62,unweighted,10,0.0995222929936305,0,6,None,66,1,5,False,10,10
7913,63,unweighted,10,0.0995222929936305,0,6,None,66,1,5,False,10,10
7914,64,unweighted,10,0.0995222929936305,0,6,None,66,1,5,False,10,10
7915,60,unweighted,10,0.0995222929936305,0,30,None,66,1,5,False,10,10
7916,61,unweighted,10,0.0995222929936305,0,30,None,66,1,5,False,10,10
7917,62,unweighted,10,0.0995222929936305,0,30,None,66,1,5,False,10,10
7918,63,unweighted,10,0.0995222929936305,0,30,None,66,1,5,False,10,10
7919,64,unweighted,10,0.0995222929936305,0,30,None,66,1,5,False,10,10
10065,65,unweighted,10,0.0995222929936305,0,5,None,66,1,5,False,10,10
10066,66,unweighted,10,0.0995222929936305,0,5,None,66,1,5,False,10,10
10067,67,unweighted,10,0.0995222929936305,0,5,None,66,1,5,False,10,10
10068,68,unweighted,10,0.0995222929936305,0,5,None,66,1,5,False,10,10
10069,69,unweighted,10,0.0995222929936305,0,5,None,66,1,5,False,10,10
10070,65,unweighted,10,0.2001393312101911,0,13,None,66,1,5,False,10,10
10071,66,unweighted,10,0.114749203821656,0,13,None,66,1,5,False,10,10
10072,67,unweighted,10,0.0995222929936305,0,13,None,66,1,5,False,10,10
10073,68,unweighted,10,0.0995222929936305,0,13,None,66,1,5,False,10,10
10074,69,unweighted,10,0.0995222929936305,0,13,None,66,1,5,False,10,10
10075,65,unweighted,10,0.1876990445859872,0,15,None,66,1,5,False,10,10
10076,66,unweighted,10,0.1594347133757961,0,15,None,66,1,5,False,10,10
10077,67,unweighted,10,0.1173367834394904,0,15,None,66,1,5,False,10,10
10078,68,unweighted,10,0.1202229299363057,0,15,None,66,1,5,False,10,10
10079,69,unweighted,10,0.1292794585987261,0,15,None,66,1,5,False,10,10
10080,65,unweighted,10,0.0995222929936305,0,10,None,66,1,5,False,10,10
10081,66,unweighted,10,0.0995222929936305,0,10,None,66,1,5,False,10,10
10082,67,unweighted,10,0.0995222929936305,0,10,None,66,1,5,False,10,10
10083,68,unweighted,10,0.0995222929936305,0,10,None,66,1,5,False,10,10
10084,69,unweighted,10,0.0995222929936305,0,10,None,66,1,5,False,10,10
10085,65,unweighted,10,0.1080812101910828,0,11,None,66,1,5,False,10,10
10086,66,unweighted,10,0.0995222929936305,0,11,None,66,1,5,False,10,10
10087,67,unweighted,10,0.0995222929936305,0,11,None,66,1,5,False,10,10
10088,68,unweighted,10,0.0995222929936305,0,11,None,66,1,5,False,10,10
10089,69,unweighted,10,0.0995222929936305,0,11,None,66,1,5,False,10,10
10090,65,unweighted,10,0.1717754777070063,0,20,None,66,1,5,False,10,10
10091,66,unweighted,10,0.1464968152866242,0,20,None,66,1,5,False,10,10
10092,67,unweighted,10,0.0995222929936305,0,20,None,66,1,5,False,10,10
10093,68,unweighted,10,0.0995222929936305,0,20,None,66,1,5,False,10,10
10094,69,unweighted,10,0.1647093949044586,0,20,None,66,1,5,False,10,10
10095,65,unweighted,10,0.0995222929936305,0,23,None,66,1,5,False,10,10
10096,66,unweighted,10,0.1035031847133758,0,23,None,66,1,5,False,10,10
10097,67,unweighted,10,0.1127587579617834,0,23,None,66,1,5,False,10,10
10098,68,unweighted,10,0.1238057324840764,0,23,None,66,1,5,False,10,10
10099,69,unweighted,10,0.1272890127388535,0,23,None,66,1,5,False,10,10
10100,65,unweighted,10,0.1180334394904458,0,17,None,66,1,5,False,10,10
10101,66,unweighted,10,0.0995222929936305,0,17,None,66,1,5,False,10,10
10102,67,unweighted,10,0.0995222929936305,0,17,None,66,1,5,False,10,10
10103,68,unweighted,10,0.0995222929936305,0,17,None,66,1,5,False,10,10
10104,69,unweighted,10,0.0995222929936305,0,17,None,66,1,5,False,10,10
10105,65,unweighted,10,0.0995222929936305,0,21,None,66,1,5,False,10,10
10106,66,unweighted,10,0.0995222929936305,0,21,None,66,1,5,False,10,10
10107,67,unweighted,10,0.0995222929936305,0,21,None,66,1,5,False,10,10
10108,68,unweighted,10,0.0995222929936305,0,21,None,66,1,5,False,10,10
10109,69,unweighted,10,0.0995222929936305,0,21,None,66,1,5,False,10,10
10110,65,unweighted,10,0.0995222929936305,0,26,None,66,1,5,False,10,10
10111,66,unweighted,10,0.0995222929936305,0,26,None,66,1,5,False,10,10
10112,67,unweighted,10,0.0992237261146496,0,26,None,66,1,5,False,10,10
10113,68,unweighted,10,0.1106687898089172,0,26,None,66,1,5,False,10,10
10114,69,unweighted,10,0.1686902866242038,0,26,None,66,1,5,False,10,10
10115,65,unweighted,10,0.0995222929936305,0,24,None,66,1,5,False,10,10
10116,66,unweighted,10,0.0995222929936305,0,24,None,66,1,5,False,10,10
10117,67,unweighted,10,0.0995222929936305,0,24,None,66,1,5,False,10,10
10118,68,unweighted,10,0.0995222929936305,0,24,None,66,1,5,False,10,10
10119,69,unweighted,10,0.1318670382165605,0,24,None,66,1,5,False,10,10
10120,65,unweighted,10,0.0995222929936305,0,28,None,66,1,5,False,10,10
10121,66,unweighted,10,0.0995222929936305,0,28,None,66,1,5,False,10,10
10122,67,unweighted,10,0.0995222929936305,0,28,None,66,1,5,False,10,10
10123,68,unweighted,10,0.0995222929936305,0,28,None,66,1,5,False,10,10
10124,69,unweighted,10,0.0995222929936305,0,28,None,66,1,5,False,10,10
10125,65,unweighted,10,0.0995222929936305,0,30,None,66,1,5,False,10,10
10126,66,unweighted,10,0.0995222929936305,0,30,None,66,1,5,False,10,10
10127,67,unweighted,10,0.0995222929936305,0,30,None,66,1,5,False,10,10
10128,68,unweighted,10,0.0995222929936305,0,30,None,66,1,5,False,10,10
10129,69,unweighted,10,0.0995222929936305,0,30,None,66,1,5,False,10,10
10130,65,unweighted,10,0.0995222929936305,0,6,None,66,1,5,False,10,10
10131,66,unweighted,10,0.0995222929936305,0,6,None,66,1,5,False,10,10
10132,67,unweighted,10,0.0995222929936305,0,6,None,66,1,5,False,10,10
10133,68,unweighted,10,0.0995222929936305,0,6,None,66,1,5,False,10,10
10134,69,unweighted,10,0.0995222929936305,0,6,None,66,1,5,False,10,10
10135,65,unweighted,10,0.0995222929936305,0,31,None,66,1,5,False,10,10
10136,66,unweighted,10,0.0995222929936305,0,31,None,66,1,5,False,10,10
10137,67,unweighted,10,0.0995222929936305,0,31,None,66,1,5,False,10,10
10138,68,unweighted,10,0.0995222929936305,0,31,None,66,1,5,False,10,10
10139,69,unweighted,10,0.0995222929936305,0,31,None,66,1,5,False,10,10
10140,65,unweighted,10,0.0995222929936305,0,27,None,66,1,5,False,10,10
10141,66,unweighted,10,0.0995222929936305,0,27,None,66,1,5,False,10,10
10142,67,unweighted,10,0.0995222929936305,0,27,None,66,1,5,False,10,10
10143,68,unweighted,10,0.0995222929936305,0,27,None,66,1,5,False,10,10
10144,69,unweighted,10,0.0995222929936305,0,27,None,66,1,5,False,10,10
10145,65,unweighted,10,0.0995222929936305,0,32,None,66,1,5,False,10,10
10146,66,unweighted,10,0.0995222929936305,0,32,None,66,1,5,False,10,10
10147,67,unweighted,10,0.0995222929936305,0,32,None,66,1,5,False,10,10
10148,68,unweighted,10,0.0995222929936305,0,32,None,66,1,5,False,10,10
10149,69,unweighted,10,0.0995222929936305,0,32,None,66,1,5,False,10,10
10150,65,unweighted,10,0.0995222929936305,0,7,None,66,1,5,False,10,10
10151,66,unweighted,10,0.0995222929936305,0,7,None,66,1,5,False,10,10
10152,67,unweighted,10,0.0995222929936305,0,7,None,66,1,5,False,10,10
10153,68,unweighted,10,0.0995222929936305,0,7,None,66,1,5,False,10,10
10154,69,unweighted,10,0.0995222929936305,0,7,None,66,1,5,False,10,10
10155,65,unweighted,10,0.0995222929936305,0,1,None,66,1,5,False,10,10
10156,66,unweighted,10,0.0995222929936305,0,1,None,66,1,5,False,10,10
10157,67,unweighted,10,0.0995222929936305,0,1,None,66,1,5,False,10,10
10158,68,unweighted,10,0.0995222929936305,0,1,None,66,1,5,False,10,10
10159,69,unweighted,10,0.0995222929936305,0,1,None,66,1,5,False,10,10
10160,65,unweighted,10,0.0995222929936305,0,2,None,66,1,5,False,10,10
10161,66,unweighted,10,0.0995222929936305,0,2,None,66,1,5,False,10,10
10162,67,unweighted,10,0.0995222929936305,0,2,None,66,1,5,False,10,10
10163,68,unweighted,10,0.0995222929936305,0,2,None,66,1,5,False,10,10
10164,69,unweighted,10,0.0995222929936305,0,2,None,66,1,5,False,10,10
10165,65,unweighted,10,0.0995222929936305,0,16,None,66,1,5,False,10,10
10166,66,unweighted,10,0.0995222929936305,0,16,None,66,1,5,False,10,10
10167,67,unweighted,10,0.0995222929936305,0,16,None,66,1,5,False,10,10
10168,68,unweighted,10,0.0995222929936305,0,16,None,66,1,5,False,10,10
10169,69,unweighted,10,0.0995222929936305,0,16,None,66,1,5,False,10,10
10170,65,unweighted,10,0.0995222929936305,0,8,None,66,1,5,False,10,10
10171,66,unweighted,10,0.0995222929936305,0,8,None,66,1,5,False,10,10
10172,67,unweighted,10,0.0995222929936305,0,8,None,66,1,5,False,10,10
10173,68,unweighted,10,0.0995222929936305,0,8,None,66,1,5,False,10,10
10174,69,unweighted,10,0.0995222929936305,0,8,None,66,1,5,False,10,10
10175,65,unweighted,10,0.0995222929936305,0,19,None,66,1,5,False,10,10
10176,66,unweighted,10,0.0995222929936305,0,19,None,66,1,5,False,10,10
10177,67,unweighted,10,0.0995222929936305,0,19,None,66,1,5,False,10,10
10178,68,unweighted,10,0.0995222929936305,0,19,None,66,1,5,False,10,10
10179,69,unweighted,10,0.0995222929936305,0,19,None,66,1,5,False,10,10
10180,65,unweighted,10,0.0995222929936305,0,18,None,66,1,5,False,10,10
10181,66,unweighted,10,0.0995222929936305,0,18,None,66,1,5,False,10,10
10182,67,unweighted,10,0.0995222929936305,0,18,None,66,1,5,False,10,10
10183,68,unweighted,10,0.0995222929936305,0,18,None,66,1,5,False,10,10
10184,69,unweighted,10,0.0995222929936305,0,18,None,66,1,5,False,10,10
10185,65,unweighted,10,0.0995222929936305,0,0,None,66,1,5,False,10,10
10186,66,unweighted,10,0.0995222929936305,0,0,None,66,1,5,False,10,10
10187,67,unweighted,10,0.0995222929936305,0,0,None,66,1,5,False,10,10
10188,68,unweighted,10,0.0995222929936305,0,0,None,66,1,5,False,10,10
10189,69,unweighted,10,0.1011146496815286,0,0,None,66,1,5,False,10,10
10190,65,unweighted,10,0.1173367834394904,0,3,None,66,1,5,False,10,10
10191,66,unweighted,10,0.0995222929936305,0,3,None,66,1,5,False,10,10
10192,67,unweighted,10,0.0995222929936305,0,3,None,66,1,5,False,10,10
10193,68,unweighted,10,0.0995222929936305,0,3,None,66,1,5,False,10,10
10194,69,unweighted,10,0.0995222929936305,0,3,None,66,1,5,False,10,10
10195,65,unweighted,10,0.185609076433121,0,29,None,66,1,5,False,10,10
10196,66,unweighted,10,0.0995222929936305,0,29,None,66,1,5,False,10,10
10197,67,unweighted,10,0.0995222929936305,0,29,None,66,1,5,False,10,10
10198,68,unweighted,10,0.0995222929936305,0,29,None,66,1,5,False,10,10
10199,69,unweighted,10,0.0995222929936305,0,29,None,66,1,5,False,10,10
10200,65,unweighted,10,0.0995222929936305,0,14,None,66,1,5,False,10,10
10201,66,unweighted,10,0.0995222929936305,0,14,None,66,1,5,False,10,10
10202,67,unweighted,10,0.0995222929936305,0,14,None,66,1,5,False,10,10
10203,68,unweighted,10,0.0995222929936305,0,14,None,66,1,5,False,10,10
10204,69,unweighted,10,0.0995222929936305,0,14,None,66,1,5,False,10,10
10205,65,unweighted,10,0.1342555732484076,0,4,None,66,1,5,False,10,10
10206,66,unweighted,10,0.0995222929936305,0,4,None,66,1,5,False,10,10
10207,67,unweighted,10,0.0995222929936305,0,4,None,66,1,5,False,10,10
10208,68,unweighted,10,0.0995222929936305,0,4,None,66,1,5,False,10,10
10209,69,unweighted,10,0.0995222929936305,0,4,None,66,1,5,False,10,10
10210,65,unweighted,10,0.0995222929936305,0,22,None,66,1,5,False,10,10
10211,66,unweighted,10,0.0995222929936305,0,22,None,66,1,5,False,10,10
10212,67,unweighted,10,0.0995222929936305,0,22,None,66,1,5,False,10,10
10213,68,unweighted,10,0.0995222929936305,0,22,None,66,1,5,False,10,10
10214,69,unweighted,10,0.0995222929936305,0,22,None,66,1,5,False,10,10
10215,65,unweighted,10,0.1183320063694267,0,9,None,66,1,5,False,10,10
10216,66,unweighted,10,0.0995222929936305,0,9,None,66,1,5,False,10,10
10217,67,unweighted,10,0.0995222929936305,0,9,None,66,1,5,False,10,10
10218,68,unweighted,10,0.0995222929936305,0,9,None,66,1,5,False,10,10
10219,69,unweighted,10,0.0995222929936305,0,9,None,66,1,5,False,10,10
10220,65,unweighted,10,0.0995222929936305,0,12,None,66,1,5,False,10,10
10221,66,unweighted,10,0.0995222929936305,0,12,None,66,1,5,False,10,10
10222,67,unweighted,10,0.0995222929936305,0,12,None,66,1,5,False,10,10
10223,68,unweighted,10,0.0995222929936305,0,12,None,66,1,5,False,10,10
10224,69,unweighted,10,0.0995222929936305,0,12,None,66,1,5,False,10,10
10225,65,unweighted,10,0.0993232484076433,0,25,None,66,1,5,False,10,10
10226,66,unweighted,10,0.1141520700636942,0,25,None,66,1,5,False,10,10
10227,67,unweighted,10,0.0995222929936305,0,25,None,66,1,5,False,10,10
10228,68,unweighted,10,0.0995222929936305,0,25,None,66,1,5,False,10,10
10229,69,unweighted,10,0.0995222929936305,0,25,None,66,1,5,False,10,10
10230,70,unweighted,10,0.1345541401273885,0,24,None,66,1,5,False,10,10
10231,71,unweighted,10,0.1227109872611465,0,24,None,66,1,5,False,10,10
10232,72,unweighted,10,0.1134554140127388,0,24,None,66,1,5,False,10,10
10233,73,unweighted,10,0.1064888535031847,0,24,None,66,1,5,False,10,10
10234,74,unweighted,10,0.1023089171974522,0,24,None,66,1,5,False,10,10
10235,70,unweighted,10,0.0995222929936305,0,31,None,66,1,5,False,10,10
10236,71,unweighted,10,0.1089769108280254,0,31,None,66,1,5,False,10,10
10237,72,unweighted,10,0.0995222929936305,0,31,None,66,1,5,False,10,10
10238,73,unweighted,10,0.0995222929936305,0,31,None,66,1,5,False,10,10
10239,74,unweighted,10,0.0995222929936305,0,31,None,66,1,5,False,10,10
10240,70,unweighted,10,0.0995222929936305,0,21,None,66,1,5,False,10,10
10241,71,unweighted,10,0.0995222929936305,0,21,None,66,1,5,False,10,10
10242,72,unweighted,10,0.0995222929936305,0,21,None,66,1,5,False,10,10
10243,73,unweighted,10,0.0995222929936305,0,21,None,66,1,5,False,10,10
10244,74,unweighted,10,0.0995222929936305,0,21,None,66,1,5,False,10,10
10245,70,unweighted,10,0.0995222929936305,0,27,None,66,1,5,False,10,10
10246,71,unweighted,10,0.0995222929936305,0,27,None,66,1,5,False,10,10
10247,72,unweighted,10,0.0995222929936305,0,27,None,66,1,5,False,10,10
10248,73,unweighted,10,0.0995222929936305,0,27,None,66,1,5,False,10,10
10249,74,unweighted,10,0.0995222929936305,0,27,None,66,1,5,False,10,10
10250,70,unweighted,10,0.0995222929936305,0,30,None,66,1,5,False,10,10
10251,71,unweighted,10,0.0995222929936305,0,30,None,66,1,5,False,10,10
10252,72,unweighted,10,0.0995222929936305,0,30,None,66,1,5,False,10,10
10253,73,unweighted,10,0.0995222929936305,0,30,None,66,1,5,False,10,10
10254,74,unweighted,10,0.0995222929936305,0,30,None,66,1,5,False,10,10
10255,70,unweighted,10,0.0995222929936305,0,16,None,66,1,5,False,10,10
10256,71,unweighted,10,0.0995222929936305,0,16,None,66,1,5,False,10,10
10257,72,unweighted,10,0.0995222929936305,0,16,None,66,1,5,False,10,10
10258,73,unweighted,10,0.0995222929936305,0,16,None,66,1,5,False,10,10
10259,74,unweighted,10,0.0995222929936305,0,16,None,66,1,5,False,10,10
10260,70,unweighted,10,0.0995222929936305,0,8,None,66,1,5,False,10,10
10261,71,unweighted,10,0.0995222929936305,0,8,None,66,1,5,False,10,10
10262,72,unweighted,10,0.0995222929936305,0,8,None,66,1,5,False,10,10
10263,73,unweighted,10,0.0995222929936305,0,8,None,66,1,5,False,10,10
10264,74,unweighted,10,0.0995222929936305,0,8,None,66,1,5,False,10,10
10265,70,unweighted,10,0.0995222929936305,0,19,None,66,1,5,False,10,10
10266,71,unweighted,10,0.0995222929936305,0,19,None,66,1,5,False,10,10
10267,72,unweighted,10,0.0995222929936305,0,19,None,66,1,5,False,10,10
10268,73,unweighted,10,0.0995222929936305,0,19,None,66,1,5,False,10,10
10269,74,unweighted,10,0.0995222929936305,0,19,None,66,1,5,False,10,10
10270,70,unweighted,10,0.0995222929936305,0,23,None,66,1,5,False,10,10
10271,71,unweighted,10,0.1003184713375796,0,23,None,66,1,5,False,10,10
10272,72,unweighted,10,0.1045979299363057,0,23,None,66,1,5,False,10,10
10273,73,unweighted,10,0.1086783439490445,0,23,None,66,1,5,False,10,10
10274,74,unweighted,10,0.1122611464968152,0,23,None,66,1,5,False,10,10
10275,70,unweighted,10,0.0995222929936305,0,32,None,66,1,5,False,10,10
10276,71,unweighted,10,0.0995222929936305,0,32,None,66,1,5,False,10,10
10277,72,unweighted,10,0.0995222929936305,0,32,None,66,1,5,False,10,10
10278,73,unweighted,10,0.0995222929936305,0,32,None,66,1,5,False,10,10
10279,74,unweighted,10,0.0995222929936305,0,32,None,66,1,5,False,10,10
10280,70,unweighted,10,0.1044984076433121,0,22,None,66,1,5,False,10,10
10281,71,unweighted,10,0.1538614649681528,0,22,None,66,1,5,False,10,10
10282,72,unweighted,10,0.1237062101910828,0,22,None,66,1,5,False,10,10
10283,73,unweighted,10,0.0995222929936305,0,22,None,66,1,5,False,10,10
10284,74,unweighted,10,0.1689888535031847,0,22,None,66,1,5,False,10,10
10285,70,unweighted,10,0.0995222929936305,0,14,None,66,1,5,False,10,10
10286,71,unweighted,10,0.0995222929936305,0,14,None,66,1,5,False,10,10
10287,72,unweighted,10,0.0995222929936305,0,14,None,66,1,5,False,10,10
10288,73,unweighted,10,0.0995222929936305,0,14,None,66,1,5,False,10,10
10289,74,unweighted,10,0.0995222929936305,0,14,None,66,1,5,False,10,10
10290,70,unweighted,10,0.0995222929936305,0,29,None,66,1,5,False,10,10
10291,71,unweighted,10,0.1083797770700636,0,29,None,66,1,5,False,10,10
10292,72,unweighted,10,0.0995222929936305,0,29,None,66,1,5,False,10,10
10293,73,unweighted,10,0.0995222929936305,0,29,None,66,1,5,False,10,10
10294,74,unweighted,10,0.0995222929936305,0,29,None,66,1,5,False,10,10
10295,70,unweighted,10,0.0995222929936305,0,25,None,66,1,5,False,10,10
10296,71,unweighted,10,0.0995222929936305,0,25,None,66,1,5,False,10,10
10297,72,unweighted,10,0.0995222929936305,0,25,None,66,1,5,False,10,10
10298,73,unweighted,10,0.0995222929936305,0,25,None,66,1,5,False,10,10
10299,74,unweighted,10,0.0995222929936305,0,25,None,66,1,5,False,10,10
10300,70,unweighted,10,0.2101910828025477,0,13,None,66,1,5,False,10,10
10301,71,unweighted,10,0.1476910828025477,0,13,None,66,1,5,False,10,10
10302,72,unweighted,10,0.1012141719745222,0,13,None,66,1,5,False,10,10
10303,73,unweighted,10,0.0995222929936305,0,13,None,66,1,5,False,10,10
10304,74,unweighted,10,0.0995222929936305,0,13,None,66,1,5,False,10,10
10305,70,unweighted,10,0.0995222929936305,0,26,None,66,1,5,False,10,10
10306,71,unweighted,10,0.0995222929936305,0,26,None,66,1,5,False,10,10
10307,72,unweighted,10,0.0995222929936305,0,26,None,66,1,5,False,10,10
10308,73,unweighted,10,0.1232085987261146,0,26,None,66,1,5,False,10,10
10309,74,unweighted,10,0.1686902866242038,0,26,None,66,1,5,False,10,10
10310,70,unweighted,10,0.0995222929936305,0,6,None,66,1,5,False,10,10
10311,71,unweighted,10,0.0995222929936305,0,6,None,66,1,5,False,10,10
10312,72,unweighted,10,0.0995222929936305,0,6,None,66,1,5,False,10,10
10313,73,unweighted,10,0.0995222929936305,0,6,None,66,1,5,False,10,10
10314,74,unweighted,10,0.0995222929936305,0,6,None,66,1,5,False,10,10
10315,70,unweighted,10,0.0995222929936305,0,1,None,66,1,5,False,10,10
10316,71,unweighted,10,0.0995222929936305,0,1,None,66,1,5,False,10,10
10317,72,unweighted,10,0.0995222929936305,0,1,None,66,1,5,False,10,10
10318,73,unweighted,10,0.0995222929936305,0,1,None,66,1,5,False,10,10
10319,74,unweighted,10,0.0995222929936305,0,1,None,66,1,5,False,10,10
10320,70,unweighted,10,0.0995222929936305,0,2,None,66,1,5,False,10,10
10321,71,unweighted,10,0.0995222929936305,0,2,None,66,1,5,False,10,10
10322,72,unweighted,10,0.0995222929936305,0,2,None,66,1,5,False,10,10
10323,73,unweighted,10,0.0995222929936305,0,2,None,66,1,5,False,10,10
10324,74,unweighted,10,0.0995222929936305,0,2,None,66,1,5,False,10,10
10325,70,unweighted,10,0.176453025477707,0,0,None,66,1,5,False,10,10
10326,71,unweighted,10,0.1065883757961783,0,0,None,66,1,5,False,10,10
10327,72,unweighted,10,0.1015127388535031,0,0,None,66,1,5,False,10,10
10328,73,unweighted,10,0.0994227707006369,0,0,None,66,1,5,False,10,10
10329,74,unweighted,10,0.0995222929936305,0,0,None,66,1,5,False,10,10
10330,70,unweighted,10,0.0995222929936305,0,3,None,66,1,5,False,10,10
10331,71,unweighted,10,0.0995222929936305,0,3,None,66,1,5,False,10,10
10332,72,unweighted,10,0.0995222929936305,0,3,None,66,1,5,False,10,10
10333,73,unweighted,10,0.0995222929936305,0,3,None,66,1,5,False,10,10
10334,74,unweighted,10,0.0995222929936305,0,3,None,66,1,5,False,10,10
10335,70,unweighted,10,0.0995222929936305,0,5,None,66,1,5,False,10,10
10336,71,unweighted,10,0.0995222929936305,0,5,None,66,1,5,False,10,10
10337,72,unweighted,10,0.0995222929936305,0,5,None,66,1,5,False,10,10
10338,73,unweighted,10,0.0995222929936305,0,5,None,66,1,5,False,10,10
10339,74,unweighted,10,0.1510748407643312,0,5,None,66,1,5,False,10,10
10340,70,unweighted,10,0.1575437898089172,0,4,None,66,1,5,False,10,10
10341,71,unweighted,10,0.1021098726114649,0,4,None,66,1,5,False,10,10
10342,72,unweighted,10,0.0995222929936305,0,4,None,66,1,5,False,10,10
10343,73,unweighted,10,0.0995222929936305,0,4,None,66,1,5,False,10,10
10344,74,unweighted,10,0.0995222929936305,0,4,None,66,1,5,False,10,10
10345,70,unweighted,10,0.168093152866242,0,7,None,66,1,5,False,10,10
10346,71,unweighted,10,0.1611265923566879,0,7,None,66,1,5,False,10,10
10347,72,unweighted,10,0.1528662420382165,0,7,None,66,1,5,False,10,10
10348,73,unweighted,10,0.1442078025477707,0,7,None,66,1,5,False,10,10
10349,74,unweighted,10,0.133061305732484,0,7,None,66,1,5,False,10,10
10350,70,unweighted,10,0.0995222929936305,0,9,None,66,1,5,False,10,10
10351,71,unweighted,10,0.0995222929936305,0,9,None,66,1,5,False,10,10
10352,72,unweighted,10,0.0995222929936305,0,9,None,66,1,5,False,10,10
10353,73,unweighted,10,0.0995222929936305,0,9,None,66,1,5,False,10,10
10354,74,unweighted,10,0.0995222929936305,0,9,None,66,1,5,False,10,10
10355,70,unweighted,10,0.0995222929936305,0,10,None,66,1,5,False,10,10
10356,71,unweighted,10,0.0995222929936305,0,10,None,66,1,5,False,10,10
10357,72,unweighted,10,0.0995222929936305,0,10,None,66,1,5,False,10,10
10358,73,unweighted,10,0.0995222929936305,0,10,None,66,1,5,False,10,10
10359,74,unweighted,10,0.0995222929936305,0,10,None,66,1,5,False,10,10
10360,70,unweighted,10,0.1830214968152866,0,11,None,66,1,5,False,10,10
10361,71,unweighted,10,0.1526671974522293,0,11,None,66,1,5,False,10,10
10362,72,unweighted,10,0.1079816878980891,0,11,None,66,1,5,False,10,10
10363,73,unweighted,10,0.0999203821656051,0,11,None,66,1,5,False,10,10
10364,74,unweighted,10,0.1004179936305732,0,11,None,66,1,5,False,10,10
10365,70,unweighted,10,0.0995222929936305,0,12,None,66,1,5,False,10,10
10366,71,unweighted,10,0.0995222929936305,0,12,None,66,1,5,False,10,10
10367,72,unweighted,10,0.0995222929936305,0,12,None,66,1,5,False,10,10
10368,73,unweighted,10,0.0995222929936305,0,12,None,66,1,5,False,10,10
10369,74,unweighted,10,0.0995222929936305,0,12,None,66,1,5,False,10,10
10370,70,unweighted,10,0.0995222929936305,0,15,None,66,1,5,False,10,10
10371,71,unweighted,10,0.0999203821656051,0,15,None,66,1,5,False,10,10
10372,72,unweighted,10,0.1859076433121019,0,15,None,66,1,5,False,10,10
10373,73,unweighted,10,0.1892914012738853,0,15,None,66,1,5,False,10,10
10374,74,unweighted,10,0.1757563694267516,0,15,None,66,1,5,False,10,10
10375,70,unweighted,10,0.0995222929936305,0,17,None,66,1,5,False,10,10
10376,71,unweighted,10,0.0995222929936305,0,17,None,66,1,5,False,10,10
10377,72,unweighted,10,0.1023089171974522,0,17,None,66,1,5,False,10,10
10378,73,unweighted,10,0.1215167197452229,0,17,None,66,1,5,False,10,10
10379,74,unweighted,10,0.1286823248407643,0,17,None,66,1,5,False,10,10
10380,70,unweighted,10,0.1226114649681528,0,18,None,66,1,5,False,10,10
10381,71,unweighted,10,0.1016122611464968,0,18,None,66,1,5,False,10,10
10382,72,unweighted,10,0.1011146496815286,0,18,None,66,1,5,False,10,10
10383,73,unweighted,10,0.1011146496815286,0,18,None,66,1,5,False,10,10
10384,74,unweighted,10,0.1011146496815286,0,18,None,66,1,5,False,10,10
10385,70,unweighted,10,0.0995222929936305,0,20,None,66,1,5,False,10,10
10386,71,unweighted,10,0.1248009554140127,0,20,None,66,1,5,False,10,10
10387,72,unweighted,10,0.0995222929936305,0,20,None,66,1,5,False,10,10
10388,73,unweighted,10,0.0995222929936305,0,20,None,66,1,5,False,10,10
10389,74,unweighted,10,0.0995222929936305,0,20,None,66,1,5,False,10,10
10390,70,unweighted,10,0.1017117834394904,0,28,None,66,1,5,False,10,10
10391,71,unweighted,10,0.0995222929936305,0,28,None,66,1,5,False,10,10
10392,72,unweighted,10,0.0995222929936305,0,28,None,66,1,5,False,10,10
10393,73,unweighted,10,0.0995222929936305,0,28,None,66,1,5,False,10,10
10394,74,unweighted,10,0.0995222929936305,0,28,None,66,1,5,False,10,10
12870,75,unweighted,10,0.0995222929936305,0,1,None,66,1,5,False,10,10
12871,76,unweighted,10,0.0995222929936305,0,1,None,66,1,5,False,10,10
12872,77,unweighted,10,0.103702229299363,0,1,None,66,1,5,False,10,10
12873,78,unweighted,10,0.1267914012738853,0,1,None,66,1,5,False,10,10
12874,79,unweighted,10,0.1453025477707006,0,1,None,66,1,5,False,10,10
12875,75,unweighted,10,0.0995222929936305,0,2,None,66,1,5,False,10,10
12876,76,unweighted,10,0.0995222929936305,0,2,None,66,1,5,False,10,10
12877,77,unweighted,10,0.0995222929936305,0,2,None,66,1,5,False,10,10
12878,78,unweighted,10,0.0995222929936305,0,2,None,66,1,5,False,10,10
12879,79,unweighted,10,0.0995222929936305,0,2,None,66,1,5,False,10,10
12880,75,unweighted,10,0.0995222929936305,0,5,None,66,1,5,False,10,10
12881,76,unweighted,10,0.0995222929936305,0,5,None,66,1,5,False,10,10
12882,77,unweighted,10,0.0995222929936305,0,5,None,66,1,5,False,10,10
12883,78,unweighted,10,0.116640127388535,0,5,None,66,1,5,False,10,10
12884,79,unweighted,10,0.0995222929936305,0,5,None,66,1,5,False,10,10
12885,75,unweighted,10,0.1859076433121019,0,13,None,66,1,5,False,10,10
12886,76,unweighted,10,0.2041202229299363,0,13,None,66,1,5,False,10,10
12887,77,unweighted,10,0.1997412420382165,0,13,None,66,1,5,False,10,10
12888,78,unweighted,10,0.1792396496815286,0,13,None,66,1,5,False,10,10
12889,79,unweighted,10,0.1575437898089172,0,13,None,66,1,5,False,10,10
12890,75,unweighted,10,0.192874203821656,0,15,None,66,1,5,False,10,10
12891,76,unweighted,10,0.1878980891719745,0,15,None,66,1,5,False,10,10
12892,77,unweighted,10,0.2270103503184713,0,15,None,66,1,5,False,10,10
12893,78,unweighted,10,0.1851114649681528,0,15,None,66,1,5,False,10,10
12894,79,unweighted,10,0.1888933121019108,0,15,None,66,1,5,False,10,10
12895,75,unweighted,10,0.0995222929936305,0,10,None,66,1,5,False,10,10
12896,76,unweighted,10,0.0995222929936305,0,10,None,66,1,5,False,10,10
12897,77,unweighted,10,0.0995222929936305,0,10,None,66,1,5,False,10,10
12898,78,unweighted,10,0.0995222929936305,0,10,None,66,1,5,False,10,10
12899,79,unweighted,10,0.0995222929936305,0,10,None,66,1,5,False,10,10
12900,75,unweighted,10,0.0995222929936305,0,16,None,66,1,5,False,10,10
12901,76,unweighted,10,0.0995222929936305,0,16,None,66,1,5,False,10,10
12902,77,unweighted,10,0.0995222929936305,0,16,None,66,1,5,False,10,10
12903,78,unweighted,10,0.0995222929936305,0,16,None,66,1,5,False,10,10
12904,79,unweighted,10,0.0995222929936305,0,16,None,66,1,5,False,10,10
12905,75,unweighted,10,0.1880971337579617,0,11,None,66,1,5,False,10,10
12906,76,unweighted,10,0.1998407643312102,0,11,None,66,1,5,False,10,10
12907,77,unweighted,10,0.1526671974522293,0,11,None,66,1,5,False,10,10
12908,78,unweighted,10,0.1539609872611465,0,11,None,66,1,5,False,10,10
12909,79,unweighted,10,0.1567476114649681,0,11,None,66,1,5,False,10,10
12910,75,unweighted,10,0.1363455414012739,0,20,None,66,1,5,False,10,10
12911,76,unweighted,10,0.1158439490445859,0,20,None,66,1,5,False,10,10
12912,77,unweighted,10,0.1059912420382165,0,20,None,66,1,5,False,10,10
12913,78,unweighted,10,0.158937101910828,0,20,None,66,1,5,False,10,10
12914,79,unweighted,10,0.1768511146496815,0,20,None,66,1,5,False,10,10
12915,75,unweighted,10,0.1165406050955414,0,22,None,66,1,5,False,10,10
12916,76,unweighted,10,0.1357484076433121,0,22,None,66,1,5,False,10,10
12917,77,unweighted,10,0.1492834394904458,0,22,None,66,1,5,False,10,10
12918,78,unweighted,10,0.1203224522292993,0,22,None,66,1,5,False,10,10
12919,79,unweighted,10,0.1388335987261146,0,22,None,66,1,5,False,10,10
12920,75,unweighted,10,0.0995222929936305,0,14,None,66,1,5,False,10,10
12921,76,unweighted,10,0.0995222929936305,0,14,None,66,1,5,False,10,10
12922,77,unweighted,10,0.0995222929936305,0,14,None,66,1,5,False,10,10
12923,78,unweighted,10,0.1012141719745222,0,14,None,66,1,5,False,10,10
12924,79,unweighted,10,0.1227109872611465,0,14,None,66,1,5,False,10,10
12925,75,unweighted,10,0.0995222929936305,0,23,None,66,1,5,False,10,10
12926,76,unweighted,10,0.1002189490445859,0,23,None,66,1,5,False,10,10
12927,77,unweighted,10,0.1023089171974522,0,23,None,66,1,5,False,10,10
12928,78,unweighted,10,0.102906050955414,0,23,None,66,1,5,False,10,10
12929,79,unweighted,10,0.1034036624203821,0,23,None,66,1,5,False,10,10
12930,75,unweighted,10,0.1296775477707006,0,17,None,66,1,5,False,10,10
12931,76,unweighted,10,0.1202229299363057,0,17,None,66,1,5,False,10,10
12932,77,unweighted,10,0.0995222929936305,0,17,None,66,1,5,False,10,10
12933,78,unweighted,10,0.0995222929936305,0,17,None,66,1,5,False,10,10
12934,79,unweighted,10,0.0995222929936305,0,17,None,66,1,5,False,10,10
12935,75,unweighted,10,0.0995222929936305,0,25,None,66,1,5,False,10,10
12936,76,unweighted,10,0.1015127388535031,0,25,None,66,1,5,False,10,10
12937,77,unweighted,10,0.1181329617834394,0,25,None,66,1,5,False,10,10
12938,78,unweighted,10,0.1000199044585987,0,25,None,66,1,5,False,10,10
12939,79,unweighted,10,0.0995222929936305,0,25,None,66,1,5,False,10,10
12940,75,unweighted,10,0.099124203821656,0,26,None,66,1,5,False,10,10
12941,76,unweighted,10,0.1083797770700636,0,26,None,66,1,5,False,10,10
12942,77,unweighted,10,0.1242038216560509,0,26,None,66,1,5,False,10,10
12943,78,unweighted,10,0.1437101910828025,0,26,None,66,1,5,False,10,10
12944,79,unweighted,10,0.1494824840764331,0,26,None,66,1,5,False,10,10
12945,75,unweighted,10,0.0995222929936305,0,12,None,66,1,5,False,10,10
12946,76,unweighted,10,0.0995222929936305,0,12,None,66,1,5,False,10,10
12947,77,unweighted,10,0.0995222929936305,0,12,None,66,1,5,False,10,10
12948,78,unweighted,10,0.0995222929936305,0,12,None,66,1,5,False,10,10
12949,79,unweighted,10,0.1000199044585987,0,12,None,66,1,5,False,10,10
12950,75,unweighted,10,0.1489848726114649,0,28,None,66,1,5,False,10,10
12951,76,unweighted,10,0.1015127388535031,0,28,None,66,1,5,False,10,10
12952,77,unweighted,10,0.0995222929936305,0,28,None,66,1,5,False,10,10
12953,78,unweighted,10,0.0995222929936305,0,28,None,66,1,5,False,10,10
12954,79,unweighted,10,0.0995222929936305,0,28,None,66,1,5,False,10,10
12955,75,unweighted,10,0.1087778662420382,0,3,None,66,1,5,False,10,10
12956,76,unweighted,10,0.0994227707006369,0,3,None,66,1,5,False,10,10
12957,77,unweighted,10,0.0995222929936305,0,3,None,66,1,5,False,10,10
12958,78,unweighted,10,0.0995222929936305,0,3,None,66,1,5,False,10,10
12959,79,unweighted,10,0.0995222929936305,0,3,None,66,1,5,False,10,10
12960,75,unweighted,10,0.1161425159235668,0,29,None,66,1,5,False,10,10
12961,76,unweighted,10,0.107484076433121,0,29,None,66,1,5,False,10,10
12962,77,unweighted,10,0.0995222929936305,0,29,None,66,1,5,False,10,10
12963,78,unweighted,10,0.0995222929936305,0,29,None,66,1,5,False,10,10
12964,79,unweighted,10,0.0995222929936305,0,29,None,66,1,5,False,10,10
12965,75,unweighted,10,0.0995222929936305,0,9,None,66,1,5,False,10,10
12966,76,unweighted,10,0.0995222929936305,0,9,None,66,1,5,False,10,10
12967,77,unweighted,10,0.0995222929936305,0,9,None,66,1,5,False,10,10
12968,78,unweighted,10,0.0995222929936305,0,9,None,66,1,5,False,10,10
12969,79,unweighted,10,0.0995222929936305,0,9,None,66,1,5,False,10,10
12970,75,unweighted,10,0.0995222929936305,0,30,None,66,1,5,False,10,10
12971,76,unweighted,10,0.0995222929936305,0,30,None,66,1,5,False,10,10
12972,77,unweighted,10,0.0995222929936305,0,30,None,66,1,5,False,10,10
12973,78,unweighted,10,0.0995222929936305,0,30,None,66,1,5,False,10,10
12974,79,unweighted,10,0.0995222929936305,0,30,None,66,1,5,False,10,10
12975,75,unweighted,10,0.0995222929936305,0,6,None,66,1,5,False,10,10
12976,76,unweighted,10,0.0995222929936305,0,6,None,66,1,5,False,10,10
12977,77,unweighted,10,0.0995222929936305,0,6,None,66,1,5,False,10,10
12978,78,unweighted,10,0.0995222929936305,0,6,None,66,1,5,False,10,10
12979,79,unweighted,10,0.0995222929936305,0,6,None,66,1,5,False,10,10
12980,75,unweighted,10,0.0995222929936305,0,27,None,66,1,5,False,10,10
12981,76,unweighted,10,0.0995222929936305,0,27,None,66,1,5,False,10,10
12982,77,unweighted,10,0.0995222929936305,0,27,None,66,1,5,False,10,10
12983,78,unweighted,10,0.0995222929936305,0,27,None,66,1,5,False,10,10
12984,79,unweighted,10,0.0995222929936305,0,27,None,66,1,5,False,10,10
12985,75,unweighted,10,0.1776472929936305,0,31,None,66,1,5,False,10,10
12986,76,unweighted,10,0.2114848726114649,0,31,None,66,1,5,False,10,10
12987,77,unweighted,10,0.1337579617834395,0,31,None,66,1,5,False,10,10
12988,78,unweighted,10,0.0999203821656051,0,31,None,66,1,5,False,10,10
12989,79,unweighted,10,0.0995222929936305,0,31,None,66,1,5,False,10,10
12990,75,unweighted,10,0.1701831210191083,0,7,None,66,1,5,False,10,10
12991,76,unweighted,10,0.1629179936305732,0,7,None,66,1,5,False,10,10
12992,77,unweighted,10,0.1550557324840764,0,7,None,66,1,5,False,10,10
12993,78,unweighted,10,0.1456011146496815,0,7,None,66,1,5,False,10,10
12994,79,unweighted,10,0.1346536624203821,0,7,None,66,1,5,False,10,10
12995,75,unweighted,10,0.0995222929936305,0,32,None,66,1,5,False,10,10
12996,76,unweighted,10,0.0995222929936305,0,32,None,66,1,5,False,10,10
12997,77,unweighted,10,0.0995222929936305,0,32,None,66,1,5,False,10,10
12998,78,unweighted,10,0.0995222929936305,0,32,None,66,1,5,False,10,10
12999,79,unweighted,10,0.0995222929936305,0,32,None,66,1,5,False,10,10
13000,75,unweighted,10,0.1115644904458598,0,4,None,66,1,5,False,10,10
13001,76,unweighted,10,0.1449044585987261,0,4,None,66,1,5,False,10,10
13002,77,unweighted,10,0.1577428343949044,0,4,None,66,1,5,False,10,10
13003,78,unweighted,10,0.1418192675159235,0,4,None,66,1,5,False,10,10
13004,79,unweighted,10,0.121218152866242,0,4,None,66,1,5,False,10,10
13005,75,unweighted,10,0.0996218152866242,0,8,None,66,1,5,False,10,10
13006,76,unweighted,10,0.0995222929936305,0,8,None,66,1,5,False,10,10
13007,77,unweighted,10,0.0995222929936305,0,8,None,66,1,5,False,10,10
13008,78,unweighted,10,0.0995222929936305,0,8,None,66,1,5,False,10,10
13009,79,unweighted,10,0.0995222929936305,0,8,None,66,1,5,False,10,10
13010,75,unweighted,10,0.1025079617834394,0,18,None,66,1,5,False,10,10
13011,76,unweighted,10,0.12390525477707,0,18,None,66,1,5,False,10,10
13012,77,unweighted,10,0.1558519108280254,0,18,None,66,1,5,False,10,10
13013,78,unweighted,10,0.1733678343949044,0,18,None,66,1,5,False,10,10
13014,79,unweighted,10,0.1767515923566879,0,18,None,66,1,5,False,10,10
13015,75,unweighted,10,0.0995222929936305,0,19,None,66,1,5,False,10,10
13016,76,unweighted,10,0.0995222929936305,0,19,None,66,1,5,False,10,10
13017,77,unweighted,10,0.0995222929936305,0,19,None,66,1,5,False,10,10
13018,78,unweighted,10,0.0995222929936305,0,19,None,66,1,5,False,10,10
13019,79,unweighted,10,0.0995222929936305,0,19,None,66,1,5,False,10,10
13020,75,unweighted,10,0.0995222929936305,0,21,None,66,1,5,False,10,10
13021,76,unweighted,10,0.0995222929936305,0,21,None,66,1,5,False,10,10
13022,77,unweighted,10,0.0995222929936305,0,21,None,66,1,5,False,10,10
13023,78,unweighted,10,0.0995222929936305,0,21,None,66,1,5,False,10,10
13024,79,unweighted,10,0.0995222929936305,0,21,None,66,1,5,False,10,10
13025,75,unweighted,10,0.1553542993630573,0,0,None,66,1,5,False,10,10
13026,76,unweighted,10,0.1308718152866242,0,0,None,66,1,5,False,10,10
13027,77,unweighted,10,0.1281847133757961,0,0,None,66,1,5,False,10,10
13028,78,unweighted,10,0.1149482484076433,0,0,None,66,1,5,False,10,10
13029,79,unweighted,10,0.1069864649681528,0,0,None,66,1,5,False,10,10
13030,75,unweighted,10,0.0995222929936305,0,24,None,66,1,5,False,10,10
13031,76,unweighted,10,0.0995222929936305,0,24,None,66,1,5,False,10,10
13032,77,unweighted,10,0.1003184713375796,0,24,None,66,1,5,False,10,10
13033,78,unweighted,10,0.1268909235668789,0,24,None,66,1,5,False,10,10
13034,79,unweighted,10,0.1244028662420382,0,24,None,66,1,5,False,10,10
13035,80,unweighted,10,0.1177348726114649,0,26,None,66,1,5,False,10,10
13036,81,unweighted,10,0.1146496815286624,0,26,None,66,1,5,False,10,10
13037,82,unweighted,10,0.1208200636942675,0,26,None,66,1,5,False,10,10
13038,83,unweighted,10,0.1289808917197452,0,26,None,66,1,5,False,10,10
13039,84,unweighted,10,0.1343550955414012,0,26,None,66,1,5,False,10,10
13040,80,unweighted,10,0.1638136942675159,0,1,None,66,1,5,False,10,10
13041,81,unweighted,10,0.1515724522292993,0,1,None,66,1,5,False,10,10
13042,82,unweighted,10,0.1602308917197452,0,1,None,66,1,5,False,10,10
13043,83,unweighted,10,0.1583399681528662,0,1,None,66,1,5,False,10,10
13044,84,unweighted,10,0.1553542993630573,0,1,None,66,1,5,False,10,10
13045,80,unweighted,10,0.0995222929936305,0,21,None,66,1,5,False,10,10
13046,81,unweighted,10,0.0995222929936305,0,21,None,66,1,5,False,10,10
13047,82,unweighted,10,0.0995222929936305,0,21,None,66,1,5,False,10,10
13048,83,unweighted,10,0.0995222929936305,0,21,None,66,1,5,False,10,10
13049,84,unweighted,10,0.0995222929936305,0,21,None,66,1,5,False,10,10
13050,80,unweighted,10,0.0995222929936305,0,2,None,66,1,5,False,10,10
13051,81,unweighted,10,0.0995222929936305,0,2,None,66,1,5,False,10,10
13052,82,unweighted,10,0.0995222929936305,0,2,None,66,1,5,False,10,10
13053,83,unweighted,10,0.0995222929936305,0,2,None,66,1,5,False,10,10
13054,84,unweighted,10,0.0995222929936305,0,2,None,66,1,5,False,10,10
13055,80,unweighted,10,0.0996218152866242,0,15,None,66,1,5,False,10,10
13056,81,unweighted,10,0.121218152866242,0,15,None,66,1,5,False,10,10
13057,82,unweighted,10,0.1730692675159235,0,15,None,66,1,5,False,10,10
13058,83,unweighted,10,0.1896894904458598,0,15,None,66,1,5,False,10,10
13059,84,unweighted,10,0.1950636942675159,0,15,None,66,1,5,False,10,10
13060,80,unweighted,10,0.0995222929936305,0,20,None,66,1,5,False,10,10
13061,81,unweighted,10,0.1066878980891719,0,20,None,66,1,5,False,10,10
13062,82,unweighted,10,0.1265923566878981,0,20,None,66,1,5,False,10,10
13063,83,unweighted,10,0.0992237261146496,0,20,None,66,1,5,False,10,10
13064,84,unweighted,10,0.1066878980891719,0,20,None,66,1,5,False,10,10
13065,80,unweighted,10,0.0995222929936305,0,10,None,66,1,5,False,10,10
13066,81,unweighted,10,0.0995222929936305,0,10,None,66,1,5,False,10,10
13067,82,unweighted,10,0.0995222929936305,0,10,None,66,1,5,False,10,10
13068,83,unweighted,10,0.0995222929936305,0,10,None,66,1,5,False,10,10
13069,84,unweighted,10,0.0995222929936305,0,10,None,66,1,5,False,10,10
13070,80,unweighted,10,0.1851114649681528,0,22,None,66,1,5,False,10,10
13071,81,unweighted,10,0.1997412420382165,0,22,None,66,1,5,False,10,10
13072,82,unweighted,10,0.1878980891719745,0,22,None,66,1,5,False,10,10
13073,83,unweighted,10,0.1677945859872611,0,22,None,66,1,5,False,10,10
13074,84,unweighted,10,0.1973527070063694,0,22,None,66,1,5,False,10,10
13075,80,unweighted,10,0.0995222929936305,0,5,None,66,1,5,False,10,10
13076,81,unweighted,10,0.0995222929936305,0,5,None,66,1,5,False,10,10
13077,82,unweighted,10,0.0995222929936305,0,5,None,66,1,5,False,10,10
13078,83,unweighted,10,0.1309713375796178,0,5,None,66,1,5,False,10,10
13079,84,unweighted,10,0.0995222929936305,0,5,None,66,1,5,False,10,10
13080,80,unweighted,10,0.1500796178343949,0,6,None,66,1,5,False,10,10
13081,81,unweighted,10,0.1329617834394904,0,6,None,66,1,5,False,10,10
13082,82,unweighted,10,0.119327229299363,0,6,None,66,1,5,False,10,10
13083,83,unweighted,10,0.1148487261146496,0,6,None,66,1,5,False,10,10
13084,84,unweighted,10,0.1155453821656051,0,6,None,66,1,5,False,10,10
13085,80,unweighted,10,0.0995222929936305,0,16,None,66,1,5,False,10,10
13086,81,unweighted,10,0.0995222929936305,0,16,None,66,1,5,False,10,10
13087,82,unweighted,10,0.0995222929936305,0,16,None,66,1,5,False,10,10
13088,83,unweighted,10,0.1070859872611465,0,16,None,66,1,5,False,10,10
13089,84,unweighted,10,0.1305732484076433,0,16,None,66,1,5,False,10,10
13090,80,unweighted,10,0.1695859872611465,0,8,None,66,1,5,False,10,10
13091,81,unweighted,10,0.1655055732484076,0,8,None,66,1,5,False,10,10
13092,82,unweighted,10,0.1610270700636942,0,8,None,66,1,5,False,10,10
13093,83,unweighted,10,0.1586385350318471,0,8,None,66,1,5,False,10,10
13094,84,unweighted,10,0.1585390127388535,0,8,None,66,1,5,False,10,10
13095,80,unweighted,10,0.2403463375796178,0,18,None,66,1,5,False,10,10
13096,81,unweighted,10,0.2205414012738853,0,18,None,66,1,5,False,10,10
13097,82,unweighted,10,0.1852109872611465,0,18,None,66,1,5,False,10,10
13098,83,unweighted,10,0.1746616242038216,0,18,None,66,1,5,False,10,10
13099,84,unweighted,10,0.1750597133757961,0,18,None,66,1,5,False,10,10
13100,80,unweighted,10,0.0995222929936305,0,19,None,66,1,5,False,10,10
13101,81,unweighted,10,0.0995222929936305,0,19,None,66,1,5,False,10,10
13102,82,unweighted,10,0.0995222929936305,0,19,None,66,1,5,False,10,10
13103,83,unweighted,10,0.0995222929936305,0,19,None,66,1,5,False,10,10
13104,84,unweighted,10,0.0995222929936305,0,19,None,66,1,5,False,10,10
13105,80,unweighted,10,0.0995222929936305,0,25,None,66,1,5,False,10,10
13106,81,unweighted,10,0.0995222929936305,0,25,None,66,1,5,False,10,10
13107,82,unweighted,10,0.1005175159235668,0,25,None,66,1,5,False,10,10
13108,83,unweighted,10,0.1136544585987261,0,25,None,66,1,5,False,10,10
13109,84,unweighted,10,0.103702229299363,0,25,None,66,1,5,False,10,10
13110,80,unweighted,10,0.1326632165605095,0,14,None,66,1,5,False,10,10
13111,81,unweighted,10,0.1588375796178344,0,14,None,66,1,5,False,10,10
13112,82,unweighted,10,0.1733678343949044,0,14,None,66,1,5,False,10,10
13113,83,unweighted,10,0.1780453821656051,0,14,None,66,1,5,False,10,10
13114,84,unweighted,10,0.1698845541401273,0,14,None,66,1,5,False,10,10
13115,80,unweighted,10,0.1331608280254777,0,13,None,66,1,5,False,10,10
13116,81,unweighted,10,0.1625199044585987,0,13,None,66,1,5,False,10,10
13117,82,unweighted,10,0.1774482484076433,0,13,None,66,1,5,False,10,10
13118,83,unweighted,10,0.1844148089171974,0,13,None,66,1,5,False,10,10
13119,84,unweighted,10,0.1886942675159235,0,13,None,66,1,5,False,10,10
13120,80,unweighted,10,0.0995222929936305,0,12,None,66,1,5,False,10,10
13121,81,unweighted,10,0.0995222929936305,0,12,None,66,1,5,False,10,10
13122,82,unweighted,10,0.0995222929936305,0,12,None,66,1,5,False,10,10
13123,83,unweighted,10,0.0995222929936305,0,12,None,66,1,5,False,10,10
13124,84,unweighted,10,0.1001194267515923,0,12,None,66,1,5,False,10,10
13125,80,unweighted,10,0.0995222929936305,0,23,None,66,1,5,False,10,10
13126,81,unweighted,10,0.0994227707006369,0,23,None,66,1,5,False,10,10
13127,82,unweighted,10,0.0997213375796178,0,23,None,66,1,5,False,10,10
13128,83,unweighted,10,0.0997213375796178,0,23,None,66,1,5,False,10,10
13129,84,unweighted,10,0.0996218152866242,0,23,None,66,1,5,False,10,10
13130,80,unweighted,10,0.1134554140127388,0,29,None,66,1,5,False,10,10
13131,81,unweighted,10,0.1061902866242038,0,29,None,66,1,5,False,10,10
13132,82,unweighted,10,0.0995222929936305,0,29,None,66,1,5,False,10,10
13133,83,unweighted,10,0.0995222929936305,0,29,None,66,1,5,False,10,10
13134,84,unweighted,10,0.0995222929936305,0,29,None,66,1,5,False,10,10
13135,80,unweighted,10,0.105593152866242,0,9,None,66,1,5,False,10,10
13136,81,unweighted,10,0.1001194267515923,0,9,None,66,1,5,False,10,10
13137,82,unweighted,10,0.0996218152866242,0,9,None,66,1,5,False,10,10
13138,83,unweighted,10,0.0995222929936305,0,9,None,66,1,5,False,10,10
13139,84,unweighted,10,0.0995222929936305,0,9,None,66,1,5,False,10,10
13140,80,unweighted,10,0.1924761146496815,0,11,None,66,1,5,False,10,10
13141,81,unweighted,10,0.1952627388535031,0,11,None,66,1,5,False,10,10
13142,82,unweighted,10,0.2185509554140127,0,11,None,66,1,5,False,10,10
13143,83,unweighted,10,0.2415406050955414,0,11,None,66,1,5,False,10,10
13144,84,unweighted,10,0.2317874203821656,0,11,None,66,1,5,False,10,10
13145,80,unweighted,10,0.0995222929936305,0,17,None,66,1,5,False,10,10
13146,81,unweighted,10,0.0996218152866242,0,17,None,66,1,5,False,10,10
13147,82,unweighted,10,0.1026074840764331,0,17,None,66,1,5,False,10,10
13148,83,unweighted,10,0.1089769108280254,0,17,None,66,1,5,False,10,10
13149,84,unweighted,10,0.1171377388535031,0,17,None,66,1,5,False,10,10
13150,80,unweighted,10,0.1058917197452229,0,7,None,66,1,5,False,10,10
13151,81,unweighted,10,0.1034036624203821,0,7,None,66,1,5,False,10,10
13152,82,unweighted,10,0.1021098726114649,0,7,None,66,1,5,False,10,10
13153,83,unweighted,10,0.1014132165605095,0,7,None,66,1,5,False,10,10
13154,84,unweighted,10,0.1007165605095541,0,7,None,66,1,5,False,10,10
13155,80,unweighted,10,0.0995222929936305,0,32,None,66,1,5,False,10,10
13156,81,unweighted,10,0.0995222929936305,0,32,None,66,1,5,False,10,10
13157,82,unweighted,10,0.0995222929936305,0,32,None,66,1,5,False,10,10
13158,83,unweighted,10,0.0995222929936305,0,32,None,66,1,5,False,10,10
13159,84,unweighted,10,0.0995222929936305,0,32,None,66,1,5,False,10,10
13160,80,unweighted,10,0.1081807324840764,0,4,None,66,1,5,False,10,10
13161,81,unweighted,10,0.1214171974522293,0,4,None,66,1,5,False,10,10
13162,82,unweighted,10,0.1350517515923567,0,4,None,66,1,5,False,10,10
13163,83,unweighted,10,0.1460987261146497,0,4,None,66,1,5,False,10,10
13164,84,unweighted,10,0.152468152866242,0,4,None,66,1,5,False,10,10
13165,80,unweighted,10,0.1249004777070063,0,28,None,66,1,5,False,10,10
13166,81,unweighted,10,0.1580414012738853,0,28,None,66,1,5,False,10,10
13167,82,unweighted,10,0.1473925159235669,0,28,None,66,1,5,False,10,10
13168,83,unweighted,10,0.129578025477707,0,28,None,66,1,5,False,10,10
13169,84,unweighted,10,0.110967356687898,0,28,None,66,1,5,False,10,10
13170,80,unweighted,10,0.0995222929936305,0,3,None,66,1,5,False,10,10
13171,81,unweighted,10,0.0995222929936305,0,3,None,66,1,5,False,10,10
13172,82,unweighted,10,0.0995222929936305,0,3,None,66,1,5,False,10,10
13173,83,unweighted,10,0.0995222929936305,0,3,None,66,1,5,False,10,10
13174,84,unweighted,10,0.0995222929936305,0,3,None,66,1,5,False,10,10
13175,80,unweighted,10,0.1207205414012738,0,24,None,66,1,5,False,10,10
13176,81,unweighted,10,0.1134554140127388,0,24,None,66,1,5,False,10,10
13177,82,unweighted,10,0.1076831210191082,0,24,None,66,1,5,False,10,10
13178,83,unweighted,10,0.1031050955414012,0,24,None,66,1,5,False,10,10
13179,84,unweighted,10,0.101811305732484,0,24,None,66,1,5,False,10,10
13180,80,unweighted,10,0.1152468152866242,0,27,None,66,1,5,False,10,10
13181,81,unweighted,10,0.0995222929936305,0,27,None,66,1,5,False,10,10
13182,82,unweighted,10,0.0995222929936305,0,27,None,66,1,5,False,10,10
13183,83,unweighted,10,0.0995222929936305,0,27,None,66,1,5,False,10,10
13184,84,unweighted,10,0.0995222929936305,0,27,None,66,1,5,False,10,10
13185,80,unweighted,10,0.1088773885350318,0,0,None,66,1,5,False,10,10
13186,81,unweighted,10,0.0995222929936305,0,0,None,66,1,5,False,10,10
13187,82,unweighted,10,0.0995222929936305,0,0,None,66,1,5,False,10,10
13188,83,unweighted,10,0.0995222929936305,0,0,None,66,1,5,False,10,10
13189,84,unweighted,10,0.0995222929936305,0,0,None,66,1,5,False,10,10
13190,80,unweighted,10,0.1586385350318471,0,30,None,66,1,5,False,10,10
13191,81,unweighted,10,0.1586385350318471,0,30,None,66,1,5,False,10,10
13192,82,unweighted,10,0.1600318471337579,0,30,None,66,1,5,False,10,10
13193,83,unweighted,10,0.1624203821656051,0,30,None,66,1,5,False,10,10
13194,84,unweighted,10,0.1650079617834395,0,30,None,66,1,5,False,10,10
13195,80,unweighted,10,0.1792396496815286,0,31,None,66,1,5,False,10,10
13196,81,unweighted,10,0.1625199044585987,0,31,None,66,1,5,False,10,10
13197,82,unweighted,10,0.1376393312101911,0,31,None,66,1,5,False,10,10
13198,83,unweighted,10,0.1578423566878981,0,31,None,66,1,5,False,10,10
13199,84,unweighted,10,0.1622213375796178,0,31,None,66,1,5,False,10,10
16005,85,unweighted,10,0.0995222929936305,0,5,None,66,1,5,False,10,10
16006,86,unweighted,10,0.0995222929936305,0,5,None,66,1,5,False,10,10
16007,87,unweighted,10,0.1064888535031847,0,5,None,66,1,5,False,10,10
16008,88,unweighted,10,0.0995222929936305,0,5,None,66,1,5,False,10,10
16009,89,unweighted,10,0.0995222929936305,0,5,None,66,1,5,False,10,10
16010,85,unweighted,10,0.1099721337579617,0,13,None,66,1,5,False,10,10
16011,86,unweighted,10,0.1235071656050955,0,13,None,66,1,5,False,10,10
16012,87,unweighted,10,0.1356488853503184,0,13,None,66,1,5,False,10,10
16013,88,unweighted,10,0.1467953821656051,0,13,None,66,1,5,False,10,10
16014,89,unweighted,10,0.1534633757961783,0,13,None,66,1,5,False,10,10
16015,85,unweighted,10,0.1696855095541401,0,16,None,66,1,5,False,10,10
16016,86,unweighted,10,0.1973527070063694,0,16,None,66,1,5,False,10,10
16017,87,unweighted,10,0.2119824840764331,0,16,None,66,1,5,False,10,10
16018,88,unweighted,10,0.2097929936305732,0,16,None,66,1,5,False,10,10
16019,89,unweighted,10,0.2019307324840764,0,16,None,66,1,5,False,10,10
16020,85,unweighted,10,0.1535628980891719,0,8,None,66,1,5,False,10,10
16021,86,unweighted,10,0.1600318471337579,0,8,None,66,1,5,False,10,10
16022,87,unweighted,10,0.1617237261146497,0,8,None,66,1,5,False,10,10
16023,88,unweighted,10,0.1621218152866242,0,8,None,66,1,5,False,10,10
16024,89,unweighted,10,0.1623208598726114,0,8,None,66,1,5,False,10,10
16025,85,unweighted,10,0.0995222929936305,0,20,None,66,1,5,False,10,10
16026,86,unweighted,10,0.101811305732484,0,20,None,66,1,5,False,10,10
16027,87,unweighted,10,0.1167396496815286,0,20,None,66,1,5,False,10,10
16028,88,unweighted,10,0.1070859872611465,0,20,None,66,1,5,False,10,10
16029,89,unweighted,10,0.1315684713375796,0,20,None,66,1,5,False,10,10
16030,85,unweighted,10,0.0995222929936305,0,19,None,66,1,5,False,10,10
16031,86,unweighted,10,0.0995222929936305,0,19,None,66,1,5,False,10,10
16032,87,unweighted,10,0.0996218152866242,0,19,None,66,1,5,False,10,10
16033,88,unweighted,10,0.0996218152866242,0,19,None,66,1,5,False,10,10
16034,89,unweighted,10,0.1004179936305732,0,19,None,66,1,5,False,10,10
16035,85,unweighted,10,0.125796178343949,0,14,None,66,1,5,False,10,10
16036,86,unweighted,10,0.118531050955414,0,14,None,66,1,5,False,10,10
16037,87,unweighted,10,0.113953025477707,0,14,None,66,1,5,False,10,10
16038,88,unweighted,10,0.1107683121019108,0,14,None,66,1,5,False,10,10
16039,89,unweighted,10,0.110171178343949,0,14,None,66,1,5,False,10,10
16040,85,unweighted,10,0.1484872611464968,0,22,None,66,1,5,False,10,10
16041,86,unweighted,10,0.1351512738853503,0,22,None,66,1,5,False,10,10
16042,87,unweighted,10,0.1262937898089172,0,22,None,66,1,5,False,10,10
16043,88,unweighted,10,0.1364450636942675,0,22,None,66,1,5,False,10,10
16044,89,unweighted,10,0.1421178343949044,0,22,None,66,1,5,False,10,10
16045,85,unweighted,10,0.0995222929936305,0,23,None,66,1,5,False,10,10
16046,86,unweighted,10,0.0995222929936305,0,23,None,66,1,5,False,10,10
16047,87,unweighted,10,0.0994227707006369,0,23,None,66,1,5,False,10,10
16048,88,unweighted,10,0.0997213375796178,0,23,None,66,1,5,False,10,10
16049,89,unweighted,10,0.0998208598726114,0,23,None,66,1,5,False,10,10
16050,85,unweighted,10,0.0995222929936305,0,21,None,66,1,5,False,10,10
16051,86,unweighted,10,0.0995222929936305,0,21,None,66,1,5,False,10,10
16052,87,unweighted,10,0.0995222929936305,0,21,None,66,1,5,False,10,10
16053,88,unweighted,10,0.0995222929936305,0,21,None,66,1,5,False,10,10
16054,89,unweighted,10,0.0995222929936305,0,21,None,66,1,5,False,10,10
16055,85,unweighted,10,0.0995222929936305,0,25,None,66,1,5,False,10,10
16056,86,unweighted,10,0.0993232484076433,0,25,None,66,1,5,False,10,10
16057,87,unweighted,10,0.1038017515923566,0,25,None,66,1,5,False,10,10
16058,88,unweighted,10,0.0995222929936305,0,25,None,66,1,5,False,10,10
16059,89,unweighted,10,0.0995222929936305,0,25,None,66,1,5,False,10,10
16060,85,unweighted,10,0.1025079617834394,0,26,None,66,1,5,False,10,10
16061,86,unweighted,10,0.1068869426751592,0,26,None,66,1,5,False,10,10
16062,87,unweighted,10,0.1165406050955414,0,26,None,66,1,5,False,10,10
16063,88,unweighted,10,0.1261942675159235,0,26,None,66,1,5,False,10,10
16064,89,unweighted,10,0.1365445859872611,0,26,None,66,1,5,False,10,10
16065,85,unweighted,10,0.0995222929936305,0,12,None,66,1,5,False,10,10
16066,86,unweighted,10,0.0995222929936305,0,12,None,66,1,5,False,10,10
16067,87,unweighted,10,0.1003184713375796,0,12,None,66,1,5,False,10,10
16068,88,unweighted,10,0.1077826433121019,0,12,None,66,1,5,False,10,10
16069,89,unweighted,10,0.1256966560509554,0,12,None,66,1,5,False,10,10
16070,85,unweighted,10,0.1176353503184713,0,28,None,66,1,5,False,10,10
16071,86,unweighted,10,0.102906050955414,0,28,None,66,1,5,False,10,10
16072,87,unweighted,10,0.1178343949044586,0,28,None,66,1,5,False,10,10
16073,88,unweighted,10,0.1333598726114649,0,28,None,66,1,5,False,10,10
16074,89,unweighted,10,0.1470939490445859,0,28,None,66,1,5,False,10,10
16075,85,unweighted,10,0.1038017515923566,0,29,None,66,1,5,False,10,10
16076,86,unweighted,10,0.1088773885350318,0,29,None,66,1,5,False,10,10
16077,87,unweighted,10,0.0995222929936305,0,29,None,66,1,5,False,10,10
16078,88,unweighted,10,0.0995222929936305,0,29,None,66,1,5,False,10,10
16079,89,unweighted,10,0.0995222929936305,0,29,None,66,1,5,False,10,10
16080,85,unweighted,10,0.0995222929936305,0,9,None,66,1,5,False,10,10
16081,86,unweighted,10,0.0995222929936305,0,9,None,66,1,5,False,10,10
16082,87,unweighted,10,0.0995222929936305,0,9,None,66,1,5,False,10,10
16083,88,unweighted,10,0.0995222929936305,0,9,None,66,1,5,False,10,10
16084,89,unweighted,10,0.0995222929936305,0,9,None,66,1,5,False,10,10
16085,85,unweighted,10,0.1579418789808917,0,6,None,66,1,5,False,10,10
16086,86,unweighted,10,0.1607285031847133,0,6,None,66,1,5,False,10,10
16087,87,unweighted,10,0.1626194267515923,0,6,None,66,1,5,False,10,10
16088,88,unweighted,10,0.1623208598726114,0,6,None,66,1,5,False,10,10
16089,89,unweighted,10,0.1618232484076433,0,6,None,66,1,5,False,10,10
16090,85,unweighted,10,0.1957603503184713,0,18,None,66,1,5,False,10,10
16091,86,unweighted,10,0.2267117834394904,0,18,None,66,1,5,False,10,10
16092,87,unweighted,10,0.2400477707006369,0,18,None,66,1,5,False,10,10
16093,88,unweighted,10,0.2506966560509554,0,18,None,66,1,5,False,10,10
16094,89,unweighted,10,0.2269108280254777,0,18,None,66,1,5,False,10,10
16095,85,unweighted,10,0.0995222929936305,0,32,None,66,1,5,False,10,10
16096,86,unweighted,10,0.0995222929936305,0,32,None,66,1,5,False,10,10
16097,87,unweighted,10,0.0995222929936305,0,32,None,66,1,5,False,10,10
16098,88,unweighted,10,0.0995222929936305,0,32,None,66,1,5,False,10,10
16099,89,unweighted,10,0.1000199044585987,0,32,None,66,1,5,False,10,10
16100,85,unweighted,10,0.0995222929936305,0,7,None,66,1,5,False,10,10
16101,86,unweighted,10,0.0995222929936305,0,7,None,66,1,5,False,10,10
16102,87,unweighted,10,0.0995222929936305,0,7,None,66,1,5,False,10,10
16103,88,unweighted,10,0.0996218152866242,0,7,None,66,1,5,False,10,10
16104,89,unweighted,10,0.1004179936305732,0,7,None,66,1,5,False,10,10
16105,85,unweighted,10,0.1916799363057325,0,1,None,66,1,5,False,10,10
16106,86,unweighted,10,0.1776472929936305,0,1,None,66,1,5,False,10,10
16107,87,unweighted,10,0.1681926751592356,0,1,None,66,1,5,False,10,10
16108,88,unweighted,10,0.1573447452229299,0,1,None,66,1,5,False,10,10
16109,89,unweighted,10,0.1501791401273885,0,1,None,66,1,5,False,10,10
16110,85,unweighted,10,0.0995222929936305,0,2,None,66,1,5,False,10,10
16111,86,unweighted,10,0.0995222929936305,0,2,None,66,1,5,False,10,10
16112,87,unweighted,10,0.0995222929936305,0,2,None,66,1,5,False,10,10
16113,88,unweighted,10,0.0995222929936305,0,2,None,66,1,5,False,10,10
16114,89,unweighted,10,0.0995222929936305,0,2,None,66,1,5,False,10,10
16115,85,unweighted,10,0.0995222929936305,0,10,None,66,1,5,False,10,10
16116,86,unweighted,10,0.0995222929936305,0,10,None,66,1,5,False,10,10
16117,87,unweighted,10,0.0995222929936305,0,10,None,66,1,5,False,10,10
16118,88,unweighted,10,0.0995222929936305,0,10,None,66,1,5,False,10,10
16119,89,unweighted,10,0.0996218152866242,0,10,None,66,1,5,False,10,10
16120,85,unweighted,10,0.1014132165605095,0,15,None,66,1,5,False,10,10
16121,86,unweighted,10,0.134952229299363,0,15,None,66,1,5,False,10,10
16122,87,unweighted,10,0.1756568471337579,0,15,None,66,1,5,False,10,10
16123,88,unweighted,10,0.1898885350318471,0,15,None,66,1,5,False,10,10
16124,89,unweighted,10,0.1952627388535031,0,15,None,66,1,5,False,10,10
16125,85,unweighted,10,0.0996218152866242,0,4,None,66,1,5,False,10,10
16126,86,unweighted,10,0.1004179936305732,0,4,None,66,1,5,False,10,10
16127,87,unweighted,10,0.1020103503184713,0,4,None,66,1,5,False,10,10
16128,88,unweighted,10,0.1043988853503184,0,4,None,66,1,5,False,10,10
16129,89,unweighted,10,0.1059912420382165,0,4,None,66,1,5,False,10,10
16130,85,unweighted,10,0.1704816878980891,0,11,None,66,1,5,False,10,10
16131,86,unweighted,10,0.1894904458598726,0,11,None,66,1,5,False,10,10
16132,87,unweighted,10,0.1981488853503184,0,11,None,66,1,5,False,10,10
16133,88,unweighted,10,0.2076035031847133,0,11,None,66,1,5,False,10,10
16134,89,unweighted,10,0.2226313694267516,0,11,None,66,1,5,False,10,10
16135,85,unweighted,10,0.1079816878980891,0,17,None,66,1,5,False,10,10
16136,86,unweighted,10,0.1080812101910828,0,17,None,66,1,5,False,10,10
16137,87,unweighted,10,0.1061902866242038,0,17,None,66,1,5,False,10,10
16138,88,unweighted,10,0.1134554140127388,0,17,None,66,1,5,False,10,10
16139,89,unweighted,10,0.1388335987261146,0,17,None,66,1,5,False,10,10
16140,85,unweighted,10,0.0995222929936305,0,3,None,66,1,5,False,10,10
16141,86,unweighted,10,0.0995222929936305,0,3,None,66,1,5,False,10,10
16142,87,unweighted,10,0.0995222929936305,0,3,None,66,1,5,False,10,10
16143,88,unweighted,10,0.0996218152866242,0,3,None,66,1,5,False,10,10
16144,89,unweighted,10,0.1005175159235668,0,3,None,66,1,5,False,10,10
16145,85,unweighted,10,0.1019108280254777,0,24,None,66,1,5,False,10,10
16146,86,unweighted,10,0.1013136942675159,0,24,None,66,1,5,False,10,10
16147,87,unweighted,10,0.1103702229299363,0,24,None,66,1,5,False,10,10
16148,88,unweighted,10,0.1411226114649681,0,24,None,66,1,5,False,10,10
16149,89,unweighted,10,0.1725716560509554,0,24,None,66,1,5,False,10,10
16150,85,unweighted,10,0.1168391719745222,0,27,None,66,1,5,False,10,10
16151,86,unweighted,10,0.0995222929936305,0,27,None,66,1,5,False,10,10
16152,87,unweighted,10,0.0995222929936305,0,27,None,66,1,5,False,10,10
16153,88,unweighted,10,0.0995222929936305,0,27,None,66,1,5,False,10,10
16154,89,unweighted,10,0.0995222929936305,0,27,None,66,1,5,False,10,10
16155,85,unweighted,10,0.1150477707006369,0,0,None,66,1,5,False,10,10
16156,86,unweighted,10,0.1160429936305732,0,0,None,66,1,5,False,10,10
16157,87,unweighted,10,0.0995222929936305,0,0,None,66,1,5,False,10,10
16158,88,unweighted,10,0.0995222929936305,0,0,None,66,1,5,False,10,10
16159,89,unweighted,10,0.0995222929936305,0,0,None,66,1,5,False,10,10
16160,85,unweighted,10,0.1060907643312101,0,31,None,66,1,5,False,10,10
16161,86,unweighted,10,0.1086783439490445,0,31,None,66,1,5,False,10,10
16162,87,unweighted,10,0.1163415605095541,0,31,None,66,1,5,False,10,10
16163,88,unweighted,10,0.1213176751592356,0,31,None,66,1,5,False,10,10
16164,89,unweighted,10,0.1250995222929936,0,31,None,66,1,5,False,10,10
16165,85,unweighted,10,0.1716759554140127,0,30,None,66,1,5,False,10,10
16166,86,unweighted,10,0.1682921974522293,0,30,None,66,1,5,False,10,10
16167,87,unweighted,10,0.1596337579617834,0,30,None,66,1,5,False,10,10
16168,88,unweighted,10,0.1530652866242038,0,30,None,66,1,5,False,10,10
16169,89,unweighted,10,0.149781050955414,0,30,None,66,1,5,False,10,10
16170,90,unweighted,10,0.1615246815286624,0,24,None,66,1,5,False,10,10
16171,91,unweighted,10,0.1870023885350318,0,24,None,66,1,5,False,10,10
16172,92,unweighted,10,0.1949641719745223,0,24,None,66,1,5,False,10,10
16173,93,unweighted,10,0.1990445859872611,0,24,None,66,1,5,False,10,10
16174,94,unweighted,10,0.205812101910828,0,24,None,66,1,5,False,10,10
16175,90,unweighted,10,0.1454020700636942,0,1,None,66,1,5,False,10,10
16176,91,unweighted,10,0.1471934713375796,0,1,None,66,1,5,False,10,10
16177,92,unweighted,10,0.152468152866242,0,1,None,66,1,5,False,10,10
16178,93,unweighted,10,0.1624203821656051,0,1,None,66,1,5,False,10,10
16179,94,unweighted,10,0.1700835987261146,0,1,None,66,1,5,False,10,10
16180,90,unweighted,10,0.0995222929936305,0,21,None,66,1,5,False,10,10
16181,91,unweighted,10,0.0995222929936305,0,21,None,66,1,5,False,10,10
16182,92,unweighted,10,0.0995222929936305,0,21,None,66,1,5,False,10,10
16183,93,unweighted,10,0.1094745222929936,0,21,None,66,1,5,False,10,10
16184,94,unweighted,10,0.1460987261146497,0,21,None,66,1,5,False,10,10
16185,90,unweighted,10,0.1011146496815286,0,27,None,66,1,5,False,10,10
16186,91,unweighted,10,0.0998208598726114,0,27,None,66,1,5,False,10,10
16187,92,unweighted,10,0.1012141719745222,0,27,None,66,1,5,False,10,10
16188,93,unweighted,10,0.1243033439490445,0,27,None,66,1,5,False,10,10
16189,94,unweighted,10,0.1515724522292993,0,27,None,66,1,5,False,10,10
16190,90,unweighted,10,0.1016122611464968,0,2,None,66,1,5,False,10,10
16191,91,unweighted,10,0.1289808917197452,0,2,None,66,1,5,False,10,10
16192,92,unweighted,10,0.1712778662420382,0,2,None,66,1,5,False,10,10
16193,93,unweighted,10,0.1881966560509554,0,2,None,66,1,5,False,10,10
16194,94,unweighted,10,0.1944665605095541,0,2,None,66,1,5,False,10,10
16195,90,unweighted,10,0.1916799363057325,0,15,None,66,1,5,False,10,10
16196,91,unweighted,10,0.198546974522293,0,15,None,66,1,5,False,10,10
16197,92,unweighted,10,0.203125,0,15,None,66,1,5,False,10,10
16198,93,unweighted,10,0.2114848726114649,0,15,None,66,1,5,False,10,10
16199,94,unweighted,10,0.2281050955414012,0,15,None,66,1,5,False,10,10
16200,90,unweighted,10,0.1104697452229299,0,20,None,66,1,5,False,10,10
16201,91,unweighted,10,0.1470939490445859,0,20,None,66,1,5,False,10,10
16202,92,unweighted,10,0.1423168789808917,0,20,None,66,1,5,False,10,10
16203,93,unweighted,10,0.1686902866242038,0,20,None,66,1,5,False,10,10
16204,94,unweighted,10,0.1785429936305732,0,20,None,66,1,5,False,10,10
16205,90,unweighted,10,0.1066878980891719,0,22,None,66,1,5,False,10,10
16206,91,unweighted,10,0.1096735668789808,0,22,None,66,1,5,False,10,10
16207,92,unweighted,10,0.1189291401273885,0,22,None,66,1,5,False,10,10
16208,93,unweighted,10,0.1439092356687898,0,22,None,66,1,5,False,10,10
16209,94,unweighted,10,0.1238057324840764,0,22,None,66,1,5,False,10,10
16210,90,unweighted,10,0.0996218152866242,0,32,None,66,1,5,False,10,10
16211,91,unweighted,10,0.102906050955414,0,32,None,66,1,5,False,10,10
16212,92,unweighted,10,0.1298765923566879,0,32,None,66,1,5,False,10,10
16213,93,unweighted,10,0.1723726114649681,0,32,None,66,1,5,False,10,10
16214,94,unweighted,10,0.1921775477707006,0,32,None,66,1,5,False,10,10
16215,90,unweighted,10,0.1638136942675159,0,16,None,66,1,5,False,10,10
16216,91,unweighted,10,0.1604299363057325,0,16,None,66,1,5,False,10,10
16217,92,unweighted,10,0.1590366242038216,0,16,None,66,1,5,False,10,10
16218,93,unweighted,10,0.1615246815286624,0,16,None,66,1,5,False,10,10
16219,94,unweighted,10,0.1683917197452229,0,16,None,66,1,5,False,10,10
16220,90,unweighted,10,0.1146496815286624,0,13,None,66,1,5,False,10,10
16221,91,unweighted,10,0.129578025477707,0,13,None,66,1,5,False,10,10
16222,92,unweighted,10,0.1460987261146497,0,13,None,66,1,5,False,10,10
16223,93,unweighted,10,0.1581409235668789,0,13,None,66,1,5,False,10,10
16224,94,unweighted,10,0.1689888535031847,0,13,None,66,1,5,False,10,10
16225,90,unweighted,10,0.0994227707006369,0,23,None,66,1,5,False,10,10
16226,91,unweighted,10,0.0997213375796178,0,23,None,66,1,5,False,10,10
16227,92,unweighted,10,0.1007165605095541,0,23,None,66,1,5,False,10,10
16228,93,unweighted,10,0.1198248407643312,0,23,None,66,1,5,False,10,10
16229,94,unweighted,10,0.1472929936305732,0,23,None,66,1,5,False,10,10
16230,90,unweighted,10,0.1175358280254777,0,28,None,66,1,5,False,10,10
16231,91,unweighted,10,0.0996218152866242,0,28,None,66,1,5,False,10,10
16232,92,unweighted,10,0.1025079617834394,0,28,None,66,1,5,False,10,10
16233,93,unweighted,10,0.1157444267515923,0,28,None,66,1,5,False,10,10
16234,94,unweighted,10,0.1574442675159235,0,28,None,66,1,5,False,10,10
16235,90,unweighted,10,0.2003383757961783,0,18,None,66,1,5,False,10,10
16236,91,unweighted,10,0.2203423566878981,0,18,None,66,1,5,False,10,10
16237,92,unweighted,10,0.2414410828025477,0,18,None,66,1,5,False,10,10
16238,93,unweighted,10,0.2140724522292993,0,18,None,66,1,5,False,10,10
16239,94,unweighted,10,0.2109872611464968,0,18,None,66,1,5,False,10,10
16240,90,unweighted,10,0.1206210191082802,0,8,None,66,1,5,False,10,10
16241,91,unweighted,10,0.1317675159235669,0,8,None,66,1,5,False,10,10
16242,92,unweighted,10,0.141421178343949,0,8,None,66,1,5,False,10,10
16243,93,unweighted,10,0.1474920382165605,0,8,None,66,1,5,False,10,10
16244,94,unweighted,10,0.1523686305732484,0,8,None,66,1,5,False,10,10
16245,90,unweighted,10,0.105593152866242,0,19,None,66,1,5,False,10,10
16246,91,unweighted,10,0.1292794585987261,0,19,None,66,1,5,False,10,10
16247,92,unweighted,10,0.1637141719745223,0,19,None,66,1,5,False,10,10
16248,93,unweighted,10,0.1824243630573248,0,19,None,66,1,5,False,10,10
16249,94,unweighted,10,0.1905851910828025,0,19,None,66,1,5,False,10,10
16250,90,unweighted,10,0.1057921974522293,0,31,None,66,1,5,False,10,10
16251,91,unweighted,10,0.114749203821656,0,31,None,66,1,5,False,10,10
16252,92,unweighted,10,0.1307722929936305,0,31,None,66,1,5,False,10,10
16253,93,unweighted,10,0.1518710191082802,0,31,None,66,1,5,False,10,10
16254,94,unweighted,10,0.1684912420382165,0,31,None,66,1,5,False,10,10
16255,90,unweighted,10,0.1003184713375796,0,5,None,66,1,5,False,10,10
16256,91,unweighted,10,0.109375,0,5,None,66,1,5,False,10,10
16257,92,unweighted,10,0.1015127388535031,0,5,None,66,1,5,False,10,10
16258,93,unweighted,10,0.1273885350318471,0,5,None,66,1,5,False,10,10
16259,94,unweighted,10,0.1848128980891719,0,5,None,66,1,5,False,10,10
16260,90,unweighted,10,0.1005175159235668,0,4,None,66,1,5,False,10,10
16261,91,unweighted,10,0.1024084394904458,0,4,None,66,1,5,False,10,10
16262,92,unweighted,10,0.1051950636942675,0,4,None,66,1,5,False,10,10
16263,93,unweighted,10,0.1091759554140127,0,4,None,66,1,5,False,10,10
16264,94,unweighted,10,0.1162420382165605,0,4,None,66,1,5,False,10,10
16265,90,unweighted,10,0.1020103503184713,0,7,None,66,1,5,False,10,10
16266,91,unweighted,10,0.1086783439490445,0,7,None,66,1,5,False,10,10
16267,92,unweighted,10,0.1226114649681528,0,7,None,66,1,5,False,10,10
16268,93,unweighted,10,0.1871019108280254,0,7,None,66,1,5,False,10,10
16269,94,unweighted,10,0.2162619426751592,0,7,None,66,1,5,False,10,10
16270,90,unweighted,10,0.129578025477707,0,6,None,66,1,5,False,10,10
16271,91,unweighted,10,0.1420183121019108,0,6,None,66,1,5,False,10,10
16272,92,unweighted,10,0.1484872611464968,0,6,None,66,1,5,False,10,10
16273,93,unweighted,10,0.1544585987261146,0,6,None,66,1,5,False,10,10
16274,94,unweighted,10,0.1598328025477707,0,6,None,66,1,5,False,10,10
16275,90,unweighted,10,0.1031050955414012,0,26,None,66,1,5,False,10,10
16276,91,unweighted,10,0.1409235668789809,0,26,None,66,1,5,False,10,10
16277,92,unweighted,10,0.15625,0,26,None,66,1,5,False,10,10
16278,93,unweighted,10,0.1692874203821656,0,26,None,66,1,5,False,10,10
16279,94,unweighted,10,0.177249203821656,0,26,None,66,1,5,False,10,10
16280,90,unweighted,10,0.1001194267515923,0,12,None,66,1,5,False,10,10
16281,91,unweighted,10,0.1382364649681528,0,12,None,66,1,5,False,10,10
16282,92,unweighted,10,0.1572452229299363,0,12,None,66,1,5,False,10,10
16283,93,unweighted,10,0.1721735668789809,0,12,None,66,1,5,False,10,10
16284,94,unweighted,10,0.1801353503184713,0,12,None,66,1,5,False,10,10
16285,90,unweighted,10,0.1280851910828025,0,30,None,66,1,5,False,10,10
16286,91,unweighted,10,0.1374402866242038,0,30,None,66,1,5,False,10,10
16287,92,unweighted,10,0.1467953821656051,0,30,None,66,1,5,False,10,10
16288,93,unweighted,10,0.1550557324840764,0,30,None,66,1,5,False,10,10
16289,94,unweighted,10,0.1629179936305732,0,30,None,66,1,5,False,10,10
16290,90,unweighted,10,0.1450039808917197,0,10,None,66,1,5,False,10,10
16291,91,unweighted,10,0.1560509554140127,0,10,None,66,1,5,False,10,10
16292,92,unweighted,10,0.1778463375796178,0,10,None,66,1,5,False,10,10
16293,93,unweighted,10,0.1890923566878981,0,10,None,66,1,5,False,10,10
16294,94,unweighted,10,0.194765127388535,0,10,None,66,1,5,False,10,10
16295,90,unweighted,10,0.194765127388535,0,11,None,66,1,5,False,10,10
16296,91,unweighted,10,0.1997412420382165,0,11,None,66,1,5,False,10,10
16297,92,unweighted,10,0.2079020700636942,0,11,None,66,1,5,False,10,10
16298,93,unweighted,10,0.2373606687898089,0,11,None,66,1,5,False,10,10
16299,94,unweighted,10,0.1984474522292993,0,11,None,66,1,5,False,10,10
16300,90,unweighted,10,0.1729697452229299,0,17,None,66,1,5,False,10,10
16301,91,unweighted,10,0.1873009554140127,0,17,None,66,1,5,False,10,10
16302,92,unweighted,10,0.2169585987261146,0,17,None,66,1,5,False,10,10
16303,93,unweighted,10,0.1957603503184713,0,17,None,66,1,5,False,10,10
16304,94,unweighted,10,0.1972531847133758,0,17,None,66,1,5,False,10,10
16305,90,unweighted,10,0.114749203821656,0,0,None,66,1,5,False,10,10
16306,91,unweighted,10,0.1045979299363057,0,0,None,66,1,5,False,10,10
16307,92,unweighted,10,0.1131568471337579,0,0,None,66,1,5,False,10,10
16308,93,unweighted,10,0.1225119426751592,0,0,None,66,1,5,False,10,10
16309,94,unweighted,10,0.1367436305732484,0,0,None,66,1,5,False,10,10
16310,90,unweighted,10,0.1191281847133758,0,3,None,66,1,5,False,10,10
16311,91,unweighted,10,0.1427149681528662,0,3,None,66,1,5,False,10,10
16312,92,unweighted,10,0.1746616242038216,0,3,None,66,1,5,False,10,10
16313,93,unweighted,10,0.1905851910828025,0,3,None,66,1,5,False,10,10
16314,94,unweighted,10,0.1954617834394904,0,3,None,66,1,5,False,10,10
16315,90,unweighted,10,0.1285828025477707,0,14,None,66,1,5,False,10,10
16316,91,unweighted,10,0.1268909235668789,0,14,None,66,1,5,False,10,10
16317,92,unweighted,10,0.1297770700636942,0,14,None,66,1,5,False,10,10
16318,93,unweighted,10,0.1370421974522293,0,14,None,66,1,5,False,10,10
16319,94,unweighted,10,0.145999203821656,0,14,None,66,1,5,False,10,10
16320,90,unweighted,10,0.1009156050955414,0,9,None,66,1,5,False,10,10
16321,91,unweighted,10,0.102906050955414,0,9,None,66,1,5,False,10,10
16322,92,unweighted,10,0.109375,0,9,None,66,1,5,False,10,10
16323,93,unweighted,10,0.1191281847133758,0,9,None,66,1,5,False,10,10
16324,94,unweighted,10,0.1305732484076433,0,9,None,66,1,5,False,10,10
16325,90,unweighted,10,0.1040007961783439,0,25,None,66,1,5,False,10,10
16326,91,unweighted,10,0.1183320063694267,0,25,None,66,1,5,False,10,10
16327,92,unweighted,10,0.1321656050955414,0,25,None,66,1,5,False,10,10
16328,93,unweighted,10,0.1476910828025477,0,25,None,66,1,5,False,10,10
16329,94,unweighted,10,0.1607285031847133,0,25,None,66,1,5,False,10,10
16330,90,unweighted,10,0.101811305732484,0,29,None,66,1,5,False,10,10
16331,91,unweighted,10,0.1009156050955414,0,29,None,66,1,5,False,10,10
16332,92,unweighted,10,0.1012141719745222,0,29,None,66,1,5,False,10,10
16333,93,unweighted,10,0.1043988853503184,0,29,None,66,1,5,False,10,10
16334,94,unweighted,10,0.112062101910828,0,29,None,66,1,5,False,10,10
19470,95,unweighted,10,0.1808320063694267,0,1,None,66,1,5,False,10,10
19471,96,unweighted,10,0.179936305732484,0,1,None,66,1,5,False,10,10
19472,97,unweighted,10,0.1681926751592356,0,1,None,66,1,5,False,10,10
19473,98,unweighted,10,0.166202229299363,0,1,None,66,1,5,False,10,10
19474,99,unweighted,10,0.1696855095541401,0,1,None,66,1,5,False,10,10
19475,95,unweighted,10,0.1962579617834395,0,2,None,66,1,5,False,10,10
19476,96,unweighted,10,0.1979498407643312,0,2,None,66,1,5,False,10,10
19477,97,unweighted,10,0.2000398089171974,0,2,None,66,1,5,False,10,10
19478,98,unweighted,10,0.2010350318471337,0,2,None,66,1,5,False,10,10
19479,99,unweighted,10,0.2021297770700637,0,2,None,66,1,5,False,10,10
19480,95,unweighted,10,0.1384355095541401,0,5,None,66,1,5,False,10,10
19481,96,unweighted,10,0.1423168789808917,0,5,None,66,1,5,False,10,10
19482,97,unweighted,10,0.2181528662420382,0,5,None,66,1,5,False,10,10
19483,98,unweighted,10,0.2094944267515923,0,5,None,66,1,5,False,10,10
19484,99,unweighted,10,0.2037221337579617,0,5,None,66,1,5,False,10,10
19485,95,unweighted,10,0.2052149681528662,0,13,None,66,1,5,False,10,10
19486,96,unweighted,10,0.2171576433121019,0,13,None,66,1,5,False,10,10
19487,97,unweighted,10,0.2205414012738853,0,13,None,66,1,5,False,10,10
19488,98,unweighted,10,0.1738654458598726,0,13,None,66,1,5,False,10,10
19489,99,unweighted,10,0.1775477707006369,0,13,None,66,1,5,False,10,10
19490,95,unweighted,10,0.2005374203821656,0,15,None,66,1,5,False,10,10
19491,96,unweighted,10,0.2042197452229299,0,15,None,66,1,5,False,10,10
19492,97,unweighted,10,0.2172571656050955,0,15,None,66,1,5,False,10,10
19493,98,unweighted,10,0.237858280254777,0,15,None,66,1,5,False,10,10
19494,99,unweighted,10,0.1991441082802547,0,15,None,66,1,5,False,10,10
19495,95,unweighted,10,0.1698845541401273,0,16,None,66,1,5,False,10,10
19496,96,unweighted,10,0.1786425159235669,0,16,None,66,1,5,False,10,10
19497,97,unweighted,10,0.1969546178343949,0,16,None,66,1,5,False,10,10
19498,98,unweighted,10,0.2093949044585987,0,16,None,66,1,5,False,10,10
19499,99,unweighted,10,0.190187101910828,0,16,None,66,1,5,False,10,10
19500,95,unweighted,10,0.2252189490445859,0,8,None,66,1,5,False,10,10
19501,96,unweighted,10,0.2302945859872611,0,8,None,66,1,5,False,10,10
19502,97,unweighted,10,0.2289012738853503,0,8,None,66,1,5,False,10,10
19503,98,unweighted,10,0.2280055732484076,0,8,None,66,1,5,False,10,10
19504,99,unweighted,10,0.230593152866242,0,8,None,66,1,5,False,10,10
19505,95,unweighted,10,0.1949641719745223,0,19,None,66,1,5,False,10,10
19506,96,unweighted,10,0.1958598726114649,0,19,None,66,1,5,False,10,10
19507,97,unweighted,10,0.1970541401273885,0,19,None,66,1,5,False,10,10
19508,98,unweighted,10,0.1976512738853503,0,19,None,66,1,5,False,10,10
19509,99,unweighted,10,0.197452229299363,0,19,None,66,1,5,False,10,10
19510,95,unweighted,10,0.1536624203821656,0,14,None,66,1,5,False,10,10
19511,96,unweighted,10,0.1630175159235669,0,14,None,66,1,5,False,10,10
19512,97,unweighted,10,0.1685907643312102,0,14,None,66,1,5,False,10,10
19513,98,unweighted,10,0.175358280254777,0,14,None,66,1,5,False,10,10
19514,99,unweighted,10,0.1794386942675159,0,14,None,66,1,5,False,10,10
19515,95,unweighted,10,0.1445063694267516,0,22,None,66,1,5,False,10,10
19516,96,unweighted,10,0.1652070063694267,0,22,None,66,1,5,False,10,10
19517,97,unweighted,10,0.1542595541401273,0,22,None,66,1,5,False,10,10
19518,98,unweighted,10,0.1598328025477707,0,22,None,66,1,5,False,10,10
19519,99,unweighted,10,0.1655055732484076,0,22,None,66,1,5,False,10,10
19520,95,unweighted,10,0.1574442675159235,0,23,None,66,1,5,False,10,10
19521,96,unweighted,10,0.1664012738853503,0,23,None,66,1,5,False,10,10
19522,97,unweighted,10,0.1781449044585987,0,23,None,66,1,5,False,10,10
19523,98,unweighted,10,0.1865047770700637,0,23,None,66,1,5,False,10,10
19524,99,unweighted,10,0.1925756369426751,0,23,None,66,1,5,False,10,10
19525,95,unweighted,10,0.2078025477707006,0,21,None,66,1,5,False,10,10
19526,96,unweighted,10,0.183718152866242,0,21,None,66,1,5,False,10,10
19527,97,unweighted,10,0.1885947452229299,0,21,None,66,1,5,False,10,10
19528,98,unweighted,10,0.1929737261146497,0,21,None,66,1,5,False,10,10
19529,99,unweighted,10,0.1989450636942675,0,21,None,66,1,5,False,10,10
19530,95,unweighted,10,0.1686902866242038,0,25,None,66,1,5,False,10,10
19531,96,unweighted,10,0.177249203821656,0,25,None,66,1,5,False,10,10
19532,97,unweighted,10,0.1817277070063694,0,25,None,66,1,5,False,10,10
19533,98,unweighted,10,0.1852109872611465,0,25,None,66,1,5,False,10,10
19534,99,unweighted,10,0.1878980891719745,0,25,None,66,1,5,False,10,10
19535,95,unweighted,10,0.1808320063694267,0,26,None,66,1,5,False,10,10
19536,96,unweighted,10,0.1853105095541401,0,26,None,66,1,5,False,10,10
19537,97,unweighted,10,0.1884952229299363,0,26,None,66,1,5,False,10,10
19538,98,unweighted,10,0.1919785031847133,0,26,None,66,1,5,False,10,10
19539,99,unweighted,10,0.1934713375796178,0,26,None,66,1,5,False,10,10
19540,95,unweighted,10,0.1803343949044586,0,12,None,66,1,5,False,10,10
19541,96,unweighted,10,0.1843152866242038,0,12,None,66,1,5,False,10,10
19542,97,unweighted,10,0.188296178343949,0,12,None,66,1,5,False,10,10
19543,98,unweighted,10,0.192078025477707,0,12,None,66,1,5,False,10,10
19544,99,unweighted,10,0.1933718152866242,0,12,None,66,1,5,False,10,10
19545,95,unweighted,10,0.2091958598726114,0,24,None,66,1,5,False,10,10
19546,96,unweighted,10,0.2024283439490445,0,24,None,66,1,5,False,10,10
19547,97,unweighted,10,0.2148686305732484,0,24,None,66,1,5,False,10,10
19548,98,unweighted,10,0.2085987261146497,0,24,None,66,1,5,False,10,10
19549,99,unweighted,10,0.1949641719745223,0,24,None,66,1,5,False,10,10
19550,95,unweighted,10,0.2050159235668789,0,28,None,66,1,5,False,10,10
19551,96,unweighted,10,0.2120820063694267,0,28,None,66,1,5,False,10,10
19552,97,unweighted,10,0.2558718152866242,0,28,None,66,1,5,False,10,10
19553,98,unweighted,10,0.2082006369426751,0,28,None,66,1,5,False,10,10
19554,99,unweighted,10,0.2092953821656051,0,28,None,66,1,5,False,10,10
19555,95,unweighted,10,0.1621218152866242,0,30,None,66,1,5,False,10,10
19556,96,unweighted,10,0.1684912420382165,0,30,None,66,1,5,False,10,10
19557,97,unweighted,10,0.1744625796178344,0,30,None,66,1,5,False,10,10
19558,98,unweighted,10,0.1783439490445859,0,30,None,66,1,5,False,10,10
19559,99,unweighted,10,0.1819267515923567,0,30,None,66,1,5,False,10,10
19560,95,unweighted,10,0.1605294585987261,0,6,None,66,1,5,False,10,10
19561,96,unweighted,10,0.1674960191082802,0,6,None,66,1,5,False,10,10
19562,97,unweighted,10,0.1736664012738853,0,6,None,66,1,5,False,10,10
19563,98,unweighted,10,0.1783439490445859,0,6,None,66,1,5,False,10,10
19564,99,unweighted,10,0.1821257961783439,0,6,None,66,1,5,False,10,10
19565,95,unweighted,10,0.2094944267515923,0,18,None,66,1,5,False,10,10
19566,96,unweighted,10,0.2310907643312102,0,18,None,66,1,5,False,10,10
19567,97,unweighted,10,0.2052149681528662,0,18,None,66,1,5,False,10,10
19568,98,unweighted,10,0.2046178343949044,0,18,None,66,1,5,False,10,10
19569,99,unweighted,10,0.2054140127388535,0,18,None,66,1,5,False,10,10
19570,95,unweighted,10,0.1694864649681528,0,27,None,66,1,5,False,10,10
19571,96,unweighted,10,0.1776472929936305,0,27,None,66,1,5,False,10,10
19572,97,unweighted,10,0.1838176751592356,0,27,None,66,1,5,False,10,10
19573,98,unweighted,10,0.1874004777070063,0,27,None,66,1,5,False,10,10
19574,99,unweighted,10,0.1895899681528662,0,27,None,66,1,5,False,10,10
19575,95,unweighted,10,0.1769506369426751,0,31,None,66,1,5,False,10,10
19576,96,unweighted,10,0.1849124203821656,0,31,None,66,1,5,False,10,10
19577,97,unweighted,10,0.1941679936305732,0,31,None,66,1,5,False,10,10
19578,98,unweighted,10,0.2029259554140127,0,31,None,66,1,5,False,10,10
19579,99,unweighted,10,0.2104896496815286,0,31,None,66,1,5,False,10,10
19580,95,unweighted,10,0.1944665605095541,0,32,None,66,1,5,False,10,10
19581,96,unweighted,10,0.1990445859872611,0,32,None,66,1,5,False,10,10
19582,97,unweighted,10,0.2037221337579617,0,32,None,66,1,5,False,10,10
19583,98,unweighted,10,0.2097929936305732,0,32,None,66,1,5,False,10,10
19584,99,unweighted,10,0.2140724522292993,0,32,None,66,1,5,False,10,10
19585,95,unweighted,10,0.1506767515923567,0,7,None,66,1,5,False,10,10
19586,96,unweighted,10,0.1582404458598726,0,7,None,66,1,5,False,10,10
19587,97,unweighted,10,0.1651074840764331,0,7,None,66,1,5,False,10,10
19588,98,unweighted,10,0.1685907643312102,0,7,None,66,1,5,False,10,10
19589,99,unweighted,10,0.2523885350318471,0,7,None,66,1,5,False,10,10
19590,95,unweighted,10,0.1958598726114649,0,10,None,66,1,5,False,10,10
19591,96,unweighted,10,0.1970541401273885,0,10,None,66,1,5,False,10,10
19592,97,unweighted,10,0.1982484076433121,0,10,None,66,1,5,False,10,10
19593,98,unweighted,10,0.198546974522293,0,10,None,66,1,5,False,10,10
19594,99,unweighted,10,0.1987460191082802,0,10,None,66,1,5,False,10,10
19595,95,unweighted,10,0.216859076433121,0,11,None,66,1,5,False,10,10
19596,96,unweighted,10,0.237858280254777,0,11,None,66,1,5,False,10,10
19597,97,unweighted,10,0.1988455414012739,0,11,None,66,1,5,False,10,10
19598,98,unweighted,10,0.1989450636942675,0,11,None,66,1,5,False,10,10
19599,99,unweighted,10,0.1989450636942675,0,11,None,66,1,5,False,10,10
19600,95,unweighted,10,0.2110867834394904,0,17,None,66,1,5,False,10,10
19601,96,unweighted,10,0.1982484076433121,0,17,None,66,1,5,False,10,10
19602,97,unweighted,10,0.198546974522293,0,17,None,66,1,5,False,10,10
19603,98,unweighted,10,0.1986464968152866,0,17,None,66,1,5,False,10,10
19604,99,unweighted,10,0.198546974522293,0,17,None,66,1,5,False,10,10
19605,95,unweighted,10,0.2016321656050955,0,4,None,66,1,5,False,10,10
19606,96,unweighted,10,0.2127786624203821,0,4,None,66,1,5,False,10,10
19607,97,unweighted,10,0.2261146496815286,0,4,None,66,1,5,False,10,10
19608,98,unweighted,10,0.2364649681528662,0,4,None,66,1,5,False,10,10
19609,99,unweighted,10,0.2420382165605095,0,4,None,66,1,5,False,10,10
19610,95,unweighted,10,0.1958598726114649,0,3,None,66,1,5,False,10,10
19611,96,unweighted,10,0.1970541401273885,0,3,None,66,1,5,False,10,10
19612,97,unweighted,10,0.1988455414012739,0,3,None,66,1,5,False,10,10
19613,98,unweighted,10,0.1998407643312102,0,3,None,66,1,5,False,10,10
19614,99,unweighted,10,0.2009355095541401,0,3,None,66,1,5,False,10,10
19615,95,unweighted,10,0.2170581210191083,0,20,None,66,1,5,False,10,10
19616,96,unweighted,10,0.2094944267515923,0,20,None,66,1,5,False,10,10
19617,97,unweighted,10,0.2100915605095541,0,20,None,66,1,5,False,10,10
19618,98,unweighted,10,0.1923765923566879,0,20,None,66,1,5,False,10,10
19619,99,unweighted,10,0.194765127388535,0,20,None,66,1,5,False,10,10
19620,100,unweighted,10,0.1997412420382165,0,26,None,66,1,5,False,10,10
19621,101,unweighted,10,0.1971536624203821,0,26,None,66,1,5,False,10,10
19622,102,unweighted,10,0.1983479299363057,0,26,None,66,1,5,False,10,10
19623,103,unweighted,10,0.2002388535031847,0,26,None,66,1,5,False,10,10
19624,104,unweighted,10,0.2016321656050955,0,26,None,66,1,5,False,10,10
19625,95,unweighted,10,0.1450039808917197,0,9,None,66,1,5,False,10,10
19626,96,unweighted,10,0.1508757961783439,0,9,None,66,1,5,False,10,10
19627,97,unweighted,10,0.1583399681528662,0,9,None,66,1,5,False,10,10
19628,98,unweighted,10,0.1644108280254777,0,9,None,66,1,5,False,10,10
19629,99,unweighted,10,0.1706807324840764,0,9,None,66,1,5,False,10,10
19630,95,unweighted,10,0.1369426751592356,0,29,None,66,1,5,False,10,10
19631,96,unweighted,10,0.1419187898089172,0,29,None,66,1,5,False,10,10
19632,97,unweighted,10,0.2067078025477707,0,29,None,66,1,5,False,10,10
19633,98,unweighted,10,0.2248208598726114,0,29,None,66,1,5,False,10,10
19634,99,unweighted,10,0.2158638535031847,0,29,None,66,1,5,False,10,10
19635,95,unweighted,10,0.1475915605095541,0,0,None,66,1,5,False,10,10
19636,96,unweighted,10,0.15625,0,0,None,66,1,5,False,10,10
19637,97,unweighted,10,0.163515127388535,0,0,None,66,1,5,False,10,10
19638,98,unweighted,10,0.1693869426751592,0,0,None,66,1,5,False,10,10
19639,99,unweighted,10,0.1756568471337579,0,0,None,66,1,5,False,10,10
19640,100,unweighted,10,0.1779458598726114,0,1,None,66,1,5,False,10,10
19641,101,unweighted,10,0.1802348726114649,0,1,None,66,1,5,False,10,10
19642,102,unweighted,10,0.182921974522293,0,1,None,66,1,5,False,10,10
19643,103,unweighted,10,0.1870023885350318,0,1,None,66,1,5,False,10,10
19644,104,unweighted,10,0.190187101910828,0,1,None,66,1,5,False,10,10
19645,100,unweighted,10,0.1835191082802547,0,14,None,66,1,5,False,10,10
19646,101,unweighted,10,0.1883957006369426,0,14,None,66,1,5,False,10,10
19647,102,unweighted,10,0.1919785031847133,0,14,None,66,1,5,False,10,10
19648,103,unweighted,10,0.1969546178343949,0,14,None,66,1,5,False,10,10
19649,104,unweighted,10,0.2005374203821656,0,14,None,66,1,5,False,10,10
19650,100,unweighted,10,0.1960589171974522,0,25,None,66,1,5,False,10,10
19651,101,unweighted,10,0.1971536624203821,0,25,None,66,1,5,False,10,10
19652,102,unweighted,10,0.1988455414012739,0,25,None,66,1,5,False,10,10
19653,103,unweighted,10,0.2004378980891719,0,25,None,66,1,5,False,10,10
19654,104,unweighted,10,0.2028264331210191,0,25,None,66,1,5,False,10,10
19655,100,unweighted,10,0.1719745222929936,0,29,None,66,1,5,False,10,10
19656,101,unweighted,10,0.1748606687898089,0,29,None,66,1,5,False,10,10
19657,102,unweighted,10,0.2541799363057325,0,29,None,66,1,5,False,10,10
19658,103,unweighted,10,0.221437101910828,0,29,None,66,1,5,False,10,10
19659,104,unweighted,10,0.2133757961783439,0,29,None,66,1,5,False,10,10
19660,100,unweighted,10,0.2024283439490445,0,2,None,66,1,5,False,10,10
19661,101,unweighted,10,0.2027269108280254,0,2,None,66,1,5,False,10,10
19662,102,unweighted,10,0.2034235668789809,0,2,None,66,1,5,False,10,10
19663,103,unweighted,10,0.2043192675159235,0,2,None,66,1,5,False,10,10
19664,104,unweighted,10,0.2047173566878981,0,2,None,66,1,5,False,10,10
19665,100,unweighted,10,0.2155652866242038,0,7,None,66,1,5,False,10,10
19666,101,unweighted,10,0.2161624203821656,0,7,None,66,1,5,False,10,10
19667,102,unweighted,10,0.2116839171974522,0,7,None,66,1,5,False,10,10
19668,103,unweighted,10,0.2138734076433121,0,7,None,66,1,5,False,10,10
19669,104,unweighted,10,0.2113853503184713,0,7,None,66,1,5,False,10,10
19670,100,unweighted,10,0.1759554140127388,0,9,None,66,1,5,False,10,10
19671,101,unweighted,10,0.1792396496815286,0,9,None,66,1,5,False,10,10
19672,102,unweighted,10,0.1836186305732484,0,9,None,66,1,5,False,10,10
19673,103,unweighted,10,0.1886942675159235,0,9,None,66,1,5,False,10,10
19674,104,unweighted,10,0.1917794585987261,0,9,None,66,1,5,False,10,10
19675,100,unweighted,10,0.2382563694267516,0,11,None,66,1,5,False,10,10
19676,101,unweighted,10,0.1990445859872611,0,11,None,66,1,5,False,10,10
19677,102,unweighted,10,0.1990445859872611,0,11,None,66,1,5,False,10,10
19678,103,unweighted,10,0.1990445859872611,0,11,None,66,1,5,False,10,10
19679,104,unweighted,10,0.1990445859872611,0,11,None,66,1,5,False,10,10
19680,100,unweighted,10,0.2089968152866242,0,15,None,66,1,5,False,10,10
19681,101,unweighted,10,0.2342754777070063,0,15,None,66,1,5,False,10,10
19682,102,unweighted,10,0.2133757961783439,0,15,None,66,1,5,False,10,10
19683,103,unweighted,10,0.2033240445859872,0,15,None,66,1,5,False,10,10
19684,104,unweighted,10,0.2042197452229299,0,15,None,66,1,5,False,10,10
19685,100,unweighted,10,0.198546974522293,0,17,None,66,1,5,False,10,10
19686,101,unweighted,10,0.1987460191082802,0,17,None,66,1,5,False,10,10
19687,102,unweighted,10,0.1986464968152866,0,17,None,66,1,5,False,10,10
19688,103,unweighted,10,0.1986464968152866,0,17,None,66,1,5,False,10,10
19689,104,unweighted,10,0.198546974522293,0,17,None,66,1,5,False,10,10
19690,100,unweighted,10,0.2079020700636942,0,20,None,66,1,5,False,10,10
19691,101,unweighted,10,0.1977507961783439,0,20,None,66,1,5,False,10,10
19692,102,unweighted,10,0.198546974522293,0,20,None,66,1,5,False,10,10
19693,103,unweighted,10,0.1981488853503184,0,20,None,66,1,5,False,10,10
19694,104,unweighted,10,0.1968550955414012,0,20,None,66,1,5,False,10,10
19695,100,unweighted,10,0.2002388535031847,0,10,None,66,1,5,False,10,10
19696,101,unweighted,10,0.2008359872611465,0,10,None,66,1,5,False,10,10
19697,102,unweighted,10,0.2009355095541401,0,10,None,66,1,5,False,10,10
19698,103,unweighted,10,0.2011345541401273,0,10,None,66,1,5,False,10,10
19699,104,unweighted,10,0.2017316878980891,0,10,None,66,1,5,False,10,10
19700,100,unweighted,10,0.2120820063694267,0,32,None,66,1,5,False,10,10
19701,101,unweighted,10,0.214968152866242,0,32,None,66,1,5,False,10,10
19702,102,unweighted,10,0.2178542993630573,0,32,None,66,1,5,False,10,10
19703,103,unweighted,10,0.2189490445859872,0,32,None,66,1,5,False,10,10
19704,104,unweighted,10,0.2218351910828025,0,32,None,66,1,5,False,10,10
19705,100,unweighted,10,0.2057125796178344,0,22,None,66,1,5,False,10,10
19706,101,unweighted,10,0.1803343949044586,0,22,None,66,1,5,False,10,10
19707,102,unweighted,10,0.1835191082802547,0,22,None,66,1,5,False,10,10
19708,103,unweighted,10,0.1879976114649681,0,22,None,66,1,5,False,10,10
19709,104,unweighted,10,0.1900875796178344,0,22,None,66,1,5,False,10,10
19710,100,unweighted,10,0.1712778662420382,0,5,None,66,1,5,False,10,10
19711,101,unweighted,10,0.2179538216560509,0,5,None,66,1,5,False,10,10
19712,102,unweighted,10,0.2087977707006369,0,5,None,66,1,5,False,10,10
19713,103,unweighted,10,0.2042197452229299,0,5,None,66,1,5,False,10,10
19714,104,unweighted,10,0.2014331210191083,0,5,None,66,1,5,False,10,10
19715,100,unweighted,10,0.1817277070063694,0,6,None,66,1,5,False,10,10
19716,101,unweighted,10,0.1872014331210191,0,6,None,66,1,5,False,10,10
19717,102,unweighted,10,0.1897890127388535,0,6,None,66,1,5,False,10,10
19718,103,unweighted,10,0.1919785031847133,0,6,None,66,1,5,False,10,10
19719,104,unweighted,10,0.1930732484076433,0,6,None,66,1,5,False,10,10
19720,100,unweighted,10,0.1970541401273885,0,13,None,66,1,5,False,10,10
19721,101,unweighted,10,0.1976512738853503,0,13,None,66,1,5,False,10,10
19722,102,unweighted,10,0.2015326433121019,0,13,None,66,1,5,False,10,10
19723,103,unweighted,10,0.2562699044585987,0,13,None,66,1,5,False,10,10
19724,104,unweighted,10,0.1876990445859872,0,13,None,66,1,5,False,10,10
19725,100,unweighted,10,0.1978503184713375,0,12,None,66,1,5,False,10,10
19726,101,unweighted,10,0.1980493630573248,0,12,None,66,1,5,False,10,10
19727,102,unweighted,10,0.1977507961783439,0,12,None,66,1,5,False,10,10
19728,103,unweighted,10,0.1988455414012739,0,12,None,66,1,5,False,10,10
19729,104,unweighted,10,0.2000398089171974,0,12,None,66,1,5,False,10,10
19730,100,unweighted,10,0.2151671974522293,0,16,None,66,1,5,False,10,10
19731,101,unweighted,10,0.1819267515923567,0,16,None,66,1,5,False,10,10
19732,102,unweighted,10,0.1846138535031847,0,16,None,66,1,5,False,10,10
19733,103,unweighted,10,0.1875995222929936,0,16,None,66,1,5,False,10,10
19734,104,unweighted,10,0.1893909235668789,0,16,None,66,1,5,False,10,10
19735,100,unweighted,10,0.2107882165605095,0,8,None,66,1,5,False,10,10
19736,101,unweighted,10,0.2109872611464968,0,8,None,66,1,5,False,10,10
19737,102,unweighted,10,0.212281050955414,0,8,None,66,1,5,False,10,10
19738,103,unweighted,10,0.2139729299363057,0,8,None,66,1,5,False,10,10
19739,104,unweighted,10,0.2189490445859872,0,8,None,66,1,5,False,10,10
19740,100,unweighted,10,0.2015326433121019,0,18,None,66,1,5,False,10,10
19741,101,unweighted,10,0.2030254777070063,0,18,None,66,1,5,False,10,10
19742,102,unweighted,10,0.2024283439490445,0,18,None,66,1,5,False,10,10
19743,103,unweighted,10,0.203921178343949,0,18,None,66,1,5,False,10,10
19744,104,unweighted,10,0.2037221337579617,0,18,None,66,1,5,False,10,10
19745,100,unweighted,10,0.1979498407643312,0,19,None,66,1,5,False,10,10
19746,101,unweighted,10,0.1975517515923567,0,19,None,66,1,5,False,10,10
19747,102,unweighted,10,0.1970541401273885,0,19,None,66,1,5,False,10,10
19748,103,unweighted,10,0.1971536624203821,0,19,None,66,1,5,False,10,10
19749,104,unweighted,10,0.1975517515923567,0,19,None,66,1,5,False,10,10
19750,100,unweighted,10,0.205812101910828,0,21,None,66,1,5,False,10,10
19751,101,unweighted,10,0.2002388535031847,0,21,None,66,1,5,False,10,10
19752,102,unweighted,10,0.2041202229299363,0,21,None,66,1,5,False,10,10
19753,103,unweighted,10,0.21875,0,21,None,66,1,5,False,10,10
19754,104,unweighted,10,0.2682125796178344,0,21,None,66,1,5,False,10,10
19755,100,unweighted,10,0.1995421974522293,0,23,None,66,1,5,False,10,10
19756,101,unweighted,10,0.1968550955414012,0,23,None,66,1,5,False,10,10
19757,102,unweighted,10,0.2010350318471337,0,23,None,66,1,5,False,10,10
19758,103,unweighted,10,0.2043192675159235,0,23,None,66,1,5,False,10,10
19759,104,unweighted,10,0.2069068471337579,0,23,None,66,1,5,False,10,10
19760,100,unweighted,10,0.2261146496815286,0,4,None,66,1,5,False,10,10
19761,101,unweighted,10,0.2296974522292993,0,4,None,66,1,5,False,10,10
19762,102,unweighted,10,0.2361664012738853,0,4,None,66,1,5,False,10,10
19763,103,unweighted,10,0.2422372611464968,0,4,None,66,1,5,False,10,10
19764,104,unweighted,10,0.2532842356687898,0,4,None,66,1,5,False,10,10
19765,100,unweighted,10,0.2054140127388535,0,24,None,66,1,5,False,10,10
19766,101,unweighted,10,0.2013335987261146,0,24,None,66,1,5,False,10,10
19767,102,unweighted,10,0.194765127388535,0,24,None,66,1,5,False,10,10
19768,103,unweighted,10,0.1944665605095541,0,24,None,66,1,5,False,10,10
19769,104,unweighted,10,0.1941679936305732,0,24,None,66,1,5,False,10,10
19770,100,unweighted,10,0.1924761146496815,0,27,None,66,1,5,False,10,10
19771,101,unweighted,10,0.1930732484076433,0,27,None,66,1,5,False,10,10
19772,102,unweighted,10,0.1946656050955414,0,27,None,66,1,5,False,10,10
19773,103,unweighted,10,0.1978503184713375,0,27,None,66,1,5,False,10,10
19774,104,unweighted,10,0.2162619426751592,0,27,None,66,1,5,False,10,10
19775,100,unweighted,10,0.1819267515923567,0,30,None,66,1,5,False,10,10
19776,101,unweighted,10,0.1868033439490445,0,30,None,66,1,5,False,10,10
19777,102,unweighted,10,0.2037221337579617,0,30,None,66,1,5,False,10,10
19778,103,unweighted,10,0.1988455414012739,0,30,None,66,1,5,False,10,10
19779,104,unweighted,10,0.1994426751592356,0,30,None,66,1,5,False,10,10
19780,100,unweighted,10,0.2057125796178344,0,31,None,66,1,5,False,10,10
19781,101,unweighted,10,0.214968152866242,0,31,None,66,1,5,False,10,10
19782,102,unweighted,10,0.2208399681528662,0,31,None,66,1,5,False,10,10
19783,103,unweighted,10,0.226015127388535,0,31,None,66,1,5,False,10,10
19784,104,unweighted,10,0.2303941082802547,0,31,None,66,1,5,False,10,10
19785,100,unweighted,10,0.2211385350318471,0,0,None,66,1,5,False,10,10
19786,101,unweighted,10,0.179936305732484,0,0,None,66,1,5,False,10,10
19787,102,unweighted,10,0.1848128980891719,0,0,None,66,1,5,False,10,10
19788,103,unweighted,10,0.1880971337579617,0,0,None,66,1,5,False,10,10
19789,104,unweighted,10,0.1902866242038216,0,0,None,66,1,5,False,10,10
19790,100,unweighted,10,0.2024283439490445,0,3,None,66,1,5,False,10,10
19791,101,unweighted,10,0.2034235668789809,0,3,None,66,1,5,False,10,10
19792,102,unweighted,10,0.2050159235668789,0,3,None,66,1,5,False,10,10
19793,103,unweighted,10,0.2065087579617834,0,3,None,66,1,5,False,10,10
19794,104,unweighted,10,0.2073049363057325,0,3,None,66,1,5,False,10,10
19795,100,unweighted,10,0.2501990445859872,0,28,None,66,1,5,False,10,10
19796,101,unweighted,10,0.2040207006369426,0,28,None,66,1,5,False,10,10
19797,102,unweighted,10,0.2044187898089172,0,28,None,66,1,5,False,10,10
19798,103,unweighted,10,0.2060111464968153,0,28,None,66,1,5,False,10,10
19799,104,unweighted,10,0.2069068471337579,0,28,None,66,1,5,False,10,10
23265,105,unweighted,10,0.1889928343949044,0,1,None,66,1,5,False,10,10
23266,106,unweighted,10,0.1927746815286624,0,1,None,66,1,5,False,10,10
23267,107,unweighted,10,0.1969546178343949,0,1,None,66,1,5,False,10,10
23268,108,unweighted,10,0.2026273885350318,0,1,None,66,1,5,False,10,10
23269,109,unweighted,10,0.2091958598726114,0,1,None,66,1,5,False,10,10
23270,105,unweighted,10,0.196656050955414,0,13,None,66,1,5,False,10,10
23271,106,unweighted,10,0.1979498407643312,0,13,None,66,1,5,False,10,10
23272,107,unweighted,10,0.2625398089171974,0,13,None,66,1,5,False,10,10
23273,108,unweighted,10,0.1908837579617834,0,13,None,66,1,5,False,10,10
23274,109,unweighted,10,0.1918789808917197,0,13,None,66,1,5,False,10,10
23275,105,unweighted,10,0.1906847133757961,0,16,None,66,1,5,False,10,10
23276,106,unweighted,10,0.192874203821656,0,16,None,66,1,5,False,10,10
23277,107,unweighted,10,0.1945660828025477,0,16,None,66,1,5,False,10,10
23278,108,unweighted,10,0.1958598726114649,0,16,None,66,1,5,False,10,10
23279,109,unweighted,10,0.1997412420382165,0,16,None,66,1,5,False,10,10
23280,105,unweighted,10,0.2026273885350318,0,14,None,66,1,5,False,10,10
23281,106,unweighted,10,0.2051154458598726,0,14,None,66,1,5,False,10,10
23282,107,unweighted,10,0.2095939490445859,0,14,None,66,1,5,False,10,10
23283,108,unweighted,10,0.213077229299363,0,14,None,66,1,5,False,10,10
23284,109,unweighted,10,0.2172571656050955,0,14,None,66,1,5,False,10,10
23285,105,unweighted,10,0.2008359872611465,0,19,None,66,1,5,False,10,10
23286,106,unweighted,10,0.2033240445859872,0,19,None,66,1,5,False,10,10
23287,107,unweighted,10,0.2055135350318471,0,19,None,66,1,5,False,10,10
23288,108,unweighted,10,0.2075039808917197,0,19,None,66,1,5,False,10,10
23289,109,unweighted,10,0.2110867834394904,0,19,None,66,1,5,False,10,10
23290,105,unweighted,10,0.2108877388535031,0,26,None,66,1,5,False,10,10
23291,106,unweighted,10,0.2076035031847133,0,26,None,66,1,5,False,10,10
23292,107,unweighted,10,0.2086982484076433,0,26,None,66,1,5,False,10,10
23293,108,unweighted,10,0.2094944267515923,0,26,None,66,1,5,False,10,10
23294,109,unweighted,10,0.2107882165605095,0,26,None,66,1,5,False,10,10
23295,105,unweighted,10,0.1875995222929936,0,29,None,66,1,5,False,10,10
23296,106,unweighted,10,0.1888933121019108,0,29,None,66,1,5,False,10,10
23297,107,unweighted,10,0.1903861464968153,0,29,None,66,1,5,False,10,10
23298,108,unweighted,10,0.1941679936305732,0,29,None,66,1,5,False,10,10
23299,109,unweighted,10,0.2003383757961783,0,29,None,66,1,5,False,10,10
23300,105,unweighted,10,0.2150676751592356,0,31,None,66,1,5,False,10,10
23301,106,unweighted,10,0.2243232484076433,0,31,None,66,1,5,False,10,10
23302,107,unweighted,10,0.2322850318471337,0,31,None,66,1,5,False,10,10
23303,108,unweighted,10,0.2372611464968153,0,31,None,66,1,5,False,10,10
23304,109,unweighted,10,0.2411425159235669,0,31,None,66,1,5,False,10,10
23305,105,unweighted,10,0.1973527070063694,0,30,None,66,1,5,False,10,10
23306,106,unweighted,10,0.2005374203821656,0,30,None,66,1,5,False,10,10
23307,107,unweighted,10,0.2038216560509554,0,30,None,66,1,5,False,10,10
23308,108,unweighted,10,0.2070063694267516,0,30,None,66,1,5,False,10,10
23309,109,unweighted,10,0.2094944267515923,0,30,None,66,1,5,False,10,10
23310,105,unweighted,10,0.2046178343949044,0,2,None,66,1,5,False,10,10
23311,106,unweighted,10,0.2061106687898089,0,2,None,66,1,5,False,10,10
23312,107,unweighted,10,0.2072054140127388,0,2,None,66,1,5,False,10,10
23313,108,unweighted,10,0.2087977707006369,0,2,None,66,1,5,False,10,10
23314,109,unweighted,10,0.2112858280254777,0,2,None,66,1,5,False,10,10
23315,105,unweighted,10,0.1869028662420382,0,5,None,66,1,5,False,10,10
23316,106,unweighted,10,0.2198447452229299,0,5,None,66,1,5,False,10,10
23317,107,unweighted,10,0.2053144904458598,0,5,None,66,1,5,False,10,10
23318,108,unweighted,10,0.2009355095541401,0,5,None,66,1,5,False,10,10
23319,109,unweighted,10,0.2002388535031847,0,5,None,66,1,5,False,10,10
23320,105,unweighted,10,0.199343152866242,0,7,None,66,1,5,False,10,10
23321,106,unweighted,10,0.2014331210191083,0,7,None,66,1,5,False,10,10
23322,107,unweighted,10,0.2108877388535031,0,7,None,66,1,5,False,10,10
23323,108,unweighted,10,0.2230294585987261,0,7,None,66,1,5,False,10,10
23324,109,unweighted,10,0.2251194267515923,0,7,None,66,1,5,False,10,10
23325,105,unweighted,10,0.2461186305732484,0,11,None,66,1,5,False,10,10
23326,106,unweighted,10,0.1999402866242038,0,11,None,66,1,5,False,10,10
23327,107,unweighted,10,0.2009355095541401,0,11,None,66,1,5,False,10,10
23328,108,unweighted,10,0.2018312101910828,0,11,None,66,1,5,False,10,10
23329,109,unweighted,10,0.2044187898089172,0,11,None,66,1,5,False,10,10
23330,105,unweighted,10,0.229796974522293,0,15,None,66,1,5,False,10,10
23331,106,unweighted,10,0.2581608280254777,0,15,None,66,1,5,False,10,10
23332,107,unweighted,10,0.2161624203821656,0,15,None,66,1,5,False,10,10
23333,108,unweighted,10,0.2137738853503184,0,15,None,66,1,5,False,10,10
23334,109,unweighted,10,0.2163614649681528,0,15,None,66,1,5,False,10,10
23335,105,unweighted,10,0.2003383757961783,0,18,None,66,1,5,False,10,10
23336,106,unweighted,10,0.2010350318471337,0,18,None,66,1,5,False,10,10
23337,107,unweighted,10,0.2006369426751592,0,18,None,66,1,5,False,10,10
23338,108,unweighted,10,0.2013335987261146,0,18,None,66,1,5,False,10,10
23339,109,unweighted,10,0.2002388535031847,0,18,None,66,1,5,False,10,10
23340,105,unweighted,10,0.2050159235668789,0,28,None,66,1,5,False,10,10
23341,106,unweighted,10,0.2043192675159235,0,28,None,66,1,5,False,10,10
23342,107,unweighted,10,0.2047173566878981,0,28,None,66,1,5,False,10,10
23343,108,unweighted,10,0.2098925159235669,0,28,None,66,1,5,False,10,10
23344,109,unweighted,10,0.2669187898089172,0,28,None,66,1,5,False,10,10
23345,105,unweighted,10,0.2097929936305732,0,0,None,66,1,5,False,10,10
23346,106,unweighted,10,0.2544785031847134,0,0,None,66,1,5,False,10,10
23347,107,unweighted,10,0.1925756369426751,0,0,None,66,1,5,False,10,10
23348,108,unweighted,10,0.1935708598726114,0,0,None,66,1,5,False,10,10
23349,109,unweighted,10,0.194765127388535,0,0,None,66,1,5,False,10,10
23350,105,unweighted,10,0.2081011146496815,0,3,None,66,1,5,False,10,10
23351,106,unweighted,10,0.2097929936305732,0,3,None,66,1,5,False,10,10
23352,107,unweighted,10,0.2115843949044586,0,3,None,66,1,5,False,10,10
23353,108,unweighted,10,0.2134753184713375,0,3,None,66,1,5,False,10,10
23354,109,unweighted,10,0.2155652866242038,0,3,None,66,1,5,False,10,10
23355,105,unweighted,10,0.2309912420382165,0,4,None,66,1,5,False,10,10
23356,106,unweighted,10,0.2388535031847133,0,4,None,66,1,5,False,10,10
23357,107,unweighted,10,0.2457205414012739,0,4,None,66,1,5,False,10,10
23358,108,unweighted,10,0.2571656050955414,0,4,None,66,1,5,False,10,10
23359,109,unweighted,10,0.3115047770700637,0,4,None,66,1,5,False,10,10
23360,105,unweighted,10,0.1952627388535031,0,6,None,66,1,5,False,10,10
23361,106,unweighted,10,0.1951632165605095,0,6,None,66,1,5,False,10,10
23362,107,unweighted,10,0.1967555732484076,0,6,None,66,1,5,False,10,10
23363,108,unweighted,10,0.198546974522293,0,6,None,66,1,5,False,10,10
23364,109,unweighted,10,0.1988455414012739,0,6,None,66,1,5,False,10,10
23365,105,unweighted,10,0.2115843949044586,0,8,None,66,1,5,False,10,10
23366,106,unweighted,10,0.2161624203821656,0,8,None,66,1,5,False,10,10
23367,107,unweighted,10,0.2243232484076433,0,8,None,66,1,5,False,10,10
23368,108,unweighted,10,0.2750796178343949,0,8,None,66,1,5,False,10,10
23369,109,unweighted,10,0.2113853503184713,0,8,None,66,1,5,False,10,10
23370,105,unweighted,10,0.2042197452229299,0,10,None,66,1,5,False,10,10
23371,106,unweighted,10,0.2053144904458598,0,10,None,66,1,5,False,10,10
23372,107,unweighted,10,0.2059116242038216,0,10,None,66,1,5,False,10,10
23373,108,unweighted,10,0.2061106687898089,0,10,None,66,1,5,False,10,10
23374,109,unweighted,10,0.2070063694267516,0,10,None,66,1,5,False,10,10
23375,105,unweighted,10,0.2064092356687898,0,20,None,66,1,5,False,10,10
23376,106,unweighted,10,0.203921178343949,0,20,None,66,1,5,False,10,10
23377,107,unweighted,10,0.2052149681528662,0,20,None,66,1,5,False,10,10
23378,108,unweighted,10,0.1984474522292993,0,20,None,66,1,5,False,10,10
23379,109,unweighted,10,0.1988455414012739,0,20,None,66,1,5,False,10,10
23380,105,unweighted,10,0.1982484076433121,0,22,None,66,1,5,False,10,10
23381,106,unweighted,10,0.1995421974522293,0,22,None,66,1,5,False,10,10
23382,107,unweighted,10,0.2023288216560509,0,22,None,66,1,5,False,10,10
23383,108,unweighted,10,0.2046178343949044,0,22,None,66,1,5,False,10,10
23384,109,unweighted,10,0.2085987261146497,0,22,None,66,1,5,False,10,10
23385,105,unweighted,10,0.2488057324840764,0,23,None,66,1,5,False,10,10
23386,106,unweighted,10,0.2099920382165605,0,23,None,66,1,5,False,10,10
23387,107,unweighted,10,0.2099920382165605,0,23,None,66,1,5,False,10,10
23388,108,unweighted,10,0.2123805732484076,0,23,None,66,1,5,False,10,10
23389,109,unweighted,10,0.2148686305732484,0,23,None,66,1,5,False,10,10
23390,105,unweighted,10,0.2225318471337579,0,32,None,66,1,5,False,10,10
23391,106,unweighted,10,0.2253184713375796,0,32,None,66,1,5,False,10,10
23392,107,unweighted,10,0.2266122611464968,0,32,None,66,1,5,False,10,10
23393,108,unweighted,10,0.2273089171974522,0,32,None,66,1,5,False,10,10
23394,109,unweighted,10,0.2283041401273885,0,32,None,66,1,5,False,10,10
23395,105,unweighted,10,0.1983479299363057,0,17,None,66,1,5,False,10,10
23396,106,unweighted,10,0.1983479299363057,0,17,None,66,1,5,False,10,10
23397,107,unweighted,10,0.1983479299363057,0,17,None,66,1,5,False,10,10
23398,108,unweighted,10,0.1981488853503184,0,17,None,66,1,5,False,10,10
23399,109,unweighted,10,0.1982484076433121,0,17,None,66,1,5,False,10,10
23400,105,unweighted,10,0.2010350318471337,0,21,None,66,1,5,False,10,10
23401,106,unweighted,10,0.2062101910828025,0,21,None,66,1,5,False,10,10
23402,107,unweighted,10,0.2083001592356688,0,21,None,66,1,5,False,10,10
23403,108,unweighted,10,0.2133757961783439,0,21,None,66,1,5,False,10,10
23404,109,unweighted,10,0.2412420382165605,0,21,None,66,1,5,False,10,10
23405,105,unweighted,10,0.2213375796178344,0,24,None,66,1,5,False,10,10
23406,106,unweighted,10,0.1946656050955414,0,24,None,66,1,5,False,10,10
23407,107,unweighted,10,0.1944665605095541,0,24,None,66,1,5,False,10,10
23408,108,unweighted,10,0.1938694267515923,0,24,None,66,1,5,False,10,10
23409,109,unweighted,10,0.1935708598726114,0,24,None,66,1,5,False,10,10
23410,105,unweighted,10,0.20203025477707,0,27,None,66,1,5,False,10,10
23411,106,unweighted,10,0.201234076433121,0,27,None,66,1,5,False,10,10
23412,107,unweighted,10,0.2010350318471337,0,27,None,66,1,5,False,10,10
23413,108,unweighted,10,0.2003383757961783,0,27,None,66,1,5,False,10,10
23414,109,unweighted,10,0.2357683121019108,0,27,None,66,1,5,False,10,10
23415,105,unweighted,10,0.1931727707006369,0,9,None,66,1,5,False,10,10
23416,106,unweighted,10,0.1943670382165605,0,9,None,66,1,5,False,10,10
23417,107,unweighted,10,0.1956608280254777,0,9,None,66,1,5,False,10,10
23418,108,unweighted,10,0.1975517515923567,0,9,None,66,1,5,False,10,10
23419,109,unweighted,10,0.1997412420382165,0,9,None,66,1,5,False,10,10
23420,105,unweighted,10,0.2017316878980891,0,12,None,66,1,5,False,10,10
23421,106,unweighted,10,0.2017316878980891,0,12,None,66,1,5,False,10,10
23422,107,unweighted,10,0.2025278662420382,0,12,None,66,1,5,False,10,10
23423,108,unweighted,10,0.2061106687898089,0,12,None,66,1,5,False,10,10
23424,109,unweighted,10,0.2083996815286624,0,12,None,66,1,5,False,10,10
23425,105,unweighted,10,0.2042197452229299,0,25,None,66,1,5,False,10,10
23426,106,unweighted,10,0.2063097133757961,0,25,None,66,1,5,False,10,10
23427,107,unweighted,10,0.2089968152866242,0,25,None,66,1,5,False,10,10
23428,108,unweighted,10,0.2115843949044586,0,25,None,66,1,5,False,10,10
23429,109,unweighted,10,0.2138734076433121,0,25,None,66,1,5,False,10,10
23430,110,unweighted,10,0.2334792993630573,0,32,None,66,1,5,False,10,10
23431,111,unweighted,10,0.2349721337579617,0,32,None,66,1,5,False,10,10
23432,112,unweighted,10,0.2358678343949044,0,32,None,66,1,5,False,10,10
23433,113,unweighted,10,0.2373606687898089,0,32,None,66,1,5,False,10,10
23434,114,unweighted,10,0.2407444267515923,0,32,None,66,1,5,False,10,10
23435,110,unweighted,10,0.2040207006369426,0,16,None,66,1,5,False,10,10
23436,111,unweighted,10,0.205812101910828,0,16,None,66,1,5,False,10,10
23437,112,unweighted,10,0.2078025477707006,0,16,None,66,1,5,False,10,10
23438,113,unweighted,10,0.2094944267515923,0,16,None,66,1,5,False,10,10
23439,114,unweighted,10,0.2118829617834395,0,16,None,66,1,5,False,10,10
23440,110,unweighted,10,0.1999402866242038,0,1,None,66,1,5,False,10,10
23441,111,unweighted,10,0.2076035031847133,0,1,None,66,1,5,False,10,10
23442,112,unweighted,10,0.2192476114649681,0,1,None,66,1,5,False,10,10
23443,113,unweighted,10,0.2284036624203821,0,1,None,66,1,5,False,10,10
23444,114,unweighted,10,0.2393511146496815,0,1,None,66,1,5,False,10,10
23445,110,unweighted,10,0.2210390127388535,0,23,None,66,1,5,False,10,10
23446,111,unweighted,10,0.2259156050955414,0,23,None,66,1,5,False,10,10
23447,112,unweighted,10,0.2225318471337579,0,23,None,66,1,5,False,10,10
23448,113,unweighted,10,0.2225318471337579,0,23,None,66,1,5,False,10,10
23449,114,unweighted,10,0.2251194267515923,0,23,None,66,1,5,False,10,10
23450,110,unweighted,10,0.2158638535031847,0,21,None,66,1,5,False,10,10
23451,111,unweighted,10,0.2217356687898089,0,21,None,66,1,5,False,10,10
23452,112,unweighted,10,0.2179538216560509,0,21,None,66,1,5,False,10,10
23453,113,unweighted,10,0.21875,0,21,None,66,1,5,False,10,10
23454,114,unweighted,10,0.2211385350318471,0,21,None,66,1,5,False,10,10
23455,110,unweighted,10,0.1949641719745223,0,24,None,66,1,5,False,10,10
23456,111,unweighted,10,0.1945660828025477,0,24,None,66,1,5,False,10,10
23457,112,unweighted,10,0.1943670382165605,0,24,None,66,1,5,False,10,10
23458,113,unweighted,10,0.1939689490445859,0,24,None,66,1,5,False,10,10
23459,114,unweighted,10,0.1939689490445859,0,24,None,66,1,5,False,10,10
23460,110,unweighted,10,0.2069068471337579,0,27,None,66,1,5,False,10,10
23461,111,unweighted,10,0.2063097133757961,0,27,None,66,1,5,False,10,10
23462,112,unweighted,10,0.2070063694267516,0,27,None,66,1,5,False,10,10
23463,113,unweighted,10,0.206608280254777,0,27,None,66,1,5,False,10,10
23464,114,unweighted,10,0.2070063694267516,0,27,None,66,1,5,False,10,10
23465,110,unweighted,10,0.2142714968152866,0,2,None,66,1,5,False,10,10
23466,111,unweighted,10,0.2171576433121019,0,2,None,66,1,5,False,10,10
23467,112,unweighted,10,0.2194466560509554,0,2,None,66,1,5,False,10,10
23468,113,unweighted,10,0.2215366242038216,0,2,None,66,1,5,False,10,10
23469,114,unweighted,10,0.2246218152866242,0,2,None,66,1,5,False,10,10
23470,110,unweighted,10,0.2083996815286624,0,10,None,66,1,5,False,10,10
23471,111,unweighted,10,0.2095939490445859,0,10,None,66,1,5,False,10,10
23472,112,unweighted,10,0.2109872611464968,0,10,None,66,1,5,False,10,10
23473,113,unweighted,10,0.2131767515923567,0,10,None,66,1,5,False,10,10
23474,114,unweighted,10,0.2148686305732484,0,10,None,66,1,5,False,10,10
23475,110,unweighted,10,0.223328025477707,0,11,None,66,1,5,False,10,10
23476,111,unweighted,10,0.208499203821656,0,11,None,66,1,5,False,10,10
23477,112,unweighted,10,0.2101910828025477,0,11,None,66,1,5,False,10,10
23478,113,unweighted,10,0.211186305732484,0,11,None,66,1,5,False,10,10
23479,114,unweighted,10,0.2153662420382165,0,11,None,66,1,5,False,10,10
23480,110,unweighted,10,0.2573646496815286,0,15,None,66,1,5,False,10,10
23481,111,unweighted,10,0.2750796178343949,0,15,None,66,1,5,False,10,10
23482,112,unweighted,10,0.2484076433121019,0,15,None,66,1,5,False,10,10
23483,113,unweighted,10,0.251890923566879,0,15,None,66,1,5,False,10,10
23484,114,unweighted,10,0.2549761146496815,0,15,None,66,1,5,False,10,10
23485,110,unweighted,10,0.199343152866242,0,17,None,66,1,5,False,10,10
23486,111,unweighted,10,0.1996417197452229,0,17,None,66,1,5,False,10,10
23487,112,unweighted,10,0.1998407643312102,0,17,None,66,1,5,False,10,10
23488,113,unweighted,10,0.2013335987261146,0,17,None,66,1,5,False,10,10
23489,114,unweighted,10,0.2018312101910828,0,17,None,66,1,5,False,10,10
23490,110,unweighted,10,0.2025278662420382,0,28,None,66,1,5,False,10,10
23491,111,unweighted,10,0.2035230891719745,0,28,None,66,1,5,False,10,10
23492,112,unweighted,10,0.2074044585987261,0,28,None,66,1,5,False,10,10
23493,113,unweighted,10,0.268312101910828,0,28,None,66,1,5,False,10,10
23494,114,unweighted,10,0.1994426751592356,0,28,None,66,1,5,False,10,10
23495,110,unweighted,10,0.2090963375796178,0,22,None,66,1,5,False,10,10
23496,111,unweighted,10,0.2128781847133758,0,22,None,66,1,5,False,10,10
23497,112,unweighted,10,0.2182523885350318,0,22,None,66,1,5,False,10,10
23498,113,unweighted,10,0.2219347133757961,0,22,None,66,1,5,False,10,10
23499,114,unweighted,10,0.2265127388535031,0,22,None,66,1,5,False,10,10
23500,110,unweighted,10,0.1925756369426751,0,29,None,66,1,5,False,10,10
23501,111,unweighted,10,0.1972531847133758,0,29,None,66,1,5,False,10,10
23502,112,unweighted,10,0.2029259554140127,0,29,None,66,1,5,False,10,10
23503,113,unweighted,10,0.2071058917197452,0,29,None,66,1,5,False,10,10
23504,114,unweighted,10,0.2108877388535031,0,29,None,66,1,5,False,10,10
23505,110,unweighted,10,0.201234076433121,0,9,None,66,1,5,False,10,10
23506,111,unweighted,10,0.2023288216560509,0,9,None,66,1,5,False,10,10
23507,112,unweighted,10,0.2036226114649681,0,9,None,66,1,5,False,10,10
23508,113,unweighted,10,0.2043192675159235,0,9,None,66,1,5,False,10,10
23509,114,unweighted,10,0.2060111464968153,0,9,None,66,1,5,False,10,10
23510,110,unweighted,10,0.1919785031847133,0,5,None,66,1,5,False,10,10
23511,111,unweighted,10,0.2107882165605095,0,5,None,66,1,5,False,10,10
23512,112,unweighted,10,0.2158638535031847,0,5,None,66,1,5,False,10,10
23513,113,unweighted,10,0.2016321656050955,0,5,None,66,1,5,False,10,10
23514,114,unweighted,10,0.2038216560509554,0,5,None,66,1,5,False,10,10
23515,110,unweighted,10,0.2150676751592356,0,7,None,66,1,5,False,10,10
23516,111,unweighted,10,0.2154657643312102,0,7,None,66,1,5,False,10,10
23517,112,unweighted,10,0.2165605095541401,0,7,None,66,1,5,False,10,10
23518,113,unweighted,10,0.2190485668789809,0,7,None,66,1,5,False,10,10
23519,114,unweighted,10,0.2212380573248407,0,7,None,66,1,5,False,10,10
23520,110,unweighted,10,0.2167595541401273,0,14,None,66,1,5,False,10,10
23521,111,unweighted,10,0.2208399681528662,0,14,None,66,1,5,False,10,10
23522,112,unweighted,10,0.2253184713375796,0,14,None,66,1,5,False,10,10
23523,113,unweighted,10,0.2298964968152866,0,14,None,66,1,5,False,10,10
23524,114,unweighted,10,0.2352707006369426,0,14,None,66,1,5,False,10,10
23525,110,unweighted,10,0.1956608280254777,0,30,None,66,1,5,False,10,10
23526,111,unweighted,10,0.213077229299363,0,30,None,66,1,5,False,10,10
23527,112,unweighted,10,0.2156648089171974,0,30,None,66,1,5,False,10,10
23528,113,unweighted,10,0.2192476114649681,0,30,None,66,1,5,False,10,10
23529,114,unweighted,10,0.2231289808917197,0,30,None,66,1,5,False,10,10
23530,110,unweighted,10,0.2144705414012739,0,25,None,66,1,5,False,10,10
23531,111,unweighted,10,0.2172571656050955,0,25,None,66,1,5,False,10,10
23532,112,unweighted,10,0.2211385350318471,0,25,None,66,1,5,False,10,10
23533,113,unweighted,10,0.2250199044585987,0,25,None,66,1,5,False,10,10
23534,114,unweighted,10,0.2289012738853503,0,25,None,66,1,5,False,10,10
23535,110,unweighted,10,0.1989450636942675,0,13,None,66,1,5,False,10,10
23536,111,unweighted,10,0.2638335987261146,0,13,None,66,1,5,False,10,10
23537,112,unweighted,10,0.1921775477707006,0,13,None,66,1,5,False,10,10
23538,113,unweighted,10,0.1923765923566879,0,13,None,66,1,5,False,10,10
23539,114,unweighted,10,0.1925756369426751,0,13,None,66,1,5,False,10,10
23540,110,unweighted,10,0.267515923566879,0,0,None,66,1,5,False,10,10
23541,111,unweighted,10,0.1950636942675159,0,0,None,66,1,5,False,10,10
23542,112,unweighted,10,0.1958598726114649,0,0,None,66,1,5,False,10,10
23543,113,unweighted,10,0.1960589171974522,0,0,None,66,1,5,False,10,10
23544,114,unweighted,10,0.1962579617834395,0,0,None,66,1,5,False,10,10
23545,110,unweighted,10,0.2065087579617834,0,20,None,66,1,5,False,10,10
23546,111,unweighted,10,0.2433320063694267,0,20,None,66,1,5,False,10,10
23547,112,unweighted,10,0.2006369426751592,0,20,None,66,1,5,False,10,10
23548,113,unweighted,10,0.1999402866242038,0,20,None,66,1,5,False,10,10
23549,114,unweighted,10,0.1992436305732484,0,20,None,66,1,5,False,10,10
23550,110,unweighted,10,0.2410429936305732,0,4,None,66,1,5,False,10,10
23551,111,unweighted,10,0.2494028662420382,0,4,None,66,1,5,False,10,10
23552,112,unweighted,10,0.2853304140127388,0,4,None,66,1,5,False,10,10
23553,113,unweighted,10,0.2955812101910828,0,4,None,66,1,5,False,10,10
23554,114,unweighted,10,0.2529856687898089,0,4,None,66,1,5,False,10,10
23555,110,unweighted,10,0.2283041401273885,0,8,None,66,1,5,False,10,10
23556,111,unweighted,10,0.2864251592356688,0,8,None,66,1,5,False,10,10
23557,112,unweighted,10,0.2228304140127388,0,8,None,66,1,5,False,10,10
23558,113,unweighted,10,0.2253184713375796,0,8,None,66,1,5,False,10,10
23559,114,unweighted,10,0.2303941082802547,0,8,None,66,1,5,False,10,10
23560,110,unweighted,10,0.2089968152866242,0,18,None,66,1,5,False,10,10
23561,111,unweighted,10,0.2078025477707006,0,18,None,66,1,5,False,10,10
23562,112,unweighted,10,0.2081011146496815,0,18,None,66,1,5,False,10,10
23563,113,unweighted,10,0.2083001592356688,0,18,None,66,1,5,False,10,10
23564,114,unweighted,10,0.2091958598726114,0,18,None,66,1,5,False,10,10
23565,110,unweighted,10,0.214968152866242,0,3,None,66,1,5,False,10,10
23566,111,unweighted,10,0.2171576433121019,0,3,None,66,1,5,False,10,10
23567,112,unweighted,10,0.2200437898089172,0,3,None,66,1,5,False,10,10
23568,113,unweighted,10,0.2235270700636942,0,3,None,66,1,5,False,10,10
23569,114,unweighted,10,0.2255175159235669,0,3,None,66,1,5,False,10,10
23570,110,unweighted,10,0.2136743630573248,0,19,None,66,1,5,False,10,10
23571,111,unweighted,10,0.2161624203821656,0,19,None,66,1,5,False,10,10
23572,112,unweighted,10,0.21875,0,19,None,66,1,5,False,10,10
23573,113,unweighted,10,0.2229299363057325,0,19,None,66,1,5,False,10,10
23574,114,unweighted,10,0.226811305732484,0,19,None,66,1,5,False,10,10
23575,110,unweighted,10,0.2296974522292993,0,31,None,66,1,5,False,10,10
23576,111,unweighted,10,0.2383558917197452,0,31,None,66,1,5,False,10,10
23577,112,unweighted,10,0.2444267515923567,0,31,None,66,1,5,False,10,10
23578,113,unweighted,10,0.2500995222929936,0,31,None,66,1,5,False,10,10
23579,114,unweighted,10,0.2536823248407643,0,31,None,66,1,5,False,10,10
23580,110,unweighted,10,0.2133757961783439,0,12,None,66,1,5,False,10,10
23581,111,unweighted,10,0.2147691082802547,0,12,None,66,1,5,False,10,10
23582,112,unweighted,10,0.2186504777070063,0,12,None,66,1,5,False,10,10
23583,113,unweighted,10,0.2219347133757961,0,12,None,66,1,5,False,10,10
23584,114,unweighted,10,0.2262141719745223,0,12,None,66,1,5,False,10,10
23585,110,unweighted,10,0.2068073248407643,0,6,None,66,1,5,False,10,10
23586,111,unweighted,10,0.2076035031847133,0,6,None,66,1,5,False,10,10
23587,112,unweighted,10,0.2094944267515923,0,6,None,66,1,5,False,10,10
23588,113,unweighted,10,0.2119824840764331,0,6,None,66,1,5,False,10,10
23589,114,unweighted,10,0.2138734076433121,0,6,None,66,1,5,False,10,10
23590,110,unweighted,10,0.2159633757961783,0,26,None,66,1,5,False,10,10
23591,111,unweighted,10,0.2173566878980891,0,26,None,66,1,5,False,10,10
23592,112,unweighted,10,0.2189490445859872,0,26,None,66,1,5,False,10,10
23593,113,unweighted,10,0.2202428343949044,0,26,None,66,1,5,False,10,10
23594,114,unweighted,10,0.223328025477707,0,26,None,66,1,5,False,10,10
27390,115,unweighted,10,0.2155652866242038,0,1,None,66,1,5,False,10,10
27391,116,unweighted,10,0.2357683121019108,0,1,None,66,1,5,False,10,10
27392,117,unweighted,10,0.2455214968152866,0,1,None,66,1,5,False,10,10
27393,118,unweighted,10,0.255374203821656,0,1,None,66,1,5,False,10,10
27394,119,unweighted,10,0.2644307324840764,0,1,None,66,1,5,False,10,10
27395,115,unweighted,10,0.2422372611464968,0,13,None,66,1,5,False,10,10
27396,116,unweighted,10,0.1935708598726114,0,13,None,66,1,5,False,10,10
27397,117,unweighted,10,0.1935708598726114,0,13,None,66,1,5,False,10,10
27398,118,unweighted,10,0.1934713375796178,0,13,None,66,1,5,False,10,10
27399,119,unweighted,10,0.1948646496815286,0,13,None,66,1,5,False,10,10
27400,115,unweighted,10,0.2189490445859872,0,16,None,66,1,5,False,10,10
27401,116,unweighted,10,0.2209394904458598,0,16,None,66,1,5,False,10,10
27402,117,unweighted,10,0.2238256369426751,0,16,None,66,1,5,False,10,10
27403,118,unweighted,10,0.226811305732484,0,16,None,66,1,5,False,10,10
27404,119,unweighted,10,0.2330812101910828,0,16,None,66,1,5,False,10,10
27405,115,unweighted,10,0.2358678343949044,0,14,None,66,1,5,False,10,10
27406,116,unweighted,10,0.2415406050955414,0,14,None,66,1,5,False,10,10
27407,117,unweighted,10,0.2460191082802547,0,14,None,66,1,5,False,10,10
27408,118,unweighted,10,0.2499004777070063,0,14,None,66,1,5,False,10,10
27409,119,unweighted,10,0.2515923566878981,0,14,None,66,1,5,False,10,10
27410,115,unweighted,10,0.2400477707006369,0,22,None,66,1,5,False,10,10
27411,116,unweighted,10,0.241640127388535,0,22,None,66,1,5,False,10,10
27412,117,unweighted,10,0.2452229299363057,0,22,None,66,1,5,False,10,10
27413,118,unweighted,10,0.2479100318471337,0,22,None,66,1,5,False,10,10
27414,119,unweighted,10,0.2523885350318471,0,22,None,66,1,5,False,10,10
27415,115,unweighted,10,0.2383558917197452,0,23,None,66,1,5,False,10,10
27416,116,unweighted,10,0.2419386942675159,0,23,None,66,1,5,False,10,10
27417,117,unweighted,10,0.239749203821656,0,23,None,66,1,5,False,10,10
27418,118,unweighted,10,0.2436305732484076,0,23,None,66,1,5,False,10,10
27419,119,unweighted,10,0.248109076433121,0,23,None,66,1,5,False,10,10
27420,115,unweighted,10,0.2226313694267516,0,21,None,66,1,5,False,10,10
27421,116,unweighted,10,0.2903065286624204,0,21,None,66,1,5,False,10,10
27422,117,unweighted,10,0.2232285031847133,0,21,None,66,1,5,False,10,10
27423,118,unweighted,10,0.2269108280254777,0,21,None,66,1,5,False,10,10
27424,119,unweighted,10,0.232484076433121,0,21,None,66,1,5,False,10,10
27425,115,unweighted,10,0.2314888535031847,0,25,None,66,1,5,False,10,10
27426,116,unweighted,10,0.237858280254777,0,25,None,66,1,5,False,10,10
27427,117,unweighted,10,0.2588574840764331,0,25,None,66,1,5,False,10,10
27428,118,unweighted,10,0.2935907643312102,0,25,None,66,1,5,False,10,10
27429,119,unweighted,10,0.3203622611464968,0,25,None,66,1,5,False,10,10
27430,115,unweighted,10,0.2338773885350318,0,26,None,66,1,5,False,10,10
27431,116,unweighted,10,0.2344745222929936,0,26,None,66,1,5,False,10,10
27432,117,unweighted,10,0.2391520700636942,0,26,None,66,1,5,False,10,10
27433,118,unweighted,10,0.2433320063694267,0,26,None,66,1,5,False,10,10
27434,119,unweighted,10,0.2488057324840764,0,26,None,66,1,5,False,10,10
27435,115,unweighted,10,0.2019307324840764,0,24,None,66,1,5,False,10,10
27436,116,unweighted,10,0.2030254777070063,0,24,None,66,1,5,False,10,10
27437,117,unweighted,10,0.2046178343949044,0,24,None,66,1,5,False,10,10
27438,118,unweighted,10,0.2070063694267516,0,24,None,66,1,5,False,10,10
27439,119,unweighted,10,0.2086982484076433,0,24,None,66,1,5,False,10,10
27440,115,unweighted,10,0.2212380573248407,0,30,None,66,1,5,False,10,10
27441,116,unweighted,10,0.2314888535031847,0,30,None,66,1,5,False,10,10
27442,117,unweighted,10,0.2410429936305732,0,30,None,66,1,5,False,10,10
27443,118,unweighted,10,0.2490047770700637,0,30,None,66,1,5,False,10,10
27444,119,unweighted,10,0.259156050955414,0,30,None,66,1,5,False,10,10
27445,115,unweighted,10,0.2203423566878981,0,6,None,66,1,5,False,10,10
27446,116,unweighted,10,0.222233280254777,0,6,None,66,1,5,False,10,10
27447,117,unweighted,10,0.2242237261146497,0,6,None,66,1,5,False,10,10
27448,118,unweighted,10,0.2269108280254777,0,6,None,66,1,5,False,10,10
27449,119,unweighted,10,0.2281050955414012,0,6,None,66,1,5,False,10,10
27450,115,unweighted,10,0.2056130573248407,0,27,None,66,1,5,False,10,10
27451,116,unweighted,10,0.2072054140127388,0,27,None,66,1,5,False,10,10
27452,117,unweighted,10,0.221437101910828,0,27,None,66,1,5,False,10,10
27453,118,unweighted,10,0.2485071656050955,0,27,None,66,1,5,False,10,10
27454,119,unweighted,10,0.2667197452229299,0,27,None,66,1,5,False,10,10
27455,115,unweighted,10,0.2471138535031847,0,32,None,66,1,5,False,10,10
27456,116,unweighted,10,0.2511942675159235,0,32,None,66,1,5,False,10,10
27457,117,unweighted,10,0.2543789808917197,0,32,None,66,1,5,False,10,10
27458,118,unweighted,10,0.2565684713375796,0,32,None,66,1,5,False,10,10
27459,119,unweighted,10,0.2606488853503185,0,32,None,66,1,5,False,10,10
27460,115,unweighted,10,0.2289012738853503,0,2,None,66,1,5,False,10,10
27461,116,unweighted,10,0.2342754777070063,0,2,None,66,1,5,False,10,10
27462,117,unweighted,10,0.2386544585987261,0,2,None,66,1,5,False,10,10
27463,118,unweighted,10,0.242436305732484,0,2,None,66,1,5,False,10,10
27464,119,unweighted,10,0.2477109872611465,0,2,None,66,1,5,False,10,10
27465,115,unweighted,10,0.2045183121019108,0,5,None,66,1,5,False,10,10
27466,116,unweighted,10,0.2060111464968153,0,5,None,66,1,5,False,10,10
27467,117,unweighted,10,0.2108877388535031,0,5,None,66,1,5,False,10,10
27468,118,unweighted,10,0.2504976114649681,0,5,None,66,1,5,False,10,10
27469,119,unweighted,10,0.2854299363057325,0,5,None,66,1,5,False,10,10
27470,115,unweighted,10,0.2467157643312102,0,4,None,66,1,5,False,10,10
27471,116,unweighted,10,0.2543789808917197,0,4,None,66,1,5,False,10,10
27472,117,unweighted,10,0.2609474522292994,0,4,None,66,1,5,False,10,10
27473,118,unweighted,10,0.2673168789808917,0,4,None,66,1,5,False,10,10
27474,119,unweighted,10,0.2704020700636942,0,4,None,66,1,5,False,10,10
27475,115,unweighted,10,0.2322850318471337,0,7,None,66,1,5,False,10,10
27476,116,unweighted,10,0.2327826433121019,0,7,None,66,1,5,False,10,10
27477,117,unweighted,10,0.2344745222929936,0,7,None,66,1,5,False,10,10
27478,118,unweighted,10,0.2371616242038216,0,7,None,66,1,5,False,10,10
27479,119,unweighted,10,0.2407444267515923,0,7,None,66,1,5,False,10,10
27480,115,unweighted,10,0.2192476114649681,0,10,None,66,1,5,False,10,10
27481,116,unweighted,10,0.2220342356687898,0,10,None,66,1,5,False,10,10
27482,117,unweighted,10,0.2248208598726114,0,10,None,66,1,5,False,10,10
27483,118,unweighted,10,0.2288017515923567,0,10,None,66,1,5,False,10,10
27484,119,unweighted,10,0.2335788216560509,0,10,None,66,1,5,False,10,10
27485,115,unweighted,10,0.2247213375796178,0,11,None,66,1,5,False,10,10
27486,116,unweighted,10,0.2219347133757961,0,11,None,66,1,5,False,10,10
27487,117,unweighted,10,0.2259156050955414,0,11,None,66,1,5,False,10,10
27488,118,unweighted,10,0.2303941082802547,0,11,None,66,1,5,False,10,10
27489,119,unweighted,10,0.2358678343949044,0,11,None,66,1,5,False,10,10
27490,115,unweighted,10,0.2900079617834395,0,15,None,66,1,5,False,10,10
27491,116,unweighted,10,0.2712977707006369,0,15,None,66,1,5,False,10,10
27492,117,unweighted,10,0.2714968152866242,0,15,None,66,1,5,False,10,10
27493,118,unweighted,10,0.2763734076433121,0,15,None,66,1,5,False,10,10
27494,119,unweighted,10,0.2809514331210191,0,15,None,66,1,5,False,10,10
27495,115,unweighted,10,0.2319864649681528,0,12,None,66,1,5,False,10,10
27496,116,unweighted,10,0.2349721337579617,0,12,None,66,1,5,False,10,10
27497,117,unweighted,10,0.2383558917197452,0,12,None,66,1,5,False,10,10
27498,118,unweighted,10,0.2427348726114649,0,12,None,66,1,5,False,10,10
27499,119,unweighted,10,0.2478105095541401,0,12,None,66,1,5,False,10,10
27500,115,unweighted,10,0.2219347133757961,0,20,None,66,1,5,False,10,10
27501,116,unweighted,10,0.2226313694267516,0,20,None,66,1,5,False,10,10
27502,117,unweighted,10,0.2818471337579618,0,20,None,66,1,5,False,10,10
27503,118,unweighted,10,0.2823447452229299,0,20,None,66,1,5,False,10,10
27504,119,unweighted,10,0.2867237261146497,0,20,None,66,1,5,False,10,10
27505,115,unweighted,10,0.2153662420382165,0,17,None,66,1,5,False,10,10
27506,116,unweighted,10,0.2175557324840764,0,17,None,66,1,5,False,10,10
27507,117,unweighted,10,0.2178542993630573,0,17,None,66,1,5,False,10,10
27508,118,unweighted,10,0.2180533439490445,0,17,None,66,1,5,False,10,10
27509,119,unweighted,10,0.2170581210191083,0,17,None,66,1,5,False,10,10
27510,115,unweighted,10,0.2134753184713375,0,28,None,66,1,5,False,10,10
27511,116,unweighted,10,0.278264331210191,0,28,None,66,1,5,False,10,10
27512,117,unweighted,10,0.2134753184713375,0,28,None,66,1,5,False,10,10
27513,118,unweighted,10,0.2135748407643312,0,28,None,66,1,5,False,10,10
27514,119,unweighted,10,0.2180533439490445,0,28,None,66,1,5,False,10,10
27515,115,unweighted,10,0.2952826433121019,0,8,None,66,1,5,False,10,10
27516,116,unweighted,10,0.238953025477707,0,8,None,66,1,5,False,10,10
27517,117,unweighted,10,0.2415406050955414,0,8,None,66,1,5,False,10,10
27518,118,unweighted,10,0.2466162420382165,0,8,None,66,1,5,False,10,10
27519,119,unweighted,10,0.2509952229299363,0,8,None,66,1,5,False,10,10
27520,115,unweighted,10,0.228702229299363,0,18,None,66,1,5,False,10,10
27521,116,unweighted,10,0.2265127388535031,0,18,None,66,1,5,False,10,10
27522,117,unweighted,10,0.2261146496815286,0,18,None,66,1,5,False,10,10
27523,118,unweighted,10,0.2281050955414012,0,18,None,66,1,5,False,10,10
27524,119,unweighted,10,0.2736863057324841,0,18,None,66,1,5,False,10,10
27525,115,unweighted,10,0.2294984076433121,0,3,None,66,1,5,False,10,10
27526,116,unweighted,10,0.2325835987261146,0,3,None,66,1,5,False,10,10
27527,117,unweighted,10,0.2372611464968153,0,3,None,66,1,5,False,10,10
27528,118,unweighted,10,0.2413415605095541,0,3,None,66,1,5,False,10,10
27529,119,unweighted,10,0.2471138535031847,0,3,None,66,1,5,False,10,10
27530,115,unweighted,10,0.2291998407643312,0,19,None,66,1,5,False,10,10
27531,116,unweighted,10,0.2330812101910828,0,19,None,66,1,5,False,10,10
27532,117,unweighted,10,0.2371616242038216,0,19,None,66,1,5,False,10,10
27533,118,unweighted,10,0.2422372611464968,0,19,None,66,1,5,False,10,10
27534,119,unweighted,10,0.2477109872611465,0,19,None,66,1,5,False,10,10
27535,115,unweighted,10,0.2977707006369426,0,31,None,66,1,5,False,10,10
27536,116,unweighted,10,0.3053343949044586,0,31,None,66,1,5,False,10,10
27537,117,unweighted,10,0.3209593949044586,0,31,None,66,1,5,False,10,10
27538,118,unweighted,10,0.3386743630573248,0,31,None,66,1,5,False,10,10
27539,119,unweighted,10,0.3475318471337579,0,31,None,66,1,5,False,10,10
27540,115,unweighted,10,0.2173566878980891,0,9,None,66,1,5,False,10,10
27541,116,unweighted,10,0.2175557324840764,0,9,None,66,1,5,False,10,10
27542,117,unweighted,10,0.2205414012738853,0,9,None,66,1,5,False,10,10
27543,118,unweighted,10,0.2240246815286624,0,9,None,66,1,5,False,10,10
27544,119,unweighted,10,0.2276074840764331,0,9,None,66,1,5,False,10,10
27545,115,unweighted,10,0.2062101910828025,0,29,None,66,1,5,False,10,10
27546,116,unweighted,10,0.2106886942675159,0,29,None,66,1,5,False,10,10
27547,117,unweighted,10,0.2166600318471337,0,29,None,66,1,5,False,10,10
27548,118,unweighted,10,0.2217356687898089,0,29,None,66,1,5,False,10,10
27549,119,unweighted,10,0.2264132165605095,0,29,None,66,1,5,False,10,10
27550,115,unweighted,10,0.2094944267515923,0,0,None,66,1,5,False,10,10
27551,116,unweighted,10,0.2072054140127388,0,0,None,66,1,5,False,10,10
27552,117,unweighted,10,0.2035230891719745,0,0,None,66,1,5,False,10,10
27553,118,unweighted,10,0.2032245222929936,0,0,None,66,1,5,False,10,10
27554,119,unweighted,10,0.2028264331210191,0,0,None,66,1,5,False,10,10
27555,120,unweighted,10,0.2562699044585987,0,26,None,66,1,5,False,10,10
27556,121,unweighted,10,0.2780652866242038,0,26,None,66,1,5,False,10,10
27557,122,unweighted,10,0.3015525477707006,0,26,None,66,1,5,False,10,10
27558,123,unweighted,10,0.3193670382165605,0,26,None,66,1,5,False,10,10
27559,124,unweighted,10,0.3373805732484076,0,26,None,66,1,5,False,10,10
27560,120,unweighted,10,0.2464171974522293,0,14,None,66,1,5,False,10,10
27561,121,unweighted,10,0.252687101910828,0,14,None,66,1,5,False,10,10
27562,122,unweighted,10,0.2628383757961783,0,14,None,66,1,5,False,10,10
27563,123,unweighted,10,0.2763734076433121,0,14,None,66,1,5,False,10,10
27564,124,unweighted,10,0.2989649681528662,0,14,None,66,1,5,False,10,10
27565,120,unweighted,10,0.2750796178343949,0,25,None,66,1,5,False,10,10
27566,121,unweighted,10,0.2636345541401274,0,25,None,66,1,5,False,10,10
27567,122,unweighted,10,0.2601512738853503,0,25,None,66,1,5,False,10,10
27568,123,unweighted,10,0.2653264331210191,0,25,None,66,1,5,False,10,10
27569,124,unweighted,10,0.270203025477707,0,25,None,66,1,5,False,10,10
27570,120,unweighted,10,0.2230294585987261,0,29,None,66,1,5,False,10,10
27571,121,unweighted,10,0.2293988853503184,0,29,None,66,1,5,False,10,10
27572,122,unweighted,10,0.2383558917197452,0,29,None,66,1,5,False,10,10
27573,123,unweighted,10,0.2487062101910828,0,29,None,66,1,5,False,10,10
27574,124,unweighted,10,0.2578622611464968,0,29,None,66,1,5,False,10,10
27575,120,unweighted,10,0.2496019108280254,0,1,None,66,1,5,False,10,10
27576,121,unweighted,10,0.2638335987261146,0,1,None,66,1,5,False,10,10
27577,122,unweighted,10,0.274781050955414,0,1,None,66,1,5,False,10,10
27578,123,unweighted,10,0.2844347133757962,0,1,None,66,1,5,False,10,10
27579,124,unweighted,10,0.293093152866242,0,1,None,66,1,5,False,10,10
27580,120,unweighted,10,0.2522890127388535,0,2,None,66,1,5,False,10,10
27581,121,unweighted,10,0.2604498407643312,0,2,None,66,1,5,False,10,10
27582,122,unweighted,10,0.2658240445859872,0,2,None,66,1,5,False,10,10
27583,123,unweighted,10,0.2734872611464968,0,2,None,66,1,5,False,10,10
27584,124,unweighted,10,0.2811504777070063,0,2,None,66,1,5,False,10,10
27585,120,unweighted,10,0.2391520700636942,0,9,None,66,1,5,False,10,10
27586,121,unweighted,10,0.2401472929936305,0,9,None,66,1,5,False,10,10
27587,122,unweighted,10,0.241640127388535,0,9,None,66,1,5,False,10,10
27588,123,unweighted,10,0.2427348726114649,0,9,None,66,1,5,False,10,10
27589,124,unweighted,10,0.2461186305732484,0,9,None,66,1,5,False,10,10
27590,120,unweighted,10,0.2501990445859872,0,11,None,66,1,5,False,10,10
27591,121,unweighted,10,0.2470143312101911,0,11,None,66,1,5,False,10,10
27592,122,unweighted,10,0.2536823248407643,0,11,None,66,1,5,False,10,10
27593,123,unweighted,10,0.2623407643312102,0,11,None,66,1,5,False,10,10
27594,124,unweighted,10,0.2701035031847134,0,11,None,66,1,5,False,10,10
27595,120,unweighted,10,0.3455414012738853,0,15,None,66,1,5,False,10,10
27596,121,unweighted,10,0.3048367834394904,0,15,None,66,1,5,False,10,10
27597,122,unweighted,10,0.3102109872611465,0,15,None,66,1,5,False,10,10
27598,123,unweighted,10,0.3194665605095541,0,15,None,66,1,5,False,10,10
27599,124,unweighted,10,0.3297173566878981,0,15,None,66,1,5,False,10,10
27600,120,unweighted,10,0.2336783439490445,0,17,None,66,1,5,False,10,10
27601,121,unweighted,10,0.2331807324840764,0,17,None,66,1,5,False,10,10
27602,122,unweighted,10,0.2359673566878981,0,17,None,66,1,5,False,10,10
27603,123,unweighted,10,0.2951831210191082,0,17,None,66,1,5,False,10,10
27604,124,unweighted,10,0.2420382165605095,0,17,None,66,1,5,False,10,10
27605,120,unweighted,10,0.2829418789808917,0,20,None,66,1,5,False,10,10
27606,121,unweighted,10,0.2276074840764331,0,20,None,66,1,5,False,10,10
27607,122,unweighted,10,0.2262141719745223,0,20,None,66,1,5,False,10,10
27608,123,unweighted,10,0.2243232484076433,0,20,None,66,1,5,False,10,10
27609,124,unweighted,10,0.2227308917197452,0,20,None,66,1,5,False,10,10
27610,120,unweighted,10,0.2400477707006369,0,10,None,66,1,5,False,10,10
27611,121,unweighted,10,0.2457205414012739,0,10,None,66,1,5,False,10,10
27612,122,unweighted,10,0.2537818471337579,0,10,None,66,1,5,False,10,10
27613,123,unweighted,10,0.2604498407643312,0,10,None,66,1,5,False,10,10
27614,124,unweighted,10,0.2677149681528662,0,10,None,66,1,5,False,10,10
27615,120,unweighted,10,0.2653264331210191,0,22,None,66,1,5,False,10,10
27616,121,unweighted,10,0.2679140127388535,0,22,None,66,1,5,False,10,10
27617,122,unweighted,10,0.2704020700636942,0,22,None,66,1,5,False,10,10
27618,123,unweighted,10,0.2745820063694267,0,22,None,66,1,5,False,10,10
27619,124,unweighted,10,0.2798566878980891,0,22,None,66,1,5,False,10,10
27620,120,unweighted,10,0.2725915605095541,0,32,None,66,1,5,False,10,10
27621,121,unweighted,10,0.3067277070063694,0,32,None,66,1,5,False,10,10
27622,122,unweighted,10,0.3476313694267516,0,32,None,66,1,5,False,10,10
27623,123,unweighted,10,0.3722133757961783,0,32,None,66,1,5,False,10,10
27624,124,unweighted,10,0.3667396496815286,0,32,None,66,1,5,False,10,10
27625,120,unweighted,10,0.2273089171974522,0,5,None,66,1,5,False,10,10
27626,121,unweighted,10,0.2350716560509554,0,5,None,66,1,5,False,10,10
27627,122,unweighted,10,0.2529856687898089,0,5,None,66,1,5,False,10,10
27628,123,unweighted,10,0.2804538216560509,0,5,None,66,1,5,False,10,10
27629,124,unweighted,10,0.3066281847133758,0,5,None,66,1,5,False,10,10
27630,120,unweighted,10,0.2358678343949044,0,6,None,66,1,5,False,10,10
27631,121,unweighted,10,0.2380573248407643,0,6,None,66,1,5,False,10,10
27632,122,unweighted,10,0.2412420382165605,0,6,None,66,1,5,False,10,10
27633,123,unweighted,10,0.2496019108280254,0,6,None,66,1,5,False,10,10
27634,124,unweighted,10,0.2604498407643312,0,6,None,66,1,5,False,10,10
27635,120,unweighted,10,0.214171974522293,0,13,None,66,1,5,False,10,10
27636,121,unweighted,10,0.2170581210191083,0,13,None,66,1,5,False,10,10
27637,122,unweighted,10,0.2280055732484076,0,13,None,66,1,5,False,10,10
27638,123,unweighted,10,0.2414410828025477,0,13,None,66,1,5,False,10,10
27639,124,unweighted,10,0.253483280254777,0,13,None,66,1,5,False,10,10
27640,120,unweighted,10,0.2841361464968153,0,12,None,66,1,5,False,10,10
27641,121,unweighted,10,0.3305135350318471,0,12,None,66,1,5,False,10,10
27642,122,unweighted,10,0.3275278662420382,0,12,None,66,1,5,False,10,10
27643,123,unweighted,10,0.2863256369426751,0,12,None,66,1,5,False,10,10
27644,124,unweighted,10,0.2800557324840764,0,12,None,66,1,5,False,10,10
27645,120,unweighted,10,0.2696058917197452,0,21,None,66,1,5,False,10,10
27646,121,unweighted,10,0.2388535031847133,0,21,None,66,1,5,False,10,10
27647,122,unweighted,10,0.2464171974522293,0,21,None,66,1,5,False,10,10
27648,123,unweighted,10,0.2544785031847134,0,21,None,66,1,5,False,10,10
27649,124,unweighted,10,0.2620421974522293,0,21,None,66,1,5,False,10,10
27650,120,unweighted,10,0.24890525477707,0,23,None,66,1,5,False,10,10
27651,121,unweighted,10,0.2563694267515923,0,23,None,66,1,5,False,10,10
27652,122,unweighted,10,0.2771695859872611,0,23,None,66,1,5,False,10,10
27653,123,unweighted,10,0.3362858280254777,0,23,None,66,1,5,False,10,10
27654,124,unweighted,10,0.3530055732484076,0,23,None,66,1,5,False,10,10
27655,120,unweighted,10,0.2197452229299363,0,24,None,66,1,5,False,10,10
27656,121,unweighted,10,0.2230294585987261,0,24,None,66,1,5,False,10,10
27657,122,unweighted,10,0.2269108280254777,0,24,None,66,1,5,False,10,10
27658,123,unweighted,10,0.2295979299363057,0,24,None,66,1,5,False,10,10
27659,124,unweighted,10,0.2326831210191083,0,24,None,66,1,5,False,10,10
27660,120,unweighted,10,0.2259156050955414,0,27,None,66,1,5,False,10,10
27661,121,unweighted,10,0.227906050955414,0,27,None,66,1,5,False,10,10
27662,122,unweighted,10,0.2311902866242038,0,27,None,66,1,5,False,10,10
27663,123,unweighted,10,0.2357683121019108,0,27,None,66,1,5,False,10,10
27664,124,unweighted,10,0.2398487261146497,0,27,None,66,1,5,False,10,10
27665,120,unweighted,10,0.2392515923566879,0,30,None,66,1,5,False,10,10
27666,121,unweighted,10,0.2807523885350318,0,30,None,66,1,5,False,10,10
27667,122,unweighted,10,0.304140127388535,0,30,None,66,1,5,False,10,10
27668,123,unweighted,10,0.3153861464968153,0,30,None,66,1,5,False,10,10
27669,124,unweighted,10,0.3252388535031847,0,30,None,66,1,5,False,10,10
27670,120,unweighted,10,0.2346735668789809,0,28,None,66,1,5,False,10,10
27671,121,unweighted,10,0.2359673566878981,0,28,None,66,1,5,False,10,10
27672,122,unweighted,10,0.2517914012738853,0,28,None,66,1,5,False,10,10
27673,123,unweighted,10,0.2757762738853503,0,28,None,66,1,5,False,10,10
27674,124,unweighted,10,0.3019506369426751,0,28,None,66,1,5,False,10,10
27675,120,unweighted,10,0.2657245222929936,0,31,None,66,1,5,False,10,10
27676,121,unweighted,10,0.2731886942675159,0,31,None,66,1,5,False,10,10
27677,122,unweighted,10,0.2775676751592357,0,31,None,66,1,5,False,10,10
27678,123,unweighted,10,0.2796576433121019,0,31,None,66,1,5,False,10,10
27679,124,unweighted,10,0.2828423566878981,0,31,None,66,1,5,False,10,10
27680,120,unweighted,10,0.2474124203821656,0,3,None,66,1,5,False,10,10
27681,121,unweighted,10,0.2544785031847134,0,3,None,66,1,5,False,10,10
27682,122,unweighted,10,0.2613455414012738,0,3,None,66,1,5,False,10,10
27683,123,unweighted,10,0.2701035031847134,0,3,None,66,1,5,False,10,10
27684,124,unweighted,10,0.2752786624203822,0,3,None,66,1,5,False,10,10
27685,120,unweighted,10,0.2511942675159235,0,7,None,66,1,5,False,10,10
27686,121,unweighted,10,0.2565684713375796,0,7,None,66,1,5,False,10,10
27687,122,unweighted,10,0.261843152866242,0,7,None,66,1,5,False,10,10
27688,123,unweighted,10,0.2674164012738853,0,7,None,66,1,5,False,10,10
27689,124,unweighted,10,0.2764729299363057,0,7,None,66,1,5,False,10,10
27690,120,unweighted,10,0.2657245222929936,0,4,None,66,1,5,False,10,10
27691,121,unweighted,10,0.2710987261146497,0,4,None,66,1,5,False,10,10
27692,122,unweighted,10,0.2762738853503185,0,4,None,66,1,5,False,10,10
27693,123,unweighted,10,0.2803542993630573,0,4,None,66,1,5,False,10,10
27694,124,unweighted,10,0.2853304140127388,0,4,None,66,1,5,False,10,10
27695,120,unweighted,10,0.2249203821656051,0,0,None,66,1,5,False,10,10
27696,121,unweighted,10,0.2203423566878981,0,0,None,66,1,5,False,10,10
27697,122,unweighted,10,0.2183519108280254,0,0,None,66,1,5,False,10,10
27698,123,unweighted,10,0.2167595541401273,0,0,None,66,1,5,False,10,10
27699,124,unweighted,10,0.216859076433121,0,0,None,66,1,5,False,10,10
27700,120,unweighted,10,0.2499004777070063,0,8,None,66,1,5,False,10,10
27701,121,unweighted,10,0.2590565286624204,0,8,None,66,1,5,False,10,10
27702,122,unweighted,10,0.2686106687898089,0,8,None,66,1,5,False,10,10
27703,123,unweighted,10,0.2743829617834395,0,8,None,66,1,5,False,10,10
27704,124,unweighted,10,0.28125,0,8,None,66,1,5,False,10,10
27705,120,unweighted,10,0.2666202229299363,0,16,None,66,1,5,False,10,10
27706,121,unweighted,10,0.2753781847133758,0,16,None,66,1,5,False,10,10
27707,122,unweighted,10,0.2916003184713376,0,16,None,66,1,5,False,10,10
27708,123,unweighted,10,0.3065286624203822,0,16,None,66,1,5,False,10,10
27709,124,unweighted,10,0.319765127388535,0,16,None,66,1,5,False,10,10
27710,120,unweighted,10,0.2538813694267516,0,19,None,66,1,5,False,10,10
27711,121,unweighted,10,0.2625398089171974,0,19,None,66,1,5,False,10,10
27712,122,unweighted,10,0.2725915605095541,0,19,None,66,1,5,False,10,10
27713,123,unweighted,10,0.2865246815286624,0,19,None,66,1,5,False,10,10
27714,124,unweighted,10,0.3102109872611465,0,19,None,66,1,5,False,10,10
27715,120,unweighted,10,0.2762738853503185,0,18,None,66,1,5,False,10,10
27716,121,unweighted,10,0.2941878980891719,0,18,None,66,1,5,False,10,10
27717,122,unweighted,10,0.2448248407643312,0,18,None,66,1,5,False,10,10
27718,123,unweighted,10,0.2359673566878981,0,18,None,66,1,5,False,10,10
27719,124,unweighted,10,0.2412420382165605,0,18,None,66,1,5,False,10,10
31845,125,unweighted,10,0.2843351910828025,0,5,None,66,1,5,False,10,10
31846,126,unweighted,10,0.3119028662420382,0,5,None,66,1,5,False,10,10
31847,127,unweighted,10,0.3321058917197452,0,5,None,66,1,5,False,10,10
31848,128,unweighted,10,0.3653463375796178,0,5,None,66,1,5,False,10,10
31849,129,unweighted,10,0.4534235668789809,0,5,None,66,1,5,False,10,10
31850,125,unweighted,10,0.2869227707006369,0,13,None,66,1,5,False,10,10
31851,126,unweighted,10,0.2911027070063694,0,13,None,66,1,5,False,10,10
31852,127,unweighted,10,0.297671178343949,0,13,None,66,1,5,False,10,10
31853,128,unweighted,10,0.3064291401273885,0,13,None,66,1,5,False,10,10
31854,129,unweighted,10,0.3199641719745223,0,13,None,66,1,5,False,10,10
31855,125,unweighted,10,0.3567874203821656,0,15,None,66,1,5,False,10,10
31856,126,unweighted,10,0.355593152866242,0,15,None,66,1,5,False,10,10
31857,127,unweighted,10,0.3614649681528662,0,15,None,66,1,5,False,10,10
31858,128,unweighted,10,0.3656449044585987,0,15,None,66,1,5,False,10,10
31859,129,unweighted,10,0.3702229299363057,0,15,None,66,1,5,False,10,10
31860,125,unweighted,10,0.2778662420382166,0,10,None,66,1,5,False,10,10
31861,126,unweighted,10,0.2808519108280254,0,10,None,66,1,5,False,10,10
31862,127,unweighted,10,0.2830414012738853,0,10,None,66,1,5,False,10,10
31863,128,unweighted,10,0.2844347133757962,0,10,None,66,1,5,False,10,10
31864,129,unweighted,10,0.285828025477707,0,10,None,66,1,5,False,10,10
31865,125,unweighted,10,0.288515127388535,0,11,None,66,1,5,False,10,10
31866,126,unweighted,10,0.2845342356687898,0,11,None,66,1,5,False,10,10
31867,127,unweighted,10,0.2948845541401274,0,11,None,66,1,5,False,10,10
31868,128,unweighted,10,0.3073248407643312,0,11,None,66,1,5,False,10,10
31869,129,unweighted,10,0.3173765923566879,0,11,None,66,1,5,False,10,10
31870,125,unweighted,10,0.2571656050955414,0,20,None,66,1,5,False,10,10
31871,126,unweighted,10,0.2541799363057325,0,20,None,66,1,5,False,10,10
31872,127,unweighted,10,0.2571656050955414,0,20,None,66,1,5,False,10,10
31873,128,unweighted,10,0.2695063694267516,0,20,None,66,1,5,False,10,10
31874,129,unweighted,10,0.3184713375796178,0,20,None,66,1,5,False,10,10
31875,125,unweighted,10,0.3029458598726114,0,14,None,66,1,5,False,10,10
31876,126,unweighted,10,0.3527070063694267,0,14,None,66,1,5,False,10,10
31877,127,unweighted,10,0.3632563694267516,0,14,None,66,1,5,False,10,10
31878,128,unweighted,10,0.368531050955414,0,14,None,66,1,5,False,10,10
31879,129,unweighted,10,0.3687300955414013,0,14,None,66,1,5,False,10,10
31880,125,unweighted,10,0.2826433121019108,0,22,None,66,1,5,False,10,10
31881,126,unweighted,10,0.2908041401273885,0,22,None,66,1,5,False,10,10
31882,127,unweighted,10,0.2982683121019108,0,22,None,66,1,5,False,10,10
31883,128,unweighted,10,0.3124004777070063,0,22,None,66,1,5,False,10,10
31884,129,unweighted,10,0.3258359872611465,0,22,None,66,1,5,False,10,10
31885,125,unweighted,10,0.293889331210191,0,17,None,66,1,5,False,10,10
31886,126,unweighted,10,0.3093152866242038,0,17,None,66,1,5,False,10,10
31887,127,unweighted,10,0.3065286624203822,0,17,None,66,1,5,False,10,10
31888,128,unweighted,10,0.3201632165605095,0,17,None,66,1,5,False,10,10
31889,129,unweighted,10,0.3330015923566879,0,17,None,66,1,5,False,10,10
31890,125,unweighted,10,0.263734076433121,0,21,None,66,1,5,False,10,10
31891,126,unweighted,10,0.2730891719745223,0,21,None,66,1,5,False,10,10
31892,127,unweighted,10,0.2874203821656051,0,21,None,66,1,5,False,10,10
31893,128,unweighted,10,0.3071257961783439,0,21,None,66,1,5,False,10,10
31894,129,unweighted,10,0.3211584394904458,0,21,None,66,1,5,False,10,10
31895,125,unweighted,10,0.2870222929936306,0,26,None,66,1,5,False,10,10
31896,126,unweighted,10,0.3091162420382166,0,26,None,66,1,5,False,10,10
31897,127,unweighted,10,0.3450437898089172,0,26,None,66,1,5,False,10,10
31898,128,unweighted,10,0.3788813694267516,0,26,None,66,1,5,False,10,10
31899,129,unweighted,10,0.390625,0,26,None,66,1,5,False,10,10
31900,125,unweighted,10,0.2551751592356688,0,24,None,66,1,5,False,10,10
31901,126,unweighted,10,0.2699044585987261,0,24,None,66,1,5,False,10,10
31902,127,unweighted,10,0.3160828025477707,0,24,None,66,1,5,False,10,10
31903,128,unweighted,10,0.3439490445859872,0,24,None,66,1,5,False,10,10
31904,129,unweighted,10,0.3525079617834395,0,24,None,66,1,5,False,10,10
31905,125,unweighted,10,0.325139331210191,0,28,None,66,1,5,False,10,10
31906,126,unweighted,10,0.3393710191082802,0,28,None,66,1,5,False,10,10
31907,127,unweighted,10,0.3506170382165605,0,28,None,66,1,5,False,10,10
31908,128,unweighted,10,0.3583797770700637,0,28,None,66,1,5,False,10,10
31909,129,unweighted,10,0.3622611464968153,0,28,None,66,1,5,False,10,10
31910,125,unweighted,10,0.2475119426751592,0,29,None,66,1,5,False,10,10
31911,126,unweighted,10,0.2680135350318471,0,29,None,66,1,5,False,10,10
31912,127,unweighted,10,0.3275278662420382,0,29,None,66,1,5,False,10,10
31913,128,unweighted,10,0.3730095541401274,0,29,None,66,1,5,False,10,10
31914,129,unweighted,10,0.3794785031847134,0,29,None,66,1,5,False,10,10
31915,125,unweighted,10,0.3366839171974522,0,30,None,66,1,5,False,10,10
31916,126,unweighted,10,0.3280254777070063,0,30,None,66,1,5,False,10,10
31917,127,unweighted,10,0.3240445859872611,0,30,None,66,1,5,False,10,10
31918,128,unweighted,10,0.3254378980891719,0,30,None,66,1,5,False,10,10
31919,129,unweighted,10,0.3350915605095541,0,30,None,66,1,5,False,10,10
31920,125,unweighted,10,0.2788614649681528,0,31,None,66,1,5,False,10,10
31921,126,unweighted,10,0.2860270700636942,0,31,None,66,1,5,False,10,10
31922,127,unweighted,10,0.3269307324840764,0,31,None,66,1,5,False,10,10
31923,128,unweighted,10,0.388734076433121,0,31,None,66,1,5,False,10,10
31924,129,unweighted,10,0.4187898089171974,0,31,None,66,1,5,False,10,10
31925,125,unweighted,10,0.2499004777070063,0,27,None,66,1,5,False,10,10
31926,126,unweighted,10,0.2581608280254777,0,27,None,66,1,5,False,10,10
31927,127,unweighted,10,0.2655254777070063,0,27,None,66,1,5,False,10,10
31928,128,unweighted,10,0.2776671974522293,0,27,None,66,1,5,False,10,10
31929,129,unweighted,10,0.3108081210191082,0,27,None,66,1,5,False,10,10
31930,125,unweighted,10,0.3246417197452229,0,2,None,66,1,5,False,10,10
31931,126,unweighted,10,0.3615644904458598,0,2,None,66,1,5,False,10,10
31932,127,unweighted,10,0.3885350318471338,0,2,None,66,1,5,False,10,10
31933,128,unweighted,10,0.3867436305732484,0,2,None,66,1,5,False,10,10
31934,129,unweighted,10,0.3726114649681528,0,2,None,66,1,5,False,10,10
31935,125,unweighted,10,0.2880175159235669,0,1,None,66,1,5,False,10,10
31936,126,unweighted,10,0.3526074840764331,0,1,None,66,1,5,False,10,10
31937,127,unweighted,10,0.3780851910828025,0,1,None,66,1,5,False,10,10
31938,128,unweighted,10,0.381468949044586,0,1,None,66,1,5,False,10,10
31939,129,unweighted,10,0.3828622611464968,0,1,None,66,1,5,False,10,10
31940,125,unweighted,10,0.2588574840764331,0,6,None,66,1,5,False,10,10
31941,126,unweighted,10,0.2640326433121019,0,6,None,66,1,5,False,10,10
31942,127,unweighted,10,0.2701035031847134,0,6,None,66,1,5,False,10,10
31943,128,unweighted,10,0.2763734076433121,0,6,None,66,1,5,False,10,10
31944,129,unweighted,10,0.2853304140127388,0,6,None,66,1,5,False,10,10
31945,125,unweighted,10,0.3139928343949044,0,7,None,66,1,5,False,10,10
31946,126,unweighted,10,0.3295183121019108,0,7,None,66,1,5,False,10,10
31947,127,unweighted,10,0.3377786624203822,0,7,None,66,1,5,False,10,10
31948,128,unweighted,10,0.3430533439490446,0,7,None,66,1,5,False,10,10
31949,129,unweighted,10,0.3478304140127388,0,7,None,66,1,5,False,10,10
31950,125,unweighted,10,0.3154856687898089,0,3,None,66,1,5,False,10,10
31951,126,unweighted,10,0.3088176751592357,0,3,None,66,1,5,False,10,10
31952,127,unweighted,10,0.2875199044585987,0,3,None,66,1,5,False,10,10
31953,128,unweighted,10,0.2903065286624204,0,3,None,66,1,5,False,10,10
31954,129,unweighted,10,0.2956807324840764,0,3,None,66,1,5,False,10,10
31955,125,unweighted,10,0.3336982484076433,0,32,None,66,1,5,False,10,10
31956,126,unweighted,10,0.3415605095541401,0,32,None,66,1,5,False,10,10
31957,127,unweighted,10,0.3733081210191082,0,32,None,66,1,5,False,10,10
31958,128,unweighted,10,0.4074442675159235,0,32,None,66,1,5,False,10,10
31959,129,unweighted,10,0.3607683121019108,0,32,None,66,1,5,False,10,10
31960,125,unweighted,10,0.2779657643312102,0,23,None,66,1,5,False,10,10
31961,126,unweighted,10,0.2844347133757962,0,23,None,66,1,5,False,10,10
31962,127,unweighted,10,0.3138933121019108,0,23,None,66,1,5,False,10,10
31963,128,unweighted,10,0.375796178343949,0,23,None,66,1,5,False,10,10
31964,129,unweighted,10,0.3662420382165605,0,23,None,66,1,5,False,10,10
31965,125,unweighted,10,0.2865246815286624,0,4,None,66,1,5,False,10,10
31966,126,unweighted,10,0.3066281847133758,0,4,None,66,1,5,False,10,10
31967,127,unweighted,10,0.344546178343949,0,4,None,66,1,5,False,10,10
31968,128,unweighted,10,0.3643511146496815,0,4,None,66,1,5,False,10,10
31969,129,unweighted,10,0.3682324840764331,0,4,None,66,1,5,False,10,10
31970,125,unweighted,10,0.2516918789808917,0,0,None,66,1,5,False,10,10
31971,126,unweighted,10,0.2497014331210191,0,0,None,66,1,5,False,10,10
31972,127,unweighted,10,0.2566679936305732,0,0,None,66,1,5,False,10,10
31973,128,unweighted,10,0.2734872611464968,0,0,None,66,1,5,False,10,10
31974,129,unweighted,10,0.3019506369426751,0,0,None,66,1,5,False,10,10
31975,125,unweighted,10,0.3285230891719745,0,16,None,66,1,5,False,10,10
31976,126,unweighted,10,0.3320063694267516,0,16,None,66,1,5,False,10,10
31977,127,unweighted,10,0.3356886942675159,0,16,None,66,1,5,False,10,10
31978,128,unweighted,10,0.3392714968152866,0,16,None,66,1,5,False,10,10
31979,129,unweighted,10,0.3382762738853503,0,16,None,66,1,5,False,10,10
31980,125,unweighted,10,0.2865246815286624,0,8,None,66,1,5,False,10,10
31981,126,unweighted,10,0.2964769108280254,0,8,None,66,1,5,False,10,10
31982,127,unweighted,10,0.3085191082802547,0,8,None,66,1,5,False,10,10
31983,128,unweighted,10,0.3274283439490446,0,8,None,66,1,5,False,10,10
31984,129,unweighted,10,0.3397691082802547,0,8,None,66,1,5,False,10,10
31985,125,unweighted,10,0.3027468152866242,0,18,None,66,1,5,False,10,10
31986,126,unweighted,10,0.3315087579617834,0,18,None,66,1,5,False,10,10
31987,127,unweighted,10,0.3402667197452229,0,18,None,66,1,5,False,10,10
31988,128,unweighted,10,0.3457404458598726,0,18,None,66,1,5,False,10,10
31989,129,unweighted,10,0.3519108280254777,0,18,None,66,1,5,False,10,10
31990,125,unweighted,10,0.3125995222929936,0,19,None,66,1,5,False,10,10
31991,126,unweighted,10,0.3310111464968153,0,19,None,66,1,5,False,10,10
31992,127,unweighted,10,0.353702229299363,0,19,None,66,1,5,False,10,10
31993,128,unweighted,10,0.399781050955414,0,19,None,66,1,5,False,10,10
31994,129,unweighted,10,0.4243630573248407,0,19,None,66,1,5,False,10,10
31995,125,unweighted,10,0.2708996815286624,0,9,None,66,1,5,False,10,10
31996,126,unweighted,10,0.2834394904458598,0,9,None,66,1,5,False,10,10
31997,127,unweighted,10,0.3038415605095541,0,9,None,66,1,5,False,10,10
31998,128,unweighted,10,0.3221536624203822,0,9,None,66,1,5,False,10,10
31999,129,unweighted,10,0.3335987261146497,0,9,None,66,1,5,False,10,10
32000,125,unweighted,10,0.2753781847133758,0,12,None,66,1,5,False,10,10
32001,126,unweighted,10,0.306031050955414,0,12,None,66,1,5,False,10,10
32002,127,unweighted,10,0.3800756369426751,0,12,None,66,1,5,False,10,10
32003,128,unweighted,10,0.3587778662420382,0,12,None,66,1,5,False,10,10
32004,129,unweighted,10,0.3698248407643312,0,12,None,66,1,5,False,10,10
32005,125,unweighted,10,0.2696058917197452,0,25,None,66,1,5,False,10,10
32006,126,unweighted,10,0.2736863057324841,0,25,None,66,1,5,False,10,10
32007,127,unweighted,10,0.2765724522292994,0,25,None,66,1,5,False,10,10
32008,128,unweighted,10,0.2814490445859872,0,25,None,66,1,5,False,10,10
32009,129,unweighted,10,0.3145899681528662,0,25,None,66,1,5,False,10,10
32010,130,unweighted,10,0.4123208598726114,0,32,None,66,1,5,False,10,10
32011,131,unweighted,10,0.3668391719745223,0,32,None,66,1,5,False,10,10
32012,132,unweighted,10,0.3613654458598726,0,32,None,66,1,5,False,10,10
32013,133,unweighted,10,0.3614649681528662,0,32,None,66,1,5,False,10,10
32014,134,unweighted,10,0.3623606687898089,0,32,None,66,1,5,False,10,10
32015,130,unweighted,10,0.3441480891719745,0,16,None,66,1,5,False,10,10
32016,131,unweighted,10,0.34265525477707,0,16,None,66,1,5,False,10,10
32017,132,unweighted,10,0.3383757961783439,0,16,None,66,1,5,False,10,10
32018,133,unweighted,10,0.3382762738853503,0,16,None,66,1,5,False,10,10
32019,134,unweighted,10,0.3387738853503185,0,16,None,66,1,5,False,10,10
32020,130,unweighted,10,0.4213773885350318,0,19,None,66,1,5,False,10,10
32021,131,unweighted,10,0.4322253184713376,0,19,None,66,1,5,False,10,10
32022,132,unweighted,10,0.4375,0,19,None,66,1,5,False,10,10
32023,133,unweighted,10,0.4406847133757962,0,19,None,66,1,5,False,10,10
32024,134,unweighted,10,0.4417794585987261,0,19,None,66,1,5,False,10,10
32025,130,unweighted,10,0.387639331210191,0,31,None,66,1,5,False,10,10
32026,131,unweighted,10,0.4297372611464968,0,31,None,66,1,5,False,10,10
32027,132,unweighted,10,0.4425756369426751,0,31,None,66,1,5,False,10,10
32028,133,unweighted,10,0.4209792993630573,0,31,None,66,1,5,False,10,10
32029,134,unweighted,10,0.3839570063694267,0,31,None,66,1,5,False,10,10
32030,130,unweighted,10,0.3848527070063694,0,1,None,66,1,5,False,10,10
32031,131,unweighted,10,0.3955015923566879,0,1,None,66,1,5,False,10,10
32032,132,unweighted,10,0.404359076433121,0,1,None,66,1,5,False,10,10
32033,133,unweighted,10,0.4125199044585987,0,1,None,66,1,5,False,10,10
32034,134,unweighted,10,0.4198845541401274,0,1,None,66,1,5,False,10,10
32035,130,unweighted,10,0.3495222929936306,0,8,None,66,1,5,False,10,10
32036,131,unweighted,10,0.3587778662420382,0,8,None,66,1,5,False,10,10
32037,132,unweighted,10,0.3642515923566879,0,8,None,66,1,5,False,10,10
32038,133,unweighted,10,0.373109076433121,0,8,None,66,1,5,False,10,10
32039,134,unweighted,10,0.3847531847133758,0,8,None,66,1,5,False,10,10
32040,130,unweighted,10,0.3271297770700637,0,21,None,66,1,5,False,10,10
32041,131,unweighted,10,0.3556926751592357,0,21,None,66,1,5,False,10,10
32042,132,unweighted,10,0.4033638535031847,0,21,None,66,1,5,False,10,10
32043,133,unweighted,10,0.4144108280254777,0,21,None,66,1,5,False,10,10
32044,134,unweighted,10,0.4209792993630573,0,21,None,66,1,5,False,10,10
32045,130,unweighted,10,0.3908240445859872,0,23,None,66,1,5,False,10,10
32046,131,unweighted,10,0.394108280254777,0,23,None,66,1,5,False,10,10
32047,132,unweighted,10,0.3789808917197452,0,23,None,66,1,5,False,10,10
32048,133,unweighted,10,0.3783837579617834,0,23,None,66,1,5,False,10,10
32049,134,unweighted,10,0.3809713375796178,0,23,None,66,1,5,False,10,10
32050,130,unweighted,10,0.3359872611464968,0,27,None,66,1,5,False,10,10
32051,131,unweighted,10,0.3485270700636942,0,27,None,66,1,5,False,10,10
32052,132,unweighted,10,0.3550955414012738,0,27,None,66,1,5,False,10,10
32053,133,unweighted,10,0.3587778662420382,0,27,None,66,1,5,False,10,10
32054,134,unweighted,10,0.3632563694267516,0,27,None,66,1,5,False,10,10
32055,130,unweighted,10,0.4165007961783439,0,2,None,66,1,5,False,10,10
32056,131,unweighted,10,0.4061504777070063,0,2,None,66,1,5,False,10,10
32057,132,unweighted,10,0.3995820063694267,0,2,None,66,1,5,False,10,10
32058,133,unweighted,10,0.4123208598726114,0,2,None,66,1,5,False,10,10
32059,134,unweighted,10,0.4167993630573248,0,2,None,66,1,5,False,10,10
32060,130,unweighted,10,0.3558917197452229,0,20,None,66,1,5,False,10,10
32061,131,unweighted,10,0.3569864649681528,0,20,None,66,1,5,False,10,10
32062,132,unweighted,10,0.3646496815286624,0,20,None,66,1,5,False,10,10
32063,133,unweighted,10,0.3740047770700637,0,20,None,66,1,5,False,10,10
32064,134,unweighted,10,0.3819665605095541,0,20,None,66,1,5,False,10,10
32065,130,unweighted,10,0.3615644904458598,0,18,None,66,1,5,False,10,10
32066,131,unweighted,10,0.3806727707006369,0,18,None,66,1,5,False,10,10
32067,132,unweighted,10,0.4017714968152866,0,18,None,66,1,5,False,10,10
32068,133,unweighted,10,0.4235668789808917,0,18,None,66,1,5,False,10,10
32069,134,unweighted,10,0.4430732484076433,0,18,None,66,1,5,False,10,10
32070,130,unweighted,10,0.3640525477707006,0,28,None,66,1,5,False,10,10
32071,131,unweighted,10,0.3655453821656051,0,28,None,66,1,5,False,10,10
32072,132,unweighted,10,0.3670382165605095,0,28,None,66,1,5,False,10,10
32073,133,unweighted,10,0.3717157643312102,0,28,None,66,1,5,False,10,10
32074,134,unweighted,10,0.3813694267515923,0,28,None,66,1,5,False,10,10
32075,130,unweighted,10,0.3211584394904458,0,22,None,66,1,5,False,10,10
32076,131,unweighted,10,0.3318073248407643,0,22,None,66,1,5,False,10,10
32077,132,unweighted,10,0.3404657643312102,0,22,None,66,1,5,False,10,10
32078,133,unweighted,10,0.3577826433121019,0,22,None,66,1,5,False,10,10
32079,134,unweighted,10,0.3942078025477707,0,22,None,66,1,5,False,10,10
32080,130,unweighted,10,0.3831608280254777,0,29,None,66,1,5,False,10,10
32081,131,unweighted,10,0.3834593949044586,0,29,None,66,1,5,False,10,10
32082,132,unweighted,10,0.3840565286624204,0,29,None,66,1,5,False,10,10
32083,133,unweighted,10,0.3857484076433121,0,29,None,66,1,5,False,10,10
32084,134,unweighted,10,0.397093949044586,0,29,None,66,1,5,False,10,10
32085,130,unweighted,10,0.3463375796178344,0,9,None,66,1,5,False,10,10
32086,131,unweighted,10,0.3475318471337579,0,9,None,66,1,5,False,10,10
32087,132,unweighted,10,0.3494227707006369,0,9,None,66,1,5,False,10,10
32088,133,unweighted,10,0.3540007961783439,0,9,None,66,1,5,False,10,10
32089,134,unweighted,10,0.3609673566878981,0,9,None,66,1,5,False,10,10
32090,130,unweighted,10,0.3968949044585987,0,5,None,66,1,5,False,10,10
32091,131,unweighted,10,0.4754179936305732,0,5,None,66,1,5,False,10,10
32092,132,unweighted,10,0.5029856687898089,0,5,None,66,1,5,False,10,10
32093,133,unweighted,10,0.502687101910828,0,5,None,66,1,5,False,10,10
32094,134,unweighted,10,0.5036823248407644,0,5,None,66,1,5,False,10,10
32095,130,unweighted,10,0.3767914012738853,0,4,None,66,1,5,False,10,10
32096,131,unweighted,10,0.388734076433121,0,4,None,66,1,5,False,10,10
32097,132,unweighted,10,0.4006767515923566,0,4,None,66,1,5,False,10,10
32098,133,unweighted,10,0.4119227707006369,0,4,None,66,1,5,False,10,10
32099,134,unweighted,10,0.4213773885350318,0,4,None,66,1,5,False,10,10
32100,130,unweighted,10,0.3566878980891719,0,7,None,66,1,5,False,10,10
32101,131,unweighted,10,0.384156050955414,0,7,None,66,1,5,False,10,10
32102,132,unweighted,10,0.4185907643312102,0,7,None,66,1,5,False,10,10
32103,133,unweighted,10,0.4262539808917197,0,7,None,66,1,5,False,10,10
32104,134,unweighted,10,0.4297372611464968,0,7,None,66,1,5,False,10,10
32105,130,unweighted,10,0.3657444267515923,0,14,None,66,1,5,False,10,10
32106,131,unweighted,10,0.3653463375796178,0,14,None,66,1,5,False,10,10
32107,132,unweighted,10,0.3662420382165605,0,14,None,66,1,5,False,10,10
32108,133,unweighted,10,0.3676353503184713,0,14,None,66,1,5,False,10,10
32109,134,unweighted,10,0.3750995222929936,0,14,None,66,1,5,False,10,10
32110,130,unweighted,10,0.3395700636942675,0,30,None,66,1,5,False,10,10
32111,131,unweighted,10,0.3455414012738853,0,30,None,66,1,5,False,10,10
32112,132,unweighted,10,0.3525079617834395,0,30,None,66,1,5,False,10,10
32113,133,unweighted,10,0.3591759554140127,0,30,None,66,1,5,False,10,10
32114,134,unweighted,10,0.362858280254777,0,30,None,66,1,5,False,10,10
32115,130,unweighted,10,0.3633558917197452,0,25,None,66,1,5,False,10,10
32116,131,unweighted,10,0.3689291401273885,0,25,None,66,1,5,False,10,10
32117,132,unweighted,10,0.3724124203821656,0,25,None,66,1,5,False,10,10
32118,133,unweighted,10,0.3771894904458598,0,25,None,66,1,5,False,10,10
32119,134,unweighted,10,0.3870421974522293,0,25,None,66,1,5,False,10,10
32120,130,unweighted,10,0.3625597133757962,0,13,None,66,1,5,False,10,10
32121,131,unweighted,10,0.395203025477707,0,13,None,66,1,5,False,10,10
32122,132,unweighted,10,0.407046178343949,0,13,None,66,1,5,False,10,10
32123,133,unweighted,10,0.4125199044585987,0,13,None,66,1,5,False,10,10
32124,134,unweighted,10,0.4137141719745223,0,13,None,66,1,5,False,10,10
32125,130,unweighted,10,0.3369824840764331,0,0,None,66,1,5,False,10,10
32126,131,unweighted,10,0.372014331210191,0,0,None,66,1,5,False,10,10
32127,132,unweighted,10,0.40515525477707,0,0,None,66,1,5,False,10,10
32128,133,unweighted,10,0.4189888535031847,0,0,None,66,1,5,False,10,10
32129,134,unweighted,10,0.4269506369426751,0,0,None,66,1,5,False,10,10
32130,130,unweighted,10,0.4280453821656051,0,12,None,66,1,5,False,10,10
32131,131,unweighted,10,0.3780851910828025,0,12,None,66,1,5,False,10,10
32132,132,unweighted,10,0.3744028662420382,0,12,None,66,1,5,False,10,10
32133,133,unweighted,10,0.3735071656050955,0,12,None,66,1,5,False,10,10
32134,134,unweighted,10,0.3743033439490446,0,12,None,66,1,5,False,10,10
32135,130,unweighted,10,0.303343949044586,0,6,None,66,1,5,False,10,10
32136,131,unweighted,10,0.3240445859872611,0,6,None,66,1,5,False,10,10
32137,132,unweighted,10,0.3361863057324841,0,6,None,66,1,5,False,10,10
32138,133,unweighted,10,0.3428542993630573,0,6,None,66,1,5,False,10,10
32139,134,unweighted,10,0.3487261146496815,0,6,None,66,1,5,False,10,10
32140,130,unweighted,10,0.387639331210191,0,26,None,66,1,5,False,10,10
32141,131,unweighted,10,0.4481488853503185,0,26,None,66,1,5,False,10,10
32142,132,unweighted,10,0.4727308917197452,0,26,None,66,1,5,False,10,10
32143,133,unweighted,10,0.4761146496815286,0,26,None,66,1,5,False,10,10
32144,134,unweighted,10,0.4759156050955414,0,26,None,66,1,5,False,10,10
32145,130,unweighted,10,0.3748009554140127,0,15,None,66,1,5,False,10,10
32146,131,unweighted,10,0.3777866242038216,0,15,None,66,1,5,False,10,10
32147,132,unweighted,10,0.3790804140127388,0,15,None,66,1,5,False,10,10
32148,133,unweighted,10,0.3827627388535032,0,15,None,66,1,5,False,10,10
32149,134,unweighted,10,0.3875398089171974,0,15,None,66,1,5,False,10,10
32150,130,unweighted,10,0.2895103503184713,0,10,None,66,1,5,False,10,10
32151,131,unweighted,10,0.3035429936305732,0,10,None,66,1,5,False,10,10
32152,132,unweighted,10,0.3452428343949044,0,10,None,66,1,5,False,10,10
32153,133,unweighted,10,0.3945063694267516,0,10,None,66,1,5,False,10,10
32154,134,unweighted,10,0.4241640127388535,0,10,None,66,1,5,False,10,10
32155,130,unweighted,10,0.3373805732484076,0,11,None,66,1,5,False,10,10
32156,131,unweighted,10,0.3439490445859872,0,11,None,66,1,5,False,10,10
32157,132,unweighted,10,0.3498208598726114,0,11,None,66,1,5,False,10,10
32158,133,unweighted,10,0.3541998407643312,0,11,None,66,1,5,False,10,10
32159,134,unweighted,10,0.3570859872611465,0,11,None,66,1,5,False,10,10
32160,130,unweighted,10,0.3549960191082802,0,17,None,66,1,5,False,10,10
32161,131,unweighted,10,0.354796974522293,0,17,None,66,1,5,False,10,10
32162,132,unweighted,10,0.3700238853503185,0,17,None,66,1,5,False,10,10
32163,133,unweighted,10,0.4036624203821656,0,17,None,66,1,5,False,10,10
32164,134,unweighted,10,0.4323248407643312,0,17,None,66,1,5,False,10,10
32165,130,unweighted,10,0.3273288216560509,0,3,None,66,1,5,False,10,10
32166,131,unweighted,10,0.3656449044585987,0,3,None,66,1,5,False,10,10
32167,132,unweighted,10,0.4036624203821656,0,3,None,66,1,5,False,10,10
32168,133,unweighted,10,0.4191878980891719,0,3,None,66,1,5,False,10,10
32169,134,unweighted,10,0.4262539808917197,0,3,None,66,1,5,False,10,10
32170,130,unweighted,10,0.3611664012738853,0,24,None,66,1,5,False,10,10
32171,131,unweighted,10,0.3636544585987261,0,24,None,66,1,5,False,10,10
32172,132,unweighted,10,0.367734872611465,0,24,None,66,1,5,False,10,10
32173,133,unweighted,10,0.3759952229299363,0,24,None,66,1,5,False,10,10
32174,134,unweighted,10,0.383359872611465,0,24,None,66,1,5,False,10,10
36630,135,unweighted,10,0.42078025477707,0,1,None,66,1,5,False,10,10
36631,136,unweighted,10,0.4269506369426751,0,1,None,66,1,5,False,10,10
36632,137,unweighted,10,0.4316281847133758,0,1,None,66,1,5,False,10,10
36633,138,unweighted,10,0.4362062101910828,0,1,None,66,1,5,False,10,10
36634,139,unweighted,10,0.4385947452229299,0,1,None,66,1,5,False,10,10
36635,135,unweighted,10,0.4233678343949044,0,2,None,66,1,5,False,10,10
36636,136,unweighted,10,0.4307324840764331,0,2,None,66,1,5,False,10,10
36637,137,unweighted,10,0.4321257961783439,0,2,None,66,1,5,False,10,10
36638,138,unweighted,10,0.4333200636942675,0,2,None,66,1,5,False,10,10
36639,139,unweighted,10,0.4340167197452229,0,2,None,66,1,5,False,10,10
36640,135,unweighted,10,0.4171974522292994,0,13,None,66,1,5,False,10,10
36641,136,unweighted,10,0.418889331210191,0,13,None,66,1,5,False,10,10
36642,137,unweighted,10,0.4210788216560509,0,13,None,66,1,5,False,10,10
36643,138,unweighted,10,0.4233678343949044,0,13,None,66,1,5,False,10,10
36644,139,unweighted,10,0.4251592356687898,0,13,None,66,1,5,False,10,10
36645,135,unweighted,10,0.4521297770700637,0,10,None,66,1,5,False,10,10
36646,136,unweighted,10,0.4437699044585987,0,10,None,66,1,5,False,10,10
36647,137,unweighted,10,0.442078025477707,0,10,None,66,1,5,False,10,10
36648,138,unweighted,10,0.443968949044586,0,10,None,66,1,5,False,10,10
36649,139,unweighted,10,0.4449641719745223,0,10,None,66,1,5,False,10,10
36650,135,unweighted,10,0.3911226114649681,0,15,None,66,1,5,False,10,10
36651,136,unweighted,10,0.4023686305732484,0,15,None,66,1,5,False,10,10
36652,137,unweighted,10,0.408937101910828,0,15,None,66,1,5,False,10,10
36653,138,unweighted,10,0.414609872611465,0,15,None,66,1,5,False,10,10
36654,139,unweighted,10,0.4430732484076433,0,15,None,66,1,5,False,10,10
36655,135,unweighted,10,0.339968152866242,0,16,None,66,1,5,False,10,10
36656,136,unweighted,10,0.3398686305732484,0,16,None,66,1,5,False,10,10
36657,137,unweighted,10,0.3402667197452229,0,16,None,66,1,5,False,10,10
36658,138,unweighted,10,0.3450437898089172,0,16,None,66,1,5,False,10,10
36659,139,unweighted,10,0.3920183121019108,0,16,None,66,1,5,False,10,10
36660,135,unweighted,10,0.3598726114649681,0,11,None,66,1,5,False,10,10
36661,136,unweighted,10,0.3756966560509554,0,11,None,66,1,5,False,10,10
36662,137,unweighted,10,0.4217754777070063,0,11,None,66,1,5,False,10,10
36663,138,unweighted,10,0.4335191082802547,0,11,None,66,1,5,False,10,10
36664,139,unweighted,10,0.4390923566878981,0,11,None,66,1,5,False,10,10
36665,135,unweighted,10,0.4494426751592357,0,8,None,66,1,5,False,10,10
36666,136,unweighted,10,0.4580015923566879,0,8,None,66,1,5,False,10,10
36667,137,unweighted,10,0.4620820063694267,0,8,None,66,1,5,False,10,10
36668,138,unweighted,10,0.4661624203821656,0,8,None,66,1,5,False,10,10
36669,139,unweighted,10,0.4690485668789809,0,8,None,66,1,5,False,10,10
36670,135,unweighted,10,0.3736066878980891,0,20,None,66,1,5,False,10,10
36671,136,unweighted,10,0.3938097133757962,0,20,None,66,1,5,False,10,10
36672,137,unweighted,10,0.4082404458598726,0,20,None,66,1,5,False,10,10
36673,138,unweighted,10,0.424562101910828,0,20,None,66,1,5,False,10,10
36674,139,unweighted,10,0.4371019108280254,0,20,None,66,1,5,False,10,10
36675,135,unweighted,10,0.4411823248407643,0,19,None,66,1,5,False,10,10
36676,136,unweighted,10,0.4367038216560509,0,19,None,66,1,5,False,10,10
36677,137,unweighted,10,0.4314291401273885,0,19,None,66,1,5,False,10,10
36678,138,unweighted,10,0.430234872611465,0,19,None,66,1,5,False,10,10
36679,139,unweighted,10,0.4293391719745223,0,19,None,66,1,5,False,10,10
36680,135,unweighted,10,0.4236664012738853,0,22,None,66,1,5,False,10,10
36681,136,unweighted,10,0.4268511146496815,0,22,None,66,1,5,False,10,10
36682,137,unweighted,10,0.4301353503184713,0,22,None,66,1,5,False,10,10
36683,138,unweighted,10,0.4342157643312102,0,22,None,66,1,5,False,10,10
36684,139,unweighted,10,0.4357085987261146,0,22,None,66,1,5,False,10,10
36685,135,unweighted,10,0.398984872611465,0,23,None,66,1,5,False,10,10
36686,136,unweighted,10,0.3899283439490446,0,23,None,66,1,5,False,10,10
36687,137,unweighted,10,0.3975915605095541,0,23,None,66,1,5,False,10,10
36688,138,unweighted,10,0.4104299363057325,0,23,None,66,1,5,False,10,10
36689,139,unweighted,10,0.4179936305732484,0,23,None,66,1,5,False,10,10
36690,135,unweighted,10,0.3791799363057325,0,28,None,66,1,5,False,10,10
36691,136,unweighted,10,0.3866441082802547,0,28,None,66,1,5,False,10,10
36692,137,unweighted,10,0.3946058917197452,0,28,None,66,1,5,False,10,10
36693,138,unweighted,10,0.4000796178343949,0,28,None,66,1,5,False,10,10
36694,139,unweighted,10,0.4045581210191082,0,28,None,66,1,5,False,10,10
36695,135,unweighted,10,0.3641520700636942,0,30,None,66,1,5,False,10,10
36696,136,unweighted,10,0.367734872611465,0,30,None,66,1,5,False,10,10
36697,137,unweighted,10,0.3723128980891719,0,30,None,66,1,5,False,10,10
36698,138,unweighted,10,0.3789808917197452,0,30,None,66,1,5,False,10,10
36699,139,unweighted,10,0.3872412420382166,0,30,None,66,1,5,False,10,10
36700,135,unweighted,10,0.4438694267515923,0,18,None,66,1,5,False,10,10
36701,136,unweighted,10,0.4549164012738853,0,18,None,66,1,5,False,10,10
36702,137,unweighted,10,0.4674562101910828,0,18,None,66,1,5,False,10,10
36703,138,unweighted,10,0.4786027070063694,0,18,None,66,1,5,False,10,10
36704,139,unweighted,10,0.4858678343949044,0,18,None,66,1,5,False,10,10
36705,135,unweighted,10,0.3835589171974522,0,31,None,66,1,5,False,10,10
36706,136,unweighted,10,0.3699243630573248,0,31,None,66,1,5,False,10,10
36707,137,unweighted,10,0.3725119426751592,0,31,None,66,1,5,False,10,10
36708,138,unweighted,10,0.3778861464968153,0,31,None,66,1,5,False,10,10
36709,139,unweighted,10,0.3842555732484076,0,31,None,66,1,5,False,10,10
36710,135,unweighted,10,0.4328224522292994,0,7,None,66,1,5,False,10,10
36711,136,unweighted,10,0.4388933121019108,0,7,None,66,1,5,False,10,10
36712,137,unweighted,10,0.4480493630573248,0,7,None,66,1,5,False,10,10
36713,138,unweighted,10,0.457703025477707,0,7,None,66,1,5,False,10,10
36714,139,unweighted,10,0.4680533439490446,0,7,None,66,1,5,False,10,10
36715,135,unweighted,10,0.431827229299363,0,4,None,66,1,5,False,10,10
36716,136,unweighted,10,0.434514331210191,0,4,None,66,1,5,False,10,10
36717,137,unweighted,10,0.4387937898089172,0,4,None,66,1,5,False,10,10
36718,138,unweighted,10,0.440983280254777,0,4,None,66,1,5,False,10,10
36719,139,unweighted,10,0.4429737261146497,0,4,None,66,1,5,False,10,10
36720,135,unweighted,10,0.3752985668789809,0,32,None,66,1,5,False,10,10
36721,136,unweighted,10,0.3762937898089172,0,32,None,66,1,5,False,10,10
36722,137,unweighted,10,0.3854498407643312,0,32,None,66,1,5,False,10,10
36723,138,unweighted,10,0.4110270700636942,0,32,None,66,1,5,False,10,10
36724,139,unweighted,10,0.4361066878980891,0,32,None,66,1,5,False,10,10
36725,135,unweighted,10,0.482484076433121,0,5,None,66,1,5,False,10,10
36726,136,unweighted,10,0.4955214968152866,0,5,None,66,1,5,False,10,10
36727,137,unweighted,10,0.4946257961783439,0,5,None,66,1,5,False,10,10
36728,138,unweighted,10,0.4944267515923566,0,5,None,66,1,5,False,10,10
36729,139,unweighted,10,0.4958200636942675,0,5,None,66,1,5,False,10,10
36730,135,unweighted,10,0.4290406050955414,0,0,None,66,1,5,False,10,10
36731,136,unweighted,10,0.4333200636942675,0,0,None,66,1,5,False,10,10
36732,137,unweighted,10,0.4405851910828025,0,0,None,66,1,5,False,10,10
36733,138,unweighted,10,0.4448646496815286,0,0,None,66,1,5,False,10,10
36734,139,unweighted,10,0.449343152866242,0,0,None,66,1,5,False,10,10
36735,135,unweighted,10,0.4322253184713376,0,3,None,66,1,5,False,10,10
36736,136,unweighted,10,0.4349124203821656,0,3,None,66,1,5,False,10,10
36737,137,unweighted,10,0.4406847133757962,0,3,None,66,1,5,False,10,10
36738,138,unweighted,10,0.4430732484076433,0,3,None,66,1,5,False,10,10
36739,139,unweighted,10,0.446656050955414,0,3,None,66,1,5,False,10,10
36740,135,unweighted,10,0.4281449044585987,0,9,None,66,1,5,False,10,10
36741,136,unweighted,10,0.4277468152866242,0,9,None,66,1,5,False,10,10
36742,137,unweighted,10,0.4320262738853503,0,9,None,66,1,5,False,10,10
36743,138,unweighted,10,0.4379976114649681,0,9,None,66,1,5,False,10,10
36744,139,unweighted,10,0.4399880573248407,0,9,None,66,1,5,False,10,10
36745,135,unweighted,10,0.3793789808917197,0,14,None,66,1,5,False,10,10
36746,136,unweighted,10,0.3873407643312102,0,14,None,66,1,5,False,10,10
36747,137,unweighted,10,0.3955015923566879,0,14,None,66,1,5,False,10,10
36748,138,unweighted,10,0.4034633757961783,0,14,None,66,1,5,False,10,10
36749,139,unweighted,10,0.4121218152866242,0,14,None,66,1,5,False,10,10
36750,135,unweighted,10,0.3984872611464968,0,25,None,66,1,5,False,10,10
36751,136,unweighted,10,0.4079418789808917,0,25,None,66,1,5,False,10,10
36752,137,unweighted,10,0.4193869426751592,0,25,None,66,1,5,False,10,10
36753,138,unweighted,10,0.4280453821656051,0,25,None,66,1,5,False,10,10
36754,139,unweighted,10,0.4370023885350318,0,25,None,66,1,5,False,10,10
36755,135,unweighted,10,0.4010748407643312,0,29,None,66,1,5,False,10,10
36756,136,unweighted,10,0.4155055732484076,0,29,None,66,1,5,False,10,10
36757,137,unweighted,10,0.4244625796178344,0,29,None,66,1,5,False,10,10
36758,138,unweighted,10,0.431031050955414,0,29,None,66,1,5,False,10,10
36759,139,unweighted,10,0.4371019108280254,0,29,None,66,1,5,False,10,10
36760,135,unweighted,10,0.391421178343949,0,12,None,66,1,5,False,10,10
36761,136,unweighted,10,0.3874402866242038,0,12,None,66,1,5,False,10,10
36762,137,unweighted,10,0.3996815286624204,0,12,None,66,1,5,False,10,10
36763,138,unweighted,10,0.4126194267515923,0,12,None,66,1,5,False,10,10
36764,139,unweighted,10,0.4252587579617834,0,12,None,66,1,5,False,10,10
36765,135,unweighted,10,0.3503184713375796,0,6,None,66,1,5,False,10,10
36766,136,unweighted,10,0.3550955414012738,0,6,None,66,1,5,False,10,10
36767,137,unweighted,10,0.3619625796178344,0,6,None,66,1,5,False,10,10
36768,138,unweighted,10,0.3786823248407643,0,6,None,66,1,5,False,10,10
36769,139,unweighted,10,0.4036624203821656,0,6,None,66,1,5,False,10,10
36770,135,unweighted,10,0.464968152866242,0,26,None,66,1,5,False,10,10
36771,136,unweighted,10,0.4670581210191082,0,26,None,66,1,5,False,10,10
36772,137,unweighted,10,0.4680533439490446,0,26,None,66,1,5,False,10,10
36773,138,unweighted,10,0.4708399681528662,0,26,None,66,1,5,False,10,10
36774,139,unweighted,10,0.4735270700636942,0,26,None,66,1,5,False,10,10
36775,135,unweighted,10,0.4195859872611465,0,21,None,66,1,5,False,10,10
36776,136,unweighted,10,0.4225716560509554,0,21,None,66,1,5,False,10,10
36777,137,unweighted,10,0.4254578025477707,0,21,None,66,1,5,False,10,10
36778,138,unweighted,10,0.4279458598726114,0,21,None,66,1,5,False,10,10
36779,139,unweighted,10,0.4300358280254777,0,21,None,66,1,5,False,10,10
36780,135,unweighted,10,0.4529259554140127,0,17,None,66,1,5,False,10,10
36781,136,unweighted,10,0.4658638535031847,0,17,None,66,1,5,False,10,10
36782,137,unweighted,10,0.4807921974522293,0,17,None,66,1,5,False,10,10
36783,138,unweighted,10,0.4918391719745223,0,17,None,66,1,5,False,10,10
36784,139,unweighted,10,0.5028861464968153,0,17,None,66,1,5,False,10,10
36785,135,unweighted,10,0.3912221337579618,0,24,None,66,1,5,False,10,10
36786,136,unweighted,10,0.398984872611465,0,24,None,66,1,5,False,10,10
36787,137,unweighted,10,0.4090366242038216,0,24,None,66,1,5,False,10,10
36788,138,unweighted,10,0.4208797770700637,0,24,None,66,1,5,False,10,10
36789,139,unweighted,10,0.4346138535031847,0,24,None,66,1,5,False,10,10
36790,135,unweighted,10,0.3674363057324841,0,27,None,66,1,5,False,10,10
36791,136,unweighted,10,0.3722133757961783,0,27,None,66,1,5,False,10,10
36792,137,unweighted,10,0.3780851910828025,0,27,None,66,1,5,False,10,10
36793,138,unweighted,10,0.4001791401273885,0,27,None,66,1,5,False,10,10
36794,139,unweighted,10,0.4220740445859872,0,27,None,66,1,5,False,10,10
36795,140,unweighted,10,0.4104299363057325,0,16,None,66,1,5,False,10,10
36796,141,unweighted,10,0.4157046178343949,0,16,None,66,1,5,False,10,10
36797,142,unweighted,10,0.4196855095541401,0,16,None,66,1,5,False,10,10
36798,143,unweighted,10,0.4232683121019108,0,16,None,66,1,5,False,10,10
36799,144,unweighted,10,0.4273487261146497,0,16,None,66,1,5,False,10,10
36800,140,unweighted,10,0.4459593949044586,0,25,None,66,1,5,False,10,10
36801,141,unweighted,10,0.4519307324840764,0,25,None,66,1,5,False,10,10
36802,142,unweighted,10,0.4575039808917197,0,25,None,66,1,5,False,10,10
36803,143,unweighted,10,0.4634753184713376,0,25,None,66,1,5,False,10,10
36804,144,unweighted,10,0.4692476114649681,0,25,None,66,1,5,False,10,10
36805,140,unweighted,10,0.414609872611465,0,14,None,66,1,5,False,10,10
36806,141,unweighted,10,0.4211783439490446,0,14,None,66,1,5,False,10,10
36807,142,unweighted,10,0.4242635350318471,0,14,None,66,1,5,False,10,10
36808,143,unweighted,10,0.4289410828025478,0,14,None,66,1,5,False,10,10
36809,144,unweighted,10,0.431827229299363,0,14,None,66,1,5,False,10,10
36810,140,unweighted,10,0.4336186305732484,0,19,None,66,1,5,False,10,10
36811,141,unweighted,10,0.4347133757961783,0,19,None,66,1,5,False,10,10
36812,142,unweighted,10,0.4398885350318471,0,19,None,66,1,5,False,10,10
36813,143,unweighted,10,0.4462579617834395,0,19,None,66,1,5,False,10,10
36814,144,unweighted,10,0.4537221337579618,0,19,None,66,1,5,False,10,10
36815,140,unweighted,10,0.4842754777070063,0,15,None,66,1,5,False,10,10
36816,141,unweighted,10,0.4876592356687898,0,15,None,66,1,5,False,10,10
36817,142,unweighted,10,0.4925358280254777,0,15,None,66,1,5,False,10,10
36818,143,unweighted,10,0.495421974522293,0,15,None,66,1,5,False,10,10
36819,144,unweighted,10,0.49890525477707,0,15,None,66,1,5,False,10,10
36820,140,unweighted,10,0.4728304140127388,0,7,None,66,1,5,False,10,10
36821,141,unweighted,10,0.4835788216560509,0,7,None,66,1,5,False,10,10
36822,142,unweighted,10,0.4926353503184713,0,7,None,66,1,5,False,10,10
36823,143,unweighted,10,0.5007961783439491,0,7,None,66,1,5,False,10,10
36824,144,unweighted,10,0.5089570063694268,0,7,None,66,1,5,False,10,10
36825,140,unweighted,10,0.5071656050955414,0,17,None,66,1,5,False,10,10
36826,141,unweighted,10,0.5098527070063694,0,17,None,66,1,5,False,10,10
36827,142,unweighted,10,0.5108479299363057,0,17,None,66,1,5,False,10,10
36828,143,unweighted,10,0.5117436305732485,0,17,None,66,1,5,False,10,10
36829,144,unweighted,10,0.5124402866242038,0,17,None,66,1,5,False,10,10
36830,140,unweighted,10,0.4441679936305732,0,11,None,66,1,5,False,10,10
36831,141,unweighted,10,0.447452229299363,0,11,None,66,1,5,False,10,10
36832,142,unweighted,10,0.4509355095541401,0,11,None,66,1,5,False,10,10
36833,143,unweighted,10,0.4464570063694267,0,11,None,66,1,5,False,10,10
36834,144,unweighted,10,0.4371019108280254,0,11,None,66,1,5,False,10,10
36835,140,unweighted,10,0.4453622611464968,0,24,None,66,1,5,False,10,10
36836,141,unweighted,10,0.4588972929936306,0,24,None,66,1,5,False,10,10
36837,142,unweighted,10,0.4682523885350318,0,24,None,66,1,5,False,10,10
36838,143,unweighted,10,0.4763136942675159,0,24,None,66,1,5,False,10,10
36839,144,unweighted,10,0.4839769108280254,0,24,None,66,1,5,False,10,10
36840,140,unweighted,10,0.3830613057324841,0,30,None,66,1,5,False,10,10
36841,141,unweighted,10,0.3932125796178344,0,30,None,66,1,5,False,10,10
36842,142,unweighted,10,0.402468152866242,0,30,None,66,1,5,False,10,10
36843,143,unweighted,10,0.4122213375796178,0,30,None,66,1,5,False,10,10
36844,144,unweighted,10,0.4195859872611465,0,30,None,66,1,5,False,10,10
36845,140,unweighted,10,0.4375,0,1,None,66,1,5,False,10,10
36846,141,unweighted,10,0.4398885350318471,0,1,None,66,1,5,False,10,10
36847,142,unweighted,10,0.4436703821656051,0,1,None,66,1,5,False,10,10
36848,143,unweighted,10,0.4468550955414013,0,1,None,66,1,5,False,10,10
36849,144,unweighted,10,0.4491441082802547,0,1,None,66,1,5,False,10,10
36850,140,unweighted,10,0.4822850318471338,0,2,None,66,1,5,False,10,10
36851,141,unweighted,10,0.4941281847133758,0,2,None,66,1,5,False,10,10
36852,142,unweighted,10,0.5008957006369427,0,2,None,66,1,5,False,10,10
36853,143,unweighted,10,0.5047770700636943,0,2,None,66,1,5,False,10,10
36854,144,unweighted,10,0.5071656050955414,0,2,None,66,1,5,False,10,10
36855,140,unweighted,10,0.4869625796178344,0,5,None,66,1,5,False,10,10
36856,141,unweighted,10,0.4928343949044586,0,5,None,66,1,5,False,10,10
36857,142,unweighted,10,0.498109076433121,0,5,None,66,1,5,False,10,10
36858,143,unweighted,10,0.4995023885350318,0,5,None,66,1,5,False,10,10
36859,144,unweighted,10,0.5030851910828026,0,5,None,66,1,5,False,10,10
36860,140,unweighted,10,0.427249203821656,0,13,None,66,1,5,False,10,10
36861,141,unweighted,10,0.4294386942675159,0,13,None,66,1,5,False,10,10
36862,142,unweighted,10,0.4313296178343949,0,13,None,66,1,5,False,10,10
36863,143,unweighted,10,0.4336186305732484,0,13,None,66,1,5,False,10,10
36864,144,unweighted,10,0.43640525477707,0,13,None,66,1,5,False,10,10
36865,140,unweighted,10,0.4475517515923566,0,9,None,66,1,5,False,10,10
36866,141,unweighted,10,0.4507364649681528,0,9,None,66,1,5,False,10,10
36867,142,unweighted,10,0.4541202229299363,0,9,None,66,1,5,False,10,10
36868,143,unweighted,10,0.4602906050955414,0,9,None,66,1,5,False,10,10
36869,144,unweighted,10,0.4678542993630573,0,9,None,66,1,5,False,10,10
36870,140,unweighted,10,0.4286425159235669,0,21,None,66,1,5,False,10,10
36871,141,unweighted,10,0.4306329617834395,0,21,None,66,1,5,False,10,10
36872,142,unweighted,10,0.4323248407643312,0,21,None,66,1,5,False,10,10
36873,143,unweighted,10,0.4343152866242038,0,21,None,66,1,5,False,10,10
36874,144,unweighted,10,0.4368033439490446,0,21,None,66,1,5,False,10,10
36875,140,unweighted,10,0.4035628980891719,0,28,None,66,1,5,False,10,10
36876,141,unweighted,10,0.4088375796178344,0,28,None,66,1,5,False,10,10
36877,142,unweighted,10,0.4130175159235669,0,28,None,66,1,5,False,10,10
36878,143,unweighted,10,0.4173964968152866,0,28,None,66,1,5,False,10,10
36879,144,unweighted,10,0.4210788216560509,0,28,None,66,1,5,False,10,10
36880,140,unweighted,10,0.4416799363057325,0,29,None,66,1,5,False,10,10
36881,141,unweighted,10,0.4490445859872611,0,29,None,66,1,5,False,10,10
36882,142,unweighted,10,0.455015923566879,0,29,None,66,1,5,False,10,10
36883,143,unweighted,10,0.4633757961783439,0,29,None,66,1,5,False,10,10
36884,144,unweighted,10,0.4696457006369426,0,29,None,66,1,5,False,10,10
36885,140,unweighted,10,0.4749203821656051,0,18,None,66,1,5,False,10,10
36886,141,unweighted,10,0.4829816878980891,0,18,None,66,1,5,False,10,10
36887,142,unweighted,10,0.4882563694267516,0,18,None,66,1,5,False,10,10
36888,143,unweighted,10,0.4977109872611465,0,18,None,66,1,5,False,10,10
36889,144,unweighted,10,0.5044785031847133,0,18,None,66,1,5,False,10,10
36890,140,unweighted,10,0.447452229299363,0,27,None,66,1,5,False,10,10
36891,141,unweighted,10,0.4503383757961783,0,27,None,66,1,5,False,10,10
36892,142,unweighted,10,0.4542197452229299,0,27,None,66,1,5,False,10,10
36893,143,unweighted,10,0.4580015923566879,0,27,None,66,1,5,False,10,10
36894,144,unweighted,10,0.4635748407643312,0,27,None,66,1,5,False,10,10
36895,140,unweighted,10,0.3798765923566879,0,31,None,66,1,5,False,10,10
36896,141,unweighted,10,0.3848527070063694,0,31,None,66,1,5,False,10,10
36897,142,unweighted,10,0.3894307324840764,0,31,None,66,1,5,False,10,10
36898,143,unweighted,10,0.3937101910828025,0,31,None,66,1,5,False,10,10
36899,144,unweighted,10,0.3972929936305732,0,31,None,66,1,5,False,10,10
36900,140,unweighted,10,0.4831807324840764,0,26,None,66,1,5,False,10,10
36901,141,unweighted,10,0.4844745222929936,0,26,None,66,1,5,False,10,10
36902,142,unweighted,10,0.4852707006369426,0,26,None,66,1,5,False,10,10
36903,143,unweighted,10,0.4873606687898089,0,26,None,66,1,5,False,10,10
36904,144,unweighted,10,0.4891520700636942,0,26,None,66,1,5,False,10,10
36905,140,unweighted,10,0.4367038216560509,0,12,None,66,1,5,False,10,10
36906,141,unweighted,10,0.4431727707006369,0,12,None,66,1,5,False,10,10
36907,142,unweighted,10,0.4505374203821656,0,12,None,66,1,5,False,10,10
36908,143,unweighted,10,0.4562101910828025,0,12,None,66,1,5,False,10,10
36909,144,unweighted,10,0.4605891719745223,0,12,None,66,1,5,False,10,10
36910,140,unweighted,10,0.449343152866242,0,0,None,66,1,5,False,10,10
36911,141,unweighted,10,0.4533240445859872,0,0,None,66,1,5,False,10,10
36912,142,unweighted,10,0.4552149681528662,0,0,None,66,1,5,False,10,10
36913,143,unweighted,10,0.4583001592356688,0,0,None,66,1,5,False,10,10
36914,144,unweighted,10,0.4601910828025478,0,0,None,66,1,5,False,10,10
36915,140,unweighted,10,0.448546974522293,0,3,None,66,1,5,False,10,10
36916,141,unweighted,10,0.4513335987261146,0,3,None,66,1,5,False,10,10
36917,142,unweighted,10,0.4555135350318471,0,3,None,66,1,5,False,10,10
36918,143,unweighted,10,0.4598925159235669,0,3,None,66,1,5,False,10,10
36919,144,unweighted,10,0.4638734076433121,0,3,None,66,1,5,False,10,10
36920,140,unweighted,10,0.4292396496815286,0,6,None,66,1,5,False,10,10
36921,141,unweighted,10,0.4325238853503185,0,6,None,66,1,5,False,10,10
36922,142,unweighted,10,0.4344148089171974,0,6,None,66,1,5,False,10,10
36923,143,unweighted,10,0.4371019108280254,0,6,None,66,1,5,False,10,10
36924,144,unweighted,10,0.4395899681528662,0,6,None,66,1,5,False,10,10
36925,140,unweighted,10,0.4435708598726114,0,4,None,66,1,5,False,10,10
36926,141,unweighted,10,0.447452229299363,0,4,None,66,1,5,False,10,10
36927,142,unweighted,10,0.4502388535031847,0,4,None,66,1,5,False,10,10
36928,143,unweighted,10,0.4530254777070063,0,4,None,66,1,5,False,10,10
36929,144,unweighted,10,0.4561106687898089,0,4,None,66,1,5,False,10,10
36930,140,unweighted,10,0.4656648089171974,0,8,None,66,1,5,False,10,10
36931,141,unweighted,10,0.4696457006369426,0,8,None,66,1,5,False,10,10
36932,142,unweighted,10,0.4721337579617834,0,8,None,66,1,5,False,10,10
36933,143,unweighted,10,0.4740246815286624,0,8,None,66,1,5,False,10,10
36934,144,unweighted,10,0.4780055732484076,0,8,None,66,1,5,False,10,10
36935,140,unweighted,10,0.4431727707006369,0,10,None,66,1,5,False,10,10
36936,141,unweighted,10,0.4473527070063694,0,10,None,66,1,5,False,10,10
36937,142,unweighted,10,0.4526273885350318,0,10,None,66,1,5,False,10,10
36938,143,unweighted,10,0.4554140127388535,0,10,None,66,1,5,False,10,10
36939,144,unweighted,10,0.4498407643312102,0,10,None,66,1,5,False,10,10
36940,140,unweighted,10,0.4448646496815286,0,20,None,66,1,5,False,10,10
36941,141,unweighted,10,0.4606886942675159,0,20,None,66,1,5,False,10,10
36942,142,unweighted,10,0.4736265923566879,0,20,None,66,1,5,False,10,10
36943,143,unweighted,10,0.487062101910828,0,20,None,66,1,5,False,10,10
36944,144,unweighted,10,0.4975119426751592,0,20,None,66,1,5,False,10,10
36945,140,unweighted,10,0.4374004777070063,0,22,None,66,1,5,False,10,10
36946,141,unweighted,10,0.439390923566879,0,22,None,66,1,5,False,10,10
36947,142,unweighted,10,0.4407842356687898,0,22,None,66,1,5,False,10,10
36948,143,unweighted,10,0.4418789808917197,0,22,None,66,1,5,False,10,10
36949,144,unweighted,10,0.4443670382165605,0,22,None,66,1,5,False,10,10
36950,140,unweighted,10,0.4492436305732484,0,23,None,66,1,5,False,10,10
36951,141,unweighted,10,0.450139331210191,0,23,None,66,1,5,False,10,10
36952,142,unweighted,10,0.4681528662420382,0,23,None,66,1,5,False,10,10
36953,143,unweighted,10,0.4826831210191082,0,23,None,66,1,5,False,10,10
36954,144,unweighted,10,0.4953224522292994,0,23,None,66,1,5,False,10,10
36955,140,unweighted,10,0.4675557324840764,0,32,None,66,1,5,False,10,10
36956,141,unweighted,10,0.472233280254777,0,32,None,66,1,5,False,10,10
36957,142,unweighted,10,0.4770103503184713,0,32,None,66,1,5,False,10,10
36958,143,unweighted,10,0.480593152866242,0,32,None,66,1,5,False,10,10
36959,144,unweighted,10,0.484375,0,32,None,66,1,5,False,10,10
41745,145,unweighted,10,0.4477507961783439,0,1,None,66,1,5,False,10,10
41746,146,unweighted,10,0.4515326433121019,0,1,None,66,1,5,False,10,10
41747,147,unweighted,10,0.4540207006369426,0,1,None,66,1,5,False,10,10
41748,148,unweighted,10,0.4571058917197452,0,1,None,66,1,5,False,10,10
41749,149,unweighted,10,0.4594944267515923,0,1,None,66,1,5,False,10,10
41750,145,unweighted,10,0.512937898089172,0,2,None,66,1,5,False,10,10
41751,146,unweighted,10,0.5152269108280255,0,2,None,66,1,5,False,10,10
41752,147,unweighted,10,0.5159235668789809,0,2,None,66,1,5,False,10,10
41753,148,unweighted,10,0.5179140127388535,0,2,None,66,1,5,False,10,10
41754,149,unweighted,10,0.5193073248407644,0,2,None,66,1,5,False,10,10
41755,145,unweighted,10,0.4376990445859872,0,13,None,66,1,5,False,10,10
41756,146,unweighted,10,0.4402866242038216,0,13,None,66,1,5,False,10,10
41757,147,unweighted,10,0.4425756369426751,0,13,None,66,1,5,False,10,10
41758,148,unweighted,10,0.4450636942675159,0,13,None,66,1,5,False,10,10
41759,149,unweighted,10,0.4495421974522293,0,13,None,66,1,5,False,10,10
41760,145,unweighted,10,0.4978105095541401,0,15,None,66,1,5,False,10,10
41761,146,unweighted,10,0.5032842356687898,0,15,None,66,1,5,False,10,10
41762,147,unweighted,10,0.5092555732484076,0,15,None,66,1,5,False,10,10
41763,148,unweighted,10,0.5160230891719745,0,15,None,66,1,5,False,10,10
41764,149,unweighted,10,0.5218949044585988,0,15,None,66,1,5,False,10,10
41765,145,unweighted,10,0.453921178343949,0,10,None,66,1,5,False,10,10
41766,146,unweighted,10,0.4583996815286624,0,10,None,66,1,5,False,10,10
41767,147,unweighted,10,0.4583996815286624,0,10,None,66,1,5,False,10,10
41768,148,unweighted,10,0.4597929936305732,0,10,None,66,1,5,False,10,10
41769,149,unweighted,10,0.4618829617834395,0,10,None,66,1,5,False,10,10
41770,145,unweighted,10,0.4300358280254777,0,16,None,66,1,5,False,10,10
41771,146,unweighted,10,0.4322253184713376,0,16,None,66,1,5,False,10,10
41772,147,unweighted,10,0.4351114649681528,0,16,None,66,1,5,False,10,10
41773,148,unweighted,10,0.4380971337579618,0,16,None,66,1,5,False,10,10
41774,149,unweighted,10,0.4425756369426751,0,16,None,66,1,5,False,10,10
41775,145,unweighted,10,0.4404856687898089,0,11,None,66,1,5,False,10,10
41776,146,unweighted,10,0.4387937898089172,0,11,None,66,1,5,False,10,10
41777,147,unweighted,10,0.4448646496815286,0,11,None,66,1,5,False,10,10
41778,148,unweighted,10,0.4517316878980891,0,11,None,66,1,5,False,10,10
41779,149,unweighted,10,0.4602906050955414,0,11,None,66,1,5,False,10,10
41780,145,unweighted,10,0.504578025477707,0,20,None,66,1,5,False,10,10
41781,146,unweighted,10,0.5076632165605095,0,20,None,66,1,5,False,10,10
41782,147,unweighted,10,0.5140326433121019,0,20,None,66,1,5,False,10,10
41783,148,unweighted,10,0.518312101910828,0,20,None,66,1,5,False,10,10
41784,149,unweighted,10,0.5213972929936306,0,20,None,66,1,5,False,10,10
41785,145,unweighted,10,0.445859872611465,0,22,None,66,1,5,False,10,10
41786,146,unweighted,10,0.4484474522292994,0,22,None,66,1,5,False,10,10
41787,147,unweighted,10,0.451234076433121,0,22,None,66,1,5,False,10,10
41788,148,unweighted,10,0.4541202229299363,0,22,None,66,1,5,False,10,10
41789,149,unweighted,10,0.4579020700636942,0,22,None,66,1,5,False,10,10
41790,145,unweighted,10,0.512937898089172,0,17,None,66,1,5,False,10,10
41791,146,unweighted,10,0.5121417197452229,0,17,None,66,1,5,False,10,10
41792,147,unweighted,10,0.5133359872611465,0,17,None,66,1,5,False,10,10
41793,148,unweighted,10,0.5142316878980892,0,17,None,66,1,5,False,10,10
41794,149,unweighted,10,0.5150278662420382,0,17,None,66,1,5,False,10,10
41795,145,unweighted,10,0.4368033439490446,0,21,None,66,1,5,False,10,10
41796,146,unweighted,10,0.4385947452229299,0,21,None,66,1,5,False,10,10
41797,147,unweighted,10,0.4399880573248407,0,21,None,66,1,5,False,10,10
41798,148,unweighted,10,0.4430732484076433,0,21,None,66,1,5,False,10,10
41799,149,unweighted,10,0.445859872611465,0,21,None,66,1,5,False,10,10
41800,145,unweighted,10,0.4743232484076433,0,25,None,66,1,5,False,10,10
41801,146,unweighted,10,0.4799960191082802,0,25,None,66,1,5,False,10,10
41802,147,unweighted,10,0.4855692675159235,0,25,None,66,1,5,False,10,10
41803,148,unweighted,10,0.4901472929936306,0,25,None,66,1,5,False,10,10
41804,149,unweighted,10,0.4925358280254777,0,25,None,66,1,5,False,10,10
41805,145,unweighted,10,0.4925358280254777,0,24,None,66,1,5,False,10,10
41806,146,unweighted,10,0.4949243630573248,0,24,None,66,1,5,False,10,10
41807,147,unweighted,10,0.4987062101910828,0,24,None,66,1,5,False,10,10
41808,148,unweighted,10,0.5014928343949044,0,24,None,66,1,5,False,10,10
41809,149,unweighted,10,0.5043789808917197,0,24,None,66,1,5,False,10,10
41810,145,unweighted,10,0.4212778662420382,0,28,None,66,1,5,False,10,10
41811,146,unweighted,10,0.4248606687898089,0,28,None,66,1,5,False,10,10
41812,147,unweighted,10,0.4286425159235669,0,28,None,66,1,5,False,10,10
41813,148,unweighted,10,0.4314291401273885,0,28,None,66,1,5,False,10,10
41814,149,unweighted,10,0.4347133757961783,0,28,None,66,1,5,False,10,10
41815,145,unweighted,10,0.4775079617834395,0,29,None,66,1,5,False,10,10
41816,146,unweighted,10,0.4844745222929936,0,29,None,66,1,5,False,10,10
41817,147,unweighted,10,0.4913415605095541,0,29,None,66,1,5,False,10,10
41818,148,unweighted,10,0.4972133757961783,0,29,None,66,1,5,False,10,10
41819,149,unweighted,10,0.5057722929936306,0,29,None,66,1,5,False,10,10
41820,145,unweighted,10,0.4791003184713376,0,9,None,66,1,5,False,10,10
41821,146,unweighted,10,0.4876592356687898,0,9,None,66,1,5,False,10,10
41822,147,unweighted,10,0.4950238853503185,0,9,None,66,1,5,False,10,10
41823,148,unweighted,10,0.5013933121019108,0,9,None,66,1,5,False,10,10
41824,149,unweighted,10,0.5074641719745223,0,9,None,66,1,5,False,10,10
41825,145,unweighted,10,0.4610867834394904,0,27,None,66,1,5,False,10,10
41826,146,unweighted,10,0.4653662420382166,0,27,None,66,1,5,False,10,10
41827,147,unweighted,10,0.4701433121019108,0,27,None,66,1,5,False,10,10
41828,148,unweighted,10,0.4763136942675159,0,27,None,66,1,5,False,10,10
41829,149,unweighted,10,0.4817874203821656,0,27,None,66,1,5,False,10,10
41830,145,unweighted,10,0.5061703821656051,0,32,None,66,1,5,False,10,10
41831,146,unweighted,10,0.5109474522292994,0,32,None,66,1,5,False,10,10
41832,147,unweighted,10,0.51453025477707,0,32,None,66,1,5,False,10,10
41833,148,unweighted,10,0.5201035031847133,0,32,None,66,1,5,False,10,10
41834,149,unweighted,10,0.5253781847133758,0,32,None,66,1,5,False,10,10
41835,145,unweighted,10,0.5244824840764332,0,23,None,66,1,5,False,10,10
41836,146,unweighted,10,0.5380175159235668,0,23,None,66,1,5,False,10,10
41837,147,unweighted,10,0.5500597133757962,0,23,None,66,1,5,False,10,10
41838,148,unweighted,10,0.5620023885350318,0,23,None,66,1,5,False,10,10
41839,149,unweighted,10,0.570859872611465,0,23,None,66,1,5,False,10,10
41840,145,unweighted,10,0.460390127388535,0,0,None,66,1,5,False,10,10
41841,146,unweighted,10,0.4629777070063694,0,0,None,66,1,5,False,10,10
41842,147,unweighted,10,0.4643710191082802,0,0,None,66,1,5,False,10,10
41843,148,unweighted,10,0.4673566878980891,0,0,None,66,1,5,False,10,10
41844,149,unweighted,10,0.470640923566879,0,0,None,66,1,5,False,10,10
41845,145,unweighted,10,0.4960191082802547,0,5,None,66,1,5,False,10,10
41846,146,unweighted,10,0.4990047770700637,0,5,None,66,1,5,False,10,10
41847,147,unweighted,10,0.5023885350318471,0,5,None,66,1,5,False,10,10
41848,148,unweighted,10,0.5066679936305732,0,5,None,66,1,5,False,10,10
41849,149,unweighted,10,0.5108479299363057,0,5,None,66,1,5,False,10,10
41850,145,unweighted,10,0.4586982484076433,0,4,None,66,1,5,False,10,10
41851,146,unweighted,10,0.4632762738853503,0,4,None,66,1,5,False,10,10
41852,147,unweighted,10,0.4672571656050955,0,4,None,66,1,5,False,10,10
41853,148,unweighted,10,0.4718351910828025,0,4,None,66,1,5,False,10,10
41854,149,unweighted,10,0.4756170382165605,0,4,None,66,1,5,False,10,10
41855,145,unweighted,10,0.5135350318471338,0,7,None,66,1,5,False,10,10
41856,146,unweighted,10,0.5179140127388535,0,7,None,66,1,5,False,10,10
41857,147,unweighted,10,0.5218949044585988,0,7,None,66,1,5,False,10,10
41858,148,unweighted,10,0.5236863057324841,0,7,None,66,1,5,False,10,10
41859,149,unweighted,10,0.5250796178343949,0,7,None,66,1,5,False,10,10
41860,145,unweighted,10,0.4403861464968153,0,6,None,66,1,5,False,10,10
41861,146,unweighted,10,0.4422770700636942,0,6,None,66,1,5,False,10,10
41862,147,unweighted,10,0.4433718152866242,0,6,None,66,1,5,False,10,10
41863,148,unweighted,10,0.4455613057324841,0,6,None,66,1,5,False,10,10
41864,149,unweighted,10,0.4473527070063694,0,6,None,66,1,5,False,10,10
41865,145,unweighted,10,0.4319267515923566,0,14,None,66,1,5,False,10,10
41866,146,unweighted,10,0.4324243630573248,0,14,None,66,1,5,False,10,10
41867,147,unweighted,10,0.4361066878980891,0,14,None,66,1,5,False,10,10
41868,148,unweighted,10,0.4390923566878981,0,14,None,66,1,5,False,10,10
41869,149,unweighted,10,0.442078025477707,0,14,None,66,1,5,False,10,10
41870,145,unweighted,10,0.4756170382165605,0,12,None,66,1,5,False,10,10
41871,146,unweighted,10,0.4764132165605095,0,12,None,66,1,5,False,10,10
41872,147,unweighted,10,0.4776074840764331,0,12,None,66,1,5,False,10,10
41873,148,unweighted,10,0.4788017515923566,0,12,None,66,1,5,False,10,10
41874,149,unweighted,10,0.4807921974522293,0,12,None,66,1,5,False,10,10
41875,145,unweighted,10,0.494327229299363,0,26,None,66,1,5,False,10,10
41876,146,unweighted,10,0.4953224522292994,0,26,None,66,1,5,False,10,10
41877,147,unweighted,10,0.4957205414012738,0,26,None,66,1,5,False,10,10
41878,148,unweighted,10,0.4974124203821656,0,26,None,66,1,5,False,10,10
41879,149,unweighted,10,0.4976114649681528,0,26,None,66,1,5,False,10,10
41880,145,unweighted,10,0.421875,0,30,None,66,1,5,False,10,10
41881,146,unweighted,10,0.4280453821656051,0,30,None,66,1,5,False,10,10
41882,147,unweighted,10,0.4334195859872611,0,30,None,66,1,5,False,10,10
41883,148,unweighted,10,0.4360071656050955,0,30,None,66,1,5,False,10,10
41884,149,unweighted,10,0.4415804140127388,0,30,None,66,1,5,False,10,10
41885,145,unweighted,10,0.476015127388535,0,8,None,66,1,5,False,10,10
41886,146,unweighted,10,0.4812898089171974,0,8,None,66,1,5,False,10,10
41887,147,unweighted,10,0.4888535031847134,0,8,None,66,1,5,False,10,10
41888,148,unweighted,10,0.5014928343949044,0,8,None,66,1,5,False,10,10
41889,149,unweighted,10,0.5143312101910829,0,8,None,66,1,5,False,10,10
41890,145,unweighted,10,0.4997014331210191,0,18,None,66,1,5,False,10,10
41891,146,unweighted,10,0.5070660828025477,0,18,None,66,1,5,False,10,10
41892,147,unweighted,10,0.5122412420382165,0,18,None,66,1,5,False,10,10
41893,148,unweighted,10,0.51453025477707,0,18,None,66,1,5,False,10,10
41894,149,unweighted,10,0.5186106687898089,0,18,None,66,1,5,False,10,10
41895,145,unweighted,10,0.4678542993630573,0,3,None,66,1,5,False,10,10
41896,146,unweighted,10,0.4723328025477707,0,3,None,66,1,5,False,10,10
41897,147,unweighted,10,0.4770103503184713,0,3,None,66,1,5,False,10,10
41898,148,unweighted,10,0.4817874203821656,0,3,None,66,1,5,False,10,10
41899,149,unweighted,10,0.4881568471337579,0,3,None,66,1,5,False,10,10
41900,145,unweighted,10,0.3938097133757962,0,31,None,66,1,5,False,10,10
41901,146,unweighted,10,0.3975915605095541,0,31,None,66,1,5,False,10,10
41902,147,unweighted,10,0.4001791401273885,0,31,None,66,1,5,False,10,10
41903,148,unweighted,10,0.4010748407643312,0,31,None,66,1,5,False,10,10
41904,149,unweighted,10,0.4020700636942675,0,31,None,66,1,5,False,10,10
41905,145,unweighted,10,0.4634753184713376,0,19,None,66,1,5,False,10,10
41906,146,unweighted,10,0.4712380573248407,0,19,None,66,1,5,False,10,10
41907,147,unweighted,10,0.4796974522292994,0,19,None,66,1,5,False,10,10
41908,148,unweighted,10,0.4886544585987261,0,19,None,66,1,5,False,10,10
41909,149,unweighted,10,0.496218152866242,0,19,None,66,1,5,False,10,10
41910,150,unweighted,10,0.4583001592356688,0,1,None,66,1,5,False,10,10
41911,151,unweighted,10,0.4613853503184713,0,1,None,66,1,5,False,10,10
41912,152,unweighted,10,0.4638734076433121,0,1,None,66,1,5,False,10,10
41913,153,unweighted,10,0.4660628980891719,0,1,None,66,1,5,False,10,10
41914,154,unweighted,10,0.4675557324840764,0,1,None,66,1,5,False,10,10
41915,150,unweighted,10,0.5210987261146497,0,2,None,66,1,5,False,10,10
41916,151,unweighted,10,0.522890127388535,0,2,None,66,1,5,False,10,10
41917,152,unweighted,10,0.5240843949044586,0,2,None,66,1,5,False,10,10
41918,153,unweighted,10,0.5254777070063694,0,2,None,66,1,5,False,10,10
41919,154,unweighted,10,0.5270700636942676,0,2,None,66,1,5,False,10,10
41920,150,unweighted,10,0.4571058917197452,0,22,None,66,1,5,False,10,10
41921,151,unweighted,10,0.4606886942675159,0,22,None,66,1,5,False,10,10
41922,152,unweighted,10,0.4623805732484076,0,22,None,66,1,5,False,10,10
41923,153,unweighted,10,0.4651671974522293,0,22,None,66,1,5,False,10,10
41924,154,unweighted,10,0.46875,0,22,None,66,1,5,False,10,10
41925,150,unweighted,10,0.5805135350318471,0,23,None,66,1,5,False,10,10
41926,151,unweighted,10,0.5839968152866242,0,23,None,66,1,5,False,10,10
41927,152,unweighted,10,0.5897691082802548,0,23,None,66,1,5,False,10,10
41928,153,unweighted,10,0.5944466560509554,0,23,None,66,1,5,False,10,10
41929,154,unweighted,10,0.5986265923566879,0,23,None,66,1,5,False,10,10
41930,150,unweighted,10,0.5138335987261147,0,29,None,66,1,5,False,10,10
41931,151,unweighted,10,0.5204020700636943,0,29,None,66,1,5,False,10,10
41932,152,unweighted,10,0.5263734076433121,0,29,None,66,1,5,False,10,10
41933,153,unweighted,10,0.5289609872611465,0,29,None,66,1,5,False,10,10
41934,154,unweighted,10,0.5322452229299363,0,29,None,66,1,5,False,10,10
41935,150,unweighted,10,0.5130374203821656,0,9,None,66,1,5,False,10,10
41936,151,unweighted,10,0.5179140127388535,0,9,None,66,1,5,False,10,10
41937,152,unweighted,10,0.5243829617834395,0,9,None,66,1,5,False,10,10
41938,153,unweighted,10,0.5279657643312102,0,9,None,66,1,5,False,10,10
41939,154,unweighted,10,0.5303542993630573,0,9,None,66,1,5,False,10,10
41940,150,unweighted,10,0.4504378980891719,0,13,None,66,1,5,False,10,10
41941,151,unweighted,10,0.4562101910828025,0,13,None,66,1,5,False,10,10
41942,152,unweighted,10,0.4644705414012738,0,13,None,66,1,5,False,10,10
41943,153,unweighted,10,0.4746218152866242,0,13,None,66,1,5,False,10,10
41944,154,unweighted,10,0.4856687898089172,0,13,None,66,1,5,False,10,10
41945,150,unweighted,10,0.4957205414012738,0,25,None,66,1,5,False,10,10
41946,151,unweighted,10,0.4988057324840764,0,25,None,66,1,5,False,10,10
41947,152,unweighted,10,0.5021894904458599,0,25,None,66,1,5,False,10,10
41948,153,unweighted,10,0.5051751592356688,0,25,None,66,1,5,False,10,10
41949,154,unweighted,10,0.5073646496815286,0,25,None,66,1,5,False,10,10
41950,150,unweighted,10,0.5178144904458599,0,15,None,66,1,5,False,10,10
41951,151,unweighted,10,0.5236863057324841,0,15,None,66,1,5,False,10,10
41952,152,unweighted,10,0.5280652866242038,0,15,None,66,1,5,False,10,10
41953,153,unweighted,10,0.5311504777070064,0,15,None,66,1,5,False,10,10
41954,154,unweighted,10,0.5338375796178344,0,15,None,66,1,5,False,10,10
41955,150,unweighted,10,0.464968152866242,0,10,None,66,1,5,False,10,10
41956,151,unweighted,10,0.4674562101910828,0,10,None,66,1,5,False,10,10
41957,152,unweighted,10,0.4707404458598726,0,10,None,66,1,5,False,10,10
41958,153,unweighted,10,0.4736265923566879,0,10,None,66,1,5,False,10,10
41959,154,unweighted,10,0.476015127388535,0,10,None,66,1,5,False,10,10
41960,150,unweighted,10,0.4557125796178344,0,11,None,66,1,5,False,10,10
41961,151,unweighted,10,0.4632762738853503,0,11,None,66,1,5,False,10,10
41962,152,unweighted,10,0.4705414012738853,0,11,None,66,1,5,False,10,10
41963,153,unweighted,10,0.4770103503184713,0,11,None,66,1,5,False,10,10
41964,154,unweighted,10,0.4842754777070063,0,11,None,66,1,5,False,10,10
41965,150,unweighted,10,0.5172173566878981,0,17,None,66,1,5,False,10,10
41966,151,unweighted,10,0.5176154458598726,0,17,None,66,1,5,False,10,10
41967,152,unweighted,10,0.5184116242038217,0,17,None,66,1,5,False,10,10
41968,153,unweighted,10,0.5195063694267515,0,17,None,66,1,5,False,10,10
41969,154,unweighted,10,0.5209992038216561,0,17,None,66,1,5,False,10,10
41970,150,unweighted,10,0.5230891719745223,0,20,None,66,1,5,False,10,10
41971,151,unweighted,10,0.5268710191082803,0,20,None,66,1,5,False,10,10
41972,152,unweighted,10,0.5311504777070064,0,20,None,66,1,5,False,10,10
41973,153,unweighted,10,0.5326433121019108,0,20,None,66,1,5,False,10,10
41974,154,unweighted,10,0.5347332802547771,0,20,None,66,1,5,False,10,10
41975,150,unweighted,10,0.4540207006369426,0,16,None,66,1,5,False,10,10
41976,151,unweighted,10,0.4605891719745223,0,16,None,66,1,5,False,10,10
41977,152,unweighted,10,0.4681528662420382,0,16,None,66,1,5,False,10,10
41978,153,unweighted,10,0.4750199044585987,0,16,None,66,1,5,False,10,10
41979,154,unweighted,10,0.4811902866242038,0,16,None,66,1,5,False,10,10
41980,150,unweighted,10,0.513734076433121,0,8,None,66,1,5,False,10,10
41981,151,unweighted,10,0.5260748407643312,0,8,None,66,1,5,False,10,10
41982,152,unweighted,10,0.5359275477707006,0,8,None,66,1,5,False,10,10
41983,153,unweighted,10,0.5438893312101911,0,8,None,66,1,5,False,10,10
41984,154,unweighted,10,0.5493630573248408,0,8,None,66,1,5,False,10,10
41985,150,unweighted,10,0.5001990445859873,0,19,None,66,1,5,False,10,10
41986,151,unweighted,10,0.5077627388535032,0,19,None,66,1,5,False,10,10
41987,152,unweighted,10,0.5135350318471338,0,19,None,66,1,5,False,10,10
41988,153,unweighted,10,0.520203025477707,0,19,None,66,1,5,False,10,10
41989,154,unweighted,10,0.5253781847133758,0,19,None,66,1,5,False,10,10
41990,150,unweighted,10,0.446656050955414,0,21,None,66,1,5,False,10,10
41991,151,unweighted,10,0.4492436305732484,0,21,None,66,1,5,False,10,10
41992,152,unweighted,10,0.4536226114649681,0,21,None,66,1,5,False,10,10
41993,153,unweighted,10,0.4568073248407643,0,21,None,66,1,5,False,10,10
41994,154,unweighted,10,0.4600915605095541,0,21,None,66,1,5,False,10,10
41995,150,unweighted,10,0.5092555732484076,0,24,None,66,1,5,False,10,10
41996,151,unweighted,10,0.5117436305732485,0,24,None,66,1,5,False,10,10
41997,152,unweighted,10,0.5130374203821656,0,24,None,66,1,5,False,10,10
41998,153,unweighted,10,0.5157245222929936,0,24,None,66,1,5,False,10,10
41999,154,unweighted,10,0.5191082802547771,0,24,None,66,1,5,False,10,10
42000,150,unweighted,10,0.5469745222929936,0,32,None,66,1,5,False,10,10
42001,151,unweighted,10,0.5484673566878981,0,32,None,66,1,5,False,10,10
42002,152,unweighted,10,0.5510549363057324,0,32,None,66,1,5,False,10,10
42003,153,unweighted,10,0.5534434713375797,0,32,None,66,1,5,False,10,10
42004,154,unweighted,10,0.555234872611465,0,32,None,66,1,5,False,10,10
42005,150,unweighted,10,0.5063694267515924,0,5,None,66,1,5,False,10,10
42006,151,unweighted,10,0.5124402866242038,0,5,None,66,1,5,False,10,10
42007,152,unweighted,10,0.5173168789808917,0,5,None,66,1,5,False,10,10
42008,153,unweighted,10,0.5224920382165605,0,5,None,66,1,5,False,10,10
42009,154,unweighted,10,0.5263734076433121,0,5,None,66,1,5,False,10,10
42010,150,unweighted,10,0.4900477707006369,0,4,None,66,1,5,False,10,10
42011,151,unweighted,10,0.4980095541401274,0,4,None,66,1,5,False,10,10
42012,152,unweighted,10,0.5034832802547771,0,4,None,66,1,5,False,10,10
42013,153,unweighted,10,0.5109474522292994,0,4,None,66,1,5,False,10,10
42014,154,unweighted,10,0.5169187898089171,0,4,None,66,1,5,False,10,10
42015,150,unweighted,10,0.4452627388535032,0,6,None,66,1,5,False,10,10
42016,151,unweighted,10,0.4475517515923566,0,6,None,66,1,5,False,10,10
42017,152,unweighted,10,0.4488455414012738,0,6,None,66,1,5,False,10,10
42018,153,unweighted,10,0.4504378980891719,0,6,None,66,1,5,False,10,10
42019,154,unweighted,10,0.4517316878980891,0,6,None,66,1,5,False,10,10
42020,150,unweighted,10,0.5300557324840764,0,7,None,66,1,5,False,10,10
42021,151,unweighted,10,0.5299562101910829,0,7,None,66,1,5,False,10,10
42022,152,unweighted,10,0.5308519108280255,0,7,None,66,1,5,False,10,10
42023,153,unweighted,10,0.5315485668789809,0,7,None,66,1,5,False,10,10
42024,154,unweighted,10,0.5324442675159236,0,7,None,66,1,5,False,10,10
42025,150,unweighted,10,0.4930334394904458,0,12,None,66,1,5,False,10,10
42026,151,unweighted,10,0.4932324840764331,0,12,None,66,1,5,False,10,10
42027,152,unweighted,10,0.4931329617834395,0,12,None,66,1,5,False,10,10
42028,153,unweighted,10,0.4938296178343949,0,12,None,66,1,5,False,10,10
42029,154,unweighted,10,0.4937300955414013,0,12,None,66,1,5,False,10,10
42030,150,unweighted,10,0.4446656050955414,0,14,None,66,1,5,False,10,10
42031,151,unweighted,10,0.4472531847133758,0,14,None,66,1,5,False,10,10
42032,152,unweighted,10,0.4503383757961783,0,14,None,66,1,5,False,10,10
42033,153,unweighted,10,0.4528264331210191,0,14,None,66,1,5,False,10,10
42034,154,unweighted,10,0.4553144904458598,0,14,None,66,1,5,False,10,10
42035,150,unweighted,10,0.501890923566879,0,26,None,66,1,5,False,10,10
42036,151,unweighted,10,0.5025875796178344,0,26,None,66,1,5,False,10,10
42037,152,unweighted,10,0.503781847133758,0,26,None,66,1,5,False,10,10
42038,153,unweighted,10,0.5033837579617835,0,26,None,66,1,5,False,10,10
42039,154,unweighted,10,0.5029856687898089,0,26,None,66,1,5,False,10,10
42040,150,unweighted,10,0.4459593949044586,0,30,None,66,1,5,False,10,10
42041,151,unweighted,10,0.4486464968152866,0,30,None,66,1,5,False,10,10
42042,152,unweighted,10,0.4513335987261146,0,30,None,66,1,5,False,10,10
42043,153,unweighted,10,0.4533240445859872,0,30,None,66,1,5,False,10,10
42044,154,unweighted,10,0.4555135350318471,0,30,None,66,1,5,False,10,10
42045,150,unweighted,10,0.4701433121019108,0,0,None,66,1,5,False,10,10
42046,151,unweighted,10,0.4721337579617834,0,0,None,66,1,5,False,10,10
42047,152,unweighted,10,0.4738256369426751,0,0,None,66,1,5,False,10,10
42048,153,unweighted,10,0.4757165605095541,0,0,None,66,1,5,False,10,10
42049,154,unweighted,10,0.4802945859872611,0,0,None,66,1,5,False,10,10
42050,150,unweighted,10,0.4948248407643312,0,3,None,66,1,5,False,10,10
42051,151,unweighted,10,0.5006966560509554,0,3,None,66,1,5,False,10,10
42052,152,unweighted,10,0.5055732484076433,0,3,None,66,1,5,False,10,10
42053,153,unweighted,10,0.511046974522293,0,3,None,66,1,5,False,10,10
42054,154,unweighted,10,0.5172173566878981,0,3,None,66,1,5,False,10,10
42055,150,unweighted,10,0.4349124203821656,0,28,None,66,1,5,False,10,10
42056,151,unweighted,10,0.4414808917197452,0,28,None,66,1,5,False,10,10
42057,152,unweighted,10,0.449343152866242,0,28,None,66,1,5,False,10,10
42058,153,unweighted,10,0.4609872611464968,0,28,None,66,1,5,False,10,10
42059,154,unweighted,10,0.4754179936305732,0,28,None,66,1,5,False,10,10
42060,150,unweighted,10,0.5196058917197452,0,18,None,66,1,5,False,10,10
42061,151,unweighted,10,0.5227906050955414,0,18,None,66,1,5,False,10,10
42062,152,unweighted,10,0.5234872611464968,0,18,None,66,1,5,False,10,10
42063,153,unweighted,10,0.525577229299363,0,18,None,66,1,5,False,10,10
42064,154,unweighted,10,0.5278662420382165,0,18,None,66,1,5,False,10,10
42065,150,unweighted,10,0.4828821656050955,0,27,None,66,1,5,False,10,10
42066,151,unweighted,10,0.4899482484076433,0,27,None,66,1,5,False,10,10
42067,152,unweighted,10,0.4942277070063694,0,27,None,66,1,5,False,10,10
42068,153,unweighted,10,0.4993033439490446,0,27,None,66,1,5,False,10,10
42069,154,unweighted,10,0.5052746815286624,0,27,None,66,1,5,False,10,10
42070,150,unweighted,10,0.3969944267515923,0,31,None,66,1,5,False,10,10
42071,151,unweighted,10,0.3993829617834395,0,31,None,66,1,5,False,10,10
42072,152,unweighted,10,0.4008757961783439,0,31,None,66,1,5,False,10,10
42073,153,unweighted,10,0.4021695859872611,0,31,None,66,1,5,False,10,10
42074,154,unweighted,10,0.4035628980891719,0,31,None,66,1,5,False,10,10
47190,155,unweighted,10,0.4652667197452229,0,1,None,66,1,5,False,10,10
47191,156,unweighted,10,0.4678542993630573,0,1,None,66,1,5,False,10,10
47192,157,unweighted,10,0.4711385350318471,0,1,None,66,1,5,False,10,10
47193,158,unweighted,10,0.4718351910828025,0,1,None,66,1,5,False,10,10
47194,159,unweighted,10,0.4732285031847134,0,1,None,66,1,5,False,10,10
47195,155,unweighted,10,0.5287619426751592,0,2,None,66,1,5,False,10,10
47196,156,unweighted,10,0.53015525477707,0,2,None,66,1,5,False,10,10
47197,157,unweighted,10,0.5316480891719745,0,2,None,66,1,5,False,10,10
47198,158,unweighted,10,0.5332404458598726,0,2,None,66,1,5,False,10,10
47199,159,unweighted,10,0.5345342356687898,0,2,None,66,1,5,False,10,10
47200,155,unweighted,10,0.486265923566879,0,13,None,66,1,5,False,10,10
47201,156,unweighted,10,0.4934315286624204,0,13,None,66,1,5,False,10,10
47202,157,unweighted,10,0.5021894904458599,0,13,None,66,1,5,False,10,10
47203,158,unweighted,10,0.5086584394904459,0,13,None,66,1,5,False,10,10
47204,159,unweighted,10,0.5148288216560509,0,13,None,66,1,5,False,10,10
47205,155,unweighted,10,0.5400079617834395,0,15,None,66,1,5,False,10,10
47206,156,unweighted,10,0.5384156050955414,0,15,None,66,1,5,False,10,10
47207,157,unweighted,10,0.5371218152866242,0,15,None,66,1,5,False,10,10
47208,158,unweighted,10,0.544984076433121,0,15,None,66,1,5,False,10,10
47209,159,unweighted,10,0.5508558917197452,0,15,None,66,1,5,False,10,10
47210,155,unweighted,10,0.4923367834394904,0,16,None,66,1,5,False,10,10
47211,156,unweighted,10,0.495421974522293,0,16,None,66,1,5,False,10,10
47212,157,unweighted,10,0.5000995222929936,0,16,None,66,1,5,False,10,10
47213,158,unweighted,10,0.5042794585987261,0,16,None,66,1,5,False,10,10
47214,159,unweighted,10,0.5066679936305732,0,16,None,66,1,5,False,10,10
47215,155,unweighted,10,0.5472730891719745,0,8,None,66,1,5,False,10,10
47216,156,unweighted,10,0.5522492038216561,0,8,None,66,1,5,False,10,10
47217,157,unweighted,10,0.5562300955414012,0,8,None,66,1,5,False,10,10
47218,158,unweighted,10,0.5585191082802548,0,8,None,66,1,5,False,10,10
47219,159,unweighted,10,0.5605095541401274,0,8,None,66,1,5,False,10,10
47220,155,unweighted,10,0.529359076433121,0,19,None,66,1,5,False,10,10
47221,156,unweighted,10,0.5341361464968153,0,19,None,66,1,5,False,10,10
47222,157,unweighted,10,0.5356289808917197,0,19,None,66,1,5,False,10,10
47223,158,unweighted,10,0.537718949044586,0,19,None,66,1,5,False,10,10
47224,159,unweighted,10,0.5394108280254777,0,19,None,66,1,5,False,10,10
47225,155,unweighted,10,0.4704418789808917,0,22,None,66,1,5,False,10,10
47226,156,unweighted,10,0.4758160828025478,0,22,None,66,1,5,False,10,10
47227,157,unweighted,10,0.4804936305732484,0,22,None,66,1,5,False,10,10
47228,158,unweighted,10,0.4856687898089172,0,22,None,66,1,5,False,10,10
47229,159,unweighted,10,0.4919386942675159,0,22,None,66,1,5,False,10,10
47230,155,unweighted,10,0.4591958598726114,0,14,None,66,1,5,False,10,10
47231,156,unweighted,10,0.4620820063694267,0,14,None,66,1,5,False,10,10
47232,157,unweighted,10,0.4650676751592357,0,14,None,66,1,5,False,10,10
47233,158,unweighted,10,0.4700437898089172,0,14,None,66,1,5,False,10,10
47234,159,unweighted,10,0.4747213375796178,0,14,None,66,1,5,False,10,10
47235,155,unweighted,10,0.596437101910828,0,23,None,66,1,5,False,10,10
47236,156,unweighted,10,0.6003184713375797,0,23,None,66,1,5,False,10,10
47237,157,unweighted,10,0.6023089171974523,0,23,None,66,1,5,False,10,10
47238,158,unweighted,10,0.6041003184713376,0,23,None,66,1,5,False,10,10
47239,159,unweighted,10,0.6062898089171974,0,23,None,66,1,5,False,10,10
47240,155,unweighted,10,0.463077229299363,0,21,None,66,1,5,False,10,10
47241,156,unweighted,10,0.4667595541401274,0,21,None,66,1,5,False,10,10
47242,157,unweighted,10,0.4718351910828025,0,21,None,66,1,5,False,10,10
47243,158,unweighted,10,0.4782046178343949,0,21,None,66,1,5,False,10,10
47244,159,unweighted,10,0.4838773885350318,0,21,None,66,1,5,False,10,10
47245,155,unweighted,10,0.5101512738853503,0,25,None,66,1,5,False,10,10
47246,156,unweighted,10,0.5171178343949044,0,25,None,66,1,5,False,10,10
47247,157,unweighted,10,0.5241839171974523,0,25,None,66,1,5,False,10,10
47248,158,unweighted,10,0.5313495222929936,0,25,None,66,1,5,False,10,10
47249,159,unweighted,10,0.5408041401273885,0,25,None,66,1,5,False,10,10
47250,155,unweighted,10,0.5077627388535032,0,26,None,66,1,5,False,10,10
47251,156,unweighted,10,0.5084593949044586,0,26,None,66,1,5,False,10,10
47252,157,unweighted,10,0.5087579617834395,0,26,None,66,1,5,False,10,10
47253,158,unweighted,10,0.5086584394904459,0,26,None,66,1,5,False,10,10
47254,159,unweighted,10,0.509952229299363,0,26,None,66,1,5,False,10,10
47255,155,unweighted,10,0.5328423566878981,0,12,None,66,1,5,False,10,10
47256,156,unweighted,10,0.5389132165605095,0,12,None,66,1,5,False,10,10
47257,157,unweighted,10,0.5448845541401274,0,12,None,66,1,5,False,10,10
47258,158,unweighted,10,0.5507563694267515,0,12,None,66,1,5,False,10,10
47259,159,unweighted,10,0.5555334394904459,0,12,None,66,1,5,False,10,10
47260,155,unweighted,10,0.5231886942675159,0,24,None,66,1,5,False,10,10
47261,156,unweighted,10,0.5261743630573248,0,24,None,66,1,5,False,10,10
47262,157,unweighted,10,0.5298566878980892,0,24,None,66,1,5,False,10,10
47263,158,unweighted,10,0.5343351910828026,0,24,None,66,1,5,False,10,10
47264,159,unweighted,10,0.5383160828025477,0,24,None,66,1,5,False,10,10
47265,155,unweighted,10,0.4763136942675159,0,28,None,66,1,5,False,10,10
47266,156,unweighted,10,0.4865644904458598,0,28,None,66,1,5,False,10,10
47267,157,unweighted,10,0.4956210191082802,0,28,None,66,1,5,False,10,10
47268,158,unweighted,10,0.5029856687898089,0,28,None,66,1,5,False,10,10
47269,159,unweighted,10,0.5087579617834395,0,28,None,66,1,5,False,10,10
47270,155,unweighted,10,0.5352308917197452,0,29,None,66,1,5,False,10,10
47271,156,unweighted,10,0.5374203821656051,0,29,None,66,1,5,False,10,10
47272,157,unweighted,10,0.5397093949044586,0,29,None,66,1,5,False,10,10
47273,158,unweighted,10,0.5421974522292994,0,29,None,66,1,5,False,10,10
47274,159,unweighted,10,0.5423964968152867,0,29,None,66,1,5,False,10,10
47275,155,unweighted,10,0.5317476114649682,0,9,None,66,1,5,False,10,10
47276,156,unweighted,10,0.5342356687898089,0,9,None,66,1,5,False,10,10
47277,157,unweighted,10,0.5357285031847133,0,9,None,66,1,5,False,10,10
47278,158,unweighted,10,0.5374203821656051,0,9,None,66,1,5,False,10,10
47279,159,unweighted,10,0.5386146496815286,0,9,None,66,1,5,False,10,10
47280,155,unweighted,10,0.3967953821656051,0,31,None,66,1,5,False,10,10
47281,156,unweighted,10,0.399781050955414,0,31,None,66,1,5,False,10,10
47282,157,unweighted,10,0.401671974522293,0,31,None,66,1,5,False,10,10
47283,158,unweighted,10,0.4028662420382166,0,31,None,66,1,5,False,10,10
47284,159,unweighted,10,0.4047571656050955,0,31,None,66,1,5,False,10,10
47285,155,unweighted,10,0.528562898089172,0,18,None,66,1,5,False,10,10
47286,156,unweighted,10,0.53125,0,18,None,66,1,5,False,10,10
47287,157,unweighted,10,0.5333399681528662,0,18,None,66,1,5,False,10,10
47288,158,unweighted,10,0.5356289808917197,0,18,None,66,1,5,False,10,10
47289,159,unweighted,10,0.5379179936305732,0,18,None,66,1,5,False,10,10
47290,155,unweighted,10,0.5690684713375797,0,32,None,66,1,5,False,10,10
47291,156,unweighted,10,0.5709593949044586,0,32,None,66,1,5,False,10,10
47292,157,unweighted,10,0.5713574840764332,0,32,None,66,1,5,False,10,10
47293,158,unweighted,10,0.5719546178343949,0,32,None,66,1,5,False,10,10
47294,159,unweighted,10,0.5734474522292994,0,32,None,66,1,5,False,10,10
47295,155,unweighted,10,0.5374203821656051,0,7,None,66,1,5,False,10,10
47296,156,unweighted,10,0.5394108280254777,0,7,None,66,1,5,False,10,10
47297,157,unweighted,10,0.5393113057324841,0,7,None,66,1,5,False,10,10
47298,158,unweighted,10,0.5409036624203821,0,7,None,66,1,5,False,10,10
47299,159,unweighted,10,0.5414012738853503,0,7,None,66,1,5,False,10,10
47300,155,unweighted,10,0.5273686305732485,0,5,None,66,1,5,False,10,10
47301,156,unweighted,10,0.5296576433121019,0,5,None,66,1,5,False,10,10
47302,157,unweighted,10,0.5324442675159236,0,5,None,66,1,5,False,10,10
47303,158,unweighted,10,0.5343351910828026,0,5,None,66,1,5,False,10,10
47304,159,unweighted,10,0.5364251592356688,0,5,None,66,1,5,False,10,10
47305,155,unweighted,10,0.4837778662420382,0,0,None,66,1,5,False,10,10
47306,156,unweighted,10,0.4942277070063694,0,0,None,66,1,5,False,10,10
47307,157,unweighted,10,0.5060708598726115,0,0,None,66,1,5,False,10,10
47308,158,unweighted,10,0.5179140127388535,0,0,None,66,1,5,False,10,10
47309,159,unweighted,10,0.5265724522292994,0,0,None,66,1,5,False,10,10
47310,155,unweighted,10,0.4786027070063694,0,10,None,66,1,5,False,10,10
47311,156,unweighted,10,0.4803941082802547,0,10,None,66,1,5,False,10,10
47312,157,unweighted,10,0.4825835987261146,0,10,None,66,1,5,False,10,10
47313,158,unweighted,10,0.4842754777070063,0,10,None,66,1,5,False,10,10
47314,159,unweighted,10,0.4845740445859872,0,10,None,66,1,5,False,10,10
47315,155,unweighted,10,0.4791003184713376,0,11,None,66,1,5,False,10,10
47316,156,unweighted,10,0.4875597133757962,0,11,None,66,1,5,False,10,10
47317,157,unweighted,10,0.4934315286624204,0,11,None,66,1,5,False,10,10
47318,158,unweighted,10,0.4991042993630573,0,11,None,66,1,5,False,10,10
47319,159,unweighted,10,0.5032842356687898,0,11,None,66,1,5,False,10,10
47320,155,unweighted,10,0.5216958598726115,0,17,None,66,1,5,False,10,10
47321,156,unweighted,10,0.5230891719745223,0,17,None,66,1,5,False,10,10
47322,157,unweighted,10,0.5234872611464968,0,17,None,66,1,5,False,10,10
47323,158,unweighted,10,0.5242834394904459,0,17,None,66,1,5,False,10,10
47324,159,unweighted,10,0.5261743630573248,0,17,None,66,1,5,False,10,10
47325,155,unweighted,10,0.5298566878980892,0,4,None,66,1,5,False,10,10
47326,156,unweighted,10,0.5346337579617835,0,4,None,66,1,5,False,10,10
47327,157,unweighted,10,0.538515127388535,0,4,None,66,1,5,False,10,10
47328,158,unweighted,10,0.5427945859872612,0,4,None,66,1,5,False,10,10
47329,159,unweighted,10,0.546875,0,4,None,66,1,5,False,10,10
47330,155,unweighted,10,0.5215963375796179,0,3,None,66,1,5,False,10,10
47331,156,unweighted,10,0.5283638535031847,0,3,None,66,1,5,False,10,10
47332,157,unweighted,10,0.5325437898089171,0,3,None,66,1,5,False,10,10
47333,158,unweighted,10,0.5374203821656051,0,3,None,66,1,5,False,10,10
47334,159,unweighted,10,0.5413017515923567,0,3,None,66,1,5,False,10,10
47335,155,unweighted,10,0.5363256369426752,0,20,None,66,1,5,False,10,10
47336,156,unweighted,10,0.5461783439490446,0,20,None,66,1,5,False,10,10
47337,157,unweighted,10,0.5741441082802548,0,20,None,66,1,5,False,10,10
47338,158,unweighted,10,0.5850915605095541,0,20,None,66,1,5,False,10,10
47339,159,unweighted,10,0.5912619426751592,0,20,None,66,1,5,False,10,10
47340,160,unweighted,10,0.5025875796178344,0,11,None,66,1,5,False,10,10
47341,161,unweighted,10,0.5066679936305732,0,11,None,66,1,5,False,10,10
47342,162,unweighted,10,0.5101512738853503,0,11,None,66,1,5,False,10,10
47343,163,unweighted,10,0.5134355095541401,0,11,None,66,1,5,False,10,10
47344,164,unweighted,10,0.5174164012738853,0,11,None,66,1,5,False,10,10
47345,160,unweighted,10,0.5426950636942676,0,19,None,66,1,5,False,10,10
47346,161,unweighted,10,0.5442874203821656,0,19,None,66,1,5,False,10,10
47347,162,unweighted,10,0.5446855095541401,0,19,None,66,1,5,False,10,10
47348,163,unweighted,10,0.5452826433121019,0,19,None,66,1,5,False,10,10
47349,164,unweighted,10,0.5456807324840764,0,19,None,66,1,5,False,10,10
47350,155,unweighted,10,0.450139331210191,0,6,None,66,1,5,False,10,10
47351,156,unweighted,10,0.4518312101910828,0,6,None,66,1,5,False,10,10
47352,157,unweighted,10,0.453921178343949,0,6,None,66,1,5,False,10,10
47353,158,unweighted,10,0.4549164012738853,0,6,None,66,1,5,False,10,10
47354,159,unweighted,10,0.457703025477707,0,6,None,66,1,5,False,10,10
47355,155,unweighted,10,0.5078622611464968,0,27,None,66,1,5,False,10,10
47356,156,unweighted,10,0.5106488853503185,0,27,None,66,1,5,False,10,10
47357,157,unweighted,10,0.5143312101910829,0,27,None,66,1,5,False,10,10
47358,158,unweighted,10,0.5154259554140127,0,27,None,66,1,5,False,10,10
47359,159,unweighted,10,0.5168192675159236,0,27,None,66,1,5,False,10,10
47360,155,unweighted,10,0.4548168789808917,0,30,None,66,1,5,False,10,10
47361,156,unweighted,10,0.4575039808917197,0,30,None,66,1,5,False,10,10
47362,157,unweighted,10,0.4607882165605095,0,30,None,66,1,5,False,10,10
47363,158,unweighted,10,0.4635748407643312,0,30,None,66,1,5,False,10,10
47364,159,unweighted,10,0.4642714968152866,0,30,None,66,1,5,False,10,10
47365,160,unweighted,10,0.5957404458598726,0,20,None,66,1,5,False,10,10
47366,161,unweighted,10,0.5959394904458599,0,20,None,66,1,5,False,10,10
47367,162,unweighted,10,0.5969347133757962,0,20,None,66,1,5,False,10,10
47368,163,unweighted,10,0.597531847133758,0,20,None,66,1,5,False,10,10
47369,164,unweighted,10,0.5974323248407644,0,20,None,66,1,5,False,10,10
47370,160,unweighted,10,0.5100517515923567,0,16,None,66,1,5,False,10,10
47371,161,unweighted,10,0.5128383757961783,0,16,None,66,1,5,False,10,10
47372,162,unweighted,10,0.5153264331210191,0,16,None,66,1,5,False,10,10
47373,163,unweighted,10,0.5170183121019108,0,16,None,66,1,5,False,10,10
47374,164,unweighted,10,0.5190087579617835,0,16,None,66,1,5,False,10,10
47375,160,unweighted,10,0.5472730891719745,0,7,None,66,1,5,False,10,10
47376,161,unweighted,10,0.5480692675159236,0,7,None,66,1,5,False,10,10
47377,162,unweighted,10,0.548765923566879,0,7,None,66,1,5,False,10,10
47378,163,unweighted,10,0.5492635350318471,0,7,None,66,1,5,False,10,10
47379,164,unweighted,10,0.5497611464968153,0,7,None,66,1,5,False,10,10
47380,160,unweighted,10,0.5831011146496815,0,32,None,66,1,5,False,10,10
47381,161,unweighted,10,0.5834992038216561,0,32,None,66,1,5,False,10,10
47382,162,unweighted,10,0.5856886942675159,0,32,None,66,1,5,False,10,10
47383,163,unweighted,10,0.5873805732484076,0,32,None,66,1,5,False,10,10
47384,164,unweighted,10,0.5878781847133758,0,32,None,66,1,5,False,10,10
47385,160,unweighted,10,0.5599124203821656,0,25,None,66,1,5,False,10,10
47386,161,unweighted,10,0.5657842356687898,0,25,None,66,1,5,False,10,10
47387,162,unweighted,10,0.5712579617834395,0,25,None,66,1,5,False,10,10
47388,163,unweighted,10,0.57703025477707,0,25,None,66,1,5,False,10,10
47389,164,unweighted,10,0.5807125796178344,0,25,None,66,1,5,False,10,10
47390,160,unweighted,10,0.5276671974522293,0,17,None,66,1,5,False,10,10
47391,161,unweighted,10,0.5284633757961783,0,17,None,66,1,5,False,10,10
47392,162,unweighted,10,0.5298566878980892,0,17,None,66,1,5,False,10,10
47393,163,unweighted,10,0.5303542993630573,0,17,None,66,1,5,False,10,10
47394,164,unweighted,10,0.5317476114649682,0,17,None,66,1,5,False,10,10
47395,160,unweighted,10,0.4726313694267516,0,1,None,66,1,5,False,10,10
47396,161,unweighted,10,0.475218949044586,0,1,None,66,1,5,False,10,10
47397,162,unweighted,10,0.4762141719745223,0,1,None,66,1,5,False,10,10
47398,163,unweighted,10,0.4776074840764331,0,1,None,66,1,5,False,10,10
47399,164,unweighted,10,0.4796974522292994,0,1,None,66,1,5,False,10,10
47400,160,unweighted,10,0.5361265923566879,0,2,None,66,1,5,False,10,10
47401,161,unweighted,10,0.5368232484076433,0,2,None,66,1,5,False,10,10
47402,162,unweighted,10,0.5372213375796179,0,2,None,66,1,5,False,10,10
47403,163,unweighted,10,0.5394108280254777,0,2,None,66,1,5,False,10,10
47404,164,unweighted,10,0.5410031847133758,0,2,None,66,1,5,False,10,10
47405,160,unweighted,10,0.5501592356687898,0,4,None,66,1,5,False,10,10
47406,161,unweighted,10,0.5535429936305732,0,4,None,66,1,5,False,10,10
47407,162,unweighted,10,0.5567277070063694,0,4,None,66,1,5,False,10,10
47408,163,unweighted,10,0.5594148089171974,0,4,None,66,1,5,False,10,10
47409,164,unweighted,10,0.5615047770700637,0,4,None,66,1,5,False,10,10
47410,160,unweighted,10,0.5384156050955414,0,5,None,66,1,5,False,10,10
47411,161,unweighted,10,0.5407046178343949,0,5,None,66,1,5,False,10,10
47412,162,unweighted,10,0.5411027070063694,0,5,None,66,1,5,False,10,10
47413,163,unweighted,10,0.5417993630573248,0,5,None,66,1,5,False,10,10
47414,164,unweighted,10,0.5432921974522293,0,5,None,66,1,5,False,10,10
47415,160,unweighted,10,0.5160230891719745,0,13,None,66,1,5,False,10,10
47416,161,unweighted,10,0.5201035031847133,0,13,None,66,1,5,False,10,10
47417,162,unweighted,10,0.5229896496815286,0,13,None,66,1,5,False,10,10
47418,163,unweighted,10,0.525577229299363,0,13,None,66,1,5,False,10,10
47419,164,unweighted,10,0.5276671974522293,0,13,None,66,1,5,False,10,10
47420,160,unweighted,10,0.5607085987261147,0,8,None,66,1,5,False,10,10
47421,161,unweighted,10,0.5624004777070064,0,8,None,66,1,5,False,10,10
47422,162,unweighted,10,0.5652866242038217,0,8,None,66,1,5,False,10,10
47423,163,unweighted,10,0.5674761146496815,0,8,None,66,1,5,False,10,10
47424,164,unweighted,10,0.5680732484076433,0,8,None,66,1,5,False,10,10
47425,160,unweighted,10,0.6003184713375797,0,23,None,66,1,5,False,10,10
47426,161,unweighted,10,0.6039012738853503,0,23,None,66,1,5,False,10,10
47427,162,unweighted,10,0.6078821656050956,0,23,None,66,1,5,False,10,10
47428,163,unweighted,10,0.6105692675159236,0,23,None,66,1,5,False,10,10
47429,164,unweighted,10,0.6118630573248408,0,23,None,66,1,5,False,10,10
47430,160,unweighted,10,0.511843152866242,0,21,None,66,1,5,False,10,10
47431,161,unweighted,10,0.5173168789808917,0,21,None,66,1,5,False,10,10
47432,162,unweighted,10,0.522890127388535,0,21,None,66,1,5,False,10,10
47433,163,unweighted,10,0.5270700636942676,0,21,None,66,1,5,False,10,10
47434,164,unweighted,10,0.5333399681528662,0,21,None,66,1,5,False,10,10
47435,160,unweighted,10,0.5078622611464968,0,28,None,66,1,5,False,10,10
47436,161,unweighted,10,0.511843152866242,0,28,None,66,1,5,False,10,10
47437,162,unweighted,10,0.5166202229299363,0,28,None,66,1,5,False,10,10
47438,163,unweighted,10,0.5193073248407644,0,28,None,66,1,5,False,10,10
47439,164,unweighted,10,0.5211982484076433,0,28,None,66,1,5,False,10,10
47440,160,unweighted,10,0.5452826433121019,0,29,None,66,1,5,False,10,10
47441,161,unweighted,10,0.5471735668789809,0,29,None,66,1,5,False,10,10
47442,162,unweighted,10,0.5482683121019108,0,29,None,66,1,5,False,10,10
47443,163,unweighted,10,0.5501592356687898,0,29,None,66,1,5,False,10,10
47444,164,unweighted,10,0.5502587579617835,0,29,None,66,1,5,False,10,10
47445,160,unweighted,10,0.5417993630573248,0,24,None,66,1,5,False,10,10
47446,161,unweighted,10,0.5456807324840764,0,24,None,66,1,5,False,10,10
47447,162,unweighted,10,0.549562101910828,0,24,None,66,1,5,False,10,10
47448,163,unweighted,10,0.552547770700637,0,24,None,66,1,5,False,10,10
47449,164,unweighted,10,0.5559315286624203,0,24,None,66,1,5,False,10,10
47450,160,unweighted,10,0.5314490445859873,0,0,None,66,1,5,False,10,10
47451,161,unweighted,10,0.5398089171974523,0,0,None,66,1,5,False,10,10
47452,162,unweighted,10,0.5453821656050956,0,0,None,66,1,5,False,10,10
47453,163,unweighted,10,0.5498606687898089,0,0,None,66,1,5,False,10,10
47454,164,unweighted,10,0.554140127388535,0,0,None,66,1,5,False,10,10
47455,160,unweighted,10,0.472233280254777,0,30,None,66,1,5,False,10,10
47456,161,unweighted,10,0.477109872611465,0,30,None,66,1,5,False,10,10
47457,162,unweighted,10,0.4842754777070063,0,30,None,66,1,5,False,10,10
47458,163,unweighted,10,0.4933320063694267,0,30,None,66,1,5,False,10,10
47459,164,unweighted,10,0.5035828025477707,0,30,None,66,1,5,False,10,10
47460,160,unweighted,10,0.537718949044586,0,18,None,66,1,5,False,10,10
47461,161,unweighted,10,0.5389132165605095,0,18,None,66,1,5,False,10,10
47462,162,unweighted,10,0.5411027070063694,0,18,None,66,1,5,False,10,10
47463,163,unweighted,10,0.5426950636942676,0,18,None,66,1,5,False,10,10
47464,164,unweighted,10,0.5448845541401274,0,18,None,66,1,5,False,10,10
47465,160,unweighted,10,0.5160230891719745,0,27,None,66,1,5,False,10,10
47466,161,unweighted,10,0.5176154458598726,0,27,None,66,1,5,False,10,10
47467,162,unweighted,10,0.519406847133758,0,27,None,66,1,5,False,10,10
47468,163,unweighted,10,0.5211982484076433,0,27,None,66,1,5,False,10,10
47469,164,unweighted,10,0.5215963375796179,0,27,None,66,1,5,False,10,10
47470,160,unweighted,10,0.3939092356687898,0,31,None,66,1,5,False,10,10
47471,161,unweighted,10,0.3975915605095541,0,31,None,66,1,5,False,10,10
47472,162,unweighted,10,0.399781050955414,0,31,None,66,1,5,False,10,10
47473,163,unweighted,10,0.4015724522292994,0,31,None,66,1,5,False,10,10
47474,164,unweighted,10,0.4030652866242038,0,31,None,66,1,5,False,10,10
47475,160,unweighted,10,0.4867635350318471,0,10,None,66,1,5,False,10,10
47476,161,unweighted,10,0.4867635350318471,0,10,None,66,1,5,False,10,10
47477,162,unweighted,10,0.4891520700636942,0,10,None,66,1,5,False,10,10
47478,163,unweighted,10,0.4895501592356688,0,10,None,66,1,5,False,10,10
47479,164,unweighted,10,0.4904458598726114,0,10,None,66,1,5,False,10,10
47480,160,unweighted,10,0.5503582802547771,0,15,None,66,1,5,False,10,10
47481,161,unweighted,10,0.5524482484076433,0,15,None,66,1,5,False,10,10
47482,162,unweighted,10,0.5597133757961783,0,15,None,66,1,5,False,10,10
47483,163,unweighted,10,0.5664808917197452,0,15,None,66,1,5,False,10,10
47484,164,unweighted,10,0.5720541401273885,0,15,None,66,1,5,False,10,10
47485,160,unweighted,10,0.5407046178343949,0,3,None,66,1,5,False,10,10
47486,161,unweighted,10,0.5452826433121019,0,3,None,66,1,5,False,10,10
47487,162,unweighted,10,0.549562101910828,0,3,None,66,1,5,False,10,10
47488,163,unweighted,10,0.5523487261146497,0,3,None,66,1,5,False,10,10
47489,164,unweighted,10,0.5550358280254777,0,3,None,66,1,5,False,10,10
47490,160,unweighted,10,0.4834792993630573,0,14,None,66,1,5,False,10,10
47491,161,unweighted,10,0.4917396496815286,0,14,None,66,1,5,False,10,10
47492,162,unweighted,10,0.4992038216560509,0,14,None,66,1,5,False,10,10
47493,163,unweighted,10,0.5051751592356688,0,14,None,66,1,5,False,10,10
47494,164,unweighted,10,0.5111464968152867,0,14,None,66,1,5,False,10,10
47495,160,unweighted,10,0.5389132165605095,0,9,None,66,1,5,False,10,10
47496,161,unweighted,10,0.540406050955414,0,9,None,66,1,5,False,10,10
47497,162,unweighted,10,0.5436902866242038,0,9,None,66,1,5,False,10,10
47498,163,unweighted,10,0.549562101910828,0,9,None,66,1,5,False,10,10
47499,164,unweighted,10,0.5547372611464968,0,9,None,66,1,5,False,10,10
47500,160,unweighted,10,0.5043789808917197,0,22,None,66,1,5,False,10,10
47501,161,unweighted,10,0.5112460191082803,0,22,None,66,1,5,False,10,10
47502,162,unweighted,10,0.5173168789808917,0,22,None,66,1,5,False,10,10
47503,163,unweighted,10,0.5224920382165605,0,22,None,66,1,5,False,10,10
47504,164,unweighted,10,0.5300557324840764,0,22,None,66,1,5,False,10,10
47505,160,unweighted,10,0.4561106687898089,0,6,None,66,1,5,False,10,10
47506,161,unweighted,10,0.4579020700636942,0,6,None,66,1,5,False,10,10
47507,162,unweighted,10,0.4599920382165605,0,6,None,66,1,5,False,10,10
47508,163,unweighted,10,0.4624800955414013,0,6,None,66,1,5,False,10,10
47509,164,unweighted,10,0.4660628980891719,0,6,None,66,1,5,False,10,10
47510,160,unweighted,10,0.5736464968152867,0,12,None,66,1,5,False,10,10
47511,161,unweighted,10,0.5747412420382165,0,12,None,66,1,5,False,10,10
47512,162,unweighted,10,0.5730493630573248,0,12,None,66,1,5,False,10,10
47513,163,unweighted,10,0.5742436305732485,0,12,None,66,1,5,False,10,10
47514,164,unweighted,10,0.5736464968152867,0,12,None,66,1,5,False,10,10
47515,160,unweighted,10,0.5140326433121019,0,26,None,66,1,5,False,10,10
47516,161,unweighted,10,0.5134355095541401,0,26,None,66,1,5,False,10,10
47517,162,unweighted,10,0.512937898089172,0,26,None,66,1,5,False,10,10
47518,163,unweighted,10,0.5134355095541401,0,26,None,66,1,5,False,10,10
47519,164,unweighted,10,0.5133359872611465,0,26,None,66,1,5,False,10,10
47685,165,unweighted,10,0.5592157643312102,0,24,None,66,1,5,False,10,10
47686,166,unweighted,10,0.5618033439490446,0,24,None,66,1,5,False,10,10
47687,167,unweighted,10,0.5648885350318471,0,24,None,66,1,5,False,10,10
47688,168,unweighted,10,0.5673765923566879,0,24,None,66,1,5,False,10,10
47689,169,unweighted,10,0.5711584394904459,0,24,None,66,1,5,False,10,10
47690,165,unweighted,10,0.3954020700636942,0,31,None,66,1,5,False,10,10
47691,166,unweighted,10,0.3985867834394904,0,31,None,66,1,5,False,10,10
47692,167,unweighted,10,0.4007762738853503,0,31,None,66,1,5,False,10,10
47693,168,unweighted,10,0.4034633757961783,0,31,None,66,1,5,False,10,10
47694,169,unweighted,10,0.4054538216560509,0,31,None,66,1,5,False,10,10
47695,165,unweighted,10,0.4796974522292994,0,1,None,66,1,5,False,10,10
47696,166,unweighted,10,0.4819864649681528,0,1,None,66,1,5,False,10,10
47697,167,unweighted,10,0.48328025477707,0,1,None,66,1,5,False,10,10
47698,168,unweighted,10,0.485171178343949,0,1,None,66,1,5,False,10,10
47699,169,unweighted,10,0.4887539808917197,0,1,None,66,1,5,False,10,10
47700,165,unweighted,10,0.5231886942675159,0,27,None,66,1,5,False,10,10
47701,166,unweighted,10,0.5240843949044586,0,27,None,66,1,5,False,10,10
47702,167,unweighted,10,0.524781050955414,0,27,None,66,1,5,False,10,10
47703,168,unweighted,10,0.5269705414012739,0,27,None,66,1,5,False,10,10
47704,169,unweighted,10,0.527468152866242,0,27,None,66,1,5,False,10,10
47705,165,unweighted,10,0.5374203821656051,0,21,None,66,1,5,False,10,10
47706,166,unweighted,10,0.5408041401273885,0,21,None,66,1,5,False,10,10
47707,167,unweighted,10,0.5446855095541401,0,21,None,66,1,5,False,10,10
47708,168,unweighted,10,0.5491640127388535,0,21,None,66,1,5,False,10,10
47709,169,unweighted,10,0.5515525477707006,0,21,None,66,1,5,False,10,10
47710,165,unweighted,10,0.5534434713375797,0,29,None,66,1,5,False,10,10
47711,166,unweighted,10,0.554140127388535,0,29,None,66,1,5,False,10,10
47712,167,unweighted,10,0.5557324840764332,0,29,None,66,1,5,False,10,10
47713,168,unweighted,10,0.5555334394904459,0,29,None,66,1,5,False,10,10
47714,169,unweighted,10,0.556827229299363,0,29,None,66,1,5,False,10,10
47715,165,unweighted,10,0.5077627388535032,0,30,None,66,1,5,False,10,10
47716,166,unweighted,10,0.5125398089171974,0,30,None,66,1,5,False,10,10
47717,167,unweighted,10,0.5200039808917197,0,30,None,66,1,5,False,10,10
47718,168,unweighted,10,0.529359076433121,0,30,None,66,1,5,False,10,10
47719,169,unweighted,10,0.5360270700636943,0,30,None,66,1,5,False,10,10
47720,165,unweighted,10,0.5471735668789809,0,19,None,66,1,5,False,10,10
47721,166,unweighted,10,0.5472730891719745,0,19,None,66,1,5,False,10,10
47722,167,unweighted,10,0.5473726114649682,0,19,None,66,1,5,False,10,10
47723,168,unweighted,10,0.5488654458598726,0,19,None,66,1,5,False,10,10
47724,169,unweighted,10,0.5496616242038217,0,19,None,66,1,5,False,10,10
47725,165,unweighted,10,0.5413017515923567,0,2,None,66,1,5,False,10,10
47726,166,unweighted,10,0.543093152866242,0,2,None,66,1,5,False,10,10
47727,167,unweighted,10,0.5450835987261147,0,2,None,66,1,5,False,10,10
47728,168,unweighted,10,0.5469745222929936,0,2,None,66,1,5,False,10,10
47729,169,unweighted,10,0.5482683121019108,0,2,None,66,1,5,False,10,10
47730,165,unweighted,10,0.5454816878980892,0,5,None,66,1,5,False,10,10
47731,166,unweighted,10,0.5456807324840764,0,5,None,66,1,5,False,10,10
47732,167,unweighted,10,0.5481687898089171,0,5,None,66,1,5,False,10,10
47733,168,unweighted,10,0.5496616242038217,0,5,None,66,1,5,False,10,10
47734,169,unweighted,10,0.5538415605095541,0,5,None,66,1,5,False,10,10
47735,165,unweighted,10,0.5174164012738853,0,11,None,66,1,5,False,10,10
47736,166,unweighted,10,0.519406847133758,0,11,None,66,1,5,False,10,10
47737,167,unweighted,10,0.5222929936305732,0,11,None,66,1,5,False,10,10
47738,168,unweighted,10,0.5246815286624203,0,11,None,66,1,5,False,10,10
47739,169,unweighted,10,0.5265724522292994,0,11,None,66,1,5,False,10,10
47740,165,unweighted,10,0.5493630573248408,0,9,None,66,1,5,False,10,10
47741,166,unweighted,10,0.5581210191082803,0,9,None,66,1,5,False,10,10
47742,167,unweighted,10,0.5621019108280255,0,9,None,66,1,5,False,10,10
47743,168,unweighted,10,0.565187101910828,0,9,None,66,1,5,False,10,10
47744,169,unweighted,10,0.567078025477707,0,9,None,66,1,5,False,10,10
47745,165,unweighted,10,0.533140923566879,0,17,None,66,1,5,False,10,10
47746,166,unweighted,10,0.5342356687898089,0,17,None,66,1,5,False,10,10
47747,167,unweighted,10,0.5361265923566879,0,17,None,66,1,5,False,10,10
47748,168,unweighted,10,0.5379179936305732,0,17,None,66,1,5,False,10,10
47749,169,unweighted,10,0.5395103503184714,0,17,None,66,1,5,False,10,10
47750,165,unweighted,10,0.5204020700636943,0,28,None,66,1,5,False,10,10
47751,166,unweighted,10,0.522093949044586,0,28,None,66,1,5,False,10,10
47752,167,unweighted,10,0.5234872611464968,0,28,None,66,1,5,False,10,10
47753,168,unweighted,10,0.5256767515923567,0,28,None,66,1,5,False,10,10
47754,169,unweighted,10,0.527468152866242,0,28,None,66,1,5,False,10,10
47755,165,unweighted,10,0.5447850318471338,0,18,None,66,1,5,False,10,10
47756,166,unweighted,10,0.5469745222929936,0,18,None,66,1,5,False,10,10
47757,167,unweighted,10,0.5486664012738853,0,18,None,66,1,5,False,10,10
47758,168,unweighted,10,0.550656847133758,0,18,None,66,1,5,False,10,10
47759,169,unweighted,10,0.5521496815286624,0,18,None,66,1,5,False,10,10
47760,165,unweighted,10,0.5236863057324841,0,14,None,66,1,5,False,10,10
47761,166,unweighted,10,0.5280652866242038,0,14,None,66,1,5,False,10,10
47762,167,unweighted,10,0.5324442675159236,0,14,None,66,1,5,False,10,10
47763,168,unweighted,10,0.5356289808917197,0,14,None,66,1,5,False,10,10
47764,169,unweighted,10,0.5391122611464968,0,14,None,66,1,5,False,10,10
47765,165,unweighted,10,0.5313495222929936,0,13,None,66,1,5,False,10,10
47766,166,unweighted,10,0.5338375796178344,0,13,None,66,1,5,False,10,10
47767,167,unweighted,10,0.5343351910828026,0,13,None,66,1,5,False,10,10
47768,168,unweighted,10,0.5360270700636943,0,13,None,66,1,5,False,10,10
47769,169,unweighted,10,0.5390127388535032,0,13,None,66,1,5,False,10,10
47770,165,unweighted,10,0.584593949044586,0,25,None,66,1,5,False,10,10
47771,166,unweighted,10,0.5887738853503185,0,25,None,66,1,5,False,10,10
47772,167,unweighted,10,0.5912619426751592,0,25,None,66,1,5,False,10,10
47773,168,unweighted,10,0.5943471337579618,0,25,None,66,1,5,False,10,10
47774,169,unweighted,10,0.5966361464968153,0,25,None,66,1,5,False,10,10
47775,165,unweighted,10,0.5797173566878981,0,12,None,66,1,5,False,10,10
47776,166,unweighted,10,0.580015923566879,0,12,None,66,1,5,False,10,10
47777,167,unweighted,10,0.5802149681528662,0,12,None,66,1,5,False,10,10
47778,168,unweighted,10,0.5810111464968153,0,12,None,66,1,5,False,10,10
47779,169,unweighted,10,0.5816082802547771,0,12,None,66,1,5,False,10,10
47780,165,unweighted,10,0.5528463375796179,0,26,None,66,1,5,False,10,10
47781,166,unweighted,10,0.5588176751592356,0,26,None,66,1,5,False,10,10
47782,167,unweighted,10,0.5636942675159236,0,26,None,66,1,5,False,10,10
47783,168,unweighted,10,0.5672770700636943,0,26,None,66,1,5,False,10,10
47784,169,unweighted,10,0.5698646496815286,0,26,None,66,1,5,False,10,10
47785,165,unweighted,10,0.5680732484076433,0,15,None,66,1,5,False,10,10
47786,166,unweighted,10,0.5745421974522293,0,15,None,66,1,5,False,10,10
47787,167,unweighted,10,0.5775278662420382,0,15,None,66,1,5,False,10,10
47788,168,unweighted,10,0.5811106687898089,0,15,None,66,1,5,False,10,10
47789,169,unweighted,10,0.5856886942675159,0,15,None,66,1,5,False,10,10
47790,165,unweighted,10,0.5195063694267515,0,16,None,66,1,5,False,10,10
47791,166,unweighted,10,0.5204020700636943,0,16,None,66,1,5,False,10,10
47792,167,unweighted,10,0.5216958598726115,0,16,None,66,1,5,False,10,10
47793,168,unweighted,10,0.5231886942675159,0,16,None,66,1,5,False,10,10
47794,169,unweighted,10,0.5240843949044586,0,16,None,66,1,5,False,10,10
47795,165,unweighted,10,0.5556329617834395,0,7,None,66,1,5,False,10,10
47796,166,unweighted,10,0.5558320063694268,0,7,None,66,1,5,False,10,10
47797,167,unweighted,10,0.5570262738853503,0,7,None,66,1,5,False,10,10
47798,168,unweighted,10,0.5595143312101911,0,7,None,66,1,5,False,10,10
47799,169,unweighted,10,0.5608081210191083,0,7,None,66,1,5,False,10,10
47800,165,unweighted,10,0.5547372611464968,0,0,None,66,1,5,False,10,10
47801,166,unweighted,10,0.557921974522293,0,0,None,66,1,5,False,10,10
47802,167,unweighted,10,0.5595143312101911,0,0,None,66,1,5,False,10,10
47803,168,unweighted,10,0.5622014331210191,0,0,None,66,1,5,False,10,10
47804,169,unweighted,10,0.5633957006369427,0,0,None,66,1,5,False,10,10
47805,165,unweighted,10,0.5549363057324841,0,3,None,66,1,5,False,10,10
47806,166,unweighted,10,0.5580214968152867,0,3,None,66,1,5,False,10,10
47807,167,unweighted,10,0.5624004777070064,0,3,None,66,1,5,False,10,10
47808,168,unweighted,10,0.5642914012738853,0,3,None,66,1,5,False,10,10
47809,169,unweighted,10,0.567078025477707,0,3,None,66,1,5,False,10,10
47810,165,unweighted,10,0.5618033439490446,0,4,None,66,1,5,False,10,10
47811,166,unweighted,10,0.5642914012738853,0,4,None,66,1,5,False,10,10
47812,167,unweighted,10,0.5663813694267515,0,4,None,66,1,5,False,10,10
47813,168,unweighted,10,0.5690684713375797,0,4,None,66,1,5,False,10,10
47814,169,unweighted,10,0.5709593949044586,0,4,None,66,1,5,False,10,10
47815,165,unweighted,10,0.4800955414012738,0,6,None,66,1,5,False,10,10
47816,166,unweighted,10,0.4871616242038216,0,6,None,66,1,5,False,10,10
47817,167,unweighted,10,0.4959195859872611,0,6,None,66,1,5,False,10,10
47818,168,unweighted,10,0.5024880573248408,0,6,None,66,1,5,False,10,10
47819,169,unweighted,10,0.5081608280254777,0,6,None,66,1,5,False,10,10
47820,165,unweighted,10,0.5685708598726115,0,8,None,66,1,5,False,10,10
47821,166,unweighted,10,0.5704617834394905,0,8,None,66,1,5,False,10,10
47822,167,unweighted,10,0.5718550955414012,0,8,None,66,1,5,False,10,10
47823,168,unweighted,10,0.5736464968152867,0,8,None,66,1,5,False,10,10
47824,169,unweighted,10,0.5753383757961783,0,8,None,66,1,5,False,10,10
47825,165,unweighted,10,0.4924363057324841,0,10,None,66,1,5,False,10,10
47826,166,unweighted,10,0.4937300955414013,0,10,None,66,1,5,False,10,10
47827,167,unweighted,10,0.4947253184713376,0,10,None,66,1,5,False,10,10
47828,168,unweighted,10,0.4951234076433121,0,10,None,66,1,5,False,10,10
47829,169,unweighted,10,0.4959195859872611,0,10,None,66,1,5,False,10,10
47830,165,unweighted,10,0.6018113057324841,0,20,None,66,1,5,False,10,10
47831,166,unweighted,10,0.6016122611464968,0,20,None,66,1,5,False,10,10
47832,167,unweighted,10,0.6013136942675159,0,20,None,66,1,5,False,10,10
47833,168,unweighted,10,0.6012141719745223,0,20,None,66,1,5,False,10,10
47834,169,unweighted,10,0.6004179936305732,0,20,None,66,1,5,False,10,10
47835,165,unweighted,10,0.6030055732484076,0,23,None,66,1,5,False,10,10
47836,166,unweighted,10,0.6067874203821656,0,23,None,66,1,5,False,10,10
47837,167,unweighted,10,0.6110668789808917,0,23,None,66,1,5,False,10,10
47838,168,unweighted,10,0.6148487261146497,0,23,None,66,1,5,False,10,10
47839,169,unweighted,10,0.6170382165605095,0,23,None,66,1,5,False,10,10
47840,165,unweighted,10,0.5307523885350318,0,22,None,66,1,5,False,10,10
47841,166,unweighted,10,0.5374203821656051,0,22,None,66,1,5,False,10,10
47842,167,unweighted,10,0.5418988853503185,0,22,None,66,1,5,False,10,10
47843,168,unweighted,10,0.5473726114649682,0,22,None,66,1,5,False,10,10
47844,169,unweighted,10,0.5522492038216561,0,22,None,66,1,5,False,10,10
47845,165,unweighted,10,0.5941480891719745,0,32,None,66,1,5,False,10,10
47846,166,unweighted,10,0.5943471337579618,0,32,None,66,1,5,False,10,10
47847,167,unweighted,10,0.5955414012738853,0,32,None,66,1,5,False,10,10
47848,168,unweighted,10,0.5985270700636943,0,32,None,66,1,5,False,10,10
47849,169,unweighted,10,0.5991242038216561,0,32,None,66,1,5,False,10,10
47850,170,unweighted,10,0.4868630573248407,0,1,None,66,1,5,False,10,10
47851,171,unweighted,10,0.4913415605095541,0,1,None,66,1,5,False,10,10
47852,172,unweighted,10,0.5009952229299363,0,1,None,66,1,5,False,10,10
47853,173,unweighted,10,0.5141321656050956,0,1,None,66,1,5,False,10,10
47854,174,unweighted,10,0.5297571656050956,0,1,None,66,1,5,False,10,10
47855,170,unweighted,10,0.5480692675159236,0,2,None,66,1,5,False,10,10
47856,171,unweighted,10,0.5491640127388535,0,2,None,66,1,5,False,10,10
47857,172,unweighted,10,0.5503582802547771,0,2,None,66,1,5,False,10,10
47858,173,unweighted,10,0.5517515923566879,0,2,None,66,1,5,False,10,10
47859,174,unweighted,10,0.5527468152866242,0,2,None,66,1,5,False,10,10
47860,170,unweighted,10,0.5610071656050956,0,29,None,66,1,5,False,10,10
47861,171,unweighted,10,0.5613057324840764,0,29,None,66,1,5,False,10,10
47862,172,unweighted,10,0.5621019108280255,0,29,None,66,1,5,False,10,10
47863,173,unweighted,10,0.5641918789808917,0,29,None,66,1,5,False,10,10
47864,174,unweighted,10,0.5653861464968153,0,29,None,66,1,5,False,10,10
47865,170,unweighted,10,0.5836982484076433,0,15,None,66,1,5,False,10,10
47866,171,unweighted,10,0.5895700636942676,0,15,None,66,1,5,False,10,10
47867,172,unweighted,10,0.5936504777070064,0,15,None,66,1,5,False,10,10
47868,173,unweighted,10,0.5963375796178344,0,15,None,66,1,5,False,10,10
47869,174,unweighted,10,0.5996218152866242,0,15,None,66,1,5,False,10,10
47870,170,unweighted,10,0.5437898089171974,0,13,None,66,1,5,False,10,10
47871,171,unweighted,10,0.5452826433121019,0,13,None,66,1,5,False,10,10
47872,172,unweighted,10,0.5481687898089171,0,13,None,66,1,5,False,10,10
47873,173,unweighted,10,0.5508558917197452,0,13,None,66,1,5,False,10,10
47874,174,unweighted,10,0.5529458598726115,0,13,None,66,1,5,False,10,10
47875,170,unweighted,10,0.5986265923566879,0,25,None,66,1,5,False,10,10
47876,171,unweighted,10,0.6015127388535032,0,25,None,66,1,5,False,10,10
47877,172,unweighted,10,0.6030055732484076,0,25,None,66,1,5,False,10,10
47878,173,unweighted,10,0.6044984076433121,0,25,None,66,1,5,False,10,10
47879,174,unweighted,10,0.6069864649681529,0,25,None,66,1,5,False,10,10
47880,170,unweighted,10,0.5416003184713376,0,17,None,66,1,5,False,10,10
47881,171,unweighted,10,0.5438893312101911,0,17,None,66,1,5,False,10,10
47882,172,unweighted,10,0.5463773885350318,0,17,None,66,1,5,False,10,10
47883,173,unweighted,10,0.5488654458598726,0,17,None,66,1,5,False,10,10
47884,174,unweighted,10,0.5512539808917197,0,17,None,66,1,5,False,10,10
47885,170,unweighted,10,0.5289609872611465,0,11,None,66,1,5,False,10,10
47886,171,unweighted,10,0.5298566878980892,0,11,None,66,1,5,False,10,10
47887,172,unweighted,10,0.5319466560509554,0,11,None,66,1,5,False,10,10
47888,173,unweighted,10,0.5338375796178344,0,11,None,66,1,5,False,10,10
47889,174,unweighted,10,0.5352308917197452,0,11,None,66,1,5,False,10,10
47890,170,unweighted,10,0.5738455414012739,0,24,None,66,1,5,False,10,10
47891,171,unweighted,10,0.5774283439490446,0,24,None,66,1,5,False,10,10
47892,172,unweighted,10,0.5814092356687898,0,24,None,66,1,5,False,10,10
47893,173,unweighted,10,0.5851910828025477,0,24,None,66,1,5,False,10,10
47894,174,unweighted,10,0.5892714968152867,0,24,None,66,1,5,False,10,10
47895,170,unweighted,10,0.394108280254777,0,31,None,66,1,5,False,10,10
47896,171,unweighted,10,0.3980891719745223,0,31,None,66,1,5,False,10,10
47897,172,unweighted,10,0.4017714968152866,0,31,None,66,1,5,False,10,10
47898,173,unweighted,10,0.4045581210191082,0,31,None,66,1,5,False,10,10
47899,174,unweighted,10,0.4064490445859872,0,31,None,66,1,5,False,10,10
47900,170,unweighted,10,0.5591162420382165,0,5,None,66,1,5,False,10,10
47901,171,unweighted,10,0.5612062101910829,0,5,None,66,1,5,False,10,10
47902,172,unweighted,10,0.5645899681528662,0,5,None,66,1,5,False,10,10
47903,173,unweighted,10,0.5685708598726115,0,5,None,66,1,5,False,10,10
47904,174,unweighted,10,0.5741441082802548,0,5,None,66,1,5,False,10,10
47905,170,unweighted,10,0.5417993630573248,0,14,None,66,1,5,False,10,10
47906,171,unweighted,10,0.5453821656050956,0,14,None,66,1,5,False,10,10
47907,172,unweighted,10,0.5473726114649682,0,14,None,66,1,5,False,10,10
47908,173,unweighted,10,0.5510549363057324,0,14,None,66,1,5,False,10,10
47909,174,unweighted,10,0.5526472929936306,0,14,None,66,1,5,False,10,10
47910,170,unweighted,10,0.5682722929936306,0,9,None,66,1,5,False,10,10
47911,171,unweighted,10,0.5698646496815286,0,9,None,66,1,5,False,10,10
47912,172,unweighted,10,0.5713574840764332,0,9,None,66,1,5,False,10,10
47913,173,unweighted,10,0.5734474522292994,0,9,None,66,1,5,False,10,10
47914,174,unweighted,10,0.5745421974522293,0,9,None,66,1,5,False,10,10
47915,170,unweighted,10,0.5776273885350318,0,26,None,66,1,5,False,10,10
47916,171,unweighted,10,0.57921974522293,0,26,None,66,1,5,False,10,10
47917,172,unweighted,10,0.5804140127388535,0,26,None,66,1,5,False,10,10
47918,173,unweighted,10,0.5809116242038217,0,26,None,66,1,5,False,10,10
47919,174,unweighted,10,0.5811106687898089,0,26,None,66,1,5,False,10,10
47920,170,unweighted,10,0.5857882165605095,0,12,None,66,1,5,False,10,10
47921,171,unweighted,10,0.5877786624203821,0,12,None,66,1,5,False,10,10
47922,172,unweighted,10,0.5879777070063694,0,12,None,66,1,5,False,10,10
47923,173,unweighted,10,0.5892714968152867,0,12,None,66,1,5,False,10,10
47924,174,unweighted,10,0.5905652866242038,0,12,None,66,1,5,False,10,10
47925,170,unweighted,10,0.5278662420382165,0,30,None,66,1,5,False,10,10
47926,171,unweighted,10,0.5374203821656051,0,30,None,66,1,5,False,10,10
47927,172,unweighted,10,0.5448845541401274,0,30,None,66,1,5,False,10,10
47928,173,unweighted,10,0.5500597133757962,0,30,None,66,1,5,False,10,10
47929,174,unweighted,10,0.5535429936305732,0,30,None,66,1,5,False,10,10
47930,170,unweighted,10,0.5279657643312102,0,27,None,66,1,5,False,10,10
47931,171,unweighted,10,0.5288614649681529,0,27,None,66,1,5,False,10,10
47932,172,unweighted,10,0.5311504777070064,0,27,None,66,1,5,False,10,10
47933,173,unweighted,10,0.5319466560509554,0,27,None,66,1,5,False,10,10
47934,174,unweighted,10,0.5334394904458599,0,27,None,66,1,5,False,10,10
47935,170,unweighted,10,0.524781050955414,0,16,None,66,1,5,False,10,10
47936,171,unweighted,10,0.5260748407643312,0,16,None,66,1,5,False,10,10
47937,172,unweighted,10,0.5280652866242038,0,16,None,66,1,5,False,10,10
47938,173,unweighted,10,0.5290605095541401,0,16,None,66,1,5,False,10,10
47939,174,unweighted,10,0.5296576433121019,0,16,None,66,1,5,False,10,10
47940,170,unweighted,10,0.569765127388535,0,7,None,66,1,5,False,10,10
47941,171,unweighted,10,0.5707603503184714,0,7,None,66,1,5,False,10,10
47942,172,unweighted,10,0.5720541401273885,0,7,None,66,1,5,False,10,10
47943,173,unweighted,10,0.5738455414012739,0,7,None,66,1,5,False,10,10
47944,174,unweighted,10,0.5766321656050956,0,7,None,66,1,5,False,10,10
47945,170,unweighted,10,0.549562101910828,0,19,None,66,1,5,False,10,10
47946,171,unweighted,10,0.5497611464968153,0,19,None,66,1,5,False,10,10
47947,172,unweighted,10,0.5501592356687898,0,19,None,66,1,5,False,10,10
47948,173,unweighted,10,0.5513535031847133,0,19,None,66,1,5,False,10,10
47949,174,unweighted,10,0.5528463375796179,0,19,None,66,1,5,False,10,10
47950,170,unweighted,10,0.5517515923566879,0,21,None,66,1,5,False,10,10
47951,171,unweighted,10,0.5551353503184714,0,21,None,66,1,5,False,10,10
47952,172,unweighted,10,0.5591162420382165,0,21,None,66,1,5,False,10,10
47953,173,unweighted,10,0.5617038216560509,0,21,None,66,1,5,False,10,10
47954,174,unweighted,10,0.5645899681528662,0,21,None,66,1,5,False,10,10
47955,170,unweighted,10,0.5532444267515924,0,18,None,66,1,5,False,10,10
47956,171,unweighted,10,0.555234872611465,0,18,None,66,1,5,False,10,10
47957,172,unweighted,10,0.5583200636942676,0,18,None,66,1,5,False,10,10
47958,173,unweighted,10,0.5610071656050956,0,18,None,66,1,5,False,10,10
47959,174,unweighted,10,0.5634952229299363,0,18,None,66,1,5,False,10,10
47960,170,unweighted,10,0.5280652866242038,0,28,None,66,1,5,False,10,10
47961,171,unweighted,10,0.5287619426751592,0,28,None,66,1,5,False,10,10
47962,172,unweighted,10,0.5294585987261147,0,28,None,66,1,5,False,10,10
47963,173,unweighted,10,0.5304538216560509,0,28,None,66,1,5,False,10,10
47964,174,unweighted,10,0.5326433121019108,0,28,None,66,1,5,False,10,10
47965,170,unweighted,10,0.51453025477707,0,6,None,66,1,5,False,10,10
47966,171,unweighted,10,0.5189092356687898,0,6,None,66,1,5,False,10,10
47967,172,unweighted,10,0.5227906050955414,0,6,None,66,1,5,False,10,10
47968,173,unweighted,10,0.5262738853503185,0,6,None,66,1,5,False,10,10
47969,174,unweighted,10,0.5300557324840764,0,6,None,66,1,5,False,10,10
47970,170,unweighted,10,0.5757364649681529,0,8,None,66,1,5,False,10,10
47971,171,unweighted,10,0.5777269108280255,0,8,None,66,1,5,False,10,10
47972,172,unweighted,10,0.5798168789808917,0,8,None,66,1,5,False,10,10
47973,173,unweighted,10,0.5804140127388535,0,8,None,66,1,5,False,10,10
47974,174,unweighted,10,0.5812101910828026,0,8,None,66,1,5,False,10,10
47975,170,unweighted,10,0.5632961783439491,0,0,None,66,1,5,False,10,10
47976,171,unweighted,10,0.5676751592356688,0,0,None,66,1,5,False,10,10
47977,172,unweighted,10,0.5696656050955414,0,0,None,66,1,5,False,10,10
47978,173,unweighted,10,0.5718550955414012,0,0,None,66,1,5,False,10,10
47979,174,unweighted,10,0.5738455414012739,0,0,None,66,1,5,False,10,10
47980,170,unweighted,10,0.4974124203821656,0,10,None,66,1,5,False,10,10
47981,171,unweighted,10,0.4982085987261146,0,10,None,66,1,5,False,10,10
47982,172,unweighted,10,0.49890525477707,0,10,None,66,1,5,False,10,10
47983,173,unweighted,10,0.4995023885350318,0,10,None,66,1,5,False,10,10
47984,174,unweighted,10,0.5009952229299363,0,10,None,66,1,5,False,10,10
47985,170,unweighted,10,0.5503582802547771,0,22,None,66,1,5,False,10,10
47986,171,unweighted,10,0.5547372611464968,0,22,None,66,1,5,False,10,10
47987,172,unweighted,10,0.5588176751592356,0,22,None,66,1,5,False,10,10
47988,173,unweighted,10,0.5625,0,22,None,66,1,5,False,10,10
47989,174,unweighted,10,0.5661823248407644,0,22,None,66,1,5,False,10,10
47990,170,unweighted,10,0.6053941082802548,0,23,None,66,1,5,False,10,10
47991,171,unweighted,10,0.6128582802547771,0,23,None,66,1,5,False,10,10
47992,172,unweighted,10,0.6157444267515924,0,23,None,66,1,5,False,10,10
47993,173,unweighted,10,0.6187300955414012,0,23,None,66,1,5,False,10,10
47994,174,unweighted,10,0.6214171974522293,0,23,None,66,1,5,False,10,10
47995,170,unweighted,10,0.6053941082802548,0,32,None,66,1,5,False,10,10
47996,171,unweighted,10,0.6064888535031847,0,32,None,66,1,5,False,10,10
47997,172,unweighted,10,0.6073845541401274,0,32,None,66,1,5,False,10,10
47998,173,unweighted,10,0.6081807324840764,0,32,None,66,1,5,False,10,10
47999,174,unweighted,10,0.6073845541401274,0,32,None,66,1,5,False,10,10
48000,170,unweighted,10,0.5700636942675159,0,4,None,66,1,5,False,10,10
48001,171,unweighted,10,0.5727507961783439,0,4,None,66,1,5,False,10,10
48002,172,unweighted,10,0.5753383757961783,0,4,None,66,1,5,False,10,10
48003,173,unweighted,10,0.5764331210191083,0,4,None,66,1,5,False,10,10
48004,174,unweighted,10,0.5778264331210191,0,4,None,66,1,5,False,10,10
48005,170,unweighted,10,0.5652866242038217,0,3,None,66,1,5,False,10,10
48006,171,unweighted,10,0.5677746815286624,0,3,None,66,1,5,False,10,10
48007,172,unweighted,10,0.5703622611464968,0,3,None,66,1,5,False,10,10
48008,173,unweighted,10,0.572452229299363,0,3,None,66,1,5,False,10,10
48009,174,unweighted,10,0.5746417197452229,0,3,None,66,1,5,False,10,10
48010,170,unweighted,10,0.6041998407643312,0,20,None,66,1,5,False,10,10
48011,171,unweighted,10,0.6039012738853503,0,20,None,66,1,5,False,10,10
48012,172,unweighted,10,0.6026074840764332,0,20,None,66,1,5,False,10,10
48013,173,unweighted,10,0.6038017515923567,0,20,None,66,1,5,False,10,10
48014,174,unweighted,10,0.6038017515923567,0,20,None,66,1,5,False,10,10
48015,175,unweighted,10,0.5558320063694268,0,30,None,66,1,5,False,10,10
48016,176,unweighted,10,0.5594148089171974,0,30,None,66,1,5,False,10,10
48017,177,unweighted,10,0.5652866242038217,0,30,None,66,1,5,False,10,10
48018,178,unweighted,10,0.569765127388535,0,30,None,66,1,5,False,10,10
48019,179,unweighted,10,0.5736464968152867,0,30,None,66,1,5,False,10,10
48020,175,unweighted,10,0.6090764331210191,0,20,None,66,1,5,False,10,10
48021,176,unweighted,10,0.6090764331210191,0,20,None,66,1,5,False,10,10
48022,177,unweighted,10,0.6096735668789809,0,20,None,66,1,5,False,10,10
48023,178,unweighted,10,0.61046974522293,0,20,None,66,1,5,False,10,10
48024,179,unweighted,10,0.6122611464968153,0,20,None,66,1,5,False,10,10
48025,175,unweighted,10,0.5646894904458599,0,22,None,66,1,5,False,10,10
48026,176,unweighted,10,0.5682722929936306,0,22,None,66,1,5,False,10,10
48027,177,unweighted,10,0.5721536624203821,0,22,None,66,1,5,False,10,10
48028,178,unweighted,10,0.5760350318471338,0,22,None,66,1,5,False,10,10
48029,179,unweighted,10,0.5805135350318471,0,22,None,66,1,5,False,10,10
48030,175,unweighted,10,0.53015525477707,0,16,None,66,1,5,False,10,10
48031,176,unweighted,10,0.5319466560509554,0,16,None,66,1,5,False,10,10
48032,177,unweighted,10,0.5334394904458599,0,16,None,66,1,5,False,10,10
48033,178,unweighted,10,0.535031847133758,0,16,None,66,1,5,False,10,10
48034,179,unweighted,10,0.5362261146496815,0,16,None,66,1,5,False,10,10
48035,175,unweighted,10,0.585390127388535,0,7,None,66,1,5,False,10,10
48036,176,unweighted,10,0.587281050955414,0,7,None,66,1,5,False,10,10
48037,177,unweighted,10,0.589171974522293,0,7,None,66,1,5,False,10,10
48038,178,unweighted,10,0.5921576433121019,0,7,None,66,1,5,False,10,10
48039,179,unweighted,10,0.5951433121019108,0,7,None,66,1,5,False,10,10
48040,175,unweighted,10,0.6132563694267515,0,32,None,66,1,5,False,10,10
48041,176,unweighted,10,0.6129578025477707,0,32,None,66,1,5,False,10,10
48042,177,unweighted,10,0.6122611464968153,0,32,None,66,1,5,False,10,10
48043,178,unweighted,10,0.6135549363057324,0,32,None,66,1,5,False,10,10
48044,179,unweighted,10,0.6144506369426752,0,32,None,66,1,5,False,10,10
48045,175,unweighted,10,0.5553343949044586,0,14,None,66,1,5,False,10,10
48046,176,unweighted,10,0.5585191082802548,0,14,None,66,1,5,False,10,10
48047,177,unweighted,10,0.5609076433121019,0,14,None,66,1,5,False,10,10
48048,178,unweighted,10,0.5634952229299363,0,14,None,66,1,5,False,10,10
48049,179,unweighted,10,0.5652866242038217,0,14,None,66,1,5,False,10,10
48050,175,unweighted,10,0.6000199044585988,0,15,None,66,1,5,False,10,10
48051,176,unweighted,10,0.6039012738853503,0,15,None,66,1,5,False,10,10
48052,177,unweighted,10,0.6061902866242038,0,15,None,66,1,5,False,10,10
48053,178,unweighted,10,0.6098726114649682,0,15,None,66,1,5,False,10,10
48054,179,unweighted,10,0.6136544585987261,0,15,None,66,1,5,False,10,10
48055,175,unweighted,10,0.50109474522293,0,10,None,66,1,5,False,10,10
48056,176,unweighted,10,0.5025875796178344,0,10,None,66,1,5,False,10,10
48057,177,unweighted,10,0.5039808917197452,0,10,None,66,1,5,False,10,10
48058,178,unweighted,10,0.5062699044585988,0,10,None,66,1,5,False,10,10
48059,179,unweighted,10,0.5084593949044586,0,10,None,66,1,5,False,10,10
48060,175,unweighted,10,0.5836982484076433,0,26,None,66,1,5,False,10,10
48061,176,unweighted,10,0.5842953821656051,0,26,None,66,1,5,False,10,10
48062,177,unweighted,10,0.5847929936305732,0,26,None,66,1,5,False,10,10
48063,178,unweighted,10,0.5861863057324841,0,26,None,66,1,5,False,10,10
48064,179,unweighted,10,0.5877786624203821,0,26,None,66,1,5,False,10,10
48065,175,unweighted,10,0.5345342356687898,0,6,None,66,1,5,False,10,10
48066,176,unweighted,10,0.5379179936305732,0,6,None,66,1,5,False,10,10
48067,177,unweighted,10,0.541202229299363,0,6,None,66,1,5,False,10,10
48068,178,unweighted,10,0.5447850318471338,0,6,None,66,1,5,False,10,10
48069,179,unweighted,10,0.5467754777070064,0,6,None,66,1,5,False,10,10
48070,175,unweighted,10,0.5366242038216561,0,11,None,66,1,5,False,10,10
48071,176,unweighted,10,0.5380175159235668,0,11,None,66,1,5,False,10,10
48072,177,unweighted,10,0.5401074840764332,0,11,None,66,1,5,False,10,10
48073,178,unweighted,10,0.5421974522292994,0,11,None,66,1,5,False,10,10
48074,179,unweighted,10,0.5438893312101911,0,11,None,66,1,5,False,10,10
48075,175,unweighted,10,0.5548367834394905,0,17,None,66,1,5,False,10,10
48076,176,unweighted,10,0.5562300955414012,0,17,None,66,1,5,False,10,10
48077,177,unweighted,10,0.5607085987261147,0,17,None,66,1,5,False,10,10
48078,178,unweighted,10,0.56359474522293,0,17,None,66,1,5,False,10,10
48079,179,unweighted,10,0.5660828025477707,0,17,None,66,1,5,False,10,10
48080,175,unweighted,10,0.5650875796178344,0,18,None,66,1,5,False,10,10
48081,176,unweighted,10,0.566281847133758,0,18,None,66,1,5,False,10,10
48082,177,unweighted,10,0.5688694267515924,0,18,None,66,1,5,False,10,10
48083,178,unweighted,10,0.5712579617834395,0,18,None,66,1,5,False,10,10
48084,179,unweighted,10,0.5731488853503185,0,18,None,66,1,5,False,10,10
48085,175,unweighted,10,0.4181926751592357,0,31,None,66,1,5,False,10,10
48086,176,unweighted,10,0.429140127388535,0,31,None,66,1,5,False,10,10
48087,177,unweighted,10,0.4369028662420382,0,31,None,66,1,5,False,10,10
48088,178,unweighted,10,0.4422770700636942,0,31,None,66,1,5,False,10,10
48089,179,unweighted,10,0.4483479299363057,0,31,None,66,1,5,False,10,10
48090,175,unweighted,10,0.6078821656050956,0,25,None,66,1,5,False,10,10
48091,176,unweighted,10,0.6113654458598726,0,25,None,66,1,5,False,10,10
48092,177,unweighted,10,0.6126592356687898,0,25,None,66,1,5,False,10,10
48093,178,unweighted,10,0.6144506369426752,0,25,None,66,1,5,False,10,10
48094,179,unweighted,10,0.6169386942675159,0,25,None,66,1,5,False,10,10
48095,175,unweighted,10,0.5938495222929936,0,12,None,66,1,5,False,10,10
48096,176,unweighted,10,0.5958399681528662,0,12,None,66,1,5,False,10,10
48097,177,unweighted,10,0.5970342356687898,0,12,None,66,1,5,False,10,10
48098,178,unweighted,10,0.5987261146496815,0,12,None,66,1,5,False,10,10
48099,179,unweighted,10,0.6008160828025477,0,12,None,66,1,5,False,10,10
48100,175,unweighted,10,0.5153264331210191,0,1,None,66,1,5,False,10,10
48101,176,unweighted,10,0.5298566878980892,0,1,None,66,1,5,False,10,10
48102,177,unweighted,10,0.5397093949044586,0,1,None,66,1,5,False,10,10
48103,178,unweighted,10,0.544984076433121,0,1,None,66,1,5,False,10,10
48104,179,unweighted,10,0.5511544585987261,0,1,None,66,1,5,False,10,10
48105,175,unweighted,10,0.5524482484076433,0,2,None,66,1,5,False,10,10
48106,176,unweighted,10,0.5536425159235668,0,2,None,66,1,5,False,10,10
48107,177,unweighted,10,0.5556329617834395,0,2,None,66,1,5,False,10,10
48108,178,unweighted,10,0.5570262738853503,0,2,None,66,1,5,False,10,10
48109,179,unweighted,10,0.5591162420382165,0,2,None,66,1,5,False,10,10
48110,175,unweighted,10,0.5801154458598726,0,4,None,66,1,5,False,10,10
48111,176,unweighted,10,0.5822054140127388,0,4,None,66,1,5,False,10,10
48112,177,unweighted,10,0.5855891719745223,0,4,None,66,1,5,False,10,10
48113,178,unweighted,10,0.5881767515923567,0,4,None,66,1,5,False,10,10
48114,179,unweighted,10,0.5902667197452229,0,4,None,66,1,5,False,10,10
48115,175,unweighted,10,0.5747412420382165,0,5,None,66,1,5,False,10,10
48116,176,unweighted,10,0.5802149681528662,0,5,None,66,1,5,False,10,10
48117,177,unweighted,10,0.5840963375796179,0,5,None,66,1,5,False,10,10
48118,178,unweighted,10,0.5878781847133758,0,5,None,66,1,5,False,10,10
48119,179,unweighted,10,0.5915605095541401,0,5,None,66,1,5,False,10,10
48120,175,unweighted,10,0.5824044585987261,0,8,None,66,1,5,False,10,10
48121,176,unweighted,10,0.5835987261146497,0,8,None,66,1,5,False,10,10
48122,177,unweighted,10,0.5849920382165605,0,8,None,66,1,5,False,10,10
48123,178,unweighted,10,0.5856886942675159,0,8,None,66,1,5,False,10,10
48124,179,unweighted,10,0.5869824840764332,0,8,None,66,1,5,False,10,10
48125,175,unweighted,10,0.5759355095541401,0,3,None,66,1,5,False,10,10
48126,176,unweighted,10,0.5776273885350318,0,3,None,66,1,5,False,10,10
48127,177,unweighted,10,0.5795183121019108,0,3,None,66,1,5,False,10,10
48128,178,unweighted,10,0.5818073248407644,0,3,None,66,1,5,False,10,10
48129,179,unweighted,10,0.5844944267515924,0,3,None,66,1,5,False,10,10
48130,175,unweighted,10,0.5786226114649682,0,9,None,66,1,5,False,10,10
48131,176,unweighted,10,0.5804140127388535,0,9,None,66,1,5,False,10,10
48132,177,unweighted,10,0.5811106687898089,0,9,None,66,1,5,False,10,10
48133,178,unweighted,10,0.5836982484076433,0,9,None,66,1,5,False,10,10
48134,179,unweighted,10,0.5870820063694268,0,9,None,66,1,5,False,10,10
48135,175,unweighted,10,0.5572253184713376,0,13,None,66,1,5,False,10,10
48136,176,unweighted,10,0.5603105095541401,0,13,None,66,1,5,False,10,10
48137,177,unweighted,10,0.5629976114649682,0,13,None,66,1,5,False,10,10
48138,178,unweighted,10,0.565187101910828,0,13,None,66,1,5,False,10,10
48139,179,unweighted,10,0.5683718152866242,0,13,None,66,1,5,False,10,10
48140,175,unweighted,10,0.611265923566879,0,23,None,66,1,5,False,10,10
48141,176,unweighted,10,0.6172372611464968,0,23,None,66,1,5,False,10,10
48142,177,unweighted,10,0.6208200636942676,0,23,None,66,1,5,False,10,10
48143,178,unweighted,10,0.6256966560509554,0,23,None,66,1,5,False,10,10
48144,179,unweighted,10,0.6270899681528662,0,23,None,66,1,5,False,10,10
48145,175,unweighted,10,0.5327428343949044,0,28,None,66,1,5,False,10,10
48146,176,unweighted,10,0.5346337579617835,0,28,None,66,1,5,False,10,10
48147,177,unweighted,10,0.5357285031847133,0,28,None,66,1,5,False,10,10
48148,178,unweighted,10,0.5364251592356688,0,28,None,66,1,5,False,10,10
48149,179,unweighted,10,0.5379179936305732,0,28,None,66,1,5,False,10,10
48150,175,unweighted,10,0.5344347133757962,0,27,None,66,1,5,False,10,10
48151,176,unweighted,10,0.5362261146496815,0,27,None,66,1,5,False,10,10
48152,177,unweighted,10,0.5394108280254777,0,27,None,66,1,5,False,10,10
48153,178,unweighted,10,0.541202229299363,0,27,None,66,1,5,False,10,10
48154,179,unweighted,10,0.5453821656050956,0,27,None,66,1,5,False,10,10
48155,175,unweighted,10,0.5696656050955414,0,29,None,66,1,5,False,10,10
48156,176,unweighted,10,0.5714570063694268,0,29,None,66,1,5,False,10,10
48157,177,unweighted,10,0.5734474522292994,0,29,None,66,1,5,False,10,10
48158,178,unweighted,10,0.5751393312101911,0,29,None,66,1,5,False,10,10
48159,179,unweighted,10,0.5768312101910829,0,29,None,66,1,5,False,10,10
48160,175,unweighted,10,0.5532444267515924,0,19,None,66,1,5,False,10,10
48161,176,unweighted,10,0.5549363057324841,0,19,None,66,1,5,False,10,10
48162,177,unweighted,10,0.5561305732484076,0,19,None,66,1,5,False,10,10
48163,178,unweighted,10,0.5567277070063694,0,19,None,66,1,5,False,10,10
48164,179,unweighted,10,0.5575238853503185,0,19,None,66,1,5,False,10,10
48165,175,unweighted,10,0.5654856687898089,0,21,None,66,1,5,False,10,10
48166,176,unweighted,10,0.5686703821656051,0,21,None,66,1,5,False,10,10
48167,177,unweighted,10,0.5725517515923567,0,21,None,66,1,5,False,10,10
48168,178,unweighted,10,0.5745421974522293,0,21,None,66,1,5,False,10,10
48169,179,unweighted,10,0.5776273885350318,0,21,None,66,1,5,False,10,10
48170,175,unweighted,10,0.5898686305732485,0,24,None,66,1,5,False,10,10
48171,176,unweighted,10,0.59484474522293,0,24,None,66,1,5,False,10,10
48172,177,unweighted,10,0.598328025477707,0,24,None,66,1,5,False,10,10
48173,178,unweighted,10,0.6018113057324841,0,24,None,66,1,5,False,10,10
48174,179,unweighted,10,0.6061902866242038,0,24,None,66,1,5,False,10,10
48175,175,unweighted,10,0.5752388535031847,0,0,None,66,1,5,False,10,10
48176,176,unweighted,10,0.5772292993630573,0,0,None,66,1,5,False,10,10
48177,177,unweighted,10,0.580015923566879,0,0,None,66,1,5,False,10,10
48178,178,unweighted,10,0.5826035031847133,0,0,None,66,1,5,False,10,10
48179,179,unweighted,10,0.5856886942675159,0,0,None,66,1,5,False,10,10
48840,180,unweighted,10,0.5448845541401274,0,1,None,66,1,5,False,10,10
48841,181,unweighted,10,0.5522492038216561,0,1,None,66,1,5,False,10,10
48842,182,unweighted,10,0.5602109872611465,0,1,None,66,1,5,False,10,10
48843,183,unweighted,10,0.564390923566879,0,1,None,66,1,5,False,10,10
48844,184,unweighted,10,0.5675756369426752,0,1,None,66,1,5,False,10,10
48845,180,unweighted,10,0.5750398089171974,0,13,None,66,1,5,False,10,10
48846,181,unweighted,10,0.5776273885350318,0,13,None,66,1,5,False,10,10
48847,182,unweighted,10,0.5810111464968153,0,13,None,66,1,5,False,10,10
48848,183,unweighted,10,0.5833001592356688,0,13,None,66,1,5,False,10,10
48849,184,unweighted,10,0.5850915605095541,0,13,None,66,1,5,False,10,10
48850,180,unweighted,10,0.5886743630573248,0,8,None,66,1,5,False,10,10
48851,181,unweighted,10,0.5904657643312102,0,8,None,66,1,5,False,10,10
48852,182,unweighted,10,0.5915605095541401,0,8,None,66,1,5,False,10,10
48853,183,unweighted,10,0.5925557324840764,0,8,None,66,1,5,False,10,10
48854,184,unweighted,10,0.5933519108280255,0,8,None,66,1,5,False,10,10
48855,180,unweighted,10,0.56140525477707,0,19,None,66,1,5,False,10,10
48856,181,unweighted,10,0.5645899681528662,0,19,None,66,1,5,False,10,10
48857,182,unweighted,10,0.5673765923566879,0,19,None,66,1,5,False,10,10
48858,183,unweighted,10,0.5700636942675159,0,19,None,66,1,5,False,10,10
48859,184,unweighted,10,0.5731488853503185,0,19,None,66,1,5,False,10,10
48860,180,unweighted,10,0.5802149681528662,0,22,None,66,1,5,False,10,10
48861,181,unweighted,10,0.5855891719745223,0,22,None,66,1,5,False,10,10
48862,182,unweighted,10,0.5895700636942676,0,22,None,66,1,5,False,10,10
48863,183,unweighted,10,0.5927547770700637,0,22,None,66,1,5,False,10,10
48864,184,unweighted,10,0.595640923566879,0,22,None,66,1,5,False,10,10
48865,180,unweighted,10,0.5688694267515924,0,14,None,66,1,5,False,10,10
48866,181,unweighted,10,0.5718550955414012,0,14,None,66,1,5,False,10,10
48867,182,unweighted,10,0.5739450636942676,0,14,None,66,1,5,False,10,10
48868,183,unweighted,10,0.5776273885350318,0,14,None,66,1,5,False,10,10
48869,184,unweighted,10,0.5807125796178344,0,14,None,66,1,5,False,10,10
48870,180,unweighted,10,0.5780254777070064,0,21,None,66,1,5,False,10,10
48871,181,unweighted,10,0.5816082802547771,0,21,None,66,1,5,False,10,10
48872,182,unweighted,10,0.5855891719745223,0,21,None,66,1,5,False,10,10
48873,183,unweighted,10,0.5871815286624203,0,21,None,66,1,5,False,10,10
48874,184,unweighted,10,0.5903662420382165,0,21,None,66,1,5,False,10,10
48875,180,unweighted,10,0.6189291401273885,0,25,None,66,1,5,False,10,10
48876,181,unweighted,10,0.6216162420382165,0,25,None,66,1,5,False,10,10
48877,182,unweighted,10,0.6246019108280255,0,25,None,66,1,5,False,10,10
48878,183,unweighted,10,0.626890923566879,0,25,None,66,1,5,False,10,10
48879,184,unweighted,10,0.6294785031847133,0,25,None,66,1,5,False,10,10
48880,180,unweighted,10,0.6062898089171974,0,24,None,66,1,5,False,10,10
48881,181,unweighted,10,0.6106687898089171,0,24,None,66,1,5,False,10,10
48882,182,unweighted,10,0.6146496815286624,0,24,None,66,1,5,False,10,10
48883,183,unweighted,10,0.6174363057324841,0,24,None,66,1,5,False,10,10
48884,184,unweighted,10,0.621218152866242,0,24,None,66,1,5,False,10,10
48885,180,unweighted,10,0.5801154458598726,0,29,None,66,1,5,False,10,10
48886,181,unweighted,10,0.5839968152866242,0,29,None,66,1,5,False,10,10
48887,182,unweighted,10,0.5855891719745223,0,29,None,66,1,5,False,10,10
48888,183,unweighted,10,0.5871815286624203,0,29,None,66,1,5,False,10,10
48889,184,unweighted,10,0.5893710191082803,0,29,None,66,1,5,False,10,10
48890,180,unweighted,10,0.5766321656050956,0,30,None,66,1,5,False,10,10
48891,181,unweighted,10,0.5811106687898089,0,30,None,66,1,5,False,10,10
48892,182,unweighted,10,0.5844944267515924,0,30,None,66,1,5,False,10,10
48893,183,unweighted,10,0.5897691082802548,0,30,None,66,1,5,False,10,10
48894,184,unweighted,10,0.5942476114649682,0,30,None,66,1,5,False,10,10
48895,180,unweighted,10,0.440983280254777,0,31,None,66,1,5,False,10,10
48896,181,unweighted,10,0.4486464968152866,0,31,None,66,1,5,False,10,10
48897,182,unweighted,10,0.4547173566878981,0,31,None,66,1,5,False,10,10
48898,183,unweighted,10,0.4621815286624204,0,31,None,66,1,5,False,10,10
48899,184,unweighted,10,0.4671576433121019,0,31,None,66,1,5,False,10,10
48900,180,unweighted,10,0.5444864649681529,0,27,None,66,1,5,False,10,10
48901,181,unweighted,10,0.5521496815286624,0,27,None,66,1,5,False,10,10
48902,182,unweighted,10,0.5671775477707006,0,27,None,66,1,5,False,10,10
48903,183,unweighted,10,0.5794187898089171,0,27,None,66,1,5,False,10,10
48904,184,unweighted,10,0.5943471337579618,0,27,None,66,1,5,False,10,10
48905,180,unweighted,10,0.5370222929936306,0,16,None,66,1,5,False,10,10
48906,181,unweighted,10,0.5390127388535032,0,16,None,66,1,5,False,10,10
48907,182,unweighted,10,0.5399084394904459,0,16,None,66,1,5,False,10,10
48908,183,unweighted,10,0.5418988853503185,0,16,None,66,1,5,False,10,10
48909,184,unweighted,10,0.5431926751592356,0,16,None,66,1,5,False,10,10
48910,180,unweighted,10,0.6182324840764332,0,32,None,66,1,5,False,10,10
48911,181,unweighted,10,0.6192277070063694,0,32,None,66,1,5,False,10,10
48912,182,unweighted,10,0.6201234076433121,0,32,None,66,1,5,False,10,10
48913,183,unweighted,10,0.6224124203821656,0,32,None,66,1,5,False,10,10
48914,184,unweighted,10,0.6247014331210191,0,32,None,66,1,5,False,10,10
48915,180,unweighted,10,0.6169386942675159,0,23,None,66,1,5,False,10,10
48916,181,unweighted,10,0.626890923566879,0,23,None,66,1,5,False,10,10
48917,182,unweighted,10,0.6301751592356688,0,23,None,66,1,5,False,10,10
48918,183,unweighted,10,0.6336584394904459,0,23,None,66,1,5,False,10,10
48919,184,unweighted,10,0.6372412420382165,0,23,None,66,1,5,False,10,10
48920,180,unweighted,10,0.5605095541401274,0,2,None,66,1,5,False,10,10
48921,181,unweighted,10,0.56140525477707,0,2,None,66,1,5,False,10,10
48922,182,unweighted,10,0.5626990445859873,0,2,None,66,1,5,False,10,10
48923,183,unweighted,10,0.5642914012738853,0,2,None,66,1,5,False,10,10
48924,184,unweighted,10,0.5661823248407644,0,2,None,66,1,5,False,10,10
48925,180,unweighted,10,0.5860867834394905,0,0,None,66,1,5,False,10,10
48926,181,unweighted,10,0.588077229299363,0,0,None,66,1,5,False,10,10
48927,182,unweighted,10,0.591062898089172,0,0,None,66,1,5,False,10,10
48928,183,unweighted,10,0.5946457006369427,0,0,None,66,1,5,False,10,10
48929,184,unweighted,10,0.5985270700636943,0,0,None,66,1,5,False,10,10
48930,180,unweighted,10,0.5848925159235668,0,3,None,66,1,5,False,10,10
48931,181,unweighted,10,0.5867834394904459,0,3,None,66,1,5,False,10,10
48932,182,unweighted,10,0.5877786624203821,0,3,None,66,1,5,False,10,10
48933,183,unweighted,10,0.5892714968152867,0,3,None,66,1,5,False,10,10
48934,184,unweighted,10,0.5916600318471338,0,3,None,66,1,5,False,10,10
48935,180,unweighted,10,0.5905652866242038,0,5,None,66,1,5,False,10,10
48936,181,unweighted,10,0.5947452229299363,0,5,None,66,1,5,False,10,10
48937,182,unweighted,10,0.5984275477707006,0,5,None,66,1,5,False,10,10
48938,183,unweighted,10,0.602109872611465,0,5,None,66,1,5,False,10,10
48939,184,unweighted,10,0.605593152866242,0,5,None,66,1,5,False,10,10
48940,180,unweighted,10,0.5925557324840764,0,4,None,66,1,5,False,10,10
48941,181,unweighted,10,0.5960390127388535,0,4,None,66,1,5,False,10,10
48942,182,unweighted,10,0.5990246815286624,0,4,None,66,1,5,False,10,10
48943,183,unweighted,10,0.6005175159235668,0,4,None,66,1,5,False,10,10
48944,184,unweighted,10,0.6017117834394905,0,4,None,66,1,5,False,10,10
48945,180,unweighted,10,0.602109872611465,0,7,None,66,1,5,False,10,10
48946,181,unweighted,10,0.6042993630573248,0,7,None,66,1,5,False,10,10
48947,182,unweighted,10,0.606687898089172,0,7,None,66,1,5,False,10,10
48948,183,unweighted,10,0.6090764331210191,0,7,None,66,1,5,False,10,10
48949,184,unweighted,10,0.6129578025477707,0,7,None,66,1,5,False,10,10
48950,180,unweighted,10,0.5907643312101911,0,9,None,66,1,5,False,10,10
48951,181,unweighted,10,0.59375,0,9,None,66,1,5,False,10,10
48952,182,unweighted,10,0.5981289808917197,0,9,None,66,1,5,False,10,10
48953,183,unweighted,10,0.6032046178343949,0,9,None,66,1,5,False,10,10
48954,184,unweighted,10,0.6084792993630573,0,9,None,66,1,5,False,10,10
48955,180,unweighted,10,0.5101512738853503,0,10,None,66,1,5,False,10,10
48956,181,unweighted,10,0.5124402866242038,0,10,None,66,1,5,False,10,10
48957,182,unweighted,10,0.5153264331210191,0,10,None,66,1,5,False,10,10
48958,183,unweighted,10,0.5193073248407644,0,10,None,66,1,5,False,10,10
48959,184,unweighted,10,0.5246815286624203,0,10,None,66,1,5,False,10,10
48960,180,unweighted,10,0.5448845541401274,0,11,None,66,1,5,False,10,10
48961,181,unweighted,10,0.5464769108280255,0,11,None,66,1,5,False,10,10
48962,182,unweighted,10,0.54796974522293,0,11,None,66,1,5,False,10,10
48963,183,unweighted,10,0.5492635350318471,0,11,None,66,1,5,False,10,10
48964,184,unweighted,10,0.5516520700636943,0,11,None,66,1,5,False,10,10
48965,180,unweighted,10,0.6313694267515924,0,15,None,66,1,5,False,10,10
48966,181,unweighted,10,0.6189291401273885,0,15,None,66,1,5,False,10,10
48967,182,unweighted,10,0.6207205414012739,0,15,None,66,1,5,False,10,10
48968,183,unweighted,10,0.6253980891719745,0,15,None,66,1,5,False,10,10
48969,184,unweighted,10,0.6312699044585988,0,15,None,66,1,5,False,10,10
48970,180,unweighted,10,0.5694665605095541,0,17,None,66,1,5,False,10,10
48971,181,unweighted,10,0.5727507961783439,0,17,None,66,1,5,False,10,10
48972,182,unweighted,10,0.5763335987261147,0,17,None,66,1,5,False,10,10
48973,183,unweighted,10,0.5785230891719745,0,17,None,66,1,5,False,10,10
48974,184,unweighted,10,0.5816082802547771,0,17,None,66,1,5,False,10,10
48975,180,unweighted,10,0.6182324840764332,0,20,None,66,1,5,False,10,10
48976,181,unweighted,10,0.6189291401273885,0,20,None,66,1,5,False,10,10
48977,182,unweighted,10,0.6211186305732485,0,20,None,66,1,5,False,10,10
48978,183,unweighted,10,0.6224124203821656,0,20,None,66,1,5,False,10,10
48979,184,unweighted,10,0.6235071656050956,0,20,None,66,1,5,False,10,10
48980,180,unweighted,10,0.5388136942675159,0,28,None,66,1,5,False,10,10
48981,181,unweighted,10,0.5413017515923567,0,28,None,66,1,5,False,10,10
48982,182,unweighted,10,0.5437898089171974,0,28,None,66,1,5,False,10,10
48983,183,unweighted,10,0.5461783439490446,0,28,None,66,1,5,False,10,10
48984,184,unweighted,10,0.5481687898089171,0,28,None,66,1,5,False,10,10
48985,180,unweighted,10,0.5783240445859873,0,18,None,66,1,5,False,10,10
48986,181,unweighted,10,0.5794187898089171,0,18,None,66,1,5,False,10,10
48987,182,unweighted,10,0.5824044585987261,0,18,None,66,1,5,False,10,10
48988,183,unweighted,10,0.5847929936305732,0,18,None,66,1,5,False,10,10
48989,184,unweighted,10,0.587281050955414,0,18,None,66,1,5,False,10,10
48990,180,unweighted,10,0.6046974522292994,0,12,None,66,1,5,False,10,10
48991,181,unweighted,10,0.6065883757961783,0,12,None,66,1,5,False,10,10
48992,182,unweighted,10,0.6075835987261147,0,12,None,66,1,5,False,10,10
48993,183,unweighted,10,0.6095740445859873,0,12,None,66,1,5,False,10,10
48994,184,unweighted,10,0.6113654458598726,0,12,None,66,1,5,False,10,10
48995,180,unweighted,10,0.5528463375796179,0,6,None,66,1,5,False,10,10
48996,181,unweighted,10,0.556031050955414,0,6,None,66,1,5,False,10,10
48997,182,unweighted,10,0.5595143312101911,0,6,None,66,1,5,False,10,10
48998,183,unweighted,10,0.5623009554140127,0,6,None,66,1,5,False,10,10
48999,184,unweighted,10,0.5655851910828026,0,6,None,66,1,5,False,10,10
49000,180,unweighted,10,0.5905652866242038,0,26,None,66,1,5,False,10,10
49001,181,unweighted,10,0.5920581210191083,0,26,None,66,1,5,False,10,10
49002,182,unweighted,10,0.5927547770700637,0,26,None,66,1,5,False,10,10
49003,183,unweighted,10,0.5943471337579618,0,26,None,66,1,5,False,10,10
49004,184,unweighted,10,0.5966361464968153,0,26,None,66,1,5,False,10,10
49005,185,unweighted,10,0.5930533439490446,0,29,None,66,1,5,False,10,10
49006,186,unweighted,10,0.595640923566879,0,29,None,66,1,5,False,10,10
49007,187,unweighted,10,0.5974323248407644,0,29,None,66,1,5,False,10,10
49008,188,unweighted,10,0.6000199044585988,0,29,None,66,1,5,False,10,10
49009,189,unweighted,10,0.6032046178343949,0,29,None,66,1,5,False,10,10
49010,185,unweighted,10,0.5639928343949044,0,1,None,66,1,5,False,10,10
49011,186,unweighted,10,0.5690684713375797,0,1,None,66,1,5,False,10,10
49012,187,unweighted,10,0.5722531847133758,0,1,None,66,1,5,False,10,10
49013,188,unweighted,10,0.5748407643312102,0,1,None,66,1,5,False,10,10
49014,189,unweighted,10,0.5786226114649682,0,1,None,66,1,5,False,10,10
49015,185,unweighted,10,0.6232085987261147,0,24,None,66,1,5,False,10,10
49016,186,unweighted,10,0.6257961783439491,0,24,None,66,1,5,False,10,10
49017,187,unweighted,10,0.6277866242038217,0,24,None,66,1,5,False,10,10
49018,188,unweighted,10,0.6291799363057324,0,24,None,66,1,5,False,10,10
49019,189,unweighted,10,0.6310708598726115,0,24,None,66,1,5,False,10,10
49020,185,unweighted,10,0.5656847133757962,0,2,None,66,1,5,False,10,10
49021,186,unweighted,10,0.5666799363057324,0,2,None,66,1,5,False,10,10
49022,187,unweighted,10,0.5684713375796179,0,2,None,66,1,5,False,10,10
49023,188,unweighted,10,0.5701632165605095,0,2,None,66,1,5,False,10,10
49024,189,unweighted,10,0.5721536624203821,0,2,None,66,1,5,False,10,10
49025,185,unweighted,10,0.5830015923566879,0,17,None,66,1,5,False,10,10
49026,186,unweighted,10,0.5851910828025477,0,17,None,66,1,5,False,10,10
49027,187,unweighted,10,0.5866839171974523,0,17,None,66,1,5,False,10,10
49028,188,unweighted,10,0.5898686305732485,0,17,None,66,1,5,False,10,10
49029,189,unweighted,10,0.5927547770700637,0,17,None,66,1,5,False,10,10
49030,185,unweighted,10,0.5529458598726115,0,28,None,66,1,5,False,10,10
49031,186,unweighted,10,0.5586186305732485,0,28,None,66,1,5,False,10,10
49032,187,unweighted,10,0.5652866242038217,0,28,None,66,1,5,False,10,10
49033,188,unweighted,10,0.5711584394904459,0,28,None,66,1,5,False,10,10
49034,189,unweighted,10,0.5786226114649682,0,28,None,66,1,5,False,10,10
49035,185,unweighted,10,0.6282842356687898,0,20,None,66,1,5,False,10,10
49036,186,unweighted,10,0.6291799363057324,0,20,None,66,1,5,False,10,10
49037,187,unweighted,10,0.6307722929936306,0,20,None,66,1,5,False,10,10
49038,188,unweighted,10,0.6323646496815286,0,20,None,66,1,5,False,10,10
49039,189,unweighted,10,0.6344546178343949,0,20,None,66,1,5,False,10,10
49040,185,unweighted,10,0.6284832802547771,0,23,None,66,1,5,False,10,10
49041,186,unweighted,10,0.6363455414012739,0,23,None,66,1,5,False,10,10
49042,187,unweighted,10,0.6393312101910829,0,23,None,66,1,5,False,10,10
49043,188,unweighted,10,0.642515923566879,0,23,None,66,1,5,False,10,10
49044,189,unweighted,10,0.6467953821656051,0,23,None,66,1,5,False,10,10
49045,185,unweighted,10,0.5909633757961783,0,13,None,66,1,5,False,10,10
49046,186,unweighted,10,0.5939490445859873,0,13,None,66,1,5,False,10,10
49047,187,unweighted,10,0.5959394904458599,0,13,None,66,1,5,False,10,10
49048,188,unweighted,10,0.5989251592356688,0,13,None,66,1,5,False,10,10
49049,189,unweighted,10,0.6018113057324841,0,13,None,66,1,5,False,10,10
49050,185,unweighted,10,0.6318670382165605,0,25,None,66,1,5,False,10,10
49051,186,unweighted,10,0.634952229299363,0,25,None,66,1,5,False,10,10
49052,187,unweighted,10,0.6370421974522293,0,25,None,66,1,5,False,10,10
49053,188,unweighted,10,0.638734076433121,0,25,None,66,1,5,False,10,10
49054,189,unweighted,10,0.6407245222929936,0,25,None,66,1,5,False,10,10
49055,185,unweighted,10,0.6005175159235668,0,26,None,66,1,5,False,10,10
49056,186,unweighted,10,0.6034036624203821,0,26,None,66,1,5,False,10,10
49057,187,unweighted,10,0.6073845541401274,0,26,None,66,1,5,False,10,10
49058,188,unweighted,10,0.6102707006369427,0,26,None,66,1,5,False,10,10
49059,189,unweighted,10,0.612062101910828,0,26,None,66,1,5,False,10,10
49060,185,unweighted,10,0.6148487261146497,0,12,None,66,1,5,False,10,10
49061,186,unweighted,10,0.617734872611465,0,12,None,66,1,5,False,10,10
49062,187,unweighted,10,0.6196257961783439,0,12,None,66,1,5,False,10,10
49063,188,unweighted,10,0.620421974522293,0,12,None,66,1,5,False,10,10
49064,189,unweighted,10,0.6232085987261147,0,12,None,66,1,5,False,10,10
49065,185,unweighted,10,0.6057921974522293,0,5,None,66,1,5,False,10,10
49066,186,unweighted,10,0.6090764331210191,0,5,None,66,1,5,False,10,10
49067,187,unweighted,10,0.6099721337579618,0,5,None,66,1,5,False,10,10
49068,188,unweighted,10,0.6126592356687898,0,5,None,66,1,5,False,10,10
49069,189,unweighted,10,0.6140525477707006,0,5,None,66,1,5,False,10,10
49070,185,unweighted,10,0.5988256369426752,0,0,None,66,1,5,False,10,10
49071,186,unweighted,10,0.6030055732484076,0,0,None,66,1,5,False,10,10
49072,187,unweighted,10,0.6061902866242038,0,0,None,66,1,5,False,10,10
49073,188,unweighted,10,0.6100716560509554,0,0,None,66,1,5,False,10,10
49074,189,unweighted,10,0.613156847133758,0,0,None,66,1,5,False,10,10
49075,185,unweighted,10,0.5456807324840764,0,16,None,66,1,5,False,10,10
49076,186,unweighted,10,0.5470740445859873,0,16,None,66,1,5,False,10,10
49077,187,unweighted,10,0.5472730891719745,0,16,None,66,1,5,False,10,10
49078,188,unweighted,10,0.5489649681528662,0,16,None,66,1,5,False,10,10
49079,189,unweighted,10,0.5543391719745223,0,16,None,66,1,5,False,10,10
49080,185,unweighted,10,0.6186305732484076,0,7,None,66,1,5,False,10,10
49081,186,unweighted,10,0.6211186305732485,0,7,None,66,1,5,False,10,10
49082,187,unweighted,10,0.62390525477707,0,7,None,66,1,5,False,10,10
49083,188,unweighted,10,0.6267914012738853,0,7,None,66,1,5,False,10,10
49084,189,unweighted,10,0.6285828025477707,0,7,None,66,1,5,False,10,10
49085,185,unweighted,10,0.6277866242038217,0,32,None,66,1,5,False,10,10
49086,186,unweighted,10,0.6310708598726115,0,32,None,66,1,5,False,10,10
49087,187,unweighted,10,0.6332603503184714,0,32,None,66,1,5,False,10,10
49088,188,unweighted,10,0.6353503184713376,0,32,None,66,1,5,False,10,10
49089,189,unweighted,10,0.6372412420382165,0,32,None,66,1,5,False,10,10
49090,185,unweighted,10,0.5844944267515924,0,14,None,66,1,5,False,10,10
49091,186,unweighted,10,0.5859872611464968,0,14,None,66,1,5,False,10,10
49092,187,unweighted,10,0.588077229299363,0,14,None,66,1,5,False,10,10
49093,188,unweighted,10,0.5907643312101911,0,14,None,66,1,5,False,10,10
49094,189,unweighted,10,0.5935509554140127,0,14,None,66,1,5,False,10,10
49095,185,unweighted,10,0.6175358280254777,0,9,None,66,1,5,False,10,10
49096,186,unweighted,10,0.6227109872611465,0,9,None,66,1,5,False,10,10
49097,187,unweighted,10,0.6271894904458599,0,9,None,66,1,5,False,10,10
49098,188,unweighted,10,0.6347531847133758,0,9,None,66,1,5,False,10,10
49099,189,unweighted,10,0.6402269108280255,0,9,None,66,1,5,False,10,10
49100,185,unweighted,10,0.596437101910828,0,22,None,66,1,5,False,10,10
49101,186,unweighted,10,0.600218949044586,0,22,None,66,1,5,False,10,10
49102,187,unweighted,10,0.6035031847133758,0,22,None,66,1,5,False,10,10
49103,188,unweighted,10,0.6068869426751592,0,22,None,66,1,5,False,10,10
49104,189,unweighted,10,0.6107683121019108,0,22,None,66,1,5,False,10,10
49105,185,unweighted,10,0.5962380573248408,0,30,None,66,1,5,False,10,10
49106,186,unweighted,10,0.6015127388535032,0,30,None,66,1,5,False,10,10
49107,187,unweighted,10,0.605593152866242,0,30,None,66,1,5,False,10,10
49108,188,unweighted,10,0.6091759554140127,0,30,None,66,1,5,False,10,10
49109,189,unweighted,10,0.6132563694267515,0,30,None,66,1,5,False,10,10
49110,185,unweighted,10,0.5725517515923567,0,6,None,66,1,5,False,10,10
49111,186,unweighted,10,0.5764331210191083,0,6,None,66,1,5,False,10,10
49112,187,unweighted,10,0.5791202229299363,0,6,None,66,1,5,False,10,10
49113,188,unweighted,10,0.5828025477707006,0,6,None,66,1,5,False,10,10
49114,189,unweighted,10,0.5848925159235668,0,6,None,66,1,5,False,10,10
49115,185,unweighted,10,0.6051950636942676,0,4,None,66,1,5,False,10,10
49116,186,unweighted,10,0.6075835987261147,0,4,None,66,1,5,False,10,10
49117,187,unweighted,10,0.6100716560509554,0,4,None,66,1,5,False,10,10
49118,188,unweighted,10,0.6118630573248408,0,4,None,66,1,5,False,10,10
49119,189,unweighted,10,0.6127587579617835,0,4,None,66,1,5,False,10,10
49120,185,unweighted,10,0.5269705414012739,0,10,None,66,1,5,False,10,10
49121,186,unweighted,10,0.5348328025477707,0,10,None,66,1,5,False,10,10
49122,187,unweighted,10,0.5416003184713376,0,10,None,66,1,5,False,10,10
49123,188,unweighted,10,0.5488654458598726,0,10,None,66,1,5,False,10,10
49124,189,unweighted,10,0.5551353503184714,0,10,None,66,1,5,False,10,10
49125,185,unweighted,10,0.59375,0,3,None,66,1,5,False,10,10
49126,186,unweighted,10,0.5943471337579618,0,3,None,66,1,5,False,10,10
49127,187,unweighted,10,0.5980294585987261,0,3,None,66,1,5,False,10,10
49128,188,unweighted,10,0.6007165605095541,0,3,None,66,1,5,False,10,10
49129,189,unweighted,10,0.602906050955414,0,3,None,66,1,5,False,10,10
49130,185,unweighted,10,0.5554339171974523,0,11,None,66,1,5,False,10,10
49131,186,unweighted,10,0.5590167197452229,0,11,None,66,1,5,False,10,10
49132,187,unweighted,10,0.56359474522293,0,11,None,66,1,5,False,10,10
49133,188,unweighted,10,0.569765127388535,0,11,None,66,1,5,False,10,10
49134,189,unweighted,10,0.5785230891719745,0,11,None,66,1,5,False,10,10
49135,185,unweighted,10,0.6422173566878981,0,15,None,66,1,5,False,10,10
49136,186,unweighted,10,0.6380374203821656,0,15,None,66,1,5,False,10,10
49137,187,unweighted,10,0.6414211783439491,0,15,None,66,1,5,False,10,10
49138,188,unweighted,10,0.6445063694267515,0,15,None,66,1,5,False,10,10
49139,189,unweighted,10,0.6480891719745223,0,15,None,66,1,5,False,10,10
49140,185,unweighted,10,0.4571058917197452,0,31,None,66,1,5,False,10,10
49141,186,unweighted,10,0.464968152866242,0,31,None,66,1,5,False,10,10
49142,187,unweighted,10,0.473328025477707,0,31,None,66,1,5,False,10,10
49143,188,unweighted,10,0.4801950636942675,0,31,None,66,1,5,False,10,10
49144,189,unweighted,10,0.4891520700636942,0,31,None,66,1,5,False,10,10
49145,185,unweighted,10,0.5857882165605095,0,27,None,66,1,5,False,10,10
49146,186,unweighted,10,0.5993232484076433,0,27,None,66,1,5,False,10,10
49147,187,unweighted,10,0.609375,0,27,None,66,1,5,False,10,10
49148,188,unweighted,10,0.6151472929936306,0,27,None,66,1,5,False,10,10
49149,189,unweighted,10,0.6217157643312102,0,27,None,66,1,5,False,10,10
49150,185,unweighted,10,0.5900676751592356,0,18,None,66,1,5,False,10,10
49151,186,unweighted,10,0.5931528662420382,0,18,None,66,1,5,False,10,10
49152,187,unweighted,10,0.5957404458598726,0,18,None,66,1,5,False,10,10
49153,188,unweighted,10,0.5987261146496815,0,18,None,66,1,5,False,10,10
49154,189,unweighted,10,0.601015127388535,0,18,None,66,1,5,False,10,10
49155,185,unweighted,10,0.5959394904458599,0,8,None,66,1,5,False,10,10
49156,186,unweighted,10,0.5972332802547771,0,8,None,66,1,5,False,10,10
49157,187,unweighted,10,0.6001194267515924,0,8,None,66,1,5,False,10,10
49158,188,unweighted,10,0.602109872611465,0,8,None,66,1,5,False,10,10
49159,189,unweighted,10,0.6044984076433121,0,8,None,66,1,5,False,10,10
49160,185,unweighted,10,0.5782245222929936,0,19,None,66,1,5,False,10,10
49161,186,unweighted,10,0.5817078025477707,0,19,None,66,1,5,False,10,10
49162,187,unweighted,10,0.5848925159235668,0,19,None,66,1,5,False,10,10
49163,188,unweighted,10,0.588077229299363,0,19,None,66,1,5,False,10,10
49164,189,unweighted,10,0.5906648089171974,0,19,None,66,1,5,False,10,10
49165,185,unweighted,10,0.5928542993630573,0,21,None,66,1,5,False,10,10
49166,186,unweighted,10,0.5969347133757962,0,21,None,66,1,5,False,10,10
49167,187,unweighted,10,0.5996218152866242,0,21,None,66,1,5,False,10,10
49168,188,unweighted,10,0.6036027070063694,0,21,None,66,1,5,False,10,10
49169,189,unweighted,10,0.6062898089171974,0,21,None,66,1,5,False,10,10
49170,190,unweighted,10,0.6422173566878981,0,25,None,66,1,5,False,10,10
49171,191,unweighted,10,0.6440087579617835,0,25,None,66,1,5,False,10,10
49172,192,unweighted,10,0.6471934713375797,0,25,None,66,1,5,False,10,10
49173,193,unweighted,10,0.6487858280254777,0,25,None,66,1,5,False,10,10
49174,194,unweighted,10,0.6500796178343949,0,25,None,66,1,5,False,10,10
49175,190,unweighted,10,0.6182324840764332,0,30,None,66,1,5,False,10,10
49176,191,unweighted,10,0.6219148089171974,0,30,None,66,1,5,False,10,10
49177,192,unweighted,10,0.6258957006369427,0,30,None,66,1,5,False,10,10
49178,193,unweighted,10,0.6308718152866242,0,30,None,66,1,5,False,10,10
49179,194,unweighted,10,0.6343550955414012,0,30,None,66,1,5,False,10,10
49180,190,unweighted,10,0.5767316878980892,0,1,None,66,1,5,False,10,10
49181,191,unweighted,10,0.5799164012738853,0,1,None,66,1,5,False,10,10
49182,192,unweighted,10,0.582703025477707,0,1,None,66,1,5,False,10,10
49183,193,unweighted,10,0.5849920382165605,0,1,None,66,1,5,False,10,10
49184,194,unweighted,10,0.5874800955414012,0,1,None,66,1,5,False,10,10
49185,190,unweighted,10,0.606687898089172,0,13,None,66,1,5,False,10,10
49186,191,unweighted,10,0.6088773885350318,0,13,None,66,1,5,False,10,10
49187,192,unweighted,10,0.6121616242038217,0,13,None,66,1,5,False,10,10
49188,193,unweighted,10,0.6151472929936306,0,13,None,66,1,5,False,10,10
49189,194,unweighted,10,0.6178343949044586,0,13,None,66,1,5,False,10,10
49190,190,unweighted,10,0.6067874203821656,0,29,None,66,1,5,False,10,10
49191,191,unweighted,10,0.6099721337579618,0,29,None,66,1,5,False,10,10
49192,192,unweighted,10,0.6138535031847133,0,29,None,66,1,5,False,10,10
49193,193,unweighted,10,0.6151472929936306,0,29,None,66,1,5,False,10,10
49194,194,unweighted,10,0.6174363057324841,0,29,None,66,1,5,False,10,10
49195,190,unweighted,10,0.5753383757961783,0,2,None,66,1,5,False,10,10
49196,191,unweighted,10,0.5816082802547771,0,2,None,66,1,5,False,10,10
49197,192,unweighted,10,0.5882762738853503,0,2,None,66,1,5,False,10,10
49198,193,unweighted,10,0.5954418789808917,0,2,None,66,1,5,False,10,10
49199,194,unweighted,10,0.6032046178343949,0,2,None,66,1,5,False,10,10
49200,190,unweighted,10,0.6136544585987261,0,5,None,66,1,5,False,10,10
49201,191,unweighted,10,0.6164410828025477,0,5,None,66,1,5,False,10,10
49202,192,unweighted,10,0.6174363057324841,0,5,None,66,1,5,False,10,10
49203,193,unweighted,10,0.6183320063694268,0,5,None,66,1,5,False,10,10
49204,194,unweighted,10,0.6196257961783439,0,5,None,66,1,5,False,10,10
49205,190,unweighted,10,0.5911624203821656,0,11,None,66,1,5,False,10,10
49206,191,unweighted,10,0.5991242038216561,0,11,None,66,1,5,False,10,10
49207,192,unweighted,10,0.6036027070063694,0,11,None,66,1,5,False,10,10
49208,193,unweighted,10,0.6080812101910829,0,11,None,66,1,5,False,10,10
49209,194,unweighted,10,0.6126592356687898,0,11,None,66,1,5,False,10,10
49210,190,unweighted,10,0.6701831210191083,0,15,None,66,1,5,False,10,10
49211,191,unweighted,10,0.6669984076433121,0,15,None,66,1,5,False,10,10
49212,192,unweighted,10,0.6665007961783439,0,15,None,66,1,5,False,10,10
49213,193,unweighted,10,0.6661027070063694,0,15,None,66,1,5,False,10,10
49214,194,unweighted,10,0.6677945859872612,0,15,None,66,1,5,False,10,10
49215,190,unweighted,10,0.5947452229299363,0,17,None,66,1,5,False,10,10
49216,191,unweighted,10,0.5966361464968153,0,17,None,66,1,5,False,10,10
49217,192,unweighted,10,0.5981289808917197,0,17,None,66,1,5,False,10,10
49218,193,unweighted,10,0.6012141719745223,0,17,None,66,1,5,False,10,10
49219,194,unweighted,10,0.6027070063694268,0,17,None,66,1,5,False,10,10
49220,190,unweighted,10,0.5892714968152867,0,28,None,66,1,5,False,10,10
49221,191,unweighted,10,0.5959394904458599,0,28,None,66,1,5,False,10,10
49222,192,unweighted,10,0.5995222929936306,0,28,None,66,1,5,False,10,10
49223,193,unweighted,10,0.602906050955414,0,28,None,66,1,5,False,10,10
49224,194,unweighted,10,0.6053941082802548,0,28,None,66,1,5,False,10,10
49225,190,unweighted,10,0.5660828025477707,0,16,None,66,1,5,False,10,10
49226,191,unweighted,10,0.573546974522293,0,16,None,66,1,5,False,10,10
49227,192,unweighted,10,0.5811106687898089,0,16,None,66,1,5,False,10,10
49228,193,unweighted,10,0.5890724522292994,0,16,None,66,1,5,False,10,10
49229,194,unweighted,10,0.5939490445859873,0,16,None,66,1,5,False,10,10
49230,190,unweighted,10,0.6317675159235668,0,7,None,66,1,5,False,10,10
49231,191,unweighted,10,0.6339570063694268,0,7,None,66,1,5,False,10,10
49232,192,unweighted,10,0.6356488853503185,0,7,None,66,1,5,False,10,10
49233,193,unweighted,10,0.6377388535031847,0,7,None,66,1,5,False,10,10
49234,194,unweighted,10,0.6388335987261147,0,7,None,66,1,5,False,10,10
49235,190,unweighted,10,0.6153463375796179,0,4,None,66,1,5,False,10,10
49236,191,unweighted,10,0.6173367834394905,0,4,None,66,1,5,False,10,10
49237,192,unweighted,10,0.6189291401273885,0,4,None,66,1,5,False,10,10
49238,193,unweighted,10,0.6205214968152867,0,4,None,66,1,5,False,10,10
49239,194,unweighted,10,0.6219148089171974,0,4,None,66,1,5,False,10,10
49240,190,unweighted,10,0.6083797770700637,0,3,None,66,1,5,False,10,10
49241,191,unweighted,10,0.6096735668789809,0,3,None,66,1,5,False,10,10
49242,192,unweighted,10,0.6106687898089171,0,3,None,66,1,5,False,10,10
49243,193,unweighted,10,0.6113654458598726,0,3,None,66,1,5,False,10,10
49244,194,unweighted,10,0.6154458598726115,0,3,None,66,1,5,False,10,10
49245,190,unweighted,10,0.6064888535031847,0,8,None,66,1,5,False,10,10
49246,191,unweighted,10,0.6091759554140127,0,8,None,66,1,5,False,10,10
49247,192,unweighted,10,0.6111664012738853,0,8,None,66,1,5,False,10,10
49248,193,unweighted,10,0.6129578025477707,0,8,None,66,1,5,False,10,10
49249,194,unweighted,10,0.6140525477707006,0,8,None,66,1,5,False,10,10
49250,190,unweighted,10,0.5626990445859873,0,10,None,66,1,5,False,10,10
49251,191,unweighted,10,0.567078025477707,0,10,None,66,1,5,False,10,10
49252,192,unweighted,10,0.5719546178343949,0,10,None,66,1,5,False,10,10
49253,193,unweighted,10,0.5758359872611465,0,10,None,66,1,5,False,10,10
49254,194,unweighted,10,0.5780254777070064,0,10,None,66,1,5,False,10,10
49255,190,unweighted,10,0.6386345541401274,0,20,None,66,1,5,False,10,10
49256,191,unweighted,10,0.6401273885350318,0,20,None,66,1,5,False,10,10
49257,192,unweighted,10,0.6416202229299363,0,20,None,66,1,5,False,10,10
49258,193,unweighted,10,0.6441082802547771,0,20,None,66,1,5,False,10,10
49259,194,unweighted,10,0.6460987261146497,0,20,None,66,1,5,False,10,10
49260,190,unweighted,10,0.6414211783439491,0,23,None,66,1,5,False,10,10
49261,191,unweighted,10,0.6453025477707006,0,23,None,66,1,5,False,10,10
49262,192,unweighted,10,0.6484872611464968,0,23,None,66,1,5,False,10,10
49263,193,unweighted,10,0.6519705414012739,0,23,None,66,1,5,False,10,10
49264,194,unweighted,10,0.6547571656050956,0,23,None,66,1,5,False,10,10
49265,190,unweighted,10,0.6401273885350318,0,32,None,66,1,5,False,10,10
49266,191,unweighted,10,0.6416202229299363,0,32,None,66,1,5,False,10,10
49267,192,unweighted,10,0.6435111464968153,0,32,None,66,1,5,False,10,10
49268,193,unweighted,10,0.6447054140127388,0,32,None,66,1,5,False,10,10
49269,194,unweighted,10,0.6458996815286624,0,32,None,66,1,5,False,10,10
49270,190,unweighted,10,0.5963375796178344,0,19,None,66,1,5,False,10,10
49271,191,unweighted,10,0.5987261146496815,0,19,None,66,1,5,False,10,10
49272,192,unweighted,10,0.6017117834394905,0,19,None,66,1,5,False,10,10
49273,193,unweighted,10,0.6040007961783439,0,19,None,66,1,5,False,10,10
49274,194,unweighted,10,0.6075835987261147,0,19,None,66,1,5,False,10,10
49275,190,unweighted,10,0.6068869426751592,0,21,None,66,1,5,False,10,10
49276,191,unweighted,10,0.6111664012738853,0,21,None,66,1,5,False,10,10
49277,192,unweighted,10,0.6148487261146497,0,21,None,66,1,5,False,10,10
49278,193,unweighted,10,0.6189291401273885,0,21,None,66,1,5,False,10,10
49279,194,unweighted,10,0.6241042993630573,0,21,None,66,1,5,False,10,10
49280,190,unweighted,10,0.6319665605095541,0,24,None,66,1,5,False,10,10
49281,191,unweighted,10,0.6335589171974523,0,24,None,66,1,5,False,10,10
49282,192,unweighted,10,0.6342555732484076,0,24,None,66,1,5,False,10,10
49283,193,unweighted,10,0.6350517515923567,0,24,None,66,1,5,False,10,10
49284,194,unweighted,10,0.6370421974522293,0,24,None,66,1,5,False,10,10
49285,190,unweighted,10,0.6142515923566879,0,0,None,66,1,5,False,10,10
49286,191,unweighted,10,0.6165406050955414,0,0,None,66,1,5,False,10,10
49287,192,unweighted,10,0.6190286624203821,0,0,None,66,1,5,False,10,10
49288,193,unweighted,10,0.619327229299363,0,0,None,66,1,5,False,10,10
49289,194,unweighted,10,0.6208200636942676,0,0,None,66,1,5,False,10,10
49290,190,unweighted,10,0.6502786624203821,0,9,None,66,1,5,False,10,10
49291,191,unweighted,10,0.6553542993630573,0,9,None,66,1,5,False,10,10
49292,192,unweighted,10,0.6584394904458599,0,9,None,66,1,5,False,10,10
49293,193,unweighted,10,0.661922770700637,0,9,None,66,1,5,False,10,10
49294,194,unweighted,10,0.665406050955414,0,9,None,66,1,5,False,10,10
49295,190,unweighted,10,0.5879777070063694,0,6,None,66,1,5,False,10,10
49296,191,unweighted,10,0.5913614649681529,0,6,None,66,1,5,False,10,10
49297,192,unweighted,10,0.5952428343949044,0,6,None,66,1,5,False,10,10
49298,193,unweighted,10,0.5972332802547771,0,6,None,66,1,5,False,10,10
49299,194,unweighted,10,0.5985270700636943,0,6,None,66,1,5,False,10,10
49300,190,unweighted,10,0.5980294585987261,0,14,None,66,1,5,False,10,10
49301,191,unweighted,10,0.6017117834394905,0,14,None,66,1,5,False,10,10
49302,192,unweighted,10,0.605593152866242,0,14,None,66,1,5,False,10,10
49303,193,unweighted,10,0.6102707006369427,0,14,None,66,1,5,False,10,10
49304,194,unweighted,10,0.6141520700636943,0,14,None,66,1,5,False,10,10
49305,190,unweighted,10,0.613953025477707,0,22,None,66,1,5,False,10,10
49306,191,unweighted,10,0.6161425159235668,0,22,None,66,1,5,False,10,10
49307,192,unweighted,10,0.6188296178343949,0,22,None,66,1,5,False,10,10
49308,193,unweighted,10,0.6208200636942676,0,22,None,66,1,5,False,10,10
49309,194,unweighted,10,0.6245023885350318,0,22,None,66,1,5,False,10,10
49310,190,unweighted,10,0.6161425159235668,0,26,None,66,1,5,False,10,10
49311,191,unweighted,10,0.6188296178343949,0,26,None,66,1,5,False,10,10
49312,192,unweighted,10,0.6218152866242038,0,26,None,66,1,5,False,10,10
49313,193,unweighted,10,0.62390525477707,0,26,None,66,1,5,False,10,10
49314,194,unweighted,10,0.6245023885350318,0,26,None,66,1,5,False,10,10
49315,190,unweighted,10,0.6281847133757962,0,12,None,66,1,5,False,10,10
49316,191,unweighted,10,0.6307722929936306,0,12,None,66,1,5,False,10,10
49317,192,unweighted,10,0.6326632165605095,0,12,None,66,1,5,False,10,10
49318,193,unweighted,10,0.6356488853503185,0,12,None,66,1,5,False,10,10
49319,194,unweighted,10,0.6388335987261147,0,12,None,66,1,5,False,10,10
49320,190,unweighted,10,0.6025079617834395,0,18,None,66,1,5,False,10,10
49321,191,unweighted,10,0.6044984076433121,0,18,None,66,1,5,False,10,10
49322,192,unweighted,10,0.6054936305732485,0,18,None,66,1,5,False,10,10
49323,193,unweighted,10,0.6078821656050956,0,18,None,66,1,5,False,10,10
49324,194,unweighted,10,0.6095740445859873,0,18,None,66,1,5,False,10,10
49325,190,unweighted,10,0.6171377388535032,0,27,None,66,1,5,False,10,10
49326,191,unweighted,10,0.6234076433121019,0,27,None,66,1,5,False,10,10
49327,192,unweighted,10,0.6272890127388535,0,27,None,66,1,5,False,10,10
49328,193,unweighted,10,0.6298765923566879,0,27,None,66,1,5,False,10,10
49329,194,unweighted,10,0.6325636942675159,0,27,None,66,1,5,False,10,10
49330,190,unweighted,10,0.4747213375796178,0,31,None,66,1,5,False,10,10
49331,191,unweighted,10,0.4840764331210191,0,31,None,66,1,5,False,10,10
49332,192,unweighted,10,0.4925358280254777,0,31,None,66,1,5,False,10,10
49333,193,unweighted,10,0.4995023885350318,0,31,None,66,1,5,False,10,10
49334,194,unweighted,10,0.5070660828025477,0,31,None,66,1,5,False,10,10
49335,195,unweighted,10,0.6499800955414012,0,32,None,66,1,5,False,10,10
49336,196,unweighted,10,0.6500796178343949,0,32,None,66,1,5,False,10,10
49337,197,unweighted,10,0.6514729299363057,0,32,None,66,1,5,False,10,10
49338,198,unweighted,10,0.6521695859872612,0,32,None,66,1,5,False,10,10
49339,199,unweighted,10,0.6554538216560509,0,32,None,66,1,5,False,10,10
49340,195,unweighted,10,0.6512738853503185,0,25,None,66,1,5,False,10,10
49341,196,unweighted,10,0.6523686305732485,0,25,None,66,1,5,False,10,10
49342,197,unweighted,10,0.6560509554140127,0,25,None,66,1,5,False,10,10
49343,198,unweighted,10,0.6574442675159236,0,25,None,66,1,5,False,10,10
49344,199,unweighted,10,0.660031847133758,0,25,None,66,1,5,False,10,10
49345,195,unweighted,10,0.6289808917197452,0,22,None,66,1,5,False,10,10
49346,196,unweighted,10,0.6317675159235668,0,22,None,66,1,5,False,10,10
49347,197,unweighted,10,0.6335589171974523,0,22,None,66,1,5,False,10,10
49348,198,unweighted,10,0.6363455414012739,0,22,None,66,1,5,False,10,10
49349,199,unweighted,10,0.6370421974522293,0,22,None,66,1,5,False,10,10
49350,195,unweighted,10,0.6175358280254777,0,14,None,66,1,5,False,10,10
49351,196,unweighted,10,0.6210191082802548,0,14,None,66,1,5,False,10,10
49352,197,unweighted,10,0.6249004777070064,0,14,None,66,1,5,False,10,10
49353,198,unweighted,10,0.6273885350318471,0,14,None,66,1,5,False,10,10
49354,199,unweighted,10,0.630672770700637,0,14,None,66,1,5,False,10,10
49355,195,unweighted,10,0.6400278662420382,0,7,None,66,1,5,False,10,10
49356,196,unweighted,10,0.6416202229299363,0,7,None,66,1,5,False,10,10
49357,197,unweighted,10,0.6437101910828026,0,7,None,66,1,5,False,10,10
49358,198,unweighted,10,0.6458001592356688,0,7,None,66,1,5,False,10,10
49359,199,unweighted,10,0.646297770700637,0,7,None,66,1,5,False,10,10
49360,195,unweighted,10,0.5798168789808917,0,10,None,66,1,5,False,10,10
49361,196,unweighted,10,0.5828025477707006,0,10,None,66,1,5,False,10,10
49362,197,unweighted,10,0.5858877388535032,0,10,None,66,1,5,False,10,10
49363,198,unweighted,10,0.5882762738853503,0,10,None,66,1,5,False,10,10
49364,199,unweighted,10,0.5911624203821656,0,10,None,66,1,5,False,10,10
49365,195,unweighted,10,0.6872014331210191,0,15,None,66,1,5,False,10,10
49366,196,unweighted,10,0.6908837579617835,0,15,None,66,1,5,False,10,10
49367,197,unweighted,10,0.6908837579617835,0,15,None,66,1,5,False,10,10
49368,198,unweighted,10,0.6909832802547771,0,15,None,66,1,5,False,10,10
49369,199,unweighted,10,0.6928742038216561,0,15,None,66,1,5,False,10,10
49370,195,unweighted,10,0.6184315286624203,0,11,None,66,1,5,False,10,10
49371,196,unweighted,10,0.6207205414012739,0,11,None,66,1,5,False,10,10
49372,197,unweighted,10,0.6235071656050956,0,11,None,66,1,5,False,10,10
49373,198,unweighted,10,0.6253980891719745,0,11,None,66,1,5,False,10,10
49374,199,unweighted,10,0.6275875796178344,0,11,None,66,1,5,False,10,10
49375,195,unweighted,10,0.6061902866242038,0,16,None,66,1,5,False,10,10
49376,196,unweighted,10,0.6085788216560509,0,16,None,66,1,5,False,10,10
49377,197,unweighted,10,0.6100716560509554,0,16,None,66,1,5,False,10,10
49378,198,unweighted,10,0.6116640127388535,0,16,None,66,1,5,False,10,10
49379,199,unweighted,10,0.6130573248407644,0,16,None,66,1,5,False,10,10
49380,195,unweighted,10,0.6102707006369427,0,19,None,66,1,5,False,10,10
49381,196,unweighted,10,0.6102707006369427,0,19,None,66,1,5,False,10,10
49382,197,unweighted,10,0.612062101910828,0,19,None,66,1,5,False,10,10
49383,198,unweighted,10,0.6130573248407644,0,19,None,66,1,5,False,10,10
49384,199,unweighted,10,0.6140525477707006,0,19,None,66,1,5,False,10,10
49385,195,unweighted,10,0.6148487261146497,0,18,None,66,1,5,False,10,10
49386,196,unweighted,10,0.6168391719745223,0,18,None,66,1,5,False,10,10
49387,197,unweighted,10,0.6190286624203821,0,18,None,66,1,5,False,10,10
49388,198,unweighted,10,0.6209195859872612,0,18,None,66,1,5,False,10,10
49389,199,unweighted,10,0.6234076433121019,0,18,None,66,1,5,False,10,10
49390,195,unweighted,10,0.6050955414012739,0,17,None,66,1,5,False,10,10
49391,196,unweighted,10,0.6067874203821656,0,17,None,66,1,5,False,10,10
49392,197,unweighted,10,0.6080812101910829,0,17,None,66,1,5,False,10,10
49393,198,unweighted,10,0.6097730891719745,0,17,None,66,1,5,False,10,10
49394,199,unweighted,10,0.6100716560509554,0,17,None,66,1,5,False,10,10
49395,195,unweighted,10,0.5863853503184714,0,1,None,66,1,5,False,10,10
49396,196,unweighted,10,0.5907643312101911,0,1,None,66,1,5,False,10,10
49397,197,unweighted,10,0.5924562101910829,0,1,None,66,1,5,False,10,10
49398,198,unweighted,10,0.5938495222929936,0,1,None,66,1,5,False,10,10
49399,199,unweighted,10,0.5955414012738853,0,1,None,66,1,5,False,10,10
49400,195,unweighted,10,0.615843949044586,0,2,None,66,1,5,False,10,10
49401,196,unweighted,10,0.6202229299363057,0,2,None,66,1,5,False,10,10
49402,197,unweighted,10,0.6248009554140127,0,2,None,66,1,5,False,10,10
49403,198,unweighted,10,0.6279856687898089,0,2,None,66,1,5,False,10,10
49404,199,unweighted,10,0.6305732484076433,0,2,None,66,1,5,False,10,10
49405,195,unweighted,10,0.6228105095541401,0,5,None,66,1,5,False,10,10
49406,196,unweighted,10,0.6233081210191083,0,5,None,66,1,5,False,10,10
49407,197,unweighted,10,0.6243033439490446,0,5,None,66,1,5,False,10,10
49408,198,unweighted,10,0.6257961783439491,0,5,None,66,1,5,False,10,10
49409,199,unweighted,10,0.6266918789808917,0,5,None,66,1,5,False,10,10
49410,195,unweighted,10,0.6687898089171974,0,9,None,66,1,5,False,10,10
49411,196,unweighted,10,0.6714769108280255,0,9,None,66,1,5,False,10,10
49412,197,unweighted,10,0.6734673566878981,0,9,None,66,1,5,False,10,10
49413,198,unweighted,10,0.6751592356687898,0,9,None,66,1,5,False,10,10
49414,199,unweighted,10,0.6762539808917197,0,9,None,66,1,5,False,10,10
49415,195,unweighted,10,0.6232085987261147,0,13,None,66,1,5,False,10,10
49416,196,unweighted,10,0.6277866242038217,0,13,None,66,1,5,False,10,10
49417,197,unweighted,10,0.633359872611465,0,13,None,66,1,5,False,10,10
49418,198,unweighted,10,0.6376393312101911,0,13,None,66,1,5,False,10,10
49419,199,unweighted,10,0.6426154458598726,0,13,None,66,1,5,False,10,10
49420,195,unweighted,10,0.618531050955414,0,8,None,66,1,5,False,10,10
49421,196,unweighted,10,0.6198248407643312,0,8,None,66,1,5,False,10,10
49422,197,unweighted,10,0.6214171974522293,0,8,None,66,1,5,False,10,10
49423,198,unweighted,10,0.6232085987261147,0,8,None,66,1,5,False,10,10
49424,199,unweighted,10,0.6244028662420382,0,8,None,66,1,5,False,10,10
49425,195,unweighted,10,0.6328622611464968,0,21,None,66,1,5,False,10,10
49426,196,unweighted,10,0.6361464968152867,0,21,None,66,1,5,False,10,10
49427,197,unweighted,10,0.640625,0,21,None,66,1,5,False,10,10
49428,198,unweighted,10,0.6451035031847133,0,21,None,66,1,5,False,10,10
49429,199,unweighted,10,0.649781050955414,0,21,None,66,1,5,False,10,10
49430,195,unweighted,10,0.61046974522293,0,28,None,66,1,5,False,10,10
49431,196,unweighted,10,0.6126592356687898,0,28,None,66,1,5,False,10,10
49432,197,unweighted,10,0.6136544585987261,0,28,None,66,1,5,False,10,10
49433,198,unweighted,10,0.6154458598726115,0,28,None,66,1,5,False,10,10
49434,199,unweighted,10,0.6160429936305732,0,28,None,66,1,5,False,10,10
49435,195,unweighted,10,0.6197253184713376,0,29,None,66,1,5,False,10,10
49436,196,unweighted,10,0.6215167197452229,0,29,None,66,1,5,False,10,10
49437,197,unweighted,10,0.6237062101910829,0,29,None,66,1,5,False,10,10
49438,198,unweighted,10,0.6257961783439491,0,29,None,66,1,5,False,10,10
49439,199,unweighted,10,0.6272890127388535,0,29,None,66,1,5,False,10,10
49440,195,unweighted,10,0.4923367834394904,0,31,None,66,1,5,False,10,10
49441,196,unweighted,10,0.5017914012738853,0,31,None,66,1,5,False,10,10
49442,197,unweighted,10,0.5094546178343949,0,31,None,66,1,5,False,10,10
49443,198,unweighted,10,0.5164211783439491,0,31,None,66,1,5,False,10,10
49444,199,unweighted,10,0.5229896496815286,0,31,None,66,1,5,False,10,10
49445,195,unweighted,10,0.6382364649681529,0,24,None,66,1,5,False,10,10
49446,196,unweighted,10,0.6403264331210191,0,24,None,66,1,5,False,10,10
49447,197,unweighted,10,0.6411226114649682,0,24,None,66,1,5,False,10,10
49448,198,unweighted,10,0.6432125796178344,0,24,None,66,1,5,False,10,10
49449,199,unweighted,10,0.6447054140127388,0,24,None,66,1,5,False,10,10
49450,195,unweighted,10,0.6488853503184714,0,23,None,66,1,5,False,10,10
49451,196,unweighted,10,0.6534633757961783,0,23,None,66,1,5,False,10,10
49452,197,unweighted,10,0.6576433121019108,0,23,None,66,1,5,False,10,10
49453,198,unweighted,10,0.6596337579617835,0,23,None,66,1,5,False,10,10
49454,199,unweighted,10,0.6610270700636943,0,23,None,66,1,5,False,10,10
49455,195,unweighted,10,0.622312898089172,0,0,None,66,1,5,False,10,10
49456,196,unweighted,10,0.6243033439490446,0,0,None,66,1,5,False,10,10
49457,197,unweighted,10,0.6266918789808917,0,0,None,66,1,5,False,10,10
49458,198,unweighted,10,0.6282842356687898,0,0,None,66,1,5,False,10,10
49459,199,unweighted,10,0.6298765923566879,0,0,None,66,1,5,False,10,10
49460,195,unweighted,10,0.6257961783439491,0,4,None,66,1,5,False,10,10
49461,196,unweighted,10,0.6266918789808917,0,4,None,66,1,5,False,10,10
49462,197,unweighted,10,0.6279856687898089,0,4,None,66,1,5,False,10,10
49463,198,unweighted,10,0.6298765923566879,0,4,None,66,1,5,False,10,10
49464,199,unweighted,10,0.631468949044586,0,4,None,66,1,5,False,10,10
49465,195,unweighted,10,0.649781050955414,0,20,None,66,1,5,False,10,10
49466,196,unweighted,10,0.6512738853503185,0,20,None,66,1,5,False,10,10
49467,197,unweighted,10,0.6522691082802548,0,20,None,66,1,5,False,10,10
49468,198,unweighted,10,0.6537619426751592,0,20,None,66,1,5,False,10,10
49469,199,unweighted,10,0.6541600318471338,0,20,None,66,1,5,False,10,10
49470,195,unweighted,10,0.6198248407643312,0,3,None,66,1,5,False,10,10
49471,196,unweighted,10,0.6238057324840764,0,3,None,66,1,5,False,10,10
49472,197,unweighted,10,0.6293789808917197,0,3,None,66,1,5,False,10,10
49473,198,unweighted,10,0.636843152866242,0,3,None,66,1,5,False,10,10
49474,199,unweighted,10,0.6432125796178344,0,3,None,66,1,5,False,10,10
49475,195,unweighted,10,0.6256966560509554,0,26,None,66,1,5,False,10,10
49476,196,unweighted,10,0.626890923566879,0,26,None,66,1,5,False,10,10
49477,197,unweighted,10,0.6278861464968153,0,26,None,66,1,5,False,10,10
49478,198,unweighted,10,0.6278861464968153,0,26,None,66,1,5,False,10,10
49479,199,unweighted,10,0.6290804140127388,0,26,None,66,1,5,False,10,10
49480,195,unweighted,10,0.6415207006369427,0,12,None,66,1,5,False,10,10
49481,196,unweighted,10,0.6449044585987261,0,12,None,66,1,5,False,10,10
49482,197,unweighted,10,0.6476910828025477,0,12,None,66,1,5,False,10,10
49483,198,unweighted,10,0.6529657643312102,0,12,None,66,1,5,False,10,10
49484,199,unweighted,10,0.6583399681528662,0,12,None,66,1,5,False,10,10
49485,195,unweighted,10,0.6326632165605095,0,27,None,66,1,5,False,10,10
49486,196,unweighted,10,0.6359474522292994,0,27,None,66,1,5,False,10,10
49487,197,unweighted,10,0.6378383757961783,0,27,None,66,1,5,False,10,10
49488,198,unweighted,10,0.6404259554140127,0,27,None,66,1,5,False,10,10
49489,199,unweighted,10,0.6423168789808917,0,27,None,66,1,5,False,10,10
49490,195,unweighted,10,0.6018113057324841,0,6,None,66,1,5,False,10,10
49491,196,unweighted,10,0.6034036624203821,0,6,None,66,1,5,False,10,10
49492,197,unweighted,10,0.6043988853503185,0,6,None,66,1,5,False,10,10
49493,198,unweighted,10,0.6064888535031847,0,6,None,66,1,5,False,10,10
49494,199,unweighted,10,0.6083797770700637,0,6,None,66,1,5,False,10,10
49495,195,unweighted,10,0.6352507961783439,0,30,None,66,1,5,False,10,10
49496,196,unweighted,10,0.6410230891719745,0,30,None,66,1,5,False,10,10
49497,197,unweighted,10,0.6434116242038217,0,30,None,66,1,5,False,10,10
49498,198,unweighted,10,0.6457006369426752,0,30,None,66,1,5,False,10,10
49499,199,unweighted,10,0.6477906050955414,0,30,None,66,1,5,False,10,10
0,0,degCent,10,0.0997213375796178,0,1,None,66,1,5,False,10,10
1,1,degCent,10,0.1925756369426751,0,1,None,66,1,5,False,10,10
2,2,degCent,10,0.2375597133757961,0,1,None,66,1,5,False,10,10
3,3,degCent,10,0.2704020700636942,0,1,None,66,1,5,False,10,10
4,4,degCent,10,0.2764729299363057,0,1,None,66,1,5,False,10,10
5,0,degCent,10,0.2846337579617834,0,5,None,66,1,5,False,10,10
6,1,degCent,10,0.3250398089171974,0,5,None,66,1,5,False,10,10
7,2,degCent,10,0.2988654458598726,0,5,None,66,1,5,False,10,10
8,3,degCent,10,0.2911027070063694,0,5,None,66,1,5,False,10,10
9,4,degCent,10,0.2953821656050955,0,5,None,66,1,5,False,10,10
10,0,degCent,10,0.1645103503184713,0,2,None,66,1,5,False,10,10
11,1,degCent,10,0.1786425159235669,0,2,None,66,1,5,False,10,10
12,2,degCent,10,0.1806329617834395,0,2,None,66,1,5,False,10,10
13,3,degCent,10,0.1778463375796178,0,2,None,66,1,5,False,10,10
14,4,degCent,10,0.1910828025477707,0,2,None,66,1,5,False,10,10
15,0,degCent,10,0.2749800955414013,0,13,None,66,1,5,False,10,10
16,1,degCent,10,0.3424562101910828,0,13,None,66,1,5,False,10,10
17,2,degCent,10,0.4236664012738853,0,13,None,66,1,5,False,10,10
18,3,degCent,10,0.4340167197452229,0,13,None,66,1,5,False,10,10
19,4,degCent,10,0.4319267515923566,0,13,None,66,1,5,False,10,10
20,0,degCent,10,0.0995222929936305,0,10,None,66,1,5,False,10,10
21,1,degCent,10,0.0995222929936305,0,10,None,66,1,5,False,10,10
22,2,degCent,10,0.0995222929936305,0,10,None,66,1,5,False,10,10
23,3,degCent,10,0.0995222929936305,0,10,None,66,1,5,False,10,10
24,4,degCent,10,0.0995222929936305,0,10,None,66,1,5,False,10,10
25,0,degCent,10,0.0996218152866242,0,15,None,66,1,5,False,10,10
26,1,degCent,10,0.1008160828025477,0,15,None,66,1,5,False,10,10
27,2,degCent,10,0.1308718152866242,0,15,None,66,1,5,False,10,10
28,3,degCent,10,0.2034235668789809,0,15,None,66,1,5,False,10,10
29,4,degCent,10,0.2498009554140127,0,15,None,66,1,5,False,10,10
30,0,degCent,10,0.1930732484076433,0,11,None,66,1,5,False,10,10
31,1,degCent,10,0.2386544585987261,0,11,None,66,1,5,False,10,10
32,2,degCent,10,0.2342754777070063,0,11,None,66,1,5,False,10,10
33,3,degCent,10,0.2471138535031847,0,11,None,66,1,5,False,10,10
34,4,degCent,10,0.252687101910828,0,11,None,66,1,5,False,10,10
35,0,degCent,10,0.1826234076433121,0,20,None,66,1,5,False,10,10
36,1,degCent,10,0.1992436305732484,0,20,None,66,1,5,False,10,10
37,2,degCent,10,0.2152667197452229,0,20,None,66,1,5,False,10,10
38,3,degCent,10,0.2401472929936305,0,20,None,66,1,5,False,10,10
39,4,degCent,10,0.2816480891719745,0,20,None,66,1,5,False,10,10
40,0,degCent,10,0.1961584394904458,0,8,None,66,1,5,False,10,10
41,1,degCent,10,0.2960788216560509,0,8,None,66,1,5,False,10,10
42,2,degCent,10,0.3085191082802547,0,8,None,66,1,5,False,10,10
43,3,degCent,10,0.2785628980891719,0,8,None,66,1,5,False,10,10
44,4,degCent,10,0.2520899681528662,0,8,None,66,1,5,False,10,10
45,0,degCent,10,0.206608280254777,0,19,None,66,1,5,False,10,10
46,1,degCent,10,0.2573646496815286,0,19,None,66,1,5,False,10,10
47,2,degCent,10,0.2670183121019108,0,19,None,66,1,5,False,10,10
48,3,degCent,10,0.2765724522292994,0,19,None,66,1,5,False,10,10
49,4,degCent,10,0.2914012738853503,0,19,None,66,1,5,False,10,10
50,0,degCent,10,0.2092953821656051,0,17,None,66,1,5,False,10,10
51,1,degCent,10,0.2787619426751592,0,17,None,66,1,5,False,10,10
52,2,degCent,10,0.2840366242038216,0,17,None,66,1,5,False,10,10
53,3,degCent,10,0.2967754777070063,0,17,None,66,1,5,False,10,10
54,4,degCent,10,0.2973726114649681,0,17,None,66,1,5,False,10,10
55,0,degCent,10,0.1528662420382165,0,21,None,66,1,5,False,10,10
56,1,degCent,10,0.2004378980891719,0,21,None,66,1,5,False,10,10
57,2,degCent,10,0.2133757961783439,0,21,None,66,1,5,False,10,10
58,3,degCent,10,0.226811305732484,0,21,None,66,1,5,False,10,10
59,4,degCent,10,0.2349721337579617,0,21,None,66,1,5,False,10,10
60,0,degCent,10,0.1848128980891719,0,26,None,66,1,5,False,10,10
61,1,degCent,10,0.1258957006369426,0,26,None,66,1,5,False,10,10
62,2,degCent,10,0.1070859872611465,0,26,None,66,1,5,False,10,10
63,3,degCent,10,0.1108678343949044,0,26,None,66,1,5,False,10,10
64,4,degCent,10,0.1350517515923567,0,26,None,66,1,5,False,10,10
65,0,degCent,10,0.0998208598726114,0,12,None,66,1,5,False,10,10
66,1,degCent,10,0.0996218152866242,0,12,None,66,1,5,False,10,10
67,2,degCent,10,0.1012141719745222,0,12,None,66,1,5,False,10,10
68,3,degCent,10,0.1171377388535031,0,12,None,66,1,5,False,10,10
69,4,degCent,10,0.1429140127388535,0,12,None,66,1,5,False,10,10
70,0,degCent,10,0.1963574840764331,0,24,None,66,1,5,False,10,10
71,1,degCent,10,0.2824442675159235,0,24,None,66,1,5,False,10,10
72,2,degCent,10,0.3256369426751592,0,24,None,66,1,5,False,10,10
73,3,degCent,10,0.3523089171974522,0,24,None,66,1,5,False,10,10
74,4,degCent,10,0.3561902866242038,0,24,None,66,1,5,False,10,10
75,0,degCent,10,0.1885947452229299,0,28,None,66,1,5,False,10,10
76,1,degCent,10,0.1984474522292993,0,28,None,66,1,5,False,10,10
77,2,degCent,10,0.2204418789808917,0,28,None,66,1,5,False,10,10
78,3,degCent,10,0.2330812101910828,0,28,None,66,1,5,False,10,10
79,4,degCent,10,0.2421377388535031,0,28,None,66,1,5,False,10,10
80,0,degCent,10,0.2993630573248407,0,30,None,66,1,5,False,10,10
81,1,degCent,10,0.2888136942675159,0,30,None,66,1,5,False,10,10
82,2,degCent,10,0.274781050955414,0,30,None,66,1,5,False,10,10
83,3,degCent,10,0.2813495222929936,0,30,None,66,1,5,False,10,10
84,4,degCent,10,0.2870222929936306,0,30,None,66,1,5,False,10,10
85,0,degCent,10,0.1280851910828025,0,18,None,66,1,5,False,10,10
86,1,degCent,10,0.1906847133757961,0,18,None,66,1,5,False,10,10
87,2,degCent,10,0.1972531847133758,0,18,None,66,1,5,False,10,10
88,3,degCent,10,0.2083996815286624,0,18,None,66,1,5,False,10,10
89,4,degCent,10,0.2205414012738853,0,18,None,66,1,5,False,10,10
90,0,degCent,10,0.0995222929936305,0,27,None,66,1,5,False,10,10
91,1,degCent,10,0.0995222929936305,0,27,None,66,1,5,False,10,10
92,2,degCent,10,0.0995222929936305,0,27,None,66,1,5,False,10,10
93,3,degCent,10,0.0995222929936305,0,27,None,66,1,5,False,10,10
94,4,degCent,10,0.0995222929936305,0,27,None,66,1,5,False,10,10
95,0,degCent,10,0.2021297770700637,0,31,None,66,1,5,False,10,10
96,1,degCent,10,0.2932921974522293,0,31,None,66,1,5,False,10,10
97,2,degCent,10,0.25,0,31,None,66,1,5,False,10,10
98,3,degCent,10,0.2401472929936305,0,31,None,66,1,5,False,10,10
99,4,degCent,10,0.2465167197452229,0,31,None,66,1,5,False,10,10
100,0,degCent,10,0.1339570063694267,0,32,None,66,1,5,False,10,10
101,1,degCent,10,0.1627189490445859,0,32,None,66,1,5,False,10,10
102,2,degCent,10,0.1998407643312102,0,32,None,66,1,5,False,10,10
103,3,degCent,10,0.1995421974522293,0,32,None,66,1,5,False,10,10
104,4,degCent,10,0.192874203821656,0,32,None,66,1,5,False,10,10
105,0,degCent,10,0.2257165605095541,0,7,None,66,1,5,False,10,10
106,1,degCent,10,0.2788614649681528,0,7,None,66,1,5,False,10,10
107,2,degCent,10,0.3689291401273885,0,7,None,66,1,5,False,10,10
108,3,degCent,10,0.4241640127388535,0,7,None,66,1,5,False,10,10
109,4,degCent,10,0.4419785031847134,0,7,None,66,1,5,False,10,10
110,0,degCent,10,0.1950636942675159,0,16,None,66,1,5,False,10,10
111,1,degCent,10,0.2573646496815286,0,16,None,66,1,5,False,10,10
112,2,degCent,10,0.2735867834394904,0,16,None,66,1,5,False,10,10
113,3,degCent,10,0.2897093949044586,0,16,None,66,1,5,False,10,10
114,4,degCent,10,0.3076234076433121,0,16,None,66,1,5,False,10,10
115,0,degCent,10,0.0995222929936305,0,6,None,66,1,5,False,10,10
116,1,degCent,10,0.0995222929936305,0,6,None,66,1,5,False,10,10
117,2,degCent,10,0.0995222929936305,0,6,None,66,1,5,False,10,10
118,3,degCent,10,0.0995222929936305,0,6,None,66,1,5,False,10,10
119,4,degCent,10,0.0996218152866242,0,6,None,66,1,5,False,10,10
120,0,degCent,10,0.0995222929936305,0,9,None,66,1,5,False,10,10
121,1,degCent,10,0.0995222929936305,0,9,None,66,1,5,False,10,10
122,2,degCent,10,0.1086783439490445,0,9,None,66,1,5,False,10,10
123,3,degCent,10,0.1545581210191083,0,9,None,66,1,5,False,10,10
124,4,degCent,10,0.181031050955414,0,9,None,66,1,5,False,10,10
125,0,degCent,10,0.1720740445859872,0,25,None,66,1,5,False,10,10
126,1,degCent,10,0.1518710191082802,0,25,None,66,1,5,False,10,10
127,2,degCent,10,0.1294785031847133,0,25,None,66,1,5,False,10,10
128,3,degCent,10,0.112858280254777,0,25,None,66,1,5,False,10,10
129,4,degCent,10,0.1058917197452229,0,25,None,66,1,5,False,10,10
130,0,degCent,10,0.1500796178343949,0,3,None,66,1,5,False,10,10
131,1,degCent,10,0.1413216560509554,0,3,None,66,1,5,False,10,10
132,2,degCent,10,0.1466958598726114,0,3,None,66,1,5,False,10,10
133,3,degCent,10,0.1152468152866242,0,3,None,66,1,5,False,10,10
134,4,degCent,10,0.1178343949044586,0,3,None,66,1,5,False,10,10
135,0,degCent,10,0.1529657643312102,0,29,None,66,1,5,False,10,10
136,1,degCent,10,0.1659036624203821,0,29,None,66,1,5,False,10,10
137,2,degCent,10,0.1245023885350318,0,29,None,66,1,5,False,10,10
138,3,degCent,10,0.1028065286624203,0,29,None,66,1,5,False,10,10
139,4,degCent,10,0.101811305732484,0,29,None,66,1,5,False,10,10
140,0,degCent,10,0.1058917197452229,0,22,None,66,1,5,False,10,10
141,1,degCent,10,0.1229100318471337,0,22,None,66,1,5,False,10,10
142,2,degCent,10,0.1460987261146497,0,22,None,66,1,5,False,10,10
143,3,degCent,10,0.1903861464968153,0,22,None,66,1,5,False,10,10
144,4,degCent,10,0.2458200636942675,0,22,None,66,1,5,False,10,10
145,0,degCent,10,0.3460390127388535,0,14,None,66,1,5,False,10,10
146,1,degCent,10,0.3347929936305732,0,14,None,66,1,5,False,10,10
147,2,degCent,10,0.2694068471337579,0,14,None,66,1,5,False,10,10
148,3,degCent,10,0.2237261146496815,0,14,None,66,1,5,False,10,10
149,4,degCent,10,0.2211385350318471,0,14,None,66,1,5,False,10,10
150,0,degCent,10,0.1000199044585987,0,0,None,66,1,5,False,10,10
151,1,degCent,10,0.1172372611464968,0,0,None,66,1,5,False,10,10
152,2,degCent,10,0.1997412420382165,0,0,None,66,1,5,False,10,10
153,3,degCent,10,0.2411425159235669,0,0,None,66,1,5,False,10,10
154,4,degCent,10,0.2584593949044586,0,0,None,66,1,5,False,10,10
155,0,degCent,10,0.1738654458598726,0,4,None,66,1,5,False,10,10
156,1,degCent,10,0.1205214968152866,0,4,None,66,1,5,False,10,10
157,2,degCent,10,0.0995222929936305,0,4,None,66,1,5,False,10,10
158,3,degCent,10,0.1022093949044586,0,4,None,66,1,5,False,10,10
159,4,degCent,10,0.1199243630573248,0,4,None,66,1,5,False,10,10
160,0,degCent,10,0.1504777070063694,0,23,None,66,1,5,False,10,10
161,1,degCent,10,0.0995222929936305,0,23,None,66,1,5,False,10,10
162,2,degCent,10,0.0995222929936305,0,23,None,66,1,5,False,10,10
163,3,degCent,10,0.0995222929936305,0,23,None,66,1,5,False,10,10
164,4,degCent,10,0.1329617834394904,0,23,None,66,1,5,False,10,10
165,5,degCent,10,0.1735668789808917,0,17,None,66,1,5,False,10,10
166,6,degCent,10,0.2394506369426751,0,17,None,66,1,5,False,10,10
167,7,degCent,10,0.3338972929936306,0,17,None,66,1,5,False,10,10
168,8,degCent,10,0.3260350318471338,0,17,None,66,1,5,False,10,10
169,9,degCent,10,0.3127985668789809,0,17,None,66,1,5,False,10,10
170,5,degCent,10,0.1294785031847133,0,25,None,66,1,5,False,10,10
171,6,degCent,10,0.0995222929936305,0,25,None,66,1,5,False,10,10
172,7,degCent,10,0.0995222929936305,0,25,None,66,1,5,False,10,10
173,8,degCent,10,0.0995222929936305,0,25,None,66,1,5,False,10,10
174,9,degCent,10,0.0995222929936305,0,25,None,66,1,5,False,10,10
175,5,degCent,10,0.1812300955414012,0,24,None,66,1,5,False,10,10
176,6,degCent,10,0.1848128980891719,0,24,None,66,1,5,False,10,10
177,7,degCent,10,0.1866042993630573,0,24,None,66,1,5,False,10,10
178,8,degCent,10,0.1876990445859872,0,24,None,66,1,5,False,10,10
179,9,degCent,10,0.1934713375796178,0,24,None,66,1,5,False,10,10
180,5,degCent,10,0.1258957006369426,0,31,None,66,1,5,False,10,10
181,6,degCent,10,0.0995222929936305,0,31,None,66,1,5,False,10,10
182,7,degCent,10,0.0995222929936305,0,31,None,66,1,5,False,10,10
183,8,degCent,10,0.0995222929936305,0,31,None,66,1,5,False,10,10
184,9,degCent,10,0.0995222929936305,0,31,None,66,1,5,False,10,10
185,5,degCent,10,0.2492038216560509,0,1,None,66,1,5,False,10,10
186,6,degCent,10,0.2821457006369426,0,1,None,66,1,5,False,10,10
187,7,degCent,10,0.276671974522293,0,1,None,66,1,5,False,10,10
188,8,degCent,10,0.2894108280254777,0,1,None,66,1,5,False,10,10
189,9,degCent,10,0.3562898089171974,0,1,None,66,1,5,False,10,10
190,5,degCent,10,0.0995222929936305,0,2,None,66,1,5,False,10,10
191,6,degCent,10,0.0995222929936305,0,2,None,66,1,5,False,10,10
192,7,degCent,10,0.0995222929936305,0,2,None,66,1,5,False,10,10
193,8,degCent,10,0.0995222929936305,0,2,None,66,1,5,False,10,10
194,9,degCent,10,0.0995222929936305,0,2,None,66,1,5,False,10,10
195,5,degCent,10,0.0995222929936305,0,9,None,66,1,5,False,10,10
196,6,degCent,10,0.0995222929936305,0,9,None,66,1,5,False,10,10
197,7,degCent,10,0.0995222929936305,0,9,None,66,1,5,False,10,10
198,8,degCent,10,0.0995222929936305,0,9,None,66,1,5,False,10,10
199,9,degCent,10,0.0995222929936305,0,9,None,66,1,5,False,10,10
200,5,degCent,10,0.2708996815286624,0,13,None,66,1,5,False,10,10
201,6,degCent,10,0.2700039808917197,0,13,None,66,1,5,False,10,10
202,7,degCent,10,0.3319068471337579,0,13,None,66,1,5,False,10,10
203,8,degCent,10,0.3277269108280254,0,13,None,66,1,5,False,10,10
204,9,degCent,10,0.2862261146496815,0,13,None,66,1,5,False,10,10
205,5,degCent,10,0.2321855095541401,0,21,None,66,1,5,False,10,10
206,6,degCent,10,0.190983280254777,0,21,None,66,1,5,False,10,10
207,7,degCent,10,0.1935708598726114,0,21,None,66,1,5,False,10,10
208,8,degCent,10,0.1957603503184713,0,21,None,66,1,5,False,10,10
209,9,degCent,10,0.2215366242038216,0,21,None,66,1,5,False,10,10
210,5,degCent,10,0.1056926751592356,0,23,None,66,1,5,False,10,10
211,6,degCent,10,0.1606289808917197,0,23,None,66,1,5,False,10,10
212,7,degCent,10,0.1008160828025477,0,23,None,66,1,5,False,10,10
213,8,degCent,10,0.1096735668789808,0,23,None,66,1,5,False,10,10
214,9,degCent,10,0.1309713375796178,0,23,None,66,1,5,False,10,10
215,5,degCent,10,0.152468152866242,0,28,None,66,1,5,False,10,10
216,6,degCent,10,0.2536823248407643,0,28,None,66,1,5,False,10,10
217,7,degCent,10,0.315983280254777,0,28,None,66,1,5,False,10,10
218,8,degCent,10,0.2888136942675159,0,28,None,66,1,5,False,10,10
219,9,degCent,10,0.276671974522293,0,28,None,66,1,5,False,10,10
220,5,degCent,10,0.2660230891719745,0,27,None,66,1,5,False,10,10
221,6,degCent,10,0.2900079617834395,0,27,None,66,1,5,False,10,10
222,7,degCent,10,0.2483081210191083,0,27,None,66,1,5,False,10,10
223,8,degCent,10,0.2338773885350318,0,27,None,66,1,5,False,10,10
224,9,degCent,10,0.238953025477707,0,27,None,66,1,5,False,10,10
225,5,degCent,10,0.2808519108280254,0,29,None,66,1,5,False,10,10
226,6,degCent,10,0.3332006369426751,0,29,None,66,1,5,False,10,10
227,7,degCent,10,0.3309116242038216,0,29,None,66,1,5,False,10,10
228,8,degCent,10,0.2804538216560509,0,29,None,66,1,5,False,10,10
229,9,degCent,10,0.3163813694267516,0,29,None,66,1,5,False,10,10
230,5,degCent,10,0.1986464968152866,0,11,None,66,1,5,False,10,10
231,6,degCent,10,0.2962778662420382,0,11,None,66,1,5,False,10,10
232,7,degCent,10,0.3457404458598726,0,11,None,66,1,5,False,10,10
233,8,degCent,10,0.3541998407643312,0,11,None,66,1,5,False,10,10
234,9,degCent,10,0.344546178343949,0,11,None,66,1,5,False,10,10
235,5,degCent,10,0.0995222929936305,0,10,None,66,1,5,False,10,10
236,6,degCent,10,0.0995222929936305,0,10,None,66,1,5,False,10,10
237,7,degCent,10,0.0995222929936305,0,10,None,66,1,5,False,10,10
238,8,degCent,10,0.0995222929936305,0,10,None,66,1,5,False,10,10
239,9,degCent,10,0.0995222929936305,0,10,None,66,1,5,False,10,10
240,5,degCent,10,0.2062101910828025,0,15,None,66,1,5,False,10,10
241,6,degCent,10,0.3215565286624204,0,15,None,66,1,5,False,10,10
242,7,degCent,10,0.3599721337579618,0,15,None,66,1,5,False,10,10
243,8,degCent,10,0.3640525477707006,0,15,None,66,1,5,False,10,10
244,9,degCent,10,0.360171178343949,0,15,None,66,1,5,False,10,10
245,5,degCent,10,0.0995222929936305,0,26,None,66,1,5,False,10,10
246,6,degCent,10,0.1580414012738853,0,26,None,66,1,5,False,10,10
247,7,degCent,10,0.2080015923566879,0,26,None,66,1,5,False,10,10
248,8,degCent,10,0.2421377388535031,0,26,None,66,1,5,False,10,10
249,9,degCent,10,0.2356687898089172,0,26,None,66,1,5,False,10,10
250,5,degCent,10,0.0995222929936305,0,30,None,66,1,5,False,10,10
251,6,degCent,10,0.0995222929936305,0,30,None,66,1,5,False,10,10
252,7,degCent,10,0.0995222929936305,0,30,None,66,1,5,False,10,10
253,8,degCent,10,0.0995222929936305,0,30,None,66,1,5,False,10,10
254,9,degCent,10,0.1004179936305732,0,30,None,66,1,5,False,10,10
255,5,degCent,10,0.0995222929936305,0,12,None,66,1,5,False,10,10
256,6,degCent,10,0.0995222929936305,0,12,None,66,1,5,False,10,10
257,7,degCent,10,0.0995222929936305,0,12,None,66,1,5,False,10,10
258,8,degCent,10,0.1003184713375796,0,12,None,66,1,5,False,10,10
259,9,degCent,10,0.1155453821656051,0,12,None,66,1,5,False,10,10
260,5,degCent,10,0.0995222929936305,0,14,None,66,1,5,False,10,10
261,6,degCent,10,0.0995222929936305,0,14,None,66,1,5,False,10,10
262,7,degCent,10,0.0995222929936305,0,14,None,66,1,5,False,10,10
263,8,degCent,10,0.0995222929936305,0,14,None,66,1,5,False,10,10
264,9,degCent,10,0.0995222929936305,0,14,None,66,1,5,False,10,10
265,5,degCent,10,0.1476910828025477,0,22,None,66,1,5,False,10,10
266,6,degCent,10,0.2074044585987261,0,22,None,66,1,5,False,10,10
267,7,degCent,10,0.230593152866242,0,22,None,66,1,5,False,10,10
268,8,degCent,10,0.2473128980891719,0,22,None,66,1,5,False,10,10
269,9,degCent,10,0.2480095541401273,0,22,None,66,1,5,False,10,10
270,5,degCent,10,0.1564490445859872,0,7,None,66,1,5,False,10,10
271,6,degCent,10,0.1768511146496815,0,7,None,66,1,5,False,10,10
272,7,degCent,10,0.2179538216560509,0,7,None,66,1,5,False,10,10
273,8,degCent,10,0.2441281847133758,0,7,None,66,1,5,False,10,10
274,9,degCent,10,0.2544785031847134,0,7,None,66,1,5,False,10,10
275,5,degCent,10,0.2337778662420382,0,32,None,66,1,5,False,10,10
276,6,degCent,10,0.1820262738853503,0,32,None,66,1,5,False,10,10
277,7,degCent,10,0.1385350318471337,0,32,None,66,1,5,False,10,10
278,8,degCent,10,0.1373407643312102,0,32,None,66,1,5,False,10,10
279,9,degCent,10,0.1465963375796178,0,32,None,66,1,5,False,10,10
280,5,degCent,10,0.0995222929936305,0,5,None,66,1,5,False,10,10
281,6,degCent,10,0.1141520700636942,0,5,None,66,1,5,False,10,10
282,7,degCent,10,0.1821257961783439,0,5,None,66,1,5,False,10,10
283,8,degCent,10,0.1811305732484076,0,5,None,66,1,5,False,10,10
284,9,degCent,10,0.1470939490445859,0,5,None,66,1,5,False,10,10
285,5,degCent,10,0.0995222929936305,0,6,None,66,1,5,False,10,10
286,6,degCent,10,0.0995222929936305,0,6,None,66,1,5,False,10,10
287,7,degCent,10,0.0995222929936305,0,6,None,66,1,5,False,10,10
288,8,degCent,10,0.0995222929936305,0,6,None,66,1,5,False,10,10
289,9,degCent,10,0.0995222929936305,0,6,None,66,1,5,False,10,10
290,5,degCent,10,0.1500796178343949,0,20,None,66,1,5,False,10,10
291,6,degCent,10,0.1927746815286624,0,20,None,66,1,5,False,10,10
292,7,degCent,10,0.2500995222929936,0,20,None,66,1,5,False,10,10
293,8,degCent,10,0.2264132165605095,0,20,None,66,1,5,False,10,10
294,9,degCent,10,0.2024283439490445,0,20,None,66,1,5,False,10,10
295,5,degCent,10,0.0995222929936305,0,3,None,66,1,5,False,10,10
296,6,degCent,10,0.0995222929936305,0,3,None,66,1,5,False,10,10
297,7,degCent,10,0.0995222929936305,0,3,None,66,1,5,False,10,10
298,8,degCent,10,0.0995222929936305,0,3,None,66,1,5,False,10,10
299,9,degCent,10,0.0995222929936305,0,3,None,66,1,5,False,10,10
300,5,degCent,10,0.0995222929936305,0,4,None,66,1,5,False,10,10
301,6,degCent,10,0.1844148089171974,0,4,None,66,1,5,False,10,10
302,7,degCent,10,0.1702826433121019,0,4,None,66,1,5,False,10,10
303,8,degCent,10,0.1207205414012738,0,4,None,66,1,5,False,10,10
304,9,degCent,10,0.0995222929936305,0,4,None,66,1,5,False,10,10
305,5,degCent,10,0.2361664012738853,0,8,None,66,1,5,False,10,10
306,6,degCent,10,0.2291003184713375,0,8,None,66,1,5,False,10,10
307,7,degCent,10,0.2161624203821656,0,8,None,66,1,5,False,10,10
308,8,degCent,10,0.2083001592356688,0,8,None,66,1,5,False,10,10
309,9,degCent,10,0.203921178343949,0,8,None,66,1,5,False,10,10
310,5,degCent,10,0.1033041401273885,0,0,None,66,1,5,False,10,10
311,6,degCent,10,0.1086783439490445,0,0,None,66,1,5,False,10,10
312,7,degCent,10,0.1129578025477707,0,0,None,66,1,5,False,10,10
313,8,degCent,10,0.1198248407643312,0,0,None,66,1,5,False,10,10
314,9,degCent,10,0.13953025477707,0,0,None,66,1,5,False,10,10
315,5,degCent,10,0.0995222929936305,0,16,None,66,1,5,False,10,10
316,6,degCent,10,0.0995222929936305,0,16,None,66,1,5,False,10,10
317,7,degCent,10,0.0995222929936305,0,16,None,66,1,5,False,10,10
318,8,degCent,10,0.0995222929936305,0,16,None,66,1,5,False,10,10
319,9,degCent,10,0.1079816878980891,0,16,None,66,1,5,False,10,10
320,5,degCent,10,0.0995222929936305,0,19,None,66,1,5,False,10,10
321,6,degCent,10,0.0995222929936305,0,19,None,66,1,5,False,10,10
322,7,degCent,10,0.0995222929936305,0,19,None,66,1,5,False,10,10
323,8,degCent,10,0.0995222929936305,0,19,None,66,1,5,False,10,10
324,9,degCent,10,0.0995222929936305,0,19,None,66,1,5,False,10,10
325,5,degCent,10,0.2068073248407643,0,18,None,66,1,5,False,10,10
326,6,degCent,10,0.2854299363057325,0,18,None,66,1,5,False,10,10
327,7,degCent,10,0.3323049363057325,0,18,None,66,1,5,False,10,10
328,8,degCent,10,0.2945859872611465,0,18,None,66,1,5,False,10,10
329,9,degCent,10,0.2735867834394904,0,18,None,66,1,5,False,10,10
330,10,degCent,10,0.0995222929936305,0,22,None,66,1,5,False,10,10
331,11,degCent,10,0.1510748407643312,0,22,None,66,1,5,False,10,10
332,12,degCent,10,0.1840167197452229,0,22,None,66,1,5,False,10,10
333,13,degCent,10,0.1899880573248407,0,22,None,66,1,5,False,10,10
334,14,degCent,10,0.1813296178343949,0,22,None,66,1,5,False,10,10
335,10,degCent,10,0.1224124203821656,0,23,None,66,1,5,False,10,10
336,11,degCent,10,0.1560509554140127,0,23,None,66,1,5,False,10,10
337,12,degCent,10,0.1754578025477707,0,23,None,66,1,5,False,10,10
338,13,degCent,10,0.175358280254777,0,23,None,66,1,5,False,10,10
339,14,degCent,10,0.1256966560509554,0,23,None,66,1,5,False,10,10
340,10,degCent,10,0.1803343949044586,0,8,None,66,1,5,False,10,10
341,11,degCent,10,0.1906847133757961,0,8,None,66,1,5,False,10,10
342,12,degCent,10,0.1938694267515923,0,8,None,66,1,5,False,10,10
343,13,degCent,10,0.1951632165605095,0,8,None,66,1,5,False,10,10
344,14,degCent,10,0.1956608280254777,0,8,None,66,1,5,False,10,10
345,10,degCent,10,0.2015326433121019,0,1,None,66,1,5,False,10,10
346,11,degCent,10,0.2021297770700637,0,1,None,66,1,5,False,10,10
347,12,degCent,10,0.2034235668789809,0,1,None,66,1,5,False,10,10
348,13,degCent,10,0.2366640127388535,0,1,None,66,1,5,False,10,10
349,14,degCent,10,0.2548765923566879,0,1,None,66,1,5,False,10,10
350,10,degCent,10,0.0995222929936305,0,2,None,66,1,5,False,10,10
351,11,degCent,10,0.0995222929936305,0,2,None,66,1,5,False,10,10
352,12,degCent,10,0.0995222929936305,0,2,None,66,1,5,False,10,10
353,13,degCent,10,0.0995222929936305,0,2,None,66,1,5,False,10,10
354,14,degCent,10,0.0995222929936305,0,2,None,66,1,5,False,10,10
355,10,degCent,10,0.1790406050955414,0,5,None,66,1,5,False,10,10
356,11,degCent,10,0.1959593949044586,0,5,None,66,1,5,False,10,10
357,12,degCent,10,0.1862062101910828,0,5,None,66,1,5,False,10,10
358,13,degCent,10,0.1552547770700637,0,5,None,66,1,5,False,10,10
359,14,degCent,10,0.1027070063694267,0,5,None,66,1,5,False,10,10
360,10,degCent,10,0.1138535031847133,0,10,None,66,1,5,False,10,10
361,11,degCent,10,0.0995222929936305,0,10,None,66,1,5,False,10,10
362,12,degCent,10,0.0995222929936305,0,10,None,66,1,5,False,10,10
363,13,degCent,10,0.0995222929936305,0,10,None,66,1,5,False,10,10
364,14,degCent,10,0.0995222929936305,0,10,None,66,1,5,False,10,10
365,10,degCent,10,0.0995222929936305,0,15,None,66,1,5,False,10,10
366,11,degCent,10,0.10828025477707,0,15,None,66,1,5,False,10,10
367,12,degCent,10,0.1827229299363057,0,15,None,66,1,5,False,10,10
368,13,degCent,10,0.2068073248407643,0,15,None,66,1,5,False,10,10
369,14,degCent,10,0.2856289808917197,0,15,None,66,1,5,False,10,10
370,10,degCent,10,0.0996218152866242,0,11,None,66,1,5,False,10,10
371,11,degCent,10,0.1683917197452229,0,11,None,66,1,5,False,10,10
372,12,degCent,10,0.1958598726114649,0,11,None,66,1,5,False,10,10
373,13,degCent,10,0.24890525477707,0,11,None,66,1,5,False,10,10
374,14,degCent,10,0.283937101910828,0,11,None,66,1,5,False,10,10
375,10,degCent,10,0.0995222929936305,0,17,None,66,1,5,False,10,10
376,11,degCent,10,0.0995222929936305,0,17,None,66,1,5,False,10,10
377,12,degCent,10,0.0995222929936305,0,17,None,66,1,5,False,10,10
378,13,degCent,10,0.0996218152866242,0,17,None,66,1,5,False,10,10
379,14,degCent,10,0.1075835987261146,0,17,None,66,1,5,False,10,10
380,10,degCent,10,0.0995222929936305,0,20,None,66,1,5,False,10,10
381,11,degCent,10,0.0995222929936305,0,20,None,66,1,5,False,10,10
382,12,degCent,10,0.1020103503184713,0,20,None,66,1,5,False,10,10
383,13,degCent,10,0.1159434713375796,0,20,None,66,1,5,False,10,10
384,14,degCent,10,0.1321656050955414,0,20,None,66,1,5,False,10,10
385,10,degCent,10,0.0995222929936305,0,14,None,66,1,5,False,10,10
386,11,degCent,10,0.0995222929936305,0,14,None,66,1,5,False,10,10
387,12,degCent,10,0.0995222929936305,0,14,None,66,1,5,False,10,10
388,13,degCent,10,0.0995222929936305,0,14,None,66,1,5,False,10,10
389,14,degCent,10,0.0995222929936305,0,14,None,66,1,5,False,10,10
390,10,degCent,10,0.1407245222929936,0,21,None,66,1,5,False,10,10
391,11,degCent,10,0.13953025477707,0,21,None,66,1,5,False,10,10
392,12,degCent,10,0.1506767515923567,0,21,None,66,1,5,False,10,10
393,13,degCent,10,0.1614251592356688,0,21,None,66,1,5,False,10,10
394,14,degCent,10,0.1714769108280254,0,21,None,66,1,5,False,10,10
395,10,degCent,10,0.0995222929936305,0,19,None,66,1,5,False,10,10
396,11,degCent,10,0.0995222929936305,0,19,None,66,1,5,False,10,10
397,12,degCent,10,0.0995222929936305,0,19,None,66,1,5,False,10,10
398,13,degCent,10,0.0995222929936305,0,19,None,66,1,5,False,10,10
399,14,degCent,10,0.0995222929936305,0,19,None,66,1,5,False,10,10
400,10,degCent,10,0.3277269108280254,0,24,None,66,1,5,False,10,10
401,11,degCent,10,0.3321058917197452,0,24,None,66,1,5,False,10,10
402,12,degCent,10,0.3339968152866242,0,24,None,66,1,5,False,10,10
403,13,degCent,10,0.3706210191082802,0,24,None,66,1,5,False,10,10
404,14,degCent,10,0.3633558917197452,0,24,None,66,1,5,False,10,10
405,10,degCent,10,0.0995222929936305,0,30,None,66,1,5,False,10,10
406,11,degCent,10,0.0995222929936305,0,30,None,66,1,5,False,10,10
407,12,degCent,10,0.0995222929936305,0,30,None,66,1,5,False,10,10
408,13,degCent,10,0.0995222929936305,0,30,None,66,1,5,False,10,10
409,14,degCent,10,0.0995222929936305,0,30,None,66,1,5,False,10,10
410,10,degCent,10,0.1544585987261146,0,28,None,66,1,5,False,10,10
411,11,degCent,10,0.1898885350318471,0,28,None,66,1,5,False,10,10
412,12,degCent,10,0.2459195859872611,0,28,None,66,1,5,False,10,10
413,13,degCent,10,0.3315087579617834,0,28,None,66,1,5,False,10,10
414,14,degCent,10,0.2869227707006369,0,28,None,66,1,5,False,10,10
415,10,degCent,10,0.0995222929936305,0,9,None,66,1,5,False,10,10
416,11,degCent,10,0.0995222929936305,0,9,None,66,1,5,False,10,10
417,12,degCent,10,0.0995222929936305,0,9,None,66,1,5,False,10,10
418,13,degCent,10,0.0995222929936305,0,9,None,66,1,5,False,10,10
419,14,degCent,10,0.0995222929936305,0,9,None,66,1,5,False,10,10
420,10,degCent,10,0.2328821656050955,0,29,None,66,1,5,False,10,10
421,11,degCent,10,0.2431329617834395,0,29,None,66,1,5,False,10,10
422,12,degCent,10,0.2482085987261146,0,29,None,66,1,5,False,10,10
423,13,degCent,10,0.17078025477707,0,29,None,66,1,5,False,10,10
424,14,degCent,10,0.0997213375796178,0,29,None,66,1,5,False,10,10
425,10,degCent,10,0.1000199044585987,0,0,None,66,1,5,False,10,10
426,11,degCent,10,0.1062898089171974,0,0,None,66,1,5,False,10,10
427,12,degCent,10,0.1347531847133758,0,0,None,66,1,5,False,10,10
428,13,degCent,10,0.1694864649681528,0,0,None,66,1,5,False,10,10
429,14,degCent,10,0.1978503184713375,0,0,None,66,1,5,False,10,10
430,10,degCent,10,0.1388335987261146,0,16,None,66,1,5,False,10,10
431,11,degCent,10,0.1275875796178344,0,16,None,66,1,5,False,10,10
432,12,degCent,10,0.1515724522292993,0,16,None,66,1,5,False,10,10
433,13,degCent,10,0.1759554140127388,0,16,None,66,1,5,False,10,10
434,14,degCent,10,0.1875995222929936,0,16,None,66,1,5,False,10,10
435,10,degCent,10,0.0995222929936305,0,7,None,66,1,5,False,10,10
436,11,degCent,10,0.0995222929936305,0,7,None,66,1,5,False,10,10
437,12,degCent,10,0.0995222929936305,0,7,None,66,1,5,False,10,10
438,13,degCent,10,0.0996218152866242,0,7,None,66,1,5,False,10,10
439,14,degCent,10,0.1006170382165605,0,7,None,66,1,5,False,10,10
440,10,degCent,10,0.1204219745222929,0,32,None,66,1,5,False,10,10
441,11,degCent,10,0.1513734076433121,0,32,None,66,1,5,False,10,10
442,12,degCent,10,0.101015127388535,0,32,None,66,1,5,False,10,10
443,13,degCent,10,0.1057921974522293,0,32,None,66,1,5,False,10,10
444,14,degCent,10,0.1334593949044586,0,32,None,66,1,5,False,10,10
445,10,degCent,10,0.1740644904458598,0,4,None,66,1,5,False,10,10
446,11,degCent,10,0.1979498407643312,0,4,None,66,1,5,False,10,10
447,12,degCent,10,0.2329816878980891,0,4,None,66,1,5,False,10,10
448,13,degCent,10,0.2384554140127388,0,4,None,66,1,5,False,10,10
449,14,degCent,10,0.2151671974522293,0,4,None,66,1,5,False,10,10
450,10,degCent,10,0.1321656050955414,0,18,None,66,1,5,False,10,10
451,11,degCent,10,0.2040207006369426,0,18,None,66,1,5,False,10,10
452,12,degCent,10,0.2438296178343949,0,18,None,66,1,5,False,10,10
453,13,degCent,10,0.2464171974522293,0,18,None,66,1,5,False,10,10
454,14,degCent,10,0.2601512738853503,0,18,None,66,1,5,False,10,10
455,10,degCent,10,0.1987460191082802,0,31,None,66,1,5,False,10,10
456,11,degCent,10,0.2609474522292994,0,31,None,66,1,5,False,10,10
457,12,degCent,10,0.2452229299363057,0,31,None,66,1,5,False,10,10
458,13,degCent,10,0.2213375796178344,0,31,None,66,1,5,False,10,10
459,14,degCent,10,0.2127786624203821,0,31,None,66,1,5,False,10,10
460,10,degCent,10,0.1515724522292993,0,27,None,66,1,5,False,10,10
461,11,degCent,10,0.1469944267515923,0,27,None,66,1,5,False,10,10
462,12,degCent,10,0.1615246815286624,0,27,None,66,1,5,False,10,10
463,13,degCent,10,0.1858081210191083,0,27,None,66,1,5,False,10,10
464,14,degCent,10,0.1894904458598726,0,27,None,66,1,5,False,10,10
465,10,degCent,10,0.0995222929936305,0,6,None,66,1,5,False,10,10
466,11,degCent,10,0.0995222929936305,0,6,None,66,1,5,False,10,10
467,12,degCent,10,0.0995222929936305,0,6,None,66,1,5,False,10,10
468,13,degCent,10,0.0995222929936305,0,6,None,66,1,5,False,10,10
469,14,degCent,10,0.0995222929936305,0,6,None,66,1,5,False,10,10
470,10,degCent,10,0.0995222929936305,0,3,None,66,1,5,False,10,10
471,11,degCent,10,0.0995222929936305,0,3,None,66,1,5,False,10,10
472,12,degCent,10,0.0995222929936305,0,3,None,66,1,5,False,10,10
473,13,degCent,10,0.0995222929936305,0,3,None,66,1,5,False,10,10
474,14,degCent,10,0.0995222929936305,0,3,None,66,1,5,False,10,10
475,10,degCent,10,0.2513933121019108,0,13,None,66,1,5,False,10,10
476,11,degCent,10,0.2520899681528662,0,13,None,66,1,5,False,10,10
477,12,degCent,10,0.2341759554140127,0,13,None,66,1,5,False,10,10
478,13,degCent,10,0.2154657643312102,0,13,None,66,1,5,False,10,10
479,14,degCent,10,0.2000398089171974,0,13,None,66,1,5,False,10,10
480,10,degCent,10,0.0995222929936305,0,25,None,66,1,5,False,10,10
481,11,degCent,10,0.0994227707006369,0,25,None,66,1,5,False,10,10
482,12,degCent,10,0.1266918789808917,0,25,None,66,1,5,False,10,10
483,13,degCent,10,0.1030055732484076,0,25,None,66,1,5,False,10,10
484,14,degCent,10,0.1106687898089172,0,25,None,66,1,5,False,10,10
485,10,degCent,10,0.0995222929936305,0,12,None,66,1,5,False,10,10
486,11,degCent,10,0.0995222929936305,0,12,None,66,1,5,False,10,10
487,12,degCent,10,0.0995222929936305,0,12,None,66,1,5,False,10,10
488,13,degCent,10,0.0995222929936305,0,12,None,66,1,5,False,10,10
489,14,degCent,10,0.0995222929936305,0,12,None,66,1,5,False,10,10
490,10,degCent,10,0.0995222929936305,0,26,None,66,1,5,False,10,10
491,11,degCent,10,0.1593351910828025,0,26,None,66,1,5,False,10,10
492,12,degCent,10,0.1902866242038216,0,26,None,66,1,5,False,10,10
493,13,degCent,10,0.2047173566878981,0,26,None,66,1,5,False,10,10
494,14,degCent,10,0.1775477707006369,0,26,None,66,1,5,False,10,10
990,15,degCent,10,0.2159633757961783,0,1,None,66,1,5,False,10,10
991,16,degCent,10,0.2118829617834395,0,1,None,66,1,5,False,10,10
992,17,degCent,10,0.2402468152866242,0,1,None,66,1,5,False,10,10
993,18,degCent,10,0.2761743630573248,0,1,None,66,1,5,False,10,10
994,19,degCent,10,0.2837380573248407,0,1,None,66,1,5,False,10,10
995,15,degCent,10,0.0995222929936305,0,2,None,66,1,5,False,10,10
996,16,degCent,10,0.0995222929936305,0,2,None,66,1,5,False,10,10
997,17,degCent,10,0.1009156050955414,0,2,None,66,1,5,False,10,10
998,18,degCent,10,0.1275875796178344,0,2,None,66,1,5,False,10,10
999,19,degCent,10,0.2037221337579617,0,2,None,66,1,5,False,10,10
1000,15,degCent,10,0.2108877388535031,0,5,None,66,1,5,False,10,10
1001,16,degCent,10,0.1786425159235669,0,5,None,66,1,5,False,10,10
1002,17,degCent,10,0.1559514331210191,0,5,None,66,1,5,False,10,10
1003,18,degCent,10,0.1778463375796178,0,5,None,66,1,5,False,10,10
1004,19,degCent,10,0.1940684713375796,0,5,None,66,1,5,False,10,10
1005,15,degCent,10,0.1033041401273885,0,13,None,66,1,5,False,10,10
1006,16,degCent,10,0.1768511146496815,0,13,None,66,1,5,False,10,10
1007,17,degCent,10,0.1902866242038216,0,13,None,66,1,5,False,10,10
1008,18,degCent,10,0.2430334394904458,0,13,None,66,1,5,False,10,10
1009,19,degCent,10,0.2647292993630573,0,13,None,66,1,5,False,10,10
1010,15,degCent,10,0.1004179936305732,0,15,None,66,1,5,False,10,10
1011,16,degCent,10,0.1776472929936305,0,15,None,66,1,5,False,10,10
1012,17,degCent,10,0.2229299363057325,0,15,None,66,1,5,False,10,10
1013,18,degCent,10,0.2907046178343949,0,15,None,66,1,5,False,10,10
1014,19,degCent,10,0.3247412420382166,0,15,None,66,1,5,False,10,10
1015,15,degCent,10,0.0995222929936305,0,10,None,66,1,5,False,10,10
1016,16,degCent,10,0.0995222929936305,0,10,None,66,1,5,False,10,10
1017,17,degCent,10,0.0995222929936305,0,10,None,66,1,5,False,10,10
1018,18,degCent,10,0.102906050955414,0,10,None,66,1,5,False,10,10
1019,19,degCent,10,0.1641122611464968,0,10,None,66,1,5,False,10,10
1020,15,degCent,10,0.1047969745222929,0,11,None,66,1,5,False,10,10
1021,16,degCent,10,0.1897890127388535,0,11,None,66,1,5,False,10,10
1022,17,degCent,10,0.2555732484076433,0,11,None,66,1,5,False,10,10
1023,18,degCent,10,0.2872213375796178,0,11,None,66,1,5,False,10,10
1024,19,degCent,10,0.2977707006369426,0,11,None,66,1,5,False,10,10
1025,15,degCent,10,0.0996218152866242,0,20,None,66,1,5,False,10,10
1026,16,degCent,10,0.1224124203821656,0,20,None,66,1,5,False,10,10
1027,17,degCent,10,0.1670979299363057,0,20,None,66,1,5,False,10,10
1028,18,degCent,10,0.2184514331210191,0,20,None,66,1,5,False,10,10
1029,19,degCent,10,0.2182523885350318,0,20,None,66,1,5,False,10,10
1030,15,degCent,10,0.1307722929936305,0,19,None,66,1,5,False,10,10
1031,16,degCent,10,0.1251990445859872,0,19,None,66,1,5,False,10,10
1032,17,degCent,10,0.1637141719745223,0,19,None,66,1,5,False,10,10
1033,18,degCent,10,0.1890923566878981,0,19,None,66,1,5,False,10,10
1034,19,degCent,10,0.2024283439490445,0,19,None,66,1,5,False,10,10
1035,15,degCent,10,0.2444267515923567,0,22,None,66,1,5,False,10,10
1036,16,degCent,10,0.2406449044585987,0,22,None,66,1,5,False,10,10
1037,17,degCent,10,0.2090963375796178,0,22,None,66,1,5,False,10,10
1038,18,degCent,10,0.1778463375796178,0,22,None,66,1,5,False,10,10
1039,19,degCent,10,0.1698845541401273,0,22,None,66,1,5,False,10,10
1040,15,degCent,10,0.2133757961783439,0,23,None,66,1,5,False,10,10
1041,16,degCent,10,0.1828224522292993,0,23,None,66,1,5,False,10,10
1042,17,degCent,10,0.1245023885350318,0,23,None,66,1,5,False,10,10
1043,18,degCent,10,0.102906050955414,0,23,None,66,1,5,False,10,10
1044,19,degCent,10,0.1031050955414012,0,23,None,66,1,5,False,10,10
1045,15,degCent,10,0.0995222929936305,0,17,None,66,1,5,False,10,10
1046,16,degCent,10,0.1001194267515923,0,17,None,66,1,5,False,10,10
1047,17,degCent,10,0.1228105095541401,0,17,None,66,1,5,False,10,10
1048,18,degCent,10,0.2372611464968153,0,17,None,66,1,5,False,10,10
1049,19,degCent,10,0.3017515923566879,0,17,None,66,1,5,False,10,10
1050,15,degCent,10,0.1620222929936305,0,21,None,66,1,5,False,10,10
1051,16,degCent,10,0.1689888535031847,0,21,None,66,1,5,False,10,10
1052,17,degCent,10,0.1758558917197452,0,21,None,66,1,5,False,10,10
1053,18,degCent,10,0.1821257961783439,0,21,None,66,1,5,False,10,10
1054,19,degCent,10,0.1881966560509554,0,21,None,66,1,5,False,10,10
1055,15,degCent,10,0.0995222929936305,0,26,None,66,1,5,False,10,10
1056,16,degCent,10,0.0995222929936305,0,26,None,66,1,5,False,10,10
1057,17,degCent,10,0.0995222929936305,0,26,None,66,1,5,False,10,10
1058,18,degCent,10,0.0995222929936305,0,26,None,66,1,5,False,10,10
1059,19,degCent,10,0.1000199044585987,0,26,None,66,1,5,False,10,10
1060,15,degCent,10,0.0995222929936305,0,12,None,66,1,5,False,10,10
1061,16,degCent,10,0.0995222929936305,0,12,None,66,1,5,False,10,10
1062,17,degCent,10,0.0996218152866242,0,12,None,66,1,5,False,10,10
1063,18,degCent,10,0.1026074840764331,0,12,None,66,1,5,False,10,10
1064,19,degCent,10,0.1254976114649681,0,12,None,66,1,5,False,10,10
1065,15,degCent,10,0.1670979299363057,0,28,None,66,1,5,False,10,10
1066,16,degCent,10,0.2799562101910828,0,28,None,66,1,5,False,10,10
1067,17,degCent,10,0.2834394904458598,0,28,None,66,1,5,False,10,10
1068,18,degCent,10,0.2956807324840764,0,28,None,66,1,5,False,10,10
1069,19,degCent,10,0.2672173566878981,0,28,None,66,1,5,False,10,10
1070,15,degCent,10,0.181827229299363,0,6,None,66,1,5,False,10,10
1071,16,degCent,10,0.1876990445859872,0,6,None,66,1,5,False,10,10
1072,17,degCent,10,0.1903861464968153,0,6,None,66,1,5,False,10,10
1073,18,degCent,10,0.1877985668789809,0,6,None,66,1,5,False,10,10
1074,19,degCent,10,0.1833200636942675,0,6,None,66,1,5,False,10,10
1075,15,degCent,10,0.1065883757961783,0,18,None,66,1,5,False,10,10
1076,16,degCent,10,0.1915804140127388,0,18,None,66,1,5,False,10,10
1077,17,degCent,10,0.2054140127388535,0,18,None,66,1,5,False,10,10
1078,18,degCent,10,0.2491042993630573,0,18,None,66,1,5,False,10,10
1079,19,degCent,10,0.243531050955414,0,18,None,66,1,5,False,10,10
1080,15,degCent,10,0.1014132165605095,0,32,None,66,1,5,False,10,10
1081,16,degCent,10,0.0996218152866242,0,32,None,66,1,5,False,10,10
1082,17,degCent,10,0.0995222929936305,0,32,None,66,1,5,False,10,10
1083,18,degCent,10,0.1000199044585987,0,32,None,66,1,5,False,10,10
1084,19,degCent,10,0.1149482484076433,0,32,None,66,1,5,False,10,10
1085,15,degCent,10,0.0995222929936305,0,4,None,66,1,5,False,10,10
1086,16,degCent,10,0.0997213375796178,0,4,None,66,1,5,False,10,10
1087,17,degCent,10,0.1085788216560509,0,4,None,66,1,5,False,10,10
1088,18,degCent,10,0.1375398089171974,0,4,None,66,1,5,False,10,10
1089,19,degCent,10,0.1681926751592356,0,4,None,66,1,5,False,10,10
1090,15,degCent,10,0.0995222929936305,0,7,None,66,1,5,False,10,10
1091,16,degCent,10,0.1001194267515923,0,7,None,66,1,5,False,10,10
1092,17,degCent,10,0.1250995222929936,0,7,None,66,1,5,False,10,10
1093,18,degCent,10,0.1762539808917197,0,7,None,66,1,5,False,10,10
1094,19,degCent,10,0.2002388535031847,0,7,None,66,1,5,False,10,10
1095,15,degCent,10,0.2011345541401273,0,8,None,66,1,5,False,10,10
1096,16,degCent,10,0.1991441082802547,0,8,None,66,1,5,False,10,10
1097,17,degCent,10,0.1982484076433121,0,8,None,66,1,5,False,10,10
1098,18,degCent,10,0.1994426751592356,0,8,None,66,1,5,False,10,10
1099,19,degCent,10,0.2014331210191083,0,8,None,66,1,5,False,10,10
1100,15,degCent,10,0.2391520700636942,0,16,None,66,1,5,False,10,10
1101,16,degCent,10,0.2496019108280254,0,16,None,66,1,5,False,10,10
1102,17,degCent,10,0.2551751592356688,0,16,None,66,1,5,False,10,10
1103,18,degCent,10,0.2578622611464968,0,16,None,66,1,5,False,10,10
1104,19,degCent,10,0.2584593949044586,0,16,None,66,1,5,False,10,10
1105,15,degCent,10,0.0995222929936305,0,9,None,66,1,5,False,10,10
1106,16,degCent,10,0.1000199044585987,0,9,None,66,1,5,False,10,10
1107,17,degCent,10,0.1025079617834394,0,9,None,66,1,5,False,10,10
1108,18,degCent,10,0.1291799363057325,0,9,None,66,1,5,False,10,10
1109,19,degCent,10,0.1892914012738853,0,9,None,66,1,5,False,10,10
1110,15,degCent,10,0.1005175159235668,0,14,None,66,1,5,False,10,10
1111,16,degCent,10,0.1424164012738853,0,14,None,66,1,5,False,10,10
1112,17,degCent,10,0.1730692675159235,0,14,None,66,1,5,False,10,10
1113,18,degCent,10,0.1842157643312102,0,14,None,66,1,5,False,10,10
1114,19,degCent,10,0.1869028662420382,0,14,None,66,1,5,False,10,10
1115,15,degCent,10,0.0995222929936305,0,25,None,66,1,5,False,10,10
1116,16,degCent,10,0.0993232484076433,0,25,None,66,1,5,False,10,10
1117,17,degCent,10,0.1307722929936305,0,25,None,66,1,5,False,10,10
1118,18,degCent,10,0.101015127388535,0,25,None,66,1,5,False,10,10
1119,19,degCent,10,0.107484076433121,0,25,None,66,1,5,False,10,10
1120,15,degCent,10,0.2449243630573248,0,29,None,66,1,5,False,10,10
1121,16,degCent,10,0.2240246815286624,0,29,None,66,1,5,False,10,10
1122,17,degCent,10,0.2303941082802547,0,29,None,66,1,5,False,10,10
1123,18,degCent,10,0.1686902866242038,0,29,None,66,1,5,False,10,10
1124,19,degCent,10,0.1493829617834395,0,29,None,66,1,5,False,10,10
1125,15,degCent,10,0.0995222929936305,0,3,None,66,1,5,False,10,10
1126,16,degCent,10,0.0995222929936305,0,3,None,66,1,5,False,10,10
1127,17,degCent,10,0.1000199044585987,0,3,None,66,1,5,False,10,10
1128,18,degCent,10,0.1224124203821656,0,3,None,66,1,5,False,10,10
1129,19,degCent,10,0.1781449044585987,0,3,None,66,1,5,False,10,10
1130,15,degCent,10,0.2973726114649681,0,24,None,66,1,5,False,10,10
1131,16,degCent,10,0.3318073248407643,0,24,None,66,1,5,False,10,10
1132,17,degCent,10,0.3340963375796178,0,24,None,66,1,5,False,10,10
1133,18,degCent,10,0.3740047770700637,0,24,None,66,1,5,False,10,10
1134,19,degCent,10,0.3504179936305732,0,24,None,66,1,5,False,10,10
1135,15,degCent,10,0.1819267515923567,0,0,None,66,1,5,False,10,10
1136,16,degCent,10,0.2509952229299363,0,0,None,66,1,5,False,10,10
1137,17,degCent,10,0.2341759554140127,0,0,None,66,1,5,False,10,10
1138,18,degCent,10,0.2410429936305732,0,0,None,66,1,5,False,10,10
1139,19,degCent,10,0.2429339171974522,0,0,None,66,1,5,False,10,10
1140,15,degCent,10,0.1182324840764331,0,27,None,66,1,5,False,10,10
1141,16,degCent,10,0.1269904458598726,0,27,None,66,1,5,False,10,10
1142,17,degCent,10,0.0995222929936305,0,27,None,66,1,5,False,10,10
1143,18,degCent,10,0.0995222929936305,0,27,None,66,1,5,False,10,10
1144,19,degCent,10,0.1027070063694267,0,27,None,66,1,5,False,10,10
1145,15,degCent,10,0.0995222929936305,0,30,None,66,1,5,False,10,10
1146,16,degCent,10,0.0995222929936305,0,30,None,66,1,5,False,10,10
1147,17,degCent,10,0.0995222929936305,0,30,None,66,1,5,False,10,10
1148,18,degCent,10,0.0995222929936305,0,30,None,66,1,5,False,10,10
1149,19,degCent,10,0.0995222929936305,0,30,None,66,1,5,False,10,10
1150,15,degCent,10,0.1279856687898089,0,31,None,66,1,5,False,10,10
1151,16,degCent,10,0.1522691082802547,0,31,None,66,1,5,False,10,10
1152,17,degCent,10,0.190187101910828,0,31,None,66,1,5,False,10,10
1153,18,degCent,10,0.2181528662420382,0,31,None,66,1,5,False,10,10
1154,19,degCent,10,0.2356687898089172,0,31,None,66,1,5,False,10,10
1155,20,degCent,10,0.1893909235668789,0,21,None,66,1,5,False,10,10
1156,21,degCent,10,0.1940684713375796,0,21,None,66,1,5,False,10,10
1157,22,degCent,10,0.198546974522293,0,21,None,66,1,5,False,10,10
1158,23,degCent,10,0.2341759554140127,0,21,None,66,1,5,False,10,10
1159,24,degCent,10,0.2643312101910828,0,21,None,66,1,5,False,10,10
1160,20,degCent,10,0.3103105095541401,0,1,None,66,1,5,False,10,10
1161,21,degCent,10,0.3358877388535032,0,1,None,66,1,5,False,10,10
1162,22,degCent,10,0.3086186305732484,0,1,None,66,1,5,False,10,10
1163,23,degCent,10,0.2952826433121019,0,1,None,66,1,5,False,10,10
1164,24,degCent,10,0.3069267515923566,0,1,None,66,1,5,False,10,10
1165,20,degCent,10,0.246218152866242,0,2,None,66,1,5,False,10,10
1166,21,degCent,10,0.2634355095541401,0,2,None,66,1,5,False,10,10
1167,22,degCent,10,0.2781648089171974,0,2,None,66,1,5,False,10,10
1168,23,degCent,10,0.2933917197452229,0,2,None,66,1,5,False,10,10
1169,24,degCent,10,0.3092157643312102,0,2,None,66,1,5,False,10,10
1170,20,degCent,10,0.255374203821656,0,11,None,66,1,5,False,10,10
1171,21,degCent,10,0.3099124203821656,0,11,None,66,1,5,False,10,10
1172,22,degCent,10,0.3264331210191082,0,11,None,66,1,5,False,10,10
1173,23,degCent,10,0.3326035031847134,0,11,None,66,1,5,False,10,10
1174,24,degCent,10,0.3389729299363057,0,11,None,66,1,5,False,10,10
1175,20,degCent,10,0.1984474522292993,0,17,None,66,1,5,False,10,10
1176,21,degCent,10,0.2748805732484076,0,17,None,66,1,5,False,10,10
1177,22,degCent,10,0.3221536624203822,0,17,None,66,1,5,False,10,10
1178,23,degCent,10,0.34375,0,17,None,66,1,5,False,10,10
1179,24,degCent,10,0.3230493630573248,0,17,None,66,1,5,False,10,10
1180,20,degCent,10,0.227906050955414,0,22,None,66,1,5,False,10,10
1181,21,degCent,10,0.2588574840764331,0,22,None,66,1,5,False,10,10
1182,22,degCent,10,0.2595541401273885,0,22,None,66,1,5,False,10,10
1183,23,degCent,10,0.2439291401273885,0,22,None,66,1,5,False,10,10
1184,24,degCent,10,0.2522890127388535,0,22,None,66,1,5,False,10,10
1185,20,degCent,10,0.2074044585987261,0,20,None,66,1,5,False,10,10
1186,21,degCent,10,0.2671178343949044,0,20,None,66,1,5,False,10,10
1187,22,degCent,10,0.2657245222929936,0,20,None,66,1,5,False,10,10
1188,23,degCent,10,0.3025477707006369,0,20,None,66,1,5,False,10,10
1189,24,degCent,10,0.2806528662420382,0,20,None,66,1,5,False,10,10
1190,20,degCent,10,0.1088773885350318,0,32,None,66,1,5,False,10,10
1191,21,degCent,10,0.1137539808917197,0,32,None,66,1,5,False,10,10
1192,22,degCent,10,0.1937699044585987,0,32,None,66,1,5,False,10,10
1193,23,degCent,10,0.2483081210191083,0,32,None,66,1,5,False,10,10
1194,24,degCent,10,0.2834394904458598,0,32,None,66,1,5,False,10,10
1195,20,degCent,10,0.2587579617834395,0,16,None,66,1,5,False,10,10
1196,21,degCent,10,0.2607484076433121,0,16,None,66,1,5,False,10,10
1197,22,degCent,10,0.2630374203821656,0,16,None,66,1,5,False,10,10
1198,23,degCent,10,0.2685111464968153,0,16,None,66,1,5,False,10,10
1199,24,degCent,10,0.279359076433121,0,16,None,66,1,5,False,10,10
1200,20,degCent,10,0.1755573248407643,0,25,None,66,1,5,False,10,10
1201,21,degCent,10,0.1684912420382165,0,25,None,66,1,5,False,10,10
1202,22,degCent,10,0.1944665605095541,0,25,None,66,1,5,False,10,10
1203,23,degCent,10,0.2156648089171974,0,25,None,66,1,5,False,10,10
1204,24,degCent,10,0.2342754777070063,0,25,None,66,1,5,False,10,10
1205,20,degCent,10,0.2290007961783439,0,23,None,66,1,5,False,10,10
1206,21,degCent,10,0.1804339171974522,0,23,None,66,1,5,False,10,10
1207,22,degCent,10,0.1564490445859872,0,23,None,66,1,5,False,10,10
1208,23,degCent,10,0.1827229299363057,0,23,None,66,1,5,False,10,10
1209,24,degCent,10,0.223328025477707,0,23,None,66,1,5,False,10,10
1210,20,degCent,10,0.2835390127388535,0,9,None,66,1,5,False,10,10
1211,21,degCent,10,0.2992635350318471,0,9,None,66,1,5,False,10,10
1212,22,degCent,10,0.2889132165605095,0,9,None,66,1,5,False,10,10
1213,23,degCent,10,0.2704020700636942,0,9,None,66,1,5,False,10,10
1214,24,degCent,10,0.2713972929936306,0,9,None,66,1,5,False,10,10
1215,20,degCent,10,0.2335788216560509,0,29,None,66,1,5,False,10,10
1216,21,degCent,10,0.2417396496815286,0,29,None,66,1,5,False,10,10
1217,22,degCent,10,0.2707006369426751,0,29,None,66,1,5,False,10,10
1218,23,degCent,10,0.2902070063694267,0,29,None,66,1,5,False,10,10
1219,24,degCent,10,0.3209593949044586,0,29,None,66,1,5,False,10,10
1220,20,degCent,10,0.3293192675159235,0,5,None,66,1,5,False,10,10
1221,21,degCent,10,0.2892117834394904,0,5,None,66,1,5,False,10,10
1222,22,degCent,10,0.3319068471337579,0,5,None,66,1,5,False,10,10
1223,23,degCent,10,0.4015724522292994,0,5,None,66,1,5,False,10,10
1224,24,degCent,10,0.4289410828025478,0,5,None,66,1,5,False,10,10
1225,20,degCent,10,0.1862062101910828,0,4,None,66,1,5,False,10,10
1226,21,degCent,10,0.2044187898089172,0,4,None,66,1,5,False,10,10
1227,22,degCent,10,0.234375,0,4,None,66,1,5,False,10,10
1228,23,degCent,10,0.2834394904458598,0,4,None,66,1,5,False,10,10
1229,24,degCent,10,0.3034434713375796,0,4,None,66,1,5,False,10,10
1230,20,degCent,10,0.1981488853503184,0,7,None,66,1,5,False,10,10
1231,21,degCent,10,0.2179538216560509,0,7,None,66,1,5,False,10,10
1232,22,degCent,10,0.2499004777070063,0,7,None,66,1,5,False,10,10
1233,23,degCent,10,0.2988654458598726,0,7,None,66,1,5,False,10,10
1234,24,degCent,10,0.3726114649681528,0,7,None,66,1,5,False,10,10
1235,20,degCent,10,0.1685907643312102,0,14,None,66,1,5,False,10,10
1236,21,degCent,10,0.1838176751592356,0,14,None,66,1,5,False,10,10
1237,22,degCent,10,0.1968550955414012,0,14,None,66,1,5,False,10,10
1238,23,degCent,10,0.2070063694267516,0,14,None,66,1,5,False,10,10
1239,24,degCent,10,0.227906050955414,0,14,None,66,1,5,False,10,10
1240,20,degCent,10,0.2015326433121019,0,6,None,66,1,5,False,10,10
1241,21,degCent,10,0.1954617834394904,0,6,None,66,1,5,False,10,10
1242,22,degCent,10,0.1959593949044586,0,6,None,66,1,5,False,10,10
1243,23,degCent,10,0.1953622611464968,0,6,None,66,1,5,False,10,10
1244,24,degCent,10,0.195561305732484,0,6,None,66,1,5,False,10,10
1245,20,degCent,10,0.1750597133757961,0,26,None,66,1,5,False,10,10
1246,21,degCent,10,0.1620222929936305,0,26,None,66,1,5,False,10,10
1247,22,degCent,10,0.166202229299363,0,26,None,66,1,5,False,10,10
1248,23,degCent,10,0.1771496815286624,0,26,None,66,1,5,False,10,10
1249,24,degCent,10,0.2079020700636942,0,26,None,66,1,5,False,10,10
1250,20,degCent,10,0.2065087579617834,0,18,None,66,1,5,False,10,10
1251,21,degCent,10,0.2633359872611465,0,18,None,66,1,5,False,10,10
1252,22,degCent,10,0.3111066878980891,0,18,None,66,1,5,False,10,10
1253,23,degCent,10,0.3505175159235669,0,18,None,66,1,5,False,10,10
1254,24,degCent,10,0.3571855095541401,0,18,None,66,1,5,False,10,10
1255,20,degCent,10,0.2228304140127388,0,19,None,66,1,5,False,10,10
1256,21,degCent,10,0.2871218152866242,0,19,None,66,1,5,False,10,10
1257,22,degCent,10,0.2745820063694267,0,19,None,66,1,5,False,10,10
1258,23,degCent,10,0.3817675159235669,0,19,None,66,1,5,False,10,10
1259,24,degCent,10,0.3956011146496815,0,19,None,66,1,5,False,10,10
1260,20,degCent,10,0.2579617834394904,0,8,None,66,1,5,False,10,10
1261,21,degCent,10,0.2536823248407643,0,8,None,66,1,5,False,10,10
1262,22,degCent,10,0.2498009554140127,0,8,None,66,1,5,False,10,10
1263,23,degCent,10,0.2473128980891719,0,8,None,66,1,5,False,10,10
1264,24,degCent,10,0.250796178343949,0,8,None,66,1,5,False,10,10
1265,20,degCent,10,0.18640525477707,0,10,None,66,1,5,False,10,10
1266,21,degCent,10,0.1935708598726114,0,10,None,66,1,5,False,10,10
1267,22,degCent,10,0.2013335987261146,0,10,None,66,1,5,False,10,10
1268,23,degCent,10,0.2166600318471337,0,10,None,66,1,5,False,10,10
1269,24,degCent,10,0.2678144904458598,0,10,None,66,1,5,False,10,10
1270,20,degCent,10,0.2475119426751592,0,15,None,66,1,5,False,10,10
1271,21,degCent,10,0.3198646496815286,0,15,None,66,1,5,False,10,10
1272,22,degCent,10,0.344546178343949,0,15,None,66,1,5,False,10,10
1273,23,degCent,10,0.3514132165605095,0,15,None,66,1,5,False,10,10
1274,24,degCent,10,0.354796974522293,0,15,None,66,1,5,False,10,10
1275,20,degCent,10,0.2805533439490446,0,24,None,66,1,5,False,10,10
1276,21,degCent,10,0.3341958598726114,0,24,None,66,1,5,False,10,10
1277,22,degCent,10,0.3460390127388535,0,24,None,66,1,5,False,10,10
1278,23,degCent,10,0.3430533439490446,0,24,None,66,1,5,False,10,10
1279,24,degCent,10,0.3376791401273885,0,24,None,66,1,5,False,10,10
1280,20,degCent,10,0.1817277070063694,0,30,None,66,1,5,False,10,10
1281,21,degCent,10,0.1887937898089172,0,30,None,66,1,5,False,10,10
1282,22,degCent,10,0.1961584394904458,0,30,None,66,1,5,False,10,10
1283,23,degCent,10,0.2613455414012738,0,30,None,66,1,5,False,10,10
1284,24,degCent,10,0.2842356687898089,0,30,None,66,1,5,False,10,10
1285,20,degCent,10,0.3109076433121019,0,27,None,66,1,5,False,10,10
1286,21,degCent,10,0.2748805732484076,0,27,None,66,1,5,False,10,10
1287,22,degCent,10,0.2543789808917197,0,27,None,66,1,5,False,10,10
1288,23,degCent,10,0.2604498407643312,0,27,None,66,1,5,False,10,10
1289,24,degCent,10,0.2692078025477707,0,27,None,66,1,5,False,10,10
1290,20,degCent,10,0.2105891719745223,0,31,None,66,1,5,False,10,10
1291,21,degCent,10,0.253483280254777,0,31,None,66,1,5,False,10,10
1292,22,degCent,10,0.3363853503184713,0,31,None,66,1,5,False,10,10
1293,23,degCent,10,0.3320063694267516,0,31,None,66,1,5,False,10,10
1294,24,degCent,10,0.3315087579617834,0,31,None,66,1,5,False,10,10
1295,20,degCent,10,0.2052149681528662,0,13,None,66,1,5,False,10,10
1296,21,degCent,10,0.2248208598726114,0,13,None,66,1,5,False,10,10
1297,22,degCent,10,0.2855294585987261,0,13,None,66,1,5,False,10,10
1298,23,degCent,10,0.3404657643312102,0,13,None,66,1,5,False,10,10
1299,24,degCent,10,0.3479299363057325,0,13,None,66,1,5,False,10,10
1300,20,degCent,10,0.1873009554140127,0,12,None,66,1,5,False,10,10
1301,21,degCent,10,0.1991441082802547,0,12,None,66,1,5,False,10,10
1302,22,degCent,10,0.2105891719745223,0,12,None,66,1,5,False,10,10
1303,23,degCent,10,0.2748805732484076,0,12,None,66,1,5,False,10,10
1304,24,degCent,10,0.3196656050955414,0,12,None,66,1,5,False,10,10
1305,20,degCent,10,0.2705015923566879,0,0,None,66,1,5,False,10,10
1306,21,degCent,10,0.2501990445859872,0,0,None,66,1,5,False,10,10
1307,22,degCent,10,0.2539808917197452,0,0,None,66,1,5,False,10,10
1308,23,degCent,10,0.2631369426751592,0,0,None,66,1,5,False,10,10
1309,24,degCent,10,0.289609872611465,0,0,None,66,1,5,False,10,10
1310,20,degCent,10,0.345640923566879,0,28,None,66,1,5,False,10,10
1311,21,degCent,10,0.3920183121019108,0,28,None,66,1,5,False,10,10
1312,22,degCent,10,0.2915007961783439,0,28,None,66,1,5,False,10,10
1313,23,degCent,10,0.2908041401273885,0,28,None,66,1,5,False,10,10
1314,24,degCent,10,0.2924960191082802,0,28,None,66,1,5,False,10,10
1315,20,degCent,10,0.1914808917197452,0,3,None,66,1,5,False,10,10
1316,21,degCent,10,0.196656050955414,0,3,None,66,1,5,False,10,10
1317,22,degCent,10,0.216859076433121,0,3,None,66,1,5,False,10,10
1318,23,degCent,10,0.2617436305732484,0,3,None,66,1,5,False,10,10
1319,24,degCent,10,0.3024482484076433,0,3,None,66,1,5,False,10,10
2145,25,degCent,10,0.4380971337579618,0,5,None,66,1,5,False,10,10
2146,26,degCent,10,0.4573049363057325,0,5,None,66,1,5,False,10,10
2147,27,degCent,10,0.4818869426751592,0,5,None,66,1,5,False,10,10
2148,28,degCent,10,0.4960191082802547,0,5,None,66,1,5,False,10,10
2149,29,degCent,10,0.4902468152866242,0,5,None,66,1,5,False,10,10
2150,25,degCent,10,0.354796974522293,0,15,None,66,1,5,False,10,10
2151,26,degCent,10,0.362062101910828,0,15,None,66,1,5,False,10,10
2152,27,degCent,10,0.3654458598726114,0,15,None,66,1,5,False,10,10
2153,28,degCent,10,0.3789808917197452,0,15,None,66,1,5,False,10,10
2154,29,degCent,10,0.393312101910828,0,15,None,66,1,5,False,10,10
2155,25,degCent,10,0.3122014331210191,0,10,None,66,1,5,False,10,10
2156,26,degCent,10,0.3355891719745223,0,10,None,66,1,5,False,10,10
2157,27,degCent,10,0.3736066878980891,0,10,None,66,1,5,False,10,10
2158,28,degCent,10,0.3965963375796178,0,10,None,66,1,5,False,10,10
2159,29,degCent,10,0.4059514331210191,0,10,None,66,1,5,False,10,10
2160,25,degCent,10,0.2936902866242038,0,16,None,66,1,5,False,10,10
2161,26,degCent,10,0.3053343949044586,0,16,None,66,1,5,False,10,10
2162,27,degCent,10,0.3202627388535032,0,16,None,66,1,5,False,10,10
2163,28,degCent,10,0.3339968152866242,0,16,None,66,1,5,False,10,10
2164,29,degCent,10,0.3413614649681528,0,16,None,66,1,5,False,10,10
2165,25,degCent,10,0.3481289808917197,0,11,None,66,1,5,False,10,10
2166,26,degCent,10,0.3522093949044586,0,11,None,66,1,5,False,10,10
2167,27,degCent,10,0.3535031847133758,0,11,None,66,1,5,False,10,10
2168,28,degCent,10,0.3536027070063694,0,11,None,66,1,5,False,10,10
2169,29,degCent,10,0.3557921974522293,0,11,None,66,1,5,False,10,10
2170,25,degCent,10,0.3098128980891719,0,8,None,66,1,5,False,10,10
2171,26,degCent,10,0.3297173566878981,0,8,None,66,1,5,False,10,10
2172,27,degCent,10,0.341859076433121,0,8,None,66,1,5,False,10,10
2173,28,degCent,10,0.3586783439490446,0,8,None,66,1,5,False,10,10
2174,29,degCent,10,0.3728105095541401,0,8,None,66,1,5,False,10,10
2175,25,degCent,10,0.4737261146496815,0,20,None,66,1,5,False,10,10
2176,26,degCent,10,0.3689291401273885,0,20,None,66,1,5,False,10,10
2177,27,degCent,10,0.3373805732484076,0,20,None,66,1,5,False,10,10
2178,28,degCent,10,0.3374800955414013,0,20,None,66,1,5,False,10,10
2179,29,degCent,10,0.3461385350318471,0,20,None,66,1,5,False,10,10
2180,25,degCent,10,0.2714968152866242,0,14,None,66,1,5,False,10,10
2181,26,degCent,10,0.3509156050955414,0,14,None,66,1,5,False,10,10
2182,27,degCent,10,0.3324044585987261,0,14,None,66,1,5,False,10,10
2183,28,degCent,10,0.3465366242038216,0,14,None,66,1,5,False,10,10
2184,29,degCent,10,0.3556926751592357,0,14,None,66,1,5,False,10,10
2185,25,degCent,10,0.3553941082802547,0,22,None,66,1,5,False,10,10
2186,26,degCent,10,0.3905254777070063,0,22,None,66,1,5,False,10,10
2187,27,degCent,10,0.402468152866242,0,22,None,66,1,5,False,10,10
2188,28,degCent,10,0.4059514331210191,0,22,None,66,1,5,False,10,10
2189,29,degCent,10,0.4077428343949044,0,22,None,66,1,5,False,10,10
2190,25,degCent,10,0.2910031847133758,0,23,None,66,1,5,False,10,10
2191,26,degCent,10,0.3832603503184713,0,23,None,66,1,5,False,10,10
2192,27,degCent,10,0.3825636942675159,0,23,None,66,1,5,False,10,10
2193,28,degCent,10,0.3605692675159235,0,23,None,66,1,5,False,10,10
2194,29,degCent,10,0.4242635350318471,0,23,None,66,1,5,False,10,10
2195,25,degCent,10,0.3921178343949044,0,17,None,66,1,5,False,10,10
2196,26,degCent,10,0.4735270700636942,0,17,None,66,1,5,False,10,10
2197,27,degCent,10,0.4012738853503185,0,17,None,66,1,5,False,10,10
2198,28,degCent,10,0.3901273885350318,0,17,None,66,1,5,False,10,10
2199,29,degCent,10,0.4008757961783439,0,17,None,66,1,5,False,10,10
2200,25,degCent,10,0.322452229299363,0,25,None,66,1,5,False,10,10
2201,26,degCent,10,0.3260350318471338,0,25,None,66,1,5,False,10,10
2202,27,degCent,10,0.3354896496815286,0,25,None,66,1,5,False,10,10
2203,28,degCent,10,0.3493232484076433,0,25,None,66,1,5,False,10,10
2204,29,degCent,10,0.408937101910828,0,25,None,66,1,5,False,10,10
2205,25,degCent,10,0.2746815286624204,0,26,None,66,1,5,False,10,10
2206,26,degCent,10,0.2846337579617834,0,26,None,66,1,5,False,10,10
2207,27,degCent,10,0.3259355095541401,0,26,None,66,1,5,False,10,10
2208,28,degCent,10,0.3590764331210191,0,26,None,66,1,5,False,10,10
2209,29,degCent,10,0.4294386942675159,0,26,None,66,1,5,False,10,10
2210,25,degCent,10,0.3998805732484076,0,28,None,66,1,5,False,10,10
2211,26,degCent,10,0.3313097133757962,0,28,None,66,1,5,False,10,10
2212,27,degCent,10,0.3273288216560509,0,28,None,66,1,5,False,10,10
2213,28,degCent,10,0.3354896496815286,0,28,None,66,1,5,False,10,10
2214,29,degCent,10,0.3497213375796178,0,28,None,66,1,5,False,10,10
2215,25,degCent,10,0.331608280254777,0,29,None,66,1,5,False,10,10
2216,26,degCent,10,0.3299164012738853,0,29,None,66,1,5,False,10,10
2217,27,degCent,10,0.3644506369426751,0,29,None,66,1,5,False,10,10
2218,28,degCent,10,0.3922173566878981,0,29,None,66,1,5,False,10,10
2219,29,degCent,10,0.4119227707006369,0,29,None,66,1,5,False,10,10
2220,25,degCent,10,0.2778662420382166,0,9,None,66,1,5,False,10,10
2221,26,degCent,10,0.2757762738853503,0,9,None,66,1,5,False,10,10
2222,27,degCent,10,0.2761743630573248,0,9,None,66,1,5,False,10,10
2223,28,degCent,10,0.2821457006369426,0,9,None,66,1,5,False,10,10
2224,29,degCent,10,0.2971735668789809,0,9,None,66,1,5,False,10,10
2225,25,degCent,10,0.2937898089171974,0,30,None,66,1,5,False,10,10
2226,26,degCent,10,0.2974721337579618,0,30,None,66,1,5,False,10,10
2227,27,degCent,10,0.2992635350318471,0,30,None,66,1,5,False,10,10
2228,28,degCent,10,0.2980692675159235,0,30,None,66,1,5,False,10,10
2229,29,degCent,10,0.2984673566878981,0,30,None,66,1,5,False,10,10
2230,25,degCent,10,0.263734076433121,0,6,None,66,1,5,False,10,10
2231,26,degCent,10,0.261046974522293,0,6,None,66,1,5,False,10,10
2232,27,degCent,10,0.2785628980891719,0,6,None,66,1,5,False,10,10
2233,28,degCent,10,0.3092157643312102,0,6,None,66,1,5,False,10,10
2234,29,degCent,10,0.3348925159235669,0,6,None,66,1,5,False,10,10
2235,25,degCent,10,0.4642714968152866,0,18,None,66,1,5,False,10,10
2236,26,degCent,10,0.3832603503184713,0,18,None,66,1,5,False,10,10
2237,27,degCent,10,0.3365843949044586,0,18,None,66,1,5,False,10,10
2238,28,degCent,10,0.344546178343949,0,18,None,66,1,5,False,10,10
2239,29,degCent,10,0.3892316878980891,0,18,None,66,1,5,False,10,10
2240,25,degCent,10,0.3186703821656051,0,27,None,66,1,5,False,10,10
2241,26,degCent,10,0.2842356687898089,0,27,None,66,1,5,False,10,10
2242,27,degCent,10,0.2888136942675159,0,27,None,66,1,5,False,10,10
2243,28,degCent,10,0.2992635350318471,0,27,None,66,1,5,False,10,10
2244,29,degCent,10,0.3153861464968153,0,27,None,66,1,5,False,10,10
2245,25,degCent,10,0.3996815286624204,0,31,None,66,1,5,False,10,10
2246,26,degCent,10,0.3679339171974522,0,31,None,66,1,5,False,10,10
2247,27,degCent,10,0.3838574840764331,0,31,None,66,1,5,False,10,10
2248,28,degCent,10,0.4034633757961783,0,31,None,66,1,5,False,10,10
2249,29,degCent,10,0.4241640127388535,0,31,None,66,1,5,False,10,10
2250,25,degCent,10,0.3381767515923566,0,1,None,66,1,5,False,10,10
2251,26,degCent,10,0.3883359872611465,0,1,None,66,1,5,False,10,10
2252,27,degCent,10,0.3819665605095541,0,1,None,66,1,5,False,10,10
2253,28,degCent,10,0.3903264331210191,0,1,None,66,1,5,False,10,10
2254,29,degCent,10,0.4014729299363057,0,1,None,66,1,5,False,10,10
2255,25,degCent,10,0.386046974522293,0,2,None,66,1,5,False,10,10
2256,26,degCent,10,0.4011743630573248,0,2,None,66,1,5,False,10,10
2257,27,degCent,10,0.4022691082802547,0,2,None,66,1,5,False,10,10
2258,28,degCent,10,0.3910230891719745,0,2,None,66,1,5,False,10,10
2259,29,degCent,10,0.3805732484076433,0,2,None,66,1,5,False,10,10
2260,25,degCent,10,0.3761942675159235,0,3,None,66,1,5,False,10,10
2261,26,degCent,10,0.3617635350318471,0,3,None,66,1,5,False,10,10
2262,27,degCent,10,0.3923168789808917,0,3,None,66,1,5,False,10,10
2263,28,degCent,10,0.4536226114649681,0,3,None,66,1,5,False,10,10
2264,29,degCent,10,0.4560111464968153,0,3,None,66,1,5,False,10,10
2265,25,degCent,10,0.3650477707006369,0,12,None,66,1,5,False,10,10
2266,26,degCent,10,0.3966958598726114,0,12,None,66,1,5,False,10,10
2267,27,degCent,10,0.4128184713375796,0,12,None,66,1,5,False,10,10
2268,28,degCent,10,0.4405851910828025,0,12,None,66,1,5,False,10,10
2269,29,degCent,10,0.4713375796178344,0,12,None,66,1,5,False,10,10
2270,25,degCent,10,0.3500199044585987,0,13,None,66,1,5,False,10,10
2271,26,degCent,10,0.3530055732484076,0,13,None,66,1,5,False,10,10
2272,27,degCent,10,0.3538017515923566,0,13,None,66,1,5,False,10,10
2273,28,degCent,10,0.3543988853503185,0,13,None,66,1,5,False,10,10
2274,29,degCent,10,0.3548964968152866,0,13,None,66,1,5,False,10,10
2275,25,degCent,10,0.4634753184713376,0,19,None,66,1,5,False,10,10
2276,26,degCent,10,0.4309315286624204,0,19,None,66,1,5,False,10,10
2277,27,degCent,10,0.4332205414012738,0,19,None,66,1,5,False,10,10
2278,28,degCent,10,0.4354100318471338,0,19,None,66,1,5,False,10,10
2279,29,degCent,10,0.4371019108280254,0,19,None,66,1,5,False,10,10
2280,25,degCent,10,0.2578622611464968,0,21,None,66,1,5,False,10,10
2281,26,degCent,10,0.337281050955414,0,21,None,66,1,5,False,10,10
2282,27,degCent,10,0.3752985668789809,0,21,None,66,1,5,False,10,10
2283,28,degCent,10,0.3930135350318471,0,21,None,66,1,5,False,10,10
2284,29,degCent,10,0.4040605095541401,0,21,None,66,1,5,False,10,10
2285,25,degCent,10,0.3278264331210191,0,0,None,66,1,5,False,10,10
2286,26,degCent,10,0.3377786624203822,0,0,None,66,1,5,False,10,10
2287,27,degCent,10,0.3542993630573248,0,0,None,66,1,5,False,10,10
2288,28,degCent,10,0.402468152866242,0,0,None,66,1,5,False,10,10
2289,29,degCent,10,0.4028662420382166,0,0,None,66,1,5,False,10,10
2290,25,degCent,10,0.4349124203821656,0,24,None,66,1,5,False,10,10
2291,26,degCent,10,0.4029657643312102,0,24,None,66,1,5,False,10,10
2292,27,degCent,10,0.3913216560509554,0,24,None,66,1,5,False,10,10
2293,28,degCent,10,0.3912221337579618,0,24,None,66,1,5,False,10,10
2294,29,degCent,10,0.3983877388535032,0,24,None,66,1,5,False,10,10
2295,30,degCent,10,0.4295382165605095,0,25,None,66,1,5,False,10,10
2296,31,degCent,10,0.4369028662420382,0,25,None,66,1,5,False,10,10
2297,32,degCent,10,0.4487460191082802,0,25,None,66,1,5,False,10,10
2298,33,degCent,10,0.4589968152866242,0,25,None,66,1,5,False,10,10
2299,34,degCent,10,0.4667595541401274,0,25,None,66,1,5,False,10,10
2300,30,degCent,10,0.4161027070063694,0,31,None,66,1,5,False,10,10
2301,31,degCent,10,0.4341162420382166,0,31,None,66,1,5,False,10,10
2302,32,degCent,10,0.4713375796178344,0,31,None,66,1,5,False,10,10
2303,33,degCent,10,0.4997014331210191,0,31,None,66,1,5,False,10,10
2304,34,degCent,10,0.5141321656050956,0,31,None,66,1,5,False,10,10
2305,25,degCent,10,0.4463574840764331,0,7,None,66,1,5,False,10,10
2306,26,degCent,10,0.4882563694267516,0,7,None,66,1,5,False,10,10
2307,27,degCent,10,0.416202229299363,0,7,None,66,1,5,False,10,10
2308,28,degCent,10,0.4066480891719745,0,7,None,66,1,5,False,10,10
2309,29,degCent,10,0.4121218152866242,0,7,None,66,1,5,False,10,10
2310,25,degCent,10,0.4159036624203822,0,4,None,66,1,5,False,10,10
2311,26,degCent,10,0.3973925159235669,0,4,None,66,1,5,False,10,10
2312,27,degCent,10,0.3904259554140127,0,4,None,66,1,5,False,10,10
2313,28,degCent,10,0.4018710191082802,0,4,None,66,1,5,False,10,10
2314,29,degCent,10,0.4132165605095541,0,4,None,66,1,5,False,10,10
2315,25,degCent,10,0.2756767515923566,0,32,None,66,1,5,False,10,10
2316,26,degCent,10,0.3032444267515923,0,32,None,66,1,5,False,10,10
2317,27,degCent,10,0.3655453821656051,0,32,None,66,1,5,False,10,10
2318,28,degCent,10,0.4150079617834395,0,32,None,66,1,5,False,10,10
2319,29,degCent,10,0.4059514331210191,0,32,None,66,1,5,False,10,10
2320,30,degCent,10,0.4534235668789809,0,24,None,66,1,5,False,10,10
2321,31,degCent,10,0.4343152866242038,0,24,None,66,1,5,False,10,10
2322,32,degCent,10,0.4392914012738853,0,24,None,66,1,5,False,10,10
2323,33,degCent,10,0.4492436305732484,0,24,None,66,1,5,False,10,10
2324,34,degCent,10,0.4633757961783439,0,24,None,66,1,5,False,10,10
2325,30,degCent,10,0.409733280254777,0,1,None,66,1,5,False,10,10
2326,31,degCent,10,0.4168988853503185,0,1,None,66,1,5,False,10,10
2327,32,degCent,10,0.427249203821656,0,1,None,66,1,5,False,10,10
2328,33,degCent,10,0.4368033439490446,0,1,None,66,1,5,False,10,10
2329,34,degCent,10,0.4450636942675159,0,1,None,66,1,5,False,10,10
2330,30,degCent,10,0.4025676751592357,0,21,None,66,1,5,False,10,10
2331,31,degCent,10,0.4150079617834395,0,21,None,66,1,5,False,10,10
2332,32,degCent,10,0.4204816878980891,0,21,None,66,1,5,False,10,10
2333,33,degCent,10,0.4243630573248407,0,21,None,66,1,5,False,10,10
2334,34,degCent,10,0.4301353503184713,0,21,None,66,1,5,False,10,10
2335,30,degCent,10,0.3493232484076433,0,27,None,66,1,5,False,10,10
2336,31,degCent,10,0.3718152866242038,0,27,None,66,1,5,False,10,10
2337,32,degCent,10,0.4189888535031847,0,27,None,66,1,5,False,10,10
2338,33,degCent,10,0.4461584394904458,0,27,None,66,1,5,False,10,10
2339,34,degCent,10,0.4620820063694267,0,27,None,66,1,5,False,10,10
2340,30,degCent,10,0.416202229299363,0,29,None,66,1,5,False,10,10
2341,31,degCent,10,0.4301353503184713,0,29,None,66,1,5,False,10,10
2342,32,degCent,10,0.4413813694267516,0,29,None,66,1,5,False,10,10
2343,33,degCent,10,0.4621815286624204,0,29,None,66,1,5,False,10,10
2344,34,degCent,10,0.48328025477707,0,29,None,66,1,5,False,10,10
2345,30,degCent,10,0.417296974522293,0,2,None,66,1,5,False,10,10
2346,31,degCent,10,0.400577229299363,0,2,None,66,1,5,False,10,10
2347,32,degCent,10,0.3958001592356688,0,2,None,66,1,5,False,10,10
2348,33,degCent,10,0.4003781847133758,0,2,None,66,1,5,False,10,10
2349,34,degCent,10,0.4117237261146497,0,2,None,66,1,5,False,10,10
2350,30,degCent,10,0.4912420382165605,0,17,None,66,1,5,False,10,10
2351,31,degCent,10,0.4592953821656051,0,17,None,66,1,5,False,10,10
2352,32,degCent,10,0.4721337579617834,0,17,None,66,1,5,False,10,10
2353,33,degCent,10,0.4915406050955414,0,17,None,66,1,5,False,10,10
2354,34,degCent,10,0.5093550955414012,0,17,None,66,1,5,False,10,10
2355,30,degCent,10,0.3441480891719745,0,9,None,66,1,5,False,10,10
2356,31,degCent,10,0.3522093949044586,0,9,None,66,1,5,False,10,10
2357,32,degCent,10,0.4009753184713376,0,9,None,66,1,5,False,10,10
2358,33,degCent,10,0.4414808917197452,0,9,None,66,1,5,False,10,10
2359,34,degCent,10,0.4775079617834395,0,9,None,66,1,5,False,10,10
2360,30,degCent,10,0.3534036624203822,0,28,None,66,1,5,False,10,10
2361,31,degCent,10,0.3650477707006369,0,28,None,66,1,5,False,10,10
2362,32,degCent,10,0.3785828025477707,0,28,None,66,1,5,False,10,10
2363,33,degCent,10,0.3907245222929936,0,28,None,66,1,5,False,10,10
2364,34,degCent,10,0.4036624203821656,0,28,None,66,1,5,False,10,10
2365,30,degCent,10,0.5061703821656051,0,5,None,66,1,5,False,10,10
2366,31,degCent,10,0.5027866242038217,0,5,None,66,1,5,False,10,10
2367,32,degCent,10,0.49890525477707,0,5,None,66,1,5,False,10,10
2368,33,degCent,10,0.5029856687898089,0,5,None,66,1,5,False,10,10
2369,34,degCent,10,0.5124402866242038,0,5,None,66,1,5,False,10,10
2370,30,degCent,10,0.4438694267515923,0,26,None,66,1,5,False,10,10
2371,31,degCent,10,0.4644705414012738,0,26,None,66,1,5,False,10,10
2372,32,degCent,10,0.4984076433121019,0,26,None,66,1,5,False,10,10
2373,33,degCent,10,0.5184116242038217,0,26,None,66,1,5,False,10,10
2374,34,degCent,10,0.5201035031847133,0,26,None,66,1,5,False,10,10
2375,30,degCent,10,0.3356886942675159,0,30,None,66,1,5,False,10,10
2376,31,degCent,10,0.3355891719745223,0,30,None,66,1,5,False,10,10
2377,32,degCent,10,0.3567874203821656,0,30,None,66,1,5,False,10,10
2378,33,degCent,10,0.3858479299363057,0,30,None,66,1,5,False,10,10
2379,34,degCent,10,0.4092356687898089,0,30,None,66,1,5,False,10,10
2380,30,degCent,10,0.3961982484076433,0,20,None,66,1,5,False,10,10
2381,31,degCent,10,0.3792794585987261,0,20,None,66,1,5,False,10,10
2382,32,degCent,10,0.3858479299363057,0,20,None,66,1,5,False,10,10
2383,33,degCent,10,0.4100318471337579,0,20,None,66,1,5,False,10,10
2384,34,degCent,10,0.4295382165605095,0,20,None,66,1,5,False,10,10
2385,30,degCent,10,0.4063495222929936,0,14,None,66,1,5,False,10,10
2386,31,degCent,10,0.4058519108280254,0,14,None,66,1,5,False,10,10
2387,32,degCent,10,0.4165007961783439,0,14,None,66,1,5,False,10,10
2388,33,degCent,10,0.4248606687898089,0,14,None,66,1,5,False,10,10
2389,34,degCent,10,0.4305334394904458,0,14,None,66,1,5,False,10,10
2390,30,degCent,10,0.4322253184713376,0,22,None,66,1,5,False,10,10
2391,31,degCent,10,0.4390923566878981,0,22,None,66,1,5,False,10,10
2392,32,degCent,10,0.4724323248407643,0,22,None,66,1,5,False,10,10
2393,33,degCent,10,0.4848726114649681,0,22,None,66,1,5,False,10,10
2394,34,degCent,10,0.4894506369426751,0,22,None,66,1,5,False,10,10
2395,30,degCent,10,0.4012738853503185,0,23,None,66,1,5,False,10,10
2396,31,degCent,10,0.4574044585987261,0,23,None,66,1,5,False,10,10
2397,32,degCent,10,0.4961186305732484,0,23,None,66,1,5,False,10,10
2398,33,degCent,10,0.4708399681528662,0,23,None,66,1,5,False,10,10
2399,34,degCent,10,0.4838773885350318,0,23,None,66,1,5,False,10,10
2400,30,degCent,10,0.4308320063694267,0,7,None,66,1,5,False,10,10
2401,31,degCent,10,0.440983280254777,0,7,None,66,1,5,False,10,10
2402,32,degCent,10,0.4613853503184713,0,7,None,66,1,5,False,10,10
2403,33,degCent,10,0.4795979299363057,0,7,None,66,1,5,False,10,10
2404,34,degCent,10,0.4958200636942675,0,7,None,66,1,5,False,10,10
2405,30,degCent,10,0.3902269108280254,0,6,None,66,1,5,False,10,10
2406,31,degCent,10,0.3779856687898089,0,6,None,66,1,5,False,10,10
2407,32,degCent,10,0.3944068471337579,0,6,None,66,1,5,False,10,10
2408,33,degCent,10,0.4150079617834395,0,6,None,66,1,5,False,10,10
2409,34,degCent,10,0.4405851910828025,0,6,None,66,1,5,False,10,10
2410,30,degCent,10,0.4953224522292994,0,32,None,66,1,5,False,10,10
2411,31,degCent,10,0.5241839171974523,0,32,None,66,1,5,False,10,10
2412,32,degCent,10,0.4959195859872611,0,32,None,66,1,5,False,10,10
2413,33,degCent,10,0.4921377388535032,0,32,None,66,1,5,False,10,10
2414,34,degCent,10,0.4963176751592357,0,32,None,66,1,5,False,10,10
2415,30,degCent,10,0.3640525477707006,0,13,None,66,1,5,False,10,10
2416,31,degCent,10,0.3725119426751592,0,13,None,66,1,5,False,10,10
2417,32,degCent,10,0.3818670382165605,0,13,None,66,1,5,False,10,10
2418,33,degCent,10,0.3908240445859872,0,13,None,66,1,5,False,10,10
2419,34,degCent,10,0.4047571656050955,0,13,None,66,1,5,False,10,10
2420,30,degCent,10,0.4704418789808917,0,12,None,66,1,5,False,10,10
2421,31,degCent,10,0.4898487261146497,0,12,None,66,1,5,False,10,10
2422,32,degCent,10,0.4460589171974522,0,12,None,66,1,5,False,10,10
2423,33,degCent,10,0.4375995222929936,0,12,None,66,1,5,False,10,10
2424,34,degCent,10,0.4416799363057325,0,12,None,66,1,5,False,10,10
2425,30,degCent,10,0.3848527070063694,0,8,None,66,1,5,False,10,10
2426,31,degCent,10,0.3962977707006369,0,8,None,66,1,5,False,10,10
2427,32,degCent,10,0.4054538216560509,0,8,None,66,1,5,False,10,10
2428,33,degCent,10,0.4168988853503185,0,8,None,66,1,5,False,10,10
2429,34,degCent,10,0.4579020700636942,0,8,None,66,1,5,False,10,10
2430,30,degCent,10,0.4228702229299363,0,0,None,66,1,5,False,10,10
2431,31,degCent,10,0.4248606687898089,0,0,None,66,1,5,False,10,10
2432,32,degCent,10,0.4307324840764331,0,0,None,66,1,5,False,10,10
2433,33,degCent,10,0.4384952229299363,0,0,None,66,1,5,False,10,10
2434,34,degCent,10,0.4469546178343949,0,0,None,66,1,5,False,10,10
2435,30,degCent,10,0.3496218152866242,0,16,None,66,1,5,False,10,10
2436,31,degCent,10,0.3524084394904458,0,16,None,66,1,5,False,10,10
2437,32,degCent,10,0.3616640127388535,0,16,None,66,1,5,False,10,10
2438,33,degCent,10,0.3676353503184713,0,16,None,66,1,5,False,10,10
2439,34,degCent,10,0.3743033439490446,0,16,None,66,1,5,False,10,10
2440,30,degCent,10,0.4689490445859872,0,18,None,66,1,5,False,10,10
2441,31,degCent,10,0.4579020700636942,0,18,None,66,1,5,False,10,10
2442,32,degCent,10,0.4731289808917197,0,18,None,66,1,5,False,10,10
2443,33,degCent,10,0.4850716560509554,0,18,None,66,1,5,False,10,10
2444,34,degCent,10,0.4949243630573248,0,18,None,66,1,5,False,10,10
2445,30,degCent,10,0.4432722929936306,0,19,None,66,1,5,False,10,10
2446,31,degCent,10,0.4499402866242038,0,19,None,66,1,5,False,10,10
2447,32,degCent,10,0.4507364649681528,0,19,None,66,1,5,False,10,10
2448,33,degCent,10,0.4552149681528662,0,19,None,66,1,5,False,10,10
2449,34,degCent,10,0.4574044585987261,0,19,None,66,1,5,False,10,10
2450,30,degCent,10,0.4274482484076433,0,4,None,66,1,5,False,10,10
2451,31,degCent,10,0.4307324840764331,0,4,None,66,1,5,False,10,10
2452,32,degCent,10,0.4375,0,4,None,66,1,5,False,10,10
2453,33,degCent,10,0.4448646496815286,0,4,None,66,1,5,False,10,10
2454,34,degCent,10,0.4516321656050955,0,4,None,66,1,5,False,10,10
2455,30,degCent,10,0.4721337579617834,0,3,None,66,1,5,False,10,10
2456,31,degCent,10,0.45203025477707,0,3,None,66,1,5,False,10,10
2457,32,degCent,10,0.4543192675159235,0,3,None,66,1,5,False,10,10
2458,33,degCent,10,0.4575039808917197,0,3,None,66,1,5,False,10,10
2459,34,degCent,10,0.4637738853503185,0,3,None,66,1,5,False,10,10
2460,30,degCent,10,0.4690485668789809,0,10,None,66,1,5,False,10,10
2461,31,degCent,10,0.4735270700636942,0,10,None,66,1,5,False,10,10
2462,32,degCent,10,0.4754179936305732,0,10,None,66,1,5,False,10,10
2463,33,degCent,10,0.4780055732484076,0,10,None,66,1,5,False,10,10
2464,34,degCent,10,0.4791998407643312,0,10,None,66,1,5,False,10,10
2465,30,degCent,10,0.3588773885350318,0,11,None,66,1,5,False,10,10
2466,31,degCent,10,0.3631568471337579,0,11,None,66,1,5,False,10,10
2467,32,degCent,10,0.3676353503184713,0,11,None,66,1,5,False,10,10
2468,33,degCent,10,0.4046576433121019,0,11,None,66,1,5,False,10,10
2469,34,degCent,10,0.4325238853503185,0,11,None,66,1,5,False,10,10
2470,30,degCent,10,0.4119227707006369,0,15,None,66,1,5,False,10,10
2471,31,degCent,10,0.418093152866242,0,15,None,66,1,5,False,10,10
2472,32,degCent,10,0.4196855095541401,0,15,None,66,1,5,False,10,10
2473,33,degCent,10,0.4208797770700637,0,15,None,66,1,5,False,10,10
2474,34,degCent,10,0.4489450636942675,0,15,None,66,1,5,False,10,10
3630,35,degCent,10,0.451234076433121,0,2,None,66,1,5,False,10,10
3631,36,degCent,10,0.4709394904458598,0,2,None,66,1,5,False,10,10
3632,37,degCent,10,0.4874601910828025,0,2,None,66,1,5,False,10,10
3633,38,degCent,10,0.5007961783439491,0,2,None,66,1,5,False,10,10
3634,39,degCent,10,0.5090565286624203,0,2,None,66,1,5,False,10,10
3635,35,degCent,10,0.5254777070063694,0,5,None,66,1,5,False,10,10
3636,36,degCent,10,0.5309514331210191,0,5,None,66,1,5,False,10,10
3637,37,degCent,10,0.5372213375796179,0,5,None,66,1,5,False,10,10
3638,38,degCent,10,0.5438893312101911,0,5,None,66,1,5,False,10,10
3639,39,degCent,10,0.5498606687898089,0,5,None,66,1,5,False,10,10
3640,35,degCent,10,0.4153065286624204,0,13,None,66,1,5,False,10,10
3641,36,degCent,10,0.4324243630573248,0,13,None,66,1,5,False,10,10
3642,37,degCent,10,0.4582006369426751,0,13,None,66,1,5,False,10,10
3643,38,degCent,10,0.4811902866242038,0,13,None,66,1,5,False,10,10
3644,39,degCent,10,0.4968152866242038,0,13,None,66,1,5,False,10,10
3645,35,degCent,10,0.4335191082802547,0,16,None,66,1,5,False,10,10
3646,36,degCent,10,0.4477507961783439,0,16,None,66,1,5,False,10,10
3647,37,degCent,10,0.4597929936305732,0,16,None,66,1,5,False,10,10
3648,38,degCent,10,0.4703423566878981,0,16,None,66,1,5,False,10,10
3649,39,degCent,10,0.4790007961783439,0,16,None,66,1,5,False,10,10
3650,35,degCent,10,0.4854697452229299,0,8,None,66,1,5,False,10,10
3651,36,degCent,10,0.5016918789808917,0,8,None,66,1,5,False,10,10
3652,37,degCent,10,0.5251791401273885,0,8,None,66,1,5,False,10,10
3653,38,degCent,10,0.5429936305732485,0,8,None,66,1,5,False,10,10
3654,39,degCent,10,0.5562300955414012,0,8,None,66,1,5,False,10,10
3655,35,degCent,10,0.4324243630573248,0,20,None,66,1,5,False,10,10
3656,36,degCent,10,0.4379976114649681,0,20,None,66,1,5,False,10,10
3657,37,degCent,10,0.463077229299363,0,20,None,66,1,5,False,10,10
3658,38,degCent,10,0.4871616242038216,0,20,None,66,1,5,False,10,10
3659,39,degCent,10,0.5097531847133758,0,20,None,66,1,5,False,10,10
3660,35,degCent,10,0.4587977707006369,0,19,None,66,1,5,False,10,10
3661,36,degCent,10,0.4585987261146497,0,19,None,66,1,5,False,10,10
3662,37,degCent,10,0.4613853503184713,0,19,None,66,1,5,False,10,10
3663,38,degCent,10,0.4735270700636942,0,19,None,66,1,5,False,10,10
3664,39,degCent,10,0.4918391719745223,0,19,None,66,1,5,False,10,10
3665,35,degCent,10,0.4361066878980891,0,14,None,66,1,5,False,10,10
3666,36,degCent,10,0.439390923566879,0,14,None,66,1,5,False,10,10
3667,37,degCent,10,0.4440684713375796,0,14,None,66,1,5,False,10,10
3668,38,degCent,10,0.4495421974522293,0,14,None,66,1,5,False,10,10
3669,39,degCent,10,0.455812101910828,0,14,None,66,1,5,False,10,10
3670,35,degCent,10,0.4879578025477707,0,22,None,66,1,5,False,10,10
3671,36,degCent,10,0.4906449044585987,0,22,None,66,1,5,False,10,10
3672,37,degCent,10,0.4955214968152866,0,22,None,66,1,5,False,10,10
3673,38,degCent,10,0.5001990445859873,0,22,None,66,1,5,False,10,10
3674,39,degCent,10,0.5101512738853503,0,22,None,66,1,5,False,10,10
3675,35,degCent,10,0.5490644904458599,0,23,None,66,1,5,False,10,10
3676,36,degCent,10,0.5342356687898089,0,23,None,66,1,5,False,10,10
3677,37,degCent,10,0.5313495222929936,0,23,None,66,1,5,False,10,10
3678,38,degCent,10,0.5419984076433121,0,23,None,66,1,5,False,10,10
3679,39,degCent,10,0.5551353503184714,0,23,None,66,1,5,False,10,10
3680,35,degCent,10,0.4296377388535032,0,21,None,66,1,5,False,10,10
3681,36,degCent,10,0.4351114649681528,0,21,None,66,1,5,False,10,10
3682,37,degCent,10,0.4426751592356688,0,21,None,66,1,5,False,10,10
3683,38,degCent,10,0.4515326433121019,0,21,None,66,1,5,False,10,10
3684,39,degCent,10,0.4572054140127388,0,21,None,66,1,5,False,10,10
3685,35,degCent,10,0.4684514331210191,0,25,None,66,1,5,False,10,10
3686,36,degCent,10,0.4754179936305732,0,25,None,66,1,5,False,10,10
3687,37,degCent,10,0.4818869426751592,0,25,None,66,1,5,False,10,10
3688,38,degCent,10,0.4901472929936306,0,25,None,66,1,5,False,10,10
3689,39,degCent,10,0.5000995222929936,0,25,None,66,1,5,False,10,10
3690,35,degCent,10,0.5000995222929936,0,26,None,66,1,5,False,10,10
3691,36,degCent,10,0.5203025477707006,0,26,None,66,1,5,False,10,10
3692,37,degCent,10,0.5258757961783439,0,26,None,66,1,5,False,10,10
3693,38,degCent,10,0.5273686305732485,0,26,None,66,1,5,False,10,10
3694,39,degCent,10,0.528562898089172,0,26,None,66,1,5,False,10,10
3695,35,degCent,10,0.5048765923566879,0,12,None,66,1,5,False,10,10
3696,36,degCent,10,0.5028861464968153,0,12,None,66,1,5,False,10,10
3697,37,degCent,10,0.5013933121019108,0,12,None,66,1,5,False,10,10
3698,38,degCent,10,0.5125398089171974,0,12,None,66,1,5,False,10,10
3699,39,degCent,10,0.5241839171974523,0,12,None,66,1,5,False,10,10
3700,35,degCent,10,0.4309315286624204,0,28,None,66,1,5,False,10,10
3701,36,degCent,10,0.4414808917197452,0,28,None,66,1,5,False,10,10
3702,37,degCent,10,0.4636743630573248,0,28,None,66,1,5,False,10,10
3703,38,degCent,10,0.4844745222929936,0,28,None,66,1,5,False,10,10
3704,39,degCent,10,0.5032842356687898,0,28,None,66,1,5,False,10,10
3705,35,degCent,10,0.4792993630573248,0,29,None,66,1,5,False,10,10
3706,36,degCent,10,0.505672770700637,0,29,None,66,1,5,False,10,10
3707,37,degCent,10,0.519406847133758,0,29,None,66,1,5,False,10,10
3708,38,degCent,10,0.5319466560509554,0,29,None,66,1,5,False,10,10
3709,39,degCent,10,0.5420979299363057,0,29,None,66,1,5,False,10,10
3710,35,degCent,10,0.526671974522293,0,9,None,66,1,5,False,10,10
3711,36,degCent,10,0.5411027070063694,0,9,None,66,1,5,False,10,10
3712,37,degCent,10,0.5551353503184714,0,9,None,66,1,5,False,10,10
3713,38,degCent,10,0.568172770700637,0,9,None,66,1,5,False,10,10
3714,39,degCent,10,0.5791202229299363,0,9,None,66,1,5,False,10,10
3715,35,degCent,10,0.4783041401273885,0,6,None,66,1,5,False,10,10
3716,36,degCent,10,0.4819864649681528,0,6,None,66,1,5,False,10,10
3717,37,degCent,10,0.4865644904458598,0,6,None,66,1,5,False,10,10
3718,38,degCent,10,0.4904458598726114,0,6,None,66,1,5,False,10,10
3719,39,degCent,10,0.4929339171974522,0,6,None,66,1,5,False,10,10
3720,35,degCent,10,0.5084593949044586,0,18,None,66,1,5,False,10,10
3721,36,degCent,10,0.5113455414012739,0,18,None,66,1,5,False,10,10
3722,37,degCent,10,0.5152269108280255,0,18,None,66,1,5,False,10,10
3723,38,degCent,10,0.5213972929936306,0,18,None,66,1,5,False,10,10
3724,39,degCent,10,0.5290605095541401,0,18,None,66,1,5,False,10,10
3725,35,degCent,10,0.5334394904458599,0,32,None,66,1,5,False,10,10
3726,36,degCent,10,0.5206011146496815,0,32,None,66,1,5,False,10,10
3727,37,degCent,10,0.5235867834394905,0,32,None,66,1,5,False,10,10
3728,38,degCent,10,0.5289609872611465,0,32,None,66,1,5,False,10,10
3729,39,degCent,10,0.5374203821656051,0,32,None,66,1,5,False,10,10
3730,35,degCent,10,0.5185111464968153,0,7,None,66,1,5,False,10,10
3731,36,degCent,10,0.5205015923566879,0,7,None,66,1,5,False,10,10
3732,37,degCent,10,0.5263734076433121,0,7,None,66,1,5,False,10,10
3733,38,degCent,10,0.5307523885350318,0,7,None,66,1,5,False,10,10
3734,39,degCent,10,0.5342356687898089,0,7,None,66,1,5,False,10,10
3735,35,degCent,10,0.4407842356687898,0,1,None,66,1,5,False,10,10
3736,36,degCent,10,0.4513335987261146,0,1,None,66,1,5,False,10,10
3737,37,degCent,10,0.4576035031847134,0,1,None,66,1,5,False,10,10
3738,38,degCent,10,0.4626791401273885,0,1,None,66,1,5,False,10,10
3739,39,degCent,10,0.4694466560509554,0,1,None,66,1,5,False,10,10
3740,35,degCent,10,0.4780055732484076,0,10,None,66,1,5,False,10,10
3741,36,degCent,10,0.4808917197452229,0,10,None,66,1,5,False,10,10
3742,37,degCent,10,0.4877587579617834,0,10,None,66,1,5,False,10,10
3743,38,degCent,10,0.4971138535031847,0,10,None,66,1,5,False,10,10
3744,39,degCent,10,0.5048765923566879,0,10,None,66,1,5,False,10,10
3745,35,degCent,10,0.4972133757961783,0,4,None,66,1,5,False,10,10
3746,36,degCent,10,0.494327229299363,0,4,None,66,1,5,False,10,10
3747,37,degCent,10,0.503781847133758,0,4,None,66,1,5,False,10,10
3748,38,degCent,10,0.5150278662420382,0,4,None,66,1,5,False,10,10
3749,39,degCent,10,0.5254777070063694,0,4,None,66,1,5,False,10,10
3750,35,degCent,10,0.5081608280254777,0,15,None,66,1,5,False,10,10
3751,36,degCent,10,0.5177149681528662,0,15,None,66,1,5,False,10,10
3752,37,degCent,10,0.5295581210191083,0,15,None,66,1,5,False,10,10
3753,38,degCent,10,0.5423964968152867,0,15,None,66,1,5,False,10,10
3754,39,degCent,10,0.5551353503184714,0,15,None,66,1,5,False,10,10
3755,35,degCent,10,0.4547173566878981,0,11,None,66,1,5,False,10,10
3756,36,degCent,10,0.4645700636942675,0,11,None,66,1,5,False,10,10
3757,37,degCent,10,0.4731289808917197,0,11,None,66,1,5,False,10,10
3758,38,degCent,10,0.4886544585987261,0,11,None,66,1,5,False,10,10
3759,39,degCent,10,0.5061703821656051,0,11,None,66,1,5,False,10,10
3760,35,degCent,10,0.5253781847133758,0,17,None,66,1,5,False,10,10
3761,36,degCent,10,0.5327428343949044,0,17,None,66,1,5,False,10,10
3762,37,degCent,10,0.5415007961783439,0,17,None,66,1,5,False,10,10
3763,38,degCent,10,0.5480692675159236,0,17,None,66,1,5,False,10,10
3764,39,degCent,10,0.5530453821656051,0,17,None,66,1,5,False,10,10
3765,35,degCent,10,0.4755175159235669,0,3,None,66,1,5,False,10,10
3766,36,degCent,10,0.481389331210191,0,3,None,66,1,5,False,10,10
3767,37,degCent,10,0.4886544585987261,0,3,None,66,1,5,False,10,10
3768,38,degCent,10,0.4984076433121019,0,3,None,66,1,5,False,10,10
3769,39,degCent,10,0.5070660828025477,0,3,None,66,1,5,False,10,10
3770,35,degCent,10,0.4849721337579618,0,24,None,66,1,5,False,10,10
3771,36,degCent,10,0.4894506369426751,0,24,None,66,1,5,False,10,10
3772,37,degCent,10,0.4971138535031847,0,24,None,66,1,5,False,10,10
3773,38,degCent,10,0.5051751592356688,0,24,None,66,1,5,False,10,10
3774,39,degCent,10,0.5160230891719745,0,24,None,66,1,5,False,10,10
3775,35,degCent,10,0.4917396496815286,0,27,None,66,1,5,False,10,10
3776,36,degCent,10,0.5210987261146497,0,27,None,66,1,5,False,10,10
3777,37,degCent,10,0.5374203821656051,0,27,None,66,1,5,False,10,10
3778,38,degCent,10,0.5492635350318471,0,27,None,66,1,5,False,10,10
3779,39,degCent,10,0.5585191082802548,0,27,None,66,1,5,False,10,10
3780,35,degCent,10,0.4640724522292994,0,0,None,66,1,5,False,10,10
3781,36,degCent,10,0.4677547770700637,0,0,None,66,1,5,False,10,10
3782,37,degCent,10,0.473328025477707,0,0,None,66,1,5,False,10,10
3783,38,degCent,10,0.4806926751592357,0,0,None,66,1,5,False,10,10
3784,39,degCent,10,0.4947253184713376,0,0,None,66,1,5,False,10,10
3785,35,degCent,10,0.4350119426751592,0,30,None,66,1,5,False,10,10
3786,36,degCent,10,0.4405851910828025,0,30,None,66,1,5,False,10,10
3787,37,degCent,10,0.446656050955414,0,30,None,66,1,5,False,10,10
3788,38,degCent,10,0.4505374203821656,0,30,None,66,1,5,False,10,10
3789,39,degCent,10,0.453921178343949,0,30,None,66,1,5,False,10,10
3790,35,degCent,10,0.5047770700636943,0,31,None,66,1,5,False,10,10
3791,36,degCent,10,0.5075636942675159,0,31,None,66,1,5,False,10,10
3792,37,degCent,10,0.5047770700636943,0,31,None,66,1,5,False,10,10
3793,38,degCent,10,0.4996019108280254,0,31,None,66,1,5,False,10,10
3794,39,degCent,10,0.4991042993630573,0,31,None,66,1,5,False,10,10
3795,40,degCent,10,0.4702428343949044,0,1,None,66,1,5,False,10,10
3796,41,degCent,10,0.4770103503184713,0,1,None,66,1,5,False,10,10
3797,42,degCent,10,0.4837778662420382,0,1,None,66,1,5,False,10,10
3798,43,degCent,10,0.4901472929936306,0,1,None,66,1,5,False,10,10
3799,44,degCent,10,0.497014331210191,0,1,None,66,1,5,False,10,10
3800,40,degCent,10,0.5132364649681529,0,2,None,66,1,5,False,10,10
3801,41,degCent,10,0.5226910828025477,0,2,None,66,1,5,False,10,10
3802,42,degCent,10,0.5278662420382165,0,2,None,66,1,5,False,10,10
3803,43,degCent,10,0.5330414012738853,0,2,None,66,1,5,False,10,10
3804,44,degCent,10,0.5373208598726115,0,2,None,66,1,5,False,10,10
3805,40,degCent,10,0.5126393312101911,0,11,None,66,1,5,False,10,10
3806,41,degCent,10,0.5276671974522293,0,11,None,66,1,5,False,10,10
3807,42,degCent,10,0.5442874203821656,0,11,None,66,1,5,False,10,10
3808,43,degCent,10,0.5604100318471338,0,11,None,66,1,5,False,10,10
3809,44,degCent,10,0.5759355095541401,0,11,None,66,1,5,False,10,10
3810,40,degCent,10,0.5535429936305732,0,15,None,66,1,5,False,10,10
3811,41,degCent,10,0.5703622611464968,0,15,None,66,1,5,False,10,10
3812,42,degCent,10,0.5828025477707006,0,15,None,66,1,5,False,10,10
3813,43,degCent,10,0.5925557324840764,0,15,None,66,1,5,False,10,10
3814,44,degCent,10,0.6012141719745223,0,15,None,66,1,5,False,10,10
3815,40,degCent,10,0.5418988853503185,0,22,None,66,1,5,False,10,10
3816,41,degCent,10,0.5515525477707006,0,22,None,66,1,5,False,10,10
3817,42,degCent,10,0.5603105095541401,0,22,None,66,1,5,False,10,10
3818,43,degCent,10,0.5655851910828026,0,22,None,66,1,5,False,10,10
3819,44,degCent,10,0.5723527070063694,0,22,None,66,1,5,False,10,10
3820,40,degCent,10,0.5021894904458599,0,10,None,66,1,5,False,10,10
3821,41,degCent,10,0.5198049363057324,0,10,None,66,1,5,False,10,10
3822,42,degCent,10,0.5275676751592356,0,10,None,66,1,5,False,10,10
3823,43,degCent,10,0.5354299363057324,0,10,None,66,1,5,False,10,10
3824,44,degCent,10,0.542296974522293,0,10,None,66,1,5,False,10,10
3825,40,degCent,10,0.5549363057324841,0,32,None,66,1,5,False,10,10
3826,41,degCent,10,0.5613057324840764,0,32,None,66,1,5,False,10,10
3827,42,degCent,10,0.5688694267515924,0,32,None,66,1,5,False,10,10
3828,43,degCent,10,0.5771297770700637,0,32,None,66,1,5,False,10,10
3829,44,degCent,10,0.5846934713375797,0,32,None,66,1,5,False,10,10
3830,40,degCent,10,0.5322452229299363,0,25,None,66,1,5,False,10,10
3831,41,degCent,10,0.5420979299363057,0,25,None,66,1,5,False,10,10
3832,42,degCent,10,0.5532444267515924,0,25,None,66,1,5,False,10,10
3833,43,degCent,10,0.5658837579617835,0,25,None,66,1,5,False,10,10
3834,44,degCent,10,0.5769307324840764,0,25,None,66,1,5,False,10,10
3835,40,degCent,10,0.5054737261146497,0,13,None,66,1,5,False,10,10
3836,41,degCent,10,0.5182125796178344,0,13,None,66,1,5,False,10,10
3837,42,degCent,10,0.5279657643312102,0,13,None,66,1,5,False,10,10
3838,43,degCent,10,0.5373208598726115,0,13,None,66,1,5,False,10,10
3839,44,degCent,10,0.5440883757961783,0,13,None,66,1,5,False,10,10
3840,40,degCent,10,0.5909633757961783,0,23,None,66,1,5,False,10,10
3841,41,degCent,10,0.5768312101910829,0,23,None,66,1,5,False,10,10
3842,42,degCent,10,0.5846934713375797,0,23,None,66,1,5,False,10,10
3843,43,degCent,10,0.5963375796178344,0,23,None,66,1,5,False,10,10
3844,44,degCent,10,0.6057921974522293,0,23,None,66,1,5,False,10,10
3845,40,degCent,10,0.5207006369426752,0,28,None,66,1,5,False,10,10
3846,41,degCent,10,0.5324442675159236,0,28,None,66,1,5,False,10,10
3847,42,degCent,10,0.5438893312101911,0,28,None,66,1,5,False,10,10
3848,43,degCent,10,0.5530453821656051,0,28,None,66,1,5,False,10,10
3849,44,degCent,10,0.5625995222929936,0,28,None,66,1,5,False,10,10
3850,40,degCent,10,0.5470740445859873,0,29,None,66,1,5,False,10,10
3851,41,degCent,10,0.5532444267515924,0,29,None,66,1,5,False,10,10
3852,42,degCent,10,0.5599124203821656,0,29,None,66,1,5,False,10,10
3853,43,degCent,10,0.5658837579617835,0,29,None,66,1,5,False,10,10
3854,44,degCent,10,0.5715565286624203,0,29,None,66,1,5,False,10,10
3855,40,degCent,10,0.5851910828025477,0,9,None,66,1,5,False,10,10
3856,41,degCent,10,0.5971337579617835,0,9,None,66,1,5,False,10,10
3857,42,degCent,10,0.6044984076433121,0,9,None,66,1,5,False,10,10
3858,43,degCent,10,0.6081807324840764,0,9,None,66,1,5,False,10,10
3859,44,degCent,10,0.6114649681528662,0,9,None,66,1,5,False,10,10
3860,40,degCent,10,0.555234872611465,0,5,None,66,1,5,False,10,10
3861,41,degCent,10,0.560609076433121,0,5,None,66,1,5,False,10,10
3862,42,degCent,10,0.5657842356687898,0,5,None,66,1,5,False,10,10
3863,43,degCent,10,0.5718550955414012,0,5,None,66,1,5,False,10,10
3864,44,degCent,10,0.5768312101910829,0,5,None,66,1,5,False,10,10
3865,40,degCent,10,0.4930334394904458,0,6,None,66,1,5,False,10,10
3866,41,degCent,10,0.4948248407643312,0,6,None,66,1,5,False,10,10
3867,42,degCent,10,0.4973128980891719,0,6,None,66,1,5,False,10,10
3868,43,degCent,10,0.4993033439490446,0,6,None,66,1,5,False,10,10
3869,44,degCent,10,0.5008957006369427,0,6,None,66,1,5,False,10,10
3870,40,degCent,10,0.539609872611465,0,7,None,66,1,5,False,10,10
3871,41,degCent,10,0.544187898089172,0,7,None,66,1,5,False,10,10
3872,42,degCent,10,0.5480692675159236,0,7,None,66,1,5,False,10,10
3873,43,degCent,10,0.5517515923566879,0,7,None,66,1,5,False,10,10
3874,44,degCent,10,0.5556329617834395,0,7,None,66,1,5,False,10,10
3875,40,degCent,10,0.4597929936305732,0,14,None,66,1,5,False,10,10
3876,41,degCent,10,0.4644705414012738,0,14,None,66,1,5,False,10,10
3877,42,degCent,10,0.4694466560509554,0,14,None,66,1,5,False,10,10
3878,43,degCent,10,0.4749203821656051,0,14,None,66,1,5,False,10,10
3879,44,degCent,10,0.4827826433121019,0,14,None,66,1,5,False,10,10
3880,40,degCent,10,0.5591162420382165,0,12,None,66,1,5,False,10,10
3881,41,degCent,10,0.5437898089171974,0,12,None,66,1,5,False,10,10
3882,42,degCent,10,0.5504578025477707,0,12,None,66,1,5,False,10,10
3883,43,degCent,10,0.5589171974522293,0,12,None,66,1,5,False,10,10
3884,44,degCent,10,0.5666799363057324,0,12,None,66,1,5,False,10,10
3885,40,degCent,10,0.5298566878980892,0,26,None,66,1,5,False,10,10
3886,41,degCent,10,0.5349323248407644,0,26,None,66,1,5,False,10,10
3887,42,degCent,10,0.5417993630573248,0,26,None,66,1,5,False,10,10
3888,43,degCent,10,0.5580214968152867,0,26,None,66,1,5,False,10,10
3889,44,degCent,10,0.5733479299363057,0,26,None,66,1,5,False,10,10
3890,40,degCent,10,0.455015923566879,0,30,None,66,1,5,False,10,10
3891,41,degCent,10,0.4587977707006369,0,30,None,66,1,5,False,10,10
3892,42,degCent,10,0.4616839171974522,0,30,None,66,1,5,False,10,10
3893,43,degCent,10,0.4675557324840764,0,30,None,66,1,5,False,10,10
3894,44,degCent,10,0.4803941082802547,0,30,None,66,1,5,False,10,10
3895,40,degCent,10,0.5105493630573248,0,20,None,66,1,5,False,10,10
3896,41,degCent,10,0.5324442675159236,0,20,None,66,1,5,False,10,10
3897,42,degCent,10,0.5454816878980892,0,20,None,66,1,5,False,10,10
3898,43,degCent,10,0.5581210191082803,0,20,None,66,1,5,False,10,10
3899,44,degCent,10,0.5695660828025477,0,20,None,66,1,5,False,10,10
3900,40,degCent,10,0.5567277070063694,0,17,None,66,1,5,False,10,10
3901,41,degCent,10,0.5627985668789809,0,17,None,66,1,5,False,10,10
3902,42,degCent,10,0.5663813694267515,0,17,None,66,1,5,False,10,10
3903,43,degCent,10,0.5695660828025477,0,17,None,66,1,5,False,10,10
3904,44,degCent,10,0.5728503184713376,0,17,None,66,1,5,False,10,10
3905,40,degCent,10,0.4573049363057325,0,21,None,66,1,5,False,10,10
3906,41,degCent,10,0.4628781847133758,0,21,None,66,1,5,False,10,10
3907,42,degCent,10,0.4710390127388535,0,21,None,66,1,5,False,10,10
3908,43,degCent,10,0.4790007961783439,0,21,None,66,1,5,False,10,10
3909,44,degCent,10,0.4892515923566879,0,21,None,66,1,5,False,10,10
3910,40,degCent,10,0.5217953821656051,0,24,None,66,1,5,False,10,10
3911,41,degCent,10,0.5353304140127388,0,24,None,66,1,5,False,10,10
3912,42,degCent,10,0.5480692675159236,0,24,None,66,1,5,False,10,10
3913,43,degCent,10,0.5594148089171974,0,24,None,66,1,5,False,10,10
3914,44,degCent,10,0.5700636942675159,0,24,None,66,1,5,False,10,10
3915,40,degCent,10,0.574343152866242,0,27,None,66,1,5,False,10,10
3916,41,degCent,10,0.5784235668789809,0,27,None,66,1,5,False,10,10
3917,42,degCent,10,0.5826035031847133,0,27,None,66,1,5,False,10,10
3918,43,degCent,10,0.5858877388535032,0,27,None,66,1,5,False,10,10
3919,44,degCent,10,0.5888734076433121,0,27,None,66,1,5,False,10,10
3920,40,degCent,10,0.5486664012738853,0,4,None,66,1,5,False,10,10
3921,41,degCent,10,0.556031050955414,0,4,None,66,1,5,False,10,10
3922,42,degCent,10,0.56140525477707,0,4,None,66,1,5,False,10,10
3923,43,degCent,10,0.567078025477707,0,4,None,66,1,5,False,10,10
3924,44,degCent,10,0.5732484076433121,0,4,None,66,1,5,False,10,10
3925,40,degCent,10,0.5218949044585988,0,0,None,66,1,5,False,10,10
3926,41,degCent,10,0.5349323248407644,0,0,None,66,1,5,False,10,10
3927,42,degCent,10,0.5489649681528662,0,0,None,66,1,5,False,10,10
3928,43,degCent,10,0.5608081210191083,0,0,None,66,1,5,False,10,10
3929,44,degCent,10,0.5701632165605095,0,0,None,66,1,5,False,10,10
3930,40,degCent,10,0.5200039808917197,0,16,None,66,1,5,False,10,10
3931,41,degCent,10,0.5330414012738853,0,16,None,66,1,5,False,10,10
3932,42,degCent,10,0.5447850318471338,0,16,None,66,1,5,False,10,10
3933,43,degCent,10,0.5534434713375797,0,16,None,66,1,5,False,10,10
3934,44,degCent,10,0.5631966560509554,0,16,None,66,1,5,False,10,10
3935,40,degCent,10,0.5592157643312102,0,8,None,66,1,5,False,10,10
3936,41,degCent,10,0.5705613057324841,0,8,None,66,1,5,False,10,10
3937,42,degCent,10,0.5779259554140127,0,8,None,66,1,5,False,10,10
3938,43,degCent,10,0.5831011146496815,0,8,None,66,1,5,False,10,10
3939,44,degCent,10,0.5869824840764332,0,8,None,66,1,5,False,10,10
3940,40,degCent,10,0.5170183121019108,0,3,None,66,1,5,False,10,10
3941,41,degCent,10,0.5259753184713376,0,3,None,66,1,5,False,10,10
3942,42,degCent,10,0.5351313694267515,0,3,None,66,1,5,False,10,10
3943,43,degCent,10,0.5439888535031847,0,3,None,66,1,5,False,10,10
3944,44,degCent,10,0.5512539808917197,0,3,None,66,1,5,False,10,10
3945,40,degCent,10,0.5386146496815286,0,18,None,66,1,5,False,10,10
3946,41,degCent,10,0.5429936305732485,0,18,None,66,1,5,False,10,10
3947,42,degCent,10,0.5498606687898089,0,18,None,66,1,5,False,10,10
3948,43,degCent,10,0.5538415605095541,0,18,None,66,1,5,False,10,10
3949,44,degCent,10,0.5600119426751592,0,18,None,66,1,5,False,10,10
3950,40,degCent,10,0.5100517515923567,0,19,None,66,1,5,False,10,10
3951,41,degCent,10,0.5190087579617835,0,19,None,66,1,5,False,10,10
3952,42,degCent,10,0.5354299363057324,0,19,None,66,1,5,False,10,10
3953,43,degCent,10,0.5501592356687898,0,19,None,66,1,5,False,10,10
3954,44,degCent,10,0.5615047770700637,0,19,None,66,1,5,False,10,10
3955,40,degCent,10,0.504578025477707,0,31,None,66,1,5,False,10,10
3956,41,degCent,10,0.4854697452229299,0,31,None,66,1,5,False,10,10
3957,42,degCent,10,0.4868630573248407,0,31,None,66,1,5,False,10,10
3958,43,degCent,10,0.4893511146496815,0,31,None,66,1,5,False,10,10
3959,44,degCent,10,0.4915406050955414,0,31,None,66,1,5,False,10,10
5445,45,degCent,10,0.4950238853503185,0,1,None,66,1,5,False,10,10
5446,46,degCent,10,0.5003980891719745,0,1,None,66,1,5,False,10,10
5447,47,degCent,10,0.5038813694267515,0,1,None,66,1,5,False,10,10
5448,48,degCent,10,0.5097531847133758,0,1,None,66,1,5,False,10,10
5449,49,degCent,10,0.5207006369426752,0,1,None,66,1,5,False,10,10
5450,45,degCent,10,0.5549363057324841,0,2,None,66,1,5,False,10,10
5451,46,degCent,10,0.5639928343949044,0,2,None,66,1,5,False,10,10
5452,47,degCent,10,0.5707603503184714,0,2,None,66,1,5,False,10,10
5453,48,degCent,10,0.5784235668789809,0,2,None,66,1,5,False,10,10
5454,49,degCent,10,0.584593949044586,0,2,None,66,1,5,False,10,10
5455,45,degCent,10,0.5793192675159236,0,5,None,66,1,5,False,10,10
5456,46,degCent,10,0.5855891719745223,0,5,None,66,1,5,False,10,10
5457,47,degCent,10,0.5870820063694268,0,5,None,66,1,5,False,10,10
5458,48,degCent,10,0.5900676751592356,0,5,None,66,1,5,False,10,10
5459,49,degCent,10,0.59265525477707,0,5,None,66,1,5,False,10,10
5460,45,degCent,10,0.5779259554140127,0,16,None,66,1,5,False,10,10
5461,46,degCent,10,0.581906847133758,0,16,None,66,1,5,False,10,10
5462,47,degCent,10,0.5857882165605095,0,16,None,66,1,5,False,10,10
5463,48,degCent,10,0.588077229299363,0,16,None,66,1,5,False,10,10
5464,49,degCent,10,0.589968152866242,0,16,None,66,1,5,False,10,10
5465,45,degCent,10,0.5892714968152867,0,8,None,66,1,5,False,10,10
5466,46,degCent,10,0.5929538216560509,0,8,None,66,1,5,False,10,10
5467,47,degCent,10,0.5949442675159236,0,8,None,66,1,5,False,10,10
5468,48,degCent,10,0.5987261146496815,0,8,None,66,1,5,False,10,10
5469,49,degCent,10,0.6013136942675159,0,8,None,66,1,5,False,10,10
5470,45,degCent,10,0.5711584394904459,0,20,None,66,1,5,False,10,10
5471,46,degCent,10,0.584593949044586,0,20,None,66,1,5,False,10,10
5472,47,degCent,10,0.5935509554140127,0,20,None,66,1,5,False,10,10
5473,48,degCent,10,0.6026074840764332,0,20,None,66,1,5,False,10,10
5474,49,degCent,10,0.6078821656050956,0,20,None,66,1,5,False,10,10
5475,45,degCent,10,0.5730493630573248,0,19,None,66,1,5,False,10,10
5476,46,degCent,10,0.57921974522293,0,19,None,66,1,5,False,10,10
5477,47,degCent,10,0.5878781847133758,0,19,None,66,1,5,False,10,10
5478,48,degCent,10,0.5919585987261147,0,19,None,66,1,5,False,10,10
5479,49,degCent,10,0.5980294585987261,0,19,None,66,1,5,False,10,10
5480,45,degCent,10,0.5802149681528662,0,22,None,66,1,5,False,10,10
5481,46,degCent,10,0.5828025477707006,0,22,None,66,1,5,False,10,10
5482,47,degCent,10,0.5871815286624203,0,22,None,66,1,5,False,10,10
5483,48,degCent,10,0.5916600318471338,0,22,None,66,1,5,False,10,10
5484,49,degCent,10,0.595640923566879,0,22,None,66,1,5,False,10,10
5485,45,degCent,10,0.5393113057324841,0,14,None,66,1,5,False,10,10
5486,46,degCent,10,0.5503582802547771,0,14,None,66,1,5,False,10,10
5487,47,degCent,10,0.5600119426751592,0,14,None,66,1,5,False,10,10
5488,48,degCent,10,0.5682722929936306,0,14,None,66,1,5,False,10,10
5489,49,degCent,10,0.5773288216560509,0,14,None,66,1,5,False,10,10
5490,45,degCent,10,0.613953025477707,0,23,None,66,1,5,False,10,10
5491,46,degCent,10,0.6152468152866242,0,23,None,66,1,5,False,10,10
5492,47,degCent,10,0.619327229299363,0,23,None,66,1,5,False,10,10
5493,48,degCent,10,0.6244028662420382,0,23,None,66,1,5,False,10,10
5494,49,degCent,10,0.6279856687898089,0,23,None,66,1,5,False,10,10
5495,45,degCent,10,0.5782245222929936,0,17,None,66,1,5,False,10,10
5496,46,degCent,10,0.582703025477707,0,17,None,66,1,5,False,10,10
5497,47,degCent,10,0.5867834394904459,0,17,None,66,1,5,False,10,10
5498,48,degCent,10,0.5888734076433121,0,17,None,66,1,5,False,10,10
5499,49,degCent,10,0.5909633757961783,0,17,None,66,1,5,False,10,10
5500,45,degCent,10,0.533937101910828,0,21,None,66,1,5,False,10,10
5501,46,degCent,10,0.5421974522292994,0,21,None,66,1,5,False,10,10
5502,47,degCent,10,0.5507563694267515,0,21,None,66,1,5,False,10,10
5503,48,degCent,10,0.5617038216560509,0,21,None,66,1,5,False,10,10
5504,49,degCent,10,0.5680732484076433,0,21,None,66,1,5,False,10,10
5505,45,degCent,10,0.5671775477707006,0,28,None,66,1,5,False,10,10
5506,46,degCent,10,0.5748407643312102,0,28,None,66,1,5,False,10,10
5507,47,degCent,10,0.5805135350318471,0,28,None,66,1,5,False,10,10
5508,48,degCent,10,0.5860867834394905,0,28,None,66,1,5,False,10,10
5509,49,degCent,10,0.5895700636942676,0,28,None,66,1,5,False,10,10
5510,45,degCent,10,0.574343152866242,0,24,None,66,1,5,False,10,10
5511,46,degCent,10,0.5824044585987261,0,24,None,66,1,5,False,10,10
5512,47,degCent,10,0.5871815286624203,0,24,None,66,1,5,False,10,10
5513,48,degCent,10,0.5938495222929936,0,24,None,66,1,5,False,10,10
5514,49,degCent,10,0.598328025477707,0,24,None,66,1,5,False,10,10
5515,45,degCent,10,0.5040804140127388,0,30,None,66,1,5,False,10,10
5516,46,degCent,10,0.5152269108280255,0,30,None,66,1,5,False,10,10
5517,47,degCent,10,0.5259753184713376,0,30,None,66,1,5,False,10,10
5518,48,degCent,10,0.5360270700636943,0,30,None,66,1,5,False,10,10
5519,49,degCent,10,0.5453821656050956,0,30,None,66,1,5,False,10,10
5520,45,degCent,10,0.5965366242038217,0,32,None,66,1,5,False,10,10
5521,46,degCent,10,0.6075835987261147,0,32,None,66,1,5,False,10,10
5522,47,degCent,10,0.6164410828025477,0,32,None,66,1,5,False,10,10
5523,48,degCent,10,0.6237062101910829,0,32,None,66,1,5,False,10,10
5524,49,degCent,10,0.6319665605095541,0,32,None,66,1,5,False,10,10
5525,45,degCent,10,0.5660828025477707,0,7,None,66,1,5,False,10,10
5526,46,degCent,10,0.569765127388535,0,7,None,66,1,5,False,10,10
5527,47,degCent,10,0.5746417197452229,0,7,None,66,1,5,False,10,10
5528,48,degCent,10,0.5805135350318471,0,7,None,66,1,5,False,10,10
5529,49,degCent,10,0.5848925159235668,0,7,None,66,1,5,False,10,10
5530,45,degCent,10,0.5470740445859873,0,10,None,66,1,5,False,10,10
5531,46,degCent,10,0.5576234076433121,0,10,None,66,1,5,False,10,10
5532,47,degCent,10,0.5660828025477707,0,10,None,66,1,5,False,10,10
5533,48,degCent,10,0.5714570063694268,0,10,None,66,1,5,False,10,10
5534,49,degCent,10,0.5766321656050956,0,10,None,66,1,5,False,10,10
5535,45,degCent,10,0.5784235668789809,0,4,None,66,1,5,False,10,10
5536,46,degCent,10,0.5838972929936306,0,4,None,66,1,5,False,10,10
5537,47,degCent,10,0.5868829617834395,0,4,None,66,1,5,False,10,10
5538,48,degCent,10,0.5896695859872612,0,4,None,66,1,5,False,10,10
5539,49,degCent,10,0.5927547770700637,0,4,None,66,1,5,False,10,10
5540,45,degCent,10,0.5813097133757962,0,11,None,66,1,5,False,10,10
5541,46,degCent,10,0.5962380573248408,0,11,None,66,1,5,False,10,10
5542,47,degCent,10,0.609375,0,11,None,66,1,5,False,10,10
5543,48,degCent,10,0.6178343949044586,0,11,None,66,1,5,False,10,10
5544,49,degCent,10,0.6264928343949044,0,11,None,66,1,5,False,10,10
5545,45,degCent,10,0.5990246815286624,0,15,None,66,1,5,False,10,10
5546,46,degCent,10,0.6095740445859873,0,15,None,66,1,5,False,10,10
5547,47,degCent,10,0.615843949044586,0,15,None,66,1,5,False,10,10
5548,48,degCent,10,0.6222133757961783,0,15,None,66,1,5,False,10,10
5549,49,degCent,10,0.6269904458598726,0,15,None,66,1,5,False,10,10
5550,45,degCent,10,0.5034832802547771,0,6,None,66,1,5,False,10,10
5551,46,degCent,10,0.5082603503184714,0,6,None,66,1,5,False,10,10
5552,47,degCent,10,0.5146297770700637,0,6,None,66,1,5,False,10,10
5553,48,degCent,10,0.5256767515923567,0,6,None,66,1,5,False,10,10
5554,49,degCent,10,0.5349323248407644,0,6,None,66,1,5,False,10,10
5555,45,degCent,10,0.5595143312101911,0,3,None,66,1,5,False,10,10
5556,46,degCent,10,0.5657842356687898,0,3,None,66,1,5,False,10,10
5557,47,degCent,10,0.5714570063694268,0,3,None,66,1,5,False,10,10
5558,48,degCent,10,0.5751393312101911,0,3,None,66,1,5,False,10,10
5559,49,degCent,10,0.580015923566879,0,3,None,66,1,5,False,10,10
5560,45,degCent,10,0.5823049363057324,0,12,None,66,1,5,False,10,10
5561,46,degCent,10,0.5839968152866242,0,12,None,66,1,5,False,10,10
5562,47,degCent,10,0.5894705414012739,0,12,None,66,1,5,False,10,10
5563,48,degCent,10,0.595640923566879,0,12,None,66,1,5,False,10,10
5564,49,degCent,10,0.6001194267515924,0,12,None,66,1,5,False,10,10
5565,45,degCent,10,0.549562101910828,0,13,None,66,1,5,False,10,10
5566,46,degCent,10,0.5561305732484076,0,13,None,66,1,5,False,10,10
5567,47,degCent,10,0.5618033439490446,0,13,None,66,1,5,False,10,10
5568,48,degCent,10,0.5666799363057324,0,13,None,66,1,5,False,10,10
5569,49,degCent,10,0.5710589171974523,0,13,None,66,1,5,False,10,10
5570,45,degCent,10,0.5852906050955414,0,25,None,66,1,5,False,10,10
5571,46,degCent,10,0.5913614649681529,0,25,None,66,1,5,False,10,10
5572,47,degCent,10,0.597531847133758,0,25,None,66,1,5,False,10,10
5573,48,degCent,10,0.6030055732484076,0,25,None,66,1,5,False,10,10
5574,49,degCent,10,0.609375,0,25,None,66,1,5,False,10,10
5575,45,degCent,10,0.6058917197452229,0,26,None,66,1,5,False,10,10
5576,46,degCent,10,0.6086783439490446,0,26,None,66,1,5,False,10,10
5577,47,degCent,10,0.6111664012738853,0,26,None,66,1,5,False,10,10
5578,48,degCent,10,0.6130573248407644,0,26,None,66,1,5,False,10,10
5579,49,degCent,10,0.6157444267515924,0,26,None,66,1,5,False,10,10
5580,50,degCent,10,0.6132563694267515,0,26,None,66,1,5,False,10,10
5581,51,degCent,10,0.6147492038216561,0,26,None,66,1,5,False,10,10
5582,52,degCent,10,0.6175358280254777,0,26,None,66,1,5,False,10,10
5583,53,degCent,10,0.6186305732484076,0,26,None,66,1,5,False,10,10
5584,54,degCent,10,0.6206210191082803,0,26,None,66,1,5,False,10,10
5585,45,degCent,10,0.6078821656050956,0,9,None,66,1,5,False,10,10
5586,46,degCent,10,0.6136544585987261,0,9,None,66,1,5,False,10,10
5587,47,degCent,10,0.619327229299363,0,9,None,66,1,5,False,10,10
5588,48,degCent,10,0.621218152866242,0,9,None,66,1,5,False,10,10
5589,49,degCent,10,0.6259952229299363,0,9,None,66,1,5,False,10,10
5590,45,degCent,10,0.5761345541401274,0,29,None,66,1,5,False,10,10
5591,46,degCent,10,0.5830015923566879,0,29,None,66,1,5,False,10,10
5592,47,degCent,10,0.5876791401273885,0,29,None,66,1,5,False,10,10
5593,48,degCent,10,0.5914609872611465,0,29,None,66,1,5,False,10,10
5594,49,degCent,10,0.5958399681528662,0,29,None,66,1,5,False,10,10
5595,45,degCent,10,0.5787221337579618,0,0,None,66,1,5,False,10,10
5596,46,degCent,10,0.5844944267515924,0,0,None,66,1,5,False,10,10
5597,47,degCent,10,0.589968152866242,0,0,None,66,1,5,False,10,10
5598,48,degCent,10,0.5931528662420382,0,0,None,66,1,5,False,10,10
5599,49,degCent,10,0.5981289808917197,0,0,None,66,1,5,False,10,10
5600,45,degCent,10,0.5699641719745223,0,18,None,66,1,5,False,10,10
5601,46,degCent,10,0.5737460191082803,0,18,None,66,1,5,False,10,10
5602,47,degCent,10,0.5780254777070064,0,18,None,66,1,5,False,10,10
5603,48,degCent,10,0.5816082802547771,0,18,None,66,1,5,False,10,10
5604,49,degCent,10,0.5848925159235668,0,18,None,66,1,5,False,10,10
5605,45,degCent,10,0.5959394904458599,0,27,None,66,1,5,False,10,10
5606,46,degCent,10,0.5974323248407644,0,27,None,66,1,5,False,10,10
5607,47,degCent,10,0.5982285031847133,0,27,None,66,1,5,False,10,10
5608,48,degCent,10,0.5999203821656051,0,27,None,66,1,5,False,10,10
5609,49,degCent,10,0.6013136942675159,0,27,None,66,1,5,False,10,10
5610,45,degCent,10,0.5161226114649682,0,31,None,66,1,5,False,10,10
5611,46,degCent,10,0.5151273885350318,0,31,None,66,1,5,False,10,10
5612,47,degCent,10,0.51671974522293,0,31,None,66,1,5,False,10,10
5613,48,degCent,10,0.5181130573248408,0,31,None,66,1,5,False,10,10
5614,49,degCent,10,0.522093949044586,0,31,None,66,1,5,False,10,10
5615,50,degCent,10,0.6068869426751592,0,25,None,66,1,5,False,10,10
5616,51,degCent,10,0.6113654458598726,0,25,None,66,1,5,False,10,10
5617,52,degCent,10,0.6162420382165605,0,25,None,66,1,5,False,10,10
5618,53,degCent,10,0.6209195859872612,0,25,None,66,1,5,False,10,10
5619,54,degCent,10,0.6249004777070064,0,25,None,66,1,5,False,10,10
5620,50,degCent,10,0.5850915605095541,0,14,None,66,1,5,False,10,10
5621,51,degCent,10,0.5882762738853503,0,14,None,66,1,5,False,10,10
5622,52,degCent,10,0.5921576433121019,0,14,None,66,1,5,False,10,10
5623,53,degCent,10,0.5965366242038217,0,14,None,66,1,5,False,10,10
5624,54,degCent,10,0.6013136942675159,0,14,None,66,1,5,False,10,10
5625,50,degCent,10,0.597531847133758,0,22,None,66,1,5,False,10,10
5626,51,degCent,10,0.6012141719745223,0,22,None,66,1,5,False,10,10
5627,52,degCent,10,0.6039012738853503,0,22,None,66,1,5,False,10,10
5628,53,degCent,10,0.6065883757961783,0,22,None,66,1,5,False,10,10
5629,54,degCent,10,0.6094745222929936,0,22,None,66,1,5,False,10,10
5630,50,degCent,10,0.6443073248407644,0,32,None,66,1,5,False,10,10
5631,51,degCent,10,0.6502786624203821,0,32,None,66,1,5,False,10,10
5632,52,degCent,10,0.6555533439490446,0,32,None,66,1,5,False,10,10
5633,53,degCent,10,0.6595342356687898,0,32,None,66,1,5,False,10,10
5634,54,degCent,10,0.6630175159235668,0,32,None,66,1,5,False,10,10
5635,50,degCent,10,0.5898686305732485,0,7,None,66,1,5,False,10,10
5636,51,degCent,10,0.5924562101910829,0,7,None,66,1,5,False,10,10
5637,52,degCent,10,0.5950437898089171,0,7,None,66,1,5,False,10,10
5638,53,degCent,10,0.599422770700637,0,7,None,66,1,5,False,10,10
5639,54,degCent,10,0.6020103503184714,0,7,None,66,1,5,False,10,10
5640,50,degCent,10,0.5786226114649682,0,10,None,66,1,5,False,10,10
5641,51,degCent,10,0.5824044585987261,0,10,None,66,1,5,False,10,10
5642,52,degCent,10,0.5886743630573248,0,10,None,66,1,5,False,10,10
5643,53,degCent,10,0.5940485668789809,0,10,None,66,1,5,False,10,10
5644,54,degCent,10,0.6005175159235668,0,10,None,66,1,5,False,10,10
5645,50,degCent,10,0.6290804140127388,0,11,None,66,1,5,False,10,10
5646,51,degCent,10,0.6355493630573248,0,11,None,66,1,5,False,10,10
5647,52,degCent,10,0.6408240445859873,0,11,None,66,1,5,False,10,10
5648,53,degCent,10,0.6454020700636943,0,11,None,66,1,5,False,10,10
5649,54,degCent,10,0.649781050955414,0,11,None,66,1,5,False,10,10
5650,50,degCent,10,0.6077826433121019,0,12,None,66,1,5,False,10,10
5651,51,degCent,10,0.6116640127388535,0,12,None,66,1,5,False,10,10
5652,52,degCent,10,0.617734872611465,0,12,None,66,1,5,False,10,10
5653,53,degCent,10,0.6244028662420382,0,12,None,66,1,5,False,10,10
5654,54,degCent,10,0.6311703821656051,0,12,None,66,1,5,False,10,10
5655,50,degCent,10,0.631468949044586,0,15,None,66,1,5,False,10,10
5656,51,degCent,10,0.6377388535031847,0,15,None,66,1,5,False,10,10
5657,52,degCent,10,0.642515923566879,0,15,None,66,1,5,False,10,10
5658,53,degCent,10,0.6482882165605095,0,15,None,66,1,5,False,10,10
5659,54,degCent,10,0.6532643312101911,0,15,None,66,1,5,False,10,10
5660,50,degCent,10,0.6143511146496815,0,20,None,66,1,5,False,10,10
5661,51,degCent,10,0.6202229299363057,0,20,None,66,1,5,False,10,10
5662,52,degCent,10,0.6240047770700637,0,20,None,66,1,5,False,10,10
5663,53,degCent,10,0.6244028662420382,0,20,None,66,1,5,False,10,10
5664,54,degCent,10,0.6277866242038217,0,20,None,66,1,5,False,10,10
5665,50,degCent,10,0.5905652866242038,0,16,None,66,1,5,False,10,10
5666,51,degCent,10,0.5922571656050956,0,16,None,66,1,5,False,10,10
5667,52,degCent,10,0.5922571656050956,0,16,None,66,1,5,False,10,10
5668,53,degCent,10,0.5931528662420382,0,16,None,66,1,5,False,10,10
5669,54,degCent,10,0.591062898089172,0,16,None,66,1,5,False,10,10
5670,50,degCent,10,0.591859076433121,0,18,None,66,1,5,False,10,10
5671,51,degCent,10,0.5930533439490446,0,18,None,66,1,5,False,10,10
5672,52,degCent,10,0.5954418789808917,0,18,None,66,1,5,False,10,10
5673,53,degCent,10,0.5974323248407644,0,18,None,66,1,5,False,10,10
5674,54,degCent,10,0.6015127388535032,0,18,None,66,1,5,False,10,10
5675,50,degCent,10,0.5935509554140127,0,17,None,66,1,5,False,10,10
5676,51,degCent,10,0.5955414012738853,0,17,None,66,1,5,False,10,10
5677,52,degCent,10,0.5982285031847133,0,17,None,66,1,5,False,10,10
5678,53,degCent,10,0.5987261146496815,0,17,None,66,1,5,False,10,10
5679,54,degCent,10,0.6006170382165605,0,17,None,66,1,5,False,10,10
5680,50,degCent,10,0.5106488853503185,0,1,None,66,1,5,False,10,10
5681,51,degCent,10,0.5251791401273885,0,1,None,66,1,5,False,10,10
5682,52,degCent,10,0.5400079617834395,0,1,None,66,1,5,False,10,10
5683,53,degCent,10,0.554140127388535,0,1,None,66,1,5,False,10,10
5684,54,degCent,10,0.5644904458598726,0,1,None,66,1,5,False,10,10
5685,50,degCent,10,0.5971337579617835,0,2,None,66,1,5,False,10,10
5686,51,degCent,10,0.6014132165605095,0,2,None,66,1,5,False,10,10
5687,52,degCent,10,0.6045979299363057,0,2,None,66,1,5,False,10,10
5688,53,degCent,10,0.6075835987261147,0,2,None,66,1,5,False,10,10
5689,54,degCent,10,0.6111664012738853,0,2,None,66,1,5,False,10,10
5690,50,degCent,10,0.5933519108280255,0,5,None,66,1,5,False,10,10
5691,51,degCent,10,0.5963375796178344,0,5,None,66,1,5,False,10,10
5692,52,degCent,10,0.5980294585987261,0,5,None,66,1,5,False,10,10
5693,53,degCent,10,0.6004179936305732,0,5,None,66,1,5,False,10,10
5694,54,degCent,10,0.6025079617834395,0,5,None,66,1,5,False,10,10
5695,50,degCent,10,0.6026074840764332,0,8,None,66,1,5,False,10,10
5696,51,degCent,10,0.6054936305732485,0,8,None,66,1,5,False,10,10
5697,52,degCent,10,0.6071855095541401,0,8,None,66,1,5,False,10,10
5698,53,degCent,10,0.6092754777070064,0,8,None,66,1,5,False,10,10
5699,54,degCent,10,0.6116640127388535,0,8,None,66,1,5,False,10,10
5700,50,degCent,10,0.5865843949044586,0,3,None,66,1,5,False,10,10
5701,51,degCent,10,0.5897691082802548,0,3,None,66,1,5,False,10,10
5702,52,degCent,10,0.5945461783439491,0,3,None,66,1,5,False,10,10
5703,53,degCent,10,0.5982285031847133,0,3,None,66,1,5,False,10,10
5704,54,degCent,10,0.6024084394904459,0,3,None,66,1,5,False,10,10
5705,50,degCent,10,0.576234076433121,0,13,None,66,1,5,False,10,10
5706,51,degCent,10,0.5804140127388535,0,13,None,66,1,5,False,10,10
5707,52,degCent,10,0.5854896496815286,0,13,None,66,1,5,False,10,10
5708,53,degCent,10,0.5903662420382165,0,13,None,66,1,5,False,10,10
5709,54,degCent,10,0.5958399681528662,0,13,None,66,1,5,False,10,10
5710,50,degCent,10,0.6269904458598726,0,9,None,66,1,5,False,10,10
5711,51,degCent,10,0.630672770700637,0,9,None,66,1,5,False,10,10
5712,52,degCent,10,0.6359474522292994,0,9,None,66,1,5,False,10,10
5713,53,degCent,10,0.63953025477707,0,9,None,66,1,5,False,10,10
5714,54,degCent,10,0.6428144904458599,0,9,None,66,1,5,False,10,10
5715,50,degCent,10,0.5920581210191083,0,28,None,66,1,5,False,10,10
5716,51,degCent,10,0.5951433121019108,0,28,None,66,1,5,False,10,10
5717,52,degCent,10,0.5981289808917197,0,28,None,66,1,5,False,10,10
5718,53,degCent,10,0.6003184713375797,0,28,None,66,1,5,False,10,10
5719,54,degCent,10,0.6034036624203821,0,28,None,66,1,5,False,10,10
5720,50,degCent,10,0.5974323248407644,0,29,None,66,1,5,False,10,10
5721,51,degCent,10,0.6003184713375797,0,29,None,66,1,5,False,10,10
5722,52,degCent,10,0.602906050955414,0,29,None,66,1,5,False,10,10
5723,53,degCent,10,0.6048964968152867,0,29,None,66,1,5,False,10,10
5724,54,degCent,10,0.6068869426751592,0,29,None,66,1,5,False,10,10
5725,50,degCent,10,0.6041003184713376,0,19,None,66,1,5,False,10,10
5726,51,degCent,10,0.6075835987261147,0,19,None,66,1,5,False,10,10
5727,52,degCent,10,0.6097730891719745,0,19,None,66,1,5,False,10,10
5728,53,degCent,10,0.6114649681528662,0,19,None,66,1,5,False,10,10
5729,54,degCent,10,0.6145501592356688,0,19,None,66,1,5,False,10,10
5730,50,degCent,10,0.5744426751592356,0,21,None,66,1,5,False,10,10
5731,51,degCent,10,0.5787221337579618,0,21,None,66,1,5,False,10,10
5732,52,degCent,10,0.5834992038216561,0,21,None,66,1,5,False,10,10
5733,53,degCent,10,0.5879777070063694,0,21,None,66,1,5,False,10,10
5734,54,degCent,10,0.5921576433121019,0,21,None,66,1,5,False,10,10
5735,50,degCent,10,0.6294785031847133,0,23,None,66,1,5,False,10,10
5736,51,degCent,10,0.6310708598726115,0,23,None,66,1,5,False,10,10
5737,52,degCent,10,0.6329617834394905,0,23,None,66,1,5,False,10,10
5738,53,degCent,10,0.6355493630573248,0,23,None,66,1,5,False,10,10
5739,54,degCent,10,0.6380374203821656,0,23,None,66,1,5,False,10,10
5740,50,degCent,10,0.59265525477707,0,4,None,66,1,5,False,10,10
5741,51,degCent,10,0.5958399681528662,0,4,None,66,1,5,False,10,10
5742,52,degCent,10,0.5972332802547771,0,4,None,66,1,5,False,10,10
5743,53,degCent,10,0.6003184713375797,0,4,None,66,1,5,False,10,10
5744,54,degCent,10,0.6022093949044586,0,4,None,66,1,5,False,10,10
5745,50,degCent,10,0.6000199044585988,0,24,None,66,1,5,False,10,10
5746,51,degCent,10,0.604796974522293,0,24,None,66,1,5,False,10,10
5747,52,degCent,10,0.6094745222929936,0,24,None,66,1,5,False,10,10
5748,53,degCent,10,0.6126592356687898,0,24,None,66,1,5,False,10,10
5749,54,degCent,10,0.6154458598726115,0,24,None,66,1,5,False,10,10
5750,50,degCent,10,0.5307523885350318,0,31,None,66,1,5,False,10,10
5751,51,degCent,10,0.5317476114649682,0,31,None,66,1,5,False,10,10
5752,52,degCent,10,0.5326433121019108,0,31,None,66,1,5,False,10,10
5753,53,degCent,10,0.5344347133757962,0,31,None,66,1,5,False,10,10
5754,54,degCent,10,0.5360270700636943,0,31,None,66,1,5,False,10,10
5755,50,degCent,10,0.6028065286624203,0,0,None,66,1,5,False,10,10
5756,51,degCent,10,0.6073845541401274,0,0,None,66,1,5,False,10,10
5757,52,degCent,10,0.6116640127388535,0,0,None,66,1,5,False,10,10
5758,53,degCent,10,0.616640127388535,0,0,None,66,1,5,False,10,10
5759,54,degCent,10,0.6201234076433121,0,0,None,66,1,5,False,10,10
5760,50,degCent,10,0.5554339171974523,0,6,None,66,1,5,False,10,10
5761,51,degCent,10,0.5601114649681529,0,6,None,66,1,5,False,10,10
5762,52,degCent,10,0.5640923566878981,0,6,None,66,1,5,False,10,10
5763,53,degCent,10,0.5669785031847133,0,6,None,66,1,5,False,10,10
5764,54,degCent,10,0.5704617834394905,0,6,None,66,1,5,False,10,10
5765,50,degCent,10,0.6030055732484076,0,27,None,66,1,5,False,10,10
5766,51,degCent,10,0.6053941082802548,0,27,None,66,1,5,False,10,10
5767,52,degCent,10,0.607484076433121,0,27,None,66,1,5,False,10,10
5768,53,degCent,10,0.6085788216560509,0,27,None,66,1,5,False,10,10
5769,54,degCent,10,0.6106687898089171,0,27,None,66,1,5,False,10,10
5770,50,degCent,10,0.5497611464968153,0,30,None,66,1,5,False,10,10
5771,51,degCent,10,0.560609076433121,0,30,None,66,1,5,False,10,10
5772,52,degCent,10,0.569765127388535,0,30,None,66,1,5,False,10,10
5773,53,degCent,10,0.5784235668789809,0,30,None,66,1,5,False,10,10
5774,54,degCent,10,0.5868829617834395,0,30,None,66,1,5,False,10,10
7590,55,degCent,10,0.6593351910828026,0,15,None,66,1,5,False,10,10
7591,56,degCent,10,0.6611265923566879,0,15,None,66,1,5,False,10,10
7592,57,degCent,10,0.6640127388535032,0,15,None,66,1,5,False,10,10
7593,58,degCent,10,0.6667993630573248,0,15,None,66,1,5,False,10,10
7594,59,degCent,10,0.6692874203821656,0,15,None,66,1,5,False,10,10
7595,55,degCent,10,0.5962380573248408,0,16,None,66,1,5,False,10,10
7596,56,degCent,10,0.5947452229299363,0,16,None,66,1,5,False,10,10
7597,57,degCent,10,0.5943471337579618,0,16,None,66,1,5,False,10,10
7598,58,degCent,10,0.5949442675159236,0,16,None,66,1,5,False,10,10
7599,59,degCent,10,0.596437101910828,0,16,None,66,1,5,False,10,10
7600,55,degCent,10,0.6518710191082803,0,11,None,66,1,5,False,10,10
7601,56,degCent,10,0.65625,0,11,None,66,1,5,False,10,10
7602,57,degCent,10,0.6604299363057324,0,11,None,66,1,5,False,10,10
7603,58,degCent,10,0.6634156050955414,0,11,None,66,1,5,False,10,10
7604,59,degCent,10,0.6655055732484076,0,11,None,66,1,5,False,10,10
7605,55,degCent,10,0.6064888535031847,0,14,None,66,1,5,False,10,10
7606,56,degCent,10,0.6110668789808917,0,14,None,66,1,5,False,10,10
7607,57,degCent,10,0.6149482484076433,0,14,None,66,1,5,False,10,10
7608,58,degCent,10,0.6178343949044586,0,14,None,66,1,5,False,10,10
7609,59,degCent,10,0.6210191082802548,0,14,None,66,1,5,False,10,10
7610,55,degCent,10,0.6061902866242038,0,17,None,66,1,5,False,10,10
7611,56,degCent,10,0.6071855095541401,0,17,None,66,1,5,False,10,10
7612,57,degCent,10,0.6080812101910829,0,17,None,66,1,5,False,10,10
7613,58,degCent,10,0.6079816878980892,0,17,None,66,1,5,False,10,10
7614,59,degCent,10,0.6090764331210191,0,17,None,66,1,5,False,10,10
7615,55,degCent,10,0.6273885350318471,0,25,None,66,1,5,False,10,10
7616,56,degCent,10,0.6320660828025477,0,25,None,66,1,5,False,10,10
7617,57,degCent,10,0.6357484076433121,0,25,None,66,1,5,False,10,10
7618,58,degCent,10,0.6404259554140127,0,25,None,66,1,5,False,10,10
7619,59,degCent,10,0.6429140127388535,0,25,None,66,1,5,False,10,10
7620,55,degCent,10,0.6229100318471338,0,26,None,66,1,5,False,10,10
7621,56,degCent,10,0.6241042993630573,0,26,None,66,1,5,False,10,10
7622,57,degCent,10,0.6262937898089171,0,26,None,66,1,5,False,10,10
7623,58,degCent,10,0.6294785031847133,0,26,None,66,1,5,False,10,10
7624,59,degCent,10,0.6325636942675159,0,26,None,66,1,5,False,10,10
7625,55,degCent,10,0.6373407643312102,0,12,None,66,1,5,False,10,10
7626,56,degCent,10,0.6416202229299363,0,12,None,66,1,5,False,10,10
7627,57,degCent,10,0.6449044585987261,0,12,None,66,1,5,False,10,10
7628,58,degCent,10,0.6491839171974523,0,12,None,66,1,5,False,10,10
7629,59,degCent,10,0.6526671974522293,0,12,None,66,1,5,False,10,10
7630,55,degCent,10,0.6165406050955414,0,24,None,66,1,5,False,10,10
7631,56,degCent,10,0.6194267515923567,0,24,None,66,1,5,False,10,10
7632,57,degCent,10,0.6232085987261147,0,24,None,66,1,5,False,10,10
7633,58,degCent,10,0.6267914012738853,0,24,None,66,1,5,False,10,10
7634,59,degCent,10,0.6299761146496815,0,24,None,66,1,5,False,10,10
7635,55,degCent,10,0.5935509554140127,0,30,None,66,1,5,False,10,10
7636,56,degCent,10,0.5995222929936306,0,30,None,66,1,5,False,10,10
7637,57,degCent,10,0.6070859872611465,0,30,None,66,1,5,False,10,10
7638,58,degCent,10,0.612062101910828,0,30,None,66,1,5,False,10,10
7639,59,degCent,10,0.6160429936305732,0,30,None,66,1,5,False,10,10
7640,55,degCent,10,0.535031847133758,0,31,None,66,1,5,False,10,10
7641,56,degCent,10,0.5373208598726115,0,31,None,66,1,5,False,10,10
7642,57,degCent,10,0.5392117834394905,0,31,None,66,1,5,False,10,10
7643,58,degCent,10,0.5407046178343949,0,31,None,66,1,5,False,10,10
7644,59,degCent,10,0.5421974522292994,0,31,None,66,1,5,False,10,10
7645,55,degCent,10,0.6073845541401274,0,7,None,66,1,5,False,10,10
7646,56,degCent,10,0.61046974522293,0,7,None,66,1,5,False,10,10
7647,57,degCent,10,0.6132563694267515,0,7,None,66,1,5,False,10,10
7648,58,degCent,10,0.6164410828025477,0,7,None,66,1,5,False,10,10
7649,59,degCent,10,0.6188296178343949,0,7,None,66,1,5,False,10,10
7650,55,degCent,10,0.5521496815286624,0,1,None,66,1,5,False,10,10
7651,56,degCent,10,0.564390923566879,0,1,None,66,1,5,False,10,10
7652,57,degCent,10,0.5744426751592356,0,1,None,66,1,5,False,10,10
7653,58,degCent,10,0.5818073248407644,0,1,None,66,1,5,False,10,10
7654,59,degCent,10,0.5877786624203821,0,1,None,66,1,5,False,10,10
7655,55,degCent,10,0.6162420382165605,0,2,None,66,1,5,False,10,10
7656,56,degCent,10,0.6192277070063694,0,2,None,66,1,5,False,10,10
7657,57,degCent,10,0.6226114649681529,0,2,None,66,1,5,False,10,10
7658,58,degCent,10,0.6251990445859873,0,2,None,66,1,5,False,10,10
7659,59,degCent,10,0.6277866242038217,0,2,None,66,1,5,False,10,10
7660,55,degCent,10,0.6020103503184714,0,5,None,66,1,5,False,10,10
7661,56,degCent,10,0.6041003184713376,0,5,None,66,1,5,False,10,10
7662,57,degCent,10,0.6054936305732485,0,5,None,66,1,5,False,10,10
7663,58,degCent,10,0.6068869426751592,0,5,None,66,1,5,False,10,10
7664,59,degCent,10,0.6073845541401274,0,5,None,66,1,5,False,10,10
7665,55,degCent,10,0.6438097133757962,0,9,None,66,1,5,False,10,10
7666,56,degCent,10,0.6465963375796179,0,9,None,66,1,5,False,10,10
7667,57,degCent,10,0.6491839171974523,0,9,None,66,1,5,False,10,10
7668,58,degCent,10,0.6512738853503185,0,9,None,66,1,5,False,10,10
7669,59,degCent,10,0.6530652866242038,0,9,None,66,1,5,False,10,10
7670,55,degCent,10,0.5992237261146497,0,13,None,66,1,5,False,10,10
7671,56,degCent,10,0.6041998407643312,0,13,None,66,1,5,False,10,10
7672,57,degCent,10,0.6101711783439491,0,13,None,66,1,5,False,10,10
7673,58,degCent,10,0.6148487261146497,0,13,None,66,1,5,False,10,10
7674,59,degCent,10,0.6198248407643312,0,13,None,66,1,5,False,10,10
7675,55,degCent,10,0.6043988853503185,0,28,None,66,1,5,False,10,10
7676,56,degCent,10,0.6053941082802548,0,28,None,66,1,5,False,10,10
7677,57,degCent,10,0.6070859872611465,0,28,None,66,1,5,False,10,10
7678,58,degCent,10,0.6084792993630573,0,28,None,66,1,5,False,10,10
7679,59,degCent,10,0.6099721337579618,0,28,None,66,1,5,False,10,10
7680,55,degCent,10,0.6109673566878981,0,27,None,66,1,5,False,10,10
7681,56,degCent,10,0.612062101910828,0,27,None,66,1,5,False,10,10
7682,57,degCent,10,0.6135549363057324,0,27,None,66,1,5,False,10,10
7683,58,degCent,10,0.615047770700637,0,27,None,66,1,5,False,10,10
7684,59,degCent,10,0.6160429936305732,0,27,None,66,1,5,False,10,10
7685,55,degCent,10,0.606687898089172,0,29,None,66,1,5,False,10,10
7686,56,degCent,10,0.6081807324840764,0,29,None,66,1,5,False,10,10
7687,57,degCent,10,0.6105692675159236,0,29,None,66,1,5,False,10,10
7688,58,degCent,10,0.6117635350318471,0,29,None,66,1,5,False,10,10
7689,59,degCent,10,0.6132563694267515,0,29,None,66,1,5,False,10,10
7690,55,degCent,10,0.6045979299363057,0,18,None,66,1,5,False,10,10
7691,56,degCent,10,0.6065883757961783,0,18,None,66,1,5,False,10,10
7692,57,degCent,10,0.6101711783439491,0,18,None,66,1,5,False,10,10
7693,58,degCent,10,0.6130573248407644,0,18,None,66,1,5,False,10,10
7694,59,degCent,10,0.6149482484076433,0,18,None,66,1,5,False,10,10
7695,55,degCent,10,0.617734872611465,0,19,None,66,1,5,False,10,10
7696,56,degCent,10,0.6210191082802548,0,19,None,66,1,5,False,10,10
7697,57,degCent,10,0.6249004777070064,0,19,None,66,1,5,False,10,10
7698,58,degCent,10,0.628781847133758,0,19,None,66,1,5,False,10,10
7699,59,degCent,10,0.6303742038216561,0,19,None,66,1,5,False,10,10
7700,55,degCent,10,0.5968351910828026,0,21,None,66,1,5,False,10,10
7701,56,degCent,10,0.6005175159235668,0,21,None,66,1,5,False,10,10
7702,57,degCent,10,0.6048964968152867,0,21,None,66,1,5,False,10,10
7703,58,degCent,10,0.6085788216560509,0,21,None,66,1,5,False,10,10
7704,59,degCent,10,0.6149482484076433,0,21,None,66,1,5,False,10,10
7705,55,degCent,10,0.5776273885350318,0,6,None,66,1,5,False,10,10
7706,56,degCent,10,0.5794187898089171,0,6,None,66,1,5,False,10,10
7707,57,degCent,10,0.5817078025477707,0,6,None,66,1,5,False,10,10
7708,58,degCent,10,0.5840963375796179,0,6,None,66,1,5,False,10,10
7709,59,degCent,10,0.5862858280254777,0,6,None,66,1,5,False,10,10
7710,55,degCent,10,0.6221138535031847,0,0,None,66,1,5,False,10,10
7711,56,degCent,10,0.6256966560509554,0,0,None,66,1,5,False,10,10
7712,57,degCent,10,0.6307722929936306,0,0,None,66,1,5,False,10,10
7713,58,degCent,10,0.634952229299363,0,0,None,66,1,5,False,10,10
7714,59,degCent,10,0.6381369426751592,0,0,None,66,1,5,False,10,10
7715,55,degCent,10,0.6142515923566879,0,8,None,66,1,5,False,10,10
7716,56,degCent,10,0.6160429936305732,0,8,None,66,1,5,False,10,10
7717,57,degCent,10,0.6176353503184714,0,8,None,66,1,5,False,10,10
7718,58,degCent,10,0.6180334394904459,0,8,None,66,1,5,False,10,10
7719,59,degCent,10,0.6191281847133758,0,8,None,66,1,5,False,10,10
7720,55,degCent,10,0.5996218152866242,0,10,None,66,1,5,False,10,10
7721,56,degCent,10,0.6028065286624203,0,10,None,66,1,5,False,10,10
7722,57,degCent,10,0.6059912420382165,0,10,None,66,1,5,False,10,10
7723,58,degCent,10,0.6086783439490446,0,10,None,66,1,5,False,10,10
7724,59,degCent,10,0.6113654458598726,0,10,None,66,1,5,False,10,10
7725,55,degCent,10,0.6133558917197452,0,22,None,66,1,5,False,10,10
7726,56,degCent,10,0.6161425159235668,0,22,None,66,1,5,False,10,10
7727,57,degCent,10,0.618531050955414,0,22,None,66,1,5,False,10,10
7728,58,degCent,10,0.6222133757961783,0,22,None,66,1,5,False,10,10
7729,59,degCent,10,0.6245023885350318,0,22,None,66,1,5,False,10,10
7730,55,degCent,10,0.637937898089172,0,23,None,66,1,5,False,10,10
7731,56,degCent,10,0.63953025477707,0,23,None,66,1,5,False,10,10
7732,57,degCent,10,0.6410230891719745,0,23,None,66,1,5,False,10,10
7733,58,degCent,10,0.643312101910828,0,23,None,66,1,5,False,10,10
7734,59,degCent,10,0.6454020700636943,0,23,None,66,1,5,False,10,10
7735,55,degCent,10,0.6676950636942676,0,32,None,66,1,5,False,10,10
7736,56,degCent,10,0.6689888535031847,0,32,None,66,1,5,False,10,10
7737,57,degCent,10,0.6704816878980892,0,32,None,66,1,5,False,10,10
7738,58,degCent,10,0.6720740445859873,0,32,None,66,1,5,False,10,10
7739,59,degCent,10,0.6735668789808917,0,32,None,66,1,5,False,10,10
7740,55,degCent,10,0.6039012738853503,0,4,None,66,1,5,False,10,10
7741,56,degCent,10,0.6069864649681529,0,4,None,66,1,5,False,10,10
7742,57,degCent,10,0.6099721337579618,0,4,None,66,1,5,False,10,10
7743,58,degCent,10,0.6115644904458599,0,4,None,66,1,5,False,10,10
7744,59,degCent,10,0.6135549363057324,0,4,None,66,1,5,False,10,10
7745,55,degCent,10,0.604796974522293,0,3,None,66,1,5,False,10,10
7746,56,degCent,10,0.6094745222929936,0,3,None,66,1,5,False,10,10
7747,57,degCent,10,0.6148487261146497,0,3,None,66,1,5,False,10,10
7748,58,degCent,10,0.6178343949044586,0,3,None,66,1,5,False,10,10
7749,59,degCent,10,0.6241042993630573,0,3,None,66,1,5,False,10,10
7750,55,degCent,10,0.6321656050955414,0,20,None,66,1,5,False,10,10
7751,56,degCent,10,0.6334593949044586,0,20,None,66,1,5,False,10,10
7752,57,degCent,10,0.6354498407643312,0,20,None,66,1,5,False,10,10
7753,58,degCent,10,0.6372412420382165,0,20,None,66,1,5,False,10,10
7754,59,degCent,10,0.6389331210191083,0,20,None,66,1,5,False,10,10
7755,60,degCent,10,0.5844944267515924,0,1,None,66,1,5,False,10,10
7756,61,degCent,10,0.5916600318471338,0,1,None,66,1,5,False,10,10
7757,62,degCent,10,0.5966361464968153,0,1,None,66,1,5,False,10,10
7758,63,degCent,10,0.6013136942675159,0,1,None,66,1,5,False,10,10
7759,64,degCent,10,0.6044984076433121,0,1,None,66,1,5,False,10,10
7760,60,degCent,10,0.6202229299363057,0,21,None,66,1,5,False,10,10
7761,61,degCent,10,0.6245023885350318,0,21,None,66,1,5,False,10,10
7762,62,degCent,10,0.6290804140127388,0,21,None,66,1,5,False,10,10
7763,63,degCent,10,0.6346536624203821,0,21,None,66,1,5,False,10,10
7764,64,degCent,10,0.6393312101910829,0,21,None,66,1,5,False,10,10
7765,60,degCent,10,0.6305732484076433,0,2,None,66,1,5,False,10,10
7766,61,degCent,10,0.6335589171974523,0,2,None,66,1,5,False,10,10
7767,62,degCent,10,0.636843152866242,0,2,None,66,1,5,False,10,10
7768,63,degCent,10,0.6399283439490446,0,2,None,66,1,5,False,10,10
7769,64,degCent,10,0.6443073248407644,0,2,None,66,1,5,False,10,10
7770,60,degCent,10,0.6091759554140127,0,5,None,66,1,5,False,10,10
7771,61,degCent,10,0.6099721337579618,0,5,None,66,1,5,False,10,10
7772,62,degCent,10,0.6111664012738853,0,5,None,66,1,5,False,10,10
7773,63,degCent,10,0.6121616242038217,0,5,None,66,1,5,False,10,10
7774,64,degCent,10,0.6125597133757962,0,5,None,66,1,5,False,10,10
7775,60,degCent,10,0.6414211783439491,0,20,None,66,1,5,False,10,10
7776,61,degCent,10,0.6426154458598726,0,20,None,66,1,5,False,10,10
7777,62,degCent,10,0.6437101910828026,0,20,None,66,1,5,False,10,10
7778,63,degCent,10,0.6454020700636943,0,20,None,66,1,5,False,10,10
7779,64,degCent,10,0.6468949044585988,0,20,None,66,1,5,False,10,10
7780,60,degCent,10,0.6453025477707006,0,23,None,66,1,5,False,10,10
7781,61,degCent,10,0.6465963375796179,0,23,None,66,1,5,False,10,10
7782,62,degCent,10,0.6494824840764332,0,23,None,66,1,5,False,10,10
7783,63,degCent,10,0.6509753184713376,0,23,None,66,1,5,False,10,10
7784,64,degCent,10,0.6526671974522293,0,23,None,66,1,5,False,10,10
7785,60,degCent,10,0.6179339171974523,0,4,None,66,1,5,False,10,10
7786,61,degCent,10,0.6202229299363057,0,4,None,66,1,5,False,10,10
7787,62,degCent,10,0.6233081210191083,0,4,None,66,1,5,False,10,10
7788,63,degCent,10,0.6249004777070064,0,4,None,66,1,5,False,10,10
7789,64,degCent,10,0.6258957006369427,0,4,None,66,1,5,False,10,10
7790,60,degCent,10,0.6238057324840764,0,7,None,66,1,5,False,10,10
7791,61,degCent,10,0.6265923566878981,0,7,None,66,1,5,False,10,10
7792,62,degCent,10,0.6286823248407644,0,7,None,66,1,5,False,10,10
7793,63,degCent,10,0.6308718152866242,0,7,None,66,1,5,False,10,10
7794,64,degCent,10,0.6330613057324841,0,7,None,66,1,5,False,10,10
7795,60,degCent,10,0.6000199044585988,0,16,None,66,1,5,False,10,10
7796,61,degCent,10,0.6013136942675159,0,16,None,66,1,5,False,10,10
7797,62,degCent,10,0.6016122611464968,0,16,None,66,1,5,False,10,10
7798,63,degCent,10,0.6027070063694268,0,16,None,66,1,5,False,10,10
7799,64,degCent,10,0.6040007961783439,0,16,None,66,1,5,False,10,10
7800,60,degCent,10,0.6768511146496815,0,32,None,66,1,5,False,10,10
7801,61,degCent,10,0.6778463375796179,0,32,None,66,1,5,False,10,10
7802,62,degCent,10,0.6780453821656051,0,32,None,66,1,5,False,10,10
7803,63,degCent,10,0.6798367834394905,0,32,None,66,1,5,False,10,10
7804,64,degCent,10,0.6798367834394905,0,32,None,66,1,5,False,10,10
7805,60,degCent,10,0.6138535031847133,0,29,None,66,1,5,False,10,10
7806,61,degCent,10,0.6149482484076433,0,29,None,66,1,5,False,10,10
7807,62,degCent,10,0.6164410828025477,0,29,None,66,1,5,False,10,10
7808,63,degCent,10,0.6180334394904459,0,29,None,66,1,5,False,10,10
7809,64,degCent,10,0.6202229299363057,0,29,None,66,1,5,False,10,10
7810,60,degCent,10,0.6220143312101911,0,13,None,66,1,5,False,10,10
7811,61,degCent,10,0.6264928343949044,0,13,None,66,1,5,False,10,10
7812,62,degCent,10,0.6291799363057324,0,13,None,66,1,5,False,10,10
7813,63,degCent,10,0.6334593949044586,0,13,None,66,1,5,False,10,10
7814,64,degCent,10,0.6377388535031847,0,13,None,66,1,5,False,10,10
7815,60,degCent,10,0.6549562101910829,0,12,None,66,1,5,False,10,10
7816,61,degCent,10,0.658140923566879,0,12,None,66,1,5,False,10,10
7817,62,degCent,10,0.6615246815286624,0,12,None,66,1,5,False,10,10
7818,63,degCent,10,0.6644108280254777,0,12,None,66,1,5,False,10,10
7819,64,degCent,10,0.6675955414012739,0,12,None,66,1,5,False,10,10
7820,60,degCent,10,0.6428144904458599,0,25,None,66,1,5,False,10,10
7821,61,degCent,10,0.646297770700637,0,25,None,66,1,5,False,10,10
7822,62,degCent,10,0.6492834394904459,0,25,None,66,1,5,False,10,10
7823,63,degCent,10,0.6510748407643312,0,25,None,66,1,5,False,10,10
7824,64,degCent,10,0.6526671974522293,0,25,None,66,1,5,False,10,10
7825,60,degCent,10,0.6328622611464968,0,26,None,66,1,5,False,10,10
7826,61,degCent,10,0.6350517515923567,0,26,None,66,1,5,False,10,10
7827,62,degCent,10,0.6376393312101911,0,26,None,66,1,5,False,10,10
7828,63,degCent,10,0.638734076433121,0,26,None,66,1,5,False,10,10
7829,64,degCent,10,0.6405254777070064,0,26,None,66,1,5,False,10,10
7830,60,degCent,10,0.6725716560509554,0,15,None,66,1,5,False,10,10
7831,61,degCent,10,0.6736664012738853,0,15,None,66,1,5,False,10,10
7832,62,degCent,10,0.6749601910828026,0,15,None,66,1,5,False,10,10
7833,63,degCent,10,0.6773487261146497,0,15,None,66,1,5,False,10,10
7834,64,degCent,10,0.6795382165605095,0,15,None,66,1,5,False,10,10
7835,60,degCent,10,0.6086783439490446,0,10,None,66,1,5,False,10,10
7836,61,degCent,10,0.61046974522293,0,10,None,66,1,5,False,10,10
7837,62,degCent,10,0.6124601910828026,0,10,None,66,1,5,False,10,10
7838,63,degCent,10,0.6152468152866242,0,10,None,66,1,5,False,10,10
7839,64,degCent,10,0.6170382165605095,0,10,None,66,1,5,False,10,10
7840,60,degCent,10,0.6115644904458599,0,28,None,66,1,5,False,10,10
7841,61,degCent,10,0.6130573248407644,0,28,None,66,1,5,False,10,10
7842,62,degCent,10,0.6140525477707006,0,28,None,66,1,5,False,10,10
7843,63,degCent,10,0.6148487261146497,0,28,None,66,1,5,False,10,10
7844,64,degCent,10,0.6163415605095541,0,28,None,66,1,5,False,10,10
7845,60,degCent,10,0.6401273885350318,0,0,None,66,1,5,False,10,10
7846,61,degCent,10,0.6429140127388535,0,0,None,66,1,5,False,10,10
7847,62,degCent,10,0.647093949044586,0,0,None,66,1,5,False,10,10
7848,63,degCent,10,0.649781050955414,0,0,None,66,1,5,False,10,10
7849,64,degCent,10,0.6533638535031847,0,0,None,66,1,5,False,10,10
7850,60,degCent,10,0.6165406050955414,0,30,None,66,1,5,False,10,10
7851,61,degCent,10,0.6218152866242038,0,30,None,66,1,5,False,10,10
7852,62,degCent,10,0.6284832802547771,0,30,None,66,1,5,False,10,10
7853,63,degCent,10,0.6328622611464968,0,30,None,66,1,5,False,10,10
7854,64,degCent,10,0.6369426751592356,0,30,None,66,1,5,False,10,10
7855,60,degCent,10,0.6171377388535032,0,27,None,66,1,5,False,10,10
7856,61,degCent,10,0.6190286624203821,0,27,None,66,1,5,False,10,10
7857,62,degCent,10,0.6210191082802548,0,27,None,66,1,5,False,10,10
7858,63,degCent,10,0.6211186305732485,0,27,None,66,1,5,False,10,10
7859,64,degCent,10,0.622312898089172,0,27,None,66,1,5,False,10,10
7860,60,degCent,10,0.6532643312101911,0,9,None,66,1,5,False,10,10
7861,61,degCent,10,0.654359076433121,0,9,None,66,1,5,False,10,10
7862,62,degCent,10,0.6579418789808917,0,9,None,66,1,5,False,10,10
7863,63,degCent,10,0.6591361464968153,0,9,None,66,1,5,False,10,10
7864,64,degCent,10,0.6621218152866242,0,9,None,66,1,5,False,10,10
7865,60,degCent,10,0.587281050955414,0,6,None,66,1,5,False,10,10
7866,61,degCent,10,0.5889729299363057,0,6,None,66,1,5,False,10,10
7867,62,degCent,10,0.5915605095541401,0,6,None,66,1,5,False,10,10
7868,63,degCent,10,0.5936504777070064,0,6,None,66,1,5,False,10,10
7869,64,degCent,10,0.5959394904458599,0,6,None,66,1,5,False,10,10
7870,60,degCent,10,0.6219148089171974,0,14,None,66,1,5,False,10,10
7871,61,degCent,10,0.6246019108280255,0,14,None,66,1,5,False,10,10
7872,62,degCent,10,0.6279856687898089,0,14,None,66,1,5,False,10,10
7873,63,degCent,10,0.6318670382165605,0,14,None,66,1,5,False,10,10
7874,64,degCent,10,0.6351512738853503,0,14,None,66,1,5,False,10,10
7875,60,degCent,10,0.6281847133757962,0,22,None,66,1,5,False,10,10
7876,61,degCent,10,0.6315684713375797,0,22,None,66,1,5,False,10,10
7877,62,degCent,10,0.634952229299363,0,22,None,66,1,5,False,10,10
7878,63,degCent,10,0.6372412420382165,0,22,None,66,1,5,False,10,10
7879,64,degCent,10,0.63953025477707,0,22,None,66,1,5,False,10,10
7880,60,degCent,10,0.6668988853503185,0,11,None,66,1,5,False,10,10
7881,61,degCent,10,0.669187898089172,0,11,None,66,1,5,False,10,10
7882,62,degCent,10,0.6722730891719745,0,11,None,66,1,5,False,10,10
7883,63,degCent,10,0.6725716560509554,0,11,None,66,1,5,False,10,10
7884,64,degCent,10,0.6744625796178344,0,11,None,66,1,5,False,10,10
7885,60,degCent,10,0.6127587579617835,0,17,None,66,1,5,False,10,10
7886,61,degCent,10,0.6123606687898089,0,17,None,66,1,5,False,10,10
7887,62,degCent,10,0.6137539808917197,0,17,None,66,1,5,False,10,10
7888,63,degCent,10,0.6138535031847133,0,17,None,66,1,5,False,10,10
7889,64,degCent,10,0.6152468152866242,0,17,None,66,1,5,False,10,10
7890,60,degCent,10,0.6291799363057324,0,24,None,66,1,5,False,10,10
7891,61,degCent,10,0.632265127388535,0,24,None,66,1,5,False,10,10
7892,62,degCent,10,0.636046974522293,0,24,None,66,1,5,False,10,10
7893,63,degCent,10,0.6394307324840764,0,24,None,66,1,5,False,10,10
7894,64,degCent,10,0.6434116242038217,0,24,None,66,1,5,False,10,10
7895,60,degCent,10,0.6216162420382165,0,8,None,66,1,5,False,10,10
7896,61,degCent,10,0.6228105095541401,0,8,None,66,1,5,False,10,10
7897,62,degCent,10,0.6240047770700637,0,8,None,66,1,5,False,10,10
7898,63,degCent,10,0.6259952229299363,0,8,None,66,1,5,False,10,10
7899,64,degCent,10,0.6272890127388535,0,8,None,66,1,5,False,10,10
7900,60,degCent,10,0.6175358280254777,0,18,None,66,1,5,False,10,10
7901,61,degCent,10,0.6200238853503185,0,18,None,66,1,5,False,10,10
7902,62,degCent,10,0.6224124203821656,0,18,None,66,1,5,False,10,10
7903,63,degCent,10,0.6252985668789809,0,18,None,66,1,5,False,10,10
7904,64,degCent,10,0.6283837579617835,0,18,None,66,1,5,False,10,10
7905,60,degCent,10,0.6255971337579618,0,3,None,66,1,5,False,10,10
7906,61,degCent,10,0.6302746815286624,0,3,None,66,1,5,False,10,10
7907,62,degCent,10,0.6336584394904459,0,3,None,66,1,5,False,10,10
7908,63,degCent,10,0.636843152866242,0,3,None,66,1,5,False,10,10
7909,64,degCent,10,0.6393312101910829,0,3,None,66,1,5,False,10,10
7910,60,degCent,10,0.5355294585987261,0,31,None,66,1,5,False,10,10
7911,61,degCent,10,0.5382165605095541,0,31,None,66,1,5,False,10,10
7912,62,degCent,10,0.541202229299363,0,31,None,66,1,5,False,10,10
7913,63,degCent,10,0.5447850318471338,0,31,None,66,1,5,False,10,10
7914,64,degCent,10,0.5493630573248408,0,31,None,66,1,5,False,10,10
7915,60,degCent,10,0.6309713375796179,0,19,None,66,1,5,False,10,10
7916,61,degCent,10,0.6340565286624203,0,19,None,66,1,5,False,10,10
7917,62,degCent,10,0.6343550955414012,0,19,None,66,1,5,False,10,10
7918,63,degCent,10,0.6348527070063694,0,19,None,66,1,5,False,10,10
7919,64,degCent,10,0.6381369426751592,0,19,None,66,1,5,False,10,10
10065,65,degCent,10,0.6073845541401274,0,1,None,66,1,5,False,10,10
10066,66,degCent,10,0.6136544585987261,0,1,None,66,1,5,False,10,10
10067,67,degCent,10,0.6170382165605095,0,1,None,66,1,5,False,10,10
10068,68,degCent,10,0.6178343949044586,0,1,None,66,1,5,False,10,10
10069,69,degCent,10,0.6207205414012739,0,1,None,66,1,5,False,10,10
10070,65,degCent,10,0.63953025477707,0,13,None,66,1,5,False,10,10
10071,66,degCent,10,0.6445063694267515,0,13,None,66,1,5,False,10,10
10072,67,degCent,10,0.6483877388535032,0,13,None,66,1,5,False,10,10
10073,68,degCent,10,0.6521695859872612,0,13,None,66,1,5,False,10,10
10074,69,degCent,10,0.6555533439490446,0,13,None,66,1,5,False,10,10
10075,65,degCent,10,0.6079816878980892,0,16,None,66,1,5,False,10,10
10076,66,degCent,10,0.6094745222929936,0,16,None,66,1,5,False,10,10
10077,67,degCent,10,0.6111664012738853,0,16,None,66,1,5,False,10,10
10078,68,degCent,10,0.6127587579617835,0,16,None,66,1,5,False,10,10
10079,69,degCent,10,0.615047770700637,0,16,None,66,1,5,False,10,10
10080,65,degCent,10,0.6351512738853503,0,8,None,66,1,5,False,10,10
10081,66,degCent,10,0.6354498407643312,0,8,None,66,1,5,False,10,10
10082,67,degCent,10,0.6370421974522293,0,8,None,66,1,5,False,10,10
10083,68,degCent,10,0.637937898089172,0,8,None,66,1,5,False,10,10
10084,69,degCent,10,0.6384355095541401,0,8,None,66,1,5,False,10,10
10085,65,degCent,10,0.6459992038216561,0,22,None,66,1,5,False,10,10
10086,66,degCent,10,0.6479896496815286,0,22,None,66,1,5,False,10,10
10087,67,degCent,10,0.6502786624203821,0,22,None,66,1,5,False,10,10
10088,68,degCent,10,0.6523686305732485,0,22,None,66,1,5,False,10,10
10089,69,degCent,10,0.6545581210191083,0,22,None,66,1,5,False,10,10
10090,65,degCent,10,0.65515525477707,0,23,None,66,1,5,False,10,10
10091,66,degCent,10,0.6566480891719745,0,23,None,66,1,5,False,10,10
10092,67,degCent,10,0.6575437898089171,0,23,None,66,1,5,False,10,10
10093,68,degCent,10,0.6593351910828026,0,23,None,66,1,5,False,10,10
10094,69,degCent,10,0.6612261146496815,0,23,None,66,1,5,False,10,10
10095,65,degCent,10,0.652468152866242,0,25,None,66,1,5,False,10,10
10096,66,degCent,10,0.6548566878980892,0,25,None,66,1,5,False,10,10
10097,67,degCent,10,0.6574442675159236,0,25,None,66,1,5,False,10,10
10098,68,degCent,10,0.6606289808917197,0,25,None,66,1,5,False,10,10
10099,69,degCent,10,0.6637141719745223,0,25,None,66,1,5,False,10,10
10100,65,degCent,10,0.6214171974522293,0,29,None,66,1,5,False,10,10
10101,66,degCent,10,0.6227109872611465,0,29,None,66,1,5,False,10,10
10102,67,degCent,10,0.6258957006369427,0,29,None,66,1,5,False,10,10
10103,68,degCent,10,0.6278861464968153,0,29,None,66,1,5,False,10,10
10104,69,degCent,10,0.6302746815286624,0,29,None,66,1,5,False,10,10
10105,65,degCent,10,0.5371218152866242,0,31,None,66,1,5,False,10,10
10106,66,degCent,10,0.5410031847133758,0,31,None,66,1,5,False,10,10
10107,67,degCent,10,0.5455812101910829,0,31,None,66,1,5,False,10,10
10108,68,degCent,10,0.5518511146496815,0,31,None,66,1,5,False,10,10
10109,69,degCent,10,0.5588176751592356,0,31,None,66,1,5,False,10,10
10110,65,degCent,10,0.6230095541401274,0,27,None,66,1,5,False,10,10
10111,66,degCent,10,0.6235071656050956,0,27,None,66,1,5,False,10,10
10112,67,degCent,10,0.6255971337579618,0,27,None,66,1,5,False,10,10
10113,68,degCent,10,0.6262937898089171,0,27,None,66,1,5,False,10,10
10114,69,degCent,10,0.6293789808917197,0,27,None,66,1,5,False,10,10
10115,65,degCent,10,0.646297770700637,0,2,None,66,1,5,False,10,10
10116,66,degCent,10,0.6496815286624203,0,2,None,66,1,5,False,10,10
10117,67,degCent,10,0.6559514331210191,0,2,None,66,1,5,False,10,10
10118,68,degCent,10,0.6588375796178344,0,2,None,66,1,5,False,10,10
10119,69,degCent,10,0.6625199044585988,0,2,None,66,1,5,False,10,10
10120,65,degCent,10,0.6792396496815286,0,15,None,66,1,5,False,10,10
10121,66,degCent,10,0.6805334394904459,0,15,None,66,1,5,False,10,10
10122,67,degCent,10,0.6831210191082803,0,15,None,66,1,5,False,10,10
10123,68,degCent,10,0.6850119426751592,0,15,None,66,1,5,False,10,10
10124,69,degCent,10,0.6877985668789809,0,15,None,66,1,5,False,10,10
10125,65,degCent,10,0.6624203821656051,0,9,None,66,1,5,False,10,10
10126,66,degCent,10,0.6649084394904459,0,9,None,66,1,5,False,10,10
10127,67,degCent,10,0.6663017515923567,0,9,None,66,1,5,False,10,10
10128,68,degCent,10,0.6692874203821656,0,9,None,66,1,5,False,10,10
10129,69,degCent,10,0.6711783439490446,0,9,None,66,1,5,False,10,10
10130,65,degCent,10,0.6488853503184714,0,20,None,66,1,5,False,10,10
10131,66,degCent,10,0.650577229299363,0,20,None,66,1,5,False,10,10
10132,67,degCent,10,0.6534633757961783,0,20,None,66,1,5,False,10,10
10133,68,degCent,10,0.6533638535031847,0,20,None,66,1,5,False,10,10
10134,69,degCent,10,0.6552547770700637,0,20,None,66,1,5,False,10,10
10135,65,degCent,10,0.6294785031847133,0,18,None,66,1,5,False,10,10
10136,66,degCent,10,0.6325636942675159,0,18,None,66,1,5,False,10,10
10137,67,degCent,10,0.634156050955414,0,18,None,66,1,5,False,10,10
10138,68,degCent,10,0.6363455414012739,0,18,None,66,1,5,False,10,10
10139,69,degCent,10,0.6383359872611465,0,18,None,66,1,5,False,10,10
10140,65,degCent,10,0.6187300955414012,0,28,None,66,1,5,False,10,10
10141,66,degCent,10,0.6201234076433121,0,28,None,66,1,5,False,10,10
10142,67,degCent,10,0.6208200636942676,0,28,None,66,1,5,False,10,10
10143,68,degCent,10,0.6215167197452229,0,28,None,66,1,5,False,10,10
10144,69,degCent,10,0.6219148089171974,0,28,None,66,1,5,False,10,10
10145,65,degCent,10,0.6136544585987261,0,5,None,66,1,5,False,10,10
10146,66,degCent,10,0.6146496815286624,0,5,None,66,1,5,False,10,10
10147,67,degCent,10,0.6154458598726115,0,5,None,66,1,5,False,10,10
10148,68,degCent,10,0.6162420382165605,0,5,None,66,1,5,False,10,10
10149,69,degCent,10,0.6168391719745223,0,5,None,66,1,5,False,10,10
10150,65,degCent,10,0.5968351910828026,0,6,None,66,1,5,False,10,10
10151,66,degCent,10,0.5991242038216561,0,6,None,66,1,5,False,10,10
10152,67,degCent,10,0.6015127388535032,0,6,None,66,1,5,False,10,10
10153,68,degCent,10,0.602906050955414,0,6,None,66,1,5,False,10,10
10154,69,degCent,10,0.6049960191082803,0,6,None,66,1,5,False,10,10
10155,65,degCent,10,0.6684912420382165,0,12,None,66,1,5,False,10,10
10156,66,degCent,10,0.6709792993630573,0,12,None,66,1,5,False,10,10
10157,67,degCent,10,0.6733678343949044,0,12,None,66,1,5,False,10,10
10158,68,degCent,10,0.6744625796178344,0,12,None,66,1,5,False,10,10
10159,69,degCent,10,0.6762539808917197,0,12,None,66,1,5,False,10,10
10160,65,degCent,10,0.6356488853503185,0,14,None,66,1,5,False,10,10
10161,66,degCent,10,0.6373407643312102,0,14,None,66,1,5,False,10,10
10162,67,degCent,10,0.6398288216560509,0,14,None,66,1,5,False,10,10
10163,68,degCent,10,0.6423168789808917,0,14,None,66,1,5,False,10,10
10164,69,degCent,10,0.6435111464968153,0,14,None,66,1,5,False,10,10
10165,65,degCent,10,0.6410230891719745,0,26,None,66,1,5,False,10,10
10166,66,degCent,10,0.6431130573248408,0,26,None,66,1,5,False,10,10
10167,67,degCent,10,0.6449044585987261,0,26,None,66,1,5,False,10,10
10168,68,degCent,10,0.6471934713375797,0,26,None,66,1,5,False,10,10
10169,69,degCent,10,0.6494824840764332,0,26,None,66,1,5,False,10,10
10170,65,degCent,10,0.6355493630573248,0,30,None,66,1,5,False,10,10
10171,66,degCent,10,0.6398288216560509,0,30,None,66,1,5,False,10,10
10172,67,degCent,10,0.6442078025477707,0,30,None,66,1,5,False,10,10
10173,68,degCent,10,0.648984872611465,0,30,None,66,1,5,False,10,10
10174,69,degCent,10,0.651671974522293,0,30,None,66,1,5,False,10,10
10175,65,degCent,10,0.6144506369426752,0,10,None,66,1,5,False,10,10
10176,66,degCent,10,0.6170382165605095,0,10,None,66,1,5,False,10,10
10177,67,degCent,10,0.6182324840764332,0,10,None,66,1,5,False,10,10
10178,68,degCent,10,0.6203224522292994,0,10,None,66,1,5,False,10,10
10179,69,degCent,10,0.6229100318471338,0,10,None,66,1,5,False,10,10
10180,65,degCent,10,0.6762539808917197,0,11,None,66,1,5,False,10,10
10181,66,degCent,10,0.6778463375796179,0,11,None,66,1,5,False,10,10
10182,67,degCent,10,0.6788415605095541,0,11,None,66,1,5,False,10,10
10183,68,degCent,10,0.6808320063694268,0,11,None,66,1,5,False,10,10
10184,69,degCent,10,0.6842157643312102,0,11,None,66,1,5,False,10,10
10185,65,degCent,10,0.640625,0,3,None,66,1,5,False,10,10
10186,66,degCent,10,0.6443073248407644,0,3,None,66,1,5,False,10,10
10187,67,degCent,10,0.6473925159235668,0,3,None,66,1,5,False,10,10
10188,68,degCent,10,0.6508757961783439,0,3,None,66,1,5,False,10,10
10189,69,degCent,10,0.654359076433121,0,3,None,66,1,5,False,10,10
10190,65,degCent,10,0.6201234076433121,0,17,None,66,1,5,False,10,10
10191,66,degCent,10,0.6197253184713376,0,17,None,66,1,5,False,10,10
10192,67,degCent,10,0.6195262738853503,0,17,None,66,1,5,False,10,10
10193,68,degCent,10,0.6202229299363057,0,17,None,66,1,5,False,10,10
10194,69,degCent,10,0.6203224522292994,0,17,None,66,1,5,False,10,10
10195,65,degCent,10,0.6399283439490446,0,19,None,66,1,5,False,10,10
10196,66,degCent,10,0.643312101910828,0,19,None,66,1,5,False,10,10
10197,67,degCent,10,0.6458001592356688,0,19,None,66,1,5,False,10,10
10198,68,degCent,10,0.6480891719745223,0,19,None,66,1,5,False,10,10
10199,69,degCent,10,0.6492834394904459,0,19,None,66,1,5,False,10,10
10200,65,degCent,10,0.6422173566878981,0,21,None,66,1,5,False,10,10
10201,66,degCent,10,0.6460987261146497,0,21,None,66,1,5,False,10,10
10202,67,degCent,10,0.649781050955414,0,21,None,66,1,5,False,10,10
10203,68,degCent,10,0.6527667197452229,0,21,None,66,1,5,False,10,10
10204,69,degCent,10,0.6577428343949044,0,21,None,66,1,5,False,10,10
10205,65,degCent,10,0.65515525477707,0,0,None,66,1,5,False,10,10
10206,66,degCent,10,0.6576433121019108,0,0,None,66,1,5,False,10,10
10207,67,degCent,10,0.6609275477707006,0,0,None,66,1,5,False,10,10
10208,68,degCent,10,0.6636146496815286,0,0,None,66,1,5,False,10,10
10209,69,degCent,10,0.6657046178343949,0,0,None,66,1,5,False,10,10
10210,65,degCent,10,0.6410230891719745,0,24,None,66,1,5,False,10,10
10211,66,degCent,10,0.646297770700637,0,24,None,66,1,5,False,10,10
10212,67,degCent,10,0.6492834394904459,0,24,None,66,1,5,False,10,10
10213,68,degCent,10,0.6513734076433121,0,24,None,66,1,5,False,10,10
10214,69,degCent,10,0.6549562101910829,0,24,None,66,1,5,False,10,10
10215,65,degCent,10,0.6382364649681529,0,7,None,66,1,5,False,10,10
10216,66,degCent,10,0.6409235668789809,0,7,None,66,1,5,False,10,10
10217,67,degCent,10,0.6430135350318471,0,7,None,66,1,5,False,10,10
10218,68,degCent,10,0.6455015923566879,0,7,None,66,1,5,False,10,10
10219,69,degCent,10,0.6480891719745223,0,7,None,66,1,5,False,10,10
10220,65,degCent,10,0.6830214968152867,0,32,None,66,1,5,False,10,10
10221,66,degCent,10,0.682921974522293,0,32,None,66,1,5,False,10,10
10222,67,degCent,10,0.6853105095541401,0,32,None,66,1,5,False,10,10
10223,68,degCent,10,0.6865047770700637,0,32,None,66,1,5,False,10,10
10224,69,degCent,10,0.6869028662420382,0,32,None,66,1,5,False,10,10
10225,65,degCent,10,0.6321656050955414,0,4,None,66,1,5,False,10,10
10226,66,degCent,10,0.6346536624203821,0,4,None,66,1,5,False,10,10
10227,67,degCent,10,0.6366441082802548,0,4,None,66,1,5,False,10,10
10228,68,degCent,10,0.6399283439490446,0,4,None,66,1,5,False,10,10
10229,69,degCent,10,0.6418192675159236,0,4,None,66,1,5,False,10,10
10230,70,degCent,10,0.6630175159235668,0,25,None,66,1,5,False,10,10
10231,71,degCent,10,0.6658041401273885,0,25,None,66,1,5,False,10,10
10232,72,degCent,10,0.6677945859872612,0,25,None,66,1,5,False,10,10
10233,73,degCent,10,0.6694864649681529,0,25,None,66,1,5,False,10,10
10234,74,degCent,10,0.6709792993630573,0,25,None,66,1,5,False,10,10
10235,70,degCent,10,0.541202229299363,0,31,None,66,1,5,False,10,10
10236,71,degCent,10,0.5499601910828026,0,31,None,66,1,5,False,10,10
10237,72,degCent,10,0.5571257961783439,0,31,None,66,1,5,False,10,10
10238,73,degCent,10,0.5652866242038217,0,31,None,66,1,5,False,10,10
10239,74,degCent,10,0.5729498407643312,0,31,None,66,1,5,False,10,10
10240,70,degCent,10,0.6900875796178344,0,32,None,66,1,5,False,10,10
10241,71,degCent,10,0.6913813694267515,0,32,None,66,1,5,False,10,10
10242,72,degCent,10,0.6930732484076433,0,32,None,66,1,5,False,10,10
10243,73,degCent,10,0.6946656050955414,0,32,None,66,1,5,False,10,10
10244,74,degCent,10,0.6962579617834395,0,32,None,66,1,5,False,10,10
10245,70,degCent,10,0.6253980891719745,0,1,None,66,1,5,False,10,10
10246,71,degCent,10,0.6281847133757962,0,1,None,66,1,5,False,10,10
10247,72,degCent,10,0.6305732484076433,0,1,None,66,1,5,False,10,10
10248,73,degCent,10,0.6334593949044586,0,1,None,66,1,5,False,10,10
10249,74,degCent,10,0.6352507961783439,0,1,None,66,1,5,False,10,10
10250,70,degCent,10,0.6569466560509554,0,13,None,66,1,5,False,10,10
10251,71,degCent,10,0.6597332802547771,0,13,None,66,1,5,False,10,10
10252,72,degCent,10,0.6620222929936306,0,13,None,66,1,5,False,10,10
10253,73,degCent,10,0.6640127388535032,0,13,None,66,1,5,False,10,10
10254,74,degCent,10,0.6665007961783439,0,13,None,66,1,5,False,10,10
10255,70,degCent,10,0.6309713375796179,0,27,None,66,1,5,False,10,10
10256,71,degCent,10,0.6320660828025477,0,27,None,66,1,5,False,10,10
10257,72,degCent,10,0.6342555732484076,0,27,None,66,1,5,False,10,10
10258,73,degCent,10,0.6365445859872612,0,27,None,66,1,5,False,10,10
10259,74,degCent,10,0.6380374203821656,0,27,None,66,1,5,False,10,10
10260,70,degCent,10,0.6304737261146497,0,29,None,66,1,5,False,10,10
10261,71,degCent,10,0.6329617834394905,0,29,None,66,1,5,False,10,10
10262,72,degCent,10,0.6350517515923567,0,29,None,66,1,5,False,10,10
10263,73,degCent,10,0.6375398089171974,0,29,None,66,1,5,False,10,10
10264,74,degCent,10,0.6401273885350318,0,29,None,66,1,5,False,10,10
10265,70,degCent,10,0.6630175159235668,0,2,None,66,1,5,False,10,10
10266,71,degCent,10,0.6661027070063694,0,2,None,66,1,5,False,10,10
10267,72,degCent,10,0.6683917197452229,0,2,None,66,1,5,False,10,10
10268,73,degCent,10,0.6717754777070064,0,2,None,66,1,5,False,10,10
10269,74,degCent,10,0.6739649681528662,0,2,None,66,1,5,False,10,10
10270,70,degCent,10,0.6709792993630573,0,9,None,66,1,5,False,10,10
10271,71,degCent,10,0.6736664012738853,0,9,None,66,1,5,False,10,10
10272,72,degCent,10,0.675656847133758,0,9,None,66,1,5,False,10,10
10273,73,degCent,10,0.678343949044586,0,9,None,66,1,5,False,10,10
10274,74,degCent,10,0.680234872611465,0,9,None,66,1,5,False,10,10
10275,70,degCent,10,0.6270899681528662,0,28,None,66,1,5,False,10,10
10276,71,degCent,10,0.6273885350318471,0,28,None,66,1,5,False,10,10
10277,72,degCent,10,0.6270899681528662,0,28,None,66,1,5,False,10,10
10278,73,degCent,10,0.6275875796178344,0,28,None,66,1,5,False,10,10
10279,74,degCent,10,0.6274880573248408,0,28,None,66,1,5,False,10,10
10280,70,degCent,10,0.6178343949044586,0,5,None,66,1,5,False,10,10
10281,71,degCent,10,0.6184315286624203,0,5,None,66,1,5,False,10,10
10282,72,degCent,10,0.6197253184713376,0,5,None,66,1,5,False,10,10
10283,73,degCent,10,0.6209195859872612,0,5,None,66,1,5,False,10,10
10284,74,degCent,10,0.6214171974522293,0,5,None,66,1,5,False,10,10
10285,70,degCent,10,0.6059912420382165,0,6,None,66,1,5,False,10,10
10286,71,degCent,10,0.6077826433121019,0,6,None,66,1,5,False,10,10
10287,72,degCent,10,0.6096735668789809,0,6,None,66,1,5,False,10,10
10288,73,degCent,10,0.6114649681528662,0,6,None,66,1,5,False,10,10
10289,74,degCent,10,0.6142515923566879,0,6,None,66,1,5,False,10,10
10290,70,degCent,10,0.6506767515923567,0,7,None,66,1,5,False,10,10
10291,71,degCent,10,0.6534633757961783,0,7,None,66,1,5,False,10,10
10292,72,degCent,10,0.6556528662420382,0,7,None,66,1,5,False,10,10
10293,73,degCent,10,0.6580414012738853,0,7,None,66,1,5,False,10,10
10294,74,degCent,10,0.660828025477707,0,7,None,66,1,5,False,10,10
10295,70,degCent,10,0.6514729299363057,0,26,None,66,1,5,False,10,10
10296,71,degCent,10,0.6530652866242038,0,26,None,66,1,5,False,10,10
10297,72,degCent,10,0.6553542993630573,0,26,None,66,1,5,False,10,10
10298,73,degCent,10,0.6566480891719745,0,26,None,66,1,5,False,10,10
10299,74,degCent,10,0.6601313694267515,0,26,None,66,1,5,False,10,10
10300,70,degCent,10,0.6786425159235668,0,12,None,66,1,5,False,10,10
10301,71,degCent,10,0.6801353503184714,0,12,None,66,1,5,False,10,10
10302,72,degCent,10,0.6814291401273885,0,12,None,66,1,5,False,10,10
10303,73,degCent,10,0.6836186305732485,0,12,None,66,1,5,False,10,10
10304,74,degCent,10,0.6851114649681529,0,12,None,66,1,5,False,10,10
10305,70,degCent,10,0.652468152866242,0,30,None,66,1,5,False,10,10
10306,71,degCent,10,0.65625,0,30,None,66,1,5,False,10,10
10307,72,degCent,10,0.6595342356687898,0,30,None,66,1,5,False,10,10
10308,73,degCent,10,0.6617237261146497,0,30,None,66,1,5,False,10,10
10309,74,degCent,10,0.6652070063694268,0,30,None,66,1,5,False,10,10
10310,70,degCent,10,0.6564490445859873,0,20,None,66,1,5,False,10,10
10311,71,degCent,10,0.6578423566878981,0,20,None,66,1,5,False,10,10
10312,72,degCent,10,0.660031847133758,0,20,None,66,1,5,False,10,10
10313,73,degCent,10,0.6617237261146497,0,20,None,66,1,5,False,10,10
10314,74,degCent,10,0.6633160828025477,0,20,None,66,1,5,False,10,10
10315,70,degCent,10,0.6458001592356688,0,14,None,66,1,5,False,10,10
10316,71,degCent,10,0.6474920382165605,0,14,None,66,1,5,False,10,10
10317,72,degCent,10,0.6490843949044586,0,14,None,66,1,5,False,10,10
10318,73,degCent,10,0.6504777070063694,0,14,None,66,1,5,False,10,10
10319,74,degCent,10,0.6526671974522293,0,14,None,66,1,5,False,10,10
10320,70,degCent,10,0.6585390127388535,0,22,None,66,1,5,False,10,10
10321,71,degCent,10,0.6609275477707006,0,22,None,66,1,5,False,10,10
10322,72,degCent,10,0.6629179936305732,0,22,None,66,1,5,False,10,10
10323,73,degCent,10,0.6649084394904459,0,22,None,66,1,5,False,10,10
10324,74,degCent,10,0.6675955414012739,0,22,None,66,1,5,False,10,10
10325,70,degCent,10,0.6623208598726115,0,23,None,66,1,5,False,10,10
10326,71,degCent,10,0.6633160828025477,0,23,None,66,1,5,False,10,10
10327,72,degCent,10,0.6677945859872612,0,23,None,66,1,5,False,10,10
10328,73,degCent,10,0.6697850318471338,0,23,None,66,1,5,False,10,10
10329,74,degCent,10,0.67296974522293,0,23,None,66,1,5,False,10,10
10330,70,degCent,10,0.62390525477707,0,17,None,66,1,5,False,10,10
10331,71,degCent,10,0.6233081210191083,0,17,None,66,1,5,False,10,10
10332,72,degCent,10,0.62390525477707,0,17,None,66,1,5,False,10,10
10333,73,degCent,10,0.625,0,17,None,66,1,5,False,10,10
10334,74,degCent,10,0.6248009554140127,0,17,None,66,1,5,False,10,10
10335,70,degCent,10,0.6601313694267515,0,21,None,66,1,5,False,10,10
10336,71,degCent,10,0.6643113057324841,0,21,None,66,1,5,False,10,10
10337,72,degCent,10,0.6663017515923567,0,21,None,66,1,5,False,10,10
10338,73,degCent,10,0.6683917197452229,0,21,None,66,1,5,False,10,10
10339,74,degCent,10,0.6702826433121019,0,21,None,66,1,5,False,10,10
10340,70,degCent,10,0.6522691082802548,0,24,None,66,1,5,False,10,10
10341,71,degCent,10,0.6571457006369427,0,24,None,66,1,5,False,10,10
10342,72,degCent,10,0.6591361464968153,0,24,None,66,1,5,False,10,10
10343,73,degCent,10,0.6616242038216561,0,24,None,66,1,5,False,10,10
10344,74,degCent,10,0.6645103503184714,0,24,None,66,1,5,False,10,10
10345,70,degCent,10,0.6198248407643312,0,10,None,66,1,5,False,10,10
10346,71,degCent,10,0.6236066878980892,0,10,None,66,1,5,False,10,10
10347,72,degCent,10,0.6266918789808917,0,10,None,66,1,5,False,10,10
10348,73,degCent,10,0.6304737261146497,0,10,None,66,1,5,False,10,10
10349,74,degCent,10,0.6344546178343949,0,10,None,66,1,5,False,10,10
10350,70,degCent,10,0.6538614649681529,0,3,None,66,1,5,False,10,10
10351,71,degCent,10,0.6572452229299363,0,3,None,66,1,5,False,10,10
10352,72,degCent,10,0.6595342356687898,0,3,None,66,1,5,False,10,10
10353,73,degCent,10,0.6617237261146497,0,3,None,66,1,5,False,10,10
10354,74,degCent,10,0.6626194267515924,0,3,None,66,1,5,False,10,10
10355,70,degCent,10,0.6826234076433121,0,11,None,66,1,5,False,10,10
10356,71,degCent,10,0.6847133757961783,0,11,None,66,1,5,False,10,10
10357,72,degCent,10,0.6863057324840764,0,11,None,66,1,5,False,10,10
10358,73,degCent,10,0.6894904458598726,0,11,None,66,1,5,False,10,10
10359,74,degCent,10,0.692078025477707,0,11,None,66,1,5,False,10,10
10360,70,degCent,10,0.68640525477707,0,15,None,66,1,5,False,10,10
10361,71,degCent,10,0.6890923566878981,0,15,None,66,1,5,False,10,10
10362,72,degCent,10,0.6914808917197452,0,15,None,66,1,5,False,10,10
10363,73,degCent,10,0.6943670382165605,0,15,None,66,1,5,False,10,10
10364,74,degCent,10,0.6965565286624203,0,15,None,66,1,5,False,10,10
10365,70,degCent,10,0.6455015923566879,0,4,None,66,1,5,False,10,10
10366,71,degCent,10,0.647093949044586,0,4,None,66,1,5,False,10,10
10367,72,degCent,10,0.6488853503184714,0,4,None,66,1,5,False,10,10
10368,73,degCent,10,0.6507762738853503,0,4,None,66,1,5,False,10,10
10369,74,degCent,10,0.6536624203821656,0,4,None,66,1,5,False,10,10
10370,70,degCent,10,0.6666998407643312,0,0,None,66,1,5,False,10,10
10371,71,degCent,10,0.669187898089172,0,0,None,66,1,5,False,10,10
10372,72,degCent,10,0.6725716560509554,0,0,None,66,1,5,False,10,10
10373,73,degCent,10,0.6753582802547771,0,0,None,66,1,5,False,10,10
10374,74,degCent,10,0.6777468152866242,0,0,None,66,1,5,False,10,10
10375,70,degCent,10,0.6171377388535032,0,16,None,66,1,5,False,10,10
10376,71,degCent,10,0.6190286624203821,0,16,None,66,1,5,False,10,10
10377,72,degCent,10,0.6203224522292994,0,16,None,66,1,5,False,10,10
10378,73,degCent,10,0.6213176751592356,0,16,None,66,1,5,False,10,10
10379,74,degCent,10,0.6225119426751592,0,16,None,66,1,5,False,10,10
10380,70,degCent,10,0.6437101910828026,0,8,None,66,1,5,False,10,10
10381,71,degCent,10,0.6440087579617835,0,8,None,66,1,5,False,10,10
10382,72,degCent,10,0.6446058917197452,0,8,None,66,1,5,False,10,10
10383,73,degCent,10,0.644406847133758,0,8,None,66,1,5,False,10,10
10384,74,degCent,10,0.6460987261146497,0,8,None,66,1,5,False,10,10
10385,70,degCent,10,0.6499800955414012,0,19,None,66,1,5,False,10,10
10386,71,degCent,10,0.651671974522293,0,19,None,66,1,5,False,10,10
10387,72,degCent,10,0.6532643312101911,0,19,None,66,1,5,False,10,10
10388,73,degCent,10,0.6561504777070064,0,19,None,66,1,5,False,10,10
10389,74,degCent,10,0.6566480891719745,0,19,None,66,1,5,False,10,10
10390,70,degCent,10,0.642515923566879,0,18,None,66,1,5,False,10,10
10391,71,degCent,10,0.6432125796178344,0,18,None,66,1,5,False,10,10
10392,72,degCent,10,0.645203025477707,0,18,None,66,1,5,False,10,10
10393,73,degCent,10,0.6473925159235668,0,18,None,66,1,5,False,10,10
10394,74,degCent,10,0.6492834394904459,0,18,None,66,1,5,False,10,10
12870,75,degCent,10,0.6735668789808917,0,2,None,66,1,5,False,10,10
12871,76,degCent,10,0.677547770700637,0,2,None,66,1,5,False,10,10
12872,77,degCent,10,0.6801353503184714,0,2,None,66,1,5,False,10,10
12873,78,degCent,10,0.6833200636942676,0,2,None,66,1,5,False,10,10
12874,79,degCent,10,0.6874004777070064,0,2,None,66,1,5,False,10,10
12875,75,degCent,10,0.6258957006369427,0,5,None,66,1,5,False,10,10
12876,76,degCent,10,0.6270899681528662,0,5,None,66,1,5,False,10,10
12877,77,degCent,10,0.6280851910828026,0,5,None,66,1,5,False,10,10
12878,78,degCent,10,0.6291799363057324,0,5,None,66,1,5,False,10,10
12879,79,degCent,10,0.6300756369426752,0,5,None,66,1,5,False,10,10
12880,75,degCent,10,0.668093152866242,0,13,None,66,1,5,False,10,10
12881,76,degCent,10,0.6708797770700637,0,13,None,66,1,5,False,10,10
12882,77,degCent,10,0.6733678343949044,0,13,None,66,1,5,False,10,10
12883,78,degCent,10,0.6753582802547771,0,13,None,66,1,5,False,10,10
12884,79,degCent,10,0.6771496815286624,0,13,None,66,1,5,False,10,10
12885,75,degCent,10,0.6326632165605095,0,10,None,66,1,5,False,10,10
12886,76,degCent,10,0.6370421974522293,0,10,None,66,1,5,False,10,10
12887,77,degCent,10,0.64171974522293,0,10,None,66,1,5,False,10,10
12888,78,degCent,10,0.647890127388535,0,10,None,66,1,5,False,10,10
12889,79,degCent,10,0.6518710191082803,0,10,None,66,1,5,False,10,10
12890,75,degCent,10,0.6948646496815286,0,15,None,66,1,5,False,10,10
12891,76,degCent,10,0.6963574840764332,0,15,None,66,1,5,False,10,10
12892,77,degCent,10,0.6981488853503185,0,15,None,66,1,5,False,10,10
12893,78,degCent,10,0.7013335987261147,0,15,None,66,1,5,False,10,10
12894,79,degCent,10,0.7026273885350318,0,15,None,66,1,5,False,10,10
12895,75,degCent,10,0.6905851910828026,0,11,None,66,1,5,False,10,10
12896,76,degCent,10,0.6911823248407644,0,11,None,66,1,5,False,10,10
12897,77,degCent,10,0.6940684713375797,0,11,None,66,1,5,False,10,10
12898,78,degCent,10,0.6970541401273885,0,11,None,66,1,5,False,10,10
12899,79,degCent,10,0.6986464968152867,0,11,None,66,1,5,False,10,10
12900,75,degCent,10,0.6655055732484076,0,20,None,66,1,5,False,10,10
12901,76,degCent,10,0.667296974522293,0,20,None,66,1,5,False,10,10
12902,77,degCent,10,0.669187898089172,0,20,None,66,1,5,False,10,10
12903,78,degCent,10,0.6710788216560509,0,20,None,66,1,5,False,10,10
12904,79,degCent,10,0.6728702229299363,0,20,None,66,1,5,False,10,10
12905,75,degCent,10,0.6560509554140127,0,14,None,66,1,5,False,10,10
12906,76,degCent,10,0.658140923566879,0,14,None,66,1,5,False,10,10
12907,77,degCent,10,0.658937101910828,0,14,None,66,1,5,False,10,10
12908,78,degCent,10,0.6613256369426752,0,14,None,66,1,5,False,10,10
12909,79,degCent,10,0.6631170382165605,0,14,None,66,1,5,False,10,10
12910,75,degCent,10,0.6703821656050956,0,22,None,66,1,5,False,10,10
12911,76,degCent,10,0.6730692675159236,0,22,None,66,1,5,False,10,10
12912,77,degCent,10,0.6748606687898089,0,22,None,66,1,5,False,10,10
12913,78,degCent,10,0.6765525477707006,0,22,None,66,1,5,False,10,10
12914,79,degCent,10,0.6793391719745223,0,22,None,66,1,5,False,10,10
12915,75,degCent,10,0.6755573248407644,0,23,None,66,1,5,False,10,10
12916,76,degCent,10,0.6772492038216561,0,23,None,66,1,5,False,10,10
12917,77,degCent,10,0.680234872611465,0,23,None,66,1,5,False,10,10
12918,78,degCent,10,0.6826234076433121,0,23,None,66,1,5,False,10,10
12919,79,degCent,10,0.6851114649681529,0,23,None,66,1,5,False,10,10
12920,75,degCent,10,0.6710788216560509,0,25,None,66,1,5,False,10,10
12921,76,degCent,10,0.6726711783439491,0,25,None,66,1,5,False,10,10
12922,77,degCent,10,0.6751592356687898,0,25,None,66,1,5,False,10,10
12923,78,degCent,10,0.6769506369426752,0,25,None,66,1,5,False,10,10
12924,79,degCent,10,0.679140127388535,0,25,None,66,1,5,False,10,10
12925,75,degCent,10,0.6324641719745223,0,28,None,66,1,5,False,10,10
12926,76,degCent,10,0.6329617834394905,0,28,None,66,1,5,False,10,10
12927,77,degCent,10,0.6342555732484076,0,28,None,66,1,5,False,10,10
12928,78,degCent,10,0.6346536624203821,0,28,None,66,1,5,False,10,10
12929,79,degCent,10,0.6366441082802548,0,28,None,66,1,5,False,10,10
12930,75,degCent,10,0.6372412420382165,0,29,None,66,1,5,False,10,10
12931,76,degCent,10,0.6404259554140127,0,29,None,66,1,5,False,10,10
12932,77,degCent,10,0.6429140127388535,0,29,None,66,1,5,False,10,10
12933,78,degCent,10,0.6461982484076433,0,29,None,66,1,5,False,10,10
12934,79,degCent,10,0.6487858280254777,0,29,None,66,1,5,False,10,10
12935,75,degCent,10,0.6813296178343949,0,9,None,66,1,5,False,10,10
12936,76,degCent,10,0.6836186305732485,0,9,None,66,1,5,False,10,10
12937,77,degCent,10,0.6859076433121019,0,9,None,66,1,5,False,10,10
12938,78,degCent,10,0.6879976114649682,0,9,None,66,1,5,False,10,10
12939,79,degCent,10,0.689390923566879,0,9,None,66,1,5,False,10,10
12940,75,degCent,10,0.6652070063694268,0,30,None,66,1,5,False,10,10
12941,76,degCent,10,0.669187898089172,0,30,None,66,1,5,False,10,10
12942,77,degCent,10,0.6730692675159236,0,30,None,66,1,5,False,10,10
12943,78,degCent,10,0.6762539808917197,0,30,None,66,1,5,False,10,10
12944,79,degCent,10,0.679140127388535,0,30,None,66,1,5,False,10,10
12945,75,degCent,10,0.5515525477707006,0,31,None,66,1,5,False,10,10
12946,76,degCent,10,0.5621019108280255,0,31,None,66,1,5,False,10,10
12947,77,degCent,10,0.5749402866242038,0,31,None,66,1,5,False,10,10
12948,78,degCent,10,0.5855891719745223,0,31,None,66,1,5,False,10,10
12949,79,degCent,10,0.5952428343949044,0,31,None,66,1,5,False,10,10
12950,75,degCent,10,0.6382364649681529,0,1,None,66,1,5,False,10,10
12951,76,degCent,10,0.6405254777070064,0,1,None,66,1,5,False,10,10
12952,77,degCent,10,0.6437101910828026,0,1,None,66,1,5,False,10,10
12953,78,degCent,10,0.6459992038216561,0,1,None,66,1,5,False,10,10
12954,79,degCent,10,0.6487858280254777,0,1,None,66,1,5,False,10,10
12955,75,degCent,10,0.6633160828025477,0,7,None,66,1,5,False,10,10
12956,76,degCent,10,0.6660031847133758,0,7,None,66,1,5,False,10,10
12957,77,degCent,10,0.6686902866242038,0,7,None,66,1,5,False,10,10
12958,78,degCent,10,0.6708797770700637,0,7,None,66,1,5,False,10,10
12959,79,degCent,10,0.6735668789808917,0,7,None,66,1,5,False,10,10
12960,75,degCent,10,0.6657046178343949,0,3,None,66,1,5,False,10,10
12961,76,degCent,10,0.6664012738853503,0,3,None,66,1,5,False,10,10
12962,77,degCent,10,0.6675955414012739,0,3,None,66,1,5,False,10,10
12963,78,degCent,10,0.6704816878980892,0,3,None,66,1,5,False,10,10
12964,79,degCent,10,0.6723726114649682,0,3,None,66,1,5,False,10,10
12965,75,degCent,10,0.6987460191082803,0,32,None,66,1,5,False,10,10
12966,76,degCent,10,0.7006369426751592,0,32,None,66,1,5,False,10,10
12967,77,degCent,10,0.7014331210191083,0,32,None,66,1,5,False,10,10
12968,78,degCent,10,0.7025278662420382,0,32,None,66,1,5,False,10,10
12969,79,degCent,10,0.7037221337579618,0,32,None,66,1,5,False,10,10
12970,75,degCent,10,0.65734474522293,0,4,None,66,1,5,False,10,10
12971,76,degCent,10,0.6591361464968153,0,4,None,66,1,5,False,10,10
12972,77,degCent,10,0.6617237261146497,0,4,None,66,1,5,False,10,10
12973,78,degCent,10,0.6641122611464968,0,4,None,66,1,5,False,10,10
12974,79,degCent,10,0.6666003184713376,0,4,None,66,1,5,False,10,10
12975,75,degCent,10,0.6796377388535032,0,0,None,66,1,5,False,10,10
12976,76,degCent,10,0.6816281847133758,0,0,None,66,1,5,False,10,10
12977,77,degCent,10,0.682921974522293,0,0,None,66,1,5,False,10,10
12978,78,degCent,10,0.6847133757961783,0,0,None,66,1,5,False,10,10
12979,79,degCent,10,0.6870023885350318,0,0,None,66,1,5,False,10,10
12980,75,degCent,10,0.627687101910828,0,16,None,66,1,5,False,10,10
12981,76,degCent,10,0.6282842356687898,0,16,None,66,1,5,False,10,10
12982,77,degCent,10,0.6296775477707006,0,16,None,66,1,5,False,10,10
12983,78,degCent,10,0.6302746815286624,0,16,None,66,1,5,False,10,10
12984,79,degCent,10,0.6313694267515924,0,16,None,66,1,5,False,10,10
12985,75,degCent,10,0.6500796178343949,0,8,None,66,1,5,False,10,10
12986,76,degCent,10,0.6506767515923567,0,8,None,66,1,5,False,10,10
12987,77,degCent,10,0.6526671974522293,0,8,None,66,1,5,False,10,10
12988,78,degCent,10,0.653562898089172,0,8,None,66,1,5,False,10,10
12989,79,degCent,10,0.6542595541401274,0,8,None,66,1,5,False,10,10
12990,75,degCent,10,0.6526671974522293,0,18,None,66,1,5,False,10,10
12991,76,degCent,10,0.6550557324840764,0,18,None,66,1,5,False,10,10
12992,77,degCent,10,0.6576433121019108,0,18,None,66,1,5,False,10,10
12993,78,degCent,10,0.6598328025477707,0,18,None,66,1,5,False,10,10
12994,79,degCent,10,0.6626194267515924,0,18,None,66,1,5,False,10,10
12995,75,degCent,10,0.6578423566878981,0,19,None,66,1,5,False,10,10
12996,76,degCent,10,0.6607285031847133,0,19,None,66,1,5,False,10,10
12997,77,degCent,10,0.6623208598726115,0,19,None,66,1,5,False,10,10
12998,78,degCent,10,0.6642117834394905,0,19,None,66,1,5,False,10,10
12999,79,degCent,10,0.6666003184713376,0,19,None,66,1,5,False,10,10
13000,75,degCent,10,0.6308718152866242,0,17,None,66,1,5,False,10,10
13001,76,degCent,10,0.6308718152866242,0,17,None,66,1,5,False,10,10
13002,77,degCent,10,0.6321656050955414,0,17,None,66,1,5,False,10,10
13003,78,degCent,10,0.6327627388535032,0,17,None,66,1,5,False,10,10
13004,79,degCent,10,0.6332603503184714,0,17,None,66,1,5,False,10,10
13005,75,degCent,10,0.6732683121019108,0,21,None,66,1,5,False,10,10
13006,76,degCent,10,0.6753582802547771,0,21,None,66,1,5,False,10,10
13007,77,degCent,10,0.6779458598726115,0,21,None,66,1,5,False,10,10
13008,78,degCent,10,0.6794386942675159,0,21,None,66,1,5,False,10,10
13009,79,degCent,10,0.6812300955414012,0,21,None,66,1,5,False,10,10
13010,75,degCent,10,0.6623208598726115,0,24,None,66,1,5,False,10,10
13011,76,degCent,10,0.6658041401273885,0,24,None,66,1,5,False,10,10
13012,77,degCent,10,0.6689888535031847,0,24,None,66,1,5,False,10,10
13013,78,degCent,10,0.6725716560509554,0,24,None,66,1,5,False,10,10
13014,79,degCent,10,0.6747611464968153,0,24,None,66,1,5,False,10,10
13015,75,degCent,10,0.636843152866242,0,27,None,66,1,5,False,10,10
13016,76,degCent,10,0.6393312101910829,0,27,None,66,1,5,False,10,10
13017,77,degCent,10,0.6422173566878981,0,27,None,66,1,5,False,10,10
13018,78,degCent,10,0.6439092356687898,0,27,None,66,1,5,False,10,10
13019,79,degCent,10,0.6449044585987261,0,27,None,66,1,5,False,10,10
13020,75,degCent,10,0.6145501592356688,0,6,None,66,1,5,False,10,10
13021,76,degCent,10,0.6164410828025477,0,6,None,66,1,5,False,10,10
13022,77,degCent,10,0.6187300955414012,0,6,None,66,1,5,False,10,10
13023,78,degCent,10,0.6216162420382165,0,6,None,66,1,5,False,10,10
13024,79,degCent,10,0.6230095541401274,0,6,None,66,1,5,False,10,10
13025,75,degCent,10,0.6865047770700637,0,12,None,66,1,5,False,10,10
13026,76,degCent,10,0.6882961783439491,0,12,None,66,1,5,False,10,10
13027,77,degCent,10,0.6898885350318471,0,12,None,66,1,5,False,10,10
13028,78,degCent,10,0.6923765923566879,0,12,None,66,1,5,False,10,10
13029,79,degCent,10,0.6941679936305732,0,12,None,66,1,5,False,10,10
13030,75,degCent,10,0.6606289808917197,0,26,None,66,1,5,False,10,10
13031,76,degCent,10,0.6628184713375797,0,26,None,66,1,5,False,10,10
13032,77,degCent,10,0.6656050955414012,0,26,None,66,1,5,False,10,10
13033,78,degCent,10,0.6677945859872612,0,26,None,66,1,5,False,10,10
13034,79,degCent,10,0.6686902866242038,0,26,None,66,1,5,False,10,10
13035,80,degCent,10,0.650577229299363,0,1,None,66,1,5,False,10,10
13036,81,degCent,10,0.6521695859872612,0,1,None,66,1,5,False,10,10
13037,82,degCent,10,0.65515525477707,0,1,None,66,1,5,False,10,10
13038,83,degCent,10,0.6568471337579618,0,1,None,66,1,5,False,10,10
13039,84,degCent,10,0.6590366242038217,0,1,None,66,1,5,False,10,10
13040,80,degCent,10,0.6446058917197452,0,29,None,66,1,5,False,10,10
13041,81,degCent,10,0.6474920382165605,0,29,None,66,1,5,False,10,10
13042,82,degCent,10,0.6517714968152867,0,29,None,66,1,5,False,10,10
13043,83,degCent,10,0.6553542993630573,0,29,None,66,1,5,False,10,10
13044,84,degCent,10,0.6586385350318471,0,29,None,66,1,5,False,10,10
13045,80,degCent,10,0.6809315286624203,0,21,None,66,1,5,False,10,10
13046,81,degCent,10,0.683718152866242,0,21,None,66,1,5,False,10,10
13047,82,degCent,10,0.685609076433121,0,21,None,66,1,5,False,10,10
13048,83,degCent,10,0.6882961783439491,0,21,None,66,1,5,False,10,10
13049,84,degCent,10,0.6913813694267515,0,21,None,66,1,5,False,10,10
13050,80,degCent,10,0.6758558917197452,0,24,None,66,1,5,False,10,10
13051,81,degCent,10,0.6801353503184714,0,24,None,66,1,5,False,10,10
13052,82,degCent,10,0.682921974522293,0,24,None,66,1,5,False,10,10
13053,83,degCent,10,0.6854100318471338,0,24,None,66,1,5,False,10,10
13054,84,degCent,10,0.6880971337579618,0,24,None,66,1,5,False,10,10
13055,80,degCent,10,0.6858081210191083,0,23,None,66,1,5,False,10,10
13056,81,degCent,10,0.6881966560509554,0,23,None,66,1,5,False,10,10
13057,82,degCent,10,0.6911823248407644,0,23,None,66,1,5,False,10,10
13058,83,degCent,10,0.6943670382165605,0,23,None,66,1,5,False,10,10
13059,84,degCent,10,0.6967555732484076,0,23,None,66,1,5,False,10,10
13060,80,degCent,10,0.6792396496815286,0,30,None,66,1,5,False,10,10
13061,81,degCent,10,0.6819267515923567,0,30,None,66,1,5,False,10,10
13062,82,degCent,10,0.6852109872611465,0,30,None,66,1,5,False,10,10
13063,83,degCent,10,0.6868033439490446,0,30,None,66,1,5,False,10,10
13064,84,degCent,10,0.6900875796178344,0,30,None,66,1,5,False,10,10
13065,80,degCent,10,0.7060111464968153,0,32,None,66,1,5,False,10,10
13066,81,degCent,10,0.7066082802547771,0,32,None,66,1,5,False,10,10
13067,82,degCent,10,0.7086982484076433,0,32,None,66,1,5,False,10,10
13068,83,degCent,10,0.7084992038216561,0,32,None,66,1,5,False,10,10
13069,84,degCent,10,0.7097929936305732,0,32,None,66,1,5,False,10,10
13070,80,degCent,10,0.669984076433121,0,26,None,66,1,5,False,10,10
13071,81,degCent,10,0.6717754777070064,0,26,None,66,1,5,False,10,10
13072,82,degCent,10,0.6726711783439491,0,26,None,66,1,5,False,10,10
13073,83,degCent,10,0.6742635350318471,0,26,None,66,1,5,False,10,10
13074,84,degCent,10,0.6766520700636943,0,26,None,66,1,5,False,10,10
13075,80,degCent,10,0.6812300955414012,0,13,None,66,1,5,False,10,10
13076,81,degCent,10,0.6836186305732485,0,13,None,66,1,5,False,10,10
13077,82,degCent,10,0.6852109872611465,0,13,None,66,1,5,False,10,10
13078,83,degCent,10,0.6875,0,13,None,66,1,5,False,10,10
13079,84,degCent,10,0.6894904458598726,0,13,None,66,1,5,False,10,10
13080,80,degCent,10,0.6793391719745223,0,25,None,66,1,5,False,10,10
13081,81,degCent,10,0.6816281847133758,0,25,None,66,1,5,False,10,10
13082,82,degCent,10,0.6841162420382165,0,25,None,66,1,5,False,10,10
13083,83,degCent,10,0.6866042993630573,0,25,None,66,1,5,False,10,10
13084,84,degCent,10,0.6882961783439491,0,25,None,66,1,5,False,10,10
13085,80,degCent,10,0.6332603503184714,0,5,None,66,1,5,False,10,10
13086,81,degCent,10,0.6348527070063694,0,5,None,66,1,5,False,10,10
13087,82,degCent,10,0.6352507961783439,0,5,None,66,1,5,False,10,10
13088,83,degCent,10,0.6365445859872612,0,5,None,66,1,5,False,10,10
13089,84,degCent,10,0.6390326433121019,0,5,None,66,1,5,False,10,10
13090,80,degCent,10,0.6752587579617835,0,7,None,66,1,5,False,10,10
13091,81,degCent,10,0.6772492038216561,0,7,None,66,1,5,False,10,10
13092,82,degCent,10,0.6793391719745223,0,7,None,66,1,5,False,10,10
13093,83,degCent,10,0.6826234076433121,0,7,None,66,1,5,False,10,10
13094,84,degCent,10,0.6851114649681529,0,7,None,66,1,5,False,10,10
13095,80,degCent,10,0.6539609872611465,0,10,None,66,1,5,False,10,10
13096,81,degCent,10,0.6605294585987261,0,10,None,66,1,5,False,10,10
13097,82,degCent,10,0.6639132165605095,0,10,None,66,1,5,False,10,10
13098,83,degCent,10,0.6682921974522293,0,10,None,66,1,5,False,10,10
13099,84,degCent,10,0.6732683121019108,0,10,None,66,1,5,False,10,10
13100,80,degCent,10,0.6979498407643312,0,11,None,66,1,5,False,10,10
13101,81,degCent,10,0.6996417197452229,0,11,None,66,1,5,False,10,10
13102,82,degCent,10,0.7009355095541401,0,11,None,66,1,5,False,10,10
13103,83,degCent,10,0.703125,0,11,None,66,1,5,False,10,10
13104,84,degCent,10,0.7053144904458599,0,11,None,66,1,5,False,10,10
13105,80,degCent,10,0.7016321656050956,0,15,None,66,1,5,False,10,10
13106,81,degCent,10,0.7036226114649682,0,15,None,66,1,5,False,10,10
13107,82,degCent,10,0.7047173566878981,0,15,None,66,1,5,False,10,10
13108,83,degCent,10,0.7055135350318471,0,15,None,66,1,5,False,10,10
13109,84,degCent,10,0.7082006369426752,0,15,None,66,1,5,False,10,10
13110,80,degCent,10,0.6978503184713376,0,12,None,66,1,5,False,10,10
13111,81,degCent,10,0.6984474522292994,0,12,None,66,1,5,False,10,10
13112,82,degCent,10,0.6997412420382165,0,12,None,66,1,5,False,10,10
13113,83,degCent,10,0.7022292993630573,0,12,None,66,1,5,False,10,10
13114,84,degCent,10,0.7037221337579618,0,12,None,66,1,5,False,10,10
13115,80,degCent,10,0.638734076433121,0,17,None,66,1,5,False,10,10
13116,81,degCent,10,0.6377388535031847,0,17,None,66,1,5,False,10,10
13117,82,degCent,10,0.6373407643312102,0,17,None,66,1,5,False,10,10
13118,83,degCent,10,0.6372412420382165,0,17,None,66,1,5,False,10,10
13119,84,degCent,10,0.636843152866242,0,17,None,66,1,5,False,10,10
13120,80,degCent,10,0.6730692675159236,0,20,None,66,1,5,False,10,10
13121,81,degCent,10,0.6750597133757962,0,20,None,66,1,5,False,10,10
13122,82,degCent,10,0.6774482484076433,0,20,None,66,1,5,False,10,10
13123,83,degCent,10,0.6786425159235668,0,20,None,66,1,5,False,10,10
13124,84,degCent,10,0.6799363057324841,0,20,None,66,1,5,False,10,10
13125,80,degCent,10,0.6397292993630573,0,28,None,66,1,5,False,10,10
13126,81,degCent,10,0.6414211783439491,0,28,None,66,1,5,False,10,10
13127,82,degCent,10,0.6426154458598726,0,28,None,66,1,5,False,10,10
13128,83,degCent,10,0.6435111464968153,0,28,None,66,1,5,False,10,10
13129,84,degCent,10,0.645203025477707,0,28,None,66,1,5,False,10,10
13130,80,degCent,10,0.6860071656050956,0,2,None,66,1,5,False,10,10
13131,81,degCent,10,0.6896894904458599,0,2,None,66,1,5,False,10,10
13132,82,degCent,10,0.6928742038216561,0,2,None,66,1,5,False,10,10
13133,83,degCent,10,0.6960589171974523,0,2,None,66,1,5,False,10,10
13134,84,degCent,10,0.6996417197452229,0,2,None,66,1,5,False,10,10
13135,80,degCent,10,0.6751592356687898,0,3,None,66,1,5,False,10,10
13136,81,degCent,10,0.6762539808917197,0,3,None,66,1,5,False,10,10
13137,82,degCent,10,0.677547770700637,0,3,None,66,1,5,False,10,10
13138,83,degCent,10,0.6787420382165605,0,3,None,66,1,5,False,10,10
13139,84,degCent,10,0.6803343949044586,0,3,None,66,1,5,False,10,10
13140,80,degCent,10,0.6717754777070064,0,4,None,66,1,5,False,10,10
13141,81,degCent,10,0.6728702229299363,0,4,None,66,1,5,False,10,10
13142,82,degCent,10,0.6746616242038217,0,4,None,66,1,5,False,10,10
13143,83,degCent,10,0.6763535031847133,0,4,None,66,1,5,False,10,10
13144,84,degCent,10,0.6782444267515924,0,4,None,66,1,5,False,10,10
13145,80,degCent,10,0.6884952229299363,0,0,None,66,1,5,False,10,10
13146,81,degCent,10,0.6908837579617835,0,0,None,66,1,5,False,10,10
13147,82,degCent,10,0.6934713375796179,0,0,None,66,1,5,False,10,10
13148,83,degCent,10,0.696656050955414,0,0,None,66,1,5,False,10,10
13149,84,degCent,10,0.6988455414012739,0,0,None,66,1,5,False,10,10
13150,80,degCent,10,0.6366441082802548,0,16,None,66,1,5,False,10,10
13151,81,degCent,10,0.6374402866242038,0,16,None,66,1,5,False,10,10
13152,82,degCent,10,0.6396297770700637,0,16,None,66,1,5,False,10,10
13153,83,degCent,10,0.64171974522293,0,16,None,66,1,5,False,10,10
13154,84,degCent,10,0.6436106687898089,0,16,None,66,1,5,False,10,10
13155,80,degCent,10,0.6587380573248408,0,8,None,66,1,5,False,10,10
13156,81,degCent,10,0.6593351910828026,0,8,None,66,1,5,False,10,10
13157,82,degCent,10,0.660031847133758,0,8,None,66,1,5,False,10,10
13158,83,degCent,10,0.660828025477707,0,8,None,66,1,5,False,10,10
13159,84,degCent,10,0.6618232484076433,0,8,None,66,1,5,False,10,10
13160,80,degCent,10,0.6645103503184714,0,19,None,66,1,5,False,10,10
13161,81,degCent,10,0.6683917197452229,0,19,None,66,1,5,False,10,10
13162,82,degCent,10,0.671875,0,19,None,66,1,5,False,10,10
13163,83,degCent,10,0.6735668789808917,0,19,None,66,1,5,False,10,10
13164,84,degCent,10,0.6744625796178344,0,19,None,66,1,5,False,10,10
13165,80,degCent,10,0.665406050955414,0,18,None,66,1,5,False,10,10
13166,81,degCent,10,0.6674960191082803,0,18,None,66,1,5,False,10,10
13167,82,degCent,10,0.6701831210191083,0,18,None,66,1,5,False,10,10
13168,83,degCent,10,0.6719745222929936,0,18,None,66,1,5,False,10,10
13169,84,degCent,10,0.6742635350318471,0,18,None,66,1,5,False,10,10
13170,80,degCent,10,0.6449044585987261,0,27,None,66,1,5,False,10,10
13171,81,degCent,10,0.6463972929936306,0,27,None,66,1,5,False,10,10
13172,82,degCent,10,0.6488853503184714,0,27,None,66,1,5,False,10,10
13173,83,degCent,10,0.6517714968152867,0,27,None,66,1,5,False,10,10
13174,84,degCent,10,0.6549562101910829,0,27,None,66,1,5,False,10,10
13175,80,degCent,10,0.5715565286624203,0,31,None,66,1,5,False,10,10
13176,81,degCent,10,0.585390127388535,0,31,None,66,1,5,False,10,10
13177,82,degCent,10,0.5980294585987261,0,31,None,66,1,5,False,10,10
13178,83,degCent,10,0.6059912420382165,0,31,None,66,1,5,False,10,10
13179,84,degCent,10,0.6163415605095541,0,31,None,66,1,5,False,10,10
13180,80,degCent,10,0.690187101910828,0,9,None,66,1,5,False,10,10
13181,81,degCent,10,0.6921775477707006,0,9,None,66,1,5,False,10,10
13182,82,degCent,10,0.6942675159235668,0,9,None,66,1,5,False,10,10
13183,83,degCent,10,0.697452229299363,0,9,None,66,1,5,False,10,10
13184,84,degCent,10,0.6987460191082803,0,9,None,66,1,5,False,10,10
13185,80,degCent,10,0.6248009554140127,0,6,None,66,1,5,False,10,10
13186,81,degCent,10,0.6256966560509554,0,6,None,66,1,5,False,10,10
13187,82,degCent,10,0.6269904458598726,0,6,None,66,1,5,False,10,10
13188,83,degCent,10,0.6285828025477707,0,6,None,66,1,5,False,10,10
13189,84,degCent,10,0.6307722929936306,0,6,None,66,1,5,False,10,10
13190,80,degCent,10,0.6806329617834395,0,22,None,66,1,5,False,10,10
13191,81,degCent,10,0.6833200636942676,0,22,None,66,1,5,False,10,10
13192,82,degCent,10,0.6863057324840764,0,22,None,66,1,5,False,10,10
13193,83,degCent,10,0.6880971337579618,0,22,None,66,1,5,False,10,10
13194,84,degCent,10,0.6904856687898089,0,22,None,66,1,5,False,10,10
13195,80,degCent,10,0.6660031847133758,0,14,None,66,1,5,False,10,10
13196,81,degCent,10,0.6681926751592356,0,14,None,66,1,5,False,10,10
13197,82,degCent,10,0.6710788216560509,0,14,None,66,1,5,False,10,10
13198,83,degCent,10,0.6730692675159236,0,14,None,66,1,5,False,10,10
13199,84,degCent,10,0.674562101910828,0,14,None,66,1,5,False,10,10
16005,85,degCent,10,0.6616242038216561,0,1,None,66,1,5,False,10,10
16006,86,degCent,10,0.6652070063694268,0,1,None,66,1,5,False,10,10
16007,87,degCent,10,0.6687898089171974,0,1,None,66,1,5,False,10,10
16008,88,degCent,10,0.6701831210191083,0,1,None,66,1,5,False,10,10
16009,89,degCent,10,0.6724721337579618,0,1,None,66,1,5,False,10,10
16010,85,degCent,10,0.6960589171974523,0,2,None,66,1,5,False,10,10
16011,86,degCent,10,0.6984474522292994,0,2,None,66,1,5,False,10,10
16012,87,degCent,10,0.701234076433121,0,2,None,66,1,5,False,10,10
16013,88,degCent,10,0.7045183121019108,0,2,None,66,1,5,False,10,10
16014,89,degCent,10,0.7070063694267515,0,2,None,66,1,5,False,10,10
16015,85,degCent,10,0.6906847133757962,0,13,None,66,1,5,False,10,10
16016,86,degCent,10,0.6941679936305732,0,13,None,66,1,5,False,10,10
16017,87,degCent,10,0.6960589171974523,0,13,None,66,1,5,False,10,10
16018,88,degCent,10,0.698546974522293,0,13,None,66,1,5,False,10,10
16019,89,degCent,10,0.7017316878980892,0,13,None,66,1,5,False,10,10
16020,85,degCent,10,0.6475915605095541,0,16,None,66,1,5,False,10,10
16021,86,degCent,10,0.6503781847133758,0,16,None,66,1,5,False,10,10
16022,87,degCent,10,0.6520700636942676,0,16,None,66,1,5,False,10,10
16023,88,degCent,10,0.65515525477707,0,16,None,66,1,5,False,10,10
16024,89,degCent,10,0.6559514331210191,0,16,None,66,1,5,False,10,10
16025,85,degCent,10,0.6666003184713376,0,8,None,66,1,5,False,10,10
16026,86,degCent,10,0.6686902866242038,0,8,None,66,1,5,False,10,10
16027,87,degCent,10,0.6701831210191083,0,8,None,66,1,5,False,10,10
16028,88,degCent,10,0.6706807324840764,0,8,None,66,1,5,False,10,10
16029,89,degCent,10,0.671875,0,8,None,66,1,5,False,10,10
16030,85,degCent,10,0.681827229299363,0,20,None,66,1,5,False,10,10
16031,86,degCent,10,0.6826234076433121,0,20,None,66,1,5,False,10,10
16032,87,degCent,10,0.6836186305732485,0,20,None,66,1,5,False,10,10
16033,88,degCent,10,0.6862062101910829,0,20,None,66,1,5,False,10,10
16034,89,degCent,10,0.6886942675159236,0,20,None,66,1,5,False,10,10
16035,85,degCent,10,0.6917794585987261,0,22,None,66,1,5,False,10,10
16036,86,degCent,10,0.6945660828025477,0,22,None,66,1,5,False,10,10
16037,87,degCent,10,0.6969546178343949,0,22,None,66,1,5,False,10,10
16038,88,degCent,10,0.698546974522293,0,22,None,66,1,5,False,10,10
16039,89,degCent,10,0.7002388535031847,0,22,None,66,1,5,False,10,10
16040,85,degCent,10,0.6768511146496815,0,14,None,66,1,5,False,10,10
16041,86,degCent,10,0.6782444267515924,0,14,None,66,1,5,False,10,10
16042,87,degCent,10,0.6806329617834395,0,14,None,66,1,5,False,10,10
16043,88,degCent,10,0.6839171974522293,0,14,None,66,1,5,False,10,10
16044,89,degCent,10,0.6863057324840764,0,14,None,66,1,5,False,10,10
16045,85,degCent,10,0.6973527070063694,0,23,None,66,1,5,False,10,10
16046,86,degCent,10,0.6997412420382165,0,23,None,66,1,5,False,10,10
16047,87,degCent,10,0.7032245222929936,0,23,None,66,1,5,False,10,10
16048,88,degCent,10,0.7052149681528662,0,23,None,66,1,5,False,10,10
16049,89,degCent,10,0.7084992038216561,0,23,None,66,1,5,False,10,10
16050,85,degCent,10,0.6420183121019108,0,17,None,66,1,5,False,10,10
16051,86,degCent,10,0.6408240445859873,0,17,None,66,1,5,False,10,10
16052,87,degCent,10,0.6420183121019108,0,17,None,66,1,5,False,10,10
16053,88,degCent,10,0.643312101910828,0,17,None,66,1,5,False,10,10
16054,89,degCent,10,0.6440087579617835,0,17,None,66,1,5,False,10,10
16055,85,degCent,10,0.6879976114649682,0,25,None,66,1,5,False,10,10
16056,86,degCent,10,0.6896894904458599,0,25,None,66,1,5,False,10,10
16057,87,degCent,10,0.6908837579617835,0,25,None,66,1,5,False,10,10
16058,88,degCent,10,0.692078025477707,0,25,None,66,1,5,False,10,10
16059,89,degCent,10,0.6949641719745223,0,25,None,66,1,5,False,10,10
16060,85,degCent,10,0.6765525477707006,0,26,None,66,1,5,False,10,10
16061,86,degCent,10,0.6781449044585988,0,26,None,66,1,5,False,10,10
16062,87,degCent,10,0.6801353503184714,0,26,None,66,1,5,False,10,10
16063,88,degCent,10,0.6820262738853503,0,26,None,66,1,5,False,10,10
16064,89,degCent,10,0.6841162420382165,0,26,None,66,1,5,False,10,10
16065,85,degCent,10,0.7021297770700637,0,12,None,66,1,5,False,10,10
16066,86,degCent,10,0.70421974522293,0,12,None,66,1,5,False,10,10
16067,87,degCent,10,0.705812101910828,0,12,None,66,1,5,False,10,10
16068,88,degCent,10,0.707703025477707,0,12,None,66,1,5,False,10,10
16069,89,degCent,10,0.7089968152866242,0,12,None,66,1,5,False,10,10
16070,85,degCent,10,0.6510748407643312,0,28,None,66,1,5,False,10,10
16071,86,degCent,10,0.652468152866242,0,28,None,66,1,5,False,10,10
16072,87,degCent,10,0.6546576433121019,0,28,None,66,1,5,False,10,10
16073,88,degCent,10,0.6560509554140127,0,28,None,66,1,5,False,10,10
16074,89,degCent,10,0.6577428343949044,0,28,None,66,1,5,False,10,10
16075,85,degCent,10,0.6556528662420382,0,29,None,66,1,5,False,10,10
16076,86,degCent,10,0.6597332802547771,0,29,None,66,1,5,False,10,10
16077,87,degCent,10,0.662718949044586,0,29,None,66,1,5,False,10,10
16078,88,degCent,10,0.6658041401273885,0,29,None,66,1,5,False,10,10
16079,89,degCent,10,0.6676950636942676,0,29,None,66,1,5,False,10,10
16080,85,degCent,10,0.6992436305732485,0,9,None,66,1,5,False,10,10
16081,86,degCent,10,0.7007364649681529,0,9,None,66,1,5,False,10,10
16082,87,degCent,10,0.7027269108280255,0,9,None,66,1,5,False,10,10
16083,88,degCent,10,0.7047173566878981,0,9,None,66,1,5,False,10,10
16084,89,degCent,10,0.7065087579617835,0,9,None,66,1,5,False,10,10
16085,85,degCent,10,0.6899880573248408,0,30,None,66,1,5,False,10,10
16086,86,degCent,10,0.6929737261146497,0,30,None,66,1,5,False,10,10
16087,87,degCent,10,0.6953622611464968,0,30,None,66,1,5,False,10,10
16088,88,degCent,10,0.6982484076433121,0,30,None,66,1,5,False,10,10
16089,89,degCent,10,0.7006369426751592,0,30,None,66,1,5,False,10,10
16090,85,degCent,10,0.6739649681528662,0,18,None,66,1,5,False,10,10
16091,86,degCent,10,0.6763535031847133,0,18,None,66,1,5,False,10,10
16092,87,degCent,10,0.6780453821656051,0,18,None,66,1,5,False,10,10
16093,88,degCent,10,0.6793391719745223,0,18,None,66,1,5,False,10,10
16094,89,degCent,10,0.6830214968152867,0,18,None,66,1,5,False,10,10
16095,85,degCent,10,0.6547571656050956,0,27,None,66,1,5,False,10,10
16096,86,degCent,10,0.6566480891719745,0,27,None,66,1,5,False,10,10
16097,87,degCent,10,0.6593351910828026,0,27,None,66,1,5,False,10,10
16098,88,degCent,10,0.662718949044586,0,27,None,66,1,5,False,10,10
16099,89,degCent,10,0.6656050955414012,0,27,None,66,1,5,False,10,10
16100,85,degCent,10,0.5849920382165605,0,31,None,66,1,5,False,10,10
16101,86,degCent,10,0.6001194267515924,0,31,None,66,1,5,False,10,10
16102,87,degCent,10,0.6116640127388535,0,31,None,66,1,5,False,10,10
16103,88,degCent,10,0.622312898089172,0,31,None,66,1,5,False,10,10
16104,89,degCent,10,0.6308718152866242,0,31,None,66,1,5,False,10,10
16105,85,degCent,10,0.6413216560509554,0,5,None,66,1,5,False,10,10
16106,86,degCent,10,0.6423168789808917,0,5,None,66,1,5,False,10,10
16107,87,degCent,10,0.6434116242038217,0,5,None,66,1,5,False,10,10
16108,88,degCent,10,0.6447054140127388,0,5,None,66,1,5,False,10,10
16109,89,degCent,10,0.6446058917197452,0,5,None,66,1,5,False,10,10
16110,85,degCent,10,0.6310708598726115,0,6,None,66,1,5,False,10,10
16111,86,degCent,10,0.6336584394904459,0,6,None,66,1,5,False,10,10
16112,87,degCent,10,0.6350517515923567,0,6,None,66,1,5,False,10,10
16113,88,degCent,10,0.636843152866242,0,6,None,66,1,5,False,10,10
16114,89,degCent,10,0.6385350318471338,0,6,None,66,1,5,False,10,10
16115,85,degCent,10,0.6751592356687898,0,10,None,66,1,5,False,10,10
16116,86,degCent,10,0.6789410828025477,0,10,None,66,1,5,False,10,10
16117,87,degCent,10,0.6833200636942676,0,10,None,66,1,5,False,10,10
16118,88,degCent,10,0.6872014331210191,0,10,None,66,1,5,False,10,10
16119,89,degCent,10,0.6910828025477707,0,10,None,66,1,5,False,10,10
16120,85,degCent,10,0.7055135350318471,0,11,None,66,1,5,False,10,10
16121,86,degCent,10,0.7065087579617835,0,11,None,66,1,5,False,10,10
16122,87,degCent,10,0.7089968152866242,0,11,None,66,1,5,False,10,10
16123,88,degCent,10,0.7101910828025477,0,11,None,66,1,5,False,10,10
16124,89,degCent,10,0.7123805732484076,0,11,None,66,1,5,False,10,10
16125,85,degCent,10,0.6825238853503185,0,3,None,66,1,5,False,10,10
16126,86,degCent,10,0.6843152866242038,0,3,None,66,1,5,False,10,10
16127,87,degCent,10,0.6851114649681529,0,3,None,66,1,5,False,10,10
16128,88,degCent,10,0.6869028662420382,0,3,None,66,1,5,False,10,10
16129,89,degCent,10,0.6884952229299363,0,3,None,66,1,5,False,10,10
16130,85,degCent,10,0.7059116242038217,0,15,None,66,1,5,False,10,10
16131,86,degCent,10,0.7082006369426752,0,15,None,66,1,5,False,10,10
16132,87,degCent,10,0.7099920382165605,0,15,None,66,1,5,False,10,10
16133,88,degCent,10,0.7118829617834395,0,15,None,66,1,5,False,10,10
16134,89,degCent,10,0.7133757961783439,0,15,None,66,1,5,False,10,10
16135,85,degCent,10,0.6736664012738853,0,19,None,66,1,5,False,10,10
16136,86,degCent,10,0.6766520700636943,0,19,None,66,1,5,False,10,10
16137,87,degCent,10,0.6780453821656051,0,19,None,66,1,5,False,10,10
16138,88,degCent,10,0.6790406050955414,0,19,None,66,1,5,False,10,10
16139,89,degCent,10,0.6820262738853503,0,19,None,66,1,5,False,10,10
16140,85,degCent,10,0.6955613057324841,0,21,None,66,1,5,False,10,10
16141,86,degCent,10,0.6964570063694268,0,21,None,66,1,5,False,10,10
16142,87,degCent,10,0.6980493630573248,0,21,None,66,1,5,False,10,10
16143,88,degCent,10,0.6997412420382165,0,21,None,66,1,5,False,10,10
16144,89,degCent,10,0.7014331210191083,0,21,None,66,1,5,False,10,10
16145,85,degCent,10,0.6994426751592356,0,0,None,66,1,5,False,10,10
16146,86,degCent,10,0.7023288216560509,0,0,None,66,1,5,False,10,10
16147,87,degCent,10,0.7043192675159236,0,0,None,66,1,5,False,10,10
16148,88,degCent,10,0.7066082802547771,0,0,None,66,1,5,False,10,10
16149,89,degCent,10,0.7074044585987261,0,0,None,66,1,5,False,10,10
16150,85,degCent,10,0.6865047770700637,0,24,None,66,1,5,False,10,10
16151,86,degCent,10,0.6890923566878981,0,24,None,66,1,5,False,10,10
16152,87,degCent,10,0.6909832802547771,0,24,None,66,1,5,False,10,10
16153,88,degCent,10,0.6923765923566879,0,24,None,66,1,5,False,10,10
16154,89,degCent,10,0.6950636942675159,0,24,None,66,1,5,False,10,10
16155,90,degCent,10,0.694765127388535,0,25,None,66,1,5,False,10,10
16156,91,degCent,10,0.6955613057324841,0,25,None,66,1,5,False,10,10
16157,92,degCent,10,0.6970541401273885,0,25,None,66,1,5,False,10,10
16158,93,degCent,10,0.6984474522292994,0,25,None,66,1,5,False,10,10
16159,94,degCent,10,0.7013335987261147,0,25,None,66,1,5,False,10,10
16160,90,degCent,10,0.5986265923566879,0,31,None,66,1,5,False,10,10
16161,91,degCent,10,0.6137539808917197,0,31,None,66,1,5,False,10,10
16162,92,degCent,10,0.625,0,31,None,66,1,5,False,10,10
16163,93,degCent,10,0.6340565286624203,0,31,None,66,1,5,False,10,10
16164,94,degCent,10,0.6442078025477707,0,31,None,66,1,5,False,10,10
16165,90,degCent,10,0.6932722929936306,0,24,None,66,1,5,False,10,10
16166,91,degCent,10,0.6961584394904459,0,24,None,66,1,5,False,10,10
16167,92,degCent,10,0.7000398089171974,0,24,None,66,1,5,False,10,10
16168,93,degCent,10,0.70203025477707,0,24,None,66,1,5,False,10,10
16169,94,degCent,10,0.7052149681528662,0,24,None,66,1,5,False,10,10
16170,85,degCent,10,0.6858081210191083,0,7,None,66,1,5,False,10,10
16171,86,degCent,10,0.689390923566879,0,7,None,66,1,5,False,10,10
16172,87,degCent,10,0.6914808917197452,0,7,None,66,1,5,False,10,10
16173,88,degCent,10,0.6935708598726115,0,7,None,66,1,5,False,10,10
16174,89,degCent,10,0.695859872611465,0,7,None,66,1,5,False,10,10
16175,85,degCent,10,0.7129777070063694,0,32,None,66,1,5,False,10,10
16176,86,degCent,10,0.7144705414012739,0,32,None,66,1,5,False,10,10
16177,87,degCent,10,0.7155652866242038,0,32,None,66,1,5,False,10,10
16178,88,degCent,10,0.7174562101910829,0,32,None,66,1,5,False,10,10
16179,89,degCent,10,0.7191480891719745,0,32,None,66,1,5,False,10,10
16180,85,degCent,10,0.6820262738853503,0,4,None,66,1,5,False,10,10
16181,86,degCent,10,0.6835191082802548,0,4,None,66,1,5,False,10,10
16182,87,degCent,10,0.6853105095541401,0,4,None,66,1,5,False,10,10
16183,88,degCent,10,0.6875,0,4,None,66,1,5,False,10,10
16184,89,degCent,10,0.6892914012738853,0,4,None,66,1,5,False,10,10
16185,90,degCent,10,0.6753582802547771,0,1,None,66,1,5,False,10,10
16186,91,degCent,10,0.6781449044585988,0,1,None,66,1,5,False,10,10
16187,92,degCent,10,0.6795382165605095,0,1,None,66,1,5,False,10,10
16188,93,degCent,10,0.6800358280254777,0,1,None,66,1,5,False,10,10
16189,94,degCent,10,0.6811305732484076,0,1,None,66,1,5,False,10,10
16190,90,degCent,10,0.70421974522293,0,21,None,66,1,5,False,10,10
16191,91,degCent,10,0.7060111464968153,0,21,None,66,1,5,False,10,10
16192,92,degCent,10,0.7067078025477707,0,21,None,66,1,5,False,10,10
16193,93,degCent,10,0.7100915605095541,0,21,None,66,1,5,False,10,10
16194,94,degCent,10,0.7112858280254777,0,21,None,66,1,5,False,10,10
16195,90,degCent,10,0.667296974522293,0,27,None,66,1,5,False,10,10
16196,91,degCent,10,0.669984076433121,0,27,None,66,1,5,False,10,10
16197,92,degCent,10,0.6736664012738853,0,27,None,66,1,5,False,10,10
16198,93,degCent,10,0.6749601910828026,0,27,None,66,1,5,False,10,10
16199,94,degCent,10,0.6773487261146497,0,27,None,66,1,5,False,10,10
16200,90,degCent,10,0.6659036624203821,0,29,None,66,1,5,False,10,10
16201,91,degCent,10,0.6683917197452229,0,29,None,66,1,5,False,10,10
16202,92,degCent,10,0.6723726114649682,0,29,None,66,1,5,False,10,10
16203,93,degCent,10,0.6742635350318471,0,29,None,66,1,5,False,10,10
16204,94,degCent,10,0.6769506369426752,0,29,None,66,1,5,False,10,10
16205,90,degCent,10,0.7044187898089171,0,2,None,66,1,5,False,10,10
16206,91,degCent,10,0.7073049363057324,0,2,None,66,1,5,False,10,10
16207,92,degCent,10,0.7106886942675159,0,2,None,66,1,5,False,10,10
16208,93,degCent,10,0.7133757961783439,0,2,None,66,1,5,False,10,10
16209,94,degCent,10,0.7159633757961783,0,2,None,66,1,5,False,10,10
16210,90,degCent,10,0.7067078025477707,0,9,None,66,1,5,False,10,10
16211,91,degCent,10,0.7093949044585988,0,9,None,66,1,5,False,10,10
16212,92,degCent,10,0.7108877388535032,0,9,None,66,1,5,False,10,10
16213,93,degCent,10,0.7136743630573248,0,9,None,66,1,5,False,10,10
16214,94,degCent,10,0.7156648089171974,0,9,None,66,1,5,False,10,10
16215,90,degCent,10,0.6484872611464968,0,17,None,66,1,5,False,10,10
16216,91,degCent,10,0.6474920382165605,0,17,None,66,1,5,False,10,10
16217,92,degCent,10,0.6480891719745223,0,17,None,66,1,5,False,10,10
16218,93,degCent,10,0.6494824840764332,0,17,None,66,1,5,False,10,10
16219,94,degCent,10,0.6508757961783439,0,17,None,66,1,5,False,10,10
16220,90,degCent,10,0.6632165605095541,0,28,None,66,1,5,False,10,10
16221,91,degCent,10,0.6648089171974523,0,28,None,66,1,5,False,10,10
16222,92,degCent,10,0.6652070063694268,0,28,None,66,1,5,False,10,10
16223,93,degCent,10,0.6671974522292994,0,28,None,66,1,5,False,10,10
16224,94,degCent,10,0.6684912420382165,0,28,None,66,1,5,False,10,10
16225,90,degCent,10,0.6476910828025477,0,5,None,66,1,5,False,10,10
16226,91,degCent,10,0.6480891719745223,0,5,None,66,1,5,False,10,10
16227,92,degCent,10,0.6496815286624203,0,5,None,66,1,5,False,10,10
16228,93,degCent,10,0.6506767515923567,0,5,None,66,1,5,False,10,10
16229,94,degCent,10,0.652468152866242,0,5,None,66,1,5,False,10,10
16230,90,degCent,10,0.6830214968152867,0,26,None,66,1,5,False,10,10
16231,91,degCent,10,0.6845143312101911,0,26,None,66,1,5,False,10,10
16232,92,degCent,10,0.6858081210191083,0,26,None,66,1,5,False,10,10
16233,93,degCent,10,0.6888933121019108,0,26,None,66,1,5,False,10,10
16234,94,degCent,10,0.691281847133758,0,26,None,66,1,5,False,10,10
16235,90,degCent,10,0.7013335987261147,0,30,None,66,1,5,False,10,10
16236,91,degCent,10,0.7035230891719745,0,30,None,66,1,5,False,10,10
16237,92,degCent,10,0.7060111464968153,0,30,None,66,1,5,False,10,10
16238,93,degCent,10,0.7075039808917197,0,30,None,66,1,5,False,10,10
16239,94,degCent,10,0.7099920382165605,0,30,None,66,1,5,False,10,10
16240,90,degCent,10,0.6781449044585988,0,8,None,66,1,5,False,10,10
16241,91,degCent,10,0.6786425159235668,0,8,None,66,1,5,False,10,10
16242,92,degCent,10,0.6799363057324841,0,8,None,66,1,5,False,10,10
16243,93,degCent,10,0.6806329617834395,0,8,None,66,1,5,False,10,10
16244,94,degCent,10,0.6814291401273885,0,8,None,66,1,5,False,10,10
16245,90,degCent,10,0.6850119426751592,0,18,None,66,1,5,False,10,10
16246,91,degCent,10,0.6859076433121019,0,18,None,66,1,5,False,10,10
16247,92,degCent,10,0.6879976114649682,0,18,None,66,1,5,False,10,10
16248,93,degCent,10,0.6896894904458599,0,18,None,66,1,5,False,10,10
16249,94,degCent,10,0.6917794585987261,0,18,None,66,1,5,False,10,10
16250,90,degCent,10,0.6788415605095541,0,19,None,66,1,5,False,10,10
16251,91,degCent,10,0.6814291401273885,0,19,None,66,1,5,False,10,10
16252,92,degCent,10,0.682921974522293,0,19,None,66,1,5,False,10,10
16253,93,degCent,10,0.6849124203821656,0,19,None,66,1,5,False,10,10
16254,94,degCent,10,0.6884952229299363,0,19,None,66,1,5,False,10,10
16255,90,degCent,10,0.7104896496815286,0,11,None,66,1,5,False,10,10
16256,91,degCent,10,0.7125796178343949,0,11,None,66,1,5,False,10,10
16257,92,degCent,10,0.7148686305732485,0,11,None,66,1,5,False,10,10
16258,93,degCent,10,0.71765525477707,0,11,None,66,1,5,False,10,10
16259,94,degCent,10,0.7205414012738853,0,11,None,66,1,5,False,10,10
16260,90,degCent,10,0.6917794585987261,0,10,None,66,1,5,False,10,10
16261,91,degCent,10,0.6951632165605095,0,10,None,66,1,5,False,10,10
16262,92,degCent,10,0.6988455414012739,0,10,None,66,1,5,False,10,10
16263,93,degCent,10,0.7018312101910829,0,10,None,66,1,5,False,10,10
16264,94,degCent,10,0.7051154458598726,0,10,None,66,1,5,False,10,10
16265,90,degCent,10,0.7118829617834395,0,15,None,66,1,5,False,10,10
16266,91,degCent,10,0.7132762738853503,0,15,None,66,1,5,False,10,10
16267,92,degCent,10,0.7155652866242038,0,15,None,66,1,5,False,10,10
16268,93,degCent,10,0.716859076433121,0,15,None,66,1,5,False,10,10
16269,94,degCent,10,0.7191480891719745,0,15,None,66,1,5,False,10,10
16270,90,degCent,10,0.6899880573248408,0,20,None,66,1,5,False,10,10
16271,91,degCent,10,0.6899880573248408,0,20,None,66,1,5,False,10,10
16272,92,degCent,10,0.6918789808917197,0,20,None,66,1,5,False,10,10
16273,93,degCent,10,0.6929737261146497,0,20,None,66,1,5,False,10,10
16274,94,degCent,10,0.6948646496815286,0,20,None,66,1,5,False,10,10
16275,90,degCent,10,0.6875,0,14,None,66,1,5,False,10,10
16276,91,degCent,10,0.6889928343949044,0,14,None,66,1,5,False,10,10
16277,92,degCent,10,0.6905851910828026,0,14,None,66,1,5,False,10,10
16278,93,degCent,10,0.6925756369426752,0,14,None,66,1,5,False,10,10
16279,94,degCent,10,0.6933718152866242,0,14,None,66,1,5,False,10,10
16280,90,degCent,10,0.7022292993630573,0,22,None,66,1,5,False,10,10
16281,91,degCent,10,0.7046178343949044,0,22,None,66,1,5,False,10,10
16282,92,degCent,10,0.7063097133757962,0,22,None,66,1,5,False,10,10
16283,93,degCent,10,0.7076035031847133,0,22,None,66,1,5,False,10,10
16284,94,degCent,10,0.708797770700637,0,22,None,66,1,5,False,10,10
16285,90,degCent,10,0.7096934713375797,0,23,None,66,1,5,False,10,10
16286,91,degCent,10,0.7106886942675159,0,23,None,66,1,5,False,10,10
16287,92,degCent,10,0.7128781847133758,0,23,None,66,1,5,False,10,10
16288,93,degCent,10,0.716062898089172,0,23,None,66,1,5,False,10,10
16289,94,degCent,10,0.7182523885350318,0,23,None,66,1,5,False,10,10
16290,90,degCent,10,0.6917794585987261,0,4,None,66,1,5,False,10,10
16291,91,degCent,10,0.6935708598726115,0,4,None,66,1,5,False,10,10
16292,92,degCent,10,0.6950636942675159,0,4,None,66,1,5,False,10,10
16293,93,degCent,10,0.6965565286624203,0,4,None,66,1,5,False,10,10
16294,94,degCent,10,0.6978503184713376,0,4,None,66,1,5,False,10,10
16295,90,degCent,10,0.7086982484076433,0,12,None,66,1,5,False,10,10
16296,91,degCent,10,0.7111863057324841,0,12,None,66,1,5,False,10,10
16297,92,degCent,10,0.7128781847133758,0,12,None,66,1,5,False,10,10
16298,93,degCent,10,0.7125796178343949,0,12,None,66,1,5,False,10,10
16299,94,degCent,10,0.714171974522293,0,12,None,66,1,5,False,10,10
16300,90,degCent,10,0.7027269108280255,0,13,None,66,1,5,False,10,10
16301,91,degCent,10,0.7045183121019108,0,13,None,66,1,5,False,10,10
16302,92,degCent,10,0.7074044585987261,0,13,None,66,1,5,False,10,10
16303,93,degCent,10,0.7097929936305732,0,13,None,66,1,5,False,10,10
16304,94,degCent,10,0.7117834394904459,0,13,None,66,1,5,False,10,10
16305,90,degCent,10,0.7067078025477707,0,0,None,66,1,5,False,10,10
16306,91,degCent,10,0.7098925159235668,0,0,None,66,1,5,False,10,10
16307,92,degCent,10,0.7117834394904459,0,0,None,66,1,5,False,10,10
16308,93,degCent,10,0.7127786624203821,0,0,None,66,1,5,False,10,10
16309,94,degCent,10,0.7150676751592356,0,0,None,66,1,5,False,10,10
16310,90,degCent,10,0.6389331210191083,0,6,None,66,1,5,False,10,10
16311,91,degCent,10,0.6401273885350318,0,6,None,66,1,5,False,10,10
16312,92,degCent,10,0.6415207006369427,0,6,None,66,1,5,False,10,10
16313,93,degCent,10,0.6427149681528662,0,6,None,66,1,5,False,10,10
16314,94,degCent,10,0.6442078025477707,0,6,None,66,1,5,False,10,10
16315,90,degCent,10,0.6937699044585988,0,3,None,66,1,5,False,10,10
16316,91,degCent,10,0.6945660828025477,0,3,None,66,1,5,False,10,10
16317,92,degCent,10,0.6954617834394905,0,3,None,66,1,5,False,10,10
16318,93,degCent,10,0.6964570063694268,0,3,None,66,1,5,False,10,10
16319,94,degCent,10,0.6982484076433121,0,3,None,66,1,5,False,10,10
16320,90,degCent,10,0.6999402866242038,0,7,None,66,1,5,False,10,10
16321,91,degCent,10,0.7022292993630573,0,7,None,66,1,5,False,10,10
16322,92,degCent,10,0.7045183121019108,0,7,None,66,1,5,False,10,10
16323,93,degCent,10,0.7065087579617835,0,7,None,66,1,5,False,10,10
16324,94,degCent,10,0.7085987261146497,0,7,None,66,1,5,False,10,10
16325,90,degCent,10,0.6597332802547771,0,16,None,66,1,5,False,10,10
16326,91,degCent,10,0.660828025477707,0,16,None,66,1,5,False,10,10
16327,92,degCent,10,0.6633160828025477,0,16,None,66,1,5,False,10,10
16328,93,degCent,10,0.6639132165605095,0,16,None,66,1,5,False,10,10
16329,94,degCent,10,0.6656050955414012,0,16,None,66,1,5,False,10,10
16330,90,degCent,10,0.7215366242038217,0,32,None,66,1,5,False,10,10
16331,91,degCent,10,0.7232285031847133,0,32,None,66,1,5,False,10,10
16332,92,degCent,10,0.7251194267515924,0,32,None,66,1,5,False,10,10
16333,93,degCent,10,0.7262141719745223,0,32,None,66,1,5,False,10,10
16334,94,degCent,10,0.7270103503184714,0,32,None,66,1,5,False,10,10
19470,95,degCent,10,0.716859076433121,0,15,None,66,1,5,False,10,10
19471,96,degCent,10,0.7186504777070064,0,15,None,66,1,5,False,10,10
19472,97,degCent,10,0.7205414012738853,0,15,None,66,1,5,False,10,10
19473,98,degCent,10,0.7226313694267515,0,15,None,66,1,5,False,10,10
19474,99,degCent,10,0.7237261146496815,0,15,None,66,1,5,False,10,10
19475,95,degCent,10,0.705015923566879,0,10,None,66,1,5,False,10,10
19476,96,degCent,10,0.7082006369426752,0,10,None,66,1,5,False,10,10
19477,97,degCent,10,0.7115843949044586,0,10,None,66,1,5,False,10,10
19478,98,degCent,10,0.7152667197452229,0,10,None,66,1,5,False,10,10
19479,99,degCent,10,0.7193471337579618,0,10,None,66,1,5,False,10,10
19480,95,degCent,10,0.674562101910828,0,16,None,66,1,5,False,10,10
19481,96,degCent,10,0.6758558917197452,0,16,None,66,1,5,False,10,10
19482,97,degCent,10,0.6774482484076433,0,16,None,66,1,5,False,10,10
19483,98,degCent,10,0.6800358280254777,0,16,None,66,1,5,False,10,10
19484,99,degCent,10,0.681827229299363,0,16,None,66,1,5,False,10,10
19485,95,degCent,10,0.7190485668789809,0,11,None,66,1,5,False,10,10
19486,96,degCent,10,0.7202428343949044,0,11,None,66,1,5,False,10,10
19487,97,degCent,10,0.7229299363057324,0,11,None,66,1,5,False,10,10
19488,98,degCent,10,0.7250199044585988,0,11,None,66,1,5,False,10,10
19489,99,degCent,10,0.726015127388535,0,11,None,66,1,5,False,10,10
19490,95,degCent,10,0.6955613057324841,0,20,None,66,1,5,False,10,10
19491,96,degCent,10,0.6960589171974523,0,20,None,66,1,5,False,10,10
19492,97,degCent,10,0.6987460191082803,0,20,None,66,1,5,False,10,10
19493,98,degCent,10,0.7007364649681529,0,20,None,66,1,5,False,10,10
19494,99,degCent,10,0.7019307324840764,0,20,None,66,1,5,False,10,10
19495,95,degCent,10,0.6873009554140127,0,19,None,66,1,5,False,10,10
19496,96,degCent,10,0.6899880573248408,0,19,None,66,1,5,False,10,10
19497,97,degCent,10,0.692078025477707,0,19,None,66,1,5,False,10,10
19498,98,degCent,10,0.694765127388535,0,19,None,66,1,5,False,10,10
19499,99,degCent,10,0.6960589171974523,0,19,None,66,1,5,False,10,10
19500,95,degCent,10,0.65625,0,17,None,66,1,5,False,10,10
19501,96,degCent,10,0.6565485668789809,0,17,None,66,1,5,False,10,10
19502,97,degCent,10,0.6569466560509554,0,17,None,66,1,5,False,10,10
19503,98,degCent,10,0.6582404458598726,0,17,None,66,1,5,False,10,10
19504,99,degCent,10,0.6587380573248408,0,17,None,66,1,5,False,10,10
19505,95,degCent,10,0.7011345541401274,0,24,None,66,1,5,False,10,10
19506,96,degCent,10,0.7057125796178344,0,24,None,66,1,5,False,10,10
19507,97,degCent,10,0.7084992038216561,0,24,None,66,1,5,False,10,10
19508,98,degCent,10,0.7105891719745223,0,24,None,66,1,5,False,10,10
19509,99,degCent,10,0.7123805732484076,0,24,None,66,1,5,False,10,10
19510,95,degCent,10,0.7135748407643312,0,30,None,66,1,5,False,10,10
19511,96,degCent,10,0.7136743630573248,0,30,None,66,1,5,False,10,10
19512,97,degCent,10,0.7150676751592356,0,30,None,66,1,5,False,10,10
19513,98,degCent,10,0.7172571656050956,0,30,None,66,1,5,False,10,10
19514,99,degCent,10,0.7188495222929936,0,30,None,66,1,5,False,10,10
19515,95,degCent,10,0.6933718152866242,0,18,None,66,1,5,False,10,10
19516,96,degCent,10,0.6954617834394905,0,18,None,66,1,5,False,10,10
19517,97,degCent,10,0.696656050955414,0,18,None,66,1,5,False,10,10
19518,98,degCent,10,0.6986464968152867,0,18,None,66,1,5,False,10,10
19519,99,degCent,10,0.6992436305732485,0,18,None,66,1,5,False,10,10
19520,95,degCent,10,0.6146496815286624,0,31,None,66,1,5,False,10,10
19521,96,degCent,10,0.6271894904458599,0,31,None,66,1,5,False,10,10
19522,97,degCent,10,0.6380374203821656,0,31,None,66,1,5,False,10,10
19523,98,degCent,10,0.6476910828025477,0,31,None,66,1,5,False,10,10
19524,99,degCent,10,0.654359076433121,0,31,None,66,1,5,False,10,10
19525,95,degCent,10,0.7097929936305732,0,7,None,66,1,5,False,10,10
19526,96,degCent,10,0.7100915605095541,0,7,None,66,1,5,False,10,10
19527,97,degCent,10,0.7128781847133758,0,7,None,66,1,5,False,10,10
19528,98,degCent,10,0.7148686305732485,0,7,None,66,1,5,False,10,10
19529,99,degCent,10,0.7164609872611465,0,7,None,66,1,5,False,10,10
19530,95,degCent,10,0.7286027070063694,0,32,None,66,1,5,False,10,10
19531,96,degCent,10,0.7309912420382165,0,32,None,66,1,5,False,10,10
19532,97,degCent,10,0.7320859872611465,0,32,None,66,1,5,False,10,10
19533,98,degCent,10,0.7329816878980892,0,32,None,66,1,5,False,10,10
19534,99,degCent,10,0.734375,0,32,None,66,1,5,False,10,10
19535,95,degCent,10,0.7136743630573248,0,12,None,66,1,5,False,10,10
19536,96,degCent,10,0.7150676751592356,0,12,None,66,1,5,False,10,10
19537,97,degCent,10,0.7182523885350318,0,12,None,66,1,5,False,10,10
19538,98,degCent,10,0.71984474522293,0,12,None,66,1,5,False,10,10
19539,99,degCent,10,0.7211385350318471,0,12,None,66,1,5,False,10,10
19540,95,degCent,10,0.6996417197452229,0,25,None,66,1,5,False,10,10
19541,96,degCent,10,0.7014331210191083,0,25,None,66,1,5,False,10,10
19542,97,degCent,10,0.7028264331210191,0,25,None,66,1,5,False,10,10
19543,98,degCent,10,0.7045183121019108,0,25,None,66,1,5,False,10,10
19544,99,degCent,10,0.7061106687898089,0,25,None,66,1,5,False,10,10
19545,95,degCent,10,0.6934713375796179,0,26,None,66,1,5,False,10,10
19546,96,degCent,10,0.6933718152866242,0,26,None,66,1,5,False,10,10
19547,97,degCent,10,0.6955613057324841,0,26,None,66,1,5,False,10,10
19548,98,degCent,10,0.6984474522292994,0,26,None,66,1,5,False,10,10
19549,99,degCent,10,0.7000398089171974,0,26,None,66,1,5,False,10,10
19550,95,degCent,10,0.6963574840764332,0,14,None,66,1,5,False,10,10
19551,96,degCent,10,0.6969546178343949,0,14,None,66,1,5,False,10,10
19552,97,degCent,10,0.698546974522293,0,14,None,66,1,5,False,10,10
19553,98,degCent,10,0.700437898089172,0,14,None,66,1,5,False,10,10
19554,99,degCent,10,0.7021297770700637,0,14,None,66,1,5,False,10,10
19555,95,degCent,10,0.7108877388535032,0,22,None,66,1,5,False,10,10
19556,96,degCent,10,0.7121815286624203,0,22,None,66,1,5,False,10,10
19557,97,degCent,10,0.7139729299363057,0,22,None,66,1,5,False,10,10
19558,98,degCent,10,0.7162619426751592,0,22,None,66,1,5,False,10,10
19559,99,degCent,10,0.7182523885350318,0,22,None,66,1,5,False,10,10
19560,95,degCent,10,0.647093949044586,0,6,None,66,1,5,False,10,10
19561,96,degCent,10,0.6484872611464968,0,6,None,66,1,5,False,10,10
19562,97,degCent,10,0.6499800955414012,0,6,None,66,1,5,False,10,10
19563,98,degCent,10,0.6514729299363057,0,6,None,66,1,5,False,10,10
19564,99,degCent,10,0.6528662420382165,0,6,None,66,1,5,False,10,10
19565,95,degCent,10,0.6849124203821656,0,1,None,66,1,5,False,10,10
19566,96,degCent,10,0.6867038216560509,0,1,None,66,1,5,False,10,10
19567,97,degCent,10,0.6882961783439491,0,1,None,66,1,5,False,10,10
19568,98,degCent,10,0.6902866242038217,0,1,None,66,1,5,False,10,10
19569,99,degCent,10,0.6913813694267515,0,1,None,66,1,5,False,10,10
19570,95,degCent,10,0.7134753184713376,0,2,None,66,1,5,False,10,10
19571,96,degCent,10,0.714968152866242,0,2,None,66,1,5,False,10,10
19572,97,degCent,10,0.7188495222929936,0,2,None,66,1,5,False,10,10
19573,98,degCent,10,0.7223328025477707,0,2,None,66,1,5,False,10,10
19574,99,degCent,10,0.7240246815286624,0,2,None,66,1,5,False,10,10
19575,95,degCent,10,0.7151671974522293,0,0,None,66,1,5,False,10,10
19576,96,degCent,10,0.7167595541401274,0,0,None,66,1,5,False,10,10
19577,97,degCent,10,0.7181528662420382,0,0,None,66,1,5,False,10,10
19578,98,degCent,10,0.7205414012738853,0,0,None,66,1,5,False,10,10
19579,99,degCent,10,0.7221337579617835,0,0,None,66,1,5,False,10,10
19580,95,degCent,10,0.7013335987261147,0,4,None,66,1,5,False,10,10
19581,96,degCent,10,0.703125,0,4,None,66,1,5,False,10,10
19582,97,degCent,10,0.7041202229299363,0,4,None,66,1,5,False,10,10
19583,98,degCent,10,0.705812101910828,0,4,None,66,1,5,False,10,10
19584,99,degCent,10,0.7063097133757962,0,4,None,66,1,5,False,10,10
19585,95,degCent,10,0.6568471337579618,0,5,None,66,1,5,False,10,10
19586,96,degCent,10,0.6579418789808917,0,5,None,66,1,5,False,10,10
19587,97,degCent,10,0.6590366242038217,0,5,None,66,1,5,False,10,10
19588,98,degCent,10,0.6598328025477707,0,5,None,66,1,5,False,10,10
19589,99,degCent,10,0.6612261146496815,0,5,None,66,1,5,False,10,10
19590,95,degCent,10,0.7014331210191083,0,3,None,66,1,5,False,10,10
19591,96,degCent,10,0.7025278662420382,0,3,None,66,1,5,False,10,10
19592,97,degCent,10,0.70421974522293,0,3,None,66,1,5,False,10,10
19593,98,degCent,10,0.7057125796178344,0,3,None,66,1,5,False,10,10
19594,99,degCent,10,0.7061106687898089,0,3,None,66,1,5,False,10,10
19595,95,degCent,10,0.6876990445859873,0,8,None,66,1,5,False,10,10
19596,96,degCent,10,0.6883957006369427,0,8,None,66,1,5,False,10,10
19597,97,degCent,10,0.689390923566879,0,8,None,66,1,5,False,10,10
19598,98,degCent,10,0.6906847133757962,0,8,None,66,1,5,False,10,10
19599,99,degCent,10,0.6921775477707006,0,8,None,66,1,5,False,10,10
19600,95,degCent,10,0.7147691082802548,0,9,None,66,1,5,False,10,10
19601,96,degCent,10,0.7164609872611465,0,9,None,66,1,5,False,10,10
19602,97,degCent,10,0.7173566878980892,0,9,None,66,1,5,False,10,10
19603,98,degCent,10,0.7183519108280255,0,9,None,66,1,5,False,10,10
19604,99,degCent,10,0.7203423566878981,0,9,None,66,1,5,False,10,10
19605,95,degCent,10,0.7100915605095541,0,13,None,66,1,5,False,10,10
19606,96,degCent,10,0.7126791401273885,0,13,None,66,1,5,False,10,10
19607,97,degCent,10,0.7157643312101911,0,13,None,66,1,5,False,10,10
19608,98,degCent,10,0.71765525477707,0,13,None,66,1,5,False,10,10
19609,99,degCent,10,0.7200437898089171,0,13,None,66,1,5,False,10,10
19610,95,degCent,10,0.7171576433121019,0,23,None,66,1,5,False,10,10
19611,96,degCent,10,0.71875,0,23,None,66,1,5,False,10,10
19612,97,degCent,10,0.720640923566879,0,23,None,66,1,5,False,10,10
19613,98,degCent,10,0.7229299363057324,0,23,None,66,1,5,False,10,10
19614,99,degCent,10,0.7247213375796179,0,23,None,66,1,5,False,10,10
19615,95,degCent,10,0.713077229299363,0,21,None,66,1,5,False,10,10
19616,96,degCent,10,0.7147691082802548,0,21,None,66,1,5,False,10,10
19617,97,degCent,10,0.7161624203821656,0,21,None,66,1,5,False,10,10
19618,98,degCent,10,0.71765525477707,0,21,None,66,1,5,False,10,10
19619,99,degCent,10,0.7185509554140127,0,21,None,66,1,5,False,10,10
19620,95,degCent,10,0.6755573248407644,0,27,None,66,1,5,False,10,10
19621,96,degCent,10,0.6785429936305732,0,27,None,66,1,5,False,10,10
19622,97,degCent,10,0.6817277070063694,0,27,None,66,1,5,False,10,10
19623,98,degCent,10,0.6843152866242038,0,27,None,66,1,5,False,10,10
19624,99,degCent,10,0.6870023885350318,0,27,None,66,1,5,False,10,10
19625,95,degCent,10,0.6748606687898089,0,28,None,66,1,5,False,10,10
19626,96,degCent,10,0.6754578025477707,0,28,None,66,1,5,False,10,10
19627,97,degCent,10,0.675656847133758,0,28,None,66,1,5,False,10,10
19628,98,degCent,10,0.6774482484076433,0,28,None,66,1,5,False,10,10
19629,99,degCent,10,0.6790406050955414,0,28,None,66,1,5,False,10,10
19630,95,degCent,10,0.671875,0,29,None,66,1,5,False,10,10
19631,96,degCent,10,0.6759554140127388,0,29,None,66,1,5,False,10,10
19632,97,degCent,10,0.6789410828025477,0,29,None,66,1,5,False,10,10
19633,98,degCent,10,0.6814291401273885,0,29,None,66,1,5,False,10,10
19634,99,degCent,10,0.6840167197452229,0,29,None,66,1,5,False,10,10
19635,100,degCent,10,0.693172770700637,0,1,None,66,1,5,False,10,10
19636,101,degCent,10,0.6940684713375797,0,1,None,66,1,5,False,10,10
19637,102,degCent,10,0.6972531847133758,0,1,None,66,1,5,False,10,10
19638,103,degCent,10,0.6997412420382165,0,1,None,66,1,5,False,10,10
19639,104,degCent,10,0.7005374203821656,0,1,None,66,1,5,False,10,10
19640,100,degCent,10,0.7222332802547771,0,23,None,66,1,5,False,10,10
19641,101,degCent,10,0.7249203821656051,0,23,None,66,1,5,False,10,10
19642,102,degCent,10,0.7275079617834395,0,23,None,66,1,5,False,10,10
19643,103,degCent,10,0.7283041401273885,0,23,None,66,1,5,False,10,10
19644,104,degCent,10,0.7306926751592356,0,23,None,66,1,5,False,10,10
19645,100,degCent,10,0.6820262738853503,0,29,None,66,1,5,False,10,10
19646,101,degCent,10,0.6852109872611465,0,29,None,66,1,5,False,10,10
19647,102,degCent,10,0.6879976114649682,0,29,None,66,1,5,False,10,10
19648,103,degCent,10,0.6898885350318471,0,29,None,66,1,5,False,10,10
19649,104,degCent,10,0.6916799363057324,0,29,None,66,1,5,False,10,10
19650,100,degCent,10,0.71765525477707,0,13,None,66,1,5,False,10,10
19651,101,degCent,10,0.7202428343949044,0,13,None,66,1,5,False,10,10
19652,102,degCent,10,0.7227308917197452,0,13,None,66,1,5,False,10,10
19653,103,degCent,10,0.7248208598726115,0,13,None,66,1,5,False,10,10
19654,104,degCent,10,0.7264132165605095,0,13,None,66,1,5,False,10,10
19655,100,degCent,10,0.7017316878980892,0,26,None,66,1,5,False,10,10
19656,101,degCent,10,0.703125,0,26,None,66,1,5,False,10,10
19657,102,degCent,10,0.7043192675159236,0,26,None,66,1,5,False,10,10
19658,103,degCent,10,0.7065087579617835,0,26,None,66,1,5,False,10,10
19659,104,degCent,10,0.7071058917197452,0,26,None,66,1,5,False,10,10
19660,100,degCent,10,0.7043192675159236,0,14,None,66,1,5,False,10,10
19661,101,degCent,10,0.7057125796178344,0,14,None,66,1,5,False,10,10
19662,102,degCent,10,0.7073049363057324,0,14,None,66,1,5,False,10,10
19663,103,degCent,10,0.7080015923566879,0,14,None,66,1,5,False,10,10
19664,104,degCent,10,0.7089968152866242,0,14,None,66,1,5,False,10,10
19665,100,degCent,10,0.7191480891719745,0,22,None,66,1,5,False,10,10
19666,101,degCent,10,0.7220342356687898,0,22,None,66,1,5,False,10,10
19667,102,degCent,10,0.7238256369426752,0,22,None,66,1,5,False,10,10
19668,103,degCent,10,0.7254179936305732,0,22,None,66,1,5,False,10,10
19669,104,degCent,10,0.7273089171974523,0,22,None,66,1,5,False,10,10
19670,100,degCent,10,0.7071058917197452,0,25,None,66,1,5,False,10,10
19671,101,degCent,10,0.7083996815286624,0,25,None,66,1,5,False,10,10
19672,102,degCent,10,0.7091958598726115,0,25,None,66,1,5,False,10,10
19673,103,degCent,10,0.7106886942675159,0,25,None,66,1,5,False,10,10
19674,104,degCent,10,0.7123805732484076,0,25,None,66,1,5,False,10,10
19675,100,degCent,10,0.7172571656050956,0,21,None,66,1,5,False,10,10
19676,101,degCent,10,0.7193471337579618,0,21,None,66,1,5,False,10,10
19677,102,degCent,10,0.7211385350318471,0,21,None,66,1,5,False,10,10
19678,103,degCent,10,0.7228304140127388,0,21,None,66,1,5,False,10,10
19679,104,degCent,10,0.7242237261146497,0,21,None,66,1,5,False,10,10
19680,100,degCent,10,0.7132762738853503,0,24,None,66,1,5,False,10,10
19681,101,degCent,10,0.7151671974522293,0,24,None,66,1,5,False,10,10
19682,102,degCent,10,0.7185509554140127,0,24,None,66,1,5,False,10,10
19683,103,degCent,10,0.7201433121019108,0,24,None,66,1,5,False,10,10
19684,104,degCent,10,0.7228304140127388,0,24,None,66,1,5,False,10,10
19685,100,degCent,10,0.7201433121019108,0,30,None,66,1,5,False,10,10
19686,101,degCent,10,0.7203423566878981,0,30,None,66,1,5,False,10,10
19687,102,degCent,10,0.7223328025477707,0,30,None,66,1,5,False,10,10
19688,103,degCent,10,0.7249203821656051,0,30,None,66,1,5,False,10,10
19689,104,degCent,10,0.7278065286624203,0,30,None,66,1,5,False,10,10
19690,100,degCent,10,0.6526671974522293,0,6,None,66,1,5,False,10,10
19691,101,degCent,10,0.6541600318471338,0,6,None,66,1,5,False,10,10
19692,102,degCent,10,0.65515525477707,0,6,None,66,1,5,False,10,10
19693,103,degCent,10,0.6564490445859873,0,6,None,66,1,5,False,10,10
19694,104,degCent,10,0.6576433121019108,0,6,None,66,1,5,False,10,10
19695,100,degCent,10,0.6806329617834395,0,27,None,66,1,5,False,10,10
19696,101,degCent,10,0.6835191082802548,0,27,None,66,1,5,False,10,10
19697,102,degCent,10,0.6861066878980892,0,27,None,66,1,5,False,10,10
19698,103,degCent,10,0.6890923566878981,0,27,None,66,1,5,False,10,10
19699,104,degCent,10,0.6907842356687898,0,27,None,66,1,5,False,10,10
19700,100,degCent,10,0.7352707006369427,0,32,None,66,1,5,False,10,10
19701,101,degCent,10,0.7361664012738853,0,32,None,66,1,5,False,10,10
19702,102,degCent,10,0.737062101910828,0,32,None,66,1,5,False,10,10
19703,103,degCent,10,0.7377587579617835,0,32,None,66,1,5,False,10,10
19704,104,degCent,10,0.7392515923566879,0,32,None,66,1,5,False,10,10
19705,100,degCent,10,0.6824243630573248,0,16,None,66,1,5,False,10,10
19706,101,degCent,10,0.6845143312101911,0,16,None,66,1,5,False,10,10
19707,102,degCent,10,0.6866042993630573,0,16,None,66,1,5,False,10,10
19708,103,degCent,10,0.6890923566878981,0,16,None,66,1,5,False,10,10
19709,104,degCent,10,0.6913813694267515,0,16,None,66,1,5,False,10,10
19710,100,degCent,10,0.7219347133757962,0,2,None,66,1,5,False,10,10
19711,101,degCent,10,0.7249203821656051,0,2,None,66,1,5,False,10,10
19712,102,degCent,10,0.7269108280254777,0,2,None,66,1,5,False,10,10
19713,103,degCent,10,0.7292993630573248,0,2,None,66,1,5,False,10,10
19714,104,degCent,10,0.7304936305732485,0,2,None,66,1,5,False,10,10
19715,100,degCent,10,0.7218351910828026,0,0,None,66,1,5,False,10,10
19716,101,degCent,10,0.7234275477707006,0,0,None,66,1,5,False,10,10
19717,102,degCent,10,0.7249203821656051,0,0,None,66,1,5,False,10,10
19718,103,degCent,10,0.7255175159235668,0,0,None,66,1,5,False,10,10
19719,104,degCent,10,0.7285031847133758,0,0,None,66,1,5,False,10,10
19720,100,degCent,10,0.7088972929936306,0,4,None,66,1,5,False,10,10
19721,101,degCent,10,0.7102906050955414,0,4,None,66,1,5,False,10,10
19722,102,degCent,10,0.7115843949044586,0,4,None,66,1,5,False,10,10
19723,103,degCent,10,0.713077229299363,0,4,None,66,1,5,False,10,10
19724,104,degCent,10,0.7154657643312102,0,4,None,66,1,5,False,10,10
19725,100,degCent,10,0.6611265923566879,0,5,None,66,1,5,False,10,10
19726,101,degCent,10,0.6628184713375797,0,5,None,66,1,5,False,10,10
19727,102,degCent,10,0.6636146496815286,0,5,None,66,1,5,False,10,10
19728,103,degCent,10,0.6657046178343949,0,5,None,66,1,5,False,10,10
19729,104,degCent,10,0.6666998407643312,0,5,None,66,1,5,False,10,10
19730,100,degCent,10,0.7156648089171974,0,7,None,66,1,5,False,10,10
19731,101,degCent,10,0.7175557324840764,0,7,None,66,1,5,False,10,10
19732,102,degCent,10,0.7200437898089171,0,7,None,66,1,5,False,10,10
19733,103,degCent,10,0.7221337579617835,0,7,None,66,1,5,False,10,10
19734,104,degCent,10,0.7240246815286624,0,7,None,66,1,5,False,10,10
19735,100,degCent,10,0.7199442675159236,0,9,None,66,1,5,False,10,10
19736,101,degCent,10,0.7219347133757962,0,9,None,66,1,5,False,10,10
19737,102,degCent,10,0.723328025477707,0,9,None,66,1,5,False,10,10
19738,103,degCent,10,0.7248208598726115,0,9,None,66,1,5,False,10,10
19739,104,degCent,10,0.7269108280254777,0,9,None,66,1,5,False,10,10
19740,100,degCent,10,0.7256170382165605,0,11,None,66,1,5,False,10,10
19741,101,degCent,10,0.7277070063694268,0,11,None,66,1,5,False,10,10
19742,102,degCent,10,0.7296974522292994,0,11,None,66,1,5,False,10,10
19743,103,degCent,10,0.7303941082802548,0,11,None,66,1,5,False,10,10
19744,104,degCent,10,0.731687898089172,0,11,None,66,1,5,False,10,10
19745,100,degCent,10,0.7152667197452229,0,10,None,66,1,5,False,10,10
19746,101,degCent,10,0.7189490445859873,0,10,None,66,1,5,False,10,10
19747,102,degCent,10,0.7212380573248408,0,10,None,66,1,5,False,10,10
19748,103,degCent,10,0.7251194267515924,0,10,None,66,1,5,False,10,10
19749,104,degCent,10,0.7277070063694268,0,10,None,66,1,5,False,10,10
19750,100,degCent,10,0.7215366242038217,0,15,None,66,1,5,False,10,10
19751,101,degCent,10,0.723328025477707,0,15,None,66,1,5,False,10,10
19752,102,degCent,10,0.7253184713375797,0,15,None,66,1,5,False,10,10
19753,103,degCent,10,0.7274084394904459,0,15,None,66,1,5,False,10,10
19754,104,degCent,10,0.7292993630573248,0,15,None,66,1,5,False,10,10
19755,100,degCent,10,0.7185509554140127,0,12,None,66,1,5,False,10,10
19756,101,degCent,10,0.7218351910828026,0,12,None,66,1,5,False,10,10
19757,102,degCent,10,0.7230294585987261,0,12,None,66,1,5,False,10,10
19758,103,degCent,10,0.724422770700637,0,12,None,66,1,5,False,10,10
19759,104,degCent,10,0.7258160828025477,0,12,None,66,1,5,False,10,10
19760,100,degCent,10,0.700437898089172,0,20,None,66,1,5,False,10,10
19761,101,degCent,10,0.7019307324840764,0,20,None,66,1,5,False,10,10
19762,102,degCent,10,0.7036226114649682,0,20,None,66,1,5,False,10,10
19763,103,degCent,10,0.7056130573248408,0,20,None,66,1,5,False,10,10
19764,104,degCent,10,0.707703025477707,0,20,None,66,1,5,False,10,10
19765,100,degCent,10,0.6626194267515924,0,17,None,66,1,5,False,10,10
19766,101,degCent,10,0.6626194267515924,0,17,None,66,1,5,False,10,10
19767,102,degCent,10,0.6639132165605095,0,17,None,66,1,5,False,10,10
19768,103,degCent,10,0.662718949044586,0,17,None,66,1,5,False,10,10
19769,104,degCent,10,0.6633160828025477,0,17,None,66,1,5,False,10,10
19770,100,degCent,10,0.6846138535031847,0,28,None,66,1,5,False,10,10
19771,101,degCent,10,0.6854100318471338,0,28,None,66,1,5,False,10,10
19772,102,degCent,10,0.6858081210191083,0,28,None,66,1,5,False,10,10
19773,103,degCent,10,0.6865047770700637,0,28,None,66,1,5,False,10,10
19774,104,degCent,10,0.6888933121019108,0,28,None,66,1,5,False,10,10
19775,100,degCent,10,0.6932722929936306,0,8,None,66,1,5,False,10,10
19776,101,degCent,10,0.6938694267515924,0,8,None,66,1,5,False,10,10
19777,102,degCent,10,0.6952627388535032,0,8,None,66,1,5,False,10,10
19778,103,degCent,10,0.6968550955414012,0,8,None,66,1,5,False,10,10
19779,104,degCent,10,0.6972531847133758,0,8,None,66,1,5,False,10,10
19780,100,degCent,10,0.710390127388535,0,3,None,66,1,5,False,10,10
19781,101,degCent,10,0.7117834394904459,0,3,None,66,1,5,False,10,10
19782,102,degCent,10,0.7127786624203821,0,3,None,66,1,5,False,10,10
19783,103,degCent,10,0.714171974522293,0,3,None,66,1,5,False,10,10
19784,104,degCent,10,0.7154657643312102,0,3,None,66,1,5,False,10,10
19785,100,degCent,10,0.7033240445859873,0,18,None,66,1,5,False,10,10
19786,101,degCent,10,0.7033240445859873,0,18,None,66,1,5,False,10,10
19787,102,degCent,10,0.7053144904458599,0,18,None,66,1,5,False,10,10
19788,103,degCent,10,0.7072054140127388,0,18,None,66,1,5,False,10,10
19789,104,degCent,10,0.7089968152866242,0,18,None,66,1,5,False,10,10
19790,100,degCent,10,0.6228105095541401,0,31,None,66,1,5,False,10,10
19791,101,degCent,10,0.6366441082802548,0,31,None,66,1,5,False,10,10
19792,102,degCent,10,0.6473925159235668,0,31,None,66,1,5,False,10,10
19793,103,degCent,10,0.6579418789808917,0,31,None,66,1,5,False,10,10
19794,104,degCent,10,0.6657046178343949,0,31,None,66,1,5,False,10,10
19795,100,degCent,10,0.6923765923566879,0,19,None,66,1,5,False,10,10
19796,101,degCent,10,0.695859872611465,0,19,None,66,1,5,False,10,10
19797,102,degCent,10,0.6989450636942676,0,19,None,66,1,5,False,10,10
19798,103,degCent,10,0.7002388535031847,0,19,None,66,1,5,False,10,10
19799,104,degCent,10,0.7035230891719745,0,19,None,66,1,5,False,10,10
23265,105,degCent,10,0.6678941082802548,0,5,None,66,1,5,False,10,10
23266,106,degCent,10,0.6696855095541401,0,5,None,66,1,5,False,10,10
23267,107,degCent,10,0.6711783439490446,0,5,None,66,1,5,False,10,10
23268,108,degCent,10,0.671875,0,5,None,66,1,5,False,10,10
23269,109,degCent,10,0.671875,0,5,None,66,1,5,False,10,10
23270,105,degCent,10,0.7275079617834395,0,13,None,66,1,5,False,10,10
23271,106,degCent,10,0.7284036624203821,0,13,None,66,1,5,False,10,10
23272,107,degCent,10,0.7308917197452229,0,13,None,66,1,5,False,10,10
23273,108,degCent,10,0.7334792993630573,0,13,None,66,1,5,False,10,10
23274,109,degCent,10,0.7359673566878981,0,13,None,66,1,5,False,10,10
23275,105,degCent,10,0.6925756369426752,0,16,None,66,1,5,False,10,10
23276,106,degCent,10,0.6946656050955414,0,16,None,66,1,5,False,10,10
23277,107,degCent,10,0.6984474522292994,0,16,None,66,1,5,False,10,10
23278,108,degCent,10,0.7007364649681529,0,16,None,66,1,5,False,10,10
23279,109,degCent,10,0.7023288216560509,0,16,None,66,1,5,False,10,10
23280,105,degCent,10,0.7318869426751592,0,11,None,66,1,5,False,10,10
23281,106,degCent,10,0.7341759554140127,0,11,None,66,1,5,False,10,10
23282,107,degCent,10,0.73546974522293,0,11,None,66,1,5,False,10,10
23283,108,degCent,10,0.7367635350318471,0,11,None,66,1,5,False,10,10
23284,109,degCent,10,0.7380573248407644,0,11,None,66,1,5,False,10,10
23285,105,degCent,10,0.7011345541401274,0,8,None,66,1,5,False,10,10
23286,106,degCent,10,0.7028264331210191,0,8,None,66,1,5,False,10,10
23287,107,degCent,10,0.7039211783439491,0,8,None,66,1,5,False,10,10
23288,108,degCent,10,0.7037221337579618,0,8,None,66,1,5,False,10,10
23289,109,degCent,10,0.7039211783439491,0,8,None,66,1,5,False,10,10
23290,105,degCent,10,0.7065087579617835,0,20,None,66,1,5,False,10,10
23291,106,degCent,10,0.7076035031847133,0,20,None,66,1,5,False,10,10
23292,107,degCent,10,0.7092953821656051,0,20,None,66,1,5,False,10,10
23293,108,degCent,10,0.7110867834394905,0,20,None,66,1,5,False,10,10
23294,109,degCent,10,0.7123805732484076,0,20,None,66,1,5,False,10,10
23295,105,degCent,10,0.6990445859872612,0,19,None,66,1,5,False,10,10
23296,106,degCent,10,0.7019307324840764,0,19,None,66,1,5,False,10,10
23297,107,degCent,10,0.7056130573248408,0,19,None,66,1,5,False,10,10
23298,108,degCent,10,0.7091958598726115,0,19,None,66,1,5,False,10,10
23299,109,degCent,10,0.7118829617834395,0,19,None,66,1,5,False,10,10
23300,105,degCent,10,0.7283041401273885,0,23,None,66,1,5,False,10,10
23301,106,degCent,10,0.7296974522292994,0,23,None,66,1,5,False,10,10
23302,107,degCent,10,0.7322850318471338,0,23,None,66,1,5,False,10,10
23303,108,degCent,10,0.7349721337579618,0,23,None,66,1,5,False,10,10
23304,109,degCent,10,0.7364649681528662,0,23,None,66,1,5,False,10,10
23305,105,degCent,10,0.6687898089171974,0,17,None,66,1,5,False,10,10
23306,106,degCent,10,0.6683917197452229,0,17,None,66,1,5,False,10,10
23307,107,degCent,10,0.6688893312101911,0,17,None,66,1,5,False,10,10
23308,108,degCent,10,0.6694864649681529,0,17,None,66,1,5,False,10,10
23309,109,degCent,10,0.6701831210191083,0,17,None,66,1,5,False,10,10
23310,105,degCent,10,0.7274084394904459,0,21,None,66,1,5,False,10,10
23311,106,degCent,10,0.7283041401273885,0,21,None,66,1,5,False,10,10
23312,107,degCent,10,0.7304936305732485,0,21,None,66,1,5,False,10,10
23313,108,degCent,10,0.7315883757961783,0,21,None,66,1,5,False,10,10
23314,109,degCent,10,0.7325835987261147,0,21,None,66,1,5,False,10,10
23315,105,degCent,10,0.713077229299363,0,25,None,66,1,5,False,10,10
23316,106,degCent,10,0.714171974522293,0,25,None,66,1,5,False,10,10
23317,107,degCent,10,0.7164609872611465,0,25,None,66,1,5,False,10,10
23318,108,degCent,10,0.7173566878980892,0,25,None,66,1,5,False,10,10
23319,109,degCent,10,0.7180533439490446,0,25,None,66,1,5,False,10,10
23320,105,degCent,10,0.7088972929936306,0,26,None,66,1,5,False,10,10
23321,106,degCent,10,0.7117834394904459,0,26,None,66,1,5,False,10,10
23322,107,degCent,10,0.7131767515923567,0,26,None,66,1,5,False,10,10
23323,108,degCent,10,0.714968152866242,0,26,None,66,1,5,False,10,10
23324,109,degCent,10,0.716062898089172,0,26,None,66,1,5,False,10,10
23325,105,degCent,10,0.7235270700636943,0,12,None,66,1,5,False,10,10
23326,106,degCent,10,0.7261146496815286,0,12,None,66,1,5,False,10,10
23327,107,degCent,10,0.7273089171974523,0,12,None,66,1,5,False,10,10
23328,108,degCent,10,0.7286027070063694,0,12,None,66,1,5,False,10,10
23329,109,degCent,10,0.7298964968152867,0,12,None,66,1,5,False,10,10
23330,105,degCent,10,0.7193471337579618,0,24,None,66,1,5,False,10,10
23331,106,degCent,10,0.7226313694267515,0,24,None,66,1,5,False,10,10
23332,107,degCent,10,0.726015127388535,0,24,None,66,1,5,False,10,10
23333,108,degCent,10,0.7278065286624203,0,24,None,66,1,5,False,10,10
23334,109,degCent,10,0.7292993630573248,0,24,None,66,1,5,False,10,10
23335,105,degCent,10,0.6942675159235668,0,28,None,66,1,5,False,10,10
23336,106,degCent,10,0.6949641719745223,0,28,None,66,1,5,False,10,10
23337,107,degCent,10,0.6963574840764332,0,28,None,66,1,5,False,10,10
23338,108,degCent,10,0.6967555732484076,0,28,None,66,1,5,False,10,10
23339,109,degCent,10,0.6983479299363057,0,28,None,66,1,5,False,10,10
23340,105,degCent,10,0.6888933121019108,0,29,None,66,1,5,False,10,10
23341,106,degCent,10,0.6921775477707006,0,29,None,66,1,5,False,10,10
23342,107,degCent,10,0.695859872611465,0,29,None,66,1,5,False,10,10
23343,108,degCent,10,0.6984474522292994,0,29,None,66,1,5,False,10,10
23344,109,degCent,10,0.7003383757961783,0,29,None,66,1,5,False,10,10
23345,105,degCent,10,0.7268113057324841,0,30,None,66,1,5,False,10,10
23346,106,degCent,10,0.7278065286624203,0,30,None,66,1,5,False,10,10
23347,107,degCent,10,0.7295979299363057,0,30,None,66,1,5,False,10,10
23348,108,degCent,10,0.7315883757961783,0,30,None,66,1,5,False,10,10
23349,109,degCent,10,0.7333797770700637,0,30,None,66,1,5,False,10,10
23350,105,degCent,10,0.7115843949044586,0,18,None,66,1,5,False,10,10
23351,106,degCent,10,0.7126791401273885,0,18,None,66,1,5,False,10,10
23352,107,degCent,10,0.7135748407643312,0,18,None,66,1,5,False,10,10
23353,108,degCent,10,0.7151671974522293,0,18,None,66,1,5,False,10,10
23354,109,degCent,10,0.7159633757961783,0,18,None,66,1,5,False,10,10
23355,105,degCent,10,0.6900875796178344,0,27,None,66,1,5,False,10,10
23356,106,degCent,10,0.6924761146496815,0,27,None,66,1,5,False,10,10
23357,107,degCent,10,0.695859872611465,0,27,None,66,1,5,False,10,10
23358,108,degCent,10,0.6975517515923567,0,27,None,66,1,5,False,10,10
23359,109,degCent,10,0.6999402866242038,0,27,None,66,1,5,False,10,10
23360,105,degCent,10,0.6282842356687898,0,31,None,66,1,5,False,10,10
23361,106,degCent,10,0.6458001592356688,0,31,None,66,1,5,False,10,10
23362,107,degCent,10,0.6590366242038217,0,31,None,66,1,5,False,10,10
23363,108,degCent,10,0.6704816878980892,0,31,None,66,1,5,False,10,10
23364,109,degCent,10,0.6787420382165605,0,31,None,66,1,5,False,10,10
23365,105,degCent,10,0.7013335987261147,0,1,None,66,1,5,False,10,10
23366,106,degCent,10,0.7027269108280255,0,1,None,66,1,5,False,10,10
23367,107,degCent,10,0.7060111464968153,0,1,None,66,1,5,False,10,10
23368,108,degCent,10,0.7061106687898089,0,1,None,66,1,5,False,10,10
23369,109,degCent,10,0.707703025477707,0,1,None,66,1,5,False,10,10
23370,105,degCent,10,0.7255175159235668,0,9,None,66,1,5,False,10,10
23371,106,degCent,10,0.7275079617834395,0,9,None,66,1,5,False,10,10
23372,107,degCent,10,0.7290007961783439,0,9,None,66,1,5,False,10,10
23373,108,degCent,10,0.7302945859872612,0,9,None,66,1,5,False,10,10
23374,109,degCent,10,0.7315883757961783,0,9,None,66,1,5,False,10,10
23375,105,degCent,10,0.6592356687898089,0,6,None,66,1,5,False,10,10
23376,106,degCent,10,0.6604299363057324,0,6,None,66,1,5,False,10,10
23377,107,degCent,10,0.6617237261146497,0,6,None,66,1,5,False,10,10
23378,108,degCent,10,0.6620222929936306,0,6,None,66,1,5,False,10,10
23379,109,degCent,10,0.6629179936305732,0,6,None,66,1,5,False,10,10
23380,105,degCent,10,0.7098925159235668,0,14,None,66,1,5,False,10,10
23381,106,degCent,10,0.712281050955414,0,14,None,66,1,5,False,10,10
23382,107,degCent,10,0.7134753184713376,0,14,None,66,1,5,False,10,10
23383,108,degCent,10,0.714968152866242,0,14,None,66,1,5,False,10,10
23384,109,degCent,10,0.7166600318471338,0,14,None,66,1,5,False,10,10
23385,105,degCent,10,0.7266122611464968,0,22,None,66,1,5,False,10,10
23386,106,degCent,10,0.7281050955414012,0,22,None,66,1,5,False,10,10
23387,107,degCent,10,0.7288017515923567,0,22,None,66,1,5,False,10,10
23388,108,degCent,10,0.7309912420382165,0,22,None,66,1,5,False,10,10
23389,109,degCent,10,0.7329816878980892,0,22,None,66,1,5,False,10,10
23390,105,degCent,10,0.7262141719745223,0,15,None,66,1,5,False,10,10
23391,106,degCent,10,0.7284036624203821,0,15,None,66,1,5,False,10,10
23392,107,degCent,10,0.729796974522293,0,15,None,66,1,5,False,10,10
23393,108,degCent,10,0.7320859872611465,0,15,None,66,1,5,False,10,10
23394,109,degCent,10,0.7334792993630573,0,15,None,66,1,5,False,10,10
23395,105,degCent,10,0.7250199044585988,0,10,None,66,1,5,False,10,10
23396,106,degCent,10,0.7272093949044586,0,10,None,66,1,5,False,10,10
23397,107,degCent,10,0.7295979299363057,0,10,None,66,1,5,False,10,10
23398,108,degCent,10,0.7306926751592356,0,10,None,66,1,5,False,10,10
23399,109,degCent,10,0.7327826433121019,0,10,None,66,1,5,False,10,10
23400,105,degCent,10,0.7235270700636943,0,7,None,66,1,5,False,10,10
23401,106,degCent,10,0.7251194267515924,0,7,None,66,1,5,False,10,10
23402,107,degCent,10,0.7275079617834395,0,7,None,66,1,5,False,10,10
23403,108,degCent,10,0.728702229299363,0,7,None,66,1,5,False,10,10
23404,109,degCent,10,0.7308917197452229,0,7,None,66,1,5,False,10,10
23405,105,degCent,10,0.7180533439490446,0,4,None,66,1,5,False,10,10
23406,106,degCent,10,0.7191480891719745,0,4,None,66,1,5,False,10,10
23407,107,degCent,10,0.7211385350318471,0,4,None,66,1,5,False,10,10
23408,108,degCent,10,0.7220342356687898,0,4,None,66,1,5,False,10,10
23409,109,degCent,10,0.7231289808917197,0,4,None,66,1,5,False,10,10
23410,105,degCent,10,0.7414410828025477,0,32,None,66,1,5,False,10,10
23411,106,degCent,10,0.7421377388535032,0,32,None,66,1,5,False,10,10
23412,107,degCent,10,0.7426353503184714,0,32,None,66,1,5,False,10,10
23413,108,degCent,10,0.7441281847133758,0,32,None,66,1,5,False,10,10
23414,109,degCent,10,0.7459195859872612,0,32,None,66,1,5,False,10,10
23415,105,degCent,10,0.7289012738853503,0,2,None,66,1,5,False,10,10
23416,106,degCent,10,0.7314888535031847,0,2,None,66,1,5,False,10,10
23417,107,degCent,10,0.73328025477707,0,2,None,66,1,5,False,10,10
23418,108,degCent,10,0.7346735668789809,0,2,None,66,1,5,False,10,10
23419,109,degCent,10,0.7367635350318471,0,2,None,66,1,5,False,10,10
23420,105,degCent,10,0.728702229299363,0,0,None,66,1,5,False,10,10
23421,106,degCent,10,0.7296974522292994,0,0,None,66,1,5,False,10,10
23422,107,degCent,10,0.7311902866242038,0,0,None,66,1,5,False,10,10
23423,108,degCent,10,0.7323845541401274,0,0,None,66,1,5,False,10,10
23424,109,degCent,10,0.7340764331210191,0,0,None,66,1,5,False,10,10
23425,105,degCent,10,0.7185509554140127,0,3,None,66,1,5,False,10,10
23426,106,degCent,10,0.7193471337579618,0,3,None,66,1,5,False,10,10
23427,107,degCent,10,0.7204418789808917,0,3,None,66,1,5,False,10,10
23428,108,degCent,10,0.7221337579617835,0,3,None,66,1,5,False,10,10
23429,109,degCent,10,0.7236265923566879,0,3,None,66,1,5,False,10,10
23430,110,degCent,10,0.7330812101910829,0,22,None,66,1,5,False,10,10
23431,111,degCent,10,0.73546974522293,0,22,None,66,1,5,False,10,10
23432,112,degCent,10,0.7369625796178344,0,22,None,66,1,5,False,10,10
23433,113,degCent,10,0.738156847133758,0,22,None,66,1,5,False,10,10
23434,114,degCent,10,0.7388535031847133,0,22,None,66,1,5,False,10,10
23435,110,degCent,10,0.7164609872611465,0,14,None,66,1,5,False,10,10
23436,111,degCent,10,0.7178542993630573,0,14,None,66,1,5,False,10,10
23437,112,degCent,10,0.7196457006369427,0,14,None,66,1,5,False,10,10
23438,113,degCent,10,0.7219347133757962,0,14,None,66,1,5,False,10,10
23439,114,degCent,10,0.7227308917197452,0,14,None,66,1,5,False,10,10
23440,110,degCent,10,0.7331807324840764,0,30,None,66,1,5,False,10,10
23441,111,degCent,10,0.7340764331210191,0,30,None,66,1,5,False,10,10
23442,112,degCent,10,0.7356687898089171,0,30,None,66,1,5,False,10,10
23443,113,degCent,10,0.7378582802547771,0,30,None,66,1,5,False,10,10
23444,114,degCent,10,0.738953025477707,0,30,None,66,1,5,False,10,10
23445,110,degCent,10,0.7037221337579618,0,16,None,66,1,5,False,10,10
23446,111,degCent,10,0.7056130573248408,0,16,None,66,1,5,False,10,10
23447,112,degCent,10,0.7078025477707006,0,16,None,66,1,5,False,10,10
23448,113,degCent,10,0.7101910828025477,0,16,None,66,1,5,False,10,10
23449,114,degCent,10,0.7125796178343949,0,16,None,66,1,5,False,10,10
23450,110,degCent,10,0.7290007961783439,0,7,None,66,1,5,False,10,10
23451,111,degCent,10,0.7318869426751592,0,7,None,66,1,5,False,10,10
23452,112,degCent,10,0.7344745222929936,0,7,None,66,1,5,False,10,10
23453,113,degCent,10,0.7373606687898089,0,7,None,66,1,5,False,10,10
23454,114,degCent,10,0.7388535031847133,0,7,None,66,1,5,False,10,10
23455,110,degCent,10,0.7470143312101911,0,32,None,66,1,5,False,10,10
23456,111,degCent,10,0.748109076433121,0,32,None,66,1,5,False,10,10
23457,112,degCent,10,0.7499004777070064,0,32,None,66,1,5,False,10,10
23458,113,degCent,10,0.7505971337579618,0,32,None,66,1,5,False,10,10
23459,114,degCent,10,0.7513933121019108,0,32,None,66,1,5,False,10,10
23460,110,degCent,10,0.7073049363057324,0,1,None,66,1,5,False,10,10
23461,111,degCent,10,0.709593949044586,0,1,None,66,1,5,False,10,10
23462,112,degCent,10,0.7111863057324841,0,1,None,66,1,5,False,10,10
23463,113,degCent,10,0.7139729299363057,0,1,None,66,1,5,False,10,10
23464,114,degCent,10,0.7158638535031847,0,1,None,66,1,5,False,10,10
23465,110,degCent,10,0.7339769108280255,0,2,None,66,1,5,False,10,10
23466,111,degCent,10,0.7356687898089171,0,2,None,66,1,5,False,10,10
23467,112,degCent,10,0.7371616242038217,0,2,None,66,1,5,False,10,10
23468,113,degCent,10,0.7392515923566879,0,2,None,66,1,5,False,10,10
23469,114,degCent,10,0.7414410828025477,0,2,None,66,1,5,False,10,10
23470,110,degCent,10,0.6750597133757962,0,5,None,66,1,5,False,10,10
23471,111,degCent,10,0.676453025477707,0,5,None,66,1,5,False,10,10
23472,112,degCent,10,0.6776472929936306,0,5,None,66,1,5,False,10,10
23473,113,degCent,10,0.6778463375796179,0,5,None,66,1,5,False,10,10
23474,114,degCent,10,0.6786425159235668,0,5,None,66,1,5,False,10,10
23475,110,degCent,10,0.7330812101910829,0,9,None,66,1,5,False,10,10
23476,111,degCent,10,0.7344745222929936,0,9,None,66,1,5,False,10,10
23477,112,degCent,10,0.7357683121019108,0,9,None,66,1,5,False,10,10
23478,113,degCent,10,0.7369625796178344,0,9,None,66,1,5,False,10,10
23479,114,degCent,10,0.7376592356687898,0,9,None,66,1,5,False,10,10
23480,110,degCent,10,0.7328821656050956,0,23,None,66,1,5,False,10,10
23481,111,degCent,10,0.7364649681528662,0,23,None,66,1,5,False,10,10
23482,112,degCent,10,0.7388535031847133,0,23,None,66,1,5,False,10,10
23483,113,degCent,10,0.7403463375796179,0,23,None,66,1,5,False,10,10
23484,114,degCent,10,0.7406449044585988,0,23,None,66,1,5,False,10,10
23485,110,degCent,10,0.6957603503184714,0,27,None,66,1,5,False,10,10
23486,111,degCent,10,0.7000398089171974,0,27,None,66,1,5,False,10,10
23487,112,degCent,10,0.70203025477707,0,27,None,66,1,5,False,10,10
23488,113,degCent,10,0.7040207006369427,0,27,None,66,1,5,False,10,10
23489,114,degCent,10,0.7062101910828026,0,27,None,66,1,5,False,10,10
23490,110,degCent,10,0.7044187898089171,0,28,None,66,1,5,False,10,10
23491,111,degCent,10,0.7056130573248408,0,28,None,66,1,5,False,10,10
23492,112,degCent,10,0.7066082802547771,0,28,None,66,1,5,False,10,10
23493,113,degCent,10,0.7083001592356688,0,28,None,66,1,5,False,10,10
23494,114,degCent,10,0.7093949044585988,0,28,None,66,1,5,False,10,10
23495,110,degCent,10,0.6969546178343949,0,29,None,66,1,5,False,10,10
23496,111,degCent,10,0.699343152866242,0,29,None,66,1,5,False,10,10
23497,112,degCent,10,0.7023288216560509,0,29,None,66,1,5,False,10,10
23498,113,degCent,10,0.7052149681528662,0,29,None,66,1,5,False,10,10
23499,114,degCent,10,0.7064092356687898,0,29,None,66,1,5,False,10,10
23500,110,degCent,10,0.7179538216560509,0,25,None,66,1,5,False,10,10
23501,111,degCent,10,0.7200437898089171,0,25,None,66,1,5,False,10,10
23502,112,degCent,10,0.7211385350318471,0,25,None,66,1,5,False,10,10
23503,113,degCent,10,0.7230294585987261,0,25,None,66,1,5,False,10,10
23504,114,degCent,10,0.7247213375796179,0,25,None,66,1,5,False,10,10
23505,110,degCent,10,0.6634156050955414,0,6,None,66,1,5,False,10,10
23506,111,degCent,10,0.6639132165605095,0,6,None,66,1,5,False,10,10
23507,112,degCent,10,0.6659036624203821,0,6,None,66,1,5,False,10,10
23508,113,degCent,10,0.6666998407643312,0,6,None,66,1,5,False,10,10
23509,114,degCent,10,0.6679936305732485,0,6,None,66,1,5,False,10,10
23510,110,degCent,10,0.7197452229299363,0,26,None,66,1,5,False,10,10
23511,111,degCent,10,0.7192476114649682,0,26,None,66,1,5,False,10,10
23512,112,degCent,10,0.7190485668789809,0,26,None,66,1,5,False,10,10
23513,113,degCent,10,0.7210390127388535,0,26,None,66,1,5,False,10,10
23514,114,degCent,10,0.7219347133757962,0,26,None,66,1,5,False,10,10
23515,110,degCent,10,0.7325835987261147,0,15,None,66,1,5,False,10,10
23516,111,degCent,10,0.7342754777070064,0,15,None,66,1,5,False,10,10
23517,112,degCent,10,0.7350716560509554,0,15,None,66,1,5,False,10,10
23518,113,degCent,10,0.7366640127388535,0,15,None,66,1,5,False,10,10
23519,114,degCent,10,0.738953025477707,0,15,None,66,1,5,False,10,10
23520,110,degCent,10,0.7300955414012739,0,10,None,66,1,5,False,10,10
23521,111,degCent,10,0.7321855095541401,0,10,None,66,1,5,False,10,10
23522,112,degCent,10,0.7348726114649682,0,10,None,66,1,5,False,10,10
23523,113,degCent,10,0.7365644904458599,0,10,None,66,1,5,False,10,10
23524,114,degCent,10,0.7392515923566879,0,10,None,66,1,5,False,10,10
23525,110,degCent,10,0.7372611464968153,0,11,None,66,1,5,False,10,10
23526,111,degCent,10,0.7405453821656051,0,11,None,66,1,5,False,10,10
23527,112,degCent,10,0.7418391719745223,0,11,None,66,1,5,False,10,10
23528,113,degCent,10,0.7425358280254777,0,11,None,66,1,5,False,10,10
23529,114,degCent,10,0.7436305732484076,0,11,None,66,1,5,False,10,10
23530,110,degCent,10,0.6748606687898089,0,17,None,66,1,5,False,10,10
23531,111,degCent,10,0.6744625796178344,0,17,None,66,1,5,False,10,10
23532,112,degCent,10,0.6744625796178344,0,17,None,66,1,5,False,10,10
23533,113,degCent,10,0.6752587579617835,0,17,None,66,1,5,False,10,10
23534,114,degCent,10,0.676453025477707,0,17,None,66,1,5,False,10,10
23535,110,degCent,10,0.7119824840764332,0,8,None,66,1,5,False,10,10
23536,111,degCent,10,0.7116839171974523,0,8,None,66,1,5,False,10,10
23537,112,degCent,10,0.7113853503184714,0,8,None,66,1,5,False,10,10
23538,113,degCent,10,0.7129777070063694,0,8,None,66,1,5,False,10,10
23539,114,degCent,10,0.7137738853503185,0,8,None,66,1,5,False,10,10
23540,110,degCent,10,0.7179538216560509,0,18,None,66,1,5,False,10,10
23541,111,degCent,10,0.7183519108280255,0,18,None,66,1,5,False,10,10
23542,112,degCent,10,0.7195461783439491,0,18,None,66,1,5,False,10,10
23543,113,degCent,10,0.7211385350318471,0,18,None,66,1,5,False,10,10
23544,114,degCent,10,0.724422770700637,0,18,None,66,1,5,False,10,10
23545,110,degCent,10,0.6376393312101911,0,31,None,66,1,5,False,10,10
23546,111,degCent,10,0.65734474522293,0,31,None,66,1,5,False,10,10
23547,112,degCent,10,0.6708797770700637,0,31,None,66,1,5,False,10,10
23548,113,degCent,10,0.6814291401273885,0,31,None,66,1,5,False,10,10
23549,114,degCent,10,0.690187101910828,0,31,None,66,1,5,False,10,10
23550,110,degCent,10,0.7331807324840764,0,21,None,66,1,5,False,10,10
23551,111,degCent,10,0.7345740445859873,0,21,None,66,1,5,False,10,10
23552,112,degCent,10,0.7359673566878981,0,21,None,66,1,5,False,10,10
23553,113,degCent,10,0.7372611464968153,0,21,None,66,1,5,False,10,10
23554,114,degCent,10,0.7379578025477707,0,21,None,66,1,5,False,10,10
23555,110,degCent,10,0.7048168789808917,0,19,None,66,1,5,False,10,10
23556,111,degCent,10,0.7068073248407644,0,19,None,66,1,5,False,10,10
23557,112,degCent,10,0.7112858280254777,0,19,None,66,1,5,False,10,10
23558,113,degCent,10,0.7157643312101911,0,19,None,66,1,5,False,10,10
23559,114,degCent,10,0.7197452229299363,0,19,None,66,1,5,False,10,10
23560,110,degCent,10,0.7272093949044586,0,24,None,66,1,5,False,10,10
23561,111,degCent,10,0.7309912420382165,0,24,None,66,1,5,False,10,10
23562,112,degCent,10,0.7331807324840764,0,24,None,66,1,5,False,10,10
23563,113,degCent,10,0.7355692675159236,0,24,None,66,1,5,False,10,10
23564,114,degCent,10,0.7383558917197452,0,24,None,66,1,5,False,10,10
23565,110,degCent,10,0.7254179936305732,0,4,None,66,1,5,False,10,10
23566,111,degCent,10,0.7273089171974523,0,4,None,66,1,5,False,10,10
23567,112,degCent,10,0.7280055732484076,0,4,None,66,1,5,False,10,10
23568,113,degCent,10,0.7291998407643312,0,4,None,66,1,5,False,10,10
23569,114,degCent,10,0.7301950636942676,0,4,None,66,1,5,False,10,10
23570,110,degCent,10,0.7116839171974523,0,20,None,66,1,5,False,10,10
23571,111,degCent,10,0.7126791401273885,0,20,None,66,1,5,False,10,10
23572,112,degCent,10,0.7152667197452229,0,20,None,66,1,5,False,10,10
23573,113,degCent,10,0.7173566878980892,0,20,None,66,1,5,False,10,10
23574,114,degCent,10,0.7180533439490446,0,20,None,66,1,5,False,10,10
23575,110,degCent,10,0.7285031847133758,0,3,None,66,1,5,False,10,10
23576,111,degCent,10,0.7286027070063694,0,3,None,66,1,5,False,10,10
23577,112,degCent,10,0.7300955414012739,0,3,None,66,1,5,False,10,10
23578,113,degCent,10,0.731687898089172,0,3,None,66,1,5,False,10,10
23579,114,degCent,10,0.73328025477707,0,3,None,66,1,5,False,10,10
23580,110,degCent,10,0.7278065286624203,0,12,None,66,1,5,False,10,10
23581,111,degCent,10,0.7291003184713376,0,12,None,66,1,5,False,10,10
23582,112,degCent,10,0.7315883757961783,0,12,None,66,1,5,False,10,10
23583,113,degCent,10,0.7330812101910829,0,12,None,66,1,5,False,10,10
23584,114,degCent,10,0.7347730891719745,0,12,None,66,1,5,False,10,10
23585,110,degCent,10,0.7338773885350318,0,0,None,66,1,5,False,10,10
23586,111,degCent,10,0.7349721337579618,0,0,None,66,1,5,False,10,10
23587,112,degCent,10,0.737062101910828,0,0,None,66,1,5,False,10,10
23588,113,degCent,10,0.7382563694267515,0,0,None,66,1,5,False,10,10
23589,114,degCent,10,0.7401472929936306,0,0,None,66,1,5,False,10,10
23590,110,degCent,10,0.7327826433121019,0,13,None,66,1,5,False,10,10
23591,111,degCent,10,0.7341759554140127,0,13,None,66,1,5,False,10,10
23592,112,degCent,10,0.7369625796178344,0,13,None,66,1,5,False,10,10
23593,113,degCent,10,0.7388535031847133,0,13,None,66,1,5,False,10,10
23594,114,degCent,10,0.7399482484076433,0,13,None,66,1,5,False,10,10
27390,115,degCent,10,0.7153662420382165,0,1,None,66,1,5,False,10,10
27391,116,degCent,10,0.7166600318471338,0,1,None,66,1,5,False,10,10
27392,117,degCent,10,0.7175557324840764,0,1,None,66,1,5,False,10,10
27393,118,degCent,10,0.7191480891719745,0,1,None,66,1,5,False,10,10
27394,119,degCent,10,0.7205414012738853,0,1,None,66,1,5,False,10,10
27395,115,degCent,10,0.7403463375796179,0,2,None,66,1,5,False,10,10
27396,116,degCent,10,0.7420382165605095,0,2,None,66,1,5,False,10,10
27397,117,degCent,10,0.7430334394904459,0,2,None,66,1,5,False,10,10
27398,118,degCent,10,0.7446257961783439,0,2,None,66,1,5,False,10,10
27399,119,degCent,10,0.7460191082802548,0,2,None,66,1,5,False,10,10
27400,115,degCent,10,0.681827229299363,0,5,None,66,1,5,False,10,10
27401,116,degCent,10,0.682921974522293,0,5,None,66,1,5,False,10,10
27402,117,degCent,10,0.6833200636942676,0,5,None,66,1,5,False,10,10
27403,118,degCent,10,0.6841162420382165,0,5,None,66,1,5,False,10,10
27404,119,degCent,10,0.685609076433121,0,5,None,66,1,5,False,10,10
27405,115,degCent,10,0.7373606687898089,0,13,None,66,1,5,False,10,10
27406,116,degCent,10,0.7402468152866242,0,13,None,66,1,5,False,10,10
27407,117,degCent,10,0.7419386942675159,0,13,None,66,1,5,False,10,10
27408,118,degCent,10,0.7438296178343949,0,13,None,66,1,5,False,10,10
27409,119,degCent,10,0.7456210191082803,0,13,None,66,1,5,False,10,10
27410,115,degCent,10,0.7129777070063694,0,16,None,66,1,5,False,10,10
27411,116,degCent,10,0.714968152866242,0,16,None,66,1,5,False,10,10
27412,117,degCent,10,0.716859076433121,0,16,None,66,1,5,False,10,10
27413,118,degCent,10,0.7185509554140127,0,16,None,66,1,5,False,10,10
27414,119,degCent,10,0.7208399681528662,0,16,None,66,1,5,False,10,10
27415,115,degCent,10,0.7195461783439491,0,8,None,66,1,5,False,10,10
27416,116,degCent,10,0.7192476114649682,0,8,None,66,1,5,False,10,10
27417,117,degCent,10,0.71984474522293,0,8,None,66,1,5,False,10,10
27418,118,degCent,10,0.7201433121019108,0,8,None,66,1,5,False,10,10
27419,119,degCent,10,0.721437101910828,0,8,None,66,1,5,False,10,10
27420,115,degCent,10,0.7180533439490446,0,20,None,66,1,5,False,10,10
27421,116,degCent,10,0.71984474522293,0,20,None,66,1,5,False,10,10
27422,117,degCent,10,0.7212380573248408,0,20,None,66,1,5,False,10,10
27423,118,degCent,10,0.7230294585987261,0,20,None,66,1,5,False,10,10
27424,119,degCent,10,0.7246218152866242,0,20,None,66,1,5,False,10,10
27425,115,degCent,10,0.7101910828025477,0,19,None,66,1,5,False,10,10
27426,116,degCent,10,0.7139729299363057,0,19,None,66,1,5,False,10,10
27427,117,degCent,10,0.71765525477707,0,19,None,66,1,5,False,10,10
27428,118,degCent,10,0.7217356687898089,0,19,None,66,1,5,False,10,10
27429,119,degCent,10,0.7256170382165605,0,19,None,66,1,5,False,10,10
27430,115,degCent,10,0.7241242038216561,0,14,None,66,1,5,False,10,10
27431,116,degCent,10,0.7246218152866242,0,14,None,66,1,5,False,10,10
27432,117,degCent,10,0.7266122611464968,0,14,None,66,1,5,False,10,10
27433,118,degCent,10,0.7280055732484076,0,14,None,66,1,5,False,10,10
27434,119,degCent,10,0.7291003184713376,0,14,None,66,1,5,False,10,10
27435,115,degCent,10,0.7396496815286624,0,22,None,66,1,5,False,10,10
27436,116,degCent,10,0.7410429936305732,0,22,None,66,1,5,False,10,10
27437,117,degCent,10,0.7418391719745223,0,22,None,66,1,5,False,10,10
27438,118,degCent,10,0.7438296178343949,0,22,None,66,1,5,False,10,10
27439,119,degCent,10,0.7450238853503185,0,22,None,66,1,5,False,10,10
27440,115,degCent,10,0.7386544585987261,0,23,None,66,1,5,False,10,10
27441,116,degCent,10,0.7409434713375797,0,23,None,66,1,5,False,10,10
27442,117,degCent,10,0.7431329617834395,0,23,None,66,1,5,False,10,10
27443,118,degCent,10,0.7441281847133758,0,23,None,66,1,5,False,10,10
27444,119,degCent,10,0.7452229299363057,0,23,None,66,1,5,False,10,10
27445,115,degCent,10,0.7404458598726115,0,21,None,66,1,5,False,10,10
27446,116,degCent,10,0.7403463375796179,0,21,None,66,1,5,False,10,10
27447,117,degCent,10,0.7411425159235668,0,21,None,66,1,5,False,10,10
27448,118,degCent,10,0.7423367834394905,0,21,None,66,1,5,False,10,10
27449,119,degCent,10,0.7434315286624203,0,21,None,66,1,5,False,10,10
27450,115,degCent,10,0.7234275477707006,0,25,None,66,1,5,False,10,10
27451,116,degCent,10,0.7258160828025477,0,25,None,66,1,5,False,10,10
27452,117,degCent,10,0.7284036624203821,0,25,None,66,1,5,False,10,10
27453,118,degCent,10,0.7299960191082803,0,25,None,66,1,5,False,10,10
27454,119,degCent,10,0.7314888535031847,0,25,None,66,1,5,False,10,10
27455,115,degCent,10,0.7238256369426752,0,26,None,66,1,5,False,10,10
27456,116,degCent,10,0.7253184713375797,0,26,None,66,1,5,False,10,10
27457,117,degCent,10,0.7269108280254777,0,26,None,66,1,5,False,10,10
27458,118,degCent,10,0.7270103503184714,0,26,None,66,1,5,False,10,10
27459,119,degCent,10,0.7282046178343949,0,26,None,66,1,5,False,10,10
27460,115,degCent,10,0.7335788216560509,0,12,None,66,1,5,False,10,10
27461,116,degCent,10,0.7353702229299363,0,12,None,66,1,5,False,10,10
27462,117,degCent,10,0.7367635350318471,0,12,None,66,1,5,False,10,10
27463,118,degCent,10,0.7392515923566879,0,12,None,66,1,5,False,10,10
27464,119,degCent,10,0.7403463375796179,0,12,None,66,1,5,False,10,10
27465,115,degCent,10,0.734375,0,24,None,66,1,5,False,10,10
27466,116,degCent,10,0.7369625796178344,0,24,None,66,1,5,False,10,10
27467,117,degCent,10,0.7396496815286624,0,24,None,66,1,5,False,10,10
27468,118,degCent,10,0.742734872611465,0,24,None,66,1,5,False,10,10
27469,119,degCent,10,0.745421974522293,0,24,None,66,1,5,False,10,10
27470,115,degCent,10,0.7383558917197452,0,30,None,66,1,5,False,10,10
27471,116,degCent,10,0.7401472929936306,0,30,None,66,1,5,False,10,10
27472,117,degCent,10,0.741640127388535,0,30,None,66,1,5,False,10,10
27473,118,degCent,10,0.7438296178343949,0,30,None,66,1,5,False,10,10
27474,119,degCent,10,0.7456210191082803,0,30,None,66,1,5,False,10,10
27475,115,degCent,10,0.668093152866242,0,6,None,66,1,5,False,10,10
27476,116,degCent,10,0.6688893312101911,0,6,None,66,1,5,False,10,10
27477,117,degCent,10,0.6706807324840764,0,6,None,66,1,5,False,10,10
27478,118,degCent,10,0.6721735668789809,0,6,None,66,1,5,False,10,10
27479,119,degCent,10,0.6736664012738853,0,6,None,66,1,5,False,10,10
27480,115,degCent,10,0.7241242038216561,0,18,None,66,1,5,False,10,10
27481,116,degCent,10,0.7263136942675159,0,18,None,66,1,5,False,10,10
27482,117,degCent,10,0.7274084394904459,0,18,None,66,1,5,False,10,10
27483,118,degCent,10,0.7289012738853503,0,18,None,66,1,5,False,10,10
27484,119,degCent,10,0.730593152866242,0,18,None,66,1,5,False,10,10
27485,115,degCent,10,0.7019307324840764,0,27,None,66,1,5,False,10,10
27486,116,degCent,10,0.7056130573248408,0,27,None,66,1,5,False,10,10
27487,117,degCent,10,0.7073049363057324,0,27,None,66,1,5,False,10,10
27488,118,degCent,10,0.7099920382165605,0,27,None,66,1,5,False,10,10
27489,119,degCent,10,0.7131767515923567,0,27,None,66,1,5,False,10,10
27490,115,degCent,10,0.6458001592356688,0,31,None,66,1,5,False,10,10
27491,116,degCent,10,0.6679936305732485,0,31,None,66,1,5,False,10,10
27492,117,degCent,10,0.6814291401273885,0,31,None,66,1,5,False,10,10
27493,118,degCent,10,0.6916799363057324,0,31,None,66,1,5,False,10,10
27494,119,degCent,10,0.7010350318471338,0,31,None,66,1,5,False,10,10
27495,115,degCent,10,0.7521894904458599,0,32,None,66,1,5,False,10,10
27496,116,degCent,10,0.7534832802547771,0,32,None,66,1,5,False,10,10
27497,117,degCent,10,0.7539808917197452,0,32,None,66,1,5,False,10,10
27498,118,degCent,10,0.7543789808917197,0,32,None,66,1,5,False,10,10
27499,119,degCent,10,0.7547770700636943,0,32,None,66,1,5,False,10,10
27500,115,degCent,10,0.7355692675159236,0,7,None,66,1,5,False,10,10
27501,116,degCent,10,0.7394506369426752,0,7,None,66,1,5,False,10,10
27502,117,degCent,10,0.7411425159235668,0,7,None,66,1,5,False,10,10
27503,118,degCent,10,0.7424363057324841,0,7,None,66,1,5,False,10,10
27504,119,degCent,10,0.7446257961783439,0,7,None,66,1,5,False,10,10
27505,115,degCent,10,0.7384554140127388,0,15,None,66,1,5,False,10,10
27506,116,degCent,10,0.740047770700637,0,15,None,66,1,5,False,10,10
27507,117,degCent,10,0.7417396496815286,0,15,None,66,1,5,False,10,10
27508,118,degCent,10,0.7444267515923567,0,15,None,66,1,5,False,10,10
27509,119,degCent,10,0.7460191082802548,0,15,None,66,1,5,False,10,10
27510,115,degCent,10,0.7333797770700637,0,4,None,66,1,5,False,10,10
27511,116,degCent,10,0.7336783439490446,0,4,None,66,1,5,False,10,10
27512,117,degCent,10,0.7346735668789809,0,4,None,66,1,5,False,10,10
27513,118,degCent,10,0.7360668789808917,0,4,None,66,1,5,False,10,10
27514,119,degCent,10,0.7369625796178344,0,4,None,66,1,5,False,10,10
27515,115,degCent,10,0.7446257961783439,0,11,None,66,1,5,False,10,10
27516,116,degCent,10,0.7458200636942676,0,11,None,66,1,5,False,10,10
27517,117,degCent,10,0.7476114649681529,0,11,None,66,1,5,False,10,10
27518,118,degCent,10,0.7495023885350318,0,11,None,66,1,5,False,10,10
27519,119,degCent,10,0.75109474522293,0,11,None,66,1,5,False,10,10
27520,115,degCent,10,0.7363654458598726,0,10,None,66,1,5,False,10,10
27521,116,degCent,10,0.7382563694267515,0,10,None,66,1,5,False,10,10
27522,117,degCent,10,0.7407444267515924,0,10,None,66,1,5,False,10,10
27523,118,degCent,10,0.7425358280254777,0,10,None,66,1,5,False,10,10
27524,119,degCent,10,0.7433320063694268,0,10,None,66,1,5,False,10,10
27525,115,degCent,10,0.681827229299363,0,17,None,66,1,5,False,10,10
27526,116,degCent,10,0.6811305732484076,0,17,None,66,1,5,False,10,10
27527,117,degCent,10,0.6814291401273885,0,17,None,66,1,5,False,10,10
27528,118,degCent,10,0.6823248407643312,0,17,None,66,1,5,False,10,10
27529,119,degCent,10,0.6838176751592356,0,17,None,66,1,5,False,10,10
27530,115,degCent,10,0.7142714968152867,0,28,None,66,1,5,False,10,10
27531,116,degCent,10,0.7154657643312102,0,28,None,66,1,5,False,10,10
27532,117,degCent,10,0.7163614649681529,0,28,None,66,1,5,False,10,10
27533,118,degCent,10,0.7177547770700637,0,28,None,66,1,5,False,10,10
27534,119,degCent,10,0.7184514331210191,0,28,None,66,1,5,False,10,10
27535,115,degCent,10,0.7375597133757962,0,3,None,66,1,5,False,10,10
27536,116,degCent,10,0.738156847133758,0,3,None,66,1,5,False,10,10
27537,117,degCent,10,0.7390525477707006,0,3,None,66,1,5,False,10,10
27538,118,degCent,10,0.7404458598726115,0,3,None,66,1,5,False,10,10
27539,119,degCent,10,0.7411425159235668,0,3,None,66,1,5,False,10,10
27540,115,degCent,10,0.740047770700637,0,9,None,66,1,5,False,10,10
27541,116,degCent,10,0.7411425159235668,0,9,None,66,1,5,False,10,10
27542,117,degCent,10,0.741640127388535,0,9,None,66,1,5,False,10,10
27543,118,degCent,10,0.7426353503184714,0,9,None,66,1,5,False,10,10
27544,119,degCent,10,0.7432324840764332,0,9,None,66,1,5,False,10,10
27545,115,degCent,10,0.7038216560509554,0,29,None,66,1,5,False,10,10
27546,116,degCent,10,0.7068073248407644,0,29,None,66,1,5,False,10,10
27547,117,degCent,10,0.7089968152866242,0,29,None,66,1,5,False,10,10
27548,118,degCent,10,0.7106886942675159,0,29,None,66,1,5,False,10,10
27549,119,degCent,10,0.7129777070063694,0,29,None,66,1,5,False,10,10
27550,115,degCent,10,0.7410429936305732,0,0,None,66,1,5,False,10,10
27551,116,degCent,10,0.7424363057324841,0,0,None,66,1,5,False,10,10
27552,117,degCent,10,0.7437300955414012,0,0,None,66,1,5,False,10,10
27553,118,degCent,10,0.745421974522293,0,0,None,66,1,5,False,10,10
27554,119,degCent,10,0.7465167197452229,0,0,None,66,1,5,False,10,10
27555,120,degCent,10,0.7318869426751592,0,26,None,66,1,5,False,10,10
27556,121,degCent,10,0.7321855095541401,0,26,None,66,1,5,False,10,10
27557,122,degCent,10,0.7327826433121019,0,26,None,66,1,5,False,10,10
27558,123,degCent,10,0.7334792993630573,0,26,None,66,1,5,False,10,10
27559,124,degCent,10,0.734375,0,26,None,66,1,5,False,10,10
27560,120,degCent,10,0.7234275477707006,0,1,None,66,1,5,False,10,10
27561,121,degCent,10,0.7234275477707006,0,1,None,66,1,5,False,10,10
27562,122,degCent,10,0.7254179936305732,0,1,None,66,1,5,False,10,10
27563,123,degCent,10,0.7274084394904459,0,1,None,66,1,5,False,10,10
27564,124,degCent,10,0.7291003184713376,0,1,None,66,1,5,False,10,10
27565,120,degCent,10,0.7417396496815286,0,7,None,66,1,5,False,10,10
27566,121,degCent,10,0.7451234076433121,0,7,None,66,1,5,False,10,10
27567,122,degCent,10,0.7470143312101911,0,7,None,66,1,5,False,10,10
27568,123,degCent,10,0.7487062101910829,0,7,None,66,1,5,False,10,10
27569,124,degCent,10,0.7491042993630573,0,7,None,66,1,5,False,10,10
27570,120,degCent,10,0.7495023885350318,0,11,None,66,1,5,False,10,10
27571,121,degCent,10,0.751890923566879,0,11,None,66,1,5,False,10,10
27572,122,degCent,10,0.7538813694267515,0,11,None,66,1,5,False,10,10
27573,123,degCent,10,0.753781847133758,0,11,None,66,1,5,False,10,10
27574,124,degCent,10,0.7549761146496815,0,11,None,66,1,5,False,10,10
27575,120,degCent,10,0.7431329617834395,0,15,None,66,1,5,False,10,10
27576,121,degCent,10,0.745421974522293,0,15,None,66,1,5,False,10,10
27577,122,degCent,10,0.7475119426751592,0,15,None,66,1,5,False,10,10
27578,123,degCent,10,0.7492038216560509,0,15,None,66,1,5,False,10,10
27579,124,degCent,10,0.7507961783439491,0,15,None,66,1,5,False,10,10
27580,120,degCent,10,0.690187101910828,0,17,None,66,1,5,False,10,10
27581,121,degCent,10,0.6892914012738853,0,17,None,66,1,5,False,10,10
27582,122,degCent,10,0.6899880573248408,0,17,None,66,1,5,False,10,10
27583,123,degCent,10,0.6909832802547771,0,17,None,66,1,5,False,10,10
27584,124,degCent,10,0.6913813694267515,0,17,None,66,1,5,False,10,10
27585,120,degCent,10,0.7243232484076433,0,20,None,66,1,5,False,10,10
27586,121,degCent,10,0.7257165605095541,0,20,None,66,1,5,False,10,10
27587,122,degCent,10,0.7274084394904459,0,20,None,66,1,5,False,10,10
27588,123,degCent,10,0.7284036624203821,0,20,None,66,1,5,False,10,10
27589,124,degCent,10,0.729796974522293,0,20,None,66,1,5,False,10,10
27590,120,degCent,10,0.7414410828025477,0,10,None,66,1,5,False,10,10
27591,121,degCent,10,0.7430334394904459,0,10,None,66,1,5,False,10,10
27592,122,degCent,10,0.7452229299363057,0,10,None,66,1,5,False,10,10
27593,123,degCent,10,0.746218152866242,0,10,None,66,1,5,False,10,10
27594,124,degCent,10,0.7480095541401274,0,10,None,66,1,5,False,10,10
27595,120,degCent,10,0.7465167197452229,0,22,None,66,1,5,False,10,10
27596,121,degCent,10,0.7477109872611465,0,22,None,66,1,5,False,10,10
27597,122,degCent,10,0.7492038216560509,0,22,None,66,1,5,False,10,10
27598,123,degCent,10,0.7511942675159236,0,22,None,66,1,5,False,10,10
27599,124,degCent,10,0.7530851910828026,0,22,None,66,1,5,False,10,10
27600,120,degCent,10,0.7575636942675159,0,32,None,66,1,5,False,10,10
27601,121,degCent,10,0.7581608280254777,0,32,None,66,1,5,False,10,10
27602,122,degCent,10,0.7597531847133758,0,32,None,66,1,5,False,10,10
27603,123,degCent,10,0.7600517515923567,0,32,None,66,1,5,False,10,10
27604,124,degCent,10,0.7606488853503185,0,32,None,66,1,5,False,10,10
27605,120,degCent,10,0.6904856687898089,0,5,None,66,1,5,False,10,10
27606,121,degCent,10,0.6906847133757962,0,5,None,66,1,5,False,10,10
27607,122,degCent,10,0.6911823248407644,0,5,None,66,1,5,False,10,10
27608,123,degCent,10,0.6915804140127388,0,5,None,66,1,5,False,10,10
27609,124,degCent,10,0.6927746815286624,0,5,None,66,1,5,False,10,10
27610,120,degCent,10,0.6725716560509554,0,6,None,66,1,5,False,10,10
27611,121,degCent,10,0.6744625796178344,0,6,None,66,1,5,False,10,10
27612,122,degCent,10,0.6750597133757962,0,6,None,66,1,5,False,10,10
27613,123,degCent,10,0.6765525477707006,0,6,None,66,1,5,False,10,10
27614,124,degCent,10,0.6773487261146497,0,6,None,66,1,5,False,10,10
27615,120,degCent,10,0.7207404458598726,0,16,None,66,1,5,False,10,10
27616,121,degCent,10,0.7226313694267515,0,16,None,66,1,5,False,10,10
27617,122,degCent,10,0.7242237261146497,0,16,None,66,1,5,False,10,10
27618,123,degCent,10,0.7256170382165605,0,16,None,66,1,5,False,10,10
27619,124,degCent,10,0.7270103503184714,0,16,None,66,1,5,False,10,10
27620,120,degCent,10,0.7258160828025477,0,8,None,66,1,5,False,10,10
27621,121,degCent,10,0.7270103503184714,0,8,None,66,1,5,False,10,10
27622,122,degCent,10,0.7275079617834395,0,8,None,66,1,5,False,10,10
27623,123,degCent,10,0.7284036624203821,0,8,None,66,1,5,False,10,10
27624,124,degCent,10,0.7292993630573248,0,8,None,66,1,5,False,10,10
27625,120,degCent,10,0.7320859872611465,0,18,None,66,1,5,False,10,10
27626,121,degCent,10,0.7325835987261147,0,18,None,66,1,5,False,10,10
27627,122,degCent,10,0.7345740445859873,0,18,None,66,1,5,False,10,10
27628,123,degCent,10,0.736265923566879,0,18,None,66,1,5,False,10,10
27629,124,degCent,10,0.7369625796178344,0,18,None,66,1,5,False,10,10
27630,120,degCent,10,0.7442277070063694,0,13,None,66,1,5,False,10,10
27631,121,degCent,10,0.7468152866242038,0,13,None,66,1,5,False,10,10
27632,122,degCent,10,0.7490047770700637,0,13,None,66,1,5,False,10,10
27633,123,degCent,10,0.7515923566878981,0,13,None,66,1,5,False,10,10
27634,124,degCent,10,0.752687101910828,0,13,None,66,1,5,False,10,10
27635,120,degCent,10,0.737062101910828,0,12,None,66,1,5,False,10,10
27636,121,degCent,10,0.7377587579617835,0,12,None,66,1,5,False,10,10
27637,122,degCent,10,0.7401472929936306,0,12,None,66,1,5,False,10,10
27638,123,degCent,10,0.7423367834394905,0,12,None,66,1,5,False,10,10
27639,124,degCent,10,0.7440286624203821,0,12,None,66,1,5,False,10,10
27640,120,degCent,10,0.716062898089172,0,19,None,66,1,5,False,10,10
27641,121,degCent,10,0.7193471337579618,0,19,None,66,1,5,False,10,10
27642,122,degCent,10,0.7238256369426752,0,19,None,66,1,5,False,10,10
27643,123,degCent,10,0.7283041401273885,0,19,None,66,1,5,False,10,10
27644,124,degCent,10,0.7320859872611465,0,19,None,66,1,5,False,10,10
27645,120,degCent,10,0.7459195859872612,0,21,None,66,1,5,False,10,10
27646,121,degCent,10,0.747312898089172,0,21,None,66,1,5,False,10,10
27647,122,degCent,10,0.7483081210191083,0,21,None,66,1,5,False,10,10
27648,123,degCent,10,0.7501990445859873,0,21,None,66,1,5,False,10,10
27649,124,degCent,10,0.7519904458598726,0,21,None,66,1,5,False,10,10
27650,120,degCent,10,0.7432324840764332,0,23,None,66,1,5,False,10,10
27651,121,degCent,10,0.746218152866242,0,23,None,66,1,5,False,10,10
27652,122,degCent,10,0.7475119426751592,0,23,None,66,1,5,False,10,10
27653,123,degCent,10,0.7478105095541401,0,23,None,66,1,5,False,10,10
27654,124,degCent,10,0.7480095541401274,0,23,None,66,1,5,False,10,10
27655,120,degCent,10,0.7393511146496815,0,4,None,66,1,5,False,10,10
27656,121,degCent,10,0.7406449044585988,0,4,None,66,1,5,False,10,10
27657,122,degCent,10,0.7412420382165605,0,4,None,66,1,5,False,10,10
27658,123,degCent,10,0.7417396496815286,0,4,None,66,1,5,False,10,10
27659,124,degCent,10,0.7428343949044586,0,4,None,66,1,5,False,10,10
27660,120,degCent,10,0.7228304140127388,0,28,None,66,1,5,False,10,10
27661,121,degCent,10,0.7246218152866242,0,28,None,66,1,5,False,10,10
27662,122,degCent,10,0.7250199044585988,0,28,None,66,1,5,False,10,10
27663,123,degCent,10,0.7256170382165605,0,28,None,66,1,5,False,10,10
27664,124,degCent,10,0.7280055732484076,0,28,None,66,1,5,False,10,10
27665,120,degCent,10,0.7404458598726115,0,24,None,66,1,5,False,10,10
27666,121,degCent,10,0.7441281847133758,0,24,None,66,1,5,False,10,10
27667,122,degCent,10,0.747312898089172,0,24,None,66,1,5,False,10,10
27668,123,degCent,10,0.7494028662420382,0,24,None,66,1,5,False,10,10
27669,124,degCent,10,0.7517914012738853,0,24,None,66,1,5,False,10,10
27670,120,degCent,10,0.7075039808917197,0,27,None,66,1,5,False,10,10
27671,121,degCent,10,0.7113853503184714,0,27,None,66,1,5,False,10,10
27672,122,degCent,10,0.7135748407643312,0,27,None,66,1,5,False,10,10
27673,123,degCent,10,0.7177547770700637,0,27,None,66,1,5,False,10,10
27674,124,degCent,10,0.7193471337579618,0,27,None,66,1,5,False,10,10
27675,120,degCent,10,0.7445262738853503,0,30,None,66,1,5,False,10,10
27676,121,degCent,10,0.7459195859872612,0,30,None,66,1,5,False,10,10
27677,122,degCent,10,0.7482085987261147,0,30,None,66,1,5,False,10,10
27678,123,degCent,10,0.7499004777070064,0,30,None,66,1,5,False,10,10
27679,124,degCent,10,0.7523885350318471,0,30,None,66,1,5,False,10,10
27680,120,degCent,10,0.65625,0,31,None,66,1,5,False,10,10
27681,121,degCent,10,0.6771496815286624,0,31,None,66,1,5,False,10,10
27682,122,degCent,10,0.6905851910828026,0,31,None,66,1,5,False,10,10
27683,123,degCent,10,0.7014331210191083,0,31,None,66,1,5,False,10,10
27684,124,degCent,10,0.708797770700637,0,31,None,66,1,5,False,10,10
27685,120,degCent,10,0.745421974522293,0,2,None,66,1,5,False,10,10
27686,121,degCent,10,0.7484076433121019,0,2,None,66,1,5,False,10,10
27687,122,degCent,10,0.7494028662420382,0,2,None,66,1,5,False,10,10
27688,123,degCent,10,0.7513933121019108,0,2,None,66,1,5,False,10,10
27689,124,degCent,10,0.7534832802547771,0,2,None,66,1,5,False,10,10
27690,120,degCent,10,0.7470143312101911,0,0,None,66,1,5,False,10,10
27691,121,degCent,10,0.7480095541401274,0,0,None,66,1,5,False,10,10
27692,122,degCent,10,0.74890525477707,0,0,None,66,1,5,False,10,10
27693,123,degCent,10,0.7497014331210191,0,0,None,66,1,5,False,10,10
27694,124,degCent,10,0.7506966560509554,0,0,None,66,1,5,False,10,10
27695,120,degCent,10,0.7451234076433121,0,3,None,66,1,5,False,10,10
27696,121,degCent,10,0.7453224522292994,0,3,None,66,1,5,False,10,10
27697,122,degCent,10,0.7464171974522293,0,3,None,66,1,5,False,10,10
27698,123,degCent,10,0.7470143312101911,0,3,None,66,1,5,False,10,10
27699,124,degCent,10,0.7480095541401274,0,3,None,66,1,5,False,10,10
27700,120,degCent,10,0.7465167197452229,0,9,None,66,1,5,False,10,10
27701,121,degCent,10,0.7475119426751592,0,9,None,66,1,5,False,10,10
27702,122,degCent,10,0.748109076433121,0,9,None,66,1,5,False,10,10
27703,123,degCent,10,0.7486066878980892,0,9,None,66,1,5,False,10,10
27704,124,degCent,10,0.7490047770700637,0,9,None,66,1,5,False,10,10
27705,120,degCent,10,0.7306926751592356,0,14,None,66,1,5,False,10,10
27706,121,degCent,10,0.7308917197452229,0,14,None,66,1,5,False,10,10
27707,122,degCent,10,0.7317874203821656,0,14,None,66,1,5,False,10,10
27708,123,degCent,10,0.7342754777070064,0,14,None,66,1,5,False,10,10
27709,124,degCent,10,0.7358678343949044,0,14,None,66,1,5,False,10,10
27710,120,degCent,10,0.7307921974522293,0,25,None,66,1,5,False,10,10
27711,121,degCent,10,0.7329816878980892,0,25,None,66,1,5,False,10,10
27712,122,degCent,10,0.7349721337579618,0,25,None,66,1,5,False,10,10
27713,123,degCent,10,0.7372611464968153,0,25,None,66,1,5,False,10,10
27714,124,degCent,10,0.7383558917197452,0,25,None,66,1,5,False,10,10
27715,120,degCent,10,0.7089968152866242,0,29,None,66,1,5,False,10,10
27716,121,degCent,10,0.7128781847133758,0,29,None,66,1,5,False,10,10
27717,122,degCent,10,0.7156648089171974,0,29,None,66,1,5,False,10,10
27718,123,degCent,10,0.7182523885350318,0,29,None,66,1,5,False,10,10
27719,124,degCent,10,0.720640923566879,0,29,None,66,1,5,False,10,10
31845,125,degCent,10,0.7288017515923567,0,16,None,66,1,5,False,10,10
31846,126,degCent,10,0.7302945859872612,0,16,None,66,1,5,False,10,10
31847,127,degCent,10,0.7326831210191083,0,16,None,66,1,5,False,10,10
31848,128,degCent,10,0.7339769108280255,0,16,None,66,1,5,False,10,10
31849,129,degCent,10,0.7347730891719745,0,16,None,66,1,5,False,10,10
31850,125,degCent,10,0.7298964968152867,0,20,None,66,1,5,False,10,10
31851,126,degCent,10,0.7318869426751592,0,20,None,66,1,5,False,10,10
31852,127,degCent,10,0.7329816878980892,0,20,None,66,1,5,False,10,10
31853,128,degCent,10,0.7340764331210191,0,20,None,66,1,5,False,10,10
31854,129,degCent,10,0.7364649681528662,0,20,None,66,1,5,False,10,10
31855,125,degCent,10,0.7535828025477707,0,22,None,66,1,5,False,10,10
31856,126,degCent,10,0.754578025477707,0,22,None,66,1,5,False,10,10
31857,127,degCent,10,0.7565684713375797,0,22,None,66,1,5,False,10,10
31858,128,degCent,10,0.7579617834394905,0,22,None,66,1,5,False,10,10
31859,129,degCent,10,0.7587579617834395,0,22,None,66,1,5,False,10,10
31860,125,degCent,10,0.7380573248407644,0,14,None,66,1,5,False,10,10
31861,126,degCent,10,0.7396496815286624,0,14,None,66,1,5,False,10,10
31862,127,degCent,10,0.740047770700637,0,14,None,66,1,5,False,10,10
31863,128,degCent,10,0.7415406050955414,0,14,None,66,1,5,False,10,10
31864,129,degCent,10,0.7424363057324841,0,14,None,66,1,5,False,10,10
31865,125,degCent,10,0.6986464968152867,0,17,None,66,1,5,False,10,10
31866,126,degCent,10,0.6979498407643312,0,17,None,66,1,5,False,10,10
31867,127,degCent,10,0.6982484076433121,0,17,None,66,1,5,False,10,10
31868,128,degCent,10,0.700437898089172,0,17,None,66,1,5,False,10,10
31869,129,degCent,10,0.70203025477707,0,17,None,66,1,5,False,10,10
31870,125,degCent,10,0.7361664012738853,0,25,None,66,1,5,False,10,10
31871,126,degCent,10,0.7397492038216561,0,25,None,66,1,5,False,10,10
31872,127,degCent,10,0.7412420382165605,0,25,None,66,1,5,False,10,10
31873,128,degCent,10,0.7418391719745223,0,25,None,66,1,5,False,10,10
31874,129,degCent,10,0.7429339171974523,0,25,None,66,1,5,False,10,10
31875,125,degCent,10,0.7358678343949044,0,26,None,66,1,5,False,10,10
31876,126,degCent,10,0.7372611464968153,0,26,None,66,1,5,False,10,10
31877,127,degCent,10,0.7378582802547771,0,26,None,66,1,5,False,10,10
31878,128,degCent,10,0.7385549363057324,0,26,None,66,1,5,False,10,10
31879,129,degCent,10,0.7380573248407644,0,26,None,66,1,5,False,10,10
31880,125,degCent,10,0.7405453821656051,0,12,None,66,1,5,False,10,10
31881,126,degCent,10,0.7424363057324841,0,12,None,66,1,5,False,10,10
31882,127,degCent,10,0.7456210191082803,0,12,None,66,1,5,False,10,10
31883,128,degCent,10,0.7464171974522293,0,12,None,66,1,5,False,10,10
31884,129,degCent,10,0.7470143312101911,0,12,None,66,1,5,False,10,10
31885,125,degCent,10,0.7451234076433121,0,24,None,66,1,5,False,10,10
31886,126,degCent,10,0.7478105095541401,0,24,None,66,1,5,False,10,10
31887,127,degCent,10,0.7521894904458599,0,24,None,66,1,5,False,10,10
31888,128,degCent,10,0.7542794585987261,0,24,None,66,1,5,False,10,10
31889,129,degCent,10,0.7566679936305732,0,24,None,66,1,5,False,10,10
31890,125,degCent,10,0.7506966560509554,0,30,None,66,1,5,False,10,10
31891,126,degCent,10,0.7527866242038217,0,30,None,66,1,5,False,10,10
31892,127,degCent,10,0.7546775477707006,0,30,None,66,1,5,False,10,10
31893,128,degCent,10,0.7558718152866242,0,30,None,66,1,5,False,10,10
31894,129,degCent,10,0.7573646496815286,0,30,None,66,1,5,False,10,10
31895,125,degCent,10,0.6784434713375797,0,6,None,66,1,5,False,10,10
31896,126,degCent,10,0.6795382165605095,0,6,None,66,1,5,False,10,10
31897,127,degCent,10,0.6804339171974523,0,6,None,66,1,5,False,10,10
31898,128,degCent,10,0.6815286624203821,0,6,None,66,1,5,False,10,10
31899,129,degCent,10,0.6834195859872612,0,6,None,66,1,5,False,10,10
31900,125,degCent,10,0.6666003184713376,0,31,None,66,1,5,False,10,10
31901,126,degCent,10,0.6866042993630573,0,31,None,66,1,5,False,10,10
31902,127,degCent,10,0.7002388535031847,0,31,None,66,1,5,False,10,10
31903,128,degCent,10,0.7092953821656051,0,31,None,66,1,5,False,10,10
31904,129,degCent,10,0.7159633757961783,0,31,None,66,1,5,False,10,10
31905,125,degCent,10,0.7624402866242038,0,32,None,66,1,5,False,10,10
31906,126,degCent,10,0.7630374203821656,0,32,None,66,1,5,False,10,10
31907,127,degCent,10,0.763734076433121,0,32,None,66,1,5,False,10,10
31908,128,degCent,10,0.7646297770700637,0,32,None,66,1,5,False,10,10
31909,129,degCent,10,0.7654259554140127,0,32,None,66,1,5,False,10,10
31910,125,degCent,10,0.7493033439490446,0,7,None,66,1,5,False,10,10
31911,126,degCent,10,0.7505971337579618,0,7,None,66,1,5,False,10,10
31912,127,degCent,10,0.7512937898089171,0,7,None,66,1,5,False,10,10
31913,128,degCent,10,0.7532842356687898,0,7,None,66,1,5,False,10,10
31914,129,degCent,10,0.7529856687898089,0,7,None,66,1,5,False,10,10
31915,125,degCent,10,0.7298964968152867,0,1,None,66,1,5,False,10,10
31916,126,degCent,10,0.7313893312101911,0,1,None,66,1,5,False,10,10
31917,127,degCent,10,0.7323845541401274,0,1,None,66,1,5,False,10,10
31918,128,degCent,10,0.7338773885350318,0,1,None,66,1,5,False,10,10
31919,129,degCent,10,0.7353702229299363,0,1,None,66,1,5,False,10,10
31920,125,degCent,10,0.7509952229299363,0,2,None,66,1,5,False,10,10
31921,126,degCent,10,0.7530851910828026,0,2,None,66,1,5,False,10,10
31922,127,degCent,10,0.7546775477707006,0,2,None,66,1,5,False,10,10
31923,128,degCent,10,0.7566679936305732,0,2,None,66,1,5,False,10,10
31924,129,degCent,10,0.7586584394904459,0,2,None,66,1,5,False,10,10
31925,125,degCent,10,0.7509952229299363,0,13,None,66,1,5,False,10,10
31926,126,degCent,10,0.7528861464968153,0,13,None,66,1,5,False,10,10
31927,127,degCent,10,0.7542794585987261,0,13,None,66,1,5,False,10,10
31928,128,degCent,10,0.7561703821656051,0,13,None,66,1,5,False,10,10
31929,129,degCent,10,0.7568670382165605,0,13,None,66,1,5,False,10,10
31930,125,degCent,10,0.6973527070063694,0,5,None,66,1,5,False,10,10
31931,126,degCent,10,0.6978503184713376,0,5,None,66,1,5,False,10,10
31932,127,degCent,10,0.6978503184713376,0,5,None,66,1,5,False,10,10
31933,128,degCent,10,0.6992436305732485,0,5,None,66,1,5,False,10,10
31934,129,degCent,10,0.7007364649681529,0,5,None,66,1,5,False,10,10
31935,125,degCent,10,0.7470143312101911,0,23,None,66,1,5,False,10,10
31936,126,degCent,10,0.7486066878980892,0,23,None,66,1,5,False,10,10
31937,127,degCent,10,0.7505971337579618,0,23,None,66,1,5,False,10,10
31938,128,degCent,10,0.7519904458598726,0,23,None,66,1,5,False,10,10
31939,129,degCent,10,0.7531847133757962,0,23,None,66,1,5,False,10,10
31940,125,degCent,10,0.7118829617834395,0,27,None,66,1,5,False,10,10
31941,126,degCent,10,0.7162619426751592,0,27,None,66,1,5,False,10,10
31942,127,degCent,10,0.7200437898089171,0,27,None,66,1,5,False,10,10
31943,128,degCent,10,0.7229299363057324,0,27,None,66,1,5,False,10,10
31944,129,degCent,10,0.7258160828025477,0,27,None,66,1,5,False,10,10
31945,125,degCent,10,0.731687898089172,0,28,None,66,1,5,False,10,10
31946,126,degCent,10,0.7331807324840764,0,28,None,66,1,5,False,10,10
31947,127,degCent,10,0.7346735668789809,0,28,None,66,1,5,False,10,10
31948,128,degCent,10,0.7359673566878981,0,28,None,66,1,5,False,10,10
31949,129,degCent,10,0.7376592356687898,0,28,None,66,1,5,False,10,10
31950,125,degCent,10,0.7447253184713376,0,4,None,66,1,5,False,10,10
31951,126,degCent,10,0.7458200636942676,0,4,None,66,1,5,False,10,10
31952,127,degCent,10,0.7464171974522293,0,4,None,66,1,5,False,10,10
31953,128,degCent,10,0.7474124203821656,0,4,None,66,1,5,False,10,10
31954,129,degCent,10,0.7483081210191083,0,4,None,66,1,5,False,10,10
31955,125,degCent,10,0.7515923566878981,0,3,None,66,1,5,False,10,10
31956,126,degCent,10,0.7508957006369427,0,3,None,66,1,5,False,10,10
31957,127,degCent,10,0.7523885350318471,0,3,None,66,1,5,False,10,10
31958,128,degCent,10,0.7525875796178344,0,3,None,66,1,5,False,10,10
31959,129,degCent,10,0.7528861464968153,0,3,None,66,1,5,False,10,10
31960,125,degCent,10,0.7441281847133758,0,10,None,66,1,5,False,10,10
31961,126,degCent,10,0.7475119426751592,0,10,None,66,1,5,False,10,10
31962,127,degCent,10,0.7490047770700637,0,10,None,66,1,5,False,10,10
31963,128,degCent,10,0.7499004777070064,0,10,None,66,1,5,False,10,10
31964,129,degCent,10,0.751890923566879,0,10,None,66,1,5,False,10,10
31965,125,degCent,10,0.7547770700636943,0,11,None,66,1,5,False,10,10
31966,126,degCent,10,0.7557722929936306,0,11,None,66,1,5,False,10,10
31967,127,degCent,10,0.7569665605095541,0,11,None,66,1,5,False,10,10
31968,128,degCent,10,0.7575636942675159,0,11,None,66,1,5,False,10,10
31969,129,degCent,10,0.7589570063694268,0,11,None,66,1,5,False,10,10
31970,125,degCent,10,0.747312898089172,0,15,None,66,1,5,False,10,10
31971,126,degCent,10,0.7496019108280255,0,15,None,66,1,5,False,10,10
31972,127,degCent,10,0.7516918789808917,0,15,None,66,1,5,False,10,10
31973,128,degCent,10,0.7530851910828026,0,15,None,66,1,5,False,10,10
31974,129,degCent,10,0.7540804140127388,0,15,None,66,1,5,False,10,10
31975,125,degCent,10,0.7395501592356688,0,18,None,66,1,5,False,10,10
31976,126,degCent,10,0.7404458598726115,0,18,None,66,1,5,False,10,10
31977,127,degCent,10,0.7425358280254777,0,18,None,66,1,5,False,10,10
31978,128,degCent,10,0.743531050955414,0,18,None,66,1,5,False,10,10
31979,129,degCent,10,0.7455214968152867,0,18,None,66,1,5,False,10,10
31980,125,degCent,10,0.7327826433121019,0,8,None,66,1,5,False,10,10
31981,126,degCent,10,0.73328025477707,0,8,None,66,1,5,False,10,10
31982,127,degCent,10,0.7347730891719745,0,8,None,66,1,5,False,10,10
31983,128,degCent,10,0.7344745222929936,0,8,None,66,1,5,False,10,10
31984,129,degCent,10,0.7344745222929936,0,8,None,66,1,5,False,10,10
31985,125,degCent,10,0.7216361464968153,0,19,None,66,1,5,False,10,10
31986,126,degCent,10,0.724422770700637,0,19,None,66,1,5,False,10,10
31987,127,degCent,10,0.7288017515923567,0,19,None,66,1,5,False,10,10
31988,128,degCent,10,0.7319864649681529,0,19,None,66,1,5,False,10,10
31989,129,degCent,10,0.736265923566879,0,19,None,66,1,5,False,10,10
31990,125,degCent,10,0.7520899681528662,0,21,None,66,1,5,False,10,10
31991,126,degCent,10,0.7543789808917197,0,21,None,66,1,5,False,10,10
31992,127,degCent,10,0.756468949044586,0,21,None,66,1,5,False,10,10
31993,128,degCent,10,0.7570660828025477,0,21,None,66,1,5,False,10,10
31994,129,degCent,10,0.7577627388535032,0,21,None,66,1,5,False,10,10
31995,125,degCent,10,0.7512937898089171,0,9,None,66,1,5,False,10,10
31996,126,degCent,10,0.7516918789808917,0,9,None,66,1,5,False,10,10
31997,127,degCent,10,0.7521894904458599,0,9,None,66,1,5,False,10,10
31998,128,degCent,10,0.752687101910828,0,9,None,66,1,5,False,10,10
31999,129,degCent,10,0.7541799363057324,0,9,None,66,1,5,False,10,10
32000,125,degCent,10,0.7201433121019108,0,29,None,66,1,5,False,10,10
32001,126,degCent,10,0.7220342356687898,0,29,None,66,1,5,False,10,10
32002,127,degCent,10,0.7243232484076433,0,29,None,66,1,5,False,10,10
32003,128,degCent,10,0.7257165605095541,0,29,None,66,1,5,False,10,10
32004,129,degCent,10,0.7278065286624203,0,29,None,66,1,5,False,10,10
32005,125,degCent,10,0.7511942675159236,0,0,None,66,1,5,False,10,10
32006,126,degCent,10,0.7523885350318471,0,0,None,66,1,5,False,10,10
32007,127,degCent,10,0.7533837579617835,0,0,None,66,1,5,False,10,10
32008,128,degCent,10,0.754578025477707,0,0,None,66,1,5,False,10,10
32009,129,degCent,10,0.7568670382165605,0,0,None,66,1,5,False,10,10
32010,130,degCent,10,0.7670183121019108,0,32,None,66,1,5,False,10,10
32011,131,degCent,10,0.7671178343949044,0,32,None,66,1,5,False,10,10
32012,132,degCent,10,0.7678144904458599,0,32,None,66,1,5,False,10,10
32013,133,degCent,10,0.7684116242038217,0,32,None,66,1,5,False,10,10
32014,134,degCent,10,0.7686106687898089,0,32,None,66,1,5,False,10,10
32015,130,degCent,10,0.7347730891719745,0,16,None,66,1,5,False,10,10
32016,131,degCent,10,0.7371616242038217,0,16,None,66,1,5,False,10,10
32017,132,degCent,10,0.7384554140127388,0,16,None,66,1,5,False,10,10
32018,133,degCent,10,0.740047770700637,0,16,None,66,1,5,False,10,10
32019,134,degCent,10,0.7409434713375797,0,16,None,66,1,5,False,10,10
32020,130,degCent,10,0.738156847133758,0,8,None,66,1,5,False,10,10
32021,131,degCent,10,0.7378582802547771,0,8,None,66,1,5,False,10,10
32022,132,degCent,10,0.7397492038216561,0,8,None,66,1,5,False,10,10
32023,133,degCent,10,0.7406449044585988,0,8,None,66,1,5,False,10,10
32024,134,degCent,10,0.7411425159235668,0,8,None,66,1,5,False,10,10
32025,130,degCent,10,0.7261146496815286,0,19,None,66,1,5,False,10,10
32026,131,degCent,10,0.7286027070063694,0,19,None,66,1,5,False,10,10
32027,132,degCent,10,0.7330812101910829,0,19,None,66,1,5,False,10,10
32028,133,degCent,10,0.7373606687898089,0,19,None,66,1,5,False,10,10
32029,134,degCent,10,0.7421377388535032,0,19,None,66,1,5,False,10,10
32030,130,degCent,10,0.7576632165605095,0,21,None,66,1,5,False,10,10
32031,131,degCent,10,0.759156050955414,0,21,None,66,1,5,False,10,10
32032,132,degCent,10,0.7596536624203821,0,21,None,66,1,5,False,10,10
32033,133,degCent,10,0.7612460191082803,0,21,None,66,1,5,False,10,10
32034,134,degCent,10,0.7623407643312102,0,21,None,66,1,5,False,10,10
32035,130,degCent,10,0.7544785031847133,0,7,None,66,1,5,False,10,10
32036,131,degCent,10,0.7548765923566879,0,7,None,66,1,5,False,10,10
32037,132,degCent,10,0.7551751592356688,0,7,None,66,1,5,False,10,10
32038,133,degCent,10,0.7553742038216561,0,7,None,66,1,5,False,10,10
32039,134,degCent,10,0.7557722929936306,0,7,None,66,1,5,False,10,10
32040,130,degCent,10,0.745421974522293,0,18,None,66,1,5,False,10,10
32041,131,degCent,10,0.7464171974522293,0,18,None,66,1,5,False,10,10
32042,132,degCent,10,0.7474124203821656,0,18,None,66,1,5,False,10,10
32043,133,degCent,10,0.7495023885350318,0,18,None,66,1,5,False,10,10
32044,134,degCent,10,0.75,0,18,None,66,1,5,False,10,10
32045,130,degCent,10,0.7372611464968153,0,20,None,66,1,5,False,10,10
32046,131,degCent,10,0.7379578025477707,0,20,None,66,1,5,False,10,10
32047,132,degCent,10,0.7396496815286624,0,20,None,66,1,5,False,10,10
32048,133,degCent,10,0.7404458598726115,0,20,None,66,1,5,False,10,10
32049,134,degCent,10,0.7423367834394905,0,20,None,66,1,5,False,10,10
32050,130,degCent,10,0.7616441082802548,0,22,None,66,1,5,False,10,10
32051,131,degCent,10,0.7625398089171974,0,22,None,66,1,5,False,10,10
32052,132,degCent,10,0.7646297770700637,0,22,None,66,1,5,False,10,10
32053,133,degCent,10,0.7657245222929936,0,22,None,66,1,5,False,10,10
32054,134,degCent,10,0.7665207006369427,0,22,None,66,1,5,False,10,10
32055,130,degCent,10,0.744327229299363,0,14,None,66,1,5,False,10,10
32056,131,degCent,10,0.7452229299363057,0,14,None,66,1,5,False,10,10
32057,132,degCent,10,0.7456210191082803,0,14,None,66,1,5,False,10,10
32058,133,degCent,10,0.7466162420382165,0,14,None,66,1,5,False,10,10
32059,134,degCent,10,0.7483081210191083,0,14,None,66,1,5,False,10,10
32060,130,degCent,10,0.7411425159235668,0,25,None,66,1,5,False,10,10
32061,131,degCent,10,0.7438296178343949,0,25,None,66,1,5,False,10,10
32062,132,degCent,10,0.7446257961783439,0,25,None,66,1,5,False,10,10
32063,133,degCent,10,0.7459195859872612,0,25,None,66,1,5,False,10,10
32064,134,degCent,10,0.7466162420382165,0,25,None,66,1,5,False,10,10
32065,130,degCent,10,0.7374601910828026,0,1,None,66,1,5,False,10,10
32066,131,degCent,10,0.7385549363057324,0,1,None,66,1,5,False,10,10
32067,132,degCent,10,0.740047770700637,0,1,None,66,1,5,False,10,10
32068,133,degCent,10,0.7418391719745223,0,1,None,66,1,5,False,10,10
32069,134,degCent,10,0.7430334394904459,0,1,None,66,1,5,False,10,10
32070,130,degCent,10,0.722531847133758,0,29,None,66,1,5,False,10,10
32071,131,degCent,10,0.7247213375796179,0,29,None,66,1,5,False,10,10
32072,132,degCent,10,0.7281050955414012,0,29,None,66,1,5,False,10,10
32073,133,degCent,10,0.7301950636942676,0,29,None,66,1,5,False,10,10
32074,134,degCent,10,0.7322850318471338,0,29,None,66,1,5,False,10,10
32075,130,degCent,10,0.7570660828025477,0,9,None,66,1,5,False,10,10
32076,131,degCent,10,0.7568670382165605,0,9,None,66,1,5,False,10,10
32077,132,degCent,10,0.7575636942675159,0,9,None,66,1,5,False,10,10
32078,133,degCent,10,0.7580613057324841,0,9,None,66,1,5,False,10,10
32079,134,degCent,10,0.7578622611464968,0,9,None,66,1,5,False,10,10
32080,130,degCent,10,0.7548765923566879,0,2,None,66,1,5,False,10,10
32081,131,degCent,10,0.7570660828025477,0,2,None,66,1,5,False,10,10
32082,132,degCent,10,0.7596536624203821,0,2,None,66,1,5,False,10,10
32083,133,degCent,10,0.761843152866242,0,2,None,66,1,5,False,10,10
32084,134,degCent,10,0.7631369426751592,0,2,None,66,1,5,False,10,10
32085,130,degCent,10,0.7041202229299363,0,5,None,66,1,5,False,10,10
32086,131,degCent,10,0.7045183121019108,0,5,None,66,1,5,False,10,10
32087,132,degCent,10,0.7054140127388535,0,5,None,66,1,5,False,10,10
32088,133,degCent,10,0.705812101910828,0,5,None,66,1,5,False,10,10
32089,134,degCent,10,0.7074044585987261,0,5,None,66,1,5,False,10,10
32090,130,degCent,10,0.7582603503184714,0,30,None,66,1,5,False,10,10
32091,131,degCent,10,0.7578622611464968,0,30,None,66,1,5,False,10,10
32092,132,degCent,10,0.7586584394904459,0,30,None,66,1,5,False,10,10
32093,133,degCent,10,0.7590565286624203,0,30,None,66,1,5,False,10,10
32094,134,degCent,10,0.7602507961783439,0,30,None,66,1,5,False,10,10
32095,130,degCent,10,0.7183519108280255,0,27,None,66,1,5,False,10,10
32096,131,degCent,10,0.723328025477707,0,27,None,66,1,5,False,10,10
32097,132,degCent,10,0.726015127388535,0,27,None,66,1,5,False,10,10
32098,133,degCent,10,0.7283041401273885,0,27,None,66,1,5,False,10,10
32099,134,degCent,10,0.7314888535031847,0,27,None,66,1,5,False,10,10
32100,130,degCent,10,0.677547770700637,0,31,None,66,1,5,False,10,10
32101,131,degCent,10,0.6953622611464968,0,31,None,66,1,5,False,10,10
32102,132,degCent,10,0.7053144904458599,0,31,None,66,1,5,False,10,10
32103,133,degCent,10,0.7137738853503185,0,31,None,66,1,5,False,10,10
32104,134,degCent,10,0.7195461783439491,0,31,None,66,1,5,False,10,10
32105,130,degCent,10,0.7395501592356688,0,28,None,66,1,5,False,10,10
32106,131,degCent,10,0.7407444267515924,0,28,None,66,1,5,False,10,10
32107,132,degCent,10,0.741640127388535,0,28,None,66,1,5,False,10,10
32108,133,degCent,10,0.7429339171974523,0,28,None,66,1,5,False,10,10
32109,134,degCent,10,0.7439291401273885,0,28,None,66,1,5,False,10,10
32110,130,degCent,10,0.7406449044585988,0,26,None,66,1,5,False,10,10
32111,131,degCent,10,0.741640127388535,0,26,None,66,1,5,False,10,10
32112,132,degCent,10,0.7409434713375797,0,26,None,66,1,5,False,10,10
32113,133,degCent,10,0.7412420382165605,0,26,None,66,1,5,False,10,10
32114,134,degCent,10,0.7419386942675159,0,26,None,66,1,5,False,10,10
32115,130,degCent,10,0.6830214968152867,0,6,None,66,1,5,False,10,10
32116,131,degCent,10,0.6846138535031847,0,6,None,66,1,5,False,10,10
32117,132,degCent,10,0.6865047770700637,0,6,None,66,1,5,False,10,10
32118,133,degCent,10,0.6874004777070064,0,6,None,66,1,5,False,10,10
32119,134,degCent,10,0.6890923566878981,0,6,None,66,1,5,False,10,10
32120,130,degCent,10,0.7534832802547771,0,15,None,66,1,5,False,10,10
32121,131,degCent,10,0.7549761146496815,0,15,None,66,1,5,False,10,10
32122,132,degCent,10,0.7562699044585988,0,15,None,66,1,5,False,10,10
32123,133,degCent,10,0.7571656050955414,0,15,None,66,1,5,False,10,10
32124,134,degCent,10,0.7581608280254777,0,15,None,66,1,5,False,10,10
32125,130,degCent,10,0.7495023885350318,0,10,None,66,1,5,False,10,10
32126,131,degCent,10,0.7513933121019108,0,10,None,66,1,5,False,10,10
32127,132,degCent,10,0.752687101910828,0,10,None,66,1,5,False,10,10
32128,133,degCent,10,0.7540804140127388,0,10,None,66,1,5,False,10,10
32129,134,degCent,10,0.755672770700637,0,10,None,66,1,5,False,10,10
32130,130,degCent,10,0.7597531847133758,0,11,None,66,1,5,False,10,10
32131,131,degCent,10,0.7620421974522293,0,11,None,66,1,5,False,10,10
32132,132,degCent,10,0.7624402866242038,0,11,None,66,1,5,False,10,10
32133,133,degCent,10,0.7641321656050956,0,11,None,66,1,5,False,10,10
32134,134,degCent,10,0.7644307324840764,0,11,None,66,1,5,False,10,10
32135,130,degCent,10,0.7076035031847133,0,17,None,66,1,5,False,10,10
32136,131,degCent,10,0.7070063694267515,0,17,None,66,1,5,False,10,10
32137,132,degCent,10,0.7081011146496815,0,17,None,66,1,5,False,10,10
32138,133,degCent,10,0.7094944267515924,0,17,None,66,1,5,False,10,10
32139,134,degCent,10,0.7104896496815286,0,17,None,66,1,5,False,10,10
32140,130,degCent,10,0.7502985668789809,0,24,None,66,1,5,False,10,10
32141,131,degCent,10,0.7520899681528662,0,24,None,66,1,5,False,10,10
32142,132,degCent,10,0.7549761146496815,0,24,None,66,1,5,False,10,10
32143,133,degCent,10,0.7569665605095541,0,24,None,66,1,5,False,10,10
32144,134,degCent,10,0.7603503184713376,0,24,None,66,1,5,False,10,10
32145,130,degCent,10,0.7594546178343949,0,3,None,66,1,5,False,10,10
32146,131,degCent,10,0.7576632165605095,0,3,None,66,1,5,False,10,10
32147,132,degCent,10,0.7586584394904459,0,3,None,66,1,5,False,10,10
32148,133,degCent,10,0.7586584394904459,0,3,None,66,1,5,False,10,10
32149,134,degCent,10,0.7596536624203821,0,3,None,66,1,5,False,10,10
32150,130,degCent,10,0.7559713375796179,0,13,None,66,1,5,False,10,10
32151,131,degCent,10,0.7571656050955414,0,13,None,66,1,5,False,10,10
32152,132,degCent,10,0.7579617834394905,0,13,None,66,1,5,False,10,10
32153,133,degCent,10,0.7595541401273885,0,13,None,66,1,5,False,10,10
32154,134,degCent,10,0.7615445859872612,0,13,None,66,1,5,False,10,10
32155,130,degCent,10,0.7439291401273885,0,12,None,66,1,5,False,10,10
32156,131,degCent,10,0.7467157643312102,0,12,None,66,1,5,False,10,10
32157,132,degCent,10,0.7488057324840764,0,12,None,66,1,5,False,10,10
32158,133,degCent,10,0.7494028662420382,0,12,None,66,1,5,False,10,10
32159,134,degCent,10,0.7498009554140127,0,12,None,66,1,5,False,10,10
32160,130,degCent,10,0.7492038216560509,0,4,None,66,1,5,False,10,10
32161,131,degCent,10,0.7515923566878981,0,4,None,66,1,5,False,10,10
32162,132,degCent,10,0.7531847133757962,0,4,None,66,1,5,False,10,10
32163,133,degCent,10,0.7543789808917197,0,4,None,66,1,5,False,10,10
32164,134,degCent,10,0.7549761146496815,0,4,None,66,1,5,False,10,10
32165,130,degCent,10,0.7509952229299363,0,23,None,66,1,5,False,10,10
32166,131,degCent,10,0.7517914012738853,0,23,None,66,1,5,False,10,10
32167,132,degCent,10,0.7546775477707006,0,23,None,66,1,5,False,10,10
32168,133,degCent,10,0.7566679936305732,0,23,None,66,1,5,False,10,10
32169,134,degCent,10,0.757265127388535,0,23,None,66,1,5,False,10,10
32170,130,degCent,10,0.7579617834394905,0,0,None,66,1,5,False,10,10
32171,131,degCent,10,0.7590565286624203,0,0,None,66,1,5,False,10,10
32172,132,degCent,10,0.7607484076433121,0,0,None,66,1,5,False,10,10
32173,133,degCent,10,0.7630374203821656,0,0,None,66,1,5,False,10,10
32174,134,degCent,10,0.7644307324840764,0,0,None,66,1,5,False,10,10
36630,135,degCent,10,0.7108877388535032,0,5,None,66,1,5,False,10,10
36631,136,degCent,10,0.7117834394904459,0,5,None,66,1,5,False,10,10
36632,137,degCent,10,0.7117834394904459,0,5,None,66,1,5,False,10,10
36633,138,degCent,10,0.7123805732484076,0,5,None,66,1,5,False,10,10
36634,139,degCent,10,0.7142714968152867,0,5,None,66,1,5,False,10,10
36635,135,degCent,10,0.7621417197452229,0,13,None,66,1,5,False,10,10
36636,136,degCent,10,0.7628383757961783,0,13,None,66,1,5,False,10,10
36637,137,degCent,10,0.762937898089172,0,13,None,66,1,5,False,10,10
36638,138,degCent,10,0.76453025477707,0,13,None,66,1,5,False,10,10
36639,139,degCent,10,0.7651273885350318,0,13,None,66,1,5,False,10,10
36640,135,degCent,10,0.752687101910828,0,10,None,66,1,5,False,10,10
36641,136,degCent,10,0.7542794585987261,0,10,None,66,1,5,False,10,10
36642,137,degCent,10,0.7562699044585988,0,10,None,66,1,5,False,10,10
36643,138,degCent,10,0.7577627388535032,0,10,None,66,1,5,False,10,10
36644,139,degCent,10,0.7584593949044586,0,10,None,66,1,5,False,10,10
36645,135,degCent,10,0.7553742038216561,0,15,None,66,1,5,False,10,10
36646,136,degCent,10,0.7577627388535032,0,15,None,66,1,5,False,10,10
36647,137,degCent,10,0.7587579617834395,0,15,None,66,1,5,False,10,10
36648,138,degCent,10,0.7604498407643312,0,15,None,66,1,5,False,10,10
36649,139,degCent,10,0.7611464968152867,0,15,None,66,1,5,False,10,10
36650,135,degCent,10,0.7414410828025477,0,16,None,66,1,5,False,10,10
36651,136,degCent,10,0.7424363057324841,0,16,None,66,1,5,False,10,10
36652,137,degCent,10,0.7439291401273885,0,16,None,66,1,5,False,10,10
36653,138,degCent,10,0.7452229299363057,0,16,None,66,1,5,False,10,10
36654,139,degCent,10,0.7464171974522293,0,16,None,66,1,5,False,10,10
36655,135,degCent,10,0.742734872611465,0,8,None,66,1,5,False,10,10
36656,136,degCent,10,0.743531050955414,0,8,None,66,1,5,False,10,10
36657,137,degCent,10,0.7448248407643312,0,8,None,66,1,5,False,10,10
36658,138,degCent,10,0.7458200636942676,0,8,None,66,1,5,False,10,10
36659,139,degCent,10,0.7472133757961783,0,8,None,66,1,5,False,10,10
36660,135,degCent,10,0.7433320063694268,0,20,None,66,1,5,False,10,10
36661,136,degCent,10,0.7440286624203821,0,20,None,66,1,5,False,10,10
36662,137,degCent,10,0.7455214968152867,0,20,None,66,1,5,False,10,10
36663,138,degCent,10,0.746218152866242,0,20,None,66,1,5,False,10,10
36664,139,degCent,10,0.7467157643312102,0,20,None,66,1,5,False,10,10
36665,135,degCent,10,0.7286027070063694,0,19,None,66,1,5,False,10,10
36666,136,degCent,10,0.7344745222929936,0,19,None,66,1,5,False,10,10
36667,137,degCent,10,0.7380573248407644,0,19,None,66,1,5,False,10,10
36668,138,degCent,10,0.7441281847133758,0,19,None,66,1,5,False,10,10
36669,139,degCent,10,0.7474124203821656,0,19,None,66,1,5,False,10,10
36670,135,degCent,10,0.767515923566879,0,22,None,66,1,5,False,10,10
36671,136,degCent,10,0.769406847133758,0,22,None,66,1,5,False,10,10
36672,137,degCent,10,0.7693073248407644,0,22,None,66,1,5,False,10,10
36673,138,degCent,10,0.7707006369426752,0,22,None,66,1,5,False,10,10
36674,139,degCent,10,0.7714968152866242,0,22,None,66,1,5,False,10,10
36675,135,degCent,10,0.7548765923566879,0,23,None,66,1,5,False,10,10
36676,136,degCent,10,0.7571656050955414,0,23,None,66,1,5,False,10,10
36677,137,degCent,10,0.758359872611465,0,23,None,66,1,5,False,10,10
36678,138,degCent,10,0.7600517515923567,0,23,None,66,1,5,False,10,10
36679,139,degCent,10,0.7605493630573248,0,23,None,66,1,5,False,10,10
36680,135,degCent,10,0.7620421974522293,0,21,None,66,1,5,False,10,10
36681,136,degCent,10,0.7633359872611465,0,21,None,66,1,5,False,10,10
36682,137,degCent,10,0.7644307324840764,0,21,None,66,1,5,False,10,10
36683,138,degCent,10,0.7658240445859873,0,21,None,66,1,5,False,10,10
36684,139,degCent,10,0.76671974522293,0,21,None,66,1,5,False,10,10
36685,135,degCent,10,0.7451234076433121,0,26,None,66,1,5,False,10,10
36686,136,degCent,10,0.7447253184713376,0,26,None,66,1,5,False,10,10
36687,137,degCent,10,0.7450238853503185,0,26,None,66,1,5,False,10,10
36688,138,degCent,10,0.7452229299363057,0,26,None,66,1,5,False,10,10
36689,139,degCent,10,0.7465167197452229,0,26,None,66,1,5,False,10,10
36690,135,degCent,10,0.7486066878980892,0,12,None,66,1,5,False,10,10
36691,136,degCent,10,0.7496019108280255,0,12,None,66,1,5,False,10,10
36692,137,degCent,10,0.7505971337579618,0,12,None,66,1,5,False,10,10
36693,138,degCent,10,0.7513933121019108,0,12,None,66,1,5,False,10,10
36694,139,degCent,10,0.7521894904458599,0,12,None,66,1,5,False,10,10
36695,135,degCent,10,0.7619426751592356,0,30,None,66,1,5,False,10,10
36696,136,degCent,10,0.7612460191082803,0,30,None,66,1,5,False,10,10
36697,137,degCent,10,0.7627388535031847,0,30,None,66,1,5,False,10,10
36698,138,degCent,10,0.7634355095541401,0,30,None,66,1,5,False,10,10
36699,139,degCent,10,0.76453025477707,0,30,None,66,1,5,False,10,10
36700,135,degCent,10,0.6886942675159236,0,6,None,66,1,5,False,10,10
36701,136,degCent,10,0.6904856687898089,0,6,None,66,1,5,False,10,10
36702,137,degCent,10,0.692078025477707,0,6,None,66,1,5,False,10,10
36703,138,degCent,10,0.6924761146496815,0,6,None,66,1,5,False,10,10
36704,139,degCent,10,0.6938694267515924,0,6,None,66,1,5,False,10,10
36705,135,degCent,10,0.7521894904458599,0,18,None,66,1,5,False,10,10
36706,136,degCent,10,0.7522890127388535,0,18,None,66,1,5,False,10,10
36707,137,degCent,10,0.753781847133758,0,18,None,66,1,5,False,10,10
36708,138,degCent,10,0.7541799363057324,0,18,None,66,1,5,False,10,10
36709,139,degCent,10,0.7551751592356688,0,18,None,66,1,5,False,10,10
36710,135,degCent,10,0.7222332802547771,0,27,None,66,1,5,False,10,10
36711,136,degCent,10,0.7253184713375797,0,27,None,66,1,5,False,10,10
36712,137,degCent,10,0.7285031847133758,0,27,None,66,1,5,False,10,10
36713,138,degCent,10,0.7310907643312102,0,27,None,66,1,5,False,10,10
36714,139,degCent,10,0.7355692675159236,0,27,None,66,1,5,False,10,10
36715,135,degCent,10,0.6813296178343949,0,31,None,66,1,5,False,10,10
36716,136,degCent,10,0.7017316878980892,0,31,None,66,1,5,False,10,10
36717,137,degCent,10,0.7139729299363057,0,31,None,66,1,5,False,10,10
36718,138,degCent,10,0.7211385350318471,0,31,None,66,1,5,False,10,10
36719,139,degCent,10,0.727109872611465,0,31,None,66,1,5,False,10,10
36720,135,degCent,10,0.7580613057324841,0,7,None,66,1,5,False,10,10
36721,136,degCent,10,0.7579617834394905,0,7,None,66,1,5,False,10,10
36722,137,degCent,10,0.7580613057324841,0,7,None,66,1,5,False,10,10
36723,138,degCent,10,0.7588574840764332,0,7,None,66,1,5,False,10,10
36724,139,degCent,10,0.759952229299363,0,7,None,66,1,5,False,10,10
36725,135,degCent,10,0.7565684713375797,0,4,None,66,1,5,False,10,10
36726,136,degCent,10,0.7585589171974523,0,4,None,66,1,5,False,10,10
36727,137,degCent,10,0.7595541401273885,0,4,None,66,1,5,False,10,10
36728,138,degCent,10,0.759952229299363,0,4,None,66,1,5,False,10,10
36729,139,degCent,10,0.7607484076433121,0,4,None,66,1,5,False,10,10
36730,135,degCent,10,0.7704020700636943,0,32,None,66,1,5,False,10,10
36731,136,degCent,10,0.7714968152866242,0,32,None,66,1,5,False,10,10
36732,137,degCent,10,0.771297770700637,0,32,None,66,1,5,False,10,10
36733,138,degCent,10,0.7727906050955414,0,32,None,66,1,5,False,10,10
36734,139,degCent,10,0.7724920382165605,0,32,None,66,1,5,False,10,10
36735,135,degCent,10,0.7436305732484076,0,1,None,66,1,5,False,10,10
36736,136,degCent,10,0.7448248407643312,0,1,None,66,1,5,False,10,10
36737,137,degCent,10,0.7461186305732485,0,1,None,66,1,5,False,10,10
36738,138,degCent,10,0.7488057324840764,0,1,None,66,1,5,False,10,10
36739,139,degCent,10,0.7511942675159236,0,1,None,66,1,5,False,10,10
36740,135,degCent,10,0.759156050955414,0,2,None,66,1,5,False,10,10
36741,136,degCent,10,0.7616441082802548,0,2,None,66,1,5,False,10,10
36742,137,degCent,10,0.7649283439490446,0,2,None,66,1,5,False,10,10
36743,138,degCent,10,0.7660230891719745,0,2,None,66,1,5,False,10,10
36744,139,degCent,10,0.7672173566878981,0,2,None,66,1,5,False,10,10
36745,135,degCent,10,0.7497014331210191,0,14,None,66,1,5,False,10,10
36746,136,degCent,10,0.7503980891719745,0,14,None,66,1,5,False,10,10
36747,137,degCent,10,0.7511942675159236,0,14,None,66,1,5,False,10,10
36748,138,degCent,10,0.751890923566879,0,14,None,66,1,5,False,10,10
36749,139,degCent,10,0.7540804140127388,0,14,None,66,1,5,False,10,10
36750,135,degCent,10,0.7612460191082803,0,9,None,66,1,5,False,10,10
36751,136,degCent,10,0.7613455414012739,0,9,None,66,1,5,False,10,10
36752,137,degCent,10,0.7611464968152867,0,9,None,66,1,5,False,10,10
36753,138,degCent,10,0.7607484076433121,0,9,None,66,1,5,False,10,10
36754,139,degCent,10,0.7604498407643312,0,9,None,66,1,5,False,10,10
36755,135,degCent,10,0.7465167197452229,0,25,None,66,1,5,False,10,10
36756,136,degCent,10,0.7477109872611465,0,25,None,66,1,5,False,10,10
36757,137,degCent,10,0.7472133757961783,0,25,None,66,1,5,False,10,10
36758,138,degCent,10,0.7480095541401274,0,25,None,66,1,5,False,10,10
36759,139,degCent,10,0.7485071656050956,0,25,None,66,1,5,False,10,10
36760,135,degCent,10,0.7272093949044586,0,29,None,66,1,5,False,10,10
36761,136,degCent,10,0.7295979299363057,0,29,None,66,1,5,False,10,10
36762,137,degCent,10,0.7325835987261147,0,29,None,66,1,5,False,10,10
36763,138,degCent,10,0.7330812101910829,0,29,None,66,1,5,False,10,10
36764,139,degCent,10,0.7340764331210191,0,29,None,66,1,5,False,10,10
36765,135,degCent,10,0.7137738853503185,0,17,None,66,1,5,False,10,10
36766,136,degCent,10,0.714968152866242,0,17,None,66,1,5,False,10,10
36767,137,degCent,10,0.7158638535031847,0,17,None,66,1,5,False,10,10
36768,138,degCent,10,0.7181528662420382,0,17,None,66,1,5,False,10,10
36769,139,degCent,10,0.7185509554140127,0,17,None,66,1,5,False,10,10
36770,135,degCent,10,0.7633359872611465,0,11,None,66,1,5,False,10,10
36771,136,degCent,10,0.7660230891719745,0,11,None,66,1,5,False,10,10
36772,137,degCent,10,0.7668192675159236,0,11,None,66,1,5,False,10,10
36773,138,degCent,10,0.7674164012738853,0,11,None,66,1,5,False,10,10
36774,139,degCent,10,0.767515923566879,0,11,None,66,1,5,False,10,10
36775,135,degCent,10,0.7530851910828026,0,24,None,66,1,5,False,10,10
36776,136,degCent,10,0.7549761146496815,0,24,None,66,1,5,False,10,10
36777,137,degCent,10,0.7575636942675159,0,24,None,66,1,5,False,10,10
36778,138,degCent,10,0.7602507961783439,0,24,None,66,1,5,False,10,10
36779,139,degCent,10,0.7625398089171974,0,24,None,66,1,5,False,10,10
36780,135,degCent,10,0.765625,0,0,None,66,1,5,False,10,10
36781,136,degCent,10,0.7661226114649682,0,0,None,66,1,5,False,10,10
36782,137,degCent,10,0.7678144904458599,0,0,None,66,1,5,False,10,10
36783,138,degCent,10,0.7691082802547771,0,0,None,66,1,5,False,10,10
36784,139,degCent,10,0.7708996815286624,0,0,None,66,1,5,False,10,10
36785,135,degCent,10,0.7641321656050956,0,3,None,66,1,5,False,10,10
36786,136,degCent,10,0.7638335987261147,0,3,None,66,1,5,False,10,10
36787,137,degCent,10,0.7641321656050956,0,3,None,66,1,5,False,10,10
36788,138,degCent,10,0.7643312101910829,0,3,None,66,1,5,False,10,10
36789,139,degCent,10,0.7655254777070064,0,3,None,66,1,5,False,10,10
36790,135,degCent,10,0.7461186305732485,0,28,None,66,1,5,False,10,10
36791,136,degCent,10,0.7474124203821656,0,28,None,66,1,5,False,10,10
36792,137,degCent,10,0.748109076433121,0,28,None,66,1,5,False,10,10
36793,138,degCent,10,0.7495023885350318,0,28,None,66,1,5,False,10,10
36794,139,degCent,10,0.7505971337579618,0,28,None,66,1,5,False,10,10
36795,140,degCent,10,0.7508957006369427,0,1,None,66,1,5,False,10,10
36796,141,degCent,10,0.7515923566878981,0,1,None,66,1,5,False,10,10
36797,142,degCent,10,0.7540804140127388,0,1,None,66,1,5,False,10,10
36798,143,degCent,10,0.7554737261146497,0,1,None,66,1,5,False,10,10
36799,144,degCent,10,0.7566679936305732,0,1,None,66,1,5,False,10,10
36800,140,degCent,10,0.7191480891719745,0,5,None,66,1,5,False,10,10
36801,141,degCent,10,0.7192476114649682,0,5,None,66,1,5,False,10,10
36802,142,degCent,10,0.7189490445859873,0,5,None,66,1,5,False,10,10
36803,143,degCent,10,0.71984474522293,0,5,None,66,1,5,False,10,10
36804,144,degCent,10,0.7196457006369427,0,5,None,66,1,5,False,10,10
36805,140,degCent,10,0.7718949044585988,0,22,None,66,1,5,False,10,10
36806,141,degCent,10,0.772890127388535,0,22,None,66,1,5,False,10,10
36807,142,degCent,10,0.7737858280254777,0,22,None,66,1,5,False,10,10
36808,143,degCent,10,0.7745820063694268,0,22,None,66,1,5,False,10,10
36809,144,degCent,10,0.7759753184713376,0,22,None,66,1,5,False,10,10
36810,140,degCent,10,0.7552746815286624,0,14,None,66,1,5,False,10,10
36811,141,degCent,10,0.7561703821656051,0,14,None,66,1,5,False,10,10
36812,142,degCent,10,0.7571656050955414,0,14,None,66,1,5,False,10,10
36813,143,degCent,10,0.7581608280254777,0,14,None,66,1,5,False,10,10
36814,144,degCent,10,0.7586584394904459,0,14,None,66,1,5,False,10,10
36815,140,degCent,10,0.7600517515923567,0,23,None,66,1,5,False,10,10
36816,141,degCent,10,0.7613455414012739,0,23,None,66,1,5,False,10,10
36817,142,degCent,10,0.7626393312101911,0,23,None,66,1,5,False,10,10
36818,143,degCent,10,0.7646297770700637,0,23,None,66,1,5,False,10,10
36819,144,degCent,10,0.7659235668789809,0,23,None,66,1,5,False,10,10
36820,140,degCent,10,0.7649283439490446,0,30,None,66,1,5,False,10,10
36821,141,degCent,10,0.7659235668789809,0,30,None,66,1,5,False,10,10
36822,142,degCent,10,0.7670183121019108,0,30,None,66,1,5,False,10,10
36823,143,degCent,10,0.7680135350318471,0,30,None,66,1,5,False,10,10
36824,144,degCent,10,0.7689092356687898,0,30,None,66,1,5,False,10,10
36825,140,degCent,10,0.724422770700637,0,27,None,66,1,5,False,10,10
36826,141,degCent,10,0.7278065286624203,0,27,None,66,1,5,False,10,10
36827,142,degCent,10,0.7314888535031847,0,27,None,66,1,5,False,10,10
36828,143,degCent,10,0.7353702229299363,0,27,None,66,1,5,False,10,10
36829,144,degCent,10,0.7382563694267515,0,27,None,66,1,5,False,10,10
36830,140,degCent,10,0.7530851910828026,0,28,None,66,1,5,False,10,10
36831,141,degCent,10,0.7532842356687898,0,28,None,66,1,5,False,10,10
36832,142,degCent,10,0.753781847133758,0,28,None,66,1,5,False,10,10
36833,143,degCent,10,0.7548765923566879,0,28,None,66,1,5,False,10,10
36834,144,degCent,10,0.755672770700637,0,28,None,66,1,5,False,10,10
36835,140,degCent,10,0.7306926751592356,0,29,None,66,1,5,False,10,10
36836,141,degCent,10,0.7318869426751592,0,29,None,66,1,5,False,10,10
36837,142,degCent,10,0.7337778662420382,0,29,None,66,1,5,False,10,10
36838,143,degCent,10,0.7356687898089171,0,29,None,66,1,5,False,10,10
36839,144,degCent,10,0.736265923566879,0,29,None,66,1,5,False,10,10
36840,140,degCent,10,0.7634355095541401,0,9,None,66,1,5,False,10,10
36841,141,degCent,10,0.7631369426751592,0,9,None,66,1,5,False,10,10
36842,142,degCent,10,0.762937898089172,0,9,None,66,1,5,False,10,10
36843,143,degCent,10,0.7642316878980892,0,9,None,66,1,5,False,10,10
36844,144,degCent,10,0.7650278662420382,0,9,None,66,1,5,False,10,10
36845,140,degCent,10,0.7457205414012739,0,16,None,66,1,5,False,10,10
36846,141,degCent,10,0.7467157643312102,0,16,None,66,1,5,False,10,10
36847,142,degCent,10,0.7485071656050956,0,16,None,66,1,5,False,10,10
36848,143,degCent,10,0.7497014331210191,0,16,None,66,1,5,False,10,10
36849,144,degCent,10,0.7509952229299363,0,16,None,66,1,5,False,10,10
36850,140,degCent,10,0.7590565286624203,0,7,None,66,1,5,False,10,10
36851,141,degCent,10,0.7601512738853503,0,7,None,66,1,5,False,10,10
36852,142,degCent,10,0.7607484076433121,0,7,None,66,1,5,False,10,10
36853,143,degCent,10,0.7613455414012739,0,7,None,66,1,5,False,10,10
36854,144,degCent,10,0.7617436305732485,0,7,None,66,1,5,False,10,10
36855,140,degCent,10,0.7740843949044586,0,32,None,66,1,5,False,10,10
36856,141,degCent,10,0.7749800955414012,0,32,None,66,1,5,False,10,10
36857,142,degCent,10,0.7759753184713376,0,32,None,66,1,5,False,10,10
36858,143,degCent,10,0.7769705414012739,0,32,None,66,1,5,False,10,10
36859,144,degCent,10,0.7776671974522293,0,32,None,66,1,5,False,10,10
36860,140,degCent,10,0.7601512738853503,0,15,None,66,1,5,False,10,10
36861,141,degCent,10,0.761046974522293,0,15,None,66,1,5,False,10,10
36862,142,degCent,10,0.7625398089171974,0,15,None,66,1,5,False,10,10
36863,143,degCent,10,0.7638335987261147,0,15,None,66,1,5,False,10,10
36864,144,degCent,10,0.7660230891719745,0,15,None,66,1,5,False,10,10
36865,140,degCent,10,0.7561703821656051,0,10,None,66,1,5,False,10,10
36866,141,degCent,10,0.7569665605095541,0,10,None,66,1,5,False,10,10
36867,142,degCent,10,0.758359872611465,0,10,None,66,1,5,False,10,10
36868,143,degCent,10,0.7593550955414012,0,10,None,66,1,5,False,10,10
36869,144,degCent,10,0.7595541401273885,0,10,None,66,1,5,False,10,10
36870,140,degCent,10,0.7496019108280255,0,12,None,66,1,5,False,10,10
36871,141,degCent,10,0.7523885350318471,0,12,None,66,1,5,False,10,10
36872,142,degCent,10,0.7538813694267515,0,12,None,66,1,5,False,10,10
36873,143,degCent,10,0.7540804140127388,0,12,None,66,1,5,False,10,10
36874,144,degCent,10,0.7544785031847133,0,12,None,66,1,5,False,10,10
36875,140,degCent,10,0.6925756369426752,0,6,None,66,1,5,False,10,10
36876,141,degCent,10,0.6936703821656051,0,6,None,66,1,5,False,10,10
36877,142,degCent,10,0.6945660828025477,0,6,None,66,1,5,False,10,10
36878,143,degCent,10,0.6955613057324841,0,6,None,66,1,5,False,10,10
36879,144,degCent,10,0.6956608280254777,0,6,None,66,1,5,False,10,10
36880,140,degCent,10,0.7653264331210191,0,13,None,66,1,5,False,10,10
36881,141,degCent,10,0.7657245222929936,0,13,None,66,1,5,False,10,10
36882,142,degCent,10,0.7654259554140127,0,13,None,66,1,5,False,10,10
36883,143,degCent,10,0.7664211783439491,0,13,None,66,1,5,False,10,10
36884,144,degCent,10,0.7669187898089171,0,13,None,66,1,5,False,10,10
36885,140,degCent,10,0.7493033439490446,0,25,None,66,1,5,False,10,10
36886,141,degCent,10,0.7512937898089171,0,25,None,66,1,5,False,10,10
36887,142,degCent,10,0.7517914012738853,0,25,None,66,1,5,False,10,10
36888,143,degCent,10,0.7525875796178344,0,25,None,66,1,5,False,10,10
36889,144,degCent,10,0.7541799363057324,0,25,None,66,1,5,False,10,10
36890,140,degCent,10,0.7490047770700637,0,26,None,66,1,5,False,10,10
36891,141,degCent,10,0.7485071656050956,0,26,None,66,1,5,False,10,10
36892,142,degCent,10,0.7493033439490446,0,26,None,66,1,5,False,10,10
36893,143,degCent,10,0.7497014331210191,0,26,None,66,1,5,False,10,10
36894,144,degCent,10,0.7500995222929936,0,26,None,66,1,5,False,10,10
36895,140,degCent,10,0.7228304140127388,0,17,None,66,1,5,False,10,10
36896,141,degCent,10,0.7239251592356688,0,17,None,66,1,5,False,10,10
36897,142,degCent,10,0.7256170382165605,0,17,None,66,1,5,False,10,10
36898,143,degCent,10,0.7258160828025477,0,17,None,66,1,5,False,10,10
36899,144,degCent,10,0.726015127388535,0,17,None,66,1,5,False,10,10
36900,140,degCent,10,0.7678144904458599,0,11,None,66,1,5,False,10,10
36901,141,degCent,10,0.768312101910828,0,11,None,66,1,5,False,10,10
36902,142,degCent,10,0.7701035031847133,0,11,None,66,1,5,False,10,10
36903,143,degCent,10,0.7695063694267515,0,11,None,66,1,5,False,10,10
36904,144,degCent,10,0.7707006369426752,0,11,None,66,1,5,False,10,10
36905,140,degCent,10,0.7501990445859873,0,8,None,66,1,5,False,10,10
36906,141,degCent,10,0.7499004777070064,0,8,None,66,1,5,False,10,10
36907,142,degCent,10,0.7513933121019108,0,8,None,66,1,5,False,10,10
36908,143,degCent,10,0.7521894904458599,0,8,None,66,1,5,False,10,10
36909,144,degCent,10,0.7525875796178344,0,8,None,66,1,5,False,10,10
36910,140,degCent,10,0.7559713375796179,0,18,None,66,1,5,False,10,10
36911,141,degCent,10,0.7560708598726115,0,18,None,66,1,5,False,10,10
36912,142,degCent,10,0.7566679936305732,0,18,None,66,1,5,False,10,10
36913,143,degCent,10,0.7577627388535032,0,18,None,66,1,5,False,10,10
36914,144,degCent,10,0.7585589171974523,0,18,None,66,1,5,False,10,10
36915,140,degCent,10,0.6890923566878981,0,31,None,66,1,5,False,10,10
36916,141,degCent,10,0.7093949044585988,0,31,None,66,1,5,False,10,10
36917,142,degCent,10,0.7204418789808917,0,31,None,66,1,5,False,10,10
36918,143,degCent,10,0.7261146496815286,0,31,None,66,1,5,False,10,10
36919,144,degCent,10,0.7321855095541401,0,31,None,66,1,5,False,10,10
36920,140,degCent,10,0.7638335987261147,0,2,None,66,1,5,False,10,10
36921,141,degCent,10,0.7668192675159236,0,2,None,66,1,5,False,10,10
36922,142,degCent,10,0.7687101910828026,0,2,None,66,1,5,False,10,10
36923,143,degCent,10,0.7692078025477707,0,2,None,66,1,5,False,10,10
36924,144,degCent,10,0.7710987261146497,0,2,None,66,1,5,False,10,10
36925,140,degCent,10,0.7322850318471338,0,19,None,66,1,5,False,10,10
36926,141,degCent,10,0.7377587579617835,0,19,None,66,1,5,False,10,10
36927,142,degCent,10,0.7417396496815286,0,19,None,66,1,5,False,10,10
36928,143,degCent,10,0.7467157643312102,0,19,None,66,1,5,False,10,10
36929,144,degCent,10,0.7504976114649682,0,19,None,66,1,5,False,10,10
36930,140,degCent,10,0.7691082802547771,0,0,None,66,1,5,False,10,10
36931,141,degCent,10,0.7708001592356688,0,0,None,66,1,5,False,10,10
36932,142,degCent,10,0.772093949044586,0,0,None,66,1,5,False,10,10
36933,143,degCent,10,0.773984872611465,0,0,None,66,1,5,False,10,10
36934,144,degCent,10,0.7759753184713376,0,0,None,66,1,5,False,10,10
36935,140,degCent,10,0.7664211783439491,0,21,None,66,1,5,False,10,10
36936,141,degCent,10,0.7665207006369427,0,21,None,66,1,5,False,10,10
36937,142,degCent,10,0.7680135350318471,0,21,None,66,1,5,False,10,10
36938,143,degCent,10,0.7685111464968153,0,21,None,66,1,5,False,10,10
36939,144,degCent,10,0.768312101910828,0,21,None,66,1,5,False,10,10
36940,140,degCent,10,0.7551751592356688,0,24,None,66,1,5,False,10,10
36941,141,degCent,10,0.7581608280254777,0,24,None,66,1,5,False,10,10
36942,142,degCent,10,0.7606488853503185,0,24,None,66,1,5,False,10,10
36943,143,degCent,10,0.7640326433121019,0,24,None,66,1,5,False,10,10
36944,144,degCent,10,0.76453025477707,0,24,None,66,1,5,False,10,10
36945,140,degCent,10,0.7608479299363057,0,4,None,66,1,5,False,10,10
36946,141,degCent,10,0.7620421974522293,0,4,None,66,1,5,False,10,10
36947,142,degCent,10,0.7630374203821656,0,4,None,66,1,5,False,10,10
36948,143,degCent,10,0.763734076433121,0,4,None,66,1,5,False,10,10
36949,144,degCent,10,0.7648288216560509,0,4,None,66,1,5,False,10,10
36950,140,degCent,10,0.7487062101910829,0,20,None,66,1,5,False,10,10
36951,141,degCent,10,0.7486066878980892,0,20,None,66,1,5,False,10,10
36952,142,degCent,10,0.7497014331210191,0,20,None,66,1,5,False,10,10
36953,143,degCent,10,0.7523885350318471,0,20,None,66,1,5,False,10,10
36954,144,degCent,10,0.7525875796178344,0,20,None,66,1,5,False,10,10
36955,140,degCent,10,0.7688097133757962,0,3,None,66,1,5,False,10,10
36956,141,degCent,10,0.7691082802547771,0,3,None,66,1,5,False,10,10
36957,142,degCent,10,0.7696058917197452,0,3,None,66,1,5,False,10,10
36958,143,degCent,10,0.7708001592356688,0,3,None,66,1,5,False,10,10
36959,144,degCent,10,0.7709992038216561,0,3,None,66,1,5,False,10,10
37063,143,degCent,10,0.7498009554140127,0,16,None,66,1,5,False,10,10
37125,145,degCent,10,0.7594546178343949,0,24,None,66,1,5,False,10,10
37126,146,degCent,10,0.761843152866242,0,24,None,66,1,5,False,10,10
37127,147,degCent,10,0.765625,0,24,None,66,1,5,False,10,10
37128,148,degCent,10,0.7669187898089171,0,24,None,66,1,5,False,10,10
37129,149,degCent,10,0.7680135350318471,0,24,None,66,1,5,False,10,10
37130,145,degCent,10,0.769406847133758,0,21,None,66,1,5,False,10,10
37131,146,degCent,10,0.7698049363057324,0,21,None,66,1,5,False,10,10
37132,147,degCent,10,0.7713972929936306,0,21,None,66,1,5,False,10,10
37133,148,degCent,10,0.7713972929936306,0,21,None,66,1,5,False,10,10
37134,149,degCent,10,0.7721934713375797,0,21,None,66,1,5,False,10,10
37135,145,degCent,10,0.7580613057324841,0,1,None,66,1,5,False,10,10
37136,146,degCent,10,0.7581608280254777,0,1,None,66,1,5,False,10,10
37137,147,degCent,10,0.7584593949044586,0,1,None,66,1,5,False,10,10
37138,148,degCent,10,0.761046974522293,0,1,None,66,1,5,False,10,10
37139,149,degCent,10,0.7619426751592356,0,1,None,66,1,5,False,10,10
37140,145,degCent,10,0.7680135350318471,0,2,None,66,1,5,False,10,10
37141,146,degCent,10,0.7703025477707006,0,2,None,66,1,5,False,10,10
37142,147,degCent,10,0.771297770700637,0,2,None,66,1,5,False,10,10
37143,148,degCent,10,0.7722929936305732,0,2,None,66,1,5,False,10,10
37144,149,degCent,10,0.7727906050955414,0,2,None,66,1,5,False,10,10
37145,145,degCent,10,0.7700039808917197,0,11,None,66,1,5,False,10,10
37146,146,degCent,10,0.7711982484076433,0,11,None,66,1,5,False,10,10
37147,147,degCent,10,0.7719944267515924,0,11,None,66,1,5,False,10,10
37148,148,degCent,10,0.7722929936305732,0,11,None,66,1,5,False,10,10
37149,149,degCent,10,0.7726910828025477,0,11,None,66,1,5,False,10,10
37150,145,degCent,10,0.7635350318471338,0,15,None,66,1,5,False,10,10
37151,146,degCent,10,0.7647292993630573,0,15,None,66,1,5,False,10,10
37152,147,degCent,10,0.7659235668789809,0,15,None,66,1,5,False,10,10
37153,148,degCent,10,0.7669187898089171,0,15,None,66,1,5,False,10,10
37154,149,degCent,10,0.768312101910828,0,15,None,66,1,5,False,10,10
37155,145,degCent,10,0.7309912420382165,0,17,None,66,1,5,False,10,10
37156,146,degCent,10,0.7312898089171974,0,17,None,66,1,5,False,10,10
37157,147,degCent,10,0.7321855095541401,0,17,None,66,1,5,False,10,10
37158,148,degCent,10,0.7327826433121019,0,17,None,66,1,5,False,10,10
37159,149,degCent,10,0.7335788216560509,0,17,None,66,1,5,False,10,10
37160,145,degCent,10,0.7534832802547771,0,20,None,66,1,5,False,10,10
37161,146,degCent,10,0.752687101910828,0,20,None,66,1,5,False,10,10
37162,147,degCent,10,0.7541799363057324,0,20,None,66,1,5,False,10,10
37163,148,degCent,10,0.7559713375796179,0,20,None,66,1,5,False,10,10
37164,149,degCent,10,0.7565684713375797,0,20,None,66,1,5,False,10,10
37165,145,degCent,10,0.7584593949044586,0,10,None,66,1,5,False,10,10
37166,146,degCent,10,0.7589570063694268,0,10,None,66,1,5,False,10,10
37167,147,degCent,10,0.7595541401273885,0,10,None,66,1,5,False,10,10
37168,148,degCent,10,0.7608479299363057,0,10,None,66,1,5,False,10,10
37169,149,degCent,10,0.7613455414012739,0,10,None,66,1,5,False,10,10
37170,145,degCent,10,0.7764729299363057,0,22,None,66,1,5,False,10,10
37171,146,degCent,10,0.7773686305732485,0,22,None,66,1,5,False,10,10
37172,147,degCent,10,0.7788614649681529,0,22,None,66,1,5,False,10,10
37173,148,degCent,10,0.7794585987261147,0,22,None,66,1,5,False,10,10
37174,149,degCent,10,0.7798566878980892,0,22,None,66,1,5,False,10,10
37175,145,degCent,10,0.7636345541401274,0,23,None,66,1,5,False,10,10
37176,146,degCent,10,0.7650278662420382,0,23,None,66,1,5,False,10,10
37177,147,degCent,10,0.7673168789808917,0,23,None,66,1,5,False,10,10
37178,148,degCent,10,0.768312101910828,0,23,None,66,1,5,False,10,10
37179,149,degCent,10,0.7682125796178344,0,23,None,66,1,5,False,10,10
37180,145,degCent,10,0.758359872611465,0,28,None,66,1,5,False,10,10
37181,146,degCent,10,0.7589570063694268,0,28,None,66,1,5,False,10,10
37182,147,degCent,10,0.7597531847133758,0,28,None,66,1,5,False,10,10
37183,148,degCent,10,0.759952229299363,0,28,None,66,1,5,False,10,10
37184,149,degCent,10,0.7627388535031847,0,28,None,66,1,5,False,10,10
37185,145,degCent,10,0.7337778662420382,0,29,None,66,1,5,False,10,10
37186,146,degCent,10,0.7344745222929936,0,29,None,66,1,5,False,10,10
37187,147,degCent,10,0.7374601910828026,0,29,None,66,1,5,False,10,10
37188,148,degCent,10,0.7396496815286624,0,29,None,66,1,5,False,10,10
37189,149,degCent,10,0.7395501592356688,0,29,None,66,1,5,False,10,10
37190,145,degCent,10,0.7269108280254777,0,27,None,66,1,5,False,10,10
37191,146,degCent,10,0.7315883757961783,0,27,None,66,1,5,False,10,10
37192,147,degCent,10,0.7358678343949044,0,27,None,66,1,5,False,10,10
37193,148,degCent,10,0.7396496815286624,0,27,None,66,1,5,False,10,10
37194,149,degCent,10,0.7414410828025477,0,27,None,66,1,5,False,10,10
37195,145,degCent,10,0.7548765923566879,0,8,None,66,1,5,False,10,10
37196,146,degCent,10,0.7553742038216561,0,8,None,66,1,5,False,10,10
37197,147,degCent,10,0.7567675159235668,0,8,None,66,1,5,False,10,10
37198,148,degCent,10,0.7569665605095541,0,8,None,66,1,5,False,10,10
37199,149,degCent,10,0.7585589171974523,0,8,None,66,1,5,False,10,10
37200,145,degCent,10,0.759952229299363,0,18,None,66,1,5,False,10,10
37201,146,degCent,10,0.7592555732484076,0,18,None,66,1,5,False,10,10
37202,147,degCent,10,0.7600517515923567,0,18,None,66,1,5,False,10,10
37203,148,degCent,10,0.7611464968152867,0,18,None,66,1,5,False,10,10
37204,149,degCent,10,0.7609474522292994,0,18,None,66,1,5,False,10,10
37205,145,degCent,10,0.7349721337579618,0,19,None,66,1,5,False,10,10
37206,146,degCent,10,0.7412420382165605,0,19,None,66,1,5,False,10,10
37207,147,degCent,10,0.7465167197452229,0,19,None,66,1,5,False,10,10
37208,148,degCent,10,0.7495023885350318,0,19,None,66,1,5,False,10,10
37209,149,degCent,10,0.7544785031847133,0,19,None,66,1,5,False,10,10
37210,145,degCent,10,0.6986464968152867,0,31,None,66,1,5,False,10,10
37211,146,degCent,10,0.7169585987261147,0,31,None,66,1,5,False,10,10
37212,147,degCent,10,0.7251194267515924,0,31,None,66,1,5,False,10,10
37213,148,degCent,10,0.7314888535031847,0,31,None,66,1,5,False,10,10
37214,149,degCent,10,0.7363654458598726,0,31,None,66,1,5,False,10,10
37215,145,degCent,10,0.753781847133758,0,25,None,66,1,5,False,10,10
37216,146,degCent,10,0.7558718152866242,0,25,None,66,1,5,False,10,10
37217,147,degCent,10,0.7571656050955414,0,25,None,66,1,5,False,10,10
37218,148,degCent,10,0.7578622611464968,0,25,None,66,1,5,False,10,10
37219,149,degCent,10,0.759156050955414,0,25,None,66,1,5,False,10,10
37220,145,degCent,10,0.7669187898089171,0,9,None,66,1,5,False,10,10
37221,146,degCent,10,0.7671178343949044,0,9,None,66,1,5,False,10,10
37222,147,degCent,10,0.768312101910828,0,9,None,66,1,5,False,10,10
37223,148,degCent,10,0.7698049363057324,0,9,None,66,1,5,False,10,10
37224,149,degCent,10,0.7699044585987261,0,9,None,66,1,5,False,10,10
37225,145,degCent,10,0.7506966560509554,0,16,None,66,1,5,False,10,10
37226,146,degCent,10,0.7515923566878981,0,16,None,66,1,5,False,10,10
37227,147,degCent,10,0.752687101910828,0,16,None,66,1,5,False,10,10
37228,148,degCent,10,0.7535828025477707,0,16,None,66,1,5,False,10,10
37229,149,degCent,10,0.754578025477707,0,16,None,66,1,5,False,10,10
37230,145,degCent,10,0.7777667197452229,0,32,None,66,1,5,False,10,10
37231,146,degCent,10,0.7777667197452229,0,32,None,66,1,5,False,10,10
37232,147,degCent,10,0.7781648089171974,0,32,None,66,1,5,False,10,10
37233,148,degCent,10,0.778562898089172,0,32,None,66,1,5,False,10,10
37234,149,degCent,10,0.7788614649681529,0,32,None,66,1,5,False,10,10
37235,145,degCent,10,0.7742834394904459,0,3,None,66,1,5,False,10,10
37236,146,degCent,10,0.773984872611465,0,3,None,66,1,5,False,10,10
37237,147,degCent,10,0.7737858280254777,0,3,None,66,1,5,False,10,10
37238,148,degCent,10,0.7738853503184714,0,3,None,66,1,5,False,10,10
37239,149,degCent,10,0.7746815286624203,0,3,None,66,1,5,False,10,10
37240,145,degCent,10,0.7680135350318471,0,13,None,66,1,5,False,10,10
37241,146,degCent,10,0.767515923566879,0,13,None,66,1,5,False,10,10
37242,147,degCent,10,0.7679140127388535,0,13,None,66,1,5,False,10,10
37243,148,degCent,10,0.7686106687898089,0,13,None,66,1,5,False,10,10
37244,149,degCent,10,0.769406847133758,0,13,None,66,1,5,False,10,10
37245,145,degCent,10,0.7737858280254777,0,0,None,66,1,5,False,10,10
37246,146,degCent,10,0.7753781847133758,0,0,None,66,1,5,False,10,10
37247,147,degCent,10,0.776671974522293,0,0,None,66,1,5,False,10,10
37248,148,degCent,10,0.7778662420382165,0,0,None,66,1,5,False,10,10
37249,149,degCent,10,0.778562898089172,0,0,None,66,1,5,False,10,10
37250,145,degCent,10,0.7265127388535032,0,5,None,66,1,5,False,10,10
37251,146,degCent,10,0.7268113057324841,0,5,None,66,1,5,False,10,10
37252,147,degCent,10,0.7268113057324841,0,5,None,66,1,5,False,10,10
37253,148,degCent,10,0.7270103503184714,0,5,None,66,1,5,False,10,10
37254,149,degCent,10,0.7276074840764332,0,5,None,66,1,5,False,10,10
37255,145,degCent,10,0.6955613057324841,0,6,None,66,1,5,False,10,10
37256,146,degCent,10,0.696656050955414,0,6,None,66,1,5,False,10,10
37257,147,degCent,10,0.6969546178343949,0,6,None,66,1,5,False,10,10
37258,148,degCent,10,0.6979498407643312,0,6,None,66,1,5,False,10,10
37259,149,degCent,10,0.6982484076433121,0,6,None,66,1,5,False,10,10
37260,145,degCent,10,0.7624402866242038,0,7,None,66,1,5,False,10,10
37261,146,degCent,10,0.7628383757961783,0,7,None,66,1,5,False,10,10
37262,147,degCent,10,0.7636345541401274,0,7,None,66,1,5,False,10,10
37263,148,degCent,10,0.7638335987261147,0,7,None,66,1,5,False,10,10
37264,149,degCent,10,0.7643312101910829,0,7,None,66,1,5,False,10,10
37265,145,degCent,10,0.7650278662420382,0,4,None,66,1,5,False,10,10
37266,146,degCent,10,0.7650278662420382,0,4,None,66,1,5,False,10,10
37267,147,degCent,10,0.7658240445859873,0,4,None,66,1,5,False,10,10
37268,148,degCent,10,0.7664211783439491,0,4,None,66,1,5,False,10,10
37269,149,degCent,10,0.7662221337579618,0,4,None,66,1,5,False,10,10
37270,145,degCent,10,0.7615445859872612,0,14,None,66,1,5,False,10,10
37271,146,degCent,10,0.7619426751592356,0,14,None,66,1,5,False,10,10
37272,147,degCent,10,0.7628383757961783,0,14,None,66,1,5,False,10,10
37273,148,degCent,10,0.7635350318471338,0,14,None,66,1,5,False,10,10
37274,149,degCent,10,0.7642316878980892,0,14,None,66,1,5,False,10,10
37275,145,degCent,10,0.7525875796178344,0,12,None,66,1,5,False,10,10
37276,146,degCent,10,0.7547770700636943,0,12,None,66,1,5,False,10,10
37277,147,degCent,10,0.7548765923566879,0,12,None,66,1,5,False,10,10
37278,148,degCent,10,0.7559713375796179,0,12,None,66,1,5,False,10,10
37279,149,degCent,10,0.7567675159235668,0,12,None,66,1,5,False,10,10
37280,145,degCent,10,0.7698049363057324,0,30,None,66,1,5,False,10,10
37281,146,degCent,10,0.7703025477707006,0,30,None,66,1,5,False,10,10
37282,147,degCent,10,0.7704020700636943,0,30,None,66,1,5,False,10,10
37283,148,degCent,10,0.771297770700637,0,30,None,66,1,5,False,10,10
37284,149,degCent,10,0.7726910828025477,0,30,None,66,1,5,False,10,10
37285,145,degCent,10,0.7527866242038217,0,26,None,66,1,5,False,10,10
37286,146,degCent,10,0.7519904458598726,0,26,None,66,1,5,False,10,10
37287,147,degCent,10,0.7520899681528662,0,26,None,66,1,5,False,10,10
37288,148,degCent,10,0.7527866242038217,0,26,None,66,1,5,False,10,10
37289,149,degCent,10,0.7539808917197452,0,26,None,66,1,5,False,10,10
37290,150,degCent,10,0.7627388535031847,0,1,None,66,1,5,False,10,10
37291,151,degCent,10,0.7630374203821656,0,1,None,66,1,5,False,10,10
37292,152,degCent,10,0.7641321656050956,0,1,None,66,1,5,False,10,10
37293,153,degCent,10,0.7644307324840764,0,1,None,66,1,5,False,10,10
37294,154,degCent,10,0.7654259554140127,0,1,None,66,1,5,False,10,10
37295,150,degCent,10,0.7729896496815286,0,21,None,66,1,5,False,10,10
37296,151,degCent,10,0.7729896496815286,0,21,None,66,1,5,False,10,10
37297,152,degCent,10,0.7730891719745223,0,21,None,66,1,5,False,10,10
37298,153,degCent,10,0.7740843949044586,0,21,None,66,1,5,False,10,10
37299,154,degCent,10,0.773984872611465,0,21,None,66,1,5,False,10,10
37300,150,degCent,10,0.7716958598726115,0,2,None,66,1,5,False,10,10
37301,151,degCent,10,0.7736863057324841,0,2,None,66,1,5,False,10,10
37302,152,degCent,10,0.7744824840764332,0,2,None,66,1,5,False,10,10
37303,153,degCent,10,0.774781050955414,0,2,None,66,1,5,False,10,10
37304,154,degCent,10,0.7752786624203821,0,2,None,66,1,5,False,10,10
37305,150,degCent,10,0.7365644904458599,0,17,None,66,1,5,False,10,10
37306,151,degCent,10,0.7376592356687898,0,17,None,66,1,5,False,10,10
37307,152,degCent,10,0.737062101910828,0,17,None,66,1,5,False,10,10
37308,153,degCent,10,0.7378582802547771,0,17,None,66,1,5,False,10,10
37309,154,degCent,10,0.7392515923566879,0,17,None,66,1,5,False,10,10
37310,150,degCent,10,0.7640326433121019,0,28,None,66,1,5,False,10,10
37311,151,degCent,10,0.7650278662420382,0,28,None,66,1,5,False,10,10
37312,152,degCent,10,0.7655254777070064,0,28,None,66,1,5,False,10,10
37313,153,degCent,10,0.765625,0,28,None,66,1,5,False,10,10
37314,154,degCent,10,0.7673168789808917,0,28,None,66,1,5,False,10,10
37315,150,degCent,10,0.7319864649681529,0,5,None,66,1,5,False,10,10
37316,151,degCent,10,0.731687898089172,0,5,None,66,1,5,False,10,10
37317,152,degCent,10,0.7311902866242038,0,5,None,66,1,5,False,10,10
37318,153,degCent,10,0.7313893312101911,0,5,None,66,1,5,False,10,10
37319,154,degCent,10,0.7319864649681529,0,5,None,66,1,5,False,10,10
37320,150,degCent,10,0.7800557324840764,0,32,None,66,1,5,False,10,10
37321,151,degCent,10,0.7797571656050956,0,32,None,66,1,5,False,10,10
37322,152,degCent,10,0.7800557324840764,0,32,None,66,1,5,False,10,10
37323,153,degCent,10,0.7807523885350318,0,32,None,66,1,5,False,10,10
37324,154,degCent,10,0.7809514331210191,0,32,None,66,1,5,False,10,10
37325,150,degCent,10,0.7651273885350318,0,7,None,66,1,5,False,10,10
37326,151,degCent,10,0.7650278662420382,0,7,None,66,1,5,False,10,10
37327,152,degCent,10,0.7662221337579618,0,7,None,66,1,5,False,10,10
37328,153,degCent,10,0.7662221337579618,0,7,None,66,1,5,False,10,10
37329,154,degCent,10,0.7670183121019108,0,7,None,66,1,5,False,10,10
37330,150,degCent,10,0.7524880573248408,0,16,None,66,1,5,False,10,10
37331,151,degCent,10,0.7546775477707006,0,16,None,66,1,5,False,10,10
37332,152,degCent,10,0.7549761146496815,0,16,None,66,1,5,False,10,10
37333,153,degCent,10,0.7548765923566879,0,16,None,66,1,5,False,10,10
37334,154,degCent,10,0.7561703821656051,0,16,None,66,1,5,False,10,10
37335,150,degCent,10,0.7626393312101911,0,18,None,66,1,5,False,10,10
37336,151,degCent,10,0.7634355095541401,0,18,None,66,1,5,False,10,10
37337,152,degCent,10,0.7626393312101911,0,18,None,66,1,5,False,10,10
37338,153,degCent,10,0.763734076433121,0,18,None,66,1,5,False,10,10
37339,154,degCent,10,0.7639331210191083,0,18,None,66,1,5,False,10,10
37340,150,degCent,10,0.7580613057324841,0,8,None,66,1,5,False,10,10
37341,151,degCent,10,0.7585589171974523,0,8,None,66,1,5,False,10,10
37342,152,degCent,10,0.7597531847133758,0,8,None,66,1,5,False,10,10
37343,153,degCent,10,0.7604498407643312,0,8,None,66,1,5,False,10,10
37344,154,degCent,10,0.7612460191082803,0,8,None,66,1,5,False,10,10
37345,150,degCent,10,0.7384554140127388,0,19,None,66,1,5,False,10,10
37346,151,degCent,10,0.7445262738853503,0,19,None,66,1,5,False,10,10
37347,152,degCent,10,0.7502985668789809,0,19,None,66,1,5,False,10,10
37348,153,degCent,10,0.7538813694267515,0,19,None,66,1,5,False,10,10
37349,154,degCent,10,0.7563694267515924,0,19,None,66,1,5,False,10,10
37350,150,degCent,10,0.758359872611465,0,20,None,66,1,5,False,10,10
37351,151,degCent,10,0.7581608280254777,0,20,None,66,1,5,False,10,10
37352,152,degCent,10,0.7590565286624203,0,20,None,66,1,5,False,10,10
37353,153,degCent,10,0.7595541401273885,0,20,None,66,1,5,False,10,10
37354,154,degCent,10,0.7611464968152867,0,20,None,66,1,5,False,10,10
37355,150,degCent,10,0.7797571656050956,0,22,None,66,1,5,False,10,10
37356,151,degCent,10,0.7800557324840764,0,22,None,66,1,5,False,10,10
37357,152,degCent,10,0.78125,0,22,None,66,1,5,False,10,10
37358,153,degCent,10,0.7821457006369427,0,22,None,66,1,5,False,10,10
37359,154,degCent,10,0.7826433121019108,0,22,None,66,1,5,False,10,10
37360,150,degCent,10,0.7660230891719745,0,23,None,66,1,5,False,10,10
37361,151,degCent,10,0.7691082802547771,0,23,None,66,1,5,False,10,10
37362,152,degCent,10,0.7699044585987261,0,23,None,66,1,5,False,10,10
37363,153,degCent,10,0.7706011146496815,0,23,None,66,1,5,False,10,10
37364,154,degCent,10,0.7716958598726115,0,23,None,66,1,5,False,10,10
37365,150,degCent,10,0.7670183121019108,0,14,None,66,1,5,False,10,10
37366,151,degCent,10,0.7681130573248408,0,14,None,66,1,5,False,10,10
37367,152,degCent,10,0.7674164012738853,0,14,None,66,1,5,False,10,10
37368,153,degCent,10,0.7680135350318471,0,14,None,66,1,5,False,10,10
37369,154,degCent,10,0.7685111464968153,0,14,None,66,1,5,False,10,10
37370,150,degCent,10,0.7361664012738853,0,29,None,66,1,5,False,10,10
37371,151,degCent,10,0.737062101910828,0,29,None,66,1,5,False,10,10
37372,152,degCent,10,0.7394506369426752,0,29,None,66,1,5,False,10,10
37373,153,degCent,10,0.7403463375796179,0,29,None,66,1,5,False,10,10
37374,154,degCent,10,0.7406449044585988,0,29,None,66,1,5,False,10,10
37375,150,degCent,10,0.7708996815286624,0,9,None,66,1,5,False,10,10
37376,151,degCent,10,0.7714968152866242,0,9,None,66,1,5,False,10,10
37377,152,degCent,10,0.772890127388535,0,9,None,66,1,5,False,10,10
37378,153,degCent,10,0.7734872611464968,0,9,None,66,1,5,False,10,10
37379,154,degCent,10,0.7733877388535032,0,9,None,66,1,5,False,10,10
37380,150,degCent,10,0.7616441082802548,0,24,None,66,1,5,False,10,10
37381,151,degCent,10,0.762937898089172,0,24,None,66,1,5,False,10,10
37382,152,degCent,10,0.7673168789808917,0,24,None,66,1,5,False,10,10
37383,153,degCent,10,0.7696058917197452,0,24,None,66,1,5,False,10,10
37384,154,degCent,10,0.772093949044586,0,24,None,66,1,5,False,10,10
37385,150,degCent,10,0.7284036624203821,0,27,None,66,1,5,False,10,10
37386,151,degCent,10,0.7334792993630573,0,27,None,66,1,5,False,10,10
37387,152,degCent,10,0.7386544585987261,0,27,None,66,1,5,False,10,10
37388,153,degCent,10,0.7420382165605095,0,27,None,66,1,5,False,10,10
37389,154,degCent,10,0.7432324840764332,0,27,None,66,1,5,False,10,10
37390,150,degCent,10,0.7781648089171974,0,0,None,66,1,5,False,10,10
37391,151,degCent,10,0.778562898089172,0,0,None,66,1,5,False,10,10
37392,152,degCent,10,0.7797571656050956,0,0,None,66,1,5,False,10,10
37393,153,degCent,10,0.7805533439490446,0,0,None,66,1,5,False,10,10
37394,154,degCent,10,0.7811504777070064,0,0,None,66,1,5,False,10,10
37395,150,degCent,10,0.7724920382165605,0,30,None,66,1,5,False,10,10
37396,151,degCent,10,0.7726910828025477,0,30,None,66,1,5,False,10,10
37397,152,degCent,10,0.7742834394904459,0,30,None,66,1,5,False,10,10
37398,153,degCent,10,0.7753781847133758,0,30,None,66,1,5,False,10,10
37399,154,degCent,10,0.7759753184713376,0,30,None,66,1,5,False,10,10
37400,150,degCent,10,0.7049164012738853,0,31,None,66,1,5,False,10,10
37401,151,degCent,10,0.7215366242038217,0,31,None,66,1,5,False,10,10
37402,152,degCent,10,0.7293988853503185,0,31,None,66,1,5,False,10,10
37403,153,degCent,10,0.7364649681528662,0,31,None,66,1,5,False,10,10
37404,154,degCent,10,0.7395501592356688,0,31,None,66,1,5,False,10,10
37405,150,degCent,10,0.6984474522292994,0,6,None,66,1,5,False,10,10
37406,151,degCent,10,0.6988455414012739,0,6,None,66,1,5,False,10,10
37407,152,degCent,10,0.6996417197452229,0,6,None,66,1,5,False,10,10
37408,153,degCent,10,0.7007364649681529,0,6,None,66,1,5,False,10,10
37409,154,degCent,10,0.7013335987261147,0,6,None,66,1,5,False,10,10
37410,150,degCent,10,0.7700039808917197,0,13,None,66,1,5,False,10,10
37411,151,degCent,10,0.7698049363057324,0,13,None,66,1,5,False,10,10
37412,152,degCent,10,0.7711982484076433,0,13,None,66,1,5,False,10,10
37413,153,degCent,10,0.7714968152866242,0,13,None,66,1,5,False,10,10
37414,154,degCent,10,0.7723925159235668,0,13,None,66,1,5,False,10,10
37415,150,degCent,10,0.7558718152866242,0,12,None,66,1,5,False,10,10
37416,151,degCent,10,0.7560708598726115,0,12,None,66,1,5,False,10,10
37417,152,degCent,10,0.7571656050955414,0,12,None,66,1,5,False,10,10
37418,153,degCent,10,0.7586584394904459,0,12,None,66,1,5,False,10,10
37419,154,degCent,10,0.7594546178343949,0,12,None,66,1,5,False,10,10
37420,150,degCent,10,0.7600517515923567,0,25,None,66,1,5,False,10,10
37421,151,degCent,10,0.7609474522292994,0,25,None,66,1,5,False,10,10
37422,152,degCent,10,0.7615445859872612,0,25,None,66,1,5,False,10,10
37423,153,degCent,10,0.7634355095541401,0,25,None,66,1,5,False,10,10
37424,154,degCent,10,0.7649283439490446,0,25,None,66,1,5,False,10,10
37425,150,degCent,10,0.7560708598726115,0,26,None,66,1,5,False,10,10
37426,151,degCent,10,0.7563694267515924,0,26,None,66,1,5,False,10,10
37427,152,degCent,10,0.7574641719745223,0,26,None,66,1,5,False,10,10
37428,153,degCent,10,0.7585589171974523,0,26,None,66,1,5,False,10,10
37429,154,degCent,10,0.7597531847133758,0,26,None,66,1,5,False,10,10
37430,150,degCent,10,0.7687101910828026,0,4,None,66,1,5,False,10,10
37431,151,degCent,10,0.7686106687898089,0,4,None,66,1,5,False,10,10
37432,152,degCent,10,0.7699044585987261,0,4,None,66,1,5,False,10,10
37433,153,degCent,10,0.7709992038216561,0,4,None,66,1,5,False,10,10
37434,154,degCent,10,0.771297770700637,0,4,None,66,1,5,False,10,10
37435,150,degCent,10,0.7781648089171974,0,3,None,66,1,5,False,10,10
37436,151,degCent,10,0.7779657643312102,0,3,None,66,1,5,False,10,10
37437,152,degCent,10,0.7779657643312102,0,3,None,66,1,5,False,10,10
37438,153,degCent,10,0.7783638535031847,0,3,None,66,1,5,False,10,10
37439,154,degCent,10,0.7783638535031847,0,3,None,66,1,5,False,10,10
37440,150,degCent,10,0.7596536624203821,0,10,None,66,1,5,False,10,10
37441,151,degCent,10,0.7607484076433121,0,10,None,66,1,5,False,10,10
37442,152,degCent,10,0.7615445859872612,0,10,None,66,1,5,False,10,10
37443,153,degCent,10,0.7625398089171974,0,10,None,66,1,5,False,10,10
37444,154,degCent,10,0.7633359872611465,0,10,None,66,1,5,False,10,10
37445,150,degCent,10,0.7748805732484076,0,11,None,66,1,5,False,10,10
37446,151,degCent,10,0.7744824840764332,0,11,None,66,1,5,False,10,10
37447,152,degCent,10,0.7751791401273885,0,11,None,66,1,5,False,10,10
37448,153,degCent,10,0.7756767515923567,0,11,None,66,1,5,False,10,10
37449,154,degCent,10,0.7760748407643312,0,11,None,66,1,5,False,10,10
37450,150,degCent,10,0.7668192675159236,0,15,None,66,1,5,False,10,10
37451,151,degCent,10,0.7682125796178344,0,15,None,66,1,5,False,10,10
37452,152,degCent,10,0.769406847133758,0,15,None,66,1,5,False,10,10
37453,153,degCent,10,0.7703025477707006,0,15,None,66,1,5,False,10,10
37454,154,degCent,10,0.7705015923566879,0,15,None,66,1,5,False,10,10
37950,155,degCent,10,0.7358678343949044,0,5,None,66,1,5,False,10,10
37951,156,degCent,10,0.7356687898089171,0,5,None,66,1,5,False,10,10
37952,157,degCent,10,0.7357683121019108,0,5,None,66,1,5,False,10,10
37953,158,degCent,10,0.7356687898089171,0,5,None,66,1,5,False,10,10
37954,159,degCent,10,0.7371616242038217,0,5,None,66,1,5,False,10,10
37955,155,degCent,10,0.7722929936305732,0,13,None,66,1,5,False,10,10
37956,156,degCent,10,0.7727906050955414,0,13,None,66,1,5,False,10,10
37957,157,degCent,10,0.7738853503184714,0,13,None,66,1,5,False,10,10
37958,158,degCent,10,0.7743829617834395,0,13,None,66,1,5,False,10,10
37959,159,degCent,10,0.7751791401273885,0,13,None,66,1,5,False,10,10
37960,155,degCent,10,0.7559713375796179,0,16,None,66,1,5,False,10,10
37961,156,degCent,10,0.757265127388535,0,16,None,66,1,5,False,10,10
37962,157,degCent,10,0.7581608280254777,0,16,None,66,1,5,False,10,10
37963,158,degCent,10,0.7595541401273885,0,16,None,66,1,5,False,10,10
37964,159,degCent,10,0.759952229299363,0,16,None,66,1,5,False,10,10
37965,155,degCent,10,0.761843152866242,0,20,None,66,1,5,False,10,10
37966,156,degCent,10,0.7621417197452229,0,20,None,66,1,5,False,10,10
37967,157,degCent,10,0.7633359872611465,0,20,None,66,1,5,False,10,10
37968,158,degCent,10,0.7643312101910829,0,20,None,66,1,5,False,10,10
37969,159,degCent,10,0.765625,0,20,None,66,1,5,False,10,10
37970,155,degCent,10,0.7620421974522293,0,8,None,66,1,5,False,10,10
37971,156,degCent,10,0.7620421974522293,0,8,None,66,1,5,False,10,10
37972,157,degCent,10,0.7622412420382165,0,8,None,66,1,5,False,10,10
37973,158,degCent,10,0.7635350318471338,0,8,None,66,1,5,False,10,10
37974,159,degCent,10,0.7635350318471338,0,8,None,66,1,5,False,10,10
37975,155,degCent,10,0.78234474522293,0,22,None,66,1,5,False,10,10
37976,156,degCent,10,0.783937101910828,0,22,None,66,1,5,False,10,10
37977,157,degCent,10,0.7837380573248408,0,22,None,66,1,5,False,10,10
37978,158,degCent,10,0.783937101910828,0,22,None,66,1,5,False,10,10
37979,159,degCent,10,0.7847332802547771,0,22,None,66,1,5,False,10,10
37980,155,degCent,10,0.7718949044585988,0,14,None,66,1,5,False,10,10
37981,156,degCent,10,0.7709992038216561,0,14,None,66,1,5,False,10,10
37982,157,degCent,10,0.771297770700637,0,14,None,66,1,5,False,10,10
37983,158,degCent,10,0.7724920382165605,0,14,None,66,1,5,False,10,10
37984,159,degCent,10,0.772890127388535,0,14,None,66,1,5,False,10,10
37985,155,degCent,10,0.770203025477707,0,23,None,66,1,5,False,10,10
37986,156,degCent,10,0.7721934713375797,0,23,None,66,1,5,False,10,10
37987,157,degCent,10,0.7731886942675159,0,23,None,66,1,5,False,10,10
37988,158,degCent,10,0.7734872611464968,0,23,None,66,1,5,False,10,10
37989,159,degCent,10,0.7738853503184714,0,23,None,66,1,5,False,10,10
37990,155,degCent,10,0.7423367834394905,0,19,None,66,1,5,False,10,10
37991,156,degCent,10,0.7477109872611465,0,19,None,66,1,5,False,10,10
37992,157,degCent,10,0.7533837579617835,0,19,None,66,1,5,False,10,10
37993,158,degCent,10,0.7576632165605095,0,19,None,66,1,5,False,10,10
37994,159,degCent,10,0.7601512738853503,0,19,None,66,1,5,False,10,10
37995,155,degCent,10,0.774781050955414,0,21,None,66,1,5,False,10,10
37996,156,degCent,10,0.7753781847133758,0,21,None,66,1,5,False,10,10
37997,157,degCent,10,0.7761743630573248,0,21,None,66,1,5,False,10,10
37998,158,degCent,10,0.7762738853503185,0,21,None,66,1,5,False,10,10
37999,159,degCent,10,0.7771695859872612,0,21,None,66,1,5,False,10,10
38000,155,degCent,10,0.7638335987261147,0,25,None,66,1,5,False,10,10
38001,156,degCent,10,0.7642316878980892,0,25,None,66,1,5,False,10,10
38002,157,degCent,10,0.7653264331210191,0,25,None,66,1,5,False,10,10
38003,158,degCent,10,0.7668192675159236,0,25,None,66,1,5,False,10,10
38004,159,degCent,10,0.7684116242038217,0,25,None,66,1,5,False,10,10
38005,155,degCent,10,0.759952229299363,0,26,None,66,1,5,False,10,10
38006,156,degCent,10,0.7595541401273885,0,26,None,66,1,5,False,10,10
38007,157,degCent,10,0.7613455414012739,0,26,None,66,1,5,False,10,10
38008,158,degCent,10,0.7616441082802548,0,26,None,66,1,5,False,10,10
38009,159,degCent,10,0.7628383757961783,0,26,None,66,1,5,False,10,10
38010,155,degCent,10,0.7586584394904459,0,12,None,66,1,5,False,10,10
38011,156,degCent,10,0.7595541401273885,0,12,None,66,1,5,False,10,10
38012,157,degCent,10,0.7600517515923567,0,12,None,66,1,5,False,10,10
38013,158,degCent,10,0.7616441082802548,0,12,None,66,1,5,False,10,10
38014,159,degCent,10,0.7620421974522293,0,12,None,66,1,5,False,10,10
38015,155,degCent,10,0.7681130573248408,0,28,None,66,1,5,False,10,10
38016,156,degCent,10,0.7687101910828026,0,28,None,66,1,5,False,10,10
38017,157,degCent,10,0.7693073248407644,0,28,None,66,1,5,False,10,10
38018,158,degCent,10,0.7697054140127388,0,28,None,66,1,5,False,10,10
38019,159,degCent,10,0.7706011146496815,0,28,None,66,1,5,False,10,10
38020,155,degCent,10,0.7625398089171974,0,24,None,66,1,5,False,10,10
38021,156,degCent,10,0.7650278662420382,0,24,None,66,1,5,False,10,10
38022,157,degCent,10,0.7690087579617835,0,24,None,66,1,5,False,10,10
38023,158,degCent,10,0.7714968152866242,0,24,None,66,1,5,False,10,10
38024,159,degCent,10,0.7743829617834395,0,24,None,66,1,5,False,10,10
38025,155,degCent,10,0.7097929936305732,0,31,None,66,1,5,False,10,10
38026,156,degCent,10,0.7243232484076433,0,31,None,66,1,5,False,10,10
38027,157,degCent,10,0.7339769108280255,0,31,None,66,1,5,False,10,10
38028,158,degCent,10,0.7401472929936306,0,31,None,66,1,5,False,10,10
38029,159,degCent,10,0.7425358280254777,0,31,None,66,1,5,False,10,10
38030,155,degCent,10,0.7663216560509554,0,18,None,66,1,5,False,10,10
38031,156,degCent,10,0.7642316878980892,0,18,None,66,1,5,False,10,10
38032,157,degCent,10,0.7655254777070064,0,18,None,66,1,5,False,10,10
38033,158,degCent,10,0.7664211783439491,0,18,None,66,1,5,False,10,10
38034,159,degCent,10,0.7664211783439491,0,18,None,66,1,5,False,10,10
38035,155,degCent,10,0.7658240445859873,0,1,None,66,1,5,False,10,10
38036,156,degCent,10,0.7663216560509554,0,1,None,66,1,5,False,10,10
38037,157,degCent,10,0.7672173566878981,0,1,None,66,1,5,False,10,10
38038,158,degCent,10,0.7677149681528662,0,1,None,66,1,5,False,10,10
38039,159,degCent,10,0.768312101910828,0,1,None,66,1,5,False,10,10
38040,155,degCent,10,0.7819466560509554,0,32,None,66,1,5,False,10,10
38041,156,degCent,10,0.7826433121019108,0,32,None,66,1,5,False,10,10
38042,157,degCent,10,0.7833399681528662,0,32,None,66,1,5,False,10,10
38043,158,degCent,10,0.7826433121019108,0,32,None,66,1,5,False,10,10
38044,159,degCent,10,0.7830414012738853,0,32,None,66,1,5,False,10,10
38045,155,degCent,10,0.7670183121019108,0,7,None,66,1,5,False,10,10
38046,156,degCent,10,0.7670183121019108,0,7,None,66,1,5,False,10,10
38047,157,degCent,10,0.7684116242038217,0,7,None,66,1,5,False,10,10
38048,158,degCent,10,0.7690087579617835,0,7,None,66,1,5,False,10,10
38049,159,degCent,10,0.7701035031847133,0,7,None,66,1,5,False,10,10
38050,155,degCent,10,0.7727906050955414,0,2,None,66,1,5,False,10,10
38051,156,degCent,10,0.7745820063694268,0,2,None,66,1,5,False,10,10
38052,157,degCent,10,0.7749800955414012,0,2,None,66,1,5,False,10,10
38053,158,degCent,10,0.7764729299363057,0,2,None,66,1,5,False,10,10
38054,159,degCent,10,0.7770700636942676,0,2,None,66,1,5,False,10,10
38055,155,degCent,10,0.7706011146496815,0,15,None,66,1,5,False,10,10
38056,156,degCent,10,0.771297770700637,0,15,None,66,1,5,False,10,10
38057,157,degCent,10,0.7723925159235668,0,15,None,66,1,5,False,10,10
38058,158,degCent,10,0.7735867834394905,0,15,None,66,1,5,False,10,10
38059,159,degCent,10,0.7740843949044586,0,15,None,66,1,5,False,10,10
38060,155,degCent,10,0.7715963375796179,0,4,None,66,1,5,False,10,10
38061,156,degCent,10,0.7731886942675159,0,4,None,66,1,5,False,10,10
38062,157,degCent,10,0.773984872611465,0,4,None,66,1,5,False,10,10
38063,158,degCent,10,0.7736863057324841,0,4,None,66,1,5,False,10,10
38064,159,degCent,10,0.7742834394904459,0,4,None,66,1,5,False,10,10
38065,155,degCent,10,0.761843152866242,0,10,None,66,1,5,False,10,10
38066,156,degCent,10,0.7616441082802548,0,10,None,66,1,5,False,10,10
38067,157,degCent,10,0.763734076433121,0,10,None,66,1,5,False,10,10
38068,158,degCent,10,0.7650278662420382,0,10,None,66,1,5,False,10,10
38069,159,degCent,10,0.7652269108280255,0,10,None,66,1,5,False,10,10
38070,155,degCent,10,0.7791600318471338,0,11,None,66,1,5,False,10,10
38071,156,degCent,10,0.7788614649681529,0,11,None,66,1,5,False,10,10
38072,157,degCent,10,0.7789609872611465,0,11,None,66,1,5,False,10,10
38073,158,degCent,10,0.7788614649681529,0,11,None,66,1,5,False,10,10
38074,159,degCent,10,0.7800557324840764,0,11,None,66,1,5,False,10,10
38075,155,degCent,10,0.7808519108280255,0,3,None,66,1,5,False,10,10
38076,156,degCent,10,0.7807523885350318,0,3,None,66,1,5,False,10,10
38077,157,degCent,10,0.7807523885350318,0,3,None,66,1,5,False,10,10
38078,158,degCent,10,0.7809514331210191,0,3,None,66,1,5,False,10,10
38079,159,degCent,10,0.7817476114649682,0,3,None,66,1,5,False,10,10
38080,155,degCent,10,0.7412420382165605,0,17,None,66,1,5,False,10,10
38081,156,degCent,10,0.7421377388535032,0,17,None,66,1,5,False,10,10
38082,157,degCent,10,0.7431329617834395,0,17,None,66,1,5,False,10,10
38083,158,degCent,10,0.7432324840764332,0,17,None,66,1,5,False,10,10
38084,159,degCent,10,0.7450238853503185,0,17,None,66,1,5,False,10,10
38085,155,degCent,10,0.7797571656050956,0,0,None,66,1,5,False,10,10
38086,156,degCent,10,0.78015525477707,0,0,None,66,1,5,False,10,10
38087,157,degCent,10,0.7813495222929936,0,0,None,66,1,5,False,10,10
38088,158,degCent,10,0.7817476114649682,0,0,None,66,1,5,False,10,10
38089,159,degCent,10,0.7821457006369427,0,0,None,66,1,5,False,10,10
38090,155,degCent,10,0.7744824840764332,0,9,None,66,1,5,False,10,10
38091,156,degCent,10,0.7742834394904459,0,9,None,66,1,5,False,10,10
38092,157,degCent,10,0.7751791401273885,0,9,None,66,1,5,False,10,10
38093,158,degCent,10,0.7752786624203821,0,9,None,66,1,5,False,10,10
38094,159,degCent,10,0.7759753184713376,0,9,None,66,1,5,False,10,10
38095,155,degCent,10,0.738953025477707,0,29,None,66,1,5,False,10,10
38096,156,degCent,10,0.7398487261146497,0,29,None,66,1,5,False,10,10
38097,157,degCent,10,0.7402468152866242,0,29,None,66,1,5,False,10,10
38098,158,degCent,10,0.7410429936305732,0,29,None,66,1,5,False,10,10
38099,159,degCent,10,0.7423367834394905,0,29,None,66,1,5,False,10,10
38100,155,degCent,10,0.7304936305732485,0,27,None,66,1,5,False,10,10
38101,156,degCent,10,0.7349721337579618,0,27,None,66,1,5,False,10,10
38102,157,degCent,10,0.7399482484076433,0,27,None,66,1,5,False,10,10
38103,158,degCent,10,0.742734872611465,0,27,None,66,1,5,False,10,10
38104,159,degCent,10,0.7452229299363057,0,27,None,66,1,5,False,10,10
38105,155,degCent,10,0.7008359872611465,0,6,None,66,1,5,False,10,10
38106,156,degCent,10,0.7019307324840764,0,6,None,66,1,5,False,10,10
38107,157,degCent,10,0.7028264331210191,0,6,None,66,1,5,False,10,10
38108,158,degCent,10,0.7030254777070064,0,6,None,66,1,5,False,10,10
38109,159,degCent,10,0.7036226114649682,0,6,None,66,1,5,False,10,10
38110,155,degCent,10,0.7753781847133758,0,30,None,66,1,5,False,10,10
38111,156,degCent,10,0.775577229299363,0,30,None,66,1,5,False,10,10
38112,157,degCent,10,0.7758757961783439,0,30,None,66,1,5,False,10,10
38113,158,degCent,10,0.776671974522293,0,30,None,66,1,5,False,10,10
38114,159,degCent,10,0.7777667197452229,0,30,None,66,1,5,False,10,10
38115,160,degCent,10,0.7734872611464968,0,15,None,66,1,5,False,10,10
38116,161,degCent,10,0.7743829617834395,0,15,None,66,1,5,False,10,10
38117,162,degCent,10,0.7753781847133758,0,15,None,66,1,5,False,10,10
38118,163,degCent,10,0.7762738853503185,0,15,None,66,1,5,False,10,10
38119,164,degCent,10,0.777468152866242,0,15,None,66,1,5,False,10,10
38120,160,degCent,10,0.7810509554140127,0,11,None,66,1,5,False,10,10
38121,161,degCent,10,0.7808519108280255,0,11,None,66,1,5,False,10,10
38122,162,degCent,10,0.7814490445859873,0,11,None,66,1,5,False,10,10
38123,163,degCent,10,0.7816480891719745,0,11,None,66,1,5,False,10,10
38124,164,degCent,10,0.7821457006369427,0,11,None,66,1,5,False,10,10
38125,160,degCent,10,0.7461186305732485,0,19,None,66,1,5,False,10,10
38126,161,degCent,10,0.7506966560509554,0,19,None,66,1,5,False,10,10
38127,162,degCent,10,0.7560708598726115,0,19,None,66,1,5,False,10,10
38128,163,degCent,10,0.7604498407643312,0,19,None,66,1,5,False,10,10
38129,164,degCent,10,0.762937898089172,0,19,None,66,1,5,False,10,10
38130,160,degCent,10,0.7442277070063694,0,17,None,66,1,5,False,10,10
38131,161,degCent,10,0.7461186305732485,0,17,None,66,1,5,False,10,10
38132,162,degCent,10,0.7472133757961783,0,17,None,66,1,5,False,10,10
38133,163,degCent,10,0.7469148089171974,0,17,None,66,1,5,False,10,10
38134,164,degCent,10,0.7485071656050956,0,17,None,66,1,5,False,10,10
38135,160,degCent,10,0.7677149681528662,0,1,None,66,1,5,False,10,10
38136,161,degCent,10,0.7693073248407644,0,1,None,66,1,5,False,10,10
38137,162,degCent,10,0.7703025477707006,0,1,None,66,1,5,False,10,10
38138,163,degCent,10,0.7708996815286624,0,1,None,66,1,5,False,10,10
38139,164,degCent,10,0.7718949044585988,0,1,None,66,1,5,False,10,10
38140,160,degCent,10,0.7771695859872612,0,21,None,66,1,5,False,10,10
38141,161,degCent,10,0.7779657643312102,0,21,None,66,1,5,False,10,10
38142,162,degCent,10,0.7778662420382165,0,21,None,66,1,5,False,10,10
38143,163,degCent,10,0.7784633757961783,0,21,None,66,1,5,False,10,10
38144,164,degCent,10,0.7794585987261147,0,21,None,66,1,5,False,10,10
38145,160,degCent,10,0.7709992038216561,0,28,None,66,1,5,False,10,10
38146,161,degCent,10,0.7723925159235668,0,28,None,66,1,5,False,10,10
38147,162,degCent,10,0.7718949044585988,0,28,None,66,1,5,False,10,10
38148,163,degCent,10,0.7725915605095541,0,28,None,66,1,5,False,10,10
38149,164,degCent,10,0.7732882165605095,0,28,None,66,1,5,False,10,10
38150,160,degCent,10,0.7657245222929936,0,24,None,66,1,5,False,10,10
38151,161,degCent,10,0.7681130573248408,0,24,None,66,1,5,False,10,10
38152,162,degCent,10,0.7716958598726115,0,24,None,66,1,5,False,10,10
38153,163,degCent,10,0.7743829617834395,0,24,None,66,1,5,False,10,10
38154,164,degCent,10,0.7765724522292994,0,24,None,66,1,5,False,10,10
38155,160,degCent,10,0.767515923566879,0,18,None,66,1,5,False,10,10
38156,161,degCent,10,0.7681130573248408,0,18,None,66,1,5,False,10,10
38157,162,degCent,10,0.7680135350318471,0,18,None,66,1,5,False,10,10
38158,163,degCent,10,0.7673168789808917,0,18,None,66,1,5,False,10,10
38159,164,degCent,10,0.7677149681528662,0,18,None,66,1,5,False,10,10
38160,160,degCent,10,0.7336783439490446,0,27,None,66,1,5,False,10,10
38161,161,degCent,10,0.7407444267515924,0,27,None,66,1,5,False,10,10
38162,162,degCent,10,0.7438296178343949,0,27,None,66,1,5,False,10,10
38163,163,degCent,10,0.7466162420382165,0,27,None,66,1,5,False,10,10
38164,164,degCent,10,0.7498009554140127,0,27,None,66,1,5,False,10,10
38165,160,degCent,10,0.7129777070063694,0,31,None,66,1,5,False,10,10
38166,161,degCent,10,0.7254179936305732,0,31,None,66,1,5,False,10,10
38167,162,degCent,10,0.734375,0,31,None,66,1,5,False,10,10
38168,163,degCent,10,0.7405453821656051,0,31,None,66,1,5,False,10,10
38169,164,degCent,10,0.7438296178343949,0,31,None,66,1,5,False,10,10
38170,160,degCent,10,0.7650278662420382,0,10,None,66,1,5,False,10,10
38171,161,degCent,10,0.7650278662420382,0,10,None,66,1,5,False,10,10
38172,162,degCent,10,0.7668192675159236,0,10,None,66,1,5,False,10,10
38173,163,degCent,10,0.7673168789808917,0,10,None,66,1,5,False,10,10
38174,164,degCent,10,0.7674164012738853,0,10,None,66,1,5,False,10,10
38175,160,degCent,10,0.7654259554140127,0,8,None,66,1,5,False,10,10
38176,161,degCent,10,0.7655254777070064,0,8,None,66,1,5,False,10,10
38177,162,degCent,10,0.7657245222929936,0,8,None,66,1,5,False,10,10
38178,163,degCent,10,0.7660230891719745,0,8,None,66,1,5,False,10,10
38179,164,degCent,10,0.7662221337579618,0,8,None,66,1,5,False,10,10
38180,160,degCent,10,0.765625,0,20,None,66,1,5,False,10,10
38181,161,degCent,10,0.7670183121019108,0,20,None,66,1,5,False,10,10
38182,162,degCent,10,0.7678144904458599,0,20,None,66,1,5,False,10,10
38183,163,degCent,10,0.7682125796178344,0,20,None,66,1,5,False,10,10
38184,164,degCent,10,0.7691082802547771,0,20,None,66,1,5,False,10,10
38185,160,degCent,10,0.7716958598726115,0,23,None,66,1,5,False,10,10
38186,161,degCent,10,0.7722929936305732,0,23,None,66,1,5,False,10,10
38187,162,degCent,10,0.7737858280254777,0,23,None,66,1,5,False,10,10
38188,163,degCent,10,0.7752786624203821,0,23,None,66,1,5,False,10,10
38189,164,degCent,10,0.7754777070063694,0,23,None,66,1,5,False,10,10
38190,160,degCent,10,0.755672770700637,0,16,None,66,1,5,False,10,10
38191,161,degCent,10,0.7573646496815286,0,16,None,66,1,5,False,10,10
38192,162,degCent,10,0.7581608280254777,0,16,None,66,1,5,False,10,10
38193,163,degCent,10,0.7594546178343949,0,16,None,66,1,5,False,10,10
38194,164,degCent,10,0.7609474522292994,0,16,None,66,1,5,False,10,10
38195,160,degCent,10,0.7841361464968153,0,32,None,66,1,5,False,10,10
38196,161,degCent,10,0.7847332802547771,0,32,None,66,1,5,False,10,10
38197,162,degCent,10,0.7847332802547771,0,32,None,66,1,5,False,10,10
38198,163,degCent,10,0.7853304140127388,0,32,None,66,1,5,False,10,10
38199,164,degCent,10,0.7857285031847133,0,32,None,66,1,5,False,10,10
38200,160,degCent,10,0.785031847133758,0,22,None,66,1,5,False,10,10
38201,161,degCent,10,0.7849323248407644,0,22,None,66,1,5,False,10,10
38202,162,degCent,10,0.7860270700636943,0,22,None,66,1,5,False,10,10
38203,163,degCent,10,0.786922770700637,0,22,None,66,1,5,False,10,10
38204,164,degCent,10,0.7873208598726115,0,22,None,66,1,5,False,10,10
38205,160,degCent,10,0.7758757961783439,0,13,None,66,1,5,False,10,10
38206,161,degCent,10,0.7759753184713376,0,13,None,66,1,5,False,10,10
38207,162,degCent,10,0.7771695859872612,0,13,None,66,1,5,False,10,10
38208,163,degCent,10,0.7769705414012739,0,13,None,66,1,5,False,10,10
38209,164,degCent,10,0.7780652866242038,0,13,None,66,1,5,False,10,10
38210,160,degCent,10,0.7753781847133758,0,2,None,66,1,5,False,10,10
38211,161,degCent,10,0.7768710191082803,0,2,None,66,1,5,False,10,10
38212,162,degCent,10,0.7775676751592356,0,2,None,66,1,5,False,10,10
38213,163,degCent,10,0.7773686305732485,0,2,None,66,1,5,False,10,10
38214,164,degCent,10,0.7791600318471338,0,2,None,66,1,5,False,10,10
38215,160,degCent,10,0.768312101910828,0,25,None,66,1,5,False,10,10
38216,161,degCent,10,0.7691082802547771,0,25,None,66,1,5,False,10,10
38217,162,degCent,10,0.7707006369426752,0,25,None,66,1,5,False,10,10
38218,163,degCent,10,0.7718949044585988,0,25,None,66,1,5,False,10,10
38219,164,degCent,10,0.7716958598726115,0,25,None,66,1,5,False,10,10
38220,160,degCent,10,0.775577229299363,0,9,None,66,1,5,False,10,10
38221,161,degCent,10,0.7765724522292994,0,9,None,66,1,5,False,10,10
38222,162,degCent,10,0.7765724522292994,0,9,None,66,1,5,False,10,10
38223,163,degCent,10,0.7772691082802548,0,9,None,66,1,5,False,10,10
38224,164,degCent,10,0.7779657643312102,0,9,None,66,1,5,False,10,10
38225,160,degCent,10,0.7432324840764332,0,29,None,66,1,5,False,10,10
38226,161,degCent,10,0.7447253184713376,0,29,None,66,1,5,False,10,10
38227,162,degCent,10,0.744327229299363,0,29,None,66,1,5,False,10,10
38228,163,degCent,10,0.7447253184713376,0,29,None,66,1,5,False,10,10
38229,164,degCent,10,0.7447253184713376,0,29,None,66,1,5,False,10,10
38230,160,degCent,10,0.7698049363057324,0,7,None,66,1,5,False,10,10
38231,161,degCent,10,0.769406847133758,0,7,None,66,1,5,False,10,10
38232,162,degCent,10,0.7707006369426752,0,7,None,66,1,5,False,10,10
38233,163,degCent,10,0.7714968152866242,0,7,None,66,1,5,False,10,10
38234,164,degCent,10,0.7727906050955414,0,7,None,66,1,5,False,10,10
38235,160,degCent,10,0.775577229299363,0,4,None,66,1,5,False,10,10
38236,161,degCent,10,0.7761743630573248,0,4,None,66,1,5,False,10,10
38237,162,degCent,10,0.7763734076433121,0,4,None,66,1,5,False,10,10
38238,163,degCent,10,0.7764729299363057,0,4,None,66,1,5,False,10,10
38239,164,degCent,10,0.7776671974522293,0,4,None,66,1,5,False,10,10
38240,160,degCent,10,0.7612460191082803,0,12,None,66,1,5,False,10,10
38241,161,degCent,10,0.7625398089171974,0,12,None,66,1,5,False,10,10
38242,162,degCent,10,0.7640326433121019,0,12,None,66,1,5,False,10,10
38243,163,degCent,10,0.7654259554140127,0,12,None,66,1,5,False,10,10
38244,164,degCent,10,0.7661226114649682,0,12,None,66,1,5,False,10,10
38245,160,degCent,10,0.7745820063694268,0,14,None,66,1,5,False,10,10
38246,161,degCent,10,0.7740843949044586,0,14,None,66,1,5,False,10,10
38247,162,degCent,10,0.774781050955414,0,14,None,66,1,5,False,10,10
38248,163,degCent,10,0.7749800955414012,0,14,None,66,1,5,False,10,10
38249,164,degCent,10,0.7744824840764332,0,14,None,66,1,5,False,10,10
38250,160,degCent,10,0.7620421974522293,0,26,None,66,1,5,False,10,10
38251,161,degCent,10,0.7624402866242038,0,26,None,66,1,5,False,10,10
38252,162,degCent,10,0.763734076433121,0,26,None,66,1,5,False,10,10
38253,163,degCent,10,0.7639331210191083,0,26,None,66,1,5,False,10,10
38254,164,degCent,10,0.765625,0,26,None,66,1,5,False,10,10
38255,160,degCent,10,0.7783638535031847,0,30,None,66,1,5,False,10,10
38256,161,degCent,10,0.7784633757961783,0,30,None,66,1,5,False,10,10
38257,162,degCent,10,0.7784633757961783,0,30,None,66,1,5,False,10,10
38258,163,degCent,10,0.7794585987261147,0,30,None,66,1,5,False,10,10
38259,164,degCent,10,0.7804538216560509,0,30,None,66,1,5,False,10,10
38260,160,degCent,10,0.7813495222929936,0,0,None,66,1,5,False,10,10
38261,161,degCent,10,0.7824442675159236,0,0,None,66,1,5,False,10,10
38262,162,degCent,10,0.783140923566879,0,0,None,66,1,5,False,10,10
38263,163,degCent,10,0.7832404458598726,0,0,None,66,1,5,False,10,10
38264,164,degCent,10,0.783937101910828,0,0,None,66,1,5,False,10,10
38265,160,degCent,10,0.7387539808917197,0,5,None,66,1,5,False,10,10
38266,161,degCent,10,0.7385549363057324,0,5,None,66,1,5,False,10,10
38267,162,degCent,10,0.7382563694267515,0,5,None,66,1,5,False,10,10
38268,163,degCent,10,0.7392515923566879,0,5,None,66,1,5,False,10,10
38269,164,degCent,10,0.7403463375796179,0,5,None,66,1,5,False,10,10
38270,160,degCent,10,0.7028264331210191,0,6,None,66,1,5,False,10,10
38271,161,degCent,10,0.7043192675159236,0,6,None,66,1,5,False,10,10
38272,162,degCent,10,0.7054140127388535,0,6,None,66,1,5,False,10,10
38273,163,degCent,10,0.7064092356687898,0,6,None,66,1,5,False,10,10
38274,164,degCent,10,0.706906847133758,0,6,None,66,1,5,False,10,10
38275,160,degCent,10,0.7845342356687898,0,3,None,66,1,5,False,10,10
38276,161,degCent,10,0.7846337579617835,0,3,None,66,1,5,False,10,10
38277,162,degCent,10,0.7841361464968153,0,3,None,66,1,5,False,10,10
38278,163,degCent,10,0.7842356687898089,0,3,None,66,1,5,False,10,10
38279,164,degCent,10,0.783937101910828,0,3,None,66,1,5,False,10,10
38280,165,degCent,10,0.7709992038216561,0,1,None,66,1,5,False,10,10
38281,166,degCent,10,0.7714968152866242,0,1,None,66,1,5,False,10,10
38282,167,degCent,10,0.7722929936305732,0,1,None,66,1,5,False,10,10
38283,168,degCent,10,0.7730891719745223,0,1,None,66,1,5,False,10,10
38284,169,degCent,10,0.7738853503184714,0,1,None,66,1,5,False,10,10
38285,165,degCent,10,0.7777667197452229,0,2,None,66,1,5,False,10,10
38286,166,degCent,10,0.7782643312101911,0,2,None,66,1,5,False,10,10
38287,167,degCent,10,0.7788614649681529,0,2,None,66,1,5,False,10,10
38288,168,degCent,10,0.7805533439490446,0,2,None,66,1,5,False,10,10
38289,169,degCent,10,0.7816480891719745,0,2,None,66,1,5,False,10,10
38290,165,degCent,10,0.7781648089171974,0,21,None,66,1,5,False,10,10
38291,166,degCent,10,0.778562898089172,0,21,None,66,1,5,False,10,10
38292,167,degCent,10,0.7789609872611465,0,21,None,66,1,5,False,10,10
38293,168,degCent,10,0.7798566878980892,0,21,None,66,1,5,False,10,10
38294,169,degCent,10,0.7799562101910829,0,21,None,66,1,5,False,10,10
38295,165,degCent,10,0.7734872611464968,0,23,None,66,1,5,False,10,10
38296,166,degCent,10,0.7756767515923567,0,23,None,66,1,5,False,10,10
38297,167,degCent,10,0.7763734076433121,0,23,None,66,1,5,False,10,10
38298,168,degCent,10,0.7761743630573248,0,23,None,66,1,5,False,10,10
38299,169,degCent,10,0.7767714968152867,0,23,None,66,1,5,False,10,10
38300,165,degCent,10,0.7736863057324841,0,28,None,66,1,5,False,10,10
38301,166,degCent,10,0.7743829617834395,0,28,None,66,1,5,False,10,10
38302,167,degCent,10,0.7753781847133758,0,28,None,66,1,5,False,10,10
38303,168,degCent,10,0.775577229299363,0,28,None,66,1,5,False,10,10
38304,169,degCent,10,0.7750796178343949,0,28,None,66,1,5,False,10,10
38305,165,degCent,10,0.7406449044585988,0,29,None,66,1,5,False,10,10
38306,166,degCent,10,0.7413415605095541,0,29,None,66,1,5,False,10,10
38307,167,degCent,10,0.7429339171974523,0,29,None,66,1,5,False,10,10
38308,168,degCent,10,0.7445262738853503,0,29,None,66,1,5,False,10,10
38309,169,degCent,10,0.7449243630573248,0,29,None,66,1,5,False,10,10
38310,165,degCent,10,0.7718949044585988,0,7,None,66,1,5,False,10,10
38311,166,degCent,10,0.7726910828025477,0,7,None,66,1,5,False,10,10
38312,167,degCent,10,0.7733877388535032,0,7,None,66,1,5,False,10,10
38313,168,degCent,10,0.7731886942675159,0,7,None,66,1,5,False,10,10
38314,169,degCent,10,0.7737858280254777,0,7,None,66,1,5,False,10,10
38315,165,degCent,10,0.7857285031847133,0,32,None,66,1,5,False,10,10
38316,166,degCent,10,0.7860270700636943,0,32,None,66,1,5,False,10,10
38317,167,degCent,10,0.7864251592356688,0,32,None,66,1,5,False,10,10
38318,168,degCent,10,0.7872213375796179,0,32,None,66,1,5,False,10,10
38319,169,degCent,10,0.7876194267515924,0,32,None,66,1,5,False,10,10
38320,165,degCent,10,0.7780652866242038,0,13,None,66,1,5,False,10,10
38321,166,degCent,10,0.7782643312101911,0,13,None,66,1,5,False,10,10
38322,167,degCent,10,0.7790605095541401,0,13,None,66,1,5,False,10,10
38323,168,degCent,10,0.7791600318471338,0,13,None,66,1,5,False,10,10
38324,169,degCent,10,0.7800557324840764,0,13,None,66,1,5,False,10,10
38325,165,degCent,10,0.7717953821656051,0,25,None,66,1,5,False,10,10
38326,166,degCent,10,0.772890127388535,0,25,None,66,1,5,False,10,10
38327,167,degCent,10,0.7722929936305732,0,25,None,66,1,5,False,10,10
38328,168,degCent,10,0.7738853503184714,0,25,None,66,1,5,False,10,10
38329,169,degCent,10,0.7742834394904459,0,25,None,66,1,5,False,10,10
38330,165,degCent,10,0.7780652866242038,0,9,None,66,1,5,False,10,10
38331,166,degCent,10,0.7781648089171974,0,9,None,66,1,5,False,10,10
38332,167,degCent,10,0.7784633757961783,0,9,None,66,1,5,False,10,10
38333,168,degCent,10,0.7791600318471338,0,9,None,66,1,5,False,10,10
38334,169,degCent,10,0.7800557324840764,0,9,None,66,1,5,False,10,10
38335,165,degCent,10,0.7770700636942676,0,14,None,66,1,5,False,10,10
38336,166,degCent,10,0.7765724522292994,0,14,None,66,1,5,False,10,10
38337,167,degCent,10,0.7771695859872612,0,14,None,66,1,5,False,10,10
38338,168,degCent,10,0.7773686305732485,0,14,None,66,1,5,False,10,10
38339,169,degCent,10,0.7779657643312102,0,14,None,66,1,5,False,10,10
38340,165,degCent,10,0.7875199044585988,0,22,None,66,1,5,False,10,10
38341,166,degCent,10,0.7880175159235668,0,22,None,66,1,5,False,10,10
38342,167,degCent,10,0.7884156050955414,0,22,None,66,1,5,False,10,10
38343,168,degCent,10,0.7890127388535032,0,22,None,66,1,5,False,10,10
38344,169,degCent,10,0.7895103503184714,0,22,None,66,1,5,False,10,10
38345,165,degCent,10,0.7643312101910829,0,26,None,66,1,5,False,10,10
38346,166,degCent,10,0.7646297770700637,0,26,None,66,1,5,False,10,10
38347,167,degCent,10,0.7644307324840764,0,26,None,66,1,5,False,10,10
38348,168,degCent,10,0.7659235668789809,0,26,None,66,1,5,False,10,10
38349,169,degCent,10,0.7669187898089171,0,26,None,66,1,5,False,10,10
38350,165,degCent,10,0.7642316878980892,0,12,None,66,1,5,False,10,10
38351,166,degCent,10,0.7659235668789809,0,12,None,66,1,5,False,10,10
38352,167,degCent,10,0.7665207006369427,0,12,None,66,1,5,False,10,10
38353,168,degCent,10,0.7676154458598726,0,12,None,66,1,5,False,10,10
38354,169,degCent,10,0.768312101910828,0,12,None,66,1,5,False,10,10
38355,165,degCent,10,0.7310907643312102,0,27,None,66,1,5,False,10,10
38356,166,degCent,10,0.7387539808917197,0,27,None,66,1,5,False,10,10
38357,167,degCent,10,0.7449243630573248,0,27,None,66,1,5,False,10,10
38358,168,degCent,10,0.7486066878980892,0,27,None,66,1,5,False,10,10
38359,169,degCent,10,0.7511942675159236,0,27,None,66,1,5,False,10,10
38360,165,degCent,10,0.7804538216560509,0,30,None,66,1,5,False,10,10
38361,166,degCent,10,0.7805533439490446,0,30,None,66,1,5,False,10,10
38362,167,degCent,10,0.7811504777070064,0,30,None,66,1,5,False,10,10
38363,168,degCent,10,0.7817476114649682,0,30,None,66,1,5,False,10,10
38364,169,degCent,10,0.7830414012738853,0,30,None,66,1,5,False,10,10
38365,165,degCent,10,0.7669187898089171,0,24,None,66,1,5,False,10,10
38366,166,degCent,10,0.7703025477707006,0,24,None,66,1,5,False,10,10
38367,167,degCent,10,0.7727906050955414,0,24,None,66,1,5,False,10,10
38368,168,degCent,10,0.7764729299363057,0,24,None,66,1,5,False,10,10
38369,169,degCent,10,0.7788614649681529,0,24,None,66,1,5,False,10,10
38370,165,degCent,10,0.7697054140127388,0,20,None,66,1,5,False,10,10
38371,166,degCent,10,0.7696058917197452,0,20,None,66,1,5,False,10,10
38372,167,degCent,10,0.7705015923566879,0,20,None,66,1,5,False,10,10
38373,168,degCent,10,0.7715963375796179,0,20,None,66,1,5,False,10,10
38374,169,degCent,10,0.7729896496815286,0,20,None,66,1,5,False,10,10
38375,165,degCent,10,0.7193471337579618,0,31,None,66,1,5,False,10,10
38376,166,degCent,10,0.73328025477707,0,31,None,66,1,5,False,10,10
38377,167,degCent,10,0.7402468152866242,0,31,None,66,1,5,False,10,10
38378,168,degCent,10,0.7450238853503185,0,31,None,66,1,5,False,10,10
38379,169,degCent,10,0.7482085987261147,0,31,None,66,1,5,False,10,10
38380,165,degCent,10,0.7426353503184714,0,5,None,66,1,5,False,10,10
38381,166,degCent,10,0.742734872611465,0,5,None,66,1,5,False,10,10
38382,167,degCent,10,0.7428343949044586,0,5,None,66,1,5,False,10,10
38383,168,degCent,10,0.7431329617834395,0,5,None,66,1,5,False,10,10
38384,169,degCent,10,0.7428343949044586,0,5,None,66,1,5,False,10,10
38385,165,degCent,10,0.7064092356687898,0,6,None,66,1,5,False,10,10
38386,166,degCent,10,0.7068073248407644,0,6,None,66,1,5,False,10,10
38387,167,degCent,10,0.7084992038216561,0,6,None,66,1,5,False,10,10
38388,168,degCent,10,0.7088972929936306,0,6,None,66,1,5,False,10,10
38389,169,degCent,10,0.709593949044586,0,6,None,66,1,5,False,10,10
38390,165,degCent,10,0.7773686305732485,0,4,None,66,1,5,False,10,10
38391,166,degCent,10,0.7783638535031847,0,4,None,66,1,5,False,10,10
38392,167,degCent,10,0.7791600318471338,0,4,None,66,1,5,False,10,10
38393,168,degCent,10,0.7789609872611465,0,4,None,66,1,5,False,10,10
38394,169,degCent,10,0.7791600318471338,0,4,None,66,1,5,False,10,10
38395,165,degCent,10,0.7838375796178344,0,0,None,66,1,5,False,10,10
38396,166,degCent,10,0.7844347133757962,0,0,None,66,1,5,False,10,10
38397,167,degCent,10,0.7845342356687898,0,0,None,66,1,5,False,10,10
38398,168,degCent,10,0.7851313694267515,0,0,None,66,1,5,False,10,10
38399,169,degCent,10,0.7847332802547771,0,0,None,66,1,5,False,10,10
38400,165,degCent,10,0.7561703821656051,0,16,None,66,1,5,False,10,10
38401,166,degCent,10,0.7566679936305732,0,16,None,66,1,5,False,10,10
38402,167,degCent,10,0.7582603503184714,0,16,None,66,1,5,False,10,10
38403,168,degCent,10,0.7602507961783439,0,16,None,66,1,5,False,10,10
38404,169,degCent,10,0.761046974522293,0,16,None,66,1,5,False,10,10
38405,165,degCent,10,0.7690087579617835,0,8,None,66,1,5,False,10,10
38406,166,degCent,10,0.7689092356687898,0,8,None,66,1,5,False,10,10
38407,167,degCent,10,0.7686106687898089,0,8,None,66,1,5,False,10,10
38408,168,degCent,10,0.7682125796178344,0,8,None,66,1,5,False,10,10
38409,169,degCent,10,0.7691082802547771,0,8,None,66,1,5,False,10,10
38410,165,degCent,10,0.7480095541401274,0,19,None,66,1,5,False,10,10
38411,166,degCent,10,0.7529856687898089,0,19,None,66,1,5,False,10,10
38412,167,degCent,10,0.7578622611464968,0,19,None,66,1,5,False,10,10
38413,168,degCent,10,0.7619426751592356,0,19,None,66,1,5,False,10,10
38414,169,degCent,10,0.7635350318471338,0,19,None,66,1,5,False,10,10
38415,165,degCent,10,0.7696058917197452,0,18,None,66,1,5,False,10,10
38416,166,degCent,10,0.7686106687898089,0,18,None,66,1,5,False,10,10
38417,167,degCent,10,0.7681130573248408,0,18,None,66,1,5,False,10,10
38418,168,degCent,10,0.7684116242038217,0,18,None,66,1,5,False,10,10
38419,169,degCent,10,0.7688097133757962,0,18,None,66,1,5,False,10,10
38420,165,degCent,10,0.7668192675159236,0,10,None,66,1,5,False,10,10
38421,166,degCent,10,0.7669187898089171,0,10,None,66,1,5,False,10,10
38422,167,degCent,10,0.7684116242038217,0,10,None,66,1,5,False,10,10
38423,168,degCent,10,0.7687101910828026,0,10,None,66,1,5,False,10,10
38424,169,degCent,10,0.7685111464968153,0,10,None,66,1,5,False,10,10
38425,165,degCent,10,0.7757762738853503,0,15,None,66,1,5,False,10,10
38426,166,degCent,10,0.7768710191082803,0,15,None,66,1,5,False,10,10
38427,167,degCent,10,0.7775676751592356,0,15,None,66,1,5,False,10,10
38428,168,degCent,10,0.7788614649681529,0,15,None,66,1,5,False,10,10
38429,169,degCent,10,0.779359076433121,0,15,None,66,1,5,False,10,10
38430,165,degCent,10,0.7876194267515924,0,3,None,66,1,5,False,10,10
38431,166,degCent,10,0.7864251592356688,0,3,None,66,1,5,False,10,10
38432,167,degCent,10,0.7862261146496815,0,3,None,66,1,5,False,10,10
38433,168,degCent,10,0.7864251592356688,0,3,None,66,1,5,False,10,10
38434,169,degCent,10,0.7870222929936306,0,3,None,66,1,5,False,10,10
38435,165,degCent,10,0.7832404458598726,0,11,None,66,1,5,False,10,10
38436,166,degCent,10,0.783937101910828,0,11,None,66,1,5,False,10,10
38437,167,degCent,10,0.783937101910828,0,11,None,66,1,5,False,10,10
38438,168,degCent,10,0.7840366242038217,0,11,None,66,1,5,False,10,10
38439,169,degCent,10,0.7846337579617835,0,11,None,66,1,5,False,10,10
38440,165,degCent,10,0.7488057324840764,0,17,None,66,1,5,False,10,10
38441,166,degCent,10,0.7492038216560509,0,17,None,66,1,5,False,10,10
38442,167,degCent,10,0.7497014331210191,0,17,None,66,1,5,False,10,10
38443,168,degCent,10,0.7514928343949044,0,17,None,66,1,5,False,10,10
38444,169,degCent,10,0.7516918789808917,0,17,None,66,1,5,False,10,10
38445,170,degCent,10,0.7723925159235668,0,1,None,66,1,5,False,10,10
38446,171,degCent,10,0.7744824840764332,0,1,None,66,1,5,False,10,10
38447,172,degCent,10,0.7752786624203821,0,1,None,66,1,5,False,10,10
38448,173,degCent,10,0.7765724522292994,0,1,None,66,1,5,False,10,10
38449,174,degCent,10,0.7775676751592356,0,1,None,66,1,5,False,10,10
38450,170,degCent,10,0.7807523885350318,0,2,None,66,1,5,False,10,10
38451,171,degCent,10,0.7814490445859873,0,2,None,66,1,5,False,10,10
38452,172,degCent,10,0.7813495222929936,0,2,None,66,1,5,False,10,10
38453,173,degCent,10,0.7826433121019108,0,2,None,66,1,5,False,10,10
38454,174,degCent,10,0.7834394904458599,0,2,None,66,1,5,False,10,10
38455,170,degCent,10,0.7907046178343949,0,22,None,66,1,5,False,10,10
38456,171,degCent,10,0.7911027070063694,0,22,None,66,1,5,False,10,10
38457,172,degCent,10,0.7914012738853503,0,22,None,66,1,5,False,10,10
38458,173,degCent,10,0.791202229299363,0,22,None,66,1,5,False,10,10
38459,174,degCent,10,0.7915007961783439,0,22,None,66,1,5,False,10,10
38460,170,degCent,10,0.7745820063694268,0,23,None,66,1,5,False,10,10
38461,171,degCent,10,0.7772691082802548,0,23,None,66,1,5,False,10,10
38462,172,degCent,10,0.7771695859872612,0,23,None,66,1,5,False,10,10
38463,173,degCent,10,0.7778662420382165,0,23,None,66,1,5,False,10,10
38464,174,degCent,10,0.7780652866242038,0,23,None,66,1,5,False,10,10
38465,170,degCent,10,0.7465167197452229,0,5,None,66,1,5,False,10,10
38466,171,degCent,10,0.7472133757961783,0,5,None,66,1,5,False,10,10
38467,172,degCent,10,0.7461186305732485,0,5,None,66,1,5,False,10,10
38468,173,degCent,10,0.7466162420382165,0,5,None,66,1,5,False,10,10
38469,174,degCent,10,0.7467157643312102,0,5,None,66,1,5,False,10,10
38470,170,degCent,10,0.7568670382165605,0,16,None,66,1,5,False,10,10
38471,171,degCent,10,0.7584593949044586,0,16,None,66,1,5,False,10,10
38472,172,degCent,10,0.7601512738853503,0,16,None,66,1,5,False,10,10
38473,173,degCent,10,0.7608479299363057,0,16,None,66,1,5,False,10,10
38474,174,degCent,10,0.7631369426751592,0,16,None,66,1,5,False,10,10
38475,170,degCent,10,0.7748805732484076,0,7,None,66,1,5,False,10,10
38476,171,degCent,10,0.7744824840764332,0,7,None,66,1,5,False,10,10
38477,172,degCent,10,0.7744824840764332,0,7,None,66,1,5,False,10,10
38478,173,degCent,10,0.7758757961783439,0,7,None,66,1,5,False,10,10
38479,174,degCent,10,0.7764729299363057,0,7,None,66,1,5,False,10,10
38480,170,degCent,10,0.7884156050955414,0,32,None,66,1,5,False,10,10
38481,171,degCent,10,0.7886146496815286,0,32,None,66,1,5,False,10,10
38482,172,degCent,10,0.7886146496815286,0,32,None,66,1,5,False,10,10
38483,173,degCent,10,0.7890127388535032,0,32,None,66,1,5,False,10,10
38484,174,degCent,10,0.7897093949044586,0,32,None,66,1,5,False,10,10
38485,170,degCent,10,0.7800557324840764,0,9,None,66,1,5,False,10,10
38486,171,degCent,10,0.7803542993630573,0,9,None,66,1,5,False,10,10
38487,172,degCent,10,0.7806528662420382,0,9,None,66,1,5,False,10,10
38488,173,degCent,10,0.7814490445859873,0,9,None,66,1,5,False,10,10
38489,174,degCent,10,0.7816480891719745,0,9,None,66,1,5,False,10,10
38490,170,degCent,10,0.7787619426751592,0,14,None,66,1,5,False,10,10
38491,171,degCent,10,0.7796576433121019,0,14,None,66,1,5,False,10,10
38492,172,degCent,10,0.7803542993630573,0,14,None,66,1,5,False,10,10
38493,173,degCent,10,0.7814490445859873,0,14,None,66,1,5,False,10,10
38494,174,degCent,10,0.7815485668789809,0,14,None,66,1,5,False,10,10
38495,170,degCent,10,0.7429339171974523,0,29,None,66,1,5,False,10,10
38496,171,degCent,10,0.7437300955414012,0,29,None,66,1,5,False,10,10
38497,172,degCent,10,0.7446257961783439,0,29,None,66,1,5,False,10,10
38498,173,degCent,10,0.7460191082802548,0,29,None,66,1,5,False,10,10
38499,174,degCent,10,0.7464171974522293,0,29,None,66,1,5,False,10,10
38500,170,degCent,10,0.7661226114649682,0,12,None,66,1,5,False,10,10
38501,171,degCent,10,0.767515923566879,0,12,None,66,1,5,False,10,10
38502,172,degCent,10,0.7686106687898089,0,12,None,66,1,5,False,10,10
38503,173,degCent,10,0.7700039808917197,0,12,None,66,1,5,False,10,10
38504,174,degCent,10,0.7699044585987261,0,12,None,66,1,5,False,10,10
38505,170,degCent,10,0.7081011146496815,0,6,None,66,1,5,False,10,10
38506,171,degCent,10,0.7081011146496815,0,6,None,66,1,5,False,10,10
38507,172,degCent,10,0.7090963375796179,0,6,None,66,1,5,False,10,10
38508,173,degCent,10,0.7106886942675159,0,6,None,66,1,5,False,10,10
38509,174,degCent,10,0.7111863057324841,0,6,None,66,1,5,False,10,10
38510,170,degCent,10,0.7815485668789809,0,13,None,66,1,5,False,10,10
38511,171,degCent,10,0.7818471337579618,0,13,None,66,1,5,False,10,10
38512,172,degCent,10,0.7814490445859873,0,13,None,66,1,5,False,10,10
38513,173,degCent,10,0.7815485668789809,0,13,None,66,1,5,False,10,10
38514,174,degCent,10,0.7819466560509554,0,13,None,66,1,5,False,10,10
38515,170,degCent,10,0.7745820063694268,0,25,None,66,1,5,False,10,10
38516,171,degCent,10,0.7753781847133758,0,25,None,66,1,5,False,10,10
38517,172,degCent,10,0.7753781847133758,0,25,None,66,1,5,False,10,10
38518,173,degCent,10,0.7762738853503185,0,25,None,66,1,5,False,10,10
38519,174,degCent,10,0.7767714968152867,0,25,None,66,1,5,False,10,10
38520,170,degCent,10,0.7663216560509554,0,26,None,66,1,5,False,10,10
38521,171,degCent,10,0.7670183121019108,0,26,None,66,1,5,False,10,10
38522,172,degCent,10,0.767515923566879,0,26,None,66,1,5,False,10,10
38523,173,degCent,10,0.7680135350318471,0,26,None,66,1,5,False,10,10
38524,174,degCent,10,0.769406847133758,0,26,None,66,1,5,False,10,10
38525,170,degCent,10,0.7726910828025477,0,20,None,66,1,5,False,10,10
38526,171,degCent,10,0.7718949044585988,0,20,None,66,1,5,False,10,10
38527,172,degCent,10,0.7733877388535032,0,20,None,66,1,5,False,10,10
38528,173,degCent,10,0.773984872611465,0,20,None,66,1,5,False,10,10
38529,174,degCent,10,0.7754777070063694,0,20,None,66,1,5,False,10,10
38530,170,degCent,10,0.7707006369426752,0,18,None,66,1,5,False,10,10
38531,171,degCent,10,0.7705015923566879,0,18,None,66,1,5,False,10,10
38532,172,degCent,10,0.7693073248407644,0,18,None,66,1,5,False,10,10
38533,173,degCent,10,0.7704020700636943,0,18,None,66,1,5,False,10,10
38534,174,degCent,10,0.7703025477707006,0,18,None,66,1,5,False,10,10
38535,170,degCent,10,0.7716958598726115,0,8,None,66,1,5,False,10,10
38536,171,degCent,10,0.7716958598726115,0,8,None,66,1,5,False,10,10
38537,172,degCent,10,0.7710987261146497,0,8,None,66,1,5,False,10,10
38538,173,degCent,10,0.7717953821656051,0,8,None,66,1,5,False,10,10
38539,174,degCent,10,0.771297770700637,0,8,None,66,1,5,False,10,10
38540,170,degCent,10,0.7519904458598726,0,17,None,66,1,5,False,10,10
38541,171,degCent,10,0.7528861464968153,0,17,None,66,1,5,False,10,10
38542,172,degCent,10,0.7531847133757962,0,17,None,66,1,5,False,10,10
38543,173,degCent,10,0.7539808917197452,0,17,None,66,1,5,False,10,10
38544,174,degCent,10,0.7546775477707006,0,17,None,66,1,5,False,10,10
38545,170,degCent,10,0.7517914012738853,0,19,None,66,1,5,False,10,10
38546,171,degCent,10,0.757265127388535,0,19,None,66,1,5,False,10,10
38547,172,degCent,10,0.7605493630573248,0,19,None,66,1,5,False,10,10
38548,173,degCent,10,0.7634355095541401,0,19,None,66,1,5,False,10,10
38549,174,degCent,10,0.76671974522293,0,19,None,66,1,5,False,10,10
38550,170,degCent,10,0.7809514331210191,0,21,None,66,1,5,False,10,10
38551,171,degCent,10,0.7802547770700637,0,21,None,66,1,5,False,10,10
38552,172,degCent,10,0.7809514331210191,0,21,None,66,1,5,False,10,10
38553,173,degCent,10,0.7818471337579618,0,21,None,66,1,5,False,10,10
38554,174,degCent,10,0.7813495222929936,0,21,None,66,1,5,False,10,10
38555,170,degCent,10,0.7672173566878981,0,24,None,66,1,5,False,10,10
38556,171,degCent,10,0.7708001592356688,0,24,None,66,1,5,False,10,10
38557,172,degCent,10,0.7738853503184714,0,24,None,66,1,5,False,10,10
38558,173,degCent,10,0.7764729299363057,0,24,None,66,1,5,False,10,10
38559,174,degCent,10,0.7799562101910829,0,24,None,66,1,5,False,10,10
38560,170,degCent,10,0.7824442675159236,0,30,None,66,1,5,False,10,10
38561,171,degCent,10,0.7836385350318471,0,30,None,66,1,5,False,10,10
38562,172,degCent,10,0.7847332802547771,0,30,None,66,1,5,False,10,10
38563,173,degCent,10,0.7852308917197452,0,30,None,66,1,5,False,10,10
38564,174,degCent,10,0.785031847133758,0,30,None,66,1,5,False,10,10
38565,170,degCent,10,0.7333797770700637,0,27,None,66,1,5,False,10,10
38566,171,degCent,10,0.7395501592356688,0,27,None,66,1,5,False,10,10
38567,172,degCent,10,0.7466162420382165,0,27,None,66,1,5,False,10,10
38568,173,degCent,10,0.7508957006369427,0,27,None,66,1,5,False,10,10
38569,174,degCent,10,0.7529856687898089,0,27,None,66,1,5,False,10,10
38570,170,degCent,10,0.7199442675159236,0,31,None,66,1,5,False,10,10
38571,171,degCent,10,0.7330812101910829,0,31,None,66,1,5,False,10,10
38572,172,degCent,10,0.7415406050955414,0,31,None,66,1,5,False,10,10
38573,173,degCent,10,0.7471138535031847,0,31,None,66,1,5,False,10,10
38574,174,degCent,10,0.7509952229299363,0,31,None,66,1,5,False,10,10
38575,170,degCent,10,0.7682125796178344,0,10,None,66,1,5,False,10,10
38576,171,degCent,10,0.7685111464968153,0,10,None,66,1,5,False,10,10
38577,172,degCent,10,0.7697054140127388,0,10,None,66,1,5,False,10,10
38578,173,degCent,10,0.770203025477707,0,10,None,66,1,5,False,10,10
38579,174,degCent,10,0.7703025477707006,0,10,None,66,1,5,False,10,10
38580,170,degCent,10,0.7857285031847133,0,11,None,66,1,5,False,10,10
38581,171,degCent,10,0.785828025477707,0,11,None,66,1,5,False,10,10
38582,172,degCent,10,0.7868232484076433,0,11,None,66,1,5,False,10,10
38583,173,degCent,10,0.7862261146496815,0,11,None,66,1,5,False,10,10
38584,174,degCent,10,0.7865246815286624,0,11,None,66,1,5,False,10,10
38585,170,degCent,10,0.7784633757961783,0,15,None,66,1,5,False,10,10
38586,171,degCent,10,0.7786624203821656,0,15,None,66,1,5,False,10,10
38587,172,degCent,10,0.7805533439490446,0,15,None,66,1,5,False,10,10
38588,173,degCent,10,0.7808519108280255,0,15,None,66,1,5,False,10,10
38589,174,degCent,10,0.7819466560509554,0,15,None,66,1,5,False,10,10
38590,170,degCent,10,0.78015525477707,0,4,None,66,1,5,False,10,10
38591,171,degCent,10,0.7802547770700637,0,4,None,66,1,5,False,10,10
38592,172,degCent,10,0.7798566878980892,0,4,None,66,1,5,False,10,10
38593,173,degCent,10,0.7803542993630573,0,4,None,66,1,5,False,10,10
38594,174,degCent,10,0.7805533439490446,0,4,None,66,1,5,False,10,10
38595,170,degCent,10,0.7851313694267515,0,0,None,66,1,5,False,10,10
38596,171,degCent,10,0.7854299363057324,0,0,None,66,1,5,False,10,10
38597,172,degCent,10,0.785828025477707,0,0,None,66,1,5,False,10,10
38598,173,degCent,10,0.7863256369426752,0,0,None,66,1,5,False,10,10
38599,174,degCent,10,0.7866242038216561,0,0,None,66,1,5,False,10,10
38600,170,degCent,10,0.7884156050955414,0,3,None,66,1,5,False,10,10
38601,171,degCent,10,0.788515127388535,0,3,None,66,1,5,False,10,10
38602,172,degCent,10,0.7881170382165605,0,3,None,66,1,5,False,10,10
38603,173,degCent,10,0.7882165605095541,0,3,None,66,1,5,False,10,10
38604,174,degCent,10,0.7883160828025477,0,3,None,66,1,5,False,10,10
38605,170,degCent,10,0.7761743630573248,0,28,None,66,1,5,False,10,10
38606,171,degCent,10,0.7762738853503185,0,28,None,66,1,5,False,10,10
38607,172,degCent,10,0.7769705414012739,0,28,None,66,1,5,False,10,10
38608,173,degCent,10,0.7775676751592356,0,28,None,66,1,5,False,10,10
38609,174,degCent,10,0.7778662420382165,0,28,None,66,1,5,False,10,10
38610,175,degCent,10,0.7762738853503185,0,1,None,66,1,5,False,10,10
38611,176,degCent,10,0.7767714968152867,0,1,None,66,1,5,False,10,10
38612,177,degCent,10,0.7781648089171974,0,1,None,66,1,5,False,10,10
38613,178,degCent,10,0.7798566878980892,0,1,None,66,1,5,False,10,10
38614,179,degCent,10,0.7805533439490446,0,1,None,66,1,5,False,10,10
38615,175,degCent,10,0.7819466560509554,0,2,None,66,1,5,False,10,10
38616,176,degCent,10,0.7826433121019108,0,2,None,66,1,5,False,10,10
38617,177,degCent,10,0.7836385350318471,0,2,None,66,1,5,False,10,10
38618,178,degCent,10,0.7838375796178344,0,2,None,66,1,5,False,10,10
38619,179,degCent,10,0.7836385350318471,0,2,None,66,1,5,False,10,10
38620,175,degCent,10,0.7931926751592356,0,22,None,66,1,5,False,10,10
38621,176,degCent,10,0.7934912420382165,0,22,None,66,1,5,False,10,10
38622,177,degCent,10,0.7939888535031847,0,22,None,66,1,5,False,10,10
38623,178,degCent,10,0.794187898089172,0,22,None,66,1,5,False,10,10
38624,179,degCent,10,0.7947850318471338,0,22,None,66,1,5,False,10,10
38625,175,degCent,10,0.7494028662420382,0,5,None,66,1,5,False,10,10
38626,176,degCent,10,0.7500995222929936,0,5,None,66,1,5,False,10,10
38627,177,degCent,10,0.7501990445859873,0,5,None,66,1,5,False,10,10
38628,178,degCent,10,0.7501990445859873,0,5,None,66,1,5,False,10,10
38629,179,degCent,10,0.7495023885350318,0,5,None,66,1,5,False,10,10
38630,175,degCent,10,0.7819466560509554,0,14,None,66,1,5,False,10,10
38631,176,degCent,10,0.7824442675159236,0,14,None,66,1,5,False,10,10
38632,177,degCent,10,0.7832404458598726,0,14,None,66,1,5,False,10,10
38633,178,degCent,10,0.7842356687898089,0,14,None,66,1,5,False,10,10
38634,179,degCent,10,0.783937101910828,0,14,None,66,1,5,False,10,10
38635,175,degCent,10,0.7829418789808917,0,21,None,66,1,5,False,10,10
38636,176,degCent,10,0.7842356687898089,0,21,None,66,1,5,False,10,10
38637,177,degCent,10,0.7838375796178344,0,21,None,66,1,5,False,10,10
38638,178,degCent,10,0.7837380573248408,0,21,None,66,1,5,False,10,10
38639,179,degCent,10,0.7832404458598726,0,21,None,66,1,5,False,10,10
38640,175,degCent,10,0.7762738853503185,0,23,None,66,1,5,False,10,10
38641,176,degCent,10,0.7780652866242038,0,23,None,66,1,5,False,10,10
38642,177,degCent,10,0.779359076433121,0,23,None,66,1,5,False,10,10
38643,178,degCent,10,0.7786624203821656,0,23,None,66,1,5,False,10,10
38644,179,degCent,10,0.7796576433121019,0,23,None,66,1,5,False,10,10
38645,175,degCent,10,0.7429339171974523,0,29,None,66,1,5,False,10,10
38646,176,degCent,10,0.7442277070063694,0,29,None,66,1,5,False,10,10
38647,177,degCent,10,0.745421974522293,0,29,None,66,1,5,False,10,10
38648,178,degCent,10,0.7461186305732485,0,29,None,66,1,5,False,10,10
38649,179,degCent,10,0.7470143312101911,0,29,None,66,1,5,False,10,10
38650,175,degCent,10,0.7808519108280255,0,9,None,66,1,5,False,10,10
38651,176,degCent,10,0.7813495222929936,0,9,None,66,1,5,False,10,10
38652,177,degCent,10,0.7814490445859873,0,9,None,66,1,5,False,10,10
38653,178,degCent,10,0.7817476114649682,0,9,None,66,1,5,False,10,10
38654,179,degCent,10,0.7826433121019108,0,9,None,66,1,5,False,10,10
38655,175,degCent,10,0.7570660828025477,0,16,None,66,1,5,False,10,10
38656,176,degCent,10,0.7585589171974523,0,16,None,66,1,5,False,10,10
38657,177,degCent,10,0.7612460191082803,0,16,None,66,1,5,False,10,10
38658,178,degCent,10,0.7624402866242038,0,16,None,66,1,5,False,10,10
38659,179,degCent,10,0.7641321656050956,0,16,None,66,1,5,False,10,10
38660,175,degCent,10,0.7771695859872612,0,7,None,66,1,5,False,10,10
38661,176,degCent,10,0.7775676751592356,0,7,None,66,1,5,False,10,10
38662,177,degCent,10,0.7782643312101911,0,7,None,66,1,5,False,10,10
38663,178,degCent,10,0.779359076433121,0,7,None,66,1,5,False,10,10
38664,179,degCent,10,0.7789609872611465,0,7,None,66,1,5,False,10,10
38665,175,degCent,10,0.7916003184713376,0,32,None,66,1,5,False,10,10
38666,176,degCent,10,0.7909036624203821,0,32,None,66,1,5,False,10,10
38667,177,degCent,10,0.7910031847133758,0,32,None,66,1,5,False,10,10
38668,178,degCent,10,0.7915007961783439,0,32,None,66,1,5,False,10,10
38669,179,degCent,10,0.7918988853503185,0,32,None,66,1,5,False,10,10
38670,175,degCent,10,0.7806528662420382,0,15,None,66,1,5,False,10,10
38671,176,degCent,10,0.7806528662420382,0,15,None,66,1,5,False,10,10
38672,177,degCent,10,0.7818471337579618,0,15,None,66,1,5,False,10,10
38673,178,degCent,10,0.7830414012738853,0,15,None,66,1,5,False,10,10
38674,179,degCent,10,0.7841361464968153,0,15,None,66,1,5,False,10,10
38675,175,degCent,10,0.7701035031847133,0,10,None,66,1,5,False,10,10
38676,176,degCent,10,0.7708996815286624,0,10,None,66,1,5,False,10,10
38677,177,degCent,10,0.7714968152866242,0,10,None,66,1,5,False,10,10
38678,178,degCent,10,0.7722929936305732,0,10,None,66,1,5,False,10,10
38679,179,degCent,10,0.7729896496815286,0,10,None,66,1,5,False,10,10
38680,175,degCent,10,0.7680135350318471,0,12,None,66,1,5,False,10,10
38681,176,degCent,10,0.7692078025477707,0,12,None,66,1,5,False,10,10
38682,177,degCent,10,0.7707006369426752,0,12,None,66,1,5,False,10,10
38683,178,degCent,10,0.7706011146496815,0,12,None,66,1,5,False,10,10
38684,179,degCent,10,0.7719944267515924,0,12,None,66,1,5,False,10,10
38685,175,degCent,10,0.7119824840764332,0,6,None,66,1,5,False,10,10
38686,176,degCent,10,0.712281050955414,0,6,None,66,1,5,False,10,10
38687,177,degCent,10,0.7129777070063694,0,6,None,66,1,5,False,10,10
38688,178,degCent,10,0.7136743630573248,0,6,None,66,1,5,False,10,10
38689,179,degCent,10,0.7142714968152867,0,6,None,66,1,5,False,10,10
38690,175,degCent,10,0.7836385350318471,0,13,None,66,1,5,False,10,10
38691,176,degCent,10,0.7819466560509554,0,13,None,66,1,5,False,10,10
38692,177,degCent,10,0.7826433121019108,0,13,None,66,1,5,False,10,10
38693,178,degCent,10,0.7827428343949044,0,13,None,66,1,5,False,10,10
38694,179,degCent,10,0.7826433121019108,0,13,None,66,1,5,False,10,10
38695,175,degCent,10,0.7773686305732485,0,25,None,66,1,5,False,10,10
38696,176,degCent,10,0.7768710191082803,0,25,None,66,1,5,False,10,10
38697,177,degCent,10,0.7781648089171974,0,25,None,66,1,5,False,10,10
38698,178,degCent,10,0.779359076433121,0,25,None,66,1,5,False,10,10
38699,179,degCent,10,0.7795581210191083,0,25,None,66,1,5,False,10,10
38700,175,degCent,10,0.7685111464968153,0,26,None,66,1,5,False,10,10
38701,176,degCent,10,0.7674164012738853,0,26,None,66,1,5,False,10,10
38702,177,degCent,10,0.7677149681528662,0,26,None,66,1,5,False,10,10
38703,178,degCent,10,0.7700039808917197,0,26,None,66,1,5,False,10,10
38704,179,degCent,10,0.770203025477707,0,26,None,66,1,5,False,10,10
38705,175,degCent,10,0.7874203821656051,0,11,None,66,1,5,False,10,10
38706,176,degCent,10,0.7878184713375797,0,11,None,66,1,5,False,10,10
38707,177,degCent,10,0.7887141719745223,0,11,None,66,1,5,False,10,10
38708,178,degCent,10,0.7894108280254777,0,11,None,66,1,5,False,10,10
38709,179,degCent,10,0.7900079617834395,0,11,None,66,1,5,False,10,10
38710,175,degCent,10,0.7541799363057324,0,17,None,66,1,5,False,10,10
38711,176,degCent,10,0.7549761146496815,0,17,None,66,1,5,False,10,10
38712,177,degCent,10,0.7552746815286624,0,17,None,66,1,5,False,10,10
38713,178,degCent,10,0.756468949044586,0,17,None,66,1,5,False,10,10
38714,179,degCent,10,0.7577627388535032,0,17,None,66,1,5,False,10,10
38715,175,degCent,10,0.7732882165605095,0,8,None,66,1,5,False,10,10
38716,176,degCent,10,0.7733877388535032,0,8,None,66,1,5,False,10,10
38717,177,degCent,10,0.7733877388535032,0,8,None,66,1,5,False,10,10
38718,178,degCent,10,0.773984872611465,0,8,None,66,1,5,False,10,10
38719,179,degCent,10,0.7741839171974523,0,8,None,66,1,5,False,10,10
38720,175,degCent,10,0.7721934713375797,0,18,None,66,1,5,False,10,10
38721,176,degCent,10,0.772093949044586,0,18,None,66,1,5,False,10,10
38722,177,degCent,10,0.7719944267515924,0,18,None,66,1,5,False,10,10
38723,178,degCent,10,0.7725915605095541,0,18,None,66,1,5,False,10,10
38724,179,degCent,10,0.7731886942675159,0,18,None,66,1,5,False,10,10
38725,175,degCent,10,0.7514928343949044,0,19,None,66,1,5,False,10,10
38726,176,degCent,10,0.758359872611465,0,19,None,66,1,5,False,10,10
38727,177,degCent,10,0.7613455414012739,0,19,None,66,1,5,False,10,10
38728,178,degCent,10,0.7646297770700637,0,19,None,66,1,5,False,10,10
38729,179,degCent,10,0.7686106687898089,0,19,None,66,1,5,False,10,10
38730,175,degCent,10,0.7754777070063694,0,20,None,66,1,5,False,10,10
38731,176,degCent,10,0.7751791401273885,0,20,None,66,1,5,False,10,10
38732,177,degCent,10,0.7753781847133758,0,20,None,66,1,5,False,10,10
38733,178,degCent,10,0.7765724522292994,0,20,None,66,1,5,False,10,10
38734,179,degCent,10,0.7771695859872612,0,20,None,66,1,5,False,10,10
38735,175,degCent,10,0.7814490445859873,0,4,None,66,1,5,False,10,10
38736,176,degCent,10,0.7816480891719745,0,4,None,66,1,5,False,10,10
38737,177,degCent,10,0.7813495222929936,0,4,None,66,1,5,False,10,10
38738,178,degCent,10,0.7815485668789809,0,4,None,66,1,5,False,10,10
38739,179,degCent,10,0.7825437898089171,0,4,None,66,1,5,False,10,10
38740,175,degCent,10,0.7784633757961783,0,28,None,66,1,5,False,10,10
38741,176,degCent,10,0.7784633757961783,0,28,None,66,1,5,False,10,10
38742,177,degCent,10,0.7780652866242038,0,28,None,66,1,5,False,10,10
38743,178,degCent,10,0.7787619426751592,0,28,None,66,1,5,False,10,10
38744,179,degCent,10,0.7790605095541401,0,28,None,66,1,5,False,10,10
38745,175,degCent,10,0.7905055732484076,0,3,None,66,1,5,False,10,10
38746,176,degCent,10,0.7911027070063694,0,3,None,66,1,5,False,10,10
38747,177,degCent,10,0.7906050955414012,0,3,None,66,1,5,False,10,10
38748,178,degCent,10,0.7897093949044586,0,3,None,66,1,5,False,10,10
38749,179,degCent,10,0.789609872611465,0,3,None,66,1,5,False,10,10
38750,175,degCent,10,0.7701035031847133,0,24,None,66,1,5,False,10,10
38751,176,degCent,10,0.7744824840764332,0,24,None,66,1,5,False,10,10
38752,177,degCent,10,0.7781648089171974,0,24,None,66,1,5,False,10,10
38753,178,degCent,10,0.7800557324840764,0,24,None,66,1,5,False,10,10
38754,179,degCent,10,0.7825437898089171,0,24,None,66,1,5,False,10,10
38755,175,degCent,10,0.7334792993630573,0,27,None,66,1,5,False,10,10
38756,176,degCent,10,0.7409434713375797,0,27,None,66,1,5,False,10,10
38757,177,degCent,10,0.7466162420382165,0,27,None,66,1,5,False,10,10
38758,178,degCent,10,0.7505971337579618,0,27,None,66,1,5,False,10,10
38759,179,degCent,10,0.7535828025477707,0,27,None,66,1,5,False,10,10
38760,175,degCent,10,0.7867237261146497,0,0,None,66,1,5,False,10,10
38761,176,degCent,10,0.7867237261146497,0,0,None,66,1,5,False,10,10
38762,177,degCent,10,0.7870222929936306,0,0,None,66,1,5,False,10,10
38763,178,degCent,10,0.7873208598726115,0,0,None,66,1,5,False,10,10
38764,179,degCent,10,0.7883160828025477,0,0,None,66,1,5,False,10,10
38765,175,degCent,10,0.7855294585987261,0,30,None,66,1,5,False,10,10
38766,176,degCent,10,0.7860270700636943,0,30,None,66,1,5,False,10,10
38767,177,degCent,10,0.7872213375796179,0,30,None,66,1,5,False,10,10
38768,178,degCent,10,0.7874203821656051,0,30,None,66,1,5,False,10,10
38769,179,degCent,10,0.7876194267515924,0,30,None,66,1,5,False,10,10
38770,175,degCent,10,0.7258160828025477,0,31,None,66,1,5,False,10,10
38771,176,degCent,10,0.7378582802547771,0,31,None,66,1,5,False,10,10
38772,177,degCent,10,0.745421974522293,0,31,None,66,1,5,False,10,10
38773,178,degCent,10,0.7515923566878981,0,31,None,66,1,5,False,10,10
38774,179,degCent,10,0.7547770700636943,0,31,None,66,1,5,False,10,10
40095,180,degCent,10,0.7802547770700637,0,1,None,66,1,5,False,10,10
40096,181,degCent,10,0.7814490445859873,0,1,None,66,1,5,False,10,10
40097,182,degCent,10,0.7817476114649682,0,1,None,66,1,5,False,10,10
40098,183,degCent,10,0.7825437898089171,0,1,None,66,1,5,False,10,10
40099,184,degCent,10,0.7838375796178344,0,1,None,66,1,5,False,10,10
40100,180,degCent,10,0.7820461783439491,0,2,None,66,1,5,False,10,10
40101,181,degCent,10,0.7828423566878981,0,2,None,66,1,5,False,10,10
40102,182,degCent,10,0.7832404458598726,0,2,None,66,1,5,False,10,10
40103,183,degCent,10,0.7845342356687898,0,2,None,66,1,5,False,10,10
40104,184,degCent,10,0.7848328025477707,0,2,None,66,1,5,False,10,10
40105,180,degCent,10,0.7516918789808917,0,5,None,66,1,5,False,10,10
40106,181,degCent,10,0.7515923566878981,0,5,None,66,1,5,False,10,10
40107,182,degCent,10,0.7532842356687898,0,5,None,66,1,5,False,10,10
40108,183,degCent,10,0.7533837579617835,0,5,None,66,1,5,False,10,10
40109,184,degCent,10,0.7521894904458599,0,5,None,66,1,5,False,10,10
40110,180,degCent,10,0.7843351910828026,0,13,None,66,1,5,False,10,10
40111,181,degCent,10,0.7840366242038217,0,13,None,66,1,5,False,10,10
40112,182,degCent,10,0.783140923566879,0,13,None,66,1,5,False,10,10
40113,183,degCent,10,0.7845342356687898,0,13,None,66,1,5,False,10,10
40114,184,degCent,10,0.7845342356687898,0,13,None,66,1,5,False,10,10
40115,180,degCent,10,0.7596536624203821,0,16,None,66,1,5,False,10,10
40116,181,degCent,10,0.7613455414012739,0,16,None,66,1,5,False,10,10
40117,182,degCent,10,0.7626393312101911,0,16,None,66,1,5,False,10,10
40118,183,degCent,10,0.7642316878980892,0,16,None,66,1,5,False,10,10
40119,184,degCent,10,0.7651273885350318,0,16,None,66,1,5,False,10,10
40120,180,degCent,10,0.7753781847133758,0,8,None,66,1,5,False,10,10
40121,181,degCent,10,0.7751791401273885,0,8,None,66,1,5,False,10,10
40122,182,degCent,10,0.7750796178343949,0,8,None,66,1,5,False,10,10
40123,183,degCent,10,0.7759753184713376,0,8,None,66,1,5,False,10,10
40124,184,degCent,10,0.7760748407643312,0,8,None,66,1,5,False,10,10
40125,180,degCent,10,0.7775676751592356,0,20,None,66,1,5,False,10,10
40126,181,degCent,10,0.7777667197452229,0,20,None,66,1,5,False,10,10
40127,182,degCent,10,0.778562898089172,0,20,None,66,1,5,False,10,10
40128,183,degCent,10,0.7800557324840764,0,20,None,66,1,5,False,10,10
40129,184,degCent,10,0.7805533439490446,0,20,None,66,1,5,False,10,10
40130,180,degCent,10,0.7552746815286624,0,19,None,66,1,5,False,10,10
40131,181,degCent,10,0.7608479299363057,0,19,None,66,1,5,False,10,10
40132,182,degCent,10,0.76453025477707,0,19,None,66,1,5,False,10,10
40133,183,degCent,10,0.7689092356687898,0,19,None,66,1,5,False,10,10
40134,184,degCent,10,0.7710987261146497,0,19,None,66,1,5,False,10,10
40135,180,degCent,10,0.7847332802547771,0,14,None,66,1,5,False,10,10
40136,181,degCent,10,0.7853304140127388,0,14,None,66,1,5,False,10,10
40137,182,degCent,10,0.7859275477707006,0,14,None,66,1,5,False,10,10
40138,183,degCent,10,0.7859275477707006,0,14,None,66,1,5,False,10,10
40139,184,degCent,10,0.7866242038216561,0,14,None,66,1,5,False,10,10
40140,180,degCent,10,0.7958797770700637,0,22,None,66,1,5,False,10,10
40141,181,degCent,10,0.7952826433121019,0,22,None,66,1,5,False,10,10
40142,182,degCent,10,0.7953821656050956,0,22,None,66,1,5,False,10,10
40143,183,degCent,10,0.7959792993630573,0,22,None,66,1,5,False,10,10
40144,184,degCent,10,0.7960788216560509,0,22,None,66,1,5,False,10,10
40145,180,degCent,10,0.7776671974522293,0,23,None,66,1,5,False,10,10
40146,181,degCent,10,0.7783638535031847,0,23,None,66,1,5,False,10,10
40147,182,degCent,10,0.7792595541401274,0,23,None,66,1,5,False,10,10
40148,183,degCent,10,0.7800557324840764,0,23,None,66,1,5,False,10,10
40149,184,degCent,10,0.78015525477707,0,23,None,66,1,5,False,10,10
40150,180,degCent,10,0.7786624203821656,0,25,None,66,1,5,False,10,10
40151,181,degCent,10,0.7792595541401274,0,25,None,66,1,5,False,10,10
40152,182,degCent,10,0.7799562101910829,0,25,None,66,1,5,False,10,10
40153,183,degCent,10,0.7809514331210191,0,25,None,66,1,5,False,10,10
40154,184,degCent,10,0.7815485668789809,0,25,None,66,1,5,False,10,10
40155,180,degCent,10,0.7849323248407644,0,21,None,66,1,5,False,10,10
40156,181,degCent,10,0.7854299363057324,0,21,None,66,1,5,False,10,10
40157,182,degCent,10,0.7847332802547771,0,21,None,66,1,5,False,10,10
40158,183,degCent,10,0.7851313694267515,0,21,None,66,1,5,False,10,10
40159,184,degCent,10,0.785828025477707,0,21,None,66,1,5,False,10,10
40160,180,degCent,10,0.7692078025477707,0,26,None,66,1,5,False,10,10
40161,181,degCent,10,0.7696058917197452,0,26,None,66,1,5,False,10,10
40162,182,degCent,10,0.7710987261146497,0,26,None,66,1,5,False,10,10
40163,183,degCent,10,0.7713972929936306,0,26,None,66,1,5,False,10,10
40164,184,degCent,10,0.7714968152866242,0,26,None,66,1,5,False,10,10
40165,180,degCent,10,0.770203025477707,0,12,None,66,1,5,False,10,10
40166,181,degCent,10,0.7718949044585988,0,12,None,66,1,5,False,10,10
40167,182,degCent,10,0.7719944267515924,0,12,None,66,1,5,False,10,10
40168,183,degCent,10,0.7731886942675159,0,12,None,66,1,5,False,10,10
40169,184,degCent,10,0.774781050955414,0,12,None,66,1,5,False,10,10
40170,180,degCent,10,0.772093949044586,0,24,None,66,1,5,False,10,10
40171,181,degCent,10,0.7773686305732485,0,24,None,66,1,5,False,10,10
40172,182,degCent,10,0.7799562101910829,0,24,None,66,1,5,False,10,10
40173,183,degCent,10,0.7821457006369427,0,24,None,66,1,5,False,10,10
40174,184,degCent,10,0.7842356687898089,0,24,None,66,1,5,False,10,10
40175,180,degCent,10,0.7789609872611465,0,28,None,66,1,5,False,10,10
40176,181,degCent,10,0.7789609872611465,0,28,None,66,1,5,False,10,10
40177,182,degCent,10,0.7796576433121019,0,28,None,66,1,5,False,10,10
40178,183,degCent,10,0.7802547770700637,0,28,None,66,1,5,False,10,10
40179,184,degCent,10,0.78015525477707,0,28,None,66,1,5,False,10,10
40180,180,degCent,10,0.783140923566879,0,9,None,66,1,5,False,10,10
40181,181,degCent,10,0.7830414012738853,0,9,None,66,1,5,False,10,10
40182,182,degCent,10,0.7834394904458599,0,9,None,66,1,5,False,10,10
40183,183,degCent,10,0.7835390127388535,0,9,None,66,1,5,False,10,10
40184,184,degCent,10,0.7838375796178344,0,9,None,66,1,5,False,10,10
40185,180,degCent,10,0.7880175159235668,0,0,None,66,1,5,False,10,10
40186,181,degCent,10,0.787718949044586,0,0,None,66,1,5,False,10,10
40187,182,degCent,10,0.7892117834394905,0,0,None,66,1,5,False,10,10
40188,183,degCent,10,0.7900079617834395,0,0,None,66,1,5,False,10,10
40189,184,degCent,10,0.7901074840764332,0,0,None,66,1,5,False,10,10
40190,180,degCent,10,0.7450238853503185,0,29,None,66,1,5,False,10,10
40191,181,degCent,10,0.7457205414012739,0,29,None,66,1,5,False,10,10
40192,182,degCent,10,0.7469148089171974,0,29,None,66,1,5,False,10,10
40193,183,degCent,10,0.7477109872611465,0,29,None,66,1,5,False,10,10
40194,184,degCent,10,0.7483081210191083,0,29,None,66,1,5,False,10,10
40195,180,degCent,10,0.7329816878980892,0,27,None,66,1,5,False,10,10
40196,181,degCent,10,0.7418391719745223,0,27,None,66,1,5,False,10,10
40197,182,degCent,10,0.7486066878980892,0,27,None,66,1,5,False,10,10
40198,183,degCent,10,0.7517914012738853,0,27,None,66,1,5,False,10,10
40199,184,degCent,10,0.7544785031847133,0,27,None,66,1,5,False,10,10
40200,180,degCent,10,0.7150676751592356,0,6,None,66,1,5,False,10,10
40201,181,degCent,10,0.7164609872611465,0,6,None,66,1,5,False,10,10
40202,182,degCent,10,0.7170581210191083,0,6,None,66,1,5,False,10,10
40203,183,degCent,10,0.7179538216560509,0,6,None,66,1,5,False,10,10
40204,184,degCent,10,0.7179538216560509,0,6,None,66,1,5,False,10,10
40205,180,degCent,10,0.7879179936305732,0,30,None,66,1,5,False,10,10
40206,181,degCent,10,0.7878184713375797,0,30,None,66,1,5,False,10,10
40207,182,degCent,10,0.7892117834394905,0,30,None,66,1,5,False,10,10
40208,183,degCent,10,0.7893113057324841,0,30,None,66,1,5,False,10,10
40209,184,degCent,10,0.7891122611464968,0,30,None,66,1,5,False,10,10
40210,180,degCent,10,0.7737858280254777,0,18,None,66,1,5,False,10,10
40211,181,degCent,10,0.7727906050955414,0,18,None,66,1,5,False,10,10
40212,182,degCent,10,0.7730891719745223,0,18,None,66,1,5,False,10,10
40213,183,degCent,10,0.7736863057324841,0,18,None,66,1,5,False,10,10
40214,184,degCent,10,0.7737858280254777,0,18,None,66,1,5,False,10,10
40215,180,degCent,10,0.7294984076433121,0,31,None,66,1,5,False,10,10
40216,181,degCent,10,0.740843949044586,0,31,None,66,1,5,False,10,10
40217,182,degCent,10,0.7477109872611465,0,31,None,66,1,5,False,10,10
40218,183,degCent,10,0.7522890127388535,0,31,None,66,1,5,False,10,10
40219,184,degCent,10,0.7578622611464968,0,31,None,66,1,5,False,10,10
40220,180,degCent,10,0.7795581210191083,0,7,None,66,1,5,False,10,10
40221,181,degCent,10,0.7792595541401274,0,7,None,66,1,5,False,10,10
40222,182,degCent,10,0.7797571656050956,0,7,None,66,1,5,False,10,10
40223,183,degCent,10,0.7805533439490446,0,7,None,66,1,5,False,10,10
40224,184,degCent,10,0.7813495222929936,0,7,None,66,1,5,False,10,10
40225,180,degCent,10,0.7925955414012739,0,32,None,66,1,5,False,10,10
40226,181,degCent,10,0.7926950636942676,0,32,None,66,1,5,False,10,10
40227,182,degCent,10,0.7931926751592356,0,32,None,66,1,5,False,10,10
40228,183,degCent,10,0.7937898089171974,0,32,None,66,1,5,False,10,10
40229,184,degCent,10,0.7936902866242038,0,32,None,66,1,5,False,10,10
40230,180,degCent,10,0.7832404458598726,0,4,None,66,1,5,False,10,10
40231,181,degCent,10,0.7825437898089171,0,4,None,66,1,5,False,10,10
40232,182,degCent,10,0.78234474522293,0,4,None,66,1,5,False,10,10
40233,183,degCent,10,0.7833399681528662,0,4,None,66,1,5,False,10,10
40234,184,degCent,10,0.7836385350318471,0,4,None,66,1,5,False,10,10
40235,180,degCent,10,0.7920979299363057,0,3,None,66,1,5,False,10,10
40236,181,degCent,10,0.7915007961783439,0,3,None,66,1,5,False,10,10
40237,182,degCent,10,0.7915007961783439,0,3,None,66,1,5,False,10,10
40238,183,degCent,10,0.7910031847133758,0,3,None,66,1,5,False,10,10
40239,184,degCent,10,0.7914012738853503,0,3,None,66,1,5,False,10,10
40240,180,degCent,10,0.7901074840764332,0,11,None,66,1,5,False,10,10
40241,181,degCent,10,0.7901074840764332,0,11,None,66,1,5,False,10,10
40242,182,degCent,10,0.7909036624203821,0,11,None,66,1,5,False,10,10
40243,183,degCent,10,0.7913017515923567,0,11,None,66,1,5,False,10,10
40244,184,degCent,10,0.7920979299363057,0,11,None,66,1,5,False,10,10
40245,180,degCent,10,0.772890127388535,0,10,None,66,1,5,False,10,10
40246,181,degCent,10,0.7737858280254777,0,10,None,66,1,5,False,10,10
40247,182,degCent,10,0.7751791401273885,0,10,None,66,1,5,False,10,10
40248,183,degCent,10,0.7745820063694268,0,10,None,66,1,5,False,10,10
40249,184,degCent,10,0.7752786624203821,0,10,None,66,1,5,False,10,10
40250,180,degCent,10,0.78234474522293,0,15,None,66,1,5,False,10,10
40251,181,degCent,10,0.7828423566878981,0,15,None,66,1,5,False,10,10
40252,182,degCent,10,0.7846337579617835,0,15,None,66,1,5,False,10,10
40253,183,degCent,10,0.7854299363057324,0,15,None,66,1,5,False,10,10
40254,184,degCent,10,0.7862261146496815,0,15,None,66,1,5,False,10,10
40255,180,degCent,10,0.7561703821656051,0,17,None,66,1,5,False,10,10
40256,181,degCent,10,0.7576632165605095,0,17,None,66,1,5,False,10,10
40257,182,degCent,10,0.7582603503184714,0,17,None,66,1,5,False,10,10
40258,183,degCent,10,0.7588574840764332,0,17,None,66,1,5,False,10,10
40259,184,degCent,10,0.7611464968152867,0,17,None,66,1,5,False,10,10
40260,185,degCent,10,0.7898089171974523,0,30,None,66,1,5,False,10,10
40261,186,degCent,10,0.7891122611464968,0,30,None,66,1,5,False,10,10
40262,187,degCent,10,0.7897093949044586,0,30,None,66,1,5,False,10,10
40263,188,degCent,10,0.790406050955414,0,30,None,66,1,5,False,10,10
40264,189,degCent,10,0.7911027070063694,0,30,None,66,1,5,False,10,10
40265,185,degCent,10,0.783140923566879,0,1,None,66,1,5,False,10,10
40266,186,degCent,10,0.783937101910828,0,1,None,66,1,5,False,10,10
40267,187,degCent,10,0.7842356687898089,0,1,None,66,1,5,False,10,10
40268,188,degCent,10,0.7848328025477707,0,1,None,66,1,5,False,10,10
40269,189,degCent,10,0.785828025477707,0,1,None,66,1,5,False,10,10
40270,185,degCent,10,0.7832404458598726,0,2,None,66,1,5,False,10,10
40271,186,degCent,10,0.7835390127388535,0,2,None,66,1,5,False,10,10
40272,187,degCent,10,0.7847332802547771,0,2,None,66,1,5,False,10,10
40273,188,degCent,10,0.7853304140127388,0,2,None,66,1,5,False,10,10
40274,189,degCent,10,0.7866242038216561,0,2,None,66,1,5,False,10,10
40275,185,degCent,10,0.7786624203821656,0,20,None,66,1,5,False,10,10
40276,186,degCent,10,0.7794585987261147,0,20,None,66,1,5,False,10,10
40277,187,degCent,10,0.7811504777070064,0,20,None,66,1,5,False,10,10
40278,188,degCent,10,0.7824442675159236,0,20,None,66,1,5,False,10,10
40279,189,degCent,10,0.783140923566879,0,20,None,66,1,5,False,10,10
40280,185,degCent,10,0.7973726114649682,0,22,None,66,1,5,False,10,10
40281,186,degCent,10,0.7974721337579618,0,22,None,66,1,5,False,10,10
40282,187,degCent,10,0.7972730891719745,0,22,None,66,1,5,False,10,10
40283,188,degCent,10,0.7976711783439491,0,22,None,66,1,5,False,10,10
40284,189,degCent,10,0.7980692675159236,0,22,None,66,1,5,False,10,10
40285,185,degCent,10,0.7834394904458599,0,4,None,66,1,5,False,10,10
40286,186,degCent,10,0.783937101910828,0,4,None,66,1,5,False,10,10
40287,187,degCent,10,0.7834394904458599,0,4,None,66,1,5,False,10,10
40288,188,degCent,10,0.7834394904458599,0,4,None,66,1,5,False,10,10
40289,189,degCent,10,0.7842356687898089,0,4,None,66,1,5,False,10,10
40290,185,degCent,10,0.7787619426751592,0,23,None,66,1,5,False,10,10
40291,186,degCent,10,0.7804538216560509,0,23,None,66,1,5,False,10,10
40292,187,degCent,10,0.7809514331210191,0,23,None,66,1,5,False,10,10
40293,188,degCent,10,0.78125,0,23,None,66,1,5,False,10,10
40294,189,degCent,10,0.7817476114649682,0,23,None,66,1,5,False,10,10
40295,185,degCent,10,0.7533837579617835,0,5,None,66,1,5,False,10,10
40296,186,degCent,10,0.7527866242038217,0,5,None,66,1,5,False,10,10
40297,187,degCent,10,0.7538813694267515,0,5,None,66,1,5,False,10,10
40298,188,degCent,10,0.7548765923566879,0,5,None,66,1,5,False,10,10
40299,189,degCent,10,0.754578025477707,0,5,None,66,1,5,False,10,10
40300,185,degCent,10,0.7811504777070064,0,7,None,66,1,5,False,10,10
40301,186,degCent,10,0.7813495222929936,0,7,None,66,1,5,False,10,10
40302,187,degCent,10,0.7811504777070064,0,7,None,66,1,5,False,10,10
40303,188,degCent,10,0.7813495222929936,0,7,None,66,1,5,False,10,10
40304,189,degCent,10,0.783140923566879,0,7,None,66,1,5,False,10,10
40305,185,degCent,10,0.7619426751592356,0,16,None,66,1,5,False,10,10
40306,186,degCent,10,0.7631369426751592,0,16,None,66,1,5,False,10,10
40307,187,degCent,10,0.76453025477707,0,16,None,66,1,5,False,10,10
40308,188,degCent,10,0.765625,0,16,None,66,1,5,False,10,10
40309,189,degCent,10,0.7669187898089171,0,16,None,66,1,5,False,10,10
40310,185,degCent,10,0.7937898089171974,0,32,None,66,1,5,False,10,10
40311,186,degCent,10,0.7943869426751592,0,32,None,66,1,5,False,10,10
40312,187,degCent,10,0.794984076433121,0,32,None,66,1,5,False,10,10
40313,188,degCent,10,0.7948845541401274,0,32,None,66,1,5,False,10,10
40314,189,degCent,10,0.7950835987261147,0,32,None,66,1,5,False,10,10
40315,185,degCent,10,0.7876194267515924,0,14,None,66,1,5,False,10,10
40316,186,degCent,10,0.7880175159235668,0,14,None,66,1,5,False,10,10
40317,187,degCent,10,0.7878184713375797,0,14,None,66,1,5,False,10,10
40318,188,degCent,10,0.7882165605095541,0,14,None,66,1,5,False,10,10
40319,189,degCent,10,0.7886146496815286,0,14,None,66,1,5,False,10,10
40320,185,degCent,10,0.7854299363057324,0,9,None,66,1,5,False,10,10
40321,186,degCent,10,0.7849323248407644,0,9,None,66,1,5,False,10,10
40322,187,degCent,10,0.7845342356687898,0,9,None,66,1,5,False,10,10
40323,188,degCent,10,0.7840366242038217,0,9,None,66,1,5,False,10,10
40324,189,degCent,10,0.7844347133757962,0,9,None,66,1,5,False,10,10
40325,185,degCent,10,0.7457205414012739,0,29,None,66,1,5,False,10,10
40326,186,degCent,10,0.7458200636942676,0,29,None,66,1,5,False,10,10
40327,187,degCent,10,0.7464171974522293,0,29,None,66,1,5,False,10,10
40328,188,degCent,10,0.7470143312101911,0,29,None,66,1,5,False,10,10
40329,189,degCent,10,0.7488057324840764,0,29,None,66,1,5,False,10,10
40330,185,degCent,10,0.7846337579617835,0,15,None,66,1,5,False,10,10
40331,186,degCent,10,0.7856289808917197,0,15,None,66,1,5,False,10,10
40332,187,degCent,10,0.7867237261146497,0,15,None,66,1,5,False,10,10
40333,188,degCent,10,0.7879179936305732,0,15,None,66,1,5,False,10,10
40334,189,degCent,10,0.7881170382165605,0,15,None,66,1,5,False,10,10
40335,185,degCent,10,0.7761743630573248,0,10,None,66,1,5,False,10,10
40336,186,degCent,10,0.776671974522293,0,10,None,66,1,5,False,10,10
40337,187,degCent,10,0.7776671974522293,0,10,None,66,1,5,False,10,10
40338,188,degCent,10,0.7772691082802548,0,10,None,66,1,5,False,10,10
40339,189,degCent,10,0.7770700636942676,0,10,None,66,1,5,False,10,10
40340,185,degCent,10,0.7179538216560509,0,6,None,66,1,5,False,10,10
40341,186,degCent,10,0.71875,0,6,None,66,1,5,False,10,10
40342,187,degCent,10,0.71984474522293,0,6,None,66,1,5,False,10,10
40343,188,degCent,10,0.7211385350318471,0,6,None,66,1,5,False,10,10
40344,189,degCent,10,0.7216361464968153,0,6,None,66,1,5,False,10,10
40345,185,degCent,10,0.786922770700637,0,13,None,66,1,5,False,10,10
40346,186,degCent,10,0.7861265923566879,0,13,None,66,1,5,False,10,10
40347,187,degCent,10,0.7872213375796179,0,13,None,66,1,5,False,10,10
40348,188,degCent,10,0.7870222929936306,0,13,None,66,1,5,False,10,10
40349,189,degCent,10,0.7881170382165605,0,13,None,66,1,5,False,10,10
40350,185,degCent,10,0.7721934713375797,0,12,None,66,1,5,False,10,10
40351,186,degCent,10,0.773984872611465,0,12,None,66,1,5,False,10,10
40352,187,degCent,10,0.7742834394904459,0,12,None,66,1,5,False,10,10
40353,188,degCent,10,0.7762738853503185,0,12,None,66,1,5,False,10,10
40354,189,degCent,10,0.7764729299363057,0,12,None,66,1,5,False,10,10
40355,185,degCent,10,0.7819466560509554,0,25,None,66,1,5,False,10,10
40356,186,degCent,10,0.7832404458598726,0,25,None,66,1,5,False,10,10
40357,187,degCent,10,0.7836385350318471,0,25,None,66,1,5,False,10,10
40358,188,degCent,10,0.7840366242038217,0,25,None,66,1,5,False,10,10
40359,189,degCent,10,0.7841361464968153,0,25,None,66,1,5,False,10,10
40360,185,degCent,10,0.7710987261146497,0,26,None,66,1,5,False,10,10
40361,186,degCent,10,0.7718949044585988,0,26,None,66,1,5,False,10,10
40362,187,degCent,10,0.7714968152866242,0,26,None,66,1,5,False,10,10
40363,188,degCent,10,0.7726910828025477,0,26,None,66,1,5,False,10,10
40364,189,degCent,10,0.7727906050955414,0,26,None,66,1,5,False,10,10
40365,185,degCent,10,0.7936902866242038,0,11,None,66,1,5,False,10,10
40366,186,degCent,10,0.7934912420382165,0,11,None,66,1,5,False,10,10
40367,187,degCent,10,0.794187898089172,0,11,None,66,1,5,False,10,10
40368,188,degCent,10,0.7938893312101911,0,11,None,66,1,5,False,10,10
40369,189,degCent,10,0.7942874203821656,0,11,None,66,1,5,False,10,10
40370,185,degCent,10,0.776671974522293,0,8,None,66,1,5,False,10,10
40371,186,degCent,10,0.7770700636942676,0,8,None,66,1,5,False,10,10
40372,187,degCent,10,0.7776671974522293,0,8,None,66,1,5,False,10,10
40373,188,degCent,10,0.7784633757961783,0,8,None,66,1,5,False,10,10
40374,189,degCent,10,0.7789609872611465,0,8,None,66,1,5,False,10,10
40375,185,degCent,10,0.7748805732484076,0,18,None,66,1,5,False,10,10
40376,186,degCent,10,0.7737858280254777,0,18,None,66,1,5,False,10,10
40377,187,degCent,10,0.773984872611465,0,18,None,66,1,5,False,10,10
40378,188,degCent,10,0.7735867834394905,0,18,None,66,1,5,False,10,10
40379,189,degCent,10,0.7744824840764332,0,18,None,66,1,5,False,10,10
40380,185,degCent,10,0.7306926751592356,0,31,None,66,1,5,False,10,10
40381,186,degCent,10,0.7434315286624203,0,31,None,66,1,5,False,10,10
40382,187,degCent,10,0.7502985668789809,0,31,None,66,1,5,False,10,10
40383,188,degCent,10,0.7551751592356688,0,31,None,66,1,5,False,10,10
40384,189,degCent,10,0.7605493630573248,0,31,None,66,1,5,False,10,10
40385,185,degCent,10,0.7580613057324841,0,19,None,66,1,5,False,10,10
40386,186,degCent,10,0.7628383757961783,0,19,None,66,1,5,False,10,10
40387,187,degCent,10,0.7664211783439491,0,19,None,66,1,5,False,10,10
40388,188,degCent,10,0.7700039808917197,0,19,None,66,1,5,False,10,10
40389,189,degCent,10,0.7725915605095541,0,19,None,66,1,5,False,10,10
40390,185,degCent,10,0.7897093949044586,0,0,None,66,1,5,False,10,10
40391,186,degCent,10,0.7883160828025477,0,0,None,66,1,5,False,10,10
40392,187,degCent,10,0.7895103503184714,0,0,None,66,1,5,False,10,10
40393,188,degCent,10,0.7903065286624203,0,0,None,66,1,5,False,10,10
40394,189,degCent,10,0.790406050955414,0,0,None,66,1,5,False,10,10
40395,185,degCent,10,0.7808519108280255,0,28,None,66,1,5,False,10,10
40396,186,degCent,10,0.7814490445859873,0,28,None,66,1,5,False,10,10
40397,187,degCent,10,0.7810509554140127,0,28,None,66,1,5,False,10,10
40398,188,degCent,10,0.7814490445859873,0,28,None,66,1,5,False,10,10
40399,189,degCent,10,0.78125,0,28,None,66,1,5,False,10,10
40400,185,degCent,10,0.7939888535031847,0,3,None,66,1,5,False,10,10
40401,186,degCent,10,0.7926950636942676,0,3,None,66,1,5,False,10,10
40402,187,degCent,10,0.7928941082802548,0,3,None,66,1,5,False,10,10
40403,188,degCent,10,0.7937898089171974,0,3,None,66,1,5,False,10,10
40404,189,degCent,10,0.7942874203821656,0,3,None,66,1,5,False,10,10
40405,185,degCent,10,0.7620421974522293,0,17,None,66,1,5,False,10,10
40406,186,degCent,10,0.7612460191082803,0,17,None,66,1,5,False,10,10
40407,187,degCent,10,0.761843152866242,0,17,None,66,1,5,False,10,10
40408,188,degCent,10,0.7628383757961783,0,17,None,66,1,5,False,10,10
40409,189,degCent,10,0.7652269108280255,0,17,None,66,1,5,False,10,10
40410,185,degCent,10,0.7861265923566879,0,21,None,66,1,5,False,10,10
40411,186,degCent,10,0.785828025477707,0,21,None,66,1,5,False,10,10
40412,187,degCent,10,0.7861265923566879,0,21,None,66,1,5,False,10,10
40413,188,degCent,10,0.7870222929936306,0,21,None,66,1,5,False,10,10
40414,189,degCent,10,0.7880175159235668,0,21,None,66,1,5,False,10,10
40415,185,degCent,10,0.7757762738853503,0,24,None,66,1,5,False,10,10
40416,186,degCent,10,0.7799562101910829,0,24,None,66,1,5,False,10,10
40417,187,degCent,10,0.7833399681528662,0,24,None,66,1,5,False,10,10
40418,188,degCent,10,0.7842356687898089,0,24,None,66,1,5,False,10,10
40419,189,degCent,10,0.7863256369426752,0,24,None,66,1,5,False,10,10
40420,185,degCent,10,0.7384554140127388,0,27,None,66,1,5,False,10,10
40421,186,degCent,10,0.7471138535031847,0,27,None,66,1,5,False,10,10
40422,187,degCent,10,0.7506966560509554,0,27,None,66,1,5,False,10,10
40423,188,degCent,10,0.7536823248407644,0,27,None,66,1,5,False,10,10
40424,189,degCent,10,0.7547770700636943,0,27,None,66,1,5,False,10,10
40425,190,degCent,10,0.7632364649681529,0,16,None,66,1,5,False,10,10
40426,191,degCent,10,0.7638335987261147,0,16,None,66,1,5,False,10,10
40427,192,degCent,10,0.7666202229299363,0,16,None,66,1,5,False,10,10
40428,193,degCent,10,0.767515923566879,0,16,None,66,1,5,False,10,10
40429,194,degCent,10,0.7687101910828026,0,16,None,66,1,5,False,10,10
40430,190,degCent,10,0.7939888535031847,0,32,None,66,1,5,False,10,10
40431,191,degCent,10,0.7939888535031847,0,32,None,66,1,5,False,10,10
40432,192,degCent,10,0.7951831210191083,0,32,None,66,1,5,False,10,10
40433,193,degCent,10,0.79578025477707,0,32,None,66,1,5,False,10,10
40434,194,degCent,10,0.7951831210191083,0,32,None,66,1,5,False,10,10
40435,190,degCent,10,0.7833399681528662,0,7,None,66,1,5,False,10,10
40436,191,degCent,10,0.7824442675159236,0,7,None,66,1,5,False,10,10
40437,192,degCent,10,0.7827428343949044,0,7,None,66,1,5,False,10,10
40438,193,degCent,10,0.783937101910828,0,7,None,66,1,5,False,10,10
40439,194,degCent,10,0.785828025477707,0,7,None,66,1,5,False,10,10
40440,190,degCent,10,0.7933917197452229,0,11,None,66,1,5,False,10,10
40441,191,degCent,10,0.7940883757961783,0,11,None,66,1,5,False,10,10
40442,192,degCent,10,0.7947850318471338,0,11,None,66,1,5,False,10,10
40443,193,degCent,10,0.7953821656050956,0,11,None,66,1,5,False,10,10
40444,194,degCent,10,0.7955812101910829,0,11,None,66,1,5,False,10,10
40445,190,degCent,10,0.7796576433121019,0,20,None,66,1,5,False,10,10
40446,191,degCent,10,0.7814490445859873,0,20,None,66,1,5,False,10,10
40447,192,degCent,10,0.7828423566878981,0,20,None,66,1,5,False,10,10
40448,193,degCent,10,0.7846337579617835,0,20,None,66,1,5,False,10,10
40449,194,degCent,10,0.7853304140127388,0,20,None,66,1,5,False,10,10
40450,190,degCent,10,0.7634355095541401,0,17,None,66,1,5,False,10,10
40451,191,degCent,10,0.7632364649681529,0,17,None,66,1,5,False,10,10
40452,192,degCent,10,0.7642316878980892,0,17,None,66,1,5,False,10,10
40453,193,degCent,10,0.7655254777070064,0,17,None,66,1,5,False,10,10
40454,194,degCent,10,0.7666202229299363,0,17,None,66,1,5,False,10,10
40455,190,degCent,10,0.7846337579617835,0,1,None,66,1,5,False,10,10
40456,191,degCent,10,0.7866242038216561,0,1,None,66,1,5,False,10,10
40457,192,degCent,10,0.7863256369426752,0,1,None,66,1,5,False,10,10
40458,193,degCent,10,0.7872213375796179,0,1,None,66,1,5,False,10,10
40459,194,degCent,10,0.7876194267515924,0,1,None,66,1,5,False,10,10
40460,190,degCent,10,0.7838375796178344,0,2,None,66,1,5,False,10,10
40461,191,degCent,10,0.7846337579617835,0,2,None,66,1,5,False,10,10
40462,192,degCent,10,0.7861265923566879,0,2,None,66,1,5,False,10,10
40463,193,degCent,10,0.7872213375796179,0,2,None,66,1,5,False,10,10
40464,194,degCent,10,0.7884156050955414,0,2,None,66,1,5,False,10,10
40465,190,degCent,10,0.7549761146496815,0,5,None,66,1,5,False,10,10
40466,191,degCent,10,0.755672770700637,0,5,None,66,1,5,False,10,10
40467,192,degCent,10,0.7561703821656051,0,5,None,66,1,5,False,10,10
40468,193,degCent,10,0.757265127388535,0,5,None,66,1,5,False,10,10
40469,194,degCent,10,0.7570660828025477,0,5,None,66,1,5,False,10,10
40470,190,degCent,10,0.7795581210191083,0,23,None,66,1,5,False,10,10
40471,191,degCent,10,0.7810509554140127,0,23,None,66,1,5,False,10,10
40472,192,degCent,10,0.7820461783439491,0,23,None,66,1,5,False,10,10
40473,193,degCent,10,0.7815485668789809,0,23,None,66,1,5,False,10,10
40474,194,degCent,10,0.7821457006369427,0,23,None,66,1,5,False,10,10
40475,190,degCent,10,0.7802547770700637,0,8,None,66,1,5,False,10,10
40476,191,degCent,10,0.7803542993630573,0,8,None,66,1,5,False,10,10
40477,192,degCent,10,0.7805533439490446,0,8,None,66,1,5,False,10,10
40478,193,degCent,10,0.7815485668789809,0,8,None,66,1,5,False,10,10
40479,194,degCent,10,0.7822452229299363,0,8,None,66,1,5,False,10,10
40480,190,degCent,10,0.7825437898089171,0,28,None,66,1,5,False,10,10
40481,191,degCent,10,0.78234474522293,0,28,None,66,1,5,False,10,10
40482,192,degCent,10,0.7826433121019108,0,28,None,66,1,5,False,10,10
40483,193,degCent,10,0.7832404458598726,0,28,None,66,1,5,False,10,10
40484,194,degCent,10,0.7840366242038217,0,28,None,66,1,5,False,10,10
40485,190,degCent,10,0.7455214968152867,0,29,None,66,1,5,False,10,10
40486,191,degCent,10,0.7459195859872612,0,29,None,66,1,5,False,10,10
40487,192,degCent,10,0.7472133757961783,0,29,None,66,1,5,False,10,10
40488,193,degCent,10,0.7485071656050956,0,29,None,66,1,5,False,10,10
40489,194,degCent,10,0.7496019108280255,0,29,None,66,1,5,False,10,10
40490,190,degCent,10,0.7582603503184714,0,19,None,66,1,5,False,10,10
40491,191,degCent,10,0.7627388535031847,0,19,None,66,1,5,False,10,10
40492,192,degCent,10,0.7677149681528662,0,19,None,66,1,5,False,10,10
40493,193,degCent,10,0.7714968152866242,0,19,None,66,1,5,False,10,10
40494,194,degCent,10,0.7745820063694268,0,19,None,66,1,5,False,10,10
40495,190,degCent,10,0.7876194267515924,0,21,None,66,1,5,False,10,10
40496,191,degCent,10,0.7874203821656051,0,21,None,66,1,5,False,10,10
40497,192,degCent,10,0.7876194267515924,0,21,None,66,1,5,False,10,10
40498,193,degCent,10,0.7887141719745223,0,21,None,66,1,5,False,10,10
40499,194,degCent,10,0.7898089171974523,0,21,None,66,1,5,False,10,10
40500,190,degCent,10,0.7761743630573248,0,24,None,66,1,5,False,10,10
40501,191,degCent,10,0.7809514331210191,0,24,None,66,1,5,False,10,10
40502,192,degCent,10,0.7840366242038217,0,24,None,66,1,5,False,10,10
40503,193,degCent,10,0.7866242038216561,0,24,None,66,1,5,False,10,10
40504,194,degCent,10,0.7888136942675159,0,24,None,66,1,5,False,10,10
40505,190,degCent,10,0.7911027070063694,0,0,None,66,1,5,False,10,10
40506,191,degCent,10,0.7908041401273885,0,0,None,66,1,5,False,10,10
40507,192,degCent,10,0.7911027070063694,0,0,None,66,1,5,False,10,10
40508,193,degCent,10,0.7909036624203821,0,0,None,66,1,5,False,10,10
40509,194,degCent,10,0.7917993630573248,0,0,None,66,1,5,False,10,10
40510,190,degCent,10,0.7907046178343949,0,30,None,66,1,5,False,10,10
40511,191,degCent,10,0.7910031847133758,0,30,None,66,1,5,False,10,10
40512,192,degCent,10,0.7914012738853503,0,30,None,66,1,5,False,10,10
40513,193,degCent,10,0.7926950636942676,0,30,None,66,1,5,False,10,10
40514,194,degCent,10,0.792296974522293,0,30,None,66,1,5,False,10,10
40515,190,degCent,10,0.7768710191082803,0,18,None,66,1,5,False,10,10
40516,191,degCent,10,0.7751791401273885,0,18,None,66,1,5,False,10,10
40517,192,degCent,10,0.7756767515923567,0,18,None,66,1,5,False,10,10
40518,193,degCent,10,0.7757762738853503,0,18,None,66,1,5,False,10,10
40519,194,degCent,10,0.7751791401273885,0,18,None,66,1,5,False,10,10
40520,190,degCent,10,0.7403463375796179,0,27,None,66,1,5,False,10,10
40521,191,degCent,10,0.747312898089172,0,27,None,66,1,5,False,10,10
40522,192,degCent,10,0.7508957006369427,0,27,None,66,1,5,False,10,10
40523,193,degCent,10,0.7553742038216561,0,27,None,66,1,5,False,10,10
40524,194,degCent,10,0.7569665605095541,0,27,None,66,1,5,False,10,10
40525,190,degCent,10,0.7345740445859873,0,31,None,66,1,5,False,10,10
40526,191,degCent,10,0.7468152866242038,0,31,None,66,1,5,False,10,10
40527,192,degCent,10,0.7534832802547771,0,31,None,66,1,5,False,10,10
40528,193,degCent,10,0.7575636942675159,0,31,None,66,1,5,False,10,10
40529,194,degCent,10,0.763734076433121,0,31,None,66,1,5,False,10,10
40530,190,degCent,10,0.7905055732484076,0,14,None,66,1,5,False,10,10
40531,191,degCent,10,0.7902070063694268,0,14,None,66,1,5,False,10,10
40532,192,degCent,10,0.7910031847133758,0,14,None,66,1,5,False,10,10
40533,193,degCent,10,0.7902070063694268,0,14,None,66,1,5,False,10,10
40534,194,degCent,10,0.7900079617834395,0,14,None,66,1,5,False,10,10
40535,190,degCent,10,0.7859275477707006,0,9,None,66,1,5,False,10,10
40536,191,degCent,10,0.7864251592356688,0,9,None,66,1,5,False,10,10
40537,192,degCent,10,0.7863256369426752,0,9,None,66,1,5,False,10,10
40538,193,degCent,10,0.7866242038216561,0,9,None,66,1,5,False,10,10
40539,194,degCent,10,0.785828025477707,0,9,None,66,1,5,False,10,10
40540,190,degCent,10,0.7984673566878981,0,22,None,66,1,5,False,10,10
40541,191,degCent,10,0.7986664012738853,0,22,None,66,1,5,False,10,10
40542,192,degCent,10,0.7986664012738853,0,22,None,66,1,5,False,10,10
40543,193,degCent,10,0.7996616242038217,0,22,None,66,1,5,False,10,10
40544,194,degCent,10,0.7993630573248408,0,22,None,66,1,5,False,10,10
40545,190,degCent,10,0.7863256369426752,0,4,None,66,1,5,False,10,10
40546,191,degCent,10,0.7867237261146497,0,4,None,66,1,5,False,10,10
40547,192,degCent,10,0.7859275477707006,0,4,None,66,1,5,False,10,10
40548,193,degCent,10,0.7856289808917197,0,4,None,66,1,5,False,10,10
40549,194,degCent,10,0.7860270700636943,0,4,None,66,1,5,False,10,10
40550,190,degCent,10,0.7855294585987261,0,15,None,66,1,5,False,10,10
40551,191,degCent,10,0.7862261146496815,0,15,None,66,1,5,False,10,10
40552,192,degCent,10,0.787718949044586,0,15,None,66,1,5,False,10,10
40553,193,degCent,10,0.7878184713375797,0,15,None,66,1,5,False,10,10
40554,194,degCent,10,0.7882165605095541,0,15,None,66,1,5,False,10,10
40555,190,degCent,10,0.7761743630573248,0,10,None,66,1,5,False,10,10
40556,191,degCent,10,0.7767714968152867,0,10,None,66,1,5,False,10,10
40557,192,degCent,10,0.7781648089171974,0,10,None,66,1,5,False,10,10
40558,193,degCent,10,0.7790605095541401,0,10,None,66,1,5,False,10,10
40559,194,degCent,10,0.778562898089172,0,10,None,66,1,5,False,10,10
40560,190,degCent,10,0.7209394904458599,0,6,None,66,1,5,False,10,10
40561,191,degCent,10,0.7220342356687898,0,6,None,66,1,5,False,10,10
40562,192,degCent,10,0.7229299363057324,0,6,None,66,1,5,False,10,10
40563,193,degCent,10,0.7238256369426752,0,6,None,66,1,5,False,10,10
40564,194,degCent,10,0.7248208598726115,0,6,None,66,1,5,False,10,10
40565,190,degCent,10,0.7958797770700637,0,3,None,66,1,5,False,10,10
40566,191,degCent,10,0.7959792993630573,0,3,None,66,1,5,False,10,10
40567,192,degCent,10,0.79578025477707,0,3,None,66,1,5,False,10,10
40568,193,degCent,10,0.7958797770700637,0,3,None,66,1,5,False,10,10
40569,194,degCent,10,0.7958797770700637,0,3,None,66,1,5,False,10,10
40570,190,degCent,10,0.7749800955414012,0,12,None,66,1,5,False,10,10
40571,191,degCent,10,0.7763734076433121,0,12,None,66,1,5,False,10,10
40572,192,degCent,10,0.7769705414012739,0,12,None,66,1,5,False,10,10
40573,193,degCent,10,0.7781648089171974,0,12,None,66,1,5,False,10,10
40574,194,degCent,10,0.7791600318471338,0,12,None,66,1,5,False,10,10
40575,190,degCent,10,0.7890127388535032,0,13,None,66,1,5,False,10,10
40576,191,degCent,10,0.7879179936305732,0,13,None,66,1,5,False,10,10
40577,192,degCent,10,0.7889132165605095,0,13,None,66,1,5,False,10,10
40578,193,degCent,10,0.7881170382165605,0,13,None,66,1,5,False,10,10
40579,194,degCent,10,0.7903065286624203,0,13,None,66,1,5,False,10,10
40580,190,degCent,10,0.7841361464968153,0,25,None,66,1,5,False,10,10
40581,191,degCent,10,0.7846337579617835,0,25,None,66,1,5,False,10,10
40582,192,degCent,10,0.785828025477707,0,25,None,66,1,5,False,10,10
40583,193,degCent,10,0.7864251592356688,0,25,None,66,1,5,False,10,10
40584,194,degCent,10,0.7870222929936306,0,25,None,66,1,5,False,10,10
40585,190,degCent,10,0.7711982484076433,0,26,None,66,1,5,False,10,10
40586,191,degCent,10,0.772093949044586,0,26,None,66,1,5,False,10,10
40587,192,degCent,10,0.7723925159235668,0,26,None,66,1,5,False,10,10
40588,193,degCent,10,0.7732882165605095,0,26,None,66,1,5,False,10,10
40589,194,degCent,10,0.7752786624203821,0,26,None,66,1,5,False,10,10
40590,195,degCent,10,0.7864251592356688,0,1,None,66,1,5,False,10,10
40591,196,degCent,10,0.7873208598726115,0,1,None,66,1,5,False,10,10
40592,197,degCent,10,0.7876194267515924,0,1,None,66,1,5,False,10,10
40593,198,degCent,10,0.7887141719745223,0,1,None,66,1,5,False,10,10
40594,199,degCent,10,0.7889132165605095,0,1,None,66,1,5,False,10,10
40595,195,degCent,10,0.7887141719745223,0,21,None,66,1,5,False,10,10
40596,196,degCent,10,0.7890127388535032,0,21,None,66,1,5,False,10,10
40597,197,degCent,10,0.7895103503184714,0,21,None,66,1,5,False,10,10
40598,198,degCent,10,0.7900079617834395,0,21,None,66,1,5,False,10,10
40599,199,degCent,10,0.7913017515923567,0,21,None,66,1,5,False,10,10
40600,195,degCent,10,0.7403463375796179,0,27,None,66,1,5,False,10,10
40601,196,degCent,10,0.7472133757961783,0,27,None,66,1,5,False,10,10
40602,197,degCent,10,0.7525875796178344,0,27,None,66,1,5,False,10,10
40603,198,degCent,10,0.7559713375796179,0,27,None,66,1,5,False,10,10
40604,199,degCent,10,0.7579617834394905,0,27,None,66,1,5,False,10,10
40605,195,degCent,10,0.7843351910828026,0,2,None,66,1,5,False,10,10
40606,196,degCent,10,0.7857285031847133,0,2,None,66,1,5,False,10,10
40607,197,degCent,10,0.7870222929936306,0,2,None,66,1,5,False,10,10
40608,198,degCent,10,0.7884156050955414,0,2,None,66,1,5,False,10,10
40609,199,degCent,10,0.7898089171974523,0,2,None,66,1,5,False,10,10
40610,195,degCent,10,0.7988654458598726,0,22,None,66,1,5,False,10,10
40611,196,degCent,10,0.7992635350318471,0,22,None,66,1,5,False,10,10
40612,197,degCent,10,0.8000597133757962,0,22,None,66,1,5,False,10,10
40613,198,degCent,10,0.7998606687898089,0,22,None,66,1,5,False,10,10
40614,199,degCent,10,0.8000597133757962,0,22,None,66,1,5,False,10,10
40615,195,degCent,10,0.7819466560509554,0,23,None,66,1,5,False,10,10
40616,196,degCent,10,0.7824442675159236,0,23,None,66,1,5,False,10,10
40617,197,degCent,10,0.7827428343949044,0,23,None,66,1,5,False,10,10
40618,198,degCent,10,0.78234474522293,0,23,None,66,1,5,False,10,10
40619,199,degCent,10,0.7834394904458599,0,23,None,66,1,5,False,10,10
40620,195,degCent,10,0.7636345541401274,0,16,None,66,1,5,False,10,10
40621,196,degCent,10,0.7654259554140127,0,16,None,66,1,5,False,10,10
40622,197,degCent,10,0.7678144904458599,0,16,None,66,1,5,False,10,10
40623,198,degCent,10,0.7687101910828026,0,16,None,66,1,5,False,10,10
40624,199,degCent,10,0.7691082802547771,0,16,None,66,1,5,False,10,10
40625,195,degCent,10,0.7971735668789809,0,32,None,66,1,5,False,10,10
40626,196,degCent,10,0.796875,0,32,None,66,1,5,False,10,10
40627,197,degCent,10,0.796875,0,32,None,66,1,5,False,10,10
40628,198,degCent,10,0.7974721337579618,0,32,None,66,1,5,False,10,10
40629,199,degCent,10,0.798765923566879,0,32,None,66,1,5,False,10,10
40630,195,degCent,10,0.7468152866242038,0,29,None,66,1,5,False,10,10
40631,196,degCent,10,0.7479100318471338,0,29,None,66,1,5,False,10,10
40632,197,degCent,10,0.7484076433121019,0,29,None,66,1,5,False,10,10
40633,198,degCent,10,0.7493033439490446,0,29,None,66,1,5,False,10,10
40634,199,degCent,10,0.7502985668789809,0,29,None,66,1,5,False,10,10
40635,195,degCent,10,0.7959792993630573,0,11,None,66,1,5,False,10,10
40636,196,degCent,10,0.7969745222929936,0,11,None,66,1,5,False,10,10
40637,197,degCent,10,0.7961783439490446,0,11,None,66,1,5,False,10,10
40638,198,degCent,10,0.796875,0,11,None,66,1,5,False,10,10
40639,199,degCent,10,0.7972730891719745,0,11,None,66,1,5,False,10,10
40640,195,degCent,10,0.7630374203821656,0,17,None,66,1,5,False,10,10
40641,196,degCent,10,0.7655254777070064,0,17,None,66,1,5,False,10,10
40642,197,degCent,10,0.76671974522293,0,17,None,66,1,5,False,10,10
40643,198,degCent,10,0.7673168789808917,0,17,None,66,1,5,False,10,10
40644,199,degCent,10,0.7689092356687898,0,17,None,66,1,5,False,10,10
40645,195,degCent,10,0.7783638535031847,0,24,None,66,1,5,False,10,10
40646,196,degCent,10,0.7816480891719745,0,24,None,66,1,5,False,10,10
40647,197,degCent,10,0.7857285031847133,0,24,None,66,1,5,False,10,10
40648,198,degCent,10,0.7887141719745223,0,24,None,66,1,5,False,10,10
40649,199,degCent,10,0.7902070063694268,0,24,None,66,1,5,False,10,10
40650,195,degCent,10,0.7822452229299363,0,8,None,66,1,5,False,10,10
40651,196,degCent,10,0.7816480891719745,0,8,None,66,1,5,False,10,10
40652,197,degCent,10,0.7835390127388535,0,8,None,66,1,5,False,10,10
40653,198,degCent,10,0.7834394904458599,0,8,None,66,1,5,False,10,10
40654,199,degCent,10,0.7840366242038217,0,8,None,66,1,5,False,10,10
40655,195,degCent,10,0.7773686305732485,0,18,None,66,1,5,False,10,10
40656,196,degCent,10,0.7761743630573248,0,18,None,66,1,5,False,10,10
40657,197,degCent,10,0.7767714968152867,0,18,None,66,1,5,False,10,10
40658,198,degCent,10,0.7767714968152867,0,18,None,66,1,5,False,10,10
40659,199,degCent,10,0.776671974522293,0,18,None,66,1,5,False,10,10
40660,195,degCent,10,0.7377587579617835,0,31,None,66,1,5,False,10,10
40661,196,degCent,10,0.7488057324840764,0,31,None,66,1,5,False,10,10
40662,197,degCent,10,0.7561703821656051,0,31,None,66,1,5,False,10,10
40663,198,degCent,10,0.7605493630573248,0,31,None,66,1,5,False,10,10
40664,199,degCent,10,0.7658240445859873,0,31,None,66,1,5,False,10,10
40665,195,degCent,10,0.7600517515923567,0,19,None,66,1,5,False,10,10
40666,196,degCent,10,0.7655254777070064,0,19,None,66,1,5,False,10,10
40667,197,degCent,10,0.7698049363057324,0,19,None,66,1,5,False,10,10
40668,198,degCent,10,0.7730891719745223,0,19,None,66,1,5,False,10,10
40669,199,degCent,10,0.7760748407643312,0,19,None,66,1,5,False,10,10
40670,195,degCent,10,0.78125,0,20,None,66,1,5,False,10,10
40671,196,degCent,10,0.7836385350318471,0,20,None,66,1,5,False,10,10
40672,197,degCent,10,0.7845342356687898,0,20,None,66,1,5,False,10,10
40673,198,degCent,10,0.7866242038216561,0,20,None,66,1,5,False,10,10
40674,199,degCent,10,0.7882165605095541,0,20,None,66,1,5,False,10,10
40675,195,degCent,10,0.7845342356687898,0,28,None,66,1,5,False,10,10
40676,196,degCent,10,0.7846337579617835,0,28,None,66,1,5,False,10,10
40677,197,degCent,10,0.7845342356687898,0,28,None,66,1,5,False,10,10
40678,198,degCent,10,0.7849323248407644,0,28,None,66,1,5,False,10,10
40679,199,degCent,10,0.7845342356687898,0,28,None,66,1,5,False,10,10
40680,195,degCent,10,0.7894108280254777,0,13,None,66,1,5,False,10,10
40681,196,degCent,10,0.7893113057324841,0,13,None,66,1,5,False,10,10
40682,197,degCent,10,0.7903065286624203,0,13,None,66,1,5,False,10,10
40683,198,degCent,10,0.7902070063694268,0,13,None,66,1,5,False,10,10
40684,199,degCent,10,0.7909036624203821,0,13,None,66,1,5,False,10,10
40685,195,degCent,10,0.7928941082802548,0,0,None,66,1,5,False,10,10
40686,196,degCent,10,0.7931926751592356,0,0,None,66,1,5,False,10,10
40687,197,degCent,10,0.7926950636942676,0,0,None,66,1,5,False,10,10
40688,198,degCent,10,0.7931926751592356,0,0,None,66,1,5,False,10,10
40689,199,degCent,10,0.794187898089172,0,0,None,66,1,5,False,10,10
40690,195,degCent,10,0.7575636942675159,0,5,None,66,1,5,False,10,10
40691,196,degCent,10,0.7581608280254777,0,5,None,66,1,5,False,10,10
40692,197,degCent,10,0.758359872611465,0,5,None,66,1,5,False,10,10
40693,198,degCent,10,0.7587579617834395,0,5,None,66,1,5,False,10,10
40694,199,degCent,10,0.7582603503184714,0,5,None,66,1,5,False,10,10
40695,195,degCent,10,0.7870222929936306,0,4,None,66,1,5,False,10,10
40696,196,degCent,10,0.7872213375796179,0,4,None,66,1,5,False,10,10
40697,197,degCent,10,0.7866242038216561,0,4,None,66,1,5,False,10,10
40698,198,degCent,10,0.7871218152866242,0,4,None,66,1,5,False,10,10
40699,199,degCent,10,0.7878184713375797,0,4,None,66,1,5,False,10,10
40700,195,degCent,10,0.7247213375796179,0,6,None,66,1,5,False,10,10
40701,196,degCent,10,0.7257165605095541,0,6,None,66,1,5,False,10,10
40702,197,degCent,10,0.7262141719745223,0,6,None,66,1,5,False,10,10
40703,198,degCent,10,0.727109872611465,0,6,None,66,1,5,False,10,10
40704,199,degCent,10,0.7284036624203821,0,6,None,66,1,5,False,10,10
40705,195,degCent,10,0.7838375796178344,0,7,None,66,1,5,False,10,10
40706,196,degCent,10,0.7824442675159236,0,7,None,66,1,5,False,10,10
40707,197,degCent,10,0.7847332802547771,0,7,None,66,1,5,False,10,10
40708,198,degCent,10,0.7865246815286624,0,7,None,66,1,5,False,10,10
40709,199,degCent,10,0.7874203821656051,0,7,None,66,1,5,False,10,10
40710,195,degCent,10,0.7928941082802548,0,14,None,66,1,5,False,10,10
40711,196,degCent,10,0.7926950636942676,0,14,None,66,1,5,False,10,10
40712,197,degCent,10,0.7924960191082803,0,14,None,66,1,5,False,10,10
40713,198,degCent,10,0.7923964968152867,0,14,None,66,1,5,False,10,10
40714,199,degCent,10,0.7923964968152867,0,14,None,66,1,5,False,10,10
40715,195,degCent,10,0.772890127388535,0,26,None,66,1,5,False,10,10
40716,196,degCent,10,0.7730891719745223,0,26,None,66,1,5,False,10,10
40717,197,degCent,10,0.7745820063694268,0,26,None,66,1,5,False,10,10
40718,198,degCent,10,0.7757762738853503,0,26,None,66,1,5,False,10,10
40719,199,degCent,10,0.7769705414012739,0,26,None,66,1,5,False,10,10
40720,195,degCent,10,0.7928941082802548,0,30,None,66,1,5,False,10,10
40721,196,degCent,10,0.7916998407643312,0,30,None,66,1,5,False,10,10
40722,197,degCent,10,0.7923964968152867,0,30,None,66,1,5,False,10,10
40723,198,degCent,10,0.7937898089171974,0,30,None,66,1,5,False,10,10
40724,199,degCent,10,0.7932921974522293,0,30,None,66,1,5,False,10,10
40725,195,degCent,10,0.7763734076433121,0,12,None,66,1,5,False,10,10
40726,196,degCent,10,0.7784633757961783,0,12,None,66,1,5,False,10,10
40727,197,degCent,10,0.7787619426751592,0,12,None,66,1,5,False,10,10
40728,198,degCent,10,0.7797571656050956,0,12,None,66,1,5,False,10,10
40729,199,degCent,10,0.7817476114649682,0,12,None,66,1,5,False,10,10
40730,195,degCent,10,0.7871218152866242,0,9,None,66,1,5,False,10,10
40731,196,degCent,10,0.7863256369426752,0,9,None,66,1,5,False,10,10
40732,197,degCent,10,0.786922770700637,0,9,None,66,1,5,False,10,10
40733,198,degCent,10,0.7874203821656051,0,9,None,66,1,5,False,10,10
40734,199,degCent,10,0.787718949044586,0,9,None,66,1,5,False,10,10
40735,195,degCent,10,0.7847332802547771,0,25,None,66,1,5,False,10,10
40736,196,degCent,10,0.7860270700636943,0,25,None,66,1,5,False,10,10
40737,197,degCent,10,0.7868232484076433,0,25,None,66,1,5,False,10,10
40738,198,degCent,10,0.7883160828025477,0,25,None,66,1,5,False,10,10
40739,199,degCent,10,0.7880175159235668,0,25,None,66,1,5,False,10,10
40740,195,degCent,10,0.7769705414012739,0,10,None,66,1,5,False,10,10
40741,196,degCent,10,0.7776671974522293,0,10,None,66,1,5,False,10,10
40742,197,degCent,10,0.7780652866242038,0,10,None,66,1,5,False,10,10
40743,198,degCent,10,0.7794585987261147,0,10,None,66,1,5,False,10,10
40744,199,degCent,10,0.7808519108280255,0,10,None,66,1,5,False,10,10
40745,195,degCent,10,0.7871218152866242,0,15,None,66,1,5,False,10,10
40746,196,degCent,10,0.7879179936305732,0,15,None,66,1,5,False,10,10
40747,197,degCent,10,0.7887141719745223,0,15,None,66,1,5,False,10,10
40748,198,degCent,10,0.7898089171974523,0,15,None,66,1,5,False,10,10
40749,199,degCent,10,0.789609872611465,0,15,None,66,1,5,False,10,10
40750,195,degCent,10,0.7969745222929936,0,3,None,66,1,5,False,10,10
40751,196,degCent,10,0.7969745222929936,0,3,None,66,1,5,False,10,10
40752,197,degCent,10,0.7971735668789809,0,3,None,66,1,5,False,10,10
40753,198,degCent,10,0.7969745222929936,0,3,None,66,1,5,False,10,10
40754,199,degCent,10,0.7967754777070064,0,3,None,66,1,5,False,10,10
0,0,betCent,10,0.2846337579617834,0,5,None,66,1,5,False,10,10
1,1,betCent,10,0.3250398089171974,0,5,None,66,1,5,False,10,10
2,2,betCent,10,0.2988654458598726,0,5,None,66,1,5,False,10,10
3,3,betCent,10,0.2911027070063694,0,5,None,66,1,5,False,10,10
4,4,betCent,10,0.2953821656050955,0,5,None,66,1,5,False,10,10
5,0,betCent,10,0.2749800955414013,0,13,None,66,1,5,False,10,10
6,1,betCent,10,0.3424562101910828,0,13,None,66,1,5,False,10,10
7,2,betCent,10,0.4236664012738853,0,13,None,66,1,5,False,10,10
8,3,betCent,10,0.4340167197452229,0,13,None,66,1,5,False,10,10
9,4,betCent,10,0.4319267515923566,0,13,None,66,1,5,False,10,10
10,0,betCent,10,0.0996218152866242,0,15,None,66,1,5,False,10,10
11,1,betCent,10,0.1008160828025477,0,15,None,66,1,5,False,10,10
12,2,betCent,10,0.1308718152866242,0,15,None,66,1,5,False,10,10
13,3,betCent,10,0.2034235668789809,0,15,None,66,1,5,False,10,10
14,4,betCent,10,0.2498009554140127,0,15,None,66,1,5,False,10,10
15,0,betCent,10,0.0995222929936305,0,10,None,66,1,5,False,10,10
16,1,betCent,10,0.0995222929936305,0,10,None,66,1,5,False,10,10
17,2,betCent,10,0.0995222929936305,0,10,None,66,1,5,False,10,10
18,3,betCent,10,0.0995222929936305,0,10,None,66,1,5,False,10,10
19,4,betCent,10,0.0995222929936305,0,10,None,66,1,5,False,10,10
20,0,betCent,10,0.1950636942675159,0,16,None,66,1,5,False,10,10
21,1,betCent,10,0.2573646496815286,0,16,None,66,1,5,False,10,10
22,2,betCent,10,0.2735867834394904,0,16,None,66,1,5,False,10,10
23,3,betCent,10,0.2897093949044586,0,16,None,66,1,5,False,10,10
24,4,betCent,10,0.3076234076433121,0,16,None,66,1,5,False,10,10
25,0,betCent,10,0.1930732484076433,0,11,None,66,1,5,False,10,10
26,1,betCent,10,0.2386544585987261,0,11,None,66,1,5,False,10,10
27,2,betCent,10,0.2342754777070063,0,11,None,66,1,5,False,10,10
28,3,betCent,10,0.2471138535031847,0,11,None,66,1,5,False,10,10
29,4,betCent,10,0.252687101910828,0,11,None,66,1,5,False,10,10
30,0,betCent,10,0.1961584394904458,0,8,None,66,1,5,False,10,10
31,1,betCent,10,0.2960788216560509,0,8,None,66,1,5,False,10,10
32,2,betCent,10,0.3085191082802547,0,8,None,66,1,5,False,10,10
33,3,betCent,10,0.2785628980891719,0,8,None,66,1,5,False,10,10
34,4,betCent,10,0.2520899681528662,0,8,None,66,1,5,False,10,10
35,0,betCent,10,0.1826234076433121,0,20,None,66,1,5,False,10,10
36,1,betCent,10,0.1992436305732484,0,20,None,66,1,5,False,10,10
37,2,betCent,10,0.2152667197452229,0,20,None,66,1,5,False,10,10
38,3,betCent,10,0.2401472929936305,0,20,None,66,1,5,False,10,10
39,4,betCent,10,0.2816480891719745,0,20,None,66,1,5,False,10,10
40,0,betCent,10,0.206608280254777,0,19,None,66,1,5,False,10,10
41,1,betCent,10,0.2573646496815286,0,19,None,66,1,5,False,10,10
42,2,betCent,10,0.2670183121019108,0,19,None,66,1,5,False,10,10
43,3,betCent,10,0.2765724522292994,0,19,None,66,1,5,False,10,10
44,4,betCent,10,0.2914012738853503,0,19,None,66,1,5,False,10,10
45,0,betCent,10,0.2092953821656051,0,17,None,66,1,5,False,10,10
46,1,betCent,10,0.2787619426751592,0,17,None,66,1,5,False,10,10
47,2,betCent,10,0.2840366242038216,0,17,None,66,1,5,False,10,10
48,3,betCent,10,0.2967754777070063,0,17,None,66,1,5,False,10,10
49,4,betCent,10,0.2973726114649681,0,17,None,66,1,5,False,10,10
50,0,betCent,10,0.1528662420382165,0,21,None,66,1,5,False,10,10
51,1,betCent,10,0.2004378980891719,0,21,None,66,1,5,False,10,10
52,2,betCent,10,0.2133757961783439,0,21,None,66,1,5,False,10,10
53,3,betCent,10,0.226811305732484,0,21,None,66,1,5,False,10,10
54,4,betCent,10,0.2349721337579617,0,21,None,66,1,5,False,10,10
55,0,betCent,10,0.1720740445859872,0,25,None,66,1,5,False,10,10
56,1,betCent,10,0.1518710191082802,0,25,None,66,1,5,False,10,10
57,2,betCent,10,0.1294785031847133,0,25,None,66,1,5,False,10,10
58,3,betCent,10,0.112858280254777,0,25,None,66,1,5,False,10,10
59,4,betCent,10,0.1058917197452229,0,25,None,66,1,5,False,10,10
60,0,betCent,10,0.1848128980891719,0,26,None,66,1,5,False,10,10
61,1,betCent,10,0.1258957006369426,0,26,None,66,1,5,False,10,10
62,2,betCent,10,0.1070859872611465,0,26,None,66,1,5,False,10,10
63,3,betCent,10,0.1108678343949044,0,26,None,66,1,5,False,10,10
64,4,betCent,10,0.1350517515923567,0,26,None,66,1,5,False,10,10
65,0,betCent,10,0.0998208598726114,0,12,None,66,1,5,False,10,10
66,1,betCent,10,0.0996218152866242,0,12,None,66,1,5,False,10,10
67,2,betCent,10,0.1012141719745222,0,12,None,66,1,5,False,10,10
68,3,betCent,10,0.1171377388535031,0,12,None,66,1,5,False,10,10
69,4,betCent,10,0.1429140127388535,0,12,None,66,1,5,False,10,10
70,0,betCent,10,0.1885947452229299,0,28,None,66,1,5,False,10,10
71,1,betCent,10,0.1984474522292993,0,28,None,66,1,5,False,10,10
72,2,betCent,10,0.2204418789808917,0,28,None,66,1,5,False,10,10
73,3,betCent,10,0.2330812101910828,0,28,None,66,1,5,False,10,10
74,4,betCent,10,0.2421377388535031,0,28,None,66,1,5,False,10,10
75,0,betCent,10,0.1963574840764331,0,24,None,66,1,5,False,10,10
76,1,betCent,10,0.2824442675159235,0,24,None,66,1,5,False,10,10
77,2,betCent,10,0.3256369426751592,0,24,None,66,1,5,False,10,10
78,3,betCent,10,0.3523089171974522,0,24,None,66,1,5,False,10,10
79,4,betCent,10,0.3561902866242038,0,24,None,66,1,5,False,10,10
80,0,betCent,10,0.0995222929936305,0,9,None,66,1,5,False,10,10
81,1,betCent,10,0.0995222929936305,0,9,None,66,1,5,False,10,10
82,2,betCent,10,0.1086783439490445,0,9,None,66,1,5,False,10,10
83,3,betCent,10,0.1545581210191083,0,9,None,66,1,5,False,10,10
84,4,betCent,10,0.181031050955414,0,9,None,66,1,5,False,10,10
85,0,betCent,10,0.1529657643312102,0,29,None,66,1,5,False,10,10
86,1,betCent,10,0.1659036624203821,0,29,None,66,1,5,False,10,10
87,2,betCent,10,0.1245023885350318,0,29,None,66,1,5,False,10,10
88,3,betCent,10,0.1028065286624203,0,29,None,66,1,5,False,10,10
89,4,betCent,10,0.101811305732484,0,29,None,66,1,5,False,10,10
90,0,betCent,10,0.2993630573248407,0,30,None,66,1,5,False,10,10
91,1,betCent,10,0.2888136942675159,0,30,None,66,1,5,False,10,10
92,2,betCent,10,0.274781050955414,0,30,None,66,1,5,False,10,10
93,3,betCent,10,0.2813495222929936,0,30,None,66,1,5,False,10,10
94,4,betCent,10,0.2870222929936306,0,30,None,66,1,5,False,10,10
95,0,betCent,10,0.0995222929936305,0,6,None,66,1,5,False,10,10
96,1,betCent,10,0.0995222929936305,0,6,None,66,1,5,False,10,10
97,2,betCent,10,0.0995222929936305,0,6,None,66,1,5,False,10,10
98,3,betCent,10,0.0995222929936305,0,6,None,66,1,5,False,10,10
99,4,betCent,10,0.0996218152866242,0,6,None,66,1,5,False,10,10
100,0,betCent,10,0.1280851910828025,0,18,None,66,1,5,False,10,10
101,1,betCent,10,0.1906847133757961,0,18,None,66,1,5,False,10,10
102,2,betCent,10,0.1972531847133758,0,18,None,66,1,5,False,10,10
103,3,betCent,10,0.2083996815286624,0,18,None,66,1,5,False,10,10
104,4,betCent,10,0.2205414012738853,0,18,None,66,1,5,False,10,10
105,0,betCent,10,0.0995222929936305,0,27,None,66,1,5,False,10,10
106,1,betCent,10,0.0995222929936305,0,27,None,66,1,5,False,10,10
107,2,betCent,10,0.0995222929936305,0,27,None,66,1,5,False,10,10
108,3,betCent,10,0.0995222929936305,0,27,None,66,1,5,False,10,10
109,4,betCent,10,0.0995222929936305,0,27,None,66,1,5,False,10,10
110,0,betCent,10,0.2021297770700637,0,31,None,66,1,5,False,10,10
111,1,betCent,10,0.2932921974522293,0,31,None,66,1,5,False,10,10
112,2,betCent,10,0.25,0,31,None,66,1,5,False,10,10
113,3,betCent,10,0.2401472929936305,0,31,None,66,1,5,False,10,10
114,4,betCent,10,0.2465167197452229,0,31,None,66,1,5,False,10,10
115,0,betCent,10,0.1339570063694267,0,32,None,66,1,5,False,10,10
116,1,betCent,10,0.1627189490445859,0,32,None,66,1,5,False,10,10
117,2,betCent,10,0.1998407643312102,0,32,None,66,1,5,False,10,10
118,3,betCent,10,0.1995421974522293,0,32,None,66,1,5,False,10,10
119,4,betCent,10,0.192874203821656,0,32,None,66,1,5,False,10,10
120,0,betCent,10,0.2257165605095541,0,7,None,66,1,5,False,10,10
121,1,betCent,10,0.2788614649681528,0,7,None,66,1,5,False,10,10
122,2,betCent,10,0.3689291401273885,0,7,None,66,1,5,False,10,10
123,3,betCent,10,0.4241640127388535,0,7,None,66,1,5,False,10,10
124,4,betCent,10,0.4419785031847134,0,7,None,66,1,5,False,10,10
125,0,betCent,10,0.1645103503184713,0,2,None,66,1,5,False,10,10
126,1,betCent,10,0.1786425159235669,0,2,None,66,1,5,False,10,10
127,2,betCent,10,0.1806329617834395,0,2,None,66,1,5,False,10,10
128,3,betCent,10,0.1778463375796178,0,2,None,66,1,5,False,10,10
129,4,betCent,10,0.1912818471337579,0,2,None,66,1,5,False,10,10
130,0,betCent,10,0.0997213375796178,0,1,None,66,1,5,False,10,10
131,1,betCent,10,0.1925756369426751,0,1,None,66,1,5,False,10,10
132,2,betCent,10,0.2375597133757961,0,1,None,66,1,5,False,10,10
133,3,betCent,10,0.2704020700636942,0,1,None,66,1,5,False,10,10
134,4,betCent,10,0.2764729299363057,0,1,None,66,1,5,False,10,10
135,0,betCent,10,0.1500796178343949,0,3,None,66,1,5,False,10,10
136,1,betCent,10,0.1413216560509554,0,3,None,66,1,5,False,10,10
137,2,betCent,10,0.1466958598726114,0,3,None,66,1,5,False,10,10
138,3,betCent,10,0.1152468152866242,0,3,None,66,1,5,False,10,10
139,4,betCent,10,0.1178343949044586,0,3,None,66,1,5,False,10,10
140,0,betCent,10,0.3460390127388535,0,14,None,66,1,5,False,10,10
141,1,betCent,10,0.3347929936305732,0,14,None,66,1,5,False,10,10
142,2,betCent,10,0.2694068471337579,0,14,None,66,1,5,False,10,10
143,3,betCent,10,0.2237261146496815,0,14,None,66,1,5,False,10,10
144,4,betCent,10,0.2210390127388535,0,14,None,66,1,5,False,10,10
145,0,betCent,10,0.1058917197452229,0,22,None,66,1,5,False,10,10
146,1,betCent,10,0.1229100318471337,0,22,None,66,1,5,False,10,10
147,2,betCent,10,0.1460987261146497,0,22,None,66,1,5,False,10,10
148,3,betCent,10,0.1903861464968153,0,22,None,66,1,5,False,10,10
149,4,betCent,10,0.2457205414012739,0,22,None,66,1,5,False,10,10
150,0,betCent,10,0.1738654458598726,0,4,None,66,1,5,False,10,10
151,1,betCent,10,0.1205214968152866,0,4,None,66,1,5,False,10,10
152,2,betCent,10,0.0995222929936305,0,4,None,66,1,5,False,10,10
153,3,betCent,10,0.1022093949044586,0,4,None,66,1,5,False,10,10
154,4,betCent,10,0.1199243630573248,0,4,None,66,1,5,False,10,10
155,0,betCent,10,0.1000199044585987,0,0,None,66,1,5,False,10,10
156,1,betCent,10,0.1172372611464968,0,0,None,66,1,5,False,10,10
157,2,betCent,10,0.1997412420382165,0,0,None,66,1,5,False,10,10
158,3,betCent,10,0.2411425159235669,0,0,None,66,1,5,False,10,10
159,4,betCent,10,0.2584593949044586,0,0,None,66,1,5,False,10,10
160,0,betCent,10,0.1504777070063694,0,23,None,66,1,5,False,10,10
161,1,betCent,10,0.0995222929936305,0,23,None,66,1,5,False,10,10
162,2,betCent,10,0.0995222929936305,0,23,None,66,1,5,False,10,10
163,3,betCent,10,0.0995222929936305,0,23,None,66,1,5,False,10,10
164,4,betCent,10,0.1329617834394904,0,23,None,66,1,5,False,10,10
165,5,betCent,10,0.1005175159235668,0,26,None,66,1,5,False,10,10
166,6,betCent,10,0.1941679936305732,0,26,None,66,1,5,False,10,10
167,7,betCent,10,0.2585589171974522,0,26,None,66,1,5,False,10,10
168,8,betCent,10,0.2687101910828025,0,26,None,66,1,5,False,10,10
169,9,betCent,10,0.2538813694267516,0,26,None,66,1,5,False,10,10
170,5,betCent,10,0.0995222929936305,0,16,None,66,1,5,False,10,10
171,6,betCent,10,0.1024084394904458,0,16,None,66,1,5,False,10,10
172,7,betCent,10,0.138734076433121,0,16,None,66,1,5,False,10,10
173,8,betCent,10,0.1683917197452229,0,16,None,66,1,5,False,10,10
174,9,betCent,10,0.1848128980891719,0,16,None,66,1,5,False,10,10
175,5,betCent,10,0.245421974522293,0,1,None,66,1,5,False,10,10
176,6,betCent,10,0.2778662420382166,0,1,None,66,1,5,False,10,10
177,7,betCent,10,0.2744824840764331,0,1,None,66,1,5,False,10,10
178,8,betCent,10,0.2666202229299363,0,1,None,66,1,5,False,10,10
179,9,betCent,10,0.3367834394904458,0,1,None,66,1,5,False,10,10
180,5,betCent,10,0.1427149681528662,0,22,None,66,1,5,False,10,10
181,6,betCent,10,0.1868033439490445,0,22,None,66,1,5,False,10,10
182,7,betCent,10,0.1925756369426751,0,22,None,66,1,5,False,10,10
183,8,betCent,10,0.1952627388535031,0,22,None,66,1,5,False,10,10
184,9,betCent,10,0.2064092356687898,0,22,None,66,1,5,False,10,10
185,5,betCent,10,0.2445262738853503,0,8,None,66,1,5,False,10,10
186,6,betCent,10,0.2383558917197452,0,8,None,66,1,5,False,10,10
187,7,betCent,10,0.2218351910828025,0,8,None,66,1,5,False,10,10
188,8,betCent,10,0.2110867834394904,0,8,None,66,1,5,False,10,10
189,9,betCent,10,0.2050159235668789,0,8,None,66,1,5,False,10,10
190,5,betCent,10,0.2372611464968153,0,23,None,66,1,5,False,10,10
191,6,betCent,10,0.2194466560509554,0,23,None,66,1,5,False,10,10
192,7,betCent,10,0.2107882165605095,0,23,None,66,1,5,False,10,10
193,8,betCent,10,0.1840167197452229,0,23,None,66,1,5,False,10,10
194,9,betCent,10,0.1567476114649681,0,23,None,66,1,5,False,10,10
195,5,betCent,10,0.2226313694267516,0,32,None,66,1,5,False,10,10
196,6,betCent,10,0.2110867834394904,0,32,None,66,1,5,False,10,10
197,7,betCent,10,0.1577428343949044,0,32,None,66,1,5,False,10,10
198,8,betCent,10,0.1539609872611465,0,32,None,66,1,5,False,10,10
199,9,betCent,10,0.1488853503184713,0,32,None,66,1,5,False,10,10
200,5,betCent,10,0.0995222929936305,0,6,None,66,1,5,False,10,10
201,6,betCent,10,0.0995222929936305,0,6,None,66,1,5,False,10,10
202,7,betCent,10,0.0995222929936305,0,6,None,66,1,5,False,10,10
203,8,betCent,10,0.0995222929936305,0,6,None,66,1,5,False,10,10
204,9,betCent,10,0.0995222929936305,0,6,None,66,1,5,False,10,10
205,5,betCent,10,0.0995222929936305,0,14,None,66,1,5,False,10,10
206,6,betCent,10,0.0995222929936305,0,14,None,66,1,5,False,10,10
207,7,betCent,10,0.0995222929936305,0,14,None,66,1,5,False,10,10
208,8,betCent,10,0.0995222929936305,0,14,None,66,1,5,False,10,10
209,9,betCent,10,0.0995222929936305,0,14,None,66,1,5,False,10,10
210,5,betCent,10,0.0995222929936305,0,25,None,66,1,5,False,10,10
211,6,betCent,10,0.0995222929936305,0,25,None,66,1,5,False,10,10
212,7,betCent,10,0.0995222929936305,0,25,None,66,1,5,False,10,10
213,8,betCent,10,0.1038017515923566,0,25,None,66,1,5,False,10,10
214,9,betCent,10,0.1013136942675159,0,25,None,66,1,5,False,10,10
215,5,betCent,10,0.2704020700636942,0,13,None,66,1,5,False,10,10
216,6,betCent,10,0.2699044585987261,0,13,None,66,1,5,False,10,10
217,7,betCent,10,0.3204617834394904,0,13,None,66,1,5,False,10,10
218,8,betCent,10,0.3360867834394904,0,13,None,66,1,5,False,10,10
219,9,betCent,10,0.2882165605095541,0,13,None,66,1,5,False,10,10
220,5,betCent,10,0.2270103503184713,0,21,None,66,1,5,False,10,10
221,6,betCent,10,0.1879976114649681,0,21,None,66,1,5,False,10,10
222,7,betCent,10,0.190983280254777,0,21,None,66,1,5,False,10,10
223,8,betCent,10,0.1939689490445859,0,21,None,66,1,5,False,10,10
224,9,betCent,10,0.2028264331210191,0,21,None,66,1,5,False,10,10
225,5,betCent,10,0.0995222929936305,0,19,None,66,1,5,False,10,10
226,6,betCent,10,0.0995222929936305,0,19,None,66,1,5,False,10,10
227,7,betCent,10,0.0995222929936305,0,19,None,66,1,5,False,10,10
228,8,betCent,10,0.0995222929936305,0,19,None,66,1,5,False,10,10
229,9,betCent,10,0.0995222929936305,0,19,None,66,1,5,False,10,10
230,5,betCent,10,0.1894904458598726,0,24,None,66,1,5,False,10,10
231,6,betCent,10,0.1880971337579617,0,24,None,66,1,5,False,10,10
232,7,betCent,10,0.1888933121019108,0,24,None,66,1,5,False,10,10
233,8,betCent,10,0.1898885350318471,0,24,None,66,1,5,False,10,10
234,9,betCent,10,0.1921775477707006,0,24,None,66,1,5,False,10,10
235,5,betCent,10,0.0995222929936305,0,30,None,66,1,5,False,10,10
236,6,betCent,10,0.0995222929936305,0,30,None,66,1,5,False,10,10
237,7,betCent,10,0.0995222929936305,0,30,None,66,1,5,False,10,10
238,8,betCent,10,0.0995222929936305,0,30,None,66,1,5,False,10,10
239,9,betCent,10,0.0995222929936305,0,30,None,66,1,5,False,10,10
240,5,betCent,10,0.2401472929936305,0,27,None,66,1,5,False,10,10
241,6,betCent,10,0.2717953821656051,0,27,None,66,1,5,False,10,10
242,7,betCent,10,0.2327826433121019,0,27,None,66,1,5,False,10,10
243,8,betCent,10,0.2080015923566879,0,27,None,66,1,5,False,10,10
244,9,betCent,10,0.2021297770700637,0,27,None,66,1,5,False,10,10
245,5,betCent,10,0.1035031847133758,0,31,None,66,1,5,False,10,10
246,6,betCent,10,0.0995222929936305,0,31,None,66,1,5,False,10,10
247,7,betCent,10,0.0995222929936305,0,31,None,66,1,5,False,10,10
248,8,betCent,10,0.0995222929936305,0,31,None,66,1,5,False,10,10
249,9,betCent,10,0.0995222929936305,0,31,None,66,1,5,False,10,10
250,5,betCent,10,0.2680135350318471,0,29,None,66,1,5,False,10,10
251,6,betCent,10,0.3223527070063694,0,29,None,66,1,5,False,10,10
252,7,betCent,10,0.3090167197452229,0,29,None,66,1,5,False,10,10
253,8,betCent,10,0.2824442675159235,0,29,None,66,1,5,False,10,10
254,9,betCent,10,0.2850318471337579,0,29,None,66,1,5,False,10,10
255,5,betCent,10,0.0995222929936305,0,2,None,66,1,5,False,10,10
256,6,betCent,10,0.0995222929936305,0,2,None,66,1,5,False,10,10
257,7,betCent,10,0.0995222929936305,0,2,None,66,1,5,False,10,10
258,8,betCent,10,0.0995222929936305,0,2,None,66,1,5,False,10,10
259,9,betCent,10,0.0995222929936305,0,2,None,66,1,5,False,10,10
260,5,betCent,10,0.1102707006369426,0,0,None,66,1,5,False,10,10
261,6,betCent,10,0.1179339171974522,0,0,None,66,1,5,False,10,10
262,7,betCent,10,0.1261942675159235,0,0,None,66,1,5,False,10,10
263,8,betCent,10,0.1467953821656051,0,0,None,66,1,5,False,10,10
264,9,betCent,10,0.1744625796178344,0,0,None,66,1,5,False,10,10
265,5,betCent,10,0.0995222929936305,0,3,None,66,1,5,False,10,10
266,6,betCent,10,0.0995222929936305,0,3,None,66,1,5,False,10,10
267,7,betCent,10,0.0995222929936305,0,3,None,66,1,5,False,10,10
268,8,betCent,10,0.0995222929936305,0,3,None,66,1,5,False,10,10
269,9,betCent,10,0.0995222929936305,0,3,None,66,1,5,False,10,10
270,5,betCent,10,0.0995222929936305,0,4,None,66,1,5,False,10,10
271,6,betCent,10,0.1763535031847133,0,4,None,66,1,5,False,10,10
272,7,betCent,10,0.1771496815286624,0,4,None,66,1,5,False,10,10
273,8,betCent,10,0.1366441082802547,0,4,None,66,1,5,False,10,10
274,9,betCent,10,0.1028065286624203,0,4,None,66,1,5,False,10,10
275,5,betCent,10,0.0997213375796178,0,5,None,66,1,5,False,10,10
276,6,betCent,10,0.1449044585987261,0,5,None,66,1,5,False,10,10
277,7,betCent,10,0.1868033439490445,0,5,None,66,1,5,False,10,10
278,8,betCent,10,0.1689888535031847,0,5,None,66,1,5,False,10,10
279,9,betCent,10,0.1255971337579617,0,5,None,66,1,5,False,10,10
280,5,betCent,10,0.1451035031847133,0,7,None,66,1,5,False,10,10
281,6,betCent,10,0.1687898089171974,0,7,None,66,1,5,False,10,10
282,7,betCent,10,0.1948646496815286,0,7,None,66,1,5,False,10,10
283,8,betCent,10,0.2349721337579617,0,7,None,66,1,5,False,10,10
284,9,betCent,10,0.2493033439490445,0,7,None,66,1,5,False,10,10
285,5,betCent,10,0.0995222929936305,0,9,None,66,1,5,False,10,10
286,6,betCent,10,0.0995222929936305,0,9,None,66,1,5,False,10,10
287,7,betCent,10,0.0995222929936305,0,9,None,66,1,5,False,10,10
288,8,betCent,10,0.0995222929936305,0,9,None,66,1,5,False,10,10
289,9,betCent,10,0.0995222929936305,0,9,None,66,1,5,False,10,10
290,5,betCent,10,0.0995222929936305,0,10,None,66,1,5,False,10,10
291,6,betCent,10,0.0995222929936305,0,10,None,66,1,5,False,10,10
292,7,betCent,10,0.0995222929936305,0,10,None,66,1,5,False,10,10
293,8,betCent,10,0.0995222929936305,0,10,None,66,1,5,False,10,10
294,9,betCent,10,0.0995222929936305,0,10,None,66,1,5,False,10,10
295,5,betCent,10,0.1980493630573248,0,11,None,66,1,5,False,10,10
296,6,betCent,10,0.2842356687898089,0,11,None,66,1,5,False,10,10
297,7,betCent,10,0.3408638535031847,0,11,None,66,1,5,False,10,10
298,8,betCent,10,0.3524084394904458,0,11,None,66,1,5,False,10,10
299,9,betCent,10,0.344546178343949,0,11,None,66,1,5,False,10,10
300,5,betCent,10,0.0995222929936305,0,12,None,66,1,5,False,10,10
301,6,betCent,10,0.0995222929936305,0,12,None,66,1,5,False,10,10
302,7,betCent,10,0.0995222929936305,0,12,None,66,1,5,False,10,10
303,8,betCent,10,0.0995222929936305,0,12,None,66,1,5,False,10,10
304,9,betCent,10,0.1020103503184713,0,12,None,66,1,5,False,10,10
305,5,betCent,10,0.2006369426751592,0,15,None,66,1,5,False,10,10
306,6,betCent,10,0.2965764331210191,0,15,None,66,1,5,False,10,10
307,7,betCent,10,0.3554936305732484,0,15,None,66,1,5,False,10,10
308,8,betCent,10,0.3634554140127388,0,15,None,66,1,5,False,10,10
309,9,betCent,10,0.3595740445859872,0,15,None,66,1,5,False,10,10
310,5,betCent,10,0.1675955414012739,0,17,None,66,1,5,False,10,10
311,6,betCent,10,0.2272093949044586,0,17,None,66,1,5,False,10,10
312,7,betCent,10,0.3261345541401274,0,17,None,66,1,5,False,10,10
313,8,betCent,10,0.3265326433121019,0,17,None,66,1,5,False,10,10
314,9,betCent,10,0.303343949044586,0,17,None,66,1,5,False,10,10
315,5,betCent,10,0.1987460191082802,0,18,None,66,1,5,False,10,10
316,6,betCent,10,0.2784633757961783,0,18,None,66,1,5,False,10,10
317,7,betCent,10,0.3227507961783439,0,18,None,66,1,5,False,10,10
318,8,betCent,10,0.3024482484076433,0,18,None,66,1,5,False,10,10
319,9,betCent,10,0.2748805732484076,0,18,None,66,1,5,False,10,10
320,5,betCent,10,0.1519705414012739,0,20,None,66,1,5,False,10,10
321,6,betCent,10,0.1984474522292993,0,20,None,66,1,5,False,10,10
322,7,betCent,10,0.254578025477707,0,20,None,66,1,5,False,10,10
323,8,betCent,10,0.2280055732484076,0,20,None,66,1,5,False,10,10
324,9,betCent,10,0.2013335987261146,0,20,None,66,1,5,False,10,10
325,5,betCent,10,0.159733280254777,0,28,None,66,1,5,False,10,10
326,6,betCent,10,0.2663216560509554,0,28,None,66,1,5,False,10,10
327,7,betCent,10,0.3175756369426751,0,28,None,66,1,5,False,10,10
328,8,betCent,10,0.283937101910828,0,28,None,66,1,5,False,10,10
329,9,betCent,10,0.2697054140127388,0,28,None,66,1,5,False,10,10
330,10,betCent,10,0.2188495222929936,0,1,None,66,1,5,False,10,10
331,11,betCent,10,0.2114848726114649,0,1,None,66,1,5,False,10,10
332,12,betCent,10,0.2197452229299363,0,1,None,66,1,5,False,10,10
333,13,betCent,10,0.2514928343949044,0,1,None,66,1,5,False,10,10
334,14,betCent,10,0.2579617834394904,0,1,None,66,1,5,False,10,10
335,10,betCent,10,0.0995222929936305,0,2,None,66,1,5,False,10,10
336,11,betCent,10,0.0995222929936305,0,2,None,66,1,5,False,10,10
337,12,betCent,10,0.0995222929936305,0,2,None,66,1,5,False,10,10
338,13,betCent,10,0.0995222929936305,0,2,None,66,1,5,False,10,10
339,14,betCent,10,0.0995222929936305,0,2,None,66,1,5,False,10,10
340,10,betCent,10,0.1533638535031847,0,23,None,66,1,5,False,10,10
341,11,betCent,10,0.1598328025477707,0,23,None,66,1,5,False,10,10
342,12,betCent,10,0.1716759554140127,0,23,None,66,1,5,False,10,10
343,13,betCent,10,0.1770501592356688,0,23,None,66,1,5,False,10,10
344,14,betCent,10,0.1243033439490445,0,23,None,66,1,5,False,10,10
345,10,betCent,10,0.1760549363057325,0,28,None,66,1,5,False,10,10
346,11,betCent,10,0.2441281847133758,0,28,None,66,1,5,False,10,10
347,12,betCent,10,0.331608280254777,0,28,None,66,1,5,False,10,10
348,13,betCent,10,0.304140127388535,0,28,None,66,1,5,False,10,10
349,14,betCent,10,0.2651273885350318,0,28,None,66,1,5,False,10,10
350,10,betCent,10,0.2425358280254777,0,29,None,66,1,5,False,10,10
351,11,betCent,10,0.24890525477707,0,29,None,66,1,5,False,10,10
352,12,betCent,10,0.2606488853503185,0,29,None,66,1,5,False,10,10
353,13,betCent,10,0.1848128980891719,0,29,None,66,1,5,False,10,10
354,14,betCent,10,0.1229100318471337,0,29,None,66,1,5,False,10,10
355,10,betCent,10,0.203921178343949,0,15,None,66,1,5,False,10,10
356,11,betCent,10,0.268312101910828,0,15,None,66,1,5,False,10,10
357,12,betCent,10,0.2984673566878981,0,15,None,66,1,5,False,10,10
358,13,betCent,10,0.3168789808917197,0,15,None,66,1,5,False,10,10
359,14,betCent,10,0.3122014331210191,0,15,None,66,1,5,False,10,10
360,10,betCent,10,0.0995222929936305,0,10,None,66,1,5,False,10,10
361,11,betCent,10,0.0995222929936305,0,10,None,66,1,5,False,10,10
362,12,betCent,10,0.0995222929936305,0,10,None,66,1,5,False,10,10
363,13,betCent,10,0.0995222929936305,0,10,None,66,1,5,False,10,10
364,14,betCent,10,0.0995222929936305,0,10,None,66,1,5,False,10,10
365,10,betCent,10,0.2422372611464968,0,11,None,66,1,5,False,10,10
366,11,betCent,10,0.2745820063694267,0,11,None,66,1,5,False,10,10
367,12,betCent,10,0.2693073248407643,0,11,None,66,1,5,False,10,10
368,13,betCent,10,0.2559713375796178,0,11,None,66,1,5,False,10,10
369,14,betCent,10,0.2311902866242038,0,11,None,66,1,5,False,10,10
370,10,betCent,10,0.0995222929936305,0,20,None,66,1,5,False,10,10
371,11,betCent,10,0.1132563694267515,0,20,None,66,1,5,False,10,10
372,12,betCent,10,0.1320660828025477,0,20,None,66,1,5,False,10,10
373,13,betCent,10,0.0995222929936305,0,20,None,66,1,5,False,10,10
374,14,betCent,10,0.110967356687898,0,20,None,66,1,5,False,10,10
375,10,betCent,10,0.1564490445859872,0,32,None,66,1,5,False,10,10
376,11,betCent,10,0.1171377388535031,0,32,None,66,1,5,False,10,10
377,12,betCent,10,0.0995222929936305,0,32,None,66,1,5,False,10,10
378,13,betCent,10,0.1061902866242038,0,32,None,66,1,5,False,10,10
379,14,betCent,10,0.1229100318471337,0,32,None,66,1,5,False,10,10
380,10,betCent,10,0.2197452229299363,0,5,None,66,1,5,False,10,10
381,11,betCent,10,0.2101910828025477,0,5,None,66,1,5,False,10,10
382,12,betCent,10,0.1671974522292993,0,5,None,66,1,5,False,10,10
383,13,betCent,10,0.1087778662420382,0,5,None,66,1,5,False,10,10
384,14,betCent,10,0.1006170382165605,0,5,None,66,1,5,False,10,10
385,10,betCent,10,0.0995222929936305,0,4,None,66,1,5,False,10,10
386,11,betCent,10,0.0995222929936305,0,4,None,66,1,5,False,10,10
387,12,betCent,10,0.1014132165605095,0,4,None,66,1,5,False,10,10
388,13,betCent,10,0.1191281847133758,0,4,None,66,1,5,False,10,10
389,14,betCent,10,0.1544585987261146,0,4,None,66,1,5,False,10,10
390,10,betCent,10,0.1868033439490445,0,30,None,66,1,5,False,10,10
391,11,betCent,10,0.1644108280254777,0,30,None,66,1,5,False,10,10
392,12,betCent,10,0.1462977707006369,0,30,None,66,1,5,False,10,10
393,13,betCent,10,0.1305732484076433,0,30,None,66,1,5,False,10,10
394,14,betCent,10,0.1243033439490445,0,30,None,66,1,5,False,10,10
395,10,betCent,10,0.1747611464968153,0,16,None,66,1,5,False,10,10
396,11,betCent,10,0.1863057324840764,0,16,None,66,1,5,False,10,10
397,12,betCent,10,0.1911823248407643,0,16,None,66,1,5,False,10,10
398,13,betCent,10,0.1946656050955414,0,16,None,66,1,5,False,10,10
399,14,betCent,10,0.196656050955414,0,16,None,66,1,5,False,10,10
400,10,betCent,10,0.0996218152866242,0,7,None,66,1,5,False,10,10
401,11,betCent,10,0.0997213375796178,0,7,None,66,1,5,False,10,10
402,12,betCent,10,0.1011146496815286,0,7,None,66,1,5,False,10,10
403,13,betCent,10,0.1064888535031847,0,7,None,66,1,5,False,10,10
404,14,betCent,10,0.1199243630573248,0,7,None,66,1,5,False,10,10
405,10,betCent,10,0.1684912420382165,0,14,None,66,1,5,False,10,10
406,11,betCent,10,0.1816281847133758,0,14,None,66,1,5,False,10,10
407,12,betCent,10,0.1857085987261146,0,14,None,66,1,5,False,10,10
408,13,betCent,10,0.1865047770700637,0,14,None,66,1,5,False,10,10
409,14,betCent,10,0.1866042993630573,0,14,None,66,1,5,False,10,10
410,10,betCent,10,0.0995222929936305,0,22,None,66,1,5,False,10,10
411,11,betCent,10,0.1513734076433121,0,22,None,66,1,5,False,10,10
412,12,betCent,10,0.1872014331210191,0,22,None,66,1,5,False,10,10
413,13,betCent,10,0.1881966560509554,0,22,None,66,1,5,False,10,10
414,14,betCent,10,0.1715764331210191,0,22,None,66,1,5,False,10,10
415,10,betCent,10,0.1005175159235668,0,9,None,66,1,5,False,10,10
416,11,betCent,10,0.0995222929936305,0,9,None,66,1,5,False,10,10
417,12,betCent,10,0.0995222929936305,0,9,None,66,1,5,False,10,10
418,13,betCent,10,0.0995222929936305,0,9,None,66,1,5,False,10,10
419,14,betCent,10,0.0995222929936305,0,9,None,66,1,5,False,10,10
420,10,betCent,10,0.0995222929936305,0,17,None,66,1,5,False,10,10
421,11,betCent,10,0.1001194267515923,0,17,None,66,1,5,False,10,10
422,12,betCent,10,0.1252985668789809,0,17,None,66,1,5,False,10,10
423,13,betCent,10,0.1738654458598726,0,17,None,66,1,5,False,10,10
424,14,betCent,10,0.1725716560509554,0,17,None,66,1,5,False,10,10
425,10,betCent,10,0.1743630573248407,0,24,None,66,1,5,False,10,10
426,11,betCent,10,0.2593550955414013,0,24,None,66,1,5,False,10,10
427,12,betCent,10,0.315983280254777,0,24,None,66,1,5,False,10,10
428,13,betCent,10,0.3382762738853503,0,24,None,66,1,5,False,10,10
429,14,betCent,10,0.3326035031847134,0,24,None,66,1,5,False,10,10
430,10,betCent,10,0.0995222929936305,0,19,None,66,1,5,False,10,10
431,11,betCent,10,0.0995222929936305,0,19,None,66,1,5,False,10,10
432,12,betCent,10,0.0995222929936305,0,19,None,66,1,5,False,10,10
433,13,betCent,10,0.0995222929936305,0,19,None,66,1,5,False,10,10
434,14,betCent,10,0.0995222929936305,0,19,None,66,1,5,False,10,10
435,10,betCent,10,0.1948646496815286,0,8,None,66,1,5,False,10,10
436,11,betCent,10,0.197452229299363,0,8,None,66,1,5,False,10,10
437,12,betCent,10,0.1970541401273885,0,8,None,66,1,5,False,10,10
438,13,betCent,10,0.1957603503184713,0,8,None,66,1,5,False,10,10
439,14,betCent,10,0.1959593949044586,0,8,None,66,1,5,False,10,10
440,10,betCent,10,0.1269904458598726,0,21,None,66,1,5,False,10,10
441,11,betCent,10,0.1353503184713375,0,21,None,66,1,5,False,10,10
442,12,betCent,10,0.1471934713375796,0,21,None,66,1,5,False,10,10
443,13,betCent,10,0.158937101910828,0,21,None,66,1,5,False,10,10
444,14,betCent,10,0.1700835987261146,0,21,None,66,1,5,False,10,10
445,10,betCent,10,0.1981488853503184,0,18,None,66,1,5,False,10,10
446,11,betCent,10,0.24890525477707,0,18,None,66,1,5,False,10,10
447,12,betCent,10,0.2828423566878981,0,18,None,66,1,5,False,10,10
448,13,betCent,10,0.2662221337579618,0,18,None,66,1,5,False,10,10
449,14,betCent,10,0.2727906050955414,0,18,None,66,1,5,False,10,10
450,10,betCent,10,0.1421178343949044,0,27,None,66,1,5,False,10,10
451,11,betCent,10,0.1339570063694267,0,27,None,66,1,5,False,10,10
452,12,betCent,10,0.1272890127388535,0,27,None,66,1,5,False,10,10
453,13,betCent,10,0.1813296178343949,0,27,None,66,1,5,False,10,10
454,14,betCent,10,0.1906847133757961,0,27,None,66,1,5,False,10,10
455,10,betCent,10,0.1394307324840764,0,31,None,66,1,5,False,10,10
456,11,betCent,10,0.1751592356687898,0,31,None,66,1,5,False,10,10
457,12,betCent,10,0.2237261146496815,0,31,None,66,1,5,False,10,10
458,13,betCent,10,0.1817277070063694,0,31,None,66,1,5,False,10,10
459,14,betCent,10,0.1510748407643312,0,31,None,66,1,5,False,10,10
460,10,betCent,10,0.1566480891719745,0,0,None,66,1,5,False,10,10
461,11,betCent,10,0.1001194267515923,0,0,None,66,1,5,False,10,10
462,12,betCent,10,0.1087778662420382,0,0,None,66,1,5,False,10,10
463,13,betCent,10,0.1519705414012739,0,0,None,66,1,5,False,10,10
464,14,betCent,10,0.1999402866242038,0,0,None,66,1,5,False,10,10
465,10,betCent,10,0.2543789808917197,0,13,None,66,1,5,False,10,10
466,11,betCent,10,0.2471138535031847,0,13,None,66,1,5,False,10,10
467,12,betCent,10,0.2275079617834395,0,13,None,66,1,5,False,10,10
468,13,betCent,10,0.2112858280254777,0,13,None,66,1,5,False,10,10
469,14,betCent,10,0.197452229299363,0,13,None,66,1,5,False,10,10
470,10,betCent,10,0.0995222929936305,0,25,None,66,1,5,False,10,10
471,11,betCent,10,0.0995222929936305,0,25,None,66,1,5,False,10,10
472,12,betCent,10,0.0994227707006369,0,25,None,66,1,5,False,10,10
473,13,betCent,10,0.101811305732484,0,25,None,66,1,5,False,10,10
474,14,betCent,10,0.1201234076433121,0,25,None,66,1,5,False,10,10
475,10,betCent,10,0.0995222929936305,0,3,None,66,1,5,False,10,10
476,11,betCent,10,0.0995222929936305,0,3,None,66,1,5,False,10,10
477,12,betCent,10,0.0995222929936305,0,3,None,66,1,5,False,10,10
478,13,betCent,10,0.0995222929936305,0,3,None,66,1,5,False,10,10
479,14,betCent,10,0.0995222929936305,0,3,None,66,1,5,False,10,10
480,10,betCent,10,0.0995222929936305,0,12,None,66,1,5,False,10,10
481,11,betCent,10,0.0995222929936305,0,12,None,66,1,5,False,10,10
482,12,betCent,10,0.0995222929936305,0,12,None,66,1,5,False,10,10
483,13,betCent,10,0.0995222929936305,0,12,None,66,1,5,False,10,10
484,14,betCent,10,0.0995222929936305,0,12,None,66,1,5,False,10,10
485,10,betCent,10,0.0995222929936305,0,6,None,66,1,5,False,10,10
486,11,betCent,10,0.0995222929936305,0,6,None,66,1,5,False,10,10
487,12,betCent,10,0.0995222929936305,0,6,None,66,1,5,False,10,10
488,13,betCent,10,0.0995222929936305,0,6,None,66,1,5,False,10,10
489,14,betCent,10,0.0995222929936305,0,6,None,66,1,5,False,10,10
490,10,betCent,10,0.1342555732484076,0,26,None,66,1,5,False,10,10
491,11,betCent,10,0.2208399681528662,0,26,None,66,1,5,False,10,10
492,12,betCent,10,0.1992436305732484,0,26,None,66,1,5,False,10,10
493,13,betCent,10,0.2057125796178344,0,26,None,66,1,5,False,10,10
494,14,betCent,10,0.2032245222929936,0,26,None,66,1,5,False,10,10
990,15,betCent,10,0.2330812101910828,0,1,None,66,1,5,False,10,10
991,16,betCent,10,0.2860270700636942,0,1,None,66,1,5,False,10,10
992,17,betCent,10,0.3026472929936306,0,1,None,66,1,5,False,10,10
993,18,betCent,10,0.2900079617834395,0,1,None,66,1,5,False,10,10
994,19,betCent,10,0.2910031847133758,0,1,None,66,1,5,False,10,10
995,15,betCent,10,0.0996218152866242,0,2,None,66,1,5,False,10,10
996,16,betCent,10,0.1017117834394904,0,2,None,66,1,5,False,10,10
997,17,betCent,10,0.1318670382165605,0,2,None,66,1,5,False,10,10
998,18,betCent,10,0.1849124203821656,0,2,None,66,1,5,False,10,10
999,19,betCent,10,0.2339769108280254,0,2,None,66,1,5,False,10,10
1000,15,betCent,10,0.2097929936305732,0,5,None,66,1,5,False,10,10
1001,16,betCent,10,0.237062101910828,0,5,None,66,1,5,False,10,10
1002,17,betCent,10,0.2087977707006369,0,5,None,66,1,5,False,10,10
1003,18,betCent,10,0.1987460191082802,0,5,None,66,1,5,False,10,10
1004,19,betCent,10,0.2018312101910828,0,5,None,66,1,5,False,10,10
1005,15,betCent,10,0.1383359872611465,0,13,None,66,1,5,False,10,10
1006,16,betCent,10,0.2104896496815286,0,13,None,66,1,5,False,10,10
1007,17,betCent,10,0.2307921974522293,0,13,None,66,1,5,False,10,10
1008,18,betCent,10,0.2667197452229299,0,13,None,66,1,5,False,10,10
1009,19,betCent,10,0.2686106687898089,0,13,None,66,1,5,False,10,10
1010,15,betCent,10,0.1550557324840764,0,11,None,66,1,5,False,10,10
1011,16,betCent,10,0.2059116242038216,0,11,None,66,1,5,False,10,10
1012,17,betCent,10,0.2734872611464968,0,11,None,66,1,5,False,10,10
1013,18,betCent,10,0.3016520700636942,0,11,None,66,1,5,False,10,10
1014,19,betCent,10,0.3088176751592357,0,11,None,66,1,5,False,10,10
1015,15,betCent,10,0.1103702229299363,0,20,None,66,1,5,False,10,10
1016,16,betCent,10,0.1774482484076433,0,20,None,66,1,5,False,10,10
1017,17,betCent,10,0.2106886942675159,0,20,None,66,1,5,False,10,10
1018,18,betCent,10,0.2331807324840764,0,20,None,66,1,5,False,10,10
1019,19,betCent,10,0.2417396496815286,0,20,None,66,1,5,False,10,10
1020,15,betCent,10,0.1715764331210191,0,19,None,66,1,5,False,10,10
1021,16,betCent,10,0.2200437898089172,0,19,None,66,1,5,False,10,10
1022,17,betCent,10,0.2044187898089172,0,19,None,66,1,5,False,10,10
1023,18,betCent,10,0.2076035031847133,0,19,None,66,1,5,False,10,10
1024,19,betCent,10,0.2235270700636942,0,19,None,66,1,5,False,10,10
1025,15,betCent,10,0.1786425159235669,0,14,None,66,1,5,False,10,10
1026,16,betCent,10,0.1857085987261146,0,14,None,66,1,5,False,10,10
1027,17,betCent,10,0.1872014331210191,0,14,None,66,1,5,False,10,10
1028,18,betCent,10,0.185609076433121,0,14,None,66,1,5,False,10,10
1029,19,betCent,10,0.1794386942675159,0,14,None,66,1,5,False,10,10
1030,15,betCent,10,0.1523686305732484,0,22,None,66,1,5,False,10,10
1031,16,betCent,10,0.1777468152866242,0,22,None,66,1,5,False,10,10
1032,17,betCent,10,0.1728702229299363,0,22,None,66,1,5,False,10,10
1033,18,betCent,10,0.1561504777070063,0,22,None,66,1,5,False,10,10
1034,19,betCent,10,0.1266918789808917,0,22,None,66,1,5,False,10,10
1035,15,betCent,10,0.1773487261146497,0,23,None,66,1,5,False,10,10
1036,16,betCent,10,0.1070859872611465,0,23,None,66,1,5,False,10,10
1037,17,betCent,10,0.1005175159235668,0,23,None,66,1,5,False,10,10
1038,18,betCent,10,0.101015127388535,0,23,None,66,1,5,False,10,10
1039,19,betCent,10,0.1027070063694267,0,23,None,66,1,5,False,10,10
1040,15,betCent,10,0.1001194267515923,0,17,None,66,1,5,False,10,10
1041,16,betCent,10,0.1250995222929936,0,17,None,66,1,5,False,10,10
1042,17,betCent,10,0.179936305732484,0,17,None,66,1,5,False,10,10
1043,18,betCent,10,0.2963773885350318,0,17,None,66,1,5,False,10,10
1044,19,betCent,10,0.315187101910828,0,17,None,66,1,5,False,10,10
1045,15,betCent,10,0.1613256369426751,0,21,None,66,1,5,False,10,10
1046,16,betCent,10,0.1677945859872611,0,21,None,66,1,5,False,10,10
1047,17,betCent,10,0.1751592356687898,0,21,None,66,1,5,False,10,10
1048,18,betCent,10,0.1819267515923567,0,21,None,66,1,5,False,10,10
1049,19,betCent,10,0.1887937898089172,0,21,None,66,1,5,False,10,10
1050,15,betCent,10,0.0995222929936305,0,25,None,66,1,5,False,10,10
1051,16,betCent,10,0.0993232484076433,0,25,None,66,1,5,False,10,10
1052,17,betCent,10,0.1209195859872611,0,25,None,66,1,5,False,10,10
1053,18,betCent,10,0.0997213375796178,0,25,None,66,1,5,False,10,10
1054,19,betCent,10,0.1012141719745222,0,25,None,66,1,5,False,10,10
1055,15,betCent,10,0.0995222929936305,0,26,None,66,1,5,False,10,10
1056,16,betCent,10,0.0995222929936305,0,26,None,66,1,5,False,10,10
1057,17,betCent,10,0.0995222929936305,0,26,None,66,1,5,False,10,10
1058,18,betCent,10,0.1000199044585987,0,26,None,66,1,5,False,10,10
1059,19,betCent,10,0.107484076433121,0,26,None,66,1,5,False,10,10
1060,15,betCent,10,0.0995222929936305,0,12,None,66,1,5,False,10,10
1061,16,betCent,10,0.0996218152866242,0,12,None,66,1,5,False,10,10
1062,17,betCent,10,0.1000199044585987,0,12,None,66,1,5,False,10,10
1063,18,betCent,10,0.1191281847133758,0,12,None,66,1,5,False,10,10
1064,19,betCent,10,0.1377388535031847,0,12,None,66,1,5,False,10,10
1065,15,betCent,10,0.1273885350318471,0,24,None,66,1,5,False,10,10
1066,16,betCent,10,0.1956608280254777,0,24,None,66,1,5,False,10,10
1067,17,betCent,10,0.212281050955414,0,24,None,66,1,5,False,10,10
1068,18,betCent,10,0.2538813694267516,0,24,None,66,1,5,False,10,10
1069,19,betCent,10,0.35828025477707,0,24,None,66,1,5,False,10,10
1070,15,betCent,10,0.2068073248407643,0,28,None,66,1,5,False,10,10
1071,16,betCent,10,0.328921178343949,0,28,None,66,1,5,False,10,10
1072,17,betCent,10,0.3589769108280254,0,28,None,66,1,5,False,10,10
1073,18,betCent,10,0.2846337579617834,0,28,None,66,1,5,False,10,10
1074,19,betCent,10,0.2753781847133758,0,28,None,66,1,5,False,10,10
1075,15,betCent,10,0.0995222929936305,0,9,None,66,1,5,False,10,10
1076,16,betCent,10,0.1004179936305732,0,9,None,66,1,5,False,10,10
1077,17,betCent,10,0.1154458598726114,0,9,None,66,1,5,False,10,10
1078,18,betCent,10,0.1725716560509554,0,9,None,66,1,5,False,10,10
1079,19,betCent,10,0.2206409235668789,0,9,None,66,1,5,False,10,10
1080,15,betCent,10,0.238953025477707,0,29,None,66,1,5,False,10,10
1081,16,betCent,10,0.227906050955414,0,29,None,66,1,5,False,10,10
1082,17,betCent,10,0.1846138535031847,0,29,None,66,1,5,False,10,10
1083,18,betCent,10,0.1223128980891719,0,29,None,66,1,5,False,10,10
1084,19,betCent,10,0.1356488853503184,0,29,None,66,1,5,False,10,10
1085,15,betCent,10,0.2030254777070063,0,0,None,66,1,5,False,10,10
1086,16,betCent,10,0.2660230891719745,0,0,None,66,1,5,False,10,10
1087,17,betCent,10,0.2276074840764331,0,0,None,66,1,5,False,10,10
1088,18,betCent,10,0.2291003184713375,0,0,None,66,1,5,False,10,10
1089,19,betCent,10,0.2330812101910828,0,0,None,66,1,5,False,10,10
1090,15,betCent,10,0.1988455414012739,0,27,None,66,1,5,False,10,10
1091,16,betCent,10,0.2229299363057325,0,27,None,66,1,5,False,10,10
1092,17,betCent,10,0.1879976114649681,0,27,None,66,1,5,False,10,10
1093,18,betCent,10,0.1675955414012739,0,27,None,66,1,5,False,10,10
1094,19,betCent,10,0.1576433121019108,0,27,None,66,1,5,False,10,10
1095,15,betCent,10,0.1930732484076433,0,6,None,66,1,5,False,10,10
1096,16,betCent,10,0.190187101910828,0,6,None,66,1,5,False,10,10
1097,17,betCent,10,0.1903861464968153,0,6,None,66,1,5,False,10,10
1098,18,betCent,10,0.1888933121019108,0,6,None,66,1,5,False,10,10
1099,19,betCent,10,0.1874004777070063,0,6,None,66,1,5,False,10,10
1100,15,betCent,10,0.150577229299363,0,30,None,66,1,5,False,10,10
1101,16,betCent,10,0.1488853503184713,0,30,None,66,1,5,False,10,10
1102,17,betCent,10,0.1509753184713375,0,30,None,66,1,5,False,10,10
1103,18,betCent,10,0.157046178343949,0,30,None,66,1,5,False,10,10
1104,19,betCent,10,0.1633160828025477,0,30,None,66,1,5,False,10,10
1105,15,betCent,10,0.1638136942675159,0,18,None,66,1,5,False,10,10
1106,16,betCent,10,0.197452229299363,0,18,None,66,1,5,False,10,10
1107,17,betCent,10,0.222233280254777,0,18,None,66,1,5,False,10,10
1108,18,betCent,10,0.2680135350318471,0,18,None,66,1,5,False,10,10
1109,19,betCent,10,0.2543789808917197,0,18,None,66,1,5,False,10,10
1110,15,betCent,10,0.1343550955414012,0,31,None,66,1,5,False,10,10
1111,16,betCent,10,0.1480891719745223,0,31,None,66,1,5,False,10,10
1112,17,betCent,10,0.1768511146496815,0,31,None,66,1,5,False,10,10
1113,18,betCent,10,0.192874203821656,0,31,None,66,1,5,False,10,10
1114,19,betCent,10,0.1979498407643312,0,31,None,66,1,5,False,10,10
1115,15,betCent,10,0.1001194267515923,0,7,None,66,1,5,False,10,10
1116,16,betCent,10,0.1263933121019108,0,7,None,66,1,5,False,10,10
1117,17,betCent,10,0.1769506369426751,0,7,None,66,1,5,False,10,10
1118,18,betCent,10,0.1939689490445859,0,7,None,66,1,5,False,10,10
1119,19,betCent,10,0.2225318471337579,0,7,None,66,1,5,False,10,10
1120,15,betCent,10,0.0996218152866242,0,4,None,66,1,5,False,10,10
1121,16,betCent,10,0.1012141719745222,0,4,None,66,1,5,False,10,10
1122,17,betCent,10,0.1153463375796178,0,4,None,66,1,5,False,10,10
1123,18,betCent,10,0.1482882165605095,0,4,None,66,1,5,False,10,10
1124,19,betCent,10,0.1720740445859872,0,4,None,66,1,5,False,10,10
1125,15,betCent,10,0.0996218152866242,0,32,None,66,1,5,False,10,10
1126,16,betCent,10,0.0995222929936305,0,32,None,66,1,5,False,10,10
1127,17,betCent,10,0.0995222929936305,0,32,None,66,1,5,False,10,10
1128,18,betCent,10,0.0995222929936305,0,32,None,66,1,5,False,10,10
1129,19,betCent,10,0.1036027070063694,0,32,None,66,1,5,False,10,10
1130,15,betCent,10,0.1952627388535031,0,16,None,66,1,5,False,10,10
1131,16,betCent,10,0.1952627388535031,0,16,None,66,1,5,False,10,10
1132,17,betCent,10,0.1950636942675159,0,16,None,66,1,5,False,10,10
1133,18,betCent,10,0.194765127388535,0,16,None,66,1,5,False,10,10
1134,19,betCent,10,0.194765127388535,0,16,None,66,1,5,False,10,10
1135,15,betCent,10,0.2330812101910828,0,8,None,66,1,5,False,10,10
1136,16,betCent,10,0.2244227707006369,0,8,None,66,1,5,False,10,10
1137,17,betCent,10,0.2193471337579617,0,8,None,66,1,5,False,10,10
1138,18,betCent,10,0.2161624203821656,0,8,None,66,1,5,False,10,10
1139,19,betCent,10,0.2186504777070063,0,8,None,66,1,5,False,10,10
1140,15,betCent,10,0.0996218152866242,0,10,None,66,1,5,False,10,10
1141,16,betCent,10,0.0996218152866242,0,10,None,66,1,5,False,10,10
1142,17,betCent,10,0.106389331210191,0,10,None,66,1,5,False,10,10
1143,18,betCent,10,0.1670979299363057,0,10,None,66,1,5,False,10,10
1144,19,betCent,10,0.1921775477707006,0,10,None,66,1,5,False,10,10
1145,15,betCent,10,0.1447054140127388,0,15,None,66,1,5,False,10,10
1146,16,betCent,10,0.1964570063694267,0,15,None,66,1,5,False,10,10
1147,17,betCent,10,0.2689092356687898,0,15,None,66,1,5,False,10,10
1148,18,betCent,10,0.3195660828025478,0,15,None,66,1,5,False,10,10
1149,19,betCent,10,0.3416600318471338,0,15,None,66,1,5,False,10,10
1150,15,betCent,10,0.0996218152866242,0,3,None,66,1,5,False,10,10
1151,16,betCent,10,0.1000199044585987,0,3,None,66,1,5,False,10,10
1152,17,betCent,10,0.1180334394904458,0,3,None,66,1,5,False,10,10
1153,18,betCent,10,0.175358280254777,0,3,None,66,1,5,False,10,10
1154,19,betCent,10,0.1943670382165605,0,3,None,66,1,5,False,10,10
1155,20,betCent,10,0.1821257961783439,0,30,None,66,1,5,False,10,10
1156,21,betCent,10,0.1884952229299363,0,30,None,66,1,5,False,10,10
1157,22,betCent,10,0.2002388535031847,0,30,None,66,1,5,False,10,10
1158,23,betCent,10,0.2685111464968153,0,30,None,66,1,5,False,10,10
1159,24,betCent,10,0.2859275477707006,0,30,None,66,1,5,False,10,10
1160,20,betCent,10,0.2602507961783439,0,16,None,66,1,5,False,10,10
1161,21,betCent,10,0.2622412420382166,0,16,None,66,1,5,False,10,10
1162,22,betCent,10,0.26453025477707,0,16,None,66,1,5,False,10,10
1163,23,betCent,10,0.2699044585987261,0,16,None,66,1,5,False,10,10
1164,24,betCent,10,0.2821457006369426,0,16,None,66,1,5,False,10,10
1165,20,betCent,10,0.1914808917197452,0,21,None,66,1,5,False,10,10
1166,21,betCent,10,0.1950636942675159,0,21,None,66,1,5,False,10,10
1167,22,betCent,10,0.2067078025477707,0,21,None,66,1,5,False,10,10
1168,23,betCent,10,0.2480095541401273,0,21,None,66,1,5,False,10,10
1169,24,betCent,10,0.2729896496815286,0,21,None,66,1,5,False,10,10
1170,20,betCent,10,0.3207603503184713,0,27,None,66,1,5,False,10,10
1171,21,betCent,10,0.2980692675159235,0,27,None,66,1,5,False,10,10
1172,22,betCent,10,0.313296178343949,0,27,None,66,1,5,False,10,10
1173,23,betCent,10,0.3284235668789809,0,27,None,66,1,5,False,10,10
1174,24,betCent,10,0.3422571656050955,0,27,None,66,1,5,False,10,10
1175,20,betCent,10,0.2069068471337579,0,7,None,66,1,5,False,10,10
1176,21,betCent,10,0.2364649681528662,0,7,None,66,1,5,False,10,10
1177,22,betCent,10,0.2681130573248407,0,7,None,66,1,5,False,10,10
1178,23,betCent,10,0.3475318471337579,0,7,None,66,1,5,False,10,10
1179,24,betCent,10,0.432921974522293,0,7,None,66,1,5,False,10,10
1180,20,betCent,10,0.1131568471337579,0,32,None,66,1,5,False,10,10
1181,21,betCent,10,0.1641122611464968,0,32,None,66,1,5,False,10,10
1182,22,betCent,10,0.2511942675159235,0,32,None,66,1,5,False,10,10
1183,23,betCent,10,0.2854299363057325,0,32,None,66,1,5,False,10,10
1184,24,betCent,10,0.3075238853503185,0,32,None,66,1,5,False,10,10
1185,20,betCent,10,0.2331807324840764,0,23,None,66,1,5,False,10,10
1186,21,betCent,10,0.2033240445859872,0,23,None,66,1,5,False,10,10
1187,22,betCent,10,0.2133757961783439,0,23,None,66,1,5,False,10,10
1188,23,betCent,10,0.2316878980891719,0,23,None,66,1,5,False,10,10
1189,24,betCent,10,0.2555732484076433,0,23,None,66,1,5,False,10,10
1190,20,betCent,10,0.3812699044585987,0,8,None,66,1,5,False,10,10
1191,21,betCent,10,0.283937101910828,0,8,None,66,1,5,False,10,10
1192,22,betCent,10,0.2677149681528662,0,8,None,66,1,5,False,10,10
1193,23,betCent,10,0.2665207006369426,0,8,None,66,1,5,False,10,10
1194,24,betCent,10,0.2738853503184713,0,8,None,66,1,5,False,10,10
1195,20,betCent,10,0.2274084394904458,0,18,None,66,1,5,False,10,10
1196,21,betCent,10,0.3429538216560509,0,18,None,66,1,5,False,10,10
1197,22,betCent,10,0.3329020700636942,0,18,None,66,1,5,False,10,10
1198,23,betCent,10,0.3627587579617834,0,18,None,66,1,5,False,10,10
1199,24,betCent,10,0.3457404458598726,0,18,None,66,1,5,False,10,10
1200,20,betCent,10,0.2472133757961783,0,19,None,66,1,5,False,10,10
1201,21,betCent,10,0.3010549363057325,0,19,None,66,1,5,False,10,10
1202,22,betCent,10,0.3104100318471338,0,19,None,66,1,5,False,10,10
1203,23,betCent,10,0.3999800955414013,0,19,None,66,1,5,False,10,10
1204,24,betCent,10,0.4142117834394904,0,19,None,66,1,5,False,10,10
1205,20,betCent,10,0.2676154458598726,0,31,None,66,1,5,False,10,10
1206,21,betCent,10,0.2582603503184713,0,31,None,66,1,5,False,10,10
1207,22,betCent,10,0.2941878980891719,0,31,None,66,1,5,False,10,10
1208,23,betCent,10,0.3225517515923566,0,31,None,66,1,5,False,10,10
1209,24,betCent,10,0.3285230891719745,0,31,None,66,1,5,False,10,10
1210,20,betCent,10,0.2806528662420382,0,15,None,66,1,5,False,10,10
1211,21,betCent,10,0.3340963375796178,0,15,None,66,1,5,False,10,10
1212,22,betCent,10,0.3498208598726114,0,15,None,66,1,5,False,10,10
1213,23,betCent,10,0.3565883757961783,0,15,None,66,1,5,False,10,10
1214,24,betCent,10,0.357484076433121,0,15,None,66,1,5,False,10,10
1215,20,betCent,10,0.1972531847133758,0,10,None,66,1,5,False,10,10
1216,21,betCent,10,0.2015326433121019,0,10,None,66,1,5,False,10,10
1217,22,betCent,10,0.212281050955414,0,10,None,66,1,5,False,10,10
1218,23,betCent,10,0.2601512738853503,0,10,None,66,1,5,False,10,10
1219,24,betCent,10,0.3018511146496815,0,10,None,66,1,5,False,10,10
1220,20,betCent,10,0.2713972929936306,0,2,None,66,1,5,False,10,10
1221,21,betCent,10,0.2784633757961783,0,2,None,66,1,5,False,10,10
1222,22,betCent,10,0.2893113057324841,0,2,None,66,1,5,False,10,10
1223,23,betCent,10,0.3077229299363057,0,2,None,66,1,5,False,10,10
1224,24,betCent,10,0.3232484076433121,0,2,None,66,1,5,False,10,10
1225,20,betCent,10,0.3206608280254777,0,5,None,66,1,5,False,10,10
1226,21,betCent,10,0.3000597133757962,0,5,None,66,1,5,False,10,10
1227,22,betCent,10,0.380374203821656,0,5,None,66,1,5,False,10,10
1228,23,betCent,10,0.4236664012738853,0,5,None,66,1,5,False,10,10
1229,24,betCent,10,0.4404856687898089,0,5,None,66,1,5,False,10,10
1230,20,betCent,10,0.3069267515923566,0,9,None,66,1,5,False,10,10
1231,21,betCent,10,0.314390923566879,0,9,None,66,1,5,False,10,10
1232,22,betCent,10,0.2952826433121019,0,9,None,66,1,5,False,10,10
1233,23,betCent,10,0.2736863057324841,0,9,None,66,1,5,False,10,10
1234,24,betCent,10,0.2736863057324841,0,9,None,66,1,5,False,10,10
1235,20,betCent,10,0.2467157643312102,0,29,None,66,1,5,False,10,10
1236,21,betCent,10,0.2567675159235669,0,29,None,66,1,5,False,10,10
1237,22,betCent,10,0.2748805732484076,0,29,None,66,1,5,False,10,10
1238,23,betCent,10,0.308718152866242,0,29,None,66,1,5,False,10,10
1239,24,betCent,10,0.3313097133757962,0,29,None,66,1,5,False,10,10
1240,20,betCent,10,0.2833399681528662,0,11,None,66,1,5,False,10,10
1241,21,betCent,10,0.3248407643312102,0,11,None,66,1,5,False,10,10
1242,22,betCent,10,0.3351910828025478,0,11,None,66,1,5,False,10,10
1243,23,betCent,10,0.3392714968152866,0,11,None,66,1,5,False,10,10
1244,24,betCent,10,0.3443471337579618,0,11,None,66,1,5,False,10,10
1245,20,betCent,10,0.2044187898089172,0,17,None,66,1,5,False,10,10
1246,21,betCent,10,0.2944864649681528,0,17,None,66,1,5,False,10,10
1247,22,betCent,10,0.3379777070063694,0,17,None,66,1,5,False,10,10
1248,23,betCent,10,0.3488256369426751,0,17,None,66,1,5,False,10,10
1249,24,betCent,10,0.3137937898089172,0,17,None,66,1,5,False,10,10
1250,20,betCent,10,0.3468351910828025,0,24,None,66,1,5,False,10,10
1251,21,betCent,10,0.3285230891719745,0,24,None,66,1,5,False,10,10
1252,22,betCent,10,0.3602707006369426,0,24,None,66,1,5,False,10,10
1253,23,betCent,10,0.3509156050955414,0,24,None,66,1,5,False,10,10
1254,24,betCent,10,0.3416600318471338,0,24,None,66,1,5,False,10,10
1255,20,betCent,10,0.1855095541401273,0,25,None,66,1,5,False,10,10
1256,21,betCent,10,0.1836186305732484,0,25,None,66,1,5,False,10,10
1257,22,betCent,10,0.2054140127388535,0,25,None,66,1,5,False,10,10
1258,23,betCent,10,0.2346735668789809,0,25,None,66,1,5,False,10,10
1259,24,betCent,10,0.2597531847133758,0,25,None,66,1,5,False,10,10
1260,20,betCent,10,0.1926751592356688,0,6,None,66,1,5,False,10,10
1261,21,betCent,10,0.195561305732484,0,6,None,66,1,5,False,10,10
1262,22,betCent,10,0.1967555732484076,0,6,None,66,1,5,False,10,10
1263,23,betCent,10,0.1954617834394904,0,6,None,66,1,5,False,10,10
1264,24,betCent,10,0.2019307324840764,0,6,None,66,1,5,False,10,10
1265,20,betCent,10,0.1547571656050955,0,26,None,66,1,5,False,10,10
1266,21,betCent,10,0.1569466560509554,0,26,None,66,1,5,False,10,10
1267,22,betCent,10,0.1788415605095541,0,26,None,66,1,5,False,10,10
1268,23,betCent,10,0.2063097133757961,0,26,None,66,1,5,False,10,10
1269,24,betCent,10,0.235171178343949,0,26,None,66,1,5,False,10,10
1270,20,betCent,10,0.3808718152866242,0,28,None,66,1,5,False,10,10
1271,21,betCent,10,0.3616640127388535,0,28,None,66,1,5,False,10,10
1272,22,betCent,10,0.2946855095541401,0,28,None,66,1,5,False,10,10
1273,23,betCent,10,0.2941878980891719,0,28,None,66,1,5,False,10,10
1274,24,betCent,10,0.2977707006369426,0,28,None,66,1,5,False,10,10
1275,20,betCent,10,0.3230493630573248,0,1,None,66,1,5,False,10,10
1276,21,betCent,10,0.3381767515923566,0,1,None,66,1,5,False,10,10
1277,22,betCent,10,0.3107085987261146,0,1,None,66,1,5,False,10,10
1278,23,betCent,10,0.3036425159235669,0,1,None,66,1,5,False,10,10
1279,24,betCent,10,0.3421576433121019,0,1,None,66,1,5,False,10,10
1280,20,betCent,10,0.2005374203821656,0,12,None,66,1,5,False,10,10
1281,21,betCent,10,0.2097929936305732,0,12,None,66,1,5,False,10,10
1282,22,betCent,10,0.2408439490445859,0,12,None,66,1,5,False,10,10
1283,23,betCent,10,0.3134952229299363,0,12,None,66,1,5,False,10,10
1284,24,betCent,10,0.344546178343949,0,12,None,66,1,5,False,10,10
1285,20,betCent,10,0.3654458598726114,0,0,None,66,1,5,False,10,10
1286,21,betCent,10,0.2735867834394904,0,0,None,66,1,5,False,10,10
1287,22,betCent,10,0.2602507961783439,0,0,None,66,1,5,False,10,10
1288,23,betCent,10,0.2763734076433121,0,0,None,66,1,5,False,10,10
1289,24,betCent,10,0.3099124203821656,0,0,None,66,1,5,False,10,10
1290,20,betCent,10,0.2089968152866242,0,13,None,66,1,5,False,10,10
1291,21,betCent,10,0.2418391719745223,0,13,None,66,1,5,False,10,10
1292,22,betCent,10,0.3152866242038216,0,13,None,66,1,5,False,10,10
1293,23,betCent,10,0.346437101910828,0,13,None,66,1,5,False,10,10
1294,24,betCent,10,0.3511146496815286,0,13,None,66,1,5,False,10,10
1295,20,betCent,10,0.2288017515923567,0,20,None,66,1,5,False,10,10
1296,21,betCent,10,0.269108280254777,0,20,None,66,1,5,False,10,10
1297,22,betCent,10,0.2994625796178344,0,20,None,66,1,5,False,10,10
1298,23,betCent,10,0.3128980891719745,0,20,None,66,1,5,False,10,10
1299,24,betCent,10,0.2942874203821656,0,20,None,66,1,5,False,10,10
1300,20,betCent,10,0.1971536624203821,0,3,None,66,1,5,False,10,10
1301,21,betCent,10,0.2090963375796178,0,3,None,66,1,5,False,10,10
1302,22,betCent,10,0.2459195859872611,0,3,None,66,1,5,False,10,10
1303,23,betCent,10,0.2921974522292994,0,3,None,66,1,5,False,10,10
1304,24,betCent,10,0.3207603503184713,0,3,None,66,1,5,False,10,10
1305,20,betCent,10,0.1891918789808917,0,14,None,66,1,5,False,10,10
1306,21,betCent,10,0.1919785031847133,0,14,None,66,1,5,False,10,10
1307,22,betCent,10,0.1945660828025477,0,14,None,66,1,5,False,10,10
1308,23,betCent,10,0.1958598726114649,0,14,None,66,1,5,False,10,10
1309,24,betCent,10,0.1975517515923567,0,14,None,66,1,5,False,10,10
1310,20,betCent,10,0.2198447452229299,0,4,None,66,1,5,False,10,10
1311,21,betCent,10,0.2411425159235669,0,4,None,66,1,5,False,10,10
1312,22,betCent,10,0.2471138535031847,0,4,None,66,1,5,False,10,10
1313,23,betCent,10,0.3199641719745223,0,4,None,66,1,5,False,10,10
1314,24,betCent,10,0.2984673566878981,0,4,None,66,1,5,False,10,10
1315,20,betCent,10,0.2331807324840764,0,22,None,66,1,5,False,10,10
1316,21,betCent,10,0.265625,0,22,None,66,1,5,False,10,10
1317,22,betCent,10,0.25,0,22,None,66,1,5,False,10,10
1318,23,betCent,10,0.2509952229299363,0,22,None,66,1,5,False,10,10
1319,24,betCent,10,0.3057324840764331,0,22,None,66,1,5,False,10,10
2145,25,betCent,10,0.3630573248407643,0,1,None,66,1,5,False,10,10
2146,26,betCent,10,0.3987858280254777,0,1,None,66,1,5,False,10,10
2147,27,betCent,10,0.3977906050955414,0,1,None,66,1,5,False,10,10
2148,28,betCent,10,0.4049562101910828,0,1,None,66,1,5,False,10,10
2149,29,betCent,10,0.4147093949044586,0,1,None,66,1,5,False,10,10
2150,25,betCent,10,0.3535031847133758,0,13,None,66,1,5,False,10,10
2151,26,betCent,10,0.3549960191082802,0,13,None,66,1,5,False,10,10
2152,27,betCent,10,0.3550955414012738,0,13,None,66,1,5,False,10,10
2153,28,betCent,10,0.3561902866242038,0,13,None,66,1,5,False,10,10
2154,29,betCent,10,0.3578821656050955,0,13,None,66,1,5,False,10,10
2155,25,betCent,10,0.460390127388535,0,19,None,66,1,5,False,10,10
2156,26,betCent,10,0.4363057324840764,0,19,None,66,1,5,False,10,10
2157,27,betCent,10,0.4375995222929936,0,19,None,66,1,5,False,10,10
2158,28,betCent,10,0.438296178343949,0,19,None,66,1,5,False,10,10
2159,29,betCent,10,0.4415804140127388,0,19,None,66,1,5,False,10,10
2160,25,betCent,10,0.3296178343949044,0,14,None,66,1,5,False,10,10
2161,26,betCent,10,0.3333001592356688,0,14,None,66,1,5,False,10,10
2162,27,betCent,10,0.3420581210191082,0,14,None,66,1,5,False,10,10
2163,28,betCent,10,0.352109872611465,0,14,None,66,1,5,False,10,10
2164,29,betCent,10,0.3615644904458598,0,14,None,66,1,5,False,10,10
2165,25,betCent,10,0.3797770700636942,0,22,None,66,1,5,False,10,10
2166,26,betCent,10,0.4011743630573248,0,22,None,66,1,5,False,10,10
2167,27,betCent,10,0.4059514331210191,0,22,None,66,1,5,False,10,10
2168,28,betCent,10,0.4093351910828025,0,22,None,66,1,5,False,10,10
2169,29,betCent,10,0.4104299363057325,0,22,None,66,1,5,False,10,10
2170,25,betCent,10,0.3191679936305732,0,23,None,66,1,5,False,10,10
2171,26,betCent,10,0.4025676751592357,0,23,None,66,1,5,False,10,10
2172,27,betCent,10,0.393312101910828,0,23,None,66,1,5,False,10,10
2173,28,betCent,10,0.4178941082802547,0,23,None,66,1,5,False,10,10
2174,29,betCent,10,0.4815883757961783,0,23,None,66,1,5,False,10,10
2175,25,betCent,10,0.2910031847133758,0,21,None,66,1,5,False,10,10
2176,26,betCent,10,0.3615644904458598,0,21,None,66,1,5,False,10,10
2177,27,betCent,10,0.3897292993630573,0,21,None,66,1,5,False,10,10
2178,28,betCent,10,0.4026671974522293,0,21,None,66,1,5,False,10,10
2179,29,betCent,10,0.4140127388535032,0,21,None,66,1,5,False,10,10
2180,25,betCent,10,0.321656050955414,0,25,None,66,1,5,False,10,10
2181,26,betCent,10,0.3276273885350318,0,25,None,66,1,5,False,10,10
2182,27,betCent,10,0.3544984076433121,0,25,None,66,1,5,False,10,10
2183,28,betCent,10,0.4094347133757962,0,25,None,66,1,5,False,10,10
2184,29,betCent,10,0.4194864649681528,0,25,None,66,1,5,False,10,10
2185,25,betCent,10,0.349124203821656,0,26,None,66,1,5,False,10,10
2186,26,betCent,10,0.3962977707006369,0,26,None,66,1,5,False,10,10
2187,27,betCent,10,0.4313296178343949,0,26,None,66,1,5,False,10,10
2188,28,betCent,10,0.456608280254777,0,26,None,66,1,5,False,10,10
2189,29,betCent,10,0.4761146496815286,0,26,None,66,1,5,False,10,10
2190,25,betCent,10,0.4408837579617834,0,24,None,66,1,5,False,10,10
2191,26,betCent,10,0.4228702229299363,0,24,None,66,1,5,False,10,10
2192,27,betCent,10,0.4063495222929936,0,24,None,66,1,5,False,10,10
2193,28,betCent,10,0.4057523885350318,0,24,None,66,1,5,False,10,10
2194,29,betCent,10,0.4119227707006369,0,24,None,66,1,5,False,10,10
2195,25,betCent,10,0.3288216560509554,0,29,None,66,1,5,False,10,10
2196,26,betCent,10,0.3517117834394904,0,29,None,66,1,5,False,10,10
2197,27,betCent,10,0.3801751592356688,0,29,None,66,1,5,False,10,10
2198,28,betCent,10,0.4115246815286624,0,29,None,66,1,5,False,10,10
2199,29,betCent,10,0.4233678343949044,0,29,None,66,1,5,False,10,10
2200,25,betCent,10,0.2895103503184713,0,30,None,66,1,5,False,10,10
2201,26,betCent,10,0.3089171974522293,0,30,None,66,1,5,False,10,10
2202,27,betCent,10,0.3035429936305732,0,30,None,66,1,5,False,10,10
2203,28,betCent,10,0.2997611464968153,0,30,None,66,1,5,False,10,10
2204,29,betCent,10,0.3040406050955414,0,30,None,66,1,5,False,10,10
2205,25,betCent,10,0.2777667197452229,0,6,None,66,1,5,False,10,10
2206,26,betCent,10,0.2704020700636942,0,6,None,66,1,5,False,10,10
2207,27,betCent,10,0.2985668789808917,0,6,None,66,1,5,False,10,10
2208,28,betCent,10,0.3242436305732484,0,6,None,66,1,5,False,10,10
2209,29,betCent,10,0.3458399681528662,0,6,None,66,1,5,False,10,10
2210,25,betCent,10,0.4041600318471338,0,31,None,66,1,5,False,10,10
2211,26,betCent,10,0.3920183121019108,0,31,None,66,1,5,False,10,10
2212,27,betCent,10,0.4012738853503185,0,31,None,66,1,5,False,10,10
2213,28,betCent,10,0.414609872611465,0,31,None,66,1,5,False,10,10
2214,29,betCent,10,0.4405851910828025,0,31,None,66,1,5,False,10,10
2215,25,betCent,10,0.3134952229299363,0,27,None,66,1,5,False,10,10
2216,26,betCent,10,0.2864251592356688,0,27,None,66,1,5,False,10,10
2217,27,betCent,10,0.2921974522292994,0,27,None,66,1,5,False,10,10
2218,28,betCent,10,0.3146894904458598,0,27,None,66,1,5,False,10,10
2219,29,betCent,10,0.3432523885350318,0,27,None,66,1,5,False,10,10
2220,25,betCent,10,0.3298168789808917,0,32,None,66,1,5,False,10,10
2221,26,betCent,10,0.3765923566878981,0,32,None,66,1,5,False,10,10
2222,27,betCent,10,0.398984872611465,0,32,None,66,1,5,False,10,10
2223,28,betCent,10,0.390625,0,32,None,66,1,5,False,10,10
2224,29,betCent,10,0.3932125796178344,0,32,None,66,1,5,False,10,10
2225,25,betCent,10,0.4014729299363057,0,2,None,66,1,5,False,10,10
2226,26,betCent,10,0.3975915605095541,0,2,None,66,1,5,False,10,10
2227,27,betCent,10,0.3863455414012738,0,2,None,66,1,5,False,10,10
2228,28,betCent,10,0.3753980891719745,0,2,None,66,1,5,False,10,10
2229,29,betCent,10,0.3711186305732484,0,2,None,66,1,5,False,10,10
2230,25,betCent,10,0.3417595541401274,0,0,None,66,1,5,False,10,10
2231,26,betCent,10,0.3360867834394904,0,0,None,66,1,5,False,10,10
2232,27,betCent,10,0.3807722929936306,0,0,None,66,1,5,False,10,10
2233,28,betCent,10,0.4085390127388535,0,0,None,66,1,5,False,10,10
2234,29,betCent,10,0.4139132165605095,0,0,None,66,1,5,False,10,10
2235,25,betCent,10,0.3389729299363057,0,3,None,66,1,5,False,10,10
2236,26,betCent,10,0.3615644904458598,0,3,None,66,1,5,False,10,10
2237,27,betCent,10,0.422671178343949,0,3,None,66,1,5,False,10,10
2238,28,betCent,10,0.4615843949044586,0,3,None,66,1,5,False,10,10
2239,29,betCent,10,0.4624800955414013,0,3,None,66,1,5,False,10,10
2240,25,betCent,10,0.4809912420382166,0,5,None,66,1,5,False,10,10
2241,26,betCent,10,0.4946257961783439,0,5,None,66,1,5,False,10,10
2242,27,betCent,10,0.4957205414012738,0,5,None,66,1,5,False,10,10
2243,28,betCent,10,0.4871616242038216,0,5,None,66,1,5,False,10,10
2244,29,betCent,10,0.4819864649681528,0,5,None,66,1,5,False,10,10
2245,25,betCent,10,0.4453622611464968,0,4,None,66,1,5,False,10,10
2246,26,betCent,10,0.3969944267515923,0,4,None,66,1,5,False,10,10
2247,27,betCent,10,0.3988853503184713,0,4,None,66,1,5,False,10,10
2248,28,betCent,10,0.4103304140127388,0,4,None,66,1,5,False,10,10
2249,29,betCent,10,0.4209792993630573,0,4,None,66,1,5,False,10,10
2250,25,betCent,10,0.2910031847133758,0,9,None,66,1,5,False,10,10
2251,26,betCent,10,0.2767714968152866,0,9,None,66,1,5,False,10,10
2252,27,betCent,10,0.2773686305732484,0,9,None,66,1,5,False,10,10
2253,28,betCent,10,0.2941878980891719,0,9,None,66,1,5,False,10,10
2254,29,betCent,10,0.3148885350318471,0,9,None,66,1,5,False,10,10
2255,25,betCent,10,0.3292197452229299,0,10,None,66,1,5,False,10,10
2256,26,betCent,10,0.3536027070063694,0,10,None,66,1,5,False,10,10
2257,27,betCent,10,0.3866441082802547,0,10,None,66,1,5,False,10,10
2258,28,betCent,10,0.4021695859872611,0,10,None,66,1,5,False,10,10
2259,29,betCent,10,0.4098328025477707,0,10,None,66,1,5,False,10,10
2260,25,betCent,10,0.3531050955414013,0,11,None,66,1,5,False,10,10
2261,26,betCent,10,0.3550955414012738,0,11,None,66,1,5,False,10,10
2262,27,betCent,10,0.3560907643312102,0,11,None,66,1,5,False,10,10
2263,28,betCent,10,0.3571855095541401,0,11,None,66,1,5,False,10,10
2264,29,betCent,10,0.3591759554140127,0,11,None,66,1,5,False,10,10
2265,25,betCent,10,0.3613654458598726,0,15,None,66,1,5,False,10,10
2266,26,betCent,10,0.3667396496815286,0,15,None,66,1,5,False,10,10
2267,27,betCent,10,0.3729100318471338,0,15,None,66,1,5,False,10,10
2268,28,betCent,10,0.387639331210191,0,15,None,66,1,5,False,10,10
2269,29,betCent,10,0.4039609872611465,0,15,None,66,1,5,False,10,10
2270,25,betCent,10,0.3837579617834395,0,12,None,66,1,5,False,10,10
2271,26,betCent,10,0.4101313694267516,0,12,None,66,1,5,False,10,10
2272,27,betCent,10,0.4248606687898089,0,12,None,66,1,5,False,10,10
2273,28,betCent,10,0.455015923566879,0,12,None,66,1,5,False,10,10
2274,29,betCent,10,0.4339171974522293,0,12,None,66,1,5,False,10,10
2275,25,betCent,10,0.4308320063694267,0,17,None,66,1,5,False,10,10
2276,26,betCent,10,0.4909434713375796,0,17,None,66,1,5,False,10,10
2277,27,betCent,10,0.4182921974522293,0,17,None,66,1,5,False,10,10
2278,28,betCent,10,0.4094347133757962,0,17,None,66,1,5,False,10,10
2279,29,betCent,10,0.4243630573248407,0,17,None,66,1,5,False,10,10
2280,25,betCent,10,0.4527269108280254,0,20,None,66,1,5,False,10,10
2281,26,betCent,10,0.3842555732484076,0,20,None,66,1,5,False,10,10
2282,27,betCent,10,0.3474323248407643,0,20,None,66,1,5,False,10,10
2283,28,betCent,10,0.3487261146496815,0,20,None,66,1,5,False,10,10
2284,29,betCent,10,0.3585788216560509,0,20,None,66,1,5,False,10,10
2285,25,betCent,10,0.4354100318471338,0,18,None,66,1,5,False,10,10
2286,26,betCent,10,0.3962977707006369,0,18,None,66,1,5,False,10,10
2287,27,betCent,10,0.3692277070063694,0,18,None,66,1,5,False,10,10
2288,28,betCent,10,0.3945063694267516,0,18,None,66,1,5,False,10,10
2289,29,betCent,10,0.4312300955414013,0,18,None,66,1,5,False,10,10
2290,25,betCent,10,0.3286226114649681,0,28,None,66,1,5,False,10,10
2291,26,betCent,10,0.3213574840764331,0,28,None,66,1,5,False,10,10
2292,27,betCent,10,0.3302149681528662,0,28,None,66,1,5,False,10,10
2293,28,betCent,10,0.34375,0,28,None,66,1,5,False,10,10
2294,29,betCent,10,0.3605692675159235,0,28,None,66,1,5,False,10,10
2295,30,betCent,10,0.4369028662420382,0,25,None,66,1,5,False,10,10
2296,31,betCent,10,0.4434713375796178,0,25,None,66,1,5,False,10,10
2297,32,betCent,10,0.4551154458598726,0,25,None,66,1,5,False,10,10
2298,33,betCent,10,0.4648686305732484,0,25,None,66,1,5,False,10,10
2299,34,betCent,10,0.4749203821656051,0,25,None,66,1,5,False,10,10
2300,30,betCent,10,0.4542197452229299,0,24,None,66,1,5,False,10,10
2301,31,betCent,10,0.4413813694267516,0,24,None,66,1,5,False,10,10
2302,32,betCent,10,0.4449641719745223,0,24,None,66,1,5,False,10,10
2303,33,betCent,10,0.4578025477707006,0,24,None,66,1,5,False,10,10
2304,34,betCent,10,0.4703423566878981,0,24,None,66,1,5,False,10,10
2305,25,betCent,10,0.4309315286624204,0,7,None,66,1,5,False,10,10
2306,26,betCent,10,0.5094546178343949,0,7,None,66,1,5,False,10,10
2307,27,betCent,10,0.4473527070063694,0,7,None,66,1,5,False,10,10
2308,28,betCent,10,0.4305334394904458,0,7,None,66,1,5,False,10,10
2309,29,betCent,10,0.4380971337579618,0,7,None,66,1,5,False,10,10
2310,25,betCent,10,0.3210589171974522,0,8,None,66,1,5,False,10,10
2311,26,betCent,10,0.3504179936305732,0,8,None,66,1,5,False,10,10
2312,27,betCent,10,0.3581807324840764,0,8,None,66,1,5,False,10,10
2313,28,betCent,10,0.3732085987261146,0,8,None,66,1,5,False,10,10
2314,29,betCent,10,0.3869426751592357,0,8,None,66,1,5,False,10,10
2315,25,betCent,10,0.3051353503184713,0,16,None,66,1,5,False,10,10
2316,26,betCent,10,0.3179737261146497,0,16,None,66,1,5,False,10,10
2317,27,betCent,10,0.3329020700636942,0,16,None,66,1,5,False,10,10
2318,28,betCent,10,0.3423566878980891,0,16,None,66,1,5,False,10,10
2319,29,betCent,10,0.3494227707006369,0,16,None,66,1,5,False,10,10
2320,30,betCent,10,0.4515326433121019,0,26,None,66,1,5,False,10,10
2321,31,betCent,10,0.4930334394904458,0,26,None,66,1,5,False,10,10
2322,32,betCent,10,0.519406847133758,0,26,None,66,1,5,False,10,10
2323,33,betCent,10,0.5225915605095541,0,26,None,66,1,5,False,10,10
2324,34,betCent,10,0.5246815286624203,0,26,None,66,1,5,False,10,10
2325,30,betCent,10,0.3358877388535032,0,30,None,66,1,5,False,10,10
2326,31,betCent,10,0.3435509554140127,0,30,None,66,1,5,False,10,10
2327,32,betCent,10,0.3700238853503185,0,30,None,66,1,5,False,10,10
2328,33,betCent,10,0.3950039808917197,0,30,None,66,1,5,False,10,10
2329,34,betCent,10,0.4168988853503185,0,30,None,66,1,5,False,10,10
2330,30,betCent,10,0.4192874203821656,0,1,None,66,1,5,False,10,10
2331,31,betCent,10,0.4265525477707006,0,1,None,66,1,5,False,10,10
2332,32,betCent,10,0.4368033439490446,0,1,None,66,1,5,False,10,10
2333,33,betCent,10,0.4462579617834395,0,1,None,66,1,5,False,10,10
2334,34,betCent,10,0.4516321656050955,0,1,None,66,1,5,False,10,10
2335,30,betCent,10,0.3758957006369426,0,13,None,66,1,5,False,10,10
2336,31,betCent,10,0.3834593949044586,0,13,None,66,1,5,False,10,10
2337,32,betCent,10,0.393312101910828,0,13,None,66,1,5,False,10,10
2338,33,betCent,10,0.4072452229299363,0,13,None,66,1,5,False,10,10
2339,34,betCent,10,0.4265525477707006,0,13,None,66,1,5,False,10,10
2340,30,betCent,10,0.3667396496815286,0,27,None,66,1,5,False,10,10
2341,31,betCent,10,0.4066480891719745,0,27,None,66,1,5,False,10,10
2342,32,betCent,10,0.4452627388535032,0,27,None,66,1,5,False,10,10
2343,33,betCent,10,0.4637738853503185,0,27,None,66,1,5,False,10,10
2344,34,betCent,10,0.4754179936305732,0,27,None,66,1,5,False,10,10
2345,30,betCent,10,0.4262539808917197,0,29,None,66,1,5,False,10,10
2346,31,betCent,10,0.4425756369426751,0,29,None,66,1,5,False,10,10
2347,32,betCent,10,0.4686504777070063,0,29,None,66,1,5,False,10,10
2348,33,betCent,10,0.4881568471337579,0,29,None,66,1,5,False,10,10
2349,34,betCent,10,0.5022890127388535,0,29,None,66,1,5,False,10,10
2350,30,betCent,10,0.356389331210191,0,16,None,66,1,5,False,10,10
2351,31,betCent,10,0.361265923566879,0,16,None,66,1,5,False,10,10
2352,32,betCent,10,0.369327229299363,0,16,None,66,1,5,False,10,10
2353,33,betCent,10,0.3760947452229299,0,16,None,66,1,5,False,10,10
2354,34,betCent,10,0.4037619426751592,0,16,None,66,1,5,False,10,10
2355,30,betCent,10,0.422671178343949,0,23,None,66,1,5,False,10,10
2356,31,betCent,10,0.4936305732484076,0,23,None,66,1,5,False,10,10
2357,32,betCent,10,0.4809912420382166,0,23,None,66,1,5,False,10,10
2358,33,betCent,10,0.4842754777070063,0,23,None,66,1,5,False,10,10
2359,34,betCent,10,0.4983081210191082,0,23,None,66,1,5,False,10,10
2360,30,betCent,10,0.5419984076433121,0,32,None,66,1,5,False,10,10
2361,31,betCent,10,0.5088574840764332,0,32,None,66,1,5,False,10,10
2362,32,betCent,10,0.4961186305732484,0,32,None,66,1,5,False,10,10
2363,33,betCent,10,0.4984076433121019,0,32,None,66,1,5,False,10,10
2364,34,betCent,10,0.5032842356687898,0,32,None,66,1,5,False,10,10
2365,30,betCent,10,0.4203821656050955,0,31,None,66,1,5,False,10,10
2366,31,betCent,10,0.4607882165605095,0,31,None,66,1,5,False,10,10
2367,32,betCent,10,0.4922372611464968,0,31,None,66,1,5,False,10,10
2368,33,betCent,10,0.5049761146496815,0,31,None,66,1,5,False,10,10
2369,34,betCent,10,0.5077627388535032,0,31,None,66,1,5,False,10,10
2370,30,betCent,10,0.4519307324840764,0,19,None,66,1,5,False,10,10
2371,31,betCent,10,0.4510350318471338,0,19,None,66,1,5,False,10,10
2372,32,betCent,10,0.4541202229299363,0,19,None,66,1,5,False,10,10
2373,33,betCent,10,0.4573049363057325,0,19,None,66,1,5,False,10,10
2374,34,betCent,10,0.4573049363057325,0,19,None,66,1,5,False,10,10
2375,30,betCent,10,0.4012738853503185,0,8,None,66,1,5,False,10,10
2376,31,betCent,10,0.4088375796178344,0,8,None,66,1,5,False,10,10
2377,32,betCent,10,0.4187898089171974,0,8,None,66,1,5,False,10,10
2378,33,betCent,10,0.433718152866242,0,8,None,66,1,5,False,10,10
2379,34,betCent,10,0.4855692675159235,0,8,None,66,1,5,False,10,10
2380,30,betCent,10,0.4132165605095541,0,21,None,66,1,5,False,10,10
2381,31,betCent,10,0.419984076433121,0,21,None,66,1,5,False,10,10
2382,32,betCent,10,0.4236664012738853,0,21,None,66,1,5,False,10,10
2383,33,betCent,10,0.4289410828025478,0,21,None,66,1,5,False,10,10
2384,34,betCent,10,0.433718152866242,0,21,None,66,1,5,False,10,10
2385,30,betCent,10,0.4133160828025478,0,14,None,66,1,5,False,10,10
2386,31,betCent,10,0.4160031847133758,0,14,None,66,1,5,False,10,10
2387,32,betCent,10,0.4233678343949044,0,14,None,66,1,5,False,10,10
2388,33,betCent,10,0.429140127388535,0,14,None,66,1,5,False,10,10
2389,34,betCent,10,0.4349124203821656,0,14,None,66,1,5,False,10,10
2390,30,betCent,10,0.4206807324840764,0,6,None,66,1,5,False,10,10
2391,31,betCent,10,0.4050557324840764,0,6,None,66,1,5,False,10,10
2392,32,betCent,10,0.4204816878980891,0,6,None,66,1,5,False,10,10
2393,33,betCent,10,0.4416799363057325,0,6,None,66,1,5,False,10,10
2394,34,betCent,10,0.4585987261146497,0,6,None,66,1,5,False,10,10
2395,30,betCent,10,0.4515326433121019,0,22,None,66,1,5,False,10,10
2396,31,betCent,10,0.4582006369426751,0,22,None,66,1,5,False,10,10
2397,32,betCent,10,0.4796974522292994,0,22,None,66,1,5,False,10,10
2398,33,betCent,10,0.4901472929936306,0,22,None,66,1,5,False,10,10
2399,34,betCent,10,0.4934315286624204,0,22,None,66,1,5,False,10,10
2400,30,betCent,10,0.409733280254777,0,2,None,66,1,5,False,10,10
2401,31,betCent,10,0.3971934713375796,0,2,None,66,1,5,False,10,10
2402,32,betCent,10,0.3975915605095541,0,2,None,66,1,5,False,10,10
2403,33,betCent,10,0.4069466560509554,0,2,None,66,1,5,False,10,10
2404,34,betCent,10,0.418889331210191,0,2,None,66,1,5,False,10,10
2405,30,betCent,10,0.4394904458598726,0,0,None,66,1,5,False,10,10
2406,31,betCent,10,0.4384952229299363,0,0,None,66,1,5,False,10,10
2407,32,betCent,10,0.4437699044585987,0,0,None,66,1,5,False,10,10
2408,33,betCent,10,0.4506369426751592,0,0,None,66,1,5,False,10,10
2409,34,betCent,10,0.4585987261146497,0,0,None,66,1,5,False,10,10
2410,30,betCent,10,0.4682523885350318,0,3,None,66,1,5,False,10,10
2411,31,betCent,10,0.456608280254777,0,3,None,66,1,5,False,10,10
2412,32,betCent,10,0.4597929936305732,0,3,None,66,1,5,False,10,10
2413,33,betCent,10,0.4647691082802547,0,3,None,66,1,5,False,10,10
2414,34,betCent,10,0.4738256369426751,0,3,None,66,1,5,False,10,10
2415,30,betCent,10,0.5094546178343949,0,5,None,66,1,5,False,10,10
2416,31,betCent,10,0.4998009554140127,0,5,None,66,1,5,False,10,10
2417,32,betCent,10,0.5022890127388535,0,5,None,66,1,5,False,10,10
2418,33,betCent,10,0.5093550955414012,0,5,None,66,1,5,False,10,10
2419,34,betCent,10,0.5195063694267515,0,5,None,66,1,5,False,10,10
2420,30,betCent,10,0.4588972929936306,0,4,None,66,1,5,False,10,10
2421,31,betCent,10,0.4459593949044586,0,4,None,66,1,5,False,10,10
2422,32,betCent,10,0.4489450636942675,0,4,None,66,1,5,False,10,10
2423,33,betCent,10,0.4572054140127388,0,4,None,66,1,5,False,10,10
2424,34,betCent,10,0.4653662420382166,0,4,None,66,1,5,False,10,10
2425,30,betCent,10,0.4660628980891719,0,7,None,66,1,5,False,10,10
2426,31,betCent,10,0.4753184713375796,0,7,None,66,1,5,False,10,10
2427,32,betCent,10,0.4902468152866242,0,7,None,66,1,5,False,10,10
2428,33,betCent,10,0.501890923566879,0,7,None,66,1,5,False,10,10
2429,34,betCent,10,0.5120421974522293,0,7,None,66,1,5,False,10,10
2430,30,betCent,10,0.366640127388535,0,9,None,66,1,5,False,10,10
2431,31,betCent,10,0.3986863057324841,0,9,None,66,1,5,False,10,10
2432,32,betCent,10,0.4450636942675159,0,9,None,66,1,5,False,10,10
2433,33,betCent,10,0.4845740445859872,0,9,None,66,1,5,False,10,10
2434,34,betCent,10,0.5122412420382165,0,9,None,66,1,5,False,10,10
2435,30,betCent,10,0.4721337579617834,0,10,None,66,1,5,False,10,10
2436,31,betCent,10,0.4758160828025478,0,10,None,66,1,5,False,10,10
2437,32,betCent,10,0.478702229299363,0,10,None,66,1,5,False,10,10
2438,33,betCent,10,0.4798964968152866,0,10,None,66,1,5,False,10,10
2439,34,betCent,10,0.4814888535031847,0,10,None,66,1,5,False,10,10
2440,30,betCent,10,0.3636544585987261,0,11,None,66,1,5,False,10,10
2441,31,betCent,10,0.3663415605095541,0,11,None,66,1,5,False,10,10
2442,32,betCent,10,0.3968949044585987,0,11,None,66,1,5,False,10,10
2443,33,betCent,10,0.4307324840764331,0,11,None,66,1,5,False,10,10
2444,34,betCent,10,0.4481488853503185,0,11,None,66,1,5,False,10,10
2445,30,betCent,10,0.4275477707006369,0,15,None,66,1,5,False,10,10
2446,31,betCent,10,0.4206807324840764,0,15,None,66,1,5,False,10,10
2447,32,betCent,10,0.4243630573248407,0,15,None,66,1,5,False,10,10
2448,33,betCent,10,0.4548168789808917,0,15,None,66,1,5,False,10,10
2449,34,betCent,10,0.4918391719745223,0,15,None,66,1,5,False,10,10
2450,30,betCent,10,0.4952229299363057,0,12,None,66,1,5,False,10,10
2451,31,betCent,10,0.5225915605095541,0,12,None,66,1,5,False,10,10
2452,32,betCent,10,0.4385947452229299,0,12,None,66,1,5,False,10,10
2453,33,betCent,10,0.439390923566879,0,12,None,66,1,5,False,10,10
2454,34,betCent,10,0.4435708598726114,0,12,None,66,1,5,False,10,10
2455,30,betCent,10,0.4441679936305732,0,17,None,66,1,5,False,10,10
2456,31,betCent,10,0.4582006369426751,0,17,None,66,1,5,False,10,10
2457,32,betCent,10,0.4840764331210191,0,17,None,66,1,5,False,10,10
2458,33,betCent,10,0.5041799363057324,0,17,None,66,1,5,False,10,10
2459,34,betCent,10,0.5211982484076433,0,17,None,66,1,5,False,10,10
2460,30,betCent,10,0.4496417197452229,0,18,None,66,1,5,False,10,10
2461,31,betCent,10,0.4665605095541401,0,18,None,66,1,5,False,10,10
2462,32,betCent,10,0.4829816878980891,0,18,None,66,1,5,False,10,10
2463,33,betCent,10,0.4932324840764331,0,18,None,66,1,5,False,10,10
2464,34,betCent,10,0.5023885350318471,0,18,None,66,1,5,False,10,10
2465,30,betCent,10,0.3844546178343949,0,20,None,66,1,5,False,10,10
2466,31,betCent,10,0.3852507961783439,0,20,None,66,1,5,False,10,10
2467,32,betCent,10,0.4073447452229299,0,20,None,66,1,5,False,10,10
2468,33,betCent,10,0.428343949044586,0,20,None,66,1,5,False,10,10
2469,34,betCent,10,0.4417794585987261,0,20,None,66,1,5,False,10,10
2470,30,betCent,10,0.3671377388535032,0,28,None,66,1,5,False,10,10
2471,31,betCent,10,0.3778861464968153,0,28,None,66,1,5,False,10,10
2472,32,betCent,10,0.391421178343949,0,28,None,66,1,5,False,10,10
2473,33,betCent,10,0.4048566878980891,0,28,None,66,1,5,False,10,10
2474,34,betCent,10,0.4224721337579618,0,28,None,66,1,5,False,10,10
3630,35,betCent,10,0.4499402866242038,0,1,None,66,1,5,False,10,10
3631,36,betCent,10,0.4567078025477707,0,1,None,66,1,5,False,10,10
3632,37,betCent,10,0.4618829617834395,0,1,None,66,1,5,False,10,10
3633,38,betCent,10,0.4682523885350318,0,1,None,66,1,5,False,10,10
3634,39,betCent,10,0.4745222929936306,0,1,None,66,1,5,False,10,10
3635,35,betCent,10,0.4645700636942675,0,2,None,66,1,5,False,10,10
3636,36,betCent,10,0.4827826433121019,0,2,None,66,1,5,False,10,10
3637,37,betCent,10,0.4994028662420382,0,2,None,66,1,5,False,10,10
3638,38,betCent,10,0.5088574840764332,0,2,None,66,1,5,False,10,10
3639,39,betCent,10,0.5170183121019108,0,2,None,66,1,5,False,10,10
3640,35,betCent,10,0.4416799363057325,0,13,None,66,1,5,False,10,10
3641,36,betCent,10,0.4678542993630573,0,13,None,66,1,5,False,10,10
3642,37,betCent,10,0.4874601910828025,0,13,None,66,1,5,False,10,10
3643,38,betCent,10,0.5006966560509554,0,13,None,66,1,5,False,10,10
3644,39,betCent,10,0.5140326433121019,0,13,None,66,1,5,False,10,10
3645,35,betCent,10,0.5190087579617835,0,15,None,66,1,5,False,10,10
3646,36,betCent,10,0.5307523885350318,0,15,None,66,1,5,False,10,10
3647,37,betCent,10,0.5419984076433121,0,15,None,66,1,5,False,10,10
3648,38,betCent,10,0.5555334394904459,0,15,None,66,1,5,False,10,10
3649,39,betCent,10,0.5671775477707006,0,15,None,66,1,5,False,10,10
3650,35,betCent,10,0.4793988853503185,0,10,None,66,1,5,False,10,10
3651,36,betCent,10,0.4853702229299363,0,10,None,66,1,5,False,10,10
3652,37,betCent,10,0.4961186305732484,0,10,None,66,1,5,False,10,10
3653,38,betCent,10,0.5047770700636943,0,10,None,66,1,5,False,10,10
3654,39,betCent,10,0.5136345541401274,0,10,None,66,1,5,False,10,10
3655,35,betCent,10,0.4626791401273885,0,11,None,66,1,5,False,10,10
3656,36,betCent,10,0.471437101910828,0,11,None,66,1,5,False,10,10
3657,37,betCent,10,0.4858678343949044,0,11,None,66,1,5,False,10,10
3658,38,betCent,10,0.5047770700636943,0,11,None,66,1,5,False,10,10
3659,39,betCent,10,0.5215963375796179,0,11,None,66,1,5,False,10,10
3660,35,betCent,10,0.5082603503184714,0,8,None,66,1,5,False,10,10
3661,36,betCent,10,0.5345342356687898,0,8,None,66,1,5,False,10,10
3662,37,betCent,10,0.5497611464968153,0,8,None,66,1,5,False,10,10
3663,38,betCent,10,0.5619028662420382,0,8,None,66,1,5,False,10,10
3664,39,betCent,10,0.5718550955414012,0,8,None,66,1,5,False,10,10
3665,35,betCent,10,0.4476512738853503,0,20,None,66,1,5,False,10,10
3666,36,betCent,10,0.4697452229299363,0,20,None,66,1,5,False,10,10
3667,37,betCent,10,0.4923367834394904,0,20,None,66,1,5,False,10,10
3668,38,betCent,10,0.5124402866242038,0,20,None,66,1,5,False,10,10
3669,39,betCent,10,0.5303542993630573,0,20,None,66,1,5,False,10,10
3670,35,betCent,10,0.4697452229299363,0,19,None,66,1,5,False,10,10
3671,36,betCent,10,0.4683519108280254,0,19,None,66,1,5,False,10,10
3672,37,betCent,10,0.4795979299363057,0,19,None,66,1,5,False,10,10
3673,38,betCent,10,0.4971138535031847,0,19,None,66,1,5,False,10,10
3674,39,betCent,10,0.5130374203821656,0,19,None,66,1,5,False,10,10
3675,35,betCent,10,0.5006966560509554,0,22,None,66,1,5,False,10,10
3676,36,betCent,10,0.5081608280254777,0,22,None,66,1,5,False,10,10
3677,37,betCent,10,0.5181130573248408,0,22,None,66,1,5,False,10,10
3678,38,betCent,10,0.5281648089171974,0,22,None,66,1,5,False,10,10
3679,39,betCent,10,0.5472730891719745,0,22,None,66,1,5,False,10,10
3680,35,betCent,10,0.5577229299363057,0,23,None,66,1,5,False,10,10
3681,36,betCent,10,0.5229896496815286,0,23,None,66,1,5,False,10,10
3682,37,betCent,10,0.5265724522292994,0,23,None,66,1,5,False,10,10
3683,38,betCent,10,0.5391122611464968,0,23,None,66,1,5,False,10,10
3684,39,betCent,10,0.550656847133758,0,23,None,66,1,5,False,10,10
3685,35,betCent,10,0.4553144904458598,0,28,None,66,1,5,False,10,10
3686,36,betCent,10,0.4700437898089172,0,28,None,66,1,5,False,10,10
3687,37,betCent,10,0.488953025477707,0,28,None,66,1,5,False,10,10
3688,38,betCent,10,0.5066679936305732,0,28,None,66,1,5,False,10,10
3689,39,betCent,10,0.5208001592356688,0,28,None,66,1,5,False,10,10
3690,35,betCent,10,0.5071656050955414,0,29,None,66,1,5,False,10,10
3691,36,betCent,10,0.5250796178343949,0,29,None,66,1,5,False,10,10
3692,37,betCent,10,0.5326433121019108,0,29,None,66,1,5,False,10,10
3693,38,betCent,10,0.5410031847133758,0,29,None,66,1,5,False,10,10
3694,39,betCent,10,0.5490644904458599,0,29,None,66,1,5,False,10,10
3695,35,betCent,10,0.4736265923566879,0,0,None,66,1,5,False,10,10
3696,36,betCent,10,0.477906050955414,0,0,None,66,1,5,False,10,10
3697,37,betCent,10,0.4882563694267516,0,0,None,66,1,5,False,10,10
3698,38,betCent,10,0.504578025477707,0,0,None,66,1,5,False,10,10
3699,39,betCent,10,0.5238853503184714,0,0,None,66,1,5,False,10,10
3700,35,betCent,10,0.5122412420382165,0,18,None,66,1,5,False,10,10
3701,36,betCent,10,0.515625,0,18,None,66,1,5,False,10,10
3702,37,betCent,10,0.5209992038216561,0,18,None,66,1,5,False,10,10
3703,38,betCent,10,0.5282643312101911,0,18,None,66,1,5,False,10,10
3704,39,betCent,10,0.535031847133758,0,18,None,66,1,5,False,10,10
3705,35,betCent,10,0.5132364649681529,0,31,None,66,1,5,False,10,10
3706,36,betCent,10,0.5078622611464968,0,31,None,66,1,5,False,10,10
3707,37,betCent,10,0.5022890127388535,0,31,None,66,1,5,False,10,10
3708,38,betCent,10,0.501890923566879,0,31,None,66,1,5,False,10,10
3709,39,betCent,10,0.5012937898089171,0,31,None,66,1,5,False,10,10
3710,35,betCent,10,0.5286624203821656,0,5,None,66,1,5,False,10,10
3711,36,betCent,10,0.5355294585987261,0,5,None,66,1,5,False,10,10
3712,37,betCent,10,0.5428941082802548,0,5,None,66,1,5,False,10,10
3713,38,betCent,10,0.5496616242038217,0,5,None,66,1,5,False,10,10
3714,39,betCent,10,0.5555334394904459,0,5,None,66,1,5,False,10,10
3715,35,betCent,10,0.5162221337579618,0,4,None,66,1,5,False,10,10
3716,36,betCent,10,0.5166202229299363,0,4,None,66,1,5,False,10,10
3717,37,betCent,10,0.5245820063694268,0,4,None,66,1,5,False,10,10
3718,38,betCent,10,0.5342356687898089,0,4,None,66,1,5,False,10,10
3719,39,betCent,10,0.5444864649681529,0,4,None,66,1,5,False,10,10
3720,35,betCent,10,0.4384952229299363,0,14,None,66,1,5,False,10,10
3721,36,betCent,10,0.4415804140127388,0,14,None,66,1,5,False,10,10
3722,37,betCent,10,0.447452229299363,0,14,None,66,1,5,False,10,10
3723,38,betCent,10,0.4532245222929936,0,14,None,66,1,5,False,10,10
3724,39,betCent,10,0.4589968152866242,0,14,None,66,1,5,False,10,10
3725,35,betCent,10,0.5149283439490446,0,26,None,66,1,5,False,10,10
3726,36,betCent,10,0.5268710191082803,0,26,None,66,1,5,False,10,10
3727,37,betCent,10,0.5263734076433121,0,26,None,66,1,5,False,10,10
3728,38,betCent,10,0.528562898089172,0,26,None,66,1,5,False,10,10
3729,39,betCent,10,0.5280652866242038,0,26,None,66,1,5,False,10,10
3730,35,betCent,10,0.4366042993630573,0,30,None,66,1,5,False,10,10
3731,36,betCent,10,0.4414808917197452,0,30,None,66,1,5,False,10,10
3732,37,betCent,10,0.4470541401273885,0,30,None,66,1,5,False,10,10
3733,38,betCent,10,0.4513335987261146,0,30,None,66,1,5,False,10,10
3734,39,betCent,10,0.4545183121019108,0,30,None,66,1,5,False,10,10
3735,35,betCent,10,0.4819864649681528,0,6,None,66,1,5,False,10,10
3736,36,betCent,10,0.4859673566878981,0,6,None,66,1,5,False,10,10
3737,37,betCent,10,0.4894506369426751,0,6,None,66,1,5,False,10,10
3738,38,betCent,10,0.4924363057324841,0,6,None,66,1,5,False,10,10
3739,39,betCent,10,0.4949243630573248,0,6,None,66,1,5,False,10,10
3740,35,betCent,10,0.4868630573248407,0,3,None,66,1,5,False,10,10
3741,36,betCent,10,0.4912420382165605,0,3,None,66,1,5,False,10,10
3742,37,betCent,10,0.5009952229299363,0,3,None,66,1,5,False,10,10
3743,38,betCent,10,0.509952229299363,0,3,None,66,1,5,False,10,10
3744,39,betCent,10,0.5193073248407644,0,3,None,66,1,5,False,10,10
3745,35,betCent,10,0.5216958598726115,0,7,None,66,1,5,False,10,10
3746,36,betCent,10,0.5278662420382165,0,7,None,66,1,5,False,10,10
3747,37,betCent,10,0.5314490445859873,0,7,None,66,1,5,False,10,10
3748,38,betCent,10,0.5348328025477707,0,7,None,66,1,5,False,10,10
3749,39,betCent,10,0.5397093949044586,0,7,None,66,1,5,False,10,10
3750,35,betCent,10,0.4435708598726114,0,16,None,66,1,5,False,10,10
3751,36,betCent,10,0.4592953821656051,0,16,None,66,1,5,False,10,10
3752,37,betCent,10,0.4749203821656051,0,16,None,66,1,5,False,10,10
3753,38,betCent,10,0.490843949044586,0,16,None,66,1,5,False,10,10
3754,39,betCent,10,0.5081608280254777,0,16,None,66,1,5,False,10,10
3755,35,betCent,10,0.5325437898089171,0,32,None,66,1,5,False,10,10
3756,36,betCent,10,0.5259753184713376,0,32,None,66,1,5,False,10,10
3757,37,betCent,10,0.5306528662420382,0,32,None,66,1,5,False,10,10
3758,38,betCent,10,0.5390127388535032,0,32,None,66,1,5,False,10,10
3759,39,betCent,10,0.5456807324840764,0,32,None,66,1,5,False,10,10
3760,35,betCent,10,0.5281648089171974,0,17,None,66,1,5,False,10,10
3761,36,betCent,10,0.5383160828025477,0,17,None,66,1,5,False,10,10
3762,37,betCent,10,0.5475716560509554,0,17,None,66,1,5,False,10,10
3763,38,betCent,10,0.5521496815286624,0,17,None,66,1,5,False,10,10
3764,39,betCent,10,0.5580214968152867,0,17,None,66,1,5,False,10,10
3765,35,betCent,10,0.4331210191082802,0,21,None,66,1,5,False,10,10
3766,36,betCent,10,0.4396894904458598,0,21,None,66,1,5,False,10,10
3767,37,betCent,10,0.4471536624203822,0,21,None,66,1,5,False,10,10
3768,38,betCent,10,0.4536226114649681,0,21,None,66,1,5,False,10,10
3769,39,betCent,10,0.4594944267515923,0,21,None,66,1,5,False,10,10
3770,35,betCent,10,0.4945262738853503,0,24,None,66,1,5,False,10,10
3771,36,betCent,10,0.5006966560509554,0,24,None,66,1,5,False,10,10
3772,37,betCent,10,0.508359872611465,0,24,None,66,1,5,False,10,10
3773,38,betCent,10,0.5144307324840764,0,24,None,66,1,5,False,10,10
3774,39,betCent,10,0.5264729299363057,0,24,None,66,1,5,False,10,10
3775,35,betCent,10,0.5189092356687898,0,27,None,66,1,5,False,10,10
3776,36,betCent,10,0.5376194267515924,0,27,None,66,1,5,False,10,10
3777,37,betCent,10,0.5489649681528662,0,27,None,66,1,5,False,10,10
3778,38,betCent,10,0.5588176751592356,0,27,None,66,1,5,False,10,10
3779,39,betCent,10,0.5654856687898089,0,27,None,66,1,5,False,10,10
3780,35,betCent,10,0.5489649681528662,0,9,None,66,1,5,False,10,10
3781,36,betCent,10,0.5616042993630573,0,9,None,66,1,5,False,10,10
3782,37,betCent,10,0.5719546178343949,0,9,None,66,1,5,False,10,10
3783,38,betCent,10,0.5833001592356688,0,9,None,66,1,5,False,10,10
3784,39,betCent,10,0.5915605095541401,0,9,None,66,1,5,False,10,10
3785,35,betCent,10,0.5455812101910829,0,12,None,66,1,5,False,10,10
3786,36,betCent,10,0.502687101910828,0,12,None,66,1,5,False,10,10
3787,37,betCent,10,0.5111464968152867,0,12,None,66,1,5,False,10,10
3788,38,betCent,10,0.5229896496815286,0,12,None,66,1,5,False,10,10
3789,39,betCent,10,0.5351313694267515,0,12,None,66,1,5,False,10,10
3790,35,betCent,10,0.4766122611464968,0,25,None,66,1,5,False,10,10
3791,36,betCent,10,0.4825835987261146,0,25,None,66,1,5,False,10,10
3792,37,betCent,10,0.4909434713375796,0,25,None,66,1,5,False,10,10
3793,38,betCent,10,0.5033837579617835,0,25,None,66,1,5,False,10,10
3794,39,betCent,10,0.5146297770700637,0,25,None,66,1,5,False,10,10
3795,40,betCent,10,0.5621019108280255,0,32,None,66,1,5,False,10,10
3796,41,betCent,10,0.5723527070063694,0,32,None,66,1,5,False,10,10
3797,42,betCent,10,0.5813097133757962,0,32,None,66,1,5,False,10,10
3798,43,betCent,10,0.5875796178343949,0,32,None,66,1,5,False,10,10
3799,44,betCent,10,0.5972332802547771,0,32,None,66,1,5,False,10,10
3800,40,betCent,10,0.5371218152866242,0,16,None,66,1,5,False,10,10
3801,41,betCent,10,0.5473726114649682,0,16,None,66,1,5,False,10,10
3802,42,betCent,10,0.5585191082802548,0,16,None,66,1,5,False,10,10
3803,43,betCent,10,0.5664808917197452,0,16,None,66,1,5,False,10,10
3804,44,betCent,10,0.5744426751592356,0,16,None,66,1,5,False,10,10
3805,40,betCent,10,0.5267714968152867,0,19,None,66,1,5,False,10,10
3806,41,betCent,10,0.5397093949044586,0,19,None,66,1,5,False,10,10
3807,42,betCent,10,0.5527468152866242,0,19,None,66,1,5,False,10,10
3808,43,betCent,10,0.5634952229299363,0,19,None,66,1,5,False,10,10
3809,44,betCent,10,0.5710589171974523,0,19,None,66,1,5,False,10,10
3810,40,betCent,10,0.5305533439490446,0,24,None,66,1,5,False,10,10
3811,41,betCent,10,0.5437898089171974,0,24,None,66,1,5,False,10,10
3812,42,betCent,10,0.557921974522293,0,24,None,66,1,5,False,10,10
3813,43,betCent,10,0.568968949044586,0,24,None,66,1,5,False,10,10
3814,44,betCent,10,0.5763335987261147,0,24,None,66,1,5,False,10,10
3815,40,betCent,10,0.4754179936305732,0,1,None,66,1,5,False,10,10
3816,41,betCent,10,0.4826831210191082,0,1,None,66,1,5,False,10,10
3817,42,betCent,10,0.4890525477707006,0,1,None,66,1,5,False,10,10
3818,43,betCent,10,0.4961186305732484,0,1,None,66,1,5,False,10,10
3819,44,betCent,10,0.4995023885350318,0,1,None,66,1,5,False,10,10
3820,40,betCent,10,0.4775079617834395,0,21,None,66,1,5,False,10,10
3821,41,betCent,10,0.4815883757961783,0,21,None,66,1,5,False,10,10
3822,42,betCent,10,0.4934315286624204,0,21,None,66,1,5,False,10,10
3823,43,betCent,10,0.509952229299363,0,21,None,66,1,5,False,10,10
3824,44,betCent,10,0.5227906050955414,0,21,None,66,1,5,False,10,10
3825,40,betCent,10,0.5729498407643312,0,8,None,66,1,5,False,10,10
3826,41,betCent,10,0.5803144904458599,0,8,None,66,1,5,False,10,10
3827,42,betCent,10,0.5841958598726115,0,8,None,66,1,5,False,10,10
3828,43,betCent,10,0.5881767515923567,0,8,None,66,1,5,False,10,10
3829,44,betCent,10,0.5915605095541401,0,8,None,66,1,5,False,10,10
3830,40,betCent,10,0.5857882165605095,0,23,None,66,1,5,False,10,10
3831,41,betCent,10,0.5761345541401274,0,23,None,66,1,5,False,10,10
3832,42,betCent,10,0.5854896496815286,0,23,None,66,1,5,False,10,10
3833,43,betCent,10,0.5959394904458599,0,23,None,66,1,5,False,10,10
3834,44,betCent,10,0.6034036624203821,0,23,None,66,1,5,False,10,10
3835,40,betCent,10,0.5591162420382165,0,22,None,66,1,5,False,10,10
3836,41,betCent,10,0.5650875796178344,0,22,None,66,1,5,False,10,10
3837,42,betCent,10,0.5683718152866242,0,22,None,66,1,5,False,10,10
3838,43,betCent,10,0.5742436305732485,0,22,None,66,1,5,False,10,10
3839,44,betCent,10,0.5791202229299363,0,22,None,66,1,5,False,10,10
3840,40,betCent,10,0.5517515923566879,0,29,None,66,1,5,False,10,10
3841,41,betCent,10,0.5584195859872612,0,29,None,66,1,5,False,10,10
3842,42,betCent,10,0.565187101910828,0,29,None,66,1,5,False,10,10
3843,43,betCent,10,0.5695660828025477,0,29,None,66,1,5,False,10,10
3844,44,betCent,10,0.5753383757961783,0,29,None,66,1,5,False,10,10
3845,40,betCent,10,0.4568073248407643,0,30,None,66,1,5,False,10,10
3846,41,betCent,10,0.4604896496815286,0,30,None,66,1,5,False,10,10
3847,42,betCent,10,0.4646695859872611,0,30,None,66,1,5,False,10,10
3848,43,betCent,10,0.4734275477707006,0,30,None,66,1,5,False,10,10
3849,44,betCent,10,0.4880573248407643,0,30,None,66,1,5,False,10,10
3850,40,betCent,10,0.4665605095541401,0,14,None,66,1,5,False,10,10
3851,41,betCent,10,0.4755175159235669,0,14,None,66,1,5,False,10,10
3852,42,betCent,10,0.4866640127388535,0,14,None,66,1,5,False,10,10
3853,43,betCent,10,0.50109474522293,0,14,None,66,1,5,False,10,10
3854,44,betCent,10,0.519406847133758,0,14,None,66,1,5,False,10,10
3855,40,betCent,10,0.54796974522293,0,25,None,66,1,5,False,10,10
3856,41,betCent,10,0.5555334394904459,0,25,None,66,1,5,False,10,10
3857,42,betCent,10,0.5661823248407644,0,25,None,66,1,5,False,10,10
3858,43,betCent,10,0.5752388535031847,0,25,None,66,1,5,False,10,10
3859,44,betCent,10,0.5822054140127388,0,25,None,66,1,5,False,10,10
3860,40,betCent,10,0.5203025477707006,0,13,None,66,1,5,False,10,10
3861,41,betCent,10,0.5295581210191083,0,13,None,66,1,5,False,10,10
3862,42,betCent,10,0.5372213375796179,0,13,None,66,1,5,False,10,10
3863,43,betCent,10,0.5436902866242038,0,13,None,66,1,5,False,10,10
3864,44,betCent,10,0.5489649681528662,0,13,None,66,1,5,False,10,10
3865,40,betCent,10,0.5512539808917197,0,26,None,66,1,5,False,10,10
3866,41,betCent,10,0.5631966560509554,0,26,None,66,1,5,False,10,10
3867,42,betCent,10,0.5763335987261147,0,26,None,66,1,5,False,10,10
3868,43,betCent,10,0.5887738853503185,0,26,None,66,1,5,False,10,10
3869,44,betCent,10,0.5976313694267515,0,26,None,66,1,5,False,10,10
3870,40,betCent,10,0.4928343949044586,0,6,None,66,1,5,False,10,10
3871,41,betCent,10,0.4951234076433121,0,6,None,66,1,5,False,10,10
3872,42,betCent,10,0.4979100318471338,0,6,None,66,1,5,False,10,10
3873,43,betCent,10,0.5001990445859873,0,6,None,66,1,5,False,10,10
3874,44,betCent,10,0.5031847133757962,0,6,None,66,1,5,False,10,10
3875,40,betCent,10,0.5111464968152867,0,31,None,66,1,5,False,10,10
3876,41,betCent,10,0.4921377388535032,0,31,None,66,1,5,False,10,10
3877,42,betCent,10,0.4952229299363057,0,31,None,66,1,5,False,10,10
3878,43,betCent,10,0.4994028662420382,0,31,None,66,1,5,False,10,10
3879,44,betCent,10,0.5017914012738853,0,31,None,66,1,5,False,10,10
3880,40,betCent,10,0.5786226114649682,0,27,None,66,1,5,False,10,10
3881,41,betCent,10,0.5824044585987261,0,27,None,66,1,5,False,10,10
3882,42,betCent,10,0.5869824840764332,0,27,None,66,1,5,False,10,10
3883,43,betCent,10,0.5892714968152867,0,27,None,66,1,5,False,10,10
3884,44,betCent,10,0.591859076433121,0,27,None,66,1,5,False,10,10
3885,40,betCent,10,0.5201035031847133,0,2,None,66,1,5,False,10,10
3886,41,betCent,10,0.5306528662420382,0,2,None,66,1,5,False,10,10
3887,42,betCent,10,0.5354299363057324,0,2,None,66,1,5,False,10,10
3888,43,betCent,10,0.5403065286624203,0,2,None,66,1,5,False,10,10
3889,44,betCent,10,0.5453821656050956,0,2,None,66,1,5,False,10,10
3890,40,betCent,10,0.5295581210191083,0,3,None,66,1,5,False,10,10
3891,41,betCent,10,0.5384156050955414,0,3,None,66,1,5,False,10,10
3892,42,betCent,10,0.544984076433121,0,3,None,66,1,5,False,10,10
3893,43,betCent,10,0.5517515923566879,0,3,None,66,1,5,False,10,10
3894,44,betCent,10,0.560609076433121,0,3,None,66,1,5,False,10,10
3895,40,betCent,10,0.5452826433121019,0,0,None,66,1,5,False,10,10
3896,41,betCent,10,0.5538415605095541,0,0,None,66,1,5,False,10,10
3897,42,betCent,10,0.5650875796178344,0,0,None,66,1,5,False,10,10
3898,43,betCent,10,0.5742436305732485,0,0,None,66,1,5,False,10,10
3899,44,betCent,10,0.5809116242038217,0,0,None,66,1,5,False,10,10
3900,40,betCent,10,0.5558320063694268,0,4,None,66,1,5,False,10,10
3901,41,betCent,10,0.5615047770700637,0,4,None,66,1,5,False,10,10
3902,42,betCent,10,0.5690684713375797,0,4,None,66,1,5,False,10,10
3903,43,betCent,10,0.5747412420382165,0,4,None,66,1,5,False,10,10
3904,44,betCent,10,0.5803144904458599,0,4,None,66,1,5,False,10,10
3905,40,betCent,10,0.5591162420382165,0,5,None,66,1,5,False,10,10
3906,41,betCent,10,0.5645899681528662,0,5,None,66,1,5,False,10,10
3907,42,betCent,10,0.569765127388535,0,5,None,66,1,5,False,10,10
3908,43,betCent,10,0.5767316878980892,0,5,None,66,1,5,False,10,10
3909,44,betCent,10,0.581906847133758,0,5,None,66,1,5,False,10,10
3910,40,betCent,10,0.5444864649681529,0,7,None,66,1,5,False,10,10
3911,41,betCent,10,0.5482683121019108,0,7,None,66,1,5,False,10,10
3912,42,betCent,10,0.5520501592356688,0,7,None,66,1,5,False,10,10
3913,43,betCent,10,0.5575238853503185,0,7,None,66,1,5,False,10,10
3914,44,betCent,10,0.5621019108280255,0,7,None,66,1,5,False,10,10
3915,40,betCent,10,0.5136345541401274,0,10,None,66,1,5,False,10,10
3916,41,betCent,10,0.526671974522293,0,10,None,66,1,5,False,10,10
3917,42,betCent,10,0.5344347133757962,0,10,None,66,1,5,False,10,10
3918,43,betCent,10,0.5416998407643312,0,10,None,66,1,5,False,10,10
3919,44,betCent,10,0.5498606687898089,0,10,None,66,1,5,False,10,10
3920,40,betCent,10,0.5887738853503185,0,9,None,66,1,5,False,10,10
3921,41,betCent,10,0.5997213375796179,0,9,None,66,1,5,False,10,10
3922,42,betCent,10,0.606687898089172,0,9,None,66,1,5,False,10,10
3923,43,betCent,10,0.6102707006369427,0,9,None,66,1,5,False,10,10
3924,44,betCent,10,0.6133558917197452,0,9,None,66,1,5,False,10,10
3925,40,betCent,10,0.5262738853503185,0,11,None,66,1,5,False,10,10
3926,41,betCent,10,0.5437898089171974,0,11,None,66,1,5,False,10,10
3927,42,betCent,10,0.5626990445859873,0,11,None,66,1,5,False,10,10
3928,43,betCent,10,0.5789211783439491,0,11,None,66,1,5,False,10,10
3929,44,betCent,10,0.5919585987261147,0,11,None,66,1,5,False,10,10
3930,40,betCent,10,0.5663813694267515,0,15,None,66,1,5,False,10,10
3931,41,betCent,10,0.57921974522293,0,15,None,66,1,5,False,10,10
3932,42,betCent,10,0.5902667197452229,0,15,None,66,1,5,False,10,10
3933,43,betCent,10,0.5989251592356688,0,15,None,66,1,5,False,10,10
3934,44,betCent,10,0.6069864649681529,0,15,None,66,1,5,False,10,10
3935,40,betCent,10,0.5549363057324841,0,12,None,66,1,5,False,10,10
3936,41,betCent,10,0.5510549363057324,0,12,None,66,1,5,False,10,10
3937,42,betCent,10,0.5590167197452229,0,12,None,66,1,5,False,10,10
3938,43,betCent,10,0.5674761146496815,0,12,None,66,1,5,False,10,10
3939,44,betCent,10,0.5736464968152867,0,12,None,66,1,5,False,10,10
3940,40,betCent,10,0.5633957006369427,0,17,None,66,1,5,False,10,10
3941,41,betCent,10,0.5671775477707006,0,17,None,66,1,5,False,10,10
3942,42,betCent,10,0.5709593949044586,0,17,None,66,1,5,False,10,10
3943,43,betCent,10,0.574343152866242,0,17,None,66,1,5,False,10,10
3944,44,betCent,10,0.5777269108280255,0,17,None,66,1,5,False,10,10
3945,40,betCent,10,0.5291600318471338,0,20,None,66,1,5,False,10,10
3946,41,betCent,10,0.5461783439490446,0,20,None,66,1,5,False,10,10
3947,42,betCent,10,0.5585191082802548,0,20,None,66,1,5,False,10,10
3948,43,betCent,10,0.5676751592356688,0,20,None,66,1,5,False,10,10
3949,44,betCent,10,0.5777269108280255,0,20,None,66,1,5,False,10,10
3950,40,betCent,10,0.5434912420382165,0,18,None,66,1,5,False,10,10
3951,41,betCent,10,0.5489649681528662,0,18,None,66,1,5,False,10,10
3952,42,betCent,10,0.554140127388535,0,18,None,66,1,5,False,10,10
3953,43,betCent,10,0.5613057324840764,0,18,None,66,1,5,False,10,10
3954,44,betCent,10,0.5666799363057324,0,18,None,66,1,5,False,10,10
3955,40,betCent,10,0.5355294585987261,0,28,None,66,1,5,False,10,10
3956,41,betCent,10,0.5467754777070064,0,28,None,66,1,5,False,10,10
3957,42,betCent,10,0.5554339171974523,0,28,None,66,1,5,False,10,10
3958,43,betCent,10,0.5637937898089171,0,28,None,66,1,5,False,10,10
3959,44,betCent,10,0.5718550955414012,0,28,None,66,1,5,False,10,10
5445,45,betCent,10,0.4984076433121019,0,1,None,66,1,5,False,10,10
5446,46,betCent,10,0.5032842356687898,0,1,None,66,1,5,False,10,10
5447,47,betCent,10,0.5107484076433121,0,1,None,66,1,5,False,10,10
5448,48,betCent,10,0.5271695859872612,0,1,None,66,1,5,False,10,10
5449,49,betCent,10,0.5418988853503185,0,1,None,66,1,5,False,10,10
5450,45,betCent,10,0.5650875796178344,0,2,None,66,1,5,False,10,10
5451,46,betCent,10,0.5734474522292994,0,2,None,66,1,5,False,10,10
5452,47,betCent,10,0.5806130573248408,0,2,None,66,1,5,False,10,10
5453,48,betCent,10,0.5865843949044586,0,2,None,66,1,5,False,10,10
5454,49,betCent,10,0.5917595541401274,0,2,None,66,1,5,False,10,10
5455,45,betCent,10,0.5562300955414012,0,13,None,66,1,5,False,10,10
5456,46,betCent,10,0.5618033439490446,0,13,None,66,1,5,False,10,10
5457,47,betCent,10,0.5663813694267515,0,13,None,66,1,5,False,10,10
5458,48,betCent,10,0.5705613057324841,0,13,None,66,1,5,False,10,10
5459,49,betCent,10,0.5739450636942676,0,13,None,66,1,5,False,10,10
5460,45,betCent,10,0.5562300955414012,0,10,None,66,1,5,False,10,10
5461,46,betCent,10,0.5627985668789809,0,10,None,66,1,5,False,10,10
5462,47,betCent,10,0.5712579617834395,0,10,None,66,1,5,False,10,10
5463,48,betCent,10,0.5749402866242038,0,10,None,66,1,5,False,10,10
5464,49,betCent,10,0.5805135350318471,0,10,None,66,1,5,False,10,10
5465,45,betCent,10,0.6071855095541401,0,15,None,66,1,5,False,10,10
5466,46,betCent,10,0.6132563694267515,0,15,None,66,1,5,False,10,10
5467,47,betCent,10,0.6198248407643312,0,15,None,66,1,5,False,10,10
5468,48,betCent,10,0.62609474522293,0,15,None,66,1,5,False,10,10
5469,49,betCent,10,0.6307722929936306,0,15,None,66,1,5,False,10,10
5470,45,betCent,10,0.596437101910828,0,11,None,66,1,5,False,10,10
5471,46,betCent,10,0.6098726114649682,0,11,None,66,1,5,False,10,10
5472,47,betCent,10,0.6192277070063694,0,11,None,66,1,5,False,10,10
5473,48,betCent,10,0.6269904458598726,0,11,None,66,1,5,False,10,10
5474,49,betCent,10,0.6323646496815286,0,11,None,66,1,5,False,10,10
5475,45,betCent,10,0.5938495222929936,0,8,None,66,1,5,False,10,10
5476,46,betCent,10,0.5969347133757962,0,8,None,66,1,5,False,10,10
5477,47,betCent,10,0.5990246815286624,0,8,None,66,1,5,False,10,10
5478,48,betCent,10,0.6006170382165605,0,8,None,66,1,5,False,10,10
5479,49,betCent,10,0.602906050955414,0,8,None,66,1,5,False,10,10
5480,45,betCent,10,0.5867834394904459,0,20,None,66,1,5,False,10,10
5481,46,betCent,10,0.5973328025477707,0,20,None,66,1,5,False,10,10
5482,47,betCent,10,0.6027070063694268,0,20,None,66,1,5,False,10,10
5483,48,betCent,10,0.6083797770700637,0,20,None,66,1,5,False,10,10
5484,49,betCent,10,0.6118630573248408,0,20,None,66,1,5,False,10,10
5485,45,betCent,10,0.612062101910828,0,23,None,66,1,5,False,10,10
5486,46,betCent,10,0.6138535031847133,0,23,None,66,1,5,False,10,10
5487,47,betCent,10,0.6187300955414012,0,23,None,66,1,5,False,10,10
5488,48,betCent,10,0.6226114649681529,0,23,None,66,1,5,False,10,10
5489,49,betCent,10,0.6252985668789809,0,23,None,66,1,5,False,10,10
5490,45,betCent,10,0.5835987261146497,0,17,None,66,1,5,False,10,10
5491,46,betCent,10,0.5863853503184714,0,17,None,66,1,5,False,10,10
5492,47,betCent,10,0.5893710191082803,0,17,None,66,1,5,False,10,10
5493,48,betCent,10,0.5914609872611465,0,17,None,66,1,5,False,10,10
5494,49,betCent,10,0.5929538216560509,0,17,None,66,1,5,False,10,10
5495,45,betCent,10,0.591859076433121,0,25,None,66,1,5,False,10,10
5496,46,betCent,10,0.5969347133757962,0,25,None,66,1,5,False,10,10
5497,47,betCent,10,0.6012141719745223,0,25,None,66,1,5,False,10,10
5498,48,betCent,10,0.6072850318471338,0,25,None,66,1,5,False,10,10
5499,49,betCent,10,0.612062101910828,0,25,None,66,1,5,False,10,10
5500,45,betCent,10,0.5745421974522293,0,28,None,66,1,5,False,10,10
5501,46,betCent,10,0.5815087579617835,0,28,None,66,1,5,False,10,10
5502,47,betCent,10,0.5861863057324841,0,28,None,66,1,5,False,10,10
5503,48,betCent,10,0.5897691082802548,0,28,None,66,1,5,False,10,10
5504,49,betCent,10,0.5927547770700637,0,28,None,66,1,5,False,10,10
5505,45,betCent,10,0.5831011146496815,0,29,None,66,1,5,False,10,10
5506,46,betCent,10,0.5871815286624203,0,29,None,66,1,5,False,10,10
5507,47,betCent,10,0.5898686305732485,0,29,None,66,1,5,False,10,10
5508,48,betCent,10,0.5939490445859873,0,29,None,66,1,5,False,10,10
5509,49,betCent,10,0.5968351910828026,0,29,None,66,1,5,False,10,10
5510,45,betCent,10,0.6105692675159236,0,9,None,66,1,5,False,10,10
5511,46,betCent,10,0.6156449044585988,0,9,None,66,1,5,False,10,10
5512,47,betCent,10,0.6196257961783439,0,9,None,66,1,5,False,10,10
5513,48,betCent,10,0.6237062101910829,0,9,None,66,1,5,False,10,10
5514,49,betCent,10,0.6275875796178344,0,9,None,66,1,5,False,10,10
5515,45,betCent,10,0.5746417197452229,0,18,None,66,1,5,False,10,10
5516,46,betCent,10,0.5798168789808917,0,18,None,66,1,5,False,10,10
5517,47,betCent,10,0.5828025477707006,0,18,None,66,1,5,False,10,10
5518,48,betCent,10,0.5849920382165605,0,18,None,66,1,5,False,10,10
5519,49,betCent,10,0.5894705414012739,0,18,None,66,1,5,False,10,10
5520,45,betCent,10,0.5265724522292994,0,31,None,66,1,5,False,10,10
5521,46,betCent,10,0.5264729299363057,0,31,None,66,1,5,False,10,10
5522,47,betCent,10,0.5303542993630573,0,31,None,66,1,5,False,10,10
5523,48,betCent,10,0.5347332802547771,0,31,None,66,1,5,False,10,10
5524,49,betCent,10,0.5362261146496815,0,31,None,66,1,5,False,10,10
5525,45,betCent,10,0.5980294585987261,0,27,None,66,1,5,False,10,10
5526,46,betCent,10,0.5990246815286624,0,27,None,66,1,5,False,10,10
5527,47,betCent,10,0.5997213375796179,0,27,None,66,1,5,False,10,10
5528,48,betCent,10,0.6017117834394905,0,27,None,66,1,5,False,10,10
5529,49,betCent,10,0.6032046178343949,0,27,None,66,1,5,False,10,10
5530,45,betCent,10,0.5835987261146497,0,5,None,66,1,5,False,10,10
5531,46,betCent,10,0.5873805732484076,0,5,None,66,1,5,False,10,10
5532,47,betCent,10,0.5895700636942676,0,5,None,66,1,5,False,10,10
5533,48,betCent,10,0.591859076433121,0,5,None,66,1,5,False,10,10
5534,49,betCent,10,0.5952428343949044,0,5,None,66,1,5,False,10,10
5535,45,betCent,10,0.6048964968152867,0,26,None,66,1,5,False,10,10
5536,46,betCent,10,0.6076831210191083,0,26,None,66,1,5,False,10,10
5537,47,betCent,10,0.6098726114649682,0,26,None,66,1,5,False,10,10
5538,48,betCent,10,0.6129578025477707,0,26,None,66,1,5,False,10,10
5539,49,betCent,10,0.6161425159235668,0,26,None,66,1,5,False,10,10
5540,45,betCent,10,0.5125398089171974,0,30,None,66,1,5,False,10,10
5541,46,betCent,10,0.5222929936305732,0,30,None,66,1,5,False,10,10
5542,47,betCent,10,0.5340366242038217,0,30,None,66,1,5,False,10,10
5543,48,betCent,10,0.542296974522293,0,30,None,66,1,5,False,10,10
5544,49,betCent,10,0.5529458598726115,0,30,None,66,1,5,False,10,10
5545,45,betCent,10,0.586484872611465,0,12,None,66,1,5,False,10,10
5546,46,betCent,10,0.5908638535031847,0,12,None,66,1,5,False,10,10
5547,47,betCent,10,0.595640923566879,0,12,None,66,1,5,False,10,10
5548,48,betCent,10,0.5993232484076433,0,12,None,66,1,5,False,10,10
5549,49,betCent,10,0.604796974522293,0,12,None,66,1,5,False,10,10
5550,45,betCent,10,0.5665804140127388,0,3,None,66,1,5,False,10,10
5551,46,betCent,10,0.5722531847133758,0,3,None,66,1,5,False,10,10
5552,47,betCent,10,0.5771297770700637,0,3,None,66,1,5,False,10,10
5553,48,betCent,10,0.5802149681528662,0,3,None,66,1,5,False,10,10
5554,49,betCent,10,0.5850915605095541,0,3,None,66,1,5,False,10,10
5555,45,betCent,10,0.5723527070063694,0,7,None,66,1,5,False,10,10
5556,46,betCent,10,0.5782245222929936,0,7,None,66,1,5,False,10,10
5557,47,betCent,10,0.5824044585987261,0,7,None,66,1,5,False,10,10
5558,48,betCent,10,0.5858877388535032,0,7,None,66,1,5,False,10,10
5559,49,betCent,10,0.5900676751592356,0,7,None,66,1,5,False,10,10
5560,45,betCent,10,0.524781050955414,0,6,None,66,1,5,False,10,10
5561,46,betCent,10,0.5334394904458599,0,6,None,66,1,5,False,10,10
5562,47,betCent,10,0.5414012738853503,0,6,None,66,1,5,False,10,10
5563,48,betCent,10,0.5480692675159236,0,6,None,66,1,5,False,10,10
5564,49,betCent,10,0.5551353503184714,0,6,None,66,1,5,False,10,10
5565,45,betCent,10,0.5825039808917197,0,16,None,66,1,5,False,10,10
5566,46,betCent,10,0.5861863057324841,0,16,None,66,1,5,False,10,10
5567,47,betCent,10,0.5890724522292994,0,16,None,66,1,5,False,10,10
5568,48,betCent,10,0.5913614649681529,0,16,None,66,1,5,False,10,10
5569,49,betCent,10,0.5916600318471338,0,16,None,66,1,5,False,10,10
5570,45,betCent,10,0.6086783439490446,0,32,None,66,1,5,False,10,10
5571,46,betCent,10,0.6173367834394905,0,32,None,66,1,5,False,10,10
5572,47,betCent,10,0.627687101910828,0,32,None,66,1,5,False,10,10
5573,48,betCent,10,0.6326632165605095,0,32,None,66,1,5,False,10,10
5574,49,betCent,10,0.6415207006369427,0,32,None,66,1,5,False,10,10
5575,45,betCent,10,0.581906847133758,0,19,None,66,1,5,False,10,10
5576,46,betCent,10,0.5876791401273885,0,19,None,66,1,5,False,10,10
5577,47,betCent,10,0.5928542993630573,0,19,None,66,1,5,False,10,10
5578,48,betCent,10,0.5974323248407644,0,19,None,66,1,5,False,10,10
5579,49,betCent,10,0.5996218152866242,0,19,None,66,1,5,False,10,10
5580,45,betCent,10,0.585390127388535,0,0,None,66,1,5,False,10,10
5581,46,betCent,10,0.5905652866242038,0,0,None,66,1,5,False,10,10
5582,47,betCent,10,0.5939490445859873,0,0,None,66,1,5,False,10,10
5583,48,betCent,10,0.5985270700636943,0,0,None,66,1,5,False,10,10
5584,49,betCent,10,0.602109872611465,0,0,None,66,1,5,False,10,10
5585,45,betCent,10,0.5475716560509554,0,21,None,66,1,5,False,10,10
5586,46,betCent,10,0.5549363057324841,0,21,None,66,1,5,False,10,10
5587,47,betCent,10,0.5631966560509554,0,21,None,66,1,5,False,10,10
5588,48,betCent,10,0.5695660828025477,0,21,None,66,1,5,False,10,10
5589,49,betCent,10,0.5749402866242038,0,21,None,66,1,5,False,10,10
5590,45,betCent,10,0.5807125796178344,0,24,None,66,1,5,False,10,10
5591,46,betCent,10,0.5867834394904459,0,24,None,66,1,5,False,10,10
5592,47,betCent,10,0.5939490445859873,0,24,None,66,1,5,False,10,10
5593,48,betCent,10,0.5969347133757962,0,24,None,66,1,5,False,10,10
5594,49,betCent,10,0.6020103503184714,0,24,None,66,1,5,False,10,10
5595,45,betCent,10,0.5553343949044586,0,14,None,66,1,5,False,10,10
5596,46,betCent,10,0.5639928343949044,0,14,None,66,1,5,False,10,10
5597,47,betCent,10,0.5701632165605095,0,14,None,66,1,5,False,10,10
5598,48,betCent,10,0.5778264331210191,0,14,None,66,1,5,False,10,10
5599,49,betCent,10,0.5854896496815286,0,14,None,66,1,5,False,10,10
5600,45,betCent,10,0.5828025477707006,0,4,None,66,1,5,False,10,10
5601,46,betCent,10,0.5863853503184714,0,4,None,66,1,5,False,10,10
5602,47,betCent,10,0.5890724522292994,0,4,None,66,1,5,False,10,10
5603,48,betCent,10,0.5919585987261147,0,4,None,66,1,5,False,10,10
5604,49,betCent,10,0.5941480891719745,0,4,None,66,1,5,False,10,10
5605,45,betCent,10,0.5822054140127388,0,22,None,66,1,5,False,10,10
5606,46,betCent,10,0.5852906050955414,0,22,None,66,1,5,False,10,10
5607,47,betCent,10,0.5905652866242038,0,22,None,66,1,5,False,10,10
5608,48,betCent,10,0.5928542993630573,0,22,None,66,1,5,False,10,10
5609,49,betCent,10,0.5967356687898089,0,22,None,66,1,5,False,10,10
5610,50,betCent,10,0.5273686305732485,0,1,None,66,1,5,False,10,10
5611,51,betCent,10,0.5415007961783439,0,1,None,66,1,5,False,10,10
5612,52,betCent,10,0.5551353503184714,0,1,None,66,1,5,False,10,10
5613,53,betCent,10,0.5645899681528662,0,1,None,66,1,5,False,10,10
5614,54,betCent,10,0.5718550955414012,0,1,None,66,1,5,False,10,10
5615,50,betCent,10,0.6020103503184714,0,2,None,66,1,5,False,10,10
5616,51,betCent,10,0.605593152866242,0,2,None,66,1,5,False,10,10
5617,52,betCent,10,0.6087778662420382,0,2,None,66,1,5,False,10,10
5618,53,betCent,10,0.6122611464968153,0,2,None,66,1,5,False,10,10
5619,54,betCent,10,0.6147492038216561,0,2,None,66,1,5,False,10,10
5620,50,betCent,10,0.5925557324840764,0,18,None,66,1,5,False,10,10
5621,51,betCent,10,0.5944466560509554,0,18,None,66,1,5,False,10,10
5622,52,betCent,10,0.5974323248407644,0,18,None,66,1,5,False,10,10
5623,53,betCent,10,0.6001194267515924,0,18,None,66,1,5,False,10,10
5624,54,betCent,10,0.603702229299363,0,18,None,66,1,5,False,10,10
5625,50,betCent,10,0.6084792993630573,0,19,None,66,1,5,False,10,10
5626,51,betCent,10,0.6106687898089171,0,19,None,66,1,5,False,10,10
5627,52,betCent,10,0.6137539808917197,0,19,None,66,1,5,False,10,10
5628,53,betCent,10,0.6147492038216561,0,19,None,66,1,5,False,10,10
5629,54,betCent,10,0.6203224522292994,0,19,None,66,1,5,False,10,10
5630,50,betCent,10,0.6040007961783439,0,8,None,66,1,5,False,10,10
5631,51,betCent,10,0.6054936305732485,0,8,None,66,1,5,False,10,10
5632,52,betCent,10,0.6083797770700637,0,8,None,66,1,5,False,10,10
5633,53,betCent,10,0.6105692675159236,0,8,None,66,1,5,False,10,10
5634,54,betCent,10,0.6129578025477707,0,8,None,66,1,5,False,10,10
5635,50,betCent,10,0.627687101910828,0,23,None,66,1,5,False,10,10
5636,51,betCent,10,0.6290804140127388,0,23,None,66,1,5,False,10,10
5637,52,betCent,10,0.6312699044585988,0,23,None,66,1,5,False,10,10
5638,53,betCent,10,0.6332603503184714,0,23,None,66,1,5,False,10,10
5639,54,betCent,10,0.6358479299363057,0,23,None,66,1,5,False,10,10
5640,50,betCent,10,0.5349323248407644,0,31,None,66,1,5,False,10,10
5641,51,betCent,10,0.5366242038216561,0,31,None,66,1,5,False,10,10
5642,52,betCent,10,0.5387141719745223,0,31,None,66,1,5,False,10,10
5643,53,betCent,10,0.5407046178343949,0,31,None,66,1,5,False,10,10
5644,54,betCent,10,0.5438893312101911,0,31,None,66,1,5,False,10,10
5645,50,betCent,10,0.5950437898089171,0,28,None,66,1,5,False,10,10
5646,51,betCent,10,0.5982285031847133,0,28,None,66,1,5,False,10,10
5647,52,betCent,10,0.6005175159235668,0,28,None,66,1,5,False,10,10
5648,53,betCent,10,0.6033041401273885,0,28,None,66,1,5,False,10,10
5649,54,betCent,10,0.6053941082802548,0,28,None,66,1,5,False,10,10
5650,50,betCent,10,0.5794187898089171,0,21,None,66,1,5,False,10,10
5651,51,betCent,10,0.5835987261146497,0,21,None,66,1,5,False,10,10
5652,52,betCent,10,0.587281050955414,0,21,None,66,1,5,False,10,10
5653,53,betCent,10,0.591062898089172,0,21,None,66,1,5,False,10,10
5654,54,betCent,10,0.5947452229299363,0,21,None,66,1,5,False,10,10
5655,50,betCent,10,0.6059912420382165,0,27,None,66,1,5,False,10,10
5656,51,betCent,10,0.6070859872611465,0,27,None,66,1,5,False,10,10
5657,52,betCent,10,0.6086783439490446,0,27,None,66,1,5,False,10,10
5658,53,betCent,10,0.6109673566878981,0,27,None,66,1,5,False,10,10
5659,54,betCent,10,0.6127587579617835,0,27,None,66,1,5,False,10,10
5660,50,betCent,10,0.5960390127388535,0,17,None,66,1,5,False,10,10
5661,51,betCent,10,0.5987261146496815,0,17,None,66,1,5,False,10,10
5662,52,betCent,10,0.6001194267515924,0,17,None,66,1,5,False,10,10
5663,53,betCent,10,0.6011146496815286,0,17,None,66,1,5,False,10,10
5664,54,betCent,10,0.6034036624203821,0,17,None,66,1,5,False,10,10
5665,50,betCent,10,0.6053941082802548,0,24,None,66,1,5,False,10,10
5666,51,betCent,10,0.6078821656050956,0,24,None,66,1,5,False,10,10
5667,52,betCent,10,0.6097730891719745,0,24,None,66,1,5,False,10,10
5668,53,betCent,10,0.6133558917197452,0,24,None,66,1,5,False,10,10
5669,54,betCent,10,0.6171377388535032,0,24,None,66,1,5,False,10,10
5670,50,betCent,10,0.5963375796178344,0,5,None,66,1,5,False,10,10
5671,51,betCent,10,0.5981289808917197,0,5,None,66,1,5,False,10,10
5672,52,betCent,10,0.5998208598726115,0,5,None,66,1,5,False,10,10
5673,53,betCent,10,0.6015127388535032,0,5,None,66,1,5,False,10,10
5674,54,betCent,10,0.6035031847133758,0,5,None,66,1,5,False,10,10
5675,50,betCent,10,0.6141520700636943,0,26,None,66,1,5,False,10,10
5676,51,betCent,10,0.6155453821656051,0,26,None,66,1,5,False,10,10
5677,52,betCent,10,0.6167396496815286,0,26,None,66,1,5,False,10,10
5678,53,betCent,10,0.6179339171974523,0,26,None,66,1,5,False,10,10
5679,54,betCent,10,0.6211186305732485,0,26,None,66,1,5,False,10,10
5680,50,betCent,10,0.5649880573248408,0,30,None,66,1,5,False,10,10
5681,51,betCent,10,0.5720541401273885,0,30,None,66,1,5,False,10,10
5682,52,betCent,10,0.5799164012738853,0,30,None,66,1,5,False,10,10
5683,53,betCent,10,0.5871815286624203,0,30,None,66,1,5,False,10,10
5684,54,betCent,10,0.5929538216560509,0,30,None,66,1,5,False,10,10
5685,50,betCent,10,0.6015127388535032,0,22,None,66,1,5,False,10,10
5686,51,betCent,10,0.6040007961783439,0,22,None,66,1,5,False,10,10
5687,52,betCent,10,0.6062898089171974,0,22,None,66,1,5,False,10,10
5688,53,betCent,10,0.6095740445859873,0,22,None,66,1,5,False,10,10
5689,54,betCent,10,0.6127587579617835,0,22,None,66,1,5,False,10,10
5690,50,betCent,10,0.6353503184713376,0,11,None,66,1,5,False,10,10
5691,51,betCent,10,0.640625,0,11,None,66,1,5,False,10,10
5692,52,betCent,10,0.6451035031847133,0,11,None,66,1,5,False,10,10
5693,53,betCent,10,0.6486863057324841,0,11,None,66,1,5,False,10,10
5694,54,betCent,10,0.6541600318471338,0,11,None,66,1,5,False,10,10
5695,50,betCent,10,0.6191281847133758,0,20,None,66,1,5,False,10,10
5696,51,betCent,10,0.6213176751592356,0,20,None,66,1,5,False,10,10
5697,52,betCent,10,0.6230095541401274,0,20,None,66,1,5,False,10,10
5698,53,betCent,10,0.6269904458598726,0,20,None,66,1,5,False,10,10
5699,54,betCent,10,0.6283837579617835,0,20,None,66,1,5,False,10,10
5700,50,betCent,10,0.5968351910828026,0,4,None,66,1,5,False,10,10
5701,51,betCent,10,0.598328025477707,0,4,None,66,1,5,False,10,10
5702,52,betCent,10,0.601015127388535,0,4,None,66,1,5,False,10,10
5703,53,betCent,10,0.6022093949044586,0,4,None,66,1,5,False,10,10
5704,54,betCent,10,0.6041003184713376,0,4,None,66,1,5,False,10,10
5705,50,betCent,10,0.6355493630573248,0,15,None,66,1,5,False,10,10
5706,51,betCent,10,0.6400278662420382,0,15,None,66,1,5,False,10,10
5707,52,betCent,10,0.6448049363057324,0,15,None,66,1,5,False,10,10
5708,53,betCent,10,0.6499800955414012,0,15,None,66,1,5,False,10,10
5709,54,betCent,10,0.6534633757961783,0,15,None,66,1,5,False,10,10
5710,50,betCent,10,0.5812101910828026,0,10,None,66,1,5,False,10,10
5711,51,betCent,10,0.586484872611465,0,10,None,66,1,5,False,10,10
5712,52,betCent,10,0.5917595541401274,0,10,None,66,1,5,False,10,10
5713,53,betCent,10,0.5979299363057324,0,10,None,66,1,5,False,10,10
5714,54,betCent,10,0.6033041401273885,0,10,None,66,1,5,False,10,10
5715,50,betCent,10,0.5940485668789809,0,7,None,66,1,5,False,10,10
5716,51,betCent,10,0.5979299363057324,0,7,None,66,1,5,False,10,10
5717,52,betCent,10,0.6006170382165605,0,7,None,66,1,5,False,10,10
5718,53,betCent,10,0.6035031847133758,0,7,None,66,1,5,False,10,10
5719,54,betCent,10,0.6062898089171974,0,7,None,66,1,5,False,10,10
5720,50,betCent,10,0.5629976114649682,0,6,None,66,1,5,False,10,10
5721,51,betCent,10,0.5663813694267515,0,6,None,66,1,5,False,10,10
5722,52,betCent,10,0.5688694267515924,0,6,None,66,1,5,False,10,10
5723,53,betCent,10,0.572452229299363,0,6,None,66,1,5,False,10,10
5724,54,betCent,10,0.5765326433121019,0,6,None,66,1,5,False,10,10
5725,50,betCent,10,0.6013136942675159,0,16,None,66,1,5,False,10,10
5726,51,betCent,10,0.5988256369426752,0,16,None,66,1,5,False,10,10
5727,52,betCent,10,0.5989251592356688,0,16,None,66,1,5,False,10,10
5728,53,betCent,10,0.5987261146496815,0,16,None,66,1,5,False,10,10
5729,54,betCent,10,0.5971337579617835,0,16,None,66,1,5,False,10,10
5730,50,betCent,10,0.6530652866242038,0,32,None,66,1,5,False,10,10
5731,51,betCent,10,0.6566480891719745,0,32,None,66,1,5,False,10,10
5732,52,betCent,10,0.6605294585987261,0,32,None,66,1,5,False,10,10
5733,53,betCent,10,0.664609872611465,0,32,None,66,1,5,False,10,10
5734,54,betCent,10,0.666202229299363,0,32,None,66,1,5,False,10,10
5735,50,betCent,10,0.6292794585987261,0,9,None,66,1,5,False,10,10
5736,51,betCent,10,0.634952229299363,0,9,None,66,1,5,False,10,10
5737,52,betCent,10,0.6397292993630573,0,9,None,66,1,5,False,10,10
5738,53,betCent,10,0.6418192675159236,0,9,None,66,1,5,False,10,10
5739,54,betCent,10,0.6460987261146497,0,9,None,66,1,5,False,10,10
5740,50,betCent,10,0.59484474522293,0,14,None,66,1,5,False,10,10
5741,51,betCent,10,0.5978304140127388,0,14,None,66,1,5,False,10,10
5742,52,betCent,10,0.6007165605095541,0,14,None,66,1,5,False,10,10
5743,53,betCent,10,0.6050955414012739,0,14,None,66,1,5,False,10,10
5744,54,betCent,10,0.6091759554140127,0,14,None,66,1,5,False,10,10
5745,50,betCent,10,0.5909633757961783,0,3,None,66,1,5,False,10,10
5746,51,betCent,10,0.5941480891719745,0,3,None,66,1,5,False,10,10
5747,52,betCent,10,0.5970342356687898,0,3,None,66,1,5,False,10,10
5748,53,betCent,10,0.6011146496815286,0,3,None,66,1,5,False,10,10
5749,54,betCent,10,0.6046974522292994,0,3,None,66,1,5,False,10,10
5750,50,betCent,10,0.6134554140127388,0,25,None,66,1,5,False,10,10
5751,51,betCent,10,0.6186305732484076,0,25,None,66,1,5,False,10,10
5752,52,betCent,10,0.6233081210191083,0,25,None,66,1,5,False,10,10
5753,53,betCent,10,0.6278861464968153,0,25,None,66,1,5,False,10,10
5754,54,betCent,10,0.6308718152866242,0,25,None,66,1,5,False,10,10
5755,50,betCent,10,0.599422770700637,0,29,None,66,1,5,False,10,10
5756,51,betCent,10,0.602906050955414,0,29,None,66,1,5,False,10,10
5757,52,betCent,10,0.6043988853503185,0,29,None,66,1,5,False,10,10
5758,53,betCent,10,0.6061902866242038,0,29,None,66,1,5,False,10,10
5759,54,betCent,10,0.6078821656050956,0,29,None,66,1,5,False,10,10
5760,50,betCent,10,0.6102707006369427,0,12,None,66,1,5,False,10,10
5761,51,betCent,10,0.6154458598726115,0,12,None,66,1,5,False,10,10
5762,52,betCent,10,0.6201234076433121,0,12,None,66,1,5,False,10,10
5763,53,betCent,10,0.6261942675159236,0,12,None,66,1,5,False,10,10
5764,54,betCent,10,0.6329617834394905,0,12,None,66,1,5,False,10,10
5765,50,betCent,10,0.5783240445859873,0,13,None,66,1,5,False,10,10
5766,51,betCent,10,0.582703025477707,0,13,None,66,1,5,False,10,10
5767,52,betCent,10,0.5883757961783439,0,13,None,66,1,5,False,10,10
5768,53,betCent,10,0.5938495222929936,0,13,None,66,1,5,False,10,10
5769,54,betCent,10,0.5976313694267515,0,13,None,66,1,5,False,10,10
5770,50,betCent,10,0.6076831210191083,0,0,None,66,1,5,False,10,10
5771,51,betCent,10,0.612062101910828,0,0,None,66,1,5,False,10,10
5772,52,betCent,10,0.6160429936305732,0,0,None,66,1,5,False,10,10
5773,53,betCent,10,0.6206210191082803,0,0,None,66,1,5,False,10,10
5774,54,betCent,10,0.6244028662420382,0,0,None,66,1,5,False,10,10
7590,55,betCent,10,0.6591361464968153,0,15,None,66,1,5,False,10,10
7591,56,betCent,10,0.6620222929936306,0,15,None,66,1,5,False,10,10
7592,57,betCent,10,0.6644108280254777,0,15,None,66,1,5,False,10,10
7593,58,betCent,10,0.6671974522292994,0,15,None,66,1,5,False,10,10
7594,59,betCent,10,0.6703821656050956,0,15,None,66,1,5,False,10,10
7595,55,betCent,10,0.6014132165605095,0,10,None,66,1,5,False,10,10
7596,56,betCent,10,0.6046974522292994,0,10,None,66,1,5,False,10,10
7597,57,betCent,10,0.6083797770700637,0,10,None,66,1,5,False,10,10
7598,58,betCent,10,0.609375,0,10,None,66,1,5,False,10,10
7599,59,betCent,10,0.6123606687898089,0,10,None,66,1,5,False,10,10
7600,55,betCent,10,0.6026074840764332,0,16,None,66,1,5,False,10,10
7601,56,betCent,10,0.6031050955414012,0,16,None,66,1,5,False,10,10
7602,57,betCent,10,0.6035031847133758,0,16,None,66,1,5,False,10,10
7603,58,betCent,10,0.6018113057324841,0,16,None,66,1,5,False,10,10
7604,59,betCent,10,0.6013136942675159,0,16,None,66,1,5,False,10,10
7605,55,betCent,10,0.6550557324840764,0,11,None,66,1,5,False,10,10
7606,56,betCent,10,0.6595342356687898,0,11,None,66,1,5,False,10,10
7607,57,betCent,10,0.6636146496815286,0,11,None,66,1,5,False,10,10
7608,58,betCent,10,0.6657046178343949,0,11,None,66,1,5,False,10,10
7609,59,betCent,10,0.6679936305732485,0,11,None,66,1,5,False,10,10
7610,55,betCent,10,0.6313694267515924,0,20,None,66,1,5,False,10,10
7611,56,betCent,10,0.6338574840764332,0,20,None,66,1,5,False,10,10
7612,57,betCent,10,0.6351512738853503,0,20,None,66,1,5,False,10,10
7613,58,betCent,10,0.6370421974522293,0,20,None,66,1,5,False,10,10
7614,59,betCent,10,0.6381369426751592,0,20,None,66,1,5,False,10,10
7615,55,betCent,10,0.6206210191082803,0,19,None,66,1,5,False,10,10
7616,56,betCent,10,0.625,0,19,None,66,1,5,False,10,10
7617,57,betCent,10,0.6277866242038217,0,19,None,66,1,5,False,10,10
7618,58,betCent,10,0.6291799363057324,0,19,None,66,1,5,False,10,10
7619,59,betCent,10,0.6309713375796179,0,19,None,66,1,5,False,10,10
7620,55,betCent,10,0.6144506369426752,0,22,None,66,1,5,False,10,10
7621,56,betCent,10,0.6178343949044586,0,22,None,66,1,5,False,10,10
7622,57,betCent,10,0.6205214968152867,0,22,None,66,1,5,False,10,10
7623,58,betCent,10,0.6234076433121019,0,22,None,66,1,5,False,10,10
7624,59,betCent,10,0.6261942675159236,0,22,None,66,1,5,False,10,10
7625,55,betCent,10,0.606687898089172,0,17,None,66,1,5,False,10,10
7626,56,betCent,10,0.6088773885350318,0,17,None,66,1,5,False,10,10
7627,57,betCent,10,0.6087778662420382,0,17,None,66,1,5,False,10,10
7628,58,betCent,10,0.6091759554140127,0,17,None,66,1,5,False,10,10
7629,59,betCent,10,0.6096735668789809,0,17,None,66,1,5,False,10,10
7630,55,betCent,10,0.6167396496815286,0,24,None,66,1,5,False,10,10
7631,56,betCent,10,0.6181329617834395,0,24,None,66,1,5,False,10,10
7632,57,betCent,10,0.6210191082802548,0,24,None,66,1,5,False,10,10
7633,58,betCent,10,0.6249004777070064,0,24,None,66,1,5,False,10,10
7634,59,betCent,10,0.6278861464968153,0,24,None,66,1,5,False,10,10
7635,55,betCent,10,0.598328025477707,0,30,None,66,1,5,False,10,10
7636,56,betCent,10,0.6045979299363057,0,30,None,66,1,5,False,10,10
7637,57,betCent,10,0.6094745222929936,0,30,None,66,1,5,False,10,10
7638,58,betCent,10,0.6160429936305732,0,30,None,66,1,5,False,10,10
7639,59,betCent,10,0.621218152866242,0,30,None,66,1,5,False,10,10
7640,55,betCent,10,0.5812101910828026,0,6,None,66,1,5,False,10,10
7641,56,betCent,10,0.5835987261146497,0,6,None,66,1,5,False,10,10
7642,57,betCent,10,0.5858877388535032,0,6,None,66,1,5,False,10,10
7643,58,betCent,10,0.5875796178343949,0,6,None,66,1,5,False,10,10
7644,59,betCent,10,0.5897691082802548,0,6,None,66,1,5,False,10,10
7645,55,betCent,10,0.6348527070063694,0,12,None,66,1,5,False,10,10
7646,56,betCent,10,0.6413216560509554,0,12,None,66,1,5,False,10,10
7647,57,betCent,10,0.6455015923566879,0,12,None,66,1,5,False,10,10
7648,58,betCent,10,0.6498805732484076,0,12,None,66,1,5,False,10,10
7649,59,betCent,10,0.6536624203821656,0,12,None,66,1,5,False,10,10
7650,55,betCent,10,0.6217157643312102,0,26,None,66,1,5,False,10,10
7651,56,betCent,10,0.6237062101910829,0,26,None,66,1,5,False,10,10
7652,57,betCent,10,0.6258957006369427,0,26,None,66,1,5,False,10,10
7653,58,betCent,10,0.629578025477707,0,26,None,66,1,5,False,10,10
7654,59,betCent,10,0.6315684713375797,0,26,None,66,1,5,False,10,10
7655,55,betCent,10,0.5624004777070064,0,1,None,66,1,5,False,10,10
7656,56,betCent,10,0.5732484076433121,0,1,None,66,1,5,False,10,10
7657,57,betCent,10,0.5799164012738853,0,1,None,66,1,5,False,10,10
7658,58,betCent,10,0.5868829617834395,0,1,None,66,1,5,False,10,10
7659,59,betCent,10,0.5925557324840764,0,1,None,66,1,5,False,10,10
7660,55,betCent,10,0.6184315286624203,0,2,None,66,1,5,False,10,10
7661,56,betCent,10,0.6207205414012739,0,2,None,66,1,5,False,10,10
7662,57,betCent,10,0.6242038216560509,0,2,None,66,1,5,False,10,10
7663,58,betCent,10,0.6273885350318471,0,2,None,66,1,5,False,10,10
7664,59,betCent,10,0.6292794585987261,0,2,None,66,1,5,False,10,10
7665,55,betCent,10,0.6043988853503185,0,5,None,66,1,5,False,10,10
7666,56,betCent,10,0.6053941082802548,0,5,None,66,1,5,False,10,10
7667,57,betCent,10,0.6067874203821656,0,5,None,66,1,5,False,10,10
7668,58,betCent,10,0.60828025477707,0,5,None,66,1,5,False,10,10
7669,59,betCent,10,0.6095740445859873,0,5,None,66,1,5,False,10,10
7670,55,betCent,10,0.601015127388535,0,13,None,66,1,5,False,10,10
7671,56,betCent,10,0.6044984076433121,0,13,None,66,1,5,False,10,10
7672,57,betCent,10,0.6099721337579618,0,13,None,66,1,5,False,10,10
7673,58,betCent,10,0.6145501592356688,0,13,None,66,1,5,False,10,10
7674,59,betCent,10,0.6200238853503185,0,13,None,66,1,5,False,10,10
7675,55,betCent,10,0.6148487261146497,0,8,None,66,1,5,False,10,10
7676,56,betCent,10,0.6164410828025477,0,8,None,66,1,5,False,10,10
7677,57,betCent,10,0.618531050955414,0,8,None,66,1,5,False,10,10
7678,58,betCent,10,0.6194267515923567,0,8,None,66,1,5,False,10,10
7679,59,betCent,10,0.6200238853503185,0,8,None,66,1,5,False,10,10
7680,55,betCent,10,0.5991242038216561,0,21,None,66,1,5,False,10,10
7681,56,betCent,10,0.6041003184713376,0,21,None,66,1,5,False,10,10
7682,57,betCent,10,0.6076831210191083,0,21,None,66,1,5,False,10,10
7683,58,betCent,10,0.612062101910828,0,21,None,66,1,5,False,10,10
7684,59,betCent,10,0.6175358280254777,0,21,None,66,1,5,False,10,10
7685,55,betCent,10,0.6371417197452229,0,23,None,66,1,5,False,10,10
7686,56,betCent,10,0.6393312101910829,0,23,None,66,1,5,False,10,10
7687,57,betCent,10,0.6405254777070064,0,23,None,66,1,5,False,10,10
7688,58,betCent,10,0.6435111464968153,0,23,None,66,1,5,False,10,10
7689,59,betCent,10,0.6458996815286624,0,23,None,66,1,5,False,10,10
7690,55,betCent,10,0.605593152866242,0,28,None,66,1,5,False,10,10
7691,56,betCent,10,0.6081807324840764,0,28,None,66,1,5,False,10,10
7692,57,betCent,10,0.6091759554140127,0,28,None,66,1,5,False,10,10
7693,58,betCent,10,0.6105692675159236,0,28,None,66,1,5,False,10,10
7694,59,betCent,10,0.6121616242038217,0,28,None,66,1,5,False,10,10
7695,55,betCent,10,0.6278861464968153,0,0,None,66,1,5,False,10,10
7696,56,betCent,10,0.6326632165605095,0,0,None,66,1,5,False,10,10
7697,57,betCent,10,0.6366441082802548,0,0,None,66,1,5,False,10,10
7698,58,betCent,10,0.6397292993630573,0,0,None,66,1,5,False,10,10
7699,59,betCent,10,0.6442078025477707,0,0,None,66,1,5,False,10,10
7700,55,betCent,10,0.6068869426751592,0,3,None,66,1,5,False,10,10
7701,56,betCent,10,0.6109673566878981,0,3,None,66,1,5,False,10,10
7702,57,betCent,10,0.6155453821656051,0,3,None,66,1,5,False,10,10
7703,58,betCent,10,0.6192277070063694,0,3,None,66,1,5,False,10,10
7704,59,betCent,10,0.6233081210191083,0,3,None,66,1,5,False,10,10
7705,55,betCent,10,0.6143511146496815,0,14,None,66,1,5,False,10,10
7706,56,betCent,10,0.6168391719745223,0,14,None,66,1,5,False,10,10
7707,57,betCent,10,0.6196257961783439,0,14,None,66,1,5,False,10,10
7708,58,betCent,10,0.6234076433121019,0,14,None,66,1,5,False,10,10
7709,59,betCent,10,0.6265923566878981,0,14,None,66,1,5,False,10,10
7710,55,betCent,10,0.6460987261146497,0,9,None,66,1,5,False,10,10
7711,56,betCent,10,0.6480891719745223,0,9,None,66,1,5,False,10,10
7712,57,betCent,10,0.6517714968152867,0,9,None,66,1,5,False,10,10
7713,58,betCent,10,0.652468152866242,0,9,None,66,1,5,False,10,10
7714,59,betCent,10,0.6534633757961783,0,9,None,66,1,5,False,10,10
7715,55,betCent,10,0.6300756369426752,0,25,None,66,1,5,False,10,10
7716,56,betCent,10,0.6345541401273885,0,25,None,66,1,5,False,10,10
7717,57,betCent,10,0.6372412420382165,0,25,None,66,1,5,False,10,10
7718,58,betCent,10,0.6409235668789809,0,25,None,66,1,5,False,10,10
7719,59,betCent,10,0.6443073248407644,0,25,None,66,1,5,False,10,10
7720,55,betCent,10,0.6080812101910829,0,29,None,66,1,5,False,10,10
7721,56,betCent,10,0.6098726114649682,0,29,None,66,1,5,False,10,10
7722,57,betCent,10,0.6121616242038217,0,29,None,66,1,5,False,10,10
7723,58,betCent,10,0.6127587579617835,0,29,None,66,1,5,False,10,10
7724,59,betCent,10,0.6153463375796179,0,29,None,66,1,5,False,10,10
7725,55,betCent,10,0.607484076433121,0,18,None,66,1,5,False,10,10
7726,56,betCent,10,0.6099721337579618,0,18,None,66,1,5,False,10,10
7727,57,betCent,10,0.6124601910828026,0,18,None,66,1,5,False,10,10
7728,58,betCent,10,0.6148487261146497,0,18,None,66,1,5,False,10,10
7729,59,betCent,10,0.6169386942675159,0,18,None,66,1,5,False,10,10
7730,55,betCent,10,0.5367237261146497,0,31,None,66,1,5,False,10,10
7731,56,betCent,10,0.5393113057324841,0,31,None,66,1,5,False,10,10
7732,57,betCent,10,0.5417993630573248,0,31,None,66,1,5,False,10,10
7733,58,betCent,10,0.5458797770700637,0,31,None,66,1,5,False,10,10
7734,59,betCent,10,0.5496616242038217,0,31,None,66,1,5,False,10,10
7735,55,betCent,10,0.6142515923566879,0,27,None,66,1,5,False,10,10
7736,56,betCent,10,0.6145501592356688,0,27,None,66,1,5,False,10,10
7737,57,betCent,10,0.6159434713375797,0,27,None,66,1,5,False,10,10
7738,58,betCent,10,0.6167396496815286,0,27,None,66,1,5,False,10,10
7739,59,betCent,10,0.6181329617834395,0,27,None,66,1,5,False,10,10
7740,55,betCent,10,0.609375,0,7,None,66,1,5,False,10,10
7741,56,betCent,10,0.612062101910828,0,7,None,66,1,5,False,10,10
7742,57,betCent,10,0.6144506369426752,0,7,None,66,1,5,False,10,10
7743,58,betCent,10,0.6184315286624203,0,7,None,66,1,5,False,10,10
7744,59,betCent,10,0.620421974522293,0,7,None,66,1,5,False,10,10
7745,55,betCent,10,0.6067874203821656,0,4,None,66,1,5,False,10,10
7746,56,betCent,10,0.6088773885350318,0,4,None,66,1,5,False,10,10
7747,57,betCent,10,0.6111664012738853,0,4,None,66,1,5,False,10,10
7748,58,betCent,10,0.6133558917197452,0,4,None,66,1,5,False,10,10
7749,59,betCent,10,0.6156449044585988,0,4,None,66,1,5,False,10,10
7750,55,betCent,10,0.6689888535031847,0,32,None,66,1,5,False,10,10
7751,56,betCent,10,0.6688893312101911,0,32,None,66,1,5,False,10,10
7752,57,betCent,10,0.6712778662420382,0,32,None,66,1,5,False,10,10
7753,58,betCent,10,0.6716759554140127,0,32,None,66,1,5,False,10,10
7754,59,betCent,10,0.673765923566879,0,32,None,66,1,5,False,10,10
7755,60,betCent,10,0.5379179936305732,0,31,None,66,1,5,False,10,10
7756,61,betCent,10,0.5439888535031847,0,31,None,66,1,5,False,10,10
7757,62,betCent,10,0.5489649681528662,0,31,None,66,1,5,False,10,10
7758,63,betCent,10,0.5544386942675159,0,31,None,66,1,5,False,10,10
7759,64,betCent,10,0.5603105095541401,0,31,None,66,1,5,False,10,10
7760,60,betCent,10,0.6307722929936306,0,24,None,66,1,5,False,10,10
7761,61,betCent,10,0.6338574840764332,0,24,None,66,1,5,False,10,10
7762,62,betCent,10,0.6375398089171974,0,24,None,66,1,5,False,10,10
7763,63,betCent,10,0.6405254777070064,0,24,None,66,1,5,False,10,10
7764,64,betCent,10,0.6443073248407644,0,24,None,66,1,5,False,10,10
7765,60,betCent,10,0.6144506369426752,0,17,None,66,1,5,False,10,10
7766,61,betCent,10,0.6147492038216561,0,17,None,66,1,5,False,10,10
7767,62,betCent,10,0.6152468152866242,0,17,None,66,1,5,False,10,10
7768,63,betCent,10,0.6163415605095541,0,17,None,66,1,5,False,10,10
7769,64,betCent,10,0.6172372611464968,0,17,None,66,1,5,False,10,10
7770,60,betCent,10,0.6244028662420382,0,30,None,66,1,5,False,10,10
7771,61,betCent,10,0.6294785031847133,0,30,None,66,1,5,False,10,10
7772,62,betCent,10,0.6327627388535032,0,30,None,66,1,5,False,10,10
7773,63,betCent,10,0.6361464968152867,0,30,None,66,1,5,False,10,10
7774,64,betCent,10,0.6422173566878981,0,30,None,66,1,5,False,10,10
7775,60,betCent,10,0.5895700636942676,0,1,None,66,1,5,False,10,10
7776,61,betCent,10,0.5967356687898089,0,1,None,66,1,5,False,10,10
7777,62,betCent,10,0.601015127388535,0,1,None,66,1,5,False,10,10
7778,63,betCent,10,0.6041998407643312,0,1,None,66,1,5,False,10,10
7779,64,betCent,10,0.6075835987261147,0,1,None,66,1,5,False,10,10
7780,60,betCent,10,0.6325636942675159,0,2,None,66,1,5,False,10,10
7781,61,betCent,10,0.6356488853503185,0,2,None,66,1,5,False,10,10
7782,62,betCent,10,0.6381369426751592,0,2,None,66,1,5,False,10,10
7783,63,betCent,10,0.6424164012738853,0,2,None,66,1,5,False,10,10
7784,64,betCent,10,0.6463972929936306,0,2,None,66,1,5,False,10,10
7785,60,betCent,10,0.6109673566878981,0,5,None,66,1,5,False,10,10
7786,61,betCent,10,0.6115644904458599,0,5,None,66,1,5,False,10,10
7787,62,betCent,10,0.6123606687898089,0,5,None,66,1,5,False,10,10
7788,63,betCent,10,0.6127587579617835,0,5,None,66,1,5,False,10,10
7789,64,betCent,10,0.6133558917197452,0,5,None,66,1,5,False,10,10
7790,60,betCent,10,0.6238057324840764,0,21,None,66,1,5,False,10,10
7791,61,betCent,10,0.6283837579617835,0,21,None,66,1,5,False,10,10
7792,62,betCent,10,0.6344546178343949,0,21,None,66,1,5,False,10,10
7793,63,betCent,10,0.6385350318471338,0,21,None,66,1,5,False,10,10
7794,64,betCent,10,0.6434116242038217,0,21,None,66,1,5,False,10,10
7795,60,betCent,10,0.6549562101910829,0,9,None,66,1,5,False,10,10
7796,61,betCent,10,0.65734474522293,0,9,None,66,1,5,False,10,10
7797,62,betCent,10,0.6593351910828026,0,9,None,66,1,5,False,10,10
7798,63,betCent,10,0.660828025477707,0,9,None,66,1,5,False,10,10
7799,64,betCent,10,0.6633160828025477,0,9,None,66,1,5,False,10,10
7800,60,betCent,10,0.618531050955414,0,27,None,66,1,5,False,10,10
7801,61,betCent,10,0.6202229299363057,0,27,None,66,1,5,False,10,10
7802,62,betCent,10,0.6202229299363057,0,27,None,66,1,5,False,10,10
7803,63,betCent,10,0.6219148089171974,0,27,None,66,1,5,False,10,10
7804,64,betCent,10,0.623109076433121,0,27,None,66,1,5,False,10,10
7805,60,betCent,10,0.6132563694267515,0,28,None,66,1,5,False,10,10
7806,61,betCent,10,0.6148487261146497,0,28,None,66,1,5,False,10,10
7807,62,betCent,10,0.6155453821656051,0,28,None,66,1,5,False,10,10
7808,63,betCent,10,0.6169386942675159,0,28,None,66,1,5,False,10,10
7809,64,betCent,10,0.6174363057324841,0,28,None,66,1,5,False,10,10
7810,60,betCent,10,0.6153463375796179,0,29,None,66,1,5,False,10,10
7811,61,betCent,10,0.6157444267515924,0,29,None,66,1,5,False,10,10
7812,62,betCent,10,0.6183320063694268,0,29,None,66,1,5,False,10,10
7813,63,betCent,10,0.6219148089171974,0,29,None,66,1,5,False,10,10
7814,64,betCent,10,0.6242038216560509,0,29,None,66,1,5,False,10,10
7815,60,betCent,10,0.6757563694267515,0,32,None,66,1,5,False,10,10
7816,61,betCent,10,0.6762539808917197,0,32,None,66,1,5,False,10,10
7817,62,betCent,10,0.6779458598726115,0,32,None,66,1,5,False,10,10
7818,63,betCent,10,0.6784434713375797,0,32,None,66,1,5,False,10,10
7819,64,betCent,10,0.6804339171974523,0,32,None,66,1,5,False,10,10
7820,60,betCent,10,0.6195262738853503,0,18,None,66,1,5,False,10,10
7821,61,betCent,10,0.6215167197452229,0,18,None,66,1,5,False,10,10
7822,62,betCent,10,0.6246019108280255,0,18,None,66,1,5,False,10,10
7823,63,betCent,10,0.6264928343949044,0,18,None,66,1,5,False,10,10
7824,64,betCent,10,0.6289808917197452,0,18,None,66,1,5,False,10,10
7825,60,betCent,10,0.6329617834394905,0,19,None,66,1,5,False,10,10
7826,61,betCent,10,0.6357484076433121,0,19,None,66,1,5,False,10,10
7827,62,betCent,10,0.6358479299363057,0,19,None,66,1,5,False,10,10
7828,63,betCent,10,0.6376393312101911,0,19,None,66,1,5,False,10,10
7829,64,betCent,10,0.6391321656050956,0,19,None,66,1,5,False,10,10
7830,60,betCent,10,0.6411226114649682,0,20,None,66,1,5,False,10,10
7831,61,betCent,10,0.6435111464968153,0,20,None,66,1,5,False,10,10
7832,62,betCent,10,0.644406847133758,0,20,None,66,1,5,False,10,10
7833,63,betCent,10,0.6463972929936306,0,20,None,66,1,5,False,10,10
7834,64,betCent,10,0.6475915605095541,0,20,None,66,1,5,False,10,10
7835,60,betCent,10,0.6697850318471338,0,11,None,66,1,5,False,10,10
7836,61,betCent,10,0.6721735668789809,0,11,None,66,1,5,False,10,10
7837,62,betCent,10,0.6739649681528662,0,11,None,66,1,5,False,10,10
7838,63,betCent,10,0.6747611464968153,0,11,None,66,1,5,False,10,10
7839,64,betCent,10,0.6759554140127388,0,11,None,66,1,5,False,10,10
7840,60,betCent,10,0.6294785031847133,0,14,None,66,1,5,False,10,10
7841,61,betCent,10,0.631468949044586,0,14,None,66,1,5,False,10,10
7842,62,betCent,10,0.6335589171974523,0,14,None,66,1,5,False,10,10
7843,63,betCent,10,0.6362460191082803,0,14,None,66,1,5,False,10,10
7844,64,betCent,10,0.6385350318471338,0,14,None,66,1,5,False,10,10
7845,60,betCent,10,0.6315684713375797,0,22,None,66,1,5,False,10,10
7846,61,betCent,10,0.6338574840764332,0,22,None,66,1,5,False,10,10
7847,62,betCent,10,0.6363455414012739,0,22,None,66,1,5,False,10,10
7848,63,betCent,10,0.6380374203821656,0,22,None,66,1,5,False,10,10
7849,64,betCent,10,0.6421178343949044,0,22,None,66,1,5,False,10,10
7850,60,betCent,10,0.6453025477707006,0,0,None,66,1,5,False,10,10
7851,61,betCent,10,0.6483877388535032,0,0,None,66,1,5,False,10,10
7852,62,betCent,10,0.6518710191082803,0,0,None,66,1,5,False,10,10
7853,63,betCent,10,0.6550557324840764,0,0,None,66,1,5,False,10,10
7854,64,betCent,10,0.6574442675159236,0,0,None,66,1,5,False,10,10
7855,60,betCent,10,0.6192277070063694,0,4,None,66,1,5,False,10,10
7856,61,betCent,10,0.6220143312101911,0,4,None,66,1,5,False,10,10
7857,62,betCent,10,0.6237062101910829,0,4,None,66,1,5,False,10,10
7858,63,betCent,10,0.625,0,4,None,66,1,5,False,10,10
7859,64,betCent,10,0.6267914012738853,0,4,None,66,1,5,False,10,10
7860,60,betCent,10,0.647093949044586,0,23,None,66,1,5,False,10,10
7861,61,betCent,10,0.6498805732484076,0,23,None,66,1,5,False,10,10
7862,62,betCent,10,0.6507762738853503,0,23,None,66,1,5,False,10,10
7863,63,betCent,10,0.6528662420382165,0,23,None,66,1,5,False,10,10
7864,64,betCent,10,0.654359076433121,0,23,None,66,1,5,False,10,10
7865,60,betCent,10,0.6715764331210191,0,15,None,66,1,5,False,10,10
7866,61,betCent,10,0.6744625796178344,0,15,None,66,1,5,False,10,10
7867,62,betCent,10,0.6760549363057324,0,15,None,66,1,5,False,10,10
7868,63,betCent,10,0.6786425159235668,0,15,None,66,1,5,False,10,10
7869,64,betCent,10,0.6801353503184714,0,15,None,66,1,5,False,10,10
7870,60,betCent,10,0.6091759554140127,0,10,None,66,1,5,False,10,10
7871,61,betCent,10,0.6114649681528662,0,10,None,66,1,5,False,10,10
7872,62,betCent,10,0.613953025477707,0,10,None,66,1,5,False,10,10
7873,63,betCent,10,0.6161425159235668,0,10,None,66,1,5,False,10,10
7874,64,betCent,10,0.6182324840764332,0,10,None,66,1,5,False,10,10
7875,60,betCent,10,0.6254976114649682,0,7,None,66,1,5,False,10,10
7876,61,betCent,10,0.6280851910828026,0,7,None,66,1,5,False,10,10
7877,62,betCent,10,0.6305732484076433,0,7,None,66,1,5,False,10,10
7878,63,betCent,10,0.6328622611464968,0,7,None,66,1,5,False,10,10
7879,64,betCent,10,0.6348527070063694,0,7,None,66,1,5,False,10,10
7880,60,betCent,10,0.6043988853503185,0,16,None,66,1,5,False,10,10
7881,61,betCent,10,0.6034036624203821,0,16,None,66,1,5,False,10,10
7882,62,betCent,10,0.6046974522292994,0,16,None,66,1,5,False,10,10
7883,63,betCent,10,0.605593152866242,0,16,None,66,1,5,False,10,10
7884,64,betCent,10,0.605593152866242,0,16,None,66,1,5,False,10,10
7885,60,betCent,10,0.6234076433121019,0,8,None,66,1,5,False,10,10
7886,61,betCent,10,0.6243033439490446,0,8,None,66,1,5,False,10,10
7887,62,betCent,10,0.6254976114649682,0,8,None,66,1,5,False,10,10
7888,63,betCent,10,0.626890923566879,0,8,None,66,1,5,False,10,10
7889,64,betCent,10,0.6284832802547771,0,8,None,66,1,5,False,10,10
7890,60,betCent,10,0.62390525477707,0,3,None,66,1,5,False,10,10
7891,61,betCent,10,0.6292794585987261,0,3,None,66,1,5,False,10,10
7892,62,betCent,10,0.6330613057324841,0,3,None,66,1,5,False,10,10
7893,63,betCent,10,0.6367436305732485,0,3,None,66,1,5,False,10,10
7894,64,betCent,10,0.6404259554140127,0,3,None,66,1,5,False,10,10
7895,60,betCent,10,0.591859076433121,0,6,None,66,1,5,False,10,10
7896,61,betCent,10,0.5945461783439491,0,6,None,66,1,5,False,10,10
7897,62,betCent,10,0.5969347133757962,0,6,None,66,1,5,False,10,10
7898,63,betCent,10,0.5988256369426752,0,6,None,66,1,5,False,10,10
7899,64,betCent,10,0.6003184713375797,0,6,None,66,1,5,False,10,10
7900,60,betCent,10,0.6229100318471338,0,13,None,66,1,5,False,10,10
7901,61,betCent,10,0.6275875796178344,0,13,None,66,1,5,False,10,10
7902,62,betCent,10,0.6308718152866242,0,13,None,66,1,5,False,10,10
7903,63,betCent,10,0.6346536624203821,0,13,None,66,1,5,False,10,10
7904,64,betCent,10,0.63953025477707,0,13,None,66,1,5,False,10,10
7905,60,betCent,10,0.6557523885350318,0,12,None,66,1,5,False,10,10
7906,61,betCent,10,0.6585390127388535,0,12,None,66,1,5,False,10,10
7907,62,betCent,10,0.6620222929936306,0,12,None,66,1,5,False,10,10
7908,63,betCent,10,0.6642117834394905,0,12,None,66,1,5,False,10,10
7909,64,betCent,10,0.6670979299363057,0,12,None,66,1,5,False,10,10
7910,60,betCent,10,0.6403264331210191,0,25,None,66,1,5,False,10,10
7911,61,betCent,10,0.6459992038216561,0,25,None,66,1,5,False,10,10
7912,62,betCent,10,0.6482882165605095,0,25,None,66,1,5,False,10,10
7913,63,betCent,10,0.6504777070063694,0,25,None,66,1,5,False,10,10
7914,64,betCent,10,0.652468152866242,0,25,None,66,1,5,False,10,10
7915,60,betCent,10,0.6317675159235668,0,26,None,66,1,5,False,10,10
7916,61,betCent,10,0.6334593949044586,0,26,None,66,1,5,False,10,10
7917,62,betCent,10,0.6371417197452229,0,26,None,66,1,5,False,10,10
7918,63,betCent,10,0.6403264331210191,0,26,None,66,1,5,False,10,10
7919,64,betCent,10,0.6410230891719745,0,26,None,66,1,5,False,10,10
10065,65,betCent,10,0.6468949044585988,0,2,None,66,1,5,False,10,10
10066,66,betCent,10,0.6514729299363057,0,2,None,66,1,5,False,10,10
10067,67,betCent,10,0.6545581210191083,0,2,None,66,1,5,False,10,10
10068,68,betCent,10,0.6597332802547771,0,2,None,66,1,5,False,10,10
10069,69,betCent,10,0.6621218152866242,0,2,None,66,1,5,False,10,10
10070,65,betCent,10,0.6149482484076433,0,5,None,66,1,5,False,10,10
10071,66,betCent,10,0.6149482484076433,0,5,None,66,1,5,False,10,10
10072,67,betCent,10,0.6169386942675159,0,5,None,66,1,5,False,10,10
10073,68,betCent,10,0.6171377388535032,0,5,None,66,1,5,False,10,10
10074,69,betCent,10,0.6184315286624203,0,5,None,66,1,5,False,10,10
10075,65,betCent,10,0.6423168789808917,0,13,None,66,1,5,False,10,10
10076,66,betCent,10,0.6479896496815286,0,13,None,66,1,5,False,10,10
10077,67,betCent,10,0.6512738853503185,0,13,None,66,1,5,False,10,10
10078,68,betCent,10,0.654359076433121,0,13,None,66,1,5,False,10,10
10079,69,betCent,10,0.65734474522293,0,13,None,66,1,5,False,10,10
10080,65,betCent,10,0.6799363057324841,0,15,None,66,1,5,False,10,10
10081,66,betCent,10,0.6819267515923567,0,15,None,66,1,5,False,10,10
10082,67,betCent,10,0.6841162420382165,0,15,None,66,1,5,False,10,10
10083,68,betCent,10,0.6858081210191083,0,15,None,66,1,5,False,10,10
10084,69,betCent,10,0.6877985668789809,0,15,None,66,1,5,False,10,10
10085,65,betCent,10,0.6111664012738853,0,16,None,66,1,5,False,10,10
10086,66,betCent,10,0.6126592356687898,0,16,None,66,1,5,False,10,10
10087,67,betCent,10,0.6149482484076433,0,16,None,66,1,5,False,10,10
10088,68,betCent,10,0.6168391719745223,0,16,None,66,1,5,False,10,10
10089,69,betCent,10,0.6172372611464968,0,16,None,66,1,5,False,10,10
10090,65,betCent,10,0.6779458598726115,0,11,None,66,1,5,False,10,10
10091,66,betCent,10,0.6787420382165605,0,11,None,66,1,5,False,10,10
10092,67,betCent,10,0.6801353503184714,0,11,None,66,1,5,False,10,10
10093,68,betCent,10,0.6834195859872612,0,11,None,66,1,5,False,10,10
10094,69,betCent,10,0.6851114649681529,0,11,None,66,1,5,False,10,10
10095,65,betCent,10,0.638734076433121,0,14,None,66,1,5,False,10,10
10096,66,betCent,10,0.6405254777070064,0,14,None,66,1,5,False,10,10
10097,67,betCent,10,0.6427149681528662,0,14,None,66,1,5,False,10,10
10098,68,betCent,10,0.6439092356687898,0,14,None,66,1,5,False,10,10
10099,69,betCent,10,0.6457006369426752,0,14,None,66,1,5,False,10,10
10100,65,betCent,10,0.6226114649681529,0,17,None,66,1,5,False,10,10
10101,66,betCent,10,0.6213176751592356,0,17,None,66,1,5,False,10,10
10102,67,betCent,10,0.6210191082802548,0,17,None,66,1,5,False,10,10
10103,68,betCent,10,0.6216162420382165,0,17,None,66,1,5,False,10,10
10104,69,betCent,10,0.6215167197452229,0,17,None,66,1,5,False,10,10
10105,65,betCent,10,0.6471934713375797,0,21,None,66,1,5,False,10,10
10106,66,betCent,10,0.6509753184713376,0,21,None,66,1,5,False,10,10
10107,67,betCent,10,0.6550557324840764,0,21,None,66,1,5,False,10,10
10108,68,betCent,10,0.6580414012738853,0,21,None,66,1,5,False,10,10
10109,69,betCent,10,0.6613256369426752,0,21,None,66,1,5,False,10,10
10110,65,betCent,10,0.6520700636942676,0,25,None,66,1,5,False,10,10
10111,66,betCent,10,0.6545581210191083,0,25,None,66,1,5,False,10,10
10112,67,betCent,10,0.6567476114649682,0,25,None,66,1,5,False,10,10
10113,68,betCent,10,0.6585390127388535,0,25,None,66,1,5,False,10,10
10114,69,betCent,10,0.6622213375796179,0,25,None,66,1,5,False,10,10
10115,65,betCent,10,0.6428144904458599,0,26,None,66,1,5,False,10,10
10116,66,betCent,10,0.6455015923566879,0,26,None,66,1,5,False,10,10
10117,67,betCent,10,0.6477906050955414,0,26,None,66,1,5,False,10,10
10118,68,betCent,10,0.6494824840764332,0,26,None,66,1,5,False,10,10
10119,69,betCent,10,0.6513734076433121,0,26,None,66,1,5,False,10,10
10120,65,betCent,10,0.6683917197452229,0,12,None,66,1,5,False,10,10
10121,66,betCent,10,0.6712778662420382,0,12,None,66,1,5,False,10,10
10122,67,betCent,10,0.6742635350318471,0,12,None,66,1,5,False,10,10
10123,68,betCent,10,0.675656847133758,0,12,None,66,1,5,False,10,10
10124,69,betCent,10,0.6789410828025477,0,12,None,66,1,5,False,10,10
10125,65,betCent,10,0.6410230891719745,0,24,None,66,1,5,False,10,10
10126,66,betCent,10,0.646297770700637,0,24,None,66,1,5,False,10,10
10127,67,betCent,10,0.6501791401273885,0,24,None,66,1,5,False,10,10
10128,68,betCent,10,0.65515525477707,0,24,None,66,1,5,False,10,10
10129,69,betCent,10,0.6569466560509554,0,24,None,66,1,5,False,10,10
10130,65,betCent,10,0.6205214968152867,0,28,None,66,1,5,False,10,10
10131,66,betCent,10,0.6216162420382165,0,28,None,66,1,5,False,10,10
10132,67,betCent,10,0.6227109872611465,0,28,None,66,1,5,False,10,10
10133,68,betCent,10,0.6227109872611465,0,28,None,66,1,5,False,10,10
10134,69,betCent,10,0.6233081210191083,0,28,None,66,1,5,False,10,10
10135,65,betCent,10,0.6639132165605095,0,9,None,66,1,5,False,10,10
10136,66,betCent,10,0.6663017515923567,0,9,None,66,1,5,False,10,10
10137,67,betCent,10,0.6686902866242038,0,9,None,66,1,5,False,10,10
10138,68,betCent,10,0.669984076433121,0,9,None,66,1,5,False,10,10
10139,69,betCent,10,0.6722730891719745,0,9,None,66,1,5,False,10,10
10140,65,betCent,10,0.6242038216560509,0,29,None,66,1,5,False,10,10
10141,66,betCent,10,0.6274880573248408,0,29,None,66,1,5,False,10,10
10142,67,betCent,10,0.628781847133758,0,29,None,66,1,5,False,10,10
10143,68,betCent,10,0.6315684713375797,0,29,None,66,1,5,False,10,10
10144,69,betCent,10,0.6335589171974523,0,29,None,66,1,5,False,10,10
10145,65,betCent,10,0.6394307324840764,0,30,None,66,1,5,False,10,10
10146,66,betCent,10,0.6448049363057324,0,30,None,66,1,5,False,10,10
10147,67,betCent,10,0.6500796178343949,0,30,None,66,1,5,False,10,10
10148,68,betCent,10,0.6533638535031847,0,30,None,66,1,5,False,10,10
10149,69,betCent,10,0.6552547770700637,0,30,None,66,1,5,False,10,10
10150,65,betCent,10,0.6254976114649682,0,27,None,66,1,5,False,10,10
10151,66,betCent,10,0.6261942675159236,0,27,None,66,1,5,False,10,10
10152,67,betCent,10,0.6289808917197452,0,27,None,66,1,5,False,10,10
10153,68,betCent,10,0.6301751592356688,0,27,None,66,1,5,False,10,10
10154,69,betCent,10,0.6312699044585988,0,27,None,66,1,5,False,10,10
10155,65,betCent,10,0.6396297770700637,0,7,None,66,1,5,False,10,10
10156,66,betCent,10,0.64171974522293,0,7,None,66,1,5,False,10,10
10157,67,betCent,10,0.6438097133757962,0,7,None,66,1,5,False,10,10
10158,68,betCent,10,0.6468949044585988,0,7,None,66,1,5,False,10,10
10159,69,betCent,10,0.6500796178343949,0,7,None,66,1,5,False,10,10
10160,65,betCent,10,0.6140525477707006,0,1,None,66,1,5,False,10,10
10161,66,betCent,10,0.6159434713375797,0,1,None,66,1,5,False,10,10
10162,67,betCent,10,0.618531050955414,0,1,None,66,1,5,False,10,10
10163,68,betCent,10,0.6221138535031847,0,1,None,66,1,5,False,10,10
10164,69,betCent,10,0.6259952229299363,0,1,None,66,1,5,False,10,10
10165,65,betCent,10,0.6025079617834395,0,6,None,66,1,5,False,10,10
10166,66,betCent,10,0.6038017515923567,0,6,None,66,1,5,False,10,10
10167,67,betCent,10,0.6054936305732485,0,6,None,66,1,5,False,10,10
10168,68,betCent,10,0.6064888535031847,0,6,None,66,1,5,False,10,10
10169,69,betCent,10,0.6081807324840764,0,6,None,66,1,5,False,10,10
10170,65,betCent,10,0.6597332802547771,0,0,None,66,1,5,False,10,10
10171,66,betCent,10,0.661922770700637,0,0,None,66,1,5,False,10,10
10172,67,betCent,10,0.6638136942675159,0,0,None,66,1,5,False,10,10
10173,68,betCent,10,0.6665007961783439,0,0,None,66,1,5,False,10,10
10174,69,betCent,10,0.6686902866242038,0,0,None,66,1,5,False,10,10
10175,65,betCent,10,0.615843949044586,0,10,None,66,1,5,False,10,10
10176,66,betCent,10,0.6188296178343949,0,10,None,66,1,5,False,10,10
10177,67,betCent,10,0.6210191082802548,0,10,None,66,1,5,False,10,10
10178,68,betCent,10,0.62390525477707,0,10,None,66,1,5,False,10,10
10179,69,betCent,10,0.626890923566879,0,10,None,66,1,5,False,10,10
10180,65,betCent,10,0.647093949044586,0,22,None,66,1,5,False,10,10
10181,66,betCent,10,0.6487858280254777,0,22,None,66,1,5,False,10,10
10182,67,betCent,10,0.6507762738853503,0,22,None,66,1,5,False,10,10
10183,68,betCent,10,0.6529657643312102,0,22,None,66,1,5,False,10,10
10184,69,betCent,10,0.6569466560509554,0,22,None,66,1,5,False,10,10
10185,65,betCent,10,0.6541600318471338,0,23,None,66,1,5,False,10,10
10186,66,betCent,10,0.6554538216560509,0,23,None,66,1,5,False,10,10
10187,67,betCent,10,0.6576433121019108,0,23,None,66,1,5,False,10,10
10188,68,betCent,10,0.6596337579617835,0,23,None,66,1,5,False,10,10
10189,69,betCent,10,0.6624203821656051,0,23,None,66,1,5,False,10,10
10190,65,betCent,10,0.6828224522292994,0,32,None,66,1,5,False,10,10
10191,66,betCent,10,0.683718152866242,0,32,None,66,1,5,False,10,10
10192,67,betCent,10,0.6846138535031847,0,32,None,66,1,5,False,10,10
10193,68,betCent,10,0.6870023885350318,0,32,None,66,1,5,False,10,10
10194,69,betCent,10,0.6886942675159236,0,32,None,66,1,5,False,10,10
10195,65,betCent,10,0.6498805732484076,0,20,None,66,1,5,False,10,10
10196,66,betCent,10,0.6506767515923567,0,20,None,66,1,5,False,10,10
10197,67,betCent,10,0.6538614649681529,0,20,None,66,1,5,False,10,10
10198,68,betCent,10,0.6559514331210191,0,20,None,66,1,5,False,10,10
10199,69,betCent,10,0.6570461783439491,0,20,None,66,1,5,False,10,10
10200,65,betCent,10,0.6340565286624203,0,4,None,66,1,5,False,10,10
10201,66,betCent,10,0.6369426751592356,0,4,None,66,1,5,False,10,10
10202,67,betCent,10,0.6388335987261147,0,4,None,66,1,5,False,10,10
10203,68,betCent,10,0.6416202229299363,0,4,None,66,1,5,False,10,10
10204,69,betCent,10,0.6434116242038217,0,4,None,66,1,5,False,10,10
10205,65,betCent,10,0.6374402866242038,0,8,None,66,1,5,False,10,10
10206,66,betCent,10,0.6380374203821656,0,8,None,66,1,5,False,10,10
10207,67,betCent,10,0.6388335987261147,0,8,None,66,1,5,False,10,10
10208,68,betCent,10,0.6399283439490446,0,8,None,66,1,5,False,10,10
10209,69,betCent,10,0.6407245222929936,0,8,None,66,1,5,False,10,10
10210,65,betCent,10,0.6419187898089171,0,3,None,66,1,5,False,10,10
10211,66,betCent,10,0.6451035031847133,0,3,None,66,1,5,False,10,10
10212,67,betCent,10,0.6477906050955414,0,3,None,66,1,5,False,10,10
10213,68,betCent,10,0.6509753184713376,0,3,None,66,1,5,False,10,10
10214,69,betCent,10,0.6538614649681529,0,3,None,66,1,5,False,10,10
10215,65,betCent,10,0.6435111464968153,0,19,None,66,1,5,False,10,10
10216,66,betCent,10,0.6450039808917197,0,19,None,66,1,5,False,10,10
10217,67,betCent,10,0.6476910828025477,0,19,None,66,1,5,False,10,10
10218,68,betCent,10,0.6488853503184714,0,19,None,66,1,5,False,10,10
10219,69,betCent,10,0.6494824840764332,0,19,None,66,1,5,False,10,10
10220,65,betCent,10,0.6307722929936306,0,18,None,66,1,5,False,10,10
10221,66,betCent,10,0.634156050955414,0,18,None,66,1,5,False,10,10
10222,67,betCent,10,0.6363455414012739,0,18,None,66,1,5,False,10,10
10223,68,betCent,10,0.6386345541401274,0,18,None,66,1,5,False,10,10
10224,69,betCent,10,0.6411226114649682,0,18,None,66,1,5,False,10,10
10225,65,betCent,10,0.5448845541401274,0,31,None,66,1,5,False,10,10
10226,66,betCent,10,0.5528463375796179,0,31,None,66,1,5,False,10,10
10227,67,betCent,10,0.5600119426751592,0,31,None,66,1,5,False,10,10
10228,68,betCent,10,0.568968949044586,0,31,None,66,1,5,False,10,10
10229,69,betCent,10,0.5775278662420382,0,31,None,66,1,5,False,10,10
10230,70,betCent,10,0.6303742038216561,0,1,None,66,1,5,False,10,10
10231,71,betCent,10,0.6332603503184714,0,1,None,66,1,5,False,10,10
10232,72,betCent,10,0.6351512738853503,0,1,None,66,1,5,False,10,10
10233,73,betCent,10,0.6381369426751592,0,1,None,66,1,5,False,10,10
10234,74,betCent,10,0.6405254777070064,0,1,None,66,1,5,False,10,10
10235,70,betCent,10,0.6643113057324841,0,2,None,66,1,5,False,10,10
10236,71,betCent,10,0.6670979299363057,0,2,None,66,1,5,False,10,10
10237,72,betCent,10,0.6694864649681529,0,2,None,66,1,5,False,10,10
10238,73,betCent,10,0.6713773885350318,0,2,None,66,1,5,False,10,10
10239,74,betCent,10,0.6749601910828026,0,2,None,66,1,5,False,10,10
10240,70,betCent,10,0.6628184713375797,0,23,None,66,1,5,False,10,10
10241,71,betCent,10,0.6655055732484076,0,23,None,66,1,5,False,10,10
10242,72,betCent,10,0.6679936305732485,0,23,None,66,1,5,False,10,10
10243,73,betCent,10,0.6714769108280255,0,23,None,66,1,5,False,10,10
10244,74,betCent,10,0.6746616242038217,0,23,None,66,1,5,False,10,10
10245,70,betCent,10,0.6607285031847133,0,22,None,66,1,5,False,10,10
10246,71,betCent,10,0.6626194267515924,0,22,None,66,1,5,False,10,10
10247,72,betCent,10,0.6650079617834395,0,22,None,66,1,5,False,10,10
10248,73,betCent,10,0.6666998407643312,0,22,None,66,1,5,False,10,10
10249,74,betCent,10,0.6695859872611465,0,22,None,66,1,5,False,10,10
10250,70,betCent,10,0.620421974522293,0,5,None,66,1,5,False,10,10
10251,71,betCent,10,0.6214171974522293,0,5,None,66,1,5,False,10,10
10252,72,betCent,10,0.622312898089172,0,5,None,66,1,5,False,10,10
10253,73,betCent,10,0.6243033439490446,0,5,None,66,1,5,False,10,10
10254,74,betCent,10,0.6247014331210191,0,5,None,66,1,5,False,10,10
10255,70,betCent,10,0.6487858280254777,0,14,None,66,1,5,False,10,10
10256,71,betCent,10,0.6488853503184714,0,14,None,66,1,5,False,10,10
10257,72,betCent,10,0.6515724522292994,0,14,None,66,1,5,False,10,10
10258,73,betCent,10,0.6542595541401274,0,14,None,66,1,5,False,10,10
10259,74,betCent,10,0.65625,0,14,None,66,1,5,False,10,10
10260,70,betCent,10,0.6725716560509554,0,9,None,66,1,5,False,10,10
10261,71,betCent,10,0.6751592356687898,0,9,None,66,1,5,False,10,10
10262,72,betCent,10,0.6769506369426752,0,9,None,66,1,5,False,10,10
10263,73,betCent,10,0.6789410828025477,0,9,None,66,1,5,False,10,10
10264,74,betCent,10,0.6820262738853503,0,9,None,66,1,5,False,10,10
10265,70,betCent,10,0.6327627388535032,0,29,None,66,1,5,False,10,10
10266,71,betCent,10,0.6347531847133758,0,29,None,66,1,5,False,10,10
10267,72,betCent,10,0.6381369426751592,0,29,None,66,1,5,False,10,10
10268,73,betCent,10,0.6414211783439491,0,29,None,66,1,5,False,10,10
10269,74,betCent,10,0.6437101910828026,0,29,None,66,1,5,False,10,10
10270,70,betCent,10,0.6777468152866242,0,12,None,66,1,5,False,10,10
10271,71,betCent,10,0.6795382165605095,0,12,None,66,1,5,False,10,10
10272,72,betCent,10,0.6833200636942676,0,12,None,66,1,5,False,10,10
10273,73,betCent,10,0.6851114649681529,0,12,None,66,1,5,False,10,10
10274,74,betCent,10,0.6874004777070064,0,12,None,66,1,5,False,10,10
10275,70,betCent,10,0.658140923566879,0,13,None,66,1,5,False,10,10
10276,71,betCent,10,0.6606289808917197,0,13,None,66,1,5,False,10,10
10277,72,betCent,10,0.6642117834394905,0,13,None,66,1,5,False,10,10
10278,73,betCent,10,0.6665007961783439,0,13,None,66,1,5,False,10,10
10279,74,betCent,10,0.6692874203821656,0,13,None,66,1,5,False,10,10
10280,70,betCent,10,0.6088773885350318,0,6,None,66,1,5,False,10,10
10281,71,betCent,10,0.6105692675159236,0,6,None,66,1,5,False,10,10
10282,72,betCent,10,0.6129578025477707,0,6,None,66,1,5,False,10,10
10283,73,betCent,10,0.615843949044586,0,6,None,66,1,5,False,10,10
10284,74,betCent,10,0.6184315286624203,0,6,None,66,1,5,False,10,10
10285,70,betCent,10,0.664609872611465,0,25,None,66,1,5,False,10,10
10286,71,betCent,10,0.6675955414012739,0,25,None,66,1,5,False,10,10
10287,72,betCent,10,0.6688893312101911,0,25,None,66,1,5,False,10,10
10288,73,betCent,10,0.6714769108280255,0,25,None,66,1,5,False,10,10
10289,74,betCent,10,0.6728702229299363,0,25,None,66,1,5,False,10,10
10290,70,betCent,10,0.6541600318471338,0,26,None,66,1,5,False,10,10
10291,71,betCent,10,0.6550557324840764,0,26,None,66,1,5,False,10,10
10292,72,betCent,10,0.6571457006369427,0,26,None,66,1,5,False,10,10
10293,73,betCent,10,0.6597332802547771,0,26,None,66,1,5,False,10,10
10294,74,betCent,10,0.6609275477707006,0,26,None,66,1,5,False,10,10
10295,70,betCent,10,0.6579418789808917,0,20,None,66,1,5,False,10,10
10296,71,betCent,10,0.6591361464968153,0,20,None,66,1,5,False,10,10
10297,72,betCent,10,0.6611265923566879,0,20,None,66,1,5,False,10,10
10298,73,betCent,10,0.6628184713375797,0,20,None,66,1,5,False,10,10
10299,74,betCent,10,0.6647093949044586,0,20,None,66,1,5,False,10,10
10300,70,betCent,10,0.6279856687898089,0,28,None,66,1,5,False,10,10
10301,71,betCent,10,0.6285828025477707,0,28,None,66,1,5,False,10,10
10302,72,betCent,10,0.6282842356687898,0,28,None,66,1,5,False,10,10
10303,73,betCent,10,0.6284832802547771,0,28,None,66,1,5,False,10,10
10304,74,betCent,10,0.6293789808917197,0,28,None,66,1,5,False,10,10
10305,70,betCent,10,0.6518710191082803,0,19,None,66,1,5,False,10,10
10306,71,betCent,10,0.654359076433121,0,19,None,66,1,5,False,10,10
10307,72,betCent,10,0.6566480891719745,0,19,None,66,1,5,False,10,10
10308,73,betCent,10,0.6590366242038217,0,19,None,66,1,5,False,10,10
10309,74,betCent,10,0.6606289808917197,0,19,None,66,1,5,False,10,10
10310,70,betCent,10,0.6631170382165605,0,21,None,66,1,5,False,10,10
10311,71,betCent,10,0.6661027070063694,0,21,None,66,1,5,False,10,10
10312,72,betCent,10,0.67078025477707,0,21,None,66,1,5,False,10,10
10313,73,betCent,10,0.6719745222929936,0,21,None,66,1,5,False,10,10
10314,74,betCent,10,0.6743630573248408,0,21,None,66,1,5,False,10,10
10315,70,betCent,10,0.6432125796178344,0,18,None,66,1,5,False,10,10
10316,71,betCent,10,0.6459992038216561,0,18,None,66,1,5,False,10,10
10317,72,betCent,10,0.6477906050955414,0,18,None,66,1,5,False,10,10
10318,73,betCent,10,0.6499800955414012,0,18,None,66,1,5,False,10,10
10319,74,betCent,10,0.6530652866242038,0,18,None,66,1,5,False,10,10
10320,70,betCent,10,0.6338574840764332,0,27,None,66,1,5,False,10,10
10321,71,betCent,10,0.634156050955414,0,27,None,66,1,5,False,10,10
10322,72,betCent,10,0.6354498407643312,0,27,None,66,1,5,False,10,10
10323,73,betCent,10,0.6375398089171974,0,27,None,66,1,5,False,10,10
10324,74,betCent,10,0.6396297770700637,0,27,None,66,1,5,False,10,10
10325,70,betCent,10,0.6558519108280255,0,30,None,66,1,5,False,10,10
10326,71,betCent,10,0.6587380573248408,0,30,None,66,1,5,False,10,10
10327,72,betCent,10,0.662718949044586,0,30,None,66,1,5,False,10,10
10328,73,betCent,10,0.6669984076433121,0,30,None,66,1,5,False,10,10
10329,74,betCent,10,0.6705812101910829,0,30,None,66,1,5,False,10,10
10330,70,betCent,10,0.5547372611464968,0,31,None,66,1,5,False,10,10
10331,71,betCent,10,0.5679737261146497,0,31,None,66,1,5,False,10,10
10332,72,betCent,10,0.5780254777070064,0,31,None,66,1,5,False,10,10
10333,73,betCent,10,0.5868829617834395,0,31,None,66,1,5,False,10,10
10334,74,betCent,10,0.5947452229299363,0,31,None,66,1,5,False,10,10
10335,70,betCent,10,0.6692874203821656,0,0,None,66,1,5,False,10,10
10336,71,betCent,10,0.671875,0,0,None,66,1,5,False,10,10
10337,72,betCent,10,0.6744625796178344,0,0,None,66,1,5,False,10,10
10338,73,betCent,10,0.6776472929936306,0,0,None,66,1,5,False,10,10
10339,74,betCent,10,0.6789410828025477,0,0,None,66,1,5,False,10,10
10340,70,betCent,10,0.6458001592356688,0,8,None,66,1,5,False,10,10
10341,71,betCent,10,0.6454020700636943,0,8,None,66,1,5,False,10,10
10342,72,betCent,10,0.6458996815286624,0,8,None,66,1,5,False,10,10
10343,73,betCent,10,0.6461982484076433,0,8,None,66,1,5,False,10,10
10344,74,betCent,10,0.6477906050955414,0,8,None,66,1,5,False,10,10
10345,70,betCent,10,0.6211186305732485,0,16,None,66,1,5,False,10,10
10346,71,betCent,10,0.6229100318471338,0,16,None,66,1,5,False,10,10
10347,72,betCent,10,0.6238057324840764,0,16,None,66,1,5,False,10,10
10348,73,betCent,10,0.6248009554140127,0,16,None,66,1,5,False,10,10
10349,74,betCent,10,0.6256966560509554,0,16,None,66,1,5,False,10,10
10350,70,betCent,10,0.6534633757961783,0,7,None,66,1,5,False,10,10
10351,71,betCent,10,0.6567476114649682,0,7,None,66,1,5,False,10,10
10352,72,betCent,10,0.6592356687898089,0,7,None,66,1,5,False,10,10
10353,73,betCent,10,0.6625199044585988,0,7,None,66,1,5,False,10,10
10354,74,betCent,10,0.664609872611465,0,7,None,66,1,5,False,10,10
10355,70,betCent,10,0.6467953821656051,0,4,None,66,1,5,False,10,10
10356,71,betCent,10,0.6490843949044586,0,4,None,66,1,5,False,10,10
10357,72,betCent,10,0.6509753184713376,0,4,None,66,1,5,False,10,10
10358,73,betCent,10,0.6531648089171974,0,4,None,66,1,5,False,10,10
10359,74,betCent,10,0.65515525477707,0,4,None,66,1,5,False,10,10
10360,70,betCent,10,0.6900875796178344,0,32,None,66,1,5,False,10,10
10361,71,betCent,10,0.6906847133757962,0,32,None,66,1,5,False,10,10
10362,72,betCent,10,0.693172770700637,0,32,None,66,1,5,False,10,10
10363,73,betCent,10,0.6944665605095541,0,32,None,66,1,5,False,10,10
10364,74,betCent,10,0.6957603503184714,0,32,None,66,1,5,False,10,10
10365,70,betCent,10,0.6263933121019108,0,10,None,66,1,5,False,10,10
10366,71,betCent,10,0.6294785031847133,0,10,None,66,1,5,False,10,10
10367,72,betCent,10,0.6336584394904459,0,10,None,66,1,5,False,10,10
10368,73,betCent,10,0.6373407643312102,0,10,None,66,1,5,False,10,10
10369,74,betCent,10,0.6415207006369427,0,10,None,66,1,5,False,10,10
10370,70,betCent,10,0.6875995222929936,0,15,None,66,1,5,False,10,10
10371,71,betCent,10,0.6898885350318471,0,15,None,66,1,5,False,10,10
10372,72,betCent,10,0.6910828025477707,0,15,None,66,1,5,False,10,10
10373,73,betCent,10,0.6940684713375797,0,15,None,66,1,5,False,10,10
10374,74,betCent,10,0.6955613057324841,0,15,None,66,1,5,False,10,10
10375,70,betCent,10,0.683718152866242,0,11,None,66,1,5,False,10,10
10376,71,betCent,10,0.6858081210191083,0,11,None,66,1,5,False,10,10
10377,72,betCent,10,0.6888933121019108,0,11,None,66,1,5,False,10,10
10378,73,betCent,10,0.6907842356687898,0,11,None,66,1,5,False,10,10
10379,74,betCent,10,0.6926751592356688,0,11,None,66,1,5,False,10,10
10380,70,betCent,10,0.6545581210191083,0,3,None,66,1,5,False,10,10
10381,71,betCent,10,0.6569466560509554,0,3,None,66,1,5,False,10,10
10382,72,betCent,10,0.6609275477707006,0,3,None,66,1,5,False,10,10
10383,73,betCent,10,0.6621218152866242,0,3,None,66,1,5,False,10,10
10384,74,betCent,10,0.6638136942675159,0,3,None,66,1,5,False,10,10
10385,70,betCent,10,0.6270899681528662,0,17,None,66,1,5,False,10,10
10386,71,betCent,10,0.6269904458598726,0,17,None,66,1,5,False,10,10
10387,72,betCent,10,0.6265923566878981,0,17,None,66,1,5,False,10,10
10388,73,betCent,10,0.6266918789808917,0,17,None,66,1,5,False,10,10
10389,74,betCent,10,0.626890923566879,0,17,None,66,1,5,False,10,10
10390,70,betCent,10,0.65734474522293,0,24,None,66,1,5,False,10,10
10391,71,betCent,10,0.6598328025477707,0,24,None,66,1,5,False,10,10
10392,72,betCent,10,0.6623208598726115,0,24,None,66,1,5,False,10,10
10393,73,betCent,10,0.6651074840764332,0,24,None,66,1,5,False,10,10
10394,74,betCent,10,0.6683917197452229,0,24,None,66,1,5,False,10,10
12870,75,betCent,10,0.6440087579617835,0,1,None,66,1,5,False,10,10
12871,76,betCent,10,0.646297770700637,0,1,None,66,1,5,False,10,10
12872,77,betCent,10,0.6488853503184714,0,1,None,66,1,5,False,10,10
12873,78,betCent,10,0.6511743630573248,0,1,None,66,1,5,False,10,10
12874,79,betCent,10,0.6518710191082803,0,1,None,66,1,5,False,10,10
12875,75,betCent,10,0.6749601910828026,0,2,None,66,1,5,False,10,10
12876,76,betCent,10,0.677547770700637,0,2,None,66,1,5,False,10,10
12877,77,betCent,10,0.6816281847133758,0,2,None,66,1,5,False,10,10
12878,78,betCent,10,0.6853105095541401,0,2,None,66,1,5,False,10,10
12879,79,betCent,10,0.6872014331210191,0,2,None,66,1,5,False,10,10
12880,75,betCent,10,0.6274880573248408,0,5,None,66,1,5,False,10,10
12881,76,betCent,10,0.6286823248407644,0,5,None,66,1,5,False,10,10
12882,77,betCent,10,0.6291799363057324,0,5,None,66,1,5,False,10,10
12883,78,betCent,10,0.6303742038216561,0,5,None,66,1,5,False,10,10
12884,79,betCent,10,0.6318670382165605,0,5,None,66,1,5,False,10,10
12885,75,betCent,10,0.6703821656050956,0,13,None,66,1,5,False,10,10
12886,76,betCent,10,0.6731687898089171,0,13,None,66,1,5,False,10,10
12887,77,betCent,10,0.6755573248407644,0,13,None,66,1,5,False,10,10
12888,78,betCent,10,0.6777468152866242,0,13,None,66,1,5,False,10,10
12889,79,betCent,10,0.6805334394904459,0,13,None,66,1,5,False,10,10
12890,75,betCent,10,0.6311703821656051,0,16,None,66,1,5,False,10,10
12891,76,betCent,10,0.6313694267515924,0,16,None,66,1,5,False,10,10
12892,77,betCent,10,0.632265127388535,0,16,None,66,1,5,False,10,10
12893,78,betCent,10,0.6335589171974523,0,16,None,66,1,5,False,10,10
12894,79,betCent,10,0.6355493630573248,0,16,None,66,1,5,False,10,10
12895,75,betCent,10,0.6519705414012739,0,8,None,66,1,5,False,10,10
12896,76,betCent,10,0.6537619426751592,0,8,None,66,1,5,False,10,10
12897,77,betCent,10,0.6546576433121019,0,8,None,66,1,5,False,10,10
12898,78,betCent,10,0.6552547770700637,0,8,None,66,1,5,False,10,10
12899,79,betCent,10,0.6558519108280255,0,8,None,66,1,5,False,10,10
12900,75,betCent,10,0.6640127388535032,0,20,None,66,1,5,False,10,10
12901,76,betCent,10,0.6659036624203821,0,20,None,66,1,5,False,10,10
12902,77,betCent,10,0.6693869426751592,0,20,None,66,1,5,False,10,10
12903,78,betCent,10,0.6714769108280255,0,20,None,66,1,5,False,10,10
12904,79,betCent,10,0.6732683121019108,0,20,None,66,1,5,False,10,10
12905,75,betCent,10,0.6602308917197452,0,19,None,66,1,5,False,10,10
12906,76,betCent,10,0.6623208598726115,0,19,None,66,1,5,False,10,10
12907,77,betCent,10,0.6649084394904459,0,19,None,66,1,5,False,10,10
12908,78,betCent,10,0.6666003184713376,0,19,None,66,1,5,False,10,10
12909,79,betCent,10,0.6675955414012739,0,19,None,66,1,5,False,10,10
12910,75,betCent,10,0.6731687898089171,0,22,None,66,1,5,False,10,10
12911,76,betCent,10,0.6750597133757962,0,22,None,66,1,5,False,10,10
12912,77,betCent,10,0.6774482484076433,0,22,None,66,1,5,False,10,10
12913,78,betCent,10,0.6786425159235668,0,22,None,66,1,5,False,10,10
12914,79,betCent,10,0.6809315286624203,0,22,None,66,1,5,False,10,10
12915,75,betCent,10,0.6583399681528662,0,14,None,66,1,5,False,10,10
12916,76,betCent,10,0.6605294585987261,0,14,None,66,1,5,False,10,10
12917,77,betCent,10,0.6622213375796179,0,14,None,66,1,5,False,10,10
12918,78,betCent,10,0.6639132165605095,0,14,None,66,1,5,False,10,10
12919,79,betCent,10,0.6665007961783439,0,14,None,66,1,5,False,10,10
12920,75,betCent,10,0.6767515923566879,0,23,None,66,1,5,False,10,10
12921,76,betCent,10,0.6782444267515924,0,23,None,66,1,5,False,10,10
12922,77,betCent,10,0.6811305732484076,0,23,None,66,1,5,False,10,10
12923,78,betCent,10,0.6840167197452229,0,23,None,66,1,5,False,10,10
12924,79,betCent,10,0.6862062101910829,0,23,None,66,1,5,False,10,10
12925,75,betCent,10,0.6758558917197452,0,21,None,66,1,5,False,10,10
12926,76,betCent,10,0.678343949044586,0,21,None,66,1,5,False,10,10
12927,77,betCent,10,0.6805334394904459,0,21,None,66,1,5,False,10,10
12928,78,betCent,10,0.6831210191082803,0,21,None,66,1,5,False,10,10
12929,79,betCent,10,0.6843152866242038,0,21,None,66,1,5,False,10,10
12930,75,betCent,10,0.6700835987261147,0,25,None,66,1,5,False,10,10
12931,76,betCent,10,0.6722730891719745,0,25,None,66,1,5,False,10,10
12932,77,betCent,10,0.6734673566878981,0,25,None,66,1,5,False,10,10
12933,78,betCent,10,0.6750597133757962,0,25,None,66,1,5,False,10,10
12934,79,betCent,10,0.6780453821656051,0,25,None,66,1,5,False,10,10
12935,75,betCent,10,0.6613256369426752,0,26,None,66,1,5,False,10,10
12936,76,betCent,10,0.6633160828025477,0,26,None,66,1,5,False,10,10
12937,77,betCent,10,0.6659036624203821,0,26,None,66,1,5,False,10,10
12938,78,betCent,10,0.667296974522293,0,26,None,66,1,5,False,10,10
12939,79,betCent,10,0.6685907643312102,0,26,None,66,1,5,False,10,10
12940,75,betCent,10,0.6881966560509554,0,12,None,66,1,5,False,10,10
12941,76,betCent,10,0.6900875796178344,0,12,None,66,1,5,False,10,10
12942,77,betCent,10,0.6917794585987261,0,12,None,66,1,5,False,10,10
12943,78,betCent,10,0.6933718152866242,0,12,None,66,1,5,False,10,10
12944,79,betCent,10,0.6962579617834395,0,12,None,66,1,5,False,10,10
12945,75,betCent,10,0.6348527070063694,0,28,None,66,1,5,False,10,10
12946,76,betCent,10,0.6356488853503185,0,28,None,66,1,5,False,10,10
12947,77,betCent,10,0.6366441082802548,0,28,None,66,1,5,False,10,10
12948,78,betCent,10,0.6376393312101911,0,28,None,66,1,5,False,10,10
12949,79,betCent,10,0.638734076433121,0,28,None,66,1,5,False,10,10
12950,75,betCent,10,0.6824243630573248,0,9,None,66,1,5,False,10,10
12951,76,betCent,10,0.6851114649681529,0,9,None,66,1,5,False,10,10
12952,77,betCent,10,0.6872014331210191,0,9,None,66,1,5,False,10,10
12953,78,betCent,10,0.6882961783439491,0,9,None,66,1,5,False,10,10
12954,79,betCent,10,0.6897890127388535,0,9,None,66,1,5,False,10,10
12955,75,betCent,10,0.6414211783439491,0,29,None,66,1,5,False,10,10
12956,76,betCent,10,0.6447054140127388,0,29,None,66,1,5,False,10,10
12957,77,betCent,10,0.6473925159235668,0,29,None,66,1,5,False,10,10
12958,78,betCent,10,0.6493829617834395,0,29,None,66,1,5,False,10,10
12959,79,betCent,10,0.6521695859872612,0,29,None,66,1,5,False,10,10
12960,75,betCent,10,0.6830214968152867,0,0,None,66,1,5,False,10,10
12961,76,betCent,10,0.6840167197452229,0,0,None,66,1,5,False,10,10
12962,77,betCent,10,0.6849124203821656,0,0,None,66,1,5,False,10,10
12963,78,betCent,10,0.6868033439490446,0,0,None,66,1,5,False,10,10
12964,79,betCent,10,0.6892914012738853,0,0,None,66,1,5,False,10,10
12965,75,betCent,10,0.6197253184713376,0,6,None,66,1,5,False,10,10
12966,76,betCent,10,0.6214171974522293,0,6,None,66,1,5,False,10,10
12967,77,betCent,10,0.6237062101910829,0,6,None,66,1,5,False,10,10
12968,78,betCent,10,0.6256966560509554,0,6,None,66,1,5,False,10,10
12969,79,betCent,10,0.6275875796178344,0,6,None,66,1,5,False,10,10
12970,75,betCent,10,0.6413216560509554,0,27,None,66,1,5,False,10,10
12971,76,betCent,10,0.6423168789808917,0,27,None,66,1,5,False,10,10
12972,77,betCent,10,0.644406847133758,0,27,None,66,1,5,False,10,10
12973,78,betCent,10,0.6455015923566879,0,27,None,66,1,5,False,10,10
12974,79,betCent,10,0.6477906050955414,0,27,None,66,1,5,False,10,10
12975,75,betCent,10,0.6709792993630573,0,30,None,66,1,5,False,10,10
12976,76,betCent,10,0.6755573248407644,0,30,None,66,1,5,False,10,10
12977,77,betCent,10,0.6780453821656051,0,30,None,66,1,5,False,10,10
12978,78,betCent,10,0.6812300955414012,0,30,None,66,1,5,False,10,10
12979,79,betCent,10,0.682921974522293,0,30,None,66,1,5,False,10,10
12980,75,betCent,10,0.5683718152866242,0,31,None,66,1,5,False,10,10
12981,76,betCent,10,0.5807125796178344,0,31,None,66,1,5,False,10,10
12982,77,betCent,10,0.5912619426751592,0,31,None,66,1,5,False,10,10
12983,78,betCent,10,0.6006170382165605,0,31,None,66,1,5,False,10,10
12984,79,betCent,10,0.6087778662420382,0,31,None,66,1,5,False,10,10
12985,75,betCent,10,0.6555533439490446,0,18,None,66,1,5,False,10,10
12986,76,betCent,10,0.6577428343949044,0,18,None,66,1,5,False,10,10
12987,77,betCent,10,0.6596337579617835,0,18,None,66,1,5,False,10,10
12988,78,betCent,10,0.6614251592356688,0,18,None,66,1,5,False,10,10
12989,79,betCent,10,0.664609872611465,0,18,None,66,1,5,False,10,10
12990,75,betCent,10,0.6639132165605095,0,7,None,66,1,5,False,10,10
12991,76,betCent,10,0.6666003184713376,0,7,None,66,1,5,False,10,10
12992,77,betCent,10,0.6700835987261147,0,7,None,66,1,5,False,10,10
12993,78,betCent,10,0.6725716560509554,0,7,None,66,1,5,False,10,10
12994,79,betCent,10,0.6746616242038217,0,7,None,66,1,5,False,10,10
12995,75,betCent,10,0.6596337579617835,0,4,None,66,1,5,False,10,10
12996,76,betCent,10,0.6616242038216561,0,4,None,66,1,5,False,10,10
12997,77,betCent,10,0.6642117834394905,0,4,None,66,1,5,False,10,10
12998,78,betCent,10,0.6663017515923567,0,4,None,66,1,5,False,10,10
12999,79,betCent,10,0.6685907643312102,0,4,None,66,1,5,False,10,10
13000,75,betCent,10,0.6981488853503185,0,32,None,66,1,5,False,10,10
13001,76,betCent,10,0.6995421974522293,0,32,None,66,1,5,False,10,10
13002,77,betCent,10,0.7015326433121019,0,32,None,66,1,5,False,10,10
13003,78,betCent,10,0.7028264331210191,0,32,None,66,1,5,False,10,10
13004,79,betCent,10,0.7040207006369427,0,32,None,66,1,5,False,10,10
13005,75,betCent,10,0.6393312101910829,0,10,None,66,1,5,False,10,10
13006,76,betCent,10,0.6446058917197452,0,10,None,66,1,5,False,10,10
13007,77,betCent,10,0.650577229299363,0,10,None,66,1,5,False,10,10
13008,78,betCent,10,0.6565485668789809,0,10,None,66,1,5,False,10,10
13009,79,betCent,10,0.6604299363057324,0,10,None,66,1,5,False,10,10
13010,75,betCent,10,0.6954617834394905,0,15,None,66,1,5,False,10,10
13011,76,betCent,10,0.6976512738853503,0,15,None,66,1,5,False,10,10
13012,77,betCent,10,0.6984474522292994,0,15,None,66,1,5,False,10,10
13013,78,betCent,10,0.7011345541401274,0,15,None,66,1,5,False,10,10
13014,79,betCent,10,0.7030254777070064,0,15,None,66,1,5,False,10,10
13015,75,betCent,10,0.6913813694267515,0,11,None,66,1,5,False,10,10
13016,76,betCent,10,0.6923765923566879,0,11,None,66,1,5,False,10,10
13017,77,betCent,10,0.6953622611464968,0,11,None,66,1,5,False,10,10
13018,78,betCent,10,0.6980493630573248,0,11,None,66,1,5,False,10,10
13019,79,betCent,10,0.6990445859872612,0,11,None,66,1,5,False,10,10
13020,75,betCent,10,0.6652070063694268,0,3,None,66,1,5,False,10,10
13021,76,betCent,10,0.6673964968152867,0,3,None,66,1,5,False,10,10
13022,77,betCent,10,0.6693869426751592,0,3,None,66,1,5,False,10,10
13023,78,betCent,10,0.6722730891719745,0,3,None,66,1,5,False,10,10
13024,79,betCent,10,0.6735668789808917,0,3,None,66,1,5,False,10,10
13025,75,betCent,10,0.6339570063694268,0,17,None,66,1,5,False,10,10
13026,76,betCent,10,0.6336584394904459,0,17,None,66,1,5,False,10,10
13027,77,betCent,10,0.6337579617834395,0,17,None,66,1,5,False,10,10
13028,78,betCent,10,0.6344546178343949,0,17,None,66,1,5,False,10,10
13029,79,betCent,10,0.6340565286624203,0,17,None,66,1,5,False,10,10
13030,75,betCent,10,0.6649084394904459,0,24,None,66,1,5,False,10,10
13031,76,betCent,10,0.6674960191082803,0,24,None,66,1,5,False,10,10
13032,77,betCent,10,0.6706807324840764,0,24,None,66,1,5,False,10,10
13033,78,betCent,10,0.6754578025477707,0,24,None,66,1,5,False,10,10
13034,79,betCent,10,0.6782444267515924,0,24,None,66,1,5,False,10,10
13035,80,betCent,10,0.6549562101910829,0,1,None,66,1,5,False,10,10
13036,81,betCent,10,0.6575437898089171,0,1,None,66,1,5,False,10,10
13037,82,betCent,10,0.6592356687898089,0,1,None,66,1,5,False,10,10
13038,83,betCent,10,0.6607285031847133,0,1,None,66,1,5,False,10,10
13039,84,betCent,10,0.6634156050955414,0,1,None,66,1,5,False,10,10
13040,80,betCent,10,0.68640525477707,0,2,None,66,1,5,False,10,10
13041,81,betCent,10,0.691281847133758,0,2,None,66,1,5,False,10,10
13042,82,betCent,10,0.6932722929936306,0,2,None,66,1,5,False,10,10
13043,83,betCent,10,0.6962579617834395,0,2,None,66,1,5,False,10,10
13044,84,betCent,10,0.6990445859872612,0,2,None,66,1,5,False,10,10
13045,80,betCent,10,0.6874004777070064,0,23,None,66,1,5,False,10,10
13046,81,betCent,10,0.6896894904458599,0,23,None,66,1,5,False,10,10
13047,82,betCent,10,0.693172770700637,0,23,None,66,1,5,False,10,10
13048,83,betCent,10,0.6970541401273885,0,23,None,66,1,5,False,10,10
13049,84,betCent,10,0.6994426751592356,0,23,None,66,1,5,False,10,10
13050,80,betCent,10,0.6839171974522293,0,22,None,66,1,5,False,10,10
13051,81,betCent,10,0.6857085987261147,0,22,None,66,1,5,False,10,10
13052,82,betCent,10,0.6877985668789809,0,22,None,66,1,5,False,10,10
13053,83,betCent,10,0.6895899681528662,0,22,None,66,1,5,False,10,10
13054,84,betCent,10,0.6922770700636943,0,22,None,66,1,5,False,10,10
13055,80,betCent,10,0.6338574840764332,0,5,None,66,1,5,False,10,10
13056,81,betCent,10,0.6347531847133758,0,5,None,66,1,5,False,10,10
13057,82,betCent,10,0.636843152866242,0,5,None,66,1,5,False,10,10
13058,83,betCent,10,0.6383359872611465,0,5,None,66,1,5,False,10,10
13059,84,betCent,10,0.63953025477707,0,5,None,66,1,5,False,10,10
13060,80,betCent,10,0.640625,0,16,None,66,1,5,False,10,10
13061,81,betCent,10,0.6424164012738853,0,16,None,66,1,5,False,10,10
13062,82,betCent,10,0.6441082802547771,0,16,None,66,1,5,False,10,10
13063,83,betCent,10,0.6455015923566879,0,16,None,66,1,5,False,10,10
13064,84,betCent,10,0.6476910828025477,0,16,None,66,1,5,False,10,10
13065,80,betCent,10,0.7037221337579618,0,32,None,66,1,5,False,10,10
13066,81,betCent,10,0.7052149681528662,0,32,None,66,1,5,False,10,10
13067,82,betCent,10,0.7064092356687898,0,32,None,66,1,5,False,10,10
13068,83,betCent,10,0.7078025477707006,0,32,None,66,1,5,False,10,10
13069,84,betCent,10,0.709593949044586,0,32,None,66,1,5,False,10,10
13070,80,betCent,10,0.6740644904458599,0,7,None,66,1,5,False,10,10
13071,81,betCent,10,0.6759554140127388,0,7,None,66,1,5,False,10,10
13072,82,betCent,10,0.6787420382165605,0,7,None,66,1,5,False,10,10
13073,83,betCent,10,0.6819267515923567,0,7,None,66,1,5,False,10,10
13074,84,betCent,10,0.6854100318471338,0,7,None,66,1,5,False,10,10
13075,80,betCent,10,0.6694864649681529,0,14,None,66,1,5,False,10,10
13076,81,betCent,10,0.6720740445859873,0,14,None,66,1,5,False,10,10
13077,82,betCent,10,0.6734673566878981,0,14,None,66,1,5,False,10,10
13078,83,betCent,10,0.6747611464968153,0,14,None,66,1,5,False,10,10
13079,84,betCent,10,0.6768511146496815,0,14,None,66,1,5,False,10,10
13080,80,betCent,10,0.6809315286624203,0,25,None,66,1,5,False,10,10
13081,81,betCent,10,0.6822253184713376,0,25,None,66,1,5,False,10,10
13082,82,betCent,10,0.6842157643312102,0,25,None,66,1,5,False,10,10
13083,83,betCent,10,0.6868033439490446,0,25,None,66,1,5,False,10,10
13084,84,betCent,10,0.68859474522293,0,25,None,66,1,5,False,10,10
13085,80,betCent,10,0.6713773885350318,0,26,None,66,1,5,False,10,10
13086,81,betCent,10,0.6726711783439491,0,26,None,66,1,5,False,10,10
13087,82,betCent,10,0.6738654458598726,0,26,None,66,1,5,False,10,10
13088,83,betCent,10,0.6762539808917197,0,26,None,66,1,5,False,10,10
13089,84,betCent,10,0.6779458598726115,0,26,None,66,1,5,False,10,10
13090,80,betCent,10,0.6262937898089171,0,6,None,66,1,5,False,10,10
13091,81,betCent,10,0.6273885350318471,0,6,None,66,1,5,False,10,10
13092,82,betCent,10,0.6292794585987261,0,6,None,66,1,5,False,10,10
13093,83,betCent,10,0.6305732484076433,0,6,None,66,1,5,False,10,10
13094,84,betCent,10,0.6328622611464968,0,6,None,66,1,5,False,10,10
13095,80,betCent,10,0.6582404458598726,0,10,None,66,1,5,False,10,10
13096,81,betCent,10,0.6634156050955414,0,10,None,66,1,5,False,10,10
13097,82,betCent,10,0.668093152866242,0,10,None,66,1,5,False,10,10
13098,83,betCent,10,0.671875,0,10,None,66,1,5,False,10,10
13099,84,betCent,10,0.676453025477707,0,10,None,66,1,5,False,10,10
13100,80,betCent,10,0.7011345541401274,0,15,None,66,1,5,False,10,10
13101,81,betCent,10,0.7024283439490446,0,15,None,66,1,5,False,10,10
13102,82,betCent,10,0.7041202229299363,0,15,None,66,1,5,False,10,10
13103,83,betCent,10,0.7059116242038217,0,15,None,66,1,5,False,10,10
13104,84,betCent,10,0.7089968152866242,0,15,None,66,1,5,False,10,10
13105,80,betCent,10,0.6983479299363057,0,11,None,66,1,5,False,10,10
13106,81,betCent,10,0.7003383757961783,0,11,None,66,1,5,False,10,10
13107,82,betCent,10,0.7023288216560509,0,11,None,66,1,5,False,10,10
13108,83,betCent,10,0.7039211783439491,0,11,None,66,1,5,False,10,10
13109,84,betCent,10,0.7052149681528662,0,11,None,66,1,5,False,10,10
13110,80,betCent,10,0.6652070063694268,0,18,None,66,1,5,False,10,10
13111,81,betCent,10,0.6673964968152867,0,18,None,66,1,5,False,10,10
13112,82,betCent,10,0.6686902866242038,0,18,None,66,1,5,False,10,10
13113,83,betCent,10,0.6723726114649682,0,18,None,66,1,5,False,10,10
13114,84,betCent,10,0.6744625796178344,0,18,None,66,1,5,False,10,10
13115,80,betCent,10,0.6603304140127388,0,8,None,66,1,5,False,10,10
13116,81,betCent,10,0.6612261146496815,0,8,None,66,1,5,False,10,10
13117,82,betCent,10,0.6615246815286624,0,8,None,66,1,5,False,10,10
13118,83,betCent,10,0.6624203821656051,0,8,None,66,1,5,False,10,10
13119,84,betCent,10,0.663515127388535,0,8,None,66,1,5,False,10,10
13120,80,betCent,10,0.6721735668789809,0,20,None,66,1,5,False,10,10
13121,81,betCent,10,0.6736664012738853,0,20,None,66,1,5,False,10,10
13122,82,betCent,10,0.6760549363057324,0,20,None,66,1,5,False,10,10
13123,83,betCent,10,0.6787420382165605,0,20,None,66,1,5,False,10,10
13124,84,betCent,10,0.6816281847133758,0,20,None,66,1,5,False,10,10
13125,80,betCent,10,0.6721735668789809,0,4,None,66,1,5,False,10,10
13126,81,betCent,10,0.6743630573248408,0,4,None,66,1,5,False,10,10
13127,82,betCent,10,0.6747611464968153,0,4,None,66,1,5,False,10,10
13128,83,betCent,10,0.6762539808917197,0,4,None,66,1,5,False,10,10
13129,84,betCent,10,0.6777468152866242,0,4,None,66,1,5,False,10,10
13130,80,betCent,10,0.644406847133758,0,28,None,66,1,5,False,10,10
13131,81,betCent,10,0.645203025477707,0,28,None,66,1,5,False,10,10
13132,82,betCent,10,0.6456011146496815,0,28,None,66,1,5,False,10,10
13133,83,betCent,10,0.6472929936305732,0,28,None,66,1,5,False,10,10
13134,84,betCent,10,0.6490843949044586,0,28,None,66,1,5,False,10,10
13135,80,betCent,10,0.6753582802547771,0,3,None,66,1,5,False,10,10
13136,81,betCent,10,0.6767515923566879,0,3,None,66,1,5,False,10,10
13137,82,betCent,10,0.677547770700637,0,3,None,66,1,5,False,10,10
13138,83,betCent,10,0.6793391719745223,0,3,None,66,1,5,False,10,10
13139,84,betCent,10,0.6798367834394905,0,3,None,66,1,5,False,10,10
13140,80,betCent,10,0.6381369426751592,0,17,None,66,1,5,False,10,10
13141,81,betCent,10,0.6378383757961783,0,17,None,66,1,5,False,10,10
13142,82,betCent,10,0.6378383757961783,0,17,None,66,1,5,False,10,10
13143,83,betCent,10,0.6381369426751592,0,17,None,66,1,5,False,10,10
13144,84,betCent,10,0.6397292993630573,0,17,None,66,1,5,False,10,10
13145,80,betCent,10,0.6862062101910829,0,21,None,66,1,5,False,10,10
13146,81,betCent,10,0.6873009554140127,0,21,None,66,1,5,False,10,10
13147,82,betCent,10,0.6904856687898089,0,21,None,66,1,5,False,10,10
13148,83,betCent,10,0.6921775477707006,0,21,None,66,1,5,False,10,10
13149,84,betCent,10,0.694765127388535,0,21,None,66,1,5,False,10,10
13150,80,betCent,10,0.6664012738853503,0,19,None,66,1,5,False,10,10
13151,81,betCent,10,0.6696855095541401,0,19,None,66,1,5,False,10,10
13152,82,betCent,10,0.6720740445859873,0,19,None,66,1,5,False,10,10
13153,83,betCent,10,0.6731687898089171,0,19,None,66,1,5,False,10,10
13154,84,betCent,10,0.6763535031847133,0,19,None,66,1,5,False,10,10
13155,80,betCent,10,0.6781449044585988,0,24,None,66,1,5,False,10,10
13156,81,betCent,10,0.6826234076433121,0,24,None,66,1,5,False,10,10
13157,82,betCent,10,0.68640525477707,0,24,None,66,1,5,False,10,10
13158,83,betCent,10,0.6879976114649682,0,24,None,66,1,5,False,10,10
13159,84,betCent,10,0.6900875796178344,0,24,None,66,1,5,False,10,10
13160,80,betCent,10,0.6472929936305732,0,27,None,66,1,5,False,10,10
13161,81,betCent,10,0.6485867834394905,0,27,None,66,1,5,False,10,10
13162,82,betCent,10,0.6518710191082803,0,27,None,66,1,5,False,10,10
13163,83,betCent,10,0.6532643312101911,0,27,None,66,1,5,False,10,10
13164,84,betCent,10,0.6549562101910829,0,27,None,66,1,5,False,10,10
13165,80,betCent,10,0.6827229299363057,0,30,None,66,1,5,False,10,10
13166,81,betCent,10,0.6839171974522293,0,30,None,66,1,5,False,10,10
13167,82,betCent,10,0.6866042993630573,0,30,None,66,1,5,False,10,10
13168,83,betCent,10,0.6896894904458599,0,30,None,66,1,5,False,10,10
13169,84,betCent,10,0.6915804140127388,0,30,None,66,1,5,False,10,10
13170,80,betCent,10,0.5825039808917197,0,31,None,66,1,5,False,10,10
13171,81,betCent,10,0.5961385350318471,0,31,None,66,1,5,False,10,10
13172,82,betCent,10,0.6060907643312102,0,31,None,66,1,5,False,10,10
13173,83,betCent,10,0.6157444267515924,0,31,None,66,1,5,False,10,10
13174,84,betCent,10,0.6243033439490446,0,31,None,66,1,5,False,10,10
13175,80,betCent,10,0.691281847133758,0,9,None,66,1,5,False,10,10
13176,81,betCent,10,0.6936703821656051,0,9,None,66,1,5,False,10,10
13177,82,betCent,10,0.6953622611464968,0,9,None,66,1,5,False,10,10
13178,83,betCent,10,0.6980493630573248,0,9,None,66,1,5,False,10,10
13179,84,betCent,10,0.6996417197452229,0,9,None,66,1,5,False,10,10
13180,80,betCent,10,0.6485867834394905,0,29,None,66,1,5,False,10,10
13181,81,betCent,10,0.6518710191082803,0,29,None,66,1,5,False,10,10
13182,82,betCent,10,0.6544585987261147,0,29,None,66,1,5,False,10,10
13183,83,betCent,10,0.6578423566878981,0,29,None,66,1,5,False,10,10
13184,84,betCent,10,0.6601313694267515,0,29,None,66,1,5,False,10,10
13185,80,betCent,10,0.6903861464968153,0,0,None,66,1,5,False,10,10
13186,81,betCent,10,0.6923765923566879,0,0,None,66,1,5,False,10,10
13187,82,betCent,10,0.6941679936305732,0,0,None,66,1,5,False,10,10
13188,83,betCent,10,0.6964570063694268,0,0,None,66,1,5,False,10,10
13189,84,betCent,10,0.6982484076433121,0,0,None,66,1,5,False,10,10
13190,80,betCent,10,0.6949641719745223,0,12,None,66,1,5,False,10,10
13191,81,betCent,10,0.6973527070063694,0,12,None,66,1,5,False,10,10
13192,82,betCent,10,0.7003383757961783,0,12,None,66,1,5,False,10,10
13193,83,betCent,10,0.7028264331210191,0,12,None,66,1,5,False,10,10
13194,84,betCent,10,0.7045183121019108,0,12,None,66,1,5,False,10,10
13195,80,betCent,10,0.6836186305732485,0,13,None,66,1,5,False,10,10
13196,81,betCent,10,0.684812898089172,0,13,None,66,1,5,False,10,10
13197,82,betCent,10,0.6863057324840764,0,13,None,66,1,5,False,10,10
13198,83,betCent,10,0.6873009554140127,0,13,None,66,1,5,False,10,10
13199,84,betCent,10,0.6908837579617835,0,13,None,66,1,5,False,10,10
16005,85,betCent,10,0.6670979299363057,0,1,None,66,1,5,False,10,10
16006,86,betCent,10,0.6686902866242038,0,1,None,66,1,5,False,10,10
16007,87,betCent,10,0.6719745222929936,0,1,None,66,1,5,False,10,10
16008,88,betCent,10,0.67296974522293,0,1,None,66,1,5,False,10,10
16009,89,betCent,10,0.673765923566879,0,1,None,66,1,5,False,10,10
16010,85,betCent,10,0.6979498407643312,0,2,None,66,1,5,False,10,10
16011,86,betCent,10,0.7001393312101911,0,2,None,66,1,5,False,10,10
16012,87,betCent,10,0.7021297770700637,0,2,None,66,1,5,False,10,10
16013,88,betCent,10,0.7055135350318471,0,2,None,66,1,5,False,10,10
16014,89,betCent,10,0.7083996815286624,0,2,None,66,1,5,False,10,10
16015,85,betCent,10,0.6415207006369427,0,5,None,66,1,5,False,10,10
16016,86,betCent,10,0.6418192675159236,0,5,None,66,1,5,False,10,10
16017,87,betCent,10,0.6438097133757962,0,5,None,66,1,5,False,10,10
16018,88,betCent,10,0.6445063694267515,0,5,None,66,1,5,False,10,10
16019,89,betCent,10,0.6450039808917197,0,5,None,66,1,5,False,10,10
16020,85,betCent,10,0.6733678343949044,0,10,None,66,1,5,False,10,10
16021,86,betCent,10,0.6782444267515924,0,10,None,66,1,5,False,10,10
16022,87,betCent,10,0.6830214968152867,0,10,None,66,1,5,False,10,10
16023,88,betCent,10,0.6863057324840764,0,10,None,66,1,5,False,10,10
16024,89,betCent,10,0.6897890127388535,0,10,None,66,1,5,False,10,10
16025,85,betCent,10,0.7055135350318471,0,15,None,66,1,5,False,10,10
16026,86,betCent,10,0.7081011146496815,0,15,None,66,1,5,False,10,10
16027,87,betCent,10,0.7102906050955414,0,15,None,66,1,5,False,10,10
16028,88,betCent,10,0.7124800955414012,0,15,None,66,1,5,False,10,10
16029,89,betCent,10,0.7138734076433121,0,15,None,66,1,5,False,10,10
16030,85,betCent,10,0.6528662420382165,0,16,None,66,1,5,False,10,10
16031,86,betCent,10,0.654359076433121,0,16,None,66,1,5,False,10,10
16032,87,betCent,10,0.65515525477707,0,16,None,66,1,5,False,10,10
16033,88,betCent,10,0.6566480891719745,0,16,None,66,1,5,False,10,10
16034,89,betCent,10,0.6577428343949044,0,16,None,66,1,5,False,10,10
16035,85,betCent,10,0.7054140127388535,0,11,None,66,1,5,False,10,10
16036,86,betCent,10,0.705812101910828,0,11,None,66,1,5,False,10,10
16037,87,betCent,10,0.7086982484076433,0,11,None,66,1,5,False,10,10
16038,88,betCent,10,0.7116839171974523,0,11,None,66,1,5,False,10,10
16039,89,betCent,10,0.713077229299363,0,11,None,66,1,5,False,10,10
16040,85,betCent,10,0.6822253184713376,0,20,None,66,1,5,False,10,10
16041,86,betCent,10,0.6828224522292994,0,20,None,66,1,5,False,10,10
16042,87,betCent,10,0.6842157643312102,0,20,None,66,1,5,False,10,10
16043,88,betCent,10,0.6859076433121019,0,20,None,66,1,5,False,10,10
16044,89,betCent,10,0.6878980891719745,0,20,None,66,1,5,False,10,10
16045,85,betCent,10,0.6932722929936306,0,22,None,66,1,5,False,10,10
16046,86,betCent,10,0.6967555732484076,0,22,None,66,1,5,False,10,10
16047,87,betCent,10,0.6986464968152867,0,22,None,66,1,5,False,10,10
16048,88,betCent,10,0.6996417197452229,0,22,None,66,1,5,False,10,10
16049,89,betCent,10,0.7009355095541401,0,22,None,66,1,5,False,10,10
16050,85,betCent,10,0.6789410828025477,0,14,None,66,1,5,False,10,10
16051,86,betCent,10,0.6816281847133758,0,14,None,66,1,5,False,10,10
16052,87,betCent,10,0.6842157643312102,0,14,None,66,1,5,False,10,10
16053,88,betCent,10,0.685609076433121,0,14,None,66,1,5,False,10,10
16054,89,betCent,10,0.6871019108280255,0,14,None,66,1,5,False,10,10
16055,85,betCent,10,0.6995421974522293,0,23,None,66,1,5,False,10,10
16056,86,betCent,10,0.7022292993630573,0,23,None,66,1,5,False,10,10
16057,87,betCent,10,0.7047173566878981,0,23,None,66,1,5,False,10,10
16058,88,betCent,10,0.707703025477707,0,23,None,66,1,5,False,10,10
16059,89,betCent,10,0.7107882165605095,0,23,None,66,1,5,False,10,10
16060,85,betCent,10,0.6448049363057324,0,17,None,66,1,5,False,10,10
16061,86,betCent,10,0.6447054140127388,0,17,None,66,1,5,False,10,10
16062,87,betCent,10,0.6453025477707006,0,17,None,66,1,5,False,10,10
16063,88,betCent,10,0.6458996815286624,0,17,None,66,1,5,False,10,10
16064,89,betCent,10,0.6467953821656051,0,17,None,66,1,5,False,10,10
16065,85,betCent,10,0.6555533439490446,0,28,None,66,1,5,False,10,10
16066,86,betCent,10,0.6565485668789809,0,28,None,66,1,5,False,10,10
16067,87,betCent,10,0.658140923566879,0,28,None,66,1,5,False,10,10
16068,88,betCent,10,0.6592356687898089,0,28,None,66,1,5,False,10,10
16069,89,betCent,10,0.6607285031847133,0,28,None,66,1,5,False,10,10
16070,85,betCent,10,0.6921775477707006,0,24,None,66,1,5,False,10,10
16071,86,betCent,10,0.6944665605095541,0,24,None,66,1,5,False,10,10
16072,87,betCent,10,0.6978503184713376,0,24,None,66,1,5,False,10,10
16073,88,betCent,10,0.7000398089171974,0,24,None,66,1,5,False,10,10
16074,89,betCent,10,0.7018312101910829,0,24,None,66,1,5,False,10,10
16075,85,betCent,10,0.6986464968152867,0,0,None,66,1,5,False,10,10
16076,86,betCent,10,0.7014331210191083,0,0,None,66,1,5,False,10,10
16077,87,betCent,10,0.7041202229299363,0,0,None,66,1,5,False,10,10
16078,88,betCent,10,0.7064092356687898,0,0,None,66,1,5,False,10,10
16079,89,betCent,10,0.7074044585987261,0,0,None,66,1,5,False,10,10
16080,85,betCent,10,0.7005374203821656,0,9,None,66,1,5,False,10,10
16081,86,betCent,10,0.7017316878980892,0,9,None,66,1,5,False,10,10
16082,87,betCent,10,0.7041202229299363,0,9,None,66,1,5,False,10,10
16083,88,betCent,10,0.7062101910828026,0,9,None,66,1,5,False,10,10
16084,89,betCent,10,0.7078025477707006,0,9,None,66,1,5,False,10,10
16085,85,betCent,10,0.6583399681528662,0,29,None,66,1,5,False,10,10
16086,86,betCent,10,0.6624203821656051,0,29,None,66,1,5,False,10,10
16087,87,betCent,10,0.6655055732484076,0,29,None,66,1,5,False,10,10
16088,88,betCent,10,0.669187898089172,0,29,None,66,1,5,False,10,10
16089,89,betCent,10,0.67078025477707,0,29,None,66,1,5,False,10,10
16090,85,betCent,10,0.6930732484076433,0,30,None,66,1,5,False,10,10
16091,86,betCent,10,0.6955613057324841,0,30,None,66,1,5,False,10,10
16092,87,betCent,10,0.6981488853503185,0,30,None,66,1,5,False,10,10
16093,88,betCent,10,0.7018312101910829,0,30,None,66,1,5,False,10,10
16094,89,betCent,10,0.703125,0,30,None,66,1,5,False,10,10
16095,85,betCent,10,0.6871019108280255,0,7,None,66,1,5,False,10,10
16096,86,betCent,10,0.6902866242038217,0,7,None,66,1,5,False,10,10
16097,87,betCent,10,0.692078025477707,0,7,None,66,1,5,False,10,10
16098,88,betCent,10,0.6951632165605095,0,7,None,66,1,5,False,10,10
16099,89,betCent,10,0.6973527070063694,0,7,None,66,1,5,False,10,10
16100,85,betCent,10,0.6812300955414012,0,4,None,66,1,5,False,10,10
16101,86,betCent,10,0.682921974522293,0,4,None,66,1,5,False,10,10
16102,87,betCent,10,0.6847133757961783,0,4,None,66,1,5,False,10,10
16103,88,betCent,10,0.6873009554140127,0,4,None,66,1,5,False,10,10
16104,89,betCent,10,0.6891918789808917,0,4,None,66,1,5,False,10,10
16105,85,betCent,10,0.7119824840764332,0,32,None,66,1,5,False,10,10
16106,86,betCent,10,0.7151671974522293,0,32,None,66,1,5,False,10,10
16107,87,betCent,10,0.7169585987261147,0,32,None,66,1,5,False,10,10
16108,88,betCent,10,0.7196457006369427,0,32,None,66,1,5,False,10,10
16109,89,betCent,10,0.7218351910828026,0,32,None,66,1,5,False,10,10
16110,85,betCent,10,0.6839171974522293,0,3,None,66,1,5,False,10,10
16111,86,betCent,10,0.6847133757961783,0,3,None,66,1,5,False,10,10
16112,87,betCent,10,0.6865047770700637,0,3,None,66,1,5,False,10,10
16113,88,betCent,10,0.6874004777070064,0,3,None,66,1,5,False,10,10
16114,89,betCent,10,0.6889928343949044,0,3,None,66,1,5,False,10,10
16115,85,betCent,10,0.6335589171974523,0,6,None,66,1,5,False,10,10
16116,86,betCent,10,0.6353503184713376,0,6,None,66,1,5,False,10,10
16117,87,betCent,10,0.6371417197452229,0,6,None,66,1,5,False,10,10
16118,88,betCent,10,0.6385350318471338,0,6,None,66,1,5,False,10,10
16119,89,betCent,10,0.63953025477707,0,6,None,66,1,5,False,10,10
16120,85,betCent,10,0.7068073248407644,0,12,None,66,1,5,False,10,10
16121,86,betCent,10,0.7076035031847133,0,12,None,66,1,5,False,10,10
16122,87,betCent,10,0.7092953821656051,0,12,None,66,1,5,False,10,10
16123,88,betCent,10,0.7108877388535032,0,12,None,66,1,5,False,10,10
16124,89,betCent,10,0.7128781847133758,0,12,None,66,1,5,False,10,10
16125,85,betCent,10,0.6902866242038217,0,13,None,66,1,5,False,10,10
16126,86,betCent,10,0.6923765923566879,0,13,None,66,1,5,False,10,10
16127,87,betCent,10,0.6952627388535032,0,13,None,66,1,5,False,10,10
16128,88,betCent,10,0.6987460191082803,0,13,None,66,1,5,False,10,10
16129,89,betCent,10,0.6998407643312102,0,13,None,66,1,5,False,10,10
16130,85,betCent,10,0.6886942675159236,0,25,None,66,1,5,False,10,10
16131,86,betCent,10,0.691281847133758,0,25,None,66,1,5,False,10,10
16132,87,betCent,10,0.693172770700637,0,25,None,66,1,5,False,10,10
16133,88,betCent,10,0.6948646496815286,0,25,None,66,1,5,False,10,10
16134,89,betCent,10,0.6957603503184714,0,25,None,66,1,5,False,10,10
16135,85,betCent,10,0.6782444267515924,0,26,None,66,1,5,False,10,10
16136,86,betCent,10,0.6794386942675159,0,26,None,66,1,5,False,10,10
16137,87,betCent,10,0.6801353503184714,0,26,None,66,1,5,False,10,10
16138,88,betCent,10,0.6827229299363057,0,26,None,66,1,5,False,10,10
16139,89,betCent,10,0.6846138535031847,0,26,None,66,1,5,False,10,10
16140,85,betCent,10,0.6697850318471338,0,8,None,66,1,5,False,10,10
16141,86,betCent,10,0.6705812101910829,0,8,None,66,1,5,False,10,10
16142,87,betCent,10,0.6721735668789809,0,8,None,66,1,5,False,10,10
16143,88,betCent,10,0.6731687898089171,0,8,None,66,1,5,False,10,10
16144,89,betCent,10,0.674562101910828,0,8,None,66,1,5,False,10,10
16145,85,betCent,10,0.6740644904458599,0,19,None,66,1,5,False,10,10
16146,86,betCent,10,0.6765525477707006,0,19,None,66,1,5,False,10,10
16147,87,betCent,10,0.6793391719745223,0,19,None,66,1,5,False,10,10
16148,88,betCent,10,0.6812300955414012,0,19,None,66,1,5,False,10,10
16149,89,betCent,10,0.6842157643312102,0,19,None,66,1,5,False,10,10
16150,85,betCent,10,0.6972531847133758,0,21,None,66,1,5,False,10,10
16151,86,betCent,10,0.698546974522293,0,21,None,66,1,5,False,10,10
16152,87,betCent,10,0.6998407643312102,0,21,None,66,1,5,False,10,10
16153,88,betCent,10,0.7011345541401274,0,21,None,66,1,5,False,10,10
16154,89,betCent,10,0.7034235668789809,0,21,None,66,1,5,False,10,10
16155,90,betCent,10,0.6896894904458599,0,14,None,66,1,5,False,10,10
16156,91,betCent,10,0.6913813694267515,0,14,None,66,1,5,False,10,10
16157,92,betCent,10,0.6923765923566879,0,14,None,66,1,5,False,10,10
16158,93,betCent,10,0.6938694267515924,0,14,None,66,1,5,False,10,10
16159,94,betCent,10,0.6951632165605095,0,14,None,66,1,5,False,10,10
16160,90,betCent,10,0.6942675159235668,0,25,None,66,1,5,False,10,10
16161,91,betCent,10,0.6963574840764332,0,25,None,66,1,5,False,10,10
16162,92,betCent,10,0.697452229299363,0,25,None,66,1,5,False,10,10
16163,93,betCent,10,0.698546974522293,0,25,None,66,1,5,False,10,10
16164,94,betCent,10,0.7007364649681529,0,25,None,66,1,5,False,10,10
16165,85,betCent,10,0.6575437898089171,0,27,None,66,1,5,False,10,10
16166,86,betCent,10,0.6595342356687898,0,27,None,66,1,5,False,10,10
16167,87,betCent,10,0.6622213375796179,0,27,None,66,1,5,False,10,10
16168,88,betCent,10,0.6652070063694268,0,27,None,66,1,5,False,10,10
16169,89,betCent,10,0.6684912420382165,0,27,None,66,1,5,False,10,10
16170,85,betCent,10,0.6752587579617835,0,18,None,66,1,5,False,10,10
16171,86,betCent,10,0.6774482484076433,0,18,None,66,1,5,False,10,10
16172,87,betCent,10,0.6776472929936306,0,18,None,66,1,5,False,10,10
16173,88,betCent,10,0.6796377388535032,0,18,None,66,1,5,False,10,10
16174,89,betCent,10,0.6812300955414012,0,18,None,66,1,5,False,10,10
16175,85,betCent,10,0.5951433121019108,0,31,None,66,1,5,False,10,10
16176,86,betCent,10,0.6085788216560509,0,31,None,66,1,5,False,10,10
16177,87,betCent,10,0.6203224522292994,0,31,None,66,1,5,False,10,10
16178,88,betCent,10,0.629578025477707,0,31,None,66,1,5,False,10,10
16179,89,betCent,10,0.638734076433121,0,31,None,66,1,5,False,10,10
16180,90,betCent,10,0.7033240445859873,0,22,None,66,1,5,False,10,10
16181,91,betCent,10,0.7051154458598726,0,22,None,66,1,5,False,10,10
16182,92,betCent,10,0.7072054140127388,0,22,None,66,1,5,False,10,10
16183,93,betCent,10,0.7083996815286624,0,22,None,66,1,5,False,10,10
16184,94,betCent,10,0.7098925159235668,0,22,None,66,1,5,False,10,10
16185,90,betCent,10,0.720640923566879,0,32,None,66,1,5,False,10,10
16186,91,betCent,10,0.723328025477707,0,32,None,66,1,5,False,10,10
16187,92,betCent,10,0.7257165605095541,0,32,None,66,1,5,False,10,10
16188,93,betCent,10,0.7277070063694268,0,32,None,66,1,5,False,10,10
16189,94,betCent,10,0.7289012738853503,0,32,None,66,1,5,False,10,10
16190,90,betCent,10,0.6797372611464968,0,1,None,66,1,5,False,10,10
16191,91,betCent,10,0.681827229299363,0,1,None,66,1,5,False,10,10
16192,92,betCent,10,0.6826234076433121,0,1,None,66,1,5,False,10,10
16193,93,betCent,10,0.6825238853503185,0,1,None,66,1,5,False,10,10
16194,94,betCent,10,0.6836186305732485,0,1,None,66,1,5,False,10,10
16195,90,betCent,10,0.6991441082802548,0,13,None,66,1,5,False,10,10
16196,91,betCent,10,0.70203025477707,0,13,None,66,1,5,False,10,10
16197,92,betCent,10,0.705015923566879,0,13,None,66,1,5,False,10,10
16198,93,betCent,10,0.7073049363057324,0,13,None,66,1,5,False,10,10
16199,94,betCent,10,0.7094944267515924,0,13,None,66,1,5,False,10,10
16200,90,betCent,10,0.710390127388535,0,23,None,66,1,5,False,10,10
16201,91,betCent,10,0.7117834394904459,0,23,None,66,1,5,False,10,10
16202,92,betCent,10,0.7134753184713376,0,23,None,66,1,5,False,10,10
16203,93,betCent,10,0.716062898089172,0,23,None,66,1,5,False,10,10
16204,94,betCent,10,0.7186504777070064,0,23,None,66,1,5,False,10,10
16205,90,betCent,10,0.6673964968152867,0,29,None,66,1,5,False,10,10
16206,91,betCent,10,0.6703821656050956,0,29,None,66,1,5,False,10,10
16207,92,betCent,10,0.6730692675159236,0,29,None,66,1,5,False,10,10
16208,93,betCent,10,0.6752587579617835,0,29,None,66,1,5,False,10,10
16209,94,betCent,10,0.6774482484076433,0,29,None,66,1,5,False,10,10
16210,90,betCent,10,0.7041202229299363,0,30,None,66,1,5,False,10,10
16211,91,betCent,10,0.7055135350318471,0,30,None,66,1,5,False,10,10
16212,92,betCent,10,0.7068073248407644,0,30,None,66,1,5,False,10,10
16213,93,betCent,10,0.7086982484076433,0,30,None,66,1,5,False,10,10
16214,94,betCent,10,0.7112858280254777,0,30,None,66,1,5,False,10,10
16215,90,betCent,10,0.7003383757961783,0,24,None,66,1,5,False,10,10
16216,91,betCent,10,0.7026273885350318,0,24,None,66,1,5,False,10,10
16217,92,betCent,10,0.705812101910828,0,24,None,66,1,5,False,10,10
16218,93,betCent,10,0.7079020700636943,0,24,None,66,1,5,False,10,10
16219,94,betCent,10,0.7098925159235668,0,24,None,66,1,5,False,10,10
16220,90,betCent,10,0.6625199044585988,0,16,None,66,1,5,False,10,10
16221,91,betCent,10,0.6640127388535032,0,16,None,66,1,5,False,10,10
16222,92,betCent,10,0.6653065286624203,0,16,None,66,1,5,False,10,10
16223,93,betCent,10,0.6677945859872612,0,16,None,66,1,5,False,10,10
16224,94,betCent,10,0.6702826433121019,0,16,None,66,1,5,False,10,10
16225,90,betCent,10,0.6805334394904459,0,19,None,66,1,5,False,10,10
16226,91,betCent,10,0.683718152866242,0,19,None,66,1,5,False,10,10
16227,92,betCent,10,0.6870023885350318,0,19,None,66,1,5,False,10,10
16228,93,betCent,10,0.6889928343949044,0,19,None,66,1,5,False,10,10
16229,94,betCent,10,0.6905851910828026,0,19,None,66,1,5,False,10,10
16230,90,betCent,10,0.6784434713375797,0,8,None,66,1,5,False,10,10
16231,91,betCent,10,0.6795382165605095,0,8,None,66,1,5,False,10,10
16232,92,betCent,10,0.6812300955414012,0,8,None,66,1,5,False,10,10
16233,93,betCent,10,0.6821257961783439,0,8,None,66,1,5,False,10,10
16234,94,betCent,10,0.6826234076433121,0,8,None,66,1,5,False,10,10
16235,90,betCent,10,0.7041202229299363,0,21,None,66,1,5,False,10,10
16236,91,betCent,10,0.7046178343949044,0,21,None,66,1,5,False,10,10
16237,92,betCent,10,0.7067078025477707,0,21,None,66,1,5,False,10,10
16238,93,betCent,10,0.7082006369426752,0,21,None,66,1,5,False,10,10
16239,94,betCent,10,0.7106886942675159,0,21,None,66,1,5,False,10,10
16240,90,betCent,10,0.6882961783439491,0,26,None,66,1,5,False,10,10
16241,91,betCent,10,0.6891918789808917,0,26,None,66,1,5,False,10,10
16242,92,betCent,10,0.6915804140127388,0,26,None,66,1,5,False,10,10
16243,93,betCent,10,0.6933718152866242,0,26,None,66,1,5,False,10,10
16244,94,betCent,10,0.6960589171974523,0,26,None,66,1,5,False,10,10
16245,90,betCent,10,0.64171974522293,0,6,None,66,1,5,False,10,10
16246,91,betCent,10,0.6431130573248408,0,6,None,66,1,5,False,10,10
16247,92,betCent,10,0.644406847133758,0,6,None,66,1,5,False,10,10
16248,93,betCent,10,0.6453025477707006,0,6,None,66,1,5,False,10,10
16249,94,betCent,10,0.647093949044586,0,6,None,66,1,5,False,10,10
16250,90,betCent,10,0.6648089171974523,0,27,None,66,1,5,False,10,10
16251,91,betCent,10,0.668093152866242,0,27,None,66,1,5,False,10,10
16252,92,betCent,10,0.6702826433121019,0,27,None,66,1,5,False,10,10
16253,93,betCent,10,0.6742635350318471,0,27,None,66,1,5,False,10,10
16254,94,betCent,10,0.6766520700636943,0,27,None,66,1,5,False,10,10
16255,90,betCent,10,0.6075835987261147,0,31,None,66,1,5,False,10,10
16256,91,betCent,10,0.6224124203821656,0,31,None,66,1,5,False,10,10
16257,92,betCent,10,0.6326632165605095,0,31,None,66,1,5,False,10,10
16258,93,betCent,10,0.6418192675159236,0,31,None,66,1,5,False,10,10
16259,94,betCent,10,0.650577229299363,0,31,None,66,1,5,False,10,10
16260,90,betCent,10,0.7056130573248408,0,2,None,66,1,5,False,10,10
16261,91,betCent,10,0.7085987261146497,0,2,None,66,1,5,False,10,10
16262,92,betCent,10,0.7111863057324841,0,2,None,66,1,5,False,10,10
16263,93,betCent,10,0.7135748407643312,0,2,None,66,1,5,False,10,10
16264,94,betCent,10,0.7170581210191083,0,2,None,66,1,5,False,10,10
16265,90,betCent,10,0.7078025477707006,0,0,None,66,1,5,False,10,10
16266,91,betCent,10,0.709593949044586,0,0,None,66,1,5,False,10,10
16267,92,betCent,10,0.7108877388535032,0,0,None,66,1,5,False,10,10
16268,93,betCent,10,0.7121815286624203,0,0,None,66,1,5,False,10,10
16269,94,betCent,10,0.714968152866242,0,0,None,66,1,5,False,10,10
16270,90,betCent,10,0.690187101910828,0,4,None,66,1,5,False,10,10
16271,91,betCent,10,0.6914808917197452,0,4,None,66,1,5,False,10,10
16272,92,betCent,10,0.6927746815286624,0,4,None,66,1,5,False,10,10
16273,93,betCent,10,0.6941679936305732,0,4,None,66,1,5,False,10,10
16274,94,betCent,10,0.695859872611465,0,4,None,66,1,5,False,10,10
16275,90,betCent,10,0.6472929936305732,0,5,None,66,1,5,False,10,10
16276,91,betCent,10,0.6479896496815286,0,5,None,66,1,5,False,10,10
16277,92,betCent,10,0.6496815286624203,0,5,None,66,1,5,False,10,10
16278,93,betCent,10,0.6509753184713376,0,5,None,66,1,5,False,10,10
16279,94,betCent,10,0.6531648089171974,0,5,None,66,1,5,False,10,10
16280,90,betCent,10,0.6996417197452229,0,7,None,66,1,5,False,10,10
16281,91,betCent,10,0.7013335987261147,0,7,None,66,1,5,False,10,10
16282,92,betCent,10,0.7045183121019108,0,7,None,66,1,5,False,10,10
16283,93,betCent,10,0.7059116242038217,0,7,None,66,1,5,False,10,10
16284,94,betCent,10,0.7086982484076433,0,7,None,66,1,5,False,10,10
16285,90,betCent,10,0.6921775477707006,0,3,None,66,1,5,False,10,10
16286,91,betCent,10,0.6937699044585988,0,3,None,66,1,5,False,10,10
16287,92,betCent,10,0.6950636942675159,0,3,None,66,1,5,False,10,10
16288,93,betCent,10,0.6973527070063694,0,3,None,66,1,5,False,10,10
16289,94,betCent,10,0.6994426751592356,0,3,None,66,1,5,False,10,10
16290,90,betCent,10,0.7078025477707006,0,9,None,66,1,5,False,10,10
16291,91,betCent,10,0.7089968152866242,0,9,None,66,1,5,False,10,10
16292,92,betCent,10,0.7104896496815286,0,9,None,66,1,5,False,10,10
16293,93,betCent,10,0.7121815286624203,0,9,None,66,1,5,False,10,10
16294,94,betCent,10,0.7135748407643312,0,9,None,66,1,5,False,10,10
16295,90,betCent,10,0.7110867834394905,0,11,None,66,1,5,False,10,10
16296,91,betCent,10,0.7144705414012739,0,11,None,66,1,5,False,10,10
16297,92,betCent,10,0.7177547770700637,0,11,None,66,1,5,False,10,10
16298,93,betCent,10,0.7193471337579618,0,11,None,66,1,5,False,10,10
16299,94,betCent,10,0.720640923566879,0,11,None,66,1,5,False,10,10
16300,90,betCent,10,0.6894904458598726,0,10,None,66,1,5,False,10,10
16301,91,betCent,10,0.6933718152866242,0,10,None,66,1,5,False,10,10
16302,92,betCent,10,0.698546974522293,0,10,None,66,1,5,False,10,10
16303,93,betCent,10,0.7010350318471338,0,10,None,66,1,5,False,10,10
16304,94,betCent,10,0.7051154458598726,0,10,None,66,1,5,False,10,10
16305,90,betCent,10,0.7112858280254777,0,15,None,66,1,5,False,10,10
16306,91,betCent,10,0.714171974522293,0,15,None,66,1,5,False,10,10
16307,92,betCent,10,0.716062898089172,0,15,None,66,1,5,False,10,10
16308,93,betCent,10,0.7173566878980892,0,15,None,66,1,5,False,10,10
16309,94,betCent,10,0.7194466560509554,0,15,None,66,1,5,False,10,10
16310,90,betCent,10,0.7107882165605095,0,12,None,66,1,5,False,10,10
16311,91,betCent,10,0.7126791401273885,0,12,None,66,1,5,False,10,10
16312,92,betCent,10,0.714171974522293,0,12,None,66,1,5,False,10,10
16313,93,betCent,10,0.7165605095541401,0,12,None,66,1,5,False,10,10
16314,94,betCent,10,0.7188495222929936,0,12,None,66,1,5,False,10,10
16315,90,betCent,10,0.6841162420382165,0,18,None,66,1,5,False,10,10
16316,91,betCent,10,0.6872014331210191,0,18,None,66,1,5,False,10,10
16317,92,betCent,10,0.68859474522293,0,18,None,66,1,5,False,10,10
16318,93,betCent,10,0.6911823248407644,0,18,None,66,1,5,False,10,10
16319,94,betCent,10,0.6917794585987261,0,18,None,66,1,5,False,10,10
16320,90,betCent,10,0.6499800955414012,0,17,None,66,1,5,False,10,10
16321,91,betCent,10,0.6502786624203821,0,17,None,66,1,5,False,10,10
16322,92,betCent,10,0.6509753184713376,0,17,None,66,1,5,False,10,10
16323,93,betCent,10,0.651671974522293,0,17,None,66,1,5,False,10,10
16324,94,betCent,10,0.6523686305732485,0,17,None,66,1,5,False,10,10
16325,90,betCent,10,0.6897890127388535,0,20,None,66,1,5,False,10,10
16326,91,betCent,10,0.6878980891719745,0,20,None,66,1,5,False,10,10
16327,92,betCent,10,0.6908837579617835,0,20,None,66,1,5,False,10,10
16328,93,betCent,10,0.6938694267515924,0,20,None,66,1,5,False,10,10
16329,94,betCent,10,0.6962579617834395,0,20,None,66,1,5,False,10,10
16330,90,betCent,10,0.6665007961783439,0,28,None,66,1,5,False,10,10
16331,91,betCent,10,0.6675955414012739,0,28,None,66,1,5,False,10,10
16332,92,betCent,10,0.6689888535031847,0,28,None,66,1,5,False,10,10
16333,93,betCent,10,0.6706807324840764,0,28,None,66,1,5,False,10,10
16334,94,betCent,10,0.6714769108280255,0,28,None,66,1,5,False,10,10
19470,95,betCent,10,0.6727707006369427,0,16,None,66,1,5,False,10,10
19471,96,betCent,10,0.675656847133758,0,16,None,66,1,5,False,10,10
19472,97,betCent,10,0.677547770700637,0,16,None,66,1,5,False,10,10
19473,98,betCent,10,0.6797372611464968,0,16,None,66,1,5,False,10,10
19474,99,betCent,10,0.6832205414012739,0,16,None,66,1,5,False,10,10
19475,95,betCent,10,0.6972531847133758,0,20,None,66,1,5,False,10,10
19476,96,betCent,10,0.6984474522292994,0,20,None,66,1,5,False,10,10
19477,97,betCent,10,0.7005374203821656,0,20,None,66,1,5,False,10,10
19478,98,betCent,10,0.7023288216560509,0,20,None,66,1,5,False,10,10
19479,99,betCent,10,0.7029259554140127,0,20,None,66,1,5,False,10,10
19480,95,betCent,10,0.6968550955414012,0,14,None,66,1,5,False,10,10
19481,96,betCent,10,0.698546974522293,0,14,None,66,1,5,False,10,10
19482,97,betCent,10,0.7001393312101911,0,14,None,66,1,5,False,10,10
19483,98,betCent,10,0.7005374203821656,0,14,None,66,1,5,False,10,10
19484,99,betCent,10,0.7015326433121019,0,14,None,66,1,5,False,10,10
19485,95,betCent,10,0.7107882165605095,0,22,None,66,1,5,False,10,10
19486,96,betCent,10,0.7118829617834395,0,22,None,66,1,5,False,10,10
19487,97,betCent,10,0.7143710191082803,0,22,None,66,1,5,False,10,10
19488,98,betCent,10,0.716859076433121,0,22,None,66,1,5,False,10,10
19489,99,betCent,10,0.71875,0,22,None,66,1,5,False,10,10
19490,95,betCent,10,0.6590366242038217,0,17,None,66,1,5,False,10,10
19491,96,betCent,10,0.6586385350318471,0,17,None,66,1,5,False,10,10
19492,97,betCent,10,0.6595342356687898,0,17,None,66,1,5,False,10,10
19493,98,betCent,10,0.6605294585987261,0,17,None,66,1,5,False,10,10
19494,99,betCent,10,0.6611265923566879,0,17,None,66,1,5,False,10,10
19495,95,betCent,10,0.70203025477707,0,25,None,66,1,5,False,10,10
19496,96,betCent,10,0.7035230891719745,0,25,None,66,1,5,False,10,10
19497,97,betCent,10,0.7054140127388535,0,25,None,66,1,5,False,10,10
19498,98,betCent,10,0.7071058917197452,0,25,None,66,1,5,False,10,10
19499,99,betCent,10,0.7089968152866242,0,25,None,66,1,5,False,10,10
19500,95,betCent,10,0.6952627388535032,0,26,None,66,1,5,False,10,10
19501,96,betCent,10,0.697452229299363,0,26,None,66,1,5,False,10,10
19502,97,betCent,10,0.7002388535031847,0,26,None,66,1,5,False,10,10
19503,98,betCent,10,0.7023288216560509,0,26,None,66,1,5,False,10,10
19504,99,betCent,10,0.7038216560509554,0,26,None,66,1,5,False,10,10
19505,95,betCent,10,0.7166600318471338,0,12,None,66,1,5,False,10,10
19506,96,betCent,10,0.7181528662420382,0,12,None,66,1,5,False,10,10
19507,97,betCent,10,0.7201433121019108,0,12,None,66,1,5,False,10,10
19508,98,betCent,10,0.7223328025477707,0,12,None,66,1,5,False,10,10
19509,99,betCent,10,0.7241242038216561,0,12,None,66,1,5,False,10,10
19510,95,betCent,10,0.7076035031847133,0,24,None,66,1,5,False,10,10
19511,96,betCent,10,0.709593949044586,0,24,None,66,1,5,False,10,10
19512,97,betCent,10,0.7123805732484076,0,24,None,66,1,5,False,10,10
19513,98,betCent,10,0.7156648089171974,0,24,None,66,1,5,False,10,10
19514,99,betCent,10,0.7172571656050956,0,24,None,66,1,5,False,10,10
19515,95,betCent,10,0.7109872611464968,0,30,None,66,1,5,False,10,10
19516,96,betCent,10,0.7126791401273885,0,30,None,66,1,5,False,10,10
19517,97,betCent,10,0.7145700636942676,0,30,None,66,1,5,False,10,10
19518,98,betCent,10,0.7170581210191083,0,30,None,66,1,5,False,10,10
19519,99,betCent,10,0.7202428343949044,0,30,None,66,1,5,False,10,10
19520,95,betCent,10,0.6201234076433121,0,31,None,66,1,5,False,10,10
19521,96,betCent,10,0.6339570063694268,0,31,None,66,1,5,False,10,10
19522,97,betCent,10,0.6447054140127388,0,31,None,66,1,5,False,10,10
19523,98,betCent,10,0.653562898089172,0,31,None,66,1,5,False,10,10
19524,99,betCent,10,0.6606289808917197,0,31,None,66,1,5,False,10,10
19525,95,betCent,10,0.7066082802547771,0,7,None,66,1,5,False,10,10
19526,96,betCent,10,0.7106886942675159,0,7,None,66,1,5,False,10,10
19527,97,betCent,10,0.7123805732484076,0,7,None,66,1,5,False,10,10
19528,98,betCent,10,0.7134753184713376,0,7,None,66,1,5,False,10,10
19529,99,betCent,10,0.7164609872611465,0,7,None,66,1,5,False,10,10
19530,95,betCent,10,0.7299960191082803,0,32,None,66,1,5,False,10,10
19531,96,betCent,10,0.7309912420382165,0,32,None,66,1,5,False,10,10
19532,97,betCent,10,0.7318869426751592,0,32,None,66,1,5,False,10,10
19533,98,betCent,10,0.7329816878980892,0,32,None,66,1,5,False,10,10
19534,99,betCent,10,0.7345740445859873,0,32,None,66,1,5,False,10,10
19535,95,betCent,10,0.6482882165605095,0,6,None,66,1,5,False,10,10
19536,96,betCent,10,0.6494824840764332,0,6,None,66,1,5,False,10,10
19537,97,betCent,10,0.6508757961783439,0,6,None,66,1,5,False,10,10
19538,98,betCent,10,0.652468152866242,0,6,None,66,1,5,False,10,10
19539,99,betCent,10,0.6539609872611465,0,6,None,66,1,5,False,10,10
19540,95,betCent,10,0.71984474522293,0,11,None,66,1,5,False,10,10
19541,96,betCent,10,0.7210390127388535,0,11,None,66,1,5,False,10,10
19542,97,betCent,10,0.7238256369426752,0,11,None,66,1,5,False,10,10
19543,98,betCent,10,0.7264132165605095,0,11,None,66,1,5,False,10,10
19544,99,betCent,10,0.7275079617834395,0,11,None,66,1,5,False,10,10
19545,95,betCent,10,0.7178542993630573,0,15,None,66,1,5,False,10,10
19546,96,betCent,10,0.7193471337579618,0,15,None,66,1,5,False,10,10
19547,97,betCent,10,0.7224323248407644,0,15,None,66,1,5,False,10,10
19548,98,betCent,10,0.7242237261146497,0,15,None,66,1,5,False,10,10
19549,99,betCent,10,0.7253184713375797,0,15,None,66,1,5,False,10,10
19550,95,betCent,10,0.7084992038216561,0,10,None,66,1,5,False,10,10
19551,96,betCent,10,0.7117834394904459,0,10,None,66,1,5,False,10,10
19552,97,betCent,10,0.7143710191082803,0,10,None,66,1,5,False,10,10
19553,98,betCent,10,0.7167595541401274,0,10,None,66,1,5,False,10,10
19554,99,betCent,10,0.7199442675159236,0,10,None,66,1,5,False,10,10
19555,95,betCent,10,0.6849124203821656,0,1,None,66,1,5,False,10,10
19556,96,betCent,10,0.6884952229299363,0,1,None,66,1,5,False,10,10
19557,97,betCent,10,0.689390923566879,0,1,None,66,1,5,False,10,10
19558,98,betCent,10,0.6917794585987261,0,1,None,66,1,5,False,10,10
19559,99,betCent,10,0.6941679936305732,0,1,None,66,1,5,False,10,10
19560,95,betCent,10,0.714171974522293,0,2,None,66,1,5,False,10,10
19561,96,betCent,10,0.7165605095541401,0,2,None,66,1,5,False,10,10
19562,97,betCent,10,0.7190485668789809,0,2,None,66,1,5,False,10,10
19563,98,betCent,10,0.7219347133757962,0,2,None,66,1,5,False,10,10
19564,99,betCent,10,0.7243232484076433,0,2,None,66,1,5,False,10,10
19565,95,betCent,10,0.7022292993630573,0,3,None,66,1,5,False,10,10
19566,96,betCent,10,0.7030254777070064,0,3,None,66,1,5,False,10,10
19567,97,betCent,10,0.7044187898089171,0,3,None,66,1,5,False,10,10
19568,98,betCent,10,0.705812101910828,0,3,None,66,1,5,False,10,10
19569,99,betCent,10,0.7078025477707006,0,3,None,66,1,5,False,10,10
19570,95,betCent,10,0.6534633757961783,0,5,None,66,1,5,False,10,10
19571,96,betCent,10,0.6557523885350318,0,5,None,66,1,5,False,10,10
19572,97,betCent,10,0.6566480891719745,0,5,None,66,1,5,False,10,10
19573,98,betCent,10,0.6575437898089171,0,5,None,66,1,5,False,10,10
19574,99,betCent,10,0.6583399681528662,0,5,None,66,1,5,False,10,10
19575,95,betCent,10,0.7110867834394905,0,13,None,66,1,5,False,10,10
19576,96,betCent,10,0.7124800955414012,0,13,None,66,1,5,False,10,10
19577,97,betCent,10,0.7152667197452229,0,13,None,66,1,5,False,10,10
19578,98,betCent,10,0.7178542993630573,0,13,None,66,1,5,False,10,10
19579,99,betCent,10,0.7205414012738853,0,13,None,66,1,5,False,10,10
19580,95,betCent,10,0.6992436305732485,0,4,None,66,1,5,False,10,10
19581,96,betCent,10,0.7009355095541401,0,4,None,66,1,5,False,10,10
19582,97,betCent,10,0.7030254777070064,0,4,None,66,1,5,False,10,10
19583,98,betCent,10,0.7038216560509554,0,4,None,66,1,5,False,10,10
19584,99,betCent,10,0.705812101910828,0,4,None,66,1,5,False,10,10
19585,95,betCent,10,0.7174562101910829,0,23,None,66,1,5,False,10,10
19586,96,betCent,10,0.7195461783439491,0,23,None,66,1,5,False,10,10
19587,97,betCent,10,0.7213375796178344,0,23,None,66,1,5,False,10,10
19588,98,betCent,10,0.7238256369426752,0,23,None,66,1,5,False,10,10
19589,99,betCent,10,0.7255175159235668,0,23,None,66,1,5,False,10,10
19590,95,betCent,10,0.6766520700636943,0,27,None,66,1,5,False,10,10
19591,96,betCent,10,0.6789410828025477,0,27,None,66,1,5,False,10,10
19592,97,betCent,10,0.6816281847133758,0,27,None,66,1,5,False,10,10
19593,98,betCent,10,0.6830214968152867,0,27,None,66,1,5,False,10,10
19594,99,betCent,10,0.6863057324840764,0,27,None,66,1,5,False,10,10
19595,95,betCent,10,0.6779458598726115,0,28,None,66,1,5,False,10,10
19596,96,betCent,10,0.677547770700637,0,28,None,66,1,5,False,10,10
19597,97,betCent,10,0.6781449044585988,0,28,None,66,1,5,False,10,10
19598,98,betCent,10,0.6782444267515924,0,28,None,66,1,5,False,10,10
19599,99,betCent,10,0.6804339171974523,0,28,None,66,1,5,False,10,10
19600,95,betCent,10,0.6880971337579618,0,8,None,66,1,5,False,10,10
19601,96,betCent,10,0.6873009554140127,0,8,None,66,1,5,False,10,10
19602,97,betCent,10,0.68859474522293,0,8,None,66,1,5,False,10,10
19603,98,betCent,10,0.6889928343949044,0,8,None,66,1,5,False,10,10
19604,99,betCent,10,0.6900875796178344,0,8,None,66,1,5,False,10,10
19605,95,betCent,10,0.6956608280254777,0,18,None,66,1,5,False,10,10
19606,96,betCent,10,0.696656050955414,0,18,None,66,1,5,False,10,10
19607,97,betCent,10,0.6987460191082803,0,18,None,66,1,5,False,10,10
19608,98,betCent,10,0.7006369426751592,0,18,None,66,1,5,False,10,10
19609,99,betCent,10,0.7028264331210191,0,18,None,66,1,5,False,10,10
19610,95,betCent,10,0.7135748407643312,0,21,None,66,1,5,False,10,10
19611,96,betCent,10,0.7150676751592356,0,21,None,66,1,5,False,10,10
19612,97,betCent,10,0.716859076433121,0,21,None,66,1,5,False,10,10
19613,98,betCent,10,0.7172571656050956,0,21,None,66,1,5,False,10,10
19614,99,betCent,10,0.7180533439490446,0,21,None,66,1,5,False,10,10
19615,95,betCent,10,0.6863057324840764,0,19,None,66,1,5,False,10,10
19616,96,betCent,10,0.6898885350318471,0,19,None,66,1,5,False,10,10
19617,97,betCent,10,0.6926751592356688,0,19,None,66,1,5,False,10,10
19618,98,betCent,10,0.6956608280254777,0,19,None,66,1,5,False,10,10
19619,99,betCent,10,0.6987460191082803,0,19,None,66,1,5,False,10,10
19620,100,betCent,10,0.7046178343949044,0,26,None,66,1,5,False,10,10
19621,101,betCent,10,0.7070063694267515,0,26,None,66,1,5,False,10,10
19622,102,betCent,10,0.7099920382165605,0,26,None,66,1,5,False,10,10
19623,103,betCent,10,0.7118829617834395,0,26,None,66,1,5,False,10,10
19624,104,betCent,10,0.7124800955414012,0,26,None,66,1,5,False,10,10
19625,95,betCent,10,0.7139729299363057,0,9,None,66,1,5,False,10,10
19626,96,betCent,10,0.7154657643312102,0,9,None,66,1,5,False,10,10
19627,97,betCent,10,0.7170581210191083,0,9,None,66,1,5,False,10,10
19628,98,betCent,10,0.7185509554140127,0,9,None,66,1,5,False,10,10
19629,99,betCent,10,0.7204418789808917,0,9,None,66,1,5,False,10,10
19630,95,betCent,10,0.6751592356687898,0,29,None,66,1,5,False,10,10
19631,96,betCent,10,0.6786425159235668,0,29,None,66,1,5,False,10,10
19632,97,betCent,10,0.6821257961783439,0,29,None,66,1,5,False,10,10
19633,98,betCent,10,0.684812898089172,0,29,None,66,1,5,False,10,10
19634,99,betCent,10,0.6875,0,29,None,66,1,5,False,10,10
19635,95,betCent,10,0.714171974522293,0,0,None,66,1,5,False,10,10
19636,96,betCent,10,0.7169585987261147,0,0,None,66,1,5,False,10,10
19637,97,betCent,10,0.7186504777070064,0,0,None,66,1,5,False,10,10
19638,98,betCent,10,0.7202428343949044,0,0,None,66,1,5,False,10,10
19639,99,betCent,10,0.7218351910828026,0,0,None,66,1,5,False,10,10
19640,100,betCent,10,0.7081011146496815,0,25,None,66,1,5,False,10,10
19641,101,betCent,10,0.7097929936305732,0,25,None,66,1,5,False,10,10
19642,102,betCent,10,0.711484872611465,0,25,None,66,1,5,False,10,10
19643,103,betCent,10,0.7129777070063694,0,25,None,66,1,5,False,10,10
19644,104,betCent,10,0.7143710191082803,0,25,None,66,1,5,False,10,10
19645,100,betCent,10,0.6838176751592356,0,29,None,66,1,5,False,10,10
19646,101,betCent,10,0.6875995222929936,0,29,None,66,1,5,False,10,10
19647,102,betCent,10,0.6907842356687898,0,29,None,66,1,5,False,10,10
19648,103,betCent,10,0.6932722929936306,0,29,None,66,1,5,False,10,10
19649,104,betCent,10,0.6945660828025477,0,29,None,66,1,5,False,10,10
19650,100,betCent,10,0.7221337579617835,0,9,None,66,1,5,False,10,10
19651,101,betCent,10,0.7238256369426752,0,9,None,66,1,5,False,10,10
19652,102,betCent,10,0.7242237261146497,0,9,None,66,1,5,False,10,10
19653,103,betCent,10,0.7253184713375797,0,9,None,66,1,5,False,10,10
19654,104,betCent,10,0.7274084394904459,0,9,None,66,1,5,False,10,10
19655,100,betCent,10,0.7261146496815286,0,11,None,66,1,5,False,10,10
19656,101,betCent,10,0.728702229299363,0,11,None,66,1,5,False,10,10
19657,102,betCent,10,0.7308917197452229,0,11,None,66,1,5,False,10,10
19658,103,betCent,10,0.7326831210191083,0,11,None,66,1,5,False,10,10
19659,104,betCent,10,0.7344745222929936,0,11,None,66,1,5,False,10,10
19660,100,betCent,10,0.7221337579617835,0,15,None,66,1,5,False,10,10
19661,101,betCent,10,0.7249203821656051,0,15,None,66,1,5,False,10,10
19662,102,betCent,10,0.7266122611464968,0,15,None,66,1,5,False,10,10
19663,103,betCent,10,0.7284036624203821,0,15,None,66,1,5,False,10,10
19664,104,betCent,10,0.7301950636942676,0,15,None,66,1,5,False,10,10
19665,100,betCent,10,0.664609872611465,0,17,None,66,1,5,False,10,10
19666,101,betCent,10,0.6650079617834395,0,17,None,66,1,5,False,10,10
19667,102,betCent,10,0.6645103503184714,0,17,None,66,1,5,False,10,10
19668,103,betCent,10,0.6647093949044586,0,17,None,66,1,5,False,10,10
19669,104,betCent,10,0.6647093949044586,0,17,None,66,1,5,False,10,10
19670,100,betCent,10,0.6640127388535032,0,5,None,66,1,5,False,10,10
19671,101,betCent,10,0.6645103503184714,0,5,None,66,1,5,False,10,10
19672,102,betCent,10,0.6660031847133758,0,5,None,66,1,5,False,10,10
19673,103,betCent,10,0.6666998407643312,0,5,None,66,1,5,False,10,10
19674,104,betCent,10,0.6671974522292994,0,5,None,66,1,5,False,10,10
19675,100,betCent,10,0.7162619426751592,0,10,None,66,1,5,False,10,10
19676,101,betCent,10,0.71875,0,10,None,66,1,5,False,10,10
19677,102,betCent,10,0.7222332802547771,0,10,None,66,1,5,False,10,10
19678,103,betCent,10,0.7248208598726115,0,10,None,66,1,5,False,10,10
19679,104,betCent,10,0.7280055732484076,0,10,None,66,1,5,False,10,10
19680,100,betCent,10,0.7028264331210191,0,20,None,66,1,5,False,10,10
19681,101,betCent,10,0.703125,0,20,None,66,1,5,False,10,10
19682,102,betCent,10,0.7053144904458599,0,20,None,66,1,5,False,10,10
19683,103,betCent,10,0.7071058917197452,0,20,None,66,1,5,False,10,10
19684,104,betCent,10,0.7084992038216561,0,20,None,66,1,5,False,10,10
19685,100,betCent,10,0.6534633757961783,0,6,None,66,1,5,False,10,10
19686,101,betCent,10,0.6549562101910829,0,6,None,66,1,5,False,10,10
19687,102,betCent,10,0.6563495222929936,0,6,None,66,1,5,False,10,10
19688,103,betCent,10,0.6574442675159236,0,6,None,66,1,5,False,10,10
19689,104,betCent,10,0.6586385350318471,0,6,None,66,1,5,False,10,10
19690,100,betCent,10,0.684812898089172,0,16,None,66,1,5,False,10,10
19691,101,betCent,10,0.6868033439490446,0,16,None,66,1,5,False,10,10
19692,102,betCent,10,0.6889928343949044,0,16,None,66,1,5,False,10,10
19693,103,betCent,10,0.6922770700636943,0,16,None,66,1,5,False,10,10
19694,104,betCent,10,0.6951632165605095,0,16,None,66,1,5,False,10,10
19695,100,betCent,10,0.6963574840764332,0,8,None,66,1,5,False,10,10
19696,101,betCent,10,0.6962579617834395,0,8,None,66,1,5,False,10,10
19697,102,betCent,10,0.6973527070063694,0,8,None,66,1,5,False,10,10
19698,103,betCent,10,0.6980493630573248,0,8,None,66,1,5,False,10,10
19699,104,betCent,10,0.6986464968152867,0,8,None,66,1,5,False,10,10
19700,100,betCent,10,0.7053144904458599,0,18,None,66,1,5,False,10,10
19701,101,betCent,10,0.7066082802547771,0,18,None,66,1,5,False,10,10
19702,102,betCent,10,0.7090963375796179,0,18,None,66,1,5,False,10,10
19703,103,betCent,10,0.7096934713375797,0,18,None,66,1,5,False,10,10
19704,104,betCent,10,0.7102906050955414,0,18,None,66,1,5,False,10,10
19705,100,betCent,10,0.7183519108280255,0,13,None,66,1,5,False,10,10
19706,101,betCent,10,0.7207404458598726,0,13,None,66,1,5,False,10,10
19707,102,betCent,10,0.7231289808917197,0,13,None,66,1,5,False,10,10
19708,103,betCent,10,0.7248208598726115,0,13,None,66,1,5,False,10,10
19709,104,betCent,10,0.7261146496815286,0,13,None,66,1,5,False,10,10
19710,100,betCent,10,0.7222332802547771,0,12,None,66,1,5,False,10,10
19711,101,betCent,10,0.7235270700636943,0,12,None,66,1,5,False,10,10
19712,102,betCent,10,0.7246218152866242,0,12,None,66,1,5,False,10,10
19713,103,betCent,10,0.7259156050955414,0,12,None,66,1,5,False,10,10
19714,104,betCent,10,0.7268113057324841,0,12,None,66,1,5,False,10,10
19715,100,betCent,10,0.7212380573248408,0,21,None,66,1,5,False,10,10
19716,101,betCent,10,0.7217356687898089,0,21,None,66,1,5,False,10,10
19717,102,betCent,10,0.723328025477707,0,21,None,66,1,5,False,10,10
19718,103,betCent,10,0.7253184713375797,0,21,None,66,1,5,False,10,10
19719,104,betCent,10,0.726015127388535,0,21,None,66,1,5,False,10,10
19720,100,betCent,10,0.6960589171974523,0,19,None,66,1,5,False,10,10
19721,101,betCent,10,0.6980493630573248,0,19,None,66,1,5,False,10,10
19722,102,betCent,10,0.7024283439490446,0,19,None,66,1,5,False,10,10
19723,103,betCent,10,0.7047173566878981,0,19,None,66,1,5,False,10,10
19724,104,betCent,10,0.7083001592356688,0,19,None,66,1,5,False,10,10
19725,100,betCent,10,0.7229299363057324,0,23,None,66,1,5,False,10,10
19726,101,betCent,10,0.7262141719745223,0,23,None,66,1,5,False,10,10
19727,102,betCent,10,0.7272093949044586,0,23,None,66,1,5,False,10,10
19728,103,betCent,10,0.7291003184713376,0,23,None,66,1,5,False,10,10
19729,104,betCent,10,0.7314888535031847,0,23,None,66,1,5,False,10,10
19730,100,betCent,10,0.6830214968152867,0,27,None,66,1,5,False,10,10
19731,101,betCent,10,0.6866042993630573,0,27,None,66,1,5,False,10,10
19732,102,betCent,10,0.6887937898089171,0,27,None,66,1,5,False,10,10
19733,103,betCent,10,0.6910828025477707,0,27,None,66,1,5,False,10,10
19734,104,betCent,10,0.6945660828025477,0,27,None,66,1,5,False,10,10
19735,100,betCent,10,0.7178542993630573,0,24,None,66,1,5,False,10,10
19736,101,betCent,10,0.7186504777070064,0,24,None,66,1,5,False,10,10
19737,102,betCent,10,0.7212380573248408,0,24,None,66,1,5,False,10,10
19738,103,betCent,10,0.7243232484076433,0,24,None,66,1,5,False,10,10
19739,104,betCent,10,0.7257165605095541,0,24,None,66,1,5,False,10,10
19740,100,betCent,10,0.7193471337579618,0,30,None,66,1,5,False,10,10
19741,101,betCent,10,0.7218351910828026,0,30,None,66,1,5,False,10,10
19742,102,betCent,10,0.7234275477707006,0,30,None,66,1,5,False,10,10
19743,103,betCent,10,0.726015127388535,0,30,None,66,1,5,False,10,10
19744,104,betCent,10,0.7280055732484076,0,30,None,66,1,5,False,10,10
19745,100,betCent,10,0.6296775477707006,0,31,None,66,1,5,False,10,10
19746,101,betCent,10,0.6429140127388535,0,31,None,66,1,5,False,10,10
19747,102,betCent,10,0.6561504777070064,0,31,None,66,1,5,False,10,10
19748,103,betCent,10,0.6645103503184714,0,31,None,66,1,5,False,10,10
19749,104,betCent,10,0.6706807324840764,0,31,None,66,1,5,False,10,10
19750,100,betCent,10,0.6879976114649682,0,28,None,66,1,5,False,10,10
19751,101,betCent,10,0.6883957006369427,0,28,None,66,1,5,False,10,10
19752,102,betCent,10,0.6886942675159236,0,28,None,66,1,5,False,10,10
19753,103,betCent,10,0.6897890127388535,0,28,None,66,1,5,False,10,10
19754,104,betCent,10,0.6913813694267515,0,28,None,66,1,5,False,10,10
19755,100,betCent,10,0.7351711783439491,0,32,None,66,1,5,False,10,10
19756,101,betCent,10,0.7366640127388535,0,32,None,66,1,5,False,10,10
19757,102,betCent,10,0.7382563694267515,0,32,None,66,1,5,False,10,10
19758,103,betCent,10,0.7395501592356688,0,32,None,66,1,5,False,10,10
19759,104,betCent,10,0.7405453821656051,0,32,None,66,1,5,False,10,10
19760,100,betCent,10,0.7157643312101911,0,7,None,66,1,5,False,10,10
19761,101,betCent,10,0.7186504777070064,0,7,None,66,1,5,False,10,10
19762,102,betCent,10,0.7207404458598726,0,7,None,66,1,5,False,10,10
19763,103,betCent,10,0.7226313694267515,0,7,None,66,1,5,False,10,10
19764,104,betCent,10,0.7242237261146497,0,7,None,66,1,5,False,10,10
19765,100,betCent,10,0.7034235668789809,0,14,None,66,1,5,False,10,10
19766,101,betCent,10,0.7051154458598726,0,14,None,66,1,5,False,10,10
19767,102,betCent,10,0.7052149681528662,0,14,None,66,1,5,False,10,10
19768,103,betCent,10,0.7067078025477707,0,14,None,66,1,5,False,10,10
19769,104,betCent,10,0.7079020700636943,0,14,None,66,1,5,False,10,10
19770,100,betCent,10,0.7094944267515924,0,4,None,66,1,5,False,10,10
19771,101,betCent,10,0.7109872611464968,0,4,None,66,1,5,False,10,10
19772,102,betCent,10,0.7116839171974523,0,4,None,66,1,5,False,10,10
19773,103,betCent,10,0.7127786624203821,0,4,None,66,1,5,False,10,10
19774,104,betCent,10,0.7150676751592356,0,4,None,66,1,5,False,10,10
19775,100,betCent,10,0.7192476114649682,0,22,None,66,1,5,False,10,10
19776,101,betCent,10,0.7215366242038217,0,22,None,66,1,5,False,10,10
19777,102,betCent,10,0.7228304140127388,0,22,None,66,1,5,False,10,10
19778,103,betCent,10,0.7238256369426752,0,22,None,66,1,5,False,10,10
19779,104,betCent,10,0.7254179936305732,0,22,None,66,1,5,False,10,10
19780,100,betCent,10,0.6951632165605095,0,1,None,66,1,5,False,10,10
19781,101,betCent,10,0.6971536624203821,0,1,None,66,1,5,False,10,10
19782,102,betCent,10,0.6989450636942676,0,1,None,66,1,5,False,10,10
19783,103,betCent,10,0.6995421974522293,0,1,None,66,1,5,False,10,10
19784,104,betCent,10,0.7005374203821656,0,1,None,66,1,5,False,10,10
19785,100,betCent,10,0.721437101910828,0,2,None,66,1,5,False,10,10
19786,101,betCent,10,0.7242237261146497,0,2,None,66,1,5,False,10,10
19787,102,betCent,10,0.7280055732484076,0,2,None,66,1,5,False,10,10
19788,103,betCent,10,0.7294984076433121,0,2,None,66,1,5,False,10,10
19789,104,betCent,10,0.7310907643312102,0,2,None,66,1,5,False,10,10
19790,100,betCent,10,0.7117834394904459,0,3,None,66,1,5,False,10,10
19791,101,betCent,10,0.7119824840764332,0,3,None,66,1,5,False,10,10
19792,102,betCent,10,0.7139729299363057,0,3,None,66,1,5,False,10,10
19793,103,betCent,10,0.7153662420382165,0,3,None,66,1,5,False,10,10
19794,104,betCent,10,0.7158638535031847,0,3,None,66,1,5,False,10,10
19795,100,betCent,10,0.723328025477707,0,0,None,66,1,5,False,10,10
19796,101,betCent,10,0.7249203821656051,0,0,None,66,1,5,False,10,10
19797,102,betCent,10,0.7263136942675159,0,0,None,66,1,5,False,10,10
19798,103,betCent,10,0.7273089171974523,0,0,None,66,1,5,False,10,10
19799,104,betCent,10,0.7293988853503185,0,0,None,66,1,5,False,10,10
23265,105,betCent,10,0.7038216560509554,0,1,None,66,1,5,False,10,10
23266,106,betCent,10,0.70421974522293,0,1,None,66,1,5,False,10,10
23267,107,betCent,10,0.7048168789808917,0,1,None,66,1,5,False,10,10
23268,108,betCent,10,0.7074044585987261,0,1,None,66,1,5,False,10,10
23269,109,betCent,10,0.7092953821656051,0,1,None,66,1,5,False,10,10
23270,105,betCent,10,0.7291998407643312,0,2,None,66,1,5,False,10,10
23271,106,betCent,10,0.7313893312101911,0,2,None,66,1,5,False,10,10
23272,107,betCent,10,0.7336783439490446,0,2,None,66,1,5,False,10,10
23273,108,betCent,10,0.7350716560509554,0,2,None,66,1,5,False,10,10
23274,109,betCent,10,0.736265923566879,0,2,None,66,1,5,False,10,10
23275,105,betCent,10,0.6700835987261147,0,5,None,66,1,5,False,10,10
23276,106,betCent,10,0.67078025477707,0,5,None,66,1,5,False,10,10
23277,107,betCent,10,0.6721735668789809,0,5,None,66,1,5,False,10,10
23278,108,betCent,10,0.6731687898089171,0,5,None,66,1,5,False,10,10
23279,109,betCent,10,0.6739649681528662,0,5,None,66,1,5,False,10,10
23280,105,betCent,10,0.7266122611464968,0,13,None,66,1,5,False,10,10
23281,106,betCent,10,0.7286027070063694,0,13,None,66,1,5,False,10,10
23282,107,betCent,10,0.730593152866242,0,13,None,66,1,5,False,10,10
23283,108,betCent,10,0.7331807324840764,0,13,None,66,1,5,False,10,10
23284,109,betCent,10,0.7350716560509554,0,13,None,66,1,5,False,10,10
23285,105,betCent,10,0.7326831210191083,0,11,None,66,1,5,False,10,10
23286,106,betCent,10,0.7357683121019108,0,11,None,66,1,5,False,10,10
23287,107,betCent,10,0.7375597133757962,0,11,None,66,1,5,False,10,10
23288,108,betCent,10,0.7386544585987261,0,11,None,66,1,5,False,10,10
23289,109,betCent,10,0.740047770700637,0,11,None,66,1,5,False,10,10
23290,105,betCent,10,0.7081011146496815,0,20,None,66,1,5,False,10,10
23291,106,betCent,10,0.7105891719745223,0,20,None,66,1,5,False,10,10
23292,107,betCent,10,0.7121815286624203,0,20,None,66,1,5,False,10,10
23293,108,betCent,10,0.7134753184713376,0,20,None,66,1,5,False,10,10
23294,109,betCent,10,0.7139729299363057,0,20,None,66,1,5,False,10,10
23295,105,betCent,10,0.7026273885350318,0,19,None,66,1,5,False,10,10
23296,106,betCent,10,0.7056130573248408,0,19,None,66,1,5,False,10,10
23297,107,betCent,10,0.7096934713375797,0,19,None,66,1,5,False,10,10
23298,108,betCent,10,0.7146695859872612,0,19,None,66,1,5,False,10,10
23299,109,betCent,10,0.7175557324840764,0,19,None,66,1,5,False,10,10
23300,105,betCent,10,0.7268113057324841,0,22,None,66,1,5,False,10,10
23301,106,betCent,10,0.7278065286624203,0,22,None,66,1,5,False,10,10
23302,107,betCent,10,0.729796974522293,0,22,None,66,1,5,False,10,10
23303,108,betCent,10,0.7320859872611465,0,22,None,66,1,5,False,10,10
23304,109,betCent,10,0.7337778662420382,0,22,None,66,1,5,False,10,10
23305,105,betCent,10,0.709593949044586,0,14,None,66,1,5,False,10,10
23306,106,betCent,10,0.7107882165605095,0,14,None,66,1,5,False,10,10
23307,107,betCent,10,0.7125796178343949,0,14,None,66,1,5,False,10,10
23308,108,betCent,10,0.7151671974522293,0,14,None,66,1,5,False,10,10
23309,109,betCent,10,0.7164609872611465,0,14,None,66,1,5,False,10,10
23310,105,betCent,10,0.7306926751592356,0,23,None,66,1,5,False,10,10
23311,106,betCent,10,0.7313893312101911,0,23,None,66,1,5,False,10,10
23312,107,betCent,10,0.7338773885350318,0,23,None,66,1,5,False,10,10
23313,108,betCent,10,0.7359673566878981,0,23,None,66,1,5,False,10,10
23314,109,betCent,10,0.7374601910828026,0,23,None,66,1,5,False,10,10
23315,105,betCent,10,0.671875,0,17,None,66,1,5,False,10,10
23316,106,betCent,10,0.6704816878980892,0,17,None,66,1,5,False,10,10
23317,107,betCent,10,0.6706807324840764,0,17,None,66,1,5,False,10,10
23318,108,betCent,10,0.6705812101910829,0,17,None,66,1,5,False,10,10
23319,109,betCent,10,0.6711783439490446,0,17,None,66,1,5,False,10,10
23320,105,betCent,10,0.7281050955414012,0,21,None,66,1,5,False,10,10
23321,106,betCent,10,0.728702229299363,0,21,None,66,1,5,False,10,10
23322,107,betCent,10,0.730593152866242,0,21,None,66,1,5,False,10,10
23323,108,betCent,10,0.7313893312101911,0,21,None,66,1,5,False,10,10
23324,109,betCent,10,0.7335788216560509,0,21,None,66,1,5,False,10,10
23325,105,betCent,10,0.7138734076433121,0,25,None,66,1,5,False,10,10
23326,106,betCent,10,0.7161624203821656,0,25,None,66,1,5,False,10,10
23327,107,betCent,10,0.7182523885350318,0,25,None,66,1,5,False,10,10
23328,108,betCent,10,0.7201433121019108,0,25,None,66,1,5,False,10,10
23329,109,betCent,10,0.7211385350318471,0,25,None,66,1,5,False,10,10
23330,105,betCent,10,0.7142714968152867,0,26,None,66,1,5,False,10,10
23331,106,betCent,10,0.7171576433121019,0,26,None,66,1,5,False,10,10
23332,107,betCent,10,0.7174562101910829,0,26,None,66,1,5,False,10,10
23333,108,betCent,10,0.7186504777070064,0,26,None,66,1,5,False,10,10
23334,109,betCent,10,0.7193471337579618,0,26,None,66,1,5,False,10,10
23335,105,betCent,10,0.7255175159235668,0,12,None,66,1,5,False,10,10
23336,106,betCent,10,0.7268113057324841,0,12,None,66,1,5,False,10,10
23337,107,betCent,10,0.7281050955414012,0,12,None,66,1,5,False,10,10
23338,108,betCent,10,0.7303941082802548,0,12,None,66,1,5,False,10,10
23339,109,betCent,10,0.7331807324840764,0,12,None,66,1,5,False,10,10
23340,105,betCent,10,0.725218949044586,0,24,None,66,1,5,False,10,10
23341,106,betCent,10,0.7265127388535032,0,24,None,66,1,5,False,10,10
23342,107,betCent,10,0.7296974522292994,0,24,None,66,1,5,False,10,10
23343,108,betCent,10,0.7323845541401274,0,24,None,66,1,5,False,10,10
23344,109,betCent,10,0.7348726114649682,0,24,None,66,1,5,False,10,10
23345,105,betCent,10,0.6978503184713376,0,28,None,66,1,5,False,10,10
23346,106,betCent,10,0.6979498407643312,0,28,None,66,1,5,False,10,10
23347,107,betCent,10,0.6981488853503185,0,28,None,66,1,5,False,10,10
23348,108,betCent,10,0.6990445859872612,0,28,None,66,1,5,False,10,10
23349,109,betCent,10,0.7009355095541401,0,28,None,66,1,5,False,10,10
23350,105,betCent,10,0.7275079617834395,0,9,None,66,1,5,False,10,10
23351,106,betCent,10,0.7288017515923567,0,9,None,66,1,5,False,10,10
23352,107,betCent,10,0.7309912420382165,0,9,None,66,1,5,False,10,10
23353,108,betCent,10,0.7319864649681529,0,9,None,66,1,5,False,10,10
23354,109,betCent,10,0.7336783439490446,0,9,None,66,1,5,False,10,10
23355,105,betCent,10,0.6900875796178344,0,29,None,66,1,5,False,10,10
23356,106,betCent,10,0.6955613057324841,0,29,None,66,1,5,False,10,10
23357,107,betCent,10,0.6988455414012739,0,29,None,66,1,5,False,10,10
23358,108,betCent,10,0.7011345541401274,0,29,None,66,1,5,False,10,10
23359,109,betCent,10,0.7034235668789809,0,29,None,66,1,5,False,10,10
23360,105,betCent,10,0.729796974522293,0,0,None,66,1,5,False,10,10
23361,106,betCent,10,0.7310907643312102,0,0,None,66,1,5,False,10,10
23362,107,betCent,10,0.7329816878980892,0,0,None,66,1,5,False,10,10
23363,108,betCent,10,0.7342754777070064,0,0,None,66,1,5,False,10,10
23364,109,betCent,10,0.7359673566878981,0,0,None,66,1,5,False,10,10
23365,105,betCent,10,0.6623208598726115,0,6,None,66,1,5,False,10,10
23366,106,betCent,10,0.6628184713375797,0,6,None,66,1,5,False,10,10
23367,107,betCent,10,0.6639132165605095,0,6,None,66,1,5,False,10,10
23368,108,betCent,10,0.664609872611465,0,6,None,66,1,5,False,10,10
23369,109,betCent,10,0.6658041401273885,0,6,None,66,1,5,False,10,10
23370,105,betCent,10,0.6917794585987261,0,27,None,66,1,5,False,10,10
23371,106,betCent,10,0.6949641719745223,0,27,None,66,1,5,False,10,10
23372,107,betCent,10,0.6988455414012739,0,27,None,66,1,5,False,10,10
23373,108,betCent,10,0.7014331210191083,0,27,None,66,1,5,False,10,10
23374,109,betCent,10,0.7034235668789809,0,27,None,66,1,5,False,10,10
23375,105,betCent,10,0.7276074840764332,0,30,None,66,1,5,False,10,10
23376,106,betCent,10,0.7283041401273885,0,30,None,66,1,5,False,10,10
23377,107,betCent,10,0.7306926751592356,0,30,None,66,1,5,False,10,10
23378,108,betCent,10,0.7323845541401274,0,30,None,66,1,5,False,10,10
23379,109,betCent,10,0.7346735668789809,0,30,None,66,1,5,False,10,10
23380,105,betCent,10,0.6353503184713376,0,31,None,66,1,5,False,10,10
23381,106,betCent,10,0.6528662420382165,0,31,None,66,1,5,False,10,10
23382,107,betCent,10,0.6675955414012739,0,31,None,66,1,5,False,10,10
23383,108,betCent,10,0.6760549363057324,0,31,None,66,1,5,False,10,10
23384,109,betCent,10,0.683718152866242,0,31,None,66,1,5,False,10,10
23385,105,betCent,10,0.7139729299363057,0,18,None,66,1,5,False,10,10
23386,106,betCent,10,0.7139729299363057,0,18,None,66,1,5,False,10,10
23387,107,betCent,10,0.7151671974522293,0,18,None,66,1,5,False,10,10
23388,108,betCent,10,0.7167595541401274,0,18,None,66,1,5,False,10,10
23389,109,betCent,10,0.7190485668789809,0,18,None,66,1,5,False,10,10
23390,105,betCent,10,0.7432324840764332,0,32,None,66,1,5,False,10,10
23391,106,betCent,10,0.7441281847133758,0,32,None,66,1,5,False,10,10
23392,107,betCent,10,0.7446257961783439,0,32,None,66,1,5,False,10,10
23393,108,betCent,10,0.745421974522293,0,32,None,66,1,5,False,10,10
23394,109,betCent,10,0.7472133757961783,0,32,None,66,1,5,False,10,10
23395,105,betCent,10,0.7177547770700637,0,4,None,66,1,5,False,10,10
23396,106,betCent,10,0.7188495222929936,0,4,None,66,1,5,False,10,10
23397,107,betCent,10,0.720640923566879,0,4,None,66,1,5,False,10,10
23398,108,betCent,10,0.722531847133758,0,4,None,66,1,5,False,10,10
23399,109,betCent,10,0.7240246815286624,0,4,None,66,1,5,False,10,10
23400,105,betCent,10,0.7236265923566879,0,7,None,66,1,5,False,10,10
23401,106,betCent,10,0.7257165605095541,0,7,None,66,1,5,False,10,10
23402,107,betCent,10,0.7277070063694268,0,7,None,66,1,5,False,10,10
23403,108,betCent,10,0.7302945859872612,0,7,None,66,1,5,False,10,10
23404,109,betCent,10,0.7330812101910829,0,7,None,66,1,5,False,10,10
23405,105,betCent,10,0.7048168789808917,0,8,None,66,1,5,False,10,10
23406,106,betCent,10,0.7051154458598726,0,8,None,66,1,5,False,10,10
23407,107,betCent,10,0.7055135350318471,0,8,None,66,1,5,False,10,10
23408,108,betCent,10,0.706906847133758,0,8,None,66,1,5,False,10,10
23409,109,betCent,10,0.7066082802547771,0,8,None,66,1,5,False,10,10
23410,105,betCent,10,0.6957603503184714,0,16,None,66,1,5,False,10,10
23411,106,betCent,10,0.7001393312101911,0,16,None,66,1,5,False,10,10
23412,107,betCent,10,0.7030254777070064,0,16,None,66,1,5,False,10,10
23413,108,betCent,10,0.7052149681528662,0,16,None,66,1,5,False,10,10
23414,109,betCent,10,0.7071058917197452,0,16,None,66,1,5,False,10,10
23415,105,betCent,10,0.7258160828025477,0,10,None,66,1,5,False,10,10
23416,106,betCent,10,0.7281050955414012,0,10,None,66,1,5,False,10,10
23417,107,betCent,10,0.730593152866242,0,10,None,66,1,5,False,10,10
23418,108,betCent,10,0.7321855095541401,0,10,None,66,1,5,False,10,10
23419,109,betCent,10,0.7339769108280255,0,10,None,66,1,5,False,10,10
23420,105,betCent,10,0.7203423566878981,0,3,None,66,1,5,False,10,10
23421,106,betCent,10,0.7205414012738853,0,3,None,66,1,5,False,10,10
23422,107,betCent,10,0.722531847133758,0,3,None,66,1,5,False,10,10
23423,108,betCent,10,0.7243232484076433,0,3,None,66,1,5,False,10,10
23424,109,betCent,10,0.7248208598726115,0,3,None,66,1,5,False,10,10
23425,105,betCent,10,0.727906050955414,0,15,None,66,1,5,False,10,10
23426,106,betCent,10,0.7293988853503185,0,15,None,66,1,5,False,10,10
23427,107,betCent,10,0.7310907643312102,0,15,None,66,1,5,False,10,10
23428,108,betCent,10,0.7331807324840764,0,15,None,66,1,5,False,10,10
23429,109,betCent,10,0.7352707006369427,0,15,None,66,1,5,False,10,10
23430,110,betCent,10,0.7334792993630573,0,30,None,66,1,5,False,10,10
23431,111,betCent,10,0.7345740445859873,0,30,None,66,1,5,False,10,10
23432,112,betCent,10,0.73546974522293,0,30,None,66,1,5,False,10,10
23433,113,betCent,10,0.7369625796178344,0,30,None,66,1,5,False,10,10
23434,114,betCent,10,0.7395501592356688,0,30,None,66,1,5,False,10,10
23435,110,betCent,10,0.697452229299363,0,27,None,66,1,5,False,10,10
23436,111,betCent,10,0.7005374203821656,0,27,None,66,1,5,False,10,10
23437,112,betCent,10,0.7035230891719745,0,27,None,66,1,5,False,10,10
23438,113,betCent,10,0.7070063694267515,0,27,None,66,1,5,False,10,10
23439,114,betCent,10,0.7089968152866242,0,27,None,66,1,5,False,10,10
23440,110,betCent,10,0.6451035031847133,0,31,None,66,1,5,False,10,10
23441,111,betCent,10,0.6651074840764332,0,31,None,66,1,5,False,10,10
23442,112,betCent,10,0.6769506369426752,0,31,None,66,1,5,False,10,10
23443,113,betCent,10,0.6868033439490446,0,31,None,66,1,5,False,10,10
23444,114,betCent,10,0.6945660828025477,0,31,None,66,1,5,False,10,10
23445,110,betCent,10,0.7359673566878981,0,23,None,66,1,5,False,10,10
23446,111,betCent,10,0.7386544585987261,0,23,None,66,1,5,False,10,10
23447,112,betCent,10,0.7401472929936306,0,23,None,66,1,5,False,10,10
23448,113,betCent,10,0.7413415605095541,0,23,None,66,1,5,False,10,10
23449,114,betCent,10,0.7430334394904459,0,23,None,66,1,5,False,10,10
23450,110,betCent,10,0.7341759554140127,0,22,None,66,1,5,False,10,10
23451,111,betCent,10,0.7360668789808917,0,22,None,66,1,5,False,10,10
23452,112,betCent,10,0.7375597133757962,0,22,None,66,1,5,False,10,10
23453,113,betCent,10,0.7394506369426752,0,22,None,66,1,5,False,10,10
23454,114,betCent,10,0.7396496815286624,0,22,None,66,1,5,False,10,10
23455,110,betCent,10,0.7105891719745223,0,8,None,66,1,5,False,10,10
23456,111,betCent,10,0.7116839171974523,0,8,None,66,1,5,False,10,10
23457,112,betCent,10,0.7117834394904459,0,8,None,66,1,5,False,10,10
23458,113,betCent,10,0.7119824840764332,0,8,None,66,1,5,False,10,10
23459,114,betCent,10,0.7134753184713376,0,8,None,66,1,5,False,10,10
23460,110,betCent,10,0.7078025477707006,0,19,None,66,1,5,False,10,10
23461,111,betCent,10,0.7125796178343949,0,19,None,66,1,5,False,10,10
23462,112,betCent,10,0.7163614649681529,0,19,None,66,1,5,False,10,10
23463,113,betCent,10,0.720640923566879,0,19,None,66,1,5,False,10,10
23464,114,betCent,10,0.7248208598726115,0,19,None,66,1,5,False,10,10
23465,110,betCent,10,0.7353702229299363,0,21,None,66,1,5,False,10,10
23466,111,betCent,10,0.7359673566878981,0,21,None,66,1,5,False,10,10
23467,112,betCent,10,0.737062101910828,0,21,None,66,1,5,False,10,10
23468,113,betCent,10,0.7384554140127388,0,21,None,66,1,5,False,10,10
23469,114,betCent,10,0.7396496815286624,0,21,None,66,1,5,False,10,10
23470,110,betCent,10,0.7188495222929936,0,14,None,66,1,5,False,10,10
23471,111,betCent,10,0.7195461783439491,0,14,None,66,1,5,False,10,10
23472,112,betCent,10,0.7209394904458599,0,14,None,66,1,5,False,10,10
23473,113,betCent,10,0.7222332802547771,0,14,None,66,1,5,False,10,10
23474,114,betCent,10,0.7240246815286624,0,14,None,66,1,5,False,10,10
23475,110,betCent,10,0.7327826433121019,0,24,None,66,1,5,False,10,10
23476,111,betCent,10,0.7349721337579618,0,24,None,66,1,5,False,10,10
23477,112,betCent,10,0.738156847133758,0,24,None,66,1,5,False,10,10
23478,113,betCent,10,0.7406449044585988,0,24,None,66,1,5,False,10,10
23479,114,betCent,10,0.7425358280254777,0,24,None,66,1,5,False,10,10
23480,110,betCent,10,0.7323845541401274,0,13,None,66,1,5,False,10,10
23481,111,betCent,10,0.7341759554140127,0,13,None,66,1,5,False,10,10
23482,112,betCent,10,0.7368630573248408,0,13,None,66,1,5,False,10,10
23483,113,betCent,10,0.7388535031847133,0,13,None,66,1,5,False,10,10
23484,114,betCent,10,0.7414410828025477,0,13,None,66,1,5,False,10,10
23485,110,betCent,10,0.7208399681528662,0,25,None,66,1,5,False,10,10
23486,111,betCent,10,0.7230294585987261,0,25,None,66,1,5,False,10,10
23487,112,betCent,10,0.7241242038216561,0,25,None,66,1,5,False,10,10
23488,113,betCent,10,0.7258160828025477,0,25,None,66,1,5,False,10,10
23489,114,betCent,10,0.7273089171974523,0,25,None,66,1,5,False,10,10
23490,110,betCent,10,0.7231289808917197,0,26,None,66,1,5,False,10,10
23491,111,betCent,10,0.7241242038216561,0,26,None,66,1,5,False,10,10
23492,112,betCent,10,0.7248208598726115,0,26,None,66,1,5,False,10,10
23493,113,betCent,10,0.7256170382165605,0,26,None,66,1,5,False,10,10
23494,114,betCent,10,0.7261146496815286,0,26,None,66,1,5,False,10,10
23495,110,betCent,10,0.709593949044586,0,1,None,66,1,5,False,10,10
23496,111,betCent,10,0.7119824840764332,0,1,None,66,1,5,False,10,10
23497,112,betCent,10,0.7135748407643312,0,1,None,66,1,5,False,10,10
23498,113,betCent,10,0.7155652866242038,0,1,None,66,1,5,False,10,10
23499,114,betCent,10,0.7159633757961783,0,1,None,66,1,5,False,10,10
23500,110,betCent,10,0.6995421974522293,0,29,None,66,1,5,False,10,10
23501,111,betCent,10,0.7029259554140127,0,29,None,66,1,5,False,10,10
23502,112,betCent,10,0.7055135350318471,0,29,None,66,1,5,False,10,10
23503,113,betCent,10,0.707703025477707,0,29,None,66,1,5,False,10,10
23504,114,betCent,10,0.7088972929936306,0,29,None,66,1,5,False,10,10
23505,110,betCent,10,0.7072054140127388,0,16,None,66,1,5,False,10,10
23506,111,betCent,10,0.710390127388535,0,16,None,66,1,5,False,10,10
23507,112,betCent,10,0.7110867834394905,0,16,None,66,1,5,False,10,10
23508,113,betCent,10,0.7139729299363057,0,16,None,66,1,5,False,10,10
23509,114,betCent,10,0.7158638535031847,0,16,None,66,1,5,False,10,10
23510,110,betCent,10,0.666202229299363,0,6,None,66,1,5,False,10,10
23511,111,betCent,10,0.6659036624203821,0,6,None,66,1,5,False,10,10
23512,112,betCent,10,0.6665007961783439,0,6,None,66,1,5,False,10,10
23513,113,betCent,10,0.6692874203821656,0,6,None,66,1,5,False,10,10
23514,114,betCent,10,0.6702826433121019,0,6,None,66,1,5,False,10,10
23515,110,betCent,10,0.7484076433121019,0,32,None,66,1,5,False,10,10
23516,111,betCent,10,0.7501990445859873,0,32,None,66,1,5,False,10,10
23517,112,betCent,10,0.7514928343949044,0,32,None,66,1,5,False,10,10
23518,113,betCent,10,0.7523885350318471,0,32,None,66,1,5,False,10,10
23519,114,betCent,10,0.751890923566879,0,32,None,66,1,5,False,10,10
23520,110,betCent,10,0.73546974522293,0,2,None,66,1,5,False,10,10
23521,111,betCent,10,0.7368630573248408,0,2,None,66,1,5,False,10,10
23522,112,betCent,10,0.7378582802547771,0,2,None,66,1,5,False,10,10
23523,113,betCent,10,0.7403463375796179,0,2,None,66,1,5,False,10,10
23524,114,betCent,10,0.7411425159235668,0,2,None,66,1,5,False,10,10
23525,110,betCent,10,0.7364649681528662,0,0,None,66,1,5,False,10,10
23526,111,betCent,10,0.7369625796178344,0,0,None,66,1,5,False,10,10
23527,112,betCent,10,0.7386544585987261,0,0,None,66,1,5,False,10,10
23528,113,betCent,10,0.7403463375796179,0,0,None,66,1,5,False,10,10
23529,114,betCent,10,0.7417396496815286,0,0,None,66,1,5,False,10,10
23530,110,betCent,10,0.7256170382165605,0,4,None,66,1,5,False,10,10
23531,111,betCent,10,0.7262141719745223,0,4,None,66,1,5,False,10,10
23532,112,betCent,10,0.7276074840764332,0,4,None,66,1,5,False,10,10
23533,113,betCent,10,0.7285031847133758,0,4,None,66,1,5,False,10,10
23534,114,betCent,10,0.7299960191082803,0,4,None,66,1,5,False,10,10
23535,110,betCent,10,0.7283041401273885,0,3,None,66,1,5,False,10,10
23536,111,betCent,10,0.7292993630573248,0,3,None,66,1,5,False,10,10
23537,112,betCent,10,0.7304936305732485,0,3,None,66,1,5,False,10,10
23538,113,betCent,10,0.7313893312101911,0,3,None,66,1,5,False,10,10
23539,114,betCent,10,0.7328821656050956,0,3,None,66,1,5,False,10,10
23540,110,betCent,10,0.6776472929936306,0,5,None,66,1,5,False,10,10
23541,111,betCent,10,0.6774482484076433,0,5,None,66,1,5,False,10,10
23542,112,betCent,10,0.6777468152866242,0,5,None,66,1,5,False,10,10
23543,113,betCent,10,0.6792396496815286,0,5,None,66,1,5,False,10,10
23544,114,betCent,10,0.6801353503184714,0,5,None,66,1,5,False,10,10
23545,110,betCent,10,0.7336783439490446,0,9,None,66,1,5,False,10,10
23546,111,betCent,10,0.7357683121019108,0,9,None,66,1,5,False,10,10
23547,112,betCent,10,0.7365644904458599,0,9,None,66,1,5,False,10,10
23548,113,betCent,10,0.7382563694267515,0,9,None,66,1,5,False,10,10
23549,114,betCent,10,0.7388535031847133,0,9,None,66,1,5,False,10,10
23550,110,betCent,10,0.7310907643312102,0,7,None,66,1,5,False,10,10
23551,111,betCent,10,0.73328025477707,0,7,None,66,1,5,False,10,10
23552,112,betCent,10,0.73546974522293,0,7,None,66,1,5,False,10,10
23553,113,betCent,10,0.7382563694267515,0,7,None,66,1,5,False,10,10
23554,114,betCent,10,0.7398487261146497,0,7,None,66,1,5,False,10,10
23555,110,betCent,10,0.7317874203821656,0,10,None,66,1,5,False,10,10
23556,111,betCent,10,0.73328025477707,0,10,None,66,1,5,False,10,10
23557,112,betCent,10,0.7369625796178344,0,10,None,66,1,5,False,10,10
23558,113,betCent,10,0.7387539808917197,0,10,None,66,1,5,False,10,10
23559,114,betCent,10,0.7412420382165605,0,10,None,66,1,5,False,10,10
23560,110,betCent,10,0.7396496815286624,0,11,None,66,1,5,False,10,10
23561,111,betCent,10,0.7419386942675159,0,11,None,66,1,5,False,10,10
23562,112,betCent,10,0.7438296178343949,0,11,None,66,1,5,False,10,10
23563,113,betCent,10,0.7456210191082803,0,11,None,66,1,5,False,10,10
23564,114,betCent,10,0.7463176751592356,0,11,None,66,1,5,False,10,10
23565,110,betCent,10,0.7303941082802548,0,12,None,66,1,5,False,10,10
23566,111,betCent,10,0.7328821656050956,0,12,None,66,1,5,False,10,10
23567,112,betCent,10,0.7344745222929936,0,12,None,66,1,5,False,10,10
23568,113,betCent,10,0.7363654458598726,0,12,None,66,1,5,False,10,10
23569,114,betCent,10,0.7374601910828026,0,12,None,66,1,5,False,10,10
23570,110,betCent,10,0.7346735668789809,0,15,None,66,1,5,False,10,10
23571,111,betCent,10,0.73546974522293,0,15,None,66,1,5,False,10,10
23572,112,betCent,10,0.7368630573248408,0,15,None,66,1,5,False,10,10
23573,113,betCent,10,0.7380573248407644,0,15,None,66,1,5,False,10,10
23574,114,betCent,10,0.7403463375796179,0,15,None,66,1,5,False,10,10
23575,110,betCent,10,0.6788415605095541,0,17,None,66,1,5,False,10,10
23576,111,betCent,10,0.6777468152866242,0,17,None,66,1,5,False,10,10
23577,112,betCent,10,0.6785429936305732,0,17,None,66,1,5,False,10,10
23578,113,betCent,10,0.6782444267515924,0,17,None,66,1,5,False,10,10
23579,114,betCent,10,0.6794386942675159,0,17,None,66,1,5,False,10,10
23580,110,betCent,10,0.7154657643312102,0,20,None,66,1,5,False,10,10
23581,111,betCent,10,0.7170581210191083,0,20,None,66,1,5,False,10,10
23582,112,betCent,10,0.7175557324840764,0,20,None,66,1,5,False,10,10
23583,113,betCent,10,0.7193471337579618,0,20,None,66,1,5,False,10,10
23584,114,betCent,10,0.7203423566878981,0,20,None,66,1,5,False,10,10
23585,110,betCent,10,0.7202428343949044,0,18,None,66,1,5,False,10,10
23586,111,betCent,10,0.7213375796178344,0,18,None,66,1,5,False,10,10
23587,112,betCent,10,0.7240246815286624,0,18,None,66,1,5,False,10,10
23588,113,betCent,10,0.7247213375796179,0,18,None,66,1,5,False,10,10
23589,114,betCent,10,0.7265127388535032,0,18,None,66,1,5,False,10,10
23590,110,betCent,10,0.706906847133758,0,28,None,66,1,5,False,10,10
23591,111,betCent,10,0.707703025477707,0,28,None,66,1,5,False,10,10
23592,112,betCent,10,0.7091958598726115,0,28,None,66,1,5,False,10,10
23593,113,betCent,10,0.7098925159235668,0,28,None,66,1,5,False,10,10
23594,114,betCent,10,0.711484872611465,0,28,None,66,1,5,False,10,10
27390,115,betCent,10,0.7189490445859873,0,1,None,66,1,5,False,10,10
27391,116,betCent,10,0.7190485668789809,0,1,None,66,1,5,False,10,10
27392,117,betCent,10,0.7205414012738853,0,1,None,66,1,5,False,10,10
27393,118,betCent,10,0.7208399681528662,0,1,None,66,1,5,False,10,10
27394,119,betCent,10,0.723328025477707,0,1,None,66,1,5,False,10,10
27395,115,betCent,10,0.7407444267515924,0,2,None,66,1,5,False,10,10
27396,116,betCent,10,0.7426353503184714,0,2,None,66,1,5,False,10,10
27397,117,betCent,10,0.7444267515923567,0,2,None,66,1,5,False,10,10
27398,118,betCent,10,0.7461186305732485,0,2,None,66,1,5,False,10,10
27399,119,betCent,10,0.7476114649681529,0,2,None,66,1,5,False,10,10
27400,115,betCent,10,0.6836186305732485,0,5,None,66,1,5,False,10,10
27401,116,betCent,10,0.6838176751592356,0,5,None,66,1,5,False,10,10
27402,117,betCent,10,0.6847133757961783,0,5,None,66,1,5,False,10,10
27403,118,betCent,10,0.6857085987261147,0,5,None,66,1,5,False,10,10
27404,119,betCent,10,0.6869028662420382,0,5,None,66,1,5,False,10,10
27405,115,betCent,10,0.738156847133758,0,13,None,66,1,5,False,10,10
27406,116,betCent,10,0.7409434713375797,0,13,None,66,1,5,False,10,10
27407,117,betCent,10,0.7432324840764332,0,13,None,66,1,5,False,10,10
27408,118,betCent,10,0.744327229299363,0,13,None,66,1,5,False,10,10
27409,119,betCent,10,0.7464171974522293,0,13,None,66,1,5,False,10,10
27410,115,betCent,10,0.7201433121019108,0,16,None,66,1,5,False,10,10
27411,116,betCent,10,0.7220342356687898,0,16,None,66,1,5,False,10,10
27412,117,betCent,10,0.723328025477707,0,16,None,66,1,5,False,10,10
27413,118,betCent,10,0.7249203821656051,0,16,None,66,1,5,False,10,10
27414,119,betCent,10,0.7265127388535032,0,16,None,66,1,5,False,10,10
27415,115,betCent,10,0.7155652866242038,0,19,None,66,1,5,False,10,10
27416,116,betCent,10,0.7195461783439491,0,19,None,66,1,5,False,10,10
27417,117,betCent,10,0.7238256369426752,0,19,None,66,1,5,False,10,10
27418,118,betCent,10,0.7281050955414012,0,19,None,66,1,5,False,10,10
27419,119,betCent,10,0.7309912420382165,0,19,None,66,1,5,False,10,10
27420,115,betCent,10,0.7256170382165605,0,14,None,66,1,5,False,10,10
27421,116,betCent,10,0.7270103503184714,0,14,None,66,1,5,False,10,10
27422,117,betCent,10,0.7283041401273885,0,14,None,66,1,5,False,10,10
27423,118,betCent,10,0.7299960191082803,0,14,None,66,1,5,False,10,10
27424,119,betCent,10,0.7308917197452229,0,14,None,66,1,5,False,10,10
27425,115,betCent,10,0.6867038216560509,0,17,None,66,1,5,False,10,10
27426,116,betCent,10,0.6861066878980892,0,17,None,66,1,5,False,10,10
27427,117,betCent,10,0.6859076433121019,0,17,None,66,1,5,False,10,10
27428,118,betCent,10,0.6866042993630573,0,17,None,66,1,5,False,10,10
27429,119,betCent,10,0.6882961783439491,0,17,None,66,1,5,False,10,10
27430,115,betCent,10,0.7421377388535032,0,21,None,66,1,5,False,10,10
27431,116,betCent,10,0.7432324840764332,0,21,None,66,1,5,False,10,10
27432,117,betCent,10,0.743531050955414,0,21,None,66,1,5,False,10,10
27433,118,betCent,10,0.7457205414012739,0,21,None,66,1,5,False,10,10
27434,119,betCent,10,0.7468152866242038,0,21,None,66,1,5,False,10,10
27435,115,betCent,10,0.7250199044585988,0,25,None,66,1,5,False,10,10
27436,116,betCent,10,0.7282046178343949,0,25,None,66,1,5,False,10,10
27437,117,betCent,10,0.7304936305732485,0,25,None,66,1,5,False,10,10
27438,118,betCent,10,0.7327826433121019,0,25,None,66,1,5,False,10,10
27439,119,betCent,10,0.7351711783439491,0,25,None,66,1,5,False,10,10
27440,115,betCent,10,0.7295979299363057,0,26,None,66,1,5,False,10,10
27441,116,betCent,10,0.7310907643312102,0,26,None,66,1,5,False,10,10
27442,117,betCent,10,0.7312898089171974,0,26,None,66,1,5,False,10,10
27443,118,betCent,10,0.7315883757961783,0,26,None,66,1,5,False,10,10
27444,119,betCent,10,0.732484076433121,0,26,None,66,1,5,False,10,10
27445,115,betCent,10,0.7366640127388535,0,12,None,66,1,5,False,10,10
27446,116,betCent,10,0.7390525477707006,0,12,None,66,1,5,False,10,10
27447,117,betCent,10,0.7402468152866242,0,12,None,66,1,5,False,10,10
27448,118,betCent,10,0.7418391719745223,0,12,None,66,1,5,False,10,10
27449,119,betCent,10,0.7428343949044586,0,12,None,66,1,5,False,10,10
27450,115,betCent,10,0.7366640127388535,0,24,None,66,1,5,False,10,10
27451,116,betCent,10,0.7399482484076433,0,24,None,66,1,5,False,10,10
27452,117,betCent,10,0.7432324840764332,0,24,None,66,1,5,False,10,10
27453,118,betCent,10,0.7468152866242038,0,24,None,66,1,5,False,10,10
27454,119,betCent,10,0.7491042993630573,0,24,None,66,1,5,False,10,10
27455,115,betCent,10,0.7153662420382165,0,28,None,66,1,5,False,10,10
27456,116,betCent,10,0.7163614649681529,0,28,None,66,1,5,False,10,10
27457,117,betCent,10,0.7185509554140127,0,28,None,66,1,5,False,10,10
27458,118,betCent,10,0.7192476114649682,0,28,None,66,1,5,False,10,10
27459,119,betCent,10,0.720640923566879,0,28,None,66,1,5,False,10,10
27460,115,betCent,10,0.7394506369426752,0,30,None,66,1,5,False,10,10
27461,116,betCent,10,0.7415406050955414,0,30,None,66,1,5,False,10,10
27462,117,betCent,10,0.7432324840764332,0,30,None,66,1,5,False,10,10
27463,118,betCent,10,0.7458200636942676,0,30,None,66,1,5,False,10,10
27464,119,betCent,10,0.7486066878980892,0,30,None,66,1,5,False,10,10
27465,115,betCent,10,0.7035230891719745,0,27,None,66,1,5,False,10,10
27466,116,betCent,10,0.7072054140127388,0,27,None,66,1,5,False,10,10
27467,117,betCent,10,0.7090963375796179,0,27,None,66,1,5,False,10,10
27468,118,betCent,10,0.7129777070063694,0,27,None,66,1,5,False,10,10
27469,119,betCent,10,0.7164609872611465,0,27,None,66,1,5,False,10,10
27470,115,betCent,10,0.7263136942675159,0,18,None,66,1,5,False,10,10
27471,116,betCent,10,0.7268113057324841,0,18,None,66,1,5,False,10,10
27472,117,betCent,10,0.7300955414012739,0,18,None,66,1,5,False,10,10
27473,118,betCent,10,0.7317874203821656,0,18,None,66,1,5,False,10,10
27474,119,betCent,10,0.73328025477707,0,18,None,66,1,5,False,10,10
27475,115,betCent,10,0.6546576433121019,0,31,None,66,1,5,False,10,10
27476,116,betCent,10,0.6731687898089171,0,31,None,66,1,5,False,10,10
27477,117,betCent,10,0.6868033439490446,0,31,None,66,1,5,False,10,10
27478,118,betCent,10,0.6956608280254777,0,31,None,66,1,5,False,10,10
27479,119,betCent,10,0.7039211783439491,0,31,None,66,1,5,False,10,10
27480,115,betCent,10,0.7386544585987261,0,7,None,66,1,5,False,10,10
27481,116,betCent,10,0.7409434713375797,0,7,None,66,1,5,False,10,10
27482,117,betCent,10,0.7436305732484076,0,7,None,66,1,5,False,10,10
27483,118,betCent,10,0.7451234076433121,0,7,None,66,1,5,False,10,10
27484,119,betCent,10,0.7466162420382165,0,7,None,66,1,5,False,10,10
27485,115,betCent,10,0.747312898089172,0,11,None,66,1,5,False,10,10
27486,116,betCent,10,0.7495023885350318,0,11,None,66,1,5,False,10,10
27487,117,betCent,10,0.7513933121019108,0,11,None,66,1,5,False,10,10
27488,118,betCent,10,0.7512937898089171,0,11,None,66,1,5,False,10,10
27489,119,betCent,10,0.7531847133757962,0,11,None,66,1,5,False,10,10
27490,115,betCent,10,0.7411425159235668,0,15,None,66,1,5,False,10,10
27491,116,betCent,10,0.7421377388535032,0,15,None,66,1,5,False,10,10
27492,117,betCent,10,0.7440286624203821,0,15,None,66,1,5,False,10,10
27493,118,betCent,10,0.7456210191082803,0,15,None,66,1,5,False,10,10
27494,119,betCent,10,0.7475119426751592,0,15,None,66,1,5,False,10,10
27495,115,betCent,10,0.7402468152866242,0,3,None,66,1,5,False,10,10
27496,116,betCent,10,0.7407444267515924,0,3,None,66,1,5,False,10,10
27497,117,betCent,10,0.7413415605095541,0,3,None,66,1,5,False,10,10
27498,118,betCent,10,0.7423367834394905,0,3,None,66,1,5,False,10,10
27499,119,betCent,10,0.743531050955414,0,3,None,66,1,5,False,10,10
27500,115,betCent,10,0.731687898089172,0,4,None,66,1,5,False,10,10
27501,116,betCent,10,0.7326831210191083,0,4,None,66,1,5,False,10,10
27502,117,betCent,10,0.734375,0,4,None,66,1,5,False,10,10
27503,118,betCent,10,0.7353702229299363,0,4,None,66,1,5,False,10,10
27504,119,betCent,10,0.7366640127388535,0,4,None,66,1,5,False,10,10
27505,115,betCent,10,0.6709792993630573,0,6,None,66,1,5,False,10,10
27506,116,betCent,10,0.671875,0,6,None,66,1,5,False,10,10
27507,117,betCent,10,0.6728702229299363,0,6,None,66,1,5,False,10,10
27508,118,betCent,10,0.6753582802547771,0,6,None,66,1,5,False,10,10
27509,119,betCent,10,0.6763535031847133,0,6,None,66,1,5,False,10,10
27510,115,betCent,10,0.7196457006369427,0,8,None,66,1,5,False,10,10
27511,116,betCent,10,0.720640923566879,0,8,None,66,1,5,False,10,10
27512,117,betCent,10,0.7208399681528662,0,8,None,66,1,5,False,10,10
27513,118,betCent,10,0.7211385350318471,0,8,None,66,1,5,False,10,10
27514,119,betCent,10,0.7220342356687898,0,8,None,66,1,5,False,10,10
27515,115,betCent,10,0.7397492038216561,0,10,None,66,1,5,False,10,10
27516,116,betCent,10,0.7421377388535032,0,10,None,66,1,5,False,10,10
27517,117,betCent,10,0.7447253184713376,0,10,None,66,1,5,False,10,10
27518,118,betCent,10,0.7457205414012739,0,10,None,66,1,5,False,10,10
27519,119,betCent,10,0.7472133757961783,0,10,None,66,1,5,False,10,10
27520,115,betCent,10,0.7227308917197452,0,20,None,66,1,5,False,10,10
27521,116,betCent,10,0.7231289808917197,0,20,None,66,1,5,False,10,10
27522,117,betCent,10,0.7242237261146497,0,20,None,66,1,5,False,10,10
27523,118,betCent,10,0.7259156050955414,0,20,None,66,1,5,False,10,10
27524,119,betCent,10,0.7274084394904459,0,20,None,66,1,5,False,10,10
27525,115,betCent,10,0.7409434713375797,0,22,None,66,1,5,False,10,10
27526,116,betCent,10,0.7428343949044586,0,22,None,66,1,5,False,10,10
27527,117,betCent,10,0.744327229299363,0,22,None,66,1,5,False,10,10
27528,118,betCent,10,0.7449243630573248,0,22,None,66,1,5,False,10,10
27529,119,betCent,10,0.7457205414012739,0,22,None,66,1,5,False,10,10
27530,115,betCent,10,0.741640127388535,0,23,None,66,1,5,False,10,10
27531,116,betCent,10,0.7434315286624203,0,23,None,66,1,5,False,10,10
27532,117,betCent,10,0.7442277070063694,0,23,None,66,1,5,False,10,10
27533,118,betCent,10,0.7457205414012739,0,23,None,66,1,5,False,10,10
27534,119,betCent,10,0.7460191082802548,0,23,None,66,1,5,False,10,10
27535,115,betCent,10,0.7549761146496815,0,32,None,66,1,5,False,10,10
27536,116,betCent,10,0.7543789808917197,0,32,None,66,1,5,False,10,10
27537,117,betCent,10,0.7551751592356688,0,32,None,66,1,5,False,10,10
27538,118,betCent,10,0.7557722929936306,0,32,None,66,1,5,False,10,10
27539,119,betCent,10,0.7566679936305732,0,32,None,66,1,5,False,10,10
27540,120,betCent,10,0.7353702229299363,0,26,None,66,1,5,False,10,10
27541,121,betCent,10,0.7364649681528662,0,26,None,66,1,5,False,10,10
27542,122,betCent,10,0.7363654458598726,0,26,None,66,1,5,False,10,10
27543,123,betCent,10,0.7377587579617835,0,26,None,66,1,5,False,10,10
27544,124,betCent,10,0.7373606687898089,0,26,None,66,1,5,False,10,10
27545,115,betCent,10,0.7417396496815286,0,9,None,66,1,5,False,10,10
27546,116,betCent,10,0.7425358280254777,0,9,None,66,1,5,False,10,10
27547,117,betCent,10,0.7425358280254777,0,9,None,66,1,5,False,10,10
27548,118,betCent,10,0.7441281847133758,0,9,None,66,1,5,False,10,10
27549,119,betCent,10,0.7441281847133758,0,9,None,66,1,5,False,10,10
27550,115,betCent,10,0.7065087579617835,0,29,None,66,1,5,False,10,10
27551,116,betCent,10,0.7088972929936306,0,29,None,66,1,5,False,10,10
27552,117,betCent,10,0.7109872611464968,0,29,None,66,1,5,False,10,10
27553,118,betCent,10,0.7132762738853503,0,29,None,66,1,5,False,10,10
27554,119,betCent,10,0.7146695859872612,0,29,None,66,1,5,False,10,10
27555,115,betCent,10,0.741640127388535,0,0,None,66,1,5,False,10,10
27556,116,betCent,10,0.7438296178343949,0,0,None,66,1,5,False,10,10
27557,117,betCent,10,0.7448248407643312,0,0,None,66,1,5,False,10,10
27558,118,betCent,10,0.7460191082802548,0,0,None,66,1,5,False,10,10
27559,119,betCent,10,0.7472133757961783,0,0,None,66,1,5,False,10,10
27560,120,betCent,10,0.7334792993630573,0,25,None,66,1,5,False,10,10
27561,121,betCent,10,0.7357683121019108,0,25,None,66,1,5,False,10,10
27562,122,betCent,10,0.7369625796178344,0,25,None,66,1,5,False,10,10
27563,123,betCent,10,0.740047770700637,0,25,None,66,1,5,False,10,10
27564,124,betCent,10,0.7421377388535032,0,25,None,66,1,5,False,10,10
27565,120,betCent,10,0.7314888535031847,0,14,None,66,1,5,False,10,10
27566,121,betCent,10,0.7326831210191083,0,14,None,66,1,5,False,10,10
27567,122,betCent,10,0.7335788216560509,0,14,None,66,1,5,False,10,10
27568,123,betCent,10,0.7356687898089171,0,14,None,66,1,5,False,10,10
27569,124,betCent,10,0.7369625796178344,0,14,None,66,1,5,False,10,10
27570,120,betCent,10,0.7512937898089171,0,11,None,66,1,5,False,10,10
27571,121,betCent,10,0.7534832802547771,0,11,None,66,1,5,False,10,10
27572,122,betCent,10,0.7540804140127388,0,11,None,66,1,5,False,10,10
27573,123,betCent,10,0.7558718152866242,0,11,None,66,1,5,False,10,10
27574,124,betCent,10,0.757265127388535,0,11,None,66,1,5,False,10,10
27575,120,betCent,10,0.743531050955414,0,7,None,66,1,5,False,10,10
27576,121,betCent,10,0.7463176751592356,0,7,None,66,1,5,False,10,10
27577,122,betCent,10,0.7480095541401274,0,7,None,66,1,5,False,10,10
27578,123,betCent,10,0.7501990445859873,0,7,None,66,1,5,False,10,10
27579,124,betCent,10,0.7523885350318471,0,7,None,66,1,5,False,10,10
27580,120,betCent,10,0.6927746815286624,0,17,None,66,1,5,False,10,10
27581,121,betCent,10,0.693172770700637,0,17,None,66,1,5,False,10,10
27582,122,betCent,10,0.6938694267515924,0,17,None,66,1,5,False,10,10
27583,123,betCent,10,0.6945660828025477,0,17,None,66,1,5,False,10,10
27584,124,betCent,10,0.6950636942675159,0,17,None,66,1,5,False,10,10
27585,120,betCent,10,0.727906050955414,0,20,None,66,1,5,False,10,10
27586,121,betCent,10,0.7292993630573248,0,20,None,66,1,5,False,10,10
27587,122,betCent,10,0.7303941082802548,0,20,None,66,1,5,False,10,10
27588,123,betCent,10,0.7320859872611465,0,20,None,66,1,5,False,10,10
27589,124,betCent,10,0.7329816878980892,0,20,None,66,1,5,False,10,10
27590,120,betCent,10,0.7487062101910829,0,22,None,66,1,5,False,10,10
27591,121,betCent,10,0.7498009554140127,0,22,None,66,1,5,False,10,10
27592,122,betCent,10,0.7511942675159236,0,22,None,66,1,5,False,10,10
27593,123,betCent,10,0.7532842356687898,0,22,None,66,1,5,False,10,10
27594,124,betCent,10,0.7546775477707006,0,22,None,66,1,5,False,10,10
27595,120,betCent,10,0.7588574840764332,0,32,None,66,1,5,False,10,10
27596,121,betCent,10,0.7592555732484076,0,32,None,66,1,5,False,10,10
27597,122,betCent,10,0.7601512738853503,0,32,None,66,1,5,False,10,10
27598,123,betCent,10,0.761843152866242,0,32,None,66,1,5,False,10,10
27599,124,betCent,10,0.7627388535031847,0,32,None,66,1,5,False,10,10
27600,120,betCent,10,0.6753582802547771,0,6,None,66,1,5,False,10,10
27601,121,betCent,10,0.6767515923566879,0,6,None,66,1,5,False,10,10
27602,122,betCent,10,0.6774482484076433,0,6,None,66,1,5,False,10,10
27603,123,betCent,10,0.6787420382165605,0,6,None,66,1,5,False,10,10
27604,124,betCent,10,0.6798367834394905,0,6,None,66,1,5,False,10,10
27605,120,betCent,10,0.7246218152866242,0,16,None,66,1,5,False,10,10
27606,121,betCent,10,0.7263136942675159,0,16,None,66,1,5,False,10,10
27607,122,betCent,10,0.7281050955414012,0,16,None,66,1,5,False,10,10
27608,123,betCent,10,0.729796974522293,0,16,None,66,1,5,False,10,10
27609,124,betCent,10,0.7312898089171974,0,16,None,66,1,5,False,10,10
27610,120,betCent,10,0.7329816878980892,0,18,None,66,1,5,False,10,10
27611,121,betCent,10,0.7344745222929936,0,18,None,66,1,5,False,10,10
27612,122,betCent,10,0.7361664012738853,0,18,None,66,1,5,False,10,10
27613,123,betCent,10,0.7376592356687898,0,18,None,66,1,5,False,10,10
27614,124,betCent,10,0.7401472929936306,0,18,None,66,1,5,False,10,10
27615,120,betCent,10,0.7395501592356688,0,12,None,66,1,5,False,10,10
27616,121,betCent,10,0.7415406050955414,0,12,None,66,1,5,False,10,10
27617,122,betCent,10,0.7436305732484076,0,12,None,66,1,5,False,10,10
27618,123,betCent,10,0.7447253184713376,0,12,None,66,1,5,False,10,10
27619,124,betCent,10,0.7459195859872612,0,12,None,66,1,5,False,10,10
27620,120,betCent,10,0.7207404458598726,0,19,None,66,1,5,False,10,10
27621,121,betCent,10,0.7248208598726115,0,19,None,66,1,5,False,10,10
27622,122,betCent,10,0.7280055732484076,0,19,None,66,1,5,False,10,10
27623,123,betCent,10,0.732484076433121,0,19,None,66,1,5,False,10,10
27624,124,betCent,10,0.7364649681528662,0,19,None,66,1,5,False,10,10
27625,120,betCent,10,0.7250199044585988,0,1,None,66,1,5,False,10,10
27626,121,betCent,10,0.7257165605095541,0,1,None,66,1,5,False,10,10
27627,122,betCent,10,0.7273089171974523,0,1,None,66,1,5,False,10,10
27628,123,betCent,10,0.7289012738853503,0,1,None,66,1,5,False,10,10
27629,124,betCent,10,0.7303941082802548,0,1,None,66,1,5,False,10,10
27630,120,betCent,10,0.7460191082802548,0,2,None,66,1,5,False,10,10
27631,121,betCent,10,0.7488057324840764,0,2,None,66,1,5,False,10,10
27632,122,betCent,10,0.7509952229299363,0,2,None,66,1,5,False,10,10
27633,123,betCent,10,0.7533837579617835,0,2,None,66,1,5,False,10,10
27634,124,betCent,10,0.7552746815286624,0,2,None,66,1,5,False,10,10
27635,120,betCent,10,0.6923765923566879,0,5,None,66,1,5,False,10,10
27636,121,betCent,10,0.6919785031847133,0,5,None,66,1,5,False,10,10
27637,122,betCent,10,0.6929737261146497,0,5,None,66,1,5,False,10,10
27638,123,betCent,10,0.6930732484076433,0,5,None,66,1,5,False,10,10
27639,124,betCent,10,0.6938694267515924,0,5,None,66,1,5,False,10,10
27640,120,betCent,10,0.7411425159235668,0,4,None,66,1,5,False,10,10
27641,121,betCent,10,0.7414410828025477,0,4,None,66,1,5,False,10,10
27642,122,betCent,10,0.7419386942675159,0,4,None,66,1,5,False,10,10
27643,123,betCent,10,0.742734872611465,0,4,None,66,1,5,False,10,10
27644,124,betCent,10,0.7425358280254777,0,4,None,66,1,5,False,10,10
27645,120,betCent,10,0.7248208598726115,0,8,None,66,1,5,False,10,10
27646,121,betCent,10,0.7263136942675159,0,8,None,66,1,5,False,10,10
27647,122,betCent,10,0.7273089171974523,0,8,None,66,1,5,False,10,10
27648,123,betCent,10,0.728702229299363,0,8,None,66,1,5,False,10,10
27649,124,betCent,10,0.7294984076433121,0,8,None,66,1,5,False,10,10
27650,120,betCent,10,0.7437300955414012,0,13,None,66,1,5,False,10,10
27651,121,betCent,10,0.7456210191082803,0,13,None,66,1,5,False,10,10
27652,122,betCent,10,0.7483081210191083,0,13,None,66,1,5,False,10,10
27653,123,betCent,10,0.7509952229299363,0,13,None,66,1,5,False,10,10
27654,124,betCent,10,0.7530851910828026,0,13,None,66,1,5,False,10,10
27655,120,betCent,10,0.7480095541401274,0,9,None,66,1,5,False,10,10
27656,121,betCent,10,0.7487062101910829,0,9,None,66,1,5,False,10,10
27657,122,betCent,10,0.7497014331210191,0,9,None,66,1,5,False,10,10
27658,123,betCent,10,0.7505971337579618,0,9,None,66,1,5,False,10,10
27659,124,betCent,10,0.7519904458598726,0,9,None,66,1,5,False,10,10
27660,120,betCent,10,0.7466162420382165,0,21,None,66,1,5,False,10,10
27661,121,betCent,10,0.7487062101910829,0,21,None,66,1,5,False,10,10
27662,122,betCent,10,0.7492038216560509,0,21,None,66,1,5,False,10,10
27663,123,betCent,10,0.7502985668789809,0,21,None,66,1,5,False,10,10
27664,124,betCent,10,0.7515923566878981,0,21,None,66,1,5,False,10,10
27665,120,betCent,10,0.7449243630573248,0,23,None,66,1,5,False,10,10
27666,121,betCent,10,0.7474124203821656,0,23,None,66,1,5,False,10,10
27667,122,betCent,10,0.7479100318471338,0,23,None,66,1,5,False,10,10
27668,123,betCent,10,0.7494028662420382,0,23,None,66,1,5,False,10,10
27669,124,betCent,10,0.7506966560509554,0,23,None,66,1,5,False,10,10
27670,120,betCent,10,0.723328025477707,0,28,None,66,1,5,False,10,10
27671,121,betCent,10,0.7251194267515924,0,28,None,66,1,5,False,10,10
27672,122,betCent,10,0.7259156050955414,0,28,None,66,1,5,False,10,10
27673,123,betCent,10,0.7286027070063694,0,28,None,66,1,5,False,10,10
27674,124,betCent,10,0.7299960191082803,0,28,None,66,1,5,False,10,10
27675,120,betCent,10,0.7117834394904459,0,29,None,66,1,5,False,10,10
27676,121,betCent,10,0.7151671974522293,0,29,None,66,1,5,False,10,10
27677,122,betCent,10,0.716859076433121,0,29,None,66,1,5,False,10,10
27678,123,betCent,10,0.7193471337579618,0,29,None,66,1,5,False,10,10
27679,124,betCent,10,0.7201433121019108,0,29,None,66,1,5,False,10,10
27680,120,betCent,10,0.7450238853503185,0,24,None,66,1,5,False,10,10
27681,121,betCent,10,0.7488057324840764,0,24,None,66,1,5,False,10,10
27682,122,betCent,10,0.7516918789808917,0,24,None,66,1,5,False,10,10
27683,123,betCent,10,0.7534832802547771,0,24,None,66,1,5,False,10,10
27684,124,betCent,10,0.7562699044585988,0,24,None,66,1,5,False,10,10
27685,120,betCent,10,0.709593949044586,0,27,None,66,1,5,False,10,10
27686,121,betCent,10,0.7142714968152867,0,27,None,66,1,5,False,10,10
27687,122,betCent,10,0.7169585987261147,0,27,None,66,1,5,False,10,10
27688,123,betCent,10,0.7205414012738853,0,27,None,66,1,5,False,10,10
27689,124,betCent,10,0.723328025477707,0,27,None,66,1,5,False,10,10
27690,120,betCent,10,0.74890525477707,0,0,None,66,1,5,False,10,10
27691,121,betCent,10,0.7494028662420382,0,0,None,66,1,5,False,10,10
27692,122,betCent,10,0.7505971337579618,0,0,None,66,1,5,False,10,10
27693,123,betCent,10,0.7509952229299363,0,0,None,66,1,5,False,10,10
27694,124,betCent,10,0.7514928343949044,0,0,None,66,1,5,False,10,10
27695,120,betCent,10,0.7464171974522293,0,30,None,66,1,5,False,10,10
27696,121,betCent,10,0.7491042993630573,0,30,None,66,1,5,False,10,10
27697,122,betCent,10,0.751890923566879,0,30,None,66,1,5,False,10,10
27698,123,betCent,10,0.7536823248407644,0,30,None,66,1,5,False,10,10
27699,124,betCent,10,0.7548765923566879,0,30,None,66,1,5,False,10,10
27700,120,betCent,10,0.6623208598726115,0,31,None,66,1,5,False,10,10
27701,121,betCent,10,0.6823248407643312,0,31,None,66,1,5,False,10,10
27702,122,betCent,10,0.6946656050955414,0,31,None,66,1,5,False,10,10
27703,123,betCent,10,0.7033240445859873,0,31,None,66,1,5,False,10,10
27704,124,betCent,10,0.7112858280254777,0,31,None,66,1,5,False,10,10
27705,120,betCent,10,0.7463176751592356,0,10,None,66,1,5,False,10,10
27706,121,betCent,10,0.7478105095541401,0,10,None,66,1,5,False,10,10
27707,122,betCent,10,0.7484076433121019,0,10,None,66,1,5,False,10,10
27708,123,betCent,10,0.74890525477707,0,10,None,66,1,5,False,10,10
27709,124,betCent,10,0.7499004777070064,0,10,None,66,1,5,False,10,10
27710,120,betCent,10,0.7432324840764332,0,15,None,66,1,5,False,10,10
27711,121,betCent,10,0.7453224522292994,0,15,None,66,1,5,False,10,10
27712,122,betCent,10,0.7476114649681529,0,15,None,66,1,5,False,10,10
27713,123,betCent,10,0.7499004777070064,0,15,None,66,1,5,False,10,10
27714,124,betCent,10,0.7509952229299363,0,15,None,66,1,5,False,10,10
27715,120,betCent,10,0.7469148089171974,0,3,None,66,1,5,False,10,10
27716,121,betCent,10,0.7476114649681529,0,3,None,66,1,5,False,10,10
27717,122,betCent,10,0.747312898089172,0,3,None,66,1,5,False,10,10
27718,123,betCent,10,0.7477109872611465,0,3,None,66,1,5,False,10,10
27719,124,betCent,10,0.7485071656050956,0,3,None,66,1,5,False,10,10
31845,125,betCent,10,0.7322850318471338,0,1,None,66,1,5,False,10,10
31846,126,betCent,10,0.7341759554140127,0,1,None,66,1,5,False,10,10
31847,127,betCent,10,0.7352707006369427,0,1,None,66,1,5,False,10,10
31848,128,betCent,10,0.7365644904458599,0,1,None,66,1,5,False,10,10
31849,129,betCent,10,0.7387539808917197,0,1,None,66,1,5,False,10,10
31850,125,betCent,10,0.7504976114649682,0,13,None,66,1,5,False,10,10
31851,126,betCent,10,0.7519904458598726,0,13,None,66,1,5,False,10,10
31852,127,betCent,10,0.7534832802547771,0,13,None,66,1,5,False,10,10
31853,128,betCent,10,0.7557722929936306,0,13,None,66,1,5,False,10,10
31854,129,betCent,10,0.7578622611464968,0,13,None,66,1,5,False,10,10
31855,125,betCent,10,0.7561703821656051,0,22,None,66,1,5,False,10,10
31856,126,betCent,10,0.7580613057324841,0,22,None,66,1,5,False,10,10
31857,127,betCent,10,0.7590565286624203,0,22,None,66,1,5,False,10,10
31858,128,betCent,10,0.7606488853503185,0,22,None,66,1,5,False,10,10
31859,129,betCent,10,0.7631369426751592,0,22,None,66,1,5,False,10,10
31860,125,betCent,10,0.738156847133758,0,14,None,66,1,5,False,10,10
31861,126,betCent,10,0.7393511146496815,0,14,None,66,1,5,False,10,10
31862,127,betCent,10,0.7410429936305732,0,14,None,66,1,5,False,10,10
31863,128,betCent,10,0.7426353503184714,0,14,None,66,1,5,False,10,10
31864,129,betCent,10,0.7429339171974523,0,14,None,66,1,5,False,10,10
31865,125,betCent,10,0.7488057324840764,0,23,None,66,1,5,False,10,10
31866,126,betCent,10,0.7500995222929936,0,23,None,66,1,5,False,10,10
31867,127,betCent,10,0.751890923566879,0,23,None,66,1,5,False,10,10
31868,128,betCent,10,0.7533837579617835,0,23,None,66,1,5,False,10,10
31869,129,betCent,10,0.7548765923566879,0,23,None,66,1,5,False,10,10
31870,125,betCent,10,0.7407444267515924,0,25,None,66,1,5,False,10,10
31871,126,betCent,10,0.7424363057324841,0,25,None,66,1,5,False,10,10
31872,127,betCent,10,0.7439291401273885,0,25,None,66,1,5,False,10,10
31873,128,betCent,10,0.7441281847133758,0,25,None,66,1,5,False,10,10
31874,129,betCent,10,0.745421974522293,0,25,None,66,1,5,False,10,10
31875,125,betCent,10,0.7402468152866242,0,26,None,66,1,5,False,10,10
31876,126,betCent,10,0.7413415605095541,0,26,None,66,1,5,False,10,10
31877,127,betCent,10,0.7425358280254777,0,26,None,66,1,5,False,10,10
31878,128,betCent,10,0.7426353503184714,0,26,None,66,1,5,False,10,10
31879,129,betCent,10,0.7432324840764332,0,26,None,66,1,5,False,10,10
31880,125,betCent,10,0.7188495222929936,0,29,None,66,1,5,False,10,10
31881,126,betCent,10,0.7210390127388535,0,29,None,66,1,5,False,10,10
31882,127,betCent,10,0.7237261146496815,0,29,None,66,1,5,False,10,10
31883,128,betCent,10,0.7266122611464968,0,29,None,66,1,5,False,10,10
31884,129,betCent,10,0.7284036624203821,0,29,None,66,1,5,False,10,10
31885,125,betCent,10,0.7535828025477707,0,30,None,66,1,5,False,10,10
31886,126,betCent,10,0.7554737261146497,0,30,None,66,1,5,False,10,10
31887,127,betCent,10,0.7567675159235668,0,30,None,66,1,5,False,10,10
31888,128,betCent,10,0.7585589171974523,0,30,None,66,1,5,False,10,10
31889,129,betCent,10,0.7598527070063694,0,30,None,66,1,5,False,10,10
31890,125,betCent,10,0.6800358280254777,0,6,None,66,1,5,False,10,10
31891,126,betCent,10,0.6817277070063694,0,6,None,66,1,5,False,10,10
31892,127,betCent,10,0.6833200636942676,0,6,None,66,1,5,False,10,10
31893,128,betCent,10,0.6859076433121019,0,6,None,66,1,5,False,10,10
31894,129,betCent,10,0.6873009554140127,0,6,None,66,1,5,False,10,10
31895,125,betCent,10,0.673765923566879,0,31,None,66,1,5,False,10,10
31896,126,betCent,10,0.6924761146496815,0,31,None,66,1,5,False,10,10
31897,127,betCent,10,0.7034235668789809,0,31,None,66,1,5,False,10,10
31898,128,betCent,10,0.714171974522293,0,31,None,66,1,5,False,10,10
31899,129,betCent,10,0.7200437898089171,0,31,None,66,1,5,False,10,10
31900,125,betCent,10,0.7647292993630573,0,32,None,66,1,5,False,10,10
31901,126,betCent,10,0.765625,0,32,None,66,1,5,False,10,10
31902,127,betCent,10,0.7659235668789809,0,32,None,66,1,5,False,10,10
31903,128,betCent,10,0.7672173566878981,0,32,None,66,1,5,False,10,10
31904,129,betCent,10,0.7684116242038217,0,32,None,66,1,5,False,10,10
31905,125,betCent,10,0.7328821656050956,0,16,None,66,1,5,False,10,10
31906,126,betCent,10,0.734375,0,16,None,66,1,5,False,10,10
31907,127,betCent,10,0.7359673566878981,0,16,None,66,1,5,False,10,10
31908,128,betCent,10,0.7367635350318471,0,16,None,66,1,5,False,10,10
31909,129,betCent,10,0.7380573248407644,0,16,None,66,1,5,False,10,10
31910,125,betCent,10,0.7331807324840764,0,8,None,66,1,5,False,10,10
31911,126,betCent,10,0.7336783439490446,0,8,None,66,1,5,False,10,10
31912,127,betCent,10,0.7337778662420382,0,8,None,66,1,5,False,10,10
31913,128,betCent,10,0.7351711783439491,0,8,None,66,1,5,False,10,10
31914,129,betCent,10,0.7352707006369427,0,8,None,66,1,5,False,10,10
31915,125,betCent,10,0.7253184713375797,0,19,None,66,1,5,False,10,10
31916,126,betCent,10,0.7295979299363057,0,19,None,66,1,5,False,10,10
31917,127,betCent,10,0.7318869426751592,0,19,None,66,1,5,False,10,10
31918,128,betCent,10,0.7360668789808917,0,19,None,66,1,5,False,10,10
31919,129,betCent,10,0.7418391719745223,0,19,None,66,1,5,False,10,10
31920,125,betCent,10,0.7514928343949044,0,2,None,66,1,5,False,10,10
31921,126,betCent,10,0.7544785031847133,0,2,None,66,1,5,False,10,10
31922,127,betCent,10,0.7565684713375797,0,2,None,66,1,5,False,10,10
31923,128,betCent,10,0.7582603503184714,0,2,None,66,1,5,False,10,10
31924,129,betCent,10,0.7603503184713376,0,2,None,66,1,5,False,10,10
31925,125,betCent,10,0.7453224522292994,0,4,None,66,1,5,False,10,10
31926,126,betCent,10,0.7459195859872612,0,4,None,66,1,5,False,10,10
31927,127,betCent,10,0.7469148089171974,0,4,None,66,1,5,False,10,10
31928,128,betCent,10,0.7476114649681529,0,4,None,66,1,5,False,10,10
31929,129,betCent,10,0.7486066878980892,0,4,None,66,1,5,False,10,10
31930,125,betCent,10,0.6998407643312102,0,5,None,66,1,5,False,10,10
31931,126,betCent,10,0.6997412420382165,0,5,None,66,1,5,False,10,10
31932,127,betCent,10,0.6995421974522293,0,5,None,66,1,5,False,10,10
31933,128,betCent,10,0.7009355095541401,0,5,None,66,1,5,False,10,10
31934,129,betCent,10,0.7022292993630573,0,5,None,66,1,5,False,10,10
31935,125,betCent,10,0.7503980891719745,0,7,None,66,1,5,False,10,10
31936,126,betCent,10,0.7529856687898089,0,7,None,66,1,5,False,10,10
31937,127,betCent,10,0.753781847133758,0,7,None,66,1,5,False,10,10
31938,128,betCent,10,0.7542794585987261,0,7,None,66,1,5,False,10,10
31939,129,betCent,10,0.7550756369426752,0,7,None,66,1,5,False,10,10
31940,125,betCent,10,0.7476114649681529,0,10,None,66,1,5,False,10,10
31941,126,betCent,10,0.7491042993630573,0,10,None,66,1,5,False,10,10
31942,127,betCent,10,0.7519904458598726,0,10,None,66,1,5,False,10,10
31943,128,betCent,10,0.7522890127388535,0,10,None,66,1,5,False,10,10
31944,129,betCent,10,0.7524880573248408,0,10,None,66,1,5,False,10,10
31945,125,betCent,10,0.7530851910828026,0,9,None,66,1,5,False,10,10
31946,126,betCent,10,0.7535828025477707,0,9,None,66,1,5,False,10,10
31947,127,betCent,10,0.7543789808917197,0,9,None,66,1,5,False,10,10
31948,128,betCent,10,0.7559713375796179,0,9,None,66,1,5,False,10,10
31949,129,betCent,10,0.7569665605095541,0,9,None,66,1,5,False,10,10
31950,125,betCent,10,0.755672770700637,0,11,None,66,1,5,False,10,10
31951,126,betCent,10,0.7566679936305732,0,11,None,66,1,5,False,10,10
31952,127,betCent,10,0.7587579617834395,0,11,None,66,1,5,False,10,10
31953,128,betCent,10,0.7595541401273885,0,11,None,66,1,5,False,10,10
31954,129,betCent,10,0.7609474522292994,0,11,None,66,1,5,False,10,10
31955,125,betCent,10,0.7484076433121019,0,15,None,66,1,5,False,10,10
31956,126,betCent,10,0.7503980891719745,0,15,None,66,1,5,False,10,10
31957,127,betCent,10,0.751890923566879,0,15,None,66,1,5,False,10,10
31958,128,betCent,10,0.7529856687898089,0,15,None,66,1,5,False,10,10
31959,129,betCent,10,0.7547770700636943,0,15,None,66,1,5,False,10,10
31960,125,betCent,10,0.7430334394904459,0,12,None,66,1,5,False,10,10
31961,126,betCent,10,0.7453224522292994,0,12,None,66,1,5,False,10,10
31962,127,betCent,10,0.7468152866242038,0,12,None,66,1,5,False,10,10
31963,128,betCent,10,0.748109076433121,0,12,None,66,1,5,False,10,10
31964,129,betCent,10,0.7488057324840764,0,12,None,66,1,5,False,10,10
31965,125,betCent,10,0.7420382165605095,0,18,None,66,1,5,False,10,10
31966,126,betCent,10,0.7428343949044586,0,18,None,66,1,5,False,10,10
31967,127,betCent,10,0.7444267515923567,0,18,None,66,1,5,False,10,10
31968,128,betCent,10,0.7461186305732485,0,18,None,66,1,5,False,10,10
31969,129,betCent,10,0.7465167197452229,0,18,None,66,1,5,False,10,10
31970,125,betCent,10,0.7330812101910829,0,20,None,66,1,5,False,10,10
31971,126,betCent,10,0.7363654458598726,0,20,None,66,1,5,False,10,10
31972,127,betCent,10,0.7366640127388535,0,20,None,66,1,5,False,10,10
31973,128,betCent,10,0.7378582802547771,0,20,None,66,1,5,False,10,10
31974,129,betCent,10,0.7386544585987261,0,20,None,66,1,5,False,10,10
31975,125,betCent,10,0.752687101910828,0,0,None,66,1,5,False,10,10
31976,126,betCent,10,0.7533837579617835,0,0,None,66,1,5,False,10,10
31977,127,betCent,10,0.7542794585987261,0,0,None,66,1,5,False,10,10
31978,128,betCent,10,0.7557722929936306,0,0,None,66,1,5,False,10,10
31979,129,betCent,10,0.7573646496815286,0,0,None,66,1,5,False,10,10
31980,125,betCent,10,0.7517914012738853,0,3,None,66,1,5,False,10,10
31981,126,betCent,10,0.7519904458598726,0,3,None,66,1,5,False,10,10
31982,127,betCent,10,0.7528861464968153,0,3,None,66,1,5,False,10,10
31983,128,betCent,10,0.7528861464968153,0,3,None,66,1,5,False,10,10
31984,129,betCent,10,0.753781847133758,0,3,None,66,1,5,False,10,10
31985,125,betCent,10,0.7347730891719745,0,28,None,66,1,5,False,10,10
31986,126,betCent,10,0.7355692675159236,0,28,None,66,1,5,False,10,10
31987,127,betCent,10,0.7366640127388535,0,28,None,66,1,5,False,10,10
31988,128,betCent,10,0.7380573248407644,0,28,None,66,1,5,False,10,10
31989,129,betCent,10,0.7392515923566879,0,28,None,66,1,5,False,10,10
31990,125,betCent,10,0.7010350318471338,0,17,None,66,1,5,False,10,10
31991,126,betCent,10,0.7007364649681529,0,17,None,66,1,5,False,10,10
31992,127,betCent,10,0.7018312101910829,0,17,None,66,1,5,False,10,10
31993,128,betCent,10,0.7036226114649682,0,17,None,66,1,5,False,10,10
31994,129,betCent,10,0.7034235668789809,0,17,None,66,1,5,False,10,10
31995,125,betCent,10,0.7534832802547771,0,21,None,66,1,5,False,10,10
31996,126,betCent,10,0.7546775477707006,0,21,None,66,1,5,False,10,10
31997,127,betCent,10,0.7557722929936306,0,21,None,66,1,5,False,10,10
31998,128,betCent,10,0.7575636942675159,0,21,None,66,1,5,False,10,10
31999,129,betCent,10,0.7582603503184714,0,21,None,66,1,5,False,10,10
32000,125,betCent,10,0.7502985668789809,0,24,None,66,1,5,False,10,10
32001,126,betCent,10,0.7544785031847133,0,24,None,66,1,5,False,10,10
32002,127,betCent,10,0.7567675159235668,0,24,None,66,1,5,False,10,10
32003,128,betCent,10,0.7580613057324841,0,24,None,66,1,5,False,10,10
32004,129,betCent,10,0.7614450636942676,0,24,None,66,1,5,False,10,10
32005,125,betCent,10,0.7154657643312102,0,27,None,66,1,5,False,10,10
32006,126,betCent,10,0.7204418789808917,0,27,None,66,1,5,False,10,10
32007,127,betCent,10,0.7249203821656051,0,27,None,66,1,5,False,10,10
32008,128,betCent,10,0.7275079617834395,0,27,None,66,1,5,False,10,10
32009,129,betCent,10,0.7299960191082803,0,27,None,66,1,5,False,10,10
32010,130,betCent,10,0.7396496815286624,0,1,None,66,1,5,False,10,10
32011,131,betCent,10,0.741640127388535,0,1,None,66,1,5,False,10,10
32012,132,betCent,10,0.7433320063694268,0,1,None,66,1,5,False,10,10
32013,133,betCent,10,0.7452229299363057,0,1,None,66,1,5,False,10,10
32014,134,betCent,10,0.7472133757961783,0,1,None,66,1,5,False,10,10
32015,130,betCent,10,0.7563694267515924,0,2,None,66,1,5,False,10,10
32016,131,betCent,10,0.7586584394904459,0,2,None,66,1,5,False,10,10
32017,132,betCent,10,0.7603503184713376,0,2,None,66,1,5,False,10,10
32018,133,betCent,10,0.762937898089172,0,2,None,66,1,5,False,10,10
32019,134,betCent,10,0.7638335987261147,0,2,None,66,1,5,False,10,10
32020,130,betCent,10,0.7580613057324841,0,0,None,66,1,5,False,10,10
32021,131,betCent,10,0.7592555732484076,0,0,None,66,1,5,False,10,10
32022,132,betCent,10,0.7612460191082803,0,0,None,66,1,5,False,10,10
32023,133,betCent,10,0.7628383757961783,0,0,None,66,1,5,False,10,10
32024,134,betCent,10,0.7640326433121019,0,0,None,66,1,5,False,10,10
32025,130,betCent,10,0.7074044585987261,0,5,None,66,1,5,False,10,10
32026,131,betCent,10,0.7071058917197452,0,5,None,66,1,5,False,10,10
32027,132,betCent,10,0.707703025477707,0,5,None,66,1,5,False,10,10
32028,133,betCent,10,0.7082006369426752,0,5,None,66,1,5,False,10,10
32029,134,betCent,10,0.7090963375796179,0,5,None,66,1,5,False,10,10
32030,130,betCent,10,0.7538813694267515,0,23,None,66,1,5,False,10,10
32031,131,betCent,10,0.7542794585987261,0,23,None,66,1,5,False,10,10
32032,132,betCent,10,0.757265127388535,0,23,None,66,1,5,False,10,10
32033,133,betCent,10,0.7585589171974523,0,23,None,66,1,5,False,10,10
32034,134,betCent,10,0.759156050955414,0,23,None,66,1,5,False,10,10
32035,130,betCent,10,0.7421377388535032,0,28,None,66,1,5,False,10,10
32036,131,betCent,10,0.7423367834394905,0,28,None,66,1,5,False,10,10
32037,132,betCent,10,0.7425358280254777,0,28,None,66,1,5,False,10,10
32038,133,betCent,10,0.744327229299363,0,28,None,66,1,5,False,10,10
32039,134,betCent,10,0.7453224522292994,0,28,None,66,1,5,False,10,10
32040,130,betCent,10,0.7245222929936306,0,29,None,66,1,5,False,10,10
32041,131,betCent,10,0.7274084394904459,0,29,None,66,1,5,False,10,10
32042,132,betCent,10,0.7314888535031847,0,29,None,66,1,5,False,10,10
32043,133,betCent,10,0.734375,0,29,None,66,1,5,False,10,10
32044,134,betCent,10,0.7356687898089171,0,29,None,66,1,5,False,10,10
32045,130,betCent,10,0.7385549363057324,0,16,None,66,1,5,False,10,10
32046,131,betCent,10,0.7413415605095541,0,16,None,66,1,5,False,10,10
32047,132,betCent,10,0.7432324840764332,0,16,None,66,1,5,False,10,10
32048,133,betCent,10,0.7452229299363057,0,16,None,66,1,5,False,10,10
32049,134,betCent,10,0.7461186305732485,0,16,None,66,1,5,False,10,10
32050,130,betCent,10,0.7544785031847133,0,7,None,66,1,5,False,10,10
32051,131,betCent,10,0.7559713375796179,0,7,None,66,1,5,False,10,10
32052,132,betCent,10,0.7569665605095541,0,7,None,66,1,5,False,10,10
32053,133,betCent,10,0.7593550955414012,0,7,None,66,1,5,False,10,10
32054,134,betCent,10,0.7598527070063694,0,7,None,66,1,5,False,10,10
32055,130,betCent,10,0.7679140127388535,0,32,None,66,1,5,False,10,10
32056,131,betCent,10,0.7698049363057324,0,32,None,66,1,5,False,10,10
32057,132,betCent,10,0.7708996815286624,0,32,None,66,1,5,False,10,10
32058,133,betCent,10,0.7715963375796179,0,32,None,66,1,5,False,10,10
32059,134,betCent,10,0.7722929936305732,0,32,None,66,1,5,False,10,10
32060,130,betCent,10,0.7511942675159236,0,15,None,66,1,5,False,10,10
32061,131,betCent,10,0.7532842356687898,0,15,None,66,1,5,False,10,10
32062,132,betCent,10,0.755672770700637,0,15,None,66,1,5,False,10,10
32063,133,betCent,10,0.7569665605095541,0,15,None,66,1,5,False,10,10
32064,134,betCent,10,0.7589570063694268,0,15,None,66,1,5,False,10,10
32065,130,betCent,10,0.7509952229299363,0,10,None,66,1,5,False,10,10
32066,131,betCent,10,0.7546775477707006,0,10,None,66,1,5,False,10,10
32067,132,betCent,10,0.7546775477707006,0,10,None,66,1,5,False,10,10
32068,133,betCent,10,0.7563694267515924,0,10,None,66,1,5,False,10,10
32069,134,betCent,10,0.7569665605095541,0,10,None,66,1,5,False,10,10
32070,130,betCent,10,0.7571656050955414,0,13,None,66,1,5,False,10,10
32071,131,betCent,10,0.7581608280254777,0,13,None,66,1,5,False,10,10
32072,132,betCent,10,0.759156050955414,0,13,None,66,1,5,False,10,10
32073,133,betCent,10,0.7605493630573248,0,13,None,66,1,5,False,10,10
32074,134,betCent,10,0.7613455414012739,0,13,None,66,1,5,False,10,10
32075,130,betCent,10,0.7460191082802548,0,12,None,66,1,5,False,10,10
32076,131,betCent,10,0.7475119426751592,0,12,None,66,1,5,False,10,10
32077,132,betCent,10,0.7485071656050956,0,12,None,66,1,5,False,10,10
32078,133,betCent,10,0.7497014331210191,0,12,None,66,1,5,False,10,10
32079,134,betCent,10,0.7502985668789809,0,12,None,66,1,5,False,10,10
32080,130,betCent,10,0.7447253184713376,0,25,None,66,1,5,False,10,10
32081,131,betCent,10,0.7466162420382165,0,25,None,66,1,5,False,10,10
32082,132,betCent,10,0.747312898089172,0,25,None,66,1,5,False,10,10
32083,133,betCent,10,0.7479100318471338,0,25,None,66,1,5,False,10,10
32084,134,betCent,10,0.7488057324840764,0,25,None,66,1,5,False,10,10
32085,130,betCent,10,0.7453224522292994,0,26,None,66,1,5,False,10,10
32086,131,betCent,10,0.7466162420382165,0,26,None,66,1,5,False,10,10
32087,132,betCent,10,0.7455214968152867,0,26,None,66,1,5,False,10,10
32088,133,betCent,10,0.7457205414012739,0,26,None,66,1,5,False,10,10
32089,134,betCent,10,0.7463176751592356,0,26,None,66,1,5,False,10,10
32090,130,betCent,10,0.7595541401273885,0,11,None,66,1,5,False,10,10
32091,131,betCent,10,0.7614450636942676,0,11,None,66,1,5,False,10,10
32092,132,betCent,10,0.7632364649681529,0,11,None,66,1,5,False,10,10
32093,133,betCent,10,0.763734076433121,0,11,None,66,1,5,False,10,10
32094,134,betCent,10,0.7648288216560509,0,11,None,66,1,5,False,10,10
32095,130,betCent,10,0.712281050955414,0,17,None,66,1,5,False,10,10
32096,131,betCent,10,0.7123805732484076,0,17,None,66,1,5,False,10,10
32097,132,betCent,10,0.7127786624203821,0,17,None,66,1,5,False,10,10
32098,133,betCent,10,0.713077229299363,0,17,None,66,1,5,False,10,10
32099,134,betCent,10,0.7143710191082803,0,17,None,66,1,5,False,10,10
32100,130,betCent,10,0.7549761146496815,0,24,None,66,1,5,False,10,10
32101,131,betCent,10,0.7569665605095541,0,24,None,66,1,5,False,10,10
32102,132,betCent,10,0.7595541401273885,0,24,None,66,1,5,False,10,10
32103,133,betCent,10,0.7623407643312102,0,24,None,66,1,5,False,10,10
32104,134,betCent,10,0.7646297770700637,0,24,None,66,1,5,False,10,10
32105,130,betCent,10,0.7295979299363057,0,19,None,66,1,5,False,10,10
32106,131,betCent,10,0.7330812101910829,0,19,None,66,1,5,False,10,10
32107,132,betCent,10,0.7386544585987261,0,19,None,66,1,5,False,10,10
32108,133,betCent,10,0.741640127388535,0,19,None,66,1,5,False,10,10
32109,134,betCent,10,0.7457205414012739,0,19,None,66,1,5,False,10,10
32110,130,betCent,10,0.7390525477707006,0,8,None,66,1,5,False,10,10
32111,131,betCent,10,0.7392515923566879,0,8,None,66,1,5,False,10,10
32112,132,betCent,10,0.7407444267515924,0,8,None,66,1,5,False,10,10
32113,133,betCent,10,0.740843949044586,0,8,None,66,1,5,False,10,10
32114,134,betCent,10,0.7409434713375797,0,8,None,66,1,5,False,10,10
32115,130,betCent,10,0.7581608280254777,0,21,None,66,1,5,False,10,10
32116,131,betCent,10,0.7589570063694268,0,21,None,66,1,5,False,10,10
32117,132,betCent,10,0.759952229299363,0,21,None,66,1,5,False,10,10
32118,133,betCent,10,0.7612460191082803,0,21,None,66,1,5,False,10,10
32119,134,betCent,10,0.7623407643312102,0,21,None,66,1,5,False,10,10
32120,130,betCent,10,0.7589570063694268,0,30,None,66,1,5,False,10,10
32121,131,betCent,10,0.7600517515923567,0,30,None,66,1,5,False,10,10
32122,132,betCent,10,0.7617436305732485,0,30,None,66,1,5,False,10,10
32123,133,betCent,10,0.7630374203821656,0,30,None,66,1,5,False,10,10
32124,134,betCent,10,0.7642316878980892,0,30,None,66,1,5,False,10,10
32125,130,betCent,10,0.7487062101910829,0,18,None,66,1,5,False,10,10
32126,131,betCent,10,0.7497014331210191,0,18,None,66,1,5,False,10,10
32127,132,betCent,10,0.7496019108280255,0,18,None,66,1,5,False,10,10
32128,133,betCent,10,0.7508957006369427,0,18,None,66,1,5,False,10,10
32129,134,betCent,10,0.751890923566879,0,18,None,66,1,5,False,10,10
32130,130,betCent,10,0.725218949044586,0,27,None,66,1,5,False,10,10
32131,131,betCent,10,0.7284036624203821,0,27,None,66,1,5,False,10,10
32132,132,betCent,10,0.731687898089172,0,27,None,66,1,5,False,10,10
32133,133,betCent,10,0.734375,0,27,None,66,1,5,False,10,10
32134,134,betCent,10,0.7348726114649682,0,27,None,66,1,5,False,10,10
32135,130,betCent,10,0.684812898089172,0,31,None,66,1,5,False,10,10
32136,131,betCent,10,0.7014331210191083,0,31,None,66,1,5,False,10,10
32137,132,betCent,10,0.7117834394904459,0,31,None,66,1,5,False,10,10
32138,133,betCent,10,0.7185509554140127,0,31,None,66,1,5,False,10,10
32139,134,betCent,10,0.723328025477707,0,31,None,66,1,5,False,10,10
32140,130,betCent,10,0.7585589171974523,0,9,None,66,1,5,False,10,10
32141,131,betCent,10,0.7585589171974523,0,9,None,66,1,5,False,10,10
32142,132,betCent,10,0.7592555732484076,0,9,None,66,1,5,False,10,10
32143,133,betCent,10,0.7604498407643312,0,9,None,66,1,5,False,10,10
32144,134,betCent,10,0.761046974522293,0,9,None,66,1,5,False,10,10
32145,130,betCent,10,0.68640525477707,0,6,None,66,1,5,False,10,10
32146,131,betCent,10,0.6886942675159236,0,6,None,66,1,5,False,10,10
32147,132,betCent,10,0.6898885350318471,0,6,None,66,1,5,False,10,10
32148,133,betCent,10,0.691281847133758,0,6,None,66,1,5,False,10,10
32149,134,betCent,10,0.6921775477707006,0,6,None,66,1,5,False,10,10
32150,130,betCent,10,0.7638335987261147,0,22,None,66,1,5,False,10,10
32151,131,betCent,10,0.7650278662420382,0,22,None,66,1,5,False,10,10
32152,132,betCent,10,0.7659235668789809,0,22,None,66,1,5,False,10,10
32153,133,betCent,10,0.7676154458598726,0,22,None,66,1,5,False,10,10
32154,134,betCent,10,0.7688097133757962,0,22,None,66,1,5,False,10,10
32155,130,betCent,10,0.7455214968152867,0,14,None,66,1,5,False,10,10
32156,131,betCent,10,0.7459195859872612,0,14,None,66,1,5,False,10,10
32157,132,betCent,10,0.746218152866242,0,14,None,66,1,5,False,10,10
32158,133,betCent,10,0.7475119426751592,0,14,None,66,1,5,False,10,10
32159,134,betCent,10,0.7486066878980892,0,14,None,66,1,5,False,10,10
32160,130,betCent,10,0.7492038216560509,0,4,None,66,1,5,False,10,10
32161,131,betCent,10,0.7503980891719745,0,4,None,66,1,5,False,10,10
32162,132,betCent,10,0.7524880573248408,0,4,None,66,1,5,False,10,10
32163,133,betCent,10,0.7534832802547771,0,4,None,66,1,5,False,10,10
32164,134,betCent,10,0.753781847133758,0,4,None,66,1,5,False,10,10
32165,130,betCent,10,0.7580613057324841,0,3,None,66,1,5,False,10,10
32166,131,betCent,10,0.7582603503184714,0,3,None,66,1,5,False,10,10
32167,132,betCent,10,0.759156050955414,0,3,None,66,1,5,False,10,10
32168,133,betCent,10,0.7603503184713376,0,3,None,66,1,5,False,10,10
32169,134,betCent,10,0.7604498407643312,0,3,None,66,1,5,False,10,10
32170,130,betCent,10,0.7404458598726115,0,20,None,66,1,5,False,10,10
32171,131,betCent,10,0.7426353503184714,0,20,None,66,1,5,False,10,10
32172,132,betCent,10,0.7426353503184714,0,20,None,66,1,5,False,10,10
32173,133,betCent,10,0.7441281847133758,0,20,None,66,1,5,False,10,10
32174,134,betCent,10,0.7451234076433121,0,20,None,66,1,5,False,10,10
36630,135,betCent,10,0.7614450636942676,0,13,None,66,1,5,False,10,10
36631,136,betCent,10,0.7622412420382165,0,13,None,66,1,5,False,10,10
36632,137,betCent,10,0.7631369426751592,0,13,None,66,1,5,False,10,10
36633,138,betCent,10,0.7647292993630573,0,13,None,66,1,5,False,10,10
36634,139,betCent,10,0.7658240445859873,0,13,None,66,1,5,False,10,10
36635,135,betCent,10,0.7342754777070064,0,19,None,66,1,5,False,10,10
36636,136,betCent,10,0.7398487261146497,0,19,None,66,1,5,False,10,10
36637,137,betCent,10,0.7432324840764332,0,19,None,66,1,5,False,10,10
36638,138,betCent,10,0.7470143312101911,0,19,None,66,1,5,False,10,10
36639,139,betCent,10,0.7512937898089171,0,19,None,66,1,5,False,10,10
36640,135,betCent,10,0.7570660828025477,0,23,None,66,1,5,False,10,10
36641,136,betCent,10,0.7589570063694268,0,23,None,66,1,5,False,10,10
36642,137,betCent,10,0.7604498407643312,0,23,None,66,1,5,False,10,10
36643,138,betCent,10,0.7624402866242038,0,23,None,66,1,5,False,10,10
36644,139,betCent,10,0.7630374203821656,0,23,None,66,1,5,False,10,10
36645,135,betCent,10,0.7635350318471338,0,21,None,66,1,5,False,10,10
36646,136,betCent,10,0.7639331210191083,0,21,None,66,1,5,False,10,10
36647,137,betCent,10,0.7649283439490446,0,21,None,66,1,5,False,10,10
36648,138,betCent,10,0.7665207006369427,0,21,None,66,1,5,False,10,10
36649,139,betCent,10,0.7674164012738853,0,21,None,66,1,5,False,10,10
36650,135,betCent,10,0.7491042993630573,0,25,None,66,1,5,False,10,10
36651,136,betCent,10,0.7506966560509554,0,25,None,66,1,5,False,10,10
36652,137,betCent,10,0.7513933121019108,0,25,None,66,1,5,False,10,10
36653,138,betCent,10,0.7520899681528662,0,25,None,66,1,5,False,10,10
36654,139,betCent,10,0.7525875796178344,0,25,None,66,1,5,False,10,10
36655,135,betCent,10,0.7497014331210191,0,26,None,66,1,5,False,10,10
36656,136,betCent,10,0.7492038216560509,0,26,None,66,1,5,False,10,10
36657,137,betCent,10,0.7484076433121019,0,26,None,66,1,5,False,10,10
36658,138,betCent,10,0.7494028662420382,0,26,None,66,1,5,False,10,10
36659,139,betCent,10,0.7499004777070064,0,26,None,66,1,5,False,10,10
36660,135,betCent,10,0.7606488853503185,0,24,None,66,1,5,False,10,10
36661,136,betCent,10,0.7628383757961783,0,24,None,66,1,5,False,10,10
36662,137,betCent,10,0.7653264331210191,0,24,None,66,1,5,False,10,10
36663,138,betCent,10,0.7680135350318471,0,24,None,66,1,5,False,10,10
36664,139,betCent,10,0.7706011146496815,0,24,None,66,1,5,False,10,10
36665,135,betCent,10,0.7351711783439491,0,29,None,66,1,5,False,10,10
36666,136,betCent,10,0.7376592356687898,0,29,None,66,1,5,False,10,10
36667,137,betCent,10,0.7383558917197452,0,29,None,66,1,5,False,10,10
36668,138,betCent,10,0.7401472929936306,0,29,None,66,1,5,False,10,10
36669,139,betCent,10,0.7398487261146497,0,29,None,66,1,5,False,10,10
36670,135,betCent,10,0.7641321656050956,0,30,None,66,1,5,False,10,10
36671,136,betCent,10,0.7647292993630573,0,30,None,66,1,5,False,10,10
36672,137,betCent,10,0.7655254777070064,0,30,None,66,1,5,False,10,10
36673,138,betCent,10,0.7670183121019108,0,30,None,66,1,5,False,10,10
36674,139,betCent,10,0.7666202229299363,0,30,None,66,1,5,False,10,10
36675,135,betCent,10,0.6915804140127388,0,31,None,66,1,5,False,10,10
36676,136,betCent,10,0.7117834394904459,0,31,None,66,1,5,False,10,10
36677,137,betCent,10,0.7202428343949044,0,31,None,66,1,5,False,10,10
36678,138,betCent,10,0.7269108280254777,0,31,None,66,1,5,False,10,10
36679,139,betCent,10,0.7320859872611465,0,31,None,66,1,5,False,10,10
36680,135,betCent,10,0.7296974522292994,0,27,None,66,1,5,False,10,10
36681,136,betCent,10,0.7334792993630573,0,27,None,66,1,5,False,10,10
36682,137,betCent,10,0.7357683121019108,0,27,None,66,1,5,False,10,10
36683,138,betCent,10,0.7375597133757962,0,27,None,66,1,5,False,10,10
36684,139,betCent,10,0.7390525477707006,0,27,None,66,1,5,False,10,10
36685,135,betCent,10,0.7737858280254777,0,32,None,66,1,5,False,10,10
36686,136,betCent,10,0.7736863057324841,0,32,None,66,1,5,False,10,10
36687,137,betCent,10,0.774781050955414,0,32,None,66,1,5,False,10,10
36688,138,betCent,10,0.7757762738853503,0,32,None,66,1,5,False,10,10
36689,139,betCent,10,0.7759753184713376,0,32,None,66,1,5,False,10,10
36690,135,betCent,10,0.7460191082802548,0,1,None,66,1,5,False,10,10
36691,136,betCent,10,0.7479100318471338,0,1,None,66,1,5,False,10,10
36692,137,betCent,10,0.7497014331210191,0,1,None,66,1,5,False,10,10
36693,138,betCent,10,0.7509952229299363,0,1,None,66,1,5,False,10,10
36694,139,betCent,10,0.7532842356687898,0,1,None,66,1,5,False,10,10
36695,135,betCent,10,0.7450238853503185,0,16,None,66,1,5,False,10,10
36696,136,betCent,10,0.7471138535031847,0,16,None,66,1,5,False,10,10
36697,137,betCent,10,0.7491042993630573,0,16,None,66,1,5,False,10,10
36698,138,betCent,10,0.7499004777070064,0,16,None,66,1,5,False,10,10
36699,139,betCent,10,0.7501990445859873,0,16,None,66,1,5,False,10,10
36700,135,betCent,10,0.7426353503184714,0,8,None,66,1,5,False,10,10
36701,136,betCent,10,0.7430334394904459,0,8,None,66,1,5,False,10,10
36702,137,betCent,10,0.744327229299363,0,8,None,66,1,5,False,10,10
36703,138,betCent,10,0.7463176751592356,0,8,None,66,1,5,False,10,10
36704,139,betCent,10,0.7474124203821656,0,8,None,66,1,5,False,10,10
36705,135,betCent,10,0.7605493630573248,0,2,None,66,1,5,False,10,10
36706,136,betCent,10,0.7627388535031847,0,2,None,66,1,5,False,10,10
36707,137,betCent,10,0.7652269108280255,0,2,None,66,1,5,False,10,10
36708,138,betCent,10,0.7660230891719745,0,2,None,66,1,5,False,10,10
36709,139,betCent,10,0.767515923566879,0,2,None,66,1,5,False,10,10
36710,135,betCent,10,0.7653264331210191,0,0,None,66,1,5,False,10,10
36711,136,betCent,10,0.76671974522293,0,0,None,66,1,5,False,10,10
36712,137,betCent,10,0.7672173566878981,0,0,None,66,1,5,False,10,10
36713,138,betCent,10,0.7690087579617835,0,0,None,66,1,5,False,10,10
36714,139,betCent,10,0.770203025477707,0,0,None,66,1,5,False,10,10
36715,135,betCent,10,0.7633359872611465,0,3,None,66,1,5,False,10,10
36716,136,betCent,10,0.7635350318471338,0,3,None,66,1,5,False,10,10
36717,137,betCent,10,0.76453025477707,0,3,None,66,1,5,False,10,10
36718,138,betCent,10,0.7654259554140127,0,3,None,66,1,5,False,10,10
36719,139,betCent,10,0.7658240445859873,0,3,None,66,1,5,False,10,10
36720,135,betCent,10,0.7547770700636943,0,4,None,66,1,5,False,10,10
36721,136,betCent,10,0.7559713375796179,0,4,None,66,1,5,False,10,10
36722,137,betCent,10,0.7577627388535032,0,4,None,66,1,5,False,10,10
36723,138,betCent,10,0.7585589171974523,0,4,None,66,1,5,False,10,10
36724,139,betCent,10,0.7596536624203821,0,4,None,66,1,5,False,10,10
36725,135,betCent,10,0.714171974522293,0,5,None,66,1,5,False,10,10
36726,136,betCent,10,0.7140724522292994,0,5,None,66,1,5,False,10,10
36727,137,betCent,10,0.7150676751592356,0,5,None,66,1,5,False,10,10
36728,138,betCent,10,0.7155652866242038,0,5,None,66,1,5,False,10,10
36729,139,betCent,10,0.7169585987261147,0,5,None,66,1,5,False,10,10
36730,135,betCent,10,0.7589570063694268,0,7,None,66,1,5,False,10,10
36731,136,betCent,10,0.7601512738853503,0,7,None,66,1,5,False,10,10
36732,137,betCent,10,0.7619426751592356,0,7,None,66,1,5,False,10,10
36733,138,betCent,10,0.7626393312101911,0,7,None,66,1,5,False,10,10
36734,139,betCent,10,0.762937898089172,0,7,None,66,1,5,False,10,10
36735,135,betCent,10,0.7554737261146497,0,10,None,66,1,5,False,10,10
36736,136,betCent,10,0.7563694267515924,0,10,None,66,1,5,False,10,10
36737,137,betCent,10,0.7575636942675159,0,10,None,66,1,5,False,10,10
36738,138,betCent,10,0.7588574840764332,0,10,None,66,1,5,False,10,10
36739,139,betCent,10,0.7598527070063694,0,10,None,66,1,5,False,10,10
36740,135,betCent,10,0.7654259554140127,0,11,None,66,1,5,False,10,10
36741,136,betCent,10,0.7664211783439491,0,11,None,66,1,5,False,10,10
36742,137,betCent,10,0.7676154458598726,0,11,None,66,1,5,False,10,10
36743,138,betCent,10,0.7688097133757962,0,11,None,66,1,5,False,10,10
36744,139,betCent,10,0.7691082802547771,0,11,None,66,1,5,False,10,10
36745,135,betCent,10,0.7559713375796179,0,15,None,66,1,5,False,10,10
36746,136,betCent,10,0.7580613057324841,0,15,None,66,1,5,False,10,10
36747,137,betCent,10,0.7605493630573248,0,15,None,66,1,5,False,10,10
36748,138,betCent,10,0.7626393312101911,0,15,None,66,1,5,False,10,10
36749,139,betCent,10,0.7638335987261147,0,15,None,66,1,5,False,10,10
36750,135,betCent,10,0.7487062101910829,0,12,None,66,1,5,False,10,10
36751,136,betCent,10,0.7506966560509554,0,12,None,66,1,5,False,10,10
36752,137,betCent,10,0.7513933121019108,0,12,None,66,1,5,False,10,10
36753,138,betCent,10,0.7522890127388535,0,12,None,66,1,5,False,10,10
36754,139,betCent,10,0.7528861464968153,0,12,None,66,1,5,False,10,10
36755,135,betCent,10,0.7172571656050956,0,17,None,66,1,5,False,10,10
36756,136,betCent,10,0.7183519108280255,0,17,None,66,1,5,False,10,10
36757,137,betCent,10,0.7189490445859873,0,17,None,66,1,5,False,10,10
36758,138,betCent,10,0.7190485668789809,0,17,None,66,1,5,False,10,10
36759,139,betCent,10,0.7207404458598726,0,17,None,66,1,5,False,10,10
36760,135,betCent,10,0.7543789808917197,0,18,None,66,1,5,False,10,10
36761,136,betCent,10,0.7542794585987261,0,18,None,66,1,5,False,10,10
36762,137,betCent,10,0.7550756369426752,0,18,None,66,1,5,False,10,10
36763,138,betCent,10,0.7550756369426752,0,18,None,66,1,5,False,10,10
36764,139,betCent,10,0.7561703821656051,0,18,None,66,1,5,False,10,10
36765,135,betCent,10,0.7467157643312102,0,20,None,66,1,5,False,10,10
36766,136,betCent,10,0.7466162420382165,0,20,None,66,1,5,False,10,10
36767,137,betCent,10,0.7488057324840764,0,20,None,66,1,5,False,10,10
36768,138,betCent,10,0.7500995222929936,0,20,None,66,1,5,False,10,10
36769,139,betCent,10,0.7515923566878981,0,20,None,66,1,5,False,10,10
36770,135,betCent,10,0.7463176751592356,0,28,None,66,1,5,False,10,10
36771,136,betCent,10,0.747312898089172,0,28,None,66,1,5,False,10,10
36772,137,betCent,10,0.7477109872611465,0,28,None,66,1,5,False,10,10
36773,138,betCent,10,0.7491042993630573,0,28,None,66,1,5,False,10,10
36774,139,betCent,10,0.7519904458598726,0,28,None,66,1,5,False,10,10
36775,140,betCent,10,0.7384554140127388,0,19,None,66,1,5,False,10,10
36776,141,betCent,10,0.7428343949044586,0,19,None,66,1,5,False,10,10
36777,142,betCent,10,0.7472133757961783,0,19,None,66,1,5,False,10,10
36778,143,betCent,10,0.751890923566879,0,19,None,66,1,5,False,10,10
36779,144,betCent,10,0.754578025477707,0,19,None,66,1,5,False,10,10
36780,140,betCent,10,0.7003383757961783,0,31,None,66,1,5,False,10,10
36781,141,betCent,10,0.7152667197452229,0,31,None,66,1,5,False,10,10
36782,142,betCent,10,0.7237261146496815,0,31,None,66,1,5,False,10,10
36783,143,betCent,10,0.7307921974522293,0,31,None,66,1,5,False,10,10
36784,144,betCent,10,0.7356687898089171,0,31,None,66,1,5,False,10,10
36785,135,betCent,10,0.7616441082802548,0,9,None,66,1,5,False,10,10
36786,136,betCent,10,0.7621417197452229,0,9,None,66,1,5,False,10,10
36787,137,betCent,10,0.7625398089171974,0,9,None,66,1,5,False,10,10
36788,138,betCent,10,0.7639331210191083,0,9,None,66,1,5,False,10,10
36789,139,betCent,10,0.7648288216560509,0,9,None,66,1,5,False,10,10
36790,135,betCent,10,0.6900875796178344,0,6,None,66,1,5,False,10,10
36791,136,betCent,10,0.6921775477707006,0,6,None,66,1,5,False,10,10
36792,137,betCent,10,0.6933718152866242,0,6,None,66,1,5,False,10,10
36793,138,betCent,10,0.6945660828025477,0,6,None,66,1,5,False,10,10
36794,139,betCent,10,0.6949641719745223,0,6,None,66,1,5,False,10,10
36795,135,betCent,10,0.7501990445859873,0,14,None,66,1,5,False,10,10
36796,136,betCent,10,0.7511942675159236,0,14,None,66,1,5,False,10,10
36797,137,betCent,10,0.751890923566879,0,14,None,66,1,5,False,10,10
36798,138,betCent,10,0.7541799363057324,0,14,None,66,1,5,False,10,10
36799,139,betCent,10,0.7544785031847133,0,14,None,66,1,5,False,10,10
36800,135,betCent,10,0.7692078025477707,0,22,None,66,1,5,False,10,10
36801,136,betCent,10,0.7703025477707006,0,22,None,66,1,5,False,10,10
36802,137,betCent,10,0.7709992038216561,0,22,None,66,1,5,False,10,10
36803,138,betCent,10,0.7717953821656051,0,22,None,66,1,5,False,10,10
36804,139,betCent,10,0.772890127388535,0,22,None,66,1,5,False,10,10
36805,140,betCent,10,0.7525875796178344,0,1,None,66,1,5,False,10,10
36806,141,betCent,10,0.7543789808917197,0,1,None,66,1,5,False,10,10
36807,142,betCent,10,0.7570660828025477,0,1,None,66,1,5,False,10,10
36808,143,betCent,10,0.758359872611465,0,1,None,66,1,5,False,10,10
36809,144,betCent,10,0.759952229299363,0,1,None,66,1,5,False,10,10
36810,140,betCent,10,0.7674164012738853,0,21,None,66,1,5,False,10,10
36811,141,betCent,10,0.7677149681528662,0,21,None,66,1,5,False,10,10
36812,142,betCent,10,0.769406847133758,0,21,None,66,1,5,False,10,10
36813,143,betCent,10,0.7704020700636943,0,21,None,66,1,5,False,10,10
36814,144,betCent,10,0.7705015923566879,0,21,None,66,1,5,False,10,10
36815,140,betCent,10,0.7649283439490446,0,2,None,66,1,5,False,10,10
36816,141,betCent,10,0.7671178343949044,0,2,None,66,1,5,False,10,10
36817,142,betCent,10,0.7693073248407644,0,2,None,66,1,5,False,10,10
36818,143,betCent,10,0.7700039808917197,0,2,None,66,1,5,False,10,10
36819,144,betCent,10,0.7714968152866242,0,2,None,66,1,5,False,10,10
36820,140,betCent,10,0.763734076433121,0,15,None,66,1,5,False,10,10
36821,141,betCent,10,0.7659235668789809,0,15,None,66,1,5,False,10,10
36822,142,betCent,10,0.7672173566878981,0,15,None,66,1,5,False,10,10
36823,143,betCent,10,0.7684116242038217,0,15,None,66,1,5,False,10,10
36824,144,betCent,10,0.7684116242038217,0,15,None,66,1,5,False,10,10
36825,140,betCent,10,0.7575636942675159,0,18,None,66,1,5,False,10,10
36826,141,betCent,10,0.759156050955414,0,18,None,66,1,5,False,10,10
36827,142,betCent,10,0.7593550955414012,0,18,None,66,1,5,False,10,10
36828,143,betCent,10,0.7597531847133758,0,18,None,66,1,5,False,10,10
36829,144,betCent,10,0.7594546178343949,0,18,None,66,1,5,False,10,10
36830,140,betCent,10,0.7548765923566879,0,28,None,66,1,5,False,10,10
36831,141,betCent,10,0.7552746815286624,0,28,None,66,1,5,False,10,10
36832,142,betCent,10,0.7559713375796179,0,28,None,66,1,5,False,10,10
36833,143,betCent,10,0.7567675159235668,0,28,None,66,1,5,False,10,10
36834,144,betCent,10,0.7581608280254777,0,28,None,66,1,5,False,10,10
36835,140,betCent,10,0.73546974522293,0,29,None,66,1,5,False,10,10
36836,141,betCent,10,0.7375597133757962,0,29,None,66,1,5,False,10,10
36837,142,betCent,10,0.7387539808917197,0,29,None,66,1,5,False,10,10
36838,143,betCent,10,0.7402468152866242,0,29,None,66,1,5,False,10,10
36839,144,betCent,10,0.7411425159235668,0,29,None,66,1,5,False,10,10
36840,140,betCent,10,0.7223328025477707,0,5,None,66,1,5,False,10,10
36841,141,betCent,10,0.7216361464968153,0,5,None,66,1,5,False,10,10
36842,142,betCent,10,0.7212380573248408,0,5,None,66,1,5,False,10,10
36843,143,betCent,10,0.7219347133757962,0,5,None,66,1,5,False,10,10
36844,144,betCent,10,0.7228304140127388,0,5,None,66,1,5,False,10,10
36845,140,betCent,10,0.7495023885350318,0,16,None,66,1,5,False,10,10
36846,141,betCent,10,0.75109474522293,0,16,None,66,1,5,False,10,10
36847,142,betCent,10,0.752687101910828,0,16,None,66,1,5,False,10,10
36848,143,betCent,10,0.7538813694267515,0,16,None,66,1,5,False,10,10
36849,144,betCent,10,0.7548765923566879,0,16,None,66,1,5,False,10,10
36850,140,betCent,10,0.7635350318471338,0,7,None,66,1,5,False,10,10
36851,141,betCent,10,0.7647292993630573,0,7,None,66,1,5,False,10,10
36852,142,betCent,10,0.7644307324840764,0,7,None,66,1,5,False,10,10
36853,143,betCent,10,0.7649283439490446,0,7,None,66,1,5,False,10,10
36854,144,betCent,10,0.7652269108280255,0,7,None,66,1,5,False,10,10
36855,140,betCent,10,0.7661226114649682,0,13,None,66,1,5,False,10,10
36856,141,betCent,10,0.7664211783439491,0,13,None,66,1,5,False,10,10
36857,142,betCent,10,0.767515923566879,0,13,None,66,1,5,False,10,10
36858,143,betCent,10,0.7682125796178344,0,13,None,66,1,5,False,10,10
36859,144,betCent,10,0.7693073248407644,0,13,None,66,1,5,False,10,10
36860,140,betCent,10,0.7516918789808917,0,26,None,66,1,5,False,10,10
36861,141,betCent,10,0.7535828025477707,0,26,None,66,1,5,False,10,10
36862,142,betCent,10,0.7535828025477707,0,26,None,66,1,5,False,10,10
36863,143,betCent,10,0.7543789808917197,0,26,None,66,1,5,False,10,10
36864,144,betCent,10,0.7559713375796179,0,26,None,66,1,5,False,10,10
36865,140,betCent,10,0.7685111464968153,0,30,None,66,1,5,False,10,10
36866,141,betCent,10,0.7685111464968153,0,30,None,66,1,5,False,10,10
36867,142,betCent,10,0.7695063694267515,0,30,None,66,1,5,False,10,10
36868,143,betCent,10,0.7701035031847133,0,30,None,66,1,5,False,10,10
36869,144,betCent,10,0.7707006369426752,0,30,None,66,1,5,False,10,10
36870,140,betCent,10,0.7278065286624203,0,27,None,66,1,5,False,10,10
36871,141,betCent,10,0.7341759554140127,0,27,None,66,1,5,False,10,10
36872,142,betCent,10,0.7373606687898089,0,27,None,66,1,5,False,10,10
36873,143,betCent,10,0.7407444267515924,0,27,None,66,1,5,False,10,10
36874,144,betCent,10,0.7431329617834395,0,27,None,66,1,5,False,10,10
36875,140,betCent,10,0.755672770700637,0,14,None,66,1,5,False,10,10
36876,141,betCent,10,0.7567675159235668,0,14,None,66,1,5,False,10,10
36877,142,betCent,10,0.7573646496815286,0,14,None,66,1,5,False,10,10
36878,143,betCent,10,0.7596536624203821,0,14,None,66,1,5,False,10,10
36879,144,betCent,10,0.759952229299363,0,14,None,66,1,5,False,10,10
36880,140,betCent,10,0.7706011146496815,0,11,None,66,1,5,False,10,10
36881,141,betCent,10,0.7710987261146497,0,11,None,66,1,5,False,10,10
36882,142,betCent,10,0.7715963375796179,0,11,None,66,1,5,False,10,10
36883,143,betCent,10,0.7726910828025477,0,11,None,66,1,5,False,10,10
36884,144,betCent,10,0.7732882165605095,0,11,None,66,1,5,False,10,10
36885,140,betCent,10,0.727906050955414,0,17,None,66,1,5,False,10,10
36886,141,betCent,10,0.7284036624203821,0,17,None,66,1,5,False,10,10
36887,142,betCent,10,0.7283041401273885,0,17,None,66,1,5,False,10,10
36888,143,betCent,10,0.7291998407643312,0,17,None,66,1,5,False,10,10
36889,144,betCent,10,0.7299960191082803,0,17,None,66,1,5,False,10,10
36890,140,betCent,10,0.7651273885350318,0,24,None,66,1,5,False,10,10
36891,141,betCent,10,0.7676154458598726,0,24,None,66,1,5,False,10,10
36892,142,betCent,10,0.7695063694267515,0,24,None,66,1,5,False,10,10
36893,143,betCent,10,0.7726910828025477,0,24,None,66,1,5,False,10,10
36894,144,betCent,10,0.773984872611465,0,24,None,66,1,5,False,10,10
36895,140,betCent,10,0.7665207006369427,0,9,None,66,1,5,False,10,10
36896,141,betCent,10,0.76671974522293,0,9,None,66,1,5,False,10,10
36897,142,betCent,10,0.767515923566879,0,9,None,66,1,5,False,10,10
36898,143,betCent,10,0.767515923566879,0,9,None,66,1,5,False,10,10
36899,144,betCent,10,0.7677149681528662,0,9,None,66,1,5,False,10,10
36900,140,betCent,10,0.7523885350318471,0,12,None,66,1,5,False,10,10
36901,141,betCent,10,0.7550756369426752,0,12,None,66,1,5,False,10,10
36902,142,betCent,10,0.7562699044585988,0,12,None,66,1,5,False,10,10
36903,143,betCent,10,0.7573646496815286,0,12,None,66,1,5,False,10,10
36904,144,betCent,10,0.7585589171974523,0,12,None,66,1,5,False,10,10
36905,140,betCent,10,0.7546775477707006,0,25,None,66,1,5,False,10,10
36906,141,betCent,10,0.7547770700636943,0,25,None,66,1,5,False,10,10
36907,142,betCent,10,0.7558718152866242,0,25,None,66,1,5,False,10,10
36908,143,betCent,10,0.756468949044586,0,25,None,66,1,5,False,10,10
36909,144,betCent,10,0.7576632165605095,0,25,None,66,1,5,False,10,10
36910,140,betCent,10,0.769406847133758,0,0,None,66,1,5,False,10,10
36911,141,betCent,10,0.7708001592356688,0,0,None,66,1,5,False,10,10
36912,142,betCent,10,0.7714968152866242,0,0,None,66,1,5,False,10,10
36913,143,betCent,10,0.773984872611465,0,0,None,66,1,5,False,10,10
36914,144,betCent,10,0.775577229299363,0,0,None,66,1,5,False,10,10
36915,140,betCent,10,0.7710987261146497,0,3,None,66,1,5,False,10,10
36916,141,betCent,10,0.771297770700637,0,3,None,66,1,5,False,10,10
36917,142,betCent,10,0.7713972929936306,0,3,None,66,1,5,False,10,10
36918,143,betCent,10,0.7717953821656051,0,3,None,66,1,5,False,10,10
36919,144,betCent,10,0.7714968152866242,0,3,None,66,1,5,False,10,10
36920,140,betCent,10,0.759952229299363,0,4,None,66,1,5,False,10,10
36921,141,betCent,10,0.7617436305732485,0,4,None,66,1,5,False,10,10
36922,142,betCent,10,0.7623407643312102,0,4,None,66,1,5,False,10,10
36923,143,betCent,10,0.7627388535031847,0,4,None,66,1,5,False,10,10
36924,144,betCent,10,0.763734076433121,0,4,None,66,1,5,False,10,10
36925,140,betCent,10,0.6950636942675159,0,6,None,66,1,5,False,10,10
36926,141,betCent,10,0.6962579617834395,0,6,None,66,1,5,False,10,10
36927,142,betCent,10,0.6970541401273885,0,6,None,66,1,5,False,10,10
36928,143,betCent,10,0.6983479299363057,0,6,None,66,1,5,False,10,10
36929,144,betCent,10,0.698546974522293,0,6,None,66,1,5,False,10,10
36930,140,betCent,10,0.74890525477707,0,8,None,66,1,5,False,10,10
36931,141,betCent,10,0.7497014331210191,0,8,None,66,1,5,False,10,10
36932,142,betCent,10,0.7502985668789809,0,8,None,66,1,5,False,10,10
36933,143,betCent,10,0.7522890127388535,0,8,None,66,1,5,False,10,10
36934,144,betCent,10,0.7532842356687898,0,8,None,66,1,5,False,10,10
36935,140,betCent,10,0.7588574840764332,0,10,None,66,1,5,False,10,10
36936,141,betCent,10,0.7602507961783439,0,10,None,66,1,5,False,10,10
36937,142,betCent,10,0.7605493630573248,0,10,None,66,1,5,False,10,10
36938,143,betCent,10,0.7613455414012739,0,10,None,66,1,5,False,10,10
36939,144,betCent,10,0.7623407643312102,0,10,None,66,1,5,False,10,10
36940,140,betCent,10,0.7528861464968153,0,20,None,66,1,5,False,10,10
36941,141,betCent,10,0.7530851910828026,0,20,None,66,1,5,False,10,10
36942,142,betCent,10,0.7542794585987261,0,20,None,66,1,5,False,10,10
36943,143,betCent,10,0.7546775477707006,0,20,None,66,1,5,False,10,10
36944,144,betCent,10,0.7551751592356688,0,20,None,66,1,5,False,10,10
36945,140,betCent,10,0.7741839171974523,0,22,None,66,1,5,False,10,10
36946,141,betCent,10,0.7757762738853503,0,22,None,66,1,5,False,10,10
36947,142,betCent,10,0.776671974522293,0,22,None,66,1,5,False,10,10
36948,143,betCent,10,0.7767714968152867,0,22,None,66,1,5,False,10,10
36949,144,betCent,10,0.7778662420382165,0,22,None,66,1,5,False,10,10
36950,140,betCent,10,0.7619426751592356,0,23,None,66,1,5,False,10,10
36951,141,betCent,10,0.763734076433121,0,23,None,66,1,5,False,10,10
36952,142,betCent,10,0.7646297770700637,0,23,None,66,1,5,False,10,10
36953,143,betCent,10,0.7664211783439491,0,23,None,66,1,5,False,10,10
36954,144,betCent,10,0.767515923566879,0,23,None,66,1,5,False,10,10
36955,140,betCent,10,0.7770700636942676,0,32,None,66,1,5,False,10,10
36956,141,betCent,10,0.7771695859872612,0,32,None,66,1,5,False,10,10
36957,142,betCent,10,0.7782643312101911,0,32,None,66,1,5,False,10,10
36958,143,betCent,10,0.7787619426751592,0,32,None,66,1,5,False,10,10
36959,144,betCent,10,0.7792595541401274,0,32,None,66,1,5,False,10,10
41745,145,betCent,10,0.7273089171974523,0,5,None,66,1,5,False,10,10
41746,146,betCent,10,0.727906050955414,0,5,None,66,1,5,False,10,10
41747,147,betCent,10,0.7286027070063694,0,5,None,66,1,5,False,10,10
41748,148,betCent,10,0.7286027070063694,0,5,None,66,1,5,False,10,10
41749,149,betCent,10,0.7288017515923567,0,5,None,66,1,5,False,10,10
41750,145,betCent,10,0.768312101910828,0,13,None,66,1,5,False,10,10
41751,146,betCent,10,0.7693073248407644,0,13,None,66,1,5,False,10,10
41752,147,betCent,10,0.7705015923566879,0,13,None,66,1,5,False,10,10
41753,148,betCent,10,0.771297770700637,0,13,None,66,1,5,False,10,10
41754,149,betCent,10,0.7716958598726115,0,13,None,66,1,5,False,10,10
41755,145,betCent,10,0.7529856687898089,0,16,None,66,1,5,False,10,10
41756,146,betCent,10,0.754578025477707,0,16,None,66,1,5,False,10,10
41757,147,betCent,10,0.7562699044585988,0,16,None,66,1,5,False,10,10
41758,148,betCent,10,0.7575636942675159,0,16,None,66,1,5,False,10,10
41759,149,betCent,10,0.7582603503184714,0,16,None,66,1,5,False,10,10
41760,145,betCent,10,0.7555732484076433,0,8,None,66,1,5,False,10,10
41761,146,betCent,10,0.7558718152866242,0,8,None,66,1,5,False,10,10
41762,147,betCent,10,0.755672770700637,0,8,None,66,1,5,False,10,10
41763,148,betCent,10,0.7560708598726115,0,8,None,66,1,5,False,10,10
41764,149,betCent,10,0.7570660828025477,0,8,None,66,1,5,False,10,10
41765,145,betCent,10,0.7588574840764332,0,20,None,66,1,5,False,10,10
41766,146,betCent,10,0.7581608280254777,0,20,None,66,1,5,False,10,10
41767,147,betCent,10,0.759156050955414,0,20,None,66,1,5,False,10,10
41768,148,betCent,10,0.7595541401273885,0,20,None,66,1,5,False,10,10
41769,149,betCent,10,0.7605493630573248,0,20,None,66,1,5,False,10,10
41770,145,betCent,10,0.7420382165605095,0,19,None,66,1,5,False,10,10
41771,146,betCent,10,0.7465167197452229,0,19,None,66,1,5,False,10,10
41772,147,betCent,10,0.7515923566878981,0,19,None,66,1,5,False,10,10
41773,148,betCent,10,0.7542794585987261,0,19,None,66,1,5,False,10,10
41774,149,betCent,10,0.7587579617834395,0,19,None,66,1,5,False,10,10
41775,145,betCent,10,0.78015525477707,0,22,None,66,1,5,False,10,10
41776,146,betCent,10,0.7791600318471338,0,22,None,66,1,5,False,10,10
41777,147,betCent,10,0.7802547770700637,0,22,None,66,1,5,False,10,10
41778,148,betCent,10,0.7808519108280255,0,22,None,66,1,5,False,10,10
41779,149,betCent,10,0.7814490445859873,0,22,None,66,1,5,False,10,10
41780,145,betCent,10,0.76453025477707,0,23,None,66,1,5,False,10,10
41781,146,betCent,10,0.7672173566878981,0,23,None,66,1,5,False,10,10
41782,147,betCent,10,0.7671178343949044,0,23,None,66,1,5,False,10,10
41783,148,betCent,10,0.768312101910828,0,23,None,66,1,5,False,10,10
41784,149,betCent,10,0.7691082802547771,0,23,None,66,1,5,False,10,10
41785,145,betCent,10,0.7345740445859873,0,17,None,66,1,5,False,10,10
41786,146,betCent,10,0.7336783439490446,0,17,None,66,1,5,False,10,10
41787,147,betCent,10,0.7342754777070064,0,17,None,66,1,5,False,10,10
41788,148,betCent,10,0.7358678343949044,0,17,None,66,1,5,False,10,10
41789,149,betCent,10,0.737062101910828,0,17,None,66,1,5,False,10,10
41790,145,betCent,10,0.7718949044585988,0,21,None,66,1,5,False,10,10
41791,146,betCent,10,0.7716958598726115,0,21,None,66,1,5,False,10,10
41792,147,betCent,10,0.772093949044586,0,21,None,66,1,5,False,10,10
41793,148,betCent,10,0.7722929936305732,0,21,None,66,1,5,False,10,10
41794,149,betCent,10,0.772890127388535,0,21,None,66,1,5,False,10,10
41795,145,betCent,10,0.757265127388535,0,26,None,66,1,5,False,10,10
41796,146,betCent,10,0.7587579617834395,0,26,None,66,1,5,False,10,10
41797,147,betCent,10,0.7580613057324841,0,26,None,66,1,5,False,10,10
41798,148,betCent,10,0.7577627388535032,0,26,None,66,1,5,False,10,10
41799,149,betCent,10,0.7587579617834395,0,26,None,66,1,5,False,10,10
41800,145,betCent,10,0.755672770700637,0,12,None,66,1,5,False,10,10
41801,146,betCent,10,0.757265127388535,0,12,None,66,1,5,False,10,10
41802,147,betCent,10,0.758359872611465,0,12,None,66,1,5,False,10,10
41803,148,betCent,10,0.7600517515923567,0,12,None,66,1,5,False,10,10
41804,149,betCent,10,0.7615445859872612,0,12,None,66,1,5,False,10,10
41805,145,betCent,10,0.7601512738853503,0,28,None,66,1,5,False,10,10
41806,146,betCent,10,0.7607484076433121,0,28,None,66,1,5,False,10,10
41807,147,betCent,10,0.7617436305732485,0,28,None,66,1,5,False,10,10
41808,148,betCent,10,0.7611464968152867,0,28,None,66,1,5,False,10,10
41809,149,betCent,10,0.7631369426751592,0,28,None,66,1,5,False,10,10
41810,145,betCent,10,0.6972531847133758,0,6,None,66,1,5,False,10,10
41811,146,betCent,10,0.697452229299363,0,6,None,66,1,5,False,10,10
41812,147,betCent,10,0.6984474522292994,0,6,None,66,1,5,False,10,10
41813,148,betCent,10,0.6991441082802548,0,6,None,66,1,5,False,10,10
41814,149,betCent,10,0.7003383757961783,0,6,None,66,1,5,False,10,10
41815,145,betCent,10,0.7608479299363057,0,18,None,66,1,5,False,10,10
41816,146,betCent,10,0.7606488853503185,0,18,None,66,1,5,False,10,10
41817,147,betCent,10,0.7623407643312102,0,18,None,66,1,5,False,10,10
41818,148,betCent,10,0.7620421974522293,0,18,None,66,1,5,False,10,10
41819,149,betCent,10,0.7635350318471338,0,18,None,66,1,5,False,10,10
41820,145,betCent,10,0.759952229299363,0,1,None,66,1,5,False,10,10
41821,146,betCent,10,0.7609474522292994,0,1,None,66,1,5,False,10,10
41822,147,betCent,10,0.7621417197452229,0,1,None,66,1,5,False,10,10
41823,148,betCent,10,0.7636345541401274,0,1,None,66,1,5,False,10,10
41824,149,betCent,10,0.7635350318471338,0,1,None,66,1,5,False,10,10
41825,145,betCent,10,0.7655254777070064,0,7,None,66,1,5,False,10,10
41826,146,betCent,10,0.7660230891719745,0,7,None,66,1,5,False,10,10
41827,147,betCent,10,0.7665207006369427,0,7,None,66,1,5,False,10,10
41828,148,betCent,10,0.76671974522293,0,7,None,66,1,5,False,10,10
41829,149,betCent,10,0.7686106687898089,0,7,None,66,1,5,False,10,10
41830,145,betCent,10,0.78015525477707,0,32,None,66,1,5,False,10,10
41831,146,betCent,10,0.7804538216560509,0,32,None,66,1,5,False,10,10
41832,147,betCent,10,0.7811504777070064,0,32,None,66,1,5,False,10,10
41833,148,betCent,10,0.7822452229299363,0,32,None,66,1,5,False,10,10
41834,149,betCent,10,0.7827428343949044,0,32,None,66,1,5,False,10,10
41835,145,betCent,10,0.7684116242038217,0,2,None,66,1,5,False,10,10
41836,146,betCent,10,0.7708996815286624,0,2,None,66,1,5,False,10,10
41837,147,betCent,10,0.7721934713375797,0,2,None,66,1,5,False,10,10
41838,148,betCent,10,0.7733877388535032,0,2,None,66,1,5,False,10,10
41839,149,betCent,10,0.7744824840764332,0,2,None,66,1,5,False,10,10
41840,145,betCent,10,0.7625398089171974,0,14,None,66,1,5,False,10,10
41841,146,betCent,10,0.7633359872611465,0,14,None,66,1,5,False,10,10
41842,147,betCent,10,0.7643312101910829,0,14,None,66,1,5,False,10,10
41843,148,betCent,10,0.7644307324840764,0,14,None,66,1,5,False,10,10
41844,149,betCent,10,0.7653264331210191,0,14,None,66,1,5,False,10,10
41845,145,betCent,10,0.7603503184713376,0,25,None,66,1,5,False,10,10
41846,146,betCent,10,0.7611464968152867,0,25,None,66,1,5,False,10,10
41847,147,betCent,10,0.7614450636942676,0,25,None,66,1,5,False,10,10
41848,148,betCent,10,0.7626393312101911,0,25,None,66,1,5,False,10,10
41849,149,betCent,10,0.7630374203821656,0,25,None,66,1,5,False,10,10
41850,145,betCent,10,0.7657245222929936,0,4,None,66,1,5,False,10,10
41851,146,betCent,10,0.7669187898089171,0,4,None,66,1,5,False,10,10
41852,147,betCent,10,0.767515923566879,0,4,None,66,1,5,False,10,10
41853,148,betCent,10,0.7680135350318471,0,4,None,66,1,5,False,10,10
41854,149,betCent,10,0.7685111464968153,0,4,None,66,1,5,False,10,10
41855,145,betCent,10,0.7750796178343949,0,3,None,66,1,5,False,10,10
41856,146,betCent,10,0.775577229299363,0,3,None,66,1,5,False,10,10
41857,147,betCent,10,0.7752786624203821,0,3,None,66,1,5,False,10,10
41858,148,betCent,10,0.775577229299363,0,3,None,66,1,5,False,10,10
41859,149,betCent,10,0.7753781847133758,0,3,None,66,1,5,False,10,10
41860,145,betCent,10,0.7619426751592356,0,10,None,66,1,5,False,10,10
41861,146,betCent,10,0.761843152866242,0,10,None,66,1,5,False,10,10
41862,147,betCent,10,0.7631369426751592,0,10,None,66,1,5,False,10,10
41863,148,betCent,10,0.7633359872611465,0,10,None,66,1,5,False,10,10
41864,149,betCent,10,0.7638335987261147,0,10,None,66,1,5,False,10,10
41865,145,betCent,10,0.772890127388535,0,11,None,66,1,5,False,10,10
41866,146,betCent,10,0.7730891719745223,0,11,None,66,1,5,False,10,10
41867,147,betCent,10,0.7734872611464968,0,11,None,66,1,5,False,10,10
41868,148,betCent,10,0.7735867834394905,0,11,None,66,1,5,False,10,10
41869,149,betCent,10,0.7751791401273885,0,11,None,66,1,5,False,10,10
41870,145,betCent,10,0.76671974522293,0,15,None,66,1,5,False,10,10
41871,146,betCent,10,0.7686106687898089,0,15,None,66,1,5,False,10,10
41872,147,betCent,10,0.7686106687898089,0,15,None,66,1,5,False,10,10
41873,148,betCent,10,0.7692078025477707,0,15,None,66,1,5,False,10,10
41874,149,betCent,10,0.7701035031847133,0,15,None,66,1,5,False,10,10
41875,145,betCent,10,0.7659235668789809,0,24,None,66,1,5,False,10,10
41876,146,betCent,10,0.768312101910828,0,24,None,66,1,5,False,10,10
41877,147,betCent,10,0.771297770700637,0,24,None,66,1,5,False,10,10
41878,148,betCent,10,0.7741839171974523,0,24,None,66,1,5,False,10,10
41879,149,betCent,10,0.7754777070063694,0,24,None,66,1,5,False,10,10
41880,145,betCent,10,0.7307921974522293,0,27,None,66,1,5,False,10,10
41881,146,betCent,10,0.7372611464968153,0,27,None,66,1,5,False,10,10
41882,147,betCent,10,0.7401472929936306,0,27,None,66,1,5,False,10,10
41883,148,betCent,10,0.7439291401273885,0,27,None,66,1,5,False,10,10
41884,149,betCent,10,0.7457205414012739,0,27,None,66,1,5,False,10,10
41885,145,betCent,10,0.7044187898089171,0,31,None,66,1,5,False,10,10
41886,146,betCent,10,0.7188495222929936,0,31,None,66,1,5,False,10,10
41887,147,betCent,10,0.7280055732484076,0,31,None,66,1,5,False,10,10
41888,148,betCent,10,0.7357683121019108,0,31,None,66,1,5,False,10,10
41889,149,betCent,10,0.7402468152866242,0,31,None,66,1,5,False,10,10
41890,145,betCent,10,0.7709992038216561,0,30,None,66,1,5,False,10,10
41891,146,betCent,10,0.7719944267515924,0,30,None,66,1,5,False,10,10
41892,147,betCent,10,0.7717953821656051,0,30,None,66,1,5,False,10,10
41893,148,betCent,10,0.7723925159235668,0,30,None,66,1,5,False,10,10
41894,149,betCent,10,0.7730891719745223,0,30,None,66,1,5,False,10,10
41895,145,betCent,10,0.7711982484076433,0,9,None,66,1,5,False,10,10
41896,146,betCent,10,0.7715963375796179,0,9,None,66,1,5,False,10,10
41897,147,betCent,10,0.7719944267515924,0,9,None,66,1,5,False,10,10
41898,148,betCent,10,0.7727906050955414,0,9,None,66,1,5,False,10,10
41899,149,betCent,10,0.7733877388535032,0,9,None,66,1,5,False,10,10
41900,145,betCent,10,0.7735867834394905,0,0,None,66,1,5,False,10,10
41901,146,betCent,10,0.774781050955414,0,0,None,66,1,5,False,10,10
41902,147,betCent,10,0.7761743630573248,0,0,None,66,1,5,False,10,10
41903,148,betCent,10,0.777468152866242,0,0,None,66,1,5,False,10,10
41904,149,betCent,10,0.7782643312101911,0,0,None,66,1,5,False,10,10
41905,145,betCent,10,0.738953025477707,0,29,None,66,1,5,False,10,10
41906,146,betCent,10,0.7385549363057324,0,29,None,66,1,5,False,10,10
41907,147,betCent,10,0.7406449044585988,0,29,None,66,1,5,False,10,10
41908,148,betCent,10,0.740843949044586,0,29,None,66,1,5,False,10,10
41909,149,betCent,10,0.7417396496815286,0,29,None,66,1,5,False,10,10
41910,150,betCent,10,0.7615445859872612,0,26,None,66,1,5,False,10,10
41911,151,betCent,10,0.7607484076433121,0,26,None,66,1,5,False,10,10
41912,152,betCent,10,0.7606488853503185,0,26,None,66,1,5,False,10,10
41913,153,betCent,10,0.7612460191082803,0,26,None,66,1,5,False,10,10
41914,154,betCent,10,0.762937898089172,0,26,None,66,1,5,False,10,10
41915,150,betCent,10,0.7647292993630573,0,1,None,66,1,5,False,10,10
41916,151,betCent,10,0.7661226114649682,0,1,None,66,1,5,False,10,10
41917,152,betCent,10,0.7670183121019108,0,1,None,66,1,5,False,10,10
41918,153,betCent,10,0.7666202229299363,0,1,None,66,1,5,False,10,10
41919,154,betCent,10,0.7672173566878981,0,1,None,66,1,5,False,10,10
41920,150,betCent,10,0.771297770700637,0,2,None,66,1,5,False,10,10
41921,151,betCent,10,0.7734872611464968,0,2,None,66,1,5,False,10,10
41922,152,betCent,10,0.7743829617834395,0,2,None,66,1,5,False,10,10
41923,153,betCent,10,0.7754777070063694,0,2,None,66,1,5,False,10,10
41924,154,betCent,10,0.776671974522293,0,2,None,66,1,5,False,10,10
41925,150,betCent,10,0.7681130573248408,0,7,None,66,1,5,False,10,10
41926,151,betCent,10,0.7687101910828026,0,7,None,66,1,5,False,10,10
41927,152,betCent,10,0.7686106687898089,0,7,None,66,1,5,False,10,10
41928,153,betCent,10,0.7697054140127388,0,7,None,66,1,5,False,10,10
41929,154,betCent,10,0.7697054140127388,0,7,None,66,1,5,False,10,10
41930,150,betCent,10,0.7779657643312102,0,11,None,66,1,5,False,10,10
41931,151,betCent,10,0.7783638535031847,0,11,None,66,1,5,False,10,10
41932,152,betCent,10,0.7781648089171974,0,11,None,66,1,5,False,10,10
41933,153,betCent,10,0.7790605095541401,0,11,None,66,1,5,False,10,10
41934,154,betCent,10,0.7791600318471338,0,11,None,66,1,5,False,10,10
41935,150,betCent,10,0.7708001592356688,0,15,None,66,1,5,False,10,10
41936,151,betCent,10,0.7709992038216561,0,15,None,66,1,5,False,10,10
41937,152,betCent,10,0.7719944267515924,0,15,None,66,1,5,False,10,10
41938,153,betCent,10,0.7727906050955414,0,15,None,66,1,5,False,10,10
41939,154,betCent,10,0.7732882165605095,0,15,None,66,1,5,False,10,10
41940,150,betCent,10,0.7401472929936306,0,17,None,66,1,5,False,10,10
41941,151,betCent,10,0.7405453821656051,0,17,None,66,1,5,False,10,10
41942,152,betCent,10,0.7409434713375797,0,17,None,66,1,5,False,10,10
41943,153,betCent,10,0.7423367834394905,0,17,None,66,1,5,False,10,10
41944,154,betCent,10,0.7439291401273885,0,17,None,66,1,5,False,10,10
41945,150,betCent,10,0.7331807324840764,0,5,None,66,1,5,False,10,10
41946,151,betCent,10,0.7333797770700637,0,5,None,66,1,5,False,10,10
41947,152,betCent,10,0.7335788216560509,0,5,None,66,1,5,False,10,10
41948,153,betCent,10,0.7339769108280255,0,5,None,66,1,5,False,10,10
41949,154,betCent,10,0.7346735668789809,0,5,None,66,1,5,False,10,10
41950,150,betCent,10,0.7643312101910829,0,10,None,66,1,5,False,10,10
41951,151,betCent,10,0.7655254777070064,0,10,None,66,1,5,False,10,10
41952,152,betCent,10,0.7661226114649682,0,10,None,66,1,5,False,10,10
41953,153,betCent,10,0.7659235668789809,0,10,None,66,1,5,False,10,10
41954,154,betCent,10,0.7659235668789809,0,10,None,66,1,5,False,10,10
41955,150,betCent,10,0.7002388535031847,0,6,None,66,1,5,False,10,10
41956,151,betCent,10,0.700437898089172,0,6,None,66,1,5,False,10,10
41957,152,betCent,10,0.7017316878980892,0,6,None,66,1,5,False,10,10
41958,153,betCent,10,0.7026273885350318,0,6,None,66,1,5,False,10,10
41959,154,betCent,10,0.7038216560509554,0,6,None,66,1,5,False,10,10
41960,150,betCent,10,0.7616441082802548,0,20,None,66,1,5,False,10,10
41961,151,betCent,10,0.7602507961783439,0,20,None,66,1,5,False,10,10
41962,152,betCent,10,0.7609474522292994,0,20,None,66,1,5,False,10,10
41963,153,betCent,10,0.7630374203821656,0,20,None,66,1,5,False,10,10
41964,154,betCent,10,0.7639331210191083,0,20,None,66,1,5,False,10,10
41965,150,betCent,10,0.7820461783439491,0,22,None,66,1,5,False,10,10
41966,151,betCent,10,0.7829418789808917,0,22,None,66,1,5,False,10,10
41967,152,betCent,10,0.7841361464968153,0,22,None,66,1,5,False,10,10
41968,153,betCent,10,0.783937101910828,0,22,None,66,1,5,False,10,10
41969,154,betCent,10,0.7845342356687898,0,22,None,66,1,5,False,10,10
41970,150,betCent,10,0.783140923566879,0,32,None,66,1,5,False,10,10
41971,151,betCent,10,0.7829418789808917,0,32,None,66,1,5,False,10,10
41972,152,betCent,10,0.7835390127388535,0,32,None,66,1,5,False,10,10
41973,153,betCent,10,0.7838375796178344,0,32,None,66,1,5,False,10,10
41974,154,betCent,10,0.7845342356687898,0,32,None,66,1,5,False,10,10
41975,150,betCent,10,0.7575636942675159,0,16,None,66,1,5,False,10,10
41976,151,betCent,10,0.7586584394904459,0,16,None,66,1,5,False,10,10
41977,152,betCent,10,0.7592555732484076,0,16,None,66,1,5,False,10,10
41978,153,betCent,10,0.759952229299363,0,16,None,66,1,5,False,10,10
41979,154,betCent,10,0.7604498407643312,0,16,None,66,1,5,False,10,10
41980,150,betCent,10,0.7593550955414012,0,8,None,66,1,5,False,10,10
41981,151,betCent,10,0.7600517515923567,0,8,None,66,1,5,False,10,10
41982,152,betCent,10,0.761046974522293,0,8,None,66,1,5,False,10,10
41983,153,betCent,10,0.7612460191082803,0,8,None,66,1,5,False,10,10
41984,154,betCent,10,0.7616441082802548,0,8,None,66,1,5,False,10,10
41985,150,betCent,10,0.7402468152866242,0,29,None,66,1,5,False,10,10
41986,151,betCent,10,0.7412420382165605,0,29,None,66,1,5,False,10,10
41987,152,betCent,10,0.7421377388535032,0,29,None,66,1,5,False,10,10
41988,153,betCent,10,0.7433320063694268,0,29,None,66,1,5,False,10,10
41989,154,betCent,10,0.7438296178343949,0,29,None,66,1,5,False,10,10
41990,150,betCent,10,0.7686106687898089,0,14,None,66,1,5,False,10,10
41991,151,betCent,10,0.7691082802547771,0,14,None,66,1,5,False,10,10
41992,152,betCent,10,0.7693073248407644,0,14,None,66,1,5,False,10,10
41993,153,betCent,10,0.7698049363057324,0,14,None,66,1,5,False,10,10
41994,154,betCent,10,0.7705015923566879,0,14,None,66,1,5,False,10,10
41995,150,betCent,10,0.7705015923566879,0,13,None,66,1,5,False,10,10
41996,151,betCent,10,0.7715963375796179,0,13,None,66,1,5,False,10,10
41997,152,betCent,10,0.772890127388535,0,13,None,66,1,5,False,10,10
41998,153,betCent,10,0.7738853503184714,0,13,None,66,1,5,False,10,10
41999,154,betCent,10,0.7749800955414012,0,13,None,66,1,5,False,10,10
42000,150,betCent,10,0.7461186305732485,0,19,None,66,1,5,False,10,10
42001,151,betCent,10,0.7511942675159236,0,19,None,66,1,5,False,10,10
42002,152,betCent,10,0.7560708598726115,0,19,None,66,1,5,False,10,10
42003,153,betCent,10,0.7601512738853503,0,19,None,66,1,5,False,10,10
42004,154,betCent,10,0.7623407643312102,0,19,None,66,1,5,False,10,10
42005,150,betCent,10,0.7750796178343949,0,21,None,66,1,5,False,10,10
42006,151,betCent,10,0.775577229299363,0,21,None,66,1,5,False,10,10
42007,152,betCent,10,0.775577229299363,0,21,None,66,1,5,False,10,10
42008,153,betCent,10,0.7757762738853503,0,21,None,66,1,5,False,10,10
42009,154,betCent,10,0.7763734076433121,0,21,None,66,1,5,False,10,10
42010,150,betCent,10,0.768312101910828,0,23,None,66,1,5,False,10,10
42011,151,betCent,10,0.7708996815286624,0,23,None,66,1,5,False,10,10
42012,152,betCent,10,0.7715963375796179,0,23,None,66,1,5,False,10,10
42013,153,betCent,10,0.7722929936305732,0,23,None,66,1,5,False,10,10
42014,154,betCent,10,0.7727906050955414,0,23,None,66,1,5,False,10,10
42015,150,betCent,10,0.7697054140127388,0,4,None,66,1,5,False,10,10
42016,151,betCent,10,0.7708996815286624,0,4,None,66,1,5,False,10,10
42017,152,betCent,10,0.7710987261146497,0,4,None,66,1,5,False,10,10
42018,153,betCent,10,0.7723925159235668,0,4,None,66,1,5,False,10,10
42019,154,betCent,10,0.7725915605095541,0,4,None,66,1,5,False,10,10
42020,150,betCent,10,0.7695063694267515,0,24,None,66,1,5,False,10,10
42021,151,betCent,10,0.7729896496815286,0,24,None,66,1,5,False,10,10
42022,152,betCent,10,0.7746815286624203,0,24,None,66,1,5,False,10,10
42023,153,betCent,10,0.7765724522292994,0,24,None,66,1,5,False,10,10
42024,154,betCent,10,0.7777667197452229,0,24,None,66,1,5,False,10,10
42025,150,betCent,10,0.7745820063694268,0,30,None,66,1,5,False,10,10
42026,151,betCent,10,0.7757762738853503,0,30,None,66,1,5,False,10,10
42027,152,betCent,10,0.7776671974522293,0,30,None,66,1,5,False,10,10
42028,153,betCent,10,0.7781648089171974,0,30,None,66,1,5,False,10,10
42029,154,betCent,10,0.7788614649681529,0,30,None,66,1,5,False,10,10
42030,150,betCent,10,0.7781648089171974,0,0,None,66,1,5,False,10,10
42031,151,betCent,10,0.778562898089172,0,0,None,66,1,5,False,10,10
42032,152,betCent,10,0.7803542993630573,0,0,None,66,1,5,False,10,10
42033,153,betCent,10,0.7816480891719745,0,0,None,66,1,5,False,10,10
42034,154,betCent,10,0.7827428343949044,0,0,None,66,1,5,False,10,10
42035,150,betCent,10,0.7799562101910829,0,3,None,66,1,5,False,10,10
42036,151,betCent,10,0.7795581210191083,0,3,None,66,1,5,False,10,10
42037,152,betCent,10,0.7795581210191083,0,3,None,66,1,5,False,10,10
42038,153,betCent,10,0.7804538216560509,0,3,None,66,1,5,False,10,10
42039,154,betCent,10,0.7803542993630573,0,3,None,66,1,5,False,10,10
42040,150,betCent,10,0.7653264331210191,0,28,None,66,1,5,False,10,10
42041,151,betCent,10,0.7655254777070064,0,28,None,66,1,5,False,10,10
42042,152,betCent,10,0.7666202229299363,0,28,None,66,1,5,False,10,10
42043,153,betCent,10,0.767515923566879,0,28,None,66,1,5,False,10,10
42044,154,betCent,10,0.7684116242038217,0,28,None,66,1,5,False,10,10
42045,150,betCent,10,0.7757762738853503,0,9,None,66,1,5,False,10,10
42046,151,betCent,10,0.7756767515923567,0,9,None,66,1,5,False,10,10
42047,152,betCent,10,0.7763734076433121,0,9,None,66,1,5,False,10,10
42048,153,betCent,10,0.7762738853503185,0,9,None,66,1,5,False,10,10
42049,154,betCent,10,0.7760748407643312,0,9,None,66,1,5,False,10,10
42050,150,betCent,10,0.7589570063694268,0,12,None,66,1,5,False,10,10
42051,151,betCent,10,0.7609474522292994,0,12,None,66,1,5,False,10,10
42052,152,betCent,10,0.7619426751592356,0,12,None,66,1,5,False,10,10
42053,153,betCent,10,0.7632364649681529,0,12,None,66,1,5,False,10,10
42054,154,betCent,10,0.7636345541401274,0,12,None,66,1,5,False,10,10
42055,150,betCent,10,0.7638335987261147,0,25,None,66,1,5,False,10,10
42056,151,betCent,10,0.7647292993630573,0,25,None,66,1,5,False,10,10
42057,152,betCent,10,0.7650278662420382,0,25,None,66,1,5,False,10,10
42058,153,betCent,10,0.7668192675159236,0,25,None,66,1,5,False,10,10
42059,154,betCent,10,0.7674164012738853,0,25,None,66,1,5,False,10,10
42060,150,betCent,10,0.7649283439490446,0,18,None,66,1,5,False,10,10
42061,151,betCent,10,0.7660230891719745,0,18,None,66,1,5,False,10,10
42062,152,betCent,10,0.7657245222929936,0,18,None,66,1,5,False,10,10
42063,153,betCent,10,0.7652269108280255,0,18,None,66,1,5,False,10,10
42064,154,betCent,10,0.7660230891719745,0,18,None,66,1,5,False,10,10
42065,150,betCent,10,0.732484076433121,0,27,None,66,1,5,False,10,10
42066,151,betCent,10,0.7392515923566879,0,27,None,66,1,5,False,10,10
42067,152,betCent,10,0.7432324840764332,0,27,None,66,1,5,False,10,10
42068,153,betCent,10,0.7457205414012739,0,27,None,66,1,5,False,10,10
42069,154,betCent,10,0.7474124203821656,0,27,None,66,1,5,False,10,10
42070,150,betCent,10,0.7116839171974523,0,31,None,66,1,5,False,10,10
42071,151,betCent,10,0.7267117834394905,0,31,None,66,1,5,False,10,10
42072,152,betCent,10,0.7365644904458599,0,31,None,66,1,5,False,10,10
42073,153,betCent,10,0.7417396496815286,0,31,None,66,1,5,False,10,10
42074,154,betCent,10,0.7442277070063694,0,31,None,66,1,5,False,10,10
47190,155,betCent,10,0.767515923566879,0,1,None,66,1,5,False,10,10
47191,156,betCent,10,0.7684116242038217,0,1,None,66,1,5,False,10,10
47192,157,betCent,10,0.7700039808917197,0,1,None,66,1,5,False,10,10
47193,158,betCent,10,0.7701035031847133,0,1,None,66,1,5,False,10,10
47194,159,betCent,10,0.7706011146496815,0,1,None,66,1,5,False,10,10
47195,155,betCent,10,0.7742834394904459,0,2,None,66,1,5,False,10,10
47196,156,betCent,10,0.7752786624203821,0,2,None,66,1,5,False,10,10
47197,157,betCent,10,0.7759753184713376,0,2,None,66,1,5,False,10,10
47198,158,betCent,10,0.7773686305732485,0,2,None,66,1,5,False,10,10
47199,159,betCent,10,0.7778662420382165,0,2,None,66,1,5,False,10,10
47200,155,betCent,10,0.7397492038216561,0,5,None,66,1,5,False,10,10
47201,156,betCent,10,0.7384554140127388,0,5,None,66,1,5,False,10,10
47202,157,betCent,10,0.7390525477707006,0,5,None,66,1,5,False,10,10
47203,158,betCent,10,0.7398487261146497,0,5,None,66,1,5,False,10,10
47204,159,betCent,10,0.7399482484076433,0,5,None,66,1,5,False,10,10
47205,155,betCent,10,0.7731886942675159,0,13,None,66,1,5,False,10,10
47206,156,betCent,10,0.7756767515923567,0,13,None,66,1,5,False,10,10
47207,157,betCent,10,0.7762738853503185,0,13,None,66,1,5,False,10,10
47208,158,betCent,10,0.7772691082802548,0,13,None,66,1,5,False,10,10
47209,159,betCent,10,0.7768710191082803,0,13,None,66,1,5,False,10,10
47210,155,betCent,10,0.7722929936305732,0,15,None,66,1,5,False,10,10
47211,156,betCent,10,0.7741839171974523,0,15,None,66,1,5,False,10,10
47212,157,betCent,10,0.7749800955414012,0,15,None,66,1,5,False,10,10
47213,158,betCent,10,0.7756767515923567,0,15,None,66,1,5,False,10,10
47214,159,betCent,10,0.7767714968152867,0,15,None,66,1,5,False,10,10
47215,155,betCent,10,0.7660230891719745,0,10,None,66,1,5,False,10,10
47216,156,betCent,10,0.7666202229299363,0,10,None,66,1,5,False,10,10
47217,157,betCent,10,0.768312101910828,0,10,None,66,1,5,False,10,10
47218,158,betCent,10,0.7679140127388535,0,10,None,66,1,5,False,10,10
47219,159,betCent,10,0.7684116242038217,0,10,None,66,1,5,False,10,10
47220,155,betCent,10,0.7790605095541401,0,11,None,66,1,5,False,10,10
47221,156,betCent,10,0.7791600318471338,0,11,None,66,1,5,False,10,10
47222,157,betCent,10,0.7809514331210191,0,11,None,66,1,5,False,10,10
47223,158,betCent,10,0.7818471337579618,0,11,None,66,1,5,False,10,10
47224,159,betCent,10,0.7827428343949044,0,11,None,66,1,5,False,10,10
47225,155,betCent,10,0.7640326433121019,0,20,None,66,1,5,False,10,10
47226,156,betCent,10,0.7640326433121019,0,20,None,66,1,5,False,10,10
47227,157,betCent,10,0.7654259554140127,0,20,None,66,1,5,False,10,10
47228,158,betCent,10,0.7655254777070064,0,20,None,66,1,5,False,10,10
47229,159,betCent,10,0.7672173566878981,0,20,None,66,1,5,False,10,10
47230,155,betCent,10,0.7731886942675159,0,14,None,66,1,5,False,10,10
47231,156,betCent,10,0.7730891719745223,0,14,None,66,1,5,False,10,10
47232,157,betCent,10,0.7733877388535032,0,14,None,66,1,5,False,10,10
47233,158,betCent,10,0.7735867834394905,0,14,None,66,1,5,False,10,10
47234,159,betCent,10,0.7743829617834395,0,14,None,66,1,5,False,10,10
47235,155,betCent,10,0.7856289808917197,0,22,None,66,1,5,False,10,10
47236,156,betCent,10,0.7863256369426752,0,22,None,66,1,5,False,10,10
47237,157,betCent,10,0.7859275477707006,0,22,None,66,1,5,False,10,10
47238,158,betCent,10,0.7863256369426752,0,22,None,66,1,5,False,10,10
47239,159,betCent,10,0.7867237261146497,0,22,None,66,1,5,False,10,10
47240,155,betCent,10,0.7439291401273885,0,17,None,66,1,5,False,10,10
47241,156,betCent,10,0.7450238853503185,0,17,None,66,1,5,False,10,10
47242,157,betCent,10,0.7463176751592356,0,17,None,66,1,5,False,10,10
47243,158,betCent,10,0.747312898089172,0,17,None,66,1,5,False,10,10
47244,159,betCent,10,0.748109076433121,0,17,None,66,1,5,False,10,10
47245,155,betCent,10,0.7769705414012739,0,21,None,66,1,5,False,10,10
47246,156,betCent,10,0.7772691082802548,0,21,None,66,1,5,False,10,10
47247,157,betCent,10,0.7778662420382165,0,21,None,66,1,5,False,10,10
47248,158,betCent,10,0.7780652866242038,0,21,None,66,1,5,False,10,10
47249,159,betCent,10,0.7784633757961783,0,21,None,66,1,5,False,10,10
47250,155,betCent,10,0.7639331210191083,0,26,None,66,1,5,False,10,10
47251,156,betCent,10,0.7643312101910829,0,26,None,66,1,5,False,10,10
47252,157,betCent,10,0.7643312101910829,0,26,None,66,1,5,False,10,10
47253,158,betCent,10,0.7647292993630573,0,26,None,66,1,5,False,10,10
47254,159,betCent,10,0.765625,0,26,None,66,1,5,False,10,10
47255,155,betCent,10,0.7708001592356688,0,24,None,66,1,5,False,10,10
47256,156,betCent,10,0.7730891719745223,0,24,None,66,1,5,False,10,10
47257,157,betCent,10,0.7754777070063694,0,24,None,66,1,5,False,10,10
47258,158,betCent,10,0.7791600318471338,0,24,None,66,1,5,False,10,10
47259,159,betCent,10,0.7788614649681529,0,24,None,66,1,5,False,10,10
47260,155,betCent,10,0.7688097133757962,0,28,None,66,1,5,False,10,10
47261,156,betCent,10,0.7710987261146497,0,28,None,66,1,5,False,10,10
47262,157,betCent,10,0.7719944267515924,0,28,None,66,1,5,False,10,10
47263,158,betCent,10,0.7723925159235668,0,28,None,66,1,5,False,10,10
47264,159,betCent,10,0.7730891719745223,0,28,None,66,1,5,False,10,10
47265,155,betCent,10,0.7424363057324841,0,29,None,66,1,5,False,10,10
47266,156,betCent,10,0.7431329617834395,0,29,None,66,1,5,False,10,10
47267,157,betCent,10,0.7429339171974523,0,29,None,66,1,5,False,10,10
47268,158,betCent,10,0.7433320063694268,0,29,None,66,1,5,False,10,10
47269,159,betCent,10,0.7439291401273885,0,29,None,66,1,5,False,10,10
47270,155,betCent,10,0.7775676751592356,0,30,None,66,1,5,False,10,10
47271,156,betCent,10,0.7777667197452229,0,30,None,66,1,5,False,10,10
47272,157,betCent,10,0.7797571656050956,0,30,None,66,1,5,False,10,10
47273,158,betCent,10,0.7810509554140127,0,30,None,66,1,5,False,10,10
47274,159,betCent,10,0.7818471337579618,0,30,None,66,1,5,False,10,10
47275,155,betCent,10,0.7380573248407644,0,27,None,66,1,5,False,10,10
47276,156,betCent,10,0.7419386942675159,0,27,None,66,1,5,False,10,10
47277,157,betCent,10,0.7446257961783439,0,27,None,66,1,5,False,10,10
47278,158,betCent,10,0.7476114649681529,0,27,None,66,1,5,False,10,10
47279,159,betCent,10,0.7506966560509554,0,27,None,66,1,5,False,10,10
47280,155,betCent,10,0.7178542993630573,0,31,None,66,1,5,False,10,10
47281,156,betCent,10,0.731687898089172,0,31,None,66,1,5,False,10,10
47282,157,betCent,10,0.7403463375796179,0,31,None,66,1,5,False,10,10
47283,158,betCent,10,0.7446257961783439,0,31,None,66,1,5,False,10,10
47284,159,betCent,10,0.7475119426751592,0,31,None,66,1,5,False,10,10
47285,155,betCent,10,0.7046178343949044,0,6,None,66,1,5,False,10,10
47286,156,betCent,10,0.705812101910828,0,6,None,66,1,5,False,10,10
47287,157,betCent,10,0.7061106687898089,0,6,None,66,1,5,False,10,10
47288,158,betCent,10,0.7068073248407644,0,6,None,66,1,5,False,10,10
47289,159,betCent,10,0.7074044585987261,0,6,None,66,1,5,False,10,10
47290,155,betCent,10,0.7838375796178344,0,3,None,66,1,5,False,10,10
47291,156,betCent,10,0.7846337579617835,0,3,None,66,1,5,False,10,10
47292,157,betCent,10,0.7842356687898089,0,3,None,66,1,5,False,10,10
47293,158,betCent,10,0.7844347133757962,0,3,None,66,1,5,False,10,10
47294,159,betCent,10,0.7848328025477707,0,3,None,66,1,5,False,10,10
47295,155,betCent,10,0.7707006369426752,0,7,None,66,1,5,False,10,10
47296,156,betCent,10,0.7708996815286624,0,7,None,66,1,5,False,10,10
47297,157,betCent,10,0.7718949044585988,0,7,None,66,1,5,False,10,10
47298,158,betCent,10,0.7724920382165605,0,7,None,66,1,5,False,10,10
47299,159,betCent,10,0.7729896496815286,0,7,None,66,1,5,False,10,10
47300,155,betCent,10,0.7838375796178344,0,32,None,66,1,5,False,10,10
47301,156,betCent,10,0.7854299363057324,0,32,None,66,1,5,False,10,10
47302,157,betCent,10,0.7855294585987261,0,32,None,66,1,5,False,10,10
47303,158,betCent,10,0.7865246815286624,0,32,None,66,1,5,False,10,10
47304,159,betCent,10,0.7868232484076433,0,32,None,66,1,5,False,10,10
47305,155,betCent,10,0.7603503184713376,0,16,None,66,1,5,False,10,10
47306,156,betCent,10,0.7616441082802548,0,16,None,66,1,5,False,10,10
47307,157,betCent,10,0.7623407643312102,0,16,None,66,1,5,False,10,10
47308,158,betCent,10,0.7630374203821656,0,16,None,66,1,5,False,10,10
47309,159,betCent,10,0.7640326433121019,0,16,None,66,1,5,False,10,10
47310,155,betCent,10,0.7613455414012739,0,8,None,66,1,5,False,10,10
47311,156,betCent,10,0.7633359872611465,0,8,None,66,1,5,False,10,10
47312,157,betCent,10,0.7636345541401274,0,8,None,66,1,5,False,10,10
47313,158,betCent,10,0.763734076433121,0,8,None,66,1,5,False,10,10
47314,159,betCent,10,0.7648288216560509,0,8,None,66,1,5,False,10,10
47315,155,betCent,10,0.7670183121019108,0,18,None,66,1,5,False,10,10
47316,156,betCent,10,0.7665207006369427,0,18,None,66,1,5,False,10,10
47317,157,betCent,10,0.7670183121019108,0,18,None,66,1,5,False,10,10
47318,158,betCent,10,0.76671974522293,0,18,None,66,1,5,False,10,10
47319,159,betCent,10,0.7666202229299363,0,18,None,66,1,5,False,10,10
47320,155,betCent,10,0.7495023885350318,0,19,None,66,1,5,False,10,10
47321,156,betCent,10,0.7553742038216561,0,19,None,66,1,5,False,10,10
47322,157,betCent,10,0.7601512738853503,0,19,None,66,1,5,False,10,10
47323,158,betCent,10,0.762937898089172,0,19,None,66,1,5,False,10,10
47324,159,betCent,10,0.7658240445859873,0,19,None,66,1,5,False,10,10
47325,155,betCent,10,0.7749800955414012,0,4,None,66,1,5,False,10,10
47326,156,betCent,10,0.7761743630573248,0,4,None,66,1,5,False,10,10
47327,157,betCent,10,0.7764729299363057,0,4,None,66,1,5,False,10,10
47328,158,betCent,10,0.7763734076433121,0,4,None,66,1,5,False,10,10
47329,159,betCent,10,0.7764729299363057,0,4,None,66,1,5,False,10,10
47330,155,betCent,10,0.7804538216560509,0,0,None,66,1,5,False,10,10
47331,156,betCent,10,0.7806528662420382,0,0,None,66,1,5,False,10,10
47332,157,betCent,10,0.7820461783439491,0,0,None,66,1,5,False,10,10
47333,158,betCent,10,0.7829418789808917,0,0,None,66,1,5,False,10,10
47334,159,betCent,10,0.7833399681528662,0,0,None,66,1,5,False,10,10
47335,155,betCent,10,0.7708001592356688,0,23,None,66,1,5,False,10,10
47336,156,betCent,10,0.7734872611464968,0,23,None,66,1,5,False,10,10
47337,157,betCent,10,0.7735867834394905,0,23,None,66,1,5,False,10,10
47338,158,betCent,10,0.7742834394904459,0,23,None,66,1,5,False,10,10
47339,159,betCent,10,0.7745820063694268,0,23,None,66,1,5,False,10,10
47340,155,betCent,10,0.7782643312101911,0,9,None,66,1,5,False,10,10
47341,156,betCent,10,0.7779657643312102,0,9,None,66,1,5,False,10,10
47342,157,betCent,10,0.7780652866242038,0,9,None,66,1,5,False,10,10
47343,158,betCent,10,0.7783638535031847,0,9,None,66,1,5,False,10,10
47344,159,betCent,10,0.7780652866242038,0,9,None,66,1,5,False,10,10
47345,155,betCent,10,0.7622412420382165,0,12,None,66,1,5,False,10,10
47346,156,betCent,10,0.7630374203821656,0,12,None,66,1,5,False,10,10
47347,157,betCent,10,0.7642316878980892,0,12,None,66,1,5,False,10,10
47348,158,betCent,10,0.7640326433121019,0,12,None,66,1,5,False,10,10
47349,159,betCent,10,0.7660230891719745,0,12,None,66,1,5,False,10,10
47350,155,betCent,10,0.7666202229299363,0,25,None,66,1,5,False,10,10
47351,156,betCent,10,0.7680135350318471,0,25,None,66,1,5,False,10,10
47352,157,betCent,10,0.7695063694267515,0,25,None,66,1,5,False,10,10
47353,158,betCent,10,0.770203025477707,0,25,None,66,1,5,False,10,10
47354,159,betCent,10,0.7705015923566879,0,25,None,66,1,5,False,10,10
47355,160,betCent,10,0.7861265923566879,0,32,None,66,1,5,False,10,10
47356,161,betCent,10,0.786922770700637,0,32,None,66,1,5,False,10,10
47357,162,betCent,10,0.7873208598726115,0,32,None,66,1,5,False,10,10
47358,163,betCent,10,0.7874203821656051,0,32,None,66,1,5,False,10,10
47359,164,betCent,10,0.7876194267515924,0,32,None,66,1,5,False,10,10
47360,160,betCent,10,0.7716958598726115,0,24,None,66,1,5,False,10,10
47361,161,betCent,10,0.7746815286624203,0,24,None,66,1,5,False,10,10
47362,162,betCent,10,0.7783638535031847,0,24,None,66,1,5,False,10,10
47363,163,betCent,10,0.7807523885350318,0,24,None,66,1,5,False,10,10
47364,164,betCent,10,0.7811504777070064,0,24,None,66,1,5,False,10,10
47365,160,betCent,10,0.7696058917197452,0,1,None,66,1,5,False,10,10
47366,161,betCent,10,0.770203025477707,0,1,None,66,1,5,False,10,10
47367,162,betCent,10,0.7722929936305732,0,1,None,66,1,5,False,10,10
47368,163,betCent,10,0.772890127388535,0,1,None,66,1,5,False,10,10
47369,164,betCent,10,0.7738853503184714,0,1,None,66,1,5,False,10,10
47370,160,betCent,10,0.7721934713375797,0,23,None,66,1,5,False,10,10
47371,161,betCent,10,0.7741839171974523,0,23,None,66,1,5,False,10,10
47372,162,betCent,10,0.775577229299363,0,23,None,66,1,5,False,10,10
47373,163,betCent,10,0.7757762738853503,0,23,None,66,1,5,False,10,10
47374,164,betCent,10,0.7761743630573248,0,23,None,66,1,5,False,10,10
47375,160,betCent,10,0.7790605095541401,0,21,None,66,1,5,False,10,10
47376,161,betCent,10,0.7788614649681529,0,21,None,66,1,5,False,10,10
47377,162,betCent,10,0.7794585987261147,0,21,None,66,1,5,False,10,10
47378,163,betCent,10,0.7802547770700637,0,21,None,66,1,5,False,10,10
47379,164,betCent,10,0.7805533439490446,0,21,None,66,1,5,False,10,10
47380,160,betCent,10,0.7349721337579618,0,27,None,66,1,5,False,10,10
47381,161,betCent,10,0.7423367834394905,0,27,None,66,1,5,False,10,10
47382,162,betCent,10,0.746218152866242,0,27,None,66,1,5,False,10,10
47383,163,betCent,10,0.7494028662420382,0,27,None,66,1,5,False,10,10
47384,164,betCent,10,0.7514928343949044,0,27,None,66,1,5,False,10,10
47385,160,betCent,10,0.7762738853503185,0,2,None,66,1,5,False,10,10
47386,161,betCent,10,0.7778662420382165,0,2,None,66,1,5,False,10,10
47387,162,betCent,10,0.7787619426751592,0,2,None,66,1,5,False,10,10
47388,163,betCent,10,0.7790605095541401,0,2,None,66,1,5,False,10,10
47389,164,betCent,10,0.7799562101910829,0,2,None,66,1,5,False,10,10
47390,160,betCent,10,0.7684116242038217,0,10,None,66,1,5,False,10,10
47391,161,betCent,10,0.7689092356687898,0,10,None,66,1,5,False,10,10
47392,162,betCent,10,0.7700039808917197,0,10,None,66,1,5,False,10,10
47393,163,betCent,10,0.7698049363057324,0,10,None,66,1,5,False,10,10
47394,164,betCent,10,0.7699044585987261,0,10,None,66,1,5,False,10,10
47395,160,betCent,10,0.7829418789808917,0,11,None,66,1,5,False,10,10
47396,161,betCent,10,0.783140923566879,0,11,None,66,1,5,False,10,10
47397,162,betCent,10,0.7832404458598726,0,11,None,66,1,5,False,10,10
47398,163,betCent,10,0.783937101910828,0,11,None,66,1,5,False,10,10
47399,164,betCent,10,0.7847332802547771,0,11,None,66,1,5,False,10,10
47400,160,betCent,10,0.7758757961783439,0,15,None,66,1,5,False,10,10
47401,161,betCent,10,0.7769705414012739,0,15,None,66,1,5,False,10,10
47402,162,betCent,10,0.7780652866242038,0,15,None,66,1,5,False,10,10
47403,163,betCent,10,0.7790605095541401,0,15,None,66,1,5,False,10,10
47404,164,betCent,10,0.7794585987261147,0,15,None,66,1,5,False,10,10
47405,160,betCent,10,0.7493033439490446,0,17,None,66,1,5,False,10,10
47406,161,betCent,10,0.74890525477707,0,17,None,66,1,5,False,10,10
47407,162,betCent,10,0.74890525477707,0,17,None,66,1,5,False,10,10
47408,163,betCent,10,0.7503980891719745,0,17,None,66,1,5,False,10,10
47409,164,betCent,10,0.751890923566879,0,17,None,66,1,5,False,10,10
47410,160,betCent,10,0.7678144904458599,0,20,None,66,1,5,False,10,10
47411,161,betCent,10,0.767515923566879,0,20,None,66,1,5,False,10,10
47412,162,betCent,10,0.7677149681528662,0,20,None,66,1,5,False,10,10
47413,163,betCent,10,0.7695063694267515,0,20,None,66,1,5,False,10,10
47414,164,betCent,10,0.7707006369426752,0,20,None,66,1,5,False,10,10
47415,160,betCent,10,0.7726910828025477,0,28,None,66,1,5,False,10,10
47416,161,betCent,10,0.7736863057324841,0,28,None,66,1,5,False,10,10
47417,162,betCent,10,0.7741839171974523,0,28,None,66,1,5,False,10,10
47418,163,betCent,10,0.7740843949044586,0,28,None,66,1,5,False,10,10
47419,164,betCent,10,0.7752786624203821,0,28,None,66,1,5,False,10,10
47420,160,betCent,10,0.7874203821656051,0,22,None,66,1,5,False,10,10
47421,161,betCent,10,0.7879179936305732,0,22,None,66,1,5,False,10,10
47422,162,betCent,10,0.7882165605095541,0,22,None,66,1,5,False,10,10
47423,163,betCent,10,0.7887141719745223,0,22,None,66,1,5,False,10,10
47424,164,betCent,10,0.7883160828025477,0,22,None,66,1,5,False,10,10
47425,160,betCent,10,0.7451234076433121,0,5,None,66,1,5,False,10,10
47426,161,betCent,10,0.7451234076433121,0,5,None,66,1,5,False,10,10
47427,162,betCent,10,0.7440286624203821,0,5,None,66,1,5,False,10,10
47428,163,betCent,10,0.7438296178343949,0,5,None,66,1,5,False,10,10
47429,164,betCent,10,0.7433320063694268,0,5,None,66,1,5,False,10,10
47430,160,betCent,10,0.7778662420382165,0,4,None,66,1,5,False,10,10
47431,161,betCent,10,0.7780652866242038,0,4,None,66,1,5,False,10,10
47432,162,betCent,10,0.7787619426751592,0,4,None,66,1,5,False,10,10
47433,163,betCent,10,0.7786624203821656,0,4,None,66,1,5,False,10,10
47434,164,betCent,10,0.7791600318471338,0,4,None,66,1,5,False,10,10
47435,160,betCent,10,0.7757762738853503,0,14,None,66,1,5,False,10,10
47436,161,betCent,10,0.7758757961783439,0,14,None,66,1,5,False,10,10
47437,162,betCent,10,0.7759753184713376,0,14,None,66,1,5,False,10,10
47438,163,betCent,10,0.776671974522293,0,14,None,66,1,5,False,10,10
47439,164,betCent,10,0.7771695859872612,0,14,None,66,1,5,False,10,10
47440,160,betCent,10,0.779359076433121,0,30,None,66,1,5,False,10,10
47441,161,betCent,10,0.7802547770700637,0,30,None,66,1,5,False,10,10
47442,162,betCent,10,0.7817476114649682,0,30,None,66,1,5,False,10,10
47443,163,betCent,10,0.78234474522293,0,30,None,66,1,5,False,10,10
47444,164,betCent,10,0.7834394904458599,0,30,None,66,1,5,False,10,10
47445,160,betCent,10,0.7782643312101911,0,13,None,66,1,5,False,10,10
47446,161,betCent,10,0.778562898089172,0,13,None,66,1,5,False,10,10
47447,162,betCent,10,0.7781648089171974,0,13,None,66,1,5,False,10,10
47448,163,betCent,10,0.7790605095541401,0,13,None,66,1,5,False,10,10
47449,164,betCent,10,0.7799562101910829,0,13,None,66,1,5,False,10,10
47450,160,betCent,10,0.7674164012738853,0,26,None,66,1,5,False,10,10
47451,161,betCent,10,0.7668192675159236,0,26,None,66,1,5,False,10,10
47452,162,betCent,10,0.7673168789808917,0,26,None,66,1,5,False,10,10
47453,163,betCent,10,0.7682125796178344,0,26,None,66,1,5,False,10,10
47454,164,betCent,10,0.768312101910828,0,26,None,66,1,5,False,10,10
47455,160,betCent,10,0.7088972929936306,0,6,None,66,1,5,False,10,10
47456,161,betCent,10,0.708797770700637,0,6,None,66,1,5,False,10,10
47457,162,betCent,10,0.7092953821656051,0,6,None,66,1,5,False,10,10
47458,163,betCent,10,0.709593949044586,0,6,None,66,1,5,False,10,10
47459,164,betCent,10,0.7102906050955414,0,6,None,66,1,5,False,10,10
47460,160,betCent,10,0.7731886942675159,0,7,None,66,1,5,False,10,10
47461,161,betCent,10,0.773984872611465,0,7,None,66,1,5,False,10,10
47462,162,betCent,10,0.7744824840764332,0,7,None,66,1,5,False,10,10
47463,163,betCent,10,0.775577229299363,0,7,None,66,1,5,False,10,10
47464,164,betCent,10,0.7753781847133758,0,7,None,66,1,5,False,10,10
47465,160,betCent,10,0.7608479299363057,0,16,None,66,1,5,False,10,10
47466,161,betCent,10,0.762937898089172,0,16,None,66,1,5,False,10,10
47467,162,betCent,10,0.7639331210191083,0,16,None,66,1,5,False,10,10
47468,163,betCent,10,0.7652269108280255,0,16,None,66,1,5,False,10,10
47469,164,betCent,10,0.7662221337579618,0,16,None,66,1,5,False,10,10
47470,160,betCent,10,0.7654259554140127,0,8,None,66,1,5,False,10,10
47471,161,betCent,10,0.7660230891719745,0,8,None,66,1,5,False,10,10
47472,162,betCent,10,0.7661226114649682,0,8,None,66,1,5,False,10,10
47473,163,betCent,10,0.7669187898089171,0,8,None,66,1,5,False,10,10
47474,164,betCent,10,0.7672173566878981,0,8,None,66,1,5,False,10,10
47475,160,betCent,10,0.7690087579617835,0,18,None,66,1,5,False,10,10
47476,161,betCent,10,0.7684116242038217,0,18,None,66,1,5,False,10,10
47477,162,betCent,10,0.7682125796178344,0,18,None,66,1,5,False,10,10
47478,163,betCent,10,0.7684116242038217,0,18,None,66,1,5,False,10,10
47479,164,betCent,10,0.7693073248407644,0,18,None,66,1,5,False,10,10
47480,160,betCent,10,0.785828025477707,0,3,None,66,1,5,False,10,10
47481,161,betCent,10,0.7865246815286624,0,3,None,66,1,5,False,10,10
47482,162,betCent,10,0.7874203821656051,0,3,None,66,1,5,False,10,10
47483,163,betCent,10,0.7875199044585988,0,3,None,66,1,5,False,10,10
47484,164,betCent,10,0.7871218152866242,0,3,None,66,1,5,False,10,10
47485,160,betCent,10,0.7550756369426752,0,19,None,66,1,5,False,10,10
47486,161,betCent,10,0.7603503184713376,0,19,None,66,1,5,False,10,10
47487,162,betCent,10,0.7639331210191083,0,19,None,66,1,5,False,10,10
47488,163,betCent,10,0.7658240445859873,0,19,None,66,1,5,False,10,10
47489,164,betCent,10,0.7686106687898089,0,19,None,66,1,5,False,10,10
47490,160,betCent,10,0.721437101910828,0,31,None,66,1,5,False,10,10
47491,161,betCent,10,0.734375,0,31,None,66,1,5,False,10,10
47492,162,betCent,10,0.7419386942675159,0,31,None,66,1,5,False,10,10
47493,163,betCent,10,0.7452229299363057,0,31,None,66,1,5,False,10,10
47494,164,betCent,10,0.7483081210191083,0,31,None,66,1,5,False,10,10
47495,160,betCent,10,0.7719944267515924,0,25,None,66,1,5,False,10,10
47496,161,betCent,10,0.7719944267515924,0,25,None,66,1,5,False,10,10
47497,162,betCent,10,0.7721934713375797,0,25,None,66,1,5,False,10,10
47498,163,betCent,10,0.772890127388535,0,25,None,66,1,5,False,10,10
47499,164,betCent,10,0.7730891719745223,0,25,None,66,1,5,False,10,10
47500,160,betCent,10,0.7635350318471338,0,12,None,66,1,5,False,10,10
47501,161,betCent,10,0.7649283439490446,0,12,None,66,1,5,False,10,10
47502,162,betCent,10,0.7665207006369427,0,12,None,66,1,5,False,10,10
47503,163,betCent,10,0.7674164012738853,0,12,None,66,1,5,False,10,10
47504,164,betCent,10,0.7680135350318471,0,12,None,66,1,5,False,10,10
47505,160,betCent,10,0.7791600318471338,0,9,None,66,1,5,False,10,10
47506,161,betCent,10,0.78015525477707,0,9,None,66,1,5,False,10,10
47507,162,betCent,10,0.7798566878980892,0,9,None,66,1,5,False,10,10
47508,163,betCent,10,0.7803542993630573,0,9,None,66,1,5,False,10,10
47509,164,betCent,10,0.78015525477707,0,9,None,66,1,5,False,10,10
47510,160,betCent,10,0.7439291401273885,0,29,None,66,1,5,False,10,10
47511,161,betCent,10,0.7451234076433121,0,29,None,66,1,5,False,10,10
47512,162,betCent,10,0.7449243630573248,0,29,None,66,1,5,False,10,10
47513,163,betCent,10,0.7449243630573248,0,29,None,66,1,5,False,10,10
47514,164,betCent,10,0.7461186305732485,0,29,None,66,1,5,False,10,10
47515,160,betCent,10,0.7830414012738853,0,0,None,66,1,5,False,10,10
47516,161,betCent,10,0.7836385350318471,0,0,None,66,1,5,False,10,10
47517,162,betCent,10,0.7845342356687898,0,0,None,66,1,5,False,10,10
47518,163,betCent,10,0.7851313694267515,0,0,None,66,1,5,False,10,10
47519,164,betCent,10,0.7853304140127388,0,0,None,66,1,5,False,10,10
52965,165,betCent,10,0.7716958598726115,0,1,None,66,1,5,False,10,10
52966,166,betCent,10,0.7733877388535032,0,1,None,66,1,5,False,10,10
52967,167,betCent,10,0.7740843949044586,0,1,None,66,1,5,False,10,10
52968,168,betCent,10,0.773984872611465,0,1,None,66,1,5,False,10,10
52969,169,betCent,10,0.7756767515923567,0,1,None,66,1,5,False,10,10
52970,165,betCent,10,0.7792595541401274,0,2,None,66,1,5,False,10,10
52971,166,betCent,10,0.7796576433121019,0,2,None,66,1,5,False,10,10
52972,167,betCent,10,0.7803542993630573,0,2,None,66,1,5,False,10,10
52973,168,betCent,10,0.7809514331210191,0,2,None,66,1,5,False,10,10
52974,169,betCent,10,0.78234474522293,0,2,None,66,1,5,False,10,10
52975,165,betCent,10,0.7810509554140127,0,13,None,66,1,5,False,10,10
52976,166,betCent,10,0.7806528662420382,0,13,None,66,1,5,False,10,10
52977,167,betCent,10,0.7808519108280255,0,13,None,66,1,5,False,10,10
52978,168,betCent,10,0.7815485668789809,0,13,None,66,1,5,False,10,10
52979,169,betCent,10,0.7817476114649682,0,13,None,66,1,5,False,10,10
52980,165,betCent,10,0.7783638535031847,0,15,None,66,1,5,False,10,10
52981,166,betCent,10,0.779359076433121,0,15,None,66,1,5,False,10,10
52982,167,betCent,10,0.7808519108280255,0,15,None,66,1,5,False,10,10
52983,168,betCent,10,0.7815485668789809,0,15,None,66,1,5,False,10,10
52984,169,betCent,10,0.7821457006369427,0,15,None,66,1,5,False,10,10
52985,165,betCent,10,0.7706011146496815,0,10,None,66,1,5,False,10,10
52986,166,betCent,10,0.771297770700637,0,10,None,66,1,5,False,10,10
52987,167,betCent,10,0.7724920382165605,0,10,None,66,1,5,False,10,10
52988,168,betCent,10,0.7724920382165605,0,10,None,66,1,5,False,10,10
52989,169,betCent,10,0.7723925159235668,0,10,None,66,1,5,False,10,10
52990,165,betCent,10,0.7864251592356688,0,11,None,66,1,5,False,10,10
52991,166,betCent,10,0.785828025477707,0,11,None,66,1,5,False,10,10
52992,167,betCent,10,0.7860270700636943,0,11,None,66,1,5,False,10,10
52993,168,betCent,10,0.7865246815286624,0,11,None,66,1,5,False,10,10
52994,169,betCent,10,0.7866242038216561,0,11,None,66,1,5,False,10,10
52995,165,betCent,10,0.7687101910828026,0,8,None,66,1,5,False,10,10
52996,166,betCent,10,0.7688097133757962,0,8,None,66,1,5,False,10,10
52997,167,betCent,10,0.7699044585987261,0,8,None,66,1,5,False,10,10
52998,168,betCent,10,0.7699044585987261,0,8,None,66,1,5,False,10,10
52999,169,betCent,10,0.7698049363057324,0,8,None,66,1,5,False,10,10
53000,165,betCent,10,0.7715963375796179,0,20,None,66,1,5,False,10,10
53001,166,betCent,10,0.7708001592356688,0,20,None,66,1,5,False,10,10
53002,167,betCent,10,0.7714968152866242,0,20,None,66,1,5,False,10,10
53003,168,betCent,10,0.7731886942675159,0,20,None,66,1,5,False,10,10
53004,169,betCent,10,0.7742834394904459,0,20,None,66,1,5,False,10,10
53005,165,betCent,10,0.7573646496815286,0,19,None,66,1,5,False,10,10
53006,166,betCent,10,0.7621417197452229,0,19,None,66,1,5,False,10,10
53007,167,betCent,10,0.7634355095541401,0,19,None,66,1,5,False,10,10
53008,168,betCent,10,0.7676154458598726,0,19,None,66,1,5,False,10,10
53009,169,betCent,10,0.7692078025477707,0,19,None,66,1,5,False,10,10
53010,165,betCent,10,0.7809514331210191,0,21,None,66,1,5,False,10,10
53011,166,betCent,10,0.7807523885350318,0,21,None,66,1,5,False,10,10
53012,167,betCent,10,0.7803542993630573,0,21,None,66,1,5,False,10,10
53013,168,betCent,10,0.7809514331210191,0,21,None,66,1,5,False,10,10
53014,169,betCent,10,0.7813495222929936,0,21,None,66,1,5,False,10,10
53015,165,betCent,10,0.7523885350318471,0,17,None,66,1,5,False,10,10
53016,166,betCent,10,0.7528861464968153,0,17,None,66,1,5,False,10,10
53017,167,betCent,10,0.7530851910828026,0,17,None,66,1,5,False,10,10
53018,168,betCent,10,0.7539808917197452,0,17,None,66,1,5,False,10,10
53019,169,betCent,10,0.7567675159235668,0,17,None,66,1,5,False,10,10
53020,165,betCent,10,0.7742834394904459,0,25,None,66,1,5,False,10,10
53021,166,betCent,10,0.7750796178343949,0,25,None,66,1,5,False,10,10
53022,167,betCent,10,0.7753781847133758,0,25,None,66,1,5,False,10,10
53023,168,betCent,10,0.7759753184713376,0,25,None,66,1,5,False,10,10
53024,169,betCent,10,0.7762738853503185,0,25,None,66,1,5,False,10,10
53025,165,betCent,10,0.7725915605095541,0,24,None,66,1,5,False,10,10
53026,166,betCent,10,0.7761743630573248,0,24,None,66,1,5,False,10,10
53027,167,betCent,10,0.7791600318471338,0,24,None,66,1,5,False,10,10
53028,168,betCent,10,0.7817476114649682,0,24,None,66,1,5,False,10,10
53029,169,betCent,10,0.7827428343949044,0,24,None,66,1,5,False,10,10
53030,165,betCent,10,0.7753781847133758,0,28,None,66,1,5,False,10,10
53031,166,betCent,10,0.7754777070063694,0,28,None,66,1,5,False,10,10
53032,167,betCent,10,0.7769705414012739,0,28,None,66,1,5,False,10,10
53033,168,betCent,10,0.7776671974522293,0,28,None,66,1,5,False,10,10
53034,169,betCent,10,0.7781648089171974,0,28,None,66,1,5,False,10,10
53035,165,betCent,10,0.7449243630573248,0,29,None,66,1,5,False,10,10
53036,166,betCent,10,0.7456210191082803,0,29,None,66,1,5,False,10,10
53037,167,betCent,10,0.7459195859872612,0,29,None,66,1,5,False,10,10
53038,168,betCent,10,0.7461186305732485,0,29,None,66,1,5,False,10,10
53039,169,betCent,10,0.746218152866242,0,29,None,66,1,5,False,10,10
53040,165,betCent,10,0.7819466560509554,0,9,None,66,1,5,False,10,10
53041,166,betCent,10,0.7814490445859873,0,9,None,66,1,5,False,10,10
53042,167,betCent,10,0.7811504777070064,0,9,None,66,1,5,False,10,10
53043,168,betCent,10,0.7811504777070064,0,9,None,66,1,5,False,10,10
53044,169,betCent,10,0.7809514331210191,0,9,None,66,1,5,False,10,10
53045,165,betCent,10,0.7730891719745223,0,18,None,66,1,5,False,10,10
53046,166,betCent,10,0.7714968152866242,0,18,None,66,1,5,False,10,10
53047,167,betCent,10,0.7711982484076433,0,18,None,66,1,5,False,10,10
53048,168,betCent,10,0.7707006369426752,0,18,None,66,1,5,False,10,10
53049,169,betCent,10,0.7713972929936306,0,18,None,66,1,5,False,10,10
53050,165,betCent,10,0.7364649681528662,0,27,None,66,1,5,False,10,10
53051,166,betCent,10,0.7431329617834395,0,27,None,66,1,5,False,10,10
53052,167,betCent,10,0.7480095541401274,0,27,None,66,1,5,False,10,10
53053,168,betCent,10,0.7520899681528662,0,27,None,66,1,5,False,10,10
53054,169,betCent,10,0.753781847133758,0,27,None,66,1,5,False,10,10
53055,165,betCent,10,0.727109872611465,0,31,None,66,1,5,False,10,10
53056,166,betCent,10,0.7385549363057324,0,31,None,66,1,5,False,10,10
53057,167,betCent,10,0.7452229299363057,0,31,None,66,1,5,False,10,10
53058,168,betCent,10,0.7493033439490446,0,31,None,66,1,5,False,10,10
53059,169,betCent,10,0.7524880573248408,0,31,None,66,1,5,False,10,10
53060,165,betCent,10,0.7483081210191083,0,5,None,66,1,5,False,10,10
53061,166,betCent,10,0.7477109872611465,0,5,None,66,1,5,False,10,10
53062,167,betCent,10,0.747312898089172,0,5,None,66,1,5,False,10,10
53063,168,betCent,10,0.7472133757961783,0,5,None,66,1,5,False,10,10
53064,169,betCent,10,0.7479100318471338,0,5,None,66,1,5,False,10,10
53065,165,betCent,10,0.7660230891719745,0,12,None,66,1,5,False,10,10
53066,166,betCent,10,0.7684116242038217,0,12,None,66,1,5,False,10,10
53067,167,betCent,10,0.769406847133758,0,12,None,66,1,5,False,10,10
53068,168,betCent,10,0.7704020700636943,0,12,None,66,1,5,False,10,10
53069,169,betCent,10,0.7710987261146497,0,12,None,66,1,5,False,10,10
53070,165,betCent,10,0.7691082802547771,0,26,None,66,1,5,False,10,10
53071,166,betCent,10,0.7697054140127388,0,26,None,66,1,5,False,10,10
53072,167,betCent,10,0.7695063694267515,0,26,None,66,1,5,False,10,10
53073,168,betCent,10,0.770203025477707,0,26,None,66,1,5,False,10,10
53074,169,betCent,10,0.7708001592356688,0,26,None,66,1,5,False,10,10
53075,165,betCent,10,0.7834394904458599,0,30,None,66,1,5,False,10,10
53076,166,betCent,10,0.7842356687898089,0,30,None,66,1,5,False,10,10
53077,167,betCent,10,0.7842356687898089,0,30,None,66,1,5,False,10,10
53078,168,betCent,10,0.7854299363057324,0,30,None,66,1,5,False,10,10
53079,169,betCent,10,0.785828025477707,0,30,None,66,1,5,False,10,10
53080,165,betCent,10,0.7115843949044586,0,6,None,66,1,5,False,10,10
53081,166,betCent,10,0.7123805732484076,0,6,None,66,1,5,False,10,10
53082,167,betCent,10,0.7127786624203821,0,6,None,66,1,5,False,10,10
53083,168,betCent,10,0.7133757961783439,0,6,None,66,1,5,False,10,10
53084,169,betCent,10,0.7137738853503185,0,6,None,66,1,5,False,10,10
53085,165,betCent,10,0.7758757961783439,0,7,None,66,1,5,False,10,10
53086,166,betCent,10,0.7759753184713376,0,7,None,66,1,5,False,10,10
53087,167,betCent,10,0.7761743630573248,0,7,None,66,1,5,False,10,10
53088,168,betCent,10,0.7764729299363057,0,7,None,66,1,5,False,10,10
53089,169,betCent,10,0.7767714968152867,0,7,None,66,1,5,False,10,10
53090,165,betCent,10,0.7889132165605095,0,3,None,66,1,5,False,10,10
53091,166,betCent,10,0.7889132165605095,0,3,None,66,1,5,False,10,10
53092,167,betCent,10,0.7894108280254777,0,3,None,66,1,5,False,10,10
53093,168,betCent,10,0.7897093949044586,0,3,None,66,1,5,False,10,10
53094,169,betCent,10,0.7899084394904459,0,3,None,66,1,5,False,10,10
53095,165,betCent,10,0.7630374203821656,0,16,None,66,1,5,False,10,10
53096,166,betCent,10,0.7644307324840764,0,16,None,66,1,5,False,10,10
53097,167,betCent,10,0.7649283439490446,0,16,None,66,1,5,False,10,10
53098,168,betCent,10,0.7654259554140127,0,16,None,66,1,5,False,10,10
53099,169,betCent,10,0.7660230891719745,0,16,None,66,1,5,False,10,10
53100,165,betCent,10,0.7876194267515924,0,32,None,66,1,5,False,10,10
53101,166,betCent,10,0.7882165605095541,0,32,None,66,1,5,False,10,10
53102,167,betCent,10,0.7888136942675159,0,32,None,66,1,5,False,10,10
53103,168,betCent,10,0.7893113057324841,0,32,None,66,1,5,False,10,10
53104,169,betCent,10,0.789609872611465,0,32,None,66,1,5,False,10,10
53105,165,betCent,10,0.7779657643312102,0,14,None,66,1,5,False,10,10
53106,166,betCent,10,0.7782643312101911,0,14,None,66,1,5,False,10,10
53107,167,betCent,10,0.7794585987261147,0,14,None,66,1,5,False,10,10
53108,168,betCent,10,0.7794585987261147,0,14,None,66,1,5,False,10,10
53109,169,betCent,10,0.7800557324840764,0,14,None,66,1,5,False,10,10
53110,165,betCent,10,0.7802547770700637,0,4,None,66,1,5,False,10,10
53111,166,betCent,10,0.78125,0,4,None,66,1,5,False,10,10
53112,167,betCent,10,0.7810509554140127,0,4,None,66,1,5,False,10,10
53113,168,betCent,10,0.7810509554140127,0,4,None,66,1,5,False,10,10
53114,169,betCent,10,0.7811504777070064,0,4,None,66,1,5,False,10,10
53115,165,betCent,10,0.7899084394904459,0,22,None,66,1,5,False,10,10
53116,166,betCent,10,0.7899084394904459,0,22,None,66,1,5,False,10,10
53117,167,betCent,10,0.7908041401273885,0,22,None,66,1,5,False,10,10
53118,168,betCent,10,0.7914012738853503,0,22,None,66,1,5,False,10,10
53119,169,betCent,10,0.7917993630573248,0,22,None,66,1,5,False,10,10
53120,165,betCent,10,0.7746815286624203,0,23,None,66,1,5,False,10,10
53121,166,betCent,10,0.7763734076433121,0,23,None,66,1,5,False,10,10
53122,167,betCent,10,0.775577229299363,0,23,None,66,1,5,False,10,10
53123,168,betCent,10,0.7767714968152867,0,23,None,66,1,5,False,10,10
53124,169,betCent,10,0.7779657643312102,0,23,None,66,1,5,False,10,10
53125,165,betCent,10,0.7856289808917197,0,0,None,66,1,5,False,10,10
53126,166,betCent,10,0.785828025477707,0,0,None,66,1,5,False,10,10
53127,167,betCent,10,0.7859275477707006,0,0,None,66,1,5,False,10,10
53128,168,betCent,10,0.7859275477707006,0,0,None,66,1,5,False,10,10
53129,169,betCent,10,0.7861265923566879,0,0,None,66,1,5,False,10,10
53130,170,betCent,10,0.7704020700636943,0,26,None,66,1,5,False,10,10
53131,171,betCent,10,0.7703025477707006,0,26,None,66,1,5,False,10,10
53132,172,betCent,10,0.7704020700636943,0,26,None,66,1,5,False,10,10
53133,173,betCent,10,0.7721934713375797,0,26,None,66,1,5,False,10,10
53134,174,betCent,10,0.7722929936305732,0,26,None,66,1,5,False,10,10
53135,170,betCent,10,0.7932921974522293,0,22,None,66,1,5,False,10,10
53136,171,betCent,10,0.7933917197452229,0,22,None,66,1,5,False,10,10
53137,172,betCent,10,0.7933917197452229,0,22,None,66,1,5,False,10,10
53138,173,betCent,10,0.7937898089171974,0,22,None,66,1,5,False,10,10
53139,174,betCent,10,0.7932921974522293,0,22,None,66,1,5,False,10,10
53140,170,betCent,10,0.7750796178343949,0,1,None,66,1,5,False,10,10
53141,171,betCent,10,0.7759753184713376,0,1,None,66,1,5,False,10,10
53142,172,betCent,10,0.7759753184713376,0,1,None,66,1,5,False,10,10
53143,173,betCent,10,0.7777667197452229,0,1,None,66,1,5,False,10,10
53144,174,betCent,10,0.778562898089172,0,1,None,66,1,5,False,10,10
53145,170,betCent,10,0.7748805732484076,0,23,None,66,1,5,False,10,10
53146,171,betCent,10,0.776671974522293,0,23,None,66,1,5,False,10,10
53147,172,betCent,10,0.7779657643312102,0,23,None,66,1,5,False,10,10
53148,173,betCent,10,0.7781648089171974,0,23,None,66,1,5,False,10,10
53149,174,betCent,10,0.7782643312101911,0,23,None,66,1,5,False,10,10
53150,170,betCent,10,0.7836385350318471,0,13,None,66,1,5,False,10,10
53151,171,betCent,10,0.7832404458598726,0,13,None,66,1,5,False,10,10
53152,172,betCent,10,0.783140923566879,0,13,None,66,1,5,False,10,10
53153,173,betCent,10,0.7832404458598726,0,13,None,66,1,5,False,10,10
53154,174,betCent,10,0.7837380573248408,0,13,None,66,1,5,False,10,10
53155,170,betCent,10,0.7809514331210191,0,14,None,66,1,5,False,10,10
53156,171,betCent,10,0.7815485668789809,0,14,None,66,1,5,False,10,10
53157,172,betCent,10,0.7818471337579618,0,14,None,66,1,5,False,10,10
53158,173,betCent,10,0.7821457006369427,0,14,None,66,1,5,False,10,10
53159,174,betCent,10,0.7827428343949044,0,14,None,66,1,5,False,10,10
53160,170,betCent,10,0.7779657643312102,0,25,None,66,1,5,False,10,10
53161,171,betCent,10,0.7782643312101911,0,25,None,66,1,5,False,10,10
53162,172,betCent,10,0.7780652866242038,0,25,None,66,1,5,False,10,10
53163,173,betCent,10,0.7787619426751592,0,25,None,66,1,5,False,10,10
53164,174,betCent,10,0.7796576433121019,0,25,None,66,1,5,False,10,10
53165,170,betCent,10,0.7595541401273885,0,19,None,66,1,5,False,10,10
53166,171,betCent,10,0.7627388535031847,0,19,None,66,1,5,False,10,10
53167,172,betCent,10,0.7657245222929936,0,19,None,66,1,5,False,10,10
53168,173,betCent,10,0.7685111464968153,0,19,None,66,1,5,False,10,10
53169,174,betCent,10,0.7725915605095541,0,19,None,66,1,5,False,10,10
53170,170,betCent,10,0.7840366242038217,0,21,None,66,1,5,False,10,10
53171,171,betCent,10,0.7833399681528662,0,21,None,66,1,5,False,10,10
53172,172,betCent,10,0.783140923566879,0,21,None,66,1,5,False,10,10
53173,173,betCent,10,0.7838375796178344,0,21,None,66,1,5,False,10,10
53174,174,betCent,10,0.7845342356687898,0,21,None,66,1,5,False,10,10
53175,170,betCent,10,0.7735867834394905,0,24,None,66,1,5,False,10,10
53176,171,betCent,10,0.7768710191082803,0,24,None,66,1,5,False,10,10
53177,172,betCent,10,0.7810509554140127,0,24,None,66,1,5,False,10,10
53178,173,betCent,10,0.7826433121019108,0,24,None,66,1,5,False,10,10
53179,174,betCent,10,0.7840366242038217,0,24,None,66,1,5,False,10,10
53180,170,betCent,10,0.7378582802547771,0,27,None,66,1,5,False,10,10
53181,171,betCent,10,0.7438296178343949,0,27,None,66,1,5,False,10,10
53182,172,betCent,10,0.7491042993630573,0,27,None,66,1,5,False,10,10
53183,173,betCent,10,0.7534832802547771,0,27,None,66,1,5,False,10,10
53184,174,betCent,10,0.7554737261146497,0,27,None,66,1,5,False,10,10
53185,170,betCent,10,0.7874203821656051,0,30,None,66,1,5,False,10,10
53186,171,betCent,10,0.7874203821656051,0,30,None,66,1,5,False,10,10
53187,172,betCent,10,0.7864251592356688,0,30,None,66,1,5,False,10,10
53188,173,betCent,10,0.7866242038216561,0,30,None,66,1,5,False,10,10
53189,174,betCent,10,0.7874203821656051,0,30,None,66,1,5,False,10,10
53190,170,betCent,10,0.7291003184713376,0,31,None,66,1,5,False,10,10
53191,171,betCent,10,0.7409434713375797,0,31,None,66,1,5,False,10,10
53192,172,betCent,10,0.7480095541401274,0,31,None,66,1,5,False,10,10
53193,173,betCent,10,0.7521894904458599,0,31,None,66,1,5,False,10,10
53194,174,betCent,10,0.7555732484076433,0,31,None,66,1,5,False,10,10
53195,170,betCent,10,0.7463176751592356,0,29,None,66,1,5,False,10,10
53196,171,betCent,10,0.7469148089171974,0,29,None,66,1,5,False,10,10
53197,172,betCent,10,0.7471138535031847,0,29,None,66,1,5,False,10,10
53198,173,betCent,10,0.7474124203821656,0,29,None,66,1,5,False,10,10
53199,174,betCent,10,0.7477109872611465,0,29,None,66,1,5,False,10,10
53200,170,betCent,10,0.7909036624203821,0,32,None,66,1,5,False,10,10
53201,171,betCent,10,0.7913017515923567,0,32,None,66,1,5,False,10,10
53202,172,betCent,10,0.792296974522293,0,32,None,66,1,5,False,10,10
53203,173,betCent,10,0.7917993630573248,0,32,None,66,1,5,False,10,10
53204,174,betCent,10,0.7919984076433121,0,32,None,66,1,5,False,10,10
53205,170,betCent,10,0.7634355095541401,0,16,None,66,1,5,False,10,10
53206,171,betCent,10,0.76453025477707,0,16,None,66,1,5,False,10,10
53207,172,betCent,10,0.7652269108280255,0,16,None,66,1,5,False,10,10
53208,173,betCent,10,0.7678144904458599,0,16,None,66,1,5,False,10,10
53209,174,betCent,10,0.7672173566878981,0,16,None,66,1,5,False,10,10
53210,170,betCent,10,0.7715963375796179,0,8,None,66,1,5,False,10,10
53211,171,betCent,10,0.7718949044585988,0,8,None,66,1,5,False,10,10
53212,172,betCent,10,0.7725915605095541,0,8,None,66,1,5,False,10,10
53213,173,betCent,10,0.7729896496815286,0,8,None,66,1,5,False,10,10
53214,174,betCent,10,0.772890127388535,0,8,None,66,1,5,False,10,10
53215,170,betCent,10,0.7136743630573248,0,6,None,66,1,5,False,10,10
53216,171,betCent,10,0.7144705414012739,0,6,None,66,1,5,False,10,10
53217,172,betCent,10,0.7147691082802548,0,6,None,66,1,5,False,10,10
53218,173,betCent,10,0.7159633757961783,0,6,None,66,1,5,False,10,10
53219,174,betCent,10,0.716859076433121,0,6,None,66,1,5,False,10,10
53220,170,betCent,10,0.7813495222929936,0,2,None,66,1,5,False,10,10
53221,171,betCent,10,0.7819466560509554,0,2,None,66,1,5,False,10,10
53222,172,betCent,10,0.7820461783439491,0,2,None,66,1,5,False,10,10
53223,173,betCent,10,0.7825437898089171,0,2,None,66,1,5,False,10,10
53224,174,betCent,10,0.7840366242038217,0,2,None,66,1,5,False,10,10
53225,170,betCent,10,0.7875199044585988,0,0,None,66,1,5,False,10,10
53226,171,betCent,10,0.786922770700637,0,0,None,66,1,5,False,10,10
53227,172,betCent,10,0.7871218152866242,0,0,None,66,1,5,False,10,10
53228,173,betCent,10,0.7883160828025477,0,0,None,66,1,5,False,10,10
53229,174,betCent,10,0.7883160828025477,0,0,None,66,1,5,False,10,10
53230,170,betCent,10,0.7906050955414012,0,3,None,66,1,5,False,10,10
53231,171,betCent,10,0.7902070063694268,0,3,None,66,1,5,False,10,10
53232,172,betCent,10,0.7916998407643312,0,3,None,66,1,5,False,10,10
53233,173,betCent,10,0.7918988853503185,0,3,None,66,1,5,False,10,10
53234,174,betCent,10,0.791202229299363,0,3,None,66,1,5,False,10,10
53235,170,betCent,10,0.7828423566878981,0,4,None,66,1,5,False,10,10
53236,171,betCent,10,0.7826433121019108,0,4,None,66,1,5,False,10,10
53237,172,betCent,10,0.78234474522293,0,4,None,66,1,5,False,10,10
53238,173,betCent,10,0.7824442675159236,0,4,None,66,1,5,False,10,10
53239,174,betCent,10,0.78234474522293,0,4,None,66,1,5,False,10,10
53240,170,betCent,10,0.7509952229299363,0,5,None,66,1,5,False,10,10
53241,171,betCent,10,0.7512937898089171,0,5,None,66,1,5,False,10,10
53242,172,betCent,10,0.7507961783439491,0,5,None,66,1,5,False,10,10
53243,173,betCent,10,0.75109474522293,0,5,None,66,1,5,False,10,10
53244,174,betCent,10,0.7512937898089171,0,5,None,66,1,5,False,10,10
53245,170,betCent,10,0.7838375796178344,0,9,None,66,1,5,False,10,10
53246,171,betCent,10,0.7832404458598726,0,9,None,66,1,5,False,10,10
53247,172,betCent,10,0.7828423566878981,0,9,None,66,1,5,False,10,10
53248,173,betCent,10,0.7833399681528662,0,9,None,66,1,5,False,10,10
53249,174,betCent,10,0.7840366242038217,0,9,None,66,1,5,False,10,10
53250,170,betCent,10,0.7781648089171974,0,7,None,66,1,5,False,10,10
53251,171,betCent,10,0.7783638535031847,0,7,None,66,1,5,False,10,10
53252,172,betCent,10,0.7780652866242038,0,7,None,66,1,5,False,10,10
53253,173,betCent,10,0.7791600318471338,0,7,None,66,1,5,False,10,10
53254,174,betCent,10,0.7800557324840764,0,7,None,66,1,5,False,10,10
53255,170,betCent,10,0.7879179936305732,0,11,None,66,1,5,False,10,10
53256,171,betCent,10,0.7880175159235668,0,11,None,66,1,5,False,10,10
53257,172,betCent,10,0.7890127388535032,0,11,None,66,1,5,False,10,10
53258,173,betCent,10,0.7893113057324841,0,11,None,66,1,5,False,10,10
53259,174,betCent,10,0.7891122611464968,0,11,None,66,1,5,False,10,10
53260,170,betCent,10,0.772890127388535,0,10,None,66,1,5,False,10,10
53261,171,betCent,10,0.7727906050955414,0,10,None,66,1,5,False,10,10
53262,172,betCent,10,0.7742834394904459,0,10,None,66,1,5,False,10,10
53263,173,betCent,10,0.7750796178343949,0,10,None,66,1,5,False,10,10
53264,174,betCent,10,0.7742834394904459,0,10,None,66,1,5,False,10,10
53265,170,betCent,10,0.7809514331210191,0,15,None,66,1,5,False,10,10
53266,171,betCent,10,0.7820461783439491,0,15,None,66,1,5,False,10,10
53267,172,betCent,10,0.7835390127388535,0,15,None,66,1,5,False,10,10
53268,173,betCent,10,0.783937101910828,0,15,None,66,1,5,False,10,10
53269,174,betCent,10,0.7845342356687898,0,15,None,66,1,5,False,10,10
53270,170,betCent,10,0.7684116242038217,0,12,None,66,1,5,False,10,10
53271,171,betCent,10,0.7705015923566879,0,12,None,66,1,5,False,10,10
53272,172,betCent,10,0.772093949044586,0,12,None,66,1,5,False,10,10
53273,173,betCent,10,0.7727906050955414,0,12,None,66,1,5,False,10,10
53274,174,betCent,10,0.7729896496815286,0,12,None,66,1,5,False,10,10
53275,170,betCent,10,0.7563694267515924,0,17,None,66,1,5,False,10,10
53276,171,betCent,10,0.7566679936305732,0,17,None,66,1,5,False,10,10
53277,172,betCent,10,0.7579617834394905,0,17,None,66,1,5,False,10,10
53278,173,betCent,10,0.7592555732484076,0,17,None,66,1,5,False,10,10
53279,174,betCent,10,0.759952229299363,0,17,None,66,1,5,False,10,10
53280,170,betCent,10,0.7734872611464968,0,18,None,66,1,5,False,10,10
53281,171,betCent,10,0.772093949044586,0,18,None,66,1,5,False,10,10
53282,172,betCent,10,0.772890127388535,0,18,None,66,1,5,False,10,10
53283,173,betCent,10,0.7730891719745223,0,18,None,66,1,5,False,10,10
53284,174,betCent,10,0.7740843949044586,0,18,None,66,1,5,False,10,10
53285,170,betCent,10,0.7742834394904459,0,20,None,66,1,5,False,10,10
53286,171,betCent,10,0.7743829617834395,0,20,None,66,1,5,False,10,10
53287,172,betCent,10,0.775577229299363,0,20,None,66,1,5,False,10,10
53288,173,betCent,10,0.7753781847133758,0,20,None,66,1,5,False,10,10
53289,174,betCent,10,0.776671974522293,0,20,None,66,1,5,False,10,10
53290,170,betCent,10,0.7781648089171974,0,28,None,66,1,5,False,10,10
53291,171,betCent,10,0.7783638535031847,0,28,None,66,1,5,False,10,10
53292,172,betCent,10,0.7790605095541401,0,28,None,66,1,5,False,10,10
53293,173,betCent,10,0.7797571656050956,0,28,None,66,1,5,False,10,10
53294,174,betCent,10,0.7796576433121019,0,28,None,66,1,5,False,10,10
59070,175,betCent,10,0.7781648089171974,0,1,None,66,1,5,False,10,10
59071,176,betCent,10,0.7791600318471338,0,1,None,66,1,5,False,10,10
59072,177,betCent,10,0.7792595541401274,0,1,None,66,1,5,False,10,10
59073,178,betCent,10,0.7806528662420382,0,1,None,66,1,5,False,10,10
59074,179,betCent,10,0.7817476114649682,0,1,None,66,1,5,False,10,10
59075,175,betCent,10,0.7827428343949044,0,2,None,66,1,5,False,10,10
59076,176,betCent,10,0.7835390127388535,0,2,None,66,1,5,False,10,10
59077,177,betCent,10,0.7837380573248408,0,2,None,66,1,5,False,10,10
59078,178,betCent,10,0.7845342356687898,0,2,None,66,1,5,False,10,10
59079,179,betCent,10,0.7860270700636943,0,2,None,66,1,5,False,10,10
59080,175,betCent,10,0.7530851910828026,0,5,None,66,1,5,False,10,10
59081,176,betCent,10,0.7536823248407644,0,5,None,66,1,5,False,10,10
59082,177,betCent,10,0.753781847133758,0,5,None,66,1,5,False,10,10
59083,178,betCent,10,0.7539808917197452,0,5,None,66,1,5,False,10,10
59084,179,betCent,10,0.7540804140127388,0,5,None,66,1,5,False,10,10
59085,175,betCent,10,0.785031847133758,0,13,None,66,1,5,False,10,10
59086,176,betCent,10,0.7853304140127388,0,13,None,66,1,5,False,10,10
59087,177,betCent,10,0.7849323248407644,0,13,None,66,1,5,False,10,10
59088,178,betCent,10,0.7860270700636943,0,13,None,66,1,5,False,10,10
59089,179,betCent,10,0.7854299363057324,0,13,None,66,1,5,False,10,10
59090,175,betCent,10,0.7848328025477707,0,15,None,66,1,5,False,10,10
59091,176,betCent,10,0.7855294585987261,0,15,None,66,1,5,False,10,10
59092,177,betCent,10,0.786922770700637,0,15,None,66,1,5,False,10,10
59093,178,betCent,10,0.7870222929936306,0,15,None,66,1,5,False,10,10
59094,179,betCent,10,0.7864251592356688,0,15,None,66,1,5,False,10,10
59095,175,betCent,10,0.7757762738853503,0,10,None,66,1,5,False,10,10
59096,176,betCent,10,0.7760748407643312,0,10,None,66,1,5,False,10,10
59097,177,betCent,10,0.7764729299363057,0,10,None,66,1,5,False,10,10
59098,178,betCent,10,0.7770700636942676,0,10,None,66,1,5,False,10,10
59099,179,betCent,10,0.7767714968152867,0,10,None,66,1,5,False,10,10
59100,175,betCent,10,0.7783638535031847,0,20,None,66,1,5,False,10,10
59101,176,betCent,10,0.7771695859872612,0,20,None,66,1,5,False,10,10
59102,177,betCent,10,0.7781648089171974,0,20,None,66,1,5,False,10,10
59103,178,betCent,10,0.7782643312101911,0,20,None,66,1,5,False,10,10
59104,179,betCent,10,0.7784633757961783,0,20,None,66,1,5,False,10,10
59105,175,betCent,10,0.7612460191082803,0,19,None,66,1,5,False,10,10
59106,176,betCent,10,0.7646297770700637,0,19,None,66,1,5,False,10,10
59107,177,betCent,10,0.76671974522293,0,19,None,66,1,5,False,10,10
59108,178,betCent,10,0.7703025477707006,0,19,None,66,1,5,False,10,10
59109,179,betCent,10,0.7722929936305732,0,19,None,66,1,5,False,10,10
59110,175,betCent,10,0.7948845541401274,0,22,None,66,1,5,False,10,10
59111,176,betCent,10,0.7947850318471338,0,22,None,66,1,5,False,10,10
59112,177,betCent,10,0.7951831210191083,0,22,None,66,1,5,False,10,10
59113,178,betCent,10,0.79578025477707,0,22,None,66,1,5,False,10,10
59114,179,betCent,10,0.7961783439490446,0,22,None,66,1,5,False,10,10
59115,175,betCent,10,0.7833399681528662,0,14,None,66,1,5,False,10,10
59116,176,betCent,10,0.7849323248407644,0,14,None,66,1,5,False,10,10
59117,177,betCent,10,0.7851313694267515,0,14,None,66,1,5,False,10,10
59118,178,betCent,10,0.7855294585987261,0,14,None,66,1,5,False,10,10
59119,179,betCent,10,0.7853304140127388,0,14,None,66,1,5,False,10,10
59120,175,betCent,10,0.7770700636942676,0,23,None,66,1,5,False,10,10
59121,176,betCent,10,0.7789609872611465,0,23,None,66,1,5,False,10,10
59122,177,betCent,10,0.7788614649681529,0,23,None,66,1,5,False,10,10
59123,178,betCent,10,0.7798566878980892,0,23,None,66,1,5,False,10,10
59124,179,betCent,10,0.7795581210191083,0,23,None,66,1,5,False,10,10
59125,175,betCent,10,0.7847332802547771,0,21,None,66,1,5,False,10,10
59126,176,betCent,10,0.7845342356687898,0,21,None,66,1,5,False,10,10
59127,177,betCent,10,0.7847332802547771,0,21,None,66,1,5,False,10,10
59128,178,betCent,10,0.785031847133758,0,21,None,66,1,5,False,10,10
59129,179,betCent,10,0.7866242038216561,0,21,None,66,1,5,False,10,10
59130,175,betCent,10,0.7809514331210191,0,25,None,66,1,5,False,10,10
59131,176,betCent,10,0.7810509554140127,0,25,None,66,1,5,False,10,10
59132,177,betCent,10,0.7813495222929936,0,25,None,66,1,5,False,10,10
59133,178,betCent,10,0.7819466560509554,0,25,None,66,1,5,False,10,10
59134,179,betCent,10,0.7828423566878981,0,25,None,66,1,5,False,10,10
59135,175,betCent,10,0.7714968152866242,0,26,None,66,1,5,False,10,10
59136,176,betCent,10,0.7724920382165605,0,26,None,66,1,5,False,10,10
59137,177,betCent,10,0.7730891719745223,0,26,None,66,1,5,False,10,10
59138,178,betCent,10,0.7737858280254777,0,26,None,66,1,5,False,10,10
59139,179,betCent,10,0.7743829617834395,0,26,None,66,1,5,False,10,10
59140,175,betCent,10,0.7708996815286624,0,12,None,66,1,5,False,10,10
59141,176,betCent,10,0.7718949044585988,0,12,None,66,1,5,False,10,10
59142,177,betCent,10,0.7733877388535032,0,12,None,66,1,5,False,10,10
59143,178,betCent,10,0.7741839171974523,0,12,None,66,1,5,False,10,10
59144,179,betCent,10,0.7753781847133758,0,12,None,66,1,5,False,10,10
59145,175,betCent,10,0.7808519108280255,0,28,None,66,1,5,False,10,10
59146,176,betCent,10,0.78125,0,28,None,66,1,5,False,10,10
59147,177,betCent,10,0.7815485668789809,0,28,None,66,1,5,False,10,10
59148,178,betCent,10,0.7824442675159236,0,28,None,66,1,5,False,10,10
59149,179,betCent,10,0.7821457006369427,0,28,None,66,1,5,False,10,10
59150,175,betCent,10,0.7849323248407644,0,9,None,66,1,5,False,10,10
59151,176,betCent,10,0.7848328025477707,0,9,None,66,1,5,False,10,10
59152,177,betCent,10,0.7848328025477707,0,9,None,66,1,5,False,10,10
59153,178,betCent,10,0.7846337579617835,0,9,None,66,1,5,False,10,10
59154,179,betCent,10,0.7845342356687898,0,9,None,66,1,5,False,10,10
59155,175,betCent,10,0.7465167197452229,0,29,None,66,1,5,False,10,10
59156,176,betCent,10,0.7476114649681529,0,29,None,66,1,5,False,10,10
59157,177,betCent,10,0.7475119426751592,0,29,None,66,1,5,False,10,10
59158,178,betCent,10,0.7484076433121019,0,29,None,66,1,5,False,10,10
59159,179,betCent,10,0.7491042993630573,0,29,None,66,1,5,False,10,10
59160,175,betCent,10,0.7899084394904459,0,0,None,66,1,5,False,10,10
59161,176,betCent,10,0.7891122611464968,0,0,None,66,1,5,False,10,10
59162,177,betCent,10,0.7893113057324841,0,0,None,66,1,5,False,10,10
59163,178,betCent,10,0.7895103503184714,0,0,None,66,1,5,False,10,10
59164,179,betCent,10,0.7903065286624203,0,0,None,66,1,5,False,10,10
59165,175,betCent,10,0.7886146496815286,0,30,None,66,1,5,False,10,10
59166,176,betCent,10,0.7879179936305732,0,30,None,66,1,5,False,10,10
59167,177,betCent,10,0.7879179936305732,0,30,None,66,1,5,False,10,10
59168,178,betCent,10,0.7886146496815286,0,30,None,66,1,5,False,10,10
59169,179,betCent,10,0.7895103503184714,0,30,None,66,1,5,False,10,10
59170,175,betCent,10,0.7165605095541401,0,6,None,66,1,5,False,10,10
59171,176,betCent,10,0.71765525477707,0,6,None,66,1,5,False,10,10
59172,177,betCent,10,0.7180533439490446,0,6,None,66,1,5,False,10,10
59173,178,betCent,10,0.7199442675159236,0,6,None,66,1,5,False,10,10
59174,179,betCent,10,0.7201433121019108,0,6,None,66,1,5,False,10,10
59175,175,betCent,10,0.7742834394904459,0,18,None,66,1,5,False,10,10
59176,176,betCent,10,0.7733877388535032,0,18,None,66,1,5,False,10,10
59177,177,betCent,10,0.7741839171974523,0,18,None,66,1,5,False,10,10
59178,178,betCent,10,0.7750796178343949,0,18,None,66,1,5,False,10,10
59179,179,betCent,10,0.7750796178343949,0,18,None,66,1,5,False,10,10
59180,175,betCent,10,0.7371616242038217,0,27,None,66,1,5,False,10,10
59181,176,betCent,10,0.7446257961783439,0,27,None,66,1,5,False,10,10
59182,177,betCent,10,0.7496019108280255,0,27,None,66,1,5,False,10,10
59183,178,betCent,10,0.7538813694267515,0,27,None,66,1,5,False,10,10
59184,179,betCent,10,0.7559713375796179,0,27,None,66,1,5,False,10,10
59185,175,betCent,10,0.7313893312101911,0,31,None,66,1,5,False,10,10
59186,176,betCent,10,0.7414410828025477,0,31,None,66,1,5,False,10,10
59187,177,betCent,10,0.7490047770700637,0,31,None,66,1,5,False,10,10
59188,178,betCent,10,0.7539808917197452,0,31,None,66,1,5,False,10,10
59189,179,betCent,10,0.7575636942675159,0,31,None,66,1,5,False,10,10
59190,175,betCent,10,0.7933917197452229,0,32,None,66,1,5,False,10,10
59191,176,betCent,10,0.7940883757961783,0,32,None,66,1,5,False,10,10
59192,177,betCent,10,0.794187898089172,0,32,None,66,1,5,False,10,10
59193,178,betCent,10,0.7945859872611465,0,32,None,66,1,5,False,10,10
59194,179,betCent,10,0.7945859872611465,0,32,None,66,1,5,False,10,10
59195,175,betCent,10,0.7835390127388535,0,4,None,66,1,5,False,10,10
59196,176,betCent,10,0.7827428343949044,0,4,None,66,1,5,False,10,10
59197,177,betCent,10,0.7832404458598726,0,4,None,66,1,5,False,10,10
59198,178,betCent,10,0.7838375796178344,0,4,None,66,1,5,False,10,10
59199,179,betCent,10,0.7837380573248408,0,4,None,66,1,5,False,10,10
59200,175,betCent,10,0.7795581210191083,0,7,None,66,1,5,False,10,10
59201,176,betCent,10,0.7800557324840764,0,7,None,66,1,5,False,10,10
59202,177,betCent,10,0.7808519108280255,0,7,None,66,1,5,False,10,10
59203,178,betCent,10,0.7810509554140127,0,7,None,66,1,5,False,10,10
59204,179,betCent,10,0.78234474522293,0,7,None,66,1,5,False,10,10
59205,175,betCent,10,0.7740843949044586,0,8,None,66,1,5,False,10,10
59206,176,betCent,10,0.7743829617834395,0,8,None,66,1,5,False,10,10
59207,177,betCent,10,0.7757762738853503,0,8,None,66,1,5,False,10,10
59208,178,betCent,10,0.7754777070063694,0,8,None,66,1,5,False,10,10
59209,179,betCent,10,0.7762738853503185,0,8,None,66,1,5,False,10,10
59210,175,betCent,10,0.7630374203821656,0,16,None,66,1,5,False,10,10
59211,176,betCent,10,0.7649283439490446,0,16,None,66,1,5,False,10,10
59212,177,betCent,10,0.7674164012738853,0,16,None,66,1,5,False,10,10
59213,178,betCent,10,0.7679140127388535,0,16,None,66,1,5,False,10,10
59214,179,betCent,10,0.7682125796178344,0,16,None,66,1,5,False,10,10
59215,175,betCent,10,0.7920979299363057,0,11,None,66,1,5,False,10,10
59216,176,betCent,10,0.7910031847133758,0,11,None,66,1,5,False,10,10
59217,177,betCent,10,0.7914012738853503,0,11,None,66,1,5,False,10,10
59218,178,betCent,10,0.792296974522293,0,11,None,66,1,5,False,10,10
59219,179,betCent,10,0.7921974522292994,0,11,None,66,1,5,False,10,10
59220,175,betCent,10,0.7614450636942676,0,17,None,66,1,5,False,10,10
59221,176,betCent,10,0.7616441082802548,0,17,None,66,1,5,False,10,10
59222,177,betCent,10,0.7626393312101911,0,17,None,66,1,5,False,10,10
59223,178,betCent,10,0.7625398089171974,0,17,None,66,1,5,False,10,10
59224,179,betCent,10,0.7644307324840764,0,17,None,66,1,5,False,10,10
59225,175,betCent,10,0.7914012738853503,0,3,None,66,1,5,False,10,10
59226,176,betCent,10,0.7921974522292994,0,3,None,66,1,5,False,10,10
59227,177,betCent,10,0.7928941082802548,0,3,None,66,1,5,False,10,10
59228,178,betCent,10,0.7931926751592356,0,3,None,66,1,5,False,10,10
59229,179,betCent,10,0.793093152866242,0,3,None,66,1,5,False,10,10
59230,175,betCent,10,0.7761743630573248,0,24,None,66,1,5,False,10,10
59231,176,betCent,10,0.7792595541401274,0,24,None,66,1,5,False,10,10
59232,177,betCent,10,0.7825437898089171,0,24,None,66,1,5,False,10,10
59233,178,betCent,10,0.7848328025477707,0,24,None,66,1,5,False,10,10
59234,179,betCent,10,0.7852308917197452,0,24,None,66,1,5,False,10,10
59235,180,betCent,10,0.7810509554140127,0,1,None,66,1,5,False,10,10
59236,181,betCent,10,0.78234474522293,0,1,None,66,1,5,False,10,10
59237,182,betCent,10,0.783140923566879,0,1,None,66,1,5,False,10,10
59238,183,betCent,10,0.7837380573248408,0,1,None,66,1,5,False,10,10
59239,184,betCent,10,0.7848328025477707,0,1,None,66,1,5,False,10,10
59240,180,betCent,10,0.7974721337579618,0,22,None,66,1,5,False,10,10
59241,181,betCent,10,0.7973726114649682,0,22,None,66,1,5,False,10,10
59242,182,betCent,10,0.7976711783439491,0,22,None,66,1,5,False,10,10
59243,183,betCent,10,0.7977707006369427,0,22,None,66,1,5,False,10,10
59244,184,betCent,10,0.7984673566878981,0,22,None,66,1,5,False,10,10
59245,180,betCent,10,0.7790605095541401,0,23,None,66,1,5,False,10,10
59246,181,betCent,10,0.7800557324840764,0,23,None,66,1,5,False,10,10
59247,182,betCent,10,0.7809514331210191,0,23,None,66,1,5,False,10,10
59248,183,betCent,10,0.7819466560509554,0,23,None,66,1,5,False,10,10
59249,184,betCent,10,0.7815485668789809,0,23,None,66,1,5,False,10,10
59250,180,betCent,10,0.7563694267515924,0,5,None,66,1,5,False,10,10
59251,181,betCent,10,0.7565684713375797,0,5,None,66,1,5,False,10,10
59252,182,betCent,10,0.7568670382165605,0,5,None,66,1,5,False,10,10
59253,183,betCent,10,0.7571656050955414,0,5,None,66,1,5,False,10,10
59254,184,betCent,10,0.7568670382165605,0,5,None,66,1,5,False,10,10
59255,180,betCent,10,0.7640326433121019,0,16,None,66,1,5,False,10,10
59256,181,betCent,10,0.7669187898089171,0,16,None,66,1,5,False,10,10
59257,182,betCent,10,0.7682125796178344,0,16,None,66,1,5,False,10,10
59258,183,betCent,10,0.7690087579617835,0,16,None,66,1,5,False,10,10
59259,184,betCent,10,0.7705015923566879,0,16,None,66,1,5,False,10,10
59260,180,betCent,10,0.7810509554140127,0,7,None,66,1,5,False,10,10
59261,181,betCent,10,0.7813495222929936,0,7,None,66,1,5,False,10,10
59262,182,betCent,10,0.7833399681528662,0,7,None,66,1,5,False,10,10
59263,183,betCent,10,0.7836385350318471,0,7,None,66,1,5,False,10,10
59264,184,betCent,10,0.7835390127388535,0,7,None,66,1,5,False,10,10
59265,180,betCent,10,0.794984076433121,0,32,None,66,1,5,False,10,10
59266,181,betCent,10,0.794984076433121,0,32,None,66,1,5,False,10,10
59267,182,betCent,10,0.7950835987261147,0,32,None,66,1,5,False,10,10
59268,183,betCent,10,0.7956807324840764,0,32,None,66,1,5,False,10,10
59269,184,betCent,10,0.7959792993630573,0,32,None,66,1,5,False,10,10
59270,180,betCent,10,0.772890127388535,0,26,None,66,1,5,False,10,10
59271,181,betCent,10,0.7736863057324841,0,26,None,66,1,5,False,10,10
59272,182,betCent,10,0.7738853503184714,0,26,None,66,1,5,False,10,10
59273,183,betCent,10,0.774781050955414,0,26,None,66,1,5,False,10,10
59274,184,betCent,10,0.7753781847133758,0,26,None,66,1,5,False,10,10
59275,180,betCent,10,0.7202428343949044,0,6,None,66,1,5,False,10,10
59276,181,betCent,10,0.7212380573248408,0,6,None,66,1,5,False,10,10
59277,182,betCent,10,0.7217356687898089,0,6,None,66,1,5,False,10,10
59278,183,betCent,10,0.7224323248407644,0,6,None,66,1,5,False,10,10
59279,184,betCent,10,0.7238256369426752,0,6,None,66,1,5,False,10,10
59280,180,betCent,10,0.7857285031847133,0,15,None,66,1,5,False,10,10
59281,181,betCent,10,0.7863256369426752,0,15,None,66,1,5,False,10,10
59282,182,betCent,10,0.7871218152866242,0,15,None,66,1,5,False,10,10
59283,183,betCent,10,0.7875199044585988,0,15,None,66,1,5,False,10,10
59284,184,betCent,10,0.7884156050955414,0,15,None,66,1,5,False,10,10
59285,180,betCent,10,0.7777667197452229,0,10,None,66,1,5,False,10,10
59286,181,betCent,10,0.7790605095541401,0,10,None,66,1,5,False,10,10
59287,182,betCent,10,0.7791600318471338,0,10,None,66,1,5,False,10,10
59288,183,betCent,10,0.7780652866242038,0,10,None,66,1,5,False,10,10
59289,184,betCent,10,0.7780652866242038,0,10,None,66,1,5,False,10,10
59290,180,betCent,10,0.791202229299363,0,11,None,66,1,5,False,10,10
59291,181,betCent,10,0.7917993630573248,0,11,None,66,1,5,False,10,10
59292,182,betCent,10,0.7914012738853503,0,11,None,66,1,5,False,10,10
59293,183,betCent,10,0.7920979299363057,0,11,None,66,1,5,False,10,10
59294,184,betCent,10,0.7929936305732485,0,11,None,66,1,5,False,10,10
59295,180,betCent,10,0.7789609872611465,0,20,None,66,1,5,False,10,10
59296,181,betCent,10,0.7789609872611465,0,20,None,66,1,5,False,10,10
59297,182,betCent,10,0.7795581210191083,0,20,None,66,1,5,False,10,10
59298,183,betCent,10,0.7792595541401274,0,20,None,66,1,5,False,10,10
59299,184,betCent,10,0.7811504777070064,0,20,None,66,1,5,False,10,10
59300,180,betCent,10,0.785031847133758,0,4,None,66,1,5,False,10,10
59301,181,betCent,10,0.7851313694267515,0,4,None,66,1,5,False,10,10
59302,182,betCent,10,0.7851313694267515,0,4,None,66,1,5,False,10,10
59303,183,betCent,10,0.7845342356687898,0,4,None,66,1,5,False,10,10
59304,184,betCent,10,0.7843351910828026,0,4,None,66,1,5,False,10,10
59305,180,betCent,10,0.776671974522293,0,18,None,66,1,5,False,10,10
59306,181,betCent,10,0.7752786624203821,0,18,None,66,1,5,False,10,10
59307,182,betCent,10,0.7752786624203821,0,18,None,66,1,5,False,10,10
59308,183,betCent,10,0.7752786624203821,0,18,None,66,1,5,False,10,10
59309,184,betCent,10,0.7771695859872612,0,18,None,66,1,5,False,10,10
59310,180,betCent,10,0.7791600318471338,0,8,None,66,1,5,False,10,10
59311,181,betCent,10,0.7784633757961783,0,8,None,66,1,5,False,10,10
59312,182,betCent,10,0.7780652866242038,0,8,None,66,1,5,False,10,10
59313,183,betCent,10,0.7782643312101911,0,8,None,66,1,5,False,10,10
59314,184,betCent,10,0.7797571656050956,0,8,None,66,1,5,False,10,10
59315,180,betCent,10,0.7829418789808917,0,28,None,66,1,5,False,10,10
59316,181,betCent,10,0.7826433121019108,0,28,None,66,1,5,False,10,10
59317,182,betCent,10,0.783140923566879,0,28,None,66,1,5,False,10,10
59318,183,betCent,10,0.783937101910828,0,28,None,66,1,5,False,10,10
59319,184,betCent,10,0.783937101910828,0,28,None,66,1,5,False,10,10
59320,180,betCent,10,0.7624402866242038,0,19,None,66,1,5,False,10,10
59321,181,betCent,10,0.7659235668789809,0,19,None,66,1,5,False,10,10
59322,182,betCent,10,0.7691082802547771,0,19,None,66,1,5,False,10,10
59323,183,betCent,10,0.7727906050955414,0,19,None,66,1,5,False,10,10
59324,184,betCent,10,0.775577229299363,0,19,None,66,1,5,False,10,10
59325,180,betCent,10,0.7892117834394905,0,30,None,66,1,5,False,10,10
59326,181,betCent,10,0.7895103503184714,0,30,None,66,1,5,False,10,10
59327,182,betCent,10,0.7901074840764332,0,30,None,66,1,5,False,10,10
59328,183,betCent,10,0.790406050955414,0,30,None,66,1,5,False,10,10
59329,184,betCent,10,0.7917993630573248,0,30,None,66,1,5,False,10,10
59330,180,betCent,10,0.7373606687898089,0,31,None,66,1,5,False,10,10
59331,181,betCent,10,0.747312898089172,0,31,None,66,1,5,False,10,10
59332,182,betCent,10,0.7534832802547771,0,31,None,66,1,5,False,10,10
59333,183,betCent,10,0.7580613057324841,0,31,None,66,1,5,False,10,10
59334,184,betCent,10,0.762937898089172,0,31,None,66,1,5,False,10,10
59335,180,betCent,10,0.7872213375796179,0,13,None,66,1,5,False,10,10
59336,181,betCent,10,0.7879179936305732,0,13,None,66,1,5,False,10,10
59337,182,betCent,10,0.7878184713375797,0,13,None,66,1,5,False,10,10
59338,183,betCent,10,0.7880175159235668,0,13,None,66,1,5,False,10,10
59339,184,betCent,10,0.7888136942675159,0,13,None,66,1,5,False,10,10
59340,180,betCent,10,0.772890127388535,0,12,None,66,1,5,False,10,10
59341,181,betCent,10,0.7752786624203821,0,12,None,66,1,5,False,10,10
59342,182,betCent,10,0.7764729299363057,0,12,None,66,1,5,False,10,10
59343,183,betCent,10,0.7769705414012739,0,12,None,66,1,5,False,10,10
59344,184,betCent,10,0.7779657643312102,0,12,None,66,1,5,False,10,10
59345,180,betCent,10,0.7840366242038217,0,2,None,66,1,5,False,10,10
59346,181,betCent,10,0.783937101910828,0,2,None,66,1,5,False,10,10
59347,182,betCent,10,0.7849323248407644,0,2,None,66,1,5,False,10,10
59348,183,betCent,10,0.7863256369426752,0,2,None,66,1,5,False,10,10
59349,184,betCent,10,0.7865246815286624,0,2,None,66,1,5,False,10,10
59350,180,betCent,10,0.7908041401273885,0,0,None,66,1,5,False,10,10
59351,181,betCent,10,0.7902070063694268,0,0,None,66,1,5,False,10,10
59352,182,betCent,10,0.791202229299363,0,0,None,66,1,5,False,10,10
59353,183,betCent,10,0.7916998407643312,0,0,None,66,1,5,False,10,10
59354,184,betCent,10,0.7916003184713376,0,0,None,66,1,5,False,10,10
59355,180,betCent,10,0.7937898089171974,0,3,None,66,1,5,False,10,10
59356,181,betCent,10,0.7938893312101911,0,3,None,66,1,5,False,10,10
59357,182,betCent,10,0.7939888535031847,0,3,None,66,1,5,False,10,10
59358,183,betCent,10,0.7936902866242038,0,3,None,66,1,5,False,10,10
59359,184,betCent,10,0.794187898089172,0,3,None,66,1,5,False,10,10
59360,180,betCent,10,0.7864251592356688,0,9,None,66,1,5,False,10,10
59361,181,betCent,10,0.7867237261146497,0,9,None,66,1,5,False,10,10
59362,182,betCent,10,0.7860270700636943,0,9,None,66,1,5,False,10,10
59363,183,betCent,10,0.7866242038216561,0,9,None,66,1,5,False,10,10
59364,184,betCent,10,0.7865246815286624,0,9,None,66,1,5,False,10,10
59365,180,betCent,10,0.7870222929936306,0,14,None,66,1,5,False,10,10
59366,181,betCent,10,0.7867237261146497,0,14,None,66,1,5,False,10,10
59367,182,betCent,10,0.787718949044586,0,14,None,66,1,5,False,10,10
59368,183,betCent,10,0.7876194267515924,0,14,None,66,1,5,False,10,10
59369,184,betCent,10,0.7879179936305732,0,14,None,66,1,5,False,10,10
59370,180,betCent,10,0.7834394904458599,0,25,None,66,1,5,False,10,10
59371,181,betCent,10,0.7829418789808917,0,25,None,66,1,5,False,10,10
59372,182,betCent,10,0.7843351910828026,0,25,None,66,1,5,False,10,10
59373,183,betCent,10,0.7838375796178344,0,25,None,66,1,5,False,10,10
59374,184,betCent,10,0.7847332802547771,0,25,None,66,1,5,False,10,10
59375,180,betCent,10,0.7482085987261147,0,29,None,66,1,5,False,10,10
59376,181,betCent,10,0.7468152866242038,0,29,None,66,1,5,False,10,10
59377,182,betCent,10,0.7477109872611465,0,29,None,66,1,5,False,10,10
59378,183,betCent,10,0.7483081210191083,0,29,None,66,1,5,False,10,10
59379,184,betCent,10,0.7488057324840764,0,29,None,66,1,5,False,10,10
59380,180,betCent,10,0.7627388535031847,0,17,None,66,1,5,False,10,10
59381,181,betCent,10,0.7636345541401274,0,17,None,66,1,5,False,10,10
59382,182,betCent,10,0.7664211783439491,0,17,None,66,1,5,False,10,10
59383,183,betCent,10,0.7665207006369427,0,17,None,66,1,5,False,10,10
59384,184,betCent,10,0.7680135350318471,0,17,None,66,1,5,False,10,10
59385,180,betCent,10,0.7860270700636943,0,21,None,66,1,5,False,10,10
59386,181,betCent,10,0.7872213375796179,0,21,None,66,1,5,False,10,10
59387,182,betCent,10,0.7870222929936306,0,21,None,66,1,5,False,10,10
59388,183,betCent,10,0.7870222929936306,0,21,None,66,1,5,False,10,10
59389,184,betCent,10,0.7873208598726115,0,21,None,66,1,5,False,10,10
59390,180,betCent,10,0.7748805732484076,0,24,None,66,1,5,False,10,10
59391,181,betCent,10,0.7805533439490446,0,24,None,66,1,5,False,10,10
59392,182,betCent,10,0.7827428343949044,0,24,None,66,1,5,False,10,10
59393,183,betCent,10,0.7844347133757962,0,24,None,66,1,5,False,10,10
59394,184,betCent,10,0.7866242038216561,0,24,None,66,1,5,False,10,10
59395,180,betCent,10,0.7422372611464968,0,27,None,66,1,5,False,10,10
59396,181,betCent,10,0.7488057324840764,0,27,None,66,1,5,False,10,10
59397,182,betCent,10,0.7515923566878981,0,27,None,66,1,5,False,10,10
59398,183,betCent,10,0.7547770700636943,0,27,None,66,1,5,False,10,10
59399,184,betCent,10,0.7577627388535032,0,27,None,66,1,5,False,10,10
59426,181,betCent,10,0.778562898089172,0,8,None,66,1,5,False,10,10
59565,185,betCent,10,0.7397492038216561,0,31,None,66,1,5,False,10,10
59566,186,betCent,10,0.7495023885350318,0,31,None,66,1,5,False,10,10
59567,187,betCent,10,0.7548765923566879,0,31,None,66,1,5,False,10,10
59568,188,betCent,10,0.7607484076433121,0,31,None,66,1,5,False,10,10
59569,189,betCent,10,0.7666202229299363,0,31,None,66,1,5,False,10,10
59570,185,betCent,10,0.7841361464968153,0,1,None,66,1,5,False,10,10
59571,186,betCent,10,0.785031847133758,0,1,None,66,1,5,False,10,10
59572,187,betCent,10,0.7853304140127388,0,1,None,66,1,5,False,10,10
59573,188,betCent,10,0.7862261146496815,0,1,None,66,1,5,False,10,10
59574,189,betCent,10,0.7866242038216561,0,1,None,66,1,5,False,10,10
59575,185,betCent,10,0.748109076433121,0,29,None,66,1,5,False,10,10
59576,186,betCent,10,0.7482085987261147,0,29,None,66,1,5,False,10,10
59577,187,betCent,10,0.7494028662420382,0,29,None,66,1,5,False,10,10
59578,188,betCent,10,0.7498009554140127,0,29,None,66,1,5,False,10,10
59579,189,betCent,10,0.7504976114649682,0,29,None,66,1,5,False,10,10
59580,185,betCent,10,0.785031847133758,0,2,None,66,1,5,False,10,10
59581,186,betCent,10,0.7856289808917197,0,2,None,66,1,5,False,10,10
59582,187,betCent,10,0.7867237261146497,0,2,None,66,1,5,False,10,10
59583,188,betCent,10,0.7880175159235668,0,2,None,66,1,5,False,10,10
59584,189,betCent,10,0.788515127388535,0,2,None,66,1,5,False,10,10
59585,185,betCent,10,0.7932921974522293,0,11,None,66,1,5,False,10,10
59586,186,betCent,10,0.7935907643312102,0,11,None,66,1,5,False,10,10
59587,187,betCent,10,0.7951831210191083,0,11,None,66,1,5,False,10,10
59588,188,betCent,10,0.7945859872611465,0,11,None,66,1,5,False,10,10
59589,189,betCent,10,0.7959792993630573,0,11,None,66,1,5,False,10,10
59590,185,betCent,10,0.787718949044586,0,15,None,66,1,5,False,10,10
59591,186,betCent,10,0.7875199044585988,0,15,None,66,1,5,False,10,10
59592,187,betCent,10,0.788515127388535,0,15,None,66,1,5,False,10,10
59593,188,betCent,10,0.7892117834394905,0,15,None,66,1,5,False,10,10
59594,189,betCent,10,0.7894108280254777,0,15,None,66,1,5,False,10,10
59595,185,betCent,10,0.7664211783439491,0,17,None,66,1,5,False,10,10
59596,186,betCent,10,0.7685111464968153,0,17,None,66,1,5,False,10,10
59597,187,betCent,10,0.7692078025477707,0,17,None,66,1,5,False,10,10
59598,188,betCent,10,0.7710987261146497,0,17,None,66,1,5,False,10,10
59599,189,betCent,10,0.7707006369426752,0,17,None,66,1,5,False,10,10
59600,185,betCent,10,0.7857285031847133,0,28,None,66,1,5,False,10,10
59601,186,betCent,10,0.7848328025477707,0,28,None,66,1,5,False,10,10
59602,187,betCent,10,0.7855294585987261,0,28,None,66,1,5,False,10,10
59603,188,betCent,10,0.7862261146496815,0,28,None,66,1,5,False,10,10
59604,189,betCent,10,0.7852308917197452,0,28,None,66,1,5,False,10,10
59605,185,betCent,10,0.7900079617834395,0,13,None,66,1,5,False,10,10
59606,186,betCent,10,0.7899084394904459,0,13,None,66,1,5,False,10,10
59607,187,betCent,10,0.7903065286624203,0,13,None,66,1,5,False,10,10
59608,188,betCent,10,0.7902070063694268,0,13,None,66,1,5,False,10,10
59609,189,betCent,10,0.7902070063694268,0,13,None,66,1,5,False,10,10
59610,185,betCent,10,0.7854299363057324,0,25,None,66,1,5,False,10,10
59611,186,betCent,10,0.7855294585987261,0,25,None,66,1,5,False,10,10
59612,187,betCent,10,0.7866242038216561,0,25,None,66,1,5,False,10,10
59613,188,betCent,10,0.7868232484076433,0,25,None,66,1,5,False,10,10
59614,189,betCent,10,0.7871218152866242,0,25,None,66,1,5,False,10,10
59615,185,betCent,10,0.7741839171974523,0,26,None,66,1,5,False,10,10
59616,186,betCent,10,0.7746815286624203,0,26,None,66,1,5,False,10,10
59617,187,betCent,10,0.7741839171974523,0,26,None,66,1,5,False,10,10
59618,188,betCent,10,0.7758757961783439,0,26,None,66,1,5,False,10,10
59619,189,betCent,10,0.7767714968152867,0,26,None,66,1,5,False,10,10
59620,185,betCent,10,0.7754777070063694,0,12,None,66,1,5,False,10,10
59621,186,betCent,10,0.7769705414012739,0,12,None,66,1,5,False,10,10
59622,187,betCent,10,0.7782643312101911,0,12,None,66,1,5,False,10,10
59623,188,betCent,10,0.7797571656050956,0,12,None,66,1,5,False,10,10
59624,189,betCent,10,0.7810509554140127,0,12,None,66,1,5,False,10,10
59625,185,betCent,10,0.7587579617834395,0,5,None,66,1,5,False,10,10
59626,186,betCent,10,0.7594546178343949,0,5,None,66,1,5,False,10,10
59627,187,betCent,10,0.759952229299363,0,5,None,66,1,5,False,10,10
59628,188,betCent,10,0.7600517515923567,0,5,None,66,1,5,False,10,10
59629,189,betCent,10,0.7597531847133758,0,5,None,66,1,5,False,10,10
59630,185,betCent,10,0.7795581210191083,0,20,None,66,1,5,False,10,10
59631,186,betCent,10,0.7796576433121019,0,20,None,66,1,5,False,10,10
59632,187,betCent,10,0.7805533439490446,0,20,None,66,1,5,False,10,10
59633,188,betCent,10,0.7821457006369427,0,20,None,66,1,5,False,10,10
59634,189,betCent,10,0.783140923566879,0,20,None,66,1,5,False,10,10
59635,185,betCent,10,0.7788614649681529,0,10,None,66,1,5,False,10,10
59636,186,betCent,10,0.779359076433121,0,10,None,66,1,5,False,10,10
59637,187,betCent,10,0.7803542993630573,0,10,None,66,1,5,False,10,10
59638,188,betCent,10,0.7806528662420382,0,10,None,66,1,5,False,10,10
59639,189,betCent,10,0.7807523885350318,0,10,None,66,1,5,False,10,10
59640,185,betCent,10,0.7805533439490446,0,23,None,66,1,5,False,10,10
59641,186,betCent,10,0.7821457006369427,0,23,None,66,1,5,False,10,10
59642,187,betCent,10,0.7830414012738853,0,23,None,66,1,5,False,10,10
59643,188,betCent,10,0.7829418789808917,0,23,None,66,1,5,False,10,10
59644,189,betCent,10,0.783140923566879,0,23,None,66,1,5,False,10,10
59645,185,betCent,10,0.7838375796178344,0,7,None,66,1,5,False,10,10
59646,186,betCent,10,0.7846337579617835,0,7,None,66,1,5,False,10,10
59647,187,betCent,10,0.785031847133758,0,7,None,66,1,5,False,10,10
59648,188,betCent,10,0.7857285031847133,0,7,None,66,1,5,False,10,10
59649,189,betCent,10,0.7865246815286624,0,7,None,66,1,5,False,10,10
59650,185,betCent,10,0.7962778662420382,0,32,None,66,1,5,False,10,10
59651,186,betCent,10,0.7959792993630573,0,32,None,66,1,5,False,10,10
59652,187,betCent,10,0.7963773885350318,0,32,None,66,1,5,False,10,10
59653,188,betCent,10,0.7960788216560509,0,32,None,66,1,5,False,10,10
59654,189,betCent,10,0.7959792993630573,0,32,None,66,1,5,False,10,10
59655,185,betCent,10,0.7966759554140127,0,3,None,66,1,5,False,10,10
59656,186,betCent,10,0.7961783439490446,0,3,None,66,1,5,False,10,10
59657,187,betCent,10,0.7960788216560509,0,3,None,66,1,5,False,10,10
59658,188,betCent,10,0.7959792993630573,0,3,None,66,1,5,False,10,10
59659,189,betCent,10,0.7960788216560509,0,3,None,66,1,5,False,10,10
59660,185,betCent,10,0.7884156050955414,0,14,None,66,1,5,False,10,10
59661,186,betCent,10,0.7893113057324841,0,14,None,66,1,5,False,10,10
59662,187,betCent,10,0.7900079617834395,0,14,None,66,1,5,False,10,10
59663,188,betCent,10,0.7902070063694268,0,14,None,66,1,5,False,10,10
59664,189,betCent,10,0.7911027070063694,0,14,None,66,1,5,False,10,10
59665,185,betCent,10,0.7874203821656051,0,9,None,66,1,5,False,10,10
59666,186,betCent,10,0.7871218152866242,0,9,None,66,1,5,False,10,10
59667,187,betCent,10,0.7874203821656051,0,9,None,66,1,5,False,10,10
59668,188,betCent,10,0.7879179936305732,0,9,None,66,1,5,False,10,10
59669,189,betCent,10,0.7884156050955414,0,9,None,66,1,5,False,10,10
59670,185,betCent,10,0.7994625796178344,0,22,None,66,1,5,False,10,10
59671,186,betCent,10,0.7985668789808917,0,22,None,66,1,5,False,10,10
59672,187,betCent,10,0.7994625796178344,0,22,None,66,1,5,False,10,10
59673,188,betCent,10,0.7994625796178344,0,22,None,66,1,5,False,10,10
59674,189,betCent,10,0.7992635350318471,0,22,None,66,1,5,False,10,10
59675,185,betCent,10,0.7375597133757962,0,27,None,66,1,5,False,10,10
59676,186,betCent,10,0.7460191082802548,0,27,None,66,1,5,False,10,10
59677,187,betCent,10,0.7523885350318471,0,27,None,66,1,5,False,10,10
59678,188,betCent,10,0.7552746815286624,0,27,None,66,1,5,False,10,10
59679,189,betCent,10,0.7576632165605095,0,27,None,66,1,5,False,10,10
59680,185,betCent,10,0.7255175159235668,0,6,None,66,1,5,False,10,10
59681,186,betCent,10,0.7259156050955414,0,6,None,66,1,5,False,10,10
59682,187,betCent,10,0.7265127388535032,0,6,None,66,1,5,False,10,10
59683,188,betCent,10,0.7264132165605095,0,6,None,66,1,5,False,10,10
59684,189,betCent,10,0.7275079617834395,0,6,None,66,1,5,False,10,10
59685,185,betCent,10,0.7911027070063694,0,30,None,66,1,5,False,10,10
59686,186,betCent,10,0.790406050955414,0,30,None,66,1,5,False,10,10
59687,187,betCent,10,0.7903065286624203,0,30,None,66,1,5,False,10,10
59688,188,betCent,10,0.7916003184713376,0,30,None,66,1,5,False,10,10
59689,189,betCent,10,0.7918988853503185,0,30,None,66,1,5,False,10,10
59690,185,betCent,10,0.7881170382165605,0,21,None,66,1,5,False,10,10
59691,186,betCent,10,0.7886146496815286,0,21,None,66,1,5,False,10,10
59692,187,betCent,10,0.7884156050955414,0,21,None,66,1,5,False,10,10
59693,188,betCent,10,0.7889132165605095,0,21,None,66,1,5,False,10,10
59694,189,betCent,10,0.7891122611464968,0,21,None,66,1,5,False,10,10
59695,185,betCent,10,0.7817476114649682,0,24,None,66,1,5,False,10,10
59696,186,betCent,10,0.7851313694267515,0,24,None,66,1,5,False,10,10
59697,187,betCent,10,0.7876194267515924,0,24,None,66,1,5,False,10,10
59698,188,betCent,10,0.7901074840764332,0,24,None,66,1,5,False,10,10
59699,189,betCent,10,0.7919984076433121,0,24,None,66,1,5,False,10,10
59700,185,betCent,10,0.7862261146496815,0,4,None,66,1,5,False,10,10
59701,186,betCent,10,0.786922770700637,0,4,None,66,1,5,False,10,10
59702,187,betCent,10,0.7863256369426752,0,4,None,66,1,5,False,10,10
59703,188,betCent,10,0.7863256369426752,0,4,None,66,1,5,False,10,10
59704,189,betCent,10,0.7864251592356688,0,4,None,66,1,5,False,10,10
59705,185,betCent,10,0.7923964968152867,0,0,None,66,1,5,False,10,10
59706,186,betCent,10,0.7916998407643312,0,0,None,66,1,5,False,10,10
59707,187,betCent,10,0.7918988853503185,0,0,None,66,1,5,False,10,10
59708,188,betCent,10,0.7921974522292994,0,0,None,66,1,5,False,10,10
59709,189,betCent,10,0.7924960191082803,0,0,None,66,1,5,False,10,10
59710,185,betCent,10,0.7639331210191083,0,16,None,66,1,5,False,10,10
59711,186,betCent,10,0.765625,0,16,None,66,1,5,False,10,10
59712,187,betCent,10,0.7686106687898089,0,16,None,66,1,5,False,10,10
59713,188,betCent,10,0.7698049363057324,0,16,None,66,1,5,False,10,10
59714,189,betCent,10,0.7707006369426752,0,16,None,66,1,5,False,10,10
59715,185,betCent,10,0.7796576433121019,0,8,None,66,1,5,False,10,10
59716,186,betCent,10,0.78015525477707,0,8,None,66,1,5,False,10,10
59717,187,betCent,10,0.78125,0,8,None,66,1,5,False,10,10
59718,188,betCent,10,0.7816480891719745,0,8,None,66,1,5,False,10,10
59719,189,betCent,10,0.7829418789808917,0,8,None,66,1,5,False,10,10
59720,185,betCent,10,0.7777667197452229,0,18,None,66,1,5,False,10,10
59721,186,betCent,10,0.7771695859872612,0,18,None,66,1,5,False,10,10
59722,187,betCent,10,0.777468152866242,0,18,None,66,1,5,False,10,10
59723,188,betCent,10,0.7769705414012739,0,18,None,66,1,5,False,10,10
59724,189,betCent,10,0.7771695859872612,0,18,None,66,1,5,False,10,10
59725,185,betCent,10,0.7649283439490446,0,19,None,66,1,5,False,10,10
59726,186,betCent,10,0.7687101910828026,0,19,None,66,1,5,False,10,10
59727,187,betCent,10,0.7727906050955414,0,19,None,66,1,5,False,10,10
59728,188,betCent,10,0.774781050955414,0,19,None,66,1,5,False,10,10
59729,189,betCent,10,0.7767714968152867,0,19,None,66,1,5,False,10,10
59730,190,betCent,10,0.7751791401273885,0,26,None,66,1,5,False,10,10
59731,191,betCent,10,0.7759753184713376,0,26,None,66,1,5,False,10,10
59732,192,betCent,10,0.7760748407643312,0,26,None,66,1,5,False,10,10
59733,193,betCent,10,0.7771695859872612,0,26,None,66,1,5,False,10,10
59734,194,betCent,10,0.7780652866242038,0,26,None,66,1,5,False,10,10
59735,190,betCent,10,0.7860270700636943,0,1,None,66,1,5,False,10,10
59736,191,betCent,10,0.7878184713375797,0,1,None,66,1,5,False,10,10
59737,192,betCent,10,0.7870222929936306,0,1,None,66,1,5,False,10,10
59738,193,betCent,10,0.7881170382165605,0,1,None,66,1,5,False,10,10
59739,194,betCent,10,0.788515127388535,0,1,None,66,1,5,False,10,10
59740,190,betCent,10,0.7854299363057324,0,2,None,66,1,5,False,10,10
59741,191,betCent,10,0.7857285031847133,0,2,None,66,1,5,False,10,10
59742,192,betCent,10,0.7878184713375797,0,2,None,66,1,5,False,10,10
59743,193,betCent,10,0.788515127388535,0,2,None,66,1,5,False,10,10
59744,194,betCent,10,0.788515127388535,0,2,None,66,1,5,False,10,10
59745,190,betCent,10,0.7945859872611465,0,11,None,66,1,5,False,10,10
59746,191,betCent,10,0.7956807324840764,0,11,None,66,1,5,False,10,10
59747,192,betCent,10,0.7966759554140127,0,11,None,66,1,5,False,10,10
59748,193,betCent,10,0.7969745222929936,0,11,None,66,1,5,False,10,10
59749,194,betCent,10,0.7974721337579618,0,11,None,66,1,5,False,10,10
59750,190,betCent,10,0.7887141719745223,0,15,None,66,1,5,False,10,10
59751,191,betCent,10,0.7891122611464968,0,15,None,66,1,5,False,10,10
59752,192,betCent,10,0.790406050955414,0,15,None,66,1,5,False,10,10
59753,193,betCent,10,0.7910031847133758,0,15,None,66,1,5,False,10,10
59754,194,betCent,10,0.7916998407643312,0,15,None,66,1,5,False,10,10
59755,190,betCent,10,0.7686106687898089,0,17,None,66,1,5,False,10,10
59756,191,betCent,10,0.7704020700636943,0,17,None,66,1,5,False,10,10
59757,192,betCent,10,0.7718949044585988,0,17,None,66,1,5,False,10,10
59758,193,betCent,10,0.7723925159235668,0,17,None,66,1,5,False,10,10
59759,194,betCent,10,0.7732882165605095,0,17,None,66,1,5,False,10,10
59760,190,betCent,10,0.78125,0,20,None,66,1,5,False,10,10
59761,191,betCent,10,0.7809514331210191,0,20,None,66,1,5,False,10,10
59762,192,betCent,10,0.7832404458598726,0,20,None,66,1,5,False,10,10
59763,193,betCent,10,0.783937101910828,0,20,None,66,1,5,False,10,10
59764,194,betCent,10,0.7855294585987261,0,20,None,66,1,5,False,10,10
59765,190,betCent,10,0.7809514331210191,0,10,None,66,1,5,False,10,10
59766,191,betCent,10,0.7824442675159236,0,10,None,66,1,5,False,10,10
59767,192,betCent,10,0.7820461783439491,0,10,None,66,1,5,False,10,10
59768,193,betCent,10,0.7828423566878981,0,10,None,66,1,5,False,10,10
59769,194,betCent,10,0.7830414012738853,0,10,None,66,1,5,False,10,10
59770,190,betCent,10,0.7997611464968153,0,22,None,66,1,5,False,10,10
59771,191,betCent,10,0.8007563694267515,0,22,None,66,1,5,False,10,10
59772,192,betCent,10,0.8008558917197452,0,22,None,66,1,5,False,10,10
59773,193,betCent,10,0.8000597133757962,0,22,None,66,1,5,False,10,10
59774,194,betCent,10,0.8007563694267515,0,22,None,66,1,5,False,10,10
59775,190,betCent,10,0.7817476114649682,0,23,None,66,1,5,False,10,10
59776,191,betCent,10,0.7830414012738853,0,23,None,66,1,5,False,10,10
59777,192,betCent,10,0.7845342356687898,0,23,None,66,1,5,False,10,10
59778,193,betCent,10,0.7828423566878981,0,23,None,66,1,5,False,10,10
59779,194,betCent,10,0.7829418789808917,0,23,None,66,1,5,False,10,10
59780,190,betCent,10,0.761843152866242,0,5,None,66,1,5,False,10,10
59781,191,betCent,10,0.7623407643312102,0,5,None,66,1,5,False,10,10
59782,192,betCent,10,0.761843152866242,0,5,None,66,1,5,False,10,10
59783,193,betCent,10,0.7619426751592356,0,5,None,66,1,5,False,10,10
59784,194,betCent,10,0.7623407643312102,0,5,None,66,1,5,False,10,10
59785,190,betCent,10,0.7918988853503185,0,13,None,66,1,5,False,10,10
59786,191,betCent,10,0.7911027070063694,0,13,None,66,1,5,False,10,10
59787,192,betCent,10,0.7911027070063694,0,13,None,66,1,5,False,10,10
59788,193,betCent,10,0.7924960191082803,0,13,None,66,1,5,False,10,10
59789,194,betCent,10,0.793093152866242,0,13,None,66,1,5,False,10,10
59790,190,betCent,10,0.7772691082802548,0,12,None,66,1,5,False,10,10
59791,191,betCent,10,0.7803542993630573,0,12,None,66,1,5,False,10,10
59792,192,betCent,10,0.78125,0,12,None,66,1,5,False,10,10
59793,193,betCent,10,0.7827428343949044,0,12,None,66,1,5,False,10,10
59794,194,betCent,10,0.7834394904458599,0,12,None,66,1,5,False,10,10
59795,190,betCent,10,0.786922770700637,0,25,None,66,1,5,False,10,10
59796,191,betCent,10,0.7883160828025477,0,25,None,66,1,5,False,10,10
59797,192,betCent,10,0.7874203821656051,0,25,None,66,1,5,False,10,10
59798,193,betCent,10,0.788515127388535,0,25,None,66,1,5,False,10,10
59799,194,betCent,10,0.7895103503184714,0,25,None,66,1,5,False,10,10
59800,190,betCent,10,0.7916003184713376,0,14,None,66,1,5,False,10,10
59801,191,betCent,10,0.7917993630573248,0,14,None,66,1,5,False,10,10
59802,192,betCent,10,0.7919984076433121,0,14,None,66,1,5,False,10,10
59803,193,betCent,10,0.7924960191082803,0,14,None,66,1,5,False,10,10
59804,194,betCent,10,0.793093152866242,0,14,None,66,1,5,False,10,10
59805,190,betCent,10,0.7923964968152867,0,30,None,66,1,5,False,10,10
59806,191,betCent,10,0.7923964968152867,0,30,None,66,1,5,False,10,10
59807,192,betCent,10,0.7921974522292994,0,30,None,66,1,5,False,10,10
59808,193,betCent,10,0.7928941082802548,0,30,None,66,1,5,False,10,10
59809,194,betCent,10,0.7934912420382165,0,30,None,66,1,5,False,10,10
59810,190,betCent,10,0.7772691082802548,0,24,None,66,1,5,False,10,10
59811,191,betCent,10,0.7824442675159236,0,24,None,66,1,5,False,10,10
59812,192,betCent,10,0.7868232484076433,0,24,None,66,1,5,False,10,10
59813,193,betCent,10,0.7894108280254777,0,24,None,66,1,5,False,10,10
59814,194,betCent,10,0.7911027070063694,0,24,None,66,1,5,False,10,10
59815,190,betCent,10,0.786922770700637,0,28,None,66,1,5,False,10,10
59816,191,betCent,10,0.7864251592356688,0,28,None,66,1,5,False,10,10
59817,192,betCent,10,0.7868232484076433,0,28,None,66,1,5,False,10,10
59818,193,betCent,10,0.7868232484076433,0,28,None,66,1,5,False,10,10
59819,194,betCent,10,0.7868232484076433,0,28,None,66,1,5,False,10,10
59820,190,betCent,10,0.7270103503184714,0,6,None,66,1,5,False,10,10
59821,191,betCent,10,0.7280055732484076,0,6,None,66,1,5,False,10,10
59822,192,betCent,10,0.7291003184713376,0,6,None,66,1,5,False,10,10
59823,193,betCent,10,0.7300955414012739,0,6,None,66,1,5,False,10,10
59824,194,betCent,10,0.7312898089171974,0,6,None,66,1,5,False,10,10
59825,190,betCent,10,0.7666202229299363,0,16,None,66,1,5,False,10,10
59826,191,betCent,10,0.7678144904458599,0,16,None,66,1,5,False,10,10
59827,192,betCent,10,0.7697054140127388,0,16,None,66,1,5,False,10,10
59828,193,betCent,10,0.7707006369426752,0,16,None,66,1,5,False,10,10
59829,194,betCent,10,0.7724920382165605,0,16,None,66,1,5,False,10,10
59830,190,betCent,10,0.7888136942675159,0,21,None,66,1,5,False,10,10
59831,191,betCent,10,0.7898089171974523,0,21,None,66,1,5,False,10,10
59832,192,betCent,10,0.7899084394904459,0,21,None,66,1,5,False,10,10
59833,193,betCent,10,0.7907046178343949,0,21,None,66,1,5,False,10,10
59834,194,betCent,10,0.7916998407643312,0,21,None,66,1,5,False,10,10
59835,190,betCent,10,0.7387539808917197,0,27,None,66,1,5,False,10,10
59836,191,betCent,10,0.7484076433121019,0,27,None,66,1,5,False,10,10
59837,192,betCent,10,0.7547770700636943,0,27,None,66,1,5,False,10,10
59838,193,betCent,10,0.7561703821656051,0,27,None,66,1,5,False,10,10
59839,194,betCent,10,0.7588574840764332,0,27,None,66,1,5,False,10,10
59840,190,betCent,10,0.7852308917197452,0,7,None,66,1,5,False,10,10
59841,191,betCent,10,0.785828025477707,0,7,None,66,1,5,False,10,10
59842,192,betCent,10,0.7865246815286624,0,7,None,66,1,5,False,10,10
59843,193,betCent,10,0.7871218152866242,0,7,None,66,1,5,False,10,10
59844,194,betCent,10,0.7881170382165605,0,7,None,66,1,5,False,10,10
59845,190,betCent,10,0.788515127388535,0,4,None,66,1,5,False,10,10
59846,191,betCent,10,0.7881170382165605,0,4,None,66,1,5,False,10,10
59847,192,betCent,10,0.7876194267515924,0,4,None,66,1,5,False,10,10
59848,193,betCent,10,0.7879179936305732,0,4,None,66,1,5,False,10,10
59849,194,betCent,10,0.7881170382165605,0,4,None,66,1,5,False,10,10
59850,190,betCent,10,0.7963773885350318,0,32,None,66,1,5,False,10,10
59851,191,betCent,10,0.7969745222929936,0,32,None,66,1,5,False,10,10
59852,192,betCent,10,0.7973726114649682,0,32,None,66,1,5,False,10,10
59853,193,betCent,10,0.7981687898089171,0,32,None,66,1,5,False,10,10
59854,194,betCent,10,0.7982683121019108,0,32,None,66,1,5,False,10,10
59855,190,betCent,10,0.7834394904458599,0,8,None,66,1,5,False,10,10
59856,191,betCent,10,0.7833399681528662,0,8,None,66,1,5,False,10,10
59857,192,betCent,10,0.7836385350318471,0,8,None,66,1,5,False,10,10
59858,193,betCent,10,0.7837380573248408,0,8,None,66,1,5,False,10,10
59859,194,betCent,10,0.783937101910828,0,8,None,66,1,5,False,10,10
59860,190,betCent,10,0.7775676751592356,0,18,None,66,1,5,False,10,10
59861,191,betCent,10,0.776671974522293,0,18,None,66,1,5,False,10,10
59862,192,betCent,10,0.7779657643312102,0,18,None,66,1,5,False,10,10
59863,193,betCent,10,0.778562898089172,0,18,None,66,1,5,False,10,10
59864,194,betCent,10,0.7787619426751592,0,18,None,66,1,5,False,10,10
59865,190,betCent,10,0.79796974522293,0,3,None,66,1,5,False,10,10
59866,191,betCent,10,0.7976711783439491,0,3,None,66,1,5,False,10,10
59867,192,betCent,10,0.79796974522293,0,3,None,66,1,5,False,10,10
59868,193,betCent,10,0.7976711783439491,0,3,None,66,1,5,False,10,10
59869,194,betCent,10,0.7971735668789809,0,3,None,66,1,5,False,10,10
59870,190,betCent,10,0.7396496815286624,0,31,None,66,1,5,False,10,10
59871,191,betCent,10,0.7499004777070064,0,31,None,66,1,5,False,10,10
59872,192,betCent,10,0.7559713375796179,0,31,None,66,1,5,False,10,10
59873,193,betCent,10,0.7611464968152867,0,31,None,66,1,5,False,10,10
59874,194,betCent,10,0.7663216560509554,0,31,None,66,1,5,False,10,10
59875,190,betCent,10,0.7689092356687898,0,19,None,66,1,5,False,10,10
59876,191,betCent,10,0.7719944267515924,0,19,None,66,1,5,False,10,10
59877,192,betCent,10,0.7746815286624203,0,19,None,66,1,5,False,10,10
59878,193,betCent,10,0.7778662420382165,0,19,None,66,1,5,False,10,10
59879,194,betCent,10,0.7781648089171974,0,19,None,66,1,5,False,10,10
59880,190,betCent,10,0.7892117834394905,0,9,None,66,1,5,False,10,10
59881,191,betCent,10,0.7891122611464968,0,9,None,66,1,5,False,10,10
59882,192,betCent,10,0.7892117834394905,0,9,None,66,1,5,False,10,10
59883,193,betCent,10,0.789609872611465,0,9,None,66,1,5,False,10,10
59884,194,betCent,10,0.7890127388535032,0,9,None,66,1,5,False,10,10
59885,190,betCent,10,0.7935907643312102,0,0,None,66,1,5,False,10,10
59886,191,betCent,10,0.7931926751592356,0,0,None,66,1,5,False,10,10
59887,192,betCent,10,0.7937898089171974,0,0,None,66,1,5,False,10,10
59888,193,betCent,10,0.7945859872611465,0,0,None,66,1,5,False,10,10
59889,194,betCent,10,0.7945859872611465,0,0,None,66,1,5,False,10,10
59890,190,betCent,10,0.7491042993630573,0,29,None,66,1,5,False,10,10
59891,191,betCent,10,0.748109076433121,0,29,None,66,1,5,False,10,10
59892,192,betCent,10,0.7493033439490446,0,29,None,66,1,5,False,10,10
59893,193,betCent,10,0.7500995222929936,0,29,None,66,1,5,False,10,10
59894,194,betCent,10,0.7508957006369427,0,29,None,66,1,5,False,10,10
59895,195,betCent,10,0.786922770700637,0,1,None,66,1,5,False,10,10
59896,196,betCent,10,0.7888136942675159,0,1,None,66,1,5,False,10,10
59897,197,betCent,10,0.7891122611464968,0,1,None,66,1,5,False,10,10
59898,198,betCent,10,0.789609872611465,0,1,None,66,1,5,False,10,10
59899,199,betCent,10,0.7901074840764332,0,1,None,66,1,5,False,10,10
59900,195,betCent,10,0.7851313694267515,0,2,None,66,1,5,False,10,10
59901,196,betCent,10,0.7865246815286624,0,2,None,66,1,5,False,10,10
59902,197,betCent,10,0.7894108280254777,0,2,None,66,1,5,False,10,10
59903,198,betCent,10,0.7900079617834395,0,2,None,66,1,5,False,10,10
59904,199,betCent,10,0.7908041401273885,0,2,None,66,1,5,False,10,10
59905,195,betCent,10,0.7861265923566879,0,7,None,66,1,5,False,10,10
59906,196,betCent,10,0.7871218152866242,0,7,None,66,1,5,False,10,10
59907,197,betCent,10,0.7870222929936306,0,7,None,66,1,5,False,10,10
59908,198,betCent,10,0.7889132165605095,0,7,None,66,1,5,False,10,10
59909,199,betCent,10,0.7897093949044586,0,7,None,66,1,5,False,10,10
59910,195,betCent,10,0.7971735668789809,0,11,None,66,1,5,False,10,10
59911,196,betCent,10,0.7981687898089171,0,11,None,66,1,5,False,10,10
59912,197,betCent,10,0.7981687898089171,0,11,None,66,1,5,False,10,10
59913,198,betCent,10,0.7984673566878981,0,11,None,66,1,5,False,10,10
59914,199,betCent,10,0.7988654458598726,0,11,None,66,1,5,False,10,10
59915,195,betCent,10,0.7704020700636943,0,17,None,66,1,5,False,10,10
59916,196,betCent,10,0.771297770700637,0,17,None,66,1,5,False,10,10
59917,197,betCent,10,0.7725915605095541,0,17,None,66,1,5,False,10,10
59918,198,betCent,10,0.7743829617834395,0,17,None,66,1,5,False,10,10
59919,199,betCent,10,0.7760748407643312,0,17,None,66,1,5,False,10,10
59920,195,betCent,10,0.7825437898089171,0,20,None,66,1,5,False,10,10
59921,196,betCent,10,0.7833399681528662,0,20,None,66,1,5,False,10,10
59922,197,betCent,10,0.7855294585987261,0,20,None,66,1,5,False,10,10
59923,198,betCent,10,0.7870222929936306,0,20,None,66,1,5,False,10,10
59924,199,betCent,10,0.7880175159235668,0,20,None,66,1,5,False,10,10
59925,195,betCent,10,0.8012539808917197,0,22,None,66,1,5,False,10,10
59926,196,betCent,10,0.8016520700636943,0,22,None,66,1,5,False,10,10
59927,197,betCent,10,0.8012539808917197,0,22,None,66,1,5,False,10,10
59928,198,betCent,10,0.8020501592356688,0,22,None,66,1,5,False,10,10
59929,199,betCent,10,0.8024482484076433,0,22,None,66,1,5,False,10,10
59930,195,betCent,10,0.7983678343949044,0,32,None,66,1,5,False,10,10
59931,196,betCent,10,0.7986664012738853,0,32,None,66,1,5,False,10,10
59932,197,betCent,10,0.7991640127388535,0,32,None,66,1,5,False,10,10
59933,198,betCent,10,0.7998606687898089,0,32,None,66,1,5,False,10,10
59934,199,betCent,10,0.8001592356687898,0,32,None,66,1,5,False,10,10
59935,195,betCent,10,0.7639331210191083,0,5,None,66,1,5,False,10,10
59936,196,betCent,10,0.7641321656050956,0,5,None,66,1,5,False,10,10
59937,197,betCent,10,0.7633359872611465,0,5,None,66,1,5,False,10,10
59938,198,betCent,10,0.7634355095541401,0,5,None,66,1,5,False,10,10
59939,199,betCent,10,0.7635350318471338,0,5,None,66,1,5,False,10,10
59940,195,betCent,10,0.7659235668789809,0,16,None,66,1,5,False,10,10
59941,196,betCent,10,0.7677149681528662,0,16,None,66,1,5,False,10,10
59942,197,betCent,10,0.770203025477707,0,16,None,66,1,5,False,10,10
59943,198,betCent,10,0.7715963375796179,0,16,None,66,1,5,False,10,10
59944,199,betCent,10,0.7734872611464968,0,16,None,66,1,5,False,10,10
59945,195,betCent,10,0.7853304140127388,0,8,None,66,1,5,False,10,10
59946,196,betCent,10,0.7853304140127388,0,8,None,66,1,5,False,10,10
59947,197,betCent,10,0.7857285031847133,0,8,None,66,1,5,False,10,10
59948,198,betCent,10,0.7862261146496815,0,8,None,66,1,5,False,10,10
59949,199,betCent,10,0.7861265923566879,0,8,None,66,1,5,False,10,10
59950,195,betCent,10,0.7796576433121019,0,18,None,66,1,5,False,10,10
59951,196,betCent,10,0.778562898089172,0,18,None,66,1,5,False,10,10
59952,197,betCent,10,0.7789609872611465,0,18,None,66,1,5,False,10,10
59953,198,betCent,10,0.7782643312101911,0,18,None,66,1,5,False,10,10
59954,199,betCent,10,0.7790605095541401,0,18,None,66,1,5,False,10,10
59955,195,betCent,10,0.7911027070063694,0,9,None,66,1,5,False,10,10
59956,196,betCent,10,0.7908041401273885,0,9,None,66,1,5,False,10,10
59957,197,betCent,10,0.7910031847133758,0,9,None,66,1,5,False,10,10
59958,198,betCent,10,0.7906050955414012,0,9,None,66,1,5,False,10,10
59959,199,betCent,10,0.790406050955414,0,9,None,66,1,5,False,10,10
59960,195,betCent,10,0.794187898089172,0,14,None,66,1,5,False,10,10
59961,196,betCent,10,0.7940883757961783,0,14,None,66,1,5,False,10,10
59962,197,betCent,10,0.7940883757961783,0,14,None,66,1,5,False,10,10
59963,198,betCent,10,0.7942874203821656,0,14,None,66,1,5,False,10,10
59964,199,betCent,10,0.7942874203821656,0,14,None,66,1,5,False,10,10
59965,195,betCent,10,0.7490047770700637,0,29,None,66,1,5,False,10,10
59966,196,betCent,10,0.7487062101910829,0,29,None,66,1,5,False,10,10
59967,197,betCent,10,0.7502985668789809,0,29,None,66,1,5,False,10,10
59968,198,betCent,10,0.7511942675159236,0,29,None,66,1,5,False,10,10
59969,199,betCent,10,0.7514928343949044,0,29,None,66,1,5,False,10,10
59970,195,betCent,10,0.7905055732484076,0,21,None,66,1,5,False,10,10
59971,196,betCent,10,0.791202229299363,0,21,None,66,1,5,False,10,10
59972,197,betCent,10,0.7919984076433121,0,21,None,66,1,5,False,10,10
59973,198,betCent,10,0.7918988853503185,0,21,None,66,1,5,False,10,10
59974,199,betCent,10,0.7923964968152867,0,21,None,66,1,5,False,10,10
59975,195,betCent,10,0.7673168789808917,0,19,None,66,1,5,False,10,10
59976,196,betCent,10,0.7713972929936306,0,19,None,66,1,5,False,10,10
59977,197,betCent,10,0.774781050955414,0,19,None,66,1,5,False,10,10
59978,198,betCent,10,0.7779657643312102,0,19,None,66,1,5,False,10,10
59979,199,betCent,10,0.78015525477707,0,19,None,66,1,5,False,10,10
59980,195,betCent,10,0.7828423566878981,0,23,None,66,1,5,False,10,10
59981,196,betCent,10,0.7848328025477707,0,23,None,66,1,5,False,10,10
59982,197,betCent,10,0.7845342356687898,0,23,None,66,1,5,False,10,10
59983,198,betCent,10,0.7840366242038217,0,23,None,66,1,5,False,10,10
59984,199,betCent,10,0.7837380573248408,0,23,None,66,1,5,False,10,10
59985,195,betCent,10,0.7891122611464968,0,4,None,66,1,5,False,10,10
59986,196,betCent,10,0.7889132165605095,0,4,None,66,1,5,False,10,10
59987,197,betCent,10,0.7890127388535032,0,4,None,66,1,5,False,10,10
59988,198,betCent,10,0.7888136942675159,0,4,None,66,1,5,False,10,10
59989,199,betCent,10,0.7894108280254777,0,4,None,66,1,5,False,10,10
59990,195,betCent,10,0.7816480891719745,0,24,None,66,1,5,False,10,10
59991,196,betCent,10,0.7861265923566879,0,24,None,66,1,5,False,10,10
59992,197,betCent,10,0.7899084394904459,0,24,None,66,1,5,False,10,10
59993,198,betCent,10,0.7923964968152867,0,24,None,66,1,5,False,10,10
59994,199,betCent,10,0.7935907643312102,0,24,None,66,1,5,False,10,10
59995,195,betCent,10,0.7378582802547771,0,27,None,66,1,5,False,10,10
59996,196,betCent,10,0.7479100318471338,0,27,None,66,1,5,False,10,10
59997,197,betCent,10,0.7541799363057324,0,27,None,66,1,5,False,10,10
59998,198,betCent,10,0.7576632165605095,0,27,None,66,1,5,False,10,10
59999,199,betCent,10,0.7606488853503185,0,27,None,66,1,5,False,10,10
60000,195,betCent,10,0.7946855095541401,0,30,None,66,1,5,False,10,10
60001,196,betCent,10,0.7947850318471338,0,30,None,66,1,5,False,10,10
60002,197,betCent,10,0.7947850318471338,0,30,None,66,1,5,False,10,10
60003,198,betCent,10,0.7952826433121019,0,30,None,66,1,5,False,10,10
60004,199,betCent,10,0.7950835987261147,0,30,None,66,1,5,False,10,10
60005,195,betCent,10,0.7426353503184714,0,31,None,66,1,5,False,10,10
60006,196,betCent,10,0.7517914012738853,0,31,None,66,1,5,False,10,10
60007,197,betCent,10,0.7596536624203821,0,31,None,66,1,5,False,10,10
60008,198,betCent,10,0.7649283439490446,0,31,None,66,1,5,False,10,10
60009,199,betCent,10,0.7689092356687898,0,31,None,66,1,5,False,10,10
60010,195,betCent,10,0.7886146496815286,0,28,None,66,1,5,False,10,10
60011,196,betCent,10,0.7887141719745223,0,28,None,66,1,5,False,10,10
60012,197,betCent,10,0.7881170382165605,0,28,None,66,1,5,False,10,10
60013,198,betCent,10,0.7883160828025477,0,28,None,66,1,5,False,10,10
60014,199,betCent,10,0.788515127388535,0,28,None,66,1,5,False,10,10
60015,195,betCent,10,0.7952826433121019,0,0,None,66,1,5,False,10,10
60016,196,betCent,10,0.7953821656050956,0,0,None,66,1,5,False,10,10
60017,197,betCent,10,0.7955812101910829,0,0,None,66,1,5,False,10,10
60018,198,betCent,10,0.7951831210191083,0,0,None,66,1,5,False,10,10
60019,199,betCent,10,0.794984076433121,0,0,None,66,1,5,False,10,10
60020,195,betCent,10,0.7296974522292994,0,6,None,66,1,5,False,10,10
60021,196,betCent,10,0.7302945859872612,0,6,None,66,1,5,False,10,10
60022,197,betCent,10,0.7311902866242038,0,6,None,66,1,5,False,10,10
60023,198,betCent,10,0.7317874203821656,0,6,None,66,1,5,False,10,10
60024,199,betCent,10,0.7327826433121019,0,6,None,66,1,5,False,10,10
60025,195,betCent,10,0.7799562101910829,0,12,None,66,1,5,False,10,10
60026,196,betCent,10,0.7830414012738853,0,12,None,66,1,5,False,10,10
60027,197,betCent,10,0.7840366242038217,0,12,None,66,1,5,False,10,10
60028,198,betCent,10,0.7852308917197452,0,12,None,66,1,5,False,10,10
60029,199,betCent,10,0.7857285031847133,0,12,None,66,1,5,False,10,10
60030,195,betCent,10,0.794984076433121,0,13,None,66,1,5,False,10,10
60031,196,betCent,10,0.7935907643312102,0,13,None,66,1,5,False,10,10
60032,197,betCent,10,0.7935907643312102,0,13,None,66,1,5,False,10,10
60033,198,betCent,10,0.7937898089171974,0,13,None,66,1,5,False,10,10
60034,199,betCent,10,0.7945859872611465,0,13,None,66,1,5,False,10,10
60035,195,betCent,10,0.7878184713375797,0,25,None,66,1,5,False,10,10
60036,196,betCent,10,0.7893113057324841,0,25,None,66,1,5,False,10,10
60037,197,betCent,10,0.7900079617834395,0,25,None,66,1,5,False,10,10
60038,198,betCent,10,0.7902070063694268,0,25,None,66,1,5,False,10,10
60039,199,betCent,10,0.7909036624203821,0,25,None,66,1,5,False,10,10
60040,195,betCent,10,0.7767714968152867,0,26,None,66,1,5,False,10,10
60041,196,betCent,10,0.7775676751592356,0,26,None,66,1,5,False,10,10
60042,197,betCent,10,0.777468152866242,0,26,None,66,1,5,False,10,10
60043,198,betCent,10,0.7780652866242038,0,26,None,66,1,5,False,10,10
60044,199,betCent,10,0.779359076433121,0,26,None,66,1,5,False,10,10
60045,195,betCent,10,0.7836385350318471,0,10,None,66,1,5,False,10,10
60046,196,betCent,10,0.7830414012738853,0,10,None,66,1,5,False,10,10
60047,197,betCent,10,0.7828423566878981,0,10,None,66,1,5,False,10,10
60048,198,betCent,10,0.7835390127388535,0,10,None,66,1,5,False,10,10
60049,199,betCent,10,0.7844347133757962,0,10,None,66,1,5,False,10,10
60050,195,betCent,10,0.7893113057324841,0,15,None,66,1,5,False,10,10
60051,196,betCent,10,0.7900079617834395,0,15,None,66,1,5,False,10,10
60052,197,betCent,10,0.7916003184713376,0,15,None,66,1,5,False,10,10
60053,198,betCent,10,0.7926950636942676,0,15,None,66,1,5,False,10,10
60054,199,betCent,10,0.7928941082802548,0,15,None,66,1,5,False,10,10
60055,195,betCent,10,0.7992635350318471,0,3,None,66,1,5,False,10,10
60056,196,betCent,10,0.7989649681528662,0,3,None,66,1,5,False,10,10
60057,197,betCent,10,0.7986664012738853,0,3,None,66,1,5,False,10,10
60058,198,betCent,10,0.7984673566878981,0,3,None,66,1,5,False,10,10
60059,199,betCent,10,0.7983678343949044,0,3,None,66,1,5,False,10,10
0,0,unweighted_fl,10,0.0997213375796178,0,1,None,66,1,5,False,10,10
1,1,unweighted_fl,10,0.1925756369426751,0,1,None,66,1,5,False,10,10
2,2,unweighted_fl,10,0.2375597133757961,0,1,None,66,1,5,False,10,10
3,3,unweighted_fl,10,0.2704020700636942,0,1,None,66,1,5,False,10,10
4,4,unweighted_fl,10,0.2764729299363057,0,1,None,66,1,5,False,10,10
5,0,unweighted_fl,10,0.1000199044585987,0,0,None,66,1,5,False,10,10
6,1,unweighted_fl,10,0.1172372611464968,0,0,None,66,1,5,False,10,10
7,2,unweighted_fl,10,0.1997412420382165,0,0,None,66,1,5,False,10,10
8,3,unweighted_fl,10,0.2411425159235669,0,0,None,66,1,5,False,10,10
9,4,unweighted_fl,10,0.2584593949044586,0,0,None,66,1,5,False,10,10
10,0,unweighted_fl,10,0.1499800955414012,0,3,None,66,1,5,False,10,10
11,1,unweighted_fl,10,0.1413216560509554,0,3,None,66,1,5,False,10,10
12,2,unweighted_fl,10,0.1468949044585987,0,3,None,66,1,5,False,10,10
13,3,unweighted_fl,10,0.1151472929936305,0,3,None,66,1,5,False,10,10
14,4,unweighted_fl,10,0.1177348726114649,0,3,None,66,1,5,False,10,10
15,0,unweighted_fl,10,0.1645103503184713,0,2,None,66,1,5,False,10,10
16,1,unweighted_fl,10,0.1786425159235669,0,2,None,66,1,5,False,10,10
17,2,unweighted_fl,10,0.1806329617834395,0,2,None,66,1,5,False,10,10
18,3,unweighted_fl,10,0.1778463375796178,0,2,None,66,1,5,False,10,10
19,4,unweighted_fl,10,0.1910828025477707,0,2,None,66,1,5,False,10,10
20,0,unweighted_fl,10,0.1738654458598726,0,4,None,66,1,5,False,10,10
21,1,unweighted_fl,10,0.1205214968152866,0,4,None,66,1,5,False,10,10
22,2,unweighted_fl,10,0.0995222929936305,0,4,None,66,1,5,False,10,10
23,3,unweighted_fl,10,0.1022093949044586,0,4,None,66,1,5,False,10,10
24,4,unweighted_fl,10,0.1199243630573248,0,4,None,66,1,5,False,10,10
25,0,unweighted_fl,10,0.2846337579617834,0,5,None,66,1,5,False,10,10
26,1,unweighted_fl,10,0.3250398089171974,0,5,None,66,1,5,False,10,10
27,2,unweighted_fl,10,0.2988654458598726,0,5,None,66,1,5,False,10,10
28,3,unweighted_fl,10,0.2911027070063694,0,5,None,66,1,5,False,10,10
29,4,unweighted_fl,10,0.2953821656050955,0,5,None,66,1,5,False,10,10
30,0,unweighted_fl,10,0.2257165605095541,0,7,None,66,1,5,False,10,10
31,1,unweighted_fl,10,0.2788614649681528,0,7,None,66,1,5,False,10,10
32,2,unweighted_fl,10,0.3689291401273885,0,7,None,66,1,5,False,10,10
33,3,unweighted_fl,10,0.4241640127388535,0,7,None,66,1,5,False,10,10
34,4,unweighted_fl,10,0.4419785031847134,0,7,None,66,1,5,False,10,10
35,0,unweighted_fl,10,0.1961584394904458,0,8,None,66,1,5,False,10,10
36,1,unweighted_fl,10,0.2960788216560509,0,8,None,66,1,5,False,10,10
37,2,unweighted_fl,10,0.3085191082802547,0,8,None,66,1,5,False,10,10
38,3,unweighted_fl,10,0.2785628980891719,0,8,None,66,1,5,False,10,10
39,4,unweighted_fl,10,0.2521894904458598,0,8,None,66,1,5,False,10,10
40,0,unweighted_fl,10,0.0995222929936305,0,6,None,66,1,5,False,10,10
41,1,unweighted_fl,10,0.0995222929936305,0,6,None,66,1,5,False,10,10
42,2,unweighted_fl,10,0.0995222929936305,0,6,None,66,1,5,False,10,10
43,3,unweighted_fl,10,0.0995222929936305,0,6,None,66,1,5,False,10,10
44,4,unweighted_fl,10,0.0996218152866242,0,6,None,66,1,5,False,10,10
45,0,unweighted_fl,10,0.0995222929936305,0,10,None,66,1,5,False,10,10
46,1,unweighted_fl,10,0.0995222929936305,0,10,None,66,1,5,False,10,10
47,2,unweighted_fl,10,0.0995222929936305,0,10,None,66,1,5,False,10,10
48,3,unweighted_fl,10,0.0995222929936305,0,10,None,66,1,5,False,10,10
49,4,unweighted_fl,10,0.0995222929936305,0,10,None,66,1,5,False,10,10
50,0,unweighted_fl,10,0.0995222929936305,0,9,None,66,1,5,False,10,10
51,1,unweighted_fl,10,0.0995222929936305,0,9,None,66,1,5,False,10,10
52,2,unweighted_fl,10,0.1086783439490445,0,9,None,66,1,5,False,10,10
53,3,unweighted_fl,10,0.1545581210191083,0,9,None,66,1,5,False,10,10
54,4,unweighted_fl,10,0.181031050955414,0,9,None,66,1,5,False,10,10
55,0,unweighted_fl,10,0.0998208598726114,0,12,None,66,1,5,False,10,10
56,1,unweighted_fl,10,0.0996218152866242,0,12,None,66,1,5,False,10,10
57,2,unweighted_fl,10,0.1012141719745222,0,12,None,66,1,5,False,10,10
58,3,unweighted_fl,10,0.1171377388535031,0,12,None,66,1,5,False,10,10
59,4,unweighted_fl,10,0.1429140127388535,0,12,None,66,1,5,False,10,10
60,0,unweighted_fl,10,0.1930732484076433,0,11,None,66,1,5,False,10,10
61,1,unweighted_fl,10,0.2386544585987261,0,11,None,66,1,5,False,10,10
62,2,unweighted_fl,10,0.2342754777070063,0,11,None,66,1,5,False,10,10
63,3,unweighted_fl,10,0.2471138535031847,0,11,None,66,1,5,False,10,10
64,4,unweighted_fl,10,0.252687101910828,0,11,None,66,1,5,False,10,10
65,0,unweighted_fl,10,0.2749800955414013,0,13,None,66,1,5,False,10,10
66,1,unweighted_fl,10,0.3424562101910828,0,13,None,66,1,5,False,10,10
67,2,unweighted_fl,10,0.4236664012738853,0,13,None,66,1,5,False,10,10
68,3,unweighted_fl,10,0.4340167197452229,0,13,None,66,1,5,False,10,10
69,4,unweighted_fl,10,0.4319267515923566,0,13,None,66,1,5,False,10,10
70,0,unweighted_fl,10,0.3460390127388535,0,14,None,66,1,5,False,10,10
71,1,unweighted_fl,10,0.3347929936305732,0,14,None,66,1,5,False,10,10
72,2,unweighted_fl,10,0.2694068471337579,0,14,None,66,1,5,False,10,10
73,3,unweighted_fl,10,0.2237261146496815,0,14,None,66,1,5,False,10,10
74,4,unweighted_fl,10,0.2210390127388535,0,14,None,66,1,5,False,10,10
75,0,unweighted_fl,10,0.0996218152866242,0,15,None,66,1,5,False,10,10
76,1,unweighted_fl,10,0.1008160828025477,0,15,None,66,1,5,False,10,10
77,2,unweighted_fl,10,0.1308718152866242,0,15,None,66,1,5,False,10,10
78,3,unweighted_fl,10,0.2034235668789809,0,15,None,66,1,5,False,10,10
79,4,unweighted_fl,10,0.2498009554140127,0,15,None,66,1,5,False,10,10
80,0,unweighted_fl,10,0.1950636942675159,0,16,None,66,1,5,False,10,10
81,1,unweighted_fl,10,0.2573646496815286,0,16,None,66,1,5,False,10,10
82,2,unweighted_fl,10,0.2735867834394904,0,16,None,66,1,5,False,10,10
83,3,unweighted_fl,10,0.2897093949044586,0,16,None,66,1,5,False,10,10
84,4,unweighted_fl,10,0.3076234076433121,0,16,None,66,1,5,False,10,10
85,0,unweighted_fl,10,0.2092953821656051,0,17,None,66,1,5,False,10,10
86,1,unweighted_fl,10,0.2787619426751592,0,17,None,66,1,5,False,10,10
87,2,unweighted_fl,10,0.2840366242038216,0,17,None,66,1,5,False,10,10
88,3,unweighted_fl,10,0.2967754777070063,0,17,None,66,1,5,False,10,10
89,4,unweighted_fl,10,0.2973726114649681,0,17,None,66,1,5,False,10,10
90,0,unweighted_fl,10,0.1280851910828025,0,18,None,66,1,5,False,10,10
91,1,unweighted_fl,10,0.1906847133757961,0,18,None,66,1,5,False,10,10
92,2,unweighted_fl,10,0.1972531847133758,0,18,None,66,1,5,False,10,10
93,3,unweighted_fl,10,0.2083996815286624,0,18,None,66,1,5,False,10,10
94,4,unweighted_fl,10,0.2206409235668789,0,18,None,66,1,5,False,10,10
95,0,unweighted_fl,10,0.206608280254777,0,19,None,66,1,5,False,10,10
96,1,unweighted_fl,10,0.2573646496815286,0,19,None,66,1,5,False,10,10
97,2,unweighted_fl,10,0.2670183121019108,0,19,None,66,1,5,False,10,10
98,3,unweighted_fl,10,0.2765724522292994,0,19,None,66,1,5,False,10,10
99,4,unweighted_fl,10,0.2914012738853503,0,19,None,66,1,5,False,10,10
100,0,unweighted_fl,10,0.1528662420382165,0,21,None,66,1,5,False,10,10
101,1,unweighted_fl,10,0.2004378980891719,0,21,None,66,1,5,False,10,10
102,2,unweighted_fl,10,0.2133757961783439,0,21,None,66,1,5,False,10,10
103,3,unweighted_fl,10,0.2269108280254777,0,21,None,66,1,5,False,10,10
104,4,unweighted_fl,10,0.2349721337579617,0,21,None,66,1,5,False,10,10
105,0,unweighted_fl,10,0.1826234076433121,0,20,None,66,1,5,False,10,10
106,1,unweighted_fl,10,0.1992436305732484,0,20,None,66,1,5,False,10,10
107,2,unweighted_fl,10,0.2152667197452229,0,20,None,66,1,5,False,10,10
108,3,unweighted_fl,10,0.2404458598726114,0,20,None,66,1,5,False,10,10
109,4,unweighted_fl,10,0.2816480891719745,0,20,None,66,1,5,False,10,10
110,0,unweighted_fl,10,0.1504777070063694,0,23,None,66,1,5,False,10,10
111,1,unweighted_fl,10,0.0995222929936305,0,23,None,66,1,5,False,10,10
112,2,unweighted_fl,10,0.0995222929936305,0,23,None,66,1,5,False,10,10
113,3,unweighted_fl,10,0.0995222929936305,0,23,None,66,1,5,False,10,10
114,4,unweighted_fl,10,0.1329617834394904,0,23,None,66,1,5,False,10,10
115,0,unweighted_fl,10,0.1058917197452229,0,22,None,66,1,5,False,10,10
116,1,unweighted_fl,10,0.1229100318471337,0,22,None,66,1,5,False,10,10
117,2,unweighted_fl,10,0.1460987261146497,0,22,None,66,1,5,False,10,10
118,3,unweighted_fl,10,0.1903861464968153,0,22,None,66,1,5,False,10,10
119,4,unweighted_fl,10,0.2457205414012739,0,22,None,66,1,5,False,10,10
120,0,unweighted_fl,10,0.1963574840764331,0,24,None,66,1,5,False,10,10
121,1,unweighted_fl,10,0.2824442675159235,0,24,None,66,1,5,False,10,10
122,2,unweighted_fl,10,0.3256369426751592,0,24,None,66,1,5,False,10,10
123,3,unweighted_fl,10,0.3523089171974522,0,24,None,66,1,5,False,10,10
124,4,unweighted_fl,10,0.3561902866242038,0,24,None,66,1,5,False,10,10
125,0,unweighted_fl,10,0.1720740445859872,0,25,None,66,1,5,False,10,10
126,1,unweighted_fl,10,0.1518710191082802,0,25,None,66,1,5,False,10,10
127,2,unweighted_fl,10,0.1294785031847133,0,25,None,66,1,5,False,10,10
128,3,unweighted_fl,10,0.112858280254777,0,25,None,66,1,5,False,10,10
129,4,unweighted_fl,10,0.1058917197452229,0,25,None,66,1,5,False,10,10
130,0,unweighted_fl,10,0.1848128980891719,0,26,None,66,1,5,False,10,10
131,1,unweighted_fl,10,0.1258957006369426,0,26,None,66,1,5,False,10,10
132,2,unweighted_fl,10,0.1072850318471337,0,26,None,66,1,5,False,10,10
133,3,unweighted_fl,10,0.1107683121019108,0,26,None,66,1,5,False,10,10
134,4,unweighted_fl,10,0.1350517515923567,0,26,None,66,1,5,False,10,10
135,0,unweighted_fl,10,0.0995222929936305,0,27,None,66,1,5,False,10,10
136,1,unweighted_fl,10,0.0995222929936305,0,27,None,66,1,5,False,10,10
137,2,unweighted_fl,10,0.0995222929936305,0,27,None,66,1,5,False,10,10
138,3,unweighted_fl,10,0.0995222929936305,0,27,None,66,1,5,False,10,10
139,4,unweighted_fl,10,0.0995222929936305,0,27,None,66,1,5,False,10,10
140,0,unweighted_fl,10,0.1529657643312102,0,29,None,66,1,5,False,10,10
141,1,unweighted_fl,10,0.1659036624203821,0,29,None,66,1,5,False,10,10
142,2,unweighted_fl,10,0.1245023885350318,0,29,None,66,1,5,False,10,10
143,3,unweighted_fl,10,0.1028065286624203,0,29,None,66,1,5,False,10,10
144,4,unweighted_fl,10,0.101811305732484,0,29,None,66,1,5,False,10,10
145,0,unweighted_fl,10,0.1885947452229299,0,28,None,66,1,5,False,10,10
146,1,unweighted_fl,10,0.1984474522292993,0,28,None,66,1,5,False,10,10
147,2,unweighted_fl,10,0.2204418789808917,0,28,None,66,1,5,False,10,10
148,3,unweighted_fl,10,0.2331807324840764,0,28,None,66,1,5,False,10,10
149,4,unweighted_fl,10,0.2422372611464968,0,28,None,66,1,5,False,10,10
150,0,unweighted_fl,10,0.2021297770700637,0,31,None,66,1,5,False,10,10
151,1,unweighted_fl,10,0.2932921974522293,0,31,None,66,1,5,False,10,10
152,2,unweighted_fl,10,0.25,0,31,None,66,1,5,False,10,10
153,3,unweighted_fl,10,0.2401472929936305,0,31,None,66,1,5,False,10,10
154,4,unweighted_fl,10,0.2465167197452229,0,31,None,66,1,5,False,10,10
155,0,unweighted_fl,10,0.2993630573248407,0,30,None,66,1,5,False,10,10
156,1,unweighted_fl,10,0.2888136942675159,0,30,None,66,1,5,False,10,10
157,2,unweighted_fl,10,0.274781050955414,0,30,None,66,1,5,False,10,10
158,3,unweighted_fl,10,0.2813495222929936,0,30,None,66,1,5,False,10,10
159,4,unweighted_fl,10,0.2870222929936306,0,30,None,66,1,5,False,10,10
160,0,unweighted_fl,10,0.1339570063694267,0,32,None,66,1,5,False,10,10
161,1,unweighted_fl,10,0.1627189490445859,0,32,None,66,1,5,False,10,10
162,2,unweighted_fl,10,0.1998407643312102,0,32,None,66,1,5,False,10,10
163,3,unweighted_fl,10,0.1995421974522293,0,32,None,66,1,5,False,10,10
164,4,unweighted_fl,10,0.192874203821656,0,32,None,66,1,5,False,10,10
165,5,unweighted_fl,10,0.0995222929936305,0,0,None,66,1,5,False,10,10
166,6,unweighted_fl,10,0.0995222929936305,0,0,None,66,1,5,False,10,10
167,7,unweighted_fl,10,0.0995222929936305,0,0,None,66,1,5,False,10,10
168,8,unweighted_fl,10,0.0995222929936305,0,0,None,66,1,5,False,10,10
169,9,unweighted_fl,10,0.0995222929936305,0,0,None,66,1,5,False,10,10
170,5,unweighted_fl,10,0.0995222929936305,0,2,None,66,1,5,False,10,10
171,6,unweighted_fl,10,0.0995222929936305,0,2,None,66,1,5,False,10,10
172,7,unweighted_fl,10,0.0995222929936305,0,2,None,66,1,5,False,10,10
173,8,unweighted_fl,10,0.0995222929936305,0,2,None,66,1,5,False,10,10
174,9,unweighted_fl,10,0.0995222929936305,0,2,None,66,1,5,False,10,10
175,5,unweighted_fl,10,0.0995222929936305,0,1,None,66,1,5,False,10,10
176,6,unweighted_fl,10,0.0995222929936305,0,1,None,66,1,5,False,10,10
177,7,unweighted_fl,10,0.0995222929936305,0,1,None,66,1,5,False,10,10
178,8,unweighted_fl,10,0.0995222929936305,0,1,None,66,1,5,False,10,10
179,9,unweighted_fl,10,0.0995222929936305,0,1,None,66,1,5,False,10,10
180,5,unweighted_fl,10,0.0995222929936305,0,3,None,66,1,5,False,10,10
181,6,unweighted_fl,10,0.0995222929936305,0,3,None,66,1,5,False,10,10
182,7,unweighted_fl,10,0.0995222929936305,0,3,None,66,1,5,False,10,10
183,8,unweighted_fl,10,0.0995222929936305,0,3,None,66,1,5,False,10,10
184,9,unweighted_fl,10,0.0995222929936305,0,3,None,66,1,5,False,10,10
185,5,unweighted_fl,10,0.0995222929936305,0,4,None,66,1,5,False,10,10
186,6,unweighted_fl,10,0.0995222929936305,0,4,None,66,1,5,False,10,10
187,7,unweighted_fl,10,0.0995222929936305,0,4,None,66,1,5,False,10,10
188,8,unweighted_fl,10,0.0995222929936305,0,4,None,66,1,5,False,10,10
189,9,unweighted_fl,10,0.0995222929936305,0,4,None,66,1,5,False,10,10
190,5,unweighted_fl,10,0.0995222929936305,0,5,None,66,1,5,False,10,10
191,6,unweighted_fl,10,0.0995222929936305,0,5,None,66,1,5,False,10,10
192,7,unweighted_fl,10,0.0995222929936305,0,5,None,66,1,5,False,10,10
193,8,unweighted_fl,10,0.0995222929936305,0,5,None,66,1,5,False,10,10
194,9,unweighted_fl,10,0.0995222929936305,0,5,None,66,1,5,False,10,10
195,5,unweighted_fl,10,0.0995222929936305,0,7,None,66,1,5,False,10,10
196,6,unweighted_fl,10,0.0995222929936305,0,7,None,66,1,5,False,10,10
197,7,unweighted_fl,10,0.0995222929936305,0,7,None,66,1,5,False,10,10
198,8,unweighted_fl,10,0.0995222929936305,0,7,None,66,1,5,False,10,10
199,9,unweighted_fl,10,0.0995222929936305,0,7,None,66,1,5,False,10,10
200,5,unweighted_fl,10,0.0995222929936305,0,6,None,66,1,5,False,10,10
201,6,unweighted_fl,10,0.0995222929936305,0,6,None,66,1,5,False,10,10
202,7,unweighted_fl,10,0.0995222929936305,0,6,None,66,1,5,False,10,10
203,8,unweighted_fl,10,0.0995222929936305,0,6,None,66,1,5,False,10,10
204,9,unweighted_fl,10,0.0995222929936305,0,6,None,66,1,5,False,10,10
205,5,unweighted_fl,10,0.0995222929936305,0,8,None,66,1,5,False,10,10
206,6,unweighted_fl,10,0.0995222929936305,0,8,None,66,1,5,False,10,10
207,7,unweighted_fl,10,0.0995222929936305,0,8,None,66,1,5,False,10,10
208,8,unweighted_fl,10,0.0995222929936305,0,8,None,66,1,5,False,10,10
209,9,unweighted_fl,10,0.0995222929936305,0,8,None,66,1,5,False,10,10
210,5,unweighted_fl,10,0.0995222929936305,0,10,None,66,1,5,False,10,10
211,6,unweighted_fl,10,0.0995222929936305,0,10,None,66,1,5,False,10,10
212,7,unweighted_fl,10,0.0995222929936305,0,10,None,66,1,5,False,10,10
213,8,unweighted_fl,10,0.0995222929936305,0,10,None,66,1,5,False,10,10
214,9,unweighted_fl,10,0.0995222929936305,0,10,None,66,1,5,False,10,10
215,5,unweighted_fl,10,0.0995222929936305,0,9,None,66,1,5,False,10,10
216,6,unweighted_fl,10,0.0995222929936305,0,9,None,66,1,5,False,10,10
217,7,unweighted_fl,10,0.0995222929936305,0,9,None,66,1,5,False,10,10
218,8,unweighted_fl,10,0.0995222929936305,0,9,None,66,1,5,False,10,10
219,9,unweighted_fl,10,0.0995222929936305,0,9,None,66,1,5,False,10,10
220,5,unweighted_fl,10,0.0995222929936305,0,11,None,66,1,5,False,10,10
221,6,unweighted_fl,10,0.0995222929936305,0,11,None,66,1,5,False,10,10
222,7,unweighted_fl,10,0.0995222929936305,0,11,None,66,1,5,False,10,10
223,8,unweighted_fl,10,0.0995222929936305,0,11,None,66,1,5,False,10,10
224,9,unweighted_fl,10,0.0995222929936305,0,11,None,66,1,5,False,10,10
225,5,unweighted_fl,10,0.0995222929936305,0,13,None,66,1,5,False,10,10
226,6,unweighted_fl,10,0.0995222929936305,0,13,None,66,1,5,False,10,10
227,7,unweighted_fl,10,0.0995222929936305,0,13,None,66,1,5,False,10,10
228,8,unweighted_fl,10,0.0995222929936305,0,13,None,66,1,5,False,10,10
229,9,unweighted_fl,10,0.0995222929936305,0,13,None,66,1,5,False,10,10
230,5,unweighted_fl,10,0.0995222929936305,0,12,None,66,1,5,False,10,10
231,6,unweighted_fl,10,0.0995222929936305,0,12,None,66,1,5,False,10,10
232,7,unweighted_fl,10,0.0995222929936305,0,12,None,66,1,5,False,10,10
233,8,unweighted_fl,10,0.0995222929936305,0,12,None,66,1,5,False,10,10
234,9,unweighted_fl,10,0.0995222929936305,0,12,None,66,1,5,False,10,10
235,5,unweighted_fl,10,0.0995222929936305,0,15,None,66,1,5,False,10,10
236,6,unweighted_fl,10,0.0995222929936305,0,15,None,66,1,5,False,10,10
237,7,unweighted_fl,10,0.0995222929936305,0,15,None,66,1,5,False,10,10
238,8,unweighted_fl,10,0.0995222929936305,0,15,None,66,1,5,False,10,10
239,9,unweighted_fl,10,0.0995222929936305,0,15,None,66,1,5,False,10,10
240,5,unweighted_fl,10,0.0995222929936305,0,14,None,66,1,5,False,10,10
241,6,unweighted_fl,10,0.0995222929936305,0,14,None,66,1,5,False,10,10
242,7,unweighted_fl,10,0.0995222929936305,0,14,None,66,1,5,False,10,10
243,8,unweighted_fl,10,0.0995222929936305,0,14,None,66,1,5,False,10,10
244,9,unweighted_fl,10,0.0995222929936305,0,14,None,66,1,5,False,10,10
245,5,unweighted_fl,10,0.0995222929936305,0,17,None,66,1,5,False,10,10
246,6,unweighted_fl,10,0.0995222929936305,0,17,None,66,1,5,False,10,10
247,7,unweighted_fl,10,0.0995222929936305,0,17,None,66,1,5,False,10,10
248,8,unweighted_fl,10,0.0995222929936305,0,17,None,66,1,5,False,10,10
249,9,unweighted_fl,10,0.0995222929936305,0,17,None,66,1,5,False,10,10
250,5,unweighted_fl,10,0.0995222929936305,0,16,None,66,1,5,False,10,10
251,6,unweighted_fl,10,0.0995222929936305,0,16,None,66,1,5,False,10,10
252,7,unweighted_fl,10,0.0995222929936305,0,16,None,66,1,5,False,10,10
253,8,unweighted_fl,10,0.0995222929936305,0,16,None,66,1,5,False,10,10
254,9,unweighted_fl,10,0.0995222929936305,0,16,None,66,1,5,False,10,10
255,5,unweighted_fl,10,0.0995222929936305,0,18,None,66,1,5,False,10,10
256,6,unweighted_fl,10,0.0995222929936305,0,18,None,66,1,5,False,10,10
257,7,unweighted_fl,10,0.0995222929936305,0,18,None,66,1,5,False,10,10
258,8,unweighted_fl,10,0.0995222929936305,0,18,None,66,1,5,False,10,10
259,9,unweighted_fl,10,0.0995222929936305,0,18,None,66,1,5,False,10,10
260,5,unweighted_fl,10,0.0995222929936305,0,19,None,66,1,5,False,10,10
261,6,unweighted_fl,10,0.0995222929936305,0,19,None,66,1,5,False,10,10
262,7,unweighted_fl,10,0.0995222929936305,0,19,None,66,1,5,False,10,10
263,8,unweighted_fl,10,0.0995222929936305,0,19,None,66,1,5,False,10,10
264,9,unweighted_fl,10,0.0995222929936305,0,19,None,66,1,5,False,10,10
265,5,unweighted_fl,10,0.0995222929936305,0,20,None,66,1,5,False,10,10
266,6,unweighted_fl,10,0.0995222929936305,0,20,None,66,1,5,False,10,10
267,7,unweighted_fl,10,0.0995222929936305,0,20,None,66,1,5,False,10,10
268,8,unweighted_fl,10,0.0995222929936305,0,20,None,66,1,5,False,10,10
269,9,unweighted_fl,10,0.0995222929936305,0,20,None,66,1,5,False,10,10
270,5,unweighted_fl,10,0.0995222929936305,0,21,None,66,1,5,False,10,10
271,6,unweighted_fl,10,0.0995222929936305,0,21,None,66,1,5,False,10,10
272,7,unweighted_fl,10,0.0995222929936305,0,21,None,66,1,5,False,10,10
273,8,unweighted_fl,10,0.0995222929936305,0,21,None,66,1,5,False,10,10
274,9,unweighted_fl,10,0.0995222929936305,0,21,None,66,1,5,False,10,10
275,5,unweighted_fl,10,0.134156050955414,0,22,None,66,1,5,False,10,10
276,6,unweighted_fl,10,0.0995222929936305,0,22,None,66,1,5,False,10,10
277,7,unweighted_fl,10,0.0995222929936305,0,22,None,66,1,5,False,10,10
278,8,unweighted_fl,10,0.0995222929936305,0,22,None,66,1,5,False,10,10
279,9,unweighted_fl,10,0.0995222929936305,0,22,None,66,1,5,False,10,10
280,5,unweighted_fl,10,0.0995222929936305,0,24,None,66,1,5,False,10,10
281,6,unweighted_fl,10,0.0995222929936305,0,24,None,66,1,5,False,10,10
282,7,unweighted_fl,10,0.0995222929936305,0,24,None,66,1,5,False,10,10
283,8,unweighted_fl,10,0.0995222929936305,0,24,None,66,1,5,False,10,10
284,9,unweighted_fl,10,0.0995222929936305,0,24,None,66,1,5,False,10,10
285,5,unweighted_fl,10,0.0995222929936305,0,23,None,66,1,5,False,10,10
286,6,unweighted_fl,10,0.0995222929936305,0,23,None,66,1,5,False,10,10
287,7,unweighted_fl,10,0.0995222929936305,0,23,None,66,1,5,False,10,10
288,8,unweighted_fl,10,0.0995222929936305,0,23,None,66,1,5,False,10,10
289,9,unweighted_fl,10,0.0995222929936305,0,23,None,66,1,5,False,10,10
290,5,unweighted_fl,10,0.0995222929936305,0,25,None,66,1,5,False,10,10
291,6,unweighted_fl,10,0.0995222929936305,0,25,None,66,1,5,False,10,10
292,7,unweighted_fl,10,0.0995222929936305,0,25,None,66,1,5,False,10,10
293,8,unweighted_fl,10,0.0995222929936305,0,25,None,66,1,5,False,10,10
294,9,unweighted_fl,10,0.0995222929936305,0,25,None,66,1,5,False,10,10
295,5,unweighted_fl,10,0.0995222929936305,0,26,None,66,1,5,False,10,10
296,6,unweighted_fl,10,0.0995222929936305,0,26,None,66,1,5,False,10,10
297,7,unweighted_fl,10,0.0995222929936305,0,26,None,66,1,5,False,10,10
298,8,unweighted_fl,10,0.0995222929936305,0,26,None,66,1,5,False,10,10
299,9,unweighted_fl,10,0.0995222929936305,0,26,None,66,1,5,False,10,10
300,5,unweighted_fl,10,0.0995222929936305,0,27,None,66,1,5,False,10,10
301,6,unweighted_fl,10,0.0995222929936305,0,27,None,66,1,5,False,10,10
302,7,unweighted_fl,10,0.0995222929936305,0,27,None,66,1,5,False,10,10
303,8,unweighted_fl,10,0.0995222929936305,0,27,None,66,1,5,False,10,10
304,9,unweighted_fl,10,0.0995222929936305,0,27,None,66,1,5,False,10,10
305,5,unweighted_fl,10,0.0995222929936305,0,29,None,66,1,5,False,10,10
306,6,unweighted_fl,10,0.0995222929936305,0,29,None,66,1,5,False,10,10
307,7,unweighted_fl,10,0.0995222929936305,0,29,None,66,1,5,False,10,10
308,8,unweighted_fl,10,0.0995222929936305,0,29,None,66,1,5,False,10,10
309,9,unweighted_fl,10,0.0995222929936305,0,29,None,66,1,5,False,10,10
310,5,unweighted_fl,10,0.0995222929936305,0,28,None,66,1,5,False,10,10
311,6,unweighted_fl,10,0.0995222929936305,0,28,None,66,1,5,False,10,10
312,7,unweighted_fl,10,0.0995222929936305,0,28,None,66,1,5,False,10,10
313,8,unweighted_fl,10,0.0995222929936305,0,28,None,66,1,5,False,10,10
314,9,unweighted_fl,10,0.0995222929936305,0,28,None,66,1,5,False,10,10
315,5,unweighted_fl,10,0.0995222929936305,0,30,None,66,1,5,False,10,10
316,6,unweighted_fl,10,0.0995222929936305,0,30,None,66,1,5,False,10,10
317,7,unweighted_fl,10,0.0995222929936305,0,30,None,66,1,5,False,10,10
318,8,unweighted_fl,10,0.0995222929936305,0,30,None,66,1,5,False,10,10
319,9,unweighted_fl,10,0.0995222929936305,0,30,None,66,1,5,False,10,10
320,5,unweighted_fl,10,0.0995222929936305,0,32,None,66,1,5,False,10,10
321,6,unweighted_fl,10,0.0995222929936305,0,32,None,66,1,5,False,10,10
322,7,unweighted_fl,10,0.0995222929936305,0,32,None,66,1,5,False,10,10
323,8,unweighted_fl,10,0.0995222929936305,0,32,None,66,1,5,False,10,10
324,9,unweighted_fl,10,0.0995222929936305,0,32,None,66,1,5,False,10,10
325,5,unweighted_fl,10,0.0995222929936305,0,31,None,66,1,5,False,10,10
326,6,unweighted_fl,10,0.0995222929936305,0,31,None,66,1,5,False,10,10
327,7,unweighted_fl,10,0.0995222929936305,0,31,None,66,1,5,False,10,10
328,8,unweighted_fl,10,0.0995222929936305,0,31,None,66,1,5,False,10,10
329,9,unweighted_fl,10,0.0995222929936305,0,31,None,66,1,5,False,10,10
330,10,unweighted_fl,10,0.0995222929936305,0,0,None,66,1,5,False,10,10
331,11,unweighted_fl,10,0.0995222929936305,0,0,None,66,1,5,False,10,10
332,12,unweighted_fl,10,0.0995222929936305,0,0,None,66,1,5,False,10,10
333,13,unweighted_fl,10,0.0995222929936305,0,0,None,66,1,5,False,10,10
334,14,unweighted_fl,10,0.0995222929936305,0,0,None,66,1,5,False,10,10
335,10,unweighted_fl,10,0.0995222929936305,0,2,None,66,1,5,False,10,10
336,11,unweighted_fl,10,0.0995222929936305,0,2,None,66,1,5,False,10,10
337,12,unweighted_fl,10,0.0995222929936305,0,2,None,66,1,5,False,10,10
338,13,unweighted_fl,10,0.0995222929936305,0,2,None,66,1,5,False,10,10
339,14,unweighted_fl,10,0.0995222929936305,0,2,None,66,1,5,False,10,10
340,10,unweighted_fl,10,0.0995222929936305,0,3,None,66,1,5,False,10,10
341,11,unweighted_fl,10,0.0995222929936305,0,3,None,66,1,5,False,10,10
342,12,unweighted_fl,10,0.0995222929936305,0,3,None,66,1,5,False,10,10
343,13,unweighted_fl,10,0.0995222929936305,0,3,None,66,1,5,False,10,10
344,14,unweighted_fl,10,0.0995222929936305,0,3,None,66,1,5,False,10,10
345,10,unweighted_fl,10,0.0995222929936305,0,1,None,66,1,5,False,10,10
346,11,unweighted_fl,10,0.0995222929936305,0,1,None,66,1,5,False,10,10
347,12,unweighted_fl,10,0.1017117834394904,0,1,None,66,1,5,False,10,10
348,13,unweighted_fl,10,0.0995222929936305,0,1,None,66,1,5,False,10,10
349,14,unweighted_fl,10,0.0995222929936305,0,1,None,66,1,5,False,10,10
350,10,unweighted_fl,10,0.0995222929936305,0,4,None,66,1,5,False,10,10
351,11,unweighted_fl,10,0.0995222929936305,0,4,None,66,1,5,False,10,10
352,12,unweighted_fl,10,0.0995222929936305,0,4,None,66,1,5,False,10,10
353,13,unweighted_fl,10,0.0995222929936305,0,4,None,66,1,5,False,10,10
354,14,unweighted_fl,10,0.0995222929936305,0,4,None,66,1,5,False,10,10
355,10,unweighted_fl,10,0.0995222929936305,0,6,None,66,1,5,False,10,10
356,11,unweighted_fl,10,0.0995222929936305,0,6,None,66,1,5,False,10,10
357,12,unweighted_fl,10,0.0995222929936305,0,6,None,66,1,5,False,10,10
358,13,unweighted_fl,10,0.0995222929936305,0,6,None,66,1,5,False,10,10
359,14,unweighted_fl,10,0.0995222929936305,0,6,None,66,1,5,False,10,10
360,10,unweighted_fl,10,0.0995222929936305,0,7,None,66,1,5,False,10,10
361,11,unweighted_fl,10,0.0995222929936305,0,7,None,66,1,5,False,10,10
362,12,unweighted_fl,10,0.0995222929936305,0,7,None,66,1,5,False,10,10
363,13,unweighted_fl,10,0.0995222929936305,0,7,None,66,1,5,False,10,10
364,14,unweighted_fl,10,0.0995222929936305,0,7,None,66,1,5,False,10,10
365,10,unweighted_fl,10,0.0995222929936305,0,5,None,66,1,5,False,10,10
366,11,unweighted_fl,10,0.0995222929936305,0,5,None,66,1,5,False,10,10
367,12,unweighted_fl,10,0.0995222929936305,0,5,None,66,1,5,False,10,10
368,13,unweighted_fl,10,0.0995222929936305,0,5,None,66,1,5,False,10,10
369,14,unweighted_fl,10,0.0995222929936305,0,5,None,66,1,5,False,10,10
370,10,unweighted_fl,10,0.0995222929936305,0,8,None,66,1,5,False,10,10
371,11,unweighted_fl,10,0.0995222929936305,0,8,None,66,1,5,False,10,10
372,12,unweighted_fl,10,0.0995222929936305,0,8,None,66,1,5,False,10,10
373,13,unweighted_fl,10,0.0995222929936305,0,8,None,66,1,5,False,10,10
374,14,unweighted_fl,10,0.0995222929936305,0,8,None,66,1,5,False,10,10
375,10,unweighted_fl,10,0.0995222929936305,0,9,None,66,1,5,False,10,10
376,11,unweighted_fl,10,0.0995222929936305,0,9,None,66,1,5,False,10,10
377,12,unweighted_fl,10,0.0995222929936305,0,9,None,66,1,5,False,10,10
378,13,unweighted_fl,10,0.0995222929936305,0,9,None,66,1,5,False,10,10
379,14,unweighted_fl,10,0.0995222929936305,0,9,None,66,1,5,False,10,10
380,10,unweighted_fl,10,0.0995222929936305,0,10,None,66,1,5,False,10,10
381,11,unweighted_fl,10,0.0995222929936305,0,10,None,66,1,5,False,10,10
382,12,unweighted_fl,10,0.0995222929936305,0,10,None,66,1,5,False,10,10
383,13,unweighted_fl,10,0.0995222929936305,0,10,None,66,1,5,False,10,10
384,14,unweighted_fl,10,0.0995222929936305,0,10,None,66,1,5,False,10,10
385,10,unweighted_fl,10,0.0995222929936305,0,12,None,66,1,5,False,10,10
386,11,unweighted_fl,10,0.0995222929936305,0,12,None,66,1,5,False,10,10
387,12,unweighted_fl,10,0.0995222929936305,0,12,None,66,1,5,False,10,10
388,13,unweighted_fl,10,0.0995222929936305,0,12,None,66,1,5,False,10,10
389,14,unweighted_fl,10,0.0995222929936305,0,12,None,66,1,5,False,10,10
390,10,unweighted_fl,10,0.0995222929936305,0,11,None,66,1,5,False,10,10
391,11,unweighted_fl,10,0.0995222929936305,0,11,None,66,1,5,False,10,10
392,12,unweighted_fl,10,0.0995222929936305,0,11,None,66,1,5,False,10,10
393,13,unweighted_fl,10,0.0995222929936305,0,11,None,66,1,5,False,10,10
394,14,unweighted_fl,10,0.0995222929936305,0,11,None,66,1,5,False,10,10
395,10,unweighted_fl,10,0.0995222929936305,0,13,None,66,1,5,False,10,10
396,11,unweighted_fl,10,0.0995222929936305,0,13,None,66,1,5,False,10,10
397,12,unweighted_fl,10,0.0995222929936305,0,13,None,66,1,5,False,10,10
398,13,unweighted_fl,10,0.0995222929936305,0,13,None,66,1,5,False,10,10
399,14,unweighted_fl,10,0.0995222929936305,0,13,None,66,1,5,False,10,10
400,10,unweighted_fl,10,0.0995222929936305,0,15,None,66,1,5,False,10,10
401,11,unweighted_fl,10,0.0995222929936305,0,15,None,66,1,5,False,10,10
402,12,unweighted_fl,10,0.0995222929936305,0,15,None,66,1,5,False,10,10
403,13,unweighted_fl,10,0.0995222929936305,0,15,None,66,1,5,False,10,10
404,14,unweighted_fl,10,0.0995222929936305,0,15,None,66,1,5,False,10,10
405,10,unweighted_fl,10,0.0995222929936305,0,14,None,66,1,5,False,10,10
406,11,unweighted_fl,10,0.0995222929936305,0,14,None,66,1,5,False,10,10
407,12,unweighted_fl,10,0.0995222929936305,0,14,None,66,1,5,False,10,10
408,13,unweighted_fl,10,0.0995222929936305,0,14,None,66,1,5,False,10,10
409,14,unweighted_fl,10,0.0995222929936305,0,14,None,66,1,5,False,10,10
410,10,unweighted_fl,10,0.0995222929936305,0,17,None,66,1,5,False,10,10
411,11,unweighted_fl,10,0.0995222929936305,0,17,None,66,1,5,False,10,10
412,12,unweighted_fl,10,0.0995222929936305,0,17,None,66,1,5,False,10,10
413,13,unweighted_fl,10,0.0995222929936305,0,17,None,66,1,5,False,10,10
414,14,unweighted_fl,10,0.0995222929936305,0,17,None,66,1,5,False,10,10
415,10,unweighted_fl,10,0.0995222929936305,0,16,None,66,1,5,False,10,10
416,11,unweighted_fl,10,0.0995222929936305,0,16,None,66,1,5,False,10,10
417,12,unweighted_fl,10,0.0995222929936305,0,16,None,66,1,5,False,10,10
418,13,unweighted_fl,10,0.0995222929936305,0,16,None,66,1,5,False,10,10
419,14,unweighted_fl,10,0.0995222929936305,0,16,None,66,1,5,False,10,10
420,10,unweighted_fl,10,0.0995222929936305,0,18,None,66,1,5,False,10,10
421,11,unweighted_fl,10,0.0995222929936305,0,18,None,66,1,5,False,10,10
422,12,unweighted_fl,10,0.0995222929936305,0,18,None,66,1,5,False,10,10
423,13,unweighted_fl,10,0.0995222929936305,0,18,None,66,1,5,False,10,10
424,14,unweighted_fl,10,0.0995222929936305,0,18,None,66,1,5,False,10,10
425,10,unweighted_fl,10,0.0995222929936305,0,19,None,66,1,5,False,10,10
426,11,unweighted_fl,10,0.1032046178343949,0,19,None,66,1,5,False,10,10
427,12,unweighted_fl,10,0.0995222929936305,0,19,None,66,1,5,False,10,10
428,13,unweighted_fl,10,0.0995222929936305,0,19,None,66,1,5,False,10,10
429,14,unweighted_fl,10,0.0995222929936305,0,19,None,66,1,5,False,10,10
430,10,unweighted_fl,10,0.0995222929936305,0,21,None,66,1,5,False,10,10
431,11,unweighted_fl,10,0.0995222929936305,0,21,None,66,1,5,False,10,10
432,12,unweighted_fl,10,0.0995222929936305,0,21,None,66,1,5,False,10,10
433,13,unweighted_fl,10,0.0995222929936305,0,21,None,66,1,5,False,10,10
434,14,unweighted_fl,10,0.0995222929936305,0,21,None,66,1,5,False,10,10
435,10,unweighted_fl,10,0.0995222929936305,0,20,None,66,1,5,False,10,10
436,11,unweighted_fl,10,0.0995222929936305,0,20,None,66,1,5,False,10,10
437,12,unweighted_fl,10,0.0995222929936305,0,20,None,66,1,5,False,10,10
438,13,unweighted_fl,10,0.0995222929936305,0,20,None,66,1,5,False,10,10
439,14,unweighted_fl,10,0.0995222929936305,0,20,None,66,1,5,False,10,10
440,10,unweighted_fl,10,0.0995222929936305,0,22,None,66,1,5,False,10,10
441,11,unweighted_fl,10,0.0995222929936305,0,22,None,66,1,5,False,10,10
442,12,unweighted_fl,10,0.0995222929936305,0,22,None,66,1,5,False,10,10
443,13,unweighted_fl,10,0.0995222929936305,0,22,None,66,1,5,False,10,10
444,14,unweighted_fl,10,0.0995222929936305,0,22,None,66,1,5,False,10,10
445,10,unweighted_fl,10,0.0995222929936305,0,23,None,66,1,5,False,10,10
446,11,unweighted_fl,10,0.0995222929936305,0,23,None,66,1,5,False,10,10
447,12,unweighted_fl,10,0.0995222929936305,0,23,None,66,1,5,False,10,10
448,13,unweighted_fl,10,0.0995222929936305,0,23,None,66,1,5,False,10,10
449,14,unweighted_fl,10,0.0995222929936305,0,23,None,66,1,5,False,10,10
450,10,unweighted_fl,10,0.0995222929936305,0,24,None,66,1,5,False,10,10
451,11,unweighted_fl,10,0.0995222929936305,0,24,None,66,1,5,False,10,10
452,12,unweighted_fl,10,0.0995222929936305,0,24,None,66,1,5,False,10,10
453,13,unweighted_fl,10,0.0995222929936305,0,24,None,66,1,5,False,10,10
454,14,unweighted_fl,10,0.0995222929936305,0,24,None,66,1,5,False,10,10
455,10,unweighted_fl,10,0.0995222929936305,0,25,None,66,1,5,False,10,10
456,11,unweighted_fl,10,0.0995222929936305,0,25,None,66,1,5,False,10,10
457,12,unweighted_fl,10,0.0995222929936305,0,25,None,66,1,5,False,10,10
458,13,unweighted_fl,10,0.0995222929936305,0,25,None,66,1,5,False,10,10
459,14,unweighted_fl,10,0.0995222929936305,0,25,None,66,1,5,False,10,10
460,10,unweighted_fl,10,0.0995222929936305,0,26,None,66,1,5,False,10,10
461,11,unweighted_fl,10,0.0995222929936305,0,26,None,66,1,5,False,10,10
462,12,unweighted_fl,10,0.0995222929936305,0,26,None,66,1,5,False,10,10
463,13,unweighted_fl,10,0.0995222929936305,0,26,None,66,1,5,False,10,10
464,14,unweighted_fl,10,0.0995222929936305,0,26,None,66,1,5,False,10,10
465,10,unweighted_fl,10,0.0995222929936305,0,27,None,66,1,5,False,10,10
466,11,unweighted_fl,10,0.0995222929936305,0,27,None,66,1,5,False,10,10
467,12,unweighted_fl,10,0.0995222929936305,0,27,None,66,1,5,False,10,10
468,13,unweighted_fl,10,0.0995222929936305,0,27,None,66,1,5,False,10,10
469,14,unweighted_fl,10,0.0995222929936305,0,27,None,66,1,5,False,10,10
470,10,unweighted_fl,10,0.0995222929936305,0,28,None,66,1,5,False,10,10
471,11,unweighted_fl,10,0.0995222929936305,0,28,None,66,1,5,False,10,10
472,12,unweighted_fl,10,0.0995222929936305,0,28,None,66,1,5,False,10,10
473,13,unweighted_fl,10,0.0995222929936305,0,28,None,66,1,5,False,10,10
474,14,unweighted_fl,10,0.0995222929936305,0,28,None,66,1,5,False,10,10
475,10,unweighted_fl,10,0.0995222929936305,0,30,None,66,1,5,False,10,10
476,11,unweighted_fl,10,0.0995222929936305,0,30,None,66,1,5,False,10,10
477,12,unweighted_fl,10,0.0995222929936305,0,30,None,66,1,5,False,10,10
478,13,unweighted_fl,10,0.0995222929936305,0,30,None,66,1,5,False,10,10
479,14,unweighted_fl,10,0.0995222929936305,0,30,None,66,1,5,False,10,10
480,10,unweighted_fl,10,0.0995222929936305,0,29,None,66,1,5,False,10,10
481,11,unweighted_fl,10,0.0995222929936305,0,29,None,66,1,5,False,10,10
482,12,unweighted_fl,10,0.0995222929936305,0,29,None,66,1,5,False,10,10
483,13,unweighted_fl,10,0.0995222929936305,0,29,None,66,1,5,False,10,10
484,14,unweighted_fl,10,0.0995222929936305,0,29,None,66,1,5,False,10,10
485,10,unweighted_fl,10,0.0995222929936305,0,31,None,66,1,5,False,10,10
486,11,unweighted_fl,10,0.0995222929936305,0,31,None,66,1,5,False,10,10
487,12,unweighted_fl,10,0.0995222929936305,0,31,None,66,1,5,False,10,10
488,13,unweighted_fl,10,0.0995222929936305,0,31,None,66,1,5,False,10,10
489,14,unweighted_fl,10,0.0995222929936305,0,31,None,66,1,5,False,10,10
490,10,unweighted_fl,10,0.1430135350318471,0,32,None,66,1,5,False,10,10
491,11,unweighted_fl,10,0.0995222929936305,0,32,None,66,1,5,False,10,10
492,12,unweighted_fl,10,0.0995222929936305,0,32,None,66,1,5,False,10,10
493,13,unweighted_fl,10,0.0995222929936305,0,32,None,66,1,5,False,10,10
494,14,unweighted_fl,10,0.0995222929936305,0,32,None,66,1,5,False,10,10
990,15,unweighted_fl,10,0.0995222929936305,0,0,None,66,1,5,False,10,10
991,16,unweighted_fl,10,0.1657046178343949,0,0,None,66,1,5,False,10,10
992,17,unweighted_fl,10,0.0995222929936305,0,0,None,66,1,5,False,10,10
993,18,unweighted_fl,10,0.0995222929936305,0,0,None,66,1,5,False,10,10
994,19,unweighted_fl,10,0.0997213375796178,0,0,None,66,1,5,False,10,10
995,15,unweighted_fl,10,0.0995222929936305,0,1,None,66,1,5,False,10,10
996,16,unweighted_fl,10,0.0995222929936305,0,1,None,66,1,5,False,10,10
997,17,unweighted_fl,10,0.0995222929936305,0,1,None,66,1,5,False,10,10
998,18,unweighted_fl,10,0.0995222929936305,0,1,None,66,1,5,False,10,10
999,19,unweighted_fl,10,0.0995222929936305,0,1,None,66,1,5,False,10,10
1000,15,unweighted_fl,10,0.0995222929936305,0,2,None,66,1,5,False,10,10
1001,16,unweighted_fl,10,0.0995222929936305,0,2,None,66,1,5,False,10,10
1002,17,unweighted_fl,10,0.0995222929936305,0,2,None,66,1,5,False,10,10
1003,18,unweighted_fl,10,0.0995222929936305,0,2,None,66,1,5,False,10,10
1004,19,unweighted_fl,10,0.0995222929936305,0,2,None,66,1,5,False,10,10
1005,15,unweighted_fl,10,0.0995222929936305,0,3,None,66,1,5,False,10,10
1006,16,unweighted_fl,10,0.0995222929936305,0,3,None,66,1,5,False,10,10
1007,17,unweighted_fl,10,0.0995222929936305,0,3,None,66,1,5,False,10,10
1008,18,unweighted_fl,10,0.0995222929936305,0,3,None,66,1,5,False,10,10
1009,19,unweighted_fl,10,0.0995222929936305,0,3,None,66,1,5,False,10,10
1010,15,unweighted_fl,10,0.0995222929936305,0,4,None,66,1,5,False,10,10
1011,16,unweighted_fl,10,0.0995222929936305,0,4,None,66,1,5,False,10,10
1012,17,unweighted_fl,10,0.0995222929936305,0,4,None,66,1,5,False,10,10
1013,18,unweighted_fl,10,0.0995222929936305,0,4,None,66,1,5,False,10,10
1014,19,unweighted_fl,10,0.0995222929936305,0,4,None,66,1,5,False,10,10
1015,15,unweighted_fl,10,0.0995222929936305,0,6,None,66,1,5,False,10,10
1016,16,unweighted_fl,10,0.0995222929936305,0,6,None,66,1,5,False,10,10
1017,17,unweighted_fl,10,0.0995222929936305,0,6,None,66,1,5,False,10,10
1018,18,unweighted_fl,10,0.0995222929936305,0,6,None,66,1,5,False,10,10
1019,19,unweighted_fl,10,0.0995222929936305,0,6,None,66,1,5,False,10,10
1020,15,unweighted_fl,10,0.0995222929936305,0,7,None,66,1,5,False,10,10
1021,16,unweighted_fl,10,0.0995222929936305,0,7,None,66,1,5,False,10,10
1022,17,unweighted_fl,10,0.0995222929936305,0,7,None,66,1,5,False,10,10
1023,18,unweighted_fl,10,0.0995222929936305,0,7,None,66,1,5,False,10,10
1024,19,unweighted_fl,10,0.0995222929936305,0,7,None,66,1,5,False,10,10
1025,15,unweighted_fl,10,0.0995222929936305,0,5,None,66,1,5,False,10,10
1026,16,unweighted_fl,10,0.0995222929936305,0,5,None,66,1,5,False,10,10
1027,17,unweighted_fl,10,0.0995222929936305,0,5,None,66,1,5,False,10,10
1028,18,unweighted_fl,10,0.0995222929936305,0,5,None,66,1,5,False,10,10
1029,19,unweighted_fl,10,0.0995222929936305,0,5,None,66,1,5,False,10,10
1030,15,unweighted_fl,10,0.0995222929936305,0,8,None,66,1,5,False,10,10
1031,16,unweighted_fl,10,0.0995222929936305,0,8,None,66,1,5,False,10,10
1032,17,unweighted_fl,10,0.0995222929936305,0,8,None,66,1,5,False,10,10
1033,18,unweighted_fl,10,0.0995222929936305,0,8,None,66,1,5,False,10,10
1034,19,unweighted_fl,10,0.0995222929936305,0,8,None,66,1,5,False,10,10
1035,15,unweighted_fl,10,0.0995222929936305,0,9,None,66,1,5,False,10,10
1036,16,unweighted_fl,10,0.0995222929936305,0,9,None,66,1,5,False,10,10
1037,17,unweighted_fl,10,0.0995222929936305,0,9,None,66,1,5,False,10,10
1038,18,unweighted_fl,10,0.0995222929936305,0,9,None,66,1,5,False,10,10
1039,19,unweighted_fl,10,0.0995222929936305,0,9,None,66,1,5,False,10,10
1040,15,unweighted_fl,10,0.0995222929936305,0,10,None,66,1,5,False,10,10
1041,16,unweighted_fl,10,0.0995222929936305,0,10,None,66,1,5,False,10,10
1042,17,unweighted_fl,10,0.0995222929936305,0,10,None,66,1,5,False,10,10
1043,18,unweighted_fl,10,0.0995222929936305,0,10,None,66,1,5,False,10,10
1044,19,unweighted_fl,10,0.0995222929936305,0,10,None,66,1,5,False,10,10
1045,15,unweighted_fl,10,0.0995222929936305,0,12,None,66,1,5,False,10,10
1046,16,unweighted_fl,10,0.0995222929936305,0,12,None,66,1,5,False,10,10
1047,17,unweighted_fl,10,0.0995222929936305,0,12,None,66,1,5,False,10,10
1048,18,unweighted_fl,10,0.0995222929936305,0,12,None,66,1,5,False,10,10
1049,19,unweighted_fl,10,0.0995222929936305,0,12,None,66,1,5,False,10,10
1050,15,unweighted_fl,10,0.0995222929936305,0,11,None,66,1,5,False,10,10
1051,16,unweighted_fl,10,0.0995222929936305,0,11,None,66,1,5,False,10,10
1052,17,unweighted_fl,10,0.0995222929936305,0,11,None,66,1,5,False,10,10
1053,18,unweighted_fl,10,0.0995222929936305,0,11,None,66,1,5,False,10,10
1054,19,unweighted_fl,10,0.0995222929936305,0,11,None,66,1,5,False,10,10
1055,15,unweighted_fl,10,0.0995222929936305,0,14,None,66,1,5,False,10,10
1056,16,unweighted_fl,10,0.0995222929936305,0,14,None,66,1,5,False,10,10
1057,17,unweighted_fl,10,0.0995222929936305,0,14,None,66,1,5,False,10,10
1058,18,unweighted_fl,10,0.0995222929936305,0,14,None,66,1,5,False,10,10
1059,19,unweighted_fl,10,0.0995222929936305,0,14,None,66,1,5,False,10,10
1060,15,unweighted_fl,10,0.0995222929936305,0,13,None,66,1,5,False,10,10
1061,16,unweighted_fl,10,0.0995222929936305,0,13,None,66,1,5,False,10,10
1062,17,unweighted_fl,10,0.0995222929936305,0,13,None,66,1,5,False,10,10
1063,18,unweighted_fl,10,0.0995222929936305,0,13,None,66,1,5,False,10,10
1064,19,unweighted_fl,10,0.0995222929936305,0,13,None,66,1,5,False,10,10
1065,15,unweighted_fl,10,0.0995222929936305,0,15,None,66,1,5,False,10,10
1066,16,unweighted_fl,10,0.0995222929936305,0,15,None,66,1,5,False,10,10
1067,17,unweighted_fl,10,0.0995222929936305,0,15,None,66,1,5,False,10,10
1068,18,unweighted_fl,10,0.0995222929936305,0,15,None,66,1,5,False,10,10
1069,19,unweighted_fl,10,0.0995222929936305,0,15,None,66,1,5,False,10,10
1070,15,unweighted_fl,10,0.0995222929936305,0,16,None,66,1,5,False,10,10
1071,16,unweighted_fl,10,0.0995222929936305,0,16,None,66,1,5,False,10,10
1072,17,unweighted_fl,10,0.0995222929936305,0,16,None,66,1,5,False,10,10
1073,18,unweighted_fl,10,0.0995222929936305,0,16,None,66,1,5,False,10,10
1074,19,unweighted_fl,10,0.0995222929936305,0,16,None,66,1,5,False,10,10
1075,15,unweighted_fl,10,0.0995222929936305,0,17,None,66,1,5,False,10,10
1076,16,unweighted_fl,10,0.0995222929936305,0,17,None,66,1,5,False,10,10
1077,17,unweighted_fl,10,0.0995222929936305,0,17,None,66,1,5,False,10,10
1078,18,unweighted_fl,10,0.0995222929936305,0,17,None,66,1,5,False,10,10
1079,19,unweighted_fl,10,0.0995222929936305,0,17,None,66,1,5,False,10,10
1080,15,unweighted_fl,10,0.0995222929936305,0,18,None,66,1,5,False,10,10
1081,16,unweighted_fl,10,0.0995222929936305,0,18,None,66,1,5,False,10,10
1082,17,unweighted_fl,10,0.0995222929936305,0,18,None,66,1,5,False,10,10
1083,18,unweighted_fl,10,0.0995222929936305,0,18,None,66,1,5,False,10,10
1084,19,unweighted_fl,10,0.0995222929936305,0,18,None,66,1,5,False,10,10
1085,15,unweighted_fl,10,0.0995222929936305,0,20,None,66,1,5,False,10,10
1086,16,unweighted_fl,10,0.0995222929936305,0,20,None,66,1,5,False,10,10
1087,17,unweighted_fl,10,0.0995222929936305,0,20,None,66,1,5,False,10,10
1088,18,unweighted_fl,10,0.0995222929936305,0,20,None,66,1,5,False,10,10
1089,19,unweighted_fl,10,0.0995222929936305,0,20,None,66,1,5,False,10,10
1090,15,unweighted_fl,10,0.0995222929936305,0,19,None,66,1,5,False,10,10
1091,16,unweighted_fl,10,0.1487858280254777,0,19,None,66,1,5,False,10,10
1092,17,unweighted_fl,10,0.0995222929936305,0,19,None,66,1,5,False,10,10
1093,18,unweighted_fl,10,0.0995222929936305,0,19,None,66,1,5,False,10,10
1094,19,unweighted_fl,10,0.0995222929936305,0,19,None,66,1,5,False,10,10
1095,15,unweighted_fl,10,0.0995222929936305,0,21,None,66,1,5,False,10,10
1096,16,unweighted_fl,10,0.0995222929936305,0,21,None,66,1,5,False,10,10
1097,17,unweighted_fl,10,0.0995222929936305,0,21,None,66,1,5,False,10,10
1098,18,unweighted_fl,10,0.0995222929936305,0,21,None,66,1,5,False,10,10
1099,19,unweighted_fl,10,0.0995222929936305,0,21,None,66,1,5,False,10,10
1100,15,unweighted_fl,10,0.0995222929936305,0,22,None,66,1,5,False,10,10
1101,16,unweighted_fl,10,0.0995222929936305,0,22,None,66,1,5,False,10,10
1102,17,unweighted_fl,10,0.0995222929936305,0,22,None,66,1,5,False,10,10
1103,18,unweighted_fl,10,0.0995222929936305,0,22,None,66,1,5,False,10,10
1104,19,unweighted_fl,10,0.0995222929936305,0,22,None,66,1,5,False,10,10
1105,15,unweighted_fl,10,0.0995222929936305,0,23,None,66,1,5,False,10,10
1106,16,unweighted_fl,10,0.0995222929936305,0,23,None,66,1,5,False,10,10
1107,17,unweighted_fl,10,0.0995222929936305,0,23,None,66,1,5,False,10,10
1108,18,unweighted_fl,10,0.0995222929936305,0,23,None,66,1,5,False,10,10
1109,19,unweighted_fl,10,0.0995222929936305,0,23,None,66,1,5,False,10,10
1110,15,unweighted_fl,10,0.0995222929936305,0,24,None,66,1,5,False,10,10
1111,16,unweighted_fl,10,0.0995222929936305,0,24,None,66,1,5,False,10,10
1112,17,unweighted_fl,10,0.0995222929936305,0,24,None,66,1,5,False,10,10
1113,18,unweighted_fl,10,0.0995222929936305,0,24,None,66,1,5,False,10,10
1114,19,unweighted_fl,10,0.0995222929936305,0,24,None,66,1,5,False,10,10
1115,15,unweighted_fl,10,0.0995222929936305,0,25,None,66,1,5,False,10,10
1116,16,unweighted_fl,10,0.0995222929936305,0,25,None,66,1,5,False,10,10
1117,17,unweighted_fl,10,0.0995222929936305,0,25,None,66,1,5,False,10,10
1118,18,unweighted_fl,10,0.0995222929936305,0,25,None,66,1,5,False,10,10
1119,19,unweighted_fl,10,0.0995222929936305,0,25,None,66,1,5,False,10,10
1120,15,unweighted_fl,10,0.0995222929936305,0,26,None,66,1,5,False,10,10
1121,16,unweighted_fl,10,0.0995222929936305,0,26,None,66,1,5,False,10,10
1122,17,unweighted_fl,10,0.0995222929936305,0,26,None,66,1,5,False,10,10
1123,18,unweighted_fl,10,0.0995222929936305,0,26,None,66,1,5,False,10,10
1124,19,unweighted_fl,10,0.0995222929936305,0,26,None,66,1,5,False,10,10
1125,15,unweighted_fl,10,0.0995222929936305,0,28,None,66,1,5,False,10,10
1126,16,unweighted_fl,10,0.0995222929936305,0,28,None,66,1,5,False,10,10
1127,17,unweighted_fl,10,0.0995222929936305,0,28,None,66,1,5,False,10,10
1128,18,unweighted_fl,10,0.0995222929936305,0,28,None,66,1,5,False,10,10
1129,19,unweighted_fl,10,0.0995222929936305,0,28,None,66,1,5,False,10,10
1130,15,unweighted_fl,10,0.0995222929936305,0,27,None,66,1,5,False,10,10
1131,16,unweighted_fl,10,0.0995222929936305,0,27,None,66,1,5,False,10,10
1132,17,unweighted_fl,10,0.0995222929936305,0,27,None,66,1,5,False,10,10
1133,18,unweighted_fl,10,0.0995222929936305,0,27,None,66,1,5,False,10,10
1134,19,unweighted_fl,10,0.0995222929936305,0,27,None,66,1,5,False,10,10
1135,15,unweighted_fl,10,0.0995222929936305,0,29,None,66,1,5,False,10,10
1136,16,unweighted_fl,10,0.0995222929936305,0,29,None,66,1,5,False,10,10
1137,17,unweighted_fl,10,0.0995222929936305,0,29,None,66,1,5,False,10,10
1138,18,unweighted_fl,10,0.0995222929936305,0,29,None,66,1,5,False,10,10
1139,19,unweighted_fl,10,0.0995222929936305,0,29,None,66,1,5,False,10,10
1140,15,unweighted_fl,10,0.0995222929936305,0,30,None,66,1,5,False,10,10
1141,16,unweighted_fl,10,0.0995222929936305,0,30,None,66,1,5,False,10,10
1142,17,unweighted_fl,10,0.0995222929936305,0,30,None,66,1,5,False,10,10
1143,18,unweighted_fl,10,0.0995222929936305,0,30,None,66,1,5,False,10,10
1144,19,unweighted_fl,10,0.0995222929936305,0,30,None,66,1,5,False,10,10
1145,15,unweighted_fl,10,0.0995222929936305,0,32,None,66,1,5,False,10,10
1146,16,unweighted_fl,10,0.0995222929936305,0,32,None,66,1,5,False,10,10
1147,17,unweighted_fl,10,0.0995222929936305,0,32,None,66,1,5,False,10,10
1148,18,unweighted_fl,10,0.0995222929936305,0,32,None,66,1,5,False,10,10
1149,19,unweighted_fl,10,0.0995222929936305,0,32,None,66,1,5,False,10,10
1150,15,unweighted_fl,10,0.0995222929936305,0,31,None,66,1,5,False,10,10
1151,16,unweighted_fl,10,0.0995222929936305,0,31,None,66,1,5,False,10,10
1152,17,unweighted_fl,10,0.0995222929936305,0,31,None,66,1,5,False,10,10
1153,18,unweighted_fl,10,0.0995222929936305,0,31,None,66,1,5,False,10,10
1154,19,unweighted_fl,10,0.0995222929936305,0,31,None,66,1,5,False,10,10
1155,20,unweighted_fl,10,0.0995222929936305,0,0,None,66,1,5,False,10,10
1156,21,unweighted_fl,10,0.0995222929936305,0,0,None,66,1,5,False,10,10
1157,22,unweighted_fl,10,0.0995222929936305,0,0,None,66,1,5,False,10,10
1158,23,unweighted_fl,10,0.0995222929936305,0,0,None,66,1,5,False,10,10
1159,24,unweighted_fl,10,0.0995222929936305,0,0,None,66,1,5,False,10,10
1160,20,unweighted_fl,10,0.0995222929936305,0,2,None,66,1,5,False,10,10
1161,21,unweighted_fl,10,0.0995222929936305,0,2,None,66,1,5,False,10,10
1162,22,unweighted_fl,10,0.0995222929936305,0,2,None,66,1,5,False,10,10
1163,23,unweighted_fl,10,0.0995222929936305,0,2,None,66,1,5,False,10,10
1164,24,unweighted_fl,10,0.0995222929936305,0,2,None,66,1,5,False,10,10
1165,20,unweighted_fl,10,0.0995222929936305,0,1,None,66,1,5,False,10,10
1166,21,unweighted_fl,10,0.0995222929936305,0,1,None,66,1,5,False,10,10
1167,22,unweighted_fl,10,0.0995222929936305,0,1,None,66,1,5,False,10,10
1168,23,unweighted_fl,10,0.0995222929936305,0,1,None,66,1,5,False,10,10
1169,24,unweighted_fl,10,0.0995222929936305,0,1,None,66,1,5,False,10,10
1170,20,unweighted_fl,10,0.0995222929936305,0,4,None,66,1,5,False,10,10
1171,21,unweighted_fl,10,0.0995222929936305,0,4,None,66,1,5,False,10,10
1172,22,unweighted_fl,10,0.0995222929936305,0,4,None,66,1,5,False,10,10
1173,23,unweighted_fl,10,0.0995222929936305,0,4,None,66,1,5,False,10,10
1174,24,unweighted_fl,10,0.0995222929936305,0,4,None,66,1,5,False,10,10
1175,20,unweighted_fl,10,0.0995222929936305,0,3,None,66,1,5,False,10,10
1176,21,unweighted_fl,10,0.0995222929936305,0,3,None,66,1,5,False,10,10
1177,22,unweighted_fl,10,0.0995222929936305,0,3,None,66,1,5,False,10,10
1178,23,unweighted_fl,10,0.0995222929936305,0,3,None,66,1,5,False,10,10
1179,24,unweighted_fl,10,0.0995222929936305,0,3,None,66,1,5,False,10,10
1180,20,unweighted_fl,10,0.0995222929936305,0,6,None,66,1,5,False,10,10
1181,21,unweighted_fl,10,0.0995222929936305,0,6,None,66,1,5,False,10,10
1182,22,unweighted_fl,10,0.0995222929936305,0,6,None,66,1,5,False,10,10
1183,23,unweighted_fl,10,0.0995222929936305,0,6,None,66,1,5,False,10,10
1184,24,unweighted_fl,10,0.0995222929936305,0,6,None,66,1,5,False,10,10
1185,20,unweighted_fl,10,0.0995222929936305,0,5,None,66,1,5,False,10,10
1186,21,unweighted_fl,10,0.0995222929936305,0,5,None,66,1,5,False,10,10
1187,22,unweighted_fl,10,0.0995222929936305,0,5,None,66,1,5,False,10,10
1188,23,unweighted_fl,10,0.0995222929936305,0,5,None,66,1,5,False,10,10
1189,24,unweighted_fl,10,0.0995222929936305,0,5,None,66,1,5,False,10,10
1190,20,unweighted_fl,10,0.0995222929936305,0,7,None,66,1,5,False,10,10
1191,21,unweighted_fl,10,0.0995222929936305,0,7,None,66,1,5,False,10,10
1192,22,unweighted_fl,10,0.0995222929936305,0,7,None,66,1,5,False,10,10
1193,23,unweighted_fl,10,0.0995222929936305,0,7,None,66,1,5,False,10,10
1194,24,unweighted_fl,10,0.0995222929936305,0,7,None,66,1,5,False,10,10
1195,20,unweighted_fl,10,0.0995222929936305,0,9,None,66,1,5,False,10,10
1196,21,unweighted_fl,10,0.1553542993630573,0,9,None,66,1,5,False,10,10
1197,22,unweighted_fl,10,0.0995222929936305,0,9,None,66,1,5,False,10,10
1198,23,unweighted_fl,10,0.0995222929936305,0,9,None,66,1,5,False,10,10
1199,24,unweighted_fl,10,0.0995222929936305,0,9,None,66,1,5,False,10,10
1200,20,unweighted_fl,10,0.0995222929936305,0,8,None,66,1,5,False,10,10
1201,21,unweighted_fl,10,0.0995222929936305,0,8,None,66,1,5,False,10,10
1202,22,unweighted_fl,10,0.0995222929936305,0,8,None,66,1,5,False,10,10
1203,23,unweighted_fl,10,0.0995222929936305,0,8,None,66,1,5,False,10,10
1204,24,unweighted_fl,10,0.0995222929936305,0,8,None,66,1,5,False,10,10
1205,20,unweighted_fl,10,0.0995222929936305,0,10,None,66,1,5,False,10,10
1206,21,unweighted_fl,10,0.0995222929936305,0,10,None,66,1,5,False,10,10
1207,22,unweighted_fl,10,0.0995222929936305,0,10,None,66,1,5,False,10,10
1208,23,unweighted_fl,10,0.0995222929936305,0,10,None,66,1,5,False,10,10
1209,24,unweighted_fl,10,0.0995222929936305,0,10,None,66,1,5,False,10,10
1210,20,unweighted_fl,10,0.0995222929936305,0,11,None,66,1,5,False,10,10
1211,21,unweighted_fl,10,0.0995222929936305,0,11,None,66,1,5,False,10,10
1212,22,unweighted_fl,10,0.0995222929936305,0,11,None,66,1,5,False,10,10
1213,23,unweighted_fl,10,0.0995222929936305,0,11,None,66,1,5,False,10,10
1214,24,unweighted_fl,10,0.0995222929936305,0,11,None,66,1,5,False,10,10
1215,20,unweighted_fl,10,0.0995222929936305,0,12,None,66,1,5,False,10,10
1216,21,unweighted_fl,10,0.0995222929936305,0,12,None,66,1,5,False,10,10
1217,22,unweighted_fl,10,0.0995222929936305,0,12,None,66,1,5,False,10,10
1218,23,unweighted_fl,10,0.0995222929936305,0,12,None,66,1,5,False,10,10
1219,24,unweighted_fl,10,0.0995222929936305,0,12,None,66,1,5,False,10,10
1220,20,unweighted_fl,10,0.0995222929936305,0,14,None,66,1,5,False,10,10
1221,21,unweighted_fl,10,0.0995222929936305,0,14,None,66,1,5,False,10,10
1222,22,unweighted_fl,10,0.0995222929936305,0,14,None,66,1,5,False,10,10
1223,23,unweighted_fl,10,0.0995222929936305,0,14,None,66,1,5,False,10,10
1224,24,unweighted_fl,10,0.0995222929936305,0,14,None,66,1,5,False,10,10
1225,20,unweighted_fl,10,0.0995222929936305,0,13,None,66,1,5,False,10,10
1226,21,unweighted_fl,10,0.0995222929936305,0,13,None,66,1,5,False,10,10
1227,22,unweighted_fl,10,0.0995222929936305,0,13,None,66,1,5,False,10,10
1228,23,unweighted_fl,10,0.0995222929936305,0,13,None,66,1,5,False,10,10
1229,24,unweighted_fl,10,0.0995222929936305,0,13,None,66,1,5,False,10,10
1230,20,unweighted_fl,10,0.0995222929936305,0,15,None,66,1,5,False,10,10
1231,21,unweighted_fl,10,0.0995222929936305,0,15,None,66,1,5,False,10,10
1232,22,unweighted_fl,10,0.0995222929936305,0,15,None,66,1,5,False,10,10
1233,23,unweighted_fl,10,0.0995222929936305,0,15,None,66,1,5,False,10,10
1234,24,unweighted_fl,10,0.0995222929936305,0,15,None,66,1,5,False,10,10
1235,20,unweighted_fl,10,0.0995222929936305,0,16,None,66,1,5,False,10,10
1236,21,unweighted_fl,10,0.0995222929936305,0,16,None,66,1,5,False,10,10
1237,22,unweighted_fl,10,0.0995222929936305,0,16,None,66,1,5,False,10,10
1238,23,unweighted_fl,10,0.0995222929936305,0,16,None,66,1,5,False,10,10
1239,24,unweighted_fl,10,0.0995222929936305,0,16,None,66,1,5,False,10,10
1240,20,unweighted_fl,10,0.0995222929936305,0,17,None,66,1,5,False,10,10
1241,21,unweighted_fl,10,0.0995222929936305,0,17,None,66,1,5,False,10,10
1242,22,unweighted_fl,10,0.0995222929936305,0,17,None,66,1,5,False,10,10
1243,23,unweighted_fl,10,0.0995222929936305,0,17,None,66,1,5,False,10,10
1244,24,unweighted_fl,10,0.0995222929936305,0,17,None,66,1,5,False,10,10
1245,20,unweighted_fl,10,0.0995222929936305,0,19,None,66,1,5,False,10,10
1246,21,unweighted_fl,10,0.0995222929936305,0,19,None,66,1,5,False,10,10
1247,22,unweighted_fl,10,0.0995222929936305,0,19,None,66,1,5,False,10,10
1248,23,unweighted_fl,10,0.0995222929936305,0,19,None,66,1,5,False,10,10
1249,24,unweighted_fl,10,0.1681926751592356,0,19,None,66,1,5,False,10,10
1250,20,unweighted_fl,10,0.0995222929936305,0,20,None,66,1,5,False,10,10
1251,21,unweighted_fl,10,0.0995222929936305,0,20,None,66,1,5,False,10,10
1252,22,unweighted_fl,10,0.0995222929936305,0,20,None,66,1,5,False,10,10
1253,23,unweighted_fl,10,0.0995222929936305,0,20,None,66,1,5,False,10,10
1254,24,unweighted_fl,10,0.0995222929936305,0,20,None,66,1,5,False,10,10
1255,20,unweighted_fl,10,0.0995222929936305,0,18,None,66,1,5,False,10,10
1256,21,unweighted_fl,10,0.0995222929936305,0,18,None,66,1,5,False,10,10
1257,22,unweighted_fl,10,0.0995222929936305,0,18,None,66,1,5,False,10,10
1258,23,unweighted_fl,10,0.0995222929936305,0,18,None,66,1,5,False,10,10
1259,24,unweighted_fl,10,0.0995222929936305,0,18,None,66,1,5,False,10,10
1260,20,unweighted_fl,10,0.0995222929936305,0,21,None,66,1,5,False,10,10
1261,21,unweighted_fl,10,0.0995222929936305,0,21,None,66,1,5,False,10,10
1262,22,unweighted_fl,10,0.0995222929936305,0,21,None,66,1,5,False,10,10
1263,23,unweighted_fl,10,0.0995222929936305,0,21,None,66,1,5,False,10,10
1264,24,unweighted_fl,10,0.0995222929936305,0,21,None,66,1,5,False,10,10
1265,20,unweighted_fl,10,0.1602308917197452,0,22,None,66,1,5,False,10,10
1266,21,unweighted_fl,10,0.0995222929936305,0,22,None,66,1,5,False,10,10
1267,22,unweighted_fl,10,0.0995222929936305,0,22,None,66,1,5,False,10,10
1268,23,unweighted_fl,10,0.0995222929936305,0,22,None,66,1,5,False,10,10
1269,24,unweighted_fl,10,0.0995222929936305,0,22,None,66,1,5,False,10,10
1270,20,unweighted_fl,10,0.0995222929936305,0,23,None,66,1,5,False,10,10
1271,21,unweighted_fl,10,0.0995222929936305,0,23,None,66,1,5,False,10,10
1272,22,unweighted_fl,10,0.0995222929936305,0,23,None,66,1,5,False,10,10
1273,23,unweighted_fl,10,0.0995222929936305,0,23,None,66,1,5,False,10,10
1274,24,unweighted_fl,10,0.0995222929936305,0,23,None,66,1,5,False,10,10
1275,20,unweighted_fl,10,0.0995222929936305,0,24,None,66,1,5,False,10,10
1276,21,unweighted_fl,10,0.0995222929936305,0,24,None,66,1,5,False,10,10
1277,22,unweighted_fl,10,0.0995222929936305,0,24,None,66,1,5,False,10,10
1278,23,unweighted_fl,10,0.0995222929936305,0,24,None,66,1,5,False,10,10
1279,24,unweighted_fl,10,0.0995222929936305,0,24,None,66,1,5,False,10,10
1280,20,unweighted_fl,10,0.0995222929936305,0,25,None,66,1,5,False,10,10
1281,21,unweighted_fl,10,0.0995222929936305,0,25,None,66,1,5,False,10,10
1282,22,unweighted_fl,10,0.0995222929936305,0,25,None,66,1,5,False,10,10
1283,23,unweighted_fl,10,0.0995222929936305,0,25,None,66,1,5,False,10,10
1284,24,unweighted_fl,10,0.0995222929936305,0,25,None,66,1,5,False,10,10
1285,20,unweighted_fl,10,0.1017117834394904,0,27,None,66,1,5,False,10,10
1286,21,unweighted_fl,10,0.0995222929936305,0,27,None,66,1,5,False,10,10
1287,22,unweighted_fl,10,0.0995222929936305,0,27,None,66,1,5,False,10,10
1288,23,unweighted_fl,10,0.0995222929936305,0,27,None,66,1,5,False,10,10
1289,24,unweighted_fl,10,0.0995222929936305,0,27,None,66,1,5,False,10,10
1290,20,unweighted_fl,10,0.0995222929936305,0,26,None,66,1,5,False,10,10
1291,21,unweighted_fl,10,0.0995222929936305,0,26,None,66,1,5,False,10,10
1292,22,unweighted_fl,10,0.0995222929936305,0,26,None,66,1,5,False,10,10
1293,23,unweighted_fl,10,0.0995222929936305,0,26,None,66,1,5,False,10,10
1294,24,unweighted_fl,10,0.0995222929936305,0,26,None,66,1,5,False,10,10
1295,20,unweighted_fl,10,0.0995222929936305,0,28,None,66,1,5,False,10,10
1296,21,unweighted_fl,10,0.0995222929936305,0,28,None,66,1,5,False,10,10
1297,22,unweighted_fl,10,0.0995222929936305,0,28,None,66,1,5,False,10,10
1298,23,unweighted_fl,10,0.0995222929936305,0,28,None,66,1,5,False,10,10
1299,24,unweighted_fl,10,0.0995222929936305,0,28,None,66,1,5,False,10,10
1300,20,unweighted_fl,10,0.0995222929936305,0,30,None,66,1,5,False,10,10
1301,21,unweighted_fl,10,0.0995222929936305,0,30,None,66,1,5,False,10,10
1302,22,unweighted_fl,10,0.0995222929936305,0,30,None,66,1,5,False,10,10
1303,23,unweighted_fl,10,0.0995222929936305,0,30,None,66,1,5,False,10,10
1304,24,unweighted_fl,10,0.0995222929936305,0,30,None,66,1,5,False,10,10
1305,20,unweighted_fl,10,0.0995222929936305,0,29,None,66,1,5,False,10,10
1306,21,unweighted_fl,10,0.0995222929936305,0,29,None,66,1,5,False,10,10
1307,22,unweighted_fl,10,0.0995222929936305,0,29,None,66,1,5,False,10,10
1308,23,unweighted_fl,10,0.0995222929936305,0,29,None,66,1,5,False,10,10
1309,24,unweighted_fl,10,0.0995222929936305,0,29,None,66,1,5,False,10,10
1310,20,unweighted_fl,10,0.0995222929936305,0,32,None,66,1,5,False,10,10
1311,21,unweighted_fl,10,0.0995222929936305,0,32,None,66,1,5,False,10,10
1312,22,unweighted_fl,10,0.0995222929936305,0,32,None,66,1,5,False,10,10
1313,23,unweighted_fl,10,0.0995222929936305,0,32,None,66,1,5,False,10,10
1314,24,unweighted_fl,10,0.0995222929936305,0,32,None,66,1,5,False,10,10
1315,20,unweighted_fl,10,0.0995222929936305,0,31,None,66,1,5,False,10,10
1316,21,unweighted_fl,10,0.0995222929936305,0,31,None,66,1,5,False,10,10
1317,22,unweighted_fl,10,0.0995222929936305,0,31,None,66,1,5,False,10,10
1318,23,unweighted_fl,10,0.0995222929936305,0,31,None,66,1,5,False,10,10
1319,24,unweighted_fl,10,0.0995222929936305,0,31,None,66,1,5,False,10,10
2145,25,unweighted_fl,10,0.0995222929936305,0,1,None,66,1,5,False,10,10
2146,26,unweighted_fl,10,0.0995222929936305,0,1,None,66,1,5,False,10,10
2147,27,unweighted_fl,10,0.0995222929936305,0,1,None,66,1,5,False,10,10
2148,28,unweighted_fl,10,0.0995222929936305,0,1,None,66,1,5,False,10,10
2149,29,unweighted_fl,10,0.0995222929936305,0,1,None,66,1,5,False,10,10
2150,25,unweighted_fl,10,0.0995222929936305,0,0,None,66,1,5,False,10,10
2151,26,unweighted_fl,10,0.0995222929936305,0,0,None,66,1,5,False,10,10
2152,27,unweighted_fl,10,0.0995222929936305,0,0,None,66,1,5,False,10,10
2153,28,unweighted_fl,10,0.0995222929936305,0,0,None,66,1,5,False,10,10
2154,29,unweighted_fl,10,0.0995222929936305,0,0,None,66,1,5,False,10,10
2155,25,unweighted_fl,10,0.0995222929936305,0,2,None,66,1,5,False,10,10
2156,26,unweighted_fl,10,0.0995222929936305,0,2,None,66,1,5,False,10,10
2157,27,unweighted_fl,10,0.0995222929936305,0,2,None,66,1,5,False,10,10
2158,28,unweighted_fl,10,0.0995222929936305,0,2,None,66,1,5,False,10,10
2159,29,unweighted_fl,10,0.0995222929936305,0,2,None,66,1,5,False,10,10
2160,25,unweighted_fl,10,0.0995222929936305,0,4,None,66,1,5,False,10,10
2161,26,unweighted_fl,10,0.0995222929936305,0,4,None,66,1,5,False,10,10
2162,27,unweighted_fl,10,0.0995222929936305,0,4,None,66,1,5,False,10,10
2163,28,unweighted_fl,10,0.0995222929936305,0,4,None,66,1,5,False,10,10
2164,29,unweighted_fl,10,0.0995222929936305,0,4,None,66,1,5,False,10,10
2165,25,unweighted_fl,10,0.0995222929936305,0,3,None,66,1,5,False,10,10
2166,26,unweighted_fl,10,0.0995222929936305,0,3,None,66,1,5,False,10,10
2167,27,unweighted_fl,10,0.0995222929936305,0,3,None,66,1,5,False,10,10
2168,28,unweighted_fl,10,0.0995222929936305,0,3,None,66,1,5,False,10,10
2169,29,unweighted_fl,10,0.0995222929936305,0,3,None,66,1,5,False,10,10
2170,25,unweighted_fl,10,0.0995222929936305,0,5,None,66,1,5,False,10,10
2171,26,unweighted_fl,10,0.0995222929936305,0,5,None,66,1,5,False,10,10
2172,27,unweighted_fl,10,0.0995222929936305,0,5,None,66,1,5,False,10,10
2173,28,unweighted_fl,10,0.0995222929936305,0,5,None,66,1,5,False,10,10
2174,29,unweighted_fl,10,0.0995222929936305,0,5,None,66,1,5,False,10,10
2175,25,unweighted_fl,10,0.0995222929936305,0,7,None,66,1,5,False,10,10
2176,26,unweighted_fl,10,0.0995222929936305,0,7,None,66,1,5,False,10,10
2177,27,unweighted_fl,10,0.0995222929936305,0,7,None,66,1,5,False,10,10
2178,28,unweighted_fl,10,0.0995222929936305,0,7,None,66,1,5,False,10,10
2179,29,unweighted_fl,10,0.0995222929936305,0,7,None,66,1,5,False,10,10
2180,25,unweighted_fl,10,0.0995222929936305,0,6,None,66,1,5,False,10,10
2181,26,unweighted_fl,10,0.0995222929936305,0,6,None,66,1,5,False,10,10
2182,27,unweighted_fl,10,0.0995222929936305,0,6,None,66,1,5,False,10,10
2183,28,unweighted_fl,10,0.0995222929936305,0,6,None,66,1,5,False,10,10
2184,29,unweighted_fl,10,0.0995222929936305,0,6,None,66,1,5,False,10,10
2185,25,unweighted_fl,10,0.0995222929936305,0,8,None,66,1,5,False,10,10
2186,26,unweighted_fl,10,0.0995222929936305,0,8,None,66,1,5,False,10,10
2187,27,unweighted_fl,10,0.0995222929936305,0,8,None,66,1,5,False,10,10
2188,28,unweighted_fl,10,0.0995222929936305,0,8,None,66,1,5,False,10,10
2189,29,unweighted_fl,10,0.0995222929936305,0,8,None,66,1,5,False,10,10
2190,25,unweighted_fl,10,0.0995222929936305,0,9,None,66,1,5,False,10,10
2191,26,unweighted_fl,10,0.0995222929936305,0,9,None,66,1,5,False,10,10
2192,27,unweighted_fl,10,0.0995222929936305,0,9,None,66,1,5,False,10,10
2193,28,unweighted_fl,10,0.0995222929936305,0,9,None,66,1,5,False,10,10
2194,29,unweighted_fl,10,0.0995222929936305,0,9,None,66,1,5,False,10,10
2195,25,unweighted_fl,10,0.0995222929936305,0,11,None,66,1,5,False,10,10
2196,26,unweighted_fl,10,0.0995222929936305,0,11,None,66,1,5,False,10,10
2197,27,unweighted_fl,10,0.0995222929936305,0,11,None,66,1,5,False,10,10
2198,28,unweighted_fl,10,0.0995222929936305,0,11,None,66,1,5,False,10,10
2199,29,unweighted_fl,10,0.0995222929936305,0,11,None,66,1,5,False,10,10
2200,25,unweighted_fl,10,0.1710788216560509,0,10,None,66,1,5,False,10,10
2201,26,unweighted_fl,10,0.0995222929936305,0,10,None,66,1,5,False,10,10
2202,27,unweighted_fl,10,0.0995222929936305,0,10,None,66,1,5,False,10,10
2203,28,unweighted_fl,10,0.0995222929936305,0,10,None,66,1,5,False,10,10
2204,29,unweighted_fl,10,0.0995222929936305,0,10,None,66,1,5,False,10,10
2205,25,unweighted_fl,10,0.0995222929936305,0,12,None,66,1,5,False,10,10
2206,26,unweighted_fl,10,0.0995222929936305,0,12,None,66,1,5,False,10,10
2207,27,unweighted_fl,10,0.0995222929936305,0,12,None,66,1,5,False,10,10
2208,28,unweighted_fl,10,0.0995222929936305,0,12,None,66,1,5,False,10,10
2209,29,unweighted_fl,10,0.0995222929936305,0,12,None,66,1,5,False,10,10
2210,25,unweighted_fl,10,0.0995222929936305,0,13,None,66,1,5,False,10,10
2211,26,unweighted_fl,10,0.0995222929936305,0,13,None,66,1,5,False,10,10
2212,27,unweighted_fl,10,0.0995222929936305,0,13,None,66,1,5,False,10,10
2213,28,unweighted_fl,10,0.0995222929936305,0,13,None,66,1,5,False,10,10
2214,29,unweighted_fl,10,0.0995222929936305,0,13,None,66,1,5,False,10,10
2215,25,unweighted_fl,10,0.0995222929936305,0,15,None,66,1,5,False,10,10
2216,26,unweighted_fl,10,0.0995222929936305,0,15,None,66,1,5,False,10,10
2217,27,unweighted_fl,10,0.0995222929936305,0,15,None,66,1,5,False,10,10
2218,28,unweighted_fl,10,0.0995222929936305,0,15,None,66,1,5,False,10,10
2219,29,unweighted_fl,10,0.0995222929936305,0,15,None,66,1,5,False,10,10
2220,25,unweighted_fl,10,0.0995222929936305,0,16,None,66,1,5,False,10,10
2221,26,unweighted_fl,10,0.0995222929936305,0,16,None,66,1,5,False,10,10
2222,27,unweighted_fl,10,0.0995222929936305,0,16,None,66,1,5,False,10,10
2223,28,unweighted_fl,10,0.0995222929936305,0,16,None,66,1,5,False,10,10
2224,29,unweighted_fl,10,0.0995222929936305,0,16,None,66,1,5,False,10,10
2225,25,unweighted_fl,10,0.0995222929936305,0,14,None,66,1,5,False,10,10
2226,26,unweighted_fl,10,0.0995222929936305,0,14,None,66,1,5,False,10,10
2227,27,unweighted_fl,10,0.0995222929936305,0,14,None,66,1,5,False,10,10
2228,28,unweighted_fl,10,0.0995222929936305,0,14,None,66,1,5,False,10,10
2229,29,unweighted_fl,10,0.0995222929936305,0,14,None,66,1,5,False,10,10
2230,25,unweighted_fl,10,0.0995222929936305,0,18,None,66,1,5,False,10,10
2231,26,unweighted_fl,10,0.0995222929936305,0,18,None,66,1,5,False,10,10
2232,27,unweighted_fl,10,0.0995222929936305,0,18,None,66,1,5,False,10,10
2233,28,unweighted_fl,10,0.0995222929936305,0,18,None,66,1,5,False,10,10
2234,29,unweighted_fl,10,0.0995222929936305,0,18,None,66,1,5,False,10,10
2235,25,unweighted_fl,10,0.0995222929936305,0,17,None,66,1,5,False,10,10
2236,26,unweighted_fl,10,0.0995222929936305,0,17,None,66,1,5,False,10,10
2237,27,unweighted_fl,10,0.0995222929936305,0,17,None,66,1,5,False,10,10
2238,28,unweighted_fl,10,0.0995222929936305,0,17,None,66,1,5,False,10,10
2239,29,unweighted_fl,10,0.0995222929936305,0,17,None,66,1,5,False,10,10
2240,25,unweighted_fl,10,0.0995222929936305,0,19,None,66,1,5,False,10,10
2241,26,unweighted_fl,10,0.0995222929936305,0,19,None,66,1,5,False,10,10
2242,27,unweighted_fl,10,0.0995222929936305,0,19,None,66,1,5,False,10,10
2243,28,unweighted_fl,10,0.0995222929936305,0,19,None,66,1,5,False,10,10
2244,29,unweighted_fl,10,0.0995222929936305,0,19,None,66,1,5,False,10,10
2245,25,unweighted_fl,10,0.0995222929936305,0,20,None,66,1,5,False,10,10
2246,26,unweighted_fl,10,0.0995222929936305,0,20,None,66,1,5,False,10,10
2247,27,unweighted_fl,10,0.0995222929936305,0,20,None,66,1,5,False,10,10
2248,28,unweighted_fl,10,0.0995222929936305,0,20,None,66,1,5,False,10,10
2249,29,unweighted_fl,10,0.0995222929936305,0,20,None,66,1,5,False,10,10
2250,25,unweighted_fl,10,0.0995222929936305,0,21,None,66,1,5,False,10,10
2251,26,unweighted_fl,10,0.0995222929936305,0,21,None,66,1,5,False,10,10
2252,27,unweighted_fl,10,0.0995222929936305,0,21,None,66,1,5,False,10,10
2253,28,unweighted_fl,10,0.0995222929936305,0,21,None,66,1,5,False,10,10
2254,29,unweighted_fl,10,0.0995222929936305,0,21,None,66,1,5,False,10,10
2255,25,unweighted_fl,10,0.0995222929936305,0,22,None,66,1,5,False,10,10
2256,26,unweighted_fl,10,0.0995222929936305,0,22,None,66,1,5,False,10,10
2257,27,unweighted_fl,10,0.0996218152866242,0,22,None,66,1,5,False,10,10
2258,28,unweighted_fl,10,0.0995222929936305,0,22,None,66,1,5,False,10,10
2259,29,unweighted_fl,10,0.1504777070063694,0,22,None,66,1,5,False,10,10
2260,25,unweighted_fl,10,0.0995222929936305,0,24,None,66,1,5,False,10,10
2261,26,unweighted_fl,10,0.0995222929936305,0,24,None,66,1,5,False,10,10
2262,27,unweighted_fl,10,0.0995222929936305,0,24,None,66,1,5,False,10,10
2263,28,unweighted_fl,10,0.0995222929936305,0,24,None,66,1,5,False,10,10
2264,29,unweighted_fl,10,0.0995222929936305,0,24,None,66,1,5,False,10,10
2265,25,unweighted_fl,10,0.0995222929936305,0,23,None,66,1,5,False,10,10
2266,26,unweighted_fl,10,0.0995222929936305,0,23,None,66,1,5,False,10,10
2267,27,unweighted_fl,10,0.0995222929936305,0,23,None,66,1,5,False,10,10
2268,28,unweighted_fl,10,0.0995222929936305,0,23,None,66,1,5,False,10,10
2269,29,unweighted_fl,10,0.0995222929936305,0,23,None,66,1,5,False,10,10
2270,25,unweighted_fl,10,0.0995222929936305,0,25,None,66,1,5,False,10,10
2271,26,unweighted_fl,10,0.0995222929936305,0,25,None,66,1,5,False,10,10
2272,27,unweighted_fl,10,0.0995222929936305,0,25,None,66,1,5,False,10,10
2273,28,unweighted_fl,10,0.0995222929936305,0,25,None,66,1,5,False,10,10
2274,29,unweighted_fl,10,0.0995222929936305,0,25,None,66,1,5,False,10,10
2275,25,unweighted_fl,10,0.0995222929936305,0,27,None,66,1,5,False,10,10
2276,26,unweighted_fl,10,0.0995222929936305,0,27,None,66,1,5,False,10,10
2277,27,unweighted_fl,10,0.0995222929936305,0,27,None,66,1,5,False,10,10
2278,28,unweighted_fl,10,0.0995222929936305,0,27,None,66,1,5,False,10,10
2279,29,unweighted_fl,10,0.0995222929936305,0,27,None,66,1,5,False,10,10
2280,25,unweighted_fl,10,0.0995222929936305,0,26,None,66,1,5,False,10,10
2281,26,unweighted_fl,10,0.0995222929936305,0,26,None,66,1,5,False,10,10
2282,27,unweighted_fl,10,0.0995222929936305,0,26,None,66,1,5,False,10,10
2283,28,unweighted_fl,10,0.0995222929936305,0,26,None,66,1,5,False,10,10
2284,29,unweighted_fl,10,0.0995222929936305,0,26,None,66,1,5,False,10,10
2285,25,unweighted_fl,10,0.0995222929936305,0,28,None,66,1,5,False,10,10
2286,26,unweighted_fl,10,0.0995222929936305,0,28,None,66,1,5,False,10,10
2287,27,unweighted_fl,10,0.0995222929936305,0,28,None,66,1,5,False,10,10
2288,28,unweighted_fl,10,0.0995222929936305,0,28,None,66,1,5,False,10,10
2289,29,unweighted_fl,10,0.0995222929936305,0,28,None,66,1,5,False,10,10
2290,25,unweighted_fl,10,0.0995222929936305,0,30,None,66,1,5,False,10,10
2291,26,unweighted_fl,10,0.0995222929936305,0,30,None,66,1,5,False,10,10
2292,27,unweighted_fl,10,0.0995222929936305,0,30,None,66,1,5,False,10,10
2293,28,unweighted_fl,10,0.0995222929936305,0,30,None,66,1,5,False,10,10
2294,29,unweighted_fl,10,0.0995222929936305,0,30,None,66,1,5,False,10,10
2295,25,unweighted_fl,10,0.0995222929936305,0,29,None,66,1,5,False,10,10
2296,26,unweighted_fl,10,0.0995222929936305,0,29,None,66,1,5,False,10,10
2297,27,unweighted_fl,10,0.0995222929936305,0,29,None,66,1,5,False,10,10
2298,28,unweighted_fl,10,0.0995222929936305,0,29,None,66,1,5,False,10,10
2299,29,unweighted_fl,10,0.0995222929936305,0,29,None,66,1,5,False,10,10
2300,25,unweighted_fl,10,0.0995222929936305,0,31,None,66,1,5,False,10,10
2301,26,unweighted_fl,10,0.0995222929936305,0,31,None,66,1,5,False,10,10
2302,27,unweighted_fl,10,0.0995222929936305,0,31,None,66,1,5,False,10,10
2303,28,unweighted_fl,10,0.0995222929936305,0,31,None,66,1,5,False,10,10
2304,29,unweighted_fl,10,0.0995222929936305,0,31,None,66,1,5,False,10,10
2305,25,unweighted_fl,10,0.0995222929936305,0,32,None,66,1,5,False,10,10
2306,26,unweighted_fl,10,0.0995222929936305,0,32,None,66,1,5,False,10,10
2307,27,unweighted_fl,10,0.0995222929936305,0,32,None,66,1,5,False,10,10
2308,28,unweighted_fl,10,0.0995222929936305,0,32,None,66,1,5,False,10,10
2309,29,unweighted_fl,10,0.0995222929936305,0,32,None,66,1,5,False,10,10
2310,30,unweighted_fl,10,0.0995222929936305,0,1,None,66,1,5,False,10,10
2311,31,unweighted_fl,10,0.0995222929936305,0,1,None,66,1,5,False,10,10
2312,32,unweighted_fl,10,0.0995222929936305,0,1,None,66,1,5,False,10,10
2313,33,unweighted_fl,10,0.0995222929936305,0,1,None,66,1,5,False,10,10
2314,34,unweighted_fl,10,0.0995222929936305,0,1,None,66,1,5,False,10,10
2315,30,unweighted_fl,10,0.0995222929936305,0,0,None,66,1,5,False,10,10
2316,31,unweighted_fl,10,0.0995222929936305,0,0,None,66,1,5,False,10,10
2317,32,unweighted_fl,10,0.0995222929936305,0,0,None,66,1,5,False,10,10
2318,33,unweighted_fl,10,0.0995222929936305,0,0,None,66,1,5,False,10,10
2319,34,unweighted_fl,10,0.0995222929936305,0,0,None,66,1,5,False,10,10
2320,30,unweighted_fl,10,0.0995222929936305,0,3,None,66,1,5,False,10,10
2321,31,unweighted_fl,10,0.0995222929936305,0,3,None,66,1,5,False,10,10
2322,32,unweighted_fl,10,0.0995222929936305,0,3,None,66,1,5,False,10,10
2323,33,unweighted_fl,10,0.0995222929936305,0,3,None,66,1,5,False,10,10
2324,34,unweighted_fl,10,0.0995222929936305,0,3,None,66,1,5,False,10,10
2325,30,unweighted_fl,10,0.0995222929936305,0,4,None,66,1,5,False,10,10
2326,31,unweighted_fl,10,0.0995222929936305,0,4,None,66,1,5,False,10,10
2327,32,unweighted_fl,10,0.0995222929936305,0,4,None,66,1,5,False,10,10
2328,33,unweighted_fl,10,0.0995222929936305,0,4,None,66,1,5,False,10,10
2329,34,unweighted_fl,10,0.0995222929936305,0,4,None,66,1,5,False,10,10
2330,30,unweighted_fl,10,0.0995222929936305,0,2,None,66,1,5,False,10,10
2331,31,unweighted_fl,10,0.0995222929936305,0,2,None,66,1,5,False,10,10
2332,32,unweighted_fl,10,0.0995222929936305,0,2,None,66,1,5,False,10,10
2333,33,unweighted_fl,10,0.0995222929936305,0,2,None,66,1,5,False,10,10
2334,34,unweighted_fl,10,0.0995222929936305,0,2,None,66,1,5,False,10,10
2335,30,unweighted_fl,10,0.0995222929936305,0,5,None,66,1,5,False,10,10
2336,31,unweighted_fl,10,0.0995222929936305,0,5,None,66,1,5,False,10,10
2337,32,unweighted_fl,10,0.0995222929936305,0,5,None,66,1,5,False,10,10
2338,33,unweighted_fl,10,0.0995222929936305,0,5,None,66,1,5,False,10,10
2339,34,unweighted_fl,10,0.0995222929936305,0,5,None,66,1,5,False,10,10
2340,30,unweighted_fl,10,0.0995222929936305,0,7,None,66,1,5,False,10,10
2341,31,unweighted_fl,10,0.0995222929936305,0,7,None,66,1,5,False,10,10
2342,32,unweighted_fl,10,0.0995222929936305,0,7,None,66,1,5,False,10,10
2343,33,unweighted_fl,10,0.0995222929936305,0,7,None,66,1,5,False,10,10
2344,34,unweighted_fl,10,0.0995222929936305,0,7,None,66,1,5,False,10,10
2345,30,unweighted_fl,10,0.0995222929936305,0,8,None,66,1,5,False,10,10
2346,31,unweighted_fl,10,0.0995222929936305,0,8,None,66,1,5,False,10,10
2347,32,unweighted_fl,10,0.0995222929936305,0,8,None,66,1,5,False,10,10
2348,33,unweighted_fl,10,0.0995222929936305,0,8,None,66,1,5,False,10,10
2349,34,unweighted_fl,10,0.0995222929936305,0,8,None,66,1,5,False,10,10
2350,30,unweighted_fl,10,0.0995222929936305,0,6,None,66,1,5,False,10,10
2351,31,unweighted_fl,10,0.0995222929936305,0,6,None,66,1,5,False,10,10
2352,32,unweighted_fl,10,0.0995222929936305,0,6,None,66,1,5,False,10,10
2353,33,unweighted_fl,10,0.0995222929936305,0,6,None,66,1,5,False,10,10
2354,34,unweighted_fl,10,0.0995222929936305,0,6,None,66,1,5,False,10,10
2355,30,unweighted_fl,10,0.0995222929936305,0,10,None,66,1,5,False,10,10
2356,31,unweighted_fl,10,0.0995222929936305,0,10,None,66,1,5,False,10,10
2357,32,unweighted_fl,10,0.0995222929936305,0,10,None,66,1,5,False,10,10
2358,33,unweighted_fl,10,0.0995222929936305,0,10,None,66,1,5,False,10,10
2359,34,unweighted_fl,10,0.0995222929936305,0,10,None,66,1,5,False,10,10
2360,30,unweighted_fl,10,0.0995222929936305,0,9,None,66,1,5,False,10,10
2361,31,unweighted_fl,10,0.0995222929936305,0,9,None,66,1,5,False,10,10
2362,32,unweighted_fl,10,0.0995222929936305,0,9,None,66,1,5,False,10,10
2363,33,unweighted_fl,10,0.0995222929936305,0,9,None,66,1,5,False,10,10
2364,34,unweighted_fl,10,0.0995222929936305,0,9,None,66,1,5,False,10,10
2365,30,unweighted_fl,10,0.0995222929936305,0,11,None,66,1,5,False,10,10
2366,31,unweighted_fl,10,0.0995222929936305,0,11,None,66,1,5,False,10,10
2367,32,unweighted_fl,10,0.0995222929936305,0,11,None,66,1,5,False,10,10
2368,33,unweighted_fl,10,0.0995222929936305,0,11,None,66,1,5,False,10,10
2369,34,unweighted_fl,10,0.0995222929936305,0,11,None,66,1,5,False,10,10
2370,30,unweighted_fl,10,0.0995222929936305,0,12,None,66,1,5,False,10,10
2371,31,unweighted_fl,10,0.0995222929936305,0,12,None,66,1,5,False,10,10
2372,32,unweighted_fl,10,0.0995222929936305,0,12,None,66,1,5,False,10,10
2373,33,unweighted_fl,10,0.0995222929936305,0,12,None,66,1,5,False,10,10
2374,34,unweighted_fl,10,0.0995222929936305,0,12,None,66,1,5,False,10,10
2375,30,unweighted_fl,10,0.1488853503184713,0,13,None,66,1,5,False,10,10
2376,31,unweighted_fl,10,0.1599323248407643,0,13,None,66,1,5,False,10,10
2377,32,unweighted_fl,10,0.0995222929936305,0,13,None,66,1,5,False,10,10
2378,33,unweighted_fl,10,0.0995222929936305,0,13,None,66,1,5,False,10,10
2379,34,unweighted_fl,10,0.0995222929936305,0,13,None,66,1,5,False,10,10
2380,30,unweighted_fl,10,0.0995222929936305,0,15,None,66,1,5,False,10,10
2381,31,unweighted_fl,10,0.0995222929936305,0,15,None,66,1,5,False,10,10
2382,32,unweighted_fl,10,0.0995222929936305,0,15,None,66,1,5,False,10,10
2383,33,unweighted_fl,10,0.0995222929936305,0,15,None,66,1,5,False,10,10
2384,34,unweighted_fl,10,0.0995222929936305,0,15,None,66,1,5,False,10,10
2385,30,unweighted_fl,10,0.0995222929936305,0,16,None,66,1,5,False,10,10
2386,31,unweighted_fl,10,0.0995222929936305,0,16,None,66,1,5,False,10,10
2387,32,unweighted_fl,10,0.0995222929936305,0,16,None,66,1,5,False,10,10
2388,33,unweighted_fl,10,0.0995222929936305,0,16,None,66,1,5,False,10,10
2389,34,unweighted_fl,10,0.0995222929936305,0,16,None,66,1,5,False,10,10
2390,30,unweighted_fl,10,0.0995222929936305,0,14,None,66,1,5,False,10,10
2391,31,unweighted_fl,10,0.0995222929936305,0,14,None,66,1,5,False,10,10
2392,32,unweighted_fl,10,0.0995222929936305,0,14,None,66,1,5,False,10,10
2393,33,unweighted_fl,10,0.0995222929936305,0,14,None,66,1,5,False,10,10
2394,34,unweighted_fl,10,0.0995222929936305,0,14,None,66,1,5,False,10,10
2395,30,unweighted_fl,10,0.0995222929936305,0,18,None,66,1,5,False,10,10
2396,31,unweighted_fl,10,0.0995222929936305,0,18,None,66,1,5,False,10,10
2397,32,unweighted_fl,10,0.0995222929936305,0,18,None,66,1,5,False,10,10
2398,33,unweighted_fl,10,0.0995222929936305,0,18,None,66,1,5,False,10,10
2399,34,unweighted_fl,10,0.0995222929936305,0,18,None,66,1,5,False,10,10
2400,30,unweighted_fl,10,0.0995222929936305,0,17,None,66,1,5,False,10,10
2401,31,unweighted_fl,10,0.0995222929936305,0,17,None,66,1,5,False,10,10
2402,32,unweighted_fl,10,0.0995222929936305,0,17,None,66,1,5,False,10,10
2403,33,unweighted_fl,10,0.0995222929936305,0,17,None,66,1,5,False,10,10
2404,34,unweighted_fl,10,0.0995222929936305,0,17,None,66,1,5,False,10,10
2405,30,unweighted_fl,10,0.0995222929936305,0,19,None,66,1,5,False,10,10
2406,31,unweighted_fl,10,0.0995222929936305,0,19,None,66,1,5,False,10,10
2407,32,unweighted_fl,10,0.0995222929936305,0,19,None,66,1,5,False,10,10
2408,33,unweighted_fl,10,0.0995222929936305,0,19,None,66,1,5,False,10,10
2409,34,unweighted_fl,10,0.0995222929936305,0,19,None,66,1,5,False,10,10
2410,30,unweighted_fl,10,0.0995222929936305,0,20,None,66,1,5,False,10,10
2411,31,unweighted_fl,10,0.0995222929936305,0,20,None,66,1,5,False,10,10
2412,32,unweighted_fl,10,0.0995222929936305,0,20,None,66,1,5,False,10,10
2413,33,unweighted_fl,10,0.0995222929936305,0,20,None,66,1,5,False,10,10
2414,34,unweighted_fl,10,0.0995222929936305,0,20,None,66,1,5,False,10,10
2415,30,unweighted_fl,10,0.0995222929936305,0,21,None,66,1,5,False,10,10
2416,31,unweighted_fl,10,0.1201234076433121,0,21,None,66,1,5,False,10,10
2417,32,unweighted_fl,10,0.0995222929936305,0,21,None,66,1,5,False,10,10
2418,33,unweighted_fl,10,0.0995222929936305,0,21,None,66,1,5,False,10,10
2419,34,unweighted_fl,10,0.0995222929936305,0,21,None,66,1,5,False,10,10
2420,30,unweighted_fl,10,0.0995222929936305,0,22,None,66,1,5,False,10,10
2421,31,unweighted_fl,10,0.0995222929936305,0,22,None,66,1,5,False,10,10
2422,32,unweighted_fl,10,0.140625,0,22,None,66,1,5,False,10,10
2423,33,unweighted_fl,10,0.0995222929936305,0,22,None,66,1,5,False,10,10
2424,34,unweighted_fl,10,0.0995222929936305,0,22,None,66,1,5,False,10,10
2425,30,unweighted_fl,10,0.0995222929936305,0,23,None,66,1,5,False,10,10
2426,31,unweighted_fl,10,0.0995222929936305,0,23,None,66,1,5,False,10,10
2427,32,unweighted_fl,10,0.0995222929936305,0,23,None,66,1,5,False,10,10
2428,33,unweighted_fl,10,0.0995222929936305,0,23,None,66,1,5,False,10,10
2429,34,unweighted_fl,10,0.0995222929936305,0,23,None,66,1,5,False,10,10
2430,30,unweighted_fl,10,0.0995222929936305,0,24,None,66,1,5,False,10,10
2431,31,unweighted_fl,10,0.0995222929936305,0,24,None,66,1,5,False,10,10
2432,32,unweighted_fl,10,0.0995222929936305,0,24,None,66,1,5,False,10,10
2433,33,unweighted_fl,10,0.0995222929936305,0,24,None,66,1,5,False,10,10
2434,34,unweighted_fl,10,0.0995222929936305,0,24,None,66,1,5,False,10,10
2435,30,unweighted_fl,10,0.1249004777070063,0,25,None,66,1,5,False,10,10
2436,31,unweighted_fl,10,0.0995222929936305,0,25,None,66,1,5,False,10,10
2437,32,unweighted_fl,10,0.0995222929936305,0,25,None,66,1,5,False,10,10
2438,33,unweighted_fl,10,0.0995222929936305,0,25,None,66,1,5,False,10,10
2439,34,unweighted_fl,10,0.0995222929936305,0,25,None,66,1,5,False,10,10
2440,30,unweighted_fl,10,0.0995222929936305,0,27,None,66,1,5,False,10,10
2441,31,unweighted_fl,10,0.0995222929936305,0,27,None,66,1,5,False,10,10
2442,32,unweighted_fl,10,0.0995222929936305,0,27,None,66,1,5,False,10,10
2443,33,unweighted_fl,10,0.0995222929936305,0,27,None,66,1,5,False,10,10
2444,34,unweighted_fl,10,0.0995222929936305,0,27,None,66,1,5,False,10,10
2445,30,unweighted_fl,10,0.0995222929936305,0,26,None,66,1,5,False,10,10
2446,31,unweighted_fl,10,0.0995222929936305,0,26,None,66,1,5,False,10,10
2447,32,unweighted_fl,10,0.0995222929936305,0,26,None,66,1,5,False,10,10
2448,33,unweighted_fl,10,0.0995222929936305,0,26,None,66,1,5,False,10,10
2449,34,unweighted_fl,10,0.0995222929936305,0,26,None,66,1,5,False,10,10
2450,30,unweighted_fl,10,0.0995222929936305,0,28,None,66,1,5,False,10,10
2451,31,unweighted_fl,10,0.0995222929936305,0,28,None,66,1,5,False,10,10
2452,32,unweighted_fl,10,0.0995222929936305,0,28,None,66,1,5,False,10,10
2453,33,unweighted_fl,10,0.0995222929936305,0,28,None,66,1,5,False,10,10
2454,34,unweighted_fl,10,0.0995222929936305,0,28,None,66,1,5,False,10,10
2455,30,unweighted_fl,10,0.0995222929936305,0,30,None,66,1,5,False,10,10
2456,31,unweighted_fl,10,0.0995222929936305,0,30,None,66,1,5,False,10,10
2457,32,unweighted_fl,10,0.0995222929936305,0,30,None,66,1,5,False,10,10
2458,33,unweighted_fl,10,0.0995222929936305,0,30,None,66,1,5,False,10,10
2459,34,unweighted_fl,10,0.0995222929936305,0,30,None,66,1,5,False,10,10
2460,30,unweighted_fl,10,0.0995222929936305,0,29,None,66,1,5,False,10,10
2461,31,unweighted_fl,10,0.0995222929936305,0,29,None,66,1,5,False,10,10
2462,32,unweighted_fl,10,0.0995222929936305,0,29,None,66,1,5,False,10,10
2463,33,unweighted_fl,10,0.0995222929936305,0,29,None,66,1,5,False,10,10
2464,34,unweighted_fl,10,0.0995222929936305,0,29,None,66,1,5,False,10,10
2465,30,unweighted_fl,10,0.0995222929936305,0,31,None,66,1,5,False,10,10
2466,31,unweighted_fl,10,0.0995222929936305,0,31,None,66,1,5,False,10,10
2467,32,unweighted_fl,10,0.0995222929936305,0,31,None,66,1,5,False,10,10
2468,33,unweighted_fl,10,0.0995222929936305,0,31,None,66,1,5,False,10,10
2469,34,unweighted_fl,10,0.0995222929936305,0,31,None,66,1,5,False,10,10
2470,30,unweighted_fl,10,0.0995222929936305,0,32,None,66,1,5,False,10,10
2471,31,unweighted_fl,10,0.0995222929936305,0,32,None,66,1,5,False,10,10
2472,32,unweighted_fl,10,0.0995222929936305,0,32,None,66,1,5,False,10,10
2473,33,unweighted_fl,10,0.0995222929936305,0,32,None,66,1,5,False,10,10
2474,34,unweighted_fl,10,0.0995222929936305,0,32,None,66,1,5,False,10,10
3630,35,unweighted_fl,10,0.0995222929936305,0,0,None,66,1,5,False,10,10
3631,36,unweighted_fl,10,0.0995222929936305,0,0,None,66,1,5,False,10,10
3632,37,unweighted_fl,10,0.1216162420382165,0,0,None,66,1,5,False,10,10
3633,38,unweighted_fl,10,0.0995222929936305,0,0,None,66,1,5,False,10,10
3634,39,unweighted_fl,10,0.0995222929936305,0,0,None,66,1,5,False,10,10
3635,35,unweighted_fl,10,0.0995222929936305,0,2,None,66,1,5,False,10,10
3636,36,unweighted_fl,10,0.0995222929936305,0,2,None,66,1,5,False,10,10
3637,37,unweighted_fl,10,0.0995222929936305,0,2,None,66,1,5,False,10,10
3638,38,unweighted_fl,10,0.0995222929936305,0,2,None,66,1,5,False,10,10
3639,39,unweighted_fl,10,0.0995222929936305,0,2,None,66,1,5,False,10,10
3640,35,unweighted_fl,10,0.0995222929936305,0,1,None,66,1,5,False,10,10
3641,36,unweighted_fl,10,0.0995222929936305,0,1,None,66,1,5,False,10,10
3642,37,unweighted_fl,10,0.0995222929936305,0,1,None,66,1,5,False,10,10
3643,38,unweighted_fl,10,0.0995222929936305,0,1,None,66,1,5,False,10,10
3644,39,unweighted_fl,10,0.0995222929936305,0,1,None,66,1,5,False,10,10
3645,35,unweighted_fl,10,0.0995222929936305,0,3,None,66,1,5,False,10,10
3646,36,unweighted_fl,10,0.0995222929936305,0,3,None,66,1,5,False,10,10
3647,37,unweighted_fl,10,0.0995222929936305,0,3,None,66,1,5,False,10,10
3648,38,unweighted_fl,10,0.0995222929936305,0,3,None,66,1,5,False,10,10
3649,39,unweighted_fl,10,0.0995222929936305,0,3,None,66,1,5,False,10,10
3650,35,unweighted_fl,10,0.0995222929936305,0,4,None,66,1,5,False,10,10
3651,36,unweighted_fl,10,0.0995222929936305,0,4,None,66,1,5,False,10,10
3652,37,unweighted_fl,10,0.0995222929936305,0,4,None,66,1,5,False,10,10
3653,38,unweighted_fl,10,0.0995222929936305,0,4,None,66,1,5,False,10,10
3654,39,unweighted_fl,10,0.0995222929936305,0,4,None,66,1,5,False,10,10
3655,35,unweighted_fl,10,0.0995222929936305,0,5,None,66,1,5,False,10,10
3656,36,unweighted_fl,10,0.0995222929936305,0,5,None,66,1,5,False,10,10
3657,37,unweighted_fl,10,0.0995222929936305,0,5,None,66,1,5,False,10,10
3658,38,unweighted_fl,10,0.0995222929936305,0,5,None,66,1,5,False,10,10
3659,39,unweighted_fl,10,0.0995222929936305,0,5,None,66,1,5,False,10,10
3660,35,unweighted_fl,10,0.0995222929936305,0,6,None,66,1,5,False,10,10
3661,36,unweighted_fl,10,0.0995222929936305,0,6,None,66,1,5,False,10,10
3662,37,unweighted_fl,10,0.0995222929936305,0,6,None,66,1,5,False,10,10
3663,38,unweighted_fl,10,0.0995222929936305,0,6,None,66,1,5,False,10,10
3664,39,unweighted_fl,10,0.0995222929936305,0,6,None,66,1,5,False,10,10
3665,35,unweighted_fl,10,0.0995222929936305,0,7,None,66,1,5,False,10,10
3666,36,unweighted_fl,10,0.0995222929936305,0,7,None,66,1,5,False,10,10
3667,37,unweighted_fl,10,0.0995222929936305,0,7,None,66,1,5,False,10,10
3668,38,unweighted_fl,10,0.0995222929936305,0,7,None,66,1,5,False,10,10
3669,39,unweighted_fl,10,0.0995222929936305,0,7,None,66,1,5,False,10,10
3670,35,unweighted_fl,10,0.0995222929936305,0,9,None,66,1,5,False,10,10
3671,36,unweighted_fl,10,0.0995222929936305,0,9,None,66,1,5,False,10,10
3672,37,unweighted_fl,10,0.0995222929936305,0,9,None,66,1,5,False,10,10
3673,38,unweighted_fl,10,0.0995222929936305,0,9,None,66,1,5,False,10,10
3674,39,unweighted_fl,10,0.0995222929936305,0,9,None,66,1,5,False,10,10
3675,35,unweighted_fl,10,0.0995222929936305,0,8,None,66,1,5,False,10,10
3676,36,unweighted_fl,10,0.0995222929936305,0,8,None,66,1,5,False,10,10
3677,37,unweighted_fl,10,0.0995222929936305,0,8,None,66,1,5,False,10,10
3678,38,unweighted_fl,10,0.0995222929936305,0,8,None,66,1,5,False,10,10
3679,39,unweighted_fl,10,0.0995222929936305,0,8,None,66,1,5,False,10,10
3680,35,unweighted_fl,10,0.0995222929936305,0,10,None,66,1,5,False,10,10
3681,36,unweighted_fl,10,0.0995222929936305,0,10,None,66,1,5,False,10,10
3682,37,unweighted_fl,10,0.0995222929936305,0,10,None,66,1,5,False,10,10
3683,38,unweighted_fl,10,0.0995222929936305,0,10,None,66,1,5,False,10,10
3684,39,unweighted_fl,10,0.0995222929936305,0,10,None,66,1,5,False,10,10
3685,35,unweighted_fl,10,0.0995222929936305,0,12,None,66,1,5,False,10,10
3686,36,unweighted_fl,10,0.0995222929936305,0,12,None,66,1,5,False,10,10
3687,37,unweighted_fl,10,0.0995222929936305,0,12,None,66,1,5,False,10,10
3688,38,unweighted_fl,10,0.0995222929936305,0,12,None,66,1,5,False,10,10
3689,39,unweighted_fl,10,0.0995222929936305,0,12,None,66,1,5,False,10,10
3690,35,unweighted_fl,10,0.0995222929936305,0,13,None,66,1,5,False,10,10
3691,36,unweighted_fl,10,0.0995222929936305,0,13,None,66,1,5,False,10,10
3692,37,unweighted_fl,10,0.0995222929936305,0,13,None,66,1,5,False,10,10
3693,38,unweighted_fl,10,0.0995222929936305,0,13,None,66,1,5,False,10,10
3694,39,unweighted_fl,10,0.0995222929936305,0,13,None,66,1,5,False,10,10
3695,35,unweighted_fl,10,0.0995222929936305,0,11,None,66,1,5,False,10,10
3696,36,unweighted_fl,10,0.0995222929936305,0,11,None,66,1,5,False,10,10
3697,37,unweighted_fl,10,0.0995222929936305,0,11,None,66,1,5,False,10,10
3698,38,unweighted_fl,10,0.0995222929936305,0,11,None,66,1,5,False,10,10
3699,39,unweighted_fl,10,0.0995222929936305,0,11,None,66,1,5,False,10,10
3700,35,unweighted_fl,10,0.0995222929936305,0,15,None,66,1,5,False,10,10
3701,36,unweighted_fl,10,0.0995222929936305,0,15,None,66,1,5,False,10,10
3702,37,unweighted_fl,10,0.0995222929936305,0,15,None,66,1,5,False,10,10
3703,38,unweighted_fl,10,0.0995222929936305,0,15,None,66,1,5,False,10,10
3704,39,unweighted_fl,10,0.0995222929936305,0,15,None,66,1,5,False,10,10
3705,35,unweighted_fl,10,0.0995222929936305,0,14,None,66,1,5,False,10,10
3706,36,unweighted_fl,10,0.0995222929936305,0,14,None,66,1,5,False,10,10
3707,37,unweighted_fl,10,0.0995222929936305,0,14,None,66,1,5,False,10,10
3708,38,unweighted_fl,10,0.0995222929936305,0,14,None,66,1,5,False,10,10
3709,39,unweighted_fl,10,0.0995222929936305,0,14,None,66,1,5,False,10,10
3710,35,unweighted_fl,10,0.0995222929936305,0,16,None,66,1,5,False,10,10
3711,36,unweighted_fl,10,0.0995222929936305,0,16,None,66,1,5,False,10,10
3712,37,unweighted_fl,10,0.0995222929936305,0,16,None,66,1,5,False,10,10
3713,38,unweighted_fl,10,0.0995222929936305,0,16,None,66,1,5,False,10,10
3714,39,unweighted_fl,10,0.0995222929936305,0,16,None,66,1,5,False,10,10
3715,35,unweighted_fl,10,0.0995222929936305,0,17,None,66,1,5,False,10,10
3716,36,unweighted_fl,10,0.0995222929936305,0,17,None,66,1,5,False,10,10
3717,37,unweighted_fl,10,0.0995222929936305,0,17,None,66,1,5,False,10,10
3718,38,unweighted_fl,10,0.0995222929936305,0,17,None,66,1,5,False,10,10
3719,39,unweighted_fl,10,0.0995222929936305,0,17,None,66,1,5,False,10,10
3720,35,unweighted_fl,10,0.0995222929936305,0,18,None,66,1,5,False,10,10
3721,36,unweighted_fl,10,0.0995222929936305,0,18,None,66,1,5,False,10,10
3722,37,unweighted_fl,10,0.0995222929936305,0,18,None,66,1,5,False,10,10
3723,38,unweighted_fl,10,0.0995222929936305,0,18,None,66,1,5,False,10,10
3724,39,unweighted_fl,10,0.0995222929936305,0,18,None,66,1,5,False,10,10
3725,35,unweighted_fl,10,0.0995222929936305,0,19,None,66,1,5,False,10,10
3726,36,unweighted_fl,10,0.0995222929936305,0,19,None,66,1,5,False,10,10
3727,37,unweighted_fl,10,0.0995222929936305,0,19,None,66,1,5,False,10,10
3728,38,unweighted_fl,10,0.0995222929936305,0,19,None,66,1,5,False,10,10
3729,39,unweighted_fl,10,0.0995222929936305,0,19,None,66,1,5,False,10,10
3730,35,unweighted_fl,10,0.0995222929936305,0,21,None,66,1,5,False,10,10
3731,36,unweighted_fl,10,0.0995222929936305,0,21,None,66,1,5,False,10,10
3732,37,unweighted_fl,10,0.0995222929936305,0,21,None,66,1,5,False,10,10
3733,38,unweighted_fl,10,0.0995222929936305,0,21,None,66,1,5,False,10,10
3734,39,unweighted_fl,10,0.0995222929936305,0,21,None,66,1,5,False,10,10
3735,35,unweighted_fl,10,0.0995222929936305,0,20,None,66,1,5,False,10,10
3736,36,unweighted_fl,10,0.0995222929936305,0,20,None,66,1,5,False,10,10
3737,37,unweighted_fl,10,0.0995222929936305,0,20,None,66,1,5,False,10,10
3738,38,unweighted_fl,10,0.0995222929936305,0,20,None,66,1,5,False,10,10
3739,39,unweighted_fl,10,0.0995222929936305,0,20,None,66,1,5,False,10,10
3740,35,unweighted_fl,10,0.0995222929936305,0,22,None,66,1,5,False,10,10
3741,36,unweighted_fl,10,0.0995222929936305,0,22,None,66,1,5,False,10,10
3742,37,unweighted_fl,10,0.0995222929936305,0,22,None,66,1,5,False,10,10
3743,38,unweighted_fl,10,0.0995222929936305,0,22,None,66,1,5,False,10,10
3744,39,unweighted_fl,10,0.1095740445859872,0,22,None,66,1,5,False,10,10
3745,35,unweighted_fl,10,0.0995222929936305,0,23,None,66,1,5,False,10,10
3746,36,unweighted_fl,10,0.0995222929936305,0,23,None,66,1,5,False,10,10
3747,37,unweighted_fl,10,0.0995222929936305,0,23,None,66,1,5,False,10,10
3748,38,unweighted_fl,10,0.0995222929936305,0,23,None,66,1,5,False,10,10
3749,39,unweighted_fl,10,0.0995222929936305,0,23,None,66,1,5,False,10,10
3750,35,unweighted_fl,10,0.0995222929936305,0,24,None,66,1,5,False,10,10
3751,36,unweighted_fl,10,0.0995222929936305,0,24,None,66,1,5,False,10,10
3752,37,unweighted_fl,10,0.0995222929936305,0,24,None,66,1,5,False,10,10
3753,38,unweighted_fl,10,0.0995222929936305,0,24,None,66,1,5,False,10,10
3754,39,unweighted_fl,10,0.0995222929936305,0,24,None,66,1,5,False,10,10
3755,35,unweighted_fl,10,0.0995222929936305,0,25,None,66,1,5,False,10,10
3756,36,unweighted_fl,10,0.0995222929936305,0,25,None,66,1,5,False,10,10
3757,37,unweighted_fl,10,0.0995222929936305,0,25,None,66,1,5,False,10,10
3758,38,unweighted_fl,10,0.0995222929936305,0,25,None,66,1,5,False,10,10
3759,39,unweighted_fl,10,0.0995222929936305,0,25,None,66,1,5,False,10,10
3760,35,unweighted_fl,10,0.0995222929936305,0,26,None,66,1,5,False,10,10
3761,36,unweighted_fl,10,0.0995222929936305,0,26,None,66,1,5,False,10,10
3762,37,unweighted_fl,10,0.0995222929936305,0,26,None,66,1,5,False,10,10
3763,38,unweighted_fl,10,0.0995222929936305,0,26,None,66,1,5,False,10,10
3764,39,unweighted_fl,10,0.0995222929936305,0,26,None,66,1,5,False,10,10
3765,35,unweighted_fl,10,0.0995222929936305,0,28,None,66,1,5,False,10,10
3766,36,unweighted_fl,10,0.0995222929936305,0,28,None,66,1,5,False,10,10
3767,37,unweighted_fl,10,0.0995222929936305,0,28,None,66,1,5,False,10,10
3768,38,unweighted_fl,10,0.0995222929936305,0,28,None,66,1,5,False,10,10
3769,39,unweighted_fl,10,0.0995222929936305,0,28,None,66,1,5,False,10,10
3770,35,unweighted_fl,10,0.0995222929936305,0,27,None,66,1,5,False,10,10
3771,36,unweighted_fl,10,0.0995222929936305,0,27,None,66,1,5,False,10,10
3772,37,unweighted_fl,10,0.0995222929936305,0,27,None,66,1,5,False,10,10
3773,38,unweighted_fl,10,0.0995222929936305,0,27,None,66,1,5,False,10,10
3774,39,unweighted_fl,10,0.0995222929936305,0,27,None,66,1,5,False,10,10
3775,35,unweighted_fl,10,0.0995222929936305,0,29,None,66,1,5,False,10,10
3776,36,unweighted_fl,10,0.0995222929936305,0,29,None,66,1,5,False,10,10
3777,37,unweighted_fl,10,0.0995222929936305,0,29,None,66,1,5,False,10,10
3778,38,unweighted_fl,10,0.0995222929936305,0,29,None,66,1,5,False,10,10
3779,39,unweighted_fl,10,0.0995222929936305,0,29,None,66,1,5,False,10,10
3780,35,unweighted_fl,10,0.0995222929936305,0,30,None,66,1,5,False,10,10
3781,36,unweighted_fl,10,0.0995222929936305,0,30,None,66,1,5,False,10,10
3782,37,unweighted_fl,10,0.0995222929936305,0,30,None,66,1,5,False,10,10
3783,38,unweighted_fl,10,0.0995222929936305,0,30,None,66,1,5,False,10,10
3784,39,unweighted_fl,10,0.0995222929936305,0,30,None,66,1,5,False,10,10
3785,35,unweighted_fl,10,0.0995222929936305,0,31,None,66,1,5,False,10,10
3786,36,unweighted_fl,10,0.0995222929936305,0,31,None,66,1,5,False,10,10
3787,37,unweighted_fl,10,0.1045979299363057,0,31,None,66,1,5,False,10,10
3788,38,unweighted_fl,10,0.0995222929936305,0,31,None,66,1,5,False,10,10
3789,39,unweighted_fl,10,0.0995222929936305,0,31,None,66,1,5,False,10,10
3790,35,unweighted_fl,10,0.0995222929936305,0,32,None,66,1,5,False,10,10
3791,36,unweighted_fl,10,0.0995222929936305,0,32,None,66,1,5,False,10,10
3792,37,unweighted_fl,10,0.0995222929936305,0,32,None,66,1,5,False,10,10
3793,38,unweighted_fl,10,0.0995222929936305,0,32,None,66,1,5,False,10,10
3794,39,unweighted_fl,10,0.0995222929936305,0,32,None,66,1,5,False,10,10
3795,40,unweighted_fl,10,0.0995222929936305,0,0,None,66,1,5,False,10,10
3796,41,unweighted_fl,10,0.0995222929936305,0,0,None,66,1,5,False,10,10
3797,42,unweighted_fl,10,0.0995222929936305,0,0,None,66,1,5,False,10,10
3798,43,unweighted_fl,10,0.0995222929936305,0,0,None,66,1,5,False,10,10
3799,44,unweighted_fl,10,0.0995222929936305,0,0,None,66,1,5,False,10,10
3800,40,unweighted_fl,10,0.0995222929936305,0,1,None,66,1,5,False,10,10
3801,41,unweighted_fl,10,0.0995222929936305,0,1,None,66,1,5,False,10,10
3802,42,unweighted_fl,10,0.0995222929936305,0,1,None,66,1,5,False,10,10
3803,43,unweighted_fl,10,0.0995222929936305,0,1,None,66,1,5,False,10,10
3804,44,unweighted_fl,10,0.0995222929936305,0,1,None,66,1,5,False,10,10
3805,40,unweighted_fl,10,0.0995222929936305,0,2,None,66,1,5,False,10,10
3806,41,unweighted_fl,10,0.0995222929936305,0,2,None,66,1,5,False,10,10
3807,42,unweighted_fl,10,0.0995222929936305,0,2,None,66,1,5,False,10,10
3808,43,unweighted_fl,10,0.0995222929936305,0,2,None,66,1,5,False,10,10
3809,44,unweighted_fl,10,0.0995222929936305,0,2,None,66,1,5,False,10,10
3810,40,unweighted_fl,10,0.0995222929936305,0,3,None,66,1,5,False,10,10
3811,41,unweighted_fl,10,0.0995222929936305,0,3,None,66,1,5,False,10,10
3812,42,unweighted_fl,10,0.0995222929936305,0,3,None,66,1,5,False,10,10
3813,43,unweighted_fl,10,0.0995222929936305,0,3,None,66,1,5,False,10,10
3814,44,unweighted_fl,10,0.0995222929936305,0,3,None,66,1,5,False,10,10
3815,40,unweighted_fl,10,0.0995222929936305,0,5,None,66,1,5,False,10,10
3816,41,unweighted_fl,10,0.0995222929936305,0,5,None,66,1,5,False,10,10
3817,42,unweighted_fl,10,0.0995222929936305,0,5,None,66,1,5,False,10,10
3818,43,unweighted_fl,10,0.0995222929936305,0,5,None,66,1,5,False,10,10
3819,44,unweighted_fl,10,0.0995222929936305,0,5,None,66,1,5,False,10,10
3820,40,unweighted_fl,10,0.1091759554140127,0,6,None,66,1,5,False,10,10
3821,41,unweighted_fl,10,0.0995222929936305,0,6,None,66,1,5,False,10,10
3822,42,unweighted_fl,10,0.0995222929936305,0,6,None,66,1,5,False,10,10
3823,43,unweighted_fl,10,0.0995222929936305,0,6,None,66,1,5,False,10,10
3824,44,unweighted_fl,10,0.0995222929936305,0,6,None,66,1,5,False,10,10
3825,40,unweighted_fl,10,0.0995222929936305,0,4,None,66,1,5,False,10,10
3826,41,unweighted_fl,10,0.0995222929936305,0,4,None,66,1,5,False,10,10
3827,42,unweighted_fl,10,0.0995222929936305,0,4,None,66,1,5,False,10,10
3828,43,unweighted_fl,10,0.0995222929936305,0,4,None,66,1,5,False,10,10
3829,44,unweighted_fl,10,0.0995222929936305,0,4,None,66,1,5,False,10,10
3830,40,unweighted_fl,10,0.0995222929936305,0,7,None,66,1,5,False,10,10
3831,41,unweighted_fl,10,0.0995222929936305,0,7,None,66,1,5,False,10,10
3832,42,unweighted_fl,10,0.0995222929936305,0,7,None,66,1,5,False,10,10
3833,43,unweighted_fl,10,0.0995222929936305,0,7,None,66,1,5,False,10,10
3834,44,unweighted_fl,10,0.0995222929936305,0,7,None,66,1,5,False,10,10
3835,40,unweighted_fl,10,0.0995222929936305,0,8,None,66,1,5,False,10,10
3836,41,unweighted_fl,10,0.0995222929936305,0,8,None,66,1,5,False,10,10
3837,42,unweighted_fl,10,0.0995222929936305,0,8,None,66,1,5,False,10,10
3838,43,unweighted_fl,10,0.0995222929936305,0,8,None,66,1,5,False,10,10
3839,44,unweighted_fl,10,0.0995222929936305,0,8,None,66,1,5,False,10,10
3840,40,unweighted_fl,10,0.0995222929936305,0,10,None,66,1,5,False,10,10
3841,41,unweighted_fl,10,0.0995222929936305,0,10,None,66,1,5,False,10,10
3842,42,unweighted_fl,10,0.0995222929936305,0,10,None,66,1,5,False,10,10
3843,43,unweighted_fl,10,0.0995222929936305,0,10,None,66,1,5,False,10,10
3844,44,unweighted_fl,10,0.0995222929936305,0,10,None,66,1,5,False,10,10
3845,40,unweighted_fl,10,0.0995222929936305,0,9,None,66,1,5,False,10,10
3846,41,unweighted_fl,10,0.0995222929936305,0,9,None,66,1,5,False,10,10
3847,42,unweighted_fl,10,0.0995222929936305,0,9,None,66,1,5,False,10,10
3848,43,unweighted_fl,10,0.0995222929936305,0,9,None,66,1,5,False,10,10
3849,44,unweighted_fl,10,0.0995222929936305,0,9,None,66,1,5,False,10,10
3850,40,unweighted_fl,10,0.0995222929936305,0,11,None,66,1,5,False,10,10
3851,41,unweighted_fl,10,0.0995222929936305,0,11,None,66,1,5,False,10,10
3852,42,unweighted_fl,10,0.0995222929936305,0,11,None,66,1,5,False,10,10
3853,43,unweighted_fl,10,0.0995222929936305,0,11,None,66,1,5,False,10,10
3854,44,unweighted_fl,10,0.0995222929936305,0,11,None,66,1,5,False,10,10
3855,40,unweighted_fl,10,0.0995222929936305,0,13,None,66,1,5,False,10,10
3856,41,unweighted_fl,10,0.0995222929936305,0,13,None,66,1,5,False,10,10
3857,42,unweighted_fl,10,0.0995222929936305,0,13,None,66,1,5,False,10,10
3858,43,unweighted_fl,10,0.0995222929936305,0,13,None,66,1,5,False,10,10
3859,44,unweighted_fl,10,0.0995222929936305,0,13,None,66,1,5,False,10,10
3860,40,unweighted_fl,10,0.0995222929936305,0,12,None,66,1,5,False,10,10
3861,41,unweighted_fl,10,0.0995222929936305,0,12,None,66,1,5,False,10,10
3862,42,unweighted_fl,10,0.0995222929936305,0,12,None,66,1,5,False,10,10
3863,43,unweighted_fl,10,0.0995222929936305,0,12,None,66,1,5,False,10,10
3864,44,unweighted_fl,10,0.0995222929936305,0,12,None,66,1,5,False,10,10
3865,40,unweighted_fl,10,0.0995222929936305,0,14,None,66,1,5,False,10,10
3866,41,unweighted_fl,10,0.0995222929936305,0,14,None,66,1,5,False,10,10
3867,42,unweighted_fl,10,0.0995222929936305,0,14,None,66,1,5,False,10,10
3868,43,unweighted_fl,10,0.0995222929936305,0,14,None,66,1,5,False,10,10
3869,44,unweighted_fl,10,0.0995222929936305,0,14,None,66,1,5,False,10,10
3870,40,unweighted_fl,10,0.0995222929936305,0,15,None,66,1,5,False,10,10
3871,41,unweighted_fl,10,0.0995222929936305,0,15,None,66,1,5,False,10,10
3872,42,unweighted_fl,10,0.0995222929936305,0,15,None,66,1,5,False,10,10
3873,43,unweighted_fl,10,0.0995222929936305,0,15,None,66,1,5,False,10,10
3874,44,unweighted_fl,10,0.0995222929936305,0,15,None,66,1,5,False,10,10
3875,40,unweighted_fl,10,0.0995222929936305,0,16,None,66,1,5,False,10,10
3876,41,unweighted_fl,10,0.0995222929936305,0,16,None,66,1,5,False,10,10
3877,42,unweighted_fl,10,0.0995222929936305,0,16,None,66,1,5,False,10,10
3878,43,unweighted_fl,10,0.0995222929936305,0,16,None,66,1,5,False,10,10
3879,44,unweighted_fl,10,0.0995222929936305,0,16,None,66,1,5,False,10,10
3880,40,unweighted_fl,10,0.0995222929936305,0,18,None,66,1,5,False,10,10
3881,41,unweighted_fl,10,0.0995222929936305,0,18,None,66,1,5,False,10,10
3882,42,unweighted_fl,10,0.0995222929936305,0,18,None,66,1,5,False,10,10
3883,43,unweighted_fl,10,0.0995222929936305,0,18,None,66,1,5,False,10,10
3884,44,unweighted_fl,10,0.0995222929936305,0,18,None,66,1,5,False,10,10
3885,40,unweighted_fl,10,0.0995222929936305,0,17,None,66,1,5,False,10,10
3886,41,unweighted_fl,10,0.0995222929936305,0,17,None,66,1,5,False,10,10
3887,42,unweighted_fl,10,0.0995222929936305,0,17,None,66,1,5,False,10,10
3888,43,unweighted_fl,10,0.0995222929936305,0,17,None,66,1,5,False,10,10
3889,44,unweighted_fl,10,0.0995222929936305,0,17,None,66,1,5,False,10,10
3890,40,unweighted_fl,10,0.0995222929936305,0,19,None,66,1,5,False,10,10
3891,41,unweighted_fl,10,0.1076831210191082,0,19,None,66,1,5,False,10,10
3892,42,unweighted_fl,10,0.0995222929936305,0,19,None,66,1,5,False,10,10
3893,43,unweighted_fl,10,0.0995222929936305,0,19,None,66,1,5,False,10,10
3894,44,unweighted_fl,10,0.0995222929936305,0,19,None,66,1,5,False,10,10
3895,40,unweighted_fl,10,0.0995222929936305,0,21,None,66,1,5,False,10,10
3896,41,unweighted_fl,10,0.0995222929936305,0,21,None,66,1,5,False,10,10
3897,42,unweighted_fl,10,0.0995222929936305,0,21,None,66,1,5,False,10,10
3898,43,unweighted_fl,10,0.0995222929936305,0,21,None,66,1,5,False,10,10
3899,44,unweighted_fl,10,0.0995222929936305,0,21,None,66,1,5,False,10,10
3900,40,unweighted_fl,10,0.0995222929936305,0,20,None,66,1,5,False,10,10
3901,41,unweighted_fl,10,0.0995222929936305,0,20,None,66,1,5,False,10,10
3902,42,unweighted_fl,10,0.0995222929936305,0,20,None,66,1,5,False,10,10
3903,43,unweighted_fl,10,0.0995222929936305,0,20,None,66,1,5,False,10,10
3904,44,unweighted_fl,10,0.0995222929936305,0,20,None,66,1,5,False,10,10
3905,40,unweighted_fl,10,0.0995222929936305,0,22,None,66,1,5,False,10,10
3906,41,unweighted_fl,10,0.0995222929936305,0,22,None,66,1,5,False,10,10
3907,42,unweighted_fl,10,0.0995222929936305,0,22,None,66,1,5,False,10,10
3908,43,unweighted_fl,10,0.0995222929936305,0,22,None,66,1,5,False,10,10
3909,44,unweighted_fl,10,0.0999203821656051,0,22,None,66,1,5,False,10,10
3910,40,unweighted_fl,10,0.0995222929936305,0,24,None,66,1,5,False,10,10
3911,41,unweighted_fl,10,0.0995222929936305,0,24,None,66,1,5,False,10,10
3912,42,unweighted_fl,10,0.0995222929936305,0,24,None,66,1,5,False,10,10
3913,43,unweighted_fl,10,0.0995222929936305,0,24,None,66,1,5,False,10,10
3914,44,unweighted_fl,10,0.0995222929936305,0,24,None,66,1,5,False,10,10
3915,40,unweighted_fl,10,0.0995222929936305,0,23,None,66,1,5,False,10,10
3916,41,unweighted_fl,10,0.0995222929936305,0,23,None,66,1,5,False,10,10
3917,42,unweighted_fl,10,0.0995222929936305,0,23,None,66,1,5,False,10,10
3918,43,unweighted_fl,10,0.0995222929936305,0,23,None,66,1,5,False,10,10
3919,44,unweighted_fl,10,0.0995222929936305,0,23,None,66,1,5,False,10,10
3920,40,unweighted_fl,10,0.0995222929936305,0,25,None,66,1,5,False,10,10
3921,41,unweighted_fl,10,0.1629179936305732,0,25,None,66,1,5,False,10,10
3922,42,unweighted_fl,10,0.0995222929936305,0,25,None,66,1,5,False,10,10
3923,43,unweighted_fl,10,0.0995222929936305,0,25,None,66,1,5,False,10,10
3924,44,unweighted_fl,10,0.0995222929936305,0,25,None,66,1,5,False,10,10
3925,40,unweighted_fl,10,0.0995222929936305,0,26,None,66,1,5,False,10,10
3926,41,unweighted_fl,10,0.0995222929936305,0,26,None,66,1,5,False,10,10
3927,42,unweighted_fl,10,0.0995222929936305,0,26,None,66,1,5,False,10,10
3928,43,unweighted_fl,10,0.0995222929936305,0,26,None,66,1,5,False,10,10
3929,44,unweighted_fl,10,0.0995222929936305,0,26,None,66,1,5,False,10,10
3930,40,unweighted_fl,10,0.0995222929936305,0,27,None,66,1,5,False,10,10
3931,41,unweighted_fl,10,0.0995222929936305,0,27,None,66,1,5,False,10,10
3932,42,unweighted_fl,10,0.0995222929936305,0,27,None,66,1,5,False,10,10
3933,43,unweighted_fl,10,0.0995222929936305,0,27,None,66,1,5,False,10,10
3934,44,unweighted_fl,10,0.0995222929936305,0,27,None,66,1,5,False,10,10
3935,40,unweighted_fl,10,0.0995222929936305,0,29,None,66,1,5,False,10,10
3936,41,unweighted_fl,10,0.0995222929936305,0,29,None,66,1,5,False,10,10
3937,42,unweighted_fl,10,0.0995222929936305,0,29,None,66,1,5,False,10,10
3938,43,unweighted_fl,10,0.0995222929936305,0,29,None,66,1,5,False,10,10
3939,44,unweighted_fl,10,0.0995222929936305,0,29,None,66,1,5,False,10,10
3940,40,unweighted_fl,10,0.0995222929936305,0,28,None,66,1,5,False,10,10
3941,41,unweighted_fl,10,0.0995222929936305,0,28,None,66,1,5,False,10,10
3942,42,unweighted_fl,10,0.0995222929936305,0,28,None,66,1,5,False,10,10
3943,43,unweighted_fl,10,0.0995222929936305,0,28,None,66,1,5,False,10,10
3944,44,unweighted_fl,10,0.0995222929936305,0,28,None,66,1,5,False,10,10
3945,40,unweighted_fl,10,0.0995222929936305,0,30,None,66,1,5,False,10,10
3946,41,unweighted_fl,10,0.0995222929936305,0,30,None,66,1,5,False,10,10
3947,42,unweighted_fl,10,0.0995222929936305,0,30,None,66,1,5,False,10,10
3948,43,unweighted_fl,10,0.0995222929936305,0,30,None,66,1,5,False,10,10
3949,44,unweighted_fl,10,0.0995222929936305,0,30,None,66,1,5,False,10,10
3950,40,unweighted_fl,10,0.0995222929936305,0,31,None,66,1,5,False,10,10
3951,41,unweighted_fl,10,0.0995222929936305,0,31,None,66,1,5,False,10,10
3952,42,unweighted_fl,10,0.0995222929936305,0,31,None,66,1,5,False,10,10
3953,43,unweighted_fl,10,0.0995222929936305,0,31,None,66,1,5,False,10,10
3954,44,unweighted_fl,10,0.0995222929936305,0,31,None,66,1,5,False,10,10
3955,40,unweighted_fl,10,0.0995222929936305,0,32,None,66,1,5,False,10,10
3956,41,unweighted_fl,10,0.0995222929936305,0,32,None,66,1,5,False,10,10
3957,42,unweighted_fl,10,0.0995222929936305,0,32,None,66,1,5,False,10,10
3958,43,unweighted_fl,10,0.0995222929936305,0,32,None,66,1,5,False,10,10
3959,44,unweighted_fl,10,0.0995222929936305,0,32,None,66,1,5,False,10,10
4125,45,unweighted_fl,10,0.0995222929936305,0,1,None,66,1,5,False,10,10
4126,46,unweighted_fl,10,0.0995222929936305,0,1,None,66,1,5,False,10,10
4127,47,unweighted_fl,10,0.0995222929936305,0,1,None,66,1,5,False,10,10
4128,48,unweighted_fl,10,0.0995222929936305,0,1,None,66,1,5,False,10,10
4129,49,unweighted_fl,10,0.0995222929936305,0,1,None,66,1,5,False,10,10
4130,45,unweighted_fl,10,0.1754578025477707,0,0,None,66,1,5,False,10,10
4131,46,unweighted_fl,10,0.0995222929936305,0,0,None,66,1,5,False,10,10
4132,47,unweighted_fl,10,0.0995222929936305,0,0,None,66,1,5,False,10,10
4133,48,unweighted_fl,10,0.0995222929936305,0,0,None,66,1,5,False,10,10
4134,49,unweighted_fl,10,0.0995222929936305,0,0,None,66,1,5,False,10,10
4135,45,unweighted_fl,10,0.0995222929936305,0,2,None,66,1,5,False,10,10
4136,46,unweighted_fl,10,0.0995222929936305,0,2,None,66,1,5,False,10,10
4137,47,unweighted_fl,10,0.0995222929936305,0,2,None,66,1,5,False,10,10
4138,48,unweighted_fl,10,0.0995222929936305,0,2,None,66,1,5,False,10,10
4139,49,unweighted_fl,10,0.0995222929936305,0,2,None,66,1,5,False,10,10
4140,45,unweighted_fl,10,0.0995222929936305,0,3,None,66,1,5,False,10,10
4141,46,unweighted_fl,10,0.0995222929936305,0,3,None,66,1,5,False,10,10
4142,47,unweighted_fl,10,0.0995222929936305,0,3,None,66,1,5,False,10,10
4143,48,unweighted_fl,10,0.0995222929936305,0,3,None,66,1,5,False,10,10
4144,49,unweighted_fl,10,0.0995222929936305,0,3,None,66,1,5,False,10,10
4145,45,unweighted_fl,10,0.0995222929936305,0,4,None,66,1,5,False,10,10
4146,46,unweighted_fl,10,0.0995222929936305,0,4,None,66,1,5,False,10,10
4147,47,unweighted_fl,10,0.0995222929936305,0,4,None,66,1,5,False,10,10
4148,48,unweighted_fl,10,0.0995222929936305,0,4,None,66,1,5,False,10,10
4149,49,unweighted_fl,10,0.0995222929936305,0,4,None,66,1,5,False,10,10
4150,45,unweighted_fl,10,0.0995222929936305,0,6,None,66,1,5,False,10,10
4151,46,unweighted_fl,10,0.0995222929936305,0,6,None,66,1,5,False,10,10
4152,47,unweighted_fl,10,0.0995222929936305,0,6,None,66,1,5,False,10,10
4153,48,unweighted_fl,10,0.0995222929936305,0,6,None,66,1,5,False,10,10
4154,49,unweighted_fl,10,0.0995222929936305,0,6,None,66,1,5,False,10,10
4155,45,unweighted_fl,10,0.0995222929936305,0,7,None,66,1,5,False,10,10
4156,46,unweighted_fl,10,0.0995222929936305,0,7,None,66,1,5,False,10,10
4157,47,unweighted_fl,10,0.0995222929936305,0,7,None,66,1,5,False,10,10
4158,48,unweighted_fl,10,0.0995222929936305,0,7,None,66,1,5,False,10,10
4159,49,unweighted_fl,10,0.0995222929936305,0,7,None,66,1,5,False,10,10
4160,45,unweighted_fl,10,0.1400278662420382,0,5,None,66,1,5,False,10,10
4161,46,unweighted_fl,10,0.0995222929936305,0,5,None,66,1,5,False,10,10
4162,47,unweighted_fl,10,0.0995222929936305,0,5,None,66,1,5,False,10,10
4163,48,unweighted_fl,10,0.0995222929936305,0,5,None,66,1,5,False,10,10
4164,49,unweighted_fl,10,0.0995222929936305,0,5,None,66,1,5,False,10,10
4165,45,unweighted_fl,10,0.0995222929936305,0,8,None,66,1,5,False,10,10
4166,46,unweighted_fl,10,0.0995222929936305,0,8,None,66,1,5,False,10,10
4167,47,unweighted_fl,10,0.0995222929936305,0,8,None,66,1,5,False,10,10
4168,48,unweighted_fl,10,0.0995222929936305,0,8,None,66,1,5,False,10,10
4169,49,unweighted_fl,10,0.0995222929936305,0,8,None,66,1,5,False,10,10
4170,45,unweighted_fl,10,0.0995222929936305,0,9,None,66,1,5,False,10,10
4171,46,unweighted_fl,10,0.0995222929936305,0,9,None,66,1,5,False,10,10
4172,47,unweighted_fl,10,0.0995222929936305,0,9,None,66,1,5,False,10,10
4173,48,unweighted_fl,10,0.0995222929936305,0,9,None,66,1,5,False,10,10
4174,49,unweighted_fl,10,0.0995222929936305,0,9,None,66,1,5,False,10,10
4175,45,unweighted_fl,10,0.0995222929936305,0,10,None,66,1,5,False,10,10
4176,46,unweighted_fl,10,0.0995222929936305,0,10,None,66,1,5,False,10,10
4177,47,unweighted_fl,10,0.0995222929936305,0,10,None,66,1,5,False,10,10
4178,48,unweighted_fl,10,0.0995222929936305,0,10,None,66,1,5,False,10,10
4179,49,unweighted_fl,10,0.0995222929936305,0,10,None,66,1,5,False,10,10
4180,45,unweighted_fl,10,0.0995222929936305,0,11,None,66,1,5,False,10,10
4181,46,unweighted_fl,10,0.0995222929936305,0,11,None,66,1,5,False,10,10
4182,47,unweighted_fl,10,0.0995222929936305,0,11,None,66,1,5,False,10,10
4183,48,unweighted_fl,10,0.105593152866242,0,11,None,66,1,5,False,10,10
4184,49,unweighted_fl,10,0.0995222929936305,0,11,None,66,1,5,False,10,10
4185,45,unweighted_fl,10,0.0995222929936305,0,12,None,66,1,5,False,10,10
4186,46,unweighted_fl,10,0.0995222929936305,0,12,None,66,1,5,False,10,10
4187,47,unweighted_fl,10,0.0995222929936305,0,12,None,66,1,5,False,10,10
4188,48,unweighted_fl,10,0.0995222929936305,0,12,None,66,1,5,False,10,10
4189,49,unweighted_fl,10,0.0995222929936305,0,12,None,66,1,5,False,10,10
4190,45,unweighted_fl,10,0.0995222929936305,0,14,None,66,1,5,False,10,10
4191,46,unweighted_fl,10,0.0995222929936305,0,14,None,66,1,5,False,10,10
4192,47,unweighted_fl,10,0.0995222929936305,0,14,None,66,1,5,False,10,10
4193,48,unweighted_fl,10,0.0995222929936305,0,14,None,66,1,5,False,10,10
4194,49,unweighted_fl,10,0.0995222929936305,0,14,None,66,1,5,False,10,10
4195,45,unweighted_fl,10,0.0995222929936305,0,13,None,66,1,5,False,10,10
4196,46,unweighted_fl,10,0.0995222929936305,0,13,None,66,1,5,False,10,10
4197,47,unweighted_fl,10,0.0995222929936305,0,13,None,66,1,5,False,10,10
4198,48,unweighted_fl,10,0.0995222929936305,0,13,None,66,1,5,False,10,10
4199,49,unweighted_fl,10,0.0995222929936305,0,13,None,66,1,5,False,10,10
4200,45,unweighted_fl,10,0.0995222929936305,0,15,None,66,1,5,False,10,10
4201,46,unweighted_fl,10,0.0995222929936305,0,15,None,66,1,5,False,10,10
4202,47,unweighted_fl,10,0.0995222929936305,0,15,None,66,1,5,False,10,10
4203,48,unweighted_fl,10,0.0995222929936305,0,15,None,66,1,5,False,10,10
4204,49,unweighted_fl,10,0.0995222929936305,0,15,None,66,1,5,False,10,10
4205,45,unweighted_fl,10,0.0995222929936305,0,17,None,66,1,5,False,10,10
4206,46,unweighted_fl,10,0.0995222929936305,0,17,None,66,1,5,False,10,10
4207,47,unweighted_fl,10,0.0995222929936305,0,17,None,66,1,5,False,10,10
4208,48,unweighted_fl,10,0.0995222929936305,0,17,None,66,1,5,False,10,10
4209,49,unweighted_fl,10,0.0995222929936305,0,17,None,66,1,5,False,10,10
4210,45,unweighted_fl,10,0.0995222929936305,0,16,None,66,1,5,False,10,10
4211,46,unweighted_fl,10,0.0995222929936305,0,16,None,66,1,5,False,10,10
4212,47,unweighted_fl,10,0.0995222929936305,0,16,None,66,1,5,False,10,10
4213,48,unweighted_fl,10,0.0995222929936305,0,16,None,66,1,5,False,10,10
4214,49,unweighted_fl,10,0.0995222929936305,0,16,None,66,1,5,False,10,10
4215,45,unweighted_fl,10,0.0995222929936305,0,18,None,66,1,5,False,10,10
4216,46,unweighted_fl,10,0.0995222929936305,0,18,None,66,1,5,False,10,10
4217,47,unweighted_fl,10,0.0995222929936305,0,18,None,66,1,5,False,10,10
4218,48,unweighted_fl,10,0.0995222929936305,0,18,None,66,1,5,False,10,10
4219,49,unweighted_fl,10,0.0995222929936305,0,18,None,66,1,5,False,10,10
4220,45,unweighted_fl,10,0.12390525477707,0,20,None,66,1,5,False,10,10
4221,46,unweighted_fl,10,0.0995222929936305,0,20,None,66,1,5,False,10,10
4222,47,unweighted_fl,10,0.0995222929936305,0,20,None,66,1,5,False,10,10
4223,48,unweighted_fl,10,0.0995222929936305,0,20,None,66,1,5,False,10,10
4224,49,unweighted_fl,10,0.0995222929936305,0,20,None,66,1,5,False,10,10
4225,45,unweighted_fl,10,0.0995222929936305,0,19,None,66,1,5,False,10,10
4226,46,unweighted_fl,10,0.1806329617834395,0,19,None,66,1,5,False,10,10
4227,47,unweighted_fl,10,0.0995222929936305,0,19,None,66,1,5,False,10,10
4228,48,unweighted_fl,10,0.0995222929936305,0,19,None,66,1,5,False,10,10
4229,49,unweighted_fl,10,0.0995222929936305,0,19,None,66,1,5,False,10,10
4230,45,unweighted_fl,10,0.0995222929936305,0,21,None,66,1,5,False,10,10
4231,46,unweighted_fl,10,0.0995222929936305,0,21,None,66,1,5,False,10,10
4232,47,unweighted_fl,10,0.0995222929936305,0,21,None,66,1,5,False,10,10
4233,48,unweighted_fl,10,0.0995222929936305,0,21,None,66,1,5,False,10,10
4234,49,unweighted_fl,10,0.0995222929936305,0,21,None,66,1,5,False,10,10
4235,45,unweighted_fl,10,0.0995222929936305,0,22,None,66,1,5,False,10,10
4236,46,unweighted_fl,10,0.0995222929936305,0,22,None,66,1,5,False,10,10
4237,47,unweighted_fl,10,0.0995222929936305,0,22,None,66,1,5,False,10,10
4238,48,unweighted_fl,10,0.0995222929936305,0,22,None,66,1,5,False,10,10
4239,49,unweighted_fl,10,0.0995222929936305,0,22,None,66,1,5,False,10,10
4240,45,unweighted_fl,10,0.0995222929936305,0,23,None,66,1,5,False,10,10
4241,46,unweighted_fl,10,0.0995222929936305,0,23,None,66,1,5,False,10,10
4242,47,unweighted_fl,10,0.0995222929936305,0,23,None,66,1,5,False,10,10
4243,48,unweighted_fl,10,0.0995222929936305,0,23,None,66,1,5,False,10,10
4244,49,unweighted_fl,10,0.0995222929936305,0,23,None,66,1,5,False,10,10
4245,45,unweighted_fl,10,0.0995222929936305,0,25,None,66,1,5,False,10,10
4246,46,unweighted_fl,10,0.0995222929936305,0,25,None,66,1,5,False,10,10
4247,47,unweighted_fl,10,0.0995222929936305,0,25,None,66,1,5,False,10,10
4248,48,unweighted_fl,10,0.0995222929936305,0,25,None,66,1,5,False,10,10
4249,49,unweighted_fl,10,0.0995222929936305,0,25,None,66,1,5,False,10,10
4250,45,unweighted_fl,10,0.0995222929936305,0,24,None,66,1,5,False,10,10
4251,46,unweighted_fl,10,0.0995222929936305,0,24,None,66,1,5,False,10,10
4252,47,unweighted_fl,10,0.0995222929936305,0,24,None,66,1,5,False,10,10
4253,48,unweighted_fl,10,0.0995222929936305,0,24,None,66,1,5,False,10,10
4254,49,unweighted_fl,10,0.0995222929936305,0,24,None,66,1,5,False,10,10
4255,45,unweighted_fl,10,0.0995222929936305,0,26,None,66,1,5,False,10,10
4256,46,unweighted_fl,10,0.0995222929936305,0,26,None,66,1,5,False,10,10
4257,47,unweighted_fl,10,0.0995222929936305,0,26,None,66,1,5,False,10,10
4258,48,unweighted_fl,10,0.0995222929936305,0,26,None,66,1,5,False,10,10
4259,49,unweighted_fl,10,0.0995222929936305,0,26,None,66,1,5,False,10,10
4260,45,unweighted_fl,10,0.0995222929936305,0,27,None,66,1,5,False,10,10
4261,46,unweighted_fl,10,0.1081807324840764,0,27,None,66,1,5,False,10,10
4262,47,unweighted_fl,10,0.0995222929936305,0,27,None,66,1,5,False,10,10
4263,48,unweighted_fl,10,0.0995222929936305,0,27,None,66,1,5,False,10,10
4264,49,unweighted_fl,10,0.0995222929936305,0,27,None,66,1,5,False,10,10
4265,45,unweighted_fl,10,0.0995222929936305,0,28,None,66,1,5,False,10,10
4266,46,unweighted_fl,10,0.0995222929936305,0,28,None,66,1,5,False,10,10
4267,47,unweighted_fl,10,0.0995222929936305,0,28,None,66,1,5,False,10,10
4268,48,unweighted_fl,10,0.0995222929936305,0,28,None,66,1,5,False,10,10
4269,49,unweighted_fl,10,0.0995222929936305,0,28,None,66,1,5,False,10,10
4270,45,unweighted_fl,10,0.0995222929936305,0,30,None,66,1,5,False,10,10
4271,46,unweighted_fl,10,0.0995222929936305,0,30,None,66,1,5,False,10,10
4272,47,unweighted_fl,10,0.0995222929936305,0,30,None,66,1,5,False,10,10
4273,48,unweighted_fl,10,0.0995222929936305,0,30,None,66,1,5,False,10,10
4274,49,unweighted_fl,10,0.0995222929936305,0,30,None,66,1,5,False,10,10
4275,45,unweighted_fl,10,0.0995222929936305,0,29,None,66,1,5,False,10,10
4276,46,unweighted_fl,10,0.0995222929936305,0,29,None,66,1,5,False,10,10
4277,47,unweighted_fl,10,0.0995222929936305,0,29,None,66,1,5,False,10,10
4278,48,unweighted_fl,10,0.0995222929936305,0,29,None,66,1,5,False,10,10
4279,49,unweighted_fl,10,0.0995222929936305,0,29,None,66,1,5,False,10,10
4280,45,unweighted_fl,10,0.0995222929936305,0,31,None,66,1,5,False,10,10
4281,46,unweighted_fl,10,0.0995222929936305,0,31,None,66,1,5,False,10,10
4282,47,unweighted_fl,10,0.0995222929936305,0,31,None,66,1,5,False,10,10
4283,48,unweighted_fl,10,0.0995222929936305,0,31,None,66,1,5,False,10,10
4284,49,unweighted_fl,10,0.0995222929936305,0,31,None,66,1,5,False,10,10
4285,45,unweighted_fl,10,0.0995222929936305,0,32,None,66,1,5,False,10,10
4286,46,unweighted_fl,10,0.0995222929936305,0,32,None,66,1,5,False,10,10
4287,47,unweighted_fl,10,0.0995222929936305,0,32,None,66,1,5,False,10,10
4288,48,unweighted_fl,10,0.0995222929936305,0,32,None,66,1,5,False,10,10
4289,49,unweighted_fl,10,0.0995222929936305,0,32,None,66,1,5,False,10,10
4290,50,unweighted_fl,10,0.0995222929936305,0,1,None,66,1,5,False,10,10
4291,51,unweighted_fl,10,0.0995222929936305,0,1,None,66,1,5,False,10,10
4292,52,unweighted_fl,10,0.0995222929936305,0,1,None,66,1,5,False,10,10
4293,53,unweighted_fl,10,0.0995222929936305,0,1,None,66,1,5,False,10,10
4294,54,unweighted_fl,10,0.0995222929936305,0,1,None,66,1,5,False,10,10
4295,50,unweighted_fl,10,0.1008160828025477,0,0,None,66,1,5,False,10,10
4296,51,unweighted_fl,10,0.0995222929936305,0,0,None,66,1,5,False,10,10
4297,52,unweighted_fl,10,0.0995222929936305,0,0,None,66,1,5,False,10,10
4298,53,unweighted_fl,10,0.0995222929936305,0,0,None,66,1,5,False,10,10
4299,54,unweighted_fl,10,0.0995222929936305,0,0,None,66,1,5,False,10,10
4300,50,unweighted_fl,10,0.0995222929936305,0,2,None,66,1,5,False,10,10
4301,51,unweighted_fl,10,0.0995222929936305,0,2,None,66,1,5,False,10,10
4302,52,unweighted_fl,10,0.0995222929936305,0,2,None,66,1,5,False,10,10
4303,53,unweighted_fl,10,0.0995222929936305,0,2,None,66,1,5,False,10,10
4304,54,unweighted_fl,10,0.0995222929936305,0,2,None,66,1,5,False,10,10
4305,50,unweighted_fl,10,0.0995222929936305,0,3,None,66,1,5,False,10,10
4306,51,unweighted_fl,10,0.1040007961783439,0,3,None,66,1,5,False,10,10
4307,52,unweighted_fl,10,0.0995222929936305,0,3,None,66,1,5,False,10,10
4308,53,unweighted_fl,10,0.0995222929936305,0,3,None,66,1,5,False,10,10
4309,54,unweighted_fl,10,0.0995222929936305,0,3,None,66,1,5,False,10,10
4310,50,unweighted_fl,10,0.0995222929936305,0,4,None,66,1,5,False,10,10
4311,51,unweighted_fl,10,0.0995222929936305,0,4,None,66,1,5,False,10,10
4312,52,unweighted_fl,10,0.0995222929936305,0,4,None,66,1,5,False,10,10
4313,53,unweighted_fl,10,0.0995222929936305,0,4,None,66,1,5,False,10,10
4314,54,unweighted_fl,10,0.0995222929936305,0,4,None,66,1,5,False,10,10
4315,50,unweighted_fl,10,0.0995222929936305,0,5,None,66,1,5,False,10,10
4316,51,unweighted_fl,10,0.0995222929936305,0,5,None,66,1,5,False,10,10
4317,52,unweighted_fl,10,0.0995222929936305,0,5,None,66,1,5,False,10,10
4318,53,unweighted_fl,10,0.0995222929936305,0,5,None,66,1,5,False,10,10
4319,54,unweighted_fl,10,0.0995222929936305,0,5,None,66,1,5,False,10,10
4320,50,unweighted_fl,10,0.0995222929936305,0,6,None,66,1,5,False,10,10
4321,51,unweighted_fl,10,0.0995222929936305,0,6,None,66,1,5,False,10,10
4322,52,unweighted_fl,10,0.0995222929936305,0,6,None,66,1,5,False,10,10
4323,53,unweighted_fl,10,0.0995222929936305,0,6,None,66,1,5,False,10,10
4324,54,unweighted_fl,10,0.0995222929936305,0,6,None,66,1,5,False,10,10
4325,50,unweighted_fl,10,0.0995222929936305,0,8,None,66,1,5,False,10,10
4326,51,unweighted_fl,10,0.0995222929936305,0,8,None,66,1,5,False,10,10
4327,52,unweighted_fl,10,0.0995222929936305,0,8,None,66,1,5,False,10,10
4328,53,unweighted_fl,10,0.0995222929936305,0,8,None,66,1,5,False,10,10
4329,54,unweighted_fl,10,0.0995222929936305,0,8,None,66,1,5,False,10,10
4330,50,unweighted_fl,10,0.0995222929936305,0,7,None,66,1,5,False,10,10
4331,51,unweighted_fl,10,0.0995222929936305,0,7,None,66,1,5,False,10,10
4332,52,unweighted_fl,10,0.0995222929936305,0,7,None,66,1,5,False,10,10
4333,53,unweighted_fl,10,0.0995222929936305,0,7,None,66,1,5,False,10,10
4334,54,unweighted_fl,10,0.0995222929936305,0,7,None,66,1,5,False,10,10
4335,50,unweighted_fl,10,0.0995222929936305,0,9,None,66,1,5,False,10,10
4336,51,unweighted_fl,10,0.0995222929936305,0,9,None,66,1,5,False,10,10
4337,52,unweighted_fl,10,0.0995222929936305,0,9,None,66,1,5,False,10,10
4338,53,unweighted_fl,10,0.0995222929936305,0,9,None,66,1,5,False,10,10
4339,54,unweighted_fl,10,0.0995222929936305,0,9,None,66,1,5,False,10,10
4340,50,unweighted_fl,10,0.0995222929936305,0,10,None,66,1,5,False,10,10
4341,51,unweighted_fl,10,0.0995222929936305,0,10,None,66,1,5,False,10,10
4342,52,unweighted_fl,10,0.0995222929936305,0,10,None,66,1,5,False,10,10
4343,53,unweighted_fl,10,0.0995222929936305,0,10,None,66,1,5,False,10,10
4344,54,unweighted_fl,10,0.0995222929936305,0,10,None,66,1,5,False,10,10
4345,50,unweighted_fl,10,0.0995222929936305,0,11,None,66,1,5,False,10,10
4346,51,unweighted_fl,10,0.0995222929936305,0,11,None,66,1,5,False,10,10
4347,52,unweighted_fl,10,0.0995222929936305,0,11,None,66,1,5,False,10,10
4348,53,unweighted_fl,10,0.0995222929936305,0,11,None,66,1,5,False,10,10
4349,54,unweighted_fl,10,0.0995222929936305,0,11,None,66,1,5,False,10,10
4350,50,unweighted_fl,10,0.0995222929936305,0,13,None,66,1,5,False,10,10
4351,51,unweighted_fl,10,0.0995222929936305,0,13,None,66,1,5,False,10,10
4352,52,unweighted_fl,10,0.0995222929936305,0,13,None,66,1,5,False,10,10
4353,53,unweighted_fl,10,0.1390326433121019,0,13,None,66,1,5,False,10,10
4354,54,unweighted_fl,10,0.0995222929936305,0,13,None,66,1,5,False,10,10
4355,50,unweighted_fl,10,0.0995222929936305,0,12,None,66,1,5,False,10,10
4356,51,unweighted_fl,10,0.0995222929936305,0,12,None,66,1,5,False,10,10
4357,52,unweighted_fl,10,0.0995222929936305,0,12,None,66,1,5,False,10,10
4358,53,unweighted_fl,10,0.0995222929936305,0,12,None,66,1,5,False,10,10
4359,54,unweighted_fl,10,0.0995222929936305,0,12,None,66,1,5,False,10,10
4360,50,unweighted_fl,10,0.0995222929936305,0,14,None,66,1,5,False,10,10
4361,51,unweighted_fl,10,0.0995222929936305,0,14,None,66,1,5,False,10,10
4362,52,unweighted_fl,10,0.0995222929936305,0,14,None,66,1,5,False,10,10
4363,53,unweighted_fl,10,0.0995222929936305,0,14,None,66,1,5,False,10,10
4364,54,unweighted_fl,10,0.0995222929936305,0,14,None,66,1,5,False,10,10
4365,50,unweighted_fl,10,0.0995222929936305,0,15,None,66,1,5,False,10,10
4366,51,unweighted_fl,10,0.0995222929936305,0,15,None,66,1,5,False,10,10
4367,52,unweighted_fl,10,0.0995222929936305,0,15,None,66,1,5,False,10,10
4368,53,unweighted_fl,10,0.0995222929936305,0,15,None,66,1,5,False,10,10
4369,54,unweighted_fl,10,0.0995222929936305,0,15,None,66,1,5,False,10,10
4370,50,unweighted_fl,10,0.0995222929936305,0,16,None,66,1,5,False,10,10
4371,51,unweighted_fl,10,0.0995222929936305,0,16,None,66,1,5,False,10,10
4372,52,unweighted_fl,10,0.0995222929936305,0,16,None,66,1,5,False,10,10
4373,53,unweighted_fl,10,0.0995222929936305,0,16,None,66,1,5,False,10,10
4374,54,unweighted_fl,10,0.0995222929936305,0,16,None,66,1,5,False,10,10
4375,50,unweighted_fl,10,0.0995222929936305,0,17,None,66,1,5,False,10,10
4376,51,unweighted_fl,10,0.0995222929936305,0,17,None,66,1,5,False,10,10
4377,52,unweighted_fl,10,0.0995222929936305,0,17,None,66,1,5,False,10,10
4378,53,unweighted_fl,10,0.0995222929936305,0,17,None,66,1,5,False,10,10
4379,54,unweighted_fl,10,0.0995222929936305,0,17,None,66,1,5,False,10,10
4380,50,unweighted_fl,10,0.0995222929936305,0,18,None,66,1,5,False,10,10
4381,51,unweighted_fl,10,0.0995222929936305,0,18,None,66,1,5,False,10,10
4382,52,unweighted_fl,10,0.0995222929936305,0,18,None,66,1,5,False,10,10
4383,53,unweighted_fl,10,0.0995222929936305,0,18,None,66,1,5,False,10,10
4384,54,unweighted_fl,10,0.0995222929936305,0,18,None,66,1,5,False,10,10
4385,50,unweighted_fl,10,0.1041003184713375,0,20,None,66,1,5,False,10,10
4386,51,unweighted_fl,10,0.0995222929936305,0,20,None,66,1,5,False,10,10
4387,52,unweighted_fl,10,0.0995222929936305,0,20,None,66,1,5,False,10,10
4388,53,unweighted_fl,10,0.0995222929936305,0,20,None,66,1,5,False,10,10
4389,54,unweighted_fl,10,0.0995222929936305,0,20,None,66,1,5,False,10,10
4390,50,unweighted_fl,10,0.0995222929936305,0,19,None,66,1,5,False,10,10
4391,51,unweighted_fl,10,0.0995222929936305,0,19,None,66,1,5,False,10,10
4392,52,unweighted_fl,10,0.0995222929936305,0,19,None,66,1,5,False,10,10
4393,53,unweighted_fl,10,0.0995222929936305,0,19,None,66,1,5,False,10,10
4394,54,unweighted_fl,10,0.0995222929936305,0,19,None,66,1,5,False,10,10
4395,50,unweighted_fl,10,0.1049960191082802,0,21,None,66,1,5,False,10,10
4396,51,unweighted_fl,10,0.0995222929936305,0,21,None,66,1,5,False,10,10
4397,52,unweighted_fl,10,0.0995222929936305,0,21,None,66,1,5,False,10,10
4398,53,unweighted_fl,10,0.0995222929936305,0,21,None,66,1,5,False,10,10
4399,54,unweighted_fl,10,0.0995222929936305,0,21,None,66,1,5,False,10,10
4400,50,unweighted_fl,10,0.0995222929936305,0,22,None,66,1,5,False,10,10
4401,51,unweighted_fl,10,0.0995222929936305,0,22,None,66,1,5,False,10,10
4402,52,unweighted_fl,10,0.0995222929936305,0,22,None,66,1,5,False,10,10
4403,53,unweighted_fl,10,0.0995222929936305,0,22,None,66,1,5,False,10,10
4404,54,unweighted_fl,10,0.0995222929936305,0,22,None,66,1,5,False,10,10
4405,50,unweighted_fl,10,0.0995222929936305,0,23,None,66,1,5,False,10,10
4406,51,unweighted_fl,10,0.0995222929936305,0,23,None,66,1,5,False,10,10
4407,52,unweighted_fl,10,0.0995222929936305,0,23,None,66,1,5,False,10,10
4408,53,unweighted_fl,10,0.0995222929936305,0,23,None,66,1,5,False,10,10
4409,54,unweighted_fl,10,0.0995222929936305,0,23,None,66,1,5,False,10,10
4410,50,unweighted_fl,10,0.0995222929936305,0,24,None,66,1,5,False,10,10
4411,51,unweighted_fl,10,0.0995222929936305,0,24,None,66,1,5,False,10,10
4412,52,unweighted_fl,10,0.0995222929936305,0,24,None,66,1,5,False,10,10
4413,53,unweighted_fl,10,0.0995222929936305,0,24,None,66,1,5,False,10,10
4414,54,unweighted_fl,10,0.0995222929936305,0,24,None,66,1,5,False,10,10
4415,50,unweighted_fl,10,0.0995222929936305,0,25,None,66,1,5,False,10,10
4416,51,unweighted_fl,10,0.0995222929936305,0,25,None,66,1,5,False,10,10
4417,52,unweighted_fl,10,0.0995222929936305,0,25,None,66,1,5,False,10,10
4418,53,unweighted_fl,10,0.0995222929936305,0,25,None,66,1,5,False,10,10
4419,54,unweighted_fl,10,0.0995222929936305,0,25,None,66,1,5,False,10,10
4420,50,unweighted_fl,10,0.0995222929936305,0,27,None,66,1,5,False,10,10
4421,51,unweighted_fl,10,0.0995222929936305,0,27,None,66,1,5,False,10,10
4422,52,unweighted_fl,10,0.0995222929936305,0,27,None,66,1,5,False,10,10
4423,53,unweighted_fl,10,0.0995222929936305,0,27,None,66,1,5,False,10,10
4424,54,unweighted_fl,10,0.0995222929936305,0,27,None,66,1,5,False,10,10
4425,50,unweighted_fl,10,0.0995222929936305,0,26,None,66,1,5,False,10,10
4426,51,unweighted_fl,10,0.0995222929936305,0,26,None,66,1,5,False,10,10
4427,52,unweighted_fl,10,0.0995222929936305,0,26,None,66,1,5,False,10,10
4428,53,unweighted_fl,10,0.0995222929936305,0,26,None,66,1,5,False,10,10
4429,54,unweighted_fl,10,0.0995222929936305,0,26,None,66,1,5,False,10,10
4430,50,unweighted_fl,10,0.0995222929936305,0,28,None,66,1,5,False,10,10
4431,51,unweighted_fl,10,0.0995222929936305,0,28,None,66,1,5,False,10,10
4432,52,unweighted_fl,10,0.0995222929936305,0,28,None,66,1,5,False,10,10
4433,53,unweighted_fl,10,0.0995222929936305,0,28,None,66,1,5,False,10,10
4434,54,unweighted_fl,10,0.0995222929936305,0,28,None,66,1,5,False,10,10
4435,50,unweighted_fl,10,0.0995222929936305,0,29,None,66,1,5,False,10,10
4436,51,unweighted_fl,10,0.0995222929936305,0,29,None,66,1,5,False,10,10
4437,52,unweighted_fl,10,0.0995222929936305,0,29,None,66,1,5,False,10,10
4438,53,unweighted_fl,10,0.0995222929936305,0,29,None,66,1,5,False,10,10
4439,54,unweighted_fl,10,0.0995222929936305,0,29,None,66,1,5,False,10,10
4440,50,unweighted_fl,10,0.0995222929936305,0,30,None,66,1,5,False,10,10
4441,51,unweighted_fl,10,0.0995222929936305,0,30,None,66,1,5,False,10,10
4442,52,unweighted_fl,10,0.0995222929936305,0,30,None,66,1,5,False,10,10
4443,53,unweighted_fl,10,0.0995222929936305,0,30,None,66,1,5,False,10,10
4444,54,unweighted_fl,10,0.0995222929936305,0,30,None,66,1,5,False,10,10
4445,50,unweighted_fl,10,0.1757563694267516,0,31,None,66,1,5,False,10,10
4446,51,unweighted_fl,10,0.0995222929936305,0,31,None,66,1,5,False,10,10
4447,52,unweighted_fl,10,0.0995222929936305,0,31,None,66,1,5,False,10,10
4448,53,unweighted_fl,10,0.0995222929936305,0,31,None,66,1,5,False,10,10
4449,54,unweighted_fl,10,0.0995222929936305,0,31,None,66,1,5,False,10,10
4450,50,unweighted_fl,10,0.0995222929936305,0,32,None,66,1,5,False,10,10
4451,51,unweighted_fl,10,0.0995222929936305,0,32,None,66,1,5,False,10,10
4452,52,unweighted_fl,10,0.0995222929936305,0,32,None,66,1,5,False,10,10
4453,53,unweighted_fl,10,0.0995222929936305,0,32,None,66,1,5,False,10,10
4454,54,unweighted_fl,10,0.0995222929936305,0,32,None,66,1,5,False,10,10
4950,55,unweighted_fl,10,0.0995222929936305,0,1,None,66,1,5,False,10,10
4951,56,unweighted_fl,10,0.0995222929936305,0,1,None,66,1,5,False,10,10
4952,57,unweighted_fl,10,0.0995222929936305,0,1,None,66,1,5,False,10,10
4953,58,unweighted_fl,10,0.0995222929936305,0,1,None,66,1,5,False,10,10
4954,59,unweighted_fl,10,0.0995222929936305,0,1,None,66,1,5,False,10,10
4955,55,unweighted_fl,10,0.0995222929936305,0,0,None,66,1,5,False,10,10
4956,56,unweighted_fl,10,0.130374203821656,0,0,None,66,1,5,False,10,10
4957,57,unweighted_fl,10,0.0995222929936305,0,0,None,66,1,5,False,10,10
4958,58,unweighted_fl,10,0.0995222929936305,0,0,None,66,1,5,False,10,10
4959,59,unweighted_fl,10,0.0995222929936305,0,0,None,66,1,5,False,10,10
4960,55,unweighted_fl,10,0.0995222929936305,0,2,None,66,1,5,False,10,10
4961,56,unweighted_fl,10,0.0995222929936305,0,2,None,66,1,5,False,10,10
4962,57,unweighted_fl,10,0.0995222929936305,0,2,None,66,1,5,False,10,10
4963,58,unweighted_fl,10,0.0995222929936305,0,2,None,66,1,5,False,10,10
4964,59,unweighted_fl,10,0.0995222929936305,0,2,None,66,1,5,False,10,10
4965,55,unweighted_fl,10,0.0995222929936305,0,3,None,66,1,5,False,10,10
4966,56,unweighted_fl,10,0.0995222929936305,0,3,None,66,1,5,False,10,10
4967,57,unweighted_fl,10,0.0995222929936305,0,3,None,66,1,5,False,10,10
4968,58,unweighted_fl,10,0.0995222929936305,0,3,None,66,1,5,False,10,10
4969,59,unweighted_fl,10,0.0995222929936305,0,3,None,66,1,5,False,10,10
4970,55,unweighted_fl,10,0.0995222929936305,0,4,None,66,1,5,False,10,10
4971,56,unweighted_fl,10,0.0995222929936305,0,4,None,66,1,5,False,10,10
4972,57,unweighted_fl,10,0.0995222929936305,0,4,None,66,1,5,False,10,10
4973,58,unweighted_fl,10,0.0995222929936305,0,4,None,66,1,5,False,10,10
4974,59,unweighted_fl,10,0.0995222929936305,0,4,None,66,1,5,False,10,10
4975,55,unweighted_fl,10,0.0995222929936305,0,5,None,66,1,5,False,10,10
4976,56,unweighted_fl,10,0.0995222929936305,0,5,None,66,1,5,False,10,10
4977,57,unweighted_fl,10,0.0995222929936305,0,5,None,66,1,5,False,10,10
4978,58,unweighted_fl,10,0.0995222929936305,0,5,None,66,1,5,False,10,10
4979,59,unweighted_fl,10,0.0995222929936305,0,5,None,66,1,5,False,10,10
4980,55,unweighted_fl,10,0.0995222929936305,0,6,None,66,1,5,False,10,10
4981,56,unweighted_fl,10,0.0995222929936305,0,6,None,66,1,5,False,10,10
4982,57,unweighted_fl,10,0.0995222929936305,0,6,None,66,1,5,False,10,10
4983,58,unweighted_fl,10,0.0995222929936305,0,6,None,66,1,5,False,10,10
4984,59,unweighted_fl,10,0.0995222929936305,0,6,None,66,1,5,False,10,10
4985,55,unweighted_fl,10,0.0995222929936305,0,8,None,66,1,5,False,10,10
4986,56,unweighted_fl,10,0.0995222929936305,0,8,None,66,1,5,False,10,10
4987,57,unweighted_fl,10,0.0995222929936305,0,8,None,66,1,5,False,10,10
4988,58,unweighted_fl,10,0.0995222929936305,0,8,None,66,1,5,False,10,10
4989,59,unweighted_fl,10,0.0995222929936305,0,8,None,66,1,5,False,10,10
4990,55,unweighted_fl,10,0.0995222929936305,0,9,None,66,1,5,False,10,10
4991,56,unweighted_fl,10,0.0995222929936305,0,9,None,66,1,5,False,10,10
4992,57,unweighted_fl,10,0.1266918789808917,0,9,None,66,1,5,False,10,10
4993,58,unweighted_fl,10,0.0995222929936305,0,9,None,66,1,5,False,10,10
4994,59,unweighted_fl,10,0.0995222929936305,0,9,None,66,1,5,False,10,10
4995,55,unweighted_fl,10,0.0995222929936305,0,7,None,66,1,5,False,10,10
4996,56,unweighted_fl,10,0.0995222929936305,0,7,None,66,1,5,False,10,10
4997,57,unweighted_fl,10,0.0995222929936305,0,7,None,66,1,5,False,10,10
4998,58,unweighted_fl,10,0.0995222929936305,0,7,None,66,1,5,False,10,10
4999,59,unweighted_fl,10,0.0995222929936305,0,7,None,66,1,5,False,10,10
5000,55,unweighted_fl,10,0.0995222929936305,0,10,None,66,1,5,False,10,10
5001,56,unweighted_fl,10,0.0995222929936305,0,10,None,66,1,5,False,10,10
5002,57,unweighted_fl,10,0.0995222929936305,0,10,None,66,1,5,False,10,10
5003,58,unweighted_fl,10,0.0995222929936305,0,10,None,66,1,5,False,10,10
5004,59,unweighted_fl,10,0.0995222929936305,0,10,None,66,1,5,False,10,10
5005,55,unweighted_fl,10,0.0995222929936305,0,11,None,66,1,5,False,10,10
5006,56,unweighted_fl,10,0.0995222929936305,0,11,None,66,1,5,False,10,10
5007,57,unweighted_fl,10,0.0995222929936305,0,11,None,66,1,5,False,10,10
5008,58,unweighted_fl,10,0.0995222929936305,0,11,None,66,1,5,False,10,10
5009,59,unweighted_fl,10,0.0995222929936305,0,11,None,66,1,5,False,10,10
5010,55,unweighted_fl,10,0.0995222929936305,0,12,None,66,1,5,False,10,10
5011,56,unweighted_fl,10,0.0995222929936305,0,12,None,66,1,5,False,10,10
5012,57,unweighted_fl,10,0.0995222929936305,0,12,None,66,1,5,False,10,10
5013,58,unweighted_fl,10,0.0995222929936305,0,12,None,66,1,5,False,10,10
5014,59,unweighted_fl,10,0.0995222929936305,0,12,None,66,1,5,False,10,10
5015,55,unweighted_fl,10,0.0995222929936305,0,14,None,66,1,5,False,10,10
5016,56,unweighted_fl,10,0.0995222929936305,0,14,None,66,1,5,False,10,10
5017,57,unweighted_fl,10,0.0995222929936305,0,14,None,66,1,5,False,10,10
5018,58,unweighted_fl,10,0.0995222929936305,0,14,None,66,1,5,False,10,10
5019,59,unweighted_fl,10,0.0995222929936305,0,14,None,66,1,5,False,10,10
5020,55,unweighted_fl,10,0.0995222929936305,0,13,None,66,1,5,False,10,10
5021,56,unweighted_fl,10,0.0995222929936305,0,13,None,66,1,5,False,10,10
5022,57,unweighted_fl,10,0.0995222929936305,0,13,None,66,1,5,False,10,10
5023,58,unweighted_fl,10,0.0995222929936305,0,13,None,66,1,5,False,10,10
5024,59,unweighted_fl,10,0.0995222929936305,0,13,None,66,1,5,False,10,10
5025,55,unweighted_fl,10,0.0995222929936305,0,15,None,66,1,5,False,10,10
5026,56,unweighted_fl,10,0.0995222929936305,0,15,None,66,1,5,False,10,10
5027,57,unweighted_fl,10,0.0995222929936305,0,15,None,66,1,5,False,10,10
5028,58,unweighted_fl,10,0.0995222929936305,0,15,None,66,1,5,False,10,10
5029,59,unweighted_fl,10,0.0995222929936305,0,15,None,66,1,5,False,10,10
5030,55,unweighted_fl,10,0.0995222929936305,0,17,None,66,1,5,False,10,10
5031,56,unweighted_fl,10,0.0995222929936305,0,17,None,66,1,5,False,10,10
5032,57,unweighted_fl,10,0.0995222929936305,0,17,None,66,1,5,False,10,10
5033,58,unweighted_fl,10,0.0995222929936305,0,17,None,66,1,5,False,10,10
5034,59,unweighted_fl,10,0.0995222929936305,0,17,None,66,1,5,False,10,10
5035,55,unweighted_fl,10,0.0995222929936305,0,16,None,66,1,5,False,10,10
5036,56,unweighted_fl,10,0.0995222929936305,0,16,None,66,1,5,False,10,10
5037,57,unweighted_fl,10,0.0995222929936305,0,16,None,66,1,5,False,10,10
5038,58,unweighted_fl,10,0.0995222929936305,0,16,None,66,1,5,False,10,10
5039,59,unweighted_fl,10,0.0995222929936305,0,16,None,66,1,5,False,10,10
5040,55,unweighted_fl,10,0.0995222929936305,0,18,None,66,1,5,False,10,10
5041,56,unweighted_fl,10,0.0995222929936305,0,18,None,66,1,5,False,10,10
5042,57,unweighted_fl,10,0.0995222929936305,0,18,None,66,1,5,False,10,10
5043,58,unweighted_fl,10,0.0995222929936305,0,18,None,66,1,5,False,10,10
5044,59,unweighted_fl,10,0.0995222929936305,0,18,None,66,1,5,False,10,10
5045,55,unweighted_fl,10,0.1519705414012739,0,20,None,66,1,5,False,10,10
5046,56,unweighted_fl,10,0.0995222929936305,0,20,None,66,1,5,False,10,10
5047,57,unweighted_fl,10,0.0995222929936305,0,20,None,66,1,5,False,10,10
5048,58,unweighted_fl,10,0.0995222929936305,0,20,None,66,1,5,False,10,10
5049,59,unweighted_fl,10,0.0995222929936305,0,20,None,66,1,5,False,10,10
5050,55,unweighted_fl,10,0.0995222929936305,0,21,None,66,1,5,False,10,10
5051,56,unweighted_fl,10,0.0995222929936305,0,21,None,66,1,5,False,10,10
5052,57,unweighted_fl,10,0.0995222929936305,0,21,None,66,1,5,False,10,10
5053,58,unweighted_fl,10,0.0995222929936305,0,21,None,66,1,5,False,10,10
5054,59,unweighted_fl,10,0.0995222929936305,0,21,None,66,1,5,False,10,10
5055,55,unweighted_fl,10,0.0995222929936305,0,19,None,66,1,5,False,10,10
5056,56,unweighted_fl,10,0.0995222929936305,0,19,None,66,1,5,False,10,10
5057,57,unweighted_fl,10,0.0995222929936305,0,19,None,66,1,5,False,10,10
5058,58,unweighted_fl,10,0.0995222929936305,0,19,None,66,1,5,False,10,10
5059,59,unweighted_fl,10,0.0995222929936305,0,19,None,66,1,5,False,10,10
5060,55,unweighted_fl,10,0.0995222929936305,0,22,None,66,1,5,False,10,10
5061,56,unweighted_fl,10,0.0995222929936305,0,22,None,66,1,5,False,10,10
5062,57,unweighted_fl,10,0.0995222929936305,0,22,None,66,1,5,False,10,10
5063,58,unweighted_fl,10,0.0995222929936305,0,22,None,66,1,5,False,10,10
5064,59,unweighted_fl,10,0.0995222929936305,0,22,None,66,1,5,False,10,10
5065,55,unweighted_fl,10,0.0995222929936305,0,24,None,66,1,5,False,10,10
5066,56,unweighted_fl,10,0.0995222929936305,0,24,None,66,1,5,False,10,10
5067,57,unweighted_fl,10,0.0995222929936305,0,24,None,66,1,5,False,10,10
5068,58,unweighted_fl,10,0.0995222929936305,0,24,None,66,1,5,False,10,10
5069,59,unweighted_fl,10,0.0995222929936305,0,24,None,66,1,5,False,10,10
5070,55,unweighted_fl,10,0.0995222929936305,0,23,None,66,1,5,False,10,10
5071,56,unweighted_fl,10,0.0995222929936305,0,23,None,66,1,5,False,10,10
5072,57,unweighted_fl,10,0.0995222929936305,0,23,None,66,1,5,False,10,10
5073,58,unweighted_fl,10,0.0995222929936305,0,23,None,66,1,5,False,10,10
5074,59,unweighted_fl,10,0.0995222929936305,0,23,None,66,1,5,False,10,10
5075,55,unweighted_fl,10,0.0995222929936305,0,25,None,66,1,5,False,10,10
5076,56,unweighted_fl,10,0.0995222929936305,0,25,None,66,1,5,False,10,10
5077,57,unweighted_fl,10,0.0995222929936305,0,25,None,66,1,5,False,10,10
5078,58,unweighted_fl,10,0.0995222929936305,0,25,None,66,1,5,False,10,10
5079,59,unweighted_fl,10,0.0995222929936305,0,25,None,66,1,5,False,10,10
5080,55,unweighted_fl,10,0.0995222929936305,0,27,None,66,1,5,False,10,10
5081,56,unweighted_fl,10,0.0995222929936305,0,27,None,66,1,5,False,10,10
5082,57,unweighted_fl,10,0.0995222929936305,0,27,None,66,1,5,False,10,10
5083,58,unweighted_fl,10,0.0995222929936305,0,27,None,66,1,5,False,10,10
5084,59,unweighted_fl,10,0.0995222929936305,0,27,None,66,1,5,False,10,10
5085,55,unweighted_fl,10,0.1028065286624203,0,26,None,66,1,5,False,10,10
5086,56,unweighted_fl,10,0.0995222929936305,0,26,None,66,1,5,False,10,10
5087,57,unweighted_fl,10,0.0995222929936305,0,26,None,66,1,5,False,10,10
5088,58,unweighted_fl,10,0.0995222929936305,0,26,None,66,1,5,False,10,10
5089,59,unweighted_fl,10,0.0995222929936305,0,26,None,66,1,5,False,10,10
5090,55,unweighted_fl,10,0.0995222929936305,0,28,None,66,1,5,False,10,10
5091,56,unweighted_fl,10,0.0995222929936305,0,28,None,66,1,5,False,10,10
5092,57,unweighted_fl,10,0.0995222929936305,0,28,None,66,1,5,False,10,10
5093,58,unweighted_fl,10,0.0995222929936305,0,28,None,66,1,5,False,10,10
5094,59,unweighted_fl,10,0.0995222929936305,0,28,None,66,1,5,False,10,10
5095,55,unweighted_fl,10,0.0995222929936305,0,30,None,66,1,5,False,10,10
5096,56,unweighted_fl,10,0.0995222929936305,0,30,None,66,1,5,False,10,10
5097,57,unweighted_fl,10,0.0995222929936305,0,30,None,66,1,5,False,10,10
5098,58,unweighted_fl,10,0.0995222929936305,0,30,None,66,1,5,False,10,10
5099,59,unweighted_fl,10,0.0995222929936305,0,30,None,66,1,5,False,10,10
5100,55,unweighted_fl,10,0.1294785031847133,0,31,None,66,1,5,False,10,10
5101,56,unweighted_fl,10,0.0995222929936305,0,31,None,66,1,5,False,10,10
5102,57,unweighted_fl,10,0.0995222929936305,0,31,None,66,1,5,False,10,10
5103,58,unweighted_fl,10,0.0995222929936305,0,31,None,66,1,5,False,10,10
5104,59,unweighted_fl,10,0.0995222929936305,0,31,None,66,1,5,False,10,10
5105,55,unweighted_fl,10,0.0995222929936305,0,29,None,66,1,5,False,10,10
5106,56,unweighted_fl,10,0.0995222929936305,0,29,None,66,1,5,False,10,10
5107,57,unweighted_fl,10,0.0995222929936305,0,29,None,66,1,5,False,10,10
5108,58,unweighted_fl,10,0.0995222929936305,0,29,None,66,1,5,False,10,10
5109,59,unweighted_fl,10,0.0995222929936305,0,29,None,66,1,5,False,10,10
5110,55,unweighted_fl,10,0.0995222929936305,0,32,None,66,1,5,False,10,10
5111,56,unweighted_fl,10,0.0995222929936305,0,32,None,66,1,5,False,10,10
5112,57,unweighted_fl,10,0.0995222929936305,0,32,None,66,1,5,False,10,10
5113,58,unweighted_fl,10,0.0995222929936305,0,32,None,66,1,5,False,10,10
5114,59,unweighted_fl,10,0.0995222929936305,0,32,None,66,1,5,False,10,10
5115,60,unweighted_fl,10,0.0995222929936305,0,1,None,66,1,5,False,10,10
5116,61,unweighted_fl,10,0.0995222929936305,0,1,None,66,1,5,False,10,10
5117,62,unweighted_fl,10,0.0995222929936305,0,1,None,66,1,5,False,10,10
5118,63,unweighted_fl,10,0.0995222929936305,0,1,None,66,1,5,False,10,10
5119,64,unweighted_fl,10,0.0995222929936305,0,1,None,66,1,5,False,10,10
5120,60,unweighted_fl,10,0.0995222929936305,0,2,None,66,1,5,False,10,10
5121,61,unweighted_fl,10,0.0995222929936305,0,2,None,66,1,5,False,10,10
5122,62,unweighted_fl,10,0.0995222929936305,0,2,None,66,1,5,False,10,10
5123,63,unweighted_fl,10,0.0995222929936305,0,2,None,66,1,5,False,10,10
5124,64,unweighted_fl,10,0.0995222929936305,0,2,None,66,1,5,False,10,10
5125,60,unweighted_fl,10,0.0995222929936305,0,0,None,66,1,5,False,10,10
5126,61,unweighted_fl,10,0.1533638535031847,0,0,None,66,1,5,False,10,10
5127,62,unweighted_fl,10,0.0995222929936305,0,0,None,66,1,5,False,10,10
5128,63,unweighted_fl,10,0.0995222929936305,0,0,None,66,1,5,False,10,10
5129,64,unweighted_fl,10,0.0995222929936305,0,0,None,66,1,5,False,10,10
5130,60,unweighted_fl,10,0.0995222929936305,0,3,None,66,1,5,False,10,10
5131,61,unweighted_fl,10,0.0995222929936305,0,3,None,66,1,5,False,10,10
5132,62,unweighted_fl,10,0.0995222929936305,0,3,None,66,1,5,False,10,10
5133,63,unweighted_fl,10,0.0995222929936305,0,3,None,66,1,5,False,10,10
5134,64,unweighted_fl,10,0.0995222929936305,0,3,None,66,1,5,False,10,10
5135,60,unweighted_fl,10,0.0995222929936305,0,5,None,66,1,5,False,10,10
5136,61,unweighted_fl,10,0.0995222929936305,0,5,None,66,1,5,False,10,10
5137,62,unweighted_fl,10,0.0995222929936305,0,5,None,66,1,5,False,10,10
5138,63,unweighted_fl,10,0.0995222929936305,0,5,None,66,1,5,False,10,10
5139,64,unweighted_fl,10,0.0995222929936305,0,5,None,66,1,5,False,10,10
5140,60,unweighted_fl,10,0.0995222929936305,0,6,None,66,1,5,False,10,10
5141,61,unweighted_fl,10,0.0995222929936305,0,6,None,66,1,5,False,10,10
5142,62,unweighted_fl,10,0.0995222929936305,0,6,None,66,1,5,False,10,10
5143,63,unweighted_fl,10,0.0995222929936305,0,6,None,66,1,5,False,10,10
5144,64,unweighted_fl,10,0.0995222929936305,0,6,None,66,1,5,False,10,10
5145,60,unweighted_fl,10,0.0995222929936305,0,4,None,66,1,5,False,10,10
5146,61,unweighted_fl,10,0.0995222929936305,0,4,None,66,1,5,False,10,10
5147,62,unweighted_fl,10,0.0995222929936305,0,4,None,66,1,5,False,10,10
5148,63,unweighted_fl,10,0.0995222929936305,0,4,None,66,1,5,False,10,10
5149,64,unweighted_fl,10,0.0995222929936305,0,4,None,66,1,5,False,10,10
5150,60,unweighted_fl,10,0.0995222929936305,0,7,None,66,1,5,False,10,10
5151,61,unweighted_fl,10,0.0995222929936305,0,7,None,66,1,5,False,10,10
5152,62,unweighted_fl,10,0.0995222929936305,0,7,None,66,1,5,False,10,10
5153,63,unweighted_fl,10,0.0995222929936305,0,7,None,66,1,5,False,10,10
5154,64,unweighted_fl,10,0.0995222929936305,0,7,None,66,1,5,False,10,10
5155,60,unweighted_fl,10,0.0995222929936305,0,9,None,66,1,5,False,10,10
5156,61,unweighted_fl,10,0.0995222929936305,0,9,None,66,1,5,False,10,10
5157,62,unweighted_fl,10,0.181827229299363,0,9,None,66,1,5,False,10,10
5158,63,unweighted_fl,10,0.0995222929936305,0,9,None,66,1,5,False,10,10
5159,64,unweighted_fl,10,0.0995222929936305,0,9,None,66,1,5,False,10,10
5160,60,unweighted_fl,10,0.0995222929936305,0,8,None,66,1,5,False,10,10
5161,61,unweighted_fl,10,0.0995222929936305,0,8,None,66,1,5,False,10,10
5162,62,unweighted_fl,10,0.0995222929936305,0,8,None,66,1,5,False,10,10
5163,63,unweighted_fl,10,0.0995222929936305,0,8,None,66,1,5,False,10,10
5164,64,unweighted_fl,10,0.0995222929936305,0,8,None,66,1,5,False,10,10
5165,60,unweighted_fl,10,0.0995222929936305,0,10,None,66,1,5,False,10,10
5166,61,unweighted_fl,10,0.0995222929936305,0,10,None,66,1,5,False,10,10
5167,62,unweighted_fl,10,0.0995222929936305,0,10,None,66,1,5,False,10,10
5168,63,unweighted_fl,10,0.0995222929936305,0,10,None,66,1,5,False,10,10
5169,64,unweighted_fl,10,0.0995222929936305,0,10,None,66,1,5,False,10,10
5170,60,unweighted_fl,10,0.0995222929936305,0,12,None,66,1,5,False,10,10
5171,61,unweighted_fl,10,0.0995222929936305,0,12,None,66,1,5,False,10,10
5172,62,unweighted_fl,10,0.0995222929936305,0,12,None,66,1,5,False,10,10
5173,63,unweighted_fl,10,0.0995222929936305,0,12,None,66,1,5,False,10,10
5174,64,unweighted_fl,10,0.0995222929936305,0,12,None,66,1,5,False,10,10
5175,60,unweighted_fl,10,0.0995222929936305,0,13,None,66,1,5,False,10,10
5176,61,unweighted_fl,10,0.0995222929936305,0,13,None,66,1,5,False,10,10
5177,62,unweighted_fl,10,0.0995222929936305,0,13,None,66,1,5,False,10,10
5178,63,unweighted_fl,10,0.0995222929936305,0,13,None,66,1,5,False,10,10
5179,64,unweighted_fl,10,0.0995222929936305,0,13,None,66,1,5,False,10,10
5180,60,unweighted_fl,10,0.0995222929936305,0,11,None,66,1,5,False,10,10
5181,61,unweighted_fl,10,0.0995222929936305,0,11,None,66,1,5,False,10,10
5182,62,unweighted_fl,10,0.0995222929936305,0,11,None,66,1,5,False,10,10
5183,63,unweighted_fl,10,0.0995222929936305,0,11,None,66,1,5,False,10,10
5184,64,unweighted_fl,10,0.0995222929936305,0,11,None,66,1,5,False,10,10
5185,60,unweighted_fl,10,0.0995222929936305,0,14,None,66,1,5,False,10,10
5186,61,unweighted_fl,10,0.0995222929936305,0,14,None,66,1,5,False,10,10
5187,62,unweighted_fl,10,0.0995222929936305,0,14,None,66,1,5,False,10,10
5188,63,unweighted_fl,10,0.0995222929936305,0,14,None,66,1,5,False,10,10
5189,64,unweighted_fl,10,0.0995222929936305,0,14,None,66,1,5,False,10,10
5190,60,unweighted_fl,10,0.0995222929936305,0,15,None,66,1,5,False,10,10
5191,61,unweighted_fl,10,0.0995222929936305,0,15,None,66,1,5,False,10,10
5192,62,unweighted_fl,10,0.0995222929936305,0,15,None,66,1,5,False,10,10
5193,63,unweighted_fl,10,0.0995222929936305,0,15,None,66,1,5,False,10,10
5194,64,unweighted_fl,10,0.0995222929936305,0,15,None,66,1,5,False,10,10
5195,60,unweighted_fl,10,0.0995222929936305,0,16,None,66,1,5,False,10,10
5196,61,unweighted_fl,10,0.0995222929936305,0,16,None,66,1,5,False,10,10
5197,62,unweighted_fl,10,0.0995222929936305,0,16,None,66,1,5,False,10,10
5198,63,unweighted_fl,10,0.0995222929936305,0,16,None,66,1,5,False,10,10
5199,64,unweighted_fl,10,0.0995222929936305,0,16,None,66,1,5,False,10,10
5200,60,unweighted_fl,10,0.0995222929936305,0,17,None,66,1,5,False,10,10
5201,61,unweighted_fl,10,0.0995222929936305,0,17,None,66,1,5,False,10,10
5202,62,unweighted_fl,10,0.0995222929936305,0,17,None,66,1,5,False,10,10
5203,63,unweighted_fl,10,0.0995222929936305,0,17,None,66,1,5,False,10,10
5204,64,unweighted_fl,10,0.0995222929936305,0,17,None,66,1,5,False,10,10
5205,60,unweighted_fl,10,0.0995222929936305,0,18,None,66,1,5,False,10,10
5206,61,unweighted_fl,10,0.0995222929936305,0,18,None,66,1,5,False,10,10
5207,62,unweighted_fl,10,0.0995222929936305,0,18,None,66,1,5,False,10,10
5208,63,unweighted_fl,10,0.0995222929936305,0,18,None,66,1,5,False,10,10
5209,64,unweighted_fl,10,0.0995222929936305,0,18,None,66,1,5,False,10,10
5210,60,unweighted_fl,10,0.1758558917197452,0,20,None,66,1,5,False,10,10
5211,61,unweighted_fl,10,0.0995222929936305,0,20,None,66,1,5,False,10,10
5212,62,unweighted_fl,10,0.0995222929936305,0,20,None,66,1,5,False,10,10
5213,63,unweighted_fl,10,0.0995222929936305,0,20,None,66,1,5,False,10,10
5214,64,unweighted_fl,10,0.0995222929936305,0,20,None,66,1,5,False,10,10
5215,60,unweighted_fl,10,0.1587380573248407,0,19,None,66,1,5,False,10,10
5216,61,unweighted_fl,10,0.0995222929936305,0,19,None,66,1,5,False,10,10
5217,62,unweighted_fl,10,0.0995222929936305,0,19,None,66,1,5,False,10,10
5218,63,unweighted_fl,10,0.0995222929936305,0,19,None,66,1,5,False,10,10
5219,64,unweighted_fl,10,0.0995222929936305,0,19,None,66,1,5,False,10,10
5220,60,unweighted_fl,10,0.1763535031847133,0,21,None,66,1,5,False,10,10
5221,61,unweighted_fl,10,0.0995222929936305,0,21,None,66,1,5,False,10,10
5222,62,unweighted_fl,10,0.0995222929936305,0,21,None,66,1,5,False,10,10
5223,63,unweighted_fl,10,0.0995222929936305,0,21,None,66,1,5,False,10,10
5224,64,unweighted_fl,10,0.0995222929936305,0,21,None,66,1,5,False,10,10
5225,60,unweighted_fl,10,0.0995222929936305,0,22,None,66,1,5,False,10,10
5226,61,unweighted_fl,10,0.0995222929936305,0,22,None,66,1,5,False,10,10
5227,62,unweighted_fl,10,0.0995222929936305,0,22,None,66,1,5,False,10,10
5228,63,unweighted_fl,10,0.0995222929936305,0,22,None,66,1,5,False,10,10
5229,64,unweighted_fl,10,0.0995222929936305,0,22,None,66,1,5,False,10,10
5230,60,unweighted_fl,10,0.0995222929936305,0,23,None,66,1,5,False,10,10
5231,61,unweighted_fl,10,0.0995222929936305,0,23,None,66,1,5,False,10,10
5232,62,unweighted_fl,10,0.0995222929936305,0,23,None,66,1,5,False,10,10
5233,63,unweighted_fl,10,0.0995222929936305,0,23,None,66,1,5,False,10,10
5234,64,unweighted_fl,10,0.0995222929936305,0,23,None,66,1,5,False,10,10
5235,60,unweighted_fl,10,0.0995222929936305,0,24,None,66,1,5,False,10,10
5236,61,unweighted_fl,10,0.0995222929936305,0,24,None,66,1,5,False,10,10
5237,62,unweighted_fl,10,0.0995222929936305,0,24,None,66,1,5,False,10,10
5238,63,unweighted_fl,10,0.0995222929936305,0,24,None,66,1,5,False,10,10
5239,64,unweighted_fl,10,0.0995222929936305,0,24,None,66,1,5,False,10,10
5240,60,unweighted_fl,10,0.0995222929936305,0,25,None,66,1,5,False,10,10
5241,61,unweighted_fl,10,0.0995222929936305,0,25,None,66,1,5,False,10,10
5242,62,unweighted_fl,10,0.0995222929936305,0,25,None,66,1,5,False,10,10
5243,63,unweighted_fl,10,0.0995222929936305,0,25,None,66,1,5,False,10,10
5244,64,unweighted_fl,10,0.0995222929936305,0,25,None,66,1,5,False,10,10
5245,60,unweighted_fl,10,0.0995222929936305,0,27,None,66,1,5,False,10,10
5246,61,unweighted_fl,10,0.0995222929936305,0,27,None,66,1,5,False,10,10
5247,62,unweighted_fl,10,0.0995222929936305,0,27,None,66,1,5,False,10,10
5248,63,unweighted_fl,10,0.0995222929936305,0,27,None,66,1,5,False,10,10
5249,64,unweighted_fl,10,0.0995222929936305,0,27,None,66,1,5,False,10,10
5250,60,unweighted_fl,10,0.0995222929936305,0,28,None,66,1,5,False,10,10
5251,61,unweighted_fl,10,0.0995222929936305,0,28,None,66,1,5,False,10,10
5252,62,unweighted_fl,10,0.0995222929936305,0,28,None,66,1,5,False,10,10
5253,63,unweighted_fl,10,0.0995222929936305,0,28,None,66,1,5,False,10,10
5254,64,unweighted_fl,10,0.0995222929936305,0,28,None,66,1,5,False,10,10
5255,60,unweighted_fl,10,0.1407245222929936,0,26,None,66,1,5,False,10,10
5256,61,unweighted_fl,10,0.0995222929936305,0,26,None,66,1,5,False,10,10
5257,62,unweighted_fl,10,0.0995222929936305,0,26,None,66,1,5,False,10,10
5258,63,unweighted_fl,10,0.0995222929936305,0,26,None,66,1,5,False,10,10
5259,64,unweighted_fl,10,0.0995222929936305,0,26,None,66,1,5,False,10,10
5260,60,unweighted_fl,10,0.0995222929936305,0,29,None,66,1,5,False,10,10
5261,61,unweighted_fl,10,0.0995222929936305,0,29,None,66,1,5,False,10,10
5262,62,unweighted_fl,10,0.0995222929936305,0,29,None,66,1,5,False,10,10
5263,63,unweighted_fl,10,0.0995222929936305,0,29,None,66,1,5,False,10,10
5264,64,unweighted_fl,10,0.0995222929936305,0,29,None,66,1,5,False,10,10
5265,60,unweighted_fl,10,0.0995222929936305,0,31,None,66,1,5,False,10,10
5266,61,unweighted_fl,10,0.1304737261146497,0,31,None,66,1,5,False,10,10
5267,62,unweighted_fl,10,0.0995222929936305,0,31,None,66,1,5,False,10,10
5268,63,unweighted_fl,10,0.0995222929936305,0,31,None,66,1,5,False,10,10
5269,64,unweighted_fl,10,0.0995222929936305,0,31,None,66,1,5,False,10,10
5270,60,unweighted_fl,10,0.0995222929936305,0,32,None,66,1,5,False,10,10
5271,61,unweighted_fl,10,0.0995222929936305,0,32,None,66,1,5,False,10,10
5272,62,unweighted_fl,10,0.0995222929936305,0,32,None,66,1,5,False,10,10
5273,63,unweighted_fl,10,0.0995222929936305,0,32,None,66,1,5,False,10,10
5274,64,unweighted_fl,10,0.0995222929936305,0,32,None,66,1,5,False,10,10
5275,60,unweighted_fl,10,0.1116640127388535,0,30,None,66,1,5,False,10,10
5276,61,unweighted_fl,10,0.0995222929936305,0,30,None,66,1,5,False,10,10
5277,62,unweighted_fl,10,0.0995222929936305,0,30,None,66,1,5,False,10,10
5278,63,unweighted_fl,10,0.0995222929936305,0,30,None,66,1,5,False,10,10
5279,64,unweighted_fl,10,0.0995222929936305,0,30,None,66,1,5,False,10,10
5280,65,unweighted_fl,10,0.0995222929936305,0,0,None,66,1,5,False,10,10
5281,66,unweighted_fl,10,0.1784434713375796,0,0,None,66,1,5,False,10,10
5282,67,unweighted_fl,10,0.0995222929936305,0,0,None,66,1,5,False,10,10
5283,68,unweighted_fl,10,0.0995222929936305,0,0,None,66,1,5,False,10,10
5284,69,unweighted_fl,10,0.0995222929936305,0,0,None,66,1,5,False,10,10
5285,65,unweighted_fl,10,0.0995222929936305,0,1,None,66,1,5,False,10,10
5286,66,unweighted_fl,10,0.0995222929936305,0,1,None,66,1,5,False,10,10
5287,67,unweighted_fl,10,0.0995222929936305,0,1,None,66,1,5,False,10,10
5288,68,unweighted_fl,10,0.0995222929936305,0,1,None,66,1,5,False,10,10
5289,69,unweighted_fl,10,0.0995222929936305,0,1,None,66,1,5,False,10,10
5290,65,unweighted_fl,10,0.0995222929936305,0,2,None,66,1,5,False,10,10
5291,66,unweighted_fl,10,0.0995222929936305,0,2,None,66,1,5,False,10,10
5292,67,unweighted_fl,10,0.0995222929936305,0,2,None,66,1,5,False,10,10
5293,68,unweighted_fl,10,0.0995222929936305,0,2,None,66,1,5,False,10,10
5294,69,unweighted_fl,10,0.0995222929936305,0,2,None,66,1,5,False,10,10
5295,65,unweighted_fl,10,0.0995222929936305,0,3,None,66,1,5,False,10,10
5296,66,unweighted_fl,10,0.0995222929936305,0,3,None,66,1,5,False,10,10
5297,67,unweighted_fl,10,0.0995222929936305,0,3,None,66,1,5,False,10,10
5298,68,unweighted_fl,10,0.0995222929936305,0,3,None,66,1,5,False,10,10
5299,69,unweighted_fl,10,0.0995222929936305,0,3,None,66,1,5,False,10,10
5300,65,unweighted_fl,10,0.0995222929936305,0,4,None,66,1,5,False,10,10
5301,66,unweighted_fl,10,0.0995222929936305,0,4,None,66,1,5,False,10,10
5302,67,unweighted_fl,10,0.0995222929936305,0,4,None,66,1,5,False,10,10
5303,68,unweighted_fl,10,0.0995222929936305,0,4,None,66,1,5,False,10,10
5304,69,unweighted_fl,10,0.0995222929936305,0,4,None,66,1,5,False,10,10
5305,65,unweighted_fl,10,0.0995222929936305,0,5,None,66,1,5,False,10,10
5306,66,unweighted_fl,10,0.0995222929936305,0,5,None,66,1,5,False,10,10
5307,67,unweighted_fl,10,0.0995222929936305,0,5,None,66,1,5,False,10,10
5308,68,unweighted_fl,10,0.0995222929936305,0,5,None,66,1,5,False,10,10
5309,69,unweighted_fl,10,0.0995222929936305,0,5,None,66,1,5,False,10,10
5310,65,unweighted_fl,10,0.0995222929936305,0,6,None,66,1,5,False,10,10
5311,66,unweighted_fl,10,0.0995222929936305,0,6,None,66,1,5,False,10,10
5312,67,unweighted_fl,10,0.0995222929936305,0,6,None,66,1,5,False,10,10
5313,68,unweighted_fl,10,0.0995222929936305,0,6,None,66,1,5,False,10,10
5314,69,unweighted_fl,10,0.0995222929936305,0,6,None,66,1,5,False,10,10
5315,65,unweighted_fl,10,0.0995222929936305,0,7,None,66,1,5,False,10,10
5316,66,unweighted_fl,10,0.0995222929936305,0,7,None,66,1,5,False,10,10
5317,67,unweighted_fl,10,0.0995222929936305,0,7,None,66,1,5,False,10,10
5318,68,unweighted_fl,10,0.0995222929936305,0,7,None,66,1,5,False,10,10
5319,69,unweighted_fl,10,0.0995222929936305,0,7,None,66,1,5,False,10,10
5320,65,unweighted_fl,10,0.0995222929936305,0,8,None,66,1,5,False,10,10
5321,66,unweighted_fl,10,0.0995222929936305,0,8,None,66,1,5,False,10,10
5322,67,unweighted_fl,10,0.0995222929936305,0,8,None,66,1,5,False,10,10
5323,68,unweighted_fl,10,0.0995222929936305,0,8,None,66,1,5,False,10,10
5324,69,unweighted_fl,10,0.0995222929936305,0,8,None,66,1,5,False,10,10
5325,65,unweighted_fl,10,0.0995222929936305,0,10,None,66,1,5,False,10,10
5326,66,unweighted_fl,10,0.0995222929936305,0,10,None,66,1,5,False,10,10
5327,67,unweighted_fl,10,0.0995222929936305,0,10,None,66,1,5,False,10,10
5328,68,unweighted_fl,10,0.0995222929936305,0,10,None,66,1,5,False,10,10
5329,69,unweighted_fl,10,0.0995222929936305,0,10,None,66,1,5,False,10,10
5330,65,unweighted_fl,10,0.0995222929936305,0,9,None,66,1,5,False,10,10
5331,66,unweighted_fl,10,0.0995222929936305,0,9,None,66,1,5,False,10,10
5332,67,unweighted_fl,10,0.1833200636942675,0,9,None,66,1,5,False,10,10
5333,68,unweighted_fl,10,0.0995222929936305,0,9,None,66,1,5,False,10,10
5334,69,unweighted_fl,10,0.0995222929936305,0,9,None,66,1,5,False,10,10
5335,65,unweighted_fl,10,0.0995222929936305,0,11,None,66,1,5,False,10,10
5336,66,unweighted_fl,10,0.0995222929936305,0,11,None,66,1,5,False,10,10
5337,67,unweighted_fl,10,0.0995222929936305,0,11,None,66,1,5,False,10,10
5338,68,unweighted_fl,10,0.0995222929936305,0,11,None,66,1,5,False,10,10
5339,69,unweighted_fl,10,0.0995222929936305,0,11,None,66,1,5,False,10,10
5340,65,unweighted_fl,10,0.0995222929936305,0,12,None,66,1,5,False,10,10
5341,66,unweighted_fl,10,0.0995222929936305,0,12,None,66,1,5,False,10,10
5342,67,unweighted_fl,10,0.0995222929936305,0,12,None,66,1,5,False,10,10
5343,68,unweighted_fl,10,0.0995222929936305,0,12,None,66,1,5,False,10,10
5344,69,unweighted_fl,10,0.0995222929936305,0,12,None,66,1,5,False,10,10
5345,65,unweighted_fl,10,0.0995222929936305,0,13,None,66,1,5,False,10,10
5346,66,unweighted_fl,10,0.0995222929936305,0,13,None,66,1,5,False,10,10
5347,67,unweighted_fl,10,0.0995222929936305,0,13,None,66,1,5,False,10,10
5348,68,unweighted_fl,10,0.0995222929936305,0,13,None,66,1,5,False,10,10
5349,69,unweighted_fl,10,0.0995222929936305,0,13,None,66,1,5,False,10,10
5350,65,unweighted_fl,10,0.0995222929936305,0,15,None,66,1,5,False,10,10
5351,66,unweighted_fl,10,0.0995222929936305,0,15,None,66,1,5,False,10,10
5352,67,unweighted_fl,10,0.0995222929936305,0,15,None,66,1,5,False,10,10
5353,68,unweighted_fl,10,0.0995222929936305,0,15,None,66,1,5,False,10,10
5354,69,unweighted_fl,10,0.0995222929936305,0,15,None,66,1,5,False,10,10
5355,65,unweighted_fl,10,0.0995222929936305,0,14,None,66,1,5,False,10,10
5356,66,unweighted_fl,10,0.1030055732484076,0,14,None,66,1,5,False,10,10
5357,67,unweighted_fl,10,0.0995222929936305,0,14,None,66,1,5,False,10,10
5358,68,unweighted_fl,10,0.0995222929936305,0,14,None,66,1,5,False,10,10
5359,69,unweighted_fl,10,0.0995222929936305,0,14,None,66,1,5,False,10,10
5360,65,unweighted_fl,10,0.0995222929936305,0,16,None,66,1,5,False,10,10
5361,66,unweighted_fl,10,0.0995222929936305,0,16,None,66,1,5,False,10,10
5362,67,unweighted_fl,10,0.0995222929936305,0,16,None,66,1,5,False,10,10
5363,68,unweighted_fl,10,0.0995222929936305,0,16,None,66,1,5,False,10,10
5364,69,unweighted_fl,10,0.0995222929936305,0,16,None,66,1,5,False,10,10
5365,65,unweighted_fl,10,0.0995222929936305,0,18,None,66,1,5,False,10,10
5366,66,unweighted_fl,10,0.0995222929936305,0,18,None,66,1,5,False,10,10
5367,67,unweighted_fl,10,0.0995222929936305,0,18,None,66,1,5,False,10,10
5368,68,unweighted_fl,10,0.0995222929936305,0,18,None,66,1,5,False,10,10
5369,69,unweighted_fl,10,0.0995222929936305,0,18,None,66,1,5,False,10,10
5370,65,unweighted_fl,10,0.0995222929936305,0,17,None,66,1,5,False,10,10
5371,66,unweighted_fl,10,0.0995222929936305,0,17,None,66,1,5,False,10,10
5372,67,unweighted_fl,10,0.0995222929936305,0,17,None,66,1,5,False,10,10
5373,68,unweighted_fl,10,0.0995222929936305,0,17,None,66,1,5,False,10,10
5374,69,unweighted_fl,10,0.0995222929936305,0,17,None,66,1,5,False,10,10
5375,65,unweighted_fl,10,0.1542595541401273,0,19,None,66,1,5,False,10,10
5376,66,unweighted_fl,10,0.0995222929936305,0,19,None,66,1,5,False,10,10
5377,67,unweighted_fl,10,0.0995222929936305,0,19,None,66,1,5,False,10,10
5378,68,unweighted_fl,10,0.0995222929936305,0,19,None,66,1,5,False,10,10
5379,69,unweighted_fl,10,0.0995222929936305,0,19,None,66,1,5,False,10,10
5380,65,unweighted_fl,10,0.0995222929936305,0,21,None,66,1,5,False,10,10
5381,66,unweighted_fl,10,0.0995222929936305,0,21,None,66,1,5,False,10,10
5382,67,unweighted_fl,10,0.0995222929936305,0,21,None,66,1,5,False,10,10
5383,68,unweighted_fl,10,0.0995222929936305,0,21,None,66,1,5,False,10,10
5384,69,unweighted_fl,10,0.0995222929936305,0,21,None,66,1,5,False,10,10
5385,65,unweighted_fl,10,0.1064888535031847,0,20,None,66,1,5,False,10,10
5386,66,unweighted_fl,10,0.0995222929936305,0,20,None,66,1,5,False,10,10
5387,67,unweighted_fl,10,0.0995222929936305,0,20,None,66,1,5,False,10,10
5388,68,unweighted_fl,10,0.0995222929936305,0,20,None,66,1,5,False,10,10
5389,69,unweighted_fl,10,0.0995222929936305,0,20,None,66,1,5,False,10,10
5390,65,unweighted_fl,10,0.0995222929936305,0,22,None,66,1,5,False,10,10
5391,66,unweighted_fl,10,0.0995222929936305,0,22,None,66,1,5,False,10,10
5392,67,unweighted_fl,10,0.0995222929936305,0,22,None,66,1,5,False,10,10
5393,68,unweighted_fl,10,0.0995222929936305,0,22,None,66,1,5,False,10,10
5394,69,unweighted_fl,10,0.0995222929936305,0,22,None,66,1,5,False,10,10
5395,65,unweighted_fl,10,0.0995222929936305,0,23,None,66,1,5,False,10,10
5396,66,unweighted_fl,10,0.0995222929936305,0,23,None,66,1,5,False,10,10
5397,67,unweighted_fl,10,0.0995222929936305,0,23,None,66,1,5,False,10,10
5398,68,unweighted_fl,10,0.0995222929936305,0,23,None,66,1,5,False,10,10
5399,69,unweighted_fl,10,0.0995222929936305,0,23,None,66,1,5,False,10,10
5400,65,unweighted_fl,10,0.0995222929936305,0,24,None,66,1,5,False,10,10
5401,66,unweighted_fl,10,0.0995222929936305,0,24,None,66,1,5,False,10,10
5402,67,unweighted_fl,10,0.0995222929936305,0,24,None,66,1,5,False,10,10
5403,68,unweighted_fl,10,0.0995222929936305,0,24,None,66,1,5,False,10,10
5404,69,unweighted_fl,10,0.0995222929936305,0,24,None,66,1,5,False,10,10
5405,65,unweighted_fl,10,0.0996218152866242,0,26,None,66,1,5,False,10,10
5406,66,unweighted_fl,10,0.0995222929936305,0,26,None,66,1,5,False,10,10
5407,67,unweighted_fl,10,0.0995222929936305,0,26,None,66,1,5,False,10,10
5408,68,unweighted_fl,10,0.0995222929936305,0,26,None,66,1,5,False,10,10
5409,69,unweighted_fl,10,0.0995222929936305,0,26,None,66,1,5,False,10,10
5410,65,unweighted_fl,10,0.0995222929936305,0,25,None,66,1,5,False,10,10
5411,66,unweighted_fl,10,0.0995222929936305,0,25,None,66,1,5,False,10,10
5412,67,unweighted_fl,10,0.0995222929936305,0,25,None,66,1,5,False,10,10
5413,68,unweighted_fl,10,0.0995222929936305,0,25,None,66,1,5,False,10,10
5414,69,unweighted_fl,10,0.0995222929936305,0,25,None,66,1,5,False,10,10
5415,65,unweighted_fl,10,0.0995222929936305,0,27,None,66,1,5,False,10,10
5416,66,unweighted_fl,10,0.0995222929936305,0,27,None,66,1,5,False,10,10
5417,67,unweighted_fl,10,0.0995222929936305,0,27,None,66,1,5,False,10,10
5418,68,unweighted_fl,10,0.0995222929936305,0,27,None,66,1,5,False,10,10
5419,69,unweighted_fl,10,0.0995222929936305,0,27,None,66,1,5,False,10,10
5420,65,unweighted_fl,10,0.0995222929936305,0,29,None,66,1,5,False,10,10
5421,66,unweighted_fl,10,0.0995222929936305,0,29,None,66,1,5,False,10,10
5422,67,unweighted_fl,10,0.0995222929936305,0,29,None,66,1,5,False,10,10
5423,68,unweighted_fl,10,0.0995222929936305,0,29,None,66,1,5,False,10,10
5424,69,unweighted_fl,10,0.0995222929936305,0,29,None,66,1,5,False,10,10
5425,65,unweighted_fl,10,0.0995222929936305,0,30,None,66,1,5,False,10,10
5426,66,unweighted_fl,10,0.0995222929936305,0,30,None,66,1,5,False,10,10
5427,67,unweighted_fl,10,0.0995222929936305,0,30,None,66,1,5,False,10,10
5428,68,unweighted_fl,10,0.0995222929936305,0,30,None,66,1,5,False,10,10
5429,69,unweighted_fl,10,0.0995222929936305,0,30,None,66,1,5,False,10,10
5430,65,unweighted_fl,10,0.0995222929936305,0,28,None,66,1,5,False,10,10
5431,66,unweighted_fl,10,0.0995222929936305,0,28,None,66,1,5,False,10,10
5432,67,unweighted_fl,10,0.0995222929936305,0,28,None,66,1,5,False,10,10
5433,68,unweighted_fl,10,0.0995222929936305,0,28,None,66,1,5,False,10,10
5434,69,unweighted_fl,10,0.0995222929936305,0,28,None,66,1,5,False,10,10
5435,65,unweighted_fl,10,0.1477906050955414,0,31,None,66,1,5,False,10,10
5436,66,unweighted_fl,10,0.0995222929936305,0,31,None,66,1,5,False,10,10
5437,67,unweighted_fl,10,0.0995222929936305,0,31,None,66,1,5,False,10,10
5438,68,unweighted_fl,10,0.1149482484076433,0,31,None,66,1,5,False,10,10
5439,69,unweighted_fl,10,0.0995222929936305,0,31,None,66,1,5,False,10,10
5440,65,unweighted_fl,10,0.0995222929936305,0,32,None,66,1,5,False,10,10
5441,66,unweighted_fl,10,0.0995222929936305,0,32,None,66,1,5,False,10,10
5442,67,unweighted_fl,10,0.0995222929936305,0,32,None,66,1,5,False,10,10
5443,68,unweighted_fl,10,0.0995222929936305,0,32,None,66,1,5,False,10,10
5444,69,unweighted_fl,10,0.0995222929936305,0,32,None,66,1,5,False,10,10
5445,70,unweighted_fl,10,0.0995222929936305,0,0,None,66,1,5,False,10,10
5446,71,unweighted_fl,10,0.176453025477707,0,0,None,66,1,5,False,10,10
5447,72,unweighted_fl,10,0.1041998407643312,0,0,None,66,1,5,False,10,10
5448,73,unweighted_fl,10,0.0995222929936305,0,0,None,66,1,5,False,10,10
5449,74,unweighted_fl,10,0.0995222929936305,0,0,None,66,1,5,False,10,10
5450,70,unweighted_fl,10,0.0995222929936305,0,1,None,66,1,5,False,10,10
5451,71,unweighted_fl,10,0.0995222929936305,0,1,None,66,1,5,False,10,10
5452,72,unweighted_fl,10,0.0995222929936305,0,1,None,66,1,5,False,10,10
5453,73,unweighted_fl,10,0.0995222929936305,0,1,None,66,1,5,False,10,10
5454,74,unweighted_fl,10,0.0995222929936305,0,1,None,66,1,5,False,10,10
5455,70,unweighted_fl,10,0.1661027070063694,0,2,None,66,1,5,False,10,10
5456,71,unweighted_fl,10,0.0995222929936305,0,2,None,66,1,5,False,10,10
5457,72,unweighted_fl,10,0.0995222929936305,0,2,None,66,1,5,False,10,10
5458,73,unweighted_fl,10,0.0995222929936305,0,2,None,66,1,5,False,10,10
5459,74,unweighted_fl,10,0.0995222929936305,0,2,None,66,1,5,False,10,10
5460,70,unweighted_fl,10,0.0995222929936305,0,3,None,66,1,5,False,10,10
5461,71,unweighted_fl,10,0.0995222929936305,0,3,None,66,1,5,False,10,10
5462,72,unweighted_fl,10,0.0995222929936305,0,3,None,66,1,5,False,10,10
5463,73,unweighted_fl,10,0.0995222929936305,0,3,None,66,1,5,False,10,10
5464,74,unweighted_fl,10,0.0995222929936305,0,3,None,66,1,5,False,10,10
5465,70,unweighted_fl,10,0.0995222929936305,0,4,None,66,1,5,False,10,10
5466,71,unweighted_fl,10,0.0995222929936305,0,4,None,66,1,5,False,10,10
5467,72,unweighted_fl,10,0.0995222929936305,0,4,None,66,1,5,False,10,10
5468,73,unweighted_fl,10,0.0995222929936305,0,4,None,66,1,5,False,10,10
5469,74,unweighted_fl,10,0.0995222929936305,0,4,None,66,1,5,False,10,10
5470,70,unweighted_fl,10,0.0995222929936305,0,5,None,66,1,5,False,10,10
5471,71,unweighted_fl,10,0.0995222929936305,0,5,None,66,1,5,False,10,10
5472,72,unweighted_fl,10,0.0995222929936305,0,5,None,66,1,5,False,10,10
5473,73,unweighted_fl,10,0.0995222929936305,0,5,None,66,1,5,False,10,10
5474,74,unweighted_fl,10,0.0995222929936305,0,5,None,66,1,5,False,10,10
5475,70,unweighted_fl,10,0.0995222929936305,0,6,None,66,1,5,False,10,10
5476,71,unweighted_fl,10,0.0995222929936305,0,6,None,66,1,5,False,10,10
5477,72,unweighted_fl,10,0.0995222929936305,0,6,None,66,1,5,False,10,10
5478,73,unweighted_fl,10,0.0995222929936305,0,6,None,66,1,5,False,10,10
5479,74,unweighted_fl,10,0.0995222929936305,0,6,None,66,1,5,False,10,10
5480,70,unweighted_fl,10,0.0995222929936305,0,7,None,66,1,5,False,10,10
5481,71,unweighted_fl,10,0.0995222929936305,0,7,None,66,1,5,False,10,10
5482,72,unweighted_fl,10,0.0995222929936305,0,7,None,66,1,5,False,10,10
5483,73,unweighted_fl,10,0.0995222929936305,0,7,None,66,1,5,False,10,10
5484,74,unweighted_fl,10,0.0995222929936305,0,7,None,66,1,5,False,10,10
5485,70,unweighted_fl,10,0.0995222929936305,0,8,None,66,1,5,False,10,10
5486,71,unweighted_fl,10,0.0995222929936305,0,8,None,66,1,5,False,10,10
5487,72,unweighted_fl,10,0.0995222929936305,0,8,None,66,1,5,False,10,10
5488,73,unweighted_fl,10,0.0995222929936305,0,8,None,66,1,5,False,10,10
5489,74,unweighted_fl,10,0.0995222929936305,0,8,None,66,1,5,False,10,10
5490,70,unweighted_fl,10,0.0995222929936305,0,9,None,66,1,5,False,10,10
5491,71,unweighted_fl,10,0.0995222929936305,0,9,None,66,1,5,False,10,10
5492,72,unweighted_fl,10,0.1887937898089172,0,9,None,66,1,5,False,10,10
5493,73,unweighted_fl,10,0.0995222929936305,0,9,None,66,1,5,False,10,10
5494,74,unweighted_fl,10,0.0995222929936305,0,9,None,66,1,5,False,10,10
5495,70,unweighted_fl,10,0.0995222929936305,0,10,None,66,1,5,False,10,10
5496,71,unweighted_fl,10,0.0995222929936305,0,10,None,66,1,5,False,10,10
5497,72,unweighted_fl,10,0.0995222929936305,0,10,None,66,1,5,False,10,10
5498,73,unweighted_fl,10,0.0995222929936305,0,10,None,66,1,5,False,10,10
5499,74,unweighted_fl,10,0.0995222929936305,0,10,None,66,1,5,False,10,10
5500,70,unweighted_fl,10,0.0995222929936305,0,11,None,66,1,5,False,10,10
5501,71,unweighted_fl,10,0.0995222929936305,0,11,None,66,1,5,False,10,10
5502,72,unweighted_fl,10,0.0995222929936305,0,11,None,66,1,5,False,10,10
5503,73,unweighted_fl,10,0.0995222929936305,0,11,None,66,1,5,False,10,10
5504,74,unweighted_fl,10,0.0995222929936305,0,11,None,66,1,5,False,10,10
5505,70,unweighted_fl,10,0.0995222929936305,0,13,None,66,1,5,False,10,10
5506,71,unweighted_fl,10,0.0995222929936305,0,13,None,66,1,5,False,10,10
5507,72,unweighted_fl,10,0.0995222929936305,0,13,None,66,1,5,False,10,10
5508,73,unweighted_fl,10,0.0995222929936305,0,13,None,66,1,5,False,10,10
5509,74,unweighted_fl,10,0.0995222929936305,0,13,None,66,1,5,False,10,10
5510,70,unweighted_fl,10,0.0995222929936305,0,12,None,66,1,5,False,10,10
5511,71,unweighted_fl,10,0.0995222929936305,0,12,None,66,1,5,False,10,10
5512,72,unweighted_fl,10,0.0995222929936305,0,12,None,66,1,5,False,10,10
5513,73,unweighted_fl,10,0.0995222929936305,0,12,None,66,1,5,False,10,10
5514,74,unweighted_fl,10,0.0995222929936305,0,12,None,66,1,5,False,10,10
5515,70,unweighted_fl,10,0.0995222929936305,0,14,None,66,1,5,False,10,10
5516,71,unweighted_fl,10,0.0995222929936305,0,14,None,66,1,5,False,10,10
5517,72,unweighted_fl,10,0.0995222929936305,0,14,None,66,1,5,False,10,10
5518,73,unweighted_fl,10,0.0995222929936305,0,14,None,66,1,5,False,10,10
5519,74,unweighted_fl,10,0.0995222929936305,0,14,None,66,1,5,False,10,10
5520,70,unweighted_fl,10,0.0995222929936305,0,15,None,66,1,5,False,10,10
5521,71,unweighted_fl,10,0.0995222929936305,0,15,None,66,1,5,False,10,10
5522,72,unweighted_fl,10,0.0995222929936305,0,15,None,66,1,5,False,10,10
5523,73,unweighted_fl,10,0.0995222929936305,0,15,None,66,1,5,False,10,10
5524,74,unweighted_fl,10,0.0995222929936305,0,15,None,66,1,5,False,10,10
5525,70,unweighted_fl,10,0.0995222929936305,0,16,None,66,1,5,False,10,10
5526,71,unweighted_fl,10,0.0995222929936305,0,16,None,66,1,5,False,10,10
5527,72,unweighted_fl,10,0.0995222929936305,0,16,None,66,1,5,False,10,10
5528,73,unweighted_fl,10,0.0995222929936305,0,16,None,66,1,5,False,10,10
5529,74,unweighted_fl,10,0.0995222929936305,0,16,None,66,1,5,False,10,10
5530,70,unweighted_fl,10,0.0995222929936305,0,17,None,66,1,5,False,10,10
5531,71,unweighted_fl,10,0.0995222929936305,0,17,None,66,1,5,False,10,10
5532,72,unweighted_fl,10,0.0995222929936305,0,17,None,66,1,5,False,10,10
5533,73,unweighted_fl,10,0.0995222929936305,0,17,None,66,1,5,False,10,10
5534,74,unweighted_fl,10,0.0995222929936305,0,17,None,66,1,5,False,10,10
5535,70,unweighted_fl,10,0.0995222929936305,0,18,None,66,1,5,False,10,10
5536,71,unweighted_fl,10,0.0995222929936305,0,18,None,66,1,5,False,10,10
5537,72,unweighted_fl,10,0.0995222929936305,0,18,None,66,1,5,False,10,10
5538,73,unweighted_fl,10,0.0995222929936305,0,18,None,66,1,5,False,10,10
5539,74,unweighted_fl,10,0.0995222929936305,0,18,None,66,1,5,False,10,10
5540,70,unweighted_fl,10,0.1638136942675159,0,19,None,66,1,5,False,10,10
5541,71,unweighted_fl,10,0.0995222929936305,0,19,None,66,1,5,False,10,10
5542,72,unweighted_fl,10,0.0995222929936305,0,19,None,66,1,5,False,10,10
5543,73,unweighted_fl,10,0.0995222929936305,0,19,None,66,1,5,False,10,10
5544,74,unweighted_fl,10,0.0995222929936305,0,19,None,66,1,5,False,10,10
5545,70,unweighted_fl,10,0.0995222929936305,0,20,None,66,1,5,False,10,10
5546,71,unweighted_fl,10,0.0995222929936305,0,20,None,66,1,5,False,10,10
5547,72,unweighted_fl,10,0.0995222929936305,0,20,None,66,1,5,False,10,10
5548,73,unweighted_fl,10,0.0995222929936305,0,20,None,66,1,5,False,10,10
5549,74,unweighted_fl,10,0.0995222929936305,0,20,None,66,1,5,False,10,10
5550,70,unweighted_fl,10,0.0995222929936305,0,21,None,66,1,5,False,10,10
5551,71,unweighted_fl,10,0.0995222929936305,0,21,None,66,1,5,False,10,10
5552,72,unweighted_fl,10,0.0995222929936305,0,21,None,66,1,5,False,10,10
5553,73,unweighted_fl,10,0.0995222929936305,0,21,None,66,1,5,False,10,10
5554,74,unweighted_fl,10,0.0995222929936305,0,21,None,66,1,5,False,10,10
5555,70,unweighted_fl,10,0.0995222929936305,0,22,None,66,1,5,False,10,10
5556,71,unweighted_fl,10,0.0995222929936305,0,22,None,66,1,5,False,10,10
5557,72,unweighted_fl,10,0.0995222929936305,0,22,None,66,1,5,False,10,10
5558,73,unweighted_fl,10,0.0995222929936305,0,22,None,66,1,5,False,10,10
5559,74,unweighted_fl,10,0.0995222929936305,0,22,None,66,1,5,False,10,10
5560,70,unweighted_fl,10,0.0995222929936305,0,24,None,66,1,5,False,10,10
5561,71,unweighted_fl,10,0.0995222929936305,0,24,None,66,1,5,False,10,10
5562,72,unweighted_fl,10,0.0995222929936305,0,24,None,66,1,5,False,10,10
5563,73,unweighted_fl,10,0.0995222929936305,0,24,None,66,1,5,False,10,10
5564,74,unweighted_fl,10,0.0995222929936305,0,24,None,66,1,5,False,10,10
5565,70,unweighted_fl,10,0.0995222929936305,0,23,None,66,1,5,False,10,10
5566,71,unweighted_fl,10,0.0995222929936305,0,23,None,66,1,5,False,10,10
5567,72,unweighted_fl,10,0.0995222929936305,0,23,None,66,1,5,False,10,10
5568,73,unweighted_fl,10,0.0995222929936305,0,23,None,66,1,5,False,10,10
5569,74,unweighted_fl,10,0.0995222929936305,0,23,None,66,1,5,False,10,10
5570,70,unweighted_fl,10,0.0995222929936305,0,25,None,66,1,5,False,10,10
5571,71,unweighted_fl,10,0.0995222929936305,0,25,None,66,1,5,False,10,10
5572,72,unweighted_fl,10,0.0995222929936305,0,25,None,66,1,5,False,10,10
5573,73,unweighted_fl,10,0.0995222929936305,0,25,None,66,1,5,False,10,10
5574,74,unweighted_fl,10,0.0995222929936305,0,25,None,66,1,5,False,10,10
5575,70,unweighted_fl,10,0.1710788216560509,0,26,None,66,1,5,False,10,10
5576,71,unweighted_fl,10,0.0995222929936305,0,26,None,66,1,5,False,10,10
5577,72,unweighted_fl,10,0.0995222929936305,0,26,None,66,1,5,False,10,10
5578,73,unweighted_fl,10,0.0995222929936305,0,26,None,66,1,5,False,10,10
5579,74,unweighted_fl,10,0.0995222929936305,0,26,None,66,1,5,False,10,10
5580,70,unweighted_fl,10,0.0995222929936305,0,28,None,66,1,5,False,10,10
5581,71,unweighted_fl,10,0.0995222929936305,0,28,None,66,1,5,False,10,10
5582,72,unweighted_fl,10,0.0995222929936305,0,28,None,66,1,5,False,10,10
5583,73,unweighted_fl,10,0.0995222929936305,0,28,None,66,1,5,False,10,10
5584,74,unweighted_fl,10,0.0995222929936305,0,28,None,66,1,5,False,10,10
5585,70,unweighted_fl,10,0.0995222929936305,0,29,None,66,1,5,False,10,10
5586,71,unweighted_fl,10,0.0995222929936305,0,29,None,66,1,5,False,10,10
5587,72,unweighted_fl,10,0.0995222929936305,0,29,None,66,1,5,False,10,10
5588,73,unweighted_fl,10,0.0995222929936305,0,29,None,66,1,5,False,10,10
5589,74,unweighted_fl,10,0.0995222929936305,0,29,None,66,1,5,False,10,10
5590,70,unweighted_fl,10,0.0995222929936305,0,27,None,66,1,5,False,10,10
5591,71,unweighted_fl,10,0.0995222929936305,0,27,None,66,1,5,False,10,10
5592,72,unweighted_fl,10,0.0995222929936305,0,27,None,66,1,5,False,10,10
5593,73,unweighted_fl,10,0.0995222929936305,0,27,None,66,1,5,False,10,10
5594,74,unweighted_fl,10,0.0995222929936305,0,27,None,66,1,5,False,10,10
5595,70,unweighted_fl,10,0.1365445859872611,0,30,None,66,1,5,False,10,10
5596,71,unweighted_fl,10,0.0995222929936305,0,30,None,66,1,5,False,10,10
5597,72,unweighted_fl,10,0.0995222929936305,0,30,None,66,1,5,False,10,10
5598,73,unweighted_fl,10,0.0995222929936305,0,30,None,66,1,5,False,10,10
5599,74,unweighted_fl,10,0.0995222929936305,0,30,None,66,1,5,False,10,10
5600,70,unweighted_fl,10,0.0995222929936305,0,31,None,66,1,5,False,10,10
5601,71,unweighted_fl,10,0.0995222929936305,0,31,None,66,1,5,False,10,10
5602,72,unweighted_fl,10,0.0995222929936305,0,31,None,66,1,5,False,10,10
5603,73,unweighted_fl,10,0.1779458598726114,0,31,None,66,1,5,False,10,10
5604,74,unweighted_fl,10,0.0995222929936305,0,31,None,66,1,5,False,10,10
5605,70,unweighted_fl,10,0.0995222929936305,0,32,None,66,1,5,False,10,10
5606,71,unweighted_fl,10,0.0995222929936305,0,32,None,66,1,5,False,10,10
5607,72,unweighted_fl,10,0.0995222929936305,0,32,None,66,1,5,False,10,10
5608,73,unweighted_fl,10,0.0995222929936305,0,32,None,66,1,5,False,10,10
5609,74,unweighted_fl,10,0.0995222929936305,0,32,None,66,1,5,False,10,10
5610,75,unweighted_fl,10,0.0995222929936305,0,1,None,66,1,5,False,10,10
5611,76,unweighted_fl,10,0.0995222929936305,0,1,None,66,1,5,False,10,10
5612,77,unweighted_fl,10,0.0995222929936305,0,1,None,66,1,5,False,10,10
5613,78,unweighted_fl,10,0.0995222929936305,0,1,None,66,1,5,False,10,10
5614,79,unweighted_fl,10,0.0995222929936305,0,1,None,66,1,5,False,10,10
5615,75,unweighted_fl,10,0.0995222929936305,0,0,None,66,1,5,False,10,10
5616,76,unweighted_fl,10,0.1071855095541401,0,0,None,66,1,5,False,10,10
5617,77,unweighted_fl,10,0.138734076433121,0,0,None,66,1,5,False,10,10
5618,78,unweighted_fl,10,0.0995222929936305,0,0,None,66,1,5,False,10,10
5619,79,unweighted_fl,10,0.0995222929936305,0,0,None,66,1,5,False,10,10
5620,75,unweighted_fl,10,0.0995222929936305,0,2,None,66,1,5,False,10,10
5621,76,unweighted_fl,10,0.0995222929936305,0,2,None,66,1,5,False,10,10
5622,77,unweighted_fl,10,0.0995222929936305,0,2,None,66,1,5,False,10,10
5623,78,unweighted_fl,10,0.0995222929936305,0,2,None,66,1,5,False,10,10
5624,79,unweighted_fl,10,0.0995222929936305,0,2,None,66,1,5,False,10,10
5625,75,unweighted_fl,10,0.0995222929936305,0,3,None,66,1,5,False,10,10
5626,76,unweighted_fl,10,0.0995222929936305,0,3,None,66,1,5,False,10,10
5627,77,unweighted_fl,10,0.0995222929936305,0,3,None,66,1,5,False,10,10
5628,78,unweighted_fl,10,0.0995222929936305,0,3,None,66,1,5,False,10,10
5629,79,unweighted_fl,10,0.0995222929936305,0,3,None,66,1,5,False,10,10
5630,75,unweighted_fl,10,0.0995222929936305,0,4,None,66,1,5,False,10,10
5631,76,unweighted_fl,10,0.0995222929936305,0,4,None,66,1,5,False,10,10
5632,77,unweighted_fl,10,0.0995222929936305,0,4,None,66,1,5,False,10,10
5633,78,unweighted_fl,10,0.0995222929936305,0,4,None,66,1,5,False,10,10
5634,79,unweighted_fl,10,0.0995222929936305,0,4,None,66,1,5,False,10,10
5635,75,unweighted_fl,10,0.0995222929936305,0,5,None,66,1,5,False,10,10
5636,76,unweighted_fl,10,0.0995222929936305,0,5,None,66,1,5,False,10,10
5637,77,unweighted_fl,10,0.0995222929936305,0,5,None,66,1,5,False,10,10
5638,78,unweighted_fl,10,0.0995222929936305,0,5,None,66,1,5,False,10,10
5639,79,unweighted_fl,10,0.0995222929936305,0,5,None,66,1,5,False,10,10
5640,75,unweighted_fl,10,0.0995222929936305,0,6,None,66,1,5,False,10,10
5641,76,unweighted_fl,10,0.0995222929936305,0,6,None,66,1,5,False,10,10
5642,77,unweighted_fl,10,0.0995222929936305,0,6,None,66,1,5,False,10,10
5643,78,unweighted_fl,10,0.0995222929936305,0,6,None,66,1,5,False,10,10
5644,79,unweighted_fl,10,0.0995222929936305,0,6,None,66,1,5,False,10,10
5645,75,unweighted_fl,10,0.0995222929936305,0,7,None,66,1,5,False,10,10
5646,76,unweighted_fl,10,0.0995222929936305,0,7,None,66,1,5,False,10,10
5647,77,unweighted_fl,10,0.0995222929936305,0,7,None,66,1,5,False,10,10
5648,78,unweighted_fl,10,0.0995222929936305,0,7,None,66,1,5,False,10,10
5649,79,unweighted_fl,10,0.0995222929936305,0,7,None,66,1,5,False,10,10
5650,75,unweighted_fl,10,0.0995222929936305,0,8,None,66,1,5,False,10,10
5651,76,unweighted_fl,10,0.0995222929936305,0,8,None,66,1,5,False,10,10
5652,77,unweighted_fl,10,0.0995222929936305,0,8,None,66,1,5,False,10,10
5653,78,unweighted_fl,10,0.0995222929936305,0,8,None,66,1,5,False,10,10
5654,79,unweighted_fl,10,0.0995222929936305,0,8,None,66,1,5,False,10,10
5655,75,unweighted_fl,10,0.0995222929936305,0,9,None,66,1,5,False,10,10
5656,76,unweighted_fl,10,0.0995222929936305,0,9,None,66,1,5,False,10,10
5657,77,unweighted_fl,10,0.18640525477707,0,9,None,66,1,5,False,10,10
5658,78,unweighted_fl,10,0.0995222929936305,0,9,None,66,1,5,False,10,10
5659,79,unweighted_fl,10,0.0995222929936305,0,9,None,66,1,5,False,10,10
5660,75,unweighted_fl,10,0.0995222929936305,0,10,None,66,1,5,False,10,10
5661,76,unweighted_fl,10,0.0995222929936305,0,10,None,66,1,5,False,10,10
5662,77,unweighted_fl,10,0.0995222929936305,0,10,None,66,1,5,False,10,10
5663,78,unweighted_fl,10,0.0995222929936305,0,10,None,66,1,5,False,10,10
5664,79,unweighted_fl,10,0.0995222929936305,0,10,None,66,1,5,False,10,10
5665,75,unweighted_fl,10,0.0995222929936305,0,11,None,66,1,5,False,10,10
5666,76,unweighted_fl,10,0.0995222929936305,0,11,None,66,1,5,False,10,10
5667,77,unweighted_fl,10,0.0995222929936305,0,11,None,66,1,5,False,10,10
5668,78,unweighted_fl,10,0.0995222929936305,0,11,None,66,1,5,False,10,10
5669,79,unweighted_fl,10,0.0995222929936305,0,11,None,66,1,5,False,10,10
5670,75,unweighted_fl,10,0.0995222929936305,0,13,None,66,1,5,False,10,10
5671,76,unweighted_fl,10,0.0995222929936305,0,13,None,66,1,5,False,10,10
5672,77,unweighted_fl,10,0.0995222929936305,0,13,None,66,1,5,False,10,10
5673,78,unweighted_fl,10,0.0995222929936305,0,13,None,66,1,5,False,10,10
5674,79,unweighted_fl,10,0.0995222929936305,0,13,None,66,1,5,False,10,10
5675,75,unweighted_fl,10,0.0995222929936305,0,12,None,66,1,5,False,10,10
5676,76,unweighted_fl,10,0.0995222929936305,0,12,None,66,1,5,False,10,10
5677,77,unweighted_fl,10,0.0995222929936305,0,12,None,66,1,5,False,10,10
5678,78,unweighted_fl,10,0.0995222929936305,0,12,None,66,1,5,False,10,10
5679,79,unweighted_fl,10,0.0995222929936305,0,12,None,66,1,5,False,10,10
5680,75,unweighted_fl,10,0.0995222929936305,0,14,None,66,1,5,False,10,10
5681,76,unweighted_fl,10,0.0995222929936305,0,14,None,66,1,5,False,10,10
5682,77,unweighted_fl,10,0.0995222929936305,0,14,None,66,1,5,False,10,10
5683,78,unweighted_fl,10,0.0995222929936305,0,14,None,66,1,5,False,10,10
5684,79,unweighted_fl,10,0.0995222929936305,0,14,None,66,1,5,False,10,10
5685,75,unweighted_fl,10,0.0995222929936305,0,15,None,66,1,5,False,10,10
5686,76,unweighted_fl,10,0.0995222929936305,0,15,None,66,1,5,False,10,10
5687,77,unweighted_fl,10,0.0995222929936305,0,15,None,66,1,5,False,10,10
5688,78,unweighted_fl,10,0.0995222929936305,0,15,None,66,1,5,False,10,10
5689,79,unweighted_fl,10,0.0995222929936305,0,15,None,66,1,5,False,10,10
5690,75,unweighted_fl,10,0.0995222929936305,0,16,None,66,1,5,False,10,10
5691,76,unweighted_fl,10,0.0995222929936305,0,16,None,66,1,5,False,10,10
5692,77,unweighted_fl,10,0.0995222929936305,0,16,None,66,1,5,False,10,10
5693,78,unweighted_fl,10,0.0995222929936305,0,16,None,66,1,5,False,10,10
5694,79,unweighted_fl,10,0.0995222929936305,0,16,None,66,1,5,False,10,10
5695,75,unweighted_fl,10,0.0995222929936305,0,17,None,66,1,5,False,10,10
5696,76,unweighted_fl,10,0.0995222929936305,0,17,None,66,1,5,False,10,10
5697,77,unweighted_fl,10,0.0995222929936305,0,17,None,66,1,5,False,10,10
5698,78,unweighted_fl,10,0.0995222929936305,0,17,None,66,1,5,False,10,10
5699,79,unweighted_fl,10,0.0995222929936305,0,17,None,66,1,5,False,10,10
5700,75,unweighted_fl,10,0.0995222929936305,0,18,None,66,1,5,False,10,10
5701,76,unweighted_fl,10,0.0995222929936305,0,18,None,66,1,5,False,10,10
5702,77,unweighted_fl,10,0.0995222929936305,0,18,None,66,1,5,False,10,10
5703,78,unweighted_fl,10,0.0995222929936305,0,18,None,66,1,5,False,10,10
5704,79,unweighted_fl,10,0.0995222929936305,0,18,None,66,1,5,False,10,10
5705,75,unweighted_fl,10,0.1784434713375796,0,19,None,66,1,5,False,10,10
5706,76,unweighted_fl,10,0.0995222929936305,0,19,None,66,1,5,False,10,10
5707,77,unweighted_fl,10,0.0995222929936305,0,19,None,66,1,5,False,10,10
5708,78,unweighted_fl,10,0.0995222929936305,0,19,None,66,1,5,False,10,10
5709,79,unweighted_fl,10,0.0995222929936305,0,19,None,66,1,5,False,10,10
5710,75,unweighted_fl,10,0.0995222929936305,0,20,None,66,1,5,False,10,10
5711,76,unweighted_fl,10,0.0995222929936305,0,20,None,66,1,5,False,10,10
5712,77,unweighted_fl,10,0.0995222929936305,0,20,None,66,1,5,False,10,10
5713,78,unweighted_fl,10,0.0995222929936305,0,20,None,66,1,5,False,10,10
5714,79,unweighted_fl,10,0.0995222929936305,0,20,None,66,1,5,False,10,10
5715,75,unweighted_fl,10,0.0995222929936305,0,21,None,66,1,5,False,10,10
5716,76,unweighted_fl,10,0.0995222929936305,0,21,None,66,1,5,False,10,10
5717,77,unweighted_fl,10,0.0995222929936305,0,21,None,66,1,5,False,10,10
5718,78,unweighted_fl,10,0.0995222929936305,0,21,None,66,1,5,False,10,10
5719,79,unweighted_fl,10,0.0995222929936305,0,21,None,66,1,5,False,10,10
5720,75,unweighted_fl,10,0.0995222929936305,0,22,None,66,1,5,False,10,10
5721,76,unweighted_fl,10,0.0995222929936305,0,22,None,66,1,5,False,10,10
5722,77,unweighted_fl,10,0.0995222929936305,0,22,None,66,1,5,False,10,10
5723,78,unweighted_fl,10,0.0995222929936305,0,22,None,66,1,5,False,10,10
5724,79,unweighted_fl,10,0.0995222929936305,0,22,None,66,1,5,False,10,10
5725,75,unweighted_fl,10,0.0995222929936305,0,23,None,66,1,5,False,10,10
5726,76,unweighted_fl,10,0.0995222929936305,0,23,None,66,1,5,False,10,10
5727,77,unweighted_fl,10,0.0995222929936305,0,23,None,66,1,5,False,10,10
5728,78,unweighted_fl,10,0.0995222929936305,0,23,None,66,1,5,False,10,10
5729,79,unweighted_fl,10,0.0995222929936305,0,23,None,66,1,5,False,10,10
5730,75,unweighted_fl,10,0.0995222929936305,0,24,None,66,1,5,False,10,10
5731,76,unweighted_fl,10,0.0995222929936305,0,24,None,66,1,5,False,10,10
5732,77,unweighted_fl,10,0.0995222929936305,0,24,None,66,1,5,False,10,10
5733,78,unweighted_fl,10,0.0995222929936305,0,24,None,66,1,5,False,10,10
5734,79,unweighted_fl,10,0.0995222929936305,0,24,None,66,1,5,False,10,10
5735,75,unweighted_fl,10,0.118531050955414,0,26,None,66,1,5,False,10,10
5736,76,unweighted_fl,10,0.0995222929936305,0,26,None,66,1,5,False,10,10
5737,77,unweighted_fl,10,0.0995222929936305,0,26,None,66,1,5,False,10,10
5738,78,unweighted_fl,10,0.0995222929936305,0,26,None,66,1,5,False,10,10
5739,79,unweighted_fl,10,0.0995222929936305,0,26,None,66,1,5,False,10,10
5740,75,unweighted_fl,10,0.0995222929936305,0,25,None,66,1,5,False,10,10
5741,76,unweighted_fl,10,0.0995222929936305,0,25,None,66,1,5,False,10,10
5742,77,unweighted_fl,10,0.0995222929936305,0,25,None,66,1,5,False,10,10
5743,78,unweighted_fl,10,0.0995222929936305,0,25,None,66,1,5,False,10,10
5744,79,unweighted_fl,10,0.0995222929936305,0,25,None,66,1,5,False,10,10
5745,75,unweighted_fl,10,0.0995222929936305,0,27,None,66,1,5,False,10,10
5746,76,unweighted_fl,10,0.0995222929936305,0,27,None,66,1,5,False,10,10
5747,77,unweighted_fl,10,0.0995222929936305,0,27,None,66,1,5,False,10,10
5748,78,unweighted_fl,10,0.0995222929936305,0,27,None,66,1,5,False,10,10
5749,79,unweighted_fl,10,0.0995222929936305,0,27,None,66,1,5,False,10,10
5750,75,unweighted_fl,10,0.0995222929936305,0,28,None,66,1,5,False,10,10
5751,76,unweighted_fl,10,0.0995222929936305,0,28,None,66,1,5,False,10,10
5752,77,unweighted_fl,10,0.0995222929936305,0,28,None,66,1,5,False,10,10
5753,78,unweighted_fl,10,0.0995222929936305,0,28,None,66,1,5,False,10,10
5754,79,unweighted_fl,10,0.0995222929936305,0,28,None,66,1,5,False,10,10
5755,75,unweighted_fl,10,0.0995222929936305,0,29,None,66,1,5,False,10,10
5756,76,unweighted_fl,10,0.0995222929936305,0,29,None,66,1,5,False,10,10
5757,77,unweighted_fl,10,0.0995222929936305,0,29,None,66,1,5,False,10,10
5758,78,unweighted_fl,10,0.0995222929936305,0,29,None,66,1,5,False,10,10
5759,79,unweighted_fl,10,0.0995222929936305,0,29,None,66,1,5,False,10,10
5760,75,unweighted_fl,10,0.0996218152866242,0,30,None,66,1,5,False,10,10
5761,76,unweighted_fl,10,0.0995222929936305,0,30,None,66,1,5,False,10,10
5762,77,unweighted_fl,10,0.0995222929936305,0,30,None,66,1,5,False,10,10
5763,78,unweighted_fl,10,0.0995222929936305,0,30,None,66,1,5,False,10,10
5764,79,unweighted_fl,10,0.0995222929936305,0,30,None,66,1,5,False,10,10
5765,75,unweighted_fl,10,0.0995222929936305,0,31,None,66,1,5,False,10,10
5766,76,unweighted_fl,10,0.0995222929936305,0,31,None,66,1,5,False,10,10
5767,77,unweighted_fl,10,0.0995222929936305,0,31,None,66,1,5,False,10,10
5768,78,unweighted_fl,10,0.1065883757961783,0,31,None,66,1,5,False,10,10
5769,79,unweighted_fl,10,0.0995222929936305,0,31,None,66,1,5,False,10,10
5770,75,unweighted_fl,10,0.0995222929936305,0,32,None,66,1,5,False,10,10
5771,76,unweighted_fl,10,0.0995222929936305,0,32,None,66,1,5,False,10,10
5772,77,unweighted_fl,10,0.0995222929936305,0,32,None,66,1,5,False,10,10
5773,78,unweighted_fl,10,0.0995222929936305,0,32,None,66,1,5,False,10,10
5774,79,unweighted_fl,10,0.0995222929936305,0,32,None,66,1,5,False,10,10
6105,80,unweighted_fl,10,0.0995222929936305,0,1,None,66,1,5,False,10,10
6106,81,unweighted_fl,10,0.0995222929936305,0,1,None,66,1,5,False,10,10
6107,82,unweighted_fl,10,0.0995222929936305,0,1,None,66,1,5,False,10,10
6108,83,unweighted_fl,10,0.0995222929936305,0,1,None,66,1,5,False,10,10
6109,84,unweighted_fl,10,0.0995222929936305,0,1,None,66,1,5,False,10,10
6110,80,unweighted_fl,10,0.1586385350318471,0,2,None,66,1,5,False,10,10
6111,81,unweighted_fl,10,0.0995222929936305,0,2,None,66,1,5,False,10,10
6112,82,unweighted_fl,10,0.0995222929936305,0,2,None,66,1,5,False,10,10
6113,83,unweighted_fl,10,0.0995222929936305,0,2,None,66,1,5,False,10,10
6114,84,unweighted_fl,10,0.0995222929936305,0,2,None,66,1,5,False,10,10
6115,80,unweighted_fl,10,0.0995222929936305,0,0,None,66,1,5,False,10,10
6116,81,unweighted_fl,10,0.0995222929936305,0,0,None,66,1,5,False,10,10
6117,82,unweighted_fl,10,0.1532643312101911,0,0,None,66,1,5,False,10,10
6118,83,unweighted_fl,10,0.0995222929936305,0,0,None,66,1,5,False,10,10
6119,84,unweighted_fl,10,0.0995222929936305,0,0,None,66,1,5,False,10,10
6120,80,unweighted_fl,10,0.0995222929936305,0,3,None,66,1,5,False,10,10
6121,81,unweighted_fl,10,0.0995222929936305,0,3,None,66,1,5,False,10,10
6122,82,unweighted_fl,10,0.0995222929936305,0,3,None,66,1,5,False,10,10
6123,83,unweighted_fl,10,0.0995222929936305,0,3,None,66,1,5,False,10,10
6124,84,unweighted_fl,10,0.0995222929936305,0,3,None,66,1,5,False,10,10
6125,80,unweighted_fl,10,0.0995222929936305,0,4,None,66,1,5,False,10,10
6126,81,unweighted_fl,10,0.0995222929936305,0,4,None,66,1,5,False,10,10
6127,82,unweighted_fl,10,0.0995222929936305,0,4,None,66,1,5,False,10,10
6128,83,unweighted_fl,10,0.0995222929936305,0,4,None,66,1,5,False,10,10
6129,84,unweighted_fl,10,0.0995222929936305,0,4,None,66,1,5,False,10,10
6130,80,unweighted_fl,10,0.0995222929936305,0,5,None,66,1,5,False,10,10
6131,81,unweighted_fl,10,0.0995222929936305,0,5,None,66,1,5,False,10,10
6132,82,unweighted_fl,10,0.0995222929936305,0,5,None,66,1,5,False,10,10
6133,83,unweighted_fl,10,0.0995222929936305,0,5,None,66,1,5,False,10,10
6134,84,unweighted_fl,10,0.0995222929936305,0,5,None,66,1,5,False,10,10
6135,80,unweighted_fl,10,0.0995222929936305,0,6,None,66,1,5,False,10,10
6136,81,unweighted_fl,10,0.0995222929936305,0,6,None,66,1,5,False,10,10
6137,82,unweighted_fl,10,0.0995222929936305,0,6,None,66,1,5,False,10,10
6138,83,unweighted_fl,10,0.0995222929936305,0,6,None,66,1,5,False,10,10
6139,84,unweighted_fl,10,0.0995222929936305,0,6,None,66,1,5,False,10,10
6140,80,unweighted_fl,10,0.0995222929936305,0,8,None,66,1,5,False,10,10
6141,81,unweighted_fl,10,0.0995222929936305,0,8,None,66,1,5,False,10,10
6142,82,unweighted_fl,10,0.0995222929936305,0,8,None,66,1,5,False,10,10
6143,83,unweighted_fl,10,0.0995222929936305,0,8,None,66,1,5,False,10,10
6144,84,unweighted_fl,10,0.0995222929936305,0,8,None,66,1,5,False,10,10
6145,80,unweighted_fl,10,0.0995222929936305,0,7,None,66,1,5,False,10,10
6146,81,unweighted_fl,10,0.0995222929936305,0,7,None,66,1,5,False,10,10
6147,82,unweighted_fl,10,0.0995222929936305,0,7,None,66,1,5,False,10,10
6148,83,unweighted_fl,10,0.0995222929936305,0,7,None,66,1,5,False,10,10
6149,84,unweighted_fl,10,0.0995222929936305,0,7,None,66,1,5,False,10,10
6150,80,unweighted_fl,10,0.1015127388535031,0,9,None,66,1,5,False,10,10
6151,81,unweighted_fl,10,0.0995222929936305,0,9,None,66,1,5,False,10,10
6152,82,unweighted_fl,10,0.1888933121019108,0,9,None,66,1,5,False,10,10
6153,83,unweighted_fl,10,0.0995222929936305,0,9,None,66,1,5,False,10,10
6154,84,unweighted_fl,10,0.0995222929936305,0,9,None,66,1,5,False,10,10
6155,80,unweighted_fl,10,0.0995222929936305,0,10,None,66,1,5,False,10,10
6156,81,unweighted_fl,10,0.0995222929936305,0,10,None,66,1,5,False,10,10
6157,82,unweighted_fl,10,0.0995222929936305,0,10,None,66,1,5,False,10,10
6158,83,unweighted_fl,10,0.0995222929936305,0,10,None,66,1,5,False,10,10
6159,84,unweighted_fl,10,0.0995222929936305,0,10,None,66,1,5,False,10,10
6160,80,unweighted_fl,10,0.0995222929936305,0,11,None,66,1,5,False,10,10
6161,81,unweighted_fl,10,0.0995222929936305,0,11,None,66,1,5,False,10,10
6162,82,unweighted_fl,10,0.0995222929936305,0,11,None,66,1,5,False,10,10
6163,83,unweighted_fl,10,0.0995222929936305,0,11,None,66,1,5,False,10,10
6164,84,unweighted_fl,10,0.0995222929936305,0,11,None,66,1,5,False,10,10
6165,80,unweighted_fl,10,0.0995222929936305,0,12,None,66,1,5,False,10,10
6166,81,unweighted_fl,10,0.0995222929936305,0,12,None,66,1,5,False,10,10
6167,82,unweighted_fl,10,0.0995222929936305,0,12,None,66,1,5,False,10,10
6168,83,unweighted_fl,10,0.0995222929936305,0,12,None,66,1,5,False,10,10
6169,84,unweighted_fl,10,0.0995222929936305,0,12,None,66,1,5,False,10,10
6170,80,unweighted_fl,10,0.0995222929936305,0,13,None,66,1,5,False,10,10
6171,81,unweighted_fl,10,0.0995222929936305,0,13,None,66,1,5,False,10,10
6172,82,unweighted_fl,10,0.0995222929936305,0,13,None,66,1,5,False,10,10
6173,83,unweighted_fl,10,0.0995222929936305,0,13,None,66,1,5,False,10,10
6174,84,unweighted_fl,10,0.0995222929936305,0,13,None,66,1,5,False,10,10
6175,80,unweighted_fl,10,0.0995222929936305,0,14,None,66,1,5,False,10,10
6176,81,unweighted_fl,10,0.0995222929936305,0,14,None,66,1,5,False,10,10
6177,82,unweighted_fl,10,0.0995222929936305,0,14,None,66,1,5,False,10,10
6178,83,unweighted_fl,10,0.0995222929936305,0,14,None,66,1,5,False,10,10
6179,84,unweighted_fl,10,0.0995222929936305,0,14,None,66,1,5,False,10,10
6180,80,unweighted_fl,10,0.0995222929936305,0,15,None,66,1,5,False,10,10
6181,81,unweighted_fl,10,0.0995222929936305,0,15,None,66,1,5,False,10,10
6182,82,unweighted_fl,10,0.0995222929936305,0,15,None,66,1,5,False,10,10
6183,83,unweighted_fl,10,0.0995222929936305,0,15,None,66,1,5,False,10,10
6184,84,unweighted_fl,10,0.0995222929936305,0,15,None,66,1,5,False,10,10
6185,80,unweighted_fl,10,0.0995222929936305,0,16,None,66,1,5,False,10,10
6186,81,unweighted_fl,10,0.0995222929936305,0,16,None,66,1,5,False,10,10
6187,82,unweighted_fl,10,0.0995222929936305,0,16,None,66,1,5,False,10,10
6188,83,unweighted_fl,10,0.0995222929936305,0,16,None,66,1,5,False,10,10
6189,84,unweighted_fl,10,0.0995222929936305,0,16,None,66,1,5,False,10,10
6190,80,unweighted_fl,10,0.0995222929936305,0,17,None,66,1,5,False,10,10
6191,81,unweighted_fl,10,0.0995222929936305,0,17,None,66,1,5,False,10,10
6192,82,unweighted_fl,10,0.0995222929936305,0,17,None,66,1,5,False,10,10
6193,83,unweighted_fl,10,0.0995222929936305,0,17,None,66,1,5,False,10,10
6194,84,unweighted_fl,10,0.0995222929936305,0,17,None,66,1,5,False,10,10
6195,80,unweighted_fl,10,0.0995222929936305,0,18,None,66,1,5,False,10,10
6196,81,unweighted_fl,10,0.0995222929936305,0,18,None,66,1,5,False,10,10
6197,82,unweighted_fl,10,0.0995222929936305,0,18,None,66,1,5,False,10,10
6198,83,unweighted_fl,10,0.0995222929936305,0,18,None,66,1,5,False,10,10
6199,84,unweighted_fl,10,0.0995222929936305,0,18,None,66,1,5,False,10,10
6200,80,unweighted_fl,10,0.0995222929936305,0,19,None,66,1,5,False,10,10
6201,81,unweighted_fl,10,0.0995222929936305,0,19,None,66,1,5,False,10,10
6202,82,unweighted_fl,10,0.0995222929936305,0,19,None,66,1,5,False,10,10
6203,83,unweighted_fl,10,0.0995222929936305,0,19,None,66,1,5,False,10,10
6204,84,unweighted_fl,10,0.0995222929936305,0,19,None,66,1,5,False,10,10
6205,80,unweighted_fl,10,0.0995222929936305,0,20,None,66,1,5,False,10,10
6206,81,unweighted_fl,10,0.1266918789808917,0,20,None,66,1,5,False,10,10
6207,82,unweighted_fl,10,0.0995222929936305,0,20,None,66,1,5,False,10,10
6208,83,unweighted_fl,10,0.0995222929936305,0,20,None,66,1,5,False,10,10
6209,84,unweighted_fl,10,0.0995222929936305,0,20,None,66,1,5,False,10,10
6210,80,unweighted_fl,10,0.0995222929936305,0,21,None,66,1,5,False,10,10
6211,81,unweighted_fl,10,0.0995222929936305,0,21,None,66,1,5,False,10,10
6212,82,unweighted_fl,10,0.0995222929936305,0,21,None,66,1,5,False,10,10
6213,83,unweighted_fl,10,0.0995222929936305,0,21,None,66,1,5,False,10,10
6214,84,unweighted_fl,10,0.0995222929936305,0,21,None,66,1,5,False,10,10
6215,80,unweighted_fl,10,0.0995222929936305,0,22,None,66,1,5,False,10,10
6216,81,unweighted_fl,10,0.0995222929936305,0,22,None,66,1,5,False,10,10
6217,82,unweighted_fl,10,0.0995222929936305,0,22,None,66,1,5,False,10,10
6218,83,unweighted_fl,10,0.0995222929936305,0,22,None,66,1,5,False,10,10
6219,84,unweighted_fl,10,0.0995222929936305,0,22,None,66,1,5,False,10,10
6220,80,unweighted_fl,10,0.0995222929936305,0,23,None,66,1,5,False,10,10
6221,81,unweighted_fl,10,0.0995222929936305,0,23,None,66,1,5,False,10,10
6222,82,unweighted_fl,10,0.0995222929936305,0,23,None,66,1,5,False,10,10
6223,83,unweighted_fl,10,0.0995222929936305,0,23,None,66,1,5,False,10,10
6224,84,unweighted_fl,10,0.0995222929936305,0,23,None,66,1,5,False,10,10
6225,80,unweighted_fl,10,0.0995222929936305,0,25,None,66,1,5,False,10,10
6226,81,unweighted_fl,10,0.0995222929936305,0,25,None,66,1,5,False,10,10
6227,82,unweighted_fl,10,0.0995222929936305,0,25,None,66,1,5,False,10,10
6228,83,unweighted_fl,10,0.0995222929936305,0,25,None,66,1,5,False,10,10
6229,84,unweighted_fl,10,0.0995222929936305,0,25,None,66,1,5,False,10,10
6230,80,unweighted_fl,10,0.0995222929936305,0,24,None,66,1,5,False,10,10
6231,81,unweighted_fl,10,0.0995222929936305,0,24,None,66,1,5,False,10,10
6232,82,unweighted_fl,10,0.0995222929936305,0,24,None,66,1,5,False,10,10
6233,83,unweighted_fl,10,0.0995222929936305,0,24,None,66,1,5,False,10,10
6234,84,unweighted_fl,10,0.0995222929936305,0,24,None,66,1,5,False,10,10
6235,80,unweighted_fl,10,0.0995222929936305,0,27,None,66,1,5,False,10,10
6236,81,unweighted_fl,10,0.0995222929936305,0,27,None,66,1,5,False,10,10
6237,82,unweighted_fl,10,0.0995222929936305,0,27,None,66,1,5,False,10,10
6238,83,unweighted_fl,10,0.0995222929936305,0,27,None,66,1,5,False,10,10
6239,84,unweighted_fl,10,0.0995222929936305,0,27,None,66,1,5,False,10,10
6240,80,unweighted_fl,10,0.1754578025477707,0,26,None,66,1,5,False,10,10
6241,81,unweighted_fl,10,0.0995222929936305,0,26,None,66,1,5,False,10,10
6242,82,unweighted_fl,10,0.0995222929936305,0,26,None,66,1,5,False,10,10
6243,83,unweighted_fl,10,0.0995222929936305,0,26,None,66,1,5,False,10,10
6244,84,unweighted_fl,10,0.0995222929936305,0,26,None,66,1,5,False,10,10
6245,80,unweighted_fl,10,0.0995222929936305,0,28,None,66,1,5,False,10,10
6246,81,unweighted_fl,10,0.0995222929936305,0,28,None,66,1,5,False,10,10
6247,82,unweighted_fl,10,0.0995222929936305,0,28,None,66,1,5,False,10,10
6248,83,unweighted_fl,10,0.0995222929936305,0,28,None,66,1,5,False,10,10
6249,84,unweighted_fl,10,0.0995222929936305,0,28,None,66,1,5,False,10,10
6250,80,unweighted_fl,10,0.0995222929936305,0,29,None,66,1,5,False,10,10
6251,81,unweighted_fl,10,0.0995222929936305,0,29,None,66,1,5,False,10,10
6252,82,unweighted_fl,10,0.0995222929936305,0,29,None,66,1,5,False,10,10
6253,83,unweighted_fl,10,0.0995222929936305,0,29,None,66,1,5,False,10,10
6254,84,unweighted_fl,10,0.0995222929936305,0,29,None,66,1,5,False,10,10
6255,80,unweighted_fl,10,0.1786425159235669,0,30,None,66,1,5,False,10,10
6256,81,unweighted_fl,10,0.0995222929936305,0,30,None,66,1,5,False,10,10
6257,82,unweighted_fl,10,0.0995222929936305,0,30,None,66,1,5,False,10,10
6258,83,unweighted_fl,10,0.0995222929936305,0,30,None,66,1,5,False,10,10
6259,84,unweighted_fl,10,0.0995222929936305,0,30,None,66,1,5,False,10,10
6260,80,unweighted_fl,10,0.0995222929936305,0,31,None,66,1,5,False,10,10
6261,81,unweighted_fl,10,0.1660031847133758,0,31,None,66,1,5,False,10,10
6262,82,unweighted_fl,10,0.0995222929936305,0,31,None,66,1,5,False,10,10
6263,83,unweighted_fl,10,0.1274880573248407,0,31,None,66,1,5,False,10,10
6264,84,unweighted_fl,10,0.0995222929936305,0,31,None,66,1,5,False,10,10
6265,80,unweighted_fl,10,0.0995222929936305,0,32,None,66,1,5,False,10,10
6266,81,unweighted_fl,10,0.0995222929936305,0,32,None,66,1,5,False,10,10
6267,82,unweighted_fl,10,0.0995222929936305,0,32,None,66,1,5,False,10,10
6268,83,unweighted_fl,10,0.0995222929936305,0,32,None,66,1,5,False,10,10
6269,84,unweighted_fl,10,0.0995222929936305,0,32,None,66,1,5,False,10,10
6270,85,unweighted_fl,10,0.0995222929936305,0,1,None,66,1,5,False,10,10
6271,86,unweighted_fl,10,0.0995222929936305,0,1,None,66,1,5,False,10,10
6272,87,unweighted_fl,10,0.0995222929936305,0,1,None,66,1,5,False,10,10
6273,88,unweighted_fl,10,0.0995222929936305,0,1,None,66,1,5,False,10,10
6274,89,unweighted_fl,10,0.0995222929936305,0,1,None,66,1,5,False,10,10
6275,85,unweighted_fl,10,0.0995222929936305,0,0,None,66,1,5,False,10,10
6276,86,unweighted_fl,10,0.0995222929936305,0,0,None,66,1,5,False,10,10
6277,87,unweighted_fl,10,0.1656050955414012,0,0,None,66,1,5,False,10,10
6278,88,unweighted_fl,10,0.0995222929936305,0,0,None,66,1,5,False,10,10
6279,89,unweighted_fl,10,0.0995222929936305,0,0,None,66,1,5,False,10,10
6280,85,unweighted_fl,10,0.160828025477707,0,2,None,66,1,5,False,10,10
6281,86,unweighted_fl,10,0.0995222929936305,0,2,None,66,1,5,False,10,10
6282,87,unweighted_fl,10,0.0995222929936305,0,2,None,66,1,5,False,10,10
6283,88,unweighted_fl,10,0.0995222929936305,0,2,None,66,1,5,False,10,10
6284,89,unweighted_fl,10,0.0995222929936305,0,2,None,66,1,5,False,10,10
6285,85,unweighted_fl,10,0.0995222929936305,0,4,None,66,1,5,False,10,10
6286,86,unweighted_fl,10,0.0995222929936305,0,4,None,66,1,5,False,10,10
6287,87,unweighted_fl,10,0.0995222929936305,0,4,None,66,1,5,False,10,10
6288,88,unweighted_fl,10,0.0995222929936305,0,4,None,66,1,5,False,10,10
6289,89,unweighted_fl,10,0.0995222929936305,0,4,None,66,1,5,False,10,10
6290,85,unweighted_fl,10,0.0995222929936305,0,3,None,66,1,5,False,10,10
6291,86,unweighted_fl,10,0.0995222929936305,0,3,None,66,1,5,False,10,10
6292,87,unweighted_fl,10,0.0995222929936305,0,3,None,66,1,5,False,10,10
6293,88,unweighted_fl,10,0.0995222929936305,0,3,None,66,1,5,False,10,10
6294,89,unweighted_fl,10,0.0995222929936305,0,3,None,66,1,5,False,10,10
6295,85,unweighted_fl,10,0.0995222929936305,0,5,None,66,1,5,False,10,10
6296,86,unweighted_fl,10,0.0995222929936305,0,5,None,66,1,5,False,10,10
6297,87,unweighted_fl,10,0.0995222929936305,0,5,None,66,1,5,False,10,10
6298,88,unweighted_fl,10,0.0995222929936305,0,5,None,66,1,5,False,10,10
6299,89,unweighted_fl,10,0.0995222929936305,0,5,None,66,1,5,False,10,10
6300,85,unweighted_fl,10,0.0995222929936305,0,7,None,66,1,5,False,10,10
6301,86,unweighted_fl,10,0.0995222929936305,0,7,None,66,1,5,False,10,10
6302,87,unweighted_fl,10,0.0995222929936305,0,7,None,66,1,5,False,10,10
6303,88,unweighted_fl,10,0.0995222929936305,0,7,None,66,1,5,False,10,10
6304,89,unweighted_fl,10,0.0995222929936305,0,7,None,66,1,5,False,10,10
6305,85,unweighted_fl,10,0.0995222929936305,0,8,None,66,1,5,False,10,10
6306,86,unweighted_fl,10,0.0995222929936305,0,8,None,66,1,5,False,10,10
6307,87,unweighted_fl,10,0.0995222929936305,0,8,None,66,1,5,False,10,10
6308,88,unweighted_fl,10,0.0995222929936305,0,8,None,66,1,5,False,10,10
6309,89,unweighted_fl,10,0.0995222929936305,0,8,None,66,1,5,False,10,10
6310,85,unweighted_fl,10,0.1001194267515923,0,6,None,66,1,5,False,10,10
6311,86,unweighted_fl,10,0.0995222929936305,0,6,None,66,1,5,False,10,10
6312,87,unweighted_fl,10,0.0995222929936305,0,6,None,66,1,5,False,10,10
6313,88,unweighted_fl,10,0.0995222929936305,0,6,None,66,1,5,False,10,10
6314,89,unweighted_fl,10,0.0995222929936305,0,6,None,66,1,5,False,10,10
6315,85,unweighted_fl,10,0.1015127388535031,0,9,None,66,1,5,False,10,10
6316,86,unweighted_fl,10,0.0995222929936305,0,9,None,66,1,5,False,10,10
6317,87,unweighted_fl,10,0.1894904458598726,0,9,None,66,1,5,False,10,10
6318,88,unweighted_fl,10,0.0995222929936305,0,9,None,66,1,5,False,10,10
6319,89,unweighted_fl,10,0.0995222929936305,0,9,None,66,1,5,False,10,10
6320,85,unweighted_fl,10,0.0995222929936305,0,10,None,66,1,5,False,10,10
6321,86,unweighted_fl,10,0.0995222929936305,0,10,None,66,1,5,False,10,10
6322,87,unweighted_fl,10,0.0995222929936305,0,10,None,66,1,5,False,10,10
6323,88,unweighted_fl,10,0.0995222929936305,0,10,None,66,1,5,False,10,10
6324,89,unweighted_fl,10,0.0995222929936305,0,10,None,66,1,5,False,10,10
6325,85,unweighted_fl,10,0.0995222929936305,0,11,None,66,1,5,False,10,10
6326,86,unweighted_fl,10,0.0995222929936305,0,11,None,66,1,5,False,10,10
6327,87,unweighted_fl,10,0.0995222929936305,0,11,None,66,1,5,False,10,10
6328,88,unweighted_fl,10,0.0995222929936305,0,11,None,66,1,5,False,10,10
6329,89,unweighted_fl,10,0.0995222929936305,0,11,None,66,1,5,False,10,10
6330,85,unweighted_fl,10,0.0995222929936305,0,13,None,66,1,5,False,10,10
6331,86,unweighted_fl,10,0.0995222929936305,0,13,None,66,1,5,False,10,10
6332,87,unweighted_fl,10,0.0995222929936305,0,13,None,66,1,5,False,10,10
6333,88,unweighted_fl,10,0.0995222929936305,0,13,None,66,1,5,False,10,10
6334,89,unweighted_fl,10,0.1089769108280254,0,13,None,66,1,5,False,10,10
6335,85,unweighted_fl,10,0.0995222929936305,0,12,None,66,1,5,False,10,10
6336,86,unweighted_fl,10,0.0995222929936305,0,12,None,66,1,5,False,10,10
6337,87,unweighted_fl,10,0.0995222929936305,0,12,None,66,1,5,False,10,10
6338,88,unweighted_fl,10,0.0995222929936305,0,12,None,66,1,5,False,10,10
6339,89,unweighted_fl,10,0.0995222929936305,0,12,None,66,1,5,False,10,10
6340,85,unweighted_fl,10,0.0995222929936305,0,14,None,66,1,5,False,10,10
6341,86,unweighted_fl,10,0.0995222929936305,0,14,None,66,1,5,False,10,10
6342,87,unweighted_fl,10,0.0995222929936305,0,14,None,66,1,5,False,10,10
6343,88,unweighted_fl,10,0.0995222929936305,0,14,None,66,1,5,False,10,10
6344,89,unweighted_fl,10,0.0995222929936305,0,14,None,66,1,5,False,10,10
6345,85,unweighted_fl,10,0.0995222929936305,0,16,None,66,1,5,False,10,10
6346,86,unweighted_fl,10,0.0995222929936305,0,16,None,66,1,5,False,10,10
6347,87,unweighted_fl,10,0.0995222929936305,0,16,None,66,1,5,False,10,10
6348,88,unweighted_fl,10,0.0995222929936305,0,16,None,66,1,5,False,10,10
6349,89,unweighted_fl,10,0.0995222929936305,0,16,None,66,1,5,False,10,10
6350,85,unweighted_fl,10,0.0995222929936305,0,17,None,66,1,5,False,10,10
6351,86,unweighted_fl,10,0.0995222929936305,0,17,None,66,1,5,False,10,10
6352,87,unweighted_fl,10,0.0998208598726114,0,17,None,66,1,5,False,10,10
6353,88,unweighted_fl,10,0.0995222929936305,0,17,None,66,1,5,False,10,10
6354,89,unweighted_fl,10,0.0995222929936305,0,17,None,66,1,5,False,10,10
6355,85,unweighted_fl,10,0.0995222929936305,0,15,None,66,1,5,False,10,10
6356,86,unweighted_fl,10,0.0995222929936305,0,15,None,66,1,5,False,10,10
6357,87,unweighted_fl,10,0.0995222929936305,0,15,None,66,1,5,False,10,10
6358,88,unweighted_fl,10,0.0995222929936305,0,15,None,66,1,5,False,10,10
6359,89,unweighted_fl,10,0.0995222929936305,0,15,None,66,1,5,False,10,10
6360,85,unweighted_fl,10,0.0995222929936305,0,18,None,66,1,5,False,10,10
6361,86,unweighted_fl,10,0.0995222929936305,0,18,None,66,1,5,False,10,10
6362,87,unweighted_fl,10,0.0995222929936305,0,18,None,66,1,5,False,10,10
6363,88,unweighted_fl,10,0.0995222929936305,0,18,None,66,1,5,False,10,10
6364,89,unweighted_fl,10,0.0995222929936305,0,18,None,66,1,5,False,10,10
6365,85,unweighted_fl,10,0.1477906050955414,0,19,None,66,1,5,False,10,10
6366,86,unweighted_fl,10,0.0995222929936305,0,19,None,66,1,5,False,10,10
6367,87,unweighted_fl,10,0.0995222929936305,0,19,None,66,1,5,False,10,10
6368,88,unweighted_fl,10,0.0995222929936305,0,19,None,66,1,5,False,10,10
6369,89,unweighted_fl,10,0.0995222929936305,0,19,None,66,1,5,False,10,10
6370,85,unweighted_fl,10,0.0995222929936305,0,20,None,66,1,5,False,10,10
6371,86,unweighted_fl,10,0.0995222929936305,0,20,None,66,1,5,False,10,10
6372,87,unweighted_fl,10,0.0995222929936305,0,20,None,66,1,5,False,10,10
6373,88,unweighted_fl,10,0.0995222929936305,0,20,None,66,1,5,False,10,10
6374,89,unweighted_fl,10,0.0995222929936305,0,20,None,66,1,5,False,10,10
6375,85,unweighted_fl,10,0.0995222929936305,0,22,None,66,1,5,False,10,10
6376,86,unweighted_fl,10,0.0995222929936305,0,22,None,66,1,5,False,10,10
6377,87,unweighted_fl,10,0.0995222929936305,0,22,None,66,1,5,False,10,10
6378,88,unweighted_fl,10,0.0995222929936305,0,22,None,66,1,5,False,10,10
6379,89,unweighted_fl,10,0.0995222929936305,0,22,None,66,1,5,False,10,10
6380,85,unweighted_fl,10,0.0995222929936305,0,21,None,66,1,5,False,10,10
6381,86,unweighted_fl,10,0.0995222929936305,0,21,None,66,1,5,False,10,10
6382,87,unweighted_fl,10,0.0995222929936305,0,21,None,66,1,5,False,10,10
6383,88,unweighted_fl,10,0.0995222929936305,0,21,None,66,1,5,False,10,10
6384,89,unweighted_fl,10,0.0995222929936305,0,21,None,66,1,5,False,10,10
6385,85,unweighted_fl,10,0.0995222929936305,0,23,None,66,1,5,False,10,10
6386,86,unweighted_fl,10,0.0995222929936305,0,23,None,66,1,5,False,10,10
6387,87,unweighted_fl,10,0.0995222929936305,0,23,None,66,1,5,False,10,10
6388,88,unweighted_fl,10,0.0995222929936305,0,23,None,66,1,5,False,10,10
6389,89,unweighted_fl,10,0.0995222929936305,0,23,None,66,1,5,False,10,10
6390,85,unweighted_fl,10,0.0995222929936305,0,25,None,66,1,5,False,10,10
6391,86,unweighted_fl,10,0.0995222929936305,0,25,None,66,1,5,False,10,10
6392,87,unweighted_fl,10,0.0995222929936305,0,25,None,66,1,5,False,10,10
6393,88,unweighted_fl,10,0.0995222929936305,0,25,None,66,1,5,False,10,10
6394,89,unweighted_fl,10,0.0995222929936305,0,25,None,66,1,5,False,10,10
6395,85,unweighted_fl,10,0.0996218152866242,0,26,None,66,1,5,False,10,10
6396,86,unweighted_fl,10,0.0995222929936305,0,26,None,66,1,5,False,10,10
6397,87,unweighted_fl,10,0.0995222929936305,0,26,None,66,1,5,False,10,10
6398,88,unweighted_fl,10,0.0995222929936305,0,26,None,66,1,5,False,10,10
6399,89,unweighted_fl,10,0.0995222929936305,0,26,None,66,1,5,False,10,10
6400,85,unweighted_fl,10,0.0995222929936305,0,24,None,66,1,5,False,10,10
6401,86,unweighted_fl,10,0.0995222929936305,0,24,None,66,1,5,False,10,10
6402,87,unweighted_fl,10,0.0995222929936305,0,24,None,66,1,5,False,10,10
6403,88,unweighted_fl,10,0.0995222929936305,0,24,None,66,1,5,False,10,10
6404,89,unweighted_fl,10,0.0995222929936305,0,24,None,66,1,5,False,10,10
6405,85,unweighted_fl,10,0.0995222929936305,0,27,None,66,1,5,False,10,10
6406,86,unweighted_fl,10,0.0995222929936305,0,27,None,66,1,5,False,10,10
6407,87,unweighted_fl,10,0.0995222929936305,0,27,None,66,1,5,False,10,10
6408,88,unweighted_fl,10,0.0995222929936305,0,27,None,66,1,5,False,10,10
6409,89,unweighted_fl,10,0.0995222929936305,0,27,None,66,1,5,False,10,10
6410,85,unweighted_fl,10,0.0995222929936305,0,29,None,66,1,5,False,10,10
6411,86,unweighted_fl,10,0.0995222929936305,0,29,None,66,1,5,False,10,10
6412,87,unweighted_fl,10,0.0995222929936305,0,29,None,66,1,5,False,10,10
6413,88,unweighted_fl,10,0.0995222929936305,0,29,None,66,1,5,False,10,10
6414,89,unweighted_fl,10,0.0995222929936305,0,29,None,66,1,5,False,10,10
6415,85,unweighted_fl,10,0.0995222929936305,0,28,None,66,1,5,False,10,10
6416,86,unweighted_fl,10,0.0995222929936305,0,28,None,66,1,5,False,10,10
6417,87,unweighted_fl,10,0.0995222929936305,0,28,None,66,1,5,False,10,10
6418,88,unweighted_fl,10,0.0995222929936305,0,28,None,66,1,5,False,10,10
6419,89,unweighted_fl,10,0.0995222929936305,0,28,None,66,1,5,False,10,10
6420,85,unweighted_fl,10,0.1355493630573248,0,30,None,66,1,5,False,10,10
6421,86,unweighted_fl,10,0.0995222929936305,0,30,None,66,1,5,False,10,10
6422,87,unweighted_fl,10,0.0995222929936305,0,30,None,66,1,5,False,10,10
6423,88,unweighted_fl,10,0.0995222929936305,0,30,None,66,1,5,False,10,10
6424,89,unweighted_fl,10,0.0995222929936305,0,30,None,66,1,5,False,10,10
6425,85,unweighted_fl,10,0.0995222929936305,0,31,None,66,1,5,False,10,10
6426,86,unweighted_fl,10,0.1421178343949044,0,31,None,66,1,5,False,10,10
6427,87,unweighted_fl,10,0.0995222929936305,0,31,None,66,1,5,False,10,10
6428,88,unweighted_fl,10,0.1552547770700637,0,31,None,66,1,5,False,10,10
6429,89,unweighted_fl,10,0.0995222929936305,0,31,None,66,1,5,False,10,10
6430,85,unweighted_fl,10,0.0995222929936305,0,32,None,66,1,5,False,10,10
6431,86,unweighted_fl,10,0.0995222929936305,0,32,None,66,1,5,False,10,10
6432,87,unweighted_fl,10,0.0995222929936305,0,32,None,66,1,5,False,10,10
6433,88,unweighted_fl,10,0.0995222929936305,0,32,None,66,1,5,False,10,10
6434,89,unweighted_fl,10,0.0995222929936305,0,32,None,66,1,5,False,10,10
6435,90,unweighted_fl,10,0.0995222929936305,0,1,None,66,1,5,False,10,10
6436,91,unweighted_fl,10,0.0995222929936305,0,1,None,66,1,5,False,10,10
6437,92,unweighted_fl,10,0.0995222929936305,0,1,None,66,1,5,False,10,10
6438,93,unweighted_fl,10,0.0995222929936305,0,1,None,66,1,5,False,10,10
6439,94,unweighted_fl,10,0.0995222929936305,0,1,None,66,1,5,False,10,10
6440,90,unweighted_fl,10,0.1698845541401273,0,2,None,66,1,5,False,10,10
6441,91,unweighted_fl,10,0.0995222929936305,0,2,None,66,1,5,False,10,10
6442,92,unweighted_fl,10,0.0995222929936305,0,2,None,66,1,5,False,10,10
6443,93,unweighted_fl,10,0.0995222929936305,0,2,None,66,1,5,False,10,10
6444,94,unweighted_fl,10,0.0995222929936305,0,2,None,66,1,5,False,10,10
6445,90,unweighted_fl,10,0.0995222929936305,0,0,None,66,1,5,False,10,10
6446,91,unweighted_fl,10,0.0995222929936305,0,0,None,66,1,5,False,10,10
6447,92,unweighted_fl,10,0.171875,0,0,None,66,1,5,False,10,10
6448,93,unweighted_fl,10,0.0995222929936305,0,0,None,66,1,5,False,10,10
6449,94,unweighted_fl,10,0.0995222929936305,0,0,None,66,1,5,False,10,10
6450,90,unweighted_fl,10,0.0995222929936305,0,3,None,66,1,5,False,10,10
6451,91,unweighted_fl,10,0.0995222929936305,0,3,None,66,1,5,False,10,10
6452,92,unweighted_fl,10,0.0995222929936305,0,3,None,66,1,5,False,10,10
6453,93,unweighted_fl,10,0.0995222929936305,0,3,None,66,1,5,False,10,10
6454,94,unweighted_fl,10,0.0995222929936305,0,3,None,66,1,5,False,10,10
6455,90,unweighted_fl,10,0.0995222929936305,0,5,None,66,1,5,False,10,10
6456,91,unweighted_fl,10,0.0995222929936305,0,5,None,66,1,5,False,10,10
6457,92,unweighted_fl,10,0.0995222929936305,0,5,None,66,1,5,False,10,10
6458,93,unweighted_fl,10,0.0995222929936305,0,5,None,66,1,5,False,10,10
6459,94,unweighted_fl,10,0.0995222929936305,0,5,None,66,1,5,False,10,10
6460,90,unweighted_fl,10,0.0995222929936305,0,4,None,66,1,5,False,10,10
6461,91,unweighted_fl,10,0.0995222929936305,0,4,None,66,1,5,False,10,10
6462,92,unweighted_fl,10,0.0995222929936305,0,4,None,66,1,5,False,10,10
6463,93,unweighted_fl,10,0.0995222929936305,0,4,None,66,1,5,False,10,10
6464,94,unweighted_fl,10,0.0995222929936305,0,4,None,66,1,5,False,10,10
6465,90,unweighted_fl,10,0.0995222929936305,0,6,None,66,1,5,False,10,10
6466,91,unweighted_fl,10,0.0995222929936305,0,6,None,66,1,5,False,10,10
6467,92,unweighted_fl,10,0.0995222929936305,0,6,None,66,1,5,False,10,10
6468,93,unweighted_fl,10,0.0995222929936305,0,6,None,66,1,5,False,10,10
6469,94,unweighted_fl,10,0.0995222929936305,0,6,None,66,1,5,False,10,10
6470,90,unweighted_fl,10,0.0995222929936305,0,8,None,66,1,5,False,10,10
6471,91,unweighted_fl,10,0.0995222929936305,0,8,None,66,1,5,False,10,10
6472,92,unweighted_fl,10,0.0995222929936305,0,8,None,66,1,5,False,10,10
6473,93,unweighted_fl,10,0.0995222929936305,0,8,None,66,1,5,False,10,10
6474,94,unweighted_fl,10,0.0995222929936305,0,8,None,66,1,5,False,10,10
6475,90,unweighted_fl,10,0.1248009554140127,0,9,None,66,1,5,False,10,10
6476,91,unweighted_fl,10,0.0995222929936305,0,9,None,66,1,5,False,10,10
6477,92,unweighted_fl,10,0.1827229299363057,0,9,None,66,1,5,False,10,10
6478,93,unweighted_fl,10,0.0995222929936305,0,9,None,66,1,5,False,10,10
6479,94,unweighted_fl,10,0.0995222929936305,0,9,None,66,1,5,False,10,10
6480,90,unweighted_fl,10,0.0995222929936305,0,7,None,66,1,5,False,10,10
6481,91,unweighted_fl,10,0.0995222929936305,0,7,None,66,1,5,False,10,10
6482,92,unweighted_fl,10,0.0995222929936305,0,7,None,66,1,5,False,10,10
6483,93,unweighted_fl,10,0.0995222929936305,0,7,None,66,1,5,False,10,10
6484,94,unweighted_fl,10,0.0995222929936305,0,7,None,66,1,5,False,10,10
6485,90,unweighted_fl,10,0.0995222929936305,0,10,None,66,1,5,False,10,10
6486,91,unweighted_fl,10,0.0995222929936305,0,10,None,66,1,5,False,10,10
6487,92,unweighted_fl,10,0.0995222929936305,0,10,None,66,1,5,False,10,10
6488,93,unweighted_fl,10,0.0995222929936305,0,10,None,66,1,5,False,10,10
6489,94,unweighted_fl,10,0.0995222929936305,0,10,None,66,1,5,False,10,10
6490,90,unweighted_fl,10,0.0995222929936305,0,12,None,66,1,5,False,10,10
6491,91,unweighted_fl,10,0.0995222929936305,0,12,None,66,1,5,False,10,10
6492,92,unweighted_fl,10,0.0995222929936305,0,12,None,66,1,5,False,10,10
6493,93,unweighted_fl,10,0.0995222929936305,0,12,None,66,1,5,False,10,10
6494,94,unweighted_fl,10,0.0995222929936305,0,12,None,66,1,5,False,10,10
6495,90,unweighted_fl,10,0.0995222929936305,0,11,None,66,1,5,False,10,10
6496,91,unweighted_fl,10,0.0995222929936305,0,11,None,66,1,5,False,10,10
6497,92,unweighted_fl,10,0.0995222929936305,0,11,None,66,1,5,False,10,10
6498,93,unweighted_fl,10,0.0995222929936305,0,11,None,66,1,5,False,10,10
6499,94,unweighted_fl,10,0.1259952229299363,0,11,None,66,1,5,False,10,10
6500,90,unweighted_fl,10,0.0995222929936305,0,13,None,66,1,5,False,10,10
6501,91,unweighted_fl,10,0.0995222929936305,0,13,None,66,1,5,False,10,10
6502,92,unweighted_fl,10,0.0995222929936305,0,13,None,66,1,5,False,10,10
6503,93,unweighted_fl,10,0.0995222929936305,0,13,None,66,1,5,False,10,10
6504,94,unweighted_fl,10,0.1587380573248407,0,13,None,66,1,5,False,10,10
6505,90,unweighted_fl,10,0.0995222929936305,0,15,None,66,1,5,False,10,10
6506,91,unweighted_fl,10,0.0995222929936305,0,15,None,66,1,5,False,10,10
6507,92,unweighted_fl,10,0.0995222929936305,0,15,None,66,1,5,False,10,10
6508,93,unweighted_fl,10,0.0995222929936305,0,15,None,66,1,5,False,10,10
6509,94,unweighted_fl,10,0.0995222929936305,0,15,None,66,1,5,False,10,10
6510,90,unweighted_fl,10,0.0995222929936305,0,16,None,66,1,5,False,10,10
6511,91,unweighted_fl,10,0.0995222929936305,0,16,None,66,1,5,False,10,10
6512,92,unweighted_fl,10,0.0995222929936305,0,16,None,66,1,5,False,10,10
6513,93,unweighted_fl,10,0.0995222929936305,0,16,None,66,1,5,False,10,10
6514,94,unweighted_fl,10,0.0995222929936305,0,16,None,66,1,5,False,10,10
6515,90,unweighted_fl,10,0.0995222929936305,0,14,None,66,1,5,False,10,10
6516,91,unweighted_fl,10,0.0995222929936305,0,14,None,66,1,5,False,10,10
6517,92,unweighted_fl,10,0.0995222929936305,0,14,None,66,1,5,False,10,10
6518,93,unweighted_fl,10,0.0995222929936305,0,14,None,66,1,5,False,10,10
6519,94,unweighted_fl,10,0.0995222929936305,0,14,None,66,1,5,False,10,10
6520,90,unweighted_fl,10,0.0995222929936305,0,17,None,66,1,5,False,10,10
6521,91,unweighted_fl,10,0.0995222929936305,0,17,None,66,1,5,False,10,10
6522,92,unweighted_fl,10,0.1324641719745223,0,17,None,66,1,5,False,10,10
6523,93,unweighted_fl,10,0.0995222929936305,0,17,None,66,1,5,False,10,10
6524,94,unweighted_fl,10,0.0995222929936305,0,17,None,66,1,5,False,10,10
6525,90,unweighted_fl,10,0.150577229299363,0,19,None,66,1,5,False,10,10
6526,91,unweighted_fl,10,0.1888933121019108,0,19,None,66,1,5,False,10,10
6527,92,unweighted_fl,10,0.0995222929936305,0,19,None,66,1,5,False,10,10
6528,93,unweighted_fl,10,0.0995222929936305,0,19,None,66,1,5,False,10,10
6529,94,unweighted_fl,10,0.0995222929936305,0,19,None,66,1,5,False,10,10
6530,90,unweighted_fl,10,0.0995222929936305,0,18,None,66,1,5,False,10,10
6531,91,unweighted_fl,10,0.0995222929936305,0,18,None,66,1,5,False,10,10
6532,92,unweighted_fl,10,0.0995222929936305,0,18,None,66,1,5,False,10,10
6533,93,unweighted_fl,10,0.0995222929936305,0,18,None,66,1,5,False,10,10
6534,94,unweighted_fl,10,0.0995222929936305,0,18,None,66,1,5,False,10,10
6535,90,unweighted_fl,10,0.0995222929936305,0,20,None,66,1,5,False,10,10
6536,91,unweighted_fl,10,0.1002189490445859,0,20,None,66,1,5,False,10,10
6537,92,unweighted_fl,10,0.0995222929936305,0,20,None,66,1,5,False,10,10
6538,93,unweighted_fl,10,0.0995222929936305,0,20,None,66,1,5,False,10,10
6539,94,unweighted_fl,10,0.0995222929936305,0,20,None,66,1,5,False,10,10
6540,90,unweighted_fl,10,0.0995222929936305,0,22,None,66,1,5,False,10,10
6541,91,unweighted_fl,10,0.0995222929936305,0,22,None,66,1,5,False,10,10
6542,92,unweighted_fl,10,0.0995222929936305,0,22,None,66,1,5,False,10,10
6543,93,unweighted_fl,10,0.0995222929936305,0,22,None,66,1,5,False,10,10
6544,94,unweighted_fl,10,0.0995222929936305,0,22,None,66,1,5,False,10,10
6545,90,unweighted_fl,10,0.0995222929936305,0,21,None,66,1,5,False,10,10
6546,91,unweighted_fl,10,0.0995222929936305,0,21,None,66,1,5,False,10,10
6547,92,unweighted_fl,10,0.0995222929936305,0,21,None,66,1,5,False,10,10
6548,93,unweighted_fl,10,0.0995222929936305,0,21,None,66,1,5,False,10,10
6549,94,unweighted_fl,10,0.0995222929936305,0,21,None,66,1,5,False,10,10
6550,90,unweighted_fl,10,0.0995222929936305,0,23,None,66,1,5,False,10,10
6551,91,unweighted_fl,10,0.0995222929936305,0,23,None,66,1,5,False,10,10
6552,92,unweighted_fl,10,0.0995222929936305,0,23,None,66,1,5,False,10,10
6553,93,unweighted_fl,10,0.0995222929936305,0,23,None,66,1,5,False,10,10
6554,94,unweighted_fl,10,0.0995222929936305,0,23,None,66,1,5,False,10,10
6555,90,unweighted_fl,10,0.0995222929936305,0,25,None,66,1,5,False,10,10
6556,91,unweighted_fl,10,0.0995222929936305,0,25,None,66,1,5,False,10,10
6557,92,unweighted_fl,10,0.0995222929936305,0,25,None,66,1,5,False,10,10
6558,93,unweighted_fl,10,0.0995222929936305,0,25,None,66,1,5,False,10,10
6559,94,unweighted_fl,10,0.0995222929936305,0,25,None,66,1,5,False,10,10
6560,90,unweighted_fl,10,0.0995222929936305,0,26,None,66,1,5,False,10,10
6561,91,unweighted_fl,10,0.0995222929936305,0,26,None,66,1,5,False,10,10
6562,92,unweighted_fl,10,0.0995222929936305,0,26,None,66,1,5,False,10,10
6563,93,unweighted_fl,10,0.0995222929936305,0,26,None,66,1,5,False,10,10
6564,94,unweighted_fl,10,0.0995222929936305,0,26,None,66,1,5,False,10,10
6565,90,unweighted_fl,10,0.0995222929936305,0,24,None,66,1,5,False,10,10
6566,91,unweighted_fl,10,0.0995222929936305,0,24,None,66,1,5,False,10,10
6567,92,unweighted_fl,10,0.0995222929936305,0,24,None,66,1,5,False,10,10
6568,93,unweighted_fl,10,0.0995222929936305,0,24,None,66,1,5,False,10,10
6569,94,unweighted_fl,10,0.0995222929936305,0,24,None,66,1,5,False,10,10
6570,90,unweighted_fl,10,0.0995222929936305,0,27,None,66,1,5,False,10,10
6571,91,unweighted_fl,10,0.0995222929936305,0,27,None,66,1,5,False,10,10
6572,92,unweighted_fl,10,0.0995222929936305,0,27,None,66,1,5,False,10,10
6573,93,unweighted_fl,10,0.0995222929936305,0,27,None,66,1,5,False,10,10
6574,94,unweighted_fl,10,0.0995222929936305,0,27,None,66,1,5,False,10,10
6575,90,unweighted_fl,10,0.0995222929936305,0,29,None,66,1,5,False,10,10
6576,91,unweighted_fl,10,0.0995222929936305,0,29,None,66,1,5,False,10,10
6577,92,unweighted_fl,10,0.0995222929936305,0,29,None,66,1,5,False,10,10
6578,93,unweighted_fl,10,0.0995222929936305,0,29,None,66,1,5,False,10,10
6579,94,unweighted_fl,10,0.0995222929936305,0,29,None,66,1,5,False,10,10
6580,90,unweighted_fl,10,0.1361464968152866,0,30,None,66,1,5,False,10,10
6581,91,unweighted_fl,10,0.0995222929936305,0,30,None,66,1,5,False,10,10
6582,92,unweighted_fl,10,0.0995222929936305,0,30,None,66,1,5,False,10,10
6583,93,unweighted_fl,10,0.0995222929936305,0,30,None,66,1,5,False,10,10
6584,94,unweighted_fl,10,0.0995222929936305,0,30,None,66,1,5,False,10,10
6585,90,unweighted_fl,10,0.0995222929936305,0,28,None,66,1,5,False,10,10
6586,91,unweighted_fl,10,0.0995222929936305,0,28,None,66,1,5,False,10,10
6587,92,unweighted_fl,10,0.0995222929936305,0,28,None,66,1,5,False,10,10
6588,93,unweighted_fl,10,0.0995222929936305,0,28,None,66,1,5,False,10,10
6589,94,unweighted_fl,10,0.0995222929936305,0,28,None,66,1,5,False,10,10
6590,90,unweighted_fl,10,0.0995222929936305,0,31,None,66,1,5,False,10,10
6591,91,unweighted_fl,10,0.1434116242038216,0,31,None,66,1,5,False,10,10
6592,92,unweighted_fl,10,0.0995222929936305,0,31,None,66,1,5,False,10,10
6593,93,unweighted_fl,10,0.12390525477707,0,31,None,66,1,5,False,10,10
6594,94,unweighted_fl,10,0.0995222929936305,0,31,None,66,1,5,False,10,10
6595,90,unweighted_fl,10,0.0995222929936305,0,32,None,66,1,5,False,10,10
6596,91,unweighted_fl,10,0.0995222929936305,0,32,None,66,1,5,False,10,10
6597,92,unweighted_fl,10,0.0995222929936305,0,32,None,66,1,5,False,10,10
6598,93,unweighted_fl,10,0.0995222929936305,0,32,None,66,1,5,False,10,10
6599,94,unweighted_fl,10,0.0995222929936305,0,32,None,66,1,5,False,10,10
6600,95,unweighted_fl,10,0.0995222929936305,0,0,None,66,1,5,False,10,10
6601,96,unweighted_fl,10,0.1033041401273885,0,0,None,66,1,5,False,10,10
6602,97,unweighted_fl,10,0.1723726114649681,0,0,None,66,1,5,False,10,10
6603,98,unweighted_fl,10,0.1268909235668789,0,0,None,66,1,5,False,10,10
6604,99,unweighted_fl,10,0.0995222929936305,0,0,None,66,1,5,False,10,10
6605,95,unweighted_fl,10,0.0995222929936305,0,1,None,66,1,5,False,10,10
6606,96,unweighted_fl,10,0.0995222929936305,0,1,None,66,1,5,False,10,10
6607,97,unweighted_fl,10,0.0995222929936305,0,1,None,66,1,5,False,10,10
6608,98,unweighted_fl,10,0.0995222929936305,0,1,None,66,1,5,False,10,10
6609,99,unweighted_fl,10,0.0995222929936305,0,1,None,66,1,5,False,10,10
6610,95,unweighted_fl,10,0.1700835987261146,0,2,None,66,1,5,False,10,10
6611,96,unweighted_fl,10,0.0995222929936305,0,2,None,66,1,5,False,10,10
6612,97,unweighted_fl,10,0.0995222929936305,0,2,None,66,1,5,False,10,10
6613,98,unweighted_fl,10,0.0995222929936305,0,2,None,66,1,5,False,10,10
6614,99,unweighted_fl,10,0.0995222929936305,0,2,None,66,1,5,False,10,10
6615,95,unweighted_fl,10,0.0995222929936305,0,4,None,66,1,5,False,10,10
6616,96,unweighted_fl,10,0.0995222929936305,0,4,None,66,1,5,False,10,10
6617,97,unweighted_fl,10,0.0995222929936305,0,4,None,66,1,5,False,10,10
6618,98,unweighted_fl,10,0.0995222929936305,0,4,None,66,1,5,False,10,10
6619,99,unweighted_fl,10,0.0995222929936305,0,4,None,66,1,5,False,10,10
6620,95,unweighted_fl,10,0.0995222929936305,0,5,None,66,1,5,False,10,10
6621,96,unweighted_fl,10,0.0995222929936305,0,5,None,66,1,5,False,10,10
6622,97,unweighted_fl,10,0.0995222929936305,0,5,None,66,1,5,False,10,10
6623,98,unweighted_fl,10,0.0995222929936305,0,5,None,66,1,5,False,10,10
6624,99,unweighted_fl,10,0.0995222929936305,0,5,None,66,1,5,False,10,10
6625,95,unweighted_fl,10,0.0995222929936305,0,3,None,66,1,5,False,10,10
6626,96,unweighted_fl,10,0.0995222929936305,0,3,None,66,1,5,False,10,10
6627,97,unweighted_fl,10,0.0995222929936305,0,3,None,66,1,5,False,10,10
6628,98,unweighted_fl,10,0.0995222929936305,0,3,None,66,1,5,False,10,10
6629,99,unweighted_fl,10,0.0995222929936305,0,3,None,66,1,5,False,10,10
6630,95,unweighted_fl,10,0.1272890127388535,0,6,None,66,1,5,False,10,10
6631,96,unweighted_fl,10,0.0995222929936305,0,6,None,66,1,5,False,10,10
6632,97,unweighted_fl,10,0.0995222929936305,0,6,None,66,1,5,False,10,10
6633,98,unweighted_fl,10,0.0995222929936305,0,6,None,66,1,5,False,10,10
6634,99,unweighted_fl,10,0.0995222929936305,0,6,None,66,1,5,False,10,10
6635,95,unweighted_fl,10,0.0995222929936305,0,7,None,66,1,5,False,10,10
6636,96,unweighted_fl,10,0.0995222929936305,0,7,None,66,1,5,False,10,10
6637,97,unweighted_fl,10,0.0995222929936305,0,7,None,66,1,5,False,10,10
6638,98,unweighted_fl,10,0.0995222929936305,0,7,None,66,1,5,False,10,10
6639,99,unweighted_fl,10,0.0995222929936305,0,7,None,66,1,5,False,10,10
6640,95,unweighted_fl,10,0.0995222929936305,0,8,None,66,1,5,False,10,10
6641,96,unweighted_fl,10,0.0995222929936305,0,8,None,66,1,5,False,10,10
6642,97,unweighted_fl,10,0.0995222929936305,0,8,None,66,1,5,False,10,10
6643,98,unweighted_fl,10,0.0995222929936305,0,8,None,66,1,5,False,10,10
6644,99,unweighted_fl,10,0.0995222929936305,0,8,None,66,1,5,False,10,10
6645,95,unweighted_fl,10,0.1191281847133758,0,9,None,66,1,5,False,10,10
6646,96,unweighted_fl,10,0.0995222929936305,0,9,None,66,1,5,False,10,10
6647,97,unweighted_fl,10,0.18640525477707,0,9,None,66,1,5,False,10,10
6648,98,unweighted_fl,10,0.0995222929936305,0,9,None,66,1,5,False,10,10
6649,99,unweighted_fl,10,0.0995222929936305,0,9,None,66,1,5,False,10,10
6650,95,unweighted_fl,10,0.0995222929936305,0,10,None,66,1,5,False,10,10
6651,96,unweighted_fl,10,0.0995222929936305,0,10,None,66,1,5,False,10,10
6652,97,unweighted_fl,10,0.0995222929936305,0,10,None,66,1,5,False,10,10
6653,98,unweighted_fl,10,0.0995222929936305,0,10,None,66,1,5,False,10,10
6654,99,unweighted_fl,10,0.0995222929936305,0,10,None,66,1,5,False,10,10
6655,95,unweighted_fl,10,0.0995222929936305,0,12,None,66,1,5,False,10,10
6656,96,unweighted_fl,10,0.0995222929936305,0,12,None,66,1,5,False,10,10
6657,97,unweighted_fl,10,0.0995222929936305,0,12,None,66,1,5,False,10,10
6658,98,unweighted_fl,10,0.0995222929936305,0,12,None,66,1,5,False,10,10
6659,99,unweighted_fl,10,0.0995222929936305,0,12,None,66,1,5,False,10,10
6660,95,unweighted_fl,10,0.0995222929936305,0,11,None,66,1,5,False,10,10
6661,96,unweighted_fl,10,0.0995222929936305,0,11,None,66,1,5,False,10,10
6662,97,unweighted_fl,10,0.0995222929936305,0,11,None,66,1,5,False,10,10
6663,98,unweighted_fl,10,0.0995222929936305,0,11,None,66,1,5,False,10,10
6664,99,unweighted_fl,10,0.0995222929936305,0,11,None,66,1,5,False,10,10
6665,95,unweighted_fl,10,0.0995222929936305,0,13,None,66,1,5,False,10,10
6666,96,unweighted_fl,10,0.0995222929936305,0,13,None,66,1,5,False,10,10
6667,97,unweighted_fl,10,0.0995222929936305,0,13,None,66,1,5,False,10,10
6668,98,unweighted_fl,10,0.0995222929936305,0,13,None,66,1,5,False,10,10
6669,99,unweighted_fl,10,0.1733678343949044,0,13,None,66,1,5,False,10,10
6670,95,unweighted_fl,10,0.0995222929936305,0,15,None,66,1,5,False,10,10
6671,96,unweighted_fl,10,0.0995222929936305,0,15,None,66,1,5,False,10,10
6672,97,unweighted_fl,10,0.0995222929936305,0,15,None,66,1,5,False,10,10
6673,98,unweighted_fl,10,0.0995222929936305,0,15,None,66,1,5,False,10,10
6674,99,unweighted_fl,10,0.0995222929936305,0,15,None,66,1,5,False,10,10
6675,95,unweighted_fl,10,0.0995222929936305,0,14,None,66,1,5,False,10,10
6676,96,unweighted_fl,10,0.0995222929936305,0,14,None,66,1,5,False,10,10
6677,97,unweighted_fl,10,0.0995222929936305,0,14,None,66,1,5,False,10,10
6678,98,unweighted_fl,10,0.0995222929936305,0,14,None,66,1,5,False,10,10
6679,99,unweighted_fl,10,0.0995222929936305,0,14,None,66,1,5,False,10,10
6680,95,unweighted_fl,10,0.0995222929936305,0,16,None,66,1,5,False,10,10
6681,96,unweighted_fl,10,0.0995222929936305,0,16,None,66,1,5,False,10,10
6682,97,unweighted_fl,10,0.0995222929936305,0,16,None,66,1,5,False,10,10
6683,98,unweighted_fl,10,0.0995222929936305,0,16,None,66,1,5,False,10,10
6684,99,unweighted_fl,10,0.0995222929936305,0,16,None,66,1,5,False,10,10
6685,95,unweighted_fl,10,0.0995222929936305,0,18,None,66,1,5,False,10,10
6686,96,unweighted_fl,10,0.0995222929936305,0,18,None,66,1,5,False,10,10
6687,97,unweighted_fl,10,0.0995222929936305,0,18,None,66,1,5,False,10,10
6688,98,unweighted_fl,10,0.0995222929936305,0,18,None,66,1,5,False,10,10
6689,99,unweighted_fl,10,0.0995222929936305,0,18,None,66,1,5,False,10,10
6690,95,unweighted_fl,10,0.0995222929936305,0,17,None,66,1,5,False,10,10
6691,96,unweighted_fl,10,0.0995222929936305,0,17,None,66,1,5,False,10,10
6692,97,unweighted_fl,10,0.0995222929936305,0,17,None,66,1,5,False,10,10
6693,98,unweighted_fl,10,0.0995222929936305,0,17,None,66,1,5,False,10,10
6694,99,unweighted_fl,10,0.0995222929936305,0,17,None,66,1,5,False,10,10
6695,95,unweighted_fl,10,0.1500796178343949,0,19,None,66,1,5,False,10,10
6696,96,unweighted_fl,10,0.190187101910828,0,19,None,66,1,5,False,10,10
6697,97,unweighted_fl,10,0.0995222929936305,0,19,None,66,1,5,False,10,10
6698,98,unweighted_fl,10,0.0995222929936305,0,19,None,66,1,5,False,10,10
6699,99,unweighted_fl,10,0.0995222929936305,0,19,None,66,1,5,False,10,10
6700,95,unweighted_fl,10,0.0995222929936305,0,21,None,66,1,5,False,10,10
6701,96,unweighted_fl,10,0.1008160828025477,0,21,None,66,1,5,False,10,10
6702,97,unweighted_fl,10,0.0995222929936305,0,21,None,66,1,5,False,10,10
6703,98,unweighted_fl,10,0.0995222929936305,0,21,None,66,1,5,False,10,10
6704,99,unweighted_fl,10,0.0995222929936305,0,21,None,66,1,5,False,10,10
6705,95,unweighted_fl,10,0.0995222929936305,0,20,None,66,1,5,False,10,10
6706,96,unweighted_fl,10,0.1134554140127388,0,20,None,66,1,5,False,10,10
6707,97,unweighted_fl,10,0.0995222929936305,0,20,None,66,1,5,False,10,10
6708,98,unweighted_fl,10,0.0995222929936305,0,20,None,66,1,5,False,10,10
6709,99,unweighted_fl,10,0.0995222929936305,0,20,None,66,1,5,False,10,10
6710,95,unweighted_fl,10,0.0995222929936305,0,22,None,66,1,5,False,10,10
6711,96,unweighted_fl,10,0.0995222929936305,0,22,None,66,1,5,False,10,10
6712,97,unweighted_fl,10,0.0995222929936305,0,22,None,66,1,5,False,10,10
6713,98,unweighted_fl,10,0.0995222929936305,0,22,None,66,1,5,False,10,10
6714,99,unweighted_fl,10,0.0995222929936305,0,22,None,66,1,5,False,10,10
6715,95,unweighted_fl,10,0.0995222929936305,0,24,None,66,1,5,False,10,10
6716,96,unweighted_fl,10,0.0995222929936305,0,24,None,66,1,5,False,10,10
6717,97,unweighted_fl,10,0.0995222929936305,0,24,None,66,1,5,False,10,10
6718,98,unweighted_fl,10,0.0995222929936305,0,24,None,66,1,5,False,10,10
6719,99,unweighted_fl,10,0.0995222929936305,0,24,None,66,1,5,False,10,10
6720,95,unweighted_fl,10,0.0995222929936305,0,23,None,66,1,5,False,10,10
6721,96,unweighted_fl,10,0.0995222929936305,0,23,None,66,1,5,False,10,10
6722,97,unweighted_fl,10,0.0995222929936305,0,23,None,66,1,5,False,10,10
6723,98,unweighted_fl,10,0.0995222929936305,0,23,None,66,1,5,False,10,10
6724,99,unweighted_fl,10,0.0995222929936305,0,23,None,66,1,5,False,10,10
6725,95,unweighted_fl,10,0.0995222929936305,0,25,None,66,1,5,False,10,10
6726,96,unweighted_fl,10,0.0995222929936305,0,25,None,66,1,5,False,10,10
6727,97,unweighted_fl,10,0.0995222929936305,0,25,None,66,1,5,False,10,10
6728,98,unweighted_fl,10,0.0995222929936305,0,25,None,66,1,5,False,10,10
6729,99,unweighted_fl,10,0.0995222929936305,0,25,None,66,1,5,False,10,10
6730,95,unweighted_fl,10,0.0995222929936305,0,27,None,66,1,5,False,10,10
6731,96,unweighted_fl,10,0.0995222929936305,0,27,None,66,1,5,False,10,10
6732,97,unweighted_fl,10,0.0995222929936305,0,27,None,66,1,5,False,10,10
6733,98,unweighted_fl,10,0.0995222929936305,0,27,None,66,1,5,False,10,10
6734,99,unweighted_fl,10,0.0995222929936305,0,27,None,66,1,5,False,10,10
6735,95,unweighted_fl,10,0.0995222929936305,0,26,None,66,1,5,False,10,10
6736,96,unweighted_fl,10,0.0995222929936305,0,26,None,66,1,5,False,10,10
6737,97,unweighted_fl,10,0.0995222929936305,0,26,None,66,1,5,False,10,10
6738,98,unweighted_fl,10,0.0995222929936305,0,26,None,66,1,5,False,10,10
6739,99,unweighted_fl,10,0.0995222929936305,0,26,None,66,1,5,False,10,10
6740,95,unweighted_fl,10,0.0995222929936305,0,28,None,66,1,5,False,10,10
6741,96,unweighted_fl,10,0.0995222929936305,0,28,None,66,1,5,False,10,10
6742,97,unweighted_fl,10,0.0995222929936305,0,28,None,66,1,5,False,10,10
6743,98,unweighted_fl,10,0.0995222929936305,0,28,None,66,1,5,False,10,10
6744,99,unweighted_fl,10,0.0995222929936305,0,28,None,66,1,5,False,10,10
6745,95,unweighted_fl,10,0.1815286624203821,0,30,None,66,1,5,False,10,10
6746,96,unweighted_fl,10,0.0995222929936305,0,30,None,66,1,5,False,10,10
6747,97,unweighted_fl,10,0.0995222929936305,0,30,None,66,1,5,False,10,10
6748,98,unweighted_fl,10,0.0995222929936305,0,30,None,66,1,5,False,10,10
6749,99,unweighted_fl,10,0.0995222929936305,0,30,None,66,1,5,False,10,10
6750,95,unweighted_fl,10,0.0995222929936305,0,29,None,66,1,5,False,10,10
6751,96,unweighted_fl,10,0.0995222929936305,0,29,None,66,1,5,False,10,10
6752,97,unweighted_fl,10,0.0995222929936305,0,29,None,66,1,5,False,10,10
6753,98,unweighted_fl,10,0.0995222929936305,0,29,None,66,1,5,False,10,10
6754,99,unweighted_fl,10,0.0995222929936305,0,29,None,66,1,5,False,10,10
6755,95,unweighted_fl,10,0.0995222929936305,0,31,None,66,1,5,False,10,10
6756,96,unweighted_fl,10,0.1559514331210191,0,31,None,66,1,5,False,10,10
6757,97,unweighted_fl,10,0.0995222929936305,0,31,None,66,1,5,False,10,10
6758,98,unweighted_fl,10,0.1291799363057325,0,31,None,66,1,5,False,10,10
6759,99,unweighted_fl,10,0.0995222929936305,0,31,None,66,1,5,False,10,10
6760,95,unweighted_fl,10,0.0995222929936305,0,32,None,66,1,5,False,10,10
6761,96,unweighted_fl,10,0.0995222929936305,0,32,None,66,1,5,False,10,10
6762,97,unweighted_fl,10,0.0995222929936305,0,32,None,66,1,5,False,10,10
6763,98,unweighted_fl,10,0.0995222929936305,0,32,None,66,1,5,False,10,10
6764,99,unweighted_fl,10,0.0995222929936305,0,32,None,66,1,5,False,10,10
6765,100,unweighted_fl,10,0.0995222929936305,0,0,None,66,1,5,False,10,10
6766,101,unweighted_fl,10,0.1006170382165605,0,0,None,66,1,5,False,10,10
6767,102,unweighted_fl,10,0.1794386942675159,0,0,None,66,1,5,False,10,10
6768,103,unweighted_fl,10,0.1593351910828025,0,0,None,66,1,5,False,10,10
6769,104,unweighted_fl,10,0.0995222929936305,0,0,None,66,1,5,False,10,10
6770,100,unweighted_fl,10,0.0995222929936305,0,2,None,66,1,5,False,10,10
6771,101,unweighted_fl,10,0.1421178343949044,0,2,None,66,1,5,False,10,10
6772,102,unweighted_fl,10,0.0995222929936305,0,2,None,66,1,5,False,10,10
6773,103,unweighted_fl,10,0.0995222929936305,0,2,None,66,1,5,False,10,10
6774,104,unweighted_fl,10,0.0995222929936305,0,2,None,66,1,5,False,10,10
6775,100,unweighted_fl,10,0.0995222929936305,0,1,None,66,1,5,False,10,10
6776,101,unweighted_fl,10,0.0995222929936305,0,1,None,66,1,5,False,10,10
6777,102,unweighted_fl,10,0.0995222929936305,0,1,None,66,1,5,False,10,10
6778,103,unweighted_fl,10,0.0995222929936305,0,1,None,66,1,5,False,10,10
6779,104,unweighted_fl,10,0.0995222929936305,0,1,None,66,1,5,False,10,10
6780,100,unweighted_fl,10,0.0995222929936305,0,3,None,66,1,5,False,10,10
6781,101,unweighted_fl,10,0.0995222929936305,0,3,None,66,1,5,False,10,10
6782,102,unweighted_fl,10,0.0995222929936305,0,3,None,66,1,5,False,10,10
6783,103,unweighted_fl,10,0.0995222929936305,0,3,None,66,1,5,False,10,10
6784,104,unweighted_fl,10,0.0995222929936305,0,3,None,66,1,5,False,10,10
6785,100,unweighted_fl,10,0.0995222929936305,0,5,None,66,1,5,False,10,10
6786,101,unweighted_fl,10,0.0995222929936305,0,5,None,66,1,5,False,10,10
6787,102,unweighted_fl,10,0.0995222929936305,0,5,None,66,1,5,False,10,10
6788,103,unweighted_fl,10,0.0995222929936305,0,5,None,66,1,5,False,10,10
6789,104,unweighted_fl,10,0.0995222929936305,0,5,None,66,1,5,False,10,10
6790,100,unweighted_fl,10,0.0995222929936305,0,4,None,66,1,5,False,10,10
6791,101,unweighted_fl,10,0.0995222929936305,0,4,None,66,1,5,False,10,10
6792,102,unweighted_fl,10,0.0995222929936305,0,4,None,66,1,5,False,10,10
6793,103,unweighted_fl,10,0.0995222929936305,0,4,None,66,1,5,False,10,10
6794,104,unweighted_fl,10,0.0995222929936305,0,4,None,66,1,5,False,10,10
6795,100,unweighted_fl,10,0.1230095541401273,0,6,None,66,1,5,False,10,10
6796,101,unweighted_fl,10,0.0995222929936305,0,6,None,66,1,5,False,10,10
6797,102,unweighted_fl,10,0.0995222929936305,0,6,None,66,1,5,False,10,10
6798,103,unweighted_fl,10,0.0995222929936305,0,6,None,66,1,5,False,10,10
6799,104,unweighted_fl,10,0.0995222929936305,0,6,None,66,1,5,False,10,10
6800,100,unweighted_fl,10,0.125796178343949,0,8,None,66,1,5,False,10,10
6801,101,unweighted_fl,10,0.0995222929936305,0,8,None,66,1,5,False,10,10
6802,102,unweighted_fl,10,0.0995222929936305,0,8,None,66,1,5,False,10,10
6803,103,unweighted_fl,10,0.0995222929936305,0,8,None,66,1,5,False,10,10
6804,104,unweighted_fl,10,0.0995222929936305,0,8,None,66,1,5,False,10,10
6805,100,unweighted_fl,10,0.0995222929936305,0,7,None,66,1,5,False,10,10
6806,101,unweighted_fl,10,0.0995222929936305,0,7,None,66,1,5,False,10,10
6807,102,unweighted_fl,10,0.0995222929936305,0,7,None,66,1,5,False,10,10
6808,103,unweighted_fl,10,0.0995222929936305,0,7,None,66,1,5,False,10,10
6809,104,unweighted_fl,10,0.0995222929936305,0,7,None,66,1,5,False,10,10
6810,100,unweighted_fl,10,0.1453025477707006,0,9,None,66,1,5,False,10,10
6811,101,unweighted_fl,10,0.0995222929936305,0,9,None,66,1,5,False,10,10
6812,102,unweighted_fl,10,0.1894904458598726,0,9,None,66,1,5,False,10,10
6813,103,unweighted_fl,10,0.0995222929936305,0,9,None,66,1,5,False,10,10
6814,104,unweighted_fl,10,0.0995222929936305,0,9,None,66,1,5,False,10,10
6815,100,unweighted_fl,10,0.1008160828025477,0,11,None,66,1,5,False,10,10
6816,101,unweighted_fl,10,0.0995222929936305,0,11,None,66,1,5,False,10,10
6817,102,unweighted_fl,10,0.0995222929936305,0,11,None,66,1,5,False,10,10
6818,103,unweighted_fl,10,0.0995222929936305,0,11,None,66,1,5,False,10,10
6819,104,unweighted_fl,10,0.0995222929936305,0,11,None,66,1,5,False,10,10
6820,100,unweighted_fl,10,0.0995222929936305,0,10,None,66,1,5,False,10,10
6821,101,unweighted_fl,10,0.0995222929936305,0,10,None,66,1,5,False,10,10
6822,102,unweighted_fl,10,0.0995222929936305,0,10,None,66,1,5,False,10,10
6823,103,unweighted_fl,10,0.0995222929936305,0,10,None,66,1,5,False,10,10
6824,104,unweighted_fl,10,0.0995222929936305,0,10,None,66,1,5,False,10,10
6825,100,unweighted_fl,10,0.0995222929936305,0,12,None,66,1,5,False,10,10
6826,101,unweighted_fl,10,0.0995222929936305,0,12,None,66,1,5,False,10,10
6827,102,unweighted_fl,10,0.0995222929936305,0,12,None,66,1,5,False,10,10
6828,103,unweighted_fl,10,0.0995222929936305,0,12,None,66,1,5,False,10,10
6829,104,unweighted_fl,10,0.0995222929936305,0,12,None,66,1,5,False,10,10
6830,100,unweighted_fl,10,0.0995222929936305,0,14,None,66,1,5,False,10,10
6831,101,unweighted_fl,10,0.0995222929936305,0,14,None,66,1,5,False,10,10
6832,102,unweighted_fl,10,0.0995222929936305,0,14,None,66,1,5,False,10,10
6833,103,unweighted_fl,10,0.0995222929936305,0,14,None,66,1,5,False,10,10
6834,104,unweighted_fl,10,0.0995222929936305,0,14,None,66,1,5,False,10,10
6835,100,unweighted_fl,10,0.0995222929936305,0,13,None,66,1,5,False,10,10
6836,101,unweighted_fl,10,0.0995222929936305,0,13,None,66,1,5,False,10,10
6837,102,unweighted_fl,10,0.0995222929936305,0,13,None,66,1,5,False,10,10
6838,103,unweighted_fl,10,0.0995222929936305,0,13,None,66,1,5,False,10,10
6839,104,unweighted_fl,10,0.1615246815286624,0,13,None,66,1,5,False,10,10
6840,100,unweighted_fl,10,0.0995222929936305,0,15,None,66,1,5,False,10,10
6841,101,unweighted_fl,10,0.0995222929936305,0,15,None,66,1,5,False,10,10
6842,102,unweighted_fl,10,0.0995222929936305,0,15,None,66,1,5,False,10,10
6843,103,unweighted_fl,10,0.0995222929936305,0,15,None,66,1,5,False,10,10
6844,104,unweighted_fl,10,0.0995222929936305,0,15,None,66,1,5,False,10,10
6845,100,unweighted_fl,10,0.0995222929936305,0,17,None,66,1,5,False,10,10
6846,101,unweighted_fl,10,0.0995222929936305,0,17,None,66,1,5,False,10,10
6847,102,unweighted_fl,10,0.0995222929936305,0,17,None,66,1,5,False,10,10
6848,103,unweighted_fl,10,0.0995222929936305,0,17,None,66,1,5,False,10,10
6849,104,unweighted_fl,10,0.0995222929936305,0,17,None,66,1,5,False,10,10
6850,100,unweighted_fl,10,0.0995222929936305,0,16,None,66,1,5,False,10,10
6851,101,unweighted_fl,10,0.0995222929936305,0,16,None,66,1,5,False,10,10
6852,102,unweighted_fl,10,0.0995222929936305,0,16,None,66,1,5,False,10,10
6853,103,unweighted_fl,10,0.0995222929936305,0,16,None,66,1,5,False,10,10
6854,104,unweighted_fl,10,0.0995222929936305,0,16,None,66,1,5,False,10,10
6855,100,unweighted_fl,10,0.0995222929936305,0,18,None,66,1,5,False,10,10
6856,101,unweighted_fl,10,0.0995222929936305,0,18,None,66,1,5,False,10,10
6857,102,unweighted_fl,10,0.0995222929936305,0,18,None,66,1,5,False,10,10
6858,103,unweighted_fl,10,0.0995222929936305,0,18,None,66,1,5,False,10,10
6859,104,unweighted_fl,10,0.0995222929936305,0,18,None,66,1,5,False,10,10
6860,100,unweighted_fl,10,0.0995222929936305,0,20,None,66,1,5,False,10,10
6861,101,unweighted_fl,10,0.1392316878980891,0,20,None,66,1,5,False,10,10
6862,102,unweighted_fl,10,0.0995222929936305,0,20,None,66,1,5,False,10,10
6863,103,unweighted_fl,10,0.0995222929936305,0,20,None,66,1,5,False,10,10
6864,104,unweighted_fl,10,0.0995222929936305,0,20,None,66,1,5,False,10,10
6865,100,unweighted_fl,10,0.0995222929936305,0,19,None,66,1,5,False,10,10
6866,101,unweighted_fl,10,0.0995222929936305,0,19,None,66,1,5,False,10,10
6867,102,unweighted_fl,10,0.0995222929936305,0,19,None,66,1,5,False,10,10
6868,103,unweighted_fl,10,0.0995222929936305,0,19,None,66,1,5,False,10,10
6869,104,unweighted_fl,10,0.0995222929936305,0,19,None,66,1,5,False,10,10
6870,100,unweighted_fl,10,0.0995222929936305,0,21,None,66,1,5,False,10,10
6871,101,unweighted_fl,10,0.1076831210191082,0,21,None,66,1,5,False,10,10
6872,102,unweighted_fl,10,0.0995222929936305,0,21,None,66,1,5,False,10,10
6873,103,unweighted_fl,10,0.0995222929936305,0,21,None,66,1,5,False,10,10
6874,104,unweighted_fl,10,0.0995222929936305,0,21,None,66,1,5,False,10,10
6875,100,unweighted_fl,10,0.0995222929936305,0,23,None,66,1,5,False,10,10
6876,101,unweighted_fl,10,0.0995222929936305,0,23,None,66,1,5,False,10,10
6877,102,unweighted_fl,10,0.0995222929936305,0,23,None,66,1,5,False,10,10
6878,103,unweighted_fl,10,0.0995222929936305,0,23,None,66,1,5,False,10,10
6879,104,unweighted_fl,10,0.0995222929936305,0,23,None,66,1,5,False,10,10
6880,100,unweighted_fl,10,0.0995222929936305,0,22,None,66,1,5,False,10,10
6881,101,unweighted_fl,10,0.0995222929936305,0,22,None,66,1,5,False,10,10
6882,102,unweighted_fl,10,0.0995222929936305,0,22,None,66,1,5,False,10,10
6883,103,unweighted_fl,10,0.0995222929936305,0,22,None,66,1,5,False,10,10
6884,104,unweighted_fl,10,0.0995222929936305,0,22,None,66,1,5,False,10,10
6885,100,unweighted_fl,10,0.0995222929936305,0,24,None,66,1,5,False,10,10
6886,101,unweighted_fl,10,0.0995222929936305,0,24,None,66,1,5,False,10,10
6887,102,unweighted_fl,10,0.0995222929936305,0,24,None,66,1,5,False,10,10
6888,103,unweighted_fl,10,0.0995222929936305,0,24,None,66,1,5,False,10,10
6889,104,unweighted_fl,10,0.0995222929936305,0,24,None,66,1,5,False,10,10
6890,100,unweighted_fl,10,0.0995222929936305,0,26,None,66,1,5,False,10,10
6891,101,unweighted_fl,10,0.0995222929936305,0,26,None,66,1,5,False,10,10
6892,102,unweighted_fl,10,0.0995222929936305,0,26,None,66,1,5,False,10,10
6893,103,unweighted_fl,10,0.0995222929936305,0,26,None,66,1,5,False,10,10
6894,104,unweighted_fl,10,0.0995222929936305,0,26,None,66,1,5,False,10,10
6895,100,unweighted_fl,10,0.0995222929936305,0,25,None,66,1,5,False,10,10
6896,101,unweighted_fl,10,0.0995222929936305,0,25,None,66,1,5,False,10,10
6897,102,unweighted_fl,10,0.0995222929936305,0,25,None,66,1,5,False,10,10
6898,103,unweighted_fl,10,0.0995222929936305,0,25,None,66,1,5,False,10,10
6899,104,unweighted_fl,10,0.0995222929936305,0,25,None,66,1,5,False,10,10
6900,100,unweighted_fl,10,0.0995222929936305,0,27,None,66,1,5,False,10,10
6901,101,unweighted_fl,10,0.0995222929936305,0,27,None,66,1,5,False,10,10
6902,102,unweighted_fl,10,0.0995222929936305,0,27,None,66,1,5,False,10,10
6903,103,unweighted_fl,10,0.0995222929936305,0,27,None,66,1,5,False,10,10
6904,104,unweighted_fl,10,0.0995222929936305,0,27,None,66,1,5,False,10,10
6905,100,unweighted_fl,10,0.0995222929936305,0,28,None,66,1,5,False,10,10
6906,101,unweighted_fl,10,0.0995222929936305,0,28,None,66,1,5,False,10,10
6907,102,unweighted_fl,10,0.0995222929936305,0,28,None,66,1,5,False,10,10
6908,103,unweighted_fl,10,0.0995222929936305,0,28,None,66,1,5,False,10,10
6909,104,unweighted_fl,10,0.0995222929936305,0,28,None,66,1,5,False,10,10
6910,100,unweighted_fl,10,0.0995222929936305,0,29,None,66,1,5,False,10,10
6911,101,unweighted_fl,10,0.0995222929936305,0,29,None,66,1,5,False,10,10
6912,102,unweighted_fl,10,0.0995222929936305,0,29,None,66,1,5,False,10,10
6913,103,unweighted_fl,10,0.0995222929936305,0,29,None,66,1,5,False,10,10
6914,104,unweighted_fl,10,0.0995222929936305,0,29,None,66,1,5,False,10,10
6915,100,unweighted_fl,10,0.0995222929936305,0,31,None,66,1,5,False,10,10
6916,101,unweighted_fl,10,0.1734673566878981,0,31,None,66,1,5,False,10,10
6917,102,unweighted_fl,10,0.0997213375796178,0,31,None,66,1,5,False,10,10
6918,103,unweighted_fl,10,0.148686305732484,0,31,None,66,1,5,False,10,10
6919,104,unweighted_fl,10,0.0995222929936305,0,31,None,66,1,5,False,10,10
6920,100,unweighted_fl,10,0.1132563694267515,0,30,None,66,1,5,False,10,10
6921,101,unweighted_fl,10,0.0995222929936305,0,30,None,66,1,5,False,10,10
6922,102,unweighted_fl,10,0.0995222929936305,0,30,None,66,1,5,False,10,10
6923,103,unweighted_fl,10,0.0995222929936305,0,30,None,66,1,5,False,10,10
6924,104,unweighted_fl,10,0.0995222929936305,0,30,None,66,1,5,False,10,10
6925,100,unweighted_fl,10,0.0995222929936305,0,32,None,66,1,5,False,10,10
6926,101,unweighted_fl,10,0.0995222929936305,0,32,None,66,1,5,False,10,10
6927,102,unweighted_fl,10,0.0995222929936305,0,32,None,66,1,5,False,10,10
6928,103,unweighted_fl,10,0.0995222929936305,0,32,None,66,1,5,False,10,10
6929,104,unweighted_fl,10,0.0995222929936305,0,32,None,66,1,5,False,10,10
7260,105,unweighted_fl,10,0.0995222929936305,0,1,None,66,1,5,False,10,10
7261,106,unweighted_fl,10,0.0995222929936305,0,1,None,66,1,5,False,10,10
7262,107,unweighted_fl,10,0.0995222929936305,0,1,None,66,1,5,False,10,10
7263,108,unweighted_fl,10,0.0995222929936305,0,1,None,66,1,5,False,10,10
7264,109,unweighted_fl,10,0.0995222929936305,0,1,None,66,1,5,False,10,10
7265,105,unweighted_fl,10,0.0995222929936305,0,0,None,66,1,5,False,10,10
7266,106,unweighted_fl,10,0.0995222929936305,0,0,None,66,1,5,False,10,10
7267,107,unweighted_fl,10,0.1816281847133758,0,0,None,66,1,5,False,10,10
7268,108,unweighted_fl,10,0.1596337579617834,0,0,None,66,1,5,False,10,10
7269,109,unweighted_fl,10,0.0995222929936305,0,0,None,66,1,5,False,10,10
7270,105,unweighted_fl,10,0.0995222929936305,0,2,None,66,1,5,False,10,10
7271,106,unweighted_fl,10,0.1593351910828025,0,2,None,66,1,5,False,10,10
7272,107,unweighted_fl,10,0.0995222929936305,0,2,None,66,1,5,False,10,10
7273,108,unweighted_fl,10,0.0995222929936305,0,2,None,66,1,5,False,10,10
7274,109,unweighted_fl,10,0.0995222929936305,0,2,None,66,1,5,False,10,10
7275,105,unweighted_fl,10,0.0995222929936305,0,3,None,66,1,5,False,10,10
7276,106,unweighted_fl,10,0.0995222929936305,0,3,None,66,1,5,False,10,10
7277,107,unweighted_fl,10,0.0995222929936305,0,3,None,66,1,5,False,10,10
7278,108,unweighted_fl,10,0.0995222929936305,0,3,None,66,1,5,False,10,10
7279,109,unweighted_fl,10,0.0995222929936305,0,3,None,66,1,5,False,10,10
7280,105,unweighted_fl,10,0.0995222929936305,0,4,None,66,1,5,False,10,10
7281,106,unweighted_fl,10,0.0995222929936305,0,4,None,66,1,5,False,10,10
7282,107,unweighted_fl,10,0.0995222929936305,0,4,None,66,1,5,False,10,10
7283,108,unweighted_fl,10,0.0995222929936305,0,4,None,66,1,5,False,10,10
7284,109,unweighted_fl,10,0.0995222929936305,0,4,None,66,1,5,False,10,10
7285,105,unweighted_fl,10,0.1456011146496815,0,6,None,66,1,5,False,10,10
7286,106,unweighted_fl,10,0.0995222929936305,0,6,None,66,1,5,False,10,10
7287,107,unweighted_fl,10,0.0995222929936305,0,6,None,66,1,5,False,10,10
7288,108,unweighted_fl,10,0.0995222929936305,0,6,None,66,1,5,False,10,10
7289,109,unweighted_fl,10,0.0995222929936305,0,6,None,66,1,5,False,10,10
7290,105,unweighted_fl,10,0.0995222929936305,0,5,None,66,1,5,False,10,10
7291,106,unweighted_fl,10,0.0995222929936305,0,5,None,66,1,5,False,10,10
7292,107,unweighted_fl,10,0.0995222929936305,0,5,None,66,1,5,False,10,10
7293,108,unweighted_fl,10,0.0995222929936305,0,5,None,66,1,5,False,10,10
7294,109,unweighted_fl,10,0.0995222929936305,0,5,None,66,1,5,False,10,10
7295,105,unweighted_fl,10,0.1300756369426751,0,8,None,66,1,5,False,10,10
7296,106,unweighted_fl,10,0.0995222929936305,0,8,None,66,1,5,False,10,10
7297,107,unweighted_fl,10,0.0995222929936305,0,8,None,66,1,5,False,10,10
7298,108,unweighted_fl,10,0.0995222929936305,0,8,None,66,1,5,False,10,10
7299,109,unweighted_fl,10,0.0995222929936305,0,8,None,66,1,5,False,10,10
7300,105,unweighted_fl,10,0.0995222929936305,0,7,None,66,1,5,False,10,10
7301,106,unweighted_fl,10,0.0995222929936305,0,7,None,66,1,5,False,10,10
7302,107,unweighted_fl,10,0.0995222929936305,0,7,None,66,1,5,False,10,10
7303,108,unweighted_fl,10,0.0995222929936305,0,7,None,66,1,5,False,10,10
7304,109,unweighted_fl,10,0.0995222929936305,0,7,None,66,1,5,False,10,10
7305,105,unweighted_fl,10,0.1107683121019108,0,10,None,66,1,5,False,10,10
7306,106,unweighted_fl,10,0.0995222929936305,0,10,None,66,1,5,False,10,10
7307,107,unweighted_fl,10,0.0995222929936305,0,10,None,66,1,5,False,10,10
7308,108,unweighted_fl,10,0.0995222929936305,0,10,None,66,1,5,False,10,10
7309,109,unweighted_fl,10,0.0995222929936305,0,10,None,66,1,5,False,10,10
7310,105,unweighted_fl,10,0.1588375796178344,0,9,None,66,1,5,False,10,10
7311,106,unweighted_fl,10,0.0995222929936305,0,9,None,66,1,5,False,10,10
7312,107,unweighted_fl,10,0.1908837579617834,0,9,None,66,1,5,False,10,10
7313,108,unweighted_fl,10,0.0995222929936305,0,9,None,66,1,5,False,10,10
7314,109,unweighted_fl,10,0.0995222929936305,0,9,None,66,1,5,False,10,10
7315,105,unweighted_fl,10,0.0995222929936305,0,12,None,66,1,5,False,10,10
7316,106,unweighted_fl,10,0.0995222929936305,0,12,None,66,1,5,False,10,10
7317,107,unweighted_fl,10,0.0995222929936305,0,12,None,66,1,5,False,10,10
7318,108,unweighted_fl,10,0.0995222929936305,0,12,None,66,1,5,False,10,10
7319,109,unweighted_fl,10,0.0995222929936305,0,12,None,66,1,5,False,10,10
7320,105,unweighted_fl,10,0.1017117834394904,0,11,None,66,1,5,False,10,10
7321,106,unweighted_fl,10,0.0995222929936305,0,11,None,66,1,5,False,10,10
7322,107,unweighted_fl,10,0.0995222929936305,0,11,None,66,1,5,False,10,10
7323,108,unweighted_fl,10,0.0995222929936305,0,11,None,66,1,5,False,10,10
7324,109,unweighted_fl,10,0.0994227707006369,0,11,None,66,1,5,False,10,10
7325,105,unweighted_fl,10,0.0995222929936305,0,13,None,66,1,5,False,10,10
7326,106,unweighted_fl,10,0.0995222929936305,0,13,None,66,1,5,False,10,10
7327,107,unweighted_fl,10,0.0995222929936305,0,13,None,66,1,5,False,10,10
7328,108,unweighted_fl,10,0.0995222929936305,0,13,None,66,1,5,False,10,10
7329,109,unweighted_fl,10,0.1119625796178344,0,13,None,66,1,5,False,10,10
7330,105,unweighted_fl,10,0.1009156050955414,0,15,None,66,1,5,False,10,10
7331,106,unweighted_fl,10,0.0995222929936305,0,15,None,66,1,5,False,10,10
7332,107,unweighted_fl,10,0.0995222929936305,0,15,None,66,1,5,False,10,10
7333,108,unweighted_fl,10,0.0995222929936305,0,15,None,66,1,5,False,10,10
7334,109,unweighted_fl,10,0.0995222929936305,0,15,None,66,1,5,False,10,10
7335,105,unweighted_fl,10,0.0995222929936305,0,14,None,66,1,5,False,10,10
7336,106,unweighted_fl,10,0.0995222929936305,0,14,None,66,1,5,False,10,10
7337,107,unweighted_fl,10,0.0995222929936305,0,14,None,66,1,5,False,10,10
7338,108,unweighted_fl,10,0.0995222929936305,0,14,None,66,1,5,False,10,10
7339,109,unweighted_fl,10,0.0995222929936305,0,14,None,66,1,5,False,10,10
7340,105,unweighted_fl,10,0.0995222929936305,0,17,None,66,1,5,False,10,10
7341,106,unweighted_fl,10,0.0995222929936305,0,17,None,66,1,5,False,10,10
7342,107,unweighted_fl,10,0.0995222929936305,0,17,None,66,1,5,False,10,10
7343,108,unweighted_fl,10,0.0995222929936305,0,17,None,66,1,5,False,10,10
7344,109,unweighted_fl,10,0.0995222929936305,0,17,None,66,1,5,False,10,10
7345,105,unweighted_fl,10,0.0995222929936305,0,16,None,66,1,5,False,10,10
7346,106,unweighted_fl,10,0.0995222929936305,0,16,None,66,1,5,False,10,10
7347,107,unweighted_fl,10,0.0995222929936305,0,16,None,66,1,5,False,10,10
7348,108,unweighted_fl,10,0.0995222929936305,0,16,None,66,1,5,False,10,10
7349,109,unweighted_fl,10,0.0995222929936305,0,16,None,66,1,5,False,10,10
7350,105,unweighted_fl,10,0.0995222929936305,0,19,None,66,1,5,False,10,10
7351,106,unweighted_fl,10,0.0995222929936305,0,19,None,66,1,5,False,10,10
7352,107,unweighted_fl,10,0.0995222929936305,0,19,None,66,1,5,False,10,10
7353,108,unweighted_fl,10,0.0995222929936305,0,19,None,66,1,5,False,10,10
7354,109,unweighted_fl,10,0.0995222929936305,0,19,None,66,1,5,False,10,10
7355,105,unweighted_fl,10,0.0995222929936305,0,18,None,66,1,5,False,10,10
7356,106,unweighted_fl,10,0.0995222929936305,0,18,None,66,1,5,False,10,10
7357,107,unweighted_fl,10,0.0995222929936305,0,18,None,66,1,5,False,10,10
7358,108,unweighted_fl,10,0.0995222929936305,0,18,None,66,1,5,False,10,10
7359,109,unweighted_fl,10,0.0995222929936305,0,18,None,66,1,5,False,10,10
7360,105,unweighted_fl,10,0.0995222929936305,0,20,None,66,1,5,False,10,10
7361,106,unweighted_fl,10,0.1539609872611465,0,20,None,66,1,5,False,10,10
7362,107,unweighted_fl,10,0.0995222929936305,0,20,None,66,1,5,False,10,10
7363,108,unweighted_fl,10,0.0995222929936305,0,20,None,66,1,5,False,10,10
7364,109,unweighted_fl,10,0.0995222929936305,0,20,None,66,1,5,False,10,10
7365,105,unweighted_fl,10,0.0995222929936305,0,21,None,66,1,5,False,10,10
7366,106,unweighted_fl,10,0.1456011146496815,0,21,None,66,1,5,False,10,10
7367,107,unweighted_fl,10,0.0995222929936305,0,21,None,66,1,5,False,10,10
7368,108,unweighted_fl,10,0.0995222929936305,0,21,None,66,1,5,False,10,10
7369,109,unweighted_fl,10,0.0995222929936305,0,21,None,66,1,5,False,10,10
7370,105,unweighted_fl,10,0.0995222929936305,0,22,None,66,1,5,False,10,10
7371,106,unweighted_fl,10,0.0995222929936305,0,22,None,66,1,5,False,10,10
7372,107,unweighted_fl,10,0.0995222929936305,0,22,None,66,1,5,False,10,10
7373,108,unweighted_fl,10,0.0995222929936305,0,22,None,66,1,5,False,10,10
7374,109,unweighted_fl,10,0.0995222929936305,0,22,None,66,1,5,False,10,10
7375,105,unweighted_fl,10,0.0995222929936305,0,23,None,66,1,5,False,10,10
7376,106,unweighted_fl,10,0.0995222929936305,0,23,None,66,1,5,False,10,10
7377,107,unweighted_fl,10,0.0995222929936305,0,23,None,66,1,5,False,10,10
7378,108,unweighted_fl,10,0.0995222929936305,0,23,None,66,1,5,False,10,10
7379,109,unweighted_fl,10,0.0995222929936305,0,23,None,66,1,5,False,10,10
7380,105,unweighted_fl,10,0.0995222929936305,0,24,None,66,1,5,False,10,10
7381,106,unweighted_fl,10,0.0995222929936305,0,24,None,66,1,5,False,10,10
7382,107,unweighted_fl,10,0.0995222929936305,0,24,None,66,1,5,False,10,10
7383,108,unweighted_fl,10,0.0995222929936305,0,24,None,66,1,5,False,10,10
7384,109,unweighted_fl,10,0.0995222929936305,0,24,None,66,1,5,False,10,10
7385,105,unweighted_fl,10,0.0995222929936305,0,25,None,66,1,5,False,10,10
7386,106,unweighted_fl,10,0.0995222929936305,0,25,None,66,1,5,False,10,10
7387,107,unweighted_fl,10,0.101811305732484,0,25,None,66,1,5,False,10,10
7388,108,unweighted_fl,10,0.0995222929936305,0,25,None,66,1,5,False,10,10
7389,109,unweighted_fl,10,0.0995222929936305,0,25,None,66,1,5,False,10,10
7390,105,unweighted_fl,10,0.0995222929936305,0,26,None,66,1,5,False,10,10
7391,106,unweighted_fl,10,0.1127587579617834,0,26,None,66,1,5,False,10,10
7392,107,unweighted_fl,10,0.0995222929936305,0,26,None,66,1,5,False,10,10
7393,108,unweighted_fl,10,0.0995222929936305,0,26,None,66,1,5,False,10,10
7394,109,unweighted_fl,10,0.0995222929936305,0,26,None,66,1,5,False,10,10
7395,105,unweighted_fl,10,0.0995222929936305,0,27,None,66,1,5,False,10,10
7396,106,unweighted_fl,10,0.0995222929936305,0,27,None,66,1,5,False,10,10
7397,107,unweighted_fl,10,0.0995222929936305,0,27,None,66,1,5,False,10,10
7398,108,unweighted_fl,10,0.0995222929936305,0,27,None,66,1,5,False,10,10
7399,109,unweighted_fl,10,0.0995222929936305,0,27,None,66,1,5,False,10,10
7400,105,unweighted_fl,10,0.0995222929936305,0,28,None,66,1,5,False,10,10
7401,106,unweighted_fl,10,0.0995222929936305,0,28,None,66,1,5,False,10,10
7402,107,unweighted_fl,10,0.0995222929936305,0,28,None,66,1,5,False,10,10
7403,108,unweighted_fl,10,0.0995222929936305,0,28,None,66,1,5,False,10,10
7404,109,unweighted_fl,10,0.0995222929936305,0,28,None,66,1,5,False,10,10
7405,105,unweighted_fl,10,0.0995222929936305,0,29,None,66,1,5,False,10,10
7406,106,unweighted_fl,10,0.0995222929936305,0,29,None,66,1,5,False,10,10
7407,107,unweighted_fl,10,0.0995222929936305,0,29,None,66,1,5,False,10,10
7408,108,unweighted_fl,10,0.0995222929936305,0,29,None,66,1,5,False,10,10
7409,109,unweighted_fl,10,0.0995222929936305,0,29,None,66,1,5,False,10,10
7410,105,unweighted_fl,10,0.1798367834394904,0,30,None,66,1,5,False,10,10
7411,106,unweighted_fl,10,0.0995222929936305,0,30,None,66,1,5,False,10,10
7412,107,unweighted_fl,10,0.0995222929936305,0,30,None,66,1,5,False,10,10
7413,108,unweighted_fl,10,0.0995222929936305,0,30,None,66,1,5,False,10,10
7414,109,unweighted_fl,10,0.0995222929936305,0,30,None,66,1,5,False,10,10
7415,105,unweighted_fl,10,0.0995222929936305,0,31,None,66,1,5,False,10,10
7416,106,unweighted_fl,10,0.1811305732484076,0,31,None,66,1,5,False,10,10
7417,107,unweighted_fl,10,0.1188296178343949,0,31,None,66,1,5,False,10,10
7418,108,unweighted_fl,10,0.1564490445859872,0,31,None,66,1,5,False,10,10
7419,109,unweighted_fl,10,0.0995222929936305,0,31,None,66,1,5,False,10,10
7420,105,unweighted_fl,10,0.0995222929936305,0,32,None,66,1,5,False,10,10
7421,106,unweighted_fl,10,0.0995222929936305,0,32,None,66,1,5,False,10,10
7422,107,unweighted_fl,10,0.0995222929936305,0,32,None,66,1,5,False,10,10
7423,108,unweighted_fl,10,0.0995222929936305,0,32,None,66,1,5,False,10,10
7424,109,unweighted_fl,10,0.0995222929936305,0,32,None,66,1,5,False,10,10
7425,110,unweighted_fl,10,0.0995222929936305,0,1,None,66,1,5,False,10,10
7426,111,unweighted_fl,10,0.0995222929936305,0,1,None,66,1,5,False,10,10
7427,112,unweighted_fl,10,0.0995222929936305,0,1,None,66,1,5,False,10,10
7428,113,unweighted_fl,10,0.0995222929936305,0,1,None,66,1,5,False,10,10
7429,114,unweighted_fl,10,0.0995222929936305,0,1,None,66,1,5,False,10,10
7430,110,unweighted_fl,10,0.1802348726114649,0,2,None,66,1,5,False,10,10
7431,111,unweighted_fl,10,0.1432125796178344,0,2,None,66,1,5,False,10,10
7432,112,unweighted_fl,10,0.0995222929936305,0,2,None,66,1,5,False,10,10
7433,113,unweighted_fl,10,0.0995222929936305,0,2,None,66,1,5,False,10,10
7434,114,unweighted_fl,10,0.0995222929936305,0,2,None,66,1,5,False,10,10
7435,110,unweighted_fl,10,0.0995222929936305,0,0,None,66,1,5,False,10,10
7436,111,unweighted_fl,10,0.0995222929936305,0,0,None,66,1,5,False,10,10
7437,112,unweighted_fl,10,0.1809315286624203,0,0,None,66,1,5,False,10,10
7438,113,unweighted_fl,10,0.1619227707006369,0,0,None,66,1,5,False,10,10
7439,114,unweighted_fl,10,0.0995222929936305,0,0,None,66,1,5,False,10,10
7440,110,unweighted_fl,10,0.0995222929936305,0,3,None,66,1,5,False,10,10
7441,111,unweighted_fl,10,0.0995222929936305,0,3,None,66,1,5,False,10,10
7442,112,unweighted_fl,10,0.0995222929936305,0,3,None,66,1,5,False,10,10
7443,113,unweighted_fl,10,0.0995222929936305,0,3,None,66,1,5,False,10,10
7444,114,unweighted_fl,10,0.0995222929936305,0,3,None,66,1,5,False,10,10
7445,110,unweighted_fl,10,0.0995222929936305,0,4,None,66,1,5,False,10,10
7446,111,unweighted_fl,10,0.0995222929936305,0,4,None,66,1,5,False,10,10
7447,112,unweighted_fl,10,0.0997213375796178,0,4,None,66,1,5,False,10,10
7448,113,unweighted_fl,10,0.0995222929936305,0,4,None,66,1,5,False,10,10
7449,114,unweighted_fl,10,0.0995222929936305,0,4,None,66,1,5,False,10,10
7450,110,unweighted_fl,10,0.0995222929936305,0,5,None,66,1,5,False,10,10
7451,111,unweighted_fl,10,0.0995222929936305,0,5,None,66,1,5,False,10,10
7452,112,unweighted_fl,10,0.0995222929936305,0,5,None,66,1,5,False,10,10
7453,113,unweighted_fl,10,0.0995222929936305,0,5,None,66,1,5,False,10,10
7454,114,unweighted_fl,10,0.0995222929936305,0,5,None,66,1,5,False,10,10
7455,110,unweighted_fl,10,0.1690883757961783,0,6,None,66,1,5,False,10,10
7456,111,unweighted_fl,10,0.0995222929936305,0,6,None,66,1,5,False,10,10
7457,112,unweighted_fl,10,0.0995222929936305,0,6,None,66,1,5,False,10,10
7458,113,unweighted_fl,10,0.0995222929936305,0,6,None,66,1,5,False,10,10
7459,114,unweighted_fl,10,0.0995222929936305,0,6,None,66,1,5,False,10,10
7460,110,unweighted_fl,10,0.1456011146496815,0,8,None,66,1,5,False,10,10
7461,111,unweighted_fl,10,0.0995222929936305,0,8,None,66,1,5,False,10,10
7462,112,unweighted_fl,10,0.0995222929936305,0,8,None,66,1,5,False,10,10
7463,113,unweighted_fl,10,0.0995222929936305,0,8,None,66,1,5,False,10,10
7464,114,unweighted_fl,10,0.0995222929936305,0,8,None,66,1,5,False,10,10
7465,110,unweighted_fl,10,0.1219148089171974,0,7,None,66,1,5,False,10,10
7466,111,unweighted_fl,10,0.0995222929936305,0,7,None,66,1,5,False,10,10
7467,112,unweighted_fl,10,0.0995222929936305,0,7,None,66,1,5,False,10,10
7468,113,unweighted_fl,10,0.0995222929936305,0,7,None,66,1,5,False,10,10
7469,114,unweighted_fl,10,0.0995222929936305,0,7,None,66,1,5,False,10,10
7470,110,unweighted_fl,10,0.1218152866242038,0,10,None,66,1,5,False,10,10
7471,111,unweighted_fl,10,0.0995222929936305,0,10,None,66,1,5,False,10,10
7472,112,unweighted_fl,10,0.0995222929936305,0,10,None,66,1,5,False,10,10
7473,113,unweighted_fl,10,0.0995222929936305,0,10,None,66,1,5,False,10,10
7474,114,unweighted_fl,10,0.0995222929936305,0,10,None,66,1,5,False,10,10
7475,110,unweighted_fl,10,0.1705812101910828,0,9,None,66,1,5,False,10,10
7476,111,unweighted_fl,10,0.1043988853503184,0,9,None,66,1,5,False,10,10
7477,112,unweighted_fl,10,0.1902866242038216,0,9,None,66,1,5,False,10,10
7478,113,unweighted_fl,10,0.0995222929936305,0,9,None,66,1,5,False,10,10
7479,114,unweighted_fl,10,0.0995222929936305,0,9,None,66,1,5,False,10,10
7480,110,unweighted_fl,10,0.0995222929936305,0,12,None,66,1,5,False,10,10
7481,111,unweighted_fl,10,0.0995222929936305,0,12,None,66,1,5,False,10,10
7482,112,unweighted_fl,10,0.0995222929936305,0,12,None,66,1,5,False,10,10
7483,113,unweighted_fl,10,0.0995222929936305,0,12,None,66,1,5,False,10,10
7484,114,unweighted_fl,10,0.0995222929936305,0,12,None,66,1,5,False,10,10
7485,110,unweighted_fl,10,0.1422173566878981,0,11,None,66,1,5,False,10,10
7486,111,unweighted_fl,10,0.0995222929936305,0,11,None,66,1,5,False,10,10
7487,112,unweighted_fl,10,0.0995222929936305,0,11,None,66,1,5,False,10,10
7488,113,unweighted_fl,10,0.0995222929936305,0,11,None,66,1,5,False,10,10
7489,114,unweighted_fl,10,0.0995222929936305,0,11,None,66,1,5,False,10,10
7490,110,unweighted_fl,10,0.0995222929936305,0,13,None,66,1,5,False,10,10
7491,111,unweighted_fl,10,0.0995222929936305,0,13,None,66,1,5,False,10,10
7492,112,unweighted_fl,10,0.0995222929936305,0,13,None,66,1,5,False,10,10
7493,113,unweighted_fl,10,0.0995222929936305,0,13,None,66,1,5,False,10,10
7494,114,unweighted_fl,10,0.0995222929936305,0,13,None,66,1,5,False,10,10
7495,110,unweighted_fl,10,0.0995222929936305,0,14,None,66,1,5,False,10,10
7496,111,unweighted_fl,10,0.0995222929936305,0,14,None,66,1,5,False,10,10
7497,112,unweighted_fl,10,0.0995222929936305,0,14,None,66,1,5,False,10,10
7498,113,unweighted_fl,10,0.0995222929936305,0,14,None,66,1,5,False,10,10
7499,114,unweighted_fl,10,0.0995222929936305,0,14,None,66,1,5,False,10,10
7500,110,unweighted_fl,10,0.1208200636942675,0,15,None,66,1,5,False,10,10
7501,111,unweighted_fl,10,0.0995222929936305,0,15,None,66,1,5,False,10,10
7502,112,unweighted_fl,10,0.0995222929936305,0,15,None,66,1,5,False,10,10
7503,113,unweighted_fl,10,0.0995222929936305,0,15,None,66,1,5,False,10,10
7504,114,unweighted_fl,10,0.0995222929936305,0,15,None,66,1,5,False,10,10
7505,110,unweighted_fl,10,0.0995222929936305,0,16,None,66,1,5,False,10,10
7506,111,unweighted_fl,10,0.0995222929936305,0,16,None,66,1,5,False,10,10
7507,112,unweighted_fl,10,0.0995222929936305,0,16,None,66,1,5,False,10,10
7508,113,unweighted_fl,10,0.0995222929936305,0,16,None,66,1,5,False,10,10
7509,114,unweighted_fl,10,0.0995222929936305,0,16,None,66,1,5,False,10,10
7510,110,unweighted_fl,10,0.0995222929936305,0,17,None,66,1,5,False,10,10
7511,111,unweighted_fl,10,0.0995222929936305,0,17,None,66,1,5,False,10,10
7512,112,unweighted_fl,10,0.0995222929936305,0,17,None,66,1,5,False,10,10
7513,113,unweighted_fl,10,0.0995222929936305,0,17,None,66,1,5,False,10,10
7514,114,unweighted_fl,10,0.0995222929936305,0,17,None,66,1,5,False,10,10
7515,110,unweighted_fl,10,0.0995222929936305,0,19,None,66,1,5,False,10,10
7516,111,unweighted_fl,10,0.1435111464968153,0,19,None,66,1,5,False,10,10
7517,112,unweighted_fl,10,0.0995222929936305,0,19,None,66,1,5,False,10,10
7518,113,unweighted_fl,10,0.0995222929936305,0,19,None,66,1,5,False,10,10
7519,114,unweighted_fl,10,0.0995222929936305,0,19,None,66,1,5,False,10,10
7520,110,unweighted_fl,10,0.0995222929936305,0,18,None,66,1,5,False,10,10
7521,111,unweighted_fl,10,0.0995222929936305,0,18,None,66,1,5,False,10,10
7522,112,unweighted_fl,10,0.0995222929936305,0,18,None,66,1,5,False,10,10
7523,113,unweighted_fl,10,0.0995222929936305,0,18,None,66,1,5,False,10,10
7524,114,unweighted_fl,10,0.0995222929936305,0,18,None,66,1,5,False,10,10
7525,110,unweighted_fl,10,0.0995222929936305,0,20,None,66,1,5,False,10,10
7526,111,unweighted_fl,10,0.1646098726114649,0,20,None,66,1,5,False,10,10
7527,112,unweighted_fl,10,0.0995222929936305,0,20,None,66,1,5,False,10,10
7528,113,unweighted_fl,10,0.0995222929936305,0,20,None,66,1,5,False,10,10
7529,114,unweighted_fl,10,0.0995222929936305,0,20,None,66,1,5,False,10,10
7530,110,unweighted_fl,10,0.0995222929936305,0,21,None,66,1,5,False,10,10
7531,111,unweighted_fl,10,0.1466958598726114,0,21,None,66,1,5,False,10,10
7532,112,unweighted_fl,10,0.0995222929936305,0,21,None,66,1,5,False,10,10
7533,113,unweighted_fl,10,0.0995222929936305,0,21,None,66,1,5,False,10,10
7534,114,unweighted_fl,10,0.0995222929936305,0,21,None,66,1,5,False,10,10
7535,110,unweighted_fl,10,0.0995222929936305,0,22,None,66,1,5,False,10,10
7536,111,unweighted_fl,10,0.0995222929936305,0,22,None,66,1,5,False,10,10
7537,112,unweighted_fl,10,0.0995222929936305,0,22,None,66,1,5,False,10,10
7538,113,unweighted_fl,10,0.0995222929936305,0,22,None,66,1,5,False,10,10
7539,114,unweighted_fl,10,0.0995222929936305,0,22,None,66,1,5,False,10,10
7540,110,unweighted_fl,10,0.0995222929936305,0,24,None,66,1,5,False,10,10
7541,111,unweighted_fl,10,0.0995222929936305,0,24,None,66,1,5,False,10,10
7542,112,unweighted_fl,10,0.0995222929936305,0,24,None,66,1,5,False,10,10
7543,113,unweighted_fl,10,0.0995222929936305,0,24,None,66,1,5,False,10,10
7544,114,unweighted_fl,10,0.0995222929936305,0,24,None,66,1,5,False,10,10
7545,110,unweighted_fl,10,0.0995222929936305,0,23,None,66,1,5,False,10,10
7546,111,unweighted_fl,10,0.0995222929936305,0,23,None,66,1,5,False,10,10
7547,112,unweighted_fl,10,0.0995222929936305,0,23,None,66,1,5,False,10,10
7548,113,unweighted_fl,10,0.0995222929936305,0,23,None,66,1,5,False,10,10
7549,114,unweighted_fl,10,0.0995222929936305,0,23,None,66,1,5,False,10,10
7550,110,unweighted_fl,10,0.0995222929936305,0,25,None,66,1,5,False,10,10
7551,111,unweighted_fl,10,0.0995222929936305,0,25,None,66,1,5,False,10,10
7552,112,unweighted_fl,10,0.0995222929936305,0,25,None,66,1,5,False,10,10
7553,113,unweighted_fl,10,0.0995222929936305,0,25,None,66,1,5,False,10,10
7554,114,unweighted_fl,10,0.0995222929936305,0,25,None,66,1,5,False,10,10
7555,110,unweighted_fl,10,0.0995222929936305,0,27,None,66,1,5,False,10,10
7556,111,unweighted_fl,10,0.0995222929936305,0,27,None,66,1,5,False,10,10
7557,112,unweighted_fl,10,0.0995222929936305,0,27,None,66,1,5,False,10,10
7558,113,unweighted_fl,10,0.0995222929936305,0,27,None,66,1,5,False,10,10
7559,114,unweighted_fl,10,0.0995222929936305,0,27,None,66,1,5,False,10,10
7560,110,unweighted_fl,10,0.0995222929936305,0,26,None,66,1,5,False,10,10
7561,111,unweighted_fl,10,0.1221138535031847,0,26,None,66,1,5,False,10,10
7562,112,unweighted_fl,10,0.0995222929936305,0,26,None,66,1,5,False,10,10
7563,113,unweighted_fl,10,0.0995222929936305,0,26,None,66,1,5,False,10,10
7564,114,unweighted_fl,10,0.0995222929936305,0,26,None,66,1,5,False,10,10
7565,110,unweighted_fl,10,0.0995222929936305,0,28,None,66,1,5,False,10,10
7566,111,unweighted_fl,10,0.0995222929936305,0,28,None,66,1,5,False,10,10
7567,112,unweighted_fl,10,0.0995222929936305,0,28,None,66,1,5,False,10,10
7568,113,unweighted_fl,10,0.0995222929936305,0,28,None,66,1,5,False,10,10
7569,114,unweighted_fl,10,0.0995222929936305,0,28,None,66,1,5,False,10,10
7570,110,unweighted_fl,10,0.0995222929936305,0,29,None,66,1,5,False,10,10
7571,111,unweighted_fl,10,0.0995222929936305,0,29,None,66,1,5,False,10,10
7572,112,unweighted_fl,10,0.0995222929936305,0,29,None,66,1,5,False,10,10
7573,113,unweighted_fl,10,0.0995222929936305,0,29,None,66,1,5,False,10,10
7574,114,unweighted_fl,10,0.0995222929936305,0,29,None,66,1,5,False,10,10
7575,110,unweighted_fl,10,0.1816281847133758,0,30,None,66,1,5,False,10,10
7576,111,unweighted_fl,10,0.0995222929936305,0,30,None,66,1,5,False,10,10
7577,112,unweighted_fl,10,0.0995222929936305,0,30,None,66,1,5,False,10,10
7578,113,unweighted_fl,10,0.0995222929936305,0,30,None,66,1,5,False,10,10
7579,114,unweighted_fl,10,0.0995222929936305,0,30,None,66,1,5,False,10,10
7580,110,unweighted_fl,10,0.0995222929936305,0,32,None,66,1,5,False,10,10
7581,111,unweighted_fl,10,0.0995222929936305,0,32,None,66,1,5,False,10,10
7582,112,unweighted_fl,10,0.0995222929936305,0,32,None,66,1,5,False,10,10
7583,113,unweighted_fl,10,0.0995222929936305,0,32,None,66,1,5,False,10,10
7584,114,unweighted_fl,10,0.0995222929936305,0,32,None,66,1,5,False,10,10
7585,110,unweighted_fl,10,0.0995222929936305,0,31,None,66,1,5,False,10,10
7586,111,unweighted_fl,10,0.1827229299363057,0,31,None,66,1,5,False,10,10
7587,112,unweighted_fl,10,0.1358479299363057,0,31,None,66,1,5,False,10,10
7588,113,unweighted_fl,10,0.1538614649681528,0,31,None,66,1,5,False,10,10
7589,114,unweighted_fl,10,0.0995222929936305,0,31,None,66,1,5,False,10,10
7590,115,unweighted_fl,10,0.0995222929936305,0,1,None,66,1,5,False,10,10
7591,116,unweighted_fl,10,0.0995222929936305,0,1,None,66,1,5,False,10,10
7592,117,unweighted_fl,10,0.0995222929936305,0,1,None,66,1,5,False,10,10
7593,118,unweighted_fl,10,0.0995222929936305,0,1,None,66,1,5,False,10,10
7594,119,unweighted_fl,10,0.0995222929936305,0,1,None,66,1,5,False,10,10
7595,115,unweighted_fl,10,0.1798367834394904,0,2,None,66,1,5,False,10,10
7596,116,unweighted_fl,10,0.1538614649681528,0,2,None,66,1,5,False,10,10
7597,117,unweighted_fl,10,0.1108678343949044,0,2,None,66,1,5,False,10,10
7598,118,unweighted_fl,10,0.0995222929936305,0,2,None,66,1,5,False,10,10
7599,119,unweighted_fl,10,0.0995222929936305,0,2,None,66,1,5,False,10,10
7600,115,unweighted_fl,10,0.0995222929936305,0,0,None,66,1,5,False,10,10
7601,116,unweighted_fl,10,0.0996218152866242,0,0,None,66,1,5,False,10,10
7602,117,unweighted_fl,10,0.1804339171974522,0,0,None,66,1,5,False,10,10
7603,118,unweighted_fl,10,0.1816281847133758,0,0,None,66,1,5,False,10,10
7604,119,unweighted_fl,10,0.0995222929936305,0,0,None,66,1,5,False,10,10
7605,115,unweighted_fl,10,0.0995222929936305,0,4,None,66,1,5,False,10,10
7606,116,unweighted_fl,10,0.0995222929936305,0,4,None,66,1,5,False,10,10
7607,117,unweighted_fl,10,0.1350517515923567,0,4,None,66,1,5,False,10,10
7608,118,unweighted_fl,10,0.0995222929936305,0,4,None,66,1,5,False,10,10
7609,119,unweighted_fl,10,0.0995222929936305,0,4,None,66,1,5,False,10,10
7610,115,unweighted_fl,10,0.0995222929936305,0,3,None,66,1,5,False,10,10
7611,116,unweighted_fl,10,0.0995222929936305,0,3,None,66,1,5,False,10,10
7612,117,unweighted_fl,10,0.0995222929936305,0,3,None,66,1,5,False,10,10
7613,118,unweighted_fl,10,0.0995222929936305,0,3,None,66,1,5,False,10,10
7614,119,unweighted_fl,10,0.0995222929936305,0,3,None,66,1,5,False,10,10
7615,115,unweighted_fl,10,0.1751592356687898,0,6,None,66,1,5,False,10,10
7616,116,unweighted_fl,10,0.0995222929936305,0,6,None,66,1,5,False,10,10
7617,117,unweighted_fl,10,0.0995222929936305,0,6,None,66,1,5,False,10,10
7618,118,unweighted_fl,10,0.0995222929936305,0,6,None,66,1,5,False,10,10
7619,119,unweighted_fl,10,0.0995222929936305,0,6,None,66,1,5,False,10,10
7620,115,unweighted_fl,10,0.0995222929936305,0,5,None,66,1,5,False,10,10
7621,116,unweighted_fl,10,0.0995222929936305,0,5,None,66,1,5,False,10,10
7622,117,unweighted_fl,10,0.0995222929936305,0,5,None,66,1,5,False,10,10
7623,118,unweighted_fl,10,0.0995222929936305,0,5,None,66,1,5,False,10,10
7624,119,unweighted_fl,10,0.0995222929936305,0,5,None,66,1,5,False,10,10
7625,115,unweighted_fl,10,0.1556528662420382,0,8,None,66,1,5,False,10,10
7626,116,unweighted_fl,10,0.0995222929936305,0,8,None,66,1,5,False,10,10
7627,117,unweighted_fl,10,0.0995222929936305,0,8,None,66,1,5,False,10,10
7628,118,unweighted_fl,10,0.0995222929936305,0,8,None,66,1,5,False,10,10
7629,119,unweighted_fl,10,0.0995222929936305,0,8,None,66,1,5,False,10,10
7630,115,unweighted_fl,10,0.1388335987261146,0,7,None,66,1,5,False,10,10
7631,116,unweighted_fl,10,0.0995222929936305,0,7,None,66,1,5,False,10,10
7632,117,unweighted_fl,10,0.0995222929936305,0,7,None,66,1,5,False,10,10
7633,118,unweighted_fl,10,0.0995222929936305,0,7,None,66,1,5,False,10,10
7634,119,unweighted_fl,10,0.0995222929936305,0,7,None,66,1,5,False,10,10
7635,115,unweighted_fl,10,0.1385350318471337,0,10,None,66,1,5,False,10,10
7636,116,unweighted_fl,10,0.0995222929936305,0,10,None,66,1,5,False,10,10
7637,117,unweighted_fl,10,0.0995222929936305,0,10,None,66,1,5,False,10,10
7638,118,unweighted_fl,10,0.0995222929936305,0,10,None,66,1,5,False,10,10
7639,119,unweighted_fl,10,0.0995222929936305,0,10,None,66,1,5,False,10,10
7640,115,unweighted_fl,10,0.1758558917197452,0,9,None,66,1,5,False,10,10
7641,116,unweighted_fl,10,0.1245023885350318,0,9,None,66,1,5,False,10,10
7642,117,unweighted_fl,10,0.190187101910828,0,9,None,66,1,5,False,10,10
7643,118,unweighted_fl,10,0.0995222929936305,0,9,None,66,1,5,False,10,10
7644,119,unweighted_fl,10,0.0995222929936305,0,9,None,66,1,5,False,10,10
7645,115,unweighted_fl,10,0.0995222929936305,0,12,None,66,1,5,False,10,10
7646,116,unweighted_fl,10,0.0995222929936305,0,12,None,66,1,5,False,10,10
7647,117,unweighted_fl,10,0.0995222929936305,0,12,None,66,1,5,False,10,10
7648,118,unweighted_fl,10,0.0995222929936305,0,12,None,66,1,5,False,10,10
7649,119,unweighted_fl,10,0.0995222929936305,0,12,None,66,1,5,False,10,10
7650,115,unweighted_fl,10,0.152468152866242,0,11,None,66,1,5,False,10,10
7651,116,unweighted_fl,10,0.0995222929936305,0,11,None,66,1,5,False,10,10
7652,117,unweighted_fl,10,0.0995222929936305,0,11,None,66,1,5,False,10,10
7653,118,unweighted_fl,10,0.0995222929936305,0,11,None,66,1,5,False,10,10
7654,119,unweighted_fl,10,0.0995222929936305,0,11,None,66,1,5,False,10,10
7655,115,unweighted_fl,10,0.0995222929936305,0,13,None,66,1,5,False,10,10
7656,116,unweighted_fl,10,0.0995222929936305,0,13,None,66,1,5,False,10,10
7657,117,unweighted_fl,10,0.0995222929936305,0,13,None,66,1,5,False,10,10
7658,118,unweighted_fl,10,0.0995222929936305,0,13,None,66,1,5,False,10,10
7659,119,unweighted_fl,10,0.0995222929936305,0,13,None,66,1,5,False,10,10
7660,115,unweighted_fl,10,0.0995222929936305,0,14,None,66,1,5,False,10,10
7661,116,unweighted_fl,10,0.0995222929936305,0,14,None,66,1,5,False,10,10
7662,117,unweighted_fl,10,0.1015127388535031,0,14,None,66,1,5,False,10,10
7663,118,unweighted_fl,10,0.0995222929936305,0,14,None,66,1,5,False,10,10
7664,119,unweighted_fl,10,0.0995222929936305,0,14,None,66,1,5,False,10,10
7665,115,unweighted_fl,10,0.1364450636942675,0,15,None,66,1,5,False,10,10
7666,116,unweighted_fl,10,0.0995222929936305,0,15,None,66,1,5,False,10,10
7667,117,unweighted_fl,10,0.0995222929936305,0,15,None,66,1,5,False,10,10
7668,118,unweighted_fl,10,0.0995222929936305,0,15,None,66,1,5,False,10,10
7669,119,unweighted_fl,10,0.0995222929936305,0,15,None,66,1,5,False,10,10
7670,115,unweighted_fl,10,0.0995222929936305,0,16,None,66,1,5,False,10,10
7671,116,unweighted_fl,10,0.0995222929936305,0,16,None,66,1,5,False,10,10
7672,117,unweighted_fl,10,0.0995222929936305,0,16,None,66,1,5,False,10,10
7673,118,unweighted_fl,10,0.0995222929936305,0,16,None,66,1,5,False,10,10
7674,119,unweighted_fl,10,0.0995222929936305,0,16,None,66,1,5,False,10,10
7675,115,unweighted_fl,10,0.0995222929936305,0,18,None,66,1,5,False,10,10
7676,116,unweighted_fl,10,0.0995222929936305,0,18,None,66,1,5,False,10,10
7677,117,unweighted_fl,10,0.0995222929936305,0,18,None,66,1,5,False,10,10
7678,118,unweighted_fl,10,0.0995222929936305,0,18,None,66,1,5,False,10,10
7679,119,unweighted_fl,10,0.0995222929936305,0,18,None,66,1,5,False,10,10
7680,115,unweighted_fl,10,0.0995222929936305,0,17,None,66,1,5,False,10,10
7681,116,unweighted_fl,10,0.0995222929936305,0,17,None,66,1,5,False,10,10
7682,117,unweighted_fl,10,0.0995222929936305,0,17,None,66,1,5,False,10,10
7683,118,unweighted_fl,10,0.0995222929936305,0,17,None,66,1,5,False,10,10
7684,119,unweighted_fl,10,0.0995222929936305,0,17,None,66,1,5,False,10,10
7685,115,unweighted_fl,10,0.0995222929936305,0,20,None,66,1,5,False,10,10
7686,116,unweighted_fl,10,0.1725716560509554,0,20,None,66,1,5,False,10,10
7687,117,unweighted_fl,10,0.1083797770700636,0,20,None,66,1,5,False,10,10
7688,118,unweighted_fl,10,0.0995222929936305,0,20,None,66,1,5,False,10,10
7689,119,unweighted_fl,10,0.0995222929936305,0,20,None,66,1,5,False,10,10
7690,115,unweighted_fl,10,0.1097730891719745,0,19,None,66,1,5,False,10,10
7691,116,unweighted_fl,10,0.1770501592356688,0,19,None,66,1,5,False,10,10
7692,117,unweighted_fl,10,0.0995222929936305,0,19,None,66,1,5,False,10,10
7693,118,unweighted_fl,10,0.0995222929936305,0,19,None,66,1,5,False,10,10
7694,119,unweighted_fl,10,0.0995222929936305,0,19,None,66,1,5,False,10,10
7695,115,unweighted_fl,10,0.0995222929936305,0,22,None,66,1,5,False,10,10
7696,116,unweighted_fl,10,0.0995222929936305,0,22,None,66,1,5,False,10,10
7697,117,unweighted_fl,10,0.0995222929936305,0,22,None,66,1,5,False,10,10
7698,118,unweighted_fl,10,0.0995222929936305,0,22,None,66,1,5,False,10,10
7699,119,unweighted_fl,10,0.0995222929936305,0,22,None,66,1,5,False,10,10
7700,115,unweighted_fl,10,0.0995222929936305,0,21,None,66,1,5,False,10,10
7701,116,unweighted_fl,10,0.1658041401273885,0,21,None,66,1,5,False,10,10
7702,117,unweighted_fl,10,0.0995222929936305,0,21,None,66,1,5,False,10,10
7703,118,unweighted_fl,10,0.0995222929936305,0,21,None,66,1,5,False,10,10
7704,119,unweighted_fl,10,0.0995222929936305,0,21,None,66,1,5,False,10,10
7705,115,unweighted_fl,10,0.0995222929936305,0,24,None,66,1,5,False,10,10
7706,116,unweighted_fl,10,0.0995222929936305,0,24,None,66,1,5,False,10,10
7707,117,unweighted_fl,10,0.0995222929936305,0,24,None,66,1,5,False,10,10
7708,118,unweighted_fl,10,0.0995222929936305,0,24,None,66,1,5,False,10,10
7709,119,unweighted_fl,10,0.0995222929936305,0,24,None,66,1,5,False,10,10
7710,115,unweighted_fl,10,0.0995222929936305,0,23,None,66,1,5,False,10,10
7711,116,unweighted_fl,10,0.0995222929936305,0,23,None,66,1,5,False,10,10
7712,117,unweighted_fl,10,0.0995222929936305,0,23,None,66,1,5,False,10,10
7713,118,unweighted_fl,10,0.0995222929936305,0,23,None,66,1,5,False,10,10
7714,119,unweighted_fl,10,0.0995222929936305,0,23,None,66,1,5,False,10,10
7715,115,unweighted_fl,10,0.1006170382165605,0,26,None,66,1,5,False,10,10
7716,116,unweighted_fl,10,0.1369426751592356,0,26,None,66,1,5,False,10,10
7717,117,unweighted_fl,10,0.0995222929936305,0,26,None,66,1,5,False,10,10
7718,118,unweighted_fl,10,0.0995222929936305,0,26,None,66,1,5,False,10,10
7719,119,unweighted_fl,10,0.0995222929936305,0,26,None,66,1,5,False,10,10
7720,115,unweighted_fl,10,0.0995222929936305,0,25,None,66,1,5,False,10,10
7721,116,unweighted_fl,10,0.0995222929936305,0,25,None,66,1,5,False,10,10
7722,117,unweighted_fl,10,0.0995222929936305,0,25,None,66,1,5,False,10,10
7723,118,unweighted_fl,10,0.0995222929936305,0,25,None,66,1,5,False,10,10
7724,119,unweighted_fl,10,0.0995222929936305,0,25,None,66,1,5,False,10,10
7725,115,unweighted_fl,10,0.0995222929936305,0,27,None,66,1,5,False,10,10
7726,116,unweighted_fl,10,0.0995222929936305,0,27,None,66,1,5,False,10,10
7727,117,unweighted_fl,10,0.0995222929936305,0,27,None,66,1,5,False,10,10
7728,118,unweighted_fl,10,0.0995222929936305,0,27,None,66,1,5,False,10,10
7729,119,unweighted_fl,10,0.0995222929936305,0,27,None,66,1,5,False,10,10
7730,115,unweighted_fl,10,0.0995222929936305,0,29,None,66,1,5,False,10,10
7731,116,unweighted_fl,10,0.0995222929936305,0,29,None,66,1,5,False,10,10
7732,117,unweighted_fl,10,0.0995222929936305,0,29,None,66,1,5,False,10,10
7733,118,unweighted_fl,10,0.0995222929936305,0,29,None,66,1,5,False,10,10
7734,119,unweighted_fl,10,0.0995222929936305,0,29,None,66,1,5,False,10,10
7735,115,unweighted_fl,10,0.1275875796178344,0,30,None,66,1,5,False,10,10
7736,116,unweighted_fl,10,0.1285828025477707,0,30,None,66,1,5,False,10,10
7737,117,unweighted_fl,10,0.0995222929936305,0,30,None,66,1,5,False,10,10
7738,118,unweighted_fl,10,0.0995222929936305,0,30,None,66,1,5,False,10,10
7739,119,unweighted_fl,10,0.0995222929936305,0,30,None,66,1,5,False,10,10
7740,115,unweighted_fl,10,0.0995222929936305,0,28,None,66,1,5,False,10,10
7741,116,unweighted_fl,10,0.0995222929936305,0,28,None,66,1,5,False,10,10
7742,117,unweighted_fl,10,0.0995222929936305,0,28,None,66,1,5,False,10,10
7743,118,unweighted_fl,10,0.0995222929936305,0,28,None,66,1,5,False,10,10
7744,119,unweighted_fl,10,0.0995222929936305,0,28,None,66,1,5,False,10,10
7745,115,unweighted_fl,10,0.0995222929936305,0,32,None,66,1,5,False,10,10
7746,116,unweighted_fl,10,0.0995222929936305,0,32,None,66,1,5,False,10,10
7747,117,unweighted_fl,10,0.0995222929936305,0,32,None,66,1,5,False,10,10
7748,118,unweighted_fl,10,0.0995222929936305,0,32,None,66,1,5,False,10,10
7749,119,unweighted_fl,10,0.0995222929936305,0,32,None,66,1,5,False,10,10
7750,115,unweighted_fl,10,0.0995222929936305,0,31,None,66,1,5,False,10,10
7751,116,unweighted_fl,10,0.1794386942675159,0,31,None,66,1,5,False,10,10
7752,117,unweighted_fl,10,0.1389331210191083,0,31,None,66,1,5,False,10,10
7753,118,unweighted_fl,10,0.1572452229299363,0,31,None,66,1,5,False,10,10
7754,119,unweighted_fl,10,0.0995222929936305,0,31,None,66,1,5,False,10,10
7755,120,unweighted_fl,10,0.0995222929936305,0,1,None,66,1,5,False,10,10
7756,121,unweighted_fl,10,0.0995222929936305,0,1,None,66,1,5,False,10,10
7757,122,unweighted_fl,10,0.0995222929936305,0,1,None,66,1,5,False,10,10
7758,123,unweighted_fl,10,0.0995222929936305,0,1,None,66,1,5,False,10,10
7759,124,unweighted_fl,10,0.0995222929936305,0,1,None,66,1,5,False,10,10
7760,120,unweighted_fl,10,0.0995222929936305,0,0,None,66,1,5,False,10,10
7761,121,unweighted_fl,10,0.1104697452229299,0,0,None,66,1,5,False,10,10
7762,122,unweighted_fl,10,0.1813296178343949,0,0,None,66,1,5,False,10,10
7763,123,unweighted_fl,10,0.1888933121019108,0,0,None,66,1,5,False,10,10
7764,124,unweighted_fl,10,0.0995222929936305,0,0,None,66,1,5,False,10,10
7765,120,unweighted_fl,10,0.0995222929936305,0,3,None,66,1,5,False,10,10
7766,121,unweighted_fl,10,0.0995222929936305,0,3,None,66,1,5,False,10,10
7767,122,unweighted_fl,10,0.0995222929936305,0,3,None,66,1,5,False,10,10
7768,123,unweighted_fl,10,0.0995222929936305,0,3,None,66,1,5,False,10,10
7769,124,unweighted_fl,10,0.0995222929936305,0,3,None,66,1,5,False,10,10
7770,120,unweighted_fl,10,0.1807324840764331,0,2,None,66,1,5,False,10,10
7771,121,unweighted_fl,10,0.1631170382165605,0,2,None,66,1,5,False,10,10
7772,122,unweighted_fl,10,0.1316679936305732,0,2,None,66,1,5,False,10,10
7773,123,unweighted_fl,10,0.1019108280254777,0,2,None,66,1,5,False,10,10
7774,124,unweighted_fl,10,0.0995222929936305,0,2,None,66,1,5,False,10,10
7775,120,unweighted_fl,10,0.0995222929936305,0,4,None,66,1,5,False,10,10
7776,121,unweighted_fl,10,0.0995222929936305,0,4,None,66,1,5,False,10,10
7777,122,unweighted_fl,10,0.1558519108280254,0,4,None,66,1,5,False,10,10
7778,123,unweighted_fl,10,0.0995222929936305,0,4,None,66,1,5,False,10,10
7779,124,unweighted_fl,10,0.0995222929936305,0,4,None,66,1,5,False,10,10
7780,120,unweighted_fl,10,0.1793391719745223,0,6,None,66,1,5,False,10,10
7781,121,unweighted_fl,10,0.0995222929936305,0,6,None,66,1,5,False,10,10
7782,122,unweighted_fl,10,0.0995222929936305,0,6,None,66,1,5,False,10,10
7783,123,unweighted_fl,10,0.0995222929936305,0,6,None,66,1,5,False,10,10
7784,124,unweighted_fl,10,0.0995222929936305,0,6,None,66,1,5,False,10,10
7785,120,unweighted_fl,10,0.0995222929936305,0,5,None,66,1,5,False,10,10
7786,121,unweighted_fl,10,0.0995222929936305,0,5,None,66,1,5,False,10,10
7787,122,unweighted_fl,10,0.0995222929936305,0,5,None,66,1,5,False,10,10
7788,123,unweighted_fl,10,0.0995222929936305,0,5,None,66,1,5,False,10,10
7789,124,unweighted_fl,10,0.0995222929936305,0,5,None,66,1,5,False,10,10
7790,120,unweighted_fl,10,0.1571457006369426,0,7,None,66,1,5,False,10,10
7791,121,unweighted_fl,10,0.0995222929936305,0,7,None,66,1,5,False,10,10
7792,122,unweighted_fl,10,0.0995222929936305,0,7,None,66,1,5,False,10,10
7793,123,unweighted_fl,10,0.0995222929936305,0,7,None,66,1,5,False,10,10
7794,124,unweighted_fl,10,0.0995222929936305,0,7,None,66,1,5,False,10,10
7795,120,unweighted_fl,10,0.1645103503184713,0,8,None,66,1,5,False,10,10
7796,121,unweighted_fl,10,0.0995222929936305,0,8,None,66,1,5,False,10,10
7797,122,unweighted_fl,10,0.0995222929936305,0,8,None,66,1,5,False,10,10
7798,123,unweighted_fl,10,0.0995222929936305,0,8,None,66,1,5,False,10,10
7799,124,unweighted_fl,10,0.0995222929936305,0,8,None,66,1,5,False,10,10
7800,120,unweighted_fl,10,0.1800358280254777,0,9,None,66,1,5,False,10,10
7801,121,unweighted_fl,10,0.1423168789808917,0,9,None,66,1,5,False,10,10
7802,122,unweighted_fl,10,0.1905851910828025,0,9,None,66,1,5,False,10,10
7803,123,unweighted_fl,10,0.0995222929936305,0,9,None,66,1,5,False,10,10
7804,124,unweighted_fl,10,0.0995222929936305,0,9,None,66,1,5,False,10,10
7805,120,unweighted_fl,10,0.1519705414012739,0,10,None,66,1,5,False,10,10
7806,121,unweighted_fl,10,0.0995222929936305,0,10,None,66,1,5,False,10,10
7807,122,unweighted_fl,10,0.0995222929936305,0,10,None,66,1,5,False,10,10
7808,123,unweighted_fl,10,0.0995222929936305,0,10,None,66,1,5,False,10,10
7809,124,unweighted_fl,10,0.0995222929936305,0,10,None,66,1,5,False,10,10
7810,120,unweighted_fl,10,0.1611265923566879,0,11,None,66,1,5,False,10,10
7811,121,unweighted_fl,10,0.0995222929936305,0,11,None,66,1,5,False,10,10
7812,122,unweighted_fl,10,0.0995222929936305,0,11,None,66,1,5,False,10,10
7813,123,unweighted_fl,10,0.0995222929936305,0,11,None,66,1,5,False,10,10
7814,124,unweighted_fl,10,0.0995222929936305,0,11,None,66,1,5,False,10,10
7815,120,unweighted_fl,10,0.0995222929936305,0,12,None,66,1,5,False,10,10
7816,121,unweighted_fl,10,0.0995222929936305,0,12,None,66,1,5,False,10,10
7817,122,unweighted_fl,10,0.0995222929936305,0,12,None,66,1,5,False,10,10
7818,123,unweighted_fl,10,0.0995222929936305,0,12,None,66,1,5,False,10,10
7819,124,unweighted_fl,10,0.0995222929936305,0,12,None,66,1,5,False,10,10
7820,120,unweighted_fl,10,0.0995222929936305,0,14,None,66,1,5,False,10,10
7821,121,unweighted_fl,10,0.0995222929936305,0,14,None,66,1,5,False,10,10
7822,122,unweighted_fl,10,0.1067874203821656,0,14,None,66,1,5,False,10,10
7823,123,unweighted_fl,10,0.0995222929936305,0,14,None,66,1,5,False,10,10
7824,124,unweighted_fl,10,0.0995222929936305,0,14,None,66,1,5,False,10,10
7825,120,unweighted_fl,10,0.1458996815286624,0,15,None,66,1,5,False,10,10
7826,121,unweighted_fl,10,0.0995222929936305,0,15,None,66,1,5,False,10,10
7827,122,unweighted_fl,10,0.0995222929936305,0,15,None,66,1,5,False,10,10
7828,123,unweighted_fl,10,0.0995222929936305,0,15,None,66,1,5,False,10,10
7829,124,unweighted_fl,10,0.0995222929936305,0,15,None,66,1,5,False,10,10
7830,120,unweighted_fl,10,0.0995222929936305,0,13,None,66,1,5,False,10,10
7831,121,unweighted_fl,10,0.0995222929936305,0,13,None,66,1,5,False,10,10
7832,122,unweighted_fl,10,0.0995222929936305,0,13,None,66,1,5,False,10,10
7833,123,unweighted_fl,10,0.0995222929936305,0,13,None,66,1,5,False,10,10
7834,124,unweighted_fl,10,0.0995222929936305,0,13,None,66,1,5,False,10,10
7835,120,unweighted_fl,10,0.0995222929936305,0,16,None,66,1,5,False,10,10
7836,121,unweighted_fl,10,0.0995222929936305,0,16,None,66,1,5,False,10,10
7837,122,unweighted_fl,10,0.0995222929936305,0,16,None,66,1,5,False,10,10
7838,123,unweighted_fl,10,0.0995222929936305,0,16,None,66,1,5,False,10,10
7839,124,unweighted_fl,10,0.0995222929936305,0,16,None,66,1,5,False,10,10
7840,120,unweighted_fl,10,0.0995222929936305,0,17,None,66,1,5,False,10,10
7841,121,unweighted_fl,10,0.0995222929936305,0,17,None,66,1,5,False,10,10
7842,122,unweighted_fl,10,0.0995222929936305,0,17,None,66,1,5,False,10,10
7843,123,unweighted_fl,10,0.0995222929936305,0,17,None,66,1,5,False,10,10
7844,124,unweighted_fl,10,0.0995222929936305,0,17,None,66,1,5,False,10,10
7845,120,unweighted_fl,10,0.0995222929936305,0,18,None,66,1,5,False,10,10
7846,121,unweighted_fl,10,0.0995222929936305,0,18,None,66,1,5,False,10,10
7847,122,unweighted_fl,10,0.0995222929936305,0,18,None,66,1,5,False,10,10
7848,123,unweighted_fl,10,0.0995222929936305,0,18,None,66,1,5,False,10,10
7849,124,unweighted_fl,10,0.0995222929936305,0,18,None,66,1,5,False,10,10
7850,120,unweighted_fl,10,0.0996218152866242,0,20,None,66,1,5,False,10,10
7851,121,unweighted_fl,10,0.1679936305732484,0,20,None,66,1,5,False,10,10
7852,122,unweighted_fl,10,0.1171377388535031,0,20,None,66,1,5,False,10,10
7853,123,unweighted_fl,10,0.0995222929936305,0,20,None,66,1,5,False,10,10
7854,124,unweighted_fl,10,0.0995222929936305,0,20,None,66,1,5,False,10,10
7855,120,unweighted_fl,10,0.0995222929936305,0,21,None,66,1,5,False,10,10
7856,121,unweighted_fl,10,0.1723726114649681,0,21,None,66,1,5,False,10,10
7857,122,unweighted_fl,10,0.0995222929936305,0,21,None,66,1,5,False,10,10
7858,123,unweighted_fl,10,0.0995222929936305,0,21,None,66,1,5,False,10,10
7859,124,unweighted_fl,10,0.0995222929936305,0,21,None,66,1,5,False,10,10
7860,120,unweighted_fl,10,0.1409235668789809,0,19,None,66,1,5,False,10,10
7861,121,unweighted_fl,10,0.1584394904458598,0,19,None,66,1,5,False,10,10
7862,122,unweighted_fl,10,0.0995222929936305,0,19,None,66,1,5,False,10,10
7863,123,unweighted_fl,10,0.0995222929936305,0,19,None,66,1,5,False,10,10
7864,124,unweighted_fl,10,0.0995222929936305,0,19,None,66,1,5,False,10,10
7865,120,unweighted_fl,10,0.0995222929936305,0,22,None,66,1,5,False,10,10
7866,121,unweighted_fl,10,0.0995222929936305,0,22,None,66,1,5,False,10,10
7867,122,unweighted_fl,10,0.0995222929936305,0,22,None,66,1,5,False,10,10
7868,123,unweighted_fl,10,0.0995222929936305,0,22,None,66,1,5,False,10,10
7869,124,unweighted_fl,10,0.0995222929936305,0,22,None,66,1,5,False,10,10
7870,120,unweighted_fl,10,0.0995222929936305,0,23,None,66,1,5,False,10,10
7871,121,unweighted_fl,10,0.0995222929936305,0,23,None,66,1,5,False,10,10
7872,122,unweighted_fl,10,0.0995222929936305,0,23,None,66,1,5,False,10,10
7873,123,unweighted_fl,10,0.0995222929936305,0,23,None,66,1,5,False,10,10
7874,124,unweighted_fl,10,0.0995222929936305,0,23,None,66,1,5,False,10,10
7875,120,unweighted_fl,10,0.0995222929936305,0,24,None,66,1,5,False,10,10
7876,121,unweighted_fl,10,0.0995222929936305,0,24,None,66,1,5,False,10,10
7877,122,unweighted_fl,10,0.0995222929936305,0,24,None,66,1,5,False,10,10
7878,123,unweighted_fl,10,0.0995222929936305,0,24,None,66,1,5,False,10,10
7879,124,unweighted_fl,10,0.0995222929936305,0,24,None,66,1,5,False,10,10
7880,120,unweighted_fl,10,0.0995222929936305,0,25,None,66,1,5,False,10,10
7881,121,unweighted_fl,10,0.0995222929936305,0,25,None,66,1,5,False,10,10
7882,122,unweighted_fl,10,0.1012141719745222,0,25,None,66,1,5,False,10,10
7883,123,unweighted_fl,10,0.0995222929936305,0,25,None,66,1,5,False,10,10
7884,124,unweighted_fl,10,0.0995222929936305,0,25,None,66,1,5,False,10,10
7885,120,unweighted_fl,10,0.0995222929936305,0,27,None,66,1,5,False,10,10
7886,121,unweighted_fl,10,0.0995222929936305,0,27,None,66,1,5,False,10,10
7887,122,unweighted_fl,10,0.0995222929936305,0,27,None,66,1,5,False,10,10
7888,123,unweighted_fl,10,0.0995222929936305,0,27,None,66,1,5,False,10,10
7889,124,unweighted_fl,10,0.0995222929936305,0,27,None,66,1,5,False,10,10
7890,120,unweighted_fl,10,0.1300756369426751,0,26,None,66,1,5,False,10,10
7891,121,unweighted_fl,10,0.148686305732484,0,26,None,66,1,5,False,10,10
7892,122,unweighted_fl,10,0.0995222929936305,0,26,None,66,1,5,False,10,10
7893,123,unweighted_fl,10,0.0995222929936305,0,26,None,66,1,5,False,10,10
7894,124,unweighted_fl,10,0.0995222929936305,0,26,None,66,1,5,False,10,10
7895,120,unweighted_fl,10,0.0995222929936305,0,28,None,66,1,5,False,10,10
7896,121,unweighted_fl,10,0.0995222929936305,0,28,None,66,1,5,False,10,10
7897,122,unweighted_fl,10,0.0995222929936305,0,28,None,66,1,5,False,10,10
7898,123,unweighted_fl,10,0.0995222929936305,0,28,None,66,1,5,False,10,10
7899,124,unweighted_fl,10,0.0995222929936305,0,28,None,66,1,5,False,10,10
7900,120,unweighted_fl,10,0.0995222929936305,0,29,None,66,1,5,False,10,10
7901,121,unweighted_fl,10,0.0995222929936305,0,29,None,66,1,5,False,10,10
7902,122,unweighted_fl,10,0.0995222929936305,0,29,None,66,1,5,False,10,10
7903,123,unweighted_fl,10,0.0995222929936305,0,29,None,66,1,5,False,10,10
7904,124,unweighted_fl,10,0.0995222929936305,0,29,None,66,1,5,False,10,10
7905,120,unweighted_fl,10,0.1704816878980891,0,30,None,66,1,5,False,10,10
7906,121,unweighted_fl,10,0.1377388535031847,0,30,None,66,1,5,False,10,10
7907,122,unweighted_fl,10,0.0995222929936305,0,30,None,66,1,5,False,10,10
7908,123,unweighted_fl,10,0.0995222929936305,0,30,None,66,1,5,False,10,10
7909,124,unweighted_fl,10,0.0995222929936305,0,30,None,66,1,5,False,10,10
7910,120,unweighted_fl,10,0.0995222929936305,0,31,None,66,1,5,False,10,10
7911,121,unweighted_fl,10,0.1827229299363057,0,31,None,66,1,5,False,10,10
7912,122,unweighted_fl,10,0.1584394904458598,0,31,None,66,1,5,False,10,10
7913,123,unweighted_fl,10,0.1634156050955414,0,31,None,66,1,5,False,10,10
7914,124,unweighted_fl,10,0.0995222929936305,0,31,None,66,1,5,False,10,10
7915,120,unweighted_fl,10,0.0995222929936305,0,32,None,66,1,5,False,10,10
7916,121,unweighted_fl,10,0.0995222929936305,0,32,None,66,1,5,False,10,10
7917,122,unweighted_fl,10,0.0995222929936305,0,32,None,66,1,5,False,10,10
7918,123,unweighted_fl,10,0.0995222929936305,0,32,None,66,1,5,False,10,10
7919,124,unweighted_fl,10,0.0995222929936305,0,32,None,66,1,5,False,10,10
7920,125,unweighted_fl,10,0.0995222929936305,0,0,None,66,1,5,False,10,10
7921,126,unweighted_fl,10,0.1306727707006369,0,0,None,66,1,5,False,10,10
7922,127,unweighted_fl,10,0.181031050955414,0,0,None,66,1,5,False,10,10
7923,128,unweighted_fl,10,0.179140127388535,0,0,None,66,1,5,False,10,10
7924,129,unweighted_fl,10,0.0995222929936305,0,0,None,66,1,5,False,10,10
7925,125,unweighted_fl,10,0.0995222929936305,0,1,None,66,1,5,False,10,10
7926,126,unweighted_fl,10,0.0995222929936305,0,1,None,66,1,5,False,10,10
7927,127,unweighted_fl,10,0.0995222929936305,0,1,None,66,1,5,False,10,10
7928,128,unweighted_fl,10,0.0995222929936305,0,1,None,66,1,5,False,10,10
7929,129,unweighted_fl,10,0.0995222929936305,0,1,None,66,1,5,False,10,10
7930,125,unweighted_fl,10,0.1773487261146497,0,2,None,66,1,5,False,10,10
7931,126,unweighted_fl,10,0.1742635350318471,0,2,None,66,1,5,False,10,10
7932,127,unweighted_fl,10,0.151671974522293,0,2,None,66,1,5,False,10,10
7933,128,unweighted_fl,10,0.1293789808917197,0,2,None,66,1,5,False,10,10
7934,129,unweighted_fl,10,0.1083797770700636,0,2,None,66,1,5,False,10,10
7935,125,unweighted_fl,10,0.0995222929936305,0,4,None,66,1,5,False,10,10
7936,126,unweighted_fl,10,0.0995222929936305,0,4,None,66,1,5,False,10,10
7937,127,unweighted_fl,10,0.116640127388535,0,4,None,66,1,5,False,10,10
7938,128,unweighted_fl,10,0.0995222929936305,0,4,None,66,1,5,False,10,10
7939,129,unweighted_fl,10,0.0995222929936305,0,4,None,66,1,5,False,10,10
7940,125,unweighted_fl,10,0.0995222929936305,0,3,None,66,1,5,False,10,10
7941,126,unweighted_fl,10,0.0995222929936305,0,3,None,66,1,5,False,10,10
7942,127,unweighted_fl,10,0.0995222929936305,0,3,None,66,1,5,False,10,10
7943,128,unweighted_fl,10,0.0995222929936305,0,3,None,66,1,5,False,10,10
7944,129,unweighted_fl,10,0.0995222929936305,0,3,None,66,1,5,False,10,10
7945,125,unweighted_fl,10,0.0995222929936305,0,5,None,66,1,5,False,10,10
7946,126,unweighted_fl,10,0.0995222929936305,0,5,None,66,1,5,False,10,10
7947,127,unweighted_fl,10,0.0995222929936305,0,5,None,66,1,5,False,10,10
7948,128,unweighted_fl,10,0.0995222929936305,0,5,None,66,1,5,False,10,10
7949,129,unweighted_fl,10,0.0995222929936305,0,5,None,66,1,5,False,10,10
7950,125,unweighted_fl,10,0.1822253184713375,0,6,None,66,1,5,False,10,10
7951,126,unweighted_fl,10,0.0995222929936305,0,6,None,66,1,5,False,10,10
7952,127,unweighted_fl,10,0.0995222929936305,0,6,None,66,1,5,False,10,10
7953,128,unweighted_fl,10,0.0995222929936305,0,6,None,66,1,5,False,10,10
7954,129,unweighted_fl,10,0.0995222929936305,0,6,None,66,1,5,False,10,10
7955,125,unweighted_fl,10,0.1671974522292993,0,7,None,66,1,5,False,10,10
7956,126,unweighted_fl,10,0.1157444267515923,0,7,None,66,1,5,False,10,10
7957,127,unweighted_fl,10,0.0995222929936305,0,7,None,66,1,5,False,10,10
7958,128,unweighted_fl,10,0.0995222929936305,0,7,None,66,1,5,False,10,10
7959,129,unweighted_fl,10,0.0995222929936305,0,7,None,66,1,5,False,10,10
7960,125,unweighted_fl,10,0.1838176751592356,0,9,None,66,1,5,False,10,10
7961,126,unweighted_fl,10,0.1561504777070063,0,9,None,66,1,5,False,10,10
7962,127,unweighted_fl,10,0.1879976114649681,0,9,None,66,1,5,False,10,10
7963,128,unweighted_fl,10,0.0995222929936305,0,9,None,66,1,5,False,10,10
7964,129,unweighted_fl,10,0.0995222929936305,0,9,None,66,1,5,False,10,10
7965,125,unweighted_fl,10,0.1715764331210191,0,8,None,66,1,5,False,10,10
7966,126,unweighted_fl,10,0.1267914012738853,0,8,None,66,1,5,False,10,10
7967,127,unweighted_fl,10,0.0995222929936305,0,8,None,66,1,5,False,10,10
7968,128,unweighted_fl,10,0.0995222929936305,0,8,None,66,1,5,False,10,10
7969,129,unweighted_fl,10,0.0995222929936305,0,8,None,66,1,5,False,10,10
7970,125,unweighted_fl,10,0.160828025477707,0,10,None,66,1,5,False,10,10
7971,126,unweighted_fl,10,0.0995222929936305,0,10,None,66,1,5,False,10,10
7972,127,unweighted_fl,10,0.0995222929936305,0,10,None,66,1,5,False,10,10
7973,128,unweighted_fl,10,0.0995222929936305,0,10,None,66,1,5,False,10,10
7974,129,unweighted_fl,10,0.0995222929936305,0,10,None,66,1,5,False,10,10
7975,125,unweighted_fl,10,0.1068869426751592,0,12,None,66,1,5,False,10,10
7976,126,unweighted_fl,10,0.0995222929936305,0,12,None,66,1,5,False,10,10
7977,127,unweighted_fl,10,0.0995222929936305,0,12,None,66,1,5,False,10,10
7978,128,unweighted_fl,10,0.0995222929936305,0,12,None,66,1,5,False,10,10
7979,129,unweighted_fl,10,0.0995222929936305,0,12,None,66,1,5,False,10,10
7980,125,unweighted_fl,10,0.0995222929936305,0,13,None,66,1,5,False,10,10
7981,126,unweighted_fl,10,0.0995222929936305,0,13,None,66,1,5,False,10,10
7982,127,unweighted_fl,10,0.0995222929936305,0,13,None,66,1,5,False,10,10
7983,128,unweighted_fl,10,0.0995222929936305,0,13,None,66,1,5,False,10,10
7984,129,unweighted_fl,10,0.0995222929936305,0,13,None,66,1,5,False,10,10
7985,125,unweighted_fl,10,0.1595342356687898,0,11,None,66,1,5,False,10,10
7986,126,unweighted_fl,10,0.0995222929936305,0,11,None,66,1,5,False,10,10
7987,127,unweighted_fl,10,0.0995222929936305,0,11,None,66,1,5,False,10,10
7988,128,unweighted_fl,10,0.0995222929936305,0,11,None,66,1,5,False,10,10
7989,129,unweighted_fl,10,0.0995222929936305,0,11,None,66,1,5,False,10,10
7990,125,unweighted_fl,10,0.0995222929936305,0,14,None,66,1,5,False,10,10
7991,126,unweighted_fl,10,0.0995222929936305,0,14,None,66,1,5,False,10,10
7992,127,unweighted_fl,10,0.1588375796178344,0,14,None,66,1,5,False,10,10
7993,128,unweighted_fl,10,0.0995222929936305,0,14,None,66,1,5,False,10,10
7994,129,unweighted_fl,10,0.0995222929936305,0,14,None,66,1,5,False,10,10
7995,125,unweighted_fl,10,0.0995222929936305,0,16,None,66,1,5,False,10,10
7996,126,unweighted_fl,10,0.0995222929936305,0,16,None,66,1,5,False,10,10
7997,127,unweighted_fl,10,0.0995222929936305,0,16,None,66,1,5,False,10,10
7998,128,unweighted_fl,10,0.0995222929936305,0,16,None,66,1,5,False,10,10
7999,129,unweighted_fl,10,0.0995222929936305,0,16,None,66,1,5,False,10,10
8000,125,unweighted_fl,10,0.1559514331210191,0,15,None,66,1,5,False,10,10
8001,126,unweighted_fl,10,0.0995222929936305,0,15,None,66,1,5,False,10,10
8002,127,unweighted_fl,10,0.0995222929936305,0,15,None,66,1,5,False,10,10
8003,128,unweighted_fl,10,0.0995222929936305,0,15,None,66,1,5,False,10,10
8004,129,unweighted_fl,10,0.0995222929936305,0,15,None,66,1,5,False,10,10
8005,125,unweighted_fl,10,0.0995222929936305,0,17,None,66,1,5,False,10,10
8006,126,unweighted_fl,10,0.0995222929936305,0,17,None,66,1,5,False,10,10
8007,127,unweighted_fl,10,0.0995222929936305,0,17,None,66,1,5,False,10,10
8008,128,unweighted_fl,10,0.0995222929936305,0,17,None,66,1,5,False,10,10
8009,129,unweighted_fl,10,0.0995222929936305,0,17,None,66,1,5,False,10,10
8010,125,unweighted_fl,10,0.0995222929936305,0,18,None,66,1,5,False,10,10
8011,126,unweighted_fl,10,0.0995222929936305,0,18,None,66,1,5,False,10,10
8012,127,unweighted_fl,10,0.0995222929936305,0,18,None,66,1,5,False,10,10
8013,128,unweighted_fl,10,0.0995222929936305,0,18,None,66,1,5,False,10,10
8014,129,unweighted_fl,10,0.0995222929936305,0,18,None,66,1,5,False,10,10
8015,125,unweighted_fl,10,0.1242038216560509,0,19,None,66,1,5,False,10,10
8016,126,unweighted_fl,10,0.0995222929936305,0,19,None,66,1,5,False,10,10
8017,127,unweighted_fl,10,0.0995222929936305,0,19,None,66,1,5,False,10,10
8018,128,unweighted_fl,10,0.0995222929936305,0,19,None,66,1,5,False,10,10
8019,129,unweighted_fl,10,0.0995222929936305,0,19,None,66,1,5,False,10,10
8020,125,unweighted_fl,10,0.105593152866242,0,21,None,66,1,5,False,10,10
8021,126,unweighted_fl,10,0.1717754777070063,0,21,None,66,1,5,False,10,10
8022,127,unweighted_fl,10,0.0995222929936305,0,21,None,66,1,5,False,10,10
8023,128,unweighted_fl,10,0.0995222929936305,0,21,None,66,1,5,False,10,10
8024,129,unweighted_fl,10,0.0995222929936305,0,21,None,66,1,5,False,10,10
8025,125,unweighted_fl,10,0.1173367834394904,0,20,None,66,1,5,False,10,10
8026,126,unweighted_fl,10,0.1739649681528662,0,20,None,66,1,5,False,10,10
8027,127,unweighted_fl,10,0.1372412420382165,0,20,None,66,1,5,False,10,10
8028,128,unweighted_fl,10,0.1014132165605095,0,20,None,66,1,5,False,10,10
8029,129,unweighted_fl,10,0.0995222929936305,0,20,None,66,1,5,False,10,10
8030,125,unweighted_fl,10,0.0995222929936305,0,22,None,66,1,5,False,10,10
8031,126,unweighted_fl,10,0.0995222929936305,0,22,None,66,1,5,False,10,10
8032,127,unweighted_fl,10,0.0995222929936305,0,22,None,66,1,5,False,10,10
8033,128,unweighted_fl,10,0.0995222929936305,0,22,None,66,1,5,False,10,10
8034,129,unweighted_fl,10,0.0995222929936305,0,22,None,66,1,5,False,10,10
8035,125,unweighted_fl,10,0.0995222929936305,0,23,None,66,1,5,False,10,10
8036,126,unweighted_fl,10,0.0995222929936305,0,23,None,66,1,5,False,10,10
8037,127,unweighted_fl,10,0.0995222929936305,0,23,None,66,1,5,False,10,10
8038,128,unweighted_fl,10,0.0995222929936305,0,23,None,66,1,5,False,10,10
8039,129,unweighted_fl,10,0.0995222929936305,0,23,None,66,1,5,False,10,10
8040,125,unweighted_fl,10,0.0995222929936305,0,24,None,66,1,5,False,10,10
8041,126,unweighted_fl,10,0.0995222929936305,0,24,None,66,1,5,False,10,10
8042,127,unweighted_fl,10,0.0995222929936305,0,24,None,66,1,5,False,10,10
8043,128,unweighted_fl,10,0.0995222929936305,0,24,None,66,1,5,False,10,10
8044,129,unweighted_fl,10,0.0995222929936305,0,24,None,66,1,5,False,10,10
8045,125,unweighted_fl,10,0.141421178343949,0,26,None,66,1,5,False,10,10
8046,126,unweighted_fl,10,0.1604299363057325,0,26,None,66,1,5,False,10,10
8047,127,unweighted_fl,10,0.1117635350318471,0,26,None,66,1,5,False,10,10
8048,128,unweighted_fl,10,0.0995222929936305,0,26,None,66,1,5,False,10,10
8049,129,unweighted_fl,10,0.0995222929936305,0,26,None,66,1,5,False,10,10
8050,125,unweighted_fl,10,0.0995222929936305,0,25,None,66,1,5,False,10,10
8051,126,unweighted_fl,10,0.0995222929936305,0,25,None,66,1,5,False,10,10
8052,127,unweighted_fl,10,0.1103702229299363,0,25,None,66,1,5,False,10,10
8053,128,unweighted_fl,10,0.0995222929936305,0,25,None,66,1,5,False,10,10
8054,129,unweighted_fl,10,0.0995222929936305,0,25,None,66,1,5,False,10,10
8055,125,unweighted_fl,10,0.0995222929936305,0,27,None,66,1,5,False,10,10
8056,126,unweighted_fl,10,0.0995222929936305,0,27,None,66,1,5,False,10,10
8057,127,unweighted_fl,10,0.0995222929936305,0,27,None,66,1,5,False,10,10
8058,128,unweighted_fl,10,0.0995222929936305,0,27,None,66,1,5,False,10,10
8059,129,unweighted_fl,10,0.0995222929936305,0,27,None,66,1,5,False,10,10
8060,125,unweighted_fl,10,0.0995222929936305,0,29,None,66,1,5,False,10,10
8061,126,unweighted_fl,10,0.0995222929936305,0,29,None,66,1,5,False,10,10
8062,127,unweighted_fl,10,0.0995222929936305,0,29,None,66,1,5,False,10,10
8063,128,unweighted_fl,10,0.0995222929936305,0,29,None,66,1,5,False,10,10
8064,129,unweighted_fl,10,0.0995222929936305,0,29,None,66,1,5,False,10,10
8065,125,unweighted_fl,10,0.0995222929936305,0,28,None,66,1,5,False,10,10
8066,126,unweighted_fl,10,0.0995222929936305,0,28,None,66,1,5,False,10,10
8067,127,unweighted_fl,10,0.1031050955414012,0,28,None,66,1,5,False,10,10
8068,128,unweighted_fl,10,0.0995222929936305,0,28,None,66,1,5,False,10,10
8069,129,unweighted_fl,10,0.0995222929936305,0,28,None,66,1,5,False,10,10
8070,125,unweighted_fl,10,0.1833200636942675,0,30,None,66,1,5,False,10,10
8071,126,unweighted_fl,10,0.1392316878980891,0,30,None,66,1,5,False,10,10
8072,127,unweighted_fl,10,0.0995222929936305,0,30,None,66,1,5,False,10,10
8073,128,unweighted_fl,10,0.0995222929936305,0,30,None,66,1,5,False,10,10
8074,129,unweighted_fl,10,0.0995222929936305,0,30,None,66,1,5,False,10,10
8075,125,unweighted_fl,10,0.0995222929936305,0,32,None,66,1,5,False,10,10
8076,126,unweighted_fl,10,0.0995222929936305,0,32,None,66,1,5,False,10,10
8077,127,unweighted_fl,10,0.0995222929936305,0,32,None,66,1,5,False,10,10
8078,128,unweighted_fl,10,0.0995222929936305,0,32,None,66,1,5,False,10,10
8079,129,unweighted_fl,10,0.0995222929936305,0,32,None,66,1,5,False,10,10
8080,125,unweighted_fl,10,0.0995222929936305,0,31,None,66,1,5,False,10,10
8081,126,unweighted_fl,10,0.1836186305732484,0,31,None,66,1,5,False,10,10
8082,127,unweighted_fl,10,0.167296974522293,0,31,None,66,1,5,False,10,10
8083,128,unweighted_fl,10,0.1728702229299363,0,31,None,66,1,5,False,10,10
8084,129,unweighted_fl,10,0.0995222929936305,0,31,None,66,1,5,False,10,10
8415,130,unweighted_fl,10,0.0995222929936305,0,1,None,66,1,5,False,10,10
8416,131,unweighted_fl,10,0.0995222929936305,0,1,None,66,1,5,False,10,10
8417,132,unweighted_fl,10,0.0995222929936305,0,1,None,66,1,5,False,10,10
8418,133,unweighted_fl,10,0.0995222929936305,0,1,None,66,1,5,False,10,10
8419,134,unweighted_fl,10,0.0995222929936305,0,1,None,66,1,5,False,10,10
8420,130,unweighted_fl,10,0.0995222929936305,0,0,None,66,1,5,False,10,10
8421,131,unweighted_fl,10,0.1523686305732484,0,0,None,66,1,5,False,10,10
8422,132,unweighted_fl,10,0.181827229299363,0,0,None,66,1,5,False,10,10
8423,133,unweighted_fl,10,0.1774482484076433,0,0,None,66,1,5,False,10,10
8424,134,unweighted_fl,10,0.0995222929936305,0,0,None,66,1,5,False,10,10
8425,130,unweighted_fl,10,0.1796377388535031,0,2,None,66,1,5,False,10,10
8426,131,unweighted_fl,10,0.1800358280254777,0,2,None,66,1,5,False,10,10
8427,132,unweighted_fl,10,0.1633160828025477,0,2,None,66,1,5,False,10,10
8428,133,unweighted_fl,10,0.149781050955414,0,2,None,66,1,5,False,10,10
8429,134,unweighted_fl,10,0.1373407643312102,0,2,None,66,1,5,False,10,10
8430,130,unweighted_fl,10,0.0995222929936305,0,4,None,66,1,5,False,10,10
8431,131,unweighted_fl,10,0.0995222929936305,0,4,None,66,1,5,False,10,10
8432,132,unweighted_fl,10,0.1142515923566879,0,4,None,66,1,5,False,10,10
8433,133,unweighted_fl,10,0.0995222929936305,0,4,None,66,1,5,False,10,10
8434,134,unweighted_fl,10,0.0995222929936305,0,4,None,66,1,5,False,10,10
8435,130,unweighted_fl,10,0.0995222929936305,0,3,None,66,1,5,False,10,10
8436,131,unweighted_fl,10,0.0995222929936305,0,3,None,66,1,5,False,10,10
8437,132,unweighted_fl,10,0.0995222929936305,0,3,None,66,1,5,False,10,10
8438,133,unweighted_fl,10,0.0995222929936305,0,3,None,66,1,5,False,10,10
8439,134,unweighted_fl,10,0.0995222929936305,0,3,None,66,1,5,False,10,10
8440,130,unweighted_fl,10,0.0995222929936305,0,5,None,66,1,5,False,10,10
8441,131,unweighted_fl,10,0.0995222929936305,0,5,None,66,1,5,False,10,10
8442,132,unweighted_fl,10,0.0995222929936305,0,5,None,66,1,5,False,10,10
8443,133,unweighted_fl,10,0.0995222929936305,0,5,None,66,1,5,False,10,10
8444,134,unweighted_fl,10,0.0995222929936305,0,5,None,66,1,5,False,10,10
8445,130,unweighted_fl,10,0.1813296178343949,0,6,None,66,1,5,False,10,10
8446,131,unweighted_fl,10,0.0995222929936305,0,6,None,66,1,5,False,10,10
8447,132,unweighted_fl,10,0.0995222929936305,0,6,None,66,1,5,False,10,10
8448,133,unweighted_fl,10,0.0995222929936305,0,6,None,66,1,5,False,10,10
8449,134,unweighted_fl,10,0.0995222929936305,0,6,None,66,1,5,False,10,10
8450,130,unweighted_fl,10,0.167296974522293,0,7,None,66,1,5,False,10,10
8451,131,unweighted_fl,10,0.1306727707006369,0,7,None,66,1,5,False,10,10
8452,132,unweighted_fl,10,0.0997213375796178,0,7,None,66,1,5,False,10,10
8453,133,unweighted_fl,10,0.0995222929936305,0,7,None,66,1,5,False,10,10
8454,134,unweighted_fl,10,0.0995222929936305,0,7,None,66,1,5,False,10,10
8455,130,unweighted_fl,10,0.1811305732484076,0,8,None,66,1,5,False,10,10
8456,131,unweighted_fl,10,0.1595342356687898,0,8,None,66,1,5,False,10,10
8457,132,unweighted_fl,10,0.0995222929936305,0,8,None,66,1,5,False,10,10
8458,133,unweighted_fl,10,0.0995222929936305,0,8,None,66,1,5,False,10,10
8459,134,unweighted_fl,10,0.0995222929936305,0,8,None,66,1,5,False,10,10
8460,130,unweighted_fl,10,0.1843152866242038,0,9,None,66,1,5,False,10,10
8461,131,unweighted_fl,10,0.1830214968152866,0,9,None,66,1,5,False,10,10
8462,132,unweighted_fl,10,0.1875,0,9,None,66,1,5,False,10,10
8463,133,unweighted_fl,10,0.0995222929936305,0,9,None,66,1,5,False,10,10
8464,134,unweighted_fl,10,0.0995222929936305,0,9,None,66,1,5,False,10,10
8465,130,unweighted_fl,10,0.1737659235668789,0,10,None,66,1,5,False,10,10
8466,131,unweighted_fl,10,0.0995222929936305,0,10,None,66,1,5,False,10,10
8467,132,unweighted_fl,10,0.0995222929936305,0,10,None,66,1,5,False,10,10
8468,133,unweighted_fl,10,0.0995222929936305,0,10,None,66,1,5,False,10,10
8469,134,unweighted_fl,10,0.0995222929936305,0,10,None,66,1,5,False,10,10
8470,130,unweighted_fl,10,0.140625,0,12,None,66,1,5,False,10,10
8471,131,unweighted_fl,10,0.0995222929936305,0,12,None,66,1,5,False,10,10
8472,132,unweighted_fl,10,0.0995222929936305,0,12,None,66,1,5,False,10,10
8473,133,unweighted_fl,10,0.0995222929936305,0,12,None,66,1,5,False,10,10
8474,134,unweighted_fl,10,0.0995222929936305,0,12,None,66,1,5,False,10,10
8475,130,unweighted_fl,10,0.1690883757961783,0,11,None,66,1,5,False,10,10
8476,131,unweighted_fl,10,0.1135549363057324,0,11,None,66,1,5,False,10,10
8477,132,unweighted_fl,10,0.0995222929936305,0,11,None,66,1,5,False,10,10
8478,133,unweighted_fl,10,0.0995222929936305,0,11,None,66,1,5,False,10,10
8479,134,unweighted_fl,10,0.0995222929936305,0,11,None,66,1,5,False,10,10
8480,130,unweighted_fl,10,0.0995222929936305,0,13,None,66,1,5,False,10,10
8481,131,unweighted_fl,10,0.0995222929936305,0,13,None,66,1,5,False,10,10
8482,132,unweighted_fl,10,0.0995222929936305,0,13,None,66,1,5,False,10,10
8483,133,unweighted_fl,10,0.0995222929936305,0,13,None,66,1,5,False,10,10
8484,134,unweighted_fl,10,0.1012141719745222,0,13,None,66,1,5,False,10,10
8485,130,unweighted_fl,10,0.0995222929936305,0,14,None,66,1,5,False,10,10
8486,131,unweighted_fl,10,0.0995222929936305,0,14,None,66,1,5,False,10,10
8487,132,unweighted_fl,10,0.1835191082802547,0,14,None,66,1,5,False,10,10
8488,133,unweighted_fl,10,0.1533638535031847,0,14,None,66,1,5,False,10,10
8489,134,unweighted_fl,10,0.1016122611464968,0,14,None,66,1,5,False,10,10
8490,130,unweighted_fl,10,0.1681926751592356,0,15,None,66,1,5,False,10,10
8491,131,unweighted_fl,10,0.0995222929936305,0,15,None,66,1,5,False,10,10
8492,132,unweighted_fl,10,0.0995222929936305,0,15,None,66,1,5,False,10,10
8493,133,unweighted_fl,10,0.0995222929936305,0,15,None,66,1,5,False,10,10
8494,134,unweighted_fl,10,0.0995222929936305,0,15,None,66,1,5,False,10,10
8495,130,unweighted_fl,10,0.0995222929936305,0,16,None,66,1,5,False,10,10
8496,131,unweighted_fl,10,0.0995222929936305,0,16,None,66,1,5,False,10,10
8497,132,unweighted_fl,10,0.0995222929936305,0,16,None,66,1,5,False,10,10
8498,133,unweighted_fl,10,0.0995222929936305,0,16,None,66,1,5,False,10,10
8499,134,unweighted_fl,10,0.0995222929936305,0,16,None,66,1,5,False,10,10
8500,130,unweighted_fl,10,0.0995222929936305,0,17,None,66,1,5,False,10,10
8501,131,unweighted_fl,10,0.0995222929936305,0,17,None,66,1,5,False,10,10
8502,132,unweighted_fl,10,0.0995222929936305,0,17,None,66,1,5,False,10,10
8503,133,unweighted_fl,10,0.0995222929936305,0,17,None,66,1,5,False,10,10
8504,134,unweighted_fl,10,0.0995222929936305,0,17,None,66,1,5,False,10,10
8505,130,unweighted_fl,10,0.1657046178343949,0,19,None,66,1,5,False,10,10
8506,131,unweighted_fl,10,0.1846138535031847,0,19,None,66,1,5,False,10,10
8507,132,unweighted_fl,10,0.0995222929936305,0,19,None,66,1,5,False,10,10
8508,133,unweighted_fl,10,0.0995222929936305,0,19,None,66,1,5,False,10,10
8509,134,unweighted_fl,10,0.0995222929936305,0,19,None,66,1,5,False,10,10
8510,130,unweighted_fl,10,0.0995222929936305,0,18,None,66,1,5,False,10,10
8511,131,unweighted_fl,10,0.0995222929936305,0,18,None,66,1,5,False,10,10
8512,132,unweighted_fl,10,0.0995222929936305,0,18,None,66,1,5,False,10,10
8513,133,unweighted_fl,10,0.0995222929936305,0,18,None,66,1,5,False,10,10
8514,134,unweighted_fl,10,0.0995222929936305,0,18,None,66,1,5,False,10,10
8515,130,unweighted_fl,10,0.1083797770700636,0,20,None,66,1,5,False,10,10
8516,131,unweighted_fl,10,0.1841162420382165,0,20,None,66,1,5,False,10,10
8517,132,unweighted_fl,10,0.1567476114649681,0,20,None,66,1,5,False,10,10
8518,133,unweighted_fl,10,0.1313694267515923,0,20,None,66,1,5,False,10,10
8519,134,unweighted_fl,10,0.1065883757961783,0,20,None,66,1,5,False,10,10
8520,130,unweighted_fl,10,0.0995222929936305,0,22,None,66,1,5,False,10,10
8521,131,unweighted_fl,10,0.0995222929936305,0,22,None,66,1,5,False,10,10
8522,132,unweighted_fl,10,0.0995222929936305,0,22,None,66,1,5,False,10,10
8523,133,unweighted_fl,10,0.0995222929936305,0,22,None,66,1,5,False,10,10
8524,134,unweighted_fl,10,0.0996218152866242,0,22,None,66,1,5,False,10,10
8525,130,unweighted_fl,10,0.0995222929936305,0,23,None,66,1,5,False,10,10
8526,131,unweighted_fl,10,0.0995222929936305,0,23,None,66,1,5,False,10,10
8527,132,unweighted_fl,10,0.0995222929936305,0,23,None,66,1,5,False,10,10
8528,133,unweighted_fl,10,0.0995222929936305,0,23,None,66,1,5,False,10,10
8529,134,unweighted_fl,10,0.0995222929936305,0,23,None,66,1,5,False,10,10
8530,130,unweighted_fl,10,0.1012141719745222,0,21,None,66,1,5,False,10,10
8531,131,unweighted_fl,10,0.1830214968152866,0,21,None,66,1,5,False,10,10
8532,132,unweighted_fl,10,0.1287818471337579,0,21,None,66,1,5,False,10,10
8533,133,unweighted_fl,10,0.0995222929936305,0,21,None,66,1,5,False,10,10
8534,134,unweighted_fl,10,0.0995222929936305,0,21,None,66,1,5,False,10,10
8535,130,unweighted_fl,10,0.0995222929936305,0,24,None,66,1,5,False,10,10
8536,131,unweighted_fl,10,0.0995222929936305,0,24,None,66,1,5,False,10,10
8537,132,unweighted_fl,10,0.0995222929936305,0,24,None,66,1,5,False,10,10
8538,133,unweighted_fl,10,0.0995222929936305,0,24,None,66,1,5,False,10,10
8539,134,unweighted_fl,10,0.0995222929936305,0,24,None,66,1,5,False,10,10
8540,130,unweighted_fl,10,0.0995222929936305,0,25,None,66,1,5,False,10,10
8541,131,unweighted_fl,10,0.0995222929936305,0,25,None,66,1,5,False,10,10
8542,132,unweighted_fl,10,0.140625,0,25,None,66,1,5,False,10,10
8543,133,unweighted_fl,10,0.0995222929936305,0,25,None,66,1,5,False,10,10
8544,134,unweighted_fl,10,0.0995222929936305,0,25,None,66,1,5,False,10,10
8545,130,unweighted_fl,10,0.1347531847133758,0,26,None,66,1,5,False,10,10
8546,131,unweighted_fl,10,0.1749601910828025,0,26,None,66,1,5,False,10,10
8547,132,unweighted_fl,10,0.1425159235668789,0,26,None,66,1,5,False,10,10
8548,133,unweighted_fl,10,0.1094745222929936,0,26,None,66,1,5,False,10,10
8549,134,unweighted_fl,10,0.0995222929936305,0,26,None,66,1,5,False,10,10
8550,130,unweighted_fl,10,0.0995222929936305,0,27,None,66,1,5,False,10,10
8551,131,unweighted_fl,10,0.0995222929936305,0,27,None,66,1,5,False,10,10
8552,132,unweighted_fl,10,0.0995222929936305,0,27,None,66,1,5,False,10,10
8553,133,unweighted_fl,10,0.0995222929936305,0,27,None,66,1,5,False,10,10
8554,134,unweighted_fl,10,0.0995222929936305,0,27,None,66,1,5,False,10,10
8555,130,unweighted_fl,10,0.0995222929936305,0,28,None,66,1,5,False,10,10
8556,131,unweighted_fl,10,0.0995222929936305,0,28,None,66,1,5,False,10,10
8557,132,unweighted_fl,10,0.1324641719745223,0,28,None,66,1,5,False,10,10
8558,133,unweighted_fl,10,0.0995222929936305,0,28,None,66,1,5,False,10,10
8559,134,unweighted_fl,10,0.0995222929936305,0,28,None,66,1,5,False,10,10
8560,130,unweighted_fl,10,0.1840167197452229,0,30,None,66,1,5,False,10,10
8561,131,unweighted_fl,10,0.1539609872611465,0,30,None,66,1,5,False,10,10
8562,132,unweighted_fl,10,0.1165406050955414,0,30,None,66,1,5,False,10,10
8563,133,unweighted_fl,10,0.0995222929936305,0,30,None,66,1,5,False,10,10
8564,134,unweighted_fl,10,0.0995222929936305,0,30,None,66,1,5,False,10,10
8565,130,unweighted_fl,10,0.0995222929936305,0,29,None,66,1,5,False,10,10
8566,131,unweighted_fl,10,0.0995222929936305,0,29,None,66,1,5,False,10,10
8567,132,unweighted_fl,10,0.0995222929936305,0,29,None,66,1,5,False,10,10
8568,133,unweighted_fl,10,0.0995222929936305,0,29,None,66,1,5,False,10,10
8569,134,unweighted_fl,10,0.0995222929936305,0,29,None,66,1,5,False,10,10
8570,130,unweighted_fl,10,0.1068869426751592,0,31,None,66,1,5,False,10,10
8571,131,unweighted_fl,10,0.183718152866242,0,31,None,66,1,5,False,10,10
8572,132,unweighted_fl,10,0.1759554140127388,0,31,None,66,1,5,False,10,10
8573,133,unweighted_fl,10,0.1767515923566879,0,31,None,66,1,5,False,10,10
8574,134,unweighted_fl,10,0.1165406050955414,0,31,None,66,1,5,False,10,10
8575,130,unweighted_fl,10,0.0995222929936305,0,32,None,66,1,5,False,10,10
8576,131,unweighted_fl,10,0.0995222929936305,0,32,None,66,1,5,False,10,10
8577,132,unweighted_fl,10,0.0995222929936305,0,32,None,66,1,5,False,10,10
8578,133,unweighted_fl,10,0.0995222929936305,0,32,None,66,1,5,False,10,10
8579,134,unweighted_fl,10,0.0995222929936305,0,32,None,66,1,5,False,10,10
8580,135,unweighted_fl,10,0.1099721337579617,0,0,None,66,1,5,False,10,10
8581,136,unweighted_fl,10,0.1619227707006369,0,0,None,66,1,5,False,10,10
8582,137,unweighted_fl,10,0.1814291401273885,0,0,None,66,1,5,False,10,10
8583,138,unweighted_fl,10,0.1806329617834395,0,0,None,66,1,5,False,10,10
8584,139,unweighted_fl,10,0.0996218152866242,0,0,None,66,1,5,False,10,10
8585,135,unweighted_fl,10,0.1811305732484076,0,2,None,66,1,5,False,10,10
8586,136,unweighted_fl,10,0.1850119426751592,0,2,None,66,1,5,False,10,10
8587,137,unweighted_fl,10,0.1747611464968153,0,2,None,66,1,5,False,10,10
8588,138,unweighted_fl,10,0.1659036624203821,0,2,None,66,1,5,False,10,10
8589,139,unweighted_fl,10,0.1725716560509554,0,2,None,66,1,5,False,10,10
8590,135,unweighted_fl,10,0.0995222929936305,0,1,None,66,1,5,False,10,10
8591,136,unweighted_fl,10,0.0995222929936305,0,1,None,66,1,5,False,10,10
8592,137,unweighted_fl,10,0.0995222929936305,0,1,None,66,1,5,False,10,10
8593,138,unweighted_fl,10,0.0995222929936305,0,1,None,66,1,5,False,10,10
8594,139,unweighted_fl,10,0.0995222929936305,0,1,None,66,1,5,False,10,10
8595,135,unweighted_fl,10,0.0995222929936305,0,3,None,66,1,5,False,10,10
8596,136,unweighted_fl,10,0.1061902866242038,0,3,None,66,1,5,False,10,10
8597,137,unweighted_fl,10,0.0995222929936305,0,3,None,66,1,5,False,10,10
8598,138,unweighted_fl,10,0.0995222929936305,0,3,None,66,1,5,False,10,10
8599,139,unweighted_fl,10,0.0995222929936305,0,3,None,66,1,5,False,10,10
8600,135,unweighted_fl,10,0.0995222929936305,0,5,None,66,1,5,False,10,10
8601,136,unweighted_fl,10,0.1026074840764331,0,5,None,66,1,5,False,10,10
8602,137,unweighted_fl,10,0.0995222929936305,0,5,None,66,1,5,False,10,10
8603,138,unweighted_fl,10,0.0995222929936305,0,5,None,66,1,5,False,10,10
8604,139,unweighted_fl,10,0.1001194267515923,0,5,None,66,1,5,False,10,10
8605,135,unweighted_fl,10,0.0995222929936305,0,4,None,66,1,5,False,10,10
8606,136,unweighted_fl,10,0.0995222929936305,0,4,None,66,1,5,False,10,10
8607,137,unweighted_fl,10,0.1068869426751592,0,4,None,66,1,5,False,10,10
8608,138,unweighted_fl,10,0.0995222929936305,0,4,None,66,1,5,False,10,10
8609,139,unweighted_fl,10,0.0995222929936305,0,4,None,66,1,5,False,10,10
8610,135,unweighted_fl,10,0.1848128980891719,0,6,None,66,1,5,False,10,10
8611,136,unweighted_fl,10,0.0995222929936305,0,6,None,66,1,5,False,10,10
8612,137,unweighted_fl,10,0.0995222929936305,0,6,None,66,1,5,False,10,10
8613,138,unweighted_fl,10,0.0995222929936305,0,6,None,66,1,5,False,10,10
8614,139,unweighted_fl,10,0.0995222929936305,0,6,None,66,1,5,False,10,10
8615,135,unweighted_fl,10,0.1836186305732484,0,8,None,66,1,5,False,10,10
8616,136,unweighted_fl,10,0.1703821656050955,0,8,None,66,1,5,False,10,10
8617,137,unweighted_fl,10,0.1003184713375796,0,8,None,66,1,5,False,10,10
8618,138,unweighted_fl,10,0.0995222929936305,0,8,None,66,1,5,False,10,10
8619,139,unweighted_fl,10,0.0995222929936305,0,8,None,66,1,5,False,10,10
8620,135,unweighted_fl,10,0.1844148089171974,0,9,None,66,1,5,False,10,10
8621,136,unweighted_fl,10,0.2067078025477707,0,9,None,66,1,5,False,10,10
8622,137,unweighted_fl,10,0.1869028662420382,0,9,None,66,1,5,False,10,10
8623,138,unweighted_fl,10,0.0996218152866242,0,9,None,66,1,5,False,10,10
8624,139,unweighted_fl,10,0.0995222929936305,0,9,None,66,1,5,False,10,10
8625,135,unweighted_fl,10,0.1773487261146497,0,7,None,66,1,5,False,10,10
8626,136,unweighted_fl,10,0.1523686305732484,0,7,None,66,1,5,False,10,10
8627,137,unweighted_fl,10,0.1287818471337579,0,7,None,66,1,5,False,10,10
8628,138,unweighted_fl,10,0.1064888535031847,0,7,None,66,1,5,False,10,10
8629,139,unweighted_fl,10,0.1044984076433121,0,7,None,66,1,5,False,10,10
8630,135,unweighted_fl,10,0.1819267515923567,0,10,None,66,1,5,False,10,10
8631,136,unweighted_fl,10,0.0995222929936305,0,10,None,66,1,5,False,10,10
8632,137,unweighted_fl,10,0.0995222929936305,0,10,None,66,1,5,False,10,10
8633,138,unweighted_fl,10,0.0995222929936305,0,10,None,66,1,5,False,10,10
8634,139,unweighted_fl,10,0.0995222929936305,0,10,None,66,1,5,False,10,10
8635,135,unweighted_fl,10,0.1792396496815286,0,11,None,66,1,5,False,10,10
8636,136,unweighted_fl,10,0.1417197452229299,0,11,None,66,1,5,False,10,10
8637,137,unweighted_fl,10,0.1028065286624203,0,11,None,66,1,5,False,10,10
8638,138,unweighted_fl,10,0.0995222929936305,0,11,None,66,1,5,False,10,10
8639,139,unweighted_fl,10,0.0997213375796178,0,11,None,66,1,5,False,10,10
8640,135,unweighted_fl,10,0.1529657643312102,0,12,None,66,1,5,False,10,10
8641,136,unweighted_fl,10,0.0995222929936305,0,12,None,66,1,5,False,10,10
8642,137,unweighted_fl,10,0.0997213375796178,0,12,None,66,1,5,False,10,10
8643,138,unweighted_fl,10,0.1006170382165605,0,12,None,66,1,5,False,10,10
8644,139,unweighted_fl,10,0.1041998407643312,0,12,None,66,1,5,False,10,10
8645,135,unweighted_fl,10,0.0995222929936305,0,14,None,66,1,5,False,10,10
8646,136,unweighted_fl,10,0.0995222929936305,0,14,None,66,1,5,False,10,10
8647,137,unweighted_fl,10,0.1821257961783439,0,14,None,66,1,5,False,10,10
8648,138,unweighted_fl,10,0.175358280254777,0,14,None,66,1,5,False,10,10
8649,139,unweighted_fl,10,0.1522691082802547,0,14,None,66,1,5,False,10,10
8650,135,unweighted_fl,10,0.0995222929936305,0,13,None,66,1,5,False,10,10
8651,136,unweighted_fl,10,0.0995222929936305,0,13,None,66,1,5,False,10,10
8652,137,unweighted_fl,10,0.0995222929936305,0,13,None,66,1,5,False,10,10
8653,138,unweighted_fl,10,0.0995222929936305,0,13,None,66,1,5,False,10,10
8654,139,unweighted_fl,10,0.1072850318471337,0,13,None,66,1,5,False,10,10
8655,135,unweighted_fl,10,0.1770501592356688,0,15,None,66,1,5,False,10,10
8656,136,unweighted_fl,10,0.1153463375796178,0,15,None,66,1,5,False,10,10
8657,137,unweighted_fl,10,0.0995222929936305,0,15,None,66,1,5,False,10,10
8658,138,unweighted_fl,10,0.0995222929936305,0,15,None,66,1,5,False,10,10
8659,139,unweighted_fl,10,0.0995222929936305,0,15,None,66,1,5,False,10,10
8660,135,unweighted_fl,10,0.0995222929936305,0,17,None,66,1,5,False,10,10
8661,136,unweighted_fl,10,0.0995222929936305,0,17,None,66,1,5,False,10,10
8662,137,unweighted_fl,10,0.0995222929936305,0,17,None,66,1,5,False,10,10
8663,138,unweighted_fl,10,0.0995222929936305,0,17,None,66,1,5,False,10,10
8664,139,unweighted_fl,10,0.0995222929936305,0,17,None,66,1,5,False,10,10
8665,135,unweighted_fl,10,0.0995222929936305,0,18,None,66,1,5,False,10,10
8666,136,unweighted_fl,10,0.0995222929936305,0,18,None,66,1,5,False,10,10
8667,137,unweighted_fl,10,0.0995222929936305,0,18,None,66,1,5,False,10,10
8668,138,unweighted_fl,10,0.0995222929936305,0,18,None,66,1,5,False,10,10
8669,139,unweighted_fl,10,0.0995222929936305,0,18,None,66,1,5,False,10,10
8670,135,unweighted_fl,10,0.0995222929936305,0,16,None,66,1,5,False,10,10
8671,136,unweighted_fl,10,0.0995222929936305,0,16,None,66,1,5,False,10,10
8672,137,unweighted_fl,10,0.0995222929936305,0,16,None,66,1,5,False,10,10
8673,138,unweighted_fl,10,0.0995222929936305,0,16,None,66,1,5,False,10,10
8674,139,unweighted_fl,10,0.0995222929936305,0,16,None,66,1,5,False,10,10
8675,135,unweighted_fl,10,0.167296974522293,0,19,None,66,1,5,False,10,10
8676,136,unweighted_fl,10,0.2159633757961783,0,19,None,66,1,5,False,10,10
8677,137,unweighted_fl,10,0.0995222929936305,0,19,None,66,1,5,False,10,10
8678,138,unweighted_fl,10,0.0995222929936305,0,19,None,66,1,5,False,10,10
8679,139,unweighted_fl,10,0.1007165605095541,0,19,None,66,1,5,False,10,10
8680,135,unweighted_fl,10,0.1191281847133758,0,21,None,66,1,5,False,10,10
8681,136,unweighted_fl,10,0.1850119426751592,0,21,None,66,1,5,False,10,10
8682,137,unweighted_fl,10,0.1285828025477707,0,21,None,66,1,5,False,10,10
8683,138,unweighted_fl,10,0.0995222929936305,0,21,None,66,1,5,False,10,10
8684,139,unweighted_fl,10,0.0995222929936305,0,21,None,66,1,5,False,10,10
8685,135,unweighted_fl,10,0.1288813694267516,0,20,None,66,1,5,False,10,10
8686,136,unweighted_fl,10,0.1852109872611465,0,20,None,66,1,5,False,10,10
8687,137,unweighted_fl,10,0.1712778662420382,0,20,None,66,1,5,False,10,10
8688,138,unweighted_fl,10,0.1531648089171974,0,20,None,66,1,5,False,10,10
8689,139,unweighted_fl,10,0.1384355095541401,0,20,None,66,1,5,False,10,10
8690,135,unweighted_fl,10,0.0995222929936305,0,22,None,66,1,5,False,10,10
8691,136,unweighted_fl,10,0.0995222929936305,0,22,None,66,1,5,False,10,10
8692,137,unweighted_fl,10,0.0995222929936305,0,22,None,66,1,5,False,10,10
8693,138,unweighted_fl,10,0.1015127388535031,0,22,None,66,1,5,False,10,10
8694,139,unweighted_fl,10,0.1280851910828025,0,22,None,66,1,5,False,10,10
8695,135,unweighted_fl,10,0.0995222929936305,0,23,None,66,1,5,False,10,10
8696,136,unweighted_fl,10,0.0995222929936305,0,23,None,66,1,5,False,10,10
8697,137,unweighted_fl,10,0.0995222929936305,0,23,None,66,1,5,False,10,10
8698,138,unweighted_fl,10,0.0995222929936305,0,23,None,66,1,5,False,10,10
8699,139,unweighted_fl,10,0.0995222929936305,0,23,None,66,1,5,False,10,10
8700,135,unweighted_fl,10,0.0995222929936305,0,24,None,66,1,5,False,10,10
8701,136,unweighted_fl,10,0.0995222929936305,0,24,None,66,1,5,False,10,10
8702,137,unweighted_fl,10,0.0995222929936305,0,24,None,66,1,5,False,10,10
8703,138,unweighted_fl,10,0.0995222929936305,0,24,None,66,1,5,False,10,10
8704,139,unweighted_fl,10,0.0995222929936305,0,24,None,66,1,5,False,10,10
8705,135,unweighted_fl,10,0.1620222929936305,0,26,None,66,1,5,False,10,10
8706,136,unweighted_fl,10,0.1803343949044586,0,26,None,66,1,5,False,10,10
8707,137,unweighted_fl,10,0.158937101910828,0,26,None,66,1,5,False,10,10
8708,138,unweighted_fl,10,0.1404259554140127,0,26,None,66,1,5,False,10,10
8709,139,unweighted_fl,10,0.1223128980891719,0,26,None,66,1,5,False,10,10
8710,135,unweighted_fl,10,0.0995222929936305,0,25,None,66,1,5,False,10,10
8711,136,unweighted_fl,10,0.1033041401273885,0,25,None,66,1,5,False,10,10
8712,137,unweighted_fl,10,0.1451035031847133,0,25,None,66,1,5,False,10,10
8713,138,unweighted_fl,10,0.0995222929936305,0,25,None,66,1,5,False,10,10
8714,139,unweighted_fl,10,0.0995222929936305,0,25,None,66,1,5,False,10,10
8715,135,unweighted_fl,10,0.0995222929936305,0,27,None,66,1,5,False,10,10
8716,136,unweighted_fl,10,0.0995222929936305,0,27,None,66,1,5,False,10,10
8717,137,unweighted_fl,10,0.0995222929936305,0,27,None,66,1,5,False,10,10
8718,138,unweighted_fl,10,0.0995222929936305,0,27,None,66,1,5,False,10,10
8719,139,unweighted_fl,10,0.0995222929936305,0,27,None,66,1,5,False,10,10
8720,135,unweighted_fl,10,0.0995222929936305,0,28,None,66,1,5,False,10,10
8721,136,unweighted_fl,10,0.0995222929936305,0,28,None,66,1,5,False,10,10
8722,137,unweighted_fl,10,0.1451035031847133,0,28,None,66,1,5,False,10,10
8723,138,unweighted_fl,10,0.0995222929936305,0,28,None,66,1,5,False,10,10
8724,139,unweighted_fl,10,0.0995222929936305,0,28,None,66,1,5,False,10,10
8725,135,unweighted_fl,10,0.0995222929936305,0,29,None,66,1,5,False,10,10
8726,136,unweighted_fl,10,0.0995222929936305,0,29,None,66,1,5,False,10,10
8727,137,unweighted_fl,10,0.0995222929936305,0,29,None,66,1,5,False,10,10
8728,138,unweighted_fl,10,0.0995222929936305,0,29,None,66,1,5,False,10,10
8729,139,unweighted_fl,10,0.0995222929936305,0,29,None,66,1,5,False,10,10
8730,135,unweighted_fl,10,0.1317675159235669,0,31,None,66,1,5,False,10,10
8731,136,unweighted_fl,10,0.1844148089171974,0,31,None,66,1,5,False,10,10
8732,137,unweighted_fl,10,0.1828224522292993,0,31,None,66,1,5,False,10,10
8733,138,unweighted_fl,10,0.2009355095541401,0,31,None,66,1,5,False,10,10
8734,139,unweighted_fl,10,0.1396297770700637,0,31,None,66,1,5,False,10,10
8735,135,unweighted_fl,10,0.1739649681528662,0,30,None,66,1,5,False,10,10
8736,136,unweighted_fl,10,0.176453025477707,0,30,None,66,1,5,False,10,10
8737,137,unweighted_fl,10,0.1521695859872611,0,30,None,66,1,5,False,10,10
8738,138,unweighted_fl,10,0.1287818471337579,0,30,None,66,1,5,False,10,10
8739,139,unweighted_fl,10,0.1077826433121019,0,30,None,66,1,5,False,10,10
8740,135,unweighted_fl,10,0.0995222929936305,0,32,None,66,1,5,False,10,10
8741,136,unweighted_fl,10,0.0995222929936305,0,32,None,66,1,5,False,10,10
8742,137,unweighted_fl,10,0.0995222929936305,0,32,None,66,1,5,False,10,10
8743,138,unweighted_fl,10,0.0995222929936305,0,32,None,66,1,5,False,10,10
8744,139,unweighted_fl,10,0.0995222929936305,0,32,None,66,1,5,False,10,10
8745,140,unweighted_fl,10,0.15515525477707,0,31,None,66,1,5,False,10,10
8746,141,unweighted_fl,10,0.1840167197452229,0,31,None,66,1,5,False,10,10
8747,142,unweighted_fl,10,0.1859076433121019,0,31,None,66,1,5,False,10,10
8748,143,unweighted_fl,10,0.2276074840764331,0,31,None,66,1,5,False,10,10
8749,144,unweighted_fl,10,0.1632165605095541,0,31,None,66,1,5,False,10,10
8750,140,unweighted_fl,10,0.0995222929936305,0,32,None,66,1,5,False,10,10
8751,141,unweighted_fl,10,0.0995222929936305,0,32,None,66,1,5,False,10,10
8752,142,unweighted_fl,10,0.0995222929936305,0,32,None,66,1,5,False,10,10
8753,143,unweighted_fl,10,0.0995222929936305,0,32,None,66,1,5,False,10,10
8754,144,unweighted_fl,10,0.0995222929936305,0,32,None,66,1,5,False,10,10
8755,140,unweighted_fl,10,0.1809315286624203,0,30,None,66,1,5,False,10,10
8756,141,unweighted_fl,10,0.181827229299363,0,30,None,66,1,5,False,10,10
8757,142,unweighted_fl,10,0.1673964968152866,0,30,None,66,1,5,False,10,10
8758,143,unweighted_fl,10,0.1533638535031847,0,30,None,66,1,5,False,10,10
8759,144,unweighted_fl,10,0.1450039808917197,0,30,None,66,1,5,False,10,10
8760,140,unweighted_fl,10,0.1336584394904458,0,0,None,66,1,5,False,10,10
8761,141,unweighted_fl,10,0.1665007961783439,0,0,None,66,1,5,False,10,10
8762,142,unweighted_fl,10,0.1805334394904458,0,0,None,66,1,5,False,10,10
8763,143,unweighted_fl,10,0.1777468152866242,0,0,None,66,1,5,False,10,10
8764,144,unweighted_fl,10,0.1156449044585987,0,0,None,66,1,5,False,10,10
8765,140,unweighted_fl,10,0.1609275477707006,0,2,None,66,1,5,False,10,10
8766,141,unweighted_fl,10,0.1843152866242038,0,2,None,66,1,5,False,10,10
8767,142,unweighted_fl,10,0.1859076433121019,0,2,None,66,1,5,False,10,10
8768,143,unweighted_fl,10,0.1835191082802547,0,2,None,66,1,5,False,10,10
8769,144,unweighted_fl,10,0.2074044585987261,0,2,None,66,1,5,False,10,10
8770,140,unweighted_fl,10,0.0995222929936305,0,1,None,66,1,5,False,10,10
8771,141,unweighted_fl,10,0.0995222929936305,0,1,None,66,1,5,False,10,10
8772,142,unweighted_fl,10,0.0995222929936305,0,1,None,66,1,5,False,10,10
8773,143,unweighted_fl,10,0.0995222929936305,0,1,None,66,1,5,False,10,10
8774,144,unweighted_fl,10,0.0995222929936305,0,1,None,66,1,5,False,10,10
8775,140,unweighted_fl,10,0.0995222929936305,0,3,None,66,1,5,False,10,10
8776,141,unweighted_fl,10,0.12390525477707,0,3,None,66,1,5,False,10,10
8777,142,unweighted_fl,10,0.0995222929936305,0,3,None,66,1,5,False,10,10
8778,143,unweighted_fl,10,0.0995222929936305,0,3,None,66,1,5,False,10,10
8779,144,unweighted_fl,10,0.0995222929936305,0,3,None,66,1,5,False,10,10
8780,140,unweighted_fl,10,0.0995222929936305,0,5,None,66,1,5,False,10,10
8781,141,unweighted_fl,10,0.1327627388535031,0,5,None,66,1,5,False,10,10
8782,142,unweighted_fl,10,0.1016122611464968,0,5,None,66,1,5,False,10,10
8783,143,unweighted_fl,10,0.1226114649681528,0,5,None,66,1,5,False,10,10
8784,144,unweighted_fl,10,0.1424164012738853,0,5,None,66,1,5,False,10,10
8785,140,unweighted_fl,10,0.1852109872611465,0,6,None,66,1,5,False,10,10
8786,141,unweighted_fl,10,0.1040007961783439,0,6,None,66,1,5,False,10,10
8787,142,unweighted_fl,10,0.0995222929936305,0,6,None,66,1,5,False,10,10
8788,143,unweighted_fl,10,0.0995222929936305,0,6,None,66,1,5,False,10,10
8789,144,unweighted_fl,10,0.0995222929936305,0,6,None,66,1,5,False,10,10
8790,140,unweighted_fl,10,0.0995222929936305,0,4,None,66,1,5,False,10,10
8791,141,unweighted_fl,10,0.0995222929936305,0,4,None,66,1,5,False,10,10
8792,142,unweighted_fl,10,0.1030055732484076,0,4,None,66,1,5,False,10,10
8793,143,unweighted_fl,10,0.1014132165605095,0,4,None,66,1,5,False,10,10
8794,144,unweighted_fl,10,0.0995222929936305,0,4,None,66,1,5,False,10,10
8795,140,unweighted_fl,10,0.1860071656050955,0,7,None,66,1,5,False,10,10
8796,141,unweighted_fl,10,0.1716759554140127,0,7,None,66,1,5,False,10,10
8797,142,unweighted_fl,10,0.1564490445859872,0,7,None,66,1,5,False,10,10
8798,143,unweighted_fl,10,0.1628184713375796,0,7,None,66,1,5,False,10,10
8799,144,unweighted_fl,10,0.1716759554140127,0,7,None,66,1,5,False,10,10
8800,140,unweighted_fl,10,0.18640525477707,0,8,None,66,1,5,False,10,10
8801,141,unweighted_fl,10,0.1733678343949044,0,8,None,66,1,5,False,10,10
8802,142,unweighted_fl,10,0.1476910828025477,0,8,None,66,1,5,False,10,10
8803,143,unweighted_fl,10,0.1011146496815286,0,8,None,66,1,5,False,10,10
8804,144,unweighted_fl,10,0.0995222929936305,0,8,None,66,1,5,False,10,10
8805,140,unweighted_fl,10,0.1846138535031847,0,9,None,66,1,5,False,10,10
8806,141,unweighted_fl,10,0.211186305732484,0,9,None,66,1,5,False,10,10
8807,142,unweighted_fl,10,0.1846138535031847,0,9,None,66,1,5,False,10,10
8808,143,unweighted_fl,10,0.1179339171974522,0,9,None,66,1,5,False,10,10
8809,144,unweighted_fl,10,0.0995222929936305,0,9,None,66,1,5,False,10,10
8810,140,unweighted_fl,10,0.1854100318471337,0,11,None,66,1,5,False,10,10
8811,141,unweighted_fl,10,0.1611265923566879,0,11,None,66,1,5,False,10,10
8812,142,unweighted_fl,10,0.1384355095541401,0,11,None,66,1,5,False,10,10
8813,143,unweighted_fl,10,0.1094745222929936,0,11,None,66,1,5,False,10,10
8814,144,unweighted_fl,10,0.1299761146496815,0,11,None,66,1,5,False,10,10
8815,140,unweighted_fl,10,0.1734673566878981,0,12,None,66,1,5,False,10,10
8816,141,unweighted_fl,10,0.1585390127388535,0,12,None,66,1,5,False,10,10
8817,142,unweighted_fl,10,0.1640127388535031,0,12,None,66,1,5,False,10,10
8818,143,unweighted_fl,10,0.1689888535031847,0,12,None,66,1,5,False,10,10
8819,144,unweighted_fl,10,0.1747611464968153,0,12,None,66,1,5,False,10,10
8820,140,unweighted_fl,10,0.1970541401273885,0,10,None,66,1,5,False,10,10
8821,141,unweighted_fl,10,0.0995222929936305,0,10,None,66,1,5,False,10,10
8822,142,unweighted_fl,10,0.0995222929936305,0,10,None,66,1,5,False,10,10
8823,143,unweighted_fl,10,0.0995222929936305,0,10,None,66,1,5,False,10,10
8824,144,unweighted_fl,10,0.0995222929936305,0,10,None,66,1,5,False,10,10
8825,140,unweighted_fl,10,0.0995222929936305,0,13,None,66,1,5,False,10,10
8826,141,unweighted_fl,10,0.0995222929936305,0,13,None,66,1,5,False,10,10
8827,142,unweighted_fl,10,0.0995222929936305,0,13,None,66,1,5,False,10,10
8828,143,unweighted_fl,10,0.0995222929936305,0,13,None,66,1,5,False,10,10
8829,144,unweighted_fl,10,0.1138535031847133,0,13,None,66,1,5,False,10,10
8830,140,unweighted_fl,10,0.1847133757961783,0,15,None,66,1,5,False,10,10
8831,141,unweighted_fl,10,0.145999203821656,0,15,None,66,1,5,False,10,10
8832,142,unweighted_fl,10,0.1047969745222929,0,15,None,66,1,5,False,10,10
8833,143,unweighted_fl,10,0.0995222929936305,0,15,None,66,1,5,False,10,10
8834,144,unweighted_fl,10,0.0995222929936305,0,15,None,66,1,5,False,10,10
8835,140,unweighted_fl,10,0.0995222929936305,0,16,None,66,1,5,False,10,10
8836,141,unweighted_fl,10,0.0995222929936305,0,16,None,66,1,5,False,10,10
8837,142,unweighted_fl,10,0.0995222929936305,0,16,None,66,1,5,False,10,10
8838,143,unweighted_fl,10,0.0995222929936305,0,16,None,66,1,5,False,10,10
8839,144,unweighted_fl,10,0.0995222929936305,0,16,None,66,1,5,False,10,10
8840,140,unweighted_fl,10,0.0995222929936305,0,14,None,66,1,5,False,10,10
8841,141,unweighted_fl,10,0.1131568471337579,0,14,None,66,1,5,False,10,10
8842,142,unweighted_fl,10,0.169984076433121,0,14,None,66,1,5,False,10,10
8843,143,unweighted_fl,10,0.1820262738853503,0,14,None,66,1,5,False,10,10
8844,144,unweighted_fl,10,0.1831210191082802,0,14,None,66,1,5,False,10,10
8845,140,unweighted_fl,10,0.0995222929936305,0,17,None,66,1,5,False,10,10
8846,141,unweighted_fl,10,0.0995222929936305,0,17,None,66,1,5,False,10,10
8847,142,unweighted_fl,10,0.0995222929936305,0,17,None,66,1,5,False,10,10
8848,143,unweighted_fl,10,0.0995222929936305,0,17,None,66,1,5,False,10,10
8849,144,unweighted_fl,10,0.0995222929936305,0,17,None,66,1,5,False,10,10
8850,140,unweighted_fl,10,0.1669984076433121,0,19,None,66,1,5,False,10,10
8851,141,unweighted_fl,10,0.2206409235668789,0,19,None,66,1,5,False,10,10
8852,142,unweighted_fl,10,0.1026074840764331,0,19,None,66,1,5,False,10,10
8853,143,unweighted_fl,10,0.1329617834394904,0,19,None,66,1,5,False,10,10
8854,144,unweighted_fl,10,0.1511743630573248,0,19,None,66,1,5,False,10,10
8855,140,unweighted_fl,10,0.0995222929936305,0,18,None,66,1,5,False,10,10
8856,141,unweighted_fl,10,0.0995222929936305,0,18,None,66,1,5,False,10,10
8857,142,unweighted_fl,10,0.0995222929936305,0,18,None,66,1,5,False,10,10
8858,143,unweighted_fl,10,0.0995222929936305,0,18,None,66,1,5,False,10,10
8859,144,unweighted_fl,10,0.0995222929936305,0,18,None,66,1,5,False,10,10
8860,140,unweighted_fl,10,0.1424164012738853,0,20,None,66,1,5,False,10,10
8861,141,unweighted_fl,10,0.1855095541401273,0,20,None,66,1,5,False,10,10
8862,142,unweighted_fl,10,0.1816281847133758,0,20,None,66,1,5,False,10,10
8863,143,unweighted_fl,10,0.1717754777070063,0,20,None,66,1,5,False,10,10
8864,144,unweighted_fl,10,0.1618232484076433,0,20,None,66,1,5,False,10,10
8865,140,unweighted_fl,10,0.0995222929936305,0,22,None,66,1,5,False,10,10
8866,141,unweighted_fl,10,0.0995222929936305,0,22,None,66,1,5,False,10,10
8867,142,unweighted_fl,10,0.0995222929936305,0,22,None,66,1,5,False,10,10
8868,143,unweighted_fl,10,0.1048964968152866,0,22,None,66,1,5,False,10,10
8869,144,unweighted_fl,10,0.128483280254777,0,22,None,66,1,5,False,10,10
8870,140,unweighted_fl,10,0.0995222929936305,0,23,None,66,1,5,False,10,10
8871,141,unweighted_fl,10,0.0995222929936305,0,23,None,66,1,5,False,10,10
8872,142,unweighted_fl,10,0.0995222929936305,0,23,None,66,1,5,False,10,10
8873,143,unweighted_fl,10,0.0995222929936305,0,23,None,66,1,5,False,10,10
8874,144,unweighted_fl,10,0.0995222929936305,0,23,None,66,1,5,False,10,10
8875,140,unweighted_fl,10,0.1482882165605095,0,21,None,66,1,5,False,10,10
8876,141,unweighted_fl,10,0.1848128980891719,0,21,None,66,1,5,False,10,10
8877,142,unweighted_fl,10,0.1526671974522293,0,21,None,66,1,5,False,10,10
8878,143,unweighted_fl,10,0.0995222929936305,0,21,None,66,1,5,False,10,10
8879,144,unweighted_fl,10,0.0995222929936305,0,21,None,66,1,5,False,10,10
8880,140,unweighted_fl,10,0.0995222929936305,0,24,None,66,1,5,False,10,10
8881,141,unweighted_fl,10,0.0995222929936305,0,24,None,66,1,5,False,10,10
8882,142,unweighted_fl,10,0.0995222929936305,0,24,None,66,1,5,False,10,10
8883,143,unweighted_fl,10,0.0995222929936305,0,24,None,66,1,5,False,10,10
8884,144,unweighted_fl,10,0.0995222929936305,0,24,None,66,1,5,False,10,10
8885,140,unweighted_fl,10,0.1615246815286624,0,26,None,66,1,5,False,10,10
8886,141,unweighted_fl,10,0.1855095541401273,0,26,None,66,1,5,False,10,10
8887,142,unweighted_fl,10,0.1763535031847133,0,26,None,66,1,5,False,10,10
8888,143,unweighted_fl,10,0.1652070063694267,0,26,None,66,1,5,False,10,10
8889,144,unweighted_fl,10,0.1566480891719745,0,26,None,66,1,5,False,10,10
8890,140,unweighted_fl,10,0.0995222929936305,0,27,None,66,1,5,False,10,10
8891,141,unweighted_fl,10,0.0995222929936305,0,27,None,66,1,5,False,10,10
8892,142,unweighted_fl,10,0.0995222929936305,0,27,None,66,1,5,False,10,10
8893,143,unweighted_fl,10,0.0995222929936305,0,27,None,66,1,5,False,10,10
8894,144,unweighted_fl,10,0.0995222929936305,0,27,None,66,1,5,False,10,10
8895,140,unweighted_fl,10,0.0995222929936305,0,25,None,66,1,5,False,10,10
8896,141,unweighted_fl,10,0.1144506369426751,0,25,None,66,1,5,False,10,10
8897,142,unweighted_fl,10,0.1448049363057325,0,25,None,66,1,5,False,10,10
8898,143,unweighted_fl,10,0.0995222929936305,0,25,None,66,1,5,False,10,10
8899,144,unweighted_fl,10,0.0995222929936305,0,25,None,66,1,5,False,10,10
8900,140,unweighted_fl,10,0.0995222929936305,0,28,None,66,1,5,False,10,10
8901,141,unweighted_fl,10,0.0995222929936305,0,28,None,66,1,5,False,10,10
8902,142,unweighted_fl,10,0.1270899681528662,0,28,None,66,1,5,False,10,10
8903,143,unweighted_fl,10,0.1045979299363057,0,28,None,66,1,5,False,10,10
8904,144,unweighted_fl,10,0.0995222929936305,0,28,None,66,1,5,False,10,10
8905,140,unweighted_fl,10,0.0995222929936305,0,29,None,66,1,5,False,10,10
8906,141,unweighted_fl,10,0.0995222929936305,0,29,None,66,1,5,False,10,10
8907,142,unweighted_fl,10,0.0995222929936305,0,29,None,66,1,5,False,10,10
8908,143,unweighted_fl,10,0.0995222929936305,0,29,None,66,1,5,False,10,10
8909,144,unweighted_fl,10,0.0995222929936305,0,29,None,66,1,5,False,10,10
8910,145,unweighted_fl,10,0.1344546178343949,0,0,None,66,1,5,False,10,10
8911,146,unweighted_fl,10,0.1586385350318471,0,0,None,66,1,5,False,10,10
8912,147,unweighted_fl,10,0.1738654458598726,0,0,None,66,1,5,False,10,10
8913,148,unweighted_fl,10,0.1670979299363057,0,0,None,66,1,5,False,10,10
8914,149,unweighted_fl,10,0.1275875796178344,0,0,None,66,1,5,False,10,10
8915,145,unweighted_fl,10,0.1534633757961783,0,2,None,66,1,5,False,10,10
8916,146,unweighted_fl,10,0.1783439490445859,0,2,None,66,1,5,False,10,10
8917,147,unweighted_fl,10,0.1842157643312102,0,2,None,66,1,5,False,10,10
8918,148,unweighted_fl,10,0.213077229299363,0,2,None,66,1,5,False,10,10
8919,149,unweighted_fl,10,0.1991441082802547,0,2,None,66,1,5,False,10,10
8920,145,unweighted_fl,10,0.0995222929936305,0,1,None,66,1,5,False,10,10
8921,146,unweighted_fl,10,0.0995222929936305,0,1,None,66,1,5,False,10,10
8922,147,unweighted_fl,10,0.0995222929936305,0,1,None,66,1,5,False,10,10
8923,148,unweighted_fl,10,0.0995222929936305,0,1,None,66,1,5,False,10,10
8924,149,unweighted_fl,10,0.0995222929936305,0,1,None,66,1,5,False,10,10
8925,145,unweighted_fl,10,0.0995222929936305,0,3,None,66,1,5,False,10,10
8926,146,unweighted_fl,10,0.1223128980891719,0,3,None,66,1,5,False,10,10
8927,147,unweighted_fl,10,0.0995222929936305,0,3,None,66,1,5,False,10,10
8928,148,unweighted_fl,10,0.0995222929936305,0,3,None,66,1,5,False,10,10
8929,149,unweighted_fl,10,0.0995222929936305,0,3,None,66,1,5,False,10,10
8930,145,unweighted_fl,10,0.0995222929936305,0,4,None,66,1,5,False,10,10
8931,146,unweighted_fl,10,0.0995222929936305,0,4,None,66,1,5,False,10,10
8932,147,unweighted_fl,10,0.1027070063694267,0,4,None,66,1,5,False,10,10
8933,148,unweighted_fl,10,0.1355493630573248,0,4,None,66,1,5,False,10,10
8934,149,unweighted_fl,10,0.0995222929936305,0,4,None,66,1,5,False,10,10
8935,145,unweighted_fl,10,0.0995222929936305,0,5,None,66,1,5,False,10,10
8936,146,unweighted_fl,10,0.1434116242038216,0,5,None,66,1,5,False,10,10
8937,147,unweighted_fl,10,0.1490843949044586,0,5,None,66,1,5,False,10,10
8938,148,unweighted_fl,10,0.1463972929936305,0,5,None,66,1,5,False,10,10
8939,149,unweighted_fl,10,0.1250995222929936,0,5,None,66,1,5,False,10,10
8940,145,unweighted_fl,10,0.1848128980891719,0,7,None,66,1,5,False,10,10
8941,146,unweighted_fl,10,0.1866042993630573,0,7,None,66,1,5,False,10,10
8942,147,unweighted_fl,10,0.1847133757961783,0,7,None,66,1,5,False,10,10
8943,148,unweighted_fl,10,0.1987460191082802,0,7,None,66,1,5,False,10,10
8944,149,unweighted_fl,10,0.1900875796178344,0,7,None,66,1,5,False,10,10
8945,145,unweighted_fl,10,0.181031050955414,0,6,None,66,1,5,False,10,10
8946,146,unweighted_fl,10,0.1566480891719745,0,6,None,66,1,5,False,10,10
8947,147,unweighted_fl,10,0.1100716560509554,0,6,None,66,1,5,False,10,10
8948,148,unweighted_fl,10,0.0995222929936305,0,6,None,66,1,5,False,10,10
8949,149,unweighted_fl,10,0.0995222929936305,0,6,None,66,1,5,False,10,10
8950,145,unweighted_fl,10,0.185609076433121,0,8,None,66,1,5,False,10,10
8951,146,unweighted_fl,10,0.1677945859872611,0,8,None,66,1,5,False,10,10
8952,147,unweighted_fl,10,0.1709792993630573,0,8,None,66,1,5,False,10,10
8953,148,unweighted_fl,10,0.1559514331210191,0,8,None,66,1,5,False,10,10
8954,149,unweighted_fl,10,0.1389331210191083,0,8,None,66,1,5,False,10,10
8955,145,unweighted_fl,10,0.190983280254777,0,10,None,66,1,5,False,10,10
8956,146,unweighted_fl,10,0.0995222929936305,0,10,None,66,1,5,False,10,10
8957,147,unweighted_fl,10,0.0995222929936305,0,10,None,66,1,5,False,10,10
8958,148,unweighted_fl,10,0.0995222929936305,0,10,None,66,1,5,False,10,10
8959,149,unweighted_fl,10,0.0995222929936305,0,10,None,66,1,5,False,10,10
8960,145,unweighted_fl,10,0.1786425159235669,0,9,None,66,1,5,False,10,10
8961,146,unweighted_fl,10,0.1989450636942675,0,9,None,66,1,5,False,10,10
8962,147,unweighted_fl,10,0.1751592356687898,0,9,None,66,1,5,False,10,10
8963,148,unweighted_fl,10,0.1250995222929936,0,9,None,66,1,5,False,10,10
8964,149,unweighted_fl,10,0.0995222929936305,0,9,None,66,1,5,False,10,10
8965,145,unweighted_fl,10,0.1860071656050955,0,11,None,66,1,5,False,10,10
8966,146,unweighted_fl,10,0.1802348726114649,0,11,None,66,1,5,False,10,10
8967,147,unweighted_fl,10,0.1668988853503184,0,11,None,66,1,5,False,10,10
8968,148,unweighted_fl,10,0.1634156050955414,0,11,None,66,1,5,False,10,10
8969,149,unweighted_fl,10,0.1741640127388535,0,11,None,66,1,5,False,10,10
8970,145,unweighted_fl,10,0.0995222929936305,0,13,None,66,1,5,False,10,10
8971,146,unweighted_fl,10,0.101015127388535,0,13,None,66,1,5,False,10,10
8972,147,unweighted_fl,10,0.1111664012738853,0,13,None,66,1,5,False,10,10
8973,148,unweighted_fl,10,0.1245023885350318,0,13,None,66,1,5,False,10,10
8974,149,unweighted_fl,10,0.1215167197452229,0,13,None,66,1,5,False,10,10
8975,145,unweighted_fl,10,0.0995222929936305,0,14,None,66,1,5,False,10,10
8976,146,unweighted_fl,10,0.1265923566878981,0,14,None,66,1,5,False,10,10
8977,147,unweighted_fl,10,0.1569466560509554,0,14,None,66,1,5,False,10,10
8978,148,unweighted_fl,10,0.1670979299363057,0,14,None,66,1,5,False,10,10
8979,149,unweighted_fl,10,0.1714769108280254,0,14,None,66,1,5,False,10,10
8980,145,unweighted_fl,10,0.1854100318471337,0,12,None,66,1,5,False,10,10
8981,146,unweighted_fl,10,0.1862062101910828,0,12,None,66,1,5,False,10,10
8982,147,unweighted_fl,10,0.1877985668789809,0,12,None,66,1,5,False,10,10
8983,148,unweighted_fl,10,0.1891918789808917,0,12,None,66,1,5,False,10,10
8984,149,unweighted_fl,10,0.1903861464968153,0,12,None,66,1,5,False,10,10
8985,145,unweighted_fl,10,0.1859076433121019,0,15,None,66,1,5,False,10,10
8986,146,unweighted_fl,10,0.171875,0,15,None,66,1,5,False,10,10
8987,147,unweighted_fl,10,0.149781050955414,0,15,None,66,1,5,False,10,10
8988,148,unweighted_fl,10,0.1291799363057325,0,15,None,66,1,5,False,10,10
8989,149,unweighted_fl,10,0.1105692675159235,0,15,None,66,1,5,False,10,10
8990,145,unweighted_fl,10,0.0995222929936305,0,17,None,66,1,5,False,10,10
8991,146,unweighted_fl,10,0.0995222929936305,0,17,None,66,1,5,False,10,10
8992,147,unweighted_fl,10,0.0995222929936305,0,17,None,66,1,5,False,10,10
8993,148,unweighted_fl,10,0.0995222929936305,0,17,None,66,1,5,False,10,10
8994,149,unweighted_fl,10,0.0995222929936305,0,17,None,66,1,5,False,10,10
8995,145,unweighted_fl,10,0.0995222929936305,0,16,None,66,1,5,False,10,10
8996,146,unweighted_fl,10,0.0995222929936305,0,16,None,66,1,5,False,10,10
8997,147,unweighted_fl,10,0.0995222929936305,0,16,None,66,1,5,False,10,10
8998,148,unweighted_fl,10,0.0995222929936305,0,16,None,66,1,5,False,10,10
8999,149,unweighted_fl,10,0.0995222929936305,0,16,None,66,1,5,False,10,10
9000,145,unweighted_fl,10,0.0995222929936305,0,18,None,66,1,5,False,10,10
9001,146,unweighted_fl,10,0.0995222929936305,0,18,None,66,1,5,False,10,10
9002,147,unweighted_fl,10,0.0995222929936305,0,18,None,66,1,5,False,10,10
9003,148,unweighted_fl,10,0.0995222929936305,0,18,None,66,1,5,False,10,10
9004,149,unweighted_fl,10,0.0995222929936305,0,18,None,66,1,5,False,10,10
9005,145,unweighted_fl,10,0.1379378980891719,0,20,None,66,1,5,False,10,10
9006,146,unweighted_fl,10,0.1821257961783439,0,20,None,66,1,5,False,10,10
9007,147,unweighted_fl,10,0.18640525477707,0,20,None,66,1,5,False,10,10
9008,148,unweighted_fl,10,0.1862062101910828,0,20,None,66,1,5,False,10,10
9009,149,unweighted_fl,10,0.181827229299363,0,20,None,66,1,5,False,10,10
9010,145,unweighted_fl,10,0.1555533439490445,0,19,None,66,1,5,False,10,10
9011,146,unweighted_fl,10,0.1858081210191083,0,19,None,66,1,5,False,10,10
9012,147,unweighted_fl,10,0.1458001592356688,0,19,None,66,1,5,False,10,10
9013,148,unweighted_fl,10,0.1455015923566879,0,19,None,66,1,5,False,10,10
9014,149,unweighted_fl,10,0.1167396496815286,0,19,None,66,1,5,False,10,10
9015,145,unweighted_fl,10,0.127687101910828,0,21,None,66,1,5,False,10,10
9016,146,unweighted_fl,10,0.1805334394904458,0,21,None,66,1,5,False,10,10
9017,147,unweighted_fl,10,0.1272890127388535,0,21,None,66,1,5,False,10,10
9018,148,unweighted_fl,10,0.0995222929936305,0,21,None,66,1,5,False,10,10
9019,149,unweighted_fl,10,0.0995222929936305,0,21,None,66,1,5,False,10,10
9020,145,unweighted_fl,10,0.0995222929936305,0,23,None,66,1,5,False,10,10
9021,146,unweighted_fl,10,0.0995222929936305,0,23,None,66,1,5,False,10,10
9022,147,unweighted_fl,10,0.0995222929936305,0,23,None,66,1,5,False,10,10
9023,148,unweighted_fl,10,0.0995222929936305,0,23,None,66,1,5,False,10,10
9024,149,unweighted_fl,10,0.0995222929936305,0,23,None,66,1,5,False,10,10
9025,145,unweighted_fl,10,0.0995222929936305,0,24,None,66,1,5,False,10,10
9026,146,unweighted_fl,10,0.0995222929936305,0,24,None,66,1,5,False,10,10
9027,147,unweighted_fl,10,0.0995222929936305,0,24,None,66,1,5,False,10,10
9028,148,unweighted_fl,10,0.0995222929936305,0,24,None,66,1,5,False,10,10
9029,149,unweighted_fl,10,0.0995222929936305,0,24,None,66,1,5,False,10,10
9030,145,unweighted_fl,10,0.0995222929936305,0,22,None,66,1,5,False,10,10
9031,146,unweighted_fl,10,0.0995222929936305,0,22,None,66,1,5,False,10,10
9032,147,unweighted_fl,10,0.1053941082802547,0,22,None,66,1,5,False,10,10
9033,148,unweighted_fl,10,0.12390525477707,0,22,None,66,1,5,False,10,10
9034,149,unweighted_fl,10,0.1382364649681528,0,22,None,66,1,5,False,10,10
9035,145,unweighted_fl,10,0.0995222929936305,0,25,None,66,1,5,False,10,10
9036,146,unweighted_fl,10,0.105593152866242,0,25,None,66,1,5,False,10,10
9037,147,unweighted_fl,10,0.107484076433121,0,25,None,66,1,5,False,10,10
9038,148,unweighted_fl,10,0.0995222929936305,0,25,None,66,1,5,False,10,10
9039,149,unweighted_fl,10,0.0995222929936305,0,25,None,66,1,5,False,10,10
9040,145,unweighted_fl,10,0.1490843949044586,0,26,None,66,1,5,False,10,10
9041,146,unweighted_fl,10,0.1838176751592356,0,26,None,66,1,5,False,10,10
9042,147,unweighted_fl,10,0.1867038216560509,0,26,None,66,1,5,False,10,10
9043,148,unweighted_fl,10,0.1848128980891719,0,26,None,66,1,5,False,10,10
9044,149,unweighted_fl,10,0.2053144904458598,0,26,None,66,1,5,False,10,10
9045,145,unweighted_fl,10,0.0995222929936305,0,28,None,66,1,5,False,10,10
9046,146,unweighted_fl,10,0.0995222929936305,0,28,None,66,1,5,False,10,10
9047,147,unweighted_fl,10,0.1099721337579617,0,28,None,66,1,5,False,10,10
9048,148,unweighted_fl,10,0.133061305732484,0,28,None,66,1,5,False,10,10
9049,149,unweighted_fl,10,0.0996218152866242,0,28,None,66,1,5,False,10,10
9050,145,unweighted_fl,10,0.0995222929936305,0,27,None,66,1,5,False,10,10
9051,146,unweighted_fl,10,0.1100716560509554,0,27,None,66,1,5,False,10,10
9052,147,unweighted_fl,10,0.0995222929936305,0,27,None,66,1,5,False,10,10
9053,148,unweighted_fl,10,0.0995222929936305,0,27,None,66,1,5,False,10,10
9054,149,unweighted_fl,10,0.0995222929936305,0,27,None,66,1,5,False,10,10
9055,145,unweighted_fl,10,0.0995222929936305,0,29,None,66,1,5,False,10,10
9056,146,unweighted_fl,10,0.0995222929936305,0,29,None,66,1,5,False,10,10
9057,147,unweighted_fl,10,0.0995222929936305,0,29,None,66,1,5,False,10,10
9058,148,unweighted_fl,10,0.0995222929936305,0,29,None,66,1,5,False,10,10
9059,149,unweighted_fl,10,0.0995222929936305,0,29,None,66,1,5,False,10,10
9060,145,unweighted_fl,10,0.182921974522293,0,30,None,66,1,5,False,10,10
9061,146,unweighted_fl,10,0.1870023885350318,0,30,None,66,1,5,False,10,10
9062,147,unweighted_fl,10,0.1803343949044586,0,30,None,66,1,5,False,10,10
9063,148,unweighted_fl,10,0.1994426751592356,0,30,None,66,1,5,False,10,10
9064,149,unweighted_fl,10,0.2106886942675159,0,30,None,66,1,5,False,10,10
9065,145,unweighted_fl,10,0.0995222929936305,0,32,None,66,1,5,False,10,10
9066,146,unweighted_fl,10,0.0995222929936305,0,32,None,66,1,5,False,10,10
9067,147,unweighted_fl,10,0.0995222929936305,0,32,None,66,1,5,False,10,10
9068,148,unweighted_fl,10,0.0995222929936305,0,32,None,66,1,5,False,10,10
9069,149,unweighted_fl,10,0.1000199044585987,0,32,None,66,1,5,False,10,10
9070,145,unweighted_fl,10,0.1638136942675159,0,31,None,66,1,5,False,10,10
9071,146,unweighted_fl,10,0.1824243630573248,0,31,None,66,1,5,False,10,10
9072,147,unweighted_fl,10,0.1862062101910828,0,31,None,66,1,5,False,10,10
9073,148,unweighted_fl,10,0.2132762738853503,0,31,None,66,1,5,False,10,10
9074,149,unweighted_fl,10,0.1230095541401273,0,31,None,66,1,5,False,10,10
9075,150,unweighted_fl,10,0.0995222929936305,0,1,None,66,1,5,False,10,10
9076,151,unweighted_fl,10,0.0995222929936305,0,1,None,66,1,5,False,10,10
9077,152,unweighted_fl,10,0.0995222929936305,0,1,None,66,1,5,False,10,10
9078,153,unweighted_fl,10,0.0995222929936305,0,1,None,66,1,5,False,10,10
9079,154,unweighted_fl,10,0.0995222929936305,0,1,None,66,1,5,False,10,10
9080,150,unweighted_fl,10,0.1445063694267516,0,0,None,66,1,5,False,10,10
9081,151,unweighted_fl,10,0.1593351910828025,0,0,None,66,1,5,False,10,10
9082,152,unweighted_fl,10,0.1682921974522293,0,0,None,66,1,5,False,10,10
9083,153,unweighted_fl,10,0.1605294585987261,0,0,None,66,1,5,False,10,10
9084,154,unweighted_fl,10,0.1383359872611465,0,0,None,66,1,5,False,10,10
9085,150,unweighted_fl,10,0.1194267515923566,0,3,None,66,1,5,False,10,10
9086,151,unweighted_fl,10,0.1045979299363057,0,3,None,66,1,5,False,10,10
9087,152,unweighted_fl,10,0.0995222929936305,0,3,None,66,1,5,False,10,10
9088,153,unweighted_fl,10,0.0995222929936305,0,3,None,66,1,5,False,10,10
9089,154,unweighted_fl,10,0.0995222929936305,0,3,None,66,1,5,False,10,10
9090,150,unweighted_fl,10,0.0995222929936305,0,4,None,66,1,5,False,10,10
9091,151,unweighted_fl,10,0.0995222929936305,0,4,None,66,1,5,False,10,10
9092,152,unweighted_fl,10,0.1022093949044586,0,4,None,66,1,5,False,10,10
9093,153,unweighted_fl,10,0.1285828025477707,0,4,None,66,1,5,False,10,10
9094,154,unweighted_fl,10,0.15625,0,4,None,66,1,5,False,10,10
9095,150,unweighted_fl,10,0.1542595541401273,0,2,None,66,1,5,False,10,10
9096,151,unweighted_fl,10,0.1857085987261146,0,2,None,66,1,5,False,10,10
9097,152,unweighted_fl,10,0.2023288216560509,0,2,None,66,1,5,False,10,10
9098,153,unweighted_fl,10,0.190983280254777,0,2,None,66,1,5,False,10,10
9099,154,unweighted_fl,10,0.1843152866242038,0,2,None,66,1,5,False,10,10
9100,150,unweighted_fl,10,0.1158439490445859,0,5,None,66,1,5,False,10,10
9101,151,unweighted_fl,10,0.1237062101910828,0,5,None,66,1,5,False,10,10
9102,152,unweighted_fl,10,0.1159434713375796,0,5,None,66,1,5,False,10,10
9103,153,unweighted_fl,10,0.0973328025477707,0,5,None,66,1,5,False,10,10
9104,154,unweighted_fl,10,0.0958399681528662,0,5,None,66,1,5,False,10,10
9105,150,unweighted_fl,10,0.1778463375796178,0,6,None,66,1,5,False,10,10
9106,151,unweighted_fl,10,0.1702826433121019,0,6,None,66,1,5,False,10,10
9107,152,unweighted_fl,10,0.168093152866242,0,6,None,66,1,5,False,10,10
9108,153,unweighted_fl,10,0.158937101910828,0,6,None,66,1,5,False,10,10
9109,154,unweighted_fl,10,0.1521695859872611,0,6,None,66,1,5,False,10,10
9110,150,unweighted_fl,10,0.1830214968152866,0,7,None,66,1,5,False,10,10
9111,151,unweighted_fl,10,0.2053144904458598,0,7,None,66,1,5,False,10,10
9112,152,unweighted_fl,10,0.2097929936305732,0,7,None,66,1,5,False,10,10
9113,153,unweighted_fl,10,0.1942675159235669,0,7,None,66,1,5,False,10,10
9114,154,unweighted_fl,10,0.1934713375796178,0,7,None,66,1,5,False,10,10
9115,150,unweighted_fl,10,0.1811305732484076,0,8,None,66,1,5,False,10,10
9116,151,unweighted_fl,10,0.1559514331210191,0,8,None,66,1,5,False,10,10
9117,152,unweighted_fl,10,0.1697850318471337,0,8,None,66,1,5,False,10,10
9118,153,unweighted_fl,10,0.1742635350318471,0,8,None,66,1,5,False,10,10
9119,154,unweighted_fl,10,0.1747611464968153,0,8,None,66,1,5,False,10,10
9120,150,unweighted_fl,10,0.1910828025477707,0,9,None,66,1,5,False,10,10
9121,151,unweighted_fl,10,0.1844148089171974,0,9,None,66,1,5,False,10,10
9122,152,unweighted_fl,10,0.1627189490445859,0,9,None,66,1,5,False,10,10
9123,153,unweighted_fl,10,0.1312699044585987,0,9,None,66,1,5,False,10,10
9124,154,unweighted_fl,10,0.1033041401273885,0,9,None,66,1,5,False,10,10
9125,150,unweighted_fl,10,0.1831210191082802,0,11,None,66,1,5,False,10,10
9126,151,unweighted_fl,10,0.1881966560509554,0,11,None,66,1,5,False,10,10
9127,152,unweighted_fl,10,0.1851114649681528,0,11,None,66,1,5,False,10,10
9128,153,unweighted_fl,10,0.1891918789808917,0,11,None,66,1,5,False,10,10
9129,154,unweighted_fl,10,0.1956608280254777,0,11,None,66,1,5,False,10,10
9130,150,unweighted_fl,10,0.1757563694267516,0,10,None,66,1,5,False,10,10
9131,151,unweighted_fl,10,0.0995222929936305,0,10,None,66,1,5,False,10,10
9132,152,unweighted_fl,10,0.0995222929936305,0,10,None,66,1,5,False,10,10
9133,153,unweighted_fl,10,0.0995222929936305,0,10,None,66,1,5,False,10,10
9134,154,unweighted_fl,10,0.0995222929936305,0,10,None,66,1,5,False,10,10
9135,150,unweighted_fl,10,0.1973527070063694,0,12,None,66,1,5,False,10,10
9136,151,unweighted_fl,10,0.1932722929936305,0,12,None,66,1,5,False,10,10
9137,152,unweighted_fl,10,0.1930732484076433,0,12,None,66,1,5,False,10,10
9138,153,unweighted_fl,10,0.1918789808917197,0,12,None,66,1,5,False,10,10
9139,154,unweighted_fl,10,0.1903861464968153,0,12,None,66,1,5,False,10,10
9140,150,unweighted_fl,10,0.1102707006369426,0,14,None,66,1,5,False,10,10
9141,151,unweighted_fl,10,0.1050955414012738,0,14,None,66,1,5,False,10,10
9142,152,unweighted_fl,10,0.1250995222929936,0,14,None,66,1,5,False,10,10
9143,153,unweighted_fl,10,0.1357484076433121,0,14,None,66,1,5,False,10,10
9144,154,unweighted_fl,10,0.1415207006369426,0,14,None,66,1,5,False,10,10
9145,150,unweighted_fl,10,0.1287818471337579,0,13,None,66,1,5,False,10,10
9146,151,unweighted_fl,10,0.1393312101910828,0,13,None,66,1,5,False,10,10
9147,152,unweighted_fl,10,0.1494824840764331,0,13,None,66,1,5,False,10,10
9148,153,unweighted_fl,10,0.157046178343949,0,13,None,66,1,5,False,10,10
9149,154,unweighted_fl,10,0.1327627388535031,0,13,None,66,1,5,False,10,10
9150,150,unweighted_fl,10,0.1842157643312102,0,15,None,66,1,5,False,10,10
9151,151,unweighted_fl,10,0.1863057324840764,0,15,None,66,1,5,False,10,10
9152,152,unweighted_fl,10,0.1765525477707006,0,15,None,66,1,5,False,10,10
9153,153,unweighted_fl,10,0.1674960191082802,0,15,None,66,1,5,False,10,10
9154,154,unweighted_fl,10,0.1600318471337579,0,15,None,66,1,5,False,10,10
9155,150,unweighted_fl,10,0.0995222929936305,0,17,None,66,1,5,False,10,10
9156,151,unweighted_fl,10,0.0995222929936305,0,17,None,66,1,5,False,10,10
9157,152,unweighted_fl,10,0.101811305732484,0,17,None,66,1,5,False,10,10
9158,153,unweighted_fl,10,0.0995222929936305,0,17,None,66,1,5,False,10,10
9159,154,unweighted_fl,10,0.0995222929936305,0,17,None,66,1,5,False,10,10
9160,150,unweighted_fl,10,0.103702229299363,0,18,None,66,1,5,False,10,10
9161,151,unweighted_fl,10,0.1079816878980891,0,18,None,66,1,5,False,10,10
9162,152,unweighted_fl,10,0.1140525477707006,0,18,None,66,1,5,False,10,10
9163,153,unweighted_fl,10,0.1205214968152866,0,18,None,66,1,5,False,10,10
9164,154,unweighted_fl,10,0.1281847133757961,0,18,None,66,1,5,False,10,10
9165,150,unweighted_fl,10,0.0995222929936305,0,16,None,66,1,5,False,10,10
9166,151,unweighted_fl,10,0.0995222929936305,0,16,None,66,1,5,False,10,10
9167,152,unweighted_fl,10,0.0995222929936305,0,16,None,66,1,5,False,10,10
9168,153,unweighted_fl,10,0.0995222929936305,0,16,None,66,1,5,False,10,10
9169,154,unweighted_fl,10,0.0995222929936305,0,16,None,66,1,5,False,10,10
9170,150,unweighted_fl,10,0.1594347133757961,0,19,None,66,1,5,False,10,10
9171,151,unweighted_fl,10,0.161624203821656,0,19,None,66,1,5,False,10,10
9172,152,unweighted_fl,10,0.1021098726114649,0,19,None,66,1,5,False,10,10
9173,153,unweighted_fl,10,0.097233280254777,0,19,None,66,1,5,False,10,10
9174,154,unweighted_fl,10,0.0963375796178344,0,19,None,66,1,5,False,10,10
9175,150,unweighted_fl,10,0.1521695859872611,0,21,None,66,1,5,False,10,10
9176,151,unweighted_fl,10,0.1751592356687898,0,21,None,66,1,5,False,10,10
9177,152,unweighted_fl,10,0.1264928343949044,0,21,None,66,1,5,False,10,10
9178,153,unweighted_fl,10,0.0995222929936305,0,21,None,66,1,5,False,10,10
9179,154,unweighted_fl,10,0.0995222929936305,0,21,None,66,1,5,False,10,10
9180,150,unweighted_fl,10,0.1583399681528662,0,20,None,66,1,5,False,10,10
9181,151,unweighted_fl,10,0.1811305732484076,0,20,None,66,1,5,False,10,10
9182,152,unweighted_fl,10,0.1859076433121019,0,20,None,66,1,5,False,10,10
9183,153,unweighted_fl,10,0.1876990445859872,0,20,None,66,1,5,False,10,10
9184,154,unweighted_fl,10,0.1892914012738853,0,20,None,66,1,5,False,10,10
9185,150,unweighted_fl,10,0.1080812101910828,0,22,None,66,1,5,False,10,10
9186,151,unweighted_fl,10,0.1232085987261146,0,22,None,66,1,5,False,10,10
9187,152,unweighted_fl,10,0.1353503184713375,0,22,None,66,1,5,False,10,10
9188,153,unweighted_fl,10,0.1429140127388535,0,22,None,66,1,5,False,10,10
9189,154,unweighted_fl,10,0.1495820063694267,0,22,None,66,1,5,False,10,10
9190,150,unweighted_fl,10,0.0995222929936305,0,24,None,66,1,5,False,10,10
9191,151,unweighted_fl,10,0.0995222929936305,0,24,None,66,1,5,False,10,10
9192,152,unweighted_fl,10,0.0995222929936305,0,24,None,66,1,5,False,10,10
9193,153,unweighted_fl,10,0.0995222929936305,0,24,None,66,1,5,False,10,10
9194,154,unweighted_fl,10,0.0995222929936305,0,24,None,66,1,5,False,10,10
9195,150,unweighted_fl,10,0.1180334394904458,0,25,None,66,1,5,False,10,10
9196,151,unweighted_fl,10,0.140625,0,25,None,66,1,5,False,10,10
9197,152,unweighted_fl,10,0.1246019108280254,0,25,None,66,1,5,False,10,10
9198,153,unweighted_fl,10,0.0997213375796178,0,25,None,66,1,5,False,10,10
9199,154,unweighted_fl,10,0.0995222929936305,0,25,None,66,1,5,False,10,10
9200,150,unweighted_fl,10,0.0995222929936305,0,23,None,66,1,5,False,10,10
9201,151,unweighted_fl,10,0.0995222929936305,0,23,None,66,1,5,False,10,10
9202,152,unweighted_fl,10,0.0995222929936305,0,23,None,66,1,5,False,10,10
9203,153,unweighted_fl,10,0.0995222929936305,0,23,None,66,1,5,False,10,10
9204,154,unweighted_fl,10,0.0999203821656051,0,23,None,66,1,5,False,10,10
9205,150,unweighted_fl,10,0.1559514331210191,0,26,None,66,1,5,False,10,10
9206,151,unweighted_fl,10,0.1784434713375796,0,26,None,66,1,5,False,10,10
9207,152,unweighted_fl,10,0.2050159235668789,0,26,None,66,1,5,False,10,10
9208,153,unweighted_fl,10,0.2095939490445859,0,26,None,66,1,5,False,10,10
9209,154,unweighted_fl,10,0.1964570063694267,0,26,None,66,1,5,False,10,10
9210,150,unweighted_fl,10,0.0995222929936305,0,28,None,66,1,5,False,10,10
9211,151,unweighted_fl,10,0.0995222929936305,0,28,None,66,1,5,False,10,10
9212,152,unweighted_fl,10,0.0955414012738853,0,28,None,66,1,5,False,10,10
9213,153,unweighted_fl,10,0.1226114649681528,0,28,None,66,1,5,False,10,10
9214,154,unweighted_fl,10,0.13953025477707,0,28,None,66,1,5,False,10,10
9215,150,unweighted_fl,10,0.0995222929936305,0,27,None,66,1,5,False,10,10
9216,151,unweighted_fl,10,0.1058917197452229,0,27,None,66,1,5,False,10,10
9217,152,unweighted_fl,10,0.0995222929936305,0,27,None,66,1,5,False,10,10
9218,153,unweighted_fl,10,0.0995222929936305,0,27,None,66,1,5,False,10,10
9219,154,unweighted_fl,10,0.0995222929936305,0,27,None,66,1,5,False,10,10
9220,150,unweighted_fl,10,0.0995222929936305,0,29,None,66,1,5,False,10,10
9221,151,unweighted_fl,10,0.0995222929936305,0,29,None,66,1,5,False,10,10
9222,152,unweighted_fl,10,0.0995222929936305,0,29,None,66,1,5,False,10,10
9223,153,unweighted_fl,10,0.0995222929936305,0,29,None,66,1,5,False,10,10
9224,154,unweighted_fl,10,0.0995222929936305,0,29,None,66,1,5,False,10,10
9225,150,unweighted_fl,10,0.1564490445859872,0,31,None,66,1,5,False,10,10
9226,151,unweighted_fl,10,0.1743630573248407,0,31,None,66,1,5,False,10,10
9227,152,unweighted_fl,10,0.1814291401273885,0,31,None,66,1,5,False,10,10
9228,153,unweighted_fl,10,0.1863057324840764,0,31,None,66,1,5,False,10,10
9229,154,unweighted_fl,10,0.1817277070063694,0,31,None,66,1,5,False,10,10
9230,150,unweighted_fl,10,0.1743630573248407,0,30,None,66,1,5,False,10,10
9231,151,unweighted_fl,10,0.1851114649681528,0,30,None,66,1,5,False,10,10
9232,152,unweighted_fl,10,0.2129777070063694,0,30,None,66,1,5,False,10,10
9233,153,unweighted_fl,10,0.208499203821656,0,30,None,66,1,5,False,10,10
9234,154,unweighted_fl,10,0.2030254777070063,0,30,None,66,1,5,False,10,10
9235,150,unweighted_fl,10,0.0995222929936305,0,32,None,66,1,5,False,10,10
9236,151,unweighted_fl,10,0.0995222929936305,0,32,None,66,1,5,False,10,10
9237,152,unweighted_fl,10,0.1019108280254777,0,32,None,66,1,5,False,10,10
9238,153,unweighted_fl,10,0.1244028662420382,0,32,None,66,1,5,False,10,10
9239,154,unweighted_fl,10,0.1232085987261146,0,32,None,66,1,5,False,10,10
10230,155,unweighted_fl,10,0.1089769108280254,0,1,None,66,1,5,False,10,10
10231,156,unweighted_fl,10,0.1076831210191082,0,1,None,66,1,5,False,10,10
10232,157,unweighted_fl,10,0.1098726114649681,0,1,None,66,1,5,False,10,10
10233,158,unweighted_fl,10,0.110967356687898,0,1,None,66,1,5,False,10,10
10234,159,unweighted_fl,10,0.1170382165605095,0,1,None,66,1,5,False,10,10
10235,155,unweighted_fl,10,0.1823248407643312,0,2,None,66,1,5,False,10,10
10236,156,unweighted_fl,10,0.1757563694267516,0,2,None,66,1,5,False,10,10
10237,157,unweighted_fl,10,0.1703821656050955,0,2,None,66,1,5,False,10,10
10238,158,unweighted_fl,10,0.1677945859872611,0,2,None,66,1,5,False,10,10
10239,159,unweighted_fl,10,0.1671974522292993,0,2,None,66,1,5,False,10,10
10240,155,unweighted_fl,10,0.1568471337579617,0,0,None,66,1,5,False,10,10
10241,156,unweighted_fl,10,0.1604299363057325,0,0,None,66,1,5,False,10,10
10242,157,unweighted_fl,10,0.1646098726114649,0,0,None,66,1,5,False,10,10
10243,158,unweighted_fl,10,0.1572452229299363,0,0,None,66,1,5,False,10,10
10244,159,unweighted_fl,10,0.1495820063694267,0,0,None,66,1,5,False,10,10
10245,155,unweighted_fl,10,0.1078821656050955,0,3,None,66,1,5,False,10,10
10246,156,unweighted_fl,10,0.0994227707006369,0,3,None,66,1,5,False,10,10
10247,157,unweighted_fl,10,0.0995222929936305,0,3,None,66,1,5,False,10,10
10248,158,unweighted_fl,10,0.0995222929936305,0,3,None,66,1,5,False,10,10
10249,159,unweighted_fl,10,0.0995222929936305,0,3,None,66,1,5,False,10,10
10250,155,unweighted_fl,10,0.1502786624203821,0,5,None,66,1,5,False,10,10
10251,156,unweighted_fl,10,0.0998208598726114,0,5,None,66,1,5,False,10,10
10252,157,unweighted_fl,10,0.0988256369426751,0,5,None,66,1,5,False,10,10
10253,158,unweighted_fl,10,0.1103702229299363,0,5,None,66,1,5,False,10,10
10254,159,unweighted_fl,10,0.0987261146496815,0,5,None,66,1,5,False,10,10
10255,155,unweighted_fl,10,0.1788415605095541,0,6,None,66,1,5,False,10,10
10256,156,unweighted_fl,10,0.1560509554140127,0,6,None,66,1,5,False,10,10
10257,157,unweighted_fl,10,0.1668988853503184,0,6,None,66,1,5,False,10,10
10258,158,unweighted_fl,10,0.1717754777070063,0,6,None,66,1,5,False,10,10
10259,159,unweighted_fl,10,0.1732683121019108,0,6,None,66,1,5,False,10,10
10260,155,unweighted_fl,10,0.1477906050955414,0,4,None,66,1,5,False,10,10
10261,156,unweighted_fl,10,0.127687101910828,0,4,None,66,1,5,False,10,10
10262,157,unweighted_fl,10,0.1227109872611465,0,4,None,66,1,5,False,10,10
10263,158,unweighted_fl,10,0.121218152866242,0,4,None,66,1,5,False,10,10
10264,159,unweighted_fl,10,0.1252985668789809,0,4,None,66,1,5,False,10,10
10265,155,unweighted_fl,10,0.1992436305732484,0,7,None,66,1,5,False,10,10
10266,156,unweighted_fl,10,0.1916799363057325,0,7,None,66,1,5,False,10,10
10267,157,unweighted_fl,10,0.1885947452229299,0,7,None,66,1,5,False,10,10
10268,158,unweighted_fl,10,0.1863057324840764,0,7,None,66,1,5,False,10,10
10269,159,unweighted_fl,10,0.1839171974522293,0,7,None,66,1,5,False,10,10
10270,155,unweighted_fl,10,0.1741640127388535,0,9,None,66,1,5,False,10,10
10271,156,unweighted_fl,10,0.1686902866242038,0,9,None,66,1,5,False,10,10
10272,157,unweighted_fl,10,0.1503781847133758,0,9,None,66,1,5,False,10,10
10273,158,unweighted_fl,10,0.136843152866242,0,9,None,66,1,5,False,10,10
10274,159,unweighted_fl,10,0.1274880573248407,0,9,None,66,1,5,False,10,10
10275,155,unweighted_fl,10,0.1602308917197452,0,10,None,66,1,5,False,10,10
10276,156,unweighted_fl,10,0.1028065286624203,0,10,None,66,1,5,False,10,10
10277,157,unweighted_fl,10,0.0995222929936305,0,10,None,66,1,5,False,10,10
10278,158,unweighted_fl,10,0.0995222929936305,0,10,None,66,1,5,False,10,10
10279,159,unweighted_fl,10,0.0995222929936305,0,10,None,66,1,5,False,10,10
10280,155,unweighted_fl,10,0.203921178343949,0,8,None,66,1,5,False,10,10
10281,156,unweighted_fl,10,0.158937101910828,0,8,None,66,1,5,False,10,10
10282,157,unweighted_fl,10,0.1539609872611465,0,8,None,66,1,5,False,10,10
10283,158,unweighted_fl,10,0.1614251592356688,0,8,None,66,1,5,False,10,10
10284,159,unweighted_fl,10,0.1639132165605095,0,8,None,66,1,5,False,10,10
10285,155,unweighted_fl,10,0.1962579617834395,0,11,None,66,1,5,False,10,10
10286,156,unweighted_fl,10,0.213077229299363,0,11,None,66,1,5,False,10,10
10287,157,unweighted_fl,10,0.2101910828025477,0,11,None,66,1,5,False,10,10
10288,158,unweighted_fl,10,0.2329816878980891,0,11,None,66,1,5,False,10,10
10289,159,unweighted_fl,10,0.1911823248407643,0,11,None,66,1,5,False,10,10
10290,155,unweighted_fl,10,0.1372412420382165,0,13,None,66,1,5,False,10,10
10291,156,unweighted_fl,10,0.150577229299363,0,13,None,66,1,5,False,10,10
10292,157,unweighted_fl,10,0.1689888535031847,0,13,None,66,1,5,False,10,10
10293,158,unweighted_fl,10,0.1853105095541401,0,13,None,66,1,5,False,10,10
10294,159,unweighted_fl,10,0.1907842356687898,0,13,None,66,1,5,False,10,10
10295,155,unweighted_fl,10,0.192874203821656,0,12,None,66,1,5,False,10,10
10296,156,unweighted_fl,10,0.1871019108280254,0,12,None,66,1,5,False,10,10
10297,157,unweighted_fl,10,0.1830214968152866,0,12,None,66,1,5,False,10,10
10298,158,unweighted_fl,10,0.1797372611464968,0,12,None,66,1,5,False,10,10
10299,159,unweighted_fl,10,0.1770501592356688,0,12,None,66,1,5,False,10,10
10300,155,unweighted_fl,10,0.1388335987261146,0,14,None,66,1,5,False,10,10
10301,156,unweighted_fl,10,0.1051950636942675,0,14,None,66,1,5,False,10,10
10302,157,unweighted_fl,10,0.1130573248407643,0,14,None,66,1,5,False,10,10
10303,158,unweighted_fl,10,0.1164410828025477,0,14,None,66,1,5,False,10,10
10304,159,unweighted_fl,10,0.1189291401273885,0,14,None,66,1,5,False,10,10
10305,155,unweighted_fl,10,0.1114649681528662,0,16,None,66,1,5,False,10,10
10306,156,unweighted_fl,10,0.1033041401273885,0,16,None,66,1,5,False,10,10
10307,157,unweighted_fl,10,0.1013136942675159,0,16,None,66,1,5,False,10,10
10308,158,unweighted_fl,10,0.1012141719745222,0,16,None,66,1,5,False,10,10
10309,159,unweighted_fl,10,0.1025079617834394,0,16,None,66,1,5,False,10,10
10310,155,unweighted_fl,10,0.1183320063694267,0,17,None,66,1,5,False,10,10
10311,156,unweighted_fl,10,0.1228105095541401,0,17,None,66,1,5,False,10,10
10312,157,unweighted_fl,10,0.1170382165605095,0,17,None,66,1,5,False,10,10
10313,158,unweighted_fl,10,0.1165406050955414,0,17,None,66,1,5,False,10,10
10314,159,unweighted_fl,10,0.0995222929936305,0,17,None,66,1,5,False,10,10
10315,155,unweighted_fl,10,0.1783439490445859,0,15,None,66,1,5,False,10,10
10316,156,unweighted_fl,10,0.1880971337579617,0,15,None,66,1,5,False,10,10
10317,157,unweighted_fl,10,0.2009355095541401,0,15,None,66,1,5,False,10,10
10318,158,unweighted_fl,10,0.2115843949044586,0,15,None,66,1,5,False,10,10
10319,159,unweighted_fl,10,0.2326831210191083,0,15,None,66,1,5,False,10,10
10320,155,unweighted_fl,10,0.1355493630573248,0,18,None,66,1,5,False,10,10
10321,156,unweighted_fl,10,0.1436106687898089,0,18,None,66,1,5,False,10,10
10322,157,unweighted_fl,10,0.1526671974522293,0,18,None,66,1,5,False,10,10
10323,158,unweighted_fl,10,0.1600318471337579,0,18,None,66,1,5,False,10,10
10324,159,unweighted_fl,10,0.1650079617834395,0,18,None,66,1,5,False,10,10
10325,155,unweighted_fl,10,0.1836186305732484,0,19,None,66,1,5,False,10,10
10326,156,unweighted_fl,10,0.1585390127388535,0,19,None,66,1,5,False,10,10
10327,157,unweighted_fl,10,0.1402269108280254,0,19,None,66,1,5,False,10,10
10328,158,unweighted_fl,10,0.1230095541401273,0,19,None,66,1,5,False,10,10
10329,159,unweighted_fl,10,0.1059912420382165,0,19,None,66,1,5,False,10,10
10330,155,unweighted_fl,10,0.1567476114649681,0,20,None,66,1,5,False,10,10
10331,156,unweighted_fl,10,0.1735668789808917,0,20,None,66,1,5,False,10,10
10332,157,unweighted_fl,10,0.1801353503184713,0,20,None,66,1,5,False,10,10
10333,158,unweighted_fl,10,0.1841162420382165,0,20,None,66,1,5,False,10,10
10334,159,unweighted_fl,10,0.1866042993630573,0,20,None,66,1,5,False,10,10
10335,155,unweighted_fl,10,0.1304737261146497,0,22,None,66,1,5,False,10,10
10336,156,unweighted_fl,10,0.1380374203821656,0,22,None,66,1,5,False,10,10
10337,157,unweighted_fl,10,0.144108280254777,0,22,None,66,1,5,False,10,10
10338,158,unweighted_fl,10,0.1487858280254777,0,22,None,66,1,5,False,10,10
10339,159,unweighted_fl,10,0.1560509554140127,0,22,None,66,1,5,False,10,10
10340,155,unweighted_fl,10,0.1057921974522293,0,23,None,66,1,5,False,10,10
10341,156,unweighted_fl,10,0.1233081210191082,0,23,None,66,1,5,False,10,10
10342,157,unweighted_fl,10,0.1254976114649681,0,23,None,66,1,5,False,10,10
10343,158,unweighted_fl,10,0.1172372611464968,0,23,None,66,1,5,False,10,10
10344,159,unweighted_fl,10,0.1104697452229299,0,23,None,66,1,5,False,10,10
10345,155,unweighted_fl,10,0.1714769108280254,0,21,None,66,1,5,False,10,10
10346,156,unweighted_fl,10,0.1787420382165605,0,21,None,66,1,5,False,10,10
10347,157,unweighted_fl,10,0.1410230891719745,0,21,None,66,1,5,False,10,10
10348,158,unweighted_fl,10,0.1198248407643312,0,21,None,66,1,5,False,10,10
10349,159,unweighted_fl,10,0.1076831210191082,0,21,None,66,1,5,False,10,10
10350,155,unweighted_fl,10,0.1016122611464968,0,24,None,66,1,5,False,10,10
10351,156,unweighted_fl,10,0.1070859872611465,0,24,None,66,1,5,False,10,10
10352,157,unweighted_fl,10,0.1181329617834394,0,24,None,66,1,5,False,10,10
10353,158,unweighted_fl,10,0.1263933121019108,0,24,None,66,1,5,False,10,10
10354,159,unweighted_fl,10,0.1282842356687898,0,24,None,66,1,5,False,10,10
10355,155,unweighted_fl,10,0.1730692675159235,0,26,None,66,1,5,False,10,10
10356,156,unweighted_fl,10,0.1875,0,26,None,66,1,5,False,10,10
10357,157,unweighted_fl,10,0.1814291401273885,0,26,None,66,1,5,False,10,10
10358,158,unweighted_fl,10,0.1777468152866242,0,26,None,66,1,5,False,10,10
10359,159,unweighted_fl,10,0.1756568471337579,0,26,None,66,1,5,False,10,10
10360,155,unweighted_fl,10,0.1346536624203821,0,27,None,66,1,5,False,10,10
10361,156,unweighted_fl,10,0.1177348726114649,0,27,None,66,1,5,False,10,10
10362,157,unweighted_fl,10,0.1013136942675159,0,27,None,66,1,5,False,10,10
10363,158,unweighted_fl,10,0.0995222929936305,0,27,None,66,1,5,False,10,10
10364,159,unweighted_fl,10,0.0995222929936305,0,27,None,66,1,5,False,10,10
10365,155,unweighted_fl,10,0.1534633757961783,0,25,None,66,1,5,False,10,10
10366,156,unweighted_fl,10,0.1402269108280254,0,25,None,66,1,5,False,10,10
10367,157,unweighted_fl,10,0.132265127388535,0,25,None,66,1,5,False,10,10
10368,158,unweighted_fl,10,0.1158439490445859,0,25,None,66,1,5,False,10,10
10369,159,unweighted_fl,10,0.1070859872611465,0,25,None,66,1,5,False,10,10
10370,155,unweighted_fl,10,0.0995222929936305,0,28,None,66,1,5,False,10,10
10371,156,unweighted_fl,10,0.0995222929936305,0,28,None,66,1,5,False,10,10
10372,157,unweighted_fl,10,0.096437101910828,0,28,None,66,1,5,False,10,10
10373,158,unweighted_fl,10,0.0942476114649681,0,28,None,66,1,5,False,10,10
10374,159,unweighted_fl,10,0.0976313694267515,0,28,None,66,1,5,False,10,10
10375,155,unweighted_fl,10,0.0995222929936305,0,29,None,66,1,5,False,10,10
10376,156,unweighted_fl,10,0.0995222929936305,0,29,None,66,1,5,False,10,10
10377,157,unweighted_fl,10,0.0995222929936305,0,29,None,66,1,5,False,10,10
10378,158,unweighted_fl,10,0.0995222929936305,0,29,None,66,1,5,False,10,10
10379,159,unweighted_fl,10,0.0995222929936305,0,29,None,66,1,5,False,10,10
10380,155,unweighted_fl,10,0.1916799363057325,0,30,None,66,1,5,False,10,10
10381,156,unweighted_fl,10,0.1976512738853503,0,30,None,66,1,5,False,10,10
10382,157,unweighted_fl,10,0.1924761146496815,0,30,None,66,1,5,False,10,10
10383,158,unweighted_fl,10,0.1904856687898089,0,30,None,66,1,5,False,10,10
10384,159,unweighted_fl,10,0.1913813694267516,0,30,None,66,1,5,False,10,10
10385,155,unweighted_fl,10,0.1668988853503184,0,31,None,66,1,5,False,10,10
10386,156,unweighted_fl,10,0.1877985668789809,0,31,None,66,1,5,False,10,10
10387,157,unweighted_fl,10,0.1996417197452229,0,31,None,66,1,5,False,10,10
10388,158,unweighted_fl,10,0.1941679936305732,0,31,None,66,1,5,False,10,10
10389,159,unweighted_fl,10,0.188296178343949,0,31,None,66,1,5,False,10,10
10390,155,unweighted_fl,10,0.1296775477707006,0,32,None,66,1,5,False,10,10
10391,156,unweighted_fl,10,0.123109076433121,0,32,None,66,1,5,False,10,10
10392,157,unweighted_fl,10,0.1114649681528662,0,32,None,66,1,5,False,10,10
10393,158,unweighted_fl,10,0.1048964968152866,0,32,None,66,1,5,False,10,10
10394,159,unweighted_fl,10,0.1025079617834394,0,32,None,66,1,5,False,10,10
10395,160,unweighted_fl,10,0.1470939490445859,0,1,None,66,1,5,False,10,10
10396,161,unweighted_fl,10,0.1404259554140127,0,1,None,66,1,5,False,10,10
10397,162,unweighted_fl,10,0.1431130573248407,0,1,None,66,1,5,False,10,10
10398,163,unweighted_fl,10,0.1471934713375796,0,1,None,66,1,5,False,10,10
10399,164,unweighted_fl,10,0.1437101910828025,0,1,None,66,1,5,False,10,10
10400,160,unweighted_fl,10,0.1630175159235669,0,2,None,66,1,5,False,10,10
10401,161,unweighted_fl,10,0.1652070063694267,0,2,None,66,1,5,False,10,10
10402,162,unweighted_fl,10,0.1689888535031847,0,2,None,66,1,5,False,10,10
10403,163,unweighted_fl,10,0.1737659235668789,0,2,None,66,1,5,False,10,10
10404,164,unweighted_fl,10,0.1779458598726114,0,2,None,66,1,5,False,10,10
10405,160,unweighted_fl,10,0.1724721337579617,0,0,None,66,1,5,False,10,10
10406,161,unweighted_fl,10,0.185609076433121,0,0,None,66,1,5,False,10,10
10407,162,unweighted_fl,10,0.17078025477707,0,0,None,66,1,5,False,10,10
10408,163,unweighted_fl,10,0.1735668789808917,0,0,None,66,1,5,False,10,10
10409,164,unweighted_fl,10,0.176453025477707,0,0,None,66,1,5,False,10,10
10410,160,unweighted_fl,10,0.1243033439490445,0,3,None,66,1,5,False,10,10
10411,161,unweighted_fl,10,0.1100716560509554,0,3,None,66,1,5,False,10,10
10412,162,unweighted_fl,10,0.1150477707006369,0,3,None,66,1,5,False,10,10
10413,163,unweighted_fl,10,0.1631170382165605,0,3,None,66,1,5,False,10,10
10414,164,unweighted_fl,10,0.1893909235668789,0,3,None,66,1,5,False,10,10
10415,160,unweighted_fl,10,0.1499800955414012,0,5,None,66,1,5,False,10,10
10416,161,unweighted_fl,10,0.122014331210191,0,5,None,66,1,5,False,10,10
10417,162,unweighted_fl,10,0.1073845541401273,0,5,None,66,1,5,False,10,10
10418,163,unweighted_fl,10,0.1221138535031847,0,5,None,66,1,5,False,10,10
10419,164,unweighted_fl,10,0.1651074840764331,0,5,None,66,1,5,False,10,10
10420,160,unweighted_fl,10,0.1734673566878981,0,6,None,66,1,5,False,10,10
10421,161,unweighted_fl,10,0.1517714968152866,0,6,None,66,1,5,False,10,10
10422,162,unweighted_fl,10,0.15515525477707,0,6,None,66,1,5,False,10,10
10423,163,unweighted_fl,10,0.1621218152866242,0,6,None,66,1,5,False,10,10
10424,164,unweighted_fl,10,0.1659036624203821,0,6,None,66,1,5,False,10,10
10425,160,unweighted_fl,10,0.1544585987261146,0,4,None,66,1,5,False,10,10
10426,161,unweighted_fl,10,0.1475915605095541,0,4,None,66,1,5,False,10,10
10427,162,unweighted_fl,10,0.127687101910828,0,4,None,66,1,5,False,10,10
10428,163,unweighted_fl,10,0.1202229299363057,0,4,None,66,1,5,False,10,10
10429,164,unweighted_fl,10,0.1173367834394904,0,4,None,66,1,5,False,10,10
10430,160,unweighted_fl,10,0.1717754777070063,0,7,None,66,1,5,False,10,10
10431,161,unweighted_fl,10,0.1765525477707006,0,7,None,66,1,5,False,10,10
10432,162,unweighted_fl,10,0.1805334394904458,0,7,None,66,1,5,False,10,10
10433,163,unweighted_fl,10,0.1831210191082802,0,7,None,66,1,5,False,10,10
10434,164,unweighted_fl,10,0.1845143312101911,0,7,None,66,1,5,False,10,10
10435,160,unweighted_fl,10,0.1800358280254777,0,8,None,66,1,5,False,10,10
10436,161,unweighted_fl,10,0.1959593949044586,0,8,None,66,1,5,False,10,10
10437,162,unweighted_fl,10,0.1477906050955414,0,8,None,66,1,5,False,10,10
10438,163,unweighted_fl,10,0.1539609872611465,0,8,None,66,1,5,False,10,10
10439,164,unweighted_fl,10,0.1575437898089172,0,8,None,66,1,5,False,10,10
10440,160,unweighted_fl,10,0.1628184713375796,0,9,None,66,1,5,False,10,10
10441,161,unweighted_fl,10,0.1652070063694267,0,9,None,66,1,5,False,10,10
10442,162,unweighted_fl,10,0.164311305732484,0,9,None,66,1,5,False,10,10
10443,163,unweighted_fl,10,0.1675955414012739,0,9,None,66,1,5,False,10,10
10444,164,unweighted_fl,10,0.1736664012738853,0,9,None,66,1,5,False,10,10
10445,160,unweighted_fl,10,0.1832205414012739,0,11,None,66,1,5,False,10,10
10446,161,unweighted_fl,10,0.1880971337579617,0,11,None,66,1,5,False,10,10
10447,162,unweighted_fl,10,0.1907842356687898,0,11,None,66,1,5,False,10,10
10448,163,unweighted_fl,10,0.2109872611464968,0,11,None,66,1,5,False,10,10
10449,164,unweighted_fl,10,0.1820262738853503,0,11,None,66,1,5,False,10,10
10450,160,unweighted_fl,10,0.1535628980891719,0,10,None,66,1,5,False,10,10
10451,161,unweighted_fl,10,0.130374203821656,0,10,None,66,1,5,False,10,10
10452,162,unweighted_fl,10,0.1242038216560509,0,10,None,66,1,5,False,10,10
10453,163,unweighted_fl,10,0.1354498407643312,0,10,None,66,1,5,False,10,10
10454,164,unweighted_fl,10,0.1508757961783439,0,10,None,66,1,5,False,10,10
10455,160,unweighted_fl,10,0.1716759554140127,0,12,None,66,1,5,False,10,10
10456,161,unweighted_fl,10,0.1759554140127388,0,12,None,66,1,5,False,10,10
10457,162,unweighted_fl,10,0.177249203821656,0,12,None,66,1,5,False,10,10
10458,163,unweighted_fl,10,0.179936305732484,0,12,None,66,1,5,False,10,10
10459,164,unweighted_fl,10,0.1835191082802547,0,12,None,66,1,5,False,10,10
10460,160,unweighted_fl,10,0.152468152866242,0,14,None,66,1,5,False,10,10
10461,161,unweighted_fl,10,0.1458996815286624,0,14,None,66,1,5,False,10,10
10462,162,unweighted_fl,10,0.1237062101910828,0,14,None,66,1,5,False,10,10
10463,163,unweighted_fl,10,0.1350517515923567,0,14,None,66,1,5,False,10,10
10464,164,unweighted_fl,10,0.1472929936305732,0,14,None,66,1,5,False,10,10
10465,160,unweighted_fl,10,0.1921775477707006,0,15,None,66,1,5,False,10,10
10466,161,unweighted_fl,10,0.1978503184713375,0,15,None,66,1,5,False,10,10
10467,162,unweighted_fl,10,0.1998407643312102,0,15,None,66,1,5,False,10,10
10468,163,unweighted_fl,10,0.2015326433121019,0,15,None,66,1,5,False,10,10
10469,164,unweighted_fl,10,0.2182523885350318,0,15,None,66,1,5,False,10,10
10470,160,unweighted_fl,10,0.1750597133757961,0,13,None,66,1,5,False,10,10
10471,161,unweighted_fl,10,0.1826234076433121,0,13,None,66,1,5,False,10,10
10472,162,unweighted_fl,10,0.18640525477707,0,13,None,66,1,5,False,10,10
10473,163,unweighted_fl,10,0.1883957006369426,0,13,None,66,1,5,False,10,10
10474,164,unweighted_fl,10,0.1953622611464968,0,13,None,66,1,5,False,10,10
10475,160,unweighted_fl,10,0.1651074840764331,0,16,None,66,1,5,False,10,10
10476,161,unweighted_fl,10,0.1701831210191083,0,16,None,66,1,5,False,10,10
10477,162,unweighted_fl,10,0.1780453821656051,0,16,None,66,1,5,False,10,10
10478,163,unweighted_fl,10,0.1852109872611465,0,16,None,66,1,5,False,10,10
10479,164,unweighted_fl,10,0.1896894904458598,0,16,None,66,1,5,False,10,10
10480,160,unweighted_fl,10,0.1814291401273885,0,18,None,66,1,5,False,10,10
10481,161,unweighted_fl,10,0.1715764331210191,0,18,None,66,1,5,False,10,10
10482,162,unweighted_fl,10,0.175358280254777,0,18,None,66,1,5,False,10,10
10483,163,unweighted_fl,10,0.1771496815286624,0,18,None,66,1,5,False,10,10
10484,164,unweighted_fl,10,0.1784434713375796,0,18,None,66,1,5,False,10,10
10485,160,unweighted_fl,10,0.1647093949044586,0,19,None,66,1,5,False,10,10
10486,161,unweighted_fl,10,0.1598328025477707,0,19,None,66,1,5,False,10,10
10487,162,unweighted_fl,10,0.1669984076433121,0,19,None,66,1,5,False,10,10
10488,163,unweighted_fl,10,0.1577428343949044,0,19,None,66,1,5,False,10,10
10489,164,unweighted_fl,10,0.1604299363057325,0,19,None,66,1,5,False,10,10
10490,160,unweighted_fl,10,0.129578025477707,0,17,None,66,1,5,False,10,10
10491,161,unweighted_fl,10,0.1155453821656051,0,17,None,66,1,5,False,10,10
10492,162,unweighted_fl,10,0.1181329617834394,0,17,None,66,1,5,False,10,10
10493,163,unweighted_fl,10,0.1051950636942675,0,17,None,66,1,5,False,10,10
10494,164,unweighted_fl,10,0.1186305732484076,0,17,None,66,1,5,False,10,10
10495,160,unweighted_fl,10,0.1823248407643312,0,20,None,66,1,5,False,10,10
10496,161,unweighted_fl,10,0.1751592356687898,0,20,None,66,1,5,False,10,10
10497,162,unweighted_fl,10,0.1806329617834395,0,20,None,66,1,5,False,10,10
10498,163,unweighted_fl,10,0.1834195859872611,0,20,None,66,1,5,False,10,10
10499,164,unweighted_fl,10,0.1851114649681528,0,20,None,66,1,5,False,10,10
10500,160,unweighted_fl,10,0.1720740445859872,0,22,None,66,1,5,False,10,10
10501,161,unweighted_fl,10,0.1851114649681528,0,22,None,66,1,5,False,10,10
10502,162,unweighted_fl,10,0.1789410828025477,0,22,None,66,1,5,False,10,10
10503,163,unweighted_fl,10,0.174562101910828,0,22,None,66,1,5,False,10,10
10504,164,unweighted_fl,10,0.1778463375796178,0,22,None,66,1,5,False,10,10
10505,160,unweighted_fl,10,0.1656050955414012,0,21,None,66,1,5,False,10,10
10506,161,unweighted_fl,10,0.1770501592356688,0,21,None,66,1,5,False,10,10
10507,162,unweighted_fl,10,0.1613256369426751,0,21,None,66,1,5,False,10,10
10508,163,unweighted_fl,10,0.164311305732484,0,21,None,66,1,5,False,10,10
10509,164,unweighted_fl,10,0.1701831210191083,0,21,None,66,1,5,False,10,10
10510,160,unweighted_fl,10,0.1309713375796178,0,23,None,66,1,5,False,10,10
10511,161,unweighted_fl,10,0.1195262738853503,0,23,None,66,1,5,False,10,10
10512,162,unweighted_fl,10,0.1222133757961783,0,23,None,66,1,5,False,10,10
10513,163,unweighted_fl,10,0.136046974522293,0,23,None,66,1,5,False,10,10
10514,164,unweighted_fl,10,0.1565485668789809,0,23,None,66,1,5,False,10,10
10515,160,unweighted_fl,10,0.1646098726114649,0,25,None,66,1,5,False,10,10
10516,161,unweighted_fl,10,0.1522691082802547,0,25,None,66,1,5,False,10,10
10517,162,unweighted_fl,10,0.1520700636942675,0,25,None,66,1,5,False,10,10
10518,163,unweighted_fl,10,0.1575437898089172,0,25,None,66,1,5,False,10,10
10519,164,unweighted_fl,10,0.1651074840764331,0,25,None,66,1,5,False,10,10
10520,160,unweighted_fl,10,0.1618232484076433,0,26,None,66,1,5,False,10,10
10521,161,unweighted_fl,10,0.167296974522293,0,26,None,66,1,5,False,10,10
10522,162,unweighted_fl,10,0.1713773885350318,0,26,None,66,1,5,False,10,10
10523,163,unweighted_fl,10,0.177249203821656,0,26,None,66,1,5,False,10,10
10524,164,unweighted_fl,10,0.1820262738853503,0,26,None,66,1,5,False,10,10
10525,160,unweighted_fl,10,0.1541600318471337,0,24,None,66,1,5,False,10,10
10526,161,unweighted_fl,10,0.1548566878980891,0,24,None,66,1,5,False,10,10
10527,162,unweighted_fl,10,0.1642117834394904,0,24,None,66,1,5,False,10,10
10528,163,unweighted_fl,10,0.1730692675159235,0,24,None,66,1,5,False,10,10
10529,164,unweighted_fl,10,0.1823248407643312,0,24,None,66,1,5,False,10,10
10530,160,unweighted_fl,10,0.1556528662420382,0,27,None,66,1,5,False,10,10
10531,161,unweighted_fl,10,0.1394307324840764,0,27,None,66,1,5,False,10,10
10532,162,unweighted_fl,10,0.1359474522292993,0,27,None,66,1,5,False,10,10
10533,163,unweighted_fl,10,0.1423168789808917,0,27,None,66,1,5,False,10,10
10534,164,unweighted_fl,10,0.1552547770700637,0,27,None,66,1,5,False,10,10
10535,160,unweighted_fl,10,0.1538614649681528,0,28,None,66,1,5,False,10,10
10536,161,unweighted_fl,10,0.1213176751592356,0,28,None,66,1,5,False,10,10
10537,162,unweighted_fl,10,0.1026074840764331,0,28,None,66,1,5,False,10,10
10538,163,unweighted_fl,10,0.0980294585987261,0,28,None,66,1,5,False,10,10
10539,164,unweighted_fl,10,0.0999203821656051,0,28,None,66,1,5,False,10,10
10540,160,unweighted_fl,10,0.1207205414012738,0,29,None,66,1,5,False,10,10
10541,161,unweighted_fl,10,0.1083797770700636,0,29,None,66,1,5,False,10,10
10542,162,unweighted_fl,10,0.1070859872611465,0,29,None,66,1,5,False,10,10
10543,163,unweighted_fl,10,0.1116640127388535,0,29,None,66,1,5,False,10,10
10544,164,unweighted_fl,10,0.1223128980891719,0,29,None,66,1,5,False,10,10
10545,160,unweighted_fl,10,0.1725716560509554,0,31,None,66,1,5,False,10,10
10546,161,unweighted_fl,10,0.1784434713375796,0,31,None,66,1,5,False,10,10
10547,162,unweighted_fl,10,0.1819267515923567,0,31,None,66,1,5,False,10,10
10548,163,unweighted_fl,10,0.1839171974522293,0,31,None,66,1,5,False,10,10
10549,164,unweighted_fl,10,0.1884952229299363,0,31,None,66,1,5,False,10,10
10550,160,unweighted_fl,10,0.1375398089171974,0,32,None,66,1,5,False,10,10
10551,161,unweighted_fl,10,0.1289808917197452,0,32,None,66,1,5,False,10,10
10552,162,unweighted_fl,10,0.1319665605095541,0,32,None,66,1,5,False,10,10
10553,163,unweighted_fl,10,0.1425159235668789,0,32,None,66,1,5,False,10,10
10554,164,unweighted_fl,10,0.1590366242038216,0,32,None,66,1,5,False,10,10
10555,160,unweighted_fl,10,0.1734673566878981,0,30,None,66,1,5,False,10,10
10556,161,unweighted_fl,10,0.1803343949044586,0,30,None,66,1,5,False,10,10
10557,162,unweighted_fl,10,0.1828224522292993,0,30,None,66,1,5,False,10,10
10558,163,unweighted_fl,10,0.1843152866242038,0,30,None,66,1,5,False,10,10
10559,164,unweighted_fl,10,0.185609076433121,0,30,None,66,1,5,False,10,10
10560,165,unweighted_fl,10,0.195561305732484,0,0,None,66,1,5,False,10,10
10561,166,unweighted_fl,10,0.1836186305732484,0,0,None,66,1,5,False,10,10
10562,167,unweighted_fl,10,0.1870023885350318,0,0,None,66,1,5,False,10,10
10563,168,unweighted_fl,10,0.1899880573248407,0,0,None,66,1,5,False,10,10
10564,169,unweighted_fl,10,0.1919785031847133,0,0,None,66,1,5,False,10,10
10565,165,unweighted_fl,10,0.1797372611464968,0,2,None,66,1,5,False,10,10
10566,166,unweighted_fl,10,0.1822253184713375,0,2,None,66,1,5,False,10,10
10567,167,unweighted_fl,10,0.1850119426751592,0,2,None,66,1,5,False,10,10
10568,168,unweighted_fl,10,0.1888933121019108,0,2,None,66,1,5,False,10,10
10569,169,unweighted_fl,10,0.1924761146496815,0,2,None,66,1,5,False,10,10
10570,165,unweighted_fl,10,0.1805334394904458,0,1,None,66,1,5,False,10,10
10571,166,unweighted_fl,10,0.1848128980891719,0,1,None,66,1,5,False,10,10
10572,167,unweighted_fl,10,0.1949641719745223,0,1,None,66,1,5,False,10,10
10573,168,unweighted_fl,10,0.205812101910828,0,1,None,66,1,5,False,10,10
10574,169,unweighted_fl,10,0.2044187898089172,0,1,None,66,1,5,False,10,10
10575,165,unweighted_fl,10,0.1708797770700637,0,3,None,66,1,5,False,10,10
10576,166,unweighted_fl,10,0.1708797770700637,0,3,None,66,1,5,False,10,10
10577,167,unweighted_fl,10,0.1742635350318471,0,3,None,66,1,5,False,10,10
10578,168,unweighted_fl,10,0.1980493630573248,0,3,None,66,1,5,False,10,10
10579,169,unweighted_fl,10,0.1996417197452229,0,3,None,66,1,5,False,10,10
10580,165,unweighted_fl,10,0.1728702229299363,0,5,None,66,1,5,False,10,10
10581,166,unweighted_fl,10,0.1695859872611465,0,5,None,66,1,5,False,10,10
10582,167,unweighted_fl,10,0.1698845541401273,0,5,None,66,1,5,False,10,10
10583,168,unweighted_fl,10,0.1728702229299363,0,5,None,66,1,5,False,10,10
10584,169,unweighted_fl,10,0.1970541401273885,0,5,None,66,1,5,False,10,10
10585,165,unweighted_fl,10,0.1870023885350318,0,6,None,66,1,5,False,10,10
10586,166,unweighted_fl,10,0.1918789808917197,0,6,None,66,1,5,False,10,10
10587,167,unweighted_fl,10,0.1730692675159235,0,6,None,66,1,5,False,10,10
10588,168,unweighted_fl,10,0.1781449044585987,0,6,None,66,1,5,False,10,10
10589,169,unweighted_fl,10,0.1814291401273885,0,6,None,66,1,5,False,10,10
10590,165,unweighted_fl,10,0.1817277070063694,0,4,None,66,1,5,False,10,10
10591,166,unweighted_fl,10,0.1828224522292993,0,4,None,66,1,5,False,10,10
10592,167,unweighted_fl,10,0.185609076433121,0,4,None,66,1,5,False,10,10
10593,168,unweighted_fl,10,0.1902866242038216,0,4,None,66,1,5,False,10,10
10594,169,unweighted_fl,10,0.1963574840764331,0,4,None,66,1,5,False,10,10
10595,165,unweighted_fl,10,0.1835191082802547,0,7,None,66,1,5,False,10,10
10596,166,unweighted_fl,10,0.185609076433121,0,7,None,66,1,5,False,10,10
10597,167,unweighted_fl,10,0.1887937898089172,0,7,None,66,1,5,False,10,10
10598,168,unweighted_fl,10,0.1908837579617834,0,7,None,66,1,5,False,10,10
10599,169,unweighted_fl,10,0.1925756369426751,0,7,None,66,1,5,False,10,10
10600,165,unweighted_fl,10,0.1797372611464968,0,9,None,66,1,5,False,10,10
10601,166,unweighted_fl,10,0.1817277070063694,0,9,None,66,1,5,False,10,10
10602,167,unweighted_fl,10,0.1842157643312102,0,9,None,66,1,5,False,10,10
10603,168,unweighted_fl,10,0.1876990445859872,0,9,None,66,1,5,False,10,10
10604,169,unweighted_fl,10,0.190187101910828,0,9,None,66,1,5,False,10,10
10605,165,unweighted_fl,10,0.1748606687898089,0,10,None,66,1,5,False,10,10
10606,166,unweighted_fl,10,0.172671178343949,0,10,None,66,1,5,False,10,10
10607,167,unweighted_fl,10,0.1760549363057325,0,10,None,66,1,5,False,10,10
10608,168,unweighted_fl,10,0.1809315286624203,0,10,None,66,1,5,False,10,10
10609,169,unweighted_fl,10,0.183718152866242,0,10,None,66,1,5,False,10,10
10610,165,unweighted_fl,10,0.1989450636942675,0,8,None,66,1,5,False,10,10
10611,166,unweighted_fl,10,0.1879976114649681,0,8,None,66,1,5,False,10,10
10612,167,unweighted_fl,10,0.1853105095541401,0,8,None,66,1,5,False,10,10
10613,168,unweighted_fl,10,0.1714769108280254,0,8,None,66,1,5,False,10,10
10614,169,unweighted_fl,10,0.1765525477707006,0,8,None,66,1,5,False,10,10
10615,165,unweighted_fl,10,0.1874004777070063,0,11,None,66,1,5,False,10,10
10616,166,unweighted_fl,10,0.192078025477707,0,11,None,66,1,5,False,10,10
10617,167,unweighted_fl,10,0.1888933121019108,0,11,None,66,1,5,False,10,10
10618,168,unweighted_fl,10,0.1900875796178344,0,11,None,66,1,5,False,10,10
10619,169,unweighted_fl,10,0.1918789808917197,0,11,None,66,1,5,False,10,10
10620,165,unweighted_fl,10,0.1830214968152866,0,12,None,66,1,5,False,10,10
10621,166,unweighted_fl,10,0.1859076433121019,0,12,None,66,1,5,False,10,10
10622,167,unweighted_fl,10,0.1896894904458598,0,12,None,66,1,5,False,10,10
10623,168,unweighted_fl,10,0.192078025477707,0,12,None,66,1,5,False,10,10
10624,169,unweighted_fl,10,0.1934713375796178,0,12,None,66,1,5,False,10,10
10625,165,unweighted_fl,10,0.1878980891719745,0,13,None,66,1,5,False,10,10
10626,166,unweighted_fl,10,0.1916799363057325,0,13,None,66,1,5,False,10,10
10627,167,unweighted_fl,10,0.1961584394904458,0,13,None,66,1,5,False,10,10
10628,168,unweighted_fl,10,0.2037221337579617,0,13,None,66,1,5,False,10,10
10629,169,unweighted_fl,10,0.1936703821656051,0,13,None,66,1,5,False,10,10
10630,165,unweighted_fl,10,0.1906847133757961,0,15,None,66,1,5,False,10,10
10631,166,unweighted_fl,10,0.1958598726114649,0,15,None,66,1,5,False,10,10
10632,167,unweighted_fl,10,0.2157643312101911,0,15,None,66,1,5,False,10,10
10633,168,unweighted_fl,10,0.1932722929936305,0,15,None,66,1,5,False,10,10
10634,169,unweighted_fl,10,0.1938694267515923,0,15,None,66,1,5,False,10,10
10635,165,unweighted_fl,10,0.1895899681528662,0,16,None,66,1,5,False,10,10
10636,166,unweighted_fl,10,0.196656050955414,0,16,None,66,1,5,False,10,10
10637,167,unweighted_fl,10,0.2050159235668789,0,16,None,66,1,5,False,10,10
10638,168,unweighted_fl,10,0.2140724522292993,0,16,None,66,1,5,False,10,10
10639,169,unweighted_fl,10,0.2255175159235669,0,16,None,66,1,5,False,10,10
10640,165,unweighted_fl,10,0.1820262738853503,0,14,None,66,1,5,False,10,10
10641,166,unweighted_fl,10,0.1871019108280254,0,14,None,66,1,5,False,10,10
10642,167,unweighted_fl,10,0.1866042993630573,0,14,None,66,1,5,False,10,10
10643,168,unweighted_fl,10,0.1762539808917197,0,14,None,66,1,5,False,10,10
10644,169,unweighted_fl,10,0.181827229299363,0,14,None,66,1,5,False,10,10
10645,165,unweighted_fl,10,0.1784434713375796,0,17,None,66,1,5,False,10,10
10646,166,unweighted_fl,10,0.1725716560509554,0,17,None,66,1,5,False,10,10
10647,167,unweighted_fl,10,0.1766520700636942,0,17,None,66,1,5,False,10,10
10648,168,unweighted_fl,10,0.2123805732484076,0,17,None,66,1,5,False,10,10
10649,169,unweighted_fl,10,0.2129777070063694,0,17,None,66,1,5,False,10,10
10650,165,unweighted_fl,10,0.206608280254777,0,18,None,66,1,5,False,10,10
10651,166,unweighted_fl,10,0.1841162420382165,0,18,None,66,1,5,False,10,10
10652,167,unweighted_fl,10,0.1870023885350318,0,18,None,66,1,5,False,10,10
10653,168,unweighted_fl,10,0.1897890127388535,0,18,None,66,1,5,False,10,10
10654,169,unweighted_fl,10,0.1913813694267516,0,18,None,66,1,5,False,10,10
10655,165,unweighted_fl,10,0.1795382165605095,0,19,None,66,1,5,False,10,10
10656,166,unweighted_fl,10,0.1760549363057325,0,19,None,66,1,5,False,10,10
10657,167,unweighted_fl,10,0.177249203821656,0,19,None,66,1,5,False,10,10
10658,168,unweighted_fl,10,0.1802348726114649,0,19,None,66,1,5,False,10,10
10659,169,unweighted_fl,10,0.1836186305732484,0,19,None,66,1,5,False,10,10
10660,165,unweighted_fl,10,0.1930732484076433,0,21,None,66,1,5,False,10,10
10661,166,unweighted_fl,10,0.1848128980891719,0,21,None,66,1,5,False,10,10
10662,167,unweighted_fl,10,0.1880971337579617,0,21,None,66,1,5,False,10,10
10663,168,unweighted_fl,10,0.1913813694267516,0,21,None,66,1,5,False,10,10
10664,169,unweighted_fl,10,0.192874203821656,0,21,None,66,1,5,False,10,10
10665,165,unweighted_fl,10,0.192078025477707,0,22,None,66,1,5,False,10,10
10666,166,unweighted_fl,10,0.1845143312101911,0,22,None,66,1,5,False,10,10
10667,167,unweighted_fl,10,0.1866042993630573,0,22,None,66,1,5,False,10,10
10668,168,unweighted_fl,10,0.1900875796178344,0,22,None,66,1,5,False,10,10
10669,169,unweighted_fl,10,0.1914808917197452,0,22,None,66,1,5,False,10,10
10670,165,unweighted_fl,10,0.1868033439490445,0,20,None,66,1,5,False,10,10
10671,166,unweighted_fl,10,0.1866042993630573,0,20,None,66,1,5,False,10,10
10672,167,unweighted_fl,10,0.1908837579617834,0,20,None,66,1,5,False,10,10
10673,168,unweighted_fl,10,0.192874203821656,0,20,None,66,1,5,False,10,10
10674,169,unweighted_fl,10,0.1939689490445859,0,20,None,66,1,5,False,10,10
10675,165,unweighted_fl,10,0.1746616242038216,0,23,None,66,1,5,False,10,10
10676,166,unweighted_fl,10,0.1785429936305732,0,23,None,66,1,5,False,10,10
10677,167,unweighted_fl,10,0.1846138535031847,0,23,None,66,1,5,False,10,10
10678,168,unweighted_fl,10,0.1911823248407643,0,23,None,66,1,5,False,10,10
10679,169,unweighted_fl,10,0.1981488853503184,0,23,None,66,1,5,False,10,10
10680,165,unweighted_fl,10,0.1790406050955414,0,25,None,66,1,5,False,10,10
10681,166,unweighted_fl,10,0.1821257961783439,0,25,None,66,1,5,False,10,10
10682,167,unweighted_fl,10,0.1846138535031847,0,25,None,66,1,5,False,10,10
10683,168,unweighted_fl,10,0.1875,0,25,None,66,1,5,False,10,10
10684,169,unweighted_fl,10,0.1919785031847133,0,25,None,66,1,5,False,10,10
10685,165,unweighted_fl,10,0.1820262738853503,0,26,None,66,1,5,False,10,10
10686,166,unweighted_fl,10,0.1848128980891719,0,26,None,66,1,5,False,10,10
10687,167,unweighted_fl,10,0.1880971337579617,0,26,None,66,1,5,False,10,10
10688,168,unweighted_fl,10,0.1919785031847133,0,26,None,66,1,5,False,10,10
10689,169,unweighted_fl,10,0.1940684713375796,0,26,None,66,1,5,False,10,10
10690,165,unweighted_fl,10,0.1832205414012739,0,24,None,66,1,5,False,10,10
10691,166,unweighted_fl,10,0.1898885350318471,0,24,None,66,1,5,False,10,10
10692,167,unweighted_fl,10,0.1999402866242038,0,24,None,66,1,5,False,10,10
10693,168,unweighted_fl,10,0.2089968152866242,0,24,None,66,1,5,False,10,10
10694,169,unweighted_fl,10,0.2061106687898089,0,24,None,66,1,5,False,10,10
10695,165,unweighted_fl,10,0.1754578025477707,0,27,None,66,1,5,False,10,10
10696,166,unweighted_fl,10,0.1773487261146497,0,27,None,66,1,5,False,10,10
10697,167,unweighted_fl,10,0.1804339171974522,0,27,None,66,1,5,False,10,10
10698,168,unweighted_fl,10,0.1840167197452229,0,27,None,66,1,5,False,10,10
10699,169,unweighted_fl,10,0.1877985668789809,0,27,None,66,1,5,False,10,10
10700,165,unweighted_fl,10,0.1741640127388535,0,29,None,66,1,5,False,10,10
10701,166,unweighted_fl,10,0.1741640127388535,0,29,None,66,1,5,False,10,10
10702,167,unweighted_fl,10,0.1757563694267516,0,29,None,66,1,5,False,10,10
10703,168,unweighted_fl,10,0.1793391719745223,0,29,None,66,1,5,False,10,10
10704,169,unweighted_fl,10,0.1833200636942675,0,29,None,66,1,5,False,10,10
10705,165,unweighted_fl,10,0.1863057324840764,0,30,None,66,1,5,False,10,10
10706,166,unweighted_fl,10,0.1877985668789809,0,30,None,66,1,5,False,10,10
10707,167,unweighted_fl,10,0.1899880573248407,0,30,None,66,1,5,False,10,10
10708,168,unweighted_fl,10,0.1917794585987261,0,30,None,66,1,5,False,10,10
10709,169,unweighted_fl,10,0.1930732484076433,0,30,None,66,1,5,False,10,10
10710,165,unweighted_fl,10,0.1814291401273885,0,28,None,66,1,5,False,10,10
10711,166,unweighted_fl,10,0.1803343949044586,0,28,None,66,1,5,False,10,10
10712,167,unweighted_fl,10,0.190187101910828,0,28,None,66,1,5,False,10,10
10713,168,unweighted_fl,10,0.1795382165605095,0,28,None,66,1,5,False,10,10
10714,169,unweighted_fl,10,0.1808320063694267,0,28,None,66,1,5,False,10,10
10715,165,unweighted_fl,10,0.1860071656050955,0,31,None,66,1,5,False,10,10
10716,166,unweighted_fl,10,0.1888933121019108,0,31,None,66,1,5,False,10,10
10717,167,unweighted_fl,10,0.1942675159235669,0,31,None,66,1,5,False,10,10
10718,168,unweighted_fl,10,0.2013335987261146,0,31,None,66,1,5,False,10,10
10719,169,unweighted_fl,10,0.2089968152866242,0,31,None,66,1,5,False,10,10
10720,165,unweighted_fl,10,0.1765525477707006,0,32,None,66,1,5,False,10,10
10721,166,unweighted_fl,10,0.1784434713375796,0,32,None,66,1,5,False,10,10
10722,167,unweighted_fl,10,0.1832205414012739,0,32,None,66,1,5,False,10,10
10723,168,unweighted_fl,10,0.1939689490445859,0,32,None,66,1,5,False,10,10
10724,169,unweighted_fl,10,0.2001393312101911,0,32,None,66,1,5,False,10,10
10725,170,unweighted_fl,10,0.1921775477707006,0,0,None,66,1,5,False,10,10
10726,171,unweighted_fl,10,0.1932722929936305,0,0,None,66,1,5,False,10,10
10727,172,unweighted_fl,10,0.1937699044585987,0,0,None,66,1,5,False,10,10
10728,173,unweighted_fl,10,0.1942675159235669,0,0,None,66,1,5,False,10,10
10729,174,unweighted_fl,10,0.1948646496815286,0,0,None,66,1,5,False,10,10
10730,170,unweighted_fl,10,0.1950636942675159,0,2,None,66,1,5,False,10,10
10731,171,unweighted_fl,10,0.1953622611464968,0,2,None,66,1,5,False,10,10
10732,172,unweighted_fl,10,0.1961584394904458,0,2,None,66,1,5,False,10,10
10733,173,unweighted_fl,10,0.1972531847133758,0,2,None,66,1,5,False,10,10
10734,174,unweighted_fl,10,0.1986464968152866,0,2,None,66,1,5,False,10,10
10735,170,unweighted_fl,10,0.2048168789808917,0,1,None,66,1,5,False,10,10
10736,171,unweighted_fl,10,0.2183519108280254,0,1,None,66,1,5,False,10,10
10737,172,unweighted_fl,10,0.219546178343949,0,1,None,66,1,5,False,10,10
10738,173,unweighted_fl,10,0.2134753184713375,0,1,None,66,1,5,False,10,10
10739,174,unweighted_fl,10,0.2109872611464968,0,1,None,66,1,5,False,10,10
10740,170,unweighted_fl,10,0.1899880573248407,0,3,None,66,1,5,False,10,10
10741,171,unweighted_fl,10,0.1923765923566879,0,3,None,66,1,5,False,10,10
10742,172,unweighted_fl,10,0.1944665605095541,0,3,None,66,1,5,False,10,10
10743,173,unweighted_fl,10,0.2049164012738853,0,3,None,66,1,5,False,10,10
10744,174,unweighted_fl,10,0.2068073248407643,0,3,None,66,1,5,False,10,10
10745,170,unweighted_fl,10,0.1981488853503184,0,4,None,66,1,5,False,10,10
10746,171,unweighted_fl,10,0.2056130573248407,0,4,None,66,1,5,False,10,10
10747,172,unweighted_fl,10,0.2121815286624203,0,4,None,66,1,5,False,10,10
10748,173,unweighted_fl,10,0.2178542993630573,0,4,None,66,1,5,False,10,10
10749,174,unweighted_fl,10,0.2225318471337579,0,4,None,66,1,5,False,10,10
10750,170,unweighted_fl,10,0.1887937898089172,0,5,None,66,1,5,False,10,10
10751,171,unweighted_fl,10,0.1883957006369426,0,5,None,66,1,5,False,10,10
10752,172,unweighted_fl,10,0.1888933121019108,0,5,None,66,1,5,False,10,10
10753,173,unweighted_fl,10,0.1895899681528662,0,5,None,66,1,5,False,10,10
10754,174,unweighted_fl,10,0.1953622611464968,0,5,None,66,1,5,False,10,10
10755,170,unweighted_fl,10,0.1937699044585987,0,7,None,66,1,5,False,10,10
10756,171,unweighted_fl,10,0.194765127388535,0,7,None,66,1,5,False,10,10
10757,172,unweighted_fl,10,0.1959593949044586,0,7,None,66,1,5,False,10,10
10758,173,unweighted_fl,10,0.1965565286624203,0,7,None,66,1,5,False,10,10
10759,174,unweighted_fl,10,0.1964570063694267,0,7,None,66,1,5,False,10,10
10760,170,unweighted_fl,10,0.1963574840764331,0,6,None,66,1,5,False,10,10
10761,171,unweighted_fl,10,0.2006369426751592,0,6,None,66,1,5,False,10,10
10762,172,unweighted_fl,10,0.2002388535031847,0,6,None,66,1,5,False,10,10
10763,173,unweighted_fl,10,0.1905851910828025,0,6,None,66,1,5,False,10,10
10764,174,unweighted_fl,10,0.1927746815286624,0,6,None,66,1,5,False,10,10
10765,170,unweighted_fl,10,0.1933718152866242,0,8,None,66,1,5,False,10,10
10766,171,unweighted_fl,10,0.1980493630573248,0,8,None,66,1,5,False,10,10
10767,172,unweighted_fl,10,0.1983479299363057,0,8,None,66,1,5,False,10,10
10768,173,unweighted_fl,10,0.2090963375796178,0,8,None,66,1,5,False,10,10
10769,174,unweighted_fl,10,0.2458200636942675,0,8,None,66,1,5,False,10,10
10770,170,unweighted_fl,10,0.1906847133757961,0,10,None,66,1,5,False,10,10
10771,171,unweighted_fl,10,0.1905851910828025,0,10,None,66,1,5,False,10,10
10772,172,unweighted_fl,10,0.1924761146496815,0,10,None,66,1,5,False,10,10
10773,173,unweighted_fl,10,0.1934713375796178,0,10,None,66,1,5,False,10,10
10774,174,unweighted_fl,10,0.1944665605095541,0,10,None,66,1,5,False,10,10
10775,170,unweighted_fl,10,0.1911823248407643,0,9,None,66,1,5,False,10,10
10776,171,unweighted_fl,10,0.1926751592356688,0,9,None,66,1,5,False,10,10
10777,172,unweighted_fl,10,0.1936703821656051,0,9,None,66,1,5,False,10,10
10778,173,unweighted_fl,10,0.194765127388535,0,9,None,66,1,5,False,10,10
10779,174,unweighted_fl,10,0.1959593949044586,0,9,None,66,1,5,False,10,10
10780,170,unweighted_fl,10,0.2242237261146497,0,11,None,66,1,5,False,10,10
10781,171,unweighted_fl,10,0.1938694267515923,0,11,None,66,1,5,False,10,10
10782,172,unweighted_fl,10,0.1943670382165605,0,11,None,66,1,5,False,10,10
10783,173,unweighted_fl,10,0.1958598726114649,0,11,None,66,1,5,False,10,10
10784,174,unweighted_fl,10,0.1971536624203821,0,11,None,66,1,5,False,10,10
10785,170,unweighted_fl,10,0.2048168789808917,0,13,None,66,1,5,False,10,10
10786,171,unweighted_fl,10,0.1916799363057325,0,13,None,66,1,5,False,10,10
10787,172,unweighted_fl,10,0.1918789808917197,0,13,None,66,1,5,False,10,10
10788,173,unweighted_fl,10,0.1926751592356688,0,13,None,66,1,5,False,10,10
10789,174,unweighted_fl,10,0.1930732484076433,0,13,None,66,1,5,False,10,10
10790,170,unweighted_fl,10,0.1932722929936305,0,14,None,66,1,5,False,10,10
10791,171,unweighted_fl,10,0.1967555732484076,0,14,None,66,1,5,False,10,10
10792,172,unweighted_fl,10,0.2004378980891719,0,14,None,66,1,5,False,10,10
10793,173,unweighted_fl,10,0.1949641719745223,0,14,None,66,1,5,False,10,10
10794,174,unweighted_fl,10,0.2001393312101911,0,14,None,66,1,5,False,10,10
10795,170,unweighted_fl,10,0.1924761146496815,0,12,None,66,1,5,False,10,10
10796,171,unweighted_fl,10,0.1934713375796178,0,12,None,66,1,5,False,10,10
10797,172,unweighted_fl,10,0.1941679936305732,0,12,None,66,1,5,False,10,10
10798,173,unweighted_fl,10,0.1950636942675159,0,12,None,66,1,5,False,10,10
10799,174,unweighted_fl,10,0.1959593949044586,0,12,None,66,1,5,False,10,10
10800,170,unweighted_fl,10,0.206608280254777,0,15,None,66,1,5,False,10,10
10801,171,unweighted_fl,10,0.1973527070063694,0,15,None,66,1,5,False,10,10
10802,172,unweighted_fl,10,0.1971536624203821,0,15,None,66,1,5,False,10,10
10803,173,unweighted_fl,10,0.1978503184713375,0,15,None,66,1,5,False,10,10
10804,174,unweighted_fl,10,0.2001393312101911,0,15,None,66,1,5,False,10,10
10805,170,unweighted_fl,10,0.1896894904458598,0,17,None,66,1,5,False,10,10
10806,171,unweighted_fl,10,0.1913813694267516,0,17,None,66,1,5,False,10,10
10807,172,unweighted_fl,10,0.1942675159235669,0,17,None,66,1,5,False,10,10
10808,173,unweighted_fl,10,0.2056130573248407,0,17,None,66,1,5,False,10,10
10809,174,unweighted_fl,10,0.2075039808917197,0,17,None,66,1,5,False,10,10
10810,170,unweighted_fl,10,0.1931727707006369,0,18,None,66,1,5,False,10,10
10811,171,unweighted_fl,10,0.1939689490445859,0,18,None,66,1,5,False,10,10
10812,172,unweighted_fl,10,0.1945660828025477,0,18,None,66,1,5,False,10,10
10813,173,unweighted_fl,10,0.1952627388535031,0,18,None,66,1,5,False,10,10
10814,174,unweighted_fl,10,0.1962579617834395,0,18,None,66,1,5,False,10,10
10815,170,unweighted_fl,10,0.2109872611464968,0,16,None,66,1,5,False,10,10
10816,171,unweighted_fl,10,0.2190485668789809,0,16,None,66,1,5,False,10,10
10817,172,unweighted_fl,10,0.197452229299363,0,16,None,66,1,5,False,10,10
10818,173,unweighted_fl,10,0.1982484076433121,0,16,None,66,1,5,False,10,10
10819,174,unweighted_fl,10,0.1984474522292993,0,16,None,66,1,5,False,10,10
10820,170,unweighted_fl,10,0.1892914012738853,0,19,None,66,1,5,False,10,10
10821,171,unweighted_fl,10,0.1905851910828025,0,19,None,66,1,5,False,10,10
10822,172,unweighted_fl,10,0.1910828025477707,0,19,None,66,1,5,False,10,10
10823,173,unweighted_fl,10,0.1913813694267516,0,19,None,66,1,5,False,10,10
10824,174,unweighted_fl,10,0.1914808917197452,0,19,None,66,1,5,False,10,10
10825,170,unweighted_fl,10,0.1933718152866242,0,21,None,66,1,5,False,10,10
10826,171,unweighted_fl,10,0.1941679936305732,0,21,None,66,1,5,False,10,10
10827,172,unweighted_fl,10,0.1958598726114649,0,21,None,66,1,5,False,10,10
10828,173,unweighted_fl,10,0.199343152866242,0,21,None,66,1,5,False,10,10
10829,174,unweighted_fl,10,0.2025278662420382,0,21,None,66,1,5,False,10,10
10830,170,unweighted_fl,10,0.1942675159235669,0,22,None,66,1,5,False,10,10
10831,171,unweighted_fl,10,0.1938694267515923,0,22,None,66,1,5,False,10,10
10832,172,unweighted_fl,10,0.1937699044585987,0,22,None,66,1,5,False,10,10
10833,173,unweighted_fl,10,0.1950636942675159,0,22,None,66,1,5,False,10,10
10834,174,unweighted_fl,10,0.1973527070063694,0,22,None,66,1,5,False,10,10
10835,170,unweighted_fl,10,0.1935708598726114,0,20,None,66,1,5,False,10,10
10836,171,unweighted_fl,10,0.1944665605095541,0,20,None,66,1,5,False,10,10
10837,172,unweighted_fl,10,0.1951632165605095,0,20,None,66,1,5,False,10,10
10838,173,unweighted_fl,10,0.1956608280254777,0,20,None,66,1,5,False,10,10
10839,174,unweighted_fl,10,0.1964570063694267,0,20,None,66,1,5,False,10,10
10840,170,unweighted_fl,10,0.1983479299363057,0,23,None,66,1,5,False,10,10
10841,171,unweighted_fl,10,0.2007364649681528,0,23,None,66,1,5,False,10,10
10842,172,unweighted_fl,10,0.2047173566878981,0,23,None,66,1,5,False,10,10
10843,173,unweighted_fl,10,0.2059116242038216,0,23,None,66,1,5,False,10,10
10844,174,unweighted_fl,10,0.2074044585987261,0,23,None,66,1,5,False,10,10
10845,170,unweighted_fl,10,0.1925756369426751,0,25,None,66,1,5,False,10,10
10846,171,unweighted_fl,10,0.1946656050955414,0,25,None,66,1,5,False,10,10
10847,172,unweighted_fl,10,0.1991441082802547,0,25,None,66,1,5,False,10,10
10848,173,unweighted_fl,10,0.2007364649681528,0,25,None,66,1,5,False,10,10
10849,174,unweighted_fl,10,0.2035230891719745,0,25,None,66,1,5,False,10,10
10850,170,unweighted_fl,10,0.1969546178343949,0,26,None,66,1,5,False,10,10
10851,171,unweighted_fl,10,0.1971536624203821,0,26,None,66,1,5,False,10,10
10852,172,unweighted_fl,10,0.1976512738853503,0,26,None,66,1,5,False,10,10
10853,173,unweighted_fl,10,0.198546974522293,0,26,None,66,1,5,False,10,10
10854,174,unweighted_fl,10,0.1997412420382165,0,26,None,66,1,5,False,10,10
10855,170,unweighted_fl,10,0.2100915605095541,0,24,None,66,1,5,False,10,10
10856,171,unweighted_fl,10,0.2146695859872611,0,24,None,66,1,5,False,10,10
10857,172,unweighted_fl,10,0.1942675159235669,0,24,None,66,1,5,False,10,10
10858,173,unweighted_fl,10,0.1911823248407643,0,24,None,66,1,5,False,10,10
10859,174,unweighted_fl,10,0.1918789808917197,0,24,None,66,1,5,False,10,10
10860,170,unweighted_fl,10,0.1914808917197452,0,27,None,66,1,5,False,10,10
10861,171,unweighted_fl,10,0.1925756369426751,0,27,None,66,1,5,False,10,10
10862,172,unweighted_fl,10,0.1934713375796178,0,27,None,66,1,5,False,10,10
10863,173,unweighted_fl,10,0.1940684713375796,0,27,None,66,1,5,False,10,10
10864,174,unweighted_fl,10,0.194765127388535,0,27,None,66,1,5,False,10,10
10865,170,unweighted_fl,10,0.1918789808917197,0,28,None,66,1,5,False,10,10
10866,171,unweighted_fl,10,0.1924761146496815,0,28,None,66,1,5,False,10,10
10867,172,unweighted_fl,10,0.1931727707006369,0,28,None,66,1,5,False,10,10
10868,173,unweighted_fl,10,0.1948646496815286,0,28,None,66,1,5,False,10,10
10869,174,unweighted_fl,10,0.1960589171974522,0,28,None,66,1,5,False,10,10
10870,170,unweighted_fl,10,0.1913813694267516,0,29,None,66,1,5,False,10,10
10871,171,unweighted_fl,10,0.192078025477707,0,29,None,66,1,5,False,10,10
10872,172,unweighted_fl,10,0.192874203821656,0,29,None,66,1,5,False,10,10
10873,173,unweighted_fl,10,0.1932722929936305,0,29,None,66,1,5,False,10,10
10874,174,unweighted_fl,10,0.1948646496815286,0,29,None,66,1,5,False,10,10
10875,170,unweighted_fl,10,0.197452229299363,0,31,None,66,1,5,False,10,10
10876,171,unweighted_fl,10,0.1996417197452229,0,31,None,66,1,5,False,10,10
10877,172,unweighted_fl,10,0.2026273885350318,0,31,None,66,1,5,False,10,10
10878,173,unweighted_fl,10,0.2082006369426751,0,31,None,66,1,5,False,10,10
10879,174,unweighted_fl,10,0.2139729299363057,0,31,None,66,1,5,False,10,10
10880,170,unweighted_fl,10,0.1986464968152866,0,32,None,66,1,5,False,10,10
10881,171,unweighted_fl,10,0.205812101910828,0,32,None,66,1,5,False,10,10
10882,172,unweighted_fl,10,0.2030254777070063,0,32,None,66,1,5,False,10,10
10883,173,unweighted_fl,10,0.1956608280254777,0,32,None,66,1,5,False,10,10
10884,174,unweighted_fl,10,0.1939689490445859,0,32,None,66,1,5,False,10,10
10885,170,unweighted_fl,10,0.1927746815286624,0,30,None,66,1,5,False,10,10
10886,171,unweighted_fl,10,0.1934713375796178,0,30,None,66,1,5,False,10,10
10887,172,unweighted_fl,10,0.1937699044585987,0,30,None,66,1,5,False,10,10
10888,173,unweighted_fl,10,0.1957603503184713,0,30,None,66,1,5,False,10,10
10889,174,unweighted_fl,10,0.1978503184713375,0,30,None,66,1,5,False,10,10
10890,175,unweighted_fl,10,0.2206409235668789,0,1,None,66,1,5,False,10,10
10891,176,unweighted_fl,10,0.2245222929936305,0,1,None,66,1,5,False,10,10
10892,177,unweighted_fl,10,0.2202428343949044,0,1,None,66,1,5,False,10,10
10893,178,unweighted_fl,10,0.2221337579617834,0,1,None,66,1,5,False,10,10
10894,179,unweighted_fl,10,0.2267117834394904,0,1,None,66,1,5,False,10,10
10895,175,unweighted_fl,10,0.1946656050955414,0,0,None,66,1,5,False,10,10
10896,176,unweighted_fl,10,0.1951632165605095,0,0,None,66,1,5,False,10,10
10897,177,unweighted_fl,10,0.1956608280254777,0,0,None,66,1,5,False,10,10
10898,178,unweighted_fl,10,0.195561305732484,0,0,None,66,1,5,False,10,10
10899,179,unweighted_fl,10,0.1953622611464968,0,0,None,66,1,5,False,10,10
10900,175,unweighted_fl,10,0.2004378980891719,0,2,None,66,1,5,False,10,10
10901,176,unweighted_fl,10,0.2018312101910828,0,2,None,66,1,5,False,10,10
10902,177,unweighted_fl,10,0.2015326433121019,0,2,None,66,1,5,False,10,10
10903,178,unweighted_fl,10,0.2027269108280254,0,2,None,66,1,5,False,10,10
10904,179,unweighted_fl,10,0.2046178343949044,0,2,None,66,1,5,False,10,10
10905,175,unweighted_fl,10,0.1996417197452229,0,3,None,66,1,5,False,10,10
10906,176,unweighted_fl,10,0.2027269108280254,0,3,None,66,1,5,False,10,10
10907,177,unweighted_fl,10,0.2054140127388535,0,3,None,66,1,5,False,10,10
10908,178,unweighted_fl,10,0.2123805732484076,0,3,None,66,1,5,False,10,10
10909,179,unweighted_fl,10,0.2147691082802547,0,3,None,66,1,5,False,10,10
10910,175,unweighted_fl,10,0.2043192675159235,0,4,None,66,1,5,False,10,10
10911,176,unweighted_fl,10,0.2142714968152866,0,4,None,66,1,5,False,10,10
10912,177,unweighted_fl,10,0.2228304140127388,0,4,None,66,1,5,False,10,10
10913,178,unweighted_fl,10,0.2296974522292993,0,4,None,66,1,5,False,10,10
10914,179,unweighted_fl,10,0.2357683121019108,0,4,None,66,1,5,False,10,10
10915,175,unweighted_fl,10,0.1919785031847133,0,5,None,66,1,5,False,10,10
10916,176,unweighted_fl,10,0.1912818471337579,0,5,None,66,1,5,False,10,10
10917,177,unweighted_fl,10,0.1913813694267516,0,5,None,66,1,5,False,10,10
10918,178,unweighted_fl,10,0.1915804140127388,0,5,None,66,1,5,False,10,10
10919,179,unweighted_fl,10,0.1941679936305732,0,5,None,66,1,5,False,10,10
10920,175,unweighted_fl,10,0.2045183121019108,0,6,None,66,1,5,False,10,10
10921,176,unweighted_fl,10,0.2063097133757961,0,6,None,66,1,5,False,10,10
10922,177,unweighted_fl,10,0.2041202229299363,0,6,None,66,1,5,False,10,10
10923,178,unweighted_fl,10,0.1991441082802547,0,6,None,66,1,5,False,10,10
10924,179,unweighted_fl,10,0.1996417197452229,0,6,None,66,1,5,False,10,10
10925,175,unweighted_fl,10,0.1976512738853503,0,7,None,66,1,5,False,10,10
10926,176,unweighted_fl,10,0.1978503184713375,0,7,None,66,1,5,False,10,10
10927,177,unweighted_fl,10,0.1982484076433121,0,7,None,66,1,5,False,10,10
10928,178,unweighted_fl,10,0.1988455414012739,0,7,None,66,1,5,False,10,10
10929,179,unweighted_fl,10,0.1986464968152866,0,7,None,66,1,5,False,10,10
10930,175,unweighted_fl,10,0.1992436305732484,0,8,None,66,1,5,False,10,10
10931,176,unweighted_fl,10,0.2034235668789809,0,8,None,66,1,5,False,10,10
10932,177,unweighted_fl,10,0.2059116242038216,0,8,None,66,1,5,False,10,10
10933,178,unweighted_fl,10,0.2143710191082802,0,8,None,66,1,5,False,10,10
10934,179,unweighted_fl,10,0.2198447452229299,0,8,None,66,1,5,False,10,10
10935,175,unweighted_fl,10,0.1949641719745223,0,9,None,66,1,5,False,10,10
10936,176,unweighted_fl,10,0.1972531847133758,0,9,None,66,1,5,False,10,10
10937,177,unweighted_fl,10,0.1986464968152866,0,9,None,66,1,5,False,10,10
10938,178,unweighted_fl,10,0.1996417197452229,0,9,None,66,1,5,False,10,10
10939,179,unweighted_fl,10,0.2003383757961783,0,9,None,66,1,5,False,10,10
10940,175,unweighted_fl,10,0.1971536624203821,0,10,None,66,1,5,False,10,10
10941,176,unweighted_fl,10,0.1973527070063694,0,10,None,66,1,5,False,10,10
10942,177,unweighted_fl,10,0.1987460191082802,0,10,None,66,1,5,False,10,10
10943,178,unweighted_fl,10,0.1998407643312102,0,10,None,66,1,5,False,10,10
10944,179,unweighted_fl,10,0.2005374203821656,0,10,None,66,1,5,False,10,10
10945,175,unweighted_fl,10,0.1961584394904458,0,11,None,66,1,5,False,10,10
10946,176,unweighted_fl,10,0.1988455414012739,0,11,None,66,1,5,False,10,10
10947,177,unweighted_fl,10,0.2023288216560509,0,11,None,66,1,5,False,10,10
10948,178,unweighted_fl,10,0.2045183121019108,0,11,None,66,1,5,False,10,10
10949,179,unweighted_fl,10,0.2056130573248407,0,11,None,66,1,5,False,10,10
10950,175,unweighted_fl,10,0.1957603503184713,0,12,None,66,1,5,False,10,10
10951,176,unweighted_fl,10,0.1961584394904458,0,12,None,66,1,5,False,10,10
10952,177,unweighted_fl,10,0.1986464968152866,0,12,None,66,1,5,False,10,10
10953,178,unweighted_fl,10,0.1999402866242038,0,12,None,66,1,5,False,10,10
10954,179,unweighted_fl,10,0.2025278662420382,0,12,None,66,1,5,False,10,10
10955,175,unweighted_fl,10,0.2001393312101911,0,14,None,66,1,5,False,10,10
10956,176,unweighted_fl,10,0.2069068471337579,0,14,None,66,1,5,False,10,10
10957,177,unweighted_fl,10,0.2093949044585987,0,14,None,66,1,5,False,10,10
10958,178,unweighted_fl,10,0.2082006369426751,0,14,None,66,1,5,False,10,10
10959,179,unweighted_fl,10,0.2131767515923567,0,14,None,66,1,5,False,10,10
10960,175,unweighted_fl,10,0.1924761146496815,0,13,None,66,1,5,False,10,10
10961,176,unweighted_fl,10,0.1930732484076433,0,13,None,66,1,5,False,10,10
10962,177,unweighted_fl,10,0.1932722929936305,0,13,None,66,1,5,False,10,10
10963,178,unweighted_fl,10,0.1942675159235669,0,13,None,66,1,5,False,10,10
10964,179,unweighted_fl,10,0.1944665605095541,0,13,None,66,1,5,False,10,10
10965,175,unweighted_fl,10,0.2190485668789809,0,15,None,66,1,5,False,10,10
10966,176,unweighted_fl,10,0.2044187898089172,0,15,None,66,1,5,False,10,10
10967,177,unweighted_fl,10,0.2060111464968153,0,15,None,66,1,5,False,10,10
10968,178,unweighted_fl,10,0.2070063694267516,0,15,None,66,1,5,False,10,10
10969,179,unweighted_fl,10,0.2076035031847133,0,15,None,66,1,5,False,10,10
10970,175,unweighted_fl,10,0.2215366242038216,0,16,None,66,1,5,False,10,10
10971,176,unweighted_fl,10,0.2015326433121019,0,16,None,66,1,5,False,10,10
10972,177,unweighted_fl,10,0.2032245222929936,0,16,None,66,1,5,False,10,10
10973,178,unweighted_fl,10,0.2035230891719745,0,16,None,66,1,5,False,10,10
10974,179,unweighted_fl,10,0.2045183121019108,0,16,None,66,1,5,False,10,10
10975,175,unweighted_fl,10,0.1943670382165605,0,17,None,66,1,5,False,10,10
10976,176,unweighted_fl,10,0.1954617834394904,0,17,None,66,1,5,False,10,10
10977,177,unweighted_fl,10,0.1964570063694267,0,17,None,66,1,5,False,10,10
10978,178,unweighted_fl,10,0.2027269108280254,0,17,None,66,1,5,False,10,10
10979,179,unweighted_fl,10,0.2028264331210191,0,17,None,66,1,5,False,10,10
10980,175,unweighted_fl,10,0.1957603503184713,0,18,None,66,1,5,False,10,10
10981,176,unweighted_fl,10,0.1967555732484076,0,18,None,66,1,5,False,10,10
10982,177,unweighted_fl,10,0.1969546178343949,0,18,None,66,1,5,False,10,10
10983,178,unweighted_fl,10,0.1970541401273885,0,18,None,66,1,5,False,10,10
10984,179,unweighted_fl,10,0.197452229299363,0,18,None,66,1,5,False,10,10
10985,175,unweighted_fl,10,0.1926751592356688,0,19,None,66,1,5,False,10,10
10986,176,unweighted_fl,10,0.1926751592356688,0,19,None,66,1,5,False,10,10
10987,177,unweighted_fl,10,0.1936703821656051,0,19,None,66,1,5,False,10,10
10988,178,unweighted_fl,10,0.1963574840764331,0,19,None,66,1,5,False,10,10
10989,179,unweighted_fl,10,0.1980493630573248,0,19,None,66,1,5,False,10,10
10990,175,unweighted_fl,10,0.1956608280254777,0,20,None,66,1,5,False,10,10
10991,176,unweighted_fl,10,0.1963574840764331,0,20,None,66,1,5,False,10,10
10992,177,unweighted_fl,10,0.1967555732484076,0,20,None,66,1,5,False,10,10
10993,178,unweighted_fl,10,0.1970541401273885,0,20,None,66,1,5,False,10,10
10994,179,unweighted_fl,10,0.1970541401273885,0,20,None,66,1,5,False,10,10
10995,175,unweighted_fl,10,0.1971536624203821,0,21,None,66,1,5,False,10,10
10996,176,unweighted_fl,10,0.2026273885350318,0,21,None,66,1,5,False,10,10
10997,177,unweighted_fl,10,0.2054140127388535,0,21,None,66,1,5,False,10,10
10998,178,unweighted_fl,10,0.2081011146496815,0,21,None,66,1,5,False,10,10
10999,179,unweighted_fl,10,0.2113853503184713,0,21,None,66,1,5,False,10,10
11000,175,unweighted_fl,10,0.1965565286624203,0,22,None,66,1,5,False,10,10
11001,176,unweighted_fl,10,0.1996417197452229,0,22,None,66,1,5,False,10,10
11002,177,unweighted_fl,10,0.2036226114649681,0,22,None,66,1,5,False,10,10
11003,178,unweighted_fl,10,0.2061106687898089,0,22,None,66,1,5,False,10,10
11004,179,unweighted_fl,10,0.205812101910828,0,22,None,66,1,5,False,10,10
11005,175,unweighted_fl,10,0.2051154458598726,0,23,None,66,1,5,False,10,10
11006,176,unweighted_fl,10,0.2074044585987261,0,23,None,66,1,5,False,10,10
11007,177,unweighted_fl,10,0.2086982484076433,0,23,None,66,1,5,False,10,10
11008,178,unweighted_fl,10,0.2102906050955414,0,23,None,66,1,5,False,10,10
11009,179,unweighted_fl,10,0.2116839171974522,0,23,None,66,1,5,False,10,10
11010,175,unweighted_fl,10,0.2152667197452229,0,24,None,66,1,5,False,10,10
11011,176,unweighted_fl,10,0.192874203821656,0,24,None,66,1,5,False,10,10
11012,177,unweighted_fl,10,0.1932722929936305,0,24,None,66,1,5,False,10,10
11013,178,unweighted_fl,10,0.1934713375796178,0,24,None,66,1,5,False,10,10
11014,179,unweighted_fl,10,0.1937699044585987,0,24,None,66,1,5,False,10,10
11015,175,unweighted_fl,10,0.1979498407643312,0,25,None,66,1,5,False,10,10
11016,176,unweighted_fl,10,0.2041202229299363,0,25,None,66,1,5,False,10,10
11017,177,unweighted_fl,10,0.2081011146496815,0,25,None,66,1,5,False,10,10
11018,178,unweighted_fl,10,0.2105891719745223,0,25,None,66,1,5,False,10,10
11019,179,unweighted_fl,10,0.2125796178343949,0,25,None,66,1,5,False,10,10
11020,175,unweighted_fl,10,0.2007364649681528,0,26,None,66,1,5,False,10,10
11021,176,unweighted_fl,10,0.2030254777070063,0,26,None,66,1,5,False,10,10
11022,177,unweighted_fl,10,0.2040207006369426,0,26,None,66,1,5,False,10,10
11023,178,unweighted_fl,10,0.2062101910828025,0,26,None,66,1,5,False,10,10
11024,179,unweighted_fl,10,0.2083001592356688,0,26,None,66,1,5,False,10,10
11025,175,unweighted_fl,10,0.1960589171974522,0,27,None,66,1,5,False,10,10
11026,176,unweighted_fl,10,0.1975517515923567,0,27,None,66,1,5,False,10,10
11027,177,unweighted_fl,10,0.197452229299363,0,27,None,66,1,5,False,10,10
11028,178,unweighted_fl,10,0.1978503184713375,0,27,None,66,1,5,False,10,10
11029,179,unweighted_fl,10,0.1976512738853503,0,27,None,66,1,5,False,10,10
11030,175,unweighted_fl,10,0.1957603503184713,0,29,None,66,1,5,False,10,10
11031,176,unweighted_fl,10,0.196656050955414,0,29,None,66,1,5,False,10,10
11032,177,unweighted_fl,10,0.1978503184713375,0,29,None,66,1,5,False,10,10
11033,178,unweighted_fl,10,0.1997412420382165,0,29,None,66,1,5,False,10,10
11034,179,unweighted_fl,10,0.2019307324840764,0,29,None,66,1,5,False,10,10
11035,175,unweighted_fl,10,0.1951632165605095,0,28,None,66,1,5,False,10,10
11036,176,unweighted_fl,10,0.1953622611464968,0,28,None,66,1,5,False,10,10
11037,177,unweighted_fl,10,0.1967555732484076,0,28,None,66,1,5,False,10,10
11038,178,unweighted_fl,10,0.1971536624203821,0,28,None,66,1,5,False,10,10
11039,179,unweighted_fl,10,0.1979498407643312,0,28,None,66,1,5,False,10,10
11040,175,unweighted_fl,10,0.1963574840764331,0,30,None,66,1,5,False,10,10
11041,176,unweighted_fl,10,0.1998407643312102,0,30,None,66,1,5,False,10,10
11042,177,unweighted_fl,10,0.203921178343949,0,30,None,66,1,5,False,10,10
11043,178,unweighted_fl,10,0.2081011146496815,0,30,None,66,1,5,False,10,10
11044,179,unweighted_fl,10,0.2132762738853503,0,30,None,66,1,5,False,10,10
11045,175,unweighted_fl,10,0.1992436305732484,0,31,None,66,1,5,False,10,10
11046,176,unweighted_fl,10,0.2062101910828025,0,31,None,66,1,5,False,10,10
11047,177,unweighted_fl,10,0.2118829617834395,0,31,None,66,1,5,False,10,10
11048,178,unweighted_fl,10,0.2194466560509554,0,31,None,66,1,5,False,10,10
11049,179,unweighted_fl,10,0.2261146496815286,0,31,None,66,1,5,False,10,10
11050,175,unweighted_fl,10,0.208499203821656,0,32,None,66,1,5,False,10,10
11051,176,unweighted_fl,10,0.1981488853503184,0,32,None,66,1,5,False,10,10
11052,177,unweighted_fl,10,0.1953622611464968,0,32,None,66,1,5,False,10,10
11053,178,unweighted_fl,10,0.196656050955414,0,32,None,66,1,5,False,10,10
11054,179,unweighted_fl,10,0.1976512738853503,0,32,None,66,1,5,False,10,10
11385,180,unweighted_fl,10,0.2337778662420382,0,1,None,66,1,5,False,10,10
11386,181,unweighted_fl,10,0.23328025477707,0,1,None,66,1,5,False,10,10
11387,182,unweighted_fl,10,0.2330812101910828,0,1,None,66,1,5,False,10,10
11388,183,unweighted_fl,10,0.2376592356687898,0,1,None,66,1,5,False,10,10
11389,184,unweighted_fl,10,0.2707006369426751,0,1,None,66,1,5,False,10,10
11390,180,unweighted_fl,10,0.1970541401273885,0,0,None,66,1,5,False,10,10
11391,181,unweighted_fl,10,0.1956608280254777,0,0,None,66,1,5,False,10,10
11392,182,unweighted_fl,10,0.1952627388535031,0,0,None,66,1,5,False,10,10
11393,183,unweighted_fl,10,0.1953622611464968,0,0,None,66,1,5,False,10,10
11394,184,unweighted_fl,10,0.1951632165605095,0,0,None,66,1,5,False,10,10
11395,180,unweighted_fl,10,0.2100915605095541,0,2,None,66,1,5,False,10,10
11396,181,unweighted_fl,10,0.2095939490445859,0,2,None,66,1,5,False,10,10
11397,182,unweighted_fl,10,0.2099920382165605,0,2,None,66,1,5,False,10,10
11398,183,unweighted_fl,10,0.2100915605095541,0,2,None,66,1,5,False,10,10
11399,184,unweighted_fl,10,0.2108877388535031,0,2,None,66,1,5,False,10,10
11400,180,unweighted_fl,10,0.2108877388535031,0,3,None,66,1,5,False,10,10
11401,181,unweighted_fl,10,0.213077229299363,0,3,None,66,1,5,False,10,10
11402,182,unweighted_fl,10,0.2156648089171974,0,3,None,66,1,5,False,10,10
11403,183,unweighted_fl,10,0.2208399681528662,0,3,None,66,1,5,False,10,10
11404,184,unweighted_fl,10,0.2234275477707006,0,3,None,66,1,5,False,10,10
11405,180,unweighted_fl,10,0.1939689490445859,0,5,None,66,1,5,False,10,10
11406,181,unweighted_fl,10,0.1952627388535031,0,5,None,66,1,5,False,10,10
11407,182,unweighted_fl,10,0.1953622611464968,0,5,None,66,1,5,False,10,10
11408,183,unweighted_fl,10,0.1945660828025477,0,5,None,66,1,5,False,10,10
11409,184,unweighted_fl,10,0.1982484076433121,0,5,None,66,1,5,False,10,10
11410,180,unweighted_fl,10,0.2163614649681528,0,4,None,66,1,5,False,10,10
11411,181,unweighted_fl,10,0.2275079617834395,0,4,None,66,1,5,False,10,10
11412,182,unweighted_fl,10,0.2352707006369426,0,4,None,66,1,5,False,10,10
11413,183,unweighted_fl,10,0.2417396496815286,0,4,None,66,1,5,False,10,10
11414,184,unweighted_fl,10,0.2465167197452229,0,4,None,66,1,5,False,10,10
11415,180,unweighted_fl,10,0.2112858280254777,0,6,None,66,1,5,False,10,10
11416,181,unweighted_fl,10,0.2115843949044586,0,6,None,66,1,5,False,10,10
11417,182,unweighted_fl,10,0.2359673566878981,0,6,None,66,1,5,False,10,10
11418,183,unweighted_fl,10,0.2106886942675159,0,6,None,66,1,5,False,10,10
11419,184,unweighted_fl,10,0.2113853503184713,0,6,None,66,1,5,False,10,10
11420,180,unweighted_fl,10,0.2035230891719745,0,7,None,66,1,5,False,10,10
11421,181,unweighted_fl,10,0.2036226114649681,0,7,None,66,1,5,False,10,10
11422,182,unweighted_fl,10,0.203921178343949,0,7,None,66,1,5,False,10,10
11423,183,unweighted_fl,10,0.2054140127388535,0,7,None,66,1,5,False,10,10
11424,184,unweighted_fl,10,0.2069068471337579,0,7,None,66,1,5,False,10,10
11425,180,unweighted_fl,10,0.2082006369426751,0,8,None,66,1,5,False,10,10
11426,181,unweighted_fl,10,0.2140724522292993,0,8,None,66,1,5,False,10,10
11427,182,unweighted_fl,10,0.2179538216560509,0,8,None,66,1,5,False,10,10
11428,183,unweighted_fl,10,0.2542794585987261,0,8,None,66,1,5,False,10,10
11429,184,unweighted_fl,10,0.2199442675159235,0,8,None,66,1,5,False,10,10
11430,180,unweighted_fl,10,0.203921178343949,0,10,None,66,1,5,False,10,10
11431,181,unweighted_fl,10,0.2053144904458598,0,10,None,66,1,5,False,10,10
11432,182,unweighted_fl,10,0.2064092356687898,0,10,None,66,1,5,False,10,10
11433,183,unweighted_fl,10,0.2079020700636942,0,10,None,66,1,5,False,10,10
11434,184,unweighted_fl,10,0.2092953821656051,0,10,None,66,1,5,False,10,10
11435,180,unweighted_fl,10,0.203125,0,9,None,66,1,5,False,10,10
11436,181,unweighted_fl,10,0.2037221337579617,0,9,None,66,1,5,False,10,10
11437,182,unweighted_fl,10,0.203921178343949,0,9,None,66,1,5,False,10,10
11438,183,unweighted_fl,10,0.2038216560509554,0,9,None,66,1,5,False,10,10
11439,184,unweighted_fl,10,0.2037221337579617,0,9,None,66,1,5,False,10,10
11440,180,unweighted_fl,10,0.2041202229299363,0,12,None,66,1,5,False,10,10
11441,181,unweighted_fl,10,0.2053144904458598,0,12,None,66,1,5,False,10,10
11442,182,unweighted_fl,10,0.2067078025477707,0,12,None,66,1,5,False,10,10
11443,183,unweighted_fl,10,0.2089968152866242,0,12,None,66,1,5,False,10,10
11444,184,unweighted_fl,10,0.2123805732484076,0,12,None,66,1,5,False,10,10
11445,180,unweighted_fl,10,0.2045183121019108,0,11,None,66,1,5,False,10,10
11446,181,unweighted_fl,10,0.2061106687898089,0,11,None,66,1,5,False,10,10
11447,182,unweighted_fl,10,0.2083001592356688,0,11,None,66,1,5,False,10,10
11448,183,unweighted_fl,10,0.211186305732484,0,11,None,66,1,5,False,10,10
11449,184,unweighted_fl,10,0.2128781847133758,0,11,None,66,1,5,False,10,10
11450,180,unweighted_fl,10,0.2101910828025477,0,14,None,66,1,5,False,10,10
11451,181,unweighted_fl,10,0.2160628980891719,0,14,None,66,1,5,False,10,10
11452,182,unweighted_fl,10,0.2193471337579617,0,14,None,66,1,5,False,10,10
11453,183,unweighted_fl,10,0.2201433121019108,0,14,None,66,1,5,False,10,10
11454,184,unweighted_fl,10,0.2228304140127388,0,14,None,66,1,5,False,10,10
11455,180,unweighted_fl,10,0.1946656050955414,0,13,None,66,1,5,False,10,10
11456,181,unweighted_fl,10,0.1935708598726114,0,13,None,66,1,5,False,10,10
11457,182,unweighted_fl,10,0.1939689490445859,0,13,None,66,1,5,False,10,10
11458,183,unweighted_fl,10,0.1941679936305732,0,13,None,66,1,5,False,10,10
11459,184,unweighted_fl,10,0.1944665605095541,0,13,None,66,1,5,False,10,10
11460,180,unweighted_fl,10,0.2083996815286624,0,15,None,66,1,5,False,10,10
11461,181,unweighted_fl,10,0.2109872611464968,0,15,None,66,1,5,False,10,10
11462,182,unweighted_fl,10,0.2124800955414012,0,15,None,66,1,5,False,10,10
11463,183,unweighted_fl,10,0.2150676751592356,0,15,None,66,1,5,False,10,10
11464,184,unweighted_fl,10,0.2170581210191083,0,15,None,66,1,5,False,10,10
11465,180,unweighted_fl,10,0.2113853503184713,0,16,None,66,1,5,False,10,10
11466,181,unweighted_fl,10,0.2079020700636942,0,16,None,66,1,5,False,10,10
11467,182,unweighted_fl,10,0.2101910828025477,0,16,None,66,1,5,False,10,10
11468,183,unweighted_fl,10,0.2128781847133758,0,16,None,66,1,5,False,10,10
11469,184,unweighted_fl,10,0.2127786624203821,0,16,None,66,1,5,False,10,10
11470,180,unweighted_fl,10,0.2010350318471337,0,17,None,66,1,5,False,10,10
11471,181,unweighted_fl,10,0.2008359872611465,0,17,None,66,1,5,False,10,10
11472,182,unweighted_fl,10,0.1987460191082802,0,17,None,66,1,5,False,10,10
11473,183,unweighted_fl,10,0.2022292993630573,0,17,None,66,1,5,False,10,10
11474,184,unweighted_fl,10,0.2017316878980891,0,17,None,66,1,5,False,10,10
11475,180,unweighted_fl,10,0.1992436305732484,0,18,None,66,1,5,False,10,10
11476,181,unweighted_fl,10,0.1988455414012739,0,18,None,66,1,5,False,10,10
11477,182,unweighted_fl,10,0.1982484076433121,0,18,None,66,1,5,False,10,10
11478,183,unweighted_fl,10,0.1989450636942675,0,18,None,66,1,5,False,10,10
11479,184,unweighted_fl,10,0.199343152866242,0,18,None,66,1,5,False,10,10
11480,180,unweighted_fl,10,0.199343152866242,0,19,None,66,1,5,False,10,10
11481,181,unweighted_fl,10,0.1986464968152866,0,19,None,66,1,5,False,10,10
11482,182,unweighted_fl,10,0.2009355095541401,0,19,None,66,1,5,False,10,10
11483,183,unweighted_fl,10,0.2043192675159235,0,19,None,66,1,5,False,10,10
11484,184,unweighted_fl,10,0.207703025477707,0,19,None,66,1,5,False,10,10
11485,180,unweighted_fl,10,0.2062101910828025,0,21,None,66,1,5,False,10,10
11486,181,unweighted_fl,10,0.2105891719745223,0,21,None,66,1,5,False,10,10
11487,182,unweighted_fl,10,0.2144705414012739,0,21,None,66,1,5,False,10,10
11488,183,unweighted_fl,10,0.2178542993630573,0,21,None,66,1,5,False,10,10
11489,184,unweighted_fl,10,0.2201433121019108,0,21,None,66,1,5,False,10,10
11490,180,unweighted_fl,10,0.198546974522293,0,20,None,66,1,5,False,10,10
11491,181,unweighted_fl,10,0.1972531847133758,0,20,None,66,1,5,False,10,10
11492,182,unweighted_fl,10,0.1972531847133758,0,20,None,66,1,5,False,10,10
11493,183,unweighted_fl,10,0.197452229299363,0,20,None,66,1,5,False,10,10
11494,184,unweighted_fl,10,0.1973527070063694,0,20,None,66,1,5,False,10,10
11495,180,unweighted_fl,10,0.2073049363057325,0,22,None,66,1,5,False,10,10
11496,181,unweighted_fl,10,0.2100915605095541,0,22,None,66,1,5,False,10,10
11497,182,unweighted_fl,10,0.2121815286624203,0,22,None,66,1,5,False,10,10
11498,183,unweighted_fl,10,0.2143710191082802,0,22,None,66,1,5,False,10,10
11499,184,unweighted_fl,10,0.2167595541401273,0,22,None,66,1,5,False,10,10
11500,180,unweighted_fl,10,0.2132762738853503,0,23,None,66,1,5,False,10,10
11501,181,unweighted_fl,10,0.2145700636942675,0,23,None,66,1,5,False,10,10
11502,182,unweighted_fl,10,0.2166600318471337,0,23,None,66,1,5,False,10,10
11503,183,unweighted_fl,10,0.2186504777070063,0,23,None,66,1,5,False,10,10
11504,184,unweighted_fl,10,0.2200437898089172,0,23,None,66,1,5,False,10,10
11505,180,unweighted_fl,10,0.1950636942675159,0,24,None,66,1,5,False,10,10
11506,181,unweighted_fl,10,0.194765127388535,0,24,None,66,1,5,False,10,10
11507,182,unweighted_fl,10,0.1945660828025477,0,24,None,66,1,5,False,10,10
11508,183,unweighted_fl,10,0.1944665605095541,0,24,None,66,1,5,False,10,10
11509,184,unweighted_fl,10,0.1934713375796178,0,24,None,66,1,5,False,10,10
11510,180,unweighted_fl,10,0.2093949044585987,0,25,None,66,1,5,False,10,10
11511,181,unweighted_fl,10,0.2148686305732484,0,25,None,66,1,5,False,10,10
11512,182,unweighted_fl,10,0.2192476114649681,0,25,None,66,1,5,False,10,10
11513,183,unweighted_fl,10,0.2219347133757961,0,25,None,66,1,5,False,10,10
11514,184,unweighted_fl,10,0.224124203821656,0,25,None,66,1,5,False,10,10
11515,180,unweighted_fl,10,0.2117834394904458,0,26,None,66,1,5,False,10,10
11516,181,unweighted_fl,10,0.2135748407643312,0,26,None,66,1,5,False,10,10
11517,182,unweighted_fl,10,0.2139729299363057,0,26,None,66,1,5,False,10,10
11518,183,unweighted_fl,10,0.2152667197452229,0,26,None,66,1,5,False,10,10
11519,184,unweighted_fl,10,0.2171576433121019,0,26,None,66,1,5,False,10,10
11520,180,unweighted_fl,10,0.2055135350318471,0,27,None,66,1,5,False,10,10
11521,181,unweighted_fl,10,0.2047173566878981,0,27,None,66,1,5,False,10,10
11522,182,unweighted_fl,10,0.2046178343949044,0,27,None,66,1,5,False,10,10
11523,183,unweighted_fl,10,0.2045183121019108,0,27,None,66,1,5,False,10,10
11524,184,unweighted_fl,10,0.2049164012738853,0,27,None,66,1,5,False,10,10
11525,180,unweighted_fl,10,0.197452229299363,0,28,None,66,1,5,False,10,10
11526,181,unweighted_fl,10,0.198546974522293,0,28,None,66,1,5,False,10,10
11527,182,unweighted_fl,10,0.1994426751592356,0,28,None,66,1,5,False,10,10
11528,183,unweighted_fl,10,0.1990445859872611,0,28,None,66,1,5,False,10,10
11529,184,unweighted_fl,10,0.2463176751592356,0,28,None,66,1,5,False,10,10
11530,180,unweighted_fl,10,0.2042197452229299,0,29,None,66,1,5,False,10,10
11531,181,unweighted_fl,10,0.2056130573248407,0,29,None,66,1,5,False,10,10
11532,182,unweighted_fl,10,0.2076035031847133,0,29,None,66,1,5,False,10,10
11533,183,unweighted_fl,10,0.2091958598726114,0,29,None,66,1,5,False,10,10
11534,184,unweighted_fl,10,0.2117834394904458,0,29,None,66,1,5,False,10,10
11535,180,unweighted_fl,10,0.2050159235668789,0,30,None,66,1,5,False,10,10
11536,181,unweighted_fl,10,0.2184514331210191,0,30,None,66,1,5,False,10,10
11537,182,unweighted_fl,10,0.2288017515923567,0,30,None,66,1,5,False,10,10
11538,183,unweighted_fl,10,0.2341759554140127,0,30,None,66,1,5,False,10,10
11539,184,unweighted_fl,10,0.2379578025477707,0,30,None,66,1,5,False,10,10
11540,180,unweighted_fl,10,0.2056130573248407,0,32,None,66,1,5,False,10,10
11541,181,unweighted_fl,10,0.2048168789808917,0,32,None,66,1,5,False,10,10
11542,182,unweighted_fl,10,0.2041202229299363,0,32,None,66,1,5,False,10,10
11543,183,unweighted_fl,10,0.2045183121019108,0,32,None,66,1,5,False,10,10
11544,184,unweighted_fl,10,0.2055135350318471,0,32,None,66,1,5,False,10,10
11545,180,unweighted_fl,10,0.2107882165605095,0,31,None,66,1,5,False,10,10
11546,181,unweighted_fl,10,0.2198447452229299,0,31,None,66,1,5,False,10,10
11547,182,unweighted_fl,10,0.2276074840764331,0,31,None,66,1,5,False,10,10
11548,183,unweighted_fl,10,0.2341759554140127,0,31,None,66,1,5,False,10,10
11549,184,unweighted_fl,10,0.239749203821656,0,31,None,66,1,5,False,10,10
11550,185,unweighted_fl,10,0.2442277070063694,0,1,None,66,1,5,False,10,10
11551,186,unweighted_fl,10,0.2455214968152866,0,1,None,66,1,5,False,10,10
11552,187,unweighted_fl,10,0.2484076433121019,0,1,None,66,1,5,False,10,10
11553,188,unweighted_fl,10,0.2837380573248407,0,1,None,66,1,5,False,10,10
11554,189,unweighted_fl,10,0.2530851910828025,0,1,None,66,1,5,False,10,10
11555,185,unweighted_fl,10,0.203125,0,0,None,66,1,5,False,10,10
11556,186,unweighted_fl,10,0.2021297770700637,0,0,None,66,1,5,False,10,10
11557,187,unweighted_fl,10,0.1997412420382165,0,0,None,66,1,5,False,10,10
11558,188,unweighted_fl,10,0.1972531847133758,0,0,None,66,1,5,False,10,10
11559,189,unweighted_fl,10,0.1959593949044586,0,0,None,66,1,5,False,10,10
11560,185,unweighted_fl,10,0.2170581210191083,0,2,None,66,1,5,False,10,10
11561,186,unweighted_fl,10,0.2188495222929936,0,2,None,66,1,5,False,10,10
11562,187,unweighted_fl,10,0.2211385350318471,0,2,None,66,1,5,False,10,10
11563,188,unweighted_fl,10,0.2226313694267516,0,2,None,66,1,5,False,10,10
11564,189,unweighted_fl,10,0.2246218152866242,0,2,None,66,1,5,False,10,10
11565,185,unweighted_fl,10,0.2228304140127388,0,3,None,66,1,5,False,10,10
11566,186,unweighted_fl,10,0.2257165605095541,0,3,None,66,1,5,False,10,10
11567,187,unweighted_fl,10,0.2431329617834395,0,3,None,66,1,5,False,10,10
11568,188,unweighted_fl,10,0.2329816878980891,0,3,None,66,1,5,False,10,10
11569,189,unweighted_fl,10,0.2354697452229299,0,3,None,66,1,5,False,10,10
11570,185,unweighted_fl,10,0.2272093949044586,0,4,None,66,1,5,False,10,10
11571,186,unweighted_fl,10,0.2381568471337579,0,4,None,66,1,5,False,10,10
11572,187,unweighted_fl,10,0.2461186305732484,0,4,None,66,1,5,False,10,10
11573,188,unweighted_fl,10,0.2522890127388535,0,4,None,66,1,5,False,10,10
11574,189,unweighted_fl,10,0.2569665605095541,0,4,None,66,1,5,False,10,10
11575,185,unweighted_fl,10,0.2015326433121019,0,5,None,66,1,5,False,10,10
11576,186,unweighted_fl,10,0.2013335987261146,0,5,None,66,1,5,False,10,10
11577,187,unweighted_fl,10,0.203921178343949,0,5,None,66,1,5,False,10,10
11578,188,unweighted_fl,10,0.2422372611464968,0,5,None,66,1,5,False,10,10
11579,189,unweighted_fl,10,0.2081011146496815,0,5,None,66,1,5,False,10,10
11580,185,unweighted_fl,10,0.2197452229299363,0,6,None,66,1,5,False,10,10
11581,186,unweighted_fl,10,0.2202428343949044,0,6,None,66,1,5,False,10,10
11582,187,unweighted_fl,10,0.2170581210191083,0,6,None,66,1,5,False,10,10
11583,188,unweighted_fl,10,0.2161624203821656,0,6,None,66,1,5,False,10,10
11584,189,unweighted_fl,10,0.2167595541401273,0,6,None,66,1,5,False,10,10
11585,185,unweighted_fl,10,0.2126791401273885,0,7,None,66,1,5,False,10,10
11586,186,unweighted_fl,10,0.214171974522293,0,7,None,66,1,5,False,10,10
11587,187,unweighted_fl,10,0.2171576433121019,0,7,None,66,1,5,False,10,10
11588,188,unweighted_fl,10,0.2184514331210191,0,7,None,66,1,5,False,10,10
11589,189,unweighted_fl,10,0.221437101910828,0,7,None,66,1,5,False,10,10
11590,185,unweighted_fl,10,0.2188495222929936,0,8,None,66,1,5,False,10,10
11591,186,unweighted_fl,10,0.226811305732484,0,8,None,66,1,5,False,10,10
11592,187,unweighted_fl,10,0.2863256369426751,0,8,None,66,1,5,False,10,10
11593,188,unweighted_fl,10,0.2286027070063694,0,8,None,66,1,5,False,10,10
11594,189,unweighted_fl,10,0.2307921974522293,0,8,None,66,1,5,False,10,10
11595,185,unweighted_fl,10,0.212281050955414,0,9,None,66,1,5,False,10,10
11596,186,unweighted_fl,10,0.2123805732484076,0,9,None,66,1,5,False,10,10
11597,187,unweighted_fl,10,0.2118829617834395,0,9,None,66,1,5,False,10,10
11598,188,unweighted_fl,10,0.2131767515923567,0,9,None,66,1,5,False,10,10
11599,189,unweighted_fl,10,0.2148686305732484,0,9,None,66,1,5,False,10,10
11600,185,unweighted_fl,10,0.2100915605095541,0,10,None,66,1,5,False,10,10
11601,186,unweighted_fl,10,0.2116839171974522,0,10,None,66,1,5,False,10,10
11602,187,unweighted_fl,10,0.2148686305732484,0,10,None,66,1,5,False,10,10
11603,188,unweighted_fl,10,0.216859076433121,0,10,None,66,1,5,False,10,10
11604,189,unweighted_fl,10,0.219546178343949,0,10,None,66,1,5,False,10,10
11605,185,unweighted_fl,10,0.2140724522292993,0,11,None,66,1,5,False,10,10
11606,186,unweighted_fl,10,0.2151671974522293,0,11,None,66,1,5,False,10,10
11607,187,unweighted_fl,10,0.2184514331210191,0,11,None,66,1,5,False,10,10
11608,188,unweighted_fl,10,0.2203423566878981,0,11,None,66,1,5,False,10,10
11609,189,unweighted_fl,10,0.2395501592356688,0,11,None,66,1,5,False,10,10
11610,185,unweighted_fl,10,0.2134753184713375,0,12,None,66,1,5,False,10,10
11611,186,unweighted_fl,10,0.2166600318471337,0,12,None,66,1,5,False,10,10
11612,187,unweighted_fl,10,0.2210390127388535,0,12,None,66,1,5,False,10,10
11613,188,unweighted_fl,10,0.2238256369426751,0,12,None,66,1,5,False,10,10
11614,189,unweighted_fl,10,0.227906050955414,0,12,None,66,1,5,False,10,10
11615,185,unweighted_fl,10,0.2028264331210191,0,13,None,66,1,5,False,10,10
11616,186,unweighted_fl,10,0.2018312101910828,0,13,None,66,1,5,False,10,10
11617,187,unweighted_fl,10,0.1982484076433121,0,13,None,66,1,5,False,10,10
11618,188,unweighted_fl,10,0.1961584394904458,0,13,None,66,1,5,False,10,10
11619,189,unweighted_fl,10,0.1950636942675159,0,13,None,66,1,5,False,10,10
11620,185,unweighted_fl,10,0.2188495222929936,0,15,None,66,1,5,False,10,10
11621,186,unweighted_fl,10,0.2202428343949044,0,15,None,66,1,5,False,10,10
11622,187,unweighted_fl,10,0.2234275477707006,0,15,None,66,1,5,False,10,10
11623,188,unweighted_fl,10,0.2251194267515923,0,15,None,66,1,5,False,10,10
11624,189,unweighted_fl,10,0.2264132165605095,0,15,None,66,1,5,False,10,10
11625,185,unweighted_fl,10,0.2211385350318471,0,14,None,66,1,5,False,10,10
11626,186,unweighted_fl,10,0.2246218152866242,0,14,None,66,1,5,False,10,10
11627,187,unweighted_fl,10,0.2948845541401274,0,14,None,66,1,5,False,10,10
11628,188,unweighted_fl,10,0.2280055732484076,0,14,None,66,1,5,False,10,10
11629,189,unweighted_fl,10,0.2312898089171974,0,14,None,66,1,5,False,10,10
11630,185,unweighted_fl,10,0.2159633757961783,0,16,None,66,1,5,False,10,10
11631,186,unweighted_fl,10,0.2182523885350318,0,16,None,66,1,5,False,10,10
11632,187,unweighted_fl,10,0.2182523885350318,0,16,None,66,1,5,False,10,10
11633,188,unweighted_fl,10,0.2188495222929936,0,16,None,66,1,5,False,10,10
11634,189,unweighted_fl,10,0.2190485668789809,0,16,None,66,1,5,False,10,10
11635,185,unweighted_fl,10,0.2095939490445859,0,17,None,66,1,5,False,10,10
11636,186,unweighted_fl,10,0.2097929936305732,0,17,None,66,1,5,False,10,10
11637,187,unweighted_fl,10,0.2096934713375796,0,17,None,66,1,5,False,10,10
11638,188,unweighted_fl,10,0.2607484076433121,0,17,None,66,1,5,False,10,10
11639,189,unweighted_fl,10,0.2033240445859872,0,17,None,66,1,5,False,10,10
11640,185,unweighted_fl,10,0.2074044585987261,0,18,None,66,1,5,False,10,10
11641,186,unweighted_fl,10,0.2085987261146497,0,18,None,66,1,5,False,10,10
11642,187,unweighted_fl,10,0.2089968152866242,0,18,None,66,1,5,False,10,10
11643,188,unweighted_fl,10,0.2087977707006369,0,18,None,66,1,5,False,10,10
11644,189,unweighted_fl,10,0.2072054140127388,0,18,None,66,1,5,False,10,10
11645,185,unweighted_fl,10,0.2072054140127388,0,19,None,66,1,5,False,10,10
11646,186,unweighted_fl,10,0.2102906050955414,0,19,None,66,1,5,False,10,10
11647,187,unweighted_fl,10,0.214171974522293,0,19,None,66,1,5,False,10,10
11648,188,unweighted_fl,10,0.2161624203821656,0,19,None,66,1,5,False,10,10
11649,189,unweighted_fl,10,0.2180533439490445,0,19,None,66,1,5,False,10,10
11650,185,unweighted_fl,10,0.2163614649681528,0,21,None,66,1,5,False,10,10
11651,186,unweighted_fl,10,0.2206409235668789,0,21,None,66,1,5,False,10,10
11652,187,unweighted_fl,10,0.2231289808917197,0,21,None,66,1,5,False,10,10
11653,188,unweighted_fl,10,0.2262141719745223,0,21,None,66,1,5,False,10,10
11654,189,unweighted_fl,10,0.2280055732484076,0,21,None,66,1,5,False,10,10
11655,185,unweighted_fl,10,0.2046178343949044,0,20,None,66,1,5,False,10,10
11656,186,unweighted_fl,10,0.2043192675159235,0,20,None,66,1,5,False,10,10
11657,187,unweighted_fl,10,0.2028264331210191,0,20,None,66,1,5,False,10,10
11658,188,unweighted_fl,10,0.2015326433121019,0,20,None,66,1,5,False,10,10
11659,189,unweighted_fl,10,0.2004378980891719,0,20,None,66,1,5,False,10,10
11660,185,unweighted_fl,10,0.2204418789808917,0,23,None,66,1,5,False,10,10
11661,186,unweighted_fl,10,0.222233280254777,0,23,None,66,1,5,False,10,10
11662,187,unweighted_fl,10,0.2247213375796178,0,23,None,66,1,5,False,10,10
11663,188,unweighted_fl,10,0.2275079617834395,0,23,None,66,1,5,False,10,10
11664,189,unweighted_fl,10,0.2307921974522293,0,23,None,66,1,5,False,10,10
11665,185,unweighted_fl,10,0.2185509554140127,0,22,None,66,1,5,False,10,10
11666,186,unweighted_fl,10,0.2208399681528662,0,22,None,66,1,5,False,10,10
11667,187,unweighted_fl,10,0.2230294585987261,0,22,None,66,1,5,False,10,10
11668,188,unweighted_fl,10,0.2246218152866242,0,22,None,66,1,5,False,10,10
11669,189,unweighted_fl,10,0.226015127388535,0,22,None,66,1,5,False,10,10
11670,185,unweighted_fl,10,0.2211385350318471,0,25,None,66,1,5,False,10,10
11671,186,unweighted_fl,10,0.2251194267515923,0,25,None,66,1,5,False,10,10
11672,187,unweighted_fl,10,0.2281050955414012,0,25,None,66,1,5,False,10,10
11673,188,unweighted_fl,10,0.2325835987261146,0,25,None,66,1,5,False,10,10
11674,189,unweighted_fl,10,0.2353702229299363,0,25,None,66,1,5,False,10,10
11675,185,unweighted_fl,10,0.20203025477707,0,24,None,66,1,5,False,10,10
11676,186,unweighted_fl,10,0.2004378980891719,0,24,None,66,1,5,False,10,10
11677,187,unweighted_fl,10,0.20203025477707,0,24,None,66,1,5,False,10,10
11678,188,unweighted_fl,10,0.2026273885350318,0,24,None,66,1,5,False,10,10
11679,189,unweighted_fl,10,0.2027269108280254,0,24,None,66,1,5,False,10,10
11680,185,unweighted_fl,10,0.2217356687898089,0,26,None,66,1,5,False,10,10
11681,186,unweighted_fl,10,0.2232285031847133,0,26,None,66,1,5,False,10,10
11682,187,unweighted_fl,10,0.2256170382165605,0,26,None,66,1,5,False,10,10
11683,188,unweighted_fl,10,0.2282046178343949,0,26,None,66,1,5,False,10,10
11684,189,unweighted_fl,10,0.2304936305732484,0,26,None,66,1,5,False,10,10
11685,185,unweighted_fl,10,0.2113853503184713,0,27,None,66,1,5,False,10,10
11686,186,unweighted_fl,10,0.2100915605095541,0,27,None,66,1,5,False,10,10
11687,187,unweighted_fl,10,0.210390127388535,0,27,None,66,1,5,False,10,10
11688,188,unweighted_fl,10,0.2110867834394904,0,27,None,66,1,5,False,10,10
11689,189,unweighted_fl,10,0.212281050955414,0,27,None,66,1,5,False,10,10
11690,185,unweighted_fl,10,0.2041202229299363,0,28,None,66,1,5,False,10,10
11691,186,unweighted_fl,10,0.2046178343949044,0,28,None,66,1,5,False,10,10
11692,187,unweighted_fl,10,0.2060111464968153,0,28,None,66,1,5,False,10,10
11693,188,unweighted_fl,10,0.2271098726114649,0,28,None,66,1,5,False,10,10
11694,189,unweighted_fl,10,0.2061106687898089,0,28,None,66,1,5,False,10,10
11695,185,unweighted_fl,10,0.2113853503184713,0,29,None,66,1,5,False,10,10
11696,186,unweighted_fl,10,0.2134753184713375,0,29,None,66,1,5,False,10,10
11697,187,unweighted_fl,10,0.2172571656050955,0,29,None,66,1,5,False,10,10
11698,188,unweighted_fl,10,0.2203423566878981,0,29,None,66,1,5,False,10,10
11699,189,unweighted_fl,10,0.2236265923566879,0,29,None,66,1,5,False,10,10
11700,185,unweighted_fl,10,0.2223328025477707,0,31,None,66,1,5,False,10,10
11701,186,unweighted_fl,10,0.2311902866242038,0,31,None,66,1,5,False,10,10
11702,187,unweighted_fl,10,0.2391520700636942,0,31,None,66,1,5,False,10,10
11703,188,unweighted_fl,10,0.2463176751592356,0,31,None,66,1,5,False,10,10
11704,189,unweighted_fl,10,0.2514928343949044,0,31,None,66,1,5,False,10,10
11705,185,unweighted_fl,10,0.234375,0,30,None,66,1,5,False,10,10
11706,186,unweighted_fl,10,0.2524880573248407,0,30,None,66,1,5,False,10,10
11707,187,unweighted_fl,10,0.2561703821656051,0,30,None,66,1,5,False,10,10
11708,188,unweighted_fl,10,0.2566679936305732,0,30,None,66,1,5,False,10,10
11709,189,unweighted_fl,10,0.2558718152866242,0,30,None,66,1,5,False,10,10
11710,185,unweighted_fl,10,0.2129777070063694,0,32,None,66,1,5,False,10,10
11711,186,unweighted_fl,10,0.2136743630573248,0,32,None,66,1,5,False,10,10
11712,187,unweighted_fl,10,0.2139729299363057,0,32,None,66,1,5,False,10,10
11713,188,unweighted_fl,10,0.2157643312101911,0,32,None,66,1,5,False,10,10
11714,189,unweighted_fl,10,0.2160628980891719,0,32,None,66,1,5,False,10,10
11715,190,unweighted_fl,10,0.2529856687898089,0,1,None,66,1,5,False,10,10
11716,191,unweighted_fl,10,0.2555732484076433,0,1,None,66,1,5,False,10,10
11717,192,unweighted_fl,10,0.3211584394904458,0,1,None,66,1,5,False,10,10
11718,193,unweighted_fl,10,0.2629378980891719,0,1,None,66,1,5,False,10,10
11719,194,unweighted_fl,10,0.2687101910828025,0,1,None,66,1,5,False,10,10
11720,190,unweighted_fl,10,0.2309912420382165,0,2,None,66,1,5,False,10,10
11721,191,unweighted_fl,10,0.232484076433121,0,2,None,66,1,5,False,10,10
11722,192,unweighted_fl,10,0.2347730891719745,0,2,None,66,1,5,False,10,10
11723,193,unweighted_fl,10,0.2362659235668789,0,2,None,66,1,5,False,10,10
11724,194,unweighted_fl,10,0.2391520700636942,0,2,None,66,1,5,False,10,10
11725,190,unweighted_fl,10,0.2154657643312102,0,0,None,66,1,5,False,10,10
11726,191,unweighted_fl,10,0.2121815286624203,0,0,None,66,1,5,False,10,10
11727,192,unweighted_fl,10,0.2082006369426751,0,0,None,66,1,5,False,10,10
11728,193,unweighted_fl,10,0.2050159235668789,0,0,None,66,1,5,False,10,10
11729,194,unweighted_fl,10,0.2386544585987261,0,0,None,66,1,5,False,10,10
11730,190,unweighted_fl,10,0.232484076433121,0,3,None,66,1,5,False,10,10
11731,191,unweighted_fl,10,0.2369625796178344,0,3,None,66,1,5,False,10,10
11732,192,unweighted_fl,10,0.2412420382165605,0,3,None,66,1,5,False,10,10
11733,193,unweighted_fl,10,0.2457205414012739,0,3,None,66,1,5,False,10,10
11734,194,unweighted_fl,10,0.2495023885350318,0,3,None,66,1,5,False,10,10
11735,190,unweighted_fl,10,0.2131767515923567,0,5,None,66,1,5,False,10,10
11736,191,unweighted_fl,10,0.2157643312101911,0,5,None,66,1,5,False,10,10
11737,192,unweighted_fl,10,0.2265127388535031,0,5,None,66,1,5,False,10,10
11738,193,unweighted_fl,10,0.2181528662420382,0,5,None,66,1,5,False,10,10
11739,194,unweighted_fl,10,0.2196457006369426,0,5,None,66,1,5,False,10,10
11740,190,unweighted_fl,10,0.2393511146496815,0,4,None,66,1,5,False,10,10
11741,191,unweighted_fl,10,0.2488057324840764,0,4,None,66,1,5,False,10,10
11742,192,unweighted_fl,10,0.2594546178343949,0,4,None,66,1,5,False,10,10
11743,193,unweighted_fl,10,0.3373805732484076,0,4,None,66,1,5,False,10,10
11744,194,unweighted_fl,10,0.2955812101910828,0,4,None,66,1,5,False,10,10
11745,190,unweighted_fl,10,0.2261146496815286,0,6,None,66,1,5,False,10,10
11746,191,unweighted_fl,10,0.2816480891719745,0,6,None,66,1,5,False,10,10
11747,192,unweighted_fl,10,0.2229299363057325,0,6,None,66,1,5,False,10,10
11748,193,unweighted_fl,10,0.2238256369426751,0,6,None,66,1,5,False,10,10
11749,194,unweighted_fl,10,0.224124203821656,0,6,None,66,1,5,False,10,10
11750,190,unweighted_fl,10,0.2326831210191083,0,8,None,66,1,5,False,10,10
11751,191,unweighted_fl,10,0.2916003184713376,0,8,None,66,1,5,False,10,10
11752,192,unweighted_fl,10,0.2399482484076433,0,8,None,66,1,5,False,10,10
11753,193,unweighted_fl,10,0.2420382165605095,0,8,None,66,1,5,False,10,10
11754,194,unweighted_fl,10,0.2459195859872611,0,8,None,66,1,5,False,10,10
11755,190,unweighted_fl,10,0.2271098726114649,0,7,None,66,1,5,False,10,10
11756,191,unweighted_fl,10,0.2292993630573248,0,7,None,66,1,5,False,10,10
11757,192,unweighted_fl,10,0.2310907643312102,0,7,None,66,1,5,False,10,10
11758,193,unweighted_fl,10,0.2340764331210191,0,7,None,66,1,5,False,10,10
11759,194,unweighted_fl,10,0.2363654458598726,0,7,None,66,1,5,False,10,10
11760,190,unweighted_fl,10,0.2264132165605095,0,9,None,66,1,5,False,10,10
11761,191,unweighted_fl,10,0.2259156050955414,0,9,None,66,1,5,False,10,10
11762,192,unweighted_fl,10,0.2277070063694267,0,9,None,66,1,5,False,10,10
11763,193,unweighted_fl,10,0.2275079617834395,0,9,None,66,1,5,False,10,10
11764,194,unweighted_fl,10,0.2544785031847134,0,9,None,66,1,5,False,10,10
11765,190,unweighted_fl,10,0.2245222929936305,0,11,None,66,1,5,False,10,10
11766,191,unweighted_fl,10,0.2265127388535031,0,11,None,66,1,5,False,10,10
11767,192,unweighted_fl,10,0.2299960191082802,0,11,None,66,1,5,False,10,10
11768,193,unweighted_fl,10,0.2698049363057325,0,11,None,66,1,5,False,10,10
11769,194,unweighted_fl,10,0.2388535031847133,0,11,None,66,1,5,False,10,10
11770,190,unweighted_fl,10,0.2220342356687898,0,10,None,66,1,5,False,10,10
11771,191,unweighted_fl,10,0.2248208598726114,0,10,None,66,1,5,False,10,10
11772,192,unweighted_fl,10,0.2284036624203821,0,10,None,66,1,5,False,10,10
11773,193,unweighted_fl,10,0.2319864649681528,0,10,None,66,1,5,False,10,10
11774,194,unweighted_fl,10,0.2348726114649681,0,10,None,66,1,5,False,10,10
11775,190,unweighted_fl,10,0.2266122611464968,0,12,None,66,1,5,False,10,10
11776,191,unweighted_fl,10,0.2312898089171974,0,12,None,66,1,5,False,10,10
11777,192,unweighted_fl,10,0.2348726114649681,0,12,None,66,1,5,False,10,10
11778,193,unweighted_fl,10,0.2392515923566879,0,12,None,66,1,5,False,10,10
11779,194,unweighted_fl,10,0.2441281847133758,0,12,None,66,1,5,False,10,10
11780,190,unweighted_fl,10,0.2148686305732484,0,13,None,66,1,5,False,10,10
11781,191,unweighted_fl,10,0.2114848726114649,0,13,None,66,1,5,False,10,10
11782,192,unweighted_fl,10,0.2080015923566879,0,13,None,66,1,5,False,10,10
11783,193,unweighted_fl,10,0.2843351910828025,0,13,None,66,1,5,False,10,10
11784,194,unweighted_fl,10,0.2102906050955414,0,13,None,66,1,5,False,10,10
11785,190,unweighted_fl,10,0.2303941082802547,0,14,None,66,1,5,False,10,10
11786,191,unweighted_fl,10,0.3067277070063694,0,14,None,66,1,5,False,10,10
11787,192,unweighted_fl,10,0.235171178343949,0,14,None,66,1,5,False,10,10
11788,193,unweighted_fl,10,0.2403463375796178,0,14,None,66,1,5,False,10,10
11789,194,unweighted_fl,10,0.2439291401273885,0,14,None,66,1,5,False,10,10
11790,190,unweighted_fl,10,0.2249203821656051,0,16,None,66,1,5,False,10,10
11791,191,unweighted_fl,10,0.2254179936305732,0,16,None,66,1,5,False,10,10
11792,192,unweighted_fl,10,0.2271098726114649,0,16,None,66,1,5,False,10,10
11793,193,unweighted_fl,10,0.2956807324840764,0,16,None,66,1,5,False,10,10
11794,194,unweighted_fl,10,0.2605493630573248,0,16,None,66,1,5,False,10,10
11795,190,unweighted_fl,10,0.2288017515923567,0,15,None,66,1,5,False,10,10
11796,191,unweighted_fl,10,0.2304936305732484,0,15,None,66,1,5,False,10,10
11797,192,unweighted_fl,10,0.2340764331210191,0,15,None,66,1,5,False,10,10
11798,193,unweighted_fl,10,0.2366640127388535,0,15,None,66,1,5,False,10,10
11799,194,unweighted_fl,10,0.2414410828025477,0,15,None,66,1,5,False,10,10
11800,190,unweighted_fl,10,0.2215366242038216,0,17,None,66,1,5,False,10,10
11801,191,unweighted_fl,10,0.2207404458598726,0,17,None,66,1,5,False,10,10
11802,192,unweighted_fl,10,0.2455214968152866,0,17,None,66,1,5,False,10,10
11803,193,unweighted_fl,10,0.213077229299363,0,17,None,66,1,5,False,10,10
11804,194,unweighted_fl,10,0.2113853503184713,0,17,None,66,1,5,False,10,10
11805,190,unweighted_fl,10,0.2193471337579617,0,18,None,66,1,5,False,10,10
11806,191,unweighted_fl,10,0.2183519108280254,0,18,None,66,1,5,False,10,10
11807,192,unweighted_fl,10,0.2174562101910828,0,18,None,66,1,5,False,10,10
11808,193,unweighted_fl,10,0.2158638535031847,0,18,None,66,1,5,False,10,10
11809,194,unweighted_fl,10,0.2880175159235669,0,18,None,66,1,5,False,10,10
11810,190,unweighted_fl,10,0.2197452229299363,0,19,None,66,1,5,False,10,10
11811,191,unweighted_fl,10,0.2227308917197452,0,19,None,66,1,5,False,10,10
11812,192,unweighted_fl,10,0.226811305732484,0,19,None,66,1,5,False,10,10
11813,193,unweighted_fl,10,0.2290007961783439,0,19,None,66,1,5,False,10,10
11814,194,unweighted_fl,10,0.2333797770700637,0,19,None,66,1,5,False,10,10
11815,190,unweighted_fl,10,0.2262141719745223,0,21,None,66,1,5,False,10,10
11816,191,unweighted_fl,10,0.2293988853503184,0,21,None,66,1,5,False,10,10
11817,192,unweighted_fl,10,0.2319864649681528,0,21,None,66,1,5,False,10,10
11818,193,unweighted_fl,10,0.2342754777070063,0,21,None,66,1,5,False,10,10
11819,194,unweighted_fl,10,0.2811504777070063,0,21,None,66,1,5,False,10,10
11820,190,unweighted_fl,10,0.2155652866242038,0,20,None,66,1,5,False,10,10
11821,191,unweighted_fl,10,0.2137738853503184,0,20,None,66,1,5,False,10,10
11822,192,unweighted_fl,10,0.2120820063694267,0,20,None,66,1,5,False,10,10
11823,193,unweighted_fl,10,0.2107882165605095,0,20,None,66,1,5,False,10,10
11824,194,unweighted_fl,10,0.2092953821656051,0,20,None,66,1,5,False,10,10
11825,190,unweighted_fl,10,0.2295979299363057,0,22,None,66,1,5,False,10,10
11826,191,unweighted_fl,10,0.2307921974522293,0,22,None,66,1,5,False,10,10
11827,192,unweighted_fl,10,0.2334792993630573,0,22,None,66,1,5,False,10,10
11828,193,unweighted_fl,10,0.2350716560509554,0,22,None,66,1,5,False,10,10
11829,194,unweighted_fl,10,0.237858280254777,0,22,None,66,1,5,False,10,10
11830,190,unweighted_fl,10,0.2322850318471337,0,23,None,66,1,5,False,10,10
11831,191,unweighted_fl,10,0.2360668789808917,0,23,None,66,1,5,False,10,10
11832,192,unweighted_fl,10,0.239749203821656,0,23,None,66,1,5,False,10,10
11833,193,unweighted_fl,10,0.2429339171974522,0,23,None,66,1,5,False,10,10
11834,194,unweighted_fl,10,0.2463176751592356,0,23,None,66,1,5,False,10,10
11835,190,unweighted_fl,10,0.2157643312101911,0,24,None,66,1,5,False,10,10
11836,191,unweighted_fl,10,0.2152667197452229,0,24,None,66,1,5,False,10,10
11837,192,unweighted_fl,10,0.2157643312101911,0,24,None,66,1,5,False,10,10
11838,193,unweighted_fl,10,0.2166600318471337,0,24,None,66,1,5,False,10,10
11839,194,unweighted_fl,10,0.216859076433121,0,24,None,66,1,5,False,10,10
11840,190,unweighted_fl,10,0.2342754777070063,0,26,None,66,1,5,False,10,10
11841,191,unweighted_fl,10,0.2366640127388535,0,26,None,66,1,5,False,10,10
11842,192,unweighted_fl,10,0.2401472929936305,0,26,None,66,1,5,False,10,10
11843,193,unweighted_fl,10,0.2433320063694267,0,26,None,66,1,5,False,10,10
11844,194,unweighted_fl,10,0.2465167197452229,0,26,None,66,1,5,False,10,10
11845,190,unweighted_fl,10,0.2294984076433121,0,25,None,66,1,5,False,10,10
11846,191,unweighted_fl,10,0.2346735668789809,0,25,None,66,1,5,False,10,10
11847,192,unweighted_fl,10,0.2393511146496815,0,25,None,66,1,5,False,10,10
11848,193,unweighted_fl,10,0.2442277070063694,0,25,None,66,1,5,False,10,10
11849,194,unweighted_fl,10,0.2482085987261146,0,25,None,66,1,5,False,10,10
11850,190,unweighted_fl,10,0.2217356687898089,0,27,None,66,1,5,False,10,10
11851,191,unweighted_fl,10,0.2216361464968153,0,27,None,66,1,5,False,10,10
11852,192,unweighted_fl,10,0.2219347133757961,0,27,None,66,1,5,False,10,10
11853,193,unweighted_fl,10,0.2227308917197452,0,27,None,66,1,5,False,10,10
11854,194,unweighted_fl,10,0.2243232484076433,0,27,None,66,1,5,False,10,10
11855,190,unweighted_fl,10,0.2161624203821656,0,28,None,66,1,5,False,10,10
11856,191,unweighted_fl,10,0.2172571656050955,0,28,None,66,1,5,False,10,10
11857,192,unweighted_fl,10,0.2944864649681528,0,28,None,66,1,5,False,10,10
11858,193,unweighted_fl,10,0.2175557324840764,0,28,None,66,1,5,False,10,10
11859,194,unweighted_fl,10,0.2198447452229299,0,28,None,66,1,5,False,10,10
11860,190,unweighted_fl,10,0.222233280254777,0,29,None,66,1,5,False,10,10
11861,191,unweighted_fl,10,0.2257165605095541,0,29,None,66,1,5,False,10,10
11862,192,unweighted_fl,10,0.2289012738853503,0,29,None,66,1,5,False,10,10
11863,193,unweighted_fl,10,0.2322850318471337,0,29,None,66,1,5,False,10,10
11864,194,unweighted_fl,10,0.2371616242038216,0,29,None,66,1,5,False,10,10
11865,190,unweighted_fl,10,0.2356687898089172,0,31,None,66,1,5,False,10,10
11866,191,unweighted_fl,10,0.2442277070063694,0,31,None,66,1,5,False,10,10
11867,192,unweighted_fl,10,0.2527866242038216,0,31,None,66,1,5,False,10,10
11868,193,unweighted_fl,10,0.2597531847133758,0,31,None,66,1,5,False,10,10
11869,194,unweighted_fl,10,0.2654259554140127,0,31,None,66,1,5,False,10,10
11870,190,unweighted_fl,10,0.2692078025477707,0,30,None,66,1,5,False,10,10
11871,191,unweighted_fl,10,0.2593550955414013,0,30,None,66,1,5,False,10,10
11872,192,unweighted_fl,10,0.2544785031847134,0,30,None,66,1,5,False,10,10
11873,193,unweighted_fl,10,0.2878184713375796,0,30,None,66,1,5,False,10,10
11874,194,unweighted_fl,10,0.3115047770700637,0,30,None,66,1,5,False,10,10
11875,190,unweighted_fl,10,0.232484076433121,0,32,None,66,1,5,False,10,10
11876,191,unweighted_fl,10,0.2325835987261146,0,32,None,66,1,5,False,10,10
11877,192,unweighted_fl,10,0.2346735668789809,0,32,None,66,1,5,False,10,10
11878,193,unweighted_fl,10,0.237062101910828,0,32,None,66,1,5,False,10,10
11879,194,unweighted_fl,10,0.2404458598726114,0,32,None,66,1,5,False,10,10
11880,195,unweighted_fl,10,0.3403662420382166,0,1,None,66,1,5,False,10,10
11881,196,unweighted_fl,10,0.2708001592356688,0,1,None,66,1,5,False,10,10
11882,197,unweighted_fl,10,0.2799562101910828,0,1,None,66,1,5,False,10,10
11883,198,unweighted_fl,10,0.286624203821656,0,1,None,66,1,5,False,10,10
11884,199,unweighted_fl,10,0.2898089171974522,0,1,None,66,1,5,False,10,10
11885,195,unweighted_fl,10,0.2549761146496815,0,0,None,66,1,5,False,10,10
11886,196,unweighted_fl,10,0.3000597133757962,0,0,None,66,1,5,False,10,10
11887,197,unweighted_fl,10,0.2487062101910828,0,0,None,66,1,5,False,10,10
11888,198,unweighted_fl,10,0.2155652866242038,0,0,None,66,1,5,False,10,10
11889,199,unweighted_fl,10,0.2132762738853503,0,0,None,66,1,5,False,10,10
11890,195,unweighted_fl,10,0.2469148089171974,0,2,None,66,1,5,False,10,10
11891,196,unweighted_fl,10,0.2529856687898089,0,2,None,66,1,5,False,10,10
11892,197,unweighted_fl,10,0.2565684713375796,0,2,None,66,1,5,False,10,10
11893,198,unweighted_fl,10,0.2621417197452229,0,2,None,66,1,5,False,10,10
11894,199,unweighted_fl,10,0.2678144904458598,0,2,None,66,1,5,False,10,10
11895,195,unweighted_fl,10,0.2592555732484076,0,3,None,66,1,5,False,10,10
11896,196,unweighted_fl,10,0.2544785031847134,0,3,None,66,1,5,False,10,10
11897,197,unweighted_fl,10,0.2605493630573248,0,3,None,66,1,5,False,10,10
11898,198,unweighted_fl,10,0.2674164012738853,0,3,None,66,1,5,False,10,10
11899,199,unweighted_fl,10,0.2719944267515923,0,3,None,66,1,5,False,10,10
11900,195,unweighted_fl,10,0.3188694267515923,0,4,None,66,1,5,False,10,10
11901,196,unweighted_fl,10,0.3057324840764331,0,4,None,66,1,5,False,10,10
11902,197,unweighted_fl,10,0.2681130573248407,0,4,None,66,1,5,False,10,10
11903,198,unweighted_fl,10,0.2707006369426751,0,4,None,66,1,5,False,10,10
11904,199,unweighted_fl,10,0.2741839171974522,0,4,None,66,1,5,False,10,10
11905,195,unweighted_fl,10,0.2450238853503184,0,5,None,66,1,5,False,10,10
11906,196,unweighted_fl,10,0.3044386942675159,0,5,None,66,1,5,False,10,10
11907,197,unweighted_fl,10,0.2368630573248407,0,5,None,66,1,5,False,10,10
11908,198,unweighted_fl,10,0.239749203821656,0,5,None,66,1,5,False,10,10
11909,199,unweighted_fl,10,0.2441281847133758,0,5,None,66,1,5,False,10,10
11910,195,unweighted_fl,10,0.263734076433121,0,6,None,66,1,5,False,10,10
11911,196,unweighted_fl,10,0.2319864649681528,0,6,None,66,1,5,False,10,10
11912,197,unweighted_fl,10,0.2339769108280254,0,6,None,66,1,5,False,10,10
11913,198,unweighted_fl,10,0.2363654458598726,0,6,None,66,1,5,False,10,10
11914,199,unweighted_fl,10,0.2439291401273885,0,6,None,66,1,5,False,10,10
11915,195,unweighted_fl,10,0.3115047770700637,0,8,None,66,1,5,False,10,10
11916,196,unweighted_fl,10,0.2530851910828025,0,8,None,66,1,5,False,10,10
11917,197,unweighted_fl,10,0.259156050955414,0,8,None,66,1,5,False,10,10
11918,198,unweighted_fl,10,0.2648288216560509,0,8,None,66,1,5,False,10,10
11919,199,unweighted_fl,10,0.2708996815286624,0,8,None,66,1,5,False,10,10
11920,195,unweighted_fl,10,0.2439291401273885,0,7,None,66,1,5,False,10,10
11921,196,unweighted_fl,10,0.2917993630573248,0,7,None,66,1,5,False,10,10
11922,197,unweighted_fl,10,0.3286226114649681,0,7,None,66,1,5,False,10,10
11923,198,unweighted_fl,10,0.3049363057324841,0,7,None,66,1,5,False,10,10
11924,199,unweighted_fl,10,0.2811504777070063,0,7,None,66,1,5,False,10,10
11925,195,unweighted_fl,10,0.2426353503184713,0,9,None,66,1,5,False,10,10
11926,196,unweighted_fl,10,0.3140923566878981,0,9,None,66,1,5,False,10,10
11927,197,unweighted_fl,10,0.2868232484076433,0,9,None,66,1,5,False,10,10
11928,198,unweighted_fl,10,0.2437300955414012,0,9,None,66,1,5,False,10,10
11929,199,unweighted_fl,10,0.2406449044585987,0,9,None,66,1,5,False,10,10
11930,195,unweighted_fl,10,0.2368630573248407,0,10,None,66,1,5,False,10,10
11931,196,unweighted_fl,10,0.2418391719745223,0,10,None,66,1,5,False,10,10
11932,197,unweighted_fl,10,0.2491042993630573,0,10,None,66,1,5,False,10,10
11933,198,unweighted_fl,10,0.269108280254777,0,10,None,66,1,5,False,10,10
11934,199,unweighted_fl,10,0.3012539808917197,0,10,None,66,1,5,False,10,10
11935,195,unweighted_fl,10,0.2406449044585987,0,11,None,66,1,5,False,10,10
11936,196,unweighted_fl,10,0.258359872611465,0,11,None,66,1,5,False,10,10
11937,197,unweighted_fl,10,0.2575636942675159,0,11,None,66,1,5,False,10,10
11938,198,unweighted_fl,10,0.261046974522293,0,11,None,66,1,5,False,10,10
11939,199,unweighted_fl,10,0.2688097133757962,0,11,None,66,1,5,False,10,10
11940,195,unweighted_fl,10,0.2438296178343949,0,12,None,66,1,5,False,10,10
11941,196,unweighted_fl,10,0.250796178343949,0,12,None,66,1,5,False,10,10
11942,197,unweighted_fl,10,0.2576632165605095,0,12,None,66,1,5,False,10,10
11943,198,unweighted_fl,10,0.2634355095541401,0,12,None,66,1,5,False,10,10
11944,199,unweighted_fl,10,0.2687101910828025,0,12,None,66,1,5,False,10,10
11945,195,unweighted_fl,10,0.2649283439490446,0,13,None,66,1,5,False,10,10
11946,196,unweighted_fl,10,0.2669187898089172,0,13,None,66,1,5,False,10,10
11947,197,unweighted_fl,10,0.2161624203821656,0,13,None,66,1,5,False,10,10
11948,198,unweighted_fl,10,0.2154657643312102,0,13,None,66,1,5,False,10,10
11949,199,unweighted_fl,10,0.2129777070063694,0,13,None,66,1,5,False,10,10
11950,195,unweighted_fl,10,0.2936902866242038,0,14,None,66,1,5,False,10,10
11951,196,unweighted_fl,10,0.2452229299363057,0,14,None,66,1,5,False,10,10
11952,197,unweighted_fl,10,0.2483081210191083,0,14,None,66,1,5,False,10,10
11953,198,unweighted_fl,10,0.2502985668789809,0,14,None,66,1,5,False,10,10
11954,199,unweighted_fl,10,0.2593550955414013,0,14,None,66,1,5,False,10,10
11955,195,unweighted_fl,10,0.2621417197452229,0,15,None,66,1,5,False,10,10
11956,196,unweighted_fl,10,0.2513933121019108,0,15,None,66,1,5,False,10,10
11957,197,unweighted_fl,10,0.2658240445859872,0,15,None,66,1,5,False,10,10
11958,198,unweighted_fl,10,0.2784633757961783,0,15,None,66,1,5,False,10,10
11959,199,unweighted_fl,10,0.2903065286624204,0,15,None,66,1,5,False,10,10
11960,195,unweighted_fl,10,0.3063296178343949,0,17,None,66,1,5,False,10,10
11961,196,unweighted_fl,10,0.228702229299363,0,17,None,66,1,5,False,10,10
11962,197,unweighted_fl,10,0.2259156050955414,0,17,None,66,1,5,False,10,10
11963,198,unweighted_fl,10,0.2243232484076433,0,17,None,66,1,5,False,10,10
11964,199,unweighted_fl,10,0.2242237261146497,0,17,None,66,1,5,False,10,10
11965,195,unweighted_fl,10,0.248109076433121,0,16,None,66,1,5,False,10,10
11966,196,unweighted_fl,10,0.3018511146496815,0,16,None,66,1,5,False,10,10
11967,197,unweighted_fl,10,0.2432324840764331,0,16,None,66,1,5,False,10,10
11968,198,unweighted_fl,10,0.2461186305732484,0,16,None,66,1,5,False,10,10
11969,199,unweighted_fl,10,0.2532842356687898,0,16,None,66,1,5,False,10,10
11970,195,unweighted_fl,10,0.2300955414012739,0,18,None,66,1,5,False,10,10
11971,196,unweighted_fl,10,0.3072253184713376,0,18,None,66,1,5,False,10,10
11972,197,unweighted_fl,10,0.2544785031847134,0,18,None,66,1,5,False,10,10
11973,198,unweighted_fl,10,0.2251194267515923,0,18,None,66,1,5,False,10,10
11974,199,unweighted_fl,10,0.2264132165605095,0,18,None,66,1,5,False,10,10
11975,195,unweighted_fl,10,0.2381568471337579,0,19,None,66,1,5,False,10,10
11976,196,unweighted_fl,10,0.2451234076433121,0,19,None,66,1,5,False,10,10
11977,197,unweighted_fl,10,0.2531847133757962,0,19,None,66,1,5,False,10,10
11978,198,unweighted_fl,10,0.2991640127388535,0,19,None,66,1,5,False,10,10
11979,199,unweighted_fl,10,0.2684116242038216,0,19,None,66,1,5,False,10,10
11980,195,unweighted_fl,10,0.2270103503184713,0,20,None,66,1,5,False,10,10
11981,196,unweighted_fl,10,0.2255175159235669,0,20,None,66,1,5,False,10,10
11982,197,unweighted_fl,10,0.2246218152866242,0,20,None,66,1,5,False,10,10
11983,198,unweighted_fl,10,0.274781050955414,0,20,None,66,1,5,False,10,10
11984,199,unweighted_fl,10,0.2994625796178344,0,20,None,66,1,5,False,10,10
11985,195,unweighted_fl,10,0.2433320063694267,0,22,None,66,1,5,False,10,10
11986,196,unweighted_fl,10,0.246218152866242,0,22,None,66,1,5,False,10,10
11987,197,unweighted_fl,10,0.2821457006369426,0,22,None,66,1,5,False,10,10
11988,198,unweighted_fl,10,0.3348925159235669,0,22,None,66,1,5,False,10,10
11989,199,unweighted_fl,10,0.321656050955414,0,22,None,66,1,5,False,10,10
11990,195,unweighted_fl,10,0.2381568471337579,0,21,None,66,1,5,False,10,10
11991,196,unweighted_fl,10,0.3206608280254777,0,21,None,66,1,5,False,10,10
11992,197,unweighted_fl,10,0.2830414012738853,0,21,None,66,1,5,False,10,10
11993,198,unweighted_fl,10,0.2528861464968153,0,21,None,66,1,5,False,10,10
11994,199,unweighted_fl,10,0.2570660828025478,0,21,None,66,1,5,False,10,10
11995,195,unweighted_fl,10,0.2492038216560509,0,23,None,66,1,5,False,10,10
11996,196,unweighted_fl,10,0.2547770700636942,0,23,None,66,1,5,False,10,10
11997,197,unweighted_fl,10,0.2608479299363057,0,23,None,66,1,5,False,10,10
11998,198,unweighted_fl,10,0.2671178343949044,0,23,None,66,1,5,False,10,10
11999,199,unweighted_fl,10,0.2738853503184713,0,23,None,66,1,5,False,10,10
12000,195,unweighted_fl,10,0.2313893312101911,0,24,None,66,1,5,False,10,10
12001,196,unweighted_fl,10,0.2306926751592356,0,24,None,66,1,5,False,10,10
12002,197,unweighted_fl,10,0.237858280254777,0,24,None,66,1,5,False,10,10
12003,198,unweighted_fl,10,0.2700039808917197,0,24,None,66,1,5,False,10,10
12004,199,unweighted_fl,10,0.2368630573248407,0,24,None,66,1,5,False,10,10
12005,195,unweighted_fl,10,0.2439291401273885,0,25,None,66,1,5,False,10,10
12006,196,unweighted_fl,10,0.2601512738853503,0,25,None,66,1,5,False,10,10
12007,197,unweighted_fl,10,0.3285230891719745,0,25,None,66,1,5,False,10,10
12008,198,unweighted_fl,10,0.3306130573248407,0,25,None,66,1,5,False,10,10
12009,199,unweighted_fl,10,0.3028463375796178,0,25,None,66,1,5,False,10,10
12010,195,unweighted_fl,10,0.2344745222929936,0,27,None,66,1,5,False,10,10
12011,196,unweighted_fl,10,0.2362659235668789,0,27,None,66,1,5,False,10,10
12012,197,unweighted_fl,10,0.2742834394904458,0,27,None,66,1,5,False,10,10
12013,198,unweighted_fl,10,0.3133957006369426,0,27,None,66,1,5,False,10,10
12014,199,unweighted_fl,10,0.3195660828025478,0,27,None,66,1,5,False,10,10
12015,195,unweighted_fl,10,0.2522890127388535,0,26,None,66,1,5,False,10,10
12016,196,unweighted_fl,10,0.2573646496815286,0,26,None,66,1,5,False,10,10
12017,197,unweighted_fl,10,0.2643312101910828,0,26,None,66,1,5,False,10,10
12018,198,unweighted_fl,10,0.2712977707006369,0,26,None,66,1,5,False,10,10
12019,199,unweighted_fl,10,0.2789609872611465,0,26,None,66,1,5,False,10,10
12020,195,unweighted_fl,10,0.3090167197452229,0,28,None,66,1,5,False,10,10
12021,196,unweighted_fl,10,0.2348726114649681,0,28,None,66,1,5,False,10,10
12022,197,unweighted_fl,10,0.2365644904458598,0,28,None,66,1,5,False,10,10
12023,198,unweighted_fl,10,0.2423367834394904,0,28,None,66,1,5,False,10,10
12024,199,unweighted_fl,10,0.2498009554140127,0,28,None,66,1,5,False,10,10
12025,195,unweighted_fl,10,0.2360668789808917,0,29,None,66,1,5,False,10,10
12026,196,unweighted_fl,10,0.304140127388535,0,29,None,66,1,5,False,10,10
12027,197,unweighted_fl,10,0.3125,0,29,None,66,1,5,False,10,10
12028,198,unweighted_fl,10,0.2754777070063694,0,29,None,66,1,5,False,10,10
12029,199,unweighted_fl,10,0.2590565286624204,0,29,None,66,1,5,False,10,10
12030,195,unweighted_fl,10,0.2867237261146497,0,30,None,66,1,5,False,10,10
12031,196,unweighted_fl,10,0.2916998407643312,0,30,None,66,1,5,False,10,10
12032,197,unweighted_fl,10,0.229796974522293,0,30,None,66,1,5,False,10,10
12033,198,unweighted_fl,10,0.2269108280254777,0,30,None,66,1,5,False,10,10
12034,199,unweighted_fl,10,0.230593152866242,0,30,None,66,1,5,False,10,10
12035,195,unweighted_fl,10,0.2607484076433121,0,32,None,66,1,5,False,10,10
12036,196,unweighted_fl,10,0.2650278662420382,0,32,None,66,1,5,False,10,10
12037,197,unweighted_fl,10,0.2696058917197452,0,32,None,66,1,5,False,10,10
12038,198,unweighted_fl,10,0.2808519108280254,0,32,None,66,1,5,False,10,10
12039,199,unweighted_fl,10,0.3126990445859872,0,32,None,66,1,5,False,10,10
12040,195,unweighted_fl,10,0.2532842356687898,0,31,None,66,1,5,False,10,10
12041,196,unweighted_fl,10,0.2649283439490446,0,31,None,66,1,5,False,10,10
12042,197,unweighted_fl,10,0.2872213375796178,0,31,None,66,1,5,False,10,10
12043,198,unweighted_fl,10,0.3433519108280254,0,31,None,66,1,5,False,10,10
12044,199,unweighted_fl,10,0.3518113057324841,0,31,None,66,1,5,False,10,10
0,0,random,10,0.0996218152866242,0,15,None,66,1,5,False,10,10
1,1,random,10,0.1008160828025477,0,15,None,66,1,5,False,10,10
2,2,random,10,0.1308718152866242,0,15,None,66,1,5,False,10,10
3,3,random,10,0.2034235668789809,0,15,None,66,1,5,False,10,10
4,4,random,10,0.2498009554140127,0,15,None,66,1,5,False,10,10
5,0,random,10,0.0995222929936305,0,10,None,66,1,5,False,10,10
6,1,random,10,0.0995222929936305,0,10,None,66,1,5,False,10,10
7,2,random,10,0.0995222929936305,0,10,None,66,1,5,False,10,10
8,3,random,10,0.0995222929936305,0,10,None,66,1,5,False,10,10
9,4,random,10,0.0995222929936305,0,10,None,66,1,5,False,10,10
10,0,random,10,0.1950636942675159,0,16,None,66,1,5,False,10,10
11,1,random,10,0.2573646496815286,0,16,None,66,1,5,False,10,10
12,2,random,10,0.2735867834394904,0,16,None,66,1,5,False,10,10
13,3,random,10,0.2897093949044586,0,16,None,66,1,5,False,10,10
14,4,random,10,0.3076234076433121,0,16,None,66,1,5,False,10,10
15,0,random,10,0.1930732484076433,0,11,None,66,1,5,False,10,10
16,1,random,10,0.2386544585987261,0,11,None,66,1,5,False,10,10
17,2,random,10,0.2342754777070063,0,11,None,66,1,5,False,10,10
18,3,random,10,0.2471138535031847,0,11,None,66,1,5,False,10,10
19,4,random,10,0.252687101910828,0,11,None,66,1,5,False,10,10
20,0,random,10,0.1826234076433121,0,20,None,66,1,5,False,10,10
21,1,random,10,0.1992436305732484,0,20,None,66,1,5,False,10,10
22,2,random,10,0.2152667197452229,0,20,None,66,1,5,False,10,10
23,3,random,10,0.2401472929936305,0,20,None,66,1,5,False,10,10
24,4,random,10,0.2814490445859872,0,20,None,66,1,5,False,10,10
25,0,random,10,0.206608280254777,0,19,None,66,1,5,False,10,10
26,1,random,10,0.2573646496815286,0,19,None,66,1,5,False,10,10
27,2,random,10,0.2670183121019108,0,19,None,66,1,5,False,10,10
28,3,random,10,0.2765724522292994,0,19,None,66,1,5,False,10,10
29,4,random,10,0.2914012738853503,0,19,None,66,1,5,False,10,10
30,0,random,10,0.2091958598726114,0,17,None,66,1,5,False,10,10
31,1,random,10,0.2787619426751592,0,17,None,66,1,5,False,10,10
32,2,random,10,0.283937101910828,0,17,None,66,1,5,False,10,10
33,3,random,10,0.2966759554140127,0,17,None,66,1,5,False,10,10
34,4,random,10,0.2978702229299363,0,17,None,66,1,5,False,10,10
35,0,random,10,0.1720740445859872,0,25,None,66,1,5,False,10,10
36,1,random,10,0.1518710191082802,0,25,None,66,1,5,False,10,10
37,2,random,10,0.1294785031847133,0,25,None,66,1,5,False,10,10
38,3,random,10,0.112858280254777,0,25,None,66,1,5,False,10,10
39,4,random,10,0.1058917197452229,0,25,None,66,1,5,False,10,10
40,0,random,10,0.0998208598726114,0,12,None,66,1,5,False,10,10
41,1,random,10,0.0996218152866242,0,12,None,66,1,5,False,10,10
42,2,random,10,0.1012141719745222,0,12,None,66,1,5,False,10,10
43,3,random,10,0.1171377388535031,0,12,None,66,1,5,False,10,10
44,4,random,10,0.1429140127388535,0,12,None,66,1,5,False,10,10
45,0,random,10,0.1848128980891719,0,26,None,66,1,5,False,10,10
46,1,random,10,0.1258957006369426,0,26,None,66,1,5,False,10,10
47,2,random,10,0.1070859872611465,0,26,None,66,1,5,False,10,10
48,3,random,10,0.1108678343949044,0,26,None,66,1,5,False,10,10
49,4,random,10,0.1350517515923567,0,26,None,66,1,5,False,10,10
50,0,random,10,0.1963574840764331,0,24,None,66,1,5,False,10,10
51,1,random,10,0.2824442675159235,0,24,None,66,1,5,False,10,10
52,2,random,10,0.3256369426751592,0,24,None,66,1,5,False,10,10
53,3,random,10,0.3523089171974522,0,24,None,66,1,5,False,10,10
54,4,random,10,0.3561902866242038,0,24,None,66,1,5,False,10,10
55,0,random,10,0.2993630573248407,0,30,None,66,1,5,False,10,10
56,1,random,10,0.2888136942675159,0,30,None,66,1,5,False,10,10
57,2,random,10,0.274781050955414,0,30,None,66,1,5,False,10,10
58,3,random,10,0.2813495222929936,0,30,None,66,1,5,False,10,10
59,4,random,10,0.2870222929936306,0,30,None,66,1,5,False,10,10
60,0,random,10,0.2021297770700637,0,31,None,66,1,5,False,10,10
61,1,random,10,0.2932921974522293,0,31,None,66,1,5,False,10,10
62,2,random,10,0.25,0,31,None,66,1,5,False,10,10
63,3,random,10,0.2401472929936305,0,31,None,66,1,5,False,10,10
64,4,random,10,0.2465167197452229,0,31,None,66,1,5,False,10,10
65,0,random,10,0.1280851910828025,0,18,None,66,1,5,False,10,10
66,1,random,10,0.1906847133757961,0,18,None,66,1,5,False,10,10
67,2,random,10,0.1972531847133758,0,18,None,66,1,5,False,10,10
68,3,random,10,0.2083996815286624,0,18,None,66,1,5,False,10,10
69,4,random,10,0.2205414012738853,0,18,None,66,1,5,False,10,10
70,0,random,10,0.1339570063694267,0,32,None,66,1,5,False,10,10
71,1,random,10,0.1627189490445859,0,32,None,66,1,5,False,10,10
72,2,random,10,0.1998407643312102,0,32,None,66,1,5,False,10,10
73,3,random,10,0.1995421974522293,0,32,None,66,1,5,False,10,10
74,4,random,10,0.192874203821656,0,32,None,66,1,5,False,10,10
75,0,random,10,0.2257165605095541,0,7,None,66,1,5,False,10,10
76,1,random,10,0.2788614649681528,0,7,None,66,1,5,False,10,10
77,2,random,10,0.3689291401273885,0,7,None,66,1,5,False,10,10
78,3,random,10,0.4241640127388535,0,7,None,66,1,5,False,10,10
79,4,random,10,0.4419785031847134,0,7,None,66,1,5,False,10,10
80,0,random,10,0.0995222929936305,0,6,None,66,1,5,False,10,10
81,1,random,10,0.0995222929936305,0,6,None,66,1,5,False,10,10
82,2,random,10,0.0995222929936305,0,6,None,66,1,5,False,10,10
83,3,random,10,0.0995222929936305,0,6,None,66,1,5,False,10,10
84,4,random,10,0.0996218152866242,0,6,None,66,1,5,False,10,10
85,0,random,10,0.0997213375796178,0,1,None,66,1,5,False,10,10
86,1,random,10,0.1925756369426751,0,1,None,66,1,5,False,10,10
87,2,random,10,0.2375597133757961,0,1,None,66,1,5,False,10,10
88,3,random,10,0.2704020700636942,0,1,None,66,1,5,False,10,10
89,4,random,10,0.2764729299363057,0,1,None,66,1,5,False,10,10
90,0,random,10,0.1645103503184713,0,2,None,66,1,5,False,10,10
91,1,random,10,0.1786425159235669,0,2,None,66,1,5,False,10,10
92,2,random,10,0.1806329617834395,0,2,None,66,1,5,False,10,10
93,3,random,10,0.1778463375796178,0,2,None,66,1,5,False,10,10
94,4,random,10,0.1910828025477707,0,2,None,66,1,5,False,10,10
95,0,random,10,0.2846337579617834,0,5,None,66,1,5,False,10,10
96,1,random,10,0.3250398089171974,0,5,None,66,1,5,False,10,10
97,2,random,10,0.2988654458598726,0,5,None,66,1,5,False,10,10
98,3,random,10,0.2911027070063694,0,5,None,66,1,5,False,10,10
99,4,random,10,0.2953821656050955,0,5,None,66,1,5,False,10,10
100,0,random,10,0.1500796178343949,0,3,None,66,1,5,False,10,10
101,1,random,10,0.1413216560509554,0,3,None,66,1,5,False,10,10
102,2,random,10,0.1466958598726114,0,3,None,66,1,5,False,10,10
103,3,random,10,0.1151472929936305,0,3,None,66,1,5,False,10,10
104,4,random,10,0.1178343949044586,0,3,None,66,1,5,False,10,10
105,0,random,10,0.0995222929936305,0,9,None,66,1,5,False,10,10
106,1,random,10,0.0995222929936305,0,9,None,66,1,5,False,10,10
107,2,random,10,0.1086783439490445,0,9,None,66,1,5,False,10,10
108,3,random,10,0.1545581210191083,0,9,None,66,1,5,False,10,10
109,4,random,10,0.181031050955414,0,9,None,66,1,5,False,10,10
110,0,random,10,0.1961584394904458,0,8,None,66,1,5,False,10,10
111,1,random,10,0.2960788216560509,0,8,None,66,1,5,False,10,10
112,2,random,10,0.3085191082802547,0,8,None,66,1,5,False,10,10
113,3,random,10,0.2785628980891719,0,8,None,66,1,5,False,10,10
114,4,random,10,0.2520899681528662,0,8,None,66,1,5,False,10,10
115,0,random,10,0.1528662420382165,0,21,None,66,1,5,False,10,10
116,1,random,10,0.2004378980891719,0,21,None,66,1,5,False,10,10
117,2,random,10,0.2133757961783439,0,21,None,66,1,5,False,10,10
118,3,random,10,0.226811305732484,0,21,None,66,1,5,False,10,10
119,4,random,10,0.2349721337579617,0,21,None,66,1,5,False,10,10
120,0,random,10,0.2749800955414013,0,13,None,66,1,5,False,10,10
121,1,random,10,0.3424562101910828,0,13,None,66,1,5,False,10,10
122,2,random,10,0.4236664012738853,0,13,None,66,1,5,False,10,10
123,3,random,10,0.4340167197452229,0,13,None,66,1,5,False,10,10
124,4,random,10,0.4319267515923566,0,13,None,66,1,5,False,10,10
125,0,random,10,0.0995222929936305,0,27,None,66,1,5,False,10,10
126,1,random,10,0.0995222929936305,0,27,None,66,1,5,False,10,10
127,2,random,10,0.0995222929936305,0,27,None,66,1,5,False,10,10
128,3,random,10,0.0995222929936305,0,27,None,66,1,5,False,10,10
129,4,random,10,0.0995222929936305,0,27,None,66,1,5,False,10,10
130,0,random,10,0.1885947452229299,0,28,None,66,1,5,False,10,10
131,1,random,10,0.1984474522292993,0,28,None,66,1,5,False,10,10
132,2,random,10,0.2204418789808917,0,28,None,66,1,5,False,10,10
133,3,random,10,0.2330812101910828,0,28,None,66,1,5,False,10,10
134,4,random,10,0.2421377388535031,0,28,None,66,1,5,False,10,10
135,0,random,10,0.1529657643312102,0,29,None,66,1,5,False,10,10
136,1,random,10,0.1659036624203821,0,29,None,66,1,5,False,10,10
137,2,random,10,0.1245023885350318,0,29,None,66,1,5,False,10,10
138,3,random,10,0.1028065286624203,0,29,None,66,1,5,False,10,10
139,4,random,10,0.101811305732484,0,29,None,66,1,5,False,10,10
140,0,random,10,0.3460390127388535,0,14,None,66,1,5,False,10,10
141,1,random,10,0.3347929936305732,0,14,None,66,1,5,False,10,10
142,2,random,10,0.2694068471337579,0,14,None,66,1,5,False,10,10
143,3,random,10,0.2237261146496815,0,14,None,66,1,5,False,10,10
144,4,random,10,0.2210390127388535,0,14,None,66,1,5,False,10,10
145,0,random,10,0.1058917197452229,0,22,None,66,1,5,False,10,10
146,1,random,10,0.1229100318471337,0,22,None,66,1,5,False,10,10
147,2,random,10,0.1460987261146497,0,22,None,66,1,5,False,10,10
148,3,random,10,0.1903861464968153,0,22,None,66,1,5,False,10,10
149,4,random,10,0.2458200636942675,0,22,None,66,1,5,False,10,10
150,0,random,10,0.1000199044585987,0,0,None,66,1,5,False,10,10
151,1,random,10,0.1172372611464968,0,0,None,66,1,5,False,10,10
152,2,random,10,0.1997412420382165,0,0,None,66,1,5,False,10,10
153,3,random,10,0.2411425159235669,0,0,None,66,1,5,False,10,10
154,4,random,10,0.2584593949044586,0,0,None,66,1,5,False,10,10
155,0,random,10,0.1504777070063694,0,23,None,66,1,5,False,10,10
156,1,random,10,0.0995222929936305,0,23,None,66,1,5,False,10,10
157,2,random,10,0.0995222929936305,0,23,None,66,1,5,False,10,10
158,3,random,10,0.0995222929936305,0,23,None,66,1,5,False,10,10
159,4,random,10,0.1329617834394904,0,23,None,66,1,5,False,10,10
160,0,random,10,0.1738654458598726,0,4,None,66,1,5,False,10,10
161,1,random,10,0.1205214968152866,0,4,None,66,1,5,False,10,10
162,2,random,10,0.0995222929936305,0,4,None,66,1,5,False,10,10
163,3,random,10,0.1022093949044586,0,4,None,66,1,5,False,10,10
164,4,random,10,0.1199243630573248,0,4,None,66,1,5,False,10,10
165,5,random,10,0.3214570063694267,0,18,None,66,1,5,False,10,10
166,6,random,10,0.2852308917197452,0,18,None,66,1,5,False,10,10
167,7,random,10,0.2530851910828025,0,18,None,66,1,5,False,10,10
168,8,random,10,0.2593550955414013,0,18,None,66,1,5,False,10,10
169,9,random,10,0.2642316878980891,0,18,None,66,1,5,False,10,10
170,5,random,10,0.318968949044586,0,16,None,66,1,5,False,10,10
171,6,random,10,0.321656050955414,0,16,None,66,1,5,False,10,10
172,7,random,10,0.3219546178343949,0,16,None,66,1,5,False,10,10
173,8,random,10,0.3296178343949044,0,16,None,66,1,5,False,10,10
174,9,random,10,0.3452428343949044,0,16,None,66,1,5,False,10,10
175,5,random,10,0.1049960191082802,0,25,None,66,1,5,False,10,10
176,6,random,10,0.1039012738853503,0,25,None,66,1,5,False,10,10
177,7,random,10,0.1114649681528662,0,25,None,66,1,5,False,10,10
178,8,random,10,0.1407245222929936,0,25,None,66,1,5,False,10,10
179,9,random,10,0.1894904458598726,0,25,None,66,1,5,False,10,10
180,5,random,10,0.1636146496815286,0,19,None,66,1,5,False,10,10
181,6,random,10,0.1056926751592356,0,19,None,66,1,5,False,10,10
182,7,random,10,0.1092754777070063,0,19,None,66,1,5,False,10,10
183,8,random,10,0.1183320063694267,0,19,None,66,1,5,False,10,10
184,9,random,10,0.1306727707006369,0,19,None,66,1,5,False,10,10
185,5,random,10,0.1676950636942675,0,31,None,66,1,5,False,10,10
186,6,random,10,0.1784434713375796,0,31,None,66,1,5,False,10,10
187,7,random,10,0.1886942675159235,0,31,None,66,1,5,False,10,10
188,8,random,10,0.2032245222929936,0,31,None,66,1,5,False,10,10
189,9,random,10,0.2243232484076433,0,31,None,66,1,5,False,10,10
190,5,random,10,0.3455414012738853,0,11,None,66,1,5,False,10,10
191,6,random,10,0.4564092356687898,0,11,None,66,1,5,False,10,10
192,7,random,10,0.3950039808917197,0,11,None,66,1,5,False,10,10
193,8,random,10,0.3264331210191082,0,11,None,66,1,5,False,10,10
194,9,random,10,0.2996616242038216,0,11,None,66,1,5,False,10,10
195,5,random,10,0.0995222929936305,0,10,None,66,1,5,False,10,10
196,6,random,10,0.0995222929936305,0,10,None,66,1,5,False,10,10
197,7,random,10,0.0995222929936305,0,10,None,66,1,5,False,10,10
198,8,random,10,0.0995222929936305,0,10,None,66,1,5,False,10,10
199,9,random,10,0.0995222929936305,0,10,None,66,1,5,False,10,10
200,5,random,10,0.1859076433121019,0,15,None,66,1,5,False,10,10
201,6,random,10,0.2132762738853503,0,15,None,66,1,5,False,10,10
202,7,random,10,0.2442277070063694,0,15,None,66,1,5,False,10,10
203,8,random,10,0.2606488853503185,0,15,None,66,1,5,False,10,10
204,9,random,10,0.2697054140127388,0,15,None,66,1,5,False,10,10
205,5,random,10,0.3042396496815286,0,20,None,66,1,5,False,10,10
206,6,random,10,0.3735071656050955,0,20,None,66,1,5,False,10,10
207,7,random,10,0.3136942675159235,0,20,None,66,1,5,False,10,10
208,8,random,10,0.2951831210191082,0,20,None,66,1,5,False,10,10
209,9,random,10,0.2937898089171974,0,20,None,66,1,5,False,10,10
210,5,random,10,0.1854100318471337,0,26,None,66,1,5,False,10,10
211,6,random,10,0.1741640127388535,0,26,None,66,1,5,False,10,10
212,7,random,10,0.1658041401273885,0,26,None,66,1,5,False,10,10
213,8,random,10,0.1585390127388535,0,26,None,66,1,5,False,10,10
214,9,random,10,0.1536624203821656,0,26,None,66,1,5,False,10,10
215,5,random,10,0.1613256369426751,0,12,None,66,1,5,False,10,10
216,6,random,10,0.2167595541401273,0,12,None,66,1,5,False,10,10
217,7,random,10,0.1655055732484076,0,12,None,66,1,5,False,10,10
218,8,random,10,0.1716759554140127,0,12,None,66,1,5,False,10,10
219,9,random,10,0.1841162420382165,0,12,None,66,1,5,False,10,10
220,5,random,10,0.2558718152866242,0,22,None,66,1,5,False,10,10
221,6,random,10,0.3142914012738853,0,22,None,66,1,5,False,10,10
222,7,random,10,0.3477308917197452,0,22,None,66,1,5,False,10,10
223,8,random,10,0.3701234076433121,0,22,None,66,1,5,False,10,10
224,9,random,10,0.3982882165605095,0,22,None,66,1,5,False,10,10
225,5,random,10,0.3272292993630573,0,14,None,66,1,5,False,10,10
226,6,random,10,0.3435509554140127,0,14,None,66,1,5,False,10,10
227,7,random,10,0.2528861464968153,0,14,None,66,1,5,False,10,10
228,8,random,10,0.2196457006369426,0,14,None,66,1,5,False,10,10
229,9,random,10,0.2259156050955414,0,14,None,66,1,5,False,10,10
230,5,random,10,0.1821257961783439,0,32,None,66,1,5,False,10,10
231,6,random,10,0.1836186305732484,0,32,None,66,1,5,False,10,10
232,7,random,10,0.182921974522293,0,32,None,66,1,5,False,10,10
233,8,random,10,0.1824243630573248,0,32,None,66,1,5,False,10,10
234,9,random,10,0.1807324840764331,0,32,None,66,1,5,False,10,10
235,5,random,10,0.2829418789808917,0,7,None,66,1,5,False,10,10
236,6,random,10,0.3343949044585987,0,7,None,66,1,5,False,10,10
237,7,random,10,0.3329020700636942,0,7,None,66,1,5,False,10,10
238,8,random,10,0.306031050955414,0,7,None,66,1,5,False,10,10
239,9,random,10,0.2971735668789809,0,7,None,66,1,5,False,10,10
240,5,random,10,0.1715764331210191,0,30,None,66,1,5,False,10,10
241,6,random,10,0.2047173566878981,0,30,None,66,1,5,False,10,10
242,7,random,10,0.254578025477707,0,30,None,66,1,5,False,10,10
243,8,random,10,0.3051353503184713,0,30,None,66,1,5,False,10,10
244,9,random,10,0.3160828025477707,0,30,None,66,1,5,False,10,10
245,5,random,10,0.369327229299363,0,6,None,66,1,5,False,10,10
246,6,random,10,0.2706011146496815,0,6,None,66,1,5,False,10,10
247,7,random,10,0.2110867834394904,0,6,None,66,1,5,False,10,10
248,8,random,10,0.1601313694267516,0,6,None,66,1,5,False,10,10
249,9,random,10,0.1298765923566879,0,6,None,66,1,5,False,10,10
250,5,random,10,0.2854299363057325,0,17,None,66,1,5,False,10,10
251,6,random,10,0.2802547770700637,0,17,None,66,1,5,False,10,10
252,7,random,10,0.2824442675159235,0,17,None,66,1,5,False,10,10
253,8,random,10,0.2892117834394904,0,17,None,66,1,5,False,10,10
254,9,random,10,0.3450437898089172,0,17,None,66,1,5,False,10,10
255,5,random,10,0.0999203821656051,0,24,None,66,1,5,False,10,10
256,6,random,10,0.0995222929936305,0,24,None,66,1,5,False,10,10
257,7,random,10,0.0995222929936305,0,24,None,66,1,5,False,10,10
258,8,random,10,0.1012141719745222,0,24,None,66,1,5,False,10,10
259,9,random,10,0.1173367834394904,0,24,None,66,1,5,False,10,10
260,5,random,10,0.1733678343949044,0,1,None,66,1,5,False,10,10
261,6,random,10,0.1664012738853503,0,1,None,66,1,5,False,10,10
262,7,random,10,0.1669984076433121,0,1,None,66,1,5,False,10,10
263,8,random,10,0.1686902866242038,0,1,None,66,1,5,False,10,10
264,9,random,10,0.1710788216560509,0,1,None,66,1,5,False,10,10
265,5,random,10,0.2344745222929936,0,2,None,66,1,5,False,10,10
266,6,random,10,0.2780652866242038,0,2,None,66,1,5,False,10,10
267,7,random,10,0.3099124203821656,0,2,None,66,1,5,False,10,10
268,8,random,10,0.339968152866242,0,2,None,66,1,5,False,10,10
269,9,random,10,0.3596735668789809,0,2,None,66,1,5,False,10,10
270,5,random,10,0.0995222929936305,0,0,None,66,1,5,False,10,10
271,6,random,10,0.0995222929936305,0,0,None,66,1,5,False,10,10
272,7,random,10,0.0995222929936305,0,0,None,66,1,5,False,10,10
273,8,random,10,0.0995222929936305,0,0,None,66,1,5,False,10,10
274,9,random,10,0.0995222929936305,0,0,None,66,1,5,False,10,10
275,5,random,10,0.103702229299363,0,4,None,66,1,5,False,10,10
276,6,random,10,0.1948646496815286,0,4,None,66,1,5,False,10,10
277,7,random,10,0.1811305732484076,0,4,None,66,1,5,False,10,10
278,8,random,10,0.1006170382165605,0,4,None,66,1,5,False,10,10
279,9,random,10,0.0995222929936305,0,4,None,66,1,5,False,10,10
280,5,random,10,0.3081210191082802,0,5,None,66,1,5,False,10,10
281,6,random,10,0.3405652866242038,0,5,None,66,1,5,False,10,10
282,7,random,10,0.3638535031847134,0,5,None,66,1,5,False,10,10
283,8,random,10,0.3790804140127388,0,5,None,66,1,5,False,10,10
284,9,random,10,0.3926154458598726,0,5,None,66,1,5,False,10,10
285,5,random,10,0.1338574840764331,0,3,None,66,1,5,False,10,10
286,6,random,10,0.0995222929936305,0,3,None,66,1,5,False,10,10
287,7,random,10,0.0995222929936305,0,3,None,66,1,5,False,10,10
288,8,random,10,0.0995222929936305,0,3,None,66,1,5,False,10,10
289,9,random,10,0.0995222929936305,0,3,None,66,1,5,False,10,10
290,5,random,10,0.2059116242038216,0,8,None,66,1,5,False,10,10
291,6,random,10,0.1970541401273885,0,8,None,66,1,5,False,10,10
292,7,random,10,0.2094944267515923,0,8,None,66,1,5,False,10,10
293,8,random,10,0.2360668789808917,0,8,None,66,1,5,False,10,10
294,9,random,10,0.2738853503184713,0,8,None,66,1,5,False,10,10
295,5,random,10,0.1370421974522293,0,9,None,66,1,5,False,10,10
296,6,random,10,0.1738654458598726,0,9,None,66,1,5,False,10,10
297,7,random,10,0.2022292993630573,0,9,None,66,1,5,False,10,10
298,8,random,10,0.1987460191082802,0,9,None,66,1,5,False,10,10
299,9,random,10,0.2232285031847133,0,9,None,66,1,5,False,10,10
300,5,random,10,0.4242635350318471,0,13,None,66,1,5,False,10,10
301,6,random,10,0.4150079617834395,0,13,None,66,1,5,False,10,10
302,7,random,10,0.3986863057324841,0,13,None,66,1,5,False,10,10
303,8,random,10,0.3756966560509554,0,13,None,66,1,5,False,10,10
304,9,random,10,0.3576831210191082,0,13,None,66,1,5,False,10,10
305,5,random,10,0.147890127388535,0,23,None,66,1,5,False,10,10
306,6,random,10,0.1299761146496815,0,23,None,66,1,5,False,10,10
307,7,random,10,0.1144506369426751,0,23,None,66,1,5,False,10,10
308,8,random,10,0.1098726114649681,0,23,None,66,1,5,False,10,10
309,9,random,10,0.1182324840764331,0,23,None,66,1,5,False,10,10
310,5,random,10,0.2044187898089172,0,21,None,66,1,5,False,10,10
311,6,random,10,0.2071058917197452,0,21,None,66,1,5,False,10,10
312,7,random,10,0.2120820063694267,0,21,None,66,1,5,False,10,10
313,8,random,10,0.2164609872611465,0,21,None,66,1,5,False,10,10
314,9,random,10,0.2209394904458598,0,21,None,66,1,5,False,10,10
315,5,random,10,0.1977507961783439,0,27,None,66,1,5,False,10,10
316,6,random,10,0.1939689490445859,0,27,None,66,1,5,False,10,10
317,7,random,10,0.1472929936305732,0,27,None,66,1,5,False,10,10
318,8,random,10,0.1039012738853503,0,27,None,66,1,5,False,10,10
319,9,random,10,0.0999203821656051,0,27,None,66,1,5,False,10,10
320,5,random,10,0.1898885350318471,0,28,None,66,1,5,False,10,10
321,6,random,10,0.2092953821656051,0,28,None,66,1,5,False,10,10
322,7,random,10,0.2634355095541401,0,28,None,66,1,5,False,10,10
323,8,random,10,0.2041202229299363,0,28,None,66,1,5,False,10,10
324,9,random,10,0.1963574840764331,0,28,None,66,1,5,False,10,10
325,5,random,10,0.1342555732484076,0,29,None,66,1,5,False,10,10
326,6,random,10,0.136046974522293,0,29,None,66,1,5,False,10,10
327,7,random,10,0.1511743630573248,0,29,None,66,1,5,False,10,10
328,8,random,10,0.1381369426751592,0,29,None,66,1,5,False,10,10
329,9,random,10,0.1118630573248407,0,29,None,66,1,5,False,10,10
330,10,random,10,0.3867436305732484,0,2,None,66,1,5,False,10,10
331,11,random,10,0.4038614649681528,0,2,None,66,1,5,False,10,10
332,12,random,10,0.4141122611464968,0,2,None,66,1,5,False,10,10
333,13,random,10,0.4285429936305732,0,2,None,66,1,5,False,10,10
334,14,random,10,0.4434713375796178,0,2,None,66,1,5,False,10,10
335,10,random,10,0.4118232484076433,0,5,None,66,1,5,False,10,10
336,11,random,10,0.4418789808917197,0,5,None,66,1,5,False,10,10
337,12,random,10,0.4726313694267516,0,5,None,66,1,5,False,10,10
338,13,random,10,0.5016918789808917,0,5,None,66,1,5,False,10,10
339,14,random,10,0.5280652866242038,0,5,None,66,1,5,False,10,10
340,10,random,10,0.12390525477707,0,23,None,66,1,5,False,10,10
341,11,random,10,0.1556528662420382,0,23,None,66,1,5,False,10,10
342,12,random,10,0.183718152866242,0,23,None,66,1,5,False,10,10
343,13,random,10,0.2086982484076433,0,23,None,66,1,5,False,10,10
344,14,random,10,0.2415406050955414,0,23,None,66,1,5,False,10,10
345,10,random,10,0.0995222929936305,0,28,None,66,1,5,False,10,10
346,11,random,10,0.0995222929936305,0,28,None,66,1,5,False,10,10
347,12,random,10,0.0997213375796178,0,28,None,66,1,5,False,10,10
348,13,random,10,0.0995222929936305,0,28,None,66,1,5,False,10,10
349,14,random,10,0.0995222929936305,0,28,None,66,1,5,False,10,10
350,10,random,10,0.2742834394904458,0,29,None,66,1,5,False,10,10
351,11,random,10,0.3351910828025478,0,29,None,66,1,5,False,10,10
352,12,random,10,0.3804737261146497,0,29,None,66,1,5,False,10,10
353,13,random,10,0.3991839171974522,0,29,None,66,1,5,False,10,10
354,14,random,10,0.4071457006369426,0,29,None,66,1,5,False,10,10
355,10,random,10,0.1444068471337579,0,20,None,66,1,5,False,10,10
356,11,random,10,0.1752587579617834,0,20,None,66,1,5,False,10,10
357,12,random,10,0.169984076433121,0,20,None,66,1,5,False,10,10
358,13,random,10,0.2049164012738853,0,20,None,66,1,5,False,10,10
359,14,random,10,0.2290007961783439,0,20,None,66,1,5,False,10,10
360,10,random,10,0.136046974522293,0,32,None,66,1,5,False,10,10
361,11,random,10,0.1604299363057325,0,32,None,66,1,5,False,10,10
362,12,random,10,0.1679936305732484,0,32,None,66,1,5,False,10,10
363,13,random,10,0.1725716560509554,0,32,None,66,1,5,False,10,10
364,14,random,10,0.1762539808917197,0,32,None,66,1,5,False,10,10
365,10,random,10,0.1880971337579617,0,26,None,66,1,5,False,10,10
366,11,random,10,0.1907842356687898,0,26,None,66,1,5,False,10,10
367,12,random,10,0.188296178343949,0,26,None,66,1,5,False,10,10
368,13,random,10,0.1848128980891719,0,26,None,66,1,5,False,10,10
369,14,random,10,0.1777468152866242,0,26,None,66,1,5,False,10,10
370,10,random,10,0.2532842356687898,0,15,None,66,1,5,False,10,10
371,11,random,10,0.2621417197452229,0,15,None,66,1,5,False,10,10
372,12,random,10,0.2692078025477707,0,15,None,66,1,5,False,10,10
373,13,random,10,0.2732882165605095,0,15,None,66,1,5,False,10,10
374,14,random,10,0.2767714968152866,0,15,None,66,1,5,False,10,10
375,10,random,10,0.1674960191082802,0,10,None,66,1,5,False,10,10
376,11,random,10,0.0995222929936305,0,10,None,66,1,5,False,10,10
377,12,random,10,0.0995222929936305,0,10,None,66,1,5,False,10,10
378,13,random,10,0.0995222929936305,0,10,None,66,1,5,False,10,10
379,14,random,10,0.0995222929936305,0,10,None,66,1,5,False,10,10
380,10,random,10,0.4912420382165605,0,11,None,66,1,5,False,10,10
381,11,random,10,0.4002786624203822,0,11,None,66,1,5,False,10,10
382,12,random,10,0.3570859872611465,0,11,None,66,1,5,False,10,10
383,13,random,10,0.3201632165605095,0,11,None,66,1,5,False,10,10
384,14,random,10,0.3267316878980891,0,11,None,66,1,5,False,10,10
385,10,random,10,0.2659235668789809,0,3,None,66,1,5,False,10,10
386,11,random,10,0.2165605095541401,0,3,None,66,1,5,False,10,10
387,12,random,10,0.1129578025477707,0,3,None,66,1,5,False,10,10
388,13,random,10,0.0996218152866242,0,3,None,66,1,5,False,10,10
389,14,random,10,0.0995222929936305,0,3,None,66,1,5,False,10,10
390,10,random,10,0.3653463375796178,0,16,None,66,1,5,False,10,10
391,11,random,10,0.3808718152866242,0,16,None,66,1,5,False,10,10
392,12,random,10,0.3923168789808917,0,16,None,66,1,5,False,10,10
393,13,random,10,0.408140923566879,0,16,None,66,1,5,False,10,10
394,14,random,10,0.4307324840764331,0,16,None,66,1,5,False,10,10
395,10,random,10,0.3330015923566879,0,7,None,66,1,5,False,10,10
396,11,random,10,0.461484872611465,0,7,None,66,1,5,False,10,10
397,12,random,10,0.461484872611465,0,7,None,66,1,5,False,10,10
398,13,random,10,0.460390127388535,0,7,None,66,1,5,False,10,10
399,14,random,10,0.5161226114649682,0,7,None,66,1,5,False,10,10
400,10,random,10,0.2960788216560509,0,8,None,66,1,5,False,10,10
401,11,random,10,0.3228503184713376,0,8,None,66,1,5,False,10,10
402,12,random,10,0.3653463375796178,0,8,None,66,1,5,False,10,10
403,13,random,10,0.4521297770700637,0,8,None,66,1,5,False,10,10
404,14,random,10,0.4858678343949044,0,8,None,66,1,5,False,10,10
405,10,random,10,0.2448248407643312,0,19,None,66,1,5,False,10,10
406,11,random,10,0.1832205414012739,0,19,None,66,1,5,False,10,10
407,12,random,10,0.1713773885350318,0,19,None,66,1,5,False,10,10
408,13,random,10,0.1776472929936305,0,19,None,66,1,5,False,10,10
409,14,random,10,0.1836186305732484,0,19,None,66,1,5,False,10,10
410,10,random,10,0.3717157643312102,0,17,None,66,1,5,False,10,10
411,11,random,10,0.3939092356687898,0,17,None,66,1,5,False,10,10
412,12,random,10,0.4472531847133758,0,17,None,66,1,5,False,10,10
413,13,random,10,0.4834792993630573,0,17,None,66,1,5,False,10,10
414,14,random,10,0.5108479299363057,0,17,None,66,1,5,False,10,10
415,10,random,10,0.2152667197452229,0,21,None,66,1,5,False,10,10
416,11,random,10,0.2138734076433121,0,21,None,66,1,5,False,10,10
417,12,random,10,0.2170581210191083,0,21,None,66,1,5,False,10,10
418,13,random,10,0.2223328025477707,0,21,None,66,1,5,False,10,10
419,14,random,10,0.2317874203821656,0,21,None,66,1,5,False,10,10
420,10,random,10,0.2689092356687898,0,24,None,66,1,5,False,10,10
421,11,random,10,0.2741839171974522,0,24,None,66,1,5,False,10,10
422,12,random,10,0.2773686305732484,0,24,None,66,1,5,False,10,10
423,13,random,10,0.2776671974522293,0,24,None,66,1,5,False,10,10
424,14,random,10,0.2767714968152866,0,24,None,66,1,5,False,10,10
425,10,random,10,0.1836186305732484,0,30,None,66,1,5,False,10,10
426,11,random,10,0.2089968152866242,0,30,None,66,1,5,False,10,10
427,12,random,10,0.2304936305732484,0,30,None,66,1,5,False,10,10
428,13,random,10,0.228702229299363,0,30,None,66,1,5,False,10,10
429,14,random,10,0.2336783439490445,0,30,None,66,1,5,False,10,10
430,10,random,10,0.4105294585987261,0,6,None,66,1,5,False,10,10
431,11,random,10,0.3520103503184713,0,6,None,66,1,5,False,10,10
432,12,random,10,0.3254378980891719,0,6,None,66,1,5,False,10,10
433,13,random,10,0.3036425159235669,0,6,None,66,1,5,False,10,10
434,14,random,10,0.3097133757961783,0,6,None,66,1,5,False,10,10
435,10,random,10,0.3695262738853503,0,18,None,66,1,5,False,10,10
436,11,random,10,0.3362858280254777,0,18,None,66,1,5,False,10,10
437,12,random,10,0.301453025477707,0,18,None,66,1,5,False,10,10
438,13,random,10,0.2940883757961783,0,18,None,66,1,5,False,10,10
439,14,random,10,0.322452229299363,0,18,None,66,1,5,False,10,10
440,10,random,10,0.2354697452229299,0,27,None,66,1,5,False,10,10
441,11,random,10,0.2872213375796178,0,27,None,66,1,5,False,10,10
442,12,random,10,0.2823447452229299,0,27,None,66,1,5,False,10,10
443,13,random,10,0.2927945859872611,0,27,None,66,1,5,False,10,10
444,14,random,10,0.3090167197452229,0,27,None,66,1,5,False,10,10
445,10,random,10,0.254578025477707,0,31,None,66,1,5,False,10,10
446,11,random,10,0.2708001592356688,0,31,None,66,1,5,False,10,10
447,12,random,10,0.2946855095541401,0,31,None,66,1,5,False,10,10
448,13,random,10,0.3336982484076433,0,31,None,66,1,5,False,10,10
449,14,random,10,0.4060509554140127,0,31,None,66,1,5,False,10,10
450,10,random,10,0.1950636942675159,0,1,None,66,1,5,False,10,10
451,11,random,10,0.1939689490445859,0,1,None,66,1,5,False,10,10
452,12,random,10,0.1932722929936305,0,1,None,66,1,5,False,10,10
453,13,random,10,0.1915804140127388,0,1,None,66,1,5,False,10,10
454,14,random,10,0.1897890127388535,0,1,None,66,1,5,False,10,10
455,10,random,10,0.3507165605095541,0,13,None,66,1,5,False,10,10
456,11,random,10,0.3497213375796178,0,13,None,66,1,5,False,10,10
457,12,random,10,0.3497213375796178,0,13,None,66,1,5,False,10,10
458,13,random,10,0.3566878980891719,0,13,None,66,1,5,False,10,10
459,14,random,10,0.3888335987261146,0,13,None,66,1,5,False,10,10
460,10,random,10,0.1925756369426751,0,0,None,66,1,5,False,10,10
461,11,random,10,0.1553542993630573,0,0,None,66,1,5,False,10,10
462,12,random,10,0.1001194267515923,0,0,None,66,1,5,False,10,10
463,13,random,10,0.0995222929936305,0,0,None,66,1,5,False,10,10
464,14,random,10,0.0995222929936305,0,0,None,66,1,5,False,10,10
465,10,random,10,0.3984872611464968,0,14,None,66,1,5,False,10,10
466,11,random,10,0.3056329617834395,0,14,None,66,1,5,False,10,10
467,12,random,10,0.373109076433121,0,14,None,66,1,5,False,10,10
468,13,random,10,0.3527070063694267,0,14,None,66,1,5,False,10,10
469,14,random,10,0.3577826433121019,0,14,None,66,1,5,False,10,10
470,10,random,10,0.2415406050955414,0,4,None,66,1,5,False,10,10
471,11,random,10,0.2320859872611465,0,4,None,66,1,5,False,10,10
472,12,random,10,0.2104896496815286,0,4,None,66,1,5,False,10,10
473,13,random,10,0.1988455414012739,0,4,None,66,1,5,False,10,10
474,14,random,10,0.2047173566878981,0,4,None,66,1,5,False,10,10
475,10,random,10,0.4095342356687898,0,22,None,66,1,5,False,10,10
476,11,random,10,0.425358280254777,0,22,None,66,1,5,False,10,10
477,12,random,10,0.4340167197452229,0,22,None,66,1,5,False,10,10
478,13,random,10,0.4392914012738853,0,22,None,66,1,5,False,10,10
479,14,random,10,0.4465565286624204,0,22,None,66,1,5,False,10,10
480,10,random,10,0.3328025477707006,0,9,None,66,1,5,False,10,10
481,11,random,10,0.283140923566879,0,9,None,66,1,5,False,10,10
482,12,random,10,0.2768710191082802,0,9,None,66,1,5,False,10,10
483,13,random,10,0.2763734076433121,0,9,None,66,1,5,False,10,10
484,14,random,10,0.2790605095541401,0,9,None,66,1,5,False,10,10
485,10,random,10,0.3145899681528662,0,12,None,66,1,5,False,10,10
486,11,random,10,0.3131966560509554,0,12,None,66,1,5,False,10,10
487,12,random,10,0.3354896496815286,0,12,None,66,1,5,False,10,10
488,13,random,10,0.3562898089171974,0,12,None,66,1,5,False,10,10
489,14,random,10,0.3741042993630573,0,12,None,66,1,5,False,10,10
490,10,random,10,0.2266122611464968,0,25,None,66,1,5,False,10,10
491,11,random,10,0.2773686305732484,0,25,None,66,1,5,False,10,10
492,12,random,10,0.3540007961783439,0,25,None,66,1,5,False,10,10
493,13,random,10,0.4064490445859872,0,25,None,66,1,5,False,10,10
494,14,random,10,0.4456608280254777,0,25,None,66,1,5,False,10,10
990,15,random,10,0.1300756369426751,0,1,None,66,1,5,False,10,10
991,16,random,10,0.145203025477707,0,1,None,66,1,5,False,10,10
992,17,random,10,0.1565485668789809,0,1,None,66,1,5,False,10,10
993,18,random,10,0.1659036624203821,0,1,None,66,1,5,False,10,10
994,19,random,10,0.1705812101910828,0,1,None,66,1,5,False,10,10
995,15,random,10,0.4605891719745223,0,2,None,66,1,5,False,10,10
996,16,random,10,0.4745222929936306,0,2,None,66,1,5,False,10,10
997,17,random,10,0.4836783439490446,0,2,None,66,1,5,False,10,10
998,18,random,10,0.5025875796178344,0,2,None,66,1,5,False,10,10
999,19,random,10,0.5284633757961783,0,2,None,66,1,5,False,10,10
1000,15,random,10,0.5455812101910829,0,5,None,66,1,5,False,10,10
1001,16,random,10,0.5631966560509554,0,5,None,66,1,5,False,10,10
1002,17,random,10,0.5766321656050956,0,5,None,66,1,5,False,10,10
1003,18,random,10,0.5859872611464968,0,5,None,66,1,5,False,10,10
1004,19,random,10,0.5927547770700637,0,5,None,66,1,5,False,10,10
1005,15,random,10,0.3769904458598726,0,13,None,66,1,5,False,10,10
1006,16,random,10,0.3953025477707006,0,13,None,66,1,5,False,10,10
1007,17,random,10,0.4133160828025478,0,13,None,66,1,5,False,10,10
1008,18,random,10,0.4211783439490446,0,13,None,66,1,5,False,10,10
1009,19,random,10,0.4346138535031847,0,13,None,66,1,5,False,10,10
1010,15,random,10,0.4735270700636942,0,16,None,66,1,5,False,10,10
1011,16,random,10,0.5190087579617835,0,16,None,66,1,5,False,10,10
1012,17,random,10,0.5521496815286624,0,16,None,66,1,5,False,10,10
1013,18,random,10,0.5729498407643312,0,16,None,66,1,5,False,10,10
1014,19,random,10,0.5889729299363057,0,16,None,66,1,5,False,10,10
1015,15,random,10,0.5007961783439491,0,8,None,66,1,5,False,10,10
1016,16,random,10,0.5069665605095541,0,8,None,66,1,5,False,10,10
1017,17,random,10,0.5379179936305732,0,8,None,66,1,5,False,10,10
1018,18,random,10,0.568172770700637,0,8,None,66,1,5,False,10,10
1019,19,random,10,0.5870820063694268,0,8,None,66,1,5,False,10,10
1020,15,random,10,0.347233280254777,0,20,None,66,1,5,False,10,10
1021,16,random,10,0.3046377388535032,0,20,None,66,1,5,False,10,10
1022,17,random,10,0.2846337579617834,0,20,None,66,1,5,False,10,10
1023,18,random,10,0.2923964968152866,0,20,None,66,1,5,False,10,10
1024,19,random,10,0.3160828025477707,0,20,None,66,1,5,False,10,10
1025,15,random,10,0.2580613057324841,0,19,None,66,1,5,False,10,10
1026,16,random,10,0.2243232484076433,0,19,None,66,1,5,False,10,10
1027,17,random,10,0.2079020700636942,0,19,None,66,1,5,False,10,10
1028,18,random,10,0.2832404458598726,0,19,None,66,1,5,False,10,10
1029,19,random,10,0.3264331210191082,0,19,None,66,1,5,False,10,10
1030,15,random,10,0.498109076433121,0,14,None,66,1,5,False,10,10
1031,16,random,10,0.4258558917197452,0,14,None,66,1,5,False,10,10
1032,17,random,10,0.4299363057324841,0,14,None,66,1,5,False,10,10
1033,18,random,10,0.4370023885350318,0,14,None,66,1,5,False,10,10
1034,19,random,10,0.4457603503184713,0,14,None,66,1,5,False,10,10
1035,15,random,10,0.4535230891719745,0,22,None,66,1,5,False,10,10
1036,16,random,10,0.462281050955414,0,22,None,66,1,5,False,10,10
1037,17,random,10,0.4768113057324841,0,22,None,66,1,5,False,10,10
1038,18,random,10,0.5357285031847133,0,22,None,66,1,5,False,10,10
1039,19,random,10,0.5945461783439491,0,22,None,66,1,5,False,10,10
1040,15,random,10,0.2162619426751592,0,23,None,66,1,5,False,10,10
1041,16,random,10,0.2465167197452229,0,23,None,66,1,5,False,10,10
1042,17,random,10,0.2813495222929936,0,23,None,66,1,5,False,10,10
1043,18,random,10,0.3125995222929936,0,23,None,66,1,5,False,10,10
1044,19,random,10,0.3323049363057325,0,23,None,66,1,5,False,10,10
1045,15,random,10,0.2239251592356688,0,21,None,66,1,5,False,10,10
1046,16,random,10,0.2254179936305732,0,21,None,66,1,5,False,10,10
1047,17,random,10,0.2444267515923567,0,21,None,66,1,5,False,10,10
1048,18,random,10,0.2768710191082802,0,21,None,66,1,5,False,10,10
1049,19,random,10,0.2966759554140127,0,21,None,66,1,5,False,10,10
1050,15,random,10,0.4629777070063694,0,25,None,66,1,5,False,10,10
1051,16,random,10,0.4881568471337579,0,25,None,66,1,5,False,10,10
1052,17,random,10,0.5196058917197452,0,25,None,66,1,5,False,10,10
1053,18,random,10,0.5403065286624203,0,25,None,66,1,5,False,10,10
1054,19,random,10,0.5526472929936306,0,25,None,66,1,5,False,10,10
1055,15,random,10,0.1971536624203821,0,26,None,66,1,5,False,10,10
1056,16,random,10,0.1946656050955414,0,26,None,66,1,5,False,10,10
1057,17,random,10,0.1988455414012739,0,26,None,66,1,5,False,10,10
1058,18,random,10,0.2090963375796178,0,26,None,66,1,5,False,10,10
1059,19,random,10,0.2253184713375796,0,26,None,66,1,5,False,10,10
1060,15,random,10,0.4343152866242038,0,12,None,66,1,5,False,10,10
1061,16,random,10,0.4660628980891719,0,12,None,66,1,5,False,10,10
1062,17,random,10,0.4654657643312102,0,12,None,66,1,5,False,10,10
1063,18,random,10,0.466859076433121,0,12,None,66,1,5,False,10,10
1064,19,random,10,0.4758160828025478,0,12,None,66,1,5,False,10,10
1065,15,random,10,0.413515127388535,0,29,None,66,1,5,False,10,10
1066,16,random,10,0.4625796178343949,0,29,None,66,1,5,False,10,10
1067,17,random,10,0.5006966560509554,0,29,None,66,1,5,False,10,10
1068,18,random,10,0.5189092356687898,0,29,None,66,1,5,False,10,10
1069,19,random,10,0.5314490445859873,0,29,None,66,1,5,False,10,10
1070,15,random,10,0.3636544585987261,0,9,None,66,1,5,False,10,10
1071,16,random,10,0.3855493630573248,0,9,None,66,1,5,False,10,10
1072,17,random,10,0.474124203821656,0,9,None,66,1,5,False,10,10
1073,18,random,10,0.5351313694267515,0,9,None,66,1,5,False,10,10
1074,19,random,10,0.5682722929936306,0,9,None,66,1,5,False,10,10
1075,15,random,10,0.3981886942675159,0,6,None,66,1,5,False,10,10
1076,16,random,10,0.3785828025477707,0,6,None,66,1,5,False,10,10
1077,17,random,10,0.377687101910828,0,6,None,66,1,5,False,10,10
1078,18,random,10,0.3864450636942675,0,6,None,66,1,5,False,10,10
1079,19,random,10,0.4145103503184713,0,6,None,66,1,5,False,10,10
1080,15,random,10,0.3482285031847134,0,18,None,66,1,5,False,10,10
1081,16,random,10,0.3458399681528662,0,18,None,66,1,5,False,10,10
1082,17,random,10,0.4255573248407643,0,18,None,66,1,5,False,10,10
1083,18,random,10,0.4623805732484076,0,18,None,66,1,5,False,10,10
1084,19,random,10,0.4911425159235669,0,18,None,66,1,5,False,10,10
1085,15,random,10,0.1002189490445859,0,32,None,66,1,5,False,10,10
1086,16,random,10,0.1025079617834394,0,32,None,66,1,5,False,10,10
1087,17,random,10,0.1075835987261146,0,32,None,66,1,5,False,10,10
1088,18,random,10,0.1162420382165605,0,32,None,66,1,5,False,10,10
1089,19,random,10,0.1389331210191083,0,32,None,66,1,5,False,10,10
1090,15,random,10,0.57921974522293,0,7,None,66,1,5,False,10,10
1091,16,random,10,0.5785230891719745,0,7,None,66,1,5,False,10,10
1092,17,random,10,0.5825039808917197,0,7,None,66,1,5,False,10,10
1093,18,random,10,0.5870820063694268,0,7,None,66,1,5,False,10,10
1094,19,random,10,0.5931528662420382,0,7,None,66,1,5,False,10,10
1095,15,random,10,0.3336982484076433,0,15,None,66,1,5,False,10,10
1096,16,random,10,0.3239450636942675,0,15,None,66,1,5,False,10,10
1097,17,random,10,0.3024482484076433,0,15,None,66,1,5,False,10,10
1098,18,random,10,0.283140923566879,0,15,None,66,1,5,False,10,10
1099,19,random,10,0.3128980891719745,0,15,None,66,1,5,False,10,10
1100,15,random,10,0.3669386942675159,0,4,None,66,1,5,False,10,10
1101,16,random,10,0.4692476114649681,0,4,None,66,1,5,False,10,10
1102,17,random,10,0.4432722929936306,0,4,None,66,1,5,False,10,10
1103,18,random,10,0.4210788216560509,0,4,None,66,1,5,False,10,10
1104,19,random,10,0.427249203821656,0,4,None,66,1,5,False,10,10
1105,15,random,10,0.4659633757961783,0,11,None,66,1,5,False,10,10
1106,16,random,10,0.3488256369426751,0,11,None,66,1,5,False,10,10
1107,17,random,10,0.3507165605095541,0,11,None,66,1,5,False,10,10
1108,18,random,10,0.3675358280254777,0,11,None,66,1,5,False,10,10
1109,19,random,10,0.4164012738853503,0,11,None,66,1,5,False,10,10
1110,15,random,10,0.2350716560509554,0,10,None,66,1,5,False,10,10
1111,16,random,10,0.134952229299363,0,10,None,66,1,5,False,10,10
1112,17,random,10,0.0995222929936305,0,10,None,66,1,5,False,10,10
1113,18,random,10,0.0995222929936305,0,10,None,66,1,5,False,10,10
1114,19,random,10,0.0995222929936305,0,10,None,66,1,5,False,10,10
1115,15,random,10,0.5252786624203821,0,17,None,66,1,5,False,10,10
1116,16,random,10,0.5472730891719745,0,17,None,66,1,5,False,10,10
1117,17,random,10,0.5644904458598726,0,17,None,66,1,5,False,10,10
1118,18,random,10,0.5786226114649682,0,17,None,66,1,5,False,10,10
1119,19,random,10,0.5898686305732485,0,17,None,66,1,5,False,10,10
1120,15,random,10,0.2933917197452229,0,24,None,66,1,5,False,10,10
1121,16,random,10,0.3394705414012738,0,24,None,66,1,5,False,10,10
1122,17,random,10,0.3600716560509554,0,24,None,66,1,5,False,10,10
1123,18,random,10,0.3653463375796178,0,24,None,66,1,5,False,10,10
1124,19,random,10,0.3591759554140127,0,24,None,66,1,5,False,10,10
1125,15,random,10,0.4592953821656051,0,27,None,66,1,5,False,10,10
1126,16,random,10,0.3801751592356688,0,27,None,66,1,5,False,10,10
1127,17,random,10,0.4275477707006369,0,27,None,66,1,5,False,10,10
1128,18,random,10,0.4675557324840764,0,27,None,66,1,5,False,10,10
1129,19,random,10,0.4838773885350318,0,27,None,66,1,5,False,10,10
1130,15,random,10,0.3113057324840764,0,30,None,66,1,5,False,10,10
1131,16,random,10,0.3198646496815286,0,30,None,66,1,5,False,10,10
1132,17,random,10,0.3350915605095541,0,30,None,66,1,5,False,10,10
1133,18,random,10,0.3520103503184713,0,30,None,66,1,5,False,10,10
1134,19,random,10,0.3709195859872611,0,30,None,66,1,5,False,10,10
1135,15,random,10,0.4390923566878981,0,31,None,66,1,5,False,10,10
1136,16,random,10,0.4719347133757962,0,31,None,66,1,5,False,10,10
1137,17,random,10,0.4933320063694267,0,31,None,66,1,5,False,10,10
1138,18,random,10,0.5089570063694268,0,31,None,66,1,5,False,10,10
1139,19,random,10,0.5227906050955414,0,31,None,66,1,5,False,10,10
1140,15,random,10,0.1852109872611465,0,0,None,66,1,5,False,10,10
1141,16,random,10,0.1943670382165605,0,0,None,66,1,5,False,10,10
1142,17,random,10,0.1961584394904458,0,0,None,66,1,5,False,10,10
1143,18,random,10,0.1937699044585987,0,0,None,66,1,5,False,10,10
1144,19,random,10,0.1929737261146497,0,0,None,66,1,5,False,10,10
1145,15,random,10,0.270203025477707,0,3,None,66,1,5,False,10,10
1146,16,random,10,0.1997412420382165,0,3,None,66,1,5,False,10,10
1147,17,random,10,0.1887937898089172,0,3,None,66,1,5,False,10,10
1148,18,random,10,0.1910828025477707,0,3,None,66,1,5,False,10,10
1149,19,random,10,0.1969546178343949,0,3,None,66,1,5,False,10,10
1150,15,random,10,0.0995222929936305,0,28,None,66,1,5,False,10,10
1151,16,random,10,0.0995222929936305,0,28,None,66,1,5,False,10,10
1152,17,random,10,0.107484076433121,0,28,None,66,1,5,False,10,10
1153,18,random,10,0.0995222929936305,0,28,None,66,1,5,False,10,10
1154,19,random,10,0.0995222929936305,0,28,None,66,1,5,False,10,10
1155,20,random,10,0.5491640127388535,0,22,None,66,1,5,False,10,10
1156,21,random,10,0.5905652866242038,0,22,None,66,1,5,False,10,10
1157,22,random,10,0.6106687898089171,0,22,None,66,1,5,False,10,10
1158,23,random,10,0.6264928343949044,0,22,None,66,1,5,False,10,10
1159,24,random,10,0.6335589171974523,0,22,None,66,1,5,False,10,10
1160,20,random,10,0.4266520700636942,0,14,None,66,1,5,False,10,10
1161,21,random,10,0.4357085987261146,0,14,None,66,1,5,False,10,10
1162,22,random,10,0.4441679936305732,0,14,None,66,1,5,False,10,10
1163,23,random,10,0.4522292993630573,0,14,None,66,1,5,False,10,10
1164,24,random,10,0.4709394904458598,0,14,None,66,1,5,False,10,10
1165,20,random,10,0.3963972929936306,0,30,None,66,1,5,False,10,10
1166,21,random,10,0.3053343949044586,0,30,None,66,1,5,False,10,10
1167,22,random,10,0.2887141719745223,0,30,None,66,1,5,False,10,10
1168,23,random,10,0.288515127388535,0,30,None,66,1,5,False,10,10
1169,24,random,10,0.2890127388535032,0,30,None,66,1,5,False,10,10
1170,20,random,10,0.5946457006369427,0,16,None,66,1,5,False,10,10
1171,21,random,10,0.6024084394904459,0,16,None,66,1,5,False,10,10
1172,22,random,10,0.6099721337579618,0,16,None,66,1,5,False,10,10
1173,23,random,10,0.6157444267515924,0,16,None,66,1,5,False,10,10
1174,24,random,10,0.6214171974522293,0,16,None,66,1,5,False,10,10
1175,20,random,10,0.5378184713375797,0,7,None,66,1,5,False,10,10
1176,21,random,10,0.4713375796178344,0,7,None,66,1,5,False,10,10
1177,22,random,10,0.3780851910828025,0,7,None,66,1,5,False,10,10
1178,23,random,10,0.3743033439490446,0,7,None,66,1,5,False,10,10
1179,24,random,10,0.386843152866242,0,7,None,66,1,5,False,10,10
1180,20,random,10,0.1727707006369426,0,32,None,66,1,5,False,10,10
1181,21,random,10,0.2193471337579617,0,32,None,66,1,5,False,10,10
1182,22,random,10,0.2512937898089172,0,32,None,66,1,5,False,10,10
1183,23,random,10,0.2641321656050955,0,32,None,66,1,5,False,10,10
1184,24,random,10,0.2736863057324841,0,32,None,66,1,5,False,10,10
1185,20,random,10,0.2584593949044586,0,1,None,66,1,5,False,10,10
1186,21,random,10,0.2962778662420382,0,1,None,66,1,5,False,10,10
1187,22,random,10,0.2566679936305732,0,1,None,66,1,5,False,10,10
1188,23,random,10,0.1964570063694267,0,1,None,66,1,5,False,10,10
1189,24,random,10,0.192874203821656,0,1,None,66,1,5,False,10,10
1190,20,random,10,0.4455613057324841,0,2,None,66,1,5,False,10,10
1191,21,random,10,0.4408837579617834,0,2,None,66,1,5,False,10,10
1192,22,random,10,0.4384952229299363,0,2,None,66,1,5,False,10,10
1193,23,random,10,0.443968949044586,0,2,None,66,1,5,False,10,10
1194,24,random,10,0.4533240445859872,0,2,None,66,1,5,False,10,10
1195,20,random,10,0.1972531847133758,0,5,None,66,1,5,False,10,10
1196,21,random,10,0.2199442675159235,0,5,None,66,1,5,False,10,10
1197,22,random,10,0.2326831210191083,0,5,None,66,1,5,False,10,10
1198,23,random,10,0.2352707006369426,0,5,None,66,1,5,False,10,10
1199,24,random,10,0.2294984076433121,0,5,None,66,1,5,False,10,10
1200,20,random,10,0.2114848726114649,0,28,None,66,1,5,False,10,10
1201,21,random,10,0.2693073248407643,0,28,None,66,1,5,False,10,10
1202,22,random,10,0.2880175159235669,0,28,None,66,1,5,False,10,10
1203,23,random,10,0.2024283439490445,0,28,None,66,1,5,False,10,10
1204,24,random,10,0.1990445859872611,0,28,None,66,1,5,False,10,10
1205,20,random,10,0.341859076433121,0,9,None,66,1,5,False,10,10
1206,21,random,10,0.2791600318471338,0,9,None,66,1,5,False,10,10
1207,22,random,10,0.2726910828025478,0,9,None,66,1,5,False,10,10
1208,23,random,10,0.2754777070063694,0,9,None,66,1,5,False,10,10
1209,24,random,10,0.2763734076433121,0,9,None,66,1,5,False,10,10
1210,20,random,10,0.2330812101910828,0,29,None,66,1,5,False,10,10
1211,21,random,10,0.2521894904458598,0,29,None,66,1,5,False,10,10
1212,22,random,10,0.2183519108280254,0,29,None,66,1,5,False,10,10
1213,23,random,10,0.214171974522293,0,29,None,66,1,5,False,10,10
1214,24,random,10,0.211186305732484,0,29,None,66,1,5,False,10,10
1215,20,random,10,0.4490445859872611,0,12,None,66,1,5,False,10,10
1216,21,random,10,0.4379976114649681,0,12,None,66,1,5,False,10,10
1217,22,random,10,0.4111265923566879,0,12,None,66,1,5,False,10,10
1218,23,random,10,0.3940087579617834,0,12,None,66,1,5,False,10,10
1219,24,random,10,0.4148089171974522,0,12,None,66,1,5,False,10,10
1220,20,random,10,0.4195859872611465,0,6,None,66,1,5,False,10,10
1221,21,random,10,0.3800756369426751,0,6,None,66,1,5,False,10,10
1222,22,random,10,0.397093949044586,0,6,None,66,1,5,False,10,10
1223,23,random,10,0.4118232484076433,0,6,None,66,1,5,False,10,10
1224,24,random,10,0.4210788216560509,0,6,None,66,1,5,False,10,10
1225,20,random,10,0.2275079617834395,0,13,None,66,1,5,False,10,10
1226,21,random,10,0.3616640127388535,0,13,None,66,1,5,False,10,10
1227,22,random,10,0.3325039808917197,0,13,None,66,1,5,False,10,10
1228,23,random,10,0.3067277070063694,0,13,None,66,1,5,False,10,10
1229,24,random,10,0.2818471337579618,0,13,None,66,1,5,False,10,10
1230,20,random,10,0.5951433121019108,0,25,None,66,1,5,False,10,10
1231,21,random,10,0.6025079617834395,0,25,None,66,1,5,False,10,10
1232,22,random,10,0.6153463375796179,0,25,None,66,1,5,False,10,10
1233,23,random,10,0.6262937898089171,0,25,None,66,1,5,False,10,10
1234,24,random,10,0.6342555732484076,0,25,None,66,1,5,False,10,10
1235,20,random,10,0.4433718152866242,0,26,None,66,1,5,False,10,10
1236,21,random,10,0.453125,0,26,None,66,1,5,False,10,10
1237,22,random,10,0.4799960191082802,0,26,None,66,1,5,False,10,10
1238,23,random,10,0.5096536624203821,0,26,None,66,1,5,False,10,10
1239,24,random,10,0.5354299363057324,0,26,None,66,1,5,False,10,10
1240,20,random,10,0.0996218152866242,0,15,None,66,1,5,False,10,10
1241,21,random,10,0.145999203821656,0,15,None,66,1,5,False,10,10
1242,22,random,10,0.182921974522293,0,15,None,66,1,5,False,10,10
1243,23,random,10,0.212281050955414,0,15,None,66,1,5,False,10,10
1244,24,random,10,0.2404458598726114,0,15,None,66,1,5,False,10,10
1245,20,random,10,0.0995222929936305,0,10,None,66,1,5,False,10,10
1246,21,random,10,0.0995222929936305,0,10,None,66,1,5,False,10,10
1247,22,random,10,0.0995222929936305,0,10,None,66,1,5,False,10,10
1248,23,random,10,0.0995222929936305,0,10,None,66,1,5,False,10,10
1249,24,random,10,0.1337579617834395,0,10,None,66,1,5,False,10,10
1250,20,random,10,0.3771894904458598,0,11,None,66,1,5,False,10,10
1251,21,random,10,0.356389331210191,0,11,None,66,1,5,False,10,10
1252,22,random,10,0.3406648089171974,0,11,None,66,1,5,False,10,10
1253,23,random,10,0.3435509554140127,0,11,None,66,1,5,False,10,10
1254,24,random,10,0.3484275477707006,0,11,None,66,1,5,False,10,10
1255,20,random,10,0.5941480891719745,0,17,None,66,1,5,False,10,10
1256,21,random,10,0.5993232484076433,0,17,None,66,1,5,False,10,10
1257,22,random,10,0.6065883757961783,0,17,None,66,1,5,False,10,10
1258,23,random,10,0.6133558917197452,0,17,None,66,1,5,False,10,10
1259,24,random,10,0.6188296178343949,0,17,None,66,1,5,False,10,10
1260,20,random,10,0.3199641719745223,0,8,None,66,1,5,False,10,10
1261,21,random,10,0.3225517515923566,0,8,None,66,1,5,False,10,10
1262,22,random,10,0.3415605095541401,0,8,None,66,1,5,False,10,10
1263,23,random,10,0.3930135350318471,0,8,None,66,1,5,False,10,10
1264,24,random,10,0.451234076433121,0,8,None,66,1,5,False,10,10
1265,20,random,10,0.2290007961783439,0,23,None,66,1,5,False,10,10
1266,21,random,10,0.1936703821656051,0,23,None,66,1,5,False,10,10
1267,22,random,10,0.1975517515923567,0,23,None,66,1,5,False,10,10
1268,23,random,10,0.1776472929936305,0,23,None,66,1,5,False,10,10
1269,24,random,10,0.1823248407643312,0,23,None,66,1,5,False,10,10
1270,20,random,10,0.2842356687898089,0,19,None,66,1,5,False,10,10
1271,21,random,10,0.2348726114649681,0,19,None,66,1,5,False,10,10
1272,22,random,10,0.2903065286624204,0,19,None,66,1,5,False,10,10
1273,23,random,10,0.3309116242038216,0,19,None,66,1,5,False,10,10
1274,24,random,10,0.3975915605095541,0,19,None,66,1,5,False,10,10
1275,20,random,10,0.2819466560509554,0,21,None,66,1,5,False,10,10
1276,21,random,10,0.2381568471337579,0,21,None,66,1,5,False,10,10
1277,22,random,10,0.2171576433121019,0,21,None,66,1,5,False,10,10
1278,23,random,10,0.2129777070063694,0,21,None,66,1,5,False,10,10
1279,24,random,10,0.2160628980891719,0,21,None,66,1,5,False,10,10
1280,20,random,10,0.1967555732484076,0,0,None,66,1,5,False,10,10
1281,21,random,10,0.2150676751592356,0,0,None,66,1,5,False,10,10
1282,22,random,10,0.2577627388535032,0,0,None,66,1,5,False,10,10
1283,23,random,10,0.2700039808917197,0,0,None,66,1,5,False,10,10
1284,24,random,10,0.2582603503184713,0,0,None,66,1,5,False,10,10
1285,20,random,10,0.302249203821656,0,24,None,66,1,5,False,10,10
1286,21,random,10,0.3470342356687898,0,24,None,66,1,5,False,10,10
1287,22,random,10,0.3310111464968153,0,24,None,66,1,5,False,10,10
1288,23,random,10,0.3317078025477707,0,24,None,66,1,5,False,10,10
1289,24,random,10,0.3371815286624204,0,24,None,66,1,5,False,10,10
1290,20,random,10,0.307921974522293,0,4,None,66,1,5,False,10,10
1291,21,random,10,0.1874004777070063,0,4,None,66,1,5,False,10,10
1292,22,random,10,0.10828025477707,0,4,None,66,1,5,False,10,10
1293,23,random,10,0.1000199044585987,0,4,None,66,1,5,False,10,10
1294,24,random,10,0.0995222929936305,0,4,None,66,1,5,False,10,10
1295,20,random,10,0.2846337579617834,0,3,None,66,1,5,False,10,10
1296,21,random,10,0.1747611464968153,0,3,None,66,1,5,False,10,10
1297,22,random,10,0.1245023885350318,0,3,None,66,1,5,False,10,10
1298,23,random,10,0.1321656050955414,0,3,None,66,1,5,False,10,10
1299,24,random,10,0.1820262738853503,0,3,None,66,1,5,False,10,10
1300,20,random,10,0.337281050955414,0,20,None,66,1,5,False,10,10
1301,21,random,10,0.3590764331210191,0,20,None,66,1,5,False,10,10
1302,22,random,10,0.3808718152866242,0,20,None,66,1,5,False,10,10
1303,23,random,10,0.4030652866242038,0,20,None,66,1,5,False,10,10
1304,24,random,10,0.4214769108280254,0,20,None,66,1,5,False,10,10
1305,20,random,10,0.4128184713375796,0,18,None,66,1,5,False,10,10
1306,21,random,10,0.2869227707006369,0,18,None,66,1,5,False,10,10
1307,22,random,10,0.2874203821656051,0,18,None,66,1,5,False,10,10
1308,23,random,10,0.2946855095541401,0,18,None,66,1,5,False,10,10
1309,24,random,10,0.3402667197452229,0,18,None,66,1,5,False,10,10
1310,20,random,10,0.4151074840764331,0,27,None,66,1,5,False,10,10
1311,21,random,10,0.3709195859872611,0,27,None,66,1,5,False,10,10
1312,22,random,10,0.3389729299363057,0,27,None,66,1,5,False,10,10
1313,23,random,10,0.3156847133757962,0,27,None,66,1,5,False,10,10
1314,24,random,10,0.3130971337579618,0,27,None,66,1,5,False,10,10
1315,20,random,10,0.424562101910828,0,31,None,66,1,5,False,10,10
1316,21,random,10,0.4251592356687898,0,31,None,66,1,5,False,10,10
1317,22,random,10,0.3796775477707006,0,31,None,66,1,5,False,10,10
1318,23,random,10,0.4035628980891719,0,31,None,66,1,5,False,10,10
1319,24,random,10,0.4306329617834395,0,31,None,66,1,5,False,10,10
2145,25,random,10,0.2232285031847133,0,1,None,66,1,5,False,10,10
2146,26,random,10,0.2605493630573248,0,1,None,66,1,5,False,10,10
2147,27,random,10,0.2706011146496815,0,1,None,66,1,5,False,10,10
2148,28,random,10,0.28125,0,1,None,66,1,5,False,10,10
2149,29,random,10,0.3030453821656051,0,1,None,66,1,5,False,10,10
2150,25,random,10,0.4508359872611465,0,2,None,66,1,5,False,10,10
2151,26,random,10,0.4341162420382166,0,2,None,66,1,5,False,10,10
2152,27,random,10,0.4243630573248407,0,2,None,66,1,5,False,10,10
2153,28,random,10,0.4296377388535032,0,2,None,66,1,5,False,10,10
2154,29,random,10,0.4360071656050955,0,2,None,66,1,5,False,10,10
2155,25,random,10,0.2738853503184713,0,5,None,66,1,5,False,10,10
2156,26,random,10,0.238953025477707,0,5,None,66,1,5,False,10,10
2157,27,random,10,0.2235270700636942,0,5,None,66,1,5,False,10,10
2158,28,random,10,0.2113853503184713,0,5,None,66,1,5,False,10,10
2159,29,random,10,0.2458200636942675,0,5,None,66,1,5,False,10,10
2160,25,random,10,0.2379578025477707,0,13,None,66,1,5,False,10,10
2161,26,random,10,0.1973527070063694,0,13,None,66,1,5,False,10,10
2162,27,random,10,0.2015326433121019,0,13,None,66,1,5,False,10,10
2163,28,random,10,0.2900079617834395,0,13,None,66,1,5,False,10,10
2164,29,random,10,0.3257364649681528,0,13,None,66,1,5,False,10,10
2165,25,random,10,0.2309912420382165,0,15,None,66,1,5,False,10,10
2166,26,random,10,0.2633359872611465,0,15,None,66,1,5,False,10,10
2167,27,random,10,0.2853304140127388,0,15,None,66,1,5,False,10,10
2168,28,random,10,0.337281050955414,0,15,None,66,1,5,False,10,10
2169,29,random,10,0.3808718152866242,0,15,None,66,1,5,False,10,10
2170,25,random,10,0.1770501592356688,0,10,None,66,1,5,False,10,10
2171,26,random,10,0.1923765923566879,0,10,None,66,1,5,False,10,10
2172,27,random,10,0.1983479299363057,0,10,None,66,1,5,False,10,10
2173,28,random,10,0.2062101910828025,0,10,None,66,1,5,False,10,10
2174,29,random,10,0.2169585987261146,0,10,None,66,1,5,False,10,10
2175,25,random,10,0.4515326433121019,0,11,None,66,1,5,False,10,10
2176,26,random,10,0.4025676751592357,0,11,None,66,1,5,False,10,10
2177,27,random,10,0.3830613057324841,0,11,None,66,1,5,False,10,10
2178,28,random,10,0.3994824840764331,0,11,None,66,1,5,False,10,10
2179,29,random,10,0.4311305732484076,0,11,None,66,1,5,False,10,10
2180,25,random,10,0.3829617834394904,0,20,None,66,1,5,False,10,10
2181,26,random,10,0.3790804140127388,0,20,None,66,1,5,False,10,10
2182,27,random,10,0.3934116242038216,0,20,None,66,1,5,False,10,10
2183,28,random,10,0.4100318471337579,0,20,None,66,1,5,False,10,10
2184,29,random,10,0.4263535031847134,0,20,None,66,1,5,False,10,10
2185,25,random,10,0.5906648089171974,0,22,None,66,1,5,False,10,10
2186,26,random,10,0.6118630573248408,0,22,None,66,1,5,False,10,10
2187,27,random,10,0.6278861464968153,0,22,None,66,1,5,False,10,10
2188,28,random,10,0.6342555732484076,0,22,None,66,1,5,False,10,10
2189,29,random,10,0.6365445859872612,0,22,None,66,1,5,False,10,10
2190,25,random,10,0.479796974522293,0,14,None,66,1,5,False,10,10
2191,26,random,10,0.509156050955414,0,14,None,66,1,5,False,10,10
2192,27,random,10,0.5333399681528662,0,14,None,66,1,5,False,10,10
2193,28,random,10,0.5536425159235668,0,14,None,66,1,5,False,10,10
2194,29,random,10,0.5671775477707006,0,14,None,66,1,5,False,10,10
2195,25,random,10,0.3488256369426751,0,23,None,66,1,5,False,10,10
2196,26,random,10,0.2824442675159235,0,23,None,66,1,5,False,10,10
2197,27,random,10,0.2735867834394904,0,23,None,66,1,5,False,10,10
2198,28,random,10,0.2871218152866242,0,23,None,66,1,5,False,10,10
2199,29,random,10,0.2991640127388535,0,23,None,66,1,5,False,10,10
2200,25,random,10,0.2052149681528662,0,21,None,66,1,5,False,10,10
2201,26,random,10,0.1986464968152866,0,21,None,66,1,5,False,10,10
2202,27,random,10,0.2060111464968153,0,21,None,66,1,5,False,10,10
2203,28,random,10,0.2131767515923567,0,21,None,66,1,5,False,10,10
2204,29,random,10,0.2285031847133758,0,21,None,66,1,5,False,10,10
2205,25,random,10,0.6213176751592356,0,17,None,66,1,5,False,10,10
2206,26,random,10,0.6246019108280255,0,17,None,66,1,5,False,10,10
2207,27,random,10,0.6267914012738853,0,17,None,66,1,5,False,10,10
2208,28,random,10,0.6288813694267515,0,17,None,66,1,5,False,10,10
2209,29,random,10,0.6291799363057324,0,17,None,66,1,5,False,10,10
2210,25,random,10,0.3031449044585987,0,25,None,66,1,5,False,10,10
2211,26,random,10,0.2303941082802547,0,25,None,66,1,5,False,10,10
2212,27,random,10,0.2678144904458598,0,25,None,66,1,5,False,10,10
2213,28,random,10,0.32703025477707,0,25,None,66,1,5,False,10,10
2214,29,random,10,0.3486265923566879,0,25,None,66,1,5,False,10,10
2215,25,random,10,0.3048367834394904,0,24,None,66,1,5,False,10,10
2216,26,random,10,0.2535828025477707,0,24,None,66,1,5,False,10,10
2217,27,random,10,0.2963773885350318,0,24,None,66,1,5,False,10,10
2218,28,random,10,0.3246417197452229,0,24,None,66,1,5,False,10,10
2219,29,random,10,0.3346934713375796,0,24,None,66,1,5,False,10,10
2220,25,random,10,0.2069068471337579,0,28,None,66,1,5,False,10,10
2221,26,random,10,0.2024283439490445,0,28,None,66,1,5,False,10,10
2222,27,random,10,0.2087977707006369,0,28,None,66,1,5,False,10,10
2223,28,random,10,0.2402468152866242,0,28,None,66,1,5,False,10,10
2224,29,random,10,0.2759753184713376,0,28,None,66,1,5,False,10,10
2225,25,random,10,0.2882165605095541,0,29,None,66,1,5,False,10,10
2226,26,random,10,0.2110867834394904,0,29,None,66,1,5,False,10,10
2227,27,random,10,0.1965565286624203,0,29,None,66,1,5,False,10,10
2228,28,random,10,0.2014331210191083,0,29,None,66,1,5,False,10,10
2229,29,random,10,0.3001592356687898,0,29,None,66,1,5,False,10,10
2230,25,random,10,0.3954020700636942,0,9,None,66,1,5,False,10,10
2231,26,random,10,0.3389729299363057,0,9,None,66,1,5,False,10,10
2232,27,random,10,0.3173765923566879,0,9,None,66,1,5,False,10,10
2233,28,random,10,0.3049363057324841,0,9,None,66,1,5,False,10,10
2234,29,random,10,0.3410628980891719,0,9,None,66,1,5,False,10,10
2235,25,random,10,0.2975716560509554,0,30,None,66,1,5,False,10,10
2236,26,random,10,0.3051353503184713,0,30,None,66,1,5,False,10,10
2237,27,random,10,0.296875,0,30,None,66,1,5,False,10,10
2238,28,random,10,0.2935907643312102,0,30,None,66,1,5,False,10,10
2239,29,random,10,0.3100119426751592,0,30,None,66,1,5,False,10,10
2240,25,random,10,0.384952229299363,0,31,None,66,1,5,False,10,10
2241,26,random,10,0.3877388535031847,0,31,None,66,1,5,False,10,10
2242,27,random,10,0.404359076433121,0,31,None,66,1,5,False,10,10
2243,28,random,10,0.4120222929936306,0,31,None,66,1,5,False,10,10
2244,29,random,10,0.4290406050955414,0,31,None,66,1,5,False,10,10
2245,25,random,10,0.3220541401273885,0,27,None,66,1,5,False,10,10
2246,26,random,10,0.2919984076433121,0,27,None,66,1,5,False,10,10
2247,27,random,10,0.283937101910828,0,27,None,66,1,5,False,10,10
2248,28,random,10,0.2854299363057325,0,27,None,66,1,5,False,10,10
2249,29,random,10,0.2956807324840764,0,27,None,66,1,5,False,10,10
2250,25,random,10,0.6022093949044586,0,7,None,66,1,5,False,10,10
2251,26,random,10,0.4955214968152866,0,7,None,66,1,5,False,10,10
2252,27,random,10,0.4391918789808917,0,7,None,66,1,5,False,10,10
2253,28,random,10,0.4408837579617834,0,7,None,66,1,5,False,10,10
2254,29,random,10,0.46765525477707,0,7,None,66,1,5,False,10,10
2255,25,random,10,0.2786624203821656,0,32,None,66,1,5,False,10,10
2256,26,random,10,0.2891122611464968,0,32,None,66,1,5,False,10,10
2257,27,random,10,0.3035429936305732,0,32,None,66,1,5,False,10,10
2258,28,random,10,0.3177746815286624,0,32,None,66,1,5,False,10,10
2259,29,random,10,0.3288216560509554,0,32,None,66,1,5,False,10,10
2260,25,random,10,0.2465167197452229,0,3,None,66,1,5,False,10,10
2261,26,random,10,0.1495820063694267,0,3,None,66,1,5,False,10,10
2262,27,random,10,0.15625,0,3,None,66,1,5,False,10,10
2263,28,random,10,0.1893909235668789,0,3,None,66,1,5,False,10,10
2264,29,random,10,0.2028264331210191,0,3,None,66,1,5,False,10,10
2265,25,random,10,0.2659235668789809,0,0,None,66,1,5,False,10,10
2266,26,random,10,0.2578622611464968,0,0,None,66,1,5,False,10,10
2267,27,random,10,0.2613455414012738,0,0,None,66,1,5,False,10,10
2268,28,random,10,0.2484076433121019,0,0,None,66,1,5,False,10,10
2269,29,random,10,0.2436305732484076,0,0,None,66,1,5,False,10,10
2270,25,random,10,0.2748805732484076,0,4,None,66,1,5,False,10,10
2271,26,random,10,0.2125796178343949,0,4,None,66,1,5,False,10,10
2272,27,random,10,0.176453025477707,0,4,None,66,1,5,False,10,10
2273,28,random,10,0.1601313694267516,0,4,None,66,1,5,False,10,10
2274,29,random,10,0.1572452229299363,0,4,None,66,1,5,False,10,10
2275,25,random,10,0.6081807324840764,0,16,None,66,1,5,False,10,10
2276,26,random,10,0.6156449044585988,0,16,None,66,1,5,False,10,10
2277,27,random,10,0.6210191082802548,0,16,None,66,1,5,False,10,10
2278,28,random,10,0.6245023885350318,0,16,None,66,1,5,False,10,10
2279,29,random,10,0.6286823248407644,0,16,None,66,1,5,False,10,10
2280,25,random,10,0.3083200636942675,0,8,None,66,1,5,False,10,10
2281,26,random,10,0.3291202229299363,0,8,None,66,1,5,False,10,10
2282,27,random,10,0.3462380573248407,0,8,None,66,1,5,False,10,10
2283,28,random,10,0.3968949044585987,0,8,None,66,1,5,False,10,10
2284,29,random,10,0.4525278662420382,0,8,None,66,1,5,False,10,10
2285,25,random,10,0.2698049363057325,0,19,None,66,1,5,False,10,10
2286,26,random,10,0.259952229299363,0,19,None,66,1,5,False,10,10
2287,27,random,10,0.2250199044585987,0,19,None,66,1,5,False,10,10
2288,28,random,10,0.2393511146496815,0,19,None,66,1,5,False,10,10
2289,29,random,10,0.3160828025477707,0,19,None,66,1,5,False,10,10
2290,25,random,10,0.4048566878980891,0,18,None,66,1,5,False,10,10
2291,26,random,10,0.2874203821656051,0,18,None,66,1,5,False,10,10
2292,27,random,10,0.2893113057324841,0,18,None,66,1,5,False,10,10
2293,28,random,10,0.3148885350318471,0,18,None,66,1,5,False,10,10
2294,29,random,10,0.3663415605095541,0,18,None,66,1,5,False,10,10
2295,25,random,10,0.4395899681528662,0,12,None,66,1,5,False,10,10
2296,26,random,10,0.3744028662420382,0,12,None,66,1,5,False,10,10
2297,27,random,10,0.3962977707006369,0,12,None,66,1,5,False,10,10
2298,28,random,10,0.4131170382165605,0,12,None,66,1,5,False,10,10
2299,29,random,10,0.4307324840764331,0,12,None,66,1,5,False,10,10
2300,25,random,10,0.5112460191082803,0,6,None,66,1,5,False,10,10
2301,26,random,10,0.5130374203821656,0,6,None,66,1,5,False,10,10
2302,27,random,10,0.5178144904458599,0,6,None,66,1,5,False,10,10
2303,28,random,10,0.5222929936305732,0,6,None,66,1,5,False,10,10
2304,29,random,10,0.5282643312101911,0,6,None,66,1,5,False,10,10
2305,25,random,10,0.543093152866242,0,26,None,66,1,5,False,10,10
2306,26,random,10,0.5625995222929936,0,26,None,66,1,5,False,10,10
2307,27,random,10,0.5753383757961783,0,26,None,66,1,5,False,10,10
2308,28,random,10,0.5829020700636943,0,26,None,66,1,5,False,10,10
2309,29,random,10,0.5822054140127388,0,26,None,66,1,5,False,10,10
2310,30,random,10,0.304140127388535,0,1,None,66,1,5,False,10,10
2311,31,random,10,0.3072253184713376,0,1,None,66,1,5,False,10,10
2312,32,random,10,0.3889331210191082,0,1,None,66,1,5,False,10,10
2313,33,random,10,0.3781847133757962,0,1,None,66,1,5,False,10,10
2314,34,random,10,0.3726114649681528,0,1,None,66,1,5,False,10,10
2315,30,random,10,0.3762937898089172,0,31,None,66,1,5,False,10,10
2316,31,random,10,0.4247611464968153,0,31,None,66,1,5,False,10,10
2317,32,random,10,0.4144108280254777,0,31,None,66,1,5,False,10,10
2318,33,random,10,0.4240644904458598,0,31,None,66,1,5,False,10,10
2319,34,random,10,0.4396894904458598,0,31,None,66,1,5,False,10,10
2320,30,random,10,0.2941878980891719,0,2,None,66,1,5,False,10,10
2321,31,random,10,0.3335987261146497,0,2,None,66,1,5,False,10,10
2322,32,random,10,0.408140923566879,0,2,None,66,1,5,False,10,10
2323,33,random,10,0.4183917197452229,0,2,None,66,1,5,False,10,10
2324,34,random,10,0.4020700636942675,0,2,None,66,1,5,False,10,10
2325,30,random,10,0.4587977707006369,0,11,None,66,1,5,False,10,10
2326,31,random,10,0.4907444267515923,0,11,None,66,1,5,False,10,10
2327,32,random,10,0.5163216560509554,0,11,None,66,1,5,False,10,10
2328,33,random,10,0.5399084394904459,0,11,None,66,1,5,False,10,10
2329,34,random,10,0.5594148089171974,0,11,None,66,1,5,False,10,10
2330,30,random,10,0.3595740445859872,0,15,None,66,1,5,False,10,10
2331,31,random,10,0.315983280254777,0,15,None,66,1,5,False,10,10
2332,32,random,10,0.3075238853503185,0,15,None,66,1,5,False,10,10
2333,33,random,10,0.3286226114649681,0,15,None,66,1,5,False,10,10
2334,34,random,10,0.3470342356687898,0,15,None,66,1,5,False,10,10
2335,30,random,10,0.5074641719745223,0,17,None,66,1,5,False,10,10
2336,31,random,10,0.4763136942675159,0,17,None,66,1,5,False,10,10
2337,32,random,10,0.4822850318471338,0,17,None,66,1,5,False,10,10
2338,33,random,10,0.4992038216560509,0,17,None,66,1,5,False,10,10
2339,34,random,10,0.519406847133758,0,17,None,66,1,5,False,10,10
2340,30,random,10,0.3423566878980891,0,18,None,66,1,5,False,10,10
2341,31,random,10,0.3678343949044586,0,18,None,66,1,5,False,10,10
2342,32,random,10,0.3966958598726114,0,18,None,66,1,5,False,10,10
2343,33,random,10,0.4182921974522293,0,18,None,66,1,5,False,10,10
2344,34,random,10,0.446656050955414,0,18,None,66,1,5,False,10,10
2345,30,random,10,0.2713972929936306,0,28,None,66,1,5,False,10,10
2346,31,random,10,0.2780652866242038,0,28,None,66,1,5,False,10,10
2347,32,random,10,0.2971735668789809,0,28,None,66,1,5,False,10,10
2348,33,random,10,0.3141918789808917,0,28,None,66,1,5,False,10,10
2349,34,random,10,0.3244426751592357,0,28,None,66,1,5,False,10,10
2350,30,random,10,0.3339968152866242,0,13,None,66,1,5,False,10,10
2351,31,random,10,0.3379777070063694,0,13,None,66,1,5,False,10,10
2352,32,random,10,0.3400676751592357,0,13,None,66,1,5,False,10,10
2353,33,random,10,0.3423566878980891,0,13,None,66,1,5,False,10,10
2354,34,random,10,0.3499203821656051,0,13,None,66,1,5,False,10,10
2355,30,random,10,0.1926751592356688,0,26,None,66,1,5,False,10,10
2356,31,random,10,0.1980493630573248,0,26,None,66,1,5,False,10,10
2357,32,random,10,0.2373606687898089,0,26,None,66,1,5,False,10,10
2358,33,random,10,0.3288216560509554,0,26,None,66,1,5,False,10,10
2359,34,random,10,0.3836584394904458,0,26,None,66,1,5,False,10,10
2360,30,random,10,0.4596934713375796,0,5,None,66,1,5,False,10,10
2361,31,random,10,0.4553144904458598,0,5,None,66,1,5,False,10,10
2362,32,random,10,0.4756170382165605,0,5,None,66,1,5,False,10,10
2363,33,random,10,0.5020899681528662,0,5,None,66,1,5,False,10,10
2364,34,random,10,0.5204020700636943,0,5,None,66,1,5,False,10,10
2365,30,random,10,0.4235668789808917,0,16,None,66,1,5,False,10,10
2366,31,random,10,0.447452229299363,0,16,None,66,1,5,False,10,10
2367,32,random,10,0.4907444267515923,0,16,None,66,1,5,False,10,10
2368,33,random,10,0.5281648089171974,0,16,None,66,1,5,False,10,10
2369,34,random,10,0.5546377388535032,0,16,None,66,1,5,False,10,10
2370,30,random,10,0.5881767515923567,0,7,None,66,1,5,False,10,10
2371,31,random,10,0.5862858280254777,0,7,None,66,1,5,False,10,10
2372,32,random,10,0.59265525477707,0,7,None,66,1,5,False,10,10
2373,33,random,10,0.600218949044586,0,7,None,66,1,5,False,10,10
2374,34,random,10,0.604796974522293,0,7,None,66,1,5,False,10,10
2375,30,random,10,0.3039410828025478,0,30,None,66,1,5,False,10,10
2376,31,random,10,0.2953821656050955,0,30,None,66,1,5,False,10,10
2377,32,random,10,0.2932921974522293,0,30,None,66,1,5,False,10,10
2378,33,random,10,0.3046377388535032,0,30,None,66,1,5,False,10,10
2379,34,random,10,0.3176751592356688,0,30,None,66,1,5,False,10,10
2380,30,random,10,0.3069267515923566,0,27,None,66,1,5,False,10,10
2381,31,random,10,0.315983280254777,0,27,None,66,1,5,False,10,10
2382,32,random,10,0.326234076433121,0,27,None,66,1,5,False,10,10
2383,33,random,10,0.3376791401273885,0,27,None,66,1,5,False,10,10
2384,34,random,10,0.3451433121019108,0,27,None,66,1,5,False,10,10
2385,30,random,10,0.2480095541401273,0,21,None,66,1,5,False,10,10
2386,31,random,10,0.2319864649681528,0,21,None,66,1,5,False,10,10
2387,32,random,10,0.2506966560509554,0,21,None,66,1,5,False,10,10
2388,33,random,10,0.2759753184713376,0,21,None,66,1,5,False,10,10
2389,34,random,10,0.2946855095541401,0,21,None,66,1,5,False,10,10
2390,30,random,10,0.4578025477707006,0,19,None,66,1,5,False,10,10
2391,31,random,10,0.4319267515923566,0,19,None,66,1,5,False,10,10
2392,32,random,10,0.4369028662420382,0,19,None,66,1,5,False,10,10
2393,33,random,10,0.4476512738853503,0,19,None,66,1,5,False,10,10
2394,34,random,10,0.4532245222929936,0,19,None,66,1,5,False,10,10
2395,30,random,10,0.4163017515923566,0,24,None,66,1,5,False,10,10
2396,31,random,10,0.3452428343949044,0,24,None,66,1,5,False,10,10
2397,32,random,10,0.3434514331210191,0,24,None,66,1,5,False,10,10
2398,33,random,10,0.3611664012738853,0,24,None,66,1,5,False,10,10
2399,34,random,10,0.379578025477707,0,24,None,66,1,5,False,10,10
2400,30,random,10,0.2880175159235669,0,29,None,66,1,5,False,10,10
2401,31,random,10,0.3099124203821656,0,29,None,66,1,5,False,10,10
2402,32,random,10,0.3318073248407643,0,29,None,66,1,5,False,10,10
2403,33,random,10,0.339171974522293,0,29,None,66,1,5,False,10,10
2404,34,random,10,0.3470342356687898,0,29,None,66,1,5,False,10,10
2405,30,random,10,0.5717555732484076,0,14,None,66,1,5,False,10,10
2406,31,random,10,0.5815087579617835,0,14,None,66,1,5,False,10,10
2407,32,random,10,0.5914609872611465,0,14,None,66,1,5,False,10,10
2408,33,random,10,0.5978304140127388,0,14,None,66,1,5,False,10,10
2409,34,random,10,0.6038017515923567,0,14,None,66,1,5,False,10,10
2410,30,random,10,0.6048964968152867,0,9,None,66,1,5,False,10,10
2411,31,random,10,0.6145501592356688,0,9,None,66,1,5,False,10,10
2412,32,random,10,0.6221138535031847,0,9,None,66,1,5,False,10,10
2413,33,random,10,0.6284832802547771,0,9,None,66,1,5,False,10,10
2414,34,random,10,0.6347531847133758,0,9,None,66,1,5,False,10,10
2415,30,random,10,0.2880175159235669,0,12,None,66,1,5,False,10,10
2416,31,random,10,0.3150875796178344,0,12,None,66,1,5,False,10,10
2417,32,random,10,0.3962977707006369,0,12,None,66,1,5,False,10,10
2418,33,random,10,0.4130175159235669,0,12,None,66,1,5,False,10,10
2419,34,random,10,0.3625597133757962,0,12,None,66,1,5,False,10,10
2420,30,random,10,0.3850517515923566,0,25,None,66,1,5,False,10,10
2421,31,random,10,0.4391918789808917,0,25,None,66,1,5,False,10,10
2422,32,random,10,0.4411823248407643,0,25,None,66,1,5,False,10,10
2423,33,random,10,0.4400875796178344,0,25,None,66,1,5,False,10,10
2424,34,random,10,0.4411823248407643,0,25,None,66,1,5,False,10,10
2425,30,random,10,0.1081807324840764,0,3,None,66,1,5,False,10,10
2426,31,random,10,0.1011146496815286,0,3,None,66,1,5,False,10,10
2427,32,random,10,0.1030055732484076,0,3,None,66,1,5,False,10,10
2428,33,random,10,0.1072850318471337,0,3,None,66,1,5,False,10,10
2429,34,random,10,0.1283837579617834,0,3,None,66,1,5,False,10,10
2430,30,random,10,0.2206409235668789,0,0,None,66,1,5,False,10,10
2431,31,random,10,0.2062101910828025,0,0,None,66,1,5,False,10,10
2432,32,random,10,0.2008359872611465,0,0,None,66,1,5,False,10,10
2433,33,random,10,0.2008359872611465,0,0,None,66,1,5,False,10,10
2434,34,random,10,0.2036226114649681,0,0,None,66,1,5,False,10,10
2435,30,random,10,0.2611464968152866,0,6,None,66,1,5,False,10,10
2436,31,random,10,0.1979498407643312,0,6,None,66,1,5,False,10,10
2437,32,random,10,0.2000398089171974,0,6,None,66,1,5,False,10,10
2438,33,random,10,0.2123805732484076,0,6,None,66,1,5,False,10,10
2439,34,random,10,0.2422372611464968,0,6,None,66,1,5,False,10,10
2440,30,random,10,0.1399283439490445,0,4,None,66,1,5,False,10,10
2441,31,random,10,0.1479896496815286,0,4,None,66,1,5,False,10,10
2442,32,random,10,0.1628184713375796,0,4,None,66,1,5,False,10,10
2443,33,random,10,0.1732683121019108,0,4,None,66,1,5,False,10,10
2444,34,random,10,0.1819267515923567,0,4,None,66,1,5,False,10,10
2445,30,random,10,0.1196257961783439,0,10,None,66,1,5,False,10,10
2446,31,random,10,0.105593152866242,0,10,None,66,1,5,False,10,10
2447,32,random,10,0.1061902866242038,0,10,None,66,1,5,False,10,10
2448,33,random,10,0.1153463375796178,0,10,None,66,1,5,False,10,10
2449,34,random,10,0.147890127388535,0,10,None,66,1,5,False,10,10
2450,30,random,10,0.1062898089171974,0,8,None,66,1,5,False,10,10
2451,31,random,10,0.2634355095541401,0,8,None,66,1,5,False,10,10
2452,32,random,10,0.2473128980891719,0,8,None,66,1,5,False,10,10
2453,33,random,10,0.2242237261146497,0,8,None,66,1,5,False,10,10
2454,34,random,10,0.2231289808917197,0,8,None,66,1,5,False,10,10
2455,30,random,10,0.2069068471337579,0,20,None,66,1,5,False,10,10
2456,31,random,10,0.1830214968152866,0,20,None,66,1,5,False,10,10
2457,32,random,10,0.2404458598726114,0,20,None,66,1,5,False,10,10
2458,33,random,10,0.2525875796178344,0,20,None,66,1,5,False,10,10
2459,34,random,10,0.2516918789808917,0,20,None,66,1,5,False,10,10
2460,30,random,10,0.2366640127388535,0,22,None,66,1,5,False,10,10
2461,31,random,10,0.2741839171974522,0,22,None,66,1,5,False,10,10
2462,32,random,10,0.2537818471337579,0,22,None,66,1,5,False,10,10
2463,33,random,10,0.3274283439490446,0,22,None,66,1,5,False,10,10
2464,34,random,10,0.3618630573248407,0,22,None,66,1,5,False,10,10
2465,30,random,10,0.1162420382165605,0,23,None,66,1,5,False,10,10
2466,31,random,10,0.1086783439490445,0,23,None,66,1,5,False,10,10
2467,32,random,10,0.1215167197452229,0,23,None,66,1,5,False,10,10
2468,33,random,10,0.141421178343949,0,23,None,66,1,5,False,10,10
2469,34,random,10,0.1632165605095541,0,23,None,66,1,5,False,10,10
2470,30,random,10,0.1252985668789809,0,32,None,66,1,5,False,10,10
2471,31,random,10,0.1123606687898089,0,32,None,66,1,5,False,10,10
2472,32,random,10,0.1277866242038216,0,32,None,66,1,5,False,10,10
2473,33,random,10,0.1620222929936305,0,32,None,66,1,5,False,10,10
2474,34,random,10,0.2421377388535031,0,32,None,66,1,5,False,10,10
3630,35,random,10,0.2970740445859872,0,1,None,66,1,5,False,10,10
3631,36,random,10,0.3534036624203822,0,1,None,66,1,5,False,10,10
3632,37,random,10,0.3700238853503185,0,1,None,66,1,5,False,10,10
3633,38,random,10,0.3642515923566879,0,1,None,66,1,5,False,10,10
3634,39,random,10,0.3649482484076433,0,1,None,66,1,5,False,10,10
3635,35,random,10,0.3927149681528662,0,5,None,66,1,5,False,10,10
3636,36,random,10,0.4142117834394904,0,5,None,66,1,5,False,10,10
3637,37,random,10,0.4363057324840764,0,5,None,66,1,5,False,10,10
3638,38,random,10,0.4876592356687898,0,5,None,66,1,5,False,10,10
3639,39,random,10,0.5114450636942676,0,5,None,66,1,5,False,10,10
3640,35,random,10,0.3576831210191082,0,13,None,66,1,5,False,10,10
3641,36,random,10,0.3663415605095541,0,13,None,66,1,5,False,10,10
3642,37,random,10,0.3723128980891719,0,13,None,66,1,5,False,10,10
3643,38,random,10,0.3781847133757962,0,13,None,66,1,5,False,10,10
3644,39,random,10,0.3831608280254777,0,13,None,66,1,5,False,10,10
3645,35,random,10,0.2535828025477707,0,20,None,66,1,5,False,10,10
3646,36,random,10,0.2321855095541401,0,20,None,66,1,5,False,10,10
3647,37,random,10,0.2446257961783439,0,20,None,66,1,5,False,10,10
3648,38,random,10,0.2829418789808917,0,20,None,66,1,5,False,10,10
3649,39,random,10,0.2913017515923566,0,20,None,66,1,5,False,10,10
3650,35,random,10,0.4536226114649681,0,19,None,66,1,5,False,10,10
3651,36,random,10,0.440187101910828,0,19,None,66,1,5,False,10,10
3652,37,random,10,0.445859872611465,0,19,None,66,1,5,False,10,10
3653,38,random,10,0.453125,0,19,None,66,1,5,False,10,10
3654,39,random,10,0.4613853503184713,0,19,None,66,1,5,False,10,10
3655,35,random,10,0.3504179936305732,0,22,None,66,1,5,False,10,10
3656,36,random,10,0.3442476114649681,0,22,None,66,1,5,False,10,10
3657,37,random,10,0.3737062101910828,0,22,None,66,1,5,False,10,10
3658,38,random,10,0.3911226114649681,0,22,None,66,1,5,False,10,10
3659,39,random,10,0.3987858280254777,0,22,None,66,1,5,False,10,10
3660,35,random,10,0.5862858280254777,0,14,None,66,1,5,False,10,10
3661,36,random,10,0.5959394904458599,0,14,None,66,1,5,False,10,10
3662,37,random,10,0.6025079617834395,0,14,None,66,1,5,False,10,10
3663,38,random,10,0.6070859872611465,0,14,None,66,1,5,False,10,10
3664,39,random,10,0.6118630573248408,0,14,None,66,1,5,False,10,10
3665,35,random,10,0.1685907643312102,0,23,None,66,1,5,False,10,10
3666,36,random,10,0.1711783439490445,0,23,None,66,1,5,False,10,10
3667,37,random,10,0.181031050955414,0,23,None,66,1,5,False,10,10
3668,38,random,10,0.1904856687898089,0,23,None,66,1,5,False,10,10
3669,39,random,10,0.2559713375796178,0,23,None,66,1,5,False,10,10
3670,35,random,10,0.4940286624203822,0,17,None,66,1,5,False,10,10
3671,36,random,10,0.4863654458598726,0,17,None,66,1,5,False,10,10
3672,37,random,10,0.5039808917197452,0,17,None,66,1,5,False,10,10
3673,38,random,10,0.5219944267515924,0,17,None,66,1,5,False,10,10
3674,39,random,10,0.536922770700637,0,17,None,66,1,5,False,10,10
3675,35,random,10,0.3924164012738853,0,21,None,66,1,5,False,10,10
3676,36,random,10,0.4017714968152866,0,21,None,66,1,5,False,10,10
3677,37,random,10,0.4119227707006369,0,21,None,66,1,5,False,10,10
3678,38,random,10,0.4178941082802547,0,21,None,66,1,5,False,10,10
3679,39,random,10,0.4229697452229299,0,21,None,66,1,5,False,10,10
3680,35,random,10,0.4452627388535032,0,25,None,66,1,5,False,10,10
3681,36,random,10,0.4541202229299363,0,25,None,66,1,5,False,10,10
3682,37,random,10,0.4719347133757962,0,25,None,66,1,5,False,10,10
3683,38,random,10,0.4866640127388535,0,25,None,66,1,5,False,10,10
3684,39,random,10,0.4991042993630573,0,25,None,66,1,5,False,10,10
3685,35,random,10,0.3496218152866242,0,26,None,66,1,5,False,10,10
3686,36,random,10,0.4060509554140127,0,26,None,66,1,5,False,10,10
3687,37,random,10,0.4361066878980891,0,26,None,66,1,5,False,10,10
3688,38,random,10,0.4689490445859872,0,26,None,66,1,5,False,10,10
3689,39,random,10,0.4940286624203822,0,26,None,66,1,5,False,10,10
3690,35,random,10,0.3965963375796178,0,12,None,66,1,5,False,10,10
3691,36,random,10,0.4118232484076433,0,12,None,66,1,5,False,10,10
3692,37,random,10,0.388734076433121,0,12,None,66,1,5,False,10,10
3693,38,random,10,0.3983877388535032,0,12,None,66,1,5,False,10,10
3694,39,random,10,0.410828025477707,0,12,None,66,1,5,False,10,10
3695,35,random,10,0.2629378980891719,0,28,None,66,1,5,False,10,10
3696,36,random,10,0.2689092356687898,0,28,None,66,1,5,False,10,10
3697,37,random,10,0.2870222929936306,0,28,None,66,1,5,False,10,10
3698,38,random,10,0.3047372611464968,0,28,None,66,1,5,False,10,10
3699,39,random,10,0.3158837579617834,0,28,None,66,1,5,False,10,10
3700,35,random,10,0.3017515923566879,0,29,None,66,1,5,False,10,10
3701,36,random,10,0.3209593949044586,0,29,None,66,1,5,False,10,10
3702,37,random,10,0.3354896496815286,0,29,None,66,1,5,False,10,10
3703,38,random,10,0.3435509554140127,0,29,None,66,1,5,False,10,10
3704,39,random,10,0.3687300955414013,0,29,None,66,1,5,False,10,10
3705,35,random,10,0.6133558917197452,0,9,None,66,1,5,False,10,10
3706,36,random,10,0.6243033439490446,0,9,None,66,1,5,False,10,10
3707,37,random,10,0.6300756369426752,0,9,None,66,1,5,False,10,10
3708,38,random,10,0.6351512738853503,0,9,None,66,1,5,False,10,10
3709,39,random,10,0.6390326433121019,0,9,None,66,1,5,False,10,10
3710,35,random,10,0.258359872611465,0,6,None,66,1,5,False,10,10
3711,36,random,10,0.2216361464968153,0,6,None,66,1,5,False,10,10
3712,37,random,10,0.2488057324840764,0,6,None,66,1,5,False,10,10
3713,38,random,10,0.2765724522292994,0,6,None,66,1,5,False,10,10
3714,39,random,10,0.2948845541401274,0,6,None,66,1,5,False,10,10
3715,35,random,10,0.423765923566879,0,18,None,66,1,5,False,10,10
3716,36,random,10,0.4433718152866242,0,18,None,66,1,5,False,10,10
3717,37,random,10,0.4672571656050955,0,18,None,66,1,5,False,10,10
3718,38,random,10,0.4864649681528662,0,18,None,66,1,5,False,10,10
3719,39,random,10,0.4987062101910828,0,18,None,66,1,5,False,10,10
3720,35,random,10,0.1832205414012739,0,32,None,66,1,5,False,10,10
3721,36,random,10,0.2363654458598726,0,32,None,66,1,5,False,10,10
3722,37,random,10,0.242436305732484,0,32,None,66,1,5,False,10,10
3723,38,random,10,0.2587579617834395,0,32,None,66,1,5,False,10,10
3724,39,random,10,0.2967754777070063,0,32,None,66,1,5,False,10,10
3725,35,random,10,0.2841361464968153,0,2,None,66,1,5,False,10,10
3726,36,random,10,0.3009554140127388,0,2,None,66,1,5,False,10,10
3727,37,random,10,0.3450437898089172,0,2,None,66,1,5,False,10,10
3728,38,random,10,0.4094347133757962,0,2,None,66,1,5,False,10,10
3729,39,random,10,0.4277468152866242,0,2,None,66,1,5,False,10,10
3730,35,random,10,0.208499203821656,0,4,None,66,1,5,False,10,10
3731,36,random,10,0.2653264331210191,0,4,None,66,1,5,False,10,10
3732,37,random,10,0.2740843949044586,0,4,None,66,1,5,False,10,10
3733,38,random,10,0.3333001592356688,0,4,None,66,1,5,False,10,10
3734,39,random,10,0.3471337579617834,0,4,None,66,1,5,False,10,10
3735,35,random,10,0.1363455414012739,0,3,None,66,1,5,False,10,10
3736,36,random,10,0.1302746815286624,0,3,None,66,1,5,False,10,10
3737,37,random,10,0.1617237261146497,0,3,None,66,1,5,False,10,10
3738,38,random,10,0.2074044585987261,0,3,None,66,1,5,False,10,10
3739,39,random,10,0.2470143312101911,0,3,None,66,1,5,False,10,10
3740,35,random,10,0.1488853503184713,0,10,None,66,1,5,False,10,10
3741,36,random,10,0.123109076433121,0,10,None,66,1,5,False,10,10
3742,37,random,10,0.1422173566878981,0,10,None,66,1,5,False,10,10
3743,38,random,10,0.1712778662420382,0,10,None,66,1,5,False,10,10
3744,39,random,10,0.2005374203821656,0,10,None,66,1,5,False,10,10
3745,35,random,10,0.5715565286624203,0,11,None,66,1,5,False,10,10
3746,36,random,10,0.5861863057324841,0,11,None,66,1,5,False,10,10
3747,37,random,10,0.5989251592356688,0,11,None,66,1,5,False,10,10
3748,38,random,10,0.6096735668789809,0,11,None,66,1,5,False,10,10
3749,39,random,10,0.6174363057324841,0,11,None,66,1,5,False,10,10
3750,35,random,10,0.3568869426751592,0,15,None,66,1,5,False,10,10
3751,36,random,10,0.3645501592356688,0,15,None,66,1,5,False,10,10
3752,37,random,10,0.3735071656050955,0,15,None,66,1,5,False,10,10
3753,38,random,10,0.3815684713375796,0,15,None,66,1,5,False,10,10
3754,39,random,10,0.3908240445859872,0,15,None,66,1,5,False,10,10
3755,35,random,10,0.3057324840764331,0,7,None,66,1,5,False,10,10
3756,36,random,10,0.3872412420382166,0,7,None,66,1,5,False,10,10
3757,37,random,10,0.4053542993630573,0,7,None,66,1,5,False,10,10
3758,38,random,10,0.4219745222929936,0,7,None,66,1,5,False,10,10
3759,39,random,10,0.4387937898089172,0,7,None,66,1,5,False,10,10
3760,35,random,10,0.3029458598726114,0,8,None,66,1,5,False,10,10
3761,36,random,10,0.2543789808917197,0,8,None,66,1,5,False,10,10
3762,37,random,10,0.2521894904458598,0,8,None,66,1,5,False,10,10
3763,38,random,10,0.2660230891719745,0,8,None,66,1,5,False,10,10
3764,39,random,10,0.2738853503184713,0,8,None,66,1,5,False,10,10
3765,35,random,10,0.212281050955414,0,16,None,66,1,5,False,10,10
3766,36,random,10,0.2601512738853503,0,16,None,66,1,5,False,10,10
3767,37,random,10,0.2845342356687898,0,16,None,66,1,5,False,10,10
3768,38,random,10,0.3035429936305732,0,16,None,66,1,5,False,10,10
3769,39,random,10,0.3212579617834395,0,16,None,66,1,5,False,10,10
3770,35,random,10,0.3958001592356688,0,24,None,66,1,5,False,10,10
3771,36,random,10,0.4066480891719745,0,24,None,66,1,5,False,10,10
3772,37,random,10,0.4215764331210191,0,24,None,66,1,5,False,10,10
3773,38,random,10,0.4332205414012738,0,24,None,66,1,5,False,10,10
3774,39,random,10,0.4486464968152866,0,24,None,66,1,5,False,10,10
3775,35,random,10,0.3587778662420382,0,27,None,66,1,5,False,10,10
3776,36,random,10,0.3629578025477707,0,27,None,66,1,5,False,10,10
3777,37,random,10,0.3736066878980891,0,27,None,66,1,5,False,10,10
3778,38,random,10,0.3837579617834395,0,27,None,66,1,5,False,10,10
3779,39,random,10,0.3944068471337579,0,27,None,66,1,5,False,10,10
3780,35,random,10,0.2265127388535031,0,0,None,66,1,5,False,10,10
3781,36,random,10,0.2119824840764331,0,0,None,66,1,5,False,10,10
3782,37,random,10,0.2191480891719745,0,0,None,66,1,5,False,10,10
3783,38,random,10,0.2430334394904458,0,0,None,66,1,5,False,10,10
3784,39,random,10,0.2787619426751592,0,0,None,66,1,5,False,10,10
3785,35,random,10,0.3024482484076433,0,30,None,66,1,5,False,10,10
3786,36,random,10,0.3124004777070063,0,30,None,66,1,5,False,10,10
3787,37,random,10,0.3247412420382166,0,30,None,66,1,5,False,10,10
3788,38,random,10,0.3359872611464968,0,30,None,66,1,5,False,10,10
3789,39,random,10,0.352109872611465,0,30,None,66,1,5,False,10,10
3790,35,random,10,0.4858678343949044,0,31,None,66,1,5,False,10,10
3791,36,random,10,0.4479498407643312,0,31,None,66,1,5,False,10,10
3792,37,random,10,0.4580015923566879,0,31,None,66,1,5,False,10,10
3793,38,random,10,0.4719347133757962,0,31,None,66,1,5,False,10,10
3794,39,random,10,0.4841759554140127,0,31,None,66,1,5,False,10,10
3795,40,random,10,0.3592754777070063,0,27,None,66,1,5,False,10,10
3796,41,random,10,0.3667396496815286,0,27,None,66,1,5,False,10,10
3797,42,random,10,0.3743033439490446,0,27,None,66,1,5,False,10,10
3798,43,random,10,0.382265127388535,0,27,None,66,1,5,False,10,10
3799,44,random,10,0.3900278662420382,0,27,None,66,1,5,False,10,10
3800,40,random,10,0.3050358280254777,0,2,None,66,1,5,False,10,10
3801,41,random,10,0.345640923566879,0,2,None,66,1,5,False,10,10
3802,42,random,10,0.3614649681528662,0,2,None,66,1,5,False,10,10
3803,43,random,10,0.3695262738853503,0,2,None,66,1,5,False,10,10
3804,44,random,10,0.3753980891719745,0,2,None,66,1,5,False,10,10
3805,40,random,10,0.3765923566878981,0,11,None,66,1,5,False,10,10
3806,41,random,10,0.3415605095541401,0,11,None,66,1,5,False,10,10
3807,42,random,10,0.3421576433121019,0,11,None,66,1,5,False,10,10
3808,43,random,10,0.3463375796178344,0,11,None,66,1,5,False,10,10
3809,44,random,10,0.3492237261146497,0,11,None,66,1,5,False,10,10
3810,40,random,10,0.3416600318471338,0,15,None,66,1,5,False,10,10
3811,41,random,10,0.3856488853503185,0,15,None,66,1,5,False,10,10
3812,42,random,10,0.3572850318471338,0,15,None,66,1,5,False,10,10
3813,43,random,10,0.364749203821656,0,15,None,66,1,5,False,10,10
3814,44,random,10,0.373109076433121,0,15,None,66,1,5,False,10,10
3815,40,random,10,0.3664410828025478,0,17,None,66,1,5,False,10,10
3816,41,random,10,0.2762738853503185,0,17,None,66,1,5,False,10,10
3817,42,random,10,0.2689092356687898,0,17,None,66,1,5,False,10,10
3818,43,random,10,0.2871218152866242,0,17,None,66,1,5,False,10,10
3819,44,random,10,0.3524084394904458,0,17,None,66,1,5,False,10,10
3820,40,random,10,0.305234872611465,0,20,None,66,1,5,False,10,10
3821,41,random,10,0.3176751592356688,0,20,None,66,1,5,False,10,10
3822,42,random,10,0.3412619426751592,0,20,None,66,1,5,False,10,10
3823,43,random,10,0.3633558917197452,0,20,None,66,1,5,False,10,10
3824,44,random,10,0.3791799363057325,0,20,None,66,1,5,False,10,10
3825,40,random,10,0.2269108280254777,0,10,None,66,1,5,False,10,10
3826,41,random,10,0.3435509554140127,0,10,None,66,1,5,False,10,10
3827,42,random,10,0.3850517515923566,0,10,None,66,1,5,False,10,10
3828,43,random,10,0.4286425159235669,0,10,None,66,1,5,False,10,10
3829,44,random,10,0.4546178343949044,0,10,None,66,1,5,False,10,10
3830,40,random,10,0.4850716560509554,0,22,None,66,1,5,False,10,10
3831,41,random,10,0.5021894904458599,0,22,None,66,1,5,False,10,10
3832,42,random,10,0.5153264331210191,0,22,None,66,1,5,False,10,10
3833,43,random,10,0.524781050955414,0,22,None,66,1,5,False,10,10
3834,44,random,10,0.5322452229299363,0,22,None,66,1,5,False,10,10
3835,40,random,10,0.3309116242038216,0,32,None,66,1,5,False,10,10
3836,41,random,10,0.3307125796178344,0,32,None,66,1,5,False,10,10
3837,42,random,10,0.3748009554140127,0,32,None,66,1,5,False,10,10
3838,43,random,10,0.3931130573248407,0,32,None,66,1,5,False,10,10
3839,44,random,10,0.3638535031847134,0,32,None,66,1,5,False,10,10
3840,40,random,10,0.3336982484076433,0,16,None,66,1,5,False,10,10
3841,41,random,10,0.3307125796178344,0,16,None,66,1,5,False,10,10
3842,42,random,10,0.3397691082802547,0,16,None,66,1,5,False,10,10
3843,43,random,10,0.3461385350318471,0,16,None,66,1,5,False,10,10
3844,44,random,10,0.3518113057324841,0,16,None,66,1,5,False,10,10
3845,40,random,10,0.3541998407643312,0,13,None,66,1,5,False,10,10
3846,41,random,10,0.3580812101910828,0,13,None,66,1,5,False,10,10
3847,42,random,10,0.3664410828025478,0,13,None,66,1,5,False,10,10
3848,43,random,10,0.3755971337579618,0,13,None,66,1,5,False,10,10
3849,44,random,10,0.3792794585987261,0,13,None,66,1,5,False,10,10
3850,40,random,10,0.6250995222929936,0,25,None,66,1,5,False,10,10
3851,41,random,10,0.6316679936305732,0,25,None,66,1,5,False,10,10
3852,42,random,10,0.6364450636942676,0,25,None,66,1,5,False,10,10
3853,43,random,10,0.6405254777070064,0,25,None,66,1,5,False,10,10
3854,44,random,10,0.6446058917197452,0,25,None,66,1,5,False,10,10
3855,40,random,10,0.3561902866242038,0,28,None,66,1,5,False,10,10
3856,41,random,10,0.3118033439490446,0,28,None,66,1,5,False,10,10
3857,42,random,10,0.3113057324840764,0,28,None,66,1,5,False,10,10
3858,43,random,10,0.3188694267515923,0,28,None,66,1,5,False,10,10
3859,44,random,10,0.3267316878980891,0,28,None,66,1,5,False,10,10
3860,40,random,10,0.4230692675159235,0,29,None,66,1,5,False,10,10
3861,41,random,10,0.423765923566879,0,29,None,66,1,5,False,10,10
3862,42,random,10,0.455812101910828,0,29,None,66,1,5,False,10,10
3863,43,random,10,0.4847730891719745,0,29,None,66,1,5,False,10,10
3864,44,random,10,0.5080613057324841,0,29,None,66,1,5,False,10,10
3865,40,random,10,0.5330414012738853,0,9,None,66,1,5,False,10,10
3866,41,random,10,0.5492635350318471,0,9,None,66,1,5,False,10,10
3867,42,random,10,0.5680732484076433,0,9,None,66,1,5,False,10,10
3868,43,random,10,0.5833996815286624,0,9,None,66,1,5,False,10,10
3869,44,random,10,0.5943471337579618,0,9,None,66,1,5,False,10,10
3870,40,random,10,0.4535230891719745,0,5,None,66,1,5,False,10,10
3871,41,random,10,0.475218949044586,0,5,None,66,1,5,False,10,10
3872,42,random,10,0.4791998407643312,0,5,None,66,1,5,False,10,10
3873,43,random,10,0.4736265923566879,0,5,None,66,1,5,False,10,10
3874,44,random,10,0.4684514331210191,0,5,None,66,1,5,False,10,10
3875,40,random,10,0.4022691082802547,0,6,None,66,1,5,False,10,10
3876,41,random,10,0.4221735668789809,0,6,None,66,1,5,False,10,10
3877,42,random,10,0.4463574840764331,0,6,None,66,1,5,False,10,10
3878,43,random,10,0.461484872611465,0,6,None,66,1,5,False,10,10
3879,44,random,10,0.4737261146496815,0,6,None,66,1,5,False,10,10
3880,40,random,10,0.386843152866242,0,7,None,66,1,5,False,10,10
3881,41,random,10,0.3850517515923566,0,7,None,66,1,5,False,10,10
3882,42,random,10,0.3884355095541401,0,7,None,66,1,5,False,10,10
3883,43,random,10,0.3988853503184713,0,7,None,66,1,5,False,10,10
3884,44,random,10,0.4122213375796178,0,7,None,66,1,5,False,10,10
3885,40,random,10,0.613156847133758,0,14,None,66,1,5,False,10,10
3886,41,random,10,0.6179339171974523,0,14,None,66,1,5,False,10,10
3887,42,random,10,0.621218152866242,0,14,None,66,1,5,False,10,10
3888,43,random,10,0.6256966560509554,0,14,None,66,1,5,False,10,10
3889,44,random,10,0.6297770700636943,0,14,None,66,1,5,False,10,10
3890,40,random,10,0.2851313694267516,0,12,None,66,1,5,False,10,10
3891,41,random,10,0.3187699044585987,0,12,None,66,1,5,False,10,10
3892,42,random,10,0.324343152866242,0,12,None,66,1,5,False,10,10
3893,43,random,10,0.3845541401273885,0,12,None,66,1,5,False,10,10
3894,44,random,10,0.4021695859872611,0,12,None,66,1,5,False,10,10
3895,40,random,10,0.4574044585987261,0,26,None,66,1,5,False,10,10
3896,41,random,10,0.4780055732484076,0,26,None,66,1,5,False,10,10
3897,42,random,10,0.4983081210191082,0,26,None,66,1,5,False,10,10
3898,43,random,10,0.5109474522292994,0,26,None,66,1,5,False,10,10
3899,44,random,10,0.5159235668789809,0,26,None,66,1,5,False,10,10
3900,40,random,10,0.3294187898089172,0,30,None,66,1,5,False,10,10
3901,41,random,10,0.3412619426751592,0,30,None,66,1,5,False,10,10
3902,42,random,10,0.3577826433121019,0,30,None,66,1,5,False,10,10
3903,43,random,10,0.3751990445859872,0,30,None,66,1,5,False,10,10
3904,44,random,10,0.391421178343949,0,30,None,66,1,5,False,10,10
3905,40,random,10,0.2841361464968153,0,8,None,66,1,5,False,10,10
3906,41,random,10,0.28015525477707,0,8,None,66,1,5,False,10,10
3907,42,random,10,0.299562101910828,0,8,None,66,1,5,False,10,10
3908,43,random,10,0.3217555732484076,0,8,None,66,1,5,False,10,10
3909,44,random,10,0.3409633757961783,0,8,None,66,1,5,False,10,10
3910,40,random,10,0.3395700636942675,0,3,None,66,1,5,False,10,10
3911,41,random,10,0.3953025477707006,0,3,None,66,1,5,False,10,10
3912,42,random,10,0.3807722929936306,0,3,None,66,1,5,False,10,10
3913,43,random,10,0.3967953821656051,0,3,None,66,1,5,False,10,10
3914,44,random,10,0.414609872611465,0,3,None,66,1,5,False,10,10
3915,40,random,10,0.3366839171974522,0,31,None,66,1,5,False,10,10
3916,41,random,10,0.3446457006369426,0,31,None,66,1,5,False,10,10
3917,42,random,10,0.3815684713375796,0,31,None,66,1,5,False,10,10
3918,43,random,10,0.4069466560509554,0,31,None,66,1,5,False,10,10
3919,44,random,10,0.4326234076433121,0,31,None,66,1,5,False,10,10
3920,40,random,10,0.3766918789808917,0,18,None,66,1,5,False,10,10
3921,41,random,10,0.3157842356687898,0,18,None,66,1,5,False,10,10
3922,42,random,10,0.3101114649681528,0,18,None,66,1,5,False,10,10
3923,43,random,10,0.3259355095541401,0,18,None,66,1,5,False,10,10
3924,44,random,10,0.3505175159235669,0,18,None,66,1,5,False,10,10
3925,40,random,10,0.3667396496815286,0,1,None,66,1,5,False,10,10
3926,41,random,10,0.3681329617834395,0,1,None,66,1,5,False,10,10
3927,42,random,10,0.3762937898089172,0,1,None,66,1,5,False,10,10
3928,43,random,10,0.3842555732484076,0,1,None,66,1,5,False,10,10
3929,44,random,10,0.392515923566879,0,1,None,66,1,5,False,10,10
3930,40,random,10,0.4355095541401274,0,21,None,66,1,5,False,10,10
3931,41,random,10,0.4457603503184713,0,21,None,66,1,5,False,10,10
3932,42,random,10,0.4564092356687898,0,21,None,66,1,5,False,10,10
3933,43,random,10,0.4690485668789809,0,21,None,66,1,5,False,10,10
3934,44,random,10,0.4841759554140127,0,21,None,66,1,5,False,10,10
3935,40,random,10,0.4949243630573248,0,19,None,66,1,5,False,10,10
3936,41,random,10,0.5112460191082803,0,19,None,66,1,5,False,10,10
3937,42,random,10,0.5298566878980892,0,19,None,66,1,5,False,10,10
3938,43,random,10,0.5471735668789809,0,19,None,66,1,5,False,10,10
3939,44,random,10,0.5625995222929936,0,19,None,66,1,5,False,10,10
3940,40,random,10,0.3257364649681528,0,24,None,66,1,5,False,10,10
3941,41,random,10,0.3595740445859872,0,24,None,66,1,5,False,10,10
3942,42,random,10,0.3544984076433121,0,24,None,66,1,5,False,10,10
3943,43,random,10,0.344546178343949,0,24,None,66,1,5,False,10,10
3944,44,random,10,0.3438495222929936,0,24,None,66,1,5,False,10,10
3945,40,random,10,0.3541003184713376,0,4,None,66,1,5,False,10,10
3946,41,random,10,0.3534036624203822,0,4,None,66,1,5,False,10,10
3947,42,random,10,0.3552945859872611,0,4,None,66,1,5,False,10,10
3948,43,random,10,0.3587778662420382,0,4,None,66,1,5,False,10,10
3949,44,random,10,0.3753980891719745,0,4,None,66,1,5,False,10,10
3950,40,random,10,0.3429538216560509,0,23,None,66,1,5,False,10,10
3951,41,random,10,0.3431528662420382,0,23,None,66,1,5,False,10,10
3952,42,random,10,0.3619625796178344,0,23,None,66,1,5,False,10,10
3953,43,random,10,0.418889331210191,0,23,None,66,1,5,False,10,10
3954,44,random,10,0.4201831210191082,0,23,None,66,1,5,False,10,10
3955,40,random,10,0.2990644904458598,0,0,None,66,1,5,False,10,10
3956,41,random,10,0.3342953821656051,0,0,None,66,1,5,False,10,10
3957,42,random,10,0.3908240445859872,0,0,None,66,1,5,False,10,10
3958,43,random,10,0.4087380573248407,0,0,None,66,1,5,False,10,10
3959,44,random,10,0.4196855095541401,0,0,None,66,1,5,False,10,10
5445,45,random,10,0.3986863057324841,0,1,None,66,1,5,False,10,10
5446,46,random,10,0.408140923566879,0,1,None,66,1,5,False,10,10
5447,47,random,10,0.413515127388535,0,1,None,66,1,5,False,10,10
5448,48,random,10,0.4198845541401274,0,1,None,66,1,5,False,10,10
5449,49,random,10,0.4250597133757962,0,1,None,66,1,5,False,10,10
5450,45,random,10,0.3790804140127388,0,2,None,66,1,5,False,10,10
5451,46,random,10,0.4004777070063694,0,2,None,66,1,5,False,10,10
5452,47,random,10,0.423765923566879,0,2,None,66,1,5,False,10,10
5453,48,random,10,0.4290406050955414,0,2,None,66,1,5,False,10,10
5454,49,random,10,0.4299363057324841,0,2,None,66,1,5,False,10,10
5455,45,random,10,0.4791998407643312,0,5,None,66,1,5,False,10,10
5456,46,random,10,0.4884554140127388,0,5,None,66,1,5,False,10,10
5457,47,random,10,0.4933320063694267,0,5,None,66,1,5,False,10,10
5458,48,random,10,0.4966162420382166,0,5,None,66,1,5,False,10,10
5459,49,random,10,0.5009952229299363,0,5,None,66,1,5,False,10,10
5460,45,random,10,0.3659434713375796,0,13,None,66,1,5,False,10,10
5461,46,random,10,0.370421974522293,0,13,None,66,1,5,False,10,10
5462,47,random,10,0.3778861464968153,0,13,None,66,1,5,False,10,10
5463,48,random,10,0.3832603503184713,0,13,None,66,1,5,False,10,10
5464,49,random,10,0.3894307324840764,0,13,None,66,1,5,False,10,10
5465,45,random,10,0.375,0,15,None,66,1,5,False,10,10
5466,46,random,10,0.3809713375796178,0,15,None,66,1,5,False,10,10
5467,47,random,10,0.4368033439490446,0,15,None,66,1,5,False,10,10
5468,48,random,10,0.4624800955414013,0,15,None,66,1,5,False,10,10
5469,49,random,10,0.4732285031847134,0,15,None,66,1,5,False,10,10
5470,45,random,10,0.4644705414012738,0,19,None,66,1,5,False,10,10
5471,46,random,10,0.4686504777070063,0,19,None,66,1,5,False,10,10
5472,47,random,10,0.4802945859872611,0,19,None,66,1,5,False,10,10
5473,48,random,10,0.50109474522293,0,19,None,66,1,5,False,10,10
5474,49,random,10,0.5227906050955414,0,19,None,66,1,5,False,10,10
5475,45,random,10,0.6300756369426752,0,14,None,66,1,5,False,10,10
5476,46,random,10,0.6334593949044586,0,14,None,66,1,5,False,10,10
5477,47,random,10,0.6373407643312102,0,14,None,66,1,5,False,10,10
5478,48,random,10,0.6394307324840764,0,14,None,66,1,5,False,10,10
5479,49,random,10,0.6423168789808917,0,14,None,66,1,5,False,10,10
5480,45,random,10,0.5276671974522293,0,21,None,66,1,5,False,10,10
5481,46,random,10,0.5375199044585988,0,21,None,66,1,5,False,10,10
5482,47,random,10,0.5482683121019108,0,21,None,66,1,5,False,10,10
5483,48,random,10,0.5592157643312102,0,21,None,66,1,5,False,10,10
5484,49,random,10,0.5676751592356688,0,21,None,66,1,5,False,10,10
5485,45,random,10,0.5854896496815286,0,25,None,66,1,5,False,10,10
5486,46,random,10,0.5968351910828026,0,25,None,66,1,5,False,10,10
5487,47,random,10,0.6071855095541401,0,25,None,66,1,5,False,10,10
5488,48,random,10,0.615047770700637,0,25,None,66,1,5,False,10,10
5489,49,random,10,0.6227109872611465,0,25,None,66,1,5,False,10,10
5490,45,random,10,0.5041799363057324,0,26,None,66,1,5,False,10,10
5491,46,random,10,0.5243829617834395,0,26,None,66,1,5,False,10,10
5492,47,random,10,0.5300557324840764,0,26,None,66,1,5,False,10,10
5493,48,random,10,0.5206011146496815,0,26,None,66,1,5,False,10,10
5494,49,random,10,0.5191082802547771,0,26,None,66,1,5,False,10,10
5495,45,random,10,0.4629777070063694,0,12,None,66,1,5,False,10,10
5496,46,random,10,0.4627786624203822,0,12,None,66,1,5,False,10,10
5497,47,random,10,0.4415804140127388,0,12,None,66,1,5,False,10,10
5498,48,random,10,0.4421775477707006,0,12,None,66,1,5,False,10,10
5499,49,random,10,0.4448646496815286,0,12,None,66,1,5,False,10,10
5500,45,random,10,0.346437101910828,0,28,None,66,1,5,False,10,10
5501,46,random,10,0.3540007961783439,0,28,None,66,1,5,False,10,10
5502,47,random,10,0.3660429936305732,0,28,None,66,1,5,False,10,10
5503,48,random,10,0.3749004777070063,0,28,None,66,1,5,False,10,10
5504,49,random,10,0.3856488853503185,0,28,None,66,1,5,False,10,10
5505,45,random,10,0.5270700636942676,0,29,None,66,1,5,False,10,10
5506,46,random,10,0.5411027070063694,0,29,None,66,1,5,False,10,10
5507,47,random,10,0.5530453821656051,0,29,None,66,1,5,False,10,10
5508,48,random,10,0.5655851910828026,0,29,None,66,1,5,False,10,10
5509,49,random,10,0.5739450636942676,0,29,None,66,1,5,False,10,10
5510,45,random,10,0.5957404458598726,0,9,None,66,1,5,False,10,10
5511,46,random,10,0.6110668789808917,0,9,None,66,1,5,False,10,10
5512,47,random,10,0.6235071656050956,0,9,None,66,1,5,False,10,10
5513,48,random,10,0.6332603503184714,0,9,None,66,1,5,False,10,10
5514,49,random,10,0.6380374203821656,0,9,None,66,1,5,False,10,10
5515,45,random,10,0.3605692675159235,0,30,None,66,1,5,False,10,10
5516,46,random,10,0.3792794585987261,0,30,None,66,1,5,False,10,10
5517,47,random,10,0.3971934713375796,0,30,None,66,1,5,False,10,10
5518,48,random,10,0.409733280254777,0,30,None,66,1,5,False,10,10
5519,49,random,10,0.4209792993630573,0,30,None,66,1,5,False,10,10
5520,45,random,10,0.4294386942675159,0,27,None,66,1,5,False,10,10
5521,46,random,10,0.4300358280254777,0,27,None,66,1,5,False,10,10
5522,47,random,10,0.4414808917197452,0,27,None,66,1,5,False,10,10
5523,48,random,10,0.4533240445859872,0,27,None,66,1,5,False,10,10
5524,49,random,10,0.4618829617834395,0,27,None,66,1,5,False,10,10
5525,45,random,10,0.4074442675159235,0,31,None,66,1,5,False,10,10
5526,46,random,10,0.440187101910828,0,31,None,66,1,5,False,10,10
5527,47,random,10,0.4599920382165605,0,31,None,66,1,5,False,10,10
5528,48,random,10,0.4655652866242038,0,31,None,66,1,5,False,10,10
5529,49,random,10,0.4611863057324841,0,31,None,66,1,5,False,10,10
5530,45,random,10,0.3275278662420382,0,18,None,66,1,5,False,10,10
5531,46,random,10,0.348328025477707,0,18,None,66,1,5,False,10,10
5532,47,random,10,0.3852507961783439,0,18,None,66,1,5,False,10,10
5533,48,random,10,0.4128184713375796,0,18,None,66,1,5,False,10,10
5534,49,random,10,0.4391918789808917,0,18,None,66,1,5,False,10,10
5535,45,random,10,0.3911226114649681,0,4,None,66,1,5,False,10,10
5536,46,random,10,0.407046178343949,0,4,None,66,1,5,False,10,10
5537,47,random,10,0.4166998407643312,0,4,None,66,1,5,False,10,10
5538,48,random,10,0.4232683121019108,0,4,None,66,1,5,False,10,10
5539,49,random,10,0.4307324840764331,0,4,None,66,1,5,False,10,10
5540,45,random,10,0.4185907643312102,0,0,None,66,1,5,False,10,10
5541,46,random,10,0.4254578025477707,0,0,None,66,1,5,False,10,10
5542,47,random,10,0.4317277070063694,0,0,None,66,1,5,False,10,10
5543,48,random,10,0.4378980891719745,0,0,None,66,1,5,False,10,10
5544,49,random,10,0.448546974522293,0,0,None,66,1,5,False,10,10
5545,45,random,10,0.4488455414012738,0,6,None,66,1,5,False,10,10
5546,46,random,10,0.4631767515923566,0,6,None,66,1,5,False,10,10
5547,47,random,10,0.4746218152866242,0,6,None,66,1,5,False,10,10
5548,48,random,10,0.4847730891719745,0,6,None,66,1,5,False,10,10
5549,49,random,10,0.4913415605095541,0,6,None,66,1,5,False,10,10
5550,45,random,10,0.4417794585987261,0,10,None,66,1,5,False,10,10
5551,46,random,10,0.4562101910828025,0,10,None,66,1,5,False,10,10
5552,47,random,10,0.4609872611464968,0,10,None,66,1,5,False,10,10
5553,48,random,10,0.4632762738853503,0,10,None,66,1,5,False,10,10
5554,49,random,10,0.4613853503184713,0,10,None,66,1,5,False,10,10
5555,45,random,10,0.3854498407643312,0,20,None,66,1,5,False,10,10
5556,46,random,10,0.4030652866242038,0,20,None,66,1,5,False,10,10
5557,47,random,10,0.418093152866242,0,20,None,66,1,5,False,10,10
5558,48,random,10,0.4301353503184713,0,20,None,66,1,5,False,10,10
5559,49,random,10,0.4397890127388535,0,20,None,66,1,5,False,10,10
5560,45,random,10,0.5005971337579618,0,22,None,66,1,5,False,10,10
5561,46,random,10,0.5209992038216561,0,22,None,66,1,5,False,10,10
5562,47,random,10,0.5333399681528662,0,22,None,66,1,5,False,10,10
5563,48,random,10,0.5460788216560509,0,22,None,66,1,5,False,10,10
5564,49,random,10,0.5601114649681529,0,22,None,66,1,5,False,10,10
5565,45,random,10,0.4464570063694267,0,23,None,66,1,5,False,10,10
5566,46,random,10,0.4548168789808917,0,23,None,66,1,5,False,10,10
5567,47,random,10,0.4468550955414013,0,23,None,66,1,5,False,10,10
5568,48,random,10,0.4461584394904458,0,23,None,66,1,5,False,10,10
5569,49,random,10,0.4528264331210191,0,23,None,66,1,5,False,10,10
5570,45,random,10,0.4777070063694267,0,32,None,66,1,5,False,10,10
5571,46,random,10,0.4658638535031847,0,32,None,66,1,5,False,10,10
5572,47,random,10,0.455015923566879,0,32,None,66,1,5,False,10,10
5573,48,random,10,0.4574044585987261,0,32,None,66,1,5,False,10,10
5574,49,random,10,0.4624800955414013,0,32,None,66,1,5,False,10,10
5575,45,random,10,0.353702229299363,0,11,None,66,1,5,False,10,10
5576,46,random,10,0.3556926751592357,0,11,None,66,1,5,False,10,10
5577,47,random,10,0.3945063694267516,0,11,None,66,1,5,False,10,10
5578,48,random,10,0.424562101910828,0,11,None,66,1,5,False,10,10
5579,49,random,10,0.4313296178343949,0,11,None,66,1,5,False,10,10
5580,45,random,10,0.421875,0,17,None,66,1,5,False,10,10
5581,46,random,10,0.4289410828025478,0,17,None,66,1,5,False,10,10
5582,47,random,10,0.4500398089171974,0,17,None,66,1,5,False,10,10
5583,48,random,10,0.4707404458598726,0,17,None,66,1,5,False,10,10
5584,49,random,10,0.4856687898089172,0,17,None,66,1,5,False,10,10
5585,45,random,10,0.4266520700636942,0,3,None,66,1,5,False,10,10
5586,46,random,10,0.4252587579617834,0,3,None,66,1,5,False,10,10
5587,47,random,10,0.4305334394904458,0,3,None,66,1,5,False,10,10
5588,48,random,10,0.4362062101910828,0,3,None,66,1,5,False,10,10
5589,49,random,10,0.440983280254777,0,3,None,66,1,5,False,10,10
5590,45,random,10,0.3845541401273885,0,24,None,66,1,5,False,10,10
5591,46,random,10,0.3855493630573248,0,24,None,66,1,5,False,10,10
5592,47,random,10,0.395203025477707,0,24,None,66,1,5,False,10,10
5593,48,random,10,0.4041600318471338,0,24,None,66,1,5,False,10,10
5594,49,random,10,0.416202229299363,0,24,None,66,1,5,False,10,10
5595,45,random,10,0.4548168789808917,0,7,None,66,1,5,False,10,10
5596,46,random,10,0.4469546178343949,0,7,None,66,1,5,False,10,10
5597,47,random,10,0.4580015923566879,0,7,None,66,1,5,False,10,10
5598,48,random,10,0.4712380573248407,0,7,None,66,1,5,False,10,10
5599,49,random,10,0.4823845541401274,0,7,None,66,1,5,False,10,10
5600,45,random,10,0.3551950636942675,0,8,None,66,1,5,False,10,10
5601,46,random,10,0.3651472929936306,0,8,None,66,1,5,False,10,10
5602,47,random,10,0.3938097133757962,0,8,None,66,1,5,False,10,10
5603,48,random,10,0.4379976114649681,0,8,None,66,1,5,False,10,10
5604,49,random,10,0.4563097133757962,0,8,None,66,1,5,False,10,10
5605,45,random,10,0.3530055732484076,0,16,None,66,1,5,False,10,10
5606,46,random,10,0.3577826433121019,0,16,None,66,1,5,False,10,10
5607,47,random,10,0.3652468152866242,0,16,None,66,1,5,False,10,10
5608,48,random,10,0.3994824840764331,0,16,None,66,1,5,False,10,10
5609,49,random,10,0.4205812101910828,0,16,None,66,1,5,False,10,10
5610,50,random,10,0.644406847133758,0,22,None,66,1,5,False,10,10
5611,51,random,10,0.6483877388535032,0,22,None,66,1,5,False,10,10
5612,52,random,10,0.6522691082802548,0,22,None,66,1,5,False,10,10
5613,53,random,10,0.6540605095541401,0,22,None,66,1,5,False,10,10
5614,54,random,10,0.6545581210191083,0,22,None,66,1,5,False,10,10
5615,50,random,10,0.6179339171974523,0,25,None,66,1,5,False,10,10
5616,51,random,10,0.6253980891719745,0,25,None,66,1,5,False,10,10
5617,52,random,10,0.6313694267515924,0,25,None,66,1,5,False,10,10
5618,53,random,10,0.6362460191082803,0,25,None,66,1,5,False,10,10
5619,54,random,10,0.6391321656050956,0,25,None,66,1,5,False,10,10
5620,50,random,10,0.4214769108280254,0,20,None,66,1,5,False,10,10
5621,51,random,10,0.4346138535031847,0,20,None,66,1,5,False,10,10
5622,52,random,10,0.4433718152866242,0,20,None,66,1,5,False,10,10
5623,53,random,10,0.4513335987261146,0,20,None,66,1,5,False,10,10
5624,54,random,10,0.4593949044585987,0,20,None,66,1,5,False,10,10
5625,50,random,10,0.4994028662420382,0,17,None,66,1,5,False,10,10
5626,51,random,10,0.5076632165605095,0,17,None,66,1,5,False,10,10
5627,52,random,10,0.5103503184713376,0,17,None,66,1,5,False,10,10
5628,53,random,10,0.5121417197452229,0,17,None,66,1,5,False,10,10
5629,54,random,10,0.5149283439490446,0,17,None,66,1,5,False,10,10
5630,50,random,10,0.475218949044586,0,32,None,66,1,5,False,10,10
5631,51,random,10,0.4847730891719745,0,32,None,66,1,5,False,10,10
5632,52,random,10,0.492734872611465,0,32,None,66,1,5,False,10,10
5633,53,random,10,0.4991042993630573,0,32,None,66,1,5,False,10,10
5634,54,random,10,0.5066679936305732,0,32,None,66,1,5,False,10,10
5635,50,random,10,0.4909434713375796,0,7,None,66,1,5,False,10,10
5636,51,random,10,0.5014928343949044,0,7,None,66,1,5,False,10,10
5637,52,random,10,0.5112460191082803,0,7,None,66,1,5,False,10,10
5638,53,random,10,0.5198049363057324,0,7,None,66,1,5,False,10,10
5639,54,random,10,0.5273686305732485,0,7,None,66,1,5,False,10,10
5640,50,random,10,0.4852707006369426,0,12,None,66,1,5,False,10,10
5641,51,random,10,0.4884554140127388,0,12,None,66,1,5,False,10,10
5642,52,random,10,0.4891520700636942,0,12,None,66,1,5,False,10,10
5643,53,random,10,0.4896496815286624,0,12,None,66,1,5,False,10,10
5644,54,random,10,0.4895501592356688,0,12,None,66,1,5,False,10,10
5645,50,random,10,0.6043988853503185,0,14,None,66,1,5,False,10,10
5646,51,random,10,0.6085788216560509,0,14,None,66,1,5,False,10,10
5647,52,random,10,0.6126592356687898,0,14,None,66,1,5,False,10,10
5648,53,random,10,0.6167396496815286,0,14,None,66,1,5,False,10,10
5649,54,random,10,0.6209195859872612,0,14,None,66,1,5,False,10,10
5650,50,random,10,0.5192078025477707,0,26,None,66,1,5,False,10,10
5651,51,random,10,0.5262738853503185,0,26,None,66,1,5,False,10,10
5652,52,random,10,0.5304538216560509,0,26,None,66,1,5,False,10,10
5653,53,random,10,0.5332404458598726,0,26,None,66,1,5,False,10,10
5654,54,random,10,0.5368232484076433,0,26,None,66,1,5,False,10,10
5655,50,random,10,0.4373009554140127,0,16,None,66,1,5,False,10,10
5656,51,random,10,0.4381966560509554,0,16,None,66,1,5,False,10,10
5657,52,random,10,0.4397890127388535,0,16,None,66,1,5,False,10,10
5658,53,random,10,0.440187101910828,0,16,None,66,1,5,False,10,10
5659,54,random,10,0.4405851910828025,0,16,None,66,1,5,False,10,10
5660,50,random,10,0.3922173566878981,0,1,None,66,1,5,False,10,10
5661,51,random,10,0.402468152866242,0,1,None,66,1,5,False,10,10
5662,52,random,10,0.4129179936305732,0,1,None,66,1,5,False,10,10
5663,53,random,10,0.421875,0,1,None,66,1,5,False,10,10
5664,54,random,10,0.4269506369426751,0,1,None,66,1,5,False,10,10
5665,50,random,10,0.4627786624203822,0,2,None,66,1,5,False,10,10
5666,51,random,10,0.4896496815286624,0,2,None,66,1,5,False,10,10
5667,52,random,10,0.5035828025477707,0,2,None,66,1,5,False,10,10
5668,53,random,10,0.5120421974522293,0,2,None,66,1,5,False,10,10
5669,54,random,10,0.518312101910828,0,2,None,66,1,5,False,10,10
5670,50,random,10,0.4661624203821656,0,5,None,66,1,5,False,10,10
5671,51,random,10,0.4782046178343949,0,5,None,66,1,5,False,10,10
5672,52,random,10,0.4823845541401274,0,5,None,66,1,5,False,10,10
5673,53,random,10,0.4881568471337579,0,5,None,66,1,5,False,10,10
5674,54,random,10,0.4929339171974522,0,5,None,66,1,5,False,10,10
5675,50,random,10,0.4377985668789809,0,8,None,66,1,5,False,10,10
5676,51,random,10,0.4735270700636942,0,8,None,66,1,5,False,10,10
5677,52,random,10,0.4893511146496815,0,8,None,66,1,5,False,10,10
5678,53,random,10,0.5023885350318471,0,8,None,66,1,5,False,10,10
5679,54,random,10,0.5153264331210191,0,8,None,66,1,5,False,10,10
5680,50,random,10,0.493531050955414,0,9,None,66,1,5,False,10,10
5681,51,random,10,0.5218949044585988,0,9,None,66,1,5,False,10,10
5682,52,random,10,0.5477707006369427,0,9,None,66,1,5,False,10,10
5683,53,random,10,0.5685708598726115,0,9,None,66,1,5,False,10,10
5684,54,random,10,0.5888734076433121,0,9,None,66,1,5,False,10,10
5685,50,random,10,0.4018710191082802,0,13,None,66,1,5,False,10,10
5686,51,random,10,0.4059514331210191,0,13,None,66,1,5,False,10,10
5687,52,random,10,0.4132165605095541,0,13,None,66,1,5,False,10,10
5688,53,random,10,0.4189888535031847,0,13,None,66,1,5,False,10,10
5689,54,random,10,0.4234673566878981,0,13,None,66,1,5,False,10,10
5690,50,random,10,0.4612858280254777,0,23,None,66,1,5,False,10,10
5691,51,random,10,0.460390127388535,0,23,None,66,1,5,False,10,10
5692,52,random,10,0.4662619426751592,0,23,None,66,1,5,False,10,10
5693,53,random,10,0.4725318471337579,0,23,None,66,1,5,False,10,10
5694,54,random,10,0.4847730891719745,0,23,None,66,1,5,False,10,10
5695,50,random,10,0.3872412420382166,0,28,None,66,1,5,False,10,10
5696,51,random,10,0.3935111464968153,0,28,None,66,1,5,False,10,10
5697,52,random,10,0.3995820063694267,0,28,None,66,1,5,False,10,10
5698,53,random,10,0.4066480891719745,0,28,None,66,1,5,False,10,10
5699,54,random,10,0.4131170382165605,0,28,None,66,1,5,False,10,10
5700,50,random,10,0.4887539808917197,0,29,None,66,1,5,False,10,10
5701,51,random,10,0.504578025477707,0,29,None,66,1,5,False,10,10
5702,52,random,10,0.5199044585987261,0,29,None,66,1,5,False,10,10
5703,53,random,10,0.5341361464968153,0,29,None,66,1,5,False,10,10
5704,54,random,10,0.5480692675159236,0,29,None,66,1,5,False,10,10
5705,50,random,10,0.5634952229299363,0,18,None,66,1,5,False,10,10
5706,51,random,10,0.5712579617834395,0,18,None,66,1,5,False,10,10
5707,52,random,10,0.5787221337579618,0,18,None,66,1,5,False,10,10
5708,53,random,10,0.5873805732484076,0,18,None,66,1,5,False,10,10
5709,54,random,10,0.5942476114649682,0,18,None,66,1,5,False,10,10
5710,50,random,10,0.458499203821656,0,31,None,66,1,5,False,10,10
5711,51,random,10,0.418093152866242,0,31,None,66,1,5,False,10,10
5712,52,random,10,0.4014729299363057,0,31,None,66,1,5,False,10,10
5713,53,random,10,0.4011743630573248,0,31,None,66,1,5,False,10,10
5714,54,random,10,0.4004777070063694,0,31,None,66,1,5,False,10,10
5715,50,random,10,0.4772093949044586,0,6,None,66,1,5,False,10,10
5716,51,random,10,0.4848726114649681,0,6,None,66,1,5,False,10,10
5717,52,random,10,0.4912420382165605,0,6,None,66,1,5,False,10,10
5718,53,random,10,0.4972133757961783,0,6,None,66,1,5,False,10,10
5719,54,random,10,0.5029856687898089,0,6,None,66,1,5,False,10,10
5720,50,random,10,0.4168988853503185,0,27,None,66,1,5,False,10,10
5721,51,random,10,0.4268511146496815,0,27,None,66,1,5,False,10,10
5722,52,random,10,0.4322253184713376,0,27,None,66,1,5,False,10,10
5723,53,random,10,0.4380971337579618,0,27,None,66,1,5,False,10,10
5724,54,random,10,0.4434713375796178,0,27,None,66,1,5,False,10,10
5725,50,random,10,0.3872412420382166,0,30,None,66,1,5,False,10,10
5726,51,random,10,0.4009753184713376,0,30,None,66,1,5,False,10,10
5727,52,random,10,0.4179936305732484,0,30,None,66,1,5,False,10,10
5728,53,random,10,0.4351114649681528,0,30,None,66,1,5,False,10,10
5729,54,random,10,0.4515326433121019,0,30,None,66,1,5,False,10,10
5730,50,random,10,0.4169984076433121,0,4,None,66,1,5,False,10,10
5731,51,random,10,0.422671178343949,0,4,None,66,1,5,False,10,10
5732,52,random,10,0.4303343949044586,0,4,None,66,1,5,False,10,10
5733,53,random,10,0.4371019108280254,0,4,None,66,1,5,False,10,10
5734,54,random,10,0.4453622611464968,0,4,None,66,1,5,False,10,10
5735,50,random,10,0.4434713375796178,0,3,None,66,1,5,False,10,10
5736,51,random,10,0.4481488853503185,0,3,None,66,1,5,False,10,10
5737,52,random,10,0.4551154458598726,0,3,None,66,1,5,False,10,10
5738,53,random,10,0.4621815286624204,0,3,None,66,1,5,False,10,10
5739,54,random,10,0.4702428343949044,0,3,None,66,1,5,False,10,10
5740,50,random,10,0.4610867834394904,0,10,None,66,1,5,False,10,10
5741,51,random,10,0.4620820063694267,0,10,None,66,1,5,False,10,10
5742,52,random,10,0.4659633757961783,0,10,None,66,1,5,False,10,10
5743,53,random,10,0.4690485668789809,0,10,None,66,1,5,False,10,10
5744,54,random,10,0.4718351910828025,0,10,None,66,1,5,False,10,10
5745,50,random,10,0.4368033439490446,0,11,None,66,1,5,False,10,10
5746,51,random,10,0.4398885350318471,0,11,None,66,1,5,False,10,10
5747,52,random,10,0.4435708598726114,0,11,None,66,1,5,False,10,10
5748,53,random,10,0.4481488853503185,0,11,None,66,1,5,False,10,10
5749,54,random,10,0.4570063694267516,0,11,None,66,1,5,False,10,10
5750,50,random,10,0.4818869426751592,0,15,None,66,1,5,False,10,10
5751,51,random,10,0.4892515923566879,0,15,None,66,1,5,False,10,10
5752,52,random,10,0.4947253184713376,0,15,None,66,1,5,False,10,10
5753,53,random,10,0.5009952229299363,0,15,None,66,1,5,False,10,10
5754,54,random,10,0.5081608280254777,0,15,None,66,1,5,False,10,10
5755,50,random,10,0.5756369426751592,0,19,None,66,1,5,False,10,10
5756,51,random,10,0.5870820063694268,0,19,None,66,1,5,False,10,10
5757,52,random,10,0.5942476114649682,0,19,None,66,1,5,False,10,10
5758,53,random,10,0.5962380573248408,0,19,None,66,1,5,False,10,10
5759,54,random,10,0.5962380573248408,0,19,None,66,1,5,False,10,10
5760,50,random,10,0.4289410828025478,0,21,None,66,1,5,False,10,10
5761,51,random,10,0.4358081210191082,0,21,None,66,1,5,False,10,10
5762,52,random,10,0.4430732484076433,0,21,None,66,1,5,False,10,10
5763,53,random,10,0.4476512738853503,0,21,None,66,1,5,False,10,10
5764,54,random,10,0.4552149681528662,0,21,None,66,1,5,False,10,10
5765,50,random,10,0.4372014331210191,0,0,None,66,1,5,False,10,10
5766,51,random,10,0.4451632165605095,0,0,None,66,1,5,False,10,10
5767,52,random,10,0.4541202229299363,0,0,None,66,1,5,False,10,10
5768,53,random,10,0.4644705414012738,0,0,None,66,1,5,False,10,10
5769,54,random,10,0.4728304140127388,0,0,None,66,1,5,False,10,10
5770,50,random,10,0.4132165605095541,0,24,None,66,1,5,False,10,10
5771,51,random,10,0.418093152866242,0,24,None,66,1,5,False,10,10
5772,52,random,10,0.4348128980891719,0,24,None,66,1,5,False,10,10
5773,53,random,10,0.4517316878980891,0,24,None,66,1,5,False,10,10
5774,54,random,10,0.4709394904458598,0,24,None,66,1,5,False,10,10
7590,55,random,10,0.4143113057324841,0,1,None,66,1,5,False,10,10
7591,56,random,10,0.4251592356687898,0,1,None,66,1,5,False,10,10
7592,57,random,10,0.4348128980891719,0,1,None,66,1,5,False,10,10
7593,58,random,10,0.4455613057324841,0,1,None,66,1,5,False,10,10
7594,59,random,10,0.4528264331210191,0,1,None,66,1,5,False,10,10
7595,55,random,10,0.5321457006369427,0,2,None,66,1,5,False,10,10
7596,56,random,10,0.535031847133758,0,2,None,66,1,5,False,10,10
7597,57,random,10,0.5376194267515924,0,2,None,66,1,5,False,10,10
7598,58,random,10,0.5384156050955414,0,2,None,66,1,5,False,10,10
7599,59,random,10,0.5393113057324841,0,2,None,66,1,5,False,10,10
7600,55,random,10,0.5160230891719745,0,5,None,66,1,5,False,10,10
7601,56,random,10,0.5258757961783439,0,5,None,66,1,5,False,10,10
7602,57,random,10,0.5332404458598726,0,5,None,66,1,5,False,10,10
7603,58,random,10,0.5368232484076433,0,5,None,66,1,5,False,10,10
7604,59,random,10,0.5442874203821656,0,5,None,66,1,5,False,10,10
7605,55,random,10,0.4171974522292994,0,13,None,66,1,5,False,10,10
7606,56,random,10,0.4254578025477707,0,13,None,66,1,5,False,10,10
7607,57,random,10,0.4332205414012738,0,13,None,66,1,5,False,10,10
7608,58,random,10,0.4416799363057325,0,13,None,66,1,5,False,10,10
7609,59,random,10,0.4507364649681528,0,13,None,66,1,5,False,10,10
7610,55,random,10,0.4538216560509554,0,16,None,66,1,5,False,10,10
7611,56,random,10,0.4562101910828025,0,16,None,66,1,5,False,10,10
7612,57,random,10,0.4588972929936306,0,16,None,66,1,5,False,10,10
7613,58,random,10,0.4651671974522293,0,16,None,66,1,5,False,10,10
7614,59,random,10,0.4726313694267516,0,16,None,66,1,5,False,10,10
7615,55,random,10,0.5039808917197452,0,8,None,66,1,5,False,10,10
7616,56,random,10,0.5180135350318471,0,8,None,66,1,5,False,10,10
7617,57,random,10,0.5306528662420382,0,8,None,66,1,5,False,10,10
7618,58,random,10,0.5413017515923567,0,8,None,66,1,5,False,10,10
7619,59,random,10,0.5515525477707006,0,8,None,66,1,5,False,10,10
7620,55,random,10,0.4588972929936306,0,20,None,66,1,5,False,10,10
7621,56,random,10,0.4704418789808917,0,20,None,66,1,5,False,10,10
7622,57,random,10,0.4800955414012738,0,20,None,66,1,5,False,10,10
7623,58,random,10,0.4887539808917197,0,20,None,66,1,5,False,10,10
7624,59,random,10,0.4979100318471338,0,20,None,66,1,5,False,10,10
7625,55,random,10,0.5810111464968153,0,19,None,66,1,5,False,10,10
7626,56,random,10,0.5916600318471338,0,19,None,66,1,5,False,10,10
7627,57,random,10,0.5979299363057324,0,19,None,66,1,5,False,10,10
7628,58,random,10,0.5968351910828026,0,19,None,66,1,5,False,10,10
7629,59,random,10,0.59375,0,19,None,66,1,5,False,10,10
7630,55,random,10,0.6565485668789809,0,22,None,66,1,5,False,10,10
7631,56,random,10,0.6588375796178344,0,22,None,66,1,5,False,10,10
7632,57,random,10,0.6610270700636943,0,22,None,66,1,5,False,10,10
7633,58,random,10,0.6617237261146497,0,22,None,66,1,5,False,10,10
7634,59,random,10,0.6625199044585988,0,22,None,66,1,5,False,10,10
7635,55,random,10,0.5543391719745223,0,14,None,66,1,5,False,10,10
7636,56,random,10,0.5632961783439491,0,14,None,66,1,5,False,10,10
7637,57,random,10,0.5704617834394905,0,14,None,66,1,5,False,10,10
7638,58,random,10,0.5773288216560509,0,14,None,66,1,5,False,10,10
7639,59,random,10,0.5836982484076433,0,14,None,66,1,5,False,10,10
7640,55,random,10,0.5028861464968153,0,23,None,66,1,5,False,10,10
7641,56,random,10,0.5132364649681529,0,23,None,66,1,5,False,10,10
7642,57,random,10,0.5283638535031847,0,23,None,66,1,5,False,10,10
7643,58,random,10,0.541202229299363,0,23,None,66,1,5,False,10,10
7644,59,random,10,0.5543391719745223,0,23,None,66,1,5,False,10,10
7645,55,random,10,0.4430732484076433,0,21,None,66,1,5,False,10,10
7646,56,random,10,0.4481488853503185,0,21,None,66,1,5,False,10,10
7647,57,random,10,0.455015923566879,0,21,None,66,1,5,False,10,10
7648,58,random,10,0.4604896496815286,0,21,None,66,1,5,False,10,10
7649,59,random,10,0.4682523885350318,0,21,None,66,1,5,False,10,10
7650,55,random,10,0.578125,0,25,None,66,1,5,False,10,10
7651,56,random,10,0.5850915605095541,0,25,None,66,1,5,False,10,10
7652,57,random,10,0.5939490445859873,0,25,None,66,1,5,False,10,10
7653,58,random,10,0.6019108280254777,0,25,None,66,1,5,False,10,10
7654,59,random,10,0.6094745222929936,0,25,None,66,1,5,False,10,10
7655,55,random,10,0.53234474522293,0,26,None,66,1,5,False,10,10
7656,56,random,10,0.5374203821656051,0,26,None,66,1,5,False,10,10
7657,57,random,10,0.5419984076433121,0,26,None,66,1,5,False,10,10
7658,58,random,10,0.5452826433121019,0,26,None,66,1,5,False,10,10
7659,59,random,10,0.548765923566879,0,26,None,66,1,5,False,10,10
7660,55,random,10,0.5007961783439491,0,12,None,66,1,5,False,10,10
7661,56,random,10,0.5011942675159236,0,12,None,66,1,5,False,10,10
7662,57,random,10,0.5014928343949044,0,12,None,66,1,5,False,10,10
7663,58,random,10,0.5036823248407644,0,12,None,66,1,5,False,10,10
7664,59,random,10,0.5029856687898089,0,12,None,66,1,5,False,10,10
7665,55,random,10,0.4057523885350318,0,28,None,66,1,5,False,10,10
7666,56,random,10,0.4122213375796178,0,28,None,66,1,5,False,10,10
7667,57,random,10,0.4190883757961783,0,28,None,66,1,5,False,10,10
7668,58,random,10,0.4259554140127388,0,28,None,66,1,5,False,10,10
7669,59,random,10,0.4300358280254777,0,28,None,66,1,5,False,10,10
7670,55,random,10,0.5328423566878981,0,9,None,66,1,5,False,10,10
7671,56,random,10,0.556031050955414,0,9,None,66,1,5,False,10,10
7672,57,random,10,0.5787221337579618,0,9,None,66,1,5,False,10,10
7673,58,random,10,0.5939490445859873,0,9,None,66,1,5,False,10,10
7674,59,random,10,0.6028065286624203,0,9,None,66,1,5,False,10,10
7675,55,random,10,0.5030851910828026,0,29,None,66,1,5,False,10,10
7676,56,random,10,0.5174164012738853,0,29,None,66,1,5,False,10,10
7677,57,random,10,0.5302547770700637,0,29,None,66,1,5,False,10,10
7678,58,random,10,0.5426950636942676,0,29,None,66,1,5,False,10,10
7679,59,random,10,0.5518511146496815,0,29,None,66,1,5,False,10,10
7680,55,random,10,0.4848726114649681,0,0,None,66,1,5,False,10,10
7681,56,random,10,0.4884554140127388,0,0,None,66,1,5,False,10,10
7682,57,random,10,0.4923367834394904,0,0,None,66,1,5,False,10,10
7683,58,random,10,0.4961186305732484,0,0,None,66,1,5,False,10,10
7684,59,random,10,0.5001990445859873,0,0,None,66,1,5,False,10,10
7685,55,random,10,0.4546178343949044,0,30,None,66,1,5,False,10,10
7686,56,random,10,0.4599920382165605,0,30,None,66,1,5,False,10,10
7687,57,random,10,0.4638734076433121,0,30,None,66,1,5,False,10,10
7688,58,random,10,0.4685509554140127,0,30,None,66,1,5,False,10,10
7689,59,random,10,0.473328025477707,0,30,None,66,1,5,False,10,10
7690,55,random,10,0.4833797770700637,0,6,None,66,1,5,False,10,10
7691,56,random,10,0.488953025477707,0,6,None,66,1,5,False,10,10
7692,57,random,10,0.4937300955414013,0,6,None,66,1,5,False,10,10
7693,58,random,10,0.4990047770700637,0,6,None,66,1,5,False,10,10
7694,59,random,10,0.5039808917197452,0,6,None,66,1,5,False,10,10
7695,55,random,10,0.6032046178343949,0,18,None,66,1,5,False,10,10
7696,56,random,10,0.60828025477707,0,18,None,66,1,5,False,10,10
7697,57,random,10,0.6109673566878981,0,18,None,66,1,5,False,10,10
7698,58,random,10,0.6149482484076433,0,18,None,66,1,5,False,10,10
7699,59,random,10,0.6154458598726115,0,18,None,66,1,5,False,10,10
7700,55,random,10,0.4670581210191082,0,27,None,66,1,5,False,10,10
7701,56,random,10,0.4750199044585987,0,27,None,66,1,5,False,10,10
7702,57,random,10,0.4803941082802547,0,27,None,66,1,5,False,10,10
7703,58,random,10,0.4869625796178344,0,27,None,66,1,5,False,10,10
7704,59,random,10,0.4923367834394904,0,27,None,66,1,5,False,10,10
7705,55,random,10,0.3993829617834395,0,31,None,66,1,5,False,10,10
7706,56,random,10,0.3998805732484076,0,31,None,66,1,5,False,10,10
7707,57,random,10,0.4014729299363057,0,31,None,66,1,5,False,10,10
7708,58,random,10,0.404359076433121,0,31,None,66,1,5,False,10,10
7709,59,random,10,0.407046178343949,0,31,None,66,1,5,False,10,10
7710,55,random,10,0.5321457006369427,0,7,None,66,1,5,False,10,10
7711,56,random,10,0.5402070063694268,0,7,None,66,1,5,False,10,10
7712,57,random,10,0.5445859872611465,0,7,None,66,1,5,False,10,10
7713,58,random,10,0.5486664012738853,0,7,None,66,1,5,False,10,10
7714,59,random,10,0.5511544585987261,0,7,None,66,1,5,False,10,10
7715,55,random,10,0.4637738853503185,0,4,None,66,1,5,False,10,10
7716,56,random,10,0.4715366242038216,0,4,None,66,1,5,False,10,10
7717,57,random,10,0.4802945859872611,0,4,None,66,1,5,False,10,10
7718,58,random,10,0.4884554140127388,0,4,None,66,1,5,False,10,10
7719,59,random,10,0.4982085987261146,0,4,None,66,1,5,False,10,10
7720,55,random,10,0.5264729299363057,0,32,None,66,1,5,False,10,10
7721,56,random,10,0.5337380573248408,0,32,None,66,1,5,False,10,10
7722,57,random,10,0.540406050955414,0,32,None,66,1,5,False,10,10
7723,58,random,10,0.5465764331210191,0,32,None,66,1,5,False,10,10
7724,59,random,10,0.5515525477707006,0,32,None,66,1,5,False,10,10
7725,55,random,10,0.4768113057324841,0,10,None,66,1,5,False,10,10
7726,56,random,10,0.4804936305732484,0,10,None,66,1,5,False,10,10
7727,57,random,10,0.4833797770700637,0,10,None,66,1,5,False,10,10
7728,58,random,10,0.4882563694267516,0,10,None,66,1,5,False,10,10
7729,59,random,10,0.4917396496815286,0,10,None,66,1,5,False,10,10
7730,55,random,10,0.5138335987261147,0,15,None,66,1,5,False,10,10
7731,56,random,10,0.5186106687898089,0,15,None,66,1,5,False,10,10
7732,57,random,10,0.5237858280254777,0,15,None,66,1,5,False,10,10
7733,58,random,10,0.5307523885350318,0,15,None,66,1,5,False,10,10
7734,59,random,10,0.5381170382165605,0,15,None,66,1,5,False,10,10
7735,55,random,10,0.4753184713375796,0,3,None,66,1,5,False,10,10
7736,56,random,10,0.4823845541401274,0,3,None,66,1,5,False,10,10
7737,57,random,10,0.4907444267515923,0,3,None,66,1,5,False,10,10
7738,58,random,10,0.4960191082802547,0,3,None,66,1,5,False,10,10
7739,59,random,10,0.503781847133758,0,3,None,66,1,5,False,10,10
7740,55,random,10,0.4555135350318471,0,11,None,66,1,5,False,10,10
7741,56,random,10,0.4661624203821656,0,11,None,66,1,5,False,10,10
7742,57,random,10,0.4750199044585987,0,11,None,66,1,5,False,10,10
7743,58,random,10,0.4831807324840764,0,11,None,66,1,5,False,10,10
7744,59,random,10,0.4859673566878981,0,11,None,66,1,5,False,10,10
7745,55,random,10,0.5172173566878981,0,17,None,66,1,5,False,10,10
7746,56,random,10,0.5197054140127388,0,17,None,66,1,5,False,10,10
7747,57,random,10,0.5208996815286624,0,17,None,66,1,5,False,10,10
7748,58,random,10,0.5229896496815286,0,17,None,66,1,5,False,10,10
7749,59,random,10,0.525577229299363,0,17,None,66,1,5,False,10,10
7750,55,random,10,0.4709394904458598,0,24,None,66,1,5,False,10,10
7751,56,random,10,0.486265923566879,0,24,None,66,1,5,False,10,10
7752,57,random,10,0.5033837579617835,0,24,None,66,1,5,False,10,10
7753,58,random,10,0.5122412420382165,0,24,None,66,1,5,False,10,10
7754,59,random,10,0.5235867834394905,0,24,None,66,1,5,False,10,10
7755,60,random,10,0.5529458598726115,0,7,None,66,1,5,False,10,10
7756,61,random,10,0.5573248407643312,0,7,None,66,1,5,False,10,10
7757,62,random,10,0.56140525477707,0,7,None,66,1,5,False,10,10
7758,63,random,10,0.5654856687898089,0,7,None,66,1,5,False,10,10
7759,64,random,10,0.5714570063694268,0,7,None,66,1,5,False,10,10
7760,60,random,10,0.5586186305732485,0,32,None,66,1,5,False,10,10
7761,61,random,10,0.5625995222929936,0,32,None,66,1,5,False,10,10
7762,62,random,10,0.5679737261146497,0,32,None,66,1,5,False,10,10
7763,63,random,10,0.5750398089171974,0,32,None,66,1,5,False,10,10
7764,64,random,10,0.5803144904458599,0,32,None,66,1,5,False,10,10
7765,60,random,10,0.5047770700636943,0,20,None,66,1,5,False,10,10
7766,61,random,10,0.5144307324840764,0,20,None,66,1,5,False,10,10
7767,62,random,10,0.5233877388535032,0,20,None,66,1,5,False,10,10
7768,63,random,10,0.5298566878980892,0,20,None,66,1,5,False,10,10
7769,64,random,10,0.535031847133758,0,20,None,66,1,5,False,10,10
7770,60,random,10,0.663515127388535,0,22,None,66,1,5,False,10,10
7771,61,random,10,0.665406050955414,0,22,None,66,1,5,False,10,10
7772,62,random,10,0.6678941082802548,0,22,None,66,1,5,False,10,10
7773,63,random,10,0.6693869426751592,0,22,None,66,1,5,False,10,10
7774,64,random,10,0.6710788216560509,0,22,None,66,1,5,False,10,10
7775,60,random,10,0.5656847133757962,0,23,None,66,1,5,False,10,10
7776,61,random,10,0.5766321656050956,0,23,None,66,1,5,False,10,10
7777,62,random,10,0.5866839171974523,0,23,None,66,1,5,False,10,10
7778,63,random,10,0.5967356687898089,0,23,None,66,1,5,False,10,10
7779,64,random,10,0.6015127388535032,0,23,None,66,1,5,False,10,10
7780,60,random,10,0.5447850318471338,0,15,None,66,1,5,False,10,10
7781,61,random,10,0.5527468152866242,0,15,None,66,1,5,False,10,10
7782,62,random,10,0.5582205414012739,0,15,None,66,1,5,False,10,10
7783,63,random,10,0.5677746815286624,0,15,None,66,1,5,False,10,10
7784,64,random,10,0.5756369426751592,0,15,None,66,1,5,False,10,10
7785,60,random,10,0.491640127388535,0,10,None,66,1,5,False,10,10
7786,61,random,10,0.4968152866242038,0,10,None,66,1,5,False,10,10
7787,62,random,10,0.4984076433121019,0,10,None,66,1,5,False,10,10
7788,63,random,10,0.5000995222929936,0,10,None,66,1,5,False,10,10
7789,64,random,10,0.5060708598726115,0,10,None,66,1,5,False,10,10
7790,60,random,10,0.5397093949044586,0,2,None,66,1,5,False,10,10
7791,61,random,10,0.5402070063694268,0,2,None,66,1,5,False,10,10
7792,62,random,10,0.542296974522293,0,2,None,66,1,5,False,10,10
7793,63,random,10,0.5429936305732485,0,2,None,66,1,5,False,10,10
7794,64,random,10,0.5440883757961783,0,2,None,66,1,5,False,10,10
7795,60,random,10,0.6203224522292994,0,9,None,66,1,5,False,10,10
7796,61,random,10,0.6244028662420382,0,9,None,66,1,5,False,10,10
7797,62,random,10,0.6291799363057324,0,9,None,66,1,5,False,10,10
7798,63,random,10,0.6335589171974523,0,9,None,66,1,5,False,10,10
7799,64,random,10,0.636843152866242,0,9,None,66,1,5,False,10,10
7800,60,random,10,0.6071855095541401,0,14,None,66,1,5,False,10,10
7801,61,random,10,0.6129578025477707,0,14,None,66,1,5,False,10,10
7802,62,random,10,0.6173367834394905,0,14,None,66,1,5,False,10,10
7803,63,random,10,0.6211186305732485,0,14,None,66,1,5,False,10,10
7804,64,random,10,0.6256966560509554,0,14,None,66,1,5,False,10,10
7805,60,random,10,0.5878781847133758,0,29,None,66,1,5,False,10,10
7806,61,random,10,0.5908638535031847,0,29,None,66,1,5,False,10,10
7807,62,random,10,0.5950437898089171,0,29,None,66,1,5,False,10,10
7808,63,random,10,0.5976313694267515,0,29,None,66,1,5,False,10,10
7809,64,random,10,0.6003184713375797,0,29,None,66,1,5,False,10,10
7810,60,random,10,0.6073845541401274,0,25,None,66,1,5,False,10,10
7811,61,random,10,0.6153463375796179,0,25,None,66,1,5,False,10,10
7812,62,random,10,0.6222133757961783,0,25,None,66,1,5,False,10,10
7813,63,random,10,0.625,0,25,None,66,1,5,False,10,10
7814,64,random,10,0.6296775477707006,0,25,None,66,1,5,False,10,10
7815,60,random,10,0.5498606687898089,0,26,None,66,1,5,False,10,10
7816,61,random,10,0.5524482484076433,0,26,None,66,1,5,False,10,10
7817,62,random,10,0.5550358280254777,0,26,None,66,1,5,False,10,10
7818,63,random,10,0.5633957006369427,0,26,None,66,1,5,False,10,10
7819,64,random,10,0.5763335987261147,0,26,None,66,1,5,False,10,10
7820,60,random,10,0.4768113057324841,0,11,None,66,1,5,False,10,10
7821,61,random,10,0.4834792993630573,0,11,None,66,1,5,False,10,10
7822,62,random,10,0.4888535031847134,0,11,None,66,1,5,False,10,10
7823,63,random,10,0.4910429936305732,0,11,None,66,1,5,False,10,10
7824,64,random,10,0.4952229299363057,0,11,None,66,1,5,False,10,10
7825,60,random,10,0.435609076433121,0,28,None,66,1,5,False,10,10
7826,61,random,10,0.4417794585987261,0,28,None,66,1,5,False,10,10
7827,62,random,10,0.4504378980891719,0,28,None,66,1,5,False,10,10
7828,63,random,10,0.4601910828025478,0,28,None,66,1,5,False,10,10
7829,64,random,10,0.4711385350318471,0,28,None,66,1,5,False,10,10
7830,60,random,10,0.5287619426751592,0,17,None,66,1,5,False,10,10
7831,61,random,10,0.5316480891719745,0,17,None,66,1,5,False,10,10
7832,62,random,10,0.5364251592356688,0,17,None,66,1,5,False,10,10
7833,63,random,10,0.5406050955414012,0,17,None,66,1,5,False,10,10
7834,64,random,10,0.5450835987261147,0,17,None,66,1,5,False,10,10
7835,60,random,10,0.4767117834394904,0,21,None,66,1,5,False,10,10
7836,61,random,10,0.4815883757961783,0,21,None,66,1,5,False,10,10
7837,62,random,10,0.4911425159235669,0,21,None,66,1,5,False,10,10
7838,63,random,10,0.4988057324840764,0,21,None,66,1,5,False,10,10
7839,64,random,10,0.5041799363057324,0,21,None,66,1,5,False,10,10
7840,60,random,10,0.5275676751592356,0,24,None,66,1,5,False,10,10
7841,61,random,10,0.5380175159235668,0,24,None,66,1,5,False,10,10
7842,62,random,10,0.5462778662420382,0,24,None,66,1,5,False,10,10
7843,63,random,10,0.5509554140127388,0,24,None,66,1,5,False,10,10
7844,64,random,10,0.556031050955414,0,24,None,66,1,5,False,10,10
7845,60,random,10,0.4988057324840764,0,27,None,66,1,5,False,10,10
7846,61,random,10,0.5036823248407644,0,27,None,66,1,5,False,10,10
7847,62,random,10,0.5090565286624203,0,27,None,66,1,5,False,10,10
7848,63,random,10,0.5141321656050956,0,27,None,66,1,5,False,10,10
7849,64,random,10,0.5193073248407644,0,27,None,66,1,5,False,10,10
7850,60,random,10,0.413515127388535,0,31,None,66,1,5,False,10,10
7851,61,random,10,0.4178941082802547,0,31,None,66,1,5,False,10,10
7852,62,random,10,0.4209792993630573,0,31,None,66,1,5,False,10,10
7853,63,random,10,0.4213773885350318,0,31,None,66,1,5,False,10,10
7854,64,random,10,0.422671178343949,0,31,None,66,1,5,False,10,10
7855,60,random,10,0.4654657643312102,0,30,None,66,1,5,False,10,10
7856,61,random,10,0.4689490445859872,0,30,None,66,1,5,False,10,10
7857,62,random,10,0.4721337579617834,0,30,None,66,1,5,False,10,10
7858,63,random,10,0.4764132165605095,0,30,None,66,1,5,False,10,10
7859,64,random,10,0.4825835987261146,0,30,None,66,1,5,False,10,10
7860,60,random,10,0.4607882165605095,0,1,None,66,1,5,False,10,10
7861,61,random,10,0.4669585987261146,0,1,None,66,1,5,False,10,10
7862,62,random,10,0.4702428343949044,0,1,None,66,1,5,False,10,10
7863,63,random,10,0.4750199044585987,0,1,None,66,1,5,False,10,10
7864,64,random,10,0.4784036624203822,0,1,None,66,1,5,False,10,10
7865,60,random,10,0.5617038216560509,0,8,None,66,1,5,False,10,10
7866,61,random,10,0.5709593949044586,0,8,None,66,1,5,False,10,10
7867,62,random,10,0.5771297770700637,0,8,None,66,1,5,False,10,10
7868,63,random,10,0.5813097133757962,0,8,None,66,1,5,False,10,10
7869,64,random,10,0.5855891719745223,0,8,None,66,1,5,False,10,10
7870,60,random,10,0.5677746815286624,0,4,None,66,1,5,False,10,10
7871,61,random,10,0.5739450636942676,0,4,None,66,1,5,False,10,10
7872,62,random,10,0.5797173566878981,0,4,None,66,1,5,False,10,10
7873,63,random,10,0.5847929936305732,0,4,None,66,1,5,False,10,10
7874,64,random,10,0.5903662420382165,0,4,None,66,1,5,False,10,10
7875,60,random,10,0.4868630573248407,0,16,None,66,1,5,False,10,10
7876,61,random,10,0.4969148089171974,0,16,None,66,1,5,False,10,10
7877,62,random,10,0.5107484076433121,0,16,None,66,1,5,False,10,10
7878,63,random,10,0.5283638535031847,0,16,None,66,1,5,False,10,10
7879,64,random,10,0.5455812101910829,0,16,None,66,1,5,False,10,10
7880,60,random,10,0.5188097133757962,0,19,None,66,1,5,False,10,10
7881,61,random,10,0.5302547770700637,0,19,None,66,1,5,False,10,10
7882,62,random,10,0.5397093949044586,0,19,None,66,1,5,False,10,10
7883,63,random,10,0.5485668789808917,0,19,None,66,1,5,False,10,10
7884,64,random,10,0.5580214968152867,0,19,None,66,1,5,False,10,10
7885,60,random,10,0.5392117834394905,0,18,None,66,1,5,False,10,10
7886,61,random,10,0.5476711783439491,0,18,None,66,1,5,False,10,10
7887,62,random,10,0.5547372611464968,0,18,None,66,1,5,False,10,10
7888,63,random,10,0.5604100318471338,0,18,None,66,1,5,False,10,10
7889,64,random,10,0.567078025477707,0,18,None,66,1,5,False,10,10
7890,60,random,10,0.5684713375796179,0,5,None,66,1,5,False,10,10
7891,61,random,10,0.5750398089171974,0,5,None,66,1,5,False,10,10
7892,62,random,10,0.5817078025477707,0,5,None,66,1,5,False,10,10
7893,63,random,10,0.5883757961783439,0,5,None,66,1,5,False,10,10
7894,64,random,10,0.5919585987261147,0,5,None,66,1,5,False,10,10
7895,60,random,10,0.5211982484076433,0,3,None,66,1,5,False,10,10
7896,61,random,10,0.5284633757961783,0,3,None,66,1,5,False,10,10
7897,62,random,10,0.5356289808917197,0,3,None,66,1,5,False,10,10
7898,63,random,10,0.5416003184713376,0,3,None,66,1,5,False,10,10
7899,64,random,10,0.5477707006369427,0,3,None,66,1,5,False,10,10
7900,60,random,10,0.4901472929936306,0,6,None,66,1,5,False,10,10
7901,61,random,10,0.4955214968152866,0,6,None,66,1,5,False,10,10
7902,62,random,10,0.4994028662420382,0,6,None,66,1,5,False,10,10
7903,63,random,10,0.5036823248407644,0,6,None,66,1,5,False,10,10
7904,64,random,10,0.508359872611465,0,6,None,66,1,5,False,10,10
7905,60,random,10,0.6296775477707006,0,12,None,66,1,5,False,10,10
7906,61,random,10,0.6321656050955414,0,12,None,66,1,5,False,10,10
7907,62,random,10,0.636843152866242,0,12,None,66,1,5,False,10,10
7908,63,random,10,0.6412221337579618,0,12,None,66,1,5,False,10,10
7909,64,random,10,0.6429140127388535,0,12,None,66,1,5,False,10,10
7910,60,random,10,0.5000995222929936,0,0,None,66,1,5,False,10,10
7911,61,random,10,0.502687101910828,0,0,None,66,1,5,False,10,10
7912,62,random,10,0.5062699044585988,0,0,None,66,1,5,False,10,10
7913,63,random,10,0.5149283439490446,0,0,None,66,1,5,False,10,10
7914,64,random,10,0.5213972929936306,0,0,None,66,1,5,False,10,10
7915,60,random,10,0.4637738853503185,0,13,None,66,1,5,False,10,10
7916,61,random,10,0.4755175159235669,0,13,None,66,1,5,False,10,10
7917,62,random,10,0.4875597133757962,0,13,None,66,1,5,False,10,10
7918,63,random,10,0.5012937898089171,0,13,None,66,1,5,False,10,10
7919,64,random,10,0.5111464968152867,0,13,None,66,1,5,False,10,10
10065,65,random,10,0.5410031847133758,0,2,None,66,1,5,False,10,10
10066,66,random,10,0.5419984076433121,0,2,None,66,1,5,False,10,10
10067,67,random,10,0.5426950636942676,0,2,None,66,1,5,False,10,10
10068,68,random,10,0.5436902866242038,0,2,None,66,1,5,False,10,10
10069,69,random,10,0.544984076433121,0,2,None,66,1,5,False,10,10
10070,65,random,10,0.572452229299363,0,5,None,66,1,5,False,10,10
10071,66,random,10,0.5805135350318471,0,5,None,66,1,5,False,10,10
10072,67,random,10,0.5861863057324841,0,5,None,66,1,5,False,10,10
10073,68,random,10,0.5914609872611465,0,5,None,66,1,5,False,10,10
10074,69,random,10,0.5962380573248408,0,5,None,66,1,5,False,10,10
10075,65,random,10,0.5248805732484076,0,13,None,66,1,5,False,10,10
10076,66,random,10,0.535031847133758,0,13,None,66,1,5,False,10,10
10077,67,random,10,0.5454816878980892,0,13,None,66,1,5,False,10,10
10078,68,random,10,0.5537420382165605,0,13,None,66,1,5,False,10,10
10079,69,random,10,0.5619028662420382,0,13,None,66,1,5,False,10,10
10080,65,random,10,0.5826035031847133,0,15,None,66,1,5,False,10,10
10081,66,random,10,0.5890724522292994,0,15,None,66,1,5,False,10,10
10082,67,random,10,0.5967356687898089,0,15,None,66,1,5,False,10,10
10083,68,random,10,0.602109872611465,0,15,None,66,1,5,False,10,10
10084,69,random,10,0.6087778662420382,0,15,None,66,1,5,False,10,10
10085,65,random,10,0.5623009554140127,0,16,None,66,1,5,False,10,10
10086,66,random,10,0.5713574840764332,0,16,None,66,1,5,False,10,10
10087,67,random,10,0.57703025477707,0,16,None,66,1,5,False,10,10
10088,68,random,10,0.5824044585987261,0,16,None,66,1,5,False,10,10
10089,69,random,10,0.586484872611465,0,16,None,66,1,5,False,10,10
10090,65,random,10,0.5009952229299363,0,11,None,66,1,5,False,10,10
10091,66,random,10,0.505672770700637,0,11,None,66,1,5,False,10,10
10092,67,random,10,0.5095541401273885,0,11,None,66,1,5,False,10,10
10093,68,random,10,0.5160230891719745,0,11,None,66,1,5,False,10,10
10094,69,random,10,0.5215963375796179,0,11,None,66,1,5,False,10,10
10095,65,random,10,0.6282842356687898,0,14,None,66,1,5,False,10,10
10096,66,random,10,0.6320660828025477,0,14,None,66,1,5,False,10,10
10097,67,random,10,0.6347531847133758,0,14,None,66,1,5,False,10,10
10098,68,random,10,0.6378383757961783,0,14,None,66,1,5,False,10,10
10099,69,random,10,0.6394307324840764,0,14,None,66,1,5,False,10,10
10100,65,random,10,0.5489649681528662,0,17,None,66,1,5,False,10,10
10101,66,random,10,0.5543391719745223,0,17,None,66,1,5,False,10,10
10102,67,random,10,0.5589171974522293,0,17,None,66,1,5,False,10,10
10103,68,random,10,0.5636942675159236,0,17,None,66,1,5,False,10,10
10104,69,random,10,0.5660828025477707,0,17,None,66,1,5,False,10,10
10105,65,random,10,0.6323646496815286,0,25,None,66,1,5,False,10,10
10106,66,random,10,0.6367436305732485,0,25,None,66,1,5,False,10,10
10107,67,random,10,0.6409235668789809,0,25,None,66,1,5,False,10,10
10108,68,random,10,0.6447054140127388,0,25,None,66,1,5,False,10,10
10109,69,random,10,0.6474920382165605,0,25,None,66,1,5,False,10,10
10110,65,random,10,0.5610071656050956,0,26,None,66,1,5,False,10,10
10111,66,random,10,0.5717555732484076,0,26,None,66,1,5,False,10,10
10112,67,random,10,0.5840963375796179,0,26,None,66,1,5,False,10,10
10113,68,random,10,0.5942476114649682,0,26,None,66,1,5,False,10,10
10114,69,random,10,0.603702229299363,0,26,None,66,1,5,False,10,10
10115,65,random,10,0.6482882165605095,0,12,None,66,1,5,False,10,10
10116,66,random,10,0.6513734076433121,0,12,None,66,1,5,False,10,10
10117,67,random,10,0.6545581210191083,0,12,None,66,1,5,False,10,10
10118,68,random,10,0.65734474522293,0,12,None,66,1,5,False,10,10
10119,69,random,10,0.6611265923566879,0,12,None,66,1,5,False,10,10
10120,65,random,10,0.5574243630573248,0,24,None,66,1,5,False,10,10
10121,66,random,10,0.5639928343949044,0,24,None,66,1,5,False,10,10
10122,67,random,10,0.5713574840764332,0,24,None,66,1,5,False,10,10
10123,68,random,10,0.5783240445859873,0,24,None,66,1,5,False,10,10
10124,69,random,10,0.5833996815286624,0,24,None,66,1,5,False,10,10
10125,65,random,10,0.4849721337579618,0,28,None,66,1,5,False,10,10
10126,66,random,10,0.4946257961783439,0,28,None,66,1,5,False,10,10
10127,67,random,10,0.5017914012738853,0,28,None,66,1,5,False,10,10
10128,68,random,10,0.5119426751592356,0,28,None,66,1,5,False,10,10
10129,69,random,10,0.521297770700637,0,28,None,66,1,5,False,10,10
10130,65,random,10,0.6038017515923567,0,29,None,66,1,5,False,10,10
10131,66,random,10,0.6054936305732485,0,29,None,66,1,5,False,10,10
10132,67,random,10,0.6072850318471338,0,29,None,66,1,5,False,10,10
10133,68,random,10,0.6088773885350318,0,29,None,66,1,5,False,10,10
10134,69,random,10,0.611265923566879,0,29,None,66,1,5,False,10,10
10135,65,random,10,0.6392316878980892,0,9,None,66,1,5,False,10,10
10136,66,random,10,0.6415207006369427,0,9,None,66,1,5,False,10,10
10137,67,random,10,0.6451035031847133,0,9,None,66,1,5,False,10,10
10138,68,random,10,0.6468949044585988,0,9,None,66,1,5,False,10,10
10139,69,random,10,0.6486863057324841,0,9,None,66,1,5,False,10,10
10140,65,random,10,0.48328025477707,0,30,None,66,1,5,False,10,10
10141,66,random,10,0.4909434713375796,0,30,None,66,1,5,False,10,10
10142,67,random,10,0.5009952229299363,0,30,None,66,1,5,False,10,10
10143,68,random,10,0.5074641719745223,0,30,None,66,1,5,False,10,10
10144,69,random,10,0.5191082802547771,0,30,None,66,1,5,False,10,10
10145,65,random,10,0.4240644904458598,0,31,None,66,1,5,False,10,10
10146,66,random,10,0.4273487261146497,0,31,None,66,1,5,False,10,10
10147,67,random,10,0.4312300955414013,0,31,None,66,1,5,False,10,10
10148,68,random,10,0.4357085987261146,0,31,None,66,1,5,False,10,10
10149,69,random,10,0.4398885350318471,0,31,None,66,1,5,False,10,10
10150,65,random,10,0.5291600318471338,0,27,None,66,1,5,False,10,10
10151,66,random,10,0.5372213375796179,0,27,None,66,1,5,False,10,10
10152,67,random,10,0.5459792993630573,0,27,None,66,1,5,False,10,10
10153,68,random,10,0.5580214968152867,0,27,None,66,1,5,False,10,10
10154,69,random,10,0.5712579617834395,0,27,None,66,1,5,False,10,10
10155,65,random,10,0.4827826433121019,0,1,None,66,1,5,False,10,10
10156,66,random,10,0.4865644904458598,0,1,None,66,1,5,False,10,10
10157,67,random,10,0.4909434713375796,0,1,None,66,1,5,False,10,10
10158,68,random,10,0.4933320063694267,0,1,None,66,1,5,False,10,10
10159,69,random,10,0.4960191082802547,0,1,None,66,1,5,False,10,10
10160,65,random,10,0.5779259554140127,0,7,None,66,1,5,False,10,10
10161,66,random,10,0.583797770700637,0,7,None,66,1,5,False,10,10
10162,67,random,10,0.5882762738853503,0,7,None,66,1,5,False,10,10
10163,68,random,10,0.5921576433121019,0,7,None,66,1,5,False,10,10
10164,69,random,10,0.5962380573248408,0,7,None,66,1,5,False,10,10
10165,65,random,10,0.5784235668789809,0,18,None,66,1,5,False,10,10
10166,66,random,10,0.5817078025477707,0,18,None,66,1,5,False,10,10
10167,67,random,10,0.5857882165605095,0,18,None,66,1,5,False,10,10
10168,68,random,10,0.5905652866242038,0,18,None,66,1,5,False,10,10
10169,69,random,10,0.5946457006369427,0,18,None,66,1,5,False,10,10
10170,65,random,10,0.5710589171974523,0,19,None,66,1,5,False,10,10
10171,66,random,10,0.5767316878980892,0,19,None,66,1,5,False,10,10
10172,67,random,10,0.5826035031847133,0,19,None,66,1,5,False,10,10
10173,68,random,10,0.5873805732484076,0,19,None,66,1,5,False,10,10
10174,69,random,10,0.591062898089172,0,19,None,66,1,5,False,10,10
10175,65,random,10,0.511046974522293,0,21,None,66,1,5,False,10,10
10176,66,random,10,0.5161226114649682,0,21,None,66,1,5,False,10,10
10177,67,random,10,0.5248805732484076,0,21,None,66,1,5,False,10,10
10178,68,random,10,0.5360270700636943,0,21,None,66,1,5,False,10,10
10179,69,random,10,0.5463773885350318,0,21,None,66,1,5,False,10,10
10180,65,random,10,0.5264729299363057,0,0,None,66,1,5,False,10,10
10181,66,random,10,0.5355294585987261,0,0,None,66,1,5,False,10,10
10182,67,random,10,0.5480692675159236,0,0,None,66,1,5,False,10,10
10183,68,random,10,0.5619028662420382,0,0,None,66,1,5,False,10,10
10184,69,random,10,0.570859872611465,0,0,None,66,1,5,False,10,10
10185,65,random,10,0.554140127388535,0,3,None,66,1,5,False,10,10
10186,66,random,10,0.5607085987261147,0,3,None,66,1,5,False,10,10
10187,67,random,10,0.5654856687898089,0,3,None,66,1,5,False,10,10
10188,68,random,10,0.5711584394904459,0,3,None,66,1,5,False,10,10
10189,69,random,10,0.5772292993630573,0,3,None,66,1,5,False,10,10
10190,65,random,10,0.5882762738853503,0,4,None,66,1,5,False,10,10
10191,66,random,10,0.5923566878980892,0,4,None,66,1,5,False,10,10
10192,67,random,10,0.596437101910828,0,4,None,66,1,5,False,10,10
10193,68,random,10,0.5986265923566879,0,4,None,66,1,5,False,10,10
10194,69,random,10,0.6011146496815286,0,4,None,66,1,5,False,10,10
10195,65,random,10,0.5024880573248408,0,6,None,66,1,5,False,10,10
10196,66,random,10,0.5068670382165605,0,6,None,66,1,5,False,10,10
10197,67,random,10,0.5108479299363057,0,6,None,66,1,5,False,10,10
10198,68,random,10,0.5154259554140127,0,6,None,66,1,5,False,10,10
10199,69,random,10,0.5192078025477707,0,6,None,66,1,5,False,10,10
10200,65,random,10,0.5887738853503185,0,8,None,66,1,5,False,10,10
10201,66,random,10,0.589968152866242,0,8,None,66,1,5,False,10,10
10202,67,random,10,0.5934514331210191,0,8,None,66,1,5,False,10,10
10203,68,random,10,0.5969347133757962,0,8,None,66,1,5,False,10,10
10204,69,random,10,0.5989251592356688,0,8,None,66,1,5,False,10,10
10205,65,random,10,0.5013933121019108,0,10,None,66,1,5,False,10,10
10206,66,random,10,0.5100517515923567,0,10,None,66,1,5,False,10,10
10207,67,random,10,0.5087579617834395,0,10,None,66,1,5,False,10,10
10208,68,random,10,0.5114450636942676,0,10,None,66,1,5,False,10,10
10209,69,random,10,0.5158240445859873,0,10,None,66,1,5,False,10,10
10210,65,random,10,0.5390127388535032,0,20,None,66,1,5,False,10,10
10211,66,random,10,0.5431926751592356,0,20,None,66,1,5,False,10,10
10212,67,random,10,0.5478702229299363,0,20,None,66,1,5,False,10,10
10213,68,random,10,0.5499601910828026,0,20,None,66,1,5,False,10,10
10214,69,random,10,0.5529458598726115,0,20,None,66,1,5,False,10,10
10215,65,random,10,0.6721735668789809,0,22,None,66,1,5,False,10,10
10216,66,random,10,0.6733678343949044,0,22,None,66,1,5,False,10,10
10217,67,random,10,0.6747611464968153,0,22,None,66,1,5,False,10,10
10218,68,random,10,0.6762539808917197,0,22,None,66,1,5,False,10,10
10219,69,random,10,0.6765525477707006,0,22,None,66,1,5,False,10,10
10220,65,random,10,0.6062898089171974,0,23,None,66,1,5,False,10,10
10221,66,random,10,0.6097730891719745,0,23,None,66,1,5,False,10,10
10222,67,random,10,0.6147492038216561,0,23,None,66,1,5,False,10,10
10223,68,random,10,0.6187300955414012,0,23,None,66,1,5,False,10,10
10224,69,random,10,0.6210191082802548,0,23,None,66,1,5,False,10,10
10225,65,random,10,0.5878781847133758,0,32,None,66,1,5,False,10,10
10226,66,random,10,0.5939490445859873,0,32,None,66,1,5,False,10,10
10227,67,random,10,0.601015127388535,0,32,None,66,1,5,False,10,10
10228,68,random,10,0.6090764331210191,0,32,None,66,1,5,False,10,10
10229,69,random,10,0.6156449044585988,0,32,None,66,1,5,False,10,10
10230,70,random,10,0.4963176751592357,0,1,None,66,1,5,False,10,10
10231,71,random,10,0.5016918789808917,0,1,None,66,1,5,False,10,10
10232,72,random,10,0.5043789808917197,0,1,None,66,1,5,False,10,10
10233,73,random,10,0.5078622611464968,0,1,None,66,1,5,False,10,10
10234,74,random,10,0.5095541401273885,0,1,None,66,1,5,False,10,10
10235,70,random,10,0.5447850318471338,0,2,None,66,1,5,False,10,10
10236,71,random,10,0.5488654458598726,0,2,None,66,1,5,False,10,10
10237,72,random,10,0.5582205414012739,0,2,None,66,1,5,False,10,10
10238,73,random,10,0.5684713375796179,0,2,None,66,1,5,False,10,10
10239,74,random,10,0.5783240445859873,0,2,None,66,1,5,False,10,10
10240,70,random,10,0.5795183121019108,0,0,None,66,1,5,False,10,10
10241,71,random,10,0.5868829617834395,0,0,None,66,1,5,False,10,10
10242,72,random,10,0.5952428343949044,0,0,None,66,1,5,False,10,10
10243,73,random,10,0.5999203821656051,0,0,None,66,1,5,False,10,10
10244,74,random,10,0.6053941082802548,0,0,None,66,1,5,False,10,10
10245,70,random,10,0.6324641719745223,0,23,None,66,1,5,False,10,10
10246,71,random,10,0.636046974522293,0,23,None,66,1,5,False,10,10
10247,72,random,10,0.6377388535031847,0,23,None,66,1,5,False,10,10
10248,73,random,10,0.6405254777070064,0,23,None,66,1,5,False,10,10
10249,74,random,10,0.6427149681528662,0,23,None,66,1,5,False,10,10
10250,70,random,10,0.5709593949044586,0,28,None,66,1,5,False,10,10
10251,71,random,10,0.5791202229299363,0,28,None,66,1,5,False,10,10
10252,72,random,10,0.585390127388535,0,28,None,66,1,5,False,10,10
10253,73,random,10,0.5897691082802548,0,28,None,66,1,5,False,10,10
10254,74,random,10,0.5941480891719745,0,28,None,66,1,5,False,10,10
10255,70,random,10,0.5923566878980892,0,29,None,66,1,5,False,10,10
10256,71,random,10,0.5950437898089171,0,29,None,66,1,5,False,10,10
10257,72,random,10,0.5989251592356688,0,29,None,66,1,5,False,10,10
10258,73,random,10,0.602109872611465,0,29,None,66,1,5,False,10,10
10259,74,random,10,0.6039012738853503,0,29,None,66,1,5,False,10,10
10260,70,random,10,0.5695660828025477,0,13,None,66,1,5,False,10,10
10261,71,random,10,0.5755374203821656,0,13,None,66,1,5,False,10,10
10262,72,random,10,0.581906847133758,0,13,None,66,1,5,False,10,10
10263,73,random,10,0.5858877388535032,0,13,None,66,1,5,False,10,10
10264,74,random,10,0.5904657643312102,0,13,None,66,1,5,False,10,10
10265,70,random,10,0.6484872611464968,0,25,None,66,1,5,False,10,10
10266,71,random,10,0.650577229299363,0,25,None,66,1,5,False,10,10
10267,72,random,10,0.6525676751592356,0,25,None,66,1,5,False,10,10
10268,73,random,10,0.6546576433121019,0,25,None,66,1,5,False,10,10
10269,74,random,10,0.6560509554140127,0,25,None,66,1,5,False,10,10
10270,70,random,10,0.576234076433121,0,11,None,66,1,5,False,10,10
10271,71,random,10,0.5784235668789809,0,11,None,66,1,5,False,10,10
10272,72,random,10,0.5813097133757962,0,11,None,66,1,5,False,10,10
10273,73,random,10,0.5851910828025477,0,11,None,66,1,5,False,10,10
10274,74,random,10,0.5888734076433121,0,11,None,66,1,5,False,10,10
10275,70,random,10,0.5803144904458599,0,17,None,66,1,5,False,10,10
10276,71,random,10,0.581906847133758,0,17,None,66,1,5,False,10,10
10277,72,random,10,0.5844944267515924,0,17,None,66,1,5,False,10,10
10278,73,random,10,0.5879777070063694,0,17,None,66,1,5,False,10,10
10279,74,random,10,0.5894705414012739,0,17,None,66,1,5,False,10,10
10280,70,random,10,0.5952428343949044,0,24,None,66,1,5,False,10,10
10281,71,random,10,0.5999203821656051,0,24,None,66,1,5,False,10,10
10282,72,random,10,0.6041998407643312,0,24,None,66,1,5,False,10,10
10283,73,random,10,0.605593152866242,0,24,None,66,1,5,False,10,10
10284,74,random,10,0.6084792993630573,0,24,None,66,1,5,False,10,10
10285,70,random,10,0.4304339171974522,0,31,None,66,1,5,False,10,10
10286,71,random,10,0.4376990445859872,0,31,None,66,1,5,False,10,10
10287,72,random,10,0.4434713375796178,0,31,None,66,1,5,False,10,10
10288,73,random,10,0.4489450636942675,0,31,None,66,1,5,False,10,10
10289,74,random,10,0.4533240445859872,0,31,None,66,1,5,False,10,10
10290,70,random,10,0.6286823248407644,0,20,None,66,1,5,False,10,10
10291,71,random,10,0.6309713375796179,0,20,None,66,1,5,False,10,10
10292,72,random,10,0.6315684713375797,0,20,None,66,1,5,False,10,10
10293,73,random,10,0.6357484076433121,0,20,None,66,1,5,False,10,10
10294,74,random,10,0.6370421974522293,0,20,None,66,1,5,False,10,10
10295,70,random,10,0.59265525477707,0,5,None,66,1,5,False,10,10
10296,71,random,10,0.5959394904458599,0,5,None,66,1,5,False,10,10
10297,72,random,10,0.5984275477707006,0,5,None,66,1,5,False,10,10
10298,73,random,10,0.6000199044585988,0,5,None,66,1,5,False,10,10
10299,74,random,10,0.6018113057324841,0,5,None,66,1,5,False,10,10
10300,70,random,10,0.6256966560509554,0,32,None,66,1,5,False,10,10
10301,71,random,10,0.6300756369426752,0,32,None,66,1,5,False,10,10
10302,72,random,10,0.6338574840764332,0,32,None,66,1,5,False,10,10
10303,73,random,10,0.636046974522293,0,32,None,66,1,5,False,10,10
10304,74,random,10,0.6391321656050956,0,32,None,66,1,5,False,10,10
10305,70,random,10,0.591859076433121,0,4,None,66,1,5,False,10,10
10306,71,random,10,0.5944466560509554,0,4,None,66,1,5,False,10,10
10307,72,random,10,0.5968351910828026,0,4,None,66,1,5,False,10,10
10308,73,random,10,0.599422770700637,0,4,None,66,1,5,False,10,10
10309,74,random,10,0.6012141719745223,0,4,None,66,1,5,False,10,10
10310,70,random,10,0.6063893312101911,0,26,None,66,1,5,False,10,10
10311,71,random,10,0.6115644904458599,0,26,None,66,1,5,False,10,10
10312,72,random,10,0.615843949044586,0,26,None,66,1,5,False,10,10
10313,73,random,10,0.6191281847133758,0,26,None,66,1,5,False,10,10
10314,74,random,10,0.6220143312101911,0,26,None,66,1,5,False,10,10
10315,70,random,10,0.6245023885350318,0,12,None,66,1,5,False,10,10
10316,71,random,10,0.6270899681528662,0,12,None,66,1,5,False,10,10
10317,72,random,10,0.6283837579617835,0,12,None,66,1,5,False,10,10
10318,73,random,10,0.6300756369426752,0,12,None,66,1,5,False,10,10
10319,74,random,10,0.6312699044585988,0,12,None,66,1,5,False,10,10
10320,70,random,10,0.5310509554140127,0,30,None,66,1,5,False,10,10
10321,71,random,10,0.5410031847133758,0,30,None,66,1,5,False,10,10
10322,72,random,10,0.5498606687898089,0,30,None,66,1,5,False,10,10
10323,73,random,10,0.5588176751592356,0,30,None,66,1,5,False,10,10
10324,74,random,10,0.5690684713375797,0,30,None,66,1,5,False,10,10
10325,70,random,10,0.5824044585987261,0,27,None,66,1,5,False,10,10
10326,71,random,10,0.5930533439490446,0,27,None,66,1,5,False,10,10
10327,72,random,10,0.5990246815286624,0,27,None,66,1,5,False,10,10
10328,73,random,10,0.6011146496815286,0,27,None,66,1,5,False,10,10
10329,74,random,10,0.6053941082802548,0,27,None,66,1,5,False,10,10
10330,70,random,10,0.5340366242038217,0,16,None,66,1,5,False,10,10
10331,71,random,10,0.548765923566879,0,16,None,66,1,5,False,10,10
10332,72,random,10,0.5636942675159236,0,16,None,66,1,5,False,10,10
10333,73,random,10,0.5755374203821656,0,16,None,66,1,5,False,10,10
10334,74,random,10,0.5820063694267515,0,16,None,66,1,5,False,10,10
10335,70,random,10,0.5999203821656051,0,7,None,66,1,5,False,10,10
10336,71,random,10,0.6032046178343949,0,7,None,66,1,5,False,10,10
10337,72,random,10,0.6046974522292994,0,7,None,66,1,5,False,10,10
10338,73,random,10,0.6075835987261147,0,7,None,66,1,5,False,10,10
10339,74,random,10,0.6103702229299363,0,7,None,66,1,5,False,10,10
10340,70,random,10,0.5894705414012739,0,18,None,66,1,5,False,10,10
10341,71,random,10,0.5934514331210191,0,18,None,66,1,5,False,10,10
10342,72,random,10,0.5971337579617835,0,18,None,66,1,5,False,10,10
10343,73,random,10,0.5996218152866242,0,18,None,66,1,5,False,10,10
10344,74,random,10,0.6031050955414012,0,18,None,66,1,5,False,10,10
10345,70,random,10,0.5917595541401274,0,8,None,66,1,5,False,10,10
10346,71,random,10,0.5957404458598726,0,8,None,66,1,5,False,10,10
10347,72,random,10,0.5985270700636943,0,8,None,66,1,5,False,10,10
10348,73,random,10,0.5999203821656051,0,8,None,66,1,5,False,10,10
10349,74,random,10,0.6030055732484076,0,8,None,66,1,5,False,10,10
10350,70,random,10,0.5890724522292994,0,19,None,66,1,5,False,10,10
10351,71,random,10,0.5917595541401274,0,19,None,66,1,5,False,10,10
10352,72,random,10,0.5938495222929936,0,19,None,66,1,5,False,10,10
10353,73,random,10,0.5959394904458599,0,19,None,66,1,5,False,10,10
10354,74,random,10,0.5979299363057324,0,19,None,66,1,5,False,10,10
10355,70,random,10,0.5482683121019108,0,21,None,66,1,5,False,10,10
10356,71,random,10,0.5621019108280255,0,21,None,66,1,5,False,10,10
10357,72,random,10,0.5742436305732485,0,21,None,66,1,5,False,10,10
10358,73,random,10,0.5831011146496815,0,21,None,66,1,5,False,10,10
10359,74,random,10,0.5901671974522293,0,21,None,66,1,5,False,10,10
10360,70,random,10,0.5721536624203821,0,10,None,66,1,5,False,10,10
10361,71,random,10,0.5859872611464968,0,10,None,66,1,5,False,10,10
10362,72,random,10,0.5934514331210191,0,10,None,66,1,5,False,10,10
10363,73,random,10,0.5933519108280255,0,10,None,66,1,5,False,10,10
10364,74,random,10,0.5911624203821656,0,10,None,66,1,5,False,10,10
10365,70,random,10,0.6155453821656051,0,15,None,66,1,5,False,10,10
10366,71,random,10,0.6253980891719745,0,15,None,66,1,5,False,10,10
10367,72,random,10,0.6347531847133758,0,15,None,66,1,5,False,10,10
10368,73,random,10,0.6461982484076433,0,15,None,66,1,5,False,10,10
10369,74,random,10,0.6536624203821656,0,15,None,66,1,5,False,10,10
10370,70,random,10,0.5753383757961783,0,3,None,66,1,5,False,10,10
10371,71,random,10,0.5793192675159236,0,3,None,66,1,5,False,10,10
10372,72,random,10,0.5839968152866242,0,3,None,66,1,5,False,10,10
10373,73,random,10,0.5874800955414012,0,3,None,66,1,5,False,10,10
10374,74,random,10,0.5923566878980892,0,3,None,66,1,5,False,10,10
10375,70,random,10,0.5250796178343949,0,6,None,66,1,5,False,10,10
10376,71,random,10,0.5322452229299363,0,6,None,66,1,5,False,10,10
10377,72,random,10,0.5394108280254777,0,6,None,66,1,5,False,10,10
10378,73,random,10,0.5489649681528662,0,6,None,66,1,5,False,10,10
10379,74,random,10,0.5574243630573248,0,6,None,66,1,5,False,10,10
10380,70,random,10,0.6222133757961783,0,9,None,66,1,5,False,10,10
10381,71,random,10,0.6286823248407644,0,9,None,66,1,5,False,10,10
10382,72,random,10,0.6330613057324841,0,9,None,66,1,5,False,10,10
10383,73,random,10,0.6376393312101911,0,9,None,66,1,5,False,10,10
10384,74,random,10,0.6412221337579618,0,9,None,66,1,5,False,10,10
10385,70,random,10,0.5783240445859873,0,14,None,66,1,5,False,10,10
10386,71,random,10,0.5840963375796179,0,14,None,66,1,5,False,10,10
10387,72,random,10,0.5900676751592356,0,14,None,66,1,5,False,10,10
10388,73,random,10,0.595640923566879,0,14,None,66,1,5,False,10,10
10389,74,random,10,0.6004179936305732,0,14,None,66,1,5,False,10,10
10390,70,random,10,0.609375,0,22,None,66,1,5,False,10,10
10391,71,random,10,0.6132563694267515,0,22,None,66,1,5,False,10,10
10392,72,random,10,0.6152468152866242,0,22,None,66,1,5,False,10,10
10393,73,random,10,0.6178343949044586,0,22,None,66,1,5,False,10,10
10394,74,random,10,0.6202229299363057,0,22,None,66,1,5,False,10,10
12870,75,random,10,0.507265127388535,0,1,None,66,1,5,False,10,10
12871,76,random,10,0.5111464968152867,0,1,None,66,1,5,False,10,10
12872,77,random,10,0.5149283439490446,0,1,None,66,1,5,False,10,10
12873,78,random,10,0.5215963375796179,0,1,None,66,1,5,False,10,10
12874,79,random,10,0.5352308917197452,0,1,None,66,1,5,False,10,10
12875,75,random,10,0.5959394904458599,0,2,None,66,1,5,False,10,10
12876,76,random,10,0.5996218152866242,0,2,None,66,1,5,False,10,10
12877,77,random,10,0.6038017515923567,0,2,None,66,1,5,False,10,10
12878,78,random,10,0.606687898089172,0,2,None,66,1,5,False,10,10
12879,79,random,10,0.6087778662420382,0,2,None,66,1,5,False,10,10
12880,75,random,10,0.5933519108280255,0,13,None,66,1,5,False,10,10
12881,76,random,10,0.5974323248407644,0,13,None,66,1,5,False,10,10
12882,77,random,10,0.6018113057324841,0,13,None,66,1,5,False,10,10
12883,78,random,10,0.6051950636942676,0,13,None,66,1,5,False,10,10
12884,79,random,10,0.6084792993630573,0,13,None,66,1,5,False,10,10
12885,75,random,10,0.6450039808917197,0,15,None,66,1,5,False,10,10
12886,76,random,10,0.6529657643312102,0,15,None,66,1,5,False,10,10
12887,77,random,10,0.6612261146496815,0,15,None,66,1,5,False,10,10
12888,78,random,10,0.6644108280254777,0,15,None,66,1,5,False,10,10
12889,79,random,10,0.6682921974522293,0,15,None,66,1,5,False,10,10
12890,75,random,10,0.6014132165605095,0,10,None,66,1,5,False,10,10
12891,76,random,10,0.6023089171974523,0,10,None,66,1,5,False,10,10
12892,77,random,10,0.6018113057324841,0,10,None,66,1,5,False,10,10
12893,78,random,10,0.602109872611465,0,10,None,66,1,5,False,10,10
12894,79,random,10,0.602906050955414,0,10,None,66,1,5,False,10,10
12895,75,random,10,0.5900676751592356,0,16,None,66,1,5,False,10,10
12896,76,random,10,0.5931528662420382,0,16,None,66,1,5,False,10,10
12897,77,random,10,0.5949442675159236,0,16,None,66,1,5,False,10,10
12898,78,random,10,0.5979299363057324,0,16,None,66,1,5,False,10,10
12899,79,random,10,0.5995222929936306,0,16,None,66,1,5,False,10,10
12900,75,random,10,0.6247014331210191,0,11,None,66,1,5,False,10,10
12901,76,random,10,0.6227109872611465,0,11,None,66,1,5,False,10,10
12902,77,random,10,0.6206210191082803,0,11,None,66,1,5,False,10,10
12903,78,random,10,0.6202229299363057,0,11,None,66,1,5,False,10,10
12904,79,random,10,0.6213176751592356,0,11,None,66,1,5,False,10,10
12905,75,random,10,0.6382364649681529,0,20,None,66,1,5,False,10,10
12906,76,random,10,0.6396297770700637,0,20,None,66,1,5,False,10,10
12907,77,random,10,0.6391321656050956,0,20,None,66,1,5,False,10,10
12908,78,random,10,0.6402269108280255,0,20,None,66,1,5,False,10,10
12909,79,random,10,0.6408240445859873,0,20,None,66,1,5,False,10,10
12910,75,random,10,0.6061902866242038,0,8,None,66,1,5,False,10,10
12911,76,random,10,0.6083797770700637,0,8,None,66,1,5,False,10,10
12912,77,random,10,0.6106687898089171,0,8,None,66,1,5,False,10,10
12913,78,random,10,0.6132563694267515,0,8,None,66,1,5,False,10,10
12914,79,random,10,0.6135549363057324,0,8,None,66,1,5,False,10,10
12915,75,random,10,0.5969347133757962,0,19,None,66,1,5,False,10,10
12916,76,random,10,0.5980294585987261,0,19,None,66,1,5,False,10,10
12917,77,random,10,0.5999203821656051,0,19,None,66,1,5,False,10,10
12918,78,random,10,0.6007165605095541,0,19,None,66,1,5,False,10,10
12919,79,random,10,0.602109872611465,0,19,None,66,1,5,False,10,10
12920,75,random,10,0.6436106687898089,0,23,None,66,1,5,False,10,10
12921,76,random,10,0.6448049363057324,0,23,None,66,1,5,False,10,10
12922,77,random,10,0.6466958598726115,0,23,None,66,1,5,False,10,10
12923,78,random,10,0.647093949044586,0,23,None,66,1,5,False,10,10
12924,79,random,10,0.647890127388535,0,23,None,66,1,5,False,10,10
12925,75,random,10,0.5935509554140127,0,17,None,66,1,5,False,10,10
12926,76,random,10,0.5947452229299363,0,17,None,66,1,5,False,10,10
12927,77,random,10,0.5951433121019108,0,17,None,66,1,5,False,10,10
12928,78,random,10,0.5963375796178344,0,17,None,66,1,5,False,10,10
12929,79,random,10,0.5969347133757962,0,17,None,66,1,5,False,10,10
12930,75,random,10,0.5952428343949044,0,21,None,66,1,5,False,10,10
12931,76,random,10,0.601015127388535,0,21,None,66,1,5,False,10,10
12932,77,random,10,0.605593152866242,0,21,None,66,1,5,False,10,10
12933,78,random,10,0.6102707006369427,0,21,None,66,1,5,False,10,10
12934,79,random,10,0.6143511146496815,0,21,None,66,1,5,False,10,10
12935,75,random,10,0.6128582802547771,0,24,None,66,1,5,False,10,10
12936,76,random,10,0.615843949044586,0,24,None,66,1,5,False,10,10
12937,77,random,10,0.6180334394904459,0,24,None,66,1,5,False,10,10
12938,78,random,10,0.6197253184713376,0,24,None,66,1,5,False,10,10
12939,79,random,10,0.6203224522292994,0,24,None,66,1,5,False,10,10
12940,75,random,10,0.5951433121019108,0,28,None,66,1,5,False,10,10
12941,76,random,10,0.5981289808917197,0,28,None,66,1,5,False,10,10
12942,77,random,10,0.6003184713375797,0,28,None,66,1,5,False,10,10
12943,78,random,10,0.602109872611465,0,28,None,66,1,5,False,10,10
12944,79,random,10,0.6041003184713376,0,28,None,66,1,5,False,10,10
12945,75,random,10,0.6051950636942676,0,29,None,66,1,5,False,10,10
12946,76,random,10,0.6072850318471338,0,29,None,66,1,5,False,10,10
12947,77,random,10,0.6094745222929936,0,29,None,66,1,5,False,10,10
12948,78,random,10,0.6107683121019108,0,29,None,66,1,5,False,10,10
12949,79,random,10,0.6119625796178344,0,29,None,66,1,5,False,10,10
12950,75,random,10,0.6036027070063694,0,18,None,66,1,5,False,10,10
12951,76,random,10,0.6073845541401274,0,18,None,66,1,5,False,10,10
12952,77,random,10,0.611265923566879,0,18,None,66,1,5,False,10,10
12953,78,random,10,0.6147492038216561,0,18,None,66,1,5,False,10,10
12954,79,random,10,0.6157444267515924,0,18,None,66,1,5,False,10,10
12955,75,random,10,0.60828025477707,0,27,None,66,1,5,False,10,10
12956,76,random,10,0.6108678343949044,0,27,None,66,1,5,False,10,10
12957,77,random,10,0.6138535031847133,0,27,None,66,1,5,False,10,10
12958,78,random,10,0.6149482484076433,0,27,None,66,1,5,False,10,10
12959,79,random,10,0.6151472929936306,0,27,None,66,1,5,False,10,10
12960,75,random,10,0.448546974522293,0,31,None,66,1,5,False,10,10
12961,76,random,10,0.4544187898089172,0,31,None,66,1,5,False,10,10
12962,77,random,10,0.4601910828025478,0,31,None,66,1,5,False,10,10
12963,78,random,10,0.4667595541401274,0,31,None,66,1,5,False,10,10
12964,79,random,10,0.474124203821656,0,31,None,66,1,5,False,10,10
12965,75,random,10,0.6427149681528662,0,32,None,66,1,5,False,10,10
12966,76,random,10,0.645203025477707,0,32,None,66,1,5,False,10,10
12967,77,random,10,0.6480891719745223,0,32,None,66,1,5,False,10,10
12968,78,random,10,0.6503781847133758,0,32,None,66,1,5,False,10,10
12969,79,random,10,0.6509753184713376,0,32,None,66,1,5,False,10,10
12970,75,random,10,0.5970342356687898,0,3,None,66,1,5,False,10,10
12971,76,random,10,0.6018113057324841,0,3,None,66,1,5,False,10,10
12972,77,random,10,0.606687898089172,0,3,None,66,1,5,False,10,10
12973,78,random,10,0.6122611464968153,0,3,None,66,1,5,False,10,10
12974,79,random,10,0.6187300955414012,0,3,None,66,1,5,False,10,10
12975,75,random,10,0.6089769108280255,0,0,None,66,1,5,False,10,10
12976,76,random,10,0.6121616242038217,0,0,None,66,1,5,False,10,10
12977,77,random,10,0.6160429936305732,0,0,None,66,1,5,False,10,10
12978,78,random,10,0.6189291401273885,0,0,None,66,1,5,False,10,10
12979,79,random,10,0.6211186305732485,0,0,None,66,1,5,False,10,10
12980,75,random,10,0.6003184713375797,0,5,None,66,1,5,False,10,10
12981,76,random,10,0.6022093949044586,0,5,None,66,1,5,False,10,10
12982,77,random,10,0.6041003184713376,0,5,None,66,1,5,False,10,10
12983,78,random,10,0.6051950636942676,0,5,None,66,1,5,False,10,10
12984,79,random,10,0.6064888535031847,0,5,None,66,1,5,False,10,10
12985,75,random,10,0.5636942675159236,0,6,None,66,1,5,False,10,10
12986,76,random,10,0.5686703821656051,0,6,None,66,1,5,False,10,10
12987,77,random,10,0.5733479299363057,0,6,None,66,1,5,False,10,10
12988,78,random,10,0.5775278662420382,0,6,None,66,1,5,False,10,10
12989,79,random,10,0.5815087579617835,0,6,None,66,1,5,False,10,10
12990,75,random,10,0.6216162420382165,0,26,None,66,1,5,False,10,10
12991,76,random,10,0.6217157643312102,0,26,None,66,1,5,False,10,10
12992,77,random,10,0.6228105095541401,0,26,None,66,1,5,False,10,10
12993,78,random,10,0.6235071656050956,0,26,None,66,1,5,False,10,10
12994,79,random,10,0.6235071656050956,0,26,None,66,1,5,False,10,10
12995,75,random,10,0.6125597133757962,0,7,None,66,1,5,False,10,10
12996,76,random,10,0.6149482484076433,0,7,None,66,1,5,False,10,10
12997,77,random,10,0.6168391719745223,0,7,None,66,1,5,False,10,10
12998,78,random,10,0.6182324840764332,0,7,None,66,1,5,False,10,10
12999,79,random,10,0.6203224522292994,0,7,None,66,1,5,False,10,10
13000,75,random,10,0.5783240445859873,0,30,None,66,1,5,False,10,10
13001,76,random,10,0.586484872611465,0,30,None,66,1,5,False,10,10
13002,77,random,10,0.59375,0,30,None,66,1,5,False,10,10
13003,78,random,10,0.601015127388535,0,30,None,66,1,5,False,10,10
13004,79,random,10,0.6089769108280255,0,30,None,66,1,5,False,10,10
13005,75,random,10,0.5894705414012739,0,14,None,66,1,5,False,10,10
13006,76,random,10,0.5958399681528662,0,14,None,66,1,5,False,10,10
13007,77,random,10,0.5996218152866242,0,14,None,66,1,5,False,10,10
13008,78,random,10,0.6015127388535032,0,14,None,66,1,5,False,10,10
13009,79,random,10,0.6053941082802548,0,14,None,66,1,5,False,10,10
13010,75,random,10,0.6098726114649682,0,22,None,66,1,5,False,10,10
13011,76,random,10,0.6119625796178344,0,22,None,66,1,5,False,10,10
13012,77,random,10,0.6149482484076433,0,22,None,66,1,5,False,10,10
13013,78,random,10,0.6169386942675159,0,22,None,66,1,5,False,10,10
13014,79,random,10,0.619327229299363,0,22,None,66,1,5,False,10,10
13015,75,random,10,0.602109872611465,0,4,None,66,1,5,False,10,10
13016,76,random,10,0.6048964968152867,0,4,None,66,1,5,False,10,10
13017,77,random,10,0.6059912420382165,0,4,None,66,1,5,False,10,10
13018,78,random,10,0.6076831210191083,0,4,None,66,1,5,False,10,10
13019,79,random,10,0.6098726114649682,0,4,None,66,1,5,False,10,10
13020,75,random,10,0.6430135350318471,0,9,None,66,1,5,False,10,10
13021,76,random,10,0.6473925159235668,0,9,None,66,1,5,False,10,10
13022,77,random,10,0.649781050955414,0,9,None,66,1,5,False,10,10
13023,78,random,10,0.6519705414012739,0,9,None,66,1,5,False,10,10
13024,79,random,10,0.653562898089172,0,9,None,66,1,5,False,10,10
13025,75,random,10,0.6325636942675159,0,12,None,66,1,5,False,10,10
13026,76,random,10,0.6343550955414012,0,12,None,66,1,5,False,10,10
13027,77,random,10,0.6363455414012739,0,12,None,66,1,5,False,10,10
13028,78,random,10,0.640625,0,12,None,66,1,5,False,10,10
13029,79,random,10,0.6459992038216561,0,12,None,66,1,5,False,10,10
13030,75,random,10,0.6312699044585988,0,25,None,66,1,5,False,10,10
13031,76,random,10,0.6345541401273885,0,25,None,66,1,5,False,10,10
13032,77,random,10,0.6373407643312102,0,25,None,66,1,5,False,10,10
13033,78,random,10,0.6402269108280255,0,25,None,66,1,5,False,10,10
13034,79,random,10,0.6430135350318471,0,25,None,66,1,5,False,10,10
13035,80,random,10,0.6022093949044586,0,16,None,66,1,5,False,10,10
13036,81,random,10,0.6030055732484076,0,16,None,66,1,5,False,10,10
13037,82,random,10,0.6031050955414012,0,16,None,66,1,5,False,10,10
13038,83,random,10,0.6039012738853503,0,16,None,66,1,5,False,10,10
13039,84,random,10,0.605593152866242,0,16,None,66,1,5,False,10,10
13040,80,random,10,0.6510748407643312,0,32,None,66,1,5,False,10,10
13041,81,random,10,0.6529657643312102,0,32,None,66,1,5,False,10,10
13042,82,random,10,0.6554538216560509,0,32,None,66,1,5,False,10,10
13043,83,random,10,0.6579418789808917,0,32,None,66,1,5,False,10,10
13044,84,random,10,0.6603304140127388,0,32,None,66,1,5,False,10,10
13045,80,random,10,0.5250796178343949,0,1,None,66,1,5,False,10,10
13046,81,random,10,0.5400079617834395,0,1,None,66,1,5,False,10,10
13047,82,random,10,0.5539410828025477,0,1,None,66,1,5,False,10,10
13048,83,random,10,0.56359474522293,0,1,None,66,1,5,False,10,10
13049,84,random,10,0.570859872611465,0,1,None,66,1,5,False,10,10
13050,80,random,10,0.6476910828025477,0,23,None,66,1,5,False,10,10
13051,81,random,10,0.6486863057324841,0,23,None,66,1,5,False,10,10
13052,82,random,10,0.6496815286624203,0,23,None,66,1,5,False,10,10
13053,83,random,10,0.6513734076433121,0,23,None,66,1,5,False,10,10
13054,84,random,10,0.6529657643312102,0,23,None,66,1,5,False,10,10
13055,80,random,10,0.6153463375796179,0,21,None,66,1,5,False,10,10
13056,81,random,10,0.619327229299363,0,21,None,66,1,5,False,10,10
13057,82,random,10,0.6241042993630573,0,21,None,66,1,5,False,10,10
13058,83,random,10,0.6285828025477707,0,21,None,66,1,5,False,10,10
13059,84,random,10,0.6318670382165605,0,21,None,66,1,5,False,10,10
13060,80,random,10,0.6199243630573248,0,27,None,66,1,5,False,10,10
13061,81,random,10,0.6194267515923567,0,27,None,66,1,5,False,10,10
13062,82,random,10,0.6194267515923567,0,27,None,66,1,5,False,10,10
13063,83,random,10,0.620421974522293,0,27,None,66,1,5,False,10,10
13064,84,random,10,0.6210191082802548,0,27,None,66,1,5,False,10,10
13065,80,random,10,0.6138535031847133,0,2,None,66,1,5,False,10,10
13066,81,random,10,0.6161425159235668,0,2,None,66,1,5,False,10,10
13067,82,random,10,0.6169386942675159,0,2,None,66,1,5,False,10,10
13068,83,random,10,0.6191281847133758,0,2,None,66,1,5,False,10,10
13069,84,random,10,0.6213176751592356,0,2,None,66,1,5,False,10,10
13070,80,random,10,0.600218949044586,0,10,None,66,1,5,False,10,10
13071,81,random,10,0.6026074840764332,0,10,None,66,1,5,False,10,10
13072,82,random,10,0.604796974522293,0,10,None,66,1,5,False,10,10
13073,83,random,10,0.6058917197452229,0,10,None,66,1,5,False,10,10
13074,84,random,10,0.6080812101910829,0,10,None,66,1,5,False,10,10
13075,80,random,10,0.6704816878980892,0,15,None,66,1,5,False,10,10
13076,81,random,10,0.6726711783439491,0,15,None,66,1,5,False,10,10
13077,82,random,10,0.674562101910828,0,15,None,66,1,5,False,10,10
13078,83,random,10,0.6763535031847133,0,15,None,66,1,5,False,10,10
13079,84,random,10,0.6776472929936306,0,15,None,66,1,5,False,10,10
13080,80,random,10,0.6416202229299363,0,20,None,66,1,5,False,10,10
13081,81,random,10,0.6423168789808917,0,20,None,66,1,5,False,10,10
13082,82,random,10,0.6421178343949044,0,20,None,66,1,5,False,10,10
13083,83,random,10,0.6437101910828026,0,20,None,66,1,5,False,10,10
13084,84,random,10,0.6447054140127388,0,20,None,66,1,5,False,10,10
13085,80,random,10,0.6059912420382165,0,28,None,66,1,5,False,10,10
13086,81,random,10,0.607484076433121,0,28,None,66,1,5,False,10,10
13087,82,random,10,0.6089769108280255,0,28,None,66,1,5,False,10,10
13088,83,random,10,0.6091759554140127,0,28,None,66,1,5,False,10,10
13089,84,random,10,0.6095740445859873,0,28,None,66,1,5,False,10,10
13090,80,random,10,0.6202229299363057,0,22,None,66,1,5,False,10,10
13091,81,random,10,0.6227109872611465,0,22,None,66,1,5,False,10,10
13092,82,random,10,0.6252985668789809,0,22,None,66,1,5,False,10,10
13093,83,random,10,0.627687101910828,0,22,None,66,1,5,False,10,10
13094,84,random,10,0.6307722929936306,0,22,None,66,1,5,False,10,10
13095,80,random,10,0.6103702229299363,0,29,None,66,1,5,False,10,10
13096,81,random,10,0.6144506369426752,0,29,None,66,1,5,False,10,10
13097,82,random,10,0.6156449044585988,0,29,None,66,1,5,False,10,10
13098,83,random,10,0.617734872611465,0,29,None,66,1,5,False,10,10
13099,84,random,10,0.6191281847133758,0,29,None,66,1,5,False,10,10
13100,80,random,10,0.6549562101910829,0,9,None,66,1,5,False,10,10
13101,81,random,10,0.6566480891719745,0,9,None,66,1,5,False,10,10
13102,82,random,10,0.6575437898089171,0,9,None,66,1,5,False,10,10
13103,83,random,10,0.6578423566878981,0,9,None,66,1,5,False,10,10
13104,84,random,10,0.6605294585987261,0,9,None,66,1,5,False,10,10
13105,80,random,10,0.6089769108280255,0,5,None,66,1,5,False,10,10
13106,81,random,10,0.6106687898089171,0,5,None,66,1,5,False,10,10
13107,82,random,10,0.6105692675159236,0,5,None,66,1,5,False,10,10
13108,83,random,10,0.6116640127388535,0,5,None,66,1,5,False,10,10
13109,84,random,10,0.6127587579617835,0,5,None,66,1,5,False,10,10
13110,80,random,10,0.6160429936305732,0,4,None,66,1,5,False,10,10
13111,81,random,10,0.6173367834394905,0,4,None,66,1,5,False,10,10
13112,82,random,10,0.6194267515923567,0,4,None,66,1,5,False,10,10
13113,83,random,10,0.6213176751592356,0,4,None,66,1,5,False,10,10
13114,84,random,10,0.6233081210191083,0,4,None,66,1,5,False,10,10
13115,80,random,10,0.6221138535031847,0,7,None,66,1,5,False,10,10
13116,81,random,10,0.62390525477707,0,7,None,66,1,5,False,10,10
13117,82,random,10,0.6252985668789809,0,7,None,66,1,5,False,10,10
13118,83,random,10,0.6265923566878981,0,7,None,66,1,5,False,10,10
13119,84,random,10,0.6284832802547771,0,7,None,66,1,5,False,10,10
13120,80,random,10,0.6101711783439491,0,30,None,66,1,5,False,10,10
13121,81,random,10,0.6162420382165605,0,30,None,66,1,5,False,10,10
13122,82,random,10,0.6233081210191083,0,30,None,66,1,5,False,10,10
13123,83,random,10,0.6271894904458599,0,30,None,66,1,5,False,10,10
13124,84,random,10,0.6301751592356688,0,30,None,66,1,5,False,10,10
13125,80,random,10,0.6084792993630573,0,14,None,66,1,5,False,10,10
13126,81,random,10,0.6123606687898089,0,14,None,66,1,5,False,10,10
13127,82,random,10,0.6155453821656051,0,14,None,66,1,5,False,10,10
13128,83,random,10,0.6195262738853503,0,14,None,66,1,5,False,10,10
13129,84,random,10,0.6227109872611465,0,14,None,66,1,5,False,10,10
13130,80,random,10,0.6250995222929936,0,0,None,66,1,5,False,10,10
13131,81,random,10,0.6273885350318471,0,0,None,66,1,5,False,10,10
13132,82,random,10,0.6289808917197452,0,0,None,66,1,5,False,10,10
13133,83,random,10,0.6307722929936306,0,0,None,66,1,5,False,10,10
13134,84,random,10,0.6332603503184714,0,0,None,66,1,5,False,10,10
13135,80,random,10,0.6126592356687898,0,13,None,66,1,5,False,10,10
13136,81,random,10,0.6173367834394905,0,13,None,66,1,5,False,10,10
13137,82,random,10,0.6208200636942676,0,13,None,66,1,5,False,10,10
13138,83,random,10,0.6261942675159236,0,13,None,66,1,5,False,10,10
13139,84,random,10,0.6294785031847133,0,13,None,66,1,5,False,10,10
13140,80,random,10,0.6402269108280255,0,25,None,66,1,5,False,10,10
13141,81,random,10,0.6435111464968153,0,25,None,66,1,5,False,10,10
13142,82,random,10,0.646297770700637,0,25,None,66,1,5,False,10,10
13143,83,random,10,0.6475915605095541,0,25,None,66,1,5,False,10,10
13144,84,random,10,0.650577229299363,0,25,None,66,1,5,False,10,10
13145,80,random,10,0.6243033439490446,0,11,None,66,1,5,False,10,10
13146,81,random,10,0.62609474522293,0,11,None,66,1,5,False,10,10
13147,82,random,10,0.6280851910828026,0,11,None,66,1,5,False,10,10
13148,83,random,10,0.629578025477707,0,11,None,66,1,5,False,10,10
13149,84,random,10,0.6325636942675159,0,11,None,66,1,5,False,10,10
13150,80,random,10,0.6041003184713376,0,17,None,66,1,5,False,10,10
13151,81,random,10,0.6041003184713376,0,17,None,66,1,5,False,10,10
13152,82,random,10,0.6046974522292994,0,17,None,66,1,5,False,10,10
13153,83,random,10,0.6048964968152867,0,17,None,66,1,5,False,10,10
13154,84,random,10,0.6053941082802548,0,17,None,66,1,5,False,10,10
13155,80,random,10,0.6228105095541401,0,24,None,66,1,5,False,10,10
13156,81,random,10,0.6237062101910829,0,24,None,66,1,5,False,10,10
13157,82,random,10,0.6248009554140127,0,24,None,66,1,5,False,10,10
13158,83,random,10,0.625,0,24,None,66,1,5,False,10,10
13159,84,random,10,0.6254976114649682,0,24,None,66,1,5,False,10,10
13160,80,random,10,0.6123606687898089,0,8,None,66,1,5,False,10,10
13161,81,random,10,0.6138535031847133,0,8,None,66,1,5,False,10,10
13162,82,random,10,0.615047770700637,0,8,None,66,1,5,False,10,10
13163,83,random,10,0.6175358280254777,0,8,None,66,1,5,False,10,10
13164,84,random,10,0.6186305732484076,0,8,None,66,1,5,False,10,10
13165,80,random,10,0.6213176751592356,0,3,None,66,1,5,False,10,10
13166,81,random,10,0.6269904458598726,0,3,None,66,1,5,False,10,10
13167,82,random,10,0.631468949044586,0,3,None,66,1,5,False,10,10
13168,83,random,10,0.6357484076433121,0,3,None,66,1,5,False,10,10
13169,84,random,10,0.6400278662420382,0,3,None,66,1,5,False,10,10
13170,80,random,10,0.6198248407643312,0,18,None,66,1,5,False,10,10
13171,81,random,10,0.6219148089171974,0,18,None,66,1,5,False,10,10
13172,82,random,10,0.6245023885350318,0,18,None,66,1,5,False,10,10
13173,83,random,10,0.62609474522293,0,18,None,66,1,5,False,10,10
13174,84,random,10,0.6286823248407644,0,18,None,66,1,5,False,10,10
13175,80,random,10,0.4794984076433121,0,31,None,66,1,5,False,10,10
13176,81,random,10,0.4868630573248407,0,31,None,66,1,5,False,10,10
13177,82,random,10,0.495421974522293,0,31,None,66,1,5,False,10,10
13178,83,random,10,0.5028861464968153,0,31,None,66,1,5,False,10,10
13179,84,random,10,0.508359872611465,0,31,None,66,1,5,False,10,10
13180,80,random,10,0.6025079617834395,0,19,None,66,1,5,False,10,10
13181,81,random,10,0.6027070063694268,0,19,None,66,1,5,False,10,10
13182,82,random,10,0.6036027070063694,0,19,None,66,1,5,False,10,10
13183,83,random,10,0.6042993630573248,0,19,None,66,1,5,False,10,10
13184,84,random,10,0.6052945859872612,0,19,None,66,1,5,False,10,10
13185,80,random,10,0.6521695859872612,0,12,None,66,1,5,False,10,10
13186,81,random,10,0.65625,0,12,None,66,1,5,False,10,10
13187,82,random,10,0.6595342356687898,0,12,None,66,1,5,False,10,10
13188,83,random,10,0.6618232484076433,0,12,None,66,1,5,False,10,10
13189,84,random,10,0.6640127388535032,0,12,None,66,1,5,False,10,10
13190,80,random,10,0.5849920382165605,0,6,None,66,1,5,False,10,10
13191,81,random,10,0.5873805732484076,0,6,None,66,1,5,False,10,10
13192,82,random,10,0.5905652866242038,0,6,None,66,1,5,False,10,10
13193,83,random,10,0.5925557324840764,0,6,None,66,1,5,False,10,10
13194,84,random,10,0.5946457006369427,0,6,None,66,1,5,False,10,10
13195,80,random,10,0.622312898089172,0,26,None,66,1,5,False,10,10
13196,81,random,10,0.6228105095541401,0,26,None,66,1,5,False,10,10
13197,82,random,10,0.6235071656050956,0,26,None,66,1,5,False,10,10
13198,83,random,10,0.6236066878980892,0,26,None,66,1,5,False,10,10
13199,84,random,10,0.6243033439490446,0,26,None,66,1,5,False,10,10
16005,85,random,10,0.569765127388535,0,1,None,66,1,5,False,10,10
16006,86,random,10,0.5749402866242038,0,1,None,66,1,5,False,10,10
16007,87,random,10,0.5813097133757962,0,1,None,66,1,5,False,10,10
16008,88,random,10,0.5860867834394905,0,1,None,66,1,5,False,10,10
16009,89,random,10,0.5892714968152867,0,1,None,66,1,5,False,10,10
16010,85,random,10,0.6224124203821656,0,2,None,66,1,5,False,10,10
16011,86,random,10,0.6254976114649682,0,2,None,66,1,5,False,10,10
16012,87,random,10,0.6267914012738853,0,2,None,66,1,5,False,10,10
16013,88,random,10,0.6298765923566879,0,2,None,66,1,5,False,10,10
16014,89,random,10,0.6316679936305732,0,2,None,66,1,5,False,10,10
16015,85,random,10,0.6337579617834395,0,13,None,66,1,5,False,10,10
16016,86,random,10,0.636046974522293,0,13,None,66,1,5,False,10,10
16017,87,random,10,0.6391321656050956,0,13,None,66,1,5,False,10,10
16018,88,random,10,0.6408240445859873,0,13,None,66,1,5,False,10,10
16019,89,random,10,0.6429140127388535,0,13,None,66,1,5,False,10,10
16020,85,random,10,0.6793391719745223,0,15,None,66,1,5,False,10,10
16021,86,random,10,0.6807324840764332,0,15,None,66,1,5,False,10,10
16022,87,random,10,0.6825238853503185,0,15,None,66,1,5,False,10,10
16023,88,random,10,0.6845143312101911,0,15,None,66,1,5,False,10,10
16024,89,random,10,0.684812898089172,0,15,None,66,1,5,False,10,10
16025,85,random,10,0.6095740445859873,0,16,None,66,1,5,False,10,10
16026,86,random,10,0.6097730891719745,0,16,None,66,1,5,False,10,10
16027,87,random,10,0.6101711783439491,0,16,None,66,1,5,False,10,10
16028,88,random,10,0.6110668789808917,0,16,None,66,1,5,False,10,10
16029,89,random,10,0.6122611464968153,0,16,None,66,1,5,False,10,10
16030,85,random,10,0.6363455414012739,0,11,None,66,1,5,False,10,10
16031,86,random,10,0.638734076433121,0,11,None,66,1,5,False,10,10
16032,87,random,10,0.6405254777070064,0,11,None,66,1,5,False,10,10
16033,88,random,10,0.6420183121019108,0,11,None,66,1,5,False,10,10
16034,89,random,10,0.6445063694267515,0,11,None,66,1,5,False,10,10
16035,85,random,10,0.6233081210191083,0,14,None,66,1,5,False,10,10
16036,86,random,10,0.6248009554140127,0,14,None,66,1,5,False,10,10
16037,87,random,10,0.6262937898089171,0,14,None,66,1,5,False,10,10
16038,88,random,10,0.6285828025477707,0,14,None,66,1,5,False,10,10
16039,89,random,10,0.6301751592356688,0,14,None,66,1,5,False,10,10
16040,85,random,10,0.6128582802547771,0,17,None,66,1,5,False,10,10
16041,86,random,10,0.6137539808917197,0,17,None,66,1,5,False,10,10
16042,87,random,10,0.6129578025477707,0,17,None,66,1,5,False,10,10
16043,88,random,10,0.6129578025477707,0,17,None,66,1,5,False,10,10
16044,89,random,10,0.613953025477707,0,17,None,66,1,5,False,10,10
16045,85,random,10,0.6348527070063694,0,21,None,66,1,5,False,10,10
16046,86,random,10,0.6382364649681529,0,21,None,66,1,5,False,10,10
16047,87,random,10,0.6414211783439491,0,21,None,66,1,5,False,10,10
16048,88,random,10,0.6419187898089171,0,21,None,66,1,5,False,10,10
16049,89,random,10,0.6445063694267515,0,21,None,66,1,5,False,10,10
16050,85,random,10,0.6499800955414012,0,25,None,66,1,5,False,10,10
16051,86,random,10,0.6525676751592356,0,25,None,66,1,5,False,10,10
16052,87,random,10,0.6533638535031847,0,25,None,66,1,5,False,10,10
16053,88,random,10,0.6552547770700637,0,25,None,66,1,5,False,10,10
16054,89,random,10,0.6575437898089171,0,25,None,66,1,5,False,10,10
16055,85,random,10,0.6243033439490446,0,26,None,66,1,5,False,10,10
16056,86,random,10,0.6248009554140127,0,26,None,66,1,5,False,10,10
16057,87,random,10,0.6252985668789809,0,26,None,66,1,5,False,10,10
16058,88,random,10,0.6263933121019108,0,26,None,66,1,5,False,10,10
16059,89,random,10,0.6274880573248408,0,26,None,66,1,5,False,10,10
16060,85,random,10,0.6681926751592356,0,12,None,66,1,5,False,10,10
16061,86,random,10,0.669187898089172,0,12,None,66,1,5,False,10,10
16062,87,random,10,0.67078025477707,0,12,None,66,1,5,False,10,10
16063,88,random,10,0.6732683121019108,0,12,None,66,1,5,False,10,10
16064,89,random,10,0.6752587579617835,0,12,None,66,1,5,False,10,10
16065,85,random,10,0.6299761146496815,0,24,None,66,1,5,False,10,10
16066,86,random,10,0.6316679936305732,0,24,None,66,1,5,False,10,10
16067,87,random,10,0.6321656050955414,0,24,None,66,1,5,False,10,10
16068,88,random,10,0.6318670382165605,0,24,None,66,1,5,False,10,10
16069,89,random,10,0.6326632165605095,0,24,None,66,1,5,False,10,10
16070,85,random,10,0.6102707006369427,0,28,None,66,1,5,False,10,10
16071,86,random,10,0.6117635350318471,0,28,None,66,1,5,False,10,10
16072,87,random,10,0.6127587579617835,0,28,None,66,1,5,False,10,10
16073,88,random,10,0.6133558917197452,0,28,None,66,1,5,False,10,10
16074,89,random,10,0.6147492038216561,0,28,None,66,1,5,False,10,10
16075,85,random,10,0.6176353503184714,0,29,None,66,1,5,False,10,10
16076,86,random,10,0.6200238853503185,0,29,None,66,1,5,False,10,10
16077,87,random,10,0.6213176751592356,0,29,None,66,1,5,False,10,10
16078,88,random,10,0.6229100318471338,0,29,None,66,1,5,False,10,10
16079,89,random,10,0.6246019108280255,0,29,None,66,1,5,False,10,10
16080,85,random,10,0.6632165605095541,0,9,None,66,1,5,False,10,10
16081,86,random,10,0.6653065286624203,0,9,None,66,1,5,False,10,10
16082,87,random,10,0.6666998407643312,0,9,None,66,1,5,False,10,10
16083,88,random,10,0.6678941082802548,0,9,None,66,1,5,False,10,10
16084,89,random,10,0.6700835987261147,0,9,None,66,1,5,False,10,10
16085,85,random,10,0.6315684713375797,0,30,None,66,1,5,False,10,10
16086,86,random,10,0.6350517515923567,0,30,None,66,1,5,False,10,10
16087,87,random,10,0.6397292993630573,0,30,None,66,1,5,False,10,10
16088,88,random,10,0.6426154458598726,0,30,None,66,1,5,False,10,10
16089,89,random,10,0.6443073248407644,0,30,None,66,1,5,False,10,10
16090,85,random,10,0.6257961783439491,0,27,None,66,1,5,False,10,10
16091,86,random,10,0.6255971337579618,0,27,None,66,1,5,False,10,10
16092,87,random,10,0.6255971337579618,0,27,None,66,1,5,False,10,10
16093,88,random,10,0.6265923566878981,0,27,None,66,1,5,False,10,10
16094,89,random,10,0.6284832802547771,0,27,None,66,1,5,False,10,10
16095,85,random,10,0.6321656050955414,0,7,None,66,1,5,False,10,10
16096,86,random,10,0.6339570063694268,0,7,None,66,1,5,False,10,10
16097,87,random,10,0.6348527070063694,0,7,None,66,1,5,False,10,10
16098,88,random,10,0.6370421974522293,0,7,None,66,1,5,False,10,10
16099,89,random,10,0.6389331210191083,0,7,None,66,1,5,False,10,10
16100,85,random,10,0.6140525477707006,0,5,None,66,1,5,False,10,10
16101,86,random,10,0.6144506369426752,0,5,None,66,1,5,False,10,10
16102,87,random,10,0.6157444267515924,0,5,None,66,1,5,False,10,10
16103,88,random,10,0.6164410828025477,0,5,None,66,1,5,False,10,10
16104,89,random,10,0.6171377388535032,0,5,None,66,1,5,False,10,10
16105,85,random,10,0.6153463375796179,0,19,None,66,1,5,False,10,10
16106,86,random,10,0.6141520700636943,0,19,None,66,1,5,False,10,10
16107,87,random,10,0.6123606687898089,0,19,None,66,1,5,False,10,10
16108,88,random,10,0.6126592356687898,0,19,None,66,1,5,False,10,10
16109,89,random,10,0.613156847133758,0,19,None,66,1,5,False,10,10
16110,85,random,10,0.632265127388535,0,18,None,66,1,5,False,10,10
16111,86,random,10,0.6340565286624203,0,18,None,66,1,5,False,10,10
16112,87,random,10,0.6354498407643312,0,18,None,66,1,5,False,10,10
16113,88,random,10,0.6363455414012739,0,18,None,66,1,5,False,10,10
16114,89,random,10,0.6370421974522293,0,18,None,66,1,5,False,10,10
16115,85,random,10,0.5138335987261147,0,31,None,66,1,5,False,10,10
16116,86,random,10,0.518312101910828,0,31,None,66,1,5,False,10,10
16117,87,random,10,0.5241839171974523,0,31,None,66,1,5,False,10,10
16118,88,random,10,0.5298566878980892,0,31,None,66,1,5,False,10,10
16119,89,random,10,0.5340366242038217,0,31,None,66,1,5,False,10,10
16120,85,random,10,0.6309713375796179,0,4,None,66,1,5,False,10,10
16121,86,random,10,0.6332603503184714,0,4,None,66,1,5,False,10,10
16122,87,random,10,0.6354498407643312,0,4,None,66,1,5,False,10,10
16123,88,random,10,0.6367436305732485,0,4,None,66,1,5,False,10,10
16124,89,random,10,0.6390326433121019,0,4,None,66,1,5,False,10,10
16125,85,random,10,0.642515923566879,0,3,None,66,1,5,False,10,10
16126,86,random,10,0.6459992038216561,0,3,None,66,1,5,False,10,10
16127,87,random,10,0.6480891719745223,0,3,None,66,1,5,False,10,10
16128,88,random,10,0.650577229299363,0,3,None,66,1,5,False,10,10
16129,89,random,10,0.6518710191082803,0,3,None,66,1,5,False,10,10
16130,85,random,10,0.6451035031847133,0,20,None,66,1,5,False,10,10
16131,86,random,10,0.6460987261146497,0,20,None,66,1,5,False,10,10
16132,87,random,10,0.647093949044586,0,20,None,66,1,5,False,10,10
16133,88,random,10,0.6479896496815286,0,20,None,66,1,5,False,10,10
16134,89,random,10,0.648984872611465,0,20,None,66,1,5,False,10,10
16135,85,random,10,0.6398288216560509,0,0,None,66,1,5,False,10,10
16136,86,random,10,0.6423168789808917,0,0,None,66,1,5,False,10,10
16137,87,random,10,0.6429140127388535,0,0,None,66,1,5,False,10,10
16138,88,random,10,0.6460987261146497,0,0,None,66,1,5,False,10,10
16139,89,random,10,0.6480891719745223,0,0,None,66,1,5,False,10,10
16140,85,random,10,0.5969347133757962,0,6,None,66,1,5,False,10,10
16141,86,random,10,0.5987261146496815,0,6,None,66,1,5,False,10,10
16142,87,random,10,0.600218949044586,0,6,None,66,1,5,False,10,10
16143,88,random,10,0.6015127388535032,0,6,None,66,1,5,False,10,10
16144,89,random,10,0.6030055732484076,0,6,None,66,1,5,False,10,10
16145,85,random,10,0.6075835987261147,0,10,None,66,1,5,False,10,10
16146,86,random,10,0.6100716560509554,0,10,None,66,1,5,False,10,10
16147,87,random,10,0.613156847133758,0,10,None,66,1,5,False,10,10
16148,88,random,10,0.6162420382165605,0,10,None,66,1,5,False,10,10
16149,89,random,10,0.6186305732484076,0,10,None,66,1,5,False,10,10
16150,85,random,10,0.6224124203821656,0,8,None,66,1,5,False,10,10
16151,86,random,10,0.6246019108280255,0,8,None,66,1,5,False,10,10
16152,87,random,10,0.6252985668789809,0,8,None,66,1,5,False,10,10
16153,88,random,10,0.6254976114649682,0,8,None,66,1,5,False,10,10
16154,89,random,10,0.6266918789808917,0,8,None,66,1,5,False,10,10
16155,85,random,10,0.6325636942675159,0,22,None,66,1,5,False,10,10
16156,86,random,10,0.6335589171974523,0,22,None,66,1,5,False,10,10
16157,87,random,10,0.6357484076433121,0,22,None,66,1,5,False,10,10
16158,88,random,10,0.6373407643312102,0,22,None,66,1,5,False,10,10
16159,89,random,10,0.6392316878980892,0,22,None,66,1,5,False,10,10
16160,85,random,10,0.6529657643312102,0,23,None,66,1,5,False,10,10
16161,86,random,10,0.6541600318471338,0,23,None,66,1,5,False,10,10
16162,87,random,10,0.6552547770700637,0,23,None,66,1,5,False,10,10
16163,88,random,10,0.6569466560509554,0,23,None,66,1,5,False,10,10
16164,89,random,10,0.6572452229299363,0,23,None,66,1,5,False,10,10
16165,85,random,10,0.6620222929936306,0,32,None,66,1,5,False,10,10
16166,86,random,10,0.6653065286624203,0,32,None,66,1,5,False,10,10
16167,87,random,10,0.6671974522292994,0,32,None,66,1,5,False,10,10
16168,88,random,10,0.6695859872611465,0,32,None,66,1,5,False,10,10
16169,89,random,10,0.6709792993630573,0,32,None,66,1,5,False,10,10
16170,90,random,10,0.6523686305732485,0,20,None,66,1,5,False,10,10
16171,91,random,10,0.6534633757961783,0,20,None,66,1,5,False,10,10
16172,92,random,10,0.6531648089171974,0,20,None,66,1,5,False,10,10
16173,93,random,10,0.6547571656050956,0,20,None,66,1,5,False,10,10
16174,94,random,10,0.6559514331210191,0,20,None,66,1,5,False,10,10
16175,90,random,10,0.6561504777070064,0,23,None,66,1,5,False,10,10
16176,91,random,10,0.6571457006369427,0,23,None,66,1,5,False,10,10
16177,92,random,10,0.6588375796178344,0,23,None,66,1,5,False,10,10
16178,93,random,10,0.6601313694267515,0,23,None,66,1,5,False,10,10
16179,94,random,10,0.6612261146496815,0,23,None,66,1,5,False,10,10
16180,90,random,10,0.6323646496815286,0,2,None,66,1,5,False,10,10
16181,91,random,10,0.6344546178343949,0,2,None,66,1,5,False,10,10
16182,92,random,10,0.6374402866242038,0,2,None,66,1,5,False,10,10
16183,93,random,10,0.6403264331210191,0,2,None,66,1,5,False,10,10
16184,94,random,10,0.6446058917197452,0,2,None,66,1,5,False,10,10
16185,90,random,10,0.6769506369426752,0,32,None,66,1,5,False,10,10
16186,91,random,10,0.6765525477707006,0,32,None,66,1,5,False,10,10
16187,92,random,10,0.677547770700637,0,32,None,66,1,5,False,10,10
16188,93,random,10,0.6794386942675159,0,32,None,66,1,5,False,10,10
16189,94,random,10,0.6815286624203821,0,32,None,66,1,5,False,10,10
16190,90,random,10,0.6881966560509554,0,15,None,66,1,5,False,10,10
16191,91,random,10,0.6891918789808917,0,15,None,66,1,5,False,10,10
16192,92,random,10,0.6906847133757962,0,15,None,66,1,5,False,10,10
16193,93,random,10,0.6919785031847133,0,15,None,66,1,5,False,10,10
16194,94,random,10,0.6938694267515924,0,15,None,66,1,5,False,10,10
16195,90,random,10,0.6266918789808917,0,10,None,66,1,5,False,10,10
16196,91,random,10,0.6288813694267515,0,10,None,66,1,5,False,10,10
16197,92,random,10,0.6316679936305732,0,10,None,66,1,5,False,10,10
16198,93,random,10,0.6332603503184714,0,10,None,66,1,5,False,10,10
16199,94,random,10,0.6363455414012739,0,10,None,66,1,5,False,10,10
16200,90,random,10,0.6457006369426752,0,11,None,66,1,5,False,10,10
16201,91,random,10,0.647093949044586,0,11,None,66,1,5,False,10,10
16202,92,random,10,0.6482882165605095,0,11,None,66,1,5,False,10,10
16203,93,random,10,0.6496815286624203,0,11,None,66,1,5,False,10,10
16204,94,random,10,0.6506767515923567,0,11,None,66,1,5,False,10,10
16205,90,random,10,0.6159434713375797,0,28,None,66,1,5,False,10,10
16206,91,random,10,0.616640127388535,0,28,None,66,1,5,False,10,10
16207,92,random,10,0.6167396496815286,0,28,None,66,1,5,False,10,10
16208,93,random,10,0.6173367834394905,0,28,None,66,1,5,False,10,10
16209,94,random,10,0.6184315286624203,0,28,None,66,1,5,False,10,10
16210,90,random,10,0.591859076433121,0,1,None,66,1,5,False,10,10
16211,91,random,10,0.5954418789808917,0,1,None,66,1,5,False,10,10
16212,92,random,10,0.5978304140127388,0,1,None,66,1,5,False,10,10
16213,93,random,10,0.5995222929936306,0,1,None,66,1,5,False,10,10
16214,94,random,10,0.602109872611465,0,1,None,66,1,5,False,10,10
16215,90,random,10,0.6492834394904459,0,13,None,66,1,5,False,10,10
16216,91,random,10,0.6513734076433121,0,13,None,66,1,5,False,10,10
16217,92,random,10,0.6532643312101911,0,13,None,66,1,5,False,10,10
16218,93,random,10,0.6552547770700637,0,13,None,66,1,5,False,10,10
16219,94,random,10,0.6571457006369427,0,13,None,66,1,5,False,10,10
16220,90,random,10,0.618531050955414,0,5,None,66,1,5,False,10,10
16221,91,random,10,0.6192277070063694,0,5,None,66,1,5,False,10,10
16222,92,random,10,0.6201234076433121,0,5,None,66,1,5,False,10,10
16223,93,random,10,0.6208200636942676,0,5,None,66,1,5,False,10,10
16224,94,random,10,0.6220143312101911,0,5,None,66,1,5,False,10,10
16225,90,random,10,0.64171974522293,0,4,None,66,1,5,False,10,10
16226,91,random,10,0.643312101910828,0,4,None,66,1,5,False,10,10
16227,92,random,10,0.6457006369426752,0,4,None,66,1,5,False,10,10
16228,93,random,10,0.647890127388535,0,4,None,66,1,5,False,10,10
16229,94,random,10,0.6512738853503185,0,4,None,66,1,5,False,10,10
16230,90,random,10,0.6415207006369427,0,22,None,66,1,5,False,10,10
16231,91,random,10,0.6431130573248408,0,22,None,66,1,5,False,10,10
16232,92,random,10,0.6438097133757962,0,22,None,66,1,5,False,10,10
16233,93,random,10,0.6451035031847133,0,22,None,66,1,5,False,10,10
16234,94,random,10,0.6463972929936306,0,22,None,66,1,5,False,10,10
16235,90,random,10,0.6448049363057324,0,30,None,66,1,5,False,10,10
16236,91,random,10,0.6477906050955414,0,30,None,66,1,5,False,10,10
16237,92,random,10,0.6503781847133758,0,30,None,66,1,5,False,10,10
16238,93,random,10,0.6520700636942676,0,30,None,66,1,5,False,10,10
16239,94,random,10,0.6533638535031847,0,30,None,66,1,5,False,10,10
16240,90,random,10,0.6133558917197452,0,16,None,66,1,5,False,10,10
16241,91,random,10,0.6142515923566879,0,16,None,66,1,5,False,10,10
16242,92,random,10,0.6144506369426752,0,16,None,66,1,5,False,10,10
16243,93,random,10,0.6159434713375797,0,16,None,66,1,5,False,10,10
16244,94,random,10,0.6175358280254777,0,16,None,66,1,5,False,10,10
16245,90,random,10,0.6400278662420382,0,7,None,66,1,5,False,10,10
16246,91,random,10,0.6411226114649682,0,7,None,66,1,5,False,10,10
16247,92,random,10,0.6420183121019108,0,7,None,66,1,5,False,10,10
16248,93,random,10,0.6437101910828026,0,7,None,66,1,5,False,10,10
16249,94,random,10,0.645203025477707,0,7,None,66,1,5,False,10,10
16250,90,random,10,0.6183320063694268,0,17,None,66,1,5,False,10,10
16251,91,random,10,0.6168391719745223,0,17,None,66,1,5,False,10,10
16252,92,random,10,0.6154458598726115,0,17,None,66,1,5,False,10,10
16253,93,random,10,0.6167396496815286,0,17,None,66,1,5,False,10,10
16254,94,random,10,0.6174363057324841,0,17,None,66,1,5,False,10,10
16255,90,random,10,0.6515724522292994,0,21,None,66,1,5,False,10,10
16256,91,random,10,0.6533638535031847,0,21,None,66,1,5,False,10,10
16257,92,random,10,0.6552547770700637,0,21,None,66,1,5,False,10,10
16258,93,random,10,0.6571457006369427,0,21,None,66,1,5,False,10,10
16259,94,random,10,0.6591361464968153,0,21,None,66,1,5,False,10,10
16260,90,random,10,0.6342555732484076,0,24,None,66,1,5,False,10,10
16261,91,random,10,0.6374402866242038,0,24,None,66,1,5,False,10,10
16262,92,random,10,0.6391321656050956,0,24,None,66,1,5,False,10,10
16263,93,random,10,0.64171974522293,0,24,None,66,1,5,False,10,10
16264,94,random,10,0.6440087579617835,0,24,None,66,1,5,False,10,10
16265,90,random,10,0.6288813694267515,0,27,None,66,1,5,False,10,10
16266,91,random,10,0.6302746815286624,0,27,None,66,1,5,False,10,10
16267,92,random,10,0.6324641719745223,0,27,None,66,1,5,False,10,10
16268,93,random,10,0.6332603503184714,0,27,None,66,1,5,False,10,10
16269,94,random,10,0.6345541401273885,0,27,None,66,1,5,False,10,10
16270,90,random,10,0.6704816878980892,0,9,None,66,1,5,False,10,10
16271,91,random,10,0.6719745222929936,0,9,None,66,1,5,False,10,10
16272,92,random,10,0.6738654458598726,0,9,None,66,1,5,False,10,10
16273,93,random,10,0.6747611464968153,0,9,None,66,1,5,False,10,10
16274,94,random,10,0.6765525477707006,0,9,None,66,1,5,False,10,10
16275,90,random,10,0.6320660828025477,0,14,None,66,1,5,False,10,10
16276,91,random,10,0.6336584394904459,0,14,None,66,1,5,False,10,10
16277,92,random,10,0.6348527070063694,0,14,None,66,1,5,False,10,10
16278,93,random,10,0.636843152866242,0,14,None,66,1,5,False,10,10
16279,94,random,10,0.6389331210191083,0,14,None,66,1,5,False,10,10
16280,90,random,10,0.6506767515923567,0,0,None,66,1,5,False,10,10
16281,91,random,10,0.6525676751592356,0,0,None,66,1,5,False,10,10
16282,92,random,10,0.6542595541401274,0,0,None,66,1,5,False,10,10
16283,93,random,10,0.6552547770700637,0,0,None,66,1,5,False,10,10
16284,94,random,10,0.6560509554140127,0,0,None,66,1,5,False,10,10
16285,90,random,10,0.6605294585987261,0,25,None,66,1,5,False,10,10
16286,91,random,10,0.6631170382165605,0,25,None,66,1,5,False,10,10
16287,92,random,10,0.6647093949044586,0,25,None,66,1,5,False,10,10
16288,93,random,10,0.6661027070063694,0,25,None,66,1,5,False,10,10
16289,94,random,10,0.6676950636942676,0,25,None,66,1,5,False,10,10
16290,90,random,10,0.6257961783439491,0,29,None,66,1,5,False,10,10
16291,91,random,10,0.6275875796178344,0,29,None,66,1,5,False,10,10
16292,92,random,10,0.6291799363057324,0,29,None,66,1,5,False,10,10
16293,93,random,10,0.6309713375796179,0,29,None,66,1,5,False,10,10
16294,94,random,10,0.6335589171974523,0,29,None,66,1,5,False,10,10
16295,90,random,10,0.6289808917197452,0,8,None,66,1,5,False,10,10
16296,91,random,10,0.6300756369426752,0,8,None,66,1,5,False,10,10
16297,92,random,10,0.6312699044585988,0,8,None,66,1,5,False,10,10
16298,93,random,10,0.6324641719745223,0,8,None,66,1,5,False,10,10
16299,94,random,10,0.633359872611465,0,8,None,66,1,5,False,10,10
16300,90,random,10,0.6447054140127388,0,18,None,66,1,5,False,10,10
16301,91,random,10,0.6453025477707006,0,18,None,66,1,5,False,10,10
16302,92,random,10,0.646297770700637,0,18,None,66,1,5,False,10,10
16303,93,random,10,0.6474920382165605,0,18,None,66,1,5,False,10,10
16304,94,random,10,0.6477906050955414,0,18,None,66,1,5,False,10,10
16305,90,random,10,0.6521695859872612,0,3,None,66,1,5,False,10,10
16306,91,random,10,0.6542595541401274,0,3,None,66,1,5,False,10,10
16307,92,random,10,0.6556528662420382,0,3,None,66,1,5,False,10,10
16308,93,random,10,0.658937101910828,0,3,None,66,1,5,False,10,10
16309,94,random,10,0.6591361464968153,0,3,None,66,1,5,False,10,10
16310,90,random,10,0.6210191082802548,0,19,None,66,1,5,False,10,10
16311,91,random,10,0.6192277070063694,0,19,None,66,1,5,False,10,10
16312,92,random,10,0.6180334394904459,0,19,None,66,1,5,False,10,10
16313,93,random,10,0.6170382165605095,0,19,None,66,1,5,False,10,10
16314,94,random,10,0.617734872611465,0,19,None,66,1,5,False,10,10
16315,90,random,10,0.5374203821656051,0,31,None,66,1,5,False,10,10
16316,91,random,10,0.5407046178343949,0,31,None,66,1,5,False,10,10
16317,92,random,10,0.5446855095541401,0,31,None,66,1,5,False,10,10
16318,93,random,10,0.5478702229299363,0,31,None,66,1,5,False,10,10
16319,94,random,10,0.5528463375796179,0,31,None,66,1,5,False,10,10
16320,90,random,10,0.6766520700636943,0,12,None,66,1,5,False,10,10
16321,91,random,10,0.6773487261146497,0,12,None,66,1,5,False,10,10
16322,92,random,10,0.6786425159235668,0,12,None,66,1,5,False,10,10
16323,93,random,10,0.6793391719745223,0,12,None,66,1,5,False,10,10
16324,94,random,10,0.6806329617834395,0,12,None,66,1,5,False,10,10
16325,90,random,10,0.6054936305732485,0,6,None,66,1,5,False,10,10
16326,91,random,10,0.6063893312101911,0,6,None,66,1,5,False,10,10
16327,92,random,10,0.6078821656050956,0,6,None,66,1,5,False,10,10
16328,93,random,10,0.6091759554140127,0,6,None,66,1,5,False,10,10
16329,94,random,10,0.6101711783439491,0,6,None,66,1,5,False,10,10
16330,90,random,10,0.6258957006369427,0,26,None,66,1,5,False,10,10
16331,91,random,10,0.626890923566879,0,26,None,66,1,5,False,10,10
16332,92,random,10,0.627687101910828,0,26,None,66,1,5,False,10,10
16333,93,random,10,0.6290804140127388,0,26,None,66,1,5,False,10,10
16334,94,random,10,0.6302746815286624,0,26,None,66,1,5,False,10,10
19470,95,random,10,0.6613256369426752,0,13,None,66,1,5,False,10,10
19471,96,random,10,0.6626194267515924,0,13,None,66,1,5,False,10,10
19472,97,random,10,0.6642117834394905,0,13,None,66,1,5,False,10,10
19473,98,random,10,0.6655055732484076,0,13,None,66,1,5,False,10,10
19474,99,random,10,0.6666003184713376,0,13,None,66,1,5,False,10,10
19475,95,random,10,0.6187300955414012,0,16,None,66,1,5,False,10,10
19476,96,random,10,0.6197253184713376,0,16,None,66,1,5,False,10,10
19477,97,random,10,0.6207205414012739,0,16,None,66,1,5,False,10,10
19478,98,random,10,0.6211186305732485,0,16,None,66,1,5,False,10,10
19479,99,random,10,0.6215167197452229,0,16,None,66,1,5,False,10,10
19480,95,random,10,0.6404259554140127,0,14,None,66,1,5,False,10,10
19481,96,random,10,0.6419187898089171,0,14,None,66,1,5,False,10,10
19482,97,random,10,0.6429140127388535,0,14,None,66,1,5,False,10,10
19483,98,random,10,0.6447054140127388,0,14,None,66,1,5,False,10,10
19484,99,random,10,0.6463972929936306,0,14,None,66,1,5,False,10,10
19485,95,random,10,0.6504777070063694,0,22,None,66,1,5,False,10,10
19486,96,random,10,0.6509753184713376,0,22,None,66,1,5,False,10,10
19487,97,random,10,0.6509753184713376,0,22,None,66,1,5,False,10,10
19488,98,random,10,0.6523686305732485,0,22,None,66,1,5,False,10,10
19489,99,random,10,0.6542595541401274,0,22,None,66,1,5,False,10,10
19490,95,random,10,0.6588375796178344,0,23,None,66,1,5,False,10,10
19491,96,random,10,0.6601313694267515,0,23,None,66,1,5,False,10,10
19492,97,random,10,0.6624203821656051,0,23,None,66,1,5,False,10,10
19493,98,random,10,0.6631170382165605,0,23,None,66,1,5,False,10,10
19494,99,random,10,0.663515127388535,0,23,None,66,1,5,False,10,10
19495,95,random,10,0.6584394904458599,0,21,None,66,1,5,False,10,10
19496,96,random,10,0.6612261146496815,0,21,None,66,1,5,False,10,10
19497,97,random,10,0.6638136942675159,0,21,None,66,1,5,False,10,10
19498,98,random,10,0.6660031847133758,0,21,None,66,1,5,False,10,10
19499,99,random,10,0.6671974522292994,0,21,None,66,1,5,False,10,10
19500,95,random,10,0.669984076433121,0,25,None,66,1,5,False,10,10
19501,96,random,10,0.6715764331210191,0,25,None,66,1,5,False,10,10
19502,97,random,10,0.6725716560509554,0,25,None,66,1,5,False,10,10
19503,98,random,10,0.6740644904458599,0,25,None,66,1,5,False,10,10
19504,99,random,10,0.6761544585987261,0,25,None,66,1,5,False,10,10
19505,95,random,10,0.6315684713375797,0,26,None,66,1,5,False,10,10
19506,96,random,10,0.6331608280254777,0,26,None,66,1,5,False,10,10
19507,97,random,10,0.6342555732484076,0,26,None,66,1,5,False,10,10
19508,98,random,10,0.6348527070063694,0,26,None,66,1,5,False,10,10
19509,99,random,10,0.6355493630573248,0,26,None,66,1,5,False,10,10
19510,95,random,10,0.6464968152866242,0,24,None,66,1,5,False,10,10
19511,96,random,10,0.6485867834394905,0,24,None,66,1,5,False,10,10
19512,97,random,10,0.6508757961783439,0,24,None,66,1,5,False,10,10
19513,98,random,10,0.6523686305732485,0,24,None,66,1,5,False,10,10
19514,99,random,10,0.6540605095541401,0,24,None,66,1,5,False,10,10
19515,95,random,10,0.6352507961783439,0,29,None,66,1,5,False,10,10
19516,96,random,10,0.6365445859872612,0,29,None,66,1,5,False,10,10
19517,97,random,10,0.6377388535031847,0,29,None,66,1,5,False,10,10
19518,98,random,10,0.6382364649681529,0,29,None,66,1,5,False,10,10
19519,99,random,10,0.6396297770700637,0,29,None,66,1,5,False,10,10
19520,95,random,10,0.6549562101910829,0,30,None,66,1,5,False,10,10
19521,96,random,10,0.6572452229299363,0,30,None,66,1,5,False,10,10
19522,97,random,10,0.6601313694267515,0,30,None,66,1,5,False,10,10
19523,98,random,10,0.6620222929936306,0,30,None,66,1,5,False,10,10
19524,99,random,10,0.6636146496815286,0,30,None,66,1,5,False,10,10
19525,95,random,10,0.6124601910828026,0,6,None,66,1,5,False,10,10
19526,96,random,10,0.6141520700636943,0,6,None,66,1,5,False,10,10
19527,97,random,10,0.6149482484076433,0,6,None,66,1,5,False,10,10
19528,98,random,10,0.6165406050955414,0,6,None,66,1,5,False,10,10
19529,99,random,10,0.617734872611465,0,6,None,66,1,5,False,10,10
19530,95,random,10,0.6358479299363057,0,27,None,66,1,5,False,10,10
19531,96,random,10,0.6373407643312102,0,27,None,66,1,5,False,10,10
19532,97,random,10,0.6396297770700637,0,27,None,66,1,5,False,10,10
19533,98,random,10,0.6401273885350318,0,27,None,66,1,5,False,10,10
19534,99,random,10,0.6424164012738853,0,27,None,66,1,5,False,10,10
19535,95,random,10,0.6809315286624203,0,32,None,66,1,5,False,10,10
19536,96,random,10,0.6811305732484076,0,32,None,66,1,5,False,10,10
19537,97,random,10,0.6835191082802548,0,32,None,66,1,5,False,10,10
19538,98,random,10,0.6847133757961783,0,32,None,66,1,5,False,10,10
19539,99,random,10,0.6868033439490446,0,32,None,66,1,5,False,10,10
19540,95,random,10,0.6034036624203821,0,1,None,66,1,5,False,10,10
19541,96,random,10,0.6046974522292994,0,1,None,66,1,5,False,10,10
19542,97,random,10,0.6062898089171974,0,1,None,66,1,5,False,10,10
19543,98,random,10,0.607484076433121,0,1,None,66,1,5,False,10,10
19544,99,random,10,0.6099721337579618,0,1,None,66,1,5,False,10,10
19545,95,random,10,0.6371417197452229,0,19,None,66,1,5,False,10,10
19546,96,random,10,0.6352507961783439,0,19,None,66,1,5,False,10,10
19547,97,random,10,0.6339570063694268,0,19,None,66,1,5,False,10,10
19548,98,random,10,0.6323646496815286,0,19,None,66,1,5,False,10,10
19549,99,random,10,0.6297770700636943,0,19,None,66,1,5,False,10,10
19550,95,random,10,0.6373407643312102,0,8,None,66,1,5,False,10,10
19551,96,random,10,0.63953025477707,0,8,None,66,1,5,False,10,10
19552,97,random,10,0.6396297770700637,0,8,None,66,1,5,False,10,10
19553,98,random,10,0.6399283439490446,0,8,None,66,1,5,False,10,10
19554,99,random,10,0.6405254777070064,0,8,None,66,1,5,False,10,10
19555,95,random,10,0.5566281847133758,0,31,None,66,1,5,False,10,10
19556,96,random,10,0.5629976114649682,0,31,None,66,1,5,False,10,10
19557,97,random,10,0.5707603503184714,0,31,None,66,1,5,False,10,10
19558,98,random,10,0.578125,0,31,None,66,1,5,False,10,10
19559,99,random,10,0.584593949044586,0,31,None,66,1,5,False,10,10
19560,95,random,10,0.6447054140127388,0,2,None,66,1,5,False,10,10
19561,96,random,10,0.6488853503184714,0,2,None,66,1,5,False,10,10
19562,97,random,10,0.6525676751592356,0,2,None,66,1,5,False,10,10
19563,98,random,10,0.6559514331210191,0,2,None,66,1,5,False,10,10
19564,99,random,10,0.6593351910828026,0,2,None,66,1,5,False,10,10
19565,95,random,10,0.6607285031847133,0,0,None,66,1,5,False,10,10
19566,96,random,10,0.6621218152866242,0,0,None,66,1,5,False,10,10
19567,97,random,10,0.6628184713375797,0,0,None,66,1,5,False,10,10
19568,98,random,10,0.6642117834394905,0,0,None,66,1,5,False,10,10
19569,99,random,10,0.6656050955414012,0,0,None,66,1,5,False,10,10
19570,95,random,10,0.6607285031847133,0,3,None,66,1,5,False,10,10
19571,96,random,10,0.662718949044586,0,3,None,66,1,5,False,10,10
19572,97,random,10,0.6644108280254777,0,3,None,66,1,5,False,10,10
19573,98,random,10,0.6651074840764332,0,3,None,66,1,5,False,10,10
19574,99,random,10,0.6666998407643312,0,3,None,66,1,5,False,10,10
19575,95,random,10,0.6538614649681529,0,4,None,66,1,5,False,10,10
19576,96,random,10,0.6541600318471338,0,4,None,66,1,5,False,10,10
19577,97,random,10,0.6559514331210191,0,4,None,66,1,5,False,10,10
19578,98,random,10,0.6574442675159236,0,4,None,66,1,5,False,10,10
19579,99,random,10,0.6590366242038217,0,4,None,66,1,5,False,10,10
19580,95,random,10,0.6244028662420382,0,5,None,66,1,5,False,10,10
19581,96,random,10,0.6250995222929936,0,5,None,66,1,5,False,10,10
19582,97,random,10,0.6252985668789809,0,5,None,66,1,5,False,10,10
19583,98,random,10,0.6263933121019108,0,5,None,66,1,5,False,10,10
19584,99,random,10,0.6271894904458599,0,5,None,66,1,5,False,10,10
19585,95,random,10,0.6483877388535032,0,7,None,66,1,5,False,10,10
19586,96,random,10,0.6499800955414012,0,7,None,66,1,5,False,10,10
19587,97,random,10,0.650577229299363,0,7,None,66,1,5,False,10,10
19588,98,random,10,0.6511743630573248,0,7,None,66,1,5,False,10,10
19589,99,random,10,0.6529657643312102,0,7,None,66,1,5,False,10,10
19590,95,random,10,0.6776472929936306,0,9,None,66,1,5,False,10,10
19591,96,random,10,0.6788415605095541,0,9,None,66,1,5,False,10,10
19592,97,random,10,0.6800358280254777,0,9,None,66,1,5,False,10,10
19593,98,random,10,0.6803343949044586,0,9,None,66,1,5,False,10,10
19594,99,random,10,0.6812300955414012,0,9,None,66,1,5,False,10,10
19595,95,random,10,0.6382364649681529,0,10,None,66,1,5,False,10,10
19596,96,random,10,0.6405254777070064,0,10,None,66,1,5,False,10,10
19597,97,random,10,0.6437101910828026,0,10,None,66,1,5,False,10,10
19598,98,random,10,0.6460987261146497,0,10,None,66,1,5,False,10,10
19599,99,random,10,0.649781050955414,0,10,None,66,1,5,False,10,10
19600,95,random,10,0.6539609872611465,0,11,None,66,1,5,False,10,10
19601,96,random,10,0.6549562101910829,0,11,None,66,1,5,False,10,10
19602,97,random,10,0.6566480891719745,0,11,None,66,1,5,False,10,10
19603,98,random,10,0.6572452229299363,0,11,None,66,1,5,False,10,10
19604,99,random,10,0.6588375796178344,0,11,None,66,1,5,False,10,10
19605,95,random,10,0.6918789808917197,0,15,None,66,1,5,False,10,10
19606,96,random,10,0.6923765923566879,0,15,None,66,1,5,False,10,10
19607,97,random,10,0.693968949044586,0,15,None,66,1,5,False,10,10
19608,98,random,10,0.6953622611464968,0,15,None,66,1,5,False,10,10
19609,99,random,10,0.6954617834394905,0,15,None,66,1,5,False,10,10
19610,95,random,10,0.6831210191082803,0,12,None,66,1,5,False,10,10
19611,96,random,10,0.6836186305732485,0,12,None,66,1,5,False,10,10
19612,97,random,10,0.6844148089171974,0,12,None,66,1,5,False,10,10
19613,98,random,10,0.6861066878980892,0,12,None,66,1,5,False,10,10
19614,99,random,10,0.6862062101910829,0,12,None,66,1,5,False,10,10
19615,95,random,10,0.6240047770700637,0,17,None,66,1,5,False,10,10
19616,96,random,10,0.6232085987261147,0,17,None,66,1,5,False,10,10
19617,97,random,10,0.6229100318471338,0,17,None,66,1,5,False,10,10
19618,98,random,10,0.6241042993630573,0,17,None,66,1,5,False,10,10
19619,99,random,10,0.6238057324840764,0,17,None,66,1,5,False,10,10
19620,95,random,10,0.6515724522292994,0,18,None,66,1,5,False,10,10
19621,96,random,10,0.6518710191082803,0,18,None,66,1,5,False,10,10
19622,97,random,10,0.6530652866242038,0,18,None,66,1,5,False,10,10
19623,98,random,10,0.6541600318471338,0,18,None,66,1,5,False,10,10
19624,99,random,10,0.6553542993630573,0,18,None,66,1,5,False,10,10
19625,95,random,10,0.6552547770700637,0,20,None,66,1,5,False,10,10
19626,96,random,10,0.6563495222929936,0,20,None,66,1,5,False,10,10
19627,97,random,10,0.6582404458598726,0,20,None,66,1,5,False,10,10
19628,98,random,10,0.6586385350318471,0,20,None,66,1,5,False,10,10
19629,99,random,10,0.6594347133757962,0,20,None,66,1,5,False,10,10
19630,95,random,10,0.6203224522292994,0,28,None,66,1,5,False,10,10
19631,96,random,10,0.620421974522293,0,28,None,66,1,5,False,10,10
19632,97,random,10,0.6219148089171974,0,28,None,66,1,5,False,10,10
19633,98,random,10,0.6220143312101911,0,28,None,66,1,5,False,10,10
19634,99,random,10,0.6240047770700637,0,28,None,66,1,5,False,10,10
19635,100,random,10,0.6107683121019108,0,1,None,66,1,5,False,10,10
19636,101,random,10,0.6129578025477707,0,1,None,66,1,5,False,10,10
19637,102,random,10,0.6137539808917197,0,1,None,66,1,5,False,10,10
19638,103,random,10,0.6144506369426752,0,1,None,66,1,5,False,10,10
19639,104,random,10,0.6156449044585988,0,1,None,66,1,5,False,10,10
19640,100,random,10,0.6666998407643312,0,2,None,66,1,5,False,10,10
19641,101,random,10,0.6704816878980892,0,2,None,66,1,5,False,10,10
19642,102,random,10,0.6723726114649682,0,2,None,66,1,5,False,10,10
19643,103,random,10,0.6744625796178344,0,2,None,66,1,5,False,10,10
19644,104,random,10,0.6774482484076433,0,2,None,66,1,5,False,10,10
19645,100,random,10,0.6644108280254777,0,23,None,66,1,5,False,10,10
19646,101,random,10,0.6661027070063694,0,23,None,66,1,5,False,10,10
19647,102,random,10,0.6676950636942676,0,23,None,66,1,5,False,10,10
19648,103,random,10,0.6677945859872612,0,23,None,66,1,5,False,10,10
19649,104,random,10,0.6689888535031847,0,23,None,66,1,5,False,10,10
19650,100,random,10,0.6960589171974523,0,15,None,66,1,5,False,10,10
19651,101,random,10,0.6970541401273885,0,15,None,66,1,5,False,10,10
19652,102,random,10,0.6984474522292994,0,15,None,66,1,5,False,10,10
19653,103,random,10,0.6990445859872612,0,15,None,66,1,5,False,10,10
19654,104,random,10,0.6999402866242038,0,15,None,66,1,5,False,10,10
19655,100,random,10,0.652468152866242,0,10,None,66,1,5,False,10,10
19656,101,random,10,0.6541600318471338,0,10,None,66,1,5,False,10,10
19657,102,random,10,0.65625,0,10,None,66,1,5,False,10,10
19658,103,random,10,0.6579418789808917,0,10,None,66,1,5,False,10,10
19659,104,random,10,0.6620222929936306,0,10,None,66,1,5,False,10,10
19660,100,random,10,0.6696855095541401,0,13,None,66,1,5,False,10,10
19661,101,random,10,0.6703821656050956,0,13,None,66,1,5,False,10,10
19662,102,random,10,0.6713773885350318,0,13,None,66,1,5,False,10,10
19663,103,random,10,0.6734673566878981,0,13,None,66,1,5,False,10,10
19664,104,random,10,0.6746616242038217,0,13,None,66,1,5,False,10,10
19665,100,random,10,0.6663017515923567,0,11,None,66,1,5,False,10,10
19666,101,random,10,0.6661027070063694,0,11,None,66,1,5,False,10,10
19667,102,random,10,0.6661027070063694,0,11,None,66,1,5,False,10,10
19668,103,random,10,0.6658041401273885,0,11,None,66,1,5,False,10,10
19669,104,random,10,0.6658041401273885,0,11,None,66,1,5,False,10,10
19670,100,random,10,0.6583399681528662,0,20,None,66,1,5,False,10,10
19671,101,random,10,0.6606289808917197,0,20,None,66,1,5,False,10,10
19672,102,random,10,0.6623208598726115,0,20,None,66,1,5,False,10,10
19673,103,random,10,0.6648089171974523,0,20,None,66,1,5,False,10,10
19674,104,random,10,0.6658041401273885,0,20,None,66,1,5,False,10,10
19675,100,random,10,0.6293789808917197,0,5,None,66,1,5,False,10,10
19676,101,random,10,0.6298765923566879,0,5,None,66,1,5,False,10,10
19677,102,random,10,0.630672770700637,0,5,None,66,1,5,False,10,10
19678,103,random,10,0.6313694267515924,0,5,None,66,1,5,False,10,10
19679,104,random,10,0.6323646496815286,0,5,None,66,1,5,False,10,10
19680,100,random,10,0.6670979299363057,0,30,None,66,1,5,False,10,10
19681,101,random,10,0.668093152866242,0,30,None,66,1,5,False,10,10
19682,102,random,10,0.6702826433121019,0,30,None,66,1,5,False,10,10
19683,103,random,10,0.6703821656050956,0,30,None,66,1,5,False,10,10
19684,104,random,10,0.6715764331210191,0,30,None,66,1,5,False,10,10
19685,100,random,10,0.6849124203821656,0,32,None,66,1,5,False,10,10
19686,101,random,10,0.6868033439490446,0,32,None,66,1,5,False,10,10
19687,102,random,10,0.6875,0,32,None,66,1,5,False,10,10
19688,103,random,10,0.6891918789808917,0,32,None,66,1,5,False,10,10
19689,104,random,10,0.6924761146496815,0,32,None,66,1,5,False,10,10
19690,100,random,10,0.6230095541401274,0,16,None,66,1,5,False,10,10
19691,101,random,10,0.6236066878980892,0,16,None,66,1,5,False,10,10
19692,102,random,10,0.6236066878980892,0,16,None,66,1,5,False,10,10
19693,103,random,10,0.6238057324840764,0,16,None,66,1,5,False,10,10
19694,104,random,10,0.6250995222929936,0,16,None,66,1,5,False,10,10
19695,100,random,10,0.6548566878980892,0,7,None,66,1,5,False,10,10
19696,101,random,10,0.6552547770700637,0,7,None,66,1,5,False,10,10
19697,102,random,10,0.6567476114649682,0,7,None,66,1,5,False,10,10
19698,103,random,10,0.6583399681528662,0,7,None,66,1,5,False,10,10
19699,104,random,10,0.6596337579617835,0,7,None,66,1,5,False,10,10
19700,100,random,10,0.6760549363057324,0,25,None,66,1,5,False,10,10
19701,101,random,10,0.6770501592356688,0,25,None,66,1,5,False,10,10
19702,102,random,10,0.6781449044585988,0,25,None,66,1,5,False,10,10
19703,103,random,10,0.6784434713375797,0,25,None,66,1,5,False,10,10
19704,104,random,10,0.6795382165605095,0,25,None,66,1,5,False,10,10
19705,100,random,10,0.6358479299363057,0,26,None,66,1,5,False,10,10
19706,101,random,10,0.6365445859872612,0,26,None,66,1,5,False,10,10
19707,102,random,10,0.6375398089171974,0,26,None,66,1,5,False,10,10
19708,103,random,10,0.638734076433121,0,26,None,66,1,5,False,10,10
19709,104,random,10,0.6391321656050956,0,26,None,66,1,5,False,10,10
19710,100,random,10,0.6865047770700637,0,12,None,66,1,5,False,10,10
19711,101,random,10,0.6874004777070064,0,12,None,66,1,5,False,10,10
19712,102,random,10,0.6882961783439491,0,12,None,66,1,5,False,10,10
19713,103,random,10,0.6898885350318471,0,12,None,66,1,5,False,10,10
19714,104,random,10,0.6910828025477707,0,12,None,66,1,5,False,10,10
19715,100,random,10,0.6277866242038217,0,17,None,66,1,5,False,10,10
19716,101,random,10,0.6273885350318471,0,17,None,66,1,5,False,10,10
19717,102,random,10,0.6285828025477707,0,17,None,66,1,5,False,10,10
19718,103,random,10,0.6285828025477707,0,17,None,66,1,5,False,10,10
19719,104,random,10,0.6294785031847133,0,17,None,66,1,5,False,10,10
19720,100,random,10,0.6558519108280255,0,24,None,66,1,5,False,10,10
19721,101,random,10,0.6579418789808917,0,24,None,66,1,5,False,10,10
19722,102,random,10,0.6602308917197452,0,24,None,66,1,5,False,10,10
19723,103,random,10,0.6615246815286624,0,24,None,66,1,5,False,10,10
19724,104,random,10,0.6622213375796179,0,24,None,66,1,5,False,10,10
19725,100,random,10,0.6396297770700637,0,19,None,66,1,5,False,10,10
19726,101,random,10,0.6382364649681529,0,19,None,66,1,5,False,10,10
19727,102,random,10,0.6352507961783439,0,19,None,66,1,5,False,10,10
19728,103,random,10,0.6332603503184714,0,19,None,66,1,5,False,10,10
19729,104,random,10,0.6319665605095541,0,19,None,66,1,5,False,10,10
19730,100,random,10,0.6422173566878981,0,8,None,66,1,5,False,10,10
19731,101,random,10,0.6424164012738853,0,8,None,66,1,5,False,10,10
19732,102,random,10,0.6429140127388535,0,8,None,66,1,5,False,10,10
19733,103,random,10,0.6436106687898089,0,8,None,66,1,5,False,10,10
19734,104,random,10,0.6443073248407644,0,8,None,66,1,5,False,10,10
19735,100,random,10,0.6682921974522293,0,21,None,66,1,5,False,10,10
19736,101,random,10,0.6702826433121019,0,21,None,66,1,5,False,10,10
19737,102,random,10,0.6719745222929936,0,21,None,66,1,5,False,10,10
19738,103,random,10,0.6735668789808917,0,21,None,66,1,5,False,10,10
19739,104,random,10,0.6747611464968153,0,21,None,66,1,5,False,10,10
19740,100,random,10,0.6454020700636943,0,18,None,66,1,5,False,10,10
19741,101,random,10,0.646297770700637,0,18,None,66,1,5,False,10,10
19742,102,random,10,0.6475915605095541,0,18,None,66,1,5,False,10,10
19743,103,random,10,0.6484872611464968,0,18,None,66,1,5,False,10,10
19744,104,random,10,0.6499800955414012,0,18,None,66,1,5,False,10,10
19745,100,random,10,0.6377388535031847,0,27,None,66,1,5,False,10,10
19746,101,random,10,0.6398288216560509,0,27,None,66,1,5,False,10,10
19747,102,random,10,0.6415207006369427,0,27,None,66,1,5,False,10,10
19748,103,random,10,0.6439092356687898,0,27,None,66,1,5,False,10,10
19749,104,random,10,0.645203025477707,0,27,None,66,1,5,False,10,10
19750,100,random,10,0.5610071656050956,0,31,None,66,1,5,False,10,10
19751,101,random,10,0.5712579617834395,0,31,None,66,1,5,False,10,10
19752,102,random,10,0.5806130573248408,0,31,None,66,1,5,False,10,10
19753,103,random,10,0.5902667197452229,0,31,None,66,1,5,False,10,10
19754,104,random,10,0.5977308917197452,0,31,None,66,1,5,False,10,10
19755,100,random,10,0.6246019108280255,0,28,None,66,1,5,False,10,10
19756,101,random,10,0.6256966560509554,0,28,None,66,1,5,False,10,10
19757,102,random,10,0.6269904458598726,0,28,None,66,1,5,False,10,10
19758,103,random,10,0.6280851910828026,0,28,None,66,1,5,False,10,10
19759,104,random,10,0.6285828025477707,0,28,None,66,1,5,False,10,10
19760,100,random,10,0.6668988853503185,0,3,None,66,1,5,False,10,10
19761,101,random,10,0.6666998407643312,0,3,None,66,1,5,False,10,10
19762,102,random,10,0.6666998407643312,0,3,None,66,1,5,False,10,10
19763,103,random,10,0.6684912420382165,0,3,None,66,1,5,False,10,10
19764,104,random,10,0.6701831210191083,0,3,None,66,1,5,False,10,10
19765,100,random,10,0.637937898089172,0,29,None,66,1,5,False,10,10
19766,101,random,10,0.6397292993630573,0,29,None,66,1,5,False,10,10
19767,102,random,10,0.6413216560509554,0,29,None,66,1,5,False,10,10
19768,103,random,10,0.6429140127388535,0,29,None,66,1,5,False,10,10
19769,104,random,10,0.6447054140127388,0,29,None,66,1,5,False,10,10
19770,100,random,10,0.6584394904458599,0,0,None,66,1,5,False,10,10
19771,101,random,10,0.6623208598726115,0,0,None,66,1,5,False,10,10
19772,102,random,10,0.6642117834394905,0,0,None,66,1,5,False,10,10
19773,103,random,10,0.665406050955414,0,0,None,66,1,5,False,10,10
19774,104,random,10,0.6666998407643312,0,0,None,66,1,5,False,10,10
19775,100,random,10,0.6630175159235668,0,4,None,66,1,5,False,10,10
19776,101,random,10,0.6644108280254777,0,4,None,66,1,5,False,10,10
19777,102,random,10,0.6650079617834395,0,4,None,66,1,5,False,10,10
19778,103,random,10,0.6656050955414012,0,4,None,66,1,5,False,10,10
19779,104,random,10,0.6666998407643312,0,4,None,66,1,5,False,10,10
19780,100,random,10,0.6200238853503185,0,6,None,66,1,5,False,10,10
19781,101,random,10,0.6208200636942676,0,6,None,66,1,5,False,10,10
19782,102,random,10,0.6215167197452229,0,6,None,66,1,5,False,10,10
19783,103,random,10,0.6227109872611465,0,6,None,66,1,5,False,10,10
19784,104,random,10,0.6237062101910829,0,6,None,66,1,5,False,10,10
19785,100,random,10,0.6842157643312102,0,9,None,66,1,5,False,10,10
19786,101,random,10,0.6852109872611465,0,9,None,66,1,5,False,10,10
19787,102,random,10,0.6866042993630573,0,9,None,66,1,5,False,10,10
19788,103,random,10,0.6873009554140127,0,9,None,66,1,5,False,10,10
19789,104,random,10,0.6877985668789809,0,9,None,66,1,5,False,10,10
19790,100,random,10,0.6565485668789809,0,22,None,66,1,5,False,10,10
19791,101,random,10,0.6574442675159236,0,22,None,66,1,5,False,10,10
19792,102,random,10,0.6588375796178344,0,22,None,66,1,5,False,10,10
19793,103,random,10,0.6607285031847133,0,22,None,66,1,5,False,10,10
19794,104,random,10,0.6625199044585988,0,22,None,66,1,5,False,10,10
19795,100,random,10,0.6473925159235668,0,14,None,66,1,5,False,10,10
19796,101,random,10,0.6487858280254777,0,14,None,66,1,5,False,10,10
19797,102,random,10,0.6508757961783439,0,14,None,66,1,5,False,10,10
19798,103,random,10,0.6517714968152867,0,14,None,66,1,5,False,10,10
19799,104,random,10,0.653562898089172,0,14,None,66,1,5,False,10,10
23265,105,random,10,0.631468949044586,0,5,None,66,1,5,False,10,10
23266,106,random,10,0.6328622611464968,0,5,None,66,1,5,False,10,10
23267,107,random,10,0.6343550955414012,0,5,None,66,1,5,False,10,10
23268,108,random,10,0.6352507961783439,0,5,None,66,1,5,False,10,10
23269,109,random,10,0.6356488853503185,0,5,None,66,1,5,False,10,10
23270,105,random,10,0.673765923566879,0,13,None,66,1,5,False,10,10
23271,106,random,10,0.6754578025477707,0,13,None,66,1,5,False,10,10
23272,107,random,10,0.6755573248407644,0,13,None,66,1,5,False,10,10
23273,108,random,10,0.6765525477707006,0,13,None,66,1,5,False,10,10
23274,109,random,10,0.6782444267515924,0,13,None,66,1,5,False,10,10
23275,105,random,10,0.7003383757961783,0,15,None,66,1,5,False,10,10
23276,106,random,10,0.7022292993630573,0,15,None,66,1,5,False,10,10
23277,107,random,10,0.7029259554140127,0,15,None,66,1,5,False,10,10
23278,108,random,10,0.7039211783439491,0,15,None,66,1,5,False,10,10
23279,109,random,10,0.7053144904458599,0,15,None,66,1,5,False,10,10
23280,105,random,10,0.6271894904458599,0,16,None,66,1,5,False,10,10
23281,106,random,10,0.6284832802547771,0,16,None,66,1,5,False,10,10
23282,107,random,10,0.6281847133757962,0,16,None,66,1,5,False,10,10
23283,108,random,10,0.6279856687898089,0,16,None,66,1,5,False,10,10
23284,109,random,10,0.6285828025477707,0,16,None,66,1,5,False,10,10
23285,105,random,10,0.6477906050955414,0,8,None,66,1,5,False,10,10
23286,106,random,10,0.6485867834394905,0,8,None,66,1,5,False,10,10
23287,107,random,10,0.6491839171974523,0,8,None,66,1,5,False,10,10
23288,108,random,10,0.6492834394904459,0,8,None,66,1,5,False,10,10
23289,109,random,10,0.649781050955414,0,8,None,66,1,5,False,10,10
23290,105,random,10,0.6362460191082803,0,19,None,66,1,5,False,10,10
23291,106,random,10,0.6325636942675159,0,19,None,66,1,5,False,10,10
23292,107,random,10,0.6302746815286624,0,19,None,66,1,5,False,10,10
23293,108,random,10,0.6288813694267515,0,19,None,66,1,5,False,10,10
23294,109,random,10,0.6273885350318471,0,19,None,66,1,5,False,10,10
23295,105,random,10,0.6644108280254777,0,22,None,66,1,5,False,10,10
23296,106,random,10,0.665406050955414,0,22,None,66,1,5,False,10,10
23297,107,random,10,0.6668988853503185,0,22,None,66,1,5,False,10,10
23298,108,random,10,0.6679936305732485,0,22,None,66,1,5,False,10,10
23299,109,random,10,0.6693869426751592,0,22,None,66,1,5,False,10,10
23300,105,random,10,0.6563495222929936,0,14,None,66,1,5,False,10,10
23301,106,random,10,0.6569466560509554,0,14,None,66,1,5,False,10,10
23302,107,random,10,0.6592356687898089,0,14,None,66,1,5,False,10,10
23303,108,random,10,0.660031847133758,0,14,None,66,1,5,False,10,10
23304,109,random,10,0.6606289808917197,0,14,None,66,1,5,False,10,10
23305,105,random,10,0.6685907643312102,0,23,None,66,1,5,False,10,10
23306,106,random,10,0.6695859872611465,0,23,None,66,1,5,False,10,10
23307,107,random,10,0.6692874203821656,0,23,None,66,1,5,False,10,10
23308,108,random,10,0.6712778662420382,0,23,None,66,1,5,False,10,10
23309,109,random,10,0.6721735668789809,0,23,None,66,1,5,False,10,10
23310,105,random,10,0.6765525477707006,0,21,None,66,1,5,False,10,10
23311,106,random,10,0.6779458598726115,0,21,None,66,1,5,False,10,10
23312,107,random,10,0.678343949044586,0,21,None,66,1,5,False,10,10
23313,108,random,10,0.679140127388535,0,21,None,66,1,5,False,10,10
23314,109,random,10,0.6807324840764332,0,21,None,66,1,5,False,10,10
23315,105,random,10,0.6801353503184714,0,25,None,66,1,5,False,10,10
23316,106,random,10,0.6807324840764332,0,25,None,66,1,5,False,10,10
23317,107,random,10,0.6808320063694268,0,25,None,66,1,5,False,10,10
23318,108,random,10,0.6820262738853503,0,25,None,66,1,5,False,10,10
23319,109,random,10,0.6832205414012739,0,25,None,66,1,5,False,10,10
23320,105,random,10,0.6388335987261147,0,26,None,66,1,5,False,10,10
23321,106,random,10,0.6397292993630573,0,26,None,66,1,5,False,10,10
23322,107,random,10,0.6407245222929936,0,26,None,66,1,5,False,10,10
23323,108,random,10,0.6412221337579618,0,26,None,66,1,5,False,10,10
23324,109,random,10,0.6421178343949044,0,26,None,66,1,5,False,10,10
23325,105,random,10,0.6906847133757962,0,12,None,66,1,5,False,10,10
23326,106,random,10,0.6909832802547771,0,12,None,66,1,5,False,10,10
23327,107,random,10,0.6918789808917197,0,12,None,66,1,5,False,10,10
23328,108,random,10,0.6932722929936306,0,12,None,66,1,5,False,10,10
23329,109,random,10,0.694765127388535,0,12,None,66,1,5,False,10,10
23330,105,random,10,0.6610270700636943,0,24,None,66,1,5,False,10,10
23331,106,random,10,0.6623208598726115,0,24,None,66,1,5,False,10,10
23332,107,random,10,0.6634156050955414,0,24,None,66,1,5,False,10,10
23333,108,random,10,0.6655055732484076,0,24,None,66,1,5,False,10,10
23334,109,random,10,0.6663017515923567,0,24,None,66,1,5,False,10,10
23335,105,random,10,0.6297770700636943,0,28,None,66,1,5,False,10,10
23336,106,random,10,0.6300756369426752,0,28,None,66,1,5,False,10,10
23337,107,random,10,0.6313694267515924,0,28,None,66,1,5,False,10,10
23338,108,random,10,0.6323646496815286,0,28,None,66,1,5,False,10,10
23339,109,random,10,0.6335589171974523,0,28,None,66,1,5,False,10,10
23340,105,random,10,0.6748606687898089,0,30,None,66,1,5,False,10,10
23341,106,random,10,0.6755573248407644,0,30,None,66,1,5,False,10,10
23342,107,random,10,0.6767515923566879,0,30,None,66,1,5,False,10,10
23343,108,random,10,0.6773487261146497,0,30,None,66,1,5,False,10,10
23344,109,random,10,0.6780453821656051,0,30,None,66,1,5,False,10,10
23345,105,random,10,0.6259952229299363,0,6,None,66,1,5,False,10,10
23346,106,random,10,0.6271894904458599,0,6,None,66,1,5,False,10,10
23347,107,random,10,0.6279856687898089,0,6,None,66,1,5,False,10,10
23348,108,random,10,0.6294785031847133,0,6,None,66,1,5,False,10,10
23349,109,random,10,0.6300756369426752,0,6,None,66,1,5,False,10,10
23350,105,random,10,0.6511743630573248,0,18,None,66,1,5,False,10,10
23351,106,random,10,0.6518710191082803,0,18,None,66,1,5,False,10,10
23352,107,random,10,0.6546576433121019,0,18,None,66,1,5,False,10,10
23353,108,random,10,0.6560509554140127,0,18,None,66,1,5,False,10,10
23354,109,random,10,0.6566480891719745,0,18,None,66,1,5,False,10,10
23355,105,random,10,0.6430135350318471,0,27,None,66,1,5,False,10,10
23356,106,random,10,0.6450039808917197,0,27,None,66,1,5,False,10,10
23357,107,random,10,0.6464968152866242,0,27,None,66,1,5,False,10,10
23358,108,random,10,0.6483877388535032,0,27,None,66,1,5,False,10,10
23359,109,random,10,0.6512738853503185,0,27,None,66,1,5,False,10,10
23360,105,random,10,0.5540406050955414,0,31,None,66,1,5,False,10,10
23361,106,random,10,0.5660828025477707,0,31,None,66,1,5,False,10,10
23362,107,random,10,0.5767316878980892,0,31,None,66,1,5,False,10,10
23363,108,random,10,0.5868829617834395,0,31,None,66,1,5,False,10,10
23364,109,random,10,0.5968351910828026,0,31,None,66,1,5,False,10,10
23365,105,random,10,0.6915804140127388,0,32,None,66,1,5,False,10,10
23366,106,random,10,0.6925756369426752,0,32,None,66,1,5,False,10,10
23367,107,random,10,0.6938694267515924,0,32,None,66,1,5,False,10,10
23368,108,random,10,0.6957603503184714,0,32,None,66,1,5,False,10,10
23369,109,random,10,0.6967555732484076,0,32,None,66,1,5,False,10,10
23370,105,random,10,0.6613256369426752,0,7,None,66,1,5,False,10,10
23371,106,random,10,0.662718949044586,0,7,None,66,1,5,False,10,10
23372,107,random,10,0.6642117834394905,0,7,None,66,1,5,False,10,10
23373,108,random,10,0.6652070063694268,0,7,None,66,1,5,False,10,10
23374,109,random,10,0.6670979299363057,0,7,None,66,1,5,False,10,10
23375,105,random,10,0.617734872611465,0,1,None,66,1,5,False,10,10
23376,106,random,10,0.6194267515923567,0,1,None,66,1,5,False,10,10
23377,107,random,10,0.6201234076433121,0,1,None,66,1,5,False,10,10
23378,108,random,10,0.6208200636942676,0,1,None,66,1,5,False,10,10
23379,109,random,10,0.6216162420382165,0,1,None,66,1,5,False,10,10
23380,105,random,10,0.6689888535031847,0,2,None,66,1,5,False,10,10
23381,106,random,10,0.6732683121019108,0,2,None,66,1,5,False,10,10
23382,107,random,10,0.6752587579617835,0,2,None,66,1,5,False,10,10
23383,108,random,10,0.6780453821656051,0,2,None,66,1,5,False,10,10
23384,109,random,10,0.6806329617834395,0,2,None,66,1,5,False,10,10
23385,105,random,10,0.6689888535031847,0,10,None,66,1,5,False,10,10
23386,106,random,10,0.6701831210191083,0,10,None,66,1,5,False,10,10
23387,107,random,10,0.6723726114649682,0,10,None,66,1,5,False,10,10
23388,108,random,10,0.6743630573248408,0,10,None,66,1,5,False,10,10
23389,109,random,10,0.6753582802547771,0,10,None,66,1,5,False,10,10
23390,105,random,10,0.6738654458598726,0,11,None,66,1,5,False,10,10
23391,106,random,10,0.6740644904458599,0,11,None,66,1,5,False,10,10
23392,107,random,10,0.6726711783439491,0,11,None,66,1,5,False,10,10
23393,108,random,10,0.671875,0,11,None,66,1,5,False,10,10
23394,109,random,10,0.6702826433121019,0,11,None,66,1,5,False,10,10
23395,105,random,10,0.6340565286624203,0,17,None,66,1,5,False,10,10
23396,106,random,10,0.6326632165605095,0,17,None,66,1,5,False,10,10
23397,107,random,10,0.6338574840764332,0,17,None,66,1,5,False,10,10
23398,108,random,10,0.6340565286624203,0,17,None,66,1,5,False,10,10
23399,109,random,10,0.6346536624203821,0,17,None,66,1,5,False,10,10
23400,105,random,10,0.6728702229299363,0,4,None,66,1,5,False,10,10
23401,106,random,10,0.673765923566879,0,4,None,66,1,5,False,10,10
23402,107,random,10,0.6743630573248408,0,4,None,66,1,5,False,10,10
23403,108,random,10,0.6748606687898089,0,4,None,66,1,5,False,10,10
23404,109,random,10,0.675656847133758,0,4,None,66,1,5,False,10,10
23405,105,random,10,0.6733678343949044,0,3,None,66,1,5,False,10,10
23406,106,random,10,0.6736664012738853,0,3,None,66,1,5,False,10,10
23407,107,random,10,0.6759554140127388,0,3,None,66,1,5,False,10,10
23408,108,random,10,0.675656847133758,0,3,None,66,1,5,False,10,10
23409,109,random,10,0.6762539808917197,0,3,None,66,1,5,False,10,10
23410,105,random,10,0.6645103503184714,0,20,None,66,1,5,False,10,10
23411,106,random,10,0.666202229299363,0,20,None,66,1,5,False,10,10
23412,107,random,10,0.6666998407643312,0,20,None,66,1,5,False,10,10
23413,108,random,10,0.6676950636942676,0,20,None,66,1,5,False,10,10
23414,109,random,10,0.6675955414012739,0,20,None,66,1,5,False,10,10
23415,110,random,10,0.6407245222929936,0,26,None,66,1,5,False,10,10
23416,111,random,10,0.6412221337579618,0,26,None,66,1,5,False,10,10
23417,112,random,10,0.6419187898089171,0,26,None,66,1,5,False,10,10
23418,113,random,10,0.6418192675159236,0,26,None,66,1,5,False,10,10
23419,114,random,10,0.6418192675159236,0,26,None,66,1,5,False,10,10
23420,105,random,10,0.6887937898089171,0,9,None,66,1,5,False,10,10
23421,106,random,10,0.6889928343949044,0,9,None,66,1,5,False,10,10
23422,107,random,10,0.6896894904458599,0,9,None,66,1,5,False,10,10
23423,108,random,10,0.6906847133757962,0,9,None,66,1,5,False,10,10
23424,109,random,10,0.6926751592356688,0,9,None,66,1,5,False,10,10
23425,105,random,10,0.6446058917197452,0,29,None,66,1,5,False,10,10
23426,106,random,10,0.6479896496815286,0,29,None,66,1,5,False,10,10
23427,107,random,10,0.6498805732484076,0,29,None,66,1,5,False,10,10
23428,108,random,10,0.6506767515923567,0,29,None,66,1,5,False,10,10
23429,109,random,10,0.6515724522292994,0,29,None,66,1,5,False,10,10
23430,105,random,10,0.6628184713375797,0,0,None,66,1,5,False,10,10
23431,106,random,10,0.6663017515923567,0,0,None,66,1,5,False,10,10
23432,107,random,10,0.6684912420382165,0,0,None,66,1,5,False,10,10
23433,108,random,10,0.6711783439490446,0,0,None,66,1,5,False,10,10
23434,109,random,10,0.6726711783439491,0,0,None,66,1,5,False,10,10
23435,110,random,10,0.683718152866242,0,25,None,66,1,5,False,10,10
23436,111,random,10,0.6850119426751592,0,25,None,66,1,5,False,10,10
23437,112,random,10,0.6853105095541401,0,25,None,66,1,5,False,10,10
23438,113,random,10,0.6860071656050956,0,25,None,66,1,5,False,10,10
23439,114,random,10,0.6866042993630573,0,25,None,66,1,5,False,10,10
23440,110,random,10,0.6607285031847133,0,14,None,66,1,5,False,10,10
23441,111,random,10,0.6624203821656051,0,14,None,66,1,5,False,10,10
23442,112,random,10,0.6629179936305732,0,14,None,66,1,5,False,10,10
23443,113,random,10,0.6641122611464968,0,14,None,66,1,5,False,10,10
23444,114,random,10,0.6663017515923567,0,14,None,66,1,5,False,10,10
23445,110,random,10,0.6336584394904459,0,1,None,66,1,5,False,10,10
23446,111,random,10,0.6336584394904459,0,1,None,66,1,5,False,10,10
23447,112,random,10,0.6340565286624203,0,1,None,66,1,5,False,10,10
23448,113,random,10,0.6348527070063694,0,1,None,66,1,5,False,10,10
23449,114,random,10,0.6346536624203821,0,1,None,66,1,5,False,10,10
23450,110,random,10,0.6526671974522293,0,29,None,66,1,5,False,10,10
23451,111,random,10,0.6540605095541401,0,29,None,66,1,5,False,10,10
23452,112,random,10,0.65515525477707,0,29,None,66,1,5,False,10,10
23453,113,random,10,0.6568471337579618,0,29,None,66,1,5,False,10,10
23454,114,random,10,0.6585390127388535,0,29,None,66,1,5,False,10,10
23455,110,random,10,0.6793391719745223,0,2,None,66,1,5,False,10,10
23456,111,random,10,0.6834195859872612,0,2,None,66,1,5,False,10,10
23457,112,random,10,0.6852109872611465,0,2,None,66,1,5,False,10,10
23458,113,random,10,0.6863057324840764,0,2,None,66,1,5,False,10,10
23459,114,random,10,0.68859474522293,0,2,None,66,1,5,False,10,10
23460,110,random,10,0.6704816878980892,0,7,None,66,1,5,False,10,10
23461,111,random,10,0.6713773885350318,0,7,None,66,1,5,False,10,10
23462,112,random,10,0.6727707006369427,0,7,None,66,1,5,False,10,10
23463,113,random,10,0.6732683121019108,0,7,None,66,1,5,False,10,10
23464,114,random,10,0.6743630573248408,0,7,None,66,1,5,False,10,10
23465,110,random,10,0.6916799363057324,0,9,None,66,1,5,False,10,10
23466,111,random,10,0.6932722929936306,0,9,None,66,1,5,False,10,10
23467,112,random,10,0.6944665605095541,0,9,None,66,1,5,False,10,10
23468,113,random,10,0.6953622611464968,0,9,None,66,1,5,False,10,10
23469,114,random,10,0.6964570063694268,0,9,None,66,1,5,False,10,10
23470,110,random,10,0.7065087579617835,0,15,None,66,1,5,False,10,10
23471,111,random,10,0.7064092356687898,0,15,None,66,1,5,False,10,10
23472,112,random,10,0.7067078025477707,0,15,None,66,1,5,False,10,10
23473,113,random,10,0.7078025477707006,0,15,None,66,1,5,False,10,10
23474,114,random,10,0.7079020700636943,0,15,None,66,1,5,False,10,10
23475,110,random,10,0.6660031847133758,0,20,None,66,1,5,False,10,10
23476,111,random,10,0.6676950636942676,0,20,None,66,1,5,False,10,10
23477,112,random,10,0.6689888535031847,0,20,None,66,1,5,False,10,10
23478,113,random,10,0.6704816878980892,0,20,None,66,1,5,False,10,10
23479,114,random,10,0.6716759554140127,0,20,None,66,1,5,False,10,10
23480,110,random,10,0.6780453821656051,0,10,None,66,1,5,False,10,10
23481,111,random,10,0.6807324840764332,0,10,None,66,1,5,False,10,10
23482,112,random,10,0.6820262738853503,0,10,None,66,1,5,False,10,10
23483,113,random,10,0.6834195859872612,0,10,None,66,1,5,False,10,10
23484,114,random,10,0.685609076433121,0,10,None,66,1,5,False,10,10
23485,110,random,10,0.6978503184713376,0,32,None,66,1,5,False,10,10
23486,111,random,10,0.6975517515923567,0,32,None,66,1,5,False,10,10
23487,112,random,10,0.6997412420382165,0,32,None,66,1,5,False,10,10
23488,113,random,10,0.7001393312101911,0,32,None,66,1,5,False,10,10
23489,114,random,10,0.7011345541401274,0,32,None,66,1,5,False,10,10
23490,110,random,10,0.6741640127388535,0,22,None,66,1,5,False,10,10
23491,111,random,10,0.6757563694267515,0,22,None,66,1,5,False,10,10
23492,112,random,10,0.6768511146496815,0,22,None,66,1,5,False,10,10
23493,113,random,10,0.6786425159235668,0,22,None,66,1,5,False,10,10
23494,114,random,10,0.6790406050955414,0,22,None,66,1,5,False,10,10
23495,110,random,10,0.6372412420382165,0,5,None,66,1,5,False,10,10
23496,111,random,10,0.6378383757961783,0,5,None,66,1,5,False,10,10
23497,112,random,10,0.6389331210191083,0,5,None,66,1,5,False,10,10
23498,113,random,10,0.6400278662420382,0,5,None,66,1,5,False,10,10
23499,114,random,10,0.6411226114649682,0,5,None,66,1,5,False,10,10
23500,110,random,10,0.6303742038216561,0,6,None,66,1,5,False,10,10
23501,111,random,10,0.6312699044585988,0,6,None,66,1,5,False,10,10
23502,112,random,10,0.6318670382165605,0,6,None,66,1,5,False,10,10
23503,113,random,10,0.6327627388535032,0,6,None,66,1,5,False,10,10
23504,114,random,10,0.6342555732484076,0,6,None,66,1,5,False,10,10
23505,110,random,10,0.633359872611465,0,16,None,66,1,5,False,10,10
23506,111,random,10,0.6342555732484076,0,16,None,66,1,5,False,10,10
23507,112,random,10,0.634156050955414,0,16,None,66,1,5,False,10,10
23508,113,random,10,0.634156050955414,0,16,None,66,1,5,False,10,10
23509,114,random,10,0.6339570063694268,0,16,None,66,1,5,False,10,10
23510,110,random,10,0.6814291401273885,0,13,None,66,1,5,False,10,10
23511,111,random,10,0.6827229299363057,0,13,None,66,1,5,False,10,10
23512,112,random,10,0.6833200636942676,0,13,None,66,1,5,False,10,10
23513,113,random,10,0.6852109872611465,0,13,None,66,1,5,False,10,10
23514,114,random,10,0.6863057324840764,0,13,None,66,1,5,False,10,10
23515,110,random,10,0.700437898089172,0,12,None,66,1,5,False,10,10
23516,111,random,10,0.7013335987261147,0,12,None,66,1,5,False,10,10
23517,112,random,10,0.7015326433121019,0,12,None,66,1,5,False,10,10
23518,113,random,10,0.7025278662420382,0,12,None,66,1,5,False,10,10
23519,114,random,10,0.703125,0,12,None,66,1,5,False,10,10
23520,110,random,10,0.6785429936305732,0,21,None,66,1,5,False,10,10
23521,111,random,10,0.6799363057324841,0,21,None,66,1,5,False,10,10
23522,112,random,10,0.6813296178343949,0,21,None,66,1,5,False,10,10
23523,113,random,10,0.6819267515923567,0,21,None,66,1,5,False,10,10
23524,114,random,10,0.6836186305732485,0,21,None,66,1,5,False,10,10
23525,110,random,10,0.6726711783439491,0,23,None,66,1,5,False,10,10
23526,111,random,10,0.673765923566879,0,23,None,66,1,5,False,10,10
23527,112,random,10,0.6760549363057324,0,23,None,66,1,5,False,10,10
23528,113,random,10,0.6771496815286624,0,23,None,66,1,5,False,10,10
23529,114,random,10,0.677547770700637,0,23,None,66,1,5,False,10,10
23530,110,random,10,0.676453025477707,0,4,None,66,1,5,False,10,10
23531,111,random,10,0.6777468152866242,0,4,None,66,1,5,False,10,10
23532,112,random,10,0.6786425159235668,0,4,None,66,1,5,False,10,10
23533,113,random,10,0.6796377388535032,0,4,None,66,1,5,False,10,10
23534,114,random,10,0.6809315286624203,0,4,None,66,1,5,False,10,10
23535,110,random,10,0.6770501592356688,0,30,None,66,1,5,False,10,10
23536,111,random,10,0.6784434713375797,0,30,None,66,1,5,False,10,10
23537,112,random,10,0.6798367834394905,0,30,None,66,1,5,False,10,10
23538,113,random,10,0.681031050955414,0,30,None,66,1,5,False,10,10
23539,114,random,10,0.6828224522292994,0,30,None,66,1,5,False,10,10
23540,110,random,10,0.6512738853503185,0,27,None,66,1,5,False,10,10
23541,111,random,10,0.6527667197452229,0,27,None,66,1,5,False,10,10
23542,112,random,10,0.6548566878980892,0,27,None,66,1,5,False,10,10
23543,113,random,10,0.6557523885350318,0,27,None,66,1,5,False,10,10
23544,114,random,10,0.6586385350318471,0,27,None,66,1,5,False,10,10
23545,110,random,10,0.6555533439490446,0,8,None,66,1,5,False,10,10
23546,111,random,10,0.6560509554140127,0,8,None,66,1,5,False,10,10
23547,112,random,10,0.6568471337579618,0,8,None,66,1,5,False,10,10
23548,113,random,10,0.6571457006369427,0,8,None,66,1,5,False,10,10
23549,114,random,10,0.6572452229299363,0,8,None,66,1,5,False,10,10
23550,110,random,10,0.6564490445859873,0,18,None,66,1,5,False,10,10
23551,111,random,10,0.6583399681528662,0,18,None,66,1,5,False,10,10
23552,112,random,10,0.6605294585987261,0,18,None,66,1,5,False,10,10
23553,113,random,10,0.662718949044586,0,18,None,66,1,5,False,10,10
23554,114,random,10,0.6634156050955414,0,18,None,66,1,5,False,10,10
23555,110,random,10,0.6271894904458599,0,19,None,66,1,5,False,10,10
23556,111,random,10,0.6272890127388535,0,19,None,66,1,5,False,10,10
23557,112,random,10,0.6284832802547771,0,19,None,66,1,5,False,10,10
23558,113,random,10,0.6279856687898089,0,19,None,66,1,5,False,10,10
23559,114,random,10,0.6284832802547771,0,19,None,66,1,5,False,10,10
23560,110,random,10,0.5472730891719745,0,31,None,66,1,5,False,10,10
23561,111,random,10,0.5561305732484076,0,31,None,66,1,5,False,10,10
23562,112,random,10,0.5685708598726115,0,31,None,66,1,5,False,10,10
23563,113,random,10,0.5798168789808917,0,31,None,66,1,5,False,10,10
23564,114,random,10,0.5915605095541401,0,31,None,66,1,5,False,10,10
23565,110,random,10,0.6365445859872612,0,28,None,66,1,5,False,10,10
23566,111,random,10,0.6373407643312102,0,28,None,66,1,5,False,10,10
23567,112,random,10,0.6382364649681529,0,28,None,66,1,5,False,10,10
23568,113,random,10,0.6382364649681529,0,28,None,66,1,5,False,10,10
23569,114,random,10,0.6386345541401274,0,28,None,66,1,5,False,10,10
23570,110,random,10,0.6778463375796179,0,0,None,66,1,5,False,10,10
23571,111,random,10,0.6784434713375797,0,0,None,66,1,5,False,10,10
23572,112,random,10,0.680234872611465,0,0,None,66,1,5,False,10,10
23573,113,random,10,0.6826234076433121,0,0,None,66,1,5,False,10,10
23574,114,random,10,0.6834195859872612,0,0,None,66,1,5,False,10,10
23575,110,random,10,0.6852109872611465,0,11,None,66,1,5,False,10,10
23576,111,random,10,0.6846138535031847,0,11,None,66,1,5,False,10,10
23577,112,random,10,0.6830214968152867,0,11,None,66,1,5,False,10,10
23578,113,random,10,0.6828224522292994,0,11,None,66,1,5,False,10,10
23579,114,random,10,0.6811305732484076,0,11,None,66,1,5,False,10,10
23580,110,random,10,0.63953025477707,0,17,None,66,1,5,False,10,10
23581,111,random,10,0.638734076433121,0,17,None,66,1,5,False,10,10
23582,112,random,10,0.6388335987261147,0,17,None,66,1,5,False,10,10
23583,113,random,10,0.6388335987261147,0,17,None,66,1,5,False,10,10
23584,114,random,10,0.640625,0,17,None,66,1,5,False,10,10
23585,110,random,10,0.6800358280254777,0,3,None,66,1,5,False,10,10
23586,111,random,10,0.6801353503184714,0,3,None,66,1,5,False,10,10
23587,112,random,10,0.6803343949044586,0,3,None,66,1,5,False,10,10
23588,113,random,10,0.6806329617834395,0,3,None,66,1,5,False,10,10
23589,114,random,10,0.6819267515923567,0,3,None,66,1,5,False,10,10
23590,110,random,10,0.6694864649681529,0,24,None,66,1,5,False,10,10
23591,111,random,10,0.6708797770700637,0,24,None,66,1,5,False,10,10
23592,112,random,10,0.6714769108280255,0,24,None,66,1,5,False,10,10
23593,113,random,10,0.6723726114649682,0,24,None,66,1,5,False,10,10
23594,114,random,10,0.6735668789808917,0,24,None,66,1,5,False,10,10
27390,115,random,10,0.6868033439490446,0,2,None,66,1,5,False,10,10
27391,116,random,10,0.6900875796178344,0,2,None,66,1,5,False,10,10
27392,117,random,10,0.6918789808917197,0,2,None,66,1,5,False,10,10
27393,118,random,10,0.6941679936305732,0,2,None,66,1,5,False,10,10
27394,119,random,10,0.6964570063694268,0,2,None,66,1,5,False,10,10
27395,115,random,10,0.6423168789808917,0,5,None,66,1,5,False,10,10
27396,116,random,10,0.6427149681528662,0,5,None,66,1,5,False,10,10
27397,117,random,10,0.6441082802547771,0,5,None,66,1,5,False,10,10
27398,118,random,10,0.644406847133758,0,5,None,66,1,5,False,10,10
27399,119,random,10,0.6450039808917197,0,5,None,66,1,5,False,10,10
27400,115,random,10,0.6871019108280255,0,13,None,66,1,5,False,10,10
27401,116,random,10,0.6894904458598726,0,13,None,66,1,5,False,10,10
27402,117,random,10,0.6907842356687898,0,13,None,66,1,5,False,10,10
27403,118,random,10,0.6915804140127388,0,13,None,66,1,5,False,10,10
27404,119,random,10,0.6930732484076433,0,13,None,66,1,5,False,10,10
27405,115,random,10,0.7091958598726115,0,15,None,66,1,5,False,10,10
27406,116,random,10,0.7090963375796179,0,15,None,66,1,5,False,10,10
27407,117,random,10,0.7097929936305732,0,15,None,66,1,5,False,10,10
27408,118,random,10,0.7098925159235668,0,15,None,66,1,5,False,10,10
27409,119,random,10,0.7099920382165605,0,15,None,66,1,5,False,10,10
27410,115,random,10,0.6860071656050956,0,10,None,66,1,5,False,10,10
27411,116,random,10,0.6874004777070064,0,10,None,66,1,5,False,10,10
27412,117,random,10,0.68859474522293,0,10,None,66,1,5,False,10,10
27413,118,random,10,0.6905851910828026,0,10,None,66,1,5,False,10,10
27414,119,random,10,0.6935708598726115,0,10,None,66,1,5,False,10,10
27415,115,random,10,0.6352507961783439,0,16,None,66,1,5,False,10,10
27416,116,random,10,0.6362460191082803,0,16,None,66,1,5,False,10,10
27417,117,random,10,0.6365445859872612,0,16,None,66,1,5,False,10,10
27418,118,random,10,0.6365445859872612,0,16,None,66,1,5,False,10,10
27419,119,random,10,0.6375398089171974,0,16,None,66,1,5,False,10,10
27420,115,random,10,0.6899880573248408,0,11,None,66,1,5,False,10,10
27421,116,random,10,0.6876990445859873,0,11,None,66,1,5,False,10,10
27422,117,random,10,0.6875995222929936,0,11,None,66,1,5,False,10,10
27423,118,random,10,0.6870023885350318,0,11,None,66,1,5,False,10,10
27424,119,random,10,0.6859076433121019,0,11,None,66,1,5,False,10,10
27425,115,random,10,0.6607285031847133,0,8,None,66,1,5,False,10,10
27426,116,random,10,0.6613256369426752,0,8,None,66,1,5,False,10,10
27427,117,random,10,0.6626194267515924,0,8,None,66,1,5,False,10,10
27428,118,random,10,0.6625199044585988,0,8,None,66,1,5,False,10,10
27429,119,random,10,0.6631170382165605,0,8,None,66,1,5,False,10,10
27430,115,random,10,0.67078025477707,0,20,None,66,1,5,False,10,10
27431,116,random,10,0.6704816878980892,0,20,None,66,1,5,False,10,10
27432,117,random,10,0.6717754777070064,0,20,None,66,1,5,False,10,10
27433,118,random,10,0.6728702229299363,0,20,None,66,1,5,False,10,10
27434,119,random,10,0.6740644904458599,0,20,None,66,1,5,False,10,10
27435,115,random,10,0.6280851910828026,0,19,None,66,1,5,False,10,10
27436,116,random,10,0.6286823248407644,0,19,None,66,1,5,False,10,10
27437,117,random,10,0.6297770700636943,0,19,None,66,1,5,False,10,10
27438,118,random,10,0.6302746815286624,0,19,None,66,1,5,False,10,10
27439,119,random,10,0.6315684713375797,0,19,None,66,1,5,False,10,10
27440,115,random,10,0.6645103503184714,0,14,None,66,1,5,False,10,10
27441,116,random,10,0.6669984076433121,0,14,None,66,1,5,False,10,10
27442,117,random,10,0.6686902866242038,0,14,None,66,1,5,False,10,10
27443,118,random,10,0.6695859872611465,0,14,None,66,1,5,False,10,10
27444,119,random,10,0.6701831210191083,0,14,None,66,1,5,False,10,10
27445,115,random,10,0.6805334394904459,0,22,None,66,1,5,False,10,10
27446,116,random,10,0.6822253184713376,0,22,None,66,1,5,False,10,10
27447,117,random,10,0.6842157643312102,0,22,None,66,1,5,False,10,10
27448,118,random,10,0.6851114649681529,0,22,None,66,1,5,False,10,10
27449,119,random,10,0.6863057324840764,0,22,None,66,1,5,False,10,10
27450,115,random,10,0.6770501592356688,0,23,None,66,1,5,False,10,10
27451,116,random,10,0.6784434713375797,0,23,None,66,1,5,False,10,10
27452,117,random,10,0.6792396496815286,0,23,None,66,1,5,False,10,10
27453,118,random,10,0.6799363057324841,0,23,None,66,1,5,False,10,10
27454,119,random,10,0.680234872611465,0,23,None,66,1,5,False,10,10
27455,115,random,10,0.6421178343949044,0,26,None,66,1,5,False,10,10
27456,116,random,10,0.6427149681528662,0,26,None,66,1,5,False,10,10
27457,117,random,10,0.6434116242038217,0,26,None,66,1,5,False,10,10
27458,118,random,10,0.643312101910828,0,26,None,66,1,5,False,10,10
27459,119,random,10,0.6437101910828026,0,26,None,66,1,5,False,10,10
27460,115,random,10,0.6419187898089171,0,28,None,66,1,5,False,10,10
27461,116,random,10,0.6421178343949044,0,28,None,66,1,5,False,10,10
27462,117,random,10,0.6426154458598726,0,28,None,66,1,5,False,10,10
27463,118,random,10,0.642515923566879,0,28,None,66,1,5,False,10,10
27464,119,random,10,0.6429140127388535,0,28,None,66,1,5,False,10,10
27465,115,random,10,0.684812898089172,0,3,None,66,1,5,False,10,10
27466,116,random,10,0.6860071656050956,0,3,None,66,1,5,False,10,10
27467,117,random,10,0.6876990445859873,0,3,None,66,1,5,False,10,10
27468,118,random,10,0.6881966560509554,0,3,None,66,1,5,False,10,10
27469,119,random,10,0.6884952229299363,0,3,None,66,1,5,False,10,10
27470,115,random,10,0.65734474522293,0,29,None,66,1,5,False,10,10
27471,116,random,10,0.6587380573248408,0,29,None,66,1,5,False,10,10
27472,117,random,10,0.6607285031847133,0,29,None,66,1,5,False,10,10
27473,118,random,10,0.6629179936305732,0,29,None,66,1,5,False,10,10
27474,119,random,10,0.6645103503184714,0,29,None,66,1,5,False,10,10
27475,115,random,10,0.6807324840764332,0,30,None,66,1,5,False,10,10
27476,116,random,10,0.6827229299363057,0,30,None,66,1,5,False,10,10
27477,117,random,10,0.6845143312101911,0,30,None,66,1,5,False,10,10
27478,118,random,10,0.6849124203821656,0,30,None,66,1,5,False,10,10
27479,119,random,10,0.6857085987261147,0,30,None,66,1,5,False,10,10
27480,115,random,10,0.6336584394904459,0,6,None,66,1,5,False,10,10
27481,116,random,10,0.6346536624203821,0,6,None,66,1,5,False,10,10
27482,117,random,10,0.6353503184713376,0,6,None,66,1,5,False,10,10
27483,118,random,10,0.6358479299363057,0,6,None,66,1,5,False,10,10
27484,119,random,10,0.6363455414012739,0,6,None,66,1,5,False,10,10
27485,115,random,10,0.5509554140127388,0,31,None,66,1,5,False,10,10
27486,116,random,10,0.566281847133758,0,31,None,66,1,5,False,10,10
27487,117,random,10,0.5810111464968153,0,31,None,66,1,5,False,10,10
27488,118,random,10,0.5950437898089171,0,31,None,66,1,5,False,10,10
27489,119,random,10,0.6086783439490446,0,31,None,66,1,5,False,10,10
27490,115,random,10,0.6622213375796179,0,18,None,66,1,5,False,10,10
27491,116,random,10,0.6641122611464968,0,18,None,66,1,5,False,10,10
27492,117,random,10,0.6665007961783439,0,18,None,66,1,5,False,10,10
27493,118,random,10,0.6676950636942676,0,18,None,66,1,5,False,10,10
27494,119,random,10,0.6683917197452229,0,18,None,66,1,5,False,10,10
27495,115,random,10,0.6782444267515924,0,7,None,66,1,5,False,10,10
27496,116,random,10,0.6779458598726115,0,7,None,66,1,5,False,10,10
27497,117,random,10,0.6786425159235668,0,7,None,66,1,5,False,10,10
27498,118,random,10,0.6805334394904459,0,7,None,66,1,5,False,10,10
27499,119,random,10,0.681031050955414,0,7,None,66,1,5,False,10,10
27500,115,random,10,0.6816281847133758,0,4,None,66,1,5,False,10,10
27501,116,random,10,0.681827229299363,0,4,None,66,1,5,False,10,10
27502,117,random,10,0.6828224522292994,0,4,None,66,1,5,False,10,10
27503,118,random,10,0.6834195859872612,0,4,None,66,1,5,False,10,10
27504,119,random,10,0.6843152866242038,0,4,None,66,1,5,False,10,10
27505,115,random,10,0.7028264331210191,0,32,None,66,1,5,False,10,10
27506,116,random,10,0.7029259554140127,0,32,None,66,1,5,False,10,10
27507,117,random,10,0.7034235668789809,0,32,None,66,1,5,False,10,10
27508,118,random,10,0.7046178343949044,0,32,None,66,1,5,False,10,10
27509,119,random,10,0.7065087579617835,0,32,None,66,1,5,False,10,10
27510,115,random,10,0.6439092356687898,0,1,None,66,1,5,False,10,10
27511,116,random,10,0.6432125796178344,0,1,None,66,1,5,False,10,10
27512,117,random,10,0.6442078025477707,0,1,None,66,1,5,False,10,10
27513,118,random,10,0.6447054140127388,0,1,None,66,1,5,False,10,10
27514,119,random,10,0.644406847133758,0,1,None,66,1,5,False,10,10
27515,115,random,10,0.6835191082802548,0,0,None,66,1,5,False,10,10
27516,116,random,10,0.6842157643312102,0,0,None,66,1,5,False,10,10
27517,117,random,10,0.685609076433121,0,0,None,66,1,5,False,10,10
27518,118,random,10,0.6871019108280255,0,0,None,66,1,5,False,10,10
27519,119,random,10,0.6886942675159236,0,0,None,66,1,5,False,10,10
27520,115,random,10,0.6832205414012739,0,21,None,66,1,5,False,10,10
27521,116,random,10,0.6841162420382165,0,21,None,66,1,5,False,10,10
27522,117,random,10,0.6851114649681529,0,21,None,66,1,5,False,10,10
27523,118,random,10,0.6865047770700637,0,21,None,66,1,5,False,10,10
27524,119,random,10,0.6874004777070064,0,21,None,66,1,5,False,10,10
27525,115,random,10,0.6450039808917197,0,17,None,66,1,5,False,10,10
27526,116,random,10,0.6446058917197452,0,17,None,66,1,5,False,10,10
27527,117,random,10,0.6440087579617835,0,17,None,66,1,5,False,10,10
27528,118,random,10,0.6446058917197452,0,17,None,66,1,5,False,10,10
27529,119,random,10,0.6448049363057324,0,17,None,66,1,5,False,10,10
27530,115,random,10,0.6753582802547771,0,24,None,66,1,5,False,10,10
27531,116,random,10,0.6753582802547771,0,24,None,66,1,5,False,10,10
27532,117,random,10,0.6752587579617835,0,24,None,66,1,5,False,10,10
27533,118,random,10,0.6749601910828026,0,24,None,66,1,5,False,10,10
27534,119,random,10,0.6763535031847133,0,24,None,66,1,5,False,10,10
27535,115,random,10,0.6567476114649682,0,27,None,66,1,5,False,10,10
27536,116,random,10,0.658937101910828,0,27,None,66,1,5,False,10,10
27537,117,random,10,0.6616242038216561,0,27,None,66,1,5,False,10,10
27538,118,random,10,0.6633160828025477,0,27,None,66,1,5,False,10,10
27539,119,random,10,0.6651074840764332,0,27,None,66,1,5,False,10,10
27540,120,random,10,0.7047173566878981,0,32,None,66,1,5,False,10,10
27541,121,random,10,0.7061106687898089,0,32,None,66,1,5,False,10,10
27542,122,random,10,0.7083996815286624,0,32,None,66,1,5,False,10,10
27543,123,random,10,0.7097929936305732,0,32,None,66,1,5,False,10,10
27544,124,random,10,0.710390127388535,0,32,None,66,1,5,False,10,10
27545,120,random,10,0.6373407643312102,0,16,None,66,1,5,False,10,10
27546,121,random,10,0.6384355095541401,0,16,None,66,1,5,False,10,10
27547,122,random,10,0.6393312101910829,0,16,None,66,1,5,False,10,10
27548,123,random,10,0.6411226114649682,0,16,None,66,1,5,False,10,10
27549,124,random,10,0.6415207006369427,0,16,None,66,1,5,False,10,10
27550,120,random,10,0.611265923566879,0,31,None,66,1,5,False,10,10
27551,121,random,10,0.6216162420382165,0,31,None,66,1,5,False,10,10
27552,122,random,10,0.6297770700636943,0,31,None,66,1,5,False,10,10
27553,123,random,10,0.6373407643312102,0,31,None,66,1,5,False,10,10
27554,124,random,10,0.6439092356687898,0,31,None,66,1,5,False,10,10
27555,115,random,10,0.7029259554140127,0,12,None,66,1,5,False,10,10
27556,116,random,10,0.7039211783439491,0,12,None,66,1,5,False,10,10
27557,117,random,10,0.7046178343949044,0,12,None,66,1,5,False,10,10
27558,118,random,10,0.7060111464968153,0,12,None,66,1,5,False,10,10
27559,119,random,10,0.7071058917197452,0,12,None,66,1,5,False,10,10
27560,115,random,10,0.6971536624203821,0,9,None,66,1,5,False,10,10
27561,116,random,10,0.6983479299363057,0,9,None,66,1,5,False,10,10
27562,117,random,10,0.6991441082802548,0,9,None,66,1,5,False,10,10
27563,118,random,10,0.6996417197452229,0,9,None,66,1,5,False,10,10
27564,119,random,10,0.6996417197452229,0,9,None,66,1,5,False,10,10
27565,115,random,10,0.6861066878980892,0,25,None,66,1,5,False,10,10
27566,116,random,10,0.6873009554140127,0,25,None,66,1,5,False,10,10
27567,117,random,10,0.6877985668789809,0,25,None,66,1,5,False,10,10
27568,118,random,10,0.6880971337579618,0,25,None,66,1,5,False,10,10
27569,119,random,10,0.6891918789808917,0,25,None,66,1,5,False,10,10
27570,120,random,10,0.6875995222929936,0,30,None,66,1,5,False,10,10
27571,121,random,10,0.6884952229299363,0,30,None,66,1,5,False,10,10
27572,122,random,10,0.6894904458598726,0,30,None,66,1,5,False,10,10
27573,123,random,10,0.690187101910828,0,30,None,66,1,5,False,10,10
27574,124,random,10,0.6915804140127388,0,30,None,66,1,5,False,10,10
27575,120,random,10,0.6447054140127388,0,26,None,66,1,5,False,10,10
27576,121,random,10,0.6457006369426752,0,26,None,66,1,5,False,10,10
27577,122,random,10,0.6460987261146497,0,26,None,66,1,5,False,10,10
27578,123,random,10,0.6466958598726115,0,26,None,66,1,5,False,10,10
27579,124,random,10,0.6472929936305732,0,26,None,66,1,5,False,10,10
27580,120,random,10,0.6484872611464968,0,1,None,66,1,5,False,10,10
27581,121,random,10,0.6468949044585988,0,1,None,66,1,5,False,10,10
27582,122,random,10,0.6479896496815286,0,1,None,66,1,5,False,10,10
27583,123,random,10,0.6486863057324841,0,1,None,66,1,5,False,10,10
27584,124,random,10,0.6492834394904459,0,1,None,66,1,5,False,10,10
27585,120,random,10,0.6643113057324841,0,8,None,66,1,5,False,10,10
27586,121,random,10,0.6643113057324841,0,8,None,66,1,5,False,10,10
27587,122,random,10,0.6652070063694268,0,8,None,66,1,5,False,10,10
27588,123,random,10,0.6656050955414012,0,8,None,66,1,5,False,10,10
27589,124,random,10,0.6660031847133758,0,8,None,66,1,5,False,10,10
27590,120,random,10,0.6921775477707006,0,13,None,66,1,5,False,10,10
27591,121,random,10,0.6936703821656051,0,13,None,66,1,5,False,10,10
27592,122,random,10,0.6953622611464968,0,13,None,66,1,5,False,10,10
27593,123,random,10,0.6963574840764332,0,13,None,66,1,5,False,10,10
27594,124,random,10,0.6973527070063694,0,13,None,66,1,5,False,10,10
27595,120,random,10,0.6778463375796179,0,23,None,66,1,5,False,10,10
27596,121,random,10,0.679140127388535,0,23,None,66,1,5,False,10,10
27597,122,random,10,0.6807324840764332,0,23,None,66,1,5,False,10,10
27598,123,random,10,0.6824243630573248,0,23,None,66,1,5,False,10,10
27599,124,random,10,0.6827229299363057,0,23,None,66,1,5,False,10,10
27600,120,random,10,0.6602308917197452,0,27,None,66,1,5,False,10,10
27601,121,random,10,0.6630175159235668,0,27,None,66,1,5,False,10,10
27602,122,random,10,0.6644108280254777,0,27,None,66,1,5,False,10,10
27603,123,random,10,0.6659036624203821,0,27,None,66,1,5,False,10,10
27604,124,random,10,0.667296974522293,0,27,None,66,1,5,False,10,10
27605,120,random,10,0.6889928343949044,0,22,None,66,1,5,False,10,10
27606,121,random,10,0.6895899681528662,0,22,None,66,1,5,False,10,10
27607,122,random,10,0.690187101910828,0,22,None,66,1,5,False,10,10
27608,123,random,10,0.6906847133757962,0,22,None,66,1,5,False,10,10
27609,124,random,10,0.6906847133757962,0,22,None,66,1,5,False,10,10
27610,120,random,10,0.6390326433121019,0,6,None,66,1,5,False,10,10
27611,121,random,10,0.6394307324840764,0,6,None,66,1,5,False,10,10
27612,122,random,10,0.6400278662420382,0,6,None,66,1,5,False,10,10
27613,123,random,10,0.6411226114649682,0,6,None,66,1,5,False,10,10
27614,124,random,10,0.6420183121019108,0,6,None,66,1,5,False,10,10
27615,120,random,10,0.6376393312101911,0,19,None,66,1,5,False,10,10
27616,121,random,10,0.6359474522292994,0,19,None,66,1,5,False,10,10
27617,122,random,10,0.6340565286624203,0,19,None,66,1,5,False,10,10
27618,123,random,10,0.6340565286624203,0,19,None,66,1,5,False,10,10
27619,124,random,10,0.634156050955414,0,19,None,66,1,5,False,10,10
27620,120,random,10,0.691281847133758,0,21,None,66,1,5,False,10,10
27621,121,random,10,0.6918789808917197,0,21,None,66,1,5,False,10,10
27622,122,random,10,0.6937699044585988,0,21,None,66,1,5,False,10,10
27623,123,random,10,0.6944665605095541,0,21,None,66,1,5,False,10,10
27624,124,random,10,0.6950636942675159,0,21,None,66,1,5,False,10,10
27625,120,random,10,0.6661027070063694,0,24,None,66,1,5,False,10,10
27626,121,random,10,0.6692874203821656,0,24,None,66,1,5,False,10,10
27627,122,random,10,0.6703821656050956,0,24,None,66,1,5,False,10,10
27628,123,random,10,0.6735668789808917,0,24,None,66,1,5,False,10,10
27629,124,random,10,0.6771496815286624,0,24,None,66,1,5,False,10,10
27630,120,random,10,0.6713773885350318,0,14,None,66,1,5,False,10,10
27631,121,random,10,0.6726711783439491,0,14,None,66,1,5,False,10,10
27632,122,random,10,0.6738654458598726,0,14,None,66,1,5,False,10,10
27633,123,random,10,0.6747611464968153,0,14,None,66,1,5,False,10,10
27634,124,random,10,0.6751592356687898,0,14,None,66,1,5,False,10,10
27635,120,random,10,0.6889928343949044,0,25,None,66,1,5,False,10,10
27636,121,random,10,0.6898885350318471,0,25,None,66,1,5,False,10,10
27637,122,random,10,0.6902866242038217,0,25,None,66,1,5,False,10,10
27638,123,random,10,0.6911823248407644,0,25,None,66,1,5,False,10,10
27639,124,random,10,0.6914808917197452,0,25,None,66,1,5,False,10,10
27640,120,random,10,0.6609275477707006,0,29,None,66,1,5,False,10,10
27641,121,random,10,0.6640127388535032,0,29,None,66,1,5,False,10,10
27642,122,random,10,0.6668988853503185,0,29,None,66,1,5,False,10,10
27643,123,random,10,0.6688893312101911,0,29,None,66,1,5,False,10,10
27644,124,random,10,0.67078025477707,0,29,None,66,1,5,False,10,10
27645,120,random,10,0.6967555732484076,0,2,None,66,1,5,False,10,10
27646,121,random,10,0.6982484076433121,0,2,None,66,1,5,False,10,10
27647,122,random,10,0.6996417197452229,0,2,None,66,1,5,False,10,10
27648,123,random,10,0.7007364649681529,0,2,None,66,1,5,False,10,10
27649,124,random,10,0.701234076433121,0,2,None,66,1,5,False,10,10
27650,120,random,10,0.6911823248407644,0,0,None,66,1,5,False,10,10
27651,121,random,10,0.6916799363057324,0,0,None,66,1,5,False,10,10
27652,122,random,10,0.6938694267515924,0,0,None,66,1,5,False,10,10
27653,123,random,10,0.6964570063694268,0,0,None,66,1,5,False,10,10
27654,124,random,10,0.6977507961783439,0,0,None,66,1,5,False,10,10
27655,120,random,10,0.7011345541401274,0,3,None,66,1,5,False,10,10
27656,121,random,10,0.7011345541401274,0,3,None,66,1,5,False,10,10
27657,122,random,10,0.7014331210191083,0,3,None,66,1,5,False,10,10
27658,123,random,10,0.7011345541401274,0,3,None,66,1,5,False,10,10
27659,124,random,10,0.7014331210191083,0,3,None,66,1,5,False,10,10
27660,120,random,10,0.6913813694267515,0,4,None,66,1,5,False,10,10
27661,121,random,10,0.6916799363057324,0,4,None,66,1,5,False,10,10
27662,122,random,10,0.6911823248407644,0,4,None,66,1,5,False,10,10
27663,123,random,10,0.6913813694267515,0,4,None,66,1,5,False,10,10
27664,124,random,10,0.692078025477707,0,4,None,66,1,5,False,10,10
27665,120,random,10,0.6480891719745223,0,5,None,66,1,5,False,10,10
27666,121,random,10,0.6487858280254777,0,5,None,66,1,5,False,10,10
27667,122,random,10,0.6490843949044586,0,5,None,66,1,5,False,10,10
27668,123,random,10,0.6494824840764332,0,5,None,66,1,5,False,10,10
27669,124,random,10,0.6499800955414012,0,5,None,66,1,5,False,10,10
27670,120,random,10,0.6859076433121019,0,7,None,66,1,5,False,10,10
27671,121,random,10,0.6860071656050956,0,7,None,66,1,5,False,10,10
27672,122,random,10,0.6865047770700637,0,7,None,66,1,5,False,10,10
27673,123,random,10,0.6875,0,7,None,66,1,5,False,10,10
27674,124,random,10,0.6879976114649682,0,7,None,66,1,5,False,10,10
27675,120,random,10,0.7009355095541401,0,9,None,66,1,5,False,10,10
27676,121,random,10,0.7013335987261147,0,9,None,66,1,5,False,10,10
27677,122,random,10,0.7011345541401274,0,9,None,66,1,5,False,10,10
27678,123,random,10,0.7014331210191083,0,9,None,66,1,5,False,10,10
27679,124,random,10,0.701234076433121,0,9,None,66,1,5,False,10,10
27680,120,random,10,0.6973527070063694,0,11,None,66,1,5,False,10,10
27681,121,random,10,0.6935708598726115,0,11,None,66,1,5,False,10,10
27682,122,random,10,0.6925756369426752,0,11,None,66,1,5,False,10,10
27683,123,random,10,0.6925756369426752,0,11,None,66,1,5,False,10,10
27684,124,random,10,0.6929737261146497,0,11,None,66,1,5,False,10,10
27685,120,random,10,0.6935708598726115,0,10,None,66,1,5,False,10,10
27686,121,random,10,0.6953622611464968,0,10,None,66,1,5,False,10,10
27687,122,random,10,0.6968550955414012,0,10,None,66,1,5,False,10,10
27688,123,random,10,0.6987460191082803,0,10,None,66,1,5,False,10,10
27689,124,random,10,0.7001393312101911,0,10,None,66,1,5,False,10,10
27690,120,random,10,0.7142714968152867,0,15,None,66,1,5,False,10,10
27691,121,random,10,0.7153662420382165,0,15,None,66,1,5,False,10,10
27692,122,random,10,0.7147691082802548,0,15,None,66,1,5,False,10,10
27693,123,random,10,0.7148686305732485,0,15,None,66,1,5,False,10,10
27694,124,random,10,0.7151671974522293,0,15,None,66,1,5,False,10,10
27695,120,random,10,0.7072054140127388,0,12,None,66,1,5,False,10,10
27696,121,random,10,0.707703025477707,0,12,None,66,1,5,False,10,10
27697,122,random,10,0.7085987261146497,0,12,None,66,1,5,False,10,10
27698,123,random,10,0.7086982484076433,0,12,None,66,1,5,False,10,10
27699,124,random,10,0.7094944267515924,0,12,None,66,1,5,False,10,10
27700,120,random,10,0.6511743630573248,0,17,None,66,1,5,False,10,10
27701,121,random,10,0.6487858280254777,0,17,None,66,1,5,False,10,10
27702,122,random,10,0.6482882165605095,0,17,None,66,1,5,False,10,10
27703,123,random,10,0.6479896496815286,0,17,None,66,1,5,False,10,10
27704,124,random,10,0.6485867834394905,0,17,None,66,1,5,False,10,10
27705,120,random,10,0.6701831210191083,0,18,None,66,1,5,False,10,10
27706,121,random,10,0.67078025477707,0,18,None,66,1,5,False,10,10
27707,122,random,10,0.6719745222929936,0,18,None,66,1,5,False,10,10
27708,123,random,10,0.6734673566878981,0,18,None,66,1,5,False,10,10
27709,124,random,10,0.6747611464968153,0,18,None,66,1,5,False,10,10
27710,120,random,10,0.6747611464968153,0,20,None,66,1,5,False,10,10
27711,121,random,10,0.6746616242038217,0,20,None,66,1,5,False,10,10
27712,122,random,10,0.6751592356687898,0,20,None,66,1,5,False,10,10
27713,123,random,10,0.6758558917197452,0,20,None,66,1,5,False,10,10
27714,124,random,10,0.6771496815286624,0,20,None,66,1,5,False,10,10
27715,120,random,10,0.6487858280254777,0,28,None,66,1,5,False,10,10
27716,121,random,10,0.6496815286624203,0,28,None,66,1,5,False,10,10
27717,122,random,10,0.6493829617834395,0,28,None,66,1,5,False,10,10
27718,123,random,10,0.6494824840764332,0,28,None,66,1,5,False,10,10
27719,124,random,10,0.650577229299363,0,28,None,66,1,5,False,10,10
31845,125,random,10,0.6400278662420382,0,16,None,66,1,5,False,10,10
31846,126,random,10,0.6412221337579618,0,16,None,66,1,5,False,10,10
31847,127,random,10,0.64171974522293,0,16,None,66,1,5,False,10,10
31848,128,random,10,0.64171974522293,0,16,None,66,1,5,False,10,10
31849,129,random,10,0.6428144904458599,0,16,None,66,1,5,False,10,10
31850,125,random,10,0.6463972929936306,0,19,None,66,1,5,False,10,10
31851,126,random,10,0.6421178343949044,0,19,None,66,1,5,False,10,10
31852,127,random,10,0.6398288216560509,0,19,None,66,1,5,False,10,10
31853,128,random,10,0.63953025477707,0,19,None,66,1,5,False,10,10
31854,129,random,10,0.6384355095541401,0,19,None,66,1,5,False,10,10
31855,125,random,10,0.6786425159235668,0,14,None,66,1,5,False,10,10
31856,126,random,10,0.6792396496815286,0,14,None,66,1,5,False,10,10
31857,127,random,10,0.6801353503184714,0,14,None,66,1,5,False,10,10
31858,128,random,10,0.6812300955414012,0,14,None,66,1,5,False,10,10
31859,129,random,10,0.6825238853503185,0,14,None,66,1,5,False,10,10
31860,125,random,10,0.6566480891719745,0,17,None,66,1,5,False,10,10
31861,126,random,10,0.6549562101910829,0,17,None,66,1,5,False,10,10
31862,127,random,10,0.6559514331210191,0,17,None,66,1,5,False,10,10
31863,128,random,10,0.6561504777070064,0,17,None,66,1,5,False,10,10
31864,129,random,10,0.6552547770700637,0,17,None,66,1,5,False,10,10
31865,125,random,10,0.6921775477707006,0,25,None,66,1,5,False,10,10
31866,126,random,10,0.693968949044586,0,25,None,66,1,5,False,10,10
31867,127,random,10,0.6940684713375797,0,25,None,66,1,5,False,10,10
31868,128,random,10,0.6950636942675159,0,25,None,66,1,5,False,10,10
31869,129,random,10,0.695859872611465,0,25,None,66,1,5,False,10,10
31870,125,random,10,0.6493829617834395,0,26,None,66,1,5,False,10,10
31871,126,random,10,0.6485867834394905,0,26,None,66,1,5,False,10,10
31872,127,random,10,0.6490843949044586,0,26,None,66,1,5,False,10,10
31873,128,random,10,0.6496815286624203,0,26,None,66,1,5,False,10,10
31874,129,random,10,0.6506767515923567,0,26,None,66,1,5,False,10,10
31875,125,random,10,0.7108877388535032,0,12,None,66,1,5,False,10,10
31876,126,random,10,0.7117834394904459,0,12,None,66,1,5,False,10,10
31877,127,random,10,0.7126791401273885,0,12,None,66,1,5,False,10,10
31878,128,random,10,0.7127786624203821,0,12,None,66,1,5,False,10,10
31879,129,random,10,0.7131767515923567,0,12,None,66,1,5,False,10,10
31880,125,random,10,0.6695859872611465,0,24,None,66,1,5,False,10,10
31881,126,random,10,0.6731687898089171,0,24,None,66,1,5,False,10,10
31882,127,random,10,0.6752587579617835,0,24,None,66,1,5,False,10,10
31883,128,random,10,0.6788415605095541,0,24,None,66,1,5,False,10,10
31884,129,random,10,0.6805334394904459,0,24,None,66,1,5,False,10,10
31885,125,random,10,0.6927746815286624,0,30,None,66,1,5,False,10,10
31886,126,random,10,0.6933718152866242,0,30,None,66,1,5,False,10,10
31887,127,random,10,0.6946656050955414,0,30,None,66,1,5,False,10,10
31888,128,random,10,0.695859872611465,0,30,None,66,1,5,False,10,10
31889,129,random,10,0.6964570063694268,0,30,None,66,1,5,False,10,10
31890,125,random,10,0.6741640127388535,0,18,None,66,1,5,False,10,10
31891,126,random,10,0.676453025477707,0,18,None,66,1,5,False,10,10
31892,127,random,10,0.677547770700637,0,18,None,66,1,5,False,10,10
31893,128,random,10,0.6785429936305732,0,18,None,66,1,5,False,10,10
31894,129,random,10,0.6795382165605095,0,18,None,66,1,5,False,10,10
31895,125,random,10,0.6432125796178344,0,31,None,66,1,5,False,10,10
31896,126,random,10,0.6514729299363057,0,31,None,66,1,5,False,10,10
31897,127,random,10,0.6572452229299363,0,31,None,66,1,5,False,10,10
31898,128,random,10,0.660828025477707,0,31,None,66,1,5,False,10,10
31899,129,random,10,0.6647093949044586,0,31,None,66,1,5,False,10,10
31900,125,random,10,0.6919785031847133,0,7,None,66,1,5,False,10,10
31901,126,random,10,0.692078025477707,0,7,None,66,1,5,False,10,10
31902,127,random,10,0.6927746815286624,0,7,None,66,1,5,False,10,10
31903,128,random,10,0.6930732484076433,0,7,None,66,1,5,False,10,10
31904,129,random,10,0.6934713375796179,0,7,None,66,1,5,False,10,10
31905,125,random,10,0.6525676751592356,0,1,None,66,1,5,False,10,10
31906,126,random,10,0.6533638535031847,0,1,None,66,1,5,False,10,10
31907,127,random,10,0.6537619426751592,0,1,None,66,1,5,False,10,10
31908,128,random,10,0.6548566878980892,0,1,None,66,1,5,False,10,10
31909,129,random,10,0.6556528662420382,0,1,None,66,1,5,False,10,10
31910,125,random,10,0.7045183121019108,0,2,None,66,1,5,False,10,10
31911,126,random,10,0.705015923566879,0,2,None,66,1,5,False,10,10
31912,127,random,10,0.7065087579617835,0,2,None,66,1,5,False,10,10
31913,128,random,10,0.707703025477707,0,2,None,66,1,5,False,10,10
31914,129,random,10,0.708797770700637,0,2,None,66,1,5,False,10,10
31915,125,random,10,0.6561504777070064,0,5,None,66,1,5,False,10,10
31916,126,random,10,0.6566480891719745,0,5,None,66,1,5,False,10,10
31917,127,random,10,0.6571457006369427,0,5,None,66,1,5,False,10,10
31918,128,random,10,0.6576433121019108,0,5,None,66,1,5,False,10,10
31919,129,random,10,0.6578423566878981,0,5,None,66,1,5,False,10,10
31920,125,random,10,0.6961584394904459,0,13,None,66,1,5,False,10,10
31921,126,random,10,0.6969546178343949,0,13,None,66,1,5,False,10,10
31922,127,random,10,0.6990445859872612,0,13,None,66,1,5,False,10,10
31923,128,random,10,0.7001393312101911,0,13,None,66,1,5,False,10,10
31924,129,random,10,0.7013335987261147,0,13,None,66,1,5,False,10,10
31925,125,random,10,0.696656050955414,0,21,None,66,1,5,False,10,10
31926,126,random,10,0.6975517515923567,0,21,None,66,1,5,False,10,10
31927,127,random,10,0.6981488853503185,0,21,None,66,1,5,False,10,10
31928,128,random,10,0.6986464968152867,0,21,None,66,1,5,False,10,10
31929,129,random,10,0.699343152866242,0,21,None,66,1,5,False,10,10
31930,125,random,10,0.6671974522292994,0,27,None,66,1,5,False,10,10
31931,126,random,10,0.6703821656050956,0,27,None,66,1,5,False,10,10
31932,127,random,10,0.671875,0,27,None,66,1,5,False,10,10
31933,128,random,10,0.6726711783439491,0,27,None,66,1,5,False,10,10
31934,129,random,10,0.6741640127388535,0,27,None,66,1,5,False,10,10
31935,125,random,10,0.6594347133757962,0,28,None,66,1,5,False,10,10
31936,126,random,10,0.6590366242038217,0,28,None,66,1,5,False,10,10
31937,127,random,10,0.6599323248407644,0,28,None,66,1,5,False,10,10
31938,128,random,10,0.6597332802547771,0,28,None,66,1,5,False,10,10
31939,129,random,10,0.6601313694267515,0,28,None,66,1,5,False,10,10
31940,125,random,10,0.6442078025477707,0,6,None,66,1,5,False,10,10
31941,126,random,10,0.6447054140127388,0,6,None,66,1,5,False,10,10
31942,127,random,10,0.6453025477707006,0,6,None,66,1,5,False,10,10
31943,128,random,10,0.6466958598726115,0,6,None,66,1,5,False,10,10
31944,129,random,10,0.6472929936305732,0,6,None,66,1,5,False,10,10
31945,125,random,10,0.6673964968152867,0,8,None,66,1,5,False,10,10
31946,126,random,10,0.6677945859872612,0,8,None,66,1,5,False,10,10
31947,127,random,10,0.6685907643312102,0,8,None,66,1,5,False,10,10
31948,128,random,10,0.6684912420382165,0,8,None,66,1,5,False,10,10
31949,129,random,10,0.6688893312101911,0,8,None,66,1,5,False,10,10
31950,125,random,10,0.6811305732484076,0,23,None,66,1,5,False,10,10
31951,126,random,10,0.6828224522292994,0,23,None,66,1,5,False,10,10
31952,127,random,10,0.6835191082802548,0,23,None,66,1,5,False,10,10
31953,128,random,10,0.6844148089171974,0,23,None,66,1,5,False,10,10
31954,129,random,10,0.6845143312101911,0,23,None,66,1,5,False,10,10
31955,125,random,10,0.6940684713375797,0,22,None,66,1,5,False,10,10
31956,126,random,10,0.6945660828025477,0,22,None,66,1,5,False,10,10
31957,127,random,10,0.6948646496815286,0,22,None,66,1,5,False,10,10
31958,128,random,10,0.6956608280254777,0,22,None,66,1,5,False,10,10
31959,129,random,10,0.6957603503184714,0,22,None,66,1,5,False,10,10
31960,125,random,10,0.7105891719745223,0,32,None,66,1,5,False,10,10
31961,126,random,10,0.7117834394904459,0,32,None,66,1,5,False,10,10
31962,127,random,10,0.7131767515923567,0,32,None,66,1,5,False,10,10
31963,128,random,10,0.7140724522292994,0,32,None,66,1,5,False,10,10
31964,129,random,10,0.7138734076433121,0,32,None,66,1,5,False,10,10
31965,125,random,10,0.6979498407643312,0,4,None,66,1,5,False,10,10
31966,126,random,10,0.6986464968152867,0,4,None,66,1,5,False,10,10
31967,127,random,10,0.698546974522293,0,4,None,66,1,5,False,10,10
31968,128,random,10,0.6984474522292994,0,4,None,66,1,5,False,10,10
31969,129,random,10,0.6986464968152867,0,4,None,66,1,5,False,10,10
31970,125,random,10,0.7017316878980892,0,10,None,66,1,5,False,10,10
31971,126,random,10,0.7034235668789809,0,10,None,66,1,5,False,10,10
31972,127,random,10,0.7047173566878981,0,10,None,66,1,5,False,10,10
31973,128,random,10,0.7060111464968153,0,10,None,66,1,5,False,10,10
31974,129,random,10,0.7067078025477707,0,10,None,66,1,5,False,10,10
31975,125,random,10,0.705812101910828,0,3,None,66,1,5,False,10,10
31976,126,random,10,0.7061106687898089,0,3,None,66,1,5,False,10,10
31977,127,random,10,0.7059116242038217,0,3,None,66,1,5,False,10,10
31978,128,random,10,0.7067078025477707,0,3,None,66,1,5,False,10,10
31979,129,random,10,0.7066082802547771,0,3,None,66,1,5,False,10,10
31980,125,random,10,0.7166600318471338,0,15,None,66,1,5,False,10,10
31981,126,random,10,0.7169585987261147,0,15,None,66,1,5,False,10,10
31982,127,random,10,0.7178542993630573,0,15,None,66,1,5,False,10,10
31983,128,random,10,0.7182523885350318,0,15,None,66,1,5,False,10,10
31984,129,random,10,0.7178542993630573,0,15,None,66,1,5,False,10,10
31985,125,random,10,0.7033240445859873,0,11,None,66,1,5,False,10,10
31986,126,random,10,0.7015326433121019,0,11,None,66,1,5,False,10,10
31987,127,random,10,0.7015326433121019,0,11,None,66,1,5,False,10,10
31988,128,random,10,0.7002388535031847,0,11,None,66,1,5,False,10,10
31989,129,random,10,0.6986464968152867,0,11,None,66,1,5,False,10,10
31990,125,random,10,0.677547770700637,0,20,None,66,1,5,False,10,10
31991,126,random,10,0.679140127388535,0,20,None,66,1,5,False,10,10
31992,127,random,10,0.6804339171974523,0,20,None,66,1,5,False,10,10
31993,128,random,10,0.6809315286624203,0,20,None,66,1,5,False,10,10
31994,129,random,10,0.6819267515923567,0,20,None,66,1,5,False,10,10
31995,125,random,10,0.7046178343949044,0,9,None,66,1,5,False,10,10
31996,126,random,10,0.705015923566879,0,9,None,66,1,5,False,10,10
31997,127,random,10,0.7060111464968153,0,9,None,66,1,5,False,10,10
31998,128,random,10,0.7055135350318471,0,9,None,66,1,5,False,10,10
31999,129,random,10,0.7054140127388535,0,9,None,66,1,5,False,10,10
32000,125,random,10,0.6636146496815286,0,29,None,66,1,5,False,10,10
32001,126,random,10,0.6661027070063694,0,29,None,66,1,5,False,10,10
32002,127,random,10,0.6693869426751592,0,29,None,66,1,5,False,10,10
32003,128,random,10,0.6722730891719745,0,29,None,66,1,5,False,10,10
32004,129,random,10,0.6744625796178344,0,29,None,66,1,5,False,10,10
32005,125,random,10,0.6952627388535032,0,0,None,66,1,5,False,10,10
32006,126,random,10,0.6971536624203821,0,0,None,66,1,5,False,10,10
32007,127,random,10,0.6994426751592356,0,0,None,66,1,5,False,10,10
32008,128,random,10,0.7011345541401274,0,0,None,66,1,5,False,10,10
32009,129,random,10,0.7028264331210191,0,0,None,66,1,5,False,10,10
32010,130,random,10,0.7144705414012739,0,32,None,66,1,5,False,10,10
32011,131,random,10,0.7152667197452229,0,32,None,66,1,5,False,10,10
32012,132,random,10,0.7148686305732485,0,32,None,66,1,5,False,10,10
32013,133,random,10,0.7148686305732485,0,32,None,66,1,5,False,10,10
32014,134,random,10,0.7163614649681529,0,32,None,66,1,5,False,10,10
32015,130,random,10,0.6522691082802548,0,26,None,66,1,5,False,10,10
32016,131,random,10,0.6513734076433121,0,26,None,66,1,5,False,10,10
32017,132,random,10,0.6515724522292994,0,26,None,66,1,5,False,10,10
32018,133,random,10,0.6513734076433121,0,26,None,66,1,5,False,10,10
32019,134,random,10,0.6521695859872612,0,26,None,66,1,5,False,10,10
32020,130,random,10,0.681031050955414,0,14,None,66,1,5,False,10,10
32021,131,random,10,0.6827229299363057,0,14,None,66,1,5,False,10,10
32022,132,random,10,0.6832205414012739,0,14,None,66,1,5,False,10,10
32023,133,random,10,0.6854100318471338,0,14,None,66,1,5,False,10,10
32024,134,random,10,0.6862062101910829,0,14,None,66,1,5,False,10,10
32025,130,random,10,0.6998407643312102,0,22,None,66,1,5,False,10,10
32026,131,random,10,0.7002388535031847,0,22,None,66,1,5,False,10,10
32027,132,random,10,0.7006369426751592,0,22,None,66,1,5,False,10,10
32028,133,random,10,0.701234076433121,0,22,None,66,1,5,False,10,10
32029,134,random,10,0.70203025477707,0,22,None,66,1,5,False,10,10
32030,130,random,10,0.6982484076433121,0,25,None,66,1,5,False,10,10
32031,131,random,10,0.6989450636942676,0,25,None,66,1,5,False,10,10
32032,132,random,10,0.7001393312101911,0,25,None,66,1,5,False,10,10
32033,133,random,10,0.6998407643312102,0,25,None,66,1,5,False,10,10
32034,134,random,10,0.7007364649681529,0,25,None,66,1,5,False,10,10
32035,130,random,10,0.6681926751592356,0,29,None,66,1,5,False,10,10
32036,131,random,10,0.6715764331210191,0,29,None,66,1,5,False,10,10
32037,132,random,10,0.6732683121019108,0,29,None,66,1,5,False,10,10
32038,133,random,10,0.6746616242038217,0,29,None,66,1,5,False,10,10
32039,134,random,10,0.675656847133758,0,29,None,66,1,5,False,10,10
32040,130,random,10,0.7006369426751592,0,13,None,66,1,5,False,10,10
32041,131,random,10,0.7021297770700637,0,13,None,66,1,5,False,10,10
32042,132,random,10,0.7037221337579618,0,13,None,66,1,5,False,10,10
32043,133,random,10,0.7056130573248408,0,13,None,66,1,5,False,10,10
32044,134,random,10,0.7082006369426752,0,13,None,66,1,5,False,10,10
32045,130,random,10,0.6474920382165605,0,19,None,66,1,5,False,10,10
32046,131,random,10,0.6447054140127388,0,19,None,66,1,5,False,10,10
32047,132,random,10,0.6447054140127388,0,19,None,66,1,5,False,10,10
32048,133,random,10,0.6435111464968153,0,19,None,66,1,5,False,10,10
32049,134,random,10,0.6438097133757962,0,19,None,66,1,5,False,10,10
32050,130,random,10,0.7023288216560509,0,21,None,66,1,5,False,10,10
32051,131,random,10,0.7021297770700637,0,21,None,66,1,5,False,10,10
32052,132,random,10,0.7028264331210191,0,21,None,66,1,5,False,10,10
32053,133,random,10,0.7026273885350318,0,21,None,66,1,5,False,10,10
32054,134,random,10,0.7027269108280255,0,21,None,66,1,5,False,10,10
32055,130,random,10,0.6850119426751592,0,23,None,66,1,5,False,10,10
32056,131,random,10,0.6858081210191083,0,23,None,66,1,5,False,10,10
32057,132,random,10,0.6871019108280255,0,23,None,66,1,5,False,10,10
32058,133,random,10,0.6871019108280255,0,23,None,66,1,5,False,10,10
32059,134,random,10,0.6874004777070064,0,23,None,66,1,5,False,10,10
32060,130,random,10,0.6770501592356688,0,24,None,66,1,5,False,10,10
32061,131,random,10,0.6806329617834395,0,24,None,66,1,5,False,10,10
32062,132,random,10,0.6813296178343949,0,24,None,66,1,5,False,10,10
32063,133,random,10,0.6826234076433121,0,24,None,66,1,5,False,10,10
32064,134,random,10,0.6832205414012739,0,24,None,66,1,5,False,10,10
32065,130,random,10,0.6402269108280255,0,31,None,66,1,5,False,10,10
32066,131,random,10,0.6503781847133758,0,31,None,66,1,5,False,10,10
32067,132,random,10,0.65625,0,31,None,66,1,5,False,10,10
32068,133,random,10,0.6615246815286624,0,31,None,66,1,5,False,10,10
32069,134,random,10,0.665406050955414,0,31,None,66,1,5,False,10,10
32070,130,random,10,0.6685907643312102,0,27,None,66,1,5,False,10,10
32071,131,random,10,0.6713773885350318,0,27,None,66,1,5,False,10,10
32072,132,random,10,0.673765923566879,0,27,None,66,1,5,False,10,10
32073,133,random,10,0.6753582802547771,0,27,None,66,1,5,False,10,10
32074,134,random,10,0.6768511146496815,0,27,None,66,1,5,False,10,10
32075,130,random,10,0.6484872611464968,0,6,None,66,1,5,False,10,10
32076,131,random,10,0.649781050955414,0,6,None,66,1,5,False,10,10
32077,132,random,10,0.6504777070063694,0,6,None,66,1,5,False,10,10
32078,133,random,10,0.6506767515923567,0,6,None,66,1,5,False,10,10
32079,134,random,10,0.6512738853503185,0,6,None,66,1,5,False,10,10
32080,130,random,10,0.7000398089171974,0,30,None,66,1,5,False,10,10
32081,131,random,10,0.700437898089172,0,30,None,66,1,5,False,10,10
32082,132,random,10,0.7018312101910829,0,30,None,66,1,5,False,10,10
32083,133,random,10,0.7028264331210191,0,30,None,66,1,5,False,10,10
32084,134,random,10,0.7038216560509554,0,30,None,66,1,5,False,10,10
32085,130,random,10,0.6426154458598726,0,16,None,66,1,5,False,10,10
32086,131,random,10,0.6429140127388535,0,16,None,66,1,5,False,10,10
32087,132,random,10,0.6436106687898089,0,16,None,66,1,5,False,10,10
32088,133,random,10,0.645203025477707,0,16,None,66,1,5,False,10,10
32089,134,random,10,0.6460987261146497,0,16,None,66,1,5,False,10,10
32090,130,random,10,0.6759554140127388,0,8,None,66,1,5,False,10,10
32091,131,random,10,0.6766520700636943,0,8,None,66,1,5,False,10,10
32092,132,random,10,0.6760549363057324,0,8,None,66,1,5,False,10,10
32093,133,random,10,0.6767515923566879,0,8,None,66,1,5,False,10,10
32094,134,random,10,0.6770501592356688,0,8,None,66,1,5,False,10,10
32095,130,random,10,0.6661027070063694,0,1,None,66,1,5,False,10,10
32096,131,random,10,0.6644108280254777,0,1,None,66,1,5,False,10,10
32097,132,random,10,0.6632165605095541,0,1,None,66,1,5,False,10,10
32098,133,random,10,0.6623208598726115,0,1,None,66,1,5,False,10,10
32099,134,random,10,0.6630175159235668,0,1,None,66,1,5,False,10,10
32100,130,random,10,0.6593351910828026,0,5,None,66,1,5,False,10,10
32101,131,random,10,0.6596337579617835,0,5,None,66,1,5,False,10,10
32102,132,random,10,0.6603304140127388,0,5,None,66,1,5,False,10,10
32103,133,random,10,0.660828025477707,0,5,None,66,1,5,False,10,10
32104,134,random,10,0.6610270700636943,0,5,None,66,1,5,False,10,10
32105,130,random,10,0.7015326433121019,0,4,None,66,1,5,False,10,10
32106,131,random,10,0.7013335987261147,0,4,None,66,1,5,False,10,10
32107,132,random,10,0.7008359872611465,0,4,None,66,1,5,False,10,10
32108,133,random,10,0.7016321656050956,0,4,None,66,1,5,False,10,10
32109,134,random,10,0.7017316878980892,0,4,None,66,1,5,False,10,10
32110,130,random,10,0.697452229299363,0,7,None,66,1,5,False,10,10
32111,131,random,10,0.6975517515923567,0,7,None,66,1,5,False,10,10
32112,132,random,10,0.6979498407643312,0,7,None,66,1,5,False,10,10
32113,133,random,10,0.6979498407643312,0,7,None,66,1,5,False,10,10
32114,134,random,10,0.6983479299363057,0,7,None,66,1,5,False,10,10
32115,130,random,10,0.7107882165605095,0,9,None,66,1,5,False,10,10
32116,131,random,10,0.7117834394904459,0,9,None,66,1,5,False,10,10
32117,132,random,10,0.7124800955414012,0,9,None,66,1,5,False,10,10
32118,133,random,10,0.7134753184713376,0,9,None,66,1,5,False,10,10
32119,134,random,10,0.7134753184713376,0,9,None,66,1,5,False,10,10
32120,130,random,10,0.7059116242038217,0,10,None,66,1,5,False,10,10
32121,131,random,10,0.7072054140127388,0,10,None,66,1,5,False,10,10
32122,132,random,10,0.7073049363057324,0,10,None,66,1,5,False,10,10
32123,133,random,10,0.7088972929936306,0,10,None,66,1,5,False,10,10
32124,134,random,10,0.7098925159235668,0,10,None,66,1,5,False,10,10
32125,130,random,10,0.70421974522293,0,11,None,66,1,5,False,10,10
32126,131,random,10,0.7047173566878981,0,11,None,66,1,5,False,10,10
32127,132,random,10,0.7034235668789809,0,11,None,66,1,5,False,10,10
32128,133,random,10,0.701234076433121,0,11,None,66,1,5,False,10,10
32129,134,random,10,0.7008359872611465,0,11,None,66,1,5,False,10,10
32130,130,random,10,0.7136743630573248,0,12,None,66,1,5,False,10,10
32131,131,random,10,0.7142714968152867,0,12,None,66,1,5,False,10,10
32132,132,random,10,0.7145700636942676,0,12,None,66,1,5,False,10,10
32133,133,random,10,0.7145700636942676,0,12,None,66,1,5,False,10,10
32134,134,random,10,0.7151671974522293,0,12,None,66,1,5,False,10,10
32135,130,random,10,0.7185509554140127,0,15,None,66,1,5,False,10,10
32136,131,random,10,0.7188495222929936,0,15,None,66,1,5,False,10,10
32137,132,random,10,0.7189490445859873,0,15,None,66,1,5,False,10,10
32138,133,random,10,0.7193471337579618,0,15,None,66,1,5,False,10,10
32139,134,random,10,0.7193471337579618,0,15,None,66,1,5,False,10,10
32140,130,random,10,0.6587380573248408,0,17,None,66,1,5,False,10,10
32141,131,random,10,0.6574442675159236,0,17,None,66,1,5,False,10,10
32142,132,random,10,0.6569466560509554,0,17,None,66,1,5,False,10,10
32143,133,random,10,0.65734474522293,0,17,None,66,1,5,False,10,10
32144,134,random,10,0.6574442675159236,0,17,None,66,1,5,False,10,10
32145,130,random,10,0.6787420382165605,0,18,None,66,1,5,False,10,10
32146,131,random,10,0.6795382165605095,0,18,None,66,1,5,False,10,10
32147,132,random,10,0.6819267515923567,0,18,None,66,1,5,False,10,10
32148,133,random,10,0.6833200636942676,0,18,None,66,1,5,False,10,10
32149,134,random,10,0.6850119426751592,0,18,None,66,1,5,False,10,10
32150,130,random,10,0.6806329617834395,0,20,None,66,1,5,False,10,10
32151,131,random,10,0.6806329617834395,0,20,None,66,1,5,False,10,10
32152,132,random,10,0.6809315286624203,0,20,None,66,1,5,False,10,10
32153,133,random,10,0.6817277070063694,0,20,None,66,1,5,False,10,10
32154,134,random,10,0.6821257961783439,0,20,None,66,1,5,False,10,10
32155,130,random,10,0.6667993630573248,0,28,None,66,1,5,False,10,10
32156,131,random,10,0.666202229299363,0,28,None,66,1,5,False,10,10
32157,132,random,10,0.6658041401273885,0,28,None,66,1,5,False,10,10
32158,133,random,10,0.6667993630573248,0,28,None,66,1,5,False,10,10
32159,134,random,10,0.6675955414012739,0,28,None,66,1,5,False,10,10
32160,130,random,10,0.7092953821656051,0,2,None,66,1,5,False,10,10
32161,131,random,10,0.711484872611465,0,2,None,66,1,5,False,10,10
32162,132,random,10,0.7129777070063694,0,2,None,66,1,5,False,10,10
32163,133,random,10,0.7146695859872612,0,2,None,66,1,5,False,10,10
32164,134,random,10,0.7153662420382165,0,2,None,66,1,5,False,10,10
32165,130,random,10,0.7036226114649682,0,0,None,66,1,5,False,10,10
32166,131,random,10,0.7048168789808917,0,0,None,66,1,5,False,10,10
32167,132,random,10,0.7062101910828026,0,0,None,66,1,5,False,10,10
32168,133,random,10,0.706906847133758,0,0,None,66,1,5,False,10,10
32169,134,random,10,0.7080015923566879,0,0,None,66,1,5,False,10,10
32170,130,random,10,0.7104896496815286,0,3,None,66,1,5,False,10,10
32171,131,random,10,0.7115843949044586,0,3,None,66,1,5,False,10,10
32172,132,random,10,0.7116839171974523,0,3,None,66,1,5,False,10,10
32173,133,random,10,0.7118829617834395,0,3,None,66,1,5,False,10,10
32174,134,random,10,0.7126791401273885,0,3,None,66,1,5,False,10,10
36630,135,random,10,0.6738654458598726,0,1,None,66,1,5,False,10,10
36631,136,random,10,0.6724721337579618,0,1,None,66,1,5,False,10,10
36632,137,random,10,0.6719745222929936,0,1,None,66,1,5,False,10,10
36633,138,random,10,0.6717754777070064,0,1,None,66,1,5,False,10,10
36634,139,random,10,0.6717754777070064,0,1,None,66,1,5,False,10,10
36635,135,random,10,0.7138734076433121,0,2,None,66,1,5,False,10,10
36636,136,random,10,0.7165605095541401,0,2,None,66,1,5,False,10,10
36637,137,random,10,0.7179538216560509,0,2,None,66,1,5,False,10,10
36638,138,random,10,0.7189490445859873,0,2,None,66,1,5,False,10,10
36639,139,random,10,0.7203423566878981,0,2,None,66,1,5,False,10,10
36640,135,random,10,0.7072054140127388,0,13,None,66,1,5,False,10,10
36641,136,random,10,0.7089968152866242,0,13,None,66,1,5,False,10,10
36642,137,random,10,0.7105891719745223,0,13,None,66,1,5,False,10,10
36643,138,random,10,0.7115843949044586,0,13,None,66,1,5,False,10,10
36644,139,random,10,0.7133757961783439,0,13,None,66,1,5,False,10,10
36645,135,random,10,0.709593949044586,0,10,None,66,1,5,False,10,10
36646,136,random,10,0.7108877388535032,0,10,None,66,1,5,False,10,10
36647,137,random,10,0.7127786624203821,0,10,None,66,1,5,False,10,10
36648,138,random,10,0.7129777070063694,0,10,None,66,1,5,False,10,10
36649,139,random,10,0.7134753184713376,0,10,None,66,1,5,False,10,10
36650,135,random,10,0.7196457006369427,0,15,None,66,1,5,False,10,10
36651,136,random,10,0.7202428343949044,0,15,None,66,1,5,False,10,10
36652,137,random,10,0.721437101910828,0,15,None,66,1,5,False,10,10
36653,138,random,10,0.7219347133757962,0,15,None,66,1,5,False,10,10
36654,139,random,10,0.7220342356687898,0,15,None,66,1,5,False,10,10
36655,135,random,10,0.7074044585987261,0,11,None,66,1,5,False,10,10
36656,136,random,10,0.7071058917197452,0,11,None,66,1,5,False,10,10
36657,137,random,10,0.7075039808917197,0,11,None,66,1,5,False,10,10
36658,138,random,10,0.7067078025477707,0,11,None,66,1,5,False,10,10
36659,139,random,10,0.7054140127388535,0,11,None,66,1,5,False,10,10
36660,135,random,10,0.681827229299363,0,20,None,66,1,5,False,10,10
36661,136,random,10,0.6822253184713376,0,20,None,66,1,5,False,10,10
36662,137,random,10,0.6827229299363057,0,20,None,66,1,5,False,10,10
36663,138,random,10,0.6846138535031847,0,20,None,66,1,5,False,10,10
36664,139,random,10,0.6855095541401274,0,20,None,66,1,5,False,10,10
36665,135,random,10,0.7041202229299363,0,22,None,66,1,5,False,10,10
36666,136,random,10,0.7053144904458599,0,22,None,66,1,5,False,10,10
36667,137,random,10,0.7064092356687898,0,22,None,66,1,5,False,10,10
36668,138,random,10,0.7062101910828026,0,22,None,66,1,5,False,10,10
36669,139,random,10,0.706906847133758,0,22,None,66,1,5,False,10,10
36670,135,random,10,0.6895899681528662,0,23,None,66,1,5,False,10,10
36671,136,random,10,0.68859474522293,0,23,None,66,1,5,False,10,10
36672,137,random,10,0.68859474522293,0,23,None,66,1,5,False,10,10
36673,138,random,10,0.6890923566878981,0,23,None,66,1,5,False,10,10
36674,139,random,10,0.6890923566878981,0,23,None,66,1,5,False,10,10
36675,135,random,10,0.660828025477707,0,17,None,66,1,5,False,10,10
36676,136,random,10,0.6597332802547771,0,17,None,66,1,5,False,10,10
36677,137,random,10,0.6595342356687898,0,17,None,66,1,5,False,10,10
36678,138,random,10,0.6603304140127388,0,17,None,66,1,5,False,10,10
36679,139,random,10,0.6602308917197452,0,17,None,66,1,5,False,10,10
36680,135,random,10,0.7028264331210191,0,21,None,66,1,5,False,10,10
36681,136,random,10,0.7040207006369427,0,21,None,66,1,5,False,10,10
36682,137,random,10,0.70421974522293,0,21,None,66,1,5,False,10,10
36683,138,random,10,0.7045183121019108,0,21,None,66,1,5,False,10,10
36684,139,random,10,0.7055135350318471,0,21,None,66,1,5,False,10,10
36685,135,random,10,0.7011345541401274,0,25,None,66,1,5,False,10,10
36686,136,random,10,0.7022292993630573,0,25,None,66,1,5,False,10,10
36687,137,random,10,0.7033240445859873,0,25,None,66,1,5,False,10,10
36688,138,random,10,0.7043192675159236,0,25,None,66,1,5,False,10,10
36689,139,random,10,0.7049164012738853,0,25,None,66,1,5,False,10,10
36690,135,random,10,0.6824243630573248,0,24,None,66,1,5,False,10,10
36691,136,random,10,0.6846138535031847,0,24,None,66,1,5,False,10,10
36692,137,random,10,0.6850119426751592,0,24,None,66,1,5,False,10,10
36693,138,random,10,0.6857085987261147,0,24,None,66,1,5,False,10,10
36694,139,random,10,0.6866042993630573,0,24,None,66,1,5,False,10,10
36695,135,random,10,0.6722730891719745,0,28,None,66,1,5,False,10,10
36696,136,random,10,0.6723726114649682,0,28,None,66,1,5,False,10,10
36697,137,random,10,0.6730692675159236,0,28,None,66,1,5,False,10,10
36698,138,random,10,0.6741640127388535,0,28,None,66,1,5,False,10,10
36699,139,random,10,0.6747611464968153,0,28,None,66,1,5,False,10,10
36700,135,random,10,0.7152667197452229,0,9,None,66,1,5,False,10,10
36701,136,random,10,0.7157643312101911,0,9,None,66,1,5,False,10,10
36702,137,random,10,0.7150676751592356,0,9,None,66,1,5,False,10,10
36703,138,random,10,0.7153662420382165,0,9,None,66,1,5,False,10,10
36704,139,random,10,0.7156648089171974,0,9,None,66,1,5,False,10,10
36705,135,random,10,0.7177547770700637,0,3,None,66,1,5,False,10,10
36706,136,random,10,0.7188495222929936,0,3,None,66,1,5,False,10,10
36707,137,random,10,0.7185509554140127,0,3,None,66,1,5,False,10,10
36708,138,random,10,0.7185509554140127,0,3,None,66,1,5,False,10,10
36709,139,random,10,0.7191480891719745,0,3,None,66,1,5,False,10,10
36710,135,random,10,0.6736664012738853,0,29,None,66,1,5,False,10,10
36711,136,random,10,0.6763535031847133,0,29,None,66,1,5,False,10,10
36712,137,random,10,0.6771496815286624,0,29,None,66,1,5,False,10,10
36713,138,random,10,0.6779458598726115,0,29,None,66,1,5,False,10,10
36714,139,random,10,0.6790406050955414,0,29,None,66,1,5,False,10,10
36715,135,random,10,0.6426154458598726,0,31,None,66,1,5,False,10,10
36716,136,random,10,0.6525676751592356,0,31,None,66,1,5,False,10,10
36717,137,random,10,0.6591361464968153,0,31,None,66,1,5,False,10,10
36718,138,random,10,0.6636146496815286,0,31,None,66,1,5,False,10,10
36719,139,random,10,0.6675955414012739,0,31,None,66,1,5,False,10,10
36720,135,random,10,0.6738654458598726,0,27,None,66,1,5,False,10,10
36721,136,random,10,0.676453025477707,0,27,None,66,1,5,False,10,10
36722,137,random,10,0.677547770700637,0,27,None,66,1,5,False,10,10
36723,138,random,10,0.679140127388535,0,27,None,66,1,5,False,10,10
36724,139,random,10,0.6806329617834395,0,27,None,66,1,5,False,10,10
36725,135,random,10,0.7177547770700637,0,32,None,66,1,5,False,10,10
36726,136,random,10,0.7184514331210191,0,32,None,66,1,5,False,10,10
36727,137,random,10,0.7200437898089171,0,32,None,66,1,5,False,10,10
36728,138,random,10,0.7191480891719745,0,32,None,66,1,5,False,10,10
36729,139,random,10,0.7196457006369427,0,32,None,66,1,5,False,10,10
36730,135,random,10,0.6639132165605095,0,5,None,66,1,5,False,10,10
36731,136,random,10,0.6639132165605095,0,5,None,66,1,5,False,10,10
36732,137,random,10,0.664609872611465,0,5,None,66,1,5,False,10,10
36733,138,random,10,0.6642117834394905,0,5,None,66,1,5,False,10,10
36734,139,random,10,0.6648089171974523,0,5,None,66,1,5,False,10,10
36735,135,random,10,0.6533638535031847,0,6,None,66,1,5,False,10,10
36736,136,random,10,0.6542595541401274,0,6,None,66,1,5,False,10,10
36737,137,random,10,0.6549562101910829,0,6,None,66,1,5,False,10,10
36738,138,random,10,0.6555533439490446,0,6,None,66,1,5,False,10,10
36739,139,random,10,0.6563495222929936,0,6,None,66,1,5,False,10,10
36740,135,random,10,0.7021297770700637,0,7,None,66,1,5,False,10,10
36741,136,random,10,0.7022292993630573,0,7,None,66,1,5,False,10,10
36742,137,random,10,0.703125,0,7,None,66,1,5,False,10,10
36743,138,random,10,0.7039211783439491,0,7,None,66,1,5,False,10,10
36744,139,random,10,0.7044187898089171,0,7,None,66,1,5,False,10,10
36745,135,random,10,0.6873009554140127,0,14,None,66,1,5,False,10,10
36746,136,random,10,0.6889928343949044,0,14,None,66,1,5,False,10,10
36747,137,random,10,0.6895899681528662,0,14,None,66,1,5,False,10,10
36748,138,random,10,0.6914808917197452,0,14,None,66,1,5,False,10,10
36749,139,random,10,0.6915804140127388,0,14,None,66,1,5,False,10,10
36750,135,random,10,0.7156648089171974,0,12,None,66,1,5,False,10,10
36751,136,random,10,0.7158638535031847,0,12,None,66,1,5,False,10,10
36752,137,random,10,0.7158638535031847,0,12,None,66,1,5,False,10,10
36753,138,random,10,0.7163614649681529,0,12,None,66,1,5,False,10,10
36754,139,random,10,0.7165605095541401,0,12,None,66,1,5,False,10,10
36755,135,random,10,0.65515525477707,0,26,None,66,1,5,False,10,10
36756,136,random,10,0.6552547770700637,0,26,None,66,1,5,False,10,10
36757,137,random,10,0.6547571656050956,0,26,None,66,1,5,False,10,10
36758,138,random,10,0.6547571656050956,0,26,None,66,1,5,False,10,10
36759,139,random,10,0.65515525477707,0,26,None,66,1,5,False,10,10
36760,135,random,10,0.705812101910828,0,30,None,66,1,5,False,10,10
36761,136,random,10,0.7071058917197452,0,30,None,66,1,5,False,10,10
36762,137,random,10,0.7081011146496815,0,30,None,66,1,5,False,10,10
36763,138,random,10,0.7098925159235668,0,30,None,66,1,5,False,10,10
36764,139,random,10,0.7113853503184714,0,30,None,66,1,5,False,10,10
36765,135,random,10,0.7040207006369427,0,4,None,66,1,5,False,10,10
36766,136,random,10,0.7053144904458599,0,4,None,66,1,5,False,10,10
36767,137,random,10,0.7053144904458599,0,4,None,66,1,5,False,10,10
36768,138,random,10,0.7057125796178344,0,4,None,66,1,5,False,10,10
36769,139,random,10,0.7056130573248408,0,4,None,66,1,5,False,10,10
36770,135,random,10,0.7089968152866242,0,0,None,66,1,5,False,10,10
36771,136,random,10,0.7102906050955414,0,0,None,66,1,5,False,10,10
36772,137,random,10,0.7110867834394905,0,0,None,66,1,5,False,10,10
36773,138,random,10,0.7112858280254777,0,0,None,66,1,5,False,10,10
36774,139,random,10,0.7126791401273885,0,0,None,66,1,5,False,10,10
36775,135,random,10,0.646297770700637,0,16,None,66,1,5,False,10,10
36776,136,random,10,0.6474920382165605,0,16,None,66,1,5,False,10,10
36777,137,random,10,0.6481886942675159,0,16,None,66,1,5,False,10,10
36778,138,random,10,0.6483877388535032,0,16,None,66,1,5,False,10,10
36779,139,random,10,0.648984872611465,0,16,None,66,1,5,False,10,10
36780,135,random,10,0.681031050955414,0,8,None,66,1,5,False,10,10
36781,136,random,10,0.6808320063694268,0,8,None,66,1,5,False,10,10
36782,137,random,10,0.6814291401273885,0,8,None,66,1,5,False,10,10
36783,138,random,10,0.6822253184713376,0,8,None,66,1,5,False,10,10
36784,139,random,10,0.6833200636942676,0,8,None,66,1,5,False,10,10
36785,135,random,10,0.684812898089172,0,18,None,66,1,5,False,10,10
36786,136,random,10,0.6863057324840764,0,18,None,66,1,5,False,10,10
36787,137,random,10,0.6874004777070064,0,18,None,66,1,5,False,10,10
36788,138,random,10,0.6882961783439491,0,18,None,66,1,5,False,10,10
36789,139,random,10,0.6892914012738853,0,18,None,66,1,5,False,10,10
36790,135,random,10,0.6546576433121019,0,19,None,66,1,5,False,10,10
36791,136,random,10,0.6529657643312102,0,19,None,66,1,5,False,10,10
36792,137,random,10,0.6511743630573248,0,19,None,66,1,5,False,10,10
36793,138,random,10,0.650577229299363,0,19,None,66,1,5,False,10,10
36794,139,random,10,0.6499800955414012,0,19,None,66,1,5,False,10,10
36795,140,random,10,0.6757563694267515,0,1,None,66,1,5,False,10,10
36796,141,random,10,0.6753582802547771,0,1,None,66,1,5,False,10,10
36797,142,random,10,0.6760549363057324,0,1,None,66,1,5,False,10,10
36798,143,random,10,0.6759554140127388,0,1,None,66,1,5,False,10,10
36799,144,random,10,0.6765525477707006,0,1,None,66,1,5,False,10,10
36800,140,random,10,0.7167595541401274,0,2,None,66,1,5,False,10,10
36801,141,random,10,0.7170581210191083,0,2,None,66,1,5,False,10,10
36802,142,random,10,0.7190485668789809,0,2,None,66,1,5,False,10,10
36803,143,random,10,0.7199442675159236,0,2,None,66,1,5,False,10,10
36804,144,random,10,0.7213375796178344,0,2,None,66,1,5,False,10,10
36805,140,random,10,0.7046178343949044,0,11,None,66,1,5,False,10,10
36806,141,random,10,0.7037221337579618,0,11,None,66,1,5,False,10,10
36807,142,random,10,0.7032245222929936,0,11,None,66,1,5,False,10,10
36808,143,random,10,0.7026273885350318,0,11,None,66,1,5,False,10,10
36809,144,random,10,0.7023288216560509,0,11,None,66,1,5,False,10,10
36810,140,random,10,0.6701831210191083,0,17,None,66,1,5,False,10,10
36811,141,random,10,0.668093152866242,0,17,None,66,1,5,False,10,10
36812,142,random,10,0.667296974522293,0,17,None,66,1,5,False,10,10
36813,143,random,10,0.6671974522292994,0,17,None,66,1,5,False,10,10
36814,144,random,10,0.6664012738853503,0,17,None,66,1,5,False,10,10
36815,140,random,10,0.6673964968152867,0,5,None,66,1,5,False,10,10
36816,141,random,10,0.6681926751592356,0,5,None,66,1,5,False,10,10
36817,142,random,10,0.6684912420382165,0,5,None,66,1,5,False,10,10
36818,143,random,10,0.6692874203821656,0,5,None,66,1,5,False,10,10
36819,144,random,10,0.6694864649681529,0,5,None,66,1,5,False,10,10
36820,140,random,10,0.6844148089171974,0,20,None,66,1,5,False,10,10
36821,141,random,10,0.6860071656050956,0,20,None,66,1,5,False,10,10
36822,142,random,10,0.6867038216560509,0,20,None,66,1,5,False,10,10
36823,143,random,10,0.6870023885350318,0,20,None,66,1,5,False,10,10
36824,144,random,10,0.6876990445859873,0,20,None,66,1,5,False,10,10
36825,140,random,10,0.711484872611465,0,22,None,66,1,5,False,10,10
36826,141,random,10,0.7115843949044586,0,22,None,66,1,5,False,10,10
36827,142,random,10,0.7118829617834395,0,22,None,66,1,5,False,10,10
36828,143,random,10,0.7121815286624203,0,22,None,66,1,5,False,10,10
36829,144,random,10,0.7127786624203821,0,22,None,66,1,5,False,10,10
36830,140,random,10,0.7083001592356688,0,13,None,66,1,5,False,10,10
36831,141,random,10,0.7100915605095541,0,13,None,66,1,5,False,10,10
36832,142,random,10,0.7113853503184714,0,13,None,66,1,5,False,10,10
36833,143,random,10,0.7123805732484076,0,13,None,66,1,5,False,10,10
36834,144,random,10,0.7142714968152867,0,13,None,66,1,5,False,10,10
36835,140,random,10,0.7041202229299363,0,25,None,66,1,5,False,10,10
36836,141,random,10,0.7059116242038217,0,25,None,66,1,5,False,10,10
36837,142,random,10,0.7064092356687898,0,25,None,66,1,5,False,10,10
36838,143,random,10,0.7066082802547771,0,25,None,66,1,5,False,10,10
36839,144,random,10,0.7064092356687898,0,25,None,66,1,5,False,10,10
36840,140,random,10,0.6946656050955414,0,14,None,66,1,5,False,10,10
36841,141,random,10,0.694765127388535,0,14,None,66,1,5,False,10,10
36842,142,random,10,0.6950636942675159,0,14,None,66,1,5,False,10,10
36843,143,random,10,0.6960589171974523,0,14,None,66,1,5,False,10,10
36844,144,random,10,0.6970541401273885,0,14,None,66,1,5,False,10,10
36845,140,random,10,0.6798367834394905,0,29,None,66,1,5,False,10,10
36846,141,random,10,0.681031050955414,0,29,None,66,1,5,False,10,10
36847,142,random,10,0.6824243630573248,0,29,None,66,1,5,False,10,10
36848,143,random,10,0.6834195859872612,0,29,None,66,1,5,False,10,10
36849,144,random,10,0.6840167197452229,0,29,None,66,1,5,False,10,10
36850,140,random,10,0.7169585987261147,0,9,None,66,1,5,False,10,10
36851,141,random,10,0.7166600318471338,0,9,None,66,1,5,False,10,10
36852,142,random,10,0.7165605095541401,0,9,None,66,1,5,False,10,10
36853,143,random,10,0.7166600318471338,0,9,None,66,1,5,False,10,10
36854,144,random,10,0.7169585987261147,0,9,None,66,1,5,False,10,10
36855,140,random,10,0.7228304140127388,0,32,None,66,1,5,False,10,10
36856,141,random,10,0.723328025477707,0,32,None,66,1,5,False,10,10
36857,142,random,10,0.724422770700637,0,32,None,66,1,5,False,10,10
36858,143,random,10,0.7255175159235668,0,32,None,66,1,5,False,10,10
36859,144,random,10,0.726015127388535,0,32,None,66,1,5,False,10,10
36860,140,random,10,0.7053144904458599,0,7,None,66,1,5,False,10,10
36861,141,random,10,0.7059116242038217,0,7,None,66,1,5,False,10,10
36862,142,random,10,0.7061106687898089,0,7,None,66,1,5,False,10,10
36863,143,random,10,0.7071058917197452,0,7,None,66,1,5,False,10,10
36864,144,random,10,0.7078025477707006,0,7,None,66,1,5,False,10,10
36865,140,random,10,0.6504777070063694,0,16,None,66,1,5,False,10,10
36866,141,random,10,0.6512738853503185,0,16,None,66,1,5,False,10,10
36867,142,random,10,0.6518710191082803,0,16,None,66,1,5,False,10,10
36868,143,random,10,0.6526671974522293,0,16,None,66,1,5,False,10,10
36869,144,random,10,0.6537619426751592,0,16,None,66,1,5,False,10,10
36870,140,random,10,0.6891918789808917,0,8,None,66,1,5,False,10,10
36871,141,random,10,0.6894904458598726,0,8,None,66,1,5,False,10,10
36872,142,random,10,0.6896894904458599,0,8,None,66,1,5,False,10,10
36873,143,random,10,0.6902866242038217,0,8,None,66,1,5,False,10,10
36874,144,random,10,0.6909832802547771,0,8,None,66,1,5,False,10,10
36875,140,random,10,0.6751592356687898,0,19,None,66,1,5,False,10,10
36876,141,random,10,0.6747611464968153,0,19,None,66,1,5,False,10,10
36877,142,random,10,0.6733678343949044,0,19,None,66,1,5,False,10,10
36878,143,random,10,0.6711783439490446,0,19,None,66,1,5,False,10,10
36879,144,random,10,0.6704816878980892,0,19,None,66,1,5,False,10,10
36880,140,random,10,0.7116839171974523,0,21,None,66,1,5,False,10,10
36881,141,random,10,0.7118829617834395,0,21,None,66,1,5,False,10,10
36882,142,random,10,0.7124800955414012,0,21,None,66,1,5,False,10,10
36883,143,random,10,0.7120820063694268,0,21,None,66,1,5,False,10,10
36884,144,random,10,0.7116839171974523,0,21,None,66,1,5,False,10,10
36885,140,random,10,0.6923765923566879,0,18,None,66,1,5,False,10,10
36886,141,random,10,0.6935708598726115,0,18,None,66,1,5,False,10,10
36887,142,random,10,0.6944665605095541,0,18,None,66,1,5,False,10,10
36888,143,random,10,0.6952627388535032,0,18,None,66,1,5,False,10,10
36889,144,random,10,0.6959593949044586,0,18,None,66,1,5,False,10,10
36890,140,random,10,0.7113853503184714,0,10,None,66,1,5,False,10,10
36891,141,random,10,0.7127786624203821,0,10,None,66,1,5,False,10,10
36892,142,random,10,0.7136743630573248,0,10,None,66,1,5,False,10,10
36893,143,random,10,0.7145700636942676,0,10,None,66,1,5,False,10,10
36894,144,random,10,0.7158638535031847,0,10,None,66,1,5,False,10,10
36895,140,random,10,0.7228304140127388,0,15,None,66,1,5,False,10,10
36896,141,random,10,0.7220342356687898,0,15,None,66,1,5,False,10,10
36897,142,random,10,0.7226313694267515,0,15,None,66,1,5,False,10,10
36898,143,random,10,0.7229299363057324,0,15,None,66,1,5,False,10,10
36899,144,random,10,0.7226313694267515,0,15,None,66,1,5,False,10,10
36900,140,random,10,0.6555533439490446,0,6,None,66,1,5,False,10,10
36901,141,random,10,0.6559514331210191,0,6,None,66,1,5,False,10,10
36902,142,random,10,0.6564490445859873,0,6,None,66,1,5,False,10,10
36903,143,random,10,0.6568471337579618,0,6,None,66,1,5,False,10,10
36904,144,random,10,0.65734474522293,0,6,None,66,1,5,False,10,10
36905,140,random,10,0.7180533439490446,0,12,None,66,1,5,False,10,10
36906,141,random,10,0.7179538216560509,0,12,None,66,1,5,False,10,10
36907,142,random,10,0.7184514331210191,0,12,None,66,1,5,False,10,10
36908,143,random,10,0.7183519108280255,0,12,None,66,1,5,False,10,10
36909,144,random,10,0.7185509554140127,0,12,None,66,1,5,False,10,10
36910,140,random,10,0.6554538216560509,0,26,None,66,1,5,False,10,10
36911,141,random,10,0.6550557324840764,0,26,None,66,1,5,False,10,10
36912,142,random,10,0.6555533439490446,0,26,None,66,1,5,False,10,10
36913,143,random,10,0.65625,0,26,None,66,1,5,False,10,10
36914,144,random,10,0.6570461783439491,0,26,None,66,1,5,False,10,10
36915,140,random,10,0.6904856687898089,0,23,None,66,1,5,False,10,10
36916,141,random,10,0.6904856687898089,0,23,None,66,1,5,False,10,10
36917,142,random,10,0.6902866242038217,0,23,None,66,1,5,False,10,10
36918,143,random,10,0.6910828025477707,0,23,None,66,1,5,False,10,10
36919,144,random,10,0.6907842356687898,0,23,None,66,1,5,False,10,10
36920,140,random,10,0.7098925159235668,0,4,None,66,1,5,False,10,10
36921,141,random,10,0.7097929936305732,0,4,None,66,1,5,False,10,10
36922,142,random,10,0.7098925159235668,0,4,None,66,1,5,False,10,10
36923,143,random,10,0.709593949044586,0,4,None,66,1,5,False,10,10
36924,144,random,10,0.7107882165605095,0,4,None,66,1,5,False,10,10
36925,140,random,10,0.6761544585987261,0,28,None,66,1,5,False,10,10
36926,141,random,10,0.6765525477707006,0,28,None,66,1,5,False,10,10
36927,142,random,10,0.6763535031847133,0,28,None,66,1,5,False,10,10
36928,143,random,10,0.6763535031847133,0,28,None,66,1,5,False,10,10
36929,144,random,10,0.6770501592356688,0,28,None,66,1,5,False,10,10
36930,140,random,10,0.7196457006369427,0,3,None,66,1,5,False,10,10
36931,141,random,10,0.7194466560509554,0,3,None,66,1,5,False,10,10
36932,142,random,10,0.71984474522293,0,3,None,66,1,5,False,10,10
36933,143,random,10,0.7202428343949044,0,3,None,66,1,5,False,10,10
36934,144,random,10,0.7199442675159236,0,3,None,66,1,5,False,10,10
36935,140,random,10,0.6895899681528662,0,24,None,66,1,5,False,10,10
36936,141,random,10,0.6900875796178344,0,24,None,66,1,5,False,10,10
36937,142,random,10,0.6906847133757962,0,24,None,66,1,5,False,10,10
36938,143,random,10,0.6924761146496815,0,24,None,66,1,5,False,10,10
36939,144,random,10,0.6926751592356688,0,24,None,66,1,5,False,10,10
36940,140,random,10,0.6823248407643312,0,27,None,66,1,5,False,10,10
36941,141,random,10,0.6841162420382165,0,27,None,66,1,5,False,10,10
36942,142,random,10,0.684812898089172,0,27,None,66,1,5,False,10,10
36943,143,random,10,0.6867038216560509,0,27,None,66,1,5,False,10,10
36944,144,random,10,0.6870023885350318,0,27,None,66,1,5,False,10,10
36945,140,random,10,0.7101910828025477,0,30,None,66,1,5,False,10,10
36946,141,random,10,0.7107882165605095,0,30,None,66,1,5,False,10,10
36947,142,random,10,0.7119824840764332,0,30,None,66,1,5,False,10,10
36948,143,random,10,0.7138734076433121,0,30,None,66,1,5,False,10,10
36949,144,random,10,0.7153662420382165,0,30,None,66,1,5,False,10,10
36950,140,random,10,0.7132762738853503,0,0,None,66,1,5,False,10,10
36951,141,random,10,0.7135748407643312,0,0,None,66,1,5,False,10,10
36952,142,random,10,0.7143710191082803,0,0,None,66,1,5,False,10,10
36953,143,random,10,0.7162619426751592,0,0,None,66,1,5,False,10,10
36954,144,random,10,0.7167595541401274,0,0,None,66,1,5,False,10,10
36955,140,random,10,0.6708797770700637,0,31,None,66,1,5,False,10,10
36956,141,random,10,0.6738654458598726,0,31,None,66,1,5,False,10,10
36957,142,random,10,0.6761544585987261,0,31,None,66,1,5,False,10,10
36958,143,random,10,0.678343949044586,0,31,None,66,1,5,False,10,10
36959,144,random,10,0.6820262738853503,0,31,None,66,1,5,False,10,10
41745,145,random,10,0.67078025477707,0,5,None,66,1,5,False,10,10
41746,146,random,10,0.6708797770700637,0,5,None,66,1,5,False,10,10
41747,147,random,10,0.6710788216560509,0,5,None,66,1,5,False,10,10
41748,148,random,10,0.6716759554140127,0,5,None,66,1,5,False,10,10
41749,149,random,10,0.6722730891719745,0,5,None,66,1,5,False,10,10
41750,145,random,10,0.713077229299363,0,13,None,66,1,5,False,10,10
41751,146,random,10,0.7148686305732485,0,13,None,66,1,5,False,10,10
41752,147,random,10,0.7159633757961783,0,13,None,66,1,5,False,10,10
41753,148,random,10,0.7161624203821656,0,13,None,66,1,5,False,10,10
41754,149,random,10,0.7172571656050956,0,13,None,66,1,5,False,10,10
41755,145,random,10,0.7241242038216561,0,15,None,66,1,5,False,10,10
41756,146,random,10,0.7242237261146497,0,15,None,66,1,5,False,10,10
41757,147,random,10,0.7239251592356688,0,15,None,66,1,5,False,10,10
41758,148,random,10,0.724422770700637,0,15,None,66,1,5,False,10,10
41759,149,random,10,0.7245222929936306,0,15,None,66,1,5,False,10,10
41760,145,random,10,0.7159633757961783,0,10,None,66,1,5,False,10,10
41761,146,random,10,0.7166600318471338,0,10,None,66,1,5,False,10,10
41762,147,random,10,0.7172571656050956,0,10,None,66,1,5,False,10,10
41763,148,random,10,0.7178542993630573,0,10,None,66,1,5,False,10,10
41764,149,random,10,0.7185509554140127,0,10,None,66,1,5,False,10,10
41765,145,random,10,0.6517714968152867,0,16,None,66,1,5,False,10,10
41766,146,random,10,0.6533638535031847,0,16,None,66,1,5,False,10,10
41767,147,random,10,0.6537619426751592,0,16,None,66,1,5,False,10,10
41768,148,random,10,0.6545581210191083,0,16,None,66,1,5,False,10,10
41769,149,random,10,0.6561504777070064,0,16,None,66,1,5,False,10,10
41770,145,random,10,0.7029259554140127,0,11,None,66,1,5,False,10,10
41771,146,random,10,0.7021297770700637,0,11,None,66,1,5,False,10,10
41772,147,random,10,0.7015326433121019,0,11,None,66,1,5,False,10,10
41773,148,random,10,0.7010350318471338,0,11,None,66,1,5,False,10,10
41774,149,random,10,0.7015326433121019,0,11,None,66,1,5,False,10,10
41775,145,random,10,0.6975517515923567,0,14,None,66,1,5,False,10,10
41776,146,random,10,0.6989450636942676,0,14,None,66,1,5,False,10,10
41777,147,random,10,0.6996417197452229,0,14,None,66,1,5,False,10,10
41778,148,random,10,0.7001393312101911,0,14,None,66,1,5,False,10,10
41779,149,random,10,0.7014331210191083,0,14,None,66,1,5,False,10,10
41780,145,random,10,0.7166600318471338,0,22,None,66,1,5,False,10,10
41781,146,random,10,0.7162619426751592,0,22,None,66,1,5,False,10,10
41782,147,random,10,0.7169585987261147,0,22,None,66,1,5,False,10,10
41783,148,random,10,0.7173566878980892,0,22,None,66,1,5,False,10,10
41784,149,random,10,0.7179538216560509,0,22,None,66,1,5,False,10,10
41785,145,random,10,0.6925756369426752,0,23,None,66,1,5,False,10,10
41786,146,random,10,0.6919785031847133,0,23,None,66,1,5,False,10,10
41787,147,random,10,0.6923765923566879,0,23,None,66,1,5,False,10,10
41788,148,random,10,0.6932722929936306,0,23,None,66,1,5,False,10,10
41789,149,random,10,0.6933718152866242,0,23,None,66,1,5,False,10,10
41790,145,random,10,0.6748606687898089,0,17,None,66,1,5,False,10,10
41791,146,random,10,0.6734673566878981,0,17,None,66,1,5,False,10,10
41792,147,random,10,0.6723726114649682,0,17,None,66,1,5,False,10,10
41793,148,random,10,0.6728702229299363,0,17,None,66,1,5,False,10,10
41794,149,random,10,0.6728702229299363,0,17,None,66,1,5,False,10,10
41795,145,random,10,0.7059116242038217,0,25,None,66,1,5,False,10,10
41796,146,random,10,0.7066082802547771,0,25,None,66,1,5,False,10,10
41797,147,random,10,0.7072054140127388,0,25,None,66,1,5,False,10,10
41798,148,random,10,0.7074044585987261,0,25,None,66,1,5,False,10,10
41799,149,random,10,0.7078025477707006,0,25,None,66,1,5,False,10,10
41800,145,random,10,0.6580414012738853,0,26,None,66,1,5,False,10,10
41801,146,random,10,0.6575437898089171,0,26,None,66,1,5,False,10,10
41802,147,random,10,0.6586385350318471,0,26,None,66,1,5,False,10,10
41803,148,random,10,0.6595342356687898,0,26,None,66,1,5,False,10,10
41804,149,random,10,0.6599323248407644,0,26,None,66,1,5,False,10,10
41805,145,random,10,0.7190485668789809,0,12,None,66,1,5,False,10,10
41806,146,random,10,0.7202428343949044,0,12,None,66,1,5,False,10,10
41807,147,random,10,0.7211385350318471,0,12,None,66,1,5,False,10,10
41808,148,random,10,0.7211385350318471,0,12,None,66,1,5,False,10,10
41809,149,random,10,0.7213375796178344,0,12,None,66,1,5,False,10,10
41810,145,random,10,0.6925756369426752,0,24,None,66,1,5,False,10,10
41811,146,random,10,0.6941679936305732,0,24,None,66,1,5,False,10,10
41812,147,random,10,0.6949641719745223,0,24,None,66,1,5,False,10,10
41813,148,random,10,0.6951632165605095,0,24,None,66,1,5,False,10,10
41814,149,random,10,0.6949641719745223,0,24,None,66,1,5,False,10,10
41815,145,random,10,0.6782444267515924,0,28,None,66,1,5,False,10,10
41816,146,random,10,0.6793391719745223,0,28,None,66,1,5,False,10,10
41817,147,random,10,0.6804339171974523,0,28,None,66,1,5,False,10,10
41818,148,random,10,0.6811305732484076,0,28,None,66,1,5,False,10,10
41819,149,random,10,0.6809315286624203,0,28,None,66,1,5,False,10,10
41820,145,random,10,0.6843152866242038,0,29,None,66,1,5,False,10,10
41821,146,random,10,0.685609076433121,0,29,None,66,1,5,False,10,10
41822,147,random,10,0.6869028662420382,0,29,None,66,1,5,False,10,10
41823,148,random,10,0.6879976114649682,0,29,None,66,1,5,False,10,10
41824,149,random,10,0.689390923566879,0,29,None,66,1,5,False,10,10
41825,145,random,10,0.7194466560509554,0,9,None,66,1,5,False,10,10
41826,146,random,10,0.7203423566878981,0,9,None,66,1,5,False,10,10
41827,147,random,10,0.720640923566879,0,9,None,66,1,5,False,10,10
41828,148,random,10,0.7203423566878981,0,9,None,66,1,5,False,10,10
41829,149,random,10,0.7201433121019108,0,9,None,66,1,5,False,10,10
41830,145,random,10,0.7138734076433121,0,30,None,66,1,5,False,10,10
41831,146,random,10,0.7157643312101911,0,30,None,66,1,5,False,10,10
41832,147,random,10,0.7162619426751592,0,30,None,66,1,5,False,10,10
41833,148,random,10,0.7179538216560509,0,30,None,66,1,5,False,10,10
41834,149,random,10,0.71984474522293,0,30,None,66,1,5,False,10,10
41835,145,random,10,0.6590366242038217,0,6,None,66,1,5,False,10,10
41836,146,random,10,0.6590366242038217,0,6,None,66,1,5,False,10,10
41837,147,random,10,0.6597332802547771,0,6,None,66,1,5,False,10,10
41838,148,random,10,0.6601313694267515,0,6,None,66,1,5,False,10,10
41839,149,random,10,0.6611265923566879,0,6,None,66,1,5,False,10,10
41840,145,random,10,0.68640525477707,0,27,None,66,1,5,False,10,10
41841,146,random,10,0.6875,0,27,None,66,1,5,False,10,10
41842,147,random,10,0.6895899681528662,0,27,None,66,1,5,False,10,10
41843,148,random,10,0.6909832802547771,0,27,None,66,1,5,False,10,10
41844,149,random,10,0.6918789808917197,0,27,None,66,1,5,False,10,10
41845,145,random,10,0.6835191082802548,0,31,None,66,1,5,False,10,10
41846,146,random,10,0.6866042993630573,0,31,None,66,1,5,False,10,10
41847,147,random,10,0.6883957006369427,0,31,None,66,1,5,False,10,10
41848,148,random,10,0.6898885350318471,0,31,None,66,1,5,False,10,10
41849,149,random,10,0.6923765923566879,0,31,None,66,1,5,False,10,10
41850,145,random,10,0.7089968152866242,0,7,None,66,1,5,False,10,10
41851,146,random,10,0.7098925159235668,0,7,None,66,1,5,False,10,10
41852,147,random,10,0.7107882165605095,0,7,None,66,1,5,False,10,10
41853,148,random,10,0.7120820063694268,0,7,None,66,1,5,False,10,10
41854,149,random,10,0.7124800955414012,0,7,None,66,1,5,False,10,10
41855,145,random,10,0.7257165605095541,0,32,None,66,1,5,False,10,10
41856,146,random,10,0.7249203821656051,0,32,None,66,1,5,False,10,10
41857,147,random,10,0.7263136942675159,0,32,None,66,1,5,False,10,10
41858,148,random,10,0.7277070063694268,0,32,None,66,1,5,False,10,10
41859,149,random,10,0.7282046178343949,0,32,None,66,1,5,False,10,10
41860,145,random,10,0.6823248407643312,0,1,None,66,1,5,False,10,10
41861,146,random,10,0.6823248407643312,0,1,None,66,1,5,False,10,10
41862,147,random,10,0.6816281847133758,0,1,None,66,1,5,False,10,10
41863,148,random,10,0.6819267515923567,0,1,None,66,1,5,False,10,10
41864,149,random,10,0.6819267515923567,0,1,None,66,1,5,False,10,10
41865,145,random,10,0.7184514331210191,0,2,None,66,1,5,False,10,10
41866,146,random,10,0.7196457006369427,0,2,None,66,1,5,False,10,10
41867,147,random,10,0.7215366242038217,0,2,None,66,1,5,False,10,10
41868,148,random,10,0.7227308917197452,0,2,None,66,1,5,False,10,10
41869,149,random,10,0.7246218152866242,0,2,None,66,1,5,False,10,10
41870,145,random,10,0.7163614649681529,0,0,None,66,1,5,False,10,10
41871,146,random,10,0.7171576433121019,0,0,None,66,1,5,False,10,10
41872,147,random,10,0.7185509554140127,0,0,None,66,1,5,False,10,10
41873,148,random,10,0.7191480891719745,0,0,None,66,1,5,False,10,10
41874,149,random,10,0.7188495222929936,0,0,None,66,1,5,False,10,10
41875,145,random,10,0.699343152866242,0,18,None,66,1,5,False,10,10
41876,146,random,10,0.6992436305732485,0,18,None,66,1,5,False,10,10
41877,147,random,10,0.6996417197452229,0,18,None,66,1,5,False,10,10
41878,148,random,10,0.6994426751592356,0,18,None,66,1,5,False,10,10
41879,149,random,10,0.6995421974522293,0,18,None,66,1,5,False,10,10
41880,145,random,10,0.6971536624203821,0,8,None,66,1,5,False,10,10
41881,146,random,10,0.6963574840764332,0,8,None,66,1,5,False,10,10
41882,147,random,10,0.6968550955414012,0,8,None,66,1,5,False,10,10
41883,148,random,10,0.6977507961783439,0,8,None,66,1,5,False,10,10
41884,149,random,10,0.6983479299363057,0,8,None,66,1,5,False,10,10
41885,145,random,10,0.6828224522292994,0,19,None,66,1,5,False,10,10
41886,146,random,10,0.6832205414012739,0,19,None,66,1,5,False,10,10
41887,147,random,10,0.6827229299363057,0,19,None,66,1,5,False,10,10
41888,148,random,10,0.6824243630573248,0,19,None,66,1,5,False,10,10
41889,149,random,10,0.6803343949044586,0,19,None,66,1,5,False,10,10
41890,145,random,10,0.7161624203821656,0,21,None,66,1,5,False,10,10
41891,146,random,10,0.714968152866242,0,21,None,66,1,5,False,10,10
41892,147,random,10,0.7146695859872612,0,21,None,66,1,5,False,10,10
41893,148,random,10,0.7142714968152867,0,21,None,66,1,5,False,10,10
41894,149,random,10,0.714968152866242,0,21,None,66,1,5,False,10,10
41895,145,random,10,0.7134753184713376,0,4,None,66,1,5,False,10,10
41896,146,random,10,0.7140724522292994,0,4,None,66,1,5,False,10,10
41897,147,random,10,0.7142714968152867,0,4,None,66,1,5,False,10,10
41898,148,random,10,0.7142714968152867,0,4,None,66,1,5,False,10,10
41899,149,random,10,0.7146695859872612,0,4,None,66,1,5,False,10,10
41900,145,random,10,0.7228304140127388,0,3,None,66,1,5,False,10,10
41901,146,random,10,0.7230294585987261,0,3,None,66,1,5,False,10,10
41902,147,random,10,0.7238256369426752,0,3,None,66,1,5,False,10,10
41903,148,random,10,0.7232285031847133,0,3,None,66,1,5,False,10,10
41904,149,random,10,0.7235270700636943,0,3,None,66,1,5,False,10,10
41905,145,random,10,0.6877985668789809,0,20,None,66,1,5,False,10,10
41906,146,random,10,0.6884952229299363,0,20,None,66,1,5,False,10,10
41907,147,random,10,0.6887937898089171,0,20,None,66,1,5,False,10,10
41908,148,random,10,0.6907842356687898,0,20,None,66,1,5,False,10,10
41909,149,random,10,0.6913813694267515,0,20,None,66,1,5,False,10,10
41910,150,random,10,0.6834195859872612,0,1,None,66,1,5,False,10,10
41911,151,random,10,0.6832205414012739,0,1,None,66,1,5,False,10,10
41912,152,random,10,0.683718152866242,0,1,None,66,1,5,False,10,10
41913,153,random,10,0.6847133757961783,0,1,None,66,1,5,False,10,10
41914,154,random,10,0.6846138535031847,0,1,None,66,1,5,False,10,10
41915,150,random,10,0.7186504777070064,0,21,None,66,1,5,False,10,10
41916,151,random,10,0.7191480891719745,0,21,None,66,1,5,False,10,10
41917,152,random,10,0.71984474522293,0,21,None,66,1,5,False,10,10
41918,153,random,10,0.7193471337579618,0,21,None,66,1,5,False,10,10
41919,154,random,10,0.7211385350318471,0,21,None,66,1,5,False,10,10
41920,150,random,10,0.6935708598726115,0,27,None,66,1,5,False,10,10
41921,151,random,10,0.6938694267515924,0,27,None,66,1,5,False,10,10
41922,152,random,10,0.6950636942675159,0,27,None,66,1,5,False,10,10
41923,153,random,10,0.6962579617834395,0,27,None,66,1,5,False,10,10
41924,154,random,10,0.697452229299363,0,27,None,66,1,5,False,10,10
41925,150,random,10,0.7197452229299363,0,30,None,66,1,5,False,10,10
41926,151,random,10,0.7211385350318471,0,30,None,66,1,5,False,10,10
41927,152,random,10,0.7224323248407644,0,30,None,66,1,5,False,10,10
41928,153,random,10,0.7232285031847133,0,30,None,66,1,5,False,10,10
41929,154,random,10,0.7248208598726115,0,30,None,66,1,5,False,10,10
41930,150,random,10,0.724422770700637,0,2,None,66,1,5,False,10,10
41931,151,random,10,0.7254179936305732,0,2,None,66,1,5,False,10,10
41932,152,random,10,0.7256170382165605,0,2,None,66,1,5,False,10,10
41933,153,random,10,0.7273089171974523,0,2,None,66,1,5,False,10,10
41934,154,random,10,0.7282046178343949,0,2,None,66,1,5,False,10,10
41935,150,random,10,0.6728702229299363,0,5,None,66,1,5,False,10,10
41936,151,random,10,0.6732683121019108,0,5,None,66,1,5,False,10,10
41937,152,random,10,0.6734673566878981,0,5,None,66,1,5,False,10,10
41938,153,random,10,0.6736664012738853,0,5,None,66,1,5,False,10,10
41939,154,random,10,0.673765923566879,0,5,None,66,1,5,False,10,10
41940,150,random,10,0.6567476114649682,0,16,None,66,1,5,False,10,10
41941,151,random,10,0.6569466560509554,0,16,None,66,1,5,False,10,10
41942,152,random,10,0.6576433121019108,0,16,None,66,1,5,False,10,10
41943,153,random,10,0.658140923566879,0,16,None,66,1,5,False,10,10
41944,154,random,10,0.6586385350318471,0,16,None,66,1,5,False,10,10
41945,150,random,10,0.6838176751592356,0,29,None,66,1,5,False,10,10
41946,151,random,10,0.6855095541401274,0,29,None,66,1,5,False,10,10
41947,152,random,10,0.6877985668789809,0,29,None,66,1,5,False,10,10
41948,153,random,10,0.6897890127388535,0,29,None,66,1,5,False,10,10
41949,154,random,10,0.6911823248407644,0,29,None,66,1,5,False,10,10
41950,150,random,10,0.71765525477707,0,13,None,66,1,5,False,10,10
41951,151,random,10,0.7188495222929936,0,13,None,66,1,5,False,10,10
41952,152,random,10,0.7200437898089171,0,13,None,66,1,5,False,10,10
41953,153,random,10,0.7212380573248408,0,13,None,66,1,5,False,10,10
41954,154,random,10,0.7217356687898089,0,13,None,66,1,5,False,10,10
41955,150,random,10,0.6598328025477707,0,26,None,66,1,5,False,10,10
41956,151,random,10,0.660031847133758,0,26,None,66,1,5,False,10,10
41957,152,random,10,0.6614251592356688,0,26,None,66,1,5,False,10,10
41958,153,random,10,0.661922770700637,0,26,None,66,1,5,False,10,10
41959,154,random,10,0.6621218152866242,0,26,None,66,1,5,False,10,10
41960,150,random,10,0.7251194267515924,0,15,None,66,1,5,False,10,10
41961,151,random,10,0.7251194267515924,0,15,None,66,1,5,False,10,10
41962,152,random,10,0.7262141719745223,0,15,None,66,1,5,False,10,10
41963,153,random,10,0.7266122611464968,0,15,None,66,1,5,False,10,10
41964,154,random,10,0.7273089171974523,0,15,None,66,1,5,False,10,10
41965,150,random,10,0.7106886942675159,0,11,None,66,1,5,False,10,10
41966,151,random,10,0.7107882165605095,0,11,None,66,1,5,False,10,10
41967,152,random,10,0.7110867834394905,0,11,None,66,1,5,False,10,10
41968,153,random,10,0.7113853503184714,0,11,None,66,1,5,False,10,10
41969,154,random,10,0.7100915605095541,0,11,None,66,1,5,False,10,10
41970,150,random,10,0.6734673566878981,0,17,None,66,1,5,False,10,10
41971,151,random,10,0.6741640127388535,0,17,None,66,1,5,False,10,10
41972,152,random,10,0.6742635350318471,0,17,None,66,1,5,False,10,10
41973,153,random,10,0.6743630573248408,0,17,None,66,1,5,False,10,10
41974,154,random,10,0.6742635350318471,0,17,None,66,1,5,False,10,10
41975,150,random,10,0.6986464968152867,0,24,None,66,1,5,False,10,10
41976,151,random,10,0.6998407643312102,0,24,None,66,1,5,False,10,10
41977,152,random,10,0.699343152866242,0,24,None,66,1,5,False,10,10
41978,153,random,10,0.6991441082802548,0,24,None,66,1,5,False,10,10
41979,154,random,10,0.6999402866242038,0,24,None,66,1,5,False,10,10
41980,150,random,10,0.6871019108280255,0,28,None,66,1,5,False,10,10
41981,151,random,10,0.6875,0,28,None,66,1,5,False,10,10
41982,152,random,10,0.6879976114649682,0,28,None,66,1,5,False,10,10
41983,153,random,10,0.6883957006369427,0,28,None,66,1,5,False,10,10
41984,154,random,10,0.68859474522293,0,28,None,66,1,5,False,10,10
41985,150,random,10,0.710390127388535,0,25,None,66,1,5,False,10,10
41986,151,random,10,0.7117834394904459,0,25,None,66,1,5,False,10,10
41987,152,random,10,0.712281050955414,0,25,None,66,1,5,False,10,10
41988,153,random,10,0.7119824840764332,0,25,None,66,1,5,False,10,10
41989,154,random,10,0.7121815286624203,0,25,None,66,1,5,False,10,10
41990,150,random,10,0.7207404458598726,0,12,None,66,1,5,False,10,10
41991,151,random,10,0.7212380573248408,0,12,None,66,1,5,False,10,10
41992,152,random,10,0.721437101910828,0,12,None,66,1,5,False,10,10
41993,153,random,10,0.7216361464968153,0,12,None,66,1,5,False,10,10
41994,154,random,10,0.7224323248407644,0,12,None,66,1,5,False,10,10
41995,150,random,10,0.7207404458598726,0,9,None,66,1,5,False,10,10
41996,151,random,10,0.7204418789808917,0,9,None,66,1,5,False,10,10
41997,152,random,10,0.7202428343949044,0,9,None,66,1,5,False,10,10
41998,153,random,10,0.7205414012738853,0,9,None,66,1,5,False,10,10
41999,154,random,10,0.7207404458598726,0,9,None,66,1,5,False,10,10
42000,150,random,10,0.7039211783439491,0,14,None,66,1,5,False,10,10
42001,151,random,10,0.703125,0,14,None,66,1,5,False,10,10
42002,152,random,10,0.7038216560509554,0,14,None,66,1,5,False,10,10
42003,153,random,10,0.7040207006369427,0,14,None,66,1,5,False,10,10
42004,154,random,10,0.7045183121019108,0,14,None,66,1,5,False,10,10
42005,150,random,10,0.7148686305732485,0,7,None,66,1,5,False,10,10
42006,151,random,10,0.7148686305732485,0,7,None,66,1,5,False,10,10
42007,152,random,10,0.7147691082802548,0,7,None,66,1,5,False,10,10
42008,153,random,10,0.7162619426751592,0,7,None,66,1,5,False,10,10
42009,154,random,10,0.7167595541401274,0,7,None,66,1,5,False,10,10
42010,150,random,10,0.7165605095541401,0,4,None,66,1,5,False,10,10
42011,151,random,10,0.7156648089171974,0,4,None,66,1,5,False,10,10
42012,152,random,10,0.7159633757961783,0,4,None,66,1,5,False,10,10
42013,153,random,10,0.7162619426751592,0,4,None,66,1,5,False,10,10
42014,154,random,10,0.7163614649681529,0,4,None,66,1,5,False,10,10
42015,150,random,10,0.7227308917197452,0,0,None,66,1,5,False,10,10
42016,151,random,10,0.7236265923566879,0,0,None,66,1,5,False,10,10
42017,152,random,10,0.7247213375796179,0,0,None,66,1,5,False,10,10
42018,153,random,10,0.7247213375796179,0,0,None,66,1,5,False,10,10
42019,154,random,10,0.7247213375796179,0,0,None,66,1,5,False,10,10
42020,150,random,10,0.7215366242038217,0,10,None,66,1,5,False,10,10
42021,151,random,10,0.7227308917197452,0,10,None,66,1,5,False,10,10
42022,152,random,10,0.7219347133757962,0,10,None,66,1,5,False,10,10
42023,153,random,10,0.7220342356687898,0,10,None,66,1,5,False,10,10
42024,154,random,10,0.722531847133758,0,10,None,66,1,5,False,10,10
42025,150,random,10,0.6625199044585988,0,6,None,66,1,5,False,10,10
42026,151,random,10,0.6626194267515924,0,6,None,66,1,5,False,10,10
42027,152,random,10,0.6637141719745223,0,6,None,66,1,5,False,10,10
42028,153,random,10,0.6643113057324841,0,6,None,66,1,5,False,10,10
42029,154,random,10,0.6643113057324841,0,6,None,66,1,5,False,10,10
42030,150,random,10,0.6884952229299363,0,20,None,66,1,5,False,10,10
42031,151,random,10,0.6888933121019108,0,20,None,66,1,5,False,10,10
42032,152,random,10,0.6897890127388535,0,20,None,66,1,5,False,10,10
42033,153,random,10,0.6917794585987261,0,20,None,66,1,5,False,10,10
42034,154,random,10,0.692078025477707,0,20,None,66,1,5,False,10,10
42035,150,random,10,0.7191480891719745,0,22,None,66,1,5,False,10,10
42036,151,random,10,0.7196457006369427,0,22,None,66,1,5,False,10,10
42037,152,random,10,0.7201433121019108,0,22,None,66,1,5,False,10,10
42038,153,random,10,0.7208399681528662,0,22,None,66,1,5,False,10,10
42039,154,random,10,0.7211385350318471,0,22,None,66,1,5,False,10,10
42040,150,random,10,0.6940684713375797,0,23,None,66,1,5,False,10,10
42041,151,random,10,0.6945660828025477,0,23,None,66,1,5,False,10,10
42042,152,random,10,0.694765127388535,0,23,None,66,1,5,False,10,10
42043,153,random,10,0.6951632165605095,0,23,None,66,1,5,False,10,10
42044,154,random,10,0.6969546178343949,0,23,None,66,1,5,False,10,10
42045,150,random,10,0.7264132165605095,0,32,None,66,1,5,False,10,10
42046,151,random,10,0.7270103503184714,0,32,None,66,1,5,False,10,10
42047,152,random,10,0.7281050955414012,0,32,None,66,1,5,False,10,10
42048,153,random,10,0.7283041401273885,0,32,None,66,1,5,False,10,10
42049,154,random,10,0.7293988853503185,0,32,None,66,1,5,False,10,10
42050,150,random,10,0.7003383757961783,0,8,None,66,1,5,False,10,10
42051,151,random,10,0.700437898089172,0,8,None,66,1,5,False,10,10
42052,152,random,10,0.7010350318471338,0,8,None,66,1,5,False,10,10
42053,153,random,10,0.7016321656050956,0,8,None,66,1,5,False,10,10
42054,154,random,10,0.7025278662420382,0,8,None,66,1,5,False,10,10
42055,150,random,10,0.7269108280254777,0,3,None,66,1,5,False,10,10
42056,151,random,10,0.7276074840764332,0,3,None,66,1,5,False,10,10
42057,152,random,10,0.7280055732484076,0,3,None,66,1,5,False,10,10
42058,153,random,10,0.7289012738853503,0,3,None,66,1,5,False,10,10
42059,154,random,10,0.7294984076433121,0,3,None,66,1,5,False,10,10
42060,150,random,10,0.6975517515923567,0,18,None,66,1,5,False,10,10
42061,151,random,10,0.6983479299363057,0,18,None,66,1,5,False,10,10
42062,152,random,10,0.6992436305732485,0,18,None,66,1,5,False,10,10
42063,153,random,10,0.6997412420382165,0,18,None,66,1,5,False,10,10
42064,154,random,10,0.70203025477707,0,18,None,66,1,5,False,10,10
42065,150,random,10,0.6805334394904459,0,19,None,66,1,5,False,10,10
42066,151,random,10,0.6805334394904459,0,19,None,66,1,5,False,10,10
42067,152,random,10,0.6796377388535032,0,19,None,66,1,5,False,10,10
42068,153,random,10,0.679140127388535,0,19,None,66,1,5,False,10,10
42069,154,random,10,0.6768511146496815,0,19,None,66,1,5,False,10,10
42070,150,random,10,0.6688893312101911,0,31,None,66,1,5,False,10,10
42071,151,random,10,0.6740644904458599,0,31,None,66,1,5,False,10,10
42072,152,random,10,0.6773487261146497,0,31,None,66,1,5,False,10,10
42073,153,random,10,0.6811305732484076,0,31,None,66,1,5,False,10,10
42074,154,random,10,0.6836186305732485,0,31,None,66,1,5,False,10,10
47190,155,random,10,0.6588375796178344,0,16,None,66,1,5,False,10,10
47191,156,random,10,0.6597332802547771,0,16,None,66,1,5,False,10,10
47192,157,random,10,0.6603304140127388,0,16,None,66,1,5,False,10,10
47193,158,random,10,0.6602308917197452,0,16,None,66,1,5,False,10,10
47194,159,random,10,0.6615246815286624,0,16,None,66,1,5,False,10,10
47195,155,random,10,0.7056130573248408,0,8,None,66,1,5,False,10,10
47196,156,random,10,0.7057125796178344,0,8,None,66,1,5,False,10,10
47197,157,random,10,0.7065087579617835,0,8,None,66,1,5,False,10,10
47198,158,random,10,0.7063097133757962,0,8,None,66,1,5,False,10,10
47199,159,random,10,0.7073049363057324,0,8,None,66,1,5,False,10,10
47200,155,random,10,0.674562101910828,0,19,None,66,1,5,False,10,10
47201,156,random,10,0.6728702229299363,0,19,None,66,1,5,False,10,10
47202,157,random,10,0.6720740445859873,0,19,None,66,1,5,False,10,10
47203,158,random,10,0.6698845541401274,0,19,None,66,1,5,False,10,10
47204,159,random,10,0.6689888535031847,0,19,None,66,1,5,False,10,10
47205,155,random,10,0.7238256369426752,0,22,None,66,1,5,False,10,10
47206,156,random,10,0.7241242038216561,0,22,None,66,1,5,False,10,10
47207,157,random,10,0.7237261146496815,0,22,None,66,1,5,False,10,10
47208,158,random,10,0.7238256369426752,0,22,None,66,1,5,False,10,10
47209,159,random,10,0.7247213375796179,0,22,None,66,1,5,False,10,10
47210,155,random,10,0.7071058917197452,0,14,None,66,1,5,False,10,10
47211,156,random,10,0.706906847133758,0,14,None,66,1,5,False,10,10
47212,157,random,10,0.7080015923566879,0,14,None,66,1,5,False,10,10
47213,158,random,10,0.7092953821656051,0,14,None,66,1,5,False,10,10
47214,159,random,10,0.7094944267515924,0,14,None,66,1,5,False,10,10
47215,155,random,10,0.7215366242038217,0,21,None,66,1,5,False,10,10
47216,156,random,10,0.7221337579617835,0,21,None,66,1,5,False,10,10
47217,157,random,10,0.7226313694267515,0,21,None,66,1,5,False,10,10
47218,158,random,10,0.7242237261146497,0,21,None,66,1,5,False,10,10
47219,159,random,10,0.7248208598726115,0,21,None,66,1,5,False,10,10
47220,155,random,10,0.7139729299363057,0,25,None,66,1,5,False,10,10
47221,156,random,10,0.7148686305732485,0,25,None,66,1,5,False,10,10
47222,157,random,10,0.7154657643312102,0,25,None,66,1,5,False,10,10
47223,158,random,10,0.7151671974522293,0,25,None,66,1,5,False,10,10
47224,159,random,10,0.7158638535031847,0,25,None,66,1,5,False,10,10
47225,155,random,10,0.6616242038216561,0,26,None,66,1,5,False,10,10
47226,156,random,10,0.6616242038216561,0,26,None,66,1,5,False,10,10
47227,157,random,10,0.6617237261146497,0,26,None,66,1,5,False,10,10
47228,158,random,10,0.6626194267515924,0,26,None,66,1,5,False,10,10
47229,159,random,10,0.6631170382165605,0,26,None,66,1,5,False,10,10
47230,155,random,10,0.7033240445859873,0,24,None,66,1,5,False,10,10
47231,156,random,10,0.7049164012738853,0,24,None,66,1,5,False,10,10
47232,157,random,10,0.7043192675159236,0,24,None,66,1,5,False,10,10
47233,158,random,10,0.7044187898089171,0,24,None,66,1,5,False,10,10
47234,159,random,10,0.705015923566879,0,24,None,66,1,5,False,10,10
47235,155,random,10,0.6857085987261147,0,29,None,66,1,5,False,10,10
47236,156,random,10,0.6882961783439491,0,29,None,66,1,5,False,10,10
47237,157,random,10,0.6902866242038217,0,29,None,66,1,5,False,10,10
47238,158,random,10,0.6927746815286624,0,29,None,66,1,5,False,10,10
47239,159,random,10,0.6955613057324841,0,29,None,66,1,5,False,10,10
47240,155,random,10,0.7235270700636943,0,30,None,66,1,5,False,10,10
47241,156,random,10,0.7250199044585988,0,30,None,66,1,5,False,10,10
47242,157,random,10,0.7265127388535032,0,30,None,66,1,5,False,10,10
47243,158,random,10,0.7263136942675159,0,30,None,66,1,5,False,10,10
47244,159,random,10,0.7276074840764332,0,30,None,66,1,5,False,10,10
47245,155,random,10,0.6665007961783439,0,6,None,66,1,5,False,10,10
47246,156,random,10,0.6665007961783439,0,6,None,66,1,5,False,10,10
47247,157,random,10,0.6666998407643312,0,6,None,66,1,5,False,10,10
47248,158,random,10,0.6667993630573248,0,6,None,66,1,5,False,10,10
47249,159,random,10,0.6674960191082803,0,6,None,66,1,5,False,10,10
47250,155,random,10,0.6730692675159236,0,31,None,66,1,5,False,10,10
47251,156,random,10,0.6768511146496815,0,31,None,66,1,5,False,10,10
47252,157,random,10,0.6806329617834395,0,31,None,66,1,5,False,10,10
47253,158,random,10,0.6836186305732485,0,31,None,66,1,5,False,10,10
47254,159,random,10,0.6860071656050956,0,31,None,66,1,5,False,10,10
47255,155,random,10,0.6982484076433121,0,27,None,66,1,5,False,10,10
47256,156,random,10,0.6978503184713376,0,27,None,66,1,5,False,10,10
47257,157,random,10,0.6991441082802548,0,27,None,66,1,5,False,10,10
47258,158,random,10,0.6999402866242038,0,27,None,66,1,5,False,10,10
47259,159,random,10,0.7007364649681529,0,27,None,66,1,5,False,10,10
47260,155,random,10,0.6877985668789809,0,1,None,66,1,5,False,10,10
47261,156,random,10,0.6884952229299363,0,1,None,66,1,5,False,10,10
47262,157,random,10,0.6883957006369427,0,1,None,66,1,5,False,10,10
47263,158,random,10,0.68859474522293,0,1,None,66,1,5,False,10,10
47264,159,random,10,0.6890923566878981,0,1,None,66,1,5,False,10,10
47265,155,random,10,0.7208399681528662,0,13,None,66,1,5,False,10,10
47266,156,random,10,0.7220342356687898,0,13,None,66,1,5,False,10,10
47267,157,random,10,0.7226313694267515,0,13,None,66,1,5,False,10,10
47268,158,random,10,0.7243232484076433,0,13,None,66,1,5,False,10,10
47269,159,random,10,0.7243232484076433,0,13,None,66,1,5,False,10,10
47270,155,random,10,0.697452229299363,0,23,None,66,1,5,False,10,10
47271,156,random,10,0.6980493630573248,0,23,None,66,1,5,False,10,10
47272,157,random,10,0.6987460191082803,0,23,None,66,1,5,False,10,10
47273,158,random,10,0.6986464968152867,0,23,None,66,1,5,False,10,10
47274,159,random,10,0.6990445859872612,0,23,None,66,1,5,False,10,10
47275,155,random,10,0.7273089171974523,0,2,None,66,1,5,False,10,10
47276,156,random,10,0.7282046178343949,0,2,None,66,1,5,False,10,10
47277,157,random,10,0.7289012738853503,0,2,None,66,1,5,False,10,10
47278,158,random,10,0.7301950636942676,0,2,None,66,1,5,False,10,10
47279,159,random,10,0.7309912420382165,0,2,None,66,1,5,False,10,10
47280,155,random,10,0.7264132165605095,0,0,None,66,1,5,False,10,10
47281,156,random,10,0.7273089171974523,0,0,None,66,1,5,False,10,10
47282,157,random,10,0.7275079617834395,0,0,None,66,1,5,False,10,10
47283,158,random,10,0.727906050955414,0,0,None,66,1,5,False,10,10
47284,159,random,10,0.7288017515923567,0,0,None,66,1,5,False,10,10
47285,155,random,10,0.6740644904458599,0,5,None,66,1,5,False,10,10
47286,156,random,10,0.6740644904458599,0,5,None,66,1,5,False,10,10
47287,157,random,10,0.6744625796178344,0,5,None,66,1,5,False,10,10
47288,158,random,10,0.6749601910828026,0,5,None,66,1,5,False,10,10
47289,159,random,10,0.6750597133757962,0,5,None,66,1,5,False,10,10
47290,155,random,10,0.7317874203821656,0,3,None,66,1,5,False,10,10
47291,156,random,10,0.7323845541401274,0,3,None,66,1,5,False,10,10
47292,157,random,10,0.7334792993630573,0,3,None,66,1,5,False,10,10
47293,158,random,10,0.7328821656050956,0,3,None,66,1,5,False,10,10
47294,159,random,10,0.7334792993630573,0,3,None,66,1,5,False,10,10
47295,155,random,10,0.7222332802547771,0,9,None,66,1,5,False,10,10
47296,156,random,10,0.7220342356687898,0,9,None,66,1,5,False,10,10
47297,157,random,10,0.722531847133758,0,9,None,66,1,5,False,10,10
47298,158,random,10,0.7234275477707006,0,9,None,66,1,5,False,10,10
47299,159,random,10,0.7235270700636943,0,9,None,66,1,5,False,10,10
47300,155,random,10,0.724422770700637,0,10,None,66,1,5,False,10,10
47301,156,random,10,0.7246218152866242,0,10,None,66,1,5,False,10,10
47302,157,random,10,0.7254179936305732,0,10,None,66,1,5,False,10,10
47303,158,random,10,0.7242237261146497,0,10,None,66,1,5,False,10,10
47304,159,random,10,0.7251194267515924,0,10,None,66,1,5,False,10,10
47305,155,random,10,0.7183519108280255,0,11,None,66,1,5,False,10,10
47306,156,random,10,0.7169585987261147,0,11,None,66,1,5,False,10,10
47307,157,random,10,0.7172571656050956,0,11,None,66,1,5,False,10,10
47308,158,random,10,0.7171576433121019,0,11,None,66,1,5,False,10,10
47309,159,random,10,0.7167595541401274,0,11,None,66,1,5,False,10,10
47310,155,random,10,0.7227308917197452,0,12,None,66,1,5,False,10,10
47311,156,random,10,0.7229299363057324,0,12,None,66,1,5,False,10,10
47312,157,random,10,0.7231289808917197,0,12,None,66,1,5,False,10,10
47313,158,random,10,0.7238256369426752,0,12,None,66,1,5,False,10,10
47314,159,random,10,0.7239251592356688,0,12,None,66,1,5,False,10,10
47315,155,random,10,0.7280055732484076,0,15,None,66,1,5,False,10,10
47316,156,random,10,0.7280055732484076,0,15,None,66,1,5,False,10,10
47317,157,random,10,0.7286027070063694,0,15,None,66,1,5,False,10,10
47318,158,random,10,0.7285031847133758,0,15,None,66,1,5,False,10,10
47319,159,random,10,0.728702229299363,0,15,None,66,1,5,False,10,10
47320,155,random,10,0.6784434713375797,0,17,None,66,1,5,False,10,10
47321,156,random,10,0.6776472929936306,0,17,None,66,1,5,False,10,10
47322,157,random,10,0.6777468152866242,0,17,None,66,1,5,False,10,10
47323,158,random,10,0.6784434713375797,0,17,None,66,1,5,False,10,10
47324,159,random,10,0.6798367834394905,0,17,None,66,1,5,False,10,10
47325,155,random,10,0.7010350318471338,0,18,None,66,1,5,False,10,10
47326,156,random,10,0.7021297770700637,0,18,None,66,1,5,False,10,10
47327,157,random,10,0.703125,0,18,None,66,1,5,False,10,10
47328,158,random,10,0.7038216560509554,0,18,None,66,1,5,False,10,10
47329,159,random,10,0.7044187898089171,0,18,None,66,1,5,False,10,10
47330,155,random,10,0.6900875796178344,0,20,None,66,1,5,False,10,10
47331,156,random,10,0.6915804140127388,0,20,None,66,1,5,False,10,10
47332,157,random,10,0.6924761146496815,0,20,None,66,1,5,False,10,10
47333,158,random,10,0.694765127388535,0,20,None,66,1,5,False,10,10
47334,159,random,10,0.6946656050955414,0,20,None,66,1,5,False,10,10
47335,155,random,10,0.6923765923566879,0,28,None,66,1,5,False,10,10
47336,156,random,10,0.6938694267515924,0,28,None,66,1,5,False,10,10
47337,157,random,10,0.6946656050955414,0,28,None,66,1,5,False,10,10
47338,158,random,10,0.6950636942675159,0,28,None,66,1,5,False,10,10
47339,159,random,10,0.6956608280254777,0,28,None,66,1,5,False,10,10
47340,160,random,10,0.7166600318471338,0,25,None,66,1,5,False,10,10
47341,161,random,10,0.7169585987261147,0,25,None,66,1,5,False,10,10
47342,162,random,10,0.71765525477707,0,25,None,66,1,5,False,10,10
47343,163,random,10,0.7181528662420382,0,25,None,66,1,5,False,10,10
47344,164,random,10,0.7183519108280255,0,25,None,66,1,5,False,10,10
47345,155,random,10,0.7174562101910829,0,7,None,66,1,5,False,10,10
47346,156,random,10,0.7180533439490446,0,7,None,66,1,5,False,10,10
47347,157,random,10,0.7190485668789809,0,7,None,66,1,5,False,10,10
47348,158,random,10,0.7194466560509554,0,7,None,66,1,5,False,10,10
47349,159,random,10,0.7201433121019108,0,7,None,66,1,5,False,10,10
47350,155,random,10,0.7196457006369427,0,4,None,66,1,5,False,10,10
47351,156,random,10,0.720640923566879,0,4,None,66,1,5,False,10,10
47352,157,random,10,0.7203423566878981,0,4,None,66,1,5,False,10,10
47353,158,random,10,0.7205414012738853,0,4,None,66,1,5,False,10,10
47354,159,random,10,0.7201433121019108,0,4,None,66,1,5,False,10,10
47355,155,random,10,0.7294984076433121,0,32,None,66,1,5,False,10,10
47356,156,random,10,0.7304936305732485,0,32,None,66,1,5,False,10,10
47357,157,random,10,0.7303941082802548,0,32,None,66,1,5,False,10,10
47358,158,random,10,0.7314888535031847,0,32,None,66,1,5,False,10,10
47359,159,random,10,0.7327826433121019,0,32,None,66,1,5,False,10,10
47360,160,random,10,0.7013335987261147,0,24,None,66,1,5,False,10,10
47361,161,random,10,0.7014331210191083,0,24,None,66,1,5,False,10,10
47362,162,random,10,0.7024283439490446,0,24,None,66,1,5,False,10,10
47363,163,random,10,0.703125,0,24,None,66,1,5,False,10,10
47364,164,random,10,0.7036226114649682,0,24,None,66,1,5,False,10,10
47365,160,random,10,0.6890923566878981,0,31,None,66,1,5,False,10,10
47366,161,random,10,0.6922770700636943,0,31,None,66,1,5,False,10,10
47367,162,random,10,0.6945660828025477,0,31,None,66,1,5,False,10,10
47368,163,random,10,0.6973527070063694,0,31,None,66,1,5,False,10,10
47369,164,random,10,0.6994426751592356,0,31,None,66,1,5,False,10,10
47370,160,random,10,0.6902866242038217,0,1,None,66,1,5,False,10,10
47371,161,random,10,0.6899880573248408,0,1,None,66,1,5,False,10,10
47372,162,random,10,0.6905851910828026,0,1,None,66,1,5,False,10,10
47373,163,random,10,0.6909832802547771,0,1,None,66,1,5,False,10,10
47374,164,random,10,0.6915804140127388,0,1,None,66,1,5,False,10,10
47375,160,random,10,0.7254179936305732,0,13,None,66,1,5,False,10,10
47376,161,random,10,0.7258160828025477,0,13,None,66,1,5,False,10,10
47377,162,random,10,0.726015127388535,0,13,None,66,1,5,False,10,10
47378,163,random,10,0.7266122611464968,0,13,None,66,1,5,False,10,10
47379,164,random,10,0.727109872611465,0,13,None,66,1,5,False,10,10
47380,160,random,10,0.724422770700637,0,21,None,66,1,5,False,10,10
47381,161,random,10,0.7247213375796179,0,21,None,66,1,5,False,10,10
47382,162,random,10,0.7256170382165605,0,21,None,66,1,5,False,10,10
47383,163,random,10,0.7269108280254777,0,21,None,66,1,5,False,10,10
47384,164,random,10,0.7277070063694268,0,21,None,66,1,5,False,10,10
47385,160,random,10,0.6948646496815286,0,27,None,66,1,5,False,10,10
47386,161,random,10,0.6971536624203821,0,27,None,66,1,5,False,10,10
47387,162,random,10,0.6989450636942676,0,27,None,66,1,5,False,10,10
47388,163,random,10,0.6999402866242038,0,27,None,66,1,5,False,10,10
47389,164,random,10,0.7015326433121019,0,27,None,66,1,5,False,10,10
47390,160,random,10,0.6905851910828026,0,29,None,66,1,5,False,10,10
47391,161,random,10,0.6922770700636943,0,29,None,66,1,5,False,10,10
47392,162,random,10,0.6948646496815286,0,29,None,66,1,5,False,10,10
47393,163,random,10,0.6965565286624203,0,29,None,66,1,5,False,10,10
47394,164,random,10,0.6987460191082803,0,29,None,66,1,5,False,10,10
47395,160,random,10,0.731687898089172,0,2,None,66,1,5,False,10,10
47396,161,random,10,0.7320859872611465,0,2,None,66,1,5,False,10,10
47397,162,random,10,0.7326831210191083,0,2,None,66,1,5,False,10,10
47398,163,random,10,0.7329816878980892,0,2,None,66,1,5,False,10,10
47399,164,random,10,0.7338773885350318,0,2,None,66,1,5,False,10,10
47400,160,random,10,0.6914808917197452,0,28,None,66,1,5,False,10,10
47401,161,random,10,0.6935708598726115,0,28,None,66,1,5,False,10,10
47402,162,random,10,0.6938694267515924,0,28,None,66,1,5,False,10,10
47403,163,random,10,0.6955613057324841,0,28,None,66,1,5,False,10,10
47404,164,random,10,0.6965565286624203,0,28,None,66,1,5,False,10,10
47405,160,random,10,0.6894904458598726,0,17,None,66,1,5,False,10,10
47406,161,random,10,0.6884952229299363,0,17,None,66,1,5,False,10,10
47407,162,random,10,0.6881966560509554,0,17,None,66,1,5,False,10,10
47408,163,random,10,0.6878980891719745,0,17,None,66,1,5,False,10,10
47409,164,random,10,0.6881966560509554,0,17,None,66,1,5,False,10,10
47410,160,random,10,0.6780453821656051,0,5,None,66,1,5,False,10,10
47411,161,random,10,0.6778463375796179,0,5,None,66,1,5,False,10,10
47412,162,random,10,0.6785429936305732,0,5,None,66,1,5,False,10,10
47413,163,random,10,0.6786425159235668,0,5,None,66,1,5,False,10,10
47414,164,random,10,0.6789410828025477,0,5,None,66,1,5,False,10,10
47415,160,random,10,0.7247213375796179,0,12,None,66,1,5,False,10,10
47416,161,random,10,0.7251194267515924,0,12,None,66,1,5,False,10,10
47417,162,random,10,0.7255175159235668,0,12,None,66,1,5,False,10,10
47418,163,random,10,0.725218949044586,0,12,None,66,1,5,False,10,10
47419,164,random,10,0.7257165605095541,0,12,None,66,1,5,False,10,10
47420,160,random,10,0.6690883757961783,0,26,None,66,1,5,False,10,10
47421,161,random,10,0.6678941082802548,0,26,None,66,1,5,False,10,10
47422,162,random,10,0.6674960191082803,0,26,None,66,1,5,False,10,10
47423,163,random,10,0.668093152866242,0,26,None,66,1,5,False,10,10
47424,164,random,10,0.6684912420382165,0,26,None,66,1,5,False,10,10
47425,160,random,10,0.727109872611465,0,30,None,66,1,5,False,10,10
47426,161,random,10,0.7278065286624203,0,30,None,66,1,5,False,10,10
47427,162,random,10,0.7289012738853503,0,30,None,66,1,5,False,10,10
47428,163,random,10,0.7308917197452229,0,30,None,66,1,5,False,10,10
47429,164,random,10,0.7322850318471338,0,30,None,66,1,5,False,10,10
47430,160,random,10,0.7052149681528662,0,18,None,66,1,5,False,10,10
47431,161,random,10,0.7061106687898089,0,18,None,66,1,5,False,10,10
47432,162,random,10,0.7056130573248408,0,18,None,66,1,5,False,10,10
47433,163,random,10,0.7066082802547771,0,18,None,66,1,5,False,10,10
47434,164,random,10,0.7065087579617835,0,18,None,66,1,5,False,10,10
47435,160,random,10,0.7073049363057324,0,8,None,66,1,5,False,10,10
47436,161,random,10,0.7076035031847133,0,8,None,66,1,5,False,10,10
47437,162,random,10,0.7081011146496815,0,8,None,66,1,5,False,10,10
47438,163,random,10,0.7078025477707006,0,8,None,66,1,5,False,10,10
47439,164,random,10,0.7085987261146497,0,8,None,66,1,5,False,10,10
47440,160,random,10,0.6828224522292994,0,19,None,66,1,5,False,10,10
47441,161,random,10,0.6842157643312102,0,19,None,66,1,5,False,10,10
47442,162,random,10,0.6824243630573248,0,19,None,66,1,5,False,10,10
47443,163,random,10,0.6798367834394905,0,19,None,66,1,5,False,10,10
47444,164,random,10,0.6778463375796179,0,19,None,66,1,5,False,10,10
47445,160,random,10,0.7170581210191083,0,11,None,66,1,5,False,10,10
47446,161,random,10,0.7174562101910829,0,11,None,66,1,5,False,10,10
47447,162,random,10,0.7169585987261147,0,11,None,66,1,5,False,10,10
47448,163,random,10,0.7162619426751592,0,11,None,66,1,5,False,10,10
47449,164,random,10,0.7161624203821656,0,11,None,66,1,5,False,10,10
47450,160,random,10,0.7270103503184714,0,10,None,66,1,5,False,10,10
47451,161,random,10,0.7275079617834395,0,10,None,66,1,5,False,10,10
47452,162,random,10,0.7273089171974523,0,10,None,66,1,5,False,10,10
47453,163,random,10,0.7267117834394905,0,10,None,66,1,5,False,10,10
47454,164,random,10,0.726015127388535,0,10,None,66,1,5,False,10,10
47455,160,random,10,0.7288017515923567,0,15,None,66,1,5,False,10,10
47456,161,random,10,0.7291003184713376,0,15,None,66,1,5,False,10,10
47457,162,random,10,0.7295979299363057,0,15,None,66,1,5,False,10,10
47458,163,random,10,0.7301950636942676,0,15,None,66,1,5,False,10,10
47459,164,random,10,0.7303941082802548,0,15,None,66,1,5,False,10,10
47460,160,random,10,0.6596337579617835,0,16,None,66,1,5,False,10,10
47461,161,random,10,0.6609275477707006,0,16,None,66,1,5,False,10,10
47462,162,random,10,0.6611265923566879,0,16,None,66,1,5,False,10,10
47463,163,random,10,0.6624203821656051,0,16,None,66,1,5,False,10,10
47464,164,random,10,0.6626194267515924,0,16,None,66,1,5,False,10,10
47465,160,random,10,0.7139729299363057,0,7,None,66,1,5,False,10,10
47466,161,random,10,0.7143710191082803,0,7,None,66,1,5,False,10,10
47467,162,random,10,0.7154657643312102,0,7,None,66,1,5,False,10,10
47468,163,random,10,0.716859076433121,0,7,None,66,1,5,False,10,10
47469,164,random,10,0.7178542993630573,0,7,None,66,1,5,False,10,10
47470,160,random,10,0.7308917197452229,0,32,None,66,1,5,False,10,10
47471,161,random,10,0.7309912420382165,0,32,None,66,1,5,False,10,10
47472,162,random,10,0.7319864649681529,0,32,None,66,1,5,False,10,10
47473,163,random,10,0.7329816878980892,0,32,None,66,1,5,False,10,10
47474,164,random,10,0.7335788216560509,0,32,None,66,1,5,False,10,10
47475,160,random,10,0.7261146496815286,0,9,None,66,1,5,False,10,10
47476,161,random,10,0.7268113057324841,0,9,None,66,1,5,False,10,10
47477,162,random,10,0.7281050955414012,0,9,None,66,1,5,False,10,10
47478,163,random,10,0.7293988853503185,0,9,None,66,1,5,False,10,10
47479,164,random,10,0.7292993630573248,0,9,None,66,1,5,False,10,10
47480,160,random,10,0.6649084394904459,0,6,None,66,1,5,False,10,10
47481,161,random,10,0.6650079617834395,0,6,None,66,1,5,False,10,10
47482,162,random,10,0.6661027070063694,0,6,None,66,1,5,False,10,10
47483,163,random,10,0.6670979299363057,0,6,None,66,1,5,False,10,10
47484,164,random,10,0.6679936305732485,0,6,None,66,1,5,False,10,10
47485,160,random,10,0.7112858280254777,0,14,None,66,1,5,False,10,10
47486,161,random,10,0.7120820063694268,0,14,None,66,1,5,False,10,10
47487,162,random,10,0.7127786624203821,0,14,None,66,1,5,False,10,10
47488,163,random,10,0.7144705414012739,0,14,None,66,1,5,False,10,10
47489,164,random,10,0.7151671974522293,0,14,None,66,1,5,False,10,10
47490,160,random,10,0.7245222929936306,0,22,None,66,1,5,False,10,10
47491,161,random,10,0.7249203821656051,0,22,None,66,1,5,False,10,10
47492,162,random,10,0.7264132165605095,0,22,None,66,1,5,False,10,10
47493,163,random,10,0.7272093949044586,0,22,None,66,1,5,False,10,10
47494,164,random,10,0.7274084394904459,0,22,None,66,1,5,False,10,10
47495,160,random,10,0.7027269108280255,0,23,None,66,1,5,False,10,10
47496,161,random,10,0.7036226114649682,0,23,None,66,1,5,False,10,10
47497,162,random,10,0.7027269108280255,0,23,None,66,1,5,False,10,10
47498,163,random,10,0.7038216560509554,0,23,None,66,1,5,False,10,10
47499,164,random,10,0.7039211783439491,0,23,None,66,1,5,False,10,10
47500,160,random,10,0.7274084394904459,0,0,None,66,1,5,False,10,10
47501,161,random,10,0.7272093949044586,0,0,None,66,1,5,False,10,10
47502,162,random,10,0.7275079617834395,0,0,None,66,1,5,False,10,10
47503,163,random,10,0.7293988853503185,0,0,None,66,1,5,False,10,10
47504,164,random,10,0.7298964968152867,0,0,None,66,1,5,False,10,10
47505,160,random,10,0.7237261146496815,0,4,None,66,1,5,False,10,10
47506,161,random,10,0.7231289808917197,0,4,None,66,1,5,False,10,10
47507,162,random,10,0.7227308917197452,0,4,None,66,1,5,False,10,10
47508,163,random,10,0.723328025477707,0,4,None,66,1,5,False,10,10
47509,164,random,10,0.722531847133758,0,4,None,66,1,5,False,10,10
47510,160,random,10,0.7276074840764332,0,3,None,66,1,5,False,10,10
47511,161,random,10,0.7291998407643312,0,3,None,66,1,5,False,10,10
47512,162,random,10,0.7290007961783439,0,3,None,66,1,5,False,10,10
47513,163,random,10,0.7296974522292994,0,3,None,66,1,5,False,10,10
47514,164,random,10,0.7304936305732485,0,3,None,66,1,5,False,10,10
47515,160,random,10,0.6933718152866242,0,20,None,66,1,5,False,10,10
47516,161,random,10,0.6951632165605095,0,20,None,66,1,5,False,10,10
47517,162,random,10,0.6945660828025477,0,20,None,66,1,5,False,10,10
47518,163,random,10,0.6956608280254777,0,20,None,66,1,5,False,10,10
47519,164,random,10,0.696656050955414,0,20,None,66,1,5,False,10,10
52965,165,random,10,0.6926751592356688,0,1,None,66,1,5,False,10,10
52966,166,random,10,0.6926751592356688,0,1,None,66,1,5,False,10,10
52967,167,random,10,0.6929737261146497,0,1,None,66,1,5,False,10,10
52968,168,random,10,0.693172770700637,0,1,None,66,1,5,False,10,10
52969,169,random,10,0.693172770700637,0,1,None,66,1,5,False,10,10
52970,165,random,10,0.7327826433121019,0,2,None,66,1,5,False,10,10
52971,166,random,10,0.7340764331210191,0,2,None,66,1,5,False,10,10
52972,167,random,10,0.734375,0,2,None,66,1,5,False,10,10
52973,168,random,10,0.7352707006369427,0,2,None,66,1,5,False,10,10
52974,169,random,10,0.7357683121019108,0,2,None,66,1,5,False,10,10
52975,165,random,10,0.7275079617834395,0,13,None,66,1,5,False,10,10
52976,166,random,10,0.7277070063694268,0,13,None,66,1,5,False,10,10
52977,167,random,10,0.728702229299363,0,13,None,66,1,5,False,10,10
52978,168,random,10,0.7288017515923567,0,13,None,66,1,5,False,10,10
52979,169,random,10,0.7290007961783439,0,13,None,66,1,5,False,10,10
52980,165,random,10,0.7313893312101911,0,15,None,66,1,5,False,10,10
52981,166,random,10,0.7320859872611465,0,15,None,66,1,5,False,10,10
52982,167,random,10,0.7321855095541401,0,15,None,66,1,5,False,10,10
52983,168,random,10,0.7322850318471338,0,15,None,66,1,5,False,10,10
52984,169,random,10,0.7325835987261147,0,15,None,66,1,5,False,10,10
52985,165,random,10,0.6612261146496815,0,16,None,66,1,5,False,10,10
52986,166,random,10,0.661922770700637,0,16,None,66,1,5,False,10,10
52987,167,random,10,0.6632165605095541,0,16,None,66,1,5,False,10,10
52988,168,random,10,0.6640127388535032,0,16,None,66,1,5,False,10,10
52989,169,random,10,0.6647093949044586,0,16,None,66,1,5,False,10,10
52990,165,random,10,0.7192476114649682,0,11,None,66,1,5,False,10,10
52991,166,random,10,0.7188495222929936,0,11,None,66,1,5,False,10,10
52992,167,random,10,0.7179538216560509,0,11,None,66,1,5,False,10,10
52993,168,random,10,0.7175557324840764,0,11,None,66,1,5,False,10,10
52994,169,random,10,0.71765525477707,0,11,None,66,1,5,False,10,10
52995,165,random,10,0.7110867834394905,0,14,None,66,1,5,False,10,10
52996,166,random,10,0.7123805732484076,0,14,None,66,1,5,False,10,10
52997,167,random,10,0.7131767515923567,0,14,None,66,1,5,False,10,10
52998,168,random,10,0.714171974522293,0,14,None,66,1,5,False,10,10
52999,169,random,10,0.714968152866242,0,14,None,66,1,5,False,10,10
53000,165,random,10,0.6930732484076433,0,17,None,66,1,5,False,10,10
53001,166,random,10,0.6911823248407644,0,17,None,66,1,5,False,10,10
53002,167,random,10,0.6903861464968153,0,17,None,66,1,5,False,10,10
53003,168,random,10,0.6905851910828026,0,17,None,66,1,5,False,10,10
53004,169,random,10,0.6895899681528662,0,17,None,66,1,5,False,10,10
53005,165,random,10,0.7277070063694268,0,9,None,66,1,5,False,10,10
53006,166,random,10,0.7285031847133758,0,9,None,66,1,5,False,10,10
53007,167,random,10,0.7291998407643312,0,9,None,66,1,5,False,10,10
53008,168,random,10,0.730593152866242,0,9,None,66,1,5,False,10,10
53009,169,random,10,0.730593152866242,0,9,None,66,1,5,False,10,10
53010,165,random,10,0.725218949044586,0,12,None,66,1,5,False,10,10
53011,166,random,10,0.7267117834394905,0,12,None,66,1,5,False,10,10
53012,167,random,10,0.7274084394904459,0,12,None,66,1,5,False,10,10
53013,168,random,10,0.7275079617834395,0,12,None,66,1,5,False,10,10
53014,169,random,10,0.7281050955414012,0,12,None,66,1,5,False,10,10
53015,165,random,10,0.7194466560509554,0,25,None,66,1,5,False,10,10
53016,166,random,10,0.7199442675159236,0,25,None,66,1,5,False,10,10
53017,167,random,10,0.7211385350318471,0,25,None,66,1,5,False,10,10
53018,168,random,10,0.7216361464968153,0,25,None,66,1,5,False,10,10
53019,169,random,10,0.7230294585987261,0,25,None,66,1,5,False,10,10
53020,165,random,10,0.668093152866242,0,6,None,66,1,5,False,10,10
53021,166,random,10,0.6686902866242038,0,6,None,66,1,5,False,10,10
53022,167,random,10,0.6690883757961783,0,6,None,66,1,5,False,10,10
53023,168,random,10,0.669187898089172,0,6,None,66,1,5,False,10,10
53024,169,random,10,0.6694864649681529,0,6,None,66,1,5,False,10,10
53025,165,random,10,0.6753582802547771,0,26,None,66,1,5,False,10,10
53026,166,random,10,0.6752587579617835,0,26,None,66,1,5,False,10,10
53027,167,random,10,0.6758558917197452,0,26,None,66,1,5,False,10,10
53028,168,random,10,0.6767515923566879,0,26,None,66,1,5,False,10,10
53029,169,random,10,0.6769506369426752,0,26,None,66,1,5,False,10,10
53030,165,random,10,0.6951632165605095,0,27,None,66,1,5,False,10,10
53031,166,random,10,0.6973527070063694,0,27,None,66,1,5,False,10,10
53032,167,random,10,0.6995421974522293,0,27,None,66,1,5,False,10,10
53033,168,random,10,0.7018312101910829,0,27,None,66,1,5,False,10,10
53034,169,random,10,0.7036226114649682,0,27,None,66,1,5,False,10,10
53035,165,random,10,0.7286027070063694,0,30,None,66,1,5,False,10,10
53036,166,random,10,0.7294984076433121,0,30,None,66,1,5,False,10,10
53037,167,random,10,0.7308917197452229,0,30,None,66,1,5,False,10,10
53038,168,random,10,0.731687898089172,0,30,None,66,1,5,False,10,10
53039,169,random,10,0.732484076433121,0,30,None,66,1,5,False,10,10
53040,165,random,10,0.701234076433121,0,31,None,66,1,5,False,10,10
53041,166,random,10,0.7023288216560509,0,31,None,66,1,5,False,10,10
53042,167,random,10,0.70421974522293,0,31,None,66,1,5,False,10,10
53043,168,random,10,0.7052149681528662,0,31,None,66,1,5,False,10,10
53044,169,random,10,0.7067078025477707,0,31,None,66,1,5,False,10,10
53045,165,random,10,0.6970541401273885,0,28,None,66,1,5,False,10,10
53046,166,random,10,0.6988455414012739,0,28,None,66,1,5,False,10,10
53047,167,random,10,0.6986464968152867,0,28,None,66,1,5,False,10,10
53048,168,random,10,0.6994426751592356,0,28,None,66,1,5,False,10,10
53049,169,random,10,0.7010350318471338,0,28,None,66,1,5,False,10,10
53050,165,random,10,0.6969546178343949,0,29,None,66,1,5,False,10,10
53051,166,random,10,0.6989450636942676,0,29,None,66,1,5,False,10,10
53052,167,random,10,0.7003383757961783,0,29,None,66,1,5,False,10,10
53053,168,random,10,0.7015326433121019,0,29,None,66,1,5,False,10,10
53054,169,random,10,0.7028264331210191,0,29,None,66,1,5,False,10,10
53055,165,random,10,0.7326831210191083,0,3,None,66,1,5,False,10,10
53056,166,random,10,0.7337778662420382,0,3,None,66,1,5,False,10,10
53057,167,random,10,0.7349721337579618,0,3,None,66,1,5,False,10,10
53058,168,random,10,0.7349721337579618,0,3,None,66,1,5,False,10,10
53059,169,random,10,0.7356687898089171,0,3,None,66,1,5,False,10,10
53060,165,random,10,0.7164609872611465,0,7,None,66,1,5,False,10,10
53061,166,random,10,0.7158638535031847,0,7,None,66,1,5,False,10,10
53062,167,random,10,0.7161624203821656,0,7,None,66,1,5,False,10,10
53063,168,random,10,0.7175557324840764,0,7,None,66,1,5,False,10,10
53064,169,random,10,0.7183519108280255,0,7,None,66,1,5,False,10,10
53065,165,random,10,0.7265127388535032,0,4,None,66,1,5,False,10,10
53066,166,random,10,0.7261146496815286,0,4,None,66,1,5,False,10,10
53067,167,random,10,0.7258160828025477,0,4,None,66,1,5,False,10,10
53068,168,random,10,0.7256170382165605,0,4,None,66,1,5,False,10,10
53069,169,random,10,0.7256170382165605,0,4,None,66,1,5,False,10,10
53070,165,random,10,0.7318869426751592,0,32,None,66,1,5,False,10,10
53071,166,random,10,0.7329816878980892,0,32,None,66,1,5,False,10,10
53072,167,random,10,0.7331807324840764,0,32,None,66,1,5,False,10,10
53073,168,random,10,0.734375,0,32,None,66,1,5,False,10,10
53074,169,random,10,0.7340764331210191,0,32,None,66,1,5,False,10,10
53075,165,random,10,0.7284036624203821,0,10,None,66,1,5,False,10,10
53076,166,random,10,0.7294984076433121,0,10,None,66,1,5,False,10,10
53077,167,random,10,0.7285031847133758,0,10,None,66,1,5,False,10,10
53078,168,random,10,0.7282046178343949,0,10,None,66,1,5,False,10,10
53079,169,random,10,0.7288017515923567,0,10,None,66,1,5,False,10,10
53080,165,random,10,0.6938694267515924,0,20,None,66,1,5,False,10,10
53081,166,random,10,0.6954617834394905,0,20,None,66,1,5,False,10,10
53082,167,random,10,0.695859872611465,0,20,None,66,1,5,False,10,10
53083,168,random,10,0.6980493630573248,0,20,None,66,1,5,False,10,10
53084,169,random,10,0.6975517515923567,0,20,None,66,1,5,False,10,10
53085,165,random,10,0.7299960191082803,0,22,None,66,1,5,False,10,10
53086,166,random,10,0.7300955414012739,0,22,None,66,1,5,False,10,10
53087,167,random,10,0.7304936305732485,0,22,None,66,1,5,False,10,10
53088,168,random,10,0.7304936305732485,0,22,None,66,1,5,False,10,10
53089,169,random,10,0.730593152866242,0,22,None,66,1,5,False,10,10
53090,165,random,10,0.7083996815286624,0,23,None,66,1,5,False,10,10
53091,166,random,10,0.7093949044585988,0,23,None,66,1,5,False,10,10
53092,167,random,10,0.7092953821656051,0,23,None,66,1,5,False,10,10
53093,168,random,10,0.7096934713375797,0,23,None,66,1,5,False,10,10
53094,169,random,10,0.7102906050955414,0,23,None,66,1,5,False,10,10
53095,165,random,10,0.6799363057324841,0,5,None,66,1,5,False,10,10
53096,166,random,10,0.6805334394904459,0,5,None,66,1,5,False,10,10
53097,167,random,10,0.6805334394904459,0,5,None,66,1,5,False,10,10
53098,168,random,10,0.6803343949044586,0,5,None,66,1,5,False,10,10
53099,169,random,10,0.6809315286624203,0,5,None,66,1,5,False,10,10
53100,170,random,10,0.679140127388535,0,26,None,66,1,5,False,10,10
53101,171,random,10,0.6799363057324841,0,26,None,66,1,5,False,10,10
53102,172,random,10,0.6800358280254777,0,26,None,66,1,5,False,10,10
53103,173,random,10,0.6807324840764332,0,26,None,66,1,5,False,10,10
53104,174,random,10,0.6822253184713376,0,26,None,66,1,5,False,10,10
53105,165,random,10,0.7092953821656051,0,8,None,66,1,5,False,10,10
53106,166,random,10,0.7088972929936306,0,8,None,66,1,5,False,10,10
53107,167,random,10,0.7086982484076433,0,8,None,66,1,5,False,10,10
53108,168,random,10,0.7094944267515924,0,8,None,66,1,5,False,10,10
53109,169,random,10,0.7097929936305732,0,8,None,66,1,5,False,10,10
53110,165,random,10,0.7052149681528662,0,18,None,66,1,5,False,10,10
53111,166,random,10,0.7061106687898089,0,18,None,66,1,5,False,10,10
53112,167,random,10,0.7063097133757962,0,18,None,66,1,5,False,10,10
53113,168,random,10,0.7073049363057324,0,18,None,66,1,5,False,10,10
53114,169,random,10,0.7078025477707006,0,18,None,66,1,5,False,10,10
53115,165,random,10,0.6892914012738853,0,19,None,66,1,5,False,10,10
53116,166,random,10,0.6899880573248408,0,19,None,66,1,5,False,10,10
53117,167,random,10,0.6904856687898089,0,19,None,66,1,5,False,10,10
53118,168,random,10,0.690187101910828,0,19,None,66,1,5,False,10,10
53119,169,random,10,0.68859474522293,0,19,None,66,1,5,False,10,10
53120,165,random,10,0.7284036624203821,0,21,None,66,1,5,False,10,10
53121,166,random,10,0.7289012738853503,0,21,None,66,1,5,False,10,10
53122,167,random,10,0.729796974522293,0,21,None,66,1,5,False,10,10
53123,168,random,10,0.7298964968152867,0,21,None,66,1,5,False,10,10
53124,169,random,10,0.7299960191082803,0,21,None,66,1,5,False,10,10
53125,165,random,10,0.7299960191082803,0,0,None,66,1,5,False,10,10
53126,166,random,10,0.7308917197452229,0,0,None,66,1,5,False,10,10
53127,167,random,10,0.7313893312101911,0,0,None,66,1,5,False,10,10
53128,168,random,10,0.73328025477707,0,0,None,66,1,5,False,10,10
53129,169,random,10,0.7326831210191083,0,0,None,66,1,5,False,10,10
53130,165,random,10,0.6995421974522293,0,24,None,66,1,5,False,10,10
53131,166,random,10,0.7019307324840764,0,24,None,66,1,5,False,10,10
53132,167,random,10,0.7029259554140127,0,24,None,66,1,5,False,10,10
53133,168,random,10,0.7043192675159236,0,24,None,66,1,5,False,10,10
53134,169,random,10,0.7044187898089171,0,24,None,66,1,5,False,10,10
53135,170,random,10,0.6938694267515924,0,1,None,66,1,5,False,10,10
53136,171,random,10,0.6946656050955414,0,1,None,66,1,5,False,10,10
53137,172,random,10,0.6954617834394905,0,1,None,66,1,5,False,10,10
53138,173,random,10,0.6959593949044586,0,1,None,66,1,5,False,10,10
53139,174,random,10,0.6967555732484076,0,1,None,66,1,5,False,10,10
53140,170,random,10,0.7338773885350318,0,2,None,66,1,5,False,10,10
53141,171,random,10,0.7340764331210191,0,2,None,66,1,5,False,10,10
53142,172,random,10,0.7359673566878981,0,2,None,66,1,5,False,10,10
53143,173,random,10,0.7360668789808917,0,2,None,66,1,5,False,10,10
53144,174,random,10,0.7375597133757962,0,2,None,66,1,5,False,10,10
53145,170,random,10,0.7213375796178344,0,7,None,66,1,5,False,10,10
53146,171,random,10,0.7220342356687898,0,7,None,66,1,5,False,10,10
53147,172,random,10,0.723328025477707,0,7,None,66,1,5,False,10,10
53148,173,random,10,0.7236265923566879,0,7,None,66,1,5,False,10,10
53149,174,random,10,0.7241242038216561,0,7,None,66,1,5,False,10,10
53150,170,random,10,0.7338773885350318,0,15,None,66,1,5,False,10,10
53151,171,random,10,0.7344745222929936,0,15,None,66,1,5,False,10,10
53152,172,random,10,0.7341759554140127,0,15,None,66,1,5,False,10,10
53153,173,random,10,0.7347730891719745,0,15,None,66,1,5,False,10,10
53154,174,random,10,0.7351711783439491,0,15,None,66,1,5,False,10,10
53155,170,random,10,0.6930732484076433,0,20,None,66,1,5,False,10,10
53156,171,random,10,0.6952627388535032,0,20,None,66,1,5,False,10,10
53157,172,random,10,0.6960589171974523,0,20,None,66,1,5,False,10,10
53158,173,random,10,0.6981488853503185,0,20,None,66,1,5,False,10,10
53159,174,random,10,0.6990445859872612,0,20,None,66,1,5,False,10,10
53160,170,random,10,0.7292993630573248,0,10,None,66,1,5,False,10,10
53161,171,random,10,0.7296974522292994,0,10,None,66,1,5,False,10,10
53162,172,random,10,0.7294984076433121,0,10,None,66,1,5,False,10,10
53163,173,random,10,0.7298964968152867,0,10,None,66,1,5,False,10,10
53164,174,random,10,0.7294984076433121,0,10,None,66,1,5,False,10,10
53165,170,random,10,0.736265923566879,0,32,None,66,1,5,False,10,10
53166,171,random,10,0.73546974522293,0,32,None,66,1,5,False,10,10
53167,172,random,10,0.7366640127388535,0,32,None,66,1,5,False,10,10
53168,173,random,10,0.7376592356687898,0,32,None,66,1,5,False,10,10
53169,174,random,10,0.7377587579617835,0,32,None,66,1,5,False,10,10
53170,170,random,10,0.734375,0,22,None,66,1,5,False,10,10
53171,171,random,10,0.734375,0,22,None,66,1,5,False,10,10
53172,172,random,10,0.7348726114649682,0,22,None,66,1,5,False,10,10
53173,173,random,10,0.7347730891719745,0,22,None,66,1,5,False,10,10
53174,174,random,10,0.7349721337579618,0,22,None,66,1,5,False,10,10
53175,170,random,10,0.6836186305732485,0,5,None,66,1,5,False,10,10
53176,171,random,10,0.6843152866242038,0,5,None,66,1,5,False,10,10
53177,172,random,10,0.684812898089172,0,5,None,66,1,5,False,10,10
53178,173,random,10,0.6847133757961783,0,5,None,66,1,5,False,10,10
53179,174,random,10,0.6852109872611465,0,5,None,66,1,5,False,10,10
53180,170,random,10,0.67078025477707,0,6,None,66,1,5,False,10,10
53181,171,random,10,0.6710788216560509,0,6,None,66,1,5,False,10,10
53182,172,random,10,0.6715764331210191,0,6,None,66,1,5,False,10,10
53183,173,random,10,0.6724721337579618,0,6,None,66,1,5,False,10,10
53184,174,random,10,0.6725716560509554,0,6,None,66,1,5,False,10,10
53185,170,random,10,0.7210390127388535,0,14,None,66,1,5,False,10,10
53186,171,random,10,0.7212380573248408,0,14,None,66,1,5,False,10,10
53187,172,random,10,0.7210390127388535,0,14,None,66,1,5,False,10,10
53188,173,random,10,0.721437101910828,0,14,None,66,1,5,False,10,10
53189,174,random,10,0.7218351910828026,0,14,None,66,1,5,False,10,10
53190,170,random,10,0.7201433121019108,0,25,None,66,1,5,False,10,10
53191,171,random,10,0.7205414012738853,0,25,None,66,1,5,False,10,10
53192,172,random,10,0.721437101910828,0,25,None,66,1,5,False,10,10
53193,173,random,10,0.7217356687898089,0,25,None,66,1,5,False,10,10
53194,174,random,10,0.7227308917197452,0,25,None,66,1,5,False,10,10
53195,170,random,10,0.7284036624203821,0,13,None,66,1,5,False,10,10
53196,171,random,10,0.7286027070063694,0,13,None,66,1,5,False,10,10
53197,172,random,10,0.728702229299363,0,13,None,66,1,5,False,10,10
53198,173,random,10,0.7291003184713376,0,13,None,66,1,5,False,10,10
53199,174,random,10,0.7293988853503185,0,13,None,66,1,5,False,10,10
53200,170,random,10,0.7265127388535032,0,12,None,66,1,5,False,10,10
53201,171,random,10,0.7268113057324841,0,12,None,66,1,5,False,10,10
53202,172,random,10,0.7278065286624203,0,12,None,66,1,5,False,10,10
53203,173,random,10,0.7282046178343949,0,12,None,66,1,5,False,10,10
53204,174,random,10,0.7283041401273885,0,12,None,66,1,5,False,10,10
53205,170,random,10,0.7115843949044586,0,23,None,66,1,5,False,10,10
53206,171,random,10,0.7118829617834395,0,23,None,66,1,5,False,10,10
53207,172,random,10,0.7127786624203821,0,23,None,66,1,5,False,10,10
53208,173,random,10,0.7128781847133758,0,23,None,66,1,5,False,10,10
53209,174,random,10,0.7129777070063694,0,23,None,66,1,5,False,10,10
53210,170,random,10,0.7028264331210191,0,28,None,66,1,5,False,10,10
53211,171,random,10,0.7036226114649682,0,28,None,66,1,5,False,10,10
53212,172,random,10,0.7036226114649682,0,28,None,66,1,5,False,10,10
53213,173,random,10,0.7041202229299363,0,28,None,66,1,5,False,10,10
53214,174,random,10,0.7036226114649682,0,28,None,66,1,5,False,10,10
53215,170,random,10,0.7322850318471338,0,30,None,66,1,5,False,10,10
53216,171,random,10,0.7335788216560509,0,30,None,66,1,5,False,10,10
53217,172,random,10,0.734375,0,30,None,66,1,5,False,10,10
53218,173,random,10,0.7361664012738853,0,30,None,66,1,5,False,10,10
53219,174,random,10,0.7364649681528662,0,30,None,66,1,5,False,10,10
53220,170,random,10,0.6752587579617835,0,31,None,66,1,5,False,10,10
53221,171,random,10,0.6830214968152867,0,31,None,66,1,5,False,10,10
53222,172,random,10,0.6880971337579618,0,31,None,66,1,5,False,10,10
53223,173,random,10,0.6905851910828026,0,31,None,66,1,5,False,10,10
53224,174,random,10,0.693172770700637,0,31,None,66,1,5,False,10,10
53225,170,random,10,0.6977507961783439,0,29,None,66,1,5,False,10,10
53226,171,random,10,0.7008359872611465,0,29,None,66,1,5,False,10,10
53227,172,random,10,0.7027269108280255,0,29,None,66,1,5,False,10,10
53228,173,random,10,0.7029259554140127,0,29,None,66,1,5,False,10,10
53229,174,random,10,0.7044187898089171,0,29,None,66,1,5,False,10,10
53230,170,random,10,0.7307921974522293,0,9,None,66,1,5,False,10,10
53231,171,random,10,0.7308917197452229,0,9,None,66,1,5,False,10,10
53232,172,random,10,0.7310907643312102,0,9,None,66,1,5,False,10,10
53233,173,random,10,0.7310907643312102,0,9,None,66,1,5,False,10,10
53234,174,random,10,0.7308917197452229,0,9,None,66,1,5,False,10,10
53235,170,random,10,0.7299960191082803,0,11,None,66,1,5,False,10,10
53236,171,random,10,0.7301950636942676,0,11,None,66,1,5,False,10,10
53237,172,random,10,0.7304936305732485,0,11,None,66,1,5,False,10,10
53238,173,random,10,0.7291998407643312,0,11,None,66,1,5,False,10,10
53239,174,random,10,0.7289012738853503,0,11,None,66,1,5,False,10,10
53240,170,random,10,0.7409434713375797,0,3,None,66,1,5,False,10,10
53241,171,random,10,0.7411425159235668,0,3,None,66,1,5,False,10,10
53242,172,random,10,0.7414410828025477,0,3,None,66,1,5,False,10,10
53243,173,random,10,0.7421377388535032,0,3,None,66,1,5,False,10,10
53244,174,random,10,0.7429339171974523,0,3,None,66,1,5,False,10,10
53245,170,random,10,0.7294984076433121,0,4,None,66,1,5,False,10,10
53246,171,random,10,0.7303941082802548,0,4,None,66,1,5,False,10,10
53247,172,random,10,0.7307921974522293,0,4,None,66,1,5,False,10,10
53248,173,random,10,0.7303941082802548,0,4,None,66,1,5,False,10,10
53249,174,random,10,0.7306926751592356,0,4,None,66,1,5,False,10,10
53250,170,random,10,0.7350716560509554,0,0,None,66,1,5,False,10,10
53251,171,random,10,0.7357683121019108,0,0,None,66,1,5,False,10,10
53252,172,random,10,0.7357683121019108,0,0,None,66,1,5,False,10,10
53253,173,random,10,0.7367635350318471,0,0,None,66,1,5,False,10,10
53254,174,random,10,0.7371616242038217,0,0,None,66,1,5,False,10,10
53255,170,random,10,0.7161624203821656,0,8,None,66,1,5,False,10,10
53256,171,random,10,0.7164609872611465,0,8,None,66,1,5,False,10,10
53257,172,random,10,0.7166600318471338,0,8,None,66,1,5,False,10,10
53258,173,random,10,0.7163614649681529,0,8,None,66,1,5,False,10,10
53259,174,random,10,0.7165605095541401,0,8,None,66,1,5,False,10,10
53260,170,random,10,0.6632165605095541,0,16,None,66,1,5,False,10,10
53261,171,random,10,0.6639132165605095,0,16,None,66,1,5,False,10,10
53262,172,random,10,0.6645103503184714,0,16,None,66,1,5,False,10,10
53263,173,random,10,0.6648089171974523,0,16,None,66,1,5,False,10,10
53264,174,random,10,0.6653065286624203,0,16,None,66,1,5,False,10,10
53265,170,random,10,0.7100915605095541,0,18,None,66,1,5,False,10,10
53266,171,random,10,0.7106886942675159,0,18,None,66,1,5,False,10,10
53267,172,random,10,0.7110867834394905,0,18,None,66,1,5,False,10,10
53268,173,random,10,0.7116839171974523,0,18,None,66,1,5,False,10,10
53269,174,random,10,0.7115843949044586,0,18,None,66,1,5,False,10,10
53270,170,random,10,0.6888933121019108,0,19,None,66,1,5,False,10,10
53271,171,random,10,0.6882961783439491,0,19,None,66,1,5,False,10,10
53272,172,random,10,0.68640525477707,0,19,None,66,1,5,False,10,10
53273,173,random,10,0.6855095541401274,0,19,None,66,1,5,False,10,10
53274,174,random,10,0.6849124203821656,0,19,None,66,1,5,False,10,10
53275,170,random,10,0.6924761146496815,0,17,None,66,1,5,False,10,10
53276,171,random,10,0.6910828025477707,0,17,None,66,1,5,False,10,10
53277,172,random,10,0.6896894904458599,0,17,None,66,1,5,False,10,10
53278,173,random,10,0.6889928343949044,0,17,None,66,1,5,False,10,10
53279,174,random,10,0.690187101910828,0,17,None,66,1,5,False,10,10
53280,170,random,10,0.7318869426751592,0,21,None,66,1,5,False,10,10
53281,171,random,10,0.7325835987261147,0,21,None,66,1,5,False,10,10
53282,172,random,10,0.7326831210191083,0,21,None,66,1,5,False,10,10
53283,173,random,10,0.7329816878980892,0,21,None,66,1,5,False,10,10
53284,174,random,10,0.7333797770700637,0,21,None,66,1,5,False,10,10
53285,170,random,10,0.7074044585987261,0,24,None,66,1,5,False,10,10
53286,171,random,10,0.7089968152866242,0,24,None,66,1,5,False,10,10
53287,172,random,10,0.709593949044586,0,24,None,66,1,5,False,10,10
53288,173,random,10,0.7090963375796179,0,24,None,66,1,5,False,10,10
53289,174,random,10,0.7097929936305732,0,24,None,66,1,5,False,10,10
53290,170,random,10,0.7046178343949044,0,27,None,66,1,5,False,10,10
53291,171,random,10,0.7048168789808917,0,27,None,66,1,5,False,10,10
53292,172,random,10,0.7056130573248408,0,27,None,66,1,5,False,10,10
53293,173,random,10,0.7071058917197452,0,27,None,66,1,5,False,10,10
53294,174,random,10,0.7083996815286624,0,27,None,66,1,5,False,10,10
53460,175,random,10,0.7355692675159236,0,22,None,66,1,5,False,10,10
53461,176,random,10,0.7358678343949044,0,22,None,66,1,5,False,10,10
53462,177,random,10,0.736265923566879,0,22,None,66,1,5,False,10,10
53463,178,random,10,0.7366640127388535,0,22,None,66,1,5,False,10,10
53464,179,random,10,0.7358678343949044,0,22,None,66,1,5,False,10,10
53465,175,random,10,0.7255175159235668,0,14,None,66,1,5,False,10,10
53466,176,random,10,0.725218949044586,0,14,None,66,1,5,False,10,10
53467,177,random,10,0.7263136942675159,0,14,None,66,1,5,False,10,10
53468,178,random,10,0.7272093949044586,0,14,None,66,1,5,False,10,10
53469,179,random,10,0.7270103503184714,0,14,None,66,1,5,False,10,10
53470,175,random,10,0.7367635350318471,0,30,None,66,1,5,False,10,10
53471,176,random,10,0.7369625796178344,0,30,None,66,1,5,False,10,10
53472,177,random,10,0.7372611464968153,0,30,None,66,1,5,False,10,10
53473,178,random,10,0.7379578025477707,0,30,None,66,1,5,False,10,10
53474,179,random,10,0.7391520700636943,0,30,None,66,1,5,False,10,10
53475,175,random,10,0.705015923566879,0,1,None,66,1,5,False,10,10
53476,176,random,10,0.7046178343949044,0,1,None,66,1,5,False,10,10
53477,177,random,10,0.7048168789808917,0,1,None,66,1,5,False,10,10
53478,178,random,10,0.7046178343949044,0,1,None,66,1,5,False,10,10
53479,179,random,10,0.7052149681528662,0,1,None,66,1,5,False,10,10
53480,175,random,10,0.7378582802547771,0,2,None,66,1,5,False,10,10
53481,176,random,10,0.7380573248407644,0,2,None,66,1,5,False,10,10
53482,177,random,10,0.7386544585987261,0,2,None,66,1,5,False,10,10
53483,178,random,10,0.7386544585987261,0,2,None,66,1,5,False,10,10
53484,179,random,10,0.740047770700637,0,2,None,66,1,5,False,10,10
53485,175,random,10,0.6869028662420382,0,5,None,66,1,5,False,10,10
53486,176,random,10,0.6876990445859873,0,5,None,66,1,5,False,10,10
53487,177,random,10,0.6878980891719745,0,5,None,66,1,5,False,10,10
53488,178,random,10,0.6881966560509554,0,5,None,66,1,5,False,10,10
53489,179,random,10,0.6889928343949044,0,5,None,66,1,5,False,10,10
53490,175,random,10,0.7384554140127388,0,0,None,66,1,5,False,10,10
53491,176,random,10,0.7378582802547771,0,0,None,66,1,5,False,10,10
53492,177,random,10,0.7382563694267515,0,0,None,66,1,5,False,10,10
53493,178,random,10,0.7391520700636943,0,0,None,66,1,5,False,10,10
53494,179,random,10,0.7392515923566879,0,0,None,66,1,5,False,10,10
53495,175,random,10,0.7346735668789809,0,21,None,66,1,5,False,10,10
53496,176,random,10,0.7345740445859873,0,21,None,66,1,5,False,10,10
53497,177,random,10,0.7344745222929936,0,21,None,66,1,5,False,10,10
53498,178,random,10,0.7349721337579618,0,21,None,66,1,5,False,10,10
53499,179,random,10,0.7358678343949044,0,21,None,66,1,5,False,10,10
53500,175,random,10,0.731687898089172,0,9,None,66,1,5,False,10,10
53501,176,random,10,0.7323845541401274,0,9,None,66,1,5,False,10,10
53502,177,random,10,0.7321855095541401,0,9,None,66,1,5,False,10,10
53503,178,random,10,0.7327826433121019,0,9,None,66,1,5,False,10,10
53504,179,random,10,0.7333797770700637,0,9,None,66,1,5,False,10,10
53505,175,random,10,0.7131767515923567,0,23,None,66,1,5,False,10,10
53506,176,random,10,0.7137738853503185,0,23,None,66,1,5,False,10,10
53507,177,random,10,0.7132762738853503,0,23,None,66,1,5,False,10,10
53508,178,random,10,0.7125796178343949,0,23,None,66,1,5,False,10,10
53509,179,random,10,0.7127786624203821,0,23,None,66,1,5,False,10,10
53510,175,random,10,0.7083001592356688,0,27,None,66,1,5,False,10,10
53511,176,random,10,0.7101910828025477,0,27,None,66,1,5,False,10,10
53512,177,random,10,0.7110867834394905,0,27,None,66,1,5,False,10,10
53513,178,random,10,0.7115843949044586,0,27,None,66,1,5,False,10,10
53514,179,random,10,0.7116839171974523,0,27,None,66,1,5,False,10,10
53515,175,random,10,0.7132762738853503,0,28,None,66,1,5,False,10,10
53516,176,random,10,0.7143710191082803,0,28,None,66,1,5,False,10,10
53517,177,random,10,0.7145700636942676,0,28,None,66,1,5,False,10,10
53518,178,random,10,0.7153662420382165,0,28,None,66,1,5,False,10,10
53519,179,random,10,0.7153662420382165,0,28,None,66,1,5,False,10,10
53520,175,random,10,0.6967555732484076,0,29,None,66,1,5,False,10,10
53521,176,random,10,0.6999402866242038,0,29,None,66,1,5,False,10,10
53522,177,random,10,0.7014331210191083,0,29,None,66,1,5,False,10,10
53523,178,random,10,0.703125,0,29,None,66,1,5,False,10,10
53524,179,random,10,0.7049164012738853,0,29,None,66,1,5,False,10,10
53525,175,random,10,0.6652070063694268,0,16,None,66,1,5,False,10,10
53526,176,random,10,0.6665007961783439,0,16,None,66,1,5,False,10,10
53527,177,random,10,0.667296974522293,0,16,None,66,1,5,False,10,10
53528,178,random,10,0.6679936305732485,0,16,None,66,1,5,False,10,10
53529,179,random,10,0.668093152866242,0,16,None,66,1,5,False,10,10
53530,175,random,10,0.726015127388535,0,7,None,66,1,5,False,10,10
53531,176,random,10,0.7266122611464968,0,7,None,66,1,5,False,10,10
53532,177,random,10,0.727906050955414,0,7,None,66,1,5,False,10,10
53533,178,random,10,0.7282046178343949,0,7,None,66,1,5,False,10,10
53534,179,random,10,0.7288017515923567,0,7,None,66,1,5,False,10,10
53535,175,random,10,0.7392515923566879,0,32,None,66,1,5,False,10,10
53536,176,random,10,0.7393511146496815,0,32,None,66,1,5,False,10,10
53537,177,random,10,0.7404458598726115,0,32,None,66,1,5,False,10,10
53538,178,random,10,0.7402468152866242,0,32,None,66,1,5,False,10,10
53539,179,random,10,0.7414410828025477,0,32,None,66,1,5,False,10,10
53540,175,random,10,0.7281050955414012,0,12,None,66,1,5,False,10,10
53541,176,random,10,0.7281050955414012,0,12,None,66,1,5,False,10,10
53542,177,random,10,0.7282046178343949,0,12,None,66,1,5,False,10,10
53543,178,random,10,0.7285031847133758,0,12,None,66,1,5,False,10,10
53544,179,random,10,0.727906050955414,0,12,None,66,1,5,False,10,10
53545,175,random,10,0.6750597133757962,0,6,None,66,1,5,False,10,10
53546,176,random,10,0.6746616242038217,0,6,None,66,1,5,False,10,10
53547,177,random,10,0.6753582802547771,0,6,None,66,1,5,False,10,10
53548,178,random,10,0.6752587579617835,0,6,None,66,1,5,False,10,10
53549,179,random,10,0.675656847133758,0,6,None,66,1,5,False,10,10
53550,175,random,10,0.7302945859872612,0,13,None,66,1,5,False,10,10
53551,176,random,10,0.7303941082802548,0,13,None,66,1,5,False,10,10
53552,177,random,10,0.7300955414012739,0,13,None,66,1,5,False,10,10
53553,178,random,10,0.7309912420382165,0,13,None,66,1,5,False,10,10
53554,179,random,10,0.7317874203821656,0,13,None,66,1,5,False,10,10
53555,175,random,10,0.7201433121019108,0,25,None,66,1,5,False,10,10
53556,176,random,10,0.7212380573248408,0,25,None,66,1,5,False,10,10
53557,177,random,10,0.7218351910828026,0,25,None,66,1,5,False,10,10
53558,178,random,10,0.7224323248407644,0,25,None,66,1,5,False,10,10
53559,179,random,10,0.7228304140127388,0,25,None,66,1,5,False,10,10
53560,175,random,10,0.6833200636942676,0,26,None,66,1,5,False,10,10
53561,176,random,10,0.6831210191082803,0,26,None,66,1,5,False,10,10
53562,177,random,10,0.6841162420382165,0,26,None,66,1,5,False,10,10
53563,178,random,10,0.6842157643312102,0,26,None,66,1,5,False,10,10
53564,179,random,10,0.6846138535031847,0,26,None,66,1,5,False,10,10
53565,175,random,10,0.7112858280254777,0,24,None,66,1,5,False,10,10
53566,176,random,10,0.710390127388535,0,24,None,66,1,5,False,10,10
53567,177,random,10,0.7119824840764332,0,24,None,66,1,5,False,10,10
53568,178,random,10,0.7125796178343949,0,24,None,66,1,5,False,10,10
53569,179,random,10,0.7124800955414012,0,24,None,66,1,5,False,10,10
53570,175,random,10,0.7172571656050956,0,8,None,66,1,5,False,10,10
53571,176,random,10,0.7171576433121019,0,8,None,66,1,5,False,10,10
53572,177,random,10,0.7164609872611465,0,8,None,66,1,5,False,10,10
53573,178,random,10,0.7163614649681529,0,8,None,66,1,5,False,10,10
53574,179,random,10,0.7173566878980892,0,8,None,66,1,5,False,10,10
53575,175,random,10,0.7136743630573248,0,18,None,66,1,5,False,10,10
53576,176,random,10,0.7132762738853503,0,18,None,66,1,5,False,10,10
53577,177,random,10,0.713077229299363,0,18,None,66,1,5,False,10,10
53578,178,random,10,0.7127786624203821,0,18,None,66,1,5,False,10,10
53579,179,random,10,0.7132762738853503,0,18,None,66,1,5,False,10,10
53580,175,random,10,0.680234872611465,0,31,None,66,1,5,False,10,10
53581,176,random,10,0.6871019108280255,0,31,None,66,1,5,False,10,10
53582,177,random,10,0.6908837579617835,0,31,None,66,1,5,False,10,10
53583,178,random,10,0.6927746815286624,0,31,None,66,1,5,False,10,10
53584,179,random,10,0.6971536624203821,0,31,None,66,1,5,False,10,10
53585,175,random,10,0.7002388535031847,0,19,None,66,1,5,False,10,10
53586,176,random,10,0.6987460191082803,0,19,None,66,1,5,False,10,10
53587,177,random,10,0.6967555732484076,0,19,None,66,1,5,False,10,10
53588,178,random,10,0.6949641719745223,0,19,None,66,1,5,False,10,10
53589,179,random,10,0.6951632165605095,0,19,None,66,1,5,False,10,10
53590,175,random,10,0.6975517515923567,0,20,None,66,1,5,False,10,10
53591,176,random,10,0.6988455414012739,0,20,None,66,1,5,False,10,10
53592,177,random,10,0.7002388535031847,0,20,None,66,1,5,False,10,10
53593,178,random,10,0.7013335987261147,0,20,None,66,1,5,False,10,10
53594,179,random,10,0.7023288216560509,0,20,None,66,1,5,False,10,10
53595,175,random,10,0.7369625796178344,0,15,None,66,1,5,False,10,10
53596,176,random,10,0.737062101910828,0,15,None,66,1,5,False,10,10
53597,177,random,10,0.7368630573248408,0,15,None,66,1,5,False,10,10
53598,178,random,10,0.7379578025477707,0,15,None,66,1,5,False,10,10
53599,179,random,10,0.7380573248407644,0,15,None,66,1,5,False,10,10
53600,175,random,10,0.7340764331210191,0,4,None,66,1,5,False,10,10
53601,176,random,10,0.7346735668789809,0,4,None,66,1,5,False,10,10
53602,177,random,10,0.7348726114649682,0,4,None,66,1,5,False,10,10
53603,178,random,10,0.7348726114649682,0,4,None,66,1,5,False,10,10
53604,179,random,10,0.7346735668789809,0,4,None,66,1,5,False,10,10
53605,175,random,10,0.7344745222929936,0,10,None,66,1,5,False,10,10
53606,176,random,10,0.7340764331210191,0,10,None,66,1,5,False,10,10
53607,177,random,10,0.7351711783439491,0,10,None,66,1,5,False,10,10
53608,178,random,10,0.7350716560509554,0,10,None,66,1,5,False,10,10
53609,179,random,10,0.7345740445859873,0,10,None,66,1,5,False,10,10
53610,175,random,10,0.734375,0,11,None,66,1,5,False,10,10
53611,176,random,10,0.7338773885350318,0,11,None,66,1,5,False,10,10
53612,177,random,10,0.7336783439490446,0,11,None,66,1,5,False,10,10
53613,178,random,10,0.7334792993630573,0,11,None,66,1,5,False,10,10
53614,179,random,10,0.7330812101910829,0,11,None,66,1,5,False,10,10
53615,175,random,10,0.743531050955414,0,3,None,66,1,5,False,10,10
53616,176,random,10,0.7439291401273885,0,3,None,66,1,5,False,10,10
53617,177,random,10,0.7440286624203821,0,3,None,66,1,5,False,10,10
53618,178,random,10,0.7441281847133758,0,3,None,66,1,5,False,10,10
53619,179,random,10,0.7445262738853503,0,3,None,66,1,5,False,10,10
53620,175,random,10,0.6973527070063694,0,17,None,66,1,5,False,10,10
53621,176,random,10,0.6978503184713376,0,17,None,66,1,5,False,10,10
53622,177,random,10,0.6965565286624203,0,17,None,66,1,5,False,10,10
53623,178,random,10,0.6967555732484076,0,17,None,66,1,5,False,10,10
53624,179,random,10,0.6968550955414012,0,17,None,66,1,5,False,10,10
53955,180,random,10,0.7106886942675159,0,1,None,66,1,5,False,10,10
53956,181,random,10,0.7104896496815286,0,1,None,66,1,5,False,10,10
53957,182,random,10,0.7107882165605095,0,1,None,66,1,5,False,10,10
53958,183,random,10,0.7124800955414012,0,1,None,66,1,5,False,10,10
53959,184,random,10,0.7126791401273885,0,1,None,66,1,5,False,10,10
53960,180,random,10,0.7401472929936306,0,2,None,66,1,5,False,10,10
53961,181,random,10,0.7404458598726115,0,2,None,66,1,5,False,10,10
53962,182,random,10,0.7412420382165605,0,2,None,66,1,5,False,10,10
53963,183,random,10,0.7424363057324841,0,2,None,66,1,5,False,10,10
53964,184,random,10,0.7430334394904459,0,2,None,66,1,5,False,10,10
53965,180,random,10,0.7315883757961783,0,13,None,66,1,5,False,10,10
53966,181,random,10,0.7320859872611465,0,13,None,66,1,5,False,10,10
53967,182,random,10,0.7330812101910829,0,13,None,66,1,5,False,10,10
53968,183,random,10,0.7335788216560509,0,13,None,66,1,5,False,10,10
53969,184,random,10,0.7333797770700637,0,13,None,66,1,5,False,10,10
53970,180,random,10,0.738953025477707,0,15,None,66,1,5,False,10,10
53971,181,random,10,0.7393511146496815,0,15,None,66,1,5,False,10,10
53972,182,random,10,0.7402468152866242,0,15,None,66,1,5,False,10,10
53973,183,random,10,0.7392515923566879,0,15,None,66,1,5,False,10,10
53974,184,random,10,0.7393511146496815,0,15,None,66,1,5,False,10,10
53975,180,random,10,0.7365644904458599,0,10,None,66,1,5,False,10,10
53976,181,random,10,0.7364649681528662,0,10,None,66,1,5,False,10,10
53977,182,random,10,0.7369625796178344,0,10,None,66,1,5,False,10,10
53978,183,random,10,0.7371616242038217,0,10,None,66,1,5,False,10,10
53979,184,random,10,0.7366640127388535,0,10,None,66,1,5,False,10,10
53980,180,random,10,0.737062101910828,0,11,None,66,1,5,False,10,10
53981,181,random,10,0.7372611464968153,0,11,None,66,1,5,False,10,10
53982,182,random,10,0.7368630573248408,0,11,None,66,1,5,False,10,10
53983,183,random,10,0.7377587579617835,0,11,None,66,1,5,False,10,10
53984,184,random,10,0.7374601910828026,0,11,None,66,1,5,False,10,10
53985,180,random,10,0.7186504777070064,0,8,None,66,1,5,False,10,10
53986,181,random,10,0.7196457006369427,0,8,None,66,1,5,False,10,10
53987,182,random,10,0.7195461783439491,0,8,None,66,1,5,False,10,10
53988,183,random,10,0.7201433121019108,0,8,None,66,1,5,False,10,10
53989,184,random,10,0.7207404458598726,0,8,None,66,1,5,False,10,10
53990,180,random,10,0.6999402866242038,0,20,None,66,1,5,False,10,10
53991,181,random,10,0.7010350318471338,0,20,None,66,1,5,False,10,10
53992,182,random,10,0.703125,0,20,None,66,1,5,False,10,10
53993,183,random,10,0.703125,0,20,None,66,1,5,False,10,10
53994,184,random,10,0.7040207006369427,0,20,None,66,1,5,False,10,10
53995,180,random,10,0.7041202229299363,0,19,None,66,1,5,False,10,10
53996,181,random,10,0.7034235668789809,0,19,None,66,1,5,False,10,10
53997,182,random,10,0.7013335987261147,0,19,None,66,1,5,False,10,10
53998,183,random,10,0.700437898089172,0,19,None,66,1,5,False,10,10
53999,184,random,10,0.6996417197452229,0,19,None,66,1,5,False,10,10
54000,180,random,10,0.701234076433121,0,17,None,66,1,5,False,10,10
54001,181,random,10,0.6999402866242038,0,17,None,66,1,5,False,10,10
54002,182,random,10,0.6988455414012739,0,17,None,66,1,5,False,10,10
54003,183,random,10,0.6987460191082803,0,17,None,66,1,5,False,10,10
54004,184,random,10,0.6992436305732485,0,17,None,66,1,5,False,10,10
54005,180,random,10,0.7359673566878981,0,21,None,66,1,5,False,10,10
54006,181,random,10,0.7373606687898089,0,21,None,66,1,5,False,10,10
54007,182,random,10,0.7375597133757962,0,21,None,66,1,5,False,10,10
54008,183,random,10,0.7382563694267515,0,21,None,66,1,5,False,10,10
54009,184,random,10,0.7386544585987261,0,21,None,66,1,5,False,10,10
54010,180,random,10,0.7210390127388535,0,25,None,66,1,5,False,10,10
54011,181,random,10,0.722531847133758,0,25,None,66,1,5,False,10,10
54012,182,random,10,0.7234275477707006,0,25,None,66,1,5,False,10,10
54013,183,random,10,0.7248208598726115,0,25,None,66,1,5,False,10,10
54014,184,random,10,0.7247213375796179,0,25,None,66,1,5,False,10,10
54015,180,random,10,0.7133757961783439,0,24,None,66,1,5,False,10,10
54016,181,random,10,0.7136743630573248,0,24,None,66,1,5,False,10,10
54017,182,random,10,0.7140724522292994,0,24,None,66,1,5,False,10,10
54018,183,random,10,0.7139729299363057,0,24,None,66,1,5,False,10,10
54019,184,random,10,0.7146695859872612,0,24,None,66,1,5,False,10,10
54020,180,random,10,0.7164609872611465,0,28,None,66,1,5,False,10,10
54021,181,random,10,0.716859076433121,0,28,None,66,1,5,False,10,10
54022,182,random,10,0.7169585987261147,0,28,None,66,1,5,False,10,10
54023,183,random,10,0.7171576433121019,0,28,None,66,1,5,False,10,10
54024,184,random,10,0.7189490445859873,0,28,None,66,1,5,False,10,10
54025,180,random,10,0.7061106687898089,0,29,None,66,1,5,False,10,10
54026,181,random,10,0.7075039808917197,0,29,None,66,1,5,False,10,10
54027,182,random,10,0.7083996815286624,0,29,None,66,1,5,False,10,10
54028,183,random,10,0.708797770700637,0,29,None,66,1,5,False,10,10
54029,184,random,10,0.7096934713375797,0,29,None,66,1,5,False,10,10
54030,180,random,10,0.7341759554140127,0,9,None,66,1,5,False,10,10
54031,181,random,10,0.7336783439490446,0,9,None,66,1,5,False,10,10
54032,182,random,10,0.7342754777070064,0,9,None,66,1,5,False,10,10
54033,183,random,10,0.7353702229299363,0,9,None,66,1,5,False,10,10
54034,184,random,10,0.7350716560509554,0,9,None,66,1,5,False,10,10
54035,180,random,10,0.7118829617834395,0,27,None,66,1,5,False,10,10
54036,181,random,10,0.7127786624203821,0,27,None,66,1,5,False,10,10
54037,182,random,10,0.7131767515923567,0,27,None,66,1,5,False,10,10
54038,183,random,10,0.7128781847133758,0,27,None,66,1,5,False,10,10
54039,184,random,10,0.7140724522292994,0,27,None,66,1,5,False,10,10
54040,180,random,10,0.716859076433121,0,18,None,66,1,5,False,10,10
54041,181,random,10,0.7147691082802548,0,18,None,66,1,5,False,10,10
54042,182,random,10,0.7150676751592356,0,18,None,66,1,5,False,10,10
54043,183,random,10,0.7152667197452229,0,18,None,66,1,5,False,10,10
54044,184,random,10,0.7163614649681529,0,18,None,66,1,5,False,10,10
54045,180,random,10,0.6847133757961783,0,31,None,66,1,5,False,10,10
54046,181,random,10,0.689390923566879,0,31,None,66,1,5,False,10,10
54047,182,random,10,0.6957603503184714,0,31,None,66,1,5,False,10,10
54048,183,random,10,0.6968550955414012,0,31,None,66,1,5,False,10,10
54049,184,random,10,0.7009355095541401,0,31,None,66,1,5,False,10,10
54050,180,random,10,0.7299960191082803,0,12,None,66,1,5,False,10,10
54051,181,random,10,0.7295979299363057,0,12,None,66,1,5,False,10,10
54052,182,random,10,0.7294984076433121,0,12,None,66,1,5,False,10,10
54053,183,random,10,0.7301950636942676,0,12,None,66,1,5,False,10,10
54054,184,random,10,0.7304936305732485,0,12,None,66,1,5,False,10,10
54055,180,random,10,0.6896894904458599,0,5,None,66,1,5,False,10,10
54056,181,random,10,0.6900875796178344,0,5,None,66,1,5,False,10,10
54057,182,random,10,0.6909832802547771,0,5,None,66,1,5,False,10,10
54058,183,random,10,0.6917794585987261,0,5,None,66,1,5,False,10,10
54059,184,random,10,0.6918789808917197,0,5,None,66,1,5,False,10,10
54060,180,random,10,0.7382563694267515,0,30,None,66,1,5,False,10,10
54061,181,random,10,0.738953025477707,0,30,None,66,1,5,False,10,10
54062,182,random,10,0.7391520700636943,0,30,None,66,1,5,False,10,10
54063,183,random,10,0.7395501592356688,0,30,None,66,1,5,False,10,10
54064,184,random,10,0.7401472929936306,0,30,None,66,1,5,False,10,10
54065,180,random,10,0.6871019108280255,0,26,None,66,1,5,False,10,10
54066,181,random,10,0.6873009554140127,0,26,None,66,1,5,False,10,10
54067,182,random,10,0.6875995222929936,0,26,None,66,1,5,False,10,10
54068,183,random,10,0.6881966560509554,0,26,None,66,1,5,False,10,10
54069,184,random,10,0.6882961783439491,0,26,None,66,1,5,False,10,10
54070,180,random,10,0.6768511146496815,0,6,None,66,1,5,False,10,10
54071,181,random,10,0.6769506369426752,0,6,None,66,1,5,False,10,10
54072,182,random,10,0.6770501592356688,0,6,None,66,1,5,False,10,10
54073,183,random,10,0.6771496815286624,0,6,None,66,1,5,False,10,10
54074,184,random,10,0.6771496815286624,0,6,None,66,1,5,False,10,10
54075,180,random,10,0.729796974522293,0,7,None,66,1,5,False,10,10
54076,181,random,10,0.7299960191082803,0,7,None,66,1,5,False,10,10
54077,182,random,10,0.7308917197452229,0,7,None,66,1,5,False,10,10
54078,183,random,10,0.7317874203821656,0,7,None,66,1,5,False,10,10
54079,184,random,10,0.7321855095541401,0,7,None,66,1,5,False,10,10
54080,180,random,10,0.6668988853503185,0,16,None,66,1,5,False,10,10
54081,181,random,10,0.6678941082802548,0,16,None,66,1,5,False,10,10
54082,182,random,10,0.6687898089171974,0,16,None,66,1,5,False,10,10
54083,183,random,10,0.6695859872611465,0,16,None,66,1,5,False,10,10
54084,184,random,10,0.6692874203821656,0,16,None,66,1,5,False,10,10
54085,180,random,10,0.7424363057324841,0,32,None,66,1,5,False,10,10
54086,181,random,10,0.7433320063694268,0,32,None,66,1,5,False,10,10
54087,182,random,10,0.7439291401273885,0,32,None,66,1,5,False,10,10
54088,183,random,10,0.7446257961783439,0,32,None,66,1,5,False,10,10
54089,184,random,10,0.7456210191082803,0,32,None,66,1,5,False,10,10
54090,180,random,10,0.7456210191082803,0,3,None,66,1,5,False,10,10
54091,181,random,10,0.7461186305732485,0,3,None,66,1,5,False,10,10
54092,182,random,10,0.7469148089171974,0,3,None,66,1,5,False,10,10
54093,183,random,10,0.7467157643312102,0,3,None,66,1,5,False,10,10
54094,184,random,10,0.7472133757961783,0,3,None,66,1,5,False,10,10
54095,180,random,10,0.7263136942675159,0,14,None,66,1,5,False,10,10
54096,181,random,10,0.7266122611464968,0,14,None,66,1,5,False,10,10
54097,182,random,10,0.7281050955414012,0,14,None,66,1,5,False,10,10
54098,183,random,10,0.728702229299363,0,14,None,66,1,5,False,10,10
54099,184,random,10,0.7283041401273885,0,14,None,66,1,5,False,10,10
54100,180,random,10,0.7351711783439491,0,4,None,66,1,5,False,10,10
54101,181,random,10,0.73546974522293,0,4,None,66,1,5,False,10,10
54102,182,random,10,0.7357683121019108,0,4,None,66,1,5,False,10,10
54103,183,random,10,0.7352707006369427,0,4,None,66,1,5,False,10,10
54104,184,random,10,0.7351711783439491,0,4,None,66,1,5,False,10,10
54105,180,random,10,0.7359673566878981,0,22,None,66,1,5,False,10,10
54106,181,random,10,0.7363654458598726,0,22,None,66,1,5,False,10,10
54107,182,random,10,0.737062101910828,0,22,None,66,1,5,False,10,10
54108,183,random,10,0.7374601910828026,0,22,None,66,1,5,False,10,10
54109,184,random,10,0.7380573248407644,0,22,None,66,1,5,False,10,10
54110,180,random,10,0.7188495222929936,0,23,None,66,1,5,False,10,10
54111,181,random,10,0.7189490445859873,0,23,None,66,1,5,False,10,10
54112,182,random,10,0.7190485668789809,0,23,None,66,1,5,False,10,10
54113,183,random,10,0.71875,0,23,None,66,1,5,False,10,10
54114,184,random,10,0.71875,0,23,None,66,1,5,False,10,10
54115,180,random,10,0.7411425159235668,0,0,None,66,1,5,False,10,10
54116,181,random,10,0.741640127388535,0,0,None,66,1,5,False,10,10
54117,182,random,10,0.7417396496815286,0,0,None,66,1,5,False,10,10
54118,183,random,10,0.7424363057324841,0,0,None,66,1,5,False,10,10
54119,184,random,10,0.7424363057324841,0,0,None,66,1,5,False,10,10
54120,185,random,10,0.6892914012738853,0,26,None,66,1,5,False,10,10
54121,186,random,10,0.6903861464968153,0,26,None,66,1,5,False,10,10
54122,187,random,10,0.6916799363057324,0,26,None,66,1,5,False,10,10
54123,188,random,10,0.6926751592356688,0,26,None,66,1,5,False,10,10
54124,189,random,10,0.6933718152866242,0,26,None,66,1,5,False,10,10
54125,185,random,10,0.7440286624203821,0,32,None,66,1,5,False,10,10
54126,186,random,10,0.7451234076433121,0,32,None,66,1,5,False,10,10
54127,187,random,10,0.7446257961783439,0,32,None,66,1,5,False,10,10
54128,188,random,10,0.7452229299363057,0,32,None,66,1,5,False,10,10
54129,189,random,10,0.7458200636942676,0,32,None,66,1,5,False,10,10
54130,185,random,10,0.740843949044586,0,22,None,66,1,5,False,10,10
54131,186,random,10,0.741640127388535,0,22,None,66,1,5,False,10,10
54132,187,random,10,0.7426353503184714,0,22,None,66,1,5,False,10,10
54133,188,random,10,0.7426353503184714,0,22,None,66,1,5,False,10,10
54134,189,random,10,0.7422372611464968,0,22,None,66,1,5,False,10,10
54135,185,random,10,0.7177547770700637,0,23,None,66,1,5,False,10,10
54136,186,random,10,0.71875,0,23,None,66,1,5,False,10,10
54137,187,random,10,0.7190485668789809,0,23,None,66,1,5,False,10,10
54138,188,random,10,0.7203423566878981,0,23,None,66,1,5,False,10,10
54139,189,random,10,0.7213375796178344,0,23,None,66,1,5,False,10,10
54140,185,random,10,0.6768511146496815,0,6,None,66,1,5,False,10,10
54141,186,random,10,0.6769506369426752,0,6,None,66,1,5,False,10,10
54142,187,random,10,0.6773487261146497,0,6,None,66,1,5,False,10,10
54143,188,random,10,0.6773487261146497,0,6,None,66,1,5,False,10,10
54144,189,random,10,0.6778463375796179,0,6,None,66,1,5,False,10,10
54145,185,random,10,0.6923765923566879,0,5,None,66,1,5,False,10,10
54146,186,random,10,0.6924761146496815,0,5,None,66,1,5,False,10,10
54147,187,random,10,0.6926751592356688,0,5,None,66,1,5,False,10,10
54148,188,random,10,0.6926751592356688,0,5,None,66,1,5,False,10,10
54149,189,random,10,0.693172770700637,0,5,None,66,1,5,False,10,10
54150,185,random,10,0.7383558917197452,0,4,None,66,1,5,False,10,10
54151,186,random,10,0.7369625796178344,0,4,None,66,1,5,False,10,10
54152,187,random,10,0.7373606687898089,0,4,None,66,1,5,False,10,10
54153,188,random,10,0.7385549363057324,0,4,None,66,1,5,False,10,10
54154,189,random,10,0.7380573248407644,0,4,None,66,1,5,False,10,10
54155,185,random,10,0.7401472929936306,0,15,None,66,1,5,False,10,10
54156,186,random,10,0.7406449044585988,0,15,None,66,1,5,False,10,10
54157,187,random,10,0.7407444267515924,0,15,None,66,1,5,False,10,10
54158,188,random,10,0.7406449044585988,0,15,None,66,1,5,False,10,10
54159,189,random,10,0.7405453821656051,0,15,None,66,1,5,False,10,10
54160,185,random,10,0.7057125796178344,0,20,None,66,1,5,False,10,10
54161,186,random,10,0.7056130573248408,0,20,None,66,1,5,False,10,10
54162,187,random,10,0.7067078025477707,0,20,None,66,1,5,False,10,10
54163,188,random,10,0.7065087579617835,0,20,None,66,1,5,False,10,10
54164,189,random,10,0.7074044585987261,0,20,None,66,1,5,False,10,10
54165,185,random,10,0.7136743630573248,0,18,None,66,1,5,False,10,10
54166,186,random,10,0.7151671974522293,0,18,None,66,1,5,False,10,10
54167,187,random,10,0.7153662420382165,0,18,None,66,1,5,False,10,10
54168,188,random,10,0.716062898089172,0,18,None,66,1,5,False,10,10
54169,189,random,10,0.7163614649681529,0,18,None,66,1,5,False,10,10
54170,185,random,10,0.7345740445859873,0,13,None,66,1,5,False,10,10
54171,186,random,10,0.7355692675159236,0,13,None,66,1,5,False,10,10
54172,187,random,10,0.7358678343949044,0,13,None,66,1,5,False,10,10
54173,188,random,10,0.7361664012738853,0,13,None,66,1,5,False,10,10
54174,189,random,10,0.7360668789808917,0,13,None,66,1,5,False,10,10
54175,185,random,10,0.7322850318471338,0,12,None,66,1,5,False,10,10
54176,186,random,10,0.7326831210191083,0,12,None,66,1,5,False,10,10
54177,187,random,10,0.7323845541401274,0,12,None,66,1,5,False,10,10
54178,188,random,10,0.7327826433121019,0,12,None,66,1,5,False,10,10
54179,189,random,10,0.7323845541401274,0,12,None,66,1,5,False,10,10
54180,185,random,10,0.7289012738853503,0,14,None,66,1,5,False,10,10
54181,186,random,10,0.7289012738853503,0,14,None,66,1,5,False,10,10
54182,187,random,10,0.729796974522293,0,14,None,66,1,5,False,10,10
54183,188,random,10,0.7302945859872612,0,14,None,66,1,5,False,10,10
54184,189,random,10,0.7310907643312102,0,14,None,66,1,5,False,10,10
54185,185,random,10,0.7263136942675159,0,25,None,66,1,5,False,10,10
54186,186,random,10,0.7259156050955414,0,25,None,66,1,5,False,10,10
54187,187,random,10,0.7253184713375797,0,25,None,66,1,5,False,10,10
54188,188,random,10,0.7264132165605095,0,25,None,66,1,5,False,10,10
54189,189,random,10,0.7270103503184714,0,25,None,66,1,5,False,10,10
54190,185,random,10,0.7070063694267515,0,19,None,66,1,5,False,10,10
54191,186,random,10,0.7067078025477707,0,19,None,66,1,5,False,10,10
54192,187,random,10,0.7053144904458599,0,19,None,66,1,5,False,10,10
54193,188,random,10,0.7047173566878981,0,19,None,66,1,5,False,10,10
54194,189,random,10,0.70421974522293,0,19,None,66,1,5,False,10,10
54195,185,random,10,0.7386544585987261,0,21,None,66,1,5,False,10,10
54196,186,random,10,0.7396496815286624,0,21,None,66,1,5,False,10,10
54197,187,random,10,0.7398487261146497,0,21,None,66,1,5,False,10,10
54198,188,random,10,0.7398487261146497,0,21,None,66,1,5,False,10,10
54199,189,random,10,0.740843949044586,0,21,None,66,1,5,False,10,10
54200,185,random,10,0.7099920382165605,0,24,None,66,1,5,False,10,10
54201,186,random,10,0.7115843949044586,0,24,None,66,1,5,False,10,10
54202,187,random,10,0.713077229299363,0,24,None,66,1,5,False,10,10
54203,188,random,10,0.7137738853503185,0,24,None,66,1,5,False,10,10
54204,189,random,10,0.7146695859872612,0,24,None,66,1,5,False,10,10
54205,185,random,10,0.7409434713375797,0,30,None,66,1,5,False,10,10
54206,186,random,10,0.7421377388535032,0,30,None,66,1,5,False,10,10
54207,187,random,10,0.7429339171974523,0,30,None,66,1,5,False,10,10
54208,188,random,10,0.7434315286624203,0,30,None,66,1,5,False,10,10
54209,189,random,10,0.7441281847133758,0,30,None,66,1,5,False,10,10
54210,185,random,10,0.7079020700636943,0,27,None,66,1,5,False,10,10
54211,186,random,10,0.7085987261146497,0,27,None,66,1,5,False,10,10
54212,187,random,10,0.7106886942675159,0,27,None,66,1,5,False,10,10
54213,188,random,10,0.7117834394904459,0,27,None,66,1,5,False,10,10
54214,189,random,10,0.7128781847133758,0,27,None,66,1,5,False,10,10
54215,185,random,10,0.6769506369426752,0,31,None,66,1,5,False,10,10
54216,186,random,10,0.6874004777070064,0,31,None,66,1,5,False,10,10
54217,187,random,10,0.6934713375796179,0,31,None,66,1,5,False,10,10
54218,188,random,10,0.6975517515923567,0,31,None,66,1,5,False,10,10
54219,189,random,10,0.7008359872611465,0,31,None,66,1,5,False,10,10
54220,185,random,10,0.7211385350318471,0,28,None,66,1,5,False,10,10
54221,186,random,10,0.722531847133758,0,28,None,66,1,5,False,10,10
54222,187,random,10,0.7231289808917197,0,28,None,66,1,5,False,10,10
54223,188,random,10,0.7232285031847133,0,28,None,66,1,5,False,10,10
54224,189,random,10,0.7235270700636943,0,28,None,66,1,5,False,10,10
54225,185,random,10,0.7338773885350318,0,9,None,66,1,5,False,10,10
54226,186,random,10,0.73546974522293,0,9,None,66,1,5,False,10,10
54227,187,random,10,0.736265923566879,0,9,None,66,1,5,False,10,10
54228,188,random,10,0.7371616242038217,0,9,None,66,1,5,False,10,10
54229,189,random,10,0.7372611464968153,0,9,None,66,1,5,False,10,10
54230,185,random,10,0.7041202229299363,0,29,None,66,1,5,False,10,10
54231,186,random,10,0.7061106687898089,0,29,None,66,1,5,False,10,10
54232,187,random,10,0.7073049363057324,0,29,None,66,1,5,False,10,10
54233,188,random,10,0.7084992038216561,0,29,None,66,1,5,False,10,10
54234,189,random,10,0.7099920382165605,0,29,None,66,1,5,False,10,10
54235,185,random,10,0.7322850318471338,0,7,None,66,1,5,False,10,10
54236,186,random,10,0.7320859872611465,0,7,None,66,1,5,False,10,10
54237,187,random,10,0.7328821656050956,0,7,None,66,1,5,False,10,10
54238,188,random,10,0.7331807324840764,0,7,None,66,1,5,False,10,10
54239,189,random,10,0.7341759554140127,0,7,None,66,1,5,False,10,10
54240,185,random,10,0.7237261146496815,0,8,None,66,1,5,False,10,10
54241,186,random,10,0.7238256369426752,0,8,None,66,1,5,False,10,10
54242,187,random,10,0.7237261146496815,0,8,None,66,1,5,False,10,10
54243,188,random,10,0.7243232484076433,0,8,None,66,1,5,False,10,10
54244,189,random,10,0.7246218152866242,0,8,None,66,1,5,False,10,10
54245,185,random,10,0.6675955414012739,0,16,None,66,1,5,False,10,10
54246,186,random,10,0.669187898089172,0,16,None,66,1,5,False,10,10
54247,187,random,10,0.6709792993630573,0,16,None,66,1,5,False,10,10
54248,188,random,10,0.6722730891719745,0,16,None,66,1,5,False,10,10
54249,189,random,10,0.6727707006369427,0,16,None,66,1,5,False,10,10
54250,185,random,10,0.7208399681528662,0,1,None,66,1,5,False,10,10
54251,186,random,10,0.7204418789808917,0,1,None,66,1,5,False,10,10
54252,187,random,10,0.7203423566878981,0,1,None,66,1,5,False,10,10
54253,188,random,10,0.71984474522293,0,1,None,66,1,5,False,10,10
54254,189,random,10,0.7203423566878981,0,1,None,66,1,5,False,10,10
54255,185,random,10,0.740843949044586,0,0,None,66,1,5,False,10,10
54256,186,random,10,0.7417396496815286,0,0,None,66,1,5,False,10,10
54257,187,random,10,0.7432324840764332,0,0,None,66,1,5,False,10,10
54258,188,random,10,0.7431329617834395,0,0,None,66,1,5,False,10,10
54259,189,random,10,0.7437300955414012,0,0,None,66,1,5,False,10,10
54260,185,random,10,0.737062101910828,0,10,None,66,1,5,False,10,10
54261,186,random,10,0.7372611464968153,0,10,None,66,1,5,False,10,10
54262,187,random,10,0.7368630573248408,0,10,None,66,1,5,False,10,10
54263,188,random,10,0.7366640127388535,0,10,None,66,1,5,False,10,10
54264,189,random,10,0.7367635350318471,0,10,None,66,1,5,False,10,10
54265,185,random,10,0.7483081210191083,0,3,None,66,1,5,False,10,10
54266,186,random,10,0.7486066878980892,0,3,None,66,1,5,False,10,10
54267,187,random,10,0.7495023885350318,0,3,None,66,1,5,False,10,10
54268,188,random,10,0.7504976114649682,0,3,None,66,1,5,False,10,10
54269,189,random,10,0.7514928343949044,0,3,None,66,1,5,False,10,10
54270,185,random,10,0.7373606687898089,0,11,None,66,1,5,False,10,10
54271,186,random,10,0.7375597133757962,0,11,None,66,1,5,False,10,10
54272,187,random,10,0.7379578025477707,0,11,None,66,1,5,False,10,10
54273,188,random,10,0.7387539808917197,0,11,None,66,1,5,False,10,10
54274,189,random,10,0.738953025477707,0,11,None,66,1,5,False,10,10
54275,185,random,10,0.6997412420382165,0,17,None,66,1,5,False,10,10
54276,186,random,10,0.7003383757961783,0,17,None,66,1,5,False,10,10
54277,187,random,10,0.7006369426751592,0,17,None,66,1,5,False,10,10
54278,188,random,10,0.7003383757961783,0,17,None,66,1,5,False,10,10
54279,189,random,10,0.7003383757961783,0,17,None,66,1,5,False,10,10
54280,185,random,10,0.7405453821656051,0,2,None,66,1,5,False,10,10
54281,186,random,10,0.7422372611464968,0,2,None,66,1,5,False,10,10
54282,187,random,10,0.7437300955414012,0,2,None,66,1,5,False,10,10
54283,188,random,10,0.7446257961783439,0,2,None,66,1,5,False,10,10
54284,189,random,10,0.7450238853503185,0,2,None,66,1,5,False,10,10
54285,190,random,10,0.7219347133757962,0,1,None,66,1,5,False,10,10
54286,191,random,10,0.7213375796178344,0,1,None,66,1,5,False,10,10
54287,192,random,10,0.7215366242038217,0,1,None,66,1,5,False,10,10
54288,193,random,10,0.7216361464968153,0,1,None,66,1,5,False,10,10
54289,194,random,10,0.7219347133757962,0,1,None,66,1,5,False,10,10
54290,190,random,10,0.7395501592356688,0,2,None,66,1,5,False,10,10
54291,191,random,10,0.7403463375796179,0,2,None,66,1,5,False,10,10
54292,192,random,10,0.7411425159235668,0,2,None,66,1,5,False,10,10
54293,193,random,10,0.7423367834394905,0,2,None,66,1,5,False,10,10
54294,194,random,10,0.7432324840764332,0,2,None,66,1,5,False,10,10
54295,190,random,10,0.6940684713375797,0,5,None,66,1,5,False,10,10
54296,191,random,10,0.6936703821656051,0,5,None,66,1,5,False,10,10
54297,192,random,10,0.6945660828025477,0,5,None,66,1,5,False,10,10
54298,193,random,10,0.6946656050955414,0,5,None,66,1,5,False,10,10
54299,194,random,10,0.6949641719745223,0,5,None,66,1,5,False,10,10
54300,190,random,10,0.7371616242038217,0,9,None,66,1,5,False,10,10
54301,191,random,10,0.7385549363057324,0,9,None,66,1,5,False,10,10
54302,192,random,10,0.7380573248407644,0,9,None,66,1,5,False,10,10
54303,193,random,10,0.7387539808917197,0,9,None,66,1,5,False,10,10
54304,194,random,10,0.7392515923566879,0,9,None,66,1,5,False,10,10
54305,190,random,10,0.7218351910828026,0,23,None,66,1,5,False,10,10
54306,191,random,10,0.7221337579617835,0,23,None,66,1,5,False,10,10
54307,192,random,10,0.722531847133758,0,23,None,66,1,5,False,10,10
54308,193,random,10,0.7227308917197452,0,23,None,66,1,5,False,10,10
54309,194,random,10,0.723328025477707,0,23,None,66,1,5,False,10,10
54310,190,random,10,0.7224323248407644,0,28,None,66,1,5,False,10,10
54311,191,random,10,0.7229299363057324,0,28,None,66,1,5,False,10,10
54312,192,random,10,0.7234275477707006,0,28,None,66,1,5,False,10,10
54313,193,random,10,0.7242237261146497,0,28,None,66,1,5,False,10,10
54314,194,random,10,0.7237261146496815,0,28,None,66,1,5,False,10,10
54315,190,random,10,0.7040207006369427,0,29,None,66,1,5,False,10,10
54316,191,random,10,0.7072054140127388,0,29,None,66,1,5,False,10,10
54317,192,random,10,0.7091958598726115,0,29,None,66,1,5,False,10,10
54318,193,random,10,0.7104896496815286,0,29,None,66,1,5,False,10,10
54319,194,random,10,0.7113853503184714,0,29,None,66,1,5,False,10,10
54320,190,random,10,0.6698845541401274,0,16,None,66,1,5,False,10,10
54321,191,random,10,0.6705812101910829,0,16,None,66,1,5,False,10,10
54322,192,random,10,0.6722730891719745,0,16,None,66,1,5,False,10,10
54323,193,random,10,0.6734673566878981,0,16,None,66,1,5,False,10,10
54324,194,random,10,0.6746616242038217,0,16,None,66,1,5,False,10,10
54325,190,random,10,0.7346735668789809,0,7,None,66,1,5,False,10,10
54326,191,random,10,0.7356687898089171,0,7,None,66,1,5,False,10,10
54327,192,random,10,0.7363654458598726,0,7,None,66,1,5,False,10,10
54328,193,random,10,0.737062101910828,0,7,None,66,1,5,False,10,10
54329,194,random,10,0.7374601910828026,0,7,None,66,1,5,False,10,10
54330,190,random,10,0.7469148089171974,0,32,None,66,1,5,False,10,10
54331,191,random,10,0.748109076433121,0,32,None,66,1,5,False,10,10
54332,192,random,10,0.7484076433121019,0,32,None,66,1,5,False,10,10
54333,193,random,10,0.7480095541401274,0,32,None,66,1,5,False,10,10
54334,194,random,10,0.7484076433121019,0,32,None,66,1,5,False,10,10
54335,190,random,10,0.7394506369426752,0,11,None,66,1,5,False,10,10
54336,191,random,10,0.7415406050955414,0,11,None,66,1,5,False,10,10
54337,192,random,10,0.7407444267515924,0,11,None,66,1,5,False,10,10
54338,193,random,10,0.7399482484076433,0,11,None,66,1,5,False,10,10
54339,194,random,10,0.7405453821656051,0,11,None,66,1,5,False,10,10
54340,190,random,10,0.7340764331210191,0,13,None,66,1,5,False,10,10
54341,191,random,10,0.7367635350318471,0,13,None,66,1,5,False,10,10
54342,192,random,10,0.7375597133757962,0,13,None,66,1,5,False,10,10
54343,193,random,10,0.7379578025477707,0,13,None,66,1,5,False,10,10
54344,194,random,10,0.7383558917197452,0,13,None,66,1,5,False,10,10
54345,190,random,10,0.7345740445859873,0,12,None,66,1,5,False,10,10
54346,191,random,10,0.7348726114649682,0,12,None,66,1,5,False,10,10
54347,192,random,10,0.7355692675159236,0,12,None,66,1,5,False,10,10
54348,193,random,10,0.7353702229299363,0,12,None,66,1,5,False,10,10
54349,194,random,10,0.7358678343949044,0,12,None,66,1,5,False,10,10
54350,190,random,10,0.6938694267515924,0,26,None,66,1,5,False,10,10
54351,191,random,10,0.6943670382165605,0,26,None,66,1,5,False,10,10
54352,192,random,10,0.6952627388535032,0,26,None,66,1,5,False,10,10
54353,193,random,10,0.6960589171974523,0,26,None,66,1,5,False,10,10
54354,194,random,10,0.6959593949044586,0,26,None,66,1,5,False,10,10
54355,190,random,10,0.7281050955414012,0,25,None,66,1,5,False,10,10
54356,191,random,10,0.727109872611465,0,25,None,66,1,5,False,10,10
54357,192,random,10,0.7281050955414012,0,25,None,66,1,5,False,10,10
54358,193,random,10,0.728702229299363,0,25,None,66,1,5,False,10,10
54359,194,random,10,0.7292993630573248,0,25,None,66,1,5,False,10,10
54360,190,random,10,0.7085987261146497,0,20,None,66,1,5,False,10,10
54361,191,random,10,0.7084992038216561,0,20,None,66,1,5,False,10,10
54362,192,random,10,0.7090963375796179,0,20,None,66,1,5,False,10,10
54363,193,random,10,0.7090963375796179,0,20,None,66,1,5,False,10,10
54364,194,random,10,0.7104896496815286,0,20,None,66,1,5,False,10,10
54365,190,random,10,0.7153662420382165,0,18,None,66,1,5,False,10,10
54366,191,random,10,0.7155652866242038,0,18,None,66,1,5,False,10,10
54367,192,random,10,0.7165605095541401,0,18,None,66,1,5,False,10,10
54368,193,random,10,0.716859076433121,0,18,None,66,1,5,False,10,10
54369,194,random,10,0.7171576433121019,0,18,None,66,1,5,False,10,10
54370,190,random,10,0.7254179936305732,0,8,None,66,1,5,False,10,10
54371,191,random,10,0.7253184713375797,0,8,None,66,1,5,False,10,10
54372,192,random,10,0.7257165605095541,0,8,None,66,1,5,False,10,10
54373,193,random,10,0.7262141719745223,0,8,None,66,1,5,False,10,10
54374,194,random,10,0.7265127388535032,0,8,None,66,1,5,False,10,10
54375,190,random,10,0.679140127388535,0,31,None,66,1,5,False,10,10
54376,191,random,10,0.6884952229299363,0,31,None,66,1,5,False,10,10
54377,192,random,10,0.6932722929936306,0,31,None,66,1,5,False,10,10
54378,193,random,10,0.697452229299363,0,31,None,66,1,5,False,10,10
54379,194,random,10,0.7014331210191083,0,31,None,66,1,5,False,10,10
54380,190,random,10,0.7005374203821656,0,17,None,66,1,5,False,10,10
54381,191,random,10,0.700437898089172,0,17,None,66,1,5,False,10,10
54382,192,random,10,0.7011345541401274,0,17,None,66,1,5,False,10,10
54383,193,random,10,0.7019307324840764,0,17,None,66,1,5,False,10,10
54384,194,random,10,0.7021297770700637,0,17,None,66,1,5,False,10,10
54385,190,random,10,0.6776472929936306,0,6,None,66,1,5,False,10,10
54386,191,random,10,0.6780453821656051,0,6,None,66,1,5,False,10,10
54387,192,random,10,0.6781449044585988,0,6,None,66,1,5,False,10,10
54388,193,random,10,0.6781449044585988,0,6,None,66,1,5,False,10,10
54389,194,random,10,0.6785429936305732,0,6,None,66,1,5,False,10,10
54390,190,random,10,0.7101910828025477,0,27,None,66,1,5,False,10,10
54391,191,random,10,0.7120820063694268,0,27,None,66,1,5,False,10,10
54392,192,random,10,0.7125796178343949,0,27,None,66,1,5,False,10,10
54393,193,random,10,0.713077229299363,0,27,None,66,1,5,False,10,10
54394,194,random,10,0.7144705414012739,0,27,None,66,1,5,False,10,10
54395,190,random,10,0.7451234076433121,0,30,None,66,1,5,False,10,10
54396,191,random,10,0.746218152866242,0,30,None,66,1,5,False,10,10
54397,192,random,10,0.7474124203821656,0,30,None,66,1,5,False,10,10
54398,193,random,10,0.7480095541401274,0,30,None,66,1,5,False,10,10
54399,194,random,10,0.7477109872611465,0,30,None,66,1,5,False,10,10
54400,190,random,10,0.7067078025477707,0,19,None,66,1,5,False,10,10
54401,191,random,10,0.7062101910828026,0,19,None,66,1,5,False,10,10
54402,192,random,10,0.7039211783439491,0,19,None,66,1,5,False,10,10
54403,193,random,10,0.7024283439490446,0,19,None,66,1,5,False,10,10
54404,194,random,10,0.7008359872611465,0,19,None,66,1,5,False,10,10
54405,190,random,10,0.7396496815286624,0,21,None,66,1,5,False,10,10
54406,191,random,10,0.7383558917197452,0,21,None,66,1,5,False,10,10
54407,192,random,10,0.7390525477707006,0,21,None,66,1,5,False,10,10
54408,193,random,10,0.7404458598726115,0,21,None,66,1,5,False,10,10
54409,194,random,10,0.7418391719745223,0,21,None,66,1,5,False,10,10
54410,190,random,10,0.7091958598726115,0,24,None,66,1,5,False,10,10
54411,191,random,10,0.7117834394904459,0,24,None,66,1,5,False,10,10
54412,192,random,10,0.7135748407643312,0,24,None,66,1,5,False,10,10
54413,193,random,10,0.7151671974522293,0,24,None,66,1,5,False,10,10
54414,194,random,10,0.7161624203821656,0,24,None,66,1,5,False,10,10
54415,190,random,10,0.7415406050955414,0,0,None,66,1,5,False,10,10
54416,191,random,10,0.7430334394904459,0,0,None,66,1,5,False,10,10
54417,192,random,10,0.7440286624203821,0,0,None,66,1,5,False,10,10
54418,193,random,10,0.7448248407643312,0,0,None,66,1,5,False,10,10
54419,194,random,10,0.7453224522292994,0,0,None,66,1,5,False,10,10
54420,190,random,10,0.7376592356687898,0,10,None,66,1,5,False,10,10
54421,191,random,10,0.7365644904458599,0,10,None,66,1,5,False,10,10
54422,192,random,10,0.7364649681528662,0,10,None,66,1,5,False,10,10
54423,193,random,10,0.7371616242038217,0,10,None,66,1,5,False,10,10
54424,194,random,10,0.7367635350318471,0,10,None,66,1,5,False,10,10
54425,190,random,10,0.7497014331210191,0,3,None,66,1,5,False,10,10
54426,191,random,10,0.7506966560509554,0,3,None,66,1,5,False,10,10
54427,192,random,10,0.75109474522293,0,3,None,66,1,5,False,10,10
54428,193,random,10,0.7527866242038217,0,3,None,66,1,5,False,10,10
54429,194,random,10,0.7533837579617835,0,3,None,66,1,5,False,10,10
54430,190,random,10,0.7413415605095541,0,15,None,66,1,5,False,10,10
54431,191,random,10,0.7423367834394905,0,15,None,66,1,5,False,10,10
54432,192,random,10,0.7425358280254777,0,15,None,66,1,5,False,10,10
54433,193,random,10,0.7424363057324841,0,15,None,66,1,5,False,10,10
54434,194,random,10,0.7420382165605095,0,15,None,66,1,5,False,10,10
54435,195,random,10,0.7119824840764332,0,24,None,66,1,5,False,10,10
54436,196,random,10,0.7131767515923567,0,24,None,66,1,5,False,10,10
54437,197,random,10,0.716062898089172,0,24,None,66,1,5,False,10,10
54438,198,random,10,0.7182523885350318,0,24,None,66,1,5,False,10,10
54439,199,random,10,0.71875,0,24,None,66,1,5,False,10,10
54440,190,random,10,0.7319864649681529,0,14,None,66,1,5,False,10,10
54441,191,random,10,0.7323845541401274,0,14,None,66,1,5,False,10,10
54442,192,random,10,0.7325835987261147,0,14,None,66,1,5,False,10,10
54443,193,random,10,0.7326831210191083,0,14,None,66,1,5,False,10,10
54444,194,random,10,0.7334792993630573,0,14,None,66,1,5,False,10,10
54445,190,random,10,0.7424363057324841,0,22,None,66,1,5,False,10,10
54446,191,random,10,0.7434315286624203,0,22,None,66,1,5,False,10,10
54447,192,random,10,0.7432324840764332,0,22,None,66,1,5,False,10,10
54448,193,random,10,0.7438296178343949,0,22,None,66,1,5,False,10,10
54449,194,random,10,0.7442277070063694,0,22,None,66,1,5,False,10,10
54450,190,random,10,0.740047770700637,0,4,None,66,1,5,False,10,10
54451,191,random,10,0.7395501592356688,0,4,None,66,1,5,False,10,10
54452,192,random,10,0.7392515923566879,0,4,None,66,1,5,False,10,10
54453,193,random,10,0.738953025477707,0,4,None,66,1,5,False,10,10
54454,194,random,10,0.7395501592356688,0,4,None,66,1,5,False,10,10
54455,195,random,10,0.6824243630573248,0,31,None,66,1,5,False,10,10
54456,196,random,10,0.6897890127388535,0,31,None,66,1,5,False,10,10
54457,197,random,10,0.6945660828025477,0,31,None,66,1,5,False,10,10
54458,198,random,10,0.6983479299363057,0,31,None,66,1,5,False,10,10
54459,199,random,10,0.7030254777070064,0,31,None,66,1,5,False,10,10
54460,195,random,10,0.7455214968152867,0,22,None,66,1,5,False,10,10
54461,196,random,10,0.745421974522293,0,22,None,66,1,5,False,10,10
54462,197,random,10,0.745421974522293,0,22,None,66,1,5,False,10,10
54463,198,random,10,0.7461186305732485,0,22,None,66,1,5,False,10,10
54464,199,random,10,0.7461186305732485,0,22,None,66,1,5,False,10,10
54465,195,random,10,0.7241242038216561,0,1,None,66,1,5,False,10,10
54466,196,random,10,0.724422770700637,0,1,None,66,1,5,False,10,10
54467,197,random,10,0.7243232484076433,0,1,None,66,1,5,False,10,10
54468,198,random,10,0.7242237261146497,0,1,None,66,1,5,False,10,10
54469,199,random,10,0.7243232484076433,0,1,None,66,1,5,False,10,10
54470,195,random,10,0.7409434713375797,0,21,None,66,1,5,False,10,10
54471,196,random,10,0.7410429936305732,0,21,None,66,1,5,False,10,10
54472,197,random,10,0.7418391719745223,0,21,None,66,1,5,False,10,10
54473,198,random,10,0.7424363057324841,0,21,None,66,1,5,False,10,10
54474,199,random,10,0.7430334394904459,0,21,None,66,1,5,False,10,10
54475,195,random,10,0.7117834394904459,0,27,None,66,1,5,False,10,10
54476,196,random,10,0.7129777070063694,0,27,None,66,1,5,False,10,10
54477,197,random,10,0.7135748407643312,0,27,None,66,1,5,False,10,10
54478,198,random,10,0.7143710191082803,0,27,None,66,1,5,False,10,10
54479,199,random,10,0.7146695859872612,0,27,None,66,1,5,False,10,10
54480,195,random,10,0.7052149681528662,0,29,None,66,1,5,False,10,10
54481,196,random,10,0.7085987261146497,0,29,None,66,1,5,False,10,10
54482,197,random,10,0.7098925159235668,0,29,None,66,1,5,False,10,10
54483,198,random,10,0.7123805732484076,0,29,None,66,1,5,False,10,10
54484,199,random,10,0.7132762738853503,0,29,None,66,1,5,False,10,10
54485,195,random,10,0.7410429936305732,0,2,None,66,1,5,False,10,10
54486,196,random,10,0.7414410828025477,0,2,None,66,1,5,False,10,10
54487,197,random,10,0.7434315286624203,0,2,None,66,1,5,False,10,10
54488,198,random,10,0.7441281847133758,0,2,None,66,1,5,False,10,10
54489,199,random,10,0.7441281847133758,0,2,None,66,1,5,False,10,10
54490,195,random,10,0.7391520700636943,0,9,None,66,1,5,False,10,10
54491,196,random,10,0.7399482484076433,0,9,None,66,1,5,False,10,10
54492,197,random,10,0.7414410828025477,0,9,None,66,1,5,False,10,10
54493,198,random,10,0.7415406050955414,0,9,None,66,1,5,False,10,10
54494,199,random,10,0.741640127388535,0,9,None,66,1,5,False,10,10
54495,195,random,10,0.7030254777070064,0,17,None,66,1,5,False,10,10
54496,196,random,10,0.7032245222929936,0,17,None,66,1,5,False,10,10
54497,197,random,10,0.7032245222929936,0,17,None,66,1,5,False,10,10
54498,198,random,10,0.7035230891719745,0,17,None,66,1,5,False,10,10
54499,199,random,10,0.7040207006369427,0,17,None,66,1,5,False,10,10
54500,195,random,10,0.7245222929936306,0,28,None,66,1,5,False,10,10
54501,196,random,10,0.7256170382165605,0,28,None,66,1,5,False,10,10
54502,197,random,10,0.7258160828025477,0,28,None,66,1,5,False,10,10
54503,198,random,10,0.7269108280254777,0,28,None,66,1,5,False,10,10
54504,199,random,10,0.727906050955414,0,28,None,66,1,5,False,10,10
54505,195,random,10,0.6960589171974523,0,5,None,66,1,5,False,10,10
54506,196,random,10,0.6961584394904459,0,5,None,66,1,5,False,10,10
54507,197,random,10,0.6959593949044586,0,5,None,66,1,5,False,10,10
54508,198,random,10,0.6960589171974523,0,5,None,66,1,5,False,10,10
54509,199,random,10,0.6965565286624203,0,5,None,66,1,5,False,10,10
54510,195,random,10,0.7346735668789809,0,14,None,66,1,5,False,10,10
54511,196,random,10,0.7350716560509554,0,14,None,66,1,5,False,10,10
54512,197,random,10,0.736265923566879,0,14,None,66,1,5,False,10,10
54513,198,random,10,0.7366640127388535,0,14,None,66,1,5,False,10,10
54514,199,random,10,0.7378582802547771,0,14,None,66,1,5,False,10,10
54515,195,random,10,0.7474124203821656,0,30,None,66,1,5,False,10,10
54516,196,random,10,0.7487062101910829,0,30,None,66,1,5,False,10,10
54517,197,random,10,0.7487062101910829,0,30,None,66,1,5,False,10,10
54518,198,random,10,0.7490047770700637,0,30,None,66,1,5,False,10,10
54519,199,random,10,0.7494028662420382,0,30,None,66,1,5,False,10,10
54520,195,random,10,0.7108877388535032,0,20,None,66,1,5,False,10,10
54521,196,random,10,0.7108877388535032,0,20,None,66,1,5,False,10,10
54522,197,random,10,0.7110867834394905,0,20,None,66,1,5,False,10,10
54523,198,random,10,0.7118829617834395,0,20,None,66,1,5,False,10,10
54524,199,random,10,0.7112858280254777,0,20,None,66,1,5,False,10,10
54525,195,random,10,0.725218949044586,0,23,None,66,1,5,False,10,10
54526,196,random,10,0.7253184713375797,0,23,None,66,1,5,False,10,10
54527,197,random,10,0.7262141719745223,0,23,None,66,1,5,False,10,10
54528,198,random,10,0.7265127388535032,0,23,None,66,1,5,False,10,10
54529,199,random,10,0.7268113057324841,0,23,None,66,1,5,False,10,10
54530,195,random,10,0.7502985668789809,0,32,None,66,1,5,False,10,10
54531,196,random,10,0.7513933121019108,0,32,None,66,1,5,False,10,10
54532,197,random,10,0.7513933121019108,0,32,None,66,1,5,False,10,10
54533,198,random,10,0.7505971337579618,0,32,None,66,1,5,False,10,10
54534,199,random,10,0.7512937898089171,0,32,None,66,1,5,False,10,10
54535,195,random,10,0.7368630573248408,0,7,None,66,1,5,False,10,10
54536,196,random,10,0.7376592356687898,0,7,None,66,1,5,False,10,10
54537,197,random,10,0.7385549363057324,0,7,None,66,1,5,False,10,10
54538,198,random,10,0.738953025477707,0,7,None,66,1,5,False,10,10
54539,199,random,10,0.7387539808917197,0,7,None,66,1,5,False,10,10
54540,195,random,10,0.7365644904458599,0,12,None,66,1,5,False,10,10
54541,196,random,10,0.7373606687898089,0,12,None,66,1,5,False,10,10
54542,197,random,10,0.738156847133758,0,12,None,66,1,5,False,10,10
54543,198,random,10,0.7384554140127388,0,12,None,66,1,5,False,10,10
54544,199,random,10,0.7387539808917197,0,12,None,66,1,5,False,10,10
54545,195,random,10,0.6784434713375797,0,6,None,66,1,5,False,10,10
54546,196,random,10,0.6795382165605095,0,6,None,66,1,5,False,10,10
54547,197,random,10,0.6794386942675159,0,6,None,66,1,5,False,10,10
54548,198,random,10,0.6798367834394905,0,6,None,66,1,5,False,10,10
54549,199,random,10,0.680234872611465,0,6,None,66,1,5,False,10,10
54550,195,random,10,0.7364649681528662,0,13,None,66,1,5,False,10,10
54551,196,random,10,0.7382563694267515,0,13,None,66,1,5,False,10,10
54552,197,random,10,0.7386544585987261,0,13,None,66,1,5,False,10,10
54553,198,random,10,0.738953025477707,0,13,None,66,1,5,False,10,10
54554,199,random,10,0.7404458598726115,0,13,None,66,1,5,False,10,10
54555,195,random,10,0.7291998407643312,0,25,None,66,1,5,False,10,10
54556,196,random,10,0.7290007961783439,0,25,None,66,1,5,False,10,10
54557,197,random,10,0.729796974522293,0,25,None,66,1,5,False,10,10
54558,198,random,10,0.7310907643312102,0,25,None,66,1,5,False,10,10
54559,199,random,10,0.732484076433121,0,25,None,66,1,5,False,10,10
54560,195,random,10,0.6963574840764332,0,26,None,66,1,5,False,10,10
54561,196,random,10,0.6965565286624203,0,26,None,66,1,5,False,10,10
54562,197,random,10,0.6969546178343949,0,26,None,66,1,5,False,10,10
54563,198,random,10,0.6971536624203821,0,26,None,66,1,5,False,10,10
54564,199,random,10,0.6981488853503185,0,26,None,66,1,5,False,10,10
54565,195,random,10,0.7385549363057324,0,10,None,66,1,5,False,10,10
54566,196,random,10,0.7382563694267515,0,10,None,66,1,5,False,10,10
54567,197,random,10,0.7382563694267515,0,10,None,66,1,5,False,10,10
54568,198,random,10,0.7391520700636943,0,10,None,66,1,5,False,10,10
54569,199,random,10,0.7388535031847133,0,10,None,66,1,5,False,10,10
54570,195,random,10,0.752687101910828,0,3,None,66,1,5,False,10,10
54571,196,random,10,0.7529856687898089,0,3,None,66,1,5,False,10,10
54572,197,random,10,0.7539808917197452,0,3,None,66,1,5,False,10,10
54573,198,random,10,0.7542794585987261,0,3,None,66,1,5,False,10,10
54574,199,random,10,0.7551751592356688,0,3,None,66,1,5,False,10,10
54575,195,random,10,0.7418391719745223,0,11,None,66,1,5,False,10,10
54576,196,random,10,0.7432324840764332,0,11,None,66,1,5,False,10,10
54577,197,random,10,0.7434315286624203,0,11,None,66,1,5,False,10,10
54578,198,random,10,0.7434315286624203,0,11,None,66,1,5,False,10,10
54579,199,random,10,0.7437300955414012,0,11,None,66,1,5,False,10,10
54580,195,random,10,0.7429339171974523,0,15,None,66,1,5,False,10,10
54581,196,random,10,0.7436305732484076,0,15,None,66,1,5,False,10,10
54582,197,random,10,0.7432324840764332,0,15,None,66,1,5,False,10,10
54583,198,random,10,0.7432324840764332,0,15,None,66,1,5,False,10,10
54584,199,random,10,0.7436305732484076,0,15,None,66,1,5,False,10,10
54585,195,random,10,0.7419386942675159,0,4,None,66,1,5,False,10,10
54586,196,random,10,0.7410429936305732,0,4,None,66,1,5,False,10,10
54587,197,random,10,0.7403463375796179,0,4,None,66,1,5,False,10,10
54588,198,random,10,0.7405453821656051,0,4,None,66,1,5,False,10,10
54589,199,random,10,0.7404458598726115,0,4,None,66,1,5,False,10,10
54590,195,random,10,0.7450238853503185,0,0,None,66,1,5,False,10,10
54591,196,random,10,0.7463176751592356,0,0,None,66,1,5,False,10,10
54592,197,random,10,0.7472133757961783,0,0,None,66,1,5,False,10,10
54593,198,random,10,0.7466162420382165,0,0,None,66,1,5,False,10,10
54594,199,random,10,0.7467157643312102,0,0,None,66,1,5,False,10,10
54595,195,random,10,0.7275079617834395,0,8,None,66,1,5,False,10,10
54596,196,random,10,0.727906050955414,0,8,None,66,1,5,False,10,10
54597,197,random,10,0.7285031847133758,0,8,None,66,1,5,False,10,10
54598,198,random,10,0.7288017515923567,0,8,None,66,1,5,False,10,10
54599,199,random,10,0.7289012738853503,0,8,None,66,1,5,False,10,10
54600,195,random,10,0.6706807324840764,0,16,None,66,1,5,False,10,10
54601,196,random,10,0.6724721337579618,0,16,None,66,1,5,False,10,10
54602,197,random,10,0.6731687898089171,0,16,None,66,1,5,False,10,10
54603,198,random,10,0.6746616242038217,0,16,None,66,1,5,False,10,10
54604,199,random,10,0.6751592356687898,0,16,None,66,1,5,False,10,10
54605,195,random,10,0.7067078025477707,0,19,None,66,1,5,False,10,10
54606,196,random,10,0.706906847133758,0,19,None,66,1,5,False,10,10
54607,197,random,10,0.7060111464968153,0,19,None,66,1,5,False,10,10
54608,198,random,10,0.7023288216560509,0,19,None,66,1,5,False,10,10
54609,199,random,10,0.7014331210191083,0,19,None,66,1,5,False,10,10
54610,195,random,10,0.7164609872611465,0,18,None,66,1,5,False,10,10
54611,196,random,10,0.7175557324840764,0,18,None,66,1,5,False,10,10
54612,197,random,10,0.7174562101910829,0,18,None,66,1,5,False,10,10
54613,198,random,10,0.7175557324840764,0,18,None,66,1,5,False,10,10
54614,199,random,10,0.7175557324840764,0,18,None,66,1,5,False,10,10
0,0,weighted,10,0.2312898089171974,0,5,None,66,1,5,False,1000,1000
1,1,weighted,10,0.3213574840764331,0,5,None,66,1,5,False,1000,1000
2,2,weighted,10,0.4006767515923566,0,5,None,66,1,5,False,1000,1000
3,3,weighted,10,0.4385947452229299,0,5,None,66,1,5,False,1000,1000
4,4,weighted,10,0.4535230891719745,0,5,None,66,1,5,False,1000,1000
5,0,weighted,10,0.1346536624203821,0,10,None,66,1,5,False,1000,1000
6,1,weighted,10,0.2992635350318471,0,10,None,66,1,5,False,1000,1000
7,2,weighted,10,0.3097133757961783,0,10,None,66,1,5,False,1000,1000
8,3,weighted,10,0.3066281847133758,0,10,None,66,1,5,False,1000,1000
9,4,weighted,10,0.3009554140127388,0,10,None,66,1,5,False,1000,1000
10,0,weighted,10,0.1986464968152866,0,15,None,66,1,5,False,1000,1000
11,1,weighted,10,0.2821457006369426,0,15,None,66,1,5,False,1000,1000
12,2,weighted,10,0.2871218152866242,0,15,None,66,1,5,False,1000,1000
13,3,weighted,10,0.3315087579617834,0,15,None,66,1,5,False,1000,1000
14,4,weighted,10,0.3718152866242038,0,15,None,66,1,5,False,1000,1000
15,0,weighted,10,0.0995222929936305,0,16,None,66,1,5,False,1000,1000
16,1,weighted,10,0.1050955414012738,0,16,None,66,1,5,False,1000,1000
17,2,weighted,10,0.1873009554140127,0,16,None,66,1,5,False,1000,1000
18,3,weighted,10,0.2361664012738853,0,16,None,66,1,5,False,1000,1000
19,4,weighted,10,0.25,0,16,None,66,1,5,False,1000,1000
20,0,weighted,10,0.2123805732484076,0,11,None,66,1,5,False,1000,1000
21,1,weighted,10,0.2841361464968153,0,11,None,66,1,5,False,1000,1000
22,2,weighted,10,0.3998805732484076,0,11,None,66,1,5,False,1000,1000
23,3,weighted,10,0.4454617834394904,0,11,None,66,1,5,False,1000,1000
24,4,weighted,10,0.4521297770700637,0,11,None,66,1,5,False,1000,1000
25,0,weighted,10,0.1297770700636942,0,8,None,66,1,5,False,1000,1000
26,1,weighted,10,0.1025079617834394,0,8,None,66,1,5,False,1000,1000
27,2,weighted,10,0.1389331210191083,0,8,None,66,1,5,False,1000,1000
28,3,weighted,10,0.1619227707006369,0,8,None,66,1,5,False,1000,1000
29,4,weighted,10,0.1782444267515923,0,8,None,66,1,5,False,1000,1000
30,0,weighted,10,0.0995222929936305,0,20,None,66,1,5,False,1000,1000
31,1,weighted,10,0.0995222929936305,0,20,None,66,1,5,False,1000,1000
32,2,weighted,10,0.0995222929936305,0,20,None,66,1,5,False,1000,1000
33,3,weighted,10,0.1143511146496815,0,20,None,66,1,5,False,1000,1000
34,4,weighted,10,0.2407444267515923,0,20,None,66,1,5,False,1000,1000
35,0,weighted,10,0.1005175159235668,0,19,None,66,1,5,False,1000,1000
36,1,weighted,10,0.1073845541401273,0,19,None,66,1,5,False,1000,1000
37,2,weighted,10,0.21765525477707,0,19,None,66,1,5,False,1000,1000
38,3,weighted,10,0.3153861464968153,0,19,None,66,1,5,False,1000,1000
39,4,weighted,10,0.346437101910828,0,19,None,66,1,5,False,1000,1000
40,0,weighted,10,0.1738654458598726,0,22,None,66,1,5,False,1000,1000
41,1,weighted,10,0.2167595541401273,0,22,None,66,1,5,False,1000,1000
42,2,weighted,10,0.3082205414012738,0,22,None,66,1,5,False,1000,1000
43,3,weighted,10,0.3562898089171974,0,22,None,66,1,5,False,1000,1000
44,4,weighted,10,0.3782842356687898,0,22,None,66,1,5,False,1000,1000
45,0,weighted,10,0.1115644904458598,0,14,None,66,1,5,False,1000,1000
46,1,weighted,10,0.2087977707006369,0,14,None,66,1,5,False,1000,1000
47,2,weighted,10,0.2963773885350318,0,14,None,66,1,5,False,1000,1000
48,3,weighted,10,0.3577826433121019,0,14,None,66,1,5,False,1000,1000
49,4,weighted,10,0.3932125796178344,0,14,None,66,1,5,False,1000,1000
50,0,weighted,10,0.0860867834394904,0,23,None,66,1,5,False,1000,1000
51,1,weighted,10,0.3427547770700637,0,23,None,66,1,5,False,1000,1000
52,2,weighted,10,0.455015923566879,0,23,None,66,1,5,False,1000,1000
53,3,weighted,10,0.4923367834394904,0,23,None,66,1,5,False,1000,1000
54,4,weighted,10,0.5050756369426752,0,23,None,66,1,5,False,1000,1000
55,0,weighted,10,0.2284036624203821,0,17,None,66,1,5,False,1000,1000
56,1,weighted,10,0.259156050955414,0,17,None,66,1,5,False,1000,1000
57,2,weighted,10,0.2869227707006369,0,17,None,66,1,5,False,1000,1000
58,3,weighted,10,0.3428542993630573,0,17,None,66,1,5,False,1000,1000
59,4,weighted,10,0.3917197452229299,0,17,None,66,1,5,False,1000,1000
60,0,weighted,10,0.0998208598726114,0,21,None,66,1,5,False,1000,1000
61,1,weighted,10,0.1529657643312102,0,21,None,66,1,5,False,1000,1000
62,2,weighted,10,0.2275079617834395,0,21,None,66,1,5,False,1000,1000
63,3,weighted,10,0.2802547770700637,0,21,None,66,1,5,False,1000,1000
64,4,weighted,10,0.3213574840764331,0,21,None,66,1,5,False,1000,1000
65,0,weighted,10,0.1593351910828025,0,28,None,66,1,5,False,1000,1000
66,1,weighted,10,0.2619426751592357,0,28,None,66,1,5,False,1000,1000
67,2,weighted,10,0.3017515923566879,0,28,None,66,1,5,False,1000,1000
68,3,weighted,10,0.3128980891719745,0,28,None,66,1,5,False,1000,1000
69,4,weighted,10,0.325139331210191,0,28,None,66,1,5,False,1000,1000
70,0,weighted,10,0.1584394904458598,0,24,None,66,1,5,False,1000,1000
71,1,weighted,10,0.2771695859872611,0,24,None,66,1,5,False,1000,1000
72,2,weighted,10,0.3001592356687898,0,24,None,66,1,5,False,1000,1000
73,3,weighted,10,0.3509156050955414,0,24,None,66,1,5,False,1000,1000
74,4,weighted,10,0.3946058917197452,0,24,None,66,1,5,False,1000,1000
75,0,weighted,10,0.2635350318471338,0,29,None,66,1,5,False,1000,1000
76,1,weighted,10,0.3468351910828025,0,29,None,66,1,5,False,1000,1000
77,2,weighted,10,0.416202229299363,0,29,None,66,1,5,False,1000,1000
78,3,weighted,10,0.4232683121019108,0,29,None,66,1,5,False,1000,1000
79,4,weighted,10,0.4213773885350318,0,29,None,66,1,5,False,1000,1000
80,0,weighted,10,0.1970541401273885,0,9,None,66,1,5,False,1000,1000
81,1,weighted,10,0.1915804140127388,0,9,None,66,1,5,False,1000,1000
82,2,weighted,10,0.1912818471337579,0,9,None,66,1,5,False,1000,1000
83,3,weighted,10,0.210390127388535,0,9,None,66,1,5,False,1000,1000
84,4,weighted,10,0.2119824840764331,0,9,None,66,1,5,False,1000,1000
85,0,weighted,10,0.2337778662420382,0,4,None,66,1,5,False,1000,1000
86,1,weighted,10,0.3889331210191082,0,4,None,66,1,5,False,1000,1000
87,2,weighted,10,0.4515326433121019,0,4,None,66,1,5,False,1000,1000
88,3,weighted,10,0.4424761146496815,0,4,None,66,1,5,False,1000,1000
89,4,weighted,10,0.4251592356687898,0,4,None,66,1,5,False,1000,1000
90,0,weighted,10,0.1992436305732484,0,7,None,66,1,5,False,1000,1000
91,1,weighted,10,0.3331011146496815,0,7,None,66,1,5,False,1000,1000
92,2,weighted,10,0.3735071656050955,0,7,None,66,1,5,False,1000,1000
93,3,weighted,10,0.4050557324840764,0,7,None,66,1,5,False,1000,1000
94,4,weighted,10,0.4408837579617834,0,7,None,66,1,5,False,1000,1000
95,0,weighted,10,0.1086783439490445,0,32,None,66,1,5,False,1000,1000
96,1,weighted,10,0.1057921974522293,0,32,None,66,1,5,False,1000,1000
97,2,weighted,10,0.1876990445859872,0,32,None,66,1,5,False,1000,1000
98,3,weighted,10,0.2863256369426751,0,32,None,66,1,5,False,1000,1000
99,4,weighted,10,0.3586783439490446,0,32,None,66,1,5,False,1000,1000
100,0,weighted,10,0.136843152866242,0,2,None,66,1,5,False,1000,1000
101,1,weighted,10,0.2384554140127388,0,2,None,66,1,5,False,1000,1000
102,2,weighted,10,0.4066480891719745,0,2,None,66,1,5,False,1000,1000
103,3,weighted,10,0.4997014331210191,0,2,None,66,1,5,False,1000,1000
104,4,weighted,10,0.5188097133757962,0,2,None,66,1,5,False,1000,1000
105,0,weighted,10,0.2457205414012739,0,1,None,66,1,5,False,1000,1000
106,1,weighted,10,0.1251990445859872,0,1,None,66,1,5,False,1000,1000
107,2,weighted,10,0.1022093949044586,0,1,None,66,1,5,False,1000,1000
108,3,weighted,10,0.1012141719745222,0,1,None,66,1,5,False,1000,1000
109,4,weighted,10,0.1057921974522293,0,1,None,66,1,5,False,1000,1000
110,0,weighted,10,0.219546178343949,0,0,None,66,1,5,False,1000,1000
111,1,weighted,10,0.3701234076433121,0,0,None,66,1,5,False,1000,1000
112,2,weighted,10,0.4758160828025478,0,0,None,66,1,5,False,1000,1000
113,3,weighted,10,0.5221934713375797,0,0,None,66,1,5,False,1000,1000
114,4,weighted,10,0.546875,0,0,None,66,1,5,False,1000,1000
115,0,weighted,10,0.169984076433121,0,12,None,66,1,5,False,1000,1000
116,1,weighted,10,0.2156648089171974,0,12,None,66,1,5,False,1000,1000
117,2,weighted,10,0.2796576433121019,0,12,None,66,1,5,False,1000,1000
118,3,weighted,10,0.3756966560509554,0,12,None,66,1,5,False,1000,1000
119,4,weighted,10,0.4227707006369426,0,12,None,66,1,5,False,1000,1000
120,0,weighted,10,0.1240047770700636,0,3,None,66,1,5,False,1000,1000
121,1,weighted,10,0.1959593949044586,0,3,None,66,1,5,False,1000,1000
122,2,weighted,10,0.2258160828025477,0,3,None,66,1,5,False,1000,1000
123,3,weighted,10,0.2992635350318471,0,3,None,66,1,5,False,1000,1000
124,4,weighted,10,0.3842555732484076,0,3,None,66,1,5,False,1000,1000
125,0,weighted,10,0.1646098726114649,0,13,None,66,1,5,False,1000,1000
126,1,weighted,10,0.3156847133757962,0,13,None,66,1,5,False,1000,1000
127,2,weighted,10,0.3813694267515923,0,13,None,66,1,5,False,1000,1000
128,3,weighted,10,0.4338176751592357,0,13,None,66,1,5,False,1000,1000
129,4,weighted,10,0.4612858280254777,0,13,None,66,1,5,False,1000,1000
130,0,weighted,10,0.166202229299363,0,25,None,66,1,5,False,1000,1000
131,1,weighted,10,0.1797372611464968,0,25,None,66,1,5,False,1000,1000
132,2,weighted,10,0.1996417197452229,0,25,None,66,1,5,False,1000,1000
133,3,weighted,10,0.2811504777070063,0,25,None,66,1,5,False,1000,1000
134,4,weighted,10,0.3389729299363057,0,25,None,66,1,5,False,1000,1000
135,0,weighted,10,0.1981488853503184,0,26,None,66,1,5,False,1000,1000
136,1,weighted,10,0.2504976114649681,0,26,None,66,1,5,False,1000,1000
137,2,weighted,10,0.3248407643312102,0,26,None,66,1,5,False,1000,1000
138,3,weighted,10,0.3965963375796178,0,26,None,66,1,5,False,1000,1000
139,4,weighted,10,0.429140127388535,0,26,None,66,1,5,False,1000,1000
140,0,weighted,10,0.2100915605095541,0,30,None,66,1,5,False,1000,1000
141,1,weighted,10,0.3082205414012738,0,30,None,66,1,5,False,1000,1000
142,2,weighted,10,0.4004777070063694,0,30,None,66,1,5,False,1000,1000
143,3,weighted,10,0.4027667197452229,0,30,None,66,1,5,False,1000,1000
144,4,weighted,10,0.3940087579617834,0,30,None,66,1,5,False,1000,1000
145,0,weighted,10,0.2694068471337579,0,6,None,66,1,5,False,1000,1000
146,1,weighted,10,0.2860270700636942,0,6,None,66,1,5,False,1000,1000
147,2,weighted,10,0.3342953821656051,0,6,None,66,1,5,False,1000,1000
148,3,weighted,10,0.4145103503184713,0,6,None,66,1,5,False,1000,1000
149,4,weighted,10,0.4377985668789809,0,6,None,66,1,5,False,1000,1000
150,0,weighted,10,0.242436305732484,0,18,None,66,1,5,False,1000,1000
151,1,weighted,10,0.2472133757961783,0,18,None,66,1,5,False,1000,1000
152,2,weighted,10,0.2524880573248407,0,18,None,66,1,5,False,1000,1000
153,3,weighted,10,0.259952229299363,0,18,None,66,1,5,False,1000,1000
154,4,weighted,10,0.2888136942675159,0,18,None,66,1,5,False,1000,1000
155,0,weighted,10,0.0996218152866242,0,27,None,66,1,5,False,1000,1000
156,1,weighted,10,0.1069864649681528,0,27,None,66,1,5,False,1000,1000
157,2,weighted,10,0.1870023885350318,0,27,None,66,1,5,False,1000,1000
158,3,weighted,10,0.2690087579617834,0,27,None,66,1,5,False,1000,1000
159,4,weighted,10,0.3322054140127388,0,27,None,66,1,5,False,1000,1000
160,0,weighted,10,0.1000199044585987,0,31,None,66,1,5,False,1000,1000
161,1,weighted,10,0.1196257961783439,0,31,None,66,1,5,False,1000,1000
162,2,weighted,10,0.1784434713375796,0,31,None,66,1,5,False,1000,1000
163,3,weighted,10,0.2230294585987261,0,31,None,66,1,5,False,1000,1000
164,4,weighted,10,0.2538813694267516,0,31,None,66,1,5,False,1000,1000
165,5,weighted,10,0.0995222929936305,0,32,None,66,1,5,False,1000,1000
166,6,weighted,10,0.0995222929936305,0,32,None,66,1,5,False,1000,1000
167,7,weighted,10,0.0995222929936305,0,32,None,66,1,5,False,1000,1000
168,8,weighted,10,0.0995222929936305,0,32,None,66,1,5,False,1000,1000
169,9,weighted,10,0.0995222929936305,0,32,None,66,1,5,False,1000,1000
170,5,weighted,10,0.0995222929936305,0,26,None,66,1,5,False,1000,1000
171,6,weighted,10,0.0995222929936305,0,26,None,66,1,5,False,1000,1000
172,7,weighted,10,0.0995222929936305,0,26,None,66,1,5,False,1000,1000
173,8,weighted,10,0.112062101910828,0,26,None,66,1,5,False,1000,1000
174,9,weighted,10,0.1333598726114649,0,26,None,66,1,5,False,1000,1000
175,5,weighted,10,0.1792396496815286,0,22,None,66,1,5,False,1000,1000
176,6,weighted,10,0.1845143312101911,0,22,None,66,1,5,False,1000,1000
177,7,weighted,10,0.232484076433121,0,22,None,66,1,5,False,1000,1000
178,8,weighted,10,0.270203025477707,0,22,None,66,1,5,False,1000,1000
179,9,weighted,10,0.2554737261146497,0,22,None,66,1,5,False,1000,1000
180,5,weighted,10,0.0995222929936305,0,7,None,66,1,5,False,1000,1000
181,6,weighted,10,0.1002189490445859,0,7,None,66,1,5,False,1000,1000
182,7,weighted,10,0.0995222929936305,0,7,None,66,1,5,False,1000,1000
183,8,weighted,10,0.0995222929936305,0,7,None,66,1,5,False,1000,1000
184,9,weighted,10,0.0995222929936305,0,7,None,66,1,5,False,1000,1000
185,5,weighted,10,0.1922770700636942,0,10,None,66,1,5,False,1000,1000
186,6,weighted,10,0.192874203821656,0,10,None,66,1,5,False,1000,1000
187,7,weighted,10,0.1309713375796178,0,10,None,66,1,5,False,1000,1000
188,8,weighted,10,0.0997213375796178,0,10,None,66,1,5,False,1000,1000
189,9,weighted,10,0.0995222929936305,0,10,None,66,1,5,False,1000,1000
190,5,weighted,10,0.1559514331210191,0,11,None,66,1,5,False,1000,1000
191,6,weighted,10,0.0995222929936305,0,11,None,66,1,5,False,1000,1000
192,7,weighted,10,0.0995222929936305,0,11,None,66,1,5,False,1000,1000
193,8,weighted,10,0.0995222929936305,0,11,None,66,1,5,False,1000,1000
194,9,weighted,10,0.0995222929936305,0,11,None,66,1,5,False,1000,1000
195,5,weighted,10,0.1261942675159235,0,12,None,66,1,5,False,1000,1000
196,6,weighted,10,0.1352507961783439,0,12,None,66,1,5,False,1000,1000
197,7,weighted,10,0.1831210191082802,0,12,None,66,1,5,False,1000,1000
198,8,weighted,10,0.1041998407643312,0,12,None,66,1,5,False,1000,1000
199,9,weighted,10,0.0995222929936305,0,12,None,66,1,5,False,1000,1000
200,5,weighted,10,0.0995222929936305,0,15,None,66,1,5,False,1000,1000
201,6,weighted,10,0.0995222929936305,0,15,None,66,1,5,False,1000,1000
202,7,weighted,10,0.0995222929936305,0,15,None,66,1,5,False,1000,1000
203,8,weighted,10,0.0996218152866242,0,15,None,66,1,5,False,1000,1000
204,9,weighted,10,0.1034036624203821,0,15,None,66,1,5,False,1000,1000
205,5,weighted,10,0.0995222929936305,0,20,None,66,1,5,False,1000,1000
206,6,weighted,10,0.114749203821656,0,20,None,66,1,5,False,1000,1000
207,7,weighted,10,0.1489848726114649,0,20,None,66,1,5,False,1000,1000
208,8,weighted,10,0.1944665605095541,0,20,None,66,1,5,False,1000,1000
209,9,weighted,10,0.2428343949044586,0,20,None,66,1,5,False,1000,1000
210,5,weighted,10,0.0995222929936305,0,16,None,66,1,5,False,1000,1000
211,6,weighted,10,0.0995222929936305,0,16,None,66,1,5,False,1000,1000
212,7,weighted,10,0.0995222929936305,0,16,None,66,1,5,False,1000,1000
213,8,weighted,10,0.0995222929936305,0,16,None,66,1,5,False,1000,1000
214,9,weighted,10,0.0995222929936305,0,16,None,66,1,5,False,1000,1000
215,5,weighted,10,0.1025079617834394,0,19,None,66,1,5,False,1000,1000
216,6,weighted,10,0.0995222929936305,0,19,None,66,1,5,False,1000,1000
217,7,weighted,10,0.0995222929936305,0,19,None,66,1,5,False,1000,1000
218,8,weighted,10,0.0995222929936305,0,19,None,66,1,5,False,1000,1000
219,9,weighted,10,0.0995222929936305,0,19,None,66,1,5,False,1000,1000
220,5,weighted,10,0.1076831210191082,0,18,None,66,1,5,False,1000,1000
221,6,weighted,10,0.1019108280254777,0,18,None,66,1,5,False,1000,1000
222,7,weighted,10,0.1003184713375796,0,18,None,66,1,5,False,1000,1000
223,8,weighted,10,0.0999203821656051,0,18,None,66,1,5,False,1000,1000
224,9,weighted,10,0.0997213375796178,0,18,None,66,1,5,False,1000,1000
225,5,weighted,10,0.0995222929936305,0,6,None,66,1,5,False,1000,1000
226,6,weighted,10,0.0995222929936305,0,6,None,66,1,5,False,1000,1000
227,7,weighted,10,0.0999203821656051,0,6,None,66,1,5,False,1000,1000
228,8,weighted,10,0.1443073248407643,0,6,None,66,1,5,False,1000,1000
229,9,weighted,10,0.1062898089171974,0,6,None,66,1,5,False,1000,1000
230,5,weighted,10,0.305234872611465,0,2,None,66,1,5,False,1000,1000
231,6,weighted,10,0.3752985668789809,0,2,None,66,1,5,False,1000,1000
232,7,weighted,10,0.4500398089171974,0,2,None,66,1,5,False,1000,1000
233,8,weighted,10,0.3329020700636942,0,2,None,66,1,5,False,1000,1000
234,9,weighted,10,0.2909036624203822,0,2,None,66,1,5,False,1000,1000
235,5,weighted,10,0.1000199044585987,0,1,None,66,1,5,False,1000,1000
236,6,weighted,10,0.0995222929936305,0,1,None,66,1,5,False,1000,1000
237,7,weighted,10,0.0995222929936305,0,1,None,66,1,5,False,1000,1000
238,8,weighted,10,0.0995222929936305,0,1,None,66,1,5,False,1000,1000
239,9,weighted,10,0.0995222929936305,0,1,None,66,1,5,False,1000,1000
240,5,weighted,10,0.0995222929936305,0,5,None,66,1,5,False,1000,1000
241,6,weighted,10,0.0995222929936305,0,5,None,66,1,5,False,1000,1000
242,7,weighted,10,0.0995222929936305,0,5,None,66,1,5,False,1000,1000
243,8,weighted,10,0.0995222929936305,0,5,None,66,1,5,False,1000,1000
244,9,weighted,10,0.0996218152866242,0,5,None,66,1,5,False,1000,1000
245,5,weighted,10,0.0995222929936305,0,4,None,66,1,5,False,1000,1000
246,6,weighted,10,0.0995222929936305,0,4,None,66,1,5,False,1000,1000
247,7,weighted,10,0.0995222929936305,0,4,None,66,1,5,False,1000,1000
248,8,weighted,10,0.0995222929936305,0,4,None,66,1,5,False,1000,1000
249,9,weighted,10,0.0995222929936305,0,4,None,66,1,5,False,1000,1000
250,5,weighted,10,0.0995222929936305,0,8,None,66,1,5,False,1000,1000
251,6,weighted,10,0.0995222929936305,0,8,None,66,1,5,False,1000,1000
252,7,weighted,10,0.0995222929936305,0,8,None,66,1,5,False,1000,1000
253,8,weighted,10,0.0995222929936305,0,8,None,66,1,5,False,1000,1000
254,9,weighted,10,0.0995222929936305,0,8,None,66,1,5,False,1000,1000
255,5,weighted,10,0.1421178343949044,0,13,None,66,1,5,False,1000,1000
256,6,weighted,10,0.138734076433121,0,13,None,66,1,5,False,1000,1000
257,7,weighted,10,0.160828025477707,0,13,None,66,1,5,False,1000,1000
258,8,weighted,10,0.1778463375796178,0,13,None,66,1,5,False,1000,1000
259,9,weighted,10,0.1756568471337579,0,13,None,66,1,5,False,1000,1000
260,5,weighted,10,0.1970541401273885,0,23,None,66,1,5,False,1000,1000
261,6,weighted,10,0.197452229299363,0,23,None,66,1,5,False,1000,1000
262,7,weighted,10,0.2395501592356688,0,23,None,66,1,5,False,1000,1000
263,8,weighted,10,0.3484275477707006,0,23,None,66,1,5,False,1000,1000
264,9,weighted,10,0.4007762738853503,0,23,None,66,1,5,False,1000,1000
265,5,weighted,10,0.1921775477707006,0,28,None,66,1,5,False,1000,1000
266,6,weighted,10,0.185609076433121,0,28,None,66,1,5,False,1000,1000
267,7,weighted,10,0.1733678343949044,0,28,None,66,1,5,False,1000,1000
268,8,weighted,10,0.1581409235668789,0,28,None,66,1,5,False,1000,1000
269,9,weighted,10,0.1454020700636942,0,28,None,66,1,5,False,1000,1000
270,5,weighted,10,0.0995222929936305,0,9,None,66,1,5,False,1000,1000
271,6,weighted,10,0.0995222929936305,0,9,None,66,1,5,False,1000,1000
272,7,weighted,10,0.0995222929936305,0,9,None,66,1,5,False,1000,1000
273,8,weighted,10,0.0995222929936305,0,9,None,66,1,5,False,1000,1000
274,9,weighted,10,0.1990445859872611,0,9,None,66,1,5,False,1000,1000
275,5,weighted,10,0.0995222929936305,0,14,None,66,1,5,False,1000,1000
276,6,weighted,10,0.0995222929936305,0,14,None,66,1,5,False,1000,1000
277,7,weighted,10,0.0995222929936305,0,14,None,66,1,5,False,1000,1000
278,8,weighted,10,0.0995222929936305,0,14,None,66,1,5,False,1000,1000
279,9,weighted,10,0.0995222929936305,0,14,None,66,1,5,False,1000,1000
280,5,weighted,10,0.0995222929936305,0,3,None,66,1,5,False,1000,1000
281,6,weighted,10,0.0995222929936305,0,3,None,66,1,5,False,1000,1000
282,7,weighted,10,0.1418192675159235,0,3,None,66,1,5,False,1000,1000
283,8,weighted,10,0.0995222929936305,0,3,None,66,1,5,False,1000,1000
284,9,weighted,10,0.0995222929936305,0,3,None,66,1,5,False,1000,1000
285,5,weighted,10,0.1828224522292993,0,25,None,66,1,5,False,1000,1000
286,6,weighted,10,0.1831210191082802,0,25,None,66,1,5,False,1000,1000
287,7,weighted,10,0.1863057324840764,0,25,None,66,1,5,False,1000,1000
288,8,weighted,10,0.1869028662420382,0,25,None,66,1,5,False,1000,1000
289,9,weighted,10,0.1858081210191083,0,25,None,66,1,5,False,1000,1000
290,5,weighted,10,0.0995222929936305,0,29,None,66,1,5,False,1000,1000
291,6,weighted,10,0.0995222929936305,0,29,None,66,1,5,False,1000,1000
292,7,weighted,10,0.0995222929936305,0,29,None,66,1,5,False,1000,1000
293,8,weighted,10,0.0995222929936305,0,29,None,66,1,5,False,1000,1000
294,9,weighted,10,0.0995222929936305,0,29,None,66,1,5,False,1000,1000
295,5,weighted,10,0.1457006369426751,0,30,None,66,1,5,False,1000,1000
296,6,weighted,10,0.1444068471337579,0,30,None,66,1,5,False,1000,1000
297,7,weighted,10,0.1458996815286624,0,30,None,66,1,5,False,1000,1000
298,8,weighted,10,0.1649084394904458,0,30,None,66,1,5,False,1000,1000
299,9,weighted,10,0.2019307324840764,0,30,None,66,1,5,False,1000,1000
300,5,weighted,10,0.206608280254777,0,31,None,66,1,5,False,1000,1000
301,6,weighted,10,0.1793391719745223,0,31,None,66,1,5,False,1000,1000
302,7,weighted,10,0.188296178343949,0,31,None,66,1,5,False,1000,1000
303,8,weighted,10,0.1918789808917197,0,31,None,66,1,5,False,1000,1000
304,9,weighted,10,0.1942675159235669,0,31,None,66,1,5,False,1000,1000
305,5,weighted,10,0.0995222929936305,0,0,None,66,1,5,False,1000,1000
306,6,weighted,10,0.0995222929936305,0,0,None,66,1,5,False,1000,1000
307,7,weighted,10,0.0995222929936305,0,0,None,66,1,5,False,1000,1000
308,8,weighted,10,0.0995222929936305,0,0,None,66,1,5,False,1000,1000
309,9,weighted,10,0.0995222929936305,0,0,None,66,1,5,False,1000,1000
310,10,weighted,10,0.0995222929936305,0,26,None,66,1,5,False,1000,1000
311,11,weighted,10,0.1004179936305732,0,26,None,66,1,5,False,1000,1000
312,12,weighted,10,0.1058917197452229,0,26,None,66,1,5,False,1000,1000
313,13,weighted,10,0.1142515923566879,0,26,None,66,1,5,False,1000,1000
314,14,weighted,10,0.1263933121019108,0,26,None,66,1,5,False,1000,1000
315,10,weighted,10,0.0995222929936305,0,22,None,66,1,5,False,1000,1000
316,11,weighted,10,0.0995222929936305,0,22,None,66,1,5,False,1000,1000
317,12,weighted,10,0.0995222929936305,0,22,None,66,1,5,False,1000,1000
318,13,weighted,10,0.1898885350318471,0,22,None,66,1,5,False,1000,1000
319,14,weighted,10,0.1932722929936305,0,22,None,66,1,5,False,1000,1000
320,10,weighted,10,0.0995222929936305,0,32,None,66,1,5,False,1000,1000
321,11,weighted,10,0.0995222929936305,0,32,None,66,1,5,False,1000,1000
322,12,weighted,10,0.0995222929936305,0,32,None,66,1,5,False,1000,1000
323,13,weighted,10,0.0995222929936305,0,32,None,66,1,5,False,1000,1000
324,14,weighted,10,0.0995222929936305,0,32,None,66,1,5,False,1000,1000
325,10,weighted,10,0.0995222929936305,0,16,None,66,1,5,False,1000,1000
326,11,weighted,10,0.0995222929936305,0,16,None,66,1,5,False,1000,1000
327,12,weighted,10,0.0995222929936305,0,16,None,66,1,5,False,1000,1000
328,13,weighted,10,0.0995222929936305,0,16,None,66,1,5,False,1000,1000
329,14,weighted,10,0.0995222929936305,0,16,None,66,1,5,False,1000,1000
330,5,weighted,10,0.1948646496815286,0,17,None,66,1,5,False,1000,1000
331,6,weighted,10,0.1953622611464968,0,17,None,66,1,5,False,1000,1000
332,7,weighted,10,0.1679936305732484,0,17,None,66,1,5,False,1000,1000
333,8,weighted,10,0.1678941082802547,0,17,None,66,1,5,False,1000,1000
334,9,weighted,10,0.1831210191082802,0,17,None,66,1,5,False,1000,1000
335,5,weighted,10,0.1106687898089172,0,21,None,66,1,5,False,1000,1000
336,6,weighted,10,0.1014132165605095,0,21,None,66,1,5,False,1000,1000
337,7,weighted,10,0.0995222929936305,0,21,None,66,1,5,False,1000,1000
338,8,weighted,10,0.1051950636942675,0,21,None,66,1,5,False,1000,1000
339,9,weighted,10,0.136046974522293,0,21,None,66,1,5,False,1000,1000
340,5,weighted,10,0.0995222929936305,0,24,None,66,1,5,False,1000,1000
341,6,weighted,10,0.0995222929936305,0,24,None,66,1,5,False,1000,1000
342,7,weighted,10,0.0995222929936305,0,24,None,66,1,5,False,1000,1000
343,8,weighted,10,0.0995222929936305,0,24,None,66,1,5,False,1000,1000
344,9,weighted,10,0.1094745222929936,0,24,None,66,1,5,False,1000,1000
345,5,weighted,10,0.1195262738853503,0,27,None,66,1,5,False,1000,1000
346,6,weighted,10,0.182921974522293,0,27,None,66,1,5,False,1000,1000
347,7,weighted,10,0.0995222929936305,0,27,None,66,1,5,False,1000,1000
348,8,weighted,10,0.0995222929936305,0,27,None,66,1,5,False,1000,1000
349,9,weighted,10,0.0995222929936305,0,27,None,66,1,5,False,1000,1000
350,10,weighted,10,0.1603304140127388,0,7,None,66,1,5,False,1000,1000
351,11,weighted,10,0.0995222929936305,0,7,None,66,1,5,False,1000,1000
352,12,weighted,10,0.0995222929936305,0,7,None,66,1,5,False,1000,1000
353,13,weighted,10,0.0995222929936305,0,7,None,66,1,5,False,1000,1000
354,14,weighted,10,0.0995222929936305,0,7,None,66,1,5,False,1000,1000
355,10,weighted,10,0.1574442675159235,0,10,None,66,1,5,False,1000,1000
356,11,weighted,10,0.0997213375796178,0,10,None,66,1,5,False,1000,1000
357,12,weighted,10,0.0995222929936305,0,10,None,66,1,5,False,1000,1000
358,13,weighted,10,0.1353503184713375,0,10,None,66,1,5,False,1000,1000
359,14,weighted,10,0.1773487261146497,0,10,None,66,1,5,False,1000,1000
360,10,weighted,10,0.1455015923566879,0,11,None,66,1,5,False,1000,1000
361,11,weighted,10,0.1673964968152866,0,11,None,66,1,5,False,1000,1000
362,12,weighted,10,0.1758558917197452,0,11,None,66,1,5,False,1000,1000
363,13,weighted,10,0.125796178343949,0,11,None,66,1,5,False,1000,1000
364,14,weighted,10,0.0995222929936305,0,11,None,66,1,5,False,1000,1000
365,10,weighted,10,0.1793391719745223,0,15,None,66,1,5,False,1000,1000
366,11,weighted,10,0.179140127388535,0,15,None,66,1,5,False,1000,1000
367,12,weighted,10,0.1782444267515923,0,15,None,66,1,5,False,1000,1000
368,13,weighted,10,0.1774482484076433,0,15,None,66,1,5,False,1000,1000
369,14,weighted,10,0.176453025477707,0,15,None,66,1,5,False,1000,1000
370,10,weighted,10,0.1143511146496815,0,20,None,66,1,5,False,1000,1000
371,11,weighted,10,0.1235071656050955,0,20,None,66,1,5,False,1000,1000
372,12,weighted,10,0.1316679936305732,0,20,None,66,1,5,False,1000,1000
373,13,weighted,10,0.1372412420382165,0,20,None,66,1,5,False,1000,1000
374,14,weighted,10,0.1457006369426751,0,20,None,66,1,5,False,1000,1000
375,10,weighted,10,0.0995222929936305,0,17,None,66,1,5,False,1000,1000
376,11,weighted,10,0.0995222929936305,0,17,None,66,1,5,False,1000,1000
377,12,weighted,10,0.0995222929936305,0,17,None,66,1,5,False,1000,1000
378,13,weighted,10,0.0995222929936305,0,17,None,66,1,5,False,1000,1000
379,14,weighted,10,0.0995222929936305,0,17,None,66,1,5,False,1000,1000
380,10,weighted,10,0.0997213375796178,0,6,None,66,1,5,False,1000,1000
381,11,weighted,10,0.0995222929936305,0,6,None,66,1,5,False,1000,1000
382,12,weighted,10,0.0995222929936305,0,6,None,66,1,5,False,1000,1000
383,13,weighted,10,0.0995222929936305,0,6,None,66,1,5,False,1000,1000
384,14,weighted,10,0.0995222929936305,0,6,None,66,1,5,False,1000,1000
385,10,weighted,10,0.0995222929936305,0,1,None,66,1,5,False,1000,1000
386,11,weighted,10,0.0995222929936305,0,1,None,66,1,5,False,1000,1000
387,12,weighted,10,0.0995222929936305,0,1,None,66,1,5,False,1000,1000
388,13,weighted,10,0.0995222929936305,0,1,None,66,1,5,False,1000,1000
389,14,weighted,10,0.0995222929936305,0,1,None,66,1,5,False,1000,1000
390,10,weighted,10,0.0995222929936305,0,2,None,66,1,5,False,1000,1000
391,11,weighted,10,0.0995222929936305,0,2,None,66,1,5,False,1000,1000
392,12,weighted,10,0.0995222929936305,0,2,None,66,1,5,False,1000,1000
393,13,weighted,10,0.0995222929936305,0,2,None,66,1,5,False,1000,1000
394,14,weighted,10,0.0995222929936305,0,2,None,66,1,5,False,1000,1000
395,10,weighted,10,0.0995222929936305,0,5,None,66,1,5,False,1000,1000
396,11,weighted,10,0.0995222929936305,0,5,None,66,1,5,False,1000,1000
397,12,weighted,10,0.0995222929936305,0,5,None,66,1,5,False,1000,1000
398,13,weighted,10,0.0995222929936305,0,5,None,66,1,5,False,1000,1000
399,14,weighted,10,0.0995222929936305,0,5,None,66,1,5,False,1000,1000
400,10,weighted,10,0.0995222929936305,0,4,None,66,1,5,False,1000,1000
401,11,weighted,10,0.0995222929936305,0,4,None,66,1,5,False,1000,1000
402,12,weighted,10,0.0995222929936305,0,4,None,66,1,5,False,1000,1000
403,13,weighted,10,0.0995222929936305,0,4,None,66,1,5,False,1000,1000
404,14,weighted,10,0.0995222929936305,0,4,None,66,1,5,False,1000,1000
405,10,weighted,10,0.0995222929936305,0,23,None,66,1,5,False,1000,1000
406,11,weighted,10,0.1024084394904458,0,23,None,66,1,5,False,1000,1000
407,12,weighted,10,0.1923765923566879,0,23,None,66,1,5,False,1000,1000
408,13,weighted,10,0.0995222929936305,0,23,None,66,1,5,False,1000,1000
409,14,weighted,10,0.0995222929936305,0,23,None,66,1,5,False,1000,1000
410,10,weighted,10,0.1379378980891719,0,28,None,66,1,5,False,1000,1000
411,11,weighted,10,0.1624203821656051,0,28,None,66,1,5,False,1000,1000
412,12,weighted,10,0.1952627388535031,0,28,None,66,1,5,False,1000,1000
413,13,weighted,10,0.2276074840764331,0,28,None,66,1,5,False,1000,1000
414,14,weighted,10,0.2426353503184713,0,28,None,66,1,5,False,1000,1000
415,10,weighted,10,0.0995222929936305,0,13,None,66,1,5,False,1000,1000
416,11,weighted,10,0.0995222929936305,0,13,None,66,1,5,False,1000,1000
417,12,weighted,10,0.1103702229299363,0,13,None,66,1,5,False,1000,1000
418,13,weighted,10,0.1103702229299363,0,13,None,66,1,5,False,1000,1000
419,14,weighted,10,0.0995222929936305,0,13,None,66,1,5,False,1000,1000
420,10,weighted,10,0.0995222929936305,0,12,None,66,1,5,False,1000,1000
421,11,weighted,10,0.0995222929936305,0,12,None,66,1,5,False,1000,1000
422,12,weighted,10,0.0995222929936305,0,12,None,66,1,5,False,1000,1000
423,13,weighted,10,0.0995222929936305,0,12,None,66,1,5,False,1000,1000
424,14,weighted,10,0.0995222929936305,0,12,None,66,1,5,False,1000,1000
425,10,weighted,10,0.1047969745222929,0,9,None,66,1,5,False,1000,1000
426,11,weighted,10,0.0995222929936305,0,9,None,66,1,5,False,1000,1000
427,12,weighted,10,0.0995222929936305,0,9,None,66,1,5,False,1000,1000
428,13,weighted,10,0.0995222929936305,0,9,None,66,1,5,False,1000,1000
429,14,weighted,10,0.0995222929936305,0,9,None,66,1,5,False,1000,1000
430,10,weighted,10,0.0995222929936305,0,14,None,66,1,5,False,1000,1000
431,11,weighted,10,0.0995222929936305,0,14,None,66,1,5,False,1000,1000
432,12,weighted,10,0.0995222929936305,0,14,None,66,1,5,False,1000,1000
433,13,weighted,10,0.0995222929936305,0,14,None,66,1,5,False,1000,1000
434,14,weighted,10,0.0995222929936305,0,14,None,66,1,5,False,1000,1000
435,10,weighted,10,0.0995222929936305,0,25,None,66,1,5,False,1000,1000
436,11,weighted,10,0.0995222929936305,0,25,None,66,1,5,False,1000,1000
437,12,weighted,10,0.0995222929936305,0,25,None,66,1,5,False,1000,1000
438,13,weighted,10,0.0995222929936305,0,25,None,66,1,5,False,1000,1000
439,14,weighted,10,0.0995222929936305,0,25,None,66,1,5,False,1000,1000
440,10,weighted,10,0.0995222929936305,0,3,None,66,1,5,False,1000,1000
441,11,weighted,10,0.1053941082802547,0,3,None,66,1,5,False,1000,1000
442,12,weighted,10,0.0995222929936305,0,3,None,66,1,5,False,1000,1000
443,13,weighted,10,0.0995222929936305,0,3,None,66,1,5,False,1000,1000
444,14,weighted,10,0.0995222929936305,0,3,None,66,1,5,False,1000,1000
445,10,weighted,10,0.0995222929936305,0,29,None,66,1,5,False,1000,1000
446,11,weighted,10,0.0995222929936305,0,29,None,66,1,5,False,1000,1000
447,12,weighted,10,0.0995222929936305,0,29,None,66,1,5,False,1000,1000
448,13,weighted,10,0.0995222929936305,0,29,None,66,1,5,False,1000,1000
449,14,weighted,10,0.0995222929936305,0,29,None,66,1,5,False,1000,1000
450,10,weighted,10,0.0995222929936305,0,18,None,66,1,5,False,1000,1000
451,11,weighted,10,0.0995222929936305,0,18,None,66,1,5,False,1000,1000
452,12,weighted,10,0.0995222929936305,0,18,None,66,1,5,False,1000,1000
453,13,weighted,10,0.0995222929936305,0,18,None,66,1,5,False,1000,1000
454,14,weighted,10,0.0995222929936305,0,18,None,66,1,5,False,1000,1000
455,10,weighted,10,0.0995222929936305,0,8,None,66,1,5,False,1000,1000
456,11,weighted,10,0.0995222929936305,0,8,None,66,1,5,False,1000,1000
457,12,weighted,10,0.0995222929936305,0,8,None,66,1,5,False,1000,1000
458,13,weighted,10,0.0995222929936305,0,8,None,66,1,5,False,1000,1000
459,14,weighted,10,0.0995222929936305,0,8,None,66,1,5,False,1000,1000
460,10,weighted,10,0.0995222929936305,0,19,None,66,1,5,False,1000,1000
461,11,weighted,10,0.0995222929936305,0,19,None,66,1,5,False,1000,1000
462,12,weighted,10,0.0995222929936305,0,19,None,66,1,5,False,1000,1000
463,13,weighted,10,0.0995222929936305,0,19,None,66,1,5,False,1000,1000
464,14,weighted,10,0.0995222929936305,0,19,None,66,1,5,False,1000,1000
465,10,weighted,10,0.0995222929936305,0,21,None,66,1,5,False,1000,1000
466,11,weighted,10,0.0995222929936305,0,21,None,66,1,5,False,1000,1000
467,12,weighted,10,0.0995222929936305,0,21,None,66,1,5,False,1000,1000
468,13,weighted,10,0.1001194267515923,0,21,None,66,1,5,False,1000,1000
469,14,weighted,10,0.1340565286624203,0,21,None,66,1,5,False,1000,1000
470,10,weighted,10,0.0995222929936305,0,24,None,66,1,5,False,1000,1000
471,11,weighted,10,0.0995222929936305,0,24,None,66,1,5,False,1000,1000
472,12,weighted,10,0.0995222929936305,0,24,None,66,1,5,False,1000,1000
473,13,weighted,10,0.0995222929936305,0,24,None,66,1,5,False,1000,1000
474,14,weighted,10,0.0995222929936305,0,24,None,66,1,5,False,1000,1000
475,10,weighted,10,0.0995222929936305,0,27,None,66,1,5,False,1000,1000
476,11,weighted,10,0.0995222929936305,0,27,None,66,1,5,False,1000,1000
477,12,weighted,10,0.0995222929936305,0,27,None,66,1,5,False,1000,1000
478,13,weighted,10,0.0995222929936305,0,27,None,66,1,5,False,1000,1000
479,14,weighted,10,0.1047969745222929,0,27,None,66,1,5,False,1000,1000
480,10,weighted,10,0.0995222929936305,0,0,None,66,1,5,False,1000,1000
481,11,weighted,10,0.0995222929936305,0,0,None,66,1,5,False,1000,1000
482,12,weighted,10,0.1056926751592356,0,0,None,66,1,5,False,1000,1000
483,13,weighted,10,0.0995222929936305,0,0,None,66,1,5,False,1000,1000
484,14,weighted,10,0.0995222929936305,0,0,None,66,1,5,False,1000,1000
485,10,weighted,10,0.0995222929936305,0,31,None,66,1,5,False,1000,1000
486,11,weighted,10,0.0995222929936305,0,31,None,66,1,5,False,1000,1000
487,12,weighted,10,0.1024084394904458,0,31,None,66,1,5,False,1000,1000
488,13,weighted,10,0.1297770700636942,0,31,None,66,1,5,False,1000,1000
489,14,weighted,10,0.1494824840764331,0,31,None,66,1,5,False,1000,1000
490,10,weighted,10,0.1026074840764331,0,30,None,66,1,5,False,1000,1000
491,11,weighted,10,0.0995222929936305,0,30,None,66,1,5,False,1000,1000
492,12,weighted,10,0.0995222929936305,0,30,None,66,1,5,False,1000,1000
493,13,weighted,10,0.1043988853503184,0,30,None,66,1,5,False,1000,1000
494,14,weighted,10,0.1421178343949044,0,30,None,66,1,5,False,1000,1000
495,15,weighted,10,0.0995222929936305,0,1,None,66,1,5,False,1000,1000
496,16,weighted,10,0.0995222929936305,0,1,None,66,1,5,False,1000,1000
497,17,weighted,10,0.0995222929936305,0,1,None,66,1,5,False,1000,1000
498,18,weighted,10,0.0995222929936305,0,1,None,66,1,5,False,1000,1000
499,19,weighted,10,0.0995222929936305,0,1,None,66,1,5,False,1000,1000
500,15,weighted,10,0.0995222929936305,0,2,None,66,1,5,False,1000,1000
501,16,weighted,10,0.0995222929936305,0,2,None,66,1,5,False,1000,1000
502,17,weighted,10,0.0995222929936305,0,2,None,66,1,5,False,1000,1000
503,18,weighted,10,0.0995222929936305,0,2,None,66,1,5,False,1000,1000
504,19,weighted,10,0.0995222929936305,0,2,None,66,1,5,False,1000,1000
505,15,weighted,10,0.0995222929936305,0,11,None,66,1,5,False,1000,1000
506,16,weighted,10,0.0995222929936305,0,11,None,66,1,5,False,1000,1000
507,17,weighted,10,0.0995222929936305,0,11,None,66,1,5,False,1000,1000
508,18,weighted,10,0.1285828025477707,0,11,None,66,1,5,False,1000,1000
509,19,weighted,10,0.2320859872611465,0,11,None,66,1,5,False,1000,1000
510,15,weighted,10,0.1251990445859872,0,15,None,66,1,5,False,1000,1000
511,16,weighted,10,0.134156050955414,0,15,None,66,1,5,False,1000,1000
512,17,weighted,10,0.1154458598726114,0,15,None,66,1,5,False,1000,1000
513,18,weighted,10,0.1137539808917197,0,15,None,66,1,5,False,1000,1000
514,19,weighted,10,0.1129578025477707,0,15,None,66,1,5,False,1000,1000
515,15,weighted,10,0.0995222929936305,0,20,None,66,1,5,False,1000,1000
516,16,weighted,10,0.0995222929936305,0,20,None,66,1,5,False,1000,1000
517,17,weighted,10,0.0995222929936305,0,20,None,66,1,5,False,1000,1000
518,18,weighted,10,0.0995222929936305,0,20,None,66,1,5,False,1000,1000
519,19,weighted,10,0.0995222929936305,0,20,None,66,1,5,False,1000,1000
520,15,weighted,10,0.0995222929936305,0,10,None,66,1,5,False,1000,1000
521,16,weighted,10,0.2261146496815286,0,10,None,66,1,5,False,1000,1000
522,17,weighted,10,0.2851313694267516,0,10,None,66,1,5,False,1000,1000
523,18,weighted,10,0.1762539808917197,0,10,None,66,1,5,False,1000,1000
524,19,weighted,10,0.0995222929936305,0,10,None,66,1,5,False,1000,1000
525,15,weighted,10,0.0995222929936305,0,22,None,66,1,5,False,1000,1000
526,16,weighted,10,0.0995222929936305,0,22,None,66,1,5,False,1000,1000
527,17,weighted,10,0.0995222929936305,0,22,None,66,1,5,False,1000,1000
528,18,weighted,10,0.0995222929936305,0,22,None,66,1,5,False,1000,1000
529,19,weighted,10,0.0995222929936305,0,22,None,66,1,5,False,1000,1000
530,15,weighted,10,0.1402269108280254,0,32,None,66,1,5,False,1000,1000
531,16,weighted,10,0.0995222929936305,0,32,None,66,1,5,False,1000,1000
532,17,weighted,10,0.0995222929936305,0,32,None,66,1,5,False,1000,1000
533,18,weighted,10,0.0995222929936305,0,32,None,66,1,5,False,1000,1000
534,19,weighted,10,0.0995222929936305,0,32,None,66,1,5,False,1000,1000
535,15,weighted,10,0.0995222929936305,0,16,None,66,1,5,False,1000,1000
536,16,weighted,10,0.0995222929936305,0,16,None,66,1,5,False,1000,1000
537,17,weighted,10,0.0995222929936305,0,16,None,66,1,5,False,1000,1000
538,18,weighted,10,0.0995222929936305,0,16,None,66,1,5,False,1000,1000
539,19,weighted,10,0.0995222929936305,0,16,None,66,1,5,False,1000,1000
540,15,weighted,10,0.0995222929936305,0,25,None,66,1,5,False,1000,1000
541,16,weighted,10,0.0995222929936305,0,25,None,66,1,5,False,1000,1000
542,17,weighted,10,0.0995222929936305,0,25,None,66,1,5,False,1000,1000
543,18,weighted,10,0.0995222929936305,0,25,None,66,1,5,False,1000,1000
544,19,weighted,10,0.0995222929936305,0,25,None,66,1,5,False,1000,1000
545,15,weighted,10,0.0995222929936305,0,13,None,66,1,5,False,1000,1000
546,16,weighted,10,0.0995222929936305,0,13,None,66,1,5,False,1000,1000
547,17,weighted,10,0.0995222929936305,0,13,None,66,1,5,False,1000,1000
548,18,weighted,10,0.0995222929936305,0,13,None,66,1,5,False,1000,1000
549,19,weighted,10,0.0995222929936305,0,13,None,66,1,5,False,1000,1000
550,15,weighted,10,0.0995222929936305,0,23,None,66,1,5,False,1000,1000
551,16,weighted,10,0.0995222929936305,0,23,None,66,1,5,False,1000,1000
552,17,weighted,10,0.0995222929936305,0,23,None,66,1,5,False,1000,1000
553,18,weighted,10,0.0995222929936305,0,23,None,66,1,5,False,1000,1000
554,19,weighted,10,0.0995222929936305,0,23,None,66,1,5,False,1000,1000
555,15,weighted,10,0.0995222929936305,0,28,None,66,1,5,False,1000,1000
556,16,weighted,10,0.0995222929936305,0,28,None,66,1,5,False,1000,1000
557,17,weighted,10,0.0995222929936305,0,28,None,66,1,5,False,1000,1000
558,18,weighted,10,0.0995222929936305,0,28,None,66,1,5,False,1000,1000
559,19,weighted,10,0.0995222929936305,0,28,None,66,1,5,False,1000,1000
560,15,weighted,10,0.0995222929936305,0,29,None,66,1,5,False,1000,1000
561,16,weighted,10,0.0995222929936305,0,29,None,66,1,5,False,1000,1000
562,17,weighted,10,0.0995222929936305,0,29,None,66,1,5,False,1000,1000
563,18,weighted,10,0.0995222929936305,0,29,None,66,1,5,False,1000,1000
564,19,weighted,10,0.0995222929936305,0,29,None,66,1,5,False,1000,1000
565,15,weighted,10,0.1005175159235668,0,9,None,66,1,5,False,1000,1000
566,16,weighted,10,0.0995222929936305,0,9,None,66,1,5,False,1000,1000
567,17,weighted,10,0.0996218152866242,0,9,None,66,1,5,False,1000,1000
568,18,weighted,10,0.1040007961783439,0,9,None,66,1,5,False,1000,1000
569,19,weighted,10,0.1172372611464968,0,9,None,66,1,5,False,1000,1000
570,15,weighted,10,0.0995222929936305,0,8,None,66,1,5,False,1000,1000
571,16,weighted,10,0.0995222929936305,0,8,None,66,1,5,False,1000,1000
572,17,weighted,10,0.0995222929936305,0,8,None,66,1,5,False,1000,1000
573,18,weighted,10,0.0995222929936305,0,8,None,66,1,5,False,1000,1000
574,19,weighted,10,0.0995222929936305,0,8,None,66,1,5,False,1000,1000
575,15,weighted,10,0.0995222929936305,0,3,None,66,1,5,False,1000,1000
576,16,weighted,10,0.0995222929936305,0,3,None,66,1,5,False,1000,1000
577,17,weighted,10,0.0995222929936305,0,3,None,66,1,5,False,1000,1000
578,18,weighted,10,0.0995222929936305,0,3,None,66,1,5,False,1000,1000
579,19,weighted,10,0.0995222929936305,0,3,None,66,1,5,False,1000,1000
580,15,weighted,10,0.0995222929936305,0,18,None,66,1,5,False,1000,1000
581,16,weighted,10,0.0995222929936305,0,18,None,66,1,5,False,1000,1000
582,17,weighted,10,0.0995222929936305,0,18,None,66,1,5,False,1000,1000
583,18,weighted,10,0.0995222929936305,0,18,None,66,1,5,False,1000,1000
584,19,weighted,10,0.0995222929936305,0,18,None,66,1,5,False,1000,1000
585,15,weighted,10,0.0995222929936305,0,31,None,66,1,5,False,1000,1000
586,16,weighted,10,0.0995222929936305,0,31,None,66,1,5,False,1000,1000
587,17,weighted,10,0.0995222929936305,0,31,None,66,1,5,False,1000,1000
588,18,weighted,10,0.1201234076433121,0,31,None,66,1,5,False,1000,1000
589,19,weighted,10,0.1500796178343949,0,31,None,66,1,5,False,1000,1000
590,15,weighted,10,0.0995222929936305,0,5,None,66,1,5,False,1000,1000
591,16,weighted,10,0.0995222929936305,0,5,None,66,1,5,False,1000,1000
592,17,weighted,10,0.0995222929936305,0,5,None,66,1,5,False,1000,1000
593,18,weighted,10,0.0995222929936305,0,5,None,66,1,5,False,1000,1000
594,19,weighted,10,0.0995222929936305,0,5,None,66,1,5,False,1000,1000
595,15,weighted,10,0.0995222929936305,0,4,None,66,1,5,False,1000,1000
596,16,weighted,10,0.0995222929936305,0,4,None,66,1,5,False,1000,1000
597,17,weighted,10,0.0995222929936305,0,4,None,66,1,5,False,1000,1000
598,18,weighted,10,0.0995222929936305,0,4,None,66,1,5,False,1000,1000
599,19,weighted,10,0.0995222929936305,0,4,None,66,1,5,False,1000,1000
600,15,weighted,10,0.0995222929936305,0,6,None,66,1,5,False,1000,1000
601,16,weighted,10,0.0995222929936305,0,6,None,66,1,5,False,1000,1000
602,17,weighted,10,0.0995222929936305,0,6,None,66,1,5,False,1000,1000
603,18,weighted,10,0.0995222929936305,0,6,None,66,1,5,False,1000,1000
604,19,weighted,10,0.0995222929936305,0,6,None,66,1,5,False,1000,1000
605,15,weighted,10,0.188296178343949,0,7,None,66,1,5,False,1000,1000
606,16,weighted,10,0.0995222929936305,0,7,None,66,1,5,False,1000,1000
607,17,weighted,10,0.0995222929936305,0,7,None,66,1,5,False,1000,1000
608,18,weighted,10,0.1238057324840764,0,7,None,66,1,5,False,1000,1000
609,19,weighted,10,0.119327229299363,0,7,None,66,1,5,False,1000,1000
610,15,weighted,10,0.0995222929936305,0,14,None,66,1,5,False,1000,1000
611,16,weighted,10,0.0995222929936305,0,14,None,66,1,5,False,1000,1000
612,17,weighted,10,0.0995222929936305,0,14,None,66,1,5,False,1000,1000
613,18,weighted,10,0.0995222929936305,0,14,None,66,1,5,False,1000,1000
614,19,weighted,10,0.0995222929936305,0,14,None,66,1,5,False,1000,1000
615,15,weighted,10,0.0995222929936305,0,12,None,66,1,5,False,1000,1000
616,16,weighted,10,0.0995222929936305,0,12,None,66,1,5,False,1000,1000
617,17,weighted,10,0.0995222929936305,0,12,None,66,1,5,False,1000,1000
618,18,weighted,10,0.0995222929936305,0,12,None,66,1,5,False,1000,1000
619,19,weighted,10,0.0995222929936305,0,12,None,66,1,5,False,1000,1000
620,15,weighted,10,0.1536624203821656,0,26,None,66,1,5,False,1000,1000
621,16,weighted,10,0.1573447452229299,0,26,None,66,1,5,False,1000,1000
622,17,weighted,10,0.1606289808917197,0,26,None,66,1,5,False,1000,1000
623,18,weighted,10,0.1644108280254777,0,26,None,66,1,5,False,1000,1000
624,19,weighted,10,0.1683917197452229,0,26,None,66,1,5,False,1000,1000
625,15,weighted,10,0.0995222929936305,0,30,None,66,1,5,False,1000,1000
626,16,weighted,10,0.0995222929936305,0,30,None,66,1,5,False,1000,1000
627,17,weighted,10,0.0995222929936305,0,30,None,66,1,5,False,1000,1000
628,18,weighted,10,0.0995222929936305,0,30,None,66,1,5,False,1000,1000
629,19,weighted,10,0.0995222929936305,0,30,None,66,1,5,False,1000,1000
630,15,weighted,10,0.0995222929936305,0,19,None,66,1,5,False,1000,1000
631,16,weighted,10,0.0995222929936305,0,19,None,66,1,5,False,1000,1000
632,17,weighted,10,0.0995222929936305,0,19,None,66,1,5,False,1000,1000
633,18,weighted,10,0.0995222929936305,0,19,None,66,1,5,False,1000,1000
634,19,weighted,10,0.0995222929936305,0,19,None,66,1,5,False,1000,1000
635,15,weighted,10,0.0995222929936305,0,0,None,66,1,5,False,1000,1000
636,16,weighted,10,0.0995222929936305,0,0,None,66,1,5,False,1000,1000
637,17,weighted,10,0.0995222929936305,0,0,None,66,1,5,False,1000,1000
638,18,weighted,10,0.0995222929936305,0,0,None,66,1,5,False,1000,1000
639,19,weighted,10,0.0995222929936305,0,0,None,66,1,5,False,1000,1000
640,20,weighted,10,0.0995222929936305,0,26,None,66,1,5,False,1000,1000
641,21,weighted,10,0.1815286624203821,0,26,None,66,1,5,False,1000,1000
642,22,weighted,10,0.0995222929936305,0,26,None,66,1,5,False,1000,1000
643,23,weighted,10,0.0995222929936305,0,26,None,66,1,5,False,1000,1000
644,24,weighted,10,0.0995222929936305,0,26,None,66,1,5,False,1000,1000
645,20,weighted,10,0.0995222929936305,0,16,None,66,1,5,False,1000,1000
646,21,weighted,10,0.1204219745222929,0,16,None,66,1,5,False,1000,1000
647,22,weighted,10,0.0995222929936305,0,16,None,66,1,5,False,1000,1000
648,23,weighted,10,0.0995222929936305,0,16,None,66,1,5,False,1000,1000
649,24,weighted,10,0.0995222929936305,0,16,None,66,1,5,False,1000,1000
650,20,weighted,10,0.0995222929936305,0,25,None,66,1,5,False,1000,1000
651,21,weighted,10,0.0995222929936305,0,25,None,66,1,5,False,1000,1000
652,22,weighted,10,0.0995222929936305,0,25,None,66,1,5,False,1000,1000
653,23,weighted,10,0.0995222929936305,0,25,None,66,1,5,False,1000,1000
654,24,weighted,10,0.0995222929936305,0,25,None,66,1,5,False,1000,1000
655,20,weighted,10,0.0995222929936305,0,14,None,66,1,5,False,1000,1000
656,21,weighted,10,0.0995222929936305,0,14,None,66,1,5,False,1000,1000
657,22,weighted,10,0.0995222929936305,0,14,None,66,1,5,False,1000,1000
658,23,weighted,10,0.0995222929936305,0,14,None,66,1,5,False,1000,1000
659,24,weighted,10,0.0995222929936305,0,14,None,66,1,5,False,1000,1000
660,15,weighted,10,0.0995222929936305,0,17,None,66,1,5,False,1000,1000
661,16,weighted,10,0.0995222929936305,0,17,None,66,1,5,False,1000,1000
662,17,weighted,10,0.0995222929936305,0,17,None,66,1,5,False,1000,1000
663,18,weighted,10,0.0995222929936305,0,17,None,66,1,5,False,1000,1000
664,19,weighted,10,0.0995222929936305,0,17,None,66,1,5,False,1000,1000
665,15,weighted,10,0.0995222929936305,0,21,None,66,1,5,False,1000,1000
666,16,weighted,10,0.0995222929936305,0,21,None,66,1,5,False,1000,1000
667,17,weighted,10,0.0995222929936305,0,21,None,66,1,5,False,1000,1000
668,18,weighted,10,0.0995222929936305,0,21,None,66,1,5,False,1000,1000
669,19,weighted,10,0.0995222929936305,0,21,None,66,1,5,False,1000,1000
670,15,weighted,10,0.0995222929936305,0,24,None,66,1,5,False,1000,1000
671,16,weighted,10,0.0995222929936305,0,24,None,66,1,5,False,1000,1000
672,17,weighted,10,0.0995222929936305,0,24,None,66,1,5,False,1000,1000
673,18,weighted,10,0.0995222929936305,0,24,None,66,1,5,False,1000,1000
674,19,weighted,10,0.0995222929936305,0,24,None,66,1,5,False,1000,1000
675,15,weighted,10,0.0995222929936305,0,27,None,66,1,5,False,1000,1000
676,16,weighted,10,0.0995222929936305,0,27,None,66,1,5,False,1000,1000
677,17,weighted,10,0.0995222929936305,0,27,None,66,1,5,False,1000,1000
678,18,weighted,10,0.0995222929936305,0,27,None,66,1,5,False,1000,1000
679,19,weighted,10,0.0995222929936305,0,27,None,66,1,5,False,1000,1000
680,20,weighted,10,0.0995222929936305,0,22,None,66,1,5,False,1000,1000
681,21,weighted,10,0.0995222929936305,0,22,None,66,1,5,False,1000,1000
682,22,weighted,10,0.1767515923566879,0,22,None,66,1,5,False,1000,1000
683,23,weighted,10,0.0995222929936305,0,22,None,66,1,5,False,1000,1000
684,24,weighted,10,0.0995222929936305,0,22,None,66,1,5,False,1000,1000
685,20,weighted,10,0.0995222929936305,0,32,None,66,1,5,False,1000,1000
686,21,weighted,10,0.1035031847133758,0,32,None,66,1,5,False,1000,1000
687,22,weighted,10,0.1804339171974522,0,32,None,66,1,5,False,1000,1000
688,23,weighted,10,0.1661027070063694,0,32,None,66,1,5,False,1000,1000
689,24,weighted,10,0.0995222929936305,0,32,None,66,1,5,False,1000,1000
690,20,weighted,10,0.0995222929936305,0,10,None,66,1,5,False,1000,1000
691,21,weighted,10,0.0995222929936305,0,10,None,66,1,5,False,1000,1000
692,22,weighted,10,0.0997213375796178,0,10,None,66,1,5,False,1000,1000
693,23,weighted,10,0.1813296178343949,0,10,None,66,1,5,False,1000,1000
694,24,weighted,10,0.1939689490445859,0,10,None,66,1,5,False,1000,1000
695,20,weighted,10,0.0995222929936305,0,7,None,66,1,5,False,1000,1000
696,21,weighted,10,0.0995222929936305,0,7,None,66,1,5,False,1000,1000
697,22,weighted,10,0.0995222929936305,0,7,None,66,1,5,False,1000,1000
698,23,weighted,10,0.0995222929936305,0,7,None,66,1,5,False,1000,1000
699,24,weighted,10,0.0995222929936305,0,7,None,66,1,5,False,1000,1000
700,20,weighted,10,0.0995222929936305,0,12,None,66,1,5,False,1000,1000
701,21,weighted,10,0.0995222929936305,0,12,None,66,1,5,False,1000,1000
702,22,weighted,10,0.1152468152866242,0,12,None,66,1,5,False,1000,1000
703,23,weighted,10,0.112858280254777,0,12,None,66,1,5,False,1000,1000
704,24,weighted,10,0.0995222929936305,0,12,None,66,1,5,False,1000,1000
705,20,weighted,10,0.0995222929936305,0,15,None,66,1,5,False,1000,1000
706,21,weighted,10,0.0995222929936305,0,15,None,66,1,5,False,1000,1000
707,22,weighted,10,0.1163415605095541,0,15,None,66,1,5,False,1000,1000
708,23,weighted,10,0.1875,0,15,None,66,1,5,False,1000,1000
709,24,weighted,10,0.1569466560509554,0,15,None,66,1,5,False,1000,1000
710,20,weighted,10,0.0995222929936305,0,20,None,66,1,5,False,1000,1000
711,21,weighted,10,0.0995222929936305,0,20,None,66,1,5,False,1000,1000
712,22,weighted,10,0.0995222929936305,0,20,None,66,1,5,False,1000,1000
713,23,weighted,10,0.0995222929936305,0,20,None,66,1,5,False,1000,1000
714,24,weighted,10,0.0995222929936305,0,20,None,66,1,5,False,1000,1000
715,20,weighted,10,0.0995222929936305,0,11,None,66,1,5,False,1000,1000
716,21,weighted,10,0.1000199044585987,0,11,None,66,1,5,False,1000,1000
717,22,weighted,10,0.1833200636942675,0,11,None,66,1,5,False,1000,1000
718,23,weighted,10,0.0995222929936305,0,11,None,66,1,5,False,1000,1000
719,24,weighted,10,0.0995222929936305,0,11,None,66,1,5,False,1000,1000
720,20,weighted,10,0.0995222929936305,0,17,None,66,1,5,False,1000,1000
721,21,weighted,10,0.0995222929936305,0,17,None,66,1,5,False,1000,1000
722,22,weighted,10,0.0995222929936305,0,17,None,66,1,5,False,1000,1000
723,23,weighted,10,0.0995222929936305,0,17,None,66,1,5,False,1000,1000
724,24,weighted,10,0.1273885350318471,0,17,None,66,1,5,False,1000,1000
725,20,weighted,10,0.0995222929936305,0,1,None,66,1,5,False,1000,1000
726,21,weighted,10,0.0995222929936305,0,1,None,66,1,5,False,1000,1000
727,22,weighted,10,0.0995222929936305,0,1,None,66,1,5,False,1000,1000
728,23,weighted,10,0.0995222929936305,0,1,None,66,1,5,False,1000,1000
729,24,weighted,10,0.0995222929936305,0,1,None,66,1,5,False,1000,1000
730,20,weighted,10,0.0995222929936305,0,2,None,66,1,5,False,1000,1000
731,21,weighted,10,0.0995222929936305,0,2,None,66,1,5,False,1000,1000
732,22,weighted,10,0.0995222929936305,0,2,None,66,1,5,False,1000,1000
733,23,weighted,10,0.0995222929936305,0,2,None,66,1,5,False,1000,1000
734,24,weighted,10,0.0995222929936305,0,2,None,66,1,5,False,1000,1000
735,20,weighted,10,0.0995222929936305,0,4,None,66,1,5,False,1000,1000
736,21,weighted,10,0.0995222929936305,0,4,None,66,1,5,False,1000,1000
737,22,weighted,10,0.0995222929936305,0,4,None,66,1,5,False,1000,1000
738,23,weighted,10,0.0995222929936305,0,4,None,66,1,5,False,1000,1000
739,24,weighted,10,0.0995222929936305,0,4,None,66,1,5,False,1000,1000
740,20,weighted,10,0.0995222929936305,0,5,None,66,1,5,False,1000,1000
741,21,weighted,10,0.0995222929936305,0,5,None,66,1,5,False,1000,1000
742,22,weighted,10,0.0995222929936305,0,5,None,66,1,5,False,1000,1000
743,23,weighted,10,0.0995222929936305,0,5,None,66,1,5,False,1000,1000
744,24,weighted,10,0.0995222929936305,0,5,None,66,1,5,False,1000,1000
745,20,weighted,10,0.185609076433121,0,9,None,66,1,5,False,1000,1000
746,21,weighted,10,0.1865047770700637,0,9,None,66,1,5,False,1000,1000
747,22,weighted,10,0.1869028662420382,0,9,None,66,1,5,False,1000,1000
748,23,weighted,10,0.1873009554140127,0,9,None,66,1,5,False,1000,1000
749,24,weighted,10,0.1869028662420382,0,9,None,66,1,5,False,1000,1000
750,20,weighted,10,0.0995222929936305,0,13,None,66,1,5,False,1000,1000
751,21,weighted,10,0.0995222929936305,0,13,None,66,1,5,False,1000,1000
752,22,weighted,10,0.0995222929936305,0,13,None,66,1,5,False,1000,1000
753,23,weighted,10,0.0995222929936305,0,13,None,66,1,5,False,1000,1000
754,24,weighted,10,0.0995222929936305,0,13,None,66,1,5,False,1000,1000
755,20,weighted,10,0.0995222929936305,0,3,None,66,1,5,False,1000,1000
756,21,weighted,10,0.0995222929936305,0,3,None,66,1,5,False,1000,1000
757,22,weighted,10,0.0995222929936305,0,3,None,66,1,5,False,1000,1000
758,23,weighted,10,0.0995222929936305,0,3,None,66,1,5,False,1000,1000
759,24,weighted,10,0.0995222929936305,0,3,None,66,1,5,False,1000,1000
760,20,weighted,10,0.0995222929936305,0,23,None,66,1,5,False,1000,1000
761,21,weighted,10,0.0995222929936305,0,23,None,66,1,5,False,1000,1000
762,22,weighted,10,0.0995222929936305,0,23,None,66,1,5,False,1000,1000
763,23,weighted,10,0.0995222929936305,0,23,None,66,1,5,False,1000,1000
764,24,weighted,10,0.0995222929936305,0,23,None,66,1,5,False,1000,1000
765,20,weighted,10,0.0995222929936305,0,28,None,66,1,5,False,1000,1000
766,21,weighted,10,0.0995222929936305,0,28,None,66,1,5,False,1000,1000
767,22,weighted,10,0.0995222929936305,0,28,None,66,1,5,False,1000,1000
768,23,weighted,10,0.0995222929936305,0,28,None,66,1,5,False,1000,1000
769,24,weighted,10,0.0995222929936305,0,28,None,66,1,5,False,1000,1000
770,20,weighted,10,0.0995222929936305,0,29,None,66,1,5,False,1000,1000
771,21,weighted,10,0.0995222929936305,0,29,None,66,1,5,False,1000,1000
772,22,weighted,10,0.0995222929936305,0,29,None,66,1,5,False,1000,1000
773,23,weighted,10,0.0995222929936305,0,29,None,66,1,5,False,1000,1000
774,24,weighted,10,0.0995222929936305,0,29,None,66,1,5,False,1000,1000
775,20,weighted,10,0.0995222929936305,0,27,None,66,1,5,False,1000,1000
776,21,weighted,10,0.0995222929936305,0,27,None,66,1,5,False,1000,1000
777,22,weighted,10,0.0995222929936305,0,27,None,66,1,5,False,1000,1000
778,23,weighted,10,0.0995222929936305,0,27,None,66,1,5,False,1000,1000
779,24,weighted,10,0.0995222929936305,0,27,None,66,1,5,False,1000,1000
780,20,weighted,10,0.0995222929936305,0,30,None,66,1,5,False,1000,1000
781,21,weighted,10,0.0995222929936305,0,30,None,66,1,5,False,1000,1000
782,22,weighted,10,0.0995222929936305,0,30,None,66,1,5,False,1000,1000
783,23,weighted,10,0.0995222929936305,0,30,None,66,1,5,False,1000,1000
784,24,weighted,10,0.0995222929936305,0,30,None,66,1,5,False,1000,1000
785,20,weighted,10,0.0995222929936305,0,6,None,66,1,5,False,1000,1000
786,21,weighted,10,0.0995222929936305,0,6,None,66,1,5,False,1000,1000
787,22,weighted,10,0.0995222929936305,0,6,None,66,1,5,False,1000,1000
788,23,weighted,10,0.0995222929936305,0,6,None,66,1,5,False,1000,1000
789,24,weighted,10,0.0995222929936305,0,6,None,66,1,5,False,1000,1000
790,20,weighted,10,0.0995222929936305,0,24,None,66,1,5,False,1000,1000
791,21,weighted,10,0.0995222929936305,0,24,None,66,1,5,False,1000,1000
792,22,weighted,10,0.0995222929936305,0,24,None,66,1,5,False,1000,1000
793,23,weighted,10,0.0995222929936305,0,24,None,66,1,5,False,1000,1000
794,24,weighted,10,0.0995222929936305,0,24,None,66,1,5,False,1000,1000
795,20,weighted,10,0.0995222929936305,0,0,None,66,1,5,False,1000,1000
796,21,weighted,10,0.0995222929936305,0,0,None,66,1,5,False,1000,1000
797,22,weighted,10,0.0995222929936305,0,0,None,66,1,5,False,1000,1000
798,23,weighted,10,0.0995222929936305,0,0,None,66,1,5,False,1000,1000
799,24,weighted,10,0.0995222929936305,0,0,None,66,1,5,False,1000,1000
800,20,weighted,10,0.0995222929936305,0,31,None,66,1,5,False,1000,1000
801,21,weighted,10,0.0995222929936305,0,31,None,66,1,5,False,1000,1000
802,22,weighted,10,0.1016122611464968,0,31,None,66,1,5,False,1000,1000
803,23,weighted,10,0.1399283439490445,0,31,None,66,1,5,False,1000,1000
804,24,weighted,10,0.1650079617834395,0,31,None,66,1,5,False,1000,1000
805,25,weighted,10,0.0995222929936305,0,30,None,66,1,5,False,1000,1000
806,26,weighted,10,0.1981488853503184,0,30,None,66,1,5,False,1000,1000
807,27,weighted,10,0.0995222929936305,0,30,None,66,1,5,False,1000,1000
808,28,weighted,10,0.0995222929936305,0,30,None,66,1,5,False,1000,1000
809,29,weighted,10,0.0995222929936305,0,30,None,66,1,5,False,1000,1000
810,25,weighted,10,0.0995222929936305,0,14,None,66,1,5,False,1000,1000
811,26,weighted,10,0.0995222929936305,0,14,None,66,1,5,False,1000,1000
812,27,weighted,10,0.0995222929936305,0,14,None,66,1,5,False,1000,1000
813,28,weighted,10,0.0995222929936305,0,14,None,66,1,5,False,1000,1000
814,29,weighted,10,0.0995222929936305,0,14,None,66,1,5,False,1000,1000
815,25,weighted,10,0.0995222929936305,0,25,None,66,1,5,False,1000,1000
816,26,weighted,10,0.0995222929936305,0,25,None,66,1,5,False,1000,1000
817,27,weighted,10,0.0995222929936305,0,25,None,66,1,5,False,1000,1000
818,28,weighted,10,0.0995222929936305,0,25,None,66,1,5,False,1000,1000
819,29,weighted,10,0.0995222929936305,0,25,None,66,1,5,False,1000,1000
820,20,weighted,10,0.0995222929936305,0,18,None,66,1,5,False,1000,1000
821,21,weighted,10,0.0995222929936305,0,18,None,66,1,5,False,1000,1000
822,22,weighted,10,0.0995222929936305,0,18,None,66,1,5,False,1000,1000
823,23,weighted,10,0.0995222929936305,0,18,None,66,1,5,False,1000,1000
824,24,weighted,10,0.0995222929936305,0,18,None,66,1,5,False,1000,1000
825,20,weighted,10,0.0995222929936305,0,8,None,66,1,5,False,1000,1000
826,21,weighted,10,0.0995222929936305,0,8,None,66,1,5,False,1000,1000
827,22,weighted,10,0.0995222929936305,0,8,None,66,1,5,False,1000,1000
828,23,weighted,10,0.0995222929936305,0,8,None,66,1,5,False,1000,1000
829,24,weighted,10,0.0995222929936305,0,8,None,66,1,5,False,1000,1000
830,20,weighted,10,0.0995222929936305,0,19,None,66,1,5,False,1000,1000
831,21,weighted,10,0.0995222929936305,0,19,None,66,1,5,False,1000,1000
832,22,weighted,10,0.0995222929936305,0,19,None,66,1,5,False,1000,1000
833,23,weighted,10,0.1000199044585987,0,19,None,66,1,5,False,1000,1000
834,24,weighted,10,0.1344546178343949,0,19,None,66,1,5,False,1000,1000
835,20,weighted,10,0.0995222929936305,0,21,None,66,1,5,False,1000,1000
836,21,weighted,10,0.0995222929936305,0,21,None,66,1,5,False,1000,1000
837,22,weighted,10,0.0995222929936305,0,21,None,66,1,5,False,1000,1000
838,23,weighted,10,0.0995222929936305,0,21,None,66,1,5,False,1000,1000
839,24,weighted,10,0.0995222929936305,0,21,None,66,1,5,False,1000,1000
840,25,weighted,10,0.0995222929936305,0,26,None,66,1,5,False,1000,1000
841,26,weighted,10,0.0995222929936305,0,26,None,66,1,5,False,1000,1000
842,27,weighted,10,0.1366441082802547,0,26,None,66,1,5,False,1000,1000
843,28,weighted,10,0.1638136942675159,0,26,None,66,1,5,False,1000,1000
844,29,weighted,10,0.179140127388535,0,26,None,66,1,5,False,1000,1000
845,25,weighted,10,0.0995222929936305,0,12,None,66,1,5,False,1000,1000
846,26,weighted,10,0.0995222929936305,0,12,None,66,1,5,False,1000,1000
847,27,weighted,10,0.0995222929936305,0,12,None,66,1,5,False,1000,1000
848,28,weighted,10,0.0995222929936305,0,12,None,66,1,5,False,1000,1000
849,29,weighted,10,0.0995222929936305,0,12,None,66,1,5,False,1000,1000
850,25,weighted,10,0.0995222929936305,0,11,None,66,1,5,False,1000,1000
851,26,weighted,10,0.0995222929936305,0,11,None,66,1,5,False,1000,1000
852,27,weighted,10,0.174562101910828,0,11,None,66,1,5,False,1000,1000
853,28,weighted,10,0.0995222929936305,0,11,None,66,1,5,False,1000,1000
854,29,weighted,10,0.0995222929936305,0,11,None,66,1,5,False,1000,1000
855,25,weighted,10,0.0995222929936305,0,15,None,66,1,5,False,1000,1000
856,26,weighted,10,0.0995222929936305,0,15,None,66,1,5,False,1000,1000
857,27,weighted,10,0.0995222929936305,0,15,None,66,1,5,False,1000,1000
858,28,weighted,10,0.1653065286624203,0,15,None,66,1,5,False,1000,1000
859,29,weighted,10,0.0995222929936305,0,15,None,66,1,5,False,1000,1000
860,25,weighted,10,0.0995222929936305,0,1,None,66,1,5,False,1000,1000
861,26,weighted,10,0.0995222929936305,0,1,None,66,1,5,False,1000,1000
862,27,weighted,10,0.0995222929936305,0,1,None,66,1,5,False,1000,1000
863,28,weighted,10,0.0995222929936305,0,1,None,66,1,5,False,1000,1000
864,29,weighted,10,0.0995222929936305,0,1,None,66,1,5,False,1000,1000
865,25,weighted,10,0.0995222929936305,0,2,None,66,1,5,False,1000,1000
866,26,weighted,10,0.0995222929936305,0,2,None,66,1,5,False,1000,1000
867,27,weighted,10,0.0995222929936305,0,2,None,66,1,5,False,1000,1000
868,28,weighted,10,0.0995222929936305,0,2,None,66,1,5,False,1000,1000
869,29,weighted,10,0.0995222929936305,0,2,None,66,1,5,False,1000,1000
870,25,weighted,10,0.0995222929936305,0,5,None,66,1,5,False,1000,1000
871,26,weighted,10,0.0995222929936305,0,5,None,66,1,5,False,1000,1000
872,27,weighted,10,0.0995222929936305,0,5,None,66,1,5,False,1000,1000
873,28,weighted,10,0.0995222929936305,0,5,None,66,1,5,False,1000,1000
874,29,weighted,10,0.0995222929936305,0,5,None,66,1,5,False,1000,1000
875,25,weighted,10,0.0995222929936305,0,9,None,66,1,5,False,1000,1000
876,26,weighted,10,0.0995222929936305,0,9,None,66,1,5,False,1000,1000
877,27,weighted,10,0.0995222929936305,0,9,None,66,1,5,False,1000,1000
878,28,weighted,10,0.0995222929936305,0,9,None,66,1,5,False,1000,1000
879,29,weighted,10,0.0995222929936305,0,9,None,66,1,5,False,1000,1000
880,25,weighted,10,0.0995222929936305,0,28,None,66,1,5,False,1000,1000
881,26,weighted,10,0.0995222929936305,0,28,None,66,1,5,False,1000,1000
882,27,weighted,10,0.0995222929936305,0,28,None,66,1,5,False,1000,1000
883,28,weighted,10,0.0995222929936305,0,28,None,66,1,5,False,1000,1000
884,29,weighted,10,0.0995222929936305,0,28,None,66,1,5,False,1000,1000
885,25,weighted,10,0.1989450636942675,0,13,None,66,1,5,False,1000,1000
886,26,weighted,10,0.1986464968152866,0,13,None,66,1,5,False,1000,1000
887,27,weighted,10,0.1776472929936305,0,13,None,66,1,5,False,1000,1000
888,28,weighted,10,0.121218152866242,0,13,None,66,1,5,False,1000,1000
889,29,weighted,10,0.101015127388535,0,13,None,66,1,5,False,1000,1000
890,25,weighted,10,0.0995222929936305,0,29,None,66,1,5,False,1000,1000
891,26,weighted,10,0.0995222929936305,0,29,None,66,1,5,False,1000,1000
892,27,weighted,10,0.0995222929936305,0,29,None,66,1,5,False,1000,1000
893,28,weighted,10,0.0995222929936305,0,29,None,66,1,5,False,1000,1000
894,29,weighted,10,0.0995222929936305,0,29,None,66,1,5,False,1000,1000
895,25,weighted,10,0.0995222929936305,0,16,None,66,1,5,False,1000,1000
896,26,weighted,10,0.0995222929936305,0,16,None,66,1,5,False,1000,1000
897,27,weighted,10,0.0995222929936305,0,16,None,66,1,5,False,1000,1000
898,28,weighted,10,0.2497014331210191,0,16,None,66,1,5,False,1000,1000
899,29,weighted,10,0.1741640127388535,0,16,None,66,1,5,False,1000,1000
900,25,weighted,10,0.0995222929936305,0,7,None,66,1,5,False,1000,1000
901,26,weighted,10,0.0995222929936305,0,7,None,66,1,5,False,1000,1000
902,27,weighted,10,0.0995222929936305,0,7,None,66,1,5,False,1000,1000
903,28,weighted,10,0.0995222929936305,0,7,None,66,1,5,False,1000,1000
904,29,weighted,10,0.0995222929936305,0,7,None,66,1,5,False,1000,1000
905,25,weighted,10,0.0995222929936305,0,3,None,66,1,5,False,1000,1000
906,26,weighted,10,0.0995222929936305,0,3,None,66,1,5,False,1000,1000
907,27,weighted,10,0.0995222929936305,0,3,None,66,1,5,False,1000,1000
908,28,weighted,10,0.0995222929936305,0,3,None,66,1,5,False,1000,1000
909,29,weighted,10,0.0995222929936305,0,3,None,66,1,5,False,1000,1000
910,25,weighted,10,0.0995222929936305,0,10,None,66,1,5,False,1000,1000
911,26,weighted,10,0.0995222929936305,0,10,None,66,1,5,False,1000,1000
912,27,weighted,10,0.1700835987261146,0,10,None,66,1,5,False,1000,1000
913,28,weighted,10,0.1962579617834395,0,10,None,66,1,5,False,1000,1000
914,29,weighted,10,0.0996218152866242,0,10,None,66,1,5,False,1000,1000
915,25,weighted,10,0.0995222929936305,0,6,None,66,1,5,False,1000,1000
916,26,weighted,10,0.0995222929936305,0,6,None,66,1,5,False,1000,1000
917,27,weighted,10,0.0995222929936305,0,6,None,66,1,5,False,1000,1000
918,28,weighted,10,0.0995222929936305,0,6,None,66,1,5,False,1000,1000
919,29,weighted,10,0.0995222929936305,0,6,None,66,1,5,False,1000,1000
920,25,weighted,10,0.0995222929936305,0,20,None,66,1,5,False,1000,1000
921,26,weighted,10,0.0995222929936305,0,20,None,66,1,5,False,1000,1000
922,27,weighted,10,0.0995222929936305,0,20,None,66,1,5,False,1000,1000
923,28,weighted,10,0.0995222929936305,0,20,None,66,1,5,False,1000,1000
924,29,weighted,10,0.0995222929936305,0,20,None,66,1,5,False,1000,1000
925,25,weighted,10,0.0995222929936305,0,22,None,66,1,5,False,1000,1000
926,26,weighted,10,0.0995222929936305,0,22,None,66,1,5,False,1000,1000
927,27,weighted,10,0.0995222929936305,0,22,None,66,1,5,False,1000,1000
928,28,weighted,10,0.0995222929936305,0,22,None,66,1,5,False,1000,1000
929,29,weighted,10,0.0995222929936305,0,22,None,66,1,5,False,1000,1000
930,25,weighted,10,0.0995222929936305,0,32,None,66,1,5,False,1000,1000
931,26,weighted,10,0.0995222929936305,0,32,None,66,1,5,False,1000,1000
932,27,weighted,10,0.1323646496815286,0,32,None,66,1,5,False,1000,1000
933,28,weighted,10,0.1862062101910828,0,32,None,66,1,5,False,1000,1000
934,29,weighted,10,0.1415207006369426,0,32,None,66,1,5,False,1000,1000
935,25,weighted,10,0.0995222929936305,0,24,None,66,1,5,False,1000,1000
936,26,weighted,10,0.0995222929936305,0,24,None,66,1,5,False,1000,1000
937,27,weighted,10,0.0995222929936305,0,24,None,66,1,5,False,1000,1000
938,28,weighted,10,0.0995222929936305,0,24,None,66,1,5,False,1000,1000
939,29,weighted,10,0.0995222929936305,0,24,None,66,1,5,False,1000,1000
940,25,weighted,10,0.0995222929936305,0,17,None,66,1,5,False,1000,1000
941,26,weighted,10,0.0995222929936305,0,17,None,66,1,5,False,1000,1000
942,27,weighted,10,0.0995222929936305,0,17,None,66,1,5,False,1000,1000
943,28,weighted,10,0.0995222929936305,0,17,None,66,1,5,False,1000,1000
944,29,weighted,10,0.0995222929936305,0,17,None,66,1,5,False,1000,1000
945,25,weighted,10,0.0995222929936305,0,4,None,66,1,5,False,1000,1000
946,26,weighted,10,0.0995222929936305,0,4,None,66,1,5,False,1000,1000
947,27,weighted,10,0.0995222929936305,0,4,None,66,1,5,False,1000,1000
948,28,weighted,10,0.0995222929936305,0,4,None,66,1,5,False,1000,1000
949,29,weighted,10,0.0995222929936305,0,4,None,66,1,5,False,1000,1000
950,25,weighted,10,0.0995222929936305,0,0,None,66,1,5,False,1000,1000
951,26,weighted,10,0.0995222929936305,0,0,None,66,1,5,False,1000,1000
952,27,weighted,10,0.0995222929936305,0,0,None,66,1,5,False,1000,1000
953,28,weighted,10,0.0995222929936305,0,0,None,66,1,5,False,1000,1000
954,29,weighted,10,0.0995222929936305,0,0,None,66,1,5,False,1000,1000
955,25,weighted,10,0.0995222929936305,0,23,None,66,1,5,False,1000,1000
956,26,weighted,10,0.0995222929936305,0,23,None,66,1,5,False,1000,1000
957,27,weighted,10,0.0995222929936305,0,23,None,66,1,5,False,1000,1000
958,28,weighted,10,0.0995222929936305,0,23,None,66,1,5,False,1000,1000
959,29,weighted,10,0.0995222929936305,0,23,None,66,1,5,False,1000,1000
960,25,weighted,10,0.0995222929936305,0,8,None,66,1,5,False,1000,1000
961,26,weighted,10,0.0995222929936305,0,8,None,66,1,5,False,1000,1000
962,27,weighted,10,0.0995222929936305,0,8,None,66,1,5,False,1000,1000
963,28,weighted,10,0.0995222929936305,0,8,None,66,1,5,False,1000,1000
964,29,weighted,10,0.0995222929936305,0,8,None,66,1,5,False,1000,1000
965,25,weighted,10,0.0995222929936305,0,19,None,66,1,5,False,1000,1000
966,26,weighted,10,0.0995222929936305,0,19,None,66,1,5,False,1000,1000
967,27,weighted,10,0.0995222929936305,0,19,None,66,1,5,False,1000,1000
968,28,weighted,10,0.0995222929936305,0,19,None,66,1,5,False,1000,1000
969,29,weighted,10,0.0995222929936305,0,19,None,66,1,5,False,1000,1000
970,25,weighted,10,0.0995222929936305,0,21,None,66,1,5,False,1000,1000
971,26,weighted,10,0.0995222929936305,0,21,None,66,1,5,False,1000,1000
972,27,weighted,10,0.0995222929936305,0,21,None,66,1,5,False,1000,1000
973,28,weighted,10,0.0995222929936305,0,21,None,66,1,5,False,1000,1000
974,29,weighted,10,0.0995222929936305,0,21,None,66,1,5,False,1000,1000
975,25,weighted,10,0.0995222929936305,0,27,None,66,1,5,False,1000,1000
976,26,weighted,10,0.0995222929936305,0,27,None,66,1,5,False,1000,1000
977,27,weighted,10,0.0995222929936305,0,27,None,66,1,5,False,1000,1000
978,28,weighted,10,0.0995222929936305,0,27,None,66,1,5,False,1000,1000
979,29,weighted,10,0.0995222929936305,0,27,None,66,1,5,False,1000,1000
980,25,weighted,10,0.0995222929936305,0,18,None,66,1,5,False,1000,1000
981,26,weighted,10,0.0995222929936305,0,18,None,66,1,5,False,1000,1000
982,27,weighted,10,0.0995222929936305,0,18,None,66,1,5,False,1000,1000
983,28,weighted,10,0.0995222929936305,0,18,None,66,1,5,False,1000,1000
984,29,weighted,10,0.0995222929936305,0,18,None,66,1,5,False,1000,1000
985,25,weighted,10,0.0995222929936305,0,31,None,66,1,5,False,1000,1000
986,26,weighted,10,0.0995222929936305,0,31,None,66,1,5,False,1000,1000
987,27,weighted,10,0.0995222929936305,0,31,None,66,1,5,False,1000,1000
988,28,weighted,10,0.0995222929936305,0,31,None,66,1,5,False,1000,1000
989,29,weighted,10,0.0995222929936305,0,31,None,66,1,5,False,1000,1000
1320,30,weighted,10,0.0995222929936305,0,1,None,66,1,5,False,1000,1000
1321,31,weighted,10,0.0995222929936305,0,1,None,66,1,5,False,1000,1000
1322,32,weighted,10,0.0995222929936305,0,1,None,66,1,5,False,1000,1000
1323,33,weighted,10,0.0995222929936305,0,1,None,66,1,5,False,1000,1000
1324,34,weighted,10,0.0995222929936305,0,1,None,66,1,5,False,1000,1000
1325,30,weighted,10,0.0995222929936305,0,2,None,66,1,5,False,1000,1000
1326,31,weighted,10,0.0995222929936305,0,2,None,66,1,5,False,1000,1000
1327,32,weighted,10,0.0995222929936305,0,2,None,66,1,5,False,1000,1000
1328,33,weighted,10,0.0995222929936305,0,2,None,66,1,5,False,1000,1000
1329,34,weighted,10,0.0995222929936305,0,2,None,66,1,5,False,1000,1000
1330,30,weighted,10,0.0995222929936305,0,5,None,66,1,5,False,1000,1000
1331,31,weighted,10,0.0995222929936305,0,5,None,66,1,5,False,1000,1000
1332,32,weighted,10,0.0995222929936305,0,5,None,66,1,5,False,1000,1000
1333,33,weighted,10,0.0995222929936305,0,5,None,66,1,5,False,1000,1000
1334,34,weighted,10,0.0995222929936305,0,5,None,66,1,5,False,1000,1000
1335,30,weighted,10,0.0995222929936305,0,13,None,66,1,5,False,1000,1000
1336,31,weighted,10,0.0995222929936305,0,13,None,66,1,5,False,1000,1000
1337,32,weighted,10,0.0995222929936305,0,13,None,66,1,5,False,1000,1000
1338,33,weighted,10,0.0995222929936305,0,13,None,66,1,5,False,1000,1000
1339,34,weighted,10,0.0995222929936305,0,13,None,66,1,5,False,1000,1000
1340,30,weighted,10,0.0995222929936305,0,15,None,66,1,5,False,1000,1000
1341,31,weighted,10,0.0995222929936305,0,15,None,66,1,5,False,1000,1000
1342,32,weighted,10,0.0995222929936305,0,15,None,66,1,5,False,1000,1000
1343,33,weighted,10,0.1859076433121019,0,15,None,66,1,5,False,1000,1000
1344,34,weighted,10,0.0995222929936305,0,15,None,66,1,5,False,1000,1000
1345,30,weighted,10,0.0995222929936305,0,16,None,66,1,5,False,1000,1000
1346,31,weighted,10,0.0995222929936305,0,16,None,66,1,5,False,1000,1000
1347,32,weighted,10,0.0995222929936305,0,16,None,66,1,5,False,1000,1000
1348,33,weighted,10,0.0995222929936305,0,16,None,66,1,5,False,1000,1000
1349,34,weighted,10,0.1697850318471337,0,16,None,66,1,5,False,1000,1000
1350,30,weighted,10,0.0995222929936305,0,14,None,66,1,5,False,1000,1000
1351,31,weighted,10,0.0995222929936305,0,14,None,66,1,5,False,1000,1000
1352,32,weighted,10,0.0995222929936305,0,14,None,66,1,5,False,1000,1000
1353,33,weighted,10,0.0995222929936305,0,14,None,66,1,5,False,1000,1000
1354,34,weighted,10,0.0995222929936305,0,14,None,66,1,5,False,1000,1000
1355,30,weighted,10,0.0995222929936305,0,25,None,66,1,5,False,1000,1000
1356,31,weighted,10,0.0995222929936305,0,25,None,66,1,5,False,1000,1000
1357,32,weighted,10,0.0995222929936305,0,25,None,66,1,5,False,1000,1000
1358,33,weighted,10,0.0995222929936305,0,25,None,66,1,5,False,1000,1000
1359,34,weighted,10,0.0995222929936305,0,25,None,66,1,5,False,1000,1000
1360,30,weighted,10,0.0995222929936305,0,26,None,66,1,5,False,1000,1000
1361,31,weighted,10,0.0995222929936305,0,26,None,66,1,5,False,1000,1000
1362,32,weighted,10,0.0995222929936305,0,26,None,66,1,5,False,1000,1000
1363,33,weighted,10,0.0995222929936305,0,26,None,66,1,5,False,1000,1000
1364,34,weighted,10,0.0995222929936305,0,26,None,66,1,5,False,1000,1000
1365,30,weighted,10,0.1051950636942675,0,12,None,66,1,5,False,1000,1000
1366,31,weighted,10,0.1762539808917197,0,12,None,66,1,5,False,1000,1000
1367,32,weighted,10,0.0995222929936305,0,12,None,66,1,5,False,1000,1000
1368,33,weighted,10,0.0995222929936305,0,12,None,66,1,5,False,1000,1000
1369,34,weighted,10,0.0995222929936305,0,12,None,66,1,5,False,1000,1000
1370,30,weighted,10,0.0995222929936305,0,28,None,66,1,5,False,1000,1000
1371,31,weighted,10,0.0995222929936305,0,28,None,66,1,5,False,1000,1000
1372,32,weighted,10,0.0995222929936305,0,28,None,66,1,5,False,1000,1000
1373,33,weighted,10,0.0995222929936305,0,28,None,66,1,5,False,1000,1000
1374,34,weighted,10,0.0995222929936305,0,28,None,66,1,5,False,1000,1000
1375,30,weighted,10,0.1384355095541401,0,9,None,66,1,5,False,1000,1000
1376,31,weighted,10,0.1394307324840764,0,9,None,66,1,5,False,1000,1000
1377,32,weighted,10,0.1408240445859872,0,9,None,66,1,5,False,1000,1000
1378,33,weighted,10,0.1422173566878981,0,9,None,66,1,5,False,1000,1000
1379,34,weighted,10,0.143312101910828,0,9,None,66,1,5,False,1000,1000
1380,30,weighted,10,0.1721735668789809,0,29,None,66,1,5,False,1000,1000
1381,31,weighted,10,0.0995222929936305,0,29,None,66,1,5,False,1000,1000
1382,32,weighted,10,0.0995222929936305,0,29,None,66,1,5,False,1000,1000
1383,33,weighted,10,0.0995222929936305,0,29,None,66,1,5,False,1000,1000
1384,34,weighted,10,0.0995222929936305,0,29,None,66,1,5,False,1000,1000
1385,30,weighted,10,0.0995222929936305,0,30,None,66,1,5,False,1000,1000
1386,31,weighted,10,0.1990445859872611,0,30,None,66,1,5,False,1000,1000
1387,32,weighted,10,0.0995222929936305,0,30,None,66,1,5,False,1000,1000
1388,33,weighted,10,0.0995222929936305,0,30,None,66,1,5,False,1000,1000
1389,34,weighted,10,0.0995222929936305,0,30,None,66,1,5,False,1000,1000
1390,30,weighted,10,0.0995222929936305,0,27,None,66,1,5,False,1000,1000
1391,31,weighted,10,0.0995222929936305,0,27,None,66,1,5,False,1000,1000
1392,32,weighted,10,0.0995222929936305,0,27,None,66,1,5,False,1000,1000
1393,33,weighted,10,0.0995222929936305,0,27,None,66,1,5,False,1000,1000
1394,34,weighted,10,0.0995222929936305,0,27,None,66,1,5,False,1000,1000
1395,30,weighted,10,0.0995222929936305,0,18,None,66,1,5,False,1000,1000
1396,31,weighted,10,0.0995222929936305,0,18,None,66,1,5,False,1000,1000
1397,32,weighted,10,0.0995222929936305,0,18,None,66,1,5,False,1000,1000
1398,33,weighted,10,0.0995222929936305,0,18,None,66,1,5,False,1000,1000
1399,34,weighted,10,0.103702229299363,0,18,None,66,1,5,False,1000,1000
1400,30,weighted,10,0.0995222929936305,0,31,None,66,1,5,False,1000,1000
1401,31,weighted,10,0.0995222929936305,0,31,None,66,1,5,False,1000,1000
1402,32,weighted,10,0.0995222929936305,0,31,None,66,1,5,False,1000,1000
1403,33,weighted,10,0.0995222929936305,0,31,None,66,1,5,False,1000,1000
1404,34,weighted,10,0.0995222929936305,0,31,None,66,1,5,False,1000,1000
1405,30,weighted,10,0.0995222929936305,0,7,None,66,1,5,False,1000,1000
1406,31,weighted,10,0.0995222929936305,0,7,None,66,1,5,False,1000,1000
1407,32,weighted,10,0.0995222929936305,0,7,None,66,1,5,False,1000,1000
1408,33,weighted,10,0.1071855095541401,0,7,None,66,1,5,False,1000,1000
1409,34,weighted,10,0.0995222929936305,0,7,None,66,1,5,False,1000,1000
1410,30,weighted,10,0.0995222929936305,0,11,None,66,1,5,False,1000,1000
1411,31,weighted,10,0.0995222929936305,0,11,None,66,1,5,False,1000,1000
1412,32,weighted,10,0.1744625796178344,0,11,None,66,1,5,False,1000,1000
1413,33,weighted,10,0.0995222929936305,0,11,None,66,1,5,False,1000,1000
1414,34,weighted,10,0.0995222929936305,0,11,None,66,1,5,False,1000,1000
1415,30,weighted,10,0.0995222929936305,0,17,None,66,1,5,False,1000,1000
1416,31,weighted,10,0.0995222929936305,0,17,None,66,1,5,False,1000,1000
1417,32,weighted,10,0.0995222929936305,0,17,None,66,1,5,False,1000,1000
1418,33,weighted,10,0.0995222929936305,0,17,None,66,1,5,False,1000,1000
1419,34,weighted,10,0.0995222929936305,0,17,None,66,1,5,False,1000,1000
1420,30,weighted,10,0.0995222929936305,0,3,None,66,1,5,False,1000,1000
1421,31,weighted,10,0.0995222929936305,0,3,None,66,1,5,False,1000,1000
1422,32,weighted,10,0.0995222929936305,0,3,None,66,1,5,False,1000,1000
1423,33,weighted,10,0.0995222929936305,0,3,None,66,1,5,False,1000,1000
1424,34,weighted,10,0.0995222929936305,0,3,None,66,1,5,False,1000,1000
1425,30,weighted,10,0.0995222929936305,0,4,None,66,1,5,False,1000,1000
1426,31,weighted,10,0.0995222929936305,0,4,None,66,1,5,False,1000,1000
1427,32,weighted,10,0.0995222929936305,0,4,None,66,1,5,False,1000,1000
1428,33,weighted,10,0.0995222929936305,0,4,None,66,1,5,False,1000,1000
1429,34,weighted,10,0.0995222929936305,0,4,None,66,1,5,False,1000,1000
1430,30,weighted,10,0.0995222929936305,0,6,None,66,1,5,False,1000,1000
1431,31,weighted,10,0.0995222929936305,0,6,None,66,1,5,False,1000,1000
1432,32,weighted,10,0.0995222929936305,0,6,None,66,1,5,False,1000,1000
1433,33,weighted,10,0.0995222929936305,0,6,None,66,1,5,False,1000,1000
1434,34,weighted,10,0.0995222929936305,0,6,None,66,1,5,False,1000,1000
1435,30,weighted,10,0.0995222929936305,0,8,None,66,1,5,False,1000,1000
1436,31,weighted,10,0.0995222929936305,0,8,None,66,1,5,False,1000,1000
1437,32,weighted,10,0.0995222929936305,0,8,None,66,1,5,False,1000,1000
1438,33,weighted,10,0.0995222929936305,0,8,None,66,1,5,False,1000,1000
1439,34,weighted,10,0.0995222929936305,0,8,None,66,1,5,False,1000,1000
1440,30,weighted,10,0.0995222929936305,0,10,None,66,1,5,False,1000,1000
1441,31,weighted,10,0.0995222929936305,0,10,None,66,1,5,False,1000,1000
1442,32,weighted,10,0.1600318471337579,0,10,None,66,1,5,False,1000,1000
1443,33,weighted,10,0.2091958598726114,0,10,None,66,1,5,False,1000,1000
1444,34,weighted,10,0.0995222929936305,0,10,None,66,1,5,False,1000,1000
1445,30,weighted,10,0.0995222929936305,0,20,None,66,1,5,False,1000,1000
1446,31,weighted,10,0.0995222929936305,0,20,None,66,1,5,False,1000,1000
1447,32,weighted,10,0.0995222929936305,0,20,None,66,1,5,False,1000,1000
1448,33,weighted,10,0.0995222929936305,0,20,None,66,1,5,False,1000,1000
1449,34,weighted,10,0.0995222929936305,0,20,None,66,1,5,False,1000,1000
1450,30,weighted,10,0.0995222929936305,0,22,None,66,1,5,False,1000,1000
1451,31,weighted,10,0.1798367834394904,0,22,None,66,1,5,False,1000,1000
1452,32,weighted,10,0.0995222929936305,0,22,None,66,1,5,False,1000,1000
1453,33,weighted,10,0.0995222929936305,0,22,None,66,1,5,False,1000,1000
1454,34,weighted,10,0.0995222929936305,0,22,None,66,1,5,False,1000,1000
1455,30,weighted,10,0.0995222929936305,0,23,None,66,1,5,False,1000,1000
1456,31,weighted,10,0.0995222929936305,0,23,None,66,1,5,False,1000,1000
1457,32,weighted,10,0.0995222929936305,0,23,None,66,1,5,False,1000,1000
1458,33,weighted,10,0.0995222929936305,0,23,None,66,1,5,False,1000,1000
1459,34,weighted,10,0.0995222929936305,0,23,None,66,1,5,False,1000,1000
1460,30,weighted,10,0.0995222929936305,0,32,None,66,1,5,False,1000,1000
1461,31,weighted,10,0.0995222929936305,0,32,None,66,1,5,False,1000,1000
1462,32,weighted,10,0.1261942675159235,0,32,None,66,1,5,False,1000,1000
1463,33,weighted,10,0.1835191082802547,0,32,None,66,1,5,False,1000,1000
1464,34,weighted,10,0.1731687898089172,0,32,None,66,1,5,False,1000,1000
1465,30,weighted,10,0.0995222929936305,0,19,None,66,1,5,False,1000,1000
1466,31,weighted,10,0.0995222929936305,0,19,None,66,1,5,False,1000,1000
1467,32,weighted,10,0.0995222929936305,0,19,None,66,1,5,False,1000,1000
1468,33,weighted,10,0.0995222929936305,0,19,None,66,1,5,False,1000,1000
1469,34,weighted,10,0.0995222929936305,0,19,None,66,1,5,False,1000,1000
1470,30,weighted,10,0.0995222929936305,0,21,None,66,1,5,False,1000,1000
1471,31,weighted,10,0.0995222929936305,0,21,None,66,1,5,False,1000,1000
1472,32,weighted,10,0.0995222929936305,0,21,None,66,1,5,False,1000,1000
1473,33,weighted,10,0.0995222929936305,0,21,None,66,1,5,False,1000,1000
1474,34,weighted,10,0.0995222929936305,0,21,None,66,1,5,False,1000,1000
1475,30,weighted,10,0.0995222929936305,0,24,None,66,1,5,False,1000,1000
1476,31,weighted,10,0.0995222929936305,0,24,None,66,1,5,False,1000,1000
1477,32,weighted,10,0.0995222929936305,0,24,None,66,1,5,False,1000,1000
1478,33,weighted,10,0.0995222929936305,0,24,None,66,1,5,False,1000,1000
1479,34,weighted,10,0.0995222929936305,0,24,None,66,1,5,False,1000,1000
1480,30,weighted,10,0.0995222929936305,0,0,None,66,1,5,False,1000,1000
1481,31,weighted,10,0.0995222929936305,0,0,None,66,1,5,False,1000,1000
1482,32,weighted,10,0.0995222929936305,0,0,None,66,1,5,False,1000,1000
1483,33,weighted,10,0.0995222929936305,0,0,None,66,1,5,False,1000,1000
1484,34,weighted,10,0.0995222929936305,0,0,None,66,1,5,False,1000,1000
1485,35,weighted,10,0.0995222929936305,0,21,None,66,1,5,False,1000,1000
1486,36,weighted,10,0.0995222929936305,0,21,None,66,1,5,False,1000,1000
1487,37,weighted,10,0.0995222929936305,0,21,None,66,1,5,False,1000,1000
1488,38,weighted,10,0.0995222929936305,0,21,None,66,1,5,False,1000,1000
1489,39,weighted,10,0.0995222929936305,0,21,None,66,1,5,False,1000,1000
1490,35,weighted,10,0.0995222929936305,0,30,None,66,1,5,False,1000,1000
1491,36,weighted,10,0.0995222929936305,0,30,None,66,1,5,False,1000,1000
1492,37,weighted,10,0.1931727707006369,0,30,None,66,1,5,False,1000,1000
1493,38,weighted,10,0.0999203821656051,0,30,None,66,1,5,False,1000,1000
1494,39,weighted,10,0.0995222929936305,0,30,None,66,1,5,False,1000,1000
1495,35,weighted,10,0.0995222929936305,0,31,None,66,1,5,False,1000,1000
1496,36,weighted,10,0.0995222929936305,0,31,None,66,1,5,False,1000,1000
1497,37,weighted,10,0.0995222929936305,0,31,None,66,1,5,False,1000,1000
1498,38,weighted,10,0.0995222929936305,0,31,None,66,1,5,False,1000,1000
1499,39,weighted,10,0.0995222929936305,0,31,None,66,1,5,False,1000,1000
1500,35,weighted,10,0.0995222929936305,0,27,None,66,1,5,False,1000,1000
1501,36,weighted,10,0.0995222929936305,0,27,None,66,1,5,False,1000,1000
1502,37,weighted,10,0.0995222929936305,0,27,None,66,1,5,False,1000,1000
1503,38,weighted,10,0.0995222929936305,0,27,None,66,1,5,False,1000,1000
1504,39,weighted,10,0.0995222929936305,0,27,None,66,1,5,False,1000,1000
1505,35,weighted,10,0.0995222929936305,0,2,None,66,1,5,False,1000,1000
1506,36,weighted,10,0.0995222929936305,0,2,None,66,1,5,False,1000,1000
1507,37,weighted,10,0.0995222929936305,0,2,None,66,1,5,False,1000,1000
1508,38,weighted,10,0.0995222929936305,0,2,None,66,1,5,False,1000,1000
1509,39,weighted,10,0.0995222929936305,0,2,None,66,1,5,False,1000,1000
1510,35,weighted,10,0.0995222929936305,0,15,None,66,1,5,False,1000,1000
1511,36,weighted,10,0.0995222929936305,0,15,None,66,1,5,False,1000,1000
1512,37,weighted,10,0.0995222929936305,0,15,None,66,1,5,False,1000,1000
1513,38,weighted,10,0.1000199044585987,0,15,None,66,1,5,False,1000,1000
1514,39,weighted,10,0.1548566878980891,0,15,None,66,1,5,False,1000,1000
1515,35,weighted,10,0.0995222929936305,0,5,None,66,1,5,False,1000,1000
1516,36,weighted,10,0.0995222929936305,0,5,None,66,1,5,False,1000,1000
1517,37,weighted,10,0.0995222929936305,0,5,None,66,1,5,False,1000,1000
1518,38,weighted,10,0.0995222929936305,0,5,None,66,1,5,False,1000,1000
1519,39,weighted,10,0.0995222929936305,0,5,None,66,1,5,False,1000,1000
1520,35,weighted,10,0.0995222929936305,0,20,None,66,1,5,False,1000,1000
1521,36,weighted,10,0.0995222929936305,0,20,None,66,1,5,False,1000,1000
1522,37,weighted,10,0.0995222929936305,0,20,None,66,1,5,False,1000,1000
1523,38,weighted,10,0.0995222929936305,0,20,None,66,1,5,False,1000,1000
1524,39,weighted,10,0.0995222929936305,0,20,None,66,1,5,False,1000,1000
1525,35,weighted,10,0.0995222929936305,0,10,None,66,1,5,False,1000,1000
1526,36,weighted,10,0.1115644904458598,0,10,None,66,1,5,False,1000,1000
1527,37,weighted,10,0.198546974522293,0,10,None,66,1,5,False,1000,1000
1528,38,weighted,10,0.0995222929936305,0,10,None,66,1,5,False,1000,1000
1529,39,weighted,10,0.0995222929936305,0,10,None,66,1,5,False,1000,1000
1530,35,weighted,10,0.0995222929936305,0,22,None,66,1,5,False,1000,1000
1531,36,weighted,10,0.0995222929936305,0,22,None,66,1,5,False,1000,1000
1532,37,weighted,10,0.0995222929936305,0,22,None,66,1,5,False,1000,1000
1533,38,weighted,10,0.0995222929936305,0,22,None,66,1,5,False,1000,1000
1534,39,weighted,10,0.0995222929936305,0,22,None,66,1,5,False,1000,1000
1535,35,weighted,10,0.0995222929936305,0,18,None,66,1,5,False,1000,1000
1536,36,weighted,10,0.0995222929936305,0,18,None,66,1,5,False,1000,1000
1537,37,weighted,10,0.0995222929936305,0,18,None,66,1,5,False,1000,1000
1538,38,weighted,10,0.0995222929936305,0,18,None,66,1,5,False,1000,1000
1539,39,weighted,10,0.0995222929936305,0,18,None,66,1,5,False,1000,1000
1540,35,weighted,10,0.0995222929936305,0,8,None,66,1,5,False,1000,1000
1541,36,weighted,10,0.1493829617834395,0,8,None,66,1,5,False,1000,1000
1542,37,weighted,10,0.0995222929936305,0,8,None,66,1,5,False,1000,1000
1543,38,weighted,10,0.0995222929936305,0,8,None,66,1,5,False,1000,1000
1544,39,weighted,10,0.0995222929936305,0,8,None,66,1,5,False,1000,1000
1545,35,weighted,10,0.0995222929936305,0,19,None,66,1,5,False,1000,1000
1546,36,weighted,10,0.0995222929936305,0,19,None,66,1,5,False,1000,1000
1547,37,weighted,10,0.0995222929936305,0,19,None,66,1,5,False,1000,1000
1548,38,weighted,10,0.0995222929936305,0,19,None,66,1,5,False,1000,1000
1549,39,weighted,10,0.0995222929936305,0,19,None,66,1,5,False,1000,1000
1550,35,weighted,10,0.0995222929936305,0,14,None,66,1,5,False,1000,1000
1551,36,weighted,10,0.0995222929936305,0,14,None,66,1,5,False,1000,1000
1552,37,weighted,10,0.0995222929936305,0,14,None,66,1,5,False,1000,1000
1553,38,weighted,10,0.0995222929936305,0,14,None,66,1,5,False,1000,1000
1554,39,weighted,10,0.0995222929936305,0,14,None,66,1,5,False,1000,1000
1555,35,weighted,10,0.0995222929936305,0,23,None,66,1,5,False,1000,1000
1556,36,weighted,10,0.0995222929936305,0,23,None,66,1,5,False,1000,1000
1557,37,weighted,10,0.0995222929936305,0,23,None,66,1,5,False,1000,1000
1558,38,weighted,10,0.0995222929936305,0,23,None,66,1,5,False,1000,1000
1559,39,weighted,10,0.0995222929936305,0,23,None,66,1,5,False,1000,1000
1560,35,weighted,10,0.0995222929936305,0,4,None,66,1,5,False,1000,1000
1561,36,weighted,10,0.0995222929936305,0,4,None,66,1,5,False,1000,1000
1562,37,weighted,10,0.0995222929936305,0,4,None,66,1,5,False,1000,1000
1563,38,weighted,10,0.0995222929936305,0,4,None,66,1,5,False,1000,1000
1564,39,weighted,10,0.0995222929936305,0,4,None,66,1,5,False,1000,1000
1565,35,weighted,10,0.0995222929936305,0,28,None,66,1,5,False,1000,1000
1566,36,weighted,10,0.0995222929936305,0,28,None,66,1,5,False,1000,1000
1567,37,weighted,10,0.0995222929936305,0,28,None,66,1,5,False,1000,1000
1568,38,weighted,10,0.0995222929936305,0,28,None,66,1,5,False,1000,1000
1569,39,weighted,10,0.0995222929936305,0,28,None,66,1,5,False,1000,1000
1570,35,weighted,10,0.0995222929936305,0,29,None,66,1,5,False,1000,1000
1571,36,weighted,10,0.1789410828025477,0,29,None,66,1,5,False,1000,1000
1572,37,weighted,10,0.0995222929936305,0,29,None,66,1,5,False,1000,1000
1573,38,weighted,10,0.0995222929936305,0,29,None,66,1,5,False,1000,1000
1574,39,weighted,10,0.0995222929936305,0,29,None,66,1,5,False,1000,1000
1575,35,weighted,10,0.0995222929936305,0,9,None,66,1,5,False,1000,1000
1576,36,weighted,10,0.0995222929936305,0,9,None,66,1,5,False,1000,1000
1577,37,weighted,10,0.0995222929936305,0,9,None,66,1,5,False,1000,1000
1578,38,weighted,10,0.0995222929936305,0,9,None,66,1,5,False,1000,1000
1579,39,weighted,10,0.0995222929936305,0,9,None,66,1,5,False,1000,1000
1580,35,weighted,10,0.0995222929936305,0,13,None,66,1,5,False,1000,1000
1581,36,weighted,10,0.0995222929936305,0,13,None,66,1,5,False,1000,1000
1582,37,weighted,10,0.0995222929936305,0,13,None,66,1,5,False,1000,1000
1583,38,weighted,10,0.0995222929936305,0,13,None,66,1,5,False,1000,1000
1584,39,weighted,10,0.0995222929936305,0,13,None,66,1,5,False,1000,1000
1585,35,weighted,10,0.0995222929936305,0,25,None,66,1,5,False,1000,1000
1586,36,weighted,10,0.0995222929936305,0,25,None,66,1,5,False,1000,1000
1587,37,weighted,10,0.0995222929936305,0,25,None,66,1,5,False,1000,1000
1588,38,weighted,10,0.0995222929936305,0,25,None,66,1,5,False,1000,1000
1589,39,weighted,10,0.0995222929936305,0,25,None,66,1,5,False,1000,1000
1590,35,weighted,10,0.0995222929936305,0,12,None,66,1,5,False,1000,1000
1591,36,weighted,10,0.0995222929936305,0,12,None,66,1,5,False,1000,1000
1592,37,weighted,10,0.0995222929936305,0,12,None,66,1,5,False,1000,1000
1593,38,weighted,10,0.0995222929936305,0,12,None,66,1,5,False,1000,1000
1594,39,weighted,10,0.0995222929936305,0,12,None,66,1,5,False,1000,1000
1595,35,weighted,10,0.0995222929936305,0,26,None,66,1,5,False,1000,1000
1596,36,weighted,10,0.0995222929936305,0,26,None,66,1,5,False,1000,1000
1597,37,weighted,10,0.0995222929936305,0,26,None,66,1,5,False,1000,1000
1598,38,weighted,10,0.0995222929936305,0,26,None,66,1,5,False,1000,1000
1599,39,weighted,10,0.0995222929936305,0,26,None,66,1,5,False,1000,1000
1600,35,weighted,10,0.0998208598726114,0,7,None,66,1,5,False,1000,1000
1601,36,weighted,10,0.0995222929936305,0,7,None,66,1,5,False,1000,1000
1602,37,weighted,10,0.0995222929936305,0,7,None,66,1,5,False,1000,1000
1603,38,weighted,10,0.0995222929936305,0,7,None,66,1,5,False,1000,1000
1604,39,weighted,10,0.0995222929936305,0,7,None,66,1,5,False,1000,1000
1605,35,weighted,10,0.0995222929936305,0,6,None,66,1,5,False,1000,1000
1606,36,weighted,10,0.0995222929936305,0,6,None,66,1,5,False,1000,1000
1607,37,weighted,10,0.0995222929936305,0,6,None,66,1,5,False,1000,1000
1608,38,weighted,10,0.0995222929936305,0,6,None,66,1,5,False,1000,1000
1609,39,weighted,10,0.0995222929936305,0,6,None,66,1,5,False,1000,1000
1610,35,weighted,10,0.0995222929936305,0,16,None,66,1,5,False,1000,1000
1611,36,weighted,10,0.0995222929936305,0,16,None,66,1,5,False,1000,1000
1612,37,weighted,10,0.0995222929936305,0,16,None,66,1,5,False,1000,1000
1613,38,weighted,10,0.1003184713375796,0,16,None,66,1,5,False,1000,1000
1614,39,weighted,10,0.1871019108280254,0,16,None,66,1,5,False,1000,1000
1615,35,weighted,10,0.1013136942675159,0,32,None,66,1,5,False,1000,1000
1616,36,weighted,10,0.1697850318471337,0,32,None,66,1,5,False,1000,1000
1617,37,weighted,10,0.1877985668789809,0,32,None,66,1,5,False,1000,1000
1618,38,weighted,10,0.1296775477707006,0,32,None,66,1,5,False,1000,1000
1619,39,weighted,10,0.0995222929936305,0,32,None,66,1,5,False,1000,1000
1620,35,weighted,10,0.0995222929936305,0,11,None,66,1,5,False,1000,1000
1621,36,weighted,10,0.1297770700636942,0,11,None,66,1,5,False,1000,1000
1622,37,weighted,10,0.1013136942675159,0,11,None,66,1,5,False,1000,1000
1623,38,weighted,10,0.0995222929936305,0,11,None,66,1,5,False,1000,1000
1624,39,weighted,10,0.0995222929936305,0,11,None,66,1,5,False,1000,1000
1625,35,weighted,10,0.0995222929936305,0,3,None,66,1,5,False,1000,1000
1626,36,weighted,10,0.0995222929936305,0,3,None,66,1,5,False,1000,1000
1627,37,weighted,10,0.0995222929936305,0,3,None,66,1,5,False,1000,1000
1628,38,weighted,10,0.0995222929936305,0,3,None,66,1,5,False,1000,1000
1629,39,weighted,10,0.0995222929936305,0,3,None,66,1,5,False,1000,1000
1630,35,weighted,10,0.0995222929936305,0,17,None,66,1,5,False,1000,1000
1631,36,weighted,10,0.0995222929936305,0,17,None,66,1,5,False,1000,1000
1632,37,weighted,10,0.0995222929936305,0,17,None,66,1,5,False,1000,1000
1633,38,weighted,10,0.0995222929936305,0,17,None,66,1,5,False,1000,1000
1634,39,weighted,10,0.0995222929936305,0,17,None,66,1,5,False,1000,1000
1635,35,weighted,10,0.0995222929936305,0,24,None,66,1,5,False,1000,1000
1636,36,weighted,10,0.0995222929936305,0,24,None,66,1,5,False,1000,1000
1637,37,weighted,10,0.0995222929936305,0,24,None,66,1,5,False,1000,1000
1638,38,weighted,10,0.0995222929936305,0,24,None,66,1,5,False,1000,1000
1639,39,weighted,10,0.0995222929936305,0,24,None,66,1,5,False,1000,1000
1640,35,weighted,10,0.0995222929936305,0,1,None,66,1,5,False,1000,1000
1641,36,weighted,10,0.0995222929936305,0,1,None,66,1,5,False,1000,1000
1642,37,weighted,10,0.0995222929936305,0,1,None,66,1,5,False,1000,1000
1643,38,weighted,10,0.0995222929936305,0,1,None,66,1,5,False,1000,1000
1644,39,weighted,10,0.0995222929936305,0,1,None,66,1,5,False,1000,1000
1645,35,weighted,10,0.0995222929936305,0,0,None,66,1,5,False,1000,1000
1646,36,weighted,10,0.0995222929936305,0,0,None,66,1,5,False,1000,1000
1647,37,weighted,10,0.0995222929936305,0,0,None,66,1,5,False,1000,1000
1648,38,weighted,10,0.0995222929936305,0,0,None,66,1,5,False,1000,1000
1649,39,weighted,10,0.0995222929936305,0,0,None,66,1,5,False,1000,1000
1650,40,weighted,10,0.0995222929936305,0,26,None,66,1,5,False,1000,1000
1651,41,weighted,10,0.0995222929936305,0,26,None,66,1,5,False,1000,1000
1652,42,weighted,10,0.0995222929936305,0,26,None,66,1,5,False,1000,1000
1653,43,weighted,10,0.0995222929936305,0,26,None,66,1,5,False,1000,1000
1654,44,weighted,10,0.1972531847133758,0,26,None,66,1,5,False,1000,1000
1655,40,weighted,10,0.0995222929936305,0,1,None,66,1,5,False,1000,1000
1656,41,weighted,10,0.0995222929936305,0,1,None,66,1,5,False,1000,1000
1657,42,weighted,10,0.0995222929936305,0,1,None,66,1,5,False,1000,1000
1658,43,weighted,10,0.0995222929936305,0,1,None,66,1,5,False,1000,1000
1659,44,weighted,10,0.0995222929936305,0,1,None,66,1,5,False,1000,1000
1660,40,weighted,10,0.0995222929936305,0,2,None,66,1,5,False,1000,1000
1661,41,weighted,10,0.0995222929936305,0,2,None,66,1,5,False,1000,1000
1662,42,weighted,10,0.0995222929936305,0,2,None,66,1,5,False,1000,1000
1663,43,weighted,10,0.0995222929936305,0,2,None,66,1,5,False,1000,1000
1664,44,weighted,10,0.0995222929936305,0,2,None,66,1,5,False,1000,1000
1665,40,weighted,10,0.0995222929936305,0,7,None,66,1,5,False,1000,1000
1666,41,weighted,10,0.0995222929936305,0,7,None,66,1,5,False,1000,1000
1667,42,weighted,10,0.0995222929936305,0,7,None,66,1,5,False,1000,1000
1668,43,weighted,10,0.0996218152866242,0,7,None,66,1,5,False,1000,1000
1669,44,weighted,10,0.1431130573248407,0,7,None,66,1,5,False,1000,1000
1670,40,weighted,10,0.0995222929936305,0,20,None,66,1,5,False,1000,1000
1671,41,weighted,10,0.0995222929936305,0,20,None,66,1,5,False,1000,1000
1672,42,weighted,10,0.0995222929936305,0,20,None,66,1,5,False,1000,1000
1673,43,weighted,10,0.0995222929936305,0,20,None,66,1,5,False,1000,1000
1674,44,weighted,10,0.0995222929936305,0,20,None,66,1,5,False,1000,1000
1675,40,weighted,10,0.0995222929936305,0,22,None,66,1,5,False,1000,1000
1676,41,weighted,10,0.1035031847133758,0,22,None,66,1,5,False,1000,1000
1677,42,weighted,10,0.0995222929936305,0,22,None,66,1,5,False,1000,1000
1678,43,weighted,10,0.0995222929936305,0,22,None,66,1,5,False,1000,1000
1679,44,weighted,10,0.0995222929936305,0,22,None,66,1,5,False,1000,1000
1680,40,weighted,10,0.1555533439490445,0,32,None,66,1,5,False,1000,1000
1681,41,weighted,10,0.1862062101910828,0,32,None,66,1,5,False,1000,1000
1682,42,weighted,10,0.1807324840764331,0,32,None,66,1,5,False,1000,1000
1683,43,weighted,10,0.1001194267515923,0,32,None,66,1,5,False,1000,1000
1684,44,weighted,10,0.0995222929936305,0,32,None,66,1,5,False,1000,1000
1685,40,weighted,10,0.0995222929936305,0,13,None,66,1,5,False,1000,1000
1686,41,weighted,10,0.0995222929936305,0,13,None,66,1,5,False,1000,1000
1687,42,weighted,10,0.0995222929936305,0,13,None,66,1,5,False,1000,1000
1688,43,weighted,10,0.0995222929936305,0,13,None,66,1,5,False,1000,1000
1689,44,weighted,10,0.0995222929936305,0,13,None,66,1,5,False,1000,1000
1690,40,weighted,10,0.1112659235668789,0,12,None,66,1,5,False,1000,1000
1691,41,weighted,10,0.1961584394904458,0,12,None,66,1,5,False,1000,1000
1692,42,weighted,10,0.0995222929936305,0,12,None,66,1,5,False,1000,1000
1693,43,weighted,10,0.0995222929936305,0,12,None,66,1,5,False,1000,1000
1694,44,weighted,10,0.0995222929936305,0,12,None,66,1,5,False,1000,1000
1695,40,weighted,10,0.0995222929936305,0,14,None,66,1,5,False,1000,1000
1696,41,weighted,10,0.0995222929936305,0,14,None,66,1,5,False,1000,1000
1697,42,weighted,10,0.0995222929936305,0,14,None,66,1,5,False,1000,1000
1698,43,weighted,10,0.0995222929936305,0,14,None,66,1,5,False,1000,1000
1699,44,weighted,10,0.0995222929936305,0,14,None,66,1,5,False,1000,1000
1700,40,weighted,10,0.0995222929936305,0,25,None,66,1,5,False,1000,1000
1701,41,weighted,10,0.0995222929936305,0,25,None,66,1,5,False,1000,1000
1702,42,weighted,10,0.0995222929936305,0,25,None,66,1,5,False,1000,1000
1703,43,weighted,10,0.0995222929936305,0,25,None,66,1,5,False,1000,1000
1704,44,weighted,10,0.0995222929936305,0,25,None,66,1,5,False,1000,1000
1705,40,weighted,10,0.0995222929936305,0,21,None,66,1,5,False,1000,1000
1706,41,weighted,10,0.0995222929936305,0,21,None,66,1,5,False,1000,1000
1707,42,weighted,10,0.0995222929936305,0,21,None,66,1,5,False,1000,1000
1708,43,weighted,10,0.0995222929936305,0,21,None,66,1,5,False,1000,1000
1709,44,weighted,10,0.0995222929936305,0,21,None,66,1,5,False,1000,1000
1710,40,weighted,10,0.0995222929936305,0,23,None,66,1,5,False,1000,1000
1711,41,weighted,10,0.0995222929936305,0,23,None,66,1,5,False,1000,1000
1712,42,weighted,10,0.0995222929936305,0,23,None,66,1,5,False,1000,1000
1713,43,weighted,10,0.0995222929936305,0,23,None,66,1,5,False,1000,1000
1714,44,weighted,10,0.0995222929936305,0,23,None,66,1,5,False,1000,1000
1715,40,weighted,10,0.0995222929936305,0,27,None,66,1,5,False,1000,1000
1716,41,weighted,10,0.0995222929936305,0,27,None,66,1,5,False,1000,1000
1717,42,weighted,10,0.0995222929936305,0,27,None,66,1,5,False,1000,1000
1718,43,weighted,10,0.0995222929936305,0,27,None,66,1,5,False,1000,1000
1719,44,weighted,10,0.0995222929936305,0,27,None,66,1,5,False,1000,1000
1720,40,weighted,10,0.0995222929936305,0,30,None,66,1,5,False,1000,1000
1721,41,weighted,10,0.0995222929936305,0,30,None,66,1,5,False,1000,1000
1722,42,weighted,10,0.1988455414012739,0,30,None,66,1,5,False,1000,1000
1723,43,weighted,10,0.1005175159235668,0,30,None,66,1,5,False,1000,1000
1724,44,weighted,10,0.0995222929936305,0,30,None,66,1,5,False,1000,1000
1725,40,weighted,10,0.0995222929936305,0,31,None,66,1,5,False,1000,1000
1726,41,weighted,10,0.0995222929936305,0,31,None,66,1,5,False,1000,1000
1727,42,weighted,10,0.0995222929936305,0,31,None,66,1,5,False,1000,1000
1728,43,weighted,10,0.0995222929936305,0,31,None,66,1,5,False,1000,1000
1729,44,weighted,10,0.0995222929936305,0,31,None,66,1,5,False,1000,1000
1730,40,weighted,10,0.0995222929936305,0,28,None,66,1,5,False,1000,1000
1731,41,weighted,10,0.0995222929936305,0,28,None,66,1,5,False,1000,1000
1732,42,weighted,10,0.0995222929936305,0,28,None,66,1,5,False,1000,1000
1733,43,weighted,10,0.0995222929936305,0,28,None,66,1,5,False,1000,1000
1734,44,weighted,10,0.0995222929936305,0,28,None,66,1,5,False,1000,1000
1735,40,weighted,10,0.10828025477707,0,9,None,66,1,5,False,1000,1000
1736,41,weighted,10,0.1122611464968152,0,9,None,66,1,5,False,1000,1000
1737,42,weighted,10,0.1158439490445859,0,9,None,66,1,5,False,1000,1000
1738,43,weighted,10,0.1195262738853503,0,9,None,66,1,5,False,1000,1000
1739,44,weighted,10,0.1237062101910828,0,9,None,66,1,5,False,1000,1000
1740,40,weighted,10,0.0995222929936305,0,29,None,66,1,5,False,1000,1000
1741,41,weighted,10,0.1658041401273885,0,29,None,66,1,5,False,1000,1000
1742,42,weighted,10,0.1208200636942675,0,29,None,66,1,5,False,1000,1000
1743,43,weighted,10,0.0995222929936305,0,29,None,66,1,5,False,1000,1000
1744,44,weighted,10,0.0995222929936305,0,29,None,66,1,5,False,1000,1000
1745,40,weighted,10,0.0995222929936305,0,10,None,66,1,5,False,1000,1000
1746,41,weighted,10,0.1138535031847133,0,10,None,66,1,5,False,1000,1000
1747,42,weighted,10,0.1959593949044586,0,10,None,66,1,5,False,1000,1000
1748,43,weighted,10,0.0995222929936305,0,10,None,66,1,5,False,1000,1000
1749,44,weighted,10,0.0995222929936305,0,10,None,66,1,5,False,1000,1000
1750,40,weighted,10,0.0995222929936305,0,15,None,66,1,5,False,1000,1000
1751,41,weighted,10,0.0995222929936305,0,15,None,66,1,5,False,1000,1000
1752,42,weighted,10,0.0995222929936305,0,15,None,66,1,5,False,1000,1000
1753,43,weighted,10,0.129578025477707,0,15,None,66,1,5,False,1000,1000
1754,44,weighted,10,0.2153662420382165,0,15,None,66,1,5,False,1000,1000
1755,40,weighted,10,0.0995222929936305,0,11,None,66,1,5,False,1000,1000
1756,41,weighted,10,0.1202229299363057,0,11,None,66,1,5,False,1000,1000
1757,42,weighted,10,0.1965565286624203,0,11,None,66,1,5,False,1000,1000
1758,43,weighted,10,0.0995222929936305,0,11,None,66,1,5,False,1000,1000
1759,44,weighted,10,0.0995222929936305,0,11,None,66,1,5,False,1000,1000
1760,40,weighted,10,0.0995222929936305,0,17,None,66,1,5,False,1000,1000
1761,41,weighted,10,0.1652070063694267,0,17,None,66,1,5,False,1000,1000
1762,42,weighted,10,0.0995222929936305,0,17,None,66,1,5,False,1000,1000
1763,43,weighted,10,0.0995222929936305,0,17,None,66,1,5,False,1000,1000
1764,44,weighted,10,0.0995222929936305,0,17,None,66,1,5,False,1000,1000
1765,40,weighted,10,0.0995222929936305,0,24,None,66,1,5,False,1000,1000
1766,41,weighted,10,0.0995222929936305,0,24,None,66,1,5,False,1000,1000
1767,42,weighted,10,0.0995222929936305,0,24,None,66,1,5,False,1000,1000
1768,43,weighted,10,0.0995222929936305,0,24,None,66,1,5,False,1000,1000
1769,44,weighted,10,0.0995222929936305,0,24,None,66,1,5,False,1000,1000
1770,40,weighted,10,0.0995222929936305,0,5,None,66,1,5,False,1000,1000
1771,41,weighted,10,0.0995222929936305,0,5,None,66,1,5,False,1000,1000
1772,42,weighted,10,0.0995222929936305,0,5,None,66,1,5,False,1000,1000
1773,43,weighted,10,0.0995222929936305,0,5,None,66,1,5,False,1000,1000
1774,44,weighted,10,0.0995222929936305,0,5,None,66,1,5,False,1000,1000
1775,40,weighted,10,0.0995222929936305,0,6,None,66,1,5,False,1000,1000
1776,41,weighted,10,0.0995222929936305,0,6,None,66,1,5,False,1000,1000
1777,42,weighted,10,0.0995222929936305,0,6,None,66,1,5,False,1000,1000
1778,43,weighted,10,0.0995222929936305,0,6,None,66,1,5,False,1000,1000
1779,44,weighted,10,0.0995222929936305,0,6,None,66,1,5,False,1000,1000
1780,40,weighted,10,0.0995222929936305,0,3,None,66,1,5,False,1000,1000
1781,41,weighted,10,0.0995222929936305,0,3,None,66,1,5,False,1000,1000
1782,42,weighted,10,0.0995222929936305,0,3,None,66,1,5,False,1000,1000
1783,43,weighted,10,0.0995222929936305,0,3,None,66,1,5,False,1000,1000
1784,44,weighted,10,0.0995222929936305,0,3,None,66,1,5,False,1000,1000
1785,40,weighted,10,0.0995222929936305,0,0,None,66,1,5,False,1000,1000
1786,41,weighted,10,0.0995222929936305,0,0,None,66,1,5,False,1000,1000
1787,42,weighted,10,0.0995222929936305,0,0,None,66,1,5,False,1000,1000
1788,43,weighted,10,0.0995222929936305,0,0,None,66,1,5,False,1000,1000
1789,44,weighted,10,0.0995222929936305,0,0,None,66,1,5,False,1000,1000
1790,40,weighted,10,0.0995222929936305,0,4,None,66,1,5,False,1000,1000
1791,41,weighted,10,0.0995222929936305,0,4,None,66,1,5,False,1000,1000
1792,42,weighted,10,0.0995222929936305,0,4,None,66,1,5,False,1000,1000
1793,43,weighted,10,0.0995222929936305,0,4,None,66,1,5,False,1000,1000
1794,44,weighted,10,0.0995222929936305,0,4,None,66,1,5,False,1000,1000
1795,40,weighted,10,0.109375,0,8,None,66,1,5,False,1000,1000
1796,41,weighted,10,0.0995222929936305,0,8,None,66,1,5,False,1000,1000
1797,42,weighted,10,0.0995222929936305,0,8,None,66,1,5,False,1000,1000
1798,43,weighted,10,0.0995222929936305,0,8,None,66,1,5,False,1000,1000
1799,44,weighted,10,0.0995222929936305,0,8,None,66,1,5,False,1000,1000
1800,40,weighted,10,0.0995222929936305,0,16,None,66,1,5,False,1000,1000
1801,41,weighted,10,0.0995222929936305,0,16,None,66,1,5,False,1000,1000
1802,42,weighted,10,0.101015127388535,0,16,None,66,1,5,False,1000,1000
1803,43,weighted,10,0.1274880573248407,0,16,None,66,1,5,False,1000,1000
1804,44,weighted,10,0.1582404458598726,0,16,None,66,1,5,False,1000,1000
1805,40,weighted,10,0.0995222929936305,0,18,None,66,1,5,False,1000,1000
1806,41,weighted,10,0.0995222929936305,0,18,None,66,1,5,False,1000,1000
1807,42,weighted,10,0.0995222929936305,0,18,None,66,1,5,False,1000,1000
1808,43,weighted,10,0.0995222929936305,0,18,None,66,1,5,False,1000,1000
1809,44,weighted,10,0.0995222929936305,0,18,None,66,1,5,False,1000,1000
1810,40,weighted,10,0.0995222929936305,0,19,None,66,1,5,False,1000,1000
1811,41,weighted,10,0.0995222929936305,0,19,None,66,1,5,False,1000,1000
1812,42,weighted,10,0.0995222929936305,0,19,None,66,1,5,False,1000,1000
1813,43,weighted,10,0.0995222929936305,0,19,None,66,1,5,False,1000,1000
1814,44,weighted,10,0.0995222929936305,0,19,None,66,1,5,False,1000,1000
1815,45,weighted,10,0.0995222929936305,0,17,None,66,1,5,False,1000,1000
1816,46,weighted,10,0.0995222929936305,0,17,None,66,1,5,False,1000,1000
1817,47,weighted,10,0.0995222929936305,0,17,None,66,1,5,False,1000,1000
1818,48,weighted,10,0.0995222929936305,0,17,None,66,1,5,False,1000,1000
1819,49,weighted,10,0.0995222929936305,0,17,None,66,1,5,False,1000,1000
1820,45,weighted,10,0.0995222929936305,0,25,None,66,1,5,False,1000,1000
1821,46,weighted,10,0.0995222929936305,0,25,None,66,1,5,False,1000,1000
1822,47,weighted,10,0.0995222929936305,0,25,None,66,1,5,False,1000,1000
1823,48,weighted,10,0.0995222929936305,0,25,None,66,1,5,False,1000,1000
1824,49,weighted,10,0.0995222929936305,0,25,None,66,1,5,False,1000,1000
1825,45,weighted,10,0.0995222929936305,0,1,None,66,1,5,False,1000,1000
1826,46,weighted,10,0.0995222929936305,0,1,None,66,1,5,False,1000,1000
1827,47,weighted,10,0.0995222929936305,0,1,None,66,1,5,False,1000,1000
1828,48,weighted,10,0.0995222929936305,0,1,None,66,1,5,False,1000,1000
1829,49,weighted,10,0.0995222929936305,0,1,None,66,1,5,False,1000,1000
1830,45,weighted,10,0.0995222929936305,0,2,None,66,1,5,False,1000,1000
1831,46,weighted,10,0.0995222929936305,0,2,None,66,1,5,False,1000,1000
1832,47,weighted,10,0.0995222929936305,0,2,None,66,1,5,False,1000,1000
1833,48,weighted,10,0.0995222929936305,0,2,None,66,1,5,False,1000,1000
1834,49,weighted,10,0.0995222929936305,0,2,None,66,1,5,False,1000,1000
1835,45,weighted,10,0.0995222929936305,0,9,None,66,1,5,False,1000,1000
1836,46,weighted,10,0.0995222929936305,0,9,None,66,1,5,False,1000,1000
1837,47,weighted,10,0.0995222929936305,0,9,None,66,1,5,False,1000,1000
1838,48,weighted,10,0.0995222929936305,0,9,None,66,1,5,False,1000,1000
1839,49,weighted,10,0.0995222929936305,0,9,None,66,1,5,False,1000,1000
1840,45,weighted,10,0.0995222929936305,0,13,None,66,1,5,False,1000,1000
1841,46,weighted,10,0.0995222929936305,0,13,None,66,1,5,False,1000,1000
1842,47,weighted,10,0.0995222929936305,0,13,None,66,1,5,False,1000,1000
1843,48,weighted,10,0.0995222929936305,0,13,None,66,1,5,False,1000,1000
1844,49,weighted,10,0.0995222929936305,0,13,None,66,1,5,False,1000,1000
1845,45,weighted,10,0.0995222929936305,0,23,None,66,1,5,False,1000,1000
1846,46,weighted,10,0.0995222929936305,0,23,None,66,1,5,False,1000,1000
1847,47,weighted,10,0.0995222929936305,0,23,None,66,1,5,False,1000,1000
1848,48,weighted,10,0.0995222929936305,0,23,None,66,1,5,False,1000,1000
1849,49,weighted,10,0.0995222929936305,0,23,None,66,1,5,False,1000,1000
1850,45,weighted,10,0.0995222929936305,0,29,None,66,1,5,False,1000,1000
1851,46,weighted,10,0.0995222929936305,0,29,None,66,1,5,False,1000,1000
1852,47,weighted,10,0.1054936305732484,0,29,None,66,1,5,False,1000,1000
1853,48,weighted,10,0.1667993630573248,0,29,None,66,1,5,False,1000,1000
1854,49,weighted,10,0.0995222929936305,0,29,None,66,1,5,False,1000,1000
1855,45,weighted,10,0.0995222929936305,0,5,None,66,1,5,False,1000,1000
1856,46,weighted,10,0.0995222929936305,0,5,None,66,1,5,False,1000,1000
1857,47,weighted,10,0.0995222929936305,0,5,None,66,1,5,False,1000,1000
1858,48,weighted,10,0.0995222929936305,0,5,None,66,1,5,False,1000,1000
1859,49,weighted,10,0.0995222929936305,0,5,None,66,1,5,False,1000,1000
1860,45,weighted,10,0.0995222929936305,0,11,None,66,1,5,False,1000,1000
1861,46,weighted,10,0.1073845541401273,0,11,None,66,1,5,False,1000,1000
1862,47,weighted,10,0.1959593949044586,0,11,None,66,1,5,False,1000,1000
1863,48,weighted,10,0.0995222929936305,0,11,None,66,1,5,False,1000,1000
1864,49,weighted,10,0.0995222929936305,0,11,None,66,1,5,False,1000,1000
1865,45,weighted,10,0.0995222929936305,0,10,None,66,1,5,False,1000,1000
1866,46,weighted,10,0.1213176751592356,0,10,None,66,1,5,False,1000,1000
1867,47,weighted,10,0.2456210191082802,0,10,None,66,1,5,False,1000,1000
1868,48,weighted,10,0.1424164012738853,0,10,None,66,1,5,False,1000,1000
1869,49,weighted,10,0.1073845541401273,0,10,None,66,1,5,False,1000,1000
1870,45,weighted,10,0.0995222929936305,0,15,None,66,1,5,False,1000,1000
1871,46,weighted,10,0.0995222929936305,0,15,None,66,1,5,False,1000,1000
1872,47,weighted,10,0.1002189490445859,0,15,None,66,1,5,False,1000,1000
1873,48,weighted,10,0.1391321656050955,0,15,None,66,1,5,False,1000,1000
1874,49,weighted,10,0.1770501592356688,0,15,None,66,1,5,False,1000,1000
1875,45,weighted,10,0.0995222929936305,0,20,None,66,1,5,False,1000,1000
1876,46,weighted,10,0.0995222929936305,0,20,None,66,1,5,False,1000,1000
1877,47,weighted,10,0.0995222929936305,0,20,None,66,1,5,False,1000,1000
1878,48,weighted,10,0.0995222929936305,0,20,None,66,1,5,False,1000,1000
1879,49,weighted,10,0.0995222929936305,0,20,None,66,1,5,False,1000,1000
1880,45,weighted,10,0.0995222929936305,0,14,None,66,1,5,False,1000,1000
1881,46,weighted,10,0.0995222929936305,0,14,None,66,1,5,False,1000,1000
1882,47,weighted,10,0.0995222929936305,0,14,None,66,1,5,False,1000,1000
1883,48,weighted,10,0.0995222929936305,0,14,None,66,1,5,False,1000,1000
1884,49,weighted,10,0.0995222929936305,0,14,None,66,1,5,False,1000,1000
1885,45,weighted,10,0.0995222929936305,0,22,None,66,1,5,False,1000,1000
1886,46,weighted,10,0.0995222929936305,0,22,None,66,1,5,False,1000,1000
1887,47,weighted,10,0.0995222929936305,0,22,None,66,1,5,False,1000,1000
1888,48,weighted,10,0.0995222929936305,0,22,None,66,1,5,False,1000,1000
1889,49,weighted,10,0.0995222929936305,0,22,None,66,1,5,False,1000,1000
1890,45,weighted,10,0.0996218152866242,0,4,None,66,1,5,False,1000,1000
1891,46,weighted,10,0.0995222929936305,0,4,None,66,1,5,False,1000,1000
1892,47,weighted,10,0.0995222929936305,0,4,None,66,1,5,False,1000,1000
1893,48,weighted,10,0.0995222929936305,0,4,None,66,1,5,False,1000,1000
1894,49,weighted,10,0.0995222929936305,0,4,None,66,1,5,False,1000,1000
1895,45,weighted,10,0.0995222929936305,0,21,None,66,1,5,False,1000,1000
1896,46,weighted,10,0.0995222929936305,0,21,None,66,1,5,False,1000,1000
1897,47,weighted,10,0.0995222929936305,0,21,None,66,1,5,False,1000,1000
1898,48,weighted,10,0.0995222929936305,0,21,None,66,1,5,False,1000,1000
1899,49,weighted,10,0.0995222929936305,0,21,None,66,1,5,False,1000,1000
1900,45,weighted,10,0.0996218152866242,0,8,None,66,1,5,False,1000,1000
1901,46,weighted,10,0.0995222929936305,0,8,None,66,1,5,False,1000,1000
1902,47,weighted,10,0.0995222929936305,0,8,None,66,1,5,False,1000,1000
1903,48,weighted,10,0.0995222929936305,0,8,None,66,1,5,False,1000,1000
1904,49,weighted,10,0.0995222929936305,0,8,None,66,1,5,False,1000,1000
1905,45,weighted,10,0.0995222929936305,0,19,None,66,1,5,False,1000,1000
1906,46,weighted,10,0.0995222929936305,0,19,None,66,1,5,False,1000,1000
1907,47,weighted,10,0.0995222929936305,0,19,None,66,1,5,False,1000,1000
1908,48,weighted,10,0.0995222929936305,0,19,None,66,1,5,False,1000,1000
1909,49,weighted,10,0.0995222929936305,0,19,None,66,1,5,False,1000,1000
1910,45,weighted,10,0.1561504777070063,0,16,None,66,1,5,False,1000,1000
1911,46,weighted,10,0.1204219745222929,0,16,None,66,1,5,False,1000,1000
1912,47,weighted,10,0.1515724522292993,0,16,None,66,1,5,False,1000,1000
1913,48,weighted,10,0.1708797770700637,0,16,None,66,1,5,False,1000,1000
1914,49,weighted,10,0.1821257961783439,0,16,None,66,1,5,False,1000,1000
1915,45,weighted,10,0.0995222929936305,0,7,None,66,1,5,False,1000,1000
1916,46,weighted,10,0.1400278662420382,0,7,None,66,1,5,False,1000,1000
1917,47,weighted,10,0.0995222929936305,0,7,None,66,1,5,False,1000,1000
1918,48,weighted,10,0.0996218152866242,0,7,None,66,1,5,False,1000,1000
1919,49,weighted,10,0.1851114649681528,0,7,None,66,1,5,False,1000,1000
1920,45,weighted,10,0.101015127388535,0,32,None,66,1,5,False,1000,1000
1921,46,weighted,10,0.1558519108280254,0,32,None,66,1,5,False,1000,1000
1922,47,weighted,10,0.1841162420382165,0,32,None,66,1,5,False,1000,1000
1923,48,weighted,10,0.1876990445859872,0,32,None,66,1,5,False,1000,1000
1924,49,weighted,10,0.1525676751592356,0,32,None,66,1,5,False,1000,1000
1925,45,weighted,10,0.1754578025477707,0,18,None,66,1,5,False,1000,1000
1926,46,weighted,10,0.0995222929936305,0,18,None,66,1,5,False,1000,1000
1927,47,weighted,10,0.0995222929936305,0,18,None,66,1,5,False,1000,1000
1928,48,weighted,10,0.0995222929936305,0,18,None,66,1,5,False,1000,1000
1929,49,weighted,10,0.0995222929936305,0,18,None,66,1,5,False,1000,1000
1930,45,weighted,10,0.0995222929936305,0,28,None,66,1,5,False,1000,1000
1931,46,weighted,10,0.0995222929936305,0,28,None,66,1,5,False,1000,1000
1932,47,weighted,10,0.0995222929936305,0,28,None,66,1,5,False,1000,1000
1933,48,weighted,10,0.0995222929936305,0,28,None,66,1,5,False,1000,1000
1934,49,weighted,10,0.0995222929936305,0,28,None,66,1,5,False,1000,1000
1935,45,weighted,10,0.0995222929936305,0,3,None,66,1,5,False,1000,1000
1936,46,weighted,10,0.0995222929936305,0,3,None,66,1,5,False,1000,1000
1937,47,weighted,10,0.0995222929936305,0,3,None,66,1,5,False,1000,1000
1938,48,weighted,10,0.0995222929936305,0,3,None,66,1,5,False,1000,1000
1939,49,weighted,10,0.0995222929936305,0,3,None,66,1,5,False,1000,1000
1940,45,weighted,10,0.0995222929936305,0,6,None,66,1,5,False,1000,1000
1941,46,weighted,10,0.0995222929936305,0,6,None,66,1,5,False,1000,1000
1942,47,weighted,10,0.0995222929936305,0,6,None,66,1,5,False,1000,1000
1943,48,weighted,10,0.0995222929936305,0,6,None,66,1,5,False,1000,1000
1944,49,weighted,10,0.0995222929936305,0,6,None,66,1,5,False,1000,1000
1945,45,weighted,10,0.1522691082802547,0,12,None,66,1,5,False,1000,1000
1946,46,weighted,10,0.1964570063694267,0,12,None,66,1,5,False,1000,1000
1947,47,weighted,10,0.0995222929936305,0,12,None,66,1,5,False,1000,1000
1948,48,weighted,10,0.0995222929936305,0,12,None,66,1,5,False,1000,1000
1949,49,weighted,10,0.0995222929936305,0,12,None,66,1,5,False,1000,1000
1950,45,weighted,10,0.0995222929936305,0,26,None,66,1,5,False,1000,1000
1951,46,weighted,10,0.0995222929936305,0,26,None,66,1,5,False,1000,1000
1952,47,weighted,10,0.0995222929936305,0,26,None,66,1,5,False,1000,1000
1953,48,weighted,10,0.0995222929936305,0,26,None,66,1,5,False,1000,1000
1954,49,weighted,10,0.1000199044585987,0,26,None,66,1,5,False,1000,1000
1955,45,weighted,10,0.0995222929936305,0,24,None,66,1,5,False,1000,1000
1956,46,weighted,10,0.0995222929936305,0,24,None,66,1,5,False,1000,1000
1957,47,weighted,10,0.0995222929936305,0,24,None,66,1,5,False,1000,1000
1958,48,weighted,10,0.0995222929936305,0,24,None,66,1,5,False,1000,1000
1959,49,weighted,10,0.0995222929936305,0,24,None,66,1,5,False,1000,1000
1960,45,weighted,10,0.0995222929936305,0,27,None,66,1,5,False,1000,1000
1961,46,weighted,10,0.0995222929936305,0,27,None,66,1,5,False,1000,1000
1962,47,weighted,10,0.0995222929936305,0,27,None,66,1,5,False,1000,1000
1963,48,weighted,10,0.0995222929936305,0,27,None,66,1,5,False,1000,1000
1964,49,weighted,10,0.0995222929936305,0,27,None,66,1,5,False,1000,1000
1965,45,weighted,10,0.0995222929936305,0,0,None,66,1,5,False,1000,1000
1966,46,weighted,10,0.0995222929936305,0,0,None,66,1,5,False,1000,1000
1967,47,weighted,10,0.0995222929936305,0,0,None,66,1,5,False,1000,1000
1968,48,weighted,10,0.0995222929936305,0,0,None,66,1,5,False,1000,1000
1969,49,weighted,10,0.0995222929936305,0,0,None,66,1,5,False,1000,1000
1970,45,weighted,10,0.0995222929936305,0,30,None,66,1,5,False,1000,1000
1971,46,weighted,10,0.0995222929936305,0,30,None,66,1,5,False,1000,1000
1972,47,weighted,10,0.190983280254777,0,30,None,66,1,5,False,1000,1000
1973,48,weighted,10,0.1811305732484076,0,30,None,66,1,5,False,1000,1000
1974,49,weighted,10,0.0995222929936305,0,30,None,66,1,5,False,1000,1000
1975,45,weighted,10,0.0995222929936305,0,31,None,66,1,5,False,1000,1000
1976,46,weighted,10,0.0995222929936305,0,31,None,66,1,5,False,1000,1000
1977,47,weighted,10,0.0995222929936305,0,31,None,66,1,5,False,1000,1000
1978,48,weighted,10,0.0995222929936305,0,31,None,66,1,5,False,1000,1000
1979,49,weighted,10,0.0995222929936305,0,31,None,66,1,5,False,1000,1000
1980,50,weighted,10,0.0995222929936305,0,24,None,66,1,5,False,1000,1000
1981,51,weighted,10,0.0995222929936305,0,24,None,66,1,5,False,1000,1000
1982,52,weighted,10,0.0995222929936305,0,24,None,66,1,5,False,1000,1000
1983,53,weighted,10,0.0995222929936305,0,24,None,66,1,5,False,1000,1000
1984,54,weighted,10,0.0995222929936305,0,24,None,66,1,5,False,1000,1000
1985,50,weighted,10,0.0995222929936305,0,1,None,66,1,5,False,1000,1000
1986,51,weighted,10,0.0995222929936305,0,1,None,66,1,5,False,1000,1000
1987,52,weighted,10,0.0995222929936305,0,1,None,66,1,5,False,1000,1000
1988,53,weighted,10,0.0995222929936305,0,1,None,66,1,5,False,1000,1000
1989,54,weighted,10,0.0995222929936305,0,1,None,66,1,5,False,1000,1000
1990,50,weighted,10,0.0995222929936305,0,21,None,66,1,5,False,1000,1000
1991,51,weighted,10,0.0995222929936305,0,21,None,66,1,5,False,1000,1000
1992,52,weighted,10,0.0995222929936305,0,21,None,66,1,5,False,1000,1000
1993,53,weighted,10,0.0995222929936305,0,21,None,66,1,5,False,1000,1000
1994,54,weighted,10,0.0995222929936305,0,21,None,66,1,5,False,1000,1000
1995,50,weighted,10,0.1637141719745223,0,27,None,66,1,5,False,1000,1000
1996,51,weighted,10,0.1542595541401273,0,27,None,66,1,5,False,1000,1000
1997,52,weighted,10,0.1710788216560509,0,27,None,66,1,5,False,1000,1000
1998,53,weighted,10,0.1493829617834395,0,27,None,66,1,5,False,1000,1000
1999,54,weighted,10,0.1600318471337579,0,27,None,66,1,5,False,1000,1000
2000,50,weighted,10,0.0995222929936305,0,2,None,66,1,5,False,1000,1000
2001,51,weighted,10,0.0995222929936305,0,2,None,66,1,5,False,1000,1000
2002,52,weighted,10,0.0995222929936305,0,2,None,66,1,5,False,1000,1000
2003,53,weighted,10,0.0995222929936305,0,2,None,66,1,5,False,1000,1000
2004,54,weighted,10,0.0995222929936305,0,2,None,66,1,5,False,1000,1000
2005,50,weighted,10,0.0995222929936305,0,15,None,66,1,5,False,1000,1000
2006,51,weighted,10,0.0995222929936305,0,15,None,66,1,5,False,1000,1000
2007,52,weighted,10,0.0995222929936305,0,15,None,66,1,5,False,1000,1000
2008,53,weighted,10,0.1246019108280254,0,15,None,66,1,5,False,1000,1000
2009,54,weighted,10,0.2056130573248407,0,15,None,66,1,5,False,1000,1000
2010,50,weighted,10,0.1563495222929936,0,11,None,66,1,5,False,1000,1000
2011,51,weighted,10,0.1869028662420382,0,11,None,66,1,5,False,1000,1000
2012,52,weighted,10,0.0995222929936305,0,11,None,66,1,5,False,1000,1000
2013,53,weighted,10,0.0995222929936305,0,11,None,66,1,5,False,1000,1000
2014,54,weighted,10,0.0995222929936305,0,11,None,66,1,5,False,1000,1000
2015,50,weighted,10,0.0995222929936305,0,17,None,66,1,5,False,1000,1000
2016,51,weighted,10,0.0995222929936305,0,17,None,66,1,5,False,1000,1000
2017,52,weighted,10,0.1050955414012738,0,17,None,66,1,5,False,1000,1000
2018,53,weighted,10,0.1001194267515923,0,17,None,66,1,5,False,1000,1000
2019,54,weighted,10,0.0995222929936305,0,17,None,66,1,5,False,1000,1000
2020,50,weighted,10,0.2364649681528662,0,16,None,66,1,5,False,1000,1000
2021,51,weighted,10,0.1786425159235669,0,16,None,66,1,5,False,1000,1000
2022,52,weighted,10,0.1853105095541401,0,16,None,66,1,5,False,1000,1000
2023,53,weighted,10,0.188296178343949,0,16,None,66,1,5,False,1000,1000
2024,54,weighted,10,0.1902866242038216,0,16,None,66,1,5,False,1000,1000
2025,50,weighted,10,0.0995222929936305,0,25,None,66,1,5,False,1000,1000
2026,51,weighted,10,0.0995222929936305,0,25,None,66,1,5,False,1000,1000
2027,52,weighted,10,0.0995222929936305,0,25,None,66,1,5,False,1000,1000
2028,53,weighted,10,0.0995222929936305,0,25,None,66,1,5,False,1000,1000
2029,54,weighted,10,0.0995222929936305,0,25,None,66,1,5,False,1000,1000
2030,50,weighted,10,0.0995222929936305,0,13,None,66,1,5,False,1000,1000
2031,51,weighted,10,0.0995222929936305,0,13,None,66,1,5,False,1000,1000
2032,52,weighted,10,0.0995222929936305,0,13,None,66,1,5,False,1000,1000
2033,53,weighted,10,0.0995222929936305,0,13,None,66,1,5,False,1000,1000
2034,54,weighted,10,0.0995222929936305,0,13,None,66,1,5,False,1000,1000
2035,50,weighted,10,0.0995222929936305,0,28,None,66,1,5,False,1000,1000
2036,51,weighted,10,0.0995222929936305,0,28,None,66,1,5,False,1000,1000
2037,52,weighted,10,0.0995222929936305,0,28,None,66,1,5,False,1000,1000
2038,53,weighted,10,0.0995222929936305,0,28,None,66,1,5,False,1000,1000
2039,54,weighted,10,0.0995222929936305,0,28,None,66,1,5,False,1000,1000
2040,50,weighted,10,0.0995222929936305,0,29,None,66,1,5,False,1000,1000
2041,51,weighted,10,0.1808320063694267,0,29,None,66,1,5,False,1000,1000
2042,52,weighted,10,0.1420183121019108,0,29,None,66,1,5,False,1000,1000
2043,53,weighted,10,0.0995222929936305,0,29,None,66,1,5,False,1000,1000
2044,54,weighted,10,0.0995222929936305,0,29,None,66,1,5,False,1000,1000
2045,50,weighted,10,0.0995222929936305,0,9,None,66,1,5,False,1000,1000
2046,51,weighted,10,0.0995222929936305,0,9,None,66,1,5,False,1000,1000
2047,52,weighted,10,0.0995222929936305,0,9,None,66,1,5,False,1000,1000
2048,53,weighted,10,0.0995222929936305,0,9,None,66,1,5,False,1000,1000
2049,54,weighted,10,0.0995222929936305,0,9,None,66,1,5,False,1000,1000
2050,50,weighted,10,0.0995222929936305,0,7,None,66,1,5,False,1000,1000
2051,51,weighted,10,0.0995222929936305,0,7,None,66,1,5,False,1000,1000
2052,52,weighted,10,0.1874004777070063,0,7,None,66,1,5,False,1000,1000
2053,53,weighted,10,0.105593152866242,0,7,None,66,1,5,False,1000,1000
2054,54,weighted,10,0.1619227707006369,0,7,None,66,1,5,False,1000,1000
2055,50,weighted,10,0.0995222929936305,0,12,None,66,1,5,False,1000,1000
2056,51,weighted,10,0.0995222929936305,0,12,None,66,1,5,False,1000,1000
2057,52,weighted,10,0.0995222929936305,0,12,None,66,1,5,False,1000,1000
2058,53,weighted,10,0.0995222929936305,0,12,None,66,1,5,False,1000,1000
2059,54,weighted,10,0.0995222929936305,0,12,None,66,1,5,False,1000,1000
2060,50,weighted,10,0.0995222929936305,0,14,None,66,1,5,False,1000,1000
2061,51,weighted,10,0.0995222929936305,0,14,None,66,1,5,False,1000,1000
2062,52,weighted,10,0.0995222929936305,0,14,None,66,1,5,False,1000,1000
2063,53,weighted,10,0.0995222929936305,0,14,None,66,1,5,False,1000,1000
2064,54,weighted,10,0.0995222929936305,0,14,None,66,1,5,False,1000,1000
2065,50,weighted,10,0.0995222929936305,0,26,None,66,1,5,False,1000,1000
2066,51,weighted,10,0.0995222929936305,0,26,None,66,1,5,False,1000,1000
2067,52,weighted,10,0.0995222929936305,0,26,None,66,1,5,False,1000,1000
2068,53,weighted,10,0.2136743630573248,0,26,None,66,1,5,False,1000,1000
2069,54,weighted,10,0.0995222929936305,0,26,None,66,1,5,False,1000,1000
2070,50,weighted,10,0.1987460191082802,0,30,None,66,1,5,False,1000,1000
2071,51,weighted,10,0.1481886942675159,0,30,None,66,1,5,False,1000,1000
2072,52,weighted,10,0.0995222929936305,0,30,None,66,1,5,False,1000,1000
2073,53,weighted,10,0.0995222929936305,0,30,None,66,1,5,False,1000,1000
2074,54,weighted,10,0.0995222929936305,0,30,None,66,1,5,False,1000,1000
2075,50,weighted,10,0.0995222929936305,0,19,None,66,1,5,False,1000,1000
2076,51,weighted,10,0.0995222929936305,0,19,None,66,1,5,False,1000,1000
2077,52,weighted,10,0.0995222929936305,0,19,None,66,1,5,False,1000,1000
2078,53,weighted,10,0.0995222929936305,0,19,None,66,1,5,False,1000,1000
2079,54,weighted,10,0.0995222929936305,0,19,None,66,1,5,False,1000,1000
2080,50,weighted,10,0.0995222929936305,0,18,None,66,1,5,False,1000,1000
2081,51,weighted,10,0.0995222929936305,0,18,None,66,1,5,False,1000,1000
2082,52,weighted,10,0.0995222929936305,0,18,None,66,1,5,False,1000,1000
2083,53,weighted,10,0.0995222929936305,0,18,None,66,1,5,False,1000,1000
2084,54,weighted,10,0.0995222929936305,0,18,None,66,1,5,False,1000,1000
2085,50,weighted,10,0.0995222929936305,0,31,None,66,1,5,False,1000,1000
2086,51,weighted,10,0.0995222929936305,0,31,None,66,1,5,False,1000,1000
2087,52,weighted,10,0.0995222929936305,0,31,None,66,1,5,False,1000,1000
2088,53,weighted,10,0.0995222929936305,0,31,None,66,1,5,False,1000,1000
2089,54,weighted,10,0.0995222929936305,0,31,None,66,1,5,False,1000,1000
2090,50,weighted,10,0.0995222929936305,0,8,None,66,1,5,False,1000,1000
2091,51,weighted,10,0.0995222929936305,0,8,None,66,1,5,False,1000,1000
2092,52,weighted,10,0.1779458598726114,0,8,None,66,1,5,False,1000,1000
2093,53,weighted,10,0.0995222929936305,0,8,None,66,1,5,False,1000,1000
2094,54,weighted,10,0.0995222929936305,0,8,None,66,1,5,False,1000,1000
2095,50,weighted,10,0.0995222929936305,0,4,None,66,1,5,False,1000,1000
2096,51,weighted,10,0.0995222929936305,0,4,None,66,1,5,False,1000,1000
2097,52,weighted,10,0.0995222929936305,0,4,None,66,1,5,False,1000,1000
2098,53,weighted,10,0.0995222929936305,0,4,None,66,1,5,False,1000,1000
2099,54,weighted,10,0.0995222929936305,0,4,None,66,1,5,False,1000,1000
2100,50,weighted,10,0.1002189490445859,0,10,None,66,1,5,False,1000,1000
2101,51,weighted,10,0.1666003184713375,0,10,None,66,1,5,False,1000,1000
2102,52,weighted,10,0.2369625796178344,0,10,None,66,1,5,False,1000,1000
2103,53,weighted,10,0.2425358280254777,0,10,None,66,1,5,False,1000,1000
2104,54,weighted,10,0.1700835987261146,0,10,None,66,1,5,False,1000,1000
2105,50,weighted,10,0.0995222929936305,0,20,None,66,1,5,False,1000,1000
2106,51,weighted,10,0.0995222929936305,0,20,None,66,1,5,False,1000,1000
2107,52,weighted,10,0.0995222929936305,0,20,None,66,1,5,False,1000,1000
2108,53,weighted,10,0.0995222929936305,0,20,None,66,1,5,False,1000,1000
2109,54,weighted,10,0.0995222929936305,0,20,None,66,1,5,False,1000,1000
2110,50,weighted,10,0.0995222929936305,0,22,None,66,1,5,False,1000,1000
2111,51,weighted,10,0.0995222929936305,0,22,None,66,1,5,False,1000,1000
2112,52,weighted,10,0.1852109872611465,0,22,None,66,1,5,False,1000,1000
2113,53,weighted,10,0.0995222929936305,0,22,None,66,1,5,False,1000,1000
2114,54,weighted,10,0.0995222929936305,0,22,None,66,1,5,False,1000,1000
2115,50,weighted,10,0.175358280254777,0,32,None,66,1,5,False,1000,1000
2116,51,weighted,10,0.1883957006369426,0,32,None,66,1,5,False,1000,1000
2117,52,weighted,10,0.1848128980891719,0,32,None,66,1,5,False,1000,1000
2118,53,weighted,10,0.136046974522293,0,32,None,66,1,5,False,1000,1000
2119,54,weighted,10,0.0995222929936305,0,32,None,66,1,5,False,1000,1000
2120,50,weighted,10,0.0995222929936305,0,23,None,66,1,5,False,1000,1000
2121,51,weighted,10,0.0995222929936305,0,23,None,66,1,5,False,1000,1000
2122,52,weighted,10,0.0995222929936305,0,23,None,66,1,5,False,1000,1000
2123,53,weighted,10,0.0995222929936305,0,23,None,66,1,5,False,1000,1000
2124,54,weighted,10,0.0995222929936305,0,23,None,66,1,5,False,1000,1000
2125,50,weighted,10,0.0995222929936305,0,3,None,66,1,5,False,1000,1000
2126,51,weighted,10,0.0995222929936305,0,3,None,66,1,5,False,1000,1000
2127,52,weighted,10,0.0995222929936305,0,3,None,66,1,5,False,1000,1000
2128,53,weighted,10,0.0995222929936305,0,3,None,66,1,5,False,1000,1000
2129,54,weighted,10,0.0995222929936305,0,3,None,66,1,5,False,1000,1000
2130,50,weighted,10,0.0995222929936305,0,0,None,66,1,5,False,1000,1000
2131,51,weighted,10,0.0995222929936305,0,0,None,66,1,5,False,1000,1000
2132,52,weighted,10,0.0995222929936305,0,0,None,66,1,5,False,1000,1000
2133,53,weighted,10,0.0995222929936305,0,0,None,66,1,5,False,1000,1000
2134,54,weighted,10,0.0995222929936305,0,0,None,66,1,5,False,1000,1000
2135,50,weighted,10,0.0995222929936305,0,5,None,66,1,5,False,1000,1000
2136,51,weighted,10,0.0995222929936305,0,5,None,66,1,5,False,1000,1000
2137,52,weighted,10,0.0995222929936305,0,5,None,66,1,5,False,1000,1000
2138,53,weighted,10,0.0995222929936305,0,5,None,66,1,5,False,1000,1000
2139,54,weighted,10,0.0995222929936305,0,5,None,66,1,5,False,1000,1000
2140,50,weighted,10,0.0995222929936305,0,6,None,66,1,5,False,1000,1000
2141,51,weighted,10,0.0995222929936305,0,6,None,66,1,5,False,1000,1000
2142,52,weighted,10,0.0995222929936305,0,6,None,66,1,5,False,1000,1000
2143,53,weighted,10,0.0995222929936305,0,6,None,66,1,5,False,1000,1000
2144,54,weighted,10,0.0995222929936305,0,6,None,66,1,5,False,1000,1000
3135,55,weighted,10,0.0995222929936305,0,1,None,66,1,5,False,1000,1000
3136,56,weighted,10,0.0995222929936305,0,1,None,66,1,5,False,1000,1000
3137,57,weighted,10,0.0995222929936305,0,1,None,66,1,5,False,1000,1000
3138,58,weighted,10,0.0995222929936305,0,1,None,66,1,5,False,1000,1000
3139,59,weighted,10,0.0995222929936305,0,1,None,66,1,5,False,1000,1000
3140,55,weighted,10,0.1080812101910828,0,16,None,66,1,5,False,1000,1000
3141,56,weighted,10,0.2758757961783439,0,16,None,66,1,5,False,1000,1000
3142,57,weighted,10,0.1892914012738853,0,16,None,66,1,5,False,1000,1000
3143,58,weighted,10,0.1863057324840764,0,16,None,66,1,5,False,1000,1000
3144,59,weighted,10,0.182921974522293,0,16,None,66,1,5,False,1000,1000
3145,55,weighted,10,0.110967356687898,0,8,None,66,1,5,False,1000,1000
3146,56,weighted,10,0.0996218152866242,0,8,None,66,1,5,False,1000,1000
3147,57,weighted,10,0.0995222929936305,0,8,None,66,1,5,False,1000,1000
3148,58,weighted,10,0.0995222929936305,0,8,None,66,1,5,False,1000,1000
3149,59,weighted,10,0.0995222929936305,0,8,None,66,1,5,False,1000,1000
3150,55,weighted,10,0.0995222929936305,0,19,None,66,1,5,False,1000,1000
3151,56,weighted,10,0.0995222929936305,0,19,None,66,1,5,False,1000,1000
3152,57,weighted,10,0.0995222929936305,0,19,None,66,1,5,False,1000,1000
3153,58,weighted,10,0.0995222929936305,0,19,None,66,1,5,False,1000,1000
3154,59,weighted,10,0.0995222929936305,0,19,None,66,1,5,False,1000,1000
3155,55,weighted,10,0.1583399681528662,0,22,None,66,1,5,False,1000,1000
3156,56,weighted,10,0.1307722929936305,0,22,None,66,1,5,False,1000,1000
3157,57,weighted,10,0.0995222929936305,0,22,None,66,1,5,False,1000,1000
3158,58,weighted,10,0.0995222929936305,0,22,None,66,1,5,False,1000,1000
3159,59,weighted,10,0.0995222929936305,0,22,None,66,1,5,False,1000,1000
3160,55,weighted,10,0.0995222929936305,0,14,None,66,1,5,False,1000,1000
3161,56,weighted,10,0.0995222929936305,0,14,None,66,1,5,False,1000,1000
3162,57,weighted,10,0.0995222929936305,0,14,None,66,1,5,False,1000,1000
3163,58,weighted,10,0.0995222929936305,0,14,None,66,1,5,False,1000,1000
3164,59,weighted,10,0.0995222929936305,0,14,None,66,1,5,False,1000,1000
3165,55,weighted,10,0.0995222929936305,0,23,None,66,1,5,False,1000,1000
3166,56,weighted,10,0.0995222929936305,0,23,None,66,1,5,False,1000,1000
3167,57,weighted,10,0.0995222929936305,0,23,None,66,1,5,False,1000,1000
3168,58,weighted,10,0.0995222929936305,0,23,None,66,1,5,False,1000,1000
3169,59,weighted,10,0.0995222929936305,0,23,None,66,1,5,False,1000,1000
3170,55,weighted,10,0.0995222929936305,0,21,None,66,1,5,False,1000,1000
3171,56,weighted,10,0.0995222929936305,0,21,None,66,1,5,False,1000,1000
3172,57,weighted,10,0.0995222929936305,0,21,None,66,1,5,False,1000,1000
3173,58,weighted,10,0.0995222929936305,0,21,None,66,1,5,False,1000,1000
3174,59,weighted,10,0.0995222929936305,0,21,None,66,1,5,False,1000,1000
3175,55,weighted,10,0.123109076433121,0,25,None,66,1,5,False,1000,1000
3176,56,weighted,10,0.1064888535031847,0,25,None,66,1,5,False,1000,1000
3177,57,weighted,10,0.1001194267515923,0,25,None,66,1,5,False,1000,1000
3178,58,weighted,10,0.0995222929936305,0,25,None,66,1,5,False,1000,1000
3179,59,weighted,10,0.0995222929936305,0,25,None,66,1,5,False,1000,1000
3180,55,weighted,10,0.0995222929936305,0,26,None,66,1,5,False,1000,1000
3181,56,weighted,10,0.0995222929936305,0,26,None,66,1,5,False,1000,1000
3182,57,weighted,10,0.0995222929936305,0,26,None,66,1,5,False,1000,1000
3183,58,weighted,10,0.0995222929936305,0,26,None,66,1,5,False,1000,1000
3184,59,weighted,10,0.2197452229299363,0,26,None,66,1,5,False,1000,1000
3185,55,weighted,10,0.0995222929936305,0,24,None,66,1,5,False,1000,1000
3186,56,weighted,10,0.0995222929936305,0,24,None,66,1,5,False,1000,1000
3187,57,weighted,10,0.0995222929936305,0,24,None,66,1,5,False,1000,1000
3188,58,weighted,10,0.0995222929936305,0,24,None,66,1,5,False,1000,1000
3189,59,weighted,10,0.0995222929936305,0,24,None,66,1,5,False,1000,1000
3190,55,weighted,10,0.0995222929936305,0,29,None,66,1,5,False,1000,1000
3191,56,weighted,10,0.0995222929936305,0,29,None,66,1,5,False,1000,1000
3192,57,weighted,10,0.1808320063694267,0,29,None,66,1,5,False,1000,1000
3193,58,weighted,10,0.1575437898089172,0,29,None,66,1,5,False,1000,1000
3194,59,weighted,10,0.0996218152866242,0,29,None,66,1,5,False,1000,1000
3195,55,weighted,10,0.0995222929936305,0,30,None,66,1,5,False,1000,1000
3196,56,weighted,10,0.0995222929936305,0,30,None,66,1,5,False,1000,1000
3197,57,weighted,10,0.1989450636942675,0,30,None,66,1,5,False,1000,1000
3198,58,weighted,10,0.1868033439490445,0,30,None,66,1,5,False,1000,1000
3199,59,weighted,10,0.1161425159235668,0,30,None,66,1,5,False,1000,1000
3200,55,weighted,10,0.0995222929936305,0,6,None,66,1,5,False,1000,1000
3201,56,weighted,10,0.0995222929936305,0,6,None,66,1,5,False,1000,1000
3202,57,weighted,10,0.0995222929936305,0,6,None,66,1,5,False,1000,1000
3203,58,weighted,10,0.0995222929936305,0,6,None,66,1,5,False,1000,1000
3204,59,weighted,10,0.0995222929936305,0,6,None,66,1,5,False,1000,1000
3205,55,weighted,10,0.0995222929936305,0,13,None,66,1,5,False,1000,1000
3206,56,weighted,10,0.0995222929936305,0,13,None,66,1,5,False,1000,1000
3207,57,weighted,10,0.0995222929936305,0,13,None,66,1,5,False,1000,1000
3208,58,weighted,10,0.0995222929936305,0,13,None,66,1,5,False,1000,1000
3209,59,weighted,10,0.0995222929936305,0,13,None,66,1,5,False,1000,1000
3210,55,weighted,10,0.0995222929936305,0,2,None,66,1,5,False,1000,1000
3211,56,weighted,10,0.0995222929936305,0,2,None,66,1,5,False,1000,1000
3212,57,weighted,10,0.0995222929936305,0,2,None,66,1,5,False,1000,1000
3213,58,weighted,10,0.0995222929936305,0,2,None,66,1,5,False,1000,1000
3214,59,weighted,10,0.0995222929936305,0,2,None,66,1,5,False,1000,1000
3215,55,weighted,10,0.0995222929936305,0,0,None,66,1,5,False,1000,1000
3216,56,weighted,10,0.0995222929936305,0,0,None,66,1,5,False,1000,1000
3217,57,weighted,10,0.0995222929936305,0,0,None,66,1,5,False,1000,1000
3218,58,weighted,10,0.0995222929936305,0,0,None,66,1,5,False,1000,1000
3219,59,weighted,10,0.0995222929936305,0,0,None,66,1,5,False,1000,1000
3220,55,weighted,10,0.0995222929936305,0,3,None,66,1,5,False,1000,1000
3221,56,weighted,10,0.0995222929936305,0,3,None,66,1,5,False,1000,1000
3222,57,weighted,10,0.0995222929936305,0,3,None,66,1,5,False,1000,1000
3223,58,weighted,10,0.0995222929936305,0,3,None,66,1,5,False,1000,1000
3224,59,weighted,10,0.0995222929936305,0,3,None,66,1,5,False,1000,1000
3225,55,weighted,10,0.0995222929936305,0,5,None,66,1,5,False,1000,1000
3226,56,weighted,10,0.0995222929936305,0,5,None,66,1,5,False,1000,1000
3227,57,weighted,10,0.0995222929936305,0,5,None,66,1,5,False,1000,1000
3228,58,weighted,10,0.0995222929936305,0,5,None,66,1,5,False,1000,1000
3229,59,weighted,10,0.0995222929936305,0,5,None,66,1,5,False,1000,1000
3230,55,weighted,10,0.0995222929936305,0,10,None,66,1,5,False,1000,1000
3231,56,weighted,10,0.1487858280254777,0,10,None,66,1,5,False,1000,1000
3232,57,weighted,10,0.1857085987261146,0,10,None,66,1,5,False,1000,1000
3233,58,weighted,10,0.1988455414012739,0,10,None,66,1,5,False,1000,1000
3234,59,weighted,10,0.1854100318471337,0,10,None,66,1,5,False,1000,1000
3235,55,weighted,10,0.0995222929936305,0,9,None,66,1,5,False,1000,1000
3236,56,weighted,10,0.0995222929936305,0,9,None,66,1,5,False,1000,1000
3237,57,weighted,10,0.0995222929936305,0,9,None,66,1,5,False,1000,1000
3238,58,weighted,10,0.0995222929936305,0,9,None,66,1,5,False,1000,1000
3239,59,weighted,10,0.0995222929936305,0,9,None,66,1,5,False,1000,1000
3240,55,weighted,10,0.1704816878980891,0,11,None,66,1,5,False,1000,1000
3241,56,weighted,10,0.1912818471337579,0,11,None,66,1,5,False,1000,1000
3242,57,weighted,10,0.0995222929936305,0,11,None,66,1,5,False,1000,1000
3243,58,weighted,10,0.0995222929936305,0,11,None,66,1,5,False,1000,1000
3244,59,weighted,10,0.0995222929936305,0,11,None,66,1,5,False,1000,1000
3245,55,weighted,10,0.0995222929936305,0,12,None,66,1,5,False,1000,1000
3246,56,weighted,10,0.0995222929936305,0,12,None,66,1,5,False,1000,1000
3247,57,weighted,10,0.0995222929936305,0,12,None,66,1,5,False,1000,1000
3248,58,weighted,10,0.0995222929936305,0,12,None,66,1,5,False,1000,1000
3249,59,weighted,10,0.0995222929936305,0,12,None,66,1,5,False,1000,1000
3250,55,weighted,10,0.0995222929936305,0,15,None,66,1,5,False,1000,1000
3251,56,weighted,10,0.1041003184713375,0,15,None,66,1,5,False,1000,1000
3252,57,weighted,10,0.1451035031847133,0,15,None,66,1,5,False,1000,1000
3253,58,weighted,10,0.1732683121019108,0,15,None,66,1,5,False,1000,1000
3254,59,weighted,10,0.1871019108280254,0,15,None,66,1,5,False,1000,1000
3255,55,weighted,10,0.0995222929936305,0,17,None,66,1,5,False,1000,1000
3256,56,weighted,10,0.0995222929936305,0,17,None,66,1,5,False,1000,1000
3257,57,weighted,10,0.0995222929936305,0,17,None,66,1,5,False,1000,1000
3258,58,weighted,10,0.0995222929936305,0,17,None,66,1,5,False,1000,1000
3259,59,weighted,10,0.0995222929936305,0,17,None,66,1,5,False,1000,1000
3260,55,weighted,10,0.0995222929936305,0,28,None,66,1,5,False,1000,1000
3261,56,weighted,10,0.0995222929936305,0,28,None,66,1,5,False,1000,1000
3262,57,weighted,10,0.0995222929936305,0,28,None,66,1,5,False,1000,1000
3263,58,weighted,10,0.0995222929936305,0,28,None,66,1,5,False,1000,1000
3264,59,weighted,10,0.0995222929936305,0,28,None,66,1,5,False,1000,1000
3265,55,weighted,10,0.0995222929936305,0,20,None,66,1,5,False,1000,1000
3266,56,weighted,10,0.0995222929936305,0,20,None,66,1,5,False,1000,1000
3267,57,weighted,10,0.0995222929936305,0,20,None,66,1,5,False,1000,1000
3268,58,weighted,10,0.0995222929936305,0,20,None,66,1,5,False,1000,1000
3269,59,weighted,10,0.0995222929936305,0,20,None,66,1,5,False,1000,1000
3270,55,weighted,10,0.0995222929936305,0,18,None,66,1,5,False,1000,1000
3271,56,weighted,10,0.0995222929936305,0,18,None,66,1,5,False,1000,1000
3272,57,weighted,10,0.0995222929936305,0,18,None,66,1,5,False,1000,1000
3273,58,weighted,10,0.0995222929936305,0,18,None,66,1,5,False,1000,1000
3274,59,weighted,10,0.0995222929936305,0,18,None,66,1,5,False,1000,1000
3275,55,weighted,10,0.1845143312101911,0,27,None,66,1,5,False,1000,1000
3276,56,weighted,10,0.1869028662420382,0,27,None,66,1,5,False,1000,1000
3277,57,weighted,10,0.1789410828025477,0,27,None,66,1,5,False,1000,1000
3278,58,weighted,10,0.2243232484076433,0,27,None,66,1,5,False,1000,1000
3279,59,weighted,10,0.1812300955414012,0,27,None,66,1,5,False,1000,1000
3280,55,weighted,10,0.0995222929936305,0,31,None,66,1,5,False,1000,1000
3281,56,weighted,10,0.0995222929936305,0,31,None,66,1,5,False,1000,1000
3282,57,weighted,10,0.0995222929936305,0,31,None,66,1,5,False,1000,1000
3283,58,weighted,10,0.0995222929936305,0,31,None,66,1,5,False,1000,1000
3284,59,weighted,10,0.0995222929936305,0,31,None,66,1,5,False,1000,1000
3285,55,weighted,10,0.1517714968152866,0,7,None,66,1,5,False,1000,1000
3286,56,weighted,10,0.2234275477707006,0,7,None,66,1,5,False,1000,1000
3287,57,weighted,10,0.1046974522292993,0,7,None,66,1,5,False,1000,1000
3288,58,weighted,10,0.099124203821656,0,7,None,66,1,5,False,1000,1000
3289,59,weighted,10,0.0994227707006369,0,7,None,66,1,5,False,1000,1000
3290,55,weighted,10,0.176453025477707,0,4,None,66,1,5,False,1000,1000
3291,56,weighted,10,0.1467953821656051,0,4,None,66,1,5,False,1000,1000
3292,57,weighted,10,0.110171178343949,0,4,None,66,1,5,False,1000,1000
3293,58,weighted,10,0.0995222929936305,0,4,None,66,1,5,False,1000,1000
3294,59,weighted,10,0.0995222929936305,0,4,None,66,1,5,False,1000,1000
3295,55,weighted,10,0.1899880573248407,0,32,None,66,1,5,False,1000,1000
3296,56,weighted,10,0.1780453821656051,0,32,None,66,1,5,False,1000,1000
3297,57,weighted,10,0.1192277070063694,0,32,None,66,1,5,False,1000,1000
3298,58,weighted,10,0.0995222929936305,0,32,None,66,1,5,False,1000,1000
3299,59,weighted,10,0.0995222929936305,0,32,None,66,1,5,False,1000,1000
3300,60,weighted,10,0.0995222929936305,0,31,None,66,1,5,False,1000,1000
3301,61,weighted,10,0.0995222929936305,0,31,None,66,1,5,False,1000,1000
3302,62,weighted,10,0.0995222929936305,0,31,None,66,1,5,False,1000,1000
3303,63,weighted,10,0.0995222929936305,0,31,None,66,1,5,False,1000,1000
3304,64,weighted,10,0.0995222929936305,0,31,None,66,1,5,False,1000,1000
3305,60,weighted,10,0.0995222929936305,0,24,None,66,1,5,False,1000,1000
3306,61,weighted,10,0.0995222929936305,0,24,None,66,1,5,False,1000,1000
3307,62,weighted,10,0.0995222929936305,0,24,None,66,1,5,False,1000,1000
3308,63,weighted,10,0.0995222929936305,0,24,None,66,1,5,False,1000,1000
3309,64,weighted,10,0.0995222929936305,0,24,None,66,1,5,False,1000,1000
3310,60,weighted,10,0.1638136942675159,0,25,None,66,1,5,False,1000,1000
3311,61,weighted,10,0.1507762738853503,0,25,None,66,1,5,False,1000,1000
3312,62,weighted,10,0.1362460191082802,0,25,None,66,1,5,False,1000,1000
3313,63,weighted,10,0.1234076433121019,0,25,None,66,1,5,False,1000,1000
3314,64,weighted,10,0.1132563694267515,0,25,None,66,1,5,False,1000,1000
3315,60,weighted,10,0.1666998407643312,0,17,None,66,1,5,False,1000,1000
3316,61,weighted,10,0.1480891719745223,0,17,None,66,1,5,False,1000,1000
3317,62,weighted,10,0.1261942675159235,0,17,None,66,1,5,False,1000,1000
3318,63,weighted,10,0.1060907643312101,0,17,None,66,1,5,False,1000,1000
3319,64,weighted,10,0.0995222929936305,0,17,None,66,1,5,False,1000,1000
3320,60,weighted,10,0.0995222929936305,0,26,None,66,1,5,False,1000,1000
3321,61,weighted,10,0.0995222929936305,0,26,None,66,1,5,False,1000,1000
3322,62,weighted,10,0.0995222929936305,0,26,None,66,1,5,False,1000,1000
3323,63,weighted,10,0.0995222929936305,0,26,None,66,1,5,False,1000,1000
3324,64,weighted,10,0.1630175159235669,0,26,None,66,1,5,False,1000,1000
3325,60,weighted,10,0.0995222929936305,0,12,None,66,1,5,False,1000,1000
3326,61,weighted,10,0.0995222929936305,0,12,None,66,1,5,False,1000,1000
3327,62,weighted,10,0.0995222929936305,0,12,None,66,1,5,False,1000,1000
3328,63,weighted,10,0.0995222929936305,0,12,None,66,1,5,False,1000,1000
3329,64,weighted,10,0.1163415605095541,0,12,None,66,1,5,False,1000,1000
3330,60,weighted,10,0.1002189490445859,0,30,None,66,1,5,False,1000,1000
3331,61,weighted,10,0.1989450636942675,0,30,None,66,1,5,False,1000,1000
3332,62,weighted,10,0.1930732484076433,0,30,None,66,1,5,False,1000,1000
3333,63,weighted,10,0.1485867834394904,0,30,None,66,1,5,False,1000,1000
3334,64,weighted,10,0.1036027070063694,0,30,None,66,1,5,False,1000,1000
3335,60,weighted,10,0.0995222929936305,0,7,None,66,1,5,False,1000,1000
3336,61,weighted,10,0.0995222929936305,0,7,None,66,1,5,False,1000,1000
3337,62,weighted,10,0.0995222929936305,0,7,None,66,1,5,False,1000,1000
3338,63,weighted,10,0.0995222929936305,0,7,None,66,1,5,False,1000,1000
3339,64,weighted,10,0.0995222929936305,0,7,None,66,1,5,False,1000,1000
3340,60,weighted,10,0.0995222929936305,0,1,None,66,1,5,False,1000,1000
3341,61,weighted,10,0.0995222929936305,0,1,None,66,1,5,False,1000,1000
3342,62,weighted,10,0.0995222929936305,0,1,None,66,1,5,False,1000,1000
3343,63,weighted,10,0.0995222929936305,0,1,None,66,1,5,False,1000,1000
3344,64,weighted,10,0.0995222929936305,0,1,None,66,1,5,False,1000,1000
3345,60,weighted,10,0.0995222929936305,0,2,None,66,1,5,False,1000,1000
3346,61,weighted,10,0.0995222929936305,0,2,None,66,1,5,False,1000,1000
3347,62,weighted,10,0.0995222929936305,0,2,None,66,1,5,False,1000,1000
3348,63,weighted,10,0.0995222929936305,0,2,None,66,1,5,False,1000,1000
3349,64,weighted,10,0.0995222929936305,0,2,None,66,1,5,False,1000,1000
3350,60,weighted,10,0.1001194267515923,0,5,None,66,1,5,False,1000,1000
3351,61,weighted,10,0.0999203821656051,0,5,None,66,1,5,False,1000,1000
3352,62,weighted,10,0.0995222929936305,0,5,None,66,1,5,False,1000,1000
3353,63,weighted,10,0.0995222929936305,0,5,None,66,1,5,False,1000,1000
3354,64,weighted,10,0.0996218152866242,0,5,None,66,1,5,False,1000,1000
3355,60,weighted,10,0.0995222929936305,0,9,None,66,1,5,False,1000,1000
3356,61,weighted,10,0.0995222929936305,0,9,None,66,1,5,False,1000,1000
3357,62,weighted,10,0.0995222929936305,0,9,None,66,1,5,False,1000,1000
3358,63,weighted,10,0.0995222929936305,0,9,None,66,1,5,False,1000,1000
3359,64,weighted,10,0.0995222929936305,0,9,None,66,1,5,False,1000,1000
3360,60,weighted,10,0.0995222929936305,0,13,None,66,1,5,False,1000,1000
3361,61,weighted,10,0.0995222929936305,0,13,None,66,1,5,False,1000,1000
3362,62,weighted,10,0.0995222929936305,0,13,None,66,1,5,False,1000,1000
3363,63,weighted,10,0.0995222929936305,0,13,None,66,1,5,False,1000,1000
3364,64,weighted,10,0.0995222929936305,0,13,None,66,1,5,False,1000,1000
3365,60,weighted,10,0.0995222929936305,0,21,None,66,1,5,False,1000,1000
3366,61,weighted,10,0.0995222929936305,0,21,None,66,1,5,False,1000,1000
3367,62,weighted,10,0.0995222929936305,0,21,None,66,1,5,False,1000,1000
3368,63,weighted,10,0.0995222929936305,0,21,None,66,1,5,False,1000,1000
3369,64,weighted,10,0.0995222929936305,0,21,None,66,1,5,False,1000,1000
3370,60,weighted,10,0.1849124203821656,0,27,None,66,1,5,False,1000,1000
3371,61,weighted,10,0.1769506369426751,0,27,None,66,1,5,False,1000,1000
3372,62,weighted,10,0.17078025477707,0,27,None,66,1,5,False,1000,1000
3373,63,weighted,10,0.1648089171974522,0,27,None,66,1,5,False,1000,1000
3374,64,weighted,10,0.1602308917197452,0,27,None,66,1,5,False,1000,1000
3375,60,weighted,10,0.0995222929936305,0,28,None,66,1,5,False,1000,1000
3376,61,weighted,10,0.0995222929936305,0,28,None,66,1,5,False,1000,1000
3377,62,weighted,10,0.0995222929936305,0,28,None,66,1,5,False,1000,1000
3378,63,weighted,10,0.1092754777070063,0,28,None,66,1,5,False,1000,1000
3379,64,weighted,10,0.1819267515923567,0,28,None,66,1,5,False,1000,1000
3380,60,weighted,10,0.0995222929936305,0,29,None,66,1,5,False,1000,1000
3381,61,weighted,10,0.0995222929936305,0,29,None,66,1,5,False,1000,1000
3382,62,weighted,10,0.1087778662420382,0,29,None,66,1,5,False,1000,1000
3383,63,weighted,10,0.179936305732484,0,29,None,66,1,5,False,1000,1000
3384,64,weighted,10,0.1400278662420382,0,29,None,66,1,5,False,1000,1000
3385,60,weighted,10,0.1907842356687898,0,32,None,66,1,5,False,1000,1000
3386,61,weighted,10,0.1840167197452229,0,32,None,66,1,5,False,1000,1000
3387,62,weighted,10,0.1471934713375796,0,32,None,66,1,5,False,1000,1000
3388,63,weighted,10,0.1002189490445859,0,32,None,66,1,5,False,1000,1000
3389,64,weighted,10,0.0995222929936305,0,32,None,66,1,5,False,1000,1000
3390,60,weighted,10,0.0995222929936305,0,6,None,66,1,5,False,1000,1000
3391,61,weighted,10,0.0995222929936305,0,6,None,66,1,5,False,1000,1000
3392,62,weighted,10,0.0995222929936305,0,6,None,66,1,5,False,1000,1000
3393,63,weighted,10,0.0995222929936305,0,6,None,66,1,5,False,1000,1000
3394,64,weighted,10,0.0995222929936305,0,6,None,66,1,5,False,1000,1000
3395,60,weighted,10,0.1917794585987261,0,16,None,66,1,5,False,1000,1000
3396,61,weighted,10,0.2624402866242038,0,16,None,66,1,5,False,1000,1000
3397,62,weighted,10,0.1867038216560509,0,16,None,66,1,5,False,1000,1000
3398,63,weighted,10,0.1845143312101911,0,16,None,66,1,5,False,1000,1000
3399,64,weighted,10,0.1780453821656051,0,16,None,66,1,5,False,1000,1000
3400,60,weighted,10,0.0995222929936305,0,8,None,66,1,5,False,1000,1000
3401,61,weighted,10,0.1402269108280254,0,8,None,66,1,5,False,1000,1000
3402,62,weighted,10,0.1061902866242038,0,8,None,66,1,5,False,1000,1000
3403,63,weighted,10,0.0995222929936305,0,8,None,66,1,5,False,1000,1000
3404,64,weighted,10,0.0995222929936305,0,8,None,66,1,5,False,1000,1000
3405,60,weighted,10,0.0995222929936305,0,18,None,66,1,5,False,1000,1000
3406,61,weighted,10,0.0995222929936305,0,18,None,66,1,5,False,1000,1000
3407,62,weighted,10,0.0995222929936305,0,18,None,66,1,5,False,1000,1000
3408,63,weighted,10,0.0995222929936305,0,18,None,66,1,5,False,1000,1000
3409,64,weighted,10,0.1161425159235668,0,18,None,66,1,5,False,1000,1000
3410,60,weighted,10,0.0995222929936305,0,19,None,66,1,5,False,1000,1000
3411,61,weighted,10,0.0995222929936305,0,19,None,66,1,5,False,1000,1000
3412,62,weighted,10,0.0995222929936305,0,19,None,66,1,5,False,1000,1000
3413,63,weighted,10,0.0995222929936305,0,19,None,66,1,5,False,1000,1000
3414,64,weighted,10,0.0995222929936305,0,19,None,66,1,5,False,1000,1000
3415,60,weighted,10,0.1964570063694267,0,11,None,66,1,5,False,1000,1000
3416,61,weighted,10,0.0995222929936305,0,11,None,66,1,5,False,1000,1000
3417,62,weighted,10,0.0995222929936305,0,11,None,66,1,5,False,1000,1000
3418,63,weighted,10,0.0995222929936305,0,11,None,66,1,5,False,1000,1000
3419,64,weighted,10,0.0995222929936305,0,11,None,66,1,5,False,1000,1000
3420,60,weighted,10,0.1923765923566879,0,10,None,66,1,5,False,1000,1000
3421,61,weighted,10,0.1936703821656051,0,10,None,66,1,5,False,1000,1000
3422,62,weighted,10,0.1534633757961783,0,10,None,66,1,5,False,1000,1000
3423,63,weighted,10,0.169984076433121,0,10,None,66,1,5,False,1000,1000
3424,64,weighted,10,0.1732683121019108,0,10,None,66,1,5,False,1000,1000
3425,60,weighted,10,0.1848128980891719,0,15,None,66,1,5,False,1000,1000
3426,61,weighted,10,0.1905851910828025,0,15,None,66,1,5,False,1000,1000
3427,62,weighted,10,0.2509952229299363,0,15,None,66,1,5,False,1000,1000
3428,63,weighted,10,0.2464171974522293,0,15,None,66,1,5,False,1000,1000
3429,64,weighted,10,0.2200437898089172,0,15,None,66,1,5,False,1000,1000
3430,60,weighted,10,0.0995222929936305,0,20,None,66,1,5,False,1000,1000
3431,61,weighted,10,0.0995222929936305,0,20,None,66,1,5,False,1000,1000
3432,62,weighted,10,0.0995222929936305,0,20,None,66,1,5,False,1000,1000
3433,63,weighted,10,0.0995222929936305,0,20,None,66,1,5,False,1000,1000
3434,64,weighted,10,0.1049960191082802,0,20,None,66,1,5,False,1000,1000
3435,60,weighted,10,0.1291799363057325,0,3,None,66,1,5,False,1000,1000
3436,61,weighted,10,0.0995222929936305,0,3,None,66,1,5,False,1000,1000
3437,62,weighted,10,0.0995222929936305,0,3,None,66,1,5,False,1000,1000
3438,63,weighted,10,0.0995222929936305,0,3,None,66,1,5,False,1000,1000
3439,64,weighted,10,0.0995222929936305,0,3,None,66,1,5,False,1000,1000
3440,60,weighted,10,0.0995222929936305,0,14,None,66,1,5,False,1000,1000
3441,61,weighted,10,0.0995222929936305,0,14,None,66,1,5,False,1000,1000
3442,62,weighted,10,0.0995222929936305,0,14,None,66,1,5,False,1000,1000
3443,63,weighted,10,0.0995222929936305,0,14,None,66,1,5,False,1000,1000
3444,64,weighted,10,0.0995222929936305,0,14,None,66,1,5,False,1000,1000
3445,60,weighted,10,0.0995222929936305,0,22,None,66,1,5,False,1000,1000
3446,61,weighted,10,0.1906847133757961,0,22,None,66,1,5,False,1000,1000
3447,62,weighted,10,0.1019108280254777,0,22,None,66,1,5,False,1000,1000
3448,63,weighted,10,0.0995222929936305,0,22,None,66,1,5,False,1000,1000
3449,64,weighted,10,0.0995222929936305,0,22,None,66,1,5,False,1000,1000
3450,60,weighted,10,0.1845143312101911,0,4,None,66,1,5,False,1000,1000
3451,61,weighted,10,0.1703821656050955,0,4,None,66,1,5,False,1000,1000
3452,62,weighted,10,0.1462977707006369,0,4,None,66,1,5,False,1000,1000
3453,63,weighted,10,0.1180334394904458,0,4,None,66,1,5,False,1000,1000
3454,64,weighted,10,0.1013136942675159,0,4,None,66,1,5,False,1000,1000
3455,60,weighted,10,0.0995222929936305,0,23,None,66,1,5,False,1000,1000
3456,61,weighted,10,0.0995222929936305,0,23,None,66,1,5,False,1000,1000
3457,62,weighted,10,0.0995222929936305,0,23,None,66,1,5,False,1000,1000
3458,63,weighted,10,0.0995222929936305,0,23,None,66,1,5,False,1000,1000
3459,64,weighted,10,0.0995222929936305,0,23,None,66,1,5,False,1000,1000
3460,60,weighted,10,0.0995222929936305,0,0,None,66,1,5,False,1000,1000
3461,61,weighted,10,0.0995222929936305,0,0,None,66,1,5,False,1000,1000
3462,62,weighted,10,0.0995222929936305,0,0,None,66,1,5,False,1000,1000
3463,63,weighted,10,0.0995222929936305,0,0,None,66,1,5,False,1000,1000
3464,64,weighted,10,0.0995222929936305,0,0,None,66,1,5,False,1000,1000
3465,65,weighted,10,0.2209394904458598,0,22,None,66,1,5,False,1000,1000
3466,66,weighted,10,0.0995222929936305,0,22,None,66,1,5,False,1000,1000
3467,67,weighted,10,0.0995222929936305,0,22,None,66,1,5,False,1000,1000
3468,68,weighted,10,0.0995222929936305,0,22,None,66,1,5,False,1000,1000
3469,69,weighted,10,0.0995222929936305,0,22,None,66,1,5,False,1000,1000
3470,65,weighted,10,0.0995222929936305,0,26,None,66,1,5,False,1000,1000
3471,66,weighted,10,0.0995222929936305,0,26,None,66,1,5,False,1000,1000
3472,67,weighted,10,0.0995222929936305,0,26,None,66,1,5,False,1000,1000
3473,68,weighted,10,0.0995222929936305,0,26,None,66,1,5,False,1000,1000
3474,69,weighted,10,0.1546576433121019,0,26,None,66,1,5,False,1000,1000
3475,65,weighted,10,0.1474920382165605,0,16,None,66,1,5,False,1000,1000
3476,66,weighted,10,0.2045183121019108,0,16,None,66,1,5,False,1000,1000
3477,67,weighted,10,0.1903861464968153,0,16,None,66,1,5,False,1000,1000
3478,68,weighted,10,0.1878980891719745,0,16,None,66,1,5,False,1000,1000
3479,69,weighted,10,0.1865047770700637,0,16,None,66,1,5,False,1000,1000
3480,65,weighted,10,0.0995222929936305,0,8,None,66,1,5,False,1000,1000
3481,66,weighted,10,0.0995222929936305,0,8,None,66,1,5,False,1000,1000
3482,67,weighted,10,0.182921974522293,0,8,None,66,1,5,False,1000,1000
3483,68,weighted,10,0.0995222929936305,0,8,None,66,1,5,False,1000,1000
3484,69,weighted,10,0.0995222929936305,0,8,None,66,1,5,False,1000,1000
3485,65,weighted,10,0.0995222929936305,0,18,None,66,1,5,False,1000,1000
3486,66,weighted,10,0.1530652866242038,0,18,None,66,1,5,False,1000,1000
3487,67,weighted,10,0.0995222929936305,0,18,None,66,1,5,False,1000,1000
3488,68,weighted,10,0.0995222929936305,0,18,None,66,1,5,False,1000,1000
3489,69,weighted,10,0.0995222929936305,0,18,None,66,1,5,False,1000,1000
3490,65,weighted,10,0.1984474522292993,0,11,None,66,1,5,False,1000,1000
3491,66,weighted,10,0.0995222929936305,0,11,None,66,1,5,False,1000,1000
3492,67,weighted,10,0.0995222929936305,0,11,None,66,1,5,False,1000,1000
3493,68,weighted,10,0.0995222929936305,0,11,None,66,1,5,False,1000,1000
3494,69,weighted,10,0.0995222929936305,0,11,None,66,1,5,False,1000,1000
3495,65,weighted,10,0.1914808917197452,0,10,None,66,1,5,False,1000,1000
3496,66,weighted,10,0.1957603503184713,0,10,None,66,1,5,False,1000,1000
3497,67,weighted,10,0.1301751592356688,0,10,None,66,1,5,False,1000,1000
3498,68,weighted,10,0.1492834394904458,0,10,None,66,1,5,False,1000,1000
3499,69,weighted,10,0.1665007961783439,0,10,None,66,1,5,False,1000,1000
3500,65,weighted,10,0.1554538216560509,0,15,None,66,1,5,False,1000,1000
3501,66,weighted,10,0.2172571656050955,0,15,None,66,1,5,False,1000,1000
3502,67,weighted,10,0.273984872611465,0,15,None,66,1,5,False,1000,1000
3503,68,weighted,10,0.2652269108280254,0,15,None,66,1,5,False,1000,1000
3504,69,weighted,10,0.1684912420382165,0,15,None,66,1,5,False,1000,1000
3505,65,weighted,10,0.0995222929936305,0,20,None,66,1,5,False,1000,1000
3506,66,weighted,10,0.0995222929936305,0,20,None,66,1,5,False,1000,1000
3507,67,weighted,10,0.0995222929936305,0,20,None,66,1,5,False,1000,1000
3508,68,weighted,10,0.1014132165605095,0,20,None,66,1,5,False,1000,1000
3509,69,weighted,10,0.1129578025477707,0,20,None,66,1,5,False,1000,1000
3510,65,weighted,10,0.1024084394904458,0,23,None,66,1,5,False,1000,1000
3511,66,weighted,10,0.0995222929936305,0,23,None,66,1,5,False,1000,1000
3512,67,weighted,10,0.0995222929936305,0,23,None,66,1,5,False,1000,1000
3513,68,weighted,10,0.0995222929936305,0,23,None,66,1,5,False,1000,1000
3514,69,weighted,10,0.0995222929936305,0,23,None,66,1,5,False,1000,1000
3515,65,weighted,10,0.2257165605095541,0,7,None,66,1,5,False,1000,1000
3516,66,weighted,10,0.2494028662420382,0,7,None,66,1,5,False,1000,1000
3517,67,weighted,10,0.1286823248407643,0,7,None,66,1,5,False,1000,1000
3518,68,weighted,10,0.1023089171974522,0,7,None,66,1,5,False,1000,1000
3519,69,weighted,10,0.0996218152866242,0,7,None,66,1,5,False,1000,1000
3520,65,weighted,10,0.1895899681528662,0,32,None,66,1,5,False,1000,1000
3521,66,weighted,10,0.1888933121019108,0,32,None,66,1,5,False,1000,1000
3522,67,weighted,10,0.1815286624203821,0,32,None,66,1,5,False,1000,1000
3523,68,weighted,10,0.1489848726114649,0,32,None,66,1,5,False,1000,1000
3524,69,weighted,10,0.1060907643312101,0,32,None,66,1,5,False,1000,1000
3525,65,weighted,10,0.1910828025477707,0,4,None,66,1,5,False,1000,1000
3526,66,weighted,10,0.1874004777070063,0,4,None,66,1,5,False,1000,1000
3527,67,weighted,10,0.1805334394904458,0,4,None,66,1,5,False,1000,1000
3528,68,weighted,10,0.1690883757961783,0,4,None,66,1,5,False,1000,1000
3529,69,weighted,10,0.1545581210191083,0,4,None,66,1,5,False,1000,1000
3530,65,weighted,10,0.1040007961783439,0,5,None,66,1,5,False,1000,1000
3531,66,weighted,10,0.1021098726114649,0,5,None,66,1,5,False,1000,1000
3532,67,weighted,10,0.1005175159235668,0,5,None,66,1,5,False,1000,1000
3533,68,weighted,10,0.1001194267515923,0,5,None,66,1,5,False,1000,1000
3534,69,weighted,10,0.1000199044585987,0,5,None,66,1,5,False,1000,1000
3535,65,weighted,10,0.1787420382165605,0,25,None,66,1,5,False,1000,1000
3536,66,weighted,10,0.1715764331210191,0,25,None,66,1,5,False,1000,1000
3537,67,weighted,10,0.1649084394904458,0,25,None,66,1,5,False,1000,1000
3538,68,weighted,10,0.1587380573248407,0,25,None,66,1,5,False,1000,1000
3539,69,weighted,10,0.151671974522293,0,25,None,66,1,5,False,1000,1000
3540,65,weighted,10,0.0995222929936305,0,14,None,66,1,5,False,1000,1000
3541,66,weighted,10,0.0995222929936305,0,14,None,66,1,5,False,1000,1000
3542,67,weighted,10,0.0995222929936305,0,14,None,66,1,5,False,1000,1000
3543,68,weighted,10,0.0995222929936305,0,14,None,66,1,5,False,1000,1000
3544,69,weighted,10,0.0995222929936305,0,14,None,66,1,5,False,1000,1000
3545,65,weighted,10,0.2559713375796178,0,13,None,66,1,5,False,1000,1000
3546,66,weighted,10,0.2467157643312102,0,13,None,66,1,5,False,1000,1000
3547,67,weighted,10,0.2382563694267516,0,13,None,66,1,5,False,1000,1000
3548,68,weighted,10,0.2275079617834395,0,13,None,66,1,5,False,1000,1000
3549,69,weighted,10,0.2185509554140127,0,13,None,66,1,5,False,1000,1000
3550,65,weighted,10,0.0995222929936305,0,12,None,66,1,5,False,1000,1000
3551,66,weighted,10,0.0995222929936305,0,12,None,66,1,5,False,1000,1000
3552,67,weighted,10,0.0995222929936305,0,12,None,66,1,5,False,1000,1000
3553,68,weighted,10,0.0995222929936305,0,12,None,66,1,5,False,1000,1000
3554,69,weighted,10,0.0995222929936305,0,12,None,66,1,5,False,1000,1000
3555,65,weighted,10,0.0995222929936305,0,19,None,66,1,5,False,1000,1000
3556,66,weighted,10,0.0995222929936305,0,19,None,66,1,5,False,1000,1000
3557,67,weighted,10,0.0995222929936305,0,19,None,66,1,5,False,1000,1000
3558,68,weighted,10,0.0995222929936305,0,19,None,66,1,5,False,1000,1000
3559,69,weighted,10,0.0995222929936305,0,19,None,66,1,5,False,1000,1000
3560,65,weighted,10,0.0995222929936305,0,31,None,66,1,5,False,1000,1000
3561,66,weighted,10,0.0995222929936305,0,31,None,66,1,5,False,1000,1000
3562,67,weighted,10,0.0995222929936305,0,31,None,66,1,5,False,1000,1000
3563,68,weighted,10,0.0995222929936305,0,31,None,66,1,5,False,1000,1000
3564,69,weighted,10,0.0995222929936305,0,31,None,66,1,5,False,1000,1000
3565,65,weighted,10,0.0995222929936305,0,28,None,66,1,5,False,1000,1000
3566,66,weighted,10,0.0995222929936305,0,28,None,66,1,5,False,1000,1000
3567,67,weighted,10,0.0995222929936305,0,28,None,66,1,5,False,1000,1000
3568,68,weighted,10,0.0995222929936305,0,28,None,66,1,5,False,1000,1000
3569,69,weighted,10,0.0995222929936305,0,28,None,66,1,5,False,1000,1000
3570,65,weighted,10,0.0995222929936305,0,29,None,66,1,5,False,1000,1000
3571,66,weighted,10,0.1040007961783439,0,29,None,66,1,5,False,1000,1000
3572,67,weighted,10,0.1807324840764331,0,29,None,66,1,5,False,1000,1000
3573,68,weighted,10,0.1591361464968153,0,29,None,66,1,5,False,1000,1000
3574,69,weighted,10,0.1079816878980891,0,29,None,66,1,5,False,1000,1000
3575,65,weighted,10,0.0995222929936305,0,9,None,66,1,5,False,1000,1000
3576,66,weighted,10,0.0995222929936305,0,9,None,66,1,5,False,1000,1000
3577,67,weighted,10,0.0995222929936305,0,9,None,66,1,5,False,1000,1000
3578,68,weighted,10,0.0995222929936305,0,9,None,66,1,5,False,1000,1000
3579,69,weighted,10,0.0995222929936305,0,9,None,66,1,5,False,1000,1000
3580,65,weighted,10,0.1152468152866242,0,17,None,66,1,5,False,1000,1000
3581,66,weighted,10,0.1095740445859872,0,17,None,66,1,5,False,1000,1000
3582,67,weighted,10,0.1068869426751592,0,17,None,66,1,5,False,1000,1000
3583,68,weighted,10,0.1049960191082802,0,17,None,66,1,5,False,1000,1000
3584,69,weighted,10,0.1043988853503184,0,17,None,66,1,5,False,1000,1000
3585,65,weighted,10,0.0995222929936305,0,21,None,66,1,5,False,1000,1000
3586,66,weighted,10,0.0995222929936305,0,21,None,66,1,5,False,1000,1000
3587,67,weighted,10,0.0995222929936305,0,21,None,66,1,5,False,1000,1000
3588,68,weighted,10,0.0995222929936305,0,21,None,66,1,5,False,1000,1000
3589,69,weighted,10,0.0995222929936305,0,21,None,66,1,5,False,1000,1000
3590,65,weighted,10,0.0995222929936305,0,24,None,66,1,5,False,1000,1000
3591,66,weighted,10,0.0995222929936305,0,24,None,66,1,5,False,1000,1000
3592,67,weighted,10,0.0995222929936305,0,24,None,66,1,5,False,1000,1000
3593,68,weighted,10,0.0995222929936305,0,24,None,66,1,5,False,1000,1000
3594,69,weighted,10,0.0995222929936305,0,24,None,66,1,5,False,1000,1000
3595,65,weighted,10,0.0995222929936305,0,6,None,66,1,5,False,1000,1000
3596,66,weighted,10,0.0995222929936305,0,6,None,66,1,5,False,1000,1000
3597,67,weighted,10,0.0995222929936305,0,6,None,66,1,5,False,1000,1000
3598,68,weighted,10,0.0995222929936305,0,6,None,66,1,5,False,1000,1000
3599,69,weighted,10,0.0995222929936305,0,6,None,66,1,5,False,1000,1000
3600,65,weighted,10,0.0995222929936305,0,27,None,66,1,5,False,1000,1000
3601,66,weighted,10,0.0995222929936305,0,27,None,66,1,5,False,1000,1000
3602,67,weighted,10,0.0995222929936305,0,27,None,66,1,5,False,1000,1000
3603,68,weighted,10,0.0995222929936305,0,27,None,66,1,5,False,1000,1000
3604,69,weighted,10,0.0995222929936305,0,27,None,66,1,5,False,1000,1000
3605,65,weighted,10,0.0995222929936305,0,30,None,66,1,5,False,1000,1000
3606,66,weighted,10,0.1977507961783439,0,30,None,66,1,5,False,1000,1000
3607,67,weighted,10,0.1986464968152866,0,30,None,66,1,5,False,1000,1000
3608,68,weighted,10,0.1911823248407643,0,30,None,66,1,5,False,1000,1000
3609,69,weighted,10,0.1618232484076433,0,30,None,66,1,5,False,1000,1000
3610,65,weighted,10,0.0995222929936305,0,1,None,66,1,5,False,1000,1000
3611,66,weighted,10,0.0995222929936305,0,1,None,66,1,5,False,1000,1000
3612,67,weighted,10,0.0995222929936305,0,1,None,66,1,5,False,1000,1000
3613,68,weighted,10,0.0995222929936305,0,1,None,66,1,5,False,1000,1000
3614,69,weighted,10,0.0995222929936305,0,1,None,66,1,5,False,1000,1000
3615,65,weighted,10,0.0995222929936305,0,2,None,66,1,5,False,1000,1000
3616,66,weighted,10,0.0995222929936305,0,2,None,66,1,5,False,1000,1000
3617,67,weighted,10,0.0995222929936305,0,2,None,66,1,5,False,1000,1000
3618,68,weighted,10,0.0995222929936305,0,2,None,66,1,5,False,1000,1000
3619,69,weighted,10,0.0995222929936305,0,2,None,66,1,5,False,1000,1000
3620,65,weighted,10,0.0995222929936305,0,0,None,66,1,5,False,1000,1000
3621,66,weighted,10,0.0995222929936305,0,0,None,66,1,5,False,1000,1000
3622,67,weighted,10,0.0995222929936305,0,0,None,66,1,5,False,1000,1000
3623,68,weighted,10,0.0995222929936305,0,0,None,66,1,5,False,1000,1000
3624,69,weighted,10,0.0995222929936305,0,0,None,66,1,5,False,1000,1000
3625,65,weighted,10,0.1217157643312101,0,3,None,66,1,5,False,1000,1000
3626,66,weighted,10,0.0995222929936305,0,3,None,66,1,5,False,1000,1000
3627,67,weighted,10,0.0995222929936305,0,3,None,66,1,5,False,1000,1000
3628,68,weighted,10,0.0995222929936305,0,3,None,66,1,5,False,1000,1000
3629,69,weighted,10,0.0995222929936305,0,3,None,66,1,5,False,1000,1000
3630,70,weighted,10,0.1453025477707006,0,30,None,66,1,5,False,1000,1000
3631,71,weighted,10,0.1281847133757961,0,30,None,66,1,5,False,1000,1000
3632,72,weighted,10,0.1442078025477707,0,30,None,66,1,5,False,1000,1000
3633,73,weighted,10,0.1574442675159235,0,30,None,66,1,5,False,1000,1000
3634,74,weighted,10,0.17078025477707,0,30,None,66,1,5,False,1000,1000
3635,70,weighted,10,0.1463972929936305,0,16,None,66,1,5,False,1000,1000
3636,71,weighted,10,0.2470143312101911,0,16,None,66,1,5,False,1000,1000
3637,72,weighted,10,0.1825238853503184,0,16,None,66,1,5,False,1000,1000
3638,73,weighted,10,0.1779458598726114,0,16,None,66,1,5,False,1000,1000
3639,74,weighted,10,0.1714769108280254,0,16,None,66,1,5,False,1000,1000
3640,70,weighted,10,0.1848128980891719,0,7,None,66,1,5,False,1000,1000
3641,71,weighted,10,0.1860071656050955,0,7,None,66,1,5,False,1000,1000
3642,72,weighted,10,0.0995222929936305,0,7,None,66,1,5,False,1000,1000
3643,73,weighted,10,0.0995222929936305,0,7,None,66,1,5,False,1000,1000
3644,74,weighted,10,0.0995222929936305,0,7,None,66,1,5,False,1000,1000
3645,70,weighted,10,0.1911823248407643,0,32,None,66,1,5,False,1000,1000
3646,71,weighted,10,0.1890923566878981,0,32,None,66,1,5,False,1000,1000
3647,72,weighted,10,0.1844148089171974,0,32,None,66,1,5,False,1000,1000
3648,73,weighted,10,0.164311305732484,0,32,None,66,1,5,False,1000,1000
3649,74,weighted,10,0.1310708598726114,0,32,None,66,1,5,False,1000,1000
3650,70,weighted,10,0.0995222929936305,0,26,None,66,1,5,False,1000,1000
3651,71,weighted,10,0.0995222929936305,0,26,None,66,1,5,False,1000,1000
3652,72,weighted,10,0.0995222929936305,0,26,None,66,1,5,False,1000,1000
3653,73,weighted,10,0.0995222929936305,0,26,None,66,1,5,False,1000,1000
3654,74,weighted,10,0.1127587579617834,0,26,None,66,1,5,False,1000,1000
3655,70,weighted,10,0.1503781847133758,0,15,None,66,1,5,False,1000,1000
3656,71,weighted,10,0.2155652866242038,0,15,None,66,1,5,False,1000,1000
3657,72,weighted,10,0.2647292993630573,0,15,None,66,1,5,False,1000,1000
3658,73,weighted,10,0.3043391719745223,0,15,None,66,1,5,False,1000,1000
3659,74,weighted,10,0.1881966560509554,0,15,None,66,1,5,False,1000,1000
3660,70,weighted,10,0.1923765923566879,0,10,None,66,1,5,False,1000,1000
3661,71,weighted,10,0.1963574840764331,0,10,None,66,1,5,False,1000,1000
3662,72,weighted,10,0.1735668789808917,0,10,None,66,1,5,False,1000,1000
3663,73,weighted,10,0.0997213375796178,0,10,None,66,1,5,False,1000,1000
3664,74,weighted,10,0.1173367834394904,0,10,None,66,1,5,False,1000,1000
3665,70,weighted,10,0.1926751592356688,0,11,None,66,1,5,False,1000,1000
3666,71,weighted,10,0.1938694267515923,0,11,None,66,1,5,False,1000,1000
3667,72,weighted,10,0.0995222929936305,0,11,None,66,1,5,False,1000,1000
3668,73,weighted,10,0.0995222929936305,0,11,None,66,1,5,False,1000,1000
3669,74,weighted,10,0.0995222929936305,0,11,None,66,1,5,False,1000,1000
3670,70,weighted,10,0.1819267515923567,0,17,None,66,1,5,False,1000,1000
3671,71,weighted,10,0.1729697452229299,0,17,None,66,1,5,False,1000,1000
3672,72,weighted,10,0.1658041401273885,0,17,None,66,1,5,False,1000,1000
3673,73,weighted,10,0.1575437898089172,0,17,None,66,1,5,False,1000,1000
3674,74,weighted,10,0.1492834394904458,0,17,None,66,1,5,False,1000,1000
3675,70,weighted,10,0.0995222929936305,0,24,None,66,1,5,False,1000,1000
3676,71,weighted,10,0.0995222929936305,0,24,None,66,1,5,False,1000,1000
3677,72,weighted,10,0.0995222929936305,0,24,None,66,1,5,False,1000,1000
3678,73,weighted,10,0.0995222929936305,0,24,None,66,1,5,False,1000,1000
3679,74,weighted,10,0.0995222929936305,0,24,None,66,1,5,False,1000,1000
3680,70,weighted,10,0.0995222929936305,0,18,None,66,1,5,False,1000,1000
3681,71,weighted,10,0.0995222929936305,0,18,None,66,1,5,False,1000,1000
3682,72,weighted,10,0.0995222929936305,0,18,None,66,1,5,False,1000,1000
3683,73,weighted,10,0.0995222929936305,0,18,None,66,1,5,False,1000,1000
3684,74,weighted,10,0.1813296178343949,0,18,None,66,1,5,False,1000,1000
3685,70,weighted,10,0.0995222929936305,0,19,None,66,1,5,False,1000,1000
3686,71,weighted,10,0.0995222929936305,0,19,None,66,1,5,False,1000,1000
3687,72,weighted,10,0.0995222929936305,0,19,None,66,1,5,False,1000,1000
3688,73,weighted,10,0.0995222929936305,0,19,None,66,1,5,False,1000,1000
3689,74,weighted,10,0.0995222929936305,0,19,None,66,1,5,False,1000,1000
3690,70,weighted,10,0.0995222929936305,0,31,None,66,1,5,False,1000,1000
3691,71,weighted,10,0.0995222929936305,0,31,None,66,1,5,False,1000,1000
3692,72,weighted,10,0.0995222929936305,0,31,None,66,1,5,False,1000,1000
3693,73,weighted,10,0.0995222929936305,0,31,None,66,1,5,False,1000,1000
3694,74,weighted,10,0.0995222929936305,0,31,None,66,1,5,False,1000,1000
3695,70,weighted,10,0.0995222929936305,0,20,None,66,1,5,False,1000,1000
3696,71,weighted,10,0.0995222929936305,0,20,None,66,1,5,False,1000,1000
3697,72,weighted,10,0.1027070063694267,0,20,None,66,1,5,False,1000,1000
3698,73,weighted,10,0.1156449044585987,0,20,None,66,1,5,False,1000,1000
3699,74,weighted,10,0.1304737261146497,0,20,None,66,1,5,False,1000,1000
3700,70,weighted,10,0.0995222929936305,0,14,None,66,1,5,False,1000,1000
3701,71,weighted,10,0.0995222929936305,0,14,None,66,1,5,False,1000,1000
3702,72,weighted,10,0.0995222929936305,0,14,None,66,1,5,False,1000,1000
3703,73,weighted,10,0.0995222929936305,0,14,None,66,1,5,False,1000,1000
3704,74,weighted,10,0.0995222929936305,0,14,None,66,1,5,False,1000,1000
3705,70,weighted,10,0.0995222929936305,0,6,None,66,1,5,False,1000,1000
3706,71,weighted,10,0.0995222929936305,0,6,None,66,1,5,False,1000,1000
3707,72,weighted,10,0.0995222929936305,0,6,None,66,1,5,False,1000,1000
3708,73,weighted,10,0.0995222929936305,0,6,None,66,1,5,False,1000,1000
3709,74,weighted,10,0.0995222929936305,0,6,None,66,1,5,False,1000,1000
3710,70,weighted,10,0.0995222929936305,0,22,None,66,1,5,False,1000,1000
3711,71,weighted,10,0.1946656050955414,0,22,None,66,1,5,False,1000,1000
3712,72,weighted,10,0.1355493630573248,0,22,None,66,1,5,False,1000,1000
3713,73,weighted,10,0.0995222929936305,0,22,None,66,1,5,False,1000,1000
3714,74,weighted,10,0.0995222929936305,0,22,None,66,1,5,False,1000,1000
3715,70,weighted,10,0.0995222929936305,0,1,None,66,1,5,False,1000,1000
3716,71,weighted,10,0.0995222929936305,0,1,None,66,1,5,False,1000,1000
3717,72,weighted,10,0.0995222929936305,0,1,None,66,1,5,False,1000,1000
3718,73,weighted,10,0.0995222929936305,0,1,None,66,1,5,False,1000,1000
3719,74,weighted,10,0.0995222929936305,0,1,None,66,1,5,False,1000,1000
3720,70,weighted,10,0.0995222929936305,0,2,None,66,1,5,False,1000,1000
3721,71,weighted,10,0.0995222929936305,0,2,None,66,1,5,False,1000,1000
3722,72,weighted,10,0.0995222929936305,0,2,None,66,1,5,False,1000,1000
3723,73,weighted,10,0.0995222929936305,0,2,None,66,1,5,False,1000,1000
3724,74,weighted,10,0.0995222929936305,0,2,None,66,1,5,False,1000,1000
3725,70,weighted,10,0.1488853503184713,0,3,None,66,1,5,False,1000,1000
3726,71,weighted,10,0.1223128980891719,0,3,None,66,1,5,False,1000,1000
3727,72,weighted,10,0.1006170382165605,0,3,None,66,1,5,False,1000,1000
3728,73,weighted,10,0.0995222929936305,0,3,None,66,1,5,False,1000,1000
3729,74,weighted,10,0.0995222929936305,0,3,None,66,1,5,False,1000,1000
3730,70,weighted,10,0.1738654458598726,0,0,None,66,1,5,False,1000,1000
3731,71,weighted,10,0.101811305732484,0,0,None,66,1,5,False,1000,1000
3732,72,weighted,10,0.0995222929936305,0,0,None,66,1,5,False,1000,1000
3733,73,weighted,10,0.0995222929936305,0,0,None,66,1,5,False,1000,1000
3734,74,weighted,10,0.0995222929936305,0,0,None,66,1,5,False,1000,1000
3735,70,weighted,10,0.1827229299363057,0,5,None,66,1,5,False,1000,1000
3736,71,weighted,10,0.1354498407643312,0,5,None,66,1,5,False,1000,1000
3737,72,weighted,10,0.1308718152866242,0,5,None,66,1,5,False,1000,1000
3738,73,weighted,10,0.1274880573248407,0,5,None,66,1,5,False,1000,1000
3739,74,weighted,10,0.1255971337579617,0,5,None,66,1,5,False,1000,1000
3740,70,weighted,10,0.2434315286624203,0,4,None,66,1,5,False,1000,1000
3741,71,weighted,10,0.1834195859872611,0,4,None,66,1,5,False,1000,1000
3742,72,weighted,10,0.1758558917197452,0,4,None,66,1,5,False,1000,1000
3743,73,weighted,10,0.1666003184713375,0,4,None,66,1,5,False,1000,1000
3744,74,weighted,10,0.1575437898089172,0,4,None,66,1,5,False,1000,1000
3745,70,weighted,10,0.0995222929936305,0,8,None,66,1,5,False,1000,1000
3746,71,weighted,10,0.1475915605095541,0,8,None,66,1,5,False,1000,1000
3747,72,weighted,10,0.1420183121019108,0,8,None,66,1,5,False,1000,1000
3748,73,weighted,10,0.0995222929936305,0,8,None,66,1,5,False,1000,1000
3749,74,weighted,10,0.0995222929936305,0,8,None,66,1,5,False,1000,1000
3750,70,weighted,10,0.0995222929936305,0,21,None,66,1,5,False,1000,1000
3751,71,weighted,10,0.0995222929936305,0,21,None,66,1,5,False,1000,1000
3752,72,weighted,10,0.0995222929936305,0,21,None,66,1,5,False,1000,1000
3753,73,weighted,10,0.0995222929936305,0,21,None,66,1,5,False,1000,1000
3754,74,weighted,10,0.0995222929936305,0,21,None,66,1,5,False,1000,1000
3755,70,weighted,10,0.1017117834394904,0,13,None,66,1,5,False,1000,1000
3756,71,weighted,10,0.1036027070063694,0,13,None,66,1,5,False,1000,1000
3757,72,weighted,10,0.1077826433121019,0,13,None,66,1,5,False,1000,1000
3758,73,weighted,10,0.113953025477707,0,13,None,66,1,5,False,1000,1000
3759,74,weighted,10,0.1203224522292993,0,13,None,66,1,5,False,1000,1000
3760,70,weighted,10,0.1376393312101911,0,23,None,66,1,5,False,1000,1000
3761,71,weighted,10,0.0995222929936305,0,23,None,66,1,5,False,1000,1000
3762,72,weighted,10,0.0995222929936305,0,23,None,66,1,5,False,1000,1000
3763,73,weighted,10,0.0995222929936305,0,23,None,66,1,5,False,1000,1000
3764,74,weighted,10,0.0995222929936305,0,23,None,66,1,5,False,1000,1000
3765,70,weighted,10,0.0995222929936305,0,27,None,66,1,5,False,1000,1000
3766,71,weighted,10,0.0995222929936305,0,27,None,66,1,5,False,1000,1000
3767,72,weighted,10,0.0995222929936305,0,27,None,66,1,5,False,1000,1000
3768,73,weighted,10,0.0995222929936305,0,27,None,66,1,5,False,1000,1000
3769,74,weighted,10,0.0995222929936305,0,27,None,66,1,5,False,1000,1000
3770,70,weighted,10,0.0995222929936305,0,28,None,66,1,5,False,1000,1000
3771,71,weighted,10,0.0995222929936305,0,28,None,66,1,5,False,1000,1000
3772,72,weighted,10,0.0995222929936305,0,28,None,66,1,5,False,1000,1000
3773,73,weighted,10,0.0995222929936305,0,28,None,66,1,5,False,1000,1000
3774,74,weighted,10,0.0995222929936305,0,28,None,66,1,5,False,1000,1000
3775,70,weighted,10,0.0995222929936305,0,29,None,66,1,5,False,1000,1000
3776,71,weighted,10,0.0995222929936305,0,29,None,66,1,5,False,1000,1000
3777,72,weighted,10,0.1130573248407643,0,29,None,66,1,5,False,1000,1000
3778,73,weighted,10,0.1803343949044586,0,29,None,66,1,5,False,1000,1000
3779,74,weighted,10,0.1693869426751592,0,29,None,66,1,5,False,1000,1000
3780,70,weighted,10,0.0995222929936305,0,12,None,66,1,5,False,1000,1000
3781,71,weighted,10,0.0995222929936305,0,12,None,66,1,5,False,1000,1000
3782,72,weighted,10,0.0995222929936305,0,12,None,66,1,5,False,1000,1000
3783,73,weighted,10,0.0995222929936305,0,12,None,66,1,5,False,1000,1000
3784,74,weighted,10,0.0995222929936305,0,12,None,66,1,5,False,1000,1000
3785,70,weighted,10,0.0995222929936305,0,9,None,66,1,5,False,1000,1000
3786,71,weighted,10,0.0995222929936305,0,9,None,66,1,5,False,1000,1000
3787,72,weighted,10,0.0995222929936305,0,9,None,66,1,5,False,1000,1000
3788,73,weighted,10,0.0995222929936305,0,9,None,66,1,5,False,1000,1000
3789,74,weighted,10,0.0995222929936305,0,9,None,66,1,5,False,1000,1000
3790,70,weighted,10,0.1839171974522293,0,25,None,66,1,5,False,1000,1000
3791,71,weighted,10,0.1806329617834395,0,25,None,66,1,5,False,1000,1000
3792,72,weighted,10,0.1770501592356688,0,25,None,66,1,5,False,1000,1000
3793,73,weighted,10,0.1733678343949044,0,25,None,66,1,5,False,1000,1000
3794,74,weighted,10,0.1704816878980891,0,25,None,66,1,5,False,1000,1000
3795,75,weighted,10,0.0995222929936305,0,31,None,66,1,5,False,1000,1000
3796,76,weighted,10,0.0995222929936305,0,31,None,66,1,5,False,1000,1000
3797,77,weighted,10,0.0995222929936305,0,31,None,66,1,5,False,1000,1000
3798,78,weighted,10,0.0995222929936305,0,31,None,66,1,5,False,1000,1000
3799,79,weighted,10,0.0995222929936305,0,31,None,66,1,5,False,1000,1000
3800,75,weighted,10,0.0995222929936305,0,19,None,66,1,5,False,1000,1000
3801,76,weighted,10,0.0995222929936305,0,19,None,66,1,5,False,1000,1000
3802,77,weighted,10,0.0995222929936305,0,19,None,66,1,5,False,1000,1000
3803,78,weighted,10,0.0995222929936305,0,19,None,66,1,5,False,1000,1000
3804,79,weighted,10,0.0995222929936305,0,19,None,66,1,5,False,1000,1000
3805,75,weighted,10,0.1913813694267516,0,32,None,66,1,5,False,1000,1000
3806,76,weighted,10,0.190187101910828,0,32,None,66,1,5,False,1000,1000
3807,77,weighted,10,0.1874004777070063,0,32,None,66,1,5,False,1000,1000
3808,78,weighted,10,0.1785429936305732,0,32,None,66,1,5,False,1000,1000
3809,79,weighted,10,0.1594347133757961,0,32,None,66,1,5,False,1000,1000
3810,75,weighted,10,0.198546974522293,0,16,None,66,1,5,False,1000,1000
3811,76,weighted,10,0.2425358280254777,0,16,None,66,1,5,False,1000,1000
3812,77,weighted,10,0.1781449044585987,0,16,None,66,1,5,False,1000,1000
3813,78,weighted,10,0.1727707006369426,0,16,None,66,1,5,False,1000,1000
3814,79,weighted,10,0.168093152866242,0,16,None,66,1,5,False,1000,1000
3815,75,weighted,10,0.0995222929936305,0,24,None,66,1,5,False,1000,1000
3816,76,weighted,10,0.0995222929936305,0,24,None,66,1,5,False,1000,1000
3817,77,weighted,10,0.0995222929936305,0,24,None,66,1,5,False,1000,1000
3818,78,weighted,10,0.0995222929936305,0,24,None,66,1,5,False,1000,1000
3819,79,weighted,10,0.0995222929936305,0,24,None,66,1,5,False,1000,1000
3820,75,weighted,10,0.1969546178343949,0,30,None,66,1,5,False,1000,1000
3821,76,weighted,10,0.1875,0,30,None,66,1,5,False,1000,1000
3822,77,weighted,10,0.1775477707006369,0,30,None,66,1,5,False,1000,1000
3823,78,weighted,10,0.1865047770700637,0,30,None,66,1,5,False,1000,1000
3824,79,weighted,10,0.1544585987261146,0,30,None,66,1,5,False,1000,1000
3825,75,weighted,10,0.0995222929936305,0,26,None,66,1,5,False,1000,1000
3826,76,weighted,10,0.0995222929936305,0,26,None,66,1,5,False,1000,1000
3827,77,weighted,10,0.0995222929936305,0,26,None,66,1,5,False,1000,1000
3828,78,weighted,10,0.0995222929936305,0,26,None,66,1,5,False,1000,1000
3829,79,weighted,10,0.1028065286624203,0,26,None,66,1,5,False,1000,1000
3830,75,weighted,10,0.188296178343949,0,7,None,66,1,5,False,1000,1000
3831,76,weighted,10,0.2663216560509554,0,7,None,66,1,5,False,1000,1000
3832,77,weighted,10,0.1946656050955414,0,7,None,66,1,5,False,1000,1000
3833,78,weighted,10,0.1005175159235668,0,7,None,66,1,5,False,1000,1000
3834,79,weighted,10,0.098328025477707,0,7,None,66,1,5,False,1000,1000
3835,75,weighted,10,0.1645103503184713,0,11,None,66,1,5,False,1000,1000
3836,76,weighted,10,0.1906847133757961,0,11,None,66,1,5,False,1000,1000
3837,77,weighted,10,0.1986464968152866,0,11,None,66,1,5,False,1000,1000
3838,78,weighted,10,0.1016122611464968,0,11,None,66,1,5,False,1000,1000
3839,79,weighted,10,0.0995222929936305,0,11,None,66,1,5,False,1000,1000
3840,75,weighted,10,0.2227308917197452,0,17,None,66,1,5,False,1000,1000
3841,76,weighted,10,0.181827229299363,0,17,None,66,1,5,False,1000,1000
3842,77,weighted,10,0.1762539808917197,0,17,None,66,1,5,False,1000,1000
3843,78,weighted,10,0.1743630573248407,0,17,None,66,1,5,False,1000,1000
3844,79,weighted,10,0.1727707006369426,0,17,None,66,1,5,False,1000,1000
3845,75,weighted,10,0.0995222929936305,0,18,None,66,1,5,False,1000,1000
3846,76,weighted,10,0.0995222929936305,0,18,None,66,1,5,False,1000,1000
3847,77,weighted,10,0.0995222929936305,0,18,None,66,1,5,False,1000,1000
3848,78,weighted,10,0.0995222929936305,0,18,None,66,1,5,False,1000,1000
3849,79,weighted,10,0.1083797770700636,0,18,None,66,1,5,False,1000,1000
3850,75,weighted,10,0.1970541401273885,0,12,None,66,1,5,False,1000,1000
3851,76,weighted,10,0.1945660828025477,0,12,None,66,1,5,False,1000,1000
3852,77,weighted,10,0.2022292993630573,0,12,None,66,1,5,False,1000,1000
3853,78,weighted,10,0.1666003184713375,0,12,None,66,1,5,False,1000,1000
3854,79,weighted,10,0.1701831210191083,0,12,None,66,1,5,False,1000,1000
3855,75,weighted,10,0.0995222929936305,0,20,None,66,1,5,False,1000,1000
3856,76,weighted,10,0.1062898089171974,0,20,None,66,1,5,False,1000,1000
3857,77,weighted,10,0.1205214968152866,0,20,None,66,1,5,False,1000,1000
3858,78,weighted,10,0.1340565286624203,0,20,None,66,1,5,False,1000,1000
3859,79,weighted,10,0.1434116242038216,0,20,None,66,1,5,False,1000,1000
3860,75,weighted,10,0.1874004777070063,0,25,None,66,1,5,False,1000,1000
3861,76,weighted,10,0.1858081210191083,0,25,None,66,1,5,False,1000,1000
3862,77,weighted,10,0.1845143312101911,0,25,None,66,1,5,False,1000,1000
3863,78,weighted,10,0.1834195859872611,0,25,None,66,1,5,False,1000,1000
3864,79,weighted,10,0.1824243630573248,0,25,None,66,1,5,False,1000,1000
3865,75,weighted,10,0.0995222929936305,0,6,None,66,1,5,False,1000,1000
3866,76,weighted,10,0.0995222929936305,0,6,None,66,1,5,False,1000,1000
3867,77,weighted,10,0.0995222929936305,0,6,None,66,1,5,False,1000,1000
3868,78,weighted,10,0.0995222929936305,0,6,None,66,1,5,False,1000,1000
3869,79,weighted,10,0.0995222929936305,0,6,None,66,1,5,False,1000,1000
3870,75,weighted,10,0.0995222929936305,0,14,None,66,1,5,False,1000,1000
3871,76,weighted,10,0.0995222929936305,0,14,None,66,1,5,False,1000,1000
3872,77,weighted,10,0.0995222929936305,0,14,None,66,1,5,False,1000,1000
3873,78,weighted,10,0.0995222929936305,0,14,None,66,1,5,False,1000,1000
3874,79,weighted,10,0.0995222929936305,0,14,None,66,1,5,False,1000,1000
3875,75,weighted,10,0.2523885350318471,0,22,None,66,1,5,False,1000,1000
3876,76,weighted,10,0.1539609872611465,0,22,None,66,1,5,False,1000,1000
3877,77,weighted,10,0.1114649681528662,0,22,None,66,1,5,False,1000,1000
3878,78,weighted,10,0.1021098726114649,0,22,None,66,1,5,False,1000,1000
3879,79,weighted,10,0.0997213375796178,0,22,None,66,1,5,False,1000,1000
3880,75,weighted,10,0.1847133757961783,0,15,None,66,1,5,False,1000,1000
3881,76,weighted,10,0.1889928343949044,0,15,None,66,1,5,False,1000,1000
3882,77,weighted,10,0.1917794585987261,0,15,None,66,1,5,False,1000,1000
3883,78,weighted,10,0.1942675159235669,0,15,None,66,1,5,False,1000,1000
3884,79,weighted,10,0.1977507961783439,0,15,None,66,1,5,False,1000,1000
3885,75,weighted,10,0.1884952229299363,0,10,None,66,1,5,False,1000,1000
3886,76,weighted,10,0.2251194267515923,0,10,None,66,1,5,False,1000,1000
3887,77,weighted,10,0.2549761146496815,0,10,None,66,1,5,False,1000,1000
3888,78,weighted,10,0.2559713375796178,0,10,None,66,1,5,False,1000,1000
3889,79,weighted,10,0.1689888535031847,0,10,None,66,1,5,False,1000,1000
3890,75,weighted,10,0.0995222929936305,0,1,None,66,1,5,False,1000,1000
3891,76,weighted,10,0.0995222929936305,0,1,None,66,1,5,False,1000,1000
3892,77,weighted,10,0.0995222929936305,0,1,None,66,1,5,False,1000,1000
3893,78,weighted,10,0.0995222929936305,0,1,None,66,1,5,False,1000,1000
3894,79,weighted,10,0.0995222929936305,0,1,None,66,1,5,False,1000,1000
3895,75,weighted,10,0.1747611464968153,0,0,None,66,1,5,False,1000,1000
3896,76,weighted,10,0.1336584394904458,0,0,None,66,1,5,False,1000,1000
3897,77,weighted,10,0.0995222929936305,0,0,None,66,1,5,False,1000,1000
3898,78,weighted,10,0.0995222929936305,0,0,None,66,1,5,False,1000,1000
3899,79,weighted,10,0.0995222929936305,0,0,None,66,1,5,False,1000,1000
3900,75,weighted,10,0.0995222929936305,0,2,None,66,1,5,False,1000,1000
3901,76,weighted,10,0.0995222929936305,0,2,None,66,1,5,False,1000,1000
3902,77,weighted,10,0.0995222929936305,0,2,None,66,1,5,False,1000,1000
3903,78,weighted,10,0.0995222929936305,0,2,None,66,1,5,False,1000,1000
3904,79,weighted,10,0.0995222929936305,0,2,None,66,1,5,False,1000,1000
3905,75,weighted,10,0.1940684713375796,0,3,None,66,1,5,False,1000,1000
3906,76,weighted,10,0.1918789808917197,0,3,None,66,1,5,False,1000,1000
3907,77,weighted,10,0.1415207006369426,0,3,None,66,1,5,False,1000,1000
3908,78,weighted,10,0.1367436305732484,0,3,None,66,1,5,False,1000,1000
3909,79,weighted,10,0.1338574840764331,0,3,None,66,1,5,False,1000,1000
3910,75,weighted,10,0.1609275477707006,0,5,None,66,1,5,False,1000,1000
3911,76,weighted,10,0.1496815286624203,0,5,None,66,1,5,False,1000,1000
3912,77,weighted,10,0.1575437898089172,0,5,None,66,1,5,False,1000,1000
3913,78,weighted,10,0.1684912420382165,0,5,None,66,1,5,False,1000,1000
3914,79,weighted,10,0.1795382165605095,0,5,None,66,1,5,False,1000,1000
3915,75,weighted,10,0.190983280254777,0,4,None,66,1,5,False,1000,1000
3916,76,weighted,10,0.1884952229299363,0,4,None,66,1,5,False,1000,1000
3917,77,weighted,10,0.1858081210191083,0,4,None,66,1,5,False,1000,1000
3918,78,weighted,10,0.182921974522293,0,4,None,66,1,5,False,1000,1000
3919,79,weighted,10,0.1781449044585987,0,4,None,66,1,5,False,1000,1000
3920,75,weighted,10,0.1052945859872611,0,8,None,66,1,5,False,1000,1000
3921,76,weighted,10,0.0995222929936305,0,8,None,66,1,5,False,1000,1000
3922,77,weighted,10,0.0995222929936305,0,8,None,66,1,5,False,1000,1000
3923,78,weighted,10,0.0995222929936305,0,8,None,66,1,5,False,1000,1000
3924,79,weighted,10,0.0995222929936305,0,8,None,66,1,5,False,1000,1000
3925,75,weighted,10,0.1012141719745222,0,13,None,66,1,5,False,1000,1000
3926,76,weighted,10,0.1042993630573248,0,13,None,66,1,5,False,1000,1000
3927,77,weighted,10,0.1117635350318471,0,13,None,66,1,5,False,1000,1000
3928,78,weighted,10,0.122014331210191,0,13,None,66,1,5,False,1000,1000
3929,79,weighted,10,0.1402269108280254,0,13,None,66,1,5,False,1000,1000
3930,75,weighted,10,0.0995222929936305,0,21,None,66,1,5,False,1000,1000
3931,76,weighted,10,0.0995222929936305,0,21,None,66,1,5,False,1000,1000
3932,77,weighted,10,0.0995222929936305,0,21,None,66,1,5,False,1000,1000
3933,78,weighted,10,0.0995222929936305,0,21,None,66,1,5,False,1000,1000
3934,79,weighted,10,0.0995222929936305,0,21,None,66,1,5,False,1000,1000
3935,75,weighted,10,0.0996218152866242,0,9,None,66,1,5,False,1000,1000
3936,76,weighted,10,0.1005175159235668,0,9,None,66,1,5,False,1000,1000
3937,77,weighted,10,0.1030055732484076,0,9,None,66,1,5,False,1000,1000
3938,78,weighted,10,0.110171178343949,0,9,None,66,1,5,False,1000,1000
3939,79,weighted,10,0.1168391719745222,0,9,None,66,1,5,False,1000,1000
3940,75,weighted,10,0.1636146496815286,0,23,None,66,1,5,False,1000,1000
3941,76,weighted,10,0.1027070063694267,0,23,None,66,1,5,False,1000,1000
3942,77,weighted,10,0.0995222929936305,0,23,None,66,1,5,False,1000,1000
3943,78,weighted,10,0.0995222929936305,0,23,None,66,1,5,False,1000,1000
3944,79,weighted,10,0.0995222929936305,0,23,None,66,1,5,False,1000,1000
3945,75,weighted,10,0.1453025477707006,0,28,None,66,1,5,False,1000,1000
3946,76,weighted,10,0.1532643312101911,0,28,None,66,1,5,False,1000,1000
3947,77,weighted,10,0.1618232484076433,0,28,None,66,1,5,False,1000,1000
3948,78,weighted,10,0.1930732484076433,0,28,None,66,1,5,False,1000,1000
3949,79,weighted,10,0.1825238853503184,0,28,None,66,1,5,False,1000,1000
3950,75,weighted,10,0.0995222929936305,0,27,None,66,1,5,False,1000,1000
3951,76,weighted,10,0.0995222929936305,0,27,None,66,1,5,False,1000,1000
3952,77,weighted,10,0.0995222929936305,0,27,None,66,1,5,False,1000,1000
3953,78,weighted,10,0.0995222929936305,0,27,None,66,1,5,False,1000,1000
3954,79,weighted,10,0.1308718152866242,0,27,None,66,1,5,False,1000,1000
3955,75,weighted,10,0.0995222929936305,0,29,None,66,1,5,False,1000,1000
3956,76,weighted,10,0.0995222929936305,0,29,None,66,1,5,False,1000,1000
3957,77,weighted,10,0.1421178343949044,0,29,None,66,1,5,False,1000,1000
3958,78,weighted,10,0.1797372611464968,0,29,None,66,1,5,False,1000,1000
3959,79,weighted,10,0.1721735668789809,0,29,None,66,1,5,False,1000,1000
5775,80,weighted,10,0.0995222929936305,0,1,None,66,1,5,False,1000,1000
5776,81,weighted,10,0.0995222929936305,0,1,None,66,1,5,False,1000,1000
5777,82,weighted,10,0.0995222929936305,0,1,None,66,1,5,False,1000,1000
5778,83,weighted,10,0.0995222929936305,0,1,None,66,1,5,False,1000,1000
5779,84,weighted,10,0.0995222929936305,0,1,None,66,1,5,False,1000,1000
5780,80,weighted,10,0.1876990445859872,0,16,None,66,1,5,False,1000,1000
5781,81,weighted,10,0.1986464968152866,0,16,None,66,1,5,False,1000,1000
5782,82,weighted,10,0.1815286624203821,0,16,None,66,1,5,False,1000,1000
5783,83,weighted,10,0.1787420382165605,0,16,None,66,1,5,False,1000,1000
5784,84,weighted,10,0.1763535031847133,0,16,None,66,1,5,False,1000,1000
5785,80,weighted,10,0.0995222929936305,0,8,None,66,1,5,False,1000,1000
5786,81,weighted,10,0.0995222929936305,0,8,None,66,1,5,False,1000,1000
5787,82,weighted,10,0.0995222929936305,0,8,None,66,1,5,False,1000,1000
5788,83,weighted,10,0.0995222929936305,0,8,None,66,1,5,False,1000,1000
5789,84,weighted,10,0.0995222929936305,0,8,None,66,1,5,False,1000,1000
5790,80,weighted,10,0.0995222929936305,0,19,None,66,1,5,False,1000,1000
5791,81,weighted,10,0.0995222929936305,0,19,None,66,1,5,False,1000,1000
5792,82,weighted,10,0.0995222929936305,0,19,None,66,1,5,False,1000,1000
5793,83,weighted,10,0.0995222929936305,0,19,None,66,1,5,False,1000,1000
5794,84,weighted,10,0.0995222929936305,0,19,None,66,1,5,False,1000,1000
5795,80,weighted,10,0.1759554140127388,0,23,None,66,1,5,False,1000,1000
5796,81,weighted,10,0.151671974522293,0,23,None,66,1,5,False,1000,1000
5797,82,weighted,10,0.106389331210191,0,23,None,66,1,5,False,1000,1000
5798,83,weighted,10,0.0995222929936305,0,23,None,66,1,5,False,1000,1000
5799,84,weighted,10,0.0995222929936305,0,23,None,66,1,5,False,1000,1000
5800,80,weighted,10,0.0995222929936305,0,21,None,66,1,5,False,1000,1000
5801,81,weighted,10,0.0995222929936305,0,21,None,66,1,5,False,1000,1000
5802,82,weighted,10,0.0995222929936305,0,21,None,66,1,5,False,1000,1000
5803,83,weighted,10,0.0995222929936305,0,21,None,66,1,5,False,1000,1000
5804,84,weighted,10,0.0995222929936305,0,21,None,66,1,5,False,1000,1000
5805,80,weighted,10,0.0995222929936305,0,24,None,66,1,5,False,1000,1000
5806,81,weighted,10,0.0995222929936305,0,24,None,66,1,5,False,1000,1000
5807,82,weighted,10,0.0995222929936305,0,24,None,66,1,5,False,1000,1000
5808,83,weighted,10,0.0995222929936305,0,24,None,66,1,5,False,1000,1000
5809,84,weighted,10,0.0995222929936305,0,24,None,66,1,5,False,1000,1000
5810,80,weighted,10,0.1077826433121019,0,29,None,66,1,5,False,1000,1000
5811,81,weighted,10,0.1741640127388535,0,29,None,66,1,5,False,1000,1000
5812,82,weighted,10,0.1787420382165605,0,29,None,66,1,5,False,1000,1000
5813,83,weighted,10,0.1688893312101911,0,29,None,66,1,5,False,1000,1000
5814,84,weighted,10,0.1481886942675159,0,29,None,66,1,5,False,1000,1000
5815,80,weighted,10,0.1986464968152866,0,30,None,66,1,5,False,1000,1000
5816,81,weighted,10,0.1969546178343949,0,30,None,66,1,5,False,1000,1000
5817,82,weighted,10,0.1931727707006369,0,30,None,66,1,5,False,1000,1000
5818,83,weighted,10,0.2145700636942675,0,30,None,66,1,5,False,1000,1000
5819,84,weighted,10,0.1950636942675159,0,30,None,66,1,5,False,1000,1000
5820,80,weighted,10,0.1096735668789808,0,27,None,66,1,5,False,1000,1000
5821,81,weighted,10,0.1098726114649681,0,27,None,66,1,5,False,1000,1000
5822,82,weighted,10,0.1506767515923567,0,27,None,66,1,5,False,1000,1000
5823,83,weighted,10,0.1850119426751592,0,27,None,66,1,5,False,1000,1000
5824,84,weighted,10,0.1949641719745223,0,27,None,66,1,5,False,1000,1000
5825,80,weighted,10,0.0995222929936305,0,31,None,66,1,5,False,1000,1000
5826,81,weighted,10,0.0995222929936305,0,31,None,66,1,5,False,1000,1000
5827,82,weighted,10,0.0995222929936305,0,31,None,66,1,5,False,1000,1000
5828,83,weighted,10,0.0995222929936305,0,31,None,66,1,5,False,1000,1000
5829,84,weighted,10,0.0995222929936305,0,31,None,66,1,5,False,1000,1000
5830,80,weighted,10,0.0995222929936305,0,14,None,66,1,5,False,1000,1000
5831,81,weighted,10,0.0995222929936305,0,14,None,66,1,5,False,1000,1000
5832,82,weighted,10,0.0995222929936305,0,14,None,66,1,5,False,1000,1000
5833,83,weighted,10,0.0995222929936305,0,14,None,66,1,5,False,1000,1000
5834,84,weighted,10,0.0995222929936305,0,14,None,66,1,5,False,1000,1000
5835,80,weighted,10,0.1849124203821656,0,22,None,66,1,5,False,1000,1000
5836,81,weighted,10,0.1633160828025477,0,22,None,66,1,5,False,1000,1000
5837,82,weighted,10,0.1458001592356688,0,22,None,66,1,5,False,1000,1000
5838,83,weighted,10,0.1251990445859872,0,22,None,66,1,5,False,1000,1000
5839,84,weighted,10,0.1210191082802547,0,22,None,66,1,5,False,1000,1000
5840,80,weighted,10,0.0995222929936305,0,2,None,66,1,5,False,1000,1000
5841,81,weighted,10,0.0995222929936305,0,2,None,66,1,5,False,1000,1000
5842,82,weighted,10,0.0995222929936305,0,2,None,66,1,5,False,1000,1000
5843,83,weighted,10,0.0995222929936305,0,2,None,66,1,5,False,1000,1000
5844,84,weighted,10,0.0995222929936305,0,2,None,66,1,5,False,1000,1000
5845,80,weighted,10,0.0995222929936305,0,0,None,66,1,5,False,1000,1000
5846,81,weighted,10,0.1059912420382165,0,0,None,66,1,5,False,1000,1000
5847,82,weighted,10,0.17078025477707,0,0,None,66,1,5,False,1000,1000
5848,83,weighted,10,0.1261942675159235,0,0,None,66,1,5,False,1000,1000
5849,84,weighted,10,0.0995222929936305,0,0,None,66,1,5,False,1000,1000
5850,80,weighted,10,0.2484076433121019,0,5,None,66,1,5,False,1000,1000
5851,81,weighted,10,0.2558718152866242,0,5,None,66,1,5,False,1000,1000
5852,82,weighted,10,0.261046974522293,0,5,None,66,1,5,False,1000,1000
5853,83,weighted,10,0.2630374203821656,0,5,None,66,1,5,False,1000,1000
5854,84,weighted,10,0.2617436305732484,0,5,None,66,1,5,False,1000,1000
5855,80,weighted,10,0.0995222929936305,0,9,None,66,1,5,False,1000,1000
5856,81,weighted,10,0.0995222929936305,0,9,None,66,1,5,False,1000,1000
5857,82,weighted,10,0.0995222929936305,0,9,None,66,1,5,False,1000,1000
5858,83,weighted,10,0.0995222929936305,0,9,None,66,1,5,False,1000,1000
5859,84,weighted,10,0.0997213375796178,0,9,None,66,1,5,False,1000,1000
5860,80,weighted,10,0.1925756369426751,0,11,None,66,1,5,False,1000,1000
5861,81,weighted,10,0.1987460191082802,0,11,None,66,1,5,False,1000,1000
5862,82,weighted,10,0.1827229299363057,0,11,None,66,1,5,False,1000,1000
5863,83,weighted,10,0.0995222929936305,0,11,None,66,1,5,False,1000,1000
5864,84,weighted,10,0.0995222929936305,0,11,None,66,1,5,False,1000,1000
5865,80,weighted,10,0.1903861464968153,0,10,None,66,1,5,False,1000,1000
5866,81,weighted,10,0.1939689490445859,0,10,None,66,1,5,False,1000,1000
5867,82,weighted,10,0.1968550955414012,0,10,None,66,1,5,False,1000,1000
5868,83,weighted,10,0.1959593949044586,0,10,None,66,1,5,False,1000,1000
5869,84,weighted,10,0.1906847133757961,0,10,None,66,1,5,False,1000,1000
5870,80,weighted,10,0.1903861464968153,0,15,None,66,1,5,False,1000,1000
5871,81,weighted,10,0.1926751592356688,0,15,None,66,1,5,False,1000,1000
5872,82,weighted,10,0.1948646496815286,0,15,None,66,1,5,False,1000,1000
5873,83,weighted,10,0.1961584394904458,0,15,None,66,1,5,False,1000,1000
5874,84,weighted,10,0.197452229299363,0,15,None,66,1,5,False,1000,1000
5875,80,weighted,10,0.0995222929936305,0,18,None,66,1,5,False,1000,1000
5876,81,weighted,10,0.172671178343949,0,18,None,66,1,5,False,1000,1000
5877,82,weighted,10,0.0996218152866242,0,18,None,66,1,5,False,1000,1000
5878,83,weighted,10,0.0995222929936305,0,18,None,66,1,5,False,1000,1000
5879,84,weighted,10,0.0995222929936305,0,18,None,66,1,5,False,1000,1000
5880,80,weighted,10,0.174562101910828,0,17,None,66,1,5,False,1000,1000
5881,81,weighted,10,0.1715764331210191,0,17,None,66,1,5,False,1000,1000
5882,82,weighted,10,0.1687898089171974,0,17,None,66,1,5,False,1000,1000
5883,83,weighted,10,0.1664012738853503,0,17,None,66,1,5,False,1000,1000
5884,84,weighted,10,0.1642117834394904,0,17,None,66,1,5,False,1000,1000
5885,80,weighted,10,0.1428144904458598,0,20,None,66,1,5,False,1000,1000
5886,81,weighted,10,0.1523686305732484,0,20,None,66,1,5,False,1000,1000
5887,82,weighted,10,0.1586385350318471,0,20,None,66,1,5,False,1000,1000
5888,83,weighted,10,0.1631170382165605,0,20,None,66,1,5,False,1000,1000
5889,84,weighted,10,0.1686902866242038,0,20,None,66,1,5,False,1000,1000
5890,80,weighted,10,0.0995222929936305,0,28,None,66,1,5,False,1000,1000
5891,81,weighted,10,0.0994227707006369,0,28,None,66,1,5,False,1000,1000
5892,82,weighted,10,0.0999203821656051,0,28,None,66,1,5,False,1000,1000
5893,83,weighted,10,0.1060907643312101,0,28,None,66,1,5,False,1000,1000
5894,84,weighted,10,0.1135549363057324,0,28,None,66,1,5,False,1000,1000
5895,80,weighted,10,0.2308917197452229,0,3,None,66,1,5,False,1000,1000
5896,81,weighted,10,0.222233280254777,0,3,None,66,1,5,False,1000,1000
5897,82,weighted,10,0.1588375796178344,0,3,None,66,1,5,False,1000,1000
5898,83,weighted,10,0.1572452229299363,0,3,None,66,1,5,False,1000,1000
5899,84,weighted,10,0.1564490445859872,0,3,None,66,1,5,False,1000,1000
5900,80,weighted,10,0.0995222929936305,0,6,None,66,1,5,False,1000,1000
5901,81,weighted,10,0.0995222929936305,0,6,None,66,1,5,False,1000,1000
5902,82,weighted,10,0.0995222929936305,0,6,None,66,1,5,False,1000,1000
5903,83,weighted,10,0.0995222929936305,0,6,None,66,1,5,False,1000,1000
5904,84,weighted,10,0.0995222929936305,0,6,None,66,1,5,False,1000,1000
5905,80,weighted,10,0.1968550955414012,0,12,None,66,1,5,False,1000,1000
5906,81,weighted,10,0.1965565286624203,0,12,None,66,1,5,False,1000,1000
5907,82,weighted,10,0.1932722929936305,0,12,None,66,1,5,False,1000,1000
5908,83,weighted,10,0.188296178343949,0,12,None,66,1,5,False,1000,1000
5909,84,weighted,10,0.192874203821656,0,12,None,66,1,5,False,1000,1000
5910,80,weighted,10,0.2578622611464968,0,13,None,66,1,5,False,1000,1000
5911,81,weighted,10,0.2366640127388535,0,13,None,66,1,5,False,1000,1000
5912,82,weighted,10,0.205812101910828,0,13,None,66,1,5,False,1000,1000
5913,83,weighted,10,0.1965565286624203,0,13,None,66,1,5,False,1000,1000
5914,84,weighted,10,0.1968550955414012,0,13,None,66,1,5,False,1000,1000
5915,80,weighted,10,0.1851114649681528,0,25,None,66,1,5,False,1000,1000
5916,81,weighted,10,0.1841162420382165,0,25,None,66,1,5,False,1000,1000
5917,82,weighted,10,0.1838176751592356,0,25,None,66,1,5,False,1000,1000
5918,83,weighted,10,0.1835191082802547,0,25,None,66,1,5,False,1000,1000
5919,84,weighted,10,0.1838176751592356,0,25,None,66,1,5,False,1000,1000
5920,80,weighted,10,0.0995222929936305,0,26,None,66,1,5,False,1000,1000
5921,81,weighted,10,0.0995222929936305,0,26,None,66,1,5,False,1000,1000
5922,82,weighted,10,0.0995222929936305,0,26,None,66,1,5,False,1000,1000
5923,83,weighted,10,0.0996218152866242,0,26,None,66,1,5,False,1000,1000
5924,84,weighted,10,0.195561305732484,0,26,None,66,1,5,False,1000,1000
5925,80,weighted,10,0.190187101910828,0,4,None,66,1,5,False,1000,1000
5926,81,weighted,10,0.1889928343949044,0,4,None,66,1,5,False,1000,1000
5927,82,weighted,10,0.1876990445859872,0,4,None,66,1,5,False,1000,1000
5928,83,weighted,10,0.1857085987261146,0,4,None,66,1,5,False,1000,1000
5929,84,weighted,10,0.1840167197452229,0,4,None,66,1,5,False,1000,1000
5930,80,weighted,10,0.2317874203821656,0,7,None,66,1,5,False,1000,1000
5931,81,weighted,10,0.1521695859872611,0,7,None,66,1,5,False,1000,1000
5932,82,weighted,10,0.1583399681528662,0,7,None,66,1,5,False,1000,1000
5933,83,weighted,10,0.1581409235668789,0,7,None,66,1,5,False,1000,1000
5934,84,weighted,10,0.0998208598726114,0,7,None,66,1,5,False,1000,1000
5935,80,weighted,10,0.1895899681528662,0,32,None,66,1,5,False,1000,1000
5936,81,weighted,10,0.1868033439490445,0,32,None,66,1,5,False,1000,1000
5937,82,weighted,10,0.1787420382165605,0,32,None,66,1,5,False,1000,1000
5938,83,weighted,10,0.1649084394904458,0,32,None,66,1,5,False,1000,1000
5939,84,weighted,10,0.1467953821656051,0,32,None,66,1,5,False,1000,1000
5940,85,weighted,10,0.0995222929936305,0,24,None,66,1,5,False,1000,1000
5941,86,weighted,10,0.0995222929936305,0,24,None,66,1,5,False,1000,1000
5942,87,weighted,10,0.0995222929936305,0,24,None,66,1,5,False,1000,1000
5943,88,weighted,10,0.0995222929936305,0,24,None,66,1,5,False,1000,1000
5944,89,weighted,10,0.0995222929936305,0,24,None,66,1,5,False,1000,1000
5945,85,weighted,10,0.0995222929936305,0,31,None,66,1,5,False,1000,1000
5946,86,weighted,10,0.0995222929936305,0,31,None,66,1,5,False,1000,1000
5947,87,weighted,10,0.0995222929936305,0,31,None,66,1,5,False,1000,1000
5948,88,weighted,10,0.0995222929936305,0,31,None,66,1,5,False,1000,1000
5949,89,weighted,10,0.0995222929936305,0,31,None,66,1,5,False,1000,1000
5950,85,weighted,10,0.1875995222929936,0,25,None,66,1,5,False,1000,1000
5951,86,weighted,10,0.1875995222929936,0,25,None,66,1,5,False,1000,1000
5952,87,weighted,10,0.1876990445859872,0,25,None,66,1,5,False,1000,1000
5953,88,weighted,10,0.1877985668789809,0,25,None,66,1,5,False,1000,1000
5954,89,weighted,10,0.1880971337579617,0,25,None,66,1,5,False,1000,1000
5955,85,weighted,10,0.0995222929936305,0,1,None,66,1,5,False,1000,1000
5956,86,weighted,10,0.0995222929936305,0,1,None,66,1,5,False,1000,1000
5957,87,weighted,10,0.0995222929936305,0,1,None,66,1,5,False,1000,1000
5958,88,weighted,10,0.0995222929936305,0,1,None,66,1,5,False,1000,1000
5959,89,weighted,10,0.0995222929936305,0,1,None,66,1,5,False,1000,1000
5960,85,weighted,10,0.1981488853503184,0,13,None,66,1,5,False,1000,1000
5961,86,weighted,10,0.1994426751592356,0,13,None,66,1,5,False,1000,1000
5962,87,weighted,10,0.2011345541401273,0,13,None,66,1,5,False,1000,1000
5963,88,weighted,10,0.2040207006369426,0,13,None,66,1,5,False,1000,1000
5964,89,weighted,10,0.2080015923566879,0,13,None,66,1,5,False,1000,1000
5965,85,weighted,10,0.0995222929936305,0,21,None,66,1,5,False,1000,1000
5966,86,weighted,10,0.0995222929936305,0,21,None,66,1,5,False,1000,1000
5967,87,weighted,10,0.0995222929936305,0,21,None,66,1,5,False,1000,1000
5968,88,weighted,10,0.0995222929936305,0,21,None,66,1,5,False,1000,1000
5969,89,weighted,10,0.0995222929936305,0,21,None,66,1,5,False,1000,1000
5970,85,weighted,10,0.0995222929936305,0,29,None,66,1,5,False,1000,1000
5971,86,weighted,10,0.0995222929936305,0,29,None,66,1,5,False,1000,1000
5972,87,weighted,10,0.1040007961783439,0,29,None,66,1,5,False,1000,1000
5973,88,weighted,10,0.1380374203821656,0,29,None,66,1,5,False,1000,1000
5974,89,weighted,10,0.1721735668789809,0,29,None,66,1,5,False,1000,1000
5975,85,weighted,10,0.2661226114649681,0,27,None,66,1,5,False,1000,1000
5976,86,weighted,10,0.2042197452229299,0,27,None,66,1,5,False,1000,1000
5977,87,weighted,10,0.1886942675159235,0,27,None,66,1,5,False,1000,1000
5978,88,weighted,10,0.1878980891719745,0,27,None,66,1,5,False,1000,1000
5979,89,weighted,10,0.1868033439490445,0,27,None,66,1,5,False,1000,1000
5980,85,weighted,10,0.1815286624203821,0,9,None,66,1,5,False,1000,1000
5981,86,weighted,10,0.1813296178343949,0,9,None,66,1,5,False,1000,1000
5982,87,weighted,10,0.1814291401273885,0,9,None,66,1,5,False,1000,1000
5983,88,weighted,10,0.1814291401273885,0,9,None,66,1,5,False,1000,1000
5984,89,weighted,10,0.1812300955414012,0,9,None,66,1,5,False,1000,1000
5985,85,weighted,10,0.1771496815286624,0,17,None,66,1,5,False,1000,1000
5986,86,weighted,10,0.1748606687898089,0,17,None,66,1,5,False,1000,1000
5987,87,weighted,10,0.1735668789808917,0,17,None,66,1,5,False,1000,1000
5988,88,weighted,10,0.1730692675159235,0,17,None,66,1,5,False,1000,1000
5989,89,weighted,10,0.1725716560509554,0,17,None,66,1,5,False,1000,1000
5990,85,weighted,10,0.181827229299363,0,28,None,66,1,5,False,1000,1000
5991,86,weighted,10,0.116640127388535,0,28,None,66,1,5,False,1000,1000
5992,87,weighted,10,0.1142515923566879,0,28,None,66,1,5,False,1000,1000
5993,88,weighted,10,0.1118630573248407,0,28,None,66,1,5,False,1000,1000
5994,89,weighted,10,0.1099721337579617,0,28,None,66,1,5,False,1000,1000
5995,85,weighted,10,0.1986464968152866,0,26,None,66,1,5,False,1000,1000
5996,86,weighted,10,0.2054140127388535,0,26,None,66,1,5,False,1000,1000
5997,87,weighted,10,0.2308917197452229,0,26,None,66,1,5,False,1000,1000
5998,88,weighted,10,0.2786624203821656,0,26,None,66,1,5,False,1000,1000
5999,89,weighted,10,0.339171974522293,0,26,None,66,1,5,False,1000,1000
6000,85,weighted,10,0.1987460191082802,0,30,None,66,1,5,False,1000,1000
6001,86,weighted,10,0.1983479299363057,0,30,None,66,1,5,False,1000,1000
6002,87,weighted,10,0.2074044585987261,0,30,None,66,1,5,False,1000,1000
6003,88,weighted,10,0.2441281847133758,0,30,None,66,1,5,False,1000,1000
6004,89,weighted,10,0.2346735668789809,0,30,None,66,1,5,False,1000,1000
6005,85,weighted,10,0.1968550955414012,0,12,None,66,1,5,False,1000,1000
6006,86,weighted,10,0.1958598726114649,0,12,None,66,1,5,False,1000,1000
6007,87,weighted,10,0.1925756369426751,0,12,None,66,1,5,False,1000,1000
6008,88,weighted,10,0.1884952229299363,0,12,None,66,1,5,False,1000,1000
6009,89,weighted,10,0.2059116242038216,0,12,None,66,1,5,False,1000,1000
6010,85,weighted,10,0.1953622611464968,0,10,None,66,1,5,False,1000,1000
6011,86,weighted,10,0.1976512738853503,0,10,None,66,1,5,False,1000,1000
6012,87,weighted,10,0.1963574840764331,0,10,None,66,1,5,False,1000,1000
6013,88,weighted,10,0.1918789808917197,0,10,None,66,1,5,False,1000,1000
6014,89,weighted,10,0.1742635350318471,0,10,None,66,1,5,False,1000,1000
6015,85,weighted,10,0.190983280254777,0,11,None,66,1,5,False,1000,1000
6016,86,weighted,10,0.1977507961783439,0,11,None,66,1,5,False,1000,1000
6017,87,weighted,10,0.1984474522292993,0,11,None,66,1,5,False,1000,1000
6018,88,weighted,10,0.1850119426751592,0,11,None,66,1,5,False,1000,1000
6019,89,weighted,10,0.0995222929936305,0,11,None,66,1,5,False,1000,1000
6020,85,weighted,10,0.190187101910828,0,15,None,66,1,5,False,1000,1000
6021,86,weighted,10,0.192078025477707,0,15,None,66,1,5,False,1000,1000
6022,87,weighted,10,0.1939689490445859,0,15,None,66,1,5,False,1000,1000
6023,88,weighted,10,0.1958598726114649,0,15,None,66,1,5,False,1000,1000
6024,89,weighted,10,0.2292993630573248,0,15,None,66,1,5,False,1000,1000
6025,85,weighted,10,0.164311305732484,0,20,None,66,1,5,False,1000,1000
6026,86,weighted,10,0.1702826433121019,0,20,None,66,1,5,False,1000,1000
6027,87,weighted,10,0.1732683121019108,0,20,None,66,1,5,False,1000,1000
6028,88,weighted,10,0.1770501592356688,0,20,None,66,1,5,False,1000,1000
6029,89,weighted,10,0.1814291401273885,0,20,None,66,1,5,False,1000,1000
6030,85,weighted,10,0.2354697452229299,0,22,None,66,1,5,False,1000,1000
6031,86,weighted,10,0.253483280254777,0,22,None,66,1,5,False,1000,1000
6032,87,weighted,10,0.2363654458598726,0,22,None,66,1,5,False,1000,1000
6033,88,weighted,10,0.2216361464968153,0,22,None,66,1,5,False,1000,1000
6034,89,weighted,10,0.1632165605095541,0,22,None,66,1,5,False,1000,1000
6035,85,weighted,10,0.0995222929936305,0,14,None,66,1,5,False,1000,1000
6036,86,weighted,10,0.0995222929936305,0,14,None,66,1,5,False,1000,1000
6037,87,weighted,10,0.0995222929936305,0,14,None,66,1,5,False,1000,1000
6038,88,weighted,10,0.0995222929936305,0,14,None,66,1,5,False,1000,1000
6039,89,weighted,10,0.0995222929936305,0,14,None,66,1,5,False,1000,1000
6040,85,weighted,10,0.1595342356687898,0,23,None,66,1,5,False,1000,1000
6041,86,weighted,10,0.1754578025477707,0,23,None,66,1,5,False,1000,1000
6042,87,weighted,10,0.1625199044585987,0,23,None,66,1,5,False,1000,1000
6043,88,weighted,10,0.1434116242038216,0,23,None,66,1,5,False,1000,1000
6044,89,weighted,10,0.1219148089171974,0,23,None,66,1,5,False,1000,1000
6045,85,weighted,10,0.2403463375796178,0,7,None,66,1,5,False,1000,1000
6046,86,weighted,10,0.2458200636942675,0,7,None,66,1,5,False,1000,1000
6047,87,weighted,10,0.1601313694267516,0,7,None,66,1,5,False,1000,1000
6048,88,weighted,10,0.0996218152866242,0,7,None,66,1,5,False,1000,1000
6049,89,weighted,10,0.0998208598726114,0,7,None,66,1,5,False,1000,1000
6050,85,weighted,10,0.1816281847133758,0,32,None,66,1,5,False,1000,1000
6051,86,weighted,10,0.1719745222929936,0,32,None,66,1,5,False,1000,1000
6052,87,weighted,10,0.1585390127388535,0,32,None,66,1,5,False,1000,1000
6053,88,weighted,10,0.1447054140127388,0,32,None,66,1,5,False,1000,1000
6054,89,weighted,10,0.1319665605095541,0,32,None,66,1,5,False,1000,1000
6055,85,weighted,10,0.2514928343949044,0,5,None,66,1,5,False,1000,1000
6056,86,weighted,10,0.201234076433121,0,5,None,66,1,5,False,1000,1000
6057,87,weighted,10,0.1684912420382165,0,5,None,66,1,5,False,1000,1000
6058,88,weighted,10,0.1798367834394904,0,5,None,66,1,5,False,1000,1000
6059,89,weighted,10,0.1896894904458598,0,5,None,66,1,5,False,1000,1000
6060,85,weighted,10,0.0995222929936305,0,6,None,66,1,5,False,1000,1000
6061,86,weighted,10,0.0995222929936305,0,6,None,66,1,5,False,1000,1000
6062,87,weighted,10,0.0995222929936305,0,6,None,66,1,5,False,1000,1000
6063,88,weighted,10,0.0995222929936305,0,6,None,66,1,5,False,1000,1000
6064,89,weighted,10,0.0995222929936305,0,6,None,66,1,5,False,1000,1000
6065,85,weighted,10,0.1929737261146497,0,4,None,66,1,5,False,1000,1000
6066,86,weighted,10,0.1921775477707006,0,4,None,66,1,5,False,1000,1000
6067,87,weighted,10,0.1913813694267516,0,4,None,66,1,5,False,1000,1000
6068,88,weighted,10,0.190187101910828,0,4,None,66,1,5,False,1000,1000
6069,89,weighted,10,0.1903861464968153,0,4,None,66,1,5,False,1000,1000
6070,85,weighted,10,0.1012141719745222,0,8,None,66,1,5,False,1000,1000
6071,86,weighted,10,0.1763535031847133,0,8,None,66,1,5,False,1000,1000
6072,87,weighted,10,0.1535628980891719,0,8,None,66,1,5,False,1000,1000
6073,88,weighted,10,0.1058917197452229,0,8,None,66,1,5,False,1000,1000
6074,89,weighted,10,0.0995222929936305,0,8,None,66,1,5,False,1000,1000
6075,85,weighted,10,0.1702826433121019,0,16,None,66,1,5,False,1000,1000
6076,86,weighted,10,0.2163614649681528,0,16,None,66,1,5,False,1000,1000
6077,87,weighted,10,0.1834195859872611,0,16,None,66,1,5,False,1000,1000
6078,88,weighted,10,0.1807324840764331,0,16,None,66,1,5,False,1000,1000
6079,89,weighted,10,0.1789410828025477,0,16,None,66,1,5,False,1000,1000
6080,85,weighted,10,0.0995222929936305,0,19,None,66,1,5,False,1000,1000
6081,86,weighted,10,0.0995222929936305,0,19,None,66,1,5,False,1000,1000
6082,87,weighted,10,0.0995222929936305,0,19,None,66,1,5,False,1000,1000
6083,88,weighted,10,0.0995222929936305,0,19,None,66,1,5,False,1000,1000
6084,89,weighted,10,0.0995222929936305,0,19,None,66,1,5,False,1000,1000
6085,85,weighted,10,0.0995222929936305,0,18,None,66,1,5,False,1000,1000
6086,86,weighted,10,0.0995222929936305,0,18,None,66,1,5,False,1000,1000
6087,87,weighted,10,0.0995222929936305,0,18,None,66,1,5,False,1000,1000
6088,88,weighted,10,0.0995222929936305,0,18,None,66,1,5,False,1000,1000
6089,89,weighted,10,0.0995222929936305,0,18,None,66,1,5,False,1000,1000
6090,85,weighted,10,0.1408240445859872,0,2,None,66,1,5,False,1000,1000
6091,86,weighted,10,0.1152468152866242,0,2,None,66,1,5,False,1000,1000
6092,87,weighted,10,0.1027070063694267,0,2,None,66,1,5,False,1000,1000
6093,88,weighted,10,0.1020103503184713,0,2,None,66,1,5,False,1000,1000
6094,89,weighted,10,0.1039012738853503,0,2,None,66,1,5,False,1000,1000
6095,85,weighted,10,0.234375,0,0,None,66,1,5,False,1000,1000
6096,86,weighted,10,0.1540605095541401,0,0,None,66,1,5,False,1000,1000
6097,87,weighted,10,0.1034036624203821,0,0,None,66,1,5,False,1000,1000
6098,88,weighted,10,0.0995222929936305,0,0,None,66,1,5,False,1000,1000
6099,89,weighted,10,0.0995222929936305,0,0,None,66,1,5,False,1000,1000
6100,85,weighted,10,0.1884952229299363,0,3,None,66,1,5,False,1000,1000
6101,86,weighted,10,0.1793391719745223,0,3,None,66,1,5,False,1000,1000
6102,87,weighted,10,0.1703821656050955,0,3,None,66,1,5,False,1000,1000
6103,88,weighted,10,0.1694864649681528,0,3,None,66,1,5,False,1000,1000
6104,89,weighted,10,0.1687898089171974,0,3,None,66,1,5,False,1000,1000
6105,90,weighted,10,0.2271098726114649,0,22,None,66,1,5,False,1000,1000
6106,91,weighted,10,0.253483280254777,0,22,None,66,1,5,False,1000,1000
6107,92,weighted,10,0.2555732484076433,0,22,None,66,1,5,False,1000,1000
6108,93,weighted,10,0.2752786624203822,0,22,None,66,1,5,False,1000,1000
6109,94,weighted,10,0.2246218152866242,0,22,None,66,1,5,False,1000,1000
6110,90,weighted,10,0.0995222929936305,0,14,None,66,1,5,False,1000,1000
6111,91,weighted,10,0.0995222929936305,0,14,None,66,1,5,False,1000,1000
6112,92,weighted,10,0.0995222929936305,0,14,None,66,1,5,False,1000,1000
6113,93,weighted,10,0.0995222929936305,0,14,None,66,1,5,False,1000,1000
6114,94,weighted,10,0.0995222929936305,0,14,None,66,1,5,False,1000,1000
6115,90,weighted,10,0.1987460191082802,0,30,None,66,1,5,False,1000,1000
6116,91,weighted,10,0.2116839171974522,0,30,None,66,1,5,False,1000,1000
6117,92,weighted,10,0.24890525477707,0,30,None,66,1,5,False,1000,1000
6118,93,weighted,10,0.2873208598726114,0,30,None,66,1,5,False,1000,1000
6119,94,weighted,10,0.2817476114649681,0,30,None,66,1,5,False,1000,1000
6120,90,weighted,10,0.0995222929936305,0,1,None,66,1,5,False,1000,1000
6121,91,weighted,10,0.0995222929936305,0,1,None,66,1,5,False,1000,1000
6122,92,weighted,10,0.0995222929936305,0,1,None,66,1,5,False,1000,1000
6123,93,weighted,10,0.0995222929936305,0,1,None,66,1,5,False,1000,1000
6124,94,weighted,10,0.0995222929936305,0,1,None,66,1,5,False,1000,1000
6125,90,weighted,10,0.1735668789808917,0,2,None,66,1,5,False,1000,1000
6126,91,weighted,10,0.1907842356687898,0,2,None,66,1,5,False,1000,1000
6127,92,weighted,10,0.1776472929936305,0,2,None,66,1,5,False,1000,1000
6128,93,weighted,10,0.1438097133757961,0,2,None,66,1,5,False,1000,1000
6129,94,weighted,10,0.145203025477707,0,2,None,66,1,5,False,1000,1000
6130,90,weighted,10,0.2581608280254777,0,5,None,66,1,5,False,1000,1000
6131,91,weighted,10,0.2907046178343949,0,5,None,66,1,5,False,1000,1000
6132,92,weighted,10,0.2303941082802547,0,5,None,66,1,5,False,1000,1000
6133,93,weighted,10,0.2327826433121019,0,5,None,66,1,5,False,1000,1000
6134,94,weighted,10,0.2358678343949044,0,5,None,66,1,5,False,1000,1000
6135,90,weighted,10,0.1375398089171974,0,9,None,66,1,5,False,1000,1000
6136,91,weighted,10,0.1446058917197452,0,9,None,66,1,5,False,1000,1000
6137,92,weighted,10,0.1503781847133758,0,9,None,66,1,5,False,1000,1000
6138,93,weighted,10,0.1544585987261146,0,9,None,66,1,5,False,1000,1000
6139,94,weighted,10,0.1591361464968153,0,9,None,66,1,5,False,1000,1000
6140,90,weighted,10,0.0995222929936305,0,29,None,66,1,5,False,1000,1000
6141,91,weighted,10,0.0995222929936305,0,29,None,66,1,5,False,1000,1000
6142,92,weighted,10,0.0995222929936305,0,29,None,66,1,5,False,1000,1000
6143,93,weighted,10,0.1000199044585987,0,29,None,66,1,5,False,1000,1000
6144,94,weighted,10,0.107484076433121,0,29,None,66,1,5,False,1000,1000
6145,90,weighted,10,0.1924761146496815,0,27,None,66,1,5,False,1000,1000
6146,91,weighted,10,0.1959593949044586,0,27,None,66,1,5,False,1000,1000
6147,92,weighted,10,0.1969546178343949,0,27,None,66,1,5,False,1000,1000
6148,93,weighted,10,0.1976512738853503,0,27,None,66,1,5,False,1000,1000
6149,94,weighted,10,0.1978503184713375,0,27,None,66,1,5,False,1000,1000
6150,90,weighted,10,0.1923765923566879,0,7,None,66,1,5,False,1000,1000
6151,91,weighted,10,0.2069068471337579,0,7,None,66,1,5,False,1000,1000
6152,92,weighted,10,0.2536823248407643,0,7,None,66,1,5,False,1000,1000
6153,93,weighted,10,0.2341759554140127,0,7,None,66,1,5,False,1000,1000
6154,94,weighted,10,0.15625,0,7,None,66,1,5,False,1000,1000
6155,90,weighted,10,0.1888933121019108,0,16,None,66,1,5,False,1000,1000
6156,91,weighted,10,0.1878980891719745,0,16,None,66,1,5,False,1000,1000
6157,92,weighted,10,0.1868033439490445,0,16,None,66,1,5,False,1000,1000
6158,93,weighted,10,0.185609076433121,0,16,None,66,1,5,False,1000,1000
6159,94,weighted,10,0.1849124203821656,0,16,None,66,1,5,False,1000,1000
6160,90,weighted,10,0.1845143312101911,0,32,None,66,1,5,False,1000,1000
6161,91,weighted,10,0.1784434713375796,0,32,None,66,1,5,False,1000,1000
6162,92,weighted,10,0.1731687898089172,0,32,None,66,1,5,False,1000,1000
6163,93,weighted,10,0.1665007961783439,0,32,None,66,1,5,False,1000,1000
6164,94,weighted,10,0.1576433121019108,0,32,None,66,1,5,False,1000,1000
6165,90,weighted,10,0.192078025477707,0,15,None,66,1,5,False,1000,1000
6166,91,weighted,10,0.1938694267515923,0,15,None,66,1,5,False,1000,1000
6167,92,weighted,10,0.1959593949044586,0,15,None,66,1,5,False,1000,1000
6168,93,weighted,10,0.2123805732484076,0,15,None,66,1,5,False,1000,1000
6169,94,weighted,10,0.2342754777070063,0,15,None,66,1,5,False,1000,1000
6170,90,weighted,10,0.1965565286624203,0,10,None,66,1,5,False,1000,1000
6171,91,weighted,10,0.1981488853503184,0,10,None,66,1,5,False,1000,1000
6172,92,weighted,10,0.1967555732484076,0,10,None,66,1,5,False,1000,1000
6173,93,weighted,10,0.1949641719745223,0,10,None,66,1,5,False,1000,1000
6174,94,weighted,10,0.1905851910828025,0,10,None,66,1,5,False,1000,1000
6175,90,weighted,10,0.1422173566878981,0,6,None,66,1,5,False,1000,1000
6176,91,weighted,10,0.0995222929936305,0,6,None,66,1,5,False,1000,1000
6177,92,weighted,10,0.0995222929936305,0,6,None,66,1,5,False,1000,1000
6178,93,weighted,10,0.0995222929936305,0,6,None,66,1,5,False,1000,1000
6179,94,weighted,10,0.0995222929936305,0,6,None,66,1,5,False,1000,1000
6180,90,weighted,10,0.245421974522293,0,12,None,66,1,5,False,1000,1000
6181,91,weighted,10,0.2212380573248407,0,12,None,66,1,5,False,1000,1000
6182,92,weighted,10,0.2147691082802547,0,12,None,66,1,5,False,1000,1000
6183,93,weighted,10,0.2229299363057325,0,12,None,66,1,5,False,1000,1000
6184,94,weighted,10,0.222233280254777,0,12,None,66,1,5,False,1000,1000
6185,90,weighted,10,0.2579617834394904,0,13,None,66,1,5,False,1000,1000
6186,91,weighted,10,0.2909036624203822,0,13,None,66,1,5,False,1000,1000
6187,92,weighted,10,0.3050358280254777,0,13,None,66,1,5,False,1000,1000
6188,93,weighted,10,0.29578025477707,0,13,None,66,1,5,False,1000,1000
6189,94,weighted,10,0.2796576433121019,0,13,None,66,1,5,False,1000,1000
6190,90,weighted,10,0.103702229299363,0,26,None,66,1,5,False,1000,1000
6191,91,weighted,10,0.1649084394904458,0,26,None,66,1,5,False,1000,1000
6192,92,weighted,10,0.2069068471337579,0,26,None,66,1,5,False,1000,1000
6193,93,weighted,10,0.2735867834394904,0,26,None,66,1,5,False,1000,1000
6194,94,weighted,10,0.2735867834394904,0,26,None,66,1,5,False,1000,1000
6195,90,weighted,10,0.1912818471337579,0,25,None,66,1,5,False,1000,1000
6196,91,weighted,10,0.1913813694267516,0,25,None,66,1,5,False,1000,1000
6197,92,weighted,10,0.1916799363057325,0,25,None,66,1,5,False,1000,1000
6198,93,weighted,10,0.1919785031847133,0,25,None,66,1,5,False,1000,1000
6199,94,weighted,10,0.1924761146496815,0,25,None,66,1,5,False,1000,1000
6200,90,weighted,10,0.2190485668789809,0,11,None,66,1,5,False,1000,1000
6201,91,weighted,10,0.1997412420382165,0,11,None,66,1,5,False,1000,1000
6202,92,weighted,10,0.1984474522292993,0,11,None,66,1,5,False,1000,1000
6203,93,weighted,10,0.1959593949044586,0,11,None,66,1,5,False,1000,1000
6204,94,weighted,10,0.1723726114649681,0,11,None,66,1,5,False,1000,1000
6205,90,weighted,10,0.2070063694267516,0,17,None,66,1,5,False,1000,1000
6206,91,weighted,10,0.2179538216560509,0,17,None,66,1,5,False,1000,1000
6207,92,weighted,10,0.2173566878980891,0,17,None,66,1,5,False,1000,1000
6208,93,weighted,10,0.2155652866242038,0,17,None,66,1,5,False,1000,1000
6209,94,weighted,10,0.2089968152866242,0,17,None,66,1,5,False,1000,1000
6210,90,weighted,10,0.0995222929936305,0,24,None,66,1,5,False,1000,1000
6211,91,weighted,10,0.0995222929936305,0,24,None,66,1,5,False,1000,1000
6212,92,weighted,10,0.0995222929936305,0,24,None,66,1,5,False,1000,1000
6213,93,weighted,10,0.0995222929936305,0,24,None,66,1,5,False,1000,1000
6214,94,weighted,10,0.0995222929936305,0,24,None,66,1,5,False,1000,1000
6215,90,weighted,10,0.0995222929936305,0,31,None,66,1,5,False,1000,1000
6216,91,weighted,10,0.0995222929936305,0,31,None,66,1,5,False,1000,1000
6217,92,weighted,10,0.0995222929936305,0,31,None,66,1,5,False,1000,1000
6218,93,weighted,10,0.0995222929936305,0,31,None,66,1,5,False,1000,1000
6219,94,weighted,10,0.0995222929936305,0,31,None,66,1,5,False,1000,1000
6220,90,weighted,10,0.1742635350318471,0,20,None,66,1,5,False,1000,1000
6221,91,weighted,10,0.1780453821656051,0,20,None,66,1,5,False,1000,1000
6222,92,weighted,10,0.1832205414012739,0,20,None,66,1,5,False,1000,1000
6223,93,weighted,10,0.18640525477707,0,20,None,66,1,5,False,1000,1000
6224,94,weighted,10,0.190187101910828,0,20,None,66,1,5,False,1000,1000
6225,90,weighted,10,0.0995222929936305,0,8,None,66,1,5,False,1000,1000
6226,91,weighted,10,0.114749203821656,0,8,None,66,1,5,False,1000,1000
6227,92,weighted,10,0.1732683121019108,0,8,None,66,1,5,False,1000,1000
6228,93,weighted,10,0.1576433121019108,0,8,None,66,1,5,False,1000,1000
6229,94,weighted,10,0.1298765923566879,0,8,None,66,1,5,False,1000,1000
6230,90,weighted,10,0.0997213375796178,0,18,None,66,1,5,False,1000,1000
6231,91,weighted,10,0.0995222929936305,0,18,None,66,1,5,False,1000,1000
6232,92,weighted,10,0.0995222929936305,0,18,None,66,1,5,False,1000,1000
6233,93,weighted,10,0.0995222929936305,0,18,None,66,1,5,False,1000,1000
6234,94,weighted,10,0.0995222929936305,0,18,None,66,1,5,False,1000,1000
6235,90,weighted,10,0.0995222929936305,0,19,None,66,1,5,False,1000,1000
6236,91,weighted,10,0.0995222929936305,0,19,None,66,1,5,False,1000,1000
6237,92,weighted,10,0.0995222929936305,0,19,None,66,1,5,False,1000,1000
6238,93,weighted,10,0.0995222929936305,0,19,None,66,1,5,False,1000,1000
6239,94,weighted,10,0.0995222929936305,0,19,None,66,1,5,False,1000,1000
6240,90,weighted,10,0.0995222929936305,0,21,None,66,1,5,False,1000,1000
6241,91,weighted,10,0.0995222929936305,0,21,None,66,1,5,False,1000,1000
6242,92,weighted,10,0.0995222929936305,0,21,None,66,1,5,False,1000,1000
6243,93,weighted,10,0.0995222929936305,0,21,None,66,1,5,False,1000,1000
6244,94,weighted,10,0.0995222929936305,0,21,None,66,1,5,False,1000,1000
6245,90,weighted,10,0.255374203821656,0,28,None,66,1,5,False,1000,1000
6246,91,weighted,10,0.2180533439490445,0,28,None,66,1,5,False,1000,1000
6247,92,weighted,10,0.182921974522293,0,28,None,66,1,5,False,1000,1000
6248,93,weighted,10,0.1839171974522293,0,28,None,66,1,5,False,1000,1000
6249,94,weighted,10,0.1639132165605095,0,28,None,66,1,5,False,1000,1000
6250,90,weighted,10,0.2408439490445859,0,3,None,66,1,5,False,1000,1000
6251,91,weighted,10,0.2536823248407643,0,3,None,66,1,5,False,1000,1000
6252,92,weighted,10,0.2541799363057325,0,3,None,66,1,5,False,1000,1000
6253,93,weighted,10,0.2129777070063694,0,3,None,66,1,5,False,1000,1000
6254,94,weighted,10,0.1795382165605095,0,3,None,66,1,5,False,1000,1000
6255,90,weighted,10,0.2603503184713376,0,0,None,66,1,5,False,1000,1000
6256,91,weighted,10,0.2538813694267516,0,0,None,66,1,5,False,1000,1000
6257,92,weighted,10,0.169984076433121,0,0,None,66,1,5,False,1000,1000
6258,93,weighted,10,0.0997213375796178,0,0,None,66,1,5,False,1000,1000
6259,94,weighted,10,0.0995222929936305,0,0,None,66,1,5,False,1000,1000
6260,90,weighted,10,0.1363455414012739,0,23,None,66,1,5,False,1000,1000
6261,91,weighted,10,0.1618232484076433,0,23,None,66,1,5,False,1000,1000
6262,92,weighted,10,0.1735668789808917,0,23,None,66,1,5,False,1000,1000
6263,93,weighted,10,0.174562101910828,0,23,None,66,1,5,False,1000,1000
6264,94,weighted,10,0.1697850318471337,0,23,None,66,1,5,False,1000,1000
6265,90,weighted,10,0.192078025477707,0,4,None,66,1,5,False,1000,1000
6266,91,weighted,10,0.1932722929936305,0,4,None,66,1,5,False,1000,1000
6267,92,weighted,10,0.1934713375796178,0,4,None,66,1,5,False,1000,1000
6268,93,weighted,10,0.1934713375796178,0,4,None,66,1,5,False,1000,1000
6269,94,weighted,10,0.1930732484076433,0,4,None,66,1,5,False,1000,1000
6270,95,weighted,10,0.2129777070063694,0,17,None,66,1,5,False,1000,1000
6271,96,weighted,10,0.2200437898089172,0,17,None,66,1,5,False,1000,1000
6272,97,weighted,10,0.2243232484076433,0,17,None,66,1,5,False,1000,1000
6273,98,weighted,10,0.2265127388535031,0,17,None,66,1,5,False,1000,1000
6274,99,weighted,10,0.2252189490445859,0,17,None,66,1,5,False,1000,1000
6275,95,weighted,10,0.1830214968152866,0,16,None,66,1,5,False,1000,1000
6276,96,weighted,10,0.1811305732484076,0,16,None,66,1,5,False,1000,1000
6277,97,weighted,10,0.1803343949044586,0,16,None,66,1,5,False,1000,1000
6278,98,weighted,10,0.1801353503184713,0,16,None,66,1,5,False,1000,1000
6279,99,weighted,10,0.1795382165605095,0,16,None,66,1,5,False,1000,1000
6280,95,weighted,10,0.1094745222929936,0,18,None,66,1,5,False,1000,1000
6281,96,weighted,10,0.0994227707006369,0,18,None,66,1,5,False,1000,1000
6282,97,weighted,10,0.0995222929936305,0,18,None,66,1,5,False,1000,1000
6283,98,weighted,10,0.0995222929936305,0,18,None,66,1,5,False,1000,1000
6284,99,weighted,10,0.0995222929936305,0,18,None,66,1,5,False,1000,1000
6285,95,weighted,10,0.1933718152866242,0,25,None,66,1,5,False,1000,1000
6286,96,weighted,10,0.1934713375796178,0,25,None,66,1,5,False,1000,1000
6287,97,weighted,10,0.1937699044585987,0,25,None,66,1,5,False,1000,1000
6288,98,weighted,10,0.1937699044585987,0,25,None,66,1,5,False,1000,1000
6289,99,weighted,10,0.1937699044585987,0,25,None,66,1,5,False,1000,1000
6290,95,weighted,10,0.0995222929936305,0,19,None,66,1,5,False,1000,1000
6291,96,weighted,10,0.0995222929936305,0,19,None,66,1,5,False,1000,1000
6292,97,weighted,10,0.0995222929936305,0,19,None,66,1,5,False,1000,1000
6293,98,weighted,10,0.0995222929936305,0,19,None,66,1,5,False,1000,1000
6294,99,weighted,10,0.0995222929936305,0,19,None,66,1,5,False,1000,1000
6295,95,weighted,10,0.0995222929936305,0,31,None,66,1,5,False,1000,1000
6296,96,weighted,10,0.0995222929936305,0,31,None,66,1,5,False,1000,1000
6297,97,weighted,10,0.0995222929936305,0,31,None,66,1,5,False,1000,1000
6298,98,weighted,10,0.0995222929936305,0,31,None,66,1,5,False,1000,1000
6299,99,weighted,10,0.0998208598726114,0,31,None,66,1,5,False,1000,1000
6300,95,weighted,10,0.0995222929936305,0,24,None,66,1,5,False,1000,1000
6301,96,weighted,10,0.0995222929936305,0,24,None,66,1,5,False,1000,1000
6302,97,weighted,10,0.0995222929936305,0,24,None,66,1,5,False,1000,1000
6303,98,weighted,10,0.0997213375796178,0,24,None,66,1,5,False,1000,1000
6304,99,weighted,10,0.1080812101910828,0,24,None,66,1,5,False,1000,1000
6305,95,weighted,10,0.0995222929936305,0,1,None,66,1,5,False,1000,1000
6306,96,weighted,10,0.0995222929936305,0,1,None,66,1,5,False,1000,1000
6307,97,weighted,10,0.0995222929936305,0,1,None,66,1,5,False,1000,1000
6308,98,weighted,10,0.0995222929936305,0,1,None,66,1,5,False,1000,1000
6309,99,weighted,10,0.0995222929936305,0,1,None,66,1,5,False,1000,1000
6310,95,weighted,10,0.1875,0,2,None,66,1,5,False,1000,1000
6311,96,weighted,10,0.2217356687898089,0,2,None,66,1,5,False,1000,1000
6312,97,weighted,10,0.2361664012738853,0,2,None,66,1,5,False,1000,1000
6313,98,weighted,10,0.2215366242038216,0,2,None,66,1,5,False,1000,1000
6314,99,weighted,10,0.1980493630573248,0,2,None,66,1,5,False,1000,1000
6315,95,weighted,10,0.2491042993630573,0,13,None,66,1,5,False,1000,1000
6316,96,weighted,10,0.2440286624203821,0,13,None,66,1,5,False,1000,1000
6317,97,weighted,10,0.2392515923566879,0,13,None,66,1,5,False,1000,1000
6318,98,weighted,10,0.2300955414012739,0,13,None,66,1,5,False,1000,1000
6319,99,weighted,10,0.2221337579617834,0,13,None,66,1,5,False,1000,1000
6320,95,weighted,10,0.1857085987261146,0,27,None,66,1,5,False,1000,1000
6321,96,weighted,10,0.1857085987261146,0,27,None,66,1,5,False,1000,1000
6322,97,weighted,10,0.1852109872611465,0,27,None,66,1,5,False,1000,1000
6323,98,weighted,10,0.1848128980891719,0,27,None,66,1,5,False,1000,1000
6324,99,weighted,10,0.1841162420382165,0,27,None,66,1,5,False,1000,1000
6325,95,weighted,10,0.0995222929936305,0,21,None,66,1,5,False,1000,1000
6326,96,weighted,10,0.0995222929936305,0,21,None,66,1,5,False,1000,1000
6327,97,weighted,10,0.0995222929936305,0,21,None,66,1,5,False,1000,1000
6328,98,weighted,10,0.0995222929936305,0,21,None,66,1,5,False,1000,1000
6329,99,weighted,10,0.0995222929936305,0,21,None,66,1,5,False,1000,1000
6330,95,weighted,10,0.2547770700636942,0,28,None,66,1,5,False,1000,1000
6331,96,weighted,10,0.2593550955414013,0,28,None,66,1,5,False,1000,1000
6332,97,weighted,10,0.2425358280254777,0,28,None,66,1,5,False,1000,1000
6333,98,weighted,10,0.1736664012738853,0,28,None,66,1,5,False,1000,1000
6334,99,weighted,10,0.1332603503184713,0,28,None,66,1,5,False,1000,1000
6335,95,weighted,10,0.0995222929936305,0,29,None,66,1,5,False,1000,1000
6336,96,weighted,10,0.0995222929936305,0,29,None,66,1,5,False,1000,1000
6337,97,weighted,10,0.0993232484076433,0,29,None,66,1,5,False,1000,1000
6338,98,weighted,10,0.1000199044585987,0,29,None,66,1,5,False,1000,1000
6339,99,weighted,10,0.1028065286624203,0,29,None,66,1,5,False,1000,1000
6340,95,weighted,10,0.2079020700636942,0,5,None,66,1,5,False,1000,1000
6341,96,weighted,10,0.2158638535031847,0,5,None,66,1,5,False,1000,1000
6342,97,weighted,10,0.2614450636942675,0,5,None,66,1,5,False,1000,1000
6343,98,weighted,10,0.2008359872611465,0,5,None,66,1,5,False,1000,1000
6344,99,weighted,10,0.2011345541401273,0,5,None,66,1,5,False,1000,1000
6345,95,weighted,10,0.2735867834394904,0,26,None,66,1,5,False,1000,1000
6346,96,weighted,10,0.2753781847133758,0,26,None,66,1,5,False,1000,1000
6347,97,weighted,10,0.2651273885350318,0,26,None,66,1,5,False,1000,1000
6348,98,weighted,10,0.267515923566879,0,26,None,66,1,5,False,1000,1000
6349,99,weighted,10,0.2593550955414013,0,26,None,66,1,5,False,1000,1000
6350,95,weighted,10,0.2935907643312102,0,12,None,66,1,5,False,1000,1000
6351,96,weighted,10,0.283140923566879,0,12,None,66,1,5,False,1000,1000
6352,97,weighted,10,0.2791600318471338,0,12,None,66,1,5,False,1000,1000
6353,98,weighted,10,0.2678144904458598,0,12,None,66,1,5,False,1000,1000
6354,99,weighted,10,0.2490047770700637,0,12,None,66,1,5,False,1000,1000
6355,95,weighted,10,0.2547770700636942,0,30,None,66,1,5,False,1000,1000
6356,96,weighted,10,0.2851313694267516,0,30,None,66,1,5,False,1000,1000
6357,97,weighted,10,0.2888136942675159,0,30,None,66,1,5,False,1000,1000
6358,98,weighted,10,0.2528861464968153,0,30,None,66,1,5,False,1000,1000
6359,99,weighted,10,0.2350716560509554,0,30,None,66,1,5,False,1000,1000
6360,95,weighted,10,0.1965565286624203,0,15,None,66,1,5,False,1000,1000
6361,96,weighted,10,0.1976512738853503,0,15,None,66,1,5,False,1000,1000
6362,97,weighted,10,0.1982484076433121,0,15,None,66,1,5,False,1000,1000
6363,98,weighted,10,0.1981488853503184,0,15,None,66,1,5,False,1000,1000
6364,99,weighted,10,0.1979498407643312,0,15,None,66,1,5,False,1000,1000
6365,95,weighted,10,0.2387539808917197,0,11,None,66,1,5,False,1000,1000
6366,96,weighted,10,0.2211385350318471,0,11,None,66,1,5,False,1000,1000
6367,97,weighted,10,0.2082006369426751,0,11,None,66,1,5,False,1000,1000
6368,98,weighted,10,0.2002388535031847,0,11,None,66,1,5,False,1000,1000
6369,99,weighted,10,0.198546974522293,0,11,None,66,1,5,False,1000,1000
6370,95,weighted,10,0.1918789808917197,0,7,None,66,1,5,False,1000,1000
6371,96,weighted,10,0.1908837579617834,0,7,None,66,1,5,False,1000,1000
6372,97,weighted,10,0.1954617834394904,0,7,None,66,1,5,False,1000,1000
6373,98,weighted,10,0.2172571656050955,0,7,None,66,1,5,False,1000,1000
6374,99,weighted,10,0.235171178343949,0,7,None,66,1,5,False,1000,1000
6375,95,weighted,10,0.1549562101910828,0,14,None,66,1,5,False,1000,1000
6376,96,weighted,10,0.1336584394904458,0,14,None,66,1,5,False,1000,1000
6377,97,weighted,10,0.1177348726114649,0,14,None,66,1,5,False,1000,1000
6378,98,weighted,10,0.1106687898089172,0,14,None,66,1,5,False,1000,1000
6379,99,weighted,10,0.1107683121019108,0,14,None,66,1,5,False,1000,1000
6380,95,weighted,10,0.1537619426751592,0,9,None,66,1,5,False,1000,1000
6381,96,weighted,10,0.1587380573248407,0,9,None,66,1,5,False,1000,1000
6382,97,weighted,10,0.1623208598726114,0,9,None,66,1,5,False,1000,1000
6383,98,weighted,10,0.165406050955414,0,9,None,66,1,5,False,1000,1000
6384,99,weighted,10,0.1676950636942675,0,9,None,66,1,5,False,1000,1000
6385,95,weighted,10,0.2175557324840764,0,0,None,66,1,5,False,1000,1000
6386,96,weighted,10,0.2606488853503185,0,0,None,66,1,5,False,1000,1000
6387,97,weighted,10,0.2487062101910828,0,0,None,66,1,5,False,1000,1000
6388,98,weighted,10,0.2030254777070063,0,0,None,66,1,5,False,1000,1000
6389,99,weighted,10,0.1470939490445859,0,0,None,66,1,5,False,1000,1000
6390,95,weighted,10,0.2086982484076433,0,3,None,66,1,5,False,1000,1000
6391,96,weighted,10,0.2197452229299363,0,3,None,66,1,5,False,1000,1000
6392,97,weighted,10,0.2401472929936305,0,3,None,66,1,5,False,1000,1000
6393,98,weighted,10,0.2418391719745223,0,3,None,66,1,5,False,1000,1000
6394,99,weighted,10,0.2367635350318471,0,3,None,66,1,5,False,1000,1000
6395,95,weighted,10,0.1933718152866242,0,4,None,66,1,5,False,1000,1000
6396,96,weighted,10,0.1924761146496815,0,4,None,66,1,5,False,1000,1000
6397,97,weighted,10,0.1934713375796178,0,4,None,66,1,5,False,1000,1000
6398,98,weighted,10,0.1937699044585987,0,4,None,66,1,5,False,1000,1000
6399,99,weighted,10,0.1940684713375796,0,4,None,66,1,5,False,1000,1000
6400,95,weighted,10,0.0995222929936305,0,8,None,66,1,5,False,1000,1000
6401,96,weighted,10,0.0994227707006369,0,8,None,66,1,5,False,1000,1000
6402,97,weighted,10,0.1011146496815286,0,8,None,66,1,5,False,1000,1000
6403,98,weighted,10,0.1232085987261146,0,8,None,66,1,5,False,1000,1000
6404,99,weighted,10,0.149781050955414,0,8,None,66,1,5,False,1000,1000
6405,95,weighted,10,0.2206409235668789,0,6,None,66,1,5,False,1000,1000
6406,96,weighted,10,0.1814291401273885,0,6,None,66,1,5,False,1000,1000
6407,97,weighted,10,0.1165406050955414,0,6,None,66,1,5,False,1000,1000
6408,98,weighted,10,0.0995222929936305,0,6,None,66,1,5,False,1000,1000
6409,99,weighted,10,0.0995222929936305,0,6,None,66,1,5,False,1000,1000
6410,95,weighted,10,0.1977507961783439,0,10,None,66,1,5,False,1000,1000
6411,96,weighted,10,0.1979498407643312,0,10,None,66,1,5,False,1000,1000
6412,97,weighted,10,0.1971536624203821,0,10,None,66,1,5,False,1000,1000
6413,98,weighted,10,0.1963574840764331,0,10,None,66,1,5,False,1000,1000
6414,99,weighted,10,0.1961584394904458,0,10,None,66,1,5,False,1000,1000
6415,95,weighted,10,0.253483280254777,0,22,None,66,1,5,False,1000,1000
6416,96,weighted,10,0.2450238853503184,0,22,None,66,1,5,False,1000,1000
6417,97,weighted,10,0.2475119426751592,0,22,None,66,1,5,False,1000,1000
6418,98,weighted,10,0.2678144904458598,0,22,None,66,1,5,False,1000,1000
6419,99,weighted,10,0.2429339171974522,0,22,None,66,1,5,False,1000,1000
6420,95,weighted,10,0.1870023885350318,0,20,None,66,1,5,False,1000,1000
6421,96,weighted,10,0.1906847133757961,0,20,None,66,1,5,False,1000,1000
6422,97,weighted,10,0.1931727707006369,0,20,None,66,1,5,False,1000,1000
6423,98,weighted,10,0.1946656050955414,0,20,None,66,1,5,False,1000,1000
6424,99,weighted,10,0.1960589171974522,0,20,None,66,1,5,False,1000,1000
6425,95,weighted,10,0.1315684713375796,0,23,None,66,1,5,False,1000,1000
6426,96,weighted,10,0.1447054140127388,0,23,None,66,1,5,False,1000,1000
6427,97,weighted,10,0.1564490445859872,0,23,None,66,1,5,False,1000,1000
6428,98,weighted,10,0.1628184713375796,0,23,None,66,1,5,False,1000,1000
6429,99,weighted,10,0.1668988853503184,0,23,None,66,1,5,False,1000,1000
6430,95,weighted,10,0.1891918789808917,0,32,None,66,1,5,False,1000,1000
6431,96,weighted,10,0.18640525477707,0,32,None,66,1,5,False,1000,1000
6432,97,weighted,10,0.1843152866242038,0,32,None,66,1,5,False,1000,1000
6433,98,weighted,10,0.1802348726114649,0,32,None,66,1,5,False,1000,1000
6434,99,weighted,10,0.1773487261146497,0,32,None,66,1,5,False,1000,1000
6435,100,weighted,10,0.0995222929936305,0,1,None,66,1,5,False,1000,1000
6436,101,weighted,10,0.0995222929936305,0,1,None,66,1,5,False,1000,1000
6437,102,weighted,10,0.0995222929936305,0,1,None,66,1,5,False,1000,1000
6438,103,weighted,10,0.0995222929936305,0,1,None,66,1,5,False,1000,1000
6439,104,weighted,10,0.0995222929936305,0,1,None,66,1,5,False,1000,1000
6440,100,weighted,10,0.1937699044585987,0,2,None,66,1,5,False,1000,1000
6441,101,weighted,10,0.2080015923566879,0,2,None,66,1,5,False,1000,1000
6442,102,weighted,10,0.2269108280254777,0,2,None,66,1,5,False,1000,1000
6443,103,weighted,10,0.2401472929936305,0,2,None,66,1,5,False,1000,1000
6444,104,weighted,10,0.2484076433121019,0,2,None,66,1,5,False,1000,1000
6445,100,weighted,10,0.1815286624203821,0,23,None,66,1,5,False,1000,1000
6446,101,weighted,10,0.133061305732484,0,23,None,66,1,5,False,1000,1000
6447,102,weighted,10,0.1292794585987261,0,23,None,66,1,5,False,1000,1000
6448,103,weighted,10,0.130374203821656,0,23,None,66,1,5,False,1000,1000
6449,104,weighted,10,0.1327627388535031,0,23,None,66,1,5,False,1000,1000
6450,100,weighted,10,0.2504976114649681,0,28,None,66,1,5,False,1000,1000
6451,101,weighted,10,0.2289012738853503,0,28,None,66,1,5,False,1000,1000
6452,102,weighted,10,0.2108877388535031,0,28,None,66,1,5,False,1000,1000
6453,103,weighted,10,0.1907842356687898,0,28,None,66,1,5,False,1000,1000
6454,104,weighted,10,0.1574442675159235,0,28,None,66,1,5,False,1000,1000
6455,100,weighted,10,0.0995222929936305,0,29,None,66,1,5,False,1000,1000
6456,101,weighted,10,0.0995222929936305,0,29,None,66,1,5,False,1000,1000
6457,102,weighted,10,0.0995222929936305,0,29,None,66,1,5,False,1000,1000
6458,103,weighted,10,0.0994227707006369,0,29,None,66,1,5,False,1000,1000
6459,104,weighted,10,0.099124203821656,0,29,None,66,1,5,False,1000,1000
6460,100,weighted,10,0.1999402866242038,0,13,None,66,1,5,False,1000,1000
6461,101,weighted,10,0.1988455414012739,0,13,None,66,1,5,False,1000,1000
6462,102,weighted,10,0.1973527070063694,0,13,None,66,1,5,False,1000,1000
6463,103,weighted,10,0.1960589171974522,0,13,None,66,1,5,False,1000,1000
6464,104,weighted,10,0.1957603503184713,0,13,None,66,1,5,False,1000,1000
6465,100,weighted,10,0.1926751592356688,0,25,None,66,1,5,False,1000,1000
6466,101,weighted,10,0.1927746815286624,0,25,None,66,1,5,False,1000,1000
6467,102,weighted,10,0.1925756369426751,0,25,None,66,1,5,False,1000,1000
6468,103,weighted,10,0.1921775477707006,0,25,None,66,1,5,False,1000,1000
6469,104,weighted,10,0.190983280254777,0,25,None,66,1,5,False,1000,1000
6470,100,weighted,10,0.1980493630573248,0,10,None,66,1,5,False,1000,1000
6471,101,weighted,10,0.1975517515923567,0,10,None,66,1,5,False,1000,1000
6472,102,weighted,10,0.1971536624203821,0,10,None,66,1,5,False,1000,1000
6473,103,weighted,10,0.1961584394904458,0,10,None,66,1,5,False,1000,1000
6474,104,weighted,10,0.1956608280254777,0,10,None,66,1,5,False,1000,1000
6475,100,weighted,10,0.1982484076433121,0,15,None,66,1,5,False,1000,1000
6476,101,weighted,10,0.1982484076433121,0,15,None,66,1,5,False,1000,1000
6477,102,weighted,10,0.1980493630573248,0,15,None,66,1,5,False,1000,1000
6478,103,weighted,10,0.1978503184713375,0,15,None,66,1,5,False,1000,1000
6479,104,weighted,10,0.1977507961783439,0,15,None,66,1,5,False,1000,1000
6480,100,weighted,10,0.2010350318471337,0,17,None,66,1,5,False,1000,1000
6481,101,weighted,10,0.2026273885350318,0,17,None,66,1,5,False,1000,1000
6482,102,weighted,10,0.2045183121019108,0,17,None,66,1,5,False,1000,1000
6483,103,weighted,10,0.2048168789808917,0,17,None,66,1,5,False,1000,1000
6484,104,weighted,10,0.2044187898089172,0,17,None,66,1,5,False,1000,1000
6485,100,weighted,10,0.2542794585987261,0,11,None,66,1,5,False,1000,1000
6486,101,weighted,10,0.2561703821656051,0,11,None,66,1,5,False,1000,1000
6487,102,weighted,10,0.2571656050955414,0,11,None,66,1,5,False,1000,1000
6488,103,weighted,10,0.2548765923566879,0,11,None,66,1,5,False,1000,1000
6489,104,weighted,10,0.2528861464968153,0,11,None,66,1,5,False,1000,1000
6490,100,weighted,10,0.1969546178343949,0,20,None,66,1,5,False,1000,1000
6491,101,weighted,10,0.1975517515923567,0,20,None,66,1,5,False,1000,1000
6492,102,weighted,10,0.1980493630573248,0,20,None,66,1,5,False,1000,1000
6493,103,weighted,10,0.1984474522292993,0,20,None,66,1,5,False,1000,1000
6494,104,weighted,10,0.198546974522293,0,20,None,66,1,5,False,1000,1000
6495,100,weighted,10,0.2001393312101911,0,3,None,66,1,5,False,1000,1000
6496,101,weighted,10,0.2061106687898089,0,3,None,66,1,5,False,1000,1000
6497,102,weighted,10,0.2125796178343949,0,3,None,66,1,5,False,1000,1000
6498,103,weighted,10,0.2159633757961783,0,3,None,66,1,5,False,1000,1000
6499,104,weighted,10,0.2169585987261146,0,3,None,66,1,5,False,1000,1000
6500,100,weighted,10,0.2018312101910828,0,5,None,66,1,5,False,1000,1000
6501,101,weighted,10,0.2068073248407643,0,5,None,66,1,5,False,1000,1000
6502,102,weighted,10,0.2325835987261146,0,5,None,66,1,5,False,1000,1000
6503,103,weighted,10,0.2186504777070063,0,5,None,66,1,5,False,1000,1000
6504,104,weighted,10,0.1927746815286624,0,5,None,66,1,5,False,1000,1000
6505,100,weighted,10,0.1847133757961783,0,32,None,66,1,5,False,1000,1000
6506,101,weighted,10,0.1812300955414012,0,32,None,66,1,5,False,1000,1000
6507,102,weighted,10,0.1787420382165605,0,32,None,66,1,5,False,1000,1000
6508,103,weighted,10,0.1756568471337579,0,32,None,66,1,5,False,1000,1000
6509,104,weighted,10,0.1741640127388535,0,32,None,66,1,5,False,1000,1000
6510,100,weighted,10,0.232484076433121,0,4,None,66,1,5,False,1000,1000
6511,101,weighted,10,0.1903861464968153,0,4,None,66,1,5,False,1000,1000
6512,102,weighted,10,0.1914808917197452,0,4,None,66,1,5,False,1000,1000
6513,103,weighted,10,0.1922770700636942,0,4,None,66,1,5,False,1000,1000
6514,104,weighted,10,0.1925756369426751,0,4,None,66,1,5,False,1000,1000
6515,100,weighted,10,0.2155652866242038,0,14,None,66,1,5,False,1000,1000
6516,101,weighted,10,0.1913813694267516,0,14,None,66,1,5,False,1000,1000
6517,102,weighted,10,0.1903861464968153,0,14,None,66,1,5,False,1000,1000
6518,103,weighted,10,0.1903861464968153,0,14,None,66,1,5,False,1000,1000
6519,104,weighted,10,0.1911823248407643,0,14,None,66,1,5,False,1000,1000
6520,100,weighted,10,0.181031050955414,0,22,None,66,1,5,False,1000,1000
6521,101,weighted,10,0.2098925159235669,0,22,None,66,1,5,False,1000,1000
6522,102,weighted,10,0.2393511146496815,0,22,None,66,1,5,False,1000,1000
6523,103,weighted,10,0.2235270700636942,0,22,None,66,1,5,False,1000,1000
6524,104,weighted,10,0.1944665605095541,0,22,None,66,1,5,False,1000,1000
6525,100,weighted,10,0.2202428343949044,0,9,None,66,1,5,False,1000,1000
6526,101,weighted,10,0.1659036624203821,0,9,None,66,1,5,False,1000,1000
6527,102,weighted,10,0.1677945859872611,0,9,None,66,1,5,False,1000,1000
6528,103,weighted,10,0.1690883757961783,0,9,None,66,1,5,False,1000,1000
6529,104,weighted,10,0.1700835987261146,0,9,None,66,1,5,False,1000,1000
6530,100,weighted,10,0.266421178343949,0,26,None,66,1,5,False,1000,1000
6531,101,weighted,10,0.2742834394904458,0,26,None,66,1,5,False,1000,1000
6532,102,weighted,10,0.2823447452229299,0,26,None,66,1,5,False,1000,1000
6533,103,weighted,10,0.2814490445859872,0,26,None,66,1,5,False,1000,1000
6534,104,weighted,10,0.2695063694267516,0,26,None,66,1,5,False,1000,1000
6535,100,weighted,10,0.2597531847133758,0,12,None,66,1,5,False,1000,1000
6536,101,weighted,10,0.251890923566879,0,12,None,66,1,5,False,1000,1000
6537,102,weighted,10,0.2520899681528662,0,12,None,66,1,5,False,1000,1000
6538,103,weighted,10,0.2381568471337579,0,12,None,66,1,5,False,1000,1000
6539,104,weighted,10,0.2291998407643312,0,12,None,66,1,5,False,1000,1000
6540,100,weighted,10,0.2699044585987261,0,6,None,66,1,5,False,1000,1000
6541,101,weighted,10,0.2440286624203821,0,6,None,66,1,5,False,1000,1000
6542,102,weighted,10,0.2091958598726114,0,6,None,66,1,5,False,1000,1000
6543,103,weighted,10,0.1921775477707006,0,6,None,66,1,5,False,1000,1000
6544,104,weighted,10,0.1862062101910828,0,6,None,66,1,5,False,1000,1000
6545,100,weighted,10,0.1002189490445859,0,24,None,66,1,5,False,1000,1000
6546,101,weighted,10,0.1146496815286624,0,24,None,66,1,5,False,1000,1000
6547,102,weighted,10,0.1390326433121019,0,24,None,66,1,5,False,1000,1000
6548,103,weighted,10,0.1545581210191083,0,24,None,66,1,5,False,1000,1000
6549,104,weighted,10,0.1636146496815286,0,24,None,66,1,5,False,1000,1000
6550,100,weighted,10,0.2048168789808917,0,0,None,66,1,5,False,1000,1000
6551,101,weighted,10,0.2247213375796178,0,0,None,66,1,5,False,1000,1000
6552,102,weighted,10,0.2472133757961783,0,0,None,66,1,5,False,1000,1000
6553,103,weighted,10,0.2566679936305732,0,0,None,66,1,5,False,1000,1000
6554,104,weighted,10,0.2456210191082802,0,0,None,66,1,5,False,1000,1000
6555,100,weighted,10,0.1968550955414012,0,27,None,66,1,5,False,1000,1000
6556,101,weighted,10,0.1972531847133758,0,27,None,66,1,5,False,1000,1000
6557,102,weighted,10,0.2032245222929936,0,27,None,66,1,5,False,1000,1000
6558,103,weighted,10,0.2270103503184713,0,27,None,66,1,5,False,1000,1000
6559,104,weighted,10,0.2479100318471337,0,27,None,66,1,5,False,1000,1000
6560,100,weighted,10,0.2724920382165605,0,30,None,66,1,5,False,1000,1000
6561,101,weighted,10,0.2566679936305732,0,30,None,66,1,5,False,1000,1000
6562,102,weighted,10,0.2239251592356688,0,30,None,66,1,5,False,1000,1000
6563,103,weighted,10,0.2088972929936305,0,30,None,66,1,5,False,1000,1000
6564,104,weighted,10,0.2018312101910828,0,30,None,66,1,5,False,1000,1000
6565,100,weighted,10,0.1300756369426751,0,31,None,66,1,5,False,1000,1000
6566,101,weighted,10,0.1396297770700637,0,31,None,66,1,5,False,1000,1000
6567,102,weighted,10,0.1470939490445859,0,31,None,66,1,5,False,1000,1000
6568,103,weighted,10,0.1531648089171974,0,31,None,66,1,5,False,1000,1000
6569,104,weighted,10,0.1578423566878981,0,31,None,66,1,5,False,1000,1000
6570,100,weighted,10,0.0995222929936305,0,18,None,66,1,5,False,1000,1000
6571,101,weighted,10,0.1439092356687898,0,18,None,66,1,5,False,1000,1000
6572,102,weighted,10,0.1455015923566879,0,18,None,66,1,5,False,1000,1000
6573,103,weighted,10,0.1091759554140127,0,18,None,66,1,5,False,1000,1000
6574,104,weighted,10,0.0997213375796178,0,18,None,66,1,5,False,1000,1000
6575,100,weighted,10,0.0995222929936305,0,19,None,66,1,5,False,1000,1000
6576,101,weighted,10,0.0995222929936305,0,19,None,66,1,5,False,1000,1000
6577,102,weighted,10,0.0995222929936305,0,19,None,66,1,5,False,1000,1000
6578,103,weighted,10,0.0995222929936305,0,19,None,66,1,5,False,1000,1000
6579,104,weighted,10,0.0995222929936305,0,19,None,66,1,5,False,1000,1000
6580,100,weighted,10,0.0995222929936305,0,21,None,66,1,5,False,1000,1000
6581,101,weighted,10,0.0995222929936305,0,21,None,66,1,5,False,1000,1000
6582,102,weighted,10,0.0995222929936305,0,21,None,66,1,5,False,1000,1000
6583,103,weighted,10,0.0995222929936305,0,21,None,66,1,5,False,1000,1000
6584,104,weighted,10,0.0995222929936305,0,21,None,66,1,5,False,1000,1000
6585,100,weighted,10,0.1111664012738853,0,8,None,66,1,5,False,1000,1000
6586,101,weighted,10,0.1269904458598726,0,8,None,66,1,5,False,1000,1000
6587,102,weighted,10,0.1412221337579617,0,8,None,66,1,5,False,1000,1000
6588,103,weighted,10,0.1506767515923567,0,8,None,66,1,5,False,1000,1000
6589,104,weighted,10,0.1525676751592356,0,8,None,66,1,5,False,1000,1000
6590,100,weighted,10,0.1953622611464968,0,7,None,66,1,5,False,1000,1000
6591,101,weighted,10,0.207703025477707,0,7,None,66,1,5,False,1000,1000
6592,102,weighted,10,0.2182523885350318,0,7,None,66,1,5,False,1000,1000
6593,103,weighted,10,0.2245222929936305,0,7,None,66,1,5,False,1000,1000
6594,104,weighted,10,0.2190485668789809,0,7,None,66,1,5,False,1000,1000
6595,100,weighted,10,0.179936305732484,0,16,None,66,1,5,False,1000,1000
6596,101,weighted,10,0.1803343949044586,0,16,None,66,1,5,False,1000,1000
6597,102,weighted,10,0.179936305732484,0,16,None,66,1,5,False,1000,1000
6598,103,weighted,10,0.1794386942675159,0,16,None,66,1,5,False,1000,1000
6599,104,weighted,10,0.1792396496815286,0,16,None,66,1,5,False,1000,1000
9240,105,weighted,10,0.0995222929936305,0,1,None,66,1,5,False,1000,1000
9241,106,weighted,10,0.0995222929936305,0,1,None,66,1,5,False,1000,1000
9242,107,weighted,10,0.0995222929936305,0,1,None,66,1,5,False,1000,1000
9243,108,weighted,10,0.0995222929936305,0,1,None,66,1,5,False,1000,1000
9244,109,weighted,10,0.0995222929936305,0,1,None,66,1,5,False,1000,1000
9245,105,weighted,10,0.1979498407643312,0,2,None,66,1,5,False,1000,1000
9246,106,weighted,10,0.2011345541401273,0,2,None,66,1,5,False,1000,1000
9247,107,weighted,10,0.2043192675159235,0,2,None,66,1,5,False,1000,1000
9248,108,weighted,10,0.2080015923566879,0,2,None,66,1,5,False,1000,1000
9249,109,weighted,10,0.2100915605095541,0,2,None,66,1,5,False,1000,1000
9250,105,weighted,10,0.2272093949044586,0,5,None,66,1,5,False,1000,1000
9251,106,weighted,10,0.203125,0,5,None,66,1,5,False,1000,1000
9252,107,weighted,10,0.2401472929936305,0,5,None,66,1,5,False,1000,1000
9253,108,weighted,10,0.2172571656050955,0,5,None,66,1,5,False,1000,1000
9254,109,weighted,10,0.1850119426751592,0,5,None,66,1,5,False,1000,1000
9255,105,weighted,10,0.1980493630573248,0,10,None,66,1,5,False,1000,1000
9256,106,weighted,10,0.1973527070063694,0,10,None,66,1,5,False,1000,1000
9257,107,weighted,10,0.196656050955414,0,10,None,66,1,5,False,1000,1000
9258,108,weighted,10,0.1964570063694267,0,10,None,66,1,5,False,1000,1000
9259,109,weighted,10,0.1960589171974522,0,10,None,66,1,5,False,1000,1000
9260,105,weighted,10,0.1980493630573248,0,15,None,66,1,5,False,1000,1000
9261,106,weighted,10,0.1980493630573248,0,15,None,66,1,5,False,1000,1000
9262,107,weighted,10,0.1976512738853503,0,15,None,66,1,5,False,1000,1000
9263,108,weighted,10,0.1973527070063694,0,15,None,66,1,5,False,1000,1000
9264,109,weighted,10,0.1971536624203821,0,15,None,66,1,5,False,1000,1000
9265,105,weighted,10,0.1808320063694267,0,16,None,66,1,5,False,1000,1000
9266,106,weighted,10,0.1803343949044586,0,16,None,66,1,5,False,1000,1000
9267,107,weighted,10,0.1795382165605095,0,16,None,66,1,5,False,1000,1000
9268,108,weighted,10,0.1788415605095541,0,16,None,66,1,5,False,1000,1000
9269,109,weighted,10,0.1782444267515923,0,16,None,66,1,5,False,1000,1000
9270,105,weighted,10,0.2221337579617834,0,11,None,66,1,5,False,1000,1000
9271,106,weighted,10,0.2212380573248407,0,11,None,66,1,5,False,1000,1000
9272,107,weighted,10,0.2191480891719745,0,11,None,66,1,5,False,1000,1000
9273,108,weighted,10,0.2165605095541401,0,11,None,66,1,5,False,1000,1000
9274,109,weighted,10,0.2135748407643312,0,11,None,66,1,5,False,1000,1000
9275,105,weighted,10,0.212281050955414,0,20,None,66,1,5,False,1000,1000
9276,106,weighted,10,0.1984474522292993,0,20,None,66,1,5,False,1000,1000
9277,107,weighted,10,0.1986464968152866,0,20,None,66,1,5,False,1000,1000
9278,108,weighted,10,0.198546974522293,0,20,None,66,1,5,False,1000,1000
9279,109,weighted,10,0.1984474522292993,0,20,None,66,1,5,False,1000,1000
9280,105,weighted,10,0.1820262738853503,0,22,None,66,1,5,False,1000,1000
9281,106,weighted,10,0.2000398089171974,0,22,None,66,1,5,False,1000,1000
9282,107,weighted,10,0.212281050955414,0,22,None,66,1,5,False,1000,1000
9283,108,weighted,10,0.2164609872611465,0,22,None,66,1,5,False,1000,1000
9284,109,weighted,10,0.206608280254777,0,22,None,66,1,5,False,1000,1000
9285,105,weighted,10,0.2429339171974522,0,14,None,66,1,5,False,1000,1000
9286,106,weighted,10,0.2479100318471337,0,14,None,66,1,5,False,1000,1000
9287,107,weighted,10,0.2480095541401273,0,14,None,66,1,5,False,1000,1000
9288,108,weighted,10,0.2438296178343949,0,14,None,66,1,5,False,1000,1000
9289,109,weighted,10,0.237858280254777,0,14,None,66,1,5,False,1000,1000
9290,105,weighted,10,0.1916799363057325,0,23,None,66,1,5,False,1000,1000
9291,106,weighted,10,0.1807324840764331,0,23,None,66,1,5,False,1000,1000
9292,107,weighted,10,0.1713773885350318,0,23,None,66,1,5,False,1000,1000
9293,108,weighted,10,0.1651074840764331,0,23,None,66,1,5,False,1000,1000
9294,109,weighted,10,0.1655055732484076,0,23,None,66,1,5,False,1000,1000
9295,105,weighted,10,0.1989450636942675,0,17,None,66,1,5,False,1000,1000
9296,106,weighted,10,0.1986464968152866,0,17,None,66,1,5,False,1000,1000
9297,107,weighted,10,0.198546974522293,0,17,None,66,1,5,False,1000,1000
9298,108,weighted,10,0.1983479299363057,0,17,None,66,1,5,False,1000,1000
9299,109,weighted,10,0.1981488853503184,0,17,None,66,1,5,False,1000,1000
9300,105,weighted,10,0.1866042993630573,0,25,None,66,1,5,False,1000,1000
9301,106,weighted,10,0.1865047770700637,0,25,None,66,1,5,False,1000,1000
9302,107,weighted,10,0.1855095541401273,0,25,None,66,1,5,False,1000,1000
9303,108,weighted,10,0.1847133757961783,0,25,None,66,1,5,False,1000,1000
9304,109,weighted,10,0.1836186305732484,0,25,None,66,1,5,False,1000,1000
9305,105,weighted,10,0.2444267515923567,0,26,None,66,1,5,False,1000,1000
9306,106,weighted,10,0.2281050955414012,0,26,None,66,1,5,False,1000,1000
9307,107,weighted,10,0.2285031847133758,0,26,None,66,1,5,False,1000,1000
9308,108,weighted,10,0.2342754777070063,0,26,None,66,1,5,False,1000,1000
9309,109,weighted,10,0.2385549363057325,0,26,None,66,1,5,False,1000,1000
9310,105,weighted,10,0.1512738853503184,0,24,None,66,1,5,False,1000,1000
9311,106,weighted,10,0.161624203821656,0,24,None,66,1,5,False,1000,1000
9312,107,weighted,10,0.1676950636942675,0,24,None,66,1,5,False,1000,1000
9313,108,weighted,10,0.1719745222929936,0,24,None,66,1,5,False,1000,1000
9314,109,weighted,10,0.1754578025477707,0,24,None,66,1,5,False,1000,1000
9315,105,weighted,10,0.2115843949044586,0,28,None,66,1,5,False,1000,1000
9316,106,weighted,10,0.203125,0,28,None,66,1,5,False,1000,1000
9317,107,weighted,10,0.1982484076433121,0,28,None,66,1,5,False,1000,1000
9318,108,weighted,10,0.1941679936305732,0,28,None,66,1,5,False,1000,1000
9319,109,weighted,10,0.1921775477707006,0,28,None,66,1,5,False,1000,1000
9320,105,weighted,10,0.2018312101910828,0,3,None,66,1,5,False,1000,1000
9321,106,weighted,10,0.2027269108280254,0,3,None,66,1,5,False,1000,1000
9322,107,weighted,10,0.2034235668789809,0,3,None,66,1,5,False,1000,1000
9323,108,weighted,10,0.2019307324840764,0,3,None,66,1,5,False,1000,1000
9324,109,weighted,10,0.2006369426751592,0,3,None,66,1,5,False,1000,1000
9325,105,weighted,10,0.1984474522292993,0,30,None,66,1,5,False,1000,1000
9326,106,weighted,10,0.1979498407643312,0,30,None,66,1,5,False,1000,1000
9327,107,weighted,10,0.1982484076433121,0,30,None,66,1,5,False,1000,1000
9328,108,weighted,10,0.1980493630573248,0,30,None,66,1,5,False,1000,1000
9329,109,weighted,10,0.1979498407643312,0,30,None,66,1,5,False,1000,1000
9330,105,weighted,10,0.2316878980891719,0,6,None,66,1,5,False,1000,1000
9331,106,weighted,10,0.2533837579617834,0,6,None,66,1,5,False,1000,1000
9332,107,weighted,10,0.2657245222929936,0,6,None,66,1,5,False,1000,1000
9333,108,weighted,10,0.2707006369426751,0,6,None,66,1,5,False,1000,1000
9334,109,weighted,10,0.2701035031847134,0,6,None,66,1,5,False,1000,1000
9335,105,weighted,10,0.1472929936305732,0,31,None,66,1,5,False,1000,1000
9336,106,weighted,10,0.1540605095541401,0,31,None,66,1,5,False,1000,1000
9337,107,weighted,10,0.1590366242038216,0,31,None,66,1,5,False,1000,1000
9338,108,weighted,10,0.1622213375796178,0,31,None,66,1,5,False,1000,1000
9339,109,weighted,10,0.1646098726114649,0,31,None,66,1,5,False,1000,1000
9340,105,weighted,10,0.2503980891719745,0,27,None,66,1,5,False,1000,1000
9341,106,weighted,10,0.2753781847133758,0,27,None,66,1,5,False,1000,1000
9342,107,weighted,10,0.2372611464968153,0,27,None,66,1,5,False,1000,1000
9343,108,weighted,10,0.210390127388535,0,27,None,66,1,5,False,1000,1000
9344,109,weighted,10,0.2038216560509554,0,27,None,66,1,5,False,1000,1000
9345,105,weighted,10,0.212281050955414,0,4,None,66,1,5,False,1000,1000
9346,106,weighted,10,0.1865047770700637,0,4,None,66,1,5,False,1000,1000
9347,107,weighted,10,0.1868033439490445,0,4,None,66,1,5,False,1000,1000
9348,108,weighted,10,0.1869028662420382,0,4,None,66,1,5,False,1000,1000
9349,109,weighted,10,0.1868033439490445,0,4,None,66,1,5,False,1000,1000
9350,105,weighted,10,0.1817277070063694,0,7,None,66,1,5,False,1000,1000
9351,106,weighted,10,0.1796377388535031,0,7,None,66,1,5,False,1000,1000
9352,107,weighted,10,0.1775477707006369,0,7,None,66,1,5,False,1000,1000
9353,108,weighted,10,0.1738654458598726,0,7,None,66,1,5,False,1000,1000
9354,109,weighted,10,0.1668988853503184,0,7,None,66,1,5,False,1000,1000
9355,105,weighted,10,0.1816281847133758,0,32,None,66,1,5,False,1000,1000
9356,106,weighted,10,0.1795382165605095,0,32,None,66,1,5,False,1000,1000
9357,107,weighted,10,0.1767515923566879,0,32,None,66,1,5,False,1000,1000
9358,108,weighted,10,0.1754578025477707,0,32,None,66,1,5,False,1000,1000
9359,109,weighted,10,0.1749601910828025,0,32,None,66,1,5,False,1000,1000
9360,105,weighted,10,0.1959593949044586,0,13,None,66,1,5,False,1000,1000
9361,106,weighted,10,0.1956608280254777,0,13,None,66,1,5,False,1000,1000
9362,107,weighted,10,0.1964570063694267,0,13,None,66,1,5,False,1000,1000
9363,108,weighted,10,0.1969546178343949,0,13,None,66,1,5,False,1000,1000
9364,109,weighted,10,0.1973527070063694,0,13,None,66,1,5,False,1000,1000
9365,105,weighted,10,0.2048168789808917,0,12,None,66,1,5,False,1000,1000
9366,106,weighted,10,0.2019307324840764,0,12,None,66,1,5,False,1000,1000
9367,107,weighted,10,0.2013335987261146,0,12,None,66,1,5,False,1000,1000
9368,108,weighted,10,0.2014331210191083,0,12,None,66,1,5,False,1000,1000
9369,109,weighted,10,0.2019307324840764,0,12,None,66,1,5,False,1000,1000
9370,105,weighted,10,0.1356488853503184,0,8,None,66,1,5,False,1000,1000
9371,106,weighted,10,0.1251990445859872,0,8,None,66,1,5,False,1000,1000
9372,107,weighted,10,0.1232085987261146,0,8,None,66,1,5,False,1000,1000
9373,108,weighted,10,0.1272890127388535,0,8,None,66,1,5,False,1000,1000
9374,109,weighted,10,0.1342555732484076,0,8,None,66,1,5,False,1000,1000
9375,105,weighted,10,0.1052945859872611,0,18,None,66,1,5,False,1000,1000
9376,106,weighted,10,0.1016122611464968,0,18,None,66,1,5,False,1000,1000
9377,107,weighted,10,0.1052945859872611,0,18,None,66,1,5,False,1000,1000
9378,108,weighted,10,0.1167396496815286,0,18,None,66,1,5,False,1000,1000
9379,109,weighted,10,0.1656050955414012,0,18,None,66,1,5,False,1000,1000
9380,105,weighted,10,0.0995222929936305,0,19,None,66,1,5,False,1000,1000
9381,106,weighted,10,0.0995222929936305,0,19,None,66,1,5,False,1000,1000
9382,107,weighted,10,0.0995222929936305,0,19,None,66,1,5,False,1000,1000
9383,108,weighted,10,0.1034036624203821,0,19,None,66,1,5,False,1000,1000
9384,109,weighted,10,0.1267914012738853,0,19,None,66,1,5,False,1000,1000
9385,105,weighted,10,0.0995222929936305,0,21,None,66,1,5,False,1000,1000
9386,106,weighted,10,0.0995222929936305,0,21,None,66,1,5,False,1000,1000
9387,107,weighted,10,0.101811305732484,0,21,None,66,1,5,False,1000,1000
9388,108,weighted,10,0.1190286624203821,0,21,None,66,1,5,False,1000,1000
9389,109,weighted,10,0.1216162420382165,0,21,None,66,1,5,False,1000,1000
9390,110,weighted,10,0.2092953821656051,0,26,None,66,1,5,False,1000,1000
9391,111,weighted,10,0.2180533439490445,0,26,None,66,1,5,False,1000,1000
9392,112,weighted,10,0.2228304140127388,0,26,None,66,1,5,False,1000,1000
9393,113,weighted,10,0.2246218152866242,0,26,None,66,1,5,False,1000,1000
9394,114,weighted,10,0.2236265923566879,0,26,None,66,1,5,False,1000,1000
9395,105,weighted,10,0.2139729299363057,0,9,None,66,1,5,False,1000,1000
9396,106,weighted,10,0.1667993630573248,0,9,None,66,1,5,False,1000,1000
9397,107,weighted,10,0.1677945859872611,0,9,None,66,1,5,False,1000,1000
9398,108,weighted,10,0.1695859872611465,0,9,None,66,1,5,False,1000,1000
9399,109,weighted,10,0.1710788216560509,0,9,None,66,1,5,False,1000,1000
9400,105,weighted,10,0.1558519108280254,0,29,None,66,1,5,False,1000,1000
9401,106,weighted,10,0.1665007961783439,0,29,None,66,1,5,False,1000,1000
9402,107,weighted,10,0.1697850318471337,0,29,None,66,1,5,False,1000,1000
9403,108,weighted,10,0.169984076433121,0,29,None,66,1,5,False,1000,1000
9404,109,weighted,10,0.1724721337579617,0,29,None,66,1,5,False,1000,1000
9405,105,weighted,10,0.2119824840764331,0,0,None,66,1,5,False,1000,1000
9406,106,weighted,10,0.2177547770700637,0,0,None,66,1,5,False,1000,1000
9407,107,weighted,10,0.2264132165605095,0,0,None,66,1,5,False,1000,1000
9408,108,weighted,10,0.2333797770700637,0,0,None,66,1,5,False,1000,1000
9409,109,weighted,10,0.2411425159235669,0,0,None,66,1,5,False,1000,1000
9410,110,weighted,10,0.177249203821656,0,7,None,66,1,5,False,1000,1000
9411,111,weighted,10,0.1766520700636942,0,7,None,66,1,5,False,1000,1000
9412,112,weighted,10,0.1765525477707006,0,7,None,66,1,5,False,1000,1000
9413,113,weighted,10,0.1765525477707006,0,7,None,66,1,5,False,1000,1000
9414,114,weighted,10,0.1776472929936305,0,7,None,66,1,5,False,1000,1000
9415,110,weighted,10,0.2006369426751592,0,11,None,66,1,5,False,1000,1000
9416,111,weighted,10,0.2006369426751592,0,11,None,66,1,5,False,1000,1000
9417,112,weighted,10,0.201234076433121,0,11,None,66,1,5,False,1000,1000
9418,113,weighted,10,0.2014331210191083,0,11,None,66,1,5,False,1000,1000
9419,114,weighted,10,0.2022292993630573,0,11,None,66,1,5,False,1000,1000
9420,110,weighted,10,0.1975517515923567,0,15,None,66,1,5,False,1000,1000
9421,111,weighted,10,0.197452229299363,0,15,None,66,1,5,False,1000,1000
9422,112,weighted,10,0.1975517515923567,0,15,None,66,1,5,False,1000,1000
9423,113,weighted,10,0.1979498407643312,0,15,None,66,1,5,False,1000,1000
9424,114,weighted,10,0.1989450636942675,0,15,None,66,1,5,False,1000,1000
9425,110,weighted,10,0.1979498407643312,0,17,None,66,1,5,False,1000,1000
9426,111,weighted,10,0.1979498407643312,0,17,None,66,1,5,False,1000,1000
9427,112,weighted,10,0.1979498407643312,0,17,None,66,1,5,False,1000,1000
9428,113,weighted,10,0.1980493630573248,0,17,None,66,1,5,False,1000,1000
9429,114,weighted,10,0.1981488853503184,0,17,None,66,1,5,False,1000,1000
9430,110,weighted,10,0.2025278662420382,0,14,None,66,1,5,False,1000,1000
9431,111,weighted,10,0.2059116242038216,0,14,None,66,1,5,False,1000,1000
9432,112,weighted,10,0.2102906050955414,0,14,None,66,1,5,False,1000,1000
9433,113,weighted,10,0.2142714968152866,0,14,None,66,1,5,False,1000,1000
9434,114,weighted,10,0.2252189490445859,0,14,None,66,1,5,False,1000,1000
9435,110,weighted,10,0.181031050955414,0,25,None,66,1,5,False,1000,1000
9436,111,weighted,10,0.1808320063694267,0,25,None,66,1,5,False,1000,1000
9437,112,weighted,10,0.1809315286624203,0,25,None,66,1,5,False,1000,1000
9438,113,weighted,10,0.1819267515923567,0,25,None,66,1,5,False,1000,1000
9439,114,weighted,10,0.1834195859872611,0,25,None,66,1,5,False,1000,1000
9440,110,weighted,10,0.1937699044585987,0,29,None,66,1,5,False,1000,1000
9441,111,weighted,10,0.1940684713375796,0,29,None,66,1,5,False,1000,1000
9442,112,weighted,10,0.1953622611464968,0,29,None,66,1,5,False,1000,1000
9443,113,weighted,10,0.196656050955414,0,29,None,66,1,5,False,1000,1000
9444,114,weighted,10,0.198546974522293,0,29,None,66,1,5,False,1000,1000
9445,110,weighted,10,0.2298964968152866,0,9,None,66,1,5,False,1000,1000
9446,111,weighted,10,0.1725716560509554,0,9,None,66,1,5,False,1000,1000
9447,112,weighted,10,0.1747611464968153,0,9,None,66,1,5,False,1000,1000
9448,113,weighted,10,0.1771496815286624,0,9,None,66,1,5,False,1000,1000
9449,114,weighted,10,0.179936305732484,0,9,None,66,1,5,False,1000,1000
9450,110,weighted,10,0.179140127388535,0,1,None,66,1,5,False,1000,1000
9451,111,weighted,10,0.1850119426751592,0,1,None,66,1,5,False,1000,1000
9452,112,weighted,10,0.1893909235668789,0,1,None,66,1,5,False,1000,1000
9453,113,weighted,10,0.1932722929936305,0,1,None,66,1,5,False,1000,1000
9454,114,weighted,10,0.1961584394904458,0,1,None,66,1,5,False,1000,1000
9455,110,weighted,10,0.198546974522293,0,2,None,66,1,5,False,1000,1000
9456,111,weighted,10,0.198546974522293,0,2,None,66,1,5,False,1000,1000
9457,112,weighted,10,0.198546974522293,0,2,None,66,1,5,False,1000,1000
9458,113,weighted,10,0.1992436305732484,0,2,None,66,1,5,False,1000,1000
9459,114,weighted,10,0.2004378980891719,0,2,None,66,1,5,False,1000,1000
9460,110,weighted,10,0.2096934713375796,0,20,None,66,1,5,False,1000,1000
9461,111,weighted,10,0.2145700636942675,0,20,None,66,1,5,False,1000,1000
9462,112,weighted,10,0.1981488853503184,0,20,None,66,1,5,False,1000,1000
9463,113,weighted,10,0.1981488853503184,0,20,None,66,1,5,False,1000,1000
9464,114,weighted,10,0.1981488853503184,0,20,None,66,1,5,False,1000,1000
9465,110,weighted,10,0.2226313694267516,0,22,None,66,1,5,False,1000,1000
9466,111,weighted,10,0.1698845541401273,0,22,None,66,1,5,False,1000,1000
9467,112,weighted,10,0.1612261146496815,0,22,None,66,1,5,False,1000,1000
9468,113,weighted,10,0.1673964968152866,0,22,None,66,1,5,False,1000,1000
9469,114,weighted,10,0.1826234076433121,0,22,None,66,1,5,False,1000,1000
9470,110,weighted,10,0.1972531847133758,0,10,None,66,1,5,False,1000,1000
9471,111,weighted,10,0.1969546178343949,0,10,None,66,1,5,False,1000,1000
9472,112,weighted,10,0.1969546178343949,0,10,None,66,1,5,False,1000,1000
9473,113,weighted,10,0.1970541401273885,0,10,None,66,1,5,False,1000,1000
9474,114,weighted,10,0.1980493630573248,0,10,None,66,1,5,False,1000,1000
9475,110,weighted,10,0.1758558917197452,0,32,None,66,1,5,False,1000,1000
9476,111,weighted,10,0.1756568471337579,0,32,None,66,1,5,False,1000,1000
9477,112,weighted,10,0.1762539808917197,0,32,None,66,1,5,False,1000,1000
9478,113,weighted,10,0.1771496815286624,0,32,None,66,1,5,False,1000,1000
9479,114,weighted,10,0.1796377388535031,0,32,None,66,1,5,False,1000,1000
9480,110,weighted,10,0.2494028662420382,0,5,None,66,1,5,False,1000,1000
9481,111,weighted,10,0.2009355095541401,0,5,None,66,1,5,False,1000,1000
9482,112,weighted,10,0.2015326433121019,0,5,None,66,1,5,False,1000,1000
9483,113,weighted,10,0.2059116242038216,0,5,None,66,1,5,False,1000,1000
9484,114,weighted,10,0.2178542993630573,0,5,None,66,1,5,False,1000,1000
9485,110,weighted,10,0.1968550955414012,0,6,None,66,1,5,False,1000,1000
9486,111,weighted,10,0.1991441082802547,0,6,None,66,1,5,False,1000,1000
9487,112,weighted,10,0.2014331210191083,0,6,None,66,1,5,False,1000,1000
9488,113,weighted,10,0.2060111464968153,0,6,None,66,1,5,False,1000,1000
9489,114,weighted,10,0.2152667197452229,0,6,None,66,1,5,False,1000,1000
9490,110,weighted,10,0.1771496815286624,0,16,None,66,1,5,False,1000,1000
9491,111,weighted,10,0.1779458598726114,0,16,None,66,1,5,False,1000,1000
9492,112,weighted,10,0.1786425159235669,0,16,None,66,1,5,False,1000,1000
9493,113,weighted,10,0.1806329617834395,0,16,None,66,1,5,False,1000,1000
9494,114,weighted,10,0.183718152866242,0,16,None,66,1,5,False,1000,1000
9495,110,weighted,10,0.1561504777070063,0,18,None,66,1,5,False,1000,1000
9496,111,weighted,10,0.1603304140127388,0,18,None,66,1,5,False,1000,1000
9497,112,weighted,10,0.2183519108280254,0,18,None,66,1,5,False,1000,1000
9498,113,weighted,10,0.2028264331210191,0,18,None,66,1,5,False,1000,1000
9499,114,weighted,10,0.1976512738853503,0,18,None,66,1,5,False,1000,1000
9500,110,weighted,10,0.157046178343949,0,8,None,66,1,5,False,1000,1000
9501,111,weighted,10,0.1606289808917197,0,8,None,66,1,5,False,1000,1000
9502,112,weighted,10,0.1667993630573248,0,8,None,66,1,5,False,1000,1000
9503,113,weighted,10,0.1760549363057325,0,8,None,66,1,5,False,1000,1000
9504,114,weighted,10,0.1851114649681528,0,8,None,66,1,5,False,1000,1000
9505,110,weighted,10,0.1982484076433121,0,13,None,66,1,5,False,1000,1000
9506,111,weighted,10,0.1980493630573248,0,13,None,66,1,5,False,1000,1000
9507,112,weighted,10,0.1978503184713375,0,13,None,66,1,5,False,1000,1000
9508,113,weighted,10,0.1978503184713375,0,13,None,66,1,5,False,1000,1000
9509,114,weighted,10,0.1982484076433121,0,13,None,66,1,5,False,1000,1000
9510,110,weighted,10,0.1979498407643312,0,12,None,66,1,5,False,1000,1000
9511,111,weighted,10,0.198546974522293,0,12,None,66,1,5,False,1000,1000
9512,112,weighted,10,0.1986464968152866,0,12,None,66,1,5,False,1000,1000
9513,113,weighted,10,0.1996417197452229,0,12,None,66,1,5,False,1000,1000
9514,114,weighted,10,0.2016321656050955,0,12,None,66,1,5,False,1000,1000
9515,110,weighted,10,0.1893909235668789,0,21,None,66,1,5,False,1000,1000
9516,111,weighted,10,0.1987460191082802,0,21,None,66,1,5,False,1000,1000
9517,112,weighted,10,0.2071058917197452,0,21,None,66,1,5,False,1000,1000
9518,113,weighted,10,0.2140724522292993,0,21,None,66,1,5,False,1000,1000
9519,114,weighted,10,0.2172571656050955,0,21,None,66,1,5,False,1000,1000
9520,110,weighted,10,0.1507762738853503,0,19,None,66,1,5,False,1000,1000
9521,111,weighted,10,0.1682921974522293,0,19,None,66,1,5,False,1000,1000
9522,112,weighted,10,0.1821257961783439,0,19,None,66,1,5,False,1000,1000
9523,113,weighted,10,0.1930732484076433,0,19,None,66,1,5,False,1000,1000
9524,114,weighted,10,0.2021297770700637,0,19,None,66,1,5,False,1000,1000
9525,110,weighted,10,0.1978503184713375,0,23,None,66,1,5,False,1000,1000
9526,111,weighted,10,0.1979498407643312,0,23,None,66,1,5,False,1000,1000
9527,112,weighted,10,0.1994426751592356,0,23,None,66,1,5,False,1000,1000
9528,113,weighted,10,0.2011345541401273,0,23,None,66,1,5,False,1000,1000
9529,114,weighted,10,0.2028264331210191,0,23,None,66,1,5,False,1000,1000
9530,110,weighted,10,0.2415406050955414,0,4,None,66,1,5,False,1000,1000
9531,111,weighted,10,0.2306926751592356,0,4,None,66,1,5,False,1000,1000
9532,112,weighted,10,0.2055135350318471,0,4,None,66,1,5,False,1000,1000
9533,113,weighted,10,0.1925756369426751,0,4,None,66,1,5,False,1000,1000
9534,114,weighted,10,0.1902866242038216,0,4,None,66,1,5,False,1000,1000
9535,110,weighted,10,0.2132762738853503,0,27,None,66,1,5,False,1000,1000
9536,111,weighted,10,0.2069068471337579,0,27,None,66,1,5,False,1000,1000
9537,112,weighted,10,0.2015326433121019,0,27,None,66,1,5,False,1000,1000
9538,113,weighted,10,0.2009355095541401,0,27,None,66,1,5,False,1000,1000
9539,114,weighted,10,0.1997412420382165,0,27,None,66,1,5,False,1000,1000
9540,110,weighted,10,0.1768511146496815,0,24,None,66,1,5,False,1000,1000
9541,111,weighted,10,0.1769506369426751,0,24,None,66,1,5,False,1000,1000
9542,112,weighted,10,0.1795382165605095,0,24,None,66,1,5,False,1000,1000
9543,113,weighted,10,0.1820262738853503,0,24,None,66,1,5,False,1000,1000
9544,114,weighted,10,0.1855095541401273,0,24,None,66,1,5,False,1000,1000
9545,110,weighted,10,0.1977507961783439,0,30,None,66,1,5,False,1000,1000
9546,111,weighted,10,0.1978503184713375,0,30,None,66,1,5,False,1000,1000
9547,112,weighted,10,0.1980493630573248,0,30,None,66,1,5,False,1000,1000
9548,113,weighted,10,0.1980493630573248,0,30,None,66,1,5,False,1000,1000
9549,114,weighted,10,0.1983479299363057,0,30,None,66,1,5,False,1000,1000
9550,110,weighted,10,0.1661027070063694,0,31,None,66,1,5,False,1000,1000
9551,111,weighted,10,0.1687898089171974,0,31,None,66,1,5,False,1000,1000
9552,112,weighted,10,0.1721735668789809,0,31,None,66,1,5,False,1000,1000
9553,113,weighted,10,0.1756568471337579,0,31,None,66,1,5,False,1000,1000
9554,114,weighted,10,0.1795382165605095,0,31,None,66,1,5,False,1000,1000
9555,110,weighted,10,0.199343152866242,0,0,None,66,1,5,False,1000,1000
9556,111,weighted,10,0.2019307324840764,0,0,None,66,1,5,False,1000,1000
9557,112,weighted,10,0.2091958598726114,0,0,None,66,1,5,False,1000,1000
9558,113,weighted,10,0.221437101910828,0,0,None,66,1,5,False,1000,1000
9559,114,weighted,10,0.2432324840764331,0,0,None,66,1,5,False,1000,1000
9560,110,weighted,10,0.1988455414012739,0,28,None,66,1,5,False,1000,1000
9561,111,weighted,10,0.197452229299363,0,28,None,66,1,5,False,1000,1000
9562,112,weighted,10,0.1979498407643312,0,28,None,66,1,5,False,1000,1000
9563,113,weighted,10,0.1983479299363057,0,28,None,66,1,5,False,1000,1000
9564,114,weighted,10,0.2002388535031847,0,28,None,66,1,5,False,1000,1000
9565,110,weighted,10,0.1986464968152866,0,3,None,66,1,5,False,1000,1000
9566,111,weighted,10,0.1986464968152866,0,3,None,66,1,5,False,1000,1000
9567,112,weighted,10,0.1988455414012739,0,3,None,66,1,5,False,1000,1000
9568,113,weighted,10,0.1983479299363057,0,3,None,66,1,5,False,1000,1000
9569,114,weighted,10,0.1986464968152866,0,3,None,66,1,5,False,1000,1000
9570,115,weighted,10,0.2296974522292993,0,22,None,66,1,5,False,1000,1000
9571,116,weighted,10,0.237062101910828,0,22,None,66,1,5,False,1000,1000
9572,117,weighted,10,0.2071058917197452,0,22,None,66,1,5,False,1000,1000
9573,118,weighted,10,0.1787420382165605,0,22,None,66,1,5,False,1000,1000
9574,119,weighted,10,0.1815286624203821,0,22,None,66,1,5,False,1000,1000
9575,115,weighted,10,0.2070063694267516,0,14,None,66,1,5,False,1000,1000
9576,116,weighted,10,0.2085987261146497,0,14,None,66,1,5,False,1000,1000
9577,117,weighted,10,0.2393511146496815,0,14,None,66,1,5,False,1000,1000
9578,118,weighted,10,0.2013335987261146,0,14,None,66,1,5,False,1000,1000
9579,119,weighted,10,0.2032245222929936,0,14,None,66,1,5,False,1000,1000
9580,115,weighted,10,0.1984474522292993,0,30,None,66,1,5,False,1000,1000
9581,116,weighted,10,0.1986464968152866,0,30,None,66,1,5,False,1000,1000
9582,117,weighted,10,0.1989450636942675,0,30,None,66,1,5,False,1000,1000
9583,118,weighted,10,0.1996417197452229,0,30,None,66,1,5,False,1000,1000
9584,119,weighted,10,0.2016321656050955,0,30,None,66,1,5,False,1000,1000
9585,115,weighted,10,0.190187101910828,0,16,None,66,1,5,False,1000,1000
9586,116,weighted,10,0.1938694267515923,0,16,None,66,1,5,False,1000,1000
9587,117,weighted,10,0.1969546178343949,0,16,None,66,1,5,False,1000,1000
9588,118,weighted,10,0.2006369426751592,0,16,None,66,1,5,False,1000,1000
9589,119,weighted,10,0.2021297770700637,0,16,None,66,1,5,False,1000,1000
9590,115,weighted,10,0.1910828025477707,0,7,None,66,1,5,False,1000,1000
9591,116,weighted,10,0.1904856687898089,0,7,None,66,1,5,False,1000,1000
9592,117,weighted,10,0.1949641719745223,0,7,None,66,1,5,False,1000,1000
9593,118,weighted,10,0.2017316878980891,0,7,None,66,1,5,False,1000,1000
9594,119,weighted,10,0.2121815286624203,0,7,None,66,1,5,False,1000,1000
9595,115,weighted,10,0.1835191082802547,0,32,None,66,1,5,False,1000,1000
9596,116,weighted,10,0.18640525477707,0,32,None,66,1,5,False,1000,1000
9597,117,weighted,10,0.1904856687898089,0,32,None,66,1,5,False,1000,1000
9598,118,weighted,10,0.1940684713375796,0,32,None,66,1,5,False,1000,1000
9599,119,weighted,10,0.197452229299363,0,32,None,66,1,5,False,1000,1000
9600,115,weighted,10,0.1980493630573248,0,1,None,66,1,5,False,1000,1000
9601,116,weighted,10,0.1991441082802547,0,1,None,66,1,5,False,1000,1000
9602,117,weighted,10,0.2008359872611465,0,1,None,66,1,5,False,1000,1000
9603,118,weighted,10,0.2027269108280254,0,1,None,66,1,5,False,1000,1000
9604,119,weighted,10,0.2050159235668789,0,1,None,66,1,5,False,1000,1000
9605,115,weighted,10,0.1988455414012739,0,2,None,66,1,5,False,1000,1000
9606,116,weighted,10,0.1996417197452229,0,2,None,66,1,5,False,1000,1000
9607,117,weighted,10,0.2016321656050955,0,2,None,66,1,5,False,1000,1000
9608,118,weighted,10,0.2063097133757961,0,2,None,66,1,5,False,1000,1000
9609,119,weighted,10,0.2265127388535031,0,2,None,66,1,5,False,1000,1000
9610,115,weighted,10,0.2018312101910828,0,5,None,66,1,5,False,1000,1000
9611,116,weighted,10,0.203921178343949,0,5,None,66,1,5,False,1000,1000
9612,117,weighted,10,0.205812101910828,0,5,None,66,1,5,False,1000,1000
9613,118,weighted,10,0.2081011146496815,0,5,None,66,1,5,False,1000,1000
9614,119,weighted,10,0.2108877388535031,0,5,None,66,1,5,False,1000,1000
9615,115,weighted,10,0.2024283439490445,0,9,None,66,1,5,False,1000,1000
9616,116,weighted,10,0.2299960191082802,0,9,None,66,1,5,False,1000,1000
9617,117,weighted,10,0.2294984076433121,0,9,None,66,1,5,False,1000,1000
9618,118,weighted,10,0.2014331210191083,0,9,None,66,1,5,False,1000,1000
9619,119,weighted,10,0.1979498407643312,0,9,None,66,1,5,False,1000,1000
9620,115,weighted,10,0.210390127388535,0,21,None,66,1,5,False,1000,1000
9621,116,weighted,10,0.2117834394904458,0,21,None,66,1,5,False,1000,1000
9622,117,weighted,10,0.2127786624203821,0,21,None,66,1,5,False,1000,1000
9623,118,weighted,10,0.214968152866242,0,21,None,66,1,5,False,1000,1000
9624,119,weighted,10,0.2251194267515923,0,21,None,66,1,5,False,1000,1000
9625,115,weighted,10,0.203125,0,0,None,66,1,5,False,1000,1000
9626,116,weighted,10,0.2200437898089172,0,0,None,66,1,5,False,1000,1000
9627,117,weighted,10,0.2056130573248407,0,0,None,66,1,5,False,1000,1000
9628,118,weighted,10,0.2055135350318471,0,0,None,66,1,5,False,1000,1000
9629,119,weighted,10,0.2080015923566879,0,0,None,66,1,5,False,1000,1000
9630,115,weighted,10,0.2029259554140127,0,23,None,66,1,5,False,1000,1000
9631,116,weighted,10,0.2059116242038216,0,23,None,66,1,5,False,1000,1000
9632,117,weighted,10,0.2082006369426751,0,23,None,66,1,5,False,1000,1000
9633,118,weighted,10,0.2124800955414012,0,23,None,66,1,5,False,1000,1000
9634,119,weighted,10,0.2190485668789809,0,23,None,66,1,5,False,1000,1000
9635,115,weighted,10,0.2014331210191083,0,28,None,66,1,5,False,1000,1000
9636,116,weighted,10,0.2026273885350318,0,28,None,66,1,5,False,1000,1000
9637,117,weighted,10,0.2048168789808917,0,28,None,66,1,5,False,1000,1000
9638,118,weighted,10,0.2073049363057325,0,28,None,66,1,5,False,1000,1000
9639,119,weighted,10,0.2105891719745223,0,28,None,66,1,5,False,1000,1000
9640,115,weighted,10,0.2004378980891719,0,29,None,66,1,5,False,1000,1000
9641,116,weighted,10,0.2019307324840764,0,29,None,66,1,5,False,1000,1000
9642,117,weighted,10,0.2037221337579617,0,29,None,66,1,5,False,1000,1000
9643,118,weighted,10,0.2056130573248407,0,29,None,66,1,5,False,1000,1000
9644,119,weighted,10,0.2086982484076433,0,29,None,66,1,5,False,1000,1000
9645,115,weighted,10,0.2301950636942675,0,27,None,66,1,5,False,1000,1000
9646,116,weighted,10,0.2147691082802547,0,27,None,66,1,5,False,1000,1000
9647,117,weighted,10,0.2078025477707006,0,27,None,66,1,5,False,1000,1000
9648,118,weighted,10,0.2045183121019108,0,27,None,66,1,5,False,1000,1000
9649,119,weighted,10,0.2061106687898089,0,27,None,66,1,5,False,1000,1000
9650,115,weighted,10,0.20203025477707,0,6,None,66,1,5,False,1000,1000
9651,116,weighted,10,0.2033240445859872,0,6,None,66,1,5,False,1000,1000
9652,117,weighted,10,0.206608280254777,0,6,None,66,1,5,False,1000,1000
9653,118,weighted,10,0.266421178343949,0,6,None,66,1,5,False,1000,1000
9654,119,weighted,10,0.2075039808917197,0,6,None,66,1,5,False,1000,1000
9655,115,weighted,10,0.2008359872611465,0,12,None,66,1,5,False,1000,1000
9656,116,weighted,10,0.20203025477707,0,12,None,66,1,5,False,1000,1000
9657,117,weighted,10,0.203921178343949,0,12,None,66,1,5,False,1000,1000
9658,118,weighted,10,0.2064092356687898,0,12,None,66,1,5,False,1000,1000
9659,119,weighted,10,0.2113853503184713,0,12,None,66,1,5,False,1000,1000
9660,115,weighted,10,0.2005374203821656,0,13,None,66,1,5,False,1000,1000
9661,116,weighted,10,0.2003383757961783,0,13,None,66,1,5,False,1000,1000
9662,117,weighted,10,0.2013335987261146,0,13,None,66,1,5,False,1000,1000
9663,118,weighted,10,0.2006369426751592,0,13,None,66,1,5,False,1000,1000
9664,119,weighted,10,0.2017316878980891,0,13,None,66,1,5,False,1000,1000
9665,115,weighted,10,0.1858081210191083,0,25,None,66,1,5,False,1000,1000
9666,116,weighted,10,0.1887937898089172,0,25,None,66,1,5,False,1000,1000
9667,117,weighted,10,0.192874203821656,0,25,None,66,1,5,False,1000,1000
9668,118,weighted,10,0.1967555732484076,0,25,None,66,1,5,False,1000,1000
9669,119,weighted,10,0.2013335987261146,0,25,None,66,1,5,False,1000,1000
9670,115,weighted,10,0.2112858280254777,0,26,None,66,1,5,False,1000,1000
9671,116,weighted,10,0.2134753184713375,0,26,None,66,1,5,False,1000,1000
9672,117,weighted,10,0.2142714968152866,0,26,None,66,1,5,False,1000,1000
9673,118,weighted,10,0.2166600318471337,0,26,None,66,1,5,False,1000,1000
9674,119,weighted,10,0.2192476114649681,0,26,None,66,1,5,False,1000,1000
9675,115,weighted,10,0.1987460191082802,0,15,None,66,1,5,False,1000,1000
9676,116,weighted,10,0.1999402866242038,0,15,None,66,1,5,False,1000,1000
9677,117,weighted,10,0.2028264331210191,0,15,None,66,1,5,False,1000,1000
9678,118,weighted,10,0.2055135350318471,0,15,None,66,1,5,False,1000,1000
9679,119,weighted,10,0.2079020700636942,0,15,None,66,1,5,False,1000,1000
9680,115,weighted,10,0.1983479299363057,0,10,None,66,1,5,False,1000,1000
9681,116,weighted,10,0.198546974522293,0,10,None,66,1,5,False,1000,1000
9682,117,weighted,10,0.1986464968152866,0,10,None,66,1,5,False,1000,1000
9683,118,weighted,10,0.198546974522293,0,10,None,66,1,5,False,1000,1000
9684,119,weighted,10,0.2007364649681528,0,10,None,66,1,5,False,1000,1000
9685,115,weighted,10,0.1986464968152866,0,11,None,66,1,5,False,1000,1000
9686,116,weighted,10,0.2005374203821656,0,11,None,66,1,5,False,1000,1000
9687,117,weighted,10,0.2047173566878981,0,11,None,66,1,5,False,1000,1000
9688,118,weighted,10,0.2083996815286624,0,11,None,66,1,5,False,1000,1000
9689,119,weighted,10,0.2151671974522293,0,11,None,66,1,5,False,1000,1000
9690,115,weighted,10,0.1982484076433121,0,17,None,66,1,5,False,1000,1000
9691,116,weighted,10,0.1987460191082802,0,17,None,66,1,5,False,1000,1000
9692,117,weighted,10,0.2007364649681528,0,17,None,66,1,5,False,1000,1000
9693,118,weighted,10,0.201234076433121,0,17,None,66,1,5,False,1000,1000
9694,119,weighted,10,0.2043192675159235,0,17,None,66,1,5,False,1000,1000
9695,115,weighted,10,0.2249203821656051,0,24,None,66,1,5,False,1000,1000
9696,116,weighted,10,0.1962579617834395,0,24,None,66,1,5,False,1000,1000
9697,117,weighted,10,0.1931727707006369,0,24,None,66,1,5,False,1000,1000
9698,118,weighted,10,0.1970541401273885,0,24,None,66,1,5,False,1000,1000
9699,119,weighted,10,0.2083001592356688,0,24,None,66,1,5,False,1000,1000
9700,115,weighted,10,0.1855095541401273,0,18,None,66,1,5,False,1000,1000
9701,116,weighted,10,0.192078025477707,0,18,None,66,1,5,False,1000,1000
9702,117,weighted,10,0.2432324840764331,0,18,None,66,1,5,False,1000,1000
9703,118,weighted,10,0.2157643312101911,0,18,None,66,1,5,False,1000,1000
9704,119,weighted,10,0.2089968152866242,0,18,None,66,1,5,False,1000,1000
9705,115,weighted,10,0.1930732484076433,0,19,None,66,1,5,False,1000,1000
9706,116,weighted,10,0.1964570063694267,0,19,None,66,1,5,False,1000,1000
9707,117,weighted,10,0.199343152866242,0,19,None,66,1,5,False,1000,1000
9708,118,weighted,10,0.2060111464968153,0,19,None,66,1,5,False,1000,1000
9709,119,weighted,10,0.2246218152866242,0,19,None,66,1,5,False,1000,1000
9710,115,weighted,10,0.1942675159235669,0,8,None,66,1,5,False,1000,1000
9711,116,weighted,10,0.1951632165605095,0,8,None,66,1,5,False,1000,1000
9712,117,weighted,10,0.1980493630573248,0,8,None,66,1,5,False,1000,1000
9713,118,weighted,10,0.2036226114649681,0,8,None,66,1,5,False,1000,1000
9714,119,weighted,10,0.2202428343949044,0,8,None,66,1,5,False,1000,1000
9715,115,weighted,10,0.1832205414012739,0,31,None,66,1,5,False,1000,1000
9716,116,weighted,10,0.1872014331210191,0,31,None,66,1,5,False,1000,1000
9717,117,weighted,10,0.190983280254777,0,31,None,66,1,5,False,1000,1000
9718,118,weighted,10,0.1929737261146497,0,31,None,66,1,5,False,1000,1000
9719,119,weighted,10,0.1943670382165605,0,31,None,66,1,5,False,1000,1000
9720,115,weighted,10,0.2011345541401273,0,4,None,66,1,5,False,1000,1000
9721,116,weighted,10,0.2040207006369426,0,4,None,66,1,5,False,1000,1000
9722,117,weighted,10,0.2097929936305732,0,4,None,66,1,5,False,1000,1000
9723,118,weighted,10,0.2151671974522293,0,4,None,66,1,5,False,1000,1000
9724,119,weighted,10,0.2184514331210191,0,4,None,66,1,5,False,1000,1000
9725,115,weighted,10,0.2061106687898089,0,20,None,66,1,5,False,1000,1000
9726,116,weighted,10,0.198546974522293,0,20,None,66,1,5,False,1000,1000
9727,117,weighted,10,0.1987460191082802,0,20,None,66,1,5,False,1000,1000
9728,118,weighted,10,0.1989450636942675,0,20,None,66,1,5,False,1000,1000
9729,119,weighted,10,0.1989450636942675,0,20,None,66,1,5,False,1000,1000
9730,115,weighted,10,0.1999402866242038,0,3,None,66,1,5,False,1000,1000
9731,116,weighted,10,0.2006369426751592,0,3,None,66,1,5,False,1000,1000
9732,117,weighted,10,0.2042197452229299,0,3,None,66,1,5,False,1000,1000
9733,118,weighted,10,0.2080015923566879,0,3,None,66,1,5,False,1000,1000
9734,119,weighted,10,0.2238256369426751,0,3,None,66,1,5,False,1000,1000
9735,120,weighted,10,0.2064092356687898,0,30,None,66,1,5,False,1000,1000
9736,121,weighted,10,0.2076035031847133,0,30,None,66,1,5,False,1000,1000
9737,122,weighted,10,0.2109872611464968,0,30,None,66,1,5,False,1000,1000
9738,123,weighted,10,0.2136743630573248,0,30,None,66,1,5,False,1000,1000
9739,124,weighted,10,0.2179538216560509,0,30,None,66,1,5,False,1000,1000
9740,120,weighted,10,0.2851313694267516,0,22,None,66,1,5,False,1000,1000
9741,121,weighted,10,0.2547770700636942,0,22,None,66,1,5,False,1000,1000
9742,122,weighted,10,0.214171974522293,0,22,None,66,1,5,False,1000,1000
9743,123,weighted,10,0.1988455414012739,0,22,None,66,1,5,False,1000,1000
9744,124,weighted,10,0.2014331210191083,0,22,None,66,1,5,False,1000,1000
9745,120,weighted,10,0.2046178343949044,0,20,None,66,1,5,False,1000,1000
9746,121,weighted,10,0.2065087579617834,0,20,None,66,1,5,False,1000,1000
9747,122,weighted,10,0.2081011146496815,0,20,None,66,1,5,False,1000,1000
9748,123,weighted,10,0.2119824840764331,0,20,None,66,1,5,False,1000,1000
9749,124,weighted,10,0.214968152866242,0,20,None,66,1,5,False,1000,1000
9750,120,weighted,10,0.205812101910828,0,1,None,66,1,5,False,1000,1000
9751,121,weighted,10,0.2094944267515923,0,1,None,66,1,5,False,1000,1000
9752,122,weighted,10,0.2125796178343949,0,1,None,66,1,5,False,1000,1000
9753,123,weighted,10,0.2157643312101911,0,1,None,66,1,5,False,1000,1000
9754,124,weighted,10,0.2360668789808917,0,1,None,66,1,5,False,1000,1000
9755,120,weighted,10,0.2126791401273885,0,2,None,66,1,5,False,1000,1000
9756,121,weighted,10,0.2438296178343949,0,2,None,66,1,5,False,1000,1000
9757,122,weighted,10,0.2544785031847134,0,2,None,66,1,5,False,1000,1000
9758,123,weighted,10,0.219546178343949,0,2,None,66,1,5,False,1000,1000
9759,124,weighted,10,0.2210390127388535,0,2,None,66,1,5,False,1000,1000
9760,120,weighted,10,0.211186305732484,0,4,None,66,1,5,False,1000,1000
9761,121,weighted,10,0.2148686305732484,0,4,None,66,1,5,False,1000,1000
9762,122,weighted,10,0.2193471337579617,0,4,None,66,1,5,False,1000,1000
9763,123,weighted,10,0.2226313694267516,0,4,None,66,1,5,False,1000,1000
9764,124,weighted,10,0.2269108280254777,0,4,None,66,1,5,False,1000,1000
9765,120,weighted,10,0.2147691082802547,0,21,None,66,1,5,False,1000,1000
9766,121,weighted,10,0.2190485668789809,0,21,None,66,1,5,False,1000,1000
9767,122,weighted,10,0.2638335987261146,0,21,None,66,1,5,False,1000,1000
9768,123,weighted,10,0.2357683121019108,0,21,None,66,1,5,False,1000,1000
9769,124,weighted,10,0.2026273885350318,0,21,None,66,1,5,False,1000,1000
9770,120,weighted,10,0.2157643312101911,0,23,None,66,1,5,False,1000,1000
9771,121,weighted,10,0.2236265923566879,0,23,None,66,1,5,False,1000,1000
9772,122,weighted,10,0.2309912420382165,0,23,None,66,1,5,False,1000,1000
9773,123,weighted,10,0.2372611464968153,0,23,None,66,1,5,False,1000,1000
9774,124,weighted,10,0.2576632165605095,0,23,None,66,1,5,False,1000,1000
9775,120,weighted,10,0.2649283439490446,0,27,None,66,1,5,False,1000,1000
9776,121,weighted,10,0.243531050955414,0,27,None,66,1,5,False,1000,1000
9777,122,weighted,10,0.237858280254777,0,27,None,66,1,5,False,1000,1000
9778,123,weighted,10,0.2614450636942675,0,27,None,66,1,5,False,1000,1000
9779,124,weighted,10,0.287718949044586,0,27,None,66,1,5,False,1000,1000
9780,120,weighted,10,0.211186305732484,0,5,None,66,1,5,False,1000,1000
9781,121,weighted,10,0.2159633757961783,0,5,None,66,1,5,False,1000,1000
9782,122,weighted,10,0.2207404458598726,0,5,None,66,1,5,False,1000,1000
9783,123,weighted,10,0.2225318471337579,0,5,None,66,1,5,False,1000,1000
9784,124,weighted,10,0.2244227707006369,0,5,None,66,1,5,False,1000,1000
9785,120,weighted,10,0.2098925159235669,0,16,None,66,1,5,False,1000,1000
9786,121,weighted,10,0.2151671974522293,0,16,None,66,1,5,False,1000,1000
9787,122,weighted,10,0.2300955414012739,0,16,None,66,1,5,False,1000,1000
9788,123,weighted,10,0.2693073248407643,0,16,None,66,1,5,False,1000,1000
9789,124,weighted,10,0.3101114649681528,0,16,None,66,1,5,False,1000,1000
9790,120,weighted,10,0.248109076433121,0,32,None,66,1,5,False,1000,1000
9791,121,weighted,10,0.2484076433121019,0,32,None,66,1,5,False,1000,1000
9792,122,weighted,10,0.2477109872611465,0,32,None,66,1,5,False,1000,1000
9793,123,weighted,10,0.2456210191082802,0,32,None,66,1,5,False,1000,1000
9794,124,weighted,10,0.2440286624203821,0,32,None,66,1,5,False,1000,1000
9795,120,weighted,10,0.2247213375796178,0,7,None,66,1,5,False,1000,1000
9796,121,weighted,10,0.2487062101910828,0,7,None,66,1,5,False,1000,1000
9797,122,weighted,10,0.3200636942675159,0,7,None,66,1,5,False,1000,1000
9798,123,weighted,10,0.335390127388535,0,7,None,66,1,5,False,1000,1000
9799,124,weighted,10,0.3382762738853503,0,7,None,66,1,5,False,1000,1000
9800,120,weighted,10,0.2082006369426751,0,9,None,66,1,5,False,1000,1000
9801,121,weighted,10,0.2151671974522293,0,9,None,66,1,5,False,1000,1000
9802,122,weighted,10,0.2245222929936305,0,9,None,66,1,5,False,1000,1000
9803,123,weighted,10,0.24890525477707,0,9,None,66,1,5,False,1000,1000
9804,124,weighted,10,0.2617436305732484,0,9,None,66,1,5,False,1000,1000
9805,120,weighted,10,0.2535828025477707,0,14,None,66,1,5,False,1000,1000
9806,121,weighted,10,0.2127786624203821,0,14,None,66,1,5,False,1000,1000
9807,122,weighted,10,0.2173566878980891,0,14,None,66,1,5,False,1000,1000
9808,123,weighted,10,0.2194466560509554,0,14,None,66,1,5,False,1000,1000
9809,124,weighted,10,0.2227308917197452,0,14,None,66,1,5,False,1000,1000
9810,120,weighted,10,0.2107882165605095,0,29,None,66,1,5,False,1000,1000
9811,121,weighted,10,0.2151671974522293,0,29,None,66,1,5,False,1000,1000
9812,122,weighted,10,0.2243232484076433,0,29,None,66,1,5,False,1000,1000
9813,123,weighted,10,0.2644307324840764,0,29,None,66,1,5,False,1000,1000
9814,124,weighted,10,0.3070262738853503,0,29,None,66,1,5,False,1000,1000
9815,120,weighted,10,0.2089968152866242,0,15,None,66,1,5,False,1000,1000
9816,121,weighted,10,0.2179538216560509,0,15,None,66,1,5,False,1000,1000
9817,122,weighted,10,0.2750796178343949,0,15,None,66,1,5,False,1000,1000
9818,123,weighted,10,0.2893113057324841,0,15,None,66,1,5,False,1000,1000
9819,124,weighted,10,0.2862261146496815,0,15,None,66,1,5,False,1000,1000
9820,120,weighted,10,0.2074044585987261,0,10,None,66,1,5,False,1000,1000
9821,121,weighted,10,0.2117834394904458,0,10,None,66,1,5,False,1000,1000
9822,122,weighted,10,0.2169585987261146,0,10,None,66,1,5,False,1000,1000
9823,123,weighted,10,0.2338773885350318,0,10,None,66,1,5,False,1000,1000
9824,124,weighted,10,0.2685111464968153,0,10,None,66,1,5,False,1000,1000
9825,120,weighted,10,0.2169585987261146,0,6,None,66,1,5,False,1000,1000
9826,121,weighted,10,0.2107882165605095,0,6,None,66,1,5,False,1000,1000
9827,122,weighted,10,0.2146695859872611,0,6,None,66,1,5,False,1000,1000
9828,123,weighted,10,0.2179538216560509,0,6,None,66,1,5,False,1000,1000
9829,124,weighted,10,0.2242237261146497,0,6,None,66,1,5,False,1000,1000
9830,120,weighted,10,0.2069068471337579,0,13,None,66,1,5,False,1000,1000
9831,121,weighted,10,0.2099920382165605,0,13,None,66,1,5,False,1000,1000
9832,122,weighted,10,0.2116839171974522,0,13,None,66,1,5,False,1000,1000
9833,123,weighted,10,0.2139729299363057,0,13,None,66,1,5,False,1000,1000
9834,124,weighted,10,0.2155652866242038,0,13,None,66,1,5,False,1000,1000
9835,120,weighted,10,0.211186305732484,0,12,None,66,1,5,False,1000,1000
9836,121,weighted,10,0.2160628980891719,0,12,None,66,1,5,False,1000,1000
9837,122,weighted,10,0.224124203821656,0,12,None,66,1,5,False,1000,1000
9838,123,weighted,10,0.2357683121019108,0,12,None,66,1,5,False,1000,1000
9839,124,weighted,10,0.2573646496815286,0,12,None,66,1,5,False,1000,1000
9840,120,weighted,10,0.2213375796178344,0,25,None,66,1,5,False,1000,1000
9841,121,weighted,10,0.2294984076433121,0,25,None,66,1,5,False,1000,1000
9842,122,weighted,10,0.2383558917197452,0,25,None,66,1,5,False,1000,1000
9843,123,weighted,10,0.2453224522292993,0,25,None,66,1,5,False,1000,1000
9844,124,weighted,10,0.2475119426751592,0,25,None,66,1,5,False,1000,1000
9845,120,weighted,10,0.2152667197452229,0,26,None,66,1,5,False,1000,1000
9846,121,weighted,10,0.2909036624203822,0,26,None,66,1,5,False,1000,1000
9847,122,weighted,10,0.2644307324840764,0,26,None,66,1,5,False,1000,1000
9848,123,weighted,10,0.2506966560509554,0,26,None,66,1,5,False,1000,1000
9849,124,weighted,10,0.2945859872611465,0,26,None,66,1,5,False,1000,1000
9850,120,weighted,10,0.2146695859872611,0,11,None,66,1,5,False,1000,1000
9851,121,weighted,10,0.2302945859872611,0,11,None,66,1,5,False,1000,1000
9852,122,weighted,10,0.2658240445859872,0,11,None,66,1,5,False,1000,1000
9853,123,weighted,10,0.2916998407643312,0,11,None,66,1,5,False,1000,1000
9854,124,weighted,10,0.2868232484076433,0,11,None,66,1,5,False,1000,1000
9855,120,weighted,10,0.2088972929936305,0,17,None,66,1,5,False,1000,1000
9856,121,weighted,10,0.2123805732484076,0,17,None,66,1,5,False,1000,1000
9857,122,weighted,10,0.2158638535031847,0,17,None,66,1,5,False,1000,1000
9858,123,weighted,10,0.2212380573248407,0,17,None,66,1,5,False,1000,1000
9859,124,weighted,10,0.2238256369426751,0,17,None,66,1,5,False,1000,1000
9860,120,weighted,10,0.2429339171974522,0,24,None,66,1,5,False,1000,1000
9861,121,weighted,10,0.2623407643312102,0,24,None,66,1,5,False,1000,1000
9862,122,weighted,10,0.2773686305732484,0,24,None,66,1,5,False,1000,1000
9863,123,weighted,10,0.2961783439490446,0,24,None,66,1,5,False,1000,1000
9864,124,weighted,10,0.3080214968152866,0,24,None,66,1,5,False,1000,1000
9865,120,weighted,10,0.2237261146496815,0,18,None,66,1,5,False,1000,1000
9866,121,weighted,10,0.2523885350318471,0,18,None,66,1,5,False,1000,1000
9867,122,weighted,10,0.2281050955414012,0,18,None,66,1,5,False,1000,1000
9868,123,weighted,10,0.223328025477707,0,18,None,66,1,5,False,1000,1000
9869,124,weighted,10,0.2266122611464968,0,18,None,66,1,5,False,1000,1000
9870,120,weighted,10,0.2145700636942675,0,19,None,66,1,5,False,1000,1000
9871,121,weighted,10,0.2556727707006369,0,19,None,66,1,5,False,1000,1000
9872,122,weighted,10,0.2759753184713376,0,19,None,66,1,5,False,1000,1000
9873,123,weighted,10,0.2574641719745223,0,19,None,66,1,5,False,1000,1000
9874,124,weighted,10,0.2296974522292993,0,19,None,66,1,5,False,1000,1000
9875,120,weighted,10,0.2246218152866242,0,8,None,66,1,5,False,1000,1000
9876,121,weighted,10,0.2368630573248407,0,8,None,66,1,5,False,1000,1000
9877,122,weighted,10,0.285828025477707,0,8,None,66,1,5,False,1000,1000
9878,123,weighted,10,0.301453025477707,0,8,None,66,1,5,False,1000,1000
9879,124,weighted,10,0.2870222929936306,0,8,None,66,1,5,False,1000,1000
9880,120,weighted,10,0.1953622611464968,0,31,None,66,1,5,False,1000,1000
9881,121,weighted,10,0.1970541401273885,0,31,None,66,1,5,False,1000,1000
9882,122,weighted,10,0.198546974522293,0,31,None,66,1,5,False,1000,1000
9883,123,weighted,10,0.2034235668789809,0,31,None,66,1,5,False,1000,1000
9884,124,weighted,10,0.2068073248407643,0,31,None,66,1,5,False,1000,1000
9885,120,weighted,10,0.2173566878980891,0,3,None,66,1,5,False,1000,1000
9886,121,weighted,10,0.2822452229299363,0,3,None,66,1,5,False,1000,1000
9887,122,weighted,10,0.2638335987261146,0,3,None,66,1,5,False,1000,1000
9888,123,weighted,10,0.2514928343949044,0,3,None,66,1,5,False,1000,1000
9889,124,weighted,10,0.2542794585987261,0,3,None,66,1,5,False,1000,1000
9890,120,weighted,10,0.212281050955414,0,28,None,66,1,5,False,1000,1000
9891,121,weighted,10,0.2170581210191083,0,28,None,66,1,5,False,1000,1000
9892,122,weighted,10,0.2232285031847133,0,28,None,66,1,5,False,1000,1000
9893,123,weighted,10,0.2282046178343949,0,28,None,66,1,5,False,1000,1000
9894,124,weighted,10,0.2361664012738853,0,28,None,66,1,5,False,1000,1000
9895,120,weighted,10,0.267515923566879,0,0,None,66,1,5,False,1000,1000
9896,121,weighted,10,0.2156648089171974,0,0,None,66,1,5,False,1000,1000
9897,122,weighted,10,0.2201433121019108,0,0,None,66,1,5,False,1000,1000
9898,123,weighted,10,0.2228304140127388,0,0,None,66,1,5,False,1000,1000
9899,124,weighted,10,0.2278065286624203,0,0,None,66,1,5,False,1000,1000
9900,125,weighted,10,0.2284036624203821,0,14,None,66,1,5,False,1000,1000
9901,126,weighted,10,0.235171178343949,0,14,None,66,1,5,False,1000,1000
9902,127,weighted,10,0.2546775477707006,0,14,None,66,1,5,False,1000,1000
9903,128,weighted,10,0.292296974522293,0,14,None,66,1,5,False,1000,1000
9904,129,weighted,10,0.3078224522292994,0,14,None,66,1,5,False,1000,1000
9905,125,weighted,10,0.2342754777070063,0,25,None,66,1,5,False,1000,1000
9906,126,weighted,10,0.2390525477707006,0,25,None,66,1,5,False,1000,1000
9907,127,weighted,10,0.2463176751592356,0,25,None,66,1,5,False,1000,1000
9908,128,weighted,10,0.2845342356687898,0,25,None,66,1,5,False,1000,1000
9909,129,weighted,10,0.3117038216560509,0,25,None,66,1,5,False,1000,1000
9910,125,weighted,10,0.2741839171974522,0,26,None,66,1,5,False,1000,1000
9911,126,weighted,10,0.2981687898089172,0,26,None,66,1,5,False,1000,1000
9912,127,weighted,10,0.2619426751592357,0,26,None,66,1,5,False,1000,1000
9913,128,weighted,10,0.2693073248407643,0,26,None,66,1,5,False,1000,1000
9914,129,weighted,10,0.2863256369426751,0,26,None,66,1,5,False,1000,1000
9915,125,weighted,10,0.2606488853503185,0,1,None,66,1,5,False,1000,1000
9916,126,weighted,10,0.2607484076433121,0,1,None,66,1,5,False,1000,1000
9917,127,weighted,10,0.2172571656050955,0,1,None,66,1,5,False,1000,1000
9918,128,weighted,10,0.2143710191082802,0,1,None,66,1,5,False,1000,1000
9919,129,weighted,10,0.2165605095541401,0,1,None,66,1,5,False,1000,1000
9920,125,weighted,10,0.2961783439490446,0,2,None,66,1,5,False,1000,1000
9921,126,weighted,10,0.258359872611465,0,2,None,66,1,5,False,1000,1000
9922,127,weighted,10,0.2624402866242038,0,2,None,66,1,5,False,1000,1000
9923,128,weighted,10,0.333499203821656,0,2,None,66,1,5,False,1000,1000
9924,129,weighted,10,0.3039410828025478,0,2,None,66,1,5,False,1000,1000
9925,125,weighted,10,0.3025477707006369,0,11,None,66,1,5,False,1000,1000
9926,126,weighted,10,0.2988654458598726,0,11,None,66,1,5,False,1000,1000
9927,127,weighted,10,0.3415605095541401,0,11,None,66,1,5,False,1000,1000
9928,128,weighted,10,0.3384753184713376,0,11,None,66,1,5,False,1000,1000
9929,129,weighted,10,0.3074243630573248,0,11,None,66,1,5,False,1000,1000
9930,125,weighted,10,0.2972730891719745,0,7,None,66,1,5,False,1000,1000
9931,126,weighted,10,0.3603702229299363,0,7,None,66,1,5,False,1000,1000
9932,127,weighted,10,0.362062101910828,0,7,None,66,1,5,False,1000,1000
9933,128,weighted,10,0.3228503184713376,0,7,None,66,1,5,False,1000,1000
9934,129,weighted,10,0.3135947452229299,0,7,None,66,1,5,False,1000,1000
9935,125,weighted,10,0.2857285031847134,0,15,None,66,1,5,False,1000,1000
9936,126,weighted,10,0.2853304140127388,0,15,None,66,1,5,False,1000,1000
9937,127,weighted,10,0.3312101910828025,0,15,None,66,1,5,False,1000,1000
9938,128,weighted,10,0.323546974522293,0,15,None,66,1,5,False,1000,1000
9939,129,weighted,10,0.293093152866242,0,15,None,66,1,5,False,1000,1000
9940,125,weighted,10,0.3016520700636942,0,28,None,66,1,5,False,1000,1000
9941,126,weighted,10,0.3499203821656051,0,28,None,66,1,5,False,1000,1000
9942,127,weighted,10,0.3088176751592357,0,28,None,66,1,5,False,1000,1000
9943,128,weighted,10,0.2905055732484076,0,28,None,66,1,5,False,1000,1000
9944,129,weighted,10,0.2929936305732484,0,28,None,66,1,5,False,1000,1000
9945,125,weighted,10,0.2354697452229299,0,17,None,66,1,5,False,1000,1000
9946,126,weighted,10,0.2475119426751592,0,17,None,66,1,5,False,1000,1000
9947,127,weighted,10,0.3046377388535032,0,17,None,66,1,5,False,1000,1000
9948,128,weighted,10,0.2771695859872611,0,17,None,66,1,5,False,1000,1000
9949,129,weighted,10,0.2811504777070063,0,17,None,66,1,5,False,1000,1000
9950,125,weighted,10,0.224124203821656,0,5,None,66,1,5,False,1000,1000
9951,126,weighted,10,0.2371616242038216,0,5,None,66,1,5,False,1000,1000
9952,127,weighted,10,0.28125,0,5,None,66,1,5,False,1000,1000
9953,128,weighted,10,0.2345740445859872,0,5,None,66,1,5,False,1000,1000
9954,129,weighted,10,0.2322850318471337,0,5,None,66,1,5,False,1000,1000
9955,125,weighted,10,0.2325835987261146,0,6,None,66,1,5,False,1000,1000
9956,126,weighted,10,0.2822452229299363,0,6,None,66,1,5,False,1000,1000
9957,127,weighted,10,0.2357683121019108,0,6,None,66,1,5,False,1000,1000
9958,128,weighted,10,0.2146695859872611,0,6,None,66,1,5,False,1000,1000
9959,129,weighted,10,0.2164609872611465,0,6,None,66,1,5,False,1000,1000
9960,125,weighted,10,0.2624402866242038,0,8,None,66,1,5,False,1000,1000
9961,126,weighted,10,0.2452229299363057,0,8,None,66,1,5,False,1000,1000
9962,127,weighted,10,0.26453025477707,0,8,None,66,1,5,False,1000,1000
9963,128,weighted,10,0.2802547770700637,0,8,None,66,1,5,False,1000,1000
9964,129,weighted,10,0.2894108280254777,0,8,None,66,1,5,False,1000,1000
9965,125,weighted,10,0.2674164012738853,0,3,None,66,1,5,False,1000,1000
9966,126,weighted,10,0.2772691082802547,0,3,None,66,1,5,False,1000,1000
9967,127,weighted,10,0.2926950636942675,0,3,None,66,1,5,False,1000,1000
9968,128,weighted,10,0.3072253184713376,0,3,None,66,1,5,False,1000,1000
9969,129,weighted,10,0.3203622611464968,0,3,None,66,1,5,False,1000,1000
9970,125,weighted,10,0.2606488853503185,0,10,None,66,1,5,False,1000,1000
9971,126,weighted,10,0.3100119426751592,0,10,None,66,1,5,False,1000,1000
9972,127,weighted,10,0.3150875796178344,0,10,None,66,1,5,False,1000,1000
9973,128,weighted,10,0.3825636942675159,0,10,None,66,1,5,False,1000,1000
9974,129,weighted,10,0.3463375796178344,0,10,None,66,1,5,False,1000,1000
9975,125,weighted,10,0.2744824840764331,0,20,None,66,1,5,False,1000,1000
9976,126,weighted,10,0.2630374203821656,0,20,None,66,1,5,False,1000,1000
9977,127,weighted,10,0.293889331210191,0,20,None,66,1,5,False,1000,1000
9978,128,weighted,10,0.3394705414012738,0,20,None,66,1,5,False,1000,1000
9979,129,weighted,10,0.4138136942675159,0,20,None,66,1,5,False,1000,1000
9980,125,weighted,10,0.2438296178343949,0,22,None,66,1,5,False,1000,1000
9981,126,weighted,10,0.213077229299363,0,22,None,66,1,5,False,1000,1000
9982,127,weighted,10,0.2159633757961783,0,22,None,66,1,5,False,1000,1000
9983,128,weighted,10,0.2265127388535031,0,22,None,66,1,5,False,1000,1000
9984,129,weighted,10,0.2488057324840764,0,22,None,66,1,5,False,1000,1000
9985,125,weighted,10,0.2539808917197452,0,23,None,66,1,5,False,1000,1000
9986,126,weighted,10,0.286624203821656,0,23,None,66,1,5,False,1000,1000
9987,127,weighted,10,0.2363654458598726,0,23,None,66,1,5,False,1000,1000
9988,128,weighted,10,0.2314888535031847,0,23,None,66,1,5,False,1000,1000
9989,129,weighted,10,0.237062101910828,0,23,None,66,1,5,False,1000,1000
9990,125,weighted,10,0.2910031847133758,0,32,None,66,1,5,False,1000,1000
9991,126,weighted,10,0.3248407643312102,0,32,None,66,1,5,False,1000,1000
9992,127,weighted,10,0.3496218152866242,0,32,None,66,1,5,False,1000,1000
9993,128,weighted,10,0.3062300955414013,0,32,None,66,1,5,False,1000,1000
9994,129,weighted,10,0.2876194267515923,0,32,None,66,1,5,False,1000,1000
9995,125,weighted,10,0.2295979299363057,0,4,None,66,1,5,False,1000,1000
9996,126,weighted,10,0.2827428343949044,0,4,None,66,1,5,False,1000,1000
9997,127,weighted,10,0.2456210191082802,0,4,None,66,1,5,False,1000,1000
9998,128,weighted,10,0.2221337579617834,0,4,None,66,1,5,False,1000,1000
9999,129,weighted,10,0.258359872611465,0,4,None,66,1,5,False,1000,1000
10000,125,weighted,10,0.2331807324840764,0,0,None,66,1,5,False,1000,1000
10001,126,weighted,10,0.2532842356687898,0,0,None,66,1,5,False,1000,1000
10002,127,weighted,10,0.3057324840764331,0,0,None,66,1,5,False,1000,1000
10003,128,weighted,10,0.2811504777070063,0,0,None,66,1,5,False,1000,1000
10004,129,weighted,10,0.2791600318471338,0,0,None,66,1,5,False,1000,1000
10005,125,weighted,10,0.2814490445859872,0,16,None,66,1,5,False,1000,1000
10006,126,weighted,10,0.2355692675159235,0,16,None,66,1,5,False,1000,1000
10007,127,weighted,10,0.2209394904458598,0,16,None,66,1,5,False,1000,1000
10008,128,weighted,10,0.2285031847133758,0,16,None,66,1,5,False,1000,1000
10009,129,weighted,10,0.288515127388535,0,16,None,66,1,5,False,1000,1000
10010,125,weighted,10,0.2665207006369426,0,18,None,66,1,5,False,1000,1000
10011,126,weighted,10,0.2888136942675159,0,18,None,66,1,5,False,1000,1000
10012,127,weighted,10,0.2845342356687898,0,18,None,66,1,5,False,1000,1000
10013,128,weighted,10,0.2688097133757962,0,18,None,66,1,5,False,1000,1000
10014,129,weighted,10,0.2850318471337579,0,18,None,66,1,5,False,1000,1000
10015,125,weighted,10,0.2360668789808917,0,19,None,66,1,5,False,1000,1000
10016,126,weighted,10,0.2137738853503184,0,19,None,66,1,5,False,1000,1000
10017,127,weighted,10,0.2138734076433121,0,19,None,66,1,5,False,1000,1000
10018,128,weighted,10,0.2150676751592356,0,19,None,66,1,5,False,1000,1000
10019,129,weighted,10,0.2198447452229299,0,19,None,66,1,5,False,1000,1000
10020,125,weighted,10,0.2961783439490446,0,12,None,66,1,5,False,1000,1000
10021,126,weighted,10,0.3287221337579618,0,12,None,66,1,5,False,1000,1000
10022,127,weighted,10,0.3799761146496815,0,12,None,66,1,5,False,1000,1000
10023,128,weighted,10,0.330812101910828,0,12,None,66,1,5,False,1000,1000
10024,129,weighted,10,0.3193670382165605,0,12,None,66,1,5,False,1000,1000
10025,125,weighted,10,0.2211385350318471,0,13,None,66,1,5,False,1000,1000
10026,126,weighted,10,0.2235270700636942,0,13,None,66,1,5,False,1000,1000
10027,127,weighted,10,0.2270103503184713,0,13,None,66,1,5,False,1000,1000
10028,128,weighted,10,0.2685111464968153,0,13,None,66,1,5,False,1000,1000
10029,129,weighted,10,0.2867237261146497,0,13,None,66,1,5,False,1000,1000
10030,125,weighted,10,0.2165605095541401,0,21,None,66,1,5,False,1000,1000
10031,126,weighted,10,0.2114848726114649,0,21,None,66,1,5,False,1000,1000
10032,127,weighted,10,0.2245222929936305,0,21,None,66,1,5,False,1000,1000
10033,128,weighted,10,0.2504976114649681,0,21,None,66,1,5,False,1000,1000
10034,129,weighted,10,0.272093949044586,0,21,None,66,1,5,False,1000,1000
10035,125,weighted,10,0.2603503184713376,0,27,None,66,1,5,False,1000,1000
10036,126,weighted,10,0.2789609872611465,0,27,None,66,1,5,False,1000,1000
10037,127,weighted,10,0.2887141719745223,0,27,None,66,1,5,False,1000,1000
10038,128,weighted,10,0.3101114649681528,0,27,None,66,1,5,False,1000,1000
10039,129,weighted,10,0.3509156050955414,0,27,None,66,1,5,False,1000,1000
10040,125,weighted,10,0.3019506369426751,0,24,None,66,1,5,False,1000,1000
10041,126,weighted,10,0.3056329617834395,0,24,None,66,1,5,False,1000,1000
10042,127,weighted,10,0.2823447452229299,0,24,None,66,1,5,False,1000,1000
10043,128,weighted,10,0.2916003184713376,0,24,None,66,1,5,False,1000,1000
10044,129,weighted,10,0.300358280254777,0,24,None,66,1,5,False,1000,1000
10045,125,weighted,10,0.2695063694267516,0,30,None,66,1,5,False,1000,1000
10046,126,weighted,10,0.2975716560509554,0,30,None,66,1,5,False,1000,1000
10047,127,weighted,10,0.3252388535031847,0,30,None,66,1,5,False,1000,1000
10048,128,weighted,10,0.3688296178343949,0,30,None,66,1,5,False,1000,1000
10049,129,weighted,10,0.3275278662420382,0,30,None,66,1,5,False,1000,1000
10050,125,weighted,10,0.2288017515923567,0,31,None,66,1,5,False,1000,1000
10051,126,weighted,10,0.2655254777070063,0,31,None,66,1,5,False,1000,1000
10052,127,weighted,10,0.288515127388535,0,31,None,66,1,5,False,1000,1000
10053,128,weighted,10,0.2784633757961783,0,31,None,66,1,5,False,1000,1000
10054,129,weighted,10,0.2570660828025478,0,31,None,66,1,5,False,1000,1000
10055,125,weighted,10,0.2958797770700637,0,29,None,66,1,5,False,1000,1000
10056,126,weighted,10,0.3479299363057325,0,29,None,66,1,5,False,1000,1000
10057,127,weighted,10,0.3682324840764331,0,29,None,66,1,5,False,1000,1000
10058,128,weighted,10,0.3237460191082802,0,29,None,66,1,5,False,1000,1000
10059,129,weighted,10,0.318968949044586,0,29,None,66,1,5,False,1000,1000
10060,125,weighted,10,0.2274084394904458,0,9,None,66,1,5,False,1000,1000
10061,126,weighted,10,0.2344745222929936,0,9,None,66,1,5,False,1000,1000
10062,127,weighted,10,0.2889132165605095,0,9,None,66,1,5,False,1000,1000
10063,128,weighted,10,0.2632364649681528,0,9,None,66,1,5,False,1000,1000
10064,129,weighted,10,0.2718949044585987,0,9,None,66,1,5,False,1000,1000
13530,130,weighted,10,0.2696058917197452,0,5,None,66,1,5,False,1000,1000
13531,131,weighted,10,0.3169785031847134,0,5,None,66,1,5,False,1000,1000
13532,132,weighted,10,0.3734076433121019,0,5,None,66,1,5,False,1000,1000
13533,133,weighted,10,0.395203025477707,0,5,None,66,1,5,False,1000,1000
13534,134,weighted,10,0.4074442675159235,0,5,None,66,1,5,False,1000,1000
13535,130,weighted,10,0.2542794585987261,0,13,None,66,1,5,False,1000,1000
13536,131,weighted,10,0.3001592356687898,0,13,None,66,1,5,False,1000,1000
13537,132,weighted,10,0.3538017515923566,0,13,None,66,1,5,False,1000,1000
13538,133,weighted,10,0.3808718152866242,0,13,None,66,1,5,False,1000,1000
13539,134,weighted,10,0.3987858280254777,0,13,None,66,1,5,False,1000,1000
13540,130,weighted,10,0.3115047770700637,0,16,None,66,1,5,False,1000,1000
13541,131,weighted,10,0.3113057324840764,0,16,None,66,1,5,False,1000,1000
13542,132,weighted,10,0.3153861464968153,0,16,None,66,1,5,False,1000,1000
13543,133,weighted,10,0.3230493630573248,0,16,None,66,1,5,False,1000,1000
13544,134,weighted,10,0.3310111464968153,0,16,None,66,1,5,False,1000,1000
13545,130,weighted,10,0.2974721337579618,0,8,None,66,1,5,False,1000,1000
13546,131,weighted,10,0.3167794585987261,0,8,None,66,1,5,False,1000,1000
13547,132,weighted,10,0.3745023885350318,0,8,None,66,1,5,False,1000,1000
13548,133,weighted,10,0.3858479299363057,0,8,None,66,1,5,False,1000,1000
13549,134,weighted,10,0.3885350318471338,0,8,None,66,1,5,False,1000,1000
13550,130,weighted,10,0.3607683121019108,0,20,None,66,1,5,False,1000,1000
13551,131,weighted,10,0.3477308917197452,0,20,None,66,1,5,False,1000,1000
13552,132,weighted,10,0.3435509554140127,0,20,None,66,1,5,False,1000,1000
13553,133,weighted,10,0.3469347133757962,0,20,None,66,1,5,False,1000,1000
13554,134,weighted,10,0.3558917197452229,0,20,None,66,1,5,False,1000,1000
13555,130,weighted,10,0.2292993630573248,0,19,None,66,1,5,False,1000,1000
13556,131,weighted,10,0.2409434713375796,0,19,None,66,1,5,False,1000,1000
13557,132,weighted,10,0.2576632165605095,0,19,None,66,1,5,False,1000,1000
13558,133,weighted,10,0.2735867834394904,0,19,None,66,1,5,False,1000,1000
13559,134,weighted,10,0.2936902866242038,0,19,None,66,1,5,False,1000,1000
13560,130,weighted,10,0.2632364649681528,0,14,None,66,1,5,False,1000,1000
13561,131,weighted,10,0.2854299363057325,0,14,None,66,1,5,False,1000,1000
13562,132,weighted,10,0.3149880573248407,0,14,None,66,1,5,False,1000,1000
13563,133,weighted,10,0.3778861464968153,0,14,None,66,1,5,False,1000,1000
13564,134,weighted,10,0.3641520700636942,0,14,None,66,1,5,False,1000,1000
13565,130,weighted,10,0.2681130573248407,0,22,None,66,1,5,False,1000,1000
13566,131,weighted,10,0.2763734076433121,0,22,None,66,1,5,False,1000,1000
13567,132,weighted,10,0.2998606687898089,0,22,None,66,1,5,False,1000,1000
13568,133,weighted,10,0.3723128980891719,0,22,None,66,1,5,False,1000,1000
13569,134,weighted,10,0.3908240445859872,0,22,None,66,1,5,False,1000,1000
13570,130,weighted,10,0.2952826433121019,0,23,None,66,1,5,False,1000,1000
13571,131,weighted,10,0.3269307324840764,0,23,None,66,1,5,False,1000,1000
13572,132,weighted,10,0.3414609872611465,0,23,None,66,1,5,False,1000,1000
13573,133,weighted,10,0.3509156050955414,0,23,None,66,1,5,False,1000,1000
13574,134,weighted,10,0.3583797770700637,0,23,None,66,1,5,False,1000,1000
13575,130,weighted,10,0.2934912420382166,0,21,None,66,1,5,False,1000,1000
13576,131,weighted,10,0.3614649681528662,0,21,None,66,1,5,False,1000,1000
13577,132,weighted,10,0.3649482484076433,0,21,None,66,1,5,False,1000,1000
13578,133,weighted,10,0.3636544585987261,0,21,None,66,1,5,False,1000,1000
13579,134,weighted,10,0.3657444267515923,0,21,None,66,1,5,False,1000,1000
13580,130,weighted,10,0.2767714968152866,0,25,None,66,1,5,False,1000,1000
13581,131,weighted,10,0.3104100318471338,0,25,None,66,1,5,False,1000,1000
13582,132,weighted,10,0.3392714968152866,0,25,None,66,1,5,False,1000,1000
13583,133,weighted,10,0.3696257961783439,0,25,None,66,1,5,False,1000,1000
13584,134,weighted,10,0.3962977707006369,0,25,None,66,1,5,False,1000,1000
13585,130,weighted,10,0.300358280254777,0,28,None,66,1,5,False,1000,1000
13586,131,weighted,10,0.3057324840764331,0,28,None,66,1,5,False,1000,1000
13587,132,weighted,10,0.3185708598726114,0,28,None,66,1,5,False,1000,1000
13588,133,weighted,10,0.369327229299363,0,28,None,66,1,5,False,1000,1000
13589,134,weighted,10,0.4098328025477707,0,28,None,66,1,5,False,1000,1000
13590,130,weighted,10,0.3183718152866242,0,29,None,66,1,5,False,1000,1000
13591,131,weighted,10,0.3350915605095541,0,29,None,66,1,5,False,1000,1000
13592,132,weighted,10,0.3324044585987261,0,29,None,66,1,5,False,1000,1000
13593,133,weighted,10,0.3470342356687898,0,29,None,66,1,5,False,1000,1000
13594,134,weighted,10,0.3559912420382166,0,29,None,66,1,5,False,1000,1000
13595,130,weighted,10,0.2869227707006369,0,9,None,66,1,5,False,1000,1000
13596,131,weighted,10,0.2960788216560509,0,9,None,66,1,5,False,1000,1000
13597,132,weighted,10,0.3369824840764331,0,9,None,66,1,5,False,1000,1000
13598,133,weighted,10,0.3830613057324841,0,9,None,66,1,5,False,1000,1000
13599,134,weighted,10,0.4017714968152866,0,9,None,66,1,5,False,1000,1000
13600,130,weighted,10,0.3056329617834395,0,30,None,66,1,5,False,1000,1000
13601,131,weighted,10,0.3071257961783439,0,30,None,66,1,5,False,1000,1000
13602,132,weighted,10,0.3125,0,30,None,66,1,5,False,1000,1000
13603,133,weighted,10,0.3207603503184713,0,30,None,66,1,5,False,1000,1000
13604,134,weighted,10,0.3285230891719745,0,30,None,66,1,5,False,1000,1000
13605,130,weighted,10,0.2901074840764331,0,27,None,66,1,5,False,1000,1000
13606,131,weighted,10,0.2978702229299363,0,27,None,66,1,5,False,1000,1000
13607,132,weighted,10,0.3137937898089172,0,27,None,66,1,5,False,1000,1000
13608,133,weighted,10,0.3753980891719745,0,27,None,66,1,5,False,1000,1000
13609,134,weighted,10,0.4111265923566879,0,27,None,66,1,5,False,1000,1000
13610,130,weighted,10,0.3034434713375796,0,18,None,66,1,5,False,1000,1000
13611,131,weighted,10,0.3211584394904458,0,18,None,66,1,5,False,1000,1000
13612,132,weighted,10,0.3863455414012738,0,18,None,66,1,5,False,1000,1000
13613,133,weighted,10,0.4066480891719745,0,18,None,66,1,5,False,1000,1000
13614,134,weighted,10,0.4071457006369426,0,18,None,66,1,5,False,1000,1000
13615,130,weighted,10,0.2180533439490445,0,31,None,66,1,5,False,1000,1000
13616,131,weighted,10,0.2208399681528662,0,31,None,66,1,5,False,1000,1000
13617,132,weighted,10,0.2282046178343949,0,31,None,66,1,5,False,1000,1000
13618,133,weighted,10,0.2607484076433121,0,31,None,66,1,5,False,1000,1000
13619,134,weighted,10,0.3351910828025478,0,31,None,66,1,5,False,1000,1000
13620,130,weighted,10,0.286624203821656,0,32,None,66,1,5,False,1000,1000
13621,131,weighted,10,0.2916998407643312,0,32,None,66,1,5,False,1000,1000
13622,132,weighted,10,0.2983678343949044,0,32,None,66,1,5,False,1000,1000
13623,133,weighted,10,0.3056329617834395,0,32,None,66,1,5,False,1000,1000
13624,134,weighted,10,0.3164808917197452,0,32,None,66,1,5,False,1000,1000
13625,130,weighted,10,0.3836584394904458,0,7,None,66,1,5,False,1000,1000
13626,131,weighted,10,0.3716162420382166,0,7,None,66,1,5,False,1000,1000
13627,132,weighted,10,0.3681329617834395,0,7,None,66,1,5,False,1000,1000
13628,133,weighted,10,0.3700238853503185,0,7,None,66,1,5,False,1000,1000
13629,134,weighted,10,0.3716162420382166,0,7,None,66,1,5,False,1000,1000
13630,130,weighted,10,0.2217356687898089,0,1,None,66,1,5,False,1000,1000
13631,131,weighted,10,0.2272093949044586,0,1,None,66,1,5,False,1000,1000
13632,132,weighted,10,0.2722929936305732,0,1,None,66,1,5,False,1000,1000
13633,133,weighted,10,0.3192675159235669,0,1,None,66,1,5,False,1000,1000
13634,134,weighted,10,0.3346934713375796,0,1,None,66,1,5,False,1000,1000
13635,130,weighted,10,0.3103105095541401,0,2,None,66,1,5,False,1000,1000
13636,131,weighted,10,0.3070262738853503,0,2,None,66,1,5,False,1000,1000
13637,132,weighted,10,0.3121019108280254,0,2,None,66,1,5,False,1000,1000
13638,133,weighted,10,0.3185708598726114,0,2,None,66,1,5,False,1000,1000
13639,134,weighted,10,0.328921178343949,0,2,None,66,1,5,False,1000,1000
13640,130,weighted,10,0.2870222929936306,0,0,None,66,1,5,False,1000,1000
13641,131,weighted,10,0.2959792993630573,0,0,None,66,1,5,False,1000,1000
13642,132,weighted,10,0.3056329617834395,0,0,None,66,1,5,False,1000,1000
13643,133,weighted,10,0.3379777070063694,0,0,None,66,1,5,False,1000,1000
13644,134,weighted,10,0.395203025477707,0,0,None,66,1,5,False,1000,1000
13645,130,weighted,10,0.2984673566878981,0,17,None,66,1,5,False,1000,1000
13646,131,weighted,10,0.3065286624203822,0,17,None,66,1,5,False,1000,1000
13647,132,weighted,10,0.3152866242038216,0,17,None,66,1,5,False,1000,1000
13648,133,weighted,10,0.3427547770700637,0,17,None,66,1,5,False,1000,1000
13649,134,weighted,10,0.4217754777070063,0,17,None,66,1,5,False,1000,1000
13650,130,weighted,10,0.3056329617834395,0,24,None,66,1,5,False,1000,1000
13651,131,weighted,10,0.3122014331210191,0,24,None,66,1,5,False,1000,1000
13652,132,weighted,10,0.3192675159235669,0,24,None,66,1,5,False,1000,1000
13653,133,weighted,10,0.326234076433121,0,24,None,66,1,5,False,1000,1000
13654,134,weighted,10,0.3338972929936306,0,24,None,66,1,5,False,1000,1000
13655,130,weighted,10,0.3148885350318471,0,12,None,66,1,5,False,1000,1000
13656,131,weighted,10,0.3229498407643312,0,12,None,66,1,5,False,1000,1000
13657,132,weighted,10,0.3301154458598726,0,12,None,66,1,5,False,1000,1000
13658,133,weighted,10,0.339968152866242,0,12,None,66,1,5,False,1000,1000
13659,134,weighted,10,0.3454418789808917,0,12,None,66,1,5,False,1000,1000
13660,130,weighted,10,0.2463176751592356,0,6,None,66,1,5,False,1000,1000
13661,131,weighted,10,0.2590565286624204,0,6,None,66,1,5,False,1000,1000
13662,132,weighted,10,0.2744824840764331,0,6,None,66,1,5,False,1000,1000
13663,133,weighted,10,0.2920979299363057,0,6,None,66,1,5,False,1000,1000
13664,134,weighted,10,0.3104100318471338,0,6,None,66,1,5,False,1000,1000
13665,130,weighted,10,0.3056329617834395,0,26,None,66,1,5,False,1000,1000
13666,131,weighted,10,0.3024482484076433,0,26,None,66,1,5,False,1000,1000
13667,132,weighted,10,0.3248407643312102,0,26,None,66,1,5,False,1000,1000
13668,133,weighted,10,0.3762937898089172,0,26,None,66,1,5,False,1000,1000
13669,134,weighted,10,0.4042595541401274,0,26,None,66,1,5,False,1000,1000
13670,130,weighted,10,0.3116042993630573,0,4,None,66,1,5,False,1000,1000
13671,131,weighted,10,0.3186703821656051,0,4,None,66,1,5,False,1000,1000
13672,132,weighted,10,0.3247412420382166,0,4,None,66,1,5,False,1000,1000
13673,133,weighted,10,0.330812101910828,0,4,None,66,1,5,False,1000,1000
13674,134,weighted,10,0.3386743630573248,0,4,None,66,1,5,False,1000,1000
13675,130,weighted,10,0.3209593949044586,0,3,None,66,1,5,False,1000,1000
13676,131,weighted,10,0.3454418789808917,0,3,None,66,1,5,False,1000,1000
13677,132,weighted,10,0.3804737261146497,0,3,None,66,1,5,False,1000,1000
13678,133,weighted,10,0.4536226114649681,0,3,None,66,1,5,False,1000,1000
13679,134,weighted,10,0.479796974522293,0,3,None,66,1,5,False,1000,1000
13680,130,weighted,10,0.3584792993630573,0,10,None,66,1,5,False,1000,1000
13681,131,weighted,10,0.3291202229299363,0,10,None,66,1,5,False,1000,1000
13682,132,weighted,10,0.3278264331210191,0,10,None,66,1,5,False,1000,1000
13683,133,weighted,10,0.3322054140127388,0,10,None,66,1,5,False,1000,1000
13684,134,weighted,10,0.3423566878980891,0,10,None,66,1,5,False,1000,1000
13685,130,weighted,10,0.3080214968152866,0,11,None,66,1,5,False,1000,1000
13686,131,weighted,10,0.3122014331210191,0,11,None,66,1,5,False,1000,1000
13687,132,weighted,10,0.3199641719745223,0,11,None,66,1,5,False,1000,1000
13688,133,weighted,10,0.330015923566879,0,11,None,66,1,5,False,1000,1000
13689,134,weighted,10,0.383359872611465,0,11,None,66,1,5,False,1000,1000
13690,130,weighted,10,0.2972730891719745,0,15,None,66,1,5,False,1000,1000
13691,131,weighted,10,0.3018511146496815,0,15,None,66,1,5,False,1000,1000
13692,132,weighted,10,0.3122014331210191,0,15,None,66,1,5,False,1000,1000
13693,133,weighted,10,0.3362858280254777,0,15,None,66,1,5,False,1000,1000
13694,134,weighted,10,0.395999203821656,0,15,None,66,1,5,False,1000,1000
13695,135,weighted,10,0.3370820063694267,0,30,None,66,1,5,False,1000,1000
13696,136,weighted,10,0.3417595541401274,0,30,None,66,1,5,False,1000,1000
13697,137,weighted,10,0.3469347133757962,0,30,None,66,1,5,False,1000,1000
13698,138,weighted,10,0.3505175159235669,0,30,None,66,1,5,False,1000,1000
13699,139,weighted,10,0.352906050955414,0,30,None,66,1,5,False,1000,1000
13700,135,weighted,10,0.3746019108280254,0,20,None,66,1,5,False,1000,1000
13701,136,weighted,10,0.383359872611465,0,20,None,66,1,5,False,1000,1000
13702,137,weighted,10,0.3944068471337579,0,20,None,66,1,5,False,1000,1000
13703,138,weighted,10,0.4083399681528662,0,20,None,66,1,5,False,1000,1000
13704,139,weighted,10,0.4175955414012738,0,20,None,66,1,5,False,1000,1000
13705,135,weighted,10,0.4099323248407643,0,22,None,66,1,5,False,1000,1000
13706,136,weighted,10,0.4138136942675159,0,22,None,66,1,5,False,1000,1000
13707,137,weighted,10,0.4151074840764331,0,22,None,66,1,5,False,1000,1000
13708,138,weighted,10,0.4201831210191082,0,22,None,66,1,5,False,1000,1000
13709,139,weighted,10,0.4259554140127388,0,22,None,66,1,5,False,1000,1000
13710,135,weighted,10,0.4076433121019108,0,2,None,66,1,5,False,1000,1000
13711,136,weighted,10,0.4120222929936306,0,2,None,66,1,5,False,1000,1000
13712,137,weighted,10,0.412718949044586,0,2,None,66,1,5,False,1000,1000
13713,138,weighted,10,0.411624203821656,0,2,None,66,1,5,False,1000,1000
13714,139,weighted,10,0.411624203821656,0,2,None,66,1,5,False,1000,1000
13715,135,weighted,10,0.3409633757961783,0,1,None,66,1,5,False,1000,1000
13716,136,weighted,10,0.3454418789808917,0,1,None,66,1,5,False,1000,1000
13717,137,weighted,10,0.3460390127388535,0,1,None,66,1,5,False,1000,1000
13718,138,weighted,10,0.3467356687898089,0,1,None,66,1,5,False,1000,1000
13719,139,weighted,10,0.3475318471337579,0,1,None,66,1,5,False,1000,1000
13720,135,weighted,10,0.4124203821656051,0,27,None,66,1,5,False,1000,1000
13721,136,weighted,10,0.43640525477707,0,27,None,66,1,5,False,1000,1000
13722,137,weighted,10,0.455812101910828,0,27,None,66,1,5,False,1000,1000
13723,138,weighted,10,0.4694466560509554,0,27,None,66,1,5,False,1000,1000
13724,139,weighted,10,0.4765127388535032,0,27,None,66,1,5,False,1000,1000
13725,135,weighted,10,0.3761942675159235,0,21,None,66,1,5,False,1000,1000
13726,136,weighted,10,0.3830613057324841,0,21,None,66,1,5,False,1000,1000
13727,137,weighted,10,0.3917197452229299,0,21,None,66,1,5,False,1000,1000
13728,138,weighted,10,0.4004777070063694,0,21,None,66,1,5,False,1000,1000
13729,139,weighted,10,0.4080414012738853,0,21,None,66,1,5,False,1000,1000
13730,135,weighted,10,0.4191878980891719,0,5,None,66,1,5,False,1000,1000
13731,136,weighted,10,0.4236664012738853,0,5,None,66,1,5,False,1000,1000
13732,137,weighted,10,0.4273487261146497,0,5,None,66,1,5,False,1000,1000
13733,138,weighted,10,0.4274482484076433,0,5,None,66,1,5,False,1000,1000
13734,139,weighted,10,0.4278463375796178,0,5,None,66,1,5,False,1000,1000
13735,135,weighted,10,0.3433519108280254,0,16,None,66,1,5,False,1000,1000
13736,136,weighted,10,0.3518113057324841,0,16,None,66,1,5,False,1000,1000
13737,137,weighted,10,0.3625597133757962,0,16,None,66,1,5,False,1000,1000
13738,138,weighted,10,0.3752985668789809,0,16,None,66,1,5,False,1000,1000
13739,139,weighted,10,0.3865445859872611,0,16,None,66,1,5,False,1000,1000
13740,135,weighted,10,0.4167993630573248,0,9,None,66,1,5,False,1000,1000
13741,136,weighted,10,0.4212778662420382,0,9,None,66,1,5,False,1000,1000
13742,137,weighted,10,0.4288415605095541,0,9,None,66,1,5,False,1000,1000
13743,138,weighted,10,0.4339171974522293,0,9,None,66,1,5,False,1000,1000
13744,139,weighted,10,0.4357085987261146,0,9,None,66,1,5,False,1000,1000
13745,135,weighted,10,0.4289410828025478,0,14,None,66,1,5,False,1000,1000
13746,136,weighted,10,0.4279458598726114,0,14,None,66,1,5,False,1000,1000
13747,137,weighted,10,0.416202229299363,0,14,None,66,1,5,False,1000,1000
13748,138,weighted,10,0.4023686305732484,0,14,None,66,1,5,False,1000,1000
13749,139,weighted,10,0.3981886942675159,0,14,None,66,1,5,False,1000,1000
13750,135,weighted,10,0.3608678343949044,0,29,None,66,1,5,False,1000,1000
13751,136,weighted,10,0.364749203821656,0,29,None,66,1,5,False,1000,1000
13752,137,weighted,10,0.3683320063694267,0,29,None,66,1,5,False,1000,1000
13753,138,weighted,10,0.3737062101910828,0,29,None,66,1,5,False,1000,1000
13754,139,weighted,10,0.3813694267515923,0,29,None,66,1,5,False,1000,1000
13755,135,weighted,10,0.4266520700636942,0,25,None,66,1,5,False,1000,1000
13756,136,weighted,10,0.4307324840764331,0,25,None,66,1,5,False,1000,1000
13757,137,weighted,10,0.4437699044585987,0,25,None,66,1,5,False,1000,1000
13758,138,weighted,10,0.458499203821656,0,25,None,66,1,5,False,1000,1000
13759,139,weighted,10,0.4713375796178344,0,25,None,66,1,5,False,1000,1000
13760,135,weighted,10,0.3338972929936306,0,6,None,66,1,5,False,1000,1000
13761,136,weighted,10,0.3460390127388535,0,6,None,66,1,5,False,1000,1000
13762,137,weighted,10,0.35828025477707,0,6,None,66,1,5,False,1000,1000
13763,138,weighted,10,0.3676353503184713,0,6,None,66,1,5,False,1000,1000
13764,139,weighted,10,0.3756966560509554,0,6,None,66,1,5,False,1000,1000
13765,135,weighted,10,0.415406050955414,0,26,None,66,1,5,False,1000,1000
13766,136,weighted,10,0.4224721337579618,0,26,None,66,1,5,False,1000,1000
13767,137,weighted,10,0.4255573248407643,0,26,None,66,1,5,False,1000,1000
13768,138,weighted,10,0.4284434713375796,0,26,None,66,1,5,False,1000,1000
13769,139,weighted,10,0.4303343949044586,0,26,None,66,1,5,False,1000,1000
13770,135,weighted,10,0.4093351910828025,0,15,None,66,1,5,False,1000,1000
13771,136,weighted,10,0.4137141719745223,0,15,None,66,1,5,False,1000,1000
13772,137,weighted,10,0.4164012738853503,0,15,None,66,1,5,False,1000,1000
13773,138,weighted,10,0.4181926751592357,0,15,None,66,1,5,False,1000,1000
13774,139,weighted,10,0.4203821656050955,0,15,None,66,1,5,False,1000,1000
13775,135,weighted,10,0.3607683121019108,0,10,None,66,1,5,False,1000,1000
13776,136,weighted,10,0.3653463375796178,0,10,None,66,1,5,False,1000,1000
13777,137,weighted,10,0.3745023885350318,0,10,None,66,1,5,False,1000,1000
13778,138,weighted,10,0.3837579617834395,0,10,None,66,1,5,False,1000,1000
13779,139,weighted,10,0.3928144904458598,0,10,None,66,1,5,False,1000,1000
13780,135,weighted,10,0.4126194267515923,0,11,None,66,1,5,False,1000,1000
13781,136,weighted,10,0.4152070063694267,0,11,None,66,1,5,False,1000,1000
13782,137,weighted,10,0.4167993630573248,0,11,None,66,1,5,False,1000,1000
13783,138,weighted,10,0.4166003184713376,0,11,None,66,1,5,False,1000,1000
13784,139,weighted,10,0.4216759554140127,0,11,None,66,1,5,False,1000,1000
13785,135,weighted,10,0.4397890127388535,0,17,None,66,1,5,False,1000,1000
13786,136,weighted,10,0.4463574840764331,0,17,None,66,1,5,False,1000,1000
13787,137,weighted,10,0.4473527070063694,0,17,None,66,1,5,False,1000,1000
13788,138,weighted,10,0.4454617834394904,0,17,None,66,1,5,False,1000,1000
13789,139,weighted,10,0.4440684713375796,0,17,None,66,1,5,False,1000,1000
13790,135,weighted,10,0.3368829617834395,0,24,None,66,1,5,False,1000,1000
13791,136,weighted,10,0.3460390127388535,0,24,None,66,1,5,False,1000,1000
13792,137,weighted,10,0.3530055732484076,0,24,None,66,1,5,False,1000,1000
13793,138,weighted,10,0.3600716560509554,0,24,None,66,1,5,False,1000,1000
13794,139,weighted,10,0.3661425159235669,0,24,None,66,1,5,False,1000,1000
13795,135,weighted,10,0.3870421974522293,0,8,None,66,1,5,False,1000,1000
13796,136,weighted,10,0.3897292993630573,0,8,None,66,1,5,False,1000,1000
13797,137,weighted,10,0.3942078025477707,0,8,None,66,1,5,False,1000,1000
13798,138,weighted,10,0.4007762738853503,0,8,None,66,1,5,False,1000,1000
13799,139,weighted,10,0.4079418789808917,0,8,None,66,1,5,False,1000,1000
13800,135,weighted,10,0.4033638535031847,0,18,None,66,1,5,False,1000,1000
13801,136,weighted,10,0.4136146496815286,0,18,None,66,1,5,False,1000,1000
13802,137,weighted,10,0.4379976114649681,0,18,None,66,1,5,False,1000,1000
13803,138,weighted,10,0.4644705414012738,0,18,None,66,1,5,False,1000,1000
13804,139,weighted,10,0.4643710191082802,0,18,None,66,1,5,False,1000,1000
13805,135,weighted,10,0.3490246815286624,0,31,None,66,1,5,False,1000,1000
13806,136,weighted,10,0.3855493630573248,0,31,None,66,1,5,False,1000,1000
13807,137,weighted,10,0.4151074840764331,0,31,None,66,1,5,False,1000,1000
13808,138,weighted,10,0.4223726114649681,0,31,None,66,1,5,False,1000,1000
13809,139,weighted,10,0.3990843949044586,0,31,None,66,1,5,False,1000,1000
13810,135,weighted,10,0.3410628980891719,0,19,None,66,1,5,False,1000,1000
13811,136,weighted,10,0.3785828025477707,0,19,None,66,1,5,False,1000,1000
13812,137,weighted,10,0.3890326433121019,0,19,None,66,1,5,False,1000,1000
13813,138,weighted,10,0.397093949044586,0,19,None,66,1,5,False,1000,1000
13814,139,weighted,10,0.3973925159235669,0,19,None,66,1,5,False,1000,1000
13815,135,weighted,10,0.4163017515923566,0,28,None,66,1,5,False,1000,1000
13816,136,weighted,10,0.419984076433121,0,28,None,66,1,5,False,1000,1000
13817,137,weighted,10,0.4232683121019108,0,28,None,66,1,5,False,1000,1000
13818,138,weighted,10,0.4247611464968153,0,28,None,66,1,5,False,1000,1000
13819,139,weighted,10,0.4285429936305732,0,28,None,66,1,5,False,1000,1000
13820,135,weighted,10,0.4576035031847134,0,3,None,66,1,5,False,1000,1000
13821,136,weighted,10,0.4725318471337579,0,3,None,66,1,5,False,1000,1000
13822,137,weighted,10,0.4570063694267516,0,3,None,66,1,5,False,1000,1000
13823,138,weighted,10,0.4567078025477707,0,3,None,66,1,5,False,1000,1000
13824,139,weighted,10,0.4581011146496815,0,3,None,66,1,5,False,1000,1000
13825,135,weighted,10,0.4110270700636942,0,13,None,66,1,5,False,1000,1000
13826,136,weighted,10,0.4179936305732484,0,13,None,66,1,5,False,1000,1000
13827,137,weighted,10,0.4224721337579618,0,13,None,66,1,5,False,1000,1000
13828,138,weighted,10,0.4267515923566879,0,13,None,66,1,5,False,1000,1000
13829,139,weighted,10,0.4301353503184713,0,13,None,66,1,5,False,1000,1000
13830,135,weighted,10,0.3493232484076433,0,12,None,66,1,5,False,1000,1000
13831,136,weighted,10,0.3535031847133758,0,12,None,66,1,5,False,1000,1000
13832,137,weighted,10,0.3571855095541401,0,12,None,66,1,5,False,1000,1000
13833,138,weighted,10,0.3640525477707006,0,12,None,66,1,5,False,1000,1000
13834,139,weighted,10,0.3724124203821656,0,12,None,66,1,5,False,1000,1000
13835,135,weighted,10,0.361265923566879,0,23,None,66,1,5,False,1000,1000
13836,136,weighted,10,0.3673367834394904,0,23,None,66,1,5,False,1000,1000
13837,137,weighted,10,0.3746019108280254,0,23,None,66,1,5,False,1000,1000
13838,138,weighted,10,0.3820660828025478,0,23,None,66,1,5,False,1000,1000
13839,139,weighted,10,0.3923168789808917,0,23,None,66,1,5,False,1000,1000
13840,135,weighted,10,0.4068471337579618,0,0,None,66,1,5,False,1000,1000
13841,136,weighted,10,0.4107285031847134,0,0,None,66,1,5,False,1000,1000
13842,137,weighted,10,0.4150079617834395,0,0,None,66,1,5,False,1000,1000
13843,138,weighted,10,0.4176950636942675,0,0,None,66,1,5,False,1000,1000
13844,139,weighted,10,0.4221735668789809,0,0,None,66,1,5,False,1000,1000
13845,135,weighted,10,0.3796775477707006,0,7,None,66,1,5,False,1000,1000
13846,136,weighted,10,0.386843152866242,0,7,None,66,1,5,False,1000,1000
13847,137,weighted,10,0.3940087579617834,0,7,None,66,1,5,False,1000,1000
13848,138,weighted,10,0.4012738853503185,0,7,None,66,1,5,False,1000,1000
13849,139,weighted,10,0.4078423566878981,0,7,None,66,1,5,False,1000,1000
13850,135,weighted,10,0.3346934713375796,0,32,None,66,1,5,False,1000,1000
13851,136,weighted,10,0.3942078025477707,0,32,None,66,1,5,False,1000,1000
13852,137,weighted,10,0.4193869426751592,0,32,None,66,1,5,False,1000,1000
13853,138,weighted,10,0.4500398089171974,0,32,None,66,1,5,False,1000,1000
13854,139,weighted,10,0.4611863057324841,0,32,None,66,1,5,False,1000,1000
13855,135,weighted,10,0.3448447452229299,0,4,None,66,1,5,False,1000,1000
13856,136,weighted,10,0.3556926751592357,0,4,None,66,1,5,False,1000,1000
13857,137,weighted,10,0.3663415605095541,0,4,None,66,1,5,False,1000,1000
13858,138,weighted,10,0.3711186305732484,0,4,None,66,1,5,False,1000,1000
13859,139,weighted,10,0.3801751592356688,0,4,None,66,1,5,False,1000,1000
13860,140,weighted,10,0.476015127388535,0,25,None,66,1,5,False,1000,1000
13861,141,weighted,10,0.4883558917197452,0,25,None,66,1,5,False,1000,1000
13862,142,weighted,10,0.4945262738853503,0,25,None,66,1,5,False,1000,1000
13863,143,weighted,10,0.49890525477707,0,25,None,66,1,5,False,1000,1000
13864,144,weighted,10,0.5013933121019108,0,25,None,66,1,5,False,1000,1000
13865,140,weighted,10,0.382265127388535,0,31,None,66,1,5,False,1000,1000
13866,141,weighted,10,0.3675358280254777,0,31,None,66,1,5,False,1000,1000
13867,142,weighted,10,0.3645501592356688,0,31,None,66,1,5,False,1000,1000
13868,143,weighted,10,0.3643511146496815,0,31,None,66,1,5,False,1000,1000
13869,144,weighted,10,0.3636544585987261,0,31,None,66,1,5,False,1000,1000
13870,140,weighted,10,0.3669386942675159,0,24,None,66,1,5,False,1000,1000
13871,141,weighted,10,0.3749004777070063,0,24,None,66,1,5,False,1000,1000
13872,142,weighted,10,0.4098328025477707,0,24,None,66,1,5,False,1000,1000
13873,143,weighted,10,0.4352109872611465,0,24,None,66,1,5,False,1000,1000
13874,144,weighted,10,0.4590963375796178,0,24,None,66,1,5,False,1000,1000
13875,140,weighted,10,0.4623805732484076,0,32,None,66,1,5,False,1000,1000
13876,141,weighted,10,0.4755175159235669,0,32,None,66,1,5,False,1000,1000
13877,142,weighted,10,0.4886544585987261,0,32,None,66,1,5,False,1000,1000
13878,143,weighted,10,0.5002985668789809,0,32,None,66,1,5,False,1000,1000
13879,144,weighted,10,0.5093550955414012,0,32,None,66,1,5,False,1000,1000
13880,140,weighted,10,0.4105294585987261,0,7,None,66,1,5,False,1000,1000
13881,141,weighted,10,0.4165007961783439,0,7,None,66,1,5,False,1000,1000
13882,142,weighted,10,0.4214769108280254,0,7,None,66,1,5,False,1000,1000
13883,143,weighted,10,0.4252587579617834,0,7,None,66,1,5,False,1000,1000
13884,144,weighted,10,0.427249203821656,0,7,None,66,1,5,False,1000,1000
13885,140,weighted,10,0.3796775477707006,0,12,None,66,1,5,False,1000,1000
13886,141,weighted,10,0.3839570063694267,0,12,None,66,1,5,False,1000,1000
13887,142,weighted,10,0.3912221337579618,0,12,None,66,1,5,False,1000,1000
13888,143,weighted,10,0.3988853503184713,0,12,None,66,1,5,False,1000,1000
13889,144,weighted,10,0.4055533439490446,0,12,None,66,1,5,False,1000,1000
13890,140,weighted,10,0.3818670382165605,0,6,None,66,1,5,False,1000,1000
13891,141,weighted,10,0.3890326433121019,0,6,None,66,1,5,False,1000,1000
13892,142,weighted,10,0.395999203821656,0,6,None,66,1,5,False,1000,1000
13893,143,weighted,10,0.4031648089171974,0,6,None,66,1,5,False,1000,1000
13894,144,weighted,10,0.4091361464968153,0,6,None,66,1,5,False,1000,1000
13895,140,weighted,10,0.4326234076433121,0,26,None,66,1,5,False,1000,1000
13896,141,weighted,10,0.4357085987261146,0,26,None,66,1,5,False,1000,1000
13897,142,weighted,10,0.4378980891719745,0,26,None,66,1,5,False,1000,1000
13898,143,weighted,10,0.4405851910828025,0,26,None,66,1,5,False,1000,1000
13899,144,weighted,10,0.4429737261146497,0,26,None,66,1,5,False,1000,1000
13900,140,weighted,10,0.3553941082802547,0,30,None,66,1,5,False,1000,1000
13901,141,weighted,10,0.3635549363057325,0,30,None,66,1,5,False,1000,1000
13902,142,weighted,10,0.3718152866242038,0,30,None,66,1,5,False,1000,1000
13903,143,weighted,10,0.3792794585987261,0,30,None,66,1,5,False,1000,1000
13904,144,weighted,10,0.3859474522292994,0,30,None,66,1,5,False,1000,1000
13905,140,weighted,10,0.4415804140127388,0,17,None,66,1,5,False,1000,1000
13906,141,weighted,10,0.4415804140127388,0,17,None,66,1,5,False,1000,1000
13907,142,weighted,10,0.4446656050955414,0,17,None,66,1,5,False,1000,1000
13908,143,weighted,10,0.4468550955414013,0,17,None,66,1,5,False,1000,1000
13909,144,weighted,10,0.4488455414012738,0,17,None,66,1,5,False,1000,1000
13910,140,weighted,10,0.4015724522292994,0,10,None,66,1,5,False,1000,1000
13911,141,weighted,10,0.4078423566878981,0,10,None,66,1,5,False,1000,1000
13912,142,weighted,10,0.4145103503184713,0,10,None,66,1,5,False,1000,1000
13913,143,weighted,10,0.4197850318471338,0,10,None,66,1,5,False,1000,1000
13914,144,weighted,10,0.4255573248407643,0,10,None,66,1,5,False,1000,1000
13915,140,weighted,10,0.4183917197452229,0,11,None,66,1,5,False,1000,1000
13916,141,weighted,10,0.4122213375796178,0,11,None,66,1,5,False,1000,1000
13917,142,weighted,10,0.4168988853503185,0,11,None,66,1,5,False,1000,1000
13918,143,weighted,10,0.4254578025477707,0,11,None,66,1,5,False,1000,1000
13919,144,weighted,10,0.4350119426751592,0,11,None,66,1,5,False,1000,1000
13920,140,weighted,10,0.4240644904458598,0,15,None,66,1,5,False,1000,1000
13921,141,weighted,10,0.4256568471337579,0,15,None,66,1,5,False,1000,1000
13922,142,weighted,10,0.4275477707006369,0,15,None,66,1,5,False,1000,1000
13923,143,weighted,10,0.431031050955414,0,15,None,66,1,5,False,1000,1000
13924,144,weighted,10,0.4336186305732484,0,15,None,66,1,5,False,1000,1000
13925,140,weighted,10,0.4231687898089172,0,20,None,66,1,5,False,1000,1000
13926,141,weighted,10,0.4332205414012738,0,20,None,66,1,5,False,1000,1000
13927,142,weighted,10,0.4422770700636942,0,20,None,66,1,5,False,1000,1000
13928,143,weighted,10,0.4517316878980891,0,20,None,66,1,5,False,1000,1000
13929,144,weighted,10,0.4619824840764331,0,20,None,66,1,5,False,1000,1000
13930,140,weighted,10,0.3971934713375796,0,14,None,66,1,5,False,1000,1000
13931,141,weighted,10,0.3920183121019108,0,14,None,66,1,5,False,1000,1000
13932,142,weighted,10,0.3939092356687898,0,14,None,66,1,5,False,1000,1000
13933,143,weighted,10,0.3971934713375796,0,14,None,66,1,5,False,1000,1000
13934,144,weighted,10,0.3986863057324841,0,14,None,66,1,5,False,1000,1000
13935,140,weighted,10,0.4326234076433121,0,22,None,66,1,5,False,1000,1000
13936,141,weighted,10,0.4378980891719745,0,22,None,66,1,5,False,1000,1000
13937,142,weighted,10,0.4411823248407643,0,22,None,66,1,5,False,1000,1000
13938,143,weighted,10,0.4448646496815286,0,22,None,66,1,5,False,1000,1000
13939,144,weighted,10,0.4481488853503185,0,22,None,66,1,5,False,1000,1000
13940,140,weighted,10,0.3482285031847134,0,1,None,66,1,5,False,1000,1000
13941,141,weighted,10,0.3554936305732484,0,1,None,66,1,5,False,1000,1000
13942,142,weighted,10,0.3619625796178344,0,1,None,66,1,5,False,1000,1000
13943,143,weighted,10,0.3662420382165605,0,1,None,66,1,5,False,1000,1000
13944,144,weighted,10,0.3709195859872611,0,1,None,66,1,5,False,1000,1000
13945,140,weighted,10,0.4133160828025478,0,2,None,66,1,5,False,1000,1000
13946,141,weighted,10,0.42078025477707,0,2,None,66,1,5,False,1000,1000
13947,142,weighted,10,0.4257563694267516,0,2,None,66,1,5,False,1000,1000
13948,143,weighted,10,0.4325238853503185,0,2,None,66,1,5,False,1000,1000
13949,144,weighted,10,0.4374004777070063,0,2,None,66,1,5,False,1000,1000
13950,140,weighted,10,0.4335191082802547,0,5,None,66,1,5,False,1000,1000
13951,141,weighted,10,0.4378980891719745,0,5,None,66,1,5,False,1000,1000
13952,142,weighted,10,0.4394904458598726,0,5,None,66,1,5,False,1000,1000
13953,143,weighted,10,0.4415804140127388,0,5,None,66,1,5,False,1000,1000
13954,144,weighted,10,0.4461584394904458,0,5,None,66,1,5,False,1000,1000
13955,140,weighted,10,0.4665605095541401,0,3,None,66,1,5,False,1000,1000
13956,141,weighted,10,0.4686504777070063,0,3,None,66,1,5,False,1000,1000
13957,142,weighted,10,0.4728304140127388,0,3,None,66,1,5,False,1000,1000
13958,143,weighted,10,0.4786027070063694,0,3,None,66,1,5,False,1000,1000
13959,144,weighted,10,0.4848726114649681,0,3,None,66,1,5,False,1000,1000
13960,140,weighted,10,0.4375,0,9,None,66,1,5,False,1000,1000
13961,141,weighted,10,0.4412818471337579,0,9,None,66,1,5,False,1000,1000
13962,142,weighted,10,0.4449641719745223,0,9,None,66,1,5,False,1000,1000
13963,143,weighted,10,0.447452229299363,0,9,None,66,1,5,False,1000,1000
13964,144,weighted,10,0.4496417197452229,0,9,None,66,1,5,False,1000,1000
13965,140,weighted,10,0.4309315286624204,0,13,None,66,1,5,False,1000,1000
13966,141,weighted,10,0.4343152866242038,0,13,None,66,1,5,False,1000,1000
13967,142,weighted,10,0.4374004777070063,0,13,None,66,1,5,False,1000,1000
13968,143,weighted,10,0.4403861464968153,0,13,None,66,1,5,False,1000,1000
13969,144,weighted,10,0.442874203821656,0,13,None,66,1,5,False,1000,1000
13970,140,weighted,10,0.4042595541401274,0,23,None,66,1,5,False,1000,1000
13971,141,weighted,10,0.4189888535031847,0,23,None,66,1,5,False,1000,1000
13972,142,weighted,10,0.4358081210191082,0,23,None,66,1,5,False,1000,1000
13973,143,weighted,10,0.4515326433121019,0,23,None,66,1,5,False,1000,1000
13974,144,weighted,10,0.4652667197452229,0,23,None,66,1,5,False,1000,1000
13975,140,weighted,10,0.4133160828025478,0,21,None,66,1,5,False,1000,1000
13976,141,weighted,10,0.4212778662420382,0,21,None,66,1,5,False,1000,1000
13977,142,weighted,10,0.4288415605095541,0,21,None,66,1,5,False,1000,1000
13978,143,weighted,10,0.4362062101910828,0,21,None,66,1,5,False,1000,1000
13979,144,weighted,10,0.4436703821656051,0,21,None,66,1,5,False,1000,1000
13980,140,weighted,10,0.4327229299363057,0,28,None,66,1,5,False,1000,1000
13981,141,weighted,10,0.4366042993630573,0,28,None,66,1,5,False,1000,1000
13982,142,weighted,10,0.4392914012738853,0,28,None,66,1,5,False,1000,1000
13983,143,weighted,10,0.4418789808917197,0,28,None,66,1,5,False,1000,1000
13984,144,weighted,10,0.4448646496815286,0,28,None,66,1,5,False,1000,1000
13985,140,weighted,10,0.4698447452229299,0,27,None,66,1,5,False,1000,1000
13986,141,weighted,10,0.4822850318471338,0,27,None,66,1,5,False,1000,1000
13987,142,weighted,10,0.4867635350318471,0,27,None,66,1,5,False,1000,1000
13988,143,weighted,10,0.4885549363057325,0,27,None,66,1,5,False,1000,1000
13989,144,weighted,10,0.4887539808917197,0,27,None,66,1,5,False,1000,1000
13990,140,weighted,10,0.3844546178343949,0,29,None,66,1,5,False,1000,1000
13991,141,weighted,10,0.3902269108280254,0,29,None,66,1,5,False,1000,1000
13992,142,weighted,10,0.3918192675159235,0,29,None,66,1,5,False,1000,1000
13993,143,weighted,10,0.397093949044586,0,29,None,66,1,5,False,1000,1000
13994,144,weighted,10,0.4008757961783439,0,29,None,66,1,5,False,1000,1000
13995,140,weighted,10,0.3936106687898089,0,4,None,66,1,5,False,1000,1000
13996,141,weighted,10,0.4018710191082802,0,4,None,66,1,5,False,1000,1000
13997,142,weighted,10,0.4091361464968153,0,4,None,66,1,5,False,1000,1000
13998,143,weighted,10,0.417296974522293,0,4,None,66,1,5,False,1000,1000
13999,144,weighted,10,0.4252587579617834,0,4,None,66,1,5,False,1000,1000
14000,140,weighted,10,0.4274482484076433,0,0,None,66,1,5,False,1000,1000
14001,141,weighted,10,0.4325238853503185,0,0,None,66,1,5,False,1000,1000
14002,142,weighted,10,0.4374004777070063,0,0,None,66,1,5,False,1000,1000
14003,143,weighted,10,0.4431727707006369,0,0,None,66,1,5,False,1000,1000
14004,144,weighted,10,0.4472531847133758,0,0,None,66,1,5,False,1000,1000
14005,140,weighted,10,0.3958001592356688,0,16,None,66,1,5,False,1000,1000
14006,141,weighted,10,0.4047571656050955,0,16,None,66,1,5,False,1000,1000
14007,142,weighted,10,0.4107285031847134,0,16,None,66,1,5,False,1000,1000
14008,143,weighted,10,0.4147093949044586,0,16,None,66,1,5,False,1000,1000
14009,144,weighted,10,0.4189888535031847,0,16,None,66,1,5,False,1000,1000
14010,140,weighted,10,0.4148089171974522,0,8,None,66,1,5,False,1000,1000
14011,141,weighted,10,0.4196855095541401,0,8,None,66,1,5,False,1000,1000
14012,142,weighted,10,0.4246616242038216,0,8,None,66,1,5,False,1000,1000
14013,143,weighted,10,0.4289410828025478,0,8,None,66,1,5,False,1000,1000
14014,144,weighted,10,0.4326234076433121,0,8,None,66,1,5,False,1000,1000
14015,140,weighted,10,0.4629777070063694,0,18,None,66,1,5,False,1000,1000
14016,141,weighted,10,0.4579020700636942,0,18,None,66,1,5,False,1000,1000
14017,142,weighted,10,0.4585987261146497,0,18,None,66,1,5,False,1000,1000
14018,143,weighted,10,0.4592953821656051,0,18,None,66,1,5,False,1000,1000
14019,144,weighted,10,0.4594944267515923,0,18,None,66,1,5,False,1000,1000
14020,140,weighted,10,0.3975915605095541,0,19,None,66,1,5,False,1000,1000
14021,141,weighted,10,0.3975915605095541,0,19,None,66,1,5,False,1000,1000
14022,142,weighted,10,0.3972929936305732,0,19,None,66,1,5,False,1000,1000
14023,143,weighted,10,0.4008757961783439,0,19,None,66,1,5,False,1000,1000
14024,144,weighted,10,0.4030652866242038,0,19,None,66,1,5,False,1000,1000
14025,145,weighted,10,0.4452627388535032,0,26,None,66,1,5,False,1000,1000
14026,146,weighted,10,0.4469546178343949,0,26,None,66,1,5,False,1000,1000
14027,147,weighted,10,0.447452229299363,0,26,None,66,1,5,False,1000,1000
14028,148,weighted,10,0.4499402866242038,0,26,None,66,1,5,False,1000,1000
14029,149,weighted,10,0.4516321656050955,0,26,None,66,1,5,False,1000,1000
14030,145,weighted,10,0.3702229299363057,0,1,None,66,1,5,False,1000,1000
14031,146,weighted,10,0.3743033439490446,0,1,None,66,1,5,False,1000,1000
14032,147,weighted,10,0.3766918789808917,0,1,None,66,1,5,False,1000,1000
14033,148,weighted,10,0.3793789808917197,0,1,None,66,1,5,False,1000,1000
14034,149,weighted,10,0.3821656050955414,0,1,None,66,1,5,False,1000,1000
14035,145,weighted,10,0.4436703821656051,0,2,None,66,1,5,False,1000,1000
14036,146,weighted,10,0.4497412420382166,0,2,None,66,1,5,False,1000,1000
14037,147,weighted,10,0.4543192675159235,0,2,None,66,1,5,False,1000,1000
14038,148,weighted,10,0.4586982484076433,0,2,None,66,1,5,False,1000,1000
14039,149,weighted,10,0.4655652866242038,0,2,None,66,1,5,False,1000,1000
14040,145,weighted,10,0.4556130573248407,0,5,None,66,1,5,False,1000,1000
14041,146,weighted,10,0.4618829617834395,0,5,None,66,1,5,False,1000,1000
14042,147,weighted,10,0.4664609872611465,0,5,None,66,1,5,False,1000,1000
14043,148,weighted,10,0.4750199044585987,0,5,None,66,1,5,False,1000,1000
14044,149,weighted,10,0.4822850318471338,0,5,None,66,1,5,False,1000,1000
14045,145,weighted,10,0.4631767515923566,0,20,None,66,1,5,False,1000,1000
14046,146,weighted,10,0.4737261146496815,0,20,None,66,1,5,False,1000,1000
14047,147,weighted,10,0.4822850318471338,0,20,None,66,1,5,False,1000,1000
14048,148,weighted,10,0.4913415605095541,0,20,None,66,1,5,False,1000,1000
14049,149,weighted,10,0.5,0,20,None,66,1,5,False,1000,1000
14050,145,weighted,10,0.4375,0,4,None,66,1,5,False,1000,1000
14051,146,weighted,10,0.442078025477707,0,4,None,66,1,5,False,1000,1000
14052,147,weighted,10,0.4484474522292994,0,4,None,66,1,5,False,1000,1000
14053,148,weighted,10,0.4525278662420382,0,4,None,66,1,5,False,1000,1000
14054,149,weighted,10,0.457703025477707,0,4,None,66,1,5,False,1000,1000
14055,145,weighted,10,0.4527269108280254,0,22,None,66,1,5,False,1000,1000
14056,146,weighted,10,0.4552149681528662,0,22,None,66,1,5,False,1000,1000
14057,147,weighted,10,0.4571058917197452,0,22,None,66,1,5,False,1000,1000
14058,148,weighted,10,0.4608877388535032,0,22,None,66,1,5,False,1000,1000
14059,149,weighted,10,0.4646695859872611,0,22,None,66,1,5,False,1000,1000
14060,145,weighted,10,0.4769108280254777,0,23,None,66,1,5,False,1000,1000
14061,146,weighted,10,0.4887539808917197,0,23,None,66,1,5,False,1000,1000
14062,147,weighted,10,0.5009952229299363,0,23,None,66,1,5,False,1000,1000
14063,148,weighted,10,0.5086584394904459,0,23,None,66,1,5,False,1000,1000
14064,149,weighted,10,0.5153264331210191,0,23,None,66,1,5,False,1000,1000
14065,145,weighted,10,0.4006767515923566,0,14,None,66,1,5,False,1000,1000
14066,146,weighted,10,0.4035628980891719,0,14,None,66,1,5,False,1000,1000
14067,147,weighted,10,0.4049562101910828,0,14,None,66,1,5,False,1000,1000
14068,148,weighted,10,0.4069466560509554,0,14,None,66,1,5,False,1000,1000
14069,149,weighted,10,0.4099323248407643,0,14,None,66,1,5,False,1000,1000
14070,145,weighted,10,0.5092555732484076,0,25,None,66,1,5,False,1000,1000
14071,146,weighted,10,0.5095541401273885,0,25,None,66,1,5,False,1000,1000
14072,147,weighted,10,0.5096536624203821,0,25,None,66,1,5,False,1000,1000
14073,148,weighted,10,0.5101512738853503,0,25,None,66,1,5,False,1000,1000
14074,149,weighted,10,0.5117436305732485,0,25,None,66,1,5,False,1000,1000
14075,145,weighted,10,0.4459593949044586,0,28,None,66,1,5,False,1000,1000
14076,146,weighted,10,0.4495421974522293,0,28,None,66,1,5,False,1000,1000
14077,147,weighted,10,0.4505374203821656,0,28,None,66,1,5,False,1000,1000
14078,148,weighted,10,0.4534235668789809,0,28,None,66,1,5,False,1000,1000
14079,149,weighted,10,0.4549164012738853,0,28,None,66,1,5,False,1000,1000
14080,145,weighted,10,0.4045581210191082,0,29,None,66,1,5,False,1000,1000
14081,146,weighted,10,0.4094347133757962,0,29,None,66,1,5,False,1000,1000
14082,147,weighted,10,0.4131170382165605,0,29,None,66,1,5,False,1000,1000
14083,148,weighted,10,0.418889331210191,0,29,None,66,1,5,False,1000,1000
14084,149,weighted,10,0.4239649681528662,0,29,None,66,1,5,False,1000,1000
14085,145,weighted,10,0.451234076433121,0,9,None,66,1,5,False,1000,1000
14086,146,weighted,10,0.4525278662420382,0,9,None,66,1,5,False,1000,1000
14087,147,weighted,10,0.4544187898089172,0,9,None,66,1,5,False,1000,1000
14088,148,weighted,10,0.4562101910828025,0,9,None,66,1,5,False,1000,1000
14089,149,weighted,10,0.4580015923566879,0,9,None,66,1,5,False,1000,1000
14090,145,weighted,10,0.5105493630573248,0,32,None,66,1,5,False,1000,1000
14091,146,weighted,10,0.5141321656050956,0,32,None,66,1,5,False,1000,1000
14092,147,weighted,10,0.5138335987261147,0,32,None,66,1,5,False,1000,1000
14093,148,weighted,10,0.5136345541401274,0,32,None,66,1,5,False,1000,1000
14094,149,weighted,10,0.5148288216560509,0,32,None,66,1,5,False,1000,1000
14095,145,weighted,10,0.413515127388535,0,6,None,66,1,5,False,1000,1000
14096,146,weighted,10,0.4193869426751592,0,6,None,66,1,5,False,1000,1000
14097,147,weighted,10,0.4242635350318471,0,6,None,66,1,5,False,1000,1000
14098,148,weighted,10,0.4299363057324841,0,6,None,66,1,5,False,1000,1000
14099,149,weighted,10,0.4350119426751592,0,6,None,66,1,5,False,1000,1000
14100,145,weighted,10,0.428343949044586,0,16,None,66,1,5,False,1000,1000
14101,146,weighted,10,0.4325238853503185,0,16,None,66,1,5,False,1000,1000
14102,147,weighted,10,0.4390923566878981,0,16,None,66,1,5,False,1000,1000
14103,148,weighted,10,0.4432722929936306,0,16,None,66,1,5,False,1000,1000
14104,149,weighted,10,0.4476512738853503,0,16,None,66,1,5,False,1000,1000
14105,145,weighted,10,0.4336186305732484,0,7,None,66,1,5,False,1000,1000
14106,146,weighted,10,0.4388933121019108,0,7,None,66,1,5,False,1000,1000
14107,147,weighted,10,0.4431727707006369,0,7,None,66,1,5,False,1000,1000
14108,148,weighted,10,0.4488455414012738,0,7,None,66,1,5,False,1000,1000
14109,149,weighted,10,0.4521297770700637,0,7,None,66,1,5,False,1000,1000
14110,145,weighted,10,0.4041600318471338,0,19,None,66,1,5,False,1000,1000
14111,146,weighted,10,0.40625,0,19,None,66,1,5,False,1000,1000
14112,147,weighted,10,0.4088375796178344,0,19,None,66,1,5,False,1000,1000
14113,148,weighted,10,0.4110270700636942,0,19,None,66,1,5,False,1000,1000
14114,149,weighted,10,0.4120222929936306,0,19,None,66,1,5,False,1000,1000
14115,145,weighted,10,0.4387937898089172,0,8,None,66,1,5,False,1000,1000
14116,146,weighted,10,0.4437699044585987,0,8,None,66,1,5,False,1000,1000
14117,147,weighted,10,0.4497412420382166,0,8,None,66,1,5,False,1000,1000
14118,148,weighted,10,0.4549164012738853,0,8,None,66,1,5,False,1000,1000
14119,149,weighted,10,0.4591958598726114,0,8,None,66,1,5,False,1000,1000
14120,145,weighted,10,0.451234076433121,0,21,None,66,1,5,False,1000,1000
14121,146,weighted,10,0.4593949044585987,0,21,None,66,1,5,False,1000,1000
14122,147,weighted,10,0.4681528662420382,0,21,None,66,1,5,False,1000,1000
14123,148,weighted,10,0.4731289808917197,0,21,None,66,1,5,False,1000,1000
14124,149,weighted,10,0.4803941082802547,0,21,None,66,1,5,False,1000,1000
14125,145,weighted,10,0.4604896496815286,0,18,None,66,1,5,False,1000,1000
14126,146,weighted,10,0.4632762738853503,0,18,None,66,1,5,False,1000,1000
14127,147,weighted,10,0.4659633757961783,0,18,None,66,1,5,False,1000,1000
14128,148,weighted,10,0.4711385350318471,0,18,None,66,1,5,False,1000,1000
14129,149,weighted,10,0.4731289808917197,0,18,None,66,1,5,False,1000,1000
14130,145,weighted,10,0.4385947452229299,0,15,None,66,1,5,False,1000,1000
14131,146,weighted,10,0.4399880573248407,0,15,None,66,1,5,False,1000,1000
14132,147,weighted,10,0.4427746815286624,0,15,None,66,1,5,False,1000,1000
14133,148,weighted,10,0.4462579617834395,0,15,None,66,1,5,False,1000,1000
14134,149,weighted,10,0.4496417197452229,0,15,None,66,1,5,False,1000,1000
14135,145,weighted,10,0.4292396496815286,0,10,None,66,1,5,False,1000,1000
14136,146,weighted,10,0.4347133757961783,0,10,None,66,1,5,False,1000,1000
14137,147,weighted,10,0.4377985668789809,0,10,None,66,1,5,False,1000,1000
14138,148,weighted,10,0.4414808917197452,0,10,None,66,1,5,False,1000,1000
14139,149,weighted,10,0.4450636942675159,0,10,None,66,1,5,False,1000,1000
14140,145,weighted,10,0.4490445859872611,0,11,None,66,1,5,False,1000,1000
14141,146,weighted,10,0.4582006369426751,0,11,None,66,1,5,False,1000,1000
14142,147,weighted,10,0.4693471337579618,0,11,None,66,1,5,False,1000,1000
14143,148,weighted,10,0.4777070063694267,0,11,None,66,1,5,False,1000,1000
14144,149,weighted,10,0.4845740445859872,0,11,None,66,1,5,False,1000,1000
14145,145,weighted,10,0.4504378980891719,0,17,None,66,1,5,False,1000,1000
14146,146,weighted,10,0.4528264331210191,0,17,None,66,1,5,False,1000,1000
14147,147,weighted,10,0.456608280254777,0,17,None,66,1,5,False,1000,1000
14148,148,weighted,10,0.4599920382165605,0,17,None,66,1,5,False,1000,1000
14149,149,weighted,10,0.462281050955414,0,17,None,66,1,5,False,1000,1000
14150,145,weighted,10,0.4967157643312102,0,3,None,66,1,5,False,1000,1000
14151,146,weighted,10,0.5032842356687898,0,3,None,66,1,5,False,1000,1000
14152,147,weighted,10,0.5087579617834395,0,3,None,66,1,5,False,1000,1000
14153,148,weighted,10,0.5147292993630573,0,3,None,66,1,5,False,1000,1000
14154,149,weighted,10,0.520203025477707,0,3,None,66,1,5,False,1000,1000
14155,145,weighted,10,0.4436703821656051,0,13,None,66,1,5,False,1000,1000
14156,146,weighted,10,0.4468550955414013,0,13,None,66,1,5,False,1000,1000
14157,147,weighted,10,0.4500398089171974,0,13,None,66,1,5,False,1000,1000
14158,148,weighted,10,0.4542197452229299,0,13,None,66,1,5,False,1000,1000
14159,149,weighted,10,0.4579020700636942,0,13,None,66,1,5,False,1000,1000
14160,145,weighted,10,0.4128184713375796,0,12,None,66,1,5,False,1000,1000
14161,146,weighted,10,0.4164012738853503,0,12,None,66,1,5,False,1000,1000
14162,147,weighted,10,0.4205812101910828,0,12,None,66,1,5,False,1000,1000
14163,148,weighted,10,0.425358280254777,0,12,None,66,1,5,False,1000,1000
14164,149,weighted,10,0.4292396496815286,0,12,None,66,1,5,False,1000,1000
14165,145,weighted,10,0.4791003184713376,0,24,None,66,1,5,False,1000,1000
14166,146,weighted,10,0.4939291401273885,0,24,None,66,1,5,False,1000,1000
14167,147,weighted,10,0.5031847133757962,0,24,None,66,1,5,False,1000,1000
14168,148,weighted,10,0.5075636942675159,0,24,None,66,1,5,False,1000,1000
14169,149,weighted,10,0.5093550955414012,0,24,None,66,1,5,False,1000,1000
14170,145,weighted,10,0.4524283439490446,0,0,None,66,1,5,False,1000,1000
14171,146,weighted,10,0.4573049363057325,0,0,None,66,1,5,False,1000,1000
14172,147,weighted,10,0.4617834394904458,0,0,None,66,1,5,False,1000,1000
14173,148,weighted,10,0.4644705414012738,0,0,None,66,1,5,False,1000,1000
14174,149,weighted,10,0.4670581210191082,0,0,None,66,1,5,False,1000,1000
14175,145,weighted,10,0.4885549363057325,0,27,None,66,1,5,False,1000,1000
14176,146,weighted,10,0.4892515923566879,0,27,None,66,1,5,False,1000,1000
14177,147,weighted,10,0.4884554140127388,0,27,None,66,1,5,False,1000,1000
14178,148,weighted,10,0.4880573248407643,0,27,None,66,1,5,False,1000,1000
14179,149,weighted,10,0.488953025477707,0,27,None,66,1,5,False,1000,1000
14180,145,weighted,10,0.3862460191082802,0,30,None,66,1,5,False,1000,1000
14181,146,weighted,10,0.3946058917197452,0,30,None,66,1,5,False,1000,1000
14182,147,weighted,10,0.4003781847133758,0,30,None,66,1,5,False,1000,1000
14183,148,weighted,10,0.4078423566878981,0,30,None,66,1,5,False,1000,1000
14184,149,weighted,10,0.4169984076433121,0,30,None,66,1,5,False,1000,1000
14185,145,weighted,10,0.3580812101910828,0,31,None,66,1,5,False,1000,1000
14186,146,weighted,10,0.3585788216560509,0,31,None,66,1,5,False,1000,1000
14187,147,weighted,10,0.3596735668789809,0,31,None,66,1,5,False,1000,1000
14188,148,weighted,10,0.3602707006369426,0,31,None,66,1,5,False,1000,1000
14189,149,weighted,10,0.3610668789808917,0,31,None,66,1,5,False,1000,1000
14190,150,weighted,10,0.4625796178343949,0,17,None,66,1,5,False,1000,1000
14191,151,weighted,10,0.4651671974522293,0,17,None,66,1,5,False,1000,1000
14192,152,weighted,10,0.4670581210191082,0,17,None,66,1,5,False,1000,1000
14193,153,weighted,10,0.4692476114649681,0,17,None,66,1,5,False,1000,1000
14194,154,weighted,10,0.4746218152866242,0,17,None,66,1,5,False,1000,1000
14195,150,weighted,10,0.501890923566879,0,24,None,66,1,5,False,1000,1000
14196,151,weighted,10,0.4998009554140127,0,24,None,66,1,5,False,1000,1000
14197,152,weighted,10,0.4996019108280254,0,24,None,66,1,5,False,1000,1000
14198,153,weighted,10,0.49890525477707,0,24,None,66,1,5,False,1000,1000
14199,154,weighted,10,0.4995023885350318,0,24,None,66,1,5,False,1000,1000
14200,150,weighted,10,0.4574044585987261,0,13,None,66,1,5,False,1000,1000
14201,151,weighted,10,0.4620820063694267,0,13,None,66,1,5,False,1000,1000
14202,152,weighted,10,0.46765525477707,0,13,None,66,1,5,False,1000,1000
14203,153,weighted,10,0.4747213375796178,0,13,None,66,1,5,False,1000,1000
14204,154,weighted,10,0.4796974522292994,0,13,None,66,1,5,False,1000,1000
14205,150,weighted,10,0.520203025477707,0,23,None,66,1,5,False,1000,1000
14206,151,weighted,10,0.5223925159235668,0,23,None,66,1,5,False,1000,1000
14207,152,weighted,10,0.5251791401273885,0,23,None,66,1,5,False,1000,1000
14208,153,weighted,10,0.5263734076433121,0,23,None,66,1,5,False,1000,1000
14209,154,weighted,10,0.5292595541401274,0,23,None,66,1,5,False,1000,1000
14210,150,weighted,10,0.4495421974522293,0,10,None,66,1,5,False,1000,1000
14211,151,weighted,10,0.4552149681528662,0,10,None,66,1,5,False,1000,1000
14212,152,weighted,10,0.4604896496815286,0,10,None,66,1,5,False,1000,1000
14213,153,weighted,10,0.4661624203821656,0,10,None,66,1,5,False,1000,1000
14214,154,weighted,10,0.4735270700636942,0,10,None,66,1,5,False,1000,1000
14215,150,weighted,10,0.4904458598726114,0,11,None,66,1,5,False,1000,1000
14216,151,weighted,10,0.4929339171974522,0,11,None,66,1,5,False,1000,1000
14217,152,weighted,10,0.4946257961783439,0,11,None,66,1,5,False,1000,1000
14218,153,weighted,10,0.4971138535031847,0,11,None,66,1,5,False,1000,1000
14219,154,weighted,10,0.4998009554140127,0,11,None,66,1,5,False,1000,1000
14220,150,weighted,10,0.4593949044585987,0,15,None,66,1,5,False,1000,1000
14221,151,weighted,10,0.4656648089171974,0,15,None,66,1,5,False,1000,1000
14222,152,weighted,10,0.473328025477707,0,15,None,66,1,5,False,1000,1000
14223,153,weighted,10,0.4791003184713376,0,15,None,66,1,5,False,1000,1000
14224,154,weighted,10,0.4852707006369426,0,15,None,66,1,5,False,1000,1000
14225,150,weighted,10,0.4646695859872611,0,22,None,66,1,5,False,1000,1000
14226,151,weighted,10,0.4686504777070063,0,22,None,66,1,5,False,1000,1000
14227,152,weighted,10,0.4712380573248407,0,22,None,66,1,5,False,1000,1000
14228,153,weighted,10,0.4736265923566879,0,22,None,66,1,5,False,1000,1000
14229,154,weighted,10,0.4762141719745223,0,22,None,66,1,5,False,1000,1000
14230,150,weighted,10,0.4992038216560509,0,20,None,66,1,5,False,1000,1000
14231,151,weighted,10,0.5089570063694268,0,20,None,66,1,5,False,1000,1000
14232,152,weighted,10,0.5161226114649682,0,20,None,66,1,5,False,1000,1000
14233,153,weighted,10,0.5229896496815286,0,20,None,66,1,5,False,1000,1000
14234,154,weighted,10,0.5289609872611465,0,20,None,66,1,5,False,1000,1000
14235,150,weighted,10,0.5168192675159236,0,25,None,66,1,5,False,1000,1000
14236,151,weighted,10,0.5171178343949044,0,25,None,66,1,5,False,1000,1000
14237,152,weighted,10,0.5179140127388535,0,25,None,66,1,5,False,1000,1000
14238,153,weighted,10,0.5176154458598726,0,25,None,66,1,5,False,1000,1000
14239,154,weighted,10,0.5182125796178344,0,25,None,66,1,5,False,1000,1000
14240,150,weighted,10,0.4621815286624204,0,28,None,66,1,5,False,1000,1000
14241,151,weighted,10,0.4664609872611465,0,28,None,66,1,5,False,1000,1000
14242,152,weighted,10,0.4693471337579618,0,28,None,66,1,5,False,1000,1000
14243,153,weighted,10,0.4745222929936306,0,28,None,66,1,5,False,1000,1000
14244,154,weighted,10,0.4781050955414013,0,28,None,66,1,5,False,1000,1000
14245,150,weighted,10,0.430234872611465,0,29,None,66,1,5,False,1000,1000
14246,151,weighted,10,0.4360071656050955,0,29,None,66,1,5,False,1000,1000
14247,152,weighted,10,0.442078025477707,0,29,None,66,1,5,False,1000,1000
14248,153,weighted,10,0.4472531847133758,0,29,None,66,1,5,False,1000,1000
14249,154,weighted,10,0.4534235668789809,0,29,None,66,1,5,False,1000,1000
14250,150,weighted,10,0.460390127388535,0,9,None,66,1,5,False,1000,1000
14251,151,weighted,10,0.4642714968152866,0,9,None,66,1,5,False,1000,1000
14252,152,weighted,10,0.4686504777070063,0,9,None,66,1,5,False,1000,1000
14253,153,weighted,10,0.4739251592356688,0,9,None,66,1,5,False,1000,1000
14254,154,weighted,10,0.4809912420382166,0,9,None,66,1,5,False,1000,1000
14255,150,weighted,10,0.4934315286624204,0,27,None,66,1,5,False,1000,1000
14256,151,weighted,10,0.4918391719745223,0,27,None,66,1,5,False,1000,1000
14257,152,weighted,10,0.4921377388535032,0,27,None,66,1,5,False,1000,1000
14258,153,weighted,10,0.4939291401273885,0,27,None,66,1,5,False,1000,1000
14259,154,weighted,10,0.497014331210191,0,27,None,66,1,5,False,1000,1000
14260,150,weighted,10,0.464968152866242,0,4,None,66,1,5,False,1000,1000
14261,151,weighted,10,0.4679538216560509,0,4,None,66,1,5,False,1000,1000
14262,152,weighted,10,0.4711385350318471,0,4,None,66,1,5,False,1000,1000
14263,153,weighted,10,0.4724323248407643,0,4,None,66,1,5,False,1000,1000
14264,154,weighted,10,0.4770103503184713,0,4,None,66,1,5,False,1000,1000
14265,150,weighted,10,0.4900477707006369,0,5,None,66,1,5,False,1000,1000
14266,151,weighted,10,0.4967157643312102,0,5,None,66,1,5,False,1000,1000
14267,152,weighted,10,0.506468949044586,0,5,None,66,1,5,False,1000,1000
14268,153,weighted,10,0.5184116242038217,0,5,None,66,1,5,False,1000,1000
14269,154,weighted,10,0.5275676751592356,0,5,None,66,1,5,False,1000,1000
14270,150,weighted,10,0.4367038216560509,0,12,None,66,1,5,False,1000,1000
14271,151,weighted,10,0.4415804140127388,0,12,None,66,1,5,False,1000,1000
14272,152,weighted,10,0.4475517515923566,0,12,None,66,1,5,False,1000,1000
14273,153,weighted,10,0.4548168789808917,0,12,None,66,1,5,False,1000,1000
14274,154,weighted,10,0.4637738853503185,0,12,None,66,1,5,False,1000,1000
14275,150,weighted,10,0.4107285031847134,0,14,None,66,1,5,False,1000,1000
14276,151,weighted,10,0.4145103503184713,0,14,None,66,1,5,False,1000,1000
14277,152,weighted,10,0.4179936305732484,0,14,None,66,1,5,False,1000,1000
14278,153,weighted,10,0.4224721337579618,0,14,None,66,1,5,False,1000,1000
14279,154,weighted,10,0.4266520700636942,0,14,None,66,1,5,False,1000,1000
14280,150,weighted,10,0.453921178343949,0,26,None,66,1,5,False,1000,1000
14281,151,weighted,10,0.4572054140127388,0,26,None,66,1,5,False,1000,1000
14282,152,weighted,10,0.4613853503184713,0,26,None,66,1,5,False,1000,1000
14283,153,weighted,10,0.4659633757961783,0,26,None,66,1,5,False,1000,1000
14284,154,weighted,10,0.4712380573248407,0,26,None,66,1,5,False,1000,1000
14285,150,weighted,10,0.4215764331210191,0,30,None,66,1,5,False,1000,1000
14286,151,weighted,10,0.4300358280254777,0,30,None,66,1,5,False,1000,1000
14287,152,weighted,10,0.4366042993630573,0,30,None,66,1,5,False,1000,1000
14288,153,weighted,10,0.4460589171974522,0,30,None,66,1,5,False,1000,1000
14289,154,weighted,10,0.4546178343949044,0,30,None,66,1,5,False,1000,1000
14290,150,weighted,10,0.3621616242038216,0,31,None,66,1,5,False,1000,1000
14291,151,weighted,10,0.3629578025477707,0,31,None,66,1,5,False,1000,1000
14292,152,weighted,10,0.3655453821656051,0,31,None,66,1,5,False,1000,1000
14293,153,weighted,10,0.366640127388535,0,31,None,66,1,5,False,1000,1000
14294,154,weighted,10,0.3671377388535032,0,31,None,66,1,5,False,1000,1000
14295,150,weighted,10,0.4792993630573248,0,18,None,66,1,5,False,1000,1000
14296,151,weighted,10,0.4810907643312102,0,18,None,66,1,5,False,1000,1000
14297,152,weighted,10,0.4846735668789809,0,18,None,66,1,5,False,1000,1000
14298,153,weighted,10,0.4867635350318471,0,18,None,66,1,5,False,1000,1000
14299,154,weighted,10,0.4888535031847134,0,18,None,66,1,5,False,1000,1000
14300,150,weighted,10,0.4122213375796178,0,19,None,66,1,5,False,1000,1000
14301,151,weighted,10,0.413515127388535,0,19,None,66,1,5,False,1000,1000
14302,152,weighted,10,0.4147093949044586,0,19,None,66,1,5,False,1000,1000
14303,153,weighted,10,0.4161027070063694,0,19,None,66,1,5,False,1000,1000
14304,154,weighted,10,0.4171974522292994,0,19,None,66,1,5,False,1000,1000
14305,150,weighted,10,0.4616839171974522,0,8,None,66,1,5,False,1000,1000
14306,151,weighted,10,0.4642714968152866,0,8,None,66,1,5,False,1000,1000
14307,152,weighted,10,0.4678542993630573,0,8,None,66,1,5,False,1000,1000
14308,153,weighted,10,0.4712380573248407,0,8,None,66,1,5,False,1000,1000
14309,154,weighted,10,0.4739251592356688,0,8,None,66,1,5,False,1000,1000
14310,150,weighted,10,0.4845740445859872,0,21,None,66,1,5,False,1000,1000
14311,151,weighted,10,0.4821855095541401,0,21,None,66,1,5,False,1000,1000
14312,152,weighted,10,0.4831807324840764,0,21,None,66,1,5,False,1000,1000
14313,153,weighted,10,0.4909434713375796,0,21,None,66,1,5,False,1000,1000
14314,154,weighted,10,0.4982085987261146,0,21,None,66,1,5,False,1000,1000
14315,150,weighted,10,0.4545183121019108,0,7,None,66,1,5,False,1000,1000
14316,151,weighted,10,0.4554140127388535,0,7,None,66,1,5,False,1000,1000
14317,152,weighted,10,0.4572054140127388,0,7,None,66,1,5,False,1000,1000
14318,153,weighted,10,0.4583996815286624,0,7,None,66,1,5,False,1000,1000
14319,154,weighted,10,0.4586982484076433,0,7,None,66,1,5,False,1000,1000
14320,150,weighted,10,0.4517316878980891,0,16,None,66,1,5,False,1000,1000
14321,151,weighted,10,0.455812101910828,0,16,None,66,1,5,False,1000,1000
14322,152,weighted,10,0.4588972929936306,0,16,None,66,1,5,False,1000,1000
14323,153,weighted,10,0.4610867834394904,0,16,None,66,1,5,False,1000,1000
14324,154,weighted,10,0.4632762738853503,0,16,None,66,1,5,False,1000,1000
14325,150,weighted,10,0.4375,0,6,None,66,1,5,False,1000,1000
14326,151,weighted,10,0.4404856687898089,0,6,None,66,1,5,False,1000,1000
14327,152,weighted,10,0.4437699044585987,0,6,None,66,1,5,False,1000,1000
14328,153,weighted,10,0.4464570063694267,0,6,None,66,1,5,False,1000,1000
14329,154,weighted,10,0.4497412420382166,0,6,None,66,1,5,False,1000,1000
14330,150,weighted,10,0.5173168789808917,0,32,None,66,1,5,False,1000,1000
14331,151,weighted,10,0.5191082802547771,0,32,None,66,1,5,False,1000,1000
14332,152,weighted,10,0.5208001592356688,0,32,None,66,1,5,False,1000,1000
14333,153,weighted,10,0.522093949044586,0,32,None,66,1,5,False,1000,1000
14334,154,weighted,10,0.5236863057324841,0,32,None,66,1,5,False,1000,1000
14335,150,weighted,10,0.3764928343949044,0,1,None,66,1,5,False,1000,1000
14336,151,weighted,10,0.3836584394904458,0,1,None,66,1,5,False,1000,1000
14337,152,weighted,10,0.3890326433121019,0,1,None,66,1,5,False,1000,1000
14338,153,weighted,10,0.395203025477707,0,1,None,66,1,5,False,1000,1000
14339,154,weighted,10,0.4015724522292994,0,1,None,66,1,5,False,1000,1000
14340,150,weighted,10,0.4727308917197452,0,2,None,66,1,5,False,1000,1000
14341,151,weighted,10,0.480593152866242,0,2,None,66,1,5,False,1000,1000
14342,152,weighted,10,0.4882563694267516,0,2,None,66,1,5,False,1000,1000
14343,153,weighted,10,0.4973128980891719,0,2,None,66,1,5,False,1000,1000
14344,154,weighted,10,0.5046775477707006,0,2,None,66,1,5,False,1000,1000
14345,150,weighted,10,0.4713375796178344,0,0,None,66,1,5,False,1000,1000
14346,151,weighted,10,0.4731289808917197,0,0,None,66,1,5,False,1000,1000
14347,152,weighted,10,0.4761146496815286,0,0,None,66,1,5,False,1000,1000
14348,153,weighted,10,0.4798964968152866,0,0,None,66,1,5,False,1000,1000
14349,154,weighted,10,0.4839769108280254,0,0,None,66,1,5,False,1000,1000
14350,150,weighted,10,0.5278662420382165,0,3,None,66,1,5,False,1000,1000
14351,151,weighted,10,0.5324442675159236,0,3,None,66,1,5,False,1000,1000
14352,152,weighted,10,0.5367237261146497,0,3,None,66,1,5,False,1000,1000
14353,153,weighted,10,0.5395103503184714,0,3,None,66,1,5,False,1000,1000
14354,154,weighted,10,0.543093152866242,0,3,None,66,1,5,False,1000,1000
14685,155,weighted,10,0.3964968152866242,0,1,None,66,1,5,False,1000,1000
14686,156,weighted,10,0.4048566878980891,0,1,None,66,1,5,False,1000,1000
14687,157,weighted,10,0.411624203821656,0,1,None,66,1,5,False,1000,1000
14688,158,weighted,10,0.419984076433121,0,1,None,66,1,5,False,1000,1000
14689,159,weighted,10,0.4263535031847134,0,1,None,66,1,5,False,1000,1000
14690,155,weighted,10,0.5101512738853503,0,2,None,66,1,5,False,1000,1000
14691,156,weighted,10,0.5172173566878981,0,2,None,66,1,5,False,1000,1000
14692,157,weighted,10,0.5248805732484076,0,2,None,66,1,5,False,1000,1000
14693,158,weighted,10,0.5318471337579618,0,2,None,66,1,5,False,1000,1000
14694,159,weighted,10,0.5373208598726115,0,2,None,66,1,5,False,1000,1000
14695,155,weighted,10,0.5305533439490446,0,5,None,66,1,5,False,1000,1000
14696,156,weighted,10,0.5364251592356688,0,5,None,66,1,5,False,1000,1000
14697,157,weighted,10,0.541202229299363,0,5,None,66,1,5,False,1000,1000
14698,158,weighted,10,0.5439888535031847,0,5,None,66,1,5,False,1000,1000
14699,159,weighted,10,0.546875,0,5,None,66,1,5,False,1000,1000
14700,155,weighted,10,0.4793988853503185,0,10,None,66,1,5,False,1000,1000
14701,156,weighted,10,0.487858280254777,0,10,None,66,1,5,False,1000,1000
14702,157,weighted,10,0.4964171974522293,0,10,None,66,1,5,False,1000,1000
14703,158,weighted,10,0.5030851910828026,0,10,None,66,1,5,False,1000,1000
14704,159,weighted,10,0.5108479299363057,0,10,None,66,1,5,False,1000,1000
14705,155,weighted,10,0.4997014331210191,0,15,None,66,1,5,False,1000,1000
14706,156,weighted,10,0.5080613057324841,0,15,None,66,1,5,False,1000,1000
14707,157,weighted,10,0.5133359872611465,0,15,None,66,1,5,False,1000,1000
14708,158,weighted,10,0.5168192675159236,0,15,None,66,1,5,False,1000,1000
14709,159,weighted,10,0.5177149681528662,0,15,None,66,1,5,False,1000,1000
14710,155,weighted,10,0.4674562101910828,0,16,None,66,1,5,False,1000,1000
14711,156,weighted,10,0.4696457006369426,0,16,None,66,1,5,False,1000,1000
14712,157,weighted,10,0.471437101910828,0,16,None,66,1,5,False,1000,1000
14713,158,weighted,10,0.4726313694267516,0,16,None,66,1,5,False,1000,1000
14714,159,weighted,10,0.476015127388535,0,16,None,66,1,5,False,1000,1000
14715,155,weighted,10,0.5021894904458599,0,11,None,66,1,5,False,1000,1000
14716,156,weighted,10,0.5044785031847133,0,11,None,66,1,5,False,1000,1000
14717,157,weighted,10,0.5078622611464968,0,11,None,66,1,5,False,1000,1000
14718,158,weighted,10,0.5095541401273885,0,11,None,66,1,5,False,1000,1000
14719,159,weighted,10,0.5112460191082803,0,11,None,66,1,5,False,1000,1000
14720,155,weighted,10,0.4766122611464968,0,8,None,66,1,5,False,1000,1000
14721,156,weighted,10,0.4778065286624204,0,8,None,66,1,5,False,1000,1000
14722,157,weighted,10,0.4793988853503185,0,8,None,66,1,5,False,1000,1000
14723,158,weighted,10,0.4821855095541401,0,8,None,66,1,5,False,1000,1000
14724,159,weighted,10,0.4853702229299363,0,8,None,66,1,5,False,1000,1000
14725,155,weighted,10,0.528562898089172,0,20,None,66,1,5,False,1000,1000
14726,156,weighted,10,0.5352308917197452,0,20,None,66,1,5,False,1000,1000
14727,157,weighted,10,0.539609872611465,0,20,None,66,1,5,False,1000,1000
14728,158,weighted,10,0.5419984076433121,0,20,None,66,1,5,False,1000,1000
14729,159,weighted,10,0.5450835987261147,0,20,None,66,1,5,False,1000,1000
14730,155,weighted,10,0.4175955414012738,0,19,None,66,1,5,False,1000,1000
14731,156,weighted,10,0.4200835987261146,0,19,None,66,1,5,False,1000,1000
14732,157,weighted,10,0.4209792993630573,0,19,None,66,1,5,False,1000,1000
14733,158,weighted,10,0.4228702229299363,0,19,None,66,1,5,False,1000,1000
14734,159,weighted,10,0.4243630573248407,0,19,None,66,1,5,False,1000,1000
14735,155,weighted,10,0.4230692675159235,0,14,None,66,1,5,False,1000,1000
14736,156,weighted,10,0.4269506369426751,0,14,None,66,1,5,False,1000,1000
14737,157,weighted,10,0.4307324840764331,0,14,None,66,1,5,False,1000,1000
14738,158,weighted,10,0.4359076433121019,0,14,None,66,1,5,False,1000,1000
14739,159,weighted,10,0.4408837579617834,0,14,None,66,1,5,False,1000,1000
14740,155,weighted,10,0.4763136942675159,0,22,None,66,1,5,False,1000,1000
14741,156,weighted,10,0.4799960191082802,0,22,None,66,1,5,False,1000,1000
14742,157,weighted,10,0.4829816878980891,0,22,None,66,1,5,False,1000,1000
14743,158,weighted,10,0.4858678343949044,0,22,None,66,1,5,False,1000,1000
14744,159,weighted,10,0.4888535031847134,0,22,None,66,1,5,False,1000,1000
14745,155,weighted,10,0.5326433121019108,0,23,None,66,1,5,False,1000,1000
14746,156,weighted,10,0.5360270700636943,0,23,None,66,1,5,False,1000,1000
14747,157,weighted,10,0.5391122611464968,0,23,None,66,1,5,False,1000,1000
14748,158,weighted,10,0.5402070063694268,0,23,None,66,1,5,False,1000,1000
14749,159,weighted,10,0.542296974522293,0,23,None,66,1,5,False,1000,1000
14750,155,weighted,10,0.4765127388535032,0,17,None,66,1,5,False,1000,1000
14751,156,weighted,10,0.4833797770700637,0,17,None,66,1,5,False,1000,1000
14752,157,weighted,10,0.4919386942675159,0,17,None,66,1,5,False,1000,1000
14753,158,weighted,10,0.5035828025477707,0,17,None,66,1,5,False,1000,1000
14754,159,weighted,10,0.5124402866242038,0,17,None,66,1,5,False,1000,1000
14755,155,weighted,10,0.5042794585987261,0,21,None,66,1,5,False,1000,1000
14756,156,weighted,10,0.5089570063694268,0,21,None,66,1,5,False,1000,1000
14757,157,weighted,10,0.5113455414012739,0,21,None,66,1,5,False,1000,1000
14758,158,weighted,10,0.5131369426751592,0,21,None,66,1,5,False,1000,1000
14759,159,weighted,10,0.5146297770700637,0,21,None,66,1,5,False,1000,1000
14760,155,weighted,10,0.4945262738853503,0,24,None,66,1,5,False,1000,1000
14761,156,weighted,10,0.4963176751592357,0,24,None,66,1,5,False,1000,1000
14762,157,weighted,10,0.4957205414012738,0,24,None,66,1,5,False,1000,1000
14763,158,weighted,10,0.4963176751592357,0,24,None,66,1,5,False,1000,1000
14764,159,weighted,10,0.4974124203821656,0,24,None,66,1,5,False,1000,1000
14765,155,weighted,10,0.4833797770700637,0,28,None,66,1,5,False,1000,1000
14766,156,weighted,10,0.4896496815286624,0,28,None,66,1,5,False,1000,1000
14767,157,weighted,10,0.4952229299363057,0,28,None,66,1,5,False,1000,1000
14768,158,weighted,10,0.4997014331210191,0,28,None,66,1,5,False,1000,1000
14769,159,weighted,10,0.5052746815286624,0,28,None,66,1,5,False,1000,1000
14770,155,weighted,10,0.4696457006369426,0,29,None,66,1,5,False,1000,1000
14771,156,weighted,10,0.4766122611464968,0,29,None,66,1,5,False,1000,1000
14772,157,weighted,10,0.4838773885350318,0,29,None,66,1,5,False,1000,1000
14773,158,weighted,10,0.4888535031847134,0,29,None,66,1,5,False,1000,1000
14774,159,weighted,10,0.4963176751592357,0,29,None,66,1,5,False,1000,1000
14775,155,weighted,10,0.4879578025477707,0,9,None,66,1,5,False,1000,1000
14776,156,weighted,10,0.4959195859872611,0,9,None,66,1,5,False,1000,1000
14777,157,weighted,10,0.502687101910828,0,9,None,66,1,5,False,1000,1000
14778,158,weighted,10,0.5094546178343949,0,9,None,66,1,5,False,1000,1000
14779,159,weighted,10,0.5171178343949044,0,9,None,66,1,5,False,1000,1000
14780,155,weighted,10,0.4654657643312102,0,30,None,66,1,5,False,1000,1000
14781,156,weighted,10,0.4704418789808917,0,30,None,66,1,5,False,1000,1000
14782,157,weighted,10,0.4766122611464968,0,30,None,66,1,5,False,1000,1000
14783,158,weighted,10,0.4847730891719745,0,30,None,66,1,5,False,1000,1000
14784,159,weighted,10,0.4910429936305732,0,30,None,66,1,5,False,1000,1000
14785,155,weighted,10,0.4917396496815286,0,18,None,66,1,5,False,1000,1000
14786,156,weighted,10,0.4938296178343949,0,18,None,66,1,5,False,1000,1000
14787,157,weighted,10,0.4965167197452229,0,18,None,66,1,5,False,1000,1000
14788,158,weighted,10,0.4993033439490446,0,18,None,66,1,5,False,1000,1000
14789,159,weighted,10,0.501890923566879,0,18,None,66,1,5,False,1000,1000
14790,155,weighted,10,0.4987062101910828,0,27,None,66,1,5,False,1000,1000
14791,156,weighted,10,0.4995023885350318,0,27,None,66,1,5,False,1000,1000
14792,157,weighted,10,0.5011942675159236,0,27,None,66,1,5,False,1000,1000
14793,158,weighted,10,0.5027866242038217,0,27,None,66,1,5,False,1000,1000
14794,159,weighted,10,0.5055732484076433,0,27,None,66,1,5,False,1000,1000
14795,155,weighted,10,0.3641520700636942,0,31,None,66,1,5,False,1000,1000
14796,156,weighted,10,0.3662420382165605,0,31,None,66,1,5,False,1000,1000
14797,157,weighted,10,0.3670382165605095,0,31,None,66,1,5,False,1000,1000
14798,158,weighted,10,0.367734872611465,0,31,None,66,1,5,False,1000,1000
14799,159,weighted,10,0.3684315286624204,0,31,None,66,1,5,False,1000,1000
14800,155,weighted,10,0.4601910828025478,0,7,None,66,1,5,False,1000,1000
14801,156,weighted,10,0.4612858280254777,0,7,None,66,1,5,False,1000,1000
14802,157,weighted,10,0.4628781847133758,0,7,None,66,1,5,False,1000,1000
14803,158,weighted,10,0.4648686305732484,0,7,None,66,1,5,False,1000,1000
14804,159,weighted,10,0.4685509554140127,0,7,None,66,1,5,False,1000,1000
14805,155,weighted,10,0.5261743630573248,0,32,None,66,1,5,False,1000,1000
14806,156,weighted,10,0.526671974522293,0,32,None,66,1,5,False,1000,1000
14807,157,weighted,10,0.5275676751592356,0,32,None,66,1,5,False,1000,1000
14808,158,weighted,10,0.5277667197452229,0,32,None,66,1,5,False,1000,1000
14809,159,weighted,10,0.53015525477707,0,32,None,66,1,5,False,1000,1000
14810,155,weighted,10,0.4800955414012738,0,4,None,66,1,5,False,1000,1000
14811,156,weighted,10,0.48328025477707,0,4,None,66,1,5,False,1000,1000
14812,157,weighted,10,0.4876592356687898,0,4,None,66,1,5,False,1000,1000
14813,158,weighted,10,0.4931329617834395,0,4,None,66,1,5,False,1000,1000
14814,159,weighted,10,0.5014928343949044,0,4,None,66,1,5,False,1000,1000
14815,155,weighted,10,0.5452826433121019,0,3,None,66,1,5,False,1000,1000
14816,156,weighted,10,0.5475716560509554,0,3,None,66,1,5,False,1000,1000
14817,157,weighted,10,0.5491640127388535,0,3,None,66,1,5,False,1000,1000
14818,158,weighted,10,0.5511544585987261,0,3,None,66,1,5,False,1000,1000
14819,159,weighted,10,0.5537420382165605,0,3,None,66,1,5,False,1000,1000
14820,155,weighted,10,0.4522292993630573,0,6,None,66,1,5,False,1000,1000
14821,156,weighted,10,0.4569068471337579,0,6,None,66,1,5,False,1000,1000
14822,157,weighted,10,0.4616839171974522,0,6,None,66,1,5,False,1000,1000
14823,158,weighted,10,0.4678542993630573,0,6,None,66,1,5,False,1000,1000
14824,159,weighted,10,0.4755175159235669,0,6,None,66,1,5,False,1000,1000
14825,155,weighted,10,0.5208001592356688,0,25,None,66,1,5,False,1000,1000
14826,156,weighted,10,0.5197054140127388,0,25,None,66,1,5,False,1000,1000
14827,157,weighted,10,0.5192078025477707,0,25,None,66,1,5,False,1000,1000
14828,158,weighted,10,0.5215963375796179,0,25,None,66,1,5,False,1000,1000
14829,159,weighted,10,0.5232882165605095,0,25,None,66,1,5,False,1000,1000
14830,155,weighted,10,0.4818869426751592,0,26,None,66,1,5,False,1000,1000
14831,156,weighted,10,0.4926353503184713,0,26,None,66,1,5,False,1000,1000
14832,157,weighted,10,0.5005971337579618,0,26,None,66,1,5,False,1000,1000
14833,158,weighted,10,0.5076632165605095,0,26,None,66,1,5,False,1000,1000
14834,159,weighted,10,0.515625,0,26,None,66,1,5,False,1000,1000
14835,155,weighted,10,0.4795979299363057,0,12,None,66,1,5,False,1000,1000
14836,156,weighted,10,0.4884554140127388,0,12,None,66,1,5,False,1000,1000
14837,157,weighted,10,0.4990047770700637,0,12,None,66,1,5,False,1000,1000
14838,158,weighted,10,0.5036823248407644,0,12,None,66,1,5,False,1000,1000
14839,159,weighted,10,0.5079617834394905,0,12,None,66,1,5,False,1000,1000
14840,155,weighted,10,0.4838773885350318,0,13,None,66,1,5,False,1000,1000
14841,156,weighted,10,0.489749203821656,0,13,None,66,1,5,False,1000,1000
14842,157,weighted,10,0.4969148089171974,0,13,None,66,1,5,False,1000,1000
14843,158,weighted,10,0.5013933121019108,0,13,None,66,1,5,False,1000,1000
14844,159,weighted,10,0.5039808917197452,0,13,None,66,1,5,False,1000,1000
14845,155,weighted,10,0.4909434713375796,0,0,None,66,1,5,False,1000,1000
14846,156,weighted,10,0.4983081210191082,0,0,None,66,1,5,False,1000,1000
14847,157,weighted,10,0.5060708598726115,0,0,None,66,1,5,False,1000,1000
14848,158,weighted,10,0.5114450636942676,0,0,None,66,1,5,False,1000,1000
14849,159,weighted,10,0.5178144904458599,0,0,None,66,1,5,False,1000,1000
14850,160,weighted,10,0.5409036624203821,0,2,None,66,1,5,False,1000,1000
14851,161,weighted,10,0.544187898089172,0,2,None,66,1,5,False,1000,1000
14852,162,weighted,10,0.5483678343949044,0,2,None,66,1,5,False,1000,1000
14853,163,weighted,10,0.5508558917197452,0,2,None,66,1,5,False,1000,1000
14854,164,weighted,10,0.5535429936305732,0,2,None,66,1,5,False,1000,1000
14855,160,weighted,10,0.4853702229299363,0,7,None,66,1,5,False,1000,1000
14856,161,weighted,10,0.4951234076433121,0,7,None,66,1,5,False,1000,1000
14857,162,weighted,10,0.5029856687898089,0,7,None,66,1,5,False,1000,1000
14858,163,weighted,10,0.5090565286624203,0,7,None,66,1,5,False,1000,1000
14859,164,weighted,10,0.5154259554140127,0,7,None,66,1,5,False,1000,1000
14860,160,weighted,10,0.5122412420382165,0,11,None,66,1,5,False,1000,1000
14861,161,weighted,10,0.5140326433121019,0,11,None,66,1,5,False,1000,1000
14862,162,weighted,10,0.5157245222929936,0,11,None,66,1,5,False,1000,1000
14863,163,weighted,10,0.5186106687898089,0,11,None,66,1,5,False,1000,1000
14864,164,weighted,10,0.5207006369426752,0,11,None,66,1,5,False,1000,1000
14865,160,weighted,10,0.5269705414012739,0,15,None,66,1,5,False,1000,1000
14866,161,weighted,10,0.5262738853503185,0,15,None,66,1,5,False,1000,1000
14867,162,weighted,10,0.5244824840764332,0,15,None,66,1,5,False,1000,1000
14868,163,weighted,10,0.5230891719745223,0,15,None,66,1,5,False,1000,1000
14869,164,weighted,10,0.5260748407643312,0,15,None,66,1,5,False,1000,1000
14870,160,weighted,10,0.5159235668789809,0,17,None,66,1,5,False,1000,1000
14871,161,weighted,10,0.523984872611465,0,17,None,66,1,5,False,1000,1000
14872,162,weighted,10,0.5319466560509554,0,17,None,66,1,5,False,1000,1000
14873,163,weighted,10,0.536922770700637,0,17,None,66,1,5,False,1000,1000
14874,164,weighted,10,0.5390127388535032,0,17,None,66,1,5,False,1000,1000
14875,160,weighted,10,0.5451831210191083,0,5,None,66,1,5,False,1000,1000
14876,161,weighted,10,0.54796974522293,0,5,None,66,1,5,False,1000,1000
14877,162,weighted,10,0.5511544585987261,0,5,None,66,1,5,False,1000,1000
14878,163,weighted,10,0.5532444267515924,0,5,None,66,1,5,False,1000,1000
14879,164,weighted,10,0.5558320063694268,0,5,None,66,1,5,False,1000,1000
14880,160,weighted,10,0.5458797770700637,0,20,None,66,1,5,False,1000,1000
14881,161,weighted,10,0.5484673566878981,0,20,None,66,1,5,False,1000,1000
14882,162,weighted,10,0.551453025477707,0,20,None,66,1,5,False,1000,1000
14883,163,weighted,10,0.5539410828025477,0,20,None,66,1,5,False,1000,1000
14884,164,weighted,10,0.555234872611465,0,20,None,66,1,5,False,1000,1000
14885,160,weighted,10,0.5139331210191083,0,10,None,66,1,5,False,1000,1000
14886,161,weighted,10,0.5200039808917197,0,10,None,66,1,5,False,1000,1000
14887,162,weighted,10,0.5237858280254777,0,10,None,66,1,5,False,1000,1000
14888,163,weighted,10,0.5271695859872612,0,10,None,66,1,5,False,1000,1000
14889,164,weighted,10,0.5282643312101911,0,10,None,66,1,5,False,1000,1000
14890,160,weighted,10,0.4921377388535032,0,22,None,66,1,5,False,1000,1000
14891,161,weighted,10,0.501890923566879,0,22,None,66,1,5,False,1000,1000
14892,162,weighted,10,0.5147292993630573,0,22,None,66,1,5,False,1000,1000
14893,163,weighted,10,0.526671974522293,0,22,None,66,1,5,False,1000,1000
14894,164,weighted,10,0.5353304140127388,0,22,None,66,1,5,False,1000,1000
14895,160,weighted,10,0.5342356687898089,0,32,None,66,1,5,False,1000,1000
14896,161,weighted,10,0.5362261146496815,0,32,None,66,1,5,False,1000,1000
14897,162,weighted,10,0.5386146496815286,0,32,None,66,1,5,False,1000,1000
14898,163,weighted,10,0.5408041401273885,0,32,None,66,1,5,False,1000,1000
14899,164,weighted,10,0.5434912420382165,0,32,None,66,1,5,False,1000,1000
14900,160,weighted,10,0.4802945859872611,0,16,None,66,1,5,False,1000,1000
14901,161,weighted,10,0.4865644904458598,0,16,None,66,1,5,False,1000,1000
14902,162,weighted,10,0.4963176751592357,0,16,None,66,1,5,False,1000,1000
14903,163,weighted,10,0.5108479299363057,0,16,None,66,1,5,False,1000,1000
14904,164,weighted,10,0.5207006369426752,0,16,None,66,1,5,False,1000,1000
14905,160,weighted,10,0.49890525477707,0,8,None,66,1,5,False,1000,1000
14906,161,weighted,10,0.5038813694267515,0,8,None,66,1,5,False,1000,1000
14907,162,weighted,10,0.5105493630573248,0,8,None,66,1,5,False,1000,1000
14908,163,weighted,10,0.5174164012738853,0,8,None,66,1,5,False,1000,1000
14909,164,weighted,10,0.5230891719745223,0,8,None,66,1,5,False,1000,1000
14910,160,weighted,10,0.5097531847133758,0,18,None,66,1,5,False,1000,1000
14911,161,weighted,10,0.512937898089172,0,18,None,66,1,5,False,1000,1000
14912,162,weighted,10,0.5171178343949044,0,18,None,66,1,5,False,1000,1000
14913,163,weighted,10,0.5190087579617835,0,18,None,66,1,5,False,1000,1000
14914,164,weighted,10,0.5241839171974523,0,18,None,66,1,5,False,1000,1000
14915,160,weighted,10,0.4330214968152866,0,14,None,66,1,5,False,1000,1000
14916,161,weighted,10,0.4381966560509554,0,14,None,66,1,5,False,1000,1000
14917,162,weighted,10,0.4436703821656051,0,14,None,66,1,5,False,1000,1000
14918,163,weighted,10,0.4488455414012738,0,14,None,66,1,5,False,1000,1000
14919,164,weighted,10,0.4568073248407643,0,14,None,66,1,5,False,1000,1000
14920,160,weighted,10,0.4244625796178344,0,19,None,66,1,5,False,1000,1000
14921,161,weighted,10,0.4257563694267516,0,19,None,66,1,5,False,1000,1000
14922,162,weighted,10,0.4276472929936306,0,19,None,66,1,5,False,1000,1000
14923,163,weighted,10,0.4301353503184713,0,19,None,66,1,5,False,1000,1000
14924,164,weighted,10,0.4348128980891719,0,19,None,66,1,5,False,1000,1000
14925,160,weighted,10,0.5171178343949044,0,21,None,66,1,5,False,1000,1000
14926,161,weighted,10,0.5200039808917197,0,21,None,66,1,5,False,1000,1000
14927,162,weighted,10,0.5223925159235668,0,21,None,66,1,5,False,1000,1000
14928,163,weighted,10,0.5240843949044586,0,21,None,66,1,5,False,1000,1000
14929,164,weighted,10,0.5249800955414012,0,21,None,66,1,5,False,1000,1000
14930,160,weighted,10,0.4952229299363057,0,24,None,66,1,5,False,1000,1000
14931,161,weighted,10,0.4959195859872611,0,24,None,66,1,5,False,1000,1000
14932,162,weighted,10,0.4978105095541401,0,24,None,66,1,5,False,1000,1000
14933,163,weighted,10,0.4985071656050955,0,24,None,66,1,5,False,1000,1000
14934,164,weighted,10,0.5,0,24,None,66,1,5,False,1000,1000
14935,160,weighted,10,0.5071656050955414,0,27,None,66,1,5,False,1000,1000
14936,161,weighted,10,0.5084593949044586,0,27,None,66,1,5,False,1000,1000
14937,162,weighted,10,0.5102507961783439,0,27,None,66,1,5,False,1000,1000
14938,163,weighted,10,0.5109474522292994,0,27,None,66,1,5,False,1000,1000
14939,164,weighted,10,0.5126393312101911,0,27,None,66,1,5,False,1000,1000
14940,160,weighted,10,0.4967157643312102,0,30,None,66,1,5,False,1000,1000
14941,161,weighted,10,0.5017914012738853,0,30,None,66,1,5,False,1000,1000
14942,162,weighted,10,0.5048765923566879,0,30,None,66,1,5,False,1000,1000
14943,163,weighted,10,0.5076632165605095,0,30,None,66,1,5,False,1000,1000
14944,164,weighted,10,0.5100517515923567,0,30,None,66,1,5,False,1000,1000
14945,160,weighted,10,0.3584792993630573,0,31,None,66,1,5,False,1000,1000
14946,161,weighted,10,0.3646496815286624,0,31,None,66,1,5,False,1000,1000
14947,162,weighted,10,0.3665406050955414,0,31,None,66,1,5,False,1000,1000
14948,163,weighted,10,0.3682324840764331,0,31,None,66,1,5,False,1000,1000
14949,164,weighted,10,0.3690286624203822,0,31,None,66,1,5,False,1000,1000
14950,160,weighted,10,0.509952229299363,0,28,None,66,1,5,False,1000,1000
14951,161,weighted,10,0.5116441082802548,0,28,None,66,1,5,False,1000,1000
14952,162,weighted,10,0.5134355095541401,0,28,None,66,1,5,False,1000,1000
14953,163,weighted,10,0.5141321656050956,0,28,None,66,1,5,False,1000,1000
14954,164,weighted,10,0.5163216560509554,0,28,None,66,1,5,False,1000,1000
14955,160,weighted,10,0.5034832802547771,0,29,None,66,1,5,False,1000,1000
14956,161,weighted,10,0.5057722929936306,0,29,None,66,1,5,False,1000,1000
14957,162,weighted,10,0.5068670382165605,0,29,None,66,1,5,False,1000,1000
14958,163,weighted,10,0.5086584394904459,0,29,None,66,1,5,False,1000,1000
14959,164,weighted,10,0.5098527070063694,0,29,None,66,1,5,False,1000,1000
14960,160,weighted,10,0.5234872611464968,0,9,None,66,1,5,False,1000,1000
14961,161,weighted,10,0.5270700636942676,0,9,None,66,1,5,False,1000,1000
14962,162,weighted,10,0.5295581210191083,0,9,None,66,1,5,False,1000,1000
14963,163,weighted,10,0.5319466560509554,0,9,None,66,1,5,False,1000,1000
14964,164,weighted,10,0.5336385350318471,0,9,None,66,1,5,False,1000,1000
14965,160,weighted,10,0.4868630573248407,0,6,None,66,1,5,False,1000,1000
14966,161,weighted,10,0.4942277070063694,0,6,None,66,1,5,False,1000,1000
14967,162,weighted,10,0.5008957006369427,0,6,None,66,1,5,False,1000,1000
14968,163,weighted,10,0.5047770700636943,0,6,None,66,1,5,False,1000,1000
14969,164,weighted,10,0.5084593949044586,0,6,None,66,1,5,False,1000,1000
14970,160,weighted,10,0.5554339171974523,0,3,None,66,1,5,False,1000,1000
14971,161,weighted,10,0.5577229299363057,0,3,None,66,1,5,False,1000,1000
14972,162,weighted,10,0.5594148089171974,0,3,None,66,1,5,False,1000,1000
14973,163,weighted,10,0.5621019108280255,0,3,None,66,1,5,False,1000,1000
14974,164,weighted,10,0.5642914012738853,0,3,None,66,1,5,False,1000,1000
14975,160,weighted,10,0.5121417197452229,0,12,None,66,1,5,False,1000,1000
14976,161,weighted,10,0.512937898089172,0,12,None,66,1,5,False,1000,1000
14977,162,weighted,10,0.5141321656050956,0,12,None,66,1,5,False,1000,1000
14978,163,weighted,10,0.515625,0,12,None,66,1,5,False,1000,1000
14979,164,weighted,10,0.5176154458598726,0,12,None,66,1,5,False,1000,1000
14980,160,weighted,10,0.5068670382165605,0,13,None,66,1,5,False,1000,1000
14981,161,weighted,10,0.5102507961783439,0,13,None,66,1,5,False,1000,1000
14982,162,weighted,10,0.5144307324840764,0,13,None,66,1,5,False,1000,1000
14983,163,weighted,10,0.5173168789808917,0,13,None,66,1,5,False,1000,1000
14984,164,weighted,10,0.5193073248407644,0,13,None,66,1,5,False,1000,1000
14985,160,weighted,10,0.5256767515923567,0,26,None,66,1,5,False,1000,1000
14986,161,weighted,10,0.5304538216560509,0,26,None,66,1,5,False,1000,1000
14987,162,weighted,10,0.5329418789808917,0,26,None,66,1,5,False,1000,1000
14988,163,weighted,10,0.5362261146496815,0,26,None,66,1,5,False,1000,1000
14989,164,weighted,10,0.5386146496815286,0,26,None,66,1,5,False,1000,1000
14990,160,weighted,10,0.526671974522293,0,25,None,66,1,5,False,1000,1000
14991,161,weighted,10,0.526671974522293,0,25,None,66,1,5,False,1000,1000
14992,162,weighted,10,0.5276671974522293,0,25,None,66,1,5,False,1000,1000
14993,163,weighted,10,0.5291600318471338,0,25,None,66,1,5,False,1000,1000
14994,164,weighted,10,0.529359076433121,0,25,None,66,1,5,False,1000,1000
14995,160,weighted,10,0.4155055732484076,0,1,None,66,1,5,False,1000,1000
14996,161,weighted,10,0.4232683121019108,0,1,None,66,1,5,False,1000,1000
14997,162,weighted,10,0.4260549363057325,0,1,None,66,1,5,False,1000,1000
14998,163,weighted,10,0.4307324840764331,0,1,None,66,1,5,False,1000,1000
14999,164,weighted,10,0.4330214968152866,0,1,None,66,1,5,False,1000,1000
15000,160,weighted,10,0.5180135350318471,0,4,None,66,1,5,False,1000,1000
15001,161,weighted,10,0.5233877388535032,0,4,None,66,1,5,False,1000,1000
15002,162,weighted,10,0.529359076433121,0,4,None,66,1,5,False,1000,1000
15003,163,weighted,10,0.5364251592356688,0,4,None,66,1,5,False,1000,1000
15004,164,weighted,10,0.5400079617834395,0,4,None,66,1,5,False,1000,1000
15005,160,weighted,10,0.5253781847133758,0,0,None,66,1,5,False,1000,1000
15006,161,weighted,10,0.5308519108280255,0,0,None,66,1,5,False,1000,1000
15007,162,weighted,10,0.5363256369426752,0,0,None,66,1,5,False,1000,1000
15008,163,weighted,10,0.5381170382165605,0,0,None,66,1,5,False,1000,1000
15009,164,weighted,10,0.5407046178343949,0,0,None,66,1,5,False,1000,1000
15010,160,weighted,10,0.5414012738853503,0,23,None,66,1,5,False,1000,1000
15011,161,weighted,10,0.5429936305732485,0,23,None,66,1,5,False,1000,1000
15012,162,weighted,10,0.5442874203821656,0,23,None,66,1,5,False,1000,1000
15013,163,weighted,10,0.5470740445859873,0,23,None,66,1,5,False,1000,1000
15014,164,weighted,10,0.5491640127388535,0,23,None,66,1,5,False,1000,1000
15015,165,weighted,10,0.5407046178343949,0,17,None,66,1,5,False,1000,1000
15016,166,weighted,10,0.5437898089171974,0,17,None,66,1,5,False,1000,1000
15017,167,weighted,10,0.5458797770700637,0,17,None,66,1,5,False,1000,1000
15018,168,weighted,10,0.5473726114649682,0,17,None,66,1,5,False,1000,1000
15019,169,weighted,10,0.5493630573248408,0,17,None,66,1,5,False,1000,1000
15020,165,weighted,10,0.5434912420382165,0,26,None,66,1,5,False,1000,1000
15021,166,weighted,10,0.5440883757961783,0,26,None,66,1,5,False,1000,1000
15022,167,weighted,10,0.544984076433121,0,26,None,66,1,5,False,1000,1000
15023,168,weighted,10,0.5469745222929936,0,26,None,66,1,5,False,1000,1000
15024,169,weighted,10,0.5493630573248408,0,26,None,66,1,5,False,1000,1000
15025,165,weighted,10,0.5292595541401274,0,16,None,66,1,5,False,1000,1000
15026,166,weighted,10,0.5363256369426752,0,16,None,66,1,5,False,1000,1000
15027,167,weighted,10,0.5406050955414012,0,16,None,66,1,5,False,1000,1000
15028,168,weighted,10,0.5429936305732485,0,16,None,66,1,5,False,1000,1000
15029,169,weighted,10,0.5465764331210191,0,16,None,66,1,5,False,1000,1000
15030,165,weighted,10,0.5315485668789809,0,18,None,66,1,5,False,1000,1000
15031,166,weighted,10,0.5360270700636943,0,18,None,66,1,5,False,1000,1000
15032,167,weighted,10,0.5392117834394905,0,18,None,66,1,5,False,1000,1000
15033,168,weighted,10,0.5417993630573248,0,18,None,66,1,5,False,1000,1000
15034,169,weighted,10,0.5443869426751592,0,18,None,66,1,5,False,1000,1000
15035,165,weighted,10,0.5318471337579618,0,10,None,66,1,5,False,1000,1000
15036,166,weighted,10,0.5335390127388535,0,10,None,66,1,5,False,1000,1000
15037,167,weighted,10,0.5356289808917197,0,10,None,66,1,5,False,1000,1000
15038,168,weighted,10,0.5374203821656051,0,10,None,66,1,5,False,1000,1000
15039,169,weighted,10,0.5391122611464968,0,10,None,66,1,5,False,1000,1000
15040,165,weighted,10,0.5209992038216561,0,11,None,66,1,5,False,1000,1000
15041,166,weighted,10,0.5224920382165605,0,11,None,66,1,5,False,1000,1000
15042,167,weighted,10,0.523984872611465,0,11,None,66,1,5,False,1000,1000
15043,168,weighted,10,0.5252786624203821,0,11,None,66,1,5,False,1000,1000
15044,169,weighted,10,0.5272691082802548,0,11,None,66,1,5,False,1000,1000
15045,165,weighted,10,0.5313495222929936,0,15,None,66,1,5,False,1000,1000
15046,166,weighted,10,0.5324442675159236,0,15,None,66,1,5,False,1000,1000
15047,167,weighted,10,0.5344347133757962,0,15,None,66,1,5,False,1000,1000
15048,168,weighted,10,0.5356289808917197,0,15,None,66,1,5,False,1000,1000
15049,169,weighted,10,0.5361265923566879,0,15,None,66,1,5,False,1000,1000
15050,165,weighted,10,0.5561305732484076,0,20,None,66,1,5,False,1000,1000
15051,166,weighted,10,0.5581210191082803,0,20,None,66,1,5,False,1000,1000
15052,167,weighted,10,0.5615047770700637,0,20,None,66,1,5,False,1000,1000
15053,168,weighted,10,0.5630971337579618,0,20,None,66,1,5,False,1000,1000
15054,169,weighted,10,0.5644904458598726,0,20,None,66,1,5,False,1000,1000
15055,165,weighted,10,0.5435907643312102,0,22,None,66,1,5,False,1000,1000
15056,166,weighted,10,0.5491640127388535,0,22,None,66,1,5,False,1000,1000
15057,167,weighted,10,0.5535429936305732,0,22,None,66,1,5,False,1000,1000
15058,168,weighted,10,0.5562300955414012,0,22,None,66,1,5,False,1000,1000
15059,169,weighted,10,0.5593152866242038,0,22,None,66,1,5,False,1000,1000
15060,165,weighted,10,0.529359076433121,0,7,None,66,1,5,False,1000,1000
15061,166,weighted,10,0.5314490445859873,0,7,None,66,1,5,False,1000,1000
15062,167,weighted,10,0.533937101910828,0,7,None,66,1,5,False,1000,1000
15063,168,weighted,10,0.5373208598726115,0,7,None,66,1,5,False,1000,1000
15064,169,weighted,10,0.5392117834394905,0,7,None,66,1,5,False,1000,1000
15065,165,weighted,10,0.5460788216560509,0,32,None,66,1,5,False,1000,1000
15066,166,weighted,10,0.5472730891719745,0,32,None,66,1,5,False,1000,1000
15067,167,weighted,10,0.5502587579617835,0,32,None,66,1,5,False,1000,1000
15068,168,weighted,10,0.5517515923566879,0,32,None,66,1,5,False,1000,1000
15069,169,weighted,10,0.5542396496815286,0,32,None,66,1,5,False,1000,1000
15070,165,weighted,10,0.5117436305732485,0,6,None,66,1,5,False,1000,1000
15071,166,weighted,10,0.5140326433121019,0,6,None,66,1,5,False,1000,1000
15072,167,weighted,10,0.5173168789808917,0,6,None,66,1,5,False,1000,1000
15073,168,weighted,10,0.5196058917197452,0,6,None,66,1,5,False,1000,1000
15074,169,weighted,10,0.5213972929936306,0,6,None,66,1,5,False,1000,1000
15075,165,weighted,10,0.4220740445859872,0,1,None,66,1,5,False,1000,1000
15076,166,weighted,10,0.4281449044585987,0,1,None,66,1,5,False,1000,1000
15077,167,weighted,10,0.4324243630573248,0,1,None,66,1,5,False,1000,1000
15078,168,weighted,10,0.4357085987261146,0,1,None,66,1,5,False,1000,1000
15079,169,weighted,10,0.4372014331210191,0,1,None,66,1,5,False,1000,1000
15080,165,weighted,10,0.5512539808917197,0,5,None,66,1,5,False,1000,1000
15081,166,weighted,10,0.5548367834394905,0,5,None,66,1,5,False,1000,1000
15082,167,weighted,10,0.5575238853503185,0,5,None,66,1,5,False,1000,1000
15083,168,weighted,10,0.5601114649681529,0,5,None,66,1,5,False,1000,1000
15084,169,weighted,10,0.5618033439490446,0,5,None,66,1,5,False,1000,1000
15085,165,weighted,10,0.5456807324840764,0,4,None,66,1,5,False,1000,1000
15086,166,weighted,10,0.5477707006369427,0,4,None,66,1,5,False,1000,1000
15087,167,weighted,10,0.5492635350318471,0,4,None,66,1,5,False,1000,1000
15088,168,weighted,10,0.5508558917197452,0,4,None,66,1,5,False,1000,1000
15089,169,weighted,10,0.5529458598726115,0,4,None,66,1,5,False,1000,1000
15090,165,weighted,10,0.5408041401273885,0,8,None,66,1,5,False,1000,1000
15091,166,weighted,10,0.5437898089171974,0,8,None,66,1,5,False,1000,1000
15092,167,weighted,10,0.5464769108280255,0,8,None,66,1,5,False,1000,1000
15093,168,weighted,10,0.5480692675159236,0,8,None,66,1,5,False,1000,1000
15094,169,weighted,10,0.5516520700636943,0,8,None,66,1,5,False,1000,1000
15095,165,weighted,10,0.5524482484076433,0,23,None,66,1,5,False,1000,1000
15096,166,weighted,10,0.5537420382165605,0,23,None,66,1,5,False,1000,1000
15097,167,weighted,10,0.5567277070063694,0,23,None,66,1,5,False,1000,1000
15098,168,weighted,10,0.5580214968152867,0,23,None,66,1,5,False,1000,1000
15099,169,weighted,10,0.5582205414012739,0,23,None,66,1,5,False,1000,1000
15100,165,weighted,10,0.5206011146496815,0,13,None,66,1,5,False,1000,1000
15101,166,weighted,10,0.5227906050955414,0,13,None,66,1,5,False,1000,1000
15102,167,weighted,10,0.5249800955414012,0,13,None,66,1,5,False,1000,1000
15103,168,weighted,10,0.5270700636942676,0,13,None,66,1,5,False,1000,1000
15104,169,weighted,10,0.5281648089171974,0,13,None,66,1,5,False,1000,1000
15105,165,weighted,10,0.5213972929936306,0,12,None,66,1,5,False,1000,1000
15106,166,weighted,10,0.5216958598726115,0,12,None,66,1,5,False,1000,1000
15107,167,weighted,10,0.5232882165605095,0,12,None,66,1,5,False,1000,1000
15108,168,weighted,10,0.5240843949044586,0,12,None,66,1,5,False,1000,1000
15109,169,weighted,10,0.5250796178343949,0,12,None,66,1,5,False,1000,1000
15110,165,weighted,10,0.4451632165605095,0,19,None,66,1,5,False,1000,1000
15111,166,weighted,10,0.4556130573248407,0,19,None,66,1,5,False,1000,1000
15112,167,weighted,10,0.464968152866242,0,19,None,66,1,5,False,1000,1000
15113,168,weighted,10,0.4727308917197452,0,19,None,66,1,5,False,1000,1000
15114,169,weighted,10,0.4795979299363057,0,19,None,66,1,5,False,1000,1000
15115,165,weighted,10,0.5276671974522293,0,21,None,66,1,5,False,1000,1000
15116,166,weighted,10,0.5284633757961783,0,21,None,66,1,5,False,1000,1000
15117,167,weighted,10,0.529359076433121,0,21,None,66,1,5,False,1000,1000
15118,168,weighted,10,0.5296576433121019,0,21,None,66,1,5,False,1000,1000
15119,169,weighted,10,0.5313495222929936,0,21,None,66,1,5,False,1000,1000
15120,165,weighted,10,0.498109076433121,0,24,None,66,1,5,False,1000,1000
15121,166,weighted,10,0.4998009554140127,0,24,None,66,1,5,False,1000,1000
15122,167,weighted,10,0.5023885350318471,0,24,None,66,1,5,False,1000,1000
15123,168,weighted,10,0.5043789808917197,0,24,None,66,1,5,False,1000,1000
15124,169,weighted,10,0.5059713375796179,0,24,None,66,1,5,False,1000,1000
15125,165,weighted,10,0.5170183121019108,0,27,None,66,1,5,False,1000,1000
15126,166,weighted,10,0.5172173566878981,0,27,None,66,1,5,False,1000,1000
15127,167,weighted,10,0.5184116242038217,0,27,None,66,1,5,False,1000,1000
15128,168,weighted,10,0.5196058917197452,0,27,None,66,1,5,False,1000,1000
15129,169,weighted,10,0.5217953821656051,0,27,None,66,1,5,False,1000,1000
15130,165,weighted,10,0.5120421974522293,0,30,None,66,1,5,False,1000,1000
15131,166,weighted,10,0.5130374203821656,0,30,None,66,1,5,False,1000,1000
15132,167,weighted,10,0.5136345541401274,0,30,None,66,1,5,False,1000,1000
15133,168,weighted,10,0.5152269108280255,0,30,None,66,1,5,False,1000,1000
15134,169,weighted,10,0.5161226114649682,0,30,None,66,1,5,False,1000,1000
15135,165,weighted,10,0.35828025477707,0,31,None,66,1,5,False,1000,1000
15136,166,weighted,10,0.3626592356687898,0,31,None,66,1,5,False,1000,1000
15137,167,weighted,10,0.3660429936305732,0,31,None,66,1,5,False,1000,1000
15138,168,weighted,10,0.3671377388535032,0,31,None,66,1,5,False,1000,1000
15139,169,weighted,10,0.3683320063694267,0,31,None,66,1,5,False,1000,1000
15140,165,weighted,10,0.5184116242038217,0,28,None,66,1,5,False,1000,1000
15141,166,weighted,10,0.5191082802547771,0,28,None,66,1,5,False,1000,1000
15142,167,weighted,10,0.5205015923566879,0,28,None,66,1,5,False,1000,1000
15143,168,weighted,10,0.5217953821656051,0,28,None,66,1,5,False,1000,1000
15144,169,weighted,10,0.5223925159235668,0,28,None,66,1,5,False,1000,1000
15145,165,weighted,10,0.5557324840764332,0,2,None,66,1,5,False,1000,1000
15146,166,weighted,10,0.5574243630573248,0,2,None,66,1,5,False,1000,1000
15147,167,weighted,10,0.557921974522293,0,2,None,66,1,5,False,1000,1000
15148,168,weighted,10,0.5607085987261147,0,2,None,66,1,5,False,1000,1000
15149,169,weighted,10,0.5623009554140127,0,2,None,66,1,5,False,1000,1000
15150,165,weighted,10,0.5657842356687898,0,3,None,66,1,5,False,1000,1000
15151,166,weighted,10,0.5677746815286624,0,3,None,66,1,5,False,1000,1000
15152,167,weighted,10,0.5694665605095541,0,3,None,66,1,5,False,1000,1000
15153,168,weighted,10,0.5722531847133758,0,3,None,66,1,5,False,1000,1000
15154,169,weighted,10,0.5742436305732485,0,3,None,66,1,5,False,1000,1000
15155,165,weighted,10,0.5435907643312102,0,0,None,66,1,5,False,1000,1000
15156,166,weighted,10,0.5455812101910829,0,0,None,66,1,5,False,1000,1000
15157,167,weighted,10,0.5475716560509554,0,0,None,66,1,5,False,1000,1000
15158,168,weighted,10,0.5482683121019108,0,0,None,66,1,5,False,1000,1000
15159,169,weighted,10,0.5489649681528662,0,0,None,66,1,5,False,1000,1000
15160,165,weighted,10,0.4470541401273885,0,14,None,66,1,5,False,1000,1000
15161,166,weighted,10,0.4568073248407643,0,14,None,66,1,5,False,1000,1000
15162,167,weighted,10,0.4662619426751592,0,14,None,66,1,5,False,1000,1000
15163,168,weighted,10,0.4751194267515923,0,14,None,66,1,5,False,1000,1000
15164,169,weighted,10,0.4840764331210191,0,14,None,66,1,5,False,1000,1000
15165,165,weighted,10,0.5329418789808917,0,9,None,66,1,5,False,1000,1000
15166,166,weighted,10,0.5353304140127388,0,9,None,66,1,5,False,1000,1000
15167,167,weighted,10,0.5370222929936306,0,9,None,66,1,5,False,1000,1000
15168,168,weighted,10,0.5376194267515924,0,9,None,66,1,5,False,1000,1000
15169,169,weighted,10,0.5386146496815286,0,9,None,66,1,5,False,1000,1000
15170,165,weighted,10,0.5333399681528662,0,25,None,66,1,5,False,1000,1000
15171,166,weighted,10,0.5336385350318471,0,25,None,66,1,5,False,1000,1000
15172,167,weighted,10,0.5352308917197452,0,25,None,66,1,5,False,1000,1000
15173,168,weighted,10,0.5374203821656051,0,25,None,66,1,5,False,1000,1000
15174,169,weighted,10,0.5398089171974523,0,25,None,66,1,5,False,1000,1000
15175,165,weighted,10,0.5112460191082803,0,29,None,66,1,5,False,1000,1000
15176,166,weighted,10,0.5134355095541401,0,29,None,66,1,5,False,1000,1000
15177,167,weighted,10,0.5140326433121019,0,29,None,66,1,5,False,1000,1000
15178,168,weighted,10,0.5143312101910829,0,29,None,66,1,5,False,1000,1000
15179,169,weighted,10,0.5158240445859873,0,29,None,66,1,5,False,1000,1000
15180,170,weighted,10,0.4228702229299363,0,1,None,66,1,5,False,1000,1000
15181,171,weighted,10,0.4294386942675159,0,1,None,66,1,5,False,1000,1000
15182,172,weighted,10,0.433718152866242,0,1,None,66,1,5,False,1000,1000
15183,173,weighted,10,0.4377985668789809,0,1,None,66,1,5,False,1000,1000
15184,174,weighted,10,0.4407842356687898,0,1,None,66,1,5,False,1000,1000
15185,170,weighted,10,0.5578224522292994,0,32,None,66,1,5,False,1000,1000
15186,171,weighted,10,0.5597133757961783,0,32,None,66,1,5,False,1000,1000
15187,172,weighted,10,0.5613057324840764,0,32,None,66,1,5,False,1000,1000
15188,173,weighted,10,0.5632961783439491,0,32,None,66,1,5,False,1000,1000
15189,174,weighted,10,0.564390923566879,0,32,None,66,1,5,False,1000,1000
15190,170,weighted,10,0.5488654458598726,0,16,None,66,1,5,False,1000,1000
15191,171,weighted,10,0.5503582802547771,0,16,None,66,1,5,False,1000,1000
15192,172,weighted,10,0.5505573248407644,0,16,None,66,1,5,False,1000,1000
15193,173,weighted,10,0.552547770700637,0,16,None,66,1,5,False,1000,1000
15194,174,weighted,10,0.5540406050955414,0,16,None,66,1,5,False,1000,1000
15195,170,weighted,10,0.5567277070063694,0,8,None,66,1,5,False,1000,1000
15196,171,weighted,10,0.5578224522292994,0,8,None,66,1,5,False,1000,1000
15197,172,weighted,10,0.5583200636942676,0,8,None,66,1,5,False,1000,1000
15198,173,weighted,10,0.5603105095541401,0,8,None,66,1,5,False,1000,1000
15199,174,weighted,10,0.5613057324840764,0,8,None,66,1,5,False,1000,1000
15200,170,weighted,10,0.5292595541401274,0,13,None,66,1,5,False,1000,1000
15201,171,weighted,10,0.5300557324840764,0,13,None,66,1,5,False,1000,1000
15202,172,weighted,10,0.53125,0,13,None,66,1,5,False,1000,1000
15203,173,weighted,10,0.5325437898089171,0,13,None,66,1,5,False,1000,1000
15204,174,weighted,10,0.5340366242038217,0,13,None,66,1,5,False,1000,1000
15205,170,weighted,10,0.48328025477707,0,19,None,66,1,5,False,1000,1000
15206,171,weighted,10,0.4876592356687898,0,19,None,66,1,5,False,1000,1000
15207,172,weighted,10,0.4903463375796178,0,19,None,66,1,5,False,1000,1000
15208,173,weighted,10,0.4940286624203822,0,19,None,66,1,5,False,1000,1000
15209,174,weighted,10,0.4973128980891719,0,19,None,66,1,5,False,1000,1000
15210,170,weighted,10,0.5330414012738853,0,21,None,66,1,5,False,1000,1000
15211,171,weighted,10,0.5338375796178344,0,21,None,66,1,5,False,1000,1000
15212,172,weighted,10,0.5348328025477707,0,21,None,66,1,5,False,1000,1000
15213,173,weighted,10,0.5362261146496815,0,21,None,66,1,5,False,1000,1000
15214,174,weighted,10,0.5370222929936306,0,21,None,66,1,5,False,1000,1000
15215,170,weighted,10,0.5563296178343949,0,23,None,66,1,5,False,1000,1000
15216,171,weighted,10,0.5571257961783439,0,23,None,66,1,5,False,1000,1000
15217,172,weighted,10,0.5591162420382165,0,23,None,66,1,5,False,1000,1000
15218,173,weighted,10,0.5615047770700637,0,23,None,66,1,5,False,1000,1000
15219,174,weighted,10,0.5633957006369427,0,23,None,66,1,5,False,1000,1000
15220,170,weighted,10,0.5159235668789809,0,29,None,66,1,5,False,1000,1000
15221,171,weighted,10,0.517515923566879,0,29,None,66,1,5,False,1000,1000
15222,172,weighted,10,0.5192078025477707,0,29,None,66,1,5,False,1000,1000
15223,173,weighted,10,0.5203025477707006,0,29,None,66,1,5,False,1000,1000
15224,174,weighted,10,0.5221934713375797,0,29,None,66,1,5,False,1000,1000
15225,170,weighted,10,0.5050756369426752,0,24,None,66,1,5,False,1000,1000
15226,171,weighted,10,0.5080613057324841,0,24,None,66,1,5,False,1000,1000
15227,172,weighted,10,0.5101512738853503,0,24,None,66,1,5,False,1000,1000
15228,173,weighted,10,0.5116441082802548,0,24,None,66,1,5,False,1000,1000
15229,174,weighted,10,0.5138335987261147,0,24,None,66,1,5,False,1000,1000
15230,170,weighted,10,0.5231886942675159,0,27,None,66,1,5,False,1000,1000
15231,171,weighted,10,0.524781050955414,0,27,None,66,1,5,False,1000,1000
15232,172,weighted,10,0.5272691082802548,0,27,None,66,1,5,False,1000,1000
15233,173,weighted,10,0.5286624203821656,0,27,None,66,1,5,False,1000,1000
15234,174,weighted,10,0.5309514331210191,0,27,None,66,1,5,False,1000,1000
15235,170,weighted,10,0.3566878980891719,0,31,None,66,1,5,False,1000,1000
15236,171,weighted,10,0.3623606687898089,0,31,None,66,1,5,False,1000,1000
15237,172,weighted,10,0.3643511146496815,0,31,None,66,1,5,False,1000,1000
15238,173,weighted,10,0.3664410828025478,0,31,None,66,1,5,False,1000,1000
15239,174,weighted,10,0.3687300955414013,0,31,None,66,1,5,False,1000,1000
15240,170,weighted,10,0.5178144904458599,0,30,None,66,1,5,False,1000,1000
15241,171,weighted,10,0.5186106687898089,0,30,None,66,1,5,False,1000,1000
15242,172,weighted,10,0.5186106687898089,0,30,None,66,1,5,False,1000,1000
15243,173,weighted,10,0.5192078025477707,0,30,None,66,1,5,False,1000,1000
15244,174,weighted,10,0.519406847133758,0,30,None,66,1,5,False,1000,1000
15245,170,weighted,10,0.549562101910828,0,26,None,66,1,5,False,1000,1000
15246,171,weighted,10,0.5516520700636943,0,26,None,66,1,5,False,1000,1000
15247,172,weighted,10,0.5524482484076433,0,26,None,66,1,5,False,1000,1000
15248,173,weighted,10,0.5539410828025477,0,26,None,66,1,5,False,1000,1000
15249,174,weighted,10,0.5545382165605095,0,26,None,66,1,5,False,1000,1000
15250,170,weighted,10,0.5226910828025477,0,6,None,66,1,5,False,1000,1000
15251,171,weighted,10,0.5248805732484076,0,6,None,66,1,5,False,1000,1000
15252,172,weighted,10,0.5268710191082803,0,6,None,66,1,5,False,1000,1000
15253,173,weighted,10,0.5283638535031847,0,6,None,66,1,5,False,1000,1000
15254,174,weighted,10,0.5295581210191083,0,6,None,66,1,5,False,1000,1000
15255,170,weighted,10,0.4734275477707006,0,14,None,66,1,5,False,1000,1000
15256,171,weighted,10,0.4852707006369426,0,14,None,66,1,5,False,1000,1000
15257,172,weighted,10,0.4974124203821656,0,14,None,66,1,5,False,1000,1000
15258,173,weighted,10,0.5058718152866242,0,14,None,66,1,5,False,1000,1000
15259,174,weighted,10,0.5154259554140127,0,14,None,66,1,5,False,1000,1000
15260,170,weighted,10,0.5593152866242038,0,22,None,66,1,5,False,1000,1000
15261,171,weighted,10,0.5613057324840764,0,22,None,66,1,5,False,1000,1000
15262,172,weighted,10,0.5625,0,22,None,66,1,5,False,1000,1000
15263,173,weighted,10,0.5644904458598726,0,22,None,66,1,5,False,1000,1000
15264,174,weighted,10,0.5664808917197452,0,22,None,66,1,5,False,1000,1000
15265,170,weighted,10,0.5423964968152867,0,25,None,66,1,5,False,1000,1000
15266,171,weighted,10,0.5438893312101911,0,25,None,66,1,5,False,1000,1000
15267,172,weighted,10,0.544984076433121,0,25,None,66,1,5,False,1000,1000
15268,173,weighted,10,0.5469745222929936,0,25,None,66,1,5,False,1000,1000
15269,174,weighted,10,0.5484673566878981,0,25,None,66,1,5,False,1000,1000
15270,170,weighted,10,0.5639928343949044,0,2,None,66,1,5,False,1000,1000
15271,171,weighted,10,0.5659832802547771,0,2,None,66,1,5,False,1000,1000
15272,172,weighted,10,0.5672770700636943,0,2,None,66,1,5,False,1000,1000
15273,173,weighted,10,0.5684713375796179,0,2,None,66,1,5,False,1000,1000
15274,174,weighted,10,0.5700636942675159,0,2,None,66,1,5,False,1000,1000
15275,170,weighted,10,0.5496616242038217,0,0,None,66,1,5,False,1000,1000
15276,171,weighted,10,0.5509554140127388,0,0,None,66,1,5,False,1000,1000
15277,172,weighted,10,0.5520501592356688,0,0,None,66,1,5,False,1000,1000
15278,173,weighted,10,0.5540406050955414,0,0,None,66,1,5,False,1000,1000
15279,174,weighted,10,0.5545382165605095,0,0,None,66,1,5,False,1000,1000
15280,170,weighted,10,0.5763335987261147,0,3,None,66,1,5,False,1000,1000
15281,171,weighted,10,0.5774283439490446,0,3,None,66,1,5,False,1000,1000
15282,172,weighted,10,0.5801154458598726,0,3,None,66,1,5,False,1000,1000
15283,173,weighted,10,0.5817078025477707,0,3,None,66,1,5,False,1000,1000
15284,174,weighted,10,0.5832006369426752,0,3,None,66,1,5,False,1000,1000
15285,170,weighted,10,0.5585191082802548,0,5,None,66,1,5,False,1000,1000
15286,171,weighted,10,0.5596138535031847,0,5,None,66,1,5,False,1000,1000
15287,172,weighted,10,0.5619028662420382,0,5,None,66,1,5,False,1000,1000
15288,173,weighted,10,0.5631966560509554,0,5,None,66,1,5,False,1000,1000
15289,174,weighted,10,0.5645899681528662,0,5,None,66,1,5,False,1000,1000
15290,170,weighted,10,0.5548367834394905,0,4,None,66,1,5,False,1000,1000
15291,171,weighted,10,0.5571257961783439,0,4,None,66,1,5,False,1000,1000
15292,172,weighted,10,0.5588176751592356,0,4,None,66,1,5,False,1000,1000
15293,173,weighted,10,0.5597133757961783,0,4,None,66,1,5,False,1000,1000
15294,174,weighted,10,0.5599124203821656,0,4,None,66,1,5,False,1000,1000
15295,170,weighted,10,0.5400079617834395,0,7,None,66,1,5,False,1000,1000
15296,171,weighted,10,0.5411027070063694,0,7,None,66,1,5,False,1000,1000
15297,172,weighted,10,0.5429936305732485,0,7,None,66,1,5,False,1000,1000
15298,173,weighted,10,0.5442874203821656,0,7,None,66,1,5,False,1000,1000
15299,174,weighted,10,0.5454816878980892,0,7,None,66,1,5,False,1000,1000
15300,170,weighted,10,0.5378184713375797,0,9,None,66,1,5,False,1000,1000
15301,171,weighted,10,0.5392117834394905,0,9,None,66,1,5,False,1000,1000
15302,172,weighted,10,0.540406050955414,0,9,None,66,1,5,False,1000,1000
15303,173,weighted,10,0.5414012738853503,0,9,None,66,1,5,False,1000,1000
15304,174,weighted,10,0.542296974522293,0,9,None,66,1,5,False,1000,1000
15305,170,weighted,10,0.5403065286624203,0,10,None,66,1,5,False,1000,1000
15306,171,weighted,10,0.5410031847133758,0,10,None,66,1,5,False,1000,1000
15307,172,weighted,10,0.5429936305732485,0,10,None,66,1,5,False,1000,1000
15308,173,weighted,10,0.5443869426751592,0,10,None,66,1,5,False,1000,1000
15309,174,weighted,10,0.5451831210191083,0,10,None,66,1,5,False,1000,1000
15310,170,weighted,10,0.5290605095541401,0,11,None,66,1,5,False,1000,1000
15311,171,weighted,10,0.5309514331210191,0,11,None,66,1,5,False,1000,1000
15312,172,weighted,10,0.5319466560509554,0,11,None,66,1,5,False,1000,1000
15313,173,weighted,10,0.5327428343949044,0,11,None,66,1,5,False,1000,1000
15314,174,weighted,10,0.5340366242038217,0,11,None,66,1,5,False,1000,1000
15315,170,weighted,10,0.5394108280254777,0,15,None,66,1,5,False,1000,1000
15316,171,weighted,10,0.5411027070063694,0,15,None,66,1,5,False,1000,1000
15317,172,weighted,10,0.5426950636942676,0,15,None,66,1,5,False,1000,1000
15318,173,weighted,10,0.5435907643312102,0,15,None,66,1,5,False,1000,1000
15319,174,weighted,10,0.5440883757961783,0,15,None,66,1,5,False,1000,1000
15320,170,weighted,10,0.5283638535031847,0,12,None,66,1,5,False,1000,1000
15321,171,weighted,10,0.5282643312101911,0,12,None,66,1,5,False,1000,1000
15322,172,weighted,10,0.5286624203821656,0,12,None,66,1,5,False,1000,1000
15323,173,weighted,10,0.528562898089172,0,12,None,66,1,5,False,1000,1000
15324,174,weighted,10,0.5288614649681529,0,12,None,66,1,5,False,1000,1000
15325,170,weighted,10,0.5520501592356688,0,17,None,66,1,5,False,1000,1000
15326,171,weighted,10,0.5520501592356688,0,17,None,66,1,5,False,1000,1000
15327,172,weighted,10,0.5534434713375797,0,17,None,66,1,5,False,1000,1000
15328,173,weighted,10,0.5547372611464968,0,17,None,66,1,5,False,1000,1000
15329,174,weighted,10,0.5557324840764332,0,17,None,66,1,5,False,1000,1000
15330,170,weighted,10,0.549562101910828,0,18,None,66,1,5,False,1000,1000
15331,171,weighted,10,0.5515525477707006,0,18,None,66,1,5,False,1000,1000
15332,172,weighted,10,0.5534434713375797,0,18,None,66,1,5,False,1000,1000
15333,173,weighted,10,0.5565286624203821,0,18,None,66,1,5,False,1000,1000
15334,174,weighted,10,0.5575238853503185,0,18,None,66,1,5,False,1000,1000
15335,170,weighted,10,0.5649880573248408,0,20,None,66,1,5,False,1000,1000
15336,171,weighted,10,0.567078025477707,0,20,None,66,1,5,False,1000,1000
15337,172,weighted,10,0.5684713375796179,0,20,None,66,1,5,False,1000,1000
15338,173,weighted,10,0.569765127388535,0,20,None,66,1,5,False,1000,1000
15339,174,weighted,10,0.5714570063694268,0,20,None,66,1,5,False,1000,1000
15340,170,weighted,10,0.5242834394904459,0,28,None,66,1,5,False,1000,1000
15341,171,weighted,10,0.5249800955414012,0,28,None,66,1,5,False,1000,1000
15342,172,weighted,10,0.5250796178343949,0,28,None,66,1,5,False,1000,1000
15343,173,weighted,10,0.525577229299363,0,28,None,66,1,5,False,1000,1000
15344,174,weighted,10,0.5264729299363057,0,28,None,66,1,5,False,1000,1000
15345,175,weighted,10,0.428343949044586,0,1,None,66,1,5,False,1000,1000
15346,176,weighted,10,0.4351114649681528,0,1,None,66,1,5,False,1000,1000
15347,177,weighted,10,0.4415804140127388,0,1,None,66,1,5,False,1000,1000
15348,178,weighted,10,0.4448646496815286,0,1,None,66,1,5,False,1000,1000
15349,179,weighted,10,0.4487460191082802,0,1,None,66,1,5,False,1000,1000
15350,175,weighted,10,0.571656050955414,0,2,None,66,1,5,False,1000,1000
15351,176,weighted,10,0.5732484076433121,0,2,None,66,1,5,False,1000,1000
15352,177,weighted,10,0.575437898089172,0,2,None,66,1,5,False,1000,1000
15353,178,weighted,10,0.5769307324840764,0,2,None,66,1,5,False,1000,1000
15354,179,weighted,10,0.5778264331210191,0,2,None,66,1,5,False,1000,1000
15355,175,weighted,10,0.5278662420382165,0,28,None,66,1,5,False,1000,1000
15356,176,weighted,10,0.5284633757961783,0,28,None,66,1,5,False,1000,1000
15357,177,weighted,10,0.5290605095541401,0,28,None,66,1,5,False,1000,1000
15358,178,weighted,10,0.53015525477707,0,28,None,66,1,5,False,1000,1000
15359,179,weighted,10,0.5308519108280255,0,28,None,66,1,5,False,1000,1000
15360,175,weighted,10,0.5221934713375797,0,29,None,66,1,5,False,1000,1000
15361,176,weighted,10,0.522890127388535,0,29,None,66,1,5,False,1000,1000
15362,177,weighted,10,0.5246815286624203,0,29,None,66,1,5,False,1000,1000
15363,178,weighted,10,0.5268710191082803,0,29,None,66,1,5,False,1000,1000
15364,179,weighted,10,0.529359076433121,0,29,None,66,1,5,False,1000,1000
15365,175,weighted,10,0.5471735668789809,0,15,None,66,1,5,False,1000,1000
15366,176,weighted,10,0.5482683121019108,0,15,None,66,1,5,False,1000,1000
15367,177,weighted,10,0.5489649681528662,0,15,None,66,1,5,False,1000,1000
15368,178,weighted,10,0.5501592356687898,0,15,None,66,1,5,False,1000,1000
15369,179,weighted,10,0.5498606687898089,0,15,None,66,1,5,False,1000,1000
15370,175,weighted,10,0.5354299363057324,0,13,None,66,1,5,False,1000,1000
15371,176,weighted,10,0.5368232484076433,0,13,None,66,1,5,False,1000,1000
15372,177,weighted,10,0.5376194267515924,0,13,None,66,1,5,False,1000,1000
15373,178,weighted,10,0.538515127388535,0,13,None,66,1,5,False,1000,1000
15374,179,weighted,10,0.5394108280254777,0,13,None,66,1,5,False,1000,1000
15375,175,weighted,10,0.535031847133758,0,11,None,66,1,5,False,1000,1000
15376,176,weighted,10,0.5361265923566879,0,11,None,66,1,5,False,1000,1000
15377,177,weighted,10,0.5371218152866242,0,11,None,66,1,5,False,1000,1000
15378,178,weighted,10,0.5384156050955414,0,11,None,66,1,5,False,1000,1000
15379,179,weighted,10,0.539609872611465,0,11,None,66,1,5,False,1000,1000
15380,175,weighted,10,0.5654856687898089,0,5,None,66,1,5,False,1000,1000
15381,176,weighted,10,0.5683718152866242,0,5,None,66,1,5,False,1000,1000
15382,177,weighted,10,0.5698646496815286,0,5,None,66,1,5,False,1000,1000
15383,178,weighted,10,0.5717555732484076,0,5,None,66,1,5,False,1000,1000
15384,179,weighted,10,0.5723527070063694,0,5,None,66,1,5,False,1000,1000
15385,175,weighted,10,0.5562300955414012,0,16,None,66,1,5,False,1000,1000
15386,176,weighted,10,0.5564291401273885,0,16,None,66,1,5,False,1000,1000
15387,177,weighted,10,0.5573248407643312,0,16,None,66,1,5,False,1000,1000
15388,178,weighted,10,0.5585191082802548,0,16,None,66,1,5,False,1000,1000
15389,179,weighted,10,0.559812898089172,0,16,None,66,1,5,False,1000,1000
15390,175,weighted,10,0.5475716560509554,0,7,None,66,1,5,False,1000,1000
15391,176,weighted,10,0.5489649681528662,0,7,None,66,1,5,False,1000,1000
15392,177,weighted,10,0.5492635350318471,0,7,None,66,1,5,False,1000,1000
15393,178,weighted,10,0.549562101910828,0,7,None,66,1,5,False,1000,1000
15394,179,weighted,10,0.5515525477707006,0,7,None,66,1,5,False,1000,1000
15395,175,weighted,10,0.5042794585987261,0,14,None,66,1,5,False,1000,1000
15396,176,weighted,10,0.5143312101910829,0,14,None,66,1,5,False,1000,1000
15397,177,weighted,10,0.5227906050955414,0,14,None,66,1,5,False,1000,1000
15398,178,weighted,10,0.5299562101910829,0,14,None,66,1,5,False,1000,1000
15399,179,weighted,10,0.536922770700637,0,14,None,66,1,5,False,1000,1000
15400,175,weighted,10,0.5563296178343949,0,26,None,66,1,5,False,1000,1000
15401,176,weighted,10,0.5573248407643312,0,26,None,66,1,5,False,1000,1000
15402,177,weighted,10,0.5594148089171974,0,26,None,66,1,5,False,1000,1000
15403,178,weighted,10,0.5603105095541401,0,26,None,66,1,5,False,1000,1000
15404,179,weighted,10,0.5623009554140127,0,26,None,66,1,5,False,1000,1000
15405,175,weighted,10,0.5559315286624203,0,17,None,66,1,5,False,1000,1000
15406,176,weighted,10,0.5566281847133758,0,17,None,66,1,5,False,1000,1000
15407,177,weighted,10,0.5576234076433121,0,17,None,66,1,5,False,1000,1000
15408,178,weighted,10,0.5589171974522293,0,17,None,66,1,5,False,1000,1000
15409,179,weighted,10,0.5603105095541401,0,17,None,66,1,5,False,1000,1000
15410,175,weighted,10,0.5393113057324841,0,21,None,66,1,5,False,1000,1000
15411,176,weighted,10,0.5408041401273885,0,21,None,66,1,5,False,1000,1000
15412,177,weighted,10,0.542296974522293,0,21,None,66,1,5,False,1000,1000
15413,178,weighted,10,0.5437898089171974,0,21,None,66,1,5,False,1000,1000
15414,179,weighted,10,0.5439888535031847,0,21,None,66,1,5,False,1000,1000
15415,175,weighted,10,0.5128383757961783,0,24,None,66,1,5,False,1000,1000
15416,176,weighted,10,0.5152269108280255,0,24,None,66,1,5,False,1000,1000
15417,177,weighted,10,0.5179140127388535,0,24,None,66,1,5,False,1000,1000
15418,178,weighted,10,0.5203025477707006,0,24,None,66,1,5,False,1000,1000
15419,179,weighted,10,0.5221934713375797,0,24,None,66,1,5,False,1000,1000
15420,175,weighted,10,0.5304538216560509,0,27,None,66,1,5,False,1000,1000
15421,176,weighted,10,0.5322452229299363,0,27,None,66,1,5,False,1000,1000
15422,177,weighted,10,0.5349323248407644,0,27,None,66,1,5,False,1000,1000
15423,178,weighted,10,0.5363256369426752,0,27,None,66,1,5,False,1000,1000
15424,179,weighted,10,0.5401074840764332,0,27,None,66,1,5,False,1000,1000
15425,175,weighted,10,0.5218949044585988,0,30,None,66,1,5,False,1000,1000
15426,176,weighted,10,0.5218949044585988,0,30,None,66,1,5,False,1000,1000
15427,177,weighted,10,0.5229896496815286,0,30,None,66,1,5,False,1000,1000
15428,178,weighted,10,0.5243829617834395,0,30,None,66,1,5,False,1000,1000
15429,179,weighted,10,0.5249800955414012,0,30,None,66,1,5,False,1000,1000
15430,175,weighted,10,0.5617038216560509,0,4,None,66,1,5,False,1000,1000
15431,176,weighted,10,0.5627985668789809,0,4,None,66,1,5,False,1000,1000
15432,177,weighted,10,0.5640923566878981,0,4,None,66,1,5,False,1000,1000
15433,178,weighted,10,0.5659832802547771,0,4,None,66,1,5,False,1000,1000
15434,179,weighted,10,0.5657842356687898,0,4,None,66,1,5,False,1000,1000
15435,175,weighted,10,0.5559315286624203,0,0,None,66,1,5,False,1000,1000
15436,176,weighted,10,0.5573248407643312,0,0,None,66,1,5,False,1000,1000
15437,177,weighted,10,0.5585191082802548,0,0,None,66,1,5,False,1000,1000
15438,178,weighted,10,0.5588176751592356,0,0,None,66,1,5,False,1000,1000
15439,179,weighted,10,0.5601114649681529,0,0,None,66,1,5,False,1000,1000
15440,175,weighted,10,0.5295581210191083,0,6,None,66,1,5,False,1000,1000
15441,176,weighted,10,0.5309514331210191,0,6,None,66,1,5,False,1000,1000
15442,177,weighted,10,0.5327428343949044,0,6,None,66,1,5,False,1000,1000
15443,178,weighted,10,0.5327428343949044,0,6,None,66,1,5,False,1000,1000
15444,179,weighted,10,0.5341361464968153,0,6,None,66,1,5,False,1000,1000
15445,175,weighted,10,0.5483678343949044,0,10,None,66,1,5,False,1000,1000
15446,176,weighted,10,0.5492635350318471,0,10,None,66,1,5,False,1000,1000
15447,177,weighted,10,0.5507563694267515,0,10,None,66,1,5,False,1000,1000
15448,178,weighted,10,0.5519506369426752,0,10,None,66,1,5,False,1000,1000
15449,179,weighted,10,0.5528463375796179,0,10,None,66,1,5,False,1000,1000
15450,175,weighted,10,0.5675756369426752,0,22,None,66,1,5,False,1000,1000
15451,176,weighted,10,0.5687699044585988,0,22,None,66,1,5,False,1000,1000
15452,177,weighted,10,0.5698646496815286,0,22,None,66,1,5,False,1000,1000
15453,178,weighted,10,0.5704617834394905,0,22,None,66,1,5,False,1000,1000
15454,179,weighted,10,0.5718550955414012,0,22,None,66,1,5,False,1000,1000
15455,175,weighted,10,0.570859872611465,0,20,None,66,1,5,False,1000,1000
15456,176,weighted,10,0.573546974522293,0,20,None,66,1,5,False,1000,1000
15457,177,weighted,10,0.5742436305732485,0,20,None,66,1,5,False,1000,1000
15458,178,weighted,10,0.5768312101910829,0,20,None,66,1,5,False,1000,1000
15459,179,weighted,10,0.5784235668789809,0,20,None,66,1,5,False,1000,1000
15460,175,weighted,10,0.5625995222929936,0,23,None,66,1,5,False,1000,1000
15461,176,weighted,10,0.5645899681528662,0,23,None,66,1,5,False,1000,1000
15462,177,weighted,10,0.5666799363057324,0,23,None,66,1,5,False,1000,1000
15463,178,weighted,10,0.5682722929936306,0,23,None,66,1,5,False,1000,1000
15464,179,weighted,10,0.5701632165605095,0,23,None,66,1,5,False,1000,1000
15465,175,weighted,10,0.5646894904458599,0,32,None,66,1,5,False,1000,1000
15466,176,weighted,10,0.5661823248407644,0,32,None,66,1,5,False,1000,1000
15467,177,weighted,10,0.5677746815286624,0,32,None,66,1,5,False,1000,1000
15468,178,weighted,10,0.5693670382165605,0,32,None,66,1,5,False,1000,1000
15469,179,weighted,10,0.5710589171974523,0,32,None,66,1,5,False,1000,1000
15470,175,weighted,10,0.5630971337579618,0,8,None,66,1,5,False,1000,1000
15471,176,weighted,10,0.5640923566878981,0,8,None,66,1,5,False,1000,1000
15472,177,weighted,10,0.5652866242038217,0,8,None,66,1,5,False,1000,1000
15473,178,weighted,10,0.5650875796178344,0,8,None,66,1,5,False,1000,1000
15474,179,weighted,10,0.5668789808917197,0,8,None,66,1,5,False,1000,1000
15475,175,weighted,10,0.584593949044586,0,3,None,66,1,5,False,1000,1000
15476,176,weighted,10,0.5857882165605095,0,3,None,66,1,5,False,1000,1000
15477,177,weighted,10,0.5873805732484076,0,3,None,66,1,5,False,1000,1000
15478,178,weighted,10,0.5882762738853503,0,3,None,66,1,5,False,1000,1000
15479,179,weighted,10,0.5900676751592356,0,3,None,66,1,5,False,1000,1000
15480,175,weighted,10,0.5610071656050956,0,18,None,66,1,5,False,1000,1000
15481,176,weighted,10,0.5628980891719745,0,18,None,66,1,5,False,1000,1000
15482,177,weighted,10,0.5645899681528662,0,18,None,66,1,5,False,1000,1000
15483,178,weighted,10,0.5656847133757962,0,18,None,66,1,5,False,1000,1000
15484,179,weighted,10,0.5674761146496815,0,18,None,66,1,5,False,1000,1000
15485,175,weighted,10,0.497014331210191,0,19,None,66,1,5,False,1000,1000
15486,176,weighted,10,0.5003980891719745,0,19,None,66,1,5,False,1000,1000
15487,177,weighted,10,0.5017914012738853,0,19,None,66,1,5,False,1000,1000
15488,178,weighted,10,0.5024880573248408,0,19,None,66,1,5,False,1000,1000
15489,179,weighted,10,0.503781847133758,0,19,None,66,1,5,False,1000,1000
15490,175,weighted,10,0.3507165605095541,0,31,None,66,1,5,False,1000,1000
15491,176,weighted,10,0.3594745222929936,0,31,None,66,1,5,False,1000,1000
15492,177,weighted,10,0.3640525477707006,0,31,None,66,1,5,False,1000,1000
15493,178,weighted,10,0.3674363057324841,0,31,None,66,1,5,False,1000,1000
15494,179,weighted,10,0.3698248407643312,0,31,None,66,1,5,False,1000,1000
15495,175,weighted,10,0.5423964968152867,0,9,None,66,1,5,False,1000,1000
15496,176,weighted,10,0.5433917197452229,0,9,None,66,1,5,False,1000,1000
15497,177,weighted,10,0.544187898089172,0,9,None,66,1,5,False,1000,1000
15498,178,weighted,10,0.5458797770700637,0,9,None,66,1,5,False,1000,1000
15499,179,weighted,10,0.5473726114649682,0,9,None,66,1,5,False,1000,1000
15500,175,weighted,10,0.5333399681528662,0,12,None,66,1,5,False,1000,1000
15501,176,weighted,10,0.5336385350318471,0,12,None,66,1,5,False,1000,1000
15502,177,weighted,10,0.5354299363057324,0,12,None,66,1,5,False,1000,1000
15503,178,weighted,10,0.5360270700636943,0,12,None,66,1,5,False,1000,1000
15504,179,weighted,10,0.5367237261146497,0,12,None,66,1,5,False,1000,1000
15505,175,weighted,10,0.5507563694267515,0,25,None,66,1,5,False,1000,1000
15506,176,weighted,10,0.5520501592356688,0,25,None,66,1,5,False,1000,1000
15507,177,weighted,10,0.5534434713375797,0,25,None,66,1,5,False,1000,1000
15508,178,weighted,10,0.5549363057324841,0,25,None,66,1,5,False,1000,1000
15509,179,weighted,10,0.5564291401273885,0,25,None,66,1,5,False,1000,1000
16500,180,weighted,10,0.4355095541401274,0,1,None,66,1,5,False,1000,1000
16501,181,weighted,10,0.4429737261146497,0,1,None,66,1,5,False,1000,1000
16502,182,weighted,10,0.4482484076433121,0,1,None,66,1,5,False,1000,1000
16503,183,weighted,10,0.4530254777070063,0,1,None,66,1,5,False,1000,1000
16504,184,weighted,10,0.4561106687898089,0,1,None,66,1,5,False,1000,1000
16505,180,weighted,10,0.5783240445859873,0,2,None,66,1,5,False,1000,1000
16506,181,weighted,10,0.5797173566878981,0,2,None,66,1,5,False,1000,1000
16507,182,weighted,10,0.5813097133757962,0,2,None,66,1,5,False,1000,1000
16508,183,weighted,10,0.5826035031847133,0,2,None,66,1,5,False,1000,1000
16509,184,weighted,10,0.5833996815286624,0,2,None,66,1,5,False,1000,1000
16510,180,weighted,10,0.5721536624203821,0,5,None,66,1,5,False,1000,1000
16511,181,weighted,10,0.5739450636942676,0,5,None,66,1,5,False,1000,1000
16512,182,weighted,10,0.5758359872611465,0,5,None,66,1,5,False,1000,1000
16513,183,weighted,10,0.5771297770700637,0,5,None,66,1,5,False,1000,1000
16514,184,weighted,10,0.5779259554140127,0,5,None,66,1,5,False,1000,1000
16515,180,weighted,10,0.5394108280254777,0,13,None,66,1,5,False,1000,1000
16516,181,weighted,10,0.540406050955414,0,13,None,66,1,5,False,1000,1000
16517,182,weighted,10,0.5413017515923567,0,13,None,66,1,5,False,1000,1000
16518,183,weighted,10,0.5432921974522293,0,13,None,66,1,5,False,1000,1000
16519,184,weighted,10,0.5451831210191083,0,13,None,66,1,5,False,1000,1000
16520,180,weighted,10,0.5538415605095541,0,15,None,66,1,5,False,1000,1000
16521,181,weighted,10,0.5557324840764332,0,15,None,66,1,5,False,1000,1000
16522,182,weighted,10,0.5561305732484076,0,15,None,66,1,5,False,1000,1000
16523,183,weighted,10,0.5572253184713376,0,15,None,66,1,5,False,1000,1000
16524,184,weighted,10,0.5585191082802548,0,15,None,66,1,5,False,1000,1000
16525,180,weighted,10,0.5537420382165605,0,10,None,66,1,5,False,1000,1000
16526,181,weighted,10,0.5545382165605095,0,10,None,66,1,5,False,1000,1000
16527,182,weighted,10,0.5555334394904459,0,10,None,66,1,5,False,1000,1000
16528,183,weighted,10,0.5561305732484076,0,10,None,66,1,5,False,1000,1000
16529,184,weighted,10,0.5575238853503185,0,10,None,66,1,5,False,1000,1000
16530,180,weighted,10,0.5415007961783439,0,11,None,66,1,5,False,1000,1000
16531,181,weighted,10,0.5431926751592356,0,11,None,66,1,5,False,1000,1000
16532,182,weighted,10,0.5437898089171974,0,11,None,66,1,5,False,1000,1000
16533,183,weighted,10,0.5453821656050956,0,11,None,66,1,5,False,1000,1000
16534,184,weighted,10,0.5463773885350318,0,11,None,66,1,5,False,1000,1000
16535,180,weighted,10,0.5782245222929936,0,20,None,66,1,5,False,1000,1000
16536,181,weighted,10,0.5798168789808917,0,20,None,66,1,5,False,1000,1000
16537,182,weighted,10,0.5821058917197452,0,20,None,66,1,5,False,1000,1000
16538,183,weighted,10,0.5834992038216561,0,20,None,66,1,5,False,1000,1000
16539,184,weighted,10,0.5848925159235668,0,20,None,66,1,5,False,1000,1000
16540,180,weighted,10,0.5728503184713376,0,22,None,66,1,5,False,1000,1000
16541,181,weighted,10,0.5742436305732485,0,22,None,66,1,5,False,1000,1000
16542,182,weighted,10,0.575437898089172,0,22,None,66,1,5,False,1000,1000
16543,183,weighted,10,0.5776273885350318,0,22,None,66,1,5,False,1000,1000
16544,184,weighted,10,0.5784235668789809,0,22,None,66,1,5,False,1000,1000
16545,180,weighted,10,0.5733479299363057,0,23,None,66,1,5,False,1000,1000
16546,181,weighted,10,0.5758359872611465,0,23,None,66,1,5,False,1000,1000
16547,182,weighted,10,0.5765326433121019,0,23,None,66,1,5,False,1000,1000
16548,183,weighted,10,0.5782245222929936,0,23,None,66,1,5,False,1000,1000
16549,184,weighted,10,0.5806130573248408,0,23,None,66,1,5,False,1000,1000
16550,180,weighted,10,0.5622014331210191,0,17,None,66,1,5,False,1000,1000
16551,181,weighted,10,0.5631966560509554,0,17,None,66,1,5,False,1000,1000
16552,182,weighted,10,0.5641918789808917,0,17,None,66,1,5,False,1000,1000
16553,183,weighted,10,0.5653861464968153,0,17,None,66,1,5,False,1000,1000
16554,184,weighted,10,0.5661823248407644,0,17,None,66,1,5,False,1000,1000
16555,180,weighted,10,0.5456807324840764,0,21,None,66,1,5,False,1000,1000
16556,181,weighted,10,0.5467754777070064,0,21,None,66,1,5,False,1000,1000
16557,182,weighted,10,0.5490644904458599,0,21,None,66,1,5,False,1000,1000
16558,183,weighted,10,0.5503582802547771,0,21,None,66,1,5,False,1000,1000
16559,184,weighted,10,0.5512539808917197,0,21,None,66,1,5,False,1000,1000
16560,180,weighted,10,0.5637937898089171,0,26,None,66,1,5,False,1000,1000
16561,181,weighted,10,0.5641918789808917,0,26,None,66,1,5,False,1000,1000
16562,182,weighted,10,0.565187101910828,0,26,None,66,1,5,False,1000,1000
16563,183,weighted,10,0.5664808917197452,0,26,None,66,1,5,False,1000,1000
16564,184,weighted,10,0.5684713375796179,0,26,None,66,1,5,False,1000,1000
16565,180,weighted,10,0.5413017515923567,0,12,None,66,1,5,False,1000,1000
16566,181,weighted,10,0.5411027070063694,0,12,None,66,1,5,False,1000,1000
16567,182,weighted,10,0.5418988853503185,0,12,None,66,1,5,False,1000,1000
16568,183,weighted,10,0.5425955414012739,0,12,None,66,1,5,False,1000,1000
16569,184,weighted,10,0.543093152866242,0,12,None,66,1,5,False,1000,1000
16570,180,weighted,10,0.5201035031847133,0,24,None,66,1,5,False,1000,1000
16571,181,weighted,10,0.5236863057324841,0,24,None,66,1,5,False,1000,1000
16572,182,weighted,10,0.5259753184713376,0,24,None,66,1,5,False,1000,1000
16573,183,weighted,10,0.5276671974522293,0,24,None,66,1,5,False,1000,1000
16574,184,weighted,10,0.5286624203821656,0,24,None,66,1,5,False,1000,1000
16575,180,weighted,10,0.5267714968152867,0,30,None,66,1,5,False,1000,1000
16576,181,weighted,10,0.5278662420382165,0,30,None,66,1,5,False,1000,1000
16577,182,weighted,10,0.5289609872611465,0,30,None,66,1,5,False,1000,1000
16578,183,weighted,10,0.5291600318471338,0,30,None,66,1,5,False,1000,1000
16579,184,weighted,10,0.5297571656050956,0,30,None,66,1,5,False,1000,1000
16580,180,weighted,10,0.5351313694267515,0,6,None,66,1,5,False,1000,1000
16581,181,weighted,10,0.5365246815286624,0,6,None,66,1,5,False,1000,1000
16582,182,weighted,10,0.536922770700637,0,6,None,66,1,5,False,1000,1000
16583,183,weighted,10,0.5374203821656051,0,6,None,66,1,5,False,1000,1000
16584,184,weighted,10,0.5376194267515924,0,6,None,66,1,5,False,1000,1000
16585,180,weighted,10,0.3541998407643312,0,31,None,66,1,5,False,1000,1000
16586,181,weighted,10,0.3635549363057325,0,31,None,66,1,5,False,1000,1000
16587,182,weighted,10,0.3671377388535032,0,31,None,66,1,5,False,1000,1000
16588,183,weighted,10,0.3701234076433121,0,31,None,66,1,5,False,1000,1000
16589,184,weighted,10,0.3726114649681528,0,31,None,66,1,5,False,1000,1000
16590,180,weighted,10,0.5381170382165605,0,27,None,66,1,5,False,1000,1000
16591,181,weighted,10,0.5416003184713376,0,27,None,66,1,5,False,1000,1000
16592,182,weighted,10,0.5442874203821656,0,27,None,66,1,5,False,1000,1000
16593,183,weighted,10,0.5471735668789809,0,27,None,66,1,5,False,1000,1000
16594,184,weighted,10,0.5499601910828026,0,27,None,66,1,5,False,1000,1000
16595,180,weighted,10,0.5731488853503185,0,32,None,66,1,5,False,1000,1000
16596,181,weighted,10,0.5749402866242038,0,32,None,66,1,5,False,1000,1000
16597,182,weighted,10,0.5765326433121019,0,32,None,66,1,5,False,1000,1000
16598,183,weighted,10,0.5771297770700637,0,32,None,66,1,5,False,1000,1000
16599,184,weighted,10,0.5785230891719745,0,32,None,66,1,5,False,1000,1000
16600,180,weighted,10,0.5551353503184714,0,7,None,66,1,5,False,1000,1000
16601,181,weighted,10,0.5558320063694268,0,7,None,66,1,5,False,1000,1000
16602,182,weighted,10,0.5556329617834395,0,7,None,66,1,5,False,1000,1000
16603,183,weighted,10,0.5567277070063694,0,7,None,66,1,5,False,1000,1000
16604,184,weighted,10,0.5582205414012739,0,7,None,66,1,5,False,1000,1000
16605,180,weighted,10,0.5244824840764332,0,14,None,66,1,5,False,1000,1000
16606,181,weighted,10,0.5332404458598726,0,14,None,66,1,5,False,1000,1000
16607,182,weighted,10,0.5397093949044586,0,14,None,66,1,5,False,1000,1000
16608,183,weighted,10,0.5460788216560509,0,14,None,66,1,5,False,1000,1000
16609,184,weighted,10,0.5497611464968153,0,14,None,66,1,5,False,1000,1000
16610,180,weighted,10,0.5576234076433121,0,25,None,66,1,5,False,1000,1000
16611,181,weighted,10,0.5593152866242038,0,25,None,66,1,5,False,1000,1000
16612,182,weighted,10,0.560609076433121,0,25,None,66,1,5,False,1000,1000
16613,183,weighted,10,0.5617038216560509,0,25,None,66,1,5,False,1000,1000
16614,184,weighted,10,0.5628980891719745,0,25,None,66,1,5,False,1000,1000
16615,180,weighted,10,0.5692675159235668,0,8,None,66,1,5,False,1000,1000
16616,181,weighted,10,0.569765127388535,0,8,None,66,1,5,False,1000,1000
16617,182,weighted,10,0.570859872611465,0,8,None,66,1,5,False,1000,1000
16618,183,weighted,10,0.5710589171974523,0,8,None,66,1,5,False,1000,1000
16619,184,weighted,10,0.572452229299363,0,8,None,66,1,5,False,1000,1000
16620,180,weighted,10,0.5703622611464968,0,4,None,66,1,5,False,1000,1000
16621,181,weighted,10,0.5707603503184714,0,4,None,66,1,5,False,1000,1000
16622,182,weighted,10,0.5722531847133758,0,4,None,66,1,5,False,1000,1000
16623,183,weighted,10,0.5731488853503185,0,4,None,66,1,5,False,1000,1000
16624,184,weighted,10,0.573546974522293,0,4,None,66,1,5,False,1000,1000
16625,180,weighted,10,0.560609076433121,0,16,None,66,1,5,False,1000,1000
16626,181,weighted,10,0.5617038216560509,0,16,None,66,1,5,False,1000,1000
16627,182,weighted,10,0.5624004777070064,0,16,None,66,1,5,False,1000,1000
16628,183,weighted,10,0.5634952229299363,0,16,None,66,1,5,False,1000,1000
16629,184,weighted,10,0.5638933121019108,0,16,None,66,1,5,False,1000,1000
16630,180,weighted,10,0.5052746815286624,0,19,None,66,1,5,False,1000,1000
16631,181,weighted,10,0.5070660828025477,0,19,None,66,1,5,False,1000,1000
16632,182,weighted,10,0.5075636942675159,0,19,None,66,1,5,False,1000,1000
16633,183,weighted,10,0.508359872611465,0,19,None,66,1,5,False,1000,1000
16634,184,weighted,10,0.5092555732484076,0,19,None,66,1,5,False,1000,1000
16635,180,weighted,10,0.5731488853503185,0,18,None,66,1,5,False,1000,1000
16636,181,weighted,10,0.573546974522293,0,18,None,66,1,5,False,1000,1000
16637,182,weighted,10,0.5738455414012739,0,18,None,66,1,5,False,1000,1000
16638,183,weighted,10,0.5749402866242038,0,18,None,66,1,5,False,1000,1000
16639,184,weighted,10,0.5760350318471338,0,18,None,66,1,5,False,1000,1000
16640,180,weighted,10,0.533937101910828,0,28,None,66,1,5,False,1000,1000
16641,181,weighted,10,0.5340366242038217,0,28,None,66,1,5,False,1000,1000
16642,182,weighted,10,0.5335390127388535,0,28,None,66,1,5,False,1000,1000
16643,183,weighted,10,0.5344347133757962,0,28,None,66,1,5,False,1000,1000
16644,184,weighted,10,0.5348328025477707,0,28,None,66,1,5,False,1000,1000
16645,180,weighted,10,0.5921576433121019,0,3,None,66,1,5,False,1000,1000
16646,181,weighted,10,0.59375,0,3,None,66,1,5,False,1000,1000
16647,182,weighted,10,0.5951433121019108,0,3,None,66,1,5,False,1000,1000
16648,183,weighted,10,0.5968351910828026,0,3,None,66,1,5,False,1000,1000
16649,184,weighted,10,0.5978304140127388,0,3,None,66,1,5,False,1000,1000
16650,180,weighted,10,0.54796974522293,0,9,None,66,1,5,False,1000,1000
16651,181,weighted,10,0.5489649681528662,0,9,None,66,1,5,False,1000,1000
16652,182,weighted,10,0.5501592356687898,0,9,None,66,1,5,False,1000,1000
16653,183,weighted,10,0.5512539808917197,0,9,None,66,1,5,False,1000,1000
16654,184,weighted,10,0.5529458598726115,0,9,None,66,1,5,False,1000,1000
16655,180,weighted,10,0.5282643312101911,0,29,None,66,1,5,False,1000,1000
16656,181,weighted,10,0.5300557324840764,0,29,None,66,1,5,False,1000,1000
16657,182,weighted,10,0.53234474522293,0,29,None,66,1,5,False,1000,1000
16658,183,weighted,10,0.5336385350318471,0,29,None,66,1,5,False,1000,1000
16659,184,weighted,10,0.5351313694267515,0,29,None,66,1,5,False,1000,1000
16660,180,weighted,10,0.5615047770700637,0,0,None,66,1,5,False,1000,1000
16661,181,weighted,10,0.5620023885350318,0,0,None,66,1,5,False,1000,1000
16662,182,weighted,10,0.5620023885350318,0,0,None,66,1,5,False,1000,1000
16663,183,weighted,10,0.5629976114649682,0,0,None,66,1,5,False,1000,1000
16664,184,weighted,10,0.5641918789808917,0,0,None,66,1,5,False,1000,1000
16665,185,weighted,10,0.569765127388535,0,26,None,66,1,5,False,1000,1000
16666,186,weighted,10,0.5713574840764332,0,26,None,66,1,5,False,1000,1000
16667,187,weighted,10,0.5729498407643312,0,26,None,66,1,5,False,1000,1000
16668,188,weighted,10,0.5740445859872612,0,26,None,66,1,5,False,1000,1000
16669,189,weighted,10,0.5749402866242038,0,26,None,66,1,5,False,1000,1000
16670,185,weighted,10,0.5409036624203821,0,14,None,66,1,5,False,1000,1000
16671,186,weighted,10,0.5455812101910829,0,14,None,66,1,5,False,1000,1000
16672,187,weighted,10,0.5517515923566879,0,14,None,66,1,5,False,1000,1000
16673,188,weighted,10,0.5549363057324841,0,14,None,66,1,5,False,1000,1000
16674,189,weighted,10,0.5591162420382165,0,14,None,66,1,5,False,1000,1000
16675,185,weighted,10,0.5658837579617835,0,25,None,66,1,5,False,1000,1000
16676,186,weighted,10,0.5665804140127388,0,25,None,66,1,5,False,1000,1000
16677,187,weighted,10,0.5680732484076433,0,25,None,66,1,5,False,1000,1000
16678,188,weighted,10,0.5685708598726115,0,25,None,66,1,5,False,1000,1000
16679,189,weighted,10,0.5694665605095541,0,25,None,66,1,5,False,1000,1000
16680,185,weighted,10,0.442874203821656,0,1,None,66,1,5,False,1000,1000
16681,186,weighted,10,0.4514331210191082,0,1,None,66,1,5,False,1000,1000
16682,187,weighted,10,0.4576035031847134,0,1,None,66,1,5,False,1000,1000
16683,188,weighted,10,0.4606886942675159,0,1,None,66,1,5,False,1000,1000
16684,189,weighted,10,0.4644705414012738,0,1,None,66,1,5,False,1000,1000
16685,185,weighted,10,0.5355294585987261,0,29,None,66,1,5,False,1000,1000
16686,186,weighted,10,0.5362261146496815,0,29,None,66,1,5,False,1000,1000
16687,187,weighted,10,0.5382165605095541,0,29,None,66,1,5,False,1000,1000
16688,188,weighted,10,0.540406050955414,0,29,None,66,1,5,False,1000,1000
16689,189,weighted,10,0.5418988853503185,0,29,None,66,1,5,False,1000,1000
16690,185,weighted,10,0.5850915605095541,0,2,None,66,1,5,False,1000,1000
16691,186,weighted,10,0.5860867834394905,0,2,None,66,1,5,False,1000,1000
16692,187,weighted,10,0.5868829617834395,0,2,None,66,1,5,False,1000,1000
16693,188,weighted,10,0.588077229299363,0,2,None,66,1,5,False,1000,1000
16694,189,weighted,10,0.589968152866242,0,2,None,66,1,5,False,1000,1000
16695,185,weighted,10,0.5615047770700637,0,7,None,66,1,5,False,1000,1000
16696,186,weighted,10,0.5623009554140127,0,7,None,66,1,5,False,1000,1000
16697,187,weighted,10,0.5632961783439491,0,7,None,66,1,5,False,1000,1000
16698,188,weighted,10,0.5637937898089171,0,7,None,66,1,5,False,1000,1000
16699,189,weighted,10,0.5660828025477707,0,7,None,66,1,5,False,1000,1000
16700,185,weighted,10,0.5528463375796179,0,9,None,66,1,5,False,1000,1000
16701,186,weighted,10,0.5544386942675159,0,9,None,66,1,5,False,1000,1000
16702,187,weighted,10,0.556031050955414,0,9,None,66,1,5,False,1000,1000
16703,188,weighted,10,0.5577229299363057,0,9,None,66,1,5,False,1000,1000
16704,189,weighted,10,0.5589171974522293,0,9,None,66,1,5,False,1000,1000
16705,185,weighted,10,0.5473726114649682,0,11,None,66,1,5,False,1000,1000
16706,186,weighted,10,0.5491640127388535,0,11,None,66,1,5,False,1000,1000
16707,187,weighted,10,0.5501592356687898,0,11,None,66,1,5,False,1000,1000
16708,188,weighted,10,0.5509554140127388,0,11,None,66,1,5,False,1000,1000
16709,189,weighted,10,0.5521496815286624,0,11,None,66,1,5,False,1000,1000
16710,185,weighted,10,0.5605095541401274,0,15,None,66,1,5,False,1000,1000
16711,186,weighted,10,0.5612062101910829,0,15,None,66,1,5,False,1000,1000
16712,187,weighted,10,0.5622014331210191,0,15,None,66,1,5,False,1000,1000
16713,188,weighted,10,0.5628980891719745,0,15,None,66,1,5,False,1000,1000
16714,189,weighted,10,0.5644904458598726,0,15,None,66,1,5,False,1000,1000
16715,185,weighted,10,0.5692675159235668,0,17,None,66,1,5,False,1000,1000
16716,186,weighted,10,0.5696656050955414,0,17,None,66,1,5,False,1000,1000
16717,187,weighted,10,0.5692675159235668,0,17,None,66,1,5,False,1000,1000
16718,188,weighted,10,0.5704617834394905,0,17,None,66,1,5,False,1000,1000
16719,189,weighted,10,0.5718550955414012,0,17,None,66,1,5,False,1000,1000
16720,185,weighted,10,0.5849920382165605,0,20,None,66,1,5,False,1000,1000
16721,186,weighted,10,0.587281050955414,0,20,None,66,1,5,False,1000,1000
16722,187,weighted,10,0.5885748407643312,0,20,None,66,1,5,False,1000,1000
16723,188,weighted,10,0.589968152866242,0,20,None,66,1,5,False,1000,1000
16724,189,weighted,10,0.5923566878980892,0,20,None,66,1,5,False,1000,1000
16725,185,weighted,10,0.5591162420382165,0,10,None,66,1,5,False,1000,1000
16726,186,weighted,10,0.5600119426751592,0,10,None,66,1,5,False,1000,1000
16727,187,weighted,10,0.5608081210191083,0,10,None,66,1,5,False,1000,1000
16728,188,weighted,10,0.5622014331210191,0,10,None,66,1,5,False,1000,1000
16729,189,weighted,10,0.5630971337579618,0,10,None,66,1,5,False,1000,1000
16730,185,weighted,10,0.5779259554140127,0,22,None,66,1,5,False,1000,1000
16731,186,weighted,10,0.5787221337579618,0,22,None,66,1,5,False,1000,1000
16732,187,weighted,10,0.5802149681528662,0,22,None,66,1,5,False,1000,1000
16733,188,weighted,10,0.5812101910828026,0,22,None,66,1,5,False,1000,1000
16734,189,weighted,10,0.5831011146496815,0,22,None,66,1,5,False,1000,1000
16735,185,weighted,10,0.5796178343949044,0,32,None,66,1,5,False,1000,1000
16736,186,weighted,10,0.5810111464968153,0,32,None,66,1,5,False,1000,1000
16737,187,weighted,10,0.5812101910828026,0,32,None,66,1,5,False,1000,1000
16738,188,weighted,10,0.5824044585987261,0,32,None,66,1,5,False,1000,1000
16739,189,weighted,10,0.5835987261146497,0,32,None,66,1,5,False,1000,1000
16740,185,weighted,10,0.5477707006369427,0,12,None,66,1,5,False,1000,1000
16741,186,weighted,10,0.5470740445859873,0,12,None,66,1,5,False,1000,1000
16742,187,weighted,10,0.5481687898089171,0,12,None,66,1,5,False,1000,1000
16743,188,weighted,10,0.5477707006369427,0,12,None,66,1,5,False,1000,1000
16744,189,weighted,10,0.5484673566878981,0,12,None,66,1,5,False,1000,1000
16745,185,weighted,10,0.5448845541401274,0,13,None,66,1,5,False,1000,1000
16746,186,weighted,10,0.5469745222929936,0,13,None,66,1,5,False,1000,1000
16747,187,weighted,10,0.5484673566878981,0,13,None,66,1,5,False,1000,1000
16748,188,weighted,10,0.5497611464968153,0,13,None,66,1,5,False,1000,1000
16749,189,weighted,10,0.5516520700636943,0,13,None,66,1,5,False,1000,1000
16750,185,weighted,10,0.5535429936305732,0,21,None,66,1,5,False,1000,1000
16751,186,weighted,10,0.5542396496815286,0,21,None,66,1,5,False,1000,1000
16752,187,weighted,10,0.5556329617834395,0,21,None,66,1,5,False,1000,1000
16753,188,weighted,10,0.5563296178343949,0,21,None,66,1,5,False,1000,1000
16754,189,weighted,10,0.5583200636942676,0,21,None,66,1,5,False,1000,1000
16755,185,weighted,10,0.5784235668789809,0,23,None,66,1,5,False,1000,1000
16756,186,weighted,10,0.5799164012738853,0,23,None,66,1,5,False,1000,1000
16757,187,weighted,10,0.5815087579617835,0,23,None,66,1,5,False,1000,1000
16758,188,weighted,10,0.5833001592356688,0,23,None,66,1,5,False,1000,1000
16759,189,weighted,10,0.5852906050955414,0,23,None,66,1,5,False,1000,1000
16760,185,weighted,10,0.5281648089171974,0,24,None,66,1,5,False,1000,1000
16761,186,weighted,10,0.5299562101910829,0,24,None,66,1,5,False,1000,1000
16762,187,weighted,10,0.5322452229299363,0,24,None,66,1,5,False,1000,1000
16763,188,weighted,10,0.5343351910828026,0,24,None,66,1,5,False,1000,1000
16764,189,weighted,10,0.5357285031847133,0,24,None,66,1,5,False,1000,1000
16765,185,weighted,10,0.5464769108280255,0,27,None,66,1,5,False,1000,1000
16766,186,weighted,10,0.5493630573248408,0,27,None,66,1,5,False,1000,1000
16767,187,weighted,10,0.5520501592356688,0,27,None,66,1,5,False,1000,1000
16768,188,weighted,10,0.555234872611465,0,27,None,66,1,5,False,1000,1000
16769,189,weighted,10,0.5586186305732485,0,27,None,66,1,5,False,1000,1000
16770,185,weighted,10,0.53125,0,30,None,66,1,5,False,1000,1000
16771,186,weighted,10,0.5326433121019108,0,30,None,66,1,5,False,1000,1000
16772,187,weighted,10,0.5336385350318471,0,30,None,66,1,5,False,1000,1000
16773,188,weighted,10,0.5341361464968153,0,30,None,66,1,5,False,1000,1000
16774,189,weighted,10,0.5351313694267515,0,30,None,66,1,5,False,1000,1000
16775,185,weighted,10,0.3523089171974522,0,31,None,66,1,5,False,1000,1000
16776,186,weighted,10,0.3643511146496815,0,31,None,66,1,5,False,1000,1000
16777,187,weighted,10,0.3691281847133758,0,31,None,66,1,5,False,1000,1000
16778,188,weighted,10,0.3735071656050955,0,31,None,66,1,5,False,1000,1000
16779,189,weighted,10,0.3763933121019108,0,31,None,66,1,5,False,1000,1000
16780,185,weighted,10,0.5389132165605095,0,28,None,66,1,5,False,1000,1000
16781,186,weighted,10,0.5392117834394905,0,28,None,66,1,5,False,1000,1000
16782,187,weighted,10,0.540406050955414,0,28,None,66,1,5,False,1000,1000
16783,188,weighted,10,0.5414012738853503,0,28,None,66,1,5,False,1000,1000
16784,189,weighted,10,0.5416003184713376,0,28,None,66,1,5,False,1000,1000
16785,185,weighted,10,0.5784235668789809,0,5,None,66,1,5,False,1000,1000
16786,186,weighted,10,0.5793192675159236,0,5,None,66,1,5,False,1000,1000
16787,187,weighted,10,0.5807125796178344,0,5,None,66,1,5,False,1000,1000
16788,188,weighted,10,0.5829020700636943,0,5,None,66,1,5,False,1000,1000
16789,189,weighted,10,0.583797770700637,0,5,None,66,1,5,False,1000,1000
16790,185,weighted,10,0.5995222929936306,0,3,None,66,1,5,False,1000,1000
16791,186,weighted,10,0.6008160828025477,0,3,None,66,1,5,False,1000,1000
16792,187,weighted,10,0.6023089171974523,0,3,None,66,1,5,False,1000,1000
16793,188,weighted,10,0.603702229299363,0,3,None,66,1,5,False,1000,1000
16794,189,weighted,10,0.604796974522293,0,3,None,66,1,5,False,1000,1000
16795,185,weighted,10,0.5390127388535032,0,6,None,66,1,5,False,1000,1000
16796,186,weighted,10,0.540406050955414,0,6,None,66,1,5,False,1000,1000
16797,187,weighted,10,0.5413017515923567,0,6,None,66,1,5,False,1000,1000
16798,188,weighted,10,0.5420979299363057,0,6,None,66,1,5,False,1000,1000
16799,189,weighted,10,0.5426950636942676,0,6,None,66,1,5,False,1000,1000
16800,185,weighted,10,0.5769307324840764,0,4,None,66,1,5,False,1000,1000
16801,186,weighted,10,0.5774283439490446,0,4,None,66,1,5,False,1000,1000
16802,187,weighted,10,0.5775278662420382,0,4,None,66,1,5,False,1000,1000
16803,188,weighted,10,0.5786226114649682,0,4,None,66,1,5,False,1000,1000
16804,189,weighted,10,0.5799164012738853,0,4,None,66,1,5,False,1000,1000
16805,185,weighted,10,0.5645899681528662,0,0,None,66,1,5,False,1000,1000
16806,186,weighted,10,0.5656847133757962,0,0,None,66,1,5,False,1000,1000
16807,187,weighted,10,0.5667794585987261,0,0,None,66,1,5,False,1000,1000
16808,188,weighted,10,0.5683718152866242,0,0,None,66,1,5,False,1000,1000
16809,189,weighted,10,0.5688694267515924,0,0,None,66,1,5,False,1000,1000
16810,185,weighted,10,0.5658837579617835,0,16,None,66,1,5,False,1000,1000
16811,186,weighted,10,0.5658837579617835,0,16,None,66,1,5,False,1000,1000
16812,187,weighted,10,0.5669785031847133,0,16,None,66,1,5,False,1000,1000
16813,188,weighted,10,0.5688694267515924,0,16,None,66,1,5,False,1000,1000
16814,189,weighted,10,0.5710589171974523,0,16,None,66,1,5,False,1000,1000
16815,185,weighted,10,0.5736464968152867,0,8,None,66,1,5,False,1000,1000
16816,186,weighted,10,0.5756369426751592,0,8,None,66,1,5,False,1000,1000
16817,187,weighted,10,0.5768312101910829,0,8,None,66,1,5,False,1000,1000
16818,188,weighted,10,0.5778264331210191,0,8,None,66,1,5,False,1000,1000
16819,189,weighted,10,0.5783240445859873,0,8,None,66,1,5,False,1000,1000
16820,185,weighted,10,0.5094546178343949,0,19,None,66,1,5,False,1000,1000
16821,186,weighted,10,0.5104498407643312,0,19,None,66,1,5,False,1000,1000
16822,187,weighted,10,0.5112460191082803,0,19,None,66,1,5,False,1000,1000
16823,188,weighted,10,0.5121417197452229,0,19,None,66,1,5,False,1000,1000
16824,189,weighted,10,0.5138335987261147,0,19,None,66,1,5,False,1000,1000
16825,185,weighted,10,0.5816082802547771,0,18,None,66,1,5,False,1000,1000
16826,186,weighted,10,0.5823049363057324,0,18,None,66,1,5,False,1000,1000
16827,187,weighted,10,0.5833001592356688,0,18,None,66,1,5,False,1000,1000
16828,188,weighted,10,0.5843949044585988,0,18,None,66,1,5,False,1000,1000
16829,189,weighted,10,0.5860867834394905,0,18,None,66,1,5,False,1000,1000
16830,190,weighted,10,0.5774283439490446,0,26,None,66,1,5,False,1000,1000
16831,191,weighted,10,0.5776273885350318,0,26,None,66,1,5,False,1000,1000
16832,192,weighted,10,0.5794187898089171,0,26,None,66,1,5,False,1000,1000
16833,193,weighted,10,0.5811106687898089,0,26,None,66,1,5,False,1000,1000
16834,194,weighted,10,0.5833001592356688,0,26,None,66,1,5,False,1000,1000
16835,190,weighted,10,0.453125,0,1,None,66,1,5,False,1000,1000
16836,191,weighted,10,0.4605891719745223,0,1,None,66,1,5,False,1000,1000
16837,192,weighted,10,0.4656648089171974,0,1,None,66,1,5,False,1000,1000
16838,193,weighted,10,0.4696457006369426,0,1,None,66,1,5,False,1000,1000
16839,194,weighted,10,0.4727308917197452,0,1,None,66,1,5,False,1000,1000
16840,190,weighted,10,0.5912619426751592,0,2,None,66,1,5,False,1000,1000
16841,191,weighted,10,0.5913614649681529,0,2,None,66,1,5,False,1000,1000
16842,192,weighted,10,0.5917595541401274,0,2,None,66,1,5,False,1000,1000
16843,193,weighted,10,0.5922571656050956,0,2,None,66,1,5,False,1000,1000
16844,194,weighted,10,0.5938495222929936,0,2,None,66,1,5,False,1000,1000
16845,190,weighted,10,0.5757364649681529,0,17,None,66,1,5,False,1000,1000
16846,191,weighted,10,0.5753383757961783,0,17,None,66,1,5,False,1000,1000
16847,192,weighted,10,0.5768312101910829,0,17,None,66,1,5,False,1000,1000
16848,193,weighted,10,0.5774283439490446,0,17,None,66,1,5,False,1000,1000
16849,194,weighted,10,0.5786226114649682,0,17,None,66,1,5,False,1000,1000
16850,190,weighted,10,0.5511544585987261,0,11,None,66,1,5,False,1000,1000
16851,191,weighted,10,0.5536425159235668,0,11,None,66,1,5,False,1000,1000
16852,192,weighted,10,0.5544386942675159,0,11,None,66,1,5,False,1000,1000
16853,193,weighted,10,0.5562300955414012,0,11,None,66,1,5,False,1000,1000
16854,194,weighted,10,0.5573248407643312,0,11,None,66,1,5,False,1000,1000
16855,190,weighted,10,0.5833001592356688,0,5,None,66,1,5,False,1000,1000
16856,191,weighted,10,0.5849920382165605,0,5,None,66,1,5,False,1000,1000
16857,192,weighted,10,0.5863853503184714,0,5,None,66,1,5,False,1000,1000
16858,193,weighted,10,0.5874800955414012,0,5,None,66,1,5,False,1000,1000
16859,194,weighted,10,0.5885748407643312,0,5,None,66,1,5,False,1000,1000
16860,190,weighted,10,0.5916600318471338,0,20,None,66,1,5,False,1000,1000
16861,191,weighted,10,0.5933519108280255,0,20,None,66,1,5,False,1000,1000
16862,192,weighted,10,0.5952428343949044,0,20,None,66,1,5,False,1000,1000
16863,193,weighted,10,0.5966361464968153,0,20,None,66,1,5,False,1000,1000
16864,194,weighted,10,0.5980294585987261,0,20,None,66,1,5,False,1000,1000
16865,190,weighted,10,0.5833001592356688,0,23,None,66,1,5,False,1000,1000
16866,191,weighted,10,0.5860867834394905,0,23,None,66,1,5,False,1000,1000
16867,192,weighted,10,0.5879777070063694,0,23,None,66,1,5,False,1000,1000
16868,193,weighted,10,0.5905652866242038,0,23,None,66,1,5,False,1000,1000
16869,194,weighted,10,0.5911624203821656,0,23,None,66,1,5,False,1000,1000
16870,190,weighted,10,0.5723527070063694,0,25,None,66,1,5,False,1000,1000
16871,191,weighted,10,0.5730493630573248,0,25,None,66,1,5,False,1000,1000
16872,192,weighted,10,0.5745421974522293,0,25,None,66,1,5,False,1000,1000
16873,193,weighted,10,0.5767316878980892,0,25,None,66,1,5,False,1000,1000
16874,194,weighted,10,0.5783240445859873,0,25,None,66,1,5,False,1000,1000
16875,190,weighted,10,0.5513535031847133,0,13,None,66,1,5,False,1000,1000
16876,191,weighted,10,0.5527468152866242,0,13,None,66,1,5,False,1000,1000
16877,192,weighted,10,0.5540406050955414,0,13,None,66,1,5,False,1000,1000
16878,193,weighted,10,0.5564291401273885,0,13,None,66,1,5,False,1000,1000
16879,194,weighted,10,0.5578224522292994,0,13,None,66,1,5,False,1000,1000
16880,190,weighted,10,0.5527468152866242,0,12,None,66,1,5,False,1000,1000
16881,191,weighted,10,0.5523487261146497,0,12,None,66,1,5,False,1000,1000
16882,192,weighted,10,0.5531449044585988,0,12,None,66,1,5,False,1000,1000
16883,193,weighted,10,0.5544386942675159,0,12,None,66,1,5,False,1000,1000
16884,194,weighted,10,0.5551353503184714,0,12,None,66,1,5,False,1000,1000
16885,190,weighted,10,0.53234474522293,0,24,None,66,1,5,False,1000,1000
16886,191,weighted,10,0.5351313694267515,0,24,None,66,1,5,False,1000,1000
16887,192,weighted,10,0.5363256369426752,0,24,None,66,1,5,False,1000,1000
16888,193,weighted,10,0.5384156050955414,0,24,None,66,1,5,False,1000,1000
16889,194,weighted,10,0.5403065286624203,0,24,None,66,1,5,False,1000,1000
16890,190,weighted,10,0.5353304140127388,0,30,None,66,1,5,False,1000,1000
16891,191,weighted,10,0.5357285031847133,0,30,None,66,1,5,False,1000,1000
16892,192,weighted,10,0.5365246815286624,0,30,None,66,1,5,False,1000,1000
16893,193,weighted,10,0.5378184713375797,0,30,None,66,1,5,False,1000,1000
16894,194,weighted,10,0.5393113057324841,0,30,None,66,1,5,False,1000,1000
16895,190,weighted,10,0.5456807324840764,0,28,None,66,1,5,False,1000,1000
16896,191,weighted,10,0.5454816878980892,0,28,None,66,1,5,False,1000,1000
16897,192,weighted,10,0.5461783439490446,0,28,None,66,1,5,False,1000,1000
16898,193,weighted,10,0.5466759554140127,0,28,None,66,1,5,False,1000,1000
16899,194,weighted,10,0.5476711783439491,0,28,None,66,1,5,False,1000,1000
16900,190,weighted,10,0.5149283439490446,0,19,None,66,1,5,False,1000,1000
16901,191,weighted,10,0.5162221337579618,0,19,None,66,1,5,False,1000,1000
16902,192,weighted,10,0.5171178343949044,0,19,None,66,1,5,False,1000,1000
16903,193,weighted,10,0.517515923566879,0,19,None,66,1,5,False,1000,1000
16904,194,weighted,10,0.5188097133757962,0,19,None,66,1,5,False,1000,1000
16905,190,weighted,10,0.5799164012738853,0,8,None,66,1,5,False,1000,1000
16906,191,weighted,10,0.5811106687898089,0,8,None,66,1,5,False,1000,1000
16907,192,weighted,10,0.5822054140127388,0,8,None,66,1,5,False,1000,1000
16908,193,weighted,10,0.5836982484076433,0,8,None,66,1,5,False,1000,1000
16909,194,weighted,10,0.5851910828025477,0,8,None,66,1,5,False,1000,1000
16910,190,weighted,10,0.5593152866242038,0,21,None,66,1,5,False,1000,1000
16911,191,weighted,10,0.560609076433121,0,21,None,66,1,5,False,1000,1000
16912,192,weighted,10,0.5608081210191083,0,21,None,66,1,5,False,1000,1000
16913,193,weighted,10,0.56140525477707,0,21,None,66,1,5,False,1000,1000
16914,194,weighted,10,0.5636942675159236,0,21,None,66,1,5,False,1000,1000
16915,190,weighted,10,0.5887738853503185,0,18,None,66,1,5,False,1000,1000
16916,191,weighted,10,0.5893710191082803,0,18,None,66,1,5,False,1000,1000
16917,192,weighted,10,0.5904657643312102,0,18,None,66,1,5,False,1000,1000
16918,193,weighted,10,0.5911624203821656,0,18,None,66,1,5,False,1000,1000
16919,194,weighted,10,0.5921576433121019,0,18,None,66,1,5,False,1000,1000
16920,190,weighted,10,0.5563296178343949,0,27,None,66,1,5,False,1000,1000
16921,191,weighted,10,0.5595143312101911,0,27,None,66,1,5,False,1000,1000
16922,192,weighted,10,0.5618033439490446,0,27,None,66,1,5,False,1000,1000
16923,193,weighted,10,0.5640923566878981,0,27,None,66,1,5,False,1000,1000
16924,194,weighted,10,0.5656847133757962,0,27,None,66,1,5,False,1000,1000
16925,190,weighted,10,0.3573845541401274,0,31,None,66,1,5,False,1000,1000
16926,191,weighted,10,0.3676353503184713,0,31,None,66,1,5,False,1000,1000
16927,192,weighted,10,0.3717157643312102,0,31,None,66,1,5,False,1000,1000
16928,193,weighted,10,0.3756966560509554,0,31,None,66,1,5,False,1000,1000
16929,194,weighted,10,0.384952229299363,0,31,None,66,1,5,False,1000,1000
16930,190,weighted,10,0.5673765923566879,0,15,None,66,1,5,False,1000,1000
16931,191,weighted,10,0.5680732484076433,0,15,None,66,1,5,False,1000,1000
16932,192,weighted,10,0.5684713375796179,0,15,None,66,1,5,False,1000,1000
16933,193,weighted,10,0.5691679936305732,0,15,None,66,1,5,False,1000,1000
16934,194,weighted,10,0.5700636942675159,0,15,None,66,1,5,False,1000,1000
16935,190,weighted,10,0.5633957006369427,0,10,None,66,1,5,False,1000,1000
16936,191,weighted,10,0.5652866242038217,0,10,None,66,1,5,False,1000,1000
16937,192,weighted,10,0.5656847133757962,0,10,None,66,1,5,False,1000,1000
16938,193,weighted,10,0.5660828025477707,0,10,None,66,1,5,False,1000,1000
16939,194,weighted,10,0.566281847133758,0,10,None,66,1,5,False,1000,1000
16940,190,weighted,10,0.5504578025477707,0,14,None,66,1,5,False,1000,1000
16941,191,weighted,10,0.5562300955414012,0,14,None,66,1,5,False,1000,1000
16942,192,weighted,10,0.5615047770700637,0,14,None,66,1,5,False,1000,1000
16943,193,weighted,10,0.5666799363057324,0,14,None,66,1,5,False,1000,1000
16944,194,weighted,10,0.570859872611465,0,14,None,66,1,5,False,1000,1000
16945,190,weighted,10,0.5833996815286624,0,4,None,66,1,5,False,1000,1000
16946,191,weighted,10,0.5839968152866242,0,4,None,66,1,5,False,1000,1000
16947,192,weighted,10,0.5843949044585988,0,4,None,66,1,5,False,1000,1000
16948,193,weighted,10,0.5848925159235668,0,4,None,66,1,5,False,1000,1000
16949,194,weighted,10,0.586484872611465,0,4,None,66,1,5,False,1000,1000
16950,190,weighted,10,0.5836982484076433,0,22,None,66,1,5,False,1000,1000
16951,191,weighted,10,0.5840963375796179,0,22,None,66,1,5,False,1000,1000
16952,192,weighted,10,0.5855891719745223,0,22,None,66,1,5,False,1000,1000
16953,193,weighted,10,0.5875796178343949,0,22,None,66,1,5,False,1000,1000
16954,194,weighted,10,0.5890724522292994,0,22,None,66,1,5,False,1000,1000
16955,190,weighted,10,0.559812898089172,0,9,None,66,1,5,False,1000,1000
16956,191,weighted,10,0.5612062101910829,0,9,None,66,1,5,False,1000,1000
16957,192,weighted,10,0.5634952229299363,0,9,None,66,1,5,False,1000,1000
16958,193,weighted,10,0.5649880573248408,0,9,None,66,1,5,False,1000,1000
16959,194,weighted,10,0.566281847133758,0,9,None,66,1,5,False,1000,1000
16960,190,weighted,10,0.5695660828025477,0,0,None,66,1,5,False,1000,1000
16961,191,weighted,10,0.5705613057324841,0,0,None,66,1,5,False,1000,1000
16962,192,weighted,10,0.5706608280254777,0,0,None,66,1,5,False,1000,1000
16963,193,weighted,10,0.5717555732484076,0,0,None,66,1,5,False,1000,1000
16964,194,weighted,10,0.5723527070063694,0,0,None,66,1,5,False,1000,1000
16965,190,weighted,10,0.5431926751592356,0,29,None,66,1,5,False,1000,1000
16966,191,weighted,10,0.5442874203821656,0,29,None,66,1,5,False,1000,1000
16967,192,weighted,10,0.5452826433121019,0,29,None,66,1,5,False,1000,1000
16968,193,weighted,10,0.5463773885350318,0,29,None,66,1,5,False,1000,1000
16969,194,weighted,10,0.5485668789808917,0,29,None,66,1,5,False,1000,1000
16970,190,weighted,10,0.5439888535031847,0,6,None,66,1,5,False,1000,1000
16971,191,weighted,10,0.5451831210191083,0,6,None,66,1,5,False,1000,1000
16972,192,weighted,10,0.5460788216560509,0,6,None,66,1,5,False,1000,1000
16973,193,weighted,10,0.5465764331210191,0,6,None,66,1,5,False,1000,1000
16974,194,weighted,10,0.5470740445859873,0,6,None,66,1,5,False,1000,1000
16975,190,weighted,10,0.6059912420382165,0,3,None,66,1,5,False,1000,1000
16976,191,weighted,10,0.6073845541401274,0,3,None,66,1,5,False,1000,1000
16977,192,weighted,10,0.6088773885350318,0,3,None,66,1,5,False,1000,1000
16978,193,weighted,10,0.6105692675159236,0,3,None,66,1,5,False,1000,1000
16979,194,weighted,10,0.6127587579617835,0,3,None,66,1,5,False,1000,1000
16980,190,weighted,10,0.5678742038216561,0,7,None,66,1,5,False,1000,1000
16981,191,weighted,10,0.568172770700637,0,7,None,66,1,5,False,1000,1000
16982,192,weighted,10,0.5688694267515924,0,7,None,66,1,5,False,1000,1000
16983,193,weighted,10,0.5712579617834395,0,7,None,66,1,5,False,1000,1000
16984,194,weighted,10,0.5721536624203821,0,7,None,66,1,5,False,1000,1000
16985,190,weighted,10,0.5707603503184714,0,16,None,66,1,5,False,1000,1000
16986,191,weighted,10,0.5720541401273885,0,16,None,66,1,5,False,1000,1000
16987,192,weighted,10,0.5725517515923567,0,16,None,66,1,5,False,1000,1000
16988,193,weighted,10,0.5742436305732485,0,16,None,66,1,5,False,1000,1000
16989,194,weighted,10,0.5759355095541401,0,16,None,66,1,5,False,1000,1000
16990,190,weighted,10,0.5865843949044586,0,32,None,66,1,5,False,1000,1000
16991,191,weighted,10,0.5874800955414012,0,32,None,66,1,5,False,1000,1000
16992,192,weighted,10,0.5877786624203821,0,32,None,66,1,5,False,1000,1000
16993,193,weighted,10,0.5895700636942676,0,32,None,66,1,5,False,1000,1000
16994,194,weighted,10,0.5901671974522293,0,32,None,66,1,5,False,1000,1000
16995,195,weighted,10,0.4636743630573248,0,1,None,66,1,5,False,1000,1000
16996,196,weighted,10,0.4693471337579618,0,1,None,66,1,5,False,1000,1000
16997,197,weighted,10,0.4740246815286624,0,1,None,66,1,5,False,1000,1000
16998,198,weighted,10,0.4777070063694267,0,1,None,66,1,5,False,1000,1000
16999,199,weighted,10,0.4814888535031847,0,1,None,66,1,5,False,1000,1000
17000,195,weighted,10,0.5644904458598726,0,21,None,66,1,5,False,1000,1000
17001,196,weighted,10,0.5655851910828026,0,21,None,66,1,5,False,1000,1000
17002,197,weighted,10,0.5671775477707006,0,21,None,66,1,5,False,1000,1000
17003,198,weighted,10,0.5684713375796179,0,21,None,66,1,5,False,1000,1000
17004,199,weighted,10,0.5702627388535032,0,21,None,66,1,5,False,1000,1000
17005,195,weighted,10,0.5637937898089171,0,27,None,66,1,5,False,1000,1000
17006,196,weighted,10,0.566281847133758,0,27,None,66,1,5,False,1000,1000
17007,197,weighted,10,0.568172770700637,0,27,None,66,1,5,False,1000,1000
17008,198,weighted,10,0.5711584394904459,0,27,None,66,1,5,False,1000,1000
17009,199,weighted,10,0.5729498407643312,0,27,None,66,1,5,False,1000,1000
17010,195,weighted,10,0.5898686305732485,0,22,None,66,1,5,False,1000,1000
17011,196,weighted,10,0.5914609872611465,0,22,None,66,1,5,False,1000,1000
17012,197,weighted,10,0.5917595541401274,0,22,None,66,1,5,False,1000,1000
17013,198,weighted,10,0.5929538216560509,0,22,None,66,1,5,False,1000,1000
17014,199,weighted,10,0.5942476114649682,0,22,None,66,1,5,False,1000,1000
17015,195,weighted,10,0.5897691082802548,0,23,None,66,1,5,False,1000,1000
17016,196,weighted,10,0.5938495222929936,0,23,None,66,1,5,False,1000,1000
17017,197,weighted,10,0.5997213375796179,0,23,None,66,1,5,False,1000,1000
17018,198,weighted,10,0.6063893312101911,0,23,None,66,1,5,False,1000,1000
17019,199,weighted,10,0.609375,0,23,None,66,1,5,False,1000,1000
17020,195,weighted,10,0.556827229299363,0,13,None,66,1,5,False,1000,1000
17021,196,weighted,10,0.5582205414012739,0,13,None,66,1,5,False,1000,1000
17022,197,weighted,10,0.5609076433121019,0,13,None,66,1,5,False,1000,1000
17023,198,weighted,10,0.5624004777070064,0,13,None,66,1,5,False,1000,1000
17024,199,weighted,10,0.5630971337579618,0,13,None,66,1,5,False,1000,1000
17025,195,weighted,10,0.5794187898089171,0,25,None,66,1,5,False,1000,1000
17026,196,weighted,10,0.5815087579617835,0,25,None,66,1,5,False,1000,1000
17027,197,weighted,10,0.5834992038216561,0,25,None,66,1,5,False,1000,1000
17028,198,weighted,10,0.5852906050955414,0,25,None,66,1,5,False,1000,1000
17029,199,weighted,10,0.587281050955414,0,25,None,66,1,5,False,1000,1000
17030,195,weighted,10,0.5361265923566879,0,24,None,66,1,5,False,1000,1000
17031,196,weighted,10,0.5381170382165605,0,24,None,66,1,5,False,1000,1000
17032,197,weighted,10,0.5409036624203821,0,24,None,66,1,5,False,1000,1000
17033,198,weighted,10,0.5424960191082803,0,24,None,66,1,5,False,1000,1000
17034,199,weighted,10,0.5442874203821656,0,24,None,66,1,5,False,1000,1000
17035,195,weighted,10,0.3627587579617834,0,31,None,66,1,5,False,1000,1000
17036,196,weighted,10,0.3719148089171974,0,31,None,66,1,5,False,1000,1000
17037,197,weighted,10,0.3846536624203822,0,31,None,66,1,5,False,1000,1000
17038,198,weighted,10,0.4017714968152866,0,31,None,66,1,5,False,1000,1000
17039,199,weighted,10,0.4133160828025478,0,31,None,66,1,5,False,1000,1000
17040,195,weighted,10,0.5602109872611465,0,14,None,66,1,5,False,1000,1000
17041,196,weighted,10,0.5666799363057324,0,14,None,66,1,5,False,1000,1000
17042,197,weighted,10,0.5707603503184714,0,14,None,66,1,5,False,1000,1000
17043,198,weighted,10,0.5750398089171974,0,14,None,66,1,5,False,1000,1000
17044,199,weighted,10,0.578125,0,14,None,66,1,5,False,1000,1000
17045,195,weighted,10,0.5482683121019108,0,6,None,66,1,5,False,1000,1000
17046,196,weighted,10,0.5486664012738853,0,6,None,66,1,5,False,1000,1000
17047,197,weighted,10,0.5488654458598726,0,6,None,66,1,5,False,1000,1000
17048,198,weighted,10,0.5496616242038217,0,6,None,66,1,5,False,1000,1000
17049,199,weighted,10,0.5496616242038217,0,6,None,66,1,5,False,1000,1000
17050,195,weighted,10,0.5833996815286624,0,26,None,66,1,5,False,1000,1000
17051,196,weighted,10,0.5858877388535032,0,26,None,66,1,5,False,1000,1000
17052,197,weighted,10,0.5868829617834395,0,26,None,66,1,5,False,1000,1000
17053,198,weighted,10,0.5881767515923567,0,26,None,66,1,5,False,1000,1000
17054,199,weighted,10,0.5893710191082803,0,26,None,66,1,5,False,1000,1000
17055,195,weighted,10,0.5391122611464968,0,30,None,66,1,5,False,1000,1000
17056,196,weighted,10,0.5402070063694268,0,30,None,66,1,5,False,1000,1000
17057,197,weighted,10,0.5428941082802548,0,30,None,66,1,5,False,1000,1000
17058,198,weighted,10,0.5459792993630573,0,30,None,66,1,5,False,1000,1000
17059,199,weighted,10,0.5493630573248408,0,30,None,66,1,5,False,1000,1000
17060,195,weighted,10,0.5482683121019108,0,29,None,66,1,5,False,1000,1000
17061,196,weighted,10,0.5486664012738853,0,29,None,66,1,5,False,1000,1000
17062,197,weighted,10,0.5502587579617835,0,29,None,66,1,5,False,1000,1000
17063,198,weighted,10,0.5515525477707006,0,29,None,66,1,5,False,1000,1000
17064,199,weighted,10,0.5530453821656051,0,29,None,66,1,5,False,1000,1000
17065,195,weighted,10,0.5752388535031847,0,16,None,66,1,5,False,1000,1000
17066,196,weighted,10,0.57703025477707,0,16,None,66,1,5,False,1000,1000
17067,197,weighted,10,0.5787221337579618,0,16,None,66,1,5,False,1000,1000
17068,198,weighted,10,0.5797173566878981,0,16,None,66,1,5,False,1000,1000
17069,199,weighted,10,0.5814092356687898,0,16,None,66,1,5,False,1000,1000
17070,195,weighted,10,0.5865843949044586,0,8,None,66,1,5,False,1000,1000
17071,196,weighted,10,0.5873805732484076,0,8,None,66,1,5,False,1000,1000
17072,197,weighted,10,0.5890724522292994,0,8,None,66,1,5,False,1000,1000
17073,198,weighted,10,0.5901671974522293,0,8,None,66,1,5,False,1000,1000
17074,199,weighted,10,0.591062898089172,0,8,None,66,1,5,False,1000,1000
17075,195,weighted,10,0.5190087579617835,0,19,None,66,1,5,False,1000,1000
17076,196,weighted,10,0.5199044585987261,0,19,None,66,1,5,False,1000,1000
17077,197,weighted,10,0.5216958598726115,0,19,None,66,1,5,False,1000,1000
17078,198,weighted,10,0.5233877388535032,0,19,None,66,1,5,False,1000,1000
17079,199,weighted,10,0.5243829617834395,0,19,None,66,1,5,False,1000,1000
17080,195,weighted,10,0.5968351910828026,0,2,None,66,1,5,False,1000,1000
17081,196,weighted,10,0.5965366242038217,0,2,None,66,1,5,False,1000,1000
17082,197,weighted,10,0.5968351910828026,0,2,None,66,1,5,False,1000,1000
17083,198,weighted,10,0.5985270700636943,0,2,None,66,1,5,False,1000,1000
17084,199,weighted,10,0.5992237261146497,0,2,None,66,1,5,False,1000,1000
17085,195,weighted,10,0.5730493630573248,0,0,None,66,1,5,False,1000,1000
17086,196,weighted,10,0.5746417197452229,0,0,None,66,1,5,False,1000,1000
17087,197,weighted,10,0.5756369426751592,0,0,None,66,1,5,False,1000,1000
17088,198,weighted,10,0.5767316878980892,0,0,None,66,1,5,False,1000,1000
17089,199,weighted,10,0.5773288216560509,0,0,None,66,1,5,False,1000,1000
17090,195,weighted,10,0.5908638535031847,0,5,None,66,1,5,False,1000,1000
17091,196,weighted,10,0.5913614649681529,0,5,None,66,1,5,False,1000,1000
17092,197,weighted,10,0.5940485668789809,0,5,None,66,1,5,False,1000,1000
17093,198,weighted,10,0.5953423566878981,0,5,None,66,1,5,False,1000,1000
17094,199,weighted,10,0.5962380573248408,0,5,None,66,1,5,False,1000,1000
17095,195,weighted,10,0.6148487261146497,0,3,None,66,1,5,False,1000,1000
17096,196,weighted,10,0.6155453821656051,0,3,None,66,1,5,False,1000,1000
17097,197,weighted,10,0.6163415605095541,0,3,None,66,1,5,False,1000,1000
17098,198,weighted,10,0.617734872611465,0,3,None,66,1,5,False,1000,1000
17099,199,weighted,10,0.6179339171974523,0,3,None,66,1,5,False,1000,1000
17100,195,weighted,10,0.5672770700636943,0,9,None,66,1,5,False,1000,1000
17101,196,weighted,10,0.5690684713375797,0,9,None,66,1,5,False,1000,1000
17102,197,weighted,10,0.5710589171974523,0,9,None,66,1,5,False,1000,1000
17103,198,weighted,10,0.5731488853503185,0,9,None,66,1,5,False,1000,1000
17104,199,weighted,10,0.5740445859872612,0,9,None,66,1,5,False,1000,1000
17105,195,weighted,10,0.5668789808917197,0,10,None,66,1,5,False,1000,1000
17106,196,weighted,10,0.5679737261146497,0,10,None,66,1,5,False,1000,1000
17107,197,weighted,10,0.5690684713375797,0,10,None,66,1,5,False,1000,1000
17108,198,weighted,10,0.5694665605095541,0,10,None,66,1,5,False,1000,1000
17109,199,weighted,10,0.5706608280254777,0,10,None,66,1,5,False,1000,1000
17110,195,weighted,10,0.5584195859872612,0,11,None,66,1,5,False,1000,1000
17111,196,weighted,10,0.5599124203821656,0,11,None,66,1,5,False,1000,1000
17112,197,weighted,10,0.56140525477707,0,11,None,66,1,5,False,1000,1000
17113,198,weighted,10,0.5623009554140127,0,11,None,66,1,5,False,1000,1000
17114,199,weighted,10,0.5636942675159236,0,11,None,66,1,5,False,1000,1000
17115,195,weighted,10,0.5741441082802548,0,15,None,66,1,5,False,1000,1000
17116,196,weighted,10,0.5731488853503185,0,15,None,66,1,5,False,1000,1000
17117,197,weighted,10,0.573546974522293,0,15,None,66,1,5,False,1000,1000
17118,198,weighted,10,0.5751393312101911,0,15,None,66,1,5,False,1000,1000
17119,199,weighted,10,0.5755374203821656,0,15,None,66,1,5,False,1000,1000
17120,195,weighted,10,0.5581210191082803,0,12,None,66,1,5,False,1000,1000
17121,196,weighted,10,0.558718152866242,0,12,None,66,1,5,False,1000,1000
17122,197,weighted,10,0.5592157643312102,0,12,None,66,1,5,False,1000,1000
17123,198,weighted,10,0.5609076433121019,0,12,None,66,1,5,False,1000,1000
17124,199,weighted,10,0.5615047770700637,0,12,None,66,1,5,False,1000,1000
17125,195,weighted,10,0.5833001592356688,0,17,None,66,1,5,False,1000,1000
17126,196,weighted,10,0.583797770700637,0,17,None,66,1,5,False,1000,1000
17127,197,weighted,10,0.5842953821656051,0,17,None,66,1,5,False,1000,1000
17128,198,weighted,10,0.5842953821656051,0,17,None,66,1,5,False,1000,1000
17129,199,weighted,10,0.5850915605095541,0,17,None,66,1,5,False,1000,1000
17130,195,weighted,10,0.5989251592356688,0,20,None,66,1,5,False,1000,1000
17131,196,weighted,10,0.6011146496815286,0,20,None,66,1,5,False,1000,1000
17132,197,weighted,10,0.6022093949044586,0,20,None,66,1,5,False,1000,1000
17133,198,weighted,10,0.6033041401273885,0,20,None,66,1,5,False,1000,1000
17134,199,weighted,10,0.6048964968152867,0,20,None,66,1,5,False,1000,1000
17135,195,weighted,10,0.5952428343949044,0,18,None,66,1,5,False,1000,1000
17136,196,weighted,10,0.5963375796178344,0,18,None,66,1,5,False,1000,1000
17137,197,weighted,10,0.5963375796178344,0,18,None,66,1,5,False,1000,1000
17138,198,weighted,10,0.597531847133758,0,18,None,66,1,5,False,1000,1000
17139,199,weighted,10,0.5989251592356688,0,18,None,66,1,5,False,1000,1000
17140,195,weighted,10,0.5526472929936306,0,28,None,66,1,5,False,1000,1000
17141,196,weighted,10,0.5521496815286624,0,28,None,66,1,5,False,1000,1000
17142,197,weighted,10,0.5524482484076433,0,28,None,66,1,5,False,1000,1000
17143,198,weighted,10,0.5532444267515924,0,28,None,66,1,5,False,1000,1000
17144,199,weighted,10,0.5546377388535032,0,28,None,66,1,5,False,1000,1000
17145,195,weighted,10,0.573546974522293,0,7,None,66,1,5,False,1000,1000
17146,196,weighted,10,0.5749402866242038,0,7,None,66,1,5,False,1000,1000
17147,197,weighted,10,0.5766321656050956,0,7,None,66,1,5,False,1000,1000
17148,198,weighted,10,0.5775278662420382,0,7,None,66,1,5,False,1000,1000
17149,199,weighted,10,0.5786226114649682,0,7,None,66,1,5,False,1000,1000
17150,195,weighted,10,0.589968152866242,0,4,None,66,1,5,False,1000,1000
17151,196,weighted,10,0.5907643312101911,0,4,None,66,1,5,False,1000,1000
17152,197,weighted,10,0.5919585987261147,0,4,None,66,1,5,False,1000,1000
17153,198,weighted,10,0.5922571656050956,0,4,None,66,1,5,False,1000,1000
17154,199,weighted,10,0.5939490445859873,0,4,None,66,1,5,False,1000,1000
17155,195,weighted,10,0.5917595541401274,0,32,None,66,1,5,False,1000,1000
17156,196,weighted,10,0.5931528662420382,0,32,None,66,1,5,False,1000,1000
17157,197,weighted,10,0.5943471337579618,0,32,None,66,1,5,False,1000,1000
17158,198,weighted,10,0.5959394904458599,0,32,None,66,1,5,False,1000,1000
17159,199,weighted,10,0.5970342356687898,0,32,None,66,1,5,False,1000,1000
0,0,unweighted,10,0.0995222929936305,0,1,None,66,1,5,False,1000,1000
1,1,unweighted,10,0.0995222929936305,0,1,None,66,1,5,False,1000,1000
2,2,unweighted,10,0.1021098726114649,0,1,None,66,1,5,False,1000,1000
3,3,unweighted,10,0.1522691082802547,0,1,None,66,1,5,False,1000,1000
4,4,unweighted,10,0.176453025477707,0,1,None,66,1,5,False,1000,1000
5,0,unweighted,10,0.2905055732484076,0,2,None,66,1,5,False,1000,1000
6,1,unweighted,10,0.3187699044585987,0,2,None,66,1,5,False,1000,1000
7,2,unweighted,10,0.3302149681528662,0,2,None,66,1,5,False,1000,1000
8,3,unweighted,10,0.3575835987261146,0,2,None,66,1,5,False,1000,1000
9,4,unweighted,10,0.3829617834394904,0,2,None,66,1,5,False,1000,1000
10,0,unweighted,10,0.2430334394904458,0,5,None,66,1,5,False,1000,1000
11,1,unweighted,10,0.3096138535031847,0,5,None,66,1,5,False,1000,1000
12,2,unweighted,10,0.4381966560509554,0,5,None,66,1,5,False,1000,1000
13,3,unweighted,10,0.4845740445859872,0,5,None,66,1,5,False,1000,1000
14,4,unweighted,10,0.5032842356687898,0,5,None,66,1,5,False,1000,1000
15,0,unweighted,10,0.2320859872611465,0,13,None,66,1,5,False,1000,1000
16,1,unweighted,10,0.3603702229299363,0,13,None,66,1,5,False,1000,1000
17,2,unweighted,10,0.4239649681528662,0,13,None,66,1,5,False,1000,1000
18,3,unweighted,10,0.4538216560509554,0,13,None,66,1,5,False,1000,1000
19,4,unweighted,10,0.4574044585987261,0,13,None,66,1,5,False,1000,1000
20,0,unweighted,10,0.1028065286624203,0,10,None,66,1,5,False,1000,1000
21,1,unweighted,10,0.1651074840764331,0,10,None,66,1,5,False,1000,1000
22,2,unweighted,10,0.3085191082802547,0,10,None,66,1,5,False,1000,1000
23,3,unweighted,10,0.3478304140127388,0,10,None,66,1,5,False,1000,1000
24,4,unweighted,10,0.3713176751592357,0,10,None,66,1,5,False,1000,1000
25,0,unweighted,10,0.2069068471337579,0,15,None,66,1,5,False,1000,1000
26,1,unweighted,10,0.3137937898089172,0,15,None,66,1,5,False,1000,1000
27,2,unweighted,10,0.388734076433121,0,15,None,66,1,5,False,1000,1000
28,3,unweighted,10,0.4330214968152866,0,15,None,66,1,5,False,1000,1000
29,4,unweighted,10,0.4385947452229299,0,15,None,66,1,5,False,1000,1000
30,0,unweighted,10,0.1170382165605095,0,11,None,66,1,5,False,1000,1000
31,1,unweighted,10,0.2863256369426751,0,11,None,66,1,5,False,1000,1000
32,2,unweighted,10,0.3713176751592357,0,11,None,66,1,5,False,1000,1000
33,3,unweighted,10,0.5101512738853503,0,11,None,66,1,5,False,1000,1000
34,4,unweighted,10,0.5745421974522293,0,11,None,66,1,5,False,1000,1000
35,0,unweighted,10,0.0995222929936305,0,20,None,66,1,5,False,1000,1000
36,1,unweighted,10,0.1115644904458598,0,20,None,66,1,5,False,1000,1000
37,2,unweighted,10,0.1581409235668789,0,20,None,66,1,5,False,1000,1000
38,3,unweighted,10,0.1749601910828025,0,20,None,66,1,5,False,1000,1000
39,4,unweighted,10,0.1910828025477707,0,20,None,66,1,5,False,1000,1000
40,0,unweighted,10,0.2486066878980891,0,17,None,66,1,5,False,1000,1000
41,1,unweighted,10,0.3769904458598726,0,17,None,66,1,5,False,1000,1000
42,2,unweighted,10,0.4601910828025478,0,17,None,66,1,5,False,1000,1000
43,3,unweighted,10,0.4934315286624204,0,17,None,66,1,5,False,1000,1000
44,4,unweighted,10,0.480593152866242,0,17,None,66,1,5,False,1000,1000
45,0,unweighted,10,0.2105891719745223,0,21,None,66,1,5,False,1000,1000
46,1,unweighted,10,0.282046178343949,0,21,None,66,1,5,False,1000,1000
47,2,unweighted,10,0.3276273885350318,0,21,None,66,1,5,False,1000,1000
48,3,unweighted,10,0.3348925159235669,0,21,None,66,1,5,False,1000,1000
49,4,unweighted,10,0.3449442675159235,0,21,None,66,1,5,False,1000,1000
50,0,unweighted,10,0.1102707006369426,0,25,None,66,1,5,False,1000,1000
51,1,unweighted,10,0.1702826433121019,0,25,None,66,1,5,False,1000,1000
52,2,unweighted,10,0.1915804140127388,0,25,None,66,1,5,False,1000,1000
53,3,unweighted,10,0.2750796178343949,0,25,None,66,1,5,False,1000,1000
54,4,unweighted,10,0.3339968152866242,0,25,None,66,1,5,False,1000,1000
55,0,unweighted,10,0.2781648089171974,0,26,None,66,1,5,False,1000,1000
56,1,unweighted,10,0.3960987261146497,0,26,None,66,1,5,False,1000,1000
57,2,unweighted,10,0.4542197452229299,0,26,None,66,1,5,False,1000,1000
58,3,unweighted,10,0.4852707006369426,0,26,None,66,1,5,False,1000,1000
59,4,unweighted,10,0.5132364649681529,0,26,None,66,1,5,False,1000,1000
60,0,unweighted,10,0.2230294585987261,0,12,None,66,1,5,False,1000,1000
61,1,unweighted,10,0.2916003184713376,0,12,None,66,1,5,False,1000,1000
62,2,unweighted,10,0.3341958598726114,0,12,None,66,1,5,False,1000,1000
63,3,unweighted,10,0.3654458598726114,0,12,None,66,1,5,False,1000,1000
64,4,unweighted,10,0.3894307324840764,0,12,None,66,1,5,False,1000,1000
65,0,unweighted,10,0.1694864649681528,0,24,None,66,1,5,False,1000,1000
66,1,unweighted,10,0.1815286624203821,0,24,None,66,1,5,False,1000,1000
67,2,unweighted,10,0.3055334394904458,0,24,None,66,1,5,False,1000,1000
68,3,unweighted,10,0.3725119426751592,0,24,None,66,1,5,False,1000,1000
69,4,unweighted,10,0.3816679936305732,0,24,None,66,1,5,False,1000,1000
70,0,unweighted,10,0.2971735668789809,0,28,None,66,1,5,False,1000,1000
71,1,unweighted,10,0.2887141719745223,0,28,None,66,1,5,False,1000,1000
72,2,unweighted,10,0.3061305732484076,0,28,None,66,1,5,False,1000,1000
73,3,unweighted,10,0.3401671974522293,0,28,None,66,1,5,False,1000,1000
74,4,unweighted,10,0.3715167197452229,0,28,None,66,1,5,False,1000,1000
75,0,unweighted,10,0.0995222929936305,0,9,None,66,1,5,False,1000,1000
76,1,unweighted,10,0.0995222929936305,0,9,None,66,1,5,False,1000,1000
77,2,unweighted,10,0.1158439490445859,0,9,None,66,1,5,False,1000,1000
78,3,unweighted,10,0.1600318471337579,0,9,None,66,1,5,False,1000,1000
79,4,unweighted,10,0.183718152866242,0,9,None,66,1,5,False,1000,1000
80,0,unweighted,10,0.1306727707006369,0,29,None,66,1,5,False,1000,1000
81,1,unweighted,10,0.2302945859872611,0,29,None,66,1,5,False,1000,1000
82,2,unweighted,10,0.3202627388535032,0,29,None,66,1,5,False,1000,1000
83,3,unweighted,10,0.3296178343949044,0,29,None,66,1,5,False,1000,1000
84,4,unweighted,10,0.3255374203821656,0,29,None,66,1,5,False,1000,1000
85,0,unweighted,10,0.2158638535031847,0,30,None,66,1,5,False,1000,1000
86,1,unweighted,10,0.1775477707006369,0,30,None,66,1,5,False,1000,1000
87,2,unweighted,10,0.1634156050955414,0,30,None,66,1,5,False,1000,1000
88,3,unweighted,10,0.2368630573248407,0,30,None,66,1,5,False,1000,1000
89,4,unweighted,10,0.3013535031847134,0,30,None,66,1,5,False,1000,1000
90,0,unweighted,10,0.1134554140127388,0,31,None,66,1,5,False,1000,1000
91,1,unweighted,10,0.1348527070063694,0,31,None,66,1,5,False,1000,1000
92,2,unweighted,10,0.1648089171974522,0,31,None,66,1,5,False,1000,1000
93,3,unweighted,10,0.1779458598726114,0,31,None,66,1,5,False,1000,1000
94,4,unweighted,10,0.1976512738853503,0,31,None,66,1,5,False,1000,1000
95,0,unweighted,10,0.1533638535031847,0,27,None,66,1,5,False,1000,1000
96,1,unweighted,10,0.2120820063694267,0,27,None,66,1,5,False,1000,1000
97,2,unweighted,10,0.2855294585987261,0,27,None,66,1,5,False,1000,1000
98,3,unweighted,10,0.3326035031847134,0,27,None,66,1,5,False,1000,1000
99,4,unweighted,10,0.3684315286624204,0,27,None,66,1,5,False,1000,1000
100,0,unweighted,10,0.2067078025477707,0,8,None,66,1,5,False,1000,1000
101,1,unweighted,10,0.192078025477707,0,8,None,66,1,5,False,1000,1000
102,2,unweighted,10,0.2163614649681528,0,8,None,66,1,5,False,1000,1000
103,3,unweighted,10,0.2786624203821656,0,8,None,66,1,5,False,1000,1000
104,4,unweighted,10,0.3228503184713376,0,8,None,66,1,5,False,1000,1000
105,0,unweighted,10,0.1279856687898089,0,18,None,66,1,5,False,1000,1000
106,1,unweighted,10,0.1979498407643312,0,18,None,66,1,5,False,1000,1000
107,2,unweighted,10,0.3335987261146497,0,18,None,66,1,5,False,1000,1000
108,3,unweighted,10,0.3972929936305732,0,18,None,66,1,5,False,1000,1000
109,4,unweighted,10,0.4225716560509554,0,18,None,66,1,5,False,1000,1000
110,0,unweighted,10,0.1657046178343949,0,19,None,66,1,5,False,1000,1000
111,1,unweighted,10,0.1696855095541401,0,19,None,66,1,5,False,1000,1000
112,2,unweighted,10,0.2586584394904458,0,19,None,66,1,5,False,1000,1000
113,3,unweighted,10,0.3252388535031847,0,19,None,66,1,5,False,1000,1000
114,4,unweighted,10,0.3680334394904458,0,19,None,66,1,5,False,1000,1000
115,0,unweighted,10,0.1710788216560509,0,3,None,66,1,5,False,1000,1000
116,1,unweighted,10,0.274781050955414,0,3,None,66,1,5,False,1000,1000
117,2,unweighted,10,0.3436504777070063,0,3,None,66,1,5,False,1000,1000
118,3,unweighted,10,0.4186902866242038,0,3,None,66,1,5,False,1000,1000
119,4,unweighted,10,0.4529259554140127,0,3,None,66,1,5,False,1000,1000
120,0,unweighted,10,0.2004378980891719,0,7,None,66,1,5,False,1000,1000
121,1,unweighted,10,0.2256170382165605,0,7,None,66,1,5,False,1000,1000
122,2,unweighted,10,0.2701035031847134,0,7,None,66,1,5,False,1000,1000
123,3,unweighted,10,0.3648487261146497,0,7,None,66,1,5,False,1000,1000
124,4,unweighted,10,0.4333200636942675,0,7,None,66,1,5,False,1000,1000
125,0,unweighted,10,0.1940684713375796,0,6,None,66,1,5,False,1000,1000
126,1,unweighted,10,0.2887141719745223,0,6,None,66,1,5,False,1000,1000
127,2,unweighted,10,0.3130971337579618,0,6,None,66,1,5,False,1000,1000
128,3,unweighted,10,0.3123009554140127,0,6,None,66,1,5,False,1000,1000
129,4,unweighted,10,0.3045382165605095,0,6,None,66,1,5,False,1000,1000
130,0,unweighted,10,0.1931727707006369,0,16,None,66,1,5,False,1000,1000
131,1,unweighted,10,0.2082006369426751,0,16,None,66,1,5,False,1000,1000
132,2,unweighted,10,0.2213375796178344,0,16,None,66,1,5,False,1000,1000
133,3,unweighted,10,0.245421974522293,0,16,None,66,1,5,False,1000,1000
134,4,unweighted,10,0.2723925159235669,0,16,None,66,1,5,False,1000,1000
135,0,unweighted,10,0.123109076433121,0,32,None,66,1,5,False,1000,1000
136,1,unweighted,10,0.1285828025477707,0,32,None,66,1,5,False,1000,1000
137,2,unweighted,10,0.185609076433121,0,32,None,66,1,5,False,1000,1000
138,3,unweighted,10,0.2225318471337579,0,32,None,66,1,5,False,1000,1000
139,4,unweighted,10,0.279359076433121,0,32,None,66,1,5,False,1000,1000
140,0,unweighted,10,0.1436106687898089,0,14,None,66,1,5,False,1000,1000
141,1,unweighted,10,0.2236265923566879,0,14,None,66,1,5,False,1000,1000
142,2,unweighted,10,0.3486265923566879,0,14,None,66,1,5,False,1000,1000
143,3,unweighted,10,0.3984872611464968,0,14,None,66,1,5,False,1000,1000
144,4,unweighted,10,0.4285429936305732,0,14,None,66,1,5,False,1000,1000
145,0,unweighted,10,0.1081807324840764,0,22,None,66,1,5,False,1000,1000
146,1,unweighted,10,0.1723726114649681,0,22,None,66,1,5,False,1000,1000
147,2,unweighted,10,0.322452229299363,0,22,None,66,1,5,False,1000,1000
148,3,unweighted,10,0.376890923566879,0,22,None,66,1,5,False,1000,1000
149,4,unweighted,10,0.3975915605095541,0,22,None,66,1,5,False,1000,1000
150,0,unweighted,10,0.1188296178343949,0,0,None,66,1,5,False,1000,1000
151,1,unweighted,10,0.2519904458598726,0,0,None,66,1,5,False,1000,1000
152,2,unweighted,10,0.3245421974522293,0,0,None,66,1,5,False,1000,1000
153,3,unweighted,10,0.3905254777070063,0,0,None,66,1,5,False,1000,1000
154,4,unweighted,10,0.4403861464968153,0,0,None,66,1,5,False,1000,1000
155,0,unweighted,10,0.211186305732484,0,23,None,66,1,5,False,1000,1000
156,1,unweighted,10,0.3460390127388535,0,23,None,66,1,5,False,1000,1000
157,2,unweighted,10,0.3634554140127388,0,23,None,66,1,5,False,1000,1000
158,3,unweighted,10,0.3534036624203822,0,23,None,66,1,5,False,1000,1000
159,4,unweighted,10,0.3608678343949044,0,23,None,66,1,5,False,1000,1000
160,0,unweighted,10,0.112858280254777,0,4,None,66,1,5,False,1000,1000
161,1,unweighted,10,0.2017316878980891,0,4,None,66,1,5,False,1000,1000
162,2,unweighted,10,0.3915207006369426,0,4,None,66,1,5,False,1000,1000
163,3,unweighted,10,0.4244625796178344,0,4,None,66,1,5,False,1000,1000
164,4,unweighted,10,0.4249601910828025,0,4,None,66,1,5,False,1000,1000
165,5,unweighted,10,0.1932722929936305,0,16,None,66,1,5,False,1000,1000
166,6,unweighted,10,0.1906847133757961,0,16,None,66,1,5,False,1000,1000
167,7,unweighted,10,0.1872014331210191,0,16,None,66,1,5,False,1000,1000
168,8,unweighted,10,0.2018312101910828,0,16,None,66,1,5,False,1000,1000
169,9,unweighted,10,0.2074044585987261,0,16,None,66,1,5,False,1000,1000
170,5,unweighted,10,0.0995222929936305,0,18,None,66,1,5,False,1000,1000
171,6,unweighted,10,0.0995222929936305,0,18,None,66,1,5,False,1000,1000
172,7,unweighted,10,0.1011146496815286,0,18,None,66,1,5,False,1000,1000
173,8,unweighted,10,0.1113654458598726,0,18,None,66,1,5,False,1000,1000
174,9,unweighted,10,0.0995222929936305,0,18,None,66,1,5,False,1000,1000
175,5,unweighted,10,0.192874203821656,0,25,None,66,1,5,False,1000,1000
176,6,unweighted,10,0.2021297770700637,0,25,None,66,1,5,False,1000,1000
177,7,unweighted,10,0.1999402866242038,0,25,None,66,1,5,False,1000,1000
178,8,unweighted,10,0.2228304140127388,0,25,None,66,1,5,False,1000,1000
179,9,unweighted,10,0.2396496815286624,0,25,None,66,1,5,False,1000,1000
180,5,unweighted,10,0.0995222929936305,0,19,None,66,1,5,False,1000,1000
181,6,unweighted,10,0.0995222929936305,0,19,None,66,1,5,False,1000,1000
182,7,unweighted,10,0.0995222929936305,0,19,None,66,1,5,False,1000,1000
183,8,unweighted,10,0.0995222929936305,0,19,None,66,1,5,False,1000,1000
184,9,unweighted,10,0.0995222929936305,0,19,None,66,1,5,False,1000,1000
185,5,unweighted,10,0.0995222929936305,0,31,None,66,1,5,False,1000,1000
186,6,unweighted,10,0.0995222929936305,0,31,None,66,1,5,False,1000,1000
187,7,unweighted,10,0.0995222929936305,0,31,None,66,1,5,False,1000,1000
188,8,unweighted,10,0.0995222929936305,0,31,None,66,1,5,False,1000,1000
189,9,unweighted,10,0.0995222929936305,0,31,None,66,1,5,False,1000,1000
190,5,unweighted,10,0.0995222929936305,0,1,None,66,1,5,False,1000,1000
191,6,unweighted,10,0.0995222929936305,0,1,None,66,1,5,False,1000,1000
192,7,unweighted,10,0.0995222929936305,0,1,None,66,1,5,False,1000,1000
193,8,unweighted,10,0.0995222929936305,0,1,None,66,1,5,False,1000,1000
194,9,unweighted,10,0.0995222929936305,0,1,None,66,1,5,False,1000,1000
195,5,unweighted,10,0.1894904458598726,0,2,None,66,1,5,False,1000,1000
196,6,unweighted,10,0.2062101910828025,0,2,None,66,1,5,False,1000,1000
197,7,unweighted,10,0.2208399681528662,0,2,None,66,1,5,False,1000,1000
198,8,unweighted,10,0.2294984076433121,0,2,None,66,1,5,False,1000,1000
199,9,unweighted,10,0.2357683121019108,0,2,None,66,1,5,False,1000,1000
200,5,unweighted,10,0.0995222929936305,0,0,None,66,1,5,False,1000,1000
201,6,unweighted,10,0.0995222929936305,0,0,None,66,1,5,False,1000,1000
202,7,unweighted,10,0.0995222929936305,0,0,None,66,1,5,False,1000,1000
203,8,unweighted,10,0.0995222929936305,0,0,None,66,1,5,False,1000,1000
204,9,unweighted,10,0.0995222929936305,0,0,None,66,1,5,False,1000,1000
205,5,unweighted,10,0.0995222929936305,0,8,None,66,1,5,False,1000,1000
206,6,unweighted,10,0.1144506369426751,0,8,None,66,1,5,False,1000,1000
207,7,unweighted,10,0.1665007961783439,0,8,None,66,1,5,False,1000,1000
208,8,unweighted,10,0.0995222929936305,0,8,None,66,1,5,False,1000,1000
209,9,unweighted,10,0.0995222929936305,0,8,None,66,1,5,False,1000,1000
210,5,unweighted,10,0.1470939490445859,0,13,None,66,1,5,False,1000,1000
211,6,unweighted,10,0.2109872611464968,0,13,None,66,1,5,False,1000,1000
212,7,unweighted,10,0.2439291401273885,0,13,None,66,1,5,False,1000,1000
213,8,unweighted,10,0.2601512738853503,0,13,None,66,1,5,False,1000,1000
214,9,unweighted,10,0.2690087579617834,0,13,None,66,1,5,False,1000,1000
215,5,unweighted,10,0.1325636942675159,0,9,None,66,1,5,False,1000,1000
216,6,unweighted,10,0.177249203821656,0,9,None,66,1,5,False,1000,1000
217,7,unweighted,10,0.1871019108280254,0,9,None,66,1,5,False,1000,1000
218,8,unweighted,10,0.1891918789808917,0,9,None,66,1,5,False,1000,1000
219,9,unweighted,10,0.1906847133757961,0,9,None,66,1,5,False,1000,1000
220,5,unweighted,10,0.0995222929936305,0,21,None,66,1,5,False,1000,1000
221,6,unweighted,10,0.0995222929936305,0,21,None,66,1,5,False,1000,1000
222,7,unweighted,10,0.0995222929936305,0,21,None,66,1,5,False,1000,1000
223,8,unweighted,10,0.0995222929936305,0,21,None,66,1,5,False,1000,1000
224,9,unweighted,10,0.0995222929936305,0,21,None,66,1,5,False,1000,1000
225,5,unweighted,10,0.0995222929936305,0,23,None,66,1,5,False,1000,1000
226,6,unweighted,10,0.0995222929936305,0,23,None,66,1,5,False,1000,1000
227,7,unweighted,10,0.1000199044585987,0,23,None,66,1,5,False,1000,1000
228,8,unweighted,10,0.1634156050955414,0,23,None,66,1,5,False,1000,1000
229,9,unweighted,10,0.2649283439490446,0,23,None,66,1,5,False,1000,1000
230,5,unweighted,10,0.1656050955414012,0,27,None,66,1,5,False,1000,1000
231,6,unweighted,10,0.168093152866242,0,27,None,66,1,5,False,1000,1000
232,7,unweighted,10,0.1923765923566879,0,27,None,66,1,5,False,1000,1000
233,8,unweighted,10,0.2677149681528662,0,27,None,66,1,5,False,1000,1000
234,9,unweighted,10,0.2862261146496815,0,27,None,66,1,5,False,1000,1000
235,5,unweighted,10,0.1370421974522293,0,28,None,66,1,5,False,1000,1000
236,6,unweighted,10,0.0995222929936305,0,28,None,66,1,5,False,1000,1000
237,7,unweighted,10,0.0995222929936305,0,28,None,66,1,5,False,1000,1000
238,8,unweighted,10,0.0995222929936305,0,28,None,66,1,5,False,1000,1000
239,9,unweighted,10,0.0995222929936305,0,28,None,66,1,5,False,1000,1000
240,5,unweighted,10,0.0995222929936305,0,29,None,66,1,5,False,1000,1000
241,6,unweighted,10,0.0995222929936305,0,29,None,66,1,5,False,1000,1000
242,7,unweighted,10,0.0997213375796178,0,29,None,66,1,5,False,1000,1000
243,8,unweighted,10,0.1012141719745222,0,29,None,66,1,5,False,1000,1000
244,9,unweighted,10,0.1054936305732484,0,29,None,66,1,5,False,1000,1000
245,5,unweighted,10,0.0995222929936305,0,5,None,66,1,5,False,1000,1000
246,6,unweighted,10,0.0995222929936305,0,5,None,66,1,5,False,1000,1000
247,7,unweighted,10,0.1014132165605095,0,5,None,66,1,5,False,1000,1000
248,8,unweighted,10,0.2360668789808917,0,5,None,66,1,5,False,1000,1000
249,9,unweighted,10,0.2769705414012738,0,5,None,66,1,5,False,1000,1000
250,5,unweighted,10,0.0995222929936305,0,6,None,66,1,5,False,1000,1000
251,6,unweighted,10,0.0995222929936305,0,6,None,66,1,5,False,1000,1000
252,7,unweighted,10,0.0995222929936305,0,6,None,66,1,5,False,1000,1000
253,8,unweighted,10,0.0995222929936305,0,6,None,66,1,5,False,1000,1000
254,9,unweighted,10,0.0995222929936305,0,6,None,66,1,5,False,1000,1000
255,5,unweighted,10,0.0995222929936305,0,26,None,66,1,5,False,1000,1000
256,6,unweighted,10,0.0995222929936305,0,26,None,66,1,5,False,1000,1000
257,7,unweighted,10,0.0995222929936305,0,26,None,66,1,5,False,1000,1000
258,8,unweighted,10,0.0995222929936305,0,26,None,66,1,5,False,1000,1000
259,9,unweighted,10,0.1054936305732484,0,26,None,66,1,5,False,1000,1000
260,5,unweighted,10,0.2395501592356688,0,30,None,66,1,5,False,1000,1000
261,6,unweighted,10,0.2312898089171974,0,30,None,66,1,5,False,1000,1000
262,7,unweighted,10,0.2238256369426751,0,30,None,66,1,5,False,1000,1000
263,8,unweighted,10,0.2181528662420382,0,30,None,66,1,5,False,1000,1000
264,9,unweighted,10,0.2148686305732484,0,30,None,66,1,5,False,1000,1000
265,5,unweighted,10,0.2345740445859872,0,12,None,66,1,5,False,1000,1000
266,6,unweighted,10,0.2985668789808917,0,12,None,66,1,5,False,1000,1000
267,7,unweighted,10,0.3219546178343949,0,12,None,66,1,5,False,1000,1000
268,8,unweighted,10,0.2903065286624204,0,12,None,66,1,5,False,1000,1000
269,9,unweighted,10,0.1954617834394904,0,12,None,66,1,5,False,1000,1000
270,5,unweighted,10,0.0995222929936305,0,14,None,66,1,5,False,1000,1000
271,6,unweighted,10,0.0995222929936305,0,14,None,66,1,5,False,1000,1000
272,7,unweighted,10,0.0995222929936305,0,14,None,66,1,5,False,1000,1000
273,8,unweighted,10,0.0995222929936305,0,14,None,66,1,5,False,1000,1000
274,9,unweighted,10,0.0995222929936305,0,14,None,66,1,5,False,1000,1000
275,5,unweighted,10,0.0995222929936305,0,22,None,66,1,5,False,1000,1000
276,6,unweighted,10,0.0995222929936305,0,22,None,66,1,5,False,1000,1000
277,7,unweighted,10,0.0995222929936305,0,22,None,66,1,5,False,1000,1000
278,8,unweighted,10,0.101015127388535,0,22,None,66,1,5,False,1000,1000
279,9,unweighted,10,0.1708797770700637,0,22,None,66,1,5,False,1000,1000
280,5,unweighted,10,0.0995222929936305,0,32,None,66,1,5,False,1000,1000
281,6,unweighted,10,0.0999203821656051,0,32,None,66,1,5,False,1000,1000
282,7,unweighted,10,0.1425159235668789,0,32,None,66,1,5,False,1000,1000
283,8,unweighted,10,0.1740644904458598,0,32,None,66,1,5,False,1000,1000
284,9,unweighted,10,0.1851114649681528,0,32,None,66,1,5,False,1000,1000
285,5,unweighted,10,0.0995222929936305,0,7,None,66,1,5,False,1000,1000
286,6,unweighted,10,0.0995222929936305,0,7,None,66,1,5,False,1000,1000
287,7,unweighted,10,0.1168391719745222,0,7,None,66,1,5,False,1000,1000
288,8,unweighted,10,0.1704816878980891,0,7,None,66,1,5,False,1000,1000
289,9,unweighted,10,0.1168391719745222,0,7,None,66,1,5,False,1000,1000
290,5,unweighted,10,0.1747611464968153,0,24,None,66,1,5,False,1000,1000
291,6,unweighted,10,0.2217356687898089,0,24,None,66,1,5,False,1000,1000
292,7,unweighted,10,0.1458996815286624,0,24,None,66,1,5,False,1000,1000
293,8,unweighted,10,0.1391321656050955,0,24,None,66,1,5,False,1000,1000
294,9,unweighted,10,0.1215167197452229,0,24,None,66,1,5,False,1000,1000
295,5,unweighted,10,0.0995222929936305,0,17,None,66,1,5,False,1000,1000
296,6,unweighted,10,0.0995222929936305,0,17,None,66,1,5,False,1000,1000
297,7,unweighted,10,0.1044984076433121,0,17,None,66,1,5,False,1000,1000
298,8,unweighted,10,0.1236066878980891,0,17,None,66,1,5,False,1000,1000
299,9,unweighted,10,0.1558519108280254,0,17,None,66,1,5,False,1000,1000
300,5,unweighted,10,0.1439092356687898,0,20,None,66,1,5,False,1000,1000
301,6,unweighted,10,0.1615246815286624,0,20,None,66,1,5,False,1000,1000
302,7,unweighted,10,0.1692874203821656,0,20,None,66,1,5,False,1000,1000
303,8,unweighted,10,0.1714769108280254,0,20,None,66,1,5,False,1000,1000
304,9,unweighted,10,0.1683917197452229,0,20,None,66,1,5,False,1000,1000
305,5,unweighted,10,0.0995222929936305,0,4,None,66,1,5,False,1000,1000
306,6,unweighted,10,0.0995222929936305,0,4,None,66,1,5,False,1000,1000
307,7,unweighted,10,0.0995222929936305,0,4,None,66,1,5,False,1000,1000
308,8,unweighted,10,0.0995222929936305,0,4,None,66,1,5,False,1000,1000
309,9,unweighted,10,0.0995222929936305,0,4,None,66,1,5,False,1000,1000
310,5,unweighted,10,0.0995222929936305,0,10,None,66,1,5,False,1000,1000
311,6,unweighted,10,0.1801353503184713,0,10,None,66,1,5,False,1000,1000
312,7,unweighted,10,0.0995222929936305,0,10,None,66,1,5,False,1000,1000
313,8,unweighted,10,0.0995222929936305,0,10,None,66,1,5,False,1000,1000
314,9,unweighted,10,0.0995222929936305,0,10,None,66,1,5,False,1000,1000
315,5,unweighted,10,0.0995222929936305,0,11,None,66,1,5,False,1000,1000
316,6,unweighted,10,0.0997213375796178,0,11,None,66,1,5,False,1000,1000
317,7,unweighted,10,0.1338574840764331,0,11,None,66,1,5,False,1000,1000
318,8,unweighted,10,0.2395501592356688,0,11,None,66,1,5,False,1000,1000
319,9,unweighted,10,0.2743829617834395,0,11,None,66,1,5,False,1000,1000
320,5,unweighted,10,0.2402468152866242,0,15,None,66,1,5,False,1000,1000
321,6,unweighted,10,0.2537818471337579,0,15,None,66,1,5,False,1000,1000
322,7,unweighted,10,0.2623407643312102,0,15,None,66,1,5,False,1000,1000
323,8,unweighted,10,0.2701035031847134,0,15,None,66,1,5,False,1000,1000
324,9,unweighted,10,0.276671974522293,0,15,None,66,1,5,False,1000,1000
325,5,unweighted,10,0.0995222929936305,0,3,None,66,1,5,False,1000,1000
326,6,unweighted,10,0.0995222929936305,0,3,None,66,1,5,False,1000,1000
327,7,unweighted,10,0.0995222929936305,0,3,None,66,1,5,False,1000,1000
328,8,unweighted,10,0.1134554140127388,0,3,None,66,1,5,False,1000,1000
329,9,unweighted,10,0.0995222929936305,0,3,None,66,1,5,False,1000,1000
330,10,unweighted,10,0.2238256369426751,0,15,None,66,1,5,False,1000,1000
331,11,unweighted,10,0.1537619426751592,0,15,None,66,1,5,False,1000,1000
332,12,unweighted,10,0.1553542993630573,0,15,None,66,1,5,False,1000,1000
333,13,unweighted,10,0.1564490445859872,0,15,None,66,1,5,False,1000,1000
334,14,unweighted,10,0.1569466560509554,0,15,None,66,1,5,False,1000,1000
335,10,unweighted,10,0.0995222929936305,0,22,None,66,1,5,False,1000,1000
336,11,unweighted,10,0.0995222929936305,0,22,None,66,1,5,False,1000,1000
337,12,unweighted,10,0.0995222929936305,0,22,None,66,1,5,False,1000,1000
338,13,unweighted,10,0.0995222929936305,0,22,None,66,1,5,False,1000,1000
339,14,unweighted,10,0.0995222929936305,0,22,None,66,1,5,False,1000,1000
340,10,unweighted,10,0.1003184713375796,0,10,None,66,1,5,False,1000,1000
341,11,unweighted,10,0.1934713375796178,0,10,None,66,1,5,False,1000,1000
342,12,unweighted,10,0.1923765923566879,0,10,None,66,1,5,False,1000,1000
343,13,unweighted,10,0.1135549363057324,0,10,None,66,1,5,False,1000,1000
344,14,unweighted,10,0.1148487261146496,0,10,None,66,1,5,False,1000,1000
345,10,unweighted,10,0.0996218152866242,0,11,None,66,1,5,False,1000,1000
346,11,unweighted,10,0.1880971337579617,0,11,None,66,1,5,False,1000,1000
347,12,unweighted,10,0.1045979299363057,0,11,None,66,1,5,False,1000,1000
348,13,unweighted,10,0.0995222929936305,0,11,None,66,1,5,False,1000,1000
349,14,unweighted,10,0.0995222929936305,0,11,None,66,1,5,False,1000,1000
350,10,unweighted,10,0.0995222929936305,0,17,None,66,1,5,False,1000,1000
351,11,unweighted,10,0.0995222929936305,0,17,None,66,1,5,False,1000,1000
352,12,unweighted,10,0.0995222929936305,0,17,None,66,1,5,False,1000,1000
353,13,unweighted,10,0.0995222929936305,0,17,None,66,1,5,False,1000,1000
354,14,unweighted,10,0.0995222929936305,0,17,None,66,1,5,False,1000,1000
355,10,unweighted,10,0.1033041401273885,0,24,None,66,1,5,False,1000,1000
356,11,unweighted,10,0.1508757961783439,0,24,None,66,1,5,False,1000,1000
357,12,unweighted,10,0.1051950636942675,0,24,None,66,1,5,False,1000,1000
358,13,unweighted,10,0.0995222929936305,0,24,None,66,1,5,False,1000,1000
359,14,unweighted,10,0.0995222929936305,0,24,None,66,1,5,False,1000,1000
360,10,unweighted,10,0.0995222929936305,0,1,None,66,1,5,False,1000,1000
361,11,unweighted,10,0.0995222929936305,0,1,None,66,1,5,False,1000,1000
362,12,unweighted,10,0.0995222929936305,0,1,None,66,1,5,False,1000,1000
363,13,unweighted,10,0.0995222929936305,0,1,None,66,1,5,False,1000,1000
364,14,unweighted,10,0.0995222929936305,0,1,None,66,1,5,False,1000,1000
365,10,unweighted,10,0.0995222929936305,0,21,None,66,1,5,False,1000,1000
366,11,unweighted,10,0.0995222929936305,0,21,None,66,1,5,False,1000,1000
367,12,unweighted,10,0.0995222929936305,0,21,None,66,1,5,False,1000,1000
368,13,unweighted,10,0.0995222929936305,0,21,None,66,1,5,False,1000,1000
369,14,unweighted,10,0.0995222929936305,0,21,None,66,1,5,False,1000,1000
370,10,unweighted,10,0.0995222929936305,0,23,None,66,1,5,False,1000,1000
371,11,unweighted,10,0.1067874203821656,0,23,None,66,1,5,False,1000,1000
372,12,unweighted,10,0.1490843949044586,0,23,None,66,1,5,False,1000,1000
373,13,unweighted,10,0.0995222929936305,0,23,None,66,1,5,False,1000,1000
374,14,unweighted,10,0.0995222929936305,0,23,None,66,1,5,False,1000,1000
375,10,unweighted,10,0.0995222929936305,0,27,None,66,1,5,False,1000,1000
376,11,unweighted,10,0.1011146496815286,0,27,None,66,1,5,False,1000,1000
377,12,unweighted,10,0.1924761146496815,0,27,None,66,1,5,False,1000,1000
378,13,unweighted,10,0.1601313694267516,0,27,None,66,1,5,False,1000,1000
379,14,unweighted,10,0.1160429936305732,0,27,None,66,1,5,False,1000,1000
380,10,unweighted,10,0.0995222929936305,0,29,None,66,1,5,False,1000,1000
381,11,unweighted,10,0.0995222929936305,0,29,None,66,1,5,False,1000,1000
382,12,unweighted,10,0.0995222929936305,0,29,None,66,1,5,False,1000,1000
383,13,unweighted,10,0.0995222929936305,0,29,None,66,1,5,False,1000,1000
384,14,unweighted,10,0.1085788216560509,0,29,None,66,1,5,False,1000,1000
385,10,unweighted,10,0.0995222929936305,0,9,None,66,1,5,False,1000,1000
386,11,unweighted,10,0.1401273885350318,0,9,None,66,1,5,False,1000,1000
387,12,unweighted,10,0.1392316878980891,0,9,None,66,1,5,False,1000,1000
388,13,unweighted,10,0.1397292993630573,0,9,None,66,1,5,False,1000,1000
389,14,unweighted,10,0.1401273885350318,0,9,None,66,1,5,False,1000,1000
390,10,unweighted,10,0.0995222929936305,0,13,None,66,1,5,False,1000,1000
391,11,unweighted,10,0.0995222929936305,0,13,None,66,1,5,False,1000,1000
392,12,unweighted,10,0.0995222929936305,0,13,None,66,1,5,False,1000,1000
393,13,unweighted,10,0.0995222929936305,0,13,None,66,1,5,False,1000,1000
394,14,unweighted,10,0.0995222929936305,0,13,None,66,1,5,False,1000,1000
395,10,unweighted,10,0.1660031847133758,0,25,None,66,1,5,False,1000,1000
396,11,unweighted,10,0.1668988853503184,0,25,None,66,1,5,False,1000,1000
397,12,unweighted,10,0.1678941082802547,0,25,None,66,1,5,False,1000,1000
398,13,unweighted,10,0.1690883757961783,0,25,None,66,1,5,False,1000,1000
399,14,unweighted,10,0.1701831210191083,0,25,None,66,1,5,False,1000,1000
400,10,unweighted,10,0.0995222929936305,0,18,None,66,1,5,False,1000,1000
401,11,unweighted,10,0.0995222929936305,0,18,None,66,1,5,False,1000,1000
402,12,unweighted,10,0.0995222929936305,0,18,None,66,1,5,False,1000,1000
403,13,unweighted,10,0.0995222929936305,0,18,None,66,1,5,False,1000,1000
404,14,unweighted,10,0.0995222929936305,0,18,None,66,1,5,False,1000,1000
405,10,unweighted,10,0.0995222929936305,0,8,None,66,1,5,False,1000,1000
406,11,unweighted,10,0.0995222929936305,0,8,None,66,1,5,False,1000,1000
407,12,unweighted,10,0.0995222929936305,0,8,None,66,1,5,False,1000,1000
408,13,unweighted,10,0.0995222929936305,0,8,None,66,1,5,False,1000,1000
409,14,unweighted,10,0.0995222929936305,0,8,None,66,1,5,False,1000,1000
410,10,unweighted,10,0.0995222929936305,0,31,None,66,1,5,False,1000,1000
411,11,unweighted,10,0.0995222929936305,0,31,None,66,1,5,False,1000,1000
412,12,unweighted,10,0.0995222929936305,0,31,None,66,1,5,False,1000,1000
413,13,unweighted,10,0.0995222929936305,0,31,None,66,1,5,False,1000,1000
414,14,unweighted,10,0.0995222929936305,0,31,None,66,1,5,False,1000,1000
415,10,unweighted,10,0.0995222929936305,0,19,None,66,1,5,False,1000,1000
416,11,unweighted,10,0.0995222929936305,0,19,None,66,1,5,False,1000,1000
417,12,unweighted,10,0.0995222929936305,0,19,None,66,1,5,False,1000,1000
418,13,unweighted,10,0.0995222929936305,0,19,None,66,1,5,False,1000,1000
419,14,unweighted,10,0.0995222929936305,0,19,None,66,1,5,False,1000,1000
420,10,unweighted,10,0.0995222929936305,0,28,None,66,1,5,False,1000,1000
421,11,unweighted,10,0.0995222929936305,0,28,None,66,1,5,False,1000,1000
422,12,unweighted,10,0.0995222929936305,0,28,None,66,1,5,False,1000,1000
423,13,unweighted,10,0.0995222929936305,0,28,None,66,1,5,False,1000,1000
424,14,unweighted,10,0.0995222929936305,0,28,None,66,1,5,False,1000,1000
425,10,unweighted,10,0.1336584394904458,0,20,None,66,1,5,False,1000,1000
426,11,unweighted,10,0.0995222929936305,0,20,None,66,1,5,False,1000,1000
427,12,unweighted,10,0.0995222929936305,0,20,None,66,1,5,False,1000,1000
428,13,unweighted,10,0.0995222929936305,0,20,None,66,1,5,False,1000,1000
429,14,unweighted,10,0.1084792993630573,0,20,None,66,1,5,False,1000,1000
430,10,unweighted,10,0.0995222929936305,0,5,None,66,1,5,False,1000,1000
431,11,unweighted,10,0.1877985668789809,0,5,None,66,1,5,False,1000,1000
432,12,unweighted,10,0.1854100318471337,0,5,None,66,1,5,False,1000,1000
433,13,unweighted,10,0.1895899681528662,0,5,None,66,1,5,False,1000,1000
434,14,unweighted,10,0.1972531847133758,0,5,None,66,1,5,False,1000,1000
435,10,unweighted,10,0.0995222929936305,0,4,None,66,1,5,False,1000,1000
436,11,unweighted,10,0.0995222929936305,0,4,None,66,1,5,False,1000,1000
437,12,unweighted,10,0.0995222929936305,0,4,None,66,1,5,False,1000,1000
438,13,unweighted,10,0.0995222929936305,0,4,None,66,1,5,False,1000,1000
439,14,unweighted,10,0.0995222929936305,0,4,None,66,1,5,False,1000,1000
440,10,unweighted,10,0.0995222929936305,0,14,None,66,1,5,False,1000,1000
441,11,unweighted,10,0.0995222929936305,0,14,None,66,1,5,False,1000,1000
442,12,unweighted,10,0.0995222929936305,0,14,None,66,1,5,False,1000,1000
443,13,unweighted,10,0.0995222929936305,0,14,None,66,1,5,False,1000,1000
444,14,unweighted,10,0.0995222929936305,0,14,None,66,1,5,False,1000,1000
445,10,unweighted,10,0.0995222929936305,0,26,None,66,1,5,False,1000,1000
446,11,unweighted,10,0.0995222929936305,0,26,None,66,1,5,False,1000,1000
447,12,unweighted,10,0.0995222929936305,0,26,None,66,1,5,False,1000,1000
448,13,unweighted,10,0.0995222929936305,0,26,None,66,1,5,False,1000,1000
449,14,unweighted,10,0.0995222929936305,0,26,None,66,1,5,False,1000,1000
450,10,unweighted,10,0.0995222929936305,0,12,None,66,1,5,False,1000,1000
451,11,unweighted,10,0.0995222929936305,0,12,None,66,1,5,False,1000,1000
452,12,unweighted,10,0.1371417197452229,0,12,None,66,1,5,False,1000,1000
453,13,unweighted,10,0.1690883757961783,0,12,None,66,1,5,False,1000,1000
454,14,unweighted,10,0.0995222929936305,0,12,None,66,1,5,False,1000,1000
455,10,unweighted,10,0.0995222929936305,0,30,None,66,1,5,False,1000,1000
456,11,unweighted,10,0.0995222929936305,0,30,None,66,1,5,False,1000,1000
457,12,unweighted,10,0.1196257961783439,0,30,None,66,1,5,False,1000,1000
458,13,unweighted,10,0.1809315286624203,0,30,None,66,1,5,False,1000,1000
459,14,unweighted,10,0.1972531847133758,0,30,None,66,1,5,False,1000,1000
460,10,unweighted,10,0.1767515923566879,0,2,None,66,1,5,False,1000,1000
461,11,unweighted,10,0.1560509554140127,0,2,None,66,1,5,False,1000,1000
462,12,unweighted,10,0.1359474522292993,0,2,None,66,1,5,False,1000,1000
463,13,unweighted,10,0.1186305732484076,0,2,None,66,1,5,False,1000,1000
464,14,unweighted,10,0.1057921974522293,0,2,None,66,1,5,False,1000,1000
465,10,unweighted,10,0.0995222929936305,0,0,None,66,1,5,False,1000,1000
466,11,unweighted,10,0.171875,0,0,None,66,1,5,False,1000,1000
467,12,unweighted,10,0.0995222929936305,0,0,None,66,1,5,False,1000,1000
468,13,unweighted,10,0.0995222929936305,0,0,None,66,1,5,False,1000,1000
469,14,unweighted,10,0.0995222929936305,0,0,None,66,1,5,False,1000,1000
470,10,unweighted,10,0.0995222929936305,0,3,None,66,1,5,False,1000,1000
471,11,unweighted,10,0.0995222929936305,0,3,None,66,1,5,False,1000,1000
472,12,unweighted,10,0.1404259554140127,0,3,None,66,1,5,False,1000,1000
473,13,unweighted,10,0.0995222929936305,0,3,None,66,1,5,False,1000,1000
474,14,unweighted,10,0.0995222929936305,0,3,None,66,1,5,False,1000,1000
475,10,unweighted,10,0.1007165605095541,0,6,None,66,1,5,False,1000,1000
476,11,unweighted,10,0.0995222929936305,0,6,None,66,1,5,False,1000,1000
477,12,unweighted,10,0.0995222929936305,0,6,None,66,1,5,False,1000,1000
478,13,unweighted,10,0.0995222929936305,0,6,None,66,1,5,False,1000,1000
479,14,unweighted,10,0.0995222929936305,0,6,None,66,1,5,False,1000,1000
480,10,unweighted,10,0.0995222929936305,0,7,None,66,1,5,False,1000,1000
481,11,unweighted,10,0.0995222929936305,0,7,None,66,1,5,False,1000,1000
482,12,unweighted,10,0.1187300955414012,0,7,None,66,1,5,False,1000,1000
483,13,unweighted,10,0.0995222929936305,0,7,None,66,1,5,False,1000,1000
484,14,unweighted,10,0.0995222929936305,0,7,None,66,1,5,False,1000,1000
485,10,unweighted,10,0.0995222929936305,0,16,None,66,1,5,False,1000,1000
486,11,unweighted,10,0.1924761146496815,0,16,None,66,1,5,False,1000,1000
487,12,unweighted,10,0.166202229299363,0,16,None,66,1,5,False,1000,1000
488,13,unweighted,10,0.1394307324840764,0,16,None,66,1,5,False,1000,1000
489,14,unweighted,10,0.1092754777070063,0,16,None,66,1,5,False,1000,1000
490,10,unweighted,10,0.0995222929936305,0,32,None,66,1,5,False,1000,1000
491,11,unweighted,10,0.0995222929936305,0,32,None,66,1,5,False,1000,1000
492,12,unweighted,10,0.0995222929936305,0,32,None,66,1,5,False,1000,1000
493,13,unweighted,10,0.0995222929936305,0,32,None,66,1,5,False,1000,1000
494,14,unweighted,10,0.0995222929936305,0,32,None,66,1,5,False,1000,1000
990,15,unweighted,10,0.0995222929936305,0,1,None,66,1,5,False,1000,1000
991,16,unweighted,10,0.0995222929936305,0,1,None,66,1,5,False,1000,1000
992,17,unweighted,10,0.0995222929936305,0,1,None,66,1,5,False,1000,1000
993,18,unweighted,10,0.0995222929936305,0,1,None,66,1,5,False,1000,1000
994,19,unweighted,10,0.0995222929936305,0,1,None,66,1,5,False,1000,1000
995,15,unweighted,10,0.0995222929936305,0,13,None,66,1,5,False,1000,1000
996,16,unweighted,10,0.0995222929936305,0,13,None,66,1,5,False,1000,1000
997,17,unweighted,10,0.0995222929936305,0,13,None,66,1,5,False,1000,1000
998,18,unweighted,10,0.0995222929936305,0,13,None,66,1,5,False,1000,1000
999,19,unweighted,10,0.0995222929936305,0,13,None,66,1,5,False,1000,1000
1000,15,unweighted,10,0.0995222929936305,0,16,None,66,1,5,False,1000,1000
1001,16,unweighted,10,0.0995222929936305,0,16,None,66,1,5,False,1000,1000
1002,17,unweighted,10,0.0995222929936305,0,16,None,66,1,5,False,1000,1000
1003,18,unweighted,10,0.0995222929936305,0,16,None,66,1,5,False,1000,1000
1004,19,unweighted,10,0.0995222929936305,0,16,None,66,1,5,False,1000,1000
1005,15,unweighted,10,0.0995222929936305,0,14,None,66,1,5,False,1000,1000
1006,16,unweighted,10,0.0995222929936305,0,14,None,66,1,5,False,1000,1000
1007,17,unweighted,10,0.0995222929936305,0,14,None,66,1,5,False,1000,1000
1008,18,unweighted,10,0.0995222929936305,0,14,None,66,1,5,False,1000,1000
1009,19,unweighted,10,0.0995222929936305,0,14,None,66,1,5,False,1000,1000
1010,15,unweighted,10,0.0995222929936305,0,22,None,66,1,5,False,1000,1000
1011,16,unweighted,10,0.0995222929936305,0,22,None,66,1,5,False,1000,1000
1012,17,unweighted,10,0.0995222929936305,0,22,None,66,1,5,False,1000,1000
1013,18,unweighted,10,0.0995222929936305,0,22,None,66,1,5,False,1000,1000
1014,19,unweighted,10,0.1963574840764331,0,22,None,66,1,5,False,1000,1000
1015,15,unweighted,10,0.0995222929936305,0,23,None,66,1,5,False,1000,1000
1016,16,unweighted,10,0.0995222929936305,0,23,None,66,1,5,False,1000,1000
1017,17,unweighted,10,0.0995222929936305,0,23,None,66,1,5,False,1000,1000
1018,18,unweighted,10,0.0995222929936305,0,23,None,66,1,5,False,1000,1000
1019,19,unweighted,10,0.0995222929936305,0,23,None,66,1,5,False,1000,1000
1020,15,unweighted,10,0.0995222929936305,0,21,None,66,1,5,False,1000,1000
1021,16,unweighted,10,0.0995222929936305,0,21,None,66,1,5,False,1000,1000
1022,17,unweighted,10,0.0995222929936305,0,21,None,66,1,5,False,1000,1000
1023,18,unweighted,10,0.0995222929936305,0,21,None,66,1,5,False,1000,1000
1024,19,unweighted,10,0.0995222929936305,0,21,None,66,1,5,False,1000,1000
1025,15,unweighted,10,0.0995222929936305,0,25,None,66,1,5,False,1000,1000
1026,16,unweighted,10,0.0995222929936305,0,25,None,66,1,5,False,1000,1000
1027,17,unweighted,10,0.0995222929936305,0,25,None,66,1,5,False,1000,1000
1028,18,unweighted,10,0.0995222929936305,0,25,None,66,1,5,False,1000,1000
1029,19,unweighted,10,0.0995222929936305,0,25,None,66,1,5,False,1000,1000
1030,15,unweighted,10,0.1976512738853503,0,26,None,66,1,5,False,1000,1000
1031,16,unweighted,10,0.0995222929936305,0,26,None,66,1,5,False,1000,1000
1032,17,unweighted,10,0.0995222929936305,0,26,None,66,1,5,False,1000,1000
1033,18,unweighted,10,0.0995222929936305,0,26,None,66,1,5,False,1000,1000
1034,19,unweighted,10,0.0995222929936305,0,26,None,66,1,5,False,1000,1000
1035,15,unweighted,10,0.0995222929936305,0,24,None,66,1,5,False,1000,1000
1036,16,unweighted,10,0.0995222929936305,0,24,None,66,1,5,False,1000,1000
1037,17,unweighted,10,0.0995222929936305,0,24,None,66,1,5,False,1000,1000
1038,18,unweighted,10,0.0995222929936305,0,24,None,66,1,5,False,1000,1000
1039,19,unweighted,10,0.0995222929936305,0,24,None,66,1,5,False,1000,1000
1040,15,unweighted,10,0.0995222929936305,0,29,None,66,1,5,False,1000,1000
1041,16,unweighted,10,0.0995222929936305,0,29,None,66,1,5,False,1000,1000
1042,17,unweighted,10,0.0995222929936305,0,29,None,66,1,5,False,1000,1000
1043,18,unweighted,10,0.0995222929936305,0,29,None,66,1,5,False,1000,1000
1044,19,unweighted,10,0.1677945859872611,0,29,None,66,1,5,False,1000,1000
1045,15,unweighted,10,0.0995222929936305,0,30,None,66,1,5,False,1000,1000
1046,16,unweighted,10,0.0995222929936305,0,30,None,66,1,5,False,1000,1000
1047,17,unweighted,10,0.0995222929936305,0,30,None,66,1,5,False,1000,1000
1048,18,unweighted,10,0.0995222929936305,0,30,None,66,1,5,False,1000,1000
1049,19,unweighted,10,0.0995222929936305,0,30,None,66,1,5,False,1000,1000
1050,15,unweighted,10,0.0995222929936305,0,6,None,66,1,5,False,1000,1000
1051,16,unweighted,10,0.0995222929936305,0,6,None,66,1,5,False,1000,1000
1052,17,unweighted,10,0.0995222929936305,0,6,None,66,1,5,False,1000,1000
1053,18,unweighted,10,0.0995222929936305,0,6,None,66,1,5,False,1000,1000
1054,19,unweighted,10,0.0995222929936305,0,6,None,66,1,5,False,1000,1000
1055,15,unweighted,10,0.1116640127388535,0,27,None,66,1,5,False,1000,1000
1056,16,unweighted,10,0.1115644904458598,0,27,None,66,1,5,False,1000,1000
1057,17,unweighted,10,0.2033240445859872,0,27,None,66,1,5,False,1000,1000
1058,18,unweighted,10,0.1410230891719745,0,27,None,66,1,5,False,1000,1000
1059,19,unweighted,10,0.0995222929936305,0,27,None,66,1,5,False,1000,1000
1060,15,unweighted,10,0.0995222929936305,0,32,None,66,1,5,False,1000,1000
1061,16,unweighted,10,0.0995222929936305,0,32,None,66,1,5,False,1000,1000
1062,17,unweighted,10,0.0995222929936305,0,32,None,66,1,5,False,1000,1000
1063,18,unweighted,10,0.0995222929936305,0,32,None,66,1,5,False,1000,1000
1064,19,unweighted,10,0.0995222929936305,0,32,None,66,1,5,False,1000,1000
1065,15,unweighted,10,0.0995222929936305,0,8,None,66,1,5,False,1000,1000
1066,16,unweighted,10,0.0995222929936305,0,8,None,66,1,5,False,1000,1000
1067,17,unweighted,10,0.0995222929936305,0,8,None,66,1,5,False,1000,1000
1068,18,unweighted,10,0.0995222929936305,0,8,None,66,1,5,False,1000,1000
1069,19,unweighted,10,0.0995222929936305,0,8,None,66,1,5,False,1000,1000
1070,15,unweighted,10,0.0995222929936305,0,19,None,66,1,5,False,1000,1000
1071,16,unweighted,10,0.0995222929936305,0,19,None,66,1,5,False,1000,1000
1072,17,unweighted,10,0.0995222929936305,0,19,None,66,1,5,False,1000,1000
1073,18,unweighted,10,0.0995222929936305,0,19,None,66,1,5,False,1000,1000
1074,19,unweighted,10,0.0995222929936305,0,19,None,66,1,5,False,1000,1000
1075,15,unweighted,10,0.0995222929936305,0,31,None,66,1,5,False,1000,1000
1076,16,unweighted,10,0.0995222929936305,0,31,None,66,1,5,False,1000,1000
1077,17,unweighted,10,0.0995222929936305,0,31,None,66,1,5,False,1000,1000
1078,18,unweighted,10,0.0995222929936305,0,31,None,66,1,5,False,1000,1000
1079,19,unweighted,10,0.0995222929936305,0,31,None,66,1,5,False,1000,1000
1080,15,unweighted,10,0.0995222929936305,0,2,None,66,1,5,False,1000,1000
1081,16,unweighted,10,0.0995222929936305,0,2,None,66,1,5,False,1000,1000
1082,17,unweighted,10,0.0995222929936305,0,2,None,66,1,5,False,1000,1000
1083,18,unweighted,10,0.0995222929936305,0,2,None,66,1,5,False,1000,1000
1084,19,unweighted,10,0.0995222929936305,0,2,None,66,1,5,False,1000,1000
1085,15,unweighted,10,0.0995222929936305,0,0,None,66,1,5,False,1000,1000
1086,16,unweighted,10,0.0995222929936305,0,0,None,66,1,5,False,1000,1000
1087,17,unweighted,10,0.0995222929936305,0,0,None,66,1,5,False,1000,1000
1088,18,unweighted,10,0.0995222929936305,0,0,None,66,1,5,False,1000,1000
1089,19,unweighted,10,0.0995222929936305,0,0,None,66,1,5,False,1000,1000
1090,15,unweighted,10,0.0995222929936305,0,3,None,66,1,5,False,1000,1000
1091,16,unweighted,10,0.0995222929936305,0,3,None,66,1,5,False,1000,1000
1092,17,unweighted,10,0.0995222929936305,0,3,None,66,1,5,False,1000,1000
1093,18,unweighted,10,0.0995222929936305,0,3,None,66,1,5,False,1000,1000
1094,19,unweighted,10,0.0995222929936305,0,3,None,66,1,5,False,1000,1000
1095,15,unweighted,10,0.0995222929936305,0,5,None,66,1,5,False,1000,1000
1096,16,unweighted,10,0.171875,0,5,None,66,1,5,False,1000,1000
1097,17,unweighted,10,0.0995222929936305,0,5,None,66,1,5,False,1000,1000
1098,18,unweighted,10,0.0995222929936305,0,5,None,66,1,5,False,1000,1000
1099,19,unweighted,10,0.0996218152866242,0,5,None,66,1,5,False,1000,1000
1100,15,unweighted,10,0.0995222929936305,0,4,None,66,1,5,False,1000,1000
1101,16,unweighted,10,0.0995222929936305,0,4,None,66,1,5,False,1000,1000
1102,17,unweighted,10,0.0995222929936305,0,4,None,66,1,5,False,1000,1000
1103,18,unweighted,10,0.0995222929936305,0,4,None,66,1,5,False,1000,1000
1104,19,unweighted,10,0.0995222929936305,0,4,None,66,1,5,False,1000,1000
1105,15,unweighted,10,0.0995222929936305,0,7,None,66,1,5,False,1000,1000
1106,16,unweighted,10,0.0995222929936305,0,7,None,66,1,5,False,1000,1000
1107,17,unweighted,10,0.0995222929936305,0,7,None,66,1,5,False,1000,1000
1108,18,unweighted,10,0.0995222929936305,0,7,None,66,1,5,False,1000,1000
1109,19,unweighted,10,0.0995222929936305,0,7,None,66,1,5,False,1000,1000
1110,15,unweighted,10,0.1954617834394904,0,10,None,66,1,5,False,1000,1000
1111,16,unweighted,10,0.0995222929936305,0,10,None,66,1,5,False,1000,1000
1112,17,unweighted,10,0.0995222929936305,0,10,None,66,1,5,False,1000,1000
1113,18,unweighted,10,0.0995222929936305,0,10,None,66,1,5,False,1000,1000
1114,19,unweighted,10,0.0995222929936305,0,10,None,66,1,5,False,1000,1000
1115,15,unweighted,10,0.0995222929936305,0,9,None,66,1,5,False,1000,1000
1116,16,unweighted,10,0.1709792993630573,0,9,None,66,1,5,False,1000,1000
1117,17,unweighted,10,0.0995222929936305,0,9,None,66,1,5,False,1000,1000
1118,18,unweighted,10,0.0995222929936305,0,9,None,66,1,5,False,1000,1000
1119,19,unweighted,10,0.0995222929936305,0,9,None,66,1,5,False,1000,1000
1120,15,unweighted,10,0.1365445859872611,0,11,None,66,1,5,False,1000,1000
1121,16,unweighted,10,0.18640525477707,0,11,None,66,1,5,False,1000,1000
1122,17,unweighted,10,0.0995222929936305,0,11,None,66,1,5,False,1000,1000
1123,18,unweighted,10,0.0995222929936305,0,11,None,66,1,5,False,1000,1000
1124,19,unweighted,10,0.0995222929936305,0,11,None,66,1,5,False,1000,1000
1125,15,unweighted,10,0.1115644904458598,0,15,None,66,1,5,False,1000,1000
1126,16,unweighted,10,0.1614251592356688,0,15,None,66,1,5,False,1000,1000
1127,17,unweighted,10,0.2322850318471337,0,15,None,66,1,5,False,1000,1000
1128,18,unweighted,10,0.2381568471337579,0,15,None,66,1,5,False,1000,1000
1129,19,unweighted,10,0.1742635350318471,0,15,None,66,1,5,False,1000,1000
1130,15,unweighted,10,0.0995222929936305,0,12,None,66,1,5,False,1000,1000
1131,16,unweighted,10,0.1025079617834394,0,12,None,66,1,5,False,1000,1000
1132,17,unweighted,10,0.1835191082802547,0,12,None,66,1,5,False,1000,1000
1133,18,unweighted,10,0.1470939490445859,0,12,None,66,1,5,False,1000,1000
1134,19,unweighted,10,0.1898885350318471,0,12,None,66,1,5,False,1000,1000
1135,15,unweighted,10,0.1517714968152866,0,17,None,66,1,5,False,1000,1000
1136,16,unweighted,10,0.1324641719745223,0,17,None,66,1,5,False,1000,1000
1137,17,unweighted,10,0.1167396496815286,0,17,None,66,1,5,False,1000,1000
1138,18,unweighted,10,0.1057921974522293,0,17,None,66,1,5,False,1000,1000
1139,19,unweighted,10,0.101015127388535,0,17,None,66,1,5,False,1000,1000
1140,15,unweighted,10,0.0995222929936305,0,20,None,66,1,5,False,1000,1000
1141,16,unweighted,10,0.0995222929936305,0,20,None,66,1,5,False,1000,1000
1142,17,unweighted,10,0.0996218152866242,0,20,None,66,1,5,False,1000,1000
1143,18,unweighted,10,0.1022093949044586,0,20,None,66,1,5,False,1000,1000
1144,19,unweighted,10,0.110171178343949,0,20,None,66,1,5,False,1000,1000
1145,15,unweighted,10,0.0995222929936305,0,18,None,66,1,5,False,1000,1000
1146,16,unweighted,10,0.0995222929936305,0,18,None,66,1,5,False,1000,1000
1147,17,unweighted,10,0.0995222929936305,0,18,None,66,1,5,False,1000,1000
1148,18,unweighted,10,0.0995222929936305,0,18,None,66,1,5,False,1000,1000
1149,19,unweighted,10,0.0995222929936305,0,18,None,66,1,5,False,1000,1000
1150,15,unweighted,10,0.0995222929936305,0,28,None,66,1,5,False,1000,1000
1151,16,unweighted,10,0.0995222929936305,0,28,None,66,1,5,False,1000,1000
1152,17,unweighted,10,0.0995222929936305,0,28,None,66,1,5,False,1000,1000
1153,18,unweighted,10,0.0995222929936305,0,28,None,66,1,5,False,1000,1000
1154,19,unweighted,10,0.0995222929936305,0,28,None,66,1,5,False,1000,1000
1155,20,unweighted,10,0.0995222929936305,0,1,None,66,1,5,False,1000,1000
1156,21,unweighted,10,0.0995222929936305,0,1,None,66,1,5,False,1000,1000
1157,22,unweighted,10,0.0995222929936305,0,1,None,66,1,5,False,1000,1000
1158,23,unweighted,10,0.0995222929936305,0,1,None,66,1,5,False,1000,1000
1159,24,unweighted,10,0.0995222929936305,0,1,None,66,1,5,False,1000,1000
1160,20,unweighted,10,0.0995222929936305,0,29,None,66,1,5,False,1000,1000
1161,21,unweighted,10,0.0995222929936305,0,29,None,66,1,5,False,1000,1000
1162,22,unweighted,10,0.0995222929936305,0,29,None,66,1,5,False,1000,1000
1163,23,unweighted,10,0.0995222929936305,0,29,None,66,1,5,False,1000,1000
1164,24,unweighted,10,0.0999203821656051,0,29,None,66,1,5,False,1000,1000
1165,20,unweighted,10,0.0995222929936305,0,2,None,66,1,5,False,1000,1000
1166,21,unweighted,10,0.0995222929936305,0,2,None,66,1,5,False,1000,1000
1167,22,unweighted,10,0.0995222929936305,0,2,None,66,1,5,False,1000,1000
1168,23,unweighted,10,0.0995222929936305,0,2,None,66,1,5,False,1000,1000
1169,24,unweighted,10,0.0995222929936305,0,2,None,66,1,5,False,1000,1000
1170,20,unweighted,10,0.0995222929936305,0,28,None,66,1,5,False,1000,1000
1171,21,unweighted,10,0.0995222929936305,0,28,None,66,1,5,False,1000,1000
1172,22,unweighted,10,0.0995222929936305,0,28,None,66,1,5,False,1000,1000
1173,23,unweighted,10,0.0995222929936305,0,28,None,66,1,5,False,1000,1000
1174,24,unweighted,10,0.0995222929936305,0,28,None,66,1,5,False,1000,1000
1175,20,unweighted,10,0.0995222929936305,0,23,None,66,1,5,False,1000,1000
1176,21,unweighted,10,0.0995222929936305,0,23,None,66,1,5,False,1000,1000
1177,22,unweighted,10,0.0995222929936305,0,23,None,66,1,5,False,1000,1000
1178,23,unweighted,10,0.0995222929936305,0,23,None,66,1,5,False,1000,1000
1179,24,unweighted,10,0.0995222929936305,0,23,None,66,1,5,False,1000,1000
1180,20,unweighted,10,0.0995222929936305,0,13,None,66,1,5,False,1000,1000
1181,21,unweighted,10,0.0995222929936305,0,13,None,66,1,5,False,1000,1000
1182,22,unweighted,10,0.0995222929936305,0,13,None,66,1,5,False,1000,1000
1183,23,unweighted,10,0.0995222929936305,0,13,None,66,1,5,False,1000,1000
1184,24,unweighted,10,0.0995222929936305,0,13,None,66,1,5,False,1000,1000
1185,20,unweighted,10,0.1891918789808917,0,15,None,66,1,5,False,1000,1000
1186,21,unweighted,10,0.0995222929936305,0,15,None,66,1,5,False,1000,1000
1187,22,unweighted,10,0.0995222929936305,0,15,None,66,1,5,False,1000,1000
1188,23,unweighted,10,0.0995222929936305,0,15,None,66,1,5,False,1000,1000
1189,24,unweighted,10,0.0995222929936305,0,15,None,66,1,5,False,1000,1000
1190,20,unweighted,10,0.0995222929936305,0,10,None,66,1,5,False,1000,1000
1191,21,unweighted,10,0.0995222929936305,0,10,None,66,1,5,False,1000,1000
1192,22,unweighted,10,0.0995222929936305,0,10,None,66,1,5,False,1000,1000
1193,23,unweighted,10,0.0995222929936305,0,10,None,66,1,5,False,1000,1000
1194,24,unweighted,10,0.0995222929936305,0,10,None,66,1,5,False,1000,1000
1195,20,unweighted,10,0.0995222929936305,0,11,None,66,1,5,False,1000,1000
1196,21,unweighted,10,0.0995222929936305,0,11,None,66,1,5,False,1000,1000
1197,22,unweighted,10,0.0995222929936305,0,11,None,66,1,5,False,1000,1000
1198,23,unweighted,10,0.0995222929936305,0,11,None,66,1,5,False,1000,1000
1199,24,unweighted,10,0.0995222929936305,0,11,None,66,1,5,False,1000,1000
1200,20,unweighted,10,0.1001194267515923,0,5,None,66,1,5,False,1000,1000
1201,21,unweighted,10,0.0995222929936305,0,5,None,66,1,5,False,1000,1000
1202,22,unweighted,10,0.0995222929936305,0,5,None,66,1,5,False,1000,1000
1203,23,unweighted,10,0.1137539808917197,0,5,None,66,1,5,False,1000,1000
1204,24,unweighted,10,0.1763535031847133,0,5,None,66,1,5,False,1000,1000
1205,20,unweighted,10,0.0995222929936305,0,30,None,66,1,5,False,1000,1000
1206,21,unweighted,10,0.0995222929936305,0,30,None,66,1,5,False,1000,1000
1207,22,unweighted,10,0.0995222929936305,0,30,None,66,1,5,False,1000,1000
1208,23,unweighted,10,0.0995222929936305,0,30,None,66,1,5,False,1000,1000
1209,24,unweighted,10,0.0995222929936305,0,30,None,66,1,5,False,1000,1000
1210,20,unweighted,10,0.1224124203821656,0,0,None,66,1,5,False,1000,1000
1211,21,unweighted,10,0.0995222929936305,0,0,None,66,1,5,False,1000,1000
1212,22,unweighted,10,0.0995222929936305,0,0,None,66,1,5,False,1000,1000
1213,23,unweighted,10,0.0995222929936305,0,0,None,66,1,5,False,1000,1000
1214,24,unweighted,10,0.0995222929936305,0,0,None,66,1,5,False,1000,1000
1215,20,unweighted,10,0.0995222929936305,0,22,None,66,1,5,False,1000,1000
1216,21,unweighted,10,0.0995222929936305,0,22,None,66,1,5,False,1000,1000
1217,22,unweighted,10,0.0995222929936305,0,22,None,66,1,5,False,1000,1000
1218,23,unweighted,10,0.0995222929936305,0,22,None,66,1,5,False,1000,1000
1219,24,unweighted,10,0.0995222929936305,0,22,None,66,1,5,False,1000,1000
1220,20,unweighted,10,0.0995222929936305,0,14,None,66,1,5,False,1000,1000
1221,21,unweighted,10,0.0995222929936305,0,14,None,66,1,5,False,1000,1000
1222,22,unweighted,10,0.0995222929936305,0,14,None,66,1,5,False,1000,1000
1223,23,unweighted,10,0.0995222929936305,0,14,None,66,1,5,False,1000,1000
1224,24,unweighted,10,0.0995222929936305,0,14,None,66,1,5,False,1000,1000
1225,20,unweighted,10,0.0995222929936305,0,26,None,66,1,5,False,1000,1000
1226,21,unweighted,10,0.1800358280254777,0,26,None,66,1,5,False,1000,1000
1227,22,unweighted,10,0.0995222929936305,0,26,None,66,1,5,False,1000,1000
1228,23,unweighted,10,0.0995222929936305,0,26,None,66,1,5,False,1000,1000
1229,24,unweighted,10,0.0995222929936305,0,26,None,66,1,5,False,1000,1000
1230,20,unweighted,10,0.0995222929936305,0,24,None,66,1,5,False,1000,1000
1231,21,unweighted,10,0.0995222929936305,0,24,None,66,1,5,False,1000,1000
1232,22,unweighted,10,0.0995222929936305,0,24,None,66,1,5,False,1000,1000
1233,23,unweighted,10,0.0995222929936305,0,24,None,66,1,5,False,1000,1000
1234,24,unweighted,10,0.0995222929936305,0,24,None,66,1,5,False,1000,1000
1235,20,unweighted,10,0.0995222929936305,0,17,None,66,1,5,False,1000,1000
1236,21,unweighted,10,0.1987460191082802,0,17,None,66,1,5,False,1000,1000
1237,22,unweighted,10,0.1872014331210191,0,17,None,66,1,5,False,1000,1000
1238,23,unweighted,10,0.1617237261146497,0,17,None,66,1,5,False,1000,1000
1239,24,unweighted,10,0.134952229299363,0,17,None,66,1,5,False,1000,1000
1240,20,unweighted,10,0.0995222929936305,0,8,None,66,1,5,False,1000,1000
1241,21,unweighted,10,0.0995222929936305,0,8,None,66,1,5,False,1000,1000
1242,22,unweighted,10,0.0995222929936305,0,8,None,66,1,5,False,1000,1000
1243,23,unweighted,10,0.0995222929936305,0,8,None,66,1,5,False,1000,1000
1244,24,unweighted,10,0.0995222929936305,0,8,None,66,1,5,False,1000,1000
1245,20,unweighted,10,0.0995222929936305,0,19,None,66,1,5,False,1000,1000
1246,21,unweighted,10,0.0995222929936305,0,19,None,66,1,5,False,1000,1000
1247,22,unweighted,10,0.0995222929936305,0,19,None,66,1,5,False,1000,1000
1248,23,unweighted,10,0.0995222929936305,0,19,None,66,1,5,False,1000,1000
1249,24,unweighted,10,0.1062898089171974,0,19,None,66,1,5,False,1000,1000
1250,20,unweighted,10,0.0995222929936305,0,21,None,66,1,5,False,1000,1000
1251,21,unweighted,10,0.0995222929936305,0,21,None,66,1,5,False,1000,1000
1252,22,unweighted,10,0.0995222929936305,0,21,None,66,1,5,False,1000,1000
1253,23,unweighted,10,0.0995222929936305,0,21,None,66,1,5,False,1000,1000
1254,24,unweighted,10,0.0995222929936305,0,21,None,66,1,5,False,1000,1000
1255,20,unweighted,10,0.0995222929936305,0,27,None,66,1,5,False,1000,1000
1256,21,unweighted,10,0.1003184713375796,0,27,None,66,1,5,False,1000,1000
1257,22,unweighted,10,0.1836186305732484,0,27,None,66,1,5,False,1000,1000
1258,23,unweighted,10,0.1671974522292993,0,27,None,66,1,5,False,1000,1000
1259,24,unweighted,10,0.1437101910828025,0,27,None,66,1,5,False,1000,1000
1260,20,unweighted,10,0.0995222929936305,0,31,None,66,1,5,False,1000,1000
1261,21,unweighted,10,0.0995222929936305,0,31,None,66,1,5,False,1000,1000
1262,22,unweighted,10,0.0995222929936305,0,31,None,66,1,5,False,1000,1000
1263,23,unweighted,10,0.0995222929936305,0,31,None,66,1,5,False,1000,1000
1264,24,unweighted,10,0.0995222929936305,0,31,None,66,1,5,False,1000,1000
1265,20,unweighted,10,0.0995222929936305,0,18,None,66,1,5,False,1000,1000
1266,21,unweighted,10,0.0995222929936305,0,18,None,66,1,5,False,1000,1000
1267,22,unweighted,10,0.0995222929936305,0,18,None,66,1,5,False,1000,1000
1268,23,unweighted,10,0.0995222929936305,0,18,None,66,1,5,False,1000,1000
1269,24,unweighted,10,0.0995222929936305,0,18,None,66,1,5,False,1000,1000
1270,20,unweighted,10,0.0995222929936305,0,20,None,66,1,5,False,1000,1000
1271,21,unweighted,10,0.0995222929936305,0,20,None,66,1,5,False,1000,1000
1272,22,unweighted,10,0.0995222929936305,0,20,None,66,1,5,False,1000,1000
1273,23,unweighted,10,0.0995222929936305,0,20,None,66,1,5,False,1000,1000
1274,24,unweighted,10,0.0995222929936305,0,20,None,66,1,5,False,1000,1000
1275,20,unweighted,10,0.0995222929936305,0,4,None,66,1,5,False,1000,1000
1276,21,unweighted,10,0.0995222929936305,0,4,None,66,1,5,False,1000,1000
1277,22,unweighted,10,0.0995222929936305,0,4,None,66,1,5,False,1000,1000
1278,23,unweighted,10,0.0995222929936305,0,4,None,66,1,5,False,1000,1000
1279,24,unweighted,10,0.0995222929936305,0,4,None,66,1,5,False,1000,1000
1280,20,unweighted,10,0.0995222929936305,0,6,None,66,1,5,False,1000,1000
1281,21,unweighted,10,0.0995222929936305,0,6,None,66,1,5,False,1000,1000
1282,22,unweighted,10,0.0995222929936305,0,6,None,66,1,5,False,1000,1000
1283,23,unweighted,10,0.0995222929936305,0,6,None,66,1,5,False,1000,1000
1284,24,unweighted,10,0.0995222929936305,0,6,None,66,1,5,False,1000,1000
1285,20,unweighted,10,0.0995222929936305,0,7,None,66,1,5,False,1000,1000
1286,21,unweighted,10,0.0995222929936305,0,7,None,66,1,5,False,1000,1000
1287,22,unweighted,10,0.0995222929936305,0,7,None,66,1,5,False,1000,1000
1288,23,unweighted,10,0.0995222929936305,0,7,None,66,1,5,False,1000,1000
1289,24,unweighted,10,0.0995222929936305,0,7,None,66,1,5,False,1000,1000
1290,20,unweighted,10,0.1263933121019108,0,16,None,66,1,5,False,1000,1000
1291,21,unweighted,10,0.1039012738853503,0,16,None,66,1,5,False,1000,1000
1292,22,unweighted,10,0.0995222929936305,0,16,None,66,1,5,False,1000,1000
1293,23,unweighted,10,0.0995222929936305,0,16,None,66,1,5,False,1000,1000
1294,24,unweighted,10,0.0995222929936305,0,16,None,66,1,5,False,1000,1000
1295,20,unweighted,10,0.0995222929936305,0,32,None,66,1,5,False,1000,1000
1296,21,unweighted,10,0.0995222929936305,0,32,None,66,1,5,False,1000,1000
1297,22,unweighted,10,0.0995222929936305,0,32,None,66,1,5,False,1000,1000
1298,23,unweighted,10,0.0995222929936305,0,32,None,66,1,5,False,1000,1000
1299,24,unweighted,10,0.0995222929936305,0,32,None,66,1,5,False,1000,1000
1300,20,unweighted,10,0.1648089171974522,0,3,None,66,1,5,False,1000,1000
1301,21,unweighted,10,0.0995222929936305,0,3,None,66,1,5,False,1000,1000
1302,22,unweighted,10,0.0995222929936305,0,3,None,66,1,5,False,1000,1000
1303,23,unweighted,10,0.0995222929936305,0,3,None,66,1,5,False,1000,1000
1304,24,unweighted,10,0.0995222929936305,0,3,None,66,1,5,False,1000,1000
1305,20,unweighted,10,0.0995222929936305,0,9,None,66,1,5,False,1000,1000
1306,21,unweighted,10,0.1855095541401273,0,9,None,66,1,5,False,1000,1000
1307,22,unweighted,10,0.1852109872611465,0,9,None,66,1,5,False,1000,1000
1308,23,unweighted,10,0.1849124203821656,0,9,None,66,1,5,False,1000,1000
1309,24,unweighted,10,0.1843152866242038,0,9,None,66,1,5,False,1000,1000
1310,20,unweighted,10,0.0995222929936305,0,25,None,66,1,5,False,1000,1000
1311,21,unweighted,10,0.0995222929936305,0,25,None,66,1,5,False,1000,1000
1312,22,unweighted,10,0.0995222929936305,0,25,None,66,1,5,False,1000,1000
1313,23,unweighted,10,0.0995222929936305,0,25,None,66,1,5,False,1000,1000
1314,24,unweighted,10,0.0995222929936305,0,25,None,66,1,5,False,1000,1000
1315,20,unweighted,10,0.0995222929936305,0,12,None,66,1,5,False,1000,1000
1316,21,unweighted,10,0.1095740445859872,0,12,None,66,1,5,False,1000,1000
1317,22,unweighted,10,0.1906847133757961,0,12,None,66,1,5,False,1000,1000
1318,23,unweighted,10,0.1509753184713375,0,12,None,66,1,5,False,1000,1000
1319,24,unweighted,10,0.0995222929936305,0,12,None,66,1,5,False,1000,1000
2145,25,unweighted,10,0.0995222929936305,0,1,None,66,1,5,False,1000,1000
2146,26,unweighted,10,0.0995222929936305,0,1,None,66,1,5,False,1000,1000
2147,27,unweighted,10,0.0995222929936305,0,1,None,66,1,5,False,1000,1000
2148,28,unweighted,10,0.0995222929936305,0,1,None,66,1,5,False,1000,1000
2149,29,unweighted,10,0.0995222929936305,0,1,None,66,1,5,False,1000,1000
2150,25,unweighted,10,0.0995222929936305,0,2,None,66,1,5,False,1000,1000
2151,26,unweighted,10,0.0995222929936305,0,2,None,66,1,5,False,1000,1000
2152,27,unweighted,10,0.0995222929936305,0,2,None,66,1,5,False,1000,1000
2153,28,unweighted,10,0.0995222929936305,0,2,None,66,1,5,False,1000,1000
2154,29,unweighted,10,0.0995222929936305,0,2,None,66,1,5,False,1000,1000
2155,25,unweighted,10,0.1859076433121019,0,5,None,66,1,5,False,1000,1000
2156,26,unweighted,10,0.1952627388535031,0,5,None,66,1,5,False,1000,1000
2157,27,unweighted,10,0.175358280254777,0,5,None,66,1,5,False,1000,1000
2158,28,unweighted,10,0.1572452229299363,0,5,None,66,1,5,False,1000,1000
2159,29,unweighted,10,0.1845143312101911,0,5,None,66,1,5,False,1000,1000
2160,25,unweighted,10,0.0995222929936305,0,16,None,66,1,5,False,1000,1000
2161,26,unweighted,10,0.0995222929936305,0,16,None,66,1,5,False,1000,1000
2162,27,unweighted,10,0.0995222929936305,0,16,None,66,1,5,False,1000,1000
2163,28,unweighted,10,0.0995222929936305,0,16,None,66,1,5,False,1000,1000
2164,29,unweighted,10,0.0995222929936305,0,16,None,66,1,5,False,1000,1000
2165,25,unweighted,10,0.0995222929936305,0,11,None,66,1,5,False,1000,1000
2166,26,unweighted,10,0.0995222929936305,0,11,None,66,1,5,False,1000,1000
2167,27,unweighted,10,0.0995222929936305,0,11,None,66,1,5,False,1000,1000
2168,28,unweighted,10,0.0995222929936305,0,11,None,66,1,5,False,1000,1000
2169,29,unweighted,10,0.0995222929936305,0,11,None,66,1,5,False,1000,1000
2170,25,unweighted,10,0.0995222929936305,0,8,None,66,1,5,False,1000,1000
2171,26,unweighted,10,0.0995222929936305,0,8,None,66,1,5,False,1000,1000
2172,27,unweighted,10,0.0995222929936305,0,8,None,66,1,5,False,1000,1000
2173,28,unweighted,10,0.0995222929936305,0,8,None,66,1,5,False,1000,1000
2174,29,unweighted,10,0.0995222929936305,0,8,None,66,1,5,False,1000,1000
2175,25,unweighted,10,0.0995222929936305,0,20,None,66,1,5,False,1000,1000
2176,26,unweighted,10,0.0995222929936305,0,20,None,66,1,5,False,1000,1000
2177,27,unweighted,10,0.0995222929936305,0,20,None,66,1,5,False,1000,1000
2178,28,unweighted,10,0.0995222929936305,0,20,None,66,1,5,False,1000,1000
2179,29,unweighted,10,0.0995222929936305,0,20,None,66,1,5,False,1000,1000
2180,25,unweighted,10,0.0995222929936305,0,19,None,66,1,5,False,1000,1000
2181,26,unweighted,10,0.0995222929936305,0,19,None,66,1,5,False,1000,1000
2182,27,unweighted,10,0.0995222929936305,0,19,None,66,1,5,False,1000,1000
2183,28,unweighted,10,0.0995222929936305,0,19,None,66,1,5,False,1000,1000
2184,29,unweighted,10,0.0995222929936305,0,19,None,66,1,5,False,1000,1000
2185,25,unweighted,10,0.0995222929936305,0,14,None,66,1,5,False,1000,1000
2186,26,unweighted,10,0.0995222929936305,0,14,None,66,1,5,False,1000,1000
2187,27,unweighted,10,0.0995222929936305,0,14,None,66,1,5,False,1000,1000
2188,28,unweighted,10,0.0995222929936305,0,14,None,66,1,5,False,1000,1000
2189,29,unweighted,10,0.0995222929936305,0,14,None,66,1,5,False,1000,1000
2190,25,unweighted,10,0.0995222929936305,0,22,None,66,1,5,False,1000,1000
2191,26,unweighted,10,0.0995222929936305,0,22,None,66,1,5,False,1000,1000
2192,27,unweighted,10,0.0995222929936305,0,22,None,66,1,5,False,1000,1000
2193,28,unweighted,10,0.1407245222929936,0,22,None,66,1,5,False,1000,1000
2194,29,unweighted,10,0.0995222929936305,0,22,None,66,1,5,False,1000,1000
2195,25,unweighted,10,0.0995222929936305,0,23,None,66,1,5,False,1000,1000
2196,26,unweighted,10,0.0995222929936305,0,23,None,66,1,5,False,1000,1000
2197,27,unweighted,10,0.0995222929936305,0,23,None,66,1,5,False,1000,1000
2198,28,unweighted,10,0.0995222929936305,0,23,None,66,1,5,False,1000,1000
2199,29,unweighted,10,0.0995222929936305,0,23,None,66,1,5,False,1000,1000
2200,25,unweighted,10,0.0995222929936305,0,17,None,66,1,5,False,1000,1000
2201,26,unweighted,10,0.0995222929936305,0,17,None,66,1,5,False,1000,1000
2202,27,unweighted,10,0.0995222929936305,0,17,None,66,1,5,False,1000,1000
2203,28,unweighted,10,0.0995222929936305,0,17,None,66,1,5,False,1000,1000
2204,29,unweighted,10,0.0995222929936305,0,17,None,66,1,5,False,1000,1000
2205,25,unweighted,10,0.0995222929936305,0,21,None,66,1,5,False,1000,1000
2206,26,unweighted,10,0.0995222929936305,0,21,None,66,1,5,False,1000,1000
2207,27,unweighted,10,0.0995222929936305,0,21,None,66,1,5,False,1000,1000
2208,28,unweighted,10,0.0995222929936305,0,21,None,66,1,5,False,1000,1000
2209,29,unweighted,10,0.0995222929936305,0,21,None,66,1,5,False,1000,1000
2210,25,unweighted,10,0.0995222929936305,0,26,None,66,1,5,False,1000,1000
2211,26,unweighted,10,0.0995222929936305,0,26,None,66,1,5,False,1000,1000
2212,27,unweighted,10,0.1973527070063694,0,26,None,66,1,5,False,1000,1000
2213,28,unweighted,10,0.0995222929936305,0,26,None,66,1,5,False,1000,1000
2214,29,unweighted,10,0.0995222929936305,0,26,None,66,1,5,False,1000,1000
2215,25,unweighted,10,0.0995222929936305,0,25,None,66,1,5,False,1000,1000
2216,26,unweighted,10,0.0995222929936305,0,25,None,66,1,5,False,1000,1000
2217,27,unweighted,10,0.0995222929936305,0,25,None,66,1,5,False,1000,1000
2218,28,unweighted,10,0.0995222929936305,0,25,None,66,1,5,False,1000,1000
2219,29,unweighted,10,0.0995222929936305,0,25,None,66,1,5,False,1000,1000
2220,25,unweighted,10,0.0995222929936305,0,24,None,66,1,5,False,1000,1000
2221,26,unweighted,10,0.0995222929936305,0,24,None,66,1,5,False,1000,1000
2222,27,unweighted,10,0.0995222929936305,0,24,None,66,1,5,False,1000,1000
2223,28,unweighted,10,0.0995222929936305,0,24,None,66,1,5,False,1000,1000
2224,29,unweighted,10,0.0995222929936305,0,24,None,66,1,5,False,1000,1000
2225,25,unweighted,10,0.0995222929936305,0,28,None,66,1,5,False,1000,1000
2226,26,unweighted,10,0.1695859872611465,0,28,None,66,1,5,False,1000,1000
2227,27,unweighted,10,0.0995222929936305,0,28,None,66,1,5,False,1000,1000
2228,28,unweighted,10,0.0995222929936305,0,28,None,66,1,5,False,1000,1000
2229,29,unweighted,10,0.0995222929936305,0,28,None,66,1,5,False,1000,1000
2230,25,unweighted,10,0.0995222929936305,0,29,None,66,1,5,False,1000,1000
2231,26,unweighted,10,0.0995222929936305,0,29,None,66,1,5,False,1000,1000
2232,27,unweighted,10,0.0995222929936305,0,29,None,66,1,5,False,1000,1000
2233,28,unweighted,10,0.0995222929936305,0,29,None,66,1,5,False,1000,1000
2234,29,unweighted,10,0.1757563694267516,0,29,None,66,1,5,False,1000,1000
2235,25,unweighted,10,0.1866042993630573,0,9,None,66,1,5,False,1000,1000
2236,26,unweighted,10,0.1871019108280254,0,9,None,66,1,5,False,1000,1000
2237,27,unweighted,10,0.1875,0,9,None,66,1,5,False,1000,1000
2238,28,unweighted,10,0.1875995222929936,0,9,None,66,1,5,False,1000,1000
2239,29,unweighted,10,0.1876990445859872,0,9,None,66,1,5,False,1000,1000
2240,25,unweighted,10,0.0995222929936305,0,30,None,66,1,5,False,1000,1000
2241,26,unweighted,10,0.0995222929936305,0,30,None,66,1,5,False,1000,1000
2242,27,unweighted,10,0.0995222929936305,0,30,None,66,1,5,False,1000,1000
2243,28,unweighted,10,0.0995222929936305,0,30,None,66,1,5,False,1000,1000
2244,29,unweighted,10,0.0995222929936305,0,30,None,66,1,5,False,1000,1000
2245,25,unweighted,10,0.0995222929936305,0,6,None,66,1,5,False,1000,1000
2246,26,unweighted,10,0.0995222929936305,0,6,None,66,1,5,False,1000,1000
2247,27,unweighted,10,0.0995222929936305,0,6,None,66,1,5,False,1000,1000
2248,28,unweighted,10,0.0995222929936305,0,6,None,66,1,5,False,1000,1000
2249,29,unweighted,10,0.0995222929936305,0,6,None,66,1,5,False,1000,1000
2250,25,unweighted,10,0.0995222929936305,0,7,None,66,1,5,False,1000,1000
2251,26,unweighted,10,0.0995222929936305,0,7,None,66,1,5,False,1000,1000
2252,27,unweighted,10,0.0995222929936305,0,7,None,66,1,5,False,1000,1000
2253,28,unweighted,10,0.0995222929936305,0,7,None,66,1,5,False,1000,1000
2254,29,unweighted,10,0.0995222929936305,0,7,None,66,1,5,False,1000,1000
2255,25,unweighted,10,0.0995222929936305,0,32,None,66,1,5,False,1000,1000
2256,26,unweighted,10,0.0995222929936305,0,32,None,66,1,5,False,1000,1000
2257,27,unweighted,10,0.0995222929936305,0,32,None,66,1,5,False,1000,1000
2258,28,unweighted,10,0.1148487261146496,0,32,None,66,1,5,False,1000,1000
2259,29,unweighted,10,0.1807324840764331,0,32,None,66,1,5,False,1000,1000
2260,25,unweighted,10,0.0995222929936305,0,4,None,66,1,5,False,1000,1000
2261,26,unweighted,10,0.0995222929936305,0,4,None,66,1,5,False,1000,1000
2262,27,unweighted,10,0.0995222929936305,0,4,None,66,1,5,False,1000,1000
2263,28,unweighted,10,0.0995222929936305,0,4,None,66,1,5,False,1000,1000
2264,29,unweighted,10,0.0995222929936305,0,4,None,66,1,5,False,1000,1000
2265,25,unweighted,10,0.0995222929936305,0,12,None,66,1,5,False,1000,1000
2266,26,unweighted,10,0.0995222929936305,0,12,None,66,1,5,False,1000,1000
2267,27,unweighted,10,0.0995222929936305,0,12,None,66,1,5,False,1000,1000
2268,28,unweighted,10,0.1789410828025477,0,12,None,66,1,5,False,1000,1000
2269,29,unweighted,10,0.0995222929936305,0,12,None,66,1,5,False,1000,1000
2270,25,unweighted,10,0.0995222929936305,0,0,None,66,1,5,False,1000,1000
2271,26,unweighted,10,0.0995222929936305,0,0,None,66,1,5,False,1000,1000
2272,27,unweighted,10,0.0995222929936305,0,0,None,66,1,5,False,1000,1000
2273,28,unweighted,10,0.0995222929936305,0,0,None,66,1,5,False,1000,1000
2274,29,unweighted,10,0.0995222929936305,0,0,None,66,1,5,False,1000,1000
2275,25,unweighted,10,0.0995222929936305,0,13,None,66,1,5,False,1000,1000
2276,26,unweighted,10,0.0995222929936305,0,13,None,66,1,5,False,1000,1000
2277,27,unweighted,10,0.0995222929936305,0,13,None,66,1,5,False,1000,1000
2278,28,unweighted,10,0.0995222929936305,0,13,None,66,1,5,False,1000,1000
2279,29,unweighted,10,0.0995222929936305,0,13,None,66,1,5,False,1000,1000
2280,25,unweighted,10,0.0995222929936305,0,18,None,66,1,5,False,1000,1000
2281,26,unweighted,10,0.0995222929936305,0,18,None,66,1,5,False,1000,1000
2282,27,unweighted,10,0.0995222929936305,0,18,None,66,1,5,False,1000,1000
2283,28,unweighted,10,0.0995222929936305,0,18,None,66,1,5,False,1000,1000
2284,29,unweighted,10,0.0995222929936305,0,18,None,66,1,5,False,1000,1000
2285,25,unweighted,10,0.179936305732484,0,27,None,66,1,5,False,1000,1000
2286,26,unweighted,10,0.1568471337579617,0,27,None,66,1,5,False,1000,1000
2287,27,unweighted,10,0.1307722929936305,0,27,None,66,1,5,False,1000,1000
2288,28,unweighted,10,0.1034036624203821,0,27,None,66,1,5,False,1000,1000
2289,29,unweighted,10,0.0995222929936305,0,27,None,66,1,5,False,1000,1000
2290,25,unweighted,10,0.0995222929936305,0,31,None,66,1,5,False,1000,1000
2291,26,unweighted,10,0.0995222929936305,0,31,None,66,1,5,False,1000,1000
2292,27,unweighted,10,0.0995222929936305,0,31,None,66,1,5,False,1000,1000
2293,28,unweighted,10,0.0995222929936305,0,31,None,66,1,5,False,1000,1000
2294,29,unweighted,10,0.0995222929936305,0,31,None,66,1,5,False,1000,1000
2295,25,unweighted,10,0.0995222929936305,0,10,None,66,1,5,False,1000,1000
2296,26,unweighted,10,0.0995222929936305,0,10,None,66,1,5,False,1000,1000
2297,27,unweighted,10,0.0995222929936305,0,10,None,66,1,5,False,1000,1000
2298,28,unweighted,10,0.0995222929936305,0,10,None,66,1,5,False,1000,1000
2299,29,unweighted,10,0.0995222929936305,0,10,None,66,1,5,False,1000,1000
2300,25,unweighted,10,0.1017117834394904,0,15,None,66,1,5,False,1000,1000
2301,26,unweighted,10,0.1594347133757961,0,15,None,66,1,5,False,1000,1000
2302,27,unweighted,10,0.1866042993630573,0,15,None,66,1,5,False,1000,1000
2303,28,unweighted,10,0.232484076433121,0,15,None,66,1,5,False,1000,1000
2304,29,unweighted,10,0.1439092356687898,0,15,None,66,1,5,False,1000,1000
2305,25,unweighted,10,0.0995222929936305,0,3,None,66,1,5,False,1000,1000
2306,26,unweighted,10,0.0995222929936305,0,3,None,66,1,5,False,1000,1000
2307,27,unweighted,10,0.0995222929936305,0,3,None,66,1,5,False,1000,1000
2308,28,unweighted,10,0.0995222929936305,0,3,None,66,1,5,False,1000,1000
2309,29,unweighted,10,0.0995222929936305,0,3,None,66,1,5,False,1000,1000
2310,30,unweighted,10,0.0995222929936305,0,30,None,66,1,5,False,1000,1000
2311,31,unweighted,10,0.0995222929936305,0,30,None,66,1,5,False,1000,1000
2312,32,unweighted,10,0.0995222929936305,0,30,None,66,1,5,False,1000,1000
2313,33,unweighted,10,0.0995222929936305,0,30,None,66,1,5,False,1000,1000
2314,34,unweighted,10,0.0995222929936305,0,30,None,66,1,5,False,1000,1000
2315,30,unweighted,10,0.0995222929936305,0,1,None,66,1,5,False,1000,1000
2316,31,unweighted,10,0.0995222929936305,0,1,None,66,1,5,False,1000,1000
2317,32,unweighted,10,0.0995222929936305,0,1,None,66,1,5,False,1000,1000
2318,33,unweighted,10,0.0995222929936305,0,1,None,66,1,5,False,1000,1000
2319,34,unweighted,10,0.0995222929936305,0,1,None,66,1,5,False,1000,1000
2320,30,unweighted,10,0.1405254777070063,0,27,None,66,1,5,False,1000,1000
2321,31,unweighted,10,0.1140525477707006,0,27,None,66,1,5,False,1000,1000
2322,32,unweighted,10,0.0996218152866242,0,27,None,66,1,5,False,1000,1000
2323,33,unweighted,10,0.0995222929936305,0,27,None,66,1,5,False,1000,1000
2324,34,unweighted,10,0.0995222929936305,0,27,None,66,1,5,False,1000,1000
2325,30,unweighted,10,0.0995222929936305,0,2,None,66,1,5,False,1000,1000
2326,31,unweighted,10,0.0995222929936305,0,2,None,66,1,5,False,1000,1000
2327,32,unweighted,10,0.0995222929936305,0,2,None,66,1,5,False,1000,1000
2328,33,unweighted,10,0.0995222929936305,0,2,None,66,1,5,False,1000,1000
2329,34,unweighted,10,0.0995222929936305,0,2,None,66,1,5,False,1000,1000
2330,30,unweighted,10,0.0995222929936305,0,22,None,66,1,5,False,1000,1000
2331,31,unweighted,10,0.0995222929936305,0,22,None,66,1,5,False,1000,1000
2332,32,unweighted,10,0.0995222929936305,0,22,None,66,1,5,False,1000,1000
2333,33,unweighted,10,0.0995222929936305,0,22,None,66,1,5,False,1000,1000
2334,34,unweighted,10,0.0995222929936305,0,22,None,66,1,5,False,1000,1000
2335,30,unweighted,10,0.0995222929936305,0,23,None,66,1,5,False,1000,1000
2336,31,unweighted,10,0.0995222929936305,0,23,None,66,1,5,False,1000,1000
2337,32,unweighted,10,0.0995222929936305,0,23,None,66,1,5,False,1000,1000
2338,33,unweighted,10,0.0995222929936305,0,23,None,66,1,5,False,1000,1000
2339,34,unweighted,10,0.0995222929936305,0,23,None,66,1,5,False,1000,1000
2340,30,unweighted,10,0.0995222929936305,0,14,None,66,1,5,False,1000,1000
2341,31,unweighted,10,0.0995222929936305,0,14,None,66,1,5,False,1000,1000
2342,32,unweighted,10,0.0995222929936305,0,14,None,66,1,5,False,1000,1000
2343,33,unweighted,10,0.0995222929936305,0,14,None,66,1,5,False,1000,1000
2344,34,unweighted,10,0.0995222929936305,0,14,None,66,1,5,False,1000,1000
2345,30,unweighted,10,0.1197253184713375,0,9,None,66,1,5,False,1000,1000
2346,31,unweighted,10,0.1224124203821656,0,9,None,66,1,5,False,1000,1000
2347,32,unweighted,10,0.1264928343949044,0,9,None,66,1,5,False,1000,1000
2348,33,unweighted,10,0.129578025477707,0,9,None,66,1,5,False,1000,1000
2349,34,unweighted,10,0.1327627388535031,0,9,None,66,1,5,False,1000,1000
2350,30,unweighted,10,0.0995222929936305,0,29,None,66,1,5,False,1000,1000
2351,31,unweighted,10,0.0995222929936305,0,29,None,66,1,5,False,1000,1000
2352,32,unweighted,10,0.0995222929936305,0,29,None,66,1,5,False,1000,1000
2353,33,unweighted,10,0.0995222929936305,0,29,None,66,1,5,False,1000,1000
2354,34,unweighted,10,0.1695859872611465,0,29,None,66,1,5,False,1000,1000
2355,30,unweighted,10,0.0995222929936305,0,13,None,66,1,5,False,1000,1000
2356,31,unweighted,10,0.0995222929936305,0,13,None,66,1,5,False,1000,1000
2357,32,unweighted,10,0.0995222929936305,0,13,None,66,1,5,False,1000,1000
2358,33,unweighted,10,0.0995222929936305,0,13,None,66,1,5,False,1000,1000
2359,34,unweighted,10,0.0995222929936305,0,13,None,66,1,5,False,1000,1000
2360,30,unweighted,10,0.0995222929936305,0,12,None,66,1,5,False,1000,1000
2361,31,unweighted,10,0.0995222929936305,0,12,None,66,1,5,False,1000,1000
2362,32,unweighted,10,0.0996218152866242,0,12,None,66,1,5,False,1000,1000
2363,33,unweighted,10,0.2179538216560509,0,12,None,66,1,5,False,1000,1000
2364,34,unweighted,10,0.2120820063694267,0,12,None,66,1,5,False,1000,1000
2365,30,unweighted,10,0.0995222929936305,0,25,None,66,1,5,False,1000,1000
2366,31,unweighted,10,0.0995222929936305,0,25,None,66,1,5,False,1000,1000
2367,32,unweighted,10,0.0995222929936305,0,25,None,66,1,5,False,1000,1000
2368,33,unweighted,10,0.0995222929936305,0,25,None,66,1,5,False,1000,1000
2369,34,unweighted,10,0.0995222929936305,0,25,None,66,1,5,False,1000,1000
2370,30,unweighted,10,0.0995222929936305,0,26,None,66,1,5,False,1000,1000
2371,31,unweighted,10,0.0995222929936305,0,26,None,66,1,5,False,1000,1000
2372,32,unweighted,10,0.0995222929936305,0,26,None,66,1,5,False,1000,1000
2373,33,unweighted,10,0.0995222929936305,0,26,None,66,1,5,False,1000,1000
2374,34,unweighted,10,0.0995222929936305,0,26,None,66,1,5,False,1000,1000
2375,30,unweighted,10,0.0995222929936305,0,15,None,66,1,5,False,1000,1000
2376,31,unweighted,10,0.0995222929936305,0,15,None,66,1,5,False,1000,1000
2377,32,unweighted,10,0.1102707006369426,0,15,None,66,1,5,False,1000,1000
2378,33,unweighted,10,0.0995222929936305,0,15,None,66,1,5,False,1000,1000
2379,34,unweighted,10,0.0995222929936305,0,15,None,66,1,5,False,1000,1000
2380,30,unweighted,10,0.0995222929936305,0,10,None,66,1,5,False,1000,1000
2381,31,unweighted,10,0.0995222929936305,0,10,None,66,1,5,False,1000,1000
2382,32,unweighted,10,0.0995222929936305,0,10,None,66,1,5,False,1000,1000
2383,33,unweighted,10,0.0995222929936305,0,10,None,66,1,5,False,1000,1000
2384,34,unweighted,10,0.0995222929936305,0,10,None,66,1,5,False,1000,1000
2385,30,unweighted,10,0.0995222929936305,0,11,None,66,1,5,False,1000,1000
2386,31,unweighted,10,0.0995222929936305,0,11,None,66,1,5,False,1000,1000
2387,32,unweighted,10,0.0995222929936305,0,11,None,66,1,5,False,1000,1000
2388,33,unweighted,10,0.0995222929936305,0,11,None,66,1,5,False,1000,1000
2389,34,unweighted,10,0.0995222929936305,0,11,None,66,1,5,False,1000,1000
2390,30,unweighted,10,0.1711783439490445,0,17,None,66,1,5,False,1000,1000
2391,31,unweighted,10,0.1415207006369426,0,17,None,66,1,5,False,1000,1000
2392,32,unweighted,10,0.1115644904458598,0,17,None,66,1,5,False,1000,1000
2393,33,unweighted,10,0.0997213375796178,0,17,None,66,1,5,False,1000,1000
2394,34,unweighted,10,0.0995222929936305,0,17,None,66,1,5,False,1000,1000
2395,30,unweighted,10,0.0995222929936305,0,31,None,66,1,5,False,1000,1000
2396,31,unweighted,10,0.0995222929936305,0,31,None,66,1,5,False,1000,1000
2397,32,unweighted,10,0.0995222929936305,0,31,None,66,1,5,False,1000,1000
2398,33,unweighted,10,0.0995222929936305,0,31,None,66,1,5,False,1000,1000
2399,34,unweighted,10,0.0995222929936305,0,31,None,66,1,5,False,1000,1000
2400,30,unweighted,10,0.0995222929936305,0,24,None,66,1,5,False,1000,1000
2401,31,unweighted,10,0.0995222929936305,0,24,None,66,1,5,False,1000,1000
2402,32,unweighted,10,0.0995222929936305,0,24,None,66,1,5,False,1000,1000
2403,33,unweighted,10,0.0995222929936305,0,24,None,66,1,5,False,1000,1000
2404,34,unweighted,10,0.0995222929936305,0,24,None,66,1,5,False,1000,1000
2405,30,unweighted,10,0.0995222929936305,0,20,None,66,1,5,False,1000,1000
2406,31,unweighted,10,0.0995222929936305,0,20,None,66,1,5,False,1000,1000
2407,32,unweighted,10,0.0995222929936305,0,20,None,66,1,5,False,1000,1000
2408,33,unweighted,10,0.0995222929936305,0,20,None,66,1,5,False,1000,1000
2409,34,unweighted,10,0.0995222929936305,0,20,None,66,1,5,False,1000,1000
2410,30,unweighted,10,0.0995222929936305,0,28,None,66,1,5,False,1000,1000
2411,31,unweighted,10,0.0995222929936305,0,28,None,66,1,5,False,1000,1000
2412,32,unweighted,10,0.1230095541401273,0,28,None,66,1,5,False,1000,1000
2413,33,unweighted,10,0.1203224522292993,0,28,None,66,1,5,False,1000,1000
2414,34,unweighted,10,0.0995222929936305,0,28,None,66,1,5,False,1000,1000
2415,30,unweighted,10,0.0995222929936305,0,4,None,66,1,5,False,1000,1000
2416,31,unweighted,10,0.0995222929936305,0,4,None,66,1,5,False,1000,1000
2417,32,unweighted,10,0.0995222929936305,0,4,None,66,1,5,False,1000,1000
2418,33,unweighted,10,0.0995222929936305,0,4,None,66,1,5,False,1000,1000
2419,34,unweighted,10,0.0995222929936305,0,4,None,66,1,5,False,1000,1000
2420,30,unweighted,10,0.0995222929936305,0,18,None,66,1,5,False,1000,1000
2421,31,unweighted,10,0.0995222929936305,0,18,None,66,1,5,False,1000,1000
2422,32,unweighted,10,0.0995222929936305,0,18,None,66,1,5,False,1000,1000
2423,33,unweighted,10,0.0995222929936305,0,18,None,66,1,5,False,1000,1000
2424,34,unweighted,10,0.0995222929936305,0,18,None,66,1,5,False,1000,1000
2425,30,unweighted,10,0.0995222929936305,0,8,None,66,1,5,False,1000,1000
2426,31,unweighted,10,0.0995222929936305,0,8,None,66,1,5,False,1000,1000
2427,32,unweighted,10,0.0995222929936305,0,8,None,66,1,5,False,1000,1000
2428,33,unweighted,10,0.0995222929936305,0,8,None,66,1,5,False,1000,1000
2429,34,unweighted,10,0.0995222929936305,0,8,None,66,1,5,False,1000,1000
2430,30,unweighted,10,0.0995222929936305,0,21,None,66,1,5,False,1000,1000
2431,31,unweighted,10,0.0995222929936305,0,21,None,66,1,5,False,1000,1000
2432,32,unweighted,10,0.0995222929936305,0,21,None,66,1,5,False,1000,1000
2433,33,unweighted,10,0.0995222929936305,0,21,None,66,1,5,False,1000,1000
2434,34,unweighted,10,0.0995222929936305,0,21,None,66,1,5,False,1000,1000
2435,30,unweighted,10,0.0995222929936305,0,19,None,66,1,5,False,1000,1000
2436,31,unweighted,10,0.0995222929936305,0,19,None,66,1,5,False,1000,1000
2437,32,unweighted,10,0.0995222929936305,0,19,None,66,1,5,False,1000,1000
2438,33,unweighted,10,0.0995222929936305,0,19,None,66,1,5,False,1000,1000
2439,34,unweighted,10,0.0995222929936305,0,19,None,66,1,5,False,1000,1000
2440,30,unweighted,10,0.0995222929936305,0,5,None,66,1,5,False,1000,1000
2441,31,unweighted,10,0.0995222929936305,0,5,None,66,1,5,False,1000,1000
2442,32,unweighted,10,0.0995222929936305,0,5,None,66,1,5,False,1000,1000
2443,33,unweighted,10,0.0995222929936305,0,5,None,66,1,5,False,1000,1000
2444,34,unweighted,10,0.0995222929936305,0,5,None,66,1,5,False,1000,1000
2445,30,unweighted,10,0.0995222929936305,0,0,None,66,1,5,False,1000,1000
2446,31,unweighted,10,0.0995222929936305,0,0,None,66,1,5,False,1000,1000
2447,32,unweighted,10,0.0995222929936305,0,0,None,66,1,5,False,1000,1000
2448,33,unweighted,10,0.0995222929936305,0,0,None,66,1,5,False,1000,1000
2449,34,unweighted,10,0.0995222929936305,0,0,None,66,1,5,False,1000,1000
2450,30,unweighted,10,0.0995222929936305,0,6,None,66,1,5,False,1000,1000
2451,31,unweighted,10,0.0995222929936305,0,6,None,66,1,5,False,1000,1000
2452,32,unweighted,10,0.0995222929936305,0,6,None,66,1,5,False,1000,1000
2453,33,unweighted,10,0.0995222929936305,0,6,None,66,1,5,False,1000,1000
2454,34,unweighted,10,0.0995222929936305,0,6,None,66,1,5,False,1000,1000
2455,30,unweighted,10,0.0995222929936305,0,7,None,66,1,5,False,1000,1000
2456,31,unweighted,10,0.1129578025477707,0,7,None,66,1,5,False,1000,1000
2457,32,unweighted,10,0.0995222929936305,0,7,None,66,1,5,False,1000,1000
2458,33,unweighted,10,0.0995222929936305,0,7,None,66,1,5,False,1000,1000
2459,34,unweighted,10,0.0995222929936305,0,7,None,66,1,5,False,1000,1000
2460,30,unweighted,10,0.1762539808917197,0,16,None,66,1,5,False,1000,1000
2461,31,unweighted,10,0.1096735668789808,0,16,None,66,1,5,False,1000,1000
2462,32,unweighted,10,0.0995222929936305,0,16,None,66,1,5,False,1000,1000
2463,33,unweighted,10,0.0995222929936305,0,16,None,66,1,5,False,1000,1000
2464,34,unweighted,10,0.101015127388535,0,16,None,66,1,5,False,1000,1000
2465,30,unweighted,10,0.0995222929936305,0,32,None,66,1,5,False,1000,1000
2466,31,unweighted,10,0.0995222929936305,0,32,None,66,1,5,False,1000,1000
2467,32,unweighted,10,0.0995222929936305,0,32,None,66,1,5,False,1000,1000
2468,33,unweighted,10,0.1254976114649681,0,32,None,66,1,5,False,1000,1000
2469,34,unweighted,10,0.1797372611464968,0,32,None,66,1,5,False,1000,1000
2470,30,unweighted,10,0.0995222929936305,0,3,None,66,1,5,False,1000,1000
2471,31,unweighted,10,0.0995222929936305,0,3,None,66,1,5,False,1000,1000
2472,32,unweighted,10,0.0995222929936305,0,3,None,66,1,5,False,1000,1000
2473,33,unweighted,10,0.0995222929936305,0,3,None,66,1,5,False,1000,1000
2474,34,unweighted,10,0.0995222929936305,0,3,None,66,1,5,False,1000,1000
3630,35,unweighted,10,0.0995222929936305,0,1,None,66,1,5,False,1000,1000
3631,36,unweighted,10,0.0995222929936305,0,1,None,66,1,5,False,1000,1000
3632,37,unweighted,10,0.0995222929936305,0,1,None,66,1,5,False,1000,1000
3633,38,unweighted,10,0.0995222929936305,0,1,None,66,1,5,False,1000,1000
3634,39,unweighted,10,0.0995222929936305,0,1,None,66,1,5,False,1000,1000
3635,35,unweighted,10,0.0995222929936305,0,2,None,66,1,5,False,1000,1000
3636,36,unweighted,10,0.0995222929936305,0,2,None,66,1,5,False,1000,1000
3637,37,unweighted,10,0.0995222929936305,0,2,None,66,1,5,False,1000,1000
3638,38,unweighted,10,0.0995222929936305,0,2,None,66,1,5,False,1000,1000
3639,39,unweighted,10,0.0995222929936305,0,2,None,66,1,5,False,1000,1000
3640,35,unweighted,10,0.0995222929936305,0,13,None,66,1,5,False,1000,1000
3641,36,unweighted,10,0.0995222929936305,0,13,None,66,1,5,False,1000,1000
3642,37,unweighted,10,0.0995222929936305,0,13,None,66,1,5,False,1000,1000
3643,38,unweighted,10,0.0995222929936305,0,13,None,66,1,5,False,1000,1000
3644,39,unweighted,10,0.0995222929936305,0,13,None,66,1,5,False,1000,1000
3645,35,unweighted,10,0.0995222929936305,0,15,None,66,1,5,False,1000,1000
3646,36,unweighted,10,0.1002189490445859,0,15,None,66,1,5,False,1000,1000
3647,37,unweighted,10,0.1465963375796178,0,15,None,66,1,5,False,1000,1000
3648,38,unweighted,10,0.1813296178343949,0,15,None,66,1,5,False,1000,1000
3649,39,unweighted,10,0.2271098726114649,0,15,None,66,1,5,False,1000,1000
3650,35,unweighted,10,0.0995222929936305,0,10,None,66,1,5,False,1000,1000
3651,36,unweighted,10,0.0995222929936305,0,10,None,66,1,5,False,1000,1000
3652,37,unweighted,10,0.0995222929936305,0,10,None,66,1,5,False,1000,1000
3653,38,unweighted,10,0.0995222929936305,0,10,None,66,1,5,False,1000,1000
3654,39,unweighted,10,0.0995222929936305,0,10,None,66,1,5,False,1000,1000
3655,35,unweighted,10,0.0995222929936305,0,11,None,66,1,5,False,1000,1000
3656,36,unweighted,10,0.0995222929936305,0,11,None,66,1,5,False,1000,1000
3657,37,unweighted,10,0.0995222929936305,0,11,None,66,1,5,False,1000,1000
3658,38,unweighted,10,0.0995222929936305,0,11,None,66,1,5,False,1000,1000
3659,39,unweighted,10,0.0995222929936305,0,11,None,66,1,5,False,1000,1000
3660,35,unweighted,10,0.102906050955414,0,8,None,66,1,5,False,1000,1000
3661,36,unweighted,10,0.0995222929936305,0,8,None,66,1,5,False,1000,1000
3662,37,unweighted,10,0.0995222929936305,0,8,None,66,1,5,False,1000,1000
3663,38,unweighted,10,0.0995222929936305,0,8,None,66,1,5,False,1000,1000
3664,39,unweighted,10,0.0995222929936305,0,8,None,66,1,5,False,1000,1000
3665,35,unweighted,10,0.0995222929936305,0,20,None,66,1,5,False,1000,1000
3666,36,unweighted,10,0.0995222929936305,0,20,None,66,1,5,False,1000,1000
3667,37,unweighted,10,0.0995222929936305,0,20,None,66,1,5,False,1000,1000
3668,38,unweighted,10,0.0995222929936305,0,20,None,66,1,5,False,1000,1000
3669,39,unweighted,10,0.0995222929936305,0,20,None,66,1,5,False,1000,1000
3670,35,unweighted,10,0.0995222929936305,0,19,None,66,1,5,False,1000,1000
3671,36,unweighted,10,0.0995222929936305,0,19,None,66,1,5,False,1000,1000
3672,37,unweighted,10,0.0995222929936305,0,19,None,66,1,5,False,1000,1000
3673,38,unweighted,10,0.0995222929936305,0,19,None,66,1,5,False,1000,1000
3674,39,unweighted,10,0.0995222929936305,0,19,None,66,1,5,False,1000,1000
3675,35,unweighted,10,0.0995222929936305,0,22,None,66,1,5,False,1000,1000
3676,36,unweighted,10,0.0995222929936305,0,22,None,66,1,5,False,1000,1000
3677,37,unweighted,10,0.0995222929936305,0,22,None,66,1,5,False,1000,1000
3678,38,unweighted,10,0.0995222929936305,0,22,None,66,1,5,False,1000,1000
3679,39,unweighted,10,0.0995222929936305,0,22,None,66,1,5,False,1000,1000
3680,35,unweighted,10,0.0995222929936305,0,23,None,66,1,5,False,1000,1000
3681,36,unweighted,10,0.0995222929936305,0,23,None,66,1,5,False,1000,1000
3682,37,unweighted,10,0.0995222929936305,0,23,None,66,1,5,False,1000,1000
3683,38,unweighted,10,0.0995222929936305,0,23,None,66,1,5,False,1000,1000
3684,39,unweighted,10,0.0995222929936305,0,23,None,66,1,5,False,1000,1000
3685,35,unweighted,10,0.0995222929936305,0,28,None,66,1,5,False,1000,1000
3686,36,unweighted,10,0.0995222929936305,0,28,None,66,1,5,False,1000,1000
3687,37,unweighted,10,0.0995222929936305,0,28,None,66,1,5,False,1000,1000
3688,38,unweighted,10,0.0995222929936305,0,28,None,66,1,5,False,1000,1000
3689,39,unweighted,10,0.1755573248407643,0,28,None,66,1,5,False,1000,1000
3690,35,unweighted,10,0.0995222929936305,0,29,None,66,1,5,False,1000,1000
3691,36,unweighted,10,0.0995222929936305,0,29,None,66,1,5,False,1000,1000
3692,37,unweighted,10,0.0995222929936305,0,29,None,66,1,5,False,1000,1000
3693,38,unweighted,10,0.1794386942675159,0,29,None,66,1,5,False,1000,1000
3694,39,unweighted,10,0.1162420382165605,0,29,None,66,1,5,False,1000,1000
3695,35,unweighted,10,0.0995222929936305,0,0,None,66,1,5,False,1000,1000
3696,36,unweighted,10,0.0995222929936305,0,0,None,66,1,5,False,1000,1000
3697,37,unweighted,10,0.0995222929936305,0,0,None,66,1,5,False,1000,1000
3698,38,unweighted,10,0.0995222929936305,0,0,None,66,1,5,False,1000,1000
3699,39,unweighted,10,0.0995222929936305,0,0,None,66,1,5,False,1000,1000
3700,35,unweighted,10,0.0995222929936305,0,18,None,66,1,5,False,1000,1000
3701,36,unweighted,10,0.0995222929936305,0,18,None,66,1,5,False,1000,1000
3702,37,unweighted,10,0.0995222929936305,0,18,None,66,1,5,False,1000,1000
3703,38,unweighted,10,0.0995222929936305,0,18,None,66,1,5,False,1000,1000
3704,39,unweighted,10,0.0995222929936305,0,18,None,66,1,5,False,1000,1000
3705,35,unweighted,10,0.0995222929936305,0,31,None,66,1,5,False,1000,1000
3706,36,unweighted,10,0.0995222929936305,0,31,None,66,1,5,False,1000,1000
3707,37,unweighted,10,0.0995222929936305,0,31,None,66,1,5,False,1000,1000
3708,38,unweighted,10,0.0995222929936305,0,31,None,66,1,5,False,1000,1000
3709,39,unweighted,10,0.0995222929936305,0,31,None,66,1,5,False,1000,1000
3710,35,unweighted,10,0.0995222929936305,0,5,None,66,1,5,False,1000,1000
3711,36,unweighted,10,0.0995222929936305,0,5,None,66,1,5,False,1000,1000
3712,37,unweighted,10,0.0995222929936305,0,5,None,66,1,5,False,1000,1000
3713,38,unweighted,10,0.0995222929936305,0,5,None,66,1,5,False,1000,1000
3714,39,unweighted,10,0.0995222929936305,0,5,None,66,1,5,False,1000,1000
3715,35,unweighted,10,0.0995222929936305,0,4,None,66,1,5,False,1000,1000
3716,36,unweighted,10,0.0995222929936305,0,4,None,66,1,5,False,1000,1000
3717,37,unweighted,10,0.0995222929936305,0,4,None,66,1,5,False,1000,1000
3718,38,unweighted,10,0.0995222929936305,0,4,None,66,1,5,False,1000,1000
3719,39,unweighted,10,0.0995222929936305,0,4,None,66,1,5,False,1000,1000
3720,35,unweighted,10,0.0995222929936305,0,14,None,66,1,5,False,1000,1000
3721,36,unweighted,10,0.0995222929936305,0,14,None,66,1,5,False,1000,1000
3722,37,unweighted,10,0.0995222929936305,0,14,None,66,1,5,False,1000,1000
3723,38,unweighted,10,0.0995222929936305,0,14,None,66,1,5,False,1000,1000
3724,39,unweighted,10,0.0995222929936305,0,14,None,66,1,5,False,1000,1000
3725,35,unweighted,10,0.0995222929936305,0,26,None,66,1,5,False,1000,1000
3726,36,unweighted,10,0.0995222929936305,0,26,None,66,1,5,False,1000,1000
3727,37,unweighted,10,0.0995222929936305,0,26,None,66,1,5,False,1000,1000
3728,38,unweighted,10,0.0995222929936305,0,26,None,66,1,5,False,1000,1000
3729,39,unweighted,10,0.0995222929936305,0,26,None,66,1,5,False,1000,1000
3730,35,unweighted,10,0.0995222929936305,0,30,None,66,1,5,False,1000,1000
3731,36,unweighted,10,0.0995222929936305,0,30,None,66,1,5,False,1000,1000
3732,37,unweighted,10,0.0995222929936305,0,30,None,66,1,5,False,1000,1000
3733,38,unweighted,10,0.0995222929936305,0,30,None,66,1,5,False,1000,1000
3734,39,unweighted,10,0.0995222929936305,0,30,None,66,1,5,False,1000,1000
3735,35,unweighted,10,0.0995222929936305,0,3,None,66,1,5,False,1000,1000
3736,36,unweighted,10,0.0995222929936305,0,3,None,66,1,5,False,1000,1000
3737,37,unweighted,10,0.0995222929936305,0,3,None,66,1,5,False,1000,1000
3738,38,unweighted,10,0.0995222929936305,0,3,None,66,1,5,False,1000,1000
3739,39,unweighted,10,0.0995222929936305,0,3,None,66,1,5,False,1000,1000
3740,35,unweighted,10,0.0995222929936305,0,6,None,66,1,5,False,1000,1000
3741,36,unweighted,10,0.0995222929936305,0,6,None,66,1,5,False,1000,1000
3742,37,unweighted,10,0.0995222929936305,0,6,None,66,1,5,False,1000,1000
3743,38,unweighted,10,0.0995222929936305,0,6,None,66,1,5,False,1000,1000
3744,39,unweighted,10,0.0995222929936305,0,6,None,66,1,5,False,1000,1000
3745,35,unweighted,10,0.0995222929936305,0,7,None,66,1,5,False,1000,1000
3746,36,unweighted,10,0.0995222929936305,0,7,None,66,1,5,False,1000,1000
3747,37,unweighted,10,0.1383359872611465,0,7,None,66,1,5,False,1000,1000
3748,38,unweighted,10,0.0995222929936305,0,7,None,66,1,5,False,1000,1000
3749,39,unweighted,10,0.0995222929936305,0,7,None,66,1,5,False,1000,1000
3750,35,unweighted,10,0.0995222929936305,0,16,None,66,1,5,False,1000,1000
3751,36,unweighted,10,0.0995222929936305,0,16,None,66,1,5,False,1000,1000
3752,37,unweighted,10,0.1031050955414012,0,16,None,66,1,5,False,1000,1000
3753,38,unweighted,10,0.1315684713375796,0,16,None,66,1,5,False,1000,1000
3754,39,unweighted,10,0.1587380573248407,0,16,None,66,1,5,False,1000,1000
3755,35,unweighted,10,0.1089769108280254,0,32,None,66,1,5,False,1000,1000
3756,36,unweighted,10,0.1693869426751592,0,32,None,66,1,5,False,1000,1000
3757,37,unweighted,10,0.1878980891719745,0,32,None,66,1,5,False,1000,1000
3758,38,unweighted,10,0.1700835987261146,0,32,None,66,1,5,False,1000,1000
3759,39,unweighted,10,0.0995222929936305,0,32,None,66,1,5,False,1000,1000
3760,35,unweighted,10,0.0995222929936305,0,21,None,66,1,5,False,1000,1000
3761,36,unweighted,10,0.0995222929936305,0,21,None,66,1,5,False,1000,1000
3762,37,unweighted,10,0.0995222929936305,0,21,None,66,1,5,False,1000,1000
3763,38,unweighted,10,0.0995222929936305,0,21,None,66,1,5,False,1000,1000
3764,39,unweighted,10,0.0995222929936305,0,21,None,66,1,5,False,1000,1000
3765,35,unweighted,10,0.0995222929936305,0,17,None,66,1,5,False,1000,1000
3766,36,unweighted,10,0.0995222929936305,0,17,None,66,1,5,False,1000,1000
3767,37,unweighted,10,0.0995222929936305,0,17,None,66,1,5,False,1000,1000
3768,38,unweighted,10,0.1975517515923567,0,17,None,66,1,5,False,1000,1000
3769,39,unweighted,10,0.1930732484076433,0,17,None,66,1,5,False,1000,1000
3770,35,unweighted,10,0.0995222929936305,0,24,None,66,1,5,False,1000,1000
3771,36,unweighted,10,0.0995222929936305,0,24,None,66,1,5,False,1000,1000
3772,37,unweighted,10,0.0995222929936305,0,24,None,66,1,5,False,1000,1000
3773,38,unweighted,10,0.0995222929936305,0,24,None,66,1,5,False,1000,1000
3774,39,unweighted,10,0.0995222929936305,0,24,None,66,1,5,False,1000,1000
3775,35,unweighted,10,0.1318670382165605,0,27,None,66,1,5,False,1000,1000
3776,36,unweighted,10,0.1092754777070063,0,27,None,66,1,5,False,1000,1000
3777,37,unweighted,10,0.0998208598726114,0,27,None,66,1,5,False,1000,1000
3778,38,unweighted,10,0.0995222929936305,0,27,None,66,1,5,False,1000,1000
3779,39,unweighted,10,0.0995222929936305,0,27,None,66,1,5,False,1000,1000
3780,35,unweighted,10,0.0995222929936305,0,9,None,66,1,5,False,1000,1000
3781,36,unweighted,10,0.0995222929936305,0,9,None,66,1,5,False,1000,1000
3782,37,unweighted,10,0.0995222929936305,0,9,None,66,1,5,False,1000,1000
3783,38,unweighted,10,0.0995222929936305,0,9,None,66,1,5,False,1000,1000
3784,39,unweighted,10,0.0995222929936305,0,9,None,66,1,5,False,1000,1000
3785,35,unweighted,10,0.0995222929936305,0,12,None,66,1,5,False,1000,1000
3786,36,unweighted,10,0.0995222929936305,0,12,None,66,1,5,False,1000,1000
3787,37,unweighted,10,0.0995222929936305,0,12,None,66,1,5,False,1000,1000
3788,38,unweighted,10,0.1044984076433121,0,12,None,66,1,5,False,1000,1000
3789,39,unweighted,10,0.1853105095541401,0,12,None,66,1,5,False,1000,1000
3790,35,unweighted,10,0.0995222929936305,0,25,None,66,1,5,False,1000,1000
3791,36,unweighted,10,0.0995222929936305,0,25,None,66,1,5,False,1000,1000
3792,37,unweighted,10,0.0995222929936305,0,25,None,66,1,5,False,1000,1000
3793,38,unweighted,10,0.0995222929936305,0,25,None,66,1,5,False,1000,1000
3794,39,unweighted,10,0.0995222929936305,0,25,None,66,1,5,False,1000,1000
3795,40,unweighted,10,0.1815286624203821,0,32,None,66,1,5,False,1000,1000
3796,41,unweighted,10,0.1876990445859872,0,32,None,66,1,5,False,1000,1000
3797,42,unweighted,10,0.1620222929936305,0,32,None,66,1,5,False,1000,1000
3798,43,unweighted,10,0.0997213375796178,0,32,None,66,1,5,False,1000,1000
3799,44,unweighted,10,0.0995222929936305,0,32,None,66,1,5,False,1000,1000
3800,40,unweighted,10,0.1492834394904458,0,16,None,66,1,5,False,1000,1000
3801,41,unweighted,10,0.1695859872611465,0,16,None,66,1,5,False,1000,1000
3802,42,unweighted,10,0.1811305732484076,0,16,None,66,1,5,False,1000,1000
3803,43,unweighted,10,0.1865047770700637,0,16,None,66,1,5,False,1000,1000
3804,44,unweighted,10,0.1883957006369426,0,16,None,66,1,5,False,1000,1000
3805,40,unweighted,10,0.0995222929936305,0,15,None,66,1,5,False,1000,1000
3806,41,unweighted,10,0.125796178343949,0,15,None,66,1,5,False,1000,1000
3807,42,unweighted,10,0.1705812101910828,0,15,None,66,1,5,False,1000,1000
3808,43,unweighted,10,0.1877985668789809,0,15,None,66,1,5,False,1000,1000
3809,44,unweighted,10,0.1935708598726114,0,15,None,66,1,5,False,1000,1000
3810,40,unweighted,10,0.1984474522292993,0,10,None,66,1,5,False,1000,1000
3811,41,unweighted,10,0.0995222929936305,0,10,None,66,1,5,False,1000,1000
3812,42,unweighted,10,0.0995222929936305,0,10,None,66,1,5,False,1000,1000
3813,43,unweighted,10,0.0995222929936305,0,10,None,66,1,5,False,1000,1000
3814,44,unweighted,10,0.0995222929936305,0,10,None,66,1,5,False,1000,1000
3815,40,unweighted,10,0.0995222929936305,0,20,None,66,1,5,False,1000,1000
3816,41,unweighted,10,0.0995222929936305,0,20,None,66,1,5,False,1000,1000
3817,42,unweighted,10,0.0995222929936305,0,20,None,66,1,5,False,1000,1000
3818,43,unweighted,10,0.0995222929936305,0,20,None,66,1,5,False,1000,1000
3819,44,unweighted,10,0.0995222929936305,0,20,None,66,1,5,False,1000,1000
3820,40,unweighted,10,0.1014132165605095,0,11,None,66,1,5,False,1000,1000
3821,41,unweighted,10,0.0995222929936305,0,11,None,66,1,5,False,1000,1000
3822,42,unweighted,10,0.0995222929936305,0,11,None,66,1,5,False,1000,1000
3823,43,unweighted,10,0.0995222929936305,0,11,None,66,1,5,False,1000,1000
3824,44,unweighted,10,0.0995222929936305,0,11,None,66,1,5,False,1000,1000
3825,40,unweighted,10,0.1633160828025477,0,17,None,66,1,5,False,1000,1000
3826,41,unweighted,10,0.0995222929936305,0,17,None,66,1,5,False,1000,1000
3827,42,unweighted,10,0.0995222929936305,0,17,None,66,1,5,False,1000,1000
3828,43,unweighted,10,0.0995222929936305,0,17,None,66,1,5,False,1000,1000
3829,44,unweighted,10,0.1951632165605095,0,17,None,66,1,5,False,1000,1000
3830,40,unweighted,10,0.0995222929936305,0,1,None,66,1,5,False,1000,1000
3831,41,unweighted,10,0.0995222929936305,0,1,None,66,1,5,False,1000,1000
3832,42,unweighted,10,0.0995222929936305,0,1,None,66,1,5,False,1000,1000
3833,43,unweighted,10,0.0995222929936305,0,1,None,66,1,5,False,1000,1000
3834,44,unweighted,10,0.0995222929936305,0,1,None,66,1,5,False,1000,1000
3835,40,unweighted,10,0.0995222929936305,0,2,None,66,1,5,False,1000,1000
3836,41,unweighted,10,0.0995222929936305,0,2,None,66,1,5,False,1000,1000
3837,42,unweighted,10,0.0995222929936305,0,2,None,66,1,5,False,1000,1000
3838,43,unweighted,10,0.0995222929936305,0,2,None,66,1,5,False,1000,1000
3839,44,unweighted,10,0.0995222929936305,0,2,None,66,1,5,False,1000,1000
3840,40,unweighted,10,0.0995222929936305,0,23,None,66,1,5,False,1000,1000
3841,41,unweighted,10,0.0995222929936305,0,23,None,66,1,5,False,1000,1000
3842,42,unweighted,10,0.0995222929936305,0,23,None,66,1,5,False,1000,1000
3843,43,unweighted,10,0.0995222929936305,0,23,None,66,1,5,False,1000,1000
3844,44,unweighted,10,0.0995222929936305,0,23,None,66,1,5,False,1000,1000
3845,40,unweighted,10,0.0995222929936305,0,28,None,66,1,5,False,1000,1000
3846,41,unweighted,10,0.0995222929936305,0,28,None,66,1,5,False,1000,1000
3847,42,unweighted,10,0.0995222929936305,0,28,None,66,1,5,False,1000,1000
3848,43,unweighted,10,0.0995222929936305,0,28,None,66,1,5,False,1000,1000
3849,44,unweighted,10,0.1003184713375796,0,28,None,66,1,5,False,1000,1000
3850,40,unweighted,10,0.0995222929936305,0,22,None,66,1,5,False,1000,1000
3851,41,unweighted,10,0.0995222929936305,0,22,None,66,1,5,False,1000,1000
3852,42,unweighted,10,0.0995222929936305,0,22,None,66,1,5,False,1000,1000
3853,43,unweighted,10,0.0995222929936305,0,22,None,66,1,5,False,1000,1000
3854,44,unweighted,10,0.0995222929936305,0,22,None,66,1,5,False,1000,1000
3855,40,unweighted,10,0.1477906050955414,0,5,None,66,1,5,False,1000,1000
3856,41,unweighted,10,0.0995222929936305,0,5,None,66,1,5,False,1000,1000
3857,42,unweighted,10,0.0995222929936305,0,5,None,66,1,5,False,1000,1000
3858,43,unweighted,10,0.0995222929936305,0,5,None,66,1,5,False,1000,1000
3859,44,unweighted,10,0.0995222929936305,0,5,None,66,1,5,False,1000,1000
3860,40,unweighted,10,0.0995222929936305,0,4,None,66,1,5,False,1000,1000
3861,41,unweighted,10,0.0995222929936305,0,4,None,66,1,5,False,1000,1000
3862,42,unweighted,10,0.0995222929936305,0,4,None,66,1,5,False,1000,1000
3863,43,unweighted,10,0.0995222929936305,0,4,None,66,1,5,False,1000,1000
3864,44,unweighted,10,0.0995222929936305,0,4,None,66,1,5,False,1000,1000
3865,40,unweighted,10,0.1324641719745223,0,7,None,66,1,5,False,1000,1000
3866,41,unweighted,10,0.1676950636942675,0,7,None,66,1,5,False,1000,1000
3867,42,unweighted,10,0.2231289808917197,0,7,None,66,1,5,False,1000,1000
3868,43,unweighted,10,0.1430135350318471,0,7,None,66,1,5,False,1000,1000
3869,44,unweighted,10,0.1328622611464968,0,7,None,66,1,5,False,1000,1000
3870,40,unweighted,10,0.0995222929936305,0,30,None,66,1,5,False,1000,1000
3871,41,unweighted,10,0.0995222929936305,0,30,None,66,1,5,False,1000,1000
3872,42,unweighted,10,0.0995222929936305,0,30,None,66,1,5,False,1000,1000
3873,43,unweighted,10,0.0995222929936305,0,30,None,66,1,5,False,1000,1000
3874,44,unweighted,10,0.0995222929936305,0,30,None,66,1,5,False,1000,1000
3875,40,unweighted,10,0.1541600318471337,0,13,None,66,1,5,False,1000,1000
3876,41,unweighted,10,0.1410230891719745,0,13,None,66,1,5,False,1000,1000
3877,42,unweighted,10,0.1273885350318471,0,13,None,66,1,5,False,1000,1000
3878,43,unweighted,10,0.116640127388535,0,13,None,66,1,5,False,1000,1000
3879,44,unweighted,10,0.1083797770700636,0,13,None,66,1,5,False,1000,1000
3880,40,unweighted,10,0.0995222929936305,0,6,None,66,1,5,False,1000,1000
3881,41,unweighted,10,0.0995222929936305,0,6,None,66,1,5,False,1000,1000
3882,42,unweighted,10,0.0995222929936305,0,6,None,66,1,5,False,1000,1000
3883,43,unweighted,10,0.0995222929936305,0,6,None,66,1,5,False,1000,1000
3884,44,unweighted,10,0.0995222929936305,0,6,None,66,1,5,False,1000,1000
3885,40,unweighted,10,0.0995222929936305,0,12,None,66,1,5,False,1000,1000
3886,41,unweighted,10,0.0995222929936305,0,12,None,66,1,5,False,1000,1000
3887,42,unweighted,10,0.0995222929936305,0,12,None,66,1,5,False,1000,1000
3888,43,unweighted,10,0.145203025477707,0,12,None,66,1,5,False,1000,1000
3889,44,unweighted,10,0.1853105095541401,0,12,None,66,1,5,False,1000,1000
3890,40,unweighted,10,0.0995222929936305,0,26,None,66,1,5,False,1000,1000
3891,41,unweighted,10,0.0995222929936305,0,26,None,66,1,5,False,1000,1000
3892,42,unweighted,10,0.0995222929936305,0,26,None,66,1,5,False,1000,1000
3893,43,unweighted,10,0.0995222929936305,0,26,None,66,1,5,False,1000,1000
3894,44,unweighted,10,0.0995222929936305,0,26,None,66,1,5,False,1000,1000
3895,40,unweighted,10,0.1161425159235668,0,8,None,66,1,5,False,1000,1000
3896,41,unweighted,10,0.0995222929936305,0,8,None,66,1,5,False,1000,1000
3897,42,unweighted,10,0.0995222929936305,0,8,None,66,1,5,False,1000,1000
3898,43,unweighted,10,0.0995222929936305,0,8,None,66,1,5,False,1000,1000
3899,44,unweighted,10,0.0995222929936305,0,8,None,66,1,5,False,1000,1000
3900,40,unweighted,10,0.0995222929936305,0,19,None,66,1,5,False,1000,1000
3901,41,unweighted,10,0.0995222929936305,0,19,None,66,1,5,False,1000,1000
3902,42,unweighted,10,0.0995222929936305,0,19,None,66,1,5,False,1000,1000
3903,43,unweighted,10,0.0995222929936305,0,19,None,66,1,5,False,1000,1000
3904,44,unweighted,10,0.0995222929936305,0,19,None,66,1,5,False,1000,1000
3905,40,unweighted,10,0.0995222929936305,0,21,None,66,1,5,False,1000,1000
3906,41,unweighted,10,0.0995222929936305,0,21,None,66,1,5,False,1000,1000
3907,42,unweighted,10,0.0995222929936305,0,21,None,66,1,5,False,1000,1000
3908,43,unweighted,10,0.0995222929936305,0,21,None,66,1,5,False,1000,1000
3909,44,unweighted,10,0.0995222929936305,0,21,None,66,1,5,False,1000,1000
3910,40,unweighted,10,0.0995222929936305,0,24,None,66,1,5,False,1000,1000
3911,41,unweighted,10,0.0995222929936305,0,24,None,66,1,5,False,1000,1000
3912,42,unweighted,10,0.0995222929936305,0,24,None,66,1,5,False,1000,1000
3913,43,unweighted,10,0.0995222929936305,0,24,None,66,1,5,False,1000,1000
3914,44,unweighted,10,0.0995222929936305,0,24,None,66,1,5,False,1000,1000
3915,40,unweighted,10,0.0995222929936305,0,18,None,66,1,5,False,1000,1000
3916,41,unweighted,10,0.0995222929936305,0,18,None,66,1,5,False,1000,1000
3917,42,unweighted,10,0.0995222929936305,0,18,None,66,1,5,False,1000,1000
3918,43,unweighted,10,0.0995222929936305,0,18,None,66,1,5,False,1000,1000
3919,44,unweighted,10,0.1723726114649681,0,18,None,66,1,5,False,1000,1000
3920,40,unweighted,10,0.1714769108280254,0,27,None,66,1,5,False,1000,1000
3921,41,unweighted,10,0.177249203821656,0,27,None,66,1,5,False,1000,1000
3922,42,unweighted,10,0.1822253184713375,0,27,None,66,1,5,False,1000,1000
3923,43,unweighted,10,0.1863057324840764,0,27,None,66,1,5,False,1000,1000
3924,44,unweighted,10,0.1851114649681528,0,27,None,66,1,5,False,1000,1000
3925,40,unweighted,10,0.0995222929936305,0,31,None,66,1,5,False,1000,1000
3926,41,unweighted,10,0.0995222929936305,0,31,None,66,1,5,False,1000,1000
3927,42,unweighted,10,0.0995222929936305,0,31,None,66,1,5,False,1000,1000
3928,43,unweighted,10,0.0995222929936305,0,31,None,66,1,5,False,1000,1000
3929,44,unweighted,10,0.0995222929936305,0,31,None,66,1,5,False,1000,1000
3930,40,unweighted,10,0.0995222929936305,0,0,None,66,1,5,False,1000,1000
3931,41,unweighted,10,0.0995222929936305,0,0,None,66,1,5,False,1000,1000
3932,42,unweighted,10,0.0995222929936305,0,0,None,66,1,5,False,1000,1000
3933,43,unweighted,10,0.0995222929936305,0,0,None,66,1,5,False,1000,1000
3934,44,unweighted,10,0.0995222929936305,0,0,None,66,1,5,False,1000,1000
3935,40,unweighted,10,0.114749203821656,0,3,None,66,1,5,False,1000,1000
3936,41,unweighted,10,0.0995222929936305,0,3,None,66,1,5,False,1000,1000
3937,42,unweighted,10,0.0995222929936305,0,3,None,66,1,5,False,1000,1000
3938,43,unweighted,10,0.0995222929936305,0,3,None,66,1,5,False,1000,1000
3939,44,unweighted,10,0.0995222929936305,0,3,None,66,1,5,False,1000,1000
3940,40,unweighted,10,0.1108678343949044,0,9,None,66,1,5,False,1000,1000
3941,41,unweighted,10,0.1159434713375796,0,9,None,66,1,5,False,1000,1000
3942,42,unweighted,10,0.1203224522292993,0,9,None,66,1,5,False,1000,1000
3943,43,unweighted,10,0.1236066878980891,0,9,None,66,1,5,False,1000,1000
3944,44,unweighted,10,0.1282842356687898,0,9,None,66,1,5,False,1000,1000
3945,40,unweighted,10,0.0995222929936305,0,14,None,66,1,5,False,1000,1000
3946,41,unweighted,10,0.0995222929936305,0,14,None,66,1,5,False,1000,1000
3947,42,unweighted,10,0.0995222929936305,0,14,None,66,1,5,False,1000,1000
3948,43,unweighted,10,0.0995222929936305,0,14,None,66,1,5,False,1000,1000
3949,44,unweighted,10,0.0995222929936305,0,14,None,66,1,5,False,1000,1000
3950,40,unweighted,10,0.0995222929936305,0,25,None,66,1,5,False,1000,1000
3951,41,unweighted,10,0.0995222929936305,0,25,None,66,1,5,False,1000,1000
3952,42,unweighted,10,0.0995222929936305,0,25,None,66,1,5,False,1000,1000
3953,43,unweighted,10,0.0995222929936305,0,25,None,66,1,5,False,1000,1000
3954,44,unweighted,10,0.0995222929936305,0,25,None,66,1,5,False,1000,1000
3955,40,unweighted,10,0.0995222929936305,0,29,None,66,1,5,False,1000,1000
3956,41,unweighted,10,0.0995222929936305,0,29,None,66,1,5,False,1000,1000
3957,42,unweighted,10,0.0995222929936305,0,29,None,66,1,5,False,1000,1000
3958,43,unweighted,10,0.0995222929936305,0,29,None,66,1,5,False,1000,1000
3959,44,unweighted,10,0.1787420382165605,0,29,None,66,1,5,False,1000,1000
5445,45,unweighted,10,0.0995222929936305,0,1,None,66,1,5,False,1000,1000
5446,46,unweighted,10,0.0995222929936305,0,1,None,66,1,5,False,1000,1000
5447,47,unweighted,10,0.0995222929936305,0,1,None,66,1,5,False,1000,1000
5448,48,unweighted,10,0.0995222929936305,0,1,None,66,1,5,False,1000,1000
5449,49,unweighted,10,0.0995222929936305,0,1,None,66,1,5,False,1000,1000
5450,45,unweighted,10,0.0995222929936305,0,2,None,66,1,5,False,1000,1000
5451,46,unweighted,10,0.0995222929936305,0,2,None,66,1,5,False,1000,1000
5452,47,unweighted,10,0.0995222929936305,0,2,None,66,1,5,False,1000,1000
5453,48,unweighted,10,0.0995222929936305,0,2,None,66,1,5,False,1000,1000
5454,49,unweighted,10,0.0995222929936305,0,2,None,66,1,5,False,1000,1000
5455,45,unweighted,10,0.1724721337579617,0,13,None,66,1,5,False,1000,1000
5456,46,unweighted,10,0.1617237261146497,0,13,None,66,1,5,False,1000,1000
5457,47,unweighted,10,0.1514729299363057,0,13,None,66,1,5,False,1000,1000
5458,48,unweighted,10,0.1419187898089172,0,13,None,66,1,5,False,1000,1000
5459,49,unweighted,10,0.1315684713375796,0,13,None,66,1,5,False,1000,1000
5460,45,unweighted,10,0.1176353503184713,0,15,None,66,1,5,False,1000,1000
5461,46,unweighted,10,0.1641122611464968,0,15,None,66,1,5,False,1000,1000
5462,47,unweighted,10,0.1843152866242038,0,15,None,66,1,5,False,1000,1000
5463,48,unweighted,10,0.1914808917197452,0,15,None,66,1,5,False,1000,1000
5464,49,unweighted,10,0.1906847133757961,0,15,None,66,1,5,False,1000,1000
5465,45,unweighted,10,0.1896894904458598,0,10,None,66,1,5,False,1000,1000
5466,46,unweighted,10,0.0995222929936305,0,10,None,66,1,5,False,1000,1000
5467,47,unweighted,10,0.0995222929936305,0,10,None,66,1,5,False,1000,1000
5468,48,unweighted,10,0.0995222929936305,0,10,None,66,1,5,False,1000,1000
5469,49,unweighted,10,0.0995222929936305,0,10,None,66,1,5,False,1000,1000
5470,45,unweighted,10,0.1732683121019108,0,16,None,66,1,5,False,1000,1000
5471,46,unweighted,10,0.1847133757961783,0,16,None,66,1,5,False,1000,1000
5472,47,unweighted,10,0.1797372611464968,0,16,None,66,1,5,False,1000,1000
5473,48,unweighted,10,0.1655055732484076,0,16,None,66,1,5,False,1000,1000
5474,49,unweighted,10,0.1470939490445859,0,16,None,66,1,5,False,1000,1000
5475,45,unweighted,10,0.1827229299363057,0,11,None,66,1,5,False,1000,1000
5476,46,unweighted,10,0.0995222929936305,0,11,None,66,1,5,False,1000,1000
5477,47,unweighted,10,0.0995222929936305,0,11,None,66,1,5,False,1000,1000
5478,48,unweighted,10,0.0995222929936305,0,11,None,66,1,5,False,1000,1000
5479,49,unweighted,10,0.0995222929936305,0,11,None,66,1,5,False,1000,1000
5480,45,unweighted,10,0.0995222929936305,0,14,None,66,1,5,False,1000,1000
5481,46,unweighted,10,0.0995222929936305,0,14,None,66,1,5,False,1000,1000
5482,47,unweighted,10,0.0995222929936305,0,14,None,66,1,5,False,1000,1000
5483,48,unweighted,10,0.0995222929936305,0,14,None,66,1,5,False,1000,1000
5484,49,unweighted,10,0.0995222929936305,0,14,None,66,1,5,False,1000,1000
5485,45,unweighted,10,0.0995222929936305,0,22,None,66,1,5,False,1000,1000
5486,46,unweighted,10,0.0995222929936305,0,22,None,66,1,5,False,1000,1000
5487,47,unweighted,10,0.0995222929936305,0,22,None,66,1,5,False,1000,1000
5488,48,unweighted,10,0.1396297770700637,0,22,None,66,1,5,False,1000,1000
5489,49,unweighted,10,0.0995222929936305,0,22,None,66,1,5,False,1000,1000
5490,45,unweighted,10,0.0995222929936305,0,23,None,66,1,5,False,1000,1000
5491,46,unweighted,10,0.0995222929936305,0,23,None,66,1,5,False,1000,1000
5492,47,unweighted,10,0.0995222929936305,0,23,None,66,1,5,False,1000,1000
5493,48,unweighted,10,0.0995222929936305,0,23,None,66,1,5,False,1000,1000
5494,49,unweighted,10,0.0995222929936305,0,23,None,66,1,5,False,1000,1000
5495,45,unweighted,10,0.1886942675159235,0,17,None,66,1,5,False,1000,1000
5496,46,unweighted,10,0.1285828025477707,0,17,None,66,1,5,False,1000,1000
5497,47,unweighted,10,0.0995222929936305,0,17,None,66,1,5,False,1000,1000
5498,48,unweighted,10,0.190187101910828,0,17,None,66,1,5,False,1000,1000
5499,49,unweighted,10,0.1978503184713375,0,17,None,66,1,5,False,1000,1000
5500,45,unweighted,10,0.0995222929936305,0,21,None,66,1,5,False,1000,1000
5501,46,unweighted,10,0.0995222929936305,0,21,None,66,1,5,False,1000,1000
5502,47,unweighted,10,0.0995222929936305,0,21,None,66,1,5,False,1000,1000
5503,48,unweighted,10,0.0995222929936305,0,21,None,66,1,5,False,1000,1000
5504,49,unweighted,10,0.0995222929936305,0,21,None,66,1,5,False,1000,1000
5505,45,unweighted,10,0.0995222929936305,0,25,None,66,1,5,False,1000,1000
5506,46,unweighted,10,0.0995222929936305,0,25,None,66,1,5,False,1000,1000
5507,47,unweighted,10,0.0995222929936305,0,25,None,66,1,5,False,1000,1000
5508,48,unweighted,10,0.0995222929936305,0,25,None,66,1,5,False,1000,1000
5509,49,unweighted,10,0.0995222929936305,0,25,None,66,1,5,False,1000,1000
5510,45,unweighted,10,0.1618232484076433,0,26,None,66,1,5,False,1000,1000
5511,46,unweighted,10,0.1982484076433121,0,26,None,66,1,5,False,1000,1000
5512,47,unweighted,10,0.1969546178343949,0,26,None,66,1,5,False,1000,1000
5513,48,unweighted,10,0.1932722929936305,0,26,None,66,1,5,False,1000,1000
5514,49,unweighted,10,0.1546576433121019,0,26,None,66,1,5,False,1000,1000
5515,45,unweighted,10,0.0995222929936305,0,12,None,66,1,5,False,1000,1000
5516,46,unweighted,10,0.0995222929936305,0,12,None,66,1,5,False,1000,1000
5517,47,unweighted,10,0.1028065286624203,0,12,None,66,1,5,False,1000,1000
5518,48,unweighted,10,0.1847133757961783,0,12,None,66,1,5,False,1000,1000
5519,49,unweighted,10,0.2638335987261146,0,12,None,66,1,5,False,1000,1000
5520,45,unweighted,10,0.0995222929936305,0,24,None,66,1,5,False,1000,1000
5521,46,unweighted,10,0.0995222929936305,0,24,None,66,1,5,False,1000,1000
5522,47,unweighted,10,0.0995222929936305,0,24,None,66,1,5,False,1000,1000
5523,48,unweighted,10,0.0995222929936305,0,24,None,66,1,5,False,1000,1000
5524,49,unweighted,10,0.0995222929936305,0,24,None,66,1,5,False,1000,1000
5525,45,unweighted,10,0.0995222929936305,0,28,None,66,1,5,False,1000,1000
5526,46,unweighted,10,0.0995222929936305,0,28,None,66,1,5,False,1000,1000
5527,47,unweighted,10,0.0995222929936305,0,28,None,66,1,5,False,1000,1000
5528,48,unweighted,10,0.0995222929936305,0,28,None,66,1,5,False,1000,1000
5529,49,unweighted,10,0.0995222929936305,0,28,None,66,1,5,False,1000,1000
5530,45,unweighted,10,0.0995222929936305,0,29,None,66,1,5,False,1000,1000
5531,46,unweighted,10,0.0995222929936305,0,29,None,66,1,5,False,1000,1000
5532,47,unweighted,10,0.1780453821656051,0,29,None,66,1,5,False,1000,1000
5533,48,unweighted,10,0.1183320063694267,0,29,None,66,1,5,False,1000,1000
5534,49,unweighted,10,0.0995222929936305,0,29,None,66,1,5,False,1000,1000
5535,45,unweighted,10,0.1182324840764331,0,9,None,66,1,5,False,1000,1000
5536,46,unweighted,10,0.0995222929936305,0,9,None,66,1,5,False,1000,1000
5537,47,unweighted,10,0.0995222929936305,0,9,None,66,1,5,False,1000,1000
5538,48,unweighted,10,0.0995222929936305,0,9,None,66,1,5,False,1000,1000
5539,49,unweighted,10,0.0995222929936305,0,9,None,66,1,5,False,1000,1000
5540,45,unweighted,10,0.0995222929936305,0,30,None,66,1,5,False,1000,1000
5541,46,unweighted,10,0.0995222929936305,0,30,None,66,1,5,False,1000,1000
5542,47,unweighted,10,0.0995222929936305,0,30,None,66,1,5,False,1000,1000
5543,48,unweighted,10,0.0995222929936305,0,30,None,66,1,5,False,1000,1000
5544,49,unweighted,10,0.1548566878980891,0,30,None,66,1,5,False,1000,1000
5545,45,unweighted,10,0.1708797770700637,0,27,None,66,1,5,False,1000,1000
5546,46,unweighted,10,0.1637141719745223,0,27,None,66,1,5,False,1000,1000
5547,47,unweighted,10,0.165406050955414,0,27,None,66,1,5,False,1000,1000
5548,48,unweighted,10,0.1717754777070063,0,27,None,66,1,5,False,1000,1000
5549,49,unweighted,10,0.1760549363057325,0,27,None,66,1,5,False,1000,1000
5550,45,unweighted,10,0.182921974522293,0,32,None,66,1,5,False,1000,1000
5551,46,unweighted,10,0.1883957006369426,0,32,None,66,1,5,False,1000,1000
5552,47,unweighted,10,0.1777468152866242,0,32,None,66,1,5,False,1000,1000
5553,48,unweighted,10,0.1235071656050955,0,32,None,66,1,5,False,1000,1000
5554,49,unweighted,10,0.0995222929936305,0,32,None,66,1,5,False,1000,1000
5555,45,unweighted,10,0.1510748407643312,0,7,None,66,1,5,False,1000,1000
5556,46,unweighted,10,0.0995222929936305,0,7,None,66,1,5,False,1000,1000
5557,47,unweighted,10,0.0995222929936305,0,7,None,66,1,5,False,1000,1000
5558,48,unweighted,10,0.0995222929936305,0,7,None,66,1,5,False,1000,1000
5559,49,unweighted,10,0.0995222929936305,0,7,None,66,1,5,False,1000,1000
5560,45,unweighted,10,0.0995222929936305,0,5,None,66,1,5,False,1000,1000
5561,46,unweighted,10,0.0995222929936305,0,5,None,66,1,5,False,1000,1000
5562,47,unweighted,10,0.0995222929936305,0,5,None,66,1,5,False,1000,1000
5563,48,unweighted,10,0.0995222929936305,0,5,None,66,1,5,False,1000,1000
5564,49,unweighted,10,0.0995222929936305,0,5,None,66,1,5,False,1000,1000
5565,45,unweighted,10,0.0995222929936305,0,0,None,66,1,5,False,1000,1000
5566,46,unweighted,10,0.0995222929936305,0,0,None,66,1,5,False,1000,1000
5567,47,unweighted,10,0.0995222929936305,0,0,None,66,1,5,False,1000,1000
5568,48,unweighted,10,0.0995222929936305,0,0,None,66,1,5,False,1000,1000
5569,49,unweighted,10,0.0995222929936305,0,0,None,66,1,5,False,1000,1000
5570,45,unweighted,10,0.0995222929936305,0,6,None,66,1,5,False,1000,1000
5571,46,unweighted,10,0.0995222929936305,0,6,None,66,1,5,False,1000,1000
5572,47,unweighted,10,0.0995222929936305,0,6,None,66,1,5,False,1000,1000
5573,48,unweighted,10,0.0995222929936305,0,6,None,66,1,5,False,1000,1000
5574,49,unweighted,10,0.0995222929936305,0,6,None,66,1,5,False,1000,1000
5575,45,unweighted,10,0.0995222929936305,0,18,None,66,1,5,False,1000,1000
5576,46,unweighted,10,0.0995222929936305,0,18,None,66,1,5,False,1000,1000
5577,47,unweighted,10,0.0995222929936305,0,18,None,66,1,5,False,1000,1000
5578,48,unweighted,10,0.0995222929936305,0,18,None,66,1,5,False,1000,1000
5579,49,unweighted,10,0.0999203821656051,0,18,None,66,1,5,False,1000,1000
5580,45,unweighted,10,0.0995222929936305,0,8,None,66,1,5,False,1000,1000
5581,46,unweighted,10,0.0995222929936305,0,8,None,66,1,5,False,1000,1000
5582,47,unweighted,10,0.0995222929936305,0,8,None,66,1,5,False,1000,1000
5583,48,unweighted,10,0.0995222929936305,0,8,None,66,1,5,False,1000,1000
5584,49,unweighted,10,0.0995222929936305,0,8,None,66,1,5,False,1000,1000
5585,45,unweighted,10,0.0995222929936305,0,31,None,66,1,5,False,1000,1000
5586,46,unweighted,10,0.0995222929936305,0,31,None,66,1,5,False,1000,1000
5587,47,unweighted,10,0.0995222929936305,0,31,None,66,1,5,False,1000,1000
5588,48,unweighted,10,0.0995222929936305,0,31,None,66,1,5,False,1000,1000
5589,49,unweighted,10,0.0995222929936305,0,31,None,66,1,5,False,1000,1000
5590,45,unweighted,10,0.0995222929936305,0,19,None,66,1,5,False,1000,1000
5591,46,unweighted,10,0.0995222929936305,0,19,None,66,1,5,False,1000,1000
5592,47,unweighted,10,0.0995222929936305,0,19,None,66,1,5,False,1000,1000
5593,48,unweighted,10,0.0995222929936305,0,19,None,66,1,5,False,1000,1000
5594,49,unweighted,10,0.0995222929936305,0,19,None,66,1,5,False,1000,1000
5595,45,unweighted,10,0.0995222929936305,0,4,None,66,1,5,False,1000,1000
5596,46,unweighted,10,0.0995222929936305,0,4,None,66,1,5,False,1000,1000
5597,47,unweighted,10,0.0995222929936305,0,4,None,66,1,5,False,1000,1000
5598,48,unweighted,10,0.0995222929936305,0,4,None,66,1,5,False,1000,1000
5599,49,unweighted,10,0.0995222929936305,0,4,None,66,1,5,False,1000,1000
5600,45,unweighted,10,0.122014331210191,0,3,None,66,1,5,False,1000,1000
5601,46,unweighted,10,0.0995222929936305,0,3,None,66,1,5,False,1000,1000
5602,47,unweighted,10,0.0995222929936305,0,3,None,66,1,5,False,1000,1000
5603,48,unweighted,10,0.0995222929936305,0,3,None,66,1,5,False,1000,1000
5604,49,unweighted,10,0.0995222929936305,0,3,None,66,1,5,False,1000,1000
5605,45,unweighted,10,0.0995222929936305,0,20,None,66,1,5,False,1000,1000
5606,46,unweighted,10,0.0995222929936305,0,20,None,66,1,5,False,1000,1000
5607,47,unweighted,10,0.0995222929936305,0,20,None,66,1,5,False,1000,1000
5608,48,unweighted,10,0.0995222929936305,0,20,None,66,1,5,False,1000,1000
5609,49,unweighted,10,0.0995222929936305,0,20,None,66,1,5,False,1000,1000
5610,50,unweighted,10,0.1544585987261146,0,30,None,66,1,5,False,1000,1000
5611,51,unweighted,10,0.1973527070063694,0,30,None,66,1,5,False,1000,1000
5612,52,unweighted,10,0.1948646496815286,0,30,None,66,1,5,False,1000,1000
5613,53,unweighted,10,0.1924761146496815,0,30,None,66,1,5,False,1000,1000
5614,54,unweighted,10,0.1898885350318471,0,30,None,66,1,5,False,1000,1000
5615,50,unweighted,10,0.0995222929936305,0,20,None,66,1,5,False,1000,1000
5616,51,unweighted,10,0.0995222929936305,0,20,None,66,1,5,False,1000,1000
5617,52,unweighted,10,0.0995222929936305,0,20,None,66,1,5,False,1000,1000
5618,53,unweighted,10,0.0995222929936305,0,20,None,66,1,5,False,1000,1000
5619,54,unweighted,10,0.0995222929936305,0,20,None,66,1,5,False,1000,1000
5620,50,unweighted,10,0.0995222929936305,0,16,None,66,1,5,False,1000,1000
5621,51,unweighted,10,0.1001194267515923,0,16,None,66,1,5,False,1000,1000
5622,52,unweighted,10,0.1807324840764331,0,16,None,66,1,5,False,1000,1000
5623,53,unweighted,10,0.1697850318471337,0,16,None,66,1,5,False,1000,1000
5624,54,unweighted,10,0.1567476114649681,0,16,None,66,1,5,False,1000,1000
5625,50,unweighted,10,0.1619227707006369,0,7,None,66,1,5,False,1000,1000
5626,51,unweighted,10,0.1380374203821656,0,7,None,66,1,5,False,1000,1000
5627,52,unweighted,10,0.0995222929936305,0,7,None,66,1,5,False,1000,1000
5628,53,unweighted,10,0.0995222929936305,0,7,None,66,1,5,False,1000,1000
5629,54,unweighted,10,0.0995222929936305,0,7,None,66,1,5,False,1000,1000
5630,50,unweighted,10,0.1797372611464968,0,32,None,66,1,5,False,1000,1000
5631,51,unweighted,10,0.1876990445859872,0,32,None,66,1,5,False,1000,1000
5632,52,unweighted,10,0.1872014331210191,0,32,None,66,1,5,False,1000,1000
5633,53,unweighted,10,0.17078025477707,0,32,None,66,1,5,False,1000,1000
5634,54,unweighted,10,0.1252985668789809,0,32,None,66,1,5,False,1000,1000
5635,50,unweighted,10,0.1205214968152866,0,25,None,66,1,5,False,1000,1000
5636,51,unweighted,10,0.1068869426751592,0,25,None,66,1,5,False,1000,1000
5637,52,unweighted,10,0.1007165605095541,0,25,None,66,1,5,False,1000,1000
5638,53,unweighted,10,0.0995222929936305,0,25,None,66,1,5,False,1000,1000
5639,54,unweighted,10,0.0995222929936305,0,25,None,66,1,5,False,1000,1000
5640,50,unweighted,10,0.0995222929936305,0,26,None,66,1,5,False,1000,1000
5641,51,unweighted,10,0.0995222929936305,0,26,None,66,1,5,False,1000,1000
5642,52,unweighted,10,0.0995222929936305,0,26,None,66,1,5,False,1000,1000
5643,53,unweighted,10,0.1061902866242038,0,26,None,66,1,5,False,1000,1000
5644,54,unweighted,10,0.1631170382165605,0,26,None,66,1,5,False,1000,1000
5645,50,unweighted,10,0.1535628980891719,0,15,None,66,1,5,False,1000,1000
5646,51,unweighted,10,0.1785429936305732,0,15,None,66,1,5,False,1000,1000
5647,52,unweighted,10,0.1881966560509554,0,15,None,66,1,5,False,1000,1000
5648,53,unweighted,10,0.1934713375796178,0,15,None,66,1,5,False,1000,1000
5649,54,unweighted,10,0.1875,0,15,None,66,1,5,False,1000,1000
5650,50,unweighted,10,0.1948646496815286,0,10,None,66,1,5,False,1000,1000
5651,51,unweighted,10,0.0996218152866242,0,10,None,66,1,5,False,1000,1000
5652,52,unweighted,10,0.0995222929936305,0,10,None,66,1,5,False,1000,1000
5653,53,unweighted,10,0.0995222929936305,0,10,None,66,1,5,False,1000,1000
5654,54,unweighted,10,0.0995222929936305,0,10,None,66,1,5,False,1000,1000
5655,50,unweighted,10,0.1978503184713375,0,11,None,66,1,5,False,1000,1000
5656,51,unweighted,10,0.0995222929936305,0,11,None,66,1,5,False,1000,1000
5657,52,unweighted,10,0.0995222929936305,0,11,None,66,1,5,False,1000,1000
5658,53,unweighted,10,0.0995222929936305,0,11,None,66,1,5,False,1000,1000
5659,54,unweighted,10,0.0995222929936305,0,11,None,66,1,5,False,1000,1000
5660,50,unweighted,10,0.1171377388535031,0,17,None,66,1,5,False,1000,1000
5661,51,unweighted,10,0.1584394904458598,0,17,None,66,1,5,False,1000,1000
5662,52,unweighted,10,0.1549562101910828,0,17,None,66,1,5,False,1000,1000
5663,53,unweighted,10,0.1413216560509554,0,17,None,66,1,5,False,1000,1000
5664,54,unweighted,10,0.1304737261146497,0,17,None,66,1,5,False,1000,1000
5665,50,unweighted,10,0.0995222929936305,0,24,None,66,1,5,False,1000,1000
5666,51,unweighted,10,0.0995222929936305,0,24,None,66,1,5,False,1000,1000
5667,52,unweighted,10,0.0995222929936305,0,24,None,66,1,5,False,1000,1000
5668,53,unweighted,10,0.0995222929936305,0,24,None,66,1,5,False,1000,1000
5669,54,unweighted,10,0.0995222929936305,0,24,None,66,1,5,False,1000,1000
5670,50,unweighted,10,0.0995222929936305,0,19,None,66,1,5,False,1000,1000
5671,51,unweighted,10,0.0995222929936305,0,19,None,66,1,5,False,1000,1000
5672,52,unweighted,10,0.0995222929936305,0,19,None,66,1,5,False,1000,1000
5673,53,unweighted,10,0.0995222929936305,0,19,None,66,1,5,False,1000,1000
5674,54,unweighted,10,0.0995222929936305,0,19,None,66,1,5,False,1000,1000
5675,50,unweighted,10,0.0995222929936305,0,18,None,66,1,5,False,1000,1000
5676,51,unweighted,10,0.0995222929936305,0,18,None,66,1,5,False,1000,1000
5677,52,unweighted,10,0.0995222929936305,0,18,None,66,1,5,False,1000,1000
5678,53,unweighted,10,0.0995222929936305,0,18,None,66,1,5,False,1000,1000
5679,54,unweighted,10,0.0995222929936305,0,18,None,66,1,5,False,1000,1000
5680,50,unweighted,10,0.0995222929936305,0,31,None,66,1,5,False,1000,1000
5681,51,unweighted,10,0.0995222929936305,0,31,None,66,1,5,False,1000,1000
5682,52,unweighted,10,0.0995222929936305,0,31,None,66,1,5,False,1000,1000
5683,53,unweighted,10,0.0995222929936305,0,31,None,66,1,5,False,1000,1000
5684,54,unweighted,10,0.0995222929936305,0,31,None,66,1,5,False,1000,1000
5685,50,unweighted,10,0.1922770700636942,0,12,None,66,1,5,False,1000,1000
5686,51,unweighted,10,0.0995222929936305,0,12,None,66,1,5,False,1000,1000
5687,52,unweighted,10,0.0995222929936305,0,12,None,66,1,5,False,1000,1000
5688,53,unweighted,10,0.0995222929936305,0,12,None,66,1,5,False,1000,1000
5689,54,unweighted,10,0.0995222929936305,0,12,None,66,1,5,False,1000,1000
5690,50,unweighted,10,0.0995222929936305,0,14,None,66,1,5,False,1000,1000
5691,51,unweighted,10,0.0995222929936305,0,14,None,66,1,5,False,1000,1000
5692,52,unweighted,10,0.0995222929936305,0,14,None,66,1,5,False,1000,1000
5693,53,unweighted,10,0.0995222929936305,0,14,None,66,1,5,False,1000,1000
5694,54,unweighted,10,0.0995222929936305,0,14,None,66,1,5,False,1000,1000
5695,50,unweighted,10,0.0995222929936305,0,6,None,66,1,5,False,1000,1000
5696,51,unweighted,10,0.0995222929936305,0,6,None,66,1,5,False,1000,1000
5697,52,unweighted,10,0.0995222929936305,0,6,None,66,1,5,False,1000,1000
5698,53,unweighted,10,0.0995222929936305,0,6,None,66,1,5,False,1000,1000
5699,54,unweighted,10,0.0995222929936305,0,6,None,66,1,5,False,1000,1000
5700,50,unweighted,10,0.0995222929936305,0,22,None,66,1,5,False,1000,1000
5701,51,unweighted,10,0.0995222929936305,0,22,None,66,1,5,False,1000,1000
5702,52,unweighted,10,0.0995222929936305,0,22,None,66,1,5,False,1000,1000
5703,53,unweighted,10,0.1930732484076433,0,22,None,66,1,5,False,1000,1000
5704,54,unweighted,10,0.0995222929936305,0,22,None,66,1,5,False,1000,1000
5705,50,unweighted,10,0.0995222929936305,0,1,None,66,1,5,False,1000,1000
5706,51,unweighted,10,0.0995222929936305,0,1,None,66,1,5,False,1000,1000
5707,52,unweighted,10,0.0995222929936305,0,1,None,66,1,5,False,1000,1000
5708,53,unweighted,10,0.0995222929936305,0,1,None,66,1,5,False,1000,1000
5709,54,unweighted,10,0.0995222929936305,0,1,None,66,1,5,False,1000,1000
5710,50,unweighted,10,0.0995222929936305,0,2,None,66,1,5,False,1000,1000
5711,51,unweighted,10,0.0995222929936305,0,2,None,66,1,5,False,1000,1000
5712,52,unweighted,10,0.0995222929936305,0,2,None,66,1,5,False,1000,1000
5713,53,unweighted,10,0.0995222929936305,0,2,None,66,1,5,False,1000,1000
5714,54,unweighted,10,0.0995222929936305,0,2,None,66,1,5,False,1000,1000
5715,50,unweighted,10,0.0996218152866242,0,5,None,66,1,5,False,1000,1000
5716,51,unweighted,10,0.0995222929936305,0,5,None,66,1,5,False,1000,1000
5717,52,unweighted,10,0.0995222929936305,0,5,None,66,1,5,False,1000,1000
5718,53,unweighted,10,0.0995222929936305,0,5,None,66,1,5,False,1000,1000
5719,54,unweighted,10,0.0995222929936305,0,5,None,66,1,5,False,1000,1000
5720,50,unweighted,10,0.0995222929936305,0,4,None,66,1,5,False,1000,1000
5721,51,unweighted,10,0.0995222929936305,0,4,None,66,1,5,False,1000,1000
5722,52,unweighted,10,0.0995222929936305,0,4,None,66,1,5,False,1000,1000
5723,53,unweighted,10,0.0995222929936305,0,4,None,66,1,5,False,1000,1000
5724,54,unweighted,10,0.0995222929936305,0,4,None,66,1,5,False,1000,1000
5725,50,unweighted,10,0.1580414012738853,0,8,None,66,1,5,False,1000,1000
5726,51,unweighted,10,0.0995222929936305,0,8,None,66,1,5,False,1000,1000
5727,52,unweighted,10,0.0995222929936305,0,8,None,66,1,5,False,1000,1000
5728,53,unweighted,10,0.0995222929936305,0,8,None,66,1,5,False,1000,1000
5729,54,unweighted,10,0.0995222929936305,0,8,None,66,1,5,False,1000,1000
5730,50,unweighted,10,0.0995222929936305,0,9,None,66,1,5,False,1000,1000
5731,51,unweighted,10,0.0995222929936305,0,9,None,66,1,5,False,1000,1000
5732,52,unweighted,10,0.0995222929936305,0,9,None,66,1,5,False,1000,1000
5733,53,unweighted,10,0.0995222929936305,0,9,None,66,1,5,False,1000,1000
5734,54,unweighted,10,0.0995222929936305,0,9,None,66,1,5,False,1000,1000
5735,50,unweighted,10,0.1957603503184713,0,13,None,66,1,5,False,1000,1000
5736,51,unweighted,10,0.1942675159235669,0,13,None,66,1,5,False,1000,1000
5737,52,unweighted,10,0.1910828025477707,0,13,None,66,1,5,False,1000,1000
5738,53,unweighted,10,0.1868033439490445,0,13,None,66,1,5,False,1000,1000
5739,54,unweighted,10,0.1820262738853503,0,13,None,66,1,5,False,1000,1000
5740,50,unweighted,10,0.0995222929936305,0,21,None,66,1,5,False,1000,1000
5741,51,unweighted,10,0.0995222929936305,0,21,None,66,1,5,False,1000,1000
5742,52,unweighted,10,0.0995222929936305,0,21,None,66,1,5,False,1000,1000
5743,53,unweighted,10,0.0995222929936305,0,21,None,66,1,5,False,1000,1000
5744,54,unweighted,10,0.0995222929936305,0,21,None,66,1,5,False,1000,1000
5745,50,unweighted,10,0.0995222929936305,0,23,None,66,1,5,False,1000,1000
5746,51,unweighted,10,0.0995222929936305,0,23,None,66,1,5,False,1000,1000
5747,52,unweighted,10,0.0995222929936305,0,23,None,66,1,5,False,1000,1000
5748,53,unweighted,10,0.0995222929936305,0,23,None,66,1,5,False,1000,1000
5749,54,unweighted,10,0.0995222929936305,0,23,None,66,1,5,False,1000,1000
5750,50,unweighted,10,0.0995222929936305,0,29,None,66,1,5,False,1000,1000
5751,51,unweighted,10,0.0995222929936305,0,29,None,66,1,5,False,1000,1000
5752,52,unweighted,10,0.0995222929936305,0,29,None,66,1,5,False,1000,1000
5753,53,unweighted,10,0.1432125796178344,0,29,None,66,1,5,False,1000,1000
5754,54,unweighted,10,0.1751592356687898,0,29,None,66,1,5,False,1000,1000
5755,50,unweighted,10,0.1792396496815286,0,27,None,66,1,5,False,1000,1000
5756,51,unweighted,10,0.1712778662420382,0,27,None,66,1,5,False,1000,1000
5757,52,unweighted,10,0.1650079617834395,0,27,None,66,1,5,False,1000,1000
5758,53,unweighted,10,0.1933718152866242,0,27,None,66,1,5,False,1000,1000
5759,54,unweighted,10,0.1712778662420382,0,27,None,66,1,5,False,1000,1000
5760,50,unweighted,10,0.0995222929936305,0,0,None,66,1,5,False,1000,1000
5761,51,unweighted,10,0.0995222929936305,0,0,None,66,1,5,False,1000,1000
5762,52,unweighted,10,0.0995222929936305,0,0,None,66,1,5,False,1000,1000
5763,53,unweighted,10,0.0995222929936305,0,0,None,66,1,5,False,1000,1000
5764,54,unweighted,10,0.0995222929936305,0,0,None,66,1,5,False,1000,1000
5765,50,unweighted,10,0.0995222929936305,0,3,None,66,1,5,False,1000,1000
5766,51,unweighted,10,0.0995222929936305,0,3,None,66,1,5,False,1000,1000
5767,52,unweighted,10,0.0995222929936305,0,3,None,66,1,5,False,1000,1000
5768,53,unweighted,10,0.0995222929936305,0,3,None,66,1,5,False,1000,1000
5769,54,unweighted,10,0.0995222929936305,0,3,None,66,1,5,False,1000,1000
5770,50,unweighted,10,0.0995222929936305,0,28,None,66,1,5,False,1000,1000
5771,51,unweighted,10,0.0995222929936305,0,28,None,66,1,5,False,1000,1000
5772,52,unweighted,10,0.0995222929936305,0,28,None,66,1,5,False,1000,1000
5773,53,unweighted,10,0.0995222929936305,0,28,None,66,1,5,False,1000,1000
5774,54,unweighted,10,0.0995222929936305,0,28,None,66,1,5,False,1000,1000
7590,55,unweighted,10,0.0995222929936305,0,1,None,66,1,5,False,1000,1000
7591,56,unweighted,10,0.0995222929936305,0,1,None,66,1,5,False,1000,1000
7592,57,unweighted,10,0.0995222929936305,0,1,None,66,1,5,False,1000,1000
7593,58,unweighted,10,0.0995222929936305,0,1,None,66,1,5,False,1000,1000
7594,59,unweighted,10,0.0995222929936305,0,1,None,66,1,5,False,1000,1000
7595,55,unweighted,10,0.0995222929936305,0,2,None,66,1,5,False,1000,1000
7596,56,unweighted,10,0.0995222929936305,0,2,None,66,1,5,False,1000,1000
7597,57,unweighted,10,0.0995222929936305,0,2,None,66,1,5,False,1000,1000
7598,58,unweighted,10,0.0995222929936305,0,2,None,66,1,5,False,1000,1000
7599,59,unweighted,10,0.0995222929936305,0,2,None,66,1,5,False,1000,1000
7600,55,unweighted,10,0.1845143312101911,0,5,None,66,1,5,False,1000,1000
7601,56,unweighted,10,0.1839171974522293,0,5,None,66,1,5,False,1000,1000
7602,57,unweighted,10,0.1830214968152866,0,5,None,66,1,5,False,1000,1000
7603,58,unweighted,10,0.181827229299363,0,5,None,66,1,5,False,1000,1000
7604,59,unweighted,10,0.1868033439490445,0,5,None,66,1,5,False,1000,1000
7605,55,unweighted,10,0.0995222929936305,0,16,None,66,1,5,False,1000,1000
7606,56,unweighted,10,0.1125597133757961,0,16,None,66,1,5,False,1000,1000
7607,57,unweighted,10,0.1853105095541401,0,16,None,66,1,5,False,1000,1000
7608,58,unweighted,10,0.183718152866242,0,16,None,66,1,5,False,1000,1000
7609,59,unweighted,10,0.1771496815286624,0,16,None,66,1,5,False,1000,1000
7610,55,unweighted,10,0.1863057324840764,0,11,None,66,1,5,False,1000,1000
7611,56,unweighted,10,0.0995222929936305,0,11,None,66,1,5,False,1000,1000
7612,57,unweighted,10,0.0995222929936305,0,11,None,66,1,5,False,1000,1000
7613,58,unweighted,10,0.0995222929936305,0,11,None,66,1,5,False,1000,1000
7614,59,unweighted,10,0.0995222929936305,0,11,None,66,1,5,False,1000,1000
7615,55,unweighted,10,0.1792396496815286,0,8,None,66,1,5,False,1000,1000
7616,56,unweighted,10,0.0995222929936305,0,8,None,66,1,5,False,1000,1000
7617,57,unweighted,10,0.0995222929936305,0,8,None,66,1,5,False,1000,1000
7618,58,unweighted,10,0.0995222929936305,0,8,None,66,1,5,False,1000,1000
7619,59,unweighted,10,0.0995222929936305,0,8,None,66,1,5,False,1000,1000
7620,55,unweighted,10,0.0995222929936305,0,20,None,66,1,5,False,1000,1000
7621,56,unweighted,10,0.0995222929936305,0,20,None,66,1,5,False,1000,1000
7622,57,unweighted,10,0.0995222929936305,0,20,None,66,1,5,False,1000,1000
7623,58,unweighted,10,0.0995222929936305,0,20,None,66,1,5,False,1000,1000
7624,59,unweighted,10,0.0995222929936305,0,20,None,66,1,5,False,1000,1000
7625,55,unweighted,10,0.0995222929936305,0,19,None,66,1,5,False,1000,1000
7626,56,unweighted,10,0.0995222929936305,0,19,None,66,1,5,False,1000,1000
7627,57,unweighted,10,0.0995222929936305,0,19,None,66,1,5,False,1000,1000
7628,58,unweighted,10,0.0995222929936305,0,19,None,66,1,5,False,1000,1000
7629,59,unweighted,10,0.0995222929936305,0,19,None,66,1,5,False,1000,1000
7630,55,unweighted,10,0.0995222929936305,0,14,None,66,1,5,False,1000,1000
7631,56,unweighted,10,0.0995222929936305,0,14,None,66,1,5,False,1000,1000
7632,57,unweighted,10,0.0995222929936305,0,14,None,66,1,5,False,1000,1000
7633,58,unweighted,10,0.0995222929936305,0,14,None,66,1,5,False,1000,1000
7634,59,unweighted,10,0.0995222929936305,0,14,None,66,1,5,False,1000,1000
7635,55,unweighted,10,0.0995222929936305,0,22,None,66,1,5,False,1000,1000
7636,56,unweighted,10,0.1684912420382165,0,22,None,66,1,5,False,1000,1000
7637,57,unweighted,10,0.0995222929936305,0,22,None,66,1,5,False,1000,1000
7638,58,unweighted,10,0.0995222929936305,0,22,None,66,1,5,False,1000,1000
7639,59,unweighted,10,0.0995222929936305,0,22,None,66,1,5,False,1000,1000
7640,55,unweighted,10,0.0995222929936305,0,23,None,66,1,5,False,1000,1000
7641,56,unweighted,10,0.0995222929936305,0,23,None,66,1,5,False,1000,1000
7642,57,unweighted,10,0.0995222929936305,0,23,None,66,1,5,False,1000,1000
7643,58,unweighted,10,0.0995222929936305,0,23,None,66,1,5,False,1000,1000
7644,59,unweighted,10,0.0995222929936305,0,23,None,66,1,5,False,1000,1000
7645,55,unweighted,10,0.1659036624203821,0,17,None,66,1,5,False,1000,1000
7646,56,unweighted,10,0.1868033439490445,0,17,None,66,1,5,False,1000,1000
7647,57,unweighted,10,0.1932722929936305,0,17,None,66,1,5,False,1000,1000
7648,58,unweighted,10,0.1876990445859872,0,17,None,66,1,5,False,1000,1000
7649,59,unweighted,10,0.1800358280254777,0,17,None,66,1,5,False,1000,1000
7650,55,unweighted,10,0.0995222929936305,0,21,None,66,1,5,False,1000,1000
7651,56,unweighted,10,0.0995222929936305,0,21,None,66,1,5,False,1000,1000
7652,57,unweighted,10,0.0995222929936305,0,21,None,66,1,5,False,1000,1000
7653,58,unweighted,10,0.0995222929936305,0,21,None,66,1,5,False,1000,1000
7654,59,unweighted,10,0.0995222929936305,0,21,None,66,1,5,False,1000,1000
7655,55,unweighted,10,0.1443073248407643,0,25,None,66,1,5,False,1000,1000
7656,56,unweighted,10,0.1326632165605095,0,25,None,66,1,5,False,1000,1000
7657,57,unweighted,10,0.1203224522292993,0,25,None,66,1,5,False,1000,1000
7658,58,unweighted,10,0.1119625796178344,0,25,None,66,1,5,False,1000,1000
7659,59,unweighted,10,0.1060907643312101,0,25,None,66,1,5,False,1000,1000
7660,55,unweighted,10,0.0995222929936305,0,26,None,66,1,5,False,1000,1000
7661,56,unweighted,10,0.0995222929936305,0,26,None,66,1,5,False,1000,1000
7662,57,unweighted,10,0.0995222929936305,0,26,None,66,1,5,False,1000,1000
7663,58,unweighted,10,0.0995222929936305,0,26,None,66,1,5,False,1000,1000
7664,59,unweighted,10,0.2030254777070063,0,26,None,66,1,5,False,1000,1000
7665,55,unweighted,10,0.0995222929936305,0,24,None,66,1,5,False,1000,1000
7666,56,unweighted,10,0.0995222929936305,0,24,None,66,1,5,False,1000,1000
7667,57,unweighted,10,0.0995222929936305,0,24,None,66,1,5,False,1000,1000
7668,58,unweighted,10,0.0995222929936305,0,24,None,66,1,5,False,1000,1000
7669,59,unweighted,10,0.0995222929936305,0,24,None,66,1,5,False,1000,1000
7670,55,unweighted,10,0.0995222929936305,0,28,None,66,1,5,False,1000,1000
7671,56,unweighted,10,0.0995222929936305,0,28,None,66,1,5,False,1000,1000
7672,57,unweighted,10,0.1615246815286624,0,28,None,66,1,5,False,1000,1000
7673,58,unweighted,10,0.1461982484076433,0,28,None,66,1,5,False,1000,1000
7674,59,unweighted,10,0.0995222929936305,0,28,None,66,1,5,False,1000,1000
7675,55,unweighted,10,0.0995222929936305,0,29,None,66,1,5,False,1000,1000
7676,56,unweighted,10,0.0995222929936305,0,29,None,66,1,5,False,1000,1000
7677,57,unweighted,10,0.1728702229299363,0,29,None,66,1,5,False,1000,1000
7678,58,unweighted,10,0.1720740445859872,0,29,None,66,1,5,False,1000,1000
7679,59,unweighted,10,0.1221138535031847,0,29,None,66,1,5,False,1000,1000
7680,55,unweighted,10,0.0995222929936305,0,9,None,66,1,5,False,1000,1000
7681,56,unweighted,10,0.0995222929936305,0,9,None,66,1,5,False,1000,1000
7682,57,unweighted,10,0.0995222929936305,0,9,None,66,1,5,False,1000,1000
7683,58,unweighted,10,0.0995222929936305,0,9,None,66,1,5,False,1000,1000
7684,59,unweighted,10,0.0995222929936305,0,9,None,66,1,5,False,1000,1000
7685,55,unweighted,10,0.2040207006369426,0,30,None,66,1,5,False,1000,1000
7686,56,unweighted,10,0.2001393312101911,0,30,None,66,1,5,False,1000,1000
7687,57,unweighted,10,0.1851114649681528,0,30,None,66,1,5,False,1000,1000
7688,58,unweighted,10,0.1820262738853503,0,30,None,66,1,5,False,1000,1000
7689,59,unweighted,10,0.1797372611464968,0,30,None,66,1,5,False,1000,1000
7690,55,unweighted,10,0.0995222929936305,0,6,None,66,1,5,False,1000,1000
7691,56,unweighted,10,0.0995222929936305,0,6,None,66,1,5,False,1000,1000
7692,57,unweighted,10,0.0995222929936305,0,6,None,66,1,5,False,1000,1000
7693,58,unweighted,10,0.0995222929936305,0,6,None,66,1,5,False,1000,1000
7694,59,unweighted,10,0.0995222929936305,0,6,None,66,1,5,False,1000,1000
7695,55,unweighted,10,0.0995222929936305,0,18,None,66,1,5,False,1000,1000
7696,56,unweighted,10,0.0995222929936305,0,18,None,66,1,5,False,1000,1000
7697,57,unweighted,10,0.0995222929936305,0,18,None,66,1,5,False,1000,1000
7698,58,unweighted,10,0.0995222929936305,0,18,None,66,1,5,False,1000,1000
7699,59,unweighted,10,0.0995222929936305,0,18,None,66,1,5,False,1000,1000
7700,55,unweighted,10,0.0995222929936305,0,27,None,66,1,5,False,1000,1000
7701,56,unweighted,10,0.0995222929936305,0,27,None,66,1,5,False,1000,1000
7702,57,unweighted,10,0.0995222929936305,0,27,None,66,1,5,False,1000,1000
7703,58,unweighted,10,0.0995222929936305,0,27,None,66,1,5,False,1000,1000
7704,59,unweighted,10,0.0995222929936305,0,27,None,66,1,5,False,1000,1000
7705,55,unweighted,10,0.0995222929936305,0,31,None,66,1,5,False,1000,1000
7706,56,unweighted,10,0.0995222929936305,0,31,None,66,1,5,False,1000,1000
7707,57,unweighted,10,0.0995222929936305,0,31,None,66,1,5,False,1000,1000
7708,58,unweighted,10,0.0995222929936305,0,31,None,66,1,5,False,1000,1000
7709,59,unweighted,10,0.0995222929936305,0,31,None,66,1,5,False,1000,1000
7710,55,unweighted,10,0.1362460191082802,0,7,None,66,1,5,False,1000,1000
7711,56,unweighted,10,0.2059116242038216,0,7,None,66,1,5,False,1000,1000
7712,57,unweighted,10,0.1345541401273885,0,7,None,66,1,5,False,1000,1000
7713,58,unweighted,10,0.0995222929936305,0,7,None,66,1,5,False,1000,1000
7714,59,unweighted,10,0.0995222929936305,0,7,None,66,1,5,False,1000,1000
7715,55,unweighted,10,0.1424164012738853,0,4,None,66,1,5,False,1000,1000
7716,56,unweighted,10,0.117436305732484,0,4,None,66,1,5,False,1000,1000
7717,57,unweighted,10,0.1020103503184713,0,4,None,66,1,5,False,1000,1000
7718,58,unweighted,10,0.0995222929936305,0,4,None,66,1,5,False,1000,1000
7719,59,unweighted,10,0.0995222929936305,0,4,None,66,1,5,False,1000,1000
7720,55,unweighted,10,0.1674960191082802,0,32,None,66,1,5,False,1000,1000
7721,56,unweighted,10,0.1827229299363057,0,32,None,66,1,5,False,1000,1000
7722,57,unweighted,10,0.188296178343949,0,32,None,66,1,5,False,1000,1000
7723,58,unweighted,10,0.1887937898089172,0,32,None,66,1,5,False,1000,1000
7724,59,unweighted,10,0.182921974522293,0,32,None,66,1,5,False,1000,1000
7725,55,unweighted,10,0.1574442675159235,0,12,None,66,1,5,False,1000,1000
7726,56,unweighted,10,0.0995222929936305,0,12,None,66,1,5,False,1000,1000
7727,57,unweighted,10,0.0995222929936305,0,12,None,66,1,5,False,1000,1000
7728,58,unweighted,10,0.0995222929936305,0,12,None,66,1,5,False,1000,1000
7729,59,unweighted,10,0.0995222929936305,0,12,None,66,1,5,False,1000,1000
7730,55,unweighted,10,0.2693073248407643,0,13,None,66,1,5,False,1000,1000
7731,56,unweighted,10,0.2734872611464968,0,13,None,66,1,5,False,1000,1000
7732,57,unweighted,10,0.2581608280254777,0,13,None,66,1,5,False,1000,1000
7733,58,unweighted,10,0.2511942675159235,0,13,None,66,1,5,False,1000,1000
7734,59,unweighted,10,0.2411425159235669,0,13,None,66,1,5,False,1000,1000
7735,55,unweighted,10,0.0995222929936305,0,0,None,66,1,5,False,1000,1000
7736,56,unweighted,10,0.0995222929936305,0,0,None,66,1,5,False,1000,1000
7737,57,unweighted,10,0.0995222929936305,0,0,None,66,1,5,False,1000,1000
7738,58,unweighted,10,0.0995222929936305,0,0,None,66,1,5,False,1000,1000
7739,59,unweighted,10,0.0995222929936305,0,0,None,66,1,5,False,1000,1000
7740,55,unweighted,10,0.1888933121019108,0,10,None,66,1,5,False,1000,1000
7741,56,unweighted,10,0.1015127388535031,0,10,None,66,1,5,False,1000,1000
7742,57,unweighted,10,0.0995222929936305,0,10,None,66,1,5,False,1000,1000
7743,58,unweighted,10,0.0995222929936305,0,10,None,66,1,5,False,1000,1000
7744,59,unweighted,10,0.0995222929936305,0,10,None,66,1,5,False,1000,1000
7745,55,unweighted,10,0.1600318471337579,0,15,None,66,1,5,False,1000,1000
7746,56,unweighted,10,0.1797372611464968,0,15,None,66,1,5,False,1000,1000
7747,57,unweighted,10,0.1879976114649681,0,15,None,66,1,5,False,1000,1000
7748,58,unweighted,10,0.1927746815286624,0,15,None,66,1,5,False,1000,1000
7749,59,unweighted,10,0.1935708598726114,0,15,None,66,1,5,False,1000,1000
7750,55,unweighted,10,0.0998208598726114,0,3,None,66,1,5,False,1000,1000
7751,56,unweighted,10,0.0995222929936305,0,3,None,66,1,5,False,1000,1000
7752,57,unweighted,10,0.0995222929936305,0,3,None,66,1,5,False,1000,1000
7753,58,unweighted,10,0.0995222929936305,0,3,None,66,1,5,False,1000,1000
7754,59,unweighted,10,0.0995222929936305,0,3,None,66,1,5,False,1000,1000
7755,60,unweighted,10,0.0995222929936305,0,22,None,66,1,5,False,1000,1000
7756,61,unweighted,10,0.0995222929936305,0,22,None,66,1,5,False,1000,1000
7757,62,unweighted,10,0.192874203821656,0,22,None,66,1,5,False,1000,1000
7758,63,unweighted,10,0.0995222929936305,0,22,None,66,1,5,False,1000,1000
7759,64,unweighted,10,0.0995222929936305,0,22,None,66,1,5,False,1000,1000
7760,60,unweighted,10,0.0995222929936305,0,14,None,66,1,5,False,1000,1000
7761,61,unweighted,10,0.0995222929936305,0,14,None,66,1,5,False,1000,1000
7762,62,unweighted,10,0.0995222929936305,0,14,None,66,1,5,False,1000,1000
7763,63,unweighted,10,0.0995222929936305,0,14,None,66,1,5,False,1000,1000
7764,64,unweighted,10,0.0995222929936305,0,14,None,66,1,5,False,1000,1000
7765,60,unweighted,10,0.2135748407643312,0,30,None,66,1,5,False,1000,1000
7766,61,unweighted,10,0.1922770700636942,0,30,None,66,1,5,False,1000,1000
7767,62,unweighted,10,0.1798367834394904,0,30,None,66,1,5,False,1000,1000
7768,63,unweighted,10,0.1778463375796178,0,30,None,66,1,5,False,1000,1000
7769,64,unweighted,10,0.1769506369426751,0,30,None,66,1,5,False,1000,1000
7770,60,unweighted,10,0.1123606687898089,0,15,None,66,1,5,False,1000,1000
7771,61,unweighted,10,0.1648089171974522,0,15,None,66,1,5,False,1000,1000
7772,62,unweighted,10,0.2179538216560509,0,15,None,66,1,5,False,1000,1000
7773,63,unweighted,10,0.2078025477707006,0,15,None,66,1,5,False,1000,1000
7774,64,unweighted,10,0.2057125796178344,0,15,None,66,1,5,False,1000,1000
7775,60,unweighted,10,0.2137738853503184,0,10,None,66,1,5,False,1000,1000
7776,61,unweighted,10,0.2577627388535032,0,10,None,66,1,5,False,1000,1000
7777,62,unweighted,10,0.2248208598726114,0,10,None,66,1,5,False,1000,1000
7778,63,unweighted,10,0.1532643312101911,0,10,None,66,1,5,False,1000,1000
7779,64,unweighted,10,0.1444068471337579,0,10,None,66,1,5,False,1000,1000
7780,60,unweighted,10,0.1797372611464968,0,7,None,66,1,5,False,1000,1000
7781,61,unweighted,10,0.1858081210191083,0,7,None,66,1,5,False,1000,1000
7782,62,unweighted,10,0.1050955414012738,0,7,None,66,1,5,False,1000,1000
7783,63,unweighted,10,0.1407245222929936,0,7,None,66,1,5,False,1000,1000
7784,64,unweighted,10,0.1015127388535031,0,7,None,66,1,5,False,1000,1000
7785,60,unweighted,10,0.0995222929936305,0,16,None,66,1,5,False,1000,1000
7786,61,unweighted,10,0.1485867834394904,0,16,None,66,1,5,False,1000,1000
7787,62,unweighted,10,0.1841162420382165,0,16,None,66,1,5,False,1000,1000
7788,63,unweighted,10,0.179936305732484,0,16,None,66,1,5,False,1000,1000
7789,64,unweighted,10,0.1731687898089172,0,16,None,66,1,5,False,1000,1000
7790,60,unweighted,10,0.1823248407643312,0,32,None,66,1,5,False,1000,1000
7791,61,unweighted,10,0.1878980891719745,0,32,None,66,1,5,False,1000,1000
7792,62,unweighted,10,0.1903861464968153,0,32,None,66,1,5,False,1000,1000
7793,63,unweighted,10,0.1862062101910828,0,32,None,66,1,5,False,1000,1000
7794,64,unweighted,10,0.1774482484076433,0,32,None,66,1,5,False,1000,1000
7795,60,unweighted,10,0.0995222929936305,0,1,None,66,1,5,False,1000,1000
7796,61,unweighted,10,0.0995222929936305,0,1,None,66,1,5,False,1000,1000
7797,62,unweighted,10,0.0995222929936305,0,1,None,66,1,5,False,1000,1000
7798,63,unweighted,10,0.0995222929936305,0,1,None,66,1,5,False,1000,1000
7799,64,unweighted,10,0.0995222929936305,0,1,None,66,1,5,False,1000,1000
7800,60,unweighted,10,0.0995222929936305,0,2,None,66,1,5,False,1000,1000
7801,61,unweighted,10,0.0995222929936305,0,2,None,66,1,5,False,1000,1000
7802,62,unweighted,10,0.0995222929936305,0,2,None,66,1,5,False,1000,1000
7803,63,unweighted,10,0.0995222929936305,0,2,None,66,1,5,False,1000,1000
7804,64,unweighted,10,0.0995222929936305,0,2,None,66,1,5,False,1000,1000
7805,60,unweighted,10,0.0995222929936305,0,0,None,66,1,5,False,1000,1000
7806,61,unweighted,10,0.0995222929936305,0,0,None,66,1,5,False,1000,1000
7807,62,unweighted,10,0.0995222929936305,0,0,None,66,1,5,False,1000,1000
7808,63,unweighted,10,0.0995222929936305,0,0,None,66,1,5,False,1000,1000
7809,64,unweighted,10,0.0995222929936305,0,0,None,66,1,5,False,1000,1000
7810,60,unweighted,10,0.2605493630573248,0,5,None,66,1,5,False,1000,1000
7811,61,unweighted,10,0.1628184713375796,0,5,None,66,1,5,False,1000,1000
7812,62,unweighted,10,0.1633160828025477,0,5,None,66,1,5,False,1000,1000
7813,63,unweighted,10,0.1621218152866242,0,5,None,66,1,5,False,1000,1000
7814,64,unweighted,10,0.1648089171974522,0,5,None,66,1,5,False,1000,1000
7815,60,unweighted,10,0.0995222929936305,0,9,None,66,1,5,False,1000,1000
7816,61,unweighted,10,0.0995222929936305,0,9,None,66,1,5,False,1000,1000
7817,62,unweighted,10,0.0995222929936305,0,9,None,66,1,5,False,1000,1000
7818,63,unweighted,10,0.0995222929936305,0,9,None,66,1,5,False,1000,1000
7819,64,unweighted,10,0.0999203821656051,0,9,None,66,1,5,False,1000,1000
7820,60,unweighted,10,0.0995222929936305,0,21,None,66,1,5,False,1000,1000
7821,61,unweighted,10,0.0995222929936305,0,21,None,66,1,5,False,1000,1000
7822,62,unweighted,10,0.0995222929936305,0,21,None,66,1,5,False,1000,1000
7823,63,unweighted,10,0.0995222929936305,0,21,None,66,1,5,False,1000,1000
7824,64,unweighted,10,0.0995222929936305,0,21,None,66,1,5,False,1000,1000
7825,60,unweighted,10,0.0995222929936305,0,23,None,66,1,5,False,1000,1000
7826,61,unweighted,10,0.0995222929936305,0,23,None,66,1,5,False,1000,1000
7827,62,unweighted,10,0.0995222929936305,0,23,None,66,1,5,False,1000,1000
7828,63,unweighted,10,0.0995222929936305,0,23,None,66,1,5,False,1000,1000
7829,64,unweighted,10,0.0995222929936305,0,23,None,66,1,5,False,1000,1000
7830,60,unweighted,10,0.1877985668789809,0,27,None,66,1,5,False,1000,1000
7831,61,unweighted,10,0.2598527070063694,0,27,None,66,1,5,False,1000,1000
7832,62,unweighted,10,0.1863057324840764,0,27,None,66,1,5,False,1000,1000
7833,63,unweighted,10,0.1875,0,27,None,66,1,5,False,1000,1000
7834,64,unweighted,10,0.1879976114649681,0,27,None,66,1,5,False,1000,1000
7835,60,unweighted,10,0.0995222929936305,0,28,None,66,1,5,False,1000,1000
7836,61,unweighted,10,0.0995222929936305,0,28,None,66,1,5,False,1000,1000
7837,62,unweighted,10,0.0995222929936305,0,28,None,66,1,5,False,1000,1000
7838,63,unweighted,10,0.0995222929936305,0,28,None,66,1,5,False,1000,1000
7839,64,unweighted,10,0.1009156050955414,0,28,None,66,1,5,False,1000,1000
7840,60,unweighted,10,0.0995222929936305,0,29,None,66,1,5,False,1000,1000
7841,61,unweighted,10,0.0995222929936305,0,29,None,66,1,5,False,1000,1000
7842,62,unweighted,10,0.0995222929936305,0,29,None,66,1,5,False,1000,1000
7843,63,unweighted,10,0.1563495222929936,0,29,None,66,1,5,False,1000,1000
7844,64,unweighted,10,0.1778463375796178,0,29,None,66,1,5,False,1000,1000
7845,60,unweighted,10,0.1851114649681528,0,12,None,66,1,5,False,1000,1000
7846,61,unweighted,10,0.1958598726114649,0,12,None,66,1,5,False,1000,1000
7847,62,unweighted,10,0.1850119426751592,0,12,None,66,1,5,False,1000,1000
7848,63,unweighted,10,0.1019108280254777,0,12,None,66,1,5,False,1000,1000
7849,64,unweighted,10,0.1336584394904458,0,12,None,66,1,5,False,1000,1000
7850,60,unweighted,10,0.0995222929936305,0,6,None,66,1,5,False,1000,1000
7851,61,unweighted,10,0.0995222929936305,0,6,None,66,1,5,False,1000,1000
7852,62,unweighted,10,0.0995222929936305,0,6,None,66,1,5,False,1000,1000
7853,63,unweighted,10,0.0995222929936305,0,6,None,66,1,5,False,1000,1000
7854,64,unweighted,10,0.0995222929936305,0,6,None,66,1,5,False,1000,1000
7855,60,unweighted,10,0.1951632165605095,0,13,None,66,1,5,False,1000,1000
7856,61,unweighted,10,0.1953622611464968,0,13,None,66,1,5,False,1000,1000
7857,62,unweighted,10,0.1950636942675159,0,13,None,66,1,5,False,1000,1000
7858,63,unweighted,10,0.2398487261146497,0,13,None,66,1,5,False,1000,1000
7859,64,unweighted,10,0.2027269108280254,0,13,None,66,1,5,False,1000,1000
7860,60,unweighted,10,0.1545581210191083,0,25,None,66,1,5,False,1000,1000
7861,61,unweighted,10,0.1460987261146497,0,25,None,66,1,5,False,1000,1000
7862,62,unweighted,10,0.1386345541401273,0,25,None,66,1,5,False,1000,1000
7863,63,unweighted,10,0.1336584394904458,0,25,None,66,1,5,False,1000,1000
7864,64,unweighted,10,0.1288813694267516,0,25,None,66,1,5,False,1000,1000
7865,60,unweighted,10,0.0995222929936305,0,26,None,66,1,5,False,1000,1000
7866,61,unweighted,10,0.0995222929936305,0,26,None,66,1,5,False,1000,1000
7867,62,unweighted,10,0.0995222929936305,0,26,None,66,1,5,False,1000,1000
7868,63,unweighted,10,0.0995222929936305,0,26,None,66,1,5,False,1000,1000
7869,64,unweighted,10,0.1021098726114649,0,26,None,66,1,5,False,1000,1000
7870,60,unweighted,10,0.116640127388535,0,8,None,66,1,5,False,1000,1000
7871,61,unweighted,10,0.1046974522292993,0,8,None,66,1,5,False,1000,1000
7872,62,unweighted,10,0.0995222929936305,0,8,None,66,1,5,False,1000,1000
7873,63,unweighted,10,0.0995222929936305,0,8,None,66,1,5,False,1000,1000
7874,64,unweighted,10,0.0995222929936305,0,8,None,66,1,5,False,1000,1000
7875,60,unweighted,10,0.0995222929936305,0,18,None,66,1,5,False,1000,1000
7876,61,unweighted,10,0.0995222929936305,0,18,None,66,1,5,False,1000,1000
7877,62,unweighted,10,0.0995222929936305,0,18,None,66,1,5,False,1000,1000
7878,63,unweighted,10,0.0995222929936305,0,18,None,66,1,5,False,1000,1000
7879,64,unweighted,10,0.0995222929936305,0,18,None,66,1,5,False,1000,1000
7880,60,unweighted,10,0.0995222929936305,0,31,None,66,1,5,False,1000,1000
7881,61,unweighted,10,0.0995222929936305,0,31,None,66,1,5,False,1000,1000
7882,62,unweighted,10,0.0995222929936305,0,31,None,66,1,5,False,1000,1000
7883,63,unweighted,10,0.0995222929936305,0,31,None,66,1,5,False,1000,1000
7884,64,unweighted,10,0.0995222929936305,0,31,None,66,1,5,False,1000,1000
7885,60,unweighted,10,0.0995222929936305,0,19,None,66,1,5,False,1000,1000
7886,61,unweighted,10,0.0995222929936305,0,19,None,66,1,5,False,1000,1000
7887,62,unweighted,10,0.0995222929936305,0,19,None,66,1,5,False,1000,1000
7888,63,unweighted,10,0.0995222929936305,0,19,None,66,1,5,False,1000,1000
7889,64,unweighted,10,0.0995222929936305,0,19,None,66,1,5,False,1000,1000
7890,60,unweighted,10,0.0995222929936305,0,20,None,66,1,5,False,1000,1000
7891,61,unweighted,10,0.0995222929936305,0,20,None,66,1,5,False,1000,1000
7892,62,unweighted,10,0.1003184713375796,0,20,None,66,1,5,False,1000,1000
7893,63,unweighted,10,0.1100716560509554,0,20,None,66,1,5,False,1000,1000
7894,64,unweighted,10,0.1263933121019108,0,20,None,66,1,5,False,1000,1000
7895,60,unweighted,10,0.1875,0,4,None,66,1,5,False,1000,1000
7896,61,unweighted,10,0.181827229299363,0,4,None,66,1,5,False,1000,1000
7897,62,unweighted,10,0.1730692675159235,0,4,None,66,1,5,False,1000,1000
7898,63,unweighted,10,0.1615246815286624,0,4,None,66,1,5,False,1000,1000
7899,64,unweighted,10,0.1476910828025477,0,4,None,66,1,5,False,1000,1000
7900,60,unweighted,10,0.0999203821656051,0,11,None,66,1,5,False,1000,1000
7901,61,unweighted,10,0.0995222929936305,0,11,None,66,1,5,False,1000,1000
7902,62,unweighted,10,0.0995222929936305,0,11,None,66,1,5,False,1000,1000
7903,63,unweighted,10,0.0995222929936305,0,11,None,66,1,5,False,1000,1000
7904,64,unweighted,10,0.0995222929936305,0,11,None,66,1,5,False,1000,1000
7905,60,unweighted,10,0.2022292993630573,0,17,None,66,1,5,False,1000,1000
7906,61,unweighted,10,0.1849124203821656,0,17,None,66,1,5,False,1000,1000
7907,62,unweighted,10,0.1599323248407643,0,17,None,66,1,5,False,1000,1000
7908,63,unweighted,10,0.154359076433121,0,17,None,66,1,5,False,1000,1000
7909,64,unweighted,10,0.1484872611464968,0,17,None,66,1,5,False,1000,1000
7910,60,unweighted,10,0.1188296178343949,0,3,None,66,1,5,False,1000,1000
7911,61,unweighted,10,0.0995222929936305,0,3,None,66,1,5,False,1000,1000
7912,62,unweighted,10,0.0995222929936305,0,3,None,66,1,5,False,1000,1000
7913,63,unweighted,10,0.0995222929936305,0,3,None,66,1,5,False,1000,1000
7914,64,unweighted,10,0.0995222929936305,0,3,None,66,1,5,False,1000,1000
7915,60,unweighted,10,0.0995222929936305,0,24,None,66,1,5,False,1000,1000
7916,61,unweighted,10,0.0995222929936305,0,24,None,66,1,5,False,1000,1000
7917,62,unweighted,10,0.0995222929936305,0,24,None,66,1,5,False,1000,1000
7918,63,unweighted,10,0.0995222929936305,0,24,None,66,1,5,False,1000,1000
7919,64,unweighted,10,0.0995222929936305,0,24,None,66,1,5,False,1000,1000
10065,65,unweighted,10,0.163515127388535,0,5,None,66,1,5,False,1000,1000
10066,66,unweighted,10,0.1592356687898089,0,5,None,66,1,5,False,1000,1000
10067,67,unweighted,10,0.1565485668789809,0,5,None,66,1,5,False,1000,1000
10068,68,unweighted,10,0.1545581210191083,0,5,None,66,1,5,False,1000,1000
10069,69,unweighted,10,0.1528662420382165,0,5,None,66,1,5,False,1000,1000
10070,65,unweighted,10,0.2193471337579617,0,13,None,66,1,5,False,1000,1000
10071,66,unweighted,10,0.2114848726114649,0,13,None,66,1,5,False,1000,1000
10072,67,unweighted,10,0.206608280254777,0,13,None,66,1,5,False,1000,1000
10073,68,unweighted,10,0.2005374203821656,0,13,None,66,1,5,False,1000,1000
10074,69,unweighted,10,0.1957603503184713,0,13,None,66,1,5,False,1000,1000
10075,65,unweighted,10,0.0995222929936305,0,16,None,66,1,5,False,1000,1000
10076,66,unweighted,10,0.1002189490445859,0,16,None,66,1,5,False,1000,1000
10077,67,unweighted,10,0.1839171974522293,0,16,None,66,1,5,False,1000,1000
10078,68,unweighted,10,0.1758558917197452,0,16,None,66,1,5,False,1000,1000
10079,69,unweighted,10,0.1709792993630573,0,16,None,66,1,5,False,1000,1000
10080,65,unweighted,10,0.0995222929936305,0,20,None,66,1,5,False,1000,1000
10081,66,unweighted,10,0.1000199044585987,0,20,None,66,1,5,False,1000,1000
10082,67,unweighted,10,0.1090764331210191,0,20,None,66,1,5,False,1000,1000
10083,68,unweighted,10,0.1251990445859872,0,20,None,66,1,5,False,1000,1000
10084,69,unweighted,10,0.1374402866242038,0,20,None,66,1,5,False,1000,1000
10085,65,unweighted,10,0.0995222929936305,0,14,None,66,1,5,False,1000,1000
10086,66,unweighted,10,0.0995222929936305,0,14,None,66,1,5,False,1000,1000
10087,67,unweighted,10,0.0995222929936305,0,14,None,66,1,5,False,1000,1000
10088,68,unweighted,10,0.0995222929936305,0,14,None,66,1,5,False,1000,1000
10089,69,unweighted,10,0.0995222929936305,0,14,None,66,1,5,False,1000,1000
10090,65,unweighted,10,0.0995222929936305,0,22,None,66,1,5,False,1000,1000
10091,66,unweighted,10,0.0995222929936305,0,22,None,66,1,5,False,1000,1000
10092,67,unweighted,10,0.1773487261146497,0,22,None,66,1,5,False,1000,1000
10093,68,unweighted,10,0.1381369426751592,0,22,None,66,1,5,False,1000,1000
10094,69,unweighted,10,0.0995222929936305,0,22,None,66,1,5,False,1000,1000
10095,65,unweighted,10,0.1669984076433121,0,23,None,66,1,5,False,1000,1000
10096,66,unweighted,10,0.1023089171974522,0,23,None,66,1,5,False,1000,1000
10097,67,unweighted,10,0.0995222929936305,0,23,None,66,1,5,False,1000,1000
10098,68,unweighted,10,0.0995222929936305,0,23,None,66,1,5,False,1000,1000
10099,69,unweighted,10,0.0995222929936305,0,23,None,66,1,5,False,1000,1000
10100,65,unweighted,10,0.1798367834394904,0,17,None,66,1,5,False,1000,1000
10101,66,unweighted,10,0.1750597133757961,0,17,None,66,1,5,False,1000,1000
10102,67,unweighted,10,0.1679936305732484,0,17,None,66,1,5,False,1000,1000
10103,68,unweighted,10,0.1783439490445859,0,17,None,66,1,5,False,1000,1000
10104,69,unweighted,10,0.1703821656050955,0,17,None,66,1,5,False,1000,1000
10105,65,unweighted,10,0.0995222929936305,0,21,None,66,1,5,False,1000,1000
10106,66,unweighted,10,0.0995222929936305,0,21,None,66,1,5,False,1000,1000
10107,67,unweighted,10,0.0995222929936305,0,21,None,66,1,5,False,1000,1000
10108,68,unweighted,10,0.0995222929936305,0,21,None,66,1,5,False,1000,1000
10109,69,unweighted,10,0.0995222929936305,0,21,None,66,1,5,False,1000,1000
10110,65,unweighted,10,0.1568471337579617,0,25,None,66,1,5,False,1000,1000
10111,66,unweighted,10,0.1523686305732484,0,25,None,66,1,5,False,1000,1000
10112,67,unweighted,10,0.1490843949044586,0,25,None,66,1,5,False,1000,1000
10113,68,unweighted,10,0.1469944267515923,0,25,None,66,1,5,False,1000,1000
10114,69,unweighted,10,0.1457006369426751,0,25,None,66,1,5,False,1000,1000
10115,65,unweighted,10,0.198546974522293,0,26,None,66,1,5,False,1000,1000
10116,66,unweighted,10,0.1986464968152866,0,26,None,66,1,5,False,1000,1000
10117,67,unweighted,10,0.1970541401273885,0,26,None,66,1,5,False,1000,1000
10118,68,unweighted,10,0.2359673566878981,0,26,None,66,1,5,False,1000,1000
10119,69,unweighted,10,0.192874203821656,0,26,None,66,1,5,False,1000,1000
10120,65,unweighted,10,0.1607285031847133,0,12,None,66,1,5,False,1000,1000
10121,66,unweighted,10,0.1879976114649681,0,12,None,66,1,5,False,1000,1000
10122,67,unweighted,10,0.1960589171974522,0,12,None,66,1,5,False,1000,1000
10123,68,unweighted,10,0.1915804140127388,0,12,None,66,1,5,False,1000,1000
10124,69,unweighted,10,0.1790406050955414,0,12,None,66,1,5,False,1000,1000
10125,65,unweighted,10,0.0995222929936305,0,24,None,66,1,5,False,1000,1000
10126,66,unweighted,10,0.0995222929936305,0,24,None,66,1,5,False,1000,1000
10127,67,unweighted,10,0.0995222929936305,0,24,None,66,1,5,False,1000,1000
10128,68,unweighted,10,0.0995222929936305,0,24,None,66,1,5,False,1000,1000
10129,69,unweighted,10,0.1003184713375796,0,24,None,66,1,5,False,1000,1000
10130,65,unweighted,10,0.0995222929936305,0,29,None,66,1,5,False,1000,1000
10131,66,unweighted,10,0.1158439490445859,0,29,None,66,1,5,False,1000,1000
10132,67,unweighted,10,0.1781449044585987,0,29,None,66,1,5,False,1000,1000
10133,68,unweighted,10,0.1734673566878981,0,29,None,66,1,5,False,1000,1000
10134,69,unweighted,10,0.1454020700636942,0,29,None,66,1,5,False,1000,1000
10135,65,unweighted,10,0.0995222929936305,0,9,None,66,1,5,False,1000,1000
10136,66,unweighted,10,0.0999203821656051,0,9,None,66,1,5,False,1000,1000
10137,67,unweighted,10,0.1013136942675159,0,9,None,66,1,5,False,1000,1000
10138,68,unweighted,10,0.1051950636942675,0,9,None,66,1,5,False,1000,1000
10139,69,unweighted,10,0.1117635350318471,0,9,None,66,1,5,False,1000,1000
10140,65,unweighted,10,0.1566480891719745,0,30,None,66,1,5,False,1000,1000
10141,66,unweighted,10,0.2358678343949044,0,30,None,66,1,5,False,1000,1000
10142,67,unweighted,10,0.1895899681528662,0,30,None,66,1,5,False,1000,1000
10143,68,unweighted,10,0.1865047770700637,0,30,None,66,1,5,False,1000,1000
10144,69,unweighted,10,0.1852109872611465,0,30,None,66,1,5,False,1000,1000
10145,65,unweighted,10,0.0995222929936305,0,6,None,66,1,5,False,1000,1000
10146,66,unweighted,10,0.0995222929936305,0,6,None,66,1,5,False,1000,1000
10147,67,unweighted,10,0.0995222929936305,0,6,None,66,1,5,False,1000,1000
10148,68,unweighted,10,0.0995222929936305,0,6,None,66,1,5,False,1000,1000
10149,69,unweighted,10,0.0995222929936305,0,6,None,66,1,5,False,1000,1000
10150,65,unweighted,10,0.176453025477707,0,27,None,66,1,5,False,1000,1000
10151,66,unweighted,10,0.1732683121019108,0,27,None,66,1,5,False,1000,1000
10152,67,unweighted,10,0.171875,0,27,None,66,1,5,False,1000,1000
10153,68,unweighted,10,0.1702826433121019,0,27,None,66,1,5,False,1000,1000
10154,69,unweighted,10,0.2005374203821656,0,27,None,66,1,5,False,1000,1000
10155,65,unweighted,10,0.1880971337579617,0,32,None,66,1,5,False,1000,1000
10156,66,unweighted,10,0.1907842356687898,0,32,None,66,1,5,False,1000,1000
10157,67,unweighted,10,0.1880971337579617,0,32,None,66,1,5,False,1000,1000
10158,68,unweighted,10,0.1844148089171974,0,32,None,66,1,5,False,1000,1000
10159,69,unweighted,10,0.171875,0,32,None,66,1,5,False,1000,1000
10160,65,unweighted,10,0.1802348726114649,0,7,None,66,1,5,False,1000,1000
10161,66,unweighted,10,0.2423367834394904,0,7,None,66,1,5,False,1000,1000
10162,67,unweighted,10,0.2072054140127388,0,7,None,66,1,5,False,1000,1000
10163,68,unweighted,10,0.1255971337579617,0,7,None,66,1,5,False,1000,1000
10164,69,unweighted,10,0.0995222929936305,0,7,None,66,1,5,False,1000,1000
10165,65,unweighted,10,0.0995222929936305,0,1,None,66,1,5,False,1000,1000
10166,66,unweighted,10,0.0995222929936305,0,1,None,66,1,5,False,1000,1000
10167,67,unweighted,10,0.0995222929936305,0,1,None,66,1,5,False,1000,1000
10168,68,unweighted,10,0.0995222929936305,0,1,None,66,1,5,False,1000,1000
10169,69,unweighted,10,0.0995222929936305,0,1,None,66,1,5,False,1000,1000
10170,65,unweighted,10,0.0995222929936305,0,2,None,66,1,5,False,1000,1000
10171,66,unweighted,10,0.0995222929936305,0,2,None,66,1,5,False,1000,1000
10172,67,unweighted,10,0.0995222929936305,0,2,None,66,1,5,False,1000,1000
10173,68,unweighted,10,0.0995222929936305,0,2,None,66,1,5,False,1000,1000
10174,69,unweighted,10,0.0995222929936305,0,2,None,66,1,5,False,1000,1000
10175,65,unweighted,10,0.2254179936305732,0,10,None,66,1,5,False,1000,1000
10176,66,unweighted,10,0.2584593949044586,0,10,None,66,1,5,False,1000,1000
10177,67,unweighted,10,0.2366640127388535,0,10,None,66,1,5,False,1000,1000
10178,68,unweighted,10,0.1683917197452229,0,10,None,66,1,5,False,1000,1000
10179,69,unweighted,10,0.1673964968152866,0,10,None,66,1,5,False,1000,1000
10180,65,unweighted,10,0.1790406050955414,0,4,None,66,1,5,False,1000,1000
10181,66,unweighted,10,0.1714769108280254,0,4,None,66,1,5,False,1000,1000
10182,67,unweighted,10,0.1638136942675159,0,4,None,66,1,5,False,1000,1000
10183,68,unweighted,10,0.1539609872611465,0,4,None,66,1,5,False,1000,1000
10184,69,unweighted,10,0.1442078025477707,0,4,None,66,1,5,False,1000,1000
10185,65,unweighted,10,0.1847133757961783,0,11,None,66,1,5,False,1000,1000
10186,66,unweighted,10,0.1946656050955414,0,11,None,66,1,5,False,1000,1000
10187,67,unweighted,10,0.0995222929936305,0,11,None,66,1,5,False,1000,1000
10188,68,unweighted,10,0.0995222929936305,0,11,None,66,1,5,False,1000,1000
10189,69,unweighted,10,0.0995222929936305,0,11,None,66,1,5,False,1000,1000
10190,65,unweighted,10,0.1746616242038216,0,15,None,66,1,5,False,1000,1000
10191,66,unweighted,10,0.1841162420382165,0,15,None,66,1,5,False,1000,1000
10192,67,unweighted,10,0.1887937898089172,0,15,None,66,1,5,False,1000,1000
10193,68,unweighted,10,0.1940684713375796,0,15,None,66,1,5,False,1000,1000
10194,69,unweighted,10,0.2390525477707006,0,15,None,66,1,5,False,1000,1000
10195,65,unweighted,10,0.1079816878980891,0,8,None,66,1,5,False,1000,1000
10196,66,unweighted,10,0.0995222929936305,0,8,None,66,1,5,False,1000,1000
10197,67,unweighted,10,0.0995222929936305,0,8,None,66,1,5,False,1000,1000
10198,68,unweighted,10,0.0995222929936305,0,8,None,66,1,5,False,1000,1000
10199,69,unweighted,10,0.0995222929936305,0,8,None,66,1,5,False,1000,1000
10200,65,unweighted,10,0.0995222929936305,0,18,None,66,1,5,False,1000,1000
10201,66,unweighted,10,0.0995222929936305,0,18,None,66,1,5,False,1000,1000
10202,67,unweighted,10,0.0995222929936305,0,18,None,66,1,5,False,1000,1000
10203,68,unweighted,10,0.0995222929936305,0,18,None,66,1,5,False,1000,1000
10204,69,unweighted,10,0.0995222929936305,0,18,None,66,1,5,False,1000,1000
10205,65,unweighted,10,0.0995222929936305,0,19,None,66,1,5,False,1000,1000
10206,66,unweighted,10,0.0995222929936305,0,19,None,66,1,5,False,1000,1000
10207,67,unweighted,10,0.0995222929936305,0,19,None,66,1,5,False,1000,1000
10208,68,unweighted,10,0.0995222929936305,0,19,None,66,1,5,False,1000,1000
10209,69,unweighted,10,0.0995222929936305,0,19,None,66,1,5,False,1000,1000
10210,65,unweighted,10,0.0995222929936305,0,31,None,66,1,5,False,1000,1000
10211,66,unweighted,10,0.0995222929936305,0,31,None,66,1,5,False,1000,1000
10212,67,unweighted,10,0.0995222929936305,0,31,None,66,1,5,False,1000,1000
10213,68,unweighted,10,0.0995222929936305,0,31,None,66,1,5,False,1000,1000
10214,69,unweighted,10,0.0995222929936305,0,31,None,66,1,5,False,1000,1000
10215,65,unweighted,10,0.1617237261146497,0,0,None,66,1,5,False,1000,1000
10216,66,unweighted,10,0.0995222929936305,0,0,None,66,1,5,False,1000,1000
10217,67,unweighted,10,0.0995222929936305,0,0,None,66,1,5,False,1000,1000
10218,68,unweighted,10,0.0995222929936305,0,0,None,66,1,5,False,1000,1000
10219,69,unweighted,10,0.0995222929936305,0,0,None,66,1,5,False,1000,1000
10220,65,unweighted,10,0.1373407643312102,0,28,None,66,1,5,False,1000,1000
10221,66,unweighted,10,0.0995222929936305,0,28,None,66,1,5,False,1000,1000
10222,67,unweighted,10,0.0995222929936305,0,28,None,66,1,5,False,1000,1000
10223,68,unweighted,10,0.0995222929936305,0,28,None,66,1,5,False,1000,1000
10224,69,unweighted,10,0.0995222929936305,0,28,None,66,1,5,False,1000,1000
10225,65,unweighted,10,0.1350517515923567,0,3,None,66,1,5,False,1000,1000
10226,66,unweighted,10,0.1070859872611465,0,3,None,66,1,5,False,1000,1000
10227,67,unweighted,10,0.1016122611464968,0,3,None,66,1,5,False,1000,1000
10228,68,unweighted,10,0.0997213375796178,0,3,None,66,1,5,False,1000,1000
10229,69,unweighted,10,0.0995222929936305,0,3,None,66,1,5,False,1000,1000
10230,70,unweighted,10,0.0995222929936305,0,22,None,66,1,5,False,1000,1000
10231,71,unweighted,10,0.0995222929936305,0,22,None,66,1,5,False,1000,1000
10232,72,unweighted,10,0.1136544585987261,0,22,None,66,1,5,False,1000,1000
10233,73,unweighted,10,0.1852109872611465,0,22,None,66,1,5,False,1000,1000
10234,74,unweighted,10,0.106389331210191,0,22,None,66,1,5,False,1000,1000
10235,70,unweighted,10,0.0995222929936305,0,14,None,66,1,5,False,1000,1000
10236,71,unweighted,10,0.0995222929936305,0,14,None,66,1,5,False,1000,1000
10237,72,unweighted,10,0.0995222929936305,0,14,None,66,1,5,False,1000,1000
10238,73,unweighted,10,0.0995222929936305,0,14,None,66,1,5,False,1000,1000
10239,74,unweighted,10,0.0995222929936305,0,14,None,66,1,5,False,1000,1000
10240,70,unweighted,10,0.1840167197452229,0,7,None,66,1,5,False,1000,1000
10241,71,unweighted,10,0.1865047770700637,0,7,None,66,1,5,False,1000,1000
10242,72,unweighted,10,0.1405254777070063,0,7,None,66,1,5,False,1000,1000
10243,73,unweighted,10,0.1159434713375796,0,7,None,66,1,5,False,1000,1000
10244,74,unweighted,10,0.0995222929936305,0,7,None,66,1,5,False,1000,1000
10245,70,unweighted,10,0.0995222929936305,0,16,None,66,1,5,False,1000,1000
10246,71,unweighted,10,0.1751592356687898,0,16,None,66,1,5,False,1000,1000
10247,72,unweighted,10,0.1844148089171974,0,16,None,66,1,5,False,1000,1000
10248,73,unweighted,10,0.1825238853503184,0,16,None,66,1,5,False,1000,1000
10249,74,unweighted,10,0.1786425159235669,0,16,None,66,1,5,False,1000,1000
10250,70,unweighted,10,0.1910828025477707,0,32,None,66,1,5,False,1000,1000
10251,71,unweighted,10,0.1886942675159235,0,32,None,66,1,5,False,1000,1000
10252,72,unweighted,10,0.1858081210191083,0,32,None,66,1,5,False,1000,1000
10253,73,unweighted,10,0.1785429936305732,0,32,None,66,1,5,False,1000,1000
10254,74,unweighted,10,0.1645103503184713,0,32,None,66,1,5,False,1000,1000
10255,70,unweighted,10,0.0995222929936305,0,1,None,66,1,5,False,1000,1000
10256,71,unweighted,10,0.0995222929936305,0,1,None,66,1,5,False,1000,1000
10257,72,unweighted,10,0.0995222929936305,0,1,None,66,1,5,False,1000,1000
10258,73,unweighted,10,0.0995222929936305,0,1,None,66,1,5,False,1000,1000
10259,74,unweighted,10,0.0995222929936305,0,1,None,66,1,5,False,1000,1000
10260,70,unweighted,10,0.1223128980891719,0,9,None,66,1,5,False,1000,1000
10261,71,unweighted,10,0.1278861464968153,0,9,None,66,1,5,False,1000,1000
10262,72,unweighted,10,0.1329617834394904,0,9,None,66,1,5,False,1000,1000
10263,73,unweighted,10,0.1373407643312102,0,9,None,66,1,5,False,1000,1000
10264,74,unweighted,10,0.1415207006369426,0,9,None,66,1,5,False,1000,1000
10265,70,unweighted,10,0.0995222929936305,0,21,None,66,1,5,False,1000,1000
10266,71,unweighted,10,0.0995222929936305,0,21,None,66,1,5,False,1000,1000
10267,72,unweighted,10,0.0995222929936305,0,21,None,66,1,5,False,1000,1000
10268,73,unweighted,10,0.0995222929936305,0,21,None,66,1,5,False,1000,1000
10269,74,unweighted,10,0.0995222929936305,0,21,None,66,1,5,False,1000,1000
10270,70,unweighted,10,0.1647093949044586,0,23,None,66,1,5,False,1000,1000
10271,71,unweighted,10,0.1454020700636942,0,23,None,66,1,5,False,1000,1000
10272,72,unweighted,10,0.1002189490445859,0,23,None,66,1,5,False,1000,1000
10273,73,unweighted,10,0.0995222929936305,0,23,None,66,1,5,False,1000,1000
10274,74,unweighted,10,0.0995222929936305,0,23,None,66,1,5,False,1000,1000
10275,70,unweighted,10,0.0995222929936305,0,28,None,66,1,5,False,1000,1000
10276,71,unweighted,10,0.0995222929936305,0,28,None,66,1,5,False,1000,1000
10277,72,unweighted,10,0.0995222929936305,0,28,None,66,1,5,False,1000,1000
10278,73,unweighted,10,0.0995222929936305,0,28,None,66,1,5,False,1000,1000
10279,74,unweighted,10,0.0995222929936305,0,28,None,66,1,5,False,1000,1000
10280,70,unweighted,10,0.0995222929936305,0,29,None,66,1,5,False,1000,1000
10281,71,unweighted,10,0.0995222929936305,0,29,None,66,1,5,False,1000,1000
10282,72,unweighted,10,0.0994227707006369,0,29,None,66,1,5,False,1000,1000
10283,73,unweighted,10,0.1191281847133758,0,29,None,66,1,5,False,1000,1000
10284,74,unweighted,10,0.1739649681528662,0,29,None,66,1,5,False,1000,1000
10285,70,unweighted,10,0.1655055732484076,0,15,None,66,1,5,False,1000,1000
10286,71,unweighted,10,0.1788415605095541,0,15,None,66,1,5,False,1000,1000
10287,72,unweighted,10,0.2211385350318471,0,15,None,66,1,5,False,1000,1000
10288,73,unweighted,10,0.2497014331210191,0,15,None,66,1,5,False,1000,1000
10289,74,unweighted,10,0.2808519108280254,0,15,None,66,1,5,False,1000,1000
10290,70,unweighted,10,0.2049164012738853,0,10,None,66,1,5,False,1000,1000
10291,71,unweighted,10,0.2394506369426751,0,10,None,66,1,5,False,1000,1000
10292,72,unweighted,10,0.2511942675159235,0,10,None,66,1,5,False,1000,1000
10293,73,unweighted,10,0.1591361464968153,0,10,None,66,1,5,False,1000,1000
10294,74,unweighted,10,0.1627189490445859,0,10,None,66,1,5,False,1000,1000
10295,70,unweighted,10,0.2621417197452229,0,13,None,66,1,5,False,1000,1000
10296,71,unweighted,10,0.2736863057324841,0,13,None,66,1,5,False,1000,1000
10297,72,unweighted,10,0.2361664012738853,0,13,None,66,1,5,False,1000,1000
10298,73,unweighted,10,0.2276074840764331,0,13,None,66,1,5,False,1000,1000
10299,74,unweighted,10,0.2270103503184713,0,13,None,66,1,5,False,1000,1000
10300,70,unweighted,10,0.1917794585987261,0,12,None,66,1,5,False,1000,1000
10301,71,unweighted,10,0.1723726114649681,0,12,None,66,1,5,False,1000,1000
10302,72,unweighted,10,0.1050955414012738,0,12,None,66,1,5,False,1000,1000
10303,73,unweighted,10,0.1056926751592356,0,12,None,66,1,5,False,1000,1000
10304,74,unweighted,10,0.1394307324840764,0,12,None,66,1,5,False,1000,1000
10305,70,unweighted,10,0.1766520700636942,0,25,None,66,1,5,False,1000,1000
10306,71,unweighted,10,0.175358280254777,0,25,None,66,1,5,False,1000,1000
10307,72,unweighted,10,0.1743630573248407,0,25,None,66,1,5,False,1000,1000
10308,73,unweighted,10,0.1736664012738853,0,25,None,66,1,5,False,1000,1000
10309,74,unweighted,10,0.1736664012738853,0,25,None,66,1,5,False,1000,1000
10310,70,unweighted,10,0.0995222929936305,0,26,None,66,1,5,False,1000,1000
10311,71,unweighted,10,0.0995222929936305,0,26,None,66,1,5,False,1000,1000
10312,72,unweighted,10,0.0995222929936305,0,26,None,66,1,5,False,1000,1000
10313,73,unweighted,10,0.0996218152866242,0,26,None,66,1,5,False,1000,1000
10314,74,unweighted,10,0.2886146496815286,0,26,None,66,1,5,False,1000,1000
10315,70,unweighted,10,0.0995222929936305,0,8,None,66,1,5,False,1000,1000
10316,71,unweighted,10,0.1595342356687898,0,8,None,66,1,5,False,1000,1000
10317,72,unweighted,10,0.1247014331210191,0,8,None,66,1,5,False,1000,1000
10318,73,unweighted,10,0.0995222929936305,0,8,None,66,1,5,False,1000,1000
10319,74,unweighted,10,0.0995222929936305,0,8,None,66,1,5,False,1000,1000
10320,70,unweighted,10,0.0995222929936305,0,18,None,66,1,5,False,1000,1000
10321,71,unweighted,10,0.0995222929936305,0,18,None,66,1,5,False,1000,1000
10322,72,unweighted,10,0.0995222929936305,0,18,None,66,1,5,False,1000,1000
10323,73,unweighted,10,0.0995222929936305,0,18,None,66,1,5,False,1000,1000
10324,74,unweighted,10,0.0995222929936305,0,18,None,66,1,5,False,1000,1000
10325,70,unweighted,10,0.1025079617834394,0,19,None,66,1,5,False,1000,1000
10326,71,unweighted,10,0.1131568471337579,0,19,None,66,1,5,False,1000,1000
10327,72,unweighted,10,0.1283837579617834,0,19,None,66,1,5,False,1000,1000
10328,73,unweighted,10,0.1472929936305732,0,19,None,66,1,5,False,1000,1000
10329,74,unweighted,10,0.1590366242038216,0,19,None,66,1,5,False,1000,1000
10330,70,unweighted,10,0.1081807324840764,0,20,None,66,1,5,False,1000,1000
10331,71,unweighted,10,0.1237062101910828,0,20,None,66,1,5,False,1000,1000
10332,72,unweighted,10,0.1367436305732484,0,20,None,66,1,5,False,1000,1000
10333,73,unweighted,10,0.1463972929936305,0,20,None,66,1,5,False,1000,1000
10334,74,unweighted,10,0.1553542993630573,0,20,None,66,1,5,False,1000,1000
10335,70,unweighted,10,0.1910828025477707,0,4,None,66,1,5,False,1000,1000
10336,71,unweighted,10,0.1895899681528662,0,4,None,66,1,5,False,1000,1000
10337,72,unweighted,10,0.1876990445859872,0,4,None,66,1,5,False,1000,1000
10338,73,unweighted,10,0.1853105095541401,0,4,None,66,1,5,False,1000,1000
10339,74,unweighted,10,0.1828224522292993,0,4,None,66,1,5,False,1000,1000
10340,70,unweighted,10,0.0995222929936305,0,2,None,66,1,5,False,1000,1000
10341,71,unweighted,10,0.0995222929936305,0,2,None,66,1,5,False,1000,1000
10342,72,unweighted,10,0.0995222929936305,0,2,None,66,1,5,False,1000,1000
10343,73,unweighted,10,0.0995222929936305,0,2,None,66,1,5,False,1000,1000
10344,74,unweighted,10,0.0995222929936305,0,2,None,66,1,5,False,1000,1000
10345,70,unweighted,10,0.2230294585987261,0,5,None,66,1,5,False,1000,1000
10346,71,unweighted,10,0.1519705414012739,0,5,None,66,1,5,False,1000,1000
10347,72,unweighted,10,0.1514729299363057,0,5,None,66,1,5,False,1000,1000
10348,73,unweighted,10,0.1512738853503184,0,5,None,66,1,5,False,1000,1000
10349,74,unweighted,10,0.1511743630573248,0,5,None,66,1,5,False,1000,1000
10350,70,unweighted,10,0.0995222929936305,0,6,None,66,1,5,False,1000,1000
10351,71,unweighted,10,0.0995222929936305,0,6,None,66,1,5,False,1000,1000
10352,72,unweighted,10,0.0995222929936305,0,6,None,66,1,5,False,1000,1000
10353,73,unweighted,10,0.0995222929936305,0,6,None,66,1,5,False,1000,1000
10354,74,unweighted,10,0.0995222929936305,0,6,None,66,1,5,False,1000,1000
10355,70,unweighted,10,0.1891918789808917,0,27,None,66,1,5,False,1000,1000
10356,71,unweighted,10,0.1877985668789809,0,27,None,66,1,5,False,1000,1000
10357,72,unweighted,10,0.1860071656050955,0,27,None,66,1,5,False,1000,1000
10358,73,unweighted,10,0.1849124203821656,0,27,None,66,1,5,False,1000,1000
10359,74,unweighted,10,0.2480095541401273,0,27,None,66,1,5,False,1000,1000
10360,70,unweighted,10,0.0995222929936305,0,0,None,66,1,5,False,1000,1000
10361,71,unweighted,10,0.0995222929936305,0,0,None,66,1,5,False,1000,1000
10362,72,unweighted,10,0.0995222929936305,0,0,None,66,1,5,False,1000,1000
10363,73,unweighted,10,0.0995222929936305,0,0,None,66,1,5,False,1000,1000
10364,74,unweighted,10,0.0995222929936305,0,0,None,66,1,5,False,1000,1000
10365,70,unweighted,10,0.1979498407643312,0,30,None,66,1,5,False,1000,1000
10366,71,unweighted,10,0.2259156050955414,0,30,None,66,1,5,False,1000,1000
10367,72,unweighted,10,0.2098925159235669,0,30,None,66,1,5,False,1000,1000
10368,73,unweighted,10,0.1841162420382165,0,30,None,66,1,5,False,1000,1000
10369,74,unweighted,10,0.1841162420382165,0,30,None,66,1,5,False,1000,1000
10370,70,unweighted,10,0.0995222929936305,0,31,None,66,1,5,False,1000,1000
10371,71,unweighted,10,0.0995222929936305,0,31,None,66,1,5,False,1000,1000
10372,72,unweighted,10,0.0995222929936305,0,31,None,66,1,5,False,1000,1000
10373,73,unweighted,10,0.0995222929936305,0,31,None,66,1,5,False,1000,1000
10374,74,unweighted,10,0.0995222929936305,0,31,None,66,1,5,False,1000,1000
10375,70,unweighted,10,0.1863057324840764,0,11,None,66,1,5,False,1000,1000
10376,71,unweighted,10,0.197452229299363,0,11,None,66,1,5,False,1000,1000
10377,72,unweighted,10,0.0995222929936305,0,11,None,66,1,5,False,1000,1000
10378,73,unweighted,10,0.0995222929936305,0,11,None,66,1,5,False,1000,1000
10379,74,unweighted,10,0.0995222929936305,0,11,None,66,1,5,False,1000,1000
10380,70,unweighted,10,0.1768511146496815,0,17,None,66,1,5,False,1000,1000
10381,71,unweighted,10,0.203921178343949,0,17,None,66,1,5,False,1000,1000
10382,72,unweighted,10,0.1876990445859872,0,17,None,66,1,5,False,1000,1000
10383,73,unweighted,10,0.1846138535031847,0,17,None,66,1,5,False,1000,1000
10384,74,unweighted,10,0.1820262738853503,0,17,None,66,1,5,False,1000,1000
10385,70,unweighted,10,0.2086982484076433,0,3,None,66,1,5,False,1000,1000
10386,71,unweighted,10,0.1501791401273885,0,3,None,66,1,5,False,1000,1000
10387,72,unweighted,10,0.1446058917197452,0,3,None,66,1,5,False,1000,1000
10388,73,unweighted,10,0.1394307324840764,0,3,None,66,1,5,False,1000,1000
10389,74,unweighted,10,0.136843152866242,0,3,None,66,1,5,False,1000,1000
10390,70,unweighted,10,0.0996218152866242,0,24,None,66,1,5,False,1000,1000
10391,71,unweighted,10,0.1079816878980891,0,24,None,66,1,5,False,1000,1000
10392,72,unweighted,10,0.1290804140127388,0,24,None,66,1,5,False,1000,1000
10393,73,unweighted,10,0.1451035031847133,0,24,None,66,1,5,False,1000,1000
10394,74,unweighted,10,0.1564490445859872,0,24,None,66,1,5,False,1000,1000
12870,75,unweighted,10,0.2503980891719745,0,5,None,66,1,5,False,1000,1000
12871,76,unweighted,10,0.1595342356687898,0,5,None,66,1,5,False,1000,1000
12872,77,unweighted,10,0.1587380573248407,0,5,None,66,1,5,False,1000,1000
12873,78,unweighted,10,0.1588375796178344,0,5,None,66,1,5,False,1000,1000
12874,79,unweighted,10,0.1592356687898089,0,5,None,66,1,5,False,1000,1000
12875,75,unweighted,10,0.2490047770700637,0,13,None,66,1,5,False,1000,1000
12876,76,unweighted,10,0.2498009554140127,0,13,None,66,1,5,False,1000,1000
12877,77,unweighted,10,0.287718949044586,0,13,None,66,1,5,False,1000,1000
12878,78,unweighted,10,0.269108280254777,0,13,None,66,1,5,False,1000,1000
12879,79,unweighted,10,0.2438296178343949,0,13,None,66,1,5,False,1000,1000
12880,75,unweighted,10,0.1881966560509554,0,15,None,66,1,5,False,1000,1000
12881,76,unweighted,10,0.1907842356687898,0,15,None,66,1,5,False,1000,1000
12882,77,unweighted,10,0.1933718152866242,0,15,None,66,1,5,False,1000,1000
12883,78,unweighted,10,0.1951632165605095,0,15,None,66,1,5,False,1000,1000
12884,79,unweighted,10,0.1951632165605095,0,15,None,66,1,5,False,1000,1000
12885,75,unweighted,10,0.0995222929936305,0,16,None,66,1,5,False,1000,1000
12886,76,unweighted,10,0.1133558917197452,0,16,None,66,1,5,False,1000,1000
12887,77,unweighted,10,0.1842157643312102,0,16,None,66,1,5,False,1000,1000
12888,78,unweighted,10,0.1793391719745223,0,16,None,66,1,5,False,1000,1000
12889,79,unweighted,10,0.1762539808917197,0,16,None,66,1,5,False,1000,1000
12890,75,unweighted,10,0.1739649681528662,0,8,None,66,1,5,False,1000,1000
12891,76,unweighted,10,0.1194267515923566,0,8,None,66,1,5,False,1000,1000
12892,77,unweighted,10,0.0995222929936305,0,8,None,66,1,5,False,1000,1000
12893,78,unweighted,10,0.0995222929936305,0,8,None,66,1,5,False,1000,1000
12894,79,unweighted,10,0.0995222929936305,0,8,None,66,1,5,False,1000,1000
12895,75,unweighted,10,0.1733678343949044,0,19,None,66,1,5,False,1000,1000
12896,76,unweighted,10,0.1719745222929936,0,19,None,66,1,5,False,1000,1000
12897,77,unweighted,10,0.1698845541401273,0,19,None,66,1,5,False,1000,1000
12898,78,unweighted,10,0.1688893312101911,0,19,None,66,1,5,False,1000,1000
12899,79,unweighted,10,0.1669984076433121,0,19,None,66,1,5,False,1000,1000
12900,75,unweighted,10,0.0995222929936305,0,22,None,66,1,5,False,1000,1000
12901,76,unweighted,10,0.0995222929936305,0,22,None,66,1,5,False,1000,1000
12902,77,unweighted,10,0.1603304140127388,0,22,None,66,1,5,False,1000,1000
12903,78,unweighted,10,0.1843152866242038,0,22,None,66,1,5,False,1000,1000
12904,79,unweighted,10,0.1339570063694267,0,22,None,66,1,5,False,1000,1000
12905,75,unweighted,10,0.0995222929936305,0,14,None,66,1,5,False,1000,1000
12906,76,unweighted,10,0.0995222929936305,0,14,None,66,1,5,False,1000,1000
12907,77,unweighted,10,0.0995222929936305,0,14,None,66,1,5,False,1000,1000
12908,78,unweighted,10,0.0995222929936305,0,14,None,66,1,5,False,1000,1000
12909,79,unweighted,10,0.0995222929936305,0,14,None,66,1,5,False,1000,1000
12910,75,unweighted,10,0.1431130573248407,0,23,None,66,1,5,False,1000,1000
12911,76,unweighted,10,0.1670979299363057,0,23,None,66,1,5,False,1000,1000
12912,77,unweighted,10,0.1415207006369426,0,23,None,66,1,5,False,1000,1000
12913,78,unweighted,10,0.1061902866242038,0,23,None,66,1,5,False,1000,1000
12914,79,unweighted,10,0.0995222929936305,0,23,None,66,1,5,False,1000,1000
12915,75,unweighted,10,0.0995222929936305,0,21,None,66,1,5,False,1000,1000
12916,76,unweighted,10,0.0995222929936305,0,21,None,66,1,5,False,1000,1000
12917,77,unweighted,10,0.0995222929936305,0,21,None,66,1,5,False,1000,1000
12918,78,unweighted,10,0.0995222929936305,0,21,None,66,1,5,False,1000,1000
12919,79,unweighted,10,0.0995222929936305,0,21,None,66,1,5,False,1000,1000
12920,75,unweighted,10,0.1848128980891719,0,25,None,66,1,5,False,1000,1000
12921,76,unweighted,10,0.1843152866242038,0,25,None,66,1,5,False,1000,1000
12922,77,unweighted,10,0.1841162420382165,0,25,None,66,1,5,False,1000,1000
12923,78,unweighted,10,0.1841162420382165,0,25,None,66,1,5,False,1000,1000
12924,79,unweighted,10,0.1843152866242038,0,25,None,66,1,5,False,1000,1000
12925,75,unweighted,10,0.0995222929936305,0,26,None,66,1,5,False,1000,1000
12926,76,unweighted,10,0.0995222929936305,0,26,None,66,1,5,False,1000,1000
12927,77,unweighted,10,0.0995222929936305,0,26,None,66,1,5,False,1000,1000
12928,78,unweighted,10,0.1789410828025477,0,26,None,66,1,5,False,1000,1000
12929,79,unweighted,10,0.3043391719745223,0,26,None,66,1,5,False,1000,1000
12930,75,unweighted,10,0.1805334394904458,0,12,None,66,1,5,False,1000,1000
12931,76,unweighted,10,0.1921775477707006,0,12,None,66,1,5,False,1000,1000
12932,77,unweighted,10,0.2095939490445859,0,12,None,66,1,5,False,1000,1000
12933,78,unweighted,10,0.2363654458598726,0,12,None,66,1,5,False,1000,1000
12934,79,unweighted,10,0.2475119426751592,0,12,None,66,1,5,False,1000,1000
12935,75,unweighted,10,0.125,0,24,None,66,1,5,False,1000,1000
12936,76,unweighted,10,0.1396297770700637,0,24,None,66,1,5,False,1000,1000
12937,77,unweighted,10,0.1522691082802547,0,24,None,66,1,5,False,1000,1000
12938,78,unweighted,10,0.1614251592356688,0,24,None,66,1,5,False,1000,1000
12939,79,unweighted,10,0.1686902866242038,0,24,None,66,1,5,False,1000,1000
12940,75,unweighted,10,0.1009156050955414,0,9,None,66,1,5,False,1000,1000
12941,76,unweighted,10,0.1046974522292993,0,9,None,66,1,5,False,1000,1000
12942,77,unweighted,10,0.1115644904458598,0,9,None,66,1,5,False,1000,1000
12943,78,unweighted,10,0.1188296178343949,0,9,None,66,1,5,False,1000,1000
12944,79,unweighted,10,0.1252985668789809,0,9,None,66,1,5,False,1000,1000
12945,75,unweighted,10,0.0995222929936305,0,29,None,66,1,5,False,1000,1000
12946,76,unweighted,10,0.0995222929936305,0,29,None,66,1,5,False,1000,1000
12947,77,unweighted,10,0.1026074840764331,0,29,None,66,1,5,False,1000,1000
12948,78,unweighted,10,0.1337579617834395,0,29,None,66,1,5,False,1000,1000
12949,79,unweighted,10,0.1717754777070063,0,29,None,66,1,5,False,1000,1000
12950,75,unweighted,10,0.1943670382165605,0,30,None,66,1,5,False,1000,1000
12951,76,unweighted,10,0.2032245222929936,0,30,None,66,1,5,False,1000,1000
12952,77,unweighted,10,0.2184514331210191,0,30,None,66,1,5,False,1000,1000
12953,78,unweighted,10,0.2357683121019108,0,30,None,66,1,5,False,1000,1000
12954,79,unweighted,10,0.2484076433121019,0,30,None,66,1,5,False,1000,1000
12955,75,unweighted,10,0.0995222929936305,0,6,None,66,1,5,False,1000,1000
12956,76,unweighted,10,0.0995222929936305,0,6,None,66,1,5,False,1000,1000
12957,77,unweighted,10,0.0995222929936305,0,6,None,66,1,5,False,1000,1000
12958,78,unweighted,10,0.0995222929936305,0,6,None,66,1,5,False,1000,1000
12959,79,unweighted,10,0.0995222929936305,0,6,None,66,1,5,False,1000,1000
12960,75,unweighted,10,0.0995222929936305,0,18,None,66,1,5,False,1000,1000
12961,76,unweighted,10,0.0995222929936305,0,18,None,66,1,5,False,1000,1000
12962,77,unweighted,10,0.0995222929936305,0,18,None,66,1,5,False,1000,1000
12963,78,unweighted,10,0.0995222929936305,0,18,None,66,1,5,False,1000,1000
12964,79,unweighted,10,0.0995222929936305,0,18,None,66,1,5,False,1000,1000
12965,75,unweighted,10,0.1897890127388535,0,27,None,66,1,5,False,1000,1000
12966,76,unweighted,10,0.1899880573248407,0,27,None,66,1,5,False,1000,1000
12967,77,unweighted,10,0.1897890127388535,0,27,None,66,1,5,False,1000,1000
12968,78,unweighted,10,0.2557722929936306,0,27,None,66,1,5,False,1000,1000
12969,79,unweighted,10,0.1990445859872611,0,27,None,66,1,5,False,1000,1000
12970,75,unweighted,10,0.0995222929936305,0,31,None,66,1,5,False,1000,1000
12971,76,unweighted,10,0.0995222929936305,0,31,None,66,1,5,False,1000,1000
12972,77,unweighted,10,0.0995222929936305,0,31,None,66,1,5,False,1000,1000
12973,78,unweighted,10,0.0995222929936305,0,31,None,66,1,5,False,1000,1000
12974,79,unweighted,10,0.0995222929936305,0,31,None,66,1,5,False,1000,1000
12975,75,unweighted,10,0.1913813694267516,0,32,None,66,1,5,False,1000,1000
12976,76,unweighted,10,0.1884952229299363,0,32,None,66,1,5,False,1000,1000
12977,77,unweighted,10,0.1861066878980891,0,32,None,66,1,5,False,1000,1000
12978,78,unweighted,10,0.1823248407643312,0,32,None,66,1,5,False,1000,1000
12979,79,unweighted,10,0.1731687898089172,0,32,None,66,1,5,False,1000,1000
12980,75,unweighted,10,0.1892914012738853,0,7,None,66,1,5,False,1000,1000
12981,76,unweighted,10,0.2470143312101911,0,7,None,66,1,5,False,1000,1000
12982,77,unweighted,10,0.2257165605095541,0,7,None,66,1,5,False,1000,1000
12983,78,unweighted,10,0.1775477707006369,0,7,None,66,1,5,False,1000,1000
12984,79,unweighted,10,0.121218152866242,0,7,None,66,1,5,False,1000,1000
12985,75,unweighted,10,0.0995222929936305,0,2,None,66,1,5,False,1000,1000
12986,76,unweighted,10,0.0995222929936305,0,2,None,66,1,5,False,1000,1000
12987,77,unweighted,10,0.0995222929936305,0,2,None,66,1,5,False,1000,1000
12988,78,unweighted,10,0.0995222929936305,0,2,None,66,1,5,False,1000,1000
12989,79,unweighted,10,0.0995222929936305,0,2,None,66,1,5,False,1000,1000
12990,75,unweighted,10,0.0995222929936305,0,1,None,66,1,5,False,1000,1000
12991,76,unweighted,10,0.0995222929936305,0,1,None,66,1,5,False,1000,1000
12992,77,unweighted,10,0.0995222929936305,0,1,None,66,1,5,False,1000,1000
12993,78,unweighted,10,0.0995222929936305,0,1,None,66,1,5,False,1000,1000
12994,79,unweighted,10,0.0995222929936305,0,1,None,66,1,5,False,1000,1000
12995,75,unweighted,10,0.2291998407643312,0,10,None,66,1,5,False,1000,1000
12996,76,unweighted,10,0.2477109872611465,0,10,None,66,1,5,False,1000,1000
12997,77,unweighted,10,0.2502985668789809,0,10,None,66,1,5,False,1000,1000
12998,78,unweighted,10,0.1594347133757961,0,10,None,66,1,5,False,1000,1000
12999,79,unweighted,10,0.1591361464968153,0,10,None,66,1,5,False,1000,1000
13000,75,unweighted,10,0.1873009554140127,0,11,None,66,1,5,False,1000,1000
13001,76,unweighted,10,0.197452229299363,0,11,None,66,1,5,False,1000,1000
13002,77,unweighted,10,0.1554538216560509,0,11,None,66,1,5,False,1000,1000
13003,78,unweighted,10,0.0995222929936305,0,11,None,66,1,5,False,1000,1000
13004,79,unweighted,10,0.0995222929936305,0,11,None,66,1,5,False,1000,1000
13005,75,unweighted,10,0.2410429936305732,0,17,None,66,1,5,False,1000,1000
13006,76,unweighted,10,0.2513933121019108,0,17,None,66,1,5,False,1000,1000
13007,77,unweighted,10,0.2485071656050955,0,17,None,66,1,5,False,1000,1000
13008,78,unweighted,10,0.2503980891719745,0,17,None,66,1,5,False,1000,1000
13009,79,unweighted,10,0.2309912420382165,0,17,None,66,1,5,False,1000,1000
13010,75,unweighted,10,0.1471934713375796,0,20,None,66,1,5,False,1000,1000
13011,76,unweighted,10,0.1561504777070063,0,20,None,66,1,5,False,1000,1000
13012,77,unweighted,10,0.1607285031847133,0,20,None,66,1,5,False,1000,1000
13013,78,unweighted,10,0.1664012738853503,0,20,None,66,1,5,False,1000,1000
13014,79,unweighted,10,0.17078025477707,0,20,None,66,1,5,False,1000,1000
13015,75,unweighted,10,0.1891918789808917,0,4,None,66,1,5,False,1000,1000
13016,76,unweighted,10,0.1877985668789809,0,4,None,66,1,5,False,1000,1000
13017,77,unweighted,10,0.1867038216560509,0,4,None,66,1,5,False,1000,1000
13018,78,unweighted,10,0.1852109872611465,0,4,None,66,1,5,False,1000,1000
13019,79,unweighted,10,0.1838176751592356,0,4,None,66,1,5,False,1000,1000
13020,75,unweighted,10,0.0995222929936305,0,0,None,66,1,5,False,1000,1000
13021,76,unweighted,10,0.0995222929936305,0,0,None,66,1,5,False,1000,1000
13022,77,unweighted,10,0.0995222929936305,0,0,None,66,1,5,False,1000,1000
13023,78,unweighted,10,0.0995222929936305,0,0,None,66,1,5,False,1000,1000
13024,79,unweighted,10,0.0995222929936305,0,0,None,66,1,5,False,1000,1000
13025,75,unweighted,10,0.2151671974522293,0,3,None,66,1,5,False,1000,1000
13026,76,unweighted,10,0.1599323248407643,0,3,None,66,1,5,False,1000,1000
13027,77,unweighted,10,0.1581409235668789,0,3,None,66,1,5,False,1000,1000
13028,78,unweighted,10,0.1565485668789809,0,3,None,66,1,5,False,1000,1000
13029,79,unweighted,10,0.1559514331210191,0,3,None,66,1,5,False,1000,1000
13030,75,unweighted,10,0.0995222929936305,0,28,None,66,1,5,False,1000,1000
13031,76,unweighted,10,0.0995222929936305,0,28,None,66,1,5,False,1000,1000
13032,77,unweighted,10,0.1015127388535031,0,28,None,66,1,5,False,1000,1000
13033,78,unweighted,10,0.1663017515923567,0,28,None,66,1,5,False,1000,1000
13034,79,unweighted,10,0.1642117834394904,0,28,None,66,1,5,False,1000,1000
13035,80,unweighted,10,0.0995222929936305,0,22,None,66,1,5,False,1000,1000
13036,81,unweighted,10,0.0995222929936305,0,22,None,66,1,5,False,1000,1000
13037,82,unweighted,10,0.1344546178343949,0,22,None,66,1,5,False,1000,1000
13038,83,unweighted,10,0.1944665605095541,0,22,None,66,1,5,False,1000,1000
13039,84,unweighted,10,0.1973527070063694,0,22,None,66,1,5,False,1000,1000
13040,80,unweighted,10,0.0995222929936305,0,14,None,66,1,5,False,1000,1000
13041,81,unweighted,10,0.0995222929936305,0,14,None,66,1,5,False,1000,1000
13042,82,unweighted,10,0.0995222929936305,0,14,None,66,1,5,False,1000,1000
13043,83,unweighted,10,0.0995222929936305,0,14,None,66,1,5,False,1000,1000
13044,84,unweighted,10,0.0995222929936305,0,14,None,66,1,5,False,1000,1000
13045,80,unweighted,10,0.224124203821656,0,30,None,66,1,5,False,1000,1000
13046,81,unweighted,10,0.1972531847133758,0,30,None,66,1,5,False,1000,1000
13047,82,unweighted,10,0.1956608280254777,0,30,None,66,1,5,False,1000,1000
13048,83,unweighted,10,0.2099920382165605,0,30,None,66,1,5,False,1000,1000
13049,84,unweighted,10,0.2286027070063694,0,30,None,66,1,5,False,1000,1000
13050,80,unweighted,10,0.2223328025477707,0,7,None,66,1,5,False,1000,1000
13051,81,unweighted,10,0.1851114649681528,0,7,None,66,1,5,False,1000,1000
13052,82,unweighted,10,0.1614251592356688,0,7,None,66,1,5,False,1000,1000
13053,83,unweighted,10,0.1372412420382165,0,7,None,66,1,5,False,1000,1000
13054,84,unweighted,10,0.1318670382165605,0,7,None,66,1,5,False,1000,1000
13055,80,unweighted,10,0.1144506369426751,0,16,None,66,1,5,False,1000,1000
13056,81,unweighted,10,0.181827229299363,0,16,None,66,1,5,False,1000,1000
13057,82,unweighted,10,0.1834195859872611,0,16,None,66,1,5,False,1000,1000
13058,83,unweighted,10,0.1817277070063694,0,16,None,66,1,5,False,1000,1000
13059,84,unweighted,10,0.1798367834394904,0,16,None,66,1,5,False,1000,1000
13060,80,unweighted,10,0.1888933121019108,0,32,None,66,1,5,False,1000,1000
13061,81,unweighted,10,0.1871019108280254,0,32,None,66,1,5,False,1000,1000
13062,82,unweighted,10,0.1843152866242038,0,32,None,66,1,5,False,1000,1000
13063,83,unweighted,10,0.1785429936305732,0,32,None,66,1,5,False,1000,1000
13064,84,unweighted,10,0.1709792993630573,0,32,None,66,1,5,False,1000,1000
13065,80,unweighted,10,0.0995222929936305,0,1,None,66,1,5,False,1000,1000
13066,81,unweighted,10,0.0995222929936305,0,1,None,66,1,5,False,1000,1000
13067,82,unweighted,10,0.0995222929936305,0,1,None,66,1,5,False,1000,1000
13068,83,unweighted,10,0.0995222929936305,0,1,None,66,1,5,False,1000,1000
13069,84,unweighted,10,0.0995222929936305,0,1,None,66,1,5,False,1000,1000
13070,80,unweighted,10,0.1262937898089172,0,2,None,66,1,5,False,1000,1000
13071,81,unweighted,10,0.107484076433121,0,2,None,66,1,5,False,1000,1000
13072,82,unweighted,10,0.1024084394904458,0,2,None,66,1,5,False,1000,1000
13073,83,unweighted,10,0.1032046178343949,0,2,None,66,1,5,False,1000,1000
13074,84,unweighted,10,0.1047969745222929,0,2,None,66,1,5,False,1000,1000
13075,80,unweighted,10,0.2348726114649681,0,5,None,66,1,5,False,1000,1000
13076,81,unweighted,10,0.1786425159235669,0,5,None,66,1,5,False,1000,1000
13077,82,unweighted,10,0.1722730891719745,0,5,None,66,1,5,False,1000,1000
13078,83,unweighted,10,0.1664012738853503,0,5,None,66,1,5,False,1000,1000
13079,84,unweighted,10,0.160828025477707,0,5,None,66,1,5,False,1000,1000
13080,80,unweighted,10,0.1052945859872611,0,9,None,66,1,5,False,1000,1000
13081,81,unweighted,10,0.1134554140127388,0,9,None,66,1,5,False,1000,1000
13082,82,unweighted,10,0.1208200636942675,0,9,None,66,1,5,False,1000,1000
13083,83,unweighted,10,0.1273885350318471,0,9,None,66,1,5,False,1000,1000
13084,84,unweighted,10,0.1328622611464968,0,9,None,66,1,5,False,1000,1000
13085,80,unweighted,10,0.1883957006369426,0,27,None,66,1,5,False,1000,1000
13086,81,unweighted,10,0.1885947452229299,0,27,None,66,1,5,False,1000,1000
13087,82,unweighted,10,0.1884952229299363,0,27,None,66,1,5,False,1000,1000
13088,83,unweighted,10,0.2317874203821656,0,27,None,66,1,5,False,1000,1000
13089,84,unweighted,10,0.2650278662420382,0,27,None,66,1,5,False,1000,1000
13090,80,unweighted,10,0.0995222929936305,0,29,None,66,1,5,False,1000,1000
13091,81,unweighted,10,0.0995222929936305,0,29,None,66,1,5,False,1000,1000
13092,82,unweighted,10,0.0994227707006369,0,29,None,66,1,5,False,1000,1000
13093,83,unweighted,10,0.1005175159235668,0,29,None,66,1,5,False,1000,1000
13094,84,unweighted,10,0.1113654458598726,0,29,None,66,1,5,False,1000,1000
13095,80,unweighted,10,0.1236066878980891,0,28,None,66,1,5,False,1000,1000
13096,81,unweighted,10,0.0995222929936305,0,28,None,66,1,5,False,1000,1000
13097,82,unweighted,10,0.0995222929936305,0,28,None,66,1,5,False,1000,1000
13098,83,unweighted,10,0.0995222929936305,0,28,None,66,1,5,False,1000,1000
13099,84,unweighted,10,0.0995222929936305,0,28,None,66,1,5,False,1000,1000
13100,80,unweighted,10,0.1978503184713375,0,12,None,66,1,5,False,1000,1000
13101,81,unweighted,10,0.1813296178343949,0,12,None,66,1,5,False,1000,1000
13102,82,unweighted,10,0.1893909235668789,0,12,None,66,1,5,False,1000,1000
13103,83,unweighted,10,0.1771496815286624,0,12,None,66,1,5,False,1000,1000
13104,84,unweighted,10,0.1631170382165605,0,12,None,66,1,5,False,1000,1000
13105,80,unweighted,10,0.0995222929936305,0,6,None,66,1,5,False,1000,1000
13106,81,unweighted,10,0.0995222929936305,0,6,None,66,1,5,False,1000,1000
13107,82,unweighted,10,0.0995222929936305,0,6,None,66,1,5,False,1000,1000
13108,83,unweighted,10,0.0995222929936305,0,6,None,66,1,5,False,1000,1000
13109,84,unweighted,10,0.0995222929936305,0,6,None,66,1,5,False,1000,1000
13110,80,unweighted,10,0.2597531847133758,0,13,None,66,1,5,False,1000,1000
13111,81,unweighted,10,0.293093152866242,0,13,None,66,1,5,False,1000,1000
13112,82,unweighted,10,0.2970740445859872,0,13,None,66,1,5,False,1000,1000
13113,83,unweighted,10,0.2673168789808917,0,13,None,66,1,5,False,1000,1000
13114,84,unweighted,10,0.2548765923566879,0,13,None,66,1,5,False,1000,1000
13115,80,unweighted,10,0.1898885350318471,0,25,None,66,1,5,False,1000,1000
13116,81,unweighted,10,0.1898885350318471,0,25,None,66,1,5,False,1000,1000
13117,82,unweighted,10,0.1898885350318471,0,25,None,66,1,5,False,1000,1000
13118,83,unweighted,10,0.1898885350318471,0,25,None,66,1,5,False,1000,1000
13119,84,unweighted,10,0.1898885350318471,0,25,None,66,1,5,False,1000,1000
13120,80,unweighted,10,0.0995222929936305,0,26,None,66,1,5,False,1000,1000
13121,81,unweighted,10,0.0995222929936305,0,26,None,66,1,5,False,1000,1000
13122,82,unweighted,10,0.0995222929936305,0,26,None,66,1,5,False,1000,1000
13123,83,unweighted,10,0.1114649681528662,0,26,None,66,1,5,False,1000,1000
13124,84,unweighted,10,0.2845342356687898,0,26,None,66,1,5,False,1000,1000
13125,80,unweighted,10,0.1921775477707006,0,15,None,66,1,5,False,1000,1000
13126,81,unweighted,10,0.1941679936305732,0,15,None,66,1,5,False,1000,1000
13127,82,unweighted,10,0.1954617834394904,0,15,None,66,1,5,False,1000,1000
13128,83,unweighted,10,0.1953622611464968,0,15,None,66,1,5,False,1000,1000
13129,84,unweighted,10,0.1953622611464968,0,15,None,66,1,5,False,1000,1000
13130,80,unweighted,10,0.2395501592356688,0,10,None,66,1,5,False,1000,1000
13131,81,unweighted,10,0.24890525477707,0,10,None,66,1,5,False,1000,1000
13132,82,unweighted,10,0.2511942675159235,0,10,None,66,1,5,False,1000,1000
13133,83,unweighted,10,0.2212380573248407,0,10,None,66,1,5,False,1000,1000
13134,84,unweighted,10,0.154359076433121,0,10,None,66,1,5,False,1000,1000
13135,80,unweighted,10,0.1961584394904458,0,11,None,66,1,5,False,1000,1000
13136,81,unweighted,10,0.1943670382165605,0,11,None,66,1,5,False,1000,1000
13137,82,unweighted,10,0.103702229299363,0,11,None,66,1,5,False,1000,1000
13138,83,unweighted,10,0.0995222929936305,0,11,None,66,1,5,False,1000,1000
13139,84,unweighted,10,0.0995222929936305,0,11,None,66,1,5,False,1000,1000
13140,80,unweighted,10,0.2093949044585987,0,17,None,66,1,5,False,1000,1000
13141,81,unweighted,10,0.1962579617834395,0,17,None,66,1,5,False,1000,1000
13142,82,unweighted,10,0.2000398089171974,0,17,None,66,1,5,False,1000,1000
13143,83,unweighted,10,0.2112858280254777,0,17,None,66,1,5,False,1000,1000
13144,84,unweighted,10,0.2136743630573248,0,17,None,66,1,5,False,1000,1000
13145,80,unweighted,10,0.0995222929936305,0,21,None,66,1,5,False,1000,1000
13146,81,unweighted,10,0.0995222929936305,0,21,None,66,1,5,False,1000,1000
13147,82,unweighted,10,0.0995222929936305,0,21,None,66,1,5,False,1000,1000
13148,83,unweighted,10,0.0995222929936305,0,21,None,66,1,5,False,1000,1000
13149,84,unweighted,10,0.0995222929936305,0,21,None,66,1,5,False,1000,1000
13150,80,unweighted,10,0.1188296178343949,0,24,None,66,1,5,False,1000,1000
13151,81,unweighted,10,0.1352507961783439,0,24,None,66,1,5,False,1000,1000
13152,82,unweighted,10,0.1475915605095541,0,24,None,66,1,5,False,1000,1000
13153,83,unweighted,10,0.157046178343949,0,24,None,66,1,5,False,1000,1000
13154,84,unweighted,10,0.1652070063694267,0,24,None,66,1,5,False,1000,1000
13155,80,unweighted,10,0.1379378980891719,0,23,None,66,1,5,False,1000,1000
13156,81,unweighted,10,0.1666003184713375,0,23,None,66,1,5,False,1000,1000
13157,82,unweighted,10,0.1631170382165605,0,23,None,66,1,5,False,1000,1000
13158,83,unweighted,10,0.1480891719745223,0,23,None,66,1,5,False,1000,1000
13159,84,unweighted,10,0.1301751592356688,0,23,None,66,1,5,False,1000,1000
13160,80,unweighted,10,0.0995222929936305,0,0,None,66,1,5,False,1000,1000
13161,81,unweighted,10,0.0995222929936305,0,0,None,66,1,5,False,1000,1000
13162,82,unweighted,10,0.0995222929936305,0,0,None,66,1,5,False,1000,1000
13163,83,unweighted,10,0.0995222929936305,0,0,None,66,1,5,False,1000,1000
13164,84,unweighted,10,0.0995222929936305,0,0,None,66,1,5,False,1000,1000
13165,80,unweighted,10,0.1710788216560509,0,8,None,66,1,5,False,1000,1000
13166,81,unweighted,10,0.1267914012738853,0,8,None,66,1,5,False,1000,1000
13167,82,unweighted,10,0.0995222929936305,0,8,None,66,1,5,False,1000,1000
13168,83,unweighted,10,0.0995222929936305,0,8,None,66,1,5,False,1000,1000
13169,84,unweighted,10,0.0995222929936305,0,8,None,66,1,5,False,1000,1000
13170,80,unweighted,10,0.0995222929936305,0,18,None,66,1,5,False,1000,1000
13171,81,unweighted,10,0.0995222929936305,0,18,None,66,1,5,False,1000,1000
13172,82,unweighted,10,0.0995222929936305,0,18,None,66,1,5,False,1000,1000
13173,83,unweighted,10,0.0995222929936305,0,18,None,66,1,5,False,1000,1000
13174,84,unweighted,10,0.0995222929936305,0,18,None,66,1,5,False,1000,1000
13175,80,unweighted,10,0.0995222929936305,0,19,None,66,1,5,False,1000,1000
13176,81,unweighted,10,0.0995222929936305,0,19,None,66,1,5,False,1000,1000
13177,82,unweighted,10,0.0995222929936305,0,19,None,66,1,5,False,1000,1000
13178,83,unweighted,10,0.0995222929936305,0,19,None,66,1,5,False,1000,1000
13179,84,unweighted,10,0.0995222929936305,0,19,None,66,1,5,False,1000,1000
13180,80,unweighted,10,0.0995222929936305,0,31,None,66,1,5,False,1000,1000
13181,81,unweighted,10,0.0995222929936305,0,31,None,66,1,5,False,1000,1000
13182,82,unweighted,10,0.0995222929936305,0,31,None,66,1,5,False,1000,1000
13183,83,unweighted,10,0.0995222929936305,0,31,None,66,1,5,False,1000,1000
13184,84,unweighted,10,0.0995222929936305,0,31,None,66,1,5,False,1000,1000
13185,80,unweighted,10,0.1912818471337579,0,4,None,66,1,5,False,1000,1000
13186,81,unweighted,10,0.1899880573248407,0,4,None,66,1,5,False,1000,1000
13187,82,unweighted,10,0.1900875796178344,0,4,None,66,1,5,False,1000,1000
13188,83,unweighted,10,0.1898885350318471,0,4,None,66,1,5,False,1000,1000
13189,84,unweighted,10,0.1889928343949044,0,4,None,66,1,5,False,1000,1000
13190,80,unweighted,10,0.2250199044585987,0,3,None,66,1,5,False,1000,1000
13191,81,unweighted,10,0.2200437898089172,0,3,None,66,1,5,False,1000,1000
13192,82,unweighted,10,0.1725716560509554,0,3,None,66,1,5,False,1000,1000
13193,83,unweighted,10,0.1721735668789809,0,3,None,66,1,5,False,1000,1000
13194,84,unweighted,10,0.1720740445859872,0,3,None,66,1,5,False,1000,1000
13195,80,unweighted,10,0.1604299363057325,0,20,None,66,1,5,False,1000,1000
13196,81,unweighted,10,0.1661027070063694,0,20,None,66,1,5,False,1000,1000
13197,82,unweighted,10,0.1705812101910828,0,20,None,66,1,5,False,1000,1000
13198,83,unweighted,10,0.1742635350318471,0,20,None,66,1,5,False,1000,1000
13199,84,unweighted,10,0.1787420382165605,0,20,None,66,1,5,False,1000,1000
16005,85,unweighted,10,0.0995222929936305,0,1,None,66,1,5,False,1000,1000
16006,86,unweighted,10,0.0995222929936305,0,1,None,66,1,5,False,1000,1000
16007,87,unweighted,10,0.0995222929936305,0,1,None,66,1,5,False,1000,1000
16008,88,unweighted,10,0.0995222929936305,0,1,None,66,1,5,False,1000,1000
16009,89,unweighted,10,0.0995222929936305,0,1,None,66,1,5,False,1000,1000
16010,85,unweighted,10,0.1953622611464968,0,13,None,66,1,5,False,1000,1000
16011,86,unweighted,10,0.1952627388535031,0,13,None,66,1,5,False,1000,1000
16012,87,unweighted,10,0.1989450636942675,0,13,None,66,1,5,False,1000,1000
16013,88,unweighted,10,0.2346735668789809,0,13,None,66,1,5,False,1000,1000
16014,89,unweighted,10,0.2341759554140127,0,13,None,66,1,5,False,1000,1000
16015,85,unweighted,10,0.0995222929936305,0,14,None,66,1,5,False,1000,1000
16016,86,unweighted,10,0.0995222929936305,0,14,None,66,1,5,False,1000,1000
16017,87,unweighted,10,0.0995222929936305,0,14,None,66,1,5,False,1000,1000
16018,88,unweighted,10,0.0995222929936305,0,14,None,66,1,5,False,1000,1000
16019,89,unweighted,10,0.0995222929936305,0,14,None,66,1,5,False,1000,1000
16020,85,unweighted,10,0.0995222929936305,0,21,None,66,1,5,False,1000,1000
16021,86,unweighted,10,0.0995222929936305,0,21,None,66,1,5,False,1000,1000
16022,87,unweighted,10,0.0995222929936305,0,21,None,66,1,5,False,1000,1000
16023,88,unweighted,10,0.0995222929936305,0,21,None,66,1,5,False,1000,1000
16024,89,unweighted,10,0.0995222929936305,0,21,None,66,1,5,False,1000,1000
16025,85,unweighted,10,0.1916799363057325,0,25,None,66,1,5,False,1000,1000
16026,86,unweighted,10,0.1916799363057325,0,25,None,66,1,5,False,1000,1000
16027,87,unweighted,10,0.1919785031847133,0,25,None,66,1,5,False,1000,1000
16028,88,unweighted,10,0.1922770700636942,0,25,None,66,1,5,False,1000,1000
16029,89,unweighted,10,0.1925756369426751,0,25,None,66,1,5,False,1000,1000
16030,85,unweighted,10,0.2581608280254777,0,26,None,66,1,5,False,1000,1000
16031,86,unweighted,10,0.2703025477707006,0,26,None,66,1,5,False,1000,1000
16032,87,unweighted,10,0.2744824840764331,0,26,None,66,1,5,False,1000,1000
16033,88,unweighted,10,0.2865246815286624,0,26,None,66,1,5,False,1000,1000
16034,89,unweighted,10,0.2381568471337579,0,26,None,66,1,5,False,1000,1000
16035,85,unweighted,10,0.0995222929936305,0,24,None,66,1,5,False,1000,1000
16036,86,unweighted,10,0.0995222929936305,0,24,None,66,1,5,False,1000,1000
16037,87,unweighted,10,0.1057921974522293,0,24,None,66,1,5,False,1000,1000
16038,88,unweighted,10,0.1249004777070063,0,24,None,66,1,5,False,1000,1000
16039,89,unweighted,10,0.1379378980891719,0,24,None,66,1,5,False,1000,1000
16040,85,unweighted,10,0.0995222929936305,0,29,None,66,1,5,False,1000,1000
16041,86,unweighted,10,0.0995222929936305,0,29,None,66,1,5,False,1000,1000
16042,87,unweighted,10,0.0992237261146496,0,29,None,66,1,5,False,1000,1000
16043,88,unweighted,10,0.1022093949044586,0,29,None,66,1,5,False,1000,1000
16044,89,unweighted,10,0.1083797770700636,0,29,None,66,1,5,False,1000,1000
16045,85,unweighted,10,0.2278065286624203,0,30,None,66,1,5,False,1000,1000
16046,86,unweighted,10,0.2160628980891719,0,30,None,66,1,5,False,1000,1000
16047,87,unweighted,10,0.2333797770700637,0,30,None,66,1,5,False,1000,1000
16048,88,unweighted,10,0.2485071656050955,0,30,None,66,1,5,False,1000,1000
16049,89,unweighted,10,0.2561703821656051,0,30,None,66,1,5,False,1000,1000
16050,85,unweighted,10,0.1885947452229299,0,27,None,66,1,5,False,1000,1000
16051,86,unweighted,10,0.1890923566878981,0,27,None,66,1,5,False,1000,1000
16052,87,unweighted,10,0.2055135350318471,0,27,None,66,1,5,False,1000,1000
16053,88,unweighted,10,0.2574641719745223,0,27,None,66,1,5,False,1000,1000
16054,89,unweighted,10,0.2257165605095541,0,27,None,66,1,5,False,1000,1000
16055,85,unweighted,10,0.1891918789808917,0,2,None,66,1,5,False,1000,1000
16056,86,unweighted,10,0.1912818471337579,0,2,None,66,1,5,False,1000,1000
16057,87,unweighted,10,0.1646098726114649,0,2,None,66,1,5,False,1000,1000
16058,88,unweighted,10,0.1423168789808917,0,2,None,66,1,5,False,1000,1000
16059,89,unweighted,10,0.1437101910828025,0,2,None,66,1,5,False,1000,1000
16060,85,unweighted,10,0.2040207006369426,0,5,None,66,1,5,False,1000,1000
16061,86,unweighted,10,0.1710788216560509,0,5,None,66,1,5,False,1000,1000
16062,87,unweighted,10,0.163515127388535,0,5,None,66,1,5,False,1000,1000
16063,88,unweighted,10,0.1618232484076433,0,5,None,66,1,5,False,1000,1000
16064,89,unweighted,10,0.1621218152866242,0,5,None,66,1,5,False,1000,1000
16065,85,unweighted,10,0.1917794585987261,0,11,None,66,1,5,False,1000,1000
16066,86,unweighted,10,0.1970541401273885,0,11,None,66,1,5,False,1000,1000
16067,87,unweighted,10,0.1964570063694267,0,11,None,66,1,5,False,1000,1000
16068,88,unweighted,10,0.1806329617834395,0,11,None,66,1,5,False,1000,1000
16069,89,unweighted,10,0.10828025477707,0,11,None,66,1,5,False,1000,1000
16070,85,unweighted,10,0.1310708598726114,0,9,None,66,1,5,False,1000,1000
16071,86,unweighted,10,0.1372412420382165,0,9,None,66,1,5,False,1000,1000
16072,87,unweighted,10,0.1410230891719745,0,9,None,66,1,5,False,1000,1000
16073,88,unweighted,10,0.1443073248407643,0,9,None,66,1,5,False,1000,1000
16074,89,unweighted,10,0.1480891719745223,0,9,None,66,1,5,False,1000,1000
16075,85,unweighted,10,0.1949641719745223,0,15,None,66,1,5,False,1000,1000
16076,86,unweighted,10,0.1958598726114649,0,15,None,66,1,5,False,1000,1000
16077,87,unweighted,10,0.1960589171974522,0,15,None,66,1,5,False,1000,1000
16078,88,unweighted,10,0.1958598726114649,0,15,None,66,1,5,False,1000,1000
16079,89,unweighted,10,0.1945660828025477,0,15,None,66,1,5,False,1000,1000
16080,85,unweighted,10,0.2491042993630573,0,12,None,66,1,5,False,1000,1000
16081,86,unweighted,10,0.2529856687898089,0,12,None,66,1,5,False,1000,1000
16082,87,unweighted,10,0.2506966560509554,0,12,None,66,1,5,False,1000,1000
16083,88,unweighted,10,0.2550756369426751,0,12,None,66,1,5,False,1000,1000
16084,89,unweighted,10,0.2502985668789809,0,12,None,66,1,5,False,1000,1000
16085,85,unweighted,10,0.1051950636942675,0,28,None,66,1,5,False,1000,1000
16086,86,unweighted,10,0.1048964968152866,0,28,None,66,1,5,False,1000,1000
16087,87,unweighted,10,0.1265923566878981,0,28,None,66,1,5,False,1000,1000
16088,88,unweighted,10,0.1658041401273885,0,28,None,66,1,5,False,1000,1000
16089,89,unweighted,10,0.1795382165605095,0,28,None,66,1,5,False,1000,1000
16090,85,unweighted,10,0.259952229299363,0,17,None,66,1,5,False,1000,1000
16091,86,unweighted,10,0.2261146496815286,0,17,None,66,1,5,False,1000,1000
16092,87,unweighted,10,0.2100915605095541,0,17,None,66,1,5,False,1000,1000
16093,88,unweighted,10,0.2022292993630573,0,17,None,66,1,5,False,1000,1000
16094,89,unweighted,10,0.1996417197452229,0,17,None,66,1,5,False,1000,1000
16095,85,unweighted,10,0.1245023885350318,0,16,None,66,1,5,False,1000,1000
16096,86,unweighted,10,0.1785429936305732,0,16,None,66,1,5,False,1000,1000
16097,87,unweighted,10,0.1834195859872611,0,16,None,66,1,5,False,1000,1000
16098,88,unweighted,10,0.181827229299363,0,16,None,66,1,5,False,1000,1000
16099,89,unweighted,10,0.1804339171974522,0,16,None,66,1,5,False,1000,1000
16100,85,unweighted,10,0.192078025477707,0,7,None,66,1,5,False,1000,1000
16101,86,unweighted,10,0.2157643312101911,0,7,None,66,1,5,False,1000,1000
16102,87,unweighted,10,0.2414410828025477,0,7,None,66,1,5,False,1000,1000
16103,88,unweighted,10,0.2165605095541401,0,7,None,66,1,5,False,1000,1000
16104,89,unweighted,10,0.145203025477707,0,7,None,66,1,5,False,1000,1000
16105,85,unweighted,10,0.0996218152866242,0,19,None,66,1,5,False,1000,1000
16106,86,unweighted,10,0.0999203821656051,0,19,None,66,1,5,False,1000,1000
16107,87,unweighted,10,0.1003184713375796,0,19,None,66,1,5,False,1000,1000
16108,88,unweighted,10,0.1005175159235668,0,19,None,66,1,5,False,1000,1000
16109,89,unweighted,10,0.1019108280254777,0,19,None,66,1,5,False,1000,1000
16110,85,unweighted,10,0.0995222929936305,0,18,None,66,1,5,False,1000,1000
16111,86,unweighted,10,0.0995222929936305,0,18,None,66,1,5,False,1000,1000
16112,87,unweighted,10,0.0995222929936305,0,18,None,66,1,5,False,1000,1000
16113,88,unweighted,10,0.0995222929936305,0,18,None,66,1,5,False,1000,1000
16114,89,unweighted,10,0.0995222929936305,0,18,None,66,1,5,False,1000,1000
16115,85,unweighted,10,0.0995222929936305,0,31,None,66,1,5,False,1000,1000
16116,86,unweighted,10,0.0995222929936305,0,31,None,66,1,5,False,1000,1000
16117,87,unweighted,10,0.0998208598726114,0,31,None,66,1,5,False,1000,1000
16118,88,unweighted,10,0.1015127388535031,0,31,None,66,1,5,False,1000,1000
16119,89,unweighted,10,0.1059912420382165,0,31,None,66,1,5,False,1000,1000
16120,85,unweighted,10,0.2100915605095541,0,3,None,66,1,5,False,1000,1000
16121,86,unweighted,10,0.1832205414012739,0,3,None,66,1,5,False,1000,1000
16122,87,unweighted,10,0.1833200636942675,0,3,None,66,1,5,False,1000,1000
16123,88,unweighted,10,0.1835191082802547,0,3,None,66,1,5,False,1000,1000
16124,89,unweighted,10,0.1839171974522293,0,3,None,66,1,5,False,1000,1000
16125,85,unweighted,10,0.1005175159235668,0,0,None,66,1,5,False,1000,1000
16126,86,unweighted,10,0.0995222929936305,0,0,None,66,1,5,False,1000,1000
16127,87,unweighted,10,0.0995222929936305,0,0,None,66,1,5,False,1000,1000
16128,88,unweighted,10,0.0995222929936305,0,0,None,66,1,5,False,1000,1000
16129,89,unweighted,10,0.0995222929936305,0,0,None,66,1,5,False,1000,1000
16130,85,unweighted,10,0.1915804140127388,0,4,None,66,1,5,False,1000,1000
16131,86,unweighted,10,0.1917794585987261,0,4,None,66,1,5,False,1000,1000
16132,87,unweighted,10,0.1916799363057325,0,4,None,66,1,5,False,1000,1000
16133,88,unweighted,10,0.1913813694267516,0,4,None,66,1,5,False,1000,1000
16134,89,unweighted,10,0.1914808917197452,0,4,None,66,1,5,False,1000,1000
16135,85,unweighted,10,0.1011146496815286,0,6,None,66,1,5,False,1000,1000
16136,86,unweighted,10,0.0995222929936305,0,6,None,66,1,5,False,1000,1000
16137,87,unweighted,10,0.0995222929936305,0,6,None,66,1,5,False,1000,1000
16138,88,unweighted,10,0.0995222929936305,0,6,None,66,1,5,False,1000,1000
16139,89,unweighted,10,0.0995222929936305,0,6,None,66,1,5,False,1000,1000
16140,85,unweighted,10,0.1232085987261146,0,8,None,66,1,5,False,1000,1000
16141,86,unweighted,10,0.0995222929936305,0,8,None,66,1,5,False,1000,1000
16142,87,unweighted,10,0.0995222929936305,0,8,None,66,1,5,False,1000,1000
16143,88,unweighted,10,0.0995222929936305,0,8,None,66,1,5,False,1000,1000
16144,89,unweighted,10,0.0995222929936305,0,8,None,66,1,5,False,1000,1000
16145,85,unweighted,10,0.2033240445859872,0,10,None,66,1,5,False,1000,1000
16146,86,unweighted,10,0.2085987261146497,0,10,None,66,1,5,False,1000,1000
16147,87,unweighted,10,0.2093949044585987,0,10,None,66,1,5,False,1000,1000
16148,88,unweighted,10,0.20203025477707,0,10,None,66,1,5,False,1000,1000
16149,89,unweighted,10,0.1631170382165605,0,10,None,66,1,5,False,1000,1000
16150,85,unweighted,10,0.1809315286624203,0,20,None,66,1,5,False,1000,1000
16151,86,unweighted,10,0.1850119426751592,0,20,None,66,1,5,False,1000,1000
16152,87,unweighted,10,0.188296178343949,0,20,None,66,1,5,False,1000,1000
16153,88,unweighted,10,0.1918789808917197,0,20,None,66,1,5,False,1000,1000
16154,89,unweighted,10,0.1933718152866242,0,20,None,66,1,5,False,1000,1000
16155,85,unweighted,10,0.1070859872611465,0,22,None,66,1,5,False,1000,1000
16156,86,unweighted,10,0.1240047770700636,0,22,None,66,1,5,False,1000,1000
16157,87,unweighted,10,0.1922770700636942,0,22,None,66,1,5,False,1000,1000
16158,88,unweighted,10,0.2367635350318471,0,22,None,66,1,5,False,1000,1000
16159,89,unweighted,10,0.272890127388535,0,22,None,66,1,5,False,1000,1000
16160,85,unweighted,10,0.1252985668789809,0,23,None,66,1,5,False,1000,1000
16161,86,unweighted,10,0.1471934713375796,0,23,None,66,1,5,False,1000,1000
16162,87,unweighted,10,0.1649084394904458,0,23,None,66,1,5,False,1000,1000
16163,88,unweighted,10,0.1684912420382165,0,23,None,66,1,5,False,1000,1000
16164,89,unweighted,10,0.1673964968152866,0,23,None,66,1,5,False,1000,1000
16165,85,unweighted,10,0.1891918789808917,0,32,None,66,1,5,False,1000,1000
16166,86,unweighted,10,0.1881966560509554,0,32,None,66,1,5,False,1000,1000
16167,87,unweighted,10,0.1861066878980891,0,32,None,66,1,5,False,1000,1000
16168,88,unweighted,10,0.1822253184713375,0,32,None,66,1,5,False,1000,1000
16169,89,unweighted,10,0.1777468152866242,0,32,None,66,1,5,False,1000,1000
16170,90,unweighted,10,0.1941679936305732,0,20,None,66,1,5,False,1000,1000
16171,91,unweighted,10,0.1953622611464968,0,20,None,66,1,5,False,1000,1000
16172,92,unweighted,10,0.1965565286624203,0,20,None,66,1,5,False,1000,1000
16173,93,unweighted,10,0.1969546178343949,0,20,None,66,1,5,False,1000,1000
16174,94,unweighted,10,0.1969546178343949,0,20,None,66,1,5,False,1000,1000
16175,90,unweighted,10,0.110171178343949,0,31,None,66,1,5,False,1000,1000
16176,91,unweighted,10,0.1187300955414012,0,31,None,66,1,5,False,1000,1000
16177,92,unweighted,10,0.1256966560509554,0,31,None,66,1,5,False,1000,1000
16178,93,unweighted,10,0.1313694267515923,0,31,None,66,1,5,False,1000,1000
16179,94,unweighted,10,0.136046974522293,0,31,None,66,1,5,False,1000,1000
16180,90,unweighted,10,0.1861066878980891,0,32,None,66,1,5,False,1000,1000
16181,91,unweighted,10,0.181827229299363,0,32,None,66,1,5,False,1000,1000
16182,92,unweighted,10,0.1779458598726114,0,32,None,66,1,5,False,1000,1000
16183,93,unweighted,10,0.1732683121019108,0,32,None,66,1,5,False,1000,1000
16184,94,unweighted,10,0.1692874203821656,0,32,None,66,1,5,False,1000,1000
16185,90,unweighted,10,0.1908837579617834,0,25,None,66,1,5,False,1000,1000
16186,91,unweighted,10,0.1906847133757961,0,25,None,66,1,5,False,1000,1000
16187,92,unweighted,10,0.1904856687898089,0,25,None,66,1,5,False,1000,1000
16188,93,unweighted,10,0.1902866242038216,0,25,None,66,1,5,False,1000,1000
16189,94,unweighted,10,0.190187101910828,0,25,None,66,1,5,False,1000,1000
16190,90,unweighted,10,0.0995222929936305,0,14,None,66,1,5,False,1000,1000
16191,91,unweighted,10,0.0995222929936305,0,14,None,66,1,5,False,1000,1000
16192,92,unweighted,10,0.0995222929936305,0,14,None,66,1,5,False,1000,1000
16193,93,unweighted,10,0.0995222929936305,0,14,None,66,1,5,False,1000,1000
16194,94,unweighted,10,0.0995222929936305,0,14,None,66,1,5,False,1000,1000
16195,90,unweighted,10,0.1708797770700637,0,22,None,66,1,5,False,1000,1000
16196,91,unweighted,10,0.2174562101910828,0,22,None,66,1,5,False,1000,1000
16197,92,unweighted,10,0.2206409235668789,0,22,None,66,1,5,False,1000,1000
16198,93,unweighted,10,0.1967555732484076,0,22,None,66,1,5,False,1000,1000
16199,94,unweighted,10,0.1739649681528662,0,22,None,66,1,5,False,1000,1000
16200,90,unweighted,10,0.1897890127388535,0,26,None,66,1,5,False,1000,1000
16201,91,unweighted,10,0.2491042993630573,0,26,None,66,1,5,False,1000,1000
16202,92,unweighted,10,0.2663216560509554,0,26,None,66,1,5,False,1000,1000
16203,93,unweighted,10,0.297671178343949,0,26,None,66,1,5,False,1000,1000
16204,94,unweighted,10,0.2881170382165605,0,26,None,66,1,5,False,1000,1000
16205,90,unweighted,10,0.1896894904458598,0,7,None,66,1,5,False,1000,1000
16206,91,unweighted,10,0.1908837579617834,0,7,None,66,1,5,False,1000,1000
16207,92,unweighted,10,0.2002388535031847,0,7,None,66,1,5,False,1000,1000
16208,93,unweighted,10,0.2049164012738853,0,7,None,66,1,5,False,1000,1000
16209,94,unweighted,10,0.1933718152866242,0,7,None,66,1,5,False,1000,1000
16210,90,unweighted,10,0.1765525477707006,0,16,None,66,1,5,False,1000,1000
16211,91,unweighted,10,0.1845143312101911,0,16,None,66,1,5,False,1000,1000
16212,92,unweighted,10,0.1814291401273885,0,16,None,66,1,5,False,1000,1000
16213,93,unweighted,10,0.1801353503184713,0,16,None,66,1,5,False,1000,1000
16214,94,unweighted,10,0.1790406050955414,0,16,None,66,1,5,False,1000,1000
16215,90,unweighted,10,0.0995222929936305,0,18,None,66,1,5,False,1000,1000
16216,91,unweighted,10,0.0995222929936305,0,18,None,66,1,5,False,1000,1000
16217,92,unweighted,10,0.0995222929936305,0,18,None,66,1,5,False,1000,1000
16218,93,unweighted,10,0.0995222929936305,0,18,None,66,1,5,False,1000,1000
16219,94,unweighted,10,0.0995222929936305,0,18,None,66,1,5,False,1000,1000
16220,90,unweighted,10,0.2108877388535031,0,11,None,66,1,5,False,1000,1000
16221,91,unweighted,10,0.2024283439490445,0,11,None,66,1,5,False,1000,1000
16222,92,unweighted,10,0.1918789808917197,0,11,None,66,1,5,False,1000,1000
16223,93,unweighted,10,0.1652070063694267,0,11,None,66,1,5,False,1000,1000
16224,94,unweighted,10,0.1186305732484076,0,11,None,66,1,5,False,1000,1000
16225,90,unweighted,10,0.2158638535031847,0,17,None,66,1,5,False,1000,1000
16226,91,unweighted,10,0.2162619426751592,0,17,None,66,1,5,False,1000,1000
16227,92,unweighted,10,0.2139729299363057,0,17,None,66,1,5,False,1000,1000
16228,93,unweighted,10,0.2115843949044586,0,17,None,66,1,5,False,1000,1000
16229,94,unweighted,10,0.2113853503184713,0,17,None,66,1,5,False,1000,1000
16230,90,unweighted,10,0.1961584394904458,0,15,None,66,1,5,False,1000,1000
16231,91,unweighted,10,0.1963574840764331,0,15,None,66,1,5,False,1000,1000
16232,92,unweighted,10,0.1961584394904458,0,15,None,66,1,5,False,1000,1000
16233,93,unweighted,10,0.1952627388535031,0,15,None,66,1,5,False,1000,1000
16234,94,unweighted,10,0.1934713375796178,0,15,None,66,1,5,False,1000,1000
16235,90,unweighted,10,0.2104896496815286,0,10,None,66,1,5,False,1000,1000
16236,91,unweighted,10,0.2097929936305732,0,10,None,66,1,5,False,1000,1000
16237,92,unweighted,10,0.2051154458598726,0,10,None,66,1,5,False,1000,1000
16238,93,unweighted,10,0.192874203821656,0,10,None,66,1,5,False,1000,1000
16239,94,unweighted,10,0.1676950636942675,0,10,None,66,1,5,False,1000,1000
16240,90,unweighted,10,0.2806528662420382,0,12,None,66,1,5,False,1000,1000
16241,91,unweighted,10,0.2685111464968153,0,12,None,66,1,5,False,1000,1000
16242,92,unweighted,10,0.257265127388535,0,12,None,66,1,5,False,1000,1000
16243,93,unweighted,10,0.2221337579617834,0,12,None,66,1,5,False,1000,1000
16244,94,unweighted,10,0.1850119426751592,0,12,None,66,1,5,False,1000,1000
16245,90,unweighted,10,0.0995222929936305,0,19,None,66,1,5,False,1000,1000
16246,91,unweighted,10,0.0995222929936305,0,19,None,66,1,5,False,1000,1000
16247,92,unweighted,10,0.0997213375796178,0,19,None,66,1,5,False,1000,1000
16248,93,unweighted,10,0.0998208598726114,0,19,None,66,1,5,False,1000,1000
16249,94,unweighted,10,0.0997213375796178,0,19,None,66,1,5,False,1000,1000
16250,90,unweighted,10,0.1532643312101911,0,24,None,66,1,5,False,1000,1000
16251,91,unweighted,10,0.1600318471337579,0,24,None,66,1,5,False,1000,1000
16252,92,unweighted,10,0.1656050955414012,0,24,None,66,1,5,False,1000,1000
16253,93,unweighted,10,0.1686902866242038,0,24,None,66,1,5,False,1000,1000
16254,94,unweighted,10,0.1714769108280254,0,24,None,66,1,5,False,1000,1000
16255,90,unweighted,10,0.2578622611464968,0,30,None,66,1,5,False,1000,1000
16256,91,unweighted,10,0.2565684713375796,0,30,None,66,1,5,False,1000,1000
16257,92,unweighted,10,0.2525875796178344,0,30,None,66,1,5,False,1000,1000
16258,93,unweighted,10,0.2464171974522293,0,30,None,66,1,5,False,1000,1000
16259,94,unweighted,10,0.2367635350318471,0,30,None,66,1,5,False,1000,1000
16260,90,unweighted,10,0.2261146496815286,0,6,None,66,1,5,False,1000,1000
16261,91,unweighted,10,0.1111664012738853,0,6,None,66,1,5,False,1000,1000
16262,92,unweighted,10,0.0995222929936305,0,6,None,66,1,5,False,1000,1000
16263,93,unweighted,10,0.0995222929936305,0,6,None,66,1,5,False,1000,1000
16264,94,unweighted,10,0.0995222929936305,0,6,None,66,1,5,False,1000,1000
16265,90,unweighted,10,0.0995222929936305,0,1,None,66,1,5,False,1000,1000
16266,91,unweighted,10,0.0995222929936305,0,1,None,66,1,5,False,1000,1000
16267,92,unweighted,10,0.0995222929936305,0,1,None,66,1,5,False,1000,1000
16268,93,unweighted,10,0.0995222929936305,0,1,None,66,1,5,False,1000,1000
16269,94,unweighted,10,0.0995222929936305,0,1,None,66,1,5,False,1000,1000
16270,90,unweighted,10,0.2056130573248407,0,2,None,66,1,5,False,1000,1000
16271,91,unweighted,10,0.2257165605095541,0,2,None,66,1,5,False,1000,1000
16272,92,unweighted,10,0.2315883757961783,0,2,None,66,1,5,False,1000,1000
16273,93,unweighted,10,0.2261146496815286,0,2,None,66,1,5,False,1000,1000
16274,94,unweighted,10,0.2162619426751592,0,2,None,66,1,5,False,1000,1000
16275,90,unweighted,10,0.2180533439490445,0,0,None,66,1,5,False,1000,1000
16276,91,unweighted,10,0.1581409235668789,0,0,None,66,1,5,False,1000,1000
16277,92,unweighted,10,0.130374203821656,0,0,None,66,1,5,False,1000,1000
16278,93,unweighted,10,0.1131568471337579,0,0,None,66,1,5,False,1000,1000
16279,94,unweighted,10,0.1028065286624203,0,0,None,66,1,5,False,1000,1000
16280,90,unweighted,10,0.1894904458598726,0,4,None,66,1,5,False,1000,1000
16281,91,unweighted,10,0.1894904458598726,0,4,None,66,1,5,False,1000,1000
16282,92,unweighted,10,0.1900875796178344,0,4,None,66,1,5,False,1000,1000
16283,93,unweighted,10,0.190983280254777,0,4,None,66,1,5,False,1000,1000
16284,94,unweighted,10,0.1912818471337579,0,4,None,66,1,5,False,1000,1000
16285,90,unweighted,10,0.2283041401273885,0,3,None,66,1,5,False,1000,1000
16286,91,unweighted,10,0.219546178343949,0,3,None,66,1,5,False,1000,1000
16287,92,unweighted,10,0.2093949044585987,0,3,None,66,1,5,False,1000,1000
16288,93,unweighted,10,0.2040207006369426,0,3,None,66,1,5,False,1000,1000
16289,94,unweighted,10,0.2000398089171974,0,3,None,66,1,5,False,1000,1000
16290,90,unweighted,10,0.1997412420382165,0,5,None,66,1,5,False,1000,1000
16291,91,unweighted,10,0.1824243630573248,0,5,None,66,1,5,False,1000,1000
16292,92,unweighted,10,0.1780453821656051,0,5,None,66,1,5,False,1000,1000
16293,93,unweighted,10,0.1776472929936305,0,5,None,66,1,5,False,1000,1000
16294,94,unweighted,10,0.1768511146496815,0,5,None,66,1,5,False,1000,1000
16295,90,unweighted,10,0.0995222929936305,0,8,None,66,1,5,False,1000,1000
16296,91,unweighted,10,0.0995222929936305,0,8,None,66,1,5,False,1000,1000
16297,92,unweighted,10,0.0995222929936305,0,8,None,66,1,5,False,1000,1000
16298,93,unweighted,10,0.0995222929936305,0,8,None,66,1,5,False,1000,1000
16299,94,unweighted,10,0.0995222929936305,0,8,None,66,1,5,False,1000,1000
16300,90,unweighted,10,0.1673964968152866,0,9,None,66,1,5,False,1000,1000
16301,91,unweighted,10,0.168093152866242,0,9,None,66,1,5,False,1000,1000
16302,92,unweighted,10,0.1681926751592356,0,9,None,66,1,5,False,1000,1000
16303,93,unweighted,10,0.1681926751592356,0,9,None,66,1,5,False,1000,1000
16304,94,unweighted,10,0.1674960191082802,0,9,None,66,1,5,False,1000,1000
16305,90,unweighted,10,0.2011345541401273,0,13,None,66,1,5,False,1000,1000
16306,91,unweighted,10,0.2328821656050955,0,13,None,66,1,5,False,1000,1000
16307,92,unweighted,10,0.2382563694267516,0,13,None,66,1,5,False,1000,1000
16308,93,unweighted,10,0.2194466560509554,0,13,None,66,1,5,False,1000,1000
16309,94,unweighted,10,0.2001393312101911,0,13,None,66,1,5,False,1000,1000
16310,90,unweighted,10,0.0995222929936305,0,21,None,66,1,5,False,1000,1000
16311,91,unweighted,10,0.0995222929936305,0,21,None,66,1,5,False,1000,1000
16312,92,unweighted,10,0.0995222929936305,0,21,None,66,1,5,False,1000,1000
16313,93,unweighted,10,0.0995222929936305,0,21,None,66,1,5,False,1000,1000
16314,94,unweighted,10,0.0995222929936305,0,21,None,66,1,5,False,1000,1000
16315,90,unweighted,10,0.1201234076433121,0,23,None,66,1,5,False,1000,1000
16316,91,unweighted,10,0.1265923566878981,0,23,None,66,1,5,False,1000,1000
16317,92,unweighted,10,0.134952229299363,0,23,None,66,1,5,False,1000,1000
16318,93,unweighted,10,0.1426154458598726,0,23,None,66,1,5,False,1000,1000
16319,94,unweighted,10,0.1485867834394904,0,23,None,66,1,5,False,1000,1000
16320,90,unweighted,10,0.1859076433121019,0,27,None,66,1,5,False,1000,1000
16321,91,unweighted,10,0.1866042993630573,0,27,None,66,1,5,False,1000,1000
16322,92,unweighted,10,0.2131767515923567,0,27,None,66,1,5,False,1000,1000
16323,93,unweighted,10,0.253483280254777,0,27,None,66,1,5,False,1000,1000
16324,94,unweighted,10,0.2306926751592356,0,27,None,66,1,5,False,1000,1000
16325,90,unweighted,10,0.1746616242038216,0,28,None,66,1,5,False,1000,1000
16326,91,unweighted,10,0.1581409235668789,0,28,None,66,1,5,False,1000,1000
16327,92,unweighted,10,0.1432125796178344,0,28,None,66,1,5,False,1000,1000
16328,93,unweighted,10,0.1355493630573248,0,28,None,66,1,5,False,1000,1000
16329,94,unweighted,10,0.1396297770700637,0,28,None,66,1,5,False,1000,1000
16330,90,unweighted,10,0.0995222929936305,0,29,None,66,1,5,False,1000,1000
16331,91,unweighted,10,0.0995222929936305,0,29,None,66,1,5,False,1000,1000
16332,92,unweighted,10,0.0994227707006369,0,29,None,66,1,5,False,1000,1000
16333,93,unweighted,10,0.099124203821656,0,29,None,66,1,5,False,1000,1000
16334,94,unweighted,10,0.0994227707006369,0,29,None,66,1,5,False,1000,1000
19470,95,unweighted,10,0.2304936305732484,0,5,None,66,1,5,False,1000,1000
19471,96,unweighted,10,0.2232285031847133,0,5,None,66,1,5,False,1000,1000
19472,97,unweighted,10,0.1968550955414012,0,5,None,66,1,5,False,1000,1000
19473,98,unweighted,10,0.1835191082802547,0,5,None,66,1,5,False,1000,1000
19474,99,unweighted,10,0.1816281847133758,0,5,None,66,1,5,False,1000,1000
19475,95,unweighted,10,0.2064092356687898,0,13,None,66,1,5,False,1000,1000
19476,96,unweighted,10,0.1951632165605095,0,13,None,66,1,5,False,1000,1000
19477,97,unweighted,10,0.1898885350318471,0,13,None,66,1,5,False,1000,1000
19478,98,unweighted,10,0.1879976114649681,0,13,None,66,1,5,False,1000,1000
19479,99,unweighted,10,0.1860071656050955,0,13,None,66,1,5,False,1000,1000
19480,95,unweighted,10,0.1963574840764331,0,15,None,66,1,5,False,1000,1000
19481,96,unweighted,10,0.195561305732484,0,15,None,66,1,5,False,1000,1000
19482,97,unweighted,10,0.1942675159235669,0,15,None,66,1,5,False,1000,1000
19483,98,unweighted,10,0.1929737261146497,0,15,None,66,1,5,False,1000,1000
19484,99,unweighted,10,0.1914808917197452,0,15,None,66,1,5,False,1000,1000
19485,95,unweighted,10,0.1962579617834395,0,10,None,66,1,5,False,1000,1000
19486,96,unweighted,10,0.1944665605095541,0,10,None,66,1,5,False,1000,1000
19487,97,unweighted,10,0.1927746815286624,0,10,None,66,1,5,False,1000,1000
19488,98,unweighted,10,0.1894904458598726,0,10,None,66,1,5,False,1000,1000
19489,99,unweighted,10,0.1860071656050955,0,10,None,66,1,5,False,1000,1000
19490,95,unweighted,10,0.1802348726114649,0,16,None,66,1,5,False,1000,1000
19491,96,unweighted,10,0.1767515923566879,0,16,None,66,1,5,False,1000,1000
19492,97,unweighted,10,0.1777468152866242,0,16,None,66,1,5,False,1000,1000
19493,98,unweighted,10,0.1767515923566879,0,16,None,66,1,5,False,1000,1000
19494,99,unweighted,10,0.1750597133757961,0,16,None,66,1,5,False,1000,1000
19495,95,unweighted,10,0.2524880573248407,0,11,None,66,1,5,False,1000,1000
19496,96,unweighted,10,0.2495023885350318,0,11,None,66,1,5,False,1000,1000
19497,97,unweighted,10,0.2447253184713375,0,11,None,66,1,5,False,1000,1000
19498,98,unweighted,10,0.2375597133757961,0,11,None,66,1,5,False,1000,1000
19499,99,unweighted,10,0.2284036624203821,0,11,None,66,1,5,False,1000,1000
19500,95,unweighted,10,0.1964570063694267,0,20,None,66,1,5,False,1000,1000
19501,96,unweighted,10,0.1972531847133758,0,20,None,66,1,5,False,1000,1000
19502,97,unweighted,10,0.1973527070063694,0,20,None,66,1,5,False,1000,1000
19503,98,unweighted,10,0.1972531847133758,0,20,None,66,1,5,False,1000,1000
19504,99,unweighted,10,0.1972531847133758,0,20,None,66,1,5,False,1000,1000
19505,95,unweighted,10,0.1477906050955414,0,14,None,66,1,5,False,1000,1000
19506,96,unweighted,10,0.1306727707006369,0,14,None,66,1,5,False,1000,1000
19507,97,unweighted,10,0.112858280254777,0,14,None,66,1,5,False,1000,1000
19508,98,unweighted,10,0.1039012738853503,0,14,None,66,1,5,False,1000,1000
19509,99,unweighted,10,0.1021098726114649,0,14,None,66,1,5,False,1000,1000
19510,95,unweighted,10,0.1817277070063694,0,22,None,66,1,5,False,1000,1000
19511,96,unweighted,10,0.1708797770700637,0,22,None,66,1,5,False,1000,1000
19512,97,unweighted,10,0.1797372611464968,0,22,None,66,1,5,False,1000,1000
19513,98,unweighted,10,0.1798367834394904,0,22,None,66,1,5,False,1000,1000
19514,99,unweighted,10,0.1789410828025477,0,22,None,66,1,5,False,1000,1000
19515,95,unweighted,10,0.1464968152866242,0,23,None,66,1,5,False,1000,1000
19516,96,unweighted,10,0.116640127388535,0,23,None,66,1,5,False,1000,1000
19517,97,unweighted,10,0.1151472929936305,0,23,None,66,1,5,False,1000,1000
19518,98,unweighted,10,0.1170382165605095,0,23,None,66,1,5,False,1000,1000
19519,99,unweighted,10,0.1201234076433121,0,23,None,66,1,5,False,1000,1000
19520,95,unweighted,10,0.2679140127388535,0,17,None,66,1,5,False,1000,1000
19521,96,unweighted,10,0.2188495222929936,0,17,None,66,1,5,False,1000,1000
19522,97,unweighted,10,0.2152667197452229,0,17,None,66,1,5,False,1000,1000
19523,98,unweighted,10,0.2131767515923567,0,17,None,66,1,5,False,1000,1000
19524,99,unweighted,10,0.2108877388535031,0,17,None,66,1,5,False,1000,1000
19525,95,unweighted,10,0.1885947452229299,0,25,None,66,1,5,False,1000,1000
19526,96,unweighted,10,0.1881966560509554,0,25,None,66,1,5,False,1000,1000
19527,97,unweighted,10,0.1879976114649681,0,25,None,66,1,5,False,1000,1000
19528,98,unweighted,10,0.1872014331210191,0,25,None,66,1,5,False,1000,1000
19529,99,unweighted,10,0.1865047770700637,0,25,None,66,1,5,False,1000,1000
19530,95,unweighted,10,0.2391520700636942,0,26,None,66,1,5,False,1000,1000
19531,96,unweighted,10,0.2603503184713376,0,26,None,66,1,5,False,1000,1000
19532,97,unweighted,10,0.2512937898089172,0,26,None,66,1,5,False,1000,1000
19533,98,unweighted,10,0.2491042993630573,0,26,None,66,1,5,False,1000,1000
19534,99,unweighted,10,0.2503980891719745,0,26,None,66,1,5,False,1000,1000
19535,95,unweighted,10,0.2715963375796178,0,12,None,66,1,5,False,1000,1000
19536,96,unweighted,10,0.2496019108280254,0,12,None,66,1,5,False,1000,1000
19537,97,unweighted,10,0.2300955414012739,0,12,None,66,1,5,False,1000,1000
19538,98,unweighted,10,0.2028264331210191,0,12,None,66,1,5,False,1000,1000
19539,99,unweighted,10,0.1894904458598726,0,12,None,66,1,5,False,1000,1000
19540,95,unweighted,10,0.1716759554140127,0,28,None,66,1,5,False,1000,1000
19541,96,unweighted,10,0.1377388535031847,0,28,None,66,1,5,False,1000,1000
19542,97,unweighted,10,0.1137539808917197,0,28,None,66,1,5,False,1000,1000
19543,98,unweighted,10,0.1027070063694267,0,28,None,66,1,5,False,1000,1000
19544,99,unweighted,10,0.1000199044585987,0,28,None,66,1,5,False,1000,1000
19545,95,unweighted,10,0.0994227707006369,0,29,None,66,1,5,False,1000,1000
19546,96,unweighted,10,0.0990246815286624,0,29,None,66,1,5,False,1000,1000
19547,97,unweighted,10,0.099124203821656,0,29,None,66,1,5,False,1000,1000
19548,98,unweighted,10,0.0994227707006369,0,29,None,66,1,5,False,1000,1000
19549,99,unweighted,10,0.0995222929936305,0,29,None,66,1,5,False,1000,1000
19550,95,unweighted,10,0.1588375796178344,0,9,None,66,1,5,False,1000,1000
19551,96,unweighted,10,0.1592356687898089,0,9,None,66,1,5,False,1000,1000
19552,97,unweighted,10,0.1595342356687898,0,9,None,66,1,5,False,1000,1000
19553,98,unweighted,10,0.1599323248407643,0,9,None,66,1,5,False,1000,1000
19554,99,unweighted,10,0.1602308917197452,0,9,None,66,1,5,False,1000,1000
19555,95,unweighted,10,0.2388535031847133,0,30,None,66,1,5,False,1000,1000
19556,96,unweighted,10,0.2258160828025477,0,30,None,66,1,5,False,1000,1000
19557,97,unweighted,10,0.2165605095541401,0,30,None,66,1,5,False,1000,1000
19558,98,unweighted,10,0.2113853503184713,0,30,None,66,1,5,False,1000,1000
19559,99,unweighted,10,0.2048168789808917,0,30,None,66,1,5,False,1000,1000
19560,95,unweighted,10,0.2436305732484076,0,6,None,66,1,5,False,1000,1000
19561,96,unweighted,10,0.1621218152866242,0,6,None,66,1,5,False,1000,1000
19562,97,unweighted,10,0.1436106687898089,0,6,None,66,1,5,False,1000,1000
19563,98,unweighted,10,0.1272890127388535,0,6,None,66,1,5,False,1000,1000
19564,99,unweighted,10,0.1151472929936305,0,6,None,66,1,5,False,1000,1000
19565,95,unweighted,10,0.1865047770700637,0,27,None,66,1,5,False,1000,1000
19566,96,unweighted,10,0.1990445859872611,0,27,None,66,1,5,False,1000,1000
19567,97,unweighted,10,0.2147691082802547,0,27,None,66,1,5,False,1000,1000
19568,98,unweighted,10,0.2098925159235669,0,27,None,66,1,5,False,1000,1000
19569,99,unweighted,10,0.2019307324840764,0,27,None,66,1,5,False,1000,1000
19570,95,unweighted,10,0.1907842356687898,0,7,None,66,1,5,False,1000,1000
19571,96,unweighted,10,0.1836186305732484,0,7,None,66,1,5,False,1000,1000
19572,97,unweighted,10,0.1826234076433121,0,7,None,66,1,5,False,1000,1000
19573,98,unweighted,10,0.1762539808917197,0,7,None,66,1,5,False,1000,1000
19574,99,unweighted,10,0.1639132165605095,0,7,None,66,1,5,False,1000,1000
19575,95,unweighted,10,0.1879976114649681,0,4,None,66,1,5,False,1000,1000
19576,96,unweighted,10,0.1884952229299363,0,4,None,66,1,5,False,1000,1000
19577,97,unweighted,10,0.1888933121019108,0,4,None,66,1,5,False,1000,1000
19578,98,unweighted,10,0.1891918789808917,0,4,None,66,1,5,False,1000,1000
19579,99,unweighted,10,0.1890923566878981,0,4,None,66,1,5,False,1000,1000
19580,95,unweighted,10,0.1812300955414012,0,32,None,66,1,5,False,1000,1000
19581,96,unweighted,10,0.1781449044585987,0,32,None,66,1,5,False,1000,1000
19582,97,unweighted,10,0.1739649681528662,0,32,None,66,1,5,False,1000,1000
19583,98,unweighted,10,0.1706807324840764,0,32,None,66,1,5,False,1000,1000
19584,99,unweighted,10,0.1665007961783439,0,32,None,66,1,5,False,1000,1000
19585,95,unweighted,10,0.0995222929936305,0,1,None,66,1,5,False,1000,1000
19586,96,unweighted,10,0.0995222929936305,0,1,None,66,1,5,False,1000,1000
19587,97,unweighted,10,0.0995222929936305,0,1,None,66,1,5,False,1000,1000
19588,98,unweighted,10,0.0995222929936305,0,1,None,66,1,5,False,1000,1000
19589,99,unweighted,10,0.0995222929936305,0,1,None,66,1,5,False,1000,1000
19590,95,unweighted,10,0.2011345541401273,0,2,None,66,1,5,False,1000,1000
19591,96,unweighted,10,0.212281050955414,0,2,None,66,1,5,False,1000,1000
19592,97,unweighted,10,0.2216361464968153,0,2,None,66,1,5,False,1000,1000
19593,98,unweighted,10,0.2296974522292993,0,2,None,66,1,5,False,1000,1000
19594,99,unweighted,10,0.2349721337579617,0,2,None,66,1,5,False,1000,1000
19595,95,unweighted,10,0.1241042993630573,0,8,None,66,1,5,False,1000,1000
19596,96,unweighted,10,0.0996218152866242,0,8,None,66,1,5,False,1000,1000
19597,97,unweighted,10,0.0995222929936305,0,8,None,66,1,5,False,1000,1000
19598,98,unweighted,10,0.0995222929936305,0,8,None,66,1,5,False,1000,1000
19599,99,unweighted,10,0.0995222929936305,0,8,None,66,1,5,False,1000,1000
19600,95,unweighted,10,0.0995222929936305,0,18,None,66,1,5,False,1000,1000
19601,96,unweighted,10,0.1132563694267515,0,18,None,66,1,5,False,1000,1000
19602,97,unweighted,10,0.1515724522292993,0,18,None,66,1,5,False,1000,1000
19603,98,unweighted,10,0.1058917197452229,0,18,None,66,1,5,False,1000,1000
19604,99,unweighted,10,0.0995222929936305,0,18,None,66,1,5,False,1000,1000
19605,95,unweighted,10,0.2087977707006369,0,3,None,66,1,5,False,1000,1000
19606,96,unweighted,10,0.2139729299363057,0,3,None,66,1,5,False,1000,1000
19607,97,unweighted,10,0.2092953821656051,0,3,None,66,1,5,False,1000,1000
19608,98,unweighted,10,0.2110867834394904,0,3,None,66,1,5,False,1000,1000
19609,99,unweighted,10,0.2123805732484076,0,3,None,66,1,5,False,1000,1000
19610,95,unweighted,10,0.1183320063694267,0,31,None,66,1,5,False,1000,1000
19611,96,unweighted,10,0.127687101910828,0,31,None,66,1,5,False,1000,1000
19612,97,unweighted,10,0.1329617834394904,0,31,None,66,1,5,False,1000,1000
19613,98,unweighted,10,0.1391321656050955,0,31,None,66,1,5,False,1000,1000
19614,99,unweighted,10,0.1430135350318471,0,31,None,66,1,5,False,1000,1000
19615,95,unweighted,10,0.0995222929936305,0,19,None,66,1,5,False,1000,1000
19616,96,unweighted,10,0.0995222929936305,0,19,None,66,1,5,False,1000,1000
19617,97,unweighted,10,0.0995222929936305,0,19,None,66,1,5,False,1000,1000
19618,98,unweighted,10,0.0995222929936305,0,19,None,66,1,5,False,1000,1000
19619,99,unweighted,10,0.0995222929936305,0,19,None,66,1,5,False,1000,1000
19620,95,unweighted,10,0.0995222929936305,0,21,None,66,1,5,False,1000,1000
19621,96,unweighted,10,0.0995222929936305,0,21,None,66,1,5,False,1000,1000
19622,97,unweighted,10,0.0995222929936305,0,21,None,66,1,5,False,1000,1000
19623,98,unweighted,10,0.0995222929936305,0,21,None,66,1,5,False,1000,1000
19624,99,unweighted,10,0.0995222929936305,0,21,None,66,1,5,False,1000,1000
19625,95,unweighted,10,0.1809315286624203,0,0,None,66,1,5,False,1000,1000
19626,96,unweighted,10,0.1784434713375796,0,0,None,66,1,5,False,1000,1000
19627,97,unweighted,10,0.1633160828025477,0,0,None,66,1,5,False,1000,1000
19628,98,unweighted,10,0.1476910828025477,0,0,None,66,1,5,False,1000,1000
19629,99,unweighted,10,0.1394307324840764,0,0,None,66,1,5,False,1000,1000
19630,95,unweighted,10,0.1400278662420382,0,24,None,66,1,5,False,1000,1000
19631,96,unweighted,10,0.1487858280254777,0,24,None,66,1,5,False,1000,1000
19632,97,unweighted,10,0.1547571656050955,0,24,None,66,1,5,False,1000,1000
19633,98,unweighted,10,0.1605294585987261,0,24,None,66,1,5,False,1000,1000
19634,99,unweighted,10,0.1634156050955414,0,24,None,66,1,5,False,1000,1000
19635,100,unweighted,10,0.1941679936305732,0,15,None,66,1,5,False,1000,1000
19636,101,unweighted,10,0.1935708598726114,0,15,None,66,1,5,False,1000,1000
19637,102,unweighted,10,0.1921775477707006,0,15,None,66,1,5,False,1000,1000
19638,103,unweighted,10,0.1910828025477707,0,15,None,66,1,5,False,1000,1000
19639,104,unweighted,10,0.1904856687898089,0,15,None,66,1,5,False,1000,1000
19640,100,unweighted,10,0.2079020700636942,0,20,None,66,1,5,False,1000,1000
19641,101,unweighted,10,0.1961584394904458,0,20,None,66,1,5,False,1000,1000
19642,102,unweighted,10,0.1964570063694267,0,20,None,66,1,5,False,1000,1000
19643,103,unweighted,10,0.1960589171974522,0,20,None,66,1,5,False,1000,1000
19644,104,unweighted,10,0.1954617834394904,0,20,None,66,1,5,False,1000,1000
19645,100,unweighted,10,0.1945660828025477,0,10,None,66,1,5,False,1000,1000
19646,101,unweighted,10,0.1929737261146497,0,10,None,66,1,5,False,1000,1000
19647,102,unweighted,10,0.1905851910828025,0,10,None,66,1,5,False,1000,1000
19648,103,unweighted,10,0.1887937898089172,0,10,None,66,1,5,False,1000,1000
19649,104,unweighted,10,0.1877985668789809,0,10,None,66,1,5,False,1000,1000
19650,100,unweighted,10,0.2013335987261146,0,22,None,66,1,5,False,1000,1000
19651,101,unweighted,10,0.150577229299363,0,22,None,66,1,5,False,1000,1000
19652,102,unweighted,10,0.1461982484076433,0,22,None,66,1,5,False,1000,1000
19653,103,unweighted,10,0.1475915605095541,0,22,None,66,1,5,False,1000,1000
19654,104,unweighted,10,0.1484872611464968,0,22,None,66,1,5,False,1000,1000
19655,100,unweighted,10,0.1780453821656051,0,32,None,66,1,5,False,1000,1000
19656,101,unweighted,10,0.1749601910828025,0,32,None,66,1,5,False,1000,1000
19657,102,unweighted,10,0.1711783439490445,0,32,None,66,1,5,False,1000,1000
19658,103,unweighted,10,0.1681926751592356,0,32,None,66,1,5,False,1000,1000
19659,104,unweighted,10,0.166202229299363,0,32,None,66,1,5,False,1000,1000
19660,100,unweighted,10,0.1675955414012739,0,16,None,66,1,5,False,1000,1000
19661,101,unweighted,10,0.1708797770700637,0,16,None,66,1,5,False,1000,1000
19662,102,unweighted,10,0.1721735668789809,0,16,None,66,1,5,False,1000,1000
19663,103,unweighted,10,0.1712778662420382,0,16,None,66,1,5,False,1000,1000
19664,104,unweighted,10,0.1710788216560509,0,16,None,66,1,5,False,1000,1000
19665,100,unweighted,10,0.1092754777070063,0,18,None,66,1,5,False,1000,1000
19666,101,unweighted,10,0.1094745222929936,0,18,None,66,1,5,False,1000,1000
19667,102,unweighted,10,0.1485867834394904,0,18,None,66,1,5,False,1000,1000
19668,103,unweighted,10,0.1436106687898089,0,18,None,66,1,5,False,1000,1000
19669,104,unweighted,10,0.1261942675159235,0,18,None,66,1,5,False,1000,1000
19670,100,unweighted,10,0.0995222929936305,0,19,None,66,1,5,False,1000,1000
19671,101,unweighted,10,0.1001194267515923,0,19,None,66,1,5,False,1000,1000
19672,102,unweighted,10,0.1031050955414012,0,19,None,66,1,5,False,1000,1000
19673,103,unweighted,10,0.1125597133757961,0,19,None,66,1,5,False,1000,1000
19674,104,unweighted,10,0.1243033439490445,0,19,None,66,1,5,False,1000,1000
19675,100,unweighted,10,0.1821257961783439,0,25,None,66,1,5,False,1000,1000
19676,101,unweighted,10,0.1807324840764331,0,25,None,66,1,5,False,1000,1000
19677,102,unweighted,10,0.1804339171974522,0,25,None,66,1,5,False,1000,1000
19678,103,unweighted,10,0.1795382165605095,0,25,None,66,1,5,False,1000,1000
19679,104,unweighted,10,0.1784434713375796,0,25,None,66,1,5,False,1000,1000
19680,100,unweighted,10,0.2189490445859872,0,17,None,66,1,5,False,1000,1000
19681,101,unweighted,10,0.195561305732484,0,17,None,66,1,5,False,1000,1000
19682,102,unweighted,10,0.1959593949044586,0,17,None,66,1,5,False,1000,1000
19683,103,unweighted,10,0.1968550955414012,0,17,None,66,1,5,False,1000,1000
19684,104,unweighted,10,0.2015326433121019,0,17,None,66,1,5,False,1000,1000
19685,100,unweighted,10,0.2156648089171974,0,11,None,66,1,5,False,1000,1000
19686,101,unweighted,10,0.2128781847133758,0,11,None,66,1,5,False,1000,1000
19687,102,unweighted,10,0.2097929936305732,0,11,None,66,1,5,False,1000,1000
19688,103,unweighted,10,0.2052149681528662,0,11,None,66,1,5,False,1000,1000
19689,104,unweighted,10,0.2006369426751592,0,11,None,66,1,5,False,1000,1000
19690,100,unweighted,10,0.1794386942675159,0,7,None,66,1,5,False,1000,1000
19691,101,unweighted,10,0.1770501592356688,0,7,None,66,1,5,False,1000,1000
19692,102,unweighted,10,0.1719745222929936,0,7,None,66,1,5,False,1000,1000
19693,103,unweighted,10,0.1670979299363057,0,7,None,66,1,5,False,1000,1000
19694,104,unweighted,10,0.1578423566878981,0,7,None,66,1,5,False,1000,1000
19695,100,unweighted,10,0.2169585987261146,0,12,None,66,1,5,False,1000,1000
19696,101,unweighted,10,0.1994426751592356,0,12,None,66,1,5,False,1000,1000
19697,102,unweighted,10,0.1851114649681528,0,12,None,66,1,5,False,1000,1000
19698,103,unweighted,10,0.1775477707006369,0,12,None,66,1,5,False,1000,1000
19699,104,unweighted,10,0.1744625796178344,0,12,None,66,1,5,False,1000,1000
19700,100,unweighted,10,0.1880971337579617,0,14,None,66,1,5,False,1000,1000
19701,101,unweighted,10,0.1984474522292993,0,14,None,66,1,5,False,1000,1000
19702,102,unweighted,10,0.2057125796178344,0,14,None,66,1,5,False,1000,1000
19703,103,unweighted,10,0.2107882165605095,0,14,None,66,1,5,False,1000,1000
19704,104,unweighted,10,0.2165605095541401,0,14,None,66,1,5,False,1000,1000
19705,100,unweighted,10,0.2242237261146497,0,26,None,66,1,5,False,1000,1000
19706,101,unweighted,10,0.2060111464968153,0,26,None,66,1,5,False,1000,1000
19707,102,unweighted,10,0.1988455414012739,0,26,None,66,1,5,False,1000,1000
19708,103,unweighted,10,0.2105891719745223,0,26,None,66,1,5,False,1000,1000
19709,104,unweighted,10,0.2180533439490445,0,26,None,66,1,5,False,1000,1000
19710,100,unweighted,10,0.0995222929936305,0,1,None,66,1,5,False,1000,1000
19711,101,unweighted,10,0.0995222929936305,0,1,None,66,1,5,False,1000,1000
19712,102,unweighted,10,0.0995222929936305,0,1,None,66,1,5,False,1000,1000
19713,103,unweighted,10,0.0995222929936305,0,1,None,66,1,5,False,1000,1000
19714,104,unweighted,10,0.0995222929936305,0,1,None,66,1,5,False,1000,1000
19715,100,unweighted,10,0.1979498407643312,0,2,None,66,1,5,False,1000,1000
19716,101,unweighted,10,0.2004378980891719,0,2,None,66,1,5,False,1000,1000
19717,102,unweighted,10,0.2026273885350318,0,2,None,66,1,5,False,1000,1000
19718,103,unweighted,10,0.2036226114649681,0,2,None,66,1,5,False,1000,1000
19719,104,unweighted,10,0.2035230891719745,0,2,None,66,1,5,False,1000,1000
19720,100,unweighted,10,0.1019108280254777,0,8,None,66,1,5,False,1000,1000
19721,101,unweighted,10,0.1043988853503184,0,8,None,66,1,5,False,1000,1000
19722,102,unweighted,10,0.1198248407643312,0,8,None,66,1,5,False,1000,1000
19723,103,unweighted,10,0.1381369426751592,0,8,None,66,1,5,False,1000,1000
19724,104,unweighted,10,0.1521695859872611,0,8,None,66,1,5,False,1000,1000
19725,100,unweighted,10,0.1803343949044586,0,4,None,66,1,5,False,1000,1000
19726,101,unweighted,10,0.1809315286624203,0,4,None,66,1,5,False,1000,1000
19727,102,unweighted,10,0.1815286624203821,0,4,None,66,1,5,False,1000,1000
19728,103,unweighted,10,0.1816281847133758,0,4,None,66,1,5,False,1000,1000
19729,104,unweighted,10,0.181827229299363,0,4,None,66,1,5,False,1000,1000
19730,100,unweighted,10,0.21765525477707,0,13,None,66,1,5,False,1000,1000
19731,101,unweighted,10,0.2283041401273885,0,13,None,66,1,5,False,1000,1000
19732,102,unweighted,10,0.2299960191082802,0,13,None,66,1,5,False,1000,1000
19733,103,unweighted,10,0.2155652866242038,0,13,None,66,1,5,False,1000,1000
19734,104,unweighted,10,0.203125,0,13,None,66,1,5,False,1000,1000
19735,100,unweighted,10,0.166202229299363,0,9,None,66,1,5,False,1000,1000
19736,101,unweighted,10,0.1652070063694267,0,9,None,66,1,5,False,1000,1000
19737,102,unweighted,10,0.1641122611464968,0,9,None,66,1,5,False,1000,1000
19738,103,unweighted,10,0.1639132165605095,0,9,None,66,1,5,False,1000,1000
19739,104,unweighted,10,0.1640127388535031,0,9,None,66,1,5,False,1000,1000
19740,100,unweighted,10,0.0995222929936305,0,21,None,66,1,5,False,1000,1000
19741,101,unweighted,10,0.0995222929936305,0,21,None,66,1,5,False,1000,1000
19742,102,unweighted,10,0.0995222929936305,0,21,None,66,1,5,False,1000,1000
19743,103,unweighted,10,0.0995222929936305,0,21,None,66,1,5,False,1000,1000
19744,104,unweighted,10,0.0995222929936305,0,21,None,66,1,5,False,1000,1000
19745,100,unweighted,10,0.1544585987261146,0,23,None,66,1,5,False,1000,1000
19746,101,unweighted,10,0.1364450636942675,0,23,None,66,1,5,False,1000,1000
19747,102,unweighted,10,0.1260947452229299,0,23,None,66,1,5,False,1000,1000
19748,103,unweighted,10,0.1221138535031847,0,23,None,66,1,5,False,1000,1000
19749,104,unweighted,10,0.1247014331210191,0,23,None,66,1,5,False,1000,1000
19750,100,unweighted,10,0.1847133757961783,0,28,None,66,1,5,False,1000,1000
19751,101,unweighted,10,0.1766520700636942,0,28,None,66,1,5,False,1000,1000
19752,102,unweighted,10,0.1689888535031847,0,28,None,66,1,5,False,1000,1000
19753,103,unweighted,10,0.1579418789808917,0,28,None,66,1,5,False,1000,1000
19754,104,unweighted,10,0.1529657643312102,0,28,None,66,1,5,False,1000,1000
19755,100,unweighted,10,0.0995222929936305,0,29,None,66,1,5,False,1000,1000
19756,101,unweighted,10,0.0994227707006369,0,29,None,66,1,5,False,1000,1000
19757,102,unweighted,10,0.0994227707006369,0,29,None,66,1,5,False,1000,1000
19758,103,unweighted,10,0.0994227707006369,0,29,None,66,1,5,False,1000,1000
19759,104,unweighted,10,0.0994227707006369,0,29,None,66,1,5,False,1000,1000
19760,100,unweighted,10,0.252687101910828,0,5,None,66,1,5,False,1000,1000
19761,101,unweighted,10,0.2093949044585987,0,5,None,66,1,5,False,1000,1000
19762,102,unweighted,10,0.2080015923566879,0,5,None,66,1,5,False,1000,1000
19763,103,unweighted,10,0.2034235668789809,0,5,None,66,1,5,False,1000,1000
19764,104,unweighted,10,0.1938694267515923,0,5,None,66,1,5,False,1000,1000
19765,100,unweighted,10,0.2011345541401273,0,3,None,66,1,5,False,1000,1000
19766,101,unweighted,10,0.2018312101910828,0,3,None,66,1,5,False,1000,1000
19767,102,unweighted,10,0.1989450636942675,0,3,None,66,1,5,False,1000,1000
19768,103,unweighted,10,0.1978503184713375,0,3,None,66,1,5,False,1000,1000
19769,104,unweighted,10,0.1980493630573248,0,3,None,66,1,5,False,1000,1000
19770,100,unweighted,10,0.2159633757961783,0,6,None,66,1,5,False,1000,1000
19771,101,unweighted,10,0.1997412420382165,0,6,None,66,1,5,False,1000,1000
19772,102,unweighted,10,0.1994426751592356,0,6,None,66,1,5,False,1000,1000
19773,103,unweighted,10,0.2005374203821656,0,6,None,66,1,5,False,1000,1000
19774,104,unweighted,10,0.2038216560509554,0,6,None,66,1,5,False,1000,1000
19775,100,unweighted,10,0.1677945859872611,0,24,None,66,1,5,False,1000,1000
19776,101,unweighted,10,0.1693869426751592,0,24,None,66,1,5,False,1000,1000
19777,102,unweighted,10,0.1702826433121019,0,24,None,66,1,5,False,1000,1000
19778,103,unweighted,10,0.1713773885350318,0,24,None,66,1,5,False,1000,1000
19779,104,unweighted,10,0.1727707006369426,0,24,None,66,1,5,False,1000,1000
19780,100,unweighted,10,0.2167595541401273,0,27,None,66,1,5,False,1000,1000
19781,101,unweighted,10,0.226015127388535,0,27,None,66,1,5,False,1000,1000
19782,102,unweighted,10,0.2078025477707006,0,27,None,66,1,5,False,1000,1000
19783,103,unweighted,10,0.1877985668789809,0,27,None,66,1,5,False,1000,1000
19784,104,unweighted,10,0.1815286624203821,0,27,None,66,1,5,False,1000,1000
19785,100,unweighted,10,0.1857085987261146,0,0,None,66,1,5,False,1000,1000
19786,101,unweighted,10,0.1812300955414012,0,0,None,66,1,5,False,1000,1000
19787,102,unweighted,10,0.1786425159235669,0,0,None,66,1,5,False,1000,1000
19788,103,unweighted,10,0.1777468152866242,0,0,None,66,1,5,False,1000,1000
19789,104,unweighted,10,0.1795382165605095,0,0,None,66,1,5,False,1000,1000
19790,100,unweighted,10,0.2026273885350318,0,30,None,66,1,5,False,1000,1000
19791,101,unweighted,10,0.1992436305732484,0,30,None,66,1,5,False,1000,1000
19792,102,unweighted,10,0.1988455414012739,0,30,None,66,1,5,False,1000,1000
19793,103,unweighted,10,0.1983479299363057,0,30,None,66,1,5,False,1000,1000
19794,104,unweighted,10,0.1964570063694267,0,30,None,66,1,5,False,1000,1000
19795,100,unweighted,10,0.1517714968152866,0,31,None,66,1,5,False,1000,1000
19796,101,unweighted,10,0.1530652866242038,0,31,None,66,1,5,False,1000,1000
19797,102,unweighted,10,0.1552547770700637,0,31,None,66,1,5,False,1000,1000
19798,103,unweighted,10,0.1577428343949044,0,31,None,66,1,5,False,1000,1000
19799,104,unweighted,10,0.1598328025477707,0,31,None,66,1,5,False,1000,1000
23265,105,unweighted,10,0.13953025477707,0,1,None,66,1,5,False,1000,1000
23266,106,unweighted,10,0.1563495222929936,0,1,None,66,1,5,False,1000,1000
23267,107,unweighted,10,0.1712778662420382,0,1,None,66,1,5,False,1000,1000
23268,108,unweighted,10,0.1836186305732484,0,1,None,66,1,5,False,1000,1000
23269,109,unweighted,10,0.1910828025477707,0,1,None,66,1,5,False,1000,1000
23270,105,unweighted,10,0.1638136942675159,0,16,None,66,1,5,False,1000,1000
23271,106,unweighted,10,0.1695859872611465,0,16,None,66,1,5,False,1000,1000
23272,107,unweighted,10,0.1729697452229299,0,16,None,66,1,5,False,1000,1000
23273,108,unweighted,10,0.1754578025477707,0,16,None,66,1,5,False,1000,1000
23274,109,unweighted,10,0.1778463375796178,0,16,None,66,1,5,False,1000,1000
23275,105,unweighted,10,0.1743630573248407,0,8,None,66,1,5,False,1000,1000
23276,106,unweighted,10,0.1801353503184713,0,8,None,66,1,5,False,1000,1000
23277,107,unweighted,10,0.1692874203821656,0,8,None,66,1,5,False,1000,1000
23278,108,unweighted,10,0.1682921974522293,0,8,None,66,1,5,False,1000,1000
23279,109,unweighted,10,0.1621218152866242,0,8,None,66,1,5,False,1000,1000
23280,105,unweighted,10,0.1353503184713375,0,19,None,66,1,5,False,1000,1000
23281,106,unweighted,10,0.1457006369426751,0,19,None,66,1,5,False,1000,1000
23282,107,unweighted,10,0.1553542993630573,0,19,None,66,1,5,False,1000,1000
23283,108,unweighted,10,0.1627189490445859,0,19,None,66,1,5,False,1000,1000
23284,109,unweighted,10,0.1693869426751592,0,19,None,66,1,5,False,1000,1000
23285,105,unweighted,10,0.2009355095541401,0,22,None,66,1,5,False,1000,1000
23286,106,unweighted,10,0.1984474522292993,0,22,None,66,1,5,False,1000,1000
23287,107,unweighted,10,0.1932722929936305,0,22,None,66,1,5,False,1000,1000
23288,108,unweighted,10,0.1880971337579617,0,22,None,66,1,5,False,1000,1000
23289,109,unweighted,10,0.1804339171974522,0,22,None,66,1,5,False,1000,1000
23290,105,unweighted,10,0.1946656050955414,0,14,None,66,1,5,False,1000,1000
23291,106,unweighted,10,0.1962579617834395,0,14,None,66,1,5,False,1000,1000
23292,107,unweighted,10,0.1980493630573248,0,14,None,66,1,5,False,1000,1000
23293,108,unweighted,10,0.2002388535031847,0,14,None,66,1,5,False,1000,1000
23294,109,unweighted,10,0.2026273885350318,0,14,None,66,1,5,False,1000,1000
23295,105,unweighted,10,0.1828224522292993,0,23,None,66,1,5,False,1000,1000
23296,106,unweighted,10,0.1843152866242038,0,23,None,66,1,5,False,1000,1000
23297,107,unweighted,10,0.1874004777070063,0,23,None,66,1,5,False,1000,1000
23298,108,unweighted,10,0.1924761146496815,0,23,None,66,1,5,False,1000,1000
23299,109,unweighted,10,0.1964570063694267,0,23,None,66,1,5,False,1000,1000
23300,105,unweighted,10,0.1358479299363057,0,21,None,66,1,5,False,1000,1000
23301,106,unweighted,10,0.1522691082802547,0,21,None,66,1,5,False,1000,1000
23302,107,unweighted,10,0.1645103503184713,0,21,None,66,1,5,False,1000,1000
23303,108,unweighted,10,0.1765525477707006,0,21,None,66,1,5,False,1000,1000
23304,109,unweighted,10,0.1980493630573248,0,21,None,66,1,5,False,1000,1000
23305,105,unweighted,10,0.1789410828025477,0,24,None,66,1,5,False,1000,1000
23306,106,unweighted,10,0.1746616242038216,0,24,None,66,1,5,False,1000,1000
23307,107,unweighted,10,0.181827229299363,0,24,None,66,1,5,False,1000,1000
23308,108,unweighted,10,0.1977507961783439,0,24,None,66,1,5,False,1000,1000
23309,109,unweighted,10,0.1861066878980891,0,24,None,66,1,5,False,1000,1000
23310,105,unweighted,10,0.1950636942675159,0,30,None,66,1,5,False,1000,1000
23311,106,unweighted,10,0.1952627388535031,0,30,None,66,1,5,False,1000,1000
23312,107,unweighted,10,0.1954617834394904,0,30,None,66,1,5,False,1000,1000
23313,108,unweighted,10,0.1958598726114649,0,30,None,66,1,5,False,1000,1000
23314,109,unweighted,10,0.196656050955414,0,30,None,66,1,5,False,1000,1000
23315,105,unweighted,10,0.1624203821656051,0,31,None,66,1,5,False,1000,1000
23316,106,unweighted,10,0.1657046178343949,0,31,None,66,1,5,False,1000,1000
23317,107,unweighted,10,0.1688893312101911,0,31,None,66,1,5,False,1000,1000
23318,108,unweighted,10,0.1723726114649681,0,31,None,66,1,5,False,1000,1000
23319,109,unweighted,10,0.176453025477707,0,31,None,66,1,5,False,1000,1000
23320,105,unweighted,10,0.1741640127388535,0,27,None,66,1,5,False,1000,1000
23321,106,unweighted,10,0.1738654458598726,0,27,None,66,1,5,False,1000,1000
23322,107,unweighted,10,0.1761544585987261,0,27,None,66,1,5,False,1000,1000
23323,108,unweighted,10,0.1771496815286624,0,27,None,66,1,5,False,1000,1000
23324,109,unweighted,10,0.1790406050955414,0,27,None,66,1,5,False,1000,1000
23325,105,unweighted,10,0.1705812101910828,0,32,None,66,1,5,False,1000,1000
23326,106,unweighted,10,0.169984076433121,0,32,None,66,1,5,False,1000,1000
23327,107,unweighted,10,0.1701831210191083,0,32,None,66,1,5,False,1000,1000
23328,108,unweighted,10,0.1722730891719745,0,32,None,66,1,5,False,1000,1000
23329,109,unweighted,10,0.1750597133757961,0,32,None,66,1,5,False,1000,1000
23330,105,unweighted,10,0.1971536624203821,0,2,None,66,1,5,False,1000,1000
23331,106,unweighted,10,0.197452229299363,0,2,None,66,1,5,False,1000,1000
23332,107,unweighted,10,0.1980493630573248,0,2,None,66,1,5,False,1000,1000
23333,108,unweighted,10,0.1984474522292993,0,2,None,66,1,5,False,1000,1000
23334,109,unweighted,10,0.1989450636942675,0,2,None,66,1,5,False,1000,1000
23335,105,unweighted,10,0.210390127388535,0,5,None,66,1,5,False,1000,1000
23336,106,unweighted,10,0.2085987261146497,0,5,None,66,1,5,False,1000,1000
23337,107,unweighted,10,0.1925756369426751,0,5,None,66,1,5,False,1000,1000
23338,108,unweighted,10,0.1998407643312102,0,5,None,66,1,5,False,1000,1000
23339,109,unweighted,10,0.2014331210191083,0,5,None,66,1,5,False,1000,1000
23340,105,unweighted,10,0.1723726114649681,0,7,None,66,1,5,False,1000,1000
23341,106,unweighted,10,0.1698845541401273,0,7,None,66,1,5,False,1000,1000
23342,107,unweighted,10,0.168093152866242,0,7,None,66,1,5,False,1000,1000
23343,108,unweighted,10,0.1673964968152866,0,7,None,66,1,5,False,1000,1000
23344,109,unweighted,10,0.1695859872611465,0,7,None,66,1,5,False,1000,1000
23345,105,unweighted,10,0.1981488853503184,0,11,None,66,1,5,False,1000,1000
23346,106,unweighted,10,0.1975517515923567,0,11,None,66,1,5,False,1000,1000
23347,107,unweighted,10,0.1970541401273885,0,11,None,66,1,5,False,1000,1000
23348,108,unweighted,10,0.1968550955414012,0,11,None,66,1,5,False,1000,1000
23349,109,unweighted,10,0.1968550955414012,0,11,None,66,1,5,False,1000,1000
23350,105,unweighted,10,0.1937699044585987,0,10,None,66,1,5,False,1000,1000
23351,106,unweighted,10,0.1933718152866242,0,10,None,66,1,5,False,1000,1000
23352,107,unweighted,10,0.1941679936305732,0,10,None,66,1,5,False,1000,1000
23353,108,unweighted,10,0.1950636942675159,0,10,None,66,1,5,False,1000,1000
23354,109,unweighted,10,0.1954617834394904,0,10,None,66,1,5,False,1000,1000
23355,105,unweighted,10,0.1935708598726114,0,15,None,66,1,5,False,1000,1000
23356,106,unweighted,10,0.1939689490445859,0,15,None,66,1,5,False,1000,1000
23357,107,unweighted,10,0.194765127388535,0,15,None,66,1,5,False,1000,1000
23358,108,unweighted,10,0.1953622611464968,0,15,None,66,1,5,False,1000,1000
23359,109,unweighted,10,0.1956608280254777,0,15,None,66,1,5,False,1000,1000
23360,105,unweighted,10,0.2011345541401273,0,17,None,66,1,5,False,1000,1000
23361,106,unweighted,10,0.2374601910828025,0,17,None,66,1,5,False,1000,1000
23362,107,unweighted,10,0.2096934713375796,0,17,None,66,1,5,False,1000,1000
23363,108,unweighted,10,0.2099920382165605,0,17,None,66,1,5,False,1000,1000
23364,109,unweighted,10,0.2110867834394904,0,17,None,66,1,5,False,1000,1000
23365,105,unweighted,10,0.1477906050955414,0,18,None,66,1,5,False,1000,1000
23366,106,unweighted,10,0.1531648089171974,0,18,None,66,1,5,False,1000,1000
23367,107,unweighted,10,0.2007364649681528,0,18,None,66,1,5,False,1000,1000
23368,108,unweighted,10,0.1767515923566879,0,18,None,66,1,5,False,1000,1000
23369,109,unweighted,10,0.1684912420382165,0,18,None,66,1,5,False,1000,1000
23370,105,unweighted,10,0.1894904458598726,0,28,None,66,1,5,False,1000,1000
23371,106,unweighted,10,0.1895899681528662,0,28,None,66,1,5,False,1000,1000
23372,107,unweighted,10,0.1907842356687898,0,28,None,66,1,5,False,1000,1000
23373,108,unweighted,10,0.1927746815286624,0,28,None,66,1,5,False,1000,1000
23374,109,unweighted,10,0.1952627388535031,0,28,None,66,1,5,False,1000,1000
23375,105,unweighted,10,0.2156648089171974,0,12,None,66,1,5,False,1000,1000
23376,106,unweighted,10,0.203921178343949,0,12,None,66,1,5,False,1000,1000
23377,107,unweighted,10,0.1936703821656051,0,12,None,66,1,5,False,1000,1000
23378,108,unweighted,10,0.1865047770700637,0,12,None,66,1,5,False,1000,1000
23379,109,unweighted,10,0.1839171974522293,0,12,None,66,1,5,False,1000,1000
23380,105,unweighted,10,0.1923765923566879,0,6,None,66,1,5,False,1000,1000
23381,106,unweighted,10,0.1913813694267516,0,6,None,66,1,5,False,1000,1000
23382,107,unweighted,10,0.192078025477707,0,6,None,66,1,5,False,1000,1000
23383,108,unweighted,10,0.1941679936305732,0,6,None,66,1,5,False,1000,1000
23384,109,unweighted,10,0.1956608280254777,0,6,None,66,1,5,False,1000,1000
23385,105,unweighted,10,0.2204418789808917,0,13,None,66,1,5,False,1000,1000
23386,106,unweighted,10,0.1953622611464968,0,13,None,66,1,5,False,1000,1000
23387,107,unweighted,10,0.1996417197452229,0,13,None,66,1,5,False,1000,1000
23388,108,unweighted,10,0.2155652866242038,0,13,None,66,1,5,False,1000,1000
23389,109,unweighted,10,0.228702229299363,0,13,None,66,1,5,False,1000,1000
23390,105,unweighted,10,0.1758558917197452,0,25,None,66,1,5,False,1000,1000
23391,106,unweighted,10,0.1758558917197452,0,25,None,66,1,5,False,1000,1000
23392,107,unweighted,10,0.1762539808917197,0,25,None,66,1,5,False,1000,1000
23393,108,unweighted,10,0.177249203821656,0,25,None,66,1,5,False,1000,1000
23394,109,unweighted,10,0.179140127388535,0,25,None,66,1,5,False,1000,1000
23395,105,unweighted,10,0.1925756369426751,0,26,None,66,1,5,False,1000,1000
23396,106,unweighted,10,0.194765127388535,0,26,None,66,1,5,False,1000,1000
23397,107,unweighted,10,0.2017316878980891,0,26,None,66,1,5,False,1000,1000
23398,108,unweighted,10,0.2099920382165605,0,26,None,66,1,5,False,1000,1000
23399,109,unweighted,10,0.2127786624203821,0,26,None,66,1,5,False,1000,1000
23400,105,unweighted,10,0.1770501592356688,0,4,None,66,1,5,False,1000,1000
23401,106,unweighted,10,0.1781449044585987,0,4,None,66,1,5,False,1000,1000
23402,107,unweighted,10,0.1788415605095541,0,4,None,66,1,5,False,1000,1000
23403,108,unweighted,10,0.1800358280254777,0,4,None,66,1,5,False,1000,1000
23404,109,unweighted,10,0.1809315286624203,0,4,None,66,1,5,False,1000,1000
23405,105,unweighted,10,0.1963574840764331,0,3,None,66,1,5,False,1000,1000
23406,106,unweighted,10,0.1959593949044586,0,3,None,66,1,5,False,1000,1000
23407,107,unweighted,10,0.1954617834394904,0,3,None,66,1,5,False,1000,1000
23408,108,unweighted,10,0.1965565286624203,0,3,None,66,1,5,False,1000,1000
23409,109,unweighted,10,0.1972531847133758,0,3,None,66,1,5,False,1000,1000
23410,105,unweighted,10,0.2092953821656051,0,20,None,66,1,5,False,1000,1000
23411,106,unweighted,10,0.2123805732484076,0,20,None,66,1,5,False,1000,1000
23412,107,unweighted,10,0.1971536624203821,0,20,None,66,1,5,False,1000,1000
23413,108,unweighted,10,0.1956608280254777,0,20,None,66,1,5,False,1000,1000
23414,109,unweighted,10,0.1961584394904458,0,20,None,66,1,5,False,1000,1000
23415,105,unweighted,10,0.164311305732484,0,9,None,66,1,5,False,1000,1000
23416,106,unweighted,10,0.1659036624203821,0,9,None,66,1,5,False,1000,1000
23417,107,unweighted,10,0.1687898089171974,0,9,None,66,1,5,False,1000,1000
23418,108,unweighted,10,0.1716759554140127,0,9,None,66,1,5,False,1000,1000
23419,109,unweighted,10,0.1752587579617834,0,9,None,66,1,5,False,1000,1000
23420,105,unweighted,10,0.1752587579617834,0,29,None,66,1,5,False,1000,1000
23421,106,unweighted,10,0.1770501592356688,0,29,None,66,1,5,False,1000,1000
23422,107,unweighted,10,0.1806329617834395,0,29,None,66,1,5,False,1000,1000
23423,108,unweighted,10,0.1862062101910828,0,29,None,66,1,5,False,1000,1000
23424,109,unweighted,10,0.1908837579617834,0,29,None,66,1,5,False,1000,1000
23425,105,unweighted,10,0.190983280254777,0,0,None,66,1,5,False,1000,1000
23426,106,unweighted,10,0.1927746815286624,0,0,None,66,1,5,False,1000,1000
23427,107,unweighted,10,0.1942675159235669,0,0,None,66,1,5,False,1000,1000
23428,108,unweighted,10,0.1975517515923567,0,0,None,66,1,5,False,1000,1000
23429,109,unweighted,10,0.1996417197452229,0,0,None,66,1,5,False,1000,1000
23430,110,unweighted,10,0.1968550955414012,0,26,None,66,1,5,False,1000,1000
23431,111,unweighted,10,0.1996417197452229,0,26,None,66,1,5,False,1000,1000
23432,112,unweighted,10,0.2037221337579617,0,26,None,66,1,5,False,1000,1000
23433,113,unweighted,10,0.2057125796178344,0,26,None,66,1,5,False,1000,1000
23434,114,unweighted,10,0.2092953821656051,0,26,None,66,1,5,False,1000,1000
23435,110,unweighted,10,0.1770501592356688,0,7,None,66,1,5,False,1000,1000
23436,111,unweighted,10,0.1790406050955414,0,7,None,66,1,5,False,1000,1000
23437,112,unweighted,10,0.1826234076433121,0,7,None,66,1,5,False,1000,1000
23438,113,unweighted,10,0.1884952229299363,0,7,None,66,1,5,False,1000,1000
23439,114,unweighted,10,0.1945660828025477,0,7,None,66,1,5,False,1000,1000
23440,110,unweighted,10,0.1968550955414012,0,11,None,66,1,5,False,1000,1000
23441,111,unweighted,10,0.1978503184713375,0,11,None,66,1,5,False,1000,1000
23442,112,unweighted,10,0.1987460191082802,0,11,None,66,1,5,False,1000,1000
23443,113,unweighted,10,0.2014331210191083,0,11,None,66,1,5,False,1000,1000
23444,114,unweighted,10,0.2032245222929936,0,11,None,66,1,5,False,1000,1000
23445,110,unweighted,10,0.2010350318471337,0,17,None,66,1,5,False,1000,1000
23446,111,unweighted,10,0.2062101910828025,0,17,None,66,1,5,False,1000,1000
23447,112,unweighted,10,0.2127786624203821,0,17,None,66,1,5,False,1000,1000
23448,113,unweighted,10,0.2215366242038216,0,17,None,66,1,5,False,1000,1000
23449,114,unweighted,10,0.1983479299363057,0,17,None,66,1,5,False,1000,1000
23450,110,unweighted,10,0.1785429936305732,0,32,None,66,1,5,False,1000,1000
23451,111,unweighted,10,0.1806329617834395,0,32,None,66,1,5,False,1000,1000
23452,112,unweighted,10,0.1834195859872611,0,32,None,66,1,5,False,1000,1000
23453,113,unweighted,10,0.1875995222929936,0,32,None,66,1,5,False,1000,1000
23454,114,unweighted,10,0.1903861464968153,0,32,None,66,1,5,False,1000,1000
23455,110,unweighted,10,0.1959593949044586,0,1,None,66,1,5,False,1000,1000
23456,111,unweighted,10,0.1968550955414012,0,1,None,66,1,5,False,1000,1000
23457,112,unweighted,10,0.1982484076433121,0,1,None,66,1,5,False,1000,1000
23458,113,unweighted,10,0.198546974522293,0,1,None,66,1,5,False,1000,1000
23459,114,unweighted,10,0.1989450636942675,0,1,None,66,1,5,False,1000,1000
23460,110,unweighted,10,0.1978503184713375,0,28,None,66,1,5,False,1000,1000
23461,111,unweighted,10,0.1995421974522293,0,28,None,66,1,5,False,1000,1000
23462,112,unweighted,10,0.2021297770700637,0,28,None,66,1,5,False,1000,1000
23463,113,unweighted,10,0.2022292993630573,0,28,None,66,1,5,False,1000,1000
23464,114,unweighted,10,0.2048168789808917,0,28,None,66,1,5,False,1000,1000
23465,110,unweighted,10,0.1959593949044586,0,29,None,66,1,5,False,1000,1000
23466,111,unweighted,10,0.1968550955414012,0,29,None,66,1,5,False,1000,1000
23467,112,unweighted,10,0.1981488853503184,0,29,None,66,1,5,False,1000,1000
23468,113,unweighted,10,0.199343152866242,0,29,None,66,1,5,False,1000,1000
23469,114,unweighted,10,0.2000398089171974,0,29,None,66,1,5,False,1000,1000
23470,110,unweighted,10,0.1982484076433121,0,2,None,66,1,5,False,1000,1000
23471,111,unweighted,10,0.1981488853503184,0,2,None,66,1,5,False,1000,1000
23472,112,unweighted,10,0.1989450636942675,0,2,None,66,1,5,False,1000,1000
23473,113,unweighted,10,0.2008359872611465,0,2,None,66,1,5,False,1000,1000
23474,114,unweighted,10,0.2016321656050955,0,2,None,66,1,5,False,1000,1000
23475,110,unweighted,10,0.2051154458598726,0,5,None,66,1,5,False,1000,1000
23476,111,unweighted,10,0.2401472929936305,0,5,None,66,1,5,False,1000,1000
23477,112,unweighted,10,0.2051154458598726,0,5,None,66,1,5,False,1000,1000
23478,113,unweighted,10,0.1881966560509554,0,5,None,66,1,5,False,1000,1000
23479,114,unweighted,10,0.1893909235668789,0,5,None,66,1,5,False,1000,1000
23480,110,unweighted,10,0.177249203821656,0,16,None,66,1,5,False,1000,1000
23481,111,unweighted,10,0.1805334394904458,0,16,None,66,1,5,False,1000,1000
23482,112,unweighted,10,0.1836186305732484,0,16,None,66,1,5,False,1000,1000
23483,113,unweighted,10,0.1875,0,16,None,66,1,5,False,1000,1000
23484,114,unweighted,10,0.1910828025477707,0,16,None,66,1,5,False,1000,1000
23485,110,unweighted,10,0.1971536624203821,0,13,None,66,1,5,False,1000,1000
23486,111,unweighted,10,0.1988455414012739,0,13,None,66,1,5,False,1000,1000
23487,112,unweighted,10,0.201234076433121,0,13,None,66,1,5,False,1000,1000
23488,113,unweighted,10,0.2030254777070063,0,13,None,66,1,5,False,1000,1000
23489,114,unweighted,10,0.203921178343949,0,13,None,66,1,5,False,1000,1000
23490,110,unweighted,10,0.1983479299363057,0,23,None,66,1,5,False,1000,1000
23491,111,unweighted,10,0.2003383757961783,0,23,None,66,1,5,False,1000,1000
23492,112,unweighted,10,0.2035230891719745,0,23,None,66,1,5,False,1000,1000
23493,113,unweighted,10,0.2055135350318471,0,23,None,66,1,5,False,1000,1000
23494,114,unweighted,10,0.210390127388535,0,23,None,66,1,5,False,1000,1000
23495,110,unweighted,10,0.1953622611464968,0,24,None,66,1,5,False,1000,1000
23496,111,unweighted,10,0.2007364649681528,0,24,None,66,1,5,False,1000,1000
23497,112,unweighted,10,0.1946656050955414,0,24,None,66,1,5,False,1000,1000
23498,113,unweighted,10,0.1936703821656051,0,24,None,66,1,5,False,1000,1000
23499,114,unweighted,10,0.1940684713375796,0,24,None,66,1,5,False,1000,1000
23500,110,unweighted,10,0.181031050955414,0,27,None,66,1,5,False,1000,1000
23501,111,unweighted,10,0.1849124203821656,0,27,None,66,1,5,False,1000,1000
23502,112,unweighted,10,0.1874004777070063,0,27,None,66,1,5,False,1000,1000
23503,113,unweighted,10,0.1896894904458598,0,27,None,66,1,5,False,1000,1000
23504,114,unweighted,10,0.1931727707006369,0,27,None,66,1,5,False,1000,1000
23505,110,unweighted,10,0.1977507961783439,0,0,None,66,1,5,False,1000,1000
23506,111,unweighted,10,0.2005374203821656,0,0,None,66,1,5,False,1000,1000
23507,112,unweighted,10,0.2042197452229299,0,0,None,66,1,5,False,1000,1000
23508,113,unweighted,10,0.2173566878980891,0,0,None,66,1,5,False,1000,1000
23509,114,unweighted,10,0.2220342356687898,0,0,None,66,1,5,False,1000,1000
23510,110,unweighted,10,0.1968550955414012,0,30,None,66,1,5,False,1000,1000
23511,111,unweighted,10,0.1976512738853503,0,30,None,66,1,5,False,1000,1000
23512,112,unweighted,10,0.1982484076433121,0,30,None,66,1,5,False,1000,1000
23513,113,unweighted,10,0.1984474522292993,0,30,None,66,1,5,False,1000,1000
23514,114,unweighted,10,0.1982484076433121,0,30,None,66,1,5,False,1000,1000
23515,110,unweighted,10,0.1782444267515923,0,31,None,66,1,5,False,1000,1000
23516,111,unweighted,10,0.1811305732484076,0,31,None,66,1,5,False,1000,1000
23517,112,unweighted,10,0.1854100318471337,0,31,None,66,1,5,False,1000,1000
23518,113,unweighted,10,0.1900875796178344,0,31,None,66,1,5,False,1000,1000
23519,114,unweighted,10,0.1924761146496815,0,31,None,66,1,5,False,1000,1000
23520,110,unweighted,10,0.192874203821656,0,18,None,66,1,5,False,1000,1000
23521,111,unweighted,10,0.1981488853503184,0,18,None,66,1,5,False,1000,1000
23522,112,unweighted,10,0.1884952229299363,0,18,None,66,1,5,False,1000,1000
23523,113,unweighted,10,0.190983280254777,0,18,None,66,1,5,False,1000,1000
23524,114,unweighted,10,0.2166600318471337,0,18,None,66,1,5,False,1000,1000
23525,110,unweighted,10,0.1877985668789809,0,8,None,66,1,5,False,1000,1000
23526,111,unweighted,10,0.2137738853503184,0,8,None,66,1,5,False,1000,1000
23527,112,unweighted,10,0.2096934713375796,0,8,None,66,1,5,False,1000,1000
23528,113,unweighted,10,0.1835191082802547,0,8,None,66,1,5,False,1000,1000
23529,114,unweighted,10,0.1874004777070063,0,8,None,66,1,5,False,1000,1000
23530,110,unweighted,10,0.1752587579617834,0,19,None,66,1,5,False,1000,1000
23531,111,unweighted,10,0.1795382165605095,0,19,None,66,1,5,False,1000,1000
23532,112,unweighted,10,0.1832205414012739,0,19,None,66,1,5,False,1000,1000
23533,113,unweighted,10,0.1887937898089172,0,19,None,66,1,5,False,1000,1000
23534,114,unweighted,10,0.1918789808917197,0,19,None,66,1,5,False,1000,1000
23535,110,unweighted,10,0.1888933121019108,0,21,None,66,1,5,False,1000,1000
23536,111,unweighted,10,0.1903861464968153,0,21,None,66,1,5,False,1000,1000
23537,112,unweighted,10,0.1892914012738853,0,21,None,66,1,5,False,1000,1000
23538,113,unweighted,10,0.2062101910828025,0,21,None,66,1,5,False,1000,1000
23539,114,unweighted,10,0.2127786624203821,0,21,None,66,1,5,False,1000,1000
23540,110,unweighted,10,0.2147691082802547,0,20,None,66,1,5,False,1000,1000
23541,111,unweighted,10,0.197452229299363,0,20,None,66,1,5,False,1000,1000
23542,112,unweighted,10,0.1983479299363057,0,20,None,66,1,5,False,1000,1000
23543,113,unweighted,10,0.198546974522293,0,20,None,66,1,5,False,1000,1000
23544,114,unweighted,10,0.1987460191082802,0,20,None,66,1,5,False,1000,1000
23545,110,unweighted,10,0.1957603503184713,0,4,None,66,1,5,False,1000,1000
23546,111,unweighted,10,0.183718152866242,0,4,None,66,1,5,False,1000,1000
23547,112,unweighted,10,0.1875995222929936,0,4,None,66,1,5,False,1000,1000
23548,113,unweighted,10,0.190983280254777,0,4,None,66,1,5,False,1000,1000
23549,114,unweighted,10,0.1942675159235669,0,4,None,66,1,5,False,1000,1000
23550,110,unweighted,10,0.1969546178343949,0,10,None,66,1,5,False,1000,1000
23551,111,unweighted,10,0.1972531847133758,0,10,None,66,1,5,False,1000,1000
23552,112,unweighted,10,0.1982484076433121,0,10,None,66,1,5,False,1000,1000
23553,113,unweighted,10,0.1981488853503184,0,10,None,66,1,5,False,1000,1000
23554,114,unweighted,10,0.1986464968152866,0,10,None,66,1,5,False,1000,1000
23555,110,unweighted,10,0.1971536624203821,0,15,None,66,1,5,False,1000,1000
23556,111,unweighted,10,0.1987460191082802,0,15,None,66,1,5,False,1000,1000
23557,112,unweighted,10,0.2010350318471337,0,15,None,66,1,5,False,1000,1000
23558,113,unweighted,10,0.2029259554140127,0,15,None,66,1,5,False,1000,1000
23559,114,unweighted,10,0.2049164012738853,0,15,None,66,1,5,False,1000,1000
23560,110,unweighted,10,0.1977507961783439,0,3,None,66,1,5,False,1000,1000
23561,111,unweighted,10,0.1977507961783439,0,3,None,66,1,5,False,1000,1000
23562,112,unweighted,10,0.1986464968152866,0,3,None,66,1,5,False,1000,1000
23563,113,unweighted,10,0.2001393312101911,0,3,None,66,1,5,False,1000,1000
23564,114,unweighted,10,0.2015326433121019,0,3,None,66,1,5,False,1000,1000
23565,110,unweighted,10,0.2032245222929936,0,12,None,66,1,5,False,1000,1000
23566,111,unweighted,10,0.2026273885350318,0,12,None,66,1,5,False,1000,1000
23567,112,unweighted,10,0.2092953821656051,0,12,None,66,1,5,False,1000,1000
23568,113,unweighted,10,0.2219347133757961,0,12,None,66,1,5,False,1000,1000
23569,114,unweighted,10,0.2362659235668789,0,12,None,66,1,5,False,1000,1000
23570,110,unweighted,10,0.1803343949044586,0,25,None,66,1,5,False,1000,1000
23571,111,unweighted,10,0.1832205414012739,0,25,None,66,1,5,False,1000,1000
23572,112,unweighted,10,0.1861066878980891,0,25,None,66,1,5,False,1000,1000
23573,113,unweighted,10,0.1900875796178344,0,25,None,66,1,5,False,1000,1000
23574,114,unweighted,10,0.1933718152866242,0,25,None,66,1,5,False,1000,1000
23575,110,unweighted,10,0.1770501592356688,0,9,None,66,1,5,False,1000,1000
23576,111,unweighted,10,0.1801353503184713,0,9,None,66,1,5,False,1000,1000
23577,112,unweighted,10,0.1831210191082802,0,9,None,66,1,5,False,1000,1000
23578,113,unweighted,10,0.1861066878980891,0,9,None,66,1,5,False,1000,1000
23579,114,unweighted,10,0.1888933121019108,0,9,None,66,1,5,False,1000,1000
23580,110,unweighted,10,0.1961584394904458,0,6,None,66,1,5,False,1000,1000
23581,111,unweighted,10,0.1964570063694267,0,6,None,66,1,5,False,1000,1000
23582,112,unweighted,10,0.1967555732484076,0,6,None,66,1,5,False,1000,1000
23583,113,unweighted,10,0.1980493630573248,0,6,None,66,1,5,False,1000,1000
23584,114,unweighted,10,0.2059116242038216,0,6,None,66,1,5,False,1000,1000
23585,110,unweighted,10,0.2051154458598726,0,22,None,66,1,5,False,1000,1000
23586,111,unweighted,10,0.2116839171974522,0,22,None,66,1,5,False,1000,1000
23587,112,unweighted,10,0.214171974522293,0,22,None,66,1,5,False,1000,1000
23588,113,unweighted,10,0.2170581210191083,0,22,None,66,1,5,False,1000,1000
23589,114,unweighted,10,0.2326831210191083,0,22,None,66,1,5,False,1000,1000
23590,110,unweighted,10,0.1973527070063694,0,14,None,66,1,5,False,1000,1000
23591,111,unweighted,10,0.1991441082802547,0,14,None,66,1,5,False,1000,1000
23592,112,unweighted,10,0.2019307324840764,0,14,None,66,1,5,False,1000,1000
23593,113,unweighted,10,0.2102906050955414,0,14,None,66,1,5,False,1000,1000
23594,114,unweighted,10,0.2310907643312102,0,14,None,66,1,5,False,1000,1000
27390,115,unweighted,10,0.2008359872611465,0,1,None,66,1,5,False,1000,1000
27391,116,unweighted,10,0.201234076433121,0,1,None,66,1,5,False,1000,1000
27392,117,unweighted,10,0.2029259554140127,0,1,None,66,1,5,False,1000,1000
27393,118,unweighted,10,0.2034235668789809,0,1,None,66,1,5,False,1000,1000
27394,119,unweighted,10,0.2054140127388535,0,1,None,66,1,5,False,1000,1000
27395,115,unweighted,10,0.192874203821656,0,16,None,66,1,5,False,1000,1000
27396,116,unweighted,10,0.1940684713375796,0,16,None,66,1,5,False,1000,1000
27397,117,unweighted,10,0.1950636942675159,0,16,None,66,1,5,False,1000,1000
27398,118,unweighted,10,0.1969546178343949,0,16,None,66,1,5,False,1000,1000
27399,119,unweighted,10,0.1995421974522293,0,16,None,66,1,5,False,1000,1000
27400,115,unweighted,10,0.2120820063694267,0,8,None,66,1,5,False,1000,1000
27401,116,unweighted,10,0.2352707006369426,0,8,None,66,1,5,False,1000,1000
27402,117,unweighted,10,0.1964570063694267,0,8,None,66,1,5,False,1000,1000
27403,118,unweighted,10,0.1977507961783439,0,8,None,66,1,5,False,1000,1000
27404,119,unweighted,10,0.2008359872611465,0,8,None,66,1,5,False,1000,1000
27405,115,unweighted,10,0.1942675159235669,0,19,None,66,1,5,False,1000,1000
27406,116,unweighted,10,0.1946656050955414,0,19,None,66,1,5,False,1000,1000
27407,117,unweighted,10,0.1970541401273885,0,19,None,66,1,5,False,1000,1000
27408,118,unweighted,10,0.2004378980891719,0,19,None,66,1,5,False,1000,1000
27409,119,unweighted,10,0.2026273885350318,0,19,None,66,1,5,False,1000,1000
27410,115,unweighted,10,0.2051154458598726,0,14,None,66,1,5,False,1000,1000
27411,116,unweighted,10,0.2347730891719745,0,14,None,66,1,5,False,1000,1000
27412,117,unweighted,10,0.2011345541401273,0,14,None,66,1,5,False,1000,1000
27413,118,unweighted,10,0.2037221337579617,0,14,None,66,1,5,False,1000,1000
27414,119,unweighted,10,0.2065087579617834,0,14,None,66,1,5,False,1000,1000
27415,115,unweighted,10,0.2113853503184713,0,22,None,66,1,5,False,1000,1000
27416,116,unweighted,10,0.2065087579617834,0,22,None,66,1,5,False,1000,1000
27417,117,unweighted,10,0.207703025477707,0,22,None,66,1,5,False,1000,1000
27418,118,unweighted,10,0.2099920382165605,0,22,None,66,1,5,False,1000,1000
27419,119,unweighted,10,0.2124800955414012,0,22,None,66,1,5,False,1000,1000
27420,115,unweighted,10,0.2081011146496815,0,23,None,66,1,5,False,1000,1000
27421,116,unweighted,10,0.2109872611464968,0,23,None,66,1,5,False,1000,1000
27422,117,unweighted,10,0.2145700636942675,0,23,None,66,1,5,False,1000,1000
27423,118,unweighted,10,0.2196457006369426,0,23,None,66,1,5,False,1000,1000
27424,119,unweighted,10,0.2246218152866242,0,23,None,66,1,5,False,1000,1000
27425,115,unweighted,10,0.1934713375796178,0,21,None,66,1,5,False,1000,1000
27426,116,unweighted,10,0.2392515923566879,0,21,None,66,1,5,False,1000,1000
27427,117,unweighted,10,0.205812101910828,0,21,None,66,1,5,False,1000,1000
27428,118,unweighted,10,0.20203025477707,0,21,None,66,1,5,False,1000,1000
27429,119,unweighted,10,0.2046178343949044,0,21,None,66,1,5,False,1000,1000
27430,115,unweighted,10,0.1970541401273885,0,25,None,66,1,5,False,1000,1000
27431,116,unweighted,10,0.2000398089171974,0,25,None,66,1,5,False,1000,1000
27432,117,unweighted,10,0.2026273885350318,0,25,None,66,1,5,False,1000,1000
27433,118,unweighted,10,0.2064092356687898,0,25,None,66,1,5,False,1000,1000
27434,119,unweighted,10,0.2102906050955414,0,25,None,66,1,5,False,1000,1000
27435,115,unweighted,10,0.2021297770700637,0,26,None,66,1,5,False,1000,1000
27436,116,unweighted,10,0.208499203821656,0,26,None,66,1,5,False,1000,1000
27437,117,unweighted,10,0.2120820063694267,0,26,None,66,1,5,False,1000,1000
27438,118,unweighted,10,0.2240246815286624,0,26,None,66,1,5,False,1000,1000
27439,119,unweighted,10,0.2620421974522293,0,26,None,66,1,5,False,1000,1000
27440,115,unweighted,10,0.1946656050955414,0,24,None,66,1,5,False,1000,1000
27441,116,unweighted,10,0.2783638535031847,0,24,None,66,1,5,False,1000,1000
27442,117,unweighted,10,0.2002388535031847,0,24,None,66,1,5,False,1000,1000
27443,118,unweighted,10,0.2044187898089172,0,24,None,66,1,5,False,1000,1000
27444,119,unweighted,10,0.2083996815286624,0,24,None,66,1,5,False,1000,1000
27445,115,unweighted,10,0.1926751592356688,0,31,None,66,1,5,False,1000,1000
27446,116,unweighted,10,0.1942675159235669,0,31,None,66,1,5,False,1000,1000
27447,117,unweighted,10,0.194765127388535,0,31,None,66,1,5,False,1000,1000
27448,118,unweighted,10,0.195561305732484,0,31,None,66,1,5,False,1000,1000
27449,119,unweighted,10,0.1962579617834395,0,31,None,66,1,5,False,1000,1000
27450,115,unweighted,10,0.1941679936305732,0,32,None,66,1,5,False,1000,1000
27451,116,unweighted,10,0.1972531847133758,0,32,None,66,1,5,False,1000,1000
27452,117,unweighted,10,0.1981488853503184,0,32,None,66,1,5,False,1000,1000
27453,118,unweighted,10,0.2000398089171974,0,32,None,66,1,5,False,1000,1000
27454,119,unweighted,10,0.2041202229299363,0,32,None,66,1,5,False,1000,1000
27455,115,unweighted,10,0.199343152866242,0,13,None,66,1,5,False,1000,1000
27456,116,unweighted,10,0.2002388535031847,0,13,None,66,1,5,False,1000,1000
27457,117,unweighted,10,0.1992436305732484,0,13,None,66,1,5,False,1000,1000
27458,118,unweighted,10,0.2000398089171974,0,13,None,66,1,5,False,1000,1000
27459,119,unweighted,10,0.2011345541401273,0,13,None,66,1,5,False,1000,1000
27460,115,unweighted,10,0.2043192675159235,0,2,None,66,1,5,False,1000,1000
27461,116,unweighted,10,0.2054140127388535,0,2,None,66,1,5,False,1000,1000
27462,117,unweighted,10,0.2153662420382165,0,2,None,66,1,5,False,1000,1000
27463,118,unweighted,10,0.2306926751592356,0,2,None,66,1,5,False,1000,1000
27464,119,unweighted,10,0.24890525477707,0,2,None,66,1,5,False,1000,1000
27465,115,unweighted,10,0.2413415605095541,0,4,None,66,1,5,False,1000,1000
27466,116,unweighted,10,0.2295979299363057,0,4,None,66,1,5,False,1000,1000
27467,117,unweighted,10,0.2070063694267516,0,4,None,66,1,5,False,1000,1000
27468,118,unweighted,10,0.2042197452229299,0,4,None,66,1,5,False,1000,1000
27469,119,unweighted,10,0.2078025477707006,0,4,None,66,1,5,False,1000,1000
27470,115,unweighted,10,0.2060111464968153,0,3,None,66,1,5,False,1000,1000
27471,116,unweighted,10,0.2072054140127388,0,3,None,66,1,5,False,1000,1000
27472,117,unweighted,10,0.2177547770700637,0,3,None,66,1,5,False,1000,1000
27473,118,unweighted,10,0.2314888535031847,0,3,None,66,1,5,False,1000,1000
27474,119,unweighted,10,0.243531050955414,0,3,None,66,1,5,False,1000,1000
27475,115,unweighted,10,0.2014331210191083,0,5,None,66,1,5,False,1000,1000
27476,116,unweighted,10,0.2040207006369426,0,5,None,66,1,5,False,1000,1000
27477,117,unweighted,10,0.2090963375796178,0,5,None,66,1,5,False,1000,1000
27478,118,unweighted,10,0.234375,0,5,None,66,1,5,False,1000,1000
27479,119,unweighted,10,0.2453224522292993,0,5,None,66,1,5,False,1000,1000
27480,115,unweighted,10,0.195561305732484,0,7,None,66,1,5,False,1000,1000
27481,116,unweighted,10,0.2006369426751592,0,7,None,66,1,5,False,1000,1000
27482,117,unweighted,10,0.2095939490445859,0,7,None,66,1,5,False,1000,1000
27483,118,unweighted,10,0.2220342356687898,0,7,None,66,1,5,False,1000,1000
27484,119,unweighted,10,0.2298964968152866,0,7,None,66,1,5,False,1000,1000
27485,115,unweighted,10,0.2006369426751592,0,10,None,66,1,5,False,1000,1000
27486,116,unweighted,10,0.2019307324840764,0,10,None,66,1,5,False,1000,1000
27487,117,unweighted,10,0.2022292993630573,0,10,None,66,1,5,False,1000,1000
27488,118,unweighted,10,0.2045183121019108,0,10,None,66,1,5,False,1000,1000
27489,119,unweighted,10,0.208499203821656,0,10,None,66,1,5,False,1000,1000
27490,115,unweighted,10,0.2038216560509554,0,11,None,66,1,5,False,1000,1000
27491,116,unweighted,10,0.2060111464968153,0,11,None,66,1,5,False,1000,1000
27492,117,unweighted,10,0.2105891719745223,0,11,None,66,1,5,False,1000,1000
27493,118,unweighted,10,0.2190485668789809,0,11,None,66,1,5,False,1000,1000
27494,119,unweighted,10,0.2284036624203821,0,11,None,66,1,5,False,1000,1000
27495,115,unweighted,10,0.2445262738853503,0,12,None,66,1,5,False,1000,1000
27496,116,unweighted,10,0.2439291401273885,0,12,None,66,1,5,False,1000,1000
27497,117,unweighted,10,0.2411425159235669,0,12,None,66,1,5,False,1000,1000
27498,118,unweighted,10,0.2334792993630573,0,12,None,66,1,5,False,1000,1000
27499,119,unweighted,10,0.2309912420382165,0,12,None,66,1,5,False,1000,1000
27500,115,unweighted,10,0.2057125796178344,0,15,None,66,1,5,False,1000,1000
27501,116,unweighted,10,0.2087977707006369,0,15,None,66,1,5,False,1000,1000
27502,117,unweighted,10,0.2106886942675159,0,15,None,66,1,5,False,1000,1000
27503,118,unweighted,10,0.2144705414012739,0,15,None,66,1,5,False,1000,1000
27504,119,unweighted,10,0.2200437898089172,0,15,None,66,1,5,False,1000,1000
27505,115,unweighted,10,0.2081011146496815,0,17,None,66,1,5,False,1000,1000
27506,116,unweighted,10,0.2010350318471337,0,17,None,66,1,5,False,1000,1000
27507,117,unweighted,10,0.2028264331210191,0,17,None,66,1,5,False,1000,1000
27508,118,unweighted,10,0.2065087579617834,0,17,None,66,1,5,False,1000,1000
27509,119,unweighted,10,0.2091958598726114,0,17,None,66,1,5,False,1000,1000
27510,115,unweighted,10,0.1941679936305732,0,18,None,66,1,5,False,1000,1000
27511,116,unweighted,10,0.1958598726114649,0,18,None,66,1,5,False,1000,1000
27512,117,unweighted,10,0.197452229299363,0,18,None,66,1,5,False,1000,1000
27513,118,unweighted,10,0.2401472929936305,0,18,None,66,1,5,False,1000,1000
27514,119,unweighted,10,0.2132762738853503,0,18,None,66,1,5,False,1000,1000
27515,115,unweighted,10,0.1995421974522293,0,20,None,66,1,5,False,1000,1000
27516,116,unweighted,10,0.2006369426751592,0,20,None,66,1,5,False,1000,1000
27517,117,unweighted,10,0.1998407643312102,0,20,None,66,1,5,False,1000,1000
27518,118,unweighted,10,0.2008359872611465,0,20,None,66,1,5,False,1000,1000
27519,119,unweighted,10,0.2025278662420382,0,20,None,66,1,5,False,1000,1000
27520,115,unweighted,10,0.2070063694267516,0,28,None,66,1,5,False,1000,1000
27521,116,unweighted,10,0.2083996815286624,0,28,None,66,1,5,False,1000,1000
27522,117,unweighted,10,0.2104896496815286,0,28,None,66,1,5,False,1000,1000
27523,118,unweighted,10,0.2131767515923567,0,28,None,66,1,5,False,1000,1000
27524,119,unweighted,10,0.2167595541401273,0,28,None,66,1,5,False,1000,1000
27525,115,unweighted,10,0.2000398089171974,0,6,None,66,1,5,False,1000,1000
27526,116,unweighted,10,0.2166600318471337,0,6,None,66,1,5,False,1000,1000
27527,117,unweighted,10,0.2152667197452229,0,6,None,66,1,5,False,1000,1000
27528,118,unweighted,10,0.2086982484076433,0,6,None,66,1,5,False,1000,1000
27529,119,unweighted,10,0.2019307324840764,0,6,None,66,1,5,False,1000,1000
27530,115,unweighted,10,0.1957603503184713,0,27,None,66,1,5,False,1000,1000
27531,116,unweighted,10,0.1969546178343949,0,27,None,66,1,5,False,1000,1000
27532,117,unweighted,10,0.1996417197452229,0,27,None,66,1,5,False,1000,1000
27533,118,unweighted,10,0.2335788216560509,0,27,None,66,1,5,False,1000,1000
27534,119,unweighted,10,0.2410429936305732,0,27,None,66,1,5,False,1000,1000
27535,115,unweighted,10,0.1983479299363057,0,30,None,66,1,5,False,1000,1000
27536,116,unweighted,10,0.198546974522293,0,30,None,66,1,5,False,1000,1000
27537,117,unweighted,10,0.1989450636942675,0,30,None,66,1,5,False,1000,1000
27538,118,unweighted,10,0.1999402866242038,0,30,None,66,1,5,False,1000,1000
27539,119,unweighted,10,0.2025278662420382,0,30,None,66,1,5,False,1000,1000
27540,115,unweighted,10,0.1979498407643312,0,9,None,66,1,5,False,1000,1000
27541,116,unweighted,10,0.1952627388535031,0,9,None,66,1,5,False,1000,1000
27542,117,unweighted,10,0.195561305732484,0,9,None,66,1,5,False,1000,1000
27543,118,unweighted,10,0.1984474522292993,0,9,None,66,1,5,False,1000,1000
27544,119,unweighted,10,0.2015326433121019,0,9,None,66,1,5,False,1000,1000
27545,115,unweighted,10,0.2016321656050955,0,29,None,66,1,5,False,1000,1000
27546,116,unweighted,10,0.2025278662420382,0,29,None,66,1,5,False,1000,1000
27547,117,unweighted,10,0.2023288216560509,0,29,None,66,1,5,False,1000,1000
27548,118,unweighted,10,0.2097929936305732,0,29,None,66,1,5,False,1000,1000
27549,119,unweighted,10,0.2190485668789809,0,29,None,66,1,5,False,1000,1000
27550,115,unweighted,10,0.210390127388535,0,0,None,66,1,5,False,1000,1000
27551,116,unweighted,10,0.2390525477707006,0,0,None,66,1,5,False,1000,1000
27552,117,unweighted,10,0.2060111464968153,0,0,None,66,1,5,False,1000,1000
27553,118,unweighted,10,0.2086982484076433,0,0,None,66,1,5,False,1000,1000
27554,119,unweighted,10,0.2124800955414012,0,0,None,66,1,5,False,1000,1000
27555,120,unweighted,10,0.2281050955414012,0,26,None,66,1,5,False,1000,1000
27556,121,unweighted,10,0.2508957006369426,0,26,None,66,1,5,False,1000,1000
27557,122,unweighted,10,0.2258160828025477,0,26,None,66,1,5,False,1000,1000
27558,123,unweighted,10,0.2274084394904458,0,26,None,66,1,5,False,1000,1000
27559,124,unweighted,10,0.230593152866242,0,26,None,66,1,5,False,1000,1000
27560,120,unweighted,10,0.2125796178343949,0,25,None,66,1,5,False,1000,1000
27561,121,unweighted,10,0.2177547770700637,0,25,None,66,1,5,False,1000,1000
27562,122,unweighted,10,0.2228304140127388,0,25,None,66,1,5,False,1000,1000
27563,123,unweighted,10,0.2282046178343949,0,25,None,66,1,5,False,1000,1000
27564,124,unweighted,10,0.2325835987261146,0,25,None,66,1,5,False,1000,1000
27565,120,unweighted,10,0.213077229299363,0,17,None,66,1,5,False,1000,1000
27566,121,unweighted,10,0.2163614649681528,0,17,None,66,1,5,False,1000,1000
27567,122,unweighted,10,0.2188495222929936,0,17,None,66,1,5,False,1000,1000
27568,123,unweighted,10,0.2210390127388535,0,17,None,66,1,5,False,1000,1000
27569,124,unweighted,10,0.2255175159235669,0,17,None,66,1,5,False,1000,1000
27570,120,unweighted,10,0.2069068471337579,0,20,None,66,1,5,False,1000,1000
27571,121,unweighted,10,0.2070063694267516,0,20,None,66,1,5,False,1000,1000
27572,122,unweighted,10,0.2092953821656051,0,20,None,66,1,5,False,1000,1000
27573,123,unweighted,10,0.2109872611464968,0,20,None,66,1,5,False,1000,1000
27574,124,unweighted,10,0.2136743630573248,0,20,None,66,1,5,False,1000,1000
27575,120,unweighted,10,0.2041202229299363,0,16,None,66,1,5,False,1000,1000
27576,121,unweighted,10,0.2064092356687898,0,16,None,66,1,5,False,1000,1000
27577,122,unweighted,10,0.2107882165605095,0,16,None,66,1,5,False,1000,1000
27578,123,unweighted,10,0.2126791401273885,0,16,None,66,1,5,False,1000,1000
27579,124,unweighted,10,0.216859076433121,0,16,None,66,1,5,False,1000,1000
27580,120,unweighted,10,0.2409434713375796,0,18,None,66,1,5,False,1000,1000
27581,121,unweighted,10,0.2215366242038216,0,18,None,66,1,5,False,1000,1000
27582,122,unweighted,10,0.2181528662420382,0,18,None,66,1,5,False,1000,1000
27583,123,unweighted,10,0.2206409235668789,0,18,None,66,1,5,False,1000,1000
27584,124,unweighted,10,0.223328025477707,0,18,None,66,1,5,False,1000,1000
27585,120,unweighted,10,0.2112858280254777,0,12,None,66,1,5,False,1000,1000
27586,121,unweighted,10,0.2186504777070063,0,12,None,66,1,5,False,1000,1000
27587,122,unweighted,10,0.2252189490445859,0,12,None,66,1,5,False,1000,1000
27588,123,unweighted,10,0.2309912420382165,0,12,None,66,1,5,False,1000,1000
27589,124,unweighted,10,0.2362659235668789,0,12,None,66,1,5,False,1000,1000
27590,120,unweighted,10,0.206608280254777,0,30,None,66,1,5,False,1000,1000
27591,121,unweighted,10,0.2087977707006369,0,30,None,66,1,5,False,1000,1000
27592,122,unweighted,10,0.2128781847133758,0,30,None,66,1,5,False,1000,1000
27593,123,unweighted,10,0.2167595541401273,0,30,None,66,1,5,False,1000,1000
27594,124,unweighted,10,0.2198447452229299,0,30,None,66,1,5,False,1000,1000
27595,120,unweighted,10,0.2029259554140127,0,31,None,66,1,5,False,1000,1000
27596,121,unweighted,10,0.20203025477707,0,31,None,66,1,5,False,1000,1000
27597,122,unweighted,10,0.2037221337579617,0,31,None,66,1,5,False,1000,1000
27598,123,unweighted,10,0.2076035031847133,0,31,None,66,1,5,False,1000,1000
27599,124,unweighted,10,0.2093949044585987,0,31,None,66,1,5,False,1000,1000
27600,120,unweighted,10,0.2085987261146497,0,32,None,66,1,5,False,1000,1000
27601,121,unweighted,10,0.2106886942675159,0,32,None,66,1,5,False,1000,1000
27602,122,unweighted,10,0.2156648089171974,0,32,None,66,1,5,False,1000,1000
27603,123,unweighted,10,0.2189490445859872,0,32,None,66,1,5,False,1000,1000
27604,124,unweighted,10,0.2246218152866242,0,32,None,66,1,5,False,1000,1000
27605,120,unweighted,10,0.2210390127388535,0,7,None,66,1,5,False,1000,1000
27606,121,unweighted,10,0.2368630573248407,0,7,None,66,1,5,False,1000,1000
27607,122,unweighted,10,0.2429339171974522,0,7,None,66,1,5,False,1000,1000
27608,123,unweighted,10,0.2506966560509554,0,7,None,66,1,5,False,1000,1000
27609,124,unweighted,10,0.2762738853503185,0,7,None,66,1,5,False,1000,1000
27610,120,unweighted,10,0.2272093949044586,0,11,None,66,1,5,False,1000,1000
27611,121,unweighted,10,0.2392515923566879,0,11,None,66,1,5,False,1000,1000
27612,122,unweighted,10,0.2514928343949044,0,11,None,66,1,5,False,1000,1000
27613,123,unweighted,10,0.2647292993630573,0,11,None,66,1,5,False,1000,1000
27614,124,unweighted,10,0.2778662420382166,0,11,None,66,1,5,False,1000,1000
27615,120,unweighted,10,0.2132762738853503,0,10,None,66,1,5,False,1000,1000
27616,121,unweighted,10,0.2183519108280254,0,10,None,66,1,5,False,1000,1000
27617,122,unweighted,10,0.2249203821656051,0,10,None,66,1,5,False,1000,1000
27618,123,unweighted,10,0.2303941082802547,0,10,None,66,1,5,False,1000,1000
27619,124,unweighted,10,0.2371616242038216,0,10,None,66,1,5,False,1000,1000
27620,120,unweighted,10,0.2197452229299363,0,15,None,66,1,5,False,1000,1000
27621,121,unweighted,10,0.2295979299363057,0,15,None,66,1,5,False,1000,1000
27622,122,unweighted,10,0.2387539808917197,0,15,None,66,1,5,False,1000,1000
27623,123,unweighted,10,0.2551751592356688,0,15,None,66,1,5,False,1000,1000
27624,124,unweighted,10,0.2856289808917197,0,15,None,66,1,5,False,1000,1000
27625,120,unweighted,10,0.2102906050955414,0,14,None,66,1,5,False,1000,1000
27626,121,unweighted,10,0.2115843949044586,0,14,None,66,1,5,False,1000,1000
27627,122,unweighted,10,0.2145700636942675,0,14,None,66,1,5,False,1000,1000
27628,123,unweighted,10,0.2181528662420382,0,14,None,66,1,5,False,1000,1000
27629,124,unweighted,10,0.2209394904458598,0,14,None,66,1,5,False,1000,1000
27630,120,unweighted,10,0.2430334394904458,0,6,None,66,1,5,False,1000,1000
27631,121,unweighted,10,0.2065087579617834,0,6,None,66,1,5,False,1000,1000
27632,122,unweighted,10,0.2081011146496815,0,6,None,66,1,5,False,1000,1000
27633,123,unweighted,10,0.2115843949044586,0,6,None,66,1,5,False,1000,1000
27634,124,unweighted,10,0.2121815286624203,0,6,None,66,1,5,False,1000,1000
27635,120,unweighted,10,0.2142714968152866,0,22,None,66,1,5,False,1000,1000
27636,121,unweighted,10,0.2155652866242038,0,22,None,66,1,5,False,1000,1000
27637,122,unweighted,10,0.2166600318471337,0,22,None,66,1,5,False,1000,1000
27638,123,unweighted,10,0.2203423566878981,0,22,None,66,1,5,False,1000,1000
27639,124,unweighted,10,0.2606488853503185,0,22,None,66,1,5,False,1000,1000
27640,120,unweighted,10,0.2057125796178344,0,19,None,66,1,5,False,1000,1000
27641,121,unweighted,10,0.2096934713375796,0,19,None,66,1,5,False,1000,1000
27642,122,unweighted,10,0.2113853503184713,0,19,None,66,1,5,False,1000,1000
27643,123,unweighted,10,0.2162619426751592,0,19,None,66,1,5,False,1000,1000
27644,124,unweighted,10,0.222233280254777,0,19,None,66,1,5,False,1000,1000
27645,120,unweighted,10,0.2156648089171974,0,24,None,66,1,5,False,1000,1000
27646,121,unweighted,10,0.2724920382165605,0,24,None,66,1,5,False,1000,1000
27647,122,unweighted,10,0.2369625796178344,0,24,None,66,1,5,False,1000,1000
27648,123,unweighted,10,0.2568670382165605,0,24,None,66,1,5,False,1000,1000
27649,124,unweighted,10,0.2823447452229299,0,24,None,66,1,5,False,1000,1000
27650,120,unweighted,10,0.2089968152866242,0,1,None,66,1,5,False,1000,1000
27651,121,unweighted,10,0.2110867834394904,0,1,None,66,1,5,False,1000,1000
27652,122,unweighted,10,0.2121815286624203,0,1,None,66,1,5,False,1000,1000
27653,123,unweighted,10,0.214171974522293,0,1,None,66,1,5,False,1000,1000
27654,124,unweighted,10,0.2180533439490445,0,1,None,66,1,5,False,1000,1000
27655,120,unweighted,10,0.224124203821656,0,2,None,66,1,5,False,1000,1000
27656,121,unweighted,10,0.2506966560509554,0,2,None,66,1,5,False,1000,1000
27657,122,unweighted,10,0.2671178343949044,0,2,None,66,1,5,False,1000,1000
27658,123,unweighted,10,0.2651273885350318,0,2,None,66,1,5,False,1000,1000
27659,124,unweighted,10,0.2569665605095541,0,2,None,66,1,5,False,1000,1000
27660,120,unweighted,10,0.2131767515923567,0,0,None,66,1,5,False,1000,1000
27661,121,unweighted,10,0.2171576433121019,0,0,None,66,1,5,False,1000,1000
27662,122,unweighted,10,0.2202428343949044,0,0,None,66,1,5,False,1000,1000
27663,123,unweighted,10,0.2218351910828025,0,0,None,66,1,5,False,1000,1000
27664,124,unweighted,10,0.2255175159235669,0,0,None,66,1,5,False,1000,1000
27665,120,unweighted,10,0.2124800955414012,0,4,None,66,1,5,False,1000,1000
27666,121,unweighted,10,0.2172571656050955,0,4,None,66,1,5,False,1000,1000
27667,122,unweighted,10,0.2208399681528662,0,4,None,66,1,5,False,1000,1000
27668,123,unweighted,10,0.2230294585987261,0,4,None,66,1,5,False,1000,1000
27669,124,unweighted,10,0.2275079617834395,0,4,None,66,1,5,False,1000,1000
27670,120,unweighted,10,0.2285031847133758,0,3,None,66,1,5,False,1000,1000
27671,121,unweighted,10,0.2685111464968153,0,3,None,66,1,5,False,1000,1000
27672,122,unweighted,10,0.2798566878980891,0,3,None,66,1,5,False,1000,1000
27673,123,unweighted,10,0.2753781847133758,0,3,None,66,1,5,False,1000,1000
27674,124,unweighted,10,0.2759753184713376,0,3,None,66,1,5,False,1000,1000
27675,120,unweighted,10,0.2073049363057325,0,5,None,66,1,5,False,1000,1000
27676,121,unweighted,10,0.2118829617834395,0,5,None,66,1,5,False,1000,1000
27677,122,unweighted,10,0.2146695859872611,0,5,None,66,1,5,False,1000,1000
27678,123,unweighted,10,0.2174562101910828,0,5,None,66,1,5,False,1000,1000
27679,124,unweighted,10,0.2219347133757961,0,5,None,66,1,5,False,1000,1000
27680,120,unweighted,10,0.2093949044585987,0,8,None,66,1,5,False,1000,1000
27681,121,unweighted,10,0.2391520700636942,0,8,None,66,1,5,False,1000,1000
27682,122,unweighted,10,0.2665207006369426,0,8,None,66,1,5,False,1000,1000
27683,123,unweighted,10,0.2673168789808917,0,8,None,66,1,5,False,1000,1000
27684,124,unweighted,10,0.2677149681528662,0,8,None,66,1,5,False,1000,1000
27685,120,unweighted,10,0.2419386942675159,0,9,None,66,1,5,False,1000,1000
27686,121,unweighted,10,0.2186504777070063,0,9,None,66,1,5,False,1000,1000
27687,122,unweighted,10,0.2125796178343949,0,9,None,66,1,5,False,1000,1000
27688,123,unweighted,10,0.2154657643312102,0,9,None,66,1,5,False,1000,1000
27689,124,unweighted,10,0.2175557324840764,0,9,None,66,1,5,False,1000,1000
27690,120,unweighted,10,0.2051154458598726,0,13,None,66,1,5,False,1000,1000
27691,121,unweighted,10,0.205812101910828,0,13,None,66,1,5,False,1000,1000
27692,122,unweighted,10,0.2085987261146497,0,13,None,66,1,5,False,1000,1000
27693,123,unweighted,10,0.2118829617834395,0,13,None,66,1,5,False,1000,1000
27694,124,unweighted,10,0.2131767515923567,0,13,None,66,1,5,False,1000,1000
27695,120,unweighted,10,0.2204418789808917,0,23,None,66,1,5,False,1000,1000
27696,121,unweighted,10,0.226015127388535,0,23,None,66,1,5,False,1000,1000
27697,122,unweighted,10,0.2309912420382165,0,23,None,66,1,5,False,1000,1000
27698,123,unweighted,10,0.2336783439490445,0,23,None,66,1,5,False,1000,1000
27699,124,unweighted,10,0.2376592356687898,0,23,None,66,1,5,False,1000,1000
27700,120,unweighted,10,0.238953025477707,0,21,None,66,1,5,False,1000,1000
27701,121,unweighted,10,0.2101910828025477,0,21,None,66,1,5,False,1000,1000
27702,122,unweighted,10,0.2112858280254777,0,21,None,66,1,5,False,1000,1000
27703,123,unweighted,10,0.2134753184713375,0,21,None,66,1,5,False,1000,1000
27704,124,unweighted,10,0.2153662420382165,0,21,None,66,1,5,False,1000,1000
27705,120,unweighted,10,0.2203423566878981,0,28,None,66,1,5,False,1000,1000
27706,121,unweighted,10,0.2228304140127388,0,28,None,66,1,5,False,1000,1000
27707,122,unweighted,10,0.2262141719745223,0,28,None,66,1,5,False,1000,1000
27708,123,unweighted,10,0.2295979299363057,0,28,None,66,1,5,False,1000,1000
27709,124,unweighted,10,0.2322850318471337,0,28,None,66,1,5,False,1000,1000
27710,120,unweighted,10,0.2193471337579617,0,27,None,66,1,5,False,1000,1000
27711,121,unweighted,10,0.2227308917197452,0,27,None,66,1,5,False,1000,1000
27712,122,unweighted,10,0.2263136942675159,0,27,None,66,1,5,False,1000,1000
27713,123,unweighted,10,0.2322850318471337,0,27,None,66,1,5,False,1000,1000
27714,124,unweighted,10,0.2407444267515923,0,27,None,66,1,5,False,1000,1000
27715,120,unweighted,10,0.2114848726114649,0,29,None,66,1,5,False,1000,1000
27716,121,unweighted,10,0.2188495222929936,0,29,None,66,1,5,False,1000,1000
27717,122,unweighted,10,0.2311902866242038,0,29,None,66,1,5,False,1000,1000
27718,123,unweighted,10,0.2423367834394904,0,29,None,66,1,5,False,1000,1000
27719,124,unweighted,10,0.2556727707006369,0,29,None,66,1,5,False,1000,1000
31845,125,unweighted,10,0.2226313694267516,0,1,None,66,1,5,False,1000,1000
31846,126,unweighted,10,0.2254179936305732,0,1,None,66,1,5,False,1000,1000
31847,127,unweighted,10,0.229796974522293,0,1,None,66,1,5,False,1000,1000
31848,128,unweighted,10,0.2876194267515923,0,1,None,66,1,5,False,1000,1000
31849,129,unweighted,10,0.2467157643312102,0,1,None,66,1,5,False,1000,1000
31850,125,unweighted,10,0.2723925159235669,0,2,None,66,1,5,False,1000,1000
31851,126,unweighted,10,0.2918988853503185,0,2,None,66,1,5,False,1000,1000
31852,127,unweighted,10,0.284733280254777,0,2,None,66,1,5,False,1000,1000
31853,128,unweighted,10,0.2876194267515923,0,2,None,66,1,5,False,1000,1000
31854,129,unweighted,10,0.2951831210191082,0,2,None,66,1,5,False,1000,1000
31855,125,unweighted,10,0.2224323248407643,0,5,None,66,1,5,False,1000,1000
31856,126,unweighted,10,0.2232285031847133,0,5,None,66,1,5,False,1000,1000
31857,127,unweighted,10,0.224124203821656,0,5,None,66,1,5,False,1000,1000
31858,128,unweighted,10,0.229796974522293,0,5,None,66,1,5,False,1000,1000
31859,129,unweighted,10,0.2914012738853503,0,5,None,66,1,5,False,1000,1000
31860,125,unweighted,10,0.2188495222929936,0,13,None,66,1,5,False,1000,1000
31861,126,unweighted,10,0.2192476114649681,0,13,None,66,1,5,False,1000,1000
31862,127,unweighted,10,0.2206409235668789,0,13,None,66,1,5,False,1000,1000
31863,128,unweighted,10,0.2213375796178344,0,13,None,66,1,5,False,1000,1000
31864,129,unweighted,10,0.2246218152866242,0,13,None,66,1,5,False,1000,1000
31865,125,unweighted,10,0.2906050955414013,0,15,None,66,1,5,False,1000,1000
31866,126,unweighted,10,0.2975716560509554,0,15,None,66,1,5,False,1000,1000
31867,127,unweighted,10,0.2985668789808917,0,15,None,66,1,5,False,1000,1000
31868,128,unweighted,10,0.3021496815286624,0,15,None,66,1,5,False,1000,1000
31869,129,unweighted,10,0.3329020700636942,0,15,None,66,1,5,False,1000,1000
31870,125,unweighted,10,0.2371616242038216,0,10,None,66,1,5,False,1000,1000
31871,126,unweighted,10,0.2473128980891719,0,10,None,66,1,5,False,1000,1000
31872,127,unweighted,10,0.2730891719745223,0,10,None,66,1,5,False,1000,1000
31873,128,unweighted,10,0.3013535031847134,0,10,None,66,1,5,False,1000,1000
31874,129,unweighted,10,0.3180732484076433,0,10,None,66,1,5,False,1000,1000
31875,125,unweighted,10,0.2205414012738853,0,20,None,66,1,5,False,1000,1000
31876,126,unweighted,10,0.2229299363057325,0,20,None,66,1,5,False,1000,1000
31877,127,unweighted,10,0.2234275477707006,0,20,None,66,1,5,False,1000,1000
31878,128,unweighted,10,0.2262141719745223,0,20,None,66,1,5,False,1000,1000
31879,129,unweighted,10,0.2290007961783439,0,20,None,66,1,5,False,1000,1000
31880,125,unweighted,10,0.2308917197452229,0,19,None,66,1,5,False,1000,1000
31881,126,unweighted,10,0.2895103503184713,0,19,None,66,1,5,False,1000,1000
31882,127,unweighted,10,0.2763734076433121,0,19,None,66,1,5,False,1000,1000
31883,128,unweighted,10,0.2383558917197452,0,19,None,66,1,5,False,1000,1000
31884,129,unweighted,10,0.2208399681528662,0,19,None,66,1,5,False,1000,1000
31885,125,unweighted,10,0.2226313694267516,0,14,None,66,1,5,False,1000,1000
31886,126,unweighted,10,0.2243232484076433,0,14,None,66,1,5,False,1000,1000
31887,127,unweighted,10,0.2272093949044586,0,14,None,66,1,5,False,1000,1000
31888,128,unweighted,10,0.2307921974522293,0,14,None,66,1,5,False,1000,1000
31889,129,unweighted,10,0.2360668789808917,0,14,None,66,1,5,False,1000,1000
31890,125,unweighted,10,0.2228304140127388,0,22,None,66,1,5,False,1000,1000
31891,126,unweighted,10,0.2821457006369426,0,22,None,66,1,5,False,1000,1000
31892,127,unweighted,10,0.21765525477707,0,22,None,66,1,5,False,1000,1000
31893,128,unweighted,10,0.2147691082802547,0,22,None,66,1,5,False,1000,1000
31894,129,unweighted,10,0.2188495222929936,0,22,None,66,1,5,False,1000,1000
31895,125,unweighted,10,0.2347730891719745,0,23,None,66,1,5,False,1000,1000
31896,126,unweighted,10,0.2386544585987261,0,23,None,66,1,5,False,1000,1000
31897,127,unweighted,10,0.242436305732484,0,23,None,66,1,5,False,1000,1000
31898,128,unweighted,10,0.2918988853503185,0,23,None,66,1,5,False,1000,1000
31899,129,unweighted,10,0.2764729299363057,0,23,None,66,1,5,False,1000,1000
31900,125,unweighted,10,0.2216361464968153,0,21,None,66,1,5,False,1000,1000
31901,126,unweighted,10,0.2246218152866242,0,21,None,66,1,5,False,1000,1000
31902,127,unweighted,10,0.2843351910828025,0,21,None,66,1,5,False,1000,1000
31903,128,unweighted,10,0.2380573248407643,0,21,None,66,1,5,False,1000,1000
31904,129,unweighted,10,0.2490047770700637,0,21,None,66,1,5,False,1000,1000
31905,125,unweighted,10,0.2367635350318471,0,25,None,66,1,5,False,1000,1000
31906,126,unweighted,10,0.2486066878980891,0,25,None,66,1,5,False,1000,1000
31907,127,unweighted,10,0.2672173566878981,0,25,None,66,1,5,False,1000,1000
31908,128,unweighted,10,0.2825437898089172,0,25,None,66,1,5,False,1000,1000
31909,129,unweighted,10,0.2934912420382166,0,25,None,66,1,5,False,1000,1000
31910,125,unweighted,10,0.2302945859872611,0,26,None,66,1,5,False,1000,1000
31911,126,unweighted,10,0.2330812101910828,0,26,None,66,1,5,False,1000,1000
31912,127,unweighted,10,0.2604498407643312,0,26,None,66,1,5,False,1000,1000
31913,128,unweighted,10,0.293093152866242,0,26,None,66,1,5,False,1000,1000
31914,129,unweighted,10,0.2633359872611465,0,26,None,66,1,5,False,1000,1000
31915,125,unweighted,10,0.254578025477707,0,12,None,66,1,5,False,1000,1000
31916,126,unweighted,10,0.2588574840764331,0,12,None,66,1,5,False,1000,1000
31917,127,unweighted,10,0.2762738853503185,0,12,None,66,1,5,False,1000,1000
31918,128,unweighted,10,0.3054339171974522,0,12,None,66,1,5,False,1000,1000
31919,129,unweighted,10,0.3713176751592357,0,12,None,66,1,5,False,1000,1000
31920,125,unweighted,10,0.2335788216560509,0,28,None,66,1,5,False,1000,1000
31921,126,unweighted,10,0.2382563694267516,0,28,None,66,1,5,False,1000,1000
31922,127,unweighted,10,0.2468152866242038,0,28,None,66,1,5,False,1000,1000
31923,128,unweighted,10,0.2982683121019108,0,28,None,66,1,5,False,1000,1000
31924,129,unweighted,10,0.297671178343949,0,28,None,66,1,5,False,1000,1000
31925,125,unweighted,10,0.2261146496815286,0,9,None,66,1,5,False,1000,1000
31926,126,unweighted,10,0.23328025477707,0,9,None,66,1,5,False,1000,1000
31927,127,unweighted,10,0.2597531847133758,0,9,None,66,1,5,False,1000,1000
31928,128,unweighted,10,0.2813495222929936,0,9,None,66,1,5,False,1000,1000
31929,129,unweighted,10,0.3239450636942675,0,9,None,66,1,5,False,1000,1000
31930,125,unweighted,10,0.25,0,29,None,66,1,5,False,1000,1000
31931,126,unweighted,10,0.2998606687898089,0,29,None,66,1,5,False,1000,1000
31932,127,unweighted,10,0.3201632165605095,0,29,None,66,1,5,False,1000,1000
31933,128,unweighted,10,0.3290207006369426,0,29,None,66,1,5,False,1000,1000
31934,129,unweighted,10,0.3778861464968153,0,29,None,66,1,5,False,1000,1000
31935,125,unweighted,10,0.2338773885350318,0,0,None,66,1,5,False,1000,1000
31936,126,unweighted,10,0.2321855095541401,0,0,None,66,1,5,False,1000,1000
31937,127,unweighted,10,0.2353702229299363,0,0,None,66,1,5,False,1000,1000
31938,128,unweighted,10,0.2499004777070063,0,0,None,66,1,5,False,1000,1000
31939,129,unweighted,10,0.2933917197452229,0,0,None,66,1,5,False,1000,1000
31940,125,unweighted,10,0.2283041401273885,0,30,None,66,1,5,False,1000,1000
31941,126,unweighted,10,0.2298964968152866,0,30,None,66,1,5,False,1000,1000
31942,127,unweighted,10,0.2387539808917197,0,30,None,66,1,5,False,1000,1000
31943,128,unweighted,10,0.2649283439490446,0,30,None,66,1,5,False,1000,1000
31944,129,unweighted,10,0.3027468152866242,0,30,None,66,1,5,False,1000,1000
31945,125,unweighted,10,0.2192476114649681,0,6,None,66,1,5,False,1000,1000
31946,126,unweighted,10,0.2201433121019108,0,6,None,66,1,5,False,1000,1000
31947,127,unweighted,10,0.219546178343949,0,6,None,66,1,5,False,1000,1000
31948,128,unweighted,10,0.2314888535031847,0,6,None,66,1,5,False,1000,1000
31949,129,unweighted,10,0.2804538216560509,0,6,None,66,1,5,False,1000,1000
31950,125,unweighted,10,0.2477109872611465,0,18,None,66,1,5,False,1000,1000
31951,126,unweighted,10,0.2617436305732484,0,18,None,66,1,5,False,1000,1000
31952,127,unweighted,10,0.2356687898089172,0,18,None,66,1,5,False,1000,1000
31953,128,unweighted,10,0.2442277070063694,0,18,None,66,1,5,False,1000,1000
31954,129,unweighted,10,0.2736863057324841,0,18,None,66,1,5,False,1000,1000
31955,125,unweighted,10,0.2832404458598726,0,27,None,66,1,5,False,1000,1000
31956,126,unweighted,10,0.2880175159235669,0,27,None,66,1,5,False,1000,1000
31957,127,unweighted,10,0.289609872611465,0,27,None,66,1,5,False,1000,1000
31958,128,unweighted,10,0.2886146496815286,0,27,None,66,1,5,False,1000,1000
31959,129,unweighted,10,0.2914012738853503,0,27,None,66,1,5,False,1000,1000
31960,125,unweighted,10,0.2151671974522293,0,31,None,66,1,5,False,1000,1000
31961,126,unweighted,10,0.2165605095541401,0,31,None,66,1,5,False,1000,1000
31962,127,unweighted,10,0.21765525477707,0,31,None,66,1,5,False,1000,1000
31963,128,unweighted,10,0.219546178343949,0,31,None,66,1,5,False,1000,1000
31964,129,unweighted,10,0.2201433121019108,0,31,None,66,1,5,False,1000,1000
31965,125,unweighted,10,0.23328025477707,0,32,None,66,1,5,False,1000,1000
31966,126,unweighted,10,0.2543789808917197,0,32,None,66,1,5,False,1000,1000
31967,127,unweighted,10,0.2901074840764331,0,32,None,66,1,5,False,1000,1000
31968,128,unweighted,10,0.3290207006369426,0,32,None,66,1,5,False,1000,1000
31969,129,unweighted,10,0.3539012738853503,0,32,None,66,1,5,False,1000,1000
31970,125,unweighted,10,0.2278065286624203,0,4,None,66,1,5,False,1000,1000
31971,126,unweighted,10,0.2286027070063694,0,4,None,66,1,5,False,1000,1000
31972,127,unweighted,10,0.2309912420382165,0,4,None,66,1,5,False,1000,1000
31973,128,unweighted,10,0.2488057324840764,0,4,None,66,1,5,False,1000,1000
31974,129,unweighted,10,0.2890127388535032,0,4,None,66,1,5,False,1000,1000
31975,125,unweighted,10,0.2699044585987261,0,11,None,66,1,5,False,1000,1000
31976,126,unweighted,10,0.2897093949044586,0,11,None,66,1,5,False,1000,1000
31977,127,unweighted,10,0.3042396496815286,0,11,None,66,1,5,False,1000,1000
31978,128,unweighted,10,0.3110071656050955,0,11,None,66,1,5,False,1000,1000
31979,129,unweighted,10,0.3293192675159235,0,11,None,66,1,5,False,1000,1000
31980,125,unweighted,10,0.2330812101910828,0,17,None,66,1,5,False,1000,1000
31981,126,unweighted,10,0.2319864649681528,0,17,None,66,1,5,False,1000,1000
31982,127,unweighted,10,0.2362659235668789,0,17,None,66,1,5,False,1000,1000
31983,128,unweighted,10,0.2479100318471337,0,17,None,66,1,5,False,1000,1000
31984,129,unweighted,10,0.3217555732484076,0,17,None,66,1,5,False,1000,1000
31985,125,unweighted,10,0.2827428343949044,0,3,None,66,1,5,False,1000,1000
31986,126,unweighted,10,0.2870222929936306,0,3,None,66,1,5,False,1000,1000
31987,127,unweighted,10,0.2947850318471338,0,3,None,66,1,5,False,1000,1000
31988,128,unweighted,10,0.3048367834394904,0,3,None,66,1,5,False,1000,1000
31989,129,unweighted,10,0.3131966560509554,0,3,None,66,1,5,False,1000,1000
31990,125,unweighted,10,0.2910031847133758,0,24,None,66,1,5,False,1000,1000
31991,126,unweighted,10,0.3343949044585987,0,24,None,66,1,5,False,1000,1000
31992,127,unweighted,10,0.3361863057324841,0,24,None,66,1,5,False,1000,1000
31993,128,unweighted,10,0.380374203821656,0,24,None,66,1,5,False,1000,1000
31994,129,unweighted,10,0.3843550955414013,0,24,None,66,1,5,False,1000,1000
31995,130,unweighted,10,0.3311106687898089,0,24,None,66,1,5,False,1000,1000
31996,131,unweighted,10,0.3158837579617834,0,24,None,66,1,5,False,1000,1000
31997,132,unweighted,10,0.3195660828025478,0,24,None,66,1,5,False,1000,1000
31998,133,unweighted,10,0.3254378980891719,0,24,None,66,1,5,False,1000,1000
31999,134,unweighted,10,0.3331011146496815,0,24,None,66,1,5,False,1000,1000
32000,125,unweighted,10,0.3366839171974522,0,7,None,66,1,5,False,1000,1000
32001,126,unweighted,10,0.3546974522292994,0,7,None,66,1,5,False,1000,1000
32002,127,unweighted,10,0.3536027070063694,0,7,None,66,1,5,False,1000,1000
32003,128,unweighted,10,0.3653463375796178,0,7,None,66,1,5,False,1000,1000
32004,129,unweighted,10,0.4221735668789809,0,7,None,66,1,5,False,1000,1000
32005,125,unweighted,10,0.2803542993630573,0,8,None,66,1,5,False,1000,1000
32006,126,unweighted,10,0.303343949044586,0,8,None,66,1,5,False,1000,1000
32007,127,unweighted,10,0.3549960191082802,0,8,None,66,1,5,False,1000,1000
32008,128,unweighted,10,0.3451433121019108,0,8,None,66,1,5,False,1000,1000
32009,129,unweighted,10,0.3108081210191082,0,8,None,66,1,5,False,1000,1000
32010,125,unweighted,10,0.2248208598726114,0,16,None,66,1,5,False,1000,1000
32011,126,unweighted,10,0.2250199044585987,0,16,None,66,1,5,False,1000,1000
32012,127,unweighted,10,0.246218152866242,0,16,None,66,1,5,False,1000,1000
32013,128,unweighted,10,0.3058320063694267,0,16,None,66,1,5,False,1000,1000
32014,129,unweighted,10,0.2824442675159235,0,16,None,66,1,5,False,1000,1000
32015,130,unweighted,10,0.3116042993630573,0,25,None,66,1,5,False,1000,1000
32016,131,unweighted,10,0.2962778662420382,0,25,None,66,1,5,False,1000,1000
32017,132,unweighted,10,0.294984076433121,0,25,None,66,1,5,False,1000,1000
32018,133,unweighted,10,0.3290207006369426,0,25,None,66,1,5,False,1000,1000
32019,134,unweighted,10,0.3589769108280254,0,25,None,66,1,5,False,1000,1000
32020,130,unweighted,10,0.2345740445859872,0,1,None,66,1,5,False,1000,1000
32021,131,unweighted,10,0.2289012738853503,0,1,None,66,1,5,False,1000,1000
32022,132,unweighted,10,0.23328025477707,0,1,None,66,1,5,False,1000,1000
32023,133,unweighted,10,0.2408439490445859,0,1,None,66,1,5,False,1000,1000
32024,134,unweighted,10,0.2485071656050955,0,1,None,66,1,5,False,1000,1000
32025,130,unweighted,10,0.2723925159235669,0,13,None,66,1,5,False,1000,1000
32026,131,unweighted,10,0.3002587579617834,0,13,None,66,1,5,False,1000,1000
32027,132,unweighted,10,0.2810509554140127,0,13,None,66,1,5,False,1000,1000
32028,133,unweighted,10,0.28125,0,13,None,66,1,5,False,1000,1000
32029,134,unweighted,10,0.3166799363057325,0,13,None,66,1,5,False,1000,1000
32030,130,unweighted,10,0.324343152866242,0,27,None,66,1,5,False,1000,1000
32031,131,unweighted,10,0.361265923566879,0,27,None,66,1,5,False,1000,1000
32032,132,unweighted,10,0.3609673566878981,0,27,None,66,1,5,False,1000,1000
32033,133,unweighted,10,0.3475318471337579,0,27,None,66,1,5,False,1000,1000
32034,134,unweighted,10,0.3420581210191082,0,27,None,66,1,5,False,1000,1000
32035,130,unweighted,10,0.4109275477707006,0,29,None,66,1,5,False,1000,1000
32036,131,unweighted,10,0.3609673566878981,0,29,None,66,1,5,False,1000,1000
32037,132,unweighted,10,0.3468351910828025,0,29,None,66,1,5,False,1000,1000
32038,133,unweighted,10,0.3469347133757962,0,29,None,66,1,5,False,1000,1000
32039,134,unweighted,10,0.356389331210191,0,29,None,66,1,5,False,1000,1000
32040,130,unweighted,10,0.250796178343949,0,22,None,66,1,5,False,1000,1000
32041,131,unweighted,10,0.2604498407643312,0,22,None,66,1,5,False,1000,1000
32042,132,unweighted,10,0.2764729299363057,0,22,None,66,1,5,False,1000,1000
32043,133,unweighted,10,0.2919984076433121,0,22,None,66,1,5,False,1000,1000
32044,134,unweighted,10,0.3158837579617834,0,22,None,66,1,5,False,1000,1000
32045,130,unweighted,10,0.2458200636942675,0,23,None,66,1,5,False,1000,1000
32046,131,unweighted,10,0.2433320063694267,0,23,None,66,1,5,False,1000,1000
32047,132,unweighted,10,0.2566679936305732,0,23,None,66,1,5,False,1000,1000
32048,133,unweighted,10,0.2974721337579618,0,23,None,66,1,5,False,1000,1000
32049,134,unweighted,10,0.3458399681528662,0,23,None,66,1,5,False,1000,1000
32050,130,unweighted,10,0.3328025477707006,0,32,None,66,1,5,False,1000,1000
32051,131,unweighted,10,0.3019506369426751,0,32,None,66,1,5,False,1000,1000
32052,132,unweighted,10,0.2993630573248407,0,32,None,66,1,5,False,1000,1000
32053,133,unweighted,10,0.3042396496815286,0,32,None,66,1,5,False,1000,1000
32054,134,unweighted,10,0.3126990445859872,0,32,None,66,1,5,False,1000,1000
32055,130,unweighted,10,0.2549761146496815,0,16,None,66,1,5,False,1000,1000
32056,131,unweighted,10,0.2893113057324841,0,16,None,66,1,5,False,1000,1000
32057,132,unweighted,10,0.3148885350318471,0,16,None,66,1,5,False,1000,1000
32058,133,unweighted,10,0.3279259554140127,0,16,None,66,1,5,False,1000,1000
32059,134,unweighted,10,0.3310111464968153,0,16,None,66,1,5,False,1000,1000
32060,130,unweighted,10,0.2999601910828025,0,31,None,66,1,5,False,1000,1000
32061,131,unweighted,10,0.2899084394904458,0,31,None,66,1,5,False,1000,1000
32062,132,unweighted,10,0.2706011146496815,0,31,None,66,1,5,False,1000,1000
32063,133,unweighted,10,0.2616441082802547,0,31,None,66,1,5,False,1000,1000
32064,134,unweighted,10,0.2616441082802547,0,31,None,66,1,5,False,1000,1000
32065,130,unweighted,10,0.2245222929936305,0,19,None,66,1,5,False,1000,1000
32066,131,unweighted,10,0.2284036624203821,0,19,None,66,1,5,False,1000,1000
32067,132,unweighted,10,0.2340764331210191,0,19,None,66,1,5,False,1000,1000
32068,133,unweighted,10,0.2426353503184713,0,19,None,66,1,5,False,1000,1000
32069,134,unweighted,10,0.2551751592356688,0,19,None,66,1,5,False,1000,1000
32070,130,unweighted,10,0.2945859872611465,0,8,None,66,1,5,False,1000,1000
32071,131,unweighted,10,0.2868232484076433,0,8,None,66,1,5,False,1000,1000
32072,132,unweighted,10,0.2909036624203822,0,8,None,66,1,5,False,1000,1000
32073,133,unweighted,10,0.3012539808917197,0,8,None,66,1,5,False,1000,1000
32074,134,unweighted,10,0.3328025477707006,0,8,None,66,1,5,False,1000,1000
32075,130,unweighted,10,0.2707006369426751,0,21,None,66,1,5,False,1000,1000
32076,131,unweighted,10,0.2870222929936306,0,21,None,66,1,5,False,1000,1000
32077,132,unweighted,10,0.3007563694267516,0,21,None,66,1,5,False,1000,1000
32078,133,unweighted,10,0.3386743630573248,0,21,None,66,1,5,False,1000,1000
32079,134,unweighted,10,0.3778861464968153,0,21,None,66,1,5,False,1000,1000
32080,130,unweighted,10,0.2557722929936306,0,14,None,66,1,5,False,1000,1000
32081,131,unweighted,10,0.2651273885350318,0,14,None,66,1,5,False,1000,1000
32082,132,unweighted,10,0.288515127388535,0,14,None,66,1,5,False,1000,1000
32083,133,unweighted,10,0.3203622611464968,0,14,None,66,1,5,False,1000,1000
32084,134,unweighted,10,0.3623606687898089,0,14,None,66,1,5,False,1000,1000
32085,130,unweighted,10,0.253483280254777,0,6,None,66,1,5,False,1000,1000
32086,131,unweighted,10,0.2299960191082802,0,6,None,66,1,5,False,1000,1000
32087,132,unweighted,10,0.2373606687898089,0,6,None,66,1,5,False,1000,1000
32088,133,unweighted,10,0.2589570063694267,0,6,None,66,1,5,False,1000,1000
32089,134,unweighted,10,0.279359076433121,0,6,None,66,1,5,False,1000,1000
32090,130,unweighted,10,0.2870222929936306,0,26,None,66,1,5,False,1000,1000
32091,131,unweighted,10,0.2893113057324841,0,26,None,66,1,5,False,1000,1000
32092,132,unweighted,10,0.3008558917197452,0,26,None,66,1,5,False,1000,1000
32093,133,unweighted,10,0.3135947452229299,0,26,None,66,1,5,False,1000,1000
32094,134,unweighted,10,0.3260350318471338,0,26,None,66,1,5,False,1000,1000
32095,130,unweighted,10,0.3278264331210191,0,30,None,66,1,5,False,1000,1000
32096,131,unweighted,10,0.3748009554140127,0,30,None,66,1,5,False,1000,1000
32097,132,unweighted,10,0.3344944267515923,0,30,None,66,1,5,False,1000,1000
32098,133,unweighted,10,0.3188694267515923,0,30,None,66,1,5,False,1000,1000
32099,134,unweighted,10,0.3213574840764331,0,30,None,66,1,5,False,1000,1000
32100,130,unweighted,10,0.3210589171974522,0,2,None,66,1,5,False,1000,1000
32101,131,unweighted,10,0.371218152866242,0,2,None,66,1,5,False,1000,1000
32102,132,unweighted,10,0.3272292993630573,0,2,None,66,1,5,False,1000,1000
32103,133,unweighted,10,0.319765127388535,0,2,None,66,1,5,False,1000,1000
32104,134,unweighted,10,0.3257364649681528,0,2,None,66,1,5,False,1000,1000
32105,130,unweighted,10,0.3494227707006369,0,0,None,66,1,5,False,1000,1000
32106,131,unweighted,10,0.3089171974522293,0,0,None,66,1,5,False,1000,1000
32107,132,unweighted,10,0.3046377388535032,0,0,None,66,1,5,False,1000,1000
32108,133,unweighted,10,0.3104100318471338,0,0,None,66,1,5,False,1000,1000
32109,134,unweighted,10,0.3181727707006369,0,0,None,66,1,5,False,1000,1000
32110,130,unweighted,10,0.3257364649681528,0,3,None,66,1,5,False,1000,1000
32111,131,unweighted,10,0.3468351910828025,0,3,None,66,1,5,False,1000,1000
32112,132,unweighted,10,0.3756966560509554,0,3,None,66,1,5,False,1000,1000
32113,133,unweighted,10,0.3971934713375796,0,3,None,66,1,5,False,1000,1000
32114,134,unweighted,10,0.403264331210191,0,3,None,66,1,5,False,1000,1000
32115,130,unweighted,10,0.2775676751592357,0,4,None,66,1,5,False,1000,1000
32116,131,unweighted,10,0.2590565286624204,0,4,None,66,1,5,False,1000,1000
32117,132,unweighted,10,0.3129976114649681,0,4,None,66,1,5,False,1000,1000
32118,133,unweighted,10,0.3313097133757962,0,4,None,66,1,5,False,1000,1000
32119,134,unweighted,10,0.3409633757961783,0,4,None,66,1,5,False,1000,1000
32120,130,unweighted,10,0.3000597133757962,0,5,None,66,1,5,False,1000,1000
32121,131,unweighted,10,0.2538813694267516,0,5,None,66,1,5,False,1000,1000
32122,132,unweighted,10,0.2633359872611465,0,5,None,66,1,5,False,1000,1000
32123,133,unweighted,10,0.294984076433121,0,5,None,66,1,5,False,1000,1000
32124,134,unweighted,10,0.3330015923566879,0,5,None,66,1,5,False,1000,1000
32125,130,unweighted,10,0.3465366242038216,0,7,None,66,1,5,False,1000,1000
32126,131,unweighted,10,0.3382762738853503,0,7,None,66,1,5,False,1000,1000
32127,132,unweighted,10,0.3572850318471338,0,7,None,66,1,5,False,1000,1000
32128,133,unweighted,10,0.4098328025477707,0,7,None,66,1,5,False,1000,1000
32129,134,unweighted,10,0.4031648089171974,0,7,None,66,1,5,False,1000,1000
32130,130,unweighted,10,0.383359872611465,0,10,None,66,1,5,False,1000,1000
32131,131,unweighted,10,0.3767914012738853,0,10,None,66,1,5,False,1000,1000
32132,132,unweighted,10,0.3747014331210191,0,10,None,66,1,5,False,1000,1000
32133,133,unweighted,10,0.372014331210191,0,10,None,66,1,5,False,1000,1000
32134,134,unweighted,10,0.3691281847133758,0,10,None,66,1,5,False,1000,1000
32135,130,unweighted,10,0.3078224522292994,0,9,None,66,1,5,False,1000,1000
32136,131,unweighted,10,0.2805533439490446,0,9,None,66,1,5,False,1000,1000
32137,132,unweighted,10,0.2917993630573248,0,9,None,66,1,5,False,1000,1000
32138,133,unweighted,10,0.3065286624203822,0,9,None,66,1,5,False,1000,1000
32139,134,unweighted,10,0.3226512738853503,0,9,None,66,1,5,False,1000,1000
32140,130,unweighted,10,0.3706210191082802,0,11,None,66,1,5,False,1000,1000
32141,131,unweighted,10,0.3433519108280254,0,11,None,66,1,5,False,1000,1000
32142,132,unweighted,10,0.3268312101910828,0,11,None,66,1,5,False,1000,1000
32143,133,unweighted,10,0.3317078025477707,0,11,None,66,1,5,False,1000,1000
32144,134,unweighted,10,0.3359872611464968,0,11,None,66,1,5,False,1000,1000
32145,130,unweighted,10,0.3787818471337579,0,12,None,66,1,5,False,1000,1000
32146,131,unweighted,10,0.3333001592356688,0,12,None,66,1,5,False,1000,1000
32147,132,unweighted,10,0.3328025477707006,0,12,None,66,1,5,False,1000,1000
32148,133,unweighted,10,0.339171974522293,0,12,None,66,1,5,False,1000,1000
32149,134,unweighted,10,0.3451433121019108,0,12,None,66,1,5,False,1000,1000
32150,130,unweighted,10,0.3493232484076433,0,15,None,66,1,5,False,1000,1000
32151,131,unweighted,10,0.3330015923566879,0,15,None,66,1,5,False,1000,1000
32152,132,unweighted,10,0.3126990445859872,0,15,None,66,1,5,False,1000,1000
32153,133,unweighted,10,0.317874203821656,0,15,None,66,1,5,False,1000,1000
32154,134,unweighted,10,0.3261345541401274,0,15,None,66,1,5,False,1000,1000
32155,130,unweighted,10,0.3595740445859872,0,17,None,66,1,5,False,1000,1000
32156,131,unweighted,10,0.3173765923566879,0,17,None,66,1,5,False,1000,1000
32157,132,unweighted,10,0.3127985668789809,0,17,None,66,1,5,False,1000,1000
32158,133,unweighted,10,0.3205613057324841,0,17,None,66,1,5,False,1000,1000
32159,134,unweighted,10,0.3291202229299363,0,17,None,66,1,5,False,1000,1000
32160,130,unweighted,10,0.3531050955414013,0,18,None,66,1,5,False,1000,1000
32161,131,unweighted,10,0.3248407643312102,0,18,None,66,1,5,False,1000,1000
32162,132,unweighted,10,0.3222531847133758,0,18,None,66,1,5,False,1000,1000
32163,133,unweighted,10,0.3301154458598726,0,18,None,66,1,5,False,1000,1000
32164,134,unweighted,10,0.348328025477707,0,18,None,66,1,5,False,1000,1000
32165,130,unweighted,10,0.2641321656050955,0,20,None,66,1,5,False,1000,1000
32166,131,unweighted,10,0.3261345541401274,0,20,None,66,1,5,False,1000,1000
32167,132,unweighted,10,0.3560907643312102,0,20,None,66,1,5,False,1000,1000
32168,133,unweighted,10,0.3640525477707006,0,20,None,66,1,5,False,1000,1000
32169,134,unweighted,10,0.3745023885350318,0,20,None,66,1,5,False,1000,1000
32170,130,unweighted,10,0.3614649681528662,0,28,None,66,1,5,False,1000,1000
32171,131,unweighted,10,0.3075238853503185,0,28,None,66,1,5,False,1000,1000
32172,132,unweighted,10,0.3124004777070063,0,28,None,66,1,5,False,1000,1000
32173,133,unweighted,10,0.3199641719745223,0,28,None,66,1,5,False,1000,1000
32174,134,unweighted,10,0.3292197452229299,0,28,None,66,1,5,False,1000,1000
36630,135,unweighted,10,0.2568670382165605,0,1,None,66,1,5,False,1000,1000
36631,136,unweighted,10,0.3125,0,1,None,66,1,5,False,1000,1000
36632,137,unweighted,10,0.3382762738853503,0,1,None,66,1,5,False,1000,1000
36633,138,unweighted,10,0.3465366242038216,0,1,None,66,1,5,False,1000,1000
36634,139,unweighted,10,0.349124203821656,0,1,None,66,1,5,False,1000,1000
36635,135,unweighted,10,0.3772890127388535,0,13,None,66,1,5,False,1000,1000
36636,136,unweighted,10,0.4036624203821656,0,13,None,66,1,5,False,1000,1000
36637,137,unweighted,10,0.4166998407643312,0,13,None,66,1,5,False,1000,1000
36638,138,unweighted,10,0.4238654458598726,0,13,None,66,1,5,False,1000,1000
36639,139,unweighted,10,0.4295382165605095,0,13,None,66,1,5,False,1000,1000
36640,135,unweighted,10,0.3410628980891719,0,16,None,66,1,5,False,1000,1000
36641,136,unweighted,10,0.3444466560509554,0,16,None,66,1,5,False,1000,1000
36642,137,unweighted,10,0.3511146496815286,0,16,None,66,1,5,False,1000,1000
36643,138,unweighted,10,0.3592754777070063,0,16,None,66,1,5,False,1000,1000
36644,139,unweighted,10,0.3682324840764331,0,16,None,66,1,5,False,1000,1000
36645,135,unweighted,10,0.2671178343949044,0,19,None,66,1,5,False,1000,1000
36646,136,unweighted,10,0.2794585987261146,0,19,None,66,1,5,False,1000,1000
36647,137,unweighted,10,0.2921974522292994,0,19,None,66,1,5,False,1000,1000
36648,138,unweighted,10,0.3131966560509554,0,19,None,66,1,5,False,1000,1000
36649,139,unweighted,10,0.3598726114649681,0,19,None,66,1,5,False,1000,1000
36650,135,unweighted,10,0.330812101910828,0,14,None,66,1,5,False,1000,1000
36651,136,unweighted,10,0.3937101910828025,0,14,None,66,1,5,False,1000,1000
36652,137,unweighted,10,0.3679339171974522,0,14,None,66,1,5,False,1000,1000
36653,138,unweighted,10,0.4231687898089172,0,14,None,66,1,5,False,1000,1000
36654,139,unweighted,10,0.4196855095541401,0,14,None,66,1,5,False,1000,1000
36655,135,unweighted,10,0.3886345541401274,0,21,None,66,1,5,False,1000,1000
36656,136,unweighted,10,0.3882364649681528,0,21,None,66,1,5,False,1000,1000
36657,137,unweighted,10,0.3888335987261146,0,21,None,66,1,5,False,1000,1000
36658,138,unweighted,10,0.3930135350318471,0,21,None,66,1,5,False,1000,1000
36659,139,unweighted,10,0.400577229299363,0,21,None,66,1,5,False,1000,1000
36660,135,unweighted,10,0.3791799363057325,0,25,None,66,1,5,False,1000,1000
36661,136,unweighted,10,0.3851512738853503,0,25,None,66,1,5,False,1000,1000
36662,137,unweighted,10,0.4269506369426751,0,25,None,66,1,5,False,1000,1000
36663,138,unweighted,10,0.439390923566879,0,25,None,66,1,5,False,1000,1000
36664,139,unweighted,10,0.4530254777070063,0,25,None,66,1,5,False,1000,1000
36665,135,unweighted,10,0.359375,0,26,None,66,1,5,False,1000,1000
36666,136,unweighted,10,0.398984872611465,0,26,None,66,1,5,False,1000,1000
36667,137,unweighted,10,0.4163017515923566,0,26,None,66,1,5,False,1000,1000
36668,138,unweighted,10,0.4235668789808917,0,26,None,66,1,5,False,1000,1000
36669,139,unweighted,10,0.4279458598726114,0,26,None,66,1,5,False,1000,1000
36670,135,unweighted,10,0.361265923566879,0,29,None,66,1,5,False,1000,1000
36671,136,unweighted,10,0.3681329617834395,0,29,None,66,1,5,False,1000,1000
36672,137,unweighted,10,0.3695262738853503,0,29,None,66,1,5,False,1000,1000
36673,138,unweighted,10,0.3709195859872611,0,29,None,66,1,5,False,1000,1000
36674,139,unweighted,10,0.3713176751592357,0,29,None,66,1,5,False,1000,1000
36675,135,unweighted,10,0.3911226114649681,0,8,None,66,1,5,False,1000,1000
36676,136,unweighted,10,0.398984872611465,0,8,None,66,1,5,False,1000,1000
36677,137,unweighted,10,0.4008757961783439,0,8,None,66,1,5,False,1000,1000
36678,138,unweighted,10,0.3988853503184713,0,8,None,66,1,5,False,1000,1000
36679,139,unweighted,10,0.4012738853503185,0,8,None,66,1,5,False,1000,1000
36680,135,unweighted,10,0.3119028662420382,0,6,None,66,1,5,False,1000,1000
36681,136,unweighted,10,0.3256369426751592,0,6,None,66,1,5,False,1000,1000
36682,137,unweighted,10,0.3393710191082802,0,6,None,66,1,5,False,1000,1000
36683,138,unweighted,10,0.3493232484076433,0,6,None,66,1,5,False,1000,1000
36684,139,unweighted,10,0.3604697452229299,0,6,None,66,1,5,False,1000,1000
36685,135,unweighted,10,0.3538017515923566,0,23,None,66,1,5,False,1000,1000
36686,136,unweighted,10,0.3585788216560509,0,23,None,66,1,5,False,1000,1000
36687,137,unweighted,10,0.3618630573248407,0,23,None,66,1,5,False,1000,1000
36688,138,unweighted,10,0.3679339171974522,0,23,None,66,1,5,False,1000,1000
36689,139,unweighted,10,0.375796178343949,0,23,None,66,1,5,False,1000,1000
36690,135,unweighted,10,0.3645501592356688,0,22,None,66,1,5,False,1000,1000
36691,136,unweighted,10,0.4073447452229299,0,22,None,66,1,5,False,1000,1000
36692,137,unweighted,10,0.4274482484076433,0,22,None,66,1,5,False,1000,1000
36693,138,unweighted,10,0.4294386942675159,0,22,None,66,1,5,False,1000,1000
36694,139,unweighted,10,0.4294386942675159,0,22,None,66,1,5,False,1000,1000
36695,135,unweighted,10,0.3242436305732484,0,32,None,66,1,5,False,1000,1000
36696,136,unweighted,10,0.3303144904458598,0,32,None,66,1,5,False,1000,1000
36697,137,unweighted,10,0.3376791401273885,0,32,None,66,1,5,False,1000,1000
36698,138,unweighted,10,0.3553941082802547,0,32,None,66,1,5,False,1000,1000
36699,139,unweighted,10,0.4092356687898089,0,32,None,66,1,5,False,1000,1000
36700,135,unweighted,10,0.337281050955414,0,2,None,66,1,5,False,1000,1000
36701,136,unweighted,10,0.3416600318471338,0,2,None,66,1,5,False,1000,1000
36702,137,unweighted,10,0.3926154458598726,0,2,None,66,1,5,False,1000,1000
36703,138,unweighted,10,0.417296974522293,0,2,None,66,1,5,False,1000,1000
36704,139,unweighted,10,0.419984076433121,0,2,None,66,1,5,False,1000,1000
36705,135,unweighted,10,0.3894307324840764,0,5,None,66,1,5,False,1000,1000
36706,136,unweighted,10,0.4159036624203822,0,5,None,66,1,5,False,1000,1000
36707,137,unweighted,10,0.425358280254777,0,5,None,66,1,5,False,1000,1000
36708,138,unweighted,10,0.4294386942675159,0,5,None,66,1,5,False,1000,1000
36709,139,unweighted,10,0.4301353503184713,0,5,None,66,1,5,False,1000,1000
36710,135,unweighted,10,0.344546178343949,0,4,None,66,1,5,False,1000,1000
36711,136,unweighted,10,0.3494227707006369,0,4,None,66,1,5,False,1000,1000
36712,137,unweighted,10,0.3560907643312102,0,4,None,66,1,5,False,1000,1000
36713,138,unweighted,10,0.3630573248407643,0,4,None,66,1,5,False,1000,1000
36714,139,unweighted,10,0.3702229299363057,0,4,None,66,1,5,False,1000,1000
36715,135,unweighted,10,0.3913216560509554,0,7,None,66,1,5,False,1000,1000
36716,136,unweighted,10,0.3857484076433121,0,7,None,66,1,5,False,1000,1000
36717,137,unweighted,10,0.388734076433121,0,7,None,66,1,5,False,1000,1000
36718,138,unweighted,10,0.3926154458598726,0,7,None,66,1,5,False,1000,1000
36719,139,unweighted,10,0.3992834394904458,0,7,None,66,1,5,False,1000,1000
36720,135,unweighted,10,0.3799761146496815,0,9,None,66,1,5,False,1000,1000
36721,136,unweighted,10,0.4130175159235669,0,9,None,66,1,5,False,1000,1000
36722,137,unweighted,10,0.4335191082802547,0,9,None,66,1,5,False,1000,1000
36723,138,unweighted,10,0.4483479299363057,0,9,None,66,1,5,False,1000,1000
36724,139,unweighted,10,0.4546178343949044,0,9,None,66,1,5,False,1000,1000
36725,135,unweighted,10,0.3821656050955414,0,10,None,66,1,5,False,1000,1000
36726,136,unweighted,10,0.3771894904458598,0,10,None,66,1,5,False,1000,1000
36727,137,unweighted,10,0.373109076433121,0,10,None,66,1,5,False,1000,1000
36728,138,unweighted,10,0.3789808917197452,0,10,None,66,1,5,False,1000,1000
36729,139,unweighted,10,0.3862460191082802,0,10,None,66,1,5,False,1000,1000
36730,135,unweighted,10,0.3408638535031847,0,11,None,66,1,5,False,1000,1000
36731,136,unweighted,10,0.3522093949044586,0,11,None,66,1,5,False,1000,1000
36732,137,unweighted,10,0.4004777070063694,0,11,None,66,1,5,False,1000,1000
36733,138,unweighted,10,0.4158041401273885,0,11,None,66,1,5,False,1000,1000
36734,139,unweighted,10,0.4205812101910828,0,11,None,66,1,5,False,1000,1000
36735,135,unweighted,10,0.3499203821656051,0,12,None,66,1,5,False,1000,1000
36736,136,unweighted,10,0.3539012738853503,0,12,None,66,1,5,False,1000,1000
36737,137,unweighted,10,0.3579816878980891,0,12,None,66,1,5,False,1000,1000
36738,138,unweighted,10,0.3602707006369426,0,12,None,66,1,5,False,1000,1000
36739,139,unweighted,10,0.3622611464968153,0,12,None,66,1,5,False,1000,1000
36740,135,unweighted,10,0.3324044585987261,0,15,None,66,1,5,False,1000,1000
36741,136,unweighted,10,0.3503184713375796,0,15,None,66,1,5,False,1000,1000
36742,137,unweighted,10,0.4004777070063694,0,15,None,66,1,5,False,1000,1000
36743,138,unweighted,10,0.4141122611464968,0,15,None,66,1,5,False,1000,1000
36744,139,unweighted,10,0.4209792993630573,0,15,None,66,1,5,False,1000,1000
36745,135,unweighted,10,0.3377786624203822,0,17,None,66,1,5,False,1000,1000
36746,136,unweighted,10,0.3885350318471338,0,17,None,66,1,5,False,1000,1000
36747,137,unweighted,10,0.431827229299363,0,17,None,66,1,5,False,1000,1000
36748,138,unweighted,10,0.4522292993630573,0,17,None,66,1,5,False,1000,1000
36749,139,unweighted,10,0.4589968152866242,0,17,None,66,1,5,False,1000,1000
36750,135,unweighted,10,0.3845541401273885,0,20,None,66,1,5,False,1000,1000
36751,136,unweighted,10,0.3827627388535032,0,20,None,66,1,5,False,1000,1000
36752,137,unweighted,10,0.3864450636942675,0,20,None,66,1,5,False,1000,1000
36753,138,unweighted,10,0.3924164012738853,0,20,None,66,1,5,False,1000,1000
36754,139,unweighted,10,0.4013734076433121,0,20,None,66,1,5,False,1000,1000
36755,135,unweighted,10,0.4027667197452229,0,18,None,66,1,5,False,1000,1000
36756,136,unweighted,10,0.4115246815286624,0,18,None,66,1,5,False,1000,1000
36757,137,unweighted,10,0.415406050955414,0,18,None,66,1,5,False,1000,1000
36758,138,unweighted,10,0.4234673566878981,0,18,None,66,1,5,False,1000,1000
36759,139,unweighted,10,0.445859872611465,0,18,None,66,1,5,False,1000,1000
36760,135,unweighted,10,0.3477308917197452,0,28,None,66,1,5,False,1000,1000
36761,136,unweighted,10,0.4038614649681528,0,28,None,66,1,5,False,1000,1000
36762,137,unweighted,10,0.4216759554140127,0,28,None,66,1,5,False,1000,1000
36763,138,unweighted,10,0.4273487261146497,0,28,None,66,1,5,False,1000,1000
36764,139,unweighted,10,0.429140127388535,0,28,None,66,1,5,False,1000,1000
36765,135,unweighted,10,0.3740047770700637,0,3,None,66,1,5,False,1000,1000
36766,136,unweighted,10,0.4546178343949044,0,3,None,66,1,5,False,1000,1000
36767,137,unweighted,10,0.490843949044586,0,3,None,66,1,5,False,1000,1000
36768,138,unweighted,10,0.4665605095541401,0,3,None,66,1,5,False,1000,1000
36769,139,unweighted,10,0.4594944267515923,0,3,None,66,1,5,False,1000,1000
36770,135,unweighted,10,0.336484872611465,0,24,None,66,1,5,False,1000,1000
36771,136,unweighted,10,0.3423566878980891,0,24,None,66,1,5,False,1000,1000
36772,137,unweighted,10,0.3484275477707006,0,24,None,66,1,5,False,1000,1000
36773,138,unweighted,10,0.3558917197452229,0,24,None,66,1,5,False,1000,1000
36774,139,unweighted,10,0.3621616242038216,0,24,None,66,1,5,False,1000,1000
36775,135,unweighted,10,0.3412619426751592,0,27,None,66,1,5,False,1000,1000
36776,136,unweighted,10,0.3939092356687898,0,27,None,66,1,5,False,1000,1000
36777,137,unweighted,10,0.4319267515923566,0,27,None,66,1,5,False,1000,1000
36778,138,unweighted,10,0.4546178343949044,0,27,None,66,1,5,False,1000,1000
36779,139,unweighted,10,0.470640923566879,0,27,None,66,1,5,False,1000,1000
36780,135,unweighted,10,0.3351910828025478,0,0,None,66,1,5,False,1000,1000
36781,136,unweighted,10,0.3872412420382166,0,0,None,66,1,5,False,1000,1000
36782,137,unweighted,10,0.4113256369426751,0,0,None,66,1,5,False,1000,1000
36783,138,unweighted,10,0.4161027070063694,0,0,None,66,1,5,False,1000,1000
36784,139,unweighted,10,0.4187898089171974,0,0,None,66,1,5,False,1000,1000
36785,135,unweighted,10,0.3336982484076433,0,30,None,66,1,5,False,1000,1000
36786,136,unweighted,10,0.3397691082802547,0,30,None,66,1,5,False,1000,1000
36787,137,unweighted,10,0.3457404458598726,0,30,None,66,1,5,False,1000,1000
36788,138,unweighted,10,0.3513136942675159,0,30,None,66,1,5,False,1000,1000
36789,139,unweighted,10,0.3545979299363057,0,30,None,66,1,5,False,1000,1000
36790,135,unweighted,10,0.2474124203821656,0,31,None,66,1,5,False,1000,1000
36791,136,unweighted,10,0.2620421974522293,0,31,None,66,1,5,False,1000,1000
36792,137,unweighted,10,0.3392714968152866,0,31,None,66,1,5,False,1000,1000
36793,138,unweighted,10,0.3866441082802547,0,31,None,66,1,5,False,1000,1000
36794,139,unweighted,10,0.4125199044585987,0,31,None,66,1,5,False,1000,1000
36795,140,unweighted,10,0.3606687898089172,0,24,None,66,1,5,False,1000,1000
36796,141,unweighted,10,0.3694267515923566,0,24,None,66,1,5,False,1000,1000
36797,142,unweighted,10,0.3734076433121019,0,24,None,66,1,5,False,1000,1000
36798,143,unweighted,10,0.3772890127388535,0,24,None,66,1,5,False,1000,1000
36799,144,unweighted,10,0.386843152866242,0,24,None,66,1,5,False,1000,1000
36800,140,unweighted,10,0.4269506369426751,0,11,None,66,1,5,False,1000,1000
36801,141,unweighted,10,0.4206807324840764,0,11,None,66,1,5,False,1000,1000
36802,142,unweighted,10,0.410828025477707,0,11,None,66,1,5,False,1000,1000
36803,143,unweighted,10,0.4111265923566879,0,11,None,66,1,5,False,1000,1000
36804,144,unweighted,10,0.4179936305732484,0,11,None,66,1,5,False,1000,1000
36805,140,unweighted,10,0.4232683121019108,0,15,None,66,1,5,False,1000,1000
36806,141,unweighted,10,0.4249601910828025,0,15,None,66,1,5,False,1000,1000
36807,142,unweighted,10,0.4270501592356688,0,15,None,66,1,5,False,1000,1000
36808,143,unweighted,10,0.4292396496815286,0,15,None,66,1,5,False,1000,1000
36809,144,unweighted,10,0.4315286624203822,0,15,None,66,1,5,False,1000,1000
36810,140,unweighted,10,0.4579020700636942,0,17,None,66,1,5,False,1000,1000
36811,141,unweighted,10,0.4508359872611465,0,17,None,66,1,5,False,1000,1000
36812,142,unweighted,10,0.4502388535031847,0,17,None,66,1,5,False,1000,1000
36813,143,unweighted,10,0.450139331210191,0,17,None,66,1,5,False,1000,1000
36814,144,unweighted,10,0.4509355095541401,0,17,None,66,1,5,False,1000,1000
36815,140,unweighted,10,0.413515127388535,0,20,None,66,1,5,False,1000,1000
36816,141,unweighted,10,0.422671178343949,0,20,None,66,1,5,False,1000,1000
36817,142,unweighted,10,0.4327229299363057,0,20,None,66,1,5,False,1000,1000
36818,143,unweighted,10,0.4412818471337579,0,20,None,66,1,5,False,1000,1000
36819,144,unweighted,10,0.4496417197452229,0,20,None,66,1,5,False,1000,1000
36820,140,unweighted,10,0.395203025477707,0,10,None,66,1,5,False,1000,1000
36821,141,unweighted,10,0.3995820063694267,0,10,None,66,1,5,False,1000,1000
36822,142,unweighted,10,0.4054538216560509,0,10,None,66,1,5,False,1000,1000
36823,143,unweighted,10,0.4112261146496815,0,10,None,66,1,5,False,1000,1000
36824,144,unweighted,10,0.4160031847133758,0,10,None,66,1,5,False,1000,1000
36825,140,unweighted,10,0.4323248407643312,0,22,None,66,1,5,False,1000,1000
36826,141,unweighted,10,0.4355095541401274,0,22,None,66,1,5,False,1000,1000
36827,142,unweighted,10,0.4391918789808917,0,22,None,66,1,5,False,1000,1000
36828,143,unweighted,10,0.4425756369426751,0,22,None,66,1,5,False,1000,1000
36829,144,unweighted,10,0.4463574840764331,0,22,None,66,1,5,False,1000,1000
36830,140,unweighted,10,0.4591958598726114,0,32,None,66,1,5,False,1000,1000
36831,141,unweighted,10,0.4620820063694267,0,32,None,66,1,5,False,1000,1000
36832,142,unweighted,10,0.4677547770700637,0,32,None,66,1,5,False,1000,1000
36833,143,unweighted,10,0.4769108280254777,0,32,None,66,1,5,False,1000,1000
36834,144,unweighted,10,0.488953025477707,0,32,None,66,1,5,False,1000,1000
36835,140,unweighted,10,0.380374203821656,0,16,None,66,1,5,False,1000,1000
36836,141,unweighted,10,0.3882364649681528,0,16,None,66,1,5,False,1000,1000
36837,142,unweighted,10,0.398984872611465,0,16,None,66,1,5,False,1000,1000
36838,143,unweighted,10,0.4074442675159235,0,16,None,66,1,5,False,1000,1000
36839,144,unweighted,10,0.4145103503184713,0,16,None,66,1,5,False,1000,1000
36840,140,unweighted,10,0.4498407643312102,0,25,None,66,1,5,False,1000,1000
36841,141,unweighted,10,0.4655652866242038,0,25,None,66,1,5,False,1000,1000
36842,142,unweighted,10,0.4788017515923566,0,25,None,66,1,5,False,1000,1000
36843,143,unweighted,10,0.4913415605095541,0,25,None,66,1,5,False,1000,1000
36844,144,unweighted,10,0.4997014331210191,0,25,None,66,1,5,False,1000,1000
36845,140,unweighted,10,0.4053542993630573,0,7,None,66,1,5,False,1000,1000
36846,141,unweighted,10,0.4118232484076433,0,7,None,66,1,5,False,1000,1000
36847,142,unweighted,10,0.4166003184713376,0,7,None,66,1,5,False,1000,1000
36848,143,unweighted,10,0.4204816878980891,0,7,None,66,1,5,False,1000,1000
36849,144,unweighted,10,0.4225716560509554,0,7,None,66,1,5,False,1000,1000
36850,140,unweighted,10,0.3701234076433121,0,6,None,66,1,5,False,1000,1000
36851,141,unweighted,10,0.3771894904458598,0,6,None,66,1,5,False,1000,1000
36852,142,unweighted,10,0.3850517515923566,0,6,None,66,1,5,False,1000,1000
36853,143,unweighted,10,0.3915207006369426,0,6,None,66,1,5,False,1000,1000
36854,144,unweighted,10,0.397890127388535,0,6,None,66,1,5,False,1000,1000
36855,140,unweighted,10,0.3653463375796178,0,12,None,66,1,5,False,1000,1000
36856,141,unweighted,10,0.3719148089171974,0,12,None,66,1,5,False,1000,1000
36857,142,unweighted,10,0.3765923566878981,0,12,None,66,1,5,False,1000,1000
36858,143,unweighted,10,0.3864450636942675,0,12,None,66,1,5,False,1000,1000
36859,144,unweighted,10,0.3924164012738853,0,12,None,66,1,5,False,1000,1000
36860,140,unweighted,10,0.4019705414012738,0,14,None,66,1,5,False,1000,1000
36861,141,unweighted,10,0.3983877388535032,0,14,None,66,1,5,False,1000,1000
36862,142,unweighted,10,0.3965963375796178,0,14,None,66,1,5,False,1000,1000
36863,143,unweighted,10,0.3916202229299363,0,14,None,66,1,5,False,1000,1000
36864,144,unweighted,10,0.392515923566879,0,14,None,66,1,5,False,1000,1000
36865,140,unweighted,10,0.4298367834394904,0,26,None,66,1,5,False,1000,1000
36866,141,unweighted,10,0.4327229299363057,0,26,None,66,1,5,False,1000,1000
36867,142,unweighted,10,0.4344148089171974,0,26,None,66,1,5,False,1000,1000
36868,143,unweighted,10,0.4367038216560509,0,26,None,66,1,5,False,1000,1000
36869,144,unweighted,10,0.4398885350318471,0,26,None,66,1,5,False,1000,1000
36870,140,unweighted,10,0.3566878980891719,0,30,None,66,1,5,False,1000,1000
36871,141,unweighted,10,0.35828025477707,0,30,None,66,1,5,False,1000,1000
36872,142,unweighted,10,0.3587778662420382,0,30,None,66,1,5,False,1000,1000
36873,143,unweighted,10,0.3622611464968153,0,30,None,66,1,5,False,1000,1000
36874,144,unweighted,10,0.3733081210191082,0,30,None,66,1,5,False,1000,1000
36875,140,unweighted,10,0.3506170382165605,0,1,None,66,1,5,False,1000,1000
36876,141,unweighted,10,0.3509156050955414,0,1,None,66,1,5,False,1000,1000
36877,142,unweighted,10,0.3517117834394904,0,1,None,66,1,5,False,1000,1000
36878,143,unweighted,10,0.3523089171974522,0,1,None,66,1,5,False,1000,1000
36879,144,unweighted,10,0.3585788216560509,0,1,None,66,1,5,False,1000,1000
36880,140,unweighted,10,0.4144108280254777,0,2,None,66,1,5,False,1000,1000
36881,141,unweighted,10,0.4138136942675159,0,2,None,66,1,5,False,1000,1000
36882,142,unweighted,10,0.4183917197452229,0,2,None,66,1,5,False,1000,1000
36883,143,unweighted,10,0.4251592356687898,0,2,None,66,1,5,False,1000,1000
36884,144,unweighted,10,0.4314291401273885,0,2,None,66,1,5,False,1000,1000
36885,140,unweighted,10,0.422671178343949,0,0,None,66,1,5,False,1000,1000
36886,141,unweighted,10,0.4259554140127388,0,0,None,66,1,5,False,1000,1000
36887,142,unweighted,10,0.4289410828025478,0,0,None,66,1,5,False,1000,1000
36888,143,unweighted,10,0.4344148089171974,0,0,None,66,1,5,False,1000,1000
36889,144,unweighted,10,0.4387937898089172,0,0,None,66,1,5,False,1000,1000
36890,140,unweighted,10,0.4311305732484076,0,5,None,66,1,5,False,1000,1000
36891,141,unweighted,10,0.4315286624203822,0,5,None,66,1,5,False,1000,1000
36892,142,unweighted,10,0.4367038216560509,0,5,None,66,1,5,False,1000,1000
36893,143,unweighted,10,0.439390923566879,0,5,None,66,1,5,False,1000,1000
36894,144,unweighted,10,0.4412818471337579,0,5,None,66,1,5,False,1000,1000
36895,140,unweighted,10,0.3807722929936306,0,4,None,66,1,5,False,1000,1000
36896,141,unweighted,10,0.3873407643312102,0,4,None,66,1,5,False,1000,1000
36897,142,unweighted,10,0.3967953821656051,0,4,None,66,1,5,False,1000,1000
36898,143,unweighted,10,0.4042595541401274,0,4,None,66,1,5,False,1000,1000
36899,144,unweighted,10,0.4118232484076433,0,4,None,66,1,5,False,1000,1000
36900,140,unweighted,10,0.4307324840764331,0,13,None,66,1,5,False,1000,1000
36901,141,unweighted,10,0.4341162420382166,0,13,None,66,1,5,False,1000,1000
36902,142,unweighted,10,0.4377985668789809,0,13,None,66,1,5,False,1000,1000
36903,143,unweighted,10,0.440983280254777,0,13,None,66,1,5,False,1000,1000
36904,144,unweighted,10,0.4440684713375796,0,13,None,66,1,5,False,1000,1000
36905,140,unweighted,10,0.4415804140127388,0,9,None,66,1,5,False,1000,1000
36906,141,unweighted,10,0.4480493630573248,0,9,None,66,1,5,False,1000,1000
36907,142,unweighted,10,0.4503383757961783,0,9,None,66,1,5,False,1000,1000
36908,143,unweighted,10,0.4523288216560509,0,9,None,66,1,5,False,1000,1000
36909,144,unweighted,10,0.4535230891719745,0,9,None,66,1,5,False,1000,1000
36910,140,unweighted,10,0.4052547770700637,0,21,None,66,1,5,False,1000,1000
36911,141,unweighted,10,0.4107285031847134,0,21,None,66,1,5,False,1000,1000
36912,142,unweighted,10,0.4166003184713376,0,21,None,66,1,5,False,1000,1000
36913,143,unweighted,10,0.4250597133757962,0,21,None,66,1,5,False,1000,1000
36914,144,unweighted,10,0.4326234076433121,0,21,None,66,1,5,False,1000,1000
36915,140,unweighted,10,0.3863455414012738,0,23,None,66,1,5,False,1000,1000
36916,141,unweighted,10,0.3993829617834395,0,23,None,66,1,5,False,1000,1000
36917,142,unweighted,10,0.4110270700636942,0,23,None,66,1,5,False,1000,1000
36918,143,unweighted,10,0.4248606687898089,0,23,None,66,1,5,False,1000,1000
36919,144,unweighted,10,0.4419785031847134,0,23,None,66,1,5,False,1000,1000
36920,140,unweighted,10,0.4324243630573248,0,28,None,66,1,5,False,1000,1000
36921,141,unweighted,10,0.434514331210191,0,28,None,66,1,5,False,1000,1000
36922,142,unweighted,10,0.4358081210191082,0,28,None,66,1,5,False,1000,1000
36923,143,unweighted,10,0.4397890127388535,0,28,None,66,1,5,False,1000,1000
36924,144,unweighted,10,0.4442675159235669,0,28,None,66,1,5,False,1000,1000
36925,140,unweighted,10,0.4592953821656051,0,27,None,66,1,5,False,1000,1000
36926,141,unweighted,10,0.4780055732484076,0,27,None,66,1,5,False,1000,1000
36927,142,unweighted,10,0.4863654458598726,0,27,None,66,1,5,False,1000,1000
36928,143,unweighted,10,0.4890525477707006,0,27,None,66,1,5,False,1000,1000
36929,144,unweighted,10,0.4910429936305732,0,27,None,66,1,5,False,1000,1000
36930,140,unweighted,10,0.3766918789808917,0,29,None,66,1,5,False,1000,1000
36931,141,unweighted,10,0.383359872611465,0,29,None,66,1,5,False,1000,1000
36932,142,unweighted,10,0.3896297770700637,0,29,None,66,1,5,False,1000,1000
36933,143,unweighted,10,0.397093949044586,0,29,None,66,1,5,False,1000,1000
36934,144,unweighted,10,0.3990843949044586,0,29,None,66,1,5,False,1000,1000
36935,140,unweighted,10,0.4054538216560509,0,8,None,66,1,5,False,1000,1000
36936,141,unweighted,10,0.4109275477707006,0,8,None,66,1,5,False,1000,1000
36937,142,unweighted,10,0.4163017515923566,0,8,None,66,1,5,False,1000,1000
36938,143,unweighted,10,0.4224721337579618,0,8,None,66,1,5,False,1000,1000
36939,144,unweighted,10,0.4276472929936306,0,8,None,66,1,5,False,1000,1000
36940,140,unweighted,10,0.4766122611464968,0,3,None,66,1,5,False,1000,1000
36941,141,unweighted,10,0.4654657643312102,0,3,None,66,1,5,False,1000,1000
36942,142,unweighted,10,0.4675557324840764,0,3,None,66,1,5,False,1000,1000
36943,143,unweighted,10,0.4717356687898089,0,3,None,66,1,5,False,1000,1000
36944,144,unweighted,10,0.4759156050955414,0,3,None,66,1,5,False,1000,1000
36945,140,unweighted,10,0.4546178343949044,0,18,None,66,1,5,False,1000,1000
36946,141,unweighted,10,0.479796974522293,0,18,None,66,1,5,False,1000,1000
36947,142,unweighted,10,0.473328025477707,0,18,None,66,1,5,False,1000,1000
36948,143,unweighted,10,0.469546178343949,0,18,None,66,1,5,False,1000,1000
36949,144,unweighted,10,0.4686504777070063,0,18,None,66,1,5,False,1000,1000
36950,140,unweighted,10,0.4175955414012738,0,31,None,66,1,5,False,1000,1000
36951,141,unweighted,10,0.418093152866242,0,31,None,66,1,5,False,1000,1000
36952,142,unweighted,10,0.3905254777070063,0,31,None,66,1,5,False,1000,1000
36953,143,unweighted,10,0.3794785031847134,0,31,None,66,1,5,False,1000,1000
36954,144,unweighted,10,0.373109076433121,0,31,None,66,1,5,False,1000,1000
36955,140,unweighted,10,0.3856488853503185,0,19,None,66,1,5,False,1000,1000
36956,141,unweighted,10,0.3923168789808917,0,19,None,66,1,5,False,1000,1000
36957,142,unweighted,10,0.3950039808917197,0,19,None,66,1,5,False,1000,1000
36958,143,unweighted,10,0.3960987261146497,0,19,None,66,1,5,False,1000,1000
36959,144,unweighted,10,0.3996815286624204,0,19,None,66,1,5,False,1000,1000
41745,145,unweighted,10,0.4460589171974522,0,5,None,66,1,5,False,1000,1000
41746,146,unweighted,10,0.451234076433121,0,5,None,66,1,5,False,1000,1000
41747,147,unweighted,10,0.4568073248407643,0,5,None,66,1,5,False,1000,1000
41748,148,unweighted,10,0.4626791401273885,0,5,None,66,1,5,False,1000,1000
41749,149,unweighted,10,0.4678542993630573,0,5,None,66,1,5,False,1000,1000
41750,145,unweighted,10,0.4436703821656051,0,13,None,66,1,5,False,1000,1000
41751,146,unweighted,10,0.4459593949044586,0,13,None,66,1,5,False,1000,1000
41752,147,unweighted,10,0.4486464968152866,0,13,None,66,1,5,False,1000,1000
41753,148,unweighted,10,0.4522292993630573,0,13,None,66,1,5,False,1000,1000
41754,149,unweighted,10,0.4570063694267516,0,13,None,66,1,5,False,1000,1000
41755,145,unweighted,10,0.4255573248407643,0,11,None,66,1,5,False,1000,1000
41756,146,unweighted,10,0.433718152866242,0,11,None,66,1,5,False,1000,1000
41757,147,unweighted,10,0.4457603503184713,0,11,None,66,1,5,False,1000,1000
41758,148,unweighted,10,0.4545183121019108,0,11,None,66,1,5,False,1000,1000
41759,149,unweighted,10,0.464968152866242,0,11,None,66,1,5,False,1000,1000
41760,145,unweighted,10,0.4510350318471338,0,20,None,66,1,5,False,1000,1000
41761,146,unweighted,10,0.4606886942675159,0,20,None,66,1,5,False,1000,1000
41762,147,unweighted,10,0.4697452229299363,0,20,None,66,1,5,False,1000,1000
41763,148,unweighted,10,0.477906050955414,0,20,None,66,1,5,False,1000,1000
41764,149,unweighted,10,0.4874601910828025,0,20,None,66,1,5,False,1000,1000
41765,145,unweighted,10,0.4006767515923566,0,19,None,66,1,5,False,1000,1000
41766,146,unweighted,10,0.4041600318471338,0,19,None,66,1,5,False,1000,1000
41767,147,unweighted,10,0.4071457006369426,0,19,None,66,1,5,False,1000,1000
41768,148,unweighted,10,0.4094347133757962,0,19,None,66,1,5,False,1000,1000
41769,149,unweighted,10,0.4109275477707006,0,19,None,66,1,5,False,1000,1000
41770,145,unweighted,10,0.4513335987261146,0,22,None,66,1,5,False,1000,1000
41771,146,unweighted,10,0.453921178343949,0,22,None,66,1,5,False,1000,1000
41772,147,unweighted,10,0.4549164012738853,0,22,None,66,1,5,False,1000,1000
41773,148,unweighted,10,0.4570063694267516,0,22,None,66,1,5,False,1000,1000
41774,149,unweighted,10,0.4597929936305732,0,22,None,66,1,5,False,1000,1000
41775,145,unweighted,10,0.395999203821656,0,14,None,66,1,5,False,1000,1000
41776,146,unweighted,10,0.397093949044586,0,14,None,66,1,5,False,1000,1000
41777,147,unweighted,10,0.3998805732484076,0,14,None,66,1,5,False,1000,1000
41778,148,unweighted,10,0.4007762738853503,0,14,None,66,1,5,False,1000,1000
41779,149,unweighted,10,0.4033638535031847,0,14,None,66,1,5,False,1000,1000
41780,145,unweighted,10,0.4541202229299363,0,23,None,66,1,5,False,1000,1000
41781,146,unweighted,10,0.4667595541401274,0,23,None,66,1,5,False,1000,1000
41782,147,unweighted,10,0.4791998407643312,0,23,None,66,1,5,False,1000,1000
41783,148,unweighted,10,0.4925358280254777,0,23,None,66,1,5,False,1000,1000
41784,149,unweighted,10,0.5006966560509554,0,23,None,66,1,5,False,1000,1000
41785,145,unweighted,10,0.4518312101910828,0,17,None,66,1,5,False,1000,1000
41786,146,unweighted,10,0.4526273885350318,0,17,None,66,1,5,False,1000,1000
41787,147,unweighted,10,0.4563097133757962,0,17,None,66,1,5,False,1000,1000
41788,148,unweighted,10,0.4586982484076433,0,17,None,66,1,5,False,1000,1000
41789,149,unweighted,10,0.4610867834394904,0,17,None,66,1,5,False,1000,1000
41790,145,unweighted,10,0.4378980891719745,0,21,None,66,1,5,False,1000,1000
41791,146,unweighted,10,0.4454617834394904,0,21,None,66,1,5,False,1000,1000
41792,147,unweighted,10,0.4563097133757962,0,21,None,66,1,5,False,1000,1000
41793,148,unweighted,10,0.4626791401273885,0,21,None,66,1,5,False,1000,1000
41794,149,unweighted,10,0.4688495222929936,0,21,None,66,1,5,False,1000,1000
41795,145,unweighted,10,0.5052746815286624,0,25,None,66,1,5,False,1000,1000
41796,146,unweighted,10,0.5114450636942676,0,25,None,66,1,5,False,1000,1000
41797,147,unweighted,10,0.513734076433121,0,25,None,66,1,5,False,1000,1000
41798,148,unweighted,10,0.51453025477707,0,25,None,66,1,5,False,1000,1000
41799,149,unweighted,10,0.5162221337579618,0,25,None,66,1,5,False,1000,1000
41800,145,unweighted,10,0.4418789808917197,0,26,None,66,1,5,False,1000,1000
41801,146,unweighted,10,0.4445660828025478,0,26,None,66,1,5,False,1000,1000
41802,147,unweighted,10,0.4460589171974522,0,26,None,66,1,5,False,1000,1000
41803,148,unweighted,10,0.4479498407643312,0,26,None,66,1,5,False,1000,1000
41804,149,unweighted,10,0.4500398089171974,0,26,None,66,1,5,False,1000,1000
41805,145,unweighted,10,0.3983877388535032,0,12,None,66,1,5,False,1000,1000
41806,146,unweighted,10,0.4036624203821656,0,12,None,66,1,5,False,1000,1000
41807,147,unweighted,10,0.4096337579617834,0,12,None,66,1,5,False,1000,1000
41808,148,unweighted,10,0.413515127388535,0,12,None,66,1,5,False,1000,1000
41809,149,unweighted,10,0.4189888535031847,0,12,None,66,1,5,False,1000,1000
41810,145,unweighted,10,0.4284434713375796,0,24,None,66,1,5,False,1000,1000
41811,146,unweighted,10,0.4536226114649681,0,24,None,66,1,5,False,1000,1000
41812,147,unweighted,10,0.473328025477707,0,24,None,66,1,5,False,1000,1000
41813,148,unweighted,10,0.488953025477707,0,24,None,66,1,5,False,1000,1000
41814,149,unweighted,10,0.5022890127388535,0,24,None,66,1,5,False,1000,1000
41815,145,unweighted,10,0.4504378980891719,0,28,None,66,1,5,False,1000,1000
41816,146,unweighted,10,0.4525278662420382,0,28,None,66,1,5,False,1000,1000
41817,147,unweighted,10,0.455812101910828,0,28,None,66,1,5,False,1000,1000
41818,148,unweighted,10,0.4564092356687898,0,28,None,66,1,5,False,1000,1000
41819,149,unweighted,10,0.4583996815286624,0,28,None,66,1,5,False,1000,1000
41820,145,unweighted,10,0.4004777070063694,0,29,None,66,1,5,False,1000,1000
41821,146,unweighted,10,0.4045581210191082,0,29,None,66,1,5,False,1000,1000
41822,147,unweighted,10,0.4072452229299363,0,29,None,66,1,5,False,1000,1000
41823,148,unweighted,10,0.4130175159235669,0,29,None,66,1,5,False,1000,1000
41824,149,unweighted,10,0.4177945859872611,0,29,None,66,1,5,False,1000,1000
41825,145,unweighted,10,0.4525278662420382,0,9,None,66,1,5,False,1000,1000
41826,146,unweighted,10,0.4557125796178344,0,9,None,66,1,5,False,1000,1000
41827,147,unweighted,10,0.457703025477707,0,9,None,66,1,5,False,1000,1000
41828,148,unweighted,10,0.4589968152866242,0,9,None,66,1,5,False,1000,1000
41829,149,unweighted,10,0.4607882165605095,0,9,None,66,1,5,False,1000,1000
41830,145,unweighted,10,0.375,0,30,None,66,1,5,False,1000,1000
41831,146,unweighted,10,0.3828622611464968,0,30,None,66,1,5,False,1000,1000
41832,147,unweighted,10,0.391421178343949,0,30,None,66,1,5,False,1000,1000
41833,148,unweighted,10,0.3984872611464968,0,30,None,66,1,5,False,1000,1000
41834,149,unweighted,10,0.4047571656050955,0,30,None,66,1,5,False,1000,1000
41835,145,unweighted,10,0.4013734076433121,0,6,None,66,1,5,False,1000,1000
41836,146,unweighted,10,0.408937101910828,0,6,None,66,1,5,False,1000,1000
41837,147,unweighted,10,0.4141122611464968,0,6,None,66,1,5,False,1000,1000
41838,148,unweighted,10,0.4204816878980891,0,6,None,66,1,5,False,1000,1000
41839,149,unweighted,10,0.4238654458598726,0,6,None,66,1,5,False,1000,1000
41840,145,unweighted,10,0.4680533439490446,0,18,None,66,1,5,False,1000,1000
41841,146,unweighted,10,0.4642714968152866,0,18,None,66,1,5,False,1000,1000
41842,147,unweighted,10,0.4650676751592357,0,18,None,66,1,5,False,1000,1000
41843,148,unweighted,10,0.4680533439490446,0,18,None,66,1,5,False,1000,1000
41844,149,unweighted,10,0.4719347133757962,0,18,None,66,1,5,False,1000,1000
41845,145,unweighted,10,0.4910429936305732,0,27,None,66,1,5,False,1000,1000
41846,146,unweighted,10,0.4922372611464968,0,27,None,66,1,5,False,1000,1000
41847,147,unweighted,10,0.4919386942675159,0,27,None,66,1,5,False,1000,1000
41848,148,unweighted,10,0.4938296178343949,0,27,None,66,1,5,False,1000,1000
41849,149,unweighted,10,0.4931329617834395,0,27,None,66,1,5,False,1000,1000
41850,145,unweighted,10,0.3613654458598726,0,31,None,66,1,5,False,1000,1000
41851,146,unweighted,10,0.3622611464968153,0,31,None,66,1,5,False,1000,1000
41852,147,unweighted,10,0.3643511146496815,0,31,None,66,1,5,False,1000,1000
41853,148,unweighted,10,0.364749203821656,0,31,None,66,1,5,False,1000,1000
41854,149,unweighted,10,0.3654458598726114,0,31,None,66,1,5,False,1000,1000
41855,145,unweighted,10,0.4362062101910828,0,2,None,66,1,5,False,1000,1000
41856,146,unweighted,10,0.4421775477707006,0,2,None,66,1,5,False,1000,1000
41857,147,unweighted,10,0.4478503184713376,0,2,None,66,1,5,False,1000,1000
41858,148,unweighted,10,0.453921178343949,0,2,None,66,1,5,False,1000,1000
41859,149,unweighted,10,0.4590963375796178,0,2,None,66,1,5,False,1000,1000
41860,145,unweighted,10,0.4194864649681528,0,10,None,66,1,5,False,1000,1000
41861,146,unweighted,10,0.4256568471337579,0,10,None,66,1,5,False,1000,1000
41862,147,unweighted,10,0.4308320063694267,0,10,None,66,1,5,False,1000,1000
41863,148,unweighted,10,0.4355095541401274,0,10,None,66,1,5,False,1000,1000
41864,149,unweighted,10,0.4383957006369426,0,10,None,66,1,5,False,1000,1000
41865,145,unweighted,10,0.4347133757961783,0,15,None,66,1,5,False,1000,1000
41866,146,unweighted,10,0.43640525477707,0,15,None,66,1,5,False,1000,1000
41867,147,unweighted,10,0.4388933121019108,0,15,None,66,1,5,False,1000,1000
41868,148,unweighted,10,0.4422770700636942,0,15,None,66,1,5,False,1000,1000
41869,149,unweighted,10,0.4451632165605095,0,15,None,66,1,5,False,1000,1000
41870,145,unweighted,10,0.4840764331210191,0,3,None,66,1,5,False,1000,1000
41871,146,unweighted,10,0.4900477707006369,0,3,None,66,1,5,False,1000,1000
41872,147,unweighted,10,0.4961186305732484,0,3,None,66,1,5,False,1000,1000
41873,148,unweighted,10,0.5054737261146497,0,3,None,66,1,5,False,1000,1000
41874,149,unweighted,10,0.5116441082802548,0,3,None,66,1,5,False,1000,1000
41875,145,unweighted,10,0.4215764331210191,0,16,None,66,1,5,False,1000,1000
41876,146,unweighted,10,0.4250597133757962,0,16,None,66,1,5,False,1000,1000
41877,147,unweighted,10,0.4279458598726114,0,16,None,66,1,5,False,1000,1000
41878,148,unweighted,10,0.4335191082802547,0,16,None,66,1,5,False,1000,1000
41879,149,unweighted,10,0.4391918789808917,0,16,None,66,1,5,False,1000,1000
41880,145,unweighted,10,0.4307324840764331,0,8,None,66,1,5,False,1000,1000
41881,146,unweighted,10,0.4347133757961783,0,8,None,66,1,5,False,1000,1000
41882,147,unweighted,10,0.4390923566878981,0,8,None,66,1,5,False,1000,1000
41883,148,unweighted,10,0.4450636942675159,0,8,None,66,1,5,False,1000,1000
41884,149,unweighted,10,0.4507364649681528,0,8,None,66,1,5,False,1000,1000
41885,145,unweighted,10,0.3595740445859872,0,1,None,66,1,5,False,1000,1000
41886,146,unweighted,10,0.3667396496815286,0,1,None,66,1,5,False,1000,1000
41887,147,unweighted,10,0.3705214968152866,0,1,None,66,1,5,False,1000,1000
41888,148,unweighted,10,0.3747014331210191,0,1,None,66,1,5,False,1000,1000
41889,149,unweighted,10,0.3788813694267516,0,1,None,66,1,5,False,1000,1000
41890,145,unweighted,10,0.4440684713375796,0,0,None,66,1,5,False,1000,1000
41891,146,unweighted,10,0.4499402866242038,0,0,None,66,1,5,False,1000,1000
41892,147,unweighted,10,0.4546178343949044,0,0,None,66,1,5,False,1000,1000
41893,148,unweighted,10,0.4599920382165605,0,0,None,66,1,5,False,1000,1000
41894,149,unweighted,10,0.4640724522292994,0,0,None,66,1,5,False,1000,1000
41895,145,unweighted,10,0.4275477707006369,0,7,None,66,1,5,False,1000,1000
41896,146,unweighted,10,0.4316281847133758,0,7,None,66,1,5,False,1000,1000
41897,147,unweighted,10,0.4371019108280254,0,7,None,66,1,5,False,1000,1000
41898,148,unweighted,10,0.4434713375796178,0,7,None,66,1,5,False,1000,1000
41899,149,unweighted,10,0.4494426751592357,0,7,None,66,1,5,False,1000,1000
41900,145,unweighted,10,0.4228702229299363,0,4,None,66,1,5,False,1000,1000
41901,146,unweighted,10,0.4325238853503185,0,4,None,66,1,5,False,1000,1000
41902,147,unweighted,10,0.438296178343949,0,4,None,66,1,5,False,1000,1000
41903,148,unweighted,10,0.4435708598726114,0,4,None,66,1,5,False,1000,1000
41904,149,unweighted,10,0.4483479299363057,0,4,None,66,1,5,False,1000,1000
41905,145,unweighted,10,0.4928343949044586,0,32,None,66,1,5,False,1000,1000
41906,146,unweighted,10,0.504578025477707,0,32,None,66,1,5,False,1000,1000
41907,147,unweighted,10,0.5142316878980892,0,32,None,66,1,5,False,1000,1000
41908,148,unweighted,10,0.5186106687898089,0,32,None,66,1,5,False,1000,1000
41909,149,unweighted,10,0.5210987261146497,0,32,None,66,1,5,False,1000,1000
41910,150,unweighted,10,0.522093949044586,0,25,None,66,1,5,False,1000,1000
41911,151,unweighted,10,0.5215963375796179,0,25,None,66,1,5,False,1000,1000
41912,152,unweighted,10,0.5204020700636943,0,25,None,66,1,5,False,1000,1000
41913,153,unweighted,10,0.5216958598726115,0,25,None,66,1,5,False,1000,1000
41914,154,unweighted,10,0.5200039808917197,0,25,None,66,1,5,False,1000,1000
41915,150,unweighted,10,0.508359872611465,0,24,None,66,1,5,False,1000,1000
41916,151,unweighted,10,0.5114450636942676,0,24,None,66,1,5,False,1000,1000
41917,152,unweighted,10,0.5135350318471338,0,24,None,66,1,5,False,1000,1000
41918,153,unweighted,10,0.515625,0,24,None,66,1,5,False,1000,1000
41919,154,unweighted,10,0.5149283439490446,0,24,None,66,1,5,False,1000,1000
41920,150,unweighted,10,0.3608678343949044,0,31,None,66,1,5,False,1000,1000
41921,151,unweighted,10,0.3618630573248407,0,31,None,66,1,5,False,1000,1000
41922,152,unweighted,10,0.3641520700636942,0,31,None,66,1,5,False,1000,1000
41923,153,unweighted,10,0.3669386942675159,0,31,None,66,1,5,False,1000,1000
41924,154,unweighted,10,0.3683320063694267,0,31,None,66,1,5,False,1000,1000
41925,150,unweighted,10,0.3753980891719745,0,1,None,66,1,5,False,1000,1000
41926,151,unweighted,10,0.3808718152866242,0,1,None,66,1,5,False,1000,1000
41927,152,unweighted,10,0.3863455414012738,0,1,None,66,1,5,False,1000,1000
41928,153,unweighted,10,0.3910230891719745,0,1,None,66,1,5,False,1000,1000
41929,154,unweighted,10,0.3966958598726114,0,1,None,66,1,5,False,1000,1000
41930,150,unweighted,10,0.4555135350318471,0,13,None,66,1,5,False,1000,1000
41931,151,unweighted,10,0.4605891719745223,0,13,None,66,1,5,False,1000,1000
41932,152,unweighted,10,0.4661624203821656,0,13,None,66,1,5,False,1000,1000
41933,153,unweighted,10,0.4726313694267516,0,13,None,66,1,5,False,1000,1000
41934,154,unweighted,10,0.4781050955414013,0,13,None,66,1,5,False,1000,1000
41935,150,unweighted,10,0.4755175159235669,0,21,None,66,1,5,False,1000,1000
41936,151,unweighted,10,0.48328025477707,0,21,None,66,1,5,False,1000,1000
41937,152,unweighted,10,0.4827826433121019,0,21,None,66,1,5,False,1000,1000
41938,153,unweighted,10,0.4806926751592357,0,21,None,66,1,5,False,1000,1000
41939,154,unweighted,10,0.4873606687898089,0,21,None,66,1,5,False,1000,1000
41940,150,unweighted,10,0.424562101910828,0,29,None,66,1,5,False,1000,1000
41941,151,unweighted,10,0.4289410828025478,0,29,None,66,1,5,False,1000,1000
41942,152,unweighted,10,0.4351114649681528,0,29,None,66,1,5,False,1000,1000
41943,153,unweighted,10,0.4408837579617834,0,29,None,66,1,5,False,1000,1000
41944,154,unweighted,10,0.4457603503184713,0,29,None,66,1,5,False,1000,1000
41945,150,unweighted,10,0.4972133757961783,0,27,None,66,1,5,False,1000,1000
41946,151,unweighted,10,0.4980095541401274,0,27,None,66,1,5,False,1000,1000
41947,152,unweighted,10,0.4982085987261146,0,27,None,66,1,5,False,1000,1000
41948,153,unweighted,10,0.4992038216560509,0,27,None,66,1,5,False,1000,1000
41949,154,unweighted,10,0.5011942675159236,0,27,None,66,1,5,False,1000,1000
41950,150,unweighted,10,0.4646695859872611,0,2,None,66,1,5,False,1000,1000
41951,151,unweighted,10,0.4717356687898089,0,2,None,66,1,5,False,1000,1000
41952,152,unweighted,10,0.4778065286624204,0,2,None,66,1,5,False,1000,1000
41953,153,unweighted,10,0.4871616242038216,0,2,None,66,1,5,False,1000,1000
41954,154,unweighted,10,0.4958200636942675,0,2,None,66,1,5,False,1000,1000
41955,150,unweighted,10,0.4612858280254777,0,9,None,66,1,5,False,1000,1000
41956,151,unweighted,10,0.4642714968152866,0,9,None,66,1,5,False,1000,1000
41957,152,unweighted,10,0.46765525477707,0,9,None,66,1,5,False,1000,1000
41958,153,unweighted,10,0.4720342356687898,0,9,None,66,1,5,False,1000,1000
41959,154,unweighted,10,0.4763136942675159,0,9,None,66,1,5,False,1000,1000
41960,150,unweighted,10,0.4636743630573248,0,17,None,66,1,5,False,1000,1000
41961,151,unweighted,10,0.4678542993630573,0,17,None,66,1,5,False,1000,1000
41962,152,unweighted,10,0.4694466560509554,0,17,None,66,1,5,False,1000,1000
41963,153,unweighted,10,0.4725318471337579,0,17,None,66,1,5,False,1000,1000
41964,154,unweighted,10,0.4739251592356688,0,17,None,66,1,5,False,1000,1000
41965,150,unweighted,10,0.464171974522293,0,28,None,66,1,5,False,1000,1000
41966,151,unweighted,10,0.4679538216560509,0,28,None,66,1,5,False,1000,1000
41967,152,unweighted,10,0.4702428343949044,0,28,None,66,1,5,False,1000,1000
41968,153,unweighted,10,0.4735270700636942,0,28,None,66,1,5,False,1000,1000
41969,154,unweighted,10,0.4774084394904458,0,28,None,66,1,5,False,1000,1000
41970,150,unweighted,10,0.4775079617834395,0,5,None,66,1,5,False,1000,1000
41971,151,unweighted,10,0.4854697452229299,0,5,None,66,1,5,False,1000,1000
41972,152,unweighted,10,0.493531050955414,0,5,None,66,1,5,False,1000,1000
41973,153,unweighted,10,0.5015923566878981,0,5,None,66,1,5,False,1000,1000
41974,154,unweighted,10,0.5109474522292994,0,5,None,66,1,5,False,1000,1000
41975,150,unweighted,10,0.4240644904458598,0,12,None,66,1,5,False,1000,1000
41976,151,unweighted,10,0.4301353503184713,0,12,None,66,1,5,False,1000,1000
41977,152,unweighted,10,0.4351114649681528,0,12,None,66,1,5,False,1000,1000
41978,153,unweighted,10,0.4405851910828025,0,12,None,66,1,5,False,1000,1000
41979,154,unweighted,10,0.4471536624203822,0,12,None,66,1,5,False,1000,1000
41980,150,unweighted,10,0.4530254777070063,0,26,None,66,1,5,False,1000,1000
41981,151,unweighted,10,0.4555135350318471,0,26,None,66,1,5,False,1000,1000
41982,152,unweighted,10,0.4589968152866242,0,26,None,66,1,5,False,1000,1000
41983,153,unweighted,10,0.4621815286624204,0,26,None,66,1,5,False,1000,1000
41984,154,unweighted,10,0.4660628980891719,0,26,None,66,1,5,False,1000,1000
41985,150,unweighted,10,0.4066480891719745,0,30,None,66,1,5,False,1000,1000
41986,151,unweighted,10,0.4148089171974522,0,30,None,66,1,5,False,1000,1000
41987,152,unweighted,10,0.4241640127388535,0,30,None,66,1,5,False,1000,1000
41988,153,unweighted,10,0.4319267515923566,0,30,None,66,1,5,False,1000,1000
41989,154,unweighted,10,0.4412818471337579,0,30,None,66,1,5,False,1000,1000
41990,150,unweighted,10,0.4803941082802547,0,18,None,66,1,5,False,1000,1000
41991,151,unweighted,10,0.4828821656050955,0,18,None,66,1,5,False,1000,1000
41992,152,unweighted,10,0.4857683121019108,0,18,None,66,1,5,False,1000,1000
41993,153,unweighted,10,0.487062101910828,0,18,None,66,1,5,False,1000,1000
41994,154,unweighted,10,0.4902468152866242,0,18,None,66,1,5,False,1000,1000
41995,150,unweighted,10,0.4112261146496815,0,19,None,66,1,5,False,1000,1000
41996,151,unweighted,10,0.4133160828025478,0,19,None,66,1,5,False,1000,1000
41997,152,unweighted,10,0.4149084394904458,0,19,None,66,1,5,False,1000,1000
41998,153,unweighted,10,0.4159036624203822,0,19,None,66,1,5,False,1000,1000
41999,154,unweighted,10,0.4177945859872611,0,19,None,66,1,5,False,1000,1000
42000,150,unweighted,10,0.4518312101910828,0,15,None,66,1,5,False,1000,1000
42001,151,unweighted,10,0.4552149681528662,0,15,None,66,1,5,False,1000,1000
42002,152,unweighted,10,0.4616839171974522,0,15,None,66,1,5,False,1000,1000
42003,153,unweighted,10,0.4697452229299363,0,15,None,66,1,5,False,1000,1000
42004,154,unweighted,10,0.4761146496815286,0,15,None,66,1,5,False,1000,1000
42005,150,unweighted,10,0.4738256369426751,0,11,None,66,1,5,False,1000,1000
42006,151,unweighted,10,0.4798964968152866,0,11,None,66,1,5,False,1000,1000
42007,152,unweighted,10,0.4874601910828025,0,11,None,66,1,5,False,1000,1000
42008,153,unweighted,10,0.4922372611464968,0,11,None,66,1,5,False,1000,1000
42009,154,unweighted,10,0.4959195859872611,0,11,None,66,1,5,False,1000,1000
42010,150,unweighted,10,0.4440684713375796,0,16,None,66,1,5,False,1000,1000
42011,151,unweighted,10,0.4481488853503185,0,16,None,66,1,5,False,1000,1000
42012,152,unweighted,10,0.4523288216560509,0,16,None,66,1,5,False,1000,1000
42013,153,unweighted,10,0.4569068471337579,0,16,None,66,1,5,False,1000,1000
42014,154,unweighted,10,0.4598925159235669,0,16,None,66,1,5,False,1000,1000
42015,150,unweighted,10,0.4567078025477707,0,7,None,66,1,5,False,1000,1000
42016,151,unweighted,10,0.4583001592356688,0,7,None,66,1,5,False,1000,1000
42017,152,unweighted,10,0.4589968152866242,0,7,None,66,1,5,False,1000,1000
42018,153,unweighted,10,0.4599920382165605,0,7,None,66,1,5,False,1000,1000
42019,154,unweighted,10,0.4609872611464968,0,7,None,66,1,5,False,1000,1000
42020,150,unweighted,10,0.4682523885350318,0,0,None,66,1,5,False,1000,1000
42021,151,unweighted,10,0.4718351910828025,0,0,None,66,1,5,False,1000,1000
42022,152,unweighted,10,0.4746218152866242,0,0,None,66,1,5,False,1000,1000
42023,153,unweighted,10,0.477906050955414,0,0,None,66,1,5,False,1000,1000
42024,154,unweighted,10,0.4812898089171974,0,0,None,66,1,5,False,1000,1000
42025,150,unweighted,10,0.5208996815286624,0,3,None,66,1,5,False,1000,1000
42026,151,unweighted,10,0.5270700636942676,0,3,None,66,1,5,False,1000,1000
42027,152,unweighted,10,0.5306528662420382,0,3,None,66,1,5,False,1000,1000
42028,153,unweighted,10,0.5342356687898089,0,3,None,66,1,5,False,1000,1000
42029,154,unweighted,10,0.537718949044586,0,3,None,66,1,5,False,1000,1000
42030,150,unweighted,10,0.4276472929936306,0,6,None,66,1,5,False,1000,1000
42031,151,unweighted,10,0.432921974522293,0,6,None,66,1,5,False,1000,1000
42032,152,unweighted,10,0.4375995222929936,0,6,None,66,1,5,False,1000,1000
42033,153,unweighted,10,0.442078025477707,0,6,None,66,1,5,False,1000,1000
42034,154,unweighted,10,0.4449641719745223,0,6,None,66,1,5,False,1000,1000
42035,150,unweighted,10,0.4560111464968153,0,8,None,66,1,5,False,1000,1000
42036,151,unweighted,10,0.4607882165605095,0,8,None,66,1,5,False,1000,1000
42037,152,unweighted,10,0.4639729299363057,0,8,None,66,1,5,False,1000,1000
42038,153,unweighted,10,0.4672571656050955,0,8,None,66,1,5,False,1000,1000
42039,154,unweighted,10,0.4697452229299363,0,8,None,66,1,5,False,1000,1000
42040,150,unweighted,10,0.4887539808917197,0,20,None,66,1,5,False,1000,1000
42041,151,unweighted,10,0.4965167197452229,0,20,None,66,1,5,False,1000,1000
42042,152,unweighted,10,0.504578025477707,0,20,None,66,1,5,False,1000,1000
42043,153,unweighted,10,0.5133359872611465,0,20,None,66,1,5,False,1000,1000
42044,154,unweighted,10,0.5191082802547771,0,20,None,66,1,5,False,1000,1000
42045,150,unweighted,10,0.4425756369426751,0,10,None,66,1,5,False,1000,1000
42046,151,unweighted,10,0.4457603503184713,0,10,None,66,1,5,False,1000,1000
42047,152,unweighted,10,0.4511345541401274,0,10,None,66,1,5,False,1000,1000
42048,153,unweighted,10,0.4551154458598726,0,10,None,66,1,5,False,1000,1000
42049,154,unweighted,10,0.4600915605095541,0,10,None,66,1,5,False,1000,1000
42050,150,unweighted,10,0.5062699044585988,0,23,None,66,1,5,False,1000,1000
42051,151,unweighted,10,0.5140326433121019,0,23,None,66,1,5,False,1000,1000
42052,152,unweighted,10,0.5206011146496815,0,23,None,66,1,5,False,1000,1000
42053,153,unweighted,10,0.5244824840764332,0,23,None,66,1,5,False,1000,1000
42054,154,unweighted,10,0.5252786624203821,0,23,None,66,1,5,False,1000,1000
42055,150,unweighted,10,0.5214968152866242,0,32,None,66,1,5,False,1000,1000
42056,151,unweighted,10,0.5229896496815286,0,32,None,66,1,5,False,1000,1000
42057,152,unweighted,10,0.5246815286624203,0,32,None,66,1,5,False,1000,1000
42058,153,unweighted,10,0.5262738853503185,0,32,None,66,1,5,False,1000,1000
42059,154,unweighted,10,0.5271695859872612,0,32,None,66,1,5,False,1000,1000
42060,150,unweighted,10,0.4060509554140127,0,14,None,66,1,5,False,1000,1000
42061,151,unweighted,10,0.4101313694267516,0,14,None,66,1,5,False,1000,1000
42062,152,unweighted,10,0.413515127388535,0,14,None,66,1,5,False,1000,1000
42063,153,unweighted,10,0.4191878980891719,0,14,None,66,1,5,False,1000,1000
42064,154,unweighted,10,0.4225716560509554,0,14,None,66,1,5,False,1000,1000
42065,150,unweighted,10,0.4559116242038216,0,4,None,66,1,5,False,1000,1000
42066,151,unweighted,10,0.460390127388535,0,4,None,66,1,5,False,1000,1000
42067,152,unweighted,10,0.4646695859872611,0,4,None,66,1,5,False,1000,1000
42068,153,unweighted,10,0.4679538216560509,0,4,None,66,1,5,False,1000,1000
42069,154,unweighted,10,0.4703423566878981,0,4,None,66,1,5,False,1000,1000
42070,150,unweighted,10,0.4617834394904458,0,22,None,66,1,5,False,1000,1000
42071,151,unweighted,10,0.4651671974522293,0,22,None,66,1,5,False,1000,1000
42072,152,unweighted,10,0.4691480891719745,0,22,None,66,1,5,False,1000,1000
42073,153,unweighted,10,0.4717356687898089,0,22,None,66,1,5,False,1000,1000
42074,154,unweighted,10,0.4738256369426751,0,22,None,66,1,5,False,1000,1000
47190,155,unweighted,10,0.5182125796178344,0,5,None,66,1,5,False,1000,1000
47191,156,unweighted,10,0.526671974522293,0,5,None,66,1,5,False,1000,1000
47192,157,unweighted,10,0.5338375796178344,0,5,None,66,1,5,False,1000,1000
47193,158,unweighted,10,0.538515127388535,0,5,None,66,1,5,False,1000,1000
47194,159,unweighted,10,0.5423964968152867,0,5,None,66,1,5,False,1000,1000
47195,155,unweighted,10,0.4774084394904458,0,13,None,66,1,5,False,1000,1000
47196,156,unweighted,10,0.4846735668789809,0,13,None,66,1,5,False,1000,1000
47197,157,unweighted,10,0.4899482484076433,0,13,None,66,1,5,False,1000,1000
47198,158,unweighted,10,0.4960191082802547,0,13,None,66,1,5,False,1000,1000
47199,159,unweighted,10,0.5003980891719745,0,13,None,66,1,5,False,1000,1000
47200,155,unweighted,10,0.4626791401273885,0,16,None,66,1,5,False,1000,1000
47201,156,unweighted,10,0.4666600318471338,0,16,None,66,1,5,False,1000,1000
47202,157,unweighted,10,0.4699442675159235,0,16,None,66,1,5,False,1000,1000
47203,158,unweighted,10,0.4723328025477707,0,16,None,66,1,5,False,1000,1000
47204,159,unweighted,10,0.4744227707006369,0,16,None,66,1,5,False,1000,1000
47205,155,unweighted,10,0.4175955414012738,0,19,None,66,1,5,False,1000,1000
47206,156,unweighted,10,0.4194864649681528,0,19,None,66,1,5,False,1000,1000
47207,157,unweighted,10,0.4215764331210191,0,19,None,66,1,5,False,1000,1000
47208,158,unweighted,10,0.4235668789808917,0,19,None,66,1,5,False,1000,1000
47209,159,unweighted,10,0.424562101910828,0,19,None,66,1,5,False,1000,1000
47210,155,unweighted,10,0.4724323248407643,0,8,None,66,1,5,False,1000,1000
47211,156,unweighted,10,0.4746218152866242,0,8,None,66,1,5,False,1000,1000
47212,157,unweighted,10,0.4790007961783439,0,8,None,66,1,5,False,1000,1000
47213,158,unweighted,10,0.4812898089171974,0,8,None,66,1,5,False,1000,1000
47214,159,unweighted,10,0.4839769108280254,0,8,None,66,1,5,False,1000,1000
47215,155,unweighted,10,0.5188097133757962,0,20,None,66,1,5,False,1000,1000
47216,156,unweighted,10,0.5253781847133758,0,20,None,66,1,5,False,1000,1000
47217,157,unweighted,10,0.5315485668789809,0,20,None,66,1,5,False,1000,1000
47218,158,unweighted,10,0.5362261146496815,0,20,None,66,1,5,False,1000,1000
47219,159,unweighted,10,0.5408041401273885,0,20,None,66,1,5,False,1000,1000
47220,155,unweighted,10,0.4956210191082802,0,21,None,66,1,5,False,1000,1000
47221,156,unweighted,10,0.5021894904458599,0,21,None,66,1,5,False,1000,1000
47222,157,unweighted,10,0.5075636942675159,0,21,None,66,1,5,False,1000,1000
47223,158,unweighted,10,0.5105493630573248,0,21,None,66,1,5,False,1000,1000
47224,159,unweighted,10,0.5134355095541401,0,21,None,66,1,5,False,1000,1000
47225,155,unweighted,10,0.5076632165605095,0,24,None,66,1,5,False,1000,1000
47226,156,unweighted,10,0.5070660828025477,0,24,None,66,1,5,False,1000,1000
47227,157,unweighted,10,0.5069665605095541,0,24,None,66,1,5,False,1000,1000
47228,158,unweighted,10,0.5061703821656051,0,24,None,66,1,5,False,1000,1000
47229,159,unweighted,10,0.5073646496815286,0,24,None,66,1,5,False,1000,1000
47230,155,unweighted,10,0.4204816878980891,0,14,None,66,1,5,False,1000,1000
47231,156,unweighted,10,0.4244625796178344,0,14,None,66,1,5,False,1000,1000
47232,157,unweighted,10,0.4274482484076433,0,14,None,66,1,5,False,1000,1000
47233,158,unweighted,10,0.4321257961783439,0,14,None,66,1,5,False,1000,1000
47234,159,unweighted,10,0.4365047770700637,0,14,None,66,1,5,False,1000,1000
47235,155,unweighted,10,0.474124203821656,0,22,None,66,1,5,False,1000,1000
47236,156,unweighted,10,0.4769108280254777,0,22,None,66,1,5,False,1000,1000
47237,157,unweighted,10,0.4798964968152866,0,22,None,66,1,5,False,1000,1000
47238,158,unweighted,10,0.4831807324840764,0,22,None,66,1,5,False,1000,1000
47239,159,unweighted,10,0.4858678343949044,0,22,None,66,1,5,False,1000,1000
47240,155,unweighted,10,0.5286624203821656,0,23,None,66,1,5,False,1000,1000
47241,156,unweighted,10,0.5308519108280255,0,23,None,66,1,5,False,1000,1000
47242,157,unweighted,10,0.5334394904458599,0,23,None,66,1,5,False,1000,1000
47243,158,unweighted,10,0.5374203821656051,0,23,None,66,1,5,False,1000,1000
47244,159,unweighted,10,0.5401074840764332,0,23,None,66,1,5,False,1000,1000
47245,155,unweighted,10,0.5029856687898089,0,27,None,66,1,5,False,1000,1000
47246,156,unweighted,10,0.5053742038216561,0,27,None,66,1,5,False,1000,1000
47247,157,unweighted,10,0.507265127388535,0,27,None,66,1,5,False,1000,1000
47248,158,unweighted,10,0.5085589171974523,0,27,None,66,1,5,False,1000,1000
47249,159,unweighted,10,0.5097531847133758,0,27,None,66,1,5,False,1000,1000
47250,155,unweighted,10,0.4820859872611465,0,9,None,66,1,5,False,1000,1000
47251,156,unweighted,10,0.4895501592356688,0,9,None,66,1,5,False,1000,1000
47252,157,unweighted,10,0.4972133757961783,0,9,None,66,1,5,False,1000,1000
47253,158,unweighted,10,0.5044785031847133,0,9,None,66,1,5,False,1000,1000
47254,159,unweighted,10,0.5112460191082803,0,9,None,66,1,5,False,1000,1000
47255,155,unweighted,10,0.5229896496815286,0,25,None,66,1,5,False,1000,1000
47256,156,unweighted,10,0.5235867834394905,0,25,None,66,1,5,False,1000,1000
47257,157,unweighted,10,0.5229896496815286,0,25,None,66,1,5,False,1000,1000
47258,158,unweighted,10,0.5234872611464968,0,25,None,66,1,5,False,1000,1000
47259,159,unweighted,10,0.5260748407643312,0,25,None,66,1,5,False,1000,1000
47260,155,unweighted,10,0.4601910828025478,0,12,None,66,1,5,False,1000,1000
47261,156,unweighted,10,0.4689490445859872,0,12,None,66,1,5,False,1000,1000
47262,157,unweighted,10,0.4768113057324841,0,12,None,66,1,5,False,1000,1000
47263,158,unweighted,10,0.4842754777070063,0,12,None,66,1,5,False,1000,1000
47264,159,unweighted,10,0.4938296178343949,0,12,None,66,1,5,False,1000,1000
47265,155,unweighted,10,0.4729299363057325,0,26,None,66,1,5,False,1000,1000
47266,156,unweighted,10,0.4819864649681528,0,26,None,66,1,5,False,1000,1000
47267,157,unweighted,10,0.4911425159235669,0,26,None,66,1,5,False,1000,1000
47268,158,unweighted,10,0.4996019108280254,0,26,None,66,1,5,False,1000,1000
47269,159,unweighted,10,0.5074641719745223,0,26,None,66,1,5,False,1000,1000
47270,155,unweighted,10,0.4473527070063694,0,6,None,66,1,5,False,1000,1000
47271,156,unweighted,10,0.4509355095541401,0,6,None,66,1,5,False,1000,1000
47272,157,unweighted,10,0.456608280254777,0,6,None,66,1,5,False,1000,1000
47273,158,unweighted,10,0.4612858280254777,0,6,None,66,1,5,False,1000,1000
47274,159,unweighted,10,0.4673566878980891,0,6,None,66,1,5,False,1000,1000
47275,155,unweighted,10,0.4482484076433121,0,30,None,66,1,5,False,1000,1000
47276,156,unweighted,10,0.4575039808917197,0,30,None,66,1,5,False,1000,1000
47277,157,unweighted,10,0.4670581210191082,0,30,None,66,1,5,False,1000,1000
47278,158,unweighted,10,0.4736265923566879,0,30,None,66,1,5,False,1000,1000
47279,159,unweighted,10,0.4803941082802547,0,30,None,66,1,5,False,1000,1000
47280,155,unweighted,10,0.3657444267515923,0,31,None,66,1,5,False,1000,1000
47281,156,unweighted,10,0.3670382165605095,0,31,None,66,1,5,False,1000,1000
47282,157,unweighted,10,0.3687300955414013,0,31,None,66,1,5,False,1000,1000
47283,158,unweighted,10,0.3709195859872611,0,31,None,66,1,5,False,1000,1000
47284,159,unweighted,10,0.3728105095541401,0,31,None,66,1,5,False,1000,1000
47285,155,unweighted,10,0.4891520700636942,0,0,None,66,1,5,False,1000,1000
47286,156,unweighted,10,0.493531050955414,0,0,None,66,1,5,False,1000,1000
47287,157,unweighted,10,0.4992038216560509,0,0,None,66,1,5,False,1000,1000
47288,158,unweighted,10,0.5051751592356688,0,0,None,66,1,5,False,1000,1000
47289,159,unweighted,10,0.5112460191082803,0,0,None,66,1,5,False,1000,1000
47290,155,unweighted,10,0.484375,0,28,None,66,1,5,False,1000,1000
47291,156,unweighted,10,0.4882563694267516,0,28,None,66,1,5,False,1000,1000
47292,157,unweighted,10,0.4934315286624204,0,28,None,66,1,5,False,1000,1000
47293,158,unweighted,10,0.4987062101910828,0,28,None,66,1,5,False,1000,1000
47294,159,unweighted,10,0.5027866242038217,0,28,None,66,1,5,False,1000,1000
47295,155,unweighted,10,0.4607882165605095,0,29,None,66,1,5,False,1000,1000
47296,156,unweighted,10,0.4666600318471338,0,29,None,66,1,5,False,1000,1000
47297,157,unweighted,10,0.4726313694267516,0,29,None,66,1,5,False,1000,1000
47298,158,unweighted,10,0.4803941082802547,0,29,None,66,1,5,False,1000,1000
47299,159,unweighted,10,0.4874601910828025,0,29,None,66,1,5,False,1000,1000
47300,155,unweighted,10,0.4946257961783439,0,18,None,66,1,5,False,1000,1000
47301,156,unweighted,10,0.495421974522293,0,18,None,66,1,5,False,1000,1000
47302,157,unweighted,10,0.4982085987261146,0,18,None,66,1,5,False,1000,1000
47303,158,unweighted,10,0.4995023885350318,0,18,None,66,1,5,False,1000,1000
47304,159,unweighted,10,0.5017914012738853,0,18,None,66,1,5,False,1000,1000
47305,155,unweighted,10,0.4610867834394904,0,7,None,66,1,5,False,1000,1000
47306,156,unweighted,10,0.4617834394904458,0,7,None,66,1,5,False,1000,1000
47307,157,unweighted,10,0.4635748407643312,0,7,None,66,1,5,False,1000,1000
47308,158,unweighted,10,0.4658638535031847,0,7,None,66,1,5,False,1000,1000
47309,159,unweighted,10,0.4680533439490446,0,7,None,66,1,5,False,1000,1000
47310,155,unweighted,10,0.5299562101910829,0,32,None,66,1,5,False,1000,1000
47311,156,unweighted,10,0.5303542993630573,0,32,None,66,1,5,False,1000,1000
47312,157,unweighted,10,0.5309514331210191,0,32,None,66,1,5,False,1000,1000
47313,158,unweighted,10,0.5318471337579618,0,32,None,66,1,5,False,1000,1000
47314,159,unweighted,10,0.5329418789808917,0,32,None,66,1,5,False,1000,1000
47315,155,unweighted,10,0.3926154458598726,0,1,None,66,1,5,False,1000,1000
47316,156,unweighted,10,0.4031648089171974,0,1,None,66,1,5,False,1000,1000
47317,157,unweighted,10,0.4092356687898089,0,1,None,66,1,5,False,1000,1000
47318,158,unweighted,10,0.4151074840764331,0,1,None,66,1,5,False,1000,1000
47319,159,unweighted,10,0.4231687898089172,0,1,None,66,1,5,False,1000,1000
47320,155,unweighted,10,0.5013933121019108,0,2,None,66,1,5,False,1000,1000
47321,156,unweighted,10,0.5094546178343949,0,2,None,66,1,5,False,1000,1000
47322,157,unweighted,10,0.5159235668789809,0,2,None,66,1,5,False,1000,1000
47323,158,unweighted,10,0.523984872611465,0,2,None,66,1,5,False,1000,1000
47324,159,unweighted,10,0.5294585987261147,0,2,None,66,1,5,False,1000,1000
47325,155,unweighted,10,0.4860668789808917,0,15,None,66,1,5,False,1000,1000
47326,156,unweighted,10,0.495421974522293,0,15,None,66,1,5,False,1000,1000
47327,157,unweighted,10,0.5035828025477707,0,15,None,66,1,5,False,1000,1000
47328,158,unweighted,10,0.5094546178343949,0,15,None,66,1,5,False,1000,1000
47329,159,unweighted,10,0.5158240445859873,0,15,None,66,1,5,False,1000,1000
47330,155,unweighted,10,0.474124203821656,0,4,None,66,1,5,False,1000,1000
47331,156,unweighted,10,0.4770103503184713,0,4,None,66,1,5,False,1000,1000
47332,157,unweighted,10,0.4814888535031847,0,4,None,66,1,5,False,1000,1000
47333,158,unweighted,10,0.4849721337579618,0,4,None,66,1,5,False,1000,1000
47334,159,unweighted,10,0.491640127388535,0,4,None,66,1,5,False,1000,1000
47335,155,unweighted,10,0.4656648089171974,0,10,None,66,1,5,False,1000,1000
47336,156,unweighted,10,0.4732285031847134,0,10,None,66,1,5,False,1000,1000
47337,157,unweighted,10,0.4812898089171974,0,10,None,66,1,5,False,1000,1000
47338,158,unweighted,10,0.489749203821656,0,10,None,66,1,5,False,1000,1000
47339,159,unweighted,10,0.4969148089171974,0,10,None,66,1,5,False,1000,1000
47340,155,unweighted,10,0.542296974522293,0,3,None,66,1,5,False,1000,1000
47341,156,unweighted,10,0.5459792993630573,0,3,None,66,1,5,False,1000,1000
47342,157,unweighted,10,0.5485668789808917,0,3,None,66,1,5,False,1000,1000
47343,158,unweighted,10,0.550656847133758,0,3,None,66,1,5,False,1000,1000
47344,159,unweighted,10,0.5539410828025477,0,3,None,66,1,5,False,1000,1000
47345,155,unweighted,10,0.4975119426751592,0,11,None,66,1,5,False,1000,1000
47346,156,unweighted,10,0.4994028662420382,0,11,None,66,1,5,False,1000,1000
47347,157,unweighted,10,0.5022890127388535,0,11,None,66,1,5,False,1000,1000
47348,158,unweighted,10,0.504578025477707,0,11,None,66,1,5,False,1000,1000
47349,159,unweighted,10,0.5067675159235668,0,11,None,66,1,5,False,1000,1000
47350,155,unweighted,10,0.4774084394904458,0,17,None,66,1,5,False,1000,1000
47351,156,unweighted,10,0.4821855095541401,0,17,None,66,1,5,False,1000,1000
47352,157,unweighted,10,0.489749203821656,0,17,None,66,1,5,False,1000,1000
47353,158,unweighted,10,0.4994028662420382,0,17,None,66,1,5,False,1000,1000
47354,159,unweighted,10,0.5085589171974523,0,17,None,66,1,5,False,1000,1000
47355,160,unweighted,10,0.4875597133757962,0,30,None,66,1,5,False,1000,1000
47356,161,unweighted,10,0.4930334394904458,0,30,None,66,1,5,False,1000,1000
47357,162,unweighted,10,0.4985071656050955,0,30,None,66,1,5,False,1000,1000
47358,163,unweighted,10,0.5021894904458599,0,30,None,66,1,5,False,1000,1000
47359,164,unweighted,10,0.5049761146496815,0,30,None,66,1,5,False,1000,1000
47360,160,unweighted,10,0.4119227707006369,0,1,None,66,1,5,False,1000,1000
47361,161,unweighted,10,0.4209792993630573,0,1,None,66,1,5,False,1000,1000
47362,162,unweighted,10,0.4268511146496815,0,1,None,66,1,5,False,1000,1000
47363,163,unweighted,10,0.4303343949044586,0,1,None,66,1,5,False,1000,1000
47364,164,unweighted,10,0.4339171974522293,0,1,None,66,1,5,False,1000,1000
47365,160,unweighted,10,0.5410031847133758,0,5,None,66,1,5,False,1000,1000
47366,161,unweighted,10,0.5453821656050956,0,5,None,66,1,5,False,1000,1000
47367,162,unweighted,10,0.5486664012738853,0,5,None,66,1,5,False,1000,1000
47368,163,unweighted,10,0.5502587579617835,0,5,None,66,1,5,False,1000,1000
47369,164,unweighted,10,0.5531449044585988,0,5,None,66,1,5,False,1000,1000
47370,160,unweighted,10,0.4863654458598726,0,22,None,66,1,5,False,1000,1000
47371,161,unweighted,10,0.4918391719745223,0,22,None,66,1,5,False,1000,1000
47372,162,unweighted,10,0.4995023885350318,0,22,None,66,1,5,False,1000,1000
47373,163,unweighted,10,0.5093550955414012,0,22,None,66,1,5,False,1000,1000
47374,164,unweighted,10,0.5224920382165605,0,22,None,66,1,5,False,1000,1000
47375,160,unweighted,10,0.5407046178343949,0,23,None,66,1,5,False,1000,1000
47376,161,unweighted,10,0.5406050955414012,0,23,None,66,1,5,False,1000,1000
47377,162,unweighted,10,0.5437898089171974,0,23,None,66,1,5,False,1000,1000
47378,163,unweighted,10,0.5458797770700637,0,23,None,66,1,5,False,1000,1000
47379,164,unweighted,10,0.5491640127388535,0,23,None,66,1,5,False,1000,1000
47380,160,unweighted,10,0.4784036624203822,0,16,None,66,1,5,False,1000,1000
47381,161,unweighted,10,0.4828821656050955,0,16,None,66,1,5,False,1000,1000
47382,162,unweighted,10,0.4896496815286624,0,16,None,66,1,5,False,1000,1000
47383,163,unweighted,10,0.4987062101910828,0,16,None,66,1,5,False,1000,1000
47384,164,unweighted,10,0.5113455414012739,0,16,None,66,1,5,False,1000,1000
47385,160,unweighted,10,0.4789012738853503,0,7,None,66,1,5,False,1000,1000
47386,161,unweighted,10,0.4871616242038216,0,7,None,66,1,5,False,1000,1000
47387,162,unweighted,10,0.4951234076433121,0,7,None,66,1,5,False,1000,1000
47388,163,unweighted,10,0.5031847133757962,0,7,None,66,1,5,False,1000,1000
47389,164,unweighted,10,0.5108479299363057,0,7,None,66,1,5,False,1000,1000
47390,160,unweighted,10,0.5366242038216561,0,32,None,66,1,5,False,1000,1000
47391,161,unweighted,10,0.5386146496815286,0,32,None,66,1,5,False,1000,1000
47392,162,unweighted,10,0.5403065286624203,0,32,None,66,1,5,False,1000,1000
47393,163,unweighted,10,0.541202229299363,0,32,None,66,1,5,False,1000,1000
47394,164,unweighted,10,0.5453821656050956,0,32,None,66,1,5,False,1000,1000
47395,160,unweighted,10,0.4307324840764331,0,14,None,66,1,5,False,1000,1000
47396,161,unweighted,10,0.4355095541401274,0,14,None,66,1,5,False,1000,1000
47397,162,unweighted,10,0.4407842356687898,0,14,None,66,1,5,False,1000,1000
47398,163,unweighted,10,0.446656050955414,0,14,None,66,1,5,False,1000,1000
47399,164,unweighted,10,0.4547173566878981,0,14,None,66,1,5,False,1000,1000
47400,160,unweighted,10,0.4995023885350318,0,29,None,66,1,5,False,1000,1000
47401,161,unweighted,10,0.5043789808917197,0,29,None,66,1,5,False,1000,1000
47402,162,unweighted,10,0.5065684713375797,0,29,None,66,1,5,False,1000,1000
47403,163,unweighted,10,0.5082603503184714,0,29,None,66,1,5,False,1000,1000
47404,164,unweighted,10,0.5105493630573248,0,29,None,66,1,5,False,1000,1000
47405,160,unweighted,10,0.5258757961783439,0,15,None,66,1,5,False,1000,1000
47406,161,unweighted,10,0.526671974522293,0,15,None,66,1,5,False,1000,1000
47407,162,unweighted,10,0.5263734076433121,0,15,None,66,1,5,False,1000,1000
47408,163,unweighted,10,0.5251791401273885,0,15,None,66,1,5,False,1000,1000
47409,164,unweighted,10,0.5234872611464968,0,15,None,66,1,5,False,1000,1000
47410,160,unweighted,10,0.4924363057324841,0,8,None,66,1,5,False,1000,1000
47411,161,unweighted,10,0.497014331210191,0,8,None,66,1,5,False,1000,1000
47412,162,unweighted,10,0.5020899681528662,0,8,None,66,1,5,False,1000,1000
47413,163,unweighted,10,0.5075636942675159,0,8,None,66,1,5,False,1000,1000
47414,164,unweighted,10,0.5134355095541401,0,8,None,66,1,5,False,1000,1000
47415,160,unweighted,10,0.4256568471337579,0,19,None,66,1,5,False,1000,1000
47416,161,unweighted,10,0.4270501592356688,0,19,None,66,1,5,False,1000,1000
47417,162,unweighted,10,0.4279458598726114,0,19,None,66,1,5,False,1000,1000
47418,163,unweighted,10,0.4293391719745223,0,19,None,66,1,5,False,1000,1000
47419,164,unweighted,10,0.4327229299363057,0,19,None,66,1,5,False,1000,1000
47420,160,unweighted,10,0.5426950636942676,0,20,None,66,1,5,False,1000,1000
47421,161,unweighted,10,0.5458797770700637,0,20,None,66,1,5,False,1000,1000
47422,162,unweighted,10,0.549562101910828,0,20,None,66,1,5,False,1000,1000
47423,163,unweighted,10,0.5517515923566879,0,20,None,66,1,5,False,1000,1000
47424,164,unweighted,10,0.5543391719745223,0,20,None,66,1,5,False,1000,1000
47425,160,unweighted,10,0.5067675159235668,0,4,None,66,1,5,False,1000,1000
47426,161,unweighted,10,0.5135350318471338,0,4,None,66,1,5,False,1000,1000
47427,162,unweighted,10,0.522093949044586,0,4,None,66,1,5,False,1000,1000
47428,163,unweighted,10,0.5279657643312102,0,4,None,66,1,5,False,1000,1000
47429,164,unweighted,10,0.533140923566879,0,4,None,66,1,5,False,1000,1000
47430,160,unweighted,10,0.5089570063694268,0,28,None,66,1,5,False,1000,1000
47431,161,unweighted,10,0.5101512738853503,0,28,None,66,1,5,False,1000,1000
47432,162,unweighted,10,0.512937898089172,0,28,None,66,1,5,False,1000,1000
47433,163,unweighted,10,0.5140326433121019,0,28,None,66,1,5,False,1000,1000
47434,164,unweighted,10,0.5155254777070064,0,28,None,66,1,5,False,1000,1000
47435,160,unweighted,10,0.5170183121019108,0,21,None,66,1,5,False,1000,1000
47436,161,unweighted,10,0.5180135350318471,0,21,None,66,1,5,False,1000,1000
47437,162,unweighted,10,0.5195063694267515,0,21,None,66,1,5,False,1000,1000
47438,163,unweighted,10,0.5218949044585988,0,21,None,66,1,5,False,1000,1000
47439,164,unweighted,10,0.5242834394904459,0,21,None,66,1,5,False,1000,1000
47440,160,unweighted,10,0.5024880573248408,0,24,None,66,1,5,False,1000,1000
47441,161,unweighted,10,0.5035828025477707,0,24,None,66,1,5,False,1000,1000
47442,162,unweighted,10,0.5047770700636943,0,24,None,66,1,5,False,1000,1000
47443,163,unweighted,10,0.506468949044586,0,24,None,66,1,5,False,1000,1000
47444,164,unweighted,10,0.5078622611464968,0,24,None,66,1,5,False,1000,1000
47445,160,unweighted,10,0.5093550955414012,0,18,None,66,1,5,False,1000,1000
47446,161,unweighted,10,0.5119426751592356,0,18,None,66,1,5,False,1000,1000
47447,162,unweighted,10,0.5155254777070064,0,18,None,66,1,5,False,1000,1000
47448,163,unweighted,10,0.5181130573248408,0,18,None,66,1,5,False,1000,1000
47449,164,unweighted,10,0.5221934713375797,0,18,None,66,1,5,False,1000,1000
47450,160,unweighted,10,0.5098527070063694,0,27,None,66,1,5,False,1000,1000
47451,161,unweighted,10,0.511046974522293,0,27,None,66,1,5,False,1000,1000
47452,162,unweighted,10,0.5135350318471338,0,27,None,66,1,5,False,1000,1000
47453,163,unweighted,10,0.5155254777070064,0,27,None,66,1,5,False,1000,1000
47454,164,unweighted,10,0.5166202229299363,0,27,None,66,1,5,False,1000,1000
47455,160,unweighted,10,0.3664410828025478,0,31,None,66,1,5,False,1000,1000
47456,161,unweighted,10,0.3696257961783439,0,31,None,66,1,5,False,1000,1000
47457,162,unweighted,10,0.3710191082802547,0,31,None,66,1,5,False,1000,1000
47458,163,unweighted,10,0.3727109872611465,0,31,None,66,1,5,False,1000,1000
47459,164,unweighted,10,0.3741042993630573,0,31,None,66,1,5,False,1000,1000
47460,160,unweighted,10,0.5178144904458599,0,9,None,66,1,5,False,1000,1000
47461,161,unweighted,10,0.5232882165605095,0,9,None,66,1,5,False,1000,1000
47462,162,unweighted,10,0.5263734076433121,0,9,None,66,1,5,False,1000,1000
47463,163,unweighted,10,0.5288614649681529,0,9,None,66,1,5,False,1000,1000
47464,164,unweighted,10,0.5318471337579618,0,9,None,66,1,5,False,1000,1000
47465,160,unweighted,10,0.5346337579617835,0,2,None,66,1,5,False,1000,1000
47466,161,unweighted,10,0.5395103503184714,0,2,None,66,1,5,False,1000,1000
47467,162,unweighted,10,0.5435907643312102,0,2,None,66,1,5,False,1000,1000
47468,163,unweighted,10,0.5458797770700637,0,2,None,66,1,5,False,1000,1000
47469,164,unweighted,10,0.5496616242038217,0,2,None,66,1,5,False,1000,1000
47470,160,unweighted,10,0.5198049363057324,0,0,None,66,1,5,False,1000,1000
47471,161,unweighted,10,0.5246815286624203,0,0,None,66,1,5,False,1000,1000
47472,162,unweighted,10,0.5289609872611465,0,0,None,66,1,5,False,1000,1000
47473,163,unweighted,10,0.5329418789808917,0,0,None,66,1,5,False,1000,1000
47474,164,unweighted,10,0.5365246815286624,0,0,None,66,1,5,False,1000,1000
47475,160,unweighted,10,0.5092555732484076,0,11,None,66,1,5,False,1000,1000
47476,161,unweighted,10,0.511046974522293,0,11,None,66,1,5,False,1000,1000
47477,162,unweighted,10,0.5127388535031847,0,11,None,66,1,5,False,1000,1000
47478,163,unweighted,10,0.513734076433121,0,11,None,66,1,5,False,1000,1000
47479,164,unweighted,10,0.515625,0,11,None,66,1,5,False,1000,1000
47480,160,unweighted,10,0.5046775477707006,0,10,None,66,1,5,False,1000,1000
47481,161,unweighted,10,0.5109474522292994,0,10,None,66,1,5,False,1000,1000
47482,162,unweighted,10,0.5152269108280255,0,10,None,66,1,5,False,1000,1000
47483,163,unweighted,10,0.5199044585987261,0,10,None,66,1,5,False,1000,1000
47484,164,unweighted,10,0.5227906050955414,0,10,None,66,1,5,False,1000,1000
47485,160,unweighted,10,0.5113455414012739,0,17,None,66,1,5,False,1000,1000
47486,161,unweighted,10,0.5203025477707006,0,17,None,66,1,5,False,1000,1000
47487,162,unweighted,10,0.5265724522292994,0,17,None,66,1,5,False,1000,1000
47488,163,unweighted,10,0.5327428343949044,0,17,None,66,1,5,False,1000,1000
47489,164,unweighted,10,0.5378184713375797,0,17,None,66,1,5,False,1000,1000
47490,160,unweighted,10,0.4717356687898089,0,6,None,66,1,5,False,1000,1000
47491,161,unweighted,10,0.4821855095541401,0,6,None,66,1,5,False,1000,1000
47492,162,unweighted,10,0.4906449044585987,0,6,None,66,1,5,False,1000,1000
47493,163,unweighted,10,0.4967157643312102,0,6,None,66,1,5,False,1000,1000
47494,164,unweighted,10,0.5016918789808917,0,6,None,66,1,5,False,1000,1000
47495,160,unweighted,10,0.505672770700637,0,12,None,66,1,5,False,1000,1000
47496,161,unweighted,10,0.5089570063694268,0,12,None,66,1,5,False,1000,1000
47497,162,unweighted,10,0.5112460191082803,0,12,None,66,1,5,False,1000,1000
47498,163,unweighted,10,0.5132364649681529,0,12,None,66,1,5,False,1000,1000
47499,164,unweighted,10,0.5135350318471338,0,12,None,66,1,5,False,1000,1000
47500,160,unweighted,10,0.5569267515923567,0,3,None,66,1,5,False,1000,1000
47501,161,unweighted,10,0.5576234076433121,0,3,None,66,1,5,False,1000,1000
47502,162,unweighted,10,0.559812898089172,0,3,None,66,1,5,False,1000,1000
47503,163,unweighted,10,0.5612062101910829,0,3,None,66,1,5,False,1000,1000
47504,164,unweighted,10,0.5623009554140127,0,3,None,66,1,5,False,1000,1000
47505,160,unweighted,10,0.5043789808917197,0,13,None,66,1,5,False,1000,1000
47506,161,unweighted,10,0.507265127388535,0,13,None,66,1,5,False,1000,1000
47507,162,unweighted,10,0.5114450636942676,0,13,None,66,1,5,False,1000,1000
47508,163,unweighted,10,0.5152269108280255,0,13,None,66,1,5,False,1000,1000
47509,164,unweighted,10,0.5173168789808917,0,13,None,66,1,5,False,1000,1000
47510,160,unweighted,10,0.5292595541401274,0,25,None,66,1,5,False,1000,1000
47511,161,unweighted,10,0.5316480891719745,0,25,None,66,1,5,False,1000,1000
47512,162,unweighted,10,0.53234474522293,0,25,None,66,1,5,False,1000,1000
47513,163,unweighted,10,0.5330414012738853,0,25,None,66,1,5,False,1000,1000
47514,164,unweighted,10,0.5348328025477707,0,25,None,66,1,5,False,1000,1000
47515,160,unweighted,10,0.5187101910828026,0,26,None,66,1,5,False,1000,1000
47516,161,unweighted,10,0.5249800955414012,0,26,None,66,1,5,False,1000,1000
47517,162,unweighted,10,0.5300557324840764,0,26,None,66,1,5,False,1000,1000
47518,163,unweighted,10,0.5341361464968153,0,26,None,66,1,5,False,1000,1000
47519,164,unweighted,10,0.5357285031847133,0,26,None,66,1,5,False,1000,1000
47685,165,unweighted,10,0.5475716560509554,0,32,None,66,1,5,False,1000,1000
47686,166,unweighted,10,0.5480692675159236,0,32,None,66,1,5,False,1000,1000
47687,167,unweighted,10,0.5507563694267515,0,32,None,66,1,5,False,1000,1000
47688,168,unweighted,10,0.5527468152866242,0,32,None,66,1,5,False,1000,1000
47689,169,unweighted,10,0.5544386942675159,0,32,None,66,1,5,False,1000,1000
47690,165,unweighted,10,0.5325437898089171,0,22,None,66,1,5,False,1000,1000
47691,166,unweighted,10,0.5415007961783439,0,22,None,66,1,5,False,1000,1000
47692,167,unweighted,10,0.5488654458598726,0,22,None,66,1,5,False,1000,1000
47693,168,unweighted,10,0.5520501592356688,0,22,None,66,1,5,False,1000,1000
47694,169,unweighted,10,0.5555334394904459,0,22,None,66,1,5,False,1000,1000
47695,165,unweighted,10,0.4203821656050955,0,1,None,66,1,5,False,1000,1000
47696,166,unweighted,10,0.4280453821656051,0,1,None,66,1,5,False,1000,1000
47697,167,unweighted,10,0.4328224522292994,0,1,None,66,1,5,False,1000,1000
47698,168,unweighted,10,0.4355095541401274,0,1,None,66,1,5,False,1000,1000
47699,169,unweighted,10,0.4370023885350318,0,1,None,66,1,5,False,1000,1000
47700,165,unweighted,10,0.5488654458598726,0,23,None,66,1,5,False,1000,1000
47701,166,unweighted,10,0.5515525477707006,0,23,None,66,1,5,False,1000,1000
47702,167,unweighted,10,0.5536425159235668,0,23,None,66,1,5,False,1000,1000
47703,168,unweighted,10,0.5555334394904459,0,23,None,66,1,5,False,1000,1000
47704,169,unweighted,10,0.5586186305732485,0,23,None,66,1,5,False,1000,1000
47705,165,unweighted,10,0.5532444267515924,0,2,None,66,1,5,False,1000,1000
47706,166,unweighted,10,0.5564291401273885,0,2,None,66,1,5,False,1000,1000
47707,167,unweighted,10,0.557921974522293,0,2,None,66,1,5,False,1000,1000
47708,168,unweighted,10,0.5599124203821656,0,2,None,66,1,5,False,1000,1000
47709,169,unweighted,10,0.5610071656050956,0,2,None,66,1,5,False,1000,1000
47710,165,unweighted,10,0.5515525477707006,0,5,None,66,1,5,False,1000,1000
47711,166,unweighted,10,0.5543391719745223,0,5,None,66,1,5,False,1000,1000
47712,167,unweighted,10,0.5562300955414012,0,5,None,66,1,5,False,1000,1000
47713,168,unweighted,10,0.5585191082802548,0,5,None,66,1,5,False,1000,1000
47714,169,unweighted,10,0.5604100318471338,0,5,None,66,1,5,False,1000,1000
47715,165,unweighted,10,0.5173168789808917,0,11,None,66,1,5,False,1000,1000
47716,166,unweighted,10,0.5186106687898089,0,11,None,66,1,5,False,1000,1000
47717,167,unweighted,10,0.5205015923566879,0,11,None,66,1,5,False,1000,1000
47718,168,unweighted,10,0.5226910828025477,0,11,None,66,1,5,False,1000,1000
47719,169,unweighted,10,0.522890127388535,0,11,None,66,1,5,False,1000,1000
47720,165,unweighted,10,0.5235867834394905,0,7,None,66,1,5,False,1000,1000
47721,166,unweighted,10,0.5276671974522293,0,7,None,66,1,5,False,1000,1000
47722,167,unweighted,10,0.5317476114649682,0,7,None,66,1,5,False,1000,1000
47723,168,unweighted,10,0.5340366242038217,0,7,None,66,1,5,False,1000,1000
47724,169,unweighted,10,0.5366242038216561,0,7,None,66,1,5,False,1000,1000
47725,165,unweighted,10,0.540406050955414,0,17,None,66,1,5,False,1000,1000
47726,166,unweighted,10,0.5421974522292994,0,17,None,66,1,5,False,1000,1000
47727,167,unweighted,10,0.5453821656050956,0,17,None,66,1,5,False,1000,1000
47728,168,unweighted,10,0.5482683121019108,0,17,None,66,1,5,False,1000,1000
47729,169,unweighted,10,0.5491640127388535,0,17,None,66,1,5,False,1000,1000
47730,165,unweighted,10,0.5539410828025477,0,20,None,66,1,5,False,1000,1000
47731,166,unweighted,10,0.5566281847133758,0,20,None,66,1,5,False,1000,1000
47732,167,unweighted,10,0.5581210191082803,0,20,None,66,1,5,False,1000,1000
47733,168,unweighted,10,0.560609076433121,0,20,None,66,1,5,False,1000,1000
47734,169,unweighted,10,0.5629976114649682,0,20,None,66,1,5,False,1000,1000
47735,165,unweighted,10,0.5343351910828026,0,8,None,66,1,5,False,1000,1000
47736,166,unweighted,10,0.5380175159235668,0,8,None,66,1,5,False,1000,1000
47737,167,unweighted,10,0.5419984076433121,0,8,None,66,1,5,False,1000,1000
47738,168,unweighted,10,0.544187898089172,0,8,None,66,1,5,False,1000,1000
47739,169,unweighted,10,0.5477707006369427,0,8,None,66,1,5,False,1000,1000
47740,165,unweighted,10,0.5409036624203821,0,4,None,66,1,5,False,1000,1000
47741,166,unweighted,10,0.5445859872611465,0,4,None,66,1,5,False,1000,1000
47742,167,unweighted,10,0.5477707006369427,0,4,None,66,1,5,False,1000,1000
47743,168,unweighted,10,0.549562101910828,0,4,None,66,1,5,False,1000,1000
47744,169,unweighted,10,0.5512539808917197,0,4,None,66,1,5,False,1000,1000
47745,165,unweighted,10,0.5253781847133758,0,16,None,66,1,5,False,1000,1000
47746,166,unweighted,10,0.5347332802547771,0,16,None,66,1,5,False,1000,1000
47747,167,unweighted,10,0.5401074840764332,0,16,None,66,1,5,False,1000,1000
47748,168,unweighted,10,0.544187898089172,0,16,None,66,1,5,False,1000,1000
47749,169,unweighted,10,0.546875,0,16,None,66,1,5,False,1000,1000
47750,165,unweighted,10,0.5286624203821656,0,18,None,66,1,5,False,1000,1000
47751,166,unweighted,10,0.53234474522293,0,18,None,66,1,5,False,1000,1000
47752,167,unweighted,10,0.5373208598726115,0,18,None,66,1,5,False,1000,1000
47753,168,unweighted,10,0.5405055732484076,0,18,None,66,1,5,False,1000,1000
47754,169,unweighted,10,0.5432921974522293,0,18,None,66,1,5,False,1000,1000
47755,165,unweighted,10,0.4434713375796178,0,14,None,66,1,5,False,1000,1000
47756,166,unweighted,10,0.4519307324840764,0,14,None,66,1,5,False,1000,1000
47757,167,unweighted,10,0.4608877388535032,0,14,None,66,1,5,False,1000,1000
47758,168,unweighted,10,0.4710390127388535,0,14,None,66,1,5,False,1000,1000
47759,169,unweighted,10,0.4791003184713376,0,14,None,66,1,5,False,1000,1000
47760,165,unweighted,10,0.517515923566879,0,28,None,66,1,5,False,1000,1000
47761,166,unweighted,10,0.5188097133757962,0,28,None,66,1,5,False,1000,1000
47762,167,unweighted,10,0.5192078025477707,0,28,None,66,1,5,False,1000,1000
47763,168,unweighted,10,0.5208996815286624,0,28,None,66,1,5,False,1000,1000
47764,169,unweighted,10,0.5217953821656051,0,28,None,66,1,5,False,1000,1000
47765,165,unweighted,10,0.5134355095541401,0,29,None,66,1,5,False,1000,1000
47766,166,unweighted,10,0.5141321656050956,0,29,None,66,1,5,False,1000,1000
47767,167,unweighted,10,0.5154259554140127,0,29,None,66,1,5,False,1000,1000
47768,168,unweighted,10,0.5162221337579618,0,29,None,66,1,5,False,1000,1000
47769,169,unweighted,10,0.5181130573248408,0,29,None,66,1,5,False,1000,1000
47770,165,unweighted,10,0.53234474522293,0,9,None,66,1,5,False,1000,1000
47771,166,unweighted,10,0.5351313694267515,0,9,None,66,1,5,False,1000,1000
47772,167,unweighted,10,0.5366242038216561,0,9,None,66,1,5,False,1000,1000
47773,168,unweighted,10,0.5391122611464968,0,9,None,66,1,5,False,1000,1000
47774,169,unweighted,10,0.5400079617834395,0,9,None,66,1,5,False,1000,1000
47775,165,unweighted,10,0.53234474522293,0,15,None,66,1,5,False,1000,1000
47776,166,unweighted,10,0.5306528662420382,0,15,None,66,1,5,False,1000,1000
47777,167,unweighted,10,0.5313495222929936,0,15,None,66,1,5,False,1000,1000
47778,168,unweighted,10,0.5325437898089171,0,15,None,66,1,5,False,1000,1000
47779,169,unweighted,10,0.5347332802547771,0,15,None,66,1,5,False,1000,1000
47780,165,unweighted,10,0.5265724522292994,0,10,None,66,1,5,False,1000,1000
47781,166,unweighted,10,0.5291600318471338,0,10,None,66,1,5,False,1000,1000
47782,167,unweighted,10,0.5314490445859873,0,10,None,66,1,5,False,1000,1000
47783,168,unweighted,10,0.5329418789808917,0,10,None,66,1,5,False,1000,1000
47784,169,unweighted,10,0.5356289808917197,0,10,None,66,1,5,False,1000,1000
47785,165,unweighted,10,0.5636942675159236,0,3,None,66,1,5,False,1000,1000
47786,166,unweighted,10,0.5665804140127388,0,3,None,66,1,5,False,1000,1000
47787,167,unweighted,10,0.568968949044586,0,3,None,66,1,5,False,1000,1000
47788,168,unweighted,10,0.570859872611465,0,3,None,66,1,5,False,1000,1000
47789,169,unweighted,10,0.5729498407643312,0,3,None,66,1,5,False,1000,1000
47790,165,unweighted,10,0.5063694267515924,0,6,None,66,1,5,False,1000,1000
47791,166,unweighted,10,0.5114450636942676,0,6,None,66,1,5,False,1000,1000
47792,167,unweighted,10,0.5147292993630573,0,6,None,66,1,5,False,1000,1000
47793,168,unweighted,10,0.5172173566878981,0,6,None,66,1,5,False,1000,1000
47794,169,unweighted,10,0.5195063694267515,0,6,None,66,1,5,False,1000,1000
47795,165,unweighted,10,0.5178144904458599,0,12,None,66,1,5,False,1000,1000
47796,166,unweighted,10,0.5178144904458599,0,12,None,66,1,5,False,1000,1000
47797,167,unweighted,10,0.5187101910828026,0,12,None,66,1,5,False,1000,1000
47798,168,unweighted,10,0.5208001592356688,0,12,None,66,1,5,False,1000,1000
47799,169,unweighted,10,0.5210987261146497,0,12,None,66,1,5,False,1000,1000
47800,165,unweighted,10,0.5190087579617835,0,13,None,66,1,5,False,1000,1000
47801,166,unweighted,10,0.5206011146496815,0,13,None,66,1,5,False,1000,1000
47802,167,unweighted,10,0.5225915605095541,0,13,None,66,1,5,False,1000,1000
47803,168,unweighted,10,0.5252786624203821,0,13,None,66,1,5,False,1000,1000
47804,169,unweighted,10,0.527468152866242,0,13,None,66,1,5,False,1000,1000
47805,165,unweighted,10,0.5391122611464968,0,25,None,66,1,5,False,1000,1000
47806,166,unweighted,10,0.5397093949044586,0,25,None,66,1,5,False,1000,1000
47807,167,unweighted,10,0.5398089171974523,0,25,None,66,1,5,False,1000,1000
47808,168,unweighted,10,0.5402070063694268,0,25,None,66,1,5,False,1000,1000
47809,169,unweighted,10,0.5411027070063694,0,25,None,66,1,5,False,1000,1000
47810,165,unweighted,10,0.539609872611465,0,26,None,66,1,5,False,1000,1000
47811,166,unweighted,10,0.542296974522293,0,26,None,66,1,5,False,1000,1000
47812,167,unweighted,10,0.5444864649681529,0,26,None,66,1,5,False,1000,1000
47813,168,unweighted,10,0.5461783439490446,0,26,None,66,1,5,False,1000,1000
47814,169,unweighted,10,0.5473726114649682,0,26,None,66,1,5,False,1000,1000
47815,165,unweighted,10,0.5168192675159236,0,27,None,66,1,5,False,1000,1000
47816,166,unweighted,10,0.5176154458598726,0,27,None,66,1,5,False,1000,1000
47817,167,unweighted,10,0.5191082802547771,0,27,None,66,1,5,False,1000,1000
47818,168,unweighted,10,0.5208001592356688,0,27,None,66,1,5,False,1000,1000
47819,169,unweighted,10,0.5223925159235668,0,27,None,66,1,5,False,1000,1000
47820,165,unweighted,10,0.5076632165605095,0,30,None,66,1,5,False,1000,1000
47821,166,unweighted,10,0.5104498407643312,0,30,None,66,1,5,False,1000,1000
47822,167,unweighted,10,0.5119426751592356,0,30,None,66,1,5,False,1000,1000
47823,168,unweighted,10,0.513734076433121,0,30,None,66,1,5,False,1000,1000
47824,169,unweighted,10,0.5147292993630573,0,30,None,66,1,5,False,1000,1000
47825,165,unweighted,10,0.3636544585987261,0,31,None,66,1,5,False,1000,1000
47826,166,unweighted,10,0.3686305732484076,0,31,None,66,1,5,False,1000,1000
47827,167,unweighted,10,0.370421974522293,0,31,None,66,1,5,False,1000,1000
47828,168,unweighted,10,0.372014331210191,0,31,None,66,1,5,False,1000,1000
47829,169,unweighted,10,0.3736066878980891,0,31,None,66,1,5,False,1000,1000
47830,170,unweighted,10,0.5516520700636943,0,26,None,66,1,5,False,1000,1000
47831,171,unweighted,10,0.5527468152866242,0,26,None,66,1,5,False,1000,1000
47832,172,unweighted,10,0.5536425159235668,0,26,None,66,1,5,False,1000,1000
47833,173,unweighted,10,0.554140127388535,0,26,None,66,1,5,False,1000,1000
47834,174,unweighted,10,0.5545382165605095,0,26,None,66,1,5,False,1000,1000
47835,165,unweighted,10,0.4395899681528662,0,19,None,66,1,5,False,1000,1000
47836,166,unweighted,10,0.4476512738853503,0,19,None,66,1,5,False,1000,1000
47837,167,unweighted,10,0.4573049363057325,0,19,None,66,1,5,False,1000,1000
47838,168,unweighted,10,0.4662619426751592,0,19,None,66,1,5,False,1000,1000
47839,169,unweighted,10,0.473328025477707,0,19,None,66,1,5,False,1000,1000
47840,165,unweighted,10,0.5408041401273885,0,0,None,66,1,5,False,1000,1000
47841,166,unweighted,10,0.5429936305732485,0,0,None,66,1,5,False,1000,1000
47842,167,unweighted,10,0.5444864649681529,0,0,None,66,1,5,False,1000,1000
47843,168,unweighted,10,0.5452826433121019,0,0,None,66,1,5,False,1000,1000
47844,169,unweighted,10,0.5475716560509554,0,0,None,66,1,5,False,1000,1000
47845,165,unweighted,10,0.5268710191082803,0,21,None,66,1,5,False,1000,1000
47846,166,unweighted,10,0.5273686305732485,0,21,None,66,1,5,False,1000,1000
47847,167,unweighted,10,0.5282643312101911,0,21,None,66,1,5,False,1000,1000
47848,168,unweighted,10,0.5288614649681529,0,21,None,66,1,5,False,1000,1000
47849,169,unweighted,10,0.5309514331210191,0,21,None,66,1,5,False,1000,1000
47850,165,unweighted,10,0.5055732484076433,0,24,None,66,1,5,False,1000,1000
47851,166,unweighted,10,0.5077627388535032,0,24,None,66,1,5,False,1000,1000
47852,167,unweighted,10,0.5092555732484076,0,24,None,66,1,5,False,1000,1000
47853,168,unweighted,10,0.5109474522292994,0,24,None,66,1,5,False,1000,1000
47854,169,unweighted,10,0.5125398089171974,0,24,None,66,1,5,False,1000,1000
47855,170,unweighted,10,0.5637937898089171,0,2,None,66,1,5,False,1000,1000
47856,171,unweighted,10,0.5659832802547771,0,2,None,66,1,5,False,1000,1000
47857,172,unweighted,10,0.5674761146496815,0,2,None,66,1,5,False,1000,1000
47858,173,unweighted,10,0.5687699044585988,0,2,None,66,1,5,False,1000,1000
47859,174,unweighted,10,0.5698646496815286,0,2,None,66,1,5,False,1000,1000
47860,170,unweighted,10,0.5411027070063694,0,7,None,66,1,5,False,1000,1000
47861,171,unweighted,10,0.5434912420382165,0,7,None,66,1,5,False,1000,1000
47862,172,unweighted,10,0.5436902866242038,0,7,None,66,1,5,False,1000,1000
47863,173,unweighted,10,0.5445859872611465,0,7,None,66,1,5,False,1000,1000
47864,174,unweighted,10,0.546875,0,7,None,66,1,5,False,1000,1000
47865,170,unweighted,10,0.5386146496815286,0,15,None,66,1,5,False,1000,1000
47866,171,unweighted,10,0.5392117834394905,0,15,None,66,1,5,False,1000,1000
47867,172,unweighted,10,0.5403065286624203,0,15,None,66,1,5,False,1000,1000
47868,173,unweighted,10,0.5418988853503185,0,15,None,66,1,5,False,1000,1000
47869,174,unweighted,10,0.5427945859872612,0,15,None,66,1,5,False,1000,1000
47870,170,unweighted,10,0.5373208598726115,0,10,None,66,1,5,False,1000,1000
47871,171,unweighted,10,0.5386146496815286,0,10,None,66,1,5,False,1000,1000
47872,172,unweighted,10,0.5391122611464968,0,10,None,66,1,5,False,1000,1000
47873,173,unweighted,10,0.5410031847133758,0,10,None,66,1,5,False,1000,1000
47874,174,unweighted,10,0.542296974522293,0,10,None,66,1,5,False,1000,1000
47875,170,unweighted,10,0.5628980891719745,0,20,None,66,1,5,False,1000,1000
47876,171,unweighted,10,0.5650875796178344,0,20,None,66,1,5,False,1000,1000
47877,172,unweighted,10,0.5671775477707006,0,20,None,66,1,5,False,1000,1000
47878,173,unweighted,10,0.5688694267515924,0,20,None,66,1,5,False,1000,1000
47879,174,unweighted,10,0.5701632165605095,0,20,None,66,1,5,False,1000,1000
47880,170,unweighted,10,0.5576234076433121,0,22,None,66,1,5,False,1000,1000
47881,171,unweighted,10,0.559812898089172,0,22,None,66,1,5,False,1000,1000
47882,172,unweighted,10,0.5604100318471338,0,22,None,66,1,5,False,1000,1000
47883,173,unweighted,10,0.5629976114649682,0,22,None,66,1,5,False,1000,1000
47884,174,unweighted,10,0.5639928343949044,0,22,None,66,1,5,False,1000,1000
47885,170,unweighted,10,0.5591162420382165,0,32,None,66,1,5,False,1000,1000
47886,171,unweighted,10,0.5596138535031847,0,32,None,66,1,5,False,1000,1000
47887,172,unweighted,10,0.5607085987261147,0,32,None,66,1,5,False,1000,1000
47888,173,unweighted,10,0.5636942675159236,0,32,None,66,1,5,False,1000,1000
47889,174,unweighted,10,0.5652866242038217,0,32,None,66,1,5,False,1000,1000
47890,170,unweighted,10,0.5594148089171974,0,5,None,66,1,5,False,1000,1000
47891,171,unweighted,10,0.5595143312101911,0,5,None,66,1,5,False,1000,1000
47892,172,unweighted,10,0.5624004777070064,0,5,None,66,1,5,False,1000,1000
47893,173,unweighted,10,0.5634952229299363,0,5,None,66,1,5,False,1000,1000
47894,174,unweighted,10,0.5656847133757962,0,5,None,66,1,5,False,1000,1000
47895,170,unweighted,10,0.522093949044586,0,6,None,66,1,5,False,1000,1000
47896,171,unweighted,10,0.5237858280254777,0,6,None,66,1,5,False,1000,1000
47897,172,unweighted,10,0.5262738853503185,0,6,None,66,1,5,False,1000,1000
47898,173,unweighted,10,0.5279657643312102,0,6,None,66,1,5,False,1000,1000
47899,174,unweighted,10,0.5281648089171974,0,6,None,66,1,5,False,1000,1000
47900,170,unweighted,10,0.5504578025477707,0,16,None,66,1,5,False,1000,1000
47901,171,unweighted,10,0.5520501592356688,0,16,None,66,1,5,False,1000,1000
47902,172,unweighted,10,0.5535429936305732,0,16,None,66,1,5,False,1000,1000
47903,173,unweighted,10,0.5561305732484076,0,16,None,66,1,5,False,1000,1000
47904,174,unweighted,10,0.5570262738853503,0,16,None,66,1,5,False,1000,1000
47905,170,unweighted,10,0.5553343949044586,0,8,None,66,1,5,False,1000,1000
47906,171,unweighted,10,0.5556329617834395,0,8,None,66,1,5,False,1000,1000
47907,172,unweighted,10,0.556827229299363,0,8,None,66,1,5,False,1000,1000
47908,173,unweighted,10,0.5589171974522293,0,8,None,66,1,5,False,1000,1000
47909,174,unweighted,10,0.5602109872611465,0,8,None,66,1,5,False,1000,1000
47910,170,unweighted,10,0.5489649681528662,0,18,None,66,1,5,False,1000,1000
47911,171,unweighted,10,0.551453025477707,0,18,None,66,1,5,False,1000,1000
47912,172,unweighted,10,0.5528463375796179,0,18,None,66,1,5,False,1000,1000
47913,173,unweighted,10,0.5549363057324841,0,18,None,66,1,5,False,1000,1000
47914,174,unweighted,10,0.5565286624203821,0,18,None,66,1,5,False,1000,1000
47915,170,unweighted,10,0.4812898089171974,0,19,None,66,1,5,False,1000,1000
47916,171,unweighted,10,0.486265923566879,0,19,None,66,1,5,False,1000,1000
47917,172,unweighted,10,0.4893511146496815,0,19,None,66,1,5,False,1000,1000
47918,173,unweighted,10,0.4928343949044586,0,19,None,66,1,5,False,1000,1000
47919,174,unweighted,10,0.4957205414012738,0,19,None,66,1,5,False,1000,1000
47920,170,unweighted,10,0.5279657643312102,0,13,None,66,1,5,False,1000,1000
47921,171,unweighted,10,0.5308519108280255,0,13,None,66,1,5,False,1000,1000
47922,172,unweighted,10,0.5319466560509554,0,13,None,66,1,5,False,1000,1000
47923,173,unweighted,10,0.5334394904458599,0,13,None,66,1,5,False,1000,1000
47924,174,unweighted,10,0.5351313694267515,0,13,None,66,1,5,False,1000,1000
47925,170,unweighted,10,0.5248805732484076,0,12,None,66,1,5,False,1000,1000
47926,171,unweighted,10,0.5254777070063694,0,12,None,66,1,5,False,1000,1000
47927,172,unweighted,10,0.5258757961783439,0,12,None,66,1,5,False,1000,1000
47928,173,unweighted,10,0.526671974522293,0,12,None,66,1,5,False,1000,1000
47929,174,unweighted,10,0.5271695859872612,0,12,None,66,1,5,False,1000,1000
47930,170,unweighted,10,0.4683519108280254,0,14,None,66,1,5,False,1000,1000
47931,171,unweighted,10,0.4786027070063694,0,14,None,66,1,5,False,1000,1000
47932,172,unweighted,10,0.4915406050955414,0,14,None,66,1,5,False,1000,1000
47933,173,unweighted,10,0.502687101910828,0,14,None,66,1,5,False,1000,1000
47934,174,unweighted,10,0.5108479299363057,0,14,None,66,1,5,False,1000,1000
47935,170,unweighted,10,0.5436902866242038,0,25,None,66,1,5,False,1000,1000
47936,171,unweighted,10,0.5444864649681529,0,25,None,66,1,5,False,1000,1000
47937,172,unweighted,10,0.5466759554140127,0,25,None,66,1,5,False,1000,1000
47938,173,unweighted,10,0.5482683121019108,0,25,None,66,1,5,False,1000,1000
47939,174,unweighted,10,0.5493630573248408,0,25,None,66,1,5,False,1000,1000
47940,170,unweighted,10,0.5575238853503185,0,23,None,66,1,5,False,1000,1000
47941,171,unweighted,10,0.5578224522292994,0,23,None,66,1,5,False,1000,1000
47942,172,unweighted,10,0.5586186305732485,0,23,None,66,1,5,False,1000,1000
47943,173,unweighted,10,0.5610071656050956,0,23,None,66,1,5,False,1000,1000
47944,174,unweighted,10,0.5626990445859873,0,23,None,66,1,5,False,1000,1000
47945,170,unweighted,10,0.5540406050955414,0,4,None,66,1,5,False,1000,1000
47946,171,unweighted,10,0.5539410828025477,0,4,None,66,1,5,False,1000,1000
47947,172,unweighted,10,0.5553343949044586,0,4,None,66,1,5,False,1000,1000
47948,173,unweighted,10,0.5570262738853503,0,4,None,66,1,5,False,1000,1000
47949,174,unweighted,10,0.5591162420382165,0,4,None,66,1,5,False,1000,1000
47950,170,unweighted,10,0.3606687898089172,0,31,None,66,1,5,False,1000,1000
47951,171,unweighted,10,0.3662420382165605,0,31,None,66,1,5,False,1000,1000
47952,172,unweighted,10,0.3705214968152866,0,31,None,66,1,5,False,1000,1000
47953,173,unweighted,10,0.3715167197452229,0,31,None,66,1,5,False,1000,1000
47954,174,unweighted,10,0.3730095541401274,0,31,None,66,1,5,False,1000,1000
47955,170,unweighted,10,0.515625,0,30,None,66,1,5,False,1000,1000
47956,171,unweighted,10,0.5166202229299363,0,30,None,66,1,5,False,1000,1000
47957,172,unweighted,10,0.518312101910828,0,30,None,66,1,5,False,1000,1000
47958,173,unweighted,10,0.5190087579617835,0,30,None,66,1,5,False,1000,1000
47959,174,unweighted,10,0.5187101910828026,0,30,None,66,1,5,False,1000,1000
47960,170,unweighted,10,0.5242834394904459,0,28,None,66,1,5,False,1000,1000
47961,171,unweighted,10,0.5243829617834395,0,28,None,66,1,5,False,1000,1000
47962,172,unweighted,10,0.5243829617834395,0,28,None,66,1,5,False,1000,1000
47963,173,unweighted,10,0.525577229299363,0,28,None,66,1,5,False,1000,1000
47964,174,unweighted,10,0.5258757961783439,0,28,None,66,1,5,False,1000,1000
47965,170,unweighted,10,0.5208001592356688,0,29,None,66,1,5,False,1000,1000
47966,171,unweighted,10,0.519406847133758,0,29,None,66,1,5,False,1000,1000
47967,172,unweighted,10,0.5204020700636943,0,29,None,66,1,5,False,1000,1000
47968,173,unweighted,10,0.5208001592356688,0,29,None,66,1,5,False,1000,1000
47969,174,unweighted,10,0.522093949044586,0,29,None,66,1,5,False,1000,1000
47970,170,unweighted,10,0.5388136942675159,0,9,None,66,1,5,False,1000,1000
47971,171,unweighted,10,0.5407046178343949,0,9,None,66,1,5,False,1000,1000
47972,172,unweighted,10,0.5416998407643312,0,9,None,66,1,5,False,1000,1000
47973,173,unweighted,10,0.5428941082802548,0,9,None,66,1,5,False,1000,1000
47974,174,unweighted,10,0.5444864649681529,0,9,None,66,1,5,False,1000,1000
47975,170,unweighted,10,0.5245820063694268,0,11,None,66,1,5,False,1000,1000
47976,171,unweighted,10,0.5257762738853503,0,11,None,66,1,5,False,1000,1000
47977,172,unweighted,10,0.5275676751592356,0,11,None,66,1,5,False,1000,1000
47978,173,unweighted,10,0.5294585987261147,0,11,None,66,1,5,False,1000,1000
47979,174,unweighted,10,0.5307523885350318,0,11,None,66,1,5,False,1000,1000
47980,170,unweighted,10,0.5756369426751592,0,3,None,66,1,5,False,1000,1000
47981,171,unweighted,10,0.5769307324840764,0,3,None,66,1,5,False,1000,1000
47982,172,unweighted,10,0.5784235668789809,0,3,None,66,1,5,False,1000,1000
47983,173,unweighted,10,0.5804140127388535,0,3,None,66,1,5,False,1000,1000
47984,174,unweighted,10,0.5820063694267515,0,3,None,66,1,5,False,1000,1000
47985,175,unweighted,10,0.556827229299363,0,26,None,66,1,5,False,1000,1000
47986,176,unweighted,10,0.5577229299363057,0,26,None,66,1,5,False,1000,1000
47987,177,unweighted,10,0.5588176751592356,0,26,None,66,1,5,False,1000,1000
47988,178,unweighted,10,0.5607085987261147,0,26,None,66,1,5,False,1000,1000
47989,179,unweighted,10,0.5623009554140127,0,26,None,66,1,5,False,1000,1000
47990,170,unweighted,10,0.4255573248407643,0,1,None,66,1,5,False,1000,1000
47991,171,unweighted,10,0.4328224522292994,0,1,None,66,1,5,False,1000,1000
47992,172,unweighted,10,0.4354100318471338,0,1,None,66,1,5,False,1000,1000
47993,173,unweighted,10,0.4392914012738853,0,1,None,66,1,5,False,1000,1000
47994,174,unweighted,10,0.4426751592356688,0,1,None,66,1,5,False,1000,1000
47995,170,unweighted,10,0.5477707006369427,0,0,None,66,1,5,False,1000,1000
47996,171,unweighted,10,0.5499601910828026,0,0,None,66,1,5,False,1000,1000
47997,172,unweighted,10,0.5505573248407644,0,0,None,66,1,5,False,1000,1000
47998,173,unweighted,10,0.552547770700637,0,0,None,66,1,5,False,1000,1000
47999,174,unweighted,10,0.5530453821656051,0,0,None,66,1,5,False,1000,1000
48000,170,unweighted,10,0.5322452229299363,0,21,None,66,1,5,False,1000,1000
48001,171,unweighted,10,0.533140923566879,0,21,None,66,1,5,False,1000,1000
48002,172,unweighted,10,0.5338375796178344,0,21,None,66,1,5,False,1000,1000
48003,173,unweighted,10,0.5348328025477707,0,21,None,66,1,5,False,1000,1000
48004,174,unweighted,10,0.5364251592356688,0,21,None,66,1,5,False,1000,1000
48005,170,unweighted,10,0.551453025477707,0,17,None,66,1,5,False,1000,1000
48006,171,unweighted,10,0.5527468152866242,0,17,None,66,1,5,False,1000,1000
48007,172,unweighted,10,0.5538415605095541,0,17,None,66,1,5,False,1000,1000
48008,173,unweighted,10,0.5551353503184714,0,17,None,66,1,5,False,1000,1000
48009,174,unweighted,10,0.5563296178343949,0,17,None,66,1,5,False,1000,1000
48010,170,unweighted,10,0.5122412420382165,0,24,None,66,1,5,False,1000,1000
48011,171,unweighted,10,0.5155254777070064,0,24,None,66,1,5,False,1000,1000
48012,172,unweighted,10,0.5176154458598726,0,24,None,66,1,5,False,1000,1000
48013,173,unweighted,10,0.519406847133758,0,24,None,66,1,5,False,1000,1000
48014,174,unweighted,10,0.522093949044586,0,24,None,66,1,5,False,1000,1000
48015,170,unweighted,10,0.5245820063694268,0,27,None,66,1,5,False,1000,1000
48016,171,unweighted,10,0.5265724522292994,0,27,None,66,1,5,False,1000,1000
48017,172,unweighted,10,0.5283638535031847,0,27,None,66,1,5,False,1000,1000
48018,173,unweighted,10,0.5305533439490446,0,27,None,66,1,5,False,1000,1000
48019,174,unweighted,10,0.5318471337579618,0,27,None,66,1,5,False,1000,1000
48020,175,unweighted,10,0.565187101910828,0,22,None,66,1,5,False,1000,1000
48021,176,unweighted,10,0.5682722929936306,0,22,None,66,1,5,False,1000,1000
48022,177,unweighted,10,0.5692675159235668,0,22,None,66,1,5,False,1000,1000
48023,178,unweighted,10,0.5701632165605095,0,22,None,66,1,5,False,1000,1000
48024,179,unweighted,10,0.5714570063694268,0,22,None,66,1,5,False,1000,1000
48025,175,unweighted,10,0.5692675159235668,0,32,None,66,1,5,False,1000,1000
48026,176,unweighted,10,0.5702627388535032,0,32,None,66,1,5,False,1000,1000
48027,177,unweighted,10,0.5717555732484076,0,32,None,66,1,5,False,1000,1000
48028,178,unweighted,10,0.5733479299363057,0,32,None,66,1,5,False,1000,1000
48029,179,unweighted,10,0.5757364649681529,0,32,None,66,1,5,False,1000,1000
48030,175,unweighted,10,0.5585191082802548,0,16,None,66,1,5,False,1000,1000
48031,176,unweighted,10,0.5597133757961783,0,16,None,66,1,5,False,1000,1000
48032,177,unweighted,10,0.5610071656050956,0,16,None,66,1,5,False,1000,1000
48033,178,unweighted,10,0.5625995222929936,0,16,None,66,1,5,False,1000,1000
48034,179,unweighted,10,0.5633957006369427,0,16,None,66,1,5,False,1000,1000
48035,175,unweighted,10,0.4966162420382166,0,19,None,66,1,5,False,1000,1000
48036,176,unweighted,10,0.4996019108280254,0,19,None,66,1,5,False,1000,1000
48037,177,unweighted,10,0.5011942675159236,0,19,None,66,1,5,False,1000,1000
48038,178,unweighted,10,0.502687101910828,0,19,None,66,1,5,False,1000,1000
48039,179,unweighted,10,0.5047770700636943,0,19,None,66,1,5,False,1000,1000
48040,175,unweighted,10,0.552547770700637,0,7,None,66,1,5,False,1000,1000
48041,176,unweighted,10,0.5528463375796179,0,7,None,66,1,5,False,1000,1000
48042,177,unweighted,10,0.5526472929936306,0,7,None,66,1,5,False,1000,1000
48043,178,unweighted,10,0.5537420382165605,0,7,None,66,1,5,False,1000,1000
48044,179,unweighted,10,0.5542396496815286,0,7,None,66,1,5,False,1000,1000
48045,175,unweighted,10,0.5455812101910829,0,15,None,66,1,5,False,1000,1000
48046,176,unweighted,10,0.5467754777070064,0,15,None,66,1,5,False,1000,1000
48047,177,unweighted,10,0.5485668789808917,0,15,None,66,1,5,False,1000,1000
48048,178,unweighted,10,0.5492635350318471,0,15,None,66,1,5,False,1000,1000
48049,179,unweighted,10,0.5500597133757962,0,15,None,66,1,5,False,1000,1000
48050,175,unweighted,10,0.5696656050955414,0,20,None,66,1,5,False,1000,1000
48051,176,unweighted,10,0.571656050955414,0,20,None,66,1,5,False,1000,1000
48052,177,unweighted,10,0.573546974522293,0,20,None,66,1,5,False,1000,1000
48053,178,unweighted,10,0.5756369426751592,0,20,None,66,1,5,False,1000,1000
48054,179,unweighted,10,0.5769307324840764,0,20,None,66,1,5,False,1000,1000
48055,175,unweighted,10,0.5311504777070064,0,12,None,66,1,5,False,1000,1000
48056,176,unweighted,10,0.5306528662420382,0,12,None,66,1,5,False,1000,1000
48057,177,unweighted,10,0.5313495222929936,0,12,None,66,1,5,False,1000,1000
48058,178,unweighted,10,0.5330414012738853,0,12,None,66,1,5,False,1000,1000
48059,179,unweighted,10,0.5337380573248408,0,12,None,66,1,5,False,1000,1000
48060,175,unweighted,10,0.5199044585987261,0,24,None,66,1,5,False,1000,1000
48061,176,unweighted,10,0.5225915605095541,0,24,None,66,1,5,False,1000,1000
48062,177,unweighted,10,0.5245820063694268,0,24,None,66,1,5,False,1000,1000
48063,178,unweighted,10,0.5261743630573248,0,24,None,66,1,5,False,1000,1000
48064,179,unweighted,10,0.5287619426751592,0,24,None,66,1,5,False,1000,1000
48065,175,unweighted,10,0.5201035031847133,0,30,None,66,1,5,False,1000,1000
48066,176,unweighted,10,0.5208996815286624,0,30,None,66,1,5,False,1000,1000
48067,177,unweighted,10,0.5218949044585988,0,30,None,66,1,5,False,1000,1000
48068,178,unweighted,10,0.5226910828025477,0,30,None,66,1,5,False,1000,1000
48069,179,unweighted,10,0.5236863057324841,0,30,None,66,1,5,False,1000,1000
48070,175,unweighted,10,0.5291600318471338,0,6,None,66,1,5,False,1000,1000
48071,176,unweighted,10,0.5299562101910829,0,6,None,66,1,5,False,1000,1000
48072,177,unweighted,10,0.5318471337579618,0,6,None,66,1,5,False,1000,1000
48073,178,unweighted,10,0.5327428343949044,0,6,None,66,1,5,False,1000,1000
48074,179,unweighted,10,0.5335390127388535,0,6,None,66,1,5,False,1000,1000
48075,175,unweighted,10,0.5624004777070064,0,18,None,66,1,5,False,1000,1000
48076,176,unweighted,10,0.56359474522293,0,18,None,66,1,5,False,1000,1000
48077,177,unweighted,10,0.5650875796178344,0,18,None,66,1,5,False,1000,1000
48078,178,unweighted,10,0.5661823248407644,0,18,None,66,1,5,False,1000,1000
48079,179,unweighted,10,0.5684713375796179,0,18,None,66,1,5,False,1000,1000
48080,175,unweighted,10,0.3569864649681528,0,31,None,66,1,5,False,1000,1000
48081,176,unweighted,10,0.3651472929936306,0,31,None,66,1,5,False,1000,1000
48082,177,unweighted,10,0.3698248407643312,0,31,None,66,1,5,False,1000,1000
48083,178,unweighted,10,0.3730095541401274,0,31,None,66,1,5,False,1000,1000
48084,179,unweighted,10,0.3753980891719745,0,31,None,66,1,5,False,1000,1000
48085,175,unweighted,10,0.428343949044586,0,1,None,66,1,5,False,1000,1000
48086,176,unweighted,10,0.4358081210191082,0,1,None,66,1,5,False,1000,1000
48087,177,unweighted,10,0.4414808917197452,0,1,None,66,1,5,False,1000,1000
48088,178,unweighted,10,0.4462579617834395,0,1,None,66,1,5,False,1000,1000
48089,179,unweighted,10,0.4496417197452229,0,1,None,66,1,5,False,1000,1000
48090,175,unweighted,10,0.5644904458598726,0,5,None,66,1,5,False,1000,1000
48091,176,unweighted,10,0.5667794585987261,0,5,None,66,1,5,False,1000,1000
48092,177,unweighted,10,0.5687699044585988,0,5,None,66,1,5,False,1000,1000
48093,178,unweighted,10,0.5715565286624203,0,5,None,66,1,5,False,1000,1000
48094,179,unweighted,10,0.5737460191082803,0,5,None,66,1,5,False,1000,1000
48095,175,unweighted,10,0.5624004777070064,0,4,None,66,1,5,False,1000,1000
48096,176,unweighted,10,0.5627985668789809,0,4,None,66,1,5,False,1000,1000
48097,177,unweighted,10,0.5638933121019108,0,4,None,66,1,5,False,1000,1000
48098,178,unweighted,10,0.566281847133758,0,4,None,66,1,5,False,1000,1000
48099,179,unweighted,10,0.5669785031847133,0,4,None,66,1,5,False,1000,1000
48100,175,unweighted,10,0.5633957006369427,0,8,None,66,1,5,False,1000,1000
48101,176,unweighted,10,0.5637937898089171,0,8,None,66,1,5,False,1000,1000
48102,177,unweighted,10,0.5648885350318471,0,8,None,66,1,5,False,1000,1000
48103,178,unweighted,10,0.566281847133758,0,8,None,66,1,5,False,1000,1000
48104,179,unweighted,10,0.5669785031847133,0,8,None,66,1,5,False,1000,1000
48105,175,unweighted,10,0.5351313694267515,0,13,None,66,1,5,False,1000,1000
48106,176,unweighted,10,0.5364251592356688,0,13,None,66,1,5,False,1000,1000
48107,177,unweighted,10,0.5386146496815286,0,13,None,66,1,5,False,1000,1000
48108,178,unweighted,10,0.5397093949044586,0,13,None,66,1,5,False,1000,1000
48109,179,unweighted,10,0.5406050955414012,0,13,None,66,1,5,False,1000,1000
48110,175,unweighted,10,0.5383160828025477,0,21,None,66,1,5,False,1000,1000
48111,176,unweighted,10,0.5399084394904459,0,21,None,66,1,5,False,1000,1000
48112,177,unweighted,10,0.5410031847133758,0,21,None,66,1,5,False,1000,1000
48113,178,unweighted,10,0.5415007961783439,0,21,None,66,1,5,False,1000,1000
48114,179,unweighted,10,0.5420979299363057,0,21,None,66,1,5,False,1000,1000
48115,175,unweighted,10,0.5613057324840764,0,23,None,66,1,5,False,1000,1000
48116,176,unweighted,10,0.5638933121019108,0,23,None,66,1,5,False,1000,1000
48117,177,unweighted,10,0.5652866242038217,0,23,None,66,1,5,False,1000,1000
48118,178,unweighted,10,0.5668789808917197,0,23,None,66,1,5,False,1000,1000
48119,179,unweighted,10,0.5695660828025477,0,23,None,66,1,5,False,1000,1000
48120,175,unweighted,10,0.5291600318471338,0,27,None,66,1,5,False,1000,1000
48121,176,unweighted,10,0.5320461783439491,0,27,None,66,1,5,False,1000,1000
48122,177,unweighted,10,0.5355294585987261,0,27,None,66,1,5,False,1000,1000
48123,178,unweighted,10,0.537718949044586,0,27,None,66,1,5,False,1000,1000
48124,179,unweighted,10,0.539609872611465,0,27,None,66,1,5,False,1000,1000
48125,175,unweighted,10,0.5275676751592356,0,28,None,66,1,5,False,1000,1000
48126,176,unweighted,10,0.5283638535031847,0,28,None,66,1,5,False,1000,1000
48127,177,unweighted,10,0.5290605095541401,0,28,None,66,1,5,False,1000,1000
48128,178,unweighted,10,0.5300557324840764,0,28,None,66,1,5,False,1000,1000
48129,179,unweighted,10,0.5310509554140127,0,28,None,66,1,5,False,1000,1000
48130,175,unweighted,10,0.5714570063694268,0,2,None,66,1,5,False,1000,1000
48131,176,unweighted,10,0.573546974522293,0,2,None,66,1,5,False,1000,1000
48132,177,unweighted,10,0.5744426751592356,0,2,None,66,1,5,False,1000,1000
48133,178,unweighted,10,0.5758359872611465,0,2,None,66,1,5,False,1000,1000
48134,179,unweighted,10,0.5771297770700637,0,2,None,66,1,5,False,1000,1000
48135,175,unweighted,10,0.5442874203821656,0,9,None,66,1,5,False,1000,1000
48136,176,unweighted,10,0.5451831210191083,0,9,None,66,1,5,False,1000,1000
48137,177,unweighted,10,0.5464769108280255,0,9,None,66,1,5,False,1000,1000
48138,178,unweighted,10,0.5477707006369427,0,9,None,66,1,5,False,1000,1000
48139,179,unweighted,10,0.5496616242038217,0,9,None,66,1,5,False,1000,1000
48140,175,unweighted,10,0.5001990445859873,0,14,None,66,1,5,False,1000,1000
48141,176,unweighted,10,0.511843152866242,0,14,None,66,1,5,False,1000,1000
48142,177,unweighted,10,0.5203025477707006,0,14,None,66,1,5,False,1000,1000
48143,178,unweighted,10,0.5270700636942676,0,14,None,66,1,5,False,1000,1000
48144,179,unweighted,10,0.5343351910828026,0,14,None,66,1,5,False,1000,1000
48145,175,unweighted,10,0.5526472929936306,0,25,None,66,1,5,False,1000,1000
48146,176,unweighted,10,0.552547770700637,0,25,None,66,1,5,False,1000,1000
48147,177,unweighted,10,0.5545382165605095,0,25,None,66,1,5,False,1000,1000
48148,178,unweighted,10,0.5572253184713376,0,25,None,66,1,5,False,1000,1000
48149,179,unweighted,10,0.5586186305732485,0,25,None,66,1,5,False,1000,1000
48150,175,unweighted,10,0.5231886942675159,0,29,None,66,1,5,False,1000,1000
48151,176,unweighted,10,0.5258757961783439,0,29,None,66,1,5,False,1000,1000
48152,177,unweighted,10,0.527468152866242,0,29,None,66,1,5,False,1000,1000
48153,178,unweighted,10,0.5290605095541401,0,29,None,66,1,5,False,1000,1000
48154,179,unweighted,10,0.5302547770700637,0,29,None,66,1,5,False,1000,1000
48155,175,unweighted,10,0.553343949044586,0,0,None,66,1,5,False,1000,1000
48156,176,unweighted,10,0.5546377388535032,0,0,None,66,1,5,False,1000,1000
48157,177,unweighted,10,0.5554339171974523,0,0,None,66,1,5,False,1000,1000
48158,178,unweighted,10,0.5561305732484076,0,0,None,66,1,5,False,1000,1000
48159,179,unweighted,10,0.5570262738853503,0,0,None,66,1,5,False,1000,1000
48160,175,unweighted,10,0.544187898089172,0,10,None,66,1,5,False,1000,1000
48161,176,unweighted,10,0.5448845541401274,0,10,None,66,1,5,False,1000,1000
48162,177,unweighted,10,0.5459792993630573,0,10,None,66,1,5,False,1000,1000
48163,178,unweighted,10,0.5474721337579618,0,10,None,66,1,5,False,1000,1000
48164,179,unweighted,10,0.5489649681528662,0,10,None,66,1,5,False,1000,1000
48165,175,unweighted,10,0.5849920382165605,0,3,None,66,1,5,False,1000,1000
48166,176,unweighted,10,0.5866839171974523,0,3,None,66,1,5,False,1000,1000
48167,177,unweighted,10,0.5885748407643312,0,3,None,66,1,5,False,1000,1000
48168,178,unweighted,10,0.5902667197452229,0,3,None,66,1,5,False,1000,1000
48169,179,unweighted,10,0.5920581210191083,0,3,None,66,1,5,False,1000,1000
48170,175,unweighted,10,0.5593152866242038,0,17,None,66,1,5,False,1000,1000
48171,176,unweighted,10,0.5595143312101911,0,17,None,66,1,5,False,1000,1000
48172,177,unweighted,10,0.560609076433121,0,17,None,66,1,5,False,1000,1000
48173,178,unweighted,10,0.5616042993630573,0,17,None,66,1,5,False,1000,1000
48174,179,unweighted,10,0.5621019108280255,0,17,None,66,1,5,False,1000,1000
48175,175,unweighted,10,0.5315485668789809,0,11,None,66,1,5,False,1000,1000
48176,176,unweighted,10,0.5332404458598726,0,11,None,66,1,5,False,1000,1000
48177,177,unweighted,10,0.5345342356687898,0,11,None,66,1,5,False,1000,1000
48178,178,unweighted,10,0.5357285031847133,0,11,None,66,1,5,False,1000,1000
48179,179,unweighted,10,0.5372213375796179,0,11,None,66,1,5,False,1000,1000
48840,180,unweighted,10,0.4358081210191082,0,1,None,66,1,5,False,1000,1000
48841,181,unweighted,10,0.4429737261146497,0,1,None,66,1,5,False,1000,1000
48842,182,unweighted,10,0.4483479299363057,0,1,None,66,1,5,False,1000,1000
48843,183,unweighted,10,0.4521297770700637,0,1,None,66,1,5,False,1000,1000
48844,184,unweighted,10,0.4562101910828025,0,1,None,66,1,5,False,1000,1000
48845,180,unweighted,10,0.5632961783439491,0,16,None,66,1,5,False,1000,1000
48846,181,unweighted,10,0.5647890127388535,0,16,None,66,1,5,False,1000,1000
48847,182,unweighted,10,0.5654856687898089,0,16,None,66,1,5,False,1000,1000
48848,183,unweighted,10,0.5679737261146497,0,16,None,66,1,5,False,1000,1000
48849,184,unweighted,10,0.568968949044586,0,16,None,66,1,5,False,1000,1000
48850,180,unweighted,10,0.5686703821656051,0,8,None,66,1,5,False,1000,1000
48851,181,unweighted,10,0.569765127388535,0,8,None,66,1,5,False,1000,1000
48852,182,unweighted,10,0.5711584394904459,0,8,None,66,1,5,False,1000,1000
48853,183,unweighted,10,0.5729498407643312,0,8,None,66,1,5,False,1000,1000
48854,184,unweighted,10,0.5741441082802548,0,8,None,66,1,5,False,1000,1000
48855,180,unweighted,10,0.5049761146496815,0,19,None,66,1,5,False,1000,1000
48856,181,unweighted,10,0.5066679936305732,0,19,None,66,1,5,False,1000,1000
48857,182,unweighted,10,0.5078622611464968,0,19,None,66,1,5,False,1000,1000
48858,183,unweighted,10,0.5088574840764332,0,19,None,66,1,5,False,1000,1000
48859,184,unweighted,10,0.5102507961783439,0,19,None,66,1,5,False,1000,1000
48860,180,unweighted,10,0.5710589171974523,0,23,None,66,1,5,False,1000,1000
48861,181,unweighted,10,0.572452229299363,0,23,None,66,1,5,False,1000,1000
48862,182,unweighted,10,0.5746417197452229,0,23,None,66,1,5,False,1000,1000
48863,183,unweighted,10,0.5782245222929936,0,23,None,66,1,5,False,1000,1000
48864,184,unweighted,10,0.57921974522293,0,23,None,66,1,5,False,1000,1000
48865,180,unweighted,10,0.5586186305732485,0,25,None,66,1,5,False,1000,1000
48866,181,unweighted,10,0.5618033439490446,0,25,None,66,1,5,False,1000,1000
48867,182,unweighted,10,0.5642914012738853,0,25,None,66,1,5,False,1000,1000
48868,183,unweighted,10,0.5653861464968153,0,25,None,66,1,5,False,1000,1000
48869,184,unweighted,10,0.5672770700636943,0,25,None,66,1,5,False,1000,1000
48870,180,unweighted,10,0.544187898089172,0,21,None,66,1,5,False,1000,1000
48871,181,unweighted,10,0.5451831210191083,0,21,None,66,1,5,False,1000,1000
48872,182,unweighted,10,0.5470740445859873,0,21,None,66,1,5,False,1000,1000
48873,183,unweighted,10,0.5480692675159236,0,21,None,66,1,5,False,1000,1000
48874,184,unweighted,10,0.5503582802547771,0,21,None,66,1,5,False,1000,1000
48875,180,unweighted,10,0.5634952229299363,0,26,None,66,1,5,False,1000,1000
48876,181,unweighted,10,0.5644904458598726,0,26,None,66,1,5,False,1000,1000
48877,182,unweighted,10,0.5660828025477707,0,26,None,66,1,5,False,1000,1000
48878,183,unweighted,10,0.5669785031847133,0,26,None,66,1,5,False,1000,1000
48879,184,unweighted,10,0.5682722929936306,0,26,None,66,1,5,False,1000,1000
48880,180,unweighted,10,0.5258757961783439,0,24,None,66,1,5,False,1000,1000
48881,181,unweighted,10,0.5283638535031847,0,24,None,66,1,5,False,1000,1000
48882,182,unweighted,10,0.5307523885350318,0,24,None,66,1,5,False,1000,1000
48883,183,unweighted,10,0.5318471337579618,0,24,None,66,1,5,False,1000,1000
48884,184,unweighted,10,0.5335390127388535,0,24,None,66,1,5,False,1000,1000
48885,180,unweighted,10,0.5313495222929936,0,29,None,66,1,5,False,1000,1000
48886,181,unweighted,10,0.5328423566878981,0,29,None,66,1,5,False,1000,1000
48887,182,unweighted,10,0.5344347133757962,0,29,None,66,1,5,False,1000,1000
48888,183,unweighted,10,0.535828025477707,0,29,None,66,1,5,False,1000,1000
48889,184,unweighted,10,0.5370222929936306,0,29,None,66,1,5,False,1000,1000
48890,180,unweighted,10,0.5246815286624203,0,30,None,66,1,5,False,1000,1000
48891,181,unweighted,10,0.5254777070063694,0,30,None,66,1,5,False,1000,1000
48892,182,unweighted,10,0.5263734076433121,0,30,None,66,1,5,False,1000,1000
48893,183,unweighted,10,0.5275676751592356,0,30,None,66,1,5,False,1000,1000
48894,184,unweighted,10,0.528562898089172,0,30,None,66,1,5,False,1000,1000
48895,180,unweighted,10,0.3542993630573248,0,31,None,66,1,5,False,1000,1000
48896,181,unweighted,10,0.3640525477707006,0,31,None,66,1,5,False,1000,1000
48897,182,unweighted,10,0.3700238853503185,0,31,None,66,1,5,False,1000,1000
48898,183,unweighted,10,0.373109076433121,0,31,None,66,1,5,False,1000,1000
48899,184,unweighted,10,0.3774880573248407,0,31,None,66,1,5,False,1000,1000
48900,180,unweighted,10,0.5388136942675159,0,27,None,66,1,5,False,1000,1000
48901,181,unweighted,10,0.541202229299363,0,27,None,66,1,5,False,1000,1000
48902,182,unweighted,10,0.5432921974522293,0,27,None,66,1,5,False,1000,1000
48903,183,unweighted,10,0.54578025477707,0,27,None,66,1,5,False,1000,1000
48904,184,unweighted,10,0.5473726114649682,0,27,None,66,1,5,False,1000,1000
48905,180,unweighted,10,0.5769307324840764,0,32,None,66,1,5,False,1000,1000
48906,181,unweighted,10,0.5793192675159236,0,32,None,66,1,5,False,1000,1000
48907,182,unweighted,10,0.5805135350318471,0,32,None,66,1,5,False,1000,1000
48908,183,unweighted,10,0.5818073248407644,0,32,None,66,1,5,False,1000,1000
48909,184,unweighted,10,0.5843949044585988,0,32,None,66,1,5,False,1000,1000
48910,180,unweighted,10,0.5257762738853503,0,14,None,66,1,5,False,1000,1000
48911,181,unweighted,10,0.5343351910828026,0,14,None,66,1,5,False,1000,1000
48912,182,unweighted,10,0.5394108280254777,0,14,None,66,1,5,False,1000,1000
48913,183,unweighted,10,0.5451831210191083,0,14,None,66,1,5,False,1000,1000
48914,184,unweighted,10,0.550656847133758,0,14,None,66,1,5,False,1000,1000
48915,180,unweighted,10,0.5728503184713376,0,22,None,66,1,5,False,1000,1000
48916,181,unweighted,10,0.5740445859872612,0,22,None,66,1,5,False,1000,1000
48917,182,unweighted,10,0.5752388535031847,0,22,None,66,1,5,False,1000,1000
48918,183,unweighted,10,0.5767316878980892,0,22,None,66,1,5,False,1000,1000
48919,184,unweighted,10,0.5779259554140127,0,22,None,66,1,5,False,1000,1000
48920,180,unweighted,10,0.5338375796178344,0,6,None,66,1,5,False,1000,1000
48921,181,unweighted,10,0.5348328025477707,0,6,None,66,1,5,False,1000,1000
48922,182,unweighted,10,0.5355294585987261,0,6,None,66,1,5,False,1000,1000
48923,183,unweighted,10,0.5361265923566879,0,6,None,66,1,5,False,1000,1000
48924,184,unweighted,10,0.5376194267515924,0,6,None,66,1,5,False,1000,1000
48925,180,unweighted,10,0.5725517515923567,0,5,None,66,1,5,False,1000,1000
48926,181,unweighted,10,0.5739450636942676,0,5,None,66,1,5,False,1000,1000
48927,182,unweighted,10,0.5760350318471338,0,5,None,66,1,5,False,1000,1000
48928,183,unweighted,10,0.5784235668789809,0,5,None,66,1,5,False,1000,1000
48929,184,unweighted,10,0.580015923566879,0,5,None,66,1,5,False,1000,1000
48930,180,unweighted,10,0.5693670382165605,0,4,None,66,1,5,False,1000,1000
48931,181,unweighted,10,0.5699641719745223,0,4,None,66,1,5,False,1000,1000
48932,182,unweighted,10,0.5717555732484076,0,4,None,66,1,5,False,1000,1000
48933,183,unweighted,10,0.5721536624203821,0,4,None,66,1,5,False,1000,1000
48934,184,unweighted,10,0.5732484076433121,0,4,None,66,1,5,False,1000,1000
48935,180,unweighted,10,0.5497611464968153,0,9,None,66,1,5,False,1000,1000
48936,181,unweighted,10,0.5512539808917197,0,9,None,66,1,5,False,1000,1000
48937,182,unweighted,10,0.553343949044586,0,9,None,66,1,5,False,1000,1000
48938,183,unweighted,10,0.5546377388535032,0,9,None,66,1,5,False,1000,1000
48939,184,unweighted,10,0.5556329617834395,0,9,None,66,1,5,False,1000,1000
48940,180,unweighted,10,0.5581210191082803,0,7,None,66,1,5,False,1000,1000
48941,181,unweighted,10,0.5582205414012739,0,7,None,66,1,5,False,1000,1000
48942,182,unweighted,10,0.5590167197452229,0,7,None,66,1,5,False,1000,1000
48943,183,unweighted,10,0.5595143312101911,0,7,None,66,1,5,False,1000,1000
48944,184,unweighted,10,0.56140525477707,0,7,None,66,1,5,False,1000,1000
48945,180,unweighted,10,0.5521496815286624,0,10,None,66,1,5,False,1000,1000
48946,181,unweighted,10,0.552547770700637,0,10,None,66,1,5,False,1000,1000
48947,182,unweighted,10,0.5531449044585988,0,10,None,66,1,5,False,1000,1000
48948,183,unweighted,10,0.554140127388535,0,10,None,66,1,5,False,1000,1000
48949,184,unweighted,10,0.5545382165605095,0,10,None,66,1,5,False,1000,1000
48950,180,unweighted,10,0.5529458598726115,0,15,None,66,1,5,False,1000,1000
48951,181,unweighted,10,0.5539410828025477,0,15,None,66,1,5,False,1000,1000
48952,182,unweighted,10,0.5548367834394905,0,15,None,66,1,5,False,1000,1000
48953,183,unweighted,10,0.5569267515923567,0,15,None,66,1,5,False,1000,1000
48954,184,unweighted,10,0.5576234076433121,0,15,None,66,1,5,False,1000,1000
48955,180,unweighted,10,0.5381170382165605,0,11,None,66,1,5,False,1000,1000
48956,181,unweighted,10,0.5389132165605095,0,11,None,66,1,5,False,1000,1000
48957,182,unweighted,10,0.5401074840764332,0,11,None,66,1,5,False,1000,1000
48958,183,unweighted,10,0.5418988853503185,0,11,None,66,1,5,False,1000,1000
48959,184,unweighted,10,0.5434912420382165,0,11,None,66,1,5,False,1000,1000
48960,180,unweighted,10,0.5656847133757962,0,17,None,66,1,5,False,1000,1000
48961,181,unweighted,10,0.5654856687898089,0,17,None,66,1,5,False,1000,1000
48962,182,unweighted,10,0.5673765923566879,0,17,None,66,1,5,False,1000,1000
48963,183,unweighted,10,0.5683718152866242,0,17,None,66,1,5,False,1000,1000
48964,184,unweighted,10,0.5694665605095541,0,17,None,66,1,5,False,1000,1000
48965,180,unweighted,10,0.576234076433121,0,20,None,66,1,5,False,1000,1000
48966,181,unweighted,10,0.578125,0,20,None,66,1,5,False,1000,1000
48967,182,unweighted,10,0.5805135350318471,0,20,None,66,1,5,False,1000,1000
48968,183,unweighted,10,0.581906847133758,0,20,None,66,1,5,False,1000,1000
48969,184,unweighted,10,0.5841958598726115,0,20,None,66,1,5,False,1000,1000
48970,180,unweighted,10,0.5335390127388535,0,28,None,66,1,5,False,1000,1000
48971,181,unweighted,10,0.5345342356687898,0,28,None,66,1,5,False,1000,1000
48972,182,unweighted,10,0.535031847133758,0,28,None,66,1,5,False,1000,1000
48973,183,unweighted,10,0.5355294585987261,0,28,None,66,1,5,False,1000,1000
48974,184,unweighted,10,0.5357285031847133,0,28,None,66,1,5,False,1000,1000
48975,180,unweighted,10,0.5728503184713376,0,18,None,66,1,5,False,1000,1000
48976,181,unweighted,10,0.5742436305732485,0,18,None,66,1,5,False,1000,1000
48977,182,unweighted,10,0.5744426751592356,0,18,None,66,1,5,False,1000,1000
48978,183,unweighted,10,0.5763335987261147,0,18,None,66,1,5,False,1000,1000
48979,184,unweighted,10,0.5766321656050956,0,18,None,66,1,5,False,1000,1000
48980,180,unweighted,10,0.5782245222929936,0,2,None,66,1,5,False,1000,1000
48981,181,unweighted,10,0.5787221337579618,0,2,None,66,1,5,False,1000,1000
48982,182,unweighted,10,0.5796178343949044,0,2,None,66,1,5,False,1000,1000
48983,183,unweighted,10,0.5823049363057324,0,2,None,66,1,5,False,1000,1000
48984,184,unweighted,10,0.5834992038216561,0,2,None,66,1,5,False,1000,1000
48985,180,unweighted,10,0.5934514331210191,0,3,None,66,1,5,False,1000,1000
48986,181,unweighted,10,0.595640923566879,0,3,None,66,1,5,False,1000,1000
48987,182,unweighted,10,0.5970342356687898,0,3,None,66,1,5,False,1000,1000
48988,183,unweighted,10,0.5987261146496815,0,3,None,66,1,5,False,1000,1000
48989,184,unweighted,10,0.6003184713375797,0,3,None,66,1,5,False,1000,1000
48990,180,unweighted,10,0.5591162420382165,0,0,None,66,1,5,False,1000,1000
48991,181,unweighted,10,0.559812898089172,0,0,None,66,1,5,False,1000,1000
48992,182,unweighted,10,0.5608081210191083,0,0,None,66,1,5,False,1000,1000
48993,183,unweighted,10,0.5617038216560509,0,0,None,66,1,5,False,1000,1000
48994,184,unweighted,10,0.5625,0,0,None,66,1,5,False,1000,1000
48995,180,unweighted,10,0.5392117834394905,0,12,None,66,1,5,False,1000,1000
48996,181,unweighted,10,0.5387141719745223,0,12,None,66,1,5,False,1000,1000
48997,182,unweighted,10,0.5391122611464968,0,12,None,66,1,5,False,1000,1000
48998,183,unweighted,10,0.5398089171974523,0,12,None,66,1,5,False,1000,1000
48999,184,unweighted,10,0.5408041401273885,0,12,None,66,1,5,False,1000,1000
49000,180,unweighted,10,0.540406050955414,0,13,None,66,1,5,False,1000,1000
49001,181,unweighted,10,0.542296974522293,0,13,None,66,1,5,False,1000,1000
49002,182,unweighted,10,0.5432921974522293,0,13,None,66,1,5,False,1000,1000
49003,183,unweighted,10,0.5445859872611465,0,13,None,66,1,5,False,1000,1000
49004,184,unweighted,10,0.54578025477707,0,13,None,66,1,5,False,1000,1000
49005,185,unweighted,10,0.5858877388535032,0,32,None,66,1,5,False,1000,1000
49006,186,unweighted,10,0.5866839171974523,0,32,None,66,1,5,False,1000,1000
49007,187,unweighted,10,0.5879777070063694,0,32,None,66,1,5,False,1000,1000
49008,188,unweighted,10,0.5885748407643312,0,32,None,66,1,5,False,1000,1000
49009,189,unweighted,10,0.5894705414012739,0,32,None,66,1,5,False,1000,1000
49010,185,unweighted,10,0.5786226114649682,0,22,None,66,1,5,False,1000,1000
49011,186,unweighted,10,0.5799164012738853,0,22,None,66,1,5,False,1000,1000
49012,187,unweighted,10,0.5816082802547771,0,22,None,66,1,5,False,1000,1000
49013,188,unweighted,10,0.5815087579617835,0,22,None,66,1,5,False,1000,1000
49014,189,unweighted,10,0.5833001592356688,0,22,None,66,1,5,False,1000,1000
49015,185,unweighted,10,0.5701632165605095,0,16,None,66,1,5,False,1000,1000
49016,186,unweighted,10,0.5709593949044586,0,16,None,66,1,5,False,1000,1000
49017,187,unweighted,10,0.5727507961783439,0,16,None,66,1,5,False,1000,1000
49018,188,unweighted,10,0.573546974522293,0,16,None,66,1,5,False,1000,1000
49019,189,unweighted,10,0.5741441082802548,0,16,None,66,1,5,False,1000,1000
49020,185,unweighted,10,0.5098527070063694,0,19,None,66,1,5,False,1000,1000
49021,186,unweighted,10,0.5117436305732485,0,19,None,66,1,5,False,1000,1000
49022,187,unweighted,10,0.5124402866242038,0,19,None,66,1,5,False,1000,1000
49023,188,unweighted,10,0.5135350318471338,0,19,None,66,1,5,False,1000,1000
49024,189,unweighted,10,0.5146297770700637,0,19,None,66,1,5,False,1000,1000
49025,185,unweighted,10,0.5321457006369427,0,24,None,66,1,5,False,1000,1000
49026,186,unweighted,10,0.5341361464968153,0,24,None,66,1,5,False,1000,1000
49027,187,unweighted,10,0.5359275477707006,0,24,None,66,1,5,False,1000,1000
49028,188,unweighted,10,0.5373208598726115,0,24,None,66,1,5,False,1000,1000
49029,189,unweighted,10,0.5395103503184714,0,24,None,66,1,5,False,1000,1000
49030,185,unweighted,10,0.3542993630573248,0,31,None,66,1,5,False,1000,1000
49031,186,unweighted,10,0.3655453821656051,0,31,None,66,1,5,False,1000,1000
49032,187,unweighted,10,0.3719148089171974,0,31,None,66,1,5,False,1000,1000
49033,188,unweighted,10,0.3774880573248407,0,31,None,66,1,5,False,1000,1000
49034,189,unweighted,10,0.3818670382165605,0,31,None,66,1,5,False,1000,1000
49035,185,unweighted,10,0.5676751592356688,0,25,None,66,1,5,False,1000,1000
49036,186,unweighted,10,0.5695660828025477,0,25,None,66,1,5,False,1000,1000
49037,187,unweighted,10,0.5719546178343949,0,25,None,66,1,5,False,1000,1000
49038,188,unweighted,10,0.5738455414012739,0,25,None,66,1,5,False,1000,1000
49039,189,unweighted,10,0.576234076433121,0,25,None,66,1,5,False,1000,1000
49040,185,unweighted,10,0.4433718152866242,0,1,None,66,1,5,False,1000,1000
49041,186,unweighted,10,0.4513335987261146,0,1,None,66,1,5,False,1000,1000
49042,187,unweighted,10,0.4572054140127388,0,1,None,66,1,5,False,1000,1000
49043,188,unweighted,10,0.4609872611464968,0,1,None,66,1,5,False,1000,1000
49044,189,unweighted,10,0.4637738853503185,0,1,None,66,1,5,False,1000,1000
49045,185,unweighted,10,0.5739450636942676,0,8,None,66,1,5,False,1000,1000
49046,186,unweighted,10,0.5767316878980892,0,8,None,66,1,5,False,1000,1000
49047,187,unweighted,10,0.5778264331210191,0,8,None,66,1,5,False,1000,1000
49048,188,unweighted,10,0.5789211783439491,0,8,None,66,1,5,False,1000,1000
49049,189,unweighted,10,0.580015923566879,0,8,None,66,1,5,False,1000,1000
49050,185,unweighted,10,0.5471735668789809,0,13,None,66,1,5,False,1000,1000
49051,186,unweighted,10,0.5483678343949044,0,13,None,66,1,5,False,1000,1000
49052,187,unweighted,10,0.5491640127388535,0,13,None,66,1,5,False,1000,1000
49053,188,unweighted,10,0.5501592356687898,0,13,None,66,1,5,False,1000,1000
49054,189,unweighted,10,0.5517515923566879,0,13,None,66,1,5,False,1000,1000
49055,185,unweighted,10,0.5516520700636943,0,21,None,66,1,5,False,1000,1000
49056,186,unweighted,10,0.5531449044585988,0,21,None,66,1,5,False,1000,1000
49057,187,unweighted,10,0.5542396496815286,0,21,None,66,1,5,False,1000,1000
49058,188,unweighted,10,0.5555334394904459,0,21,None,66,1,5,False,1000,1000
49059,189,unweighted,10,0.5571257961783439,0,21,None,66,1,5,False,1000,1000
49060,185,unweighted,10,0.5774283439490446,0,23,None,66,1,5,False,1000,1000
49061,186,unweighted,10,0.5809116242038217,0,23,None,66,1,5,False,1000,1000
49062,187,unweighted,10,0.5834992038216561,0,23,None,66,1,5,False,1000,1000
49063,188,unweighted,10,0.5851910828025477,0,23,None,66,1,5,False,1000,1000
49064,189,unweighted,10,0.5875796178343949,0,23,None,66,1,5,False,1000,1000
49065,185,unweighted,10,0.5472730891719745,0,27,None,66,1,5,False,1000,1000
49066,186,unweighted,10,0.5497611464968153,0,27,None,66,1,5,False,1000,1000
49067,187,unweighted,10,0.552547770700637,0,27,None,66,1,5,False,1000,1000
49068,188,unweighted,10,0.5554339171974523,0,27,None,66,1,5,False,1000,1000
49069,189,unweighted,10,0.5575238853503185,0,27,None,66,1,5,False,1000,1000
49070,185,unweighted,10,0.5381170382165605,0,29,None,66,1,5,False,1000,1000
49071,186,unweighted,10,0.5398089171974523,0,29,None,66,1,5,False,1000,1000
49072,187,unweighted,10,0.5402070063694268,0,29,None,66,1,5,False,1000,1000
49073,188,unweighted,10,0.5424960191082803,0,29,None,66,1,5,False,1000,1000
49074,189,unweighted,10,0.5439888535031847,0,29,None,66,1,5,False,1000,1000
49075,185,unweighted,10,0.5857882165605095,0,2,None,66,1,5,False,1000,1000
49076,186,unweighted,10,0.5870820063694268,0,2,None,66,1,5,False,1000,1000
49077,187,unweighted,10,0.5881767515923567,0,2,None,66,1,5,False,1000,1000
49078,188,unweighted,10,0.5886743630573248,0,2,None,66,1,5,False,1000,1000
49079,189,unweighted,10,0.5897691082802548,0,2,None,66,1,5,False,1000,1000
49080,185,unweighted,10,0.5637937898089171,0,0,None,66,1,5,False,1000,1000
49081,186,unweighted,10,0.5640923566878981,0,0,None,66,1,5,False,1000,1000
49082,187,unweighted,10,0.5648885350318471,0,0,None,66,1,5,False,1000,1000
49083,188,unweighted,10,0.566281847133758,0,0,None,66,1,5,False,1000,1000
49084,189,unweighted,10,0.5666799363057324,0,0,None,66,1,5,False,1000,1000
49085,185,unweighted,10,0.5547372611464968,0,9,None,66,1,5,False,1000,1000
49086,186,unweighted,10,0.5566281847133758,0,9,None,66,1,5,False,1000,1000
49087,187,unweighted,10,0.5582205414012739,0,9,None,66,1,5,False,1000,1000
49088,188,unweighted,10,0.5609076433121019,0,9,None,66,1,5,False,1000,1000
49089,189,unweighted,10,0.5629976114649682,0,9,None,66,1,5,False,1000,1000
49090,185,unweighted,10,0.5562300955414012,0,10,None,66,1,5,False,1000,1000
49091,186,unweighted,10,0.5570262738853503,0,10,None,66,1,5,False,1000,1000
49092,187,unweighted,10,0.5581210191082803,0,10,None,66,1,5,False,1000,1000
49093,188,unweighted,10,0.5601114649681529,0,10,None,66,1,5,False,1000,1000
49094,189,unweighted,10,0.560609076433121,0,10,None,66,1,5,False,1000,1000
49095,185,unweighted,10,0.5448845541401274,0,11,None,66,1,5,False,1000,1000
49096,186,unweighted,10,0.5459792993630573,0,11,None,66,1,5,False,1000,1000
49097,187,unweighted,10,0.5476711783439491,0,11,None,66,1,5,False,1000,1000
49098,188,unweighted,10,0.5485668789808917,0,11,None,66,1,5,False,1000,1000
49099,189,unweighted,10,0.5492635350318471,0,11,None,66,1,5,False,1000,1000
49100,185,unweighted,10,0.5595143312101911,0,15,None,66,1,5,False,1000,1000
49101,186,unweighted,10,0.5599124203821656,0,15,None,66,1,5,False,1000,1000
49102,187,unweighted,10,0.5607085987261147,0,15,None,66,1,5,False,1000,1000
49103,188,unweighted,10,0.5624004777070064,0,15,None,66,1,5,False,1000,1000
49104,189,unweighted,10,0.5644904458598726,0,15,None,66,1,5,False,1000,1000
49105,185,unweighted,10,0.5715565286624203,0,17,None,66,1,5,False,1000,1000
49106,186,unweighted,10,0.5728503184713376,0,17,None,66,1,5,False,1000,1000
49107,187,unweighted,10,0.5736464968152867,0,17,None,66,1,5,False,1000,1000
49108,188,unweighted,10,0.5746417197452229,0,17,None,66,1,5,False,1000,1000
49109,189,unweighted,10,0.5755374203821656,0,17,None,66,1,5,False,1000,1000
49110,185,unweighted,10,0.6003184713375797,0,3,None,66,1,5,False,1000,1000
49111,186,unweighted,10,0.6026074840764332,0,3,None,66,1,5,False,1000,1000
49112,187,unweighted,10,0.6041998407643312,0,3,None,66,1,5,False,1000,1000
49113,188,unweighted,10,0.605593152866242,0,3,None,66,1,5,False,1000,1000
49114,189,unweighted,10,0.6070859872611465,0,3,None,66,1,5,False,1000,1000
49115,185,unweighted,10,0.5815087579617835,0,18,None,66,1,5,False,1000,1000
49116,186,unweighted,10,0.5825039808917197,0,18,None,66,1,5,False,1000,1000
49117,187,unweighted,10,0.5833996815286624,0,18,None,66,1,5,False,1000,1000
49118,188,unweighted,10,0.5844944267515924,0,18,None,66,1,5,False,1000,1000
49119,189,unweighted,10,0.5858877388535032,0,18,None,66,1,5,False,1000,1000
49120,185,unweighted,10,0.585390127388535,0,20,None,66,1,5,False,1000,1000
49121,186,unweighted,10,0.5862858280254777,0,20,None,66,1,5,False,1000,1000
49122,187,unweighted,10,0.5871815286624203,0,20,None,66,1,5,False,1000,1000
49123,188,unweighted,10,0.5893710191082803,0,20,None,66,1,5,False,1000,1000
49124,189,unweighted,10,0.5905652866242038,0,20,None,66,1,5,False,1000,1000
49125,185,unweighted,10,0.5402070063694268,0,28,None,66,1,5,False,1000,1000
49126,186,unweighted,10,0.5406050955414012,0,28,None,66,1,5,False,1000,1000
49127,187,unweighted,10,0.541202229299363,0,28,None,66,1,5,False,1000,1000
49128,188,unweighted,10,0.542296974522293,0,28,None,66,1,5,False,1000,1000
49129,189,unweighted,10,0.5432921974522293,0,28,None,66,1,5,False,1000,1000
49130,185,unweighted,10,0.5793192675159236,0,5,None,66,1,5,False,1000,1000
49131,186,unweighted,10,0.5806130573248408,0,5,None,66,1,5,False,1000,1000
49132,187,unweighted,10,0.5824044585987261,0,5,None,66,1,5,False,1000,1000
49133,188,unweighted,10,0.5833996815286624,0,5,None,66,1,5,False,1000,1000
49134,189,unweighted,10,0.5838972929936306,0,5,None,66,1,5,False,1000,1000
49135,185,unweighted,10,0.5388136942675159,0,6,None,66,1,5,False,1000,1000
49136,186,unweighted,10,0.5392117834394905,0,6,None,66,1,5,False,1000,1000
49137,187,unweighted,10,0.5397093949044586,0,6,None,66,1,5,False,1000,1000
49138,188,unweighted,10,0.5408041401273885,0,6,None,66,1,5,False,1000,1000
49139,189,unweighted,10,0.5418988853503185,0,6,None,66,1,5,False,1000,1000
49140,185,unweighted,10,0.5771297770700637,0,4,None,66,1,5,False,1000,1000
49141,186,unweighted,10,0.5775278662420382,0,4,None,66,1,5,False,1000,1000
49142,187,unweighted,10,0.5783240445859873,0,4,None,66,1,5,False,1000,1000
49143,188,unweighted,10,0.5796178343949044,0,4,None,66,1,5,False,1000,1000
49144,189,unweighted,10,0.5805135350318471,0,4,None,66,1,5,False,1000,1000
49145,185,unweighted,10,0.5650875796178344,0,7,None,66,1,5,False,1000,1000
49146,186,unweighted,10,0.5649880573248408,0,7,None,66,1,5,False,1000,1000
49147,187,unweighted,10,0.5664808917197452,0,7,None,66,1,5,False,1000,1000
49148,188,unweighted,10,0.5684713375796179,0,7,None,66,1,5,False,1000,1000
49149,189,unweighted,10,0.5700636942675159,0,7,None,66,1,5,False,1000,1000
49150,185,unweighted,10,0.5418988853503185,0,14,None,66,1,5,False,1000,1000
49151,186,unweighted,10,0.5478702229299363,0,14,None,66,1,5,False,1000,1000
49152,187,unweighted,10,0.5523487261146497,0,14,None,66,1,5,False,1000,1000
49153,188,unweighted,10,0.5584195859872612,0,14,None,66,1,5,False,1000,1000
49154,189,unweighted,10,0.5624004777070064,0,14,None,66,1,5,False,1000,1000
49155,185,unweighted,10,0.54578025477707,0,12,None,66,1,5,False,1000,1000
49156,186,unweighted,10,0.5446855095541401,0,12,None,66,1,5,False,1000,1000
49157,187,unweighted,10,0.544187898089172,0,12,None,66,1,5,False,1000,1000
49158,188,unweighted,10,0.5447850318471338,0,12,None,66,1,5,False,1000,1000
49159,189,unweighted,10,0.5461783439490446,0,12,None,66,1,5,False,1000,1000
49160,185,unweighted,10,0.5703622611464968,0,26,None,66,1,5,False,1000,1000
49161,186,unweighted,10,0.5707603503184714,0,26,None,66,1,5,False,1000,1000
49162,187,unweighted,10,0.571656050955414,0,26,None,66,1,5,False,1000,1000
49163,188,unweighted,10,0.5729498407643312,0,26,None,66,1,5,False,1000,1000
49164,189,unweighted,10,0.5741441082802548,0,26,None,66,1,5,False,1000,1000
49165,185,unweighted,10,0.5294585987261147,0,30,None,66,1,5,False,1000,1000
49166,186,unweighted,10,0.5306528662420382,0,30,None,66,1,5,False,1000,1000
49167,187,unweighted,10,0.5313495222929936,0,30,None,66,1,5,False,1000,1000
49168,188,unweighted,10,0.53234474522293,0,30,None,66,1,5,False,1000,1000
49169,189,unweighted,10,0.5343351910828026,0,30,None,66,1,5,False,1000,1000
49170,190,unweighted,10,0.5779259554140127,0,26,None,66,1,5,False,1000,1000
49171,191,unweighted,10,0.5791202229299363,0,26,None,66,1,5,False,1000,1000
49172,192,unweighted,10,0.5811106687898089,0,26,None,66,1,5,False,1000,1000
49173,193,unweighted,10,0.5823049363057324,0,26,None,66,1,5,False,1000,1000
49174,194,unweighted,10,0.5838972929936306,0,26,None,66,1,5,False,1000,1000
49175,190,unweighted,10,0.5581210191082803,0,21,None,66,1,5,False,1000,1000
49176,191,unweighted,10,0.5596138535031847,0,21,None,66,1,5,False,1000,1000
49177,192,unweighted,10,0.5613057324840764,0,21,None,66,1,5,False,1000,1000
49178,193,unweighted,10,0.5626990445859873,0,21,None,66,1,5,False,1000,1000
49179,194,unweighted,10,0.5634952229299363,0,21,None,66,1,5,False,1000,1000
49180,190,unweighted,10,0.5933519108280255,0,2,None,66,1,5,False,1000,1000
49181,191,unweighted,10,0.59375,0,2,None,66,1,5,False,1000,1000
49182,192,unweighted,10,0.5951433121019108,0,2,None,66,1,5,False,1000,1000
49183,193,unweighted,10,0.5959394904458599,0,2,None,66,1,5,False,1000,1000
49184,194,unweighted,10,0.5973328025477707,0,2,None,66,1,5,False,1000,1000
49185,190,unweighted,10,0.5855891719745223,0,5,None,66,1,5,False,1000,1000
49186,191,unweighted,10,0.5866839171974523,0,5,None,66,1,5,False,1000,1000
49187,192,unweighted,10,0.5878781847133758,0,5,None,66,1,5,False,1000,1000
49188,193,unweighted,10,0.5894705414012739,0,5,None,66,1,5,False,1000,1000
49189,194,unweighted,10,0.5906648089171974,0,5,None,66,1,5,False,1000,1000
49190,190,unweighted,10,0.5783240445859873,0,17,None,66,1,5,False,1000,1000
49191,191,unweighted,10,0.57921974522293,0,17,None,66,1,5,False,1000,1000
49192,192,unweighted,10,0.5793192675159236,0,17,None,66,1,5,False,1000,1000
49193,193,unweighted,10,0.5799164012738853,0,17,None,66,1,5,False,1000,1000
49194,194,unweighted,10,0.5811106687898089,0,17,None,66,1,5,False,1000,1000
49195,190,unweighted,10,0.5483678343949044,0,28,None,66,1,5,False,1000,1000
49196,191,unweighted,10,0.5482683121019108,0,28,None,66,1,5,False,1000,1000
49197,192,unweighted,10,0.5489649681528662,0,28,None,66,1,5,False,1000,1000
49198,193,unweighted,10,0.5497611464968153,0,28,None,66,1,5,False,1000,1000
49199,194,unweighted,10,0.5507563694267515,0,28,None,66,1,5,False,1000,1000
49200,190,unweighted,10,0.5896695859872612,0,18,None,66,1,5,False,1000,1000
49201,191,unweighted,10,0.5905652866242038,0,18,None,66,1,5,False,1000,1000
49202,192,unweighted,10,0.5921576433121019,0,18,None,66,1,5,False,1000,1000
49203,193,unweighted,10,0.5934514331210191,0,18,None,66,1,5,False,1000,1000
49204,194,unweighted,10,0.5949442675159236,0,18,None,66,1,5,False,1000,1000
49205,190,unweighted,10,0.5155254777070064,0,19,None,66,1,5,False,1000,1000
49206,191,unweighted,10,0.5162221337579618,0,19,None,66,1,5,False,1000,1000
49207,192,unweighted,10,0.5171178343949044,0,19,None,66,1,5,False,1000,1000
49208,193,unweighted,10,0.518312101910828,0,19,None,66,1,5,False,1000,1000
49209,194,unweighted,10,0.519406847133758,0,19,None,66,1,5,False,1000,1000
49210,190,unweighted,10,0.5904657643312102,0,20,None,66,1,5,False,1000,1000
49211,191,unweighted,10,0.5911624203821656,0,20,None,66,1,5,False,1000,1000
49212,192,unweighted,10,0.5935509554140127,0,20,None,66,1,5,False,1000,1000
49213,193,unweighted,10,0.5966361464968153,0,20,None,66,1,5,False,1000,1000
49214,194,unweighted,10,0.598328025477707,0,20,None,66,1,5,False,1000,1000
49215,190,unweighted,10,0.5879777070063694,0,23,None,66,1,5,False,1000,1000
49216,191,unweighted,10,0.5898686305732485,0,23,None,66,1,5,False,1000,1000
49217,192,unweighted,10,0.5923566878980892,0,23,None,66,1,5,False,1000,1000
49218,193,unweighted,10,0.5934514331210191,0,23,None,66,1,5,False,1000,1000
49219,194,unweighted,10,0.5970342356687898,0,23,None,66,1,5,False,1000,1000
49220,190,unweighted,10,0.5920581210191083,0,32,None,66,1,5,False,1000,1000
49221,191,unweighted,10,0.5939490445859873,0,32,None,66,1,5,False,1000,1000
49222,192,unweighted,10,0.5950437898089171,0,32,None,66,1,5,False,1000,1000
49223,193,unweighted,10,0.596437101910828,0,32,None,66,1,5,False,1000,1000
49224,194,unweighted,10,0.598328025477707,0,32,None,66,1,5,False,1000,1000
49225,190,unweighted,10,0.5809116242038217,0,8,None,66,1,5,False,1000,1000
49226,191,unweighted,10,0.5822054140127388,0,8,None,66,1,5,False,1000,1000
49227,192,unweighted,10,0.5838972929936306,0,8,None,66,1,5,False,1000,1000
49228,193,unweighted,10,0.5855891719745223,0,8,None,66,1,5,False,1000,1000
49229,194,unweighted,10,0.5873805732484076,0,8,None,66,1,5,False,1000,1000
49230,190,unweighted,10,0.5738455414012739,0,7,None,66,1,5,False,1000,1000
49231,191,unweighted,10,0.5739450636942676,0,7,None,66,1,5,False,1000,1000
49232,192,unweighted,10,0.575437898089172,0,7,None,66,1,5,False,1000,1000
49233,193,unweighted,10,0.5774283439490446,0,7,None,66,1,5,False,1000,1000
49234,194,unweighted,10,0.5794187898089171,0,7,None,66,1,5,False,1000,1000
49235,190,unweighted,10,0.5750398089171974,0,16,None,66,1,5,False,1000,1000
49236,191,unweighted,10,0.5766321656050956,0,16,None,66,1,5,False,1000,1000
49237,192,unweighted,10,0.5784235668789809,0,16,None,66,1,5,False,1000,1000
49238,193,unweighted,10,0.5797173566878981,0,16,None,66,1,5,False,1000,1000
49239,194,unweighted,10,0.580812101910828,0,16,None,66,1,5,False,1000,1000
49240,190,unweighted,10,0.5518511146496815,0,13,None,66,1,5,False,1000,1000
49241,191,unweighted,10,0.5529458598726115,0,13,None,66,1,5,False,1000,1000
49242,192,unweighted,10,0.5546377388535032,0,13,None,66,1,5,False,1000,1000
49243,193,unweighted,10,0.5566281847133758,0,13,None,66,1,5,False,1000,1000
49244,194,unweighted,10,0.558718152866242,0,13,None,66,1,5,False,1000,1000
49245,190,unweighted,10,0.5453821656050956,0,29,None,66,1,5,False,1000,1000
49246,191,unweighted,10,0.5464769108280255,0,29,None,66,1,5,False,1000,1000
49247,192,unweighted,10,0.5478702229299363,0,29,None,66,1,5,False,1000,1000
49248,193,unweighted,10,0.5499601910828026,0,29,None,66,1,5,False,1000,1000
49249,194,unweighted,10,0.5517515923566879,0,29,None,66,1,5,False,1000,1000
49250,190,unweighted,10,0.5513535031847133,0,12,None,66,1,5,False,1000,1000
49251,191,unweighted,10,0.5513535031847133,0,12,None,66,1,5,False,1000,1000
49252,192,unweighted,10,0.5510549363057324,0,12,None,66,1,5,False,1000,1000
49253,193,unweighted,10,0.5519506369426752,0,12,None,66,1,5,False,1000,1000
49254,194,unweighted,10,0.5531449044585988,0,12,None,66,1,5,False,1000,1000
49255,190,unweighted,10,0.5621019108280255,0,9,None,66,1,5,False,1000,1000
49256,191,unweighted,10,0.5648885350318471,0,9,None,66,1,5,False,1000,1000
49257,192,unweighted,10,0.5663813694267515,0,9,None,66,1,5,False,1000,1000
49258,193,unweighted,10,0.5678742038216561,0,9,None,66,1,5,False,1000,1000
49259,194,unweighted,10,0.5695660828025477,0,9,None,66,1,5,False,1000,1000
49260,190,unweighted,10,0.5771297770700637,0,25,None,66,1,5,False,1000,1000
49261,191,unweighted,10,0.5796178343949044,0,25,None,66,1,5,False,1000,1000
49262,192,unweighted,10,0.5820063694267515,0,25,None,66,1,5,False,1000,1000
49263,193,unweighted,10,0.5847929936305732,0,25,None,66,1,5,False,1000,1000
49264,194,unweighted,10,0.5881767515923567,0,25,None,66,1,5,False,1000,1000
49265,190,unweighted,10,0.3541998407643312,0,31,None,66,1,5,False,1000,1000
49266,191,unweighted,10,0.3663415605095541,0,31,None,66,1,5,False,1000,1000
49267,192,unweighted,10,0.3730095541401274,0,31,None,66,1,5,False,1000,1000
49268,193,unweighted,10,0.3845541401273885,0,31,None,66,1,5,False,1000,1000
49269,194,unweighted,10,0.4038614649681528,0,31,None,66,1,5,False,1000,1000
49270,190,unweighted,10,0.5367237261146497,0,24,None,66,1,5,False,1000,1000
49271,191,unweighted,10,0.5389132165605095,0,24,None,66,1,5,False,1000,1000
49272,192,unweighted,10,0.5407046178343949,0,24,None,66,1,5,False,1000,1000
49273,193,unweighted,10,0.5432921974522293,0,24,None,66,1,5,False,1000,1000
49274,194,unweighted,10,0.544984076433121,0,24,None,66,1,5,False,1000,1000
49275,190,unweighted,10,0.453125,0,1,None,66,1,5,False,1000,1000
49276,191,unweighted,10,0.4611863057324841,0,1,None,66,1,5,False,1000,1000
49277,192,unweighted,10,0.4654657643312102,0,1,None,66,1,5,False,1000,1000
49278,193,unweighted,10,0.4693471337579618,0,1,None,66,1,5,False,1000,1000
49279,194,unweighted,10,0.4732285031847134,0,1,None,66,1,5,False,1000,1000
49280,190,unweighted,10,0.5672770700636943,0,0,None,66,1,5,False,1000,1000
49281,191,unweighted,10,0.5682722929936306,0,0,None,66,1,5,False,1000,1000
49282,192,unweighted,10,0.5696656050955414,0,0,None,66,1,5,False,1000,1000
49283,193,unweighted,10,0.5703622611464968,0,0,None,66,1,5,False,1000,1000
49284,194,unweighted,10,0.570859872611465,0,0,None,66,1,5,False,1000,1000
49285,190,unweighted,10,0.5569267515923567,0,27,None,66,1,5,False,1000,1000
49286,191,unweighted,10,0.5597133757961783,0,27,None,66,1,5,False,1000,1000
49287,192,unweighted,10,0.5625995222929936,0,27,None,66,1,5,False,1000,1000
49288,193,unweighted,10,0.5646894904458599,0,27,None,66,1,5,False,1000,1000
49289,194,unweighted,10,0.5669785031847133,0,27,None,66,1,5,False,1000,1000
49290,190,unweighted,10,0.5335390127388535,0,30,None,66,1,5,False,1000,1000
49291,191,unweighted,10,0.5357285031847133,0,30,None,66,1,5,False,1000,1000
49292,192,unweighted,10,0.5375199044585988,0,30,None,66,1,5,False,1000,1000
49293,193,unweighted,10,0.5399084394904459,0,30,None,66,1,5,False,1000,1000
49294,194,unweighted,10,0.5436902866242038,0,30,None,66,1,5,False,1000,1000
49295,190,unweighted,10,0.5426950636942676,0,6,None,66,1,5,False,1000,1000
49296,191,unweighted,10,0.5434912420382165,0,6,None,66,1,5,False,1000,1000
49297,192,unweighted,10,0.5443869426751592,0,6,None,66,1,5,False,1000,1000
49298,193,unweighted,10,0.5452826433121019,0,6,None,66,1,5,False,1000,1000
49299,194,unweighted,10,0.5462778662420382,0,6,None,66,1,5,False,1000,1000
49300,190,unweighted,10,0.5527468152866242,0,14,None,66,1,5,False,1000,1000
49301,191,unweighted,10,0.5584195859872612,0,14,None,66,1,5,False,1000,1000
49302,192,unweighted,10,0.5648885350318471,0,14,None,66,1,5,False,1000,1000
49303,193,unweighted,10,0.5695660828025477,0,14,None,66,1,5,False,1000,1000
49304,194,unweighted,10,0.5734474522292994,0,14,None,66,1,5,False,1000,1000
49305,190,unweighted,10,0.5842953821656051,0,22,None,66,1,5,False,1000,1000
49306,191,unweighted,10,0.585390127388535,0,22,None,66,1,5,False,1000,1000
49307,192,unweighted,10,0.586484872611465,0,22,None,66,1,5,False,1000,1000
49308,193,unweighted,10,0.5882762738853503,0,22,None,66,1,5,False,1000,1000
49309,194,unweighted,10,0.5896695859872612,0,22,None,66,1,5,False,1000,1000
49310,190,unweighted,10,0.5839968152866242,0,4,None,66,1,5,False,1000,1000
49311,191,unweighted,10,0.5833001592356688,0,4,None,66,1,5,False,1000,1000
49312,192,unweighted,10,0.5839968152866242,0,4,None,66,1,5,False,1000,1000
49313,193,unweighted,10,0.585390127388535,0,4,None,66,1,5,False,1000,1000
49314,194,unweighted,10,0.5856886942675159,0,4,None,66,1,5,False,1000,1000
49315,190,unweighted,10,0.6075835987261147,0,3,None,66,1,5,False,1000,1000
49316,191,unweighted,10,0.6091759554140127,0,3,None,66,1,5,False,1000,1000
49317,192,unweighted,10,0.6091759554140127,0,3,None,66,1,5,False,1000,1000
49318,193,unweighted,10,0.6114649681528662,0,3,None,66,1,5,False,1000,1000
49319,194,unweighted,10,0.6135549363057324,0,3,None,66,1,5,False,1000,1000
49320,190,unweighted,10,0.5494625796178344,0,11,None,66,1,5,False,1000,1000
49321,191,unweighted,10,0.550656847133758,0,11,None,66,1,5,False,1000,1000
49322,192,unweighted,10,0.5523487261146497,0,11,None,66,1,5,False,1000,1000
49323,193,unweighted,10,0.5536425159235668,0,11,None,66,1,5,False,1000,1000
49324,194,unweighted,10,0.5548367834394905,0,11,None,66,1,5,False,1000,1000
49325,190,unweighted,10,0.5613057324840764,0,10,None,66,1,5,False,1000,1000
49326,191,unweighted,10,0.5615047770700637,0,10,None,66,1,5,False,1000,1000
49327,192,unweighted,10,0.5626990445859873,0,10,None,66,1,5,False,1000,1000
49328,193,unweighted,10,0.5639928343949044,0,10,None,66,1,5,False,1000,1000
49329,194,unweighted,10,0.5646894904458599,0,10,None,66,1,5,False,1000,1000
49330,190,unweighted,10,0.5663813694267515,0,15,None,66,1,5,False,1000,1000
49331,191,unweighted,10,0.5675756369426752,0,15,None,66,1,5,False,1000,1000
49332,192,unweighted,10,0.5687699044585988,0,15,None,66,1,5,False,1000,1000
49333,193,unweighted,10,0.5695660828025477,0,15,None,66,1,5,False,1000,1000
49334,194,unweighted,10,0.5707603503184714,0,15,None,66,1,5,False,1000,1000
49335,195,unweighted,10,0.5389132165605095,0,30,None,66,1,5,False,1000,1000
49336,196,unweighted,10,0.542296974522293,0,30,None,66,1,5,False,1000,1000
49337,197,unweighted,10,0.5460788216560509,0,30,None,66,1,5,False,1000,1000
49338,198,unweighted,10,0.5493630573248408,0,30,None,66,1,5,False,1000,1000
49339,199,unweighted,10,0.551453025477707,0,30,None,66,1,5,False,1000,1000
49340,195,unweighted,10,0.4605891719745223,0,1,None,66,1,5,False,1000,1000
49341,196,unweighted,10,0.4679538216560509,0,1,None,66,1,5,False,1000,1000
49342,197,unweighted,10,0.4734275477707006,0,1,None,66,1,5,False,1000,1000
49343,198,unweighted,10,0.477109872611465,0,1,None,66,1,5,False,1000,1000
49344,199,unweighted,10,0.4811902866242038,0,1,None,66,1,5,False,1000,1000
49345,195,unweighted,10,0.5668789808917197,0,27,None,66,1,5,False,1000,1000
49346,196,unweighted,10,0.5693670382165605,0,27,None,66,1,5,False,1000,1000
49347,197,unweighted,10,0.5709593949044586,0,27,None,66,1,5,False,1000,1000
49348,198,unweighted,10,0.5729498407643312,0,27,None,66,1,5,False,1000,1000
49349,199,unweighted,10,0.5745421974522293,0,27,None,66,1,5,False,1000,1000
49350,195,unweighted,10,0.6003184713375797,0,2,None,66,1,5,False,1000,1000
49351,196,unweighted,10,0.6022093949044586,0,2,None,66,1,5,False,1000,1000
49352,197,unweighted,10,0.6031050955414012,0,2,None,66,1,5,False,1000,1000
49353,198,unweighted,10,0.6035031847133758,0,2,None,66,1,5,False,1000,1000
49354,199,unweighted,10,0.6043988853503185,0,2,None,66,1,5,False,1000,1000
49355,195,unweighted,10,0.5979299363057324,0,20,None,66,1,5,False,1000,1000
49356,196,unweighted,10,0.5999203821656051,0,20,None,66,1,5,False,1000,1000
49357,197,unweighted,10,0.6018113057324841,0,20,None,66,1,5,False,1000,1000
49358,198,unweighted,10,0.6043988853503185,0,20,None,66,1,5,False,1000,1000
49359,199,unweighted,10,0.6058917197452229,0,20,None,66,1,5,False,1000,1000
49360,195,unweighted,10,0.5912619426751592,0,4,None,66,1,5,False,1000,1000
49361,196,unweighted,10,0.5915605095541401,0,4,None,66,1,5,False,1000,1000
49362,197,unweighted,10,0.5922571656050956,0,4,None,66,1,5,False,1000,1000
49363,198,unweighted,10,0.5946457006369427,0,4,None,66,1,5,False,1000,1000
49364,199,unweighted,10,0.5954418789808917,0,4,None,66,1,5,False,1000,1000
49365,195,unweighted,10,0.5909633757961783,0,22,None,66,1,5,False,1000,1000
49366,196,unweighted,10,0.5924562101910829,0,22,None,66,1,5,False,1000,1000
49367,197,unweighted,10,0.5931528662420382,0,22,None,66,1,5,False,1000,1000
49368,198,unweighted,10,0.5943471337579618,0,22,None,66,1,5,False,1000,1000
49369,199,unweighted,10,0.5946457006369427,0,22,None,66,1,5,False,1000,1000
49370,195,unweighted,10,0.6028065286624203,0,23,None,66,1,5,False,1000,1000
49371,196,unweighted,10,0.6084792993630573,0,23,None,66,1,5,False,1000,1000
49372,197,unweighted,10,0.6127587579617835,0,23,None,66,1,5,False,1000,1000
49373,198,unweighted,10,0.6149482484076433,0,23,None,66,1,5,False,1000,1000
49374,199,unweighted,10,0.6171377388535032,0,23,None,66,1,5,False,1000,1000
49375,195,unweighted,10,0.5907643312101911,0,5,None,66,1,5,False,1000,1000
49376,196,unweighted,10,0.5916600318471338,0,5,None,66,1,5,False,1000,1000
49377,197,unweighted,10,0.5943471337579618,0,5,None,66,1,5,False,1000,1000
49378,198,unweighted,10,0.5961385350318471,0,5,None,66,1,5,False,1000,1000
49379,199,unweighted,10,0.5972332802547771,0,5,None,66,1,5,False,1000,1000
49380,195,unweighted,10,0.5816082802547771,0,16,None,66,1,5,False,1000,1000
49381,196,unweighted,10,0.5833001592356688,0,16,None,66,1,5,False,1000,1000
49382,197,unweighted,10,0.584593949044586,0,16,None,66,1,5,False,1000,1000
49383,198,unweighted,10,0.5855891719745223,0,16,None,66,1,5,False,1000,1000
49384,199,unweighted,10,0.5871815286624203,0,16,None,66,1,5,False,1000,1000
49385,195,unweighted,10,0.5791202229299363,0,7,None,66,1,5,False,1000,1000
49386,196,unweighted,10,0.5804140127388535,0,7,None,66,1,5,False,1000,1000
49387,197,unweighted,10,0.5823049363057324,0,7,None,66,1,5,False,1000,1000
49388,198,unweighted,10,0.583797770700637,0,7,None,66,1,5,False,1000,1000
49389,199,unweighted,10,0.5860867834394905,0,7,None,66,1,5,False,1000,1000
49390,195,unweighted,10,0.5999203821656051,0,32,None,66,1,5,False,1000,1000
49391,196,unweighted,10,0.6008160828025477,0,32,None,66,1,5,False,1000,1000
49392,197,unweighted,10,0.6019108280254777,0,32,None,66,1,5,False,1000,1000
49393,198,unweighted,10,0.6035031847133758,0,32,None,66,1,5,False,1000,1000
49394,199,unweighted,10,0.6045979299363057,0,32,None,66,1,5,False,1000,1000
49395,195,unweighted,10,0.5736464968152867,0,15,None,66,1,5,False,1000,1000
49396,196,unweighted,10,0.5742436305732485,0,15,None,66,1,5,False,1000,1000
49397,197,unweighted,10,0.5747412420382165,0,15,None,66,1,5,False,1000,1000
49398,198,unweighted,10,0.576234076433121,0,15,None,66,1,5,False,1000,1000
49399,199,unweighted,10,0.5774283439490446,0,15,None,66,1,5,False,1000,1000
49400,195,unweighted,10,0.5476711783439491,0,6,None,66,1,5,False,1000,1000
49401,196,unweighted,10,0.5483678343949044,0,6,None,66,1,5,False,1000,1000
49402,197,unweighted,10,0.5496616242038217,0,6,None,66,1,5,False,1000,1000
49403,198,unweighted,10,0.5501592356687898,0,6,None,66,1,5,False,1000,1000
49404,199,unweighted,10,0.550656847133758,0,6,None,66,1,5,False,1000,1000
49405,195,unweighted,10,0.5857882165605095,0,26,None,66,1,5,False,1000,1000
49406,196,unweighted,10,0.5860867834394905,0,26,None,66,1,5,False,1000,1000
49407,197,unweighted,10,0.5890724522292994,0,26,None,66,1,5,False,1000,1000
49408,198,unweighted,10,0.591062898089172,0,26,None,66,1,5,False,1000,1000
49409,199,unweighted,10,0.5917595541401274,0,26,None,66,1,5,False,1000,1000
49410,195,unweighted,10,0.5980294585987261,0,18,None,66,1,5,False,1000,1000
49411,196,unweighted,10,0.5987261146496815,0,18,None,66,1,5,False,1000,1000
49412,197,unweighted,10,0.5997213375796179,0,18,None,66,1,5,False,1000,1000
49413,198,unweighted,10,0.601015127388535,0,18,None,66,1,5,False,1000,1000
49414,199,unweighted,10,0.6027070063694268,0,18,None,66,1,5,False,1000,1000
49415,195,unweighted,10,0.5892714968152867,0,8,None,66,1,5,False,1000,1000
49416,196,unweighted,10,0.5905652866242038,0,8,None,66,1,5,False,1000,1000
49417,197,unweighted,10,0.5920581210191083,0,8,None,66,1,5,False,1000,1000
49418,198,unweighted,10,0.5932523885350318,0,8,None,66,1,5,False,1000,1000
49419,199,unweighted,10,0.5945461783439491,0,8,None,66,1,5,False,1000,1000
49420,195,unweighted,10,0.3611664012738853,0,31,None,66,1,5,False,1000,1000
49421,196,unweighted,10,0.3758957006369426,0,31,None,66,1,5,False,1000,1000
49422,197,unweighted,10,0.397890127388535,0,31,None,66,1,5,False,1000,1000
49423,198,unweighted,10,0.4151074840764331,0,31,None,66,1,5,False,1000,1000
49424,199,unweighted,10,0.4270501592356688,0,31,None,66,1,5,False,1000,1000
49425,195,unweighted,10,0.5547372611464968,0,28,None,66,1,5,False,1000,1000
49426,196,unweighted,10,0.5546377388535032,0,28,None,66,1,5,False,1000,1000
49427,197,unweighted,10,0.5546377388535032,0,28,None,66,1,5,False,1000,1000
49428,198,unweighted,10,0.5556329617834395,0,28,None,66,1,5,False,1000,1000
49429,199,unweighted,10,0.5565286624203821,0,28,None,66,1,5,False,1000,1000
49430,195,unweighted,10,0.5571257961783439,0,13,None,66,1,5,False,1000,1000
49431,196,unweighted,10,0.5597133757961783,0,13,None,66,1,5,False,1000,1000
49432,197,unweighted,10,0.56140525477707,0,13,None,66,1,5,False,1000,1000
49433,198,unweighted,10,0.5633957006369427,0,13,None,66,1,5,False,1000,1000
49434,199,unweighted,10,0.5648885350318471,0,13,None,66,1,5,False,1000,1000
49435,195,unweighted,10,0.5573248407643312,0,12,None,66,1,5,False,1000,1000
49436,196,unweighted,10,0.5577229299363057,0,12,None,66,1,5,False,1000,1000
49437,197,unweighted,10,0.557921974522293,0,12,None,66,1,5,False,1000,1000
49438,198,unweighted,10,0.5578224522292994,0,12,None,66,1,5,False,1000,1000
49439,199,unweighted,10,0.5588176751592356,0,12,None,66,1,5,False,1000,1000
49440,195,unweighted,10,0.5198049363057324,0,19,None,66,1,5,False,1000,1000
49441,196,unweighted,10,0.5207006369426752,0,19,None,66,1,5,False,1000,1000
49442,197,unweighted,10,0.5219944267515924,0,19,None,66,1,5,False,1000,1000
49443,198,unweighted,10,0.522890127388535,0,19,None,66,1,5,False,1000,1000
49444,199,unweighted,10,0.5235867834394905,0,19,None,66,1,5,False,1000,1000
49445,195,unweighted,10,0.5656847133757962,0,21,None,66,1,5,False,1000,1000
49446,196,unweighted,10,0.5665804140127388,0,21,None,66,1,5,False,1000,1000
49447,197,unweighted,10,0.5675756369426752,0,21,None,66,1,5,False,1000,1000
49448,198,unweighted,10,0.568172770700637,0,21,None,66,1,5,False,1000,1000
49449,199,unweighted,10,0.5701632165605095,0,21,None,66,1,5,False,1000,1000
49450,195,unweighted,10,0.5419984076433121,0,24,None,66,1,5,False,1000,1000
49451,196,unweighted,10,0.5444864649681529,0,24,None,66,1,5,False,1000,1000
49452,197,unweighted,10,0.54578025477707,0,24,None,66,1,5,False,1000,1000
49453,198,unweighted,10,0.5482683121019108,0,24,None,66,1,5,False,1000,1000
49454,199,unweighted,10,0.5508558917197452,0,24,None,66,1,5,False,1000,1000
49455,195,unweighted,10,0.5699641719745223,0,9,None,66,1,5,False,1000,1000
49456,196,unweighted,10,0.571656050955414,0,9,None,66,1,5,False,1000,1000
49457,197,unweighted,10,0.573546974522293,0,9,None,66,1,5,False,1000,1000
49458,198,unweighted,10,0.5755374203821656,0,9,None,66,1,5,False,1000,1000
49459,199,unweighted,10,0.57703025477707,0,9,None,66,1,5,False,1000,1000
49460,195,unweighted,10,0.5715565286624203,0,0,None,66,1,5,False,1000,1000
49461,196,unweighted,10,0.5729498407643312,0,0,None,66,1,5,False,1000,1000
49462,197,unweighted,10,0.573546974522293,0,0,None,66,1,5,False,1000,1000
49463,198,unweighted,10,0.5751393312101911,0,0,None,66,1,5,False,1000,1000
49464,199,unweighted,10,0.5759355095541401,0,0,None,66,1,5,False,1000,1000
49465,195,unweighted,10,0.5641918789808917,0,14,None,66,1,5,False,1000,1000
49466,196,unweighted,10,0.5696656050955414,0,14,None,66,1,5,False,1000,1000
49467,197,unweighted,10,0.5744426751592356,0,14,None,66,1,5,False,1000,1000
49468,198,unweighted,10,0.57921974522293,0,14,None,66,1,5,False,1000,1000
49469,199,unweighted,10,0.5835987261146497,0,14,None,66,1,5,False,1000,1000
49470,195,unweighted,10,0.586484872611465,0,25,None,66,1,5,False,1000,1000
49471,196,unweighted,10,0.5903662420382165,0,25,None,66,1,5,False,1000,1000
49472,197,unweighted,10,0.5938495222929936,0,25,None,66,1,5,False,1000,1000
49473,198,unweighted,10,0.5962380573248408,0,25,None,66,1,5,False,1000,1000
49474,199,unweighted,10,0.5990246815286624,0,25,None,66,1,5,False,1000,1000
49475,195,unweighted,10,0.5527468152866242,0,29,None,66,1,5,False,1000,1000
49476,196,unweighted,10,0.553343949044586,0,29,None,66,1,5,False,1000,1000
49477,197,unweighted,10,0.5536425159235668,0,29,None,66,1,5,False,1000,1000
49478,198,unweighted,10,0.5550358280254777,0,29,None,66,1,5,False,1000,1000
49479,199,unweighted,10,0.5571257961783439,0,29,None,66,1,5,False,1000,1000
49480,195,unweighted,10,0.5653861464968153,0,10,None,66,1,5,False,1000,1000
49481,196,unweighted,10,0.566281847133758,0,10,None,66,1,5,False,1000,1000
49482,197,unweighted,10,0.5673765923566879,0,10,None,66,1,5,False,1000,1000
49483,198,unweighted,10,0.5682722929936306,0,10,None,66,1,5,False,1000,1000
49484,199,unweighted,10,0.5690684713375797,0,10,None,66,1,5,False,1000,1000
49485,195,unweighted,10,0.5549363057324841,0,11,None,66,1,5,False,1000,1000
49486,196,unweighted,10,0.5562300955414012,0,11,None,66,1,5,False,1000,1000
49487,197,unweighted,10,0.5580214968152867,0,11,None,66,1,5,False,1000,1000
49488,198,unweighted,10,0.5601114649681529,0,11,None,66,1,5,False,1000,1000
49489,199,unweighted,10,0.5623009554140127,0,11,None,66,1,5,False,1000,1000
49490,195,unweighted,10,0.6161425159235668,0,3,None,66,1,5,False,1000,1000
49491,196,unweighted,10,0.6170382165605095,0,3,None,66,1,5,False,1000,1000
49492,197,unweighted,10,0.6188296178343949,0,3,None,66,1,5,False,1000,1000
49493,198,unweighted,10,0.6200238853503185,0,3,None,66,1,5,False,1000,1000
49494,199,unweighted,10,0.6214171974522293,0,3,None,66,1,5,False,1000,1000
49495,195,unweighted,10,0.5848925159235668,0,17,None,66,1,5,False,1000,1000
49496,196,unweighted,10,0.5856886942675159,0,17,None,66,1,5,False,1000,1000
49497,197,unweighted,10,0.5859872611464968,0,17,None,66,1,5,False,1000,1000
49498,198,unweighted,10,0.5871815286624203,0,17,None,66,1,5,False,1000,1000
49499,199,unweighted,10,0.5887738853503185,0,17,None,66,1,5,False,1000,1000
0,0,degCent,10,0.0995222929936305,0,1,None,66,1,5,False,1000,1000
1,1,degCent,10,0.0995222929936305,0,1,None,66,1,5,False,1000,1000
2,2,degCent,10,0.1021098726114649,0,1,None,66,1,5,False,1000,1000
3,3,degCent,10,0.1522691082802547,0,1,None,66,1,5,False,1000,1000
4,4,degCent,10,0.176453025477707,0,1,None,66,1,5,False,1000,1000
5,0,degCent,10,0.2905055732484076,0,2,None,66,1,5,False,1000,1000
6,1,degCent,10,0.3188694267515923,0,2,None,66,1,5,False,1000,1000
7,2,degCent,10,0.3306130573248407,0,2,None,66,1,5,False,1000,1000
8,3,degCent,10,0.3575835987261146,0,2,None,66,1,5,False,1000,1000
9,4,degCent,10,0.383359872611465,0,2,None,66,1,5,False,1000,1000
10,0,degCent,10,0.2320859872611465,0,13,None,66,1,5,False,1000,1000
11,1,degCent,10,0.3603702229299363,0,13,None,66,1,5,False,1000,1000
12,2,degCent,10,0.4239649681528662,0,13,None,66,1,5,False,1000,1000
13,3,degCent,10,0.4538216560509554,0,13,None,66,1,5,False,1000,1000
14,4,degCent,10,0.4574044585987261,0,13,None,66,1,5,False,1000,1000
15,0,degCent,10,0.2069068471337579,0,15,None,66,1,5,False,1000,1000
16,1,degCent,10,0.3137937898089172,0,15,None,66,1,5,False,1000,1000
17,2,degCent,10,0.388734076433121,0,15,None,66,1,5,False,1000,1000
18,3,degCent,10,0.4330214968152866,0,15,None,66,1,5,False,1000,1000
19,4,degCent,10,0.4385947452229299,0,15,None,66,1,5,False,1000,1000
20,0,degCent,10,0.1028065286624203,0,10,None,66,1,5,False,1000,1000
21,1,degCent,10,0.1652070063694267,0,10,None,66,1,5,False,1000,1000
22,2,degCent,10,0.3084195859872611,0,10,None,66,1,5,False,1000,1000
23,3,degCent,10,0.3479299363057325,0,10,None,66,1,5,False,1000,1000
24,4,degCent,10,0.3713176751592357,0,10,None,66,1,5,False,1000,1000
25,0,degCent,10,0.1931727707006369,0,16,None,66,1,5,False,1000,1000
26,1,degCent,10,0.2082006369426751,0,16,None,66,1,5,False,1000,1000
27,2,degCent,10,0.2213375796178344,0,16,None,66,1,5,False,1000,1000
28,3,degCent,10,0.245421974522293,0,16,None,66,1,5,False,1000,1000
29,4,degCent,10,0.2723925159235669,0,16,None,66,1,5,False,1000,1000
30,0,degCent,10,0.1170382165605095,0,11,None,66,1,5,False,1000,1000
31,1,degCent,10,0.2863256369426751,0,11,None,66,1,5,False,1000,1000
32,2,degCent,10,0.3713176751592357,0,11,None,66,1,5,False,1000,1000
33,3,degCent,10,0.5101512738853503,0,11,None,66,1,5,False,1000,1000
34,4,degCent,10,0.5744426751592356,0,11,None,66,1,5,False,1000,1000
35,0,degCent,10,0.2067078025477707,0,8,None,66,1,5,False,1000,1000
36,1,degCent,10,0.192078025477707,0,8,None,66,1,5,False,1000,1000
37,2,degCent,10,0.2163614649681528,0,8,None,66,1,5,False,1000,1000
38,3,degCent,10,0.2786624203821656,0,8,None,66,1,5,False,1000,1000
39,4,degCent,10,0.3228503184713376,0,8,None,66,1,5,False,1000,1000
40,0,degCent,10,0.0995222929936305,0,20,None,66,1,5,False,1000,1000
41,1,degCent,10,0.1115644904458598,0,20,None,66,1,5,False,1000,1000
42,2,degCent,10,0.1581409235668789,0,20,None,66,1,5,False,1000,1000
43,3,degCent,10,0.1749601910828025,0,20,None,66,1,5,False,1000,1000
44,4,degCent,10,0.1910828025477707,0,20,None,66,1,5,False,1000,1000
45,0,degCent,10,0.1657046178343949,0,19,None,66,1,5,False,1000,1000
46,1,degCent,10,0.1696855095541401,0,19,None,66,1,5,False,1000,1000
47,2,degCent,10,0.2586584394904458,0,19,None,66,1,5,False,1000,1000
48,3,degCent,10,0.3252388535031847,0,19,None,66,1,5,False,1000,1000
49,4,degCent,10,0.3680334394904458,0,19,None,66,1,5,False,1000,1000
50,0,degCent,10,0.2105891719745223,0,21,None,66,1,5,False,1000,1000
51,1,degCent,10,0.2824442675159235,0,21,None,66,1,5,False,1000,1000
52,2,degCent,10,0.3277269108280254,0,21,None,66,1,5,False,1000,1000
53,3,degCent,10,0.3348925159235669,0,21,None,66,1,5,False,1000,1000
54,4,degCent,10,0.3450437898089172,0,21,None,66,1,5,False,1000,1000
55,0,degCent,10,0.2486066878980891,0,17,None,66,1,5,False,1000,1000
56,1,degCent,10,0.3769904458598726,0,17,None,66,1,5,False,1000,1000
57,2,degCent,10,0.4601910828025478,0,17,None,66,1,5,False,1000,1000
58,3,degCent,10,0.4934315286624204,0,17,None,66,1,5,False,1000,1000
59,4,degCent,10,0.480593152866242,0,17,None,66,1,5,False,1000,1000
60,0,degCent,10,0.1694864649681528,0,24,None,66,1,5,False,1000,1000
61,1,degCent,10,0.1815286624203821,0,24,None,66,1,5,False,1000,1000
62,2,degCent,10,0.3055334394904458,0,24,None,66,1,5,False,1000,1000
63,3,degCent,10,0.3725119426751592,0,24,None,66,1,5,False,1000,1000
64,4,degCent,10,0.3816679936305732,0,24,None,66,1,5,False,1000,1000
65,0,degCent,10,0.2971735668789809,0,28,None,66,1,5,False,1000,1000
66,1,degCent,10,0.2887141719745223,0,28,None,66,1,5,False,1000,1000
67,2,degCent,10,0.3061305732484076,0,28,None,66,1,5,False,1000,1000
68,3,degCent,10,0.3401671974522293,0,28,None,66,1,5,False,1000,1000
69,4,degCent,10,0.3715167197452229,0,28,None,66,1,5,False,1000,1000
70,0,degCent,10,0.123109076433121,0,32,None,66,1,5,False,1000,1000
71,1,degCent,10,0.1285828025477707,0,32,None,66,1,5,False,1000,1000
72,2,degCent,10,0.185609076433121,0,32,None,66,1,5,False,1000,1000
73,3,degCent,10,0.2225318471337579,0,32,None,66,1,5,False,1000,1000
74,4,degCent,10,0.279359076433121,0,32,None,66,1,5,False,1000,1000
75,0,degCent,10,0.1279856687898089,0,18,None,66,1,5,False,1000,1000
76,1,degCent,10,0.1979498407643312,0,18,None,66,1,5,False,1000,1000
77,2,degCent,10,0.3335987261146497,0,18,None,66,1,5,False,1000,1000
78,3,degCent,10,0.3972929936305732,0,18,None,66,1,5,False,1000,1000
79,4,degCent,10,0.4225716560509554,0,18,None,66,1,5,False,1000,1000
80,0,degCent,10,0.1533638535031847,0,27,None,66,1,5,False,1000,1000
81,1,degCent,10,0.2120820063694267,0,27,None,66,1,5,False,1000,1000
82,2,degCent,10,0.2855294585987261,0,27,None,66,1,5,False,1000,1000
83,3,degCent,10,0.3329020700636942,0,27,None,66,1,5,False,1000,1000
84,4,degCent,10,0.3682324840764331,0,27,None,66,1,5,False,1000,1000
85,0,degCent,10,0.1134554140127388,0,31,None,66,1,5,False,1000,1000
86,1,degCent,10,0.1348527070063694,0,31,None,66,1,5,False,1000,1000
87,2,degCent,10,0.1648089171974522,0,31,None,66,1,5,False,1000,1000
88,3,degCent,10,0.1779458598726114,0,31,None,66,1,5,False,1000,1000
89,4,degCent,10,0.1976512738853503,0,31,None,66,1,5,False,1000,1000
90,0,degCent,10,0.0995222929936305,0,9,None,66,1,5,False,1000,1000
91,1,degCent,10,0.0995222929936305,0,9,None,66,1,5,False,1000,1000
92,2,degCent,10,0.1158439490445859,0,9,None,66,1,5,False,1000,1000
93,3,degCent,10,0.1600318471337579,0,9,None,66,1,5,False,1000,1000
94,4,degCent,10,0.183718152866242,0,9,None,66,1,5,False,1000,1000
95,0,degCent,10,0.1102707006369426,0,25,None,66,1,5,False,1000,1000
96,1,degCent,10,0.1701831210191083,0,25,None,66,1,5,False,1000,1000
97,2,degCent,10,0.1916799363057325,0,25,None,66,1,5,False,1000,1000
98,3,degCent,10,0.2745820063694267,0,25,None,66,1,5,False,1000,1000
99,4,degCent,10,0.3340963375796178,0,25,None,66,1,5,False,1000,1000
100,0,degCent,10,0.1710788216560509,0,3,None,66,1,5,False,1000,1000
101,1,degCent,10,0.274781050955414,0,3,None,66,1,5,False,1000,1000
102,2,degCent,10,0.3436504777070063,0,3,None,66,1,5,False,1000,1000
103,3,degCent,10,0.4185907643312102,0,3,None,66,1,5,False,1000,1000
104,4,degCent,10,0.453125,0,3,None,66,1,5,False,1000,1000
105,0,degCent,10,0.1306727707006369,0,29,None,66,1,5,False,1000,1000
106,1,degCent,10,0.2302945859872611,0,29,None,66,1,5,False,1000,1000
107,2,degCent,10,0.3202627388535032,0,29,None,66,1,5,False,1000,1000
108,3,degCent,10,0.3296178343949044,0,29,None,66,1,5,False,1000,1000
109,4,degCent,10,0.3255374203821656,0,29,None,66,1,5,False,1000,1000
110,0,degCent,10,0.2430334394904458,0,5,None,66,1,5,False,1000,1000
111,1,degCent,10,0.3096138535031847,0,5,None,66,1,5,False,1000,1000
112,2,degCent,10,0.4381966560509554,0,5,None,66,1,5,False,1000,1000
113,3,degCent,10,0.4845740445859872,0,5,None,66,1,5,False,1000,1000
114,4,degCent,10,0.5032842356687898,0,5,None,66,1,5,False,1000,1000
115,0,degCent,10,0.1940684713375796,0,6,None,66,1,5,False,1000,1000
116,1,degCent,10,0.2887141719745223,0,6,None,66,1,5,False,1000,1000
117,2,degCent,10,0.3130971337579618,0,6,None,66,1,5,False,1000,1000
118,3,degCent,10,0.3123009554140127,0,6,None,66,1,5,False,1000,1000
119,4,degCent,10,0.3045382165605095,0,6,None,66,1,5,False,1000,1000
120,0,degCent,10,0.2004378980891719,0,7,None,66,1,5,False,1000,1000
121,1,degCent,10,0.2256170382165605,0,7,None,66,1,5,False,1000,1000
122,2,degCent,10,0.2701035031847134,0,7,None,66,1,5,False,1000,1000
123,3,degCent,10,0.3648487261146497,0,7,None,66,1,5,False,1000,1000
124,4,degCent,10,0.4332205414012738,0,7,None,66,1,5,False,1000,1000
125,0,degCent,10,0.2781648089171974,0,26,None,66,1,5,False,1000,1000
126,1,degCent,10,0.3960987261146497,0,26,None,66,1,5,False,1000,1000
127,2,degCent,10,0.4542197452229299,0,26,None,66,1,5,False,1000,1000
128,3,degCent,10,0.4852707006369426,0,26,None,66,1,5,False,1000,1000
129,4,degCent,10,0.5132364649681529,0,26,None,66,1,5,False,1000,1000
130,0,degCent,10,0.2230294585987261,0,12,None,66,1,5,False,1000,1000
131,1,degCent,10,0.2916003184713376,0,12,None,66,1,5,False,1000,1000
132,2,degCent,10,0.3341958598726114,0,12,None,66,1,5,False,1000,1000
133,3,degCent,10,0.3652468152866242,0,12,None,66,1,5,False,1000,1000
134,4,degCent,10,0.3896297770700637,0,12,None,66,1,5,False,1000,1000
135,0,degCent,10,0.2158638535031847,0,30,None,66,1,5,False,1000,1000
136,1,degCent,10,0.1775477707006369,0,30,None,66,1,5,False,1000,1000
137,2,degCent,10,0.1634156050955414,0,30,None,66,1,5,False,1000,1000
138,3,degCent,10,0.2368630573248407,0,30,None,66,1,5,False,1000,1000
139,4,degCent,10,0.3013535031847134,0,30,None,66,1,5,False,1000,1000
140,0,degCent,10,0.1436106687898089,0,14,None,66,1,5,False,1000,1000
141,1,degCent,10,0.2236265923566879,0,14,None,66,1,5,False,1000,1000
142,2,degCent,10,0.3486265923566879,0,14,None,66,1,5,False,1000,1000
143,3,degCent,10,0.3984872611464968,0,14,None,66,1,5,False,1000,1000
144,4,degCent,10,0.4285429936305732,0,14,None,66,1,5,False,1000,1000
145,0,degCent,10,0.1081807324840764,0,22,None,66,1,5,False,1000,1000
146,1,degCent,10,0.1723726114649681,0,22,None,66,1,5,False,1000,1000
147,2,degCent,10,0.322452229299363,0,22,None,66,1,5,False,1000,1000
148,3,degCent,10,0.376890923566879,0,22,None,66,1,5,False,1000,1000
149,4,degCent,10,0.3975915605095541,0,22,None,66,1,5,False,1000,1000
150,0,degCent,10,0.1188296178343949,0,0,None,66,1,5,False,1000,1000
151,1,degCent,10,0.2519904458598726,0,0,None,66,1,5,False,1000,1000
152,2,degCent,10,0.3245421974522293,0,0,None,66,1,5,False,1000,1000
153,3,degCent,10,0.3905254777070063,0,0,None,66,1,5,False,1000,1000
154,4,degCent,10,0.4403861464968153,0,0,None,66,1,5,False,1000,1000
155,0,degCent,10,0.211186305732484,0,23,None,66,1,5,False,1000,1000
156,1,degCent,10,0.3460390127388535,0,23,None,66,1,5,False,1000,1000
157,2,degCent,10,0.3634554140127388,0,23,None,66,1,5,False,1000,1000
158,3,degCent,10,0.3534036624203822,0,23,None,66,1,5,False,1000,1000
159,4,degCent,10,0.3608678343949044,0,23,None,66,1,5,False,1000,1000
160,0,degCent,10,0.112858280254777,0,4,None,66,1,5,False,1000,1000
161,1,degCent,10,0.2017316878980891,0,4,None,66,1,5,False,1000,1000
162,2,degCent,10,0.3915207006369426,0,4,None,66,1,5,False,1000,1000
163,3,degCent,10,0.4244625796178344,0,4,None,66,1,5,False,1000,1000
164,4,degCent,10,0.4249601910828025,0,4,None,66,1,5,False,1000,1000
165,5,degCent,10,0.4350119426751592,0,17,None,66,1,5,False,1000,1000
166,6,degCent,10,0.4228702229299363,0,17,None,66,1,5,False,1000,1000
167,7,degCent,10,0.4163017515923566,0,17,None,66,1,5,False,1000,1000
168,8,degCent,10,0.4142117834394904,0,17,None,66,1,5,False,1000,1000
169,9,degCent,10,0.415406050955414,0,17,None,66,1,5,False,1000,1000
170,5,degCent,10,0.4429737261146497,0,18,None,66,1,5,False,1000,1000
171,6,degCent,10,0.4451632165605095,0,18,None,66,1,5,False,1000,1000
172,7,degCent,10,0.4436703821656051,0,18,None,66,1,5,False,1000,1000
173,8,degCent,10,0.4397890127388535,0,18,None,66,1,5,False,1000,1000
174,9,degCent,10,0.4352109872611465,0,18,None,66,1,5,False,1000,1000
175,5,degCent,10,0.1309713375796178,0,25,None,66,1,5,False,1000,1000
176,6,degCent,10,0.1892914012738853,0,25,None,66,1,5,False,1000,1000
177,7,degCent,10,0.2398487261146497,0,25,None,66,1,5,False,1000,1000
178,8,degCent,10,0.3122014331210191,0,25,None,66,1,5,False,1000,1000
179,9,degCent,10,0.2729896496815286,0,25,None,66,1,5,False,1000,1000
180,5,degCent,10,0.0995222929936305,0,19,None,66,1,5,False,1000,1000
181,6,degCent,10,0.0995222929936305,0,19,None,66,1,5,False,1000,1000
182,7,degCent,10,0.0995222929936305,0,19,None,66,1,5,False,1000,1000
183,8,degCent,10,0.0995222929936305,0,19,None,66,1,5,False,1000,1000
184,9,degCent,10,0.0995222929936305,0,19,None,66,1,5,False,1000,1000
185,5,degCent,10,0.0995222929936305,0,31,None,66,1,5,False,1000,1000
186,6,degCent,10,0.0995222929936305,0,31,None,66,1,5,False,1000,1000
187,7,degCent,10,0.0995222929936305,0,31,None,66,1,5,False,1000,1000
188,8,degCent,10,0.0995222929936305,0,31,None,66,1,5,False,1000,1000
189,9,degCent,10,0.0995222929936305,0,31,None,66,1,5,False,1000,1000
190,5,degCent,10,0.1134554140127388,0,24,None,66,1,5,False,1000,1000
191,6,degCent,10,0.2092953821656051,0,24,None,66,1,5,False,1000,1000
192,7,degCent,10,0.2096934713375796,0,24,None,66,1,5,False,1000,1000
193,8,degCent,10,0.1674960191082802,0,24,None,66,1,5,False,1000,1000
194,9,degCent,10,0.1952627388535031,0,24,None,66,1,5,False,1000,1000
195,5,degCent,10,0.1591361464968153,0,26,None,66,1,5,False,1000,1000
196,6,degCent,10,0.1078821656050955,0,26,None,66,1,5,False,1000,1000
197,7,degCent,10,0.0995222929936305,0,26,None,66,1,5,False,1000,1000
198,8,degCent,10,0.0995222929936305,0,26,None,66,1,5,False,1000,1000
199,9,degCent,10,0.0995222929936305,0,26,None,66,1,5,False,1000,1000
200,5,degCent,10,0.2003383757961783,0,12,None,66,1,5,False,1000,1000
201,6,degCent,10,0.1522691082802547,0,12,None,66,1,5,False,1000,1000
202,7,degCent,10,0.0995222929936305,0,12,None,66,1,5,False,1000,1000
203,8,degCent,10,0.0995222929936305,0,12,None,66,1,5,False,1000,1000
204,9,degCent,10,0.0995222929936305,0,12,None,66,1,5,False,1000,1000
205,5,degCent,10,0.440187101910828,0,10,None,66,1,5,False,1000,1000
206,6,degCent,10,0.442078025477707,0,10,None,66,1,5,False,1000,1000
207,7,degCent,10,0.426453025477707,0,10,None,66,1,5,False,1000,1000
208,8,degCent,10,0.4126194267515923,0,10,None,66,1,5,False,1000,1000
209,9,degCent,10,0.3962977707006369,0,10,None,66,1,5,False,1000,1000
210,5,degCent,10,0.517515923566879,0,11,None,66,1,5,False,1000,1000
211,6,degCent,10,0.5531449044585988,0,11,None,66,1,5,False,1000,1000
212,7,degCent,10,0.5004976114649682,0,11,None,66,1,5,False,1000,1000
213,8,degCent,10,0.4678542993630573,0,11,None,66,1,5,False,1000,1000
214,9,degCent,10,0.4298367834394904,0,11,None,66,1,5,False,1000,1000
215,5,degCent,10,0.4786027070063694,0,15,None,66,1,5,False,1000,1000
216,6,degCent,10,0.4821855095541401,0,15,None,66,1,5,False,1000,1000
217,7,degCent,10,0.43640525477707,0,15,None,66,1,5,False,1000,1000
218,8,degCent,10,0.4122213375796178,0,15,None,66,1,5,False,1000,1000
219,9,degCent,10,0.3984872611464968,0,15,None,66,1,5,False,1000,1000
220,5,degCent,10,0.415406050955414,0,20,None,66,1,5,False,1000,1000
221,6,degCent,10,0.4304339171974522,0,20,None,66,1,5,False,1000,1000
222,7,degCent,10,0.4316281847133758,0,20,None,66,1,5,False,1000,1000
223,8,degCent,10,0.4316281847133758,0,20,None,66,1,5,False,1000,1000
224,9,degCent,10,0.4319267515923566,0,20,None,66,1,5,False,1000,1000
225,5,degCent,10,0.0995222929936305,0,14,None,66,1,5,False,1000,1000
226,6,degCent,10,0.0995222929936305,0,14,None,66,1,5,False,1000,1000
227,7,degCent,10,0.0995222929936305,0,14,None,66,1,5,False,1000,1000
228,8,degCent,10,0.0995222929936305,0,14,None,66,1,5,False,1000,1000
229,9,degCent,10,0.0995222929936305,0,14,None,66,1,5,False,1000,1000
230,5,degCent,10,0.3436504777070063,0,22,None,66,1,5,False,1000,1000
231,6,degCent,10,0.3419585987261146,0,22,None,66,1,5,False,1000,1000
232,7,degCent,10,0.3258359872611465,0,22,None,66,1,5,False,1000,1000
233,8,degCent,10,0.3124004777070063,0,22,None,66,1,5,False,1000,1000
234,9,degCent,10,0.2965764331210191,0,22,None,66,1,5,False,1000,1000
235,5,degCent,10,0.3738057324840764,0,32,None,66,1,5,False,1000,1000
236,6,degCent,10,0.3636544585987261,0,32,None,66,1,5,False,1000,1000
237,7,degCent,10,0.3256369426751592,0,32,None,66,1,5,False,1000,1000
238,8,degCent,10,0.2903065286624204,0,32,None,66,1,5,False,1000,1000
239,9,degCent,10,0.2630374203821656,0,32,None,66,1,5,False,1000,1000
240,5,degCent,10,0.0995222929936305,0,30,None,66,1,5,False,1000,1000
241,6,degCent,10,0.0995222929936305,0,30,None,66,1,5,False,1000,1000
242,7,degCent,10,0.0995222929936305,0,30,None,66,1,5,False,1000,1000
243,8,degCent,10,0.0995222929936305,0,30,None,66,1,5,False,1000,1000
244,9,degCent,10,0.0995222929936305,0,30,None,66,1,5,False,1000,1000
245,5,degCent,10,0.0995222929936305,0,6,None,66,1,5,False,1000,1000
246,6,degCent,10,0.0995222929936305,0,6,None,66,1,5,False,1000,1000
247,7,degCent,10,0.0995222929936305,0,6,None,66,1,5,False,1000,1000
248,8,degCent,10,0.0995222929936305,0,6,None,66,1,5,False,1000,1000
249,9,degCent,10,0.0995222929936305,0,6,None,66,1,5,False,1000,1000
250,5,degCent,10,0.1713773885350318,0,16,None,66,1,5,False,1000,1000
251,6,degCent,10,0.179140127388535,0,16,None,66,1,5,False,1000,1000
252,7,degCent,10,0.1845143312101911,0,16,None,66,1,5,False,1000,1000
253,8,degCent,10,0.1870023885350318,0,16,None,66,1,5,False,1000,1000
254,9,degCent,10,0.188296178343949,0,16,None,66,1,5,False,1000,1000
255,5,degCent,10,0.2528861464968153,0,7,None,66,1,5,False,1000,1000
256,6,degCent,10,0.1133558917197452,0,7,None,66,1,5,False,1000,1000
257,7,degCent,10,0.1112659235668789,0,7,None,66,1,5,False,1000,1000
258,8,degCent,10,0.1116640127388535,0,7,None,66,1,5,False,1000,1000
259,9,degCent,10,0.1131568471337579,0,7,None,66,1,5,False,1000,1000
260,5,degCent,10,0.4347133757961783,0,1,None,66,1,5,False,1000,1000
261,6,degCent,10,0.3708200636942675,0,1,None,66,1,5,False,1000,1000
262,7,degCent,10,0.4003781847133758,0,1,None,66,1,5,False,1000,1000
263,8,degCent,10,0.427249203821656,0,1,None,66,1,5,False,1000,1000
264,9,degCent,10,0.394108280254777,0,1,None,66,1,5,False,1000,1000
265,5,degCent,10,0.2999601910828025,0,2,None,66,1,5,False,1000,1000
266,6,degCent,10,0.333499203821656,0,2,None,66,1,5,False,1000,1000
267,7,degCent,10,0.3583797770700637,0,2,None,66,1,5,False,1000,1000
268,8,degCent,10,0.3969944267515923,0,2,None,66,1,5,False,1000,1000
269,9,degCent,10,0.3998805732484076,0,2,None,66,1,5,False,1000,1000
270,5,degCent,10,0.1925756369426751,0,0,None,66,1,5,False,1000,1000
271,6,degCent,10,0.1747611464968153,0,0,None,66,1,5,False,1000,1000
272,7,degCent,10,0.1605294585987261,0,0,None,66,1,5,False,1000,1000
273,8,degCent,10,0.1532643312101911,0,0,None,66,1,5,False,1000,1000
274,9,degCent,10,0.1522691082802547,0,0,None,66,1,5,False,1000,1000
275,5,degCent,10,0.1161425159235668,0,4,None,66,1,5,False,1000,1000
276,6,degCent,10,0.2294984076433121,0,4,None,66,1,5,False,1000,1000
277,7,degCent,10,0.2933917197452229,0,4,None,66,1,5,False,1000,1000
278,8,degCent,10,0.319765127388535,0,4,None,66,1,5,False,1000,1000
279,9,degCent,10,0.3247412420382166,0,4,None,66,1,5,False,1000,1000
280,5,degCent,10,0.212281050955414,0,3,None,66,1,5,False,1000,1000
281,6,degCent,10,0.2075039808917197,0,3,None,66,1,5,False,1000,1000
282,7,degCent,10,0.2056130573248407,0,3,None,66,1,5,False,1000,1000
283,8,degCent,10,0.2063097133757961,0,3,None,66,1,5,False,1000,1000
284,9,degCent,10,0.2119824840764331,0,3,None,66,1,5,False,1000,1000
285,5,degCent,10,0.2234275477707006,0,5,None,66,1,5,False,1000,1000
286,6,degCent,10,0.2179538216560509,0,5,None,66,1,5,False,1000,1000
287,7,degCent,10,0.2151671974522293,0,5,None,66,1,5,False,1000,1000
288,8,degCent,10,0.2139729299363057,0,5,None,66,1,5,False,1000,1000
289,9,degCent,10,0.2159633757961783,0,5,None,66,1,5,False,1000,1000
290,5,degCent,10,0.1435111464968153,0,8,None,66,1,5,False,1000,1000
291,6,degCent,10,0.1545581210191083,0,8,None,66,1,5,False,1000,1000
292,7,degCent,10,0.1853105095541401,0,8,None,66,1,5,False,1000,1000
293,8,degCent,10,0.207703025477707,0,8,None,66,1,5,False,1000,1000
294,9,degCent,10,0.2275079617834395,0,8,None,66,1,5,False,1000,1000
295,5,degCent,10,0.4126194267515923,0,13,None,66,1,5,False,1000,1000
296,6,degCent,10,0.4406847133757962,0,13,None,66,1,5,False,1000,1000
297,7,degCent,10,0.46875,0,13,None,66,1,5,False,1000,1000
298,8,degCent,10,0.5216958598726115,0,13,None,66,1,5,False,1000,1000
299,9,degCent,10,0.5429936305732485,0,13,None,66,1,5,False,1000,1000
300,5,degCent,10,0.2879179936305732,0,9,None,66,1,5,False,1000,1000
301,6,degCent,10,0.3624601910828025,0,9,None,66,1,5,False,1000,1000
302,7,degCent,10,0.3123009554140127,0,9,None,66,1,5,False,1000,1000
303,8,degCent,10,0.2689092356687898,0,9,None,66,1,5,False,1000,1000
304,9,degCent,10,0.2239251592356688,0,9,None,66,1,5,False,1000,1000
305,5,degCent,10,0.4174960191082802,0,21,None,66,1,5,False,1000,1000
306,6,degCent,10,0.4303343949044586,0,21,None,66,1,5,False,1000,1000
307,7,degCent,10,0.4647691082802547,0,21,None,66,1,5,False,1000,1000
308,8,degCent,10,0.4251592356687898,0,21,None,66,1,5,False,1000,1000
309,9,degCent,10,0.3774880573248407,0,21,None,66,1,5,False,1000,1000
310,5,degCent,10,0.0995222929936305,0,23,None,66,1,5,False,1000,1000
311,6,degCent,10,0.1032046178343949,0,23,None,66,1,5,False,1000,1000
312,7,degCent,10,0.1715764331210191,0,23,None,66,1,5,False,1000,1000
313,8,degCent,10,0.1916799363057325,0,23,None,66,1,5,False,1000,1000
314,9,degCent,10,0.1905851910828025,0,23,None,66,1,5,False,1000,1000
315,5,degCent,10,0.477906050955414,0,27,None,66,1,5,False,1000,1000
316,6,degCent,10,0.5051751592356688,0,27,None,66,1,5,False,1000,1000
317,7,degCent,10,0.5095541401273885,0,27,None,66,1,5,False,1000,1000
318,8,degCent,10,0.4955214968152866,0,27,None,66,1,5,False,1000,1000
319,9,degCent,10,0.4848726114649681,0,27,None,66,1,5,False,1000,1000
320,5,degCent,10,0.253483280254777,0,28,None,66,1,5,False,1000,1000
321,6,degCent,10,0.255374203821656,0,28,None,66,1,5,False,1000,1000
322,7,degCent,10,0.2650278662420382,0,28,None,66,1,5,False,1000,1000
323,8,degCent,10,0.2999601910828025,0,28,None,66,1,5,False,1000,1000
324,9,degCent,10,0.3211584394904458,0,28,None,66,1,5,False,1000,1000
325,5,degCent,10,0.4390923566878981,0,29,None,66,1,5,False,1000,1000
326,6,degCent,10,0.4408837579617834,0,29,None,66,1,5,False,1000,1000
327,7,degCent,10,0.4726313694267516,0,29,None,66,1,5,False,1000,1000
328,8,degCent,10,0.509952229299363,0,29,None,66,1,5,False,1000,1000
329,9,degCent,10,0.5127388535031847,0,29,None,66,1,5,False,1000,1000
330,10,degCent,10,0.2503980891719745,0,1,None,66,1,5,False,1000,1000
331,11,degCent,10,0.1902866242038216,0,1,None,66,1,5,False,1000,1000
332,12,degCent,10,0.1559514331210191,0,1,None,66,1,5,False,1000,1000
333,13,degCent,10,0.1332603503184713,0,1,None,66,1,5,False,1000,1000
334,14,degCent,10,0.1375398089171974,0,1,None,66,1,5,False,1000,1000
335,10,degCent,10,0.4019705414012738,0,23,None,66,1,5,False,1000,1000
336,11,degCent,10,0.3617635350318471,0,23,None,66,1,5,False,1000,1000
337,12,degCent,10,0.2964769108280254,0,23,None,66,1,5,False,1000,1000
338,13,degCent,10,0.2727906050955414,0,23,None,66,1,5,False,1000,1000
339,14,degCent,10,0.2681130573248407,0,23,None,66,1,5,False,1000,1000
340,10,degCent,10,0.4143113057324841,0,29,None,66,1,5,False,1000,1000
341,11,degCent,10,0.3939092356687898,0,29,None,66,1,5,False,1000,1000
342,12,degCent,10,0.3550955414012738,0,29,None,66,1,5,False,1000,1000
343,13,degCent,10,0.3085191082802547,0,29,None,66,1,5,False,1000,1000
344,14,degCent,10,0.276671974522293,0,29,None,66,1,5,False,1000,1000
345,10,degCent,10,0.2696058917197452,0,32,None,66,1,5,False,1000,1000
346,11,degCent,10,0.2521894904458598,0,32,None,66,1,5,False,1000,1000
347,12,degCent,10,0.2223328025477707,0,32,None,66,1,5,False,1000,1000
348,13,degCent,10,0.1893909235668789,0,32,None,66,1,5,False,1000,1000
349,14,degCent,10,0.1875995222929936,0,32,None,66,1,5,False,1000,1000
350,10,degCent,10,0.307921974522293,0,13,None,66,1,5,False,1000,1000
351,11,degCent,10,0.2803542993630573,0,13,None,66,1,5,False,1000,1000
352,12,degCent,10,0.2736863057324841,0,13,None,66,1,5,False,1000,1000
353,13,degCent,10,0.2682125796178344,0,13,None,66,1,5,False,1000,1000
354,14,degCent,10,0.2653264331210191,0,13,None,66,1,5,False,1000,1000
355,10,degCent,10,0.0995222929936305,0,26,None,66,1,5,False,1000,1000
356,11,degCent,10,0.1232085987261146,0,26,None,66,1,5,False,1000,1000
357,12,degCent,10,0.0995222929936305,0,26,None,66,1,5,False,1000,1000
358,13,degCent,10,0.0995222929936305,0,26,None,66,1,5,False,1000,1000
359,14,degCent,10,0.0995222929936305,0,26,None,66,1,5,False,1000,1000
360,10,degCent,10,0.1933718152866242,0,16,None,66,1,5,False,1000,1000
361,11,degCent,10,0.2199442675159235,0,16,None,66,1,5,False,1000,1000
362,12,degCent,10,0.2293988853503184,0,16,None,66,1,5,False,1000,1000
363,13,degCent,10,0.2291003184713375,0,16,None,66,1,5,False,1000,1000
364,14,degCent,10,0.2369625796178344,0,16,None,66,1,5,False,1000,1000
365,10,degCent,10,0.1658041401273885,0,19,None,66,1,5,False,1000,1000
366,11,degCent,10,0.1883957006369426,0,19,None,66,1,5,False,1000,1000
367,12,degCent,10,0.2057125796178344,0,19,None,66,1,5,False,1000,1000
368,13,degCent,10,0.2161624203821656,0,19,None,66,1,5,False,1000,1000
369,14,degCent,10,0.2200437898089172,0,19,None,66,1,5,False,1000,1000
370,10,degCent,10,0.1936703821656051,0,8,None,66,1,5,False,1000,1000
371,11,degCent,10,0.1873009554140127,0,8,None,66,1,5,False,1000,1000
372,12,degCent,10,0.185609076433121,0,8,None,66,1,5,False,1000,1000
373,13,degCent,10,0.1841162420382165,0,8,None,66,1,5,False,1000,1000
374,14,degCent,10,0.1835191082802547,0,8,None,66,1,5,False,1000,1000
375,10,degCent,10,0.3490246815286624,0,5,None,66,1,5,False,1000,1000
376,11,degCent,10,0.3650477707006369,0,5,None,66,1,5,False,1000,1000
377,12,degCent,10,0.372014331210191,0,5,None,66,1,5,False,1000,1000
378,13,degCent,10,0.3726114649681528,0,5,None,66,1,5,False,1000,1000
379,14,degCent,10,0.360171178343949,0,5,None,66,1,5,False,1000,1000
380,10,degCent,10,0.3309116242038216,0,4,None,66,1,5,False,1000,1000
381,11,degCent,10,0.3951035031847134,0,4,None,66,1,5,False,1000,1000
382,12,degCent,10,0.3922173566878981,0,4,None,66,1,5,False,1000,1000
383,13,degCent,10,0.3740047770700637,0,4,None,66,1,5,False,1000,1000
384,14,degCent,10,0.3630573248407643,0,4,None,66,1,5,False,1000,1000
385,10,degCent,10,0.2262141719745223,0,20,None,66,1,5,False,1000,1000
386,11,degCent,10,0.2354697452229299,0,20,None,66,1,5,False,1000,1000
387,12,degCent,10,0.2441281847133758,0,20,None,66,1,5,False,1000,1000
388,13,degCent,10,0.2506966560509554,0,20,None,66,1,5,False,1000,1000
389,14,degCent,10,0.2561703821656051,0,20,None,66,1,5,False,1000,1000
390,10,degCent,10,0.3043391719745223,0,7,None,66,1,5,False,1000,1000
391,11,degCent,10,0.3692277070063694,0,7,None,66,1,5,False,1000,1000
392,12,degCent,10,0.3767914012738853,0,7,None,66,1,5,False,1000,1000
393,13,degCent,10,0.3261345541401274,0,7,None,66,1,5,False,1000,1000
394,14,degCent,10,0.2862261146496815,0,7,None,66,1,5,False,1000,1000
395,10,degCent,10,0.3727109872611465,0,28,None,66,1,5,False,1000,1000
396,11,degCent,10,0.3747014331210191,0,28,None,66,1,5,False,1000,1000
397,12,degCent,10,0.3370820063694267,0,28,None,66,1,5,False,1000,1000
398,13,degCent,10,0.2946855095541401,0,28,None,66,1,5,False,1000,1000
399,14,degCent,10,0.2800557324840764,0,28,None,66,1,5,False,1000,1000
400,10,degCent,10,0.1960589171974522,0,22,None,66,1,5,False,1000,1000
401,11,degCent,10,0.2519904458598726,0,22,None,66,1,5,False,1000,1000
402,12,degCent,10,0.2975716560509554,0,22,None,66,1,5,False,1000,1000
403,13,degCent,10,0.2989649681528662,0,22,None,66,1,5,False,1000,1000
404,14,degCent,10,0.3015525477707006,0,22,None,66,1,5,False,1000,1000
405,10,degCent,10,0.0995222929936305,0,14,None,66,1,5,False,1000,1000
406,11,degCent,10,0.0995222929936305,0,14,None,66,1,5,False,1000,1000
407,12,degCent,10,0.0995222929936305,0,14,None,66,1,5,False,1000,1000
408,13,degCent,10,0.0995222929936305,0,14,None,66,1,5,False,1000,1000
409,14,degCent,10,0.0995222929936305,0,14,None,66,1,5,False,1000,1000
410,10,degCent,10,0.3990843949044586,0,9,None,66,1,5,False,1000,1000
411,11,degCent,10,0.3744028662420382,0,9,None,66,1,5,False,1000,1000
412,12,degCent,10,0.3299164012738853,0,9,None,66,1,5,False,1000,1000
413,13,degCent,10,0.2989649681528662,0,9,None,66,1,5,False,1000,1000
414,14,degCent,10,0.2770700636942675,0,9,None,66,1,5,False,1000,1000
415,10,degCent,10,0.2003383757961783,0,12,None,66,1,5,False,1000,1000
416,11,degCent,10,0.2014331210191083,0,12,None,66,1,5,False,1000,1000
417,12,degCent,10,0.2024283439490445,0,12,None,66,1,5,False,1000,1000
418,13,degCent,10,0.2021297770700637,0,12,None,66,1,5,False,1000,1000
419,14,degCent,10,0.2025278662420382,0,12,None,66,1,5,False,1000,1000
420,10,degCent,10,0.2225318471337579,0,25,None,66,1,5,False,1000,1000
421,11,degCent,10,0.2000398089171974,0,25,None,66,1,5,False,1000,1000
422,12,degCent,10,0.1959593949044586,0,25,None,66,1,5,False,1000,1000
423,13,degCent,10,0.1931727707006369,0,25,None,66,1,5,False,1000,1000
424,14,degCent,10,0.1926751592356688,0,25,None,66,1,5,False,1000,1000
425,10,degCent,10,0.419984076433121,0,24,None,66,1,5,False,1000,1000
426,11,degCent,10,0.4206807324840764,0,24,None,66,1,5,False,1000,1000
427,12,degCent,10,0.4321257961783439,0,24,None,66,1,5,False,1000,1000
428,13,degCent,10,0.4366042993630573,0,24,None,66,1,5,False,1000,1000
429,14,degCent,10,0.4352109872611465,0,24,None,66,1,5,False,1000,1000
430,10,degCent,10,0.2636345541401274,0,21,None,66,1,5,False,1000,1000
431,11,degCent,10,0.2649283439490446,0,21,None,66,1,5,False,1000,1000
432,12,degCent,10,0.2894108280254777,0,21,None,66,1,5,False,1000,1000
433,13,degCent,10,0.2963773885350318,0,21,None,66,1,5,False,1000,1000
434,14,degCent,10,0.2920979299363057,0,21,None,66,1,5,False,1000,1000
435,10,degCent,10,0.0995222929936305,0,30,None,66,1,5,False,1000,1000
436,11,degCent,10,0.0995222929936305,0,30,None,66,1,5,False,1000,1000
437,12,degCent,10,0.0995222929936305,0,30,None,66,1,5,False,1000,1000
438,13,degCent,10,0.0995222929936305,0,30,None,66,1,5,False,1000,1000
439,14,degCent,10,0.0995222929936305,0,30,None,66,1,5,False,1000,1000
440,10,degCent,10,0.1264928343949044,0,6,None,66,1,5,False,1000,1000
441,11,degCent,10,0.0995222929936305,0,6,None,66,1,5,False,1000,1000
442,12,degCent,10,0.0995222929936305,0,6,None,66,1,5,False,1000,1000
443,13,degCent,10,0.0995222929936305,0,6,None,66,1,5,False,1000,1000
444,14,degCent,10,0.0995222929936305,0,6,None,66,1,5,False,1000,1000
445,10,degCent,10,0.3692277070063694,0,27,None,66,1,5,False,1000,1000
446,11,degCent,10,0.3533041401273885,0,27,None,66,1,5,False,1000,1000
447,12,degCent,10,0.3396695859872611,0,27,None,66,1,5,False,1000,1000
448,13,degCent,10,0.3295183121019108,0,27,None,66,1,5,False,1000,1000
449,14,degCent,10,0.3260350318471338,0,27,None,66,1,5,False,1000,1000
450,10,degCent,10,0.2407444267515923,0,18,None,66,1,5,False,1000,1000
451,11,degCent,10,0.287718949044586,0,18,None,66,1,5,False,1000,1000
452,12,degCent,10,0.3128980891719745,0,18,None,66,1,5,False,1000,1000
453,13,degCent,10,0.3260350318471338,0,18,None,66,1,5,False,1000,1000
454,14,degCent,10,0.3277269108280254,0,18,None,66,1,5,False,1000,1000
455,10,degCent,10,0.1012141719745222,0,31,None,66,1,5,False,1000,1000
456,11,degCent,10,0.101015127388535,0,31,None,66,1,5,False,1000,1000
457,12,degCent,10,0.1038017515923566,0,31,None,66,1,5,False,1000,1000
458,13,degCent,10,0.1086783439490445,0,31,None,66,1,5,False,1000,1000
459,14,degCent,10,0.119327229299363,0,31,None,66,1,5,False,1000,1000
460,10,degCent,10,0.3732085987261146,0,2,None,66,1,5,False,1000,1000
461,11,degCent,10,0.3323049363057325,0,2,None,66,1,5,False,1000,1000
462,12,degCent,10,0.2989649681528662,0,2,None,66,1,5,False,1000,1000
463,13,degCent,10,0.2897093949044586,0,2,None,66,1,5,False,1000,1000
464,14,degCent,10,0.2890127388535032,0,2,None,66,1,5,False,1000,1000
465,10,degCent,10,0.3117038216560509,0,0,None,66,1,5,False,1000,1000
466,11,degCent,10,0.2895103503184713,0,0,None,66,1,5,False,1000,1000
467,12,degCent,10,0.2731886942675159,0,0,None,66,1,5,False,1000,1000
468,13,degCent,10,0.2569665605095541,0,0,None,66,1,5,False,1000,1000
469,14,degCent,10,0.2453224522292993,0,0,None,66,1,5,False,1000,1000
470,10,degCent,10,0.3393710191082802,0,11,None,66,1,5,False,1000,1000
471,11,degCent,10,0.3629578025477707,0,11,None,66,1,5,False,1000,1000
472,12,degCent,10,0.3715167197452229,0,11,None,66,1,5,False,1000,1000
473,13,degCent,10,0.3438495222929936,0,11,None,66,1,5,False,1000,1000
474,14,degCent,10,0.3383757961783439,0,11,None,66,1,5,False,1000,1000
475,10,degCent,10,0.3099124203821656,0,17,None,66,1,5,False,1000,1000
476,11,degCent,10,0.3444466560509554,0,17,None,66,1,5,False,1000,1000
477,12,degCent,10,0.3635549363057325,0,17,None,66,1,5,False,1000,1000
478,13,degCent,10,0.3847531847133758,0,17,None,66,1,5,False,1000,1000
479,14,degCent,10,0.4107285031847134,0,17,None,66,1,5,False,1000,1000
480,10,degCent,10,0.3438495222929936,0,10,None,66,1,5,False,1000,1000
481,11,degCent,10,0.3001592356687898,0,10,None,66,1,5,False,1000,1000
482,12,degCent,10,0.2833399681528662,0,10,None,66,1,5,False,1000,1000
483,13,degCent,10,0.2796576433121019,0,10,None,66,1,5,False,1000,1000
484,14,degCent,10,0.2830414012738853,0,10,None,66,1,5,False,1000,1000
485,10,degCent,10,0.3561902866242038,0,3,None,66,1,5,False,1000,1000
486,11,degCent,10,0.3451433121019108,0,3,None,66,1,5,False,1000,1000
487,12,degCent,10,0.3365843949044586,0,3,None,66,1,5,False,1000,1000
488,13,degCent,10,0.3309116242038216,0,3,None,66,1,5,False,1000,1000
489,14,degCent,10,0.3282245222929936,0,3,None,66,1,5,False,1000,1000
490,10,degCent,10,0.3046377388535032,0,15,None,66,1,5,False,1000,1000
491,11,degCent,10,0.3375796178343949,0,15,None,66,1,5,False,1000,1000
492,12,degCent,10,0.3754976114649681,0,15,None,66,1,5,False,1000,1000
493,13,degCent,10,0.3549960191082802,0,15,None,66,1,5,False,1000,1000
494,14,degCent,10,0.3333001592356688,0,15,None,66,1,5,False,1000,1000
990,15,degCent,10,0.328921178343949,0,5,None,66,1,5,False,1000,1000
991,16,degCent,10,0.3136942675159235,0,5,None,66,1,5,False,1000,1000
992,17,degCent,10,0.2959792993630573,0,5,None,66,1,5,False,1000,1000
993,18,degCent,10,0.2741839171974522,0,5,None,66,1,5,False,1000,1000
994,19,degCent,10,0.253483280254777,0,5,None,66,1,5,False,1000,1000
995,15,degCent,10,0.3621616242038216,0,15,None,66,1,5,False,1000,1000
996,16,degCent,10,0.3386743630573248,0,15,None,66,1,5,False,1000,1000
997,17,degCent,10,0.3195660828025478,0,15,None,66,1,5,False,1000,1000
998,18,degCent,10,0.3097133757961783,0,15,None,66,1,5,False,1000,1000
999,19,degCent,10,0.2982683121019108,0,15,None,66,1,5,False,1000,1000
1000,15,degCent,10,0.3679339171974522,0,10,None,66,1,5,False,1000,1000
1001,16,degCent,10,0.3495222929936306,0,10,None,66,1,5,False,1000,1000
1002,17,degCent,10,0.3352906050955414,0,10,None,66,1,5,False,1000,1000
1003,18,degCent,10,0.3117038216560509,0,10,None,66,1,5,False,1000,1000
1004,19,degCent,10,0.2937898089171974,0,10,None,66,1,5,False,1000,1000
1005,15,degCent,10,0.1751592356687898,0,16,None,66,1,5,False,1000,1000
1006,16,degCent,10,0.2123805732484076,0,16,None,66,1,5,False,1000,1000
1007,17,degCent,10,0.2354697452229299,0,16,None,66,1,5,False,1000,1000
1008,18,degCent,10,0.207703025477707,0,16,None,66,1,5,False,1000,1000
1009,19,degCent,10,0.2090963375796178,0,16,None,66,1,5,False,1000,1000
1010,15,degCent,10,0.418889331210191,0,11,None,66,1,5,False,1000,1000
1011,16,degCent,10,0.3703224522292994,0,11,None,66,1,5,False,1000,1000
1012,17,degCent,10,0.3263335987261146,0,11,None,66,1,5,False,1000,1000
1013,18,degCent,10,0.317874203821656,0,11,None,66,1,5,False,1000,1000
1014,19,degCent,10,0.3121019108280254,0,11,None,66,1,5,False,1000,1000
1015,15,degCent,10,0.2304936305732484,0,8,None,66,1,5,False,1000,1000
1016,16,degCent,10,0.2068073248407643,0,8,None,66,1,5,False,1000,1000
1017,17,degCent,10,0.198546974522293,0,8,None,66,1,5,False,1000,1000
1018,18,degCent,10,0.1853105095541401,0,8,None,66,1,5,False,1000,1000
1019,19,degCent,10,0.1877985668789809,0,8,None,66,1,5,False,1000,1000
1020,15,degCent,10,0.3395700636942675,0,20,None,66,1,5,False,1000,1000
1021,16,degCent,10,0.3360867834394904,0,20,None,66,1,5,False,1000,1000
1022,17,degCent,10,0.3321058917197452,0,20,None,66,1,5,False,1000,1000
1023,18,degCent,10,0.3288216560509554,0,20,None,66,1,5,False,1000,1000
1024,19,degCent,10,0.32703025477707,0,20,None,66,1,5,False,1000,1000
1025,15,degCent,10,0.1657046178343949,0,19,None,66,1,5,False,1000,1000
1026,16,degCent,10,0.177249203821656,0,19,None,66,1,5,False,1000,1000
1027,17,degCent,10,0.1942675159235669,0,19,None,66,1,5,False,1000,1000
1028,18,degCent,10,0.1990445859872611,0,19,None,66,1,5,False,1000,1000
1029,19,degCent,10,0.1956608280254777,0,19,None,66,1,5,False,1000,1000
1030,15,degCent,10,0.0995222929936305,0,14,None,66,1,5,False,1000,1000
1031,16,degCent,10,0.0995222929936305,0,14,None,66,1,5,False,1000,1000
1032,17,degCent,10,0.0995222929936305,0,14,None,66,1,5,False,1000,1000
1033,18,degCent,10,0.0995222929936305,0,14,None,66,1,5,False,1000,1000
1034,19,degCent,10,0.0995222929936305,0,14,None,66,1,5,False,1000,1000
1035,15,degCent,10,0.3559912420382166,0,22,None,66,1,5,False,1000,1000
1036,16,degCent,10,0.3255374203821656,0,22,None,66,1,5,False,1000,1000
1037,17,degCent,10,0.3526074840764331,0,22,None,66,1,5,False,1000,1000
1038,18,degCent,10,0.3184713375796178,0,22,None,66,1,5,False,1000,1000
1039,19,degCent,10,0.2573646496815286,0,22,None,66,1,5,False,1000,1000
1040,15,degCent,10,0.321656050955414,0,23,None,66,1,5,False,1000,1000
1041,16,degCent,10,0.3050358280254777,0,23,None,66,1,5,False,1000,1000
1042,17,degCent,10,0.2496019108280254,0,23,None,66,1,5,False,1000,1000
1043,18,degCent,10,0.2132762738853503,0,23,None,66,1,5,False,1000,1000
1044,19,degCent,10,0.2061106687898089,0,23,None,66,1,5,False,1000,1000
1045,15,degCent,10,0.3622611464968153,0,17,None,66,1,5,False,1000,1000
1046,16,degCent,10,0.3752985668789809,0,17,None,66,1,5,False,1000,1000
1047,17,degCent,10,0.3816679936305732,0,17,None,66,1,5,False,1000,1000
1048,18,degCent,10,0.3873407643312102,0,17,None,66,1,5,False,1000,1000
1049,19,degCent,10,0.383359872611465,0,17,None,66,1,5,False,1000,1000
1050,15,degCent,10,0.2470143312101911,0,21,None,66,1,5,False,1000,1000
1051,16,degCent,10,0.2913017515923566,0,21,None,66,1,5,False,1000,1000
1052,17,degCent,10,0.3047372611464968,0,21,None,66,1,5,False,1000,1000
1053,18,degCent,10,0.293093152866242,0,21,None,66,1,5,False,1000,1000
1054,19,degCent,10,0.2671178343949044,0,21,None,66,1,5,False,1000,1000
1055,15,degCent,10,0.3261345541401274,0,24,None,66,1,5,False,1000,1000
1056,16,degCent,10,0.3560907643312102,0,24,None,66,1,5,False,1000,1000
1057,17,degCent,10,0.388734076433121,0,24,None,66,1,5,False,1000,1000
1058,18,degCent,10,0.4082404458598726,0,24,None,66,1,5,False,1000,1000
1059,19,degCent,10,0.4185907643312102,0,24,None,66,1,5,False,1000,1000
1060,15,degCent,10,0.3296178343949044,0,28,None,66,1,5,False,1000,1000
1061,16,degCent,10,0.3175756369426751,0,28,None,66,1,5,False,1000,1000
1062,17,degCent,10,0.2929936305732484,0,28,None,66,1,5,False,1000,1000
1063,18,degCent,10,0.2678144904458598,0,28,None,66,1,5,False,1000,1000
1064,19,degCent,10,0.2450238853503184,0,28,None,66,1,5,False,1000,1000
1065,15,degCent,10,0.2654259554140127,0,29,None,66,1,5,False,1000,1000
1066,16,degCent,10,0.269108280254777,0,29,None,66,1,5,False,1000,1000
1067,17,degCent,10,0.2724920382165605,0,29,None,66,1,5,False,1000,1000
1068,18,degCent,10,0.2780652866242038,0,29,None,66,1,5,False,1000,1000
1069,19,degCent,10,0.2805533439490446,0,29,None,66,1,5,False,1000,1000
1070,15,degCent,10,0.3115047770700637,0,9,None,66,1,5,False,1000,1000
1071,16,degCent,10,0.3072253184713376,0,9,None,66,1,5,False,1000,1000
1072,17,degCent,10,0.320859872611465,0,9,None,66,1,5,False,1000,1000
1073,18,degCent,10,0.3229498407643312,0,9,None,66,1,5,False,1000,1000
1074,19,degCent,10,0.3021496815286624,0,9,None,66,1,5,False,1000,1000
1075,15,degCent,10,0.378483280254777,0,4,None,66,1,5,False,1000,1000
1076,16,degCent,10,0.3751990445859872,0,4,None,66,1,5,False,1000,1000
1077,17,degCent,10,0.3452428343949044,0,4,None,66,1,5,False,1000,1000
1078,18,degCent,10,0.303343949044586,0,4,None,66,1,5,False,1000,1000
1079,19,degCent,10,0.2947850318471338,0,4,None,66,1,5,False,1000,1000
1080,15,degCent,10,0.3939092356687898,0,7,None,66,1,5,False,1000,1000
1081,16,degCent,10,0.4122213375796178,0,7,None,66,1,5,False,1000,1000
1082,17,degCent,10,0.3815684713375796,0,7,None,66,1,5,False,1000,1000
1083,18,degCent,10,0.3333996815286624,0,7,None,66,1,5,False,1000,1000
1084,19,degCent,10,0.297671178343949,0,7,None,66,1,5,False,1000,1000
1085,15,degCent,10,0.3058320063694267,0,32,None,66,1,5,False,1000,1000
1086,16,degCent,10,0.2580613057324841,0,32,None,66,1,5,False,1000,1000
1087,17,degCent,10,0.228702229299363,0,32,None,66,1,5,False,1000,1000
1088,18,degCent,10,0.228702229299363,0,32,None,66,1,5,False,1000,1000
1089,19,degCent,10,0.2312898089171974,0,32,None,66,1,5,False,1000,1000
1090,15,degCent,10,0.2796576433121019,0,1,None,66,1,5,False,1000,1000
1091,16,degCent,10,0.1885947452229299,0,1,None,66,1,5,False,1000,1000
1092,17,degCent,10,0.1731687898089172,0,1,None,66,1,5,False,1000,1000
1093,18,degCent,10,0.179936305732484,0,1,None,66,1,5,False,1000,1000
1094,19,degCent,10,0.1880971337579617,0,1,None,66,1,5,False,1000,1000
1095,15,degCent,10,0.3938097133757962,0,2,None,66,1,5,False,1000,1000
1096,16,degCent,10,0.3586783439490446,0,2,None,66,1,5,False,1000,1000
1097,17,degCent,10,0.3138933121019108,0,2,None,66,1,5,False,1000,1000
1098,18,degCent,10,0.3084195859872611,0,2,None,66,1,5,False,1000,1000
1099,19,degCent,10,0.3157842356687898,0,2,None,66,1,5,False,1000,1000
1100,15,degCent,10,0.3862460191082802,0,25,None,66,1,5,False,1000,1000
1101,16,degCent,10,0.3653463375796178,0,25,None,66,1,5,False,1000,1000
1102,17,degCent,10,0.3256369426751592,0,25,None,66,1,5,False,1000,1000
1103,18,degCent,10,0.2799562101910828,0,25,None,66,1,5,False,1000,1000
1104,19,degCent,10,0.2524880573248407,0,25,None,66,1,5,False,1000,1000
1105,15,degCent,10,0.268312101910828,0,26,None,66,1,5,False,1000,1000
1106,16,degCent,10,0.3792794585987261,0,26,None,66,1,5,False,1000,1000
1107,17,degCent,10,0.3884355095541401,0,26,None,66,1,5,False,1000,1000
1108,18,degCent,10,0.3361863057324841,0,26,None,66,1,5,False,1000,1000
1109,19,degCent,10,0.2608479299363057,0,26,None,66,1,5,False,1000,1000
1110,15,degCent,10,0.3635549363057325,0,3,None,66,1,5,False,1000,1000
1111,16,degCent,10,0.3598726114649681,0,3,None,66,1,5,False,1000,1000
1112,17,degCent,10,0.3519108280254777,0,3,None,66,1,5,False,1000,1000
1113,18,degCent,10,0.3405652866242038,0,3,None,66,1,5,False,1000,1000
1114,19,degCent,10,0.3298168789808917,0,3,None,66,1,5,False,1000,1000
1115,15,degCent,10,0.2945859872611465,0,0,None,66,1,5,False,1000,1000
1116,16,degCent,10,0.2817476114649681,0,0,None,66,1,5,False,1000,1000
1117,17,degCent,10,0.2725915605095541,0,0,None,66,1,5,False,1000,1000
1118,18,degCent,10,0.2643312101910828,0,0,None,66,1,5,False,1000,1000
1119,19,degCent,10,0.2576632165605095,0,0,None,66,1,5,False,1000,1000
1120,15,degCent,10,0.3397691082802547,0,12,None,66,1,5,False,1000,1000
1121,16,degCent,10,0.3093152866242038,0,12,None,66,1,5,False,1000,1000
1122,17,degCent,10,0.2856289808917197,0,12,None,66,1,5,False,1000,1000
1123,18,degCent,10,0.2701035031847134,0,12,None,66,1,5,False,1000,1000
1124,19,degCent,10,0.2690087579617834,0,12,None,66,1,5,False,1000,1000
1125,15,degCent,10,0.2535828025477707,0,13,None,66,1,5,False,1000,1000
1126,16,degCent,10,0.2386544585987261,0,13,None,66,1,5,False,1000,1000
1127,17,degCent,10,0.2373606687898089,0,13,None,66,1,5,False,1000,1000
1128,18,degCent,10,0.2375597133757961,0,13,None,66,1,5,False,1000,1000
1129,19,degCent,10,0.2383558917197452,0,13,None,66,1,5,False,1000,1000
1130,15,degCent,10,0.0995222929936305,0,30,None,66,1,5,False,1000,1000
1131,16,degCent,10,0.1033041401273885,0,30,None,66,1,5,False,1000,1000
1132,17,degCent,10,0.1259952229299363,0,30,None,66,1,5,False,1000,1000
1133,18,degCent,10,0.1624203821656051,0,30,None,66,1,5,False,1000,1000
1134,19,degCent,10,0.1969546178343949,0,30,None,66,1,5,False,1000,1000
1135,15,degCent,10,0.2802547770700637,0,6,None,66,1,5,False,1000,1000
1136,16,degCent,10,0.2620421974522293,0,6,None,66,1,5,False,1000,1000
1137,17,degCent,10,0.2528861464968153,0,6,None,66,1,5,False,1000,1000
1138,18,degCent,10,0.2668192675159235,0,6,None,66,1,5,False,1000,1000
1139,19,degCent,10,0.2857285031847134,0,6,None,66,1,5,False,1000,1000
1140,15,degCent,10,0.3179737261146497,0,18,None,66,1,5,False,1000,1000
1141,16,degCent,10,0.3219546178343949,0,18,None,66,1,5,False,1000,1000
1142,17,degCent,10,0.3164808917197452,0,18,None,66,1,5,False,1000,1000
1143,18,degCent,10,0.3054339171974522,0,18,None,66,1,5,False,1000,1000
1144,19,degCent,10,0.2958797770700637,0,18,None,66,1,5,False,1000,1000
1145,15,degCent,10,0.2763734076433121,0,27,None,66,1,5,False,1000,1000
1146,16,degCent,10,0.2808519108280254,0,27,None,66,1,5,False,1000,1000
1147,17,degCent,10,0.2817476114649681,0,27,None,66,1,5,False,1000,1000
1148,18,degCent,10,0.2816480891719745,0,27,None,66,1,5,False,1000,1000
1149,19,degCent,10,0.2814490445859872,0,27,None,66,1,5,False,1000,1000
1150,15,degCent,10,0.1492834394904458,0,31,None,66,1,5,False,1000,1000
1151,16,degCent,10,0.1075835987261146,0,31,None,66,1,5,False,1000,1000
1152,17,degCent,10,0.1192277070063694,0,31,None,66,1,5,False,1000,1000
1153,18,degCent,10,0.1290804140127388,0,31,None,66,1,5,False,1000,1000
1154,19,degCent,10,0.1358479299363057,0,31,None,66,1,5,False,1000,1000
1155,20,degCent,10,0.2863256369426751,0,32,None,66,1,5,False,1000,1000
1156,21,degCent,10,0.2822452229299363,0,32,None,66,1,5,False,1000,1000
1157,22,degCent,10,0.2807523885350318,0,32,None,66,1,5,False,1000,1000
1158,23,degCent,10,0.2940883757961783,0,32,None,66,1,5,False,1000,1000
1159,24,degCent,10,0.3275278662420382,0,32,None,66,1,5,False,1000,1000
1160,20,degCent,10,0.314390923566879,0,25,None,66,1,5,False,1000,1000
1161,21,degCent,10,0.2674164012738853,0,25,None,66,1,5,False,1000,1000
1162,22,degCent,10,0.2377587579617834,0,25,None,66,1,5,False,1000,1000
1163,23,degCent,10,0.2313893312101911,0,25,None,66,1,5,False,1000,1000
1164,24,degCent,10,0.2352707006369426,0,25,None,66,1,5,False,1000,1000
1165,20,degCent,10,0.2364649681528662,0,16,None,66,1,5,False,1000,1000
1166,21,degCent,10,0.2963773885350318,0,16,None,66,1,5,False,1000,1000
1167,22,degCent,10,0.2777667197452229,0,16,None,66,1,5,False,1000,1000
1168,23,degCent,10,0.2474124203821656,0,16,None,66,1,5,False,1000,1000
1169,24,degCent,10,0.2285031847133758,0,16,None,66,1,5,False,1000,1000
1170,20,degCent,10,0.3435509554140127,0,7,None,66,1,5,False,1000,1000
1171,21,degCent,10,0.3411624203821656,0,7,None,66,1,5,False,1000,1000
1172,22,degCent,10,0.3379777070063694,0,7,None,66,1,5,False,1000,1000
1173,23,degCent,10,0.3344944267515923,0,7,None,66,1,5,False,1000,1000
1174,24,degCent,10,0.3319068471337579,0,7,None,66,1,5,False,1000,1000
1175,20,degCent,10,0.3450437898089172,0,10,None,66,1,5,False,1000,1000
1176,21,degCent,10,0.3482285031847134,0,10,None,66,1,5,False,1000,1000
1177,22,degCent,10,0.3425557324840764,0,10,None,66,1,5,False,1000,1000
1178,23,degCent,10,0.3500199044585987,0,10,None,66,1,5,False,1000,1000
1179,24,degCent,10,0.3528065286624204,0,10,None,66,1,5,False,1000,1000
1180,20,degCent,10,0.3074243630573248,0,15,None,66,1,5,False,1000,1000
1181,21,degCent,10,0.3027468152866242,0,15,None,66,1,5,False,1000,1000
1182,22,degCent,10,0.3008558917197452,0,15,None,66,1,5,False,1000,1000
1183,23,degCent,10,0.3019506369426751,0,15,None,66,1,5,False,1000,1000
1184,24,degCent,10,0.3046377388535032,0,15,None,66,1,5,False,1000,1000
1185,20,degCent,10,0.3687300955414013,0,11,None,66,1,5,False,1000,1000
1186,21,degCent,10,0.3674363057324841,0,11,None,66,1,5,False,1000,1000
1187,22,degCent,10,0.3169785031847134,0,11,None,66,1,5,False,1000,1000
1188,23,degCent,10,0.3124004777070063,0,11,None,66,1,5,False,1000,1000
1189,24,degCent,10,0.3164808917197452,0,11,None,66,1,5,False,1000,1000
1190,20,degCent,10,0.3669386942675159,0,20,None,66,1,5,False,1000,1000
1191,21,degCent,10,0.34375,0,20,None,66,1,5,False,1000,1000
1192,22,degCent,10,0.3447452229299363,0,20,None,66,1,5,False,1000,1000
1193,23,degCent,10,0.3481289808917197,0,20,None,66,1,5,False,1000,1000
1194,24,degCent,10,0.3542993630573248,0,20,None,66,1,5,False,1000,1000
1195,20,degCent,10,0.2505971337579618,0,19,None,66,1,5,False,1000,1000
1196,21,degCent,10,0.2575636942675159,0,19,None,66,1,5,False,1000,1000
1197,22,degCent,10,0.2371616242038216,0,19,None,66,1,5,False,1000,1000
1198,23,degCent,10,0.2216361464968153,0,19,None,66,1,5,False,1000,1000
1199,24,degCent,10,0.2298964968152866,0,19,None,66,1,5,False,1000,1000
1200,20,degCent,10,0.2944864649681528,0,18,None,66,1,5,False,1000,1000
1201,21,degCent,10,0.2898089171974522,0,18,None,66,1,5,False,1000,1000
1202,22,degCent,10,0.287718949044586,0,18,None,66,1,5,False,1000,1000
1203,23,degCent,10,0.2892117834394904,0,18,None,66,1,5,False,1000,1000
1204,24,degCent,10,0.2952826433121019,0,18,None,66,1,5,False,1000,1000
1205,20,degCent,10,0.3381767515923566,0,17,None,66,1,5,False,1000,1000
1206,21,degCent,10,0.338077229299363,0,17,None,66,1,5,False,1000,1000
1207,22,degCent,10,0.339171974522293,0,17,None,66,1,5,False,1000,1000
1208,23,degCent,10,0.3494227707006369,0,17,None,66,1,5,False,1000,1000
1209,24,degCent,10,0.3930135350318471,0,17,None,66,1,5,False,1000,1000
1210,20,degCent,10,0.2636345541401274,0,1,None,66,1,5,False,1000,1000
1211,21,degCent,10,0.1915804140127388,0,1,None,66,1,5,False,1000,1000
1212,22,degCent,10,0.234375,0,1,None,66,1,5,False,1000,1000
1213,23,degCent,10,0.2401472929936305,0,1,None,66,1,5,False,1000,1000
1214,24,degCent,10,0.2276074840764331,0,1,None,66,1,5,False,1000,1000
1215,20,degCent,10,0.3503184713375796,0,2,None,66,1,5,False,1000,1000
1216,21,degCent,10,0.366640127388535,0,2,None,66,1,5,False,1000,1000
1217,22,degCent,10,0.3108081210191082,0,2,None,66,1,5,False,1000,1000
1218,23,degCent,10,0.333499203821656,0,2,None,66,1,5,False,1000,1000
1219,24,degCent,10,0.3629578025477707,0,2,None,66,1,5,False,1000,1000
1220,20,degCent,10,0.3241441082802547,0,4,None,66,1,5,False,1000,1000
1221,21,degCent,10,0.333499203821656,0,4,None,66,1,5,False,1000,1000
1222,22,degCent,10,0.3141918789808917,0,4,None,66,1,5,False,1000,1000
1223,23,degCent,10,0.3081210191082802,0,4,None,66,1,5,False,1000,1000
1224,24,degCent,10,0.34265525477707,0,4,None,66,1,5,False,1000,1000
1225,20,degCent,10,0.3011544585987261,0,3,None,66,1,5,False,1000,1000
1226,21,degCent,10,0.3016520700636942,0,3,None,66,1,5,False,1000,1000
1227,22,degCent,10,0.3051353503184713,0,3,None,66,1,5,False,1000,1000
1228,23,degCent,10,0.3108081210191082,0,3,None,66,1,5,False,1000,1000
1229,24,degCent,10,0.3179737261146497,0,3,None,66,1,5,False,1000,1000
1230,20,degCent,10,0.2945859872611465,0,5,None,66,1,5,False,1000,1000
1231,21,degCent,10,0.2913017515923566,0,5,None,66,1,5,False,1000,1000
1232,22,degCent,10,0.2857285031847134,0,5,None,66,1,5,False,1000,1000
1233,23,degCent,10,0.2808519108280254,0,5,None,66,1,5,False,1000,1000
1234,24,degCent,10,0.2822452229299363,0,5,None,66,1,5,False,1000,1000
1235,20,degCent,10,0.2479100318471337,0,8,None,66,1,5,False,1000,1000
1236,21,degCent,10,0.2307921974522293,0,8,None,66,1,5,False,1000,1000
1237,22,degCent,10,0.2347730891719745,0,8,None,66,1,5,False,1000,1000
1238,23,degCent,10,0.2704020700636942,0,8,None,66,1,5,False,1000,1000
1239,24,degCent,10,0.2809514331210191,0,8,None,66,1,5,False,1000,1000
1240,20,degCent,10,0.2697054140127388,0,13,None,66,1,5,False,1000,1000
1241,21,degCent,10,0.2444267515923567,0,13,None,66,1,5,False,1000,1000
1242,22,degCent,10,0.2398487261146497,0,13,None,66,1,5,False,1000,1000
1243,23,degCent,10,0.2432324840764331,0,13,None,66,1,5,False,1000,1000
1244,24,degCent,10,0.2511942675159235,0,13,None,66,1,5,False,1000,1000
1245,20,degCent,10,0.2573646496815286,0,21,None,66,1,5,False,1000,1000
1246,21,degCent,10,0.3162818471337579,0,21,None,66,1,5,False,1000,1000
1247,22,degCent,10,0.3184713375796178,0,21,None,66,1,5,False,1000,1000
1248,23,degCent,10,0.2993630573248407,0,21,None,66,1,5,False,1000,1000
1249,24,degCent,10,0.272093949044586,0,21,None,66,1,5,False,1000,1000
1250,20,degCent,10,0.2846337579617834,0,23,None,66,1,5,False,1000,1000
1251,21,degCent,10,0.2872213375796178,0,23,None,66,1,5,False,1000,1000
1252,22,degCent,10,0.2506966560509554,0,23,None,66,1,5,False,1000,1000
1253,23,degCent,10,0.2408439490445859,0,23,None,66,1,5,False,1000,1000
1254,24,degCent,10,0.2667197452229299,0,23,None,66,1,5,False,1000,1000
1255,20,degCent,10,0.2950835987261146,0,28,None,66,1,5,False,1000,1000
1256,21,degCent,10,0.2893113057324841,0,28,None,66,1,5,False,1000,1000
1257,22,degCent,10,0.2862261146496815,0,28,None,66,1,5,False,1000,1000
1258,23,degCent,10,0.283937101910828,0,28,None,66,1,5,False,1000,1000
1259,24,degCent,10,0.290406050955414,0,28,None,66,1,5,False,1000,1000
1260,20,degCent,10,0.2643312101910828,0,29,None,66,1,5,False,1000,1000
1261,21,degCent,10,0.2662221337579618,0,29,None,66,1,5,False,1000,1000
1262,22,degCent,10,0.2872213375796178,0,29,None,66,1,5,False,1000,1000
1263,23,degCent,10,0.3074243630573248,0,29,None,66,1,5,False,1000,1000
1264,24,degCent,10,0.3303144904458598,0,29,None,66,1,5,False,1000,1000
1265,20,degCent,10,0.2929936305732484,0,24,None,66,1,5,False,1000,1000
1266,21,degCent,10,0.3049363057324841,0,24,None,66,1,5,False,1000,1000
1267,22,degCent,10,0.3714171974522293,0,24,None,66,1,5,False,1000,1000
1268,23,degCent,10,0.4202826433121019,0,24,None,66,1,5,False,1000,1000
1269,24,degCent,10,0.4282444267515923,0,24,None,66,1,5,False,1000,1000
1270,20,degCent,10,0.282046178343949,0,31,None,66,1,5,False,1000,1000
1271,21,degCent,10,0.2415406050955414,0,31,None,66,1,5,False,1000,1000
1272,22,degCent,10,0.2563694267515923,0,31,None,66,1,5,False,1000,1000
1273,23,degCent,10,0.2621417197452229,0,31,None,66,1,5,False,1000,1000
1274,24,degCent,10,0.2529856687898089,0,31,None,66,1,5,False,1000,1000
1275,20,degCent,10,0.2775676751592357,0,0,None,66,1,5,False,1000,1000
1276,21,degCent,10,0.2744824840764331,0,0,None,66,1,5,False,1000,1000
1277,22,degCent,10,0.2758757961783439,0,0,None,66,1,5,False,1000,1000
1278,23,degCent,10,0.283140923566879,0,0,None,66,1,5,False,1000,1000
1279,24,degCent,10,0.304140127388535,0,0,None,66,1,5,False,1000,1000
1280,20,degCent,10,0.301453025477707,0,30,None,66,1,5,False,1000,1000
1281,21,degCent,10,0.3038415605095541,0,30,None,66,1,5,False,1000,1000
1282,22,degCent,10,0.3082205414012738,0,30,None,66,1,5,False,1000,1000
1283,23,degCent,10,0.3140923566878981,0,30,None,66,1,5,False,1000,1000
1284,24,degCent,10,0.3169785031847134,0,30,None,66,1,5,False,1000,1000
1285,20,degCent,10,0.2874203821656051,0,27,None,66,1,5,False,1000,1000
1286,21,degCent,10,0.2903065286624204,0,27,None,66,1,5,False,1000,1000
1287,22,degCent,10,0.2920979299363057,0,27,None,66,1,5,False,1000,1000
1288,23,degCent,10,0.2953821656050955,0,27,None,66,1,5,False,1000,1000
1289,24,degCent,10,0.3030453821656051,0,27,None,66,1,5,False,1000,1000
1290,20,degCent,10,0.3713176751592357,0,26,None,66,1,5,False,1000,1000
1291,21,degCent,10,0.4315286624203822,0,26,None,66,1,5,False,1000,1000
1292,22,degCent,10,0.442078025477707,0,26,None,66,1,5,False,1000,1000
1293,23,degCent,10,0.4209792993630573,0,26,None,66,1,5,False,1000,1000
1294,24,degCent,10,0.3848527070063694,0,26,None,66,1,5,False,1000,1000
1295,20,degCent,10,0.3254378980891719,0,12,None,66,1,5,False,1000,1000
1296,21,degCent,10,0.3294187898089172,0,12,None,66,1,5,False,1000,1000
1297,22,degCent,10,0.328921178343949,0,12,None,66,1,5,False,1000,1000
1298,23,degCent,10,0.3241441082802547,0,12,None,66,1,5,False,1000,1000
1299,24,degCent,10,0.3448447452229299,0,12,None,66,1,5,False,1000,1000
1300,20,degCent,10,0.2862261146496815,0,9,None,66,1,5,False,1000,1000
1301,21,degCent,10,0.2816480891719745,0,9,None,66,1,5,False,1000,1000
1302,22,degCent,10,0.2785628980891719,0,9,None,66,1,5,False,1000,1000
1303,23,degCent,10,0.2804538216560509,0,9,None,66,1,5,False,1000,1000
1304,24,degCent,10,0.3179737261146497,0,9,None,66,1,5,False,1000,1000
1305,20,degCent,10,0.3692277070063694,0,6,None,66,1,5,False,1000,1000
1306,21,degCent,10,0.3517117834394904,0,6,None,66,1,5,False,1000,1000
1307,22,degCent,10,0.337281050955414,0,6,None,66,1,5,False,1000,1000
1308,23,degCent,10,0.3486265923566879,0,6,None,66,1,5,False,1000,1000
1309,24,degCent,10,0.3520103503184713,0,6,None,66,1,5,False,1000,1000
1310,20,degCent,10,0.3944068471337579,0,22,None,66,1,5,False,1000,1000
1311,21,degCent,10,0.3961982484076433,0,22,None,66,1,5,False,1000,1000
1312,22,degCent,10,0.3337977707006369,0,22,None,66,1,5,False,1000,1000
1313,23,degCent,10,0.2790605095541401,0,22,None,66,1,5,False,1000,1000
1314,24,degCent,10,0.2595541401273885,0,22,None,66,1,5,False,1000,1000
1315,20,degCent,10,0.2880175159235669,0,14,None,66,1,5,False,1000,1000
1316,21,degCent,10,0.2824442675159235,0,14,None,66,1,5,False,1000,1000
1317,22,degCent,10,0.2787619426751592,0,14,None,66,1,5,False,1000,1000
1318,23,degCent,10,0.2751791401273885,0,14,None,66,1,5,False,1000,1000
1319,24,degCent,10,0.2710987261146497,0,14,None,66,1,5,False,1000,1000
2145,25,degCent,10,0.3246417197452229,0,15,None,66,1,5,False,1000,1000
2146,26,degCent,10,0.330812101910828,0,15,None,66,1,5,False,1000,1000
2147,27,degCent,10,0.3623606687898089,0,15,None,66,1,5,False,1000,1000
2148,28,degCent,10,0.398984872611465,0,15,None,66,1,5,False,1000,1000
2149,29,degCent,10,0.4106289808917197,0,15,None,66,1,5,False,1000,1000
2150,25,degCent,10,0.368531050955414,0,10,None,66,1,5,False,1000,1000
2151,26,degCent,10,0.4276472929936306,0,10,None,66,1,5,False,1000,1000
2152,27,degCent,10,0.4307324840764331,0,10,None,66,1,5,False,1000,1000
2153,28,degCent,10,0.3820660828025478,0,10,None,66,1,5,False,1000,1000
2154,29,degCent,10,0.3935111464968153,0,10,None,66,1,5,False,1000,1000
2155,25,degCent,10,0.386843152866242,0,11,None,66,1,5,False,1000,1000
2156,26,degCent,10,0.3444466560509554,0,11,None,66,1,5,False,1000,1000
2157,27,degCent,10,0.3733081210191082,0,11,None,66,1,5,False,1000,1000
2158,28,degCent,10,0.3688296178343949,0,11,None,66,1,5,False,1000,1000
2159,29,degCent,10,0.3403662420382166,0,11,None,66,1,5,False,1000,1000
2160,25,degCent,10,0.362858280254777,0,20,None,66,1,5,False,1000,1000
2161,26,degCent,10,0.37390525477707,0,20,None,66,1,5,False,1000,1000
2162,27,degCent,10,0.4325238853503185,0,20,None,66,1,5,False,1000,1000
2163,28,degCent,10,0.5286624203821656,0,20,None,66,1,5,False,1000,1000
2164,29,degCent,10,0.4845740445859872,0,20,None,66,1,5,False,1000,1000
2165,25,degCent,10,0.3838574840764331,0,14,None,66,1,5,False,1000,1000
2166,26,degCent,10,0.3571855095541401,0,14,None,66,1,5,False,1000,1000
2167,27,degCent,10,0.3765923566878981,0,14,None,66,1,5,False,1000,1000
2168,28,degCent,10,0.3910230891719745,0,14,None,66,1,5,False,1000,1000
2169,29,degCent,10,0.4012738853503185,0,14,None,66,1,5,False,1000,1000
2170,25,degCent,10,0.3610668789808917,0,22,None,66,1,5,False,1000,1000
2171,26,degCent,10,0.3358877388535032,0,22,None,66,1,5,False,1000,1000
2172,27,degCent,10,0.2992635350318471,0,22,None,66,1,5,False,1000,1000
2173,28,degCent,10,0.2939888535031847,0,22,None,66,1,5,False,1000,1000
2174,29,degCent,10,0.3109076433121019,0,22,None,66,1,5,False,1000,1000
2175,25,degCent,10,0.3074243630573248,0,25,None,66,1,5,False,1000,1000
2176,26,degCent,10,0.3508160828025478,0,25,None,66,1,5,False,1000,1000
2177,27,degCent,10,0.3886345541401274,0,25,None,66,1,5,False,1000,1000
2178,28,degCent,10,0.4076433121019108,0,25,None,66,1,5,False,1000,1000
2179,29,degCent,10,0.4052547770700637,0,25,None,66,1,5,False,1000,1000
2180,25,degCent,10,0.4252587579617834,0,26,None,66,1,5,False,1000,1000
2181,26,degCent,10,0.382265127388535,0,26,None,66,1,5,False,1000,1000
2182,27,degCent,10,0.3500199044585987,0,26,None,66,1,5,False,1000,1000
2183,28,degCent,10,0.3669386942675159,0,26,None,66,1,5,False,1000,1000
2184,29,degCent,10,0.3848527070063694,0,26,None,66,1,5,False,1000,1000
2185,25,degCent,10,0.3512141719745223,0,12,None,66,1,5,False,1000,1000
2186,26,degCent,10,0.4194864649681528,0,12,None,66,1,5,False,1000,1000
2187,27,degCent,10,0.4755175159235669,0,12,None,66,1,5,False,1000,1000
2188,28,degCent,10,0.414609872611465,0,12,None,66,1,5,False,1000,1000
2189,29,degCent,10,0.3951035031847134,0,12,None,66,1,5,False,1000,1000
2190,25,degCent,10,0.4025676751592357,0,30,None,66,1,5,False,1000,1000
2191,26,degCent,10,0.4113256369426751,0,30,None,66,1,5,False,1000,1000
2192,27,degCent,10,0.4082404458598726,0,30,None,66,1,5,False,1000,1000
2193,28,degCent,10,0.4587977707006369,0,30,None,66,1,5,False,1000,1000
2194,29,degCent,10,0.4084394904458598,0,30,None,66,1,5,False,1000,1000
2195,25,degCent,10,0.4183917197452229,0,6,None,66,1,5,False,1000,1000
2196,26,degCent,10,0.3861464968152866,0,6,None,66,1,5,False,1000,1000
2197,27,degCent,10,0.4267515923566879,0,6,None,66,1,5,False,1000,1000
2198,28,degCent,10,0.3449442675159235,0,6,None,66,1,5,False,1000,1000
2199,29,degCent,10,0.3180732484076433,0,6,None,66,1,5,False,1000,1000
2200,25,degCent,10,0.3142914012738853,0,31,None,66,1,5,False,1000,1000
2201,26,degCent,10,0.3031449044585987,0,31,None,66,1,5,False,1000,1000
2202,27,degCent,10,0.3416600318471338,0,31,None,66,1,5,False,1000,1000
2203,28,degCent,10,0.352906050955414,0,31,None,66,1,5,False,1000,1000
2204,29,degCent,10,0.3516122611464968,0,31,None,66,1,5,False,1000,1000
2205,25,degCent,10,0.3278264331210191,0,18,None,66,1,5,False,1000,1000
2206,26,degCent,10,0.3367834394904458,0,18,None,66,1,5,False,1000,1000
2207,27,degCent,10,0.3453423566878981,0,18,None,66,1,5,False,1000,1000
2208,28,degCent,10,0.4427746815286624,0,18,None,66,1,5,False,1000,1000
2209,29,degCent,10,0.4696457006369426,0,18,None,66,1,5,False,1000,1000
2210,25,degCent,10,0.2778662420382166,0,19,None,66,1,5,False,1000,1000
2211,26,degCent,10,0.2803542993630573,0,19,None,66,1,5,False,1000,1000
2212,27,degCent,10,0.3073248407643312,0,19,None,66,1,5,False,1000,1000
2213,28,degCent,10,0.3748009554140127,0,19,None,66,1,5,False,1000,1000
2214,29,degCent,10,0.3844546178343949,0,19,None,66,1,5,False,1000,1000
2215,25,degCent,10,0.3218550955414013,0,16,None,66,1,5,False,1000,1000
2216,26,degCent,10,0.3204617834394904,0,16,None,66,1,5,False,1000,1000
2217,27,degCent,10,0.370421974522293,0,16,None,66,1,5,False,1000,1000
2218,28,degCent,10,0.3699243630573248,0,16,None,66,1,5,False,1000,1000
2219,29,degCent,10,0.369327229299363,0,16,None,66,1,5,False,1000,1000
2220,25,degCent,10,0.3266321656050955,0,1,None,66,1,5,False,1000,1000
2221,26,degCent,10,0.288515127388535,0,1,None,66,1,5,False,1000,1000
2222,27,degCent,10,0.3433519108280254,0,1,None,66,1,5,False,1000,1000
2223,28,degCent,10,0.3318073248407643,0,1,None,66,1,5,False,1000,1000
2224,29,degCent,10,0.3166799363057325,0,1,None,66,1,5,False,1000,1000
2225,25,degCent,10,0.3918192675159235,0,2,None,66,1,5,False,1000,1000
2226,26,degCent,10,0.3886345541401274,0,2,None,66,1,5,False,1000,1000
2227,27,degCent,10,0.3966958598726114,0,2,None,66,1,5,False,1000,1000
2228,28,degCent,10,0.3651472929936306,0,2,None,66,1,5,False,1000,1000
2229,29,degCent,10,0.3276273885350318,0,2,None,66,1,5,False,1000,1000
2230,25,degCent,10,0.3286226114649681,0,0,None,66,1,5,False,1000,1000
2231,26,degCent,10,0.3703224522292994,0,0,None,66,1,5,False,1000,1000
2232,27,degCent,10,0.3637539808917197,0,0,None,66,1,5,False,1000,1000
2233,28,degCent,10,0.3349920382165605,0,0,None,66,1,5,False,1000,1000
2234,29,degCent,10,0.3943073248407643,0,0,None,66,1,5,False,1000,1000
2235,25,degCent,10,0.3402667197452229,0,5,None,66,1,5,False,1000,1000
2236,26,degCent,10,0.3691281847133758,0,5,None,66,1,5,False,1000,1000
2237,27,degCent,10,0.356389331210191,0,5,None,66,1,5,False,1000,1000
2238,28,degCent,10,0.4054538216560509,0,5,None,66,1,5,False,1000,1000
2239,29,degCent,10,0.4230692675159235,0,5,None,66,1,5,False,1000,1000
2240,25,degCent,10,0.3241441082802547,0,3,None,66,1,5,False,1000,1000
2241,26,degCent,10,0.3343949044585987,0,3,None,66,1,5,False,1000,1000
2242,27,degCent,10,0.3534036624203822,0,3,None,66,1,5,False,1000,1000
2243,28,degCent,10,0.386046974522293,0,3,None,66,1,5,False,1000,1000
2244,29,degCent,10,0.4799960191082802,0,3,None,66,1,5,False,1000,1000
2245,25,degCent,10,0.3432523885350318,0,8,None,66,1,5,False,1000,1000
2246,26,degCent,10,0.3477308917197452,0,8,None,66,1,5,False,1000,1000
2247,27,degCent,10,0.3293192675159235,0,8,None,66,1,5,False,1000,1000
2248,28,degCent,10,0.4050557324840764,0,8,None,66,1,5,False,1000,1000
2249,29,degCent,10,0.4134156050955414,0,8,None,66,1,5,False,1000,1000
2250,25,degCent,10,0.3403662420382166,0,13,None,66,1,5,False,1000,1000
2251,26,degCent,10,0.3553941082802547,0,13,None,66,1,5,False,1000,1000
2252,27,degCent,10,0.3912221337579618,0,13,None,66,1,5,False,1000,1000
2253,28,degCent,10,0.4441679936305732,0,13,None,66,1,5,False,1000,1000
2254,29,degCent,10,0.4429737261146497,0,13,None,66,1,5,False,1000,1000
2255,25,degCent,10,0.3343949044585987,0,9,None,66,1,5,False,1000,1000
2256,26,degCent,10,0.3798765923566879,0,9,None,66,1,5,False,1000,1000
2257,27,degCent,10,0.379578025477707,0,9,None,66,1,5,False,1000,1000
2258,28,degCent,10,0.373109076433121,0,9,None,66,1,5,False,1000,1000
2259,29,degCent,10,0.442078025477707,0,9,None,66,1,5,False,1000,1000
2260,25,degCent,10,0.352906050955414,0,23,None,66,1,5,False,1000,1000
2261,26,degCent,10,0.3961982484076433,0,23,None,66,1,5,False,1000,1000
2262,27,degCent,10,0.3706210191082802,0,23,None,66,1,5,False,1000,1000
2263,28,degCent,10,0.3387738853503185,0,23,None,66,1,5,False,1000,1000
2264,29,degCent,10,0.3835589171974522,0,23,None,66,1,5,False,1000,1000
2265,25,degCent,10,0.3396695859872611,0,28,None,66,1,5,False,1000,1000
2266,26,degCent,10,0.362062101910828,0,28,None,66,1,5,False,1000,1000
2267,27,degCent,10,0.3545979299363057,0,28,None,66,1,5,False,1000,1000
2268,28,degCent,10,0.3664410828025478,0,28,None,66,1,5,False,1000,1000
2269,29,degCent,10,0.4200835987261146,0,28,None,66,1,5,False,1000,1000
2270,25,degCent,10,0.3462380573248407,0,29,None,66,1,5,False,1000,1000
2271,26,degCent,10,0.3786823248407643,0,29,None,66,1,5,False,1000,1000
2272,27,degCent,10,0.4533240445859872,0,29,None,66,1,5,False,1000,1000
2273,28,degCent,10,0.414609872611465,0,29,None,66,1,5,False,1000,1000
2274,29,degCent,10,0.4104299363057325,0,29,None,66,1,5,False,1000,1000
2275,25,degCent,10,0.3373805732484076,0,17,None,66,1,5,False,1000,1000
2276,26,degCent,10,0.395203025477707,0,17,None,66,1,5,False,1000,1000
2277,27,degCent,10,0.4562101910828025,0,17,None,66,1,5,False,1000,1000
2278,28,degCent,10,0.4358081210191082,0,17,None,66,1,5,False,1000,1000
2279,29,degCent,10,0.4007762738853503,0,17,None,66,1,5,False,1000,1000
2280,25,degCent,10,0.3488256369426751,0,21,None,66,1,5,False,1000,1000
2281,26,degCent,10,0.3150875796178344,0,21,None,66,1,5,False,1000,1000
2282,27,degCent,10,0.3571855095541401,0,21,None,66,1,5,False,1000,1000
2283,28,degCent,10,0.37390525477707,0,21,None,66,1,5,False,1000,1000
2284,29,degCent,10,0.3732085987261146,0,21,None,66,1,5,False,1000,1000
2285,25,degCent,10,0.4204816878980891,0,24,None,66,1,5,False,1000,1000
2286,26,degCent,10,0.4444665605095541,0,24,None,66,1,5,False,1000,1000
2287,27,degCent,10,0.4063495222929936,0,24,None,66,1,5,False,1000,1000
2288,28,degCent,10,0.362858280254777,0,24,None,66,1,5,False,1000,1000
2289,29,degCent,10,0.3409633757961783,0,24,None,66,1,5,False,1000,1000
2290,25,degCent,10,0.321656050955414,0,27,None,66,1,5,False,1000,1000
2291,26,degCent,10,0.3536027070063694,0,27,None,66,1,5,False,1000,1000
2292,27,degCent,10,0.3856488853503185,0,27,None,66,1,5,False,1000,1000
2293,28,degCent,10,0.4201831210191082,0,27,None,66,1,5,False,1000,1000
2294,29,degCent,10,0.507265127388535,0,27,None,66,1,5,False,1000,1000
2295,30,degCent,10,0.4587977707006369,0,25,None,66,1,5,False,1000,1000
2296,31,degCent,10,0.4681528662420382,0,25,None,66,1,5,False,1000,1000
2297,32,degCent,10,0.4959195859872611,0,25,None,66,1,5,False,1000,1000
2298,33,degCent,10,0.5264729299363057,0,25,None,66,1,5,False,1000,1000
2299,34,degCent,10,0.5438893312101911,0,25,None,66,1,5,False,1000,1000
2300,25,degCent,10,0.3530055732484076,0,7,None,66,1,5,False,1000,1000
2301,26,degCent,10,0.3830613057324841,0,7,None,66,1,5,False,1000,1000
2302,27,degCent,10,0.3793789808917197,0,7,None,66,1,5,False,1000,1000
2303,28,degCent,10,0.3801751592356688,0,7,None,66,1,5,False,1000,1000
2304,29,degCent,10,0.3956011146496815,0,7,None,66,1,5,False,1000,1000
2305,25,degCent,10,0.3641520700636942,0,4,None,66,1,5,False,1000,1000
2306,26,degCent,10,0.4267515923566879,0,4,None,66,1,5,False,1000,1000
2307,27,degCent,10,0.402468152866242,0,4,None,66,1,5,False,1000,1000
2308,28,degCent,10,0.3652468152866242,0,4,None,66,1,5,False,1000,1000
2309,29,degCent,10,0.3672372611464968,0,4,None,66,1,5,False,1000,1000
2310,25,degCent,10,0.3443471337579618,0,32,None,66,1,5,False,1000,1000
2311,26,degCent,10,0.3477308917197452,0,32,None,66,1,5,False,1000,1000
2312,27,degCent,10,0.3373805732484076,0,32,None,66,1,5,False,1000,1000
2313,28,degCent,10,0.3157842356687898,0,32,None,66,1,5,False,1000,1000
2314,29,degCent,10,0.3045382165605095,0,32,None,66,1,5,False,1000,1000
2315,30,degCent,10,0.3763933121019108,0,1,None,66,1,5,False,1000,1000
2316,31,degCent,10,0.3408638535031847,0,1,None,66,1,5,False,1000,1000
2317,32,degCent,10,0.3476313694267516,0,1,None,66,1,5,False,1000,1000
2318,33,degCent,10,0.3643511146496815,0,1,None,66,1,5,False,1000,1000
2319,34,degCent,10,0.3807722929936306,0,1,None,66,1,5,False,1000,1000
2320,30,degCent,10,0.4580015923566879,0,13,None,66,1,5,False,1000,1000
2321,31,degCent,10,0.4568073248407643,0,13,None,66,1,5,False,1000,1000
2322,32,degCent,10,0.4643710191082802,0,13,None,66,1,5,False,1000,1000
2323,33,degCent,10,0.4734275477707006,0,13,None,66,1,5,False,1000,1000
2324,34,degCent,10,0.4826831210191082,0,13,None,66,1,5,False,1000,1000
2325,30,degCent,10,0.3984872611464968,0,21,None,66,1,5,False,1000,1000
2326,31,degCent,10,0.390625,0,21,None,66,1,5,False,1000,1000
2327,32,degCent,10,0.3929140127388535,0,21,None,66,1,5,False,1000,1000
2328,33,degCent,10,0.400577229299363,0,21,None,66,1,5,False,1000,1000
2329,34,degCent,10,0.4104299363057325,0,21,None,66,1,5,False,1000,1000
2330,30,degCent,10,0.4297372611464968,0,29,None,66,1,5,False,1000,1000
2331,31,degCent,10,0.423765923566879,0,29,None,66,1,5,False,1000,1000
2332,32,degCent,10,0.4152070063694267,0,29,None,66,1,5,False,1000,1000
2333,33,degCent,10,0.4213773885350318,0,29,None,66,1,5,False,1000,1000
2334,34,degCent,10,0.4301353503184713,0,29,None,66,1,5,False,1000,1000
2335,30,degCent,10,0.3770899681528662,0,2,None,66,1,5,False,1000,1000
2336,31,degCent,10,0.3565883757961783,0,2,None,66,1,5,False,1000,1000
2337,32,degCent,10,0.3929140127388535,0,2,None,66,1,5,False,1000,1000
2338,33,degCent,10,0.4223726114649681,0,2,None,66,1,5,False,1000,1000
2339,34,degCent,10,0.4451632165605095,0,2,None,66,1,5,False,1000,1000
2340,30,degCent,10,0.4486464968152866,0,9,None,66,1,5,False,1000,1000
2341,31,degCent,10,0.4330214968152866,0,9,None,66,1,5,False,1000,1000
2342,32,degCent,10,0.4326234076433121,0,9,None,66,1,5,False,1000,1000
2343,33,degCent,10,0.4386942675159235,0,9,None,66,1,5,False,1000,1000
2344,34,degCent,10,0.4522292993630573,0,9,None,66,1,5,False,1000,1000
2345,30,degCent,10,0.4410828025477707,0,17,None,66,1,5,False,1000,1000
2346,31,degCent,10,0.4538216560509554,0,17,None,66,1,5,False,1000,1000
2347,32,degCent,10,0.4688495222929936,0,17,None,66,1,5,False,1000,1000
2348,33,degCent,10,0.4744227707006369,0,17,None,66,1,5,False,1000,1000
2349,34,degCent,10,0.4770103503184713,0,17,None,66,1,5,False,1000,1000
2350,30,degCent,10,0.4475517515923566,0,28,None,66,1,5,False,1000,1000
2351,31,degCent,10,0.4339171974522293,0,28,None,66,1,5,False,1000,1000
2352,32,degCent,10,0.4307324840764331,0,28,None,66,1,5,False,1000,1000
2353,33,degCent,10,0.4332205414012738,0,28,None,66,1,5,False,1000,1000
2354,34,degCent,10,0.4403861464968153,0,28,None,66,1,5,False,1000,1000
2355,30,degCent,10,0.4319267515923566,0,11,None,66,1,5,False,1000,1000
2356,31,degCent,10,0.4067476114649681,0,11,None,66,1,5,False,1000,1000
2357,32,degCent,10,0.4166003184713376,0,11,None,66,1,5,False,1000,1000
2358,33,degCent,10,0.4249601910828025,0,11,None,66,1,5,False,1000,1000
2359,34,degCent,10,0.4384952229299363,0,11,None,66,1,5,False,1000,1000
2360,30,degCent,10,0.4836783439490446,0,10,None,66,1,5,False,1000,1000
2361,31,degCent,10,0.4175955414012738,0,10,None,66,1,5,False,1000,1000
2362,32,degCent,10,0.4072452229299363,0,10,None,66,1,5,False,1000,1000
2363,33,degCent,10,0.4149084394904458,0,10,None,66,1,5,False,1000,1000
2364,34,degCent,10,0.4271496815286624,0,10,None,66,1,5,False,1000,1000
2365,30,degCent,10,0.4664609872611465,0,15,None,66,1,5,False,1000,1000
2366,31,degCent,10,0.425358280254777,0,15,None,66,1,5,False,1000,1000
2367,32,degCent,10,0.4212778662420382,0,15,None,66,1,5,False,1000,1000
2368,33,degCent,10,0.4228702229299363,0,15,None,66,1,5,False,1000,1000
2369,34,degCent,10,0.4289410828025478,0,15,None,66,1,5,False,1000,1000
2370,30,degCent,10,0.4932324840764331,0,20,None,66,1,5,False,1000,1000
2371,31,degCent,10,0.4712380573248407,0,20,None,66,1,5,False,1000,1000
2372,32,degCent,10,0.4673566878980891,0,20,None,66,1,5,False,1000,1000
2373,33,degCent,10,0.4782046178343949,0,20,None,66,1,5,False,1000,1000
2374,34,degCent,10,0.4911425159235669,0,20,None,66,1,5,False,1000,1000
2375,30,degCent,10,0.4468550955414013,0,23,None,66,1,5,False,1000,1000
2376,31,degCent,10,0.412718949044586,0,23,None,66,1,5,False,1000,1000
2377,32,degCent,10,0.4142117834394904,0,23,None,66,1,5,False,1000,1000
2378,33,degCent,10,0.4275477707006369,0,23,None,66,1,5,False,1000,1000
2379,34,degCent,10,0.4491441082802547,0,23,None,66,1,5,False,1000,1000
2380,30,degCent,10,0.3918192675159235,0,16,None,66,1,5,False,1000,1000
2381,31,degCent,10,0.3807722929936306,0,16,None,66,1,5,False,1000,1000
2382,32,degCent,10,0.3854498407643312,0,16,None,66,1,5,False,1000,1000
2383,33,degCent,10,0.3976910828025478,0,16,None,66,1,5,False,1000,1000
2384,34,degCent,10,0.4134156050955414,0,16,None,66,1,5,False,1000,1000
2385,30,degCent,10,0.3760947452229299,0,32,None,66,1,5,False,1000,1000
2386,31,degCent,10,0.4082404458598726,0,32,None,66,1,5,False,1000,1000
2387,32,degCent,10,0.4405851910828025,0,32,None,66,1,5,False,1000,1000
2388,33,degCent,10,0.4640724522292994,0,32,None,66,1,5,False,1000,1000
2389,34,degCent,10,0.4932324840764331,0,32,None,66,1,5,False,1000,1000
2390,30,degCent,10,0.4189888535031847,0,8,None,66,1,5,False,1000,1000
2391,31,degCent,10,0.4144108280254777,0,8,None,66,1,5,False,1000,1000
2392,32,degCent,10,0.4143113057324841,0,8,None,66,1,5,False,1000,1000
2393,33,degCent,10,0.4182921974522293,0,8,None,66,1,5,False,1000,1000
2394,34,degCent,10,0.4217754777070063,0,8,None,66,1,5,False,1000,1000
2395,30,degCent,10,0.522890127388535,0,3,None,66,1,5,False,1000,1000
2396,31,degCent,10,0.5128383757961783,0,3,None,66,1,5,False,1000,1000
2397,32,degCent,10,0.490843949044586,0,3,None,66,1,5,False,1000,1000
2398,33,degCent,10,0.4829816878980891,0,3,None,66,1,5,False,1000,1000
2399,34,degCent,10,0.4821855095541401,0,3,None,66,1,5,False,1000,1000
2400,30,degCent,10,0.5011942675159236,0,18,None,66,1,5,False,1000,1000
2401,31,degCent,10,0.4903463375796178,0,18,None,66,1,5,False,1000,1000
2402,32,degCent,10,0.4913415605095541,0,18,None,66,1,5,False,1000,1000
2403,33,degCent,10,0.5055732484076433,0,18,None,66,1,5,False,1000,1000
2404,34,degCent,10,0.5154259554140127,0,18,None,66,1,5,False,1000,1000
2405,30,degCent,10,0.3980891719745223,0,19,None,66,1,5,False,1000,1000
2406,31,degCent,10,0.3981886942675159,0,19,None,66,1,5,False,1000,1000
2407,32,degCent,10,0.4021695859872611,0,19,None,66,1,5,False,1000,1000
2408,33,degCent,10,0.4098328025477707,0,19,None,66,1,5,False,1000,1000
2409,34,degCent,10,0.4166998407643312,0,19,None,66,1,5,False,1000,1000
2410,30,degCent,10,0.3668391719745223,0,24,None,66,1,5,False,1000,1000
2411,31,degCent,10,0.3411624203821656,0,24,None,66,1,5,False,1000,1000
2412,32,degCent,10,0.3419585987261146,0,24,None,66,1,5,False,1000,1000
2413,33,degCent,10,0.3501194267515923,0,24,None,66,1,5,False,1000,1000
2414,34,degCent,10,0.3626592356687898,0,24,None,66,1,5,False,1000,1000
2415,30,degCent,10,0.4710390127388535,0,27,None,66,1,5,False,1000,1000
2416,31,degCent,10,0.4761146496815286,0,27,None,66,1,5,False,1000,1000
2417,32,degCent,10,0.4907444267515923,0,27,None,66,1,5,False,1000,1000
2418,33,degCent,10,0.4980095541401274,0,27,None,66,1,5,False,1000,1000
2419,34,degCent,10,0.4978105095541401,0,27,None,66,1,5,False,1000,1000
2420,30,degCent,10,0.4235668789808917,0,0,None,66,1,5,False,1000,1000
2421,31,degCent,10,0.4179936305732484,0,0,None,66,1,5,False,1000,1000
2422,32,degCent,10,0.4205812101910828,0,0,None,66,1,5,False,1000,1000
2423,33,degCent,10,0.4287420382165605,0,0,None,66,1,5,False,1000,1000
2424,34,degCent,10,0.440983280254777,0,0,None,66,1,5,False,1000,1000
2425,30,degCent,10,0.3885350318471338,0,31,None,66,1,5,False,1000,1000
2426,31,degCent,10,0.3728105095541401,0,31,None,66,1,5,False,1000,1000
2427,32,degCent,10,0.4013734076433121,0,31,None,66,1,5,False,1000,1000
2428,33,degCent,10,0.4314291401273885,0,31,None,66,1,5,False,1000,1000
2429,34,degCent,10,0.4634753184713376,0,31,None,66,1,5,False,1000,1000
2430,30,degCent,10,0.4628781847133758,0,5,None,66,1,5,False,1000,1000
2431,31,degCent,10,0.4419785031847134,0,5,None,66,1,5,False,1000,1000
2432,32,degCent,10,0.4389928343949044,0,5,None,66,1,5,False,1000,1000
2433,33,degCent,10,0.4408837579617834,0,5,None,66,1,5,False,1000,1000
2434,34,degCent,10,0.4489450636942675,0,5,None,66,1,5,False,1000,1000
2435,30,degCent,10,0.3322054140127388,0,6,None,66,1,5,False,1000,1000
2436,31,degCent,10,0.3273288216560509,0,6,None,66,1,5,False,1000,1000
2437,32,degCent,10,0.3347929936305732,0,6,None,66,1,5,False,1000,1000
2438,33,degCent,10,0.3469347133757962,0,6,None,66,1,5,False,1000,1000
2439,34,degCent,10,0.3584792993630573,0,6,None,66,1,5,False,1000,1000
2440,30,degCent,10,0.4713375796178344,0,7,None,66,1,5,False,1000,1000
2441,31,degCent,10,0.453921178343949,0,7,None,66,1,5,False,1000,1000
2442,32,degCent,10,0.4433718152866242,0,7,None,66,1,5,False,1000,1000
2443,33,degCent,10,0.4452627388535032,0,7,None,66,1,5,False,1000,1000
2444,34,degCent,10,0.4482484076433121,0,7,None,66,1,5,False,1000,1000
2445,30,degCent,10,0.401671974522293,0,26,None,66,1,5,False,1000,1000
2446,31,degCent,10,0.4137141719745223,0,26,None,66,1,5,False,1000,1000
2447,32,degCent,10,0.4144108280254777,0,26,None,66,1,5,False,1000,1000
2448,33,degCent,10,0.4205812101910828,0,26,None,66,1,5,False,1000,1000
2449,34,degCent,10,0.4268511146496815,0,26,None,66,1,5,False,1000,1000
2450,30,degCent,10,0.464968152866242,0,12,None,66,1,5,False,1000,1000
2451,31,degCent,10,0.414609872611465,0,12,None,66,1,5,False,1000,1000
2452,32,degCent,10,0.409733280254777,0,12,None,66,1,5,False,1000,1000
2453,33,degCent,10,0.4181926751592357,0,12,None,66,1,5,False,1000,1000
2454,34,degCent,10,0.4315286624203822,0,12,None,66,1,5,False,1000,1000
2455,30,degCent,10,0.3631568471337579,0,30,None,66,1,5,False,1000,1000
2456,31,degCent,10,0.3571855095541401,0,30,None,66,1,5,False,1000,1000
2457,32,degCent,10,0.362858280254777,0,30,None,66,1,5,False,1000,1000
2458,33,degCent,10,0.3790804140127388,0,30,None,66,1,5,False,1000,1000
2459,34,degCent,10,0.4003781847133758,0,30,None,66,1,5,False,1000,1000
2460,30,degCent,10,0.3293192675159235,0,14,None,66,1,5,False,1000,1000
2461,31,degCent,10,0.378483280254777,0,14,None,66,1,5,False,1000,1000
2462,32,degCent,10,0.408140923566879,0,14,None,66,1,5,False,1000,1000
2463,33,degCent,10,0.3742038216560509,0,14,None,66,1,5,False,1000,1000
2464,34,degCent,10,0.3662420382165605,0,14,None,66,1,5,False,1000,1000
2465,30,degCent,10,0.443968949044586,0,4,None,66,1,5,False,1000,1000
2466,31,degCent,10,0.4126194267515923,0,4,None,66,1,5,False,1000,1000
2467,32,degCent,10,0.4109275477707006,0,4,None,66,1,5,False,1000,1000
2468,33,degCent,10,0.418093152866242,0,4,None,66,1,5,False,1000,1000
2469,34,degCent,10,0.4242635350318471,0,4,None,66,1,5,False,1000,1000
2470,30,degCent,10,0.4100318471337579,0,22,None,66,1,5,False,1000,1000
2471,31,degCent,10,0.4230692675159235,0,22,None,66,1,5,False,1000,1000
2472,32,degCent,10,0.4175955414012738,0,22,None,66,1,5,False,1000,1000
2473,33,degCent,10,0.424562101910828,0,22,None,66,1,5,False,1000,1000
2474,34,degCent,10,0.4317277070063694,0,22,None,66,1,5,False,1000,1000
3630,35,degCent,10,0.4724323248407643,0,15,None,66,1,5,False,1000,1000
3631,36,degCent,10,0.46875,0,15,None,66,1,5,False,1000,1000
3632,37,degCent,10,0.4757165605095541,0,15,None,66,1,5,False,1000,1000
3633,38,degCent,10,0.4837778662420382,0,15,None,66,1,5,False,1000,1000
3634,39,degCent,10,0.4946257961783439,0,15,None,66,1,5,False,1000,1000
3635,35,degCent,10,0.4684514331210191,0,10,None,66,1,5,False,1000,1000
3636,36,degCent,10,0.4692476114649681,0,10,None,66,1,5,False,1000,1000
3637,37,degCent,10,0.4800955414012738,0,10,None,66,1,5,False,1000,1000
3638,38,degCent,10,0.4919386942675159,0,10,None,66,1,5,False,1000,1000
3639,39,degCent,10,0.5036823248407644,0,10,None,66,1,5,False,1000,1000
3640,35,degCent,10,0.4847730891719745,0,11,None,66,1,5,False,1000,1000
3641,36,degCent,10,0.487858280254777,0,11,None,66,1,5,False,1000,1000
3642,37,degCent,10,0.5025875796178344,0,11,None,66,1,5,False,1000,1000
3643,38,degCent,10,0.5185111464968153,0,11,None,66,1,5,False,1000,1000
3644,39,degCent,10,0.5307523885350318,0,11,None,66,1,5,False,1000,1000
3645,35,degCent,10,0.5044785031847133,0,20,None,66,1,5,False,1000,1000
3646,36,degCent,10,0.5084593949044586,0,20,None,66,1,5,False,1000,1000
3647,37,degCent,10,0.5139331210191083,0,20,None,66,1,5,False,1000,1000
3648,38,degCent,10,0.5190087579617835,0,20,None,66,1,5,False,1000,1000
3649,39,degCent,10,0.5245820063694268,0,20,None,66,1,5,False,1000,1000
3650,35,degCent,10,0.4220740445859872,0,19,None,66,1,5,False,1000,1000
3651,36,degCent,10,0.4279458598726114,0,19,None,66,1,5,False,1000,1000
3652,37,degCent,10,0.4311305732484076,0,19,None,66,1,5,False,1000,1000
3653,38,degCent,10,0.4331210191082802,0,19,None,66,1,5,False,1000,1000
3654,39,degCent,10,0.4343152866242038,0,19,None,66,1,5,False,1000,1000
3655,35,degCent,10,0.4443670382165605,0,22,None,66,1,5,False,1000,1000
3656,36,degCent,10,0.4514331210191082,0,22,None,66,1,5,False,1000,1000
3657,37,degCent,10,0.4582006369426751,0,22,None,66,1,5,False,1000,1000
3658,38,degCent,10,0.4631767515923566,0,22,None,66,1,5,False,1000,1000
3659,39,degCent,10,0.4698447452229299,0,22,None,66,1,5,False,1000,1000
3660,35,degCent,10,0.4361066878980891,0,14,None,66,1,5,False,1000,1000
3661,36,degCent,10,0.4276472929936306,0,14,None,66,1,5,False,1000,1000
3662,37,degCent,10,0.4278463375796178,0,14,None,66,1,5,False,1000,1000
3663,38,degCent,10,0.429140127388535,0,14,None,66,1,5,False,1000,1000
3664,39,degCent,10,0.4350119426751592,0,14,None,66,1,5,False,1000,1000
3665,35,degCent,10,0.5089570063694268,0,17,None,66,1,5,False,1000,1000
3666,36,degCent,10,0.5069665605095541,0,17,None,66,1,5,False,1000,1000
3667,37,degCent,10,0.5140326433121019,0,17,None,66,1,5,False,1000,1000
3668,38,degCent,10,0.522890127388535,0,17,None,66,1,5,False,1000,1000
3669,39,degCent,10,0.5344347133757962,0,17,None,66,1,5,False,1000,1000
3670,35,degCent,10,0.4414808917197452,0,26,None,66,1,5,False,1000,1000
3671,36,degCent,10,0.4535230891719745,0,26,None,66,1,5,False,1000,1000
3672,37,degCent,10,0.4677547770700637,0,26,None,66,1,5,False,1000,1000
3673,38,degCent,10,0.4836783439490446,0,26,None,66,1,5,False,1000,1000
3674,39,degCent,10,0.4985071656050955,0,26,None,66,1,5,False,1000,1000
3675,35,degCent,10,0.3958001592356688,0,24,None,66,1,5,False,1000,1000
3676,36,degCent,10,0.425358280254777,0,24,None,66,1,5,False,1000,1000
3677,37,degCent,10,0.4624800955414013,0,24,None,66,1,5,False,1000,1000
3678,38,degCent,10,0.4938296178343949,0,24,None,66,1,5,False,1000,1000
3679,39,degCent,10,0.5154259554140127,0,24,None,66,1,5,False,1000,1000
3680,35,degCent,10,0.4242635350318471,0,30,None,66,1,5,False,1000,1000
3681,36,degCent,10,0.4433718152866242,0,30,None,66,1,5,False,1000,1000
3682,37,degCent,10,0.4565087579617834,0,30,None,66,1,5,False,1000,1000
3683,38,degCent,10,0.4688495222929936,0,30,None,66,1,5,False,1000,1000
3684,39,degCent,10,0.4806926751592357,0,30,None,66,1,5,False,1000,1000
3685,35,degCent,10,0.3752985668789809,0,6,None,66,1,5,False,1000,1000
3686,36,degCent,10,0.3840565286624204,0,6,None,66,1,5,False,1000,1000
3687,37,degCent,10,0.3974920382165605,0,6,None,66,1,5,False,1000,1000
3688,38,degCent,10,0.4103304140127388,0,6,None,66,1,5,False,1000,1000
3689,39,degCent,10,0.4248606687898089,0,6,None,66,1,5,False,1000,1000
3690,35,degCent,10,0.4691480891719745,0,31,None,66,1,5,False,1000,1000
3691,36,degCent,10,0.4942277070063694,0,31,None,66,1,5,False,1000,1000
3692,37,degCent,10,0.4932324840764331,0,31,None,66,1,5,False,1000,1000
3693,38,degCent,10,0.489749203821656,0,31,None,66,1,5,False,1000,1000
3694,39,degCent,10,0.4846735668789809,0,31,None,66,1,5,False,1000,1000
3695,35,degCent,10,0.5152269108280255,0,18,None,66,1,5,False,1000,1000
3696,36,degCent,10,0.5181130573248408,0,18,None,66,1,5,False,1000,1000
3697,37,degCent,10,0.5187101910828026,0,18,None,66,1,5,False,1000,1000
3698,38,degCent,10,0.5210987261146497,0,18,None,66,1,5,False,1000,1000
3699,39,degCent,10,0.5245820063694268,0,18,None,66,1,5,False,1000,1000
3700,35,degCent,10,0.5001990445859873,0,32,None,66,1,5,False,1000,1000
3701,36,degCent,10,0.5262738853503185,0,32,None,66,1,5,False,1000,1000
3702,37,degCent,10,0.5416998407643312,0,32,None,66,1,5,False,1000,1000
3703,38,degCent,10,0.5507563694267515,0,32,None,66,1,5,False,1000,1000
3704,39,degCent,10,0.556031050955414,0,32,None,66,1,5,False,1000,1000
3705,35,degCent,10,0.423765923566879,0,16,None,66,1,5,False,1000,1000
3706,36,degCent,10,0.435609076433121,0,16,None,66,1,5,False,1000,1000
3707,37,degCent,10,0.4471536624203822,0,16,None,66,1,5,False,1000,1000
3708,38,degCent,10,0.4583996815286624,0,16,None,66,1,5,False,1000,1000
3709,39,degCent,10,0.4736265923566879,0,16,None,66,1,5,False,1000,1000
3710,35,degCent,10,0.4624800955414013,0,7,None,66,1,5,False,1000,1000
3711,36,degCent,10,0.4633757961783439,0,7,None,66,1,5,False,1000,1000
3712,37,degCent,10,0.4720342356687898,0,7,None,66,1,5,False,1000,1000
3713,38,degCent,10,0.4815883757961783,0,7,None,66,1,5,False,1000,1000
3714,39,degCent,10,0.4918391719745223,0,7,None,66,1,5,False,1000,1000
3715,35,degCent,10,0.5490644904458599,0,25,None,66,1,5,False,1000,1000
3716,36,degCent,10,0.5591162420382165,0,25,None,66,1,5,False,1000,1000
3717,37,degCent,10,0.5592157643312102,0,25,None,66,1,5,False,1000,1000
3718,38,degCent,10,0.5612062101910829,0,25,None,66,1,5,False,1000,1000
3719,39,degCent,10,0.5633957006369427,0,25,None,66,1,5,False,1000,1000
3720,35,degCent,10,0.455812101910828,0,12,None,66,1,5,False,1000,1000
3721,36,degCent,10,0.4634753184713376,0,12,None,66,1,5,False,1000,1000
3722,37,degCent,10,0.4745222929936306,0,12,None,66,1,5,False,1000,1000
3723,38,degCent,10,0.4875597133757962,0,12,None,66,1,5,False,1000,1000
3724,39,degCent,10,0.4977109872611465,0,12,None,66,1,5,False,1000,1000
3725,35,degCent,10,0.4054538216560509,0,1,None,66,1,5,False,1000,1000
3726,36,degCent,10,0.4215764331210191,0,1,None,66,1,5,False,1000,1000
3727,37,degCent,10,0.4375,0,1,None,66,1,5,False,1000,1000
3728,38,degCent,10,0.4532245222929936,0,1,None,66,1,5,False,1000,1000
3729,39,degCent,10,0.4666600318471338,0,1,None,66,1,5,False,1000,1000
3730,35,degCent,10,0.4820859872611465,0,2,None,66,1,5,False,1000,1000
3731,36,degCent,10,0.4886544585987261,0,2,None,66,1,5,False,1000,1000
3732,37,degCent,10,0.50109474522293,0,2,None,66,1,5,False,1000,1000
3733,38,degCent,10,0.5161226114649682,0,2,None,66,1,5,False,1000,1000
3734,39,degCent,10,0.5253781847133758,0,2,None,66,1,5,False,1000,1000
3735,35,degCent,10,0.4632762738853503,0,0,None,66,1,5,False,1000,1000
3736,36,degCent,10,0.470640923566879,0,0,None,66,1,5,False,1000,1000
3737,37,degCent,10,0.4808917197452229,0,0,None,66,1,5,False,1000,1000
3738,38,degCent,10,0.490843949044586,0,0,None,66,1,5,False,1000,1000
3739,39,degCent,10,0.4999004777070063,0,0,None,66,1,5,False,1000,1000
3740,35,degCent,10,0.4431727707006369,0,4,None,66,1,5,False,1000,1000
3741,36,degCent,10,0.4473527070063694,0,4,None,66,1,5,False,1000,1000
3742,37,degCent,10,0.4578025477707006,0,4,None,66,1,5,False,1000,1000
3743,38,degCent,10,0.4723328025477707,0,4,None,66,1,5,False,1000,1000
3744,39,degCent,10,0.4881568471337579,0,4,None,66,1,5,False,1000,1000
3745,35,degCent,10,0.4940286624203822,0,3,None,66,1,5,False,1000,1000
3746,36,degCent,10,0.4942277070063694,0,3,None,66,1,5,False,1000,1000
3747,37,degCent,10,0.5003980891719745,0,3,None,66,1,5,False,1000,1000
3748,38,degCent,10,0.5088574840764332,0,3,None,66,1,5,False,1000,1000
3749,39,degCent,10,0.5172173566878981,0,3,None,66,1,5,False,1000,1000
3750,35,degCent,10,0.472233280254777,0,5,None,66,1,5,False,1000,1000
3751,36,degCent,10,0.4804936305732484,0,5,None,66,1,5,False,1000,1000
3752,37,degCent,10,0.4911425159235669,0,5,None,66,1,5,False,1000,1000
3753,38,degCent,10,0.5021894904458599,0,5,None,66,1,5,False,1000,1000
3754,39,degCent,10,0.5157245222929936,0,5,None,66,1,5,False,1000,1000
3755,35,degCent,10,0.4267515923566879,0,8,None,66,1,5,False,1000,1000
3756,36,degCent,10,0.4298367834394904,0,8,None,66,1,5,False,1000,1000
3757,37,degCent,10,0.4343152866242038,0,8,None,66,1,5,False,1000,1000
3758,38,degCent,10,0.4384952229299363,0,8,None,66,1,5,False,1000,1000
3759,39,degCent,10,0.443968949044586,0,8,None,66,1,5,False,1000,1000
3760,35,degCent,10,0.4939291401273885,0,9,None,66,1,5,False,1000,1000
3761,36,degCent,10,0.495421974522293,0,9,None,66,1,5,False,1000,1000
3762,37,degCent,10,0.5053742038216561,0,9,None,66,1,5,False,1000,1000
3763,38,degCent,10,0.519406847133758,0,9,None,66,1,5,False,1000,1000
3764,39,degCent,10,0.5340366242038217,0,9,None,66,1,5,False,1000,1000
3765,35,degCent,10,0.4770103503184713,0,13,None,66,1,5,False,1000,1000
3766,36,degCent,10,0.4873606687898089,0,13,None,66,1,5,False,1000,1000
3767,37,degCent,10,0.4957205414012738,0,13,None,66,1,5,False,1000,1000
3768,38,degCent,10,0.5021894904458599,0,13,None,66,1,5,False,1000,1000
3769,39,degCent,10,0.5069665605095541,0,13,None,66,1,5,False,1000,1000
3770,35,degCent,10,0.4234673566878981,0,21,None,66,1,5,False,1000,1000
3771,36,degCent,10,0.4365047770700637,0,21,None,66,1,5,False,1000,1000
3772,37,degCent,10,0.4583996815286624,0,21,None,66,1,5,False,1000,1000
3773,38,degCent,10,0.4778065286624204,0,21,None,66,1,5,False,1000,1000
3774,39,degCent,10,0.497014331210191,0,21,None,66,1,5,False,1000,1000
3775,35,degCent,10,0.4749203821656051,0,23,None,66,1,5,False,1000,1000
3776,36,degCent,10,0.493531050955414,0,23,None,66,1,5,False,1000,1000
3777,37,degCent,10,0.5096536624203821,0,23,None,66,1,5,False,1000,1000
3778,38,degCent,10,0.5223925159235668,0,23,None,66,1,5,False,1000,1000
3779,39,degCent,10,0.5299562101910829,0,23,None,66,1,5,False,1000,1000
3780,35,degCent,10,0.5023885350318471,0,27,None,66,1,5,False,1000,1000
3781,36,degCent,10,0.505672770700637,0,27,None,66,1,5,False,1000,1000
3782,37,degCent,10,0.5084593949044586,0,27,None,66,1,5,False,1000,1000
3783,38,degCent,10,0.511843152866242,0,27,None,66,1,5,False,1000,1000
3784,39,degCent,10,0.518312101910828,0,27,None,66,1,5,False,1000,1000
3785,35,degCent,10,0.4799960191082802,0,28,None,66,1,5,False,1000,1000
3786,36,degCent,10,0.4837778662420382,0,28,None,66,1,5,False,1000,1000
3787,37,degCent,10,0.4945262738853503,0,28,None,66,1,5,False,1000,1000
3788,38,degCent,10,0.5035828025477707,0,28,None,66,1,5,False,1000,1000
3789,39,degCent,10,0.5139331210191083,0,28,None,66,1,5,False,1000,1000
3790,35,degCent,10,0.4470541401273885,0,29,None,66,1,5,False,1000,1000
3791,36,degCent,10,0.4591958598726114,0,29,None,66,1,5,False,1000,1000
3792,37,degCent,10,0.473328025477707,0,29,None,66,1,5,False,1000,1000
3793,38,degCent,10,0.4836783439490446,0,29,None,66,1,5,False,1000,1000
3794,39,degCent,10,0.494327229299363,0,29,None,66,1,5,False,1000,1000
3795,40,degCent,10,0.4667595541401274,0,1,None,66,1,5,False,1000,1000
3796,41,degCent,10,0.4795979299363057,0,1,None,66,1,5,False,1000,1000
3797,42,degCent,10,0.490843949044586,0,1,None,66,1,5,False,1000,1000
3798,43,degCent,10,0.4971138535031847,0,1,None,66,1,5,False,1000,1000
3799,44,degCent,10,0.5014928343949044,0,1,None,66,1,5,False,1000,1000
3800,40,degCent,10,0.5383160828025477,0,2,None,66,1,5,False,1000,1000
3801,41,degCent,10,0.5440883757961783,0,2,None,66,1,5,False,1000,1000
3802,42,degCent,10,0.549562101910828,0,2,None,66,1,5,False,1000,1000
3803,43,degCent,10,0.5545382165605095,0,2,None,66,1,5,False,1000,1000
3804,44,degCent,10,0.5601114649681529,0,2,None,66,1,5,False,1000,1000
3805,40,degCent,10,0.5389132165605095,0,23,None,66,1,5,False,1000,1000
3806,41,degCent,10,0.5437898089171974,0,23,None,66,1,5,False,1000,1000
3807,42,degCent,10,0.5483678343949044,0,23,None,66,1,5,False,1000,1000
3808,43,degCent,10,0.5539410828025477,0,23,None,66,1,5,False,1000,1000
3809,44,degCent,10,0.5601114649681529,0,23,None,66,1,5,False,1000,1000
3810,40,degCent,10,0.5213972929936306,0,28,None,66,1,5,False,1000,1000
3811,41,degCent,10,0.5273686305732485,0,28,None,66,1,5,False,1000,1000
3812,42,degCent,10,0.535828025477707,0,28,None,66,1,5,False,1000,1000
3813,43,degCent,10,0.5409036624203821,0,28,None,66,1,5,False,1000,1000
3814,44,degCent,10,0.5491640127388535,0,28,None,66,1,5,False,1000,1000
3815,40,degCent,10,0.5241839171974523,0,5,None,66,1,5,False,1000,1000
3816,41,degCent,10,0.533140923566879,0,5,None,66,1,5,False,1000,1000
3817,42,degCent,10,0.5475716560509554,0,5,None,66,1,5,False,1000,1000
3818,43,degCent,10,0.5576234076433121,0,5,None,66,1,5,False,1000,1000
3819,44,degCent,10,0.565187101910828,0,5,None,66,1,5,False,1000,1000
3820,40,degCent,10,0.5319466560509554,0,20,None,66,1,5,False,1000,1000
3821,41,degCent,10,0.5381170382165605,0,20,None,66,1,5,False,1000,1000
3822,42,degCent,10,0.5429936305732485,0,20,None,66,1,5,False,1000,1000
3823,43,degCent,10,0.5496616242038217,0,20,None,66,1,5,False,1000,1000
3824,44,degCent,10,0.5555334394904459,0,20,None,66,1,5,False,1000,1000
3825,40,degCent,10,0.5575238853503185,0,32,None,66,1,5,False,1000,1000
3826,41,degCent,10,0.5617038216560509,0,32,None,66,1,5,False,1000,1000
3827,42,degCent,10,0.5653861464968153,0,32,None,66,1,5,False,1000,1000
3828,43,degCent,10,0.5688694267515924,0,32,None,66,1,5,False,1000,1000
3829,44,degCent,10,0.575437898089172,0,32,None,66,1,5,False,1000,1000
3830,40,degCent,10,0.5119426751592356,0,13,None,66,1,5,False,1000,1000
3831,41,degCent,10,0.5170183121019108,0,13,None,66,1,5,False,1000,1000
3832,42,degCent,10,0.520203025477707,0,13,None,66,1,5,False,1000,1000
3833,43,degCent,10,0.5249800955414012,0,13,None,66,1,5,False,1000,1000
3834,44,degCent,10,0.5286624203821656,0,13,None,66,1,5,False,1000,1000
3835,40,degCent,10,0.5123407643312102,0,26,None,66,1,5,False,1000,1000
3836,41,degCent,10,0.5267714968152867,0,26,None,66,1,5,False,1000,1000
3837,42,degCent,10,0.5372213375796179,0,26,None,66,1,5,False,1000,1000
3838,43,degCent,10,0.5466759554140127,0,26,None,66,1,5,False,1000,1000
3839,44,degCent,10,0.5534434713375797,0,26,None,66,1,5,False,1000,1000
3840,40,degCent,10,0.5420979299363057,0,11,None,66,1,5,False,1000,1000
3841,41,degCent,10,0.5530453821656051,0,11,None,66,1,5,False,1000,1000
3842,42,degCent,10,0.555234872611465,0,11,None,66,1,5,False,1000,1000
3843,43,degCent,10,0.5547372611464968,0,11,None,66,1,5,False,1000,1000
3844,44,degCent,10,0.5535429936305732,0,11,None,66,1,5,False,1000,1000
3845,40,degCent,10,0.4791003184713376,0,16,None,66,1,5,False,1000,1000
3846,41,degCent,10,0.4996019108280254,0,16,None,66,1,5,False,1000,1000
3847,42,degCent,10,0.5187101910828026,0,16,None,66,1,5,False,1000,1000
3848,43,degCent,10,0.5322452229299363,0,16,None,66,1,5,False,1000,1000
3849,44,degCent,10,0.544984076433121,0,16,None,66,1,5,False,1000,1000
3850,40,degCent,10,0.5335390127388535,0,7,None,66,1,5,False,1000,1000
3851,41,degCent,10,0.5383160828025477,0,7,None,66,1,5,False,1000,1000
3852,42,degCent,10,0.5448845541401274,0,7,None,66,1,5,False,1000,1000
3853,43,degCent,10,0.5510549363057324,0,7,None,66,1,5,False,1000,1000
3854,44,degCent,10,0.5592157643312102,0,7,None,66,1,5,False,1000,1000
3855,40,degCent,10,0.4376990445859872,0,19,None,66,1,5,False,1000,1000
3856,41,degCent,10,0.4436703821656051,0,19,None,66,1,5,False,1000,1000
3857,42,degCent,10,0.4497412420382166,0,19,None,66,1,5,False,1000,1000
3858,43,degCent,10,0.4589968152866242,0,19,None,66,1,5,False,1000,1000
3859,44,degCent,10,0.4700437898089172,0,19,None,66,1,5,False,1000,1000
3860,40,degCent,10,0.4845740445859872,0,8,None,66,1,5,False,1000,1000
3861,41,degCent,10,0.4934315286624204,0,8,None,66,1,5,False,1000,1000
3862,42,degCent,10,0.5041799363057324,0,8,None,66,1,5,False,1000,1000
3863,43,degCent,10,0.5150278662420382,0,8,None,66,1,5,False,1000,1000
3864,44,degCent,10,0.5242834394904459,0,8,None,66,1,5,False,1000,1000
3865,40,degCent,10,0.517515923566879,0,12,None,66,1,5,False,1000,1000
3866,41,degCent,10,0.5244824840764332,0,12,None,66,1,5,False,1000,1000
3867,42,degCent,10,0.5297571656050956,0,12,None,66,1,5,False,1000,1000
3868,43,degCent,10,0.5368232484076433,0,12,None,66,1,5,False,1000,1000
3869,44,degCent,10,0.5451831210191083,0,12,None,66,1,5,False,1000,1000
3870,40,degCent,10,0.5673765923566879,0,25,None,66,1,5,False,1000,1000
3871,41,degCent,10,0.5714570063694268,0,25,None,66,1,5,False,1000,1000
3872,42,degCent,10,0.5766321656050956,0,25,None,66,1,5,False,1000,1000
3873,43,degCent,10,0.5802149681528662,0,25,None,66,1,5,False,1000,1000
3874,44,degCent,10,0.5852906050955414,0,25,None,66,1,5,False,1000,1000
3875,40,degCent,10,0.5460788216560509,0,17,None,66,1,5,False,1000,1000
3876,41,degCent,10,0.5544386942675159,0,17,None,66,1,5,False,1000,1000
3877,42,degCent,10,0.5615047770700637,0,17,None,66,1,5,False,1000,1000
3878,43,degCent,10,0.5701632165605095,0,17,None,66,1,5,False,1000,1000
3879,44,degCent,10,0.57921974522293,0,17,None,66,1,5,False,1000,1000
3880,40,degCent,10,0.5170183121019108,0,21,None,66,1,5,False,1000,1000
3881,41,degCent,10,0.528562898089172,0,21,None,66,1,5,False,1000,1000
3882,42,degCent,10,0.5371218152866242,0,21,None,66,1,5,False,1000,1000
3883,43,degCent,10,0.5459792993630573,0,21,None,66,1,5,False,1000,1000
3884,44,degCent,10,0.552547770700637,0,21,None,66,1,5,False,1000,1000
3885,40,degCent,10,0.5263734076433121,0,24,None,66,1,5,False,1000,1000
3886,41,degCent,10,0.5340366242038217,0,24,None,66,1,5,False,1000,1000
3887,42,degCent,10,0.5384156050955414,0,24,None,66,1,5,False,1000,1000
3888,43,degCent,10,0.5433917197452229,0,24,None,66,1,5,False,1000,1000
3889,44,degCent,10,0.549562101910828,0,24,None,66,1,5,False,1000,1000
3890,40,degCent,10,0.4923367834394904,0,30,None,66,1,5,False,1000,1000
3891,41,degCent,10,0.5029856687898089,0,30,None,66,1,5,False,1000,1000
3892,42,degCent,10,0.5122412420382165,0,30,None,66,1,5,False,1000,1000
3893,43,degCent,10,0.5200039808917197,0,30,None,66,1,5,False,1000,1000
3894,44,degCent,10,0.5287619426751592,0,30,None,66,1,5,False,1000,1000
3895,40,degCent,10,0.4484474522292994,0,6,None,66,1,5,False,1000,1000
3896,41,degCent,10,0.4629777070063694,0,6,None,66,1,5,False,1000,1000
3897,42,degCent,10,0.4763136942675159,0,6,None,66,1,5,False,1000,1000
3898,43,degCent,10,0.4898487261146497,0,6,None,66,1,5,False,1000,1000
3899,44,degCent,10,0.5038813694267515,0,6,None,66,1,5,False,1000,1000
3900,40,degCent,10,0.5291600318471338,0,18,None,66,1,5,False,1000,1000
3901,41,degCent,10,0.5336385350318471,0,18,None,66,1,5,False,1000,1000
3902,42,degCent,10,0.5416003184713376,0,18,None,66,1,5,False,1000,1000
3903,43,degCent,10,0.5497611464968153,0,18,None,66,1,5,False,1000,1000
3904,44,degCent,10,0.5584195859872612,0,18,None,66,1,5,False,1000,1000
3905,40,degCent,10,0.5263734076433121,0,27,None,66,1,5,False,1000,1000
3906,41,degCent,10,0.5328423566878981,0,27,None,66,1,5,False,1000,1000
3907,42,degCent,10,0.5374203821656051,0,27,None,66,1,5,False,1000,1000
3908,43,degCent,10,0.5417993630573248,0,27,None,66,1,5,False,1000,1000
3909,44,degCent,10,0.5458797770700637,0,27,None,66,1,5,False,1000,1000
3910,40,degCent,10,0.4811902866242038,0,31,None,66,1,5,False,1000,1000
3911,41,degCent,10,0.4707404458598726,0,31,None,66,1,5,False,1000,1000
3912,42,degCent,10,0.4707404458598726,0,31,None,66,1,5,False,1000,1000
3913,43,degCent,10,0.4721337579617834,0,31,None,66,1,5,False,1000,1000
3914,44,degCent,10,0.4746218152866242,0,31,None,66,1,5,False,1000,1000
3915,40,degCent,10,0.429140127388535,0,14,None,66,1,5,False,1000,1000
3916,41,degCent,10,0.4341162420382166,0,14,None,66,1,5,False,1000,1000
3917,42,degCent,10,0.4453622611464968,0,14,None,66,1,5,False,1000,1000
3918,43,degCent,10,0.4618829617834395,0,14,None,66,1,5,False,1000,1000
3919,44,degCent,10,0.4743232484076433,0,14,None,66,1,5,False,1000,1000
3920,40,degCent,10,0.5198049363057324,0,4,None,66,1,5,False,1000,1000
3921,41,degCent,10,0.528562898089172,0,4,None,66,1,5,False,1000,1000
3922,42,degCent,10,0.539609872611465,0,4,None,66,1,5,False,1000,1000
3923,43,degCent,10,0.5500597133757962,0,4,None,66,1,5,False,1000,1000
3924,44,degCent,10,0.559812898089172,0,4,None,66,1,5,False,1000,1000
3925,40,degCent,10,0.481389331210191,0,22,None,66,1,5,False,1000,1000
3926,41,degCent,10,0.4946257961783439,0,22,None,66,1,5,False,1000,1000
3927,42,degCent,10,0.5089570063694268,0,22,None,66,1,5,False,1000,1000
3928,43,degCent,10,0.5241839171974523,0,22,None,66,1,5,False,1000,1000
3929,44,degCent,10,0.533937101910828,0,22,None,66,1,5,False,1000,1000
3930,40,degCent,10,0.5205015923566879,0,10,None,66,1,5,False,1000,1000
3931,41,degCent,10,0.5300557324840764,0,10,None,66,1,5,False,1000,1000
3932,42,degCent,10,0.5379179936305732,0,10,None,66,1,5,False,1000,1000
3933,43,degCent,10,0.5446855095541401,0,10,None,66,1,5,False,1000,1000
3934,44,degCent,10,0.5531449044585988,0,10,None,66,1,5,False,1000,1000
3935,40,degCent,10,0.5104498407643312,0,15,None,66,1,5,False,1000,1000
3936,41,degCent,10,0.5185111464968153,0,15,None,66,1,5,False,1000,1000
3937,42,degCent,10,0.5269705414012739,0,15,None,66,1,5,False,1000,1000
3938,43,degCent,10,0.5351313694267515,0,15,None,66,1,5,False,1000,1000
3939,44,degCent,10,0.5426950636942676,0,15,None,66,1,5,False,1000,1000
3940,40,degCent,10,0.5259753184713376,0,3,None,66,1,5,False,1000,1000
3941,41,degCent,10,0.5354299363057324,0,3,None,66,1,5,False,1000,1000
3942,42,degCent,10,0.5446855095541401,0,3,None,66,1,5,False,1000,1000
3943,43,degCent,10,0.5539410828025477,0,3,None,66,1,5,False,1000,1000
3944,44,degCent,10,0.559812898089172,0,3,None,66,1,5,False,1000,1000
3945,40,degCent,10,0.5532444267515924,0,9,None,66,1,5,False,1000,1000
3946,41,degCent,10,0.5600119426751592,0,9,None,66,1,5,False,1000,1000
3947,42,degCent,10,0.5690684713375797,0,9,None,66,1,5,False,1000,1000
3948,43,degCent,10,0.5742436305732485,0,9,None,66,1,5,False,1000,1000
3949,44,degCent,10,0.5786226114649682,0,9,None,66,1,5,False,1000,1000
3950,40,degCent,10,0.5140326433121019,0,0,None,66,1,5,False,1000,1000
3951,41,degCent,10,0.5214968152866242,0,0,None,66,1,5,False,1000,1000
3952,42,degCent,10,0.5290605095541401,0,0,None,66,1,5,False,1000,1000
3953,43,degCent,10,0.5363256369426752,0,0,None,66,1,5,False,1000,1000
3954,44,degCent,10,0.5446855095541401,0,0,None,66,1,5,False,1000,1000
3955,40,degCent,10,0.5166202229299363,0,29,None,66,1,5,False,1000,1000
3956,41,degCent,10,0.5236863057324841,0,29,None,66,1,5,False,1000,1000
3957,42,degCent,10,0.5306528662420382,0,29,None,66,1,5,False,1000,1000
3958,43,degCent,10,0.5365246815286624,0,29,None,66,1,5,False,1000,1000
3959,44,degCent,10,0.5438893312101911,0,29,None,66,1,5,False,1000,1000
5445,45,degCent,10,0.4926353503184713,0,1,None,66,1,5,False,1000,1000
5446,46,degCent,10,0.5024880573248408,0,1,None,66,1,5,False,1000,1000
5447,47,degCent,10,0.5100517515923567,0,1,None,66,1,5,False,1000,1000
5448,48,degCent,10,0.5158240445859873,0,1,None,66,1,5,False,1000,1000
5449,49,degCent,10,0.5224920382165605,0,1,None,66,1,5,False,1000,1000
5450,45,degCent,10,0.568172770700637,0,2,None,66,1,5,False,1000,1000
5451,46,degCent,10,0.5728503184713376,0,2,None,66,1,5,False,1000,1000
5452,47,degCent,10,0.5782245222929936,0,2,None,66,1,5,False,1000,1000
5453,48,degCent,10,0.5843949044585988,0,2,None,66,1,5,False,1000,1000
5454,49,degCent,10,0.5885748407643312,0,2,None,66,1,5,False,1000,1000
5455,45,degCent,10,0.5335390127388535,0,13,None,66,1,5,False,1000,1000
5456,46,degCent,10,0.5395103503184714,0,13,None,66,1,5,False,1000,1000
5457,47,degCent,10,0.5447850318471338,0,13,None,66,1,5,False,1000,1000
5458,48,degCent,10,0.5520501592356688,0,13,None,66,1,5,False,1000,1000
5459,49,degCent,10,0.5580214968152867,0,13,None,66,1,5,False,1000,1000
5460,45,degCent,10,0.5503582802547771,0,15,None,66,1,5,False,1000,1000
5461,46,degCent,10,0.5559315286624203,0,15,None,66,1,5,False,1000,1000
5462,47,degCent,10,0.5623009554140127,0,15,None,66,1,5,False,1000,1000
5463,48,degCent,10,0.5693670382165605,0,15,None,66,1,5,False,1000,1000
5464,49,degCent,10,0.5759355095541401,0,15,None,66,1,5,False,1000,1000
5465,45,degCent,10,0.559812898089172,0,16,None,66,1,5,False,1000,1000
5466,46,degCent,10,0.5680732484076433,0,16,None,66,1,5,False,1000,1000
5467,47,degCent,10,0.5722531847133758,0,16,None,66,1,5,False,1000,1000
5468,48,degCent,10,0.5779259554140127,0,16,None,66,1,5,False,1000,1000
5469,49,degCent,10,0.5857882165605095,0,16,None,66,1,5,False,1000,1000
5470,45,degCent,10,0.5616042993630573,0,20,None,66,1,5,False,1000,1000
5471,46,degCent,10,0.566281847133758,0,20,None,66,1,5,False,1000,1000
5472,47,degCent,10,0.5723527070063694,0,20,None,66,1,5,False,1000,1000
5473,48,degCent,10,0.5789211783439491,0,20,None,66,1,5,False,1000,1000
5474,49,degCent,10,0.5857882165605095,0,20,None,66,1,5,False,1000,1000
5475,45,degCent,10,0.551453025477707,0,22,None,66,1,5,False,1000,1000
5476,46,degCent,10,0.5604100318471338,0,22,None,66,1,5,False,1000,1000
5477,47,degCent,10,0.5669785031847133,0,22,None,66,1,5,False,1000,1000
5478,48,degCent,10,0.5746417197452229,0,22,None,66,1,5,False,1000,1000
5479,49,degCent,10,0.5796178343949044,0,22,None,66,1,5,False,1000,1000
5480,45,degCent,10,0.5653861464968153,0,23,None,66,1,5,False,1000,1000
5481,46,degCent,10,0.5719546178343949,0,23,None,66,1,5,False,1000,1000
5482,47,degCent,10,0.5797173566878981,0,23,None,66,1,5,False,1000,1000
5483,48,degCent,10,0.5877786624203821,0,23,None,66,1,5,False,1000,1000
5484,49,degCent,10,0.5959394904458599,0,23,None,66,1,5,False,1000,1000
5485,45,degCent,10,0.5916600318471338,0,25,None,66,1,5,False,1000,1000
5486,46,degCent,10,0.5984275477707006,0,25,None,66,1,5,False,1000,1000
5487,47,degCent,10,0.6050955414012739,0,25,None,66,1,5,False,1000,1000
5488,48,degCent,10,0.613156847133758,0,25,None,66,1,5,False,1000,1000
5489,49,degCent,10,0.618531050955414,0,25,None,66,1,5,False,1000,1000
5490,45,degCent,10,0.5482683121019108,0,24,None,66,1,5,False,1000,1000
5491,46,degCent,10,0.5537420382165605,0,24,None,66,1,5,False,1000,1000
5492,47,degCent,10,0.5605095541401274,0,24,None,66,1,5,False,1000,1000
5493,48,degCent,10,0.5683718152866242,0,24,None,66,1,5,False,1000,1000
5494,49,degCent,10,0.5760350318471338,0,24,None,66,1,5,False,1000,1000
5495,45,degCent,10,0.5592157643312102,0,28,None,66,1,5,False,1000,1000
5496,46,degCent,10,0.5658837579617835,0,28,None,66,1,5,False,1000,1000
5497,47,degCent,10,0.573546974522293,0,28,None,66,1,5,False,1000,1000
5498,48,degCent,10,0.5821058917197452,0,28,None,66,1,5,False,1000,1000
5499,49,degCent,10,0.5906648089171974,0,28,None,66,1,5,False,1000,1000
5500,45,degCent,10,0.464968152866242,0,31,None,66,1,5,False,1000,1000
5501,46,degCent,10,0.4711385350318471,0,31,None,66,1,5,False,1000,1000
5502,47,degCent,10,0.4765127388535032,0,31,None,66,1,5,False,1000,1000
5503,48,degCent,10,0.4829816878980891,0,31,None,66,1,5,False,1000,1000
5504,49,degCent,10,0.4865644904458598,0,31,None,66,1,5,False,1000,1000
5505,45,degCent,10,0.5585191082802548,0,27,None,66,1,5,False,1000,1000
5506,46,degCent,10,0.5638933121019108,0,27,None,66,1,5,False,1000,1000
5507,47,degCent,10,0.5695660828025477,0,27,None,66,1,5,False,1000,1000
5508,48,degCent,10,0.5756369426751592,0,27,None,66,1,5,False,1000,1000
5509,49,degCent,10,0.5814092356687898,0,27,None,66,1,5,False,1000,1000
5510,45,degCent,10,0.5804140127388535,0,32,None,66,1,5,False,1000,1000
5511,46,degCent,10,0.5866839171974523,0,32,None,66,1,5,False,1000,1000
5512,47,degCent,10,0.5942476114649682,0,32,None,66,1,5,False,1000,1000
5513,48,degCent,10,0.6000199044585988,0,32,None,66,1,5,False,1000,1000
5514,49,degCent,10,0.6061902866242038,0,32,None,66,1,5,False,1000,1000
5515,45,degCent,10,0.5683718152866242,0,5,None,66,1,5,False,1000,1000
5516,46,degCent,10,0.57703025477707,0,5,None,66,1,5,False,1000,1000
5517,47,degCent,10,0.5818073248407644,0,5,None,66,1,5,False,1000,1000
5518,48,degCent,10,0.5851910828025477,0,5,None,66,1,5,False,1000,1000
5519,49,degCent,10,0.591062898089172,0,5,None,66,1,5,False,1000,1000
5520,45,degCent,10,0.5775278662420382,0,4,None,66,1,5,False,1000,1000
5521,46,degCent,10,0.5861863057324841,0,4,None,66,1,5,False,1000,1000
5522,47,degCent,10,0.5932523885350318,0,4,None,66,1,5,False,1000,1000
5523,48,degCent,10,0.6008160828025477,0,4,None,66,1,5,False,1000,1000
5524,49,degCent,10,0.6072850318471338,0,4,None,66,1,5,False,1000,1000
5525,45,degCent,10,0.5230891719745223,0,6,None,66,1,5,False,1000,1000
5526,46,degCent,10,0.5344347133757962,0,6,None,66,1,5,False,1000,1000
5527,47,degCent,10,0.5459792993630573,0,6,None,66,1,5,False,1000,1000
5528,48,degCent,10,0.5572253184713376,0,6,None,66,1,5,False,1000,1000
5529,49,degCent,10,0.5677746815286624,0,6,None,66,1,5,False,1000,1000
5530,45,degCent,10,0.573546974522293,0,7,None,66,1,5,False,1000,1000
5531,46,degCent,10,0.5812101910828026,0,7,None,66,1,5,False,1000,1000
5532,47,degCent,10,0.5896695859872612,0,7,None,66,1,5,False,1000,1000
5533,48,degCent,10,0.599422770700637,0,7,None,66,1,5,False,1000,1000
5534,49,degCent,10,0.6070859872611465,0,7,None,66,1,5,False,1000,1000
5535,45,degCent,10,0.4767117834394904,0,14,None,66,1,5,False,1000,1000
5536,46,degCent,10,0.4936305732484076,0,14,None,66,1,5,False,1000,1000
5537,47,degCent,10,0.5067675159235668,0,14,None,66,1,5,False,1000,1000
5538,48,degCent,10,0.5192078025477707,0,14,None,66,1,5,False,1000,1000
5539,49,degCent,10,0.5351313694267515,0,14,None,66,1,5,False,1000,1000
5540,45,degCent,10,0.5500597133757962,0,12,None,66,1,5,False,1000,1000
5541,46,degCent,10,0.5542396496815286,0,12,None,66,1,5,False,1000,1000
5542,47,degCent,10,0.559812898089172,0,12,None,66,1,5,False,1000,1000
5543,48,degCent,10,0.566281847133758,0,12,None,66,1,5,False,1000,1000
5544,49,degCent,10,0.572452229299363,0,12,None,66,1,5,False,1000,1000
5545,45,degCent,10,0.538515127388535,0,30,None,66,1,5,False,1000,1000
5546,46,degCent,10,0.5463773885350318,0,30,None,66,1,5,False,1000,1000
5547,47,degCent,10,0.5522492038216561,0,30,None,66,1,5,False,1000,1000
5548,48,degCent,10,0.5592157643312102,0,30,None,66,1,5,False,1000,1000
5549,49,degCent,10,0.5661823248407644,0,30,None,66,1,5,False,1000,1000
5550,45,degCent,10,0.5603105095541401,0,26,None,66,1,5,False,1000,1000
5551,46,degCent,10,0.5668789808917197,0,26,None,66,1,5,False,1000,1000
5552,47,degCent,10,0.5729498407643312,0,26,None,66,1,5,False,1000,1000
5553,48,degCent,10,0.5786226114649682,0,26,None,66,1,5,False,1000,1000
5554,49,degCent,10,0.5834992038216561,0,26,None,66,1,5,False,1000,1000
5555,45,degCent,10,0.5610071656050956,0,10,None,66,1,5,False,1000,1000
5556,46,degCent,10,0.5688694267515924,0,10,None,66,1,5,False,1000,1000
5557,47,degCent,10,0.576234076433121,0,10,None,66,1,5,False,1000,1000
5558,48,degCent,10,0.5817078025477707,0,10,None,66,1,5,False,1000,1000
5559,49,degCent,10,0.5865843949044586,0,10,None,66,1,5,False,1000,1000
5560,45,degCent,10,0.5593152866242038,0,11,None,66,1,5,False,1000,1000
5561,46,degCent,10,0.5607085987261147,0,11,None,66,1,5,False,1000,1000
5562,47,degCent,10,0.5633957006369427,0,11,None,66,1,5,False,1000,1000
5563,48,degCent,10,0.5680732484076433,0,11,None,66,1,5,False,1000,1000
5564,49,degCent,10,0.5729498407643312,0,11,None,66,1,5,False,1000,1000
5565,45,degCent,10,0.566281847133758,0,3,None,66,1,5,False,1000,1000
5566,46,degCent,10,0.5723527070063694,0,3,None,66,1,5,False,1000,1000
5567,47,degCent,10,0.5814092356687898,0,3,None,66,1,5,False,1000,1000
5568,48,degCent,10,0.5898686305732485,0,3,None,66,1,5,False,1000,1000
5569,49,degCent,10,0.6000199044585988,0,3,None,66,1,5,False,1000,1000
5570,45,degCent,10,0.5833001592356688,0,17,None,66,1,5,False,1000,1000
5571,46,degCent,10,0.5886743630573248,0,17,None,66,1,5,False,1000,1000
5572,47,degCent,10,0.5950437898089171,0,17,None,66,1,5,False,1000,1000
5573,48,degCent,10,0.6009156050955414,0,17,None,66,1,5,False,1000,1000
5574,49,degCent,10,0.6071855095541401,0,17,None,66,1,5,False,1000,1000
5575,45,degCent,10,0.5678742038216561,0,18,None,66,1,5,False,1000,1000
5576,46,degCent,10,0.5769307324840764,0,18,None,66,1,5,False,1000,1000
5577,47,degCent,10,0.5859872611464968,0,18,None,66,1,5,False,1000,1000
5578,48,degCent,10,0.5950437898089171,0,18,None,66,1,5,False,1000,1000
5579,49,degCent,10,0.5993232484076433,0,18,None,66,1,5,False,1000,1000
5580,45,degCent,10,0.5446855095541401,0,8,None,66,1,5,False,1000,1000
5581,46,degCent,10,0.5511544585987261,0,8,None,66,1,5,False,1000,1000
5582,47,degCent,10,0.5586186305732485,0,8,None,66,1,5,False,1000,1000
5583,48,degCent,10,0.5667794585987261,0,8,None,66,1,5,False,1000,1000
5584,49,degCent,10,0.5745421974522293,0,8,None,66,1,5,False,1000,1000
5585,45,degCent,10,0.4829816878980891,0,19,None,66,1,5,False,1000,1000
5586,46,degCent,10,0.4920382165605095,0,19,None,66,1,5,False,1000,1000
5587,47,degCent,10,0.4996019108280254,0,19,None,66,1,5,False,1000,1000
5588,48,degCent,10,0.5065684713375797,0,19,None,66,1,5,False,1000,1000
5589,49,degCent,10,0.5160230891719745,0,19,None,66,1,5,False,1000,1000
5590,45,degCent,10,0.5596138535031847,0,21,None,66,1,5,False,1000,1000
5591,46,degCent,10,0.5655851910828026,0,21,None,66,1,5,False,1000,1000
5592,47,degCent,10,0.5738455414012739,0,21,None,66,1,5,False,1000,1000
5593,48,degCent,10,0.5794187898089171,0,21,None,66,1,5,False,1000,1000
5594,49,degCent,10,0.5860867834394905,0,21,None,66,1,5,False,1000,1000
5595,45,degCent,10,0.5836982484076433,0,9,None,66,1,5,False,1000,1000
5596,46,degCent,10,0.5889729299363057,0,9,None,66,1,5,False,1000,1000
5597,47,degCent,10,0.5940485668789809,0,9,None,66,1,5,False,1000,1000
5598,48,degCent,10,0.5989251592356688,0,9,None,66,1,5,False,1000,1000
5599,49,degCent,10,0.6015127388535032,0,9,None,66,1,5,False,1000,1000
5600,45,degCent,10,0.5537420382165605,0,29,None,66,1,5,False,1000,1000
5601,46,degCent,10,0.5592157643312102,0,29,None,66,1,5,False,1000,1000
5602,47,degCent,10,0.5637937898089171,0,29,None,66,1,5,False,1000,1000
5603,48,degCent,10,0.5685708598726115,0,29,None,66,1,5,False,1000,1000
5604,49,degCent,10,0.5737460191082803,0,29,None,66,1,5,False,1000,1000
5605,45,degCent,10,0.553343949044586,0,0,None,66,1,5,False,1000,1000
5606,46,degCent,10,0.5612062101910829,0,0,None,66,1,5,False,1000,1000
5607,47,degCent,10,0.5701632165605095,0,0,None,66,1,5,False,1000,1000
5608,48,degCent,10,0.5797173566878981,0,0,None,66,1,5,False,1000,1000
5609,49,degCent,10,0.589968152866242,0,0,None,66,1,5,False,1000,1000
5610,50,degCent,10,0.6176353503184714,0,32,None,66,1,5,False,1000,1000
5611,51,degCent,10,0.6247014331210191,0,32,None,66,1,5,False,1000,1000
5612,52,degCent,10,0.6299761146496815,0,32,None,66,1,5,False,1000,1000
5613,53,degCent,10,0.6353503184713376,0,32,None,66,1,5,False,1000,1000
5614,54,degCent,10,0.6401273885350318,0,32,None,66,1,5,False,1000,1000
5615,50,degCent,10,0.597531847133758,0,16,None,66,1,5,False,1000,1000
5616,51,degCent,10,0.6022093949044586,0,16,None,66,1,5,False,1000,1000
5617,52,degCent,10,0.6065883757961783,0,16,None,66,1,5,False,1000,1000
5618,53,degCent,10,0.6125597133757962,0,16,None,66,1,5,False,1000,1000
5619,54,degCent,10,0.6163415605095541,0,16,None,66,1,5,False,1000,1000
5620,50,degCent,10,0.5839968152866242,0,8,None,66,1,5,False,1000,1000
5621,51,degCent,10,0.5897691082802548,0,8,None,66,1,5,False,1000,1000
5622,52,degCent,10,0.5955414012738853,0,8,None,66,1,5,False,1000,1000
5623,53,degCent,10,0.5999203821656051,0,8,None,66,1,5,False,1000,1000
5624,54,degCent,10,0.6042993630573248,0,8,None,66,1,5,False,1000,1000
5625,50,degCent,10,0.523984872611465,0,19,None,66,1,5,False,1000,1000
5626,51,degCent,10,0.5317476114649682,0,19,None,66,1,5,False,1000,1000
5627,52,degCent,10,0.5359275477707006,0,19,None,66,1,5,False,1000,1000
5628,53,degCent,10,0.5416003184713376,0,19,None,66,1,5,False,1000,1000
5629,54,degCent,10,0.5458797770700637,0,19,None,66,1,5,False,1000,1000
5630,50,degCent,10,0.5885748407643312,0,21,None,66,1,5,False,1000,1000
5631,51,degCent,10,0.5900676751592356,0,21,None,66,1,5,False,1000,1000
5632,52,degCent,10,0.5966361464968153,0,21,None,66,1,5,False,1000,1000
5633,53,degCent,10,0.6015127388535032,0,21,None,66,1,5,False,1000,1000
5634,54,degCent,10,0.6051950636942676,0,21,None,66,1,5,False,1000,1000
5635,50,degCent,10,0.6134554140127388,0,7,None,66,1,5,False,1000,1000
5636,51,degCent,10,0.6197253184713376,0,7,None,66,1,5,False,1000,1000
5637,52,degCent,10,0.6224124203821656,0,7,None,66,1,5,False,1000,1000
5638,53,degCent,10,0.627687101910828,0,7,None,66,1,5,False,1000,1000
5639,54,degCent,10,0.6309713375796179,0,7,None,66,1,5,False,1000,1000
5640,50,degCent,10,0.5909633757961783,0,10,None,66,1,5,False,1000,1000
5641,51,degCent,10,0.5953423566878981,0,10,None,66,1,5,False,1000,1000
5642,52,degCent,10,0.6001194267515924,0,10,None,66,1,5,False,1000,1000
5643,53,degCent,10,0.6025079617834395,0,10,None,66,1,5,False,1000,1000
5644,54,degCent,10,0.6053941082802548,0,10,None,66,1,5,False,1000,1000
5645,50,degCent,10,0.583797770700637,0,15,None,66,1,5,False,1000,1000
5646,51,degCent,10,0.5886743630573248,0,15,None,66,1,5,False,1000,1000
5647,52,degCent,10,0.5943471337579618,0,15,None,66,1,5,False,1000,1000
5648,53,degCent,10,0.6000199044585988,0,15,None,66,1,5,False,1000,1000
5649,54,degCent,10,0.6043988853503185,0,15,None,66,1,5,False,1000,1000
5650,50,degCent,10,0.5769307324840764,0,11,None,66,1,5,False,1000,1000
5651,51,degCent,10,0.580015923566879,0,11,None,66,1,5,False,1000,1000
5652,52,degCent,10,0.582703025477707,0,11,None,66,1,5,False,1000,1000
5653,53,degCent,10,0.585390127388535,0,11,None,66,1,5,False,1000,1000
5654,54,degCent,10,0.5890724522292994,0,11,None,66,1,5,False,1000,1000
5655,50,degCent,10,0.6134554140127388,0,17,None,66,1,5,False,1000,1000
5656,51,degCent,10,0.6196257961783439,0,17,None,66,1,5,False,1000,1000
5657,52,degCent,10,0.6254976114649682,0,17,None,66,1,5,False,1000,1000
5658,53,degCent,10,0.6310708598726115,0,17,None,66,1,5,False,1000,1000
5659,54,degCent,10,0.6334593949044586,0,17,None,66,1,5,False,1000,1000
5660,50,degCent,10,0.6035031847133758,0,18,None,66,1,5,False,1000,1000
5661,51,degCent,10,0.6102707006369427,0,18,None,66,1,5,False,1000,1000
5662,52,degCent,10,0.6161425159235668,0,18,None,66,1,5,False,1000,1000
5663,53,degCent,10,0.6226114649681529,0,18,None,66,1,5,False,1000,1000
5664,54,degCent,10,0.6291799363057324,0,18,None,66,1,5,False,1000,1000
5665,50,degCent,10,0.5905652866242038,0,20,None,66,1,5,False,1000,1000
5666,51,degCent,10,0.5940485668789809,0,20,None,66,1,5,False,1000,1000
5667,52,degCent,10,0.597531847133758,0,20,None,66,1,5,False,1000,1000
5668,53,degCent,10,0.602109872611465,0,20,None,66,1,5,False,1000,1000
5669,54,degCent,10,0.6060907643312102,0,20,None,66,1,5,False,1000,1000
5670,50,degCent,10,0.5327428343949044,0,14,None,66,1,5,False,1000,1000
5671,51,degCent,10,0.5490644904458599,0,14,None,66,1,5,False,1000,1000
5672,52,degCent,10,0.5647890127388535,0,14,None,66,1,5,False,1000,1000
5673,53,degCent,10,0.5778264331210191,0,14,None,66,1,5,False,1000,1000
5674,54,degCent,10,0.585390127388535,0,14,None,66,1,5,False,1000,1000
5675,50,degCent,10,0.5869824840764332,0,22,None,66,1,5,False,1000,1000
5676,51,degCent,10,0.5911624203821656,0,22,None,66,1,5,False,1000,1000
5677,52,degCent,10,0.5938495222929936,0,22,None,66,1,5,False,1000,1000
5678,53,degCent,10,0.5976313694267515,0,22,None,66,1,5,False,1000,1000
5679,54,degCent,10,0.6008160828025477,0,22,None,66,1,5,False,1000,1000
5680,50,degCent,10,0.6230095541401274,0,25,None,66,1,5,False,1000,1000
5681,51,degCent,10,0.6280851910828026,0,25,None,66,1,5,False,1000,1000
5682,52,degCent,10,0.6325636942675159,0,25,None,66,1,5,False,1000,1000
5683,53,degCent,10,0.6346536624203821,0,25,None,66,1,5,False,1000,1000
5684,54,degCent,10,0.6390326433121019,0,25,None,66,1,5,False,1000,1000
5685,50,degCent,10,0.580812101910828,0,29,None,66,1,5,False,1000,1000
5686,51,degCent,10,0.5849920382165605,0,29,None,66,1,5,False,1000,1000
5687,52,degCent,10,0.5874800955414012,0,29,None,66,1,5,False,1000,1000
5688,53,degCent,10,0.5923566878980892,0,29,None,66,1,5,False,1000,1000
5689,54,degCent,10,0.5951433121019108,0,29,None,66,1,5,False,1000,1000
5690,50,degCent,10,0.6045979299363057,0,9,None,66,1,5,False,1000,1000
5691,51,degCent,10,0.60828025477707,0,9,None,66,1,5,False,1000,1000
5692,52,degCent,10,0.6108678343949044,0,9,None,66,1,5,False,1000,1000
5693,53,degCent,10,0.613953025477707,0,9,None,66,1,5,False,1000,1000
5694,54,degCent,10,0.616640127388535,0,9,None,66,1,5,False,1000,1000
5695,50,degCent,10,0.5088574840764332,0,1,None,66,1,5,False,1000,1000
5696,51,degCent,10,0.5162221337579618,0,1,None,66,1,5,False,1000,1000
5697,52,degCent,10,0.5211982484076433,0,1,None,66,1,5,False,1000,1000
5698,53,degCent,10,0.5278662420382165,0,1,None,66,1,5,False,1000,1000
5699,54,degCent,10,0.5340366242038217,0,1,None,66,1,5,False,1000,1000
5700,50,degCent,10,0.5613057324840764,0,13,None,66,1,5,False,1000,1000
5701,51,degCent,10,0.5678742038216561,0,13,None,66,1,5,False,1000,1000
5702,52,degCent,10,0.5751393312101911,0,13,None,66,1,5,False,1000,1000
5703,53,degCent,10,0.580015923566879,0,13,None,66,1,5,False,1000,1000
5704,54,degCent,10,0.5855891719745223,0,13,None,66,1,5,False,1000,1000
5705,50,degCent,10,0.6048964968152867,0,23,None,66,1,5,False,1000,1000
5706,51,degCent,10,0.6123606687898089,0,23,None,66,1,5,False,1000,1000
5707,52,degCent,10,0.6224124203821656,0,23,None,66,1,5,False,1000,1000
5708,53,degCent,10,0.6303742038216561,0,23,None,66,1,5,False,1000,1000
5709,54,degCent,10,0.6344546178343949,0,23,None,66,1,5,False,1000,1000
5710,50,degCent,10,0.6136544585987261,0,4,None,66,1,5,False,1000,1000
5711,51,degCent,10,0.6184315286624203,0,4,None,66,1,5,False,1000,1000
5712,52,degCent,10,0.6220143312101911,0,4,None,66,1,5,False,1000,1000
5713,53,degCent,10,0.6256966560509554,0,4,None,66,1,5,False,1000,1000
5714,54,degCent,10,0.6290804140127388,0,4,None,66,1,5,False,1000,1000
5715,50,degCent,10,0.5815087579617835,0,24,None,66,1,5,False,1000,1000
5716,51,degCent,10,0.5913614649681529,0,24,None,66,1,5,False,1000,1000
5717,52,degCent,10,0.5977308917197452,0,24,None,66,1,5,False,1000,1000
5718,53,degCent,10,0.6046974522292994,0,24,None,66,1,5,False,1000,1000
5719,54,degCent,10,0.6129578025477707,0,24,None,66,1,5,False,1000,1000
5720,50,degCent,10,0.4712380573248407,0,31,None,66,1,5,False,1000,1000
5721,51,degCent,10,0.4763136942675159,0,31,None,66,1,5,False,1000,1000
5722,52,degCent,10,0.482484076433121,0,31,None,66,1,5,False,1000,1000
5723,53,degCent,10,0.4907444267515923,0,31,None,66,1,5,False,1000,1000
5724,54,degCent,10,0.4977109872611465,0,31,None,66,1,5,False,1000,1000
5725,50,degCent,10,0.6009156050955414,0,28,None,66,1,5,False,1000,1000
5726,51,degCent,10,0.6062898089171974,0,28,None,66,1,5,False,1000,1000
5727,52,degCent,10,0.6117635350318471,0,28,None,66,1,5,False,1000,1000
5728,53,degCent,10,0.6173367834394905,0,28,None,66,1,5,False,1000,1000
5729,54,degCent,10,0.6220143312101911,0,28,None,66,1,5,False,1000,1000
5730,50,degCent,10,0.5885748407643312,0,26,None,66,1,5,False,1000,1000
5731,51,degCent,10,0.5923566878980892,0,26,None,66,1,5,False,1000,1000
5732,52,degCent,10,0.5955414012738853,0,26,None,66,1,5,False,1000,1000
5733,53,degCent,10,0.6004179936305732,0,26,None,66,1,5,False,1000,1000
5734,54,degCent,10,0.6026074840764332,0,26,None,66,1,5,False,1000,1000
5735,50,degCent,10,0.5791202229299363,0,12,None,66,1,5,False,1000,1000
5736,51,degCent,10,0.5817078025477707,0,12,None,66,1,5,False,1000,1000
5737,52,degCent,10,0.5838972929936306,0,12,None,66,1,5,False,1000,1000
5738,53,degCent,10,0.5873805732484076,0,12,None,66,1,5,False,1000,1000
5739,54,degCent,10,0.5905652866242038,0,12,None,66,1,5,False,1000,1000
5740,50,degCent,10,0.5947452229299363,0,27,None,66,1,5,False,1000,1000
5741,51,degCent,10,0.5976313694267515,0,27,None,66,1,5,False,1000,1000
5742,52,degCent,10,0.6044984076433121,0,27,None,66,1,5,False,1000,1000
5743,53,degCent,10,0.6107683121019108,0,27,None,66,1,5,False,1000,1000
5744,54,degCent,10,0.6168391719745223,0,27,None,66,1,5,False,1000,1000
5745,50,degCent,10,0.5728503184713376,0,30,None,66,1,5,False,1000,1000
5746,51,degCent,10,0.5801154458598726,0,30,None,66,1,5,False,1000,1000
5747,52,degCent,10,0.5844944267515924,0,30,None,66,1,5,False,1000,1000
5748,53,degCent,10,0.5888734076433121,0,30,None,66,1,5,False,1000,1000
5749,54,degCent,10,0.5925557324840764,0,30,None,66,1,5,False,1000,1000
5750,50,degCent,10,0.5943471337579618,0,2,None,66,1,5,False,1000,1000
5751,51,degCent,10,0.5978304140127388,0,2,None,66,1,5,False,1000,1000
5752,52,degCent,10,0.6025079617834395,0,2,None,66,1,5,False,1000,1000
5753,53,degCent,10,0.6051950636942676,0,2,None,66,1,5,False,1000,1000
5754,54,degCent,10,0.6090764331210191,0,2,None,66,1,5,False,1000,1000
5755,50,degCent,10,0.6017117834394905,0,0,None,66,1,5,False,1000,1000
5756,51,degCent,10,0.6124601910828026,0,0,None,66,1,5,False,1000,1000
5757,52,degCent,10,0.6235071656050956,0,0,None,66,1,5,False,1000,1000
5758,53,degCent,10,0.6334593949044586,0,0,None,66,1,5,False,1000,1000
5759,54,degCent,10,0.6423168789808917,0,0,None,66,1,5,False,1000,1000
5760,50,degCent,10,0.6070859872611465,0,3,None,66,1,5,False,1000,1000
5761,51,degCent,10,0.6143511146496815,0,3,None,66,1,5,False,1000,1000
5762,52,degCent,10,0.6210191082802548,0,3,None,66,1,5,False,1000,1000
5763,53,degCent,10,0.626890923566879,0,3,None,66,1,5,False,1000,1000
5764,54,degCent,10,0.6339570063694268,0,3,None,66,1,5,False,1000,1000
5765,50,degCent,10,0.595640923566879,0,5,None,66,1,5,False,1000,1000
5766,51,degCent,10,0.6008160828025477,0,5,None,66,1,5,False,1000,1000
5767,52,degCent,10,0.6051950636942676,0,5,None,66,1,5,False,1000,1000
5768,53,degCent,10,0.6089769108280255,0,5,None,66,1,5,False,1000,1000
5769,54,degCent,10,0.6134554140127388,0,5,None,66,1,5,False,1000,1000
5770,50,degCent,10,0.5780254777070064,0,6,None,66,1,5,False,1000,1000
5771,51,degCent,10,0.5852906050955414,0,6,None,66,1,5,False,1000,1000
5772,52,degCent,10,0.5901671974522293,0,6,None,66,1,5,False,1000,1000
5773,53,degCent,10,0.5947452229299363,0,6,None,66,1,5,False,1000,1000
5774,54,degCent,10,0.5986265923566879,0,6,None,66,1,5,False,1000,1000
7590,55,degCent,10,0.5128383757961783,0,1,None,66,1,5,False,1000,1000
7591,56,degCent,10,0.5217953821656051,0,1,None,66,1,5,False,1000,1000
7592,57,degCent,10,0.5275676751592356,0,1,None,66,1,5,False,1000,1000
7593,58,degCent,10,0.5346337579617835,0,1,None,66,1,5,False,1000,1000
7594,59,degCent,10,0.5401074840764332,0,1,None,66,1,5,False,1000,1000
7595,55,degCent,10,0.6133558917197452,0,2,None,66,1,5,False,1000,1000
7596,56,degCent,10,0.6163415605095541,0,2,None,66,1,5,False,1000,1000
7597,57,degCent,10,0.6195262738853503,0,2,None,66,1,5,False,1000,1000
7598,58,degCent,10,0.6228105095541401,0,2,None,66,1,5,False,1000,1000
7599,59,degCent,10,0.6257961783439491,0,2,None,66,1,5,False,1000,1000
7600,55,degCent,10,0.6167396496815286,0,5,None,66,1,5,False,1000,1000
7601,56,degCent,10,0.6197253184713376,0,5,None,66,1,5,False,1000,1000
7602,57,degCent,10,0.6222133757961783,0,5,None,66,1,5,False,1000,1000
7603,58,degCent,10,0.6261942675159236,0,5,None,66,1,5,False,1000,1000
7604,59,degCent,10,0.6285828025477707,0,5,None,66,1,5,False,1000,1000
7605,55,degCent,10,0.5869824840764332,0,13,None,66,1,5,False,1000,1000
7606,56,degCent,10,0.5922571656050956,0,13,None,66,1,5,False,1000,1000
7607,57,degCent,10,0.5962380573248408,0,13,None,66,1,5,False,1000,1000
7608,58,degCent,10,0.5999203821656051,0,13,None,66,1,5,False,1000,1000
7609,59,degCent,10,0.6024084394904459,0,13,None,66,1,5,False,1000,1000
7610,55,degCent,10,0.609375,0,15,None,66,1,5,False,1000,1000
7611,56,degCent,10,0.613156847133758,0,15,None,66,1,5,False,1000,1000
7612,57,degCent,10,0.6151472929936306,0,15,None,66,1,5,False,1000,1000
7613,58,degCent,10,0.6167396496815286,0,15,None,66,1,5,False,1000,1000
7614,59,degCent,10,0.618531050955414,0,15,None,66,1,5,False,1000,1000
7615,55,degCent,10,0.6073845541401274,0,10,None,66,1,5,False,1000,1000
7616,56,degCent,10,0.6098726114649682,0,10,None,66,1,5,False,1000,1000
7617,57,degCent,10,0.6119625796178344,0,10,None,66,1,5,False,1000,1000
7618,58,degCent,10,0.6144506369426752,0,10,None,66,1,5,False,1000,1000
7619,59,degCent,10,0.6172372611464968,0,10,None,66,1,5,False,1000,1000
7620,55,degCent,10,0.6248009554140127,0,16,None,66,1,5,False,1000,1000
7621,56,degCent,10,0.6294785031847133,0,16,None,66,1,5,False,1000,1000
7622,57,degCent,10,0.6321656050955414,0,16,None,66,1,5,False,1000,1000
7623,58,degCent,10,0.6357484076433121,0,16,None,66,1,5,False,1000,1000
7624,59,degCent,10,0.6380374203821656,0,16,None,66,1,5,False,1000,1000
7625,55,degCent,10,0.5944466560509554,0,11,None,66,1,5,False,1000,1000
7626,56,degCent,10,0.5958399681528662,0,11,None,66,1,5,False,1000,1000
7627,57,degCent,10,0.5992237261146497,0,11,None,66,1,5,False,1000,1000
7628,58,degCent,10,0.6022093949044586,0,11,None,66,1,5,False,1000,1000
7629,59,degCent,10,0.6050955414012739,0,11,None,66,1,5,False,1000,1000
7630,55,degCent,10,0.6059912420382165,0,8,None,66,1,5,False,1000,1000
7631,56,degCent,10,0.6097730891719745,0,8,None,66,1,5,False,1000,1000
7632,57,degCent,10,0.6135549363057324,0,8,None,66,1,5,False,1000,1000
7633,58,degCent,10,0.6156449044585988,0,8,None,66,1,5,False,1000,1000
7634,59,degCent,10,0.6180334394904459,0,8,None,66,1,5,False,1000,1000
7635,55,degCent,10,0.6117635350318471,0,20,None,66,1,5,False,1000,1000
7636,56,degCent,10,0.6136544585987261,0,20,None,66,1,5,False,1000,1000
7637,57,degCent,10,0.6145501592356688,0,20,None,66,1,5,False,1000,1000
7638,58,degCent,10,0.6162420382165605,0,20,None,66,1,5,False,1000,1000
7639,59,degCent,10,0.618531050955414,0,20,None,66,1,5,False,1000,1000
7640,55,degCent,10,0.546875,0,19,None,66,1,5,False,1000,1000
7641,56,degCent,10,0.5503582802547771,0,19,None,66,1,5,False,1000,1000
7642,57,degCent,10,0.5543391719745223,0,19,None,66,1,5,False,1000,1000
7643,58,degCent,10,0.5586186305732485,0,19,None,66,1,5,False,1000,1000
7644,59,degCent,10,0.5609076433121019,0,19,None,66,1,5,False,1000,1000
7645,55,degCent,10,0.637937898089172,0,23,None,66,1,5,False,1000,1000
7646,56,degCent,10,0.6411226114649682,0,23,None,66,1,5,False,1000,1000
7647,57,degCent,10,0.6437101910828026,0,23,None,66,1,5,False,1000,1000
7648,58,degCent,10,0.6439092356687898,0,23,None,66,1,5,False,1000,1000
7649,59,degCent,10,0.6447054140127388,0,23,None,66,1,5,False,1000,1000
7650,55,degCent,10,0.6376393312101911,0,17,None,66,1,5,False,1000,1000
7651,56,degCent,10,0.6400278662420382,0,17,None,66,1,5,False,1000,1000
7652,57,degCent,10,0.6431130573248408,0,17,None,66,1,5,False,1000,1000
7653,58,degCent,10,0.6451035031847133,0,17,None,66,1,5,False,1000,1000
7654,59,degCent,10,0.6460987261146497,0,17,None,66,1,5,False,1000,1000
7655,55,degCent,10,0.60828025477707,0,21,None,66,1,5,False,1000,1000
7656,56,degCent,10,0.6114649681528662,0,21,None,66,1,5,False,1000,1000
7657,57,degCent,10,0.6146496815286624,0,21,None,66,1,5,False,1000,1000
7658,58,degCent,10,0.6153463375796179,0,21,None,66,1,5,False,1000,1000
7659,59,degCent,10,0.6155453821656051,0,21,None,66,1,5,False,1000,1000
7660,55,degCent,10,0.6419187898089171,0,25,None,66,1,5,False,1000,1000
7661,56,degCent,10,0.6451035031847133,0,25,None,66,1,5,False,1000,1000
7662,57,degCent,10,0.6469944267515924,0,25,None,66,1,5,False,1000,1000
7663,58,degCent,10,0.6509753184713376,0,25,None,66,1,5,False,1000,1000
7664,59,degCent,10,0.6531648089171974,0,25,None,66,1,5,False,1000,1000
7665,55,degCent,10,0.6057921974522293,0,26,None,66,1,5,False,1000,1000
7666,56,degCent,10,0.6085788216560509,0,26,None,66,1,5,False,1000,1000
7667,57,degCent,10,0.61046974522293,0,26,None,66,1,5,False,1000,1000
7668,58,degCent,10,0.613156847133758,0,26,None,66,1,5,False,1000,1000
7669,59,degCent,10,0.615843949044586,0,26,None,66,1,5,False,1000,1000
7670,55,degCent,10,0.5932523885350318,0,12,None,66,1,5,False,1000,1000
7671,56,degCent,10,0.5962380573248408,0,12,None,66,1,5,False,1000,1000
7672,57,degCent,10,0.5970342356687898,0,12,None,66,1,5,False,1000,1000
7673,58,degCent,10,0.598328025477707,0,12,None,66,1,5,False,1000,1000
7674,59,degCent,10,0.6001194267515924,0,12,None,66,1,5,False,1000,1000
7675,55,degCent,10,0.6170382165605095,0,24,None,66,1,5,False,1000,1000
7676,56,degCent,10,0.6237062101910829,0,24,None,66,1,5,False,1000,1000
7677,57,degCent,10,0.6304737261146497,0,24,None,66,1,5,False,1000,1000
7678,58,degCent,10,0.6357484076433121,0,24,None,66,1,5,False,1000,1000
7679,59,degCent,10,0.6416202229299363,0,24,None,66,1,5,False,1000,1000
7680,55,degCent,10,0.6303742038216561,0,28,None,66,1,5,False,1000,1000
7681,56,degCent,10,0.634156050955414,0,28,None,66,1,5,False,1000,1000
7682,57,degCent,10,0.6367436305732485,0,28,None,66,1,5,False,1000,1000
7683,58,degCent,10,0.638734076433121,0,28,None,66,1,5,False,1000,1000
7684,59,degCent,10,0.6419187898089171,0,28,None,66,1,5,False,1000,1000
7685,55,degCent,10,0.6380374203821656,0,3,None,66,1,5,False,1000,1000
7686,56,degCent,10,0.6431130573248408,0,3,None,66,1,5,False,1000,1000
7687,57,degCent,10,0.6458001592356688,0,3,None,66,1,5,False,1000,1000
7688,58,degCent,10,0.6500796178343949,0,3,None,66,1,5,False,1000,1000
7689,59,degCent,10,0.6533638535031847,0,3,None,66,1,5,False,1000,1000
7690,55,degCent,10,0.5990246815286624,0,29,None,66,1,5,False,1000,1000
7691,56,degCent,10,0.602906050955414,0,29,None,66,1,5,False,1000,1000
7692,57,degCent,10,0.6071855095541401,0,29,None,66,1,5,False,1000,1000
7693,58,degCent,10,0.6115644904458599,0,29,None,66,1,5,False,1000,1000
7694,59,degCent,10,0.6163415605095541,0,29,None,66,1,5,False,1000,1000
7695,55,degCent,10,0.5939490445859873,0,30,None,66,1,5,False,1000,1000
7696,56,degCent,10,0.5974323248407644,0,30,None,66,1,5,False,1000,1000
7697,57,degCent,10,0.5998208598726115,0,30,None,66,1,5,False,1000,1000
7698,58,degCent,10,0.6015127388535032,0,30,None,66,1,5,False,1000,1000
7699,59,degCent,10,0.6026074840764332,0,30,None,66,1,5,False,1000,1000
7700,55,degCent,10,0.6488853503184714,0,0,None,66,1,5,False,1000,1000
7701,56,degCent,10,0.6532643312101911,0,0,None,66,1,5,False,1000,1000
7702,57,degCent,10,0.6561504777070064,0,0,None,66,1,5,False,1000,1000
7703,58,degCent,10,0.6582404458598726,0,0,None,66,1,5,False,1000,1000
7704,59,degCent,10,0.6611265923566879,0,0,None,66,1,5,False,1000,1000
7705,55,degCent,10,0.6210191082802548,0,27,None,66,1,5,False,1000,1000
7706,56,degCent,10,0.625,0,27,None,66,1,5,False,1000,1000
7707,57,degCent,10,0.6286823248407644,0,27,None,66,1,5,False,1000,1000
7708,58,degCent,10,0.6317675159235668,0,27,None,66,1,5,False,1000,1000
7709,59,degCent,10,0.636046974522293,0,27,None,66,1,5,False,1000,1000
7710,55,degCent,10,0.6369426751592356,0,18,None,66,1,5,False,1000,1000
7711,56,degCent,10,0.6421178343949044,0,18,None,66,1,5,False,1000,1000
7712,57,degCent,10,0.6451035031847133,0,18,None,66,1,5,False,1000,1000
7713,58,degCent,10,0.6480891719745223,0,18,None,66,1,5,False,1000,1000
7714,59,degCent,10,0.6509753184713376,0,18,None,66,1,5,False,1000,1000
7715,55,degCent,10,0.4829816878980891,0,31,None,66,1,5,False,1000,1000
7716,56,degCent,10,0.4909434713375796,0,31,None,66,1,5,False,1000,1000
7717,57,degCent,10,0.4983081210191082,0,31,None,66,1,5,False,1000,1000
7718,58,degCent,10,0.5065684713375797,0,31,None,66,1,5,False,1000,1000
7719,59,degCent,10,0.5162221337579618,0,31,None,66,1,5,False,1000,1000
7720,55,degCent,10,0.6324641719745223,0,7,None,66,1,5,False,1000,1000
7721,56,degCent,10,0.6372412420382165,0,7,None,66,1,5,False,1000,1000
7722,57,degCent,10,0.6404259554140127,0,7,None,66,1,5,False,1000,1000
7723,58,degCent,10,0.6429140127388535,0,7,None,66,1,5,False,1000,1000
7724,59,degCent,10,0.645203025477707,0,7,None,66,1,5,False,1000,1000
7725,55,degCent,10,0.6331608280254777,0,4,None,66,1,5,False,1000,1000
7726,56,degCent,10,0.6357484076433121,0,4,None,66,1,5,False,1000,1000
7727,57,degCent,10,0.6390326433121019,0,4,None,66,1,5,False,1000,1000
7728,58,degCent,10,0.6421178343949044,0,4,None,66,1,5,False,1000,1000
7729,59,degCent,10,0.6443073248407644,0,4,None,66,1,5,False,1000,1000
7730,55,degCent,10,0.6418192675159236,0,32,None,66,1,5,False,1000,1000
7731,56,degCent,10,0.6447054140127388,0,32,None,66,1,5,False,1000,1000
7732,57,degCent,10,0.6476910828025477,0,32,None,66,1,5,False,1000,1000
7733,58,degCent,10,0.6496815286624203,0,32,None,66,1,5,False,1000,1000
7734,59,degCent,10,0.652468152866242,0,32,None,66,1,5,False,1000,1000
7735,55,degCent,10,0.6038017515923567,0,22,None,66,1,5,False,1000,1000
7736,56,degCent,10,0.6068869426751592,0,22,None,66,1,5,False,1000,1000
7737,57,degCent,10,0.6097730891719745,0,22,None,66,1,5,False,1000,1000
7738,58,degCent,10,0.6124601910828026,0,22,None,66,1,5,False,1000,1000
7739,59,degCent,10,0.6145501592356688,0,22,None,66,1,5,False,1000,1000
7740,55,degCent,10,0.582703025477707,0,14,None,66,1,5,False,1000,1000
7741,56,degCent,10,0.5940485668789809,0,14,None,66,1,5,False,1000,1000
7742,57,degCent,10,0.6020103503184714,0,14,None,66,1,5,False,1000,1000
7743,58,degCent,10,0.6090764331210191,0,14,None,66,1,5,False,1000,1000
7744,59,degCent,10,0.6148487261146497,0,14,None,66,1,5,False,1000,1000
7745,55,degCent,10,0.6173367834394905,0,9,None,66,1,5,False,1000,1000
7746,56,degCent,10,0.6195262738853503,0,9,None,66,1,5,False,1000,1000
7747,57,degCent,10,0.6222133757961783,0,9,None,66,1,5,False,1000,1000
7748,58,degCent,10,0.6237062101910829,0,9,None,66,1,5,False,1000,1000
7749,59,degCent,10,0.6251990445859873,0,9,None,66,1,5,False,1000,1000
7750,55,degCent,10,0.6057921974522293,0,6,None,66,1,5,False,1000,1000
7751,56,degCent,10,0.6089769108280255,0,6,None,66,1,5,False,1000,1000
7752,57,degCent,10,0.6127587579617835,0,6,None,66,1,5,False,1000,1000
7753,58,degCent,10,0.6170382165605095,0,6,None,66,1,5,False,1000,1000
7754,59,degCent,10,0.6213176751592356,0,6,None,66,1,5,False,1000,1000
7755,60,degCent,10,0.6458996815286624,0,24,None,66,1,5,False,1000,1000
7756,61,degCent,10,0.6480891719745223,0,24,None,66,1,5,False,1000,1000
7757,62,degCent,10,0.6514729299363057,0,24,None,66,1,5,False,1000,1000
7758,63,degCent,10,0.6545581210191083,0,24,None,66,1,5,False,1000,1000
7759,64,degCent,10,0.6575437898089171,0,24,None,66,1,5,False,1000,1000
7760,60,degCent,10,0.4957205414012738,0,31,None,66,1,5,False,1000,1000
7761,61,degCent,10,0.5043789808917197,0,31,None,66,1,5,False,1000,1000
7762,62,degCent,10,0.51453025477707,0,31,None,66,1,5,False,1000,1000
7763,63,degCent,10,0.523984872611465,0,31,None,66,1,5,False,1000,1000
7764,64,degCent,10,0.529359076433121,0,31,None,66,1,5,False,1000,1000
7765,60,degCent,10,0.5103503184713376,0,1,None,66,1,5,False,1000,1000
7766,61,degCent,10,0.5217953821656051,0,1,None,66,1,5,False,1000,1000
7767,62,degCent,10,0.5307523885350318,0,1,None,66,1,5,False,1000,1000
7768,63,degCent,10,0.5401074840764332,0,1,None,66,1,5,False,1000,1000
7769,64,degCent,10,0.5476711783439491,0,1,None,66,1,5,False,1000,1000
7770,60,degCent,10,0.6176353503184714,0,21,None,66,1,5,False,1000,1000
7771,61,degCent,10,0.6188296178343949,0,21,None,66,1,5,False,1000,1000
7772,62,degCent,10,0.6194267515923567,0,21,None,66,1,5,False,1000,1000
7773,63,degCent,10,0.6208200636942676,0,21,None,66,1,5,False,1000,1000
7774,64,degCent,10,0.6215167197452229,0,21,None,66,1,5,False,1000,1000
7775,60,degCent,10,0.5638933121019108,0,19,None,66,1,5,False,1000,1000
7776,61,degCent,10,0.5671775477707006,0,19,None,66,1,5,False,1000,1000
7777,62,degCent,10,0.5687699044585988,0,19,None,66,1,5,False,1000,1000
7778,63,degCent,10,0.5725517515923567,0,19,None,66,1,5,False,1000,1000
7779,64,degCent,10,0.5753383757961783,0,19,None,66,1,5,False,1000,1000
7780,60,degCent,10,0.6197253184713376,0,8,None,66,1,5,False,1000,1000
7781,61,degCent,10,0.6228105095541401,0,8,None,66,1,5,False,1000,1000
7782,62,degCent,10,0.6258957006369427,0,8,None,66,1,5,False,1000,1000
7783,63,degCent,10,0.6281847133757962,0,8,None,66,1,5,False,1000,1000
7784,64,degCent,10,0.6309713375796179,0,8,None,66,1,5,False,1000,1000
7785,60,degCent,10,0.6427149681528662,0,16,None,66,1,5,False,1000,1000
7786,61,degCent,10,0.6455015923566879,0,16,None,66,1,5,False,1000,1000
7787,62,degCent,10,0.6475915605095541,0,16,None,66,1,5,False,1000,1000
7788,63,degCent,10,0.6501791401273885,0,16,None,66,1,5,False,1000,1000
7789,64,degCent,10,0.6519705414012739,0,16,None,66,1,5,False,1000,1000
7790,60,degCent,10,0.6554538216560509,0,32,None,66,1,5,False,1000,1000
7791,61,degCent,10,0.65734474522293,0,32,None,66,1,5,False,1000,1000
7792,62,degCent,10,0.658140923566879,0,32,None,66,1,5,False,1000,1000
7793,63,degCent,10,0.6602308917197452,0,32,None,66,1,5,False,1000,1000
7794,64,degCent,10,0.6623208598726115,0,32,None,66,1,5,False,1000,1000
7795,60,degCent,10,0.6174363057324841,0,22,None,66,1,5,False,1000,1000
7796,61,degCent,10,0.6197253184713376,0,22,None,66,1,5,False,1000,1000
7797,62,degCent,10,0.6229100318471338,0,22,None,66,1,5,False,1000,1000
7798,63,degCent,10,0.6250995222929936,0,22,None,66,1,5,False,1000,1000
7799,64,degCent,10,0.6275875796178344,0,22,None,66,1,5,False,1000,1000
7800,60,degCent,10,0.6178343949044586,0,26,None,66,1,5,False,1000,1000
7801,61,degCent,10,0.6190286624203821,0,26,None,66,1,5,False,1000,1000
7802,62,degCent,10,0.621218152866242,0,26,None,66,1,5,False,1000,1000
7803,63,degCent,10,0.6237062101910829,0,26,None,66,1,5,False,1000,1000
7804,64,degCent,10,0.6255971337579618,0,26,None,66,1,5,False,1000,1000
7805,60,degCent,10,0.6385350318471338,0,27,None,66,1,5,False,1000,1000
7806,61,degCent,10,0.642515923566879,0,27,None,66,1,5,False,1000,1000
7807,62,degCent,10,0.6459992038216561,0,27,None,66,1,5,False,1000,1000
7808,63,degCent,10,0.6496815286624203,0,27,None,66,1,5,False,1000,1000
7809,64,degCent,10,0.6520700636942676,0,27,None,66,1,5,False,1000,1000
7810,60,degCent,10,0.6281847133757962,0,6,None,66,1,5,False,1000,1000
7811,61,degCent,10,0.6331608280254777,0,6,None,66,1,5,False,1000,1000
7812,62,degCent,10,0.6369426751592356,0,6,None,66,1,5,False,1000,1000
7813,63,degCent,10,0.64171974522293,0,6,None,66,1,5,False,1000,1000
7814,64,degCent,10,0.6449044585987261,0,6,None,66,1,5,False,1000,1000
7815,60,degCent,10,0.6039012738853503,0,30,None,66,1,5,False,1000,1000
7816,61,degCent,10,0.6058917197452229,0,30,None,66,1,5,False,1000,1000
7817,62,degCent,10,0.6072850318471338,0,30,None,66,1,5,False,1000,1000
7818,63,degCent,10,0.6085788216560509,0,30,None,66,1,5,False,1000,1000
7819,64,degCent,10,0.6100716560509554,0,30,None,66,1,5,False,1000,1000
7820,60,degCent,10,0.6039012738853503,0,13,None,66,1,5,False,1000,1000
7821,61,degCent,10,0.6078821656050956,0,13,None,66,1,5,False,1000,1000
7822,62,degCent,10,0.6117635350318471,0,13,None,66,1,5,False,1000,1000
7823,63,degCent,10,0.6147492038216561,0,13,None,66,1,5,False,1000,1000
7824,64,degCent,10,0.6168391719745223,0,13,None,66,1,5,False,1000,1000
7825,60,degCent,10,0.6304737261146497,0,2,None,66,1,5,False,1000,1000
7826,61,degCent,10,0.6328622611464968,0,2,None,66,1,5,False,1000,1000
7827,62,degCent,10,0.636843152866242,0,2,None,66,1,5,False,1000,1000
7828,63,degCent,10,0.6414211783439491,0,2,None,66,1,5,False,1000,1000
7829,64,degCent,10,0.6454020700636943,0,2,None,66,1,5,False,1000,1000
7830,60,degCent,10,0.6301751592356688,0,5,None,66,1,5,False,1000,1000
7831,61,degCent,10,0.6324641719745223,0,5,None,66,1,5,False,1000,1000
7832,62,degCent,10,0.634952229299363,0,5,None,66,1,5,False,1000,1000
7833,63,degCent,10,0.6375398089171974,0,5,None,66,1,5,False,1000,1000
7834,64,degCent,10,0.6404259554140127,0,5,None,66,1,5,False,1000,1000
7835,60,degCent,10,0.6460987261146497,0,7,None,66,1,5,False,1000,1000
7836,61,degCent,10,0.6479896496815286,0,7,None,66,1,5,False,1000,1000
7837,62,degCent,10,0.6495820063694268,0,7,None,66,1,5,False,1000,1000
7838,63,degCent,10,0.6522691082802548,0,7,None,66,1,5,False,1000,1000
7839,64,degCent,10,0.653562898089172,0,7,None,66,1,5,False,1000,1000
7840,60,degCent,10,0.6190286624203821,0,10,None,66,1,5,False,1000,1000
7841,61,degCent,10,0.6211186305732485,0,10,None,66,1,5,False,1000,1000
7842,62,degCent,10,0.6236066878980892,0,10,None,66,1,5,False,1000,1000
7843,63,degCent,10,0.6266918789808917,0,10,None,66,1,5,False,1000,1000
7844,64,degCent,10,0.629578025477707,0,10,None,66,1,5,False,1000,1000
7845,60,degCent,10,0.6088773885350318,0,11,None,66,1,5,False,1000,1000
7846,61,degCent,10,0.6102707006369427,0,11,None,66,1,5,False,1000,1000
7847,62,degCent,10,0.6126592356687898,0,11,None,66,1,5,False,1000,1000
7848,63,degCent,10,0.6154458598726115,0,11,None,66,1,5,False,1000,1000
7849,64,degCent,10,0.6167396496815286,0,11,None,66,1,5,False,1000,1000
7850,60,degCent,10,0.602906050955414,0,12,None,66,1,5,False,1000,1000
7851,61,degCent,10,0.6044984076433121,0,12,None,66,1,5,False,1000,1000
7852,62,degCent,10,0.6067874203821656,0,12,None,66,1,5,False,1000,1000
7853,63,degCent,10,0.6086783439490446,0,12,None,66,1,5,False,1000,1000
7854,64,degCent,10,0.6107683121019108,0,12,None,66,1,5,False,1000,1000
7855,60,degCent,10,0.6216162420382165,0,15,None,66,1,5,False,1000,1000
7856,61,degCent,10,0.6241042993630573,0,15,None,66,1,5,False,1000,1000
7857,62,degCent,10,0.6258957006369427,0,15,None,66,1,5,False,1000,1000
7858,63,degCent,10,0.6271894904458599,0,15,None,66,1,5,False,1000,1000
7859,64,degCent,10,0.6289808917197452,0,15,None,66,1,5,False,1000,1000
7860,60,degCent,10,0.6491839171974523,0,17,None,66,1,5,False,1000,1000
7861,61,degCent,10,0.6512738853503185,0,17,None,66,1,5,False,1000,1000
7862,62,degCent,10,0.6509753184713376,0,17,None,66,1,5,False,1000,1000
7863,63,degCent,10,0.6520700636942676,0,17,None,66,1,5,False,1000,1000
7864,64,degCent,10,0.6533638535031847,0,17,None,66,1,5,False,1000,1000
7865,60,degCent,10,0.6533638535031847,0,18,None,66,1,5,False,1000,1000
7866,61,degCent,10,0.6566480891719745,0,18,None,66,1,5,False,1000,1000
7867,62,degCent,10,0.660031847133758,0,18,None,66,1,5,False,1000,1000
7868,63,degCent,10,0.6628184713375797,0,18,None,66,1,5,False,1000,1000
7869,64,degCent,10,0.6636146496815286,0,18,None,66,1,5,False,1000,1000
7870,60,degCent,10,0.6227109872611465,0,20,None,66,1,5,False,1000,1000
7871,61,degCent,10,0.6243033439490446,0,20,None,66,1,5,False,1000,1000
7872,62,degCent,10,0.62609474522293,0,20,None,66,1,5,False,1000,1000
7873,63,degCent,10,0.6281847133757962,0,20,None,66,1,5,False,1000,1000
7874,64,degCent,10,0.6296775477707006,0,20,None,66,1,5,False,1000,1000
7875,60,degCent,10,0.6460987261146497,0,28,None,66,1,5,False,1000,1000
7876,61,degCent,10,0.6472929936305732,0,28,None,66,1,5,False,1000,1000
7877,62,degCent,10,0.6485867834394905,0,28,None,66,1,5,False,1000,1000
7878,63,degCent,10,0.6493829617834395,0,28,None,66,1,5,False,1000,1000
7879,64,degCent,10,0.6510748407643312,0,28,None,66,1,5,False,1000,1000
7880,60,degCent,10,0.6262937898089171,0,9,None,66,1,5,False,1000,1000
7881,61,degCent,10,0.6283837579617835,0,9,None,66,1,5,False,1000,1000
7882,62,degCent,10,0.6305732484076433,0,9,None,66,1,5,False,1000,1000
7883,63,degCent,10,0.6326632165605095,0,9,None,66,1,5,False,1000,1000
7884,64,degCent,10,0.6344546178343949,0,9,None,66,1,5,False,1000,1000
7885,60,degCent,10,0.6115644904458599,0,14,None,66,1,5,False,1000,1000
7886,61,degCent,10,0.6187300955414012,0,14,None,66,1,5,False,1000,1000
7887,62,degCent,10,0.6244028662420382,0,14,None,66,1,5,False,1000,1000
7888,63,degCent,10,0.6280851910828026,0,14,None,66,1,5,False,1000,1000
7889,64,degCent,10,0.6325636942675159,0,14,None,66,1,5,False,1000,1000
7890,60,degCent,10,0.6548566878980892,0,3,None,66,1,5,False,1000,1000
7891,61,degCent,10,0.6595342356687898,0,3,None,66,1,5,False,1000,1000
7892,62,degCent,10,0.6621218152866242,0,3,None,66,1,5,False,1000,1000
7893,63,degCent,10,0.6647093949044586,0,3,None,66,1,5,False,1000,1000
7894,64,degCent,10,0.6673964968152867,0,3,None,66,1,5,False,1000,1000
7895,60,degCent,10,0.6552547770700637,0,25,None,66,1,5,False,1000,1000
7896,61,degCent,10,0.6584394904458599,0,25,None,66,1,5,False,1000,1000
7897,62,degCent,10,0.6601313694267515,0,25,None,66,1,5,False,1000,1000
7898,63,degCent,10,0.6637141719745223,0,25,None,66,1,5,False,1000,1000
7899,64,degCent,10,0.6652070063694268,0,25,None,66,1,5,False,1000,1000
7900,60,degCent,10,0.6151472929936306,0,29,None,66,1,5,False,1000,1000
7901,61,degCent,10,0.6201234076433121,0,29,None,66,1,5,False,1000,1000
7902,62,degCent,10,0.6256966560509554,0,29,None,66,1,5,False,1000,1000
7903,63,degCent,10,0.6315684713375797,0,29,None,66,1,5,False,1000,1000
7904,64,degCent,10,0.6355493630573248,0,29,None,66,1,5,False,1000,1000
7905,60,degCent,10,0.6629179936305732,0,0,None,66,1,5,False,1000,1000
7906,61,degCent,10,0.6641122611464968,0,0,None,66,1,5,False,1000,1000
7907,62,degCent,10,0.6656050955414012,0,0,None,66,1,5,False,1000,1000
7908,63,degCent,10,0.6673964968152867,0,0,None,66,1,5,False,1000,1000
7909,64,degCent,10,0.6690883757961783,0,0,None,66,1,5,False,1000,1000
7910,60,degCent,10,0.6481886942675159,0,4,None,66,1,5,False,1000,1000
7911,61,degCent,10,0.650577229299363,0,4,None,66,1,5,False,1000,1000
7912,62,degCent,10,0.653562898089172,0,4,None,66,1,5,False,1000,1000
7913,63,degCent,10,0.6565485668789809,0,4,None,66,1,5,False,1000,1000
7914,64,degCent,10,0.6594347133757962,0,4,None,66,1,5,False,1000,1000
7915,60,degCent,10,0.6455015923566879,0,23,None,66,1,5,False,1000,1000
7916,61,degCent,10,0.6461982484076433,0,23,None,66,1,5,False,1000,1000
7917,62,degCent,10,0.648984872611465,0,23,None,66,1,5,False,1000,1000
7918,63,degCent,10,0.6504777070063694,0,23,None,66,1,5,False,1000,1000
7919,64,degCent,10,0.6528662420382165,0,23,None,66,1,5,False,1000,1000
10065,65,degCent,10,0.5079617834394905,0,1,None,66,1,5,False,1000,1000
10066,66,degCent,10,0.5248805732484076,0,1,None,66,1,5,False,1000,1000
10067,67,degCent,10,0.5356289808917197,0,1,None,66,1,5,False,1000,1000
10068,68,degCent,10,0.5469745222929936,0,1,None,66,1,5,False,1000,1000
10069,69,degCent,10,0.5544386942675159,0,1,None,66,1,5,False,1000,1000
10070,65,degCent,10,0.6502786624203821,0,2,None,66,1,5,False,1000,1000
10071,66,degCent,10,0.6527667197452229,0,2,None,66,1,5,False,1000,1000
10072,67,degCent,10,0.6554538216560509,0,2,None,66,1,5,False,1000,1000
10073,68,degCent,10,0.6596337579617835,0,2,None,66,1,5,False,1000,1000
10074,69,degCent,10,0.6633160828025477,0,2,None,66,1,5,False,1000,1000
10075,65,degCent,10,0.6422173566878981,0,5,None,66,1,5,False,1000,1000
10076,66,degCent,10,0.6449044585987261,0,5,None,66,1,5,False,1000,1000
10077,67,degCent,10,0.6488853503184714,0,5,None,66,1,5,False,1000,1000
10078,68,degCent,10,0.6527667197452229,0,5,None,66,1,5,False,1000,1000
10079,69,degCent,10,0.6542595541401274,0,5,None,66,1,5,False,1000,1000
10080,65,degCent,10,0.617734872611465,0,13,None,66,1,5,False,1000,1000
10081,66,degCent,10,0.620421974522293,0,13,None,66,1,5,False,1000,1000
10082,67,degCent,10,0.6225119426751592,0,13,None,66,1,5,False,1000,1000
10083,68,degCent,10,0.6258957006369427,0,13,None,66,1,5,False,1000,1000
10084,69,degCent,10,0.6284832802547771,0,13,None,66,1,5,False,1000,1000
10085,65,degCent,10,0.6334593949044586,0,15,None,66,1,5,False,1000,1000
10086,66,degCent,10,0.6344546178343949,0,15,None,66,1,5,False,1000,1000
10087,67,degCent,10,0.6357484076433121,0,15,None,66,1,5,False,1000,1000
10088,68,degCent,10,0.6371417197452229,0,15,None,66,1,5,False,1000,1000
10089,69,degCent,10,0.6376393312101911,0,15,None,66,1,5,False,1000,1000
10090,65,degCent,10,0.630672770700637,0,10,None,66,1,5,False,1000,1000
10091,66,degCent,10,0.6326632165605095,0,10,None,66,1,5,False,1000,1000
10092,67,degCent,10,0.6352507961783439,0,10,None,66,1,5,False,1000,1000
10093,68,degCent,10,0.6382364649681529,0,10,None,66,1,5,False,1000,1000
10094,69,degCent,10,0.6412221337579618,0,10,None,66,1,5,False,1000,1000
10095,65,degCent,10,0.6213176751592356,0,11,None,66,1,5,False,1000,1000
10096,66,degCent,10,0.6221138535031847,0,11,None,66,1,5,False,1000,1000
10097,67,degCent,10,0.623109076433121,0,11,None,66,1,5,False,1000,1000
10098,68,degCent,10,0.6241042993630573,0,11,None,66,1,5,False,1000,1000
10099,69,degCent,10,0.6257961783439491,0,11,None,66,1,5,False,1000,1000
10100,65,degCent,10,0.6325636942675159,0,20,None,66,1,5,False,1000,1000
10101,66,degCent,10,0.6338574840764332,0,20,None,66,1,5,False,1000,1000
10102,67,degCent,10,0.6355493630573248,0,20,None,66,1,5,False,1000,1000
10103,68,degCent,10,0.6367436305732485,0,20,None,66,1,5,False,1000,1000
10104,69,degCent,10,0.6375398089171974,0,20,None,66,1,5,False,1000,1000
10105,65,degCent,10,0.5782245222929936,0,19,None,66,1,5,False,1000,1000
10106,66,degCent,10,0.5799164012738853,0,19,None,66,1,5,False,1000,1000
10107,67,degCent,10,0.5828025477707006,0,19,None,66,1,5,False,1000,1000
10108,68,degCent,10,0.5848925159235668,0,19,None,66,1,5,False,1000,1000
10109,69,degCent,10,0.5868829617834395,0,19,None,66,1,5,False,1000,1000
10110,65,degCent,10,0.6279856687898089,0,22,None,66,1,5,False,1000,1000
10111,66,degCent,10,0.6302746815286624,0,22,None,66,1,5,False,1000,1000
10112,67,degCent,10,0.6336584394904459,0,22,None,66,1,5,False,1000,1000
10113,68,degCent,10,0.6375398089171974,0,22,None,66,1,5,False,1000,1000
10114,69,degCent,10,0.6404259554140127,0,22,None,66,1,5,False,1000,1000
10115,65,degCent,10,0.653562898089172,0,23,None,66,1,5,False,1000,1000
10116,66,degCent,10,0.6559514331210191,0,23,None,66,1,5,False,1000,1000
10117,67,degCent,10,0.6566480891719745,0,23,None,66,1,5,False,1000,1000
10118,68,degCent,10,0.6585390127388535,0,23,None,66,1,5,False,1000,1000
10119,69,degCent,10,0.660031847133758,0,23,None,66,1,5,False,1000,1000
10120,65,degCent,10,0.6258957006369427,0,21,None,66,1,5,False,1000,1000
10121,66,degCent,10,0.6253980891719745,0,21,None,66,1,5,False,1000,1000
10122,67,degCent,10,0.6270899681528662,0,21,None,66,1,5,False,1000,1000
10123,68,degCent,10,0.6289808917197452,0,21,None,66,1,5,False,1000,1000
10124,69,degCent,10,0.6323646496815286,0,21,None,66,1,5,False,1000,1000
10125,65,degCent,10,0.6578423566878981,0,17,None,66,1,5,False,1000,1000
10126,66,degCent,10,0.6592356687898089,0,17,None,66,1,5,False,1000,1000
10127,67,degCent,10,0.6602308917197452,0,17,None,66,1,5,False,1000,1000
10128,68,degCent,10,0.6607285031847133,0,17,None,66,1,5,False,1000,1000
10129,69,degCent,10,0.6622213375796179,0,17,None,66,1,5,False,1000,1000
10130,65,degCent,10,0.6271894904458599,0,26,None,66,1,5,False,1000,1000
10131,66,degCent,10,0.6297770700636943,0,26,None,66,1,5,False,1000,1000
10132,67,degCent,10,0.6310708598726115,0,26,None,66,1,5,False,1000,1000
10133,68,degCent,10,0.6319665605095541,0,26,None,66,1,5,False,1000,1000
10134,69,degCent,10,0.6338574840764332,0,26,None,66,1,5,False,1000,1000
10135,65,degCent,10,0.6554538216560509,0,24,None,66,1,5,False,1000,1000
10136,66,degCent,10,0.6591361464968153,0,24,None,66,1,5,False,1000,1000
10137,67,degCent,10,0.6614251592356688,0,24,None,66,1,5,False,1000,1000
10138,68,degCent,10,0.6638136942675159,0,24,None,66,1,5,False,1000,1000
10139,69,degCent,10,0.6669984076433121,0,24,None,66,1,5,False,1000,1000
10140,65,degCent,10,0.6566480891719745,0,28,None,66,1,5,False,1000,1000
10141,66,degCent,10,0.6569466560509554,0,28,None,66,1,5,False,1000,1000
10142,67,degCent,10,0.6577428343949044,0,28,None,66,1,5,False,1000,1000
10143,68,degCent,10,0.660031847133758,0,28,None,66,1,5,False,1000,1000
10144,69,degCent,10,0.661922770700637,0,28,None,66,1,5,False,1000,1000
10145,65,degCent,10,0.612062101910828,0,30,None,66,1,5,False,1000,1000
10146,66,degCent,10,0.6135549363057324,0,30,None,66,1,5,False,1000,1000
10147,67,degCent,10,0.6140525477707006,0,30,None,66,1,5,False,1000,1000
10148,68,degCent,10,0.6156449044585988,0,30,None,66,1,5,False,1000,1000
10149,69,degCent,10,0.616640127388535,0,30,None,66,1,5,False,1000,1000
10150,65,degCent,10,0.647890127388535,0,6,None,66,1,5,False,1000,1000
10151,66,degCent,10,0.6514729299363057,0,6,None,66,1,5,False,1000,1000
10152,67,degCent,10,0.6544585987261147,0,6,None,66,1,5,False,1000,1000
10153,68,degCent,10,0.6572452229299363,0,6,None,66,1,5,False,1000,1000
10154,69,degCent,10,0.6598328025477707,0,6,None,66,1,5,False,1000,1000
10155,65,degCent,10,0.6681926751592356,0,18,None,66,1,5,False,1000,1000
10156,66,degCent,10,0.6703821656050956,0,18,None,66,1,5,False,1000,1000
10157,67,degCent,10,0.6709792993630573,0,18,None,66,1,5,False,1000,1000
10158,68,degCent,10,0.6727707006369427,0,18,None,66,1,5,False,1000,1000
10159,69,degCent,10,0.6739649681528662,0,18,None,66,1,5,False,1000,1000
10160,65,degCent,10,0.6519705414012739,0,27,None,66,1,5,False,1000,1000
10161,66,degCent,10,0.6555533439490446,0,27,None,66,1,5,False,1000,1000
10162,67,degCent,10,0.6579418789808917,0,27,None,66,1,5,False,1000,1000
10163,68,degCent,10,0.6601313694267515,0,27,None,66,1,5,False,1000,1000
10164,69,degCent,10,0.6638136942675159,0,27,None,66,1,5,False,1000,1000
10165,65,degCent,10,0.5052746815286624,0,31,None,66,1,5,False,1000,1000
10166,66,degCent,10,0.51453025477707,0,31,None,66,1,5,False,1000,1000
10167,67,degCent,10,0.5238853503184714,0,31,None,66,1,5,False,1000,1000
10168,68,degCent,10,0.5304538216560509,0,31,None,66,1,5,False,1000,1000
10169,69,degCent,10,0.537718949044586,0,31,None,66,1,5,False,1000,1000
10170,65,degCent,10,0.663515127388535,0,32,None,66,1,5,False,1000,1000
10171,66,degCent,10,0.666202229299363,0,32,None,66,1,5,False,1000,1000
10172,67,degCent,10,0.6671974522292994,0,32,None,66,1,5,False,1000,1000
10173,68,degCent,10,0.669187898089172,0,32,None,66,1,5,False,1000,1000
10174,69,degCent,10,0.6712778662420382,0,32,None,66,1,5,False,1000,1000
10175,65,degCent,10,0.6624203821656051,0,4,None,66,1,5,False,1000,1000
10176,66,degCent,10,0.6643113057324841,0,4,None,66,1,5,False,1000,1000
10177,67,degCent,10,0.6664012738853503,0,4,None,66,1,5,False,1000,1000
10178,68,degCent,10,0.6688893312101911,0,4,None,66,1,5,False,1000,1000
10179,69,degCent,10,0.6711783439490446,0,4,None,66,1,5,False,1000,1000
10180,65,degCent,10,0.6544585987261147,0,7,None,66,1,5,False,1000,1000
10181,66,degCent,10,0.6574442675159236,0,7,None,66,1,5,False,1000,1000
10182,67,degCent,10,0.6602308917197452,0,7,None,66,1,5,False,1000,1000
10183,68,degCent,10,0.662718949044586,0,7,None,66,1,5,False,1000,1000
10184,69,degCent,10,0.6648089171974523,0,7,None,66,1,5,False,1000,1000
10185,65,degCent,10,0.6313694267515924,0,8,None,66,1,5,False,1000,1000
10186,66,degCent,10,0.6350517515923567,0,8,None,66,1,5,False,1000,1000
10187,67,degCent,10,0.6375398089171974,0,8,None,66,1,5,False,1000,1000
10188,68,degCent,10,0.6397292993630573,0,8,None,66,1,5,False,1000,1000
10189,69,degCent,10,0.6424164012738853,0,8,None,66,1,5,False,1000,1000
10190,65,degCent,10,0.6531648089171974,0,16,None,66,1,5,False,1000,1000
10191,66,degCent,10,0.6548566878980892,0,16,None,66,1,5,False,1000,1000
10192,67,degCent,10,0.65625,0,16,None,66,1,5,False,1000,1000
10193,68,degCent,10,0.6595342356687898,0,16,None,66,1,5,False,1000,1000
10194,69,degCent,10,0.6614251592356688,0,16,None,66,1,5,False,1000,1000
10195,65,degCent,10,0.6123606687898089,0,12,None,66,1,5,False,1000,1000
10196,66,degCent,10,0.6145501592356688,0,12,None,66,1,5,False,1000,1000
10197,67,degCent,10,0.6170382165605095,0,12,None,66,1,5,False,1000,1000
10198,68,degCent,10,0.6192277070063694,0,12,None,66,1,5,False,1000,1000
10199,69,degCent,10,0.6215167197452229,0,12,None,66,1,5,False,1000,1000
10200,65,degCent,10,0.6679936305732485,0,3,None,66,1,5,False,1000,1000
10201,66,degCent,10,0.6726711783439491,0,3,None,66,1,5,False,1000,1000
10202,67,degCent,10,0.6741640127388535,0,3,None,66,1,5,False,1000,1000
10203,68,degCent,10,0.6766520700636943,0,3,None,66,1,5,False,1000,1000
10204,69,degCent,10,0.6794386942675159,0,3,None,66,1,5,False,1000,1000
10205,65,degCent,10,0.6726711783439491,0,0,None,66,1,5,False,1000,1000
10206,66,degCent,10,0.6739649681528662,0,0,None,66,1,5,False,1000,1000
10207,67,degCent,10,0.6751592356687898,0,0,None,66,1,5,False,1000,1000
10208,68,degCent,10,0.676453025477707,0,0,None,66,1,5,False,1000,1000
10209,69,degCent,10,0.6787420382165605,0,0,None,66,1,5,False,1000,1000
10210,65,degCent,10,0.6342555732484076,0,9,None,66,1,5,False,1000,1000
10211,66,degCent,10,0.636046974522293,0,9,None,66,1,5,False,1000,1000
10212,67,degCent,10,0.6385350318471338,0,9,None,66,1,5,False,1000,1000
10213,68,degCent,10,0.6404259554140127,0,9,None,66,1,5,False,1000,1000
10214,69,degCent,10,0.6418192675159236,0,9,None,66,1,5,False,1000,1000
10215,65,degCent,10,0.6259952229299363,0,14,None,66,1,5,False,1000,1000
10216,66,degCent,10,0.6340565286624203,0,14,None,66,1,5,False,1000,1000
10217,67,degCent,10,0.6388335987261147,0,14,None,66,1,5,False,1000,1000
10218,68,degCent,10,0.642515923566879,0,14,None,66,1,5,False,1000,1000
10219,69,degCent,10,0.6445063694267515,0,14,None,66,1,5,False,1000,1000
10220,65,degCent,10,0.6630175159235668,0,25,None,66,1,5,False,1000,1000
10221,66,degCent,10,0.6663017515923567,0,25,None,66,1,5,False,1000,1000
10222,67,degCent,10,0.6692874203821656,0,25,None,66,1,5,False,1000,1000
10223,68,degCent,10,0.671875,0,25,None,66,1,5,False,1000,1000
10224,69,degCent,10,0.6730692675159236,0,25,None,66,1,5,False,1000,1000
10225,65,degCent,10,0.6327627388535032,0,29,None,66,1,5,False,1000,1000
10226,66,degCent,10,0.6382364649681529,0,29,None,66,1,5,False,1000,1000
10227,67,degCent,10,0.6440087579617835,0,29,None,66,1,5,False,1000,1000
10228,68,degCent,10,0.6493829617834395,0,29,None,66,1,5,False,1000,1000
10229,69,degCent,10,0.6541600318471338,0,29,None,66,1,5,False,1000,1000
10230,70,degCent,10,0.5095541401273885,0,1,None,66,1,5,False,1000,1000
10231,71,degCent,10,0.5303542993630573,0,1,None,66,1,5,False,1000,1000
10232,72,degCent,10,0.5436902866242038,0,1,None,66,1,5,False,1000,1000
10233,73,degCent,10,0.553343949044586,0,1,None,66,1,5,False,1000,1000
10234,74,degCent,10,0.5634952229299363,0,1,None,66,1,5,False,1000,1000
10235,70,degCent,10,0.6648089171974523,0,2,None,66,1,5,False,1000,1000
10236,71,degCent,10,0.6675955414012739,0,2,None,66,1,5,False,1000,1000
10237,72,degCent,10,0.6701831210191083,0,2,None,66,1,5,False,1000,1000
10238,73,degCent,10,0.67296974522293,0,2,None,66,1,5,False,1000,1000
10239,74,degCent,10,0.6755573248407644,0,2,None,66,1,5,False,1000,1000
10240,70,degCent,10,0.6290804140127388,0,11,None,66,1,5,False,1000,1000
10241,71,degCent,10,0.6300756369426752,0,11,None,66,1,5,False,1000,1000
10242,72,degCent,10,0.630672770700637,0,11,None,66,1,5,False,1000,1000
10243,73,degCent,10,0.6327627388535032,0,11,None,66,1,5,False,1000,1000
10244,74,degCent,10,0.6342555732484076,0,11,None,66,1,5,False,1000,1000
10245,70,degCent,10,0.6416202229299363,0,15,None,66,1,5,False,1000,1000
10246,71,degCent,10,0.6420183121019108,0,15,None,66,1,5,False,1000,1000
10247,72,degCent,10,0.643312101910828,0,15,None,66,1,5,False,1000,1000
10248,73,degCent,10,0.6456011146496815,0,15,None,66,1,5,False,1000,1000
10249,74,degCent,10,0.6477906050955414,0,15,None,66,1,5,False,1000,1000
10250,70,degCent,10,0.6661027070063694,0,17,None,66,1,5,False,1000,1000
10251,71,degCent,10,0.6669984076433121,0,17,None,66,1,5,False,1000,1000
10252,72,degCent,10,0.6677945859872612,0,17,None,66,1,5,False,1000,1000
10253,73,degCent,10,0.6686902866242038,0,17,None,66,1,5,False,1000,1000
10254,74,degCent,10,0.669187898089172,0,17,None,66,1,5,False,1000,1000
10255,70,degCent,10,0.6663017515923567,0,28,None,66,1,5,False,1000,1000
10256,71,degCent,10,0.6685907643312102,0,28,None,66,1,5,False,1000,1000
10257,72,degCent,10,0.6704816878980892,0,28,None,66,1,5,False,1000,1000
10258,73,degCent,10,0.6706807324840764,0,28,None,66,1,5,False,1000,1000
10259,74,degCent,10,0.6716759554140127,0,28,None,66,1,5,False,1000,1000
10260,70,degCent,10,0.6418192675159236,0,10,None,66,1,5,False,1000,1000
10261,71,degCent,10,0.644406847133758,0,10,None,66,1,5,False,1000,1000
10262,72,degCent,10,0.6486863057324841,0,10,None,66,1,5,False,1000,1000
10263,73,degCent,10,0.6518710191082803,0,10,None,66,1,5,False,1000,1000
10264,74,degCent,10,0.6544585987261147,0,10,None,66,1,5,False,1000,1000
10265,70,degCent,10,0.6410230891719745,0,20,None,66,1,5,False,1000,1000
10266,71,degCent,10,0.6429140127388535,0,20,None,66,1,5,False,1000,1000
10267,72,degCent,10,0.6451035031847133,0,20,None,66,1,5,False,1000,1000
10268,73,degCent,10,0.6467953821656051,0,20,None,66,1,5,False,1000,1000
10269,74,degCent,10,0.6480891719745223,0,20,None,66,1,5,False,1000,1000
10270,70,degCent,10,0.6825238853503185,0,3,None,66,1,5,False,1000,1000
10271,71,degCent,10,0.6846138535031847,0,3,None,66,1,5,False,1000,1000
10272,72,degCent,10,0.6863057324840764,0,3,None,66,1,5,False,1000,1000
10273,73,degCent,10,0.6884952229299363,0,3,None,66,1,5,False,1000,1000
10274,74,degCent,10,0.691281847133758,0,3,None,66,1,5,False,1000,1000
10275,70,degCent,10,0.6717754777070064,0,32,None,66,1,5,False,1000,1000
10276,71,degCent,10,0.6735668789808917,0,32,None,66,1,5,False,1000,1000
10277,72,degCent,10,0.6744625796178344,0,32,None,66,1,5,False,1000,1000
10278,73,degCent,10,0.6776472929936306,0,32,None,66,1,5,False,1000,1000
10279,74,degCent,10,0.678343949044586,0,32,None,66,1,5,False,1000,1000
10280,70,degCent,10,0.6634156050955414,0,16,None,66,1,5,False,1000,1000
10281,71,degCent,10,0.6665007961783439,0,16,None,66,1,5,False,1000,1000
10282,72,degCent,10,0.6678941082802548,0,16,None,66,1,5,False,1000,1000
10283,73,degCent,10,0.669984076433121,0,16,None,66,1,5,False,1000,1000
10284,74,degCent,10,0.6712778662420382,0,16,None,66,1,5,False,1000,1000
10285,70,degCent,10,0.6431130573248408,0,8,None,66,1,5,False,1000,1000
10286,71,degCent,10,0.6454020700636943,0,8,None,66,1,5,False,1000,1000
10287,72,degCent,10,0.648984872611465,0,8,None,66,1,5,False,1000,1000
10288,73,degCent,10,0.6506767515923567,0,8,None,66,1,5,False,1000,1000
10289,74,degCent,10,0.6525676751592356,0,8,None,66,1,5,False,1000,1000
10290,70,degCent,10,0.6781449044585988,0,18,None,66,1,5,False,1000,1000
10291,71,degCent,10,0.6798367834394905,0,18,None,66,1,5,False,1000,1000
10292,72,degCent,10,0.6820262738853503,0,18,None,66,1,5,False,1000,1000
10293,73,degCent,10,0.6836186305732485,0,18,None,66,1,5,False,1000,1000
10294,74,degCent,10,0.6862062101910829,0,18,None,66,1,5,False,1000,1000
10295,70,degCent,10,0.6284832802547771,0,13,None,66,1,5,False,1000,1000
10296,71,degCent,10,0.6315684713375797,0,13,None,66,1,5,False,1000,1000
10297,72,degCent,10,0.6351512738853503,0,13,None,66,1,5,False,1000,1000
10298,73,degCent,10,0.6389331210191083,0,13,None,66,1,5,False,1000,1000
10299,74,degCent,10,0.64171974522293,0,13,None,66,1,5,False,1000,1000
10300,70,degCent,10,0.6352507961783439,0,21,None,66,1,5,False,1000,1000
10301,71,degCent,10,0.6365445859872612,0,21,None,66,1,5,False,1000,1000
10302,72,degCent,10,0.6377388535031847,0,21,None,66,1,5,False,1000,1000
10303,73,degCent,10,0.6394307324840764,0,21,None,66,1,5,False,1000,1000
10304,74,degCent,10,0.6416202229299363,0,21,None,66,1,5,False,1000,1000
10305,70,degCent,10,0.5893710191082803,0,19,None,66,1,5,False,1000,1000
10306,71,degCent,10,0.5914609872611465,0,19,None,66,1,5,False,1000,1000
10307,72,degCent,10,0.5923566878980892,0,19,None,66,1,5,False,1000,1000
10308,73,degCent,10,0.5947452229299363,0,19,None,66,1,5,False,1000,1000
10309,74,degCent,10,0.5973328025477707,0,19,None,66,1,5,False,1000,1000
10310,70,degCent,10,0.6612261146496815,0,23,None,66,1,5,False,1000,1000
10311,71,degCent,10,0.6622213375796179,0,23,None,66,1,5,False,1000,1000
10312,72,degCent,10,0.6650079617834395,0,23,None,66,1,5,False,1000,1000
10313,73,degCent,10,0.6664012738853503,0,23,None,66,1,5,False,1000,1000
10314,74,degCent,10,0.6679936305732485,0,23,None,66,1,5,False,1000,1000
10315,70,degCent,10,0.6508757961783439,0,29,None,66,1,5,False,1000,1000
10316,71,degCent,10,0.6552547770700637,0,29,None,66,1,5,False,1000,1000
10317,72,degCent,10,0.6598328025477707,0,29,None,66,1,5,False,1000,1000
10318,73,degCent,10,0.6638136942675159,0,29,None,66,1,5,False,1000,1000
10319,74,degCent,10,0.6671974522292994,0,29,None,66,1,5,False,1000,1000
10320,70,degCent,10,0.6629179936305732,0,24,None,66,1,5,False,1000,1000
10321,71,degCent,10,0.6670979299363057,0,24,None,66,1,5,False,1000,1000
10322,72,degCent,10,0.6700835987261147,0,24,None,66,1,5,False,1000,1000
10323,73,degCent,10,0.6715764331210191,0,24,None,66,1,5,False,1000,1000
10324,74,degCent,10,0.6734673566878981,0,24,None,66,1,5,False,1000,1000
10325,70,degCent,10,0.6639132165605095,0,27,None,66,1,5,False,1000,1000
10326,71,degCent,10,0.6667993630573248,0,27,None,66,1,5,False,1000,1000
10327,72,degCent,10,0.6686902866242038,0,27,None,66,1,5,False,1000,1000
10328,73,degCent,10,0.6703821656050956,0,27,None,66,1,5,False,1000,1000
10329,74,degCent,10,0.6730692675159236,0,27,None,66,1,5,False,1000,1000
10330,70,degCent,10,0.6817277070063694,0,0,None,66,1,5,False,1000,1000
10331,71,degCent,10,0.6841162420382165,0,0,None,66,1,5,False,1000,1000
10332,72,degCent,10,0.6860071656050956,0,0,None,66,1,5,False,1000,1000
10333,73,degCent,10,0.6862062101910829,0,0,None,66,1,5,False,1000,1000
10334,74,degCent,10,0.6876990445859873,0,0,None,66,1,5,False,1000,1000
10335,70,degCent,10,0.513734076433121,0,31,None,66,1,5,False,1000,1000
10336,71,degCent,10,0.5246815286624203,0,31,None,66,1,5,False,1000,1000
10337,72,degCent,10,0.5329418789808917,0,31,None,66,1,5,False,1000,1000
10338,73,degCent,10,0.5392117834394905,0,31,None,66,1,5,False,1000,1000
10339,74,degCent,10,0.5478702229299363,0,31,None,66,1,5,False,1000,1000
10340,70,degCent,10,0.6539609872611465,0,5,None,66,1,5,False,1000,1000
10341,71,degCent,10,0.65734474522293,0,5,None,66,1,5,False,1000,1000
10342,72,degCent,10,0.6594347133757962,0,5,None,66,1,5,False,1000,1000
10343,73,degCent,10,0.662718949044586,0,5,None,66,1,5,False,1000,1000
10344,74,degCent,10,0.6671974522292994,0,5,None,66,1,5,False,1000,1000
10345,70,degCent,10,0.6747611464968153,0,4,None,66,1,5,False,1000,1000
10346,71,degCent,10,0.6771496815286624,0,4,None,66,1,5,False,1000,1000
10347,72,degCent,10,0.6799363057324841,0,4,None,66,1,5,False,1000,1000
10348,73,degCent,10,0.6816281847133758,0,4,None,66,1,5,False,1000,1000
10349,74,degCent,10,0.6841162420382165,0,4,None,66,1,5,False,1000,1000
10350,70,degCent,10,0.6648089171974523,0,7,None,66,1,5,False,1000,1000
10351,71,degCent,10,0.6668988853503185,0,7,None,66,1,5,False,1000,1000
10352,72,degCent,10,0.6690883757961783,0,7,None,66,1,5,False,1000,1000
10353,73,degCent,10,0.67078025477707,0,7,None,66,1,5,False,1000,1000
10354,74,degCent,10,0.6726711783439491,0,7,None,66,1,5,False,1000,1000
10355,70,degCent,10,0.6334593949044586,0,26,None,66,1,5,False,1000,1000
10356,71,degCent,10,0.6352507961783439,0,26,None,66,1,5,False,1000,1000
10357,72,degCent,10,0.6370421974522293,0,26,None,66,1,5,False,1000,1000
10358,73,degCent,10,0.6388335987261147,0,26,None,66,1,5,False,1000,1000
10359,74,degCent,10,0.6400278662420382,0,26,None,66,1,5,False,1000,1000
10360,70,degCent,10,0.6173367834394905,0,30,None,66,1,5,False,1000,1000
10361,71,degCent,10,0.6186305732484076,0,30,None,66,1,5,False,1000,1000
10362,72,degCent,10,0.6205214968152867,0,30,None,66,1,5,False,1000,1000
10363,73,degCent,10,0.6216162420382165,0,30,None,66,1,5,False,1000,1000
10364,74,degCent,10,0.6232085987261147,0,30,None,66,1,5,False,1000,1000
10365,70,degCent,10,0.6723726114649682,0,25,None,66,1,5,False,1000,1000
10366,71,degCent,10,0.6752587579617835,0,25,None,66,1,5,False,1000,1000
10367,72,degCent,10,0.6770501592356688,0,25,None,66,1,5,False,1000,1000
10368,73,degCent,10,0.6803343949044586,0,25,None,66,1,5,False,1000,1000
10369,74,degCent,10,0.6830214968152867,0,25,None,66,1,5,False,1000,1000
10370,70,degCent,10,0.6218152866242038,0,12,None,66,1,5,False,1000,1000
10371,71,degCent,10,0.6242038216560509,0,12,None,66,1,5,False,1000,1000
10372,72,degCent,10,0.6261942675159236,0,12,None,66,1,5,False,1000,1000
10373,73,degCent,10,0.629578025477707,0,12,None,66,1,5,False,1000,1000
10374,74,degCent,10,0.6327627388535032,0,12,None,66,1,5,False,1000,1000
10375,70,degCent,10,0.6420183121019108,0,9,None,66,1,5,False,1000,1000
10376,71,degCent,10,0.6441082802547771,0,9,None,66,1,5,False,1000,1000
10377,72,degCent,10,0.6460987261146497,0,9,None,66,1,5,False,1000,1000
10378,73,degCent,10,0.6507762738853503,0,9,None,66,1,5,False,1000,1000
10379,74,degCent,10,0.6534633757961783,0,9,None,66,1,5,False,1000,1000
10380,70,degCent,10,0.6623208598726115,0,6,None,66,1,5,False,1000,1000
10381,71,degCent,10,0.6644108280254777,0,6,None,66,1,5,False,1000,1000
10382,72,degCent,10,0.667296974522293,0,6,None,66,1,5,False,1000,1000
10383,73,degCent,10,0.6712778662420382,0,6,None,66,1,5,False,1000,1000
10384,74,degCent,10,0.6736664012738853,0,6,None,66,1,5,False,1000,1000
10385,70,degCent,10,0.6455015923566879,0,14,None,66,1,5,False,1000,1000
10386,71,degCent,10,0.6496815286624203,0,14,None,66,1,5,False,1000,1000
10387,72,degCent,10,0.6536624203821656,0,14,None,66,1,5,False,1000,1000
10388,73,degCent,10,0.6570461783439491,0,14,None,66,1,5,False,1000,1000
10389,74,degCent,10,0.6582404458598726,0,14,None,66,1,5,False,1000,1000
10390,70,degCent,10,0.6396297770700637,0,22,None,66,1,5,False,1000,1000
10391,71,degCent,10,0.6437101910828026,0,22,None,66,1,5,False,1000,1000
10392,72,degCent,10,0.6469944267515924,0,22,None,66,1,5,False,1000,1000
10393,73,degCent,10,0.6496815286624203,0,22,None,66,1,5,False,1000,1000
10394,74,degCent,10,0.6530652866242038,0,22,None,66,1,5,False,1000,1000
12870,75,degCent,10,0.511843152866242,0,1,None,66,1,5,False,1000,1000
12871,76,degCent,10,0.5348328025477707,0,1,None,66,1,5,False,1000,1000
12872,77,degCent,10,0.550656847133758,0,1,None,66,1,5,False,1000,1000
12873,78,degCent,10,0.5617038216560509,0,1,None,66,1,5,False,1000,1000
12874,79,degCent,10,0.5733479299363057,0,1,None,66,1,5,False,1000,1000
12875,75,degCent,10,0.6774482484076433,0,2,None,66,1,5,False,1000,1000
12876,76,degCent,10,0.6797372611464968,0,2,None,66,1,5,False,1000,1000
12877,77,degCent,10,0.6824243630573248,0,2,None,66,1,5,False,1000,1000
12878,78,degCent,10,0.6850119426751592,0,2,None,66,1,5,False,1000,1000
12879,79,degCent,10,0.6879976114649682,0,2,None,66,1,5,False,1000,1000
12880,75,degCent,10,0.6656050955414012,0,5,None,66,1,5,False,1000,1000
12881,76,degCent,10,0.6698845541401274,0,5,None,66,1,5,False,1000,1000
12882,77,degCent,10,0.6734673566878981,0,5,None,66,1,5,False,1000,1000
12883,78,degCent,10,0.6774482484076433,0,5,None,66,1,5,False,1000,1000
12884,79,degCent,10,0.6814291401273885,0,5,None,66,1,5,False,1000,1000
12885,75,degCent,10,0.6410230891719745,0,13,None,66,1,5,False,1000,1000
12886,76,degCent,10,0.6439092356687898,0,13,None,66,1,5,False,1000,1000
12887,77,degCent,10,0.6463972929936306,0,13,None,66,1,5,False,1000,1000
12888,78,degCent,10,0.6485867834394905,0,13,None,66,1,5,False,1000,1000
12889,79,degCent,10,0.6500796178343949,0,13,None,66,1,5,False,1000,1000
12890,75,degCent,10,0.6758558917197452,0,16,None,66,1,5,False,1000,1000
12891,76,degCent,10,0.6774482484076433,0,16,None,66,1,5,False,1000,1000
12892,77,degCent,10,0.6794386942675159,0,16,None,66,1,5,False,1000,1000
12893,78,degCent,10,0.6815286624203821,0,16,None,66,1,5,False,1000,1000
12894,79,degCent,10,0.6830214968152867,0,16,None,66,1,5,False,1000,1000
12895,75,degCent,10,0.6530652866242038,0,8,None,66,1,5,False,1000,1000
12896,76,degCent,10,0.6549562101910829,0,8,None,66,1,5,False,1000,1000
12897,77,degCent,10,0.6582404458598726,0,8,None,66,1,5,False,1000,1000
12898,78,degCent,10,0.6611265923566879,0,8,None,66,1,5,False,1000,1000
12899,79,degCent,10,0.6633160828025477,0,8,None,66,1,5,False,1000,1000
12900,75,degCent,10,0.6512738853503185,0,20,None,66,1,5,False,1000,1000
12901,76,degCent,10,0.652468152866242,0,20,None,66,1,5,False,1000,1000
12902,77,degCent,10,0.653562898089172,0,20,None,66,1,5,False,1000,1000
12903,78,degCent,10,0.6549562101910829,0,20,None,66,1,5,False,1000,1000
12904,79,degCent,10,0.6583399681528662,0,20,None,66,1,5,False,1000,1000
12905,75,degCent,10,0.6000199044585988,0,19,None,66,1,5,False,1000,1000
12906,76,degCent,10,0.6019108280254777,0,19,None,66,1,5,False,1000,1000
12907,77,degCent,10,0.6043988853503185,0,19,None,66,1,5,False,1000,1000
12908,78,degCent,10,0.6061902866242038,0,19,None,66,1,5,False,1000,1000
12909,79,degCent,10,0.6084792993630573,0,19,None,66,1,5,False,1000,1000
12910,75,degCent,10,0.6549562101910829,0,22,None,66,1,5,False,1000,1000
12911,76,degCent,10,0.6580414012738853,0,22,None,66,1,5,False,1000,1000
12912,77,degCent,10,0.6607285031847133,0,22,None,66,1,5,False,1000,1000
12913,78,degCent,10,0.6633160828025477,0,22,None,66,1,5,False,1000,1000
12914,79,degCent,10,0.6661027070063694,0,22,None,66,1,5,False,1000,1000
12915,75,degCent,10,0.6587380573248408,0,14,None,66,1,5,False,1000,1000
12916,76,degCent,10,0.6617237261146497,0,14,None,66,1,5,False,1000,1000
12917,77,degCent,10,0.6653065286624203,0,14,None,66,1,5,False,1000,1000
12918,78,degCent,10,0.6667993630573248,0,14,None,66,1,5,False,1000,1000
12919,79,degCent,10,0.669187898089172,0,14,None,66,1,5,False,1000,1000
12920,75,degCent,10,0.6698845541401274,0,23,None,66,1,5,False,1000,1000
12921,76,degCent,10,0.6716759554140127,0,23,None,66,1,5,False,1000,1000
12922,77,degCent,10,0.6724721337579618,0,23,None,66,1,5,False,1000,1000
12923,78,degCent,10,0.6753582802547771,0,23,None,66,1,5,False,1000,1000
12924,79,degCent,10,0.6777468152866242,0,23,None,66,1,5,False,1000,1000
12925,75,degCent,10,0.6440087579617835,0,21,None,66,1,5,False,1000,1000
12926,76,degCent,10,0.6458996815286624,0,21,None,66,1,5,False,1000,1000
12927,77,degCent,10,0.6474920382165605,0,21,None,66,1,5,False,1000,1000
12928,78,degCent,10,0.6490843949044586,0,21,None,66,1,5,False,1000,1000
12929,79,degCent,10,0.6504777070063694,0,21,None,66,1,5,False,1000,1000
12930,75,degCent,10,0.6873009554140127,0,25,None,66,1,5,False,1000,1000
12931,76,degCent,10,0.6903861464968153,0,25,None,66,1,5,False,1000,1000
12932,77,degCent,10,0.6928742038216561,0,25,None,66,1,5,False,1000,1000
12933,78,degCent,10,0.6943670382165605,0,25,None,66,1,5,False,1000,1000
12934,79,degCent,10,0.6977507961783439,0,25,None,66,1,5,False,1000,1000
12935,75,degCent,10,0.6399283439490446,0,26,None,66,1,5,False,1000,1000
12936,76,degCent,10,0.6420183121019108,0,26,None,66,1,5,False,1000,1000
12937,77,degCent,10,0.6441082802547771,0,26,None,66,1,5,False,1000,1000
12938,78,degCent,10,0.6458001592356688,0,26,None,66,1,5,False,1000,1000
12939,79,degCent,10,0.6477906050955414,0,26,None,66,1,5,False,1000,1000
12940,75,degCent,10,0.6330613057324841,0,12,None,66,1,5,False,1000,1000
12941,76,degCent,10,0.6343550955414012,0,12,None,66,1,5,False,1000,1000
12942,77,degCent,10,0.6384355095541401,0,12,None,66,1,5,False,1000,1000
12943,78,degCent,10,0.6424164012738853,0,12,None,66,1,5,False,1000,1000
12944,79,degCent,10,0.6456011146496815,0,12,None,66,1,5,False,1000,1000
12945,75,degCent,10,0.6777468152866242,0,28,None,66,1,5,False,1000,1000
12946,76,degCent,10,0.6784434713375797,0,28,None,66,1,5,False,1000,1000
12947,77,degCent,10,0.6793391719745223,0,28,None,66,1,5,False,1000,1000
12948,78,degCent,10,0.6797372611464968,0,28,None,66,1,5,False,1000,1000
12949,79,degCent,10,0.6814291401273885,0,28,None,66,1,5,False,1000,1000
12950,75,degCent,10,0.6494824840764332,0,9,None,66,1,5,False,1000,1000
12951,76,degCent,10,0.6528662420382165,0,9,None,66,1,5,False,1000,1000
12952,77,degCent,10,0.6571457006369427,0,9,None,66,1,5,False,1000,1000
12953,78,degCent,10,0.6601313694267515,0,9,None,66,1,5,False,1000,1000
12954,79,degCent,10,0.6634156050955414,0,9,None,66,1,5,False,1000,1000
12955,75,degCent,10,0.6642117834394905,0,29,None,66,1,5,False,1000,1000
12956,76,degCent,10,0.668093152866242,0,29,None,66,1,5,False,1000,1000
12957,77,degCent,10,0.6717754777070064,0,29,None,66,1,5,False,1000,1000
12958,78,degCent,10,0.6753582802547771,0,29,None,66,1,5,False,1000,1000
12959,79,degCent,10,0.6777468152866242,0,29,None,66,1,5,False,1000,1000
12960,75,degCent,10,0.6902866242038217,0,0,None,66,1,5,False,1000,1000
12961,76,degCent,10,0.6914808917197452,0,0,None,66,1,5,False,1000,1000
12962,77,degCent,10,0.6928742038216561,0,0,None,66,1,5,False,1000,1000
12963,78,degCent,10,0.6945660828025477,0,0,None,66,1,5,False,1000,1000
12964,79,degCent,10,0.6961584394904459,0,0,None,66,1,5,False,1000,1000
12965,75,degCent,10,0.6746616242038217,0,27,None,66,1,5,False,1000,1000
12966,76,degCent,10,0.676453025477707,0,27,None,66,1,5,False,1000,1000
12967,77,degCent,10,0.679140127388535,0,27,None,66,1,5,False,1000,1000
12968,78,degCent,10,0.6811305732484076,0,27,None,66,1,5,False,1000,1000
12969,79,degCent,10,0.6828224522292994,0,27,None,66,1,5,False,1000,1000
12970,75,degCent,10,0.6741640127388535,0,6,None,66,1,5,False,1000,1000
12971,76,degCent,10,0.677547770700637,0,6,None,66,1,5,False,1000,1000
12972,77,degCent,10,0.6789410828025477,0,6,None,66,1,5,False,1000,1000
12973,78,degCent,10,0.6811305732484076,0,6,None,66,1,5,False,1000,1000
12974,79,degCent,10,0.6832205414012739,0,6,None,66,1,5,False,1000,1000
12975,75,degCent,10,0.6233081210191083,0,30,None,66,1,5,False,1000,1000
12976,76,degCent,10,0.6243033439490446,0,30,None,66,1,5,False,1000,1000
12977,77,degCent,10,0.6263933121019108,0,30,None,66,1,5,False,1000,1000
12978,78,degCent,10,0.6279856687898089,0,30,None,66,1,5,False,1000,1000
12979,79,degCent,10,0.6297770700636943,0,30,None,66,1,5,False,1000,1000
12980,75,degCent,10,0.6902866242038217,0,18,None,66,1,5,False,1000,1000
12981,76,degCent,10,0.6903861464968153,0,18,None,66,1,5,False,1000,1000
12982,77,degCent,10,0.6923765923566879,0,18,None,66,1,5,False,1000,1000
12983,78,degCent,10,0.693172770700637,0,18,None,66,1,5,False,1000,1000
12984,79,degCent,10,0.6954617834394905,0,18,None,66,1,5,False,1000,1000
12985,75,degCent,10,0.5187101910828026,0,31,None,66,1,5,False,1000,1000
12986,76,degCent,10,0.53015525477707,0,31,None,66,1,5,False,1000,1000
12987,77,degCent,10,0.5405055732484076,0,31,None,66,1,5,False,1000,1000
12988,78,degCent,10,0.5505573248407644,0,31,None,66,1,5,False,1000,1000
12989,79,degCent,10,0.5569267515923567,0,31,None,66,1,5,False,1000,1000
12990,75,degCent,10,0.6726711783439491,0,7,None,66,1,5,False,1000,1000
12991,76,degCent,10,0.6753582802547771,0,7,None,66,1,5,False,1000,1000
12992,77,degCent,10,0.6771496815286624,0,7,None,66,1,5,False,1000,1000
12993,78,degCent,10,0.679140127388535,0,7,None,66,1,5,False,1000,1000
12994,79,degCent,10,0.6806329617834395,0,7,None,66,1,5,False,1000,1000
12995,75,degCent,10,0.6875995222929936,0,4,None,66,1,5,False,1000,1000
12996,76,degCent,10,0.6891918789808917,0,4,None,66,1,5,False,1000,1000
12997,77,degCent,10,0.6899880573248408,0,4,None,66,1,5,False,1000,1000
12998,78,degCent,10,0.6919785031847133,0,4,None,66,1,5,False,1000,1000
12999,79,degCent,10,0.6923765923566879,0,4,None,66,1,5,False,1000,1000
13000,75,degCent,10,0.6806329617834395,0,32,None,66,1,5,False,1000,1000
13001,76,degCent,10,0.681827229299363,0,32,None,66,1,5,False,1000,1000
13002,77,degCent,10,0.6826234076433121,0,32,None,66,1,5,False,1000,1000
13003,78,degCent,10,0.6846138535031847,0,32,None,66,1,5,False,1000,1000
13004,79,degCent,10,0.6863057324840764,0,32,None,66,1,5,False,1000,1000
13005,75,degCent,10,0.651671974522293,0,15,None,66,1,5,False,1000,1000
13006,76,degCent,10,0.6537619426751592,0,15,None,66,1,5,False,1000,1000
13007,77,degCent,10,0.6549562101910829,0,15,None,66,1,5,False,1000,1000
13008,78,degCent,10,0.6563495222929936,0,15,None,66,1,5,False,1000,1000
13009,79,degCent,10,0.6586385350318471,0,15,None,66,1,5,False,1000,1000
13010,75,degCent,10,0.6541600318471338,0,10,None,66,1,5,False,1000,1000
13011,76,degCent,10,0.6585390127388535,0,10,None,66,1,5,False,1000,1000
13012,77,degCent,10,0.6616242038216561,0,10,None,66,1,5,False,1000,1000
13013,78,degCent,10,0.664609872611465,0,10,None,66,1,5,False,1000,1000
13014,79,degCent,10,0.6670979299363057,0,10,None,66,1,5,False,1000,1000
13015,75,degCent,10,0.6383359872611465,0,11,None,66,1,5,False,1000,1000
13016,76,degCent,10,0.6402269108280255,0,11,None,66,1,5,False,1000,1000
13017,77,degCent,10,0.6414211783439491,0,11,None,66,1,5,False,1000,1000
13018,78,degCent,10,0.6429140127388535,0,11,None,66,1,5,False,1000,1000
13019,79,degCent,10,0.6436106687898089,0,11,None,66,1,5,False,1000,1000
13020,75,degCent,10,0.6732683121019108,0,17,None,66,1,5,False,1000,1000
13021,76,degCent,10,0.6741640127388535,0,17,None,66,1,5,False,1000,1000
13022,77,degCent,10,0.6753582802547771,0,17,None,66,1,5,False,1000,1000
13023,78,degCent,10,0.676453025477707,0,17,None,66,1,5,False,1000,1000
13024,79,degCent,10,0.6779458598726115,0,17,None,66,1,5,False,1000,1000
13025,75,degCent,10,0.693172770700637,0,3,None,66,1,5,False,1000,1000
13026,76,degCent,10,0.6965565286624203,0,3,None,66,1,5,False,1000,1000
13027,77,degCent,10,0.6992436305732485,0,3,None,66,1,5,False,1000,1000
13028,78,degCent,10,0.701234076433121,0,3,None,66,1,5,False,1000,1000
13029,79,degCent,10,0.7028264331210191,0,3,None,66,1,5,False,1000,1000
13030,75,degCent,10,0.6675955414012739,0,24,None,66,1,5,False,1000,1000
13031,76,degCent,10,0.6704816878980892,0,24,None,66,1,5,False,1000,1000
13032,77,degCent,10,0.674562101910828,0,24,None,66,1,5,False,1000,1000
13033,78,degCent,10,0.6777468152866242,0,24,None,66,1,5,False,1000,1000
13034,79,degCent,10,0.6808320063694268,0,24,None,66,1,5,False,1000,1000
13035,80,degCent,10,0.515625,0,1,None,66,1,5,False,1000,1000
13036,81,degCent,10,0.5402070063694268,0,1,None,66,1,5,False,1000,1000
13037,82,degCent,10,0.5577229299363057,0,1,None,66,1,5,False,1000,1000
13038,83,degCent,10,0.5712579617834395,0,1,None,66,1,5,False,1000,1000
13039,84,degCent,10,0.5828025477707006,0,1,None,66,1,5,False,1000,1000
13040,80,degCent,10,0.6906847133757962,0,2,None,66,1,5,False,1000,1000
13041,81,degCent,10,0.6938694267515924,0,2,None,66,1,5,False,1000,1000
13042,82,degCent,10,0.6957603503184714,0,2,None,66,1,5,False,1000,1000
13043,83,degCent,10,0.6972531847133758,0,2,None,66,1,5,False,1000,1000
13044,84,degCent,10,0.700437898089172,0,2,None,66,1,5,False,1000,1000
13045,80,degCent,10,0.6633160828025477,0,22,None,66,1,5,False,1000,1000
13046,81,degCent,10,0.6674960191082803,0,22,None,66,1,5,False,1000,1000
13047,82,degCent,10,0.6711783439490446,0,22,None,66,1,5,False,1000,1000
13048,83,degCent,10,0.6744625796178344,0,22,None,66,1,5,False,1000,1000
13049,84,degCent,10,0.6780453821656051,0,22,None,66,1,5,False,1000,1000
13050,80,degCent,10,0.6793391719745223,0,23,None,66,1,5,False,1000,1000
13051,81,degCent,10,0.6817277070063694,0,23,None,66,1,5,False,1000,1000
13052,82,degCent,10,0.6840167197452229,0,23,None,66,1,5,False,1000,1000
13053,83,degCent,10,0.685609076433121,0,23,None,66,1,5,False,1000,1000
13054,84,degCent,10,0.6886942675159236,0,23,None,66,1,5,False,1000,1000
13055,80,degCent,10,0.6765525477707006,0,5,None,66,1,5,False,1000,1000
13056,81,degCent,10,0.6808320063694268,0,5,None,66,1,5,False,1000,1000
13057,82,degCent,10,0.6863057324840764,0,5,None,66,1,5,False,1000,1000
13058,83,degCent,10,0.6889928343949044,0,5,None,66,1,5,False,1000,1000
13059,84,degCent,10,0.6933718152866242,0,5,None,66,1,5,False,1000,1000
13060,80,degCent,10,0.685609076433121,0,16,None,66,1,5,False,1000,1000
13061,81,degCent,10,0.6875995222929936,0,16,None,66,1,5,False,1000,1000
13062,82,degCent,10,0.6883957006369427,0,16,None,66,1,5,False,1000,1000
13063,83,degCent,10,0.6895899681528662,0,16,None,66,1,5,False,1000,1000
13064,84,degCent,10,0.6914808917197452,0,16,None,66,1,5,False,1000,1000
13065,80,degCent,10,0.6822253184713376,0,7,None,66,1,5,False,1000,1000
13066,81,degCent,10,0.6845143312101911,0,7,None,66,1,5,False,1000,1000
13067,82,degCent,10,0.6876990445859873,0,7,None,66,1,5,False,1000,1000
13068,83,degCent,10,0.6886942675159236,0,7,None,66,1,5,False,1000,1000
13069,84,degCent,10,0.6915804140127388,0,7,None,66,1,5,False,1000,1000
13070,80,degCent,10,0.6869028662420382,0,32,None,66,1,5,False,1000,1000
13071,81,degCent,10,0.6884952229299363,0,32,None,66,1,5,False,1000,1000
13072,82,degCent,10,0.6909832802547771,0,32,None,66,1,5,False,1000,1000
13073,83,degCent,10,0.6928742038216561,0,32,None,66,1,5,False,1000,1000
13074,84,degCent,10,0.6952627388535032,0,32,None,66,1,5,False,1000,1000
13075,80,degCent,10,0.675656847133758,0,29,None,66,1,5,False,1000,1000
13076,81,degCent,10,0.6798367834394905,0,29,None,66,1,5,False,1000,1000
13077,82,degCent,10,0.681827229299363,0,29,None,66,1,5,False,1000,1000
13078,83,degCent,10,0.6847133757961783,0,29,None,66,1,5,False,1000,1000
13079,84,degCent,10,0.6865047770700637,0,29,None,66,1,5,False,1000,1000
13080,80,degCent,10,0.6725716560509554,0,14,None,66,1,5,False,1000,1000
13081,81,degCent,10,0.6748606687898089,0,14,None,66,1,5,False,1000,1000
13082,82,degCent,10,0.6770501592356688,0,14,None,66,1,5,False,1000,1000
13083,83,degCent,10,0.6797372611464968,0,14,None,66,1,5,False,1000,1000
13084,84,degCent,10,0.6811305732484076,0,14,None,66,1,5,False,1000,1000
13085,80,degCent,10,0.6512738853503185,0,13,None,66,1,5,False,1000,1000
13086,81,degCent,10,0.6531648089171974,0,13,None,66,1,5,False,1000,1000
13087,82,degCent,10,0.6563495222929936,0,13,None,66,1,5,False,1000,1000
13088,83,degCent,10,0.6588375796178344,0,13,None,66,1,5,False,1000,1000
13089,84,degCent,10,0.6612261146496815,0,13,None,66,1,5,False,1000,1000
13090,80,degCent,10,0.6845143312101911,0,6,None,66,1,5,False,1000,1000
13091,81,degCent,10,0.6873009554140127,0,6,None,66,1,5,False,1000,1000
13092,82,degCent,10,0.6897890127388535,0,6,None,66,1,5,False,1000,1000
13093,83,degCent,10,0.6914808917197452,0,6,None,66,1,5,False,1000,1000
13094,84,degCent,10,0.6937699044585988,0,6,None,66,1,5,False,1000,1000
13095,80,degCent,10,0.647890127388535,0,26,None,66,1,5,False,1000,1000
13096,81,degCent,10,0.6504777070063694,0,26,None,66,1,5,False,1000,1000
13097,82,degCent,10,0.6521695859872612,0,26,None,66,1,5,False,1000,1000
13098,83,degCent,10,0.6547571656050956,0,26,None,66,1,5,False,1000,1000
13099,84,degCent,10,0.6561504777070064,0,26,None,66,1,5,False,1000,1000
13100,80,degCent,10,0.6473925159235668,0,11,None,66,1,5,False,1000,1000
13101,81,degCent,10,0.648984872611465,0,11,None,66,1,5,False,1000,1000
13102,82,degCent,10,0.6508757961783439,0,11,None,66,1,5,False,1000,1000
13103,83,degCent,10,0.652468152866242,0,11,None,66,1,5,False,1000,1000
13104,84,degCent,10,0.6531648089171974,0,11,None,66,1,5,False,1000,1000
13105,80,degCent,10,0.6609275477707006,0,20,None,66,1,5,False,1000,1000
13106,81,degCent,10,0.6629179936305732,0,20,None,66,1,5,False,1000,1000
13107,82,degCent,10,0.6652070063694268,0,20,None,66,1,5,False,1000,1000
13108,83,degCent,10,0.6664012738853503,0,20,None,66,1,5,False,1000,1000
13109,84,degCent,10,0.6679936305732485,0,20,None,66,1,5,False,1000,1000
13110,80,degCent,10,0.6959593949044586,0,4,None,66,1,5,False,1000,1000
13111,81,degCent,10,0.6963574840764332,0,4,None,66,1,5,False,1000,1000
13112,82,degCent,10,0.6976512738853503,0,4,None,66,1,5,False,1000,1000
13113,83,degCent,10,0.6990445859872612,0,4,None,66,1,5,False,1000,1000
13114,84,degCent,10,0.700437898089172,0,4,None,66,1,5,False,1000,1000
13115,80,degCent,10,0.6858081210191083,0,28,None,66,1,5,False,1000,1000
13116,81,degCent,10,0.6872014331210191,0,28,None,66,1,5,False,1000,1000
13117,82,degCent,10,0.6880971337579618,0,28,None,66,1,5,False,1000,1000
13118,83,degCent,10,0.6894904458598726,0,28,None,66,1,5,False,1000,1000
13119,84,degCent,10,0.6917794585987261,0,28,None,66,1,5,False,1000,1000
13120,80,degCent,10,0.6558519108280255,0,21,None,66,1,5,False,1000,1000
13121,81,degCent,10,0.6582404458598726,0,21,None,66,1,5,False,1000,1000
13122,82,degCent,10,0.6590366242038217,0,21,None,66,1,5,False,1000,1000
13123,83,degCent,10,0.6612261146496815,0,21,None,66,1,5,False,1000,1000
13124,84,degCent,10,0.6636146496815286,0,21,None,66,1,5,False,1000,1000
13125,80,degCent,10,0.6826234076433121,0,17,None,66,1,5,False,1000,1000
13126,81,degCent,10,0.6830214968152867,0,17,None,66,1,5,False,1000,1000
13127,82,degCent,10,0.6849124203821656,0,17,None,66,1,5,False,1000,1000
13128,83,degCent,10,0.6860071656050956,0,17,None,66,1,5,False,1000,1000
13129,84,degCent,10,0.6874004777070064,0,17,None,66,1,5,False,1000,1000
13130,80,degCent,10,0.6738654458598726,0,24,None,66,1,5,False,1000,1000
13131,81,degCent,10,0.6781449044585988,0,24,None,66,1,5,False,1000,1000
13132,82,degCent,10,0.6800358280254777,0,24,None,66,1,5,False,1000,1000
13133,83,degCent,10,0.6868033439490446,0,24,None,66,1,5,False,1000,1000
13134,84,degCent,10,0.6873009554140127,0,24,None,66,1,5,False,1000,1000
13135,80,degCent,10,0.7009355095541401,0,0,None,66,1,5,False,1000,1000
13136,81,degCent,10,0.7025278662420382,0,0,None,66,1,5,False,1000,1000
13137,82,degCent,10,0.7034235668789809,0,0,None,66,1,5,False,1000,1000
13138,83,degCent,10,0.7044187898089171,0,0,None,66,1,5,False,1000,1000
13139,84,degCent,10,0.7051154458598726,0,0,None,66,1,5,False,1000,1000
13140,80,degCent,10,0.6858081210191083,0,27,None,66,1,5,False,1000,1000
13141,81,degCent,10,0.6883957006369427,0,27,None,66,1,5,False,1000,1000
13142,82,degCent,10,0.6903861464968153,0,27,None,66,1,5,False,1000,1000
13143,83,degCent,10,0.6918789808917197,0,27,None,66,1,5,False,1000,1000
13144,84,degCent,10,0.6952627388535032,0,27,None,66,1,5,False,1000,1000
13145,80,degCent,10,0.6305732484076433,0,30,None,66,1,5,False,1000,1000
13146,81,degCent,10,0.6329617834394905,0,30,None,66,1,5,False,1000,1000
13147,82,degCent,10,0.6337579617834395,0,30,None,66,1,5,False,1000,1000
13148,83,degCent,10,0.6361464968152867,0,30,None,66,1,5,False,1000,1000
13149,84,degCent,10,0.637937898089172,0,30,None,66,1,5,False,1000,1000
13150,80,degCent,10,0.6598328025477707,0,9,None,66,1,5,False,1000,1000
13151,81,degCent,10,0.6630175159235668,0,9,None,66,1,5,False,1000,1000
13152,82,degCent,10,0.6658041401273885,0,9,None,66,1,5,False,1000,1000
13153,83,degCent,10,0.6692874203821656,0,9,None,66,1,5,False,1000,1000
13154,84,degCent,10,0.6722730891719745,0,9,None,66,1,5,False,1000,1000
13155,80,degCent,10,0.6432125796178344,0,12,None,66,1,5,False,1000,1000
13156,81,degCent,10,0.6487858280254777,0,12,None,66,1,5,False,1000,1000
13157,82,degCent,10,0.6518710191082803,0,12,None,66,1,5,False,1000,1000
13158,83,degCent,10,0.654359076433121,0,12,None,66,1,5,False,1000,1000
13159,84,degCent,10,0.6563495222929936,0,12,None,66,1,5,False,1000,1000
13160,80,degCent,10,0.6996417197452229,0,25,None,66,1,5,False,1000,1000
13161,81,degCent,10,0.7027269108280255,0,25,None,66,1,5,False,1000,1000
13162,82,degCent,10,0.7057125796178344,0,25,None,66,1,5,False,1000,1000
13163,83,degCent,10,0.7079020700636943,0,25,None,66,1,5,False,1000,1000
13164,84,degCent,10,0.7090963375796179,0,25,None,66,1,5,False,1000,1000
13165,80,degCent,10,0.6631170382165605,0,8,None,66,1,5,False,1000,1000
13166,81,degCent,10,0.6664012738853503,0,8,None,66,1,5,False,1000,1000
13167,82,degCent,10,0.6689888535031847,0,8,None,66,1,5,False,1000,1000
13168,83,degCent,10,0.6714769108280255,0,8,None,66,1,5,False,1000,1000
13169,84,degCent,10,0.6748606687898089,0,8,None,66,1,5,False,1000,1000
13170,80,degCent,10,0.6994426751592356,0,18,None,66,1,5,False,1000,1000
13171,81,degCent,10,0.7006369426751592,0,18,None,66,1,5,False,1000,1000
13172,82,degCent,10,0.7017316878980892,0,18,None,66,1,5,False,1000,1000
13173,83,degCent,10,0.7023288216560509,0,18,None,66,1,5,False,1000,1000
13174,84,degCent,10,0.7039211783439491,0,18,None,66,1,5,False,1000,1000
13175,80,degCent,10,0.6098726114649682,0,19,None,66,1,5,False,1000,1000
13176,81,degCent,10,0.612062101910828,0,19,None,66,1,5,False,1000,1000
13177,82,degCent,10,0.6142515923566879,0,19,None,66,1,5,False,1000,1000
13178,83,degCent,10,0.615047770700637,0,19,None,66,1,5,False,1000,1000
13179,84,degCent,10,0.616640127388535,0,19,None,66,1,5,False,1000,1000
13180,80,degCent,10,0.5257762738853503,0,31,None,66,1,5,False,1000,1000
13181,81,degCent,10,0.5387141719745223,0,31,None,66,1,5,False,1000,1000
13182,82,degCent,10,0.548765923566879,0,31,None,66,1,5,False,1000,1000
13183,83,degCent,10,0.5603105095541401,0,31,None,66,1,5,False,1000,1000
13184,84,degCent,10,0.568968949044586,0,31,None,66,1,5,False,1000,1000
13185,80,degCent,10,0.6663017515923567,0,10,None,66,1,5,False,1000,1000
13186,81,degCent,10,0.669984076433121,0,10,None,66,1,5,False,1000,1000
13187,82,degCent,10,0.6735668789808917,0,10,None,66,1,5,False,1000,1000
13188,83,degCent,10,0.675656847133758,0,10,None,66,1,5,False,1000,1000
13189,84,degCent,10,0.678343949044586,0,10,None,66,1,5,False,1000,1000
13190,80,degCent,10,0.7038216560509554,0,3,None,66,1,5,False,1000,1000
13191,81,degCent,10,0.7059116242038217,0,3,None,66,1,5,False,1000,1000
13192,82,degCent,10,0.7083996815286624,0,3,None,66,1,5,False,1000,1000
13193,83,degCent,10,0.7102906050955414,0,3,None,66,1,5,False,1000,1000
13194,84,degCent,10,0.7120820063694268,0,3,None,66,1,5,False,1000,1000
13195,80,degCent,10,0.6630175159235668,0,15,None,66,1,5,False,1000,1000
13196,81,degCent,10,0.6638136942675159,0,15,None,66,1,5,False,1000,1000
13197,82,degCent,10,0.6650079617834395,0,15,None,66,1,5,False,1000,1000
13198,83,degCent,10,0.6670979299363057,0,15,None,66,1,5,False,1000,1000
13199,84,degCent,10,0.669187898089172,0,15,None,66,1,5,False,1000,1000
16005,85,degCent,10,0.5219944267515924,0,1,None,66,1,5,False,1000,1000
16006,86,degCent,10,0.5485668789808917,0,1,None,66,1,5,False,1000,1000
16007,87,degCent,10,0.5661823248407644,0,1,None,66,1,5,False,1000,1000
16008,88,degCent,10,0.5822054140127388,0,1,None,66,1,5,False,1000,1000
16009,89,degCent,10,0.5927547770700637,0,1,None,66,1,5,False,1000,1000
16010,85,degCent,10,0.7019307324840764,0,2,None,66,1,5,False,1000,1000
16011,86,degCent,10,0.7037221337579618,0,2,None,66,1,5,False,1000,1000
16012,87,degCent,10,0.7047173566878981,0,2,None,66,1,5,False,1000,1000
16013,88,degCent,10,0.7066082802547771,0,2,None,66,1,5,False,1000,1000
16014,89,degCent,10,0.7078025477707006,0,2,None,66,1,5,False,1000,1000
16015,85,degCent,10,0.6903861464968153,0,5,None,66,1,5,False,1000,1000
16016,86,degCent,10,0.6949641719745223,0,5,None,66,1,5,False,1000,1000
16017,87,degCent,10,0.6991441082802548,0,5,None,66,1,5,False,1000,1000
16018,88,degCent,10,0.7030254777070064,0,5,None,66,1,5,False,1000,1000
16019,89,degCent,10,0.7062101910828026,0,5,None,66,1,5,False,1000,1000
16020,85,degCent,10,0.6625199044585988,0,13,None,66,1,5,False,1000,1000
16021,86,degCent,10,0.664609872611465,0,13,None,66,1,5,False,1000,1000
16022,87,degCent,10,0.6676950636942676,0,13,None,66,1,5,False,1000,1000
16023,88,degCent,10,0.6708797770700637,0,13,None,66,1,5,False,1000,1000
16024,89,degCent,10,0.6722730891719745,0,13,None,66,1,5,False,1000,1000
16025,85,degCent,10,0.6779458598726115,0,10,None,66,1,5,False,1000,1000
16026,86,degCent,10,0.6817277070063694,0,10,None,66,1,5,False,1000,1000
16027,87,degCent,10,0.6836186305732485,0,10,None,66,1,5,False,1000,1000
16028,88,degCent,10,0.68640525477707,0,10,None,66,1,5,False,1000,1000
16029,89,degCent,10,0.6877985668789809,0,10,None,66,1,5,False,1000,1000
16030,85,degCent,10,0.6743630573248408,0,15,None,66,1,5,False,1000,1000
16031,86,degCent,10,0.6768511146496815,0,15,None,66,1,5,False,1000,1000
16032,87,degCent,10,0.6785429936305732,0,15,None,66,1,5,False,1000,1000
16033,88,degCent,10,0.6813296178343949,0,15,None,66,1,5,False,1000,1000
16034,89,degCent,10,0.683718152866242,0,15,None,66,1,5,False,1000,1000
16035,85,degCent,10,0.6954617834394905,0,16,None,66,1,5,False,1000,1000
16036,86,degCent,10,0.6968550955414012,0,16,None,66,1,5,False,1000,1000
16037,87,degCent,10,0.6990445859872612,0,16,None,66,1,5,False,1000,1000
16038,88,degCent,10,0.700437898089172,0,16,None,66,1,5,False,1000,1000
16039,89,degCent,10,0.7025278662420382,0,16,None,66,1,5,False,1000,1000
16040,85,degCent,10,0.6571457006369427,0,11,None,66,1,5,False,1000,1000
16041,86,degCent,10,0.6577428343949044,0,11,None,66,1,5,False,1000,1000
16042,87,degCent,10,0.6587380573248408,0,11,None,66,1,5,False,1000,1000
16043,88,degCent,10,0.6601313694267515,0,11,None,66,1,5,False,1000,1000
16044,89,degCent,10,0.6616242038216561,0,11,None,66,1,5,False,1000,1000
16045,85,degCent,10,0.6750597133757962,0,8,None,66,1,5,False,1000,1000
16046,86,degCent,10,0.6782444267515924,0,8,None,66,1,5,False,1000,1000
16047,87,degCent,10,0.681031050955414,0,8,None,66,1,5,False,1000,1000
16048,88,degCent,10,0.6844148089171974,0,8,None,66,1,5,False,1000,1000
16049,89,degCent,10,0.6872014331210191,0,8,None,66,1,5,False,1000,1000
16050,85,degCent,10,0.671875,0,20,None,66,1,5,False,1000,1000
16051,86,degCent,10,0.6730692675159236,0,20,None,66,1,5,False,1000,1000
16052,87,degCent,10,0.6754578025477707,0,20,None,66,1,5,False,1000,1000
16053,88,degCent,10,0.6774482484076433,0,20,None,66,1,5,False,1000,1000
16054,89,degCent,10,0.6786425159235668,0,20,None,66,1,5,False,1000,1000
16055,85,degCent,10,0.6188296178343949,0,19,None,66,1,5,False,1000,1000
16056,86,degCent,10,0.6201234076433121,0,19,None,66,1,5,False,1000,1000
16057,87,degCent,10,0.621218152866242,0,19,None,66,1,5,False,1000,1000
16058,88,degCent,10,0.6233081210191083,0,19,None,66,1,5,False,1000,1000
16059,89,degCent,10,0.625,0,19,None,66,1,5,False,1000,1000
16060,85,degCent,10,0.6747611464968153,0,22,None,66,1,5,False,1000,1000
16061,86,degCent,10,0.6794386942675159,0,22,None,66,1,5,False,1000,1000
16062,87,degCent,10,0.6844148089171974,0,22,None,66,1,5,False,1000,1000
16063,88,degCent,10,0.6870023885350318,0,22,None,66,1,5,False,1000,1000
16064,89,degCent,10,0.6897890127388535,0,22,None,66,1,5,False,1000,1000
16065,85,degCent,10,0.6839171974522293,0,14,None,66,1,5,False,1000,1000
16066,86,degCent,10,0.6861066878980892,0,14,None,66,1,5,False,1000,1000
16067,87,degCent,10,0.6883957006369427,0,14,None,66,1,5,False,1000,1000
16068,88,degCent,10,0.6902866242038217,0,14,None,66,1,5,False,1000,1000
16069,89,degCent,10,0.6923765923566879,0,14,None,66,1,5,False,1000,1000
16070,85,degCent,10,0.6896894904458599,0,23,None,66,1,5,False,1000,1000
16071,86,degCent,10,0.6910828025477707,0,23,None,66,1,5,False,1000,1000
16072,87,degCent,10,0.6935708598726115,0,23,None,66,1,5,False,1000,1000
16073,88,degCent,10,0.6946656050955414,0,23,None,66,1,5,False,1000,1000
16074,89,degCent,10,0.696656050955414,0,23,None,66,1,5,False,1000,1000
16075,85,degCent,10,0.6676950636942676,0,21,None,66,1,5,False,1000,1000
16076,86,degCent,10,0.6697850318471338,0,21,None,66,1,5,False,1000,1000
16077,87,degCent,10,0.6705812101910829,0,21,None,66,1,5,False,1000,1000
16078,88,degCent,10,0.6721735668789809,0,21,None,66,1,5,False,1000,1000
16079,89,degCent,10,0.6741640127388535,0,21,None,66,1,5,False,1000,1000
16080,85,degCent,10,0.6906847133757962,0,17,None,66,1,5,False,1000,1000
16081,86,degCent,10,0.6924761146496815,0,17,None,66,1,5,False,1000,1000
16082,87,degCent,10,0.6937699044585988,0,17,None,66,1,5,False,1000,1000
16083,88,degCent,10,0.6953622611464968,0,17,None,66,1,5,False,1000,1000
16084,89,degCent,10,0.6977507961783439,0,17,None,66,1,5,False,1000,1000
16085,85,degCent,10,0.7051154458598726,0,25,None,66,1,5,False,1000,1000
16086,86,degCent,10,0.707703025477707,0,25,None,66,1,5,False,1000,1000
16087,87,degCent,10,0.7109872611464968,0,25,None,66,1,5,False,1000,1000
16088,88,degCent,10,0.7137738853503185,0,25,None,66,1,5,False,1000,1000
16089,89,degCent,10,0.716062898089172,0,25,None,66,1,5,False,1000,1000
16090,85,degCent,10,0.6831210191082803,0,24,None,66,1,5,False,1000,1000
16091,86,degCent,10,0.6835191082802548,0,24,None,66,1,5,False,1000,1000
16092,87,degCent,10,0.6934713375796179,0,24,None,66,1,5,False,1000,1000
16093,88,degCent,10,0.6930732484076433,0,24,None,66,1,5,False,1000,1000
16094,89,degCent,10,0.6977507961783439,0,24,None,66,1,5,False,1000,1000
16095,85,degCent,10,0.6945660828025477,0,28,None,66,1,5,False,1000,1000
16096,86,degCent,10,0.6951632165605095,0,28,None,66,1,5,False,1000,1000
16097,87,degCent,10,0.6964570063694268,0,28,None,66,1,5,False,1000,1000
16098,88,degCent,10,0.6988455414012739,0,28,None,66,1,5,False,1000,1000
16099,89,degCent,10,0.700437898089172,0,28,None,66,1,5,False,1000,1000
16100,85,degCent,10,0.7132762738853503,0,3,None,66,1,5,False,1000,1000
16101,86,degCent,10,0.7143710191082803,0,3,None,66,1,5,False,1000,1000
16102,87,degCent,10,0.7161624203821656,0,3,None,66,1,5,False,1000,1000
16103,88,degCent,10,0.7184514331210191,0,3,None,66,1,5,False,1000,1000
16104,89,degCent,10,0.7194466560509554,0,3,None,66,1,5,False,1000,1000
16105,85,degCent,10,0.6692874203821656,0,9,None,66,1,5,False,1000,1000
16106,86,degCent,10,0.6725716560509554,0,9,None,66,1,5,False,1000,1000
16107,87,degCent,10,0.6762539808917197,0,9,None,66,1,5,False,1000,1000
16108,88,degCent,10,0.6788415605095541,0,9,None,66,1,5,False,1000,1000
16109,89,degCent,10,0.6820262738853503,0,9,None,66,1,5,False,1000,1000
16110,85,degCent,10,0.6871019108280255,0,29,None,66,1,5,False,1000,1000
16111,86,degCent,10,0.6914808917197452,0,29,None,66,1,5,False,1000,1000
16112,87,degCent,10,0.6927746815286624,0,29,None,66,1,5,False,1000,1000
16113,88,degCent,10,0.6954617834394905,0,29,None,66,1,5,False,1000,1000
16114,89,degCent,10,0.6978503184713376,0,29,None,66,1,5,False,1000,1000
16115,85,degCent,10,0.7104896496815286,0,0,None,66,1,5,False,1000,1000
16116,86,degCent,10,0.7117834394904459,0,0,None,66,1,5,False,1000,1000
16117,87,degCent,10,0.7116839171974523,0,0,None,66,1,5,False,1000,1000
16118,88,degCent,10,0.7121815286624203,0,0,None,66,1,5,False,1000,1000
16119,89,degCent,10,0.713077229299363,0,0,None,66,1,5,False,1000,1000
16120,85,degCent,10,0.6383359872611465,0,30,None,66,1,5,False,1000,1000
16121,86,degCent,10,0.6412221337579618,0,30,None,66,1,5,False,1000,1000
16122,87,degCent,10,0.6431130573248408,0,30,None,66,1,5,False,1000,1000
16123,88,degCent,10,0.6447054140127388,0,30,None,66,1,5,False,1000,1000
16124,89,degCent,10,0.6461982484076433,0,30,None,66,1,5,False,1000,1000
16125,85,degCent,10,0.6971536624203821,0,27,None,66,1,5,False,1000,1000
16126,86,degCent,10,0.6976512738853503,0,27,None,66,1,5,False,1000,1000
16127,87,degCent,10,0.6987460191082803,0,27,None,66,1,5,False,1000,1000
16128,88,degCent,10,0.7007364649681529,0,27,None,66,1,5,False,1000,1000
16129,89,degCent,10,0.7036226114649682,0,27,None,66,1,5,False,1000,1000
16130,85,degCent,10,0.53125,0,31,None,66,1,5,False,1000,1000
16131,86,degCent,10,0.5453821656050956,0,31,None,66,1,5,False,1000,1000
16132,87,degCent,10,0.5602109872611465,0,31,None,66,1,5,False,1000,1000
16133,88,degCent,10,0.5722531847133758,0,31,None,66,1,5,False,1000,1000
16134,89,degCent,10,0.584593949044586,0,31,None,66,1,5,False,1000,1000
16135,85,degCent,10,0.7085987261146497,0,18,None,66,1,5,False,1000,1000
16136,86,degCent,10,0.710390127388535,0,18,None,66,1,5,False,1000,1000
16137,87,degCent,10,0.7109872611464968,0,18,None,66,1,5,False,1000,1000
16138,88,degCent,10,0.7133757961783439,0,18,None,66,1,5,False,1000,1000
16139,89,degCent,10,0.7144705414012739,0,18,None,66,1,5,False,1000,1000
16140,85,degCent,10,0.692078025477707,0,7,None,66,1,5,False,1000,1000
16141,86,degCent,10,0.6945660828025477,0,7,None,66,1,5,False,1000,1000
16142,87,degCent,10,0.6960589171974523,0,7,None,66,1,5,False,1000,1000
16143,88,degCent,10,0.6986464968152867,0,7,None,66,1,5,False,1000,1000
16144,89,degCent,10,0.7003383757961783,0,7,None,66,1,5,False,1000,1000
16145,85,degCent,10,0.7026273885350318,0,4,None,66,1,5,False,1000,1000
16146,86,degCent,10,0.7047173566878981,0,4,None,66,1,5,False,1000,1000
16147,87,degCent,10,0.7057125796178344,0,4,None,66,1,5,False,1000,1000
16148,88,degCent,10,0.7070063694267515,0,4,None,66,1,5,False,1000,1000
16149,89,degCent,10,0.708797770700637,0,4,None,66,1,5,False,1000,1000
16150,85,degCent,10,0.6941679936305732,0,32,None,66,1,5,False,1000,1000
16151,86,degCent,10,0.6950636942675159,0,32,None,66,1,5,False,1000,1000
16152,87,degCent,10,0.6973527070063694,0,32,None,66,1,5,False,1000,1000
16153,88,degCent,10,0.6995421974522293,0,32,None,66,1,5,False,1000,1000
16154,89,degCent,10,0.701234076433121,0,32,None,66,1,5,False,1000,1000
16155,90,degCent,10,0.5260748407643312,0,1,None,66,1,5,False,1000,1000
16156,91,degCent,10,0.5574243630573248,0,1,None,66,1,5,False,1000,1000
16157,92,degCent,10,0.5772292993630573,0,1,None,66,1,5,False,1000,1000
16158,93,degCent,10,0.5939490445859873,0,1,None,66,1,5,False,1000,1000
16159,94,degCent,10,0.6045979299363057,0,1,None,66,1,5,False,1000,1000
16160,90,degCent,10,0.6981488853503185,0,29,None,66,1,5,False,1000,1000
16161,91,degCent,10,0.7001393312101911,0,29,None,66,1,5,False,1000,1000
16162,92,degCent,10,0.7045183121019108,0,29,None,66,1,5,False,1000,1000
16163,93,degCent,10,0.7067078025477707,0,29,None,66,1,5,False,1000,1000
16164,94,degCent,10,0.7078025477707006,0,29,None,66,1,5,False,1000,1000
16165,90,degCent,10,0.6272890127388535,0,19,None,66,1,5,False,1000,1000
16166,91,degCent,10,0.6285828025477707,0,19,None,66,1,5,False,1000,1000
16167,92,degCent,10,0.6303742038216561,0,19,None,66,1,5,False,1000,1000
16168,93,degCent,10,0.6325636942675159,0,19,None,66,1,5,False,1000,1000
16169,94,degCent,10,0.6346536624203821,0,19,None,66,1,5,False,1000,1000
16170,90,degCent,10,0.6790406050955414,0,21,None,66,1,5,False,1000,1000
16171,91,degCent,10,0.6805334394904459,0,21,None,66,1,5,False,1000,1000
16172,92,degCent,10,0.6828224522292994,0,21,None,66,1,5,False,1000,1000
16173,93,degCent,10,0.6830214968152867,0,21,None,66,1,5,False,1000,1000
16174,94,degCent,10,0.6850119426751592,0,21,None,66,1,5,False,1000,1000
16175,85,degCent,10,0.6558519108280255,0,12,None,66,1,5,False,1000,1000
16176,86,degCent,10,0.6586385350318471,0,12,None,66,1,5,False,1000,1000
16177,87,degCent,10,0.6612261146496815,0,12,None,66,1,5,False,1000,1000
16178,88,degCent,10,0.6643113057324841,0,12,None,66,1,5,False,1000,1000
16179,89,degCent,10,0.6681926751592356,0,12,None,66,1,5,False,1000,1000
16180,85,degCent,10,0.6960589171974523,0,6,None,66,1,5,False,1000,1000
16181,86,degCent,10,0.6984474522292994,0,6,None,66,1,5,False,1000,1000
16182,87,degCent,10,0.7005374203821656,0,6,None,66,1,5,False,1000,1000
16183,88,degCent,10,0.7025278662420382,0,6,None,66,1,5,False,1000,1000
16184,89,degCent,10,0.70421974522293,0,6,None,66,1,5,False,1000,1000
16185,85,degCent,10,0.6559514331210191,0,26,None,66,1,5,False,1000,1000
16186,86,degCent,10,0.6597332802547771,0,26,None,66,1,5,False,1000,1000
16187,87,degCent,10,0.6613256369426752,0,26,None,66,1,5,False,1000,1000
16188,88,degCent,10,0.6621218152866242,0,26,None,66,1,5,False,1000,1000
16189,89,degCent,10,0.6634156050955414,0,26,None,66,1,5,False,1000,1000
16190,90,degCent,10,0.7096934713375797,0,2,None,66,1,5,False,1000,1000
16191,91,degCent,10,0.7106886942675159,0,2,None,66,1,5,False,1000,1000
16192,92,degCent,10,0.711484872611465,0,2,None,66,1,5,False,1000,1000
16193,93,degCent,10,0.7131767515923567,0,2,None,66,1,5,False,1000,1000
16194,94,degCent,10,0.7142714968152867,0,2,None,66,1,5,False,1000,1000
16195,90,degCent,10,0.6897890127388535,0,15,None,66,1,5,False,1000,1000
16196,91,degCent,10,0.6917794585987261,0,15,None,66,1,5,False,1000,1000
16197,92,degCent,10,0.6942675159235668,0,15,None,66,1,5,False,1000,1000
16198,93,degCent,10,0.695859872611465,0,15,None,66,1,5,False,1000,1000
16199,94,degCent,10,0.698546974522293,0,15,None,66,1,5,False,1000,1000
16200,90,degCent,10,0.6664012738853503,0,11,None,66,1,5,False,1000,1000
16201,91,degCent,10,0.6667993630573248,0,11,None,66,1,5,False,1000,1000
16202,92,degCent,10,0.6693869426751592,0,11,None,66,1,5,False,1000,1000
16203,93,degCent,10,0.6714769108280255,0,11,None,66,1,5,False,1000,1000
16204,94,degCent,10,0.6728702229299363,0,11,None,66,1,5,False,1000,1000
16205,90,degCent,10,0.7011345541401274,0,17,None,66,1,5,False,1000,1000
16206,91,degCent,10,0.7027269108280255,0,17,None,66,1,5,False,1000,1000
16207,92,degCent,10,0.7044187898089171,0,17,None,66,1,5,False,1000,1000
16208,93,degCent,10,0.7066082802547771,0,17,None,66,1,5,False,1000,1000
16209,94,degCent,10,0.7079020700636943,0,17,None,66,1,5,False,1000,1000
16210,90,degCent,10,0.7166600318471338,0,18,None,66,1,5,False,1000,1000
16211,91,degCent,10,0.7186504777070064,0,18,None,66,1,5,False,1000,1000
16212,92,degCent,10,0.7202428343949044,0,18,None,66,1,5,False,1000,1000
16213,93,degCent,10,0.7217356687898089,0,18,None,66,1,5,False,1000,1000
16214,94,degCent,10,0.7226313694267515,0,18,None,66,1,5,False,1000,1000
16215,90,degCent,10,0.7036226114649682,0,28,None,66,1,5,False,1000,1000
16216,91,degCent,10,0.7044187898089171,0,28,None,66,1,5,False,1000,1000
16217,92,degCent,10,0.706906847133758,0,28,None,66,1,5,False,1000,1000
16218,93,degCent,10,0.708797770700637,0,28,None,66,1,5,False,1000,1000
16219,94,degCent,10,0.7098925159235668,0,28,None,66,1,5,False,1000,1000
16220,90,degCent,10,0.6736664012738853,0,13,None,66,1,5,False,1000,1000
16221,91,degCent,10,0.6750597133757962,0,13,None,66,1,5,False,1000,1000
16222,92,degCent,10,0.6779458598726115,0,13,None,66,1,5,False,1000,1000
16223,93,degCent,10,0.6787420382165605,0,13,None,66,1,5,False,1000,1000
16224,94,degCent,10,0.6812300955414012,0,13,None,66,1,5,False,1000,1000
16225,90,degCent,10,0.7044187898089171,0,5,None,66,1,5,False,1000,1000
16226,91,degCent,10,0.7089968152866242,0,5,None,66,1,5,False,1000,1000
16227,92,degCent,10,0.7117834394904459,0,5,None,66,1,5,False,1000,1000
16228,93,degCent,10,0.7148686305732485,0,5,None,66,1,5,False,1000,1000
16229,94,degCent,10,0.7177547770700637,0,5,None,66,1,5,False,1000,1000
16230,90,degCent,10,0.6870023885350318,0,10,None,66,1,5,False,1000,1000
16231,91,degCent,10,0.6896894904458599,0,10,None,66,1,5,False,1000,1000
16232,92,degCent,10,0.693172770700637,0,10,None,66,1,5,False,1000,1000
16233,93,degCent,10,0.6954617834394905,0,10,None,66,1,5,False,1000,1000
16234,94,degCent,10,0.6979498407643312,0,10,None,66,1,5,False,1000,1000
16235,90,degCent,10,0.6867038216560509,0,8,None,66,1,5,False,1000,1000
16236,91,degCent,10,0.6886942675159236,0,8,None,66,1,5,False,1000,1000
16237,92,degCent,10,0.6909832802547771,0,8,None,66,1,5,False,1000,1000
16238,93,degCent,10,0.6936703821656051,0,8,None,66,1,5,False,1000,1000
16239,94,degCent,10,0.696656050955414,0,8,None,66,1,5,False,1000,1000
16240,90,degCent,10,0.6817277070063694,0,20,None,66,1,5,False,1000,1000
16241,91,degCent,10,0.6824243630573248,0,20,None,66,1,5,False,1000,1000
16242,92,degCent,10,0.6833200636942676,0,20,None,66,1,5,False,1000,1000
16243,93,degCent,10,0.6846138535031847,0,20,None,66,1,5,False,1000,1000
16244,94,degCent,10,0.6865047770700637,0,20,None,66,1,5,False,1000,1000
16245,90,degCent,10,0.7000398089171974,0,7,None,66,1,5,False,1000,1000
16246,91,degCent,10,0.7027269108280255,0,7,None,66,1,5,False,1000,1000
16247,92,degCent,10,0.7056130573248408,0,7,None,66,1,5,False,1000,1000
16248,93,degCent,10,0.7073049363057324,0,7,None,66,1,5,False,1000,1000
16249,94,degCent,10,0.7091958598726115,0,7,None,66,1,5,False,1000,1000
16250,90,degCent,10,0.7054140127388535,0,16,None,66,1,5,False,1000,1000
16251,91,degCent,10,0.7080015923566879,0,16,None,66,1,5,False,1000,1000
16252,92,degCent,10,0.7098925159235668,0,16,None,66,1,5,False,1000,1000
16253,93,degCent,10,0.7127786624203821,0,16,None,66,1,5,False,1000,1000
16254,94,degCent,10,0.7148686305732485,0,16,None,66,1,5,False,1000,1000
16255,90,degCent,10,0.7197452229299363,0,3,None,66,1,5,False,1000,1000
16256,91,degCent,10,0.7226313694267515,0,3,None,66,1,5,False,1000,1000
16257,92,degCent,10,0.724422770700637,0,3,None,66,1,5,False,1000,1000
16258,93,degCent,10,0.7270103503184714,0,3,None,66,1,5,False,1000,1000
16259,94,degCent,10,0.7286027070063694,0,3,None,66,1,5,False,1000,1000
16260,90,degCent,10,0.6994426751592356,0,32,None,66,1,5,False,1000,1000
16261,91,degCent,10,0.7015326433121019,0,32,None,66,1,5,False,1000,1000
16262,92,degCent,10,0.7034235668789809,0,32,None,66,1,5,False,1000,1000
16263,93,degCent,10,0.7051154458598726,0,32,None,66,1,5,False,1000,1000
16264,94,degCent,10,0.7057125796178344,0,32,None,66,1,5,False,1000,1000
16265,90,degCent,10,0.6968550955414012,0,14,None,66,1,5,False,1000,1000
16266,91,degCent,10,0.6978503184713376,0,14,None,66,1,5,False,1000,1000
16267,92,degCent,10,0.7005374203821656,0,14,None,66,1,5,False,1000,1000
16268,93,degCent,10,0.7018312101910829,0,14,None,66,1,5,False,1000,1000
16269,94,degCent,10,0.703125,0,14,None,66,1,5,False,1000,1000
16270,90,degCent,10,0.68640525477707,0,22,None,66,1,5,False,1000,1000
16271,91,degCent,10,0.6888933121019108,0,22,None,66,1,5,False,1000,1000
16272,92,degCent,10,0.6918789808917197,0,22,None,66,1,5,False,1000,1000
16273,93,degCent,10,0.6955613057324841,0,22,None,66,1,5,False,1000,1000
16274,94,degCent,10,0.6988455414012739,0,22,None,66,1,5,False,1000,1000
16275,90,degCent,10,0.6978503184713376,0,23,None,66,1,5,False,1000,1000
16276,91,degCent,10,0.7003383757961783,0,23,None,66,1,5,False,1000,1000
16277,92,degCent,10,0.7019307324840764,0,23,None,66,1,5,False,1000,1000
16278,93,degCent,10,0.7037221337579618,0,23,None,66,1,5,False,1000,1000
16279,94,degCent,10,0.7057125796178344,0,23,None,66,1,5,False,1000,1000
16280,90,degCent,10,0.7112858280254777,0,4,None,66,1,5,False,1000,1000
16281,91,degCent,10,0.7120820063694268,0,4,None,66,1,5,False,1000,1000
16282,92,degCent,10,0.7129777070063694,0,4,None,66,1,5,False,1000,1000
16283,93,degCent,10,0.7144705414012739,0,4,None,66,1,5,False,1000,1000
16284,94,degCent,10,0.7155652866242038,0,4,None,66,1,5,False,1000,1000
16285,90,degCent,10,0.6880971337579618,0,24,None,66,1,5,False,1000,1000
16286,91,degCent,10,0.6936703821656051,0,24,None,66,1,5,False,1000,1000
16287,92,degCent,10,0.6960589171974523,0,24,None,66,1,5,False,1000,1000
16288,93,degCent,10,0.7025278662420382,0,24,None,66,1,5,False,1000,1000
16289,94,degCent,10,0.7028264331210191,0,24,None,66,1,5,False,1000,1000
16290,90,degCent,10,0.7062101910828026,0,27,None,66,1,5,False,1000,1000
16291,91,degCent,10,0.7092953821656051,0,27,None,66,1,5,False,1000,1000
16292,92,degCent,10,0.7101910828025477,0,27,None,66,1,5,False,1000,1000
16293,93,degCent,10,0.7119824840764332,0,27,None,66,1,5,False,1000,1000
16294,94,degCent,10,0.7134753184713376,0,27,None,66,1,5,False,1000,1000
16295,90,degCent,10,0.7158638535031847,0,0,None,66,1,5,False,1000,1000
16296,91,degCent,10,0.7166600318471338,0,0,None,66,1,5,False,1000,1000
16297,92,degCent,10,0.7173566878980892,0,0,None,66,1,5,False,1000,1000
16298,93,degCent,10,0.7181528662420382,0,0,None,66,1,5,False,1000,1000
16299,94,degCent,10,0.7184514331210191,0,0,None,66,1,5,False,1000,1000
16300,90,degCent,10,0.5349323248407644,0,31,None,66,1,5,False,1000,1000
16301,91,degCent,10,0.5527468152866242,0,31,None,66,1,5,False,1000,1000
16302,92,degCent,10,0.5711584394904459,0,31,None,66,1,5,False,1000,1000
16303,93,degCent,10,0.5842953821656051,0,31,None,66,1,5,False,1000,1000
16304,94,degCent,10,0.5966361464968153,0,31,None,66,1,5,False,1000,1000
16305,90,degCent,10,0.6473925159235668,0,30,None,66,1,5,False,1000,1000
16306,91,degCent,10,0.6487858280254777,0,30,None,66,1,5,False,1000,1000
16307,92,degCent,10,0.650577229299363,0,30,None,66,1,5,False,1000,1000
16308,93,degCent,10,0.6530652866242038,0,30,None,66,1,5,False,1000,1000
16309,94,degCent,10,0.6545581210191083,0,30,None,66,1,5,False,1000,1000
16310,90,degCent,10,0.71984474522293,0,25,None,66,1,5,False,1000,1000
16311,91,degCent,10,0.7209394904458599,0,25,None,66,1,5,False,1000,1000
16312,92,degCent,10,0.7235270700636943,0,25,None,66,1,5,False,1000,1000
16313,93,degCent,10,0.7237261146496815,0,25,None,66,1,5,False,1000,1000
16314,94,degCent,10,0.7273089171974523,0,25,None,66,1,5,False,1000,1000
16315,90,degCent,10,0.6785429936305732,0,9,None,66,1,5,False,1000,1000
16316,91,degCent,10,0.6812300955414012,0,9,None,66,1,5,False,1000,1000
16317,92,degCent,10,0.6838176751592356,0,9,None,66,1,5,False,1000,1000
16318,93,degCent,10,0.6871019108280255,0,9,None,66,1,5,False,1000,1000
16319,94,degCent,10,0.6898885350318471,0,9,None,66,1,5,False,1000,1000
16320,90,degCent,10,0.6656050955414012,0,12,None,66,1,5,False,1000,1000
16321,91,degCent,10,0.6690883757961783,0,12,None,66,1,5,False,1000,1000
16322,92,degCent,10,0.67296974522293,0,12,None,66,1,5,False,1000,1000
16323,93,degCent,10,0.6770501592356688,0,12,None,66,1,5,False,1000,1000
16324,94,degCent,10,0.680234872611465,0,12,None,66,1,5,False,1000,1000
16325,90,degCent,10,0.7053144904458599,0,6,None,66,1,5,False,1000,1000
16326,91,degCent,10,0.7071058917197452,0,6,None,66,1,5,False,1000,1000
16327,92,degCent,10,0.7082006369426752,0,6,None,66,1,5,False,1000,1000
16328,93,degCent,10,0.7094944267515924,0,6,None,66,1,5,False,1000,1000
16329,94,degCent,10,0.7106886942675159,0,6,None,66,1,5,False,1000,1000
16330,90,degCent,10,0.6644108280254777,0,26,None,66,1,5,False,1000,1000
16331,91,degCent,10,0.6661027070063694,0,26,None,66,1,5,False,1000,1000
16332,92,degCent,10,0.6675955414012739,0,26,None,66,1,5,False,1000,1000
16333,93,degCent,10,0.669187898089172,0,26,None,66,1,5,False,1000,1000
16334,94,degCent,10,0.6701831210191083,0,26,None,66,1,5,False,1000,1000
19470,95,degCent,10,0.7159633757961783,0,5,None,66,1,5,False,1000,1000
19471,96,degCent,10,0.7189490445859873,0,5,None,66,1,5,False,1000,1000
19472,97,degCent,10,0.722531847133758,0,5,None,66,1,5,False,1000,1000
19473,98,degCent,10,0.7248208598726115,0,5,None,66,1,5,False,1000,1000
19474,99,degCent,10,0.7274084394904459,0,5,None,66,1,5,False,1000,1000
19475,95,degCent,10,0.6822253184713376,0,13,None,66,1,5,False,1000,1000
19476,96,degCent,10,0.6840167197452229,0,13,None,66,1,5,False,1000,1000
19477,97,degCent,10,0.6871019108280255,0,13,None,66,1,5,False,1000,1000
19478,98,degCent,10,0.6877985668789809,0,13,None,66,1,5,False,1000,1000
19479,99,degCent,10,0.6898885350318471,0,13,None,66,1,5,False,1000,1000
19480,95,degCent,10,0.7140724522292994,0,16,None,66,1,5,False,1000,1000
19481,96,degCent,10,0.716062898089172,0,16,None,66,1,5,False,1000,1000
19482,97,degCent,10,0.7175557324840764,0,16,None,66,1,5,False,1000,1000
19483,98,degCent,10,0.7186504777070064,0,16,None,66,1,5,False,1000,1000
19484,99,degCent,10,0.7207404458598726,0,16,None,66,1,5,False,1000,1000
19485,95,degCent,10,0.6954617834394905,0,8,None,66,1,5,False,1000,1000
19486,96,degCent,10,0.6983479299363057,0,8,None,66,1,5,False,1000,1000
19487,97,degCent,10,0.7017316878980892,0,8,None,66,1,5,False,1000,1000
19488,98,degCent,10,0.7049164012738853,0,8,None,66,1,5,False,1000,1000
19489,99,degCent,10,0.7067078025477707,0,8,None,66,1,5,False,1000,1000
19490,95,degCent,10,0.6902866242038217,0,20,None,66,1,5,False,1000,1000
19491,96,degCent,10,0.6917794585987261,0,20,None,66,1,5,False,1000,1000
19492,97,degCent,10,0.6932722929936306,0,20,None,66,1,5,False,1000,1000
19493,98,degCent,10,0.6943670382165605,0,20,None,66,1,5,False,1000,1000
19494,99,degCent,10,0.6961584394904459,0,20,None,66,1,5,False,1000,1000
19495,95,degCent,10,0.636046974522293,0,19,None,66,1,5,False,1000,1000
19496,96,degCent,10,0.6380374203821656,0,19,None,66,1,5,False,1000,1000
19497,97,degCent,10,0.6405254777070064,0,19,None,66,1,5,False,1000,1000
19498,98,degCent,10,0.643312101910828,0,19,None,66,1,5,False,1000,1000
19499,99,degCent,10,0.6454020700636943,0,19,None,66,1,5,False,1000,1000
19500,95,degCent,10,0.6961584394904459,0,22,None,66,1,5,False,1000,1000
19501,96,degCent,10,0.698546974522293,0,22,None,66,1,5,False,1000,1000
19502,97,degCent,10,0.7016321656050956,0,22,None,66,1,5,False,1000,1000
19503,98,degCent,10,0.7044187898089171,0,22,None,66,1,5,False,1000,1000
19504,99,degCent,10,0.7071058917197452,0,22,None,66,1,5,False,1000,1000
19505,95,degCent,10,0.7079020700636943,0,14,None,66,1,5,False,1000,1000
19506,96,degCent,10,0.7090963375796179,0,14,None,66,1,5,False,1000,1000
19507,97,degCent,10,0.7113853503184714,0,14,None,66,1,5,False,1000,1000
19508,98,degCent,10,0.712281050955414,0,14,None,66,1,5,False,1000,1000
19509,99,degCent,10,0.7143710191082803,0,14,None,66,1,5,False,1000,1000
19510,95,degCent,10,0.7046178343949044,0,23,None,66,1,5,False,1000,1000
19511,96,degCent,10,0.7065087579617835,0,23,None,66,1,5,False,1000,1000
19512,97,degCent,10,0.7086982484076433,0,23,None,66,1,5,False,1000,1000
19513,98,degCent,10,0.7105891719745223,0,23,None,66,1,5,False,1000,1000
19514,99,degCent,10,0.7116839171974523,0,23,None,66,1,5,False,1000,1000
19515,95,degCent,10,0.6891918789808917,0,21,None,66,1,5,False,1000,1000
19516,96,degCent,10,0.6894904458598726,0,21,None,66,1,5,False,1000,1000
19517,97,degCent,10,0.6909832802547771,0,21,None,66,1,5,False,1000,1000
19518,98,degCent,10,0.6926751592356688,0,21,None,66,1,5,False,1000,1000
19519,99,degCent,10,0.694765127388535,0,21,None,66,1,5,False,1000,1000
19520,95,degCent,10,0.7270103503184714,0,25,None,66,1,5,False,1000,1000
19521,96,degCent,10,0.7299960191082803,0,25,None,66,1,5,False,1000,1000
19522,97,degCent,10,0.7319864649681529,0,25,None,66,1,5,False,1000,1000
19523,98,degCent,10,0.7340764331210191,0,25,None,66,1,5,False,1000,1000
19524,99,degCent,10,0.7350716560509554,0,25,None,66,1,5,False,1000,1000
19525,95,degCent,10,0.6706807324840764,0,26,None,66,1,5,False,1000,1000
19526,96,degCent,10,0.671875,0,26,None,66,1,5,False,1000,1000
19527,97,degCent,10,0.6733678343949044,0,26,None,66,1,5,False,1000,1000
19528,98,degCent,10,0.6746616242038217,0,26,None,66,1,5,False,1000,1000
19529,99,degCent,10,0.6749601910828026,0,26,None,66,1,5,False,1000,1000
19530,95,degCent,10,0.6770501592356688,0,12,None,66,1,5,False,1000,1000
19531,96,degCent,10,0.6808320063694268,0,12,None,66,1,5,False,1000,1000
19532,97,degCent,10,0.6833200636942676,0,12,None,66,1,5,False,1000,1000
19533,98,degCent,10,0.68640525477707,0,12,None,66,1,5,False,1000,1000
19534,99,degCent,10,0.68859474522293,0,12,None,66,1,5,False,1000,1000
19535,95,degCent,10,0.6910828025477707,0,24,None,66,1,5,False,1000,1000
19536,96,degCent,10,0.6977507961783439,0,24,None,66,1,5,False,1000,1000
19537,97,degCent,10,0.70203025477707,0,24,None,66,1,5,False,1000,1000
19538,98,degCent,10,0.7057125796178344,0,24,None,66,1,5,False,1000,1000
19539,99,degCent,10,0.7067078025477707,0,24,None,66,1,5,False,1000,1000
19540,95,degCent,10,0.6542595541401274,0,30,None,66,1,5,False,1000,1000
19541,96,degCent,10,0.6569466560509554,0,30,None,66,1,5,False,1000,1000
19542,97,degCent,10,0.6590366242038217,0,30,None,66,1,5,False,1000,1000
19543,98,degCent,10,0.6620222929936306,0,30,None,66,1,5,False,1000,1000
19544,99,degCent,10,0.6639132165605095,0,30,None,66,1,5,False,1000,1000
19545,95,degCent,10,0.7131767515923567,0,6,None,66,1,5,False,1000,1000
19546,96,degCent,10,0.714171974522293,0,6,None,66,1,5,False,1000,1000
19547,97,degCent,10,0.7161624203821656,0,6,None,66,1,5,False,1000,1000
19548,98,degCent,10,0.7175557324840764,0,6,None,66,1,5,False,1000,1000
19549,99,degCent,10,0.7183519108280255,0,6,None,66,1,5,False,1000,1000
19550,95,degCent,10,0.7152667197452229,0,27,None,66,1,5,False,1000,1000
19551,96,degCent,10,0.7161624203821656,0,27,None,66,1,5,False,1000,1000
19552,97,degCent,10,0.7173566878980892,0,27,None,66,1,5,False,1000,1000
19553,98,degCent,10,0.7190485668789809,0,27,None,66,1,5,False,1000,1000
19554,99,degCent,10,0.7207404458598726,0,27,None,66,1,5,False,1000,1000
19555,95,degCent,10,0.7256170382165605,0,18,None,66,1,5,False,1000,1000
19556,96,degCent,10,0.7267117834394905,0,18,None,66,1,5,False,1000,1000
19557,97,degCent,10,0.7285031847133758,0,18,None,66,1,5,False,1000,1000
19558,98,degCent,10,0.7291998407643312,0,18,None,66,1,5,False,1000,1000
19559,99,degCent,10,0.7301950636942676,0,18,None,66,1,5,False,1000,1000
19560,95,degCent,10,0.539609872611465,0,31,None,66,1,5,False,1000,1000
19561,96,degCent,10,0.5597133757961783,0,31,None,66,1,5,False,1000,1000
19562,97,degCent,10,0.5812101910828026,0,31,None,66,1,5,False,1000,1000
19563,98,degCent,10,0.5960390127388535,0,31,None,66,1,5,False,1000,1000
19564,99,degCent,10,0.6100716560509554,0,31,None,66,1,5,False,1000,1000
19565,95,degCent,10,0.7039211783439491,0,32,None,66,1,5,False,1000,1000
19566,96,degCent,10,0.7063097133757962,0,32,None,66,1,5,False,1000,1000
19567,97,degCent,10,0.7076035031847133,0,32,None,66,1,5,False,1000,1000
19568,98,degCent,10,0.7098925159235668,0,32,None,66,1,5,False,1000,1000
19569,99,degCent,10,0.7110867834394905,0,32,None,66,1,5,False,1000,1000
19570,95,degCent,10,0.7097929936305732,0,7,None,66,1,5,False,1000,1000
19571,96,degCent,10,0.7113853503184714,0,7,None,66,1,5,False,1000,1000
19572,97,degCent,10,0.7133757961783439,0,7,None,66,1,5,False,1000,1000
19573,98,degCent,10,0.7158638535031847,0,7,None,66,1,5,False,1000,1000
19574,99,degCent,10,0.7184514331210191,0,7,None,66,1,5,False,1000,1000
19575,95,degCent,10,0.5314490445859873,0,1,None,66,1,5,False,1000,1000
19576,96,degCent,10,0.5657842356687898,0,1,None,66,1,5,False,1000,1000
19577,97,degCent,10,0.5907643312101911,0,1,None,66,1,5,False,1000,1000
19578,98,degCent,10,0.606687898089172,0,1,None,66,1,5,False,1000,1000
19579,99,degCent,10,0.6165406050955414,0,1,None,66,1,5,False,1000,1000
19580,95,degCent,10,0.7177547770700637,0,2,None,66,1,5,False,1000,1000
19581,96,degCent,10,0.7188495222929936,0,2,None,66,1,5,False,1000,1000
19582,97,degCent,10,0.7195461783439491,0,2,None,66,1,5,False,1000,1000
19583,98,degCent,10,0.7215366242038217,0,2,None,66,1,5,False,1000,1000
19584,99,degCent,10,0.7231289808917197,0,2,None,66,1,5,False,1000,1000
19585,95,degCent,10,0.7052149681528662,0,15,None,66,1,5,False,1000,1000
19586,96,degCent,10,0.7070063694267515,0,15,None,66,1,5,False,1000,1000
19587,97,degCent,10,0.7071058917197452,0,15,None,66,1,5,False,1000,1000
19588,98,degCent,10,0.7081011146496815,0,15,None,66,1,5,False,1000,1000
19589,99,degCent,10,0.7097929936305732,0,15,None,66,1,5,False,1000,1000
19590,95,degCent,10,0.7166600318471338,0,4,None,66,1,5,False,1000,1000
19591,96,degCent,10,0.7179538216560509,0,4,None,66,1,5,False,1000,1000
19592,97,degCent,10,0.7183519108280255,0,4,None,66,1,5,False,1000,1000
19593,98,degCent,10,0.7186504777070064,0,4,None,66,1,5,False,1000,1000
19594,99,degCent,10,0.7201433121019108,0,4,None,66,1,5,False,1000,1000
19595,95,degCent,10,0.6962579617834395,0,10,None,66,1,5,False,1000,1000
19596,96,degCent,10,0.6988455414012739,0,10,None,66,1,5,False,1000,1000
19597,97,degCent,10,0.7019307324840764,0,10,None,66,1,5,False,1000,1000
19598,98,degCent,10,0.7044187898089171,0,10,None,66,1,5,False,1000,1000
19599,99,degCent,10,0.7071058917197452,0,10,None,66,1,5,False,1000,1000
19600,95,degCent,10,0.6784434713375797,0,11,None,66,1,5,False,1000,1000
19601,96,degCent,10,0.6793391719745223,0,11,None,66,1,5,False,1000,1000
19602,97,degCent,10,0.6814291401273885,0,11,None,66,1,5,False,1000,1000
19603,98,degCent,10,0.6834195859872612,0,11,None,66,1,5,False,1000,1000
19604,99,degCent,10,0.6872014331210191,0,11,None,66,1,5,False,1000,1000
19605,95,degCent,10,0.7112858280254777,0,17,None,66,1,5,False,1000,1000
19606,96,degCent,10,0.7129777070063694,0,17,None,66,1,5,False,1000,1000
19607,97,degCent,10,0.7137738853503185,0,17,None,66,1,5,False,1000,1000
19608,98,degCent,10,0.7153662420382165,0,17,None,66,1,5,False,1000,1000
19609,99,degCent,10,0.7166600318471338,0,17,None,66,1,5,False,1000,1000
19610,95,degCent,10,0.7084992038216561,0,29,None,66,1,5,False,1000,1000
19611,96,degCent,10,0.7112858280254777,0,29,None,66,1,5,False,1000,1000
19612,97,degCent,10,0.7127786624203821,0,29,None,66,1,5,False,1000,1000
19613,98,degCent,10,0.7152667197452229,0,29,None,66,1,5,False,1000,1000
19614,99,degCent,10,0.714968152866242,0,29,None,66,1,5,False,1000,1000
19615,95,degCent,10,0.6850119426751592,0,9,None,66,1,5,False,1000,1000
19616,96,degCent,10,0.6876990445859873,0,9,None,66,1,5,False,1000,1000
19617,97,degCent,10,0.6910828025477707,0,9,None,66,1,5,False,1000,1000
19618,98,degCent,10,0.6951632165605095,0,9,None,66,1,5,False,1000,1000
19619,99,degCent,10,0.6981488853503185,0,9,None,66,1,5,False,1000,1000
19620,95,degCent,10,0.721437101910828,0,0,None,66,1,5,False,1000,1000
19621,96,degCent,10,0.7222332802547771,0,0,None,66,1,5,False,1000,1000
19622,97,degCent,10,0.723328025477707,0,0,None,66,1,5,False,1000,1000
19623,98,degCent,10,0.7246218152866242,0,0,None,66,1,5,False,1000,1000
19624,99,degCent,10,0.725218949044586,0,0,None,66,1,5,False,1000,1000
19625,95,degCent,10,0.7291998407643312,0,3,None,66,1,5,False,1000,1000
19626,96,degCent,10,0.7302945859872612,0,3,None,66,1,5,False,1000,1000
19627,97,degCent,10,0.7317874203821656,0,3,None,66,1,5,False,1000,1000
19628,98,degCent,10,0.7338773885350318,0,3,None,66,1,5,False,1000,1000
19629,99,degCent,10,0.7353702229299363,0,3,None,66,1,5,False,1000,1000
19630,95,degCent,10,0.7159633757961783,0,28,None,66,1,5,False,1000,1000
19631,96,degCent,10,0.7171576433121019,0,28,None,66,1,5,False,1000,1000
19632,97,degCent,10,0.7179538216560509,0,28,None,66,1,5,False,1000,1000
19633,98,degCent,10,0.7188495222929936,0,28,None,66,1,5,False,1000,1000
19634,99,degCent,10,0.7202428343949044,0,28,None,66,1,5,False,1000,1000
19635,100,degCent,10,0.7053144904458599,0,22,None,66,1,5,False,1000,1000
19636,101,degCent,10,0.7088972929936306,0,22,None,66,1,5,False,1000,1000
19637,102,degCent,10,0.7116839171974523,0,22,None,66,1,5,False,1000,1000
19638,103,degCent,10,0.7147691082802548,0,22,None,66,1,5,False,1000,1000
19639,104,degCent,10,0.7182523885350318,0,22,None,66,1,5,False,1000,1000
19640,100,degCent,10,0.7186504777070064,0,14,None,66,1,5,False,1000,1000
19641,101,degCent,10,0.71984474522293,0,14,None,66,1,5,False,1000,1000
19642,102,degCent,10,0.7216361464968153,0,14,None,66,1,5,False,1000,1000
19643,103,degCent,10,0.7223328025477707,0,14,None,66,1,5,False,1000,1000
19644,104,degCent,10,0.7231289808917197,0,14,None,66,1,5,False,1000,1000
19645,100,degCent,10,0.6624203821656051,0,30,None,66,1,5,False,1000,1000
19646,101,degCent,10,0.6651074840764332,0,30,None,66,1,5,False,1000,1000
19647,102,degCent,10,0.6668988853503185,0,30,None,66,1,5,False,1000,1000
19648,103,degCent,10,0.6690883757961783,0,30,None,66,1,5,False,1000,1000
19649,104,degCent,10,0.6704816878980892,0,30,None,66,1,5,False,1000,1000
19650,100,degCent,10,0.7259156050955414,0,5,None,66,1,5,False,1000,1000
19651,101,degCent,10,0.7291998407643312,0,5,None,66,1,5,False,1000,1000
19652,102,degCent,10,0.7313893312101911,0,5,None,66,1,5,False,1000,1000
19653,103,degCent,10,0.7322850318471338,0,5,None,66,1,5,False,1000,1000
19654,104,degCent,10,0.734375,0,5,None,66,1,5,False,1000,1000
19655,100,degCent,10,0.6910828025477707,0,9,None,66,1,5,False,1000,1000
19656,101,degCent,10,0.6952627388535032,0,9,None,66,1,5,False,1000,1000
19657,102,degCent,10,0.6988455414012739,0,9,None,66,1,5,False,1000,1000
19658,103,degCent,10,0.70203025477707,0,9,None,66,1,5,False,1000,1000
19659,104,degCent,10,0.705015923566879,0,9,None,66,1,5,False,1000,1000
19660,100,degCent,10,0.7124800955414012,0,23,None,66,1,5,False,1000,1000
19661,101,degCent,10,0.7132762738853503,0,23,None,66,1,5,False,1000,1000
19662,102,degCent,10,0.7147691082802548,0,23,None,66,1,5,False,1000,1000
19663,103,degCent,10,0.7166600318471338,0,23,None,66,1,5,False,1000,1000
19664,104,degCent,10,0.7180533439490446,0,23,None,66,1,5,False,1000,1000
19665,100,degCent,10,0.7222332802547771,0,28,None,66,1,5,False,1000,1000
19666,101,degCent,10,0.7242237261146497,0,28,None,66,1,5,False,1000,1000
19667,102,degCent,10,0.7246218152866242,0,28,None,66,1,5,False,1000,1000
19668,103,degCent,10,0.7255175159235668,0,28,None,66,1,5,False,1000,1000
19669,104,degCent,10,0.7256170382165605,0,28,None,66,1,5,False,1000,1000
19670,100,degCent,10,0.7227308917197452,0,27,None,66,1,5,False,1000,1000
19671,101,degCent,10,0.7248208598726115,0,27,None,66,1,5,False,1000,1000
19672,102,degCent,10,0.7276074840764332,0,27,None,66,1,5,False,1000,1000
19673,103,degCent,10,0.7269108280254777,0,27,None,66,1,5,False,1000,1000
19674,104,degCent,10,0.7291003184713376,0,27,None,66,1,5,False,1000,1000
19675,100,degCent,10,0.7158638535031847,0,29,None,66,1,5,False,1000,1000
19676,101,degCent,10,0.7178542993630573,0,29,None,66,1,5,False,1000,1000
19677,102,degCent,10,0.7195461783439491,0,29,None,66,1,5,False,1000,1000
19678,103,degCent,10,0.7195461783439491,0,29,None,66,1,5,False,1000,1000
19679,104,degCent,10,0.7191480891719745,0,29,None,66,1,5,False,1000,1000
19680,100,degCent,10,0.7220342356687898,0,16,None,66,1,5,False,1000,1000
19681,101,degCent,10,0.7234275477707006,0,16,None,66,1,5,False,1000,1000
19682,102,degCent,10,0.725218949044586,0,16,None,66,1,5,False,1000,1000
19683,103,degCent,10,0.725218949044586,0,16,None,66,1,5,False,1000,1000
19684,104,degCent,10,0.7269108280254777,0,16,None,66,1,5,False,1000,1000
19685,100,degCent,10,0.7179538216560509,0,7,None,66,1,5,False,1000,1000
19686,101,degCent,10,0.7190485668789809,0,7,None,66,1,5,False,1000,1000
19687,102,degCent,10,0.7216361464968153,0,7,None,66,1,5,False,1000,1000
19688,103,degCent,10,0.7236265923566879,0,7,None,66,1,5,False,1000,1000
19689,104,degCent,10,0.7243232484076433,0,7,None,66,1,5,False,1000,1000
19690,100,degCent,10,0.7091958598726115,0,32,None,66,1,5,False,1000,1000
19691,101,degCent,10,0.7116839171974523,0,32,None,66,1,5,False,1000,1000
19692,102,degCent,10,0.7136743630573248,0,32,None,66,1,5,False,1000,1000
19693,103,degCent,10,0.7145700636942676,0,32,None,66,1,5,False,1000,1000
19694,104,degCent,10,0.7158638535031847,0,32,None,66,1,5,False,1000,1000
19695,100,degCent,10,0.7334792993630573,0,25,None,66,1,5,False,1000,1000
19696,101,degCent,10,0.7361664012738853,0,25,None,66,1,5,False,1000,1000
19697,102,degCent,10,0.7380573248407644,0,25,None,66,1,5,False,1000,1000
19698,103,degCent,10,0.7407444267515924,0,25,None,66,1,5,False,1000,1000
19699,104,degCent,10,0.7410429936305732,0,25,None,66,1,5,False,1000,1000
19700,100,degCent,10,0.7204418789808917,0,6,None,66,1,5,False,1000,1000
19701,101,degCent,10,0.7223328025477707,0,6,None,66,1,5,False,1000,1000
19702,102,degCent,10,0.724422770700637,0,6,None,66,1,5,False,1000,1000
19703,103,degCent,10,0.7250199044585988,0,6,None,66,1,5,False,1000,1000
19704,104,degCent,10,0.7267117834394905,0,6,None,66,1,5,False,1000,1000
19705,100,degCent,10,0.676453025477707,0,26,None,66,1,5,False,1000,1000
19706,101,degCent,10,0.6770501592356688,0,26,None,66,1,5,False,1000,1000
19707,102,degCent,10,0.6779458598726115,0,26,None,66,1,5,False,1000,1000
19708,103,degCent,10,0.6792396496815286,0,26,None,66,1,5,False,1000,1000
19709,104,degCent,10,0.6805334394904459,0,26,None,66,1,5,False,1000,1000
19710,100,degCent,10,0.7145700636942676,0,15,None,66,1,5,False,1000,1000
19711,101,degCent,10,0.7163614649681529,0,15,None,66,1,5,False,1000,1000
19712,102,degCent,10,0.7179538216560509,0,15,None,66,1,5,False,1000,1000
19713,103,degCent,10,0.7186504777070064,0,15,None,66,1,5,False,1000,1000
19714,104,degCent,10,0.7195461783439491,0,15,None,66,1,5,False,1000,1000
19715,100,degCent,10,0.7046178343949044,0,10,None,66,1,5,False,1000,1000
19716,101,degCent,10,0.7079020700636943,0,10,None,66,1,5,False,1000,1000
19717,102,degCent,10,0.7102906050955414,0,10,None,66,1,5,False,1000,1000
19718,103,degCent,10,0.7131767515923567,0,10,None,66,1,5,False,1000,1000
19719,104,degCent,10,0.7153662420382165,0,10,None,66,1,5,False,1000,1000
19720,100,degCent,10,0.7211385350318471,0,17,None,66,1,5,False,1000,1000
19721,101,degCent,10,0.7216361464968153,0,17,None,66,1,5,False,1000,1000
19722,102,degCent,10,0.7230294585987261,0,17,None,66,1,5,False,1000,1000
19723,103,degCent,10,0.7243232484076433,0,17,None,66,1,5,False,1000,1000
19724,104,degCent,10,0.7253184713375797,0,17,None,66,1,5,False,1000,1000
19725,100,degCent,10,0.693172770700637,0,11,None,66,1,5,False,1000,1000
19726,101,degCent,10,0.694765127388535,0,11,None,66,1,5,False,1000,1000
19727,102,degCent,10,0.6976512738853503,0,11,None,66,1,5,False,1000,1000
19728,103,degCent,10,0.699343152866242,0,11,None,66,1,5,False,1000,1000
19729,104,degCent,10,0.7019307324840764,0,11,None,66,1,5,False,1000,1000
19730,100,degCent,10,0.5367237261146497,0,1,None,66,1,5,False,1000,1000
19731,101,degCent,10,0.5775278662420382,0,1,None,66,1,5,False,1000,1000
19732,102,degCent,10,0.6033041401273885,0,1,None,66,1,5,False,1000,1000
19733,103,degCent,10,0.618531050955414,0,1,None,66,1,5,False,1000,1000
19734,104,degCent,10,0.6292794585987261,0,1,None,66,1,5,False,1000,1000
19735,100,degCent,10,0.725218949044586,0,2,None,66,1,5,False,1000,1000
19736,101,degCent,10,0.725218949044586,0,2,None,66,1,5,False,1000,1000
19737,102,degCent,10,0.7265127388535032,0,2,None,66,1,5,False,1000,1000
19738,103,degCent,10,0.7278065286624203,0,2,None,66,1,5,False,1000,1000
19739,104,degCent,10,0.7289012738853503,0,2,None,66,1,5,False,1000,1000
19740,100,degCent,10,0.6918789808917197,0,13,None,66,1,5,False,1000,1000
19741,101,degCent,10,0.6925756369426752,0,13,None,66,1,5,False,1000,1000
19742,102,degCent,10,0.693968949044586,0,13,None,66,1,5,False,1000,1000
19743,103,degCent,10,0.6956608280254777,0,13,None,66,1,5,False,1000,1000
19744,104,degCent,10,0.6967555732484076,0,13,None,66,1,5,False,1000,1000
19745,100,degCent,10,0.6873009554140127,0,12,None,66,1,5,False,1000,1000
19746,101,degCent,10,0.6897890127388535,0,12,None,66,1,5,False,1000,1000
19747,102,degCent,10,0.6917794585987261,0,12,None,66,1,5,False,1000,1000
19748,103,degCent,10,0.6940684713375797,0,12,None,66,1,5,False,1000,1000
19749,104,degCent,10,0.6981488853503185,0,12,None,66,1,5,False,1000,1000
19750,100,degCent,10,0.6988455414012739,0,21,None,66,1,5,False,1000,1000
19751,101,degCent,10,0.7010350318471338,0,21,None,66,1,5,False,1000,1000
19752,102,degCent,10,0.7035230891719745,0,21,None,66,1,5,False,1000,1000
19753,103,degCent,10,0.7048168789808917,0,21,None,66,1,5,False,1000,1000
19754,104,degCent,10,0.7066082802547771,0,21,None,66,1,5,False,1000,1000
19755,100,degCent,10,0.690187101910828,0,24,None,66,1,5,False,1000,1000
19756,101,degCent,10,0.6980493630573248,0,24,None,66,1,5,False,1000,1000
19757,102,degCent,10,0.701234076433121,0,24,None,66,1,5,False,1000,1000
19758,103,degCent,10,0.7078025477707006,0,24,None,66,1,5,False,1000,1000
19759,104,degCent,10,0.7078025477707006,0,24,None,66,1,5,False,1000,1000
19760,100,degCent,10,0.7276074840764332,0,0,None,66,1,5,False,1000,1000
19761,101,degCent,10,0.7282046178343949,0,0,None,66,1,5,False,1000,1000
19762,102,degCent,10,0.7291998407643312,0,0,None,66,1,5,False,1000,1000
19763,103,degCent,10,0.7296974522292994,0,0,None,66,1,5,False,1000,1000
19764,104,degCent,10,0.7304936305732485,0,0,None,66,1,5,False,1000,1000
19765,100,degCent,10,0.7053144904458599,0,8,None,66,1,5,False,1000,1000
19766,101,degCent,10,0.7082006369426752,0,8,None,66,1,5,False,1000,1000
19767,102,degCent,10,0.7096934713375797,0,8,None,66,1,5,False,1000,1000
19768,103,degCent,10,0.7132762738853503,0,8,None,66,1,5,False,1000,1000
19769,104,degCent,10,0.7157643312101911,0,8,None,66,1,5,False,1000,1000
19770,100,degCent,10,0.7318869426751592,0,18,None,66,1,5,False,1000,1000
19771,101,degCent,10,0.7335788216560509,0,18,None,66,1,5,False,1000,1000
19772,102,degCent,10,0.7356687898089171,0,18,None,66,1,5,False,1000,1000
19773,103,degCent,10,0.7372611464968153,0,18,None,66,1,5,False,1000,1000
19774,104,degCent,10,0.7378582802547771,0,18,None,66,1,5,False,1000,1000
19775,100,degCent,10,0.6466958598726115,0,19,None,66,1,5,False,1000,1000
19776,101,degCent,10,0.649781050955414,0,19,None,66,1,5,False,1000,1000
19777,102,degCent,10,0.6536624203821656,0,19,None,66,1,5,False,1000,1000
19778,103,degCent,10,0.6557523885350318,0,19,None,66,1,5,False,1000,1000
19779,104,degCent,10,0.6583399681528662,0,19,None,66,1,5,False,1000,1000
19780,100,degCent,10,0.543093152866242,0,31,None,66,1,5,False,1000,1000
19781,101,degCent,10,0.5671775477707006,0,31,None,66,1,5,False,1000,1000
19782,102,degCent,10,0.5907643312101911,0,31,None,66,1,5,False,1000,1000
19783,103,degCent,10,0.6052945859872612,0,31,None,66,1,5,False,1000,1000
19784,104,degCent,10,0.6216162420382165,0,31,None,66,1,5,False,1000,1000
19785,100,degCent,10,0.7358678343949044,0,3,None,66,1,5,False,1000,1000
19786,101,degCent,10,0.7388535031847133,0,3,None,66,1,5,False,1000,1000
19787,102,degCent,10,0.7401472929936306,0,3,None,66,1,5,False,1000,1000
19788,103,degCent,10,0.7420382165605095,0,3,None,66,1,5,False,1000,1000
19789,104,degCent,10,0.7425358280254777,0,3,None,66,1,5,False,1000,1000
19790,100,degCent,10,0.7207404458598726,0,4,None,66,1,5,False,1000,1000
19791,101,degCent,10,0.7218351910828026,0,4,None,66,1,5,False,1000,1000
19792,102,degCent,10,0.7219347133757962,0,4,None,66,1,5,False,1000,1000
19793,103,degCent,10,0.721437101910828,0,4,None,66,1,5,False,1000,1000
19794,104,degCent,10,0.7229299363057324,0,4,None,66,1,5,False,1000,1000
19795,100,degCent,10,0.6986464968152867,0,20,None,66,1,5,False,1000,1000
19796,101,degCent,10,0.6999402866242038,0,20,None,66,1,5,False,1000,1000
19797,102,degCent,10,0.701234076433121,0,20,None,66,1,5,False,1000,1000
19798,103,degCent,10,0.7032245222929936,0,20,None,66,1,5,False,1000,1000
19799,104,degCent,10,0.7044187898089171,0,20,None,66,1,5,False,1000,1000
23265,105,degCent,10,0.5437898089171974,0,1,None,66,1,5,False,1000,1000
23266,106,degCent,10,0.5903662420382165,0,1,None,66,1,5,False,1000,1000
23267,107,degCent,10,0.6163415605095541,0,1,None,66,1,5,False,1000,1000
23268,108,degCent,10,0.6313694267515924,0,1,None,66,1,5,False,1000,1000
23269,109,degCent,10,0.6412221337579618,0,1,None,66,1,5,False,1000,1000
23270,105,degCent,10,0.7266122611464968,0,16,None,66,1,5,False,1000,1000
23271,106,degCent,10,0.7288017515923567,0,16,None,66,1,5,False,1000,1000
23272,107,degCent,10,0.729796974522293,0,16,None,66,1,5,False,1000,1000
23273,108,degCent,10,0.7325835987261147,0,16,None,66,1,5,False,1000,1000
23274,109,degCent,10,0.7340764331210191,0,16,None,66,1,5,False,1000,1000
23275,105,degCent,10,0.7163614649681529,0,8,None,66,1,5,False,1000,1000
23276,106,degCent,10,0.7208399681528662,0,8,None,66,1,5,False,1000,1000
23277,107,degCent,10,0.7236265923566879,0,8,None,66,1,5,False,1000,1000
23278,108,degCent,10,0.7263136942675159,0,8,None,66,1,5,False,1000,1000
23279,109,degCent,10,0.728702229299363,0,8,None,66,1,5,False,1000,1000
23280,105,degCent,10,0.6587380573248408,0,19,None,66,1,5,False,1000,1000
23281,106,degCent,10,0.6636146496815286,0,19,None,66,1,5,False,1000,1000
23282,107,degCent,10,0.667296974522293,0,19,None,66,1,5,False,1000,1000
23283,108,degCent,10,0.6711783439490446,0,19,None,66,1,5,False,1000,1000
23284,109,degCent,10,0.6746616242038217,0,19,None,66,1,5,False,1000,1000
23285,105,degCent,10,0.7193471337579618,0,23,None,66,1,5,False,1000,1000
23286,106,degCent,10,0.7217356687898089,0,23,None,66,1,5,False,1000,1000
23287,107,degCent,10,0.7231289808917197,0,23,None,66,1,5,False,1000,1000
23288,108,degCent,10,0.7245222929936306,0,23,None,66,1,5,False,1000,1000
23289,109,degCent,10,0.726015127388535,0,23,None,66,1,5,False,1000,1000
23290,105,degCent,10,0.7113853503184714,0,21,None,66,1,5,False,1000,1000
23291,106,degCent,10,0.7132762738853503,0,21,None,66,1,5,False,1000,1000
23292,107,degCent,10,0.7152667197452229,0,21,None,66,1,5,False,1000,1000
23293,108,degCent,10,0.7165605095541401,0,21,None,66,1,5,False,1000,1000
23294,109,degCent,10,0.7190485668789809,0,21,None,66,1,5,False,1000,1000
23295,105,degCent,10,0.7366640127388535,0,25,None,66,1,5,False,1000,1000
23296,106,degCent,10,0.7405453821656051,0,25,None,66,1,5,False,1000,1000
23297,107,degCent,10,0.7430334394904459,0,25,None,66,1,5,False,1000,1000
23298,108,degCent,10,0.7446257961783439,0,25,None,66,1,5,False,1000,1000
23299,109,degCent,10,0.7459195859872612,0,25,None,66,1,5,False,1000,1000
23300,105,degCent,10,0.6817277070063694,0,26,None,66,1,5,False,1000,1000
23301,106,degCent,10,0.6831210191082803,0,26,None,66,1,5,False,1000,1000
23302,107,degCent,10,0.6838176751592356,0,26,None,66,1,5,False,1000,1000
23303,108,degCent,10,0.6835191082802548,0,26,None,66,1,5,False,1000,1000
23304,109,degCent,10,0.6857085987261147,0,26,None,66,1,5,False,1000,1000
23305,105,degCent,10,0.6869028662420382,0,24,None,66,1,5,False,1000,1000
23306,106,degCent,10,0.6945660828025477,0,24,None,66,1,5,False,1000,1000
23307,107,degCent,10,0.7006369426751592,0,24,None,66,1,5,False,1000,1000
23308,108,degCent,10,0.7055135350318471,0,24,None,66,1,5,False,1000,1000
23309,109,degCent,10,0.7078025477707006,0,24,None,66,1,5,False,1000,1000
23310,105,degCent,10,0.6694864649681529,0,30,None,66,1,5,False,1000,1000
23311,106,degCent,10,0.6720740445859873,0,30,None,66,1,5,False,1000,1000
23312,107,degCent,10,0.6743630573248408,0,30,None,66,1,5,False,1000,1000
23313,108,degCent,10,0.6769506369426752,0,30,None,66,1,5,False,1000,1000
23314,109,degCent,10,0.6800358280254777,0,30,None,66,1,5,False,1000,1000
23315,105,degCent,10,0.5467754777070064,0,31,None,66,1,5,False,1000,1000
23316,106,degCent,10,0.5753383757961783,0,31,None,66,1,5,False,1000,1000
23317,107,degCent,10,0.5990246815286624,0,31,None,66,1,5,False,1000,1000
23318,108,degCent,10,0.6180334394904459,0,31,None,66,1,5,False,1000,1000
23319,109,degCent,10,0.6354498407643312,0,31,None,66,1,5,False,1000,1000
23320,105,degCent,10,0.7289012738853503,0,27,None,66,1,5,False,1000,1000
23321,106,degCent,10,0.7325835987261147,0,27,None,66,1,5,False,1000,1000
23322,107,degCent,10,0.7328821656050956,0,27,None,66,1,5,False,1000,1000
23323,108,degCent,10,0.7347730891719745,0,27,None,66,1,5,False,1000,1000
23324,109,degCent,10,0.73546974522293,0,27,None,66,1,5,False,1000,1000
23325,105,degCent,10,0.7005374203821656,0,13,None,66,1,5,False,1000,1000
23326,106,degCent,10,0.701234076433121,0,13,None,66,1,5,False,1000,1000
23327,107,degCent,10,0.7033240445859873,0,13,None,66,1,5,False,1000,1000
23328,108,degCent,10,0.7049164012738853,0,13,None,66,1,5,False,1000,1000
23329,109,degCent,10,0.7076035031847133,0,13,None,66,1,5,False,1000,1000
23330,105,degCent,10,0.731687898089172,0,2,None,66,1,5,False,1000,1000
23331,106,degCent,10,0.7328821656050956,0,2,None,66,1,5,False,1000,1000
23332,107,degCent,10,0.734375,0,2,None,66,1,5,False,1000,1000
23333,108,degCent,10,0.7352707006369427,0,2,None,66,1,5,False,1000,1000
23334,109,degCent,10,0.7377587579617835,0,2,None,66,1,5,False,1000,1000
23335,105,degCent,10,0.732484076433121,0,5,None,66,1,5,False,1000,1000
23336,106,degCent,10,0.7344745222929936,0,5,None,66,1,5,False,1000,1000
23337,107,degCent,10,0.7358678343949044,0,5,None,66,1,5,False,1000,1000
23338,108,degCent,10,0.7368630573248408,0,5,None,66,1,5,False,1000,1000
23339,109,degCent,10,0.7391520700636943,0,5,None,66,1,5,False,1000,1000
23340,105,degCent,10,0.7422372611464968,0,3,None,66,1,5,False,1000,1000
23341,106,degCent,10,0.743531050955414,0,3,None,66,1,5,False,1000,1000
23342,107,degCent,10,0.7444267515923567,0,3,None,66,1,5,False,1000,1000
23343,108,degCent,10,0.7447253184713376,0,3,None,66,1,5,False,1000,1000
23344,109,degCent,10,0.7455214968152867,0,3,None,66,1,5,False,1000,1000
23345,105,degCent,10,0.7133757961783439,0,10,None,66,1,5,False,1000,1000
23346,106,degCent,10,0.7162619426751592,0,10,None,66,1,5,False,1000,1000
23347,107,degCent,10,0.7191480891719745,0,10,None,66,1,5,False,1000,1000
23348,108,degCent,10,0.7207404458598726,0,10,None,66,1,5,False,1000,1000
23349,109,degCent,10,0.7227308917197452,0,10,None,66,1,5,False,1000,1000
23350,105,degCent,10,0.7075039808917197,0,11,None,66,1,5,False,1000,1000
23351,106,degCent,10,0.709593949044586,0,11,None,66,1,5,False,1000,1000
23352,107,degCent,10,0.7121815286624203,0,11,None,66,1,5,False,1000,1000
23353,108,degCent,10,0.7158638535031847,0,11,None,66,1,5,False,1000,1000
23354,109,degCent,10,0.7184514331210191,0,11,None,66,1,5,False,1000,1000
23355,105,degCent,10,0.6952627388535032,0,12,None,66,1,5,False,1000,1000
23356,106,degCent,10,0.6982484076433121,0,12,None,66,1,5,False,1000,1000
23357,107,degCent,10,0.7007364649681529,0,12,None,66,1,5,False,1000,1000
23358,108,degCent,10,0.7036226114649682,0,12,None,66,1,5,False,1000,1000
23359,109,degCent,10,0.7045183121019108,0,12,None,66,1,5,False,1000,1000
23360,105,degCent,10,0.7261146496815286,0,15,None,66,1,5,False,1000,1000
23361,106,degCent,10,0.7265127388535032,0,15,None,66,1,5,False,1000,1000
23362,107,degCent,10,0.7283041401273885,0,15,None,66,1,5,False,1000,1000
23363,108,degCent,10,0.7294984076433121,0,15,None,66,1,5,False,1000,1000
23364,109,degCent,10,0.7308917197452229,0,15,None,66,1,5,False,1000,1000
23365,105,degCent,10,0.7285031847133758,0,17,None,66,1,5,False,1000,1000
23366,106,degCent,10,0.7291998407643312,0,17,None,66,1,5,False,1000,1000
23367,107,degCent,10,0.7309912420382165,0,17,None,66,1,5,False,1000,1000
23368,108,degCent,10,0.7311902866242038,0,17,None,66,1,5,False,1000,1000
23369,109,degCent,10,0.7331807324840764,0,17,None,66,1,5,False,1000,1000
23370,105,degCent,10,0.7399482484076433,0,18,None,66,1,5,False,1000,1000
23371,106,degCent,10,0.7409434713375797,0,18,None,66,1,5,False,1000,1000
23372,107,degCent,10,0.7422372611464968,0,18,None,66,1,5,False,1000,1000
23373,108,degCent,10,0.7430334394904459,0,18,None,66,1,5,False,1000,1000
23374,109,degCent,10,0.7445262738853503,0,18,None,66,1,5,False,1000,1000
23375,105,degCent,10,0.7078025477707006,0,20,None,66,1,5,False,1000,1000
23376,106,degCent,10,0.7088972929936306,0,20,None,66,1,5,False,1000,1000
23377,107,degCent,10,0.7100915605095541,0,20,None,66,1,5,False,1000,1000
23378,108,degCent,10,0.7117834394904459,0,20,None,66,1,5,False,1000,1000
23379,109,degCent,10,0.7146695859872612,0,20,None,66,1,5,False,1000,1000
23380,105,degCent,10,0.7294984076433121,0,28,None,66,1,5,False,1000,1000
23381,106,degCent,10,0.7295979299363057,0,28,None,66,1,5,False,1000,1000
23382,107,degCent,10,0.730593152866242,0,28,None,66,1,5,False,1000,1000
23383,108,degCent,10,0.7315883757961783,0,28,None,66,1,5,False,1000,1000
23384,109,degCent,10,0.7330812101910829,0,28,None,66,1,5,False,1000,1000
23385,105,degCent,10,0.7270103503184714,0,14,None,66,1,5,False,1000,1000
23386,106,degCent,10,0.7273089171974523,0,14,None,66,1,5,False,1000,1000
23387,107,degCent,10,0.727906050955414,0,14,None,66,1,5,False,1000,1000
23388,108,degCent,10,0.7306926751592356,0,14,None,66,1,5,False,1000,1000
23389,109,degCent,10,0.7323845541401274,0,14,None,66,1,5,False,1000,1000
23390,105,degCent,10,0.7291998407643312,0,6,None,66,1,5,False,1000,1000
23391,106,degCent,10,0.7315883757961783,0,6,None,66,1,5,False,1000,1000
23392,107,degCent,10,0.7323845541401274,0,6,None,66,1,5,False,1000,1000
23393,108,degCent,10,0.7335788216560509,0,6,None,66,1,5,False,1000,1000
23394,109,degCent,10,0.7341759554140127,0,6,None,66,1,5,False,1000,1000
23395,105,degCent,10,0.7144705414012739,0,22,None,66,1,5,False,1000,1000
23396,106,degCent,10,0.7186504777070064,0,22,None,66,1,5,False,1000,1000
23397,107,degCent,10,0.721437101910828,0,22,None,66,1,5,False,1000,1000
23398,108,degCent,10,0.7239251592356688,0,22,None,66,1,5,False,1000,1000
23399,109,degCent,10,0.7268113057324841,0,22,None,66,1,5,False,1000,1000
23400,105,degCent,10,0.6990445859872612,0,9,None,66,1,5,False,1000,1000
23401,106,degCent,10,0.7025278662420382,0,9,None,66,1,5,False,1000,1000
23402,107,degCent,10,0.7070063694267515,0,9,None,66,1,5,False,1000,1000
23403,108,degCent,10,0.7093949044585988,0,9,None,66,1,5,False,1000,1000
23404,109,degCent,10,0.7127786624203821,0,9,None,66,1,5,False,1000,1000
23405,105,degCent,10,0.7230294585987261,0,29,None,66,1,5,False,1000,1000
23406,106,degCent,10,0.7235270700636943,0,29,None,66,1,5,False,1000,1000
23407,107,degCent,10,0.7226313694267515,0,29,None,66,1,5,False,1000,1000
23408,108,degCent,10,0.725218949044586,0,29,None,66,1,5,False,1000,1000
23409,109,degCent,10,0.7263136942675159,0,29,None,66,1,5,False,1000,1000
23410,105,degCent,10,0.7331807324840764,0,0,None,66,1,5,False,1000,1000
23411,106,degCent,10,0.7339769108280255,0,0,None,66,1,5,False,1000,1000
23412,107,degCent,10,0.7353702229299363,0,0,None,66,1,5,False,1000,1000
23413,108,degCent,10,0.737062101910828,0,0,None,66,1,5,False,1000,1000
23414,109,degCent,10,0.7373606687898089,0,0,None,66,1,5,False,1000,1000
23415,105,degCent,10,0.7253184713375797,0,7,None,66,1,5,False,1000,1000
23416,106,degCent,10,0.7275079617834395,0,7,None,66,1,5,False,1000,1000
23417,107,degCent,10,0.7292993630573248,0,7,None,66,1,5,False,1000,1000
23418,108,degCent,10,0.7309912420382165,0,7,None,66,1,5,False,1000,1000
23419,109,degCent,10,0.7329816878980892,0,7,None,66,1,5,False,1000,1000
23420,105,degCent,10,0.7236265923566879,0,4,None,66,1,5,False,1000,1000
23421,106,degCent,10,0.7240246815286624,0,4,None,66,1,5,False,1000,1000
23422,107,degCent,10,0.725218949044586,0,4,None,66,1,5,False,1000,1000
23423,108,degCent,10,0.7264132165605095,0,4,None,66,1,5,False,1000,1000
23424,109,degCent,10,0.727906050955414,0,4,None,66,1,5,False,1000,1000
23425,105,degCent,10,0.7129777070063694,0,32,None,66,1,5,False,1000,1000
23426,106,degCent,10,0.7156648089171974,0,32,None,66,1,5,False,1000,1000
23427,107,degCent,10,0.7174562101910829,0,32,None,66,1,5,False,1000,1000
23428,108,degCent,10,0.7196457006369427,0,32,None,66,1,5,False,1000,1000
23429,109,degCent,10,0.7217356687898089,0,32,None,66,1,5,False,1000,1000
23430,110,degCent,10,0.7464171974522293,0,25,None,66,1,5,False,1000,1000
23431,111,degCent,10,0.7487062101910829,0,25,None,66,1,5,False,1000,1000
23432,112,degCent,10,0.7512937898089171,0,25,None,66,1,5,False,1000,1000
23433,113,degCent,10,0.7507961783439491,0,25,None,66,1,5,False,1000,1000
23434,114,degCent,10,0.752687101910828,0,25,None,66,1,5,False,1000,1000
23435,110,degCent,10,0.6867038216560509,0,26,None,66,1,5,False,1000,1000
23436,111,degCent,10,0.6882961783439491,0,26,None,66,1,5,False,1000,1000
23437,112,degCent,10,0.6887937898089171,0,26,None,66,1,5,False,1000,1000
23438,113,degCent,10,0.6894904458598726,0,26,None,66,1,5,False,1000,1000
23439,114,degCent,10,0.6907842356687898,0,26,None,66,1,5,False,1000,1000
23440,110,degCent,10,0.7350716560509554,0,17,None,66,1,5,False,1000,1000
23441,111,degCent,10,0.7367635350318471,0,17,None,66,1,5,False,1000,1000
23442,112,degCent,10,0.7377587579617835,0,17,None,66,1,5,False,1000,1000
23443,113,degCent,10,0.7380573248407644,0,17,None,66,1,5,False,1000,1000
23444,114,degCent,10,0.7399482484076433,0,17,None,66,1,5,False,1000,1000
23445,110,degCent,10,0.7034235668789809,0,12,None,66,1,5,False,1000,1000
23446,111,degCent,10,0.7054140127388535,0,12,None,66,1,5,False,1000,1000
23447,112,degCent,10,0.7078025477707006,0,12,None,66,1,5,False,1000,1000
23448,113,degCent,10,0.7096934713375797,0,12,None,66,1,5,False,1000,1000
23449,114,degCent,10,0.711484872611465,0,12,None,66,1,5,False,1000,1000
23450,110,degCent,10,0.7338773885350318,0,7,None,66,1,5,False,1000,1000
23451,111,degCent,10,0.7353702229299363,0,7,None,66,1,5,False,1000,1000
23452,112,degCent,10,0.7363654458598726,0,7,None,66,1,5,False,1000,1000
23453,113,degCent,10,0.7375597133757962,0,7,None,66,1,5,False,1000,1000
23454,114,degCent,10,0.740047770700637,0,7,None,66,1,5,False,1000,1000
23455,110,degCent,10,0.5498606687898089,0,1,None,66,1,5,False,1000,1000
23456,111,degCent,10,0.6024084394904459,0,1,None,66,1,5,False,1000,1000
23457,112,degCent,10,0.6280851910828026,0,1,None,66,1,5,False,1000,1000
23458,113,degCent,10,0.6420183121019108,0,1,None,66,1,5,False,1000,1000
23459,114,degCent,10,0.651671974522293,0,1,None,66,1,5,False,1000,1000
23460,110,degCent,10,0.7392515923566879,0,2,None,66,1,5,False,1000,1000
23461,111,degCent,10,0.740843949044586,0,2,None,66,1,5,False,1000,1000
23462,112,degCent,10,0.7433320063694268,0,2,None,66,1,5,False,1000,1000
23463,113,degCent,10,0.7447253184713376,0,2,None,66,1,5,False,1000,1000
23464,114,degCent,10,0.7453224522292994,0,2,None,66,1,5,False,1000,1000
23465,110,degCent,10,0.7384554140127388,0,5,None,66,1,5,False,1000,1000
23466,111,degCent,10,0.7399482484076433,0,5,None,66,1,5,False,1000,1000
23467,112,degCent,10,0.7421377388535032,0,5,None,66,1,5,False,1000,1000
23468,113,degCent,10,0.7438296178343949,0,5,None,66,1,5,False,1000,1000
23469,114,degCent,10,0.7451234076433121,0,5,None,66,1,5,False,1000,1000
23470,110,degCent,10,0.7059116242038217,0,9,None,66,1,5,False,1000,1000
23471,111,degCent,10,0.7104896496815286,0,9,None,66,1,5,False,1000,1000
23472,112,degCent,10,0.7144705414012739,0,9,None,66,1,5,False,1000,1000
23473,113,degCent,10,0.7170581210191083,0,9,None,66,1,5,False,1000,1000
23474,114,degCent,10,0.7201433121019108,0,9,None,66,1,5,False,1000,1000
23475,110,degCent,10,0.706906847133758,0,13,None,66,1,5,False,1000,1000
23476,111,degCent,10,0.7076035031847133,0,13,None,66,1,5,False,1000,1000
23477,112,degCent,10,0.7098925159235668,0,13,None,66,1,5,False,1000,1000
23478,113,degCent,10,0.711484872611465,0,13,None,66,1,5,False,1000,1000
23479,114,degCent,10,0.7137738853503185,0,13,None,66,1,5,False,1000,1000
23480,110,degCent,10,0.7357683121019108,0,28,None,66,1,5,False,1000,1000
23481,111,degCent,10,0.7361664012738853,0,28,None,66,1,5,False,1000,1000
23482,112,degCent,10,0.7374601910828026,0,28,None,66,1,5,False,1000,1000
23483,113,degCent,10,0.7374601910828026,0,28,None,66,1,5,False,1000,1000
23484,114,degCent,10,0.7384554140127388,0,28,None,66,1,5,False,1000,1000
23485,110,degCent,10,0.7295979299363057,0,29,None,66,1,5,False,1000,1000
23486,111,degCent,10,0.7302945859872612,0,29,None,66,1,5,False,1000,1000
23487,112,degCent,10,0.7317874203821656,0,29,None,66,1,5,False,1000,1000
23488,113,degCent,10,0.7314888535031847,0,29,None,66,1,5,False,1000,1000
23489,114,degCent,10,0.7317874203821656,0,29,None,66,1,5,False,1000,1000
23490,110,degCent,10,0.7194466560509554,0,32,None,66,1,5,False,1000,1000
23491,111,degCent,10,0.7218351910828026,0,32,None,66,1,5,False,1000,1000
23492,112,degCent,10,0.7249203821656051,0,32,None,66,1,5,False,1000,1000
23493,113,degCent,10,0.7268113057324841,0,32,None,66,1,5,False,1000,1000
23494,114,degCent,10,0.7286027070063694,0,32,None,66,1,5,False,1000,1000
23495,110,degCent,10,0.736265923566879,0,6,None,66,1,5,False,1000,1000
23496,111,degCent,10,0.7375597133757962,0,6,None,66,1,5,False,1000,1000
23497,112,degCent,10,0.7392515923566879,0,6,None,66,1,5,False,1000,1000
23498,113,degCent,10,0.7396496815286624,0,6,None,66,1,5,False,1000,1000
23499,114,degCent,10,0.7412420382165605,0,6,None,66,1,5,False,1000,1000
23500,110,degCent,10,0.7326831210191083,0,16,None,66,1,5,False,1000,1000
23501,111,degCent,10,0.7349721337579618,0,16,None,66,1,5,False,1000,1000
23502,112,degCent,10,0.7373606687898089,0,16,None,66,1,5,False,1000,1000
23503,113,degCent,10,0.7392515923566879,0,16,None,66,1,5,False,1000,1000
23504,114,degCent,10,0.7406449044585988,0,16,None,66,1,5,False,1000,1000
23505,110,degCent,10,0.7261146496815286,0,8,None,66,1,5,False,1000,1000
23506,111,degCent,10,0.7283041401273885,0,8,None,66,1,5,False,1000,1000
23507,112,degCent,10,0.7309912420382165,0,8,None,66,1,5,False,1000,1000
23508,113,degCent,10,0.734375,0,8,None,66,1,5,False,1000,1000
23509,114,degCent,10,0.7374601910828026,0,8,None,66,1,5,False,1000,1000
23510,110,degCent,10,0.7459195859872612,0,18,None,66,1,5,False,1000,1000
23511,111,degCent,10,0.7470143312101911,0,18,None,66,1,5,False,1000,1000
23512,112,degCent,10,0.7485071656050956,0,18,None,66,1,5,False,1000,1000
23513,113,degCent,10,0.7492038216560509,0,18,None,66,1,5,False,1000,1000
23514,114,degCent,10,0.7502985668789809,0,18,None,66,1,5,False,1000,1000
23515,110,degCent,10,0.7224323248407644,0,10,None,66,1,5,False,1000,1000
23516,111,degCent,10,0.7248208598726115,0,10,None,66,1,5,False,1000,1000
23517,112,degCent,10,0.726015127388535,0,10,None,66,1,5,False,1000,1000
23518,113,degCent,10,0.7277070063694268,0,10,None,66,1,5,False,1000,1000
23519,114,degCent,10,0.7301950636942676,0,10,None,66,1,5,False,1000,1000
23520,110,degCent,10,0.7208399681528662,0,11,None,66,1,5,False,1000,1000
23521,111,degCent,10,0.7222332802547771,0,11,None,66,1,5,False,1000,1000
23522,112,degCent,10,0.7251194267515924,0,11,None,66,1,5,False,1000,1000
23523,113,degCent,10,0.7282046178343949,0,11,None,66,1,5,False,1000,1000
23524,114,degCent,10,0.7304936305732485,0,11,None,66,1,5,False,1000,1000
23525,110,degCent,10,0.7336783439490446,0,15,None,66,1,5,False,1000,1000
23526,111,degCent,10,0.7349721337579618,0,15,None,66,1,5,False,1000,1000
23527,112,degCent,10,0.7358678343949044,0,15,None,66,1,5,False,1000,1000
23528,113,degCent,10,0.7365644904458599,0,15,None,66,1,5,False,1000,1000
23529,114,degCent,10,0.7371616242038217,0,15,None,66,1,5,False,1000,1000
23530,110,degCent,10,0.7170581210191083,0,20,None,66,1,5,False,1000,1000
23531,111,degCent,10,0.7182523885350318,0,20,None,66,1,5,False,1000,1000
23532,112,degCent,10,0.7195461783439491,0,20,None,66,1,5,False,1000,1000
23533,113,degCent,10,0.7216361464968153,0,20,None,66,1,5,False,1000,1000
23534,114,degCent,10,0.7232285031847133,0,20,None,66,1,5,False,1000,1000
23535,110,degCent,10,0.7464171974522293,0,3,None,66,1,5,False,1000,1000
23536,111,degCent,10,0.7475119426751592,0,3,None,66,1,5,False,1000,1000
23537,112,degCent,10,0.7488057324840764,0,3,None,66,1,5,False,1000,1000
23538,113,degCent,10,0.7500995222929936,0,3,None,66,1,5,False,1000,1000
23539,114,degCent,10,0.7517914012738853,0,3,None,66,1,5,False,1000,1000
23540,110,degCent,10,0.7250199044585988,0,22,None,66,1,5,False,1000,1000
23541,111,degCent,10,0.7277070063694268,0,22,None,66,1,5,False,1000,1000
23542,112,degCent,10,0.7293988853503185,0,22,None,66,1,5,False,1000,1000
23543,113,degCent,10,0.7318869426751592,0,22,None,66,1,5,False,1000,1000
23544,114,degCent,10,0.7341759554140127,0,22,None,66,1,5,False,1000,1000
23545,110,degCent,10,0.737062101910828,0,14,None,66,1,5,False,1000,1000
23546,111,degCent,10,0.7378582802547771,0,14,None,66,1,5,False,1000,1000
23547,112,degCent,10,0.7393511146496815,0,14,None,66,1,5,False,1000,1000
23548,113,degCent,10,0.7404458598726115,0,14,None,66,1,5,False,1000,1000
23549,114,degCent,10,0.7401472929936306,0,14,None,66,1,5,False,1000,1000
23550,110,degCent,10,0.7270103503184714,0,23,None,66,1,5,False,1000,1000
23551,111,degCent,10,0.7285031847133758,0,23,None,66,1,5,False,1000,1000
23552,112,degCent,10,0.7285031847133758,0,23,None,66,1,5,False,1000,1000
23553,113,degCent,10,0.7298964968152867,0,23,None,66,1,5,False,1000,1000
23554,114,degCent,10,0.7314888535031847,0,23,None,66,1,5,False,1000,1000
23555,110,degCent,10,0.7298964968152867,0,4,None,66,1,5,False,1000,1000
23556,111,degCent,10,0.7309912420382165,0,4,None,66,1,5,False,1000,1000
23557,112,degCent,10,0.7310907643312102,0,4,None,66,1,5,False,1000,1000
23558,113,degCent,10,0.7311902866242038,0,4,None,66,1,5,False,1000,1000
23559,114,degCent,10,0.7323845541401274,0,4,None,66,1,5,False,1000,1000
23560,110,degCent,10,0.6734673566878981,0,19,None,66,1,5,False,1000,1000
23561,111,degCent,10,0.6771496815286624,0,19,None,66,1,5,False,1000,1000
23562,112,degCent,10,0.6815286624203821,0,19,None,66,1,5,False,1000,1000
23563,113,degCent,10,0.6845143312101911,0,19,None,66,1,5,False,1000,1000
23564,114,degCent,10,0.6874004777070064,0,19,None,66,1,5,False,1000,1000
23565,110,degCent,10,0.7215366242038217,0,21,None,66,1,5,False,1000,1000
23566,111,degCent,10,0.7230294585987261,0,21,None,66,1,5,False,1000,1000
23567,112,degCent,10,0.7247213375796179,0,21,None,66,1,5,False,1000,1000
23568,113,degCent,10,0.7265127388535032,0,21,None,66,1,5,False,1000,1000
23569,114,degCent,10,0.7291003184713376,0,21,None,66,1,5,False,1000,1000
23570,110,degCent,10,0.6786425159235668,0,24,None,66,1,5,False,1000,1000
23571,111,degCent,10,0.6909832802547771,0,24,None,66,1,5,False,1000,1000
23572,112,degCent,10,0.6980493630573248,0,24,None,66,1,5,False,1000,1000
23573,113,degCent,10,0.7010350318471338,0,24,None,66,1,5,False,1000,1000
23574,114,degCent,10,0.705015923566879,0,24,None,66,1,5,False,1000,1000
23575,110,degCent,10,0.7393511146496815,0,0,None,66,1,5,False,1000,1000
23576,111,degCent,10,0.7403463375796179,0,0,None,66,1,5,False,1000,1000
23577,112,degCent,10,0.7413415605095541,0,0,None,66,1,5,False,1000,1000
23578,113,degCent,10,0.7410429936305732,0,0,None,66,1,5,False,1000,1000
23579,114,degCent,10,0.7412420382165605,0,0,None,66,1,5,False,1000,1000
23580,110,degCent,10,0.7358678343949044,0,27,None,66,1,5,False,1000,1000
23581,111,degCent,10,0.7386544585987261,0,27,None,66,1,5,False,1000,1000
23582,112,degCent,10,0.7405453821656051,0,27,None,66,1,5,False,1000,1000
23583,113,degCent,10,0.7403463375796179,0,27,None,66,1,5,False,1000,1000
23584,114,degCent,10,0.742734872611465,0,27,None,66,1,5,False,1000,1000
23585,110,degCent,10,0.6780453821656051,0,30,None,66,1,5,False,1000,1000
23586,111,degCent,10,0.680234872611465,0,30,None,66,1,5,False,1000,1000
23587,112,degCent,10,0.682921974522293,0,30,None,66,1,5,False,1000,1000
23588,113,degCent,10,0.6855095541401274,0,30,None,66,1,5,False,1000,1000
23589,114,degCent,10,0.6887937898089171,0,30,None,66,1,5,False,1000,1000
23590,110,degCent,10,0.548765923566879,0,31,None,66,1,5,False,1000,1000
23591,111,degCent,10,0.5807125796178344,0,31,None,66,1,5,False,1000,1000
23592,112,degCent,10,0.6085788216560509,0,31,None,66,1,5,False,1000,1000
23593,113,degCent,10,0.6321656050955414,0,31,None,66,1,5,False,1000,1000
23594,114,degCent,10,0.6507762738853503,0,31,None,66,1,5,False,1000,1000
27390,115,degCent,10,0.5538415605095541,0,1,None,66,1,5,False,1000,1000
27391,116,degCent,10,0.6155453821656051,0,1,None,66,1,5,False,1000,1000
27392,117,degCent,10,0.6391321656050956,0,1,None,66,1,5,False,1000,1000
27393,118,degCent,10,0.652468152866242,0,1,None,66,1,5,False,1000,1000
27394,119,degCent,10,0.6609275477707006,0,1,None,66,1,5,False,1000,1000
27395,115,degCent,10,0.7478105095541401,0,2,None,66,1,5,False,1000,1000
27396,116,degCent,10,0.7485071656050956,0,2,None,66,1,5,False,1000,1000
27397,117,degCent,10,0.7491042993630573,0,2,None,66,1,5,False,1000,1000
27398,118,degCent,10,0.7498009554140127,0,2,None,66,1,5,False,1000,1000
27399,119,degCent,10,0.7506966560509554,0,2,None,66,1,5,False,1000,1000
27400,115,degCent,10,0.7437300955414012,0,5,None,66,1,5,False,1000,1000
27401,116,degCent,10,0.7460191082802548,0,5,None,66,1,5,False,1000,1000
27402,117,degCent,10,0.7480095541401274,0,5,None,66,1,5,False,1000,1000
27403,118,degCent,10,0.7494028662420382,0,5,None,66,1,5,False,1000,1000
27404,119,degCent,10,0.75,0,5,None,66,1,5,False,1000,1000
27405,115,degCent,10,0.7121815286624203,0,13,None,66,1,5,False,1000,1000
27406,116,degCent,10,0.7146695859872612,0,13,None,66,1,5,False,1000,1000
27407,117,degCent,10,0.7158638535031847,0,13,None,66,1,5,False,1000,1000
27408,118,degCent,10,0.7163614649681529,0,13,None,66,1,5,False,1000,1000
27409,119,degCent,10,0.7191480891719745,0,13,None,66,1,5,False,1000,1000
27410,115,degCent,10,0.7384554140127388,0,16,None,66,1,5,False,1000,1000
27411,116,degCent,10,0.7403463375796179,0,16,None,66,1,5,False,1000,1000
27412,117,degCent,10,0.7415406050955414,0,16,None,66,1,5,False,1000,1000
27413,118,degCent,10,0.7437300955414012,0,16,None,66,1,5,False,1000,1000
27414,119,degCent,10,0.7448248407643312,0,16,None,66,1,5,False,1000,1000
27415,115,degCent,10,0.7284036624203821,0,20,None,66,1,5,False,1000,1000
27416,116,degCent,10,0.7300955414012739,0,20,None,66,1,5,False,1000,1000
27417,117,degCent,10,0.7312898089171974,0,20,None,66,1,5,False,1000,1000
27418,118,degCent,10,0.7337778662420382,0,20,None,66,1,5,False,1000,1000
27419,119,degCent,10,0.7350716560509554,0,20,None,66,1,5,False,1000,1000
27420,115,degCent,10,0.7323845541401274,0,22,None,66,1,5,False,1000,1000
27421,116,degCent,10,0.7352707006369427,0,22,None,66,1,5,False,1000,1000
27422,117,degCent,10,0.7380573248407644,0,22,None,66,1,5,False,1000,1000
27423,118,degCent,10,0.7399482484076433,0,22,None,66,1,5,False,1000,1000
27424,119,degCent,10,0.741640127388535,0,22,None,66,1,5,False,1000,1000
27425,115,degCent,10,0.7414410828025477,0,14,None,66,1,5,False,1000,1000
27426,116,degCent,10,0.7418391719745223,0,14,None,66,1,5,False,1000,1000
27427,117,degCent,10,0.7433320063694268,0,14,None,66,1,5,False,1000,1000
27428,118,degCent,10,0.7456210191082803,0,14,None,66,1,5,False,1000,1000
27429,119,degCent,10,0.7466162420382165,0,14,None,66,1,5,False,1000,1000
27430,115,degCent,10,0.7311902866242038,0,23,None,66,1,5,False,1000,1000
27431,116,degCent,10,0.7337778662420382,0,23,None,66,1,5,False,1000,1000
27432,117,degCent,10,0.7345740445859873,0,23,None,66,1,5,False,1000,1000
27433,118,degCent,10,0.7364649681528662,0,23,None,66,1,5,False,1000,1000
27434,119,degCent,10,0.7368630573248408,0,23,None,66,1,5,False,1000,1000
27435,115,degCent,10,0.7432324840764332,0,17,None,66,1,5,False,1000,1000
27436,116,degCent,10,0.7438296178343949,0,17,None,66,1,5,False,1000,1000
27437,117,degCent,10,0.7446257961783439,0,17,None,66,1,5,False,1000,1000
27438,118,degCent,10,0.7463176751592356,0,17,None,66,1,5,False,1000,1000
27439,119,degCent,10,0.747312898089172,0,17,None,66,1,5,False,1000,1000
27440,115,degCent,10,0.7525875796178344,0,25,None,66,1,5,False,1000,1000
27441,116,degCent,10,0.7533837579617835,0,25,None,66,1,5,False,1000,1000
27442,117,degCent,10,0.7540804140127388,0,25,None,66,1,5,False,1000,1000
27443,118,degCent,10,0.7558718152866242,0,25,None,66,1,5,False,1000,1000
27444,119,degCent,10,0.7570660828025477,0,25,None,66,1,5,False,1000,1000
27445,115,degCent,10,0.6910828025477707,0,26,None,66,1,5,False,1000,1000
27446,116,degCent,10,0.6933718152866242,0,26,None,66,1,5,False,1000,1000
27447,117,degCent,10,0.6943670382165605,0,26,None,66,1,5,False,1000,1000
27448,118,degCent,10,0.694765127388535,0,26,None,66,1,5,False,1000,1000
27449,119,degCent,10,0.6963574840764332,0,26,None,66,1,5,False,1000,1000
27450,115,degCent,10,0.7096934713375797,0,12,None,66,1,5,False,1000,1000
27451,116,degCent,10,0.7125796178343949,0,12,None,66,1,5,False,1000,1000
27452,117,degCent,10,0.7147691082802548,0,12,None,66,1,5,False,1000,1000
27453,118,degCent,10,0.7163614649681529,0,12,None,66,1,5,False,1000,1000
27454,119,degCent,10,0.7182523885350318,0,12,None,66,1,5,False,1000,1000
27455,115,degCent,10,0.6723726114649682,0,24,None,66,1,5,False,1000,1000
27456,116,degCent,10,0.6852109872611465,0,24,None,66,1,5,False,1000,1000
27457,117,degCent,10,0.6964570063694268,0,24,None,66,1,5,False,1000,1000
27458,118,degCent,10,0.6999402866242038,0,24,None,66,1,5,False,1000,1000
27459,119,degCent,10,0.7065087579617835,0,24,None,66,1,5,False,1000,1000
27460,115,degCent,10,0.7359673566878981,0,29,None,66,1,5,False,1000,1000
27461,116,degCent,10,0.737062101910828,0,29,None,66,1,5,False,1000,1000
27462,117,degCent,10,0.7378582802547771,0,29,None,66,1,5,False,1000,1000
27463,118,degCent,10,0.738156847133758,0,29,None,66,1,5,False,1000,1000
27464,119,degCent,10,0.7391520700636943,0,29,None,66,1,5,False,1000,1000
27465,115,degCent,10,0.7129777070063694,0,9,None,66,1,5,False,1000,1000
27466,116,degCent,10,0.7170581210191083,0,9,None,66,1,5,False,1000,1000
27467,117,degCent,10,0.71984474522293,0,9,None,66,1,5,False,1000,1000
27468,118,degCent,10,0.7226313694267515,0,9,None,66,1,5,False,1000,1000
27469,119,degCent,10,0.7265127388535032,0,9,None,66,1,5,False,1000,1000
27470,115,degCent,10,0.6859076433121019,0,30,None,66,1,5,False,1000,1000
27471,116,degCent,10,0.6895899681528662,0,30,None,66,1,5,False,1000,1000
27472,117,degCent,10,0.6916799363057324,0,30,None,66,1,5,False,1000,1000
27473,118,degCent,10,0.693968949044586,0,30,None,66,1,5,False,1000,1000
27474,119,degCent,10,0.6976512738853503,0,30,None,66,1,5,False,1000,1000
27475,115,degCent,10,0.743531050955414,0,6,None,66,1,5,False,1000,1000
27476,116,degCent,10,0.7445262738853503,0,6,None,66,1,5,False,1000,1000
27477,117,degCent,10,0.745421974522293,0,6,None,66,1,5,False,1000,1000
27478,118,degCent,10,0.7474124203821656,0,6,None,66,1,5,False,1000,1000
27479,119,degCent,10,0.7482085987261147,0,6,None,66,1,5,False,1000,1000
27480,115,degCent,10,0.5497611464968153,0,31,None,66,1,5,False,1000,1000
27481,116,degCent,10,0.5862858280254777,0,31,None,66,1,5,False,1000,1000
27482,117,degCent,10,0.6198248407643312,0,31,None,66,1,5,False,1000,1000
27483,118,degCent,10,0.6436106687898089,0,31,None,66,1,5,False,1000,1000
27484,119,degCent,10,0.6633160828025477,0,31,None,66,1,5,False,1000,1000
27485,115,degCent,10,0.7418391719745223,0,27,None,66,1,5,False,1000,1000
27486,116,degCent,10,0.7431329617834395,0,27,None,66,1,5,False,1000,1000
27487,117,degCent,10,0.745421974522293,0,27,None,66,1,5,False,1000,1000
27488,118,degCent,10,0.746218152866242,0,27,None,66,1,5,False,1000,1000
27489,119,degCent,10,0.7466162420382165,0,27,None,66,1,5,False,1000,1000
27490,115,degCent,10,0.7262141719745223,0,32,None,66,1,5,False,1000,1000
27491,116,degCent,10,0.7275079617834395,0,32,None,66,1,5,False,1000,1000
27492,117,degCent,10,0.7292993630573248,0,32,None,66,1,5,False,1000,1000
27493,118,degCent,10,0.7314888535031847,0,32,None,66,1,5,False,1000,1000
27494,119,degCent,10,0.7322850318471338,0,32,None,66,1,5,False,1000,1000
27495,115,degCent,10,0.7404458598726115,0,7,None,66,1,5,False,1000,1000
27496,116,degCent,10,0.7422372611464968,0,7,None,66,1,5,False,1000,1000
27497,117,degCent,10,0.7441281847133758,0,7,None,66,1,5,False,1000,1000
27498,118,degCent,10,0.7458200636942676,0,7,None,66,1,5,False,1000,1000
27499,119,degCent,10,0.7471138535031847,0,7,None,66,1,5,False,1000,1000
27500,115,degCent,10,0.7299960191082803,0,10,None,66,1,5,False,1000,1000
27501,116,degCent,10,0.7315883757961783,0,10,None,66,1,5,False,1000,1000
27502,117,degCent,10,0.7329816878980892,0,10,None,66,1,5,False,1000,1000
27503,118,degCent,10,0.734375,0,10,None,66,1,5,False,1000,1000
27504,119,degCent,10,0.7355692675159236,0,10,None,66,1,5,False,1000,1000
27505,115,degCent,10,0.7348726114649682,0,4,None,66,1,5,False,1000,1000
27506,116,degCent,10,0.7333797770700637,0,4,None,66,1,5,False,1000,1000
27507,117,degCent,10,0.7336783439490446,0,4,None,66,1,5,False,1000,1000
27508,118,degCent,10,0.7347730891719745,0,4,None,66,1,5,False,1000,1000
27509,119,degCent,10,0.7344745222929936,0,4,None,66,1,5,False,1000,1000
27510,115,degCent,10,0.7313893312101911,0,11,None,66,1,5,False,1000,1000
27511,116,degCent,10,0.7328821656050956,0,11,None,66,1,5,False,1000,1000
27512,117,degCent,10,0.7349721337579618,0,11,None,66,1,5,False,1000,1000
27513,118,degCent,10,0.7361664012738853,0,11,None,66,1,5,False,1000,1000
27514,119,degCent,10,0.7383558917197452,0,11,None,66,1,5,False,1000,1000
27515,115,degCent,10,0.7406449044585988,0,15,None,66,1,5,False,1000,1000
27516,116,degCent,10,0.7415406050955414,0,15,None,66,1,5,False,1000,1000
27517,117,degCent,10,0.7425358280254777,0,15,None,66,1,5,False,1000,1000
27518,118,degCent,10,0.7439291401273885,0,15,None,66,1,5,False,1000,1000
27519,119,degCent,10,0.7447253184713376,0,15,None,66,1,5,False,1000,1000
27520,115,degCent,10,0.7340764331210191,0,8,None,66,1,5,False,1000,1000
27521,116,degCent,10,0.7364649681528662,0,8,None,66,1,5,False,1000,1000
27522,117,degCent,10,0.7393511146496815,0,8,None,66,1,5,False,1000,1000
27523,118,degCent,10,0.7406449044585988,0,8,None,66,1,5,False,1000,1000
27524,119,degCent,10,0.7423367834394905,0,8,None,66,1,5,False,1000,1000
27525,115,degCent,10,0.7532842356687898,0,18,None,66,1,5,False,1000,1000
27526,116,degCent,10,0.7554737261146497,0,18,None,66,1,5,False,1000,1000
27527,117,degCent,10,0.7560708598726115,0,18,None,66,1,5,False,1000,1000
27528,118,degCent,10,0.7562699044585988,0,18,None,66,1,5,False,1000,1000
27529,119,degCent,10,0.7560708598726115,0,18,None,66,1,5,False,1000,1000
27530,115,degCent,10,0.6859076433121019,0,19,None,66,1,5,False,1000,1000
27531,116,degCent,10,0.6896894904458599,0,19,None,66,1,5,False,1000,1000
27532,117,degCent,10,0.6924761146496815,0,19,None,66,1,5,False,1000,1000
27533,118,degCent,10,0.6957603503184714,0,19,None,66,1,5,False,1000,1000
27534,119,degCent,10,0.6998407643312102,0,19,None,66,1,5,False,1000,1000
27535,115,degCent,10,0.7308917197452229,0,21,None,66,1,5,False,1000,1000
27536,116,degCent,10,0.732484076433121,0,21,None,66,1,5,False,1000,1000
27537,117,degCent,10,0.7345740445859873,0,21,None,66,1,5,False,1000,1000
27538,118,degCent,10,0.7365644904458599,0,21,None,66,1,5,False,1000,1000
27539,119,degCent,10,0.7375597133757962,0,21,None,66,1,5,False,1000,1000
27540,115,degCent,10,0.7448248407643312,0,0,None,66,1,5,False,1000,1000
27541,116,degCent,10,0.7453224522292994,0,0,None,66,1,5,False,1000,1000
27542,117,degCent,10,0.7449243630573248,0,0,None,66,1,5,False,1000,1000
27543,118,degCent,10,0.7458200636942676,0,0,None,66,1,5,False,1000,1000
27544,119,degCent,10,0.7463176751592356,0,0,None,66,1,5,False,1000,1000
27545,115,degCent,10,0.7523885350318471,0,3,None,66,1,5,False,1000,1000
27546,116,degCent,10,0.7532842356687898,0,3,None,66,1,5,False,1000,1000
27547,117,degCent,10,0.753781847133758,0,3,None,66,1,5,False,1000,1000
27548,118,degCent,10,0.753781847133758,0,3,None,66,1,5,False,1000,1000
27549,119,degCent,10,0.7544785031847133,0,3,None,66,1,5,False,1000,1000
27550,115,degCent,10,0.7442277070063694,0,28,None,66,1,5,False,1000,1000
27551,116,degCent,10,0.7441281847133758,0,28,None,66,1,5,False,1000,1000
27552,117,degCent,10,0.7442277070063694,0,28,None,66,1,5,False,1000,1000
27553,118,degCent,10,0.7457205414012739,0,28,None,66,1,5,False,1000,1000
27554,119,degCent,10,0.7466162420382165,0,28,None,66,1,5,False,1000,1000
27555,120,degCent,10,0.7388535031847133,0,22,None,66,1,5,False,1000,1000
27556,121,degCent,10,0.7417396496815286,0,22,None,66,1,5,False,1000,1000
27557,122,degCent,10,0.7446257961783439,0,22,None,66,1,5,False,1000,1000
27558,123,degCent,10,0.7468152866242038,0,22,None,66,1,5,False,1000,1000
27559,124,degCent,10,0.7478105095541401,0,22,None,66,1,5,False,1000,1000
27560,120,degCent,10,0.7508957006369427,0,14,None,66,1,5,False,1000,1000
27561,121,degCent,10,0.7514928343949044,0,14,None,66,1,5,False,1000,1000
27562,122,degCent,10,0.7514928343949044,0,14,None,66,1,5,False,1000,1000
27563,123,degCent,10,0.7529856687898089,0,14,None,66,1,5,False,1000,1000
27564,124,degCent,10,0.7539808917197452,0,14,None,66,1,5,False,1000,1000
27565,120,degCent,10,0.6954617834394905,0,30,None,66,1,5,False,1000,1000
27566,121,degCent,10,0.6984474522292994,0,30,None,66,1,5,False,1000,1000
27567,122,degCent,10,0.7014331210191083,0,30,None,66,1,5,False,1000,1000
27568,123,degCent,10,0.7035230891719745,0,30,None,66,1,5,False,1000,1000
27569,124,degCent,10,0.7054140127388535,0,30,None,66,1,5,False,1000,1000
27570,120,degCent,10,0.746218152866242,0,7,None,66,1,5,False,1000,1000
27571,121,degCent,10,0.7493033439490446,0,7,None,66,1,5,False,1000,1000
27572,122,degCent,10,0.7499004777070064,0,7,None,66,1,5,False,1000,1000
27573,123,degCent,10,0.7502985668789809,0,7,None,66,1,5,False,1000,1000
27574,124,degCent,10,0.7516918789808917,0,7,None,66,1,5,False,1000,1000
27575,120,degCent,10,0.7304936305732485,0,32,None,66,1,5,False,1000,1000
27576,121,degCent,10,0.7321855095541401,0,32,None,66,1,5,False,1000,1000
27577,122,degCent,10,0.7330812101910829,0,32,None,66,1,5,False,1000,1000
27578,123,degCent,10,0.7358678343949044,0,32,None,66,1,5,False,1000,1000
27579,124,degCent,10,0.7374601910828026,0,32,None,66,1,5,False,1000,1000
27580,120,degCent,10,0.5571257961783439,0,1,None,66,1,5,False,1000,1000
27581,121,degCent,10,0.6238057324840764,0,1,None,66,1,5,False,1000,1000
27582,122,degCent,10,0.6482882165605095,0,1,None,66,1,5,False,1000,1000
27583,123,degCent,10,0.6594347133757962,0,1,None,66,1,5,False,1000,1000
27584,124,degCent,10,0.6670979299363057,0,1,None,66,1,5,False,1000,1000
27585,120,degCent,10,0.7529856687898089,0,2,None,66,1,5,False,1000,1000
27586,121,degCent,10,0.7532842356687898,0,2,None,66,1,5,False,1000,1000
27587,122,degCent,10,0.7544785031847133,0,2,None,66,1,5,False,1000,1000
27588,123,degCent,10,0.7539808917197452,0,2,None,66,1,5,False,1000,1000
27589,124,degCent,10,0.7546775477707006,0,2,None,66,1,5,False,1000,1000
27590,120,degCent,10,0.7483081210191083,0,5,None,66,1,5,False,1000,1000
27591,121,degCent,10,0.7512937898089171,0,5,None,66,1,5,False,1000,1000
27592,122,degCent,10,0.751890923566879,0,5,None,66,1,5,False,1000,1000
27593,123,degCent,10,0.7532842356687898,0,5,None,66,1,5,False,1000,1000
27594,124,degCent,10,0.7538813694267515,0,5,None,66,1,5,False,1000,1000
27595,120,degCent,10,0.7375597133757962,0,21,None,66,1,5,False,1000,1000
27596,121,degCent,10,0.7403463375796179,0,21,None,66,1,5,False,1000,1000
27597,122,degCent,10,0.7421377388535032,0,21,None,66,1,5,False,1000,1000
27598,123,degCent,10,0.7437300955414012,0,21,None,66,1,5,False,1000,1000
27599,124,degCent,10,0.7447253184713376,0,21,None,66,1,5,False,1000,1000
27600,120,degCent,10,0.7359673566878981,0,23,None,66,1,5,False,1000,1000
27601,121,degCent,10,0.7371616242038217,0,23,None,66,1,5,False,1000,1000
27602,122,degCent,10,0.7385549363057324,0,23,None,66,1,5,False,1000,1000
27603,123,degCent,10,0.740047770700637,0,23,None,66,1,5,False,1000,1000
27604,124,degCent,10,0.7417396496815286,0,23,None,66,1,5,False,1000,1000
27605,120,degCent,10,0.74890525477707,0,27,None,66,1,5,False,1000,1000
27606,121,degCent,10,0.7507961783439491,0,27,None,66,1,5,False,1000,1000
27607,122,degCent,10,0.7517914012738853,0,27,None,66,1,5,False,1000,1000
27608,123,degCent,10,0.7519904458598726,0,27,None,66,1,5,False,1000,1000
27609,124,degCent,10,0.7529856687898089,0,27,None,66,1,5,False,1000,1000
27610,120,degCent,10,0.7500995222929936,0,28,None,66,1,5,False,1000,1000
27611,121,degCent,10,0.7516918789808917,0,28,None,66,1,5,False,1000,1000
27612,122,degCent,10,0.7520899681528662,0,28,None,66,1,5,False,1000,1000
27613,123,degCent,10,0.7538813694267515,0,28,None,66,1,5,False,1000,1000
27614,124,degCent,10,0.7551751592356688,0,28,None,66,1,5,False,1000,1000
27615,120,degCent,10,0.7185509554140127,0,13,None,66,1,5,False,1000,1000
27616,121,degCent,10,0.7195461783439491,0,13,None,66,1,5,False,1000,1000
27617,122,degCent,10,0.7204418789808917,0,13,None,66,1,5,False,1000,1000
27618,123,degCent,10,0.7222332802547771,0,13,None,66,1,5,False,1000,1000
27619,124,degCent,10,0.7240246815286624,0,13,None,66,1,5,False,1000,1000
27620,120,degCent,10,0.7542794585987261,0,25,None,66,1,5,False,1000,1000
27621,121,degCent,10,0.756468949044586,0,25,None,66,1,5,False,1000,1000
27622,122,degCent,10,0.7575636942675159,0,25,None,66,1,5,False,1000,1000
27623,123,degCent,10,0.7595541401273885,0,25,None,66,1,5,False,1000,1000
27624,124,degCent,10,0.7606488853503185,0,25,None,66,1,5,False,1000,1000
27625,120,degCent,10,0.7485071656050956,0,17,None,66,1,5,False,1000,1000
27626,121,degCent,10,0.7508957006369427,0,17,None,66,1,5,False,1000,1000
27627,122,degCent,10,0.7517914012738853,0,17,None,66,1,5,False,1000,1000
27628,123,degCent,10,0.7521894904458599,0,17,None,66,1,5,False,1000,1000
27629,124,degCent,10,0.7531847133757962,0,17,None,66,1,5,False,1000,1000
27630,120,degCent,10,0.7380573248407644,0,11,None,66,1,5,False,1000,1000
27631,121,degCent,10,0.7404458598726115,0,11,None,66,1,5,False,1000,1000
27632,122,degCent,10,0.7420382165605095,0,11,None,66,1,5,False,1000,1000
27633,123,degCent,10,0.7429339171974523,0,11,None,66,1,5,False,1000,1000
27634,124,degCent,10,0.743531050955414,0,11,None,66,1,5,False,1000,1000
27635,120,degCent,10,0.6703821656050956,0,24,None,66,1,5,False,1000,1000
27636,121,degCent,10,0.6779458598726115,0,24,None,66,1,5,False,1000,1000
27637,122,degCent,10,0.6968550955414012,0,24,None,66,1,5,False,1000,1000
27638,123,degCent,10,0.6989450636942676,0,24,None,66,1,5,False,1000,1000
27639,124,degCent,10,0.705812101910828,0,24,None,66,1,5,False,1000,1000
27640,120,degCent,10,0.738156847133758,0,20,None,66,1,5,False,1000,1000
27641,121,degCent,10,0.7396496815286624,0,20,None,66,1,5,False,1000,1000
27642,122,degCent,10,0.7410429936305732,0,20,None,66,1,5,False,1000,1000
27643,123,degCent,10,0.7422372611464968,0,20,None,66,1,5,False,1000,1000
27644,124,degCent,10,0.743531050955414,0,20,None,66,1,5,False,1000,1000
27645,120,degCent,10,0.5504578025477707,0,31,None,66,1,5,False,1000,1000
27646,121,degCent,10,0.5928542993630573,0,31,None,66,1,5,False,1000,1000
27647,122,degCent,10,0.6309713375796179,0,31,None,66,1,5,False,1000,1000
27648,123,degCent,10,0.6544585987261147,0,31,None,66,1,5,False,1000,1000
27649,124,degCent,10,0.6743630573248408,0,31,None,66,1,5,False,1000,1000
27650,120,degCent,10,0.7166600318471338,0,12,None,66,1,5,False,1000,1000
27651,121,degCent,10,0.7182523885350318,0,12,None,66,1,5,False,1000,1000
27652,122,degCent,10,0.7202428343949044,0,12,None,66,1,5,False,1000,1000
27653,123,degCent,10,0.7217356687898089,0,12,None,66,1,5,False,1000,1000
27654,124,degCent,10,0.722531847133758,0,12,None,66,1,5,False,1000,1000
27655,120,degCent,10,0.7493033439490446,0,6,None,66,1,5,False,1000,1000
27656,121,degCent,10,0.7503980891719745,0,6,None,66,1,5,False,1000,1000
27657,122,degCent,10,0.7511942675159236,0,6,None,66,1,5,False,1000,1000
27658,123,degCent,10,0.7523885350318471,0,6,None,66,1,5,False,1000,1000
27659,124,degCent,10,0.7533837579617835,0,6,None,66,1,5,False,1000,1000
27660,120,degCent,10,0.6948646496815286,0,26,None,66,1,5,False,1000,1000
27661,121,degCent,10,0.6963574840764332,0,26,None,66,1,5,False,1000,1000
27662,122,degCent,10,0.6978503184713376,0,26,None,66,1,5,False,1000,1000
27663,123,degCent,10,0.6986464968152867,0,26,None,66,1,5,False,1000,1000
27664,124,degCent,10,0.6992436305732485,0,26,None,66,1,5,False,1000,1000
27665,120,degCent,10,0.7420382165605095,0,8,None,66,1,5,False,1000,1000
27666,121,degCent,10,0.7429339171974523,0,8,None,66,1,5,False,1000,1000
27667,122,degCent,10,0.7446257961783439,0,8,None,66,1,5,False,1000,1000
27668,123,degCent,10,0.7457205414012739,0,8,None,66,1,5,False,1000,1000
27669,124,degCent,10,0.7468152866242038,0,8,None,66,1,5,False,1000,1000
27670,120,degCent,10,0.7374601910828026,0,4,None,66,1,5,False,1000,1000
27671,121,degCent,10,0.7374601910828026,0,4,None,66,1,5,False,1000,1000
27672,122,degCent,10,0.7390525477707006,0,4,None,66,1,5,False,1000,1000
27673,123,degCent,10,0.7388535031847133,0,4,None,66,1,5,False,1000,1000
27674,124,degCent,10,0.7387539808917197,0,4,None,66,1,5,False,1000,1000
27675,120,degCent,10,0.744327229299363,0,16,None,66,1,5,False,1000,1000
27676,121,degCent,10,0.7467157643312102,0,16,None,66,1,5,False,1000,1000
27677,122,degCent,10,0.7475119426751592,0,16,None,66,1,5,False,1000,1000
27678,123,degCent,10,0.74890525477707,0,16,None,66,1,5,False,1000,1000
27679,124,degCent,10,0.7495023885350318,0,16,None,66,1,5,False,1000,1000
27680,120,degCent,10,0.7573646496815286,0,18,None,66,1,5,False,1000,1000
27681,121,degCent,10,0.7582603503184714,0,18,None,66,1,5,False,1000,1000
27682,122,degCent,10,0.7590565286624203,0,18,None,66,1,5,False,1000,1000
27683,123,degCent,10,0.7586584394904459,0,18,None,66,1,5,False,1000,1000
27684,124,degCent,10,0.7587579617834395,0,18,None,66,1,5,False,1000,1000
27685,120,degCent,10,0.6970541401273885,0,19,None,66,1,5,False,1000,1000
27686,121,degCent,10,0.7016321656050956,0,19,None,66,1,5,False,1000,1000
27687,122,degCent,10,0.7051154458598726,0,19,None,66,1,5,False,1000,1000
27688,123,degCent,10,0.7083001592356688,0,19,None,66,1,5,False,1000,1000
27689,124,degCent,10,0.7096934713375797,0,19,None,66,1,5,False,1000,1000
27690,120,degCent,10,0.7180533439490446,0,9,None,66,1,5,False,1000,1000
27691,121,degCent,10,0.7209394904458599,0,9,None,66,1,5,False,1000,1000
27692,122,degCent,10,0.7240246815286624,0,9,None,66,1,5,False,1000,1000
27693,123,degCent,10,0.7262141719745223,0,9,None,66,1,5,False,1000,1000
27694,124,degCent,10,0.7291998407643312,0,9,None,66,1,5,False,1000,1000
27695,120,degCent,10,0.74890525477707,0,0,None,66,1,5,False,1000,1000
27696,121,degCent,10,0.7497014331210191,0,0,None,66,1,5,False,1000,1000
27697,122,degCent,10,0.7498009554140127,0,0,None,66,1,5,False,1000,1000
27698,123,degCent,10,0.7505971337579618,0,0,None,66,1,5,False,1000,1000
27699,124,degCent,10,0.7503980891719745,0,0,None,66,1,5,False,1000,1000
27700,120,degCent,10,0.7420382165605095,0,29,None,66,1,5,False,1000,1000
27701,121,degCent,10,0.7420382165605095,0,29,None,66,1,5,False,1000,1000
27702,122,degCent,10,0.7441281847133758,0,29,None,66,1,5,False,1000,1000
27703,123,degCent,10,0.7448248407643312,0,29,None,66,1,5,False,1000,1000
27704,124,degCent,10,0.7451234076433121,0,29,None,66,1,5,False,1000,1000
27705,120,degCent,10,0.7351711783439491,0,10,None,66,1,5,False,1000,1000
27706,121,degCent,10,0.7366640127388535,0,10,None,66,1,5,False,1000,1000
27707,122,degCent,10,0.7376592356687898,0,10,None,66,1,5,False,1000,1000
27708,123,degCent,10,0.7393511146496815,0,10,None,66,1,5,False,1000,1000
27709,124,degCent,10,0.740843949044586,0,10,None,66,1,5,False,1000,1000
27710,120,degCent,10,0.7472133757961783,0,15,None,66,1,5,False,1000,1000
27711,121,degCent,10,0.7478105095541401,0,15,None,66,1,5,False,1000,1000
27712,122,degCent,10,0.7492038216560509,0,15,None,66,1,5,False,1000,1000
27713,123,degCent,10,0.7497014331210191,0,15,None,66,1,5,False,1000,1000
27714,124,degCent,10,0.7504976114649682,0,15,None,66,1,5,False,1000,1000
27715,120,degCent,10,0.7563694267515924,0,3,None,66,1,5,False,1000,1000
27716,121,degCent,10,0.7570660828025477,0,3,None,66,1,5,False,1000,1000
27717,122,degCent,10,0.7576632165605095,0,3,None,66,1,5,False,1000,1000
27718,123,degCent,10,0.7584593949044586,0,3,None,66,1,5,False,1000,1000
27719,124,degCent,10,0.7585589171974523,0,3,None,66,1,5,False,1000,1000
27885,125,degCent,10,0.7342754777070064,0,32,None,66,1,5,False,1000,1000
27886,126,degCent,10,0.736265923566879,0,32,None,66,1,5,False,1000,1000
27887,127,degCent,10,0.7378582802547771,0,32,None,66,1,5,False,1000,1000
27888,128,degCent,10,0.7397492038216561,0,32,None,66,1,5,False,1000,1000
27889,129,degCent,10,0.7411425159235668,0,32,None,66,1,5,False,1000,1000
27890,125,degCent,10,0.5626990445859873,0,1,None,66,1,5,False,1000,1000
27891,126,degCent,10,0.6303742038216561,0,1,None,66,1,5,False,1000,1000
27892,127,degCent,10,0.6544585987261147,0,1,None,66,1,5,False,1000,1000
27893,128,degCent,10,0.6675955414012739,0,1,None,66,1,5,False,1000,1000
27894,129,degCent,10,0.6746616242038217,0,1,None,66,1,5,False,1000,1000
27895,125,degCent,10,0.7436305732484076,0,23,None,66,1,5,False,1000,1000
27896,126,degCent,10,0.7449243630573248,0,23,None,66,1,5,False,1000,1000
27897,127,degCent,10,0.7466162420382165,0,23,None,66,1,5,False,1000,1000
27898,128,degCent,10,0.747312898089172,0,23,None,66,1,5,False,1000,1000
27899,129,degCent,10,0.7483081210191083,0,23,None,66,1,5,False,1000,1000
27900,125,degCent,10,0.7467157643312102,0,21,None,66,1,5,False,1000,1000
27901,126,degCent,10,0.7476114649681529,0,21,None,66,1,5,False,1000,1000
27902,127,degCent,10,0.7488057324840764,0,21,None,66,1,5,False,1000,1000
27903,128,degCent,10,0.7508957006369427,0,21,None,66,1,5,False,1000,1000
27904,129,degCent,10,0.7524880573248408,0,21,None,66,1,5,False,1000,1000
27905,125,degCent,10,0.6684912420382165,0,24,None,66,1,5,False,1000,1000
27906,126,degCent,10,0.6794386942675159,0,24,None,66,1,5,False,1000,1000
27907,127,degCent,10,0.6925756369426752,0,24,None,66,1,5,False,1000,1000
27908,128,degCent,10,0.697452229299363,0,24,None,66,1,5,False,1000,1000
27909,129,degCent,10,0.7055135350318471,0,24,None,66,1,5,False,1000,1000
27910,125,degCent,10,0.7562699044585988,0,27,None,66,1,5,False,1000,1000
27911,126,degCent,10,0.757265127388535,0,27,None,66,1,5,False,1000,1000
27912,127,degCent,10,0.7584593949044586,0,27,None,66,1,5,False,1000,1000
27913,128,degCent,10,0.7596536624203821,0,27,None,66,1,5,False,1000,1000
27914,129,degCent,10,0.7598527070063694,0,27,None,66,1,5,False,1000,1000
27915,125,degCent,10,0.7487062101910829,0,29,None,66,1,5,False,1000,1000
27916,126,degCent,10,0.7492038216560509,0,29,None,66,1,5,False,1000,1000
27917,127,degCent,10,0.7502985668789809,0,29,None,66,1,5,False,1000,1000
27918,128,degCent,10,0.7509952229299363,0,29,None,66,1,5,False,1000,1000
27919,129,degCent,10,0.7509952229299363,0,29,None,66,1,5,False,1000,1000
27920,125,degCent,10,0.757265127388535,0,2,None,66,1,5,False,1000,1000
27921,126,degCent,10,0.7579617834394905,0,2,None,66,1,5,False,1000,1000
27922,127,degCent,10,0.7576632165605095,0,2,None,66,1,5,False,1000,1000
27923,128,degCent,10,0.7579617834394905,0,2,None,66,1,5,False,1000,1000
27924,129,degCent,10,0.758359872611465,0,2,None,66,1,5,False,1000,1000
27925,125,degCent,10,0.7398487261146497,0,10,None,66,1,5,False,1000,1000
27926,126,degCent,10,0.7421377388535032,0,10,None,66,1,5,False,1000,1000
27927,127,degCent,10,0.7442277070063694,0,10,None,66,1,5,False,1000,1000
27928,128,degCent,10,0.7453224522292994,0,10,None,66,1,5,False,1000,1000
27929,129,degCent,10,0.7470143312101911,0,10,None,66,1,5,False,1000,1000
27930,125,degCent,10,0.7441281847133758,0,11,None,66,1,5,False,1000,1000
27931,126,degCent,10,0.7444267515923567,0,11,None,66,1,5,False,1000,1000
27932,127,degCent,10,0.7452229299363057,0,11,None,66,1,5,False,1000,1000
27933,128,degCent,10,0.7465167197452229,0,11,None,66,1,5,False,1000,1000
27934,129,degCent,10,0.7471138535031847,0,11,None,66,1,5,False,1000,1000
27935,125,degCent,10,0.7530851910828026,0,15,None,66,1,5,False,1000,1000
27936,126,degCent,10,0.7535828025477707,0,15,None,66,1,5,False,1000,1000
27937,127,degCent,10,0.7540804140127388,0,15,None,66,1,5,False,1000,1000
27938,128,degCent,10,0.7547770700636943,0,15,None,66,1,5,False,1000,1000
27939,129,degCent,10,0.755672770700637,0,15,None,66,1,5,False,1000,1000
27940,125,degCent,10,0.7531847133757962,0,17,None,66,1,5,False,1000,1000
27941,126,degCent,10,0.7531847133757962,0,17,None,66,1,5,False,1000,1000
27942,127,degCent,10,0.754578025477707,0,17,None,66,1,5,False,1000,1000
27943,128,degCent,10,0.755672770700637,0,17,None,66,1,5,False,1000,1000
27944,129,degCent,10,0.7568670382165605,0,17,None,66,1,5,False,1000,1000
27945,125,degCent,10,0.7455214968152867,0,20,None,66,1,5,False,1000,1000
27946,126,degCent,10,0.7468152866242038,0,20,None,66,1,5,False,1000,1000
27947,127,degCent,10,0.7483081210191083,0,20,None,66,1,5,False,1000,1000
27948,128,degCent,10,0.74890525477707,0,20,None,66,1,5,False,1000,1000
27949,129,degCent,10,0.7501990445859873,0,20,None,66,1,5,False,1000,1000
27950,125,degCent,10,0.7558718152866242,0,28,None,66,1,5,False,1000,1000
27951,126,degCent,10,0.7577627388535032,0,28,None,66,1,5,False,1000,1000
27952,127,degCent,10,0.7598527070063694,0,28,None,66,1,5,False,1000,1000
27953,128,degCent,10,0.7601512738853503,0,28,None,66,1,5,False,1000,1000
27954,129,degCent,10,0.7617436305732485,0,28,None,66,1,5,False,1000,1000
27955,125,degCent,10,0.7265127388535032,0,13,None,66,1,5,False,1000,1000
27956,126,degCent,10,0.7273089171974523,0,13,None,66,1,5,False,1000,1000
27957,127,degCent,10,0.7286027070063694,0,13,None,66,1,5,False,1000,1000
27958,128,degCent,10,0.7298964968152867,0,13,None,66,1,5,False,1000,1000
27959,129,degCent,10,0.7307921974522293,0,13,None,66,1,5,False,1000,1000
27960,125,degCent,10,0.7522890127388535,0,0,None,66,1,5,False,1000,1000
27961,126,degCent,10,0.7522890127388535,0,0,None,66,1,5,False,1000,1000
27962,127,degCent,10,0.7529856687898089,0,0,None,66,1,5,False,1000,1000
27963,128,degCent,10,0.7536823248407644,0,0,None,66,1,5,False,1000,1000
27964,129,degCent,10,0.7536823248407644,0,0,None,66,1,5,False,1000,1000
27965,125,degCent,10,0.7533837579617835,0,5,None,66,1,5,False,1000,1000
27966,126,degCent,10,0.7541799363057324,0,5,None,66,1,5,False,1000,1000
27967,127,degCent,10,0.755672770700637,0,5,None,66,1,5,False,1000,1000
27968,128,degCent,10,0.7571656050955414,0,5,None,66,1,5,False,1000,1000
27969,129,degCent,10,0.7582603503184714,0,5,None,66,1,5,False,1000,1000
27970,125,degCent,10,0.6968550955414012,0,26,None,66,1,5,False,1000,1000
27971,126,degCent,10,0.6976512738853503,0,26,None,66,1,5,False,1000,1000
27972,127,degCent,10,0.7001393312101911,0,26,None,66,1,5,False,1000,1000
27973,128,degCent,10,0.7013335987261147,0,26,None,66,1,5,False,1000,1000
27974,129,degCent,10,0.7015326433121019,0,26,None,66,1,5,False,1000,1000
27975,125,degCent,10,0.7033240445859873,0,30,None,66,1,5,False,1000,1000
27976,126,degCent,10,0.7061106687898089,0,30,None,66,1,5,False,1000,1000
27977,127,degCent,10,0.7086982484076433,0,30,None,66,1,5,False,1000,1000
27978,128,degCent,10,0.7107882165605095,0,30,None,66,1,5,False,1000,1000
27979,129,degCent,10,0.7132762738853503,0,30,None,66,1,5,False,1000,1000
27980,125,degCent,10,0.7396496815286624,0,4,None,66,1,5,False,1000,1000
27981,126,degCent,10,0.7415406050955414,0,4,None,66,1,5,False,1000,1000
27982,127,degCent,10,0.7411425159235668,0,4,None,66,1,5,False,1000,1000
27983,128,degCent,10,0.7411425159235668,0,4,None,66,1,5,False,1000,1000
27984,129,degCent,10,0.7411425159235668,0,4,None,66,1,5,False,1000,1000
27985,125,degCent,10,0.7483081210191083,0,16,None,66,1,5,False,1000,1000
27986,126,degCent,10,0.7501990445859873,0,16,None,66,1,5,False,1000,1000
27987,127,degCent,10,0.7519904458598726,0,16,None,66,1,5,False,1000,1000
27988,128,degCent,10,0.7534832802547771,0,16,None,66,1,5,False,1000,1000
27989,129,degCent,10,0.7540804140127388,0,16,None,66,1,5,False,1000,1000
27990,125,degCent,10,0.7524880573248408,0,7,None,66,1,5,False,1000,1000
27991,126,degCent,10,0.7530851910828026,0,7,None,66,1,5,False,1000,1000
27992,127,degCent,10,0.7543789808917197,0,7,None,66,1,5,False,1000,1000
27993,128,degCent,10,0.7551751592356688,0,7,None,66,1,5,False,1000,1000
27994,129,degCent,10,0.7554737261146497,0,7,None,66,1,5,False,1000,1000
27995,125,degCent,10,0.7476114649681529,0,8,None,66,1,5,False,1000,1000
27996,126,degCent,10,0.7491042993630573,0,8,None,66,1,5,False,1000,1000
27997,127,degCent,10,0.7506966560509554,0,8,None,66,1,5,False,1000,1000
27998,128,degCent,10,0.7524880573248408,0,8,None,66,1,5,False,1000,1000
27999,129,degCent,10,0.7534832802547771,0,8,None,66,1,5,False,1000,1000
28000,125,degCent,10,0.7607484076433121,0,18,None,66,1,5,False,1000,1000
28001,126,degCent,10,0.7616441082802548,0,18,None,66,1,5,False,1000,1000
28002,127,degCent,10,0.7619426751592356,0,18,None,66,1,5,False,1000,1000
28003,128,degCent,10,0.7628383757961783,0,18,None,66,1,5,False,1000,1000
28004,129,degCent,10,0.7634355095541401,0,18,None,66,1,5,False,1000,1000
28005,125,degCent,10,0.7076035031847133,0,19,None,66,1,5,False,1000,1000
28006,126,degCent,10,0.7112858280254777,0,19,None,66,1,5,False,1000,1000
28007,127,degCent,10,0.7135748407643312,0,19,None,66,1,5,False,1000,1000
28008,128,degCent,10,0.7154657643312102,0,19,None,66,1,5,False,1000,1000
28009,129,degCent,10,0.7177547770700637,0,19,None,66,1,5,False,1000,1000
28010,125,degCent,10,0.54796974522293,0,31,None,66,1,5,False,1000,1000
28011,126,degCent,10,0.6009156050955414,0,31,None,66,1,5,False,1000,1000
28012,127,degCent,10,0.638734076433121,0,31,None,66,1,5,False,1000,1000
28013,128,degCent,10,0.6626194267515924,0,31,None,66,1,5,False,1000,1000
28014,129,degCent,10,0.6805334394904459,0,31,None,66,1,5,False,1000,1000
28015,125,degCent,10,0.7598527070063694,0,3,None,66,1,5,False,1000,1000
28016,126,degCent,10,0.7607484076433121,0,3,None,66,1,5,False,1000,1000
28017,127,degCent,10,0.761843152866242,0,3,None,66,1,5,False,1000,1000
28018,128,degCent,10,0.7624402866242038,0,3,None,66,1,5,False,1000,1000
28019,129,degCent,10,0.7628383757961783,0,3,None,66,1,5,False,1000,1000
28020,125,degCent,10,0.7565684713375797,0,14,None,66,1,5,False,1000,1000
28021,126,degCent,10,0.7559713375796179,0,14,None,66,1,5,False,1000,1000
28022,127,degCent,10,0.7567675159235668,0,14,None,66,1,5,False,1000,1000
28023,128,degCent,10,0.7569665605095541,0,14,None,66,1,5,False,1000,1000
28024,129,degCent,10,0.7578622611464968,0,14,None,66,1,5,False,1000,1000
28025,125,degCent,10,0.7546775477707006,0,6,None,66,1,5,False,1000,1000
28026,126,degCent,10,0.7554737261146497,0,6,None,66,1,5,False,1000,1000
28027,127,degCent,10,0.7560708598726115,0,6,None,66,1,5,False,1000,1000
28028,128,degCent,10,0.7565684713375797,0,6,None,66,1,5,False,1000,1000
28029,129,degCent,10,0.7568670382165605,0,6,None,66,1,5,False,1000,1000
28030,125,degCent,10,0.7440286624203821,0,22,None,66,1,5,False,1000,1000
28031,126,degCent,10,0.7470143312101911,0,22,None,66,1,5,False,1000,1000
28032,127,degCent,10,0.7491042993630573,0,22,None,66,1,5,False,1000,1000
28033,128,degCent,10,0.7513933121019108,0,22,None,66,1,5,False,1000,1000
28034,129,degCent,10,0.7525875796178344,0,22,None,66,1,5,False,1000,1000
28035,125,degCent,10,0.7217356687898089,0,9,None,66,1,5,False,1000,1000
28036,126,degCent,10,0.7243232484076433,0,9,None,66,1,5,False,1000,1000
28037,127,degCent,10,0.727906050955414,0,9,None,66,1,5,False,1000,1000
28038,128,degCent,10,0.7301950636942676,0,9,None,66,1,5,False,1000,1000
28039,129,degCent,10,0.7331807324840764,0,9,None,66,1,5,False,1000,1000
28040,125,degCent,10,0.7209394904458599,0,12,None,66,1,5,False,1000,1000
28041,126,degCent,10,0.7235270700636943,0,12,None,66,1,5,False,1000,1000
28042,127,degCent,10,0.7245222929936306,0,12,None,66,1,5,False,1000,1000
28043,128,degCent,10,0.7258160828025477,0,12,None,66,1,5,False,1000,1000
28044,129,degCent,10,0.7265127388535032,0,12,None,66,1,5,False,1000,1000
28045,125,degCent,10,0.7546775477707006,0,25,None,66,1,5,False,1000,1000
28046,126,degCent,10,0.7576632165605095,0,25,None,66,1,5,False,1000,1000
28047,127,degCent,10,0.7594546178343949,0,25,None,66,1,5,False,1000,1000
28048,128,degCent,10,0.7615445859872612,0,25,None,66,1,5,False,1000,1000
28049,129,degCent,10,0.7638335987261147,0,25,None,66,1,5,False,1000,1000
28380,130,degCent,10,0.5695660828025477,0,1,None,66,1,5,False,1000,1000
28381,131,degCent,10,0.636843152866242,0,1,None,66,1,5,False,1000,1000
28382,132,degCent,10,0.6603304140127388,0,1,None,66,1,5,False,1000,1000
28383,133,degCent,10,0.6714769108280255,0,1,None,66,1,5,False,1000,1000
28384,134,degCent,10,0.6792396496815286,0,1,None,66,1,5,False,1000,1000
28385,130,degCent,10,0.7613455414012739,0,2,None,66,1,5,False,1000,1000
28386,131,degCent,10,0.761046974522293,0,2,None,66,1,5,False,1000,1000
28387,132,degCent,10,0.7611464968152867,0,2,None,66,1,5,False,1000,1000
28388,133,degCent,10,0.7620421974522293,0,2,None,66,1,5,False,1000,1000
28389,134,degCent,10,0.7623407643312102,0,2,None,66,1,5,False,1000,1000
28390,130,degCent,10,0.7293988853503185,0,13,None,66,1,5,False,1000,1000
28391,131,degCent,10,0.7308917197452229,0,13,None,66,1,5,False,1000,1000
28392,132,degCent,10,0.7312898089171974,0,13,None,66,1,5,False,1000,1000
28393,133,degCent,10,0.7333797770700637,0,13,None,66,1,5,False,1000,1000
28394,134,degCent,10,0.7345740445859873,0,13,None,66,1,5,False,1000,1000
28395,130,degCent,10,0.7555732484076433,0,15,None,66,1,5,False,1000,1000
28396,131,degCent,10,0.7562699044585988,0,15,None,66,1,5,False,1000,1000
28397,132,degCent,10,0.7573646496815286,0,15,None,66,1,5,False,1000,1000
28398,133,degCent,10,0.7578622611464968,0,15,None,66,1,5,False,1000,1000
28399,134,degCent,10,0.759156050955414,0,15,None,66,1,5,False,1000,1000
28400,130,degCent,10,0.7524880573248408,0,16,None,66,1,5,False,1000,1000
28401,131,degCent,10,0.7541799363057324,0,16,None,66,1,5,False,1000,1000
28402,132,degCent,10,0.7551751592356688,0,16,None,66,1,5,False,1000,1000
28403,133,degCent,10,0.7553742038216561,0,16,None,66,1,5,False,1000,1000
28404,134,degCent,10,0.7560708598726115,0,16,None,66,1,5,False,1000,1000
28405,130,degCent,10,0.7482085987261147,0,11,None,66,1,5,False,1000,1000
28406,131,degCent,10,0.7482085987261147,0,11,None,66,1,5,False,1000,1000
28407,132,degCent,10,0.7493033439490446,0,11,None,66,1,5,False,1000,1000
28408,133,degCent,10,0.7506966560509554,0,11,None,66,1,5,False,1000,1000
28409,134,degCent,10,0.7513933121019108,0,11,None,66,1,5,False,1000,1000
28410,130,degCent,10,0.7129777070063694,0,19,None,66,1,5,False,1000,1000
28411,131,degCent,10,0.7162619426751592,0,19,None,66,1,5,False,1000,1000
28412,132,degCent,10,0.7181528662420382,0,19,None,66,1,5,False,1000,1000
28413,133,degCent,10,0.7217356687898089,0,19,None,66,1,5,False,1000,1000
28414,134,degCent,10,0.7240246815286624,0,19,None,66,1,5,False,1000,1000
28415,130,degCent,10,0.757265127388535,0,17,None,66,1,5,False,1000,1000
28416,131,degCent,10,0.7581608280254777,0,17,None,66,1,5,False,1000,1000
28417,132,degCent,10,0.759156050955414,0,17,None,66,1,5,False,1000,1000
28418,133,degCent,10,0.759156050955414,0,17,None,66,1,5,False,1000,1000
28419,134,degCent,10,0.759952229299363,0,17,None,66,1,5,False,1000,1000
28420,130,degCent,10,0.7507961783439491,0,21,None,66,1,5,False,1000,1000
28421,131,degCent,10,0.7520899681528662,0,21,None,66,1,5,False,1000,1000
28422,132,degCent,10,0.7532842356687898,0,21,None,66,1,5,False,1000,1000
28423,133,degCent,10,0.7550756369426752,0,21,None,66,1,5,False,1000,1000
28424,134,degCent,10,0.7562699044585988,0,21,None,66,1,5,False,1000,1000
28425,130,degCent,10,0.7588574840764332,0,25,None,66,1,5,False,1000,1000
28426,131,degCent,10,0.7614450636942676,0,25,None,66,1,5,False,1000,1000
28427,132,degCent,10,0.763734076433121,0,25,None,66,1,5,False,1000,1000
28428,133,degCent,10,0.765625,0,25,None,66,1,5,False,1000,1000
28429,134,degCent,10,0.7670183121019108,0,25,None,66,1,5,False,1000,1000
28430,130,degCent,10,0.6981488853503185,0,26,None,66,1,5,False,1000,1000
28431,131,degCent,10,0.6996417197452229,0,26,None,66,1,5,False,1000,1000
28432,132,degCent,10,0.7017316878980892,0,26,None,66,1,5,False,1000,1000
28433,133,degCent,10,0.7034235668789809,0,26,None,66,1,5,False,1000,1000
28434,134,degCent,10,0.70421974522293,0,26,None,66,1,5,False,1000,1000
28435,130,degCent,10,0.7262141719745223,0,12,None,66,1,5,False,1000,1000
28436,131,degCent,10,0.7280055732484076,0,12,None,66,1,5,False,1000,1000
28437,132,degCent,10,0.7289012738853503,0,12,None,66,1,5,False,1000,1000
28438,133,degCent,10,0.7296974522292994,0,12,None,66,1,5,False,1000,1000
28439,134,degCent,10,0.730593152866242,0,12,None,66,1,5,False,1000,1000
28440,130,degCent,10,0.6666998407643312,0,24,None,66,1,5,False,1000,1000
28441,131,degCent,10,0.6786425159235668,0,24,None,66,1,5,False,1000,1000
28442,132,degCent,10,0.6851114649681529,0,24,None,66,1,5,False,1000,1000
28443,133,degCent,10,0.6954617834394905,0,24,None,66,1,5,False,1000,1000
28444,134,degCent,10,0.7067078025477707,0,24,None,66,1,5,False,1000,1000
28445,130,degCent,10,0.7616441082802548,0,28,None,66,1,5,False,1000,1000
28446,131,degCent,10,0.7630374203821656,0,28,None,66,1,5,False,1000,1000
28447,132,degCent,10,0.7636345541401274,0,28,None,66,1,5,False,1000,1000
28448,133,degCent,10,0.7643312101910829,0,28,None,66,1,5,False,1000,1000
28449,134,degCent,10,0.765625,0,28,None,66,1,5,False,1000,1000
28450,130,degCent,10,0.7503980891719745,0,29,None,66,1,5,False,1000,1000
28451,131,degCent,10,0.7507961783439491,0,29,None,66,1,5,False,1000,1000
28452,132,degCent,10,0.7516918789808917,0,29,None,66,1,5,False,1000,1000
28453,133,degCent,10,0.7520899681528662,0,29,None,66,1,5,False,1000,1000
28454,134,degCent,10,0.7527866242038217,0,29,None,66,1,5,False,1000,1000
28455,130,degCent,10,0.7270103503184714,0,9,None,66,1,5,False,1000,1000
28456,131,degCent,10,0.729796974522293,0,9,None,66,1,5,False,1000,1000
28457,132,degCent,10,0.7328821656050956,0,9,None,66,1,5,False,1000,1000
28458,133,degCent,10,0.7364649681528662,0,9,None,66,1,5,False,1000,1000
28459,134,degCent,10,0.7391520700636943,0,9,None,66,1,5,False,1000,1000
28460,130,degCent,10,0.708797770700637,0,30,None,66,1,5,False,1000,1000
28461,131,degCent,10,0.7121815286624203,0,30,None,66,1,5,False,1000,1000
28462,132,degCent,10,0.7140724522292994,0,30,None,66,1,5,False,1000,1000
28463,133,degCent,10,0.7163614649681529,0,30,None,66,1,5,False,1000,1000
28464,134,degCent,10,0.7172571656050956,0,30,None,66,1,5,False,1000,1000
28465,130,degCent,10,0.7590565286624203,0,27,None,66,1,5,False,1000,1000
28466,131,degCent,10,0.7603503184713376,0,27,None,66,1,5,False,1000,1000
28467,132,degCent,10,0.7620421974522293,0,27,None,66,1,5,False,1000,1000
28468,133,degCent,10,0.7620421974522293,0,27,None,66,1,5,False,1000,1000
28469,134,degCent,10,0.7626393312101911,0,27,None,66,1,5,False,1000,1000
28470,130,degCent,10,0.7650278662420382,0,18,None,66,1,5,False,1000,1000
28471,131,degCent,10,0.7653264331210191,0,18,None,66,1,5,False,1000,1000
28472,132,degCent,10,0.7668192675159236,0,18,None,66,1,5,False,1000,1000
28473,133,degCent,10,0.7681130573248408,0,18,None,66,1,5,False,1000,1000
28474,134,degCent,10,0.768312101910828,0,18,None,66,1,5,False,1000,1000
28475,130,degCent,10,0.5472730891719745,0,31,None,66,1,5,False,1000,1000
28476,131,degCent,10,0.6039012738853503,0,31,None,66,1,5,False,1000,1000
28477,132,degCent,10,0.6467953821656051,0,31,None,66,1,5,False,1000,1000
28478,133,degCent,10,0.6730692675159236,0,31,None,66,1,5,False,1000,1000
28479,134,degCent,10,0.6927746815286624,0,31,None,66,1,5,False,1000,1000
28480,130,degCent,10,0.7554737261146497,0,7,None,66,1,5,False,1000,1000
28481,131,degCent,10,0.7565684713375797,0,7,None,66,1,5,False,1000,1000
28482,132,degCent,10,0.7579617834394905,0,7,None,66,1,5,False,1000,1000
28483,133,degCent,10,0.7590565286624203,0,7,None,66,1,5,False,1000,1000
28484,134,degCent,10,0.7588574840764332,0,7,None,66,1,5,False,1000,1000
28485,130,degCent,10,0.7552746815286624,0,5,None,66,1,5,False,1000,1000
28486,131,degCent,10,0.7582603503184714,0,5,None,66,1,5,False,1000,1000
28487,132,degCent,10,0.7595541401273885,0,5,None,66,1,5,False,1000,1000
28488,133,degCent,10,0.759952229299363,0,5,None,66,1,5,False,1000,1000
28489,134,degCent,10,0.7613455414012739,0,5,None,66,1,5,False,1000,1000
28490,130,degCent,10,0.756468949044586,0,0,None,66,1,5,False,1000,1000
28491,131,degCent,10,0.7567675159235668,0,0,None,66,1,5,False,1000,1000
28492,132,degCent,10,0.7569665605095541,0,0,None,66,1,5,False,1000,1000
28493,133,degCent,10,0.7573646496815286,0,0,None,66,1,5,False,1000,1000
28494,134,degCent,10,0.7579617834394905,0,0,None,66,1,5,False,1000,1000
28495,130,degCent,10,0.7576632165605095,0,6,None,66,1,5,False,1000,1000
28496,131,degCent,10,0.7582603503184714,0,6,None,66,1,5,False,1000,1000
28497,132,degCent,10,0.7590565286624203,0,6,None,66,1,5,False,1000,1000
28498,133,degCent,10,0.7594546178343949,0,6,None,66,1,5,False,1000,1000
28499,134,degCent,10,0.7603503184713376,0,6,None,66,1,5,False,1000,1000
28500,130,degCent,10,0.7528861464968153,0,8,None,66,1,5,False,1000,1000
28501,131,degCent,10,0.7546775477707006,0,8,None,66,1,5,False,1000,1000
28502,132,degCent,10,0.7548765923566879,0,8,None,66,1,5,False,1000,1000
28503,133,degCent,10,0.7558718152866242,0,8,None,66,1,5,False,1000,1000
28504,134,degCent,10,0.7581608280254777,0,8,None,66,1,5,False,1000,1000
28505,130,degCent,10,0.745421974522293,0,10,None,66,1,5,False,1000,1000
28506,131,degCent,10,0.7467157643312102,0,10,None,66,1,5,False,1000,1000
28507,132,degCent,10,0.7480095541401274,0,10,None,66,1,5,False,1000,1000
28508,133,degCent,10,0.74890525477707,0,10,None,66,1,5,False,1000,1000
28509,134,degCent,10,0.7504976114649682,0,10,None,66,1,5,False,1000,1000
28510,130,degCent,10,0.7471138535031847,0,23,None,66,1,5,False,1000,1000
28511,131,degCent,10,0.7483081210191083,0,23,None,66,1,5,False,1000,1000
28512,132,degCent,10,0.7496019108280255,0,23,None,66,1,5,False,1000,1000
28513,133,degCent,10,0.7504976114649682,0,23,None,66,1,5,False,1000,1000
28514,134,degCent,10,0.7517914012738853,0,23,None,66,1,5,False,1000,1000
28515,130,degCent,10,0.7374601910828026,0,32,None,66,1,5,False,1000,1000
28516,131,degCent,10,0.7398487261146497,0,32,None,66,1,5,False,1000,1000
28517,132,degCent,10,0.7410429936305732,0,32,None,66,1,5,False,1000,1000
28518,133,degCent,10,0.7439291401273885,0,32,None,66,1,5,False,1000,1000
28519,134,degCent,10,0.7447253184713376,0,32,None,66,1,5,False,1000,1000
28520,130,degCent,10,0.7625398089171974,0,3,None,66,1,5,False,1000,1000
28521,131,degCent,10,0.7632364649681529,0,3,None,66,1,5,False,1000,1000
28522,132,degCent,10,0.7638335987261147,0,3,None,66,1,5,False,1000,1000
28523,133,degCent,10,0.763734076433121,0,3,None,66,1,5,False,1000,1000
28524,134,degCent,10,0.7635350318471338,0,3,None,66,1,5,False,1000,1000
28525,130,degCent,10,0.7413415605095541,0,4,None,66,1,5,False,1000,1000
28526,131,degCent,10,0.7418391719745223,0,4,None,66,1,5,False,1000,1000
28527,132,degCent,10,0.7433320063694268,0,4,None,66,1,5,False,1000,1000
28528,133,degCent,10,0.7432324840764332,0,4,None,66,1,5,False,1000,1000
28529,134,degCent,10,0.7439291401273885,0,4,None,66,1,5,False,1000,1000
28530,130,degCent,10,0.7507961783439491,0,20,None,66,1,5,False,1000,1000
28531,131,degCent,10,0.7523885350318471,0,20,None,66,1,5,False,1000,1000
28532,132,degCent,10,0.7530851910828026,0,20,None,66,1,5,False,1000,1000
28533,133,degCent,10,0.7544785031847133,0,20,None,66,1,5,False,1000,1000
28534,134,degCent,10,0.7554737261146497,0,20,None,66,1,5,False,1000,1000
28535,130,degCent,10,0.7512937898089171,0,22,None,66,1,5,False,1000,1000
28536,131,degCent,10,0.7534832802547771,0,22,None,66,1,5,False,1000,1000
28537,132,degCent,10,0.7542794585987261,0,22,None,66,1,5,False,1000,1000
28538,133,degCent,10,0.7555732484076433,0,22,None,66,1,5,False,1000,1000
28539,134,degCent,10,0.7557722929936306,0,22,None,66,1,5,False,1000,1000
28540,130,degCent,10,0.7617436305732485,0,14,None,66,1,5,False,1000,1000
28541,131,degCent,10,0.7619426751592356,0,14,None,66,1,5,False,1000,1000
28542,132,degCent,10,0.7623407643312102,0,14,None,66,1,5,False,1000,1000
28543,133,degCent,10,0.7624402866242038,0,14,None,66,1,5,False,1000,1000
28544,134,degCent,10,0.7622412420382165,0,14,None,66,1,5,False,1000,1000
28545,135,degCent,10,0.7646297770700637,0,25,None,66,1,5,False,1000,1000
28546,136,degCent,10,0.7659235668789809,0,25,None,66,1,5,False,1000,1000
28547,137,degCent,10,0.7677149681528662,0,25,None,66,1,5,False,1000,1000
28548,138,degCent,10,0.7696058917197452,0,25,None,66,1,5,False,1000,1000
28549,139,degCent,10,0.7710987261146497,0,25,None,66,1,5,False,1000,1000
28550,135,degCent,10,0.7601512738853503,0,15,None,66,1,5,False,1000,1000
28551,136,degCent,10,0.761046974522293,0,15,None,66,1,5,False,1000,1000
28552,137,degCent,10,0.7622412420382165,0,15,None,66,1,5,False,1000,1000
28553,138,degCent,10,0.7628383757961783,0,15,None,66,1,5,False,1000,1000
28554,139,degCent,10,0.7647292993630573,0,15,None,66,1,5,False,1000,1000
28555,135,degCent,10,0.7496019108280255,0,10,None,66,1,5,False,1000,1000
28556,136,degCent,10,0.7505971337579618,0,10,None,66,1,5,False,1000,1000
28557,137,degCent,10,0.751890923566879,0,10,None,66,1,5,False,1000,1000
28558,138,degCent,10,0.7523885350318471,0,10,None,66,1,5,False,1000,1000
28559,139,degCent,10,0.7539808917197452,0,10,None,66,1,5,False,1000,1000
28560,135,degCent,10,0.7519904458598726,0,11,None,66,1,5,False,1000,1000
28561,136,degCent,10,0.7519904458598726,0,11,None,66,1,5,False,1000,1000
28562,137,degCent,10,0.7522890127388535,0,11,None,66,1,5,False,1000,1000
28563,138,degCent,10,0.7529856687898089,0,11,None,66,1,5,False,1000,1000
28564,139,degCent,10,0.7536823248407644,0,11,None,66,1,5,False,1000,1000
28565,135,degCent,10,0.7587579617834395,0,17,None,66,1,5,False,1000,1000
28566,136,degCent,10,0.7600517515923567,0,17,None,66,1,5,False,1000,1000
28567,137,degCent,10,0.7613455414012739,0,17,None,66,1,5,False,1000,1000
28568,138,degCent,10,0.761843152866242,0,17,None,66,1,5,False,1000,1000
28569,139,degCent,10,0.7627388535031847,0,17,None,66,1,5,False,1000,1000
28570,135,degCent,10,0.6690883757961783,0,24,None,66,1,5,False,1000,1000
28571,136,degCent,10,0.6788415605095541,0,24,None,66,1,5,False,1000,1000
28572,137,degCent,10,0.6883957006369427,0,24,None,66,1,5,False,1000,1000
28573,138,degCent,10,0.7013335987261147,0,24,None,66,1,5,False,1000,1000
28574,139,degCent,10,0.7083996815286624,0,24,None,66,1,5,False,1000,1000
28575,135,degCent,10,0.7571656050955414,0,20,None,66,1,5,False,1000,1000
28576,136,degCent,10,0.7581608280254777,0,20,None,66,1,5,False,1000,1000
28577,137,degCent,10,0.7575636942675159,0,20,None,66,1,5,False,1000,1000
28578,138,degCent,10,0.7593550955414012,0,20,None,66,1,5,False,1000,1000
28579,139,degCent,10,0.7595541401273885,0,20,None,66,1,5,False,1000,1000
28580,135,degCent,10,0.5705613057324841,0,1,None,66,1,5,False,1000,1000
28581,136,degCent,10,0.6426154458598726,0,1,None,66,1,5,False,1000,1000
28582,137,degCent,10,0.6644108280254777,0,1,None,66,1,5,False,1000,1000
28583,138,degCent,10,0.6763535031847133,0,1,None,66,1,5,False,1000,1000
28584,139,degCent,10,0.6839171974522293,0,1,None,66,1,5,False,1000,1000
28585,135,degCent,10,0.7643312101910829,0,2,None,66,1,5,False,1000,1000
28586,136,degCent,10,0.7636345541401274,0,2,None,66,1,5,False,1000,1000
28587,137,degCent,10,0.7624402866242038,0,2,None,66,1,5,False,1000,1000
28588,138,degCent,10,0.7631369426751592,0,2,None,66,1,5,False,1000,1000
28589,139,degCent,10,0.7644307324840764,0,2,None,66,1,5,False,1000,1000
28590,135,degCent,10,0.7345740445859873,0,13,None,66,1,5,False,1000,1000
28591,136,degCent,10,0.7359673566878981,0,13,None,66,1,5,False,1000,1000
28592,137,degCent,10,0.7366640127388535,0,13,None,66,1,5,False,1000,1000
28593,138,degCent,10,0.7378582802547771,0,13,None,66,1,5,False,1000,1000
28594,139,degCent,10,0.7388535031847133,0,13,None,66,1,5,False,1000,1000
28595,135,degCent,10,0.7558718152866242,0,21,None,66,1,5,False,1000,1000
28596,136,degCent,10,0.7578622611464968,0,21,None,66,1,5,False,1000,1000
28597,137,degCent,10,0.7580613057324841,0,21,None,66,1,5,False,1000,1000
28598,138,degCent,10,0.7586584394904459,0,21,None,66,1,5,False,1000,1000
28599,139,degCent,10,0.7604498407643312,0,21,None,66,1,5,False,1000,1000
28600,135,degCent,10,0.7616441082802548,0,27,None,66,1,5,False,1000,1000
28601,136,degCent,10,0.7642316878980892,0,27,None,66,1,5,False,1000,1000
28602,137,degCent,10,0.7660230891719745,0,27,None,66,1,5,False,1000,1000
28603,138,degCent,10,0.7653264331210191,0,27,None,66,1,5,False,1000,1000
28604,139,degCent,10,0.7674164012738853,0,27,None,66,1,5,False,1000,1000
28605,135,degCent,10,0.7142714968152867,0,30,None,66,1,5,False,1000,1000
28606,136,degCent,10,0.7171576433121019,0,30,None,66,1,5,False,1000,1000
28607,137,degCent,10,0.7201433121019108,0,30,None,66,1,5,False,1000,1000
28608,138,degCent,10,0.7218351910828026,0,30,None,66,1,5,False,1000,1000
28609,139,degCent,10,0.7242237261146497,0,30,None,66,1,5,False,1000,1000
28610,135,degCent,10,0.7596536624203821,0,5,None,66,1,5,False,1000,1000
28611,136,degCent,10,0.7612460191082803,0,5,None,66,1,5,False,1000,1000
28612,137,degCent,10,0.7616441082802548,0,5,None,66,1,5,False,1000,1000
28613,138,degCent,10,0.7627388535031847,0,5,None,66,1,5,False,1000,1000
28614,139,degCent,10,0.7640326433121019,0,5,None,66,1,5,False,1000,1000
28615,135,degCent,10,0.7566679936305732,0,16,None,66,1,5,False,1000,1000
28616,136,degCent,10,0.757265127388535,0,16,None,66,1,5,False,1000,1000
28617,137,degCent,10,0.7581608280254777,0,16,None,66,1,5,False,1000,1000
28618,138,degCent,10,0.7585589171974523,0,16,None,66,1,5,False,1000,1000
28619,139,degCent,10,0.7595541401273885,0,16,None,66,1,5,False,1000,1000
28620,135,degCent,10,0.7531847133757962,0,23,None,66,1,5,False,1000,1000
28621,136,degCent,10,0.7539808917197452,0,23,None,66,1,5,False,1000,1000
28622,137,degCent,10,0.7540804140127388,0,23,None,66,1,5,False,1000,1000
28623,138,degCent,10,0.7547770700636943,0,23,None,66,1,5,False,1000,1000
28624,139,degCent,10,0.755672770700637,0,23,None,66,1,5,False,1000,1000
28625,135,degCent,10,0.744327229299363,0,4,None,66,1,5,False,1000,1000
28626,136,degCent,10,0.7444267515923567,0,4,None,66,1,5,False,1000,1000
28627,137,degCent,10,0.745421974522293,0,4,None,66,1,5,False,1000,1000
28628,138,degCent,10,0.7465167197452229,0,4,None,66,1,5,False,1000,1000
28629,139,degCent,10,0.7471138535031847,0,4,None,66,1,5,False,1000,1000
28630,135,degCent,10,0.7590565286624203,0,7,None,66,1,5,False,1000,1000
28631,136,degCent,10,0.7603503184713376,0,7,None,66,1,5,False,1000,1000
28632,137,degCent,10,0.7606488853503185,0,7,None,66,1,5,False,1000,1000
28633,138,degCent,10,0.7620421974522293,0,7,None,66,1,5,False,1000,1000
28634,139,degCent,10,0.7622412420382165,0,7,None,66,1,5,False,1000,1000
28635,135,degCent,10,0.742734872611465,0,32,None,66,1,5,False,1000,1000
28636,136,degCent,10,0.7439291401273885,0,32,None,66,1,5,False,1000,1000
28637,137,degCent,10,0.7453224522292994,0,32,None,66,1,5,False,1000,1000
28638,138,degCent,10,0.7469148089171974,0,32,None,66,1,5,False,1000,1000
28639,139,degCent,10,0.7476114649681529,0,32,None,66,1,5,False,1000,1000
28640,135,degCent,10,0.7552746815286624,0,22,None,66,1,5,False,1000,1000
28641,136,degCent,10,0.7563694267515924,0,22,None,66,1,5,False,1000,1000
28642,137,degCent,10,0.7578622611464968,0,22,None,66,1,5,False,1000,1000
28643,138,degCent,10,0.7592555732484076,0,22,None,66,1,5,False,1000,1000
28644,139,degCent,10,0.7602507961783439,0,22,None,66,1,5,False,1000,1000
28645,135,degCent,10,0.7627388535031847,0,14,None,66,1,5,False,1000,1000
28646,136,degCent,10,0.7635350318471338,0,14,None,66,1,5,False,1000,1000
28647,137,degCent,10,0.7635350318471338,0,14,None,66,1,5,False,1000,1000
28648,138,degCent,10,0.7635350318471338,0,14,None,66,1,5,False,1000,1000
28649,139,degCent,10,0.7648288216560509,0,14,None,66,1,5,False,1000,1000
28650,135,degCent,10,0.7533837579617835,0,29,None,66,1,5,False,1000,1000
28651,136,degCent,10,0.7541799363057324,0,29,None,66,1,5,False,1000,1000
28652,137,degCent,10,0.7549761146496815,0,29,None,66,1,5,False,1000,1000
28653,138,degCent,10,0.7565684713375797,0,29,None,66,1,5,False,1000,1000
28654,139,degCent,10,0.7573646496815286,0,29,None,66,1,5,False,1000,1000
28655,135,degCent,10,0.7306926751592356,0,9,None,66,1,5,False,1000,1000
28656,136,degCent,10,0.7330812101910829,0,9,None,66,1,5,False,1000,1000
28657,137,degCent,10,0.7373606687898089,0,9,None,66,1,5,False,1000,1000
28658,138,degCent,10,0.741640127388535,0,9,None,66,1,5,False,1000,1000
28659,139,degCent,10,0.7445262738853503,0,9,None,66,1,5,False,1000,1000
28660,135,degCent,10,0.7302945859872612,0,12,None,66,1,5,False,1000,1000
28661,136,degCent,10,0.7321855095541401,0,12,None,66,1,5,False,1000,1000
28662,137,degCent,10,0.7320859872611465,0,12,None,66,1,5,False,1000,1000
28663,138,degCent,10,0.7327826433121019,0,12,None,66,1,5,False,1000,1000
28664,139,degCent,10,0.7337778662420382,0,12,None,66,1,5,False,1000,1000
28665,135,degCent,10,0.6998407643312102,0,26,None,66,1,5,False,1000,1000
28666,136,degCent,10,0.7015326433121019,0,26,None,66,1,5,False,1000,1000
28667,137,degCent,10,0.7030254777070064,0,26,None,66,1,5,False,1000,1000
28668,138,degCent,10,0.7048168789808917,0,26,None,66,1,5,False,1000,1000
28669,139,degCent,10,0.7055135350318471,0,26,None,66,1,5,False,1000,1000
28670,135,degCent,10,0.7617436305732485,0,6,None,66,1,5,False,1000,1000
28671,136,degCent,10,0.7626393312101911,0,6,None,66,1,5,False,1000,1000
28672,137,degCent,10,0.7625398089171974,0,6,None,66,1,5,False,1000,1000
28673,138,degCent,10,0.7631369426751592,0,6,None,66,1,5,False,1000,1000
28674,139,degCent,10,0.7640326433121019,0,6,None,66,1,5,False,1000,1000
28675,135,degCent,10,0.7651273885350318,0,28,None,66,1,5,False,1000,1000
28676,136,degCent,10,0.7665207006369427,0,28,None,66,1,5,False,1000,1000
28677,137,degCent,10,0.7672173566878981,0,28,None,66,1,5,False,1000,1000
28678,138,degCent,10,0.7686106687898089,0,28,None,66,1,5,False,1000,1000
28679,139,degCent,10,0.7701035031847133,0,28,None,66,1,5,False,1000,1000
28680,135,degCent,10,0.7581608280254777,0,0,None,66,1,5,False,1000,1000
28681,136,degCent,10,0.7595541401273885,0,0,None,66,1,5,False,1000,1000
28682,137,degCent,10,0.7602507961783439,0,0,None,66,1,5,False,1000,1000
28683,138,degCent,10,0.7604498407643312,0,0,None,66,1,5,False,1000,1000
28684,139,degCent,10,0.7616441082802548,0,0,None,66,1,5,False,1000,1000
28685,135,degCent,10,0.756468949044586,0,8,None,66,1,5,False,1000,1000
28686,136,degCent,10,0.7576632165605095,0,8,None,66,1,5,False,1000,1000
28687,137,degCent,10,0.7597531847133758,0,8,None,66,1,5,False,1000,1000
28688,138,degCent,10,0.7604498407643312,0,8,None,66,1,5,False,1000,1000
28689,139,degCent,10,0.7614450636942676,0,8,None,66,1,5,False,1000,1000
28690,135,degCent,10,0.769406847133758,0,18,None,66,1,5,False,1000,1000
28691,136,degCent,10,0.7698049363057324,0,18,None,66,1,5,False,1000,1000
28692,137,degCent,10,0.7703025477707006,0,18,None,66,1,5,False,1000,1000
28693,138,degCent,10,0.7699044585987261,0,18,None,66,1,5,False,1000,1000
28694,139,degCent,10,0.7704020700636943,0,18,None,66,1,5,False,1000,1000
28695,135,degCent,10,0.7207404458598726,0,19,None,66,1,5,False,1000,1000
28696,136,degCent,10,0.7238256369426752,0,19,None,66,1,5,False,1000,1000
28697,137,degCent,10,0.7257165605095541,0,19,None,66,1,5,False,1000,1000
28698,138,degCent,10,0.7269108280254777,0,19,None,66,1,5,False,1000,1000
28699,139,degCent,10,0.7285031847133758,0,19,None,66,1,5,False,1000,1000
28700,135,degCent,10,0.5440883757961783,0,31,None,66,1,5,False,1000,1000
28701,136,degCent,10,0.6114649681528662,0,31,None,66,1,5,False,1000,1000
28702,137,degCent,10,0.6552547770700637,0,31,None,66,1,5,False,1000,1000
28703,138,degCent,10,0.6831210191082803,0,31,None,66,1,5,False,1000,1000
28704,139,degCent,10,0.7018312101910829,0,31,None,66,1,5,False,1000,1000
28705,135,degCent,10,0.7644307324840764,0,3,None,66,1,5,False,1000,1000
28706,136,degCent,10,0.7644307324840764,0,3,None,66,1,5,False,1000,1000
28707,137,degCent,10,0.7648288216560509,0,3,None,66,1,5,False,1000,1000
28708,138,degCent,10,0.7651273885350318,0,3,None,66,1,5,False,1000,1000
28709,139,degCent,10,0.7652269108280255,0,3,None,66,1,5,False,1000,1000
28710,140,degCent,10,0.7741839171974523,0,18,None,66,1,5,False,1000,1000
28711,141,degCent,10,0.7742834394904459,0,18,None,66,1,5,False,1000,1000
28712,142,degCent,10,0.7741839171974523,0,18,None,66,1,5,False,1000,1000
28713,143,degCent,10,0.7743829617834395,0,18,None,66,1,5,False,1000,1000
28714,144,degCent,10,0.7737858280254777,0,18,None,66,1,5,False,1000,1000
28715,140,degCent,10,0.7215366242038217,0,19,None,66,1,5,False,1000,1000
28716,141,degCent,10,0.7245222929936306,0,19,None,66,1,5,False,1000,1000
28717,142,degCent,10,0.7272093949044586,0,19,None,66,1,5,False,1000,1000
28718,143,degCent,10,0.7286027070063694,0,19,None,66,1,5,False,1000,1000
28719,144,degCent,10,0.7310907643312102,0,19,None,66,1,5,False,1000,1000
28720,140,degCent,10,0.7173566878980892,0,30,None,66,1,5,False,1000,1000
28721,141,degCent,10,0.71984474522293,0,30,None,66,1,5,False,1000,1000
28722,142,degCent,10,0.7232285031847133,0,30,None,66,1,5,False,1000,1000
28723,143,degCent,10,0.7258160828025477,0,30,None,66,1,5,False,1000,1000
28724,144,degCent,10,0.7280055732484076,0,30,None,66,1,5,False,1000,1000
28725,140,degCent,10,0.5407046178343949,0,31,None,66,1,5,False,1000,1000
28726,141,degCent,10,0.6175358280254777,0,31,None,66,1,5,False,1000,1000
28727,142,degCent,10,0.6620222929936306,0,31,None,66,1,5,False,1000,1000
28728,143,degCent,10,0.6925756369426752,0,31,None,66,1,5,False,1000,1000
28729,144,degCent,10,0.7104896496815286,0,31,None,66,1,5,False,1000,1000
28730,140,degCent,10,0.7608479299363057,0,21,None,66,1,5,False,1000,1000
28731,141,degCent,10,0.7619426751592356,0,21,None,66,1,5,False,1000,1000
28732,142,degCent,10,0.7631369426751592,0,21,None,66,1,5,False,1000,1000
28733,143,degCent,10,0.7639331210191083,0,21,None,66,1,5,False,1000,1000
28734,144,degCent,10,0.765625,0,21,None,66,1,5,False,1000,1000
28735,140,degCent,10,0.7659235668789809,0,27,None,66,1,5,False,1000,1000
28736,141,degCent,10,0.7686106687898089,0,27,None,66,1,5,False,1000,1000
28737,142,degCent,10,0.7693073248407644,0,27,None,66,1,5,False,1000,1000
28738,143,degCent,10,0.7696058917197452,0,27,None,66,1,5,False,1000,1000
28739,144,degCent,10,0.771297770700637,0,27,None,66,1,5,False,1000,1000
28740,140,degCent,10,0.7627388535031847,0,5,None,66,1,5,False,1000,1000
28741,141,degCent,10,0.7644307324840764,0,5,None,66,1,5,False,1000,1000
28742,142,degCent,10,0.7649283439490446,0,5,None,66,1,5,False,1000,1000
28743,143,degCent,10,0.7654259554140127,0,5,None,66,1,5,False,1000,1000
28744,144,degCent,10,0.7661226114649682,0,5,None,66,1,5,False,1000,1000
28745,140,degCent,10,0.759156050955414,0,16,None,66,1,5,False,1000,1000
28746,141,degCent,10,0.7605493630573248,0,16,None,66,1,5,False,1000,1000
28747,142,degCent,10,0.761046974522293,0,16,None,66,1,5,False,1000,1000
28748,143,degCent,10,0.7614450636942676,0,16,None,66,1,5,False,1000,1000
28749,144,degCent,10,0.7623407643312102,0,16,None,66,1,5,False,1000,1000
28750,140,degCent,10,0.761046974522293,0,7,None,66,1,5,False,1000,1000
28751,141,degCent,10,0.7628383757961783,0,7,None,66,1,5,False,1000,1000
28752,142,degCent,10,0.763734076433121,0,7,None,66,1,5,False,1000,1000
28753,143,degCent,10,0.7636345541401274,0,7,None,66,1,5,False,1000,1000
28754,144,degCent,10,0.7647292993630573,0,7,None,66,1,5,False,1000,1000
28755,140,degCent,10,0.7567675159235668,0,29,None,66,1,5,False,1000,1000
28756,141,degCent,10,0.758359872611465,0,29,None,66,1,5,False,1000,1000
28757,142,degCent,10,0.7584593949044586,0,29,None,66,1,5,False,1000,1000
28758,143,degCent,10,0.7605493630573248,0,29,None,66,1,5,False,1000,1000
28759,144,degCent,10,0.7612460191082803,0,29,None,66,1,5,False,1000,1000
28760,140,degCent,10,0.7385549363057324,0,13,None,66,1,5,False,1000,1000
28761,141,degCent,10,0.7405453821656051,0,13,None,66,1,5,False,1000,1000
28762,142,degCent,10,0.7417396496815286,0,13,None,66,1,5,False,1000,1000
28763,143,degCent,10,0.7424363057324841,0,13,None,66,1,5,False,1000,1000
28764,144,degCent,10,0.7441281847133758,0,13,None,66,1,5,False,1000,1000
28765,140,degCent,10,0.7678144904458599,0,25,None,66,1,5,False,1000,1000
28766,141,degCent,10,0.7701035031847133,0,25,None,66,1,5,False,1000,1000
28767,142,degCent,10,0.7719944267515924,0,25,None,66,1,5,False,1000,1000
28768,143,degCent,10,0.7727906050955414,0,25,None,66,1,5,False,1000,1000
28769,144,degCent,10,0.7740843949044586,0,25,None,66,1,5,False,1000,1000
28770,140,degCent,10,0.7333797770700637,0,12,None,66,1,5,False,1000,1000
28771,141,degCent,10,0.7338773885350318,0,12,None,66,1,5,False,1000,1000
28772,142,degCent,10,0.7345740445859873,0,12,None,66,1,5,False,1000,1000
28773,143,degCent,10,0.73546974522293,0,12,None,66,1,5,False,1000,1000
28774,144,degCent,10,0.7361664012738853,0,12,None,66,1,5,False,1000,1000
28775,140,degCent,10,0.7015326433121019,0,26,None,66,1,5,False,1000,1000
28776,141,degCent,10,0.7029259554140127,0,26,None,66,1,5,False,1000,1000
28777,142,degCent,10,0.7045183121019108,0,26,None,66,1,5,False,1000,1000
28778,143,degCent,10,0.7063097133757962,0,26,None,66,1,5,False,1000,1000
28779,144,degCent,10,0.7083001592356688,0,26,None,66,1,5,False,1000,1000
28780,140,degCent,10,0.7638335987261147,0,15,None,66,1,5,False,1000,1000
28781,141,degCent,10,0.7650278662420382,0,15,None,66,1,5,False,1000,1000
28782,142,degCent,10,0.7659235668789809,0,15,None,66,1,5,False,1000,1000
28783,143,degCent,10,0.7673168789808917,0,15,None,66,1,5,False,1000,1000
28784,144,degCent,10,0.7678144904458599,0,15,None,66,1,5,False,1000,1000
28785,140,degCent,10,0.7561703821656051,0,11,None,66,1,5,False,1000,1000
28786,141,degCent,10,0.7563694267515924,0,11,None,66,1,5,False,1000,1000
28787,142,degCent,10,0.7559713375796179,0,11,None,66,1,5,False,1000,1000
28788,143,degCent,10,0.7560708598726115,0,11,None,66,1,5,False,1000,1000
28789,144,degCent,10,0.7567675159235668,0,11,None,66,1,5,False,1000,1000
28790,140,degCent,10,0.6695859872611465,0,24,None,66,1,5,False,1000,1000
28791,141,degCent,10,0.6804339171974523,0,24,None,66,1,5,False,1000,1000
28792,142,degCent,10,0.6835191082802548,0,24,None,66,1,5,False,1000,1000
28793,143,degCent,10,0.7026273885350318,0,24,None,66,1,5,False,1000,1000
28794,144,degCent,10,0.7076035031847133,0,24,None,66,1,5,False,1000,1000
28795,140,degCent,10,0.7631369426751592,0,17,None,66,1,5,False,1000,1000
28796,141,degCent,10,0.7626393312101911,0,17,None,66,1,5,False,1000,1000
28797,142,degCent,10,0.7633359872611465,0,17,None,66,1,5,False,1000,1000
28798,143,degCent,10,0.76453025477707,0,17,None,66,1,5,False,1000,1000
28799,144,degCent,10,0.7658240445859873,0,17,None,66,1,5,False,1000,1000
28800,140,degCent,10,0.7691082802547771,0,28,None,66,1,5,False,1000,1000
28801,141,degCent,10,0.7692078025477707,0,28,None,66,1,5,False,1000,1000
28802,142,degCent,10,0.7708996815286624,0,28,None,66,1,5,False,1000,1000
28803,143,degCent,10,0.7732882165605095,0,28,None,66,1,5,False,1000,1000
28804,144,degCent,10,0.7737858280254777,0,28,None,66,1,5,False,1000,1000
28805,140,degCent,10,0.7693073248407644,0,14,None,66,1,5,False,1000,1000
28806,141,degCent,10,0.7699044585987261,0,14,None,66,1,5,False,1000,1000
28807,142,degCent,10,0.7692078025477707,0,14,None,66,1,5,False,1000,1000
28808,143,degCent,10,0.7690087579617835,0,14,None,66,1,5,False,1000,1000
28809,144,degCent,10,0.7696058917197452,0,14,None,66,1,5,False,1000,1000
28810,140,degCent,10,0.7339769108280255,0,9,None,66,1,5,False,1000,1000
28811,141,degCent,10,0.738156847133758,0,9,None,66,1,5,False,1000,1000
28812,142,degCent,10,0.7420382165605095,0,9,None,66,1,5,False,1000,1000
28813,143,degCent,10,0.745421974522293,0,9,None,66,1,5,False,1000,1000
28814,144,degCent,10,0.7483081210191083,0,9,None,66,1,5,False,1000,1000
28815,140,degCent,10,0.5703622611464968,0,1,None,66,1,5,False,1000,1000
28816,141,degCent,10,0.645203025477707,0,1,None,66,1,5,False,1000,1000
28817,142,degCent,10,0.6687898089171974,0,1,None,66,1,5,False,1000,1000
28818,143,degCent,10,0.6792396496815286,0,1,None,66,1,5,False,1000,1000
28819,144,degCent,10,0.6861066878980892,0,1,None,66,1,5,False,1000,1000
28820,140,degCent,10,0.7649283439490446,0,2,None,66,1,5,False,1000,1000
28821,141,degCent,10,0.765625,0,2,None,66,1,5,False,1000,1000
28822,142,degCent,10,0.7650278662420382,0,2,None,66,1,5,False,1000,1000
28823,143,degCent,10,0.7653264331210191,0,2,None,66,1,5,False,1000,1000
28824,144,degCent,10,0.765625,0,2,None,66,1,5,False,1000,1000
28825,140,degCent,10,0.7620421974522293,0,0,None,66,1,5,False,1000,1000
28826,141,degCent,10,0.7632364649681529,0,0,None,66,1,5,False,1000,1000
28827,142,degCent,10,0.7632364649681529,0,0,None,66,1,5,False,1000,1000
28828,143,degCent,10,0.7644307324840764,0,0,None,66,1,5,False,1000,1000
28829,144,degCent,10,0.765625,0,0,None,66,1,5,False,1000,1000
28830,140,degCent,10,0.7468152866242038,0,4,None,66,1,5,False,1000,1000
28831,141,degCent,10,0.7483081210191083,0,4,None,66,1,5,False,1000,1000
28832,142,degCent,10,0.74890525477707,0,4,None,66,1,5,False,1000,1000
28833,143,degCent,10,0.7488057324840764,0,4,None,66,1,5,False,1000,1000
28834,144,degCent,10,0.7491042993630573,0,4,None,66,1,5,False,1000,1000
28835,140,degCent,10,0.7654259554140127,0,3,None,66,1,5,False,1000,1000
28836,141,degCent,10,0.7654259554140127,0,3,None,66,1,5,False,1000,1000
28837,142,degCent,10,0.7655254777070064,0,3,None,66,1,5,False,1000,1000
28838,143,degCent,10,0.765625,0,3,None,66,1,5,False,1000,1000
28839,144,degCent,10,0.7668192675159236,0,3,None,66,1,5,False,1000,1000
28840,140,degCent,10,0.7651273885350318,0,6,None,66,1,5,False,1000,1000
28841,141,degCent,10,0.7654259554140127,0,6,None,66,1,5,False,1000,1000
28842,142,degCent,10,0.7654259554140127,0,6,None,66,1,5,False,1000,1000
28843,143,degCent,10,0.7664211783439491,0,6,None,66,1,5,False,1000,1000
28844,144,degCent,10,0.7665207006369427,0,6,None,66,1,5,False,1000,1000
28845,140,degCent,10,0.7609474522292994,0,8,None,66,1,5,False,1000,1000
28846,141,degCent,10,0.7624402866242038,0,8,None,66,1,5,False,1000,1000
28847,142,degCent,10,0.7642316878980892,0,8,None,66,1,5,False,1000,1000
28848,143,degCent,10,0.7653264331210191,0,8,None,66,1,5,False,1000,1000
28849,144,degCent,10,0.765625,0,8,None,66,1,5,False,1000,1000
28850,140,degCent,10,0.7529856687898089,0,10,None,66,1,5,False,1000,1000
28851,141,degCent,10,0.7543789808917197,0,10,None,66,1,5,False,1000,1000
28852,142,degCent,10,0.7552746815286624,0,10,None,66,1,5,False,1000,1000
28853,143,degCent,10,0.7565684713375797,0,10,None,66,1,5,False,1000,1000
28854,144,degCent,10,0.7573646496815286,0,10,None,66,1,5,False,1000,1000
28855,140,degCent,10,0.7608479299363057,0,20,None,66,1,5,False,1000,1000
28856,141,degCent,10,0.7616441082802548,0,20,None,66,1,5,False,1000,1000
28857,142,degCent,10,0.7623407643312102,0,20,None,66,1,5,False,1000,1000
28858,143,degCent,10,0.7632364649681529,0,20,None,66,1,5,False,1000,1000
28859,144,degCent,10,0.7634355095541401,0,20,None,66,1,5,False,1000,1000
28860,140,degCent,10,0.7581608280254777,0,22,None,66,1,5,False,1000,1000
28861,141,degCent,10,0.7582603503184714,0,22,None,66,1,5,False,1000,1000
28862,142,degCent,10,0.759156050955414,0,22,None,66,1,5,False,1000,1000
28863,143,degCent,10,0.7608479299363057,0,22,None,66,1,5,False,1000,1000
28864,144,degCent,10,0.7613455414012739,0,22,None,66,1,5,False,1000,1000
28865,140,degCent,10,0.7472133757961783,0,32,None,66,1,5,False,1000,1000
28866,141,degCent,10,0.7487062101910829,0,32,None,66,1,5,False,1000,1000
28867,142,degCent,10,0.7506966560509554,0,32,None,66,1,5,False,1000,1000
28868,143,degCent,10,0.7522890127388535,0,32,None,66,1,5,False,1000,1000
28869,144,degCent,10,0.7535828025477707,0,32,None,66,1,5,False,1000,1000
28870,140,degCent,10,0.7562699044585988,0,23,None,66,1,5,False,1000,1000
28871,141,degCent,10,0.7561703821656051,0,23,None,66,1,5,False,1000,1000
28872,142,degCent,10,0.7574641719745223,0,23,None,66,1,5,False,1000,1000
28873,143,degCent,10,0.7579617834394905,0,23,None,66,1,5,False,1000,1000
28874,144,degCent,10,0.7593550955414012,0,23,None,66,1,5,False,1000,1000
28875,145,degCent,10,0.5667794585987261,0,1,None,66,1,5,False,1000,1000
28876,146,degCent,10,0.6466958598726115,0,1,None,66,1,5,False,1000,1000
28877,147,degCent,10,0.6709792993630573,0,1,None,66,1,5,False,1000,1000
28878,148,degCent,10,0.6821257961783439,0,1,None,66,1,5,False,1000,1000
28879,149,degCent,10,0.6872014331210191,0,1,None,66,1,5,False,1000,1000
28880,145,degCent,10,0.7669187898089171,0,2,None,66,1,5,False,1000,1000
28881,146,degCent,10,0.7677149681528662,0,2,None,66,1,5,False,1000,1000
28882,147,degCent,10,0.7677149681528662,0,2,None,66,1,5,False,1000,1000
28883,148,degCent,10,0.7676154458598726,0,2,None,66,1,5,False,1000,1000
28884,149,degCent,10,0.7679140127388535,0,2,None,66,1,5,False,1000,1000
28885,145,degCent,10,0.761843152866242,0,23,None,66,1,5,False,1000,1000
28886,146,degCent,10,0.7622412420382165,0,23,None,66,1,5,False,1000,1000
28887,147,degCent,10,0.7633359872611465,0,23,None,66,1,5,False,1000,1000
28888,148,degCent,10,0.7640326433121019,0,23,None,66,1,5,False,1000,1000
28889,149,degCent,10,0.7641321656050956,0,23,None,66,1,5,False,1000,1000
28890,145,degCent,10,0.7710987261146497,0,28,None,66,1,5,False,1000,1000
28891,146,degCent,10,0.772890127388535,0,28,None,66,1,5,False,1000,1000
28892,147,degCent,10,0.7743829617834395,0,28,None,66,1,5,False,1000,1000
28893,148,degCent,10,0.7765724522292994,0,28,None,66,1,5,False,1000,1000
28894,149,degCent,10,0.7779657643312102,0,28,None,66,1,5,False,1000,1000
28895,145,degCent,10,0.7590565286624203,0,29,None,66,1,5,False,1000,1000
28896,146,degCent,10,0.7607484076433121,0,29,None,66,1,5,False,1000,1000
28897,147,degCent,10,0.7624402866242038,0,29,None,66,1,5,False,1000,1000
28898,148,degCent,10,0.7624402866242038,0,29,None,66,1,5,False,1000,1000
28899,149,degCent,10,0.762937898089172,0,29,None,66,1,5,False,1000,1000
28900,145,degCent,10,0.7647292993630573,0,5,None,66,1,5,False,1000,1000
28901,146,degCent,10,0.7664211783439491,0,5,None,66,1,5,False,1000,1000
28902,147,degCent,10,0.7669187898089171,0,5,None,66,1,5,False,1000,1000
28903,148,degCent,10,0.7677149681528662,0,5,None,66,1,5,False,1000,1000
28904,149,degCent,10,0.7695063694267515,0,5,None,66,1,5,False,1000,1000
28905,145,degCent,10,0.7658240445859873,0,20,None,66,1,5,False,1000,1000
28906,146,degCent,10,0.7661226114649682,0,20,None,66,1,5,False,1000,1000
28907,147,degCent,10,0.7664211783439491,0,20,None,66,1,5,False,1000,1000
28908,148,degCent,10,0.7665207006369427,0,20,None,66,1,5,False,1000,1000
28909,149,degCent,10,0.7671178343949044,0,20,None,66,1,5,False,1000,1000
28910,145,degCent,10,0.7506966560509554,0,32,None,66,1,5,False,1000,1000
28911,146,degCent,10,0.7520899681528662,0,32,None,66,1,5,False,1000,1000
28912,147,degCent,10,0.7529856687898089,0,32,None,66,1,5,False,1000,1000
28913,148,degCent,10,0.7549761146496815,0,32,None,66,1,5,False,1000,1000
28914,149,degCent,10,0.755672770700637,0,32,None,66,1,5,False,1000,1000
28915,145,degCent,10,0.7430334394904459,0,13,None,66,1,5,False,1000,1000
28916,146,degCent,10,0.7432324840764332,0,13,None,66,1,5,False,1000,1000
28917,147,degCent,10,0.7442277070063694,0,13,None,66,1,5,False,1000,1000
28918,148,degCent,10,0.7465167197452229,0,13,None,66,1,5,False,1000,1000
28919,149,degCent,10,0.7484076433121019,0,13,None,66,1,5,False,1000,1000
28920,145,degCent,10,0.7577627388535032,0,11,None,66,1,5,False,1000,1000
28921,146,degCent,10,0.7580613057324841,0,11,None,66,1,5,False,1000,1000
28922,147,degCent,10,0.7595541401273885,0,11,None,66,1,5,False,1000,1000
28923,148,degCent,10,0.7600517515923567,0,11,None,66,1,5,False,1000,1000
28924,149,degCent,10,0.7593550955414012,0,11,None,66,1,5,False,1000,1000
28925,145,degCent,10,0.7016321656050956,0,26,None,66,1,5,False,1000,1000
28926,146,degCent,10,0.7036226114649682,0,26,None,66,1,5,False,1000,1000
28927,147,degCent,10,0.7059116242038217,0,26,None,66,1,5,False,1000,1000
28928,148,degCent,10,0.7078025477707006,0,26,None,66,1,5,False,1000,1000
28929,149,degCent,10,0.7093949044585988,0,26,None,66,1,5,False,1000,1000
28930,145,degCent,10,0.7676154458598726,0,6,None,66,1,5,False,1000,1000
28931,146,degCent,10,0.7672173566878981,0,6,None,66,1,5,False,1000,1000
28932,147,degCent,10,0.7678144904458599,0,6,None,66,1,5,False,1000,1000
28933,148,degCent,10,0.7685111464968153,0,6,None,66,1,5,False,1000,1000
28934,149,degCent,10,0.7688097133757962,0,6,None,66,1,5,False,1000,1000
28935,145,degCent,10,0.7642316878980892,0,7,None,66,1,5,False,1000,1000
28936,146,degCent,10,0.7653264331210191,0,7,None,66,1,5,False,1000,1000
28937,147,degCent,10,0.7666202229299363,0,7,None,66,1,5,False,1000,1000
28938,148,degCent,10,0.7676154458598726,0,7,None,66,1,5,False,1000,1000
28939,149,degCent,10,0.7689092356687898,0,7,None,66,1,5,False,1000,1000
28940,145,degCent,10,0.7648288216560509,0,21,None,66,1,5,False,1000,1000
28941,146,degCent,10,0.7663216560509554,0,21,None,66,1,5,False,1000,1000
28942,147,degCent,10,0.7665207006369427,0,21,None,66,1,5,False,1000,1000
28943,148,degCent,10,0.7699044585987261,0,21,None,66,1,5,False,1000,1000
28944,149,degCent,10,0.7701035031847133,0,21,None,66,1,5,False,1000,1000
28945,145,degCent,10,0.7639331210191083,0,17,None,66,1,5,False,1000,1000
28946,146,degCent,10,0.7653264331210191,0,17,None,66,1,5,False,1000,1000
28947,147,degCent,10,0.7666202229299363,0,17,None,66,1,5,False,1000,1000
28948,148,degCent,10,0.7680135350318471,0,17,None,66,1,5,False,1000,1000
28949,149,degCent,10,0.7685111464968153,0,17,None,66,1,5,False,1000,1000
28950,145,degCent,10,0.7390525477707006,0,9,None,66,1,5,False,1000,1000
28951,146,degCent,10,0.7428343949044586,0,9,None,66,1,5,False,1000,1000
28952,147,degCent,10,0.7461186305732485,0,9,None,66,1,5,False,1000,1000
28953,148,degCent,10,0.7491042993630573,0,9,None,66,1,5,False,1000,1000
28954,149,degCent,10,0.7514928343949044,0,9,None,66,1,5,False,1000,1000
28955,145,degCent,10,0.7713972929936306,0,25,None,66,1,5,False,1000,1000
28956,146,degCent,10,0.7724920382165605,0,25,None,66,1,5,False,1000,1000
28957,147,degCent,10,0.7737858280254777,0,25,None,66,1,5,False,1000,1000
28958,148,degCent,10,0.7760748407643312,0,25,None,66,1,5,False,1000,1000
28959,149,degCent,10,0.777468152866242,0,25,None,66,1,5,False,1000,1000
28960,145,degCent,10,0.7355692675159236,0,12,None,66,1,5,False,1000,1000
28961,146,degCent,10,0.73546974522293,0,12,None,66,1,5,False,1000,1000
28962,147,degCent,10,0.7357683121019108,0,12,None,66,1,5,False,1000,1000
28963,148,degCent,10,0.7367635350318471,0,12,None,66,1,5,False,1000,1000
28964,149,degCent,10,0.7374601910828026,0,12,None,66,1,5,False,1000,1000
28965,145,degCent,10,0.7625398089171974,0,16,None,66,1,5,False,1000,1000
28966,146,degCent,10,0.7636345541401274,0,16,None,66,1,5,False,1000,1000
28967,147,degCent,10,0.7648288216560509,0,16,None,66,1,5,False,1000,1000
28968,148,degCent,10,0.765625,0,16,None,66,1,5,False,1000,1000
28969,149,degCent,10,0.7657245222929936,0,16,None,66,1,5,False,1000,1000
28970,145,degCent,10,0.7655254777070064,0,8,None,66,1,5,False,1000,1000
28971,146,degCent,10,0.7655254777070064,0,8,None,66,1,5,False,1000,1000
28972,147,degCent,10,0.7669187898089171,0,8,None,66,1,5,False,1000,1000
28973,148,degCent,10,0.7670183121019108,0,8,None,66,1,5,False,1000,1000
28974,149,degCent,10,0.7670183121019108,0,8,None,66,1,5,False,1000,1000
28975,145,degCent,10,0.7266122611464968,0,19,None,66,1,5,False,1000,1000
28976,146,degCent,10,0.7294984076433121,0,19,None,66,1,5,False,1000,1000
28977,147,degCent,10,0.7312898089171974,0,19,None,66,1,5,False,1000,1000
28978,148,degCent,10,0.7327826433121019,0,19,None,66,1,5,False,1000,1000
28979,149,degCent,10,0.7346735668789809,0,19,None,66,1,5,False,1000,1000
28980,145,degCent,10,0.7763734076433121,0,18,None,66,1,5,False,1000,1000
28981,146,degCent,10,0.7771695859872612,0,18,None,66,1,5,False,1000,1000
28982,147,degCent,10,0.7769705414012739,0,18,None,66,1,5,False,1000,1000
28983,148,degCent,10,0.7768710191082803,0,18,None,66,1,5,False,1000,1000
28984,149,degCent,10,0.7769705414012739,0,18,None,66,1,5,False,1000,1000
28985,145,degCent,10,0.6689888535031847,0,24,None,66,1,5,False,1000,1000
28986,146,degCent,10,0.6801353503184714,0,24,None,66,1,5,False,1000,1000
28987,147,degCent,10,0.6923765923566879,0,24,None,66,1,5,False,1000,1000
28988,148,degCent,10,0.7097929936305732,0,24,None,66,1,5,False,1000,1000
28989,149,degCent,10,0.7078025477707006,0,24,None,66,1,5,False,1000,1000
28990,145,degCent,10,0.7666202229299363,0,0,None,66,1,5,False,1000,1000
28991,146,degCent,10,0.7671178343949044,0,0,None,66,1,5,False,1000,1000
28992,147,degCent,10,0.7671178343949044,0,0,None,66,1,5,False,1000,1000
28993,148,degCent,10,0.7678144904458599,0,0,None,66,1,5,False,1000,1000
28994,149,degCent,10,0.7684116242038217,0,0,None,66,1,5,False,1000,1000
28995,145,degCent,10,0.7707006369426752,0,27,None,66,1,5,False,1000,1000
28996,146,degCent,10,0.7727906050955414,0,27,None,66,1,5,False,1000,1000
28997,147,degCent,10,0.7729896496815286,0,27,None,66,1,5,False,1000,1000
28998,148,degCent,10,0.7722929936305732,0,27,None,66,1,5,False,1000,1000
28999,149,degCent,10,0.7735867834394905,0,27,None,66,1,5,False,1000,1000
29000,145,degCent,10,0.7210390127388535,0,30,None,66,1,5,False,1000,1000
29001,146,degCent,10,0.725218949044586,0,30,None,66,1,5,False,1000,1000
29002,147,degCent,10,0.7280055732484076,0,30,None,66,1,5,False,1000,1000
29003,148,degCent,10,0.7306926751592356,0,30,None,66,1,5,False,1000,1000
29004,149,degCent,10,0.7318869426751592,0,30,None,66,1,5,False,1000,1000
29005,145,degCent,10,0.5431926751592356,0,31,None,66,1,5,False,1000,1000
29006,146,degCent,10,0.6238057324840764,0,31,None,66,1,5,False,1000,1000
29007,147,degCent,10,0.6700835987261147,0,31,None,66,1,5,False,1000,1000
29008,148,degCent,10,0.7002388535031847,0,31,None,66,1,5,False,1000,1000
29009,149,degCent,10,0.7156648089171974,0,31,None,66,1,5,False,1000,1000
29010,145,degCent,10,0.772890127388535,0,14,None,66,1,5,False,1000,1000
29011,146,degCent,10,0.7731886942675159,0,14,None,66,1,5,False,1000,1000
29012,147,degCent,10,0.7727906050955414,0,14,None,66,1,5,False,1000,1000
29013,148,degCent,10,0.7737858280254777,0,14,None,66,1,5,False,1000,1000
29014,149,degCent,10,0.7731886942675159,0,14,None,66,1,5,False,1000,1000
29015,145,degCent,10,0.7597531847133758,0,22,None,66,1,5,False,1000,1000
29016,146,degCent,10,0.7604498407643312,0,22,None,66,1,5,False,1000,1000
29017,147,degCent,10,0.7615445859872612,0,22,None,66,1,5,False,1000,1000
29018,148,degCent,10,0.7619426751592356,0,22,None,66,1,5,False,1000,1000
29019,149,degCent,10,0.7625398089171974,0,22,None,66,1,5,False,1000,1000
29020,145,degCent,10,0.7495023885350318,0,4,None,66,1,5,False,1000,1000
29021,146,degCent,10,0.7503980891719745,0,4,None,66,1,5,False,1000,1000
29022,147,degCent,10,0.7516918789808917,0,4,None,66,1,5,False,1000,1000
29023,148,degCent,10,0.7517914012738853,0,4,None,66,1,5,False,1000,1000
29024,149,degCent,10,0.7520899681528662,0,4,None,66,1,5,False,1000,1000
29025,145,degCent,10,0.7576632165605095,0,10,None,66,1,5,False,1000,1000
29026,146,degCent,10,0.7573646496815286,0,10,None,66,1,5,False,1000,1000
29027,147,degCent,10,0.758359872611465,0,10,None,66,1,5,False,1000,1000
29028,148,degCent,10,0.7595541401273885,0,10,None,66,1,5,False,1000,1000
29029,149,degCent,10,0.7605493630573248,0,10,None,66,1,5,False,1000,1000
29030,145,degCent,10,0.7658240445859873,0,15,None,66,1,5,False,1000,1000
29031,146,degCent,10,0.76671974522293,0,15,None,66,1,5,False,1000,1000
29032,147,degCent,10,0.7681130573248408,0,15,None,66,1,5,False,1000,1000
29033,148,degCent,10,0.7690087579617835,0,15,None,66,1,5,False,1000,1000
29034,149,degCent,10,0.7699044585987261,0,15,None,66,1,5,False,1000,1000
29035,145,degCent,10,0.7681130573248408,0,3,None,66,1,5,False,1000,1000
29036,146,degCent,10,0.7686106687898089,0,3,None,66,1,5,False,1000,1000
29037,147,degCent,10,0.7681130573248408,0,3,None,66,1,5,False,1000,1000
29038,148,degCent,10,0.7680135350318471,0,3,None,66,1,5,False,1000,1000
29039,149,degCent,10,0.7684116242038217,0,3,None,66,1,5,False,1000,1000
29040,150,degCent,10,0.7227308917197452,0,30,None,66,1,5,False,1000,1000
29041,151,degCent,10,0.7280055732484076,0,30,None,66,1,5,False,1000,1000
29042,152,degCent,10,0.7300955414012739,0,30,None,66,1,5,False,1000,1000
29043,153,degCent,10,0.732484076433121,0,30,None,66,1,5,False,1000,1000
29044,154,degCent,10,0.73546974522293,0,30,None,66,1,5,False,1000,1000
29045,150,degCent,10,0.5679737261146497,0,1,None,66,1,5,False,1000,1000
29046,151,degCent,10,0.6509753184713376,0,1,None,66,1,5,False,1000,1000
29047,152,degCent,10,0.6743630573248408,0,1,None,66,1,5,False,1000,1000
29048,153,degCent,10,0.6838176751592356,0,1,None,66,1,5,False,1000,1000
29049,154,degCent,10,0.6892914012738853,0,1,None,66,1,5,False,1000,1000
29050,150,degCent,10,0.7688097133757962,0,21,None,66,1,5,False,1000,1000
29051,151,degCent,10,0.7689092356687898,0,21,None,66,1,5,False,1000,1000
29052,152,degCent,10,0.7715963375796179,0,21,None,66,1,5,False,1000,1000
29053,153,degCent,10,0.7732882165605095,0,21,None,66,1,5,False,1000,1000
29054,154,degCent,10,0.7736863057324841,0,21,None,66,1,5,False,1000,1000
29055,150,degCent,10,0.7744824840764332,0,27,None,66,1,5,False,1000,1000
29056,151,degCent,10,0.7737858280254777,0,27,None,66,1,5,False,1000,1000
29057,152,degCent,10,0.7744824840764332,0,27,None,66,1,5,False,1000,1000
29058,153,degCent,10,0.7754777070063694,0,27,None,66,1,5,False,1000,1000
29059,154,degCent,10,0.775577229299363,0,27,None,66,1,5,False,1000,1000
29060,150,degCent,10,0.7688097133757962,0,2,None,66,1,5,False,1000,1000
29061,151,degCent,10,0.7695063694267515,0,2,None,66,1,5,False,1000,1000
29062,152,degCent,10,0.7693073248407644,0,2,None,66,1,5,False,1000,1000
29063,153,degCent,10,0.7696058917197452,0,2,None,66,1,5,False,1000,1000
29064,154,degCent,10,0.7705015923566879,0,2,None,66,1,5,False,1000,1000
29065,150,degCent,10,0.7668192675159236,0,5,None,66,1,5,False,1000,1000
29066,151,degCent,10,0.7689092356687898,0,5,None,66,1,5,False,1000,1000
29067,152,degCent,10,0.7704020700636943,0,5,None,66,1,5,False,1000,1000
29068,153,degCent,10,0.771297770700637,0,5,None,66,1,5,False,1000,1000
29069,154,degCent,10,0.7716958598726115,0,5,None,66,1,5,False,1000,1000
29070,150,degCent,10,0.7600517515923567,0,22,None,66,1,5,False,1000,1000
29071,151,degCent,10,0.7613455414012739,0,22,None,66,1,5,False,1000,1000
29072,152,degCent,10,0.7619426751592356,0,22,None,66,1,5,False,1000,1000
29073,153,degCent,10,0.7628383757961783,0,22,None,66,1,5,False,1000,1000
29074,154,degCent,10,0.7642316878980892,0,22,None,66,1,5,False,1000,1000
29075,150,degCent,10,0.7653264331210191,0,23,None,66,1,5,False,1000,1000
29076,151,degCent,10,0.7655254777070064,0,23,None,66,1,5,False,1000,1000
29077,152,degCent,10,0.765625,0,23,None,66,1,5,False,1000,1000
29078,153,degCent,10,0.7652269108280255,0,23,None,66,1,5,False,1000,1000
29079,154,degCent,10,0.76671974522293,0,23,None,66,1,5,False,1000,1000
29080,150,degCent,10,0.7670183121019108,0,7,None,66,1,5,False,1000,1000
29081,151,degCent,10,0.7684116242038217,0,7,None,66,1,5,False,1000,1000
29082,152,degCent,10,0.7684116242038217,0,7,None,66,1,5,False,1000,1000
29083,153,degCent,10,0.7705015923566879,0,7,None,66,1,5,False,1000,1000
29084,154,degCent,10,0.7701035031847133,0,7,None,66,1,5,False,1000,1000
29085,150,degCent,10,0.7533837579617835,0,32,None,66,1,5,False,1000,1000
29086,151,degCent,10,0.7541799363057324,0,32,None,66,1,5,False,1000,1000
29087,152,degCent,10,0.7559713375796179,0,32,None,66,1,5,False,1000,1000
29088,153,degCent,10,0.7569665605095541,0,32,None,66,1,5,False,1000,1000
29089,154,degCent,10,0.7586584394904459,0,32,None,66,1,5,False,1000,1000
29090,150,degCent,10,0.7689092356687898,0,6,None,66,1,5,False,1000,1000
29091,151,degCent,10,0.770203025477707,0,6,None,66,1,5,False,1000,1000
29092,152,degCent,10,0.7709992038216561,0,6,None,66,1,5,False,1000,1000
29093,153,degCent,10,0.7715963375796179,0,6,None,66,1,5,False,1000,1000
29094,154,degCent,10,0.771297770700637,0,6,None,66,1,5,False,1000,1000
29095,150,degCent,10,0.7470143312101911,0,13,None,66,1,5,False,1000,1000
29096,151,degCent,10,0.7483081210191083,0,13,None,66,1,5,False,1000,1000
29097,152,degCent,10,0.7498009554140127,0,13,None,66,1,5,False,1000,1000
29098,153,degCent,10,0.7506966560509554,0,13,None,66,1,5,False,1000,1000
29099,154,degCent,10,0.7516918789808917,0,13,None,66,1,5,False,1000,1000
29100,150,degCent,10,0.7374601910828026,0,12,None,66,1,5,False,1000,1000
29101,151,degCent,10,0.7382563694267515,0,12,None,66,1,5,False,1000,1000
29102,152,degCent,10,0.7384554140127388,0,12,None,66,1,5,False,1000,1000
29103,153,degCent,10,0.7387539808917197,0,12,None,66,1,5,False,1000,1000
29104,154,degCent,10,0.7397492038216561,0,12,None,66,1,5,False,1000,1000
29105,150,degCent,10,0.7034235668789809,0,26,None,66,1,5,False,1000,1000
29106,151,degCent,10,0.705015923566879,0,26,None,66,1,5,False,1000,1000
29107,152,degCent,10,0.7071058917197452,0,26,None,66,1,5,False,1000,1000
29108,153,degCent,10,0.7097929936305732,0,26,None,66,1,5,False,1000,1000
29109,154,degCent,10,0.7106886942675159,0,26,None,66,1,5,False,1000,1000
29110,150,degCent,10,0.7686106687898089,0,15,None,66,1,5,False,1000,1000
29111,151,degCent,10,0.7686106687898089,0,15,None,66,1,5,False,1000,1000
29112,152,degCent,10,0.770203025477707,0,15,None,66,1,5,False,1000,1000
29113,153,degCent,10,0.771297770700637,0,15,None,66,1,5,False,1000,1000
29114,154,degCent,10,0.7718949044585988,0,15,None,66,1,5,False,1000,1000
29115,150,degCent,10,0.6734673566878981,0,24,None,66,1,5,False,1000,1000
29116,151,degCent,10,0.6888933121019108,0,24,None,66,1,5,False,1000,1000
29117,152,degCent,10,0.6909832802547771,0,24,None,66,1,5,False,1000,1000
29118,153,degCent,10,0.7121815286624203,0,24,None,66,1,5,False,1000,1000
29119,154,degCent,10,0.7175557324840764,0,24,None,66,1,5,False,1000,1000
29120,150,degCent,10,0.5392117834394905,0,31,None,66,1,5,False,1000,1000
29121,151,degCent,10,0.6279856687898089,0,31,None,66,1,5,False,1000,1000
29122,152,degCent,10,0.6762539808917197,0,31,None,66,1,5,False,1000,1000
29123,153,degCent,10,0.7067078025477707,0,31,None,66,1,5,False,1000,1000
29124,154,degCent,10,0.7232285031847133,0,31,None,66,1,5,False,1000,1000
29125,150,degCent,10,0.768312101910828,0,20,None,66,1,5,False,1000,1000
29126,151,degCent,10,0.7692078025477707,0,20,None,66,1,5,False,1000,1000
29127,152,degCent,10,0.7697054140127388,0,20,None,66,1,5,False,1000,1000
29128,153,degCent,10,0.7697054140127388,0,20,None,66,1,5,False,1000,1000
29129,154,degCent,10,0.7704020700636943,0,20,None,66,1,5,False,1000,1000
29130,150,degCent,10,0.7748805732484076,0,28,None,66,1,5,False,1000,1000
29131,151,degCent,10,0.7761743630573248,0,28,None,66,1,5,False,1000,1000
29132,152,degCent,10,0.7775676751592356,0,28,None,66,1,5,False,1000,1000
29133,153,degCent,10,0.779359076433121,0,28,None,66,1,5,False,1000,1000
29134,154,degCent,10,0.78015525477707,0,28,None,66,1,5,False,1000,1000
29135,150,degCent,10,0.7517914012738853,0,4,None,66,1,5,False,1000,1000
29136,151,degCent,10,0.7530851910828026,0,4,None,66,1,5,False,1000,1000
29137,152,degCent,10,0.7543789808917197,0,4,None,66,1,5,False,1000,1000
29138,153,degCent,10,0.7541799363057324,0,4,None,66,1,5,False,1000,1000
29139,154,degCent,10,0.7541799363057324,0,4,None,66,1,5,False,1000,1000
29140,150,degCent,10,0.768312101910828,0,8,None,66,1,5,False,1000,1000
29141,151,degCent,10,0.7697054140127388,0,8,None,66,1,5,False,1000,1000
29142,152,degCent,10,0.7707006369426752,0,8,None,66,1,5,False,1000,1000
29143,153,degCent,10,0.771297770700637,0,8,None,66,1,5,False,1000,1000
29144,154,degCent,10,0.7710987261146497,0,8,None,66,1,5,False,1000,1000
29145,150,degCent,10,0.7660230891719745,0,16,None,66,1,5,False,1000,1000
29146,151,degCent,10,0.7662221337579618,0,16,None,66,1,5,False,1000,1000
29147,152,degCent,10,0.7668192675159236,0,16,None,66,1,5,False,1000,1000
29148,153,degCent,10,0.7690087579617835,0,16,None,66,1,5,False,1000,1000
29149,154,degCent,10,0.7696058917197452,0,16,None,66,1,5,False,1000,1000
29150,150,degCent,10,0.7274084394904459,0,19,None,66,1,5,False,1000,1000
29151,151,degCent,10,0.7312898089171974,0,19,None,66,1,5,False,1000,1000
29152,152,degCent,10,0.7340764331210191,0,19,None,66,1,5,False,1000,1000
29153,153,degCent,10,0.7353702229299363,0,19,None,66,1,5,False,1000,1000
29154,154,degCent,10,0.7369625796178344,0,19,None,66,1,5,False,1000,1000
29155,150,degCent,10,0.7789609872611465,0,18,None,66,1,5,False,1000,1000
29156,151,degCent,10,0.7790605095541401,0,18,None,66,1,5,False,1000,1000
29157,152,degCent,10,0.7790605095541401,0,18,None,66,1,5,False,1000,1000
29158,153,degCent,10,0.7791600318471338,0,18,None,66,1,5,False,1000,1000
29159,154,degCent,10,0.7789609872611465,0,18,None,66,1,5,False,1000,1000
29160,150,degCent,10,0.7594546178343949,0,10,None,66,1,5,False,1000,1000
29161,151,degCent,10,0.7609474522292994,0,10,None,66,1,5,False,1000,1000
29162,152,degCent,10,0.7617436305732485,0,10,None,66,1,5,False,1000,1000
29163,153,degCent,10,0.7622412420382165,0,10,None,66,1,5,False,1000,1000
29164,154,degCent,10,0.7623407643312102,0,10,None,66,1,5,False,1000,1000
29165,150,degCent,10,0.7590565286624203,0,11,None,66,1,5,False,1000,1000
29166,151,degCent,10,0.7608479299363057,0,11,None,66,1,5,False,1000,1000
29167,152,degCent,10,0.761843152866242,0,11,None,66,1,5,False,1000,1000
29168,153,degCent,10,0.7621417197452229,0,11,None,66,1,5,False,1000,1000
29169,154,degCent,10,0.7621417197452229,0,11,None,66,1,5,False,1000,1000
29170,150,degCent,10,0.7678144904458599,0,17,None,66,1,5,False,1000,1000
29171,151,degCent,10,0.7673168789808917,0,17,None,66,1,5,False,1000,1000
29172,152,degCent,10,0.7687101910828026,0,17,None,66,1,5,False,1000,1000
29173,153,degCent,10,0.7695063694267515,0,17,None,66,1,5,False,1000,1000
29174,154,degCent,10,0.7706011146496815,0,17,None,66,1,5,False,1000,1000
29175,150,degCent,10,0.7691082802547771,0,3,None,66,1,5,False,1000,1000
29176,151,degCent,10,0.7699044585987261,0,3,None,66,1,5,False,1000,1000
29177,152,degCent,10,0.7697054140127388,0,3,None,66,1,5,False,1000,1000
29178,153,degCent,10,0.7701035031847133,0,3,None,66,1,5,False,1000,1000
29179,154,degCent,10,0.7701035031847133,0,3,None,66,1,5,False,1000,1000
29180,150,degCent,10,0.7431329617834395,0,9,None,66,1,5,False,1000,1000
29181,151,degCent,10,0.7468152866242038,0,9,None,66,1,5,False,1000,1000
29182,152,degCent,10,0.7507961783439491,0,9,None,66,1,5,False,1000,1000
29183,153,degCent,10,0.7536823248407644,0,9,None,66,1,5,False,1000,1000
29184,154,degCent,10,0.756468949044586,0,9,None,66,1,5,False,1000,1000
29185,150,degCent,10,0.7746815286624203,0,14,None,66,1,5,False,1000,1000
29186,151,degCent,10,0.7749800955414012,0,14,None,66,1,5,False,1000,1000
29187,152,degCent,10,0.7750796178343949,0,14,None,66,1,5,False,1000,1000
29188,153,degCent,10,0.7751791401273885,0,14,None,66,1,5,False,1000,1000
29189,154,degCent,10,0.7756767515923567,0,14,None,66,1,5,False,1000,1000
29190,150,degCent,10,0.7691082802547771,0,0,None,66,1,5,False,1000,1000
29191,151,degCent,10,0.7699044585987261,0,0,None,66,1,5,False,1000,1000
29192,152,degCent,10,0.7707006369426752,0,0,None,66,1,5,False,1000,1000
29193,153,degCent,10,0.7709992038216561,0,0,None,66,1,5,False,1000,1000
29194,154,degCent,10,0.7719944267515924,0,0,None,66,1,5,False,1000,1000
29195,150,degCent,10,0.7709992038216561,0,25,None,66,1,5,False,1000,1000
29196,151,degCent,10,0.7730891719745223,0,25,None,66,1,5,False,1000,1000
29197,152,degCent,10,0.774781050955414,0,25,None,66,1,5,False,1000,1000
29198,153,degCent,10,0.7759753184713376,0,25,None,66,1,5,False,1000,1000
29199,154,degCent,10,0.7778662420382165,0,25,None,66,1,5,False,1000,1000
29200,150,degCent,10,0.762937898089172,0,29,None,66,1,5,False,1000,1000
29201,151,degCent,10,0.7642316878980892,0,29,None,66,1,5,False,1000,1000
29202,152,degCent,10,0.7651273885350318,0,29,None,66,1,5,False,1000,1000
29203,153,degCent,10,0.7653264331210191,0,29,None,66,1,5,False,1000,1000
29204,154,degCent,10,0.7659235668789809,0,29,None,66,1,5,False,1000,1000
30360,155,degCent,10,0.567078025477707,0,1,None,66,1,5,False,1000,1000
30361,156,degCent,10,0.6537619426751592,0,1,None,66,1,5,False,1000,1000
30362,157,degCent,10,0.6755573248407644,0,1,None,66,1,5,False,1000,1000
30363,158,degCent,10,0.6851114649681529,0,1,None,66,1,5,False,1000,1000
30364,159,degCent,10,0.6916799363057324,0,1,None,66,1,5,False,1000,1000
30365,155,degCent,10,0.7713972929936306,0,2,None,66,1,5,False,1000,1000
30366,156,degCent,10,0.7717953821656051,0,2,None,66,1,5,False,1000,1000
30367,157,degCent,10,0.7718949044585988,0,2,None,66,1,5,False,1000,1000
30368,158,degCent,10,0.7722929936305732,0,2,None,66,1,5,False,1000,1000
30369,159,degCent,10,0.7729896496815286,0,2,None,66,1,5,False,1000,1000
30370,155,degCent,10,0.7704020700636943,0,5,None,66,1,5,False,1000,1000
30371,156,degCent,10,0.7714968152866242,0,5,None,66,1,5,False,1000,1000
30372,157,degCent,10,0.7726910828025477,0,5,None,66,1,5,False,1000,1000
30373,158,degCent,10,0.7741839171974523,0,5,None,66,1,5,False,1000,1000
30374,159,degCent,10,0.7742834394904459,0,5,None,66,1,5,False,1000,1000
30375,155,degCent,10,0.7514928343949044,0,13,None,66,1,5,False,1000,1000
30376,156,degCent,10,0.7524880573248408,0,13,None,66,1,5,False,1000,1000
30377,157,degCent,10,0.7536823248407644,0,13,None,66,1,5,False,1000,1000
30378,158,degCent,10,0.7548765923566879,0,13,None,66,1,5,False,1000,1000
30379,159,degCent,10,0.756468949044586,0,13,None,66,1,5,False,1000,1000
30380,155,degCent,10,0.7707006369426752,0,16,None,66,1,5,False,1000,1000
30381,156,degCent,10,0.7718949044585988,0,16,None,66,1,5,False,1000,1000
30382,157,degCent,10,0.7727906050955414,0,16,None,66,1,5,False,1000,1000
30383,158,degCent,10,0.7733877388535032,0,16,None,66,1,5,False,1000,1000
30384,159,degCent,10,0.7743829617834395,0,16,None,66,1,5,False,1000,1000
30385,155,degCent,10,0.7764729299363057,0,14,None,66,1,5,False,1000,1000
30386,156,degCent,10,0.7768710191082803,0,14,None,66,1,5,False,1000,1000
30387,157,degCent,10,0.7764729299363057,0,14,None,66,1,5,False,1000,1000
30388,158,degCent,10,0.7764729299363057,0,14,None,66,1,5,False,1000,1000
30389,159,degCent,10,0.776671974522293,0,14,None,66,1,5,False,1000,1000
30390,155,degCent,10,0.7704020700636943,0,17,None,66,1,5,False,1000,1000
30391,156,degCent,10,0.7708001592356688,0,17,None,66,1,5,False,1000,1000
30392,157,degCent,10,0.7718949044585988,0,17,None,66,1,5,False,1000,1000
30393,158,degCent,10,0.7717953821656051,0,17,None,66,1,5,False,1000,1000
30394,159,degCent,10,0.7731886942675159,0,17,None,66,1,5,False,1000,1000
30395,155,degCent,10,0.7719944267515924,0,21,None,66,1,5,False,1000,1000
30396,156,degCent,10,0.773984872611465,0,21,None,66,1,5,False,1000,1000
30397,157,degCent,10,0.7742834394904459,0,21,None,66,1,5,False,1000,1000
30398,158,degCent,10,0.7749800955414012,0,21,None,66,1,5,False,1000,1000
30399,159,degCent,10,0.7757762738853503,0,21,None,66,1,5,False,1000,1000
30400,155,degCent,10,0.7722929936305732,0,25,None,66,1,5,False,1000,1000
30401,156,degCent,10,0.773984872611465,0,25,None,66,1,5,False,1000,1000
30402,157,degCent,10,0.7768710191082803,0,25,None,66,1,5,False,1000,1000
30403,158,degCent,10,0.7784633757961783,0,25,None,66,1,5,False,1000,1000
30404,159,degCent,10,0.78015525477707,0,25,None,66,1,5,False,1000,1000
30405,155,degCent,10,0.7780652866242038,0,28,None,66,1,5,False,1000,1000
30406,156,degCent,10,0.7794585987261147,0,28,None,66,1,5,False,1000,1000
30407,157,degCent,10,0.7800557324840764,0,28,None,66,1,5,False,1000,1000
30408,158,degCent,10,0.7813495222929936,0,28,None,66,1,5,False,1000,1000
30409,159,degCent,10,0.7825437898089171,0,28,None,66,1,5,False,1000,1000
30410,155,degCent,10,0.6725716560509554,0,24,None,66,1,5,False,1000,1000
30411,156,degCent,10,0.6859076433121019,0,24,None,66,1,5,False,1000,1000
30412,157,degCent,10,0.6971536624203821,0,24,None,66,1,5,False,1000,1000
30413,158,degCent,10,0.7113853503184714,0,24,None,66,1,5,False,1000,1000
30414,159,degCent,10,0.7235270700636943,0,24,None,66,1,5,False,1000,1000
30415,155,degCent,10,0.7659235668789809,0,29,None,66,1,5,False,1000,1000
30416,156,degCent,10,0.7666202229299363,0,29,None,66,1,5,False,1000,1000
30417,157,degCent,10,0.7671178343949044,0,29,None,66,1,5,False,1000,1000
30418,158,degCent,10,0.7670183121019108,0,29,None,66,1,5,False,1000,1000
30419,159,degCent,10,0.7679140127388535,0,29,None,66,1,5,False,1000,1000
30420,155,degCent,10,0.7467157643312102,0,9,None,66,1,5,False,1000,1000
30421,156,degCent,10,0.751890923566879,0,9,None,66,1,5,False,1000,1000
30422,157,degCent,10,0.7555732484076433,0,9,None,66,1,5,False,1000,1000
30423,158,degCent,10,0.7568670382165605,0,9,None,66,1,5,False,1000,1000
30424,159,degCent,10,0.759156050955414,0,9,None,66,1,5,False,1000,1000
30425,155,degCent,10,0.7284036624203821,0,30,None,66,1,5,False,1000,1000
30426,156,degCent,10,0.7333797770700637,0,30,None,66,1,5,False,1000,1000
30427,157,degCent,10,0.7353702229299363,0,30,None,66,1,5,False,1000,1000
30428,158,degCent,10,0.7369625796178344,0,30,None,66,1,5,False,1000,1000
30429,159,degCent,10,0.738953025477707,0,30,None,66,1,5,False,1000,1000
30430,155,degCent,10,0.7769705414012739,0,27,None,66,1,5,False,1000,1000
30431,156,degCent,10,0.7771695859872612,0,27,None,66,1,5,False,1000,1000
30432,157,degCent,10,0.7773686305732485,0,27,None,66,1,5,False,1000,1000
30433,158,degCent,10,0.7779657643312102,0,27,None,66,1,5,False,1000,1000
30434,159,degCent,10,0.779359076433121,0,27,None,66,1,5,False,1000,1000
30435,155,degCent,10,0.7676154458598726,0,7,None,66,1,5,False,1000,1000
30436,156,degCent,10,0.769406847133758,0,7,None,66,1,5,False,1000,1000
30437,157,degCent,10,0.7705015923566879,0,7,None,66,1,5,False,1000,1000
30438,158,degCent,10,0.7710987261146497,0,7,None,66,1,5,False,1000,1000
30439,159,degCent,10,0.7722929936305732,0,7,None,66,1,5,False,1000,1000
30440,155,degCent,10,0.770203025477707,0,20,None,66,1,5,False,1000,1000
30441,156,degCent,10,0.7707006369426752,0,20,None,66,1,5,False,1000,1000
30442,157,degCent,10,0.7710987261146497,0,20,None,66,1,5,False,1000,1000
30443,158,degCent,10,0.7723925159235668,0,20,None,66,1,5,False,1000,1000
30444,159,degCent,10,0.7724920382165605,0,20,None,66,1,5,False,1000,1000
30445,155,degCent,10,0.7619426751592356,0,22,None,66,1,5,False,1000,1000
30446,156,degCent,10,0.7631369426751592,0,22,None,66,1,5,False,1000,1000
30447,157,degCent,10,0.7640326433121019,0,22,None,66,1,5,False,1000,1000
30448,158,degCent,10,0.7650278662420382,0,22,None,66,1,5,False,1000,1000
30449,159,degCent,10,0.7665207006369427,0,22,None,66,1,5,False,1000,1000
30450,155,degCent,10,0.7672173566878981,0,23,None,66,1,5,False,1000,1000
30451,156,degCent,10,0.7688097133757962,0,23,None,66,1,5,False,1000,1000
30452,157,degCent,10,0.7696058917197452,0,23,None,66,1,5,False,1000,1000
30453,158,degCent,10,0.7707006369426752,0,23,None,66,1,5,False,1000,1000
30454,159,degCent,10,0.7707006369426752,0,23,None,66,1,5,False,1000,1000
30455,155,degCent,10,0.7718949044585988,0,0,None,66,1,5,False,1000,1000
30456,156,degCent,10,0.7723925159235668,0,0,None,66,1,5,False,1000,1000
30457,157,degCent,10,0.772890127388535,0,0,None,66,1,5,False,1000,1000
30458,158,degCent,10,0.7731886942675159,0,0,None,66,1,5,False,1000,1000
30459,159,degCent,10,0.7733877388535032,0,0,None,66,1,5,False,1000,1000
30460,155,degCent,10,0.7561703821656051,0,32,None,66,1,5,False,1000,1000
30461,156,degCent,10,0.7581608280254777,0,32,None,66,1,5,False,1000,1000
30462,157,degCent,10,0.7586584394904459,0,32,None,66,1,5,False,1000,1000
30463,158,degCent,10,0.7601512738853503,0,32,None,66,1,5,False,1000,1000
30464,159,degCent,10,0.7616441082802548,0,32,None,66,1,5,False,1000,1000
30465,155,degCent,10,0.7630374203821656,0,10,None,66,1,5,False,1000,1000
30466,156,degCent,10,0.7631369426751592,0,10,None,66,1,5,False,1000,1000
30467,157,degCent,10,0.763734076433121,0,10,None,66,1,5,False,1000,1000
30468,158,degCent,10,0.7647292993630573,0,10,None,66,1,5,False,1000,1000
30469,159,degCent,10,0.7663216560509554,0,10,None,66,1,5,False,1000,1000
30470,155,degCent,10,0.7616441082802548,0,11,None,66,1,5,False,1000,1000
30471,156,degCent,10,0.7634355095541401,0,11,None,66,1,5,False,1000,1000
30472,157,degCent,10,0.7630374203821656,0,11,None,66,1,5,False,1000,1000
30473,158,degCent,10,0.7636345541401274,0,11,None,66,1,5,False,1000,1000
30474,159,degCent,10,0.7646297770700637,0,11,None,66,1,5,False,1000,1000
30475,155,degCent,10,0.771297770700637,0,15,None,66,1,5,False,1000,1000
30476,156,degCent,10,0.7716958598726115,0,15,None,66,1,5,False,1000,1000
30477,157,degCent,10,0.7725915605095541,0,15,None,66,1,5,False,1000,1000
30478,158,degCent,10,0.7731886942675159,0,15,None,66,1,5,False,1000,1000
30479,159,degCent,10,0.7732882165605095,0,15,None,66,1,5,False,1000,1000
30480,155,degCent,10,0.7544785031847133,0,4,None,66,1,5,False,1000,1000
30481,156,degCent,10,0.7560708598726115,0,4,None,66,1,5,False,1000,1000
30482,157,degCent,10,0.7551751592356688,0,4,None,66,1,5,False,1000,1000
30483,158,degCent,10,0.7562699044585988,0,4,None,66,1,5,False,1000,1000
30484,159,degCent,10,0.7568670382165605,0,4,None,66,1,5,False,1000,1000
30485,155,degCent,10,0.7721934713375797,0,8,None,66,1,5,False,1000,1000
30486,156,degCent,10,0.7718949044585988,0,8,None,66,1,5,False,1000,1000
30487,157,degCent,10,0.772890127388535,0,8,None,66,1,5,False,1000,1000
30488,158,degCent,10,0.772890127388535,0,8,None,66,1,5,False,1000,1000
30489,159,degCent,10,0.7729896496815286,0,8,None,66,1,5,False,1000,1000
30490,155,degCent,10,0.7710987261146497,0,3,None,66,1,5,False,1000,1000
30491,156,degCent,10,0.7714968152866242,0,3,None,66,1,5,False,1000,1000
30492,157,degCent,10,0.7708996815286624,0,3,None,66,1,5,False,1000,1000
30493,158,degCent,10,0.771297770700637,0,3,None,66,1,5,False,1000,1000
30494,159,degCent,10,0.7722929936305732,0,3,None,66,1,5,False,1000,1000
30495,155,degCent,10,0.7308917197452229,0,19,None,66,1,5,False,1000,1000
30496,156,degCent,10,0.7335788216560509,0,19,None,66,1,5,False,1000,1000
30497,157,degCent,10,0.7355692675159236,0,19,None,66,1,5,False,1000,1000
30498,158,degCent,10,0.7377587579617835,0,19,None,66,1,5,False,1000,1000
30499,159,degCent,10,0.7393511146496815,0,19,None,66,1,5,False,1000,1000
30500,155,degCent,10,0.78125,0,18,None,66,1,5,False,1000,1000
30501,156,degCent,10,0.7816480891719745,0,18,None,66,1,5,False,1000,1000
30502,157,degCent,10,0.7817476114649682,0,18,None,66,1,5,False,1000,1000
30503,158,degCent,10,0.7816480891719745,0,18,None,66,1,5,False,1000,1000
30504,159,degCent,10,0.7805533439490446,0,18,None,66,1,5,False,1000,1000
30505,155,degCent,10,0.5376194267515924,0,31,None,66,1,5,False,1000,1000
30506,156,degCent,10,0.6311703821656051,0,31,None,66,1,5,False,1000,1000
30507,157,degCent,10,0.6821257961783439,0,31,None,66,1,5,False,1000,1000
30508,158,degCent,10,0.7100915605095541,0,31,None,66,1,5,False,1000,1000
30509,159,degCent,10,0.7290007961783439,0,31,None,66,1,5,False,1000,1000
30510,155,degCent,10,0.7410429936305732,0,12,None,66,1,5,False,1000,1000
30511,156,degCent,10,0.7409434713375797,0,12,None,66,1,5,False,1000,1000
30512,157,degCent,10,0.7415406050955414,0,12,None,66,1,5,False,1000,1000
30513,158,degCent,10,0.7417396496815286,0,12,None,66,1,5,False,1000,1000
30514,159,degCent,10,0.742734872611465,0,12,None,66,1,5,False,1000,1000
30515,155,degCent,10,0.7043192675159236,0,26,None,66,1,5,False,1000,1000
30516,156,degCent,10,0.7066082802547771,0,26,None,66,1,5,False,1000,1000
30517,157,degCent,10,0.7085987261146497,0,26,None,66,1,5,False,1000,1000
30518,158,degCent,10,0.7102906050955414,0,26,None,66,1,5,False,1000,1000
30519,159,degCent,10,0.7121815286624203,0,26,None,66,1,5,False,1000,1000
30520,155,degCent,10,0.7724920382165605,0,6,None,66,1,5,False,1000,1000
30521,156,degCent,10,0.7724920382165605,0,6,None,66,1,5,False,1000,1000
30522,157,degCent,10,0.7735867834394905,0,6,None,66,1,5,False,1000,1000
30523,158,degCent,10,0.774781050955414,0,6,None,66,1,5,False,1000,1000
30524,159,degCent,10,0.7750796178343949,0,6,None,66,1,5,False,1000,1000
30525,160,degCent,10,0.5639928343949044,0,1,None,66,1,5,False,1000,1000
30526,161,degCent,10,0.6555533439490446,0,1,None,66,1,5,False,1000,1000
30527,162,degCent,10,0.6779458598726115,0,1,None,66,1,5,False,1000,1000
30528,163,degCent,10,0.6875,0,1,None,66,1,5,False,1000,1000
30529,164,degCent,10,0.6944665605095541,0,1,None,66,1,5,False,1000,1000
30530,160,degCent,10,0.7659235668789809,0,29,None,66,1,5,False,1000,1000
30531,161,degCent,10,0.7679140127388535,0,29,None,66,1,5,False,1000,1000
30532,162,degCent,10,0.768312101910828,0,29,None,66,1,5,False,1000,1000
30533,163,degCent,10,0.7691082802547771,0,29,None,66,1,5,False,1000,1000
30534,164,degCent,10,0.7696058917197452,0,29,None,66,1,5,False,1000,1000
30535,160,degCent,10,0.7333797770700637,0,19,None,66,1,5,False,1000,1000
30536,161,degCent,10,0.7365644904458599,0,19,None,66,1,5,False,1000,1000
30537,162,degCent,10,0.7393511146496815,0,19,None,66,1,5,False,1000,1000
30538,163,degCent,10,0.7405453821656051,0,19,None,66,1,5,False,1000,1000
30539,164,degCent,10,0.740843949044586,0,19,None,66,1,5,False,1000,1000
30540,160,degCent,10,0.7760748407643312,0,21,None,66,1,5,False,1000,1000
30541,161,degCent,10,0.7761743630573248,0,21,None,66,1,5,False,1000,1000
30542,162,degCent,10,0.7762738853503185,0,21,None,66,1,5,False,1000,1000
30543,163,degCent,10,0.7779657643312102,0,21,None,66,1,5,False,1000,1000
30544,164,degCent,10,0.7782643312101911,0,21,None,66,1,5,False,1000,1000
30545,160,degCent,10,0.7742834394904459,0,2,None,66,1,5,False,1000,1000
30546,161,degCent,10,0.7736863057324841,0,2,None,66,1,5,False,1000,1000
30547,162,degCent,10,0.7741839171974523,0,2,None,66,1,5,False,1000,1000
30548,163,degCent,10,0.7750796178343949,0,2,None,66,1,5,False,1000,1000
30549,164,degCent,10,0.7756767515923567,0,2,None,66,1,5,False,1000,1000
30550,160,degCent,10,0.7732882165605095,0,15,None,66,1,5,False,1000,1000
30551,161,degCent,10,0.7733877388535032,0,15,None,66,1,5,False,1000,1000
30552,162,degCent,10,0.7740843949044586,0,15,None,66,1,5,False,1000,1000
30553,163,degCent,10,0.7741839171974523,0,15,None,66,1,5,False,1000,1000
30554,164,degCent,10,0.7751791401273885,0,15,None,66,1,5,False,1000,1000
30555,160,degCent,10,0.7819466560509554,0,28,None,66,1,5,False,1000,1000
30556,161,degCent,10,0.7821457006369427,0,28,None,66,1,5,False,1000,1000
30557,162,degCent,10,0.7832404458598726,0,28,None,66,1,5,False,1000,1000
30558,163,degCent,10,0.7842356687898089,0,28,None,66,1,5,False,1000,1000
30559,164,degCent,10,0.7846337579617835,0,28,None,66,1,5,False,1000,1000
30560,160,degCent,10,0.7553742038216561,0,13,None,66,1,5,False,1000,1000
30561,161,degCent,10,0.755672770700637,0,13,None,66,1,5,False,1000,1000
30562,162,degCent,10,0.7580613057324841,0,13,None,66,1,5,False,1000,1000
30563,163,degCent,10,0.7584593949044586,0,13,None,66,1,5,False,1000,1000
30564,164,degCent,10,0.7598527070063694,0,13,None,66,1,5,False,1000,1000
30565,160,degCent,10,0.7781648089171974,0,25,None,66,1,5,False,1000,1000
30566,161,degCent,10,0.7808519108280255,0,25,None,66,1,5,False,1000,1000
30567,162,degCent,10,0.7821457006369427,0,25,None,66,1,5,False,1000,1000
30568,163,degCent,10,0.7835390127388535,0,25,None,66,1,5,False,1000,1000
30569,164,degCent,10,0.7854299363057324,0,25,None,66,1,5,False,1000,1000
30570,160,degCent,10,0.705812101910828,0,26,None,66,1,5,False,1000,1000
30571,161,degCent,10,0.7083001592356688,0,26,None,66,1,5,False,1000,1000
30572,162,degCent,10,0.7115843949044586,0,26,None,66,1,5,False,1000,1000
30573,163,degCent,10,0.7143710191082803,0,26,None,66,1,5,False,1000,1000
30574,164,degCent,10,0.7159633757961783,0,26,None,66,1,5,False,1000,1000
30575,160,degCent,10,0.7430334394904459,0,12,None,66,1,5,False,1000,1000
30576,161,degCent,10,0.7429339171974523,0,12,None,66,1,5,False,1000,1000
30577,162,degCent,10,0.7441281847133758,0,12,None,66,1,5,False,1000,1000
30578,163,degCent,10,0.7449243630573248,0,12,None,66,1,5,False,1000,1000
30579,164,degCent,10,0.7451234076433121,0,12,None,66,1,5,False,1000,1000
30580,160,degCent,10,0.7730891719745223,0,5,None,66,1,5,False,1000,1000
30581,161,degCent,10,0.7740843949044586,0,5,None,66,1,5,False,1000,1000
30582,162,degCent,10,0.7756767515923567,0,5,None,66,1,5,False,1000,1000
30583,163,degCent,10,0.7769705414012739,0,5,None,66,1,5,False,1000,1000
30584,164,degCent,10,0.7772691082802548,0,5,None,66,1,5,False,1000,1000
30585,160,degCent,10,0.7565684713375797,0,4,None,66,1,5,False,1000,1000
30586,161,degCent,10,0.7582603503184714,0,4,None,66,1,5,False,1000,1000
30587,162,degCent,10,0.7592555732484076,0,4,None,66,1,5,False,1000,1000
30588,163,degCent,10,0.7596536624203821,0,4,None,66,1,5,False,1000,1000
30589,164,degCent,10,0.7594546178343949,0,4,None,66,1,5,False,1000,1000
30590,160,degCent,10,0.7731886942675159,0,8,None,66,1,5,False,1000,1000
30591,161,degCent,10,0.7744824840764332,0,8,None,66,1,5,False,1000,1000
30592,162,degCent,10,0.7741839171974523,0,8,None,66,1,5,False,1000,1000
30593,163,degCent,10,0.7749800955414012,0,8,None,66,1,5,False,1000,1000
30594,164,degCent,10,0.7754777070063694,0,8,None,66,1,5,False,1000,1000
30595,160,degCent,10,0.7659235668789809,0,10,None,66,1,5,False,1000,1000
30596,161,degCent,10,0.7657245222929936,0,10,None,66,1,5,False,1000,1000
30597,162,degCent,10,0.7665207006369427,0,10,None,66,1,5,False,1000,1000
30598,163,degCent,10,0.7673168789808917,0,10,None,66,1,5,False,1000,1000
30599,164,degCent,10,0.7696058917197452,0,10,None,66,1,5,False,1000,1000
30600,160,degCent,10,0.7716958598726115,0,20,None,66,1,5,False,1000,1000
30601,161,degCent,10,0.7724920382165605,0,20,None,66,1,5,False,1000,1000
30602,162,degCent,10,0.7734872611464968,0,20,None,66,1,5,False,1000,1000
30603,163,degCent,10,0.775577229299363,0,20,None,66,1,5,False,1000,1000
30604,164,degCent,10,0.7759753184713376,0,20,None,66,1,5,False,1000,1000
30605,160,degCent,10,0.7713972929936306,0,23,None,66,1,5,False,1000,1000
30606,161,degCent,10,0.7729896496815286,0,23,None,66,1,5,False,1000,1000
30607,162,degCent,10,0.773984872611465,0,23,None,66,1,5,False,1000,1000
30608,163,degCent,10,0.7748805732484076,0,23,None,66,1,5,False,1000,1000
30609,164,degCent,10,0.7745820063694268,0,23,None,66,1,5,False,1000,1000
30610,160,degCent,10,0.7746815286624203,0,0,None,66,1,5,False,1000,1000
30611,161,degCent,10,0.7752786624203821,0,0,None,66,1,5,False,1000,1000
30612,162,degCent,10,0.7764729299363057,0,0,None,66,1,5,False,1000,1000
30613,163,degCent,10,0.776671974522293,0,0,None,66,1,5,False,1000,1000
30614,164,degCent,10,0.7771695859872612,0,0,None,66,1,5,False,1000,1000
30615,160,degCent,10,0.7319864649681529,0,30,None,66,1,5,False,1000,1000
30616,161,degCent,10,0.7356687898089171,0,30,None,66,1,5,False,1000,1000
30617,162,degCent,10,0.7378582802547771,0,30,None,66,1,5,False,1000,1000
30618,163,degCent,10,0.7399482484076433,0,30,None,66,1,5,False,1000,1000
30619,164,degCent,10,0.7420382165605095,0,30,None,66,1,5,False,1000,1000
30620,160,degCent,10,0.7729896496815286,0,17,None,66,1,5,False,1000,1000
30621,161,degCent,10,0.773984872611465,0,17,None,66,1,5,False,1000,1000
30622,162,degCent,10,0.7746815286624203,0,17,None,66,1,5,False,1000,1000
30623,163,degCent,10,0.7753781847133758,0,17,None,66,1,5,False,1000,1000
30624,164,degCent,10,0.7767714968152867,0,17,None,66,1,5,False,1000,1000
30625,160,degCent,10,0.7621417197452229,0,11,None,66,1,5,False,1000,1000
30626,161,degCent,10,0.76453025477707,0,11,None,66,1,5,False,1000,1000
30627,162,degCent,10,0.7657245222929936,0,11,None,66,1,5,False,1000,1000
30628,163,degCent,10,0.7660230891719745,0,11,None,66,1,5,False,1000,1000
30629,164,degCent,10,0.7665207006369427,0,11,None,66,1,5,False,1000,1000
30630,160,degCent,10,0.6782444267515924,0,24,None,66,1,5,False,1000,1000
30631,161,degCent,10,0.6915804140127388,0,24,None,66,1,5,False,1000,1000
30632,162,degCent,10,0.7049164012738853,0,24,None,66,1,5,False,1000,1000
30633,163,degCent,10,0.7226313694267515,0,24,None,66,1,5,False,1000,1000
30634,164,degCent,10,0.7265127388535032,0,24,None,66,1,5,False,1000,1000
30635,160,degCent,10,0.7784633757961783,0,27,None,66,1,5,False,1000,1000
30636,161,degCent,10,0.7795581210191083,0,27,None,66,1,5,False,1000,1000
30637,162,degCent,10,0.7797571656050956,0,27,None,66,1,5,False,1000,1000
30638,163,degCent,10,0.7810509554140127,0,27,None,66,1,5,False,1000,1000
30639,164,degCent,10,0.7815485668789809,0,27,None,66,1,5,False,1000,1000
30640,160,degCent,10,0.7818471337579618,0,18,None,66,1,5,False,1000,1000
30641,161,degCent,10,0.7828423566878981,0,18,None,66,1,5,False,1000,1000
30642,162,degCent,10,0.7829418789808917,0,18,None,66,1,5,False,1000,1000
30643,163,degCent,10,0.7844347133757962,0,18,None,66,1,5,False,1000,1000
30644,164,degCent,10,0.7841361464968153,0,18,None,66,1,5,False,1000,1000
30645,160,degCent,10,0.5372213375796179,0,31,None,66,1,5,False,1000,1000
30646,161,degCent,10,0.632265127388535,0,31,None,66,1,5,False,1000,1000
30647,162,degCent,10,0.6869028662420382,0,31,None,66,1,5,False,1000,1000
30648,163,degCent,10,0.7167595541401274,0,31,None,66,1,5,False,1000,1000
30649,164,degCent,10,0.7340764331210191,0,31,None,66,1,5,False,1000,1000
30650,160,degCent,10,0.7808519108280255,0,14,None,66,1,5,False,1000,1000
30651,161,degCent,10,0.7816480891719745,0,14,None,66,1,5,False,1000,1000
30652,162,degCent,10,0.7815485668789809,0,14,None,66,1,5,False,1000,1000
30653,163,degCent,10,0.7818471337579618,0,14,None,66,1,5,False,1000,1000
30654,164,degCent,10,0.7815485668789809,0,14,None,66,1,5,False,1000,1000
30655,160,degCent,10,0.7644307324840764,0,22,None,66,1,5,False,1000,1000
30656,161,degCent,10,0.7654259554140127,0,22,None,66,1,5,False,1000,1000
30657,162,degCent,10,0.76671974522293,0,22,None,66,1,5,False,1000,1000
30658,163,degCent,10,0.767515923566879,0,22,None,66,1,5,False,1000,1000
30659,164,degCent,10,0.7686106687898089,0,22,None,66,1,5,False,1000,1000
30660,160,degCent,10,0.7499004777070064,0,9,None,66,1,5,False,1000,1000
30661,161,degCent,10,0.7559713375796179,0,9,None,66,1,5,False,1000,1000
30662,162,degCent,10,0.7585589171974523,0,9,None,66,1,5,False,1000,1000
30663,163,degCent,10,0.7604498407643312,0,9,None,66,1,5,False,1000,1000
30664,164,degCent,10,0.7621417197452229,0,9,None,66,1,5,False,1000,1000
30665,160,degCent,10,0.772890127388535,0,3,None,66,1,5,False,1000,1000
30666,161,degCent,10,0.7735867834394905,0,3,None,66,1,5,False,1000,1000
30667,162,degCent,10,0.7734872611464968,0,3,None,66,1,5,False,1000,1000
30668,163,degCent,10,0.7737858280254777,0,3,None,66,1,5,False,1000,1000
30669,164,degCent,10,0.773984872611465,0,3,None,66,1,5,False,1000,1000
30670,160,degCent,10,0.7738853503184714,0,6,None,66,1,5,False,1000,1000
30671,161,degCent,10,0.7754777070063694,0,6,None,66,1,5,False,1000,1000
30672,162,degCent,10,0.7764729299363057,0,6,None,66,1,5,False,1000,1000
30673,163,degCent,10,0.7775676751592356,0,6,None,66,1,5,False,1000,1000
30674,164,degCent,10,0.7780652866242038,0,6,None,66,1,5,False,1000,1000
30675,160,degCent,10,0.7691082802547771,0,7,None,66,1,5,False,1000,1000
30676,161,degCent,10,0.7707006369426752,0,7,None,66,1,5,False,1000,1000
30677,162,degCent,10,0.7718949044585988,0,7,None,66,1,5,False,1000,1000
30678,163,degCent,10,0.7729896496815286,0,7,None,66,1,5,False,1000,1000
30679,164,degCent,10,0.7741839171974523,0,7,None,66,1,5,False,1000,1000
30680,160,degCent,10,0.7731886942675159,0,16,None,66,1,5,False,1000,1000
30681,161,degCent,10,0.7734872611464968,0,16,None,66,1,5,False,1000,1000
30682,162,degCent,10,0.7748805732484076,0,16,None,66,1,5,False,1000,1000
30683,163,degCent,10,0.7763734076433121,0,16,None,66,1,5,False,1000,1000
30684,164,degCent,10,0.7772691082802548,0,16,None,66,1,5,False,1000,1000
30685,160,degCent,10,0.7584593949044586,0,32,None,66,1,5,False,1000,1000
30686,161,degCent,10,0.7595541401273885,0,32,None,66,1,5,False,1000,1000
30687,162,degCent,10,0.7612460191082803,0,32,None,66,1,5,False,1000,1000
30688,163,degCent,10,0.7626393312101911,0,32,None,66,1,5,False,1000,1000
30689,164,degCent,10,0.7638335987261147,0,32,None,66,1,5,False,1000,1000
30690,165,degCent,10,0.564390923566879,0,1,None,66,1,5,False,1000,1000
30691,166,degCent,10,0.6574442675159236,0,1,None,66,1,5,False,1000,1000
30692,167,degCent,10,0.6819267515923567,0,1,None,66,1,5,False,1000,1000
30693,168,degCent,10,0.6896894904458599,0,1,None,66,1,5,False,1000,1000
30694,169,degCent,10,0.6960589171974523,0,1,None,66,1,5,False,1000,1000
30695,165,degCent,10,0.7787619426751592,0,21,None,66,1,5,False,1000,1000
30696,166,degCent,10,0.7779657643312102,0,21,None,66,1,5,False,1000,1000
30697,167,degCent,10,0.7782643312101911,0,21,None,66,1,5,False,1000,1000
30698,168,degCent,10,0.78015525477707,0,21,None,66,1,5,False,1000,1000
30699,169,degCent,10,0.7810509554140127,0,21,None,66,1,5,False,1000,1000
30700,165,degCent,10,0.7761743630573248,0,2,None,66,1,5,False,1000,1000
30701,166,degCent,10,0.7771695859872612,0,2,None,66,1,5,False,1000,1000
30702,167,degCent,10,0.7767714968152867,0,2,None,66,1,5,False,1000,1000
30703,168,degCent,10,0.7770700636942676,0,2,None,66,1,5,False,1000,1000
30704,169,degCent,10,0.777468152866242,0,2,None,66,1,5,False,1000,1000
30705,165,degCent,10,0.7744824840764332,0,23,None,66,1,5,False,1000,1000
30706,166,degCent,10,0.7751791401273885,0,23,None,66,1,5,False,1000,1000
30707,167,degCent,10,0.7754777070063694,0,23,None,66,1,5,False,1000,1000
30708,168,degCent,10,0.7768710191082803,0,23,None,66,1,5,False,1000,1000
30709,169,degCent,10,0.7775676751592356,0,23,None,66,1,5,False,1000,1000
30710,165,degCent,10,0.7576632165605095,0,13,None,66,1,5,False,1000,1000
30711,166,degCent,10,0.7592555732484076,0,13,None,66,1,5,False,1000,1000
30712,167,degCent,10,0.7603503184713376,0,13,None,66,1,5,False,1000,1000
30713,168,degCent,10,0.7620421974522293,0,13,None,66,1,5,False,1000,1000
30714,169,degCent,10,0.7635350318471338,0,13,None,66,1,5,False,1000,1000
30715,165,degCent,10,0.7814490445859873,0,25,None,66,1,5,False,1000,1000
30716,166,degCent,10,0.7834394904458599,0,25,None,66,1,5,False,1000,1000
30717,167,degCent,10,0.783937101910828,0,25,None,66,1,5,False,1000,1000
30718,168,degCent,10,0.7862261146496815,0,25,None,66,1,5,False,1000,1000
30719,169,degCent,10,0.7861265923566879,0,25,None,66,1,5,False,1000,1000
30720,165,degCent,10,0.774781050955414,0,15,None,66,1,5,False,1000,1000
30721,166,degCent,10,0.7773686305732485,0,15,None,66,1,5,False,1000,1000
30722,167,degCent,10,0.7767714968152867,0,15,None,66,1,5,False,1000,1000
30723,168,degCent,10,0.7775676751592356,0,15,None,66,1,5,False,1000,1000
30724,169,degCent,10,0.7784633757961783,0,15,None,66,1,5,False,1000,1000
30725,165,degCent,10,0.7693073248407644,0,10,None,66,1,5,False,1000,1000
30726,166,degCent,10,0.7703025477707006,0,10,None,66,1,5,False,1000,1000
30727,167,degCent,10,0.7710987261146497,0,10,None,66,1,5,False,1000,1000
30728,168,degCent,10,0.7710987261146497,0,10,None,66,1,5,False,1000,1000
30729,169,degCent,10,0.7724920382165605,0,10,None,66,1,5,False,1000,1000
30730,165,degCent,10,0.7651273885350318,0,11,None,66,1,5,False,1000,1000
30731,166,degCent,10,0.7665207006369427,0,11,None,66,1,5,False,1000,1000
30732,167,degCent,10,0.7670183121019108,0,11,None,66,1,5,False,1000,1000
30733,168,degCent,10,0.7674164012738853,0,11,None,66,1,5,False,1000,1000
30734,169,degCent,10,0.7677149681528662,0,11,None,66,1,5,False,1000,1000
30735,165,degCent,10,0.7763734076433121,0,17,None,66,1,5,False,1000,1000
30736,166,degCent,10,0.777468152866242,0,17,None,66,1,5,False,1000,1000
30737,167,degCent,10,0.7780652866242038,0,17,None,66,1,5,False,1000,1000
30738,168,degCent,10,0.7783638535031847,0,17,None,66,1,5,False,1000,1000
30739,169,degCent,10,0.7791600318471338,0,17,None,66,1,5,False,1000,1000
30740,165,degCent,10,0.6796377388535032,0,24,None,66,1,5,False,1000,1000
30741,166,degCent,10,0.6960589171974523,0,24,None,66,1,5,False,1000,1000
30742,167,degCent,10,0.7086982484076433,0,24,None,66,1,5,False,1000,1000
30743,168,degCent,10,0.7199442675159236,0,24,None,66,1,5,False,1000,1000
30744,169,degCent,10,0.7276074840764332,0,24,None,66,1,5,False,1000,1000
30745,165,degCent,10,0.5367237261146497,0,31,None,66,1,5,False,1000,1000
30746,166,degCent,10,0.6357484076433121,0,31,None,66,1,5,False,1000,1000
30747,167,degCent,10,0.6944665605095541,0,31,None,66,1,5,False,1000,1000
30748,168,degCent,10,0.7242237261146497,0,31,None,66,1,5,False,1000,1000
30749,169,degCent,10,0.7406449044585988,0,31,None,66,1,5,False,1000,1000
30750,165,degCent,10,0.7735867834394905,0,20,None,66,1,5,False,1000,1000
30751,166,degCent,10,0.7749800955414012,0,20,None,66,1,5,False,1000,1000
30752,167,degCent,10,0.7765724522292994,0,20,None,66,1,5,False,1000,1000
30753,168,degCent,10,0.777468152866242,0,20,None,66,1,5,False,1000,1000
30754,169,degCent,10,0.777468152866242,0,20,None,66,1,5,False,1000,1000
30755,165,degCent,10,0.7851313694267515,0,28,None,66,1,5,False,1000,1000
30756,166,degCent,10,0.7852308917197452,0,28,None,66,1,5,False,1000,1000
30757,167,degCent,10,0.7866242038216561,0,28,None,66,1,5,False,1000,1000
30758,168,degCent,10,0.7859275477707006,0,28,None,66,1,5,False,1000,1000
30759,169,degCent,10,0.7868232484076433,0,28,None,66,1,5,False,1000,1000
30760,165,degCent,10,0.7762738853503185,0,5,None,66,1,5,False,1000,1000
30761,166,degCent,10,0.7773686305732485,0,5,None,66,1,5,False,1000,1000
30762,167,degCent,10,0.7791600318471338,0,5,None,66,1,5,False,1000,1000
30763,168,degCent,10,0.7803542993630573,0,5,None,66,1,5,False,1000,1000
30764,169,degCent,10,0.7808519108280255,0,5,None,66,1,5,False,1000,1000
30765,165,degCent,10,0.7690087579617835,0,22,None,66,1,5,False,1000,1000
30766,166,degCent,10,0.7690087579617835,0,22,None,66,1,5,False,1000,1000
30767,167,degCent,10,0.7698049363057324,0,22,None,66,1,5,False,1000,1000
30768,168,degCent,10,0.7709992038216561,0,22,None,66,1,5,False,1000,1000
30769,169,degCent,10,0.7716958598726115,0,22,None,66,1,5,False,1000,1000
30770,165,degCent,10,0.7840366242038217,0,14,None,66,1,5,False,1000,1000
30771,166,degCent,10,0.7830414012738853,0,14,None,66,1,5,False,1000,1000
30772,167,degCent,10,0.7833399681528662,0,14,None,66,1,5,False,1000,1000
30773,168,degCent,10,0.783937101910828,0,14,None,66,1,5,False,1000,1000
30774,169,degCent,10,0.7836385350318471,0,14,None,66,1,5,False,1000,1000
30775,165,degCent,10,0.7098925159235668,0,26,None,66,1,5,False,1000,1000
30776,166,degCent,10,0.7119824840764332,0,26,None,66,1,5,False,1000,1000
30777,167,degCent,10,0.7147691082802548,0,26,None,66,1,5,False,1000,1000
30778,168,degCent,10,0.7165605095541401,0,26,None,66,1,5,False,1000,1000
30779,169,degCent,10,0.7182523885350318,0,26,None,66,1,5,False,1000,1000
30780,165,degCent,10,0.7429339171974523,0,12,None,66,1,5,False,1000,1000
30781,166,degCent,10,0.7448248407643312,0,12,None,66,1,5,False,1000,1000
30782,167,degCent,10,0.7461186305732485,0,12,None,66,1,5,False,1000,1000
30783,168,degCent,10,0.7469148089171974,0,12,None,66,1,5,False,1000,1000
30784,169,degCent,10,0.7476114649681529,0,12,None,66,1,5,False,1000,1000
30785,165,degCent,10,0.7359673566878981,0,30,None,66,1,5,False,1000,1000
30786,166,degCent,10,0.7392515923566879,0,30,None,66,1,5,False,1000,1000
30787,167,degCent,10,0.7406449044585988,0,30,None,66,1,5,False,1000,1000
30788,168,degCent,10,0.7437300955414012,0,30,None,66,1,5,False,1000,1000
30789,169,degCent,10,0.746218152866242,0,30,None,66,1,5,False,1000,1000
30790,165,degCent,10,0.7808519108280255,0,27,None,66,1,5,False,1000,1000
30791,166,degCent,10,0.7832404458598726,0,27,None,66,1,5,False,1000,1000
30792,167,degCent,10,0.7826433121019108,0,27,None,66,1,5,False,1000,1000
30793,168,degCent,10,0.7838375796178344,0,27,None,66,1,5,False,1000,1000
30794,169,degCent,10,0.7841361464968153,0,27,None,66,1,5,False,1000,1000
30795,165,degCent,10,0.7592555732484076,0,4,None,66,1,5,False,1000,1000
30796,166,degCent,10,0.7600517515923567,0,4,None,66,1,5,False,1000,1000
30797,167,degCent,10,0.7605493630573248,0,4,None,66,1,5,False,1000,1000
30798,168,degCent,10,0.7615445859872612,0,4,None,66,1,5,False,1000,1000
30799,169,degCent,10,0.7621417197452229,0,4,None,66,1,5,False,1000,1000
30800,165,degCent,10,0.7749800955414012,0,8,None,66,1,5,False,1000,1000
30801,166,degCent,10,0.7752786624203821,0,8,None,66,1,5,False,1000,1000
30802,167,degCent,10,0.7764729299363057,0,8,None,66,1,5,False,1000,1000
30803,168,degCent,10,0.7769705414012739,0,8,None,66,1,5,False,1000,1000
30804,169,degCent,10,0.7769705414012739,0,8,None,66,1,5,False,1000,1000
30805,165,degCent,10,0.7388535031847133,0,19,None,66,1,5,False,1000,1000
30806,166,degCent,10,0.7406449044585988,0,19,None,66,1,5,False,1000,1000
30807,167,degCent,10,0.7409434713375797,0,19,None,66,1,5,False,1000,1000
30808,168,degCent,10,0.7431329617834395,0,19,None,66,1,5,False,1000,1000
30809,169,degCent,10,0.7444267515923567,0,19,None,66,1,5,False,1000,1000
30810,165,degCent,10,0.7833399681528662,0,18,None,66,1,5,False,1000,1000
30811,166,degCent,10,0.783140923566879,0,18,None,66,1,5,False,1000,1000
30812,167,degCent,10,0.7838375796178344,0,18,None,66,1,5,False,1000,1000
30813,168,degCent,10,0.7849323248407644,0,18,None,66,1,5,False,1000,1000
30814,169,degCent,10,0.7848328025477707,0,18,None,66,1,5,False,1000,1000
30815,165,degCent,10,0.7759753184713376,0,6,None,66,1,5,False,1000,1000
30816,166,degCent,10,0.7771695859872612,0,6,None,66,1,5,False,1000,1000
30817,167,degCent,10,0.7783638535031847,0,6,None,66,1,5,False,1000,1000
30818,168,degCent,10,0.7791600318471338,0,6,None,66,1,5,False,1000,1000
30819,169,degCent,10,0.7797571656050956,0,6,None,66,1,5,False,1000,1000
30820,165,degCent,10,0.7708001592356688,0,7,None,66,1,5,False,1000,1000
30821,166,degCent,10,0.7723925159235668,0,7,None,66,1,5,False,1000,1000
30822,167,degCent,10,0.7736863057324841,0,7,None,66,1,5,False,1000,1000
30823,168,degCent,10,0.7742834394904459,0,7,None,66,1,5,False,1000,1000
30824,169,degCent,10,0.7741839171974523,0,7,None,66,1,5,False,1000,1000
30825,165,degCent,10,0.7757762738853503,0,16,None,66,1,5,False,1000,1000
30826,166,degCent,10,0.776671974522293,0,16,None,66,1,5,False,1000,1000
30827,167,degCent,10,0.7775676751592356,0,16,None,66,1,5,False,1000,1000
30828,168,degCent,10,0.7787619426751592,0,16,None,66,1,5,False,1000,1000
30829,169,degCent,10,0.7797571656050956,0,16,None,66,1,5,False,1000,1000
30830,165,degCent,10,0.7621417197452229,0,32,None,66,1,5,False,1000,1000
30831,166,degCent,10,0.7633359872611465,0,32,None,66,1,5,False,1000,1000
30832,167,degCent,10,0.76453025477707,0,32,None,66,1,5,False,1000,1000
30833,168,degCent,10,0.7661226114649682,0,32,None,66,1,5,False,1000,1000
30834,169,degCent,10,0.7661226114649682,0,32,None,66,1,5,False,1000,1000
30835,165,degCent,10,0.7752786624203821,0,3,None,66,1,5,False,1000,1000
30836,166,degCent,10,0.7751791401273885,0,3,None,66,1,5,False,1000,1000
30837,167,degCent,10,0.7760748407643312,0,3,None,66,1,5,False,1000,1000
30838,168,degCent,10,0.7769705414012739,0,3,None,66,1,5,False,1000,1000
30839,169,degCent,10,0.7773686305732485,0,3,None,66,1,5,False,1000,1000
30840,165,degCent,10,0.7533837579617835,0,9,None,66,1,5,False,1000,1000
30841,166,degCent,10,0.7584593949044586,0,9,None,66,1,5,False,1000,1000
30842,167,degCent,10,0.7623407643312102,0,9,None,66,1,5,False,1000,1000
30843,168,degCent,10,0.76453025477707,0,9,None,66,1,5,False,1000,1000
30844,169,degCent,10,0.7661226114649682,0,9,None,66,1,5,False,1000,1000
30845,165,degCent,10,0.7678144904458599,0,29,None,66,1,5,False,1000,1000
30846,166,degCent,10,0.7701035031847133,0,29,None,66,1,5,False,1000,1000
30847,167,degCent,10,0.7707006369426752,0,29,None,66,1,5,False,1000,1000
30848,168,degCent,10,0.7715963375796179,0,29,None,66,1,5,False,1000,1000
30849,169,degCent,10,0.771297770700637,0,29,None,66,1,5,False,1000,1000
30850,165,degCent,10,0.777468152866242,0,0,None,66,1,5,False,1000,1000
30851,166,degCent,10,0.7786624203821656,0,0,None,66,1,5,False,1000,1000
30852,167,degCent,10,0.7790605095541401,0,0,None,66,1,5,False,1000,1000
30853,168,degCent,10,0.7802547770700637,0,0,None,66,1,5,False,1000,1000
30854,169,degCent,10,0.7808519108280255,0,0,None,66,1,5,False,1000,1000
30855,170,degCent,10,0.7649283439490446,0,32,None,66,1,5,False,1000,1000
30856,171,degCent,10,0.7662221337579618,0,32,None,66,1,5,False,1000,1000
30857,172,degCent,10,0.7681130573248408,0,32,None,66,1,5,False,1000,1000
30858,173,degCent,10,0.7688097133757962,0,32,None,66,1,5,False,1000,1000
30859,174,degCent,10,0.769406847133758,0,32,None,66,1,5,False,1000,1000
30860,170,degCent,10,0.7784633757961783,0,16,None,66,1,5,False,1000,1000
30861,171,degCent,10,0.7798566878980892,0,16,None,66,1,5,False,1000,1000
30862,172,degCent,10,0.7808519108280255,0,16,None,66,1,5,False,1000,1000
30863,173,degCent,10,0.7820461783439491,0,16,None,66,1,5,False,1000,1000
30864,174,degCent,10,0.7835390127388535,0,16,None,66,1,5,False,1000,1000
30865,170,degCent,10,0.779359076433121,0,2,None,66,1,5,False,1000,1000
30866,171,degCent,10,0.779359076433121,0,2,None,66,1,5,False,1000,1000
30867,172,degCent,10,0.7796576433121019,0,2,None,66,1,5,False,1000,1000
30868,173,degCent,10,0.7791600318471338,0,2,None,66,1,5,False,1000,1000
30869,174,degCent,10,0.7805533439490446,0,2,None,66,1,5,False,1000,1000
30870,170,degCent,10,0.7778662420382165,0,15,None,66,1,5,False,1000,1000
30871,171,degCent,10,0.779359076433121,0,15,None,66,1,5,False,1000,1000
30872,172,degCent,10,0.7798566878980892,0,15,None,66,1,5,False,1000,1000
30873,173,degCent,10,0.7800557324840764,0,15,None,66,1,5,False,1000,1000
30874,174,degCent,10,0.7799562101910829,0,15,None,66,1,5,False,1000,1000
30875,170,degCent,10,0.7726910828025477,0,10,None,66,1,5,False,1000,1000
30876,171,degCent,10,0.7732882165605095,0,10,None,66,1,5,False,1000,1000
30877,172,degCent,10,0.7734872611464968,0,10,None,66,1,5,False,1000,1000
30878,173,degCent,10,0.7735867834394905,0,10,None,66,1,5,False,1000,1000
30879,174,degCent,10,0.7737858280254777,0,10,None,66,1,5,False,1000,1000
30880,170,degCent,10,0.7660230891719745,0,11,None,66,1,5,False,1000,1000
30881,171,degCent,10,0.7671178343949044,0,11,None,66,1,5,False,1000,1000
30882,172,degCent,10,0.7682125796178344,0,11,None,66,1,5,False,1000,1000
30883,173,degCent,10,0.7692078025477707,0,11,None,66,1,5,False,1000,1000
30884,174,degCent,10,0.7695063694267515,0,11,None,66,1,5,False,1000,1000
30885,170,degCent,10,0.7777667197452229,0,17,None,66,1,5,False,1000,1000
30886,171,degCent,10,0.779359076433121,0,17,None,66,1,5,False,1000,1000
30887,172,degCent,10,0.7797571656050956,0,17,None,66,1,5,False,1000,1000
30888,173,degCent,10,0.7799562101910829,0,17,None,66,1,5,False,1000,1000
30889,174,degCent,10,0.7811504777070064,0,17,None,66,1,5,False,1000,1000
30890,170,degCent,10,0.7756767515923567,0,20,None,66,1,5,False,1000,1000
30891,171,degCent,10,0.776671974522293,0,20,None,66,1,5,False,1000,1000
30892,172,degCent,10,0.7786624203821656,0,20,None,66,1,5,False,1000,1000
30893,173,degCent,10,0.7791600318471338,0,20,None,66,1,5,False,1000,1000
30894,174,degCent,10,0.7794585987261147,0,20,None,66,1,5,False,1000,1000
30895,170,degCent,10,0.7834394904458599,0,18,None,66,1,5,False,1000,1000
30896,171,degCent,10,0.7846337579617835,0,18,None,66,1,5,False,1000,1000
30897,172,degCent,10,0.7848328025477707,0,18,None,66,1,5,False,1000,1000
30898,173,degCent,10,0.7862261146496815,0,18,None,66,1,5,False,1000,1000
30899,174,degCent,10,0.7871218152866242,0,18,None,66,1,5,False,1000,1000
30900,170,degCent,10,0.7771695859872612,0,8,None,66,1,5,False,1000,1000
30901,171,degCent,10,0.7778662420382165,0,8,None,66,1,5,False,1000,1000
30902,172,degCent,10,0.7783638535031847,0,8,None,66,1,5,False,1000,1000
30903,173,degCent,10,0.778562898089172,0,8,None,66,1,5,False,1000,1000
30904,174,degCent,10,0.7791600318471338,0,8,None,66,1,5,False,1000,1000
30905,170,degCent,10,0.771297770700637,0,22,None,66,1,5,False,1000,1000
30906,171,degCent,10,0.7717953821656051,0,22,None,66,1,5,False,1000,1000
30907,172,degCent,10,0.7723925159235668,0,22,None,66,1,5,False,1000,1000
30908,173,degCent,10,0.7727906050955414,0,22,None,66,1,5,False,1000,1000
30909,174,degCent,10,0.773984872611465,0,22,None,66,1,5,False,1000,1000
30910,170,degCent,10,0.5644904458598726,0,1,None,66,1,5,False,1000,1000
30911,171,degCent,10,0.658937101910828,0,1,None,66,1,5,False,1000,1000
30912,172,degCent,10,0.6833200636942676,0,1,None,66,1,5,False,1000,1000
30913,173,degCent,10,0.6911823248407644,0,1,None,66,1,5,False,1000,1000
30914,174,degCent,10,0.6977507961783439,0,1,None,66,1,5,False,1000,1000
30915,170,degCent,10,0.7607484076433121,0,13,None,66,1,5,False,1000,1000
30916,171,degCent,10,0.7622412420382165,0,13,None,66,1,5,False,1000,1000
30917,172,degCent,10,0.7641321656050956,0,13,None,66,1,5,False,1000,1000
30918,173,degCent,10,0.7649283439490446,0,13,None,66,1,5,False,1000,1000
30919,174,degCent,10,0.7655254777070064,0,13,None,66,1,5,False,1000,1000
30920,170,degCent,10,0.7802547770700637,0,21,None,66,1,5,False,1000,1000
30921,171,degCent,10,0.78125,0,21,None,66,1,5,False,1000,1000
30922,172,degCent,10,0.7811504777070064,0,21,None,66,1,5,False,1000,1000
30923,173,degCent,10,0.7817476114649682,0,21,None,66,1,5,False,1000,1000
30924,174,degCent,10,0.7828423566878981,0,21,None,66,1,5,False,1000,1000
30925,170,degCent,10,0.7393511146496815,0,19,None,66,1,5,False,1000,1000
30926,171,degCent,10,0.7415406050955414,0,19,None,66,1,5,False,1000,1000
30927,172,degCent,10,0.7431329617834395,0,19,None,66,1,5,False,1000,1000
30928,173,degCent,10,0.7452229299363057,0,19,None,66,1,5,False,1000,1000
30929,174,degCent,10,0.7470143312101911,0,19,None,66,1,5,False,1000,1000
30930,170,degCent,10,0.7769705414012739,0,23,None,66,1,5,False,1000,1000
30931,171,degCent,10,0.7773686305732485,0,23,None,66,1,5,False,1000,1000
30932,172,degCent,10,0.7775676751592356,0,23,None,66,1,5,False,1000,1000
30933,173,degCent,10,0.7782643312101911,0,23,None,66,1,5,False,1000,1000
30934,174,degCent,10,0.779359076433121,0,23,None,66,1,5,False,1000,1000
30935,170,degCent,10,0.7829418789808917,0,27,None,66,1,5,False,1000,1000
30936,171,degCent,10,0.7852308917197452,0,27,None,66,1,5,False,1000,1000
30937,172,degCent,10,0.7852308917197452,0,27,None,66,1,5,False,1000,1000
30938,173,degCent,10,0.7856289808917197,0,27,None,66,1,5,False,1000,1000
30939,174,degCent,10,0.7870222929936306,0,27,None,66,1,5,False,1000,1000
30940,170,degCent,10,0.6820262738853503,0,24,None,66,1,5,False,1000,1000
30941,171,degCent,10,0.6951632165605095,0,24,None,66,1,5,False,1000,1000
30942,172,degCent,10,0.7212380573248408,0,24,None,66,1,5,False,1000,1000
30943,173,degCent,10,0.7262141719745223,0,24,None,66,1,5,False,1000,1000
30944,174,degCent,10,0.737062101910828,0,24,None,66,1,5,False,1000,1000
30945,170,degCent,10,0.5353304140127388,0,31,None,66,1,5,False,1000,1000
30946,171,degCent,10,0.6418192675159236,0,31,None,66,1,5,False,1000,1000
30947,172,degCent,10,0.7009355095541401,0,31,None,66,1,5,False,1000,1000
30948,173,degCent,10,0.7293988853503185,0,31,None,66,1,5,False,1000,1000
30949,174,degCent,10,0.7453224522292994,0,31,None,66,1,5,False,1000,1000
30950,170,degCent,10,0.7840366242038217,0,25,None,66,1,5,False,1000,1000
30951,171,degCent,10,0.7863256369426752,0,25,None,66,1,5,False,1000,1000
30952,172,degCent,10,0.7872213375796179,0,25,None,66,1,5,False,1000,1000
30953,173,degCent,10,0.7879179936305732,0,25,None,66,1,5,False,1000,1000
30954,174,degCent,10,0.7888136942675159,0,25,None,66,1,5,False,1000,1000
30955,170,degCent,10,0.7696058917197452,0,29,None,66,1,5,False,1000,1000
30956,171,degCent,10,0.7717953821656051,0,29,None,66,1,5,False,1000,1000
30957,172,degCent,10,0.7727906050955414,0,29,None,66,1,5,False,1000,1000
30958,173,degCent,10,0.7729896496815286,0,29,None,66,1,5,False,1000,1000
30959,174,degCent,10,0.7733877388535032,0,29,None,66,1,5,False,1000,1000
30960,170,degCent,10,0.7570660828025477,0,9,None,66,1,5,False,1000,1000
30961,171,degCent,10,0.7621417197452229,0,9,None,66,1,5,False,1000,1000
30962,172,degCent,10,0.7658240445859873,0,9,None,66,1,5,False,1000,1000
30963,173,degCent,10,0.7676154458598726,0,9,None,66,1,5,False,1000,1000
30964,174,degCent,10,0.7691082802547771,0,9,None,66,1,5,False,1000,1000
30965,170,degCent,10,0.7802547770700637,0,0,None,66,1,5,False,1000,1000
30966,171,degCent,10,0.7806528662420382,0,0,None,66,1,5,False,1000,1000
30967,172,degCent,10,0.7816480891719745,0,0,None,66,1,5,False,1000,1000
30968,173,degCent,10,0.7817476114649682,0,0,None,66,1,5,False,1000,1000
30969,174,degCent,10,0.7825437898089171,0,0,None,66,1,5,False,1000,1000
30970,170,degCent,10,0.7866242038216561,0,28,None,66,1,5,False,1000,1000
30971,171,degCent,10,0.7867237261146497,0,28,None,66,1,5,False,1000,1000
30972,172,degCent,10,0.7868232484076433,0,28,None,66,1,5,False,1000,1000
30973,173,degCent,10,0.7871218152866242,0,28,None,66,1,5,False,1000,1000
30974,174,degCent,10,0.7883160828025477,0,28,None,66,1,5,False,1000,1000
30975,170,degCent,10,0.7775676751592356,0,3,None,66,1,5,False,1000,1000
30976,171,degCent,10,0.7773686305732485,0,3,None,66,1,5,False,1000,1000
30977,172,degCent,10,0.7773686305732485,0,3,None,66,1,5,False,1000,1000
30978,173,degCent,10,0.7777667197452229,0,3,None,66,1,5,False,1000,1000
30979,174,degCent,10,0.7778662420382165,0,3,None,66,1,5,False,1000,1000
30980,170,degCent,10,0.778562898089172,0,5,None,66,1,5,False,1000,1000
30981,171,degCent,10,0.7806528662420382,0,5,None,66,1,5,False,1000,1000
30982,172,degCent,10,0.78234474522293,0,5,None,66,1,5,False,1000,1000
30983,173,degCent,10,0.7828423566878981,0,5,None,66,1,5,False,1000,1000
30984,174,degCent,10,0.7827428343949044,0,5,None,66,1,5,False,1000,1000
30985,170,degCent,10,0.7606488853503185,0,4,None,66,1,5,False,1000,1000
30986,171,degCent,10,0.7611464968152867,0,4,None,66,1,5,False,1000,1000
30987,172,degCent,10,0.7624402866242038,0,4,None,66,1,5,False,1000,1000
30988,173,degCent,10,0.7640326433121019,0,4,None,66,1,5,False,1000,1000
30989,174,degCent,10,0.7641321656050956,0,4,None,66,1,5,False,1000,1000
30990,170,degCent,10,0.771297770700637,0,7,None,66,1,5,False,1000,1000
30991,171,degCent,10,0.772890127388535,0,7,None,66,1,5,False,1000,1000
30992,172,degCent,10,0.7741839171974523,0,7,None,66,1,5,False,1000,1000
30993,173,degCent,10,0.7749800955414012,0,7,None,66,1,5,False,1000,1000
30994,174,degCent,10,0.7761743630573248,0,7,None,66,1,5,False,1000,1000
30995,170,degCent,10,0.7787619426751592,0,6,None,66,1,5,False,1000,1000
30996,171,degCent,10,0.7802547770700637,0,6,None,66,1,5,False,1000,1000
30997,172,degCent,10,0.7797571656050956,0,6,None,66,1,5,False,1000,1000
30998,173,degCent,10,0.7810509554140127,0,6,None,66,1,5,False,1000,1000
30999,174,degCent,10,0.7813495222929936,0,6,None,66,1,5,False,1000,1000
31000,170,degCent,10,0.7461186305732485,0,12,None,66,1,5,False,1000,1000
31001,171,degCent,10,0.7466162420382165,0,12,None,66,1,5,False,1000,1000
31002,172,degCent,10,0.7486066878980892,0,12,None,66,1,5,False,1000,1000
31003,173,degCent,10,0.7492038216560509,0,12,None,66,1,5,False,1000,1000
31004,174,degCent,10,0.7504976114649682,0,12,None,66,1,5,False,1000,1000
31005,170,degCent,10,0.7867237261146497,0,14,None,66,1,5,False,1000,1000
31006,171,degCent,10,0.7863256369426752,0,14,None,66,1,5,False,1000,1000
31007,172,degCent,10,0.7853304140127388,0,14,None,66,1,5,False,1000,1000
31008,173,degCent,10,0.7857285031847133,0,14,None,66,1,5,False,1000,1000
31009,174,degCent,10,0.7862261146496815,0,14,None,66,1,5,False,1000,1000
31010,170,degCent,10,0.7123805732484076,0,26,None,66,1,5,False,1000,1000
31011,171,degCent,10,0.714968152866242,0,26,None,66,1,5,False,1000,1000
31012,172,degCent,10,0.7163614649681529,0,26,None,66,1,5,False,1000,1000
31013,173,degCent,10,0.7175557324840764,0,26,None,66,1,5,False,1000,1000
31014,174,degCent,10,0.7193471337579618,0,26,None,66,1,5,False,1000,1000
31015,170,degCent,10,0.7393511146496815,0,30,None,66,1,5,False,1000,1000
31016,171,degCent,10,0.7415406050955414,0,30,None,66,1,5,False,1000,1000
31017,172,degCent,10,0.7448248407643312,0,30,None,66,1,5,False,1000,1000
31018,173,degCent,10,0.7469148089171974,0,30,None,66,1,5,False,1000,1000
31019,174,degCent,10,0.74890525477707,0,30,None,66,1,5,False,1000,1000
31020,175,degCent,10,0.564390923566879,0,1,None,66,1,5,False,1000,1000
31021,176,degCent,10,0.6610270700636943,0,1,None,66,1,5,False,1000,1000
31022,177,degCent,10,0.6833200636942676,0,1,None,66,1,5,False,1000,1000
31023,178,degCent,10,0.6928742038216561,0,1,None,66,1,5,False,1000,1000
31024,179,degCent,10,0.7001393312101911,0,1,None,66,1,5,False,1000,1000
31025,175,degCent,10,0.7817476114649682,0,21,None,66,1,5,False,1000,1000
31026,176,degCent,10,0.7824442675159236,0,21,None,66,1,5,False,1000,1000
31027,177,degCent,10,0.7829418789808917,0,21,None,66,1,5,False,1000,1000
31028,178,degCent,10,0.7828423566878981,0,21,None,66,1,5,False,1000,1000
31029,179,degCent,10,0.7830414012738853,0,21,None,66,1,5,False,1000,1000
31030,175,degCent,10,0.7811504777070064,0,2,None,66,1,5,False,1000,1000
31031,176,degCent,10,0.7813495222929936,0,2,None,66,1,5,False,1000,1000
31032,177,degCent,10,0.7818471337579618,0,2,None,66,1,5,False,1000,1000
31033,178,degCent,10,0.7822452229299363,0,2,None,66,1,5,False,1000,1000
31034,179,degCent,10,0.7825437898089171,0,2,None,66,1,5,False,1000,1000
31035,175,degCent,10,0.7874203821656051,0,28,None,66,1,5,False,1000,1000
31036,176,degCent,10,0.7888136942675159,0,28,None,66,1,5,False,1000,1000
31037,177,degCent,10,0.7882165605095541,0,28,None,66,1,5,False,1000,1000
31038,178,degCent,10,0.7901074840764332,0,28,None,66,1,5,False,1000,1000
31039,179,degCent,10,0.7901074840764332,0,28,None,66,1,5,False,1000,1000
31040,175,degCent,10,0.7799562101910829,0,17,None,66,1,5,False,1000,1000
31041,176,degCent,10,0.7813495222929936,0,17,None,66,1,5,False,1000,1000
31042,177,degCent,10,0.7824442675159236,0,17,None,66,1,5,False,1000,1000
31043,178,degCent,10,0.7827428343949044,0,17,None,66,1,5,False,1000,1000
31044,179,degCent,10,0.7834394904458599,0,17,None,66,1,5,False,1000,1000
31045,175,degCent,10,0.7860270700636943,0,18,None,66,1,5,False,1000,1000
31046,176,degCent,10,0.7871218152866242,0,18,None,66,1,5,False,1000,1000
31047,177,degCent,10,0.7874203821656051,0,18,None,66,1,5,False,1000,1000
31048,178,degCent,10,0.7878184713375797,0,18,None,66,1,5,False,1000,1000
31049,179,degCent,10,0.7883160828025477,0,18,None,66,1,5,False,1000,1000
31050,175,degCent,10,0.7406449044585988,0,19,None,66,1,5,False,1000,1000
31051,176,degCent,10,0.7425358280254777,0,19,None,66,1,5,False,1000,1000
31052,177,degCent,10,0.7455214968152867,0,19,None,66,1,5,False,1000,1000
31053,178,degCent,10,0.7485071656050956,0,19,None,66,1,5,False,1000,1000
31054,179,degCent,10,0.7500995222929936,0,19,None,66,1,5,False,1000,1000
31055,175,degCent,10,0.7679140127388535,0,11,None,66,1,5,False,1000,1000
31056,176,degCent,10,0.7701035031847133,0,11,None,66,1,5,False,1000,1000
31057,177,degCent,10,0.770203025477707,0,11,None,66,1,5,False,1000,1000
31058,178,degCent,10,0.771297770700637,0,11,None,66,1,5,False,1000,1000
31059,179,degCent,10,0.7711982484076433,0,11,None,66,1,5,False,1000,1000
31060,175,degCent,10,0.7798566878980892,0,15,None,66,1,5,False,1000,1000
31061,176,degCent,10,0.7804538216560509,0,15,None,66,1,5,False,1000,1000
31062,177,degCent,10,0.7805533439490446,0,15,None,66,1,5,False,1000,1000
31063,178,degCent,10,0.7825437898089171,0,15,None,66,1,5,False,1000,1000
31064,179,degCent,10,0.78234474522293,0,15,None,66,1,5,False,1000,1000
31065,175,degCent,10,0.7802547770700637,0,16,None,66,1,5,False,1000,1000
31066,176,degCent,10,0.7816480891719745,0,16,None,66,1,5,False,1000,1000
31067,177,degCent,10,0.7827428343949044,0,16,None,66,1,5,False,1000,1000
31068,178,degCent,10,0.7834394904458599,0,16,None,66,1,5,False,1000,1000
31069,179,degCent,10,0.7854299363057324,0,16,None,66,1,5,False,1000,1000
31070,175,degCent,10,0.7725915605095541,0,7,None,66,1,5,False,1000,1000
31071,176,degCent,10,0.7741839171974523,0,7,None,66,1,5,False,1000,1000
31072,177,degCent,10,0.7751791401273885,0,7,None,66,1,5,False,1000,1000
31073,178,degCent,10,0.7764729299363057,0,7,None,66,1,5,False,1000,1000
31074,179,degCent,10,0.7776671974522293,0,7,None,66,1,5,False,1000,1000
31075,175,degCent,10,0.7815485668789809,0,5,None,66,1,5,False,1000,1000
31076,176,degCent,10,0.7835390127388535,0,5,None,66,1,5,False,1000,1000
31077,177,degCent,10,0.7853304140127388,0,5,None,66,1,5,False,1000,1000
31078,178,degCent,10,0.7854299363057324,0,5,None,66,1,5,False,1000,1000
31079,179,degCent,10,0.7865246815286624,0,5,None,66,1,5,False,1000,1000
31080,175,degCent,10,0.7101910828025477,0,26,None,66,1,5,False,1000,1000
31081,176,degCent,10,0.7132762738853503,0,26,None,66,1,5,False,1000,1000
31082,177,degCent,10,0.7154657643312102,0,26,None,66,1,5,False,1000,1000
31083,178,degCent,10,0.7179538216560509,0,26,None,66,1,5,False,1000,1000
31084,179,degCent,10,0.7211385350318471,0,26,None,66,1,5,False,1000,1000
31085,175,degCent,10,0.7622412420382165,0,13,None,66,1,5,False,1000,1000
31086,176,degCent,10,0.763734076433121,0,13,None,66,1,5,False,1000,1000
31087,177,degCent,10,0.7652269108280255,0,13,None,66,1,5,False,1000,1000
31088,178,degCent,10,0.7655254777070064,0,13,None,66,1,5,False,1000,1000
31089,179,degCent,10,0.7670183121019108,0,13,None,66,1,5,False,1000,1000
31090,175,degCent,10,0.7492038216560509,0,12,None,66,1,5,False,1000,1000
31091,176,degCent,10,0.7495023885350318,0,12,None,66,1,5,False,1000,1000
31092,177,degCent,10,0.7512937898089171,0,12,None,66,1,5,False,1000,1000
31093,178,degCent,10,0.7522890127388535,0,12,None,66,1,5,False,1000,1000
31094,179,degCent,10,0.7527866242038217,0,12,None,66,1,5,False,1000,1000
31095,175,degCent,10,0.7859275477707006,0,14,None,66,1,5,False,1000,1000
31096,176,degCent,10,0.7863256369426752,0,14,None,66,1,5,False,1000,1000
31097,177,degCent,10,0.786922770700637,0,14,None,66,1,5,False,1000,1000
31098,178,degCent,10,0.7870222929936306,0,14,None,66,1,5,False,1000,1000
31099,179,degCent,10,0.7868232484076433,0,14,None,66,1,5,False,1000,1000
31100,175,degCent,10,0.7581608280254777,0,9,None,66,1,5,False,1000,1000
31101,176,degCent,10,0.7622412420382165,0,9,None,66,1,5,False,1000,1000
31102,177,degCent,10,0.7670183121019108,0,9,None,66,1,5,False,1000,1000
31103,178,degCent,10,0.7690087579617835,0,9,None,66,1,5,False,1000,1000
31104,179,degCent,10,0.7693073248407644,0,9,None,66,1,5,False,1000,1000
31105,175,degCent,10,0.7855294585987261,0,25,None,66,1,5,False,1000,1000
31106,176,degCent,10,0.7883160828025477,0,25,None,66,1,5,False,1000,1000
31107,177,degCent,10,0.7892117834394905,0,25,None,66,1,5,False,1000,1000
31108,178,degCent,10,0.7899084394904459,0,25,None,66,1,5,False,1000,1000
31109,179,degCent,10,0.791202229299363,0,25,None,66,1,5,False,1000,1000
31110,175,degCent,10,0.7714968152866242,0,29,None,66,1,5,False,1000,1000
31111,176,degCent,10,0.772890127388535,0,29,None,66,1,5,False,1000,1000
31112,177,degCent,10,0.7731886942675159,0,29,None,66,1,5,False,1000,1000
31113,178,degCent,10,0.7737858280254777,0,29,None,66,1,5,False,1000,1000
31114,179,degCent,10,0.7732882165605095,0,29,None,66,1,5,False,1000,1000
31115,175,degCent,10,0.684812898089172,0,24,None,66,1,5,False,1000,1000
31116,176,degCent,10,0.6978503184713376,0,24,None,66,1,5,False,1000,1000
31117,177,degCent,10,0.7256170382165605,0,24,None,66,1,5,False,1000,1000
31118,178,degCent,10,0.7283041401273885,0,24,None,66,1,5,False,1000,1000
31119,179,degCent,10,0.7407444267515924,0,24,None,66,1,5,False,1000,1000
31120,175,degCent,10,0.5321457006369427,0,31,None,66,1,5,False,1000,1000
31121,176,degCent,10,0.6523686305732485,0,31,None,66,1,5,False,1000,1000
31122,177,degCent,10,0.7107882165605095,0,31,None,66,1,5,False,1000,1000
31123,178,degCent,10,0.7383558917197452,0,31,None,66,1,5,False,1000,1000
31124,179,degCent,10,0.7520899681528662,0,31,None,66,1,5,False,1000,1000
31125,175,degCent,10,0.7832404458598726,0,0,None,66,1,5,False,1000,1000
31126,176,degCent,10,0.7835390127388535,0,0,None,66,1,5,False,1000,1000
31127,177,degCent,10,0.783937101910828,0,0,None,66,1,5,False,1000,1000
31128,178,degCent,10,0.7847332802547771,0,0,None,66,1,5,False,1000,1000
31129,179,degCent,10,0.7846337579617835,0,0,None,66,1,5,False,1000,1000
31130,175,degCent,10,0.7635350318471338,0,4,None,66,1,5,False,1000,1000
31131,176,degCent,10,0.7641321656050956,0,4,None,66,1,5,False,1000,1000
31132,177,degCent,10,0.7649283439490446,0,4,None,66,1,5,False,1000,1000
31133,178,degCent,10,0.7649283439490446,0,4,None,66,1,5,False,1000,1000
31134,179,degCent,10,0.7665207006369427,0,4,None,66,1,5,False,1000,1000
31135,175,degCent,10,0.7791600318471338,0,3,None,66,1,5,False,1000,1000
31136,176,degCent,10,0.7798566878980892,0,3,None,66,1,5,False,1000,1000
31137,177,degCent,10,0.78015525477707,0,3,None,66,1,5,False,1000,1000
31138,178,degCent,10,0.7799562101910829,0,3,None,66,1,5,False,1000,1000
31139,179,degCent,10,0.78015525477707,0,3,None,66,1,5,False,1000,1000
31140,175,degCent,10,0.7794585987261147,0,8,None,66,1,5,False,1000,1000
31141,176,degCent,10,0.7795581210191083,0,8,None,66,1,5,False,1000,1000
31142,177,degCent,10,0.7795581210191083,0,8,None,66,1,5,False,1000,1000
31143,178,degCent,10,0.7804538216560509,0,8,None,66,1,5,False,1000,1000
31144,179,degCent,10,0.7804538216560509,0,8,None,66,1,5,False,1000,1000
31145,175,degCent,10,0.7773686305732485,0,20,None,66,1,5,False,1000,1000
31146,176,degCent,10,0.7786624203821656,0,20,None,66,1,5,False,1000,1000
31147,177,degCent,10,0.7791600318471338,0,20,None,66,1,5,False,1000,1000
31148,178,degCent,10,0.7798566878980892,0,20,None,66,1,5,False,1000,1000
31149,179,degCent,10,0.7807523885350318,0,20,None,66,1,5,False,1000,1000
31150,175,degCent,10,0.7751791401273885,0,10,None,66,1,5,False,1000,1000
31151,176,degCent,10,0.7749800955414012,0,10,None,66,1,5,False,1000,1000
31152,177,degCent,10,0.7762738853503185,0,10,None,66,1,5,False,1000,1000
31153,178,degCent,10,0.7762738853503185,0,10,None,66,1,5,False,1000,1000
31154,179,degCent,10,0.7768710191082803,0,10,None,66,1,5,False,1000,1000
31155,175,degCent,10,0.7731886942675159,0,22,None,66,1,5,False,1000,1000
31156,176,degCent,10,0.7737858280254777,0,22,None,66,1,5,False,1000,1000
31157,177,degCent,10,0.7745820063694268,0,22,None,66,1,5,False,1000,1000
31158,178,degCent,10,0.7754777070063694,0,22,None,66,1,5,False,1000,1000
31159,179,degCent,10,0.7764729299363057,0,22,None,66,1,5,False,1000,1000
31160,175,degCent,10,0.7699044585987261,0,32,None,66,1,5,False,1000,1000
31161,176,degCent,10,0.7705015923566879,0,32,None,66,1,5,False,1000,1000
31162,177,degCent,10,0.7714968152866242,0,32,None,66,1,5,False,1000,1000
31163,178,degCent,10,0.7733877388535032,0,32,None,66,1,5,False,1000,1000
31164,179,degCent,10,0.7738853503184714,0,32,None,66,1,5,False,1000,1000
31165,175,degCent,10,0.7786624203821656,0,23,None,66,1,5,False,1000,1000
31166,176,degCent,10,0.7792595541401274,0,23,None,66,1,5,False,1000,1000
31167,177,degCent,10,0.7800557324840764,0,23,None,66,1,5,False,1000,1000
31168,178,degCent,10,0.7807523885350318,0,23,None,66,1,5,False,1000,1000
31169,179,degCent,10,0.7807523885350318,0,23,None,66,1,5,False,1000,1000
31170,175,degCent,10,0.7856289808917197,0,27,None,66,1,5,False,1000,1000
31171,176,degCent,10,0.7870222929936306,0,27,None,66,1,5,False,1000,1000
31172,177,degCent,10,0.7878184713375797,0,27,None,66,1,5,False,1000,1000
31173,178,degCent,10,0.7880175159235668,0,27,None,66,1,5,False,1000,1000
31174,179,degCent,10,0.7874203821656051,0,27,None,66,1,5,False,1000,1000
31175,175,degCent,10,0.7814490445859873,0,6,None,66,1,5,False,1000,1000
31176,176,degCent,10,0.7820461783439491,0,6,None,66,1,5,False,1000,1000
31177,177,degCent,10,0.7822452229299363,0,6,None,66,1,5,False,1000,1000
31178,178,degCent,10,0.7829418789808917,0,6,None,66,1,5,False,1000,1000
31179,179,degCent,10,0.7827428343949044,0,6,None,66,1,5,False,1000,1000
31180,175,degCent,10,0.7397492038216561,0,30,None,66,1,5,False,1000,1000
31181,176,degCent,10,0.7440286624203821,0,30,None,66,1,5,False,1000,1000
31182,177,degCent,10,0.7471138535031847,0,30,None,66,1,5,False,1000,1000
31183,178,degCent,10,0.7496019108280255,0,30,None,66,1,5,False,1000,1000
31184,179,degCent,10,0.7520899681528662,0,30,None,66,1,5,False,1000,1000
33165,180,degCent,10,0.5671775477707006,0,1,None,66,1,5,False,1000,1000
33166,181,degCent,10,0.6623208598726115,0,1,None,66,1,5,False,1000,1000
33167,182,degCent,10,0.6865047770700637,0,1,None,66,1,5,False,1000,1000
33168,183,degCent,10,0.6946656050955414,0,1,None,66,1,5,False,1000,1000
33169,184,degCent,10,0.7023288216560509,0,1,None,66,1,5,False,1000,1000
33170,180,degCent,10,0.7821457006369427,0,5,None,66,1,5,False,1000,1000
33171,181,degCent,10,0.7845342356687898,0,5,None,66,1,5,False,1000,1000
33172,182,degCent,10,0.7863256369426752,0,5,None,66,1,5,False,1000,1000
33173,183,degCent,10,0.7868232484076433,0,5,None,66,1,5,False,1000,1000
33174,184,degCent,10,0.7871218152866242,0,5,None,66,1,5,False,1000,1000
33175,180,degCent,10,0.7633359872611465,0,13,None,66,1,5,False,1000,1000
33176,181,degCent,10,0.7658240445859873,0,13,None,66,1,5,False,1000,1000
33177,182,degCent,10,0.7671178343949044,0,13,None,66,1,5,False,1000,1000
33178,183,degCent,10,0.7685111464968153,0,13,None,66,1,5,False,1000,1000
33179,184,degCent,10,0.7689092356687898,0,13,None,66,1,5,False,1000,1000
33180,180,degCent,10,0.7818471337579618,0,15,None,66,1,5,False,1000,1000
33181,181,degCent,10,0.7816480891719745,0,15,None,66,1,5,False,1000,1000
33182,182,degCent,10,0.7821457006369427,0,15,None,66,1,5,False,1000,1000
33183,183,degCent,10,0.7832404458598726,0,15,None,66,1,5,False,1000,1000
33184,184,degCent,10,0.7833399681528662,0,15,None,66,1,5,False,1000,1000
33185,180,degCent,10,0.7792595541401274,0,10,None,66,1,5,False,1000,1000
33186,181,degCent,10,0.7771695859872612,0,10,None,66,1,5,False,1000,1000
33187,182,degCent,10,0.7773686305732485,0,10,None,66,1,5,False,1000,1000
33188,183,degCent,10,0.7788614649681529,0,10,None,66,1,5,False,1000,1000
33189,184,degCent,10,0.7798566878980892,0,10,None,66,1,5,False,1000,1000
33190,180,degCent,10,0.7704020700636943,0,11,None,66,1,5,False,1000,1000
33191,181,degCent,10,0.7710987261146497,0,11,None,66,1,5,False,1000,1000
33192,182,degCent,10,0.772093949044586,0,11,None,66,1,5,False,1000,1000
33193,183,degCent,10,0.7730891719745223,0,11,None,66,1,5,False,1000,1000
33194,184,degCent,10,0.7725915605095541,0,11,None,66,1,5,False,1000,1000
33195,180,degCent,10,0.7804538216560509,0,20,None,66,1,5,False,1000,1000
33196,181,degCent,10,0.7804538216560509,0,20,None,66,1,5,False,1000,1000
33197,182,degCent,10,0.7809514331210191,0,20,None,66,1,5,False,1000,1000
33198,183,degCent,10,0.7808519108280255,0,20,None,66,1,5,False,1000,1000
33199,184,degCent,10,0.7824442675159236,0,20,None,66,1,5,False,1000,1000
33200,180,degCent,10,0.7911027070063694,0,14,None,66,1,5,False,1000,1000
33201,181,degCent,10,0.7905055732484076,0,14,None,66,1,5,False,1000,1000
33202,182,degCent,10,0.7905055732484076,0,14,None,66,1,5,False,1000,1000
33203,183,degCent,10,0.790406050955414,0,14,None,66,1,5,False,1000,1000
33204,184,degCent,10,0.7910031847133758,0,14,None,66,1,5,False,1000,1000
33205,180,degCent,10,0.7746815286624203,0,22,None,66,1,5,False,1000,1000
33206,181,degCent,10,0.7762738853503185,0,22,None,66,1,5,False,1000,1000
33207,182,degCent,10,0.7771695859872612,0,22,None,66,1,5,False,1000,1000
33208,183,degCent,10,0.7784633757961783,0,22,None,66,1,5,False,1000,1000
33209,184,degCent,10,0.7790605095541401,0,22,None,66,1,5,False,1000,1000
33210,180,degCent,10,0.7821457006369427,0,23,None,66,1,5,False,1000,1000
33211,181,degCent,10,0.7824442675159236,0,23,None,66,1,5,False,1000,1000
33212,182,degCent,10,0.7826433121019108,0,23,None,66,1,5,False,1000,1000
33213,183,degCent,10,0.7829418789808917,0,23,None,66,1,5,False,1000,1000
33214,184,degCent,10,0.7851313694267515,0,23,None,66,1,5,False,1000,1000
33215,180,degCent,10,0.783937101910828,0,17,None,66,1,5,False,1000,1000
33216,181,degCent,10,0.7847332802547771,0,17,None,66,1,5,False,1000,1000
33217,182,degCent,10,0.7854299363057324,0,17,None,66,1,5,False,1000,1000
33218,183,degCent,10,0.7857285031847133,0,17,None,66,1,5,False,1000,1000
33219,184,degCent,10,0.785828025477707,0,17,None,66,1,5,False,1000,1000
33220,180,degCent,10,0.7833399681528662,0,25,None,66,1,5,False,1000,1000
33221,181,degCent,10,0.7851313694267515,0,25,None,66,1,5,False,1000,1000
33222,182,degCent,10,0.7886146496815286,0,25,None,66,1,5,False,1000,1000
33223,183,degCent,10,0.7905055732484076,0,25,None,66,1,5,False,1000,1000
33224,184,degCent,10,0.7916998407643312,0,25,None,66,1,5,False,1000,1000
33225,180,degCent,10,0.7158638535031847,0,26,None,66,1,5,False,1000,1000
33226,181,degCent,10,0.7191480891719745,0,26,None,66,1,5,False,1000,1000
33227,182,degCent,10,0.7213375796178344,0,26,None,66,1,5,False,1000,1000
33228,183,degCent,10,0.7226313694267515,0,26,None,66,1,5,False,1000,1000
33229,184,degCent,10,0.7245222929936306,0,26,None,66,1,5,False,1000,1000
33230,180,degCent,10,0.7516918789808917,0,12,None,66,1,5,False,1000,1000
33231,181,degCent,10,0.752687101910828,0,12,None,66,1,5,False,1000,1000
33232,182,degCent,10,0.7540804140127388,0,12,None,66,1,5,False,1000,1000
33233,183,degCent,10,0.7548765923566879,0,12,None,66,1,5,False,1000,1000
33234,184,degCent,10,0.7555732484076433,0,12,None,66,1,5,False,1000,1000
33235,180,degCent,10,0.6878980891719745,0,24,None,66,1,5,False,1000,1000
33236,181,degCent,10,0.7061106687898089,0,24,None,66,1,5,False,1000,1000
33237,182,degCent,10,0.728702229299363,0,24,None,66,1,5,False,1000,1000
33238,183,degCent,10,0.7302945859872612,0,24,None,66,1,5,False,1000,1000
33239,184,degCent,10,0.7460191082802548,0,24,None,66,1,5,False,1000,1000
33240,180,degCent,10,0.790406050955414,0,28,None,66,1,5,False,1000,1000
33241,181,degCent,10,0.7903065286624203,0,28,None,66,1,5,False,1000,1000
33242,182,degCent,10,0.7909036624203821,0,28,None,66,1,5,False,1000,1000
33243,183,degCent,10,0.7911027070063694,0,28,None,66,1,5,False,1000,1000
33244,184,degCent,10,0.792296974522293,0,28,None,66,1,5,False,1000,1000
33245,180,degCent,10,0.7722929936305732,0,29,None,66,1,5,False,1000,1000
33246,181,degCent,10,0.7740843949044586,0,29,None,66,1,5,False,1000,1000
33247,182,degCent,10,0.7745820063694268,0,29,None,66,1,5,False,1000,1000
33248,183,degCent,10,0.7751791401273885,0,29,None,66,1,5,False,1000,1000
33249,184,degCent,10,0.7748805732484076,0,29,None,66,1,5,False,1000,1000
33250,180,degCent,10,0.7604498407643312,0,9,None,66,1,5,False,1000,1000
33251,181,degCent,10,0.7655254777070064,0,9,None,66,1,5,False,1000,1000
33252,182,degCent,10,0.768312101910828,0,9,None,66,1,5,False,1000,1000
33253,183,degCent,10,0.7692078025477707,0,9,None,66,1,5,False,1000,1000
33254,184,degCent,10,0.771297770700637,0,9,None,66,1,5,False,1000,1000
33255,180,degCent,10,0.743531050955414,0,30,None,66,1,5,False,1000,1000
33256,181,degCent,10,0.7467157643312102,0,30,None,66,1,5,False,1000,1000
33257,182,degCent,10,0.7495023885350318,0,30,None,66,1,5,False,1000,1000
33258,183,degCent,10,0.752687101910828,0,30,None,66,1,5,False,1000,1000
33259,184,degCent,10,0.7546775477707006,0,30,None,66,1,5,False,1000,1000
33260,180,degCent,10,0.783937101910828,0,6,None,66,1,5,False,1000,1000
33261,181,degCent,10,0.7849323248407644,0,6,None,66,1,5,False,1000,1000
33262,182,degCent,10,0.7848328025477707,0,6,None,66,1,5,False,1000,1000
33263,183,degCent,10,0.7852308917197452,0,6,None,66,1,5,False,1000,1000
33264,184,degCent,10,0.7853304140127388,0,6,None,66,1,5,False,1000,1000
33265,180,degCent,10,0.5327428343949044,0,31,None,66,1,5,False,1000,1000
33266,181,degCent,10,0.6587380573248408,0,31,None,66,1,5,False,1000,1000
33267,182,degCent,10,0.7164609872611465,0,31,None,66,1,5,False,1000,1000
33268,183,degCent,10,0.7421377388535032,0,31,None,66,1,5,False,1000,1000
33269,184,degCent,10,0.7571656050955414,0,31,None,66,1,5,False,1000,1000
33270,180,degCent,10,0.7867237261146497,0,27,None,66,1,5,False,1000,1000
33271,181,degCent,10,0.7887141719745223,0,27,None,66,1,5,False,1000,1000
33272,182,degCent,10,0.789609872611465,0,27,None,66,1,5,False,1000,1000
33273,183,degCent,10,0.7902070063694268,0,27,None,66,1,5,False,1000,1000
33274,184,degCent,10,0.7906050955414012,0,27,None,66,1,5,False,1000,1000
33275,180,degCent,10,0.7722929936305732,0,32,None,66,1,5,False,1000,1000
33276,181,degCent,10,0.7733877388535032,0,32,None,66,1,5,False,1000,1000
33277,182,degCent,10,0.7744824840764332,0,32,None,66,1,5,False,1000,1000
33278,183,degCent,10,0.774781050955414,0,32,None,66,1,5,False,1000,1000
33279,184,degCent,10,0.7754777070063694,0,32,None,66,1,5,False,1000,1000
33280,180,degCent,10,0.765625,0,4,None,66,1,5,False,1000,1000
33281,181,degCent,10,0.7662221337579618,0,4,None,66,1,5,False,1000,1000
33282,182,degCent,10,0.7662221337579618,0,4,None,66,1,5,False,1000,1000
33283,183,degCent,10,0.7677149681528662,0,4,None,66,1,5,False,1000,1000
33284,184,degCent,10,0.7690087579617835,0,4,None,66,1,5,False,1000,1000
33285,180,degCent,10,0.7830414012738853,0,2,None,66,1,5,False,1000,1000
33286,181,degCent,10,0.7835390127388535,0,2,None,66,1,5,False,1000,1000
33287,182,degCent,10,0.7840366242038217,0,2,None,66,1,5,False,1000,1000
33288,183,degCent,10,0.7842356687898089,0,2,None,66,1,5,False,1000,1000
33289,184,degCent,10,0.7844347133757962,0,2,None,66,1,5,False,1000,1000
33290,180,degCent,10,0.7866242038216561,0,0,None,66,1,5,False,1000,1000
33291,181,degCent,10,0.7859275477707006,0,0,None,66,1,5,False,1000,1000
33292,182,degCent,10,0.7865246815286624,0,0,None,66,1,5,False,1000,1000
33293,183,degCent,10,0.7861265923566879,0,0,None,66,1,5,False,1000,1000
33294,184,degCent,10,0.7861265923566879,0,0,None,66,1,5,False,1000,1000
33295,180,degCent,10,0.7815485668789809,0,3,None,66,1,5,False,1000,1000
33296,181,degCent,10,0.78234474522293,0,3,None,66,1,5,False,1000,1000
33297,182,degCent,10,0.7821457006369427,0,3,None,66,1,5,False,1000,1000
33298,183,degCent,10,0.7819466560509554,0,3,None,66,1,5,False,1000,1000
33299,184,degCent,10,0.7820461783439491,0,3,None,66,1,5,False,1000,1000
33300,180,degCent,10,0.7743829617834395,0,7,None,66,1,5,False,1000,1000
33301,181,degCent,10,0.7750796178343949,0,7,None,66,1,5,False,1000,1000
33302,182,degCent,10,0.7764729299363057,0,7,None,66,1,5,False,1000,1000
33303,183,degCent,10,0.7778662420382165,0,7,None,66,1,5,False,1000,1000
33304,184,degCent,10,0.7779657643312102,0,7,None,66,1,5,False,1000,1000
33305,180,degCent,10,0.783140923566879,0,16,None,66,1,5,False,1000,1000
33306,181,degCent,10,0.7852308917197452,0,16,None,66,1,5,False,1000,1000
33307,182,degCent,10,0.7862261146496815,0,16,None,66,1,5,False,1000,1000
33308,183,degCent,10,0.7872213375796179,0,16,None,66,1,5,False,1000,1000
33309,184,degCent,10,0.7883160828025477,0,16,None,66,1,5,False,1000,1000
33310,180,degCent,10,0.7819466560509554,0,8,None,66,1,5,False,1000,1000
33311,181,degCent,10,0.7816480891719745,0,8,None,66,1,5,False,1000,1000
33312,182,degCent,10,0.7818471337579618,0,8,None,66,1,5,False,1000,1000
33313,183,degCent,10,0.78234474522293,0,8,None,66,1,5,False,1000,1000
33314,184,degCent,10,0.78234474522293,0,8,None,66,1,5,False,1000,1000
33315,180,degCent,10,0.7882165605095541,0,18,None,66,1,5,False,1000,1000
33316,181,degCent,10,0.7889132165605095,0,18,None,66,1,5,False,1000,1000
33317,182,degCent,10,0.7891122611464968,0,18,None,66,1,5,False,1000,1000
33318,183,degCent,10,0.7897093949044586,0,18,None,66,1,5,False,1000,1000
33319,184,degCent,10,0.7907046178343949,0,18,None,66,1,5,False,1000,1000
33320,180,degCent,10,0.7480095541401274,0,19,None,66,1,5,False,1000,1000
33321,181,degCent,10,0.7499004777070064,0,19,None,66,1,5,False,1000,1000
33322,182,degCent,10,0.75109474522293,0,19,None,66,1,5,False,1000,1000
33323,183,degCent,10,0.7522890127388535,0,19,None,66,1,5,False,1000,1000
33324,184,degCent,10,0.7538813694267515,0,19,None,66,1,5,False,1000,1000
33325,180,degCent,10,0.7834394904458599,0,21,None,66,1,5,False,1000,1000
33326,181,degCent,10,0.7845342356687898,0,21,None,66,1,5,False,1000,1000
33327,182,degCent,10,0.783937101910828,0,21,None,66,1,5,False,1000,1000
33328,183,degCent,10,0.7842356687898089,0,21,None,66,1,5,False,1000,1000
33329,184,degCent,10,0.7844347133757962,0,21,None,66,1,5,False,1000,1000
33330,185,degCent,10,0.7878184713375797,0,25,None,66,1,5,False,1000,1000
33331,186,degCent,10,0.7903065286624203,0,25,None,66,1,5,False,1000,1000
33332,187,degCent,10,0.7917993630573248,0,25,None,66,1,5,False,1000,1000
33333,188,degCent,10,0.7926950636942676,0,25,None,66,1,5,False,1000,1000
33334,189,degCent,10,0.7931926751592356,0,25,None,66,1,5,False,1000,1000
33335,185,degCent,10,0.7709992038216561,0,11,None,66,1,5,False,1000,1000
33336,186,degCent,10,0.771297770700637,0,11,None,66,1,5,False,1000,1000
33337,187,degCent,10,0.772890127388535,0,11,None,66,1,5,False,1000,1000
33338,188,degCent,10,0.7735867834394905,0,11,None,66,1,5,False,1000,1000
33339,189,degCent,10,0.7733877388535032,0,11,None,66,1,5,False,1000,1000
33340,185,degCent,10,0.7835390127388535,0,15,None,66,1,5,False,1000,1000
33341,186,degCent,10,0.7835390127388535,0,15,None,66,1,5,False,1000,1000
33342,187,degCent,10,0.7854299363057324,0,15,None,66,1,5,False,1000,1000
33343,188,degCent,10,0.7855294585987261,0,15,None,66,1,5,False,1000,1000
33344,189,degCent,10,0.7856289808917197,0,15,None,66,1,5,False,1000,1000
33345,185,degCent,10,0.7846337579617835,0,16,None,66,1,5,False,1000,1000
33346,186,degCent,10,0.7868232484076433,0,16,None,66,1,5,False,1000,1000
33347,187,degCent,10,0.7878184713375797,0,16,None,66,1,5,False,1000,1000
33348,188,degCent,10,0.7893113057324841,0,16,None,66,1,5,False,1000,1000
33349,189,degCent,10,0.7899084394904459,0,16,None,66,1,5,False,1000,1000
33350,185,degCent,10,0.5673765923566879,0,1,None,66,1,5,False,1000,1000
33351,186,degCent,10,0.665406050955414,0,1,None,66,1,5,False,1000,1000
33352,187,degCent,10,0.6877985668789809,0,1,None,66,1,5,False,1000,1000
33353,188,degCent,10,0.696656050955414,0,1,None,66,1,5,False,1000,1000
33354,189,degCent,10,0.7029259554140127,0,1,None,66,1,5,False,1000,1000
33355,185,degCent,10,0.7856289808917197,0,2,None,66,1,5,False,1000,1000
33356,186,degCent,10,0.7857285031847133,0,2,None,66,1,5,False,1000,1000
33357,187,degCent,10,0.7863256369426752,0,2,None,66,1,5,False,1000,1000
33358,188,degCent,10,0.7863256369426752,0,2,None,66,1,5,False,1000,1000
33359,189,degCent,10,0.7863256369426752,0,2,None,66,1,5,False,1000,1000
33360,185,degCent,10,0.7664211783439491,0,13,None,66,1,5,False,1000,1000
33361,186,degCent,10,0.7681130573248408,0,13,None,66,1,5,False,1000,1000
33362,187,degCent,10,0.7690087579617835,0,13,None,66,1,5,False,1000,1000
33363,188,degCent,10,0.7700039808917197,0,13,None,66,1,5,False,1000,1000
33364,189,degCent,10,0.7704020700636943,0,13,None,66,1,5,False,1000,1000
33365,185,degCent,10,0.7920979299363057,0,28,None,66,1,5,False,1000,1000
33366,186,degCent,10,0.7925955414012739,0,28,None,66,1,5,False,1000,1000
33367,187,degCent,10,0.7931926751592356,0,28,None,66,1,5,False,1000,1000
33368,188,degCent,10,0.7932921974522293,0,28,None,66,1,5,False,1000,1000
33369,189,degCent,10,0.7940883757961783,0,28,None,66,1,5,False,1000,1000
33370,185,degCent,10,0.762937898089172,0,9,None,66,1,5,False,1000,1000
33371,186,degCent,10,0.7681130573248408,0,9,None,66,1,5,False,1000,1000
33372,187,degCent,10,0.7699044585987261,0,9,None,66,1,5,False,1000,1000
33373,188,degCent,10,0.7726910828025477,0,9,None,66,1,5,False,1000,1000
33374,189,degCent,10,0.7737858280254777,0,9,None,66,1,5,False,1000,1000
33375,185,degCent,10,0.7757762738853503,0,29,None,66,1,5,False,1000,1000
33376,186,degCent,10,0.7764729299363057,0,29,None,66,1,5,False,1000,1000
33377,187,degCent,10,0.7767714968152867,0,29,None,66,1,5,False,1000,1000
33378,188,degCent,10,0.777468152866242,0,29,None,66,1,5,False,1000,1000
33379,189,degCent,10,0.7773686305732485,0,29,None,66,1,5,False,1000,1000
33380,185,degCent,10,0.7809514331210191,0,20,None,66,1,5,False,1000,1000
33381,186,degCent,10,0.7824442675159236,0,20,None,66,1,5,False,1000,1000
33382,187,degCent,10,0.7833399681528662,0,20,None,66,1,5,False,1000,1000
33383,188,degCent,10,0.783140923566879,0,20,None,66,1,5,False,1000,1000
33384,189,degCent,10,0.7837380573248408,0,20,None,66,1,5,False,1000,1000
33385,185,degCent,10,0.7838375796178344,0,23,None,66,1,5,False,1000,1000
33386,186,degCent,10,0.7846337579617835,0,23,None,66,1,5,False,1000,1000
33387,187,degCent,10,0.7844347133757962,0,23,None,66,1,5,False,1000,1000
33388,188,degCent,10,0.7851313694267515,0,23,None,66,1,5,False,1000,1000
33389,189,degCent,10,0.7856289808917197,0,23,None,66,1,5,False,1000,1000
33390,185,degCent,10,0.7798566878980892,0,10,None,66,1,5,False,1000,1000
33391,186,degCent,10,0.7792595541401274,0,10,None,66,1,5,False,1000,1000
33392,187,degCent,10,0.7791600318471338,0,10,None,66,1,5,False,1000,1000
33393,188,degCent,10,0.7794585987261147,0,10,None,66,1,5,False,1000,1000
33394,189,degCent,10,0.7802547770700637,0,10,None,66,1,5,False,1000,1000
33395,185,degCent,10,0.7757762738853503,0,32,None,66,1,5,False,1000,1000
33396,186,degCent,10,0.7771695859872612,0,32,None,66,1,5,False,1000,1000
33397,187,degCent,10,0.777468152866242,0,32,None,66,1,5,False,1000,1000
33398,188,degCent,10,0.7780652866242038,0,32,None,66,1,5,False,1000,1000
33399,189,degCent,10,0.7784633757961783,0,32,None,66,1,5,False,1000,1000
33400,185,degCent,10,0.7836385350318471,0,3,None,66,1,5,False,1000,1000
33401,186,degCent,10,0.7833399681528662,0,3,None,66,1,5,False,1000,1000
33402,187,degCent,10,0.7826433121019108,0,3,None,66,1,5,False,1000,1000
33403,188,degCent,10,0.7828423566878981,0,3,None,66,1,5,False,1000,1000
33404,189,degCent,10,0.7835390127388535,0,3,None,66,1,5,False,1000,1000
33405,185,degCent,10,0.7829418789808917,0,8,None,66,1,5,False,1000,1000
33406,186,degCent,10,0.7832404458598726,0,8,None,66,1,5,False,1000,1000
33407,187,degCent,10,0.7835390127388535,0,8,None,66,1,5,False,1000,1000
33408,188,degCent,10,0.7835390127388535,0,8,None,66,1,5,False,1000,1000
33409,189,degCent,10,0.7843351910828026,0,8,None,66,1,5,False,1000,1000
33410,185,degCent,10,0.5286624203821656,0,31,None,66,1,5,False,1000,1000
33411,186,degCent,10,0.6561504777070064,0,31,None,66,1,5,False,1000,1000
33412,187,degCent,10,0.7179538216560509,0,31,None,66,1,5,False,1000,1000
33413,188,degCent,10,0.7456210191082803,0,31,None,66,1,5,False,1000,1000
33414,189,degCent,10,0.7608479299363057,0,31,None,66,1,5,False,1000,1000
33415,185,degCent,10,0.7902070063694268,0,18,None,66,1,5,False,1000,1000
33416,186,degCent,10,0.7910031847133758,0,18,None,66,1,5,False,1000,1000
33417,187,degCent,10,0.7908041401273885,0,18,None,66,1,5,False,1000,1000
33418,188,degCent,10,0.7916998407643312,0,18,None,66,1,5,False,1000,1000
33419,189,degCent,10,0.7921974522292994,0,18,None,66,1,5,False,1000,1000
33420,185,degCent,10,0.7867237261146497,0,17,None,66,1,5,False,1000,1000
33421,186,degCent,10,0.7872213375796179,0,17,None,66,1,5,False,1000,1000
33422,187,degCent,10,0.7875199044585988,0,17,None,66,1,5,False,1000,1000
33423,188,degCent,10,0.7871218152866242,0,17,None,66,1,5,False,1000,1000
33424,189,degCent,10,0.7878184713375797,0,17,None,66,1,5,False,1000,1000
33425,185,degCent,10,0.7898089171974523,0,27,None,66,1,5,False,1000,1000
33426,186,degCent,10,0.7913017515923567,0,27,None,66,1,5,False,1000,1000
33427,187,degCent,10,0.7917993630573248,0,27,None,66,1,5,False,1000,1000
33428,188,degCent,10,0.791202229299363,0,27,None,66,1,5,False,1000,1000
33429,189,degCent,10,0.7916003184713376,0,27,None,66,1,5,False,1000,1000
33430,185,degCent,10,0.7770700636942676,0,22,None,66,1,5,False,1000,1000
33431,186,degCent,10,0.7782643312101911,0,22,None,66,1,5,False,1000,1000
33432,187,degCent,10,0.7788614649681529,0,22,None,66,1,5,False,1000,1000
33433,188,degCent,10,0.7799562101910829,0,22,None,66,1,5,False,1000,1000
33434,189,degCent,10,0.7811504777070064,0,22,None,66,1,5,False,1000,1000
33435,185,degCent,10,0.7849323248407644,0,5,None,66,1,5,False,1000,1000
33436,186,degCent,10,0.7872213375796179,0,5,None,66,1,5,False,1000,1000
33437,187,degCent,10,0.7880175159235668,0,5,None,66,1,5,False,1000,1000
33438,188,degCent,10,0.7887141719745223,0,5,None,66,1,5,False,1000,1000
33439,189,degCent,10,0.7900079617834395,0,5,None,66,1,5,False,1000,1000
33440,185,degCent,10,0.7861265923566879,0,6,None,66,1,5,False,1000,1000
33441,186,degCent,10,0.7870222929936306,0,6,None,66,1,5,False,1000,1000
33442,187,degCent,10,0.787718949044586,0,6,None,66,1,5,False,1000,1000
33443,188,degCent,10,0.7879179936305732,0,6,None,66,1,5,False,1000,1000
33444,189,degCent,10,0.7883160828025477,0,6,None,66,1,5,False,1000,1000
33445,185,degCent,10,0.7753781847133758,0,7,None,66,1,5,False,1000,1000
33446,186,degCent,10,0.7759753184713376,0,7,None,66,1,5,False,1000,1000
33447,187,degCent,10,0.7776671974522293,0,7,None,66,1,5,False,1000,1000
33448,188,degCent,10,0.7792595541401274,0,7,None,66,1,5,False,1000,1000
33449,189,degCent,10,0.7799562101910829,0,7,None,66,1,5,False,1000,1000
33450,185,degCent,10,0.7666202229299363,0,4,None,66,1,5,False,1000,1000
33451,186,degCent,10,0.7679140127388535,0,4,None,66,1,5,False,1000,1000
33452,187,degCent,10,0.7687101910828026,0,4,None,66,1,5,False,1000,1000
33453,188,degCent,10,0.7695063694267515,0,4,None,66,1,5,False,1000,1000
33454,189,degCent,10,0.7697054140127388,0,4,None,66,1,5,False,1000,1000
33455,185,degCent,10,0.7929936305732485,0,14,None,66,1,5,False,1000,1000
33456,186,degCent,10,0.793093152866242,0,14,None,66,1,5,False,1000,1000
33457,187,degCent,10,0.7927945859872612,0,14,None,66,1,5,False,1000,1000
33458,188,degCent,10,0.7926950636942676,0,14,None,66,1,5,False,1000,1000
33459,189,degCent,10,0.7917993630573248,0,14,None,66,1,5,False,1000,1000
33460,185,degCent,10,0.7542794585987261,0,12,None,66,1,5,False,1000,1000
33461,186,degCent,10,0.7554737261146497,0,12,None,66,1,5,False,1000,1000
33462,187,degCent,10,0.7561703821656051,0,12,None,66,1,5,False,1000,1000
33463,188,degCent,10,0.7563694267515924,0,12,None,66,1,5,False,1000,1000
33464,189,degCent,10,0.7577627388535032,0,12,None,66,1,5,False,1000,1000
33465,185,degCent,10,0.7461186305732485,0,30,None,66,1,5,False,1000,1000
33466,186,degCent,10,0.7496019108280255,0,30,None,66,1,5,False,1000,1000
33467,187,degCent,10,0.7515923566878981,0,30,None,66,1,5,False,1000,1000
33468,188,degCent,10,0.7541799363057324,0,30,None,66,1,5,False,1000,1000
33469,189,degCent,10,0.7574641719745223,0,30,None,66,1,5,False,1000,1000
33470,185,degCent,10,0.7173566878980892,0,26,None,66,1,5,False,1000,1000
33471,186,degCent,10,0.7203423566878981,0,26,None,66,1,5,False,1000,1000
33472,187,degCent,10,0.722531847133758,0,26,None,66,1,5,False,1000,1000
33473,188,degCent,10,0.7240246815286624,0,26,None,66,1,5,False,1000,1000
33474,189,degCent,10,0.7257165605095541,0,26,None,66,1,5,False,1000,1000
33475,185,degCent,10,0.7469148089171974,0,19,None,66,1,5,False,1000,1000
33476,186,degCent,10,0.7500995222929936,0,19,None,66,1,5,False,1000,1000
33477,187,degCent,10,0.7523885350318471,0,19,None,66,1,5,False,1000,1000
33478,188,degCent,10,0.7539808917197452,0,19,None,66,1,5,False,1000,1000
33479,189,degCent,10,0.7554737261146497,0,19,None,66,1,5,False,1000,1000
33480,185,degCent,10,0.785828025477707,0,21,None,66,1,5,False,1000,1000
33481,186,degCent,10,0.7860270700636943,0,21,None,66,1,5,False,1000,1000
33482,187,degCent,10,0.7856289808917197,0,21,None,66,1,5,False,1000,1000
33483,188,degCent,10,0.7864251592356688,0,21,None,66,1,5,False,1000,1000
33484,189,degCent,10,0.7876194267515924,0,21,None,66,1,5,False,1000,1000
33485,185,degCent,10,0.7868232484076433,0,0,None,66,1,5,False,1000,1000
33486,186,degCent,10,0.7874203821656051,0,0,None,66,1,5,False,1000,1000
33487,187,degCent,10,0.7873208598726115,0,0,None,66,1,5,False,1000,1000
33488,188,degCent,10,0.7871218152866242,0,0,None,66,1,5,False,1000,1000
33489,189,degCent,10,0.7884156050955414,0,0,None,66,1,5,False,1000,1000
33490,185,degCent,10,0.6904856687898089,0,24,None,66,1,5,False,1000,1000
33491,186,degCent,10,0.7101910828025477,0,24,None,66,1,5,False,1000,1000
33492,187,degCent,10,0.7319864649681529,0,24,None,66,1,5,False,1000,1000
33493,188,degCent,10,0.7374601910828026,0,24,None,66,1,5,False,1000,1000
33494,189,degCent,10,0.748109076433121,0,24,None,66,1,5,False,1000,1000
33495,190,degCent,10,0.7145700636942676,0,26,None,66,1,5,False,1000,1000
33496,191,degCent,10,0.7185509554140127,0,26,None,66,1,5,False,1000,1000
33497,192,degCent,10,0.7227308917197452,0,26,None,66,1,5,False,1000,1000
33498,193,degCent,10,0.725218949044586,0,26,None,66,1,5,False,1000,1000
33499,194,degCent,10,0.7269108280254777,0,26,None,66,1,5,False,1000,1000
33500,190,degCent,10,0.5590167197452229,0,1,None,66,1,5,False,1000,1000
33501,191,degCent,10,0.6655055732484076,0,1,None,66,1,5,False,1000,1000
33502,192,degCent,10,0.6898885350318471,0,1,None,66,1,5,False,1000,1000
33503,193,degCent,10,0.6989450636942676,0,1,None,66,1,5,False,1000,1000
33504,194,degCent,10,0.7045183121019108,0,1,None,66,1,5,False,1000,1000
33505,190,degCent,10,0.7856289808917197,0,21,None,66,1,5,False,1000,1000
33506,191,degCent,10,0.7863256369426752,0,21,None,66,1,5,False,1000,1000
33507,192,degCent,10,0.7865246815286624,0,21,None,66,1,5,False,1000,1000
33508,193,degCent,10,0.7875199044585988,0,21,None,66,1,5,False,1000,1000
33509,194,degCent,10,0.787718949044586,0,21,None,66,1,5,False,1000,1000
33510,190,degCent,10,0.7875199044585988,0,2,None,66,1,5,False,1000,1000
33511,191,degCent,10,0.7879179936305732,0,2,None,66,1,5,False,1000,1000
33512,192,degCent,10,0.7884156050955414,0,2,None,66,1,5,False,1000,1000
33513,193,degCent,10,0.7879179936305732,0,2,None,66,1,5,False,1000,1000
33514,194,degCent,10,0.787718949044586,0,2,None,66,1,5,False,1000,1000
33515,190,degCent,10,0.7772691082802548,0,7,None,66,1,5,False,1000,1000
33516,191,degCent,10,0.7770700636942676,0,7,None,66,1,5,False,1000,1000
33517,192,degCent,10,0.7786624203821656,0,7,None,66,1,5,False,1000,1000
33518,193,degCent,10,0.7807523885350318,0,7,None,66,1,5,False,1000,1000
33519,194,degCent,10,0.7817476114649682,0,7,None,66,1,5,False,1000,1000
33520,190,degCent,10,0.7854299363057324,0,15,None,66,1,5,False,1000,1000
33521,191,degCent,10,0.785031847133758,0,15,None,66,1,5,False,1000,1000
33522,192,degCent,10,0.7864251592356688,0,15,None,66,1,5,False,1000,1000
33523,193,degCent,10,0.7884156050955414,0,15,None,66,1,5,False,1000,1000
33524,194,degCent,10,0.7870222929936306,0,15,None,66,1,5,False,1000,1000
33525,190,degCent,10,0.7819466560509554,0,10,None,66,1,5,False,1000,1000
33526,191,degCent,10,0.7814490445859873,0,10,None,66,1,5,False,1000,1000
33527,192,degCent,10,0.7816480891719745,0,10,None,66,1,5,False,1000,1000
33528,193,degCent,10,0.7819466560509554,0,10,None,66,1,5,False,1000,1000
33529,194,degCent,10,0.7822452229299363,0,10,None,66,1,5,False,1000,1000
33530,190,degCent,10,0.7822452229299363,0,20,None,66,1,5,False,1000,1000
33531,191,degCent,10,0.7834394904458599,0,20,None,66,1,5,False,1000,1000
33532,192,degCent,10,0.7854299363057324,0,20,None,66,1,5,False,1000,1000
33533,193,degCent,10,0.7844347133757962,0,20,None,66,1,5,False,1000,1000
33534,194,degCent,10,0.7854299363057324,0,20,None,66,1,5,False,1000,1000
33535,190,degCent,10,0.779359076433121,0,22,None,66,1,5,False,1000,1000
33536,191,degCent,10,0.7803542993630573,0,22,None,66,1,5,False,1000,1000
33537,192,degCent,10,0.7806528662420382,0,22,None,66,1,5,False,1000,1000
33538,193,degCent,10,0.7820461783439491,0,22,None,66,1,5,False,1000,1000
33539,194,degCent,10,0.7824442675159236,0,22,None,66,1,5,False,1000,1000
33540,190,degCent,10,0.7780652866242038,0,32,None,66,1,5,False,1000,1000
33541,191,degCent,10,0.7788614649681529,0,32,None,66,1,5,False,1000,1000
33542,192,degCent,10,0.7790605095541401,0,32,None,66,1,5,False,1000,1000
33543,193,degCent,10,0.7796576433121019,0,32,None,66,1,5,False,1000,1000
33544,194,degCent,10,0.7800557324840764,0,32,None,66,1,5,False,1000,1000
33545,190,degCent,10,0.7890127388535032,0,16,None,66,1,5,False,1000,1000
33546,191,degCent,10,0.7892117834394905,0,16,None,66,1,5,False,1000,1000
33547,192,degCent,10,0.7902070063694268,0,16,None,66,1,5,False,1000,1000
33548,193,degCent,10,0.7907046178343949,0,16,None,66,1,5,False,1000,1000
33549,194,degCent,10,0.7918988853503185,0,16,None,66,1,5,False,1000,1000
33550,190,degCent,10,0.7691082802547771,0,13,None,66,1,5,False,1000,1000
33551,191,degCent,10,0.7697054140127388,0,13,None,66,1,5,False,1000,1000
33552,192,degCent,10,0.7706011146496815,0,13,None,66,1,5,False,1000,1000
33553,193,degCent,10,0.7716958598726115,0,13,None,66,1,5,False,1000,1000
33554,194,degCent,10,0.7710987261146497,0,13,None,66,1,5,False,1000,1000
33555,190,degCent,10,0.756468949044586,0,12,None,66,1,5,False,1000,1000
33556,191,degCent,10,0.7570660828025477,0,12,None,66,1,5,False,1000,1000
33557,192,degCent,10,0.7579617834394905,0,12,None,66,1,5,False,1000,1000
33558,193,degCent,10,0.7586584394904459,0,12,None,66,1,5,False,1000,1000
33559,194,degCent,10,0.7592555732484076,0,12,None,66,1,5,False,1000,1000
33560,190,degCent,10,0.7844347133757962,0,23,None,66,1,5,False,1000,1000
33561,191,degCent,10,0.7862261146496815,0,23,None,66,1,5,False,1000,1000
33562,192,degCent,10,0.7866242038216561,0,23,None,66,1,5,False,1000,1000
33563,193,degCent,10,0.7861265923566879,0,23,None,66,1,5,False,1000,1000
33564,194,degCent,10,0.7861265923566879,0,23,None,66,1,5,False,1000,1000
33565,190,degCent,10,0.7696058917197452,0,4,None,66,1,5,False,1000,1000
33566,191,degCent,10,0.770203025477707,0,4,None,66,1,5,False,1000,1000
33567,192,degCent,10,0.7703025477707006,0,4,None,66,1,5,False,1000,1000
33568,193,degCent,10,0.7698049363057324,0,4,None,66,1,5,False,1000,1000
33569,194,degCent,10,0.7701035031847133,0,4,None,66,1,5,False,1000,1000
33570,190,degCent,10,0.7935907643312102,0,28,None,66,1,5,False,1000,1000
33571,191,degCent,10,0.7947850318471338,0,28,None,66,1,5,False,1000,1000
33572,192,degCent,10,0.7943869426751592,0,28,None,66,1,5,False,1000,1000
33573,193,degCent,10,0.7946855095541401,0,28,None,66,1,5,False,1000,1000
33574,194,degCent,10,0.794984076433121,0,28,None,66,1,5,False,1000,1000
33575,190,degCent,10,0.7705015923566879,0,11,None,66,1,5,False,1000,1000
33576,191,degCent,10,0.7715963375796179,0,11,None,66,1,5,False,1000,1000
33577,192,degCent,10,0.7733877388535032,0,11,None,66,1,5,False,1000,1000
33578,193,degCent,10,0.7743829617834395,0,11,None,66,1,5,False,1000,1000
33579,194,degCent,10,0.7741839171974523,0,11,None,66,1,5,False,1000,1000
33580,190,degCent,10,0.7899084394904459,0,17,None,66,1,5,False,1000,1000
33581,191,degCent,10,0.7901074840764332,0,17,None,66,1,5,False,1000,1000
33582,192,degCent,10,0.7897093949044586,0,17,None,66,1,5,False,1000,1000
33583,193,degCent,10,0.7895103503184714,0,17,None,66,1,5,False,1000,1000
33584,194,degCent,10,0.7889132165605095,0,17,None,66,1,5,False,1000,1000
33585,190,degCent,10,0.6892914012738853,0,24,None,66,1,5,False,1000,1000
33586,191,degCent,10,0.7089968152866242,0,24,None,66,1,5,False,1000,1000
33587,192,degCent,10,0.7356687898089171,0,24,None,66,1,5,False,1000,1000
33588,193,degCent,10,0.7413415605095541,0,24,None,66,1,5,False,1000,1000
33589,194,degCent,10,0.7502985668789809,0,24,None,66,1,5,False,1000,1000
33590,190,degCent,10,0.745421974522293,0,30,None,66,1,5,False,1000,1000
33591,191,degCent,10,0.7495023885350318,0,30,None,66,1,5,False,1000,1000
33592,192,degCent,10,0.7517914012738853,0,30,None,66,1,5,False,1000,1000
33593,193,degCent,10,0.7547770700636943,0,30,None,66,1,5,False,1000,1000
33594,194,degCent,10,0.757265127388535,0,30,None,66,1,5,False,1000,1000
33595,190,degCent,10,0.7918988853503185,0,27,None,66,1,5,False,1000,1000
33596,191,degCent,10,0.7929936305732485,0,27,None,66,1,5,False,1000,1000
33597,192,degCent,10,0.7938893312101911,0,27,None,66,1,5,False,1000,1000
33598,193,degCent,10,0.7936902866242038,0,27,None,66,1,5,False,1000,1000
33599,194,degCent,10,0.7939888535031847,0,27,None,66,1,5,False,1000,1000
33600,190,degCent,10,0.7849323248407644,0,8,None,66,1,5,False,1000,1000
33601,191,degCent,10,0.7852308917197452,0,8,None,66,1,5,False,1000,1000
33602,192,degCent,10,0.7856289808917197,0,8,None,66,1,5,False,1000,1000
33603,193,degCent,10,0.7855294585987261,0,8,None,66,1,5,False,1000,1000
33604,194,degCent,10,0.7860270700636943,0,8,None,66,1,5,False,1000,1000
33605,190,degCent,10,0.7913017515923567,0,18,None,66,1,5,False,1000,1000
33606,191,degCent,10,0.7924960191082803,0,18,None,66,1,5,False,1000,1000
33607,192,degCent,10,0.7928941082802548,0,18,None,66,1,5,False,1000,1000
33608,193,degCent,10,0.7936902866242038,0,18,None,66,1,5,False,1000,1000
33609,194,degCent,10,0.7935907643312102,0,18,None,66,1,5,False,1000,1000
33610,190,degCent,10,0.7478105095541401,0,19,None,66,1,5,False,1000,1000
33611,191,degCent,10,0.7506966560509554,0,19,None,66,1,5,False,1000,1000
33612,192,degCent,10,0.7534832802547771,0,19,None,66,1,5,False,1000,1000
33613,193,degCent,10,0.7553742038216561,0,19,None,66,1,5,False,1000,1000
33614,194,degCent,10,0.7570660828025477,0,19,None,66,1,5,False,1000,1000
33615,190,degCent,10,0.5287619426751592,0,31,None,66,1,5,False,1000,1000
33616,191,degCent,10,0.6613256369426752,0,31,None,66,1,5,False,1000,1000
33617,192,degCent,10,0.7242237261146497,0,31,None,66,1,5,False,1000,1000
33618,193,degCent,10,0.7505971337579618,0,31,None,66,1,5,False,1000,1000
33619,194,degCent,10,0.7640326433121019,0,31,None,66,1,5,False,1000,1000
33620,190,degCent,10,0.7881170382165605,0,5,None,66,1,5,False,1000,1000
33621,191,degCent,10,0.7889132165605095,0,5,None,66,1,5,False,1000,1000
33622,192,degCent,10,0.7903065286624203,0,5,None,66,1,5,False,1000,1000
33623,193,degCent,10,0.7916003184713376,0,5,None,66,1,5,False,1000,1000
33624,194,degCent,10,0.7918988853503185,0,5,None,66,1,5,False,1000,1000
33625,190,degCent,10,0.7892117834394905,0,6,None,66,1,5,False,1000,1000
33626,191,degCent,10,0.7900079617834395,0,6,None,66,1,5,False,1000,1000
33627,192,degCent,10,0.7902070063694268,0,6,None,66,1,5,False,1000,1000
33628,193,degCent,10,0.790406050955414,0,6,None,66,1,5,False,1000,1000
33629,194,degCent,10,0.790406050955414,0,6,None,66,1,5,False,1000,1000
33630,190,degCent,10,0.7880175159235668,0,0,None,66,1,5,False,1000,1000
33631,191,degCent,10,0.7891122611464968,0,0,None,66,1,5,False,1000,1000
33632,192,degCent,10,0.7899084394904459,0,0,None,66,1,5,False,1000,1000
33633,193,degCent,10,0.789609872611465,0,0,None,66,1,5,False,1000,1000
33634,194,degCent,10,0.7899084394904459,0,0,None,66,1,5,False,1000,1000
33635,190,degCent,10,0.7859275477707006,0,3,None,66,1,5,False,1000,1000
33636,191,degCent,10,0.785828025477707,0,3,None,66,1,5,False,1000,1000
33637,192,degCent,10,0.7860270700636943,0,3,None,66,1,5,False,1000,1000
33638,193,degCent,10,0.7867237261146497,0,3,None,66,1,5,False,1000,1000
33639,194,degCent,10,0.786922770700637,0,3,None,66,1,5,False,1000,1000
33640,190,degCent,10,0.7649283439490446,0,9,None,66,1,5,False,1000,1000
33641,191,degCent,10,0.7695063694267515,0,9,None,66,1,5,False,1000,1000
33642,192,degCent,10,0.7713972929936306,0,9,None,66,1,5,False,1000,1000
33643,193,degCent,10,0.7737858280254777,0,9,None,66,1,5,False,1000,1000
33644,194,degCent,10,0.7761743630573248,0,9,None,66,1,5,False,1000,1000
33645,190,degCent,10,0.7892117834394905,0,25,None,66,1,5,False,1000,1000
33646,191,degCent,10,0.7905055732484076,0,25,None,66,1,5,False,1000,1000
33647,192,degCent,10,0.7924960191082803,0,25,None,66,1,5,False,1000,1000
33648,193,degCent,10,0.7931926751592356,0,25,None,66,1,5,False,1000,1000
33649,194,degCent,10,0.7937898089171974,0,25,None,66,1,5,False,1000,1000
33650,190,degCent,10,0.7918988853503185,0,14,None,66,1,5,False,1000,1000
33651,191,degCent,10,0.7916003184713376,0,14,None,66,1,5,False,1000,1000
33652,192,degCent,10,0.7925955414012739,0,14,None,66,1,5,False,1000,1000
33653,193,degCent,10,0.7932921974522293,0,14,None,66,1,5,False,1000,1000
33654,194,degCent,10,0.7942874203821656,0,14,None,66,1,5,False,1000,1000
33655,190,degCent,10,0.7752786624203821,0,29,None,66,1,5,False,1000,1000
33656,191,degCent,10,0.7770700636942676,0,29,None,66,1,5,False,1000,1000
33657,192,degCent,10,0.7784633757961783,0,29,None,66,1,5,False,1000,1000
33658,193,degCent,10,0.7790605095541401,0,29,None,66,1,5,False,1000,1000
33659,194,degCent,10,0.7790605095541401,0,29,None,66,1,5,False,1000,1000
33660,195,degCent,10,0.5592157643312102,0,1,None,66,1,5,False,1000,1000
33661,196,degCent,10,0.6670979299363057,0,1,None,66,1,5,False,1000,1000
33662,197,degCent,10,0.6918789808917197,0,1,None,66,1,5,False,1000,1000
33663,198,degCent,10,0.6986464968152867,0,1,None,66,1,5,False,1000,1000
33664,199,degCent,10,0.7054140127388535,0,1,None,66,1,5,False,1000,1000
33665,195,degCent,10,0.7894108280254777,0,2,None,66,1,5,False,1000,1000
33666,196,degCent,10,0.7897093949044586,0,2,None,66,1,5,False,1000,1000
33667,197,degCent,10,0.7900079617834395,0,2,None,66,1,5,False,1000,1000
33668,198,degCent,10,0.791202229299363,0,2,None,66,1,5,False,1000,1000
33669,199,degCent,10,0.7909036624203821,0,2,None,66,1,5,False,1000,1000
33670,195,degCent,10,0.7952826433121019,0,28,None,66,1,5,False,1000,1000
33671,196,degCent,10,0.7952826433121019,0,28,None,66,1,5,False,1000,1000
33672,197,degCent,10,0.7960788216560509,0,28,None,66,1,5,False,1000,1000
33673,198,degCent,10,0.7959792993630573,0,28,None,66,1,5,False,1000,1000
33674,199,degCent,10,0.7965764331210191,0,28,None,66,1,5,False,1000,1000
33675,195,degCent,10,0.7857285031847133,0,21,None,66,1,5,False,1000,1000
33676,196,degCent,10,0.7880175159235668,0,21,None,66,1,5,False,1000,1000
33677,197,degCent,10,0.788515127388535,0,21,None,66,1,5,False,1000,1000
33678,198,degCent,10,0.7891122611464968,0,21,None,66,1,5,False,1000,1000
33679,199,degCent,10,0.7895103503184714,0,21,None,66,1,5,False,1000,1000
33680,195,degCent,10,0.7777667197452229,0,29,None,66,1,5,False,1000,1000
33681,196,degCent,10,0.7778662420382165,0,29,None,66,1,5,False,1000,1000
33682,197,degCent,10,0.7782643312101911,0,29,None,66,1,5,False,1000,1000
33683,198,degCent,10,0.7790605095541401,0,29,None,66,1,5,False,1000,1000
33684,199,degCent,10,0.7792595541401274,0,29,None,66,1,5,False,1000,1000
33685,195,degCent,10,0.778562898089172,0,32,None,66,1,5,False,1000,1000
33686,196,degCent,10,0.7800557324840764,0,32,None,66,1,5,False,1000,1000
33687,197,degCent,10,0.78015525477707,0,32,None,66,1,5,False,1000,1000
33688,198,degCent,10,0.78125,0,32,None,66,1,5,False,1000,1000
33689,199,degCent,10,0.7813495222929936,0,32,None,66,1,5,False,1000,1000
33690,195,degCent,10,0.7888136942675159,0,16,None,66,1,5,False,1000,1000
33691,196,degCent,10,0.7907046178343949,0,16,None,66,1,5,False,1000,1000
33692,197,degCent,10,0.792296974522293,0,16,None,66,1,5,False,1000,1000
33693,198,degCent,10,0.7921974522292994,0,16,None,66,1,5,False,1000,1000
33694,199,degCent,10,0.7920979299363057,0,16,None,66,1,5,False,1000,1000
33695,195,degCent,10,0.7692078025477707,0,13,None,66,1,5,False,1000,1000
33696,196,degCent,10,0.7700039808917197,0,13,None,66,1,5,False,1000,1000
33697,197,degCent,10,0.771297770700637,0,13,None,66,1,5,False,1000,1000
33698,198,degCent,10,0.7714968152866242,0,13,None,66,1,5,False,1000,1000
33699,199,degCent,10,0.7719944267515924,0,13,None,66,1,5,False,1000,1000
33700,195,degCent,10,0.7872213375796179,0,15,None,66,1,5,False,1000,1000
33701,196,degCent,10,0.787718949044586,0,15,None,66,1,5,False,1000,1000
33702,197,degCent,10,0.7886146496815286,0,15,None,66,1,5,False,1000,1000
33703,198,degCent,10,0.7903065286624203,0,15,None,66,1,5,False,1000,1000
33704,199,degCent,10,0.7901074840764332,0,15,None,66,1,5,False,1000,1000
33705,195,degCent,10,0.7842356687898089,0,10,None,66,1,5,False,1000,1000
33706,196,degCent,10,0.7835390127388535,0,10,None,66,1,5,False,1000,1000
33707,197,degCent,10,0.783937101910828,0,10,None,66,1,5,False,1000,1000
33708,198,degCent,10,0.7837380573248408,0,10,None,66,1,5,False,1000,1000
33709,199,degCent,10,0.7838375796178344,0,10,None,66,1,5,False,1000,1000
33710,195,degCent,10,0.7862261146496815,0,8,None,66,1,5,False,1000,1000
33711,196,degCent,10,0.786922770700637,0,8,None,66,1,5,False,1000,1000
33712,197,degCent,10,0.7876194267515924,0,8,None,66,1,5,False,1000,1000
33713,198,degCent,10,0.7875199044585988,0,8,None,66,1,5,False,1000,1000
33714,199,degCent,10,0.7875199044585988,0,8,None,66,1,5,False,1000,1000
33715,195,degCent,10,0.7926950636942676,0,18,None,66,1,5,False,1000,1000
33716,196,degCent,10,0.7934912420382165,0,18,None,66,1,5,False,1000,1000
33717,197,degCent,10,0.7947850318471338,0,18,None,66,1,5,False,1000,1000
33718,198,degCent,10,0.7951831210191083,0,18,None,66,1,5,False,1000,1000
33719,199,degCent,10,0.7952826433121019,0,18,None,66,1,5,False,1000,1000
33720,195,degCent,10,0.7502985668789809,0,19,None,66,1,5,False,1000,1000
33721,196,degCent,10,0.7544785031847133,0,19,None,66,1,5,False,1000,1000
33722,197,degCent,10,0.7557722929936306,0,19,None,66,1,5,False,1000,1000
33723,198,degCent,10,0.758359872611465,0,19,None,66,1,5,False,1000,1000
33724,199,degCent,10,0.7593550955414012,0,19,None,66,1,5,False,1000,1000
33725,195,degCent,10,0.7875199044585988,0,25,None,66,1,5,False,1000,1000
33726,196,degCent,10,0.7891122611464968,0,25,None,66,1,5,False,1000,1000
33727,197,degCent,10,0.7909036624203821,0,25,None,66,1,5,False,1000,1000
33728,198,degCent,10,0.7928941082802548,0,25,None,66,1,5,False,1000,1000
33729,199,degCent,10,0.794187898089172,0,25,None,66,1,5,False,1000,1000
33730,195,degCent,10,0.7672173566878981,0,9,None,66,1,5,False,1000,1000
33731,196,degCent,10,0.7713972929936306,0,9,None,66,1,5,False,1000,1000
33732,197,degCent,10,0.773984872611465,0,9,None,66,1,5,False,1000,1000
33733,198,degCent,10,0.7761743630573248,0,9,None,66,1,5,False,1000,1000
33734,199,degCent,10,0.7782643312101911,0,9,None,66,1,5,False,1000,1000
33735,195,degCent,10,0.7884156050955414,0,5,None,66,1,5,False,1000,1000
33736,196,degCent,10,0.7898089171974523,0,5,None,66,1,5,False,1000,1000
33737,197,degCent,10,0.7908041401273885,0,5,None,66,1,5,False,1000,1000
33738,198,degCent,10,0.7924960191082803,0,5,None,66,1,5,False,1000,1000
33739,199,degCent,10,0.7932921974522293,0,5,None,66,1,5,False,1000,1000
33740,195,degCent,10,0.7759753184713376,0,7,None,66,1,5,False,1000,1000
33741,196,degCent,10,0.7775676751592356,0,7,None,66,1,5,False,1000,1000
33742,197,degCent,10,0.7797571656050956,0,7,None,66,1,5,False,1000,1000
33743,198,degCent,10,0.7818471337579618,0,7,None,66,1,5,False,1000,1000
33744,199,degCent,10,0.7836385350318471,0,7,None,66,1,5,False,1000,1000
33745,195,degCent,10,0.794187898089172,0,14,None,66,1,5,False,1000,1000
33746,196,degCent,10,0.7938893312101911,0,14,None,66,1,5,False,1000,1000
33747,197,degCent,10,0.794187898089172,0,14,None,66,1,5,False,1000,1000
33748,198,degCent,10,0.7953821656050956,0,14,None,66,1,5,False,1000,1000
33749,199,degCent,10,0.7962778662420382,0,14,None,66,1,5,False,1000,1000
33750,195,degCent,10,0.7809514331210191,0,22,None,66,1,5,False,1000,1000
33751,196,degCent,10,0.7822452229299363,0,22,None,66,1,5,False,1000,1000
33752,197,degCent,10,0.7830414012738853,0,22,None,66,1,5,False,1000,1000
33753,198,degCent,10,0.7834394904458599,0,22,None,66,1,5,False,1000,1000
33754,199,degCent,10,0.7843351910828026,0,22,None,66,1,5,False,1000,1000
33755,195,degCent,10,0.7908041401273885,0,6,None,66,1,5,False,1000,1000
33756,196,degCent,10,0.7906050955414012,0,6,None,66,1,5,False,1000,1000
33757,197,degCent,10,0.7916998407643312,0,6,None,66,1,5,False,1000,1000
33758,198,degCent,10,0.7916003184713376,0,6,None,66,1,5,False,1000,1000
33759,199,degCent,10,0.7914012738853503,0,6,None,66,1,5,False,1000,1000
33760,195,degCent,10,0.721437101910828,0,26,None,66,1,5,False,1000,1000
33761,196,degCent,10,0.7243232484076433,0,26,None,66,1,5,False,1000,1000
33762,197,degCent,10,0.7272093949044586,0,26,None,66,1,5,False,1000,1000
33763,198,degCent,10,0.7291998407643312,0,26,None,66,1,5,False,1000,1000
33764,199,degCent,10,0.7298964968152867,0,26,None,66,1,5,False,1000,1000
33765,195,degCent,10,0.7586584394904459,0,12,None,66,1,5,False,1000,1000
33766,196,degCent,10,0.759156050955414,0,12,None,66,1,5,False,1000,1000
33767,197,degCent,10,0.7590565286624203,0,12,None,66,1,5,False,1000,1000
33768,198,degCent,10,0.7595541401273885,0,12,None,66,1,5,False,1000,1000
33769,199,degCent,10,0.7603503184713376,0,12,None,66,1,5,False,1000,1000
33770,195,degCent,10,0.7863256369426752,0,23,None,66,1,5,False,1000,1000
33771,196,degCent,10,0.7872213375796179,0,23,None,66,1,5,False,1000,1000
33772,197,degCent,10,0.7878184713375797,0,23,None,66,1,5,False,1000,1000
33773,198,degCent,10,0.7870222929936306,0,23,None,66,1,5,False,1000,1000
33774,199,degCent,10,0.7872213375796179,0,23,None,66,1,5,False,1000,1000
33775,195,degCent,10,0.7933917197452229,0,27,None,66,1,5,False,1000,1000
33776,196,degCent,10,0.7932921974522293,0,27,None,66,1,5,False,1000,1000
33777,197,degCent,10,0.794984076433121,0,27,None,66,1,5,False,1000,1000
33778,198,degCent,10,0.7954816878980892,0,27,None,66,1,5,False,1000,1000
33779,199,degCent,10,0.7954816878980892,0,27,None,66,1,5,False,1000,1000
33780,195,degCent,10,0.7477109872611465,0,30,None,66,1,5,False,1000,1000
33781,196,degCent,10,0.7516918789808917,0,30,None,66,1,5,False,1000,1000
33782,197,degCent,10,0.754578025477707,0,30,None,66,1,5,False,1000,1000
33783,198,degCent,10,0.7579617834394905,0,30,None,66,1,5,False,1000,1000
33784,199,degCent,10,0.7600517515923567,0,30,None,66,1,5,False,1000,1000
33785,195,degCent,10,0.5273686305732485,0,31,None,66,1,5,False,1000,1000
33786,196,degCent,10,0.6782444267515924,0,31,None,66,1,5,False,1000,1000
33787,197,degCent,10,0.7361664012738853,0,31,None,66,1,5,False,1000,1000
33788,198,degCent,10,0.7560708598726115,0,31,None,66,1,5,False,1000,1000
33789,199,degCent,10,0.7700039808917197,0,31,None,66,1,5,False,1000,1000
33790,195,degCent,10,0.7905055732484076,0,0,None,66,1,5,False,1000,1000
33791,196,degCent,10,0.7909036624203821,0,0,None,66,1,5,False,1000,1000
33792,197,degCent,10,0.7908041401273885,0,0,None,66,1,5,False,1000,1000
33793,198,degCent,10,0.7910031847133758,0,0,None,66,1,5,False,1000,1000
33794,199,degCent,10,0.7909036624203821,0,0,None,66,1,5,False,1000,1000
33795,195,degCent,10,0.7706011146496815,0,11,None,66,1,5,False,1000,1000
33796,196,degCent,10,0.7721934713375797,0,11,None,66,1,5,False,1000,1000
33797,197,degCent,10,0.7738853503184714,0,11,None,66,1,5,False,1000,1000
33798,198,degCent,10,0.774781050955414,0,11,None,66,1,5,False,1000,1000
33799,199,degCent,10,0.7753781847133758,0,11,None,66,1,5,False,1000,1000
33800,195,degCent,10,0.791202229299363,0,17,None,66,1,5,False,1000,1000
33801,196,degCent,10,0.7914012738853503,0,17,None,66,1,5,False,1000,1000
33802,197,degCent,10,0.7913017515923567,0,17,None,66,1,5,False,1000,1000
33803,198,degCent,10,0.7913017515923567,0,17,None,66,1,5,False,1000,1000
33804,199,degCent,10,0.7909036624203821,0,17,None,66,1,5,False,1000,1000
33805,195,degCent,10,0.6929737261146497,0,24,None,66,1,5,False,1000,1000
33806,196,degCent,10,0.7201433121019108,0,24,None,66,1,5,False,1000,1000
33807,197,degCent,10,0.7283041401273885,0,24,None,66,1,5,False,1000,1000
33808,198,degCent,10,0.7463176751592356,0,24,None,66,1,5,False,1000,1000
33809,199,degCent,10,0.7490047770700637,0,24,None,66,1,5,False,1000,1000
33810,195,degCent,10,0.7699044585987261,0,4,None,66,1,5,False,1000,1000
33811,196,degCent,10,0.7701035031847133,0,4,None,66,1,5,False,1000,1000
33812,197,degCent,10,0.7708996815286624,0,4,None,66,1,5,False,1000,1000
33813,198,degCent,10,0.7714968152866242,0,4,None,66,1,5,False,1000,1000
33814,199,degCent,10,0.7724920382165605,0,4,None,66,1,5,False,1000,1000
33815,195,degCent,10,0.7833399681528662,0,20,None,66,1,5,False,1000,1000
33816,196,degCent,10,0.7854299363057324,0,20,None,66,1,5,False,1000,1000
33817,197,degCent,10,0.786922770700637,0,20,None,66,1,5,False,1000,1000
33818,198,degCent,10,0.7861265923566879,0,20,None,66,1,5,False,1000,1000
33819,199,degCent,10,0.7866242038216561,0,20,None,66,1,5,False,1000,1000
33820,195,degCent,10,0.7880175159235668,0,3,None,66,1,5,False,1000,1000
33821,196,degCent,10,0.7887141719745223,0,3,None,66,1,5,False,1000,1000
33822,197,degCent,10,0.7881170382165605,0,3,None,66,1,5,False,1000,1000
33823,198,degCent,10,0.7890127388535032,0,3,None,66,1,5,False,1000,1000
33824,199,degCent,10,0.7891122611464968,0,3,None,66,1,5,False,1000,1000
0,0,betCent,10,0.0995222929936305,0,1,None,66,1,5,False,1000,1000
1,1,betCent,10,0.0995222929936305,0,1,None,66,1,5,False,1000,1000
2,2,betCent,10,0.1021098726114649,0,1,None,66,1,5,False,1000,1000
3,3,betCent,10,0.1522691082802547,0,1,None,66,1,5,False,1000,1000
4,4,betCent,10,0.176453025477707,0,1,None,66,1,5,False,1000,1000
5,0,betCent,10,0.2430334394904458,0,5,None,66,1,5,False,1000,1000
6,1,betCent,10,0.3096138535031847,0,5,None,66,1,5,False,1000,1000
7,2,betCent,10,0.4381966560509554,0,5,None,66,1,5,False,1000,1000
8,3,betCent,10,0.4845740445859872,0,5,None,66,1,5,False,1000,1000
9,4,betCent,10,0.5032842356687898,0,5,None,66,1,5,False,1000,1000
10,0,betCent,10,0.2320859872611465,0,13,None,66,1,5,False,1000,1000
11,1,betCent,10,0.360171178343949,0,13,None,66,1,5,False,1000,1000
12,2,betCent,10,0.4240644904458598,0,13,None,66,1,5,False,1000,1000
13,3,betCent,10,0.4538216560509554,0,13,None,66,1,5,False,1000,1000
14,4,betCent,10,0.4574044585987261,0,13,None,66,1,5,False,1000,1000
15,0,betCent,10,0.1931727707006369,0,16,None,66,1,5,False,1000,1000
16,1,betCent,10,0.2082006369426751,0,16,None,66,1,5,False,1000,1000
17,2,betCent,10,0.2213375796178344,0,16,None,66,1,5,False,1000,1000
18,3,betCent,10,0.245421974522293,0,16,None,66,1,5,False,1000,1000
19,4,betCent,10,0.2723925159235669,0,16,None,66,1,5,False,1000,1000
20,0,betCent,10,0.2067078025477707,0,8,None,66,1,5,False,1000,1000
21,1,betCent,10,0.192078025477707,0,8,None,66,1,5,False,1000,1000
22,2,betCent,10,0.2163614649681528,0,8,None,66,1,5,False,1000,1000
23,3,betCent,10,0.2786624203821656,0,8,None,66,1,5,False,1000,1000
24,4,betCent,10,0.3228503184713376,0,8,None,66,1,5,False,1000,1000
25,0,betCent,10,0.0995222929936305,0,20,None,66,1,5,False,1000,1000
26,1,betCent,10,0.1115644904458598,0,20,None,66,1,5,False,1000,1000
27,2,betCent,10,0.1581409235668789,0,20,None,66,1,5,False,1000,1000
28,3,betCent,10,0.1749601910828025,0,20,None,66,1,5,False,1000,1000
29,4,betCent,10,0.1910828025477707,0,20,None,66,1,5,False,1000,1000
30,0,betCent,10,0.1658041401273885,0,19,None,66,1,5,False,1000,1000
31,1,betCent,10,0.1694864649681528,0,19,None,66,1,5,False,1000,1000
32,2,betCent,10,0.2581608280254777,0,19,None,66,1,5,False,1000,1000
33,3,betCent,10,0.3253383757961783,0,19,None,66,1,5,False,1000,1000
34,4,betCent,10,0.3689291401273885,0,19,None,66,1,5,False,1000,1000
35,0,betCent,10,0.2486066878980891,0,17,None,66,1,5,False,1000,1000
36,1,betCent,10,0.3769904458598726,0,17,None,66,1,5,False,1000,1000
37,2,betCent,10,0.4601910828025478,0,17,None,66,1,5,False,1000,1000
38,3,betCent,10,0.4934315286624204,0,17,None,66,1,5,False,1000,1000
39,4,betCent,10,0.480593152866242,0,17,None,66,1,5,False,1000,1000
40,0,betCent,10,0.2105891719745223,0,21,None,66,1,5,False,1000,1000
41,1,betCent,10,0.2824442675159235,0,21,None,66,1,5,False,1000,1000
42,2,betCent,10,0.3277269108280254,0,21,None,66,1,5,False,1000,1000
43,3,betCent,10,0.3348925159235669,0,21,None,66,1,5,False,1000,1000
44,4,betCent,10,0.3450437898089172,0,21,None,66,1,5,False,1000,1000
45,0,betCent,10,0.1102707006369426,0,25,None,66,1,5,False,1000,1000
46,1,betCent,10,0.1702826433121019,0,25,None,66,1,5,False,1000,1000
47,2,betCent,10,0.1915804140127388,0,25,None,66,1,5,False,1000,1000
48,3,betCent,10,0.2750796178343949,0,25,None,66,1,5,False,1000,1000
49,4,betCent,10,0.3339968152866242,0,25,None,66,1,5,False,1000,1000
50,0,betCent,10,0.2781648089171974,0,26,None,66,1,5,False,1000,1000
51,1,betCent,10,0.3960987261146497,0,26,None,66,1,5,False,1000,1000
52,2,betCent,10,0.4542197452229299,0,26,None,66,1,5,False,1000,1000
53,3,betCent,10,0.4852707006369426,0,26,None,66,1,5,False,1000,1000
54,4,betCent,10,0.5132364649681529,0,26,None,66,1,5,False,1000,1000
55,0,betCent,10,0.2230294585987261,0,12,None,66,1,5,False,1000,1000
56,1,betCent,10,0.2916003184713376,0,12,None,66,1,5,False,1000,1000
57,2,betCent,10,0.3341958598726114,0,12,None,66,1,5,False,1000,1000
58,3,betCent,10,0.3652468152866242,0,12,None,66,1,5,False,1000,1000
59,4,betCent,10,0.3894307324840764,0,12,None,66,1,5,False,1000,1000
60,0,betCent,10,0.1694864649681528,0,24,None,66,1,5,False,1000,1000
61,1,betCent,10,0.1815286624203821,0,24,None,66,1,5,False,1000,1000
62,2,betCent,10,0.3055334394904458,0,24,None,66,1,5,False,1000,1000
63,3,betCent,10,0.3725119426751592,0,24,None,66,1,5,False,1000,1000
64,4,betCent,10,0.3816679936305732,0,24,None,66,1,5,False,1000,1000
65,0,betCent,10,0.2971735668789809,0,28,None,66,1,5,False,1000,1000
66,1,betCent,10,0.2887141719745223,0,28,None,66,1,5,False,1000,1000
67,2,betCent,10,0.3061305732484076,0,28,None,66,1,5,False,1000,1000
68,3,betCent,10,0.3401671974522293,0,28,None,66,1,5,False,1000,1000
69,4,betCent,10,0.3715167197452229,0,28,None,66,1,5,False,1000,1000
70,0,betCent,10,0.1306727707006369,0,29,None,66,1,5,False,1000,1000
71,1,betCent,10,0.2302945859872611,0,29,None,66,1,5,False,1000,1000
72,2,betCent,10,0.3202627388535032,0,29,None,66,1,5,False,1000,1000
73,3,betCent,10,0.3296178343949044,0,29,None,66,1,5,False,1000,1000
74,4,betCent,10,0.3255374203821656,0,29,None,66,1,5,False,1000,1000
75,0,betCent,10,0.0995222929936305,0,9,None,66,1,5,False,1000,1000
76,1,betCent,10,0.0995222929936305,0,9,None,66,1,5,False,1000,1000
77,2,betCent,10,0.1158439490445859,0,9,None,66,1,5,False,1000,1000
78,3,betCent,10,0.1600318471337579,0,9,None,66,1,5,False,1000,1000
79,4,betCent,10,0.183718152866242,0,9,None,66,1,5,False,1000,1000
80,0,betCent,10,0.2158638535031847,0,30,None,66,1,5,False,1000,1000
81,1,betCent,10,0.1775477707006369,0,30,None,66,1,5,False,1000,1000
82,2,betCent,10,0.1634156050955414,0,30,None,66,1,5,False,1000,1000
83,3,betCent,10,0.2369625796178344,0,30,None,66,1,5,False,1000,1000
84,4,betCent,10,0.3023487261146497,0,30,None,66,1,5,False,1000,1000
85,0,betCent,10,0.1940684713375796,0,6,None,66,1,5,False,1000,1000
86,1,betCent,10,0.2887141719745223,0,6,None,66,1,5,False,1000,1000
87,2,betCent,10,0.3130971337579618,0,6,None,66,1,5,False,1000,1000
88,3,betCent,10,0.3123009554140127,0,6,None,66,1,5,False,1000,1000
89,4,betCent,10,0.3045382165605095,0,6,None,66,1,5,False,1000,1000
90,0,betCent,10,0.1279856687898089,0,18,None,66,1,5,False,1000,1000
91,1,betCent,10,0.1979498407643312,0,18,None,66,1,5,False,1000,1000
92,2,betCent,10,0.3335987261146497,0,18,None,66,1,5,False,1000,1000
93,3,betCent,10,0.3972929936305732,0,18,None,66,1,5,False,1000,1000
94,4,betCent,10,0.4225716560509554,0,18,None,66,1,5,False,1000,1000
95,0,betCent,10,0.1533638535031847,0,27,None,66,1,5,False,1000,1000
96,1,betCent,10,0.2120820063694267,0,27,None,66,1,5,False,1000,1000
97,2,betCent,10,0.2855294585987261,0,27,None,66,1,5,False,1000,1000
98,3,betCent,10,0.3326035031847134,0,27,None,66,1,5,False,1000,1000
99,4,betCent,10,0.3684315286624204,0,27,None,66,1,5,False,1000,1000
100,0,betCent,10,0.1134554140127388,0,31,None,66,1,5,False,1000,1000
101,1,betCent,10,0.1348527070063694,0,31,None,66,1,5,False,1000,1000
102,2,betCent,10,0.1648089171974522,0,31,None,66,1,5,False,1000,1000
103,3,betCent,10,0.1779458598726114,0,31,None,66,1,5,False,1000,1000
104,4,betCent,10,0.1976512738853503,0,31,None,66,1,5,False,1000,1000
105,0,betCent,10,0.123109076433121,0,32,None,66,1,5,False,1000,1000
106,1,betCent,10,0.1285828025477707,0,32,None,66,1,5,False,1000,1000
107,2,betCent,10,0.185609076433121,0,32,None,66,1,5,False,1000,1000
108,3,betCent,10,0.2225318471337579,0,32,None,66,1,5,False,1000,1000
109,4,betCent,10,0.279359076433121,0,32,None,66,1,5,False,1000,1000
110,0,betCent,10,0.2004378980891719,0,7,None,66,1,5,False,1000,1000
111,1,betCent,10,0.2256170382165605,0,7,None,66,1,5,False,1000,1000
112,2,betCent,10,0.2701035031847134,0,7,None,66,1,5,False,1000,1000
113,3,betCent,10,0.3648487261146497,0,7,None,66,1,5,False,1000,1000
114,4,betCent,10,0.4333200636942675,0,7,None,66,1,5,False,1000,1000
115,0,betCent,10,0.2905055732484076,0,2,None,66,1,5,False,1000,1000
116,1,betCent,10,0.3188694267515923,0,2,None,66,1,5,False,1000,1000
117,2,betCent,10,0.3306130573248407,0,2,None,66,1,5,False,1000,1000
118,3,betCent,10,0.3575835987261146,0,2,None,66,1,5,False,1000,1000
119,4,betCent,10,0.383359872611465,0,2,None,66,1,5,False,1000,1000
120,0,betCent,10,0.1028065286624203,0,10,None,66,1,5,False,1000,1000
121,1,betCent,10,0.1652070063694267,0,10,None,66,1,5,False,1000,1000
122,2,betCent,10,0.3084195859872611,0,10,None,66,1,5,False,1000,1000
123,3,betCent,10,0.3479299363057325,0,10,None,66,1,5,False,1000,1000
124,4,betCent,10,0.3713176751592357,0,10,None,66,1,5,False,1000,1000
125,0,betCent,10,0.1170382165605095,0,11,None,66,1,5,False,1000,1000
126,1,betCent,10,0.2863256369426751,0,11,None,66,1,5,False,1000,1000
127,2,betCent,10,0.3713176751592357,0,11,None,66,1,5,False,1000,1000
128,3,betCent,10,0.5101512738853503,0,11,None,66,1,5,False,1000,1000
129,4,betCent,10,0.5744426751592356,0,11,None,66,1,5,False,1000,1000
130,0,betCent,10,0.2069068471337579,0,15,None,66,1,5,False,1000,1000
131,1,betCent,10,0.3137937898089172,0,15,None,66,1,5,False,1000,1000
132,2,betCent,10,0.388734076433121,0,15,None,66,1,5,False,1000,1000
133,3,betCent,10,0.4330214968152866,0,15,None,66,1,5,False,1000,1000
134,4,betCent,10,0.4385947452229299,0,15,None,66,1,5,False,1000,1000
135,0,betCent,10,0.1710788216560509,0,3,None,66,1,5,False,1000,1000
136,1,betCent,10,0.274781050955414,0,3,None,66,1,5,False,1000,1000
137,2,betCent,10,0.3436504777070063,0,3,None,66,1,5,False,1000,1000
138,3,betCent,10,0.4186902866242038,0,3,None,66,1,5,False,1000,1000
139,4,betCent,10,0.4529259554140127,0,3,None,66,1,5,False,1000,1000
140,0,betCent,10,0.1081807324840764,0,22,None,66,1,5,False,1000,1000
141,1,betCent,10,0.1723726114649681,0,22,None,66,1,5,False,1000,1000
142,2,betCent,10,0.322452229299363,0,22,None,66,1,5,False,1000,1000
143,3,betCent,10,0.376890923566879,0,22,None,66,1,5,False,1000,1000
144,4,betCent,10,0.3975915605095541,0,22,None,66,1,5,False,1000,1000
145,0,betCent,10,0.1436106687898089,0,14,None,66,1,5,False,1000,1000
146,1,betCent,10,0.2236265923566879,0,14,None,66,1,5,False,1000,1000
147,2,betCent,10,0.3486265923566879,0,14,None,66,1,5,False,1000,1000
148,3,betCent,10,0.3984872611464968,0,14,None,66,1,5,False,1000,1000
149,4,betCent,10,0.4285429936305732,0,14,None,66,1,5,False,1000,1000
150,0,betCent,10,0.112858280254777,0,4,None,66,1,5,False,1000,1000
151,1,betCent,10,0.2017316878980891,0,4,None,66,1,5,False,1000,1000
152,2,betCent,10,0.3915207006369426,0,4,None,66,1,5,False,1000,1000
153,3,betCent,10,0.4244625796178344,0,4,None,66,1,5,False,1000,1000
154,4,betCent,10,0.4249601910828025,0,4,None,66,1,5,False,1000,1000
155,0,betCent,10,0.211186305732484,0,23,None,66,1,5,False,1000,1000
156,1,betCent,10,0.3460390127388535,0,23,None,66,1,5,False,1000,1000
157,2,betCent,10,0.3634554140127388,0,23,None,66,1,5,False,1000,1000
158,3,betCent,10,0.3534036624203822,0,23,None,66,1,5,False,1000,1000
159,4,betCent,10,0.3608678343949044,0,23,None,66,1,5,False,1000,1000
160,0,betCent,10,0.1188296178343949,0,0,None,66,1,5,False,1000,1000
161,1,betCent,10,0.2519904458598726,0,0,None,66,1,5,False,1000,1000
162,2,betCent,10,0.3245421974522293,0,0,None,66,1,5,False,1000,1000
163,3,betCent,10,0.3905254777070063,0,0,None,66,1,5,False,1000,1000
164,4,betCent,10,0.4403861464968153,0,0,None,66,1,5,False,1000,1000
165,5,betCent,10,0.1097730891719745,0,26,None,66,1,5,False,1000,1000
166,6,betCent,10,0.1176353503184713,0,26,None,66,1,5,False,1000,1000
167,7,betCent,10,0.1483877388535031,0,26,None,66,1,5,False,1000,1000
168,8,betCent,10,0.196656050955414,0,26,None,66,1,5,False,1000,1000
169,9,betCent,10,0.2283041401273885,0,26,None,66,1,5,False,1000,1000
170,5,betCent,10,0.2126791401273885,0,22,None,66,1,5,False,1000,1000
171,6,betCent,10,0.2764729299363057,0,22,None,66,1,5,False,1000,1000
172,7,betCent,10,0.304140127388535,0,22,None,66,1,5,False,1000,1000
173,8,betCent,10,0.3148885350318471,0,22,None,66,1,5,False,1000,1000
174,9,betCent,10,0.3090167197452229,0,22,None,66,1,5,False,1000,1000
175,5,betCent,10,0.4325238853503185,0,23,None,66,1,5,False,1000,1000
176,6,betCent,10,0.4303343949044586,0,23,None,66,1,5,False,1000,1000
177,7,betCent,10,0.4213773885350318,0,23,None,66,1,5,False,1000,1000
178,8,betCent,10,0.4092356687898089,0,23,None,66,1,5,False,1000,1000
179,9,betCent,10,0.3940087579617834,0,23,None,66,1,5,False,1000,1000
180,5,betCent,10,0.2729896496815286,0,32,None,66,1,5,False,1000,1000
181,6,betCent,10,0.3110071656050955,0,32,None,66,1,5,False,1000,1000
182,7,betCent,10,0.3185708598726114,0,32,None,66,1,5,False,1000,1000
183,8,betCent,10,0.2994625796178344,0,32,None,66,1,5,False,1000,1000
184,9,betCent,10,0.2775676751592357,0,32,None,66,1,5,False,1000,1000
185,5,betCent,10,0.0995222929936305,0,6,None,66,1,5,False,1000,1000
186,6,betCent,10,0.0995222929936305,0,6,None,66,1,5,False,1000,1000
187,7,betCent,10,0.0995222929936305,0,6,None,66,1,5,False,1000,1000
188,8,betCent,10,0.0995222929936305,0,6,None,66,1,5,False,1000,1000
189,9,betCent,10,0.0995222929936305,0,6,None,66,1,5,False,1000,1000
190,5,betCent,10,0.3971934713375796,0,13,None,66,1,5,False,1000,1000
191,6,betCent,10,0.4303343949044586,0,13,None,66,1,5,False,1000,1000
192,7,betCent,10,0.445859872611465,0,13,None,66,1,5,False,1000,1000
193,8,betCent,10,0.5009952229299363,0,13,None,66,1,5,False,1000,1000
194,9,betCent,10,0.5334394904458599,0,13,None,66,1,5,False,1000,1000
195,5,betCent,10,0.1144506369426751,0,25,None,66,1,5,False,1000,1000
196,6,betCent,10,0.1405254777070063,0,25,None,66,1,5,False,1000,1000
197,7,betCent,10,0.1560509554140127,0,25,None,66,1,5,False,1000,1000
198,8,betCent,10,0.1681926751592356,0,25,None,66,1,5,False,1000,1000
199,9,betCent,10,0.1752587579617834,0,25,None,66,1,5,False,1000,1000
200,5,betCent,10,0.0995222929936305,0,14,None,66,1,5,False,1000,1000
201,6,betCent,10,0.0995222929936305,0,14,None,66,1,5,False,1000,1000
202,7,betCent,10,0.0995222929936305,0,14,None,66,1,5,False,1000,1000
203,8,betCent,10,0.0995222929936305,0,14,None,66,1,5,False,1000,1000
204,9,betCent,10,0.0995222929936305,0,14,None,66,1,5,False,1000,1000
205,5,betCent,10,0.0995222929936305,0,19,None,66,1,5,False,1000,1000
206,6,betCent,10,0.0995222929936305,0,19,None,66,1,5,False,1000,1000
207,7,betCent,10,0.0995222929936305,0,19,None,66,1,5,False,1000,1000
208,8,betCent,10,0.0995222929936305,0,19,None,66,1,5,False,1000,1000
209,9,betCent,10,0.0995222929936305,0,19,None,66,1,5,False,1000,1000
210,5,betCent,10,0.3964968152866242,0,21,None,66,1,5,False,1000,1000
211,6,betCent,10,0.4133160828025478,0,21,None,66,1,5,False,1000,1000
212,7,betCent,10,0.4316281847133758,0,21,None,66,1,5,False,1000,1000
213,8,betCent,10,0.4178941082802547,0,21,None,66,1,5,False,1000,1000
214,9,betCent,10,0.3767914012738853,0,21,None,66,1,5,False,1000,1000
215,5,betCent,10,0.1252985668789809,0,24,None,66,1,5,False,1000,1000
216,6,betCent,10,0.2331807324840764,0,24,None,66,1,5,False,1000,1000
217,7,betCent,10,0.1873009554140127,0,24,None,66,1,5,False,1000,1000
218,8,betCent,10,0.1779458598726114,0,24,None,66,1,5,False,1000,1000
219,9,betCent,10,0.1831210191082802,0,24,None,66,1,5,False,1000,1000
220,5,betCent,10,0.4633757961783439,0,27,None,66,1,5,False,1000,1000
221,6,betCent,10,0.4911425159235669,0,27,None,66,1,5,False,1000,1000
222,7,betCent,10,0.4938296178343949,0,27,None,66,1,5,False,1000,1000
223,8,betCent,10,0.4806926751592357,0,27,None,66,1,5,False,1000,1000
224,9,betCent,10,0.4700437898089172,0,27,None,66,1,5,False,1000,1000
225,5,betCent,10,0.3523089171974522,0,30,None,66,1,5,False,1000,1000
226,6,betCent,10,0.3487261146496815,0,30,None,66,1,5,False,1000,1000
227,7,betCent,10,0.3271297770700637,0,30,None,66,1,5,False,1000,1000
228,8,betCent,10,0.3044386942675159,0,30,None,66,1,5,False,1000,1000
229,9,betCent,10,0.284733280254777,0,30,None,66,1,5,False,1000,1000
230,5,betCent,10,0.0995222929936305,0,31,None,66,1,5,False,1000,1000
231,6,betCent,10,0.0995222929936305,0,31,None,66,1,5,False,1000,1000
232,7,betCent,10,0.0995222929936305,0,31,None,66,1,5,False,1000,1000
233,8,betCent,10,0.0995222929936305,0,31,None,66,1,5,False,1000,1000
234,9,betCent,10,0.0995222929936305,0,31,None,66,1,5,False,1000,1000
235,5,betCent,10,0.4119227707006369,0,29,None,66,1,5,False,1000,1000
236,6,betCent,10,0.4190883757961783,0,29,None,66,1,5,False,1000,1000
237,7,betCent,10,0.413515127388535,0,29,None,66,1,5,False,1000,1000
238,8,betCent,10,0.4333200636942675,0,29,None,66,1,5,False,1000,1000
239,9,betCent,10,0.4768113057324841,0,29,None,66,1,5,False,1000,1000
240,5,betCent,10,0.1763535031847133,0,16,None,66,1,5,False,1000,1000
241,6,betCent,10,0.1850119426751592,0,16,None,66,1,5,False,1000,1000
242,7,betCent,10,0.1878980891719745,0,16,None,66,1,5,False,1000,1000
243,8,betCent,10,0.1889928343949044,0,16,None,66,1,5,False,1000,1000
244,9,betCent,10,0.1904856687898089,0,16,None,66,1,5,False,1000,1000
245,5,betCent,10,0.134952229299363,0,8,None,66,1,5,False,1000,1000
246,6,betCent,10,0.1513734076433121,0,8,None,66,1,5,False,1000,1000
247,7,betCent,10,0.1793391719745223,0,8,None,66,1,5,False,1000,1000
248,8,betCent,10,0.2021297770700637,0,8,None,66,1,5,False,1000,1000
249,9,betCent,10,0.2225318471337579,0,8,None,66,1,5,False,1000,1000
250,5,betCent,10,0.431031050955414,0,1,None,66,1,5,False,1000,1000
251,6,betCent,10,0.3641520700636942,0,1,None,66,1,5,False,1000,1000
252,7,betCent,10,0.3760947452229299,0,1,None,66,1,5,False,1000,1000
253,8,betCent,10,0.4126194267515923,0,1,None,66,1,5,False,1000,1000
254,9,betCent,10,0.3894307324840764,0,1,None,66,1,5,False,1000,1000
255,5,betCent,10,0.3020501592356688,0,2,None,66,1,5,False,1000,1000
256,6,betCent,10,0.32703025477707,0,2,None,66,1,5,False,1000,1000
257,7,betCent,10,0.3487261146496815,0,2,None,66,1,5,False,1000,1000
258,8,betCent,10,0.3827627388535032,0,2,None,66,1,5,False,1000,1000
259,9,betCent,10,0.386843152866242,0,2,None,66,1,5,False,1000,1000
260,5,betCent,10,0.2153662420382165,0,3,None,66,1,5,False,1000,1000
261,6,betCent,10,0.2171576433121019,0,3,None,66,1,5,False,1000,1000
262,7,betCent,10,0.2226313694267516,0,3,None,66,1,5,False,1000,1000
263,8,betCent,10,0.2357683121019108,0,3,None,66,1,5,False,1000,1000
264,9,betCent,10,0.2484076433121019,0,3,None,66,1,5,False,1000,1000
265,5,betCent,10,0.1592356687898089,0,4,None,66,1,5,False,1000,1000
266,6,betCent,10,0.2829418789808917,0,4,None,66,1,5,False,1000,1000
267,7,betCent,10,0.3193670382165605,0,4,None,66,1,5,False,1000,1000
268,8,betCent,10,0.3268312101910828,0,4,None,66,1,5,False,1000,1000
269,9,betCent,10,0.3264331210191082,0,4,None,66,1,5,False,1000,1000
270,5,betCent,10,0.1875995222929936,0,0,None,66,1,5,False,1000,1000
271,6,betCent,10,0.1695859872611465,0,0,None,66,1,5,False,1000,1000
272,7,betCent,10,0.1610270700636942,0,0,None,66,1,5,False,1000,1000
273,8,betCent,10,0.1605294585987261,0,0,None,66,1,5,False,1000,1000
274,9,betCent,10,0.1639132165605095,0,0,None,66,1,5,False,1000,1000
275,5,betCent,10,0.2798566878980891,0,5,None,66,1,5,False,1000,1000
276,6,betCent,10,0.3481289808917197,0,5,None,66,1,5,False,1000,1000
277,7,betCent,10,0.3637539808917197,0,5,None,66,1,5,False,1000,1000
278,8,betCent,10,0.3533041401273885,0,5,None,66,1,5,False,1000,1000
279,9,betCent,10,0.3279259554140127,0,5,None,66,1,5,False,1000,1000
280,5,betCent,10,0.4850716560509554,0,7,None,66,1,5,False,1000,1000
281,6,betCent,10,0.4885549363057325,0,7,None,66,1,5,False,1000,1000
282,7,betCent,10,0.4978105095541401,0,7,None,66,1,5,False,1000,1000
283,8,betCent,10,0.5003980891719745,0,7,None,66,1,5,False,1000,1000
284,9,betCent,10,0.4792993630573248,0,7,None,66,1,5,False,1000,1000
285,5,betCent,10,0.283140923566879,0,9,None,66,1,5,False,1000,1000
286,6,betCent,10,0.322452229299363,0,9,None,66,1,5,False,1000,1000
287,7,betCent,10,0.2686106687898089,0,9,None,66,1,5,False,1000,1000
288,8,betCent,10,0.2027269108280254,0,9,None,66,1,5,False,1000,1000
289,9,betCent,10,0.1838176751592356,0,9,None,66,1,5,False,1000,1000
290,5,betCent,10,0.4379976114649681,0,10,None,66,1,5,False,1000,1000
291,6,betCent,10,0.4426751592356688,0,10,None,66,1,5,False,1000,1000
292,7,betCent,10,0.4274482484076433,0,10,None,66,1,5,False,1000,1000
293,8,betCent,10,0.4151074840764331,0,10,None,66,1,5,False,1000,1000
294,9,betCent,10,0.3967953821656051,0,10,None,66,1,5,False,1000,1000
295,5,betCent,10,0.529359076433121,0,11,None,66,1,5,False,1000,1000
296,6,betCent,10,0.5578224522292994,0,11,None,66,1,5,False,1000,1000
297,7,betCent,10,0.5009952229299363,0,11,None,66,1,5,False,1000,1000
298,8,betCent,10,0.4663614649681528,0,11,None,66,1,5,False,1000,1000
299,9,betCent,10,0.4263535031847134,0,11,None,66,1,5,False,1000,1000
300,5,betCent,10,0.402468152866242,0,12,None,66,1,5,False,1000,1000
301,6,betCent,10,0.408140923566879,0,12,None,66,1,5,False,1000,1000
302,7,betCent,10,0.4020700636942675,0,12,None,66,1,5,False,1000,1000
303,8,betCent,10,0.3938097133757962,0,12,None,66,1,5,False,1000,1000
304,9,betCent,10,0.3837579617834395,0,12,None,66,1,5,False,1000,1000
305,5,betCent,10,0.4913415605095541,0,15,None,66,1,5,False,1000,1000
306,6,betCent,10,0.4846735668789809,0,15,None,66,1,5,False,1000,1000
307,7,betCent,10,0.4455613057324841,0,15,None,66,1,5,False,1000,1000
308,8,betCent,10,0.4261544585987261,0,15,None,66,1,5,False,1000,1000
309,9,betCent,10,0.4181926751592357,0,15,None,66,1,5,False,1000,1000
310,5,betCent,10,0.4176950636942675,0,17,None,66,1,5,False,1000,1000
311,6,betCent,10,0.4125199044585987,0,17,None,66,1,5,False,1000,1000
312,7,betCent,10,0.4064490445859872,0,17,None,66,1,5,False,1000,1000
313,8,betCent,10,0.4013734076433121,0,17,None,66,1,5,False,1000,1000
314,9,betCent,10,0.3927149681528662,0,17,None,66,1,5,False,1000,1000
315,5,betCent,10,0.4242635350318471,0,18,None,66,1,5,False,1000,1000
316,6,betCent,10,0.4346138535031847,0,18,None,66,1,5,False,1000,1000
317,7,betCent,10,0.4355095541401274,0,18,None,66,1,5,False,1000,1000
318,8,betCent,10,0.4324243630573248,0,18,None,66,1,5,False,1000,1000
319,9,betCent,10,0.4290406050955414,0,18,None,66,1,5,False,1000,1000
320,5,betCent,10,0.2513933121019108,0,28,None,66,1,5,False,1000,1000
321,6,betCent,10,0.2524880573248407,0,28,None,66,1,5,False,1000,1000
322,7,betCent,10,0.2490047770700637,0,28,None,66,1,5,False,1000,1000
323,8,betCent,10,0.2636345541401274,0,28,None,66,1,5,False,1000,1000
324,9,betCent,10,0.2920979299363057,0,28,None,66,1,5,False,1000,1000
325,5,betCent,10,0.4074442675159235,0,20,None,66,1,5,False,1000,1000
326,6,betCent,10,0.4248606687898089,0,20,None,66,1,5,False,1000,1000
327,7,betCent,10,0.4271496815286624,0,20,None,66,1,5,False,1000,1000
328,8,betCent,10,0.4286425159235669,0,20,None,66,1,5,False,1000,1000
329,9,betCent,10,0.4305334394904458,0,20,None,66,1,5,False,1000,1000
330,10,betCent,10,0.3065286624203822,0,23,None,66,1,5,False,1000,1000
331,11,betCent,10,0.3166799363057325,0,23,None,66,1,5,False,1000,1000
332,12,betCent,10,0.3075238853503185,0,23,None,66,1,5,False,1000,1000
333,13,betCent,10,0.2796576433121019,0,23,None,66,1,5,False,1000,1000
334,14,betCent,10,0.2365644904458598,0,23,None,66,1,5,False,1000,1000
335,10,betCent,10,0.2713972929936306,0,1,None,66,1,5,False,1000,1000
336,11,betCent,10,0.2476114649681528,0,1,None,66,1,5,False,1000,1000
337,12,betCent,10,0.2237261146496815,0,1,None,66,1,5,False,1000,1000
338,13,betCent,10,0.1987460191082802,0,1,None,66,1,5,False,1000,1000
339,14,betCent,10,0.1939689490445859,0,1,None,66,1,5,False,1000,1000
340,10,betCent,10,0.4059514331210191,0,2,None,66,1,5,False,1000,1000
341,11,betCent,10,0.3527070063694267,0,2,None,66,1,5,False,1000,1000
342,12,betCent,10,0.3198646496815286,0,2,None,66,1,5,False,1000,1000
343,13,betCent,10,0.3088176751592357,0,2,None,66,1,5,False,1000,1000
344,14,betCent,10,0.3157842356687898,0,2,None,66,1,5,False,1000,1000
345,10,betCent,10,0.3710191082802547,0,28,None,66,1,5,False,1000,1000
346,11,betCent,10,0.3748009554140127,0,28,None,66,1,5,False,1000,1000
347,12,betCent,10,0.3583797770700637,0,28,None,66,1,5,False,1000,1000
348,13,betCent,10,0.3098128980891719,0,28,None,66,1,5,False,1000,1000
349,14,betCent,10,0.2695063694267516,0,28,None,66,1,5,False,1000,1000
350,10,betCent,10,0.3701234076433121,0,5,None,66,1,5,False,1000,1000
351,11,betCent,10,0.3511146496815286,0,5,None,66,1,5,False,1000,1000
352,12,betCent,10,0.3264331210191082,0,5,None,66,1,5,False,1000,1000
353,13,betCent,10,0.2908041401273885,0,5,None,66,1,5,False,1000,1000
354,14,betCent,10,0.2521894904458598,0,5,None,66,1,5,False,1000,1000
355,10,betCent,10,0.1990445859872611,0,30,None,66,1,5,False,1000,1000
356,11,betCent,10,0.1989450636942675,0,30,None,66,1,5,False,1000,1000
357,12,betCent,10,0.1991441082802547,0,30,None,66,1,5,False,1000,1000
358,13,betCent,10,0.2126791401273885,0,30,None,66,1,5,False,1000,1000
359,14,betCent,10,0.234375,0,30,None,66,1,5,False,1000,1000
360,10,betCent,10,0.1454020700636942,0,22,None,66,1,5,False,1000,1000
361,11,betCent,10,0.1301751592356688,0,22,None,66,1,5,False,1000,1000
362,12,betCent,10,0.1951632165605095,0,22,None,66,1,5,False,1000,1000
363,13,betCent,10,0.232484076433121,0,22,None,66,1,5,False,1000,1000
364,14,betCent,10,0.2627388535031847,0,22,None,66,1,5,False,1000,1000
365,10,betCent,10,0.3662420382165605,0,15,None,66,1,5,False,1000,1000
366,11,betCent,10,0.3565883757961783,0,15,None,66,1,5,False,1000,1000
367,12,betCent,10,0.3246417197452229,0,15,None,66,1,5,False,1000,1000
368,13,betCent,10,0.3105095541401274,0,15,None,66,1,5,False,1000,1000
369,14,betCent,10,0.2953821656050955,0,15,None,66,1,5,False,1000,1000
370,10,betCent,10,0.3820660828025478,0,10,None,66,1,5,False,1000,1000
371,11,betCent,10,0.3434514331210191,0,10,None,66,1,5,False,1000,1000
372,12,betCent,10,0.3282245222929936,0,10,None,66,1,5,False,1000,1000
373,13,betCent,10,0.3279259554140127,0,10,None,66,1,5,False,1000,1000
374,14,betCent,10,0.3301154458598726,0,10,None,66,1,5,False,1000,1000
375,10,betCent,10,0.4050557324840764,0,11,None,66,1,5,False,1000,1000
376,11,betCent,10,0.3716162420382166,0,11,None,66,1,5,False,1000,1000
377,12,betCent,10,0.3363853503184713,0,11,None,66,1,5,False,1000,1000
378,13,betCent,10,0.3257364649681528,0,11,None,66,1,5,False,1000,1000
379,14,betCent,10,0.3140923566878981,0,11,None,66,1,5,False,1000,1000
380,10,betCent,10,0.2137738853503184,0,13,None,66,1,5,False,1000,1000
381,11,betCent,10,0.2436305732484076,0,13,None,66,1,5,False,1000,1000
382,12,betCent,10,0.2540804140127388,0,13,None,66,1,5,False,1000,1000
383,13,betCent,10,0.2589570063694267,0,13,None,66,1,5,False,1000,1000
384,14,betCent,10,0.2598527070063694,0,13,None,66,1,5,False,1000,1000
385,10,betCent,10,0.3172770700636942,0,12,None,66,1,5,False,1000,1000
386,11,betCent,10,0.2681130573248407,0,12,None,66,1,5,False,1000,1000
387,12,betCent,10,0.2484076433121019,0,12,None,66,1,5,False,1000,1000
388,13,betCent,10,0.2391520700636942,0,12,None,66,1,5,False,1000,1000
389,14,betCent,10,0.2480095541401273,0,12,None,66,1,5,False,1000,1000
390,10,betCent,10,0.2627388535031847,0,26,None,66,1,5,False,1000,1000
391,11,betCent,10,0.1992436305732484,0,26,None,66,1,5,False,1000,1000
392,12,betCent,10,0.1976512738853503,0,26,None,66,1,5,False,1000,1000
393,13,betCent,10,0.1953622611464968,0,26,None,66,1,5,False,1000,1000
394,14,betCent,10,0.190187101910828,0,26,None,66,1,5,False,1000,1000
395,10,betCent,10,0.1098726114649681,0,19,None,66,1,5,False,1000,1000
396,11,betCent,10,0.1234076433121019,0,19,None,66,1,5,False,1000,1000
397,12,betCent,10,0.1367436305732484,0,19,None,66,1,5,False,1000,1000
398,13,betCent,10,0.1491839171974522,0,19,None,66,1,5,False,1000,1000
399,14,betCent,10,0.1652070063694267,0,19,None,66,1,5,False,1000,1000
400,10,betCent,10,0.1379378980891719,0,8,None,66,1,5,False,1000,1000
401,11,betCent,10,0.1323646496815286,0,8,None,66,1,5,False,1000,1000
402,12,betCent,10,0.1361464968152866,0,8,None,66,1,5,False,1000,1000
403,13,betCent,10,0.1582404458598726,0,8,None,66,1,5,False,1000,1000
404,14,betCent,10,0.1872014331210191,0,8,None,66,1,5,False,1000,1000
405,10,betCent,10,0.0995222929936305,0,31,None,66,1,5,False,1000,1000
406,11,betCent,10,0.0995222929936305,0,31,None,66,1,5,False,1000,1000
407,12,betCent,10,0.0995222929936305,0,31,None,66,1,5,False,1000,1000
408,13,betCent,10,0.0995222929936305,0,31,None,66,1,5,False,1000,1000
409,14,betCent,10,0.0995222929936305,0,31,None,66,1,5,False,1000,1000
410,10,betCent,10,0.3375796178343949,0,18,None,66,1,5,False,1000,1000
411,11,betCent,10,0.3283240445859872,0,18,None,66,1,5,False,1000,1000
412,12,betCent,10,0.3174761146496815,0,18,None,66,1,5,False,1000,1000
413,13,betCent,10,0.3047372611464968,0,18,None,66,1,5,False,1000,1000
414,14,betCent,10,0.2856289808917197,0,18,None,66,1,5,False,1000,1000
415,10,betCent,10,0.3671377388535032,0,20,None,66,1,5,False,1000,1000
416,11,betCent,10,0.3282245222929936,0,20,None,66,1,5,False,1000,1000
417,12,betCent,10,0.2989649681528662,0,20,None,66,1,5,False,1000,1000
418,13,betCent,10,0.2838375796178344,0,20,None,66,1,5,False,1000,1000
419,14,betCent,10,0.28125,0,20,None,66,1,5,False,1000,1000
420,10,betCent,10,0.3921178343949044,0,4,None,66,1,5,False,1000,1000
421,11,betCent,10,0.3764928343949044,0,4,None,66,1,5,False,1000,1000
422,12,betCent,10,0.3524084394904458,0,4,None,66,1,5,False,1000,1000
423,13,betCent,10,0.3255374203821656,0,4,None,66,1,5,False,1000,1000
424,14,betCent,10,0.3349920382165605,0,4,None,66,1,5,False,1000,1000
425,10,betCent,10,0.363953025477707,0,9,None,66,1,5,False,1000,1000
426,11,betCent,10,0.3451433121019108,0,9,None,66,1,5,False,1000,1000
427,12,betCent,10,0.355593152866242,0,9,None,66,1,5,False,1000,1000
428,13,betCent,10,0.330015923566879,0,9,None,66,1,5,False,1000,1000
429,14,betCent,10,0.2920979299363057,0,9,None,66,1,5,False,1000,1000
430,10,betCent,10,0.0995222929936305,0,14,None,66,1,5,False,1000,1000
431,11,betCent,10,0.0995222929936305,0,14,None,66,1,5,False,1000,1000
432,12,betCent,10,0.0995222929936305,0,14,None,66,1,5,False,1000,1000
433,13,betCent,10,0.0995222929936305,0,14,None,66,1,5,False,1000,1000
434,14,betCent,10,0.0995222929936305,0,14,None,66,1,5,False,1000,1000
435,10,betCent,10,0.2934912420382166,0,0,None,66,1,5,False,1000,1000
436,11,betCent,10,0.2849323248407643,0,0,None,66,1,5,False,1000,1000
437,12,betCent,10,0.2745820063694267,0,0,None,66,1,5,False,1000,1000
438,13,betCent,10,0.2625398089171974,0,0,None,66,1,5,False,1000,1000
439,14,betCent,10,0.2528861464968153,0,0,None,66,1,5,False,1000,1000
440,10,betCent,10,0.2634355095541401,0,25,None,66,1,5,False,1000,1000
441,11,betCent,10,0.2629378980891719,0,25,None,66,1,5,False,1000,1000
442,12,betCent,10,0.2506966560509554,0,25,None,66,1,5,False,1000,1000
443,13,betCent,10,0.2417396496815286,0,25,None,66,1,5,False,1000,1000
444,14,betCent,10,0.2331807324840764,0,25,None,66,1,5,False,1000,1000
445,10,betCent,10,0.2563694267515923,0,29,None,66,1,5,False,1000,1000
446,11,betCent,10,0.2838375796178344,0,29,None,66,1,5,False,1000,1000
447,12,betCent,10,0.2917993630573248,0,29,None,66,1,5,False,1000,1000
448,13,betCent,10,0.2915007961783439,0,29,None,66,1,5,False,1000,1000
449,14,betCent,10,0.2861265923566879,0,29,None,66,1,5,False,1000,1000
450,10,betCent,10,0.1990445859872611,0,6,None,66,1,5,False,1000,1000
451,11,betCent,10,0.1988455414012739,0,6,None,66,1,5,False,1000,1000
452,12,betCent,10,0.2530851910828025,0,6,None,66,1,5,False,1000,1000
453,13,betCent,10,0.2194466560509554,0,6,None,66,1,5,False,1000,1000
454,14,betCent,10,0.1792396496815286,0,6,None,66,1,5,False,1000,1000
455,10,betCent,10,0.362062101910828,0,3,None,66,1,5,False,1000,1000
456,11,betCent,10,0.3493232484076433,0,3,None,66,1,5,False,1000,1000
457,12,betCent,10,0.3401671974522293,0,3,None,66,1,5,False,1000,1000
458,13,betCent,10,0.3344944267515923,0,3,None,66,1,5,False,1000,1000
459,14,betCent,10,0.3287221337579618,0,3,None,66,1,5,False,1000,1000
460,10,betCent,10,0.4123208598726114,0,7,None,66,1,5,False,1000,1000
461,11,betCent,10,0.3721138535031847,0,7,None,66,1,5,False,1000,1000
462,12,betCent,10,0.3053343949044586,0,7,None,66,1,5,False,1000,1000
463,13,betCent,10,0.2997611464968153,0,7,None,66,1,5,False,1000,1000
464,14,betCent,10,0.3058320063694267,0,7,None,66,1,5,False,1000,1000
465,10,betCent,10,0.1807324840764331,0,16,None,66,1,5,False,1000,1000
466,11,betCent,10,0.1880971337579617,0,16,None,66,1,5,False,1000,1000
467,12,betCent,10,0.1887937898089172,0,16,None,66,1,5,False,1000,1000
468,13,betCent,10,0.1906847133757961,0,16,None,66,1,5,False,1000,1000
469,14,betCent,10,0.1912818471337579,0,16,None,66,1,5,False,1000,1000
470,10,betCent,10,0.2581608280254777,0,32,None,66,1,5,False,1000,1000
471,11,betCent,10,0.2425358280254777,0,32,None,66,1,5,False,1000,1000
472,12,betCent,10,0.1921775477707006,0,32,None,66,1,5,False,1000,1000
473,13,betCent,10,0.1887937898089172,0,32,None,66,1,5,False,1000,1000
474,14,betCent,10,0.1865047770700637,0,32,None,66,1,5,False,1000,1000
475,10,betCent,10,0.3983877388535032,0,17,None,66,1,5,False,1000,1000
476,11,betCent,10,0.402468152866242,0,17,None,66,1,5,False,1000,1000
477,12,betCent,10,0.4208797770700637,0,17,None,66,1,5,False,1000,1000
478,13,betCent,10,0.4417794585987261,0,17,None,66,1,5,False,1000,1000
479,14,betCent,10,0.4552149681528662,0,17,None,66,1,5,False,1000,1000
480,10,betCent,10,0.1417197452229299,0,21,None,66,1,5,False,1000,1000
481,11,betCent,10,0.1878980891719745,0,21,None,66,1,5,False,1000,1000
482,12,betCent,10,0.2136743630573248,0,21,None,66,1,5,False,1000,1000
483,13,betCent,10,0.2216361464968153,0,21,None,66,1,5,False,1000,1000
484,14,betCent,10,0.2063097133757961,0,21,None,66,1,5,False,1000,1000
485,10,betCent,10,0.2973726114649681,0,24,None,66,1,5,False,1000,1000
486,11,betCent,10,0.3029458598726114,0,24,None,66,1,5,False,1000,1000
487,12,betCent,10,0.3330015923566879,0,24,None,66,1,5,False,1000,1000
488,13,betCent,10,0.3367834394904458,0,24,None,66,1,5,False,1000,1000
489,14,betCent,10,0.3214570063694267,0,24,None,66,1,5,False,1000,1000
490,10,betCent,10,0.2631369426751592,0,27,None,66,1,5,False,1000,1000
491,11,betCent,10,0.2926950636942675,0,27,None,66,1,5,False,1000,1000
492,12,betCent,10,0.3046377388535032,0,27,None,66,1,5,False,1000,1000
493,13,betCent,10,0.3103105095541401,0,27,None,66,1,5,False,1000,1000
494,14,betCent,10,0.3118033439490446,0,27,None,66,1,5,False,1000,1000
990,15,betCent,10,0.2741839171974522,0,1,None,66,1,5,False,1000,1000
991,16,betCent,10,0.1899880573248407,0,1,None,66,1,5,False,1000,1000
992,17,betCent,10,0.1945660828025477,0,1,None,66,1,5,False,1000,1000
993,18,betCent,10,0.1999402866242038,0,1,None,66,1,5,False,1000,1000
994,19,betCent,10,0.2049164012738853,0,1,None,66,1,5,False,1000,1000
995,15,betCent,10,0.3884355095541401,0,2,None,66,1,5,False,1000,1000
996,16,betCent,10,0.3678343949044586,0,2,None,66,1,5,False,1000,1000
997,17,betCent,10,0.3199641719745223,0,2,None,66,1,5,False,1000,1000
998,18,betCent,10,0.3435509554140127,0,2,None,66,1,5,False,1000,1000
999,19,betCent,10,0.3577826433121019,0,2,None,66,1,5,False,1000,1000
1000,15,betCent,10,0.32703025477707,0,5,None,66,1,5,False,1000,1000
1001,16,betCent,10,0.3111066878980891,0,5,None,66,1,5,False,1000,1000
1002,17,betCent,10,0.296875,0,5,None,66,1,5,False,1000,1000
1003,18,betCent,10,0.2822452229299363,0,5,None,66,1,5,False,1000,1000
1004,19,betCent,10,0.2676154458598726,0,5,None,66,1,5,False,1000,1000
1005,15,betCent,10,0.2568670382165605,0,13,None,66,1,5,False,1000,1000
1006,16,betCent,10,0.243531050955414,0,13,None,66,1,5,False,1000,1000
1007,17,betCent,10,0.2392515923566879,0,13,None,66,1,5,False,1000,1000
1008,18,betCent,10,0.2395501592356688,0,13,None,66,1,5,False,1000,1000
1009,19,betCent,10,0.242436305732484,0,13,None,66,1,5,False,1000,1000
1010,15,betCent,10,0.3635549363057325,0,10,None,66,1,5,False,1000,1000
1011,16,betCent,10,0.3539012738853503,0,10,None,66,1,5,False,1000,1000
1012,17,betCent,10,0.3646496815286624,0,10,None,66,1,5,False,1000,1000
1013,18,betCent,10,0.3625597133757962,0,10,None,66,1,5,False,1000,1000
1014,19,betCent,10,0.3551950636942675,0,10,None,66,1,5,False,1000,1000
1015,15,betCent,10,0.3580812101910828,0,15,None,66,1,5,False,1000,1000
1016,16,betCent,10,0.3280254777070063,0,15,None,66,1,5,False,1000,1000
1017,17,betCent,10,0.3103105095541401,0,15,None,66,1,5,False,1000,1000
1018,18,betCent,10,0.3040406050955414,0,15,None,66,1,5,False,1000,1000
1019,19,betCent,10,0.2991640127388535,0,15,None,66,1,5,False,1000,1000
1020,15,betCent,10,0.4130175159235669,0,11,None,66,1,5,False,1000,1000
1021,16,betCent,10,0.3972929936305732,0,11,None,66,1,5,False,1000,1000
1022,17,betCent,10,0.3343949044585987,0,11,None,66,1,5,False,1000,1000
1023,18,betCent,10,0.3169785031847134,0,11,None,66,1,5,False,1000,1000
1024,19,betCent,10,0.3125,0,11,None,66,1,5,False,1000,1000
1025,15,betCent,10,0.3477308917197452,0,20,None,66,1,5,False,1000,1000
1026,16,betCent,10,0.3387738853503185,0,20,None,66,1,5,False,1000,1000
1027,17,betCent,10,0.3323049363057325,0,20,None,66,1,5,False,1000,1000
1028,18,betCent,10,0.3356886942675159,0,20,None,66,1,5,False,1000,1000
1029,19,betCent,10,0.3511146496815286,0,20,None,66,1,5,False,1000,1000
1030,15,betCent,10,0.1620222929936305,0,19,None,66,1,5,False,1000,1000
1031,16,betCent,10,0.1688893312101911,0,19,None,66,1,5,False,1000,1000
1032,17,betCent,10,0.1735668789808917,0,19,None,66,1,5,False,1000,1000
1033,18,betCent,10,0.1777468152866242,0,19,None,66,1,5,False,1000,1000
1034,19,betCent,10,0.1798367834394904,0,19,None,66,1,5,False,1000,1000
1035,15,betCent,10,0.2291998407643312,0,14,None,66,1,5,False,1000,1000
1036,16,betCent,10,0.223328025477707,0,14,None,66,1,5,False,1000,1000
1037,17,betCent,10,0.2206409235668789,0,14,None,66,1,5,False,1000,1000
1038,18,betCent,10,0.2194466560509554,0,14,None,66,1,5,False,1000,1000
1039,19,betCent,10,0.2204418789808917,0,14,None,66,1,5,False,1000,1000
1040,15,betCent,10,0.3777866242038216,0,22,None,66,1,5,False,1000,1000
1041,16,betCent,10,0.3539012738853503,0,22,None,66,1,5,False,1000,1000
1042,17,betCent,10,0.336484872611465,0,22,None,66,1,5,False,1000,1000
1043,18,betCent,10,0.3296178343949044,0,22,None,66,1,5,False,1000,1000
1044,19,betCent,10,0.3136942675159235,0,22,None,66,1,5,False,1000,1000
1045,15,betCent,10,0.3029458598726114,0,23,None,66,1,5,False,1000,1000
1046,16,betCent,10,0.2951831210191082,0,23,None,66,1,5,False,1000,1000
1047,17,betCent,10,0.25,0,23,None,66,1,5,False,1000,1000
1048,18,betCent,10,0.2119824840764331,0,23,None,66,1,5,False,1000,1000
1049,19,betCent,10,0.2073049363057325,0,23,None,66,1,5,False,1000,1000
1050,15,betCent,10,0.3543988853503185,0,17,None,66,1,5,False,1000,1000
1051,16,betCent,10,0.3591759554140127,0,17,None,66,1,5,False,1000,1000
1052,17,betCent,10,0.3662420382165605,0,17,None,66,1,5,False,1000,1000
1053,18,betCent,10,0.3908240445859872,0,17,None,66,1,5,False,1000,1000
1054,19,betCent,10,0.4025676751592357,0,17,None,66,1,5,False,1000,1000
1055,15,betCent,10,0.272093949044586,0,21,None,66,1,5,False,1000,1000
1056,16,betCent,10,0.2997611464968153,0,21,None,66,1,5,False,1000,1000
1057,17,betCent,10,0.3177746815286624,0,21,None,66,1,5,False,1000,1000
1058,18,betCent,10,0.3163813694267516,0,21,None,66,1,5,False,1000,1000
1059,19,betCent,10,0.3011544585987261,0,21,None,66,1,5,False,1000,1000
1060,15,betCent,10,0.339968152866242,0,26,None,66,1,5,False,1000,1000
1061,16,betCent,10,0.4128184713375796,0,26,None,66,1,5,False,1000,1000
1062,17,betCent,10,0.465764331210191,0,26,None,66,1,5,False,1000,1000
1063,18,betCent,10,0.4869625796178344,0,26,None,66,1,5,False,1000,1000
1064,19,betCent,10,0.4647691082802547,0,26,None,66,1,5,False,1000,1000
1065,15,betCent,10,0.2800557324840764,0,24,None,66,1,5,False,1000,1000
1066,16,betCent,10,0.2926950636942675,0,24,None,66,1,5,False,1000,1000
1067,17,betCent,10,0.3202627388535032,0,24,None,66,1,5,False,1000,1000
1068,18,betCent,10,0.3442476114649681,0,24,None,66,1,5,False,1000,1000
1069,19,betCent,10,0.386046974522293,0,24,None,66,1,5,False,1000,1000
1070,15,betCent,10,0.3223527070063694,0,28,None,66,1,5,False,1000,1000
1071,16,betCent,10,0.3063296178343949,0,28,None,66,1,5,False,1000,1000
1072,17,betCent,10,0.2850318471337579,0,28,None,66,1,5,False,1000,1000
1073,18,betCent,10,0.268312101910828,0,28,None,66,1,5,False,1000,1000
1074,19,betCent,10,0.254578025477707,0,28,None,66,1,5,False,1000,1000
1075,15,betCent,10,0.3318073248407643,0,29,None,66,1,5,False,1000,1000
1076,16,betCent,10,0.339968152866242,0,29,None,66,1,5,False,1000,1000
1077,17,betCent,10,0.340764331210191,0,29,None,66,1,5,False,1000,1000
1078,18,betCent,10,0.335390127388535,0,29,None,66,1,5,False,1000,1000
1079,19,betCent,10,0.330015923566879,0,29,None,66,1,5,False,1000,1000
1080,15,betCent,10,0.2880175159235669,0,0,None,66,1,5,False,1000,1000
1081,16,betCent,10,0.2790605095541401,0,0,None,66,1,5,False,1000,1000
1082,17,betCent,10,0.2719944267515923,0,0,None,66,1,5,False,1000,1000
1083,18,betCent,10,0.2667197452229299,0,0,None,66,1,5,False,1000,1000
1084,19,betCent,10,0.2657245222929936,0,0,None,66,1,5,False,1000,1000
1085,15,betCent,10,0.2201433121019108,0,30,None,66,1,5,False,1000,1000
1086,16,betCent,10,0.2439291401273885,0,30,None,66,1,5,False,1000,1000
1087,17,betCent,10,0.258359872611465,0,30,None,66,1,5,False,1000,1000
1088,18,betCent,10,0.2665207006369426,0,30,None,66,1,5,False,1000,1000
1089,19,betCent,10,0.2719944267515923,0,30,None,66,1,5,False,1000,1000
1090,15,betCent,10,0.3219546178343949,0,18,None,66,1,5,False,1000,1000
1091,16,betCent,10,0.3254378980891719,0,18,None,66,1,5,False,1000,1000
1092,17,betCent,10,0.3184713375796178,0,18,None,66,1,5,False,1000,1000
1093,18,betCent,10,0.3077229299363057,0,18,None,66,1,5,False,1000,1000
1094,19,betCent,10,0.294984076433121,0,18,None,66,1,5,False,1000,1000
1095,15,betCent,10,0.3006568471337579,0,27,None,66,1,5,False,1000,1000
1096,16,betCent,10,0.2945859872611465,0,27,None,66,1,5,False,1000,1000
1097,17,betCent,10,0.2887141719745223,0,27,None,66,1,5,False,1000,1000
1098,18,betCent,10,0.2848328025477707,0,27,None,66,1,5,False,1000,1000
1099,19,betCent,10,0.2834394904458598,0,27,None,66,1,5,False,1000,1000
1100,15,betCent,10,0.2072054140127388,0,31,None,66,1,5,False,1000,1000
1101,16,betCent,10,0.1269904458598726,0,31,None,66,1,5,False,1000,1000
1102,17,betCent,10,0.1244028662420382,0,31,None,66,1,5,False,1000,1000
1103,18,betCent,10,0.1320660828025477,0,31,None,66,1,5,False,1000,1000
1104,19,betCent,10,0.1412221337579617,0,31,None,66,1,5,False,1000,1000
1105,15,betCent,10,0.3573845541401274,0,4,None,66,1,5,False,1000,1000
1106,16,betCent,10,0.3664410828025478,0,4,None,66,1,5,False,1000,1000
1107,17,betCent,10,0.3501194267515923,0,4,None,66,1,5,False,1000,1000
1108,18,betCent,10,0.3201632165605095,0,4,None,66,1,5,False,1000,1000
1109,19,betCent,10,0.3354896496815286,0,4,None,66,1,5,False,1000,1000
1110,15,betCent,10,0.3203622611464968,0,6,None,66,1,5,False,1000,1000
1111,16,betCent,10,0.3088176751592357,0,6,None,66,1,5,False,1000,1000
1112,17,betCent,10,0.3328025477707006,0,6,None,66,1,5,False,1000,1000
1113,18,betCent,10,0.3420581210191082,0,6,None,66,1,5,False,1000,1000
1114,19,betCent,10,0.3402667197452229,0,6,None,66,1,5,False,1000,1000
1115,15,betCent,10,0.338077229299363,0,3,None,66,1,5,False,1000,1000
1116,16,betCent,10,0.3401671974522293,0,3,None,66,1,5,False,1000,1000
1117,17,betCent,10,0.3468351910828025,0,3,None,66,1,5,False,1000,1000
1118,18,betCent,10,0.3415605095541401,0,3,None,66,1,5,False,1000,1000
1119,19,betCent,10,0.3304140127388535,0,3,None,66,1,5,False,1000,1000
1120,15,betCent,10,0.3603702229299363,0,7,None,66,1,5,False,1000,1000
1121,16,betCent,10,0.3845541401273885,0,7,None,66,1,5,False,1000,1000
1122,17,betCent,10,0.371218152866242,0,7,None,66,1,5,False,1000,1000
1123,18,betCent,10,0.3322054140127388,0,7,None,66,1,5,False,1000,1000
1124,19,betCent,10,0.3001592356687898,0,7,None,66,1,5,False,1000,1000
1125,15,betCent,10,0.2901074840764331,0,16,None,66,1,5,False,1000,1000
1126,16,betCent,10,0.2756767515923566,0,16,None,66,1,5,False,1000,1000
1127,17,betCent,10,0.2409434713375796,0,16,None,66,1,5,False,1000,1000
1128,18,betCent,10,0.2419386942675159,0,16,None,66,1,5,False,1000,1000
1129,19,betCent,10,0.25,0,16,None,66,1,5,False,1000,1000
1130,15,betCent,10,0.2856289808917197,0,32,None,66,1,5,False,1000,1000
1131,16,betCent,10,0.2786624203821656,0,32,None,66,1,5,False,1000,1000
1132,17,betCent,10,0.2752786624203822,0,32,None,66,1,5,False,1000,1000
1133,18,betCent,10,0.28125,0,32,None,66,1,5,False,1000,1000
1134,19,betCent,10,0.2923964968152866,0,32,None,66,1,5,False,1000,1000
1135,15,betCent,10,0.2132762738853503,0,8,None,66,1,5,False,1000,1000
1136,16,betCent,10,0.1944665605095541,0,8,None,66,1,5,False,1000,1000
1137,17,betCent,10,0.1990445859872611,0,8,None,66,1,5,False,1000,1000
1138,18,betCent,10,0.1981488853503184,0,8,None,66,1,5,False,1000,1000
1139,19,betCent,10,0.2274084394904458,0,8,None,66,1,5,False,1000,1000
1140,20,betCent,10,0.2533837579617834,0,31,None,66,1,5,False,1000,1000
1141,21,betCent,10,0.2615445859872611,0,31,None,66,1,5,False,1000,1000
1142,22,betCent,10,0.294984076433121,0,31,None,66,1,5,False,1000,1000
1143,23,betCent,10,0.3025477707006369,0,31,None,66,1,5,False,1000,1000
1144,24,betCent,10,0.2742834394904458,0,31,None,66,1,5,False,1000,1000
1145,20,betCent,10,0.3273288216560509,0,16,None,66,1,5,False,1000,1000
1146,21,betCent,10,0.3238455414012738,0,16,None,66,1,5,False,1000,1000
1147,22,betCent,10,0.2802547770700637,0,16,None,66,1,5,False,1000,1000
1148,23,betCent,10,0.2593550955414013,0,16,None,66,1,5,False,1000,1000
1149,24,betCent,10,0.2432324840764331,0,16,None,66,1,5,False,1000,1000
1150,20,betCent,10,0.2531847133757962,0,19,None,66,1,5,False,1000,1000
1151,21,betCent,10,0.2256170382165605,0,19,None,66,1,5,False,1000,1000
1152,22,betCent,10,0.2263136942675159,0,19,None,66,1,5,False,1000,1000
1153,23,betCent,10,0.2392515923566879,0,19,None,66,1,5,False,1000,1000
1154,24,betCent,10,0.2565684713375796,0,19,None,66,1,5,False,1000,1000
1155,15,betCent,10,0.305234872611465,0,9,None,66,1,5,False,1000,1000
1156,16,betCent,10,0.2980692675159235,0,9,None,66,1,5,False,1000,1000
1157,17,betCent,10,0.2941878980891719,0,9,None,66,1,5,False,1000,1000
1158,18,betCent,10,0.2983678343949044,0,9,None,66,1,5,False,1000,1000
1159,19,betCent,10,0.3206608280254777,0,9,None,66,1,5,False,1000,1000
1160,15,betCent,10,0.331608280254777,0,12,None,66,1,5,False,1000,1000
1161,16,betCent,10,0.3105095541401274,0,12,None,66,1,5,False,1000,1000
1162,17,betCent,10,0.2848328025477707,0,12,None,66,1,5,False,1000,1000
1163,18,betCent,10,0.2689092356687898,0,12,None,66,1,5,False,1000,1000
1164,19,betCent,10,0.2706011146496815,0,12,None,66,1,5,False,1000,1000
1165,15,betCent,10,0.3526074840764331,0,25,None,66,1,5,False,1000,1000
1166,16,betCent,10,0.3263335987261146,0,25,None,66,1,5,False,1000,1000
1167,17,betCent,10,0.2888136942675159,0,25,None,66,1,5,False,1000,1000
1168,18,betCent,10,0.2465167197452229,0,25,None,66,1,5,False,1000,1000
1169,19,betCent,10,0.2190485668789809,0,25,None,66,1,5,False,1000,1000
1170,20,betCent,10,0.2942874203821656,0,24,None,66,1,5,False,1000,1000
1171,21,betCent,10,0.3258359872611465,0,24,None,66,1,5,False,1000,1000
1172,22,betCent,10,0.3916202229299363,0,24,None,66,1,5,False,1000,1000
1173,23,betCent,10,0.4319267515923566,0,24,None,66,1,5,False,1000,1000
1174,24,betCent,10,0.4275477707006369,0,24,None,66,1,5,False,1000,1000
1175,20,betCent,10,0.2900079617834395,0,1,None,66,1,5,False,1000,1000
1176,21,betCent,10,0.2524880573248407,0,1,None,66,1,5,False,1000,1000
1177,22,betCent,10,0.2463176751592356,0,1,None,66,1,5,False,1000,1000
1178,23,betCent,10,0.2235270700636942,0,1,None,66,1,5,False,1000,1000
1179,24,betCent,10,0.2179538216560509,0,1,None,66,1,5,False,1000,1000
1180,20,betCent,10,0.319765127388535,0,21,None,66,1,5,False,1000,1000
1181,21,betCent,10,0.3290207006369426,0,21,None,66,1,5,False,1000,1000
1182,22,betCent,10,0.3089171974522293,0,21,None,66,1,5,False,1000,1000
1183,23,betCent,10,0.2756767515923566,0,21,None,66,1,5,False,1000,1000
1184,24,betCent,10,0.2698049363057325,0,21,None,66,1,5,False,1000,1000
1185,20,betCent,10,0.2919984076433121,0,8,None,66,1,5,False,1000,1000
1186,21,betCent,10,0.3200636942675159,0,8,None,66,1,5,False,1000,1000
1187,22,betCent,10,0.3357882165605095,0,8,None,66,1,5,False,1000,1000
1188,23,betCent,10,0.3371815286624204,0,8,None,66,1,5,False,1000,1000
1189,24,betCent,10,0.3198646496815286,0,8,None,66,1,5,False,1000,1000
1190,20,betCent,10,0.2897093949044586,0,23,None,66,1,5,False,1000,1000
1191,21,betCent,10,0.3193670382165605,0,23,None,66,1,5,False,1000,1000
1192,22,betCent,10,0.3319068471337579,0,23,None,66,1,5,False,1000,1000
1193,23,betCent,10,0.3273288216560509,0,23,None,66,1,5,False,1000,1000
1194,24,betCent,10,0.320859872611465,0,23,None,66,1,5,False,1000,1000
1195,20,betCent,10,0.2953821656050955,0,27,None,66,1,5,False,1000,1000
1196,21,betCent,10,0.2979697452229299,0,27,None,66,1,5,False,1000,1000
1197,22,betCent,10,0.3032444267515923,0,27,None,66,1,5,False,1000,1000
1198,23,betCent,10,0.3169785031847134,0,27,None,66,1,5,False,1000,1000
1199,24,betCent,10,0.3419585987261146,0,27,None,66,1,5,False,1000,1000
1200,20,betCent,10,0.3476313694267516,0,2,None,66,1,5,False,1000,1000
1201,21,betCent,10,0.3830613057324841,0,2,None,66,1,5,False,1000,1000
1202,22,betCent,10,0.3707205414012738,0,2,None,66,1,5,False,1000,1000
1203,23,betCent,10,0.3950039808917197,0,2,None,66,1,5,False,1000,1000
1204,24,betCent,10,0.3924164012738853,0,2,None,66,1,5,False,1000,1000
1205,20,betCent,10,0.3312101910828025,0,10,None,66,1,5,False,1000,1000
1206,21,betCent,10,0.3769904458598726,0,10,None,66,1,5,False,1000,1000
1207,22,betCent,10,0.4170979299363057,0,10,None,66,1,5,False,1000,1000
1208,23,betCent,10,0.4224721337579618,0,10,None,66,1,5,False,1000,1000
1209,24,betCent,10,0.3902269108280254,0,10,None,66,1,5,False,1000,1000
1210,20,betCent,10,0.3587778662420382,0,11,None,66,1,5,False,1000,1000
1211,21,betCent,10,0.3787818471337579,0,11,None,66,1,5,False,1000,1000
1212,22,betCent,10,0.3273288216560509,0,11,None,66,1,5,False,1000,1000
1213,23,betCent,10,0.352109872611465,0,11,None,66,1,5,False,1000,1000
1214,24,betCent,10,0.3775875796178344,0,11,None,66,1,5,False,1000,1000
1215,20,betCent,10,0.3097133757961783,0,15,None,66,1,5,False,1000,1000
1216,21,betCent,10,0.3109076433121019,0,15,None,66,1,5,False,1000,1000
1217,22,betCent,10,0.3156847133757962,0,15,None,66,1,5,False,1000,1000
1218,23,betCent,10,0.3498208598726114,0,15,None,66,1,5,False,1000,1000
1219,24,betCent,10,0.3642515923566879,0,15,None,66,1,5,False,1000,1000
1220,20,betCent,10,0.3222531847133758,0,17,None,66,1,5,False,1000,1000
1221,21,betCent,10,0.3290207006369426,0,17,None,66,1,5,False,1000,1000
1222,22,betCent,10,0.3748009554140127,0,17,None,66,1,5,False,1000,1000
1223,23,betCent,10,0.4242635350318471,0,17,None,66,1,5,False,1000,1000
1224,24,betCent,10,0.4443670382165605,0,17,None,66,1,5,False,1000,1000
1225,20,betCent,10,0.330812101910828,0,18,None,66,1,5,False,1000,1000
1226,21,betCent,10,0.3231488853503185,0,18,None,66,1,5,False,1000,1000
1227,22,betCent,10,0.3227507961783439,0,18,None,66,1,5,False,1000,1000
1228,23,betCent,10,0.3277269108280254,0,18,None,66,1,5,False,1000,1000
1229,24,betCent,10,0.3335987261146497,0,18,None,66,1,5,False,1000,1000
1230,20,betCent,10,0.3293192675159235,0,20,None,66,1,5,False,1000,1000
1231,21,betCent,10,0.3370820063694267,0,20,None,66,1,5,False,1000,1000
1232,22,betCent,10,0.3543988853503185,0,20,None,66,1,5,False,1000,1000
1233,23,betCent,10,0.3928144904458598,0,20,None,66,1,5,False,1000,1000
1234,24,betCent,10,0.4274482484076433,0,20,None,66,1,5,False,1000,1000
1235,20,betCent,10,0.3004578025477707,0,28,None,66,1,5,False,1000,1000
1236,21,betCent,10,0.3019506369426751,0,28,None,66,1,5,False,1000,1000
1237,22,betCent,10,0.3299164012738853,0,28,None,66,1,5,False,1000,1000
1238,23,betCent,10,0.3544984076433121,0,28,None,66,1,5,False,1000,1000
1239,24,betCent,10,0.3454418789808917,0,28,None,66,1,5,False,1000,1000
1240,20,betCent,10,0.3998805732484076,0,22,None,66,1,5,False,1000,1000
1241,21,betCent,10,0.352906050955414,0,22,None,66,1,5,False,1000,1000
1242,22,betCent,10,0.2916998407643312,0,22,None,66,1,5,False,1000,1000
1243,23,betCent,10,0.2636345541401274,0,22,None,66,1,5,False,1000,1000
1244,24,betCent,10,0.2614450636942675,0,22,None,66,1,5,False,1000,1000
1245,20,betCent,10,0.2795581210191082,0,29,None,66,1,5,False,1000,1000
1246,21,betCent,10,0.2927945859872611,0,29,None,66,1,5,False,1000,1000
1247,22,betCent,10,0.3438495222929936,0,29,None,66,1,5,False,1000,1000
1248,23,betCent,10,0.3829617834394904,0,29,None,66,1,5,False,1000,1000
1249,24,betCent,10,0.4249601910828025,0,29,None,66,1,5,False,1000,1000
1250,20,betCent,10,0.2903065286624204,0,9,None,66,1,5,False,1000,1000
1251,21,betCent,10,0.2988654458598726,0,9,None,66,1,5,False,1000,1000
1252,22,betCent,10,0.3388734076433121,0,9,None,66,1,5,False,1000,1000
1253,23,betCent,10,0.3509156050955414,0,9,None,66,1,5,False,1000,1000
1254,24,betCent,10,0.3543988853503185,0,9,None,66,1,5,False,1000,1000
1255,20,betCent,10,0.2984673566878981,0,5,None,66,1,5,False,1000,1000
1256,21,betCent,10,0.2988654458598726,0,5,None,66,1,5,False,1000,1000
1257,22,betCent,10,0.3149880573248407,0,5,None,66,1,5,False,1000,1000
1258,23,betCent,10,0.3549960191082802,0,5,None,66,1,5,False,1000,1000
1259,24,betCent,10,0.3542993630573248,0,5,None,66,1,5,False,1000,1000
1260,20,betCent,10,0.352109872611465,0,14,None,66,1,5,False,1000,1000
1261,21,betCent,10,0.3424562101910828,0,14,None,66,1,5,False,1000,1000
1262,22,betCent,10,0.3388734076433121,0,14,None,66,1,5,False,1000,1000
1263,23,betCent,10,0.3368829617834395,0,14,None,66,1,5,False,1000,1000
1264,24,betCent,10,0.3414609872611465,0,14,None,66,1,5,False,1000,1000
1265,20,betCent,10,0.3323049363057325,0,30,None,66,1,5,False,1000,1000
1266,21,betCent,10,0.3335987261146497,0,30,None,66,1,5,False,1000,1000
1267,22,betCent,10,0.334593949044586,0,30,None,66,1,5,False,1000,1000
1268,23,betCent,10,0.3297173566878981,0,30,None,66,1,5,False,1000,1000
1269,24,betCent,10,0.3326035031847134,0,30,None,66,1,5,False,1000,1000
1270,20,betCent,10,0.2971735668789809,0,25,None,66,1,5,False,1000,1000
1271,21,betCent,10,0.2890127388535032,0,25,None,66,1,5,False,1000,1000
1272,22,betCent,10,0.2823447452229299,0,25,None,66,1,5,False,1000,1000
1273,23,betCent,10,0.2928941082802547,0,25,None,66,1,5,False,1000,1000
1274,24,betCent,10,0.3190684713375796,0,25,None,66,1,5,False,1000,1000
1275,20,betCent,10,0.308718152866242,0,3,None,66,1,5,False,1000,1000
1276,21,betCent,10,0.3131966560509554,0,3,None,66,1,5,False,1000,1000
1277,22,betCent,10,0.3205613057324841,0,3,None,66,1,5,False,1000,1000
1278,23,betCent,10,0.3294187898089172,0,3,None,66,1,5,False,1000,1000
1279,24,betCent,10,0.3410628980891719,0,3,None,66,1,5,False,1000,1000
1280,20,betCent,10,0.2619426751592357,0,13,None,66,1,5,False,1000,1000
1281,21,betCent,10,0.2710987261146497,0,13,None,66,1,5,False,1000,1000
1282,22,betCent,10,0.29578025477707,0,13,None,66,1,5,False,1000,1000
1283,23,betCent,10,0.3155851910828025,0,13,None,66,1,5,False,1000,1000
1284,24,betCent,10,0.341859076433121,0,13,None,66,1,5,False,1000,1000
1285,20,betCent,10,0.2902070063694267,0,0,None,66,1,5,False,1000,1000
1286,21,betCent,10,0.2919984076433121,0,0,None,66,1,5,False,1000,1000
1287,22,betCent,10,0.3182722929936306,0,0,None,66,1,5,False,1000,1000
1288,23,betCent,10,0.359375,0,0,None,66,1,5,False,1000,1000
1289,24,betCent,10,0.3674363057324841,0,0,None,66,1,5,False,1000,1000
1290,20,betCent,10,0.3951035031847134,0,6,None,66,1,5,False,1000,1000
1291,21,betCent,10,0.4047571656050955,0,6,None,66,1,5,False,1000,1000
1292,22,betCent,10,0.3786823248407643,0,6,None,66,1,5,False,1000,1000
1293,23,betCent,10,0.3589769108280254,0,6,None,66,1,5,False,1000,1000
1294,24,betCent,10,0.3342953821656051,0,6,None,66,1,5,False,1000,1000
1295,20,betCent,10,0.3138933121019108,0,12,None,66,1,5,False,1000,1000
1296,21,betCent,10,0.3257364649681528,0,12,None,66,1,5,False,1000,1000
1297,22,betCent,10,0.3697253184713376,0,12,None,66,1,5,False,1000,1000
1298,23,betCent,10,0.4030652866242038,0,12,None,66,1,5,False,1000,1000
1299,24,betCent,10,0.4759156050955414,0,12,None,66,1,5,False,1000,1000
1300,20,betCent,10,0.4459593949044586,0,26,None,66,1,5,False,1000,1000
1301,21,betCent,10,0.421875,0,26,None,66,1,5,False,1000,1000
1302,22,betCent,10,0.376890923566879,0,26,None,66,1,5,False,1000,1000
1303,23,betCent,10,0.3338972929936306,0,26,None,66,1,5,False,1000,1000
1304,24,betCent,10,0.3055334394904458,0,26,None,66,1,5,False,1000,1000
1305,20,betCent,10,0.3125,0,7,None,66,1,5,False,1000,1000
1306,21,betCent,10,0.3280254777070063,0,7,None,66,1,5,False,1000,1000
1307,22,betCent,10,0.3438495222929936,0,7,None,66,1,5,False,1000,1000
1308,23,betCent,10,0.3561902866242038,0,7,None,66,1,5,False,1000,1000
1309,24,betCent,10,0.3557921974522293,0,7,None,66,1,5,False,1000,1000
1310,20,betCent,10,0.3193670382165605,0,4,None,66,1,5,False,1000,1000
1311,21,betCent,10,0.3400676751592357,0,4,None,66,1,5,False,1000,1000
1312,22,betCent,10,0.377687101910828,0,4,None,66,1,5,False,1000,1000
1313,23,betCent,10,0.3797770700636942,0,4,None,66,1,5,False,1000,1000
1314,24,betCent,10,0.3630573248407643,0,4,None,66,1,5,False,1000,1000
1315,20,betCent,10,0.2893113057324841,0,32,None,66,1,5,False,1000,1000
1316,21,betCent,10,0.2981687898089172,0,32,None,66,1,5,False,1000,1000
1317,22,betCent,10,0.3363853503184713,0,32,None,66,1,5,False,1000,1000
1318,23,betCent,10,0.3597730891719745,0,32,None,66,1,5,False,1000,1000
1319,24,betCent,10,0.3729100318471338,0,32,None,66,1,5,False,1000,1000
2145,25,betCent,10,0.3511146496815286,0,15,None,66,1,5,False,1000,1000
2146,26,betCent,10,0.397890127388535,0,15,None,66,1,5,False,1000,1000
2147,27,betCent,10,0.4182921974522293,0,15,None,66,1,5,False,1000,1000
2148,28,betCent,10,0.4157046178343949,0,15,None,66,1,5,False,1000,1000
2149,29,betCent,10,0.417296974522293,0,15,None,66,1,5,False,1000,1000
2150,25,betCent,10,0.45203025477707,0,10,None,66,1,5,False,1000,1000
2151,26,betCent,10,0.4360071656050955,0,10,None,66,1,5,False,1000,1000
2152,27,betCent,10,0.4129179936305732,0,10,None,66,1,5,False,1000,1000
2153,28,betCent,10,0.4096337579617834,0,10,None,66,1,5,False,1000,1000
2154,29,betCent,10,0.3968949044585987,0,10,None,66,1,5,False,1000,1000
2155,25,betCent,10,0.37390525477707,0,16,None,66,1,5,False,1000,1000
2156,26,betCent,10,0.3855493630573248,0,16,None,66,1,5,False,1000,1000
2157,27,betCent,10,0.3788813694267516,0,16,None,66,1,5,False,1000,1000
2158,28,betCent,10,0.3729100318471338,0,16,None,66,1,5,False,1000,1000
2159,29,betCent,10,0.3724124203821656,0,16,None,66,1,5,False,1000,1000
2160,25,betCent,10,0.4230692675159235,0,11,None,66,1,5,False,1000,1000
2161,26,betCent,10,0.3948049363057325,0,11,None,66,1,5,False,1000,1000
2162,27,betCent,10,0.3542993630573248,0,11,None,66,1,5,False,1000,1000
2163,28,betCent,10,0.340764331210191,0,11,None,66,1,5,False,1000,1000
2164,29,betCent,10,0.3686305732484076,0,11,None,66,1,5,False,1000,1000
2165,25,betCent,10,0.4100318471337579,0,20,None,66,1,5,False,1000,1000
2166,26,betCent,10,0.5276671974522293,0,20,None,66,1,5,False,1000,1000
2167,27,betCent,10,0.5003980891719745,0,20,None,66,1,5,False,1000,1000
2168,28,betCent,10,0.4653662420382166,0,20,None,66,1,5,False,1000,1000
2169,29,betCent,10,0.4569068471337579,0,20,None,66,1,5,False,1000,1000
2170,25,betCent,10,0.3549960191082802,0,22,None,66,1,5,False,1000,1000
2171,26,betCent,10,0.3187699044585987,0,22,None,66,1,5,False,1000,1000
2172,27,betCent,10,0.3123009554140127,0,22,None,66,1,5,False,1000,1000
2173,28,betCent,10,0.3273288216560509,0,22,None,66,1,5,False,1000,1000
2174,29,betCent,10,0.4102308917197452,0,22,None,66,1,5,False,1000,1000
2175,25,betCent,10,0.413515127388535,0,17,None,66,1,5,False,1000,1000
2176,26,betCent,10,0.4563097133757962,0,17,None,66,1,5,False,1000,1000
2177,27,betCent,10,0.4155055732484076,0,17,None,66,1,5,False,1000,1000
2178,28,betCent,10,0.3981886942675159,0,17,None,66,1,5,False,1000,1000
2179,29,betCent,10,0.4208797770700637,0,17,None,66,1,5,False,1000,1000
2180,25,betCent,10,0.4153065286624204,0,25,None,66,1,5,False,1000,1000
2181,26,betCent,10,0.4285429936305732,0,25,None,66,1,5,False,1000,1000
2182,27,betCent,10,0.4228702229299363,0,25,None,66,1,5,False,1000,1000
2183,28,betCent,10,0.42078025477707,0,25,None,66,1,5,False,1000,1000
2184,29,betCent,10,0.440187101910828,0,25,None,66,1,5,False,1000,1000
2185,25,betCent,10,0.3486265923566879,0,31,None,66,1,5,False,1000,1000
2186,26,betCent,10,0.3402667197452229,0,31,None,66,1,5,False,1000,1000
2187,27,betCent,10,0.337281050955414,0,31,None,66,1,5,False,1000,1000
2188,28,betCent,10,0.3541998407643312,0,31,None,66,1,5,False,1000,1000
2189,29,betCent,10,0.3756966560509554,0,31,None,66,1,5,False,1000,1000
2190,25,betCent,10,0.3474323248407643,0,18,None,66,1,5,False,1000,1000
2191,26,betCent,10,0.4415804140127388,0,18,None,66,1,5,False,1000,1000
2192,27,betCent,10,0.4811902866242038,0,18,None,66,1,5,False,1000,1000
2193,28,betCent,10,0.4749203821656051,0,18,None,66,1,5,False,1000,1000
2194,29,betCent,10,0.4749203821656051,0,18,None,66,1,5,False,1000,1000
2195,25,betCent,10,0.3485270700636942,0,32,None,66,1,5,False,1000,1000
2196,26,betCent,10,0.3182722929936306,0,32,None,66,1,5,False,1000,1000
2197,27,betCent,10,0.3055334394904458,0,32,None,66,1,5,False,1000,1000
2198,28,betCent,10,0.3092157643312102,0,32,None,66,1,5,False,1000,1000
2199,29,betCent,10,0.3356886942675159,0,32,None,66,1,5,False,1000,1000
2200,25,betCent,10,0.3161823248407643,0,1,None,66,1,5,False,1000,1000
2201,26,betCent,10,0.37390525477707,0,1,None,66,1,5,False,1000,1000
2202,27,betCent,10,0.3269307324840764,0,1,None,66,1,5,False,1000,1000
2203,28,betCent,10,0.321656050955414,0,1,None,66,1,5,False,1000,1000
2204,29,betCent,10,0.3284235668789809,0,1,None,66,1,5,False,1000,1000
2205,25,betCent,10,0.4548168789808917,0,2,None,66,1,5,False,1000,1000
2206,26,betCent,10,0.3846536624203822,0,2,None,66,1,5,False,1000,1000
2207,27,betCent,10,0.3393710191082802,0,2,None,66,1,5,False,1000,1000
2208,28,betCent,10,0.324343152866242,0,2,None,66,1,5,False,1000,1000
2209,29,betCent,10,0.3263335987261146,0,2,None,66,1,5,False,1000,1000
2210,25,betCent,10,0.3286226114649681,0,8,None,66,1,5,False,1000,1000
2211,26,betCent,10,0.3670382165605095,0,8,None,66,1,5,False,1000,1000
2212,27,betCent,10,0.4087380573248407,0,8,None,66,1,5,False,1000,1000
2213,28,betCent,10,0.4073447452229299,0,8,None,66,1,5,False,1000,1000
2214,29,betCent,10,0.4072452229299363,0,8,None,66,1,5,False,1000,1000
2215,25,betCent,10,0.3673367834394904,0,3,None,66,1,5,False,1000,1000
2216,26,betCent,10,0.4008757961783439,0,3,None,66,1,5,False,1000,1000
2217,27,betCent,10,0.4971138535031847,0,3,None,66,1,5,False,1000,1000
2218,28,betCent,10,0.515625,0,3,None,66,1,5,False,1000,1000
2219,29,betCent,10,0.4931329617834395,0,3,None,66,1,5,False,1000,1000
2220,25,betCent,10,0.3950039808917197,0,9,None,66,1,5,False,1000,1000
2221,26,betCent,10,0.3850517515923566,0,9,None,66,1,5,False,1000,1000
2222,27,betCent,10,0.4315286624203822,0,9,None,66,1,5,False,1000,1000
2223,28,betCent,10,0.4422770700636942,0,9,None,66,1,5,False,1000,1000
2224,29,betCent,10,0.4315286624203822,0,9,None,66,1,5,False,1000,1000
2225,25,betCent,10,0.3587778662420382,0,13,None,66,1,5,False,1000,1000
2226,26,betCent,10,0.4193869426751592,0,13,None,66,1,5,False,1000,1000
2227,27,betCent,10,0.4324243630573248,0,13,None,66,1,5,False,1000,1000
2228,28,betCent,10,0.4320262738853503,0,13,None,66,1,5,False,1000,1000
2229,29,betCent,10,0.4392914012738853,0,13,None,66,1,5,False,1000,1000
2230,25,betCent,10,0.3891321656050955,0,28,None,66,1,5,False,1000,1000
2231,26,betCent,10,0.3716162420382166,0,28,None,66,1,5,False,1000,1000
2232,27,betCent,10,0.3929140127388535,0,28,None,66,1,5,False,1000,1000
2233,28,betCent,10,0.449343152866242,0,28,None,66,1,5,False,1000,1000
2234,29,betCent,10,0.4362062101910828,0,28,None,66,1,5,False,1000,1000
2235,25,betCent,10,0.357484076433121,0,29,None,66,1,5,False,1000,1000
2236,26,betCent,10,0.4392914012738853,0,29,None,66,1,5,False,1000,1000
2237,27,betCent,10,0.4149084394904458,0,29,None,66,1,5,False,1000,1000
2238,28,betCent,10,0.421875,0,29,None,66,1,5,False,1000,1000
2239,29,betCent,10,0.4158041401273885,0,29,None,66,1,5,False,1000,1000
2240,25,betCent,10,0.381468949044586,0,27,None,66,1,5,False,1000,1000
2241,26,betCent,10,0.3812699044585987,0,27,None,66,1,5,False,1000,1000
2242,27,betCent,10,0.4619824840764331,0,27,None,66,1,5,False,1000,1000
2243,28,betCent,10,0.4734275477707006,0,27,None,66,1,5,False,1000,1000
2244,29,betCent,10,0.4766122611464968,0,27,None,66,1,5,False,1000,1000
2245,25,betCent,10,0.3908240445859872,0,5,None,66,1,5,False,1000,1000
2246,26,betCent,10,0.4182921974522293,0,5,None,66,1,5,False,1000,1000
2247,27,betCent,10,0.423765923566879,0,5,None,66,1,5,False,1000,1000
2248,28,betCent,10,0.4333200636942675,0,5,None,66,1,5,False,1000,1000
2249,29,betCent,10,0.4437699044585987,0,5,None,66,1,5,False,1000,1000
2250,25,betCent,10,0.3478304140127388,0,6,None,66,1,5,False,1000,1000
2251,26,betCent,10,0.3763933121019108,0,6,None,66,1,5,False,1000,1000
2252,27,betCent,10,0.3247412420382166,0,6,None,66,1,5,False,1000,1000
2253,28,betCent,10,0.3110071656050955,0,6,None,66,1,5,False,1000,1000
2254,29,betCent,10,0.3152866242038216,0,6,None,66,1,5,False,1000,1000
2255,25,betCent,10,0.4246616242038216,0,7,None,66,1,5,False,1000,1000
2256,26,betCent,10,0.4091361464968153,0,7,None,66,1,5,False,1000,1000
2257,27,betCent,10,0.4184912420382166,0,7,None,66,1,5,False,1000,1000
2258,28,betCent,10,0.465764331210191,0,7,None,66,1,5,False,1000,1000
2259,29,betCent,10,0.4569068471337579,0,7,None,66,1,5,False,1000,1000
2260,25,betCent,10,0.3878383757961783,0,14,None,66,1,5,False,1000,1000
2261,26,betCent,10,0.3842555732484076,0,14,None,66,1,5,False,1000,1000
2262,27,betCent,10,0.3858479299363057,0,14,None,66,1,5,False,1000,1000
2263,28,betCent,10,0.3964968152866242,0,14,None,66,1,5,False,1000,1000
2264,29,betCent,10,0.4086385350318471,0,14,None,66,1,5,False,1000,1000
2265,25,betCent,10,0.434514331210191,0,12,None,66,1,5,False,1000,1000
2266,26,betCent,10,0.4437699044585987,0,12,None,66,1,5,False,1000,1000
2267,27,betCent,10,0.4071457006369426,0,12,None,66,1,5,False,1000,1000
2268,28,betCent,10,0.3939092356687898,0,12,None,66,1,5,False,1000,1000
2269,29,betCent,10,0.3924164012738853,0,12,None,66,1,5,False,1000,1000
2270,25,betCent,10,0.3490246815286624,0,26,None,66,1,5,False,1000,1000
2271,26,betCent,10,0.3267316878980891,0,26,None,66,1,5,False,1000,1000
2272,27,betCent,10,0.3674363057324841,0,26,None,66,1,5,False,1000,1000
2273,28,betCent,10,0.4001791401273885,0,26,None,66,1,5,False,1000,1000
2274,29,betCent,10,0.413515127388535,0,26,None,66,1,5,False,1000,1000
2275,25,betCent,10,0.4190883757961783,0,30,None,66,1,5,False,1000,1000
2276,26,betCent,10,0.4273487261146497,0,30,None,66,1,5,False,1000,1000
2277,27,betCent,10,0.4201831210191082,0,30,None,66,1,5,False,1000,1000
2278,28,betCent,10,0.3772890127388535,0,30,None,66,1,5,False,1000,1000
2279,29,betCent,10,0.3583797770700637,0,30,None,66,1,5,False,1000,1000
2280,25,betCent,10,0.3182722929936306,0,21,None,66,1,5,False,1000,1000
2281,26,betCent,10,0.3694267515923566,0,21,None,66,1,5,False,1000,1000
2282,27,betCent,10,0.3753980891719745,0,21,None,66,1,5,False,1000,1000
2283,28,betCent,10,0.3762937898089172,0,21,None,66,1,5,False,1000,1000
2284,29,betCent,10,0.382265127388535,0,21,None,66,1,5,False,1000,1000
2285,25,betCent,10,0.3034434713375796,0,19,None,66,1,5,False,1000,1000
2286,26,betCent,10,0.3515127388535032,0,19,None,66,1,5,False,1000,1000
2287,27,betCent,10,0.3805732484076433,0,19,None,66,1,5,False,1000,1000
2288,28,betCent,10,0.3878383757961783,0,19,None,66,1,5,False,1000,1000
2289,29,betCent,10,0.393312101910828,0,19,None,66,1,5,False,1000,1000
2290,25,betCent,10,0.4022691082802547,0,24,None,66,1,5,False,1000,1000
2291,26,betCent,10,0.3859474522292994,0,24,None,66,1,5,False,1000,1000
2292,27,betCent,10,0.3479299363057325,0,24,None,66,1,5,False,1000,1000
2293,28,betCent,10,0.3338972929936306,0,24,None,66,1,5,False,1000,1000
2294,29,betCent,10,0.3333001592356688,0,24,None,66,1,5,False,1000,1000
2295,25,betCent,10,0.4198845541401274,0,4,None,66,1,5,False,1000,1000
2296,26,betCent,10,0.3908240445859872,0,4,None,66,1,5,False,1000,1000
2297,27,betCent,10,0.3855493630573248,0,4,None,66,1,5,False,1000,1000
2298,28,betCent,10,0.4276472929936306,0,4,None,66,1,5,False,1000,1000
2299,29,betCent,10,0.408140923566879,0,4,None,66,1,5,False,1000,1000
2300,25,betCent,10,0.377687101910828,0,23,None,66,1,5,False,1000,1000
2301,26,betCent,10,0.3851512738853503,0,23,None,66,1,5,False,1000,1000
2302,27,betCent,10,0.3691281847133758,0,23,None,66,1,5,False,1000,1000
2303,28,betCent,10,0.4175955414012738,0,23,None,66,1,5,False,1000,1000
2304,29,betCent,10,0.4138136942675159,0,23,None,66,1,5,False,1000,1000
2305,25,betCent,10,0.3752985668789809,0,0,None,66,1,5,False,1000,1000
2306,26,betCent,10,0.3446457006369426,0,0,None,66,1,5,False,1000,1000
2307,27,betCent,10,0.369327229299363,0,0,None,66,1,5,False,1000,1000
2308,28,betCent,10,0.4039609872611465,0,0,None,66,1,5,False,1000,1000
2309,29,betCent,10,0.410828025477707,0,0,None,66,1,5,False,1000,1000
2310,30,betCent,10,0.3764928343949044,0,1,None,66,1,5,False,1000,1000
2311,31,betCent,10,0.3675358280254777,0,1,None,66,1,5,False,1000,1000
2312,32,betCent,10,0.3838574840764331,0,1,None,66,1,5,False,1000,1000
2313,33,betCent,10,0.4046576433121019,0,1,None,66,1,5,False,1000,1000
2314,34,betCent,10,0.4266520700636942,0,1,None,66,1,5,False,1000,1000
2315,30,betCent,10,0.4615843949044586,0,15,None,66,1,5,False,1000,1000
2316,31,betCent,10,0.4390923566878981,0,15,None,66,1,5,False,1000,1000
2317,32,betCent,10,0.4427746815286624,0,15,None,66,1,5,False,1000,1000
2318,33,betCent,10,0.4530254777070063,0,15,None,66,1,5,False,1000,1000
2319,34,betCent,10,0.4646695859872611,0,15,None,66,1,5,False,1000,1000
2320,30,betCent,10,0.4629777070063694,0,11,None,66,1,5,False,1000,1000
2321,31,betCent,10,0.4425756369426751,0,11,None,66,1,5,False,1000,1000
2322,32,betCent,10,0.4525278662420382,0,11,None,66,1,5,False,1000,1000
2323,33,betCent,10,0.4703423566878981,0,11,None,66,1,5,False,1000,1000
2324,34,betCent,10,0.487062101910828,0,11,None,66,1,5,False,1000,1000
2325,30,betCent,10,0.5187101910828026,0,17,None,66,1,5,False,1000,1000
2326,31,betCent,10,0.4934315286624204,0,17,None,66,1,5,False,1000,1000
2327,32,betCent,10,0.4950238853503185,0,17,None,66,1,5,False,1000,1000
2328,33,betCent,10,0.5006966560509554,0,17,None,66,1,5,False,1000,1000
2329,34,betCent,10,0.5117436305732485,0,17,None,66,1,5,False,1000,1000
2330,30,betCent,10,0.5092555732484076,0,18,None,66,1,5,False,1000,1000
2331,31,betCent,10,0.5115445859872612,0,18,None,66,1,5,False,1000,1000
2332,32,betCent,10,0.5166202229299363,0,18,None,66,1,5,False,1000,1000
2333,33,betCent,10,0.5208001592356688,0,18,None,66,1,5,False,1000,1000
2334,34,betCent,10,0.521297770700637,0,18,None,66,1,5,False,1000,1000
2335,30,betCent,10,0.4362062101910828,0,5,None,66,1,5,False,1000,1000
2336,31,betCent,10,0.4456608280254777,0,5,None,66,1,5,False,1000,1000
2337,32,betCent,10,0.45203025477707,0,5,None,66,1,5,False,1000,1000
2338,33,betCent,10,0.4626791401273885,0,5,None,66,1,5,False,1000,1000
2339,34,betCent,10,0.4799960191082802,0,5,None,66,1,5,False,1000,1000
2340,30,betCent,10,0.414609872611465,0,14,None,66,1,5,False,1000,1000
2341,31,betCent,10,0.3760947452229299,0,14,None,66,1,5,False,1000,1000
2342,32,betCent,10,0.3701234076433121,0,14,None,66,1,5,False,1000,1000
2343,33,betCent,10,0.4232683121019108,0,14,None,66,1,5,False,1000,1000
2344,34,betCent,10,0.4341162420382166,0,14,None,66,1,5,False,1000,1000
2345,30,betCent,10,0.4068471337579618,0,19,None,66,1,5,False,1000,1000
2346,31,betCent,10,0.4105294585987261,0,19,None,66,1,5,False,1000,1000
2347,32,betCent,10,0.4165007961783439,0,19,None,66,1,5,False,1000,1000
2348,33,betCent,10,0.4222730891719745,0,19,None,66,1,5,False,1000,1000
2349,34,betCent,10,0.4282444267515923,0,19,None,66,1,5,False,1000,1000
2350,30,betCent,10,0.3969944267515923,0,21,None,66,1,5,False,1000,1000
2351,31,betCent,10,0.4014729299363057,0,21,None,66,1,5,False,1000,1000
2352,32,betCent,10,0.4102308917197452,0,21,None,66,1,5,False,1000,1000
2353,33,betCent,10,0.4209792993630573,0,21,None,66,1,5,False,1000,1000
2354,34,betCent,10,0.4370023885350318,0,21,None,66,1,5,False,1000,1000
2355,30,betCent,10,0.430234872611465,0,28,None,66,1,5,False,1000,1000
2356,31,betCent,10,0.4369028662420382,0,28,None,66,1,5,False,1000,1000
2357,32,betCent,10,0.4472531847133758,0,28,None,66,1,5,False,1000,1000
2358,33,betCent,10,0.4639729299363057,0,28,None,66,1,5,False,1000,1000
2359,34,betCent,10,0.4764132165605095,0,28,None,66,1,5,False,1000,1000
2360,30,betCent,10,0.3501194267515923,0,24,None,66,1,5,False,1000,1000
2361,31,betCent,10,0.3473328025477707,0,24,None,66,1,5,False,1000,1000
2362,32,betCent,10,0.3587778662420382,0,24,None,66,1,5,False,1000,1000
2363,33,betCent,10,0.3779856687898089,0,24,None,66,1,5,False,1000,1000
2364,34,betCent,10,0.4160031847133758,0,24,None,66,1,5,False,1000,1000
2365,30,betCent,10,0.4506369426751592,0,27,None,66,1,5,False,1000,1000
2366,31,betCent,10,0.4894506369426751,0,27,None,66,1,5,False,1000,1000
2367,32,betCent,10,0.4996019108280254,0,27,None,66,1,5,False,1000,1000
2368,33,betCent,10,0.5016918789808917,0,27,None,66,1,5,False,1000,1000
2369,34,betCent,10,0.5049761146496815,0,27,None,66,1,5,False,1000,1000
2370,30,betCent,10,0.3793789808917197,0,30,None,66,1,5,False,1000,1000
2371,31,betCent,10,0.3885350318471338,0,30,None,66,1,5,False,1000,1000
2372,32,betCent,10,0.4075437898089172,0,30,None,66,1,5,False,1000,1000
2373,33,betCent,10,0.426453025477707,0,30,None,66,1,5,False,1000,1000
2374,34,betCent,10,0.4412818471337579,0,30,None,66,1,5,False,1000,1000
2375,30,betCent,10,0.3894307324840764,0,31,None,66,1,5,False,1000,1000
2376,31,betCent,10,0.4174960191082802,0,31,None,66,1,5,False,1000,1000
2377,32,betCent,10,0.4528264331210191,0,31,None,66,1,5,False,1000,1000
2378,33,betCent,10,0.4769108280254777,0,31,None,66,1,5,False,1000,1000
2379,34,betCent,10,0.4909434713375796,0,31,None,66,1,5,False,1000,1000
2380,30,betCent,10,0.4313296178343949,0,29,None,66,1,5,False,1000,1000
2381,31,betCent,10,0.4216759554140127,0,29,None,66,1,5,False,1000,1000
2382,32,betCent,10,0.4306329617834395,0,29,None,66,1,5,False,1000,1000
2383,33,betCent,10,0.442078025477707,0,29,None,66,1,5,False,1000,1000
2384,34,betCent,10,0.4561106687898089,0,29,None,66,1,5,False,1000,1000
2385,30,betCent,10,0.4489450636942675,0,9,None,66,1,5,False,1000,1000
2386,31,betCent,10,0.4479498407643312,0,9,None,66,1,5,False,1000,1000
2387,32,betCent,10,0.4590963375796178,0,9,None,66,1,5,False,1000,1000
2388,33,betCent,10,0.4759156050955414,0,9,None,66,1,5,False,1000,1000
2389,34,betCent,10,0.4917396496815286,0,9,None,66,1,5,False,1000,1000
2390,30,betCent,10,0.3937101910828025,0,16,None,66,1,5,False,1000,1000
2391,31,betCent,10,0.3976910828025478,0,16,None,66,1,5,False,1000,1000
2392,32,betCent,10,0.4111265923566879,0,16,None,66,1,5,False,1000,1000
2393,33,betCent,10,0.4265525477707006,0,16,None,66,1,5,False,1000,1000
2394,34,betCent,10,0.4387937898089172,0,16,None,66,1,5,False,1000,1000
2395,30,betCent,10,0.4564092356687898,0,7,None,66,1,5,False,1000,1000
2396,31,betCent,10,0.4499402866242038,0,7,None,66,1,5,False,1000,1000
2397,32,betCent,10,0.450139331210191,0,7,None,66,1,5,False,1000,1000
2398,33,betCent,10,0.455015923566879,0,7,None,66,1,5,False,1000,1000
2399,34,betCent,10,0.4585987261146497,0,7,None,66,1,5,False,1000,1000
2400,30,betCent,10,0.4383957006369426,0,13,None,66,1,5,False,1000,1000
2401,31,betCent,10,0.4644705414012738,0,13,None,66,1,5,False,1000,1000
2402,32,betCent,10,0.4772093949044586,0,13,None,66,1,5,False,1000,1000
2403,33,betCent,10,0.4858678343949044,0,13,None,66,1,5,False,1000,1000
2404,34,betCent,10,0.493531050955414,0,13,None,66,1,5,False,1000,1000
2405,30,betCent,10,0.4194864649681528,0,12,None,66,1,5,False,1000,1000
2406,31,betCent,10,0.4192874203821656,0,12,None,66,1,5,False,1000,1000
2407,32,betCent,10,0.4303343949044586,0,12,None,66,1,5,False,1000,1000
2408,33,betCent,10,0.4454617834394904,0,12,None,66,1,5,False,1000,1000
2409,34,betCent,10,0.4610867834394904,0,12,None,66,1,5,False,1000,1000
2410,30,betCent,10,0.4952229299363057,0,25,None,66,1,5,False,1000,1000
2411,31,betCent,10,0.5328423566878981,0,25,None,66,1,5,False,1000,1000
2412,32,betCent,10,0.5530453821656051,0,25,None,66,1,5,False,1000,1000
2413,33,betCent,10,0.5619028662420382,0,25,None,66,1,5,False,1000,1000
2414,34,betCent,10,0.5632961783439491,0,25,None,66,1,5,False,1000,1000
2415,30,betCent,10,0.4220740445859872,0,26,None,66,1,5,False,1000,1000
2416,31,betCent,10,0.4246616242038216,0,26,None,66,1,5,False,1000,1000
2417,32,betCent,10,0.4326234076433121,0,26,None,66,1,5,False,1000,1000
2418,33,betCent,10,0.4407842356687898,0,26,None,66,1,5,False,1000,1000
2419,34,betCent,10,0.4530254777070063,0,26,None,66,1,5,False,1000,1000
2420,30,betCent,10,0.442874203821656,0,2,None,66,1,5,False,1000,1000
2421,31,betCent,10,0.4389928343949044,0,2,None,66,1,5,False,1000,1000
2422,32,betCent,10,0.4572054140127388,0,2,None,66,1,5,False,1000,1000
2423,33,betCent,10,0.4735270700636942,0,2,None,66,1,5,False,1000,1000
2424,34,betCent,10,0.4886544585987261,0,2,None,66,1,5,False,1000,1000
2425,30,betCent,10,0.5153264331210191,0,3,None,66,1,5,False,1000,1000
2426,31,betCent,10,0.4918391719745223,0,3,None,66,1,5,False,1000,1000
2427,32,betCent,10,0.4872611464968153,0,3,None,66,1,5,False,1000,1000
2428,33,betCent,10,0.4904458598726114,0,3,None,66,1,5,False,1000,1000
2429,34,betCent,10,0.4971138535031847,0,3,None,66,1,5,False,1000,1000
2430,30,betCent,10,0.4231687898089172,0,0,None,66,1,5,False,1000,1000
2431,31,betCent,10,0.4317277070063694,0,0,None,66,1,5,False,1000,1000
2432,32,betCent,10,0.4449641719745223,0,0,None,66,1,5,False,1000,1000
2433,33,betCent,10,0.4605891719745223,0,0,None,66,1,5,False,1000,1000
2434,34,betCent,10,0.4715366242038216,0,0,None,66,1,5,False,1000,1000
2435,30,betCent,10,0.4206807324840764,0,4,None,66,1,5,False,1000,1000
2436,31,betCent,10,0.4238654458598726,0,4,None,66,1,5,False,1000,1000
2437,32,betCent,10,0.4295382165605095,0,4,None,66,1,5,False,1000,1000
2438,33,betCent,10,0.4344148089171974,0,4,None,66,1,5,False,1000,1000
2439,34,betCent,10,0.4432722929936306,0,4,None,66,1,5,False,1000,1000
2440,30,betCent,10,0.3385748407643312,0,6,None,66,1,5,False,1000,1000
2441,31,betCent,10,0.3470342356687898,0,6,None,66,1,5,False,1000,1000
2442,32,betCent,10,0.3587778662420382,0,6,None,66,1,5,False,1000,1000
2443,33,betCent,10,0.3692277070063694,0,6,None,66,1,5,False,1000,1000
2444,34,betCent,10,0.3801751592356688,0,6,None,66,1,5,False,1000,1000
2445,30,betCent,10,0.4158041401273885,0,8,None,66,1,5,False,1000,1000
2446,31,betCent,10,0.4177945859872611,0,8,None,66,1,5,False,1000,1000
2447,32,betCent,10,0.4217754777070063,0,8,None,66,1,5,False,1000,1000
2448,33,betCent,10,0.4258558917197452,0,8,None,66,1,5,False,1000,1000
2449,34,betCent,10,0.4299363057324841,0,8,None,66,1,5,False,1000,1000
2450,30,betCent,10,0.4528264331210191,0,10,None,66,1,5,False,1000,1000
2451,31,betCent,10,0.4327229299363057,0,10,None,66,1,5,False,1000,1000
2452,32,betCent,10,0.4398885350318471,0,10,None,66,1,5,False,1000,1000
2453,33,betCent,10,0.4538216560509554,0,10,None,66,1,5,False,1000,1000
2454,34,betCent,10,0.4702428343949044,0,10,None,66,1,5,False,1000,1000
2455,30,betCent,10,0.4931329617834395,0,20,None,66,1,5,False,1000,1000
2456,31,betCent,10,0.4884554140127388,0,20,None,66,1,5,False,1000,1000
2457,32,betCent,10,0.4965167197452229,0,20,None,66,1,5,False,1000,1000
2458,33,betCent,10,0.5038813694267515,0,20,None,66,1,5,False,1000,1000
2459,34,betCent,10,0.5086584394904459,0,20,None,66,1,5,False,1000,1000
2460,30,betCent,10,0.4301353503184713,0,22,None,66,1,5,False,1000,1000
2461,31,betCent,10,0.4266520700636942,0,22,None,66,1,5,False,1000,1000
2462,32,betCent,10,0.4322253184713376,0,22,None,66,1,5,False,1000,1000
2463,33,betCent,10,0.4419785031847134,0,22,None,66,1,5,False,1000,1000
2464,34,betCent,10,0.4483479299363057,0,22,None,66,1,5,False,1000,1000
2465,30,betCent,10,0.4355095541401274,0,23,None,66,1,5,False,1000,1000
2466,31,betCent,10,0.4357085987261146,0,23,None,66,1,5,False,1000,1000
2467,32,betCent,10,0.455812101910828,0,23,None,66,1,5,False,1000,1000
2468,33,betCent,10,0.4810907643312102,0,23,None,66,1,5,False,1000,1000
2469,34,betCent,10,0.4975119426751592,0,23,None,66,1,5,False,1000,1000
2470,30,betCent,10,0.4479498407643312,0,32,None,66,1,5,False,1000,1000
2471,31,betCent,10,0.4628781847133758,0,32,None,66,1,5,False,1000,1000
2472,32,betCent,10,0.4940286624203822,0,32,None,66,1,5,False,1000,1000
2473,33,betCent,10,0.5180135350318471,0,32,None,66,1,5,False,1000,1000
2474,34,betCent,10,0.5355294585987261,0,32,None,66,1,5,False,1000,1000
3630,35,betCent,10,0.5057722929936306,0,5,None,66,1,5,False,1000,1000
3631,36,betCent,10,0.5128383757961783,0,5,None,66,1,5,False,1000,1000
3632,37,betCent,10,0.5215963375796179,0,5,None,66,1,5,False,1000,1000
3633,38,betCent,10,0.5317476114649682,0,5,None,66,1,5,False,1000,1000
3634,39,betCent,10,0.5459792993630573,0,5,None,66,1,5,False,1000,1000
3635,35,betCent,10,0.4951234076433121,0,13,None,66,1,5,False,1000,1000
3636,36,betCent,10,0.5027866242038217,0,13,None,66,1,5,False,1000,1000
3637,37,betCent,10,0.5086584394904459,0,13,None,66,1,5,False,1000,1000
3638,38,betCent,10,0.5124402866242038,0,13,None,66,1,5,False,1000,1000
3639,39,betCent,10,0.5168192675159236,0,13,None,66,1,5,False,1000,1000
3640,35,betCent,10,0.4904458598726114,0,15,None,66,1,5,False,1000,1000
3641,36,betCent,10,0.4931329617834395,0,15,None,66,1,5,False,1000,1000
3642,37,betCent,10,0.5022890127388535,0,15,None,66,1,5,False,1000,1000
3643,38,betCent,10,0.5097531847133758,0,15,None,66,1,5,False,1000,1000
3644,39,betCent,10,0.518312101910828,0,15,None,66,1,5,False,1000,1000
3645,35,betCent,10,0.4887539808917197,0,10,None,66,1,5,False,1000,1000
3646,36,betCent,10,0.4982085987261146,0,10,None,66,1,5,False,1000,1000
3647,37,betCent,10,0.5094546178343949,0,10,None,66,1,5,False,1000,1000
3648,38,betCent,10,0.5201035031847133,0,10,None,66,1,5,False,1000,1000
3649,39,betCent,10,0.5308519108280255,0,10,None,66,1,5,False,1000,1000
3650,35,betCent,10,0.5125398089171974,0,11,None,66,1,5,False,1000,1000
3651,36,betCent,10,0.5222929936305732,0,11,None,66,1,5,False,1000,1000
3652,37,betCent,10,0.5330414012738853,0,11,None,66,1,5,False,1000,1000
3653,38,betCent,10,0.544984076433121,0,11,None,66,1,5,False,1000,1000
3654,39,betCent,10,0.553343949044586,0,11,None,66,1,5,False,1000,1000
3655,35,betCent,10,0.5138335987261147,0,20,None,66,1,5,False,1000,1000
3656,36,betCent,10,0.5203025477707006,0,20,None,66,1,5,False,1000,1000
3657,37,betCent,10,0.5249800955414012,0,20,None,66,1,5,False,1000,1000
3658,38,betCent,10,0.5320461783439491,0,20,None,66,1,5,False,1000,1000
3659,39,betCent,10,0.5386146496815286,0,20,None,66,1,5,False,1000,1000
3660,35,betCent,10,0.4613853503184713,0,22,None,66,1,5,False,1000,1000
3661,36,betCent,10,0.4671576433121019,0,22,None,66,1,5,False,1000,1000
3662,37,betCent,10,0.4738256369426751,0,22,None,66,1,5,False,1000,1000
3663,38,betCent,10,0.4880573248407643,0,22,None,66,1,5,False,1000,1000
3664,39,betCent,10,0.5013933121019108,0,22,None,66,1,5,False,1000,1000
3665,35,betCent,10,0.5215963375796179,0,23,None,66,1,5,False,1000,1000
3666,36,betCent,10,0.5292595541401274,0,23,None,66,1,5,False,1000,1000
3667,37,betCent,10,0.5346337579617835,0,23,None,66,1,5,False,1000,1000
3668,38,betCent,10,0.5403065286624203,0,23,None,66,1,5,False,1000,1000
3669,39,betCent,10,0.5455812101910829,0,23,None,66,1,5,False,1000,1000
3670,35,betCent,10,0.5273686305732485,0,17,None,66,1,5,False,1000,1000
3671,36,betCent,10,0.53125,0,17,None,66,1,5,False,1000,1000
3672,37,betCent,10,0.5401074840764332,0,17,None,66,1,5,False,1000,1000
3673,38,betCent,10,0.5488654458598726,0,17,None,66,1,5,False,1000,1000
3674,39,betCent,10,0.5584195859872612,0,17,None,66,1,5,False,1000,1000
3675,35,betCent,10,0.4654657643312102,0,21,None,66,1,5,False,1000,1000
3676,36,betCent,10,0.4844745222929936,0,21,None,66,1,5,False,1000,1000
3677,37,betCent,10,0.5009952229299363,0,21,None,66,1,5,False,1000,1000
3678,38,betCent,10,0.5169187898089171,0,21,None,66,1,5,False,1000,1000
3679,39,betCent,10,0.5291600318471338,0,21,None,66,1,5,False,1000,1000
3680,35,betCent,10,0.4793988853503185,0,26,None,66,1,5,False,1000,1000
3681,36,betCent,10,0.4915406050955414,0,26,None,66,1,5,False,1000,1000
3682,37,betCent,10,0.5033837579617835,0,26,None,66,1,5,False,1000,1000
3683,38,betCent,10,0.5168192675159236,0,26,None,66,1,5,False,1000,1000
3684,39,betCent,10,0.5287619426751592,0,26,None,66,1,5,False,1000,1000
3685,35,betCent,10,0.4918391719745223,0,12,None,66,1,5,False,1000,1000
3686,36,betCent,10,0.4992038216560509,0,12,None,66,1,5,False,1000,1000
3687,37,betCent,10,0.5079617834394905,0,12,None,66,1,5,False,1000,1000
3688,38,betCent,10,0.5154259554140127,0,12,None,66,1,5,False,1000,1000
3689,39,betCent,10,0.524781050955414,0,12,None,66,1,5,False,1000,1000
3690,35,betCent,10,0.4642714968152866,0,24,None,66,1,5,False,1000,1000
3691,36,betCent,10,0.4921377388535032,0,24,None,66,1,5,False,1000,1000
3692,37,betCent,10,0.5116441082802548,0,24,None,66,1,5,False,1000,1000
3693,38,betCent,10,0.5267714968152867,0,24,None,66,1,5,False,1000,1000
3694,39,betCent,10,0.5351313694267515,0,24,None,66,1,5,False,1000,1000
3695,35,betCent,10,0.4983081210191082,0,31,None,66,1,5,False,1000,1000
3696,36,betCent,10,0.4902468152866242,0,31,None,66,1,5,False,1000,1000
3697,37,betCent,10,0.4831807324840764,0,31,None,66,1,5,False,1000,1000
3698,38,betCent,10,0.4803941082802547,0,31,None,66,1,5,False,1000,1000
3699,39,betCent,10,0.4809912420382166,0,31,None,66,1,5,False,1000,1000
3700,35,betCent,10,0.5454816878980892,0,32,None,66,1,5,False,1000,1000
3701,36,betCent,10,0.5532444267515924,0,32,None,66,1,5,False,1000,1000
3702,37,betCent,10,0.5571257961783439,0,32,None,66,1,5,False,1000,1000
3703,38,betCent,10,0.5601114649681529,0,32,None,66,1,5,False,1000,1000
3704,39,betCent,10,0.5627985668789809,0,32,None,66,1,5,False,1000,1000
3705,35,betCent,10,0.5081608280254777,0,7,None,66,1,5,False,1000,1000
3706,36,betCent,10,0.5089570063694268,0,7,None,66,1,5,False,1000,1000
3707,37,betCent,10,0.5173168789808917,0,7,None,66,1,5,False,1000,1000
3708,38,betCent,10,0.5270700636942676,0,7,None,66,1,5,False,1000,1000
3709,39,betCent,10,0.5354299363057324,0,7,None,66,1,5,False,1000,1000
3710,35,betCent,10,0.4389928343949044,0,1,None,66,1,5,False,1000,1000
3711,36,betCent,10,0.455015923566879,0,1,None,66,1,5,False,1000,1000
3712,37,betCent,10,0.4691480891719745,0,1,None,66,1,5,False,1000,1000
3713,38,betCent,10,0.4791998407643312,0,1,None,66,1,5,False,1000,1000
3714,39,betCent,10,0.4881568471337579,0,1,None,66,1,5,False,1000,1000
3715,35,betCent,10,0.5127388535031847,0,2,None,66,1,5,False,1000,1000
3716,36,betCent,10,0.5243829617834395,0,2,None,66,1,5,False,1000,1000
3717,37,betCent,10,0.5320461783439491,0,2,None,66,1,5,False,1000,1000
3718,38,betCent,10,0.5380175159235668,0,2,None,66,1,5,False,1000,1000
3719,39,betCent,10,0.5445859872611465,0,2,None,66,1,5,False,1000,1000
3720,35,betCent,10,0.4464570063694267,0,8,None,66,1,5,False,1000,1000
3721,36,betCent,10,0.4504378980891719,0,8,None,66,1,5,False,1000,1000
3722,37,betCent,10,0.4593949044585987,0,8,None,66,1,5,False,1000,1000
3723,38,betCent,10,0.4716361464968153,0,8,None,66,1,5,False,1000,1000
3724,39,betCent,10,0.4861664012738853,0,8,None,66,1,5,False,1000,1000
3725,35,betCent,10,0.4750199044585987,0,4,None,66,1,5,False,1000,1000
3726,36,betCent,10,0.4869625796178344,0,4,None,66,1,5,False,1000,1000
3727,37,betCent,10,0.4994028662420382,0,4,None,66,1,5,False,1000,1000
3728,38,betCent,10,0.5114450636942676,0,4,None,66,1,5,False,1000,1000
3729,39,betCent,10,0.5235867834394905,0,4,None,66,1,5,False,1000,1000
3730,35,betCent,10,0.4456608280254777,0,16,None,66,1,5,False,1000,1000
3731,36,betCent,10,0.4596934713375796,0,16,None,66,1,5,False,1000,1000
3732,37,betCent,10,0.4747213375796178,0,16,None,66,1,5,False,1000,1000
3733,38,betCent,10,0.493531050955414,0,16,None,66,1,5,False,1000,1000
3734,39,betCent,10,0.5081608280254777,0,16,None,66,1,5,False,1000,1000
3735,35,betCent,10,0.5201035031847133,0,18,None,66,1,5,False,1000,1000
3736,36,betCent,10,0.5235867834394905,0,18,None,66,1,5,False,1000,1000
3737,37,betCent,10,0.5265724522292994,0,18,None,66,1,5,False,1000,1000
3738,38,betCent,10,0.5313495222929936,0,18,None,66,1,5,False,1000,1000
3739,39,betCent,10,0.5363256369426752,0,18,None,66,1,5,False,1000,1000
3740,35,betCent,10,0.4317277070063694,0,19,None,66,1,5,False,1000,1000
3741,36,betCent,10,0.4336186305732484,0,19,None,66,1,5,False,1000,1000
3742,37,betCent,10,0.4358081210191082,0,19,None,66,1,5,False,1000,1000
3743,38,betCent,10,0.4386942675159235,0,19,None,66,1,5,False,1000,1000
3744,39,betCent,10,0.4451632165605095,0,19,None,66,1,5,False,1000,1000
3745,35,betCent,10,0.5187101910828026,0,9,None,66,1,5,False,1000,1000
3746,36,betCent,10,0.5304538216560509,0,9,None,66,1,5,False,1000,1000
3747,37,betCent,10,0.5433917197452229,0,9,None,66,1,5,False,1000,1000
3748,38,betCent,10,0.556031050955414,0,9,None,66,1,5,False,1000,1000
3749,39,betCent,10,0.5634952229299363,0,9,None,66,1,5,False,1000,1000
3750,35,betCent,10,0.4252587579617834,0,14,None,66,1,5,False,1000,1000
3751,36,betCent,10,0.4256568471337579,0,14,None,66,1,5,False,1000,1000
3752,37,betCent,10,0.4311305732484076,0,14,None,66,1,5,False,1000,1000
3753,38,betCent,10,0.4366042993630573,0,14,None,66,1,5,False,1000,1000
3754,39,betCent,10,0.4407842356687898,0,14,None,66,1,5,False,1000,1000
3755,35,betCent,10,0.5609076433121019,0,25,None,66,1,5,False,1000,1000
3756,36,betCent,10,0.5629976114649682,0,25,None,66,1,5,False,1000,1000
3757,37,betCent,10,0.5654856687898089,0,25,None,66,1,5,False,1000,1000
3758,38,betCent,10,0.5680732484076433,0,25,None,66,1,5,False,1000,1000
3759,39,betCent,10,0.5732484076433121,0,25,None,66,1,5,False,1000,1000
3760,35,betCent,10,0.4808917197452229,0,29,None,66,1,5,False,1000,1000
3761,36,betCent,10,0.491640127388535,0,29,None,66,1,5,False,1000,1000
3762,37,betCent,10,0.5014928343949044,0,29,None,66,1,5,False,1000,1000
3763,38,betCent,10,0.5109474522292994,0,29,None,66,1,5,False,1000,1000
3764,39,betCent,10,0.5214968152866242,0,29,None,66,1,5,False,1000,1000
3765,35,betCent,10,0.4920382165605095,0,0,None,66,1,5,False,1000,1000
3766,36,betCent,10,0.4990047770700637,0,0,None,66,1,5,False,1000,1000
3767,37,betCent,10,0.5060708598726115,0,0,None,66,1,5,False,1000,1000
3768,38,betCent,10,0.5147292993630573,0,0,None,66,1,5,False,1000,1000
3769,39,betCent,10,0.5225915605095541,0,0,None,66,1,5,False,1000,1000
3770,35,betCent,10,0.5059713375796179,0,3,None,66,1,5,False,1000,1000
3771,36,betCent,10,0.5124402866242038,0,3,None,66,1,5,False,1000,1000
3772,37,betCent,10,0.5193073248407644,0,3,None,66,1,5,False,1000,1000
3773,38,betCent,10,0.5298566878980892,0,3,None,66,1,5,False,1000,1000
3774,39,betCent,10,0.5390127388535032,0,3,None,66,1,5,False,1000,1000
3775,35,betCent,10,0.5025875796178344,0,28,None,66,1,5,False,1000,1000
3776,36,betCent,10,0.5092555732484076,0,28,None,66,1,5,False,1000,1000
3777,37,betCent,10,0.5160230891719745,0,28,None,66,1,5,False,1000,1000
3778,38,betCent,10,0.5224920382165605,0,28,None,66,1,5,False,1000,1000
3779,39,betCent,10,0.5289609872611465,0,28,None,66,1,5,False,1000,1000
3780,35,betCent,10,0.5112460191082803,0,27,None,66,1,5,False,1000,1000
3781,36,betCent,10,0.51453025477707,0,27,None,66,1,5,False,1000,1000
3782,37,betCent,10,0.5209992038216561,0,27,None,66,1,5,False,1000,1000
3783,38,betCent,10,0.5263734076433121,0,27,None,66,1,5,False,1000,1000
3784,39,betCent,10,0.533140923566879,0,27,None,66,1,5,False,1000,1000
3785,35,betCent,10,0.4065485668789809,0,6,None,66,1,5,False,1000,1000
3786,36,betCent,10,0.4196855095541401,0,6,None,66,1,5,False,1000,1000
3787,37,betCent,10,0.4361066878980891,0,6,None,66,1,5,False,1000,1000
3788,38,betCent,10,0.4529259554140127,0,6,None,66,1,5,False,1000,1000
3789,39,betCent,10,0.4675557324840764,0,6,None,66,1,5,False,1000,1000
3790,35,betCent,10,0.4544187898089172,0,30,None,66,1,5,False,1000,1000
3791,36,betCent,10,0.4681528662420382,0,30,None,66,1,5,False,1000,1000
3792,37,betCent,10,0.4807921974522293,0,30,None,66,1,5,False,1000,1000
3793,38,betCent,10,0.4936305732484076,0,30,None,66,1,5,False,1000,1000
3794,39,betCent,10,0.5050756369426752,0,30,None,66,1,5,False,1000,1000
3795,40,betCent,10,0.5297571656050956,0,15,None,66,1,5,False,1000,1000
3796,41,betCent,10,0.5375199044585988,0,15,None,66,1,5,False,1000,1000
3797,42,betCent,10,0.544984076433121,0,15,None,66,1,5,False,1000,1000
3798,43,betCent,10,0.551453025477707,0,15,None,66,1,5,False,1000,1000
3799,44,betCent,10,0.5580214968152867,0,15,None,66,1,5,False,1000,1000
3800,40,betCent,10,0.5605095541401274,0,11,None,66,1,5,False,1000,1000
3801,41,betCent,10,0.5594148089171974,0,11,None,66,1,5,False,1000,1000
3802,42,betCent,10,0.5574243630573248,0,11,None,66,1,5,False,1000,1000
3803,43,betCent,10,0.5583200636942676,0,11,None,66,1,5,False,1000,1000
3804,44,betCent,10,0.5611066878980892,0,11,None,66,1,5,False,1000,1000
3805,40,betCent,10,0.4867635350318471,0,1,None,66,1,5,False,1000,1000
3806,41,betCent,10,0.4957205414012738,0,1,None,66,1,5,False,1000,1000
3807,42,betCent,10,0.5019904458598726,0,1,None,66,1,5,False,1000,1000
3808,43,betCent,10,0.5074641719745223,0,1,None,66,1,5,False,1000,1000
3809,44,betCent,10,0.5130374203821656,0,1,None,66,1,5,False,1000,1000
3810,40,betCent,10,0.5553343949044586,0,2,None,66,1,5,False,1000,1000
3811,41,betCent,10,0.559812898089172,0,2,None,66,1,5,False,1000,1000
3812,42,betCent,10,0.5650875796178344,0,2,None,66,1,5,False,1000,1000
3813,43,betCent,10,0.5700636942675159,0,2,None,66,1,5,False,1000,1000
3814,44,betCent,10,0.5746417197452229,0,2,None,66,1,5,False,1000,1000
3815,40,betCent,10,0.5379179936305732,0,28,None,66,1,5,False,1000,1000
3816,41,betCent,10,0.5443869426751592,0,28,None,66,1,5,False,1000,1000
3817,42,betCent,10,0.5513535031847133,0,28,None,66,1,5,False,1000,1000
3818,43,betCent,10,0.5583200636942676,0,28,None,66,1,5,False,1000,1000
3819,44,betCent,10,0.5669785031847133,0,28,None,66,1,5,False,1000,1000
3820,40,betCent,10,0.5351313694267515,0,29,None,66,1,5,False,1000,1000
3821,41,betCent,10,0.5433917197452229,0,29,None,66,1,5,False,1000,1000
3822,42,betCent,10,0.5507563694267515,0,29,None,66,1,5,False,1000,1000
3823,43,betCent,10,0.5559315286624203,0,29,None,66,1,5,False,1000,1000
3824,44,betCent,10,0.560609076433121,0,29,None,66,1,5,False,1000,1000
3825,40,betCent,10,0.5666799363057324,0,17,None,66,1,5,False,1000,1000
3826,41,betCent,10,0.573546974522293,0,17,None,66,1,5,False,1000,1000
3827,42,betCent,10,0.5815087579617835,0,17,None,66,1,5,False,1000,1000
3828,43,betCent,10,0.5863853503184714,0,17,None,66,1,5,False,1000,1000
3829,44,betCent,10,0.59265525477707,0,17,None,66,1,5,False,1000,1000
3830,40,betCent,10,0.546875,0,18,None,66,1,5,False,1000,1000
3831,41,betCent,10,0.5556329617834395,0,18,None,66,1,5,False,1000,1000
3832,42,betCent,10,0.5638933121019108,0,18,None,66,1,5,False,1000,1000
3833,43,betCent,10,0.5730493630573248,0,18,None,66,1,5,False,1000,1000
3834,44,betCent,10,0.5833001592356688,0,18,None,66,1,5,False,1000,1000
3835,40,betCent,10,0.5408041401273885,0,27,None,66,1,5,False,1000,1000
3836,41,betCent,10,0.5454816878980892,0,27,None,66,1,5,False,1000,1000
3837,42,betCent,10,0.5496616242038217,0,27,None,66,1,5,False,1000,1000
3838,43,betCent,10,0.5538415605095541,0,27,None,66,1,5,False,1000,1000
3839,44,betCent,10,0.559812898089172,0,27,None,66,1,5,False,1000,1000
3840,40,betCent,10,0.4698447452229299,0,31,None,66,1,5,False,1000,1000
3841,41,betCent,10,0.4688495222929936,0,31,None,66,1,5,False,1000,1000
3842,42,betCent,10,0.4717356687898089,0,31,None,66,1,5,False,1000,1000
3843,43,betCent,10,0.4761146496815286,0,31,None,66,1,5,False,1000,1000
3844,44,betCent,10,0.4803941082802547,0,31,None,66,1,5,False,1000,1000
3845,40,betCent,10,0.5446855095541401,0,10,None,66,1,5,False,1000,1000
3846,41,betCent,10,0.5510549363057324,0,10,None,66,1,5,False,1000,1000
3847,42,betCent,10,0.5582205414012739,0,10,None,66,1,5,False,1000,1000
3848,43,betCent,10,0.5641918789808917,0,10,None,66,1,5,False,1000,1000
3849,44,betCent,10,0.5729498407643312,0,10,None,66,1,5,False,1000,1000
3850,40,betCent,10,0.511843152866242,0,8,None,66,1,5,False,1000,1000
3851,41,betCent,10,0.5222929936305732,0,8,None,66,1,5,False,1000,1000
3852,42,betCent,10,0.5329418789808917,0,8,None,66,1,5,False,1000,1000
3853,43,betCent,10,0.5434912420382165,0,8,None,66,1,5,False,1000,1000
3854,44,betCent,10,0.5518511146496815,0,8,None,66,1,5,False,1000,1000
3855,40,betCent,10,0.5453821656050956,0,20,None,66,1,5,False,1000,1000
3856,41,betCent,10,0.5512539808917197,0,20,None,66,1,5,False,1000,1000
3857,42,betCent,10,0.556827229299363,0,20,None,66,1,5,False,1000,1000
3858,43,betCent,10,0.5623009554140127,0,20,None,66,1,5,False,1000,1000
3859,44,betCent,10,0.5682722929936306,0,20,None,66,1,5,False,1000,1000
3860,40,betCent,10,0.542296974522293,0,5,None,66,1,5,False,1000,1000
3861,41,betCent,10,0.5592157643312102,0,5,None,66,1,5,False,1000,1000
3862,42,betCent,10,0.5663813694267515,0,5,None,66,1,5,False,1000,1000
3863,43,betCent,10,0.571656050955414,0,5,None,66,1,5,False,1000,1000
3864,44,betCent,10,0.5746417197452229,0,5,None,66,1,5,False,1000,1000
3865,40,betCent,10,0.5169187898089171,0,30,None,66,1,5,False,1000,1000
3866,41,betCent,10,0.5231886942675159,0,30,None,66,1,5,False,1000,1000
3867,42,betCent,10,0.53125,0,30,None,66,1,5,False,1000,1000
3868,43,betCent,10,0.540406050955414,0,30,None,66,1,5,False,1000,1000
3869,44,betCent,10,0.5488654458598726,0,30,None,66,1,5,False,1000,1000
3870,40,betCent,10,0.533140923566879,0,16,None,66,1,5,False,1000,1000
3871,41,betCent,10,0.5459792993630573,0,16,None,66,1,5,False,1000,1000
3872,42,betCent,10,0.5562300955414012,0,16,None,66,1,5,False,1000,1000
3873,43,betCent,10,0.5601114649681529,0,16,None,66,1,5,False,1000,1000
3874,44,betCent,10,0.5655851910828026,0,16,None,66,1,5,False,1000,1000
3875,40,betCent,10,0.5536425159235668,0,7,None,66,1,5,False,1000,1000
3876,41,betCent,10,0.5604100318471338,0,7,None,66,1,5,False,1000,1000
3877,42,betCent,10,0.5676751592356688,0,7,None,66,1,5,False,1000,1000
3878,43,betCent,10,0.574343152866242,0,7,None,66,1,5,False,1000,1000
3879,44,betCent,10,0.582703025477707,0,7,None,66,1,5,False,1000,1000
3880,40,betCent,10,0.5680732484076433,0,32,None,66,1,5,False,1000,1000
3881,41,betCent,10,0.5728503184713376,0,32,None,66,1,5,False,1000,1000
3882,42,betCent,10,0.5767316878980892,0,32,None,66,1,5,False,1000,1000
3883,43,betCent,10,0.582703025477707,0,32,None,66,1,5,False,1000,1000
3884,44,betCent,10,0.5879777070063694,0,32,None,66,1,5,False,1000,1000
3885,40,betCent,10,0.521297770700637,0,13,None,66,1,5,False,1000,1000
3886,41,betCent,10,0.5258757961783439,0,13,None,66,1,5,False,1000,1000
3887,42,betCent,10,0.5316480891719745,0,13,None,66,1,5,False,1000,1000
3888,43,betCent,10,0.5373208598726115,0,13,None,66,1,5,False,1000,1000
3889,44,betCent,10,0.5416003184713376,0,13,None,66,1,5,False,1000,1000
3890,40,betCent,10,0.5766321656050956,0,25,None,66,1,5,False,1000,1000
3891,41,betCent,10,0.5805135350318471,0,25,None,66,1,5,False,1000,1000
3892,42,betCent,10,0.5873805732484076,0,25,None,66,1,5,False,1000,1000
3893,43,betCent,10,0.5940485668789809,0,25,None,66,1,5,False,1000,1000
3894,44,betCent,10,0.6017117834394905,0,25,None,66,1,5,False,1000,1000
3895,40,betCent,10,0.5484673566878981,0,3,None,66,1,5,False,1000,1000
3896,41,betCent,10,0.5566281847133758,0,3,None,66,1,5,False,1000,1000
3897,42,betCent,10,0.5622014331210191,0,3,None,66,1,5,False,1000,1000
3898,43,betCent,10,0.5673765923566879,0,3,None,66,1,5,False,1000,1000
3899,44,betCent,10,0.5756369426751592,0,3,None,66,1,5,False,1000,1000
3900,40,betCent,10,0.4398885350318471,0,14,None,66,1,5,False,1000,1000
3901,41,betCent,10,0.458499203821656,0,14,None,66,1,5,False,1000,1000
3902,42,betCent,10,0.475218949044586,0,14,None,66,1,5,False,1000,1000
3903,43,betCent,10,0.4901472929936306,0,14,None,66,1,5,False,1000,1000
3904,44,betCent,10,0.505672770700637,0,14,None,66,1,5,False,1000,1000
3905,40,betCent,10,0.5722531847133758,0,9,None,66,1,5,False,1000,1000
3906,41,betCent,10,0.5764331210191083,0,9,None,66,1,5,False,1000,1000
3907,42,betCent,10,0.5826035031847133,0,9,None,66,1,5,False,1000,1000
3908,43,betCent,10,0.5873805732484076,0,9,None,66,1,5,False,1000,1000
3909,44,betCent,10,0.5914609872611465,0,9,None,66,1,5,False,1000,1000
3910,40,betCent,10,0.5186106687898089,0,22,None,66,1,5,False,1000,1000
3911,41,betCent,10,0.5334394904458599,0,22,None,66,1,5,False,1000,1000
3912,42,betCent,10,0.5414012738853503,0,22,None,66,1,5,False,1000,1000
3913,43,betCent,10,0.5507563694267515,0,22,None,66,1,5,False,1000,1000
3914,44,betCent,10,0.558718152866242,0,22,None,66,1,5,False,1000,1000
3915,40,betCent,10,0.5501592356687898,0,23,None,66,1,5,False,1000,1000
3916,41,betCent,10,0.5556329617834395,0,23,None,66,1,5,False,1000,1000
3917,42,betCent,10,0.5616042993630573,0,23,None,66,1,5,False,1000,1000
3918,43,betCent,10,0.5669785031847133,0,23,None,66,1,5,False,1000,1000
3919,44,betCent,10,0.5736464968152867,0,23,None,66,1,5,False,1000,1000
3920,40,betCent,10,0.5509554140127388,0,4,None,66,1,5,False,1000,1000
3921,41,betCent,10,0.559812898089172,0,4,None,66,1,5,False,1000,1000
3922,42,betCent,10,0.5676751592356688,0,4,None,66,1,5,False,1000,1000
3923,43,betCent,10,0.5776273885350318,0,4,None,66,1,5,False,1000,1000
3924,44,betCent,10,0.5850915605095541,0,4,None,66,1,5,False,1000,1000
3925,40,betCent,10,0.5336385350318471,0,12,None,66,1,5,False,1000,1000
3926,41,betCent,10,0.5388136942675159,0,12,None,66,1,5,False,1000,1000
3927,42,betCent,10,0.546875,0,12,None,66,1,5,False,1000,1000
3928,43,betCent,10,0.5509554140127388,0,12,None,66,1,5,False,1000,1000
3929,44,betCent,10,0.5553343949044586,0,12,None,66,1,5,False,1000,1000
3930,40,betCent,10,0.4926353503184713,0,6,None,66,1,5,False,1000,1000
3931,41,betCent,10,0.505672770700637,0,6,None,66,1,5,False,1000,1000
3932,42,betCent,10,0.518312101910828,0,6,None,66,1,5,False,1000,1000
3933,43,betCent,10,0.5284633757961783,0,6,None,66,1,5,False,1000,1000
3934,44,betCent,10,0.5399084394904459,0,6,None,66,1,5,False,1000,1000
3935,40,betCent,10,0.5416003184713376,0,26,None,66,1,5,False,1000,1000
3936,41,betCent,10,0.5492635350318471,0,26,None,66,1,5,False,1000,1000
3937,42,betCent,10,0.5554339171974523,0,26,None,66,1,5,False,1000,1000
3938,43,betCent,10,0.5622014331210191,0,26,None,66,1,5,False,1000,1000
3939,44,betCent,10,0.5685708598726115,0,26,None,66,1,5,False,1000,1000
3940,40,betCent,10,0.466859076433121,0,19,None,66,1,5,False,1000,1000
3941,41,betCent,10,0.472233280254777,0,19,None,66,1,5,False,1000,1000
3942,42,betCent,10,0.4796974522292994,0,19,None,66,1,5,False,1000,1000
3943,43,betCent,10,0.4882563694267516,0,19,None,66,1,5,False,1000,1000
3944,44,betCent,10,0.4964171974522293,0,19,None,66,1,5,False,1000,1000
3945,40,betCent,10,0.5316480891719745,0,0,None,66,1,5,False,1000,1000
3946,41,betCent,10,0.5381170382165605,0,0,None,66,1,5,False,1000,1000
3947,42,betCent,10,0.546875,0,0,None,66,1,5,False,1000,1000
3948,43,betCent,10,0.5546377388535032,0,0,None,66,1,5,False,1000,1000
3949,44,betCent,10,0.56359474522293,0,0,None,66,1,5,False,1000,1000
3950,40,betCent,10,0.5399084394904459,0,21,None,66,1,5,False,1000,1000
3951,41,betCent,10,0.5490644904458599,0,21,None,66,1,5,False,1000,1000
3952,42,betCent,10,0.5564291401273885,0,21,None,66,1,5,False,1000,1000
3953,43,betCent,10,0.5629976114649682,0,21,None,66,1,5,False,1000,1000
3954,44,betCent,10,0.5696656050955414,0,21,None,66,1,5,False,1000,1000
3955,40,betCent,10,0.5343351910828026,0,24,None,66,1,5,False,1000,1000
3956,41,betCent,10,0.5400079617834395,0,24,None,66,1,5,False,1000,1000
3957,42,betCent,10,0.5463773885350318,0,24,None,66,1,5,False,1000,1000
3958,43,betCent,10,0.552547770700637,0,24,None,66,1,5,False,1000,1000
3959,44,betCent,10,0.5567277070063694,0,24,None,66,1,5,False,1000,1000
5445,45,betCent,10,0.5041799363057324,0,1,None,66,1,5,False,1000,1000
5446,46,betCent,10,0.5132364649681529,0,1,None,66,1,5,False,1000,1000
5447,47,betCent,10,0.5205015923566879,0,1,None,66,1,5,False,1000,1000
5448,48,betCent,10,0.5257762738853503,0,1,None,66,1,5,False,1000,1000
5449,49,betCent,10,0.5296576433121019,0,1,None,66,1,5,False,1000,1000
5450,45,betCent,10,0.5474721337579618,0,13,None,66,1,5,False,1000,1000
5451,46,betCent,10,0.555234872611465,0,13,None,66,1,5,False,1000,1000
5452,47,betCent,10,0.5602109872611465,0,13,None,66,1,5,False,1000,1000
5453,48,betCent,10,0.5655851910828026,0,13,None,66,1,5,False,1000,1000
5454,49,betCent,10,0.5715565286624203,0,13,None,66,1,5,False,1000,1000
5455,45,betCent,10,0.5763335987261147,0,16,None,66,1,5,False,1000,1000
5456,46,betCent,10,0.5816082802547771,0,16,None,66,1,5,False,1000,1000
5457,47,betCent,10,0.5884753184713376,0,16,None,66,1,5,False,1000,1000
5458,48,betCent,10,0.5947452229299363,0,16,None,66,1,5,False,1000,1000
5459,49,betCent,10,0.5998208598726115,0,16,None,66,1,5,False,1000,1000
5460,45,betCent,10,0.5718550955414012,0,22,None,66,1,5,False,1000,1000
5461,46,betCent,10,0.5768312101910829,0,22,None,66,1,5,False,1000,1000
5462,47,betCent,10,0.5822054140127388,0,22,None,66,1,5,False,1000,1000
5463,48,betCent,10,0.5869824840764332,0,22,None,66,1,5,False,1000,1000
5464,49,betCent,10,0.5915605095541401,0,22,None,66,1,5,False,1000,1000
5465,45,betCent,10,0.506468949044586,0,14,None,66,1,5,False,1000,1000
5466,46,betCent,10,0.5205015923566879,0,14,None,66,1,5,False,1000,1000
5467,47,betCent,10,0.5378184713375797,0,14,None,66,1,5,False,1000,1000
5468,48,betCent,10,0.5513535031847133,0,14,None,66,1,5,False,1000,1000
5469,49,betCent,10,0.5692675159235668,0,14,None,66,1,5,False,1000,1000
5470,45,betCent,10,0.5813097133757962,0,23,None,66,1,5,False,1000,1000
5471,46,betCent,10,0.5902667197452229,0,23,None,66,1,5,False,1000,1000
5472,47,betCent,10,0.598328025477707,0,23,None,66,1,5,False,1000,1000
5473,48,betCent,10,0.6087778662420382,0,23,None,66,1,5,False,1000,1000
5474,49,betCent,10,0.6173367834394905,0,23,None,66,1,5,False,1000,1000
5475,45,betCent,10,0.60828025477707,0,25,None,66,1,5,False,1000,1000
5476,46,betCent,10,0.6164410828025477,0,25,None,66,1,5,False,1000,1000
5477,47,betCent,10,0.6232085987261147,0,25,None,66,1,5,False,1000,1000
5478,48,betCent,10,0.626890923566879,0,25,None,66,1,5,False,1000,1000
5479,49,betCent,10,0.6317675159235668,0,25,None,66,1,5,False,1000,1000
5480,45,betCent,10,0.5766321656050956,0,26,None,66,1,5,False,1000,1000
5481,46,betCent,10,0.5818073248407644,0,26,None,66,1,5,False,1000,1000
5482,47,betCent,10,0.5865843949044586,0,26,None,66,1,5,False,1000,1000
5483,48,betCent,10,0.5914609872611465,0,26,None,66,1,5,False,1000,1000
5484,49,betCent,10,0.5946457006369427,0,26,None,66,1,5,False,1000,1000
5485,45,betCent,10,0.5657842356687898,0,29,None,66,1,5,False,1000,1000
5486,46,betCent,10,0.5713574840764332,0,29,None,66,1,5,False,1000,1000
5487,47,betCent,10,0.576234076433121,0,29,None,66,1,5,False,1000,1000
5488,48,betCent,10,0.5832006369426752,0,29,None,66,1,5,False,1000,1000
5489,49,betCent,10,0.5885748407643312,0,29,None,66,1,5,False,1000,1000
5490,45,betCent,10,0.5585191082802548,0,30,None,66,1,5,False,1000,1000
5491,46,betCent,10,0.565187101910828,0,30,None,66,1,5,False,1000,1000
5492,47,betCent,10,0.5719546178343949,0,30,None,66,1,5,False,1000,1000
5493,48,betCent,10,0.57921974522293,0,30,None,66,1,5,False,1000,1000
5494,49,betCent,10,0.5839968152866242,0,30,None,66,1,5,False,1000,1000
5495,45,betCent,10,0.5567277070063694,0,6,None,66,1,5,False,1000,1000
5496,46,betCent,10,0.5671775477707006,0,6,None,66,1,5,False,1000,1000
5497,47,betCent,10,0.5776273885350318,0,6,None,66,1,5,False,1000,1000
5498,48,betCent,10,0.5844944267515924,0,6,None,66,1,5,False,1000,1000
5499,49,betCent,10,0.5897691082802548,0,6,None,66,1,5,False,1000,1000
5500,45,betCent,10,0.5750398089171974,0,27,None,66,1,5,False,1000,1000
5501,46,betCent,10,0.5809116242038217,0,27,None,66,1,5,False,1000,1000
5502,47,betCent,10,0.587281050955414,0,27,None,66,1,5,False,1000,1000
5503,48,betCent,10,0.5945461783439491,0,27,None,66,1,5,False,1000,1000
5504,49,betCent,10,0.599422770700637,0,27,None,66,1,5,False,1000,1000
5505,45,betCent,10,0.5965366242038217,0,32,None,66,1,5,False,1000,1000
5506,46,betCent,10,0.603702229299363,0,32,None,66,1,5,False,1000,1000
5507,47,betCent,10,0.6129578025477707,0,32,None,66,1,5,False,1000,1000
5508,48,betCent,10,0.6206210191082803,0,32,None,66,1,5,False,1000,1000
5509,49,betCent,10,0.6266918789808917,0,32,None,66,1,5,False,1000,1000
5510,45,betCent,10,0.5750398089171974,0,21,None,66,1,5,False,1000,1000
5511,46,betCent,10,0.5823049363057324,0,21,None,66,1,5,False,1000,1000
5512,47,betCent,10,0.5873805732484076,0,21,None,66,1,5,False,1000,1000
5513,48,betCent,10,0.5895700636942676,0,21,None,66,1,5,False,1000,1000
5514,49,betCent,10,0.5949442675159236,0,21,None,66,1,5,False,1000,1000
5515,45,betCent,10,0.5624004777070064,0,24,None,66,1,5,False,1000,1000
5516,46,betCent,10,0.5704617834394905,0,24,None,66,1,5,False,1000,1000
5517,47,betCent,10,0.5811106687898089,0,24,None,66,1,5,False,1000,1000
5518,48,betCent,10,0.591062898089172,0,24,None,66,1,5,False,1000,1000
5519,49,betCent,10,0.5997213375796179,0,24,None,66,1,5,False,1000,1000
5520,45,betCent,10,0.5075636942675159,0,19,None,66,1,5,False,1000,1000
5521,46,betCent,10,0.513734076433121,0,19,None,66,1,5,False,1000,1000
5522,47,betCent,10,0.521297770700637,0,19,None,66,1,5,False,1000,1000
5523,48,betCent,10,0.5292595541401274,0,19,None,66,1,5,False,1000,1000
5524,49,betCent,10,0.5345342356687898,0,19,None,66,1,5,False,1000,1000
5525,45,betCent,10,0.5625995222929936,0,8,None,66,1,5,False,1000,1000
5526,46,betCent,10,0.5702627388535032,0,8,None,66,1,5,False,1000,1000
5527,47,betCent,10,0.5787221337579618,0,8,None,66,1,5,False,1000,1000
5528,48,betCent,10,0.5856886942675159,0,8,None,66,1,5,False,1000,1000
5529,49,betCent,10,0.5913614649681529,0,8,None,66,1,5,False,1000,1000
5530,45,betCent,10,0.472233280254777,0,31,None,66,1,5,False,1000,1000
5531,46,betCent,10,0.4804936305732484,0,31,None,66,1,5,False,1000,1000
5532,47,betCent,10,0.4868630573248407,0,31,None,66,1,5,False,1000,1000
5533,48,betCent,10,0.4912420382165605,0,31,None,66,1,5,False,1000,1000
5534,49,betCent,10,0.497014331210191,0,31,None,66,1,5,False,1000,1000
5535,45,betCent,10,0.5826035031847133,0,2,None,66,1,5,False,1000,1000
5536,46,betCent,10,0.5888734076433121,0,2,None,66,1,5,False,1000,1000
5537,47,betCent,10,0.5923566878980892,0,2,None,66,1,5,False,1000,1000
5538,48,betCent,10,0.5952428343949044,0,2,None,66,1,5,False,1000,1000
5539,49,betCent,10,0.5997213375796179,0,2,None,66,1,5,False,1000,1000
5540,45,betCent,10,0.5710589171974523,0,0,None,66,1,5,False,1000,1000
5541,46,betCent,10,0.5818073248407644,0,0,None,66,1,5,False,1000,1000
5542,47,betCent,10,0.5928542993630573,0,0,None,66,1,5,False,1000,1000
5543,48,betCent,10,0.6045979299363057,0,0,None,66,1,5,False,1000,1000
5544,49,betCent,10,0.6159434713375797,0,0,None,66,1,5,False,1000,1000
5545,45,betCent,10,0.5842953821656051,0,3,None,66,1,5,False,1000,1000
5546,46,betCent,10,0.5945461783439491,0,3,None,66,1,5,False,1000,1000
5547,47,betCent,10,0.6031050955414012,0,3,None,66,1,5,False,1000,1000
5548,48,betCent,10,0.61046974522293,0,3,None,66,1,5,False,1000,1000
5549,49,betCent,10,0.6163415605095541,0,3,None,66,1,5,False,1000,1000
5550,45,betCent,10,0.5993232484076433,0,4,None,66,1,5,False,1000,1000
5551,46,betCent,10,0.605593152866242,0,4,None,66,1,5,False,1000,1000
5552,47,betCent,10,0.6134554140127388,0,4,None,66,1,5,False,1000,1000
5553,48,betCent,10,0.6175358280254777,0,4,None,66,1,5,False,1000,1000
5554,49,betCent,10,0.6211186305732485,0,4,None,66,1,5,False,1000,1000
5555,45,betCent,10,0.583797770700637,0,5,None,66,1,5,False,1000,1000
5556,46,betCent,10,0.5866839171974523,0,5,None,66,1,5,False,1000,1000
5557,47,betCent,10,0.5933519108280255,0,5,None,66,1,5,False,1000,1000
5558,48,betCent,10,0.5981289808917197,0,5,None,66,1,5,False,1000,1000
5559,49,betCent,10,0.6033041401273885,0,5,None,66,1,5,False,1000,1000
5560,45,betCent,10,0.5950437898089171,0,7,None,66,1,5,False,1000,1000
5561,46,betCent,10,0.6041003184713376,0,7,None,66,1,5,False,1000,1000
5562,47,betCent,10,0.6130573248407644,0,7,None,66,1,5,False,1000,1000
5563,48,betCent,10,0.618531050955414,0,7,None,66,1,5,False,1000,1000
5564,49,betCent,10,0.6222133757961783,0,7,None,66,1,5,False,1000,1000
5565,45,betCent,10,0.5954418789808917,0,9,None,66,1,5,False,1000,1000
5566,46,betCent,10,0.5991242038216561,0,9,None,66,1,5,False,1000,1000
5567,47,betCent,10,0.6039012738853503,0,9,None,66,1,5,False,1000,1000
5568,48,betCent,10,0.6063893312101911,0,9,None,66,1,5,False,1000,1000
5569,49,betCent,10,0.6099721337579618,0,9,None,66,1,5,False,1000,1000
5570,45,betCent,10,0.5804140127388535,0,10,None,66,1,5,False,1000,1000
5571,46,betCent,10,0.584593949044586,0,10,None,66,1,5,False,1000,1000
5572,47,betCent,10,0.5890724522292994,0,10,None,66,1,5,False,1000,1000
5573,48,betCent,10,0.5938495222929936,0,10,None,66,1,5,False,1000,1000
5574,49,betCent,10,0.5991242038216561,0,10,None,66,1,5,False,1000,1000
5575,45,betCent,10,0.5661823248407644,0,11,None,66,1,5,False,1000,1000
5576,46,betCent,10,0.5696656050955414,0,11,None,66,1,5,False,1000,1000
5577,47,betCent,10,0.5738455414012739,0,11,None,66,1,5,False,1000,1000
5578,48,betCent,10,0.5776273885350318,0,11,None,66,1,5,False,1000,1000
5579,49,betCent,10,0.5804140127388535,0,11,None,66,1,5,False,1000,1000
5580,45,betCent,10,0.5629976114649682,0,12,None,66,1,5,False,1000,1000
5581,46,betCent,10,0.5691679936305732,0,12,None,66,1,5,False,1000,1000
5582,47,betCent,10,0.574343152866242,0,12,None,66,1,5,False,1000,1000
5583,48,betCent,10,0.5797173566878981,0,12,None,66,1,5,False,1000,1000
5584,49,betCent,10,0.5841958598726115,0,12,None,66,1,5,False,1000,1000
5585,45,betCent,10,0.5652866242038217,0,15,None,66,1,5,False,1000,1000
5586,46,betCent,10,0.5722531847133758,0,15,None,66,1,5,False,1000,1000
5587,47,betCent,10,0.5787221337579618,0,15,None,66,1,5,False,1000,1000
5588,48,betCent,10,0.5856886942675159,0,15,None,66,1,5,False,1000,1000
5589,49,betCent,10,0.5912619426751592,0,15,None,66,1,5,False,1000,1000
5590,45,betCent,10,0.599422770700637,0,17,None,66,1,5,False,1000,1000
5591,46,betCent,10,0.6049960191082803,0,17,None,66,1,5,False,1000,1000
5592,47,betCent,10,0.6127587579617835,0,17,None,66,1,5,False,1000,1000
5593,48,betCent,10,0.6191281847133758,0,17,None,66,1,5,False,1000,1000
5594,49,betCent,10,0.6242038216560509,0,17,None,66,1,5,False,1000,1000
5595,45,betCent,10,0.5909633757961783,0,18,None,66,1,5,False,1000,1000
5596,46,betCent,10,0.5979299363057324,0,18,None,66,1,5,False,1000,1000
5597,47,betCent,10,0.6033041401273885,0,18,None,66,1,5,False,1000,1000
5598,48,betCent,10,0.6090764331210191,0,18,None,66,1,5,False,1000,1000
5599,49,betCent,10,0.6141520700636943,0,18,None,66,1,5,False,1000,1000
5600,45,betCent,10,0.5752388535031847,0,20,None,66,1,5,False,1000,1000
5601,46,betCent,10,0.5821058917197452,0,20,None,66,1,5,False,1000,1000
5602,47,betCent,10,0.5874800955414012,0,20,None,66,1,5,False,1000,1000
5603,48,betCent,10,0.5914609872611465,0,20,None,66,1,5,False,1000,1000
5604,49,betCent,10,0.5942476114649682,0,20,None,66,1,5,False,1000,1000
5605,45,betCent,10,0.5815087579617835,0,28,None,66,1,5,False,1000,1000
5606,46,betCent,10,0.5887738853503185,0,28,None,66,1,5,False,1000,1000
5607,47,betCent,10,0.596437101910828,0,28,None,66,1,5,False,1000,1000
5608,48,betCent,10,0.6019108280254777,0,28,None,66,1,5,False,1000,1000
5609,49,betCent,10,0.6064888535031847,0,28,None,66,1,5,False,1000,1000
5610,50,betCent,10,0.5136345541401274,0,1,None,66,1,5,False,1000,1000
5611,51,betCent,10,0.5215963375796179,0,1,None,66,1,5,False,1000,1000
5612,52,betCent,10,0.5288614649681529,0,1,None,66,1,5,False,1000,1000
5613,53,betCent,10,0.5352308917197452,0,1,None,66,1,5,False,1000,1000
5614,54,betCent,10,0.5395103503184714,0,1,None,66,1,5,False,1000,1000
5615,50,betCent,10,0.6249004777070064,0,23,None,66,1,5,False,1000,1000
5616,51,betCent,10,0.6338574840764332,0,23,None,66,1,5,False,1000,1000
5617,52,betCent,10,0.6380374203821656,0,23,None,66,1,5,False,1000,1000
5618,53,betCent,10,0.6413216560509554,0,23,None,66,1,5,False,1000,1000
5619,54,betCent,10,0.6438097133757962,0,23,None,66,1,5,False,1000,1000
5620,50,betCent,10,0.5759355095541401,0,13,None,66,1,5,False,1000,1000
5621,51,betCent,10,0.5810111464968153,0,13,None,66,1,5,False,1000,1000
5622,52,betCent,10,0.5866839171974523,0,13,None,66,1,5,False,1000,1000
5623,53,betCent,10,0.5911624203821656,0,13,None,66,1,5,False,1000,1000
5624,54,betCent,10,0.5951433121019108,0,13,None,66,1,5,False,1000,1000
5625,50,betCent,10,0.6344546178343949,0,32,None,66,1,5,False,1000,1000
5626,51,betCent,10,0.6381369426751592,0,32,None,66,1,5,False,1000,1000
5627,52,betCent,10,0.6429140127388535,0,32,None,66,1,5,False,1000,1000
5628,53,betCent,10,0.6457006369426752,0,32,None,66,1,5,False,1000,1000
5629,54,betCent,10,0.6482882165605095,0,32,None,66,1,5,False,1000,1000
5630,50,betCent,10,0.61046974522293,0,16,None,66,1,5,False,1000,1000
5631,51,betCent,10,0.6160429936305732,0,16,None,66,1,5,False,1000,1000
5632,52,betCent,10,0.6196257961783439,0,16,None,66,1,5,False,1000,1000
5633,53,betCent,10,0.6234076433121019,0,16,None,66,1,5,False,1000,1000
5634,54,betCent,10,0.6288813694267515,0,16,None,66,1,5,False,1000,1000
5635,50,betCent,10,0.5973328025477707,0,22,None,66,1,5,False,1000,1000
5636,51,betCent,10,0.6005175159235668,0,22,None,66,1,5,False,1000,1000
5637,52,betCent,10,0.6031050955414012,0,22,None,66,1,5,False,1000,1000
5638,53,betCent,10,0.6057921974522293,0,22,None,66,1,5,False,1000,1000
5639,54,betCent,10,0.6089769108280255,0,22,None,66,1,5,False,1000,1000
5640,50,betCent,10,0.6045979299363057,0,2,None,66,1,5,False,1000,1000
5641,51,betCent,10,0.6083797770700637,0,2,None,66,1,5,False,1000,1000
5642,52,betCent,10,0.612062101910828,0,2,None,66,1,5,False,1000,1000
5643,53,betCent,10,0.6152468152866242,0,2,None,66,1,5,False,1000,1000
5644,54,betCent,10,0.6170382165605095,0,2,None,66,1,5,False,1000,1000
5645,50,betCent,10,0.6069864649681529,0,5,None,66,1,5,False,1000,1000
5646,51,betCent,10,0.6107683121019108,0,5,None,66,1,5,False,1000,1000
5647,52,betCent,10,0.6152468152866242,0,5,None,66,1,5,False,1000,1000
5648,53,betCent,10,0.6189291401273885,0,5,None,66,1,5,False,1000,1000
5649,54,betCent,10,0.6236066878980892,0,5,None,66,1,5,False,1000,1000
5650,50,betCent,10,0.6245023885350318,0,4,None,66,1,5,False,1000,1000
5651,51,betCent,10,0.6283837579617835,0,4,None,66,1,5,False,1000,1000
5652,52,betCent,10,0.6315684713375797,0,4,None,66,1,5,False,1000,1000
5653,53,betCent,10,0.6356488853503185,0,4,None,66,1,5,False,1000,1000
5654,54,betCent,10,0.6394307324840764,0,4,None,66,1,5,False,1000,1000
5655,50,betCent,10,0.5972332802547771,0,15,None,66,1,5,False,1000,1000
5656,51,betCent,10,0.6027070063694268,0,15,None,66,1,5,False,1000,1000
5657,52,betCent,10,0.606687898089172,0,15,None,66,1,5,False,1000,1000
5658,53,betCent,10,0.6109673566878981,0,15,None,66,1,5,False,1000,1000
5659,54,betCent,10,0.6128582802547771,0,15,None,66,1,5,False,1000,1000
5660,50,betCent,10,0.625,0,7,None,66,1,5,False,1000,1000
5661,51,betCent,10,0.629578025477707,0,7,None,66,1,5,False,1000,1000
5662,52,betCent,10,0.6340565286624203,0,7,None,66,1,5,False,1000,1000
5663,53,betCent,10,0.637937898089172,0,7,None,66,1,5,False,1000,1000
5664,54,betCent,10,0.6401273885350318,0,7,None,66,1,5,False,1000,1000
5665,50,betCent,10,0.6159434713375797,0,28,None,66,1,5,False,1000,1000
5666,51,betCent,10,0.6203224522292994,0,28,None,66,1,5,False,1000,1000
5667,52,betCent,10,0.6250995222929936,0,28,None,66,1,5,False,1000,1000
5668,53,betCent,10,0.629578025477707,0,28,None,66,1,5,False,1000,1000
5669,54,betCent,10,0.6339570063694268,0,28,None,66,1,5,False,1000,1000
5670,50,betCent,10,0.6004179936305732,0,20,None,66,1,5,False,1000,1000
5671,51,betCent,10,0.6048964968152867,0,20,None,66,1,5,False,1000,1000
5672,52,betCent,10,0.6086783439490446,0,20,None,66,1,5,False,1000,1000
5673,53,betCent,10,0.6111664012738853,0,20,None,66,1,5,False,1000,1000
5674,54,betCent,10,0.613156847133758,0,20,None,66,1,5,False,1000,1000
5675,50,betCent,10,0.6034036624203821,0,24,None,66,1,5,False,1000,1000
5676,51,betCent,10,0.6103702229299363,0,24,None,66,1,5,False,1000,1000
5677,52,betCent,10,0.6175358280254777,0,24,None,66,1,5,False,1000,1000
5678,53,betCent,10,0.6233081210191083,0,24,None,66,1,5,False,1000,1000
5679,54,betCent,10,0.6286823248407644,0,24,None,66,1,5,False,1000,1000
5680,50,betCent,10,0.5951433121019108,0,8,None,66,1,5,False,1000,1000
5681,51,betCent,10,0.6013136942675159,0,8,None,66,1,5,False,1000,1000
5682,52,betCent,10,0.6060907643312102,0,8,None,66,1,5,False,1000,1000
5683,53,betCent,10,0.6091759554140127,0,8,None,66,1,5,False,1000,1000
5684,54,betCent,10,0.6121616242038217,0,8,None,66,1,5,False,1000,1000
5685,50,betCent,10,0.5379179936305732,0,19,None,66,1,5,False,1000,1000
5686,51,betCent,10,0.5419984076433121,0,19,None,66,1,5,False,1000,1000
5687,52,betCent,10,0.5467754777070064,0,19,None,66,1,5,False,1000,1000
5688,53,betCent,10,0.5501592356687898,0,19,None,66,1,5,False,1000,1000
5689,54,betCent,10,0.5545382165605095,0,19,None,66,1,5,False,1000,1000
5690,50,betCent,10,0.5972332802547771,0,21,None,66,1,5,False,1000,1000
5691,51,betCent,10,0.602906050955414,0,21,None,66,1,5,False,1000,1000
5692,52,betCent,10,0.6075835987261147,0,21,None,66,1,5,False,1000,1000
5693,53,betCent,10,0.6108678343949044,0,21,None,66,1,5,False,1000,1000
5694,54,betCent,10,0.6128582802547771,0,21,None,66,1,5,False,1000,1000
5695,50,betCent,10,0.4789012738853503,0,31,None,66,1,5,False,1000,1000
5696,51,betCent,10,0.4887539808917197,0,31,None,66,1,5,False,1000,1000
5697,52,betCent,10,0.496218152866242,0,31,None,66,1,5,False,1000,1000
5698,53,betCent,10,0.5039808917197452,0,31,None,66,1,5,False,1000,1000
5699,54,betCent,10,0.5125398089171974,0,31,None,66,1,5,False,1000,1000
5700,50,betCent,10,0.6215167197452229,0,18,None,66,1,5,False,1000,1000
5701,51,betCent,10,0.6277866242038217,0,18,None,66,1,5,False,1000,1000
5702,52,betCent,10,0.6327627388535032,0,18,None,66,1,5,False,1000,1000
5703,53,betCent,10,0.6373407643312102,0,18,None,66,1,5,False,1000,1000
5704,54,betCent,10,0.6424164012738853,0,18,None,66,1,5,False,1000,1000
5705,50,betCent,10,0.586484872611465,0,30,None,66,1,5,False,1000,1000
5706,51,betCent,10,0.5911624203821656,0,30,None,66,1,5,False,1000,1000
5707,52,betCent,10,0.5939490445859873,0,30,None,66,1,5,False,1000,1000
5708,53,betCent,10,0.5972332802547771,0,30,None,66,1,5,False,1000,1000
5709,54,betCent,10,0.5989251592356688,0,30,None,66,1,5,False,1000,1000
5710,50,betCent,10,0.6081807324840764,0,27,None,66,1,5,False,1000,1000
5711,51,betCent,10,0.6135549363057324,0,27,None,66,1,5,False,1000,1000
5712,52,betCent,10,0.6180334394904459,0,27,None,66,1,5,False,1000,1000
5713,53,betCent,10,0.6233081210191083,0,27,None,66,1,5,False,1000,1000
5714,54,betCent,10,0.6278861464968153,0,27,None,66,1,5,False,1000,1000
5715,50,betCent,10,0.5648885350318471,0,14,None,66,1,5,False,1000,1000
5716,51,betCent,10,0.5768312101910829,0,14,None,66,1,5,False,1000,1000
5717,52,betCent,10,0.5875796178343949,0,14,None,66,1,5,False,1000,1000
5718,53,betCent,10,0.5959394904458599,0,14,None,66,1,5,False,1000,1000
5719,54,betCent,10,0.6052945859872612,0,14,None,66,1,5,False,1000,1000
5720,50,betCent,10,0.5914609872611465,0,29,None,66,1,5,False,1000,1000
5721,51,betCent,10,0.5945461783439491,0,29,None,66,1,5,False,1000,1000
5722,52,betCent,10,0.5980294585987261,0,29,None,66,1,5,False,1000,1000
5723,53,betCent,10,0.6030055732484076,0,29,None,66,1,5,False,1000,1000
5724,54,betCent,10,0.6068869426751592,0,29,None,66,1,5,False,1000,1000
5725,50,betCent,10,0.6265923566878981,0,0,None,66,1,5,False,1000,1000
5726,51,betCent,10,0.6374402866242038,0,0,None,66,1,5,False,1000,1000
5727,52,betCent,10,0.645203025477707,0,0,None,66,1,5,False,1000,1000
5728,53,betCent,10,0.6509753184713376,0,0,None,66,1,5,False,1000,1000
5729,54,betCent,10,0.6555533439490446,0,0,None,66,1,5,False,1000,1000
5730,50,betCent,10,0.6024084394904459,0,10,None,66,1,5,False,1000,1000
5731,51,betCent,10,0.6046974522292994,0,10,None,66,1,5,False,1000,1000
5732,52,betCent,10,0.6077826433121019,0,10,None,66,1,5,False,1000,1000
5733,53,betCent,10,0.6096735668789809,0,10,None,66,1,5,False,1000,1000
5734,54,betCent,10,0.6127587579617835,0,10,None,66,1,5,False,1000,1000
5735,50,betCent,10,0.5838972929936306,0,11,None,66,1,5,False,1000,1000
5736,51,betCent,10,0.5867834394904459,0,11,None,66,1,5,False,1000,1000
5737,52,betCent,10,0.5913614649681529,0,11,None,66,1,5,False,1000,1000
5738,53,betCent,10,0.5957404458598726,0,11,None,66,1,5,False,1000,1000
5739,54,betCent,10,0.5988256369426752,0,11,None,66,1,5,False,1000,1000
5740,50,betCent,10,0.6226114649681529,0,3,None,66,1,5,False,1000,1000
5741,51,betCent,10,0.6296775477707006,0,3,None,66,1,5,False,1000,1000
5742,52,betCent,10,0.6347531847133758,0,3,None,66,1,5,False,1000,1000
5743,53,betCent,10,0.6400278662420382,0,3,None,66,1,5,False,1000,1000
5744,54,betCent,10,0.6443073248407644,0,3,None,66,1,5,False,1000,1000
5745,50,betCent,10,0.6272890127388535,0,17,None,66,1,5,False,1000,1000
5746,51,betCent,10,0.6325636942675159,0,17,None,66,1,5,False,1000,1000
5747,52,betCent,10,0.636046974522293,0,17,None,66,1,5,False,1000,1000
5748,53,betCent,10,0.6381369426751592,0,17,None,66,1,5,False,1000,1000
5749,54,betCent,10,0.640625,0,17,None,66,1,5,False,1000,1000
5750,50,betCent,10,0.6338574840764332,0,25,None,66,1,5,False,1000,1000
5751,51,betCent,10,0.6378383757961783,0,25,None,66,1,5,False,1000,1000
5752,52,betCent,10,0.6416202229299363,0,25,None,66,1,5,False,1000,1000
5753,53,betCent,10,0.6445063694267515,0,25,None,66,1,5,False,1000,1000
5754,54,betCent,10,0.6471934713375797,0,25,None,66,1,5,False,1000,1000
5755,50,betCent,10,0.6118630573248408,0,9,None,66,1,5,False,1000,1000
5756,51,betCent,10,0.6153463375796179,0,9,None,66,1,5,False,1000,1000
5757,52,betCent,10,0.6172372611464968,0,9,None,66,1,5,False,1000,1000
5758,53,betCent,10,0.6182324840764332,0,9,None,66,1,5,False,1000,1000
5759,54,betCent,10,0.6201234076433121,0,9,None,66,1,5,False,1000,1000
5760,50,betCent,10,0.5878781847133758,0,12,None,66,1,5,False,1000,1000
5761,51,betCent,10,0.5907643312101911,0,12,None,66,1,5,False,1000,1000
5762,52,betCent,10,0.5928542993630573,0,12,None,66,1,5,False,1000,1000
5763,53,betCent,10,0.5950437898089171,0,12,None,66,1,5,False,1000,1000
5764,54,betCent,10,0.5969347133757962,0,12,None,66,1,5,False,1000,1000
5765,50,betCent,10,0.5953423566878981,0,6,None,66,1,5,False,1000,1000
5766,51,betCent,10,0.5988256369426752,0,6,None,66,1,5,False,1000,1000
5767,52,betCent,10,0.6035031847133758,0,6,None,66,1,5,False,1000,1000
5768,53,betCent,10,0.6068869426751592,0,6,None,66,1,5,False,1000,1000
5769,54,betCent,10,0.6110668789808917,0,6,None,66,1,5,False,1000,1000
5770,50,betCent,10,0.5973328025477707,0,26,None,66,1,5,False,1000,1000
5771,51,betCent,10,0.6008160828025477,0,26,None,66,1,5,False,1000,1000
5772,52,betCent,10,0.6040007961783439,0,26,None,66,1,5,False,1000,1000
5773,53,betCent,10,0.6078821656050956,0,26,None,66,1,5,False,1000,1000
5774,54,betCent,10,0.6103702229299363,0,26,None,66,1,5,False,1000,1000
7590,55,betCent,10,0.5133359872611465,0,1,None,66,1,5,False,1000,1000
7591,56,betCent,10,0.5230891719745223,0,1,None,66,1,5,False,1000,1000
7592,57,betCent,10,0.5321457006369427,0,1,None,66,1,5,False,1000,1000
7593,58,betCent,10,0.5386146496815286,0,1,None,66,1,5,False,1000,1000
7594,59,betCent,10,0.5453821656050956,0,1,None,66,1,5,False,1000,1000
7595,55,betCent,10,0.5974323248407644,0,13,None,66,1,5,False,1000,1000
7596,56,betCent,10,0.6004179936305732,0,13,None,66,1,5,False,1000,1000
7597,57,betCent,10,0.6041998407643312,0,13,None,66,1,5,False,1000,1000
7598,58,betCent,10,0.6072850318471338,0,13,None,66,1,5,False,1000,1000
7599,59,betCent,10,0.6124601910828026,0,13,None,66,1,5,False,1000,1000
7600,55,betCent,10,0.5572253184713376,0,19,None,66,1,5,False,1000,1000
7601,56,betCent,10,0.5601114649681529,0,19,None,66,1,5,False,1000,1000
7602,57,betCent,10,0.5622014331210191,0,19,None,66,1,5,False,1000,1000
7603,58,betCent,10,0.5654856687898089,0,19,None,66,1,5,False,1000,1000
7604,59,betCent,10,0.5693670382165605,0,19,None,66,1,5,False,1000,1000
7605,55,betCent,10,0.6106687898089171,0,22,None,66,1,5,False,1000,1000
7606,56,betCent,10,0.6137539808917197,0,22,None,66,1,5,False,1000,1000
7607,57,betCent,10,0.6165406050955414,0,22,None,66,1,5,False,1000,1000
7608,58,betCent,10,0.6188296178343949,0,22,None,66,1,5,False,1000,1000
7609,59,betCent,10,0.6218152866242038,0,22,None,66,1,5,False,1000,1000
7610,55,betCent,10,0.6008160828025477,0,14,None,66,1,5,False,1000,1000
7611,56,betCent,10,0.6090764331210191,0,14,None,66,1,5,False,1000,1000
7612,57,betCent,10,0.6153463375796179,0,14,None,66,1,5,False,1000,1000
7613,58,betCent,10,0.6219148089171974,0,14,None,66,1,5,False,1000,1000
7614,59,betCent,10,0.6265923566878981,0,14,None,66,1,5,False,1000,1000
7615,55,betCent,10,0.6442078025477707,0,23,None,66,1,5,False,1000,1000
7616,56,betCent,10,0.6447054140127388,0,23,None,66,1,5,False,1000,1000
7617,57,betCent,10,0.6460987261146497,0,23,None,66,1,5,False,1000,1000
7618,58,betCent,10,0.6483877388535032,0,23,None,66,1,5,False,1000,1000
7619,59,betCent,10,0.6507762738853503,0,23,None,66,1,5,False,1000,1000
7620,55,betCent,10,0.6161425159235668,0,21,None,66,1,5,False,1000,1000
7621,56,betCent,10,0.6181329617834395,0,21,None,66,1,5,False,1000,1000
7622,57,betCent,10,0.618531050955414,0,21,None,66,1,5,False,1000,1000
7623,58,betCent,10,0.6186305732484076,0,21,None,66,1,5,False,1000,1000
7624,59,betCent,10,0.6195262738853503,0,21,None,66,1,5,False,1000,1000
7625,55,betCent,10,0.6499800955414012,0,25,None,66,1,5,False,1000,1000
7626,56,betCent,10,0.6522691082802548,0,25,None,66,1,5,False,1000,1000
7627,57,betCent,10,0.6548566878980892,0,25,None,66,1,5,False,1000,1000
7628,58,betCent,10,0.6578423566878981,0,25,None,66,1,5,False,1000,1000
7629,59,betCent,10,0.6597332802547771,0,25,None,66,1,5,False,1000,1000
7630,55,betCent,10,0.6126592356687898,0,26,None,66,1,5,False,1000,1000
7631,56,betCent,10,0.6147492038216561,0,26,None,66,1,5,False,1000,1000
7632,57,betCent,10,0.616640127388535,0,26,None,66,1,5,False,1000,1000
7633,58,betCent,10,0.6198248407643312,0,26,None,66,1,5,False,1000,1000
7634,59,betCent,10,0.6219148089171974,0,26,None,66,1,5,False,1000,1000
7635,55,betCent,10,0.634952229299363,0,24,None,66,1,5,False,1000,1000
7636,56,betCent,10,0.638734076433121,0,24,None,66,1,5,False,1000,1000
7637,57,betCent,10,0.6427149681528662,0,24,None,66,1,5,False,1000,1000
7638,58,betCent,10,0.6479896496815286,0,24,None,66,1,5,False,1000,1000
7639,59,betCent,10,0.6512738853503185,0,24,None,66,1,5,False,1000,1000
7640,55,betCent,10,0.6083797770700637,0,29,None,66,1,5,False,1000,1000
7641,56,betCent,10,0.6129578025477707,0,29,None,66,1,5,False,1000,1000
7642,57,betCent,10,0.6183320063694268,0,29,None,66,1,5,False,1000,1000
7643,58,betCent,10,0.622312898089172,0,29,None,66,1,5,False,1000,1000
7644,59,betCent,10,0.6274880573248408,0,29,None,66,1,5,False,1000,1000
7645,55,betCent,10,0.6015127388535032,0,30,None,66,1,5,False,1000,1000
7646,56,betCent,10,0.6028065286624203,0,30,None,66,1,5,False,1000,1000
7647,57,betCent,10,0.604796974522293,0,30,None,66,1,5,False,1000,1000
7648,58,betCent,10,0.6057921974522293,0,30,None,66,1,5,False,1000,1000
7649,59,betCent,10,0.6077826433121019,0,30,None,66,1,5,False,1000,1000
7650,55,betCent,10,0.6178343949044586,0,6,None,66,1,5,False,1000,1000
7651,56,betCent,10,0.6211186305732485,0,6,None,66,1,5,False,1000,1000
7652,57,betCent,10,0.6259952229299363,0,6,None,66,1,5,False,1000,1000
7653,58,betCent,10,0.6315684713375797,0,6,None,66,1,5,False,1000,1000
7654,59,betCent,10,0.637937898089172,0,6,None,66,1,5,False,1000,1000
7655,55,betCent,10,0.4919386942675159,0,31,None,66,1,5,False,1000,1000
7656,56,betCent,10,0.5007961783439491,0,31,None,66,1,5,False,1000,1000
7657,57,betCent,10,0.511046974522293,0,31,None,66,1,5,False,1000,1000
7658,58,betCent,10,0.519406847133758,0,31,None,66,1,5,False,1000,1000
7659,59,betCent,10,0.5291600318471338,0,31,None,66,1,5,False,1000,1000
7660,55,betCent,10,0.6293789808917197,0,27,None,66,1,5,False,1000,1000
7661,56,betCent,10,0.6334593949044586,0,27,None,66,1,5,False,1000,1000
7662,57,betCent,10,0.6383359872611465,0,27,None,66,1,5,False,1000,1000
7663,58,betCent,10,0.6432125796178344,0,27,None,66,1,5,False,1000,1000
7664,59,betCent,10,0.6474920382165605,0,27,None,66,1,5,False,1000,1000
7665,55,betCent,10,0.6512738853503185,0,32,None,66,1,5,False,1000,1000
7666,56,betCent,10,0.6527667197452229,0,32,None,66,1,5,False,1000,1000
7667,57,betCent,10,0.654359076433121,0,32,None,66,1,5,False,1000,1000
7668,58,betCent,10,0.6567476114649682,0,32,None,66,1,5,False,1000,1000
7669,59,betCent,10,0.6584394904458599,0,32,None,66,1,5,False,1000,1000
7670,55,betCent,10,0.6351512738853503,0,16,None,66,1,5,False,1000,1000
7671,56,betCent,10,0.6376393312101911,0,16,None,66,1,5,False,1000,1000
7672,57,betCent,10,0.6414211783439491,0,16,None,66,1,5,False,1000,1000
7673,58,betCent,10,0.6440087579617835,0,16,None,66,1,5,False,1000,1000
7674,59,betCent,10,0.6465963375796179,0,16,None,66,1,5,False,1000,1000
7675,55,betCent,10,0.6146496815286624,0,8,None,66,1,5,False,1000,1000
7676,56,betCent,10,0.6172372611464968,0,8,None,66,1,5,False,1000,1000
7677,57,betCent,10,0.6199243630573248,0,8,None,66,1,5,False,1000,1000
7678,58,betCent,10,0.6230095541401274,0,8,None,66,1,5,False,1000,1000
7679,59,betCent,10,0.6256966560509554,0,8,None,66,1,5,False,1000,1000
7680,55,betCent,10,0.6232085987261147,0,2,None,66,1,5,False,1000,1000
7681,56,betCent,10,0.6249004777070064,0,2,None,66,1,5,False,1000,1000
7682,57,betCent,10,0.6273885350318471,0,2,None,66,1,5,False,1000,1000
7683,58,betCent,10,0.6302746815286624,0,2,None,66,1,5,False,1000,1000
7684,59,betCent,10,0.634952229299363,0,2,None,66,1,5,False,1000,1000
7685,55,betCent,10,0.6599323248407644,0,0,None,66,1,5,False,1000,1000
7686,56,betCent,10,0.6598328025477707,0,0,None,66,1,5,False,1000,1000
7687,57,betCent,10,0.662718949044586,0,0,None,66,1,5,False,1000,1000
7688,58,betCent,10,0.6641122611464968,0,0,None,66,1,5,False,1000,1000
7689,59,betCent,10,0.6663017515923567,0,0,None,66,1,5,False,1000,1000
7690,55,betCent,10,0.6473925159235668,0,3,None,66,1,5,False,1000,1000
7691,56,betCent,10,0.6521695859872612,0,3,None,66,1,5,False,1000,1000
7692,57,betCent,10,0.65515525477707,0,3,None,66,1,5,False,1000,1000
7693,58,betCent,10,0.658140923566879,0,3,None,66,1,5,False,1000,1000
7694,59,betCent,10,0.6610270700636943,0,3,None,66,1,5,False,1000,1000
7695,55,betCent,10,0.6421178343949044,0,4,None,66,1,5,False,1000,1000
7696,56,betCent,10,0.6459992038216561,0,4,None,66,1,5,False,1000,1000
7697,57,betCent,10,0.6476910828025477,0,4,None,66,1,5,False,1000,1000
7698,58,betCent,10,0.6509753184713376,0,4,None,66,1,5,False,1000,1000
7699,59,betCent,10,0.6545581210191083,0,4,None,66,1,5,False,1000,1000
7700,55,betCent,10,0.6250995222929936,0,5,None,66,1,5,False,1000,1000
7701,56,betCent,10,0.6274880573248408,0,5,None,66,1,5,False,1000,1000
7702,57,betCent,10,0.6308718152866242,0,5,None,66,1,5,False,1000,1000
7703,58,betCent,10,0.6336584394904459,0,5,None,66,1,5,False,1000,1000
7704,59,betCent,10,0.6367436305732485,0,5,None,66,1,5,False,1000,1000
7705,55,betCent,10,0.64171974522293,0,7,None,66,1,5,False,1000,1000
7706,56,betCent,10,0.6457006369426752,0,7,None,66,1,5,False,1000,1000
7707,57,betCent,10,0.6476910828025477,0,7,None,66,1,5,False,1000,1000
7708,58,betCent,10,0.6490843949044586,0,7,None,66,1,5,False,1000,1000
7709,59,betCent,10,0.6503781847133758,0,7,None,66,1,5,False,1000,1000
7710,55,betCent,10,0.6220143312101911,0,9,None,66,1,5,False,1000,1000
7711,56,betCent,10,0.6247014331210191,0,9,None,66,1,5,False,1000,1000
7712,57,betCent,10,0.6272890127388535,0,9,None,66,1,5,False,1000,1000
7713,58,betCent,10,0.6291799363057324,0,9,None,66,1,5,False,1000,1000
7714,59,betCent,10,0.6323646496815286,0,9,None,66,1,5,False,1000,1000
7715,55,betCent,10,0.6144506369426752,0,10,None,66,1,5,False,1000,1000
7716,56,betCent,10,0.6173367834394905,0,10,None,66,1,5,False,1000,1000
7717,57,betCent,10,0.6197253184713376,0,10,None,66,1,5,False,1000,1000
7718,58,betCent,10,0.622312898089172,0,10,None,66,1,5,False,1000,1000
7719,59,betCent,10,0.6248009554140127,0,10,None,66,1,5,False,1000,1000
7720,55,betCent,10,0.6027070063694268,0,11,None,66,1,5,False,1000,1000
7721,56,betCent,10,0.6051950636942676,0,11,None,66,1,5,False,1000,1000
7722,57,betCent,10,0.6071855095541401,0,11,None,66,1,5,False,1000,1000
7723,58,betCent,10,0.6092754777070064,0,11,None,66,1,5,False,1000,1000
7724,59,betCent,10,0.6113654458598726,0,11,None,66,1,5,False,1000,1000
7725,55,betCent,10,0.5996218152866242,0,12,None,66,1,5,False,1000,1000
7726,56,betCent,10,0.6013136942675159,0,12,None,66,1,5,False,1000,1000
7727,57,betCent,10,0.6018113057324841,0,12,None,66,1,5,False,1000,1000
7728,58,betCent,10,0.6043988853503185,0,12,None,66,1,5,False,1000,1000
7729,59,betCent,10,0.606687898089172,0,12,None,66,1,5,False,1000,1000
7730,55,betCent,10,0.6169386942675159,0,15,None,66,1,5,False,1000,1000
7731,56,betCent,10,0.6184315286624203,0,15,None,66,1,5,False,1000,1000
7732,57,betCent,10,0.6211186305732485,0,15,None,66,1,5,False,1000,1000
7733,58,betCent,10,0.6241042993630573,0,15,None,66,1,5,False,1000,1000
7734,59,betCent,10,0.6257961783439491,0,15,None,66,1,5,False,1000,1000
7735,55,betCent,10,0.6438097133757962,0,17,None,66,1,5,False,1000,1000
7736,56,betCent,10,0.6465963375796179,0,17,None,66,1,5,False,1000,1000
7737,57,betCent,10,0.6473925159235668,0,17,None,66,1,5,False,1000,1000
7738,58,betCent,10,0.6482882165605095,0,17,None,66,1,5,False,1000,1000
7739,59,betCent,10,0.6498805732484076,0,17,None,66,1,5,False,1000,1000
7740,55,betCent,10,0.6471934713375797,0,18,None,66,1,5,False,1000,1000
7741,56,betCent,10,0.6500796178343949,0,18,None,66,1,5,False,1000,1000
7742,57,betCent,10,0.653562898089172,0,18,None,66,1,5,False,1000,1000
7743,58,betCent,10,0.6569466560509554,0,18,None,66,1,5,False,1000,1000
7744,59,betCent,10,0.6595342356687898,0,18,None,66,1,5,False,1000,1000
7745,55,betCent,10,0.6170382165605095,0,20,None,66,1,5,False,1000,1000
7746,56,betCent,10,0.6189291401273885,0,20,None,66,1,5,False,1000,1000
7747,57,betCent,10,0.6210191082802548,0,20,None,66,1,5,False,1000,1000
7748,58,betCent,10,0.6232085987261147,0,20,None,66,1,5,False,1000,1000
7749,59,betCent,10,0.6259952229299363,0,20,None,66,1,5,False,1000,1000
7750,55,betCent,10,0.6388335987261147,0,28,None,66,1,5,False,1000,1000
7751,56,betCent,10,0.6424164012738853,0,28,None,66,1,5,False,1000,1000
7752,57,betCent,10,0.6450039808917197,0,28,None,66,1,5,False,1000,1000
7753,58,betCent,10,0.6460987261146497,0,28,None,66,1,5,False,1000,1000
7754,59,betCent,10,0.6475915605095541,0,28,None,66,1,5,False,1000,1000
7755,60,betCent,10,0.5114450636942676,0,1,None,66,1,5,False,1000,1000
7756,61,betCent,10,0.5244824840764332,0,1,None,66,1,5,False,1000,1000
7757,62,betCent,10,0.5365246815286624,0,1,None,66,1,5,False,1000,1000
7758,63,betCent,10,0.544984076433121,0,1,None,66,1,5,False,1000,1000
7759,64,betCent,10,0.5539410828025477,0,1,None,66,1,5,False,1000,1000
7760,60,betCent,10,0.6249004777070064,0,29,None,66,1,5,False,1000,1000
7761,61,betCent,10,0.6302746815286624,0,29,None,66,1,5,False,1000,1000
7762,62,betCent,10,0.6361464968152867,0,29,None,66,1,5,False,1000,1000
7763,63,betCent,10,0.6422173566878981,0,29,None,66,1,5,False,1000,1000
7764,64,betCent,10,0.6481886942675159,0,29,None,66,1,5,False,1000,1000
7765,60,betCent,10,0.6133558917197452,0,13,None,66,1,5,False,1000,1000
7766,61,betCent,10,0.6171377388535032,0,13,None,66,1,5,False,1000,1000
7767,62,betCent,10,0.6194267515923567,0,13,None,66,1,5,False,1000,1000
7768,63,betCent,10,0.6220143312101911,0,13,None,66,1,5,False,1000,1000
7769,64,betCent,10,0.6244028662420382,0,13,None,66,1,5,False,1000,1000
7770,60,betCent,10,0.6101711783439491,0,30,None,66,1,5,False,1000,1000
7771,61,betCent,10,0.6108678343949044,0,30,None,66,1,5,False,1000,1000
7772,62,betCent,10,0.6117635350318471,0,30,None,66,1,5,False,1000,1000
7773,63,betCent,10,0.6140525477707006,0,30,None,66,1,5,False,1000,1000
7774,64,betCent,10,0.6146496815286624,0,30,None,66,1,5,False,1000,1000
7775,60,betCent,10,0.6500796178343949,0,16,None,66,1,5,False,1000,1000
7776,61,betCent,10,0.6526671974522293,0,16,None,66,1,5,False,1000,1000
7777,62,betCent,10,0.6547571656050956,0,16,None,66,1,5,False,1000,1000
7778,63,betCent,10,0.6569466560509554,0,16,None,66,1,5,False,1000,1000
7779,64,betCent,10,0.6586385350318471,0,16,None,66,1,5,False,1000,1000
7780,60,betCent,10,0.6240047770700637,0,14,None,66,1,5,False,1000,1000
7781,61,betCent,10,0.629578025477707,0,14,None,66,1,5,False,1000,1000
7782,62,betCent,10,0.6351512738853503,0,14,None,66,1,5,False,1000,1000
7783,63,betCent,10,0.6386345541401274,0,14,None,66,1,5,False,1000,1000
7784,64,betCent,10,0.6400278662420382,0,14,None,66,1,5,False,1000,1000
7785,60,betCent,10,0.6620222929936306,0,25,None,66,1,5,False,1000,1000
7786,61,betCent,10,0.6653065286624203,0,25,None,66,1,5,False,1000,1000
7787,62,betCent,10,0.667296974522293,0,25,None,66,1,5,False,1000,1000
7788,63,betCent,10,0.6695859872611465,0,25,None,66,1,5,False,1000,1000
7789,64,betCent,10,0.671875,0,25,None,66,1,5,False,1000,1000
7790,60,betCent,10,0.6413216560509554,0,2,None,66,1,5,False,1000,1000
7791,61,betCent,10,0.6461982484076433,0,2,None,66,1,5,False,1000,1000
7792,62,betCent,10,0.648984872611465,0,2,None,66,1,5,False,1000,1000
7793,63,betCent,10,0.652468152866242,0,2,None,66,1,5,False,1000,1000
7794,64,betCent,10,0.6548566878980892,0,2,None,66,1,5,False,1000,1000
7795,60,betCent,10,0.6397292993630573,0,5,None,66,1,5,False,1000,1000
7796,61,betCent,10,0.642515923566879,0,5,None,66,1,5,False,1000,1000
7797,62,betCent,10,0.6447054140127388,0,5,None,66,1,5,False,1000,1000
7798,63,betCent,10,0.6473925159235668,0,5,None,66,1,5,False,1000,1000
7799,64,betCent,10,0.6510748407643312,0,5,None,66,1,5,False,1000,1000
7800,60,betCent,10,0.6517714968152867,0,7,None,66,1,5,False,1000,1000
7801,61,betCent,10,0.6537619426751592,0,7,None,66,1,5,False,1000,1000
7802,62,betCent,10,0.6563495222929936,0,7,None,66,1,5,False,1000,1000
7803,63,betCent,10,0.6582404458598726,0,7,None,66,1,5,False,1000,1000
7804,64,betCent,10,0.6610270700636943,0,7,None,66,1,5,False,1000,1000
7805,60,betCent,10,0.6284832802547771,0,15,None,66,1,5,False,1000,1000
7806,61,betCent,10,0.6311703821656051,0,15,None,66,1,5,False,1000,1000
7807,62,betCent,10,0.6326632165605095,0,15,None,66,1,5,False,1000,1000
7808,63,betCent,10,0.6345541401273885,0,15,None,66,1,5,False,1000,1000
7809,64,betCent,10,0.634952229299363,0,15,None,66,1,5,False,1000,1000
7810,60,betCent,10,0.6315684713375797,0,9,None,66,1,5,False,1000,1000
7811,61,betCent,10,0.6332603503184714,0,9,None,66,1,5,False,1000,1000
7812,62,betCent,10,0.6353503184713376,0,9,None,66,1,5,False,1000,1000
7813,63,betCent,10,0.6371417197452229,0,9,None,66,1,5,False,1000,1000
7814,64,betCent,10,0.638734076433121,0,9,None,66,1,5,False,1000,1000
7815,60,betCent,10,0.6536624203821656,0,28,None,66,1,5,False,1000,1000
7816,61,betCent,10,0.6539609872611465,0,28,None,66,1,5,False,1000,1000
7817,62,betCent,10,0.6552547770700637,0,28,None,66,1,5,False,1000,1000
7818,63,betCent,10,0.6565485668789809,0,28,None,66,1,5,False,1000,1000
7819,64,betCent,10,0.6579418789808917,0,28,None,66,1,5,False,1000,1000
7820,60,betCent,10,0.6225119426751592,0,21,None,66,1,5,False,1000,1000
7821,61,betCent,10,0.6228105095541401,0,21,None,66,1,5,False,1000,1000
7822,62,betCent,10,0.6247014331210191,0,21,None,66,1,5,False,1000,1000
7823,63,betCent,10,0.6252985668789809,0,21,None,66,1,5,False,1000,1000
7824,64,betCent,10,0.6273885350318471,0,21,None,66,1,5,False,1000,1000
7825,60,betCent,10,0.572452229299363,0,19,None,66,1,5,False,1000,1000
7826,61,betCent,10,0.5751393312101911,0,19,None,66,1,5,False,1000,1000
7827,62,betCent,10,0.5764331210191083,0,19,None,66,1,5,False,1000,1000
7828,63,betCent,10,0.580015923566879,0,19,None,66,1,5,False,1000,1000
7829,64,betCent,10,0.5830015923566879,0,19,None,66,1,5,False,1000,1000
7830,60,betCent,10,0.6622213375796179,0,18,None,66,1,5,False,1000,1000
7831,61,betCent,10,0.6641122611464968,0,18,None,66,1,5,False,1000,1000
7832,62,betCent,10,0.6657046178343949,0,18,None,66,1,5,False,1000,1000
7833,63,betCent,10,0.6688893312101911,0,18,None,66,1,5,False,1000,1000
7834,64,betCent,10,0.6713773885350318,0,18,None,66,1,5,False,1000,1000
7835,60,betCent,10,0.6482882165605095,0,27,None,66,1,5,False,1000,1000
7836,61,betCent,10,0.6521695859872612,0,27,None,66,1,5,False,1000,1000
7837,62,betCent,10,0.65515525477707,0,27,None,66,1,5,False,1000,1000
7838,63,betCent,10,0.6572452229299363,0,27,None,66,1,5,False,1000,1000
7839,64,betCent,10,0.6602308917197452,0,27,None,66,1,5,False,1000,1000
7840,60,betCent,10,0.5023885350318471,0,31,None,66,1,5,False,1000,1000
7841,61,betCent,10,0.5146297770700637,0,31,None,66,1,5,False,1000,1000
7842,62,betCent,10,0.524781050955414,0,31,None,66,1,5,False,1000,1000
7843,63,betCent,10,0.53125,0,31,None,66,1,5,False,1000,1000
7844,64,betCent,10,0.539609872611465,0,31,None,66,1,5,False,1000,1000
7845,60,betCent,10,0.6147492038216561,0,11,None,66,1,5,False,1000,1000
7846,61,betCent,10,0.6159434713375797,0,11,None,66,1,5,False,1000,1000
7847,62,betCent,10,0.6182324840764332,0,11,None,66,1,5,False,1000,1000
7848,63,betCent,10,0.6200238853503185,0,11,None,66,1,5,False,1000,1000
7849,64,betCent,10,0.6220143312101911,0,11,None,66,1,5,False,1000,1000
7850,60,betCent,10,0.6536624203821656,0,17,None,66,1,5,False,1000,1000
7851,61,betCent,10,0.6546576433121019,0,17,None,66,1,5,False,1000,1000
7852,62,betCent,10,0.6552547770700637,0,17,None,66,1,5,False,1000,1000
7853,63,betCent,10,0.6574442675159236,0,17,None,66,1,5,False,1000,1000
7854,64,betCent,10,0.6586385350318471,0,17,None,66,1,5,False,1000,1000
7855,60,betCent,10,0.6512738853503185,0,24,None,66,1,5,False,1000,1000
7856,61,betCent,10,0.6539609872611465,0,24,None,66,1,5,False,1000,1000
7857,62,betCent,10,0.6570461783439491,0,24,None,66,1,5,False,1000,1000
7858,63,betCent,10,0.6613256369426752,0,24,None,66,1,5,False,1000,1000
7859,64,betCent,10,0.6639132165605095,0,24,None,66,1,5,False,1000,1000
7860,60,betCent,10,0.6238057324840764,0,26,None,66,1,5,False,1000,1000
7861,61,betCent,10,0.6258957006369427,0,26,None,66,1,5,False,1000,1000
7862,62,betCent,10,0.6272890127388535,0,26,None,66,1,5,False,1000,1000
7863,63,betCent,10,0.6296775477707006,0,26,None,66,1,5,False,1000,1000
7864,64,betCent,10,0.6312699044585988,0,26,None,66,1,5,False,1000,1000
7865,60,betCent,10,0.6090764331210191,0,12,None,66,1,5,False,1000,1000
7866,61,betCent,10,0.6110668789808917,0,12,None,66,1,5,False,1000,1000
7867,62,betCent,10,0.6137539808917197,0,12,None,66,1,5,False,1000,1000
7868,63,betCent,10,0.6155453821656051,0,12,None,66,1,5,False,1000,1000
7869,64,betCent,10,0.6182324840764332,0,12,None,66,1,5,False,1000,1000
7870,60,betCent,10,0.6694864649681529,0,0,None,66,1,5,False,1000,1000
7871,61,betCent,10,0.6695859872611465,0,0,None,66,1,5,False,1000,1000
7872,62,betCent,10,0.6727707006369427,0,0,None,66,1,5,False,1000,1000
7873,63,betCent,10,0.673765923566879,0,0,None,66,1,5,False,1000,1000
7874,64,betCent,10,0.6748606687898089,0,0,None,66,1,5,False,1000,1000
7875,60,betCent,10,0.6636146496815286,0,3,None,66,1,5,False,1000,1000
7876,61,betCent,10,0.6663017515923567,0,3,None,66,1,5,False,1000,1000
7877,62,betCent,10,0.6684912420382165,0,3,None,66,1,5,False,1000,1000
7878,63,betCent,10,0.6713773885350318,0,3,None,66,1,5,False,1000,1000
7879,64,betCent,10,0.6743630573248408,0,3,None,66,1,5,False,1000,1000
7880,60,betCent,10,0.658140923566879,0,4,None,66,1,5,False,1000,1000
7881,61,betCent,10,0.6605294585987261,0,4,None,66,1,5,False,1000,1000
7882,62,betCent,10,0.6632165605095541,0,4,None,66,1,5,False,1000,1000
7883,63,betCent,10,0.6658041401273885,0,4,None,66,1,5,False,1000,1000
7884,64,betCent,10,0.6671974522292994,0,4,None,66,1,5,False,1000,1000
7885,60,betCent,10,0.6421178343949044,0,6,None,66,1,5,False,1000,1000
7886,61,betCent,10,0.6459992038216561,0,6,None,66,1,5,False,1000,1000
7887,62,betCent,10,0.6496815286624203,0,6,None,66,1,5,False,1000,1000
7888,63,betCent,10,0.6536624203821656,0,6,None,66,1,5,False,1000,1000
7889,64,betCent,10,0.6558519108280255,0,6,None,66,1,5,False,1000,1000
7890,60,betCent,10,0.6262937898089171,0,8,None,66,1,5,False,1000,1000
7891,61,betCent,10,0.6293789808917197,0,8,None,66,1,5,False,1000,1000
7892,62,betCent,10,0.6332603503184714,0,8,None,66,1,5,False,1000,1000
7893,63,betCent,10,0.6358479299363057,0,8,None,66,1,5,False,1000,1000
7894,64,betCent,10,0.637937898089172,0,8,None,66,1,5,False,1000,1000
7895,60,betCent,10,0.6266918789808917,0,10,None,66,1,5,False,1000,1000
7896,61,betCent,10,0.6300756369426752,0,10,None,66,1,5,False,1000,1000
7897,62,betCent,10,0.6323646496815286,0,10,None,66,1,5,False,1000,1000
7898,63,betCent,10,0.6348527070063694,0,10,None,66,1,5,False,1000,1000
7899,64,betCent,10,0.6378383757961783,0,10,None,66,1,5,False,1000,1000
7900,60,betCent,10,0.6285828025477707,0,20,None,66,1,5,False,1000,1000
7901,61,betCent,10,0.6301751592356688,0,20,None,66,1,5,False,1000,1000
7902,62,betCent,10,0.6311703821656051,0,20,None,66,1,5,False,1000,1000
7903,63,betCent,10,0.6329617834394905,0,20,None,66,1,5,False,1000,1000
7904,64,betCent,10,0.6348527070063694,0,20,None,66,1,5,False,1000,1000
7905,60,betCent,10,0.6241042993630573,0,22,None,66,1,5,False,1000,1000
7906,61,betCent,10,0.6265923566878981,0,22,None,66,1,5,False,1000,1000
7907,62,betCent,10,0.6291799363057324,0,22,None,66,1,5,False,1000,1000
7908,63,betCent,10,0.6316679936305732,0,22,None,66,1,5,False,1000,1000
7909,64,betCent,10,0.6355493630573248,0,22,None,66,1,5,False,1000,1000
7910,60,betCent,10,0.6517714968152867,0,23,None,66,1,5,False,1000,1000
7911,61,betCent,10,0.6521695859872612,0,23,None,66,1,5,False,1000,1000
7912,62,betCent,10,0.6545581210191083,0,23,None,66,1,5,False,1000,1000
7913,63,betCent,10,0.6558519108280255,0,23,None,66,1,5,False,1000,1000
7914,64,betCent,10,0.6576433121019108,0,23,None,66,1,5,False,1000,1000
7915,60,betCent,10,0.6590366242038217,0,32,None,66,1,5,False,1000,1000
7916,61,betCent,10,0.661922770700637,0,32,None,66,1,5,False,1000,1000
7917,62,betCent,10,0.6640127388535032,0,32,None,66,1,5,False,1000,1000
7918,63,betCent,10,0.6659036624203821,0,32,None,66,1,5,False,1000,1000
7919,64,betCent,10,0.667296974522293,0,32,None,66,1,5,False,1000,1000
10065,65,betCent,10,0.6620222929936306,0,16,None,66,1,5,False,1000,1000
10066,66,betCent,10,0.6636146496815286,0,16,None,66,1,5,False,1000,1000
10067,67,betCent,10,0.6657046178343949,0,16,None,66,1,5,False,1000,1000
10068,68,betCent,10,0.6678941082802548,0,16,None,66,1,5,False,1000,1000
10069,69,betCent,10,0.6698845541401274,0,16,None,66,1,5,False,1000,1000
10070,65,betCent,10,0.6385350318471338,0,20,None,66,1,5,False,1000,1000
10071,66,betCent,10,0.6392316878980892,0,20,None,66,1,5,False,1000,1000
10072,67,betCent,10,0.6405254777070064,0,20,None,66,1,5,False,1000,1000
10073,68,betCent,10,0.6420183121019108,0,20,None,66,1,5,False,1000,1000
10074,69,betCent,10,0.6435111464968153,0,20,None,66,1,5,False,1000,1000
10075,65,betCent,10,0.5861863057324841,0,19,None,66,1,5,False,1000,1000
10076,66,betCent,10,0.5883757961783439,0,19,None,66,1,5,False,1000,1000
10077,67,betCent,10,0.589968152866242,0,19,None,66,1,5,False,1000,1000
10078,68,betCent,10,0.5913614649681529,0,19,None,66,1,5,False,1000,1000
10079,69,betCent,10,0.5935509554140127,0,19,None,66,1,5,False,1000,1000
10080,65,betCent,10,0.6384355095541401,0,22,None,66,1,5,False,1000,1000
10081,66,betCent,10,0.642515923566879,0,22,None,66,1,5,False,1000,1000
10082,67,betCent,10,0.6457006369426752,0,22,None,66,1,5,False,1000,1000
10083,68,betCent,10,0.648984872611465,0,22,None,66,1,5,False,1000,1000
10084,69,betCent,10,0.6521695859872612,0,22,None,66,1,5,False,1000,1000
10085,65,betCent,10,0.6620222929936306,0,17,None,66,1,5,False,1000,1000
10086,66,betCent,10,0.6640127388535032,0,17,None,66,1,5,False,1000,1000
10087,67,betCent,10,0.6659036624203821,0,17,None,66,1,5,False,1000,1000
10088,68,betCent,10,0.6660031847133758,0,17,None,66,1,5,False,1000,1000
10089,69,betCent,10,0.6670979299363057,0,17,None,66,1,5,False,1000,1000
10090,65,betCent,10,0.6313694267515924,0,26,None,66,1,5,False,1000,1000
10091,66,betCent,10,0.6336584394904459,0,26,None,66,1,5,False,1000,1000
10092,67,betCent,10,0.6357484076433121,0,26,None,66,1,5,False,1000,1000
10093,68,betCent,10,0.6367436305732485,0,26,None,66,1,5,False,1000,1000
10094,69,betCent,10,0.637937898089172,0,26,None,66,1,5,False,1000,1000
10095,65,betCent,10,0.6197253184713376,0,12,None,66,1,5,False,1000,1000
10096,66,betCent,10,0.6218152866242038,0,12,None,66,1,5,False,1000,1000
10097,67,betCent,10,0.6251990445859873,0,12,None,66,1,5,False,1000,1000
10098,68,betCent,10,0.6274880573248408,0,12,None,66,1,5,False,1000,1000
10099,69,betCent,10,0.6304737261146497,0,12,None,66,1,5,False,1000,1000
10100,65,betCent,10,0.6612261146496815,0,24,None,66,1,5,False,1000,1000
10101,66,betCent,10,0.6640127388535032,0,24,None,66,1,5,False,1000,1000
10102,67,betCent,10,0.6666998407643312,0,24,None,66,1,5,False,1000,1000
10103,68,betCent,10,0.669187898089172,0,24,None,66,1,5,False,1000,1000
10104,69,betCent,10,0.6712778662420382,0,24,None,66,1,5,False,1000,1000
10105,65,betCent,10,0.6628184713375797,0,7,None,66,1,5,False,1000,1000
10106,66,betCent,10,0.6643113057324841,0,7,None,66,1,5,False,1000,1000
10107,67,betCent,10,0.666202229299363,0,7,None,66,1,5,False,1000,1000
10108,68,betCent,10,0.6687898089171974,0,7,None,66,1,5,False,1000,1000
10109,69,betCent,10,0.6700835987261147,0,7,None,66,1,5,False,1000,1000
10110,65,betCent,10,0.6689888535031847,0,32,None,66,1,5,False,1000,1000
10111,66,betCent,10,0.6710788216560509,0,32,None,66,1,5,False,1000,1000
10112,67,betCent,10,0.6730692675159236,0,32,None,66,1,5,False,1000,1000
10113,68,betCent,10,0.6746616242038217,0,32,None,66,1,5,False,1000,1000
10114,69,betCent,10,0.6763535031847133,0,32,None,66,1,5,False,1000,1000
10115,65,betCent,10,0.6728702229299363,0,25,None,66,1,5,False,1000,1000
10116,66,betCent,10,0.6754578025477707,0,25,None,66,1,5,False,1000,1000
10117,67,betCent,10,0.6784434713375797,0,25,None,66,1,5,False,1000,1000
10118,68,betCent,10,0.6813296178343949,0,25,None,66,1,5,False,1000,1000
10119,69,betCent,10,0.6824243630573248,0,25,None,66,1,5,False,1000,1000
10120,65,betCent,10,0.6430135350318471,0,14,None,66,1,5,False,1000,1000
10121,66,betCent,10,0.6459992038216561,0,14,None,66,1,5,False,1000,1000
10122,67,betCent,10,0.6494824840764332,0,14,None,66,1,5,False,1000,1000
10123,68,betCent,10,0.6525676751592356,0,14,None,66,1,5,False,1000,1000
10124,69,betCent,10,0.6548566878980892,0,14,None,66,1,5,False,1000,1000
10125,65,betCent,10,0.5107484076433121,0,1,None,66,1,5,False,1000,1000
10126,66,betCent,10,0.5287619426751592,0,1,None,66,1,5,False,1000,1000
10127,67,betCent,10,0.5438893312101911,0,1,None,66,1,5,False,1000,1000
10128,68,betCent,10,0.5534434713375797,0,1,None,66,1,5,False,1000,1000
10129,69,betCent,10,0.5630971337579618,0,1,None,66,1,5,False,1000,1000
10130,65,betCent,10,0.658937101910828,0,2,None,66,1,5,False,1000,1000
10131,66,betCent,10,0.6621218152866242,0,2,None,66,1,5,False,1000,1000
10132,67,betCent,10,0.6650079617834395,0,2,None,66,1,5,False,1000,1000
10133,68,betCent,10,0.6682921974522293,0,2,None,66,1,5,False,1000,1000
10134,69,betCent,10,0.6706807324840764,0,2,None,66,1,5,False,1000,1000
10135,65,betCent,10,0.6781449044585988,0,0,None,66,1,5,False,1000,1000
10136,66,betCent,10,0.6803343949044586,0,0,None,66,1,5,False,1000,1000
10137,67,betCent,10,0.6820262738853503,0,0,None,66,1,5,False,1000,1000
10138,68,betCent,10,0.6836186305732485,0,0,None,66,1,5,False,1000,1000
10139,69,betCent,10,0.6849124203821656,0,0,None,66,1,5,False,1000,1000
10140,65,betCent,10,0.6513734076433121,0,5,None,66,1,5,False,1000,1000
10141,66,betCent,10,0.6545581210191083,0,5,None,66,1,5,False,1000,1000
10142,67,betCent,10,0.6569466560509554,0,5,None,66,1,5,False,1000,1000
10143,68,betCent,10,0.6593351910828026,0,5,None,66,1,5,False,1000,1000
10144,69,betCent,10,0.6625199044585988,0,5,None,66,1,5,False,1000,1000
10145,65,betCent,10,0.6403264331210191,0,8,None,66,1,5,False,1000,1000
10146,66,betCent,10,0.6435111464968153,0,8,None,66,1,5,False,1000,1000
10147,67,betCent,10,0.6448049363057324,0,8,None,66,1,5,False,1000,1000
10148,68,betCent,10,0.6473925159235668,0,8,None,66,1,5,False,1000,1000
10149,69,betCent,10,0.6488853503184714,0,8,None,66,1,5,False,1000,1000
10150,65,betCent,10,0.6399283439490446,0,9,None,66,1,5,False,1000,1000
10151,66,betCent,10,0.6421178343949044,0,9,None,66,1,5,False,1000,1000
10152,67,betCent,10,0.6445063694267515,0,9,None,66,1,5,False,1000,1000
10153,68,betCent,10,0.6471934713375797,0,9,None,66,1,5,False,1000,1000
10154,69,betCent,10,0.6494824840764332,0,9,None,66,1,5,False,1000,1000
10155,65,betCent,10,0.6252985668789809,0,13,None,66,1,5,False,1000,1000
10156,66,betCent,10,0.6286823248407644,0,13,None,66,1,5,False,1000,1000
10157,67,betCent,10,0.6305732484076433,0,13,None,66,1,5,False,1000,1000
10158,68,betCent,10,0.6346536624203821,0,13,None,66,1,5,False,1000,1000
10159,69,betCent,10,0.6382364649681529,0,13,None,66,1,5,False,1000,1000
10160,65,betCent,10,0.6595342356687898,0,23,None,66,1,5,False,1000,1000
10161,66,betCent,10,0.6615246815286624,0,23,None,66,1,5,False,1000,1000
10162,67,betCent,10,0.662718949044586,0,23,None,66,1,5,False,1000,1000
10163,68,betCent,10,0.6644108280254777,0,23,None,66,1,5,False,1000,1000
10164,69,betCent,10,0.666202229299363,0,23,None,66,1,5,False,1000,1000
10165,65,betCent,10,0.6305732484076433,0,21,None,66,1,5,False,1000,1000
10166,66,betCent,10,0.6325636942675159,0,21,None,66,1,5,False,1000,1000
10167,67,betCent,10,0.634156050955414,0,21,None,66,1,5,False,1000,1000
10168,68,betCent,10,0.6362460191082803,0,21,None,66,1,5,False,1000,1000
10169,69,betCent,10,0.637937898089172,0,21,None,66,1,5,False,1000,1000
10170,65,betCent,10,0.6634156050955414,0,28,None,66,1,5,False,1000,1000
10171,66,betCent,10,0.6644108280254777,0,28,None,66,1,5,False,1000,1000
10172,67,betCent,10,0.6673964968152867,0,28,None,66,1,5,False,1000,1000
10173,68,betCent,10,0.669187898089172,0,28,None,66,1,5,False,1000,1000
10174,69,betCent,10,0.6702826433121019,0,28,None,66,1,5,False,1000,1000
10175,65,betCent,10,0.6436106687898089,0,29,None,66,1,5,False,1000,1000
10176,66,betCent,10,0.6499800955414012,0,29,None,66,1,5,False,1000,1000
10177,67,betCent,10,0.6563495222929936,0,29,None,66,1,5,False,1000,1000
10178,68,betCent,10,0.6612261146496815,0,29,None,66,1,5,False,1000,1000
10179,69,betCent,10,0.6636146496815286,0,29,None,66,1,5,False,1000,1000
10180,65,betCent,10,0.6719745222929936,0,4,None,66,1,5,False,1000,1000
10181,66,betCent,10,0.6733678343949044,0,4,None,66,1,5,False,1000,1000
10182,67,betCent,10,0.6753582802547771,0,4,None,66,1,5,False,1000,1000
10183,68,betCent,10,0.6782444267515924,0,4,None,66,1,5,False,1000,1000
10184,69,betCent,10,0.6794386942675159,0,4,None,66,1,5,False,1000,1000
10185,65,betCent,10,0.676453025477707,0,3,None,66,1,5,False,1000,1000
10186,66,betCent,10,0.6786425159235668,0,3,None,66,1,5,False,1000,1000
10187,67,betCent,10,0.6820262738853503,0,3,None,66,1,5,False,1000,1000
10188,68,betCent,10,0.6853105095541401,0,3,None,66,1,5,False,1000,1000
10189,69,betCent,10,0.6877985668789809,0,3,None,66,1,5,False,1000,1000
10190,65,betCent,10,0.6255971337579618,0,11,None,66,1,5,False,1000,1000
10191,66,betCent,10,0.6265923566878981,0,11,None,66,1,5,False,1000,1000
10192,67,betCent,10,0.6288813694267515,0,11,None,66,1,5,False,1000,1000
10193,68,betCent,10,0.6293789808917197,0,11,None,66,1,5,False,1000,1000
10194,69,betCent,10,0.6312699044585988,0,11,None,66,1,5,False,1000,1000
10195,65,betCent,10,0.6386345541401274,0,10,None,66,1,5,False,1000,1000
10196,66,betCent,10,0.6416202229299363,0,10,None,66,1,5,False,1000,1000
10197,67,betCent,10,0.6448049363057324,0,10,None,66,1,5,False,1000,1000
10198,68,betCent,10,0.6480891719745223,0,10,None,66,1,5,False,1000,1000
10199,69,betCent,10,0.6511743630573248,0,10,None,66,1,5,False,1000,1000
10200,65,betCent,10,0.6391321656050956,0,15,None,66,1,5,False,1000,1000
10201,66,betCent,10,0.6397292993630573,0,15,None,66,1,5,False,1000,1000
10202,67,betCent,10,0.6409235668789809,0,15,None,66,1,5,False,1000,1000
10203,68,betCent,10,0.6438097133757962,0,15,None,66,1,5,False,1000,1000
10204,69,betCent,10,0.6453025477707006,0,15,None,66,1,5,False,1000,1000
10205,65,betCent,10,0.6157444267515924,0,30,None,66,1,5,False,1000,1000
10206,66,betCent,10,0.6167396496815286,0,30,None,66,1,5,False,1000,1000
10207,67,betCent,10,0.6189291401273885,0,30,None,66,1,5,False,1000,1000
10208,68,betCent,10,0.620421974522293,0,30,None,66,1,5,False,1000,1000
10209,69,betCent,10,0.621218152866242,0,30,None,66,1,5,False,1000,1000
10210,65,betCent,10,0.6577428343949044,0,6,None,66,1,5,False,1000,1000
10211,66,betCent,10,0.660828025477707,0,6,None,66,1,5,False,1000,1000
10212,67,betCent,10,0.6645103503184714,0,6,None,66,1,5,False,1000,1000
10213,68,betCent,10,0.6669984076433121,0,6,None,66,1,5,False,1000,1000
10214,69,betCent,10,0.6702826433121019,0,6,None,66,1,5,False,1000,1000
10215,65,betCent,10,0.6738654458598726,0,18,None,66,1,5,False,1000,1000
10216,66,betCent,10,0.675656847133758,0,18,None,66,1,5,False,1000,1000
10217,67,betCent,10,0.6776472929936306,0,18,None,66,1,5,False,1000,1000
10218,68,betCent,10,0.6797372611464968,0,18,None,66,1,5,False,1000,1000
10219,69,betCent,10,0.681827229299363,0,18,None,66,1,5,False,1000,1000
10220,65,betCent,10,0.6609275477707006,0,27,None,66,1,5,False,1000,1000
10221,66,betCent,10,0.663515127388535,0,27,None,66,1,5,False,1000,1000
10222,67,betCent,10,0.6666998407643312,0,27,None,66,1,5,False,1000,1000
10223,68,betCent,10,0.668093152866242,0,27,None,66,1,5,False,1000,1000
10224,69,betCent,10,0.6716759554140127,0,27,None,66,1,5,False,1000,1000
10225,65,betCent,10,0.5153264331210191,0,31,None,66,1,5,False,1000,1000
10226,66,betCent,10,0.5257762738853503,0,31,None,66,1,5,False,1000,1000
10227,67,betCent,10,0.5362261146496815,0,31,None,66,1,5,False,1000,1000
10228,68,betCent,10,0.5444864649681529,0,31,None,66,1,5,False,1000,1000
10229,69,betCent,10,0.5526472929936306,0,31,None,66,1,5,False,1000,1000
10230,70,betCent,10,0.6776472929936306,0,32,None,66,1,5,False,1000,1000
10231,71,betCent,10,0.6797372611464968,0,32,None,66,1,5,False,1000,1000
10232,72,betCent,10,0.6812300955414012,0,32,None,66,1,5,False,1000,1000
10233,73,betCent,10,0.683718152866242,0,32,None,66,1,5,False,1000,1000
10234,74,betCent,10,0.6858081210191083,0,32,None,66,1,5,False,1000,1000
10235,70,betCent,10,0.6841162420382165,0,25,None,66,1,5,False,1000,1000
10236,71,betCent,10,0.6863057324840764,0,25,None,66,1,5,False,1000,1000
10237,72,betCent,10,0.6889928343949044,0,25,None,66,1,5,False,1000,1000
10238,73,betCent,10,0.6917794585987261,0,25,None,66,1,5,False,1000,1000
10239,74,betCent,10,0.6937699044585988,0,25,None,66,1,5,False,1000,1000
10240,70,betCent,10,0.6577428343949044,0,14,None,66,1,5,False,1000,1000
10241,71,betCent,10,0.6598328025477707,0,14,None,66,1,5,False,1000,1000
10242,72,betCent,10,0.6617237261146497,0,14,None,66,1,5,False,1000,1000
10243,73,betCent,10,0.6642117834394905,0,14,None,66,1,5,False,1000,1000
10244,74,betCent,10,0.6657046178343949,0,14,None,66,1,5,False,1000,1000
10245,70,betCent,10,0.6502786624203821,0,22,None,66,1,5,False,1000,1000
10246,71,betCent,10,0.6541600318471338,0,22,None,66,1,5,False,1000,1000
10247,72,betCent,10,0.6567476114649682,0,22,None,66,1,5,False,1000,1000
10248,73,betCent,10,0.6591361464968153,0,22,None,66,1,5,False,1000,1000
10249,74,betCent,10,0.6633160828025477,0,22,None,66,1,5,False,1000,1000
10250,70,betCent,10,0.6392316878980892,0,26,None,66,1,5,False,1000,1000
10251,71,betCent,10,0.6407245222929936,0,26,None,66,1,5,False,1000,1000
10252,72,betCent,10,0.6429140127388535,0,26,None,66,1,5,False,1000,1000
10253,73,betCent,10,0.6449044585987261,0,26,None,66,1,5,False,1000,1000
10254,74,betCent,10,0.6464968152866242,0,26,None,66,1,5,False,1000,1000
10255,70,betCent,10,0.6719745222929936,0,7,None,66,1,5,False,1000,1000
10256,71,betCent,10,0.6742635350318471,0,7,None,66,1,5,False,1000,1000
10257,72,betCent,10,0.6768511146496815,0,7,None,66,1,5,False,1000,1000
10258,73,betCent,10,0.6795382165605095,0,7,None,66,1,5,False,1000,1000
10259,74,betCent,10,0.680234872611465,0,7,None,66,1,5,False,1000,1000
10260,70,betCent,10,0.6303742038216561,0,12,None,66,1,5,False,1000,1000
10261,71,betCent,10,0.6328622611464968,0,12,None,66,1,5,False,1000,1000
10262,72,betCent,10,0.634952229299363,0,12,None,66,1,5,False,1000,1000
10263,73,betCent,10,0.6376393312101911,0,12,None,66,1,5,False,1000,1000
10264,74,betCent,10,0.6411226114649682,0,12,None,66,1,5,False,1000,1000
10265,70,betCent,10,0.6493829617834395,0,15,None,66,1,5,False,1000,1000
10266,71,betCent,10,0.6511743630573248,0,15,None,66,1,5,False,1000,1000
10267,72,betCent,10,0.6531648089171974,0,15,None,66,1,5,False,1000,1000
10268,73,betCent,10,0.6548566878980892,0,15,None,66,1,5,False,1000,1000
10269,74,betCent,10,0.6568471337579618,0,15,None,66,1,5,False,1000,1000
10270,70,betCent,10,0.6471934713375797,0,20,None,66,1,5,False,1000,1000
10271,71,betCent,10,0.6483877388535032,0,20,None,66,1,5,False,1000,1000
10272,72,betCent,10,0.6506767515923567,0,20,None,66,1,5,False,1000,1000
10273,73,betCent,10,0.6523686305732485,0,20,None,66,1,5,False,1000,1000
10274,74,betCent,10,0.6537619426751592,0,20,None,66,1,5,False,1000,1000
10275,70,betCent,10,0.6738654458598726,0,16,None,66,1,5,False,1000,1000
10276,71,betCent,10,0.6755573248407644,0,16,None,66,1,5,False,1000,1000
10277,72,betCent,10,0.677547770700637,0,16,None,66,1,5,False,1000,1000
10278,73,betCent,10,0.6798367834394905,0,16,None,66,1,5,False,1000,1000
10279,74,betCent,10,0.6815286624203821,0,16,None,66,1,5,False,1000,1000
10280,70,betCent,10,0.5971337579617835,0,19,None,66,1,5,False,1000,1000
10281,71,betCent,10,0.6003184713375797,0,19,None,66,1,5,False,1000,1000
10282,72,betCent,10,0.6026074840764332,0,19,None,66,1,5,False,1000,1000
10283,73,betCent,10,0.604796974522293,0,19,None,66,1,5,False,1000,1000
10284,74,betCent,10,0.6069864649681529,0,19,None,66,1,5,False,1000,1000
10285,70,betCent,10,0.6846138535031847,0,18,None,66,1,5,False,1000,1000
10286,71,betCent,10,0.6859076433121019,0,18,None,66,1,5,False,1000,1000
10287,72,betCent,10,0.6876990445859873,0,18,None,66,1,5,False,1000,1000
10288,73,betCent,10,0.6905851910828026,0,18,None,66,1,5,False,1000,1000
10289,74,betCent,10,0.6916799363057324,0,18,None,66,1,5,False,1000,1000
10290,70,betCent,10,0.6670979299363057,0,24,None,66,1,5,False,1000,1000
10291,71,betCent,10,0.6705812101910829,0,24,None,66,1,5,False,1000,1000
10292,72,betCent,10,0.6732683121019108,0,24,None,66,1,5,False,1000,1000
10293,73,betCent,10,0.6755573248407644,0,24,None,66,1,5,False,1000,1000
10294,74,betCent,10,0.679140127388535,0,24,None,66,1,5,False,1000,1000
10295,70,betCent,10,0.523984872611465,0,31,None,66,1,5,False,1000,1000
10296,71,betCent,10,0.5370222929936306,0,31,None,66,1,5,False,1000,1000
10297,72,betCent,10,0.546875,0,31,None,66,1,5,False,1000,1000
10298,73,betCent,10,0.558718152866242,0,31,None,66,1,5,False,1000,1000
10299,74,betCent,10,0.5679737261146497,0,31,None,66,1,5,False,1000,1000
10300,70,betCent,10,0.6226114649681529,0,30,None,66,1,5,False,1000,1000
10301,71,betCent,10,0.6243033439490446,0,30,None,66,1,5,False,1000,1000
10302,72,betCent,10,0.6256966560509554,0,30,None,66,1,5,False,1000,1000
10303,73,betCent,10,0.6266918789808917,0,30,None,66,1,5,False,1000,1000
10304,74,betCent,10,0.6277866242038217,0,30,None,66,1,5,False,1000,1000
10305,70,betCent,10,0.6713773885350318,0,6,None,66,1,5,False,1000,1000
10306,71,betCent,10,0.6750597133757962,0,6,None,66,1,5,False,1000,1000
10307,72,betCent,10,0.6776472929936306,0,6,None,66,1,5,False,1000,1000
10308,73,betCent,10,0.6797372611464968,0,6,None,66,1,5,False,1000,1000
10309,74,betCent,10,0.6830214968152867,0,6,None,66,1,5,False,1000,1000
10310,70,betCent,10,0.6506767515923567,0,10,None,66,1,5,False,1000,1000
10311,71,betCent,10,0.6547571656050956,0,10,None,66,1,5,False,1000,1000
10312,72,betCent,10,0.6575437898089171,0,10,None,66,1,5,False,1000,1000
10313,73,betCent,10,0.661922770700637,0,10,None,66,1,5,False,1000,1000
10314,74,betCent,10,0.6657046178343949,0,10,None,66,1,5,False,1000,1000
10315,70,betCent,10,0.6346536624203821,0,11,None,66,1,5,False,1000,1000
10316,71,betCent,10,0.636046974522293,0,11,None,66,1,5,False,1000,1000
10317,72,betCent,10,0.6373407643312102,0,11,None,66,1,5,False,1000,1000
10318,73,betCent,10,0.6386345541401274,0,11,None,66,1,5,False,1000,1000
10319,74,betCent,10,0.6414211783439491,0,11,None,66,1,5,False,1000,1000
10320,70,betCent,10,0.6705812101910829,0,17,None,66,1,5,False,1000,1000
10321,71,betCent,10,0.6716759554140127,0,17,None,66,1,5,False,1000,1000
10322,72,betCent,10,0.6721735668789809,0,17,None,66,1,5,False,1000,1000
10323,73,betCent,10,0.6735668789808917,0,17,None,66,1,5,False,1000,1000
10324,74,betCent,10,0.6760549363057324,0,17,None,66,1,5,False,1000,1000
10325,70,betCent,10,0.5128383757961783,0,1,None,66,1,5,False,1000,1000
10326,71,betCent,10,0.5347332802547771,0,1,None,66,1,5,False,1000,1000
10327,72,betCent,10,0.5513535031847133,0,1,None,66,1,5,False,1000,1000
10328,73,betCent,10,0.5634952229299363,0,1,None,66,1,5,False,1000,1000
10329,74,betCent,10,0.5732484076433121,0,1,None,66,1,5,False,1000,1000
10330,70,betCent,10,0.6731687898089171,0,2,None,66,1,5,False,1000,1000
10331,71,betCent,10,0.6755573248407644,0,2,None,66,1,5,False,1000,1000
10332,72,betCent,10,0.678343949044586,0,2,None,66,1,5,False,1000,1000
10333,73,betCent,10,0.6804339171974523,0,2,None,66,1,5,False,1000,1000
10334,74,betCent,10,0.6839171974522293,0,2,None,66,1,5,False,1000,1000
10335,70,betCent,10,0.6877985668789809,0,0,None,66,1,5,False,1000,1000
10336,71,betCent,10,0.6884952229299363,0,0,None,66,1,5,False,1000,1000
10337,72,betCent,10,0.6903861464968153,0,0,None,66,1,5,False,1000,1000
10338,73,betCent,10,0.6919785031847133,0,0,None,66,1,5,False,1000,1000
10339,74,betCent,10,0.6932722929936306,0,0,None,66,1,5,False,1000,1000
10340,70,betCent,10,0.6836186305732485,0,4,None,66,1,5,False,1000,1000
10341,71,betCent,10,0.6862062101910829,0,4,None,66,1,5,False,1000,1000
10342,72,betCent,10,0.6875995222929936,0,4,None,66,1,5,False,1000,1000
10343,73,betCent,10,0.6886942675159236,0,4,None,66,1,5,False,1000,1000
10344,74,betCent,10,0.6899880573248408,0,4,None,66,1,5,False,1000,1000
10345,70,betCent,10,0.6883957006369427,0,3,None,66,1,5,False,1000,1000
10346,71,betCent,10,0.6908837579617835,0,3,None,66,1,5,False,1000,1000
10347,72,betCent,10,0.6941679936305732,0,3,None,66,1,5,False,1000,1000
10348,73,betCent,10,0.6975517515923567,0,3,None,66,1,5,False,1000,1000
10349,74,betCent,10,0.6997412420382165,0,3,None,66,1,5,False,1000,1000
10350,70,betCent,10,0.6616242038216561,0,5,None,66,1,5,False,1000,1000
10351,71,betCent,10,0.6653065286624203,0,5,None,66,1,5,False,1000,1000
10352,72,betCent,10,0.6694864649681529,0,5,None,66,1,5,False,1000,1000
10353,73,betCent,10,0.6736664012738853,0,5,None,66,1,5,False,1000,1000
10354,74,betCent,10,0.6769506369426752,0,5,None,66,1,5,False,1000,1000
10355,70,betCent,10,0.6502786624203821,0,8,None,66,1,5,False,1000,1000
10356,71,betCent,10,0.6528662420382165,0,8,None,66,1,5,False,1000,1000
10357,72,betCent,10,0.65515525477707,0,8,None,66,1,5,False,1000,1000
10358,73,betCent,10,0.6570461783439491,0,8,None,66,1,5,False,1000,1000
10359,74,betCent,10,0.660031847133758,0,8,None,66,1,5,False,1000,1000
10360,70,betCent,10,0.6389331210191083,0,13,None,66,1,5,False,1000,1000
10361,71,betCent,10,0.6418192675159236,0,13,None,66,1,5,False,1000,1000
10362,72,betCent,10,0.6443073248407644,0,13,None,66,1,5,False,1000,1000
10363,73,betCent,10,0.6469944267515924,0,13,None,66,1,5,False,1000,1000
10364,74,betCent,10,0.649781050955414,0,13,None,66,1,5,False,1000,1000
10365,70,betCent,10,0.6486863057324841,0,9,None,66,1,5,False,1000,1000
10366,71,betCent,10,0.6506767515923567,0,9,None,66,1,5,False,1000,1000
10367,72,betCent,10,0.6541600318471338,0,9,None,66,1,5,False,1000,1000
10368,73,betCent,10,0.6569466560509554,0,9,None,66,1,5,False,1000,1000
10369,74,betCent,10,0.6599323248407644,0,9,None,66,1,5,False,1000,1000
10370,70,betCent,10,0.6403264331210191,0,21,None,66,1,5,False,1000,1000
10371,71,betCent,10,0.6423168789808917,0,21,None,66,1,5,False,1000,1000
10372,72,betCent,10,0.6438097133757962,0,21,None,66,1,5,False,1000,1000
10373,73,betCent,10,0.6457006369426752,0,21,None,66,1,5,False,1000,1000
10374,74,betCent,10,0.6474920382165605,0,21,None,66,1,5,False,1000,1000
10375,70,betCent,10,0.6682921974522293,0,23,None,66,1,5,False,1000,1000
10376,71,betCent,10,0.6696855095541401,0,23,None,66,1,5,False,1000,1000
10377,72,betCent,10,0.6723726114649682,0,23,None,66,1,5,False,1000,1000
10378,73,betCent,10,0.6735668789808917,0,23,None,66,1,5,False,1000,1000
10379,74,betCent,10,0.6748606687898089,0,23,None,66,1,5,False,1000,1000
10380,70,betCent,10,0.6749601910828026,0,28,None,66,1,5,False,1000,1000
10381,71,betCent,10,0.6765525477707006,0,28,None,66,1,5,False,1000,1000
10382,72,betCent,10,0.6784434713375797,0,28,None,66,1,5,False,1000,1000
10383,73,betCent,10,0.6795382165605095,0,28,None,66,1,5,False,1000,1000
10384,74,betCent,10,0.6807324840764332,0,28,None,66,1,5,False,1000,1000
10385,70,betCent,10,0.6735668789808917,0,27,None,66,1,5,False,1000,1000
10386,71,betCent,10,0.6774482484076433,0,27,None,66,1,5,False,1000,1000
10387,72,betCent,10,0.6797372611464968,0,27,None,66,1,5,False,1000,1000
10388,73,betCent,10,0.681827229299363,0,27,None,66,1,5,False,1000,1000
10389,74,betCent,10,0.6830214968152867,0,27,None,66,1,5,False,1000,1000
10390,70,betCent,10,0.6604299363057324,0,29,None,66,1,5,False,1000,1000
10391,71,betCent,10,0.6665007961783439,0,29,None,66,1,5,False,1000,1000
10392,72,betCent,10,0.671875,0,29,None,66,1,5,False,1000,1000
10393,73,betCent,10,0.6749601910828026,0,29,None,66,1,5,False,1000,1000
10394,74,betCent,10,0.6774482484076433,0,29,None,66,1,5,False,1000,1000
12870,75,betCent,10,0.5189092356687898,0,1,None,66,1,5,False,1000,1000
12871,76,betCent,10,0.5405055732484076,0,1,None,66,1,5,False,1000,1000
12872,77,betCent,10,0.5596138535031847,0,1,None,66,1,5,False,1000,1000
12873,78,betCent,10,0.5731488853503185,0,1,None,66,1,5,False,1000,1000
12874,79,betCent,10,0.5841958598726115,0,1,None,66,1,5,False,1000,1000
12875,75,betCent,10,0.6867038216560509,0,2,None,66,1,5,False,1000,1000
12876,76,betCent,10,0.6881966560509554,0,2,None,66,1,5,False,1000,1000
12877,77,betCent,10,0.6899880573248408,0,2,None,66,1,5,False,1000,1000
12878,78,betCent,10,0.6918789808917197,0,2,None,66,1,5,False,1000,1000
12879,79,betCent,10,0.6946656050955414,0,2,None,66,1,5,False,1000,1000
12880,75,betCent,10,0.6738654458598726,0,5,None,66,1,5,False,1000,1000
12881,76,betCent,10,0.6787420382165605,0,5,None,66,1,5,False,1000,1000
12882,77,betCent,10,0.6835191082802548,0,5,None,66,1,5,False,1000,1000
12883,78,betCent,10,0.6875,0,5,None,66,1,5,False,1000,1000
12884,79,betCent,10,0.6918789808917197,0,5,None,66,1,5,False,1000,1000
12885,75,betCent,10,0.6842157643312102,0,16,None,66,1,5,False,1000,1000
12886,76,betCent,10,0.6861066878980892,0,16,None,66,1,5,False,1000,1000
12887,77,betCent,10,0.6873009554140127,0,16,None,66,1,5,False,1000,1000
12888,78,betCent,10,0.6889928343949044,0,16,None,66,1,5,False,1000,1000
12889,79,betCent,10,0.6905851910828026,0,16,None,66,1,5,False,1000,1000
12890,75,betCent,10,0.6620222929936306,0,8,None,66,1,5,False,1000,1000
12891,76,betCent,10,0.6645103503184714,0,8,None,66,1,5,False,1000,1000
12892,77,betCent,10,0.6658041401273885,0,8,None,66,1,5,False,1000,1000
12893,78,betCent,10,0.6696855095541401,0,8,None,66,1,5,False,1000,1000
12894,79,betCent,10,0.6734673566878981,0,8,None,66,1,5,False,1000,1000
12895,75,betCent,10,0.6570461783439491,0,20,None,66,1,5,False,1000,1000
12896,76,betCent,10,0.6592356687898089,0,20,None,66,1,5,False,1000,1000
12897,77,betCent,10,0.6617237261146497,0,20,None,66,1,5,False,1000,1000
12898,78,betCent,10,0.663515127388535,0,20,None,66,1,5,False,1000,1000
12899,79,betCent,10,0.6659036624203821,0,20,None,66,1,5,False,1000,1000
12900,75,betCent,10,0.6095740445859873,0,19,None,66,1,5,False,1000,1000
12901,76,betCent,10,0.6119625796178344,0,19,None,66,1,5,False,1000,1000
12902,77,betCent,10,0.6138535031847133,0,19,None,66,1,5,False,1000,1000
12903,78,betCent,10,0.6154458598726115,0,19,None,66,1,5,False,1000,1000
12904,79,betCent,10,0.6182324840764332,0,19,None,66,1,5,False,1000,1000
12905,75,betCent,10,0.6693869426751592,0,14,None,66,1,5,False,1000,1000
12906,76,betCent,10,0.6726711783439491,0,14,None,66,1,5,False,1000,1000
12907,77,betCent,10,0.6751592356687898,0,14,None,66,1,5,False,1000,1000
12908,78,betCent,10,0.6766520700636943,0,14,None,66,1,5,False,1000,1000
12909,79,betCent,10,0.6788415605095541,0,14,None,66,1,5,False,1000,1000
12910,75,betCent,10,0.6621218152866242,0,22,None,66,1,5,False,1000,1000
12911,76,betCent,10,0.6655055732484076,0,22,None,66,1,5,False,1000,1000
12912,77,betCent,10,0.6697850318471338,0,22,None,66,1,5,False,1000,1000
12913,78,betCent,10,0.6726711783439491,0,22,None,66,1,5,False,1000,1000
12914,79,betCent,10,0.6767515923566879,0,22,None,66,1,5,False,1000,1000
12915,75,betCent,10,0.6787420382165605,0,23,None,66,1,5,False,1000,1000
12916,76,betCent,10,0.6800358280254777,0,23,None,66,1,5,False,1000,1000
12917,77,betCent,10,0.6831210191082803,0,23,None,66,1,5,False,1000,1000
12918,78,betCent,10,0.6847133757961783,0,23,None,66,1,5,False,1000,1000
12919,79,betCent,10,0.6875995222929936,0,23,None,66,1,5,False,1000,1000
12920,75,betCent,10,0.6799363057324841,0,17,None,66,1,5,False,1000,1000
12921,76,betCent,10,0.6813296178343949,0,17,None,66,1,5,False,1000,1000
12922,77,betCent,10,0.6820262738853503,0,17,None,66,1,5,False,1000,1000
12923,78,betCent,10,0.6847133757961783,0,17,None,66,1,5,False,1000,1000
12924,79,betCent,10,0.6863057324840764,0,17,None,66,1,5,False,1000,1000
12925,75,betCent,10,0.6520700636942676,0,21,None,66,1,5,False,1000,1000
12926,76,betCent,10,0.6529657643312102,0,21,None,66,1,5,False,1000,1000
12927,77,betCent,10,0.6545581210191083,0,21,None,66,1,5,False,1000,1000
12928,78,betCent,10,0.6574442675159236,0,21,None,66,1,5,False,1000,1000
12929,79,betCent,10,0.6609275477707006,0,21,None,66,1,5,False,1000,1000
12930,75,betCent,10,0.6946656050955414,0,25,None,66,1,5,False,1000,1000
12931,76,betCent,10,0.6984474522292994,0,25,None,66,1,5,False,1000,1000
12932,77,betCent,10,0.7014331210191083,0,25,None,66,1,5,False,1000,1000
12933,78,betCent,10,0.7038216560509554,0,25,None,66,1,5,False,1000,1000
12934,79,betCent,10,0.7067078025477707,0,25,None,66,1,5,False,1000,1000
12935,75,betCent,10,0.6469944267515924,0,26,None,66,1,5,False,1000,1000
12936,76,betCent,10,0.6488853503184714,0,26,None,66,1,5,False,1000,1000
12937,77,betCent,10,0.6509753184713376,0,26,None,66,1,5,False,1000,1000
12938,78,betCent,10,0.6539609872611465,0,26,None,66,1,5,False,1000,1000
12939,79,betCent,10,0.6547571656050956,0,26,None,66,1,5,False,1000,1000
12940,75,betCent,10,0.6693869426751592,0,24,None,66,1,5,False,1000,1000
12941,76,betCent,10,0.6741640127388535,0,24,None,66,1,5,False,1000,1000
12942,77,betCent,10,0.6777468152866242,0,24,None,66,1,5,False,1000,1000
12943,78,betCent,10,0.6812300955414012,0,24,None,66,1,5,False,1000,1000
12944,79,betCent,10,0.6833200636942676,0,24,None,66,1,5,False,1000,1000
12945,75,betCent,10,0.6839171974522293,0,28,None,66,1,5,False,1000,1000
12946,76,betCent,10,0.6849124203821656,0,28,None,66,1,5,False,1000,1000
12947,77,betCent,10,0.6857085987261147,0,28,None,66,1,5,False,1000,1000
12948,78,betCent,10,0.6873009554140127,0,28,None,66,1,5,False,1000,1000
12949,79,betCent,10,0.6882961783439491,0,28,None,66,1,5,False,1000,1000
12950,75,betCent,10,0.6772492038216561,0,29,None,66,1,5,False,1000,1000
12951,76,betCent,10,0.6811305732484076,0,29,None,66,1,5,False,1000,1000
12952,77,betCent,10,0.6828224522292994,0,29,None,66,1,5,False,1000,1000
12953,78,betCent,10,0.685609076433121,0,29,None,66,1,5,False,1000,1000
12954,79,betCent,10,0.6870023885350318,0,29,None,66,1,5,False,1000,1000
12955,75,betCent,10,0.658140923566879,0,9,None,66,1,5,False,1000,1000
12956,76,betCent,10,0.6615246815286624,0,9,None,66,1,5,False,1000,1000
12957,77,betCent,10,0.6644108280254777,0,9,None,66,1,5,False,1000,1000
12958,78,betCent,10,0.6671974522292994,0,9,None,66,1,5,False,1000,1000
12959,79,betCent,10,0.6712778662420382,0,9,None,66,1,5,False,1000,1000
12960,75,betCent,10,0.630672770700637,0,30,None,66,1,5,False,1000,1000
12961,76,betCent,10,0.6321656050955414,0,30,None,66,1,5,False,1000,1000
12962,77,betCent,10,0.6334593949044586,0,30,None,66,1,5,False,1000,1000
12963,78,betCent,10,0.6344546178343949,0,30,None,66,1,5,False,1000,1000
12964,79,betCent,10,0.6366441082802548,0,30,None,66,1,5,False,1000,1000
12965,75,betCent,10,0.6835191082802548,0,6,None,66,1,5,False,1000,1000
12966,76,betCent,10,0.6867038216560509,0,6,None,66,1,5,False,1000,1000
12967,77,betCent,10,0.6895899681528662,0,6,None,66,1,5,False,1000,1000
12968,78,betCent,10,0.6918789808917197,0,6,None,66,1,5,False,1000,1000
12969,79,betCent,10,0.6934713375796179,0,6,None,66,1,5,False,1000,1000
12970,75,betCent,10,0.6969546178343949,0,18,None,66,1,5,False,1000,1000
12971,76,betCent,10,0.6980493630573248,0,18,None,66,1,5,False,1000,1000
12972,77,betCent,10,0.6987460191082803,0,18,None,66,1,5,False,1000,1000
12973,78,betCent,10,0.6995421974522293,0,18,None,66,1,5,False,1000,1000
12974,79,betCent,10,0.7008359872611465,0,18,None,66,1,5,False,1000,1000
12975,75,betCent,10,0.6842157643312102,0,27,None,66,1,5,False,1000,1000
12976,76,betCent,10,0.6879976114649682,0,27,None,66,1,5,False,1000,1000
12977,77,betCent,10,0.6899880573248408,0,27,None,66,1,5,False,1000,1000
12978,78,betCent,10,0.6910828025477707,0,27,None,66,1,5,False,1000,1000
12979,79,betCent,10,0.6915804140127388,0,27,None,66,1,5,False,1000,1000
12980,75,betCent,10,0.5314490445859873,0,31,None,66,1,5,False,1000,1000
12981,76,betCent,10,0.5451831210191083,0,31,None,66,1,5,False,1000,1000
12982,77,betCent,10,0.5603105095541401,0,31,None,66,1,5,False,1000,1000
12983,78,betCent,10,0.5682722929936306,0,31,None,66,1,5,False,1000,1000
12984,79,betCent,10,0.578125,0,31,None,66,1,5,False,1000,1000
12985,75,betCent,10,0.6845143312101911,0,32,None,66,1,5,False,1000,1000
12986,76,betCent,10,0.6860071656050956,0,32,None,66,1,5,False,1000,1000
12987,77,betCent,10,0.6881966560509554,0,32,None,66,1,5,False,1000,1000
12988,78,betCent,10,0.6913813694267515,0,32,None,66,1,5,False,1000,1000
12989,79,betCent,10,0.6925756369426752,0,32,None,66,1,5,False,1000,1000
12990,75,betCent,10,0.6803343949044586,0,7,None,66,1,5,False,1000,1000
12991,76,betCent,10,0.6825238853503185,0,7,None,66,1,5,False,1000,1000
12992,77,betCent,10,0.6854100318471338,0,7,None,66,1,5,False,1000,1000
12993,78,betCent,10,0.6875,0,7,None,66,1,5,False,1000,1000
12994,79,betCent,10,0.6896894904458599,0,7,None,66,1,5,False,1000,1000
12995,75,betCent,10,0.6407245222929936,0,12,None,66,1,5,False,1000,1000
12996,76,betCent,10,0.6439092356687898,0,12,None,66,1,5,False,1000,1000
12997,77,betCent,10,0.647890127388535,0,12,None,66,1,5,False,1000,1000
12998,78,betCent,10,0.6515724522292994,0,12,None,66,1,5,False,1000,1000
12999,79,betCent,10,0.6541600318471338,0,12,None,66,1,5,False,1000,1000
13000,75,betCent,10,0.6978503184713376,0,0,None,66,1,5,False,1000,1000
13001,76,betCent,10,0.6997412420382165,0,0,None,66,1,5,False,1000,1000
13002,77,betCent,10,0.7011345541401274,0,0,None,66,1,5,False,1000,1000
13003,78,betCent,10,0.70203025477707,0,0,None,66,1,5,False,1000,1000
13004,79,betCent,10,0.7034235668789809,0,0,None,66,1,5,False,1000,1000
13005,75,betCent,10,0.6501791401273885,0,13,None,66,1,5,False,1000,1000
13006,76,betCent,10,0.6522691082802548,0,13,None,66,1,5,False,1000,1000
13007,77,betCent,10,0.6542595541401274,0,13,None,66,1,5,False,1000,1000
13008,78,betCent,10,0.6571457006369427,0,13,None,66,1,5,False,1000,1000
13009,79,betCent,10,0.6605294585987261,0,13,None,66,1,5,False,1000,1000
13010,75,betCent,10,0.6936703821656051,0,4,None,66,1,5,False,1000,1000
13011,76,betCent,10,0.6946656050955414,0,4,None,66,1,5,False,1000,1000
13012,77,betCent,10,0.6962579617834395,0,4,None,66,1,5,False,1000,1000
13013,78,betCent,10,0.6967555732484076,0,4,None,66,1,5,False,1000,1000
13014,79,betCent,10,0.6986464968152867,0,4,None,66,1,5,False,1000,1000
13015,75,betCent,10,0.7021297770700637,0,3,None,66,1,5,False,1000,1000
13016,76,betCent,10,0.7037221337579618,0,3,None,66,1,5,False,1000,1000
13017,77,betCent,10,0.7054140127388535,0,3,None,66,1,5,False,1000,1000
13018,78,betCent,10,0.7074044585987261,0,3,None,66,1,5,False,1000,1000
13019,79,betCent,10,0.709593949044586,0,3,None,66,1,5,False,1000,1000
13020,75,betCent,10,0.6438097133757962,0,11,None,66,1,5,False,1000,1000
13021,76,betCent,10,0.6458996815286624,0,11,None,66,1,5,False,1000,1000
13022,77,betCent,10,0.6484872611464968,0,11,None,66,1,5,False,1000,1000
13023,78,betCent,10,0.6499800955414012,0,11,None,66,1,5,False,1000,1000
13024,79,betCent,10,0.6512738853503185,0,11,None,66,1,5,False,1000,1000
13025,75,betCent,10,0.6631170382165605,0,10,None,66,1,5,False,1000,1000
13026,76,betCent,10,0.6671974522292994,0,10,None,66,1,5,False,1000,1000
13027,77,betCent,10,0.67078025477707,0,10,None,66,1,5,False,1000,1000
13028,78,betCent,10,0.6742635350318471,0,10,None,66,1,5,False,1000,1000
13029,79,betCent,10,0.6765525477707006,0,10,None,66,1,5,False,1000,1000
13030,75,betCent,10,0.6612261146496815,0,15,None,66,1,5,False,1000,1000
13031,76,betCent,10,0.6631170382165605,0,15,None,66,1,5,False,1000,1000
13032,77,betCent,10,0.663515127388535,0,15,None,66,1,5,False,1000,1000
13033,78,betCent,10,0.6660031847133758,0,15,None,66,1,5,False,1000,1000
13034,79,betCent,10,0.6678941082802548,0,15,None,66,1,5,False,1000,1000
13035,80,betCent,10,0.5242834394904459,0,1,None,66,1,5,False,1000,1000
13036,81,betCent,10,0.5497611464968153,0,1,None,66,1,5,False,1000,1000
13037,82,betCent,10,0.5700636942675159,0,1,None,66,1,5,False,1000,1000
13038,83,betCent,10,0.5851910828025477,0,1,None,66,1,5,False,1000,1000
13039,84,betCent,10,0.5944466560509554,0,1,None,66,1,5,False,1000,1000
13040,80,betCent,10,0.6981488853503185,0,2,None,66,1,5,False,1000,1000
13041,81,betCent,10,0.7003383757961783,0,2,None,66,1,5,False,1000,1000
13042,82,betCent,10,0.7027269108280255,0,2,None,66,1,5,False,1000,1000
13043,83,betCent,10,0.7040207006369427,0,2,None,66,1,5,False,1000,1000
13044,84,betCent,10,0.7053144904458599,0,2,None,66,1,5,False,1000,1000
13045,80,betCent,10,0.6688893312101911,0,20,None,66,1,5,False,1000,1000
13046,81,betCent,10,0.6697850318471338,0,20,None,66,1,5,False,1000,1000
13047,82,betCent,10,0.6711783439490446,0,20,None,66,1,5,False,1000,1000
13048,83,betCent,10,0.6731687898089171,0,20,None,66,1,5,False,1000,1000
13049,84,betCent,10,0.674562101910828,0,20,None,66,1,5,False,1000,1000
13050,80,betCent,10,0.6739649681528662,0,22,None,66,1,5,False,1000,1000
13051,81,betCent,10,0.6782444267515924,0,22,None,66,1,5,False,1000,1000
13052,82,betCent,10,0.6806329617834395,0,22,None,66,1,5,False,1000,1000
13053,83,betCent,10,0.6842157643312102,0,22,None,66,1,5,False,1000,1000
13054,84,betCent,10,0.6881966560509554,0,22,None,66,1,5,False,1000,1000
13055,80,betCent,10,0.701234076433121,0,4,None,66,1,5,False,1000,1000
13056,81,betCent,10,0.7016321656050956,0,4,None,66,1,5,False,1000,1000
13057,82,betCent,10,0.7036226114649682,0,4,None,66,1,5,False,1000,1000
13058,83,betCent,10,0.7054140127388535,0,4,None,66,1,5,False,1000,1000
13059,84,betCent,10,0.7057125796178344,0,4,None,66,1,5,False,1000,1000
13060,80,betCent,10,0.6878980891719745,0,23,None,66,1,5,False,1000,1000
13061,81,betCent,10,0.6900875796178344,0,23,None,66,1,5,False,1000,1000
13062,82,betCent,10,0.6922770700636943,0,23,None,66,1,5,False,1000,1000
13063,83,betCent,10,0.693968949044586,0,23,None,66,1,5,False,1000,1000
13064,84,betCent,10,0.6962579617834395,0,23,None,66,1,5,False,1000,1000
13065,80,betCent,10,0.6813296178343949,0,14,None,66,1,5,False,1000,1000
13066,81,betCent,10,0.6841162420382165,0,14,None,66,1,5,False,1000,1000
13067,82,betCent,10,0.6863057324840764,0,14,None,66,1,5,False,1000,1000
13068,83,betCent,10,0.6875,0,14,None,66,1,5,False,1000,1000
13069,84,betCent,10,0.6902866242038217,0,14,None,66,1,5,False,1000,1000
13070,80,betCent,10,0.6673964968152867,0,9,None,66,1,5,False,1000,1000
13071,81,betCent,10,0.6717754777070064,0,9,None,66,1,5,False,1000,1000
13072,82,betCent,10,0.6757563694267515,0,9,None,66,1,5,False,1000,1000
13073,83,betCent,10,0.6781449044585988,0,9,None,66,1,5,False,1000,1000
13074,84,betCent,10,0.6806329617834395,0,9,None,66,1,5,False,1000,1000
13075,80,betCent,10,0.6863057324840764,0,29,None,66,1,5,False,1000,1000
13076,81,betCent,10,0.6876990445859873,0,29,None,66,1,5,False,1000,1000
13077,82,betCent,10,0.6909832802547771,0,29,None,66,1,5,False,1000,1000
13078,83,betCent,10,0.6926751592356688,0,29,None,66,1,5,False,1000,1000
13079,84,betCent,10,0.6956608280254777,0,29,None,66,1,5,False,1000,1000
13080,80,betCent,10,0.6604299363057324,0,13,None,66,1,5,False,1000,1000
13081,81,betCent,10,0.663515127388535,0,13,None,66,1,5,False,1000,1000
13082,82,betCent,10,0.6652070063694268,0,13,None,66,1,5,False,1000,1000
13083,83,betCent,10,0.6685907643312102,0,13,None,66,1,5,False,1000,1000
13084,84,betCent,10,0.6723726114649682,0,13,None,66,1,5,False,1000,1000
13085,80,betCent,10,0.6526671974522293,0,12,None,66,1,5,False,1000,1000
13086,81,betCent,10,0.6555533439490446,0,12,None,66,1,5,False,1000,1000
13087,82,betCent,10,0.6591361464968153,0,12,None,66,1,5,False,1000,1000
13088,83,betCent,10,0.6618232484076433,0,12,None,66,1,5,False,1000,1000
13089,84,betCent,10,0.6655055732484076,0,12,None,66,1,5,False,1000,1000
13090,80,betCent,10,0.7071058917197452,0,25,None,66,1,5,False,1000,1000
13091,81,betCent,10,0.7109872611464968,0,25,None,66,1,5,False,1000,1000
13092,82,betCent,10,0.7132762738853503,0,25,None,66,1,5,False,1000,1000
13093,83,betCent,10,0.7159633757961783,0,25,None,66,1,5,False,1000,1000
13094,84,betCent,10,0.7175557324840764,0,25,None,66,1,5,False,1000,1000
13095,80,betCent,10,0.6564490445859873,0,26,None,66,1,5,False,1000,1000
13096,81,betCent,10,0.6575437898089171,0,26,None,66,1,5,False,1000,1000
13097,82,betCent,10,0.6584394904458599,0,26,None,66,1,5,False,1000,1000
13098,83,betCent,10,0.6604299363057324,0,26,None,66,1,5,False,1000,1000
13099,84,betCent,10,0.6616242038216561,0,26,None,66,1,5,False,1000,1000
13100,80,betCent,10,0.6735668789808917,0,15,None,66,1,5,False,1000,1000
13101,81,betCent,10,0.676453025477707,0,15,None,66,1,5,False,1000,1000
13102,82,betCent,10,0.6788415605095541,0,15,None,66,1,5,False,1000,1000
13103,83,betCent,10,0.6812300955414012,0,15,None,66,1,5,False,1000,1000
13104,84,betCent,10,0.6824243630573248,0,15,None,66,1,5,False,1000,1000
13105,80,betCent,10,0.6759554140127388,0,10,None,66,1,5,False,1000,1000
13106,81,betCent,10,0.6793391719745223,0,10,None,66,1,5,False,1000,1000
13107,82,betCent,10,0.6826234076433121,0,10,None,66,1,5,False,1000,1000
13108,83,betCent,10,0.6852109872611465,0,10,None,66,1,5,False,1000,1000
13109,84,betCent,10,0.6873009554140127,0,10,None,66,1,5,False,1000,1000
13110,80,betCent,10,0.6546576433121019,0,11,None,66,1,5,False,1000,1000
13111,81,betCent,10,0.6552547770700637,0,11,None,66,1,5,False,1000,1000
13112,82,betCent,10,0.6565485668789809,0,11,None,66,1,5,False,1000,1000
13113,83,betCent,10,0.6586385350318471,0,11,None,66,1,5,False,1000,1000
13114,84,betCent,10,0.6618232484076433,0,11,None,66,1,5,False,1000,1000
13115,80,betCent,10,0.6906847133757962,0,17,None,66,1,5,False,1000,1000
13116,81,betCent,10,0.6916799363057324,0,17,None,66,1,5,False,1000,1000
13117,82,betCent,10,0.6935708598726115,0,17,None,66,1,5,False,1000,1000
13118,83,betCent,10,0.6948646496815286,0,17,None,66,1,5,False,1000,1000
13119,84,betCent,10,0.6971536624203821,0,17,None,66,1,5,False,1000,1000
13120,80,betCent,10,0.7064092356687898,0,18,None,66,1,5,False,1000,1000
13121,81,betCent,10,0.7064092356687898,0,18,None,66,1,5,False,1000,1000
13122,82,betCent,10,0.7082006369426752,0,18,None,66,1,5,False,1000,1000
13123,83,betCent,10,0.7104896496815286,0,18,None,66,1,5,False,1000,1000
13124,84,betCent,10,0.7119824840764332,0,18,None,66,1,5,False,1000,1000
13125,80,betCent,10,0.6724721337579618,0,8,None,66,1,5,False,1000,1000
13126,81,betCent,10,0.6748606687898089,0,8,None,66,1,5,False,1000,1000
13127,82,betCent,10,0.6796377388535032,0,8,None,66,1,5,False,1000,1000
13128,83,betCent,10,0.6814291401273885,0,8,None,66,1,5,False,1000,1000
13129,84,betCent,10,0.6846138535031847,0,8,None,66,1,5,False,1000,1000
13130,80,betCent,10,0.6913813694267515,0,28,None,66,1,5,False,1000,1000
13131,81,betCent,10,0.6929737261146497,0,28,None,66,1,5,False,1000,1000
13132,82,betCent,10,0.6948646496815286,0,28,None,66,1,5,False,1000,1000
13133,83,betCent,10,0.6972531847133758,0,28,None,66,1,5,False,1000,1000
13134,84,betCent,10,0.6983479299363057,0,28,None,66,1,5,False,1000,1000
13135,80,betCent,10,0.6942675159235668,0,27,None,66,1,5,False,1000,1000
13136,81,betCent,10,0.6954617834394905,0,27,None,66,1,5,False,1000,1000
13137,82,betCent,10,0.6976512738853503,0,27,None,66,1,5,False,1000,1000
13138,83,betCent,10,0.6991441082802548,0,27,None,66,1,5,False,1000,1000
13139,84,betCent,10,0.7009355095541401,0,27,None,66,1,5,False,1000,1000
13140,80,betCent,10,0.637937898089172,0,30,None,66,1,5,False,1000,1000
13141,81,betCent,10,0.6400278662420382,0,30,None,66,1,5,False,1000,1000
13142,82,betCent,10,0.6419187898089171,0,30,None,66,1,5,False,1000,1000
13143,83,betCent,10,0.6436106687898089,0,30,None,66,1,5,False,1000,1000
13144,84,betCent,10,0.6454020700636943,0,30,None,66,1,5,False,1000,1000
13145,80,betCent,10,0.5388136942675159,0,31,None,66,1,5,False,1000,1000
13146,81,betCent,10,0.5546377388535032,0,31,None,66,1,5,False,1000,1000
13147,82,betCent,10,0.5684713375796179,0,31,None,66,1,5,False,1000,1000
13148,83,betCent,10,0.5802149681528662,0,31,None,66,1,5,False,1000,1000
13149,84,betCent,10,0.5911624203821656,0,31,None,66,1,5,False,1000,1000
13150,80,betCent,10,0.6184315286624203,0,19,None,66,1,5,False,1000,1000
13151,81,betCent,10,0.6194267515923567,0,19,None,66,1,5,False,1000,1000
13152,82,betCent,10,0.6209195859872612,0,19,None,66,1,5,False,1000,1000
13153,83,betCent,10,0.6242038216560509,0,19,None,66,1,5,False,1000,1000
13154,84,betCent,10,0.62609474522293,0,19,None,66,1,5,False,1000,1000
13155,80,betCent,10,0.665406050955414,0,21,None,66,1,5,False,1000,1000
13156,81,betCent,10,0.6671974522292994,0,21,None,66,1,5,False,1000,1000
13157,82,betCent,10,0.6694864649681529,0,21,None,66,1,5,False,1000,1000
13158,83,betCent,10,0.6706807324840764,0,21,None,66,1,5,False,1000,1000
13159,84,betCent,10,0.6722730891719745,0,21,None,66,1,5,False,1000,1000
13160,80,betCent,10,0.6752587579617835,0,24,None,66,1,5,False,1000,1000
13161,81,betCent,10,0.6825238853503185,0,24,None,66,1,5,False,1000,1000
13162,82,betCent,10,0.684812898089172,0,24,None,66,1,5,False,1000,1000
13163,83,betCent,10,0.6908837579617835,0,24,None,66,1,5,False,1000,1000
13164,84,betCent,10,0.6915804140127388,0,24,None,66,1,5,False,1000,1000
13165,80,betCent,10,0.6881966560509554,0,5,None,66,1,5,False,1000,1000
13166,81,betCent,10,0.6936703821656051,0,5,None,66,1,5,False,1000,1000
13167,82,betCent,10,0.6992436305732485,0,5,None,66,1,5,False,1000,1000
13168,83,betCent,10,0.7024283439490446,0,5,None,66,1,5,False,1000,1000
13169,84,betCent,10,0.7057125796178344,0,5,None,66,1,5,False,1000,1000
13170,80,betCent,10,0.7061106687898089,0,0,None,66,1,5,False,1000,1000
13171,81,betCent,10,0.707703025477707,0,0,None,66,1,5,False,1000,1000
13172,82,betCent,10,0.708797770700637,0,0,None,66,1,5,False,1000,1000
13173,83,betCent,10,0.710390127388535,0,0,None,66,1,5,False,1000,1000
13174,84,betCent,10,0.7110867834394905,0,0,None,66,1,5,False,1000,1000
13175,80,betCent,10,0.6956608280254777,0,6,None,66,1,5,False,1000,1000
13176,81,betCent,10,0.6975517515923567,0,6,None,66,1,5,False,1000,1000
13177,82,betCent,10,0.6991441082802548,0,6,None,66,1,5,False,1000,1000
13178,83,betCent,10,0.7011345541401274,0,6,None,66,1,5,False,1000,1000
13179,84,betCent,10,0.7034235668789809,0,6,None,66,1,5,False,1000,1000
13180,80,betCent,10,0.7104896496815286,0,3,None,66,1,5,False,1000,1000
13181,81,betCent,10,0.7115843949044586,0,3,None,66,1,5,False,1000,1000
13182,82,betCent,10,0.7139729299363057,0,3,None,66,1,5,False,1000,1000
13183,83,betCent,10,0.7150676751592356,0,3,None,66,1,5,False,1000,1000
13184,84,betCent,10,0.7171576433121019,0,3,None,66,1,5,False,1000,1000
13185,80,betCent,10,0.690187101910828,0,7,None,66,1,5,False,1000,1000
13186,81,betCent,10,0.6926751592356688,0,7,None,66,1,5,False,1000,1000
13187,82,betCent,10,0.694765127388535,0,7,None,66,1,5,False,1000,1000
13188,83,betCent,10,0.6977507961783439,0,7,None,66,1,5,False,1000,1000
13189,84,betCent,10,0.6996417197452229,0,7,None,66,1,5,False,1000,1000
13190,80,betCent,10,0.6952627388535032,0,16,None,66,1,5,False,1000,1000
13191,81,betCent,10,0.6968550955414012,0,16,None,66,1,5,False,1000,1000
13192,82,betCent,10,0.6989450636942676,0,16,None,66,1,5,False,1000,1000
13193,83,betCent,10,0.7010350318471338,0,16,None,66,1,5,False,1000,1000
13194,84,betCent,10,0.7037221337579618,0,16,None,66,1,5,False,1000,1000
13195,80,betCent,10,0.6926751592356688,0,32,None,66,1,5,False,1000,1000
13196,81,betCent,10,0.6941679936305732,0,32,None,66,1,5,False,1000,1000
13197,82,betCent,10,0.6969546178343949,0,32,None,66,1,5,False,1000,1000
13198,83,betCent,10,0.6987460191082803,0,32,None,66,1,5,False,1000,1000
13199,84,betCent,10,0.7015326433121019,0,32,None,66,1,5,False,1000,1000
16005,85,betCent,10,0.6721735668789809,0,13,None,66,1,5,False,1000,1000
16006,86,betCent,10,0.6747611464968153,0,13,None,66,1,5,False,1000,1000
16007,87,betCent,10,0.676453025477707,0,13,None,66,1,5,False,1000,1000
16008,88,betCent,10,0.6788415605095541,0,13,None,66,1,5,False,1000,1000
16009,89,betCent,10,0.6799363057324841,0,13,None,66,1,5,False,1000,1000
16010,85,betCent,10,0.7044187898089171,0,16,None,66,1,5,False,1000,1000
16011,86,betCent,10,0.7068073248407644,0,16,None,66,1,5,False,1000,1000
16012,87,betCent,10,0.7093949044585988,0,16,None,66,1,5,False,1000,1000
16013,88,betCent,10,0.7112858280254777,0,16,None,66,1,5,False,1000,1000
16014,89,betCent,10,0.7136743630573248,0,16,None,66,1,5,False,1000,1000
16015,85,betCent,10,0.684812898089172,0,8,None,66,1,5,False,1000,1000
16016,86,betCent,10,0.6879976114649682,0,8,None,66,1,5,False,1000,1000
16017,87,betCent,10,0.6914808917197452,0,8,None,66,1,5,False,1000,1000
16018,88,betCent,10,0.6932722929936306,0,8,None,66,1,5,False,1000,1000
16019,89,betCent,10,0.6962579617834395,0,8,None,66,1,5,False,1000,1000
16020,85,betCent,10,0.6269904458598726,0,19,None,66,1,5,False,1000,1000
16021,86,betCent,10,0.6282842356687898,0,19,None,66,1,5,False,1000,1000
16022,87,betCent,10,0.6308718152866242,0,19,None,66,1,5,False,1000,1000
16023,88,betCent,10,0.6335589171974523,0,19,None,66,1,5,False,1000,1000
16024,89,betCent,10,0.6353503184713376,0,19,None,66,1,5,False,1000,1000
16025,85,betCent,10,0.6984474522292994,0,23,None,66,1,5,False,1000,1000
16026,86,betCent,10,0.700437898089172,0,23,None,66,1,5,False,1000,1000
16027,87,betCent,10,0.7023288216560509,0,23,None,66,1,5,False,1000,1000
16028,88,betCent,10,0.7026273885350318,0,23,None,66,1,5,False,1000,1000
16029,89,betCent,10,0.70421974522293,0,23,None,66,1,5,False,1000,1000
16030,85,betCent,10,0.7109872611464968,0,25,None,66,1,5,False,1000,1000
16031,86,betCent,10,0.7152667197452229,0,25,None,66,1,5,False,1000,1000
16032,87,betCent,10,0.7182523885350318,0,25,None,66,1,5,False,1000,1000
16033,88,betCent,10,0.71984474522293,0,25,None,66,1,5,False,1000,1000
16034,89,betCent,10,0.7224323248407644,0,25,None,66,1,5,False,1000,1000
16035,85,betCent,10,0.6637141719745223,0,26,None,66,1,5,False,1000,1000
16036,86,betCent,10,0.664609872611465,0,26,None,66,1,5,False,1000,1000
16037,87,betCent,10,0.6655055732484076,0,26,None,66,1,5,False,1000,1000
16038,88,betCent,10,0.6666003184713376,0,26,None,66,1,5,False,1000,1000
16039,89,betCent,10,0.6681926751592356,0,26,None,66,1,5,False,1000,1000
16040,85,betCent,10,0.6959593949044586,0,29,None,66,1,5,False,1000,1000
16041,86,betCent,10,0.6991441082802548,0,29,None,66,1,5,False,1000,1000
16042,87,betCent,10,0.701234076433121,0,29,None,66,1,5,False,1000,1000
16043,88,betCent,10,0.703125,0,29,None,66,1,5,False,1000,1000
16044,89,betCent,10,0.7044187898089171,0,29,None,66,1,5,False,1000,1000
16045,85,betCent,10,0.6472929936305732,0,30,None,66,1,5,False,1000,1000
16046,86,betCent,10,0.649781050955414,0,30,None,66,1,5,False,1000,1000
16047,87,betCent,10,0.6522691082802548,0,30,None,66,1,5,False,1000,1000
16048,88,betCent,10,0.654359076433121,0,30,None,66,1,5,False,1000,1000
16049,89,betCent,10,0.6558519108280255,0,30,None,66,1,5,False,1000,1000
16050,85,betCent,10,0.5453821656050956,0,31,None,66,1,5,False,1000,1000
16051,86,betCent,10,0.5649880573248408,0,31,None,66,1,5,False,1000,1000
16052,87,betCent,10,0.5788216560509554,0,31,None,66,1,5,False,1000,1000
16053,88,betCent,10,0.5931528662420382,0,31,None,66,1,5,False,1000,1000
16054,89,betCent,10,0.6032046178343949,0,31,None,66,1,5,False,1000,1000
16055,85,betCent,10,0.7017316878980892,0,32,None,66,1,5,False,1000,1000
16056,86,betCent,10,0.7038216560509554,0,32,None,66,1,5,False,1000,1000
16057,87,betCent,10,0.7048168789808917,0,32,None,66,1,5,False,1000,1000
16058,88,betCent,10,0.7059116242038217,0,32,None,66,1,5,False,1000,1000
16059,89,betCent,10,0.7072054140127388,0,32,None,66,1,5,False,1000,1000
16060,85,betCent,10,0.5267714968152867,0,1,None,66,1,5,False,1000,1000
16061,86,betCent,10,0.5589171974522293,0,1,None,66,1,5,False,1000,1000
16062,87,betCent,10,0.5793192675159236,0,1,None,66,1,5,False,1000,1000
16063,88,betCent,10,0.5951433121019108,0,1,None,66,1,5,False,1000,1000
16064,89,betCent,10,0.606687898089172,0,1,None,66,1,5,False,1000,1000
16065,85,betCent,10,0.7068073248407644,0,2,None,66,1,5,False,1000,1000
16066,86,betCent,10,0.7081011146496815,0,2,None,66,1,5,False,1000,1000
16067,87,betCent,10,0.7091958598726115,0,2,None,66,1,5,False,1000,1000
16068,88,betCent,10,0.7113853503184714,0,2,None,66,1,5,False,1000,1000
16069,89,betCent,10,0.7123805732484076,0,2,None,66,1,5,False,1000,1000
16070,85,betCent,10,0.7165605095541401,0,0,None,66,1,5,False,1000,1000
16071,86,betCent,10,0.7169585987261147,0,0,None,66,1,5,False,1000,1000
16072,87,betCent,10,0.7171576433121019,0,0,None,66,1,5,False,1000,1000
16073,88,betCent,10,0.7174562101910829,0,0,None,66,1,5,False,1000,1000
16074,89,betCent,10,0.7182523885350318,0,0,None,66,1,5,False,1000,1000
16075,85,betCent,10,0.7189490445859873,0,3,None,66,1,5,False,1000,1000
16076,86,betCent,10,0.7211385350318471,0,3,None,66,1,5,False,1000,1000
16077,87,betCent,10,0.7243232484076433,0,3,None,66,1,5,False,1000,1000
16078,88,betCent,10,0.7263136942675159,0,3,None,66,1,5,False,1000,1000
16079,89,betCent,10,0.7289012738853503,0,3,None,66,1,5,False,1000,1000
16080,85,betCent,10,0.7102906050955414,0,4,None,66,1,5,False,1000,1000
16081,86,betCent,10,0.7119824840764332,0,4,None,66,1,5,False,1000,1000
16082,87,betCent,10,0.712281050955414,0,4,None,66,1,5,False,1000,1000
16083,88,betCent,10,0.713077229299363,0,4,None,66,1,5,False,1000,1000
16084,89,betCent,10,0.7148686305732485,0,4,None,66,1,5,False,1000,1000
16085,85,betCent,10,0.7041202229299363,0,5,None,66,1,5,False,1000,1000
16086,86,betCent,10,0.7081011146496815,0,5,None,66,1,5,False,1000,1000
16087,87,betCent,10,0.7118829617834395,0,5,None,66,1,5,False,1000,1000
16088,88,betCent,10,0.7140724522292994,0,5,None,66,1,5,False,1000,1000
16089,89,betCent,10,0.7186504777070064,0,5,None,66,1,5,False,1000,1000
16090,85,betCent,10,0.6997412420382165,0,7,None,66,1,5,False,1000,1000
16091,86,betCent,10,0.7029259554140127,0,7,None,66,1,5,False,1000,1000
16092,87,betCent,10,0.7043192675159236,0,7,None,66,1,5,False,1000,1000
16093,88,betCent,10,0.7081011146496815,0,7,None,66,1,5,False,1000,1000
16094,89,betCent,10,0.7109872611464968,0,7,None,66,1,5,False,1000,1000
16095,85,betCent,10,0.6858081210191083,0,10,None,66,1,5,False,1000,1000
16096,86,betCent,10,0.6889928343949044,0,10,None,66,1,5,False,1000,1000
16097,87,betCent,10,0.6919785031847133,0,10,None,66,1,5,False,1000,1000
16098,88,betCent,10,0.694765127388535,0,10,None,66,1,5,False,1000,1000
16099,89,betCent,10,0.6967555732484076,0,10,None,66,1,5,False,1000,1000
16100,85,betCent,10,0.6658041401273885,0,11,None,66,1,5,False,1000,1000
16101,86,betCent,10,0.6677945859872612,0,11,None,66,1,5,False,1000,1000
16102,87,betCent,10,0.6689888535031847,0,11,None,66,1,5,False,1000,1000
16103,88,betCent,10,0.6719745222929936,0,11,None,66,1,5,False,1000,1000
16104,89,betCent,10,0.6740644904458599,0,11,None,66,1,5,False,1000,1000
16105,85,betCent,10,0.6876990445859873,0,15,None,66,1,5,False,1000,1000
16106,86,betCent,10,0.6911823248407644,0,15,None,66,1,5,False,1000,1000
16107,87,betCent,10,0.6933718152866242,0,15,None,66,1,5,False,1000,1000
16108,88,betCent,10,0.6946656050955414,0,15,None,66,1,5,False,1000,1000
16109,89,betCent,10,0.6968550955414012,0,15,None,66,1,5,False,1000,1000
16110,85,betCent,10,0.6642117834394905,0,12,None,66,1,5,False,1000,1000
16111,86,betCent,10,0.6674960191082803,0,12,None,66,1,5,False,1000,1000
16112,87,betCent,10,0.6714769108280255,0,12,None,66,1,5,False,1000,1000
16113,88,betCent,10,0.6754578025477707,0,12,None,66,1,5,False,1000,1000
16114,89,betCent,10,0.6786425159235668,0,12,None,66,1,5,False,1000,1000
16115,85,betCent,10,0.6786425159235668,0,20,None,66,1,5,False,1000,1000
16116,86,betCent,10,0.6800358280254777,0,20,None,66,1,5,False,1000,1000
16117,87,betCent,10,0.681031050955414,0,20,None,66,1,5,False,1000,1000
16118,88,betCent,10,0.6834195859872612,0,20,None,66,1,5,False,1000,1000
16119,89,betCent,10,0.6841162420382165,0,20,None,66,1,5,False,1000,1000
16120,85,betCent,10,0.7166600318471338,0,18,None,66,1,5,False,1000,1000
16121,86,betCent,10,0.7181528662420382,0,18,None,66,1,5,False,1000,1000
16122,87,betCent,10,0.7197452229299363,0,18,None,66,1,5,False,1000,1000
16123,88,betCent,10,0.7207404458598726,0,18,None,66,1,5,False,1000,1000
16124,89,betCent,10,0.7220342356687898,0,18,None,66,1,5,False,1000,1000
16125,85,betCent,10,0.7014331210191083,0,28,None,66,1,5,False,1000,1000
16126,86,betCent,10,0.7044187898089171,0,28,None,66,1,5,False,1000,1000
16127,87,betCent,10,0.7056130573248408,0,28,None,66,1,5,False,1000,1000
16128,88,betCent,10,0.7065087579617835,0,28,None,66,1,5,False,1000,1000
16129,89,betCent,10,0.7083996815286624,0,28,None,66,1,5,False,1000,1000
16130,85,betCent,10,0.7051154458598726,0,6,None,66,1,5,False,1000,1000
16131,86,betCent,10,0.7068073248407644,0,6,None,66,1,5,False,1000,1000
16132,87,betCent,10,0.7084992038216561,0,6,None,66,1,5,False,1000,1000
16133,88,betCent,10,0.7092953821656051,0,6,None,66,1,5,False,1000,1000
16134,89,betCent,10,0.7102906050955414,0,6,None,66,1,5,False,1000,1000
16135,85,betCent,10,0.6771496815286624,0,9,None,66,1,5,False,1000,1000
16136,86,betCent,10,0.6797372611464968,0,9,None,66,1,5,False,1000,1000
16137,87,betCent,10,0.6822253184713376,0,9,None,66,1,5,False,1000,1000
16138,88,betCent,10,0.6850119426751592,0,9,None,66,1,5,False,1000,1000
16139,89,betCent,10,0.6877985668789809,0,9,None,66,1,5,False,1000,1000
16140,85,betCent,10,0.6922770700636943,0,14,None,66,1,5,False,1000,1000
16141,86,betCent,10,0.6948646496815286,0,14,None,66,1,5,False,1000,1000
16142,87,betCent,10,0.6968550955414012,0,14,None,66,1,5,False,1000,1000
16143,88,betCent,10,0.7008359872611465,0,14,None,66,1,5,False,1000,1000
16144,89,betCent,10,0.703125,0,14,None,66,1,5,False,1000,1000
16145,85,betCent,10,0.6850119426751592,0,22,None,66,1,5,False,1000,1000
16146,86,betCent,10,0.68859474522293,0,22,None,66,1,5,False,1000,1000
16147,87,betCent,10,0.6916799363057324,0,22,None,66,1,5,False,1000,1000
16148,88,betCent,10,0.6946656050955414,0,22,None,66,1,5,False,1000,1000
16149,89,betCent,10,0.6979498407643312,0,22,None,66,1,5,False,1000,1000
16150,85,betCent,10,0.6996417197452229,0,17,None,66,1,5,False,1000,1000
16151,86,betCent,10,0.70203025477707,0,17,None,66,1,5,False,1000,1000
16152,87,betCent,10,0.7030254777070064,0,17,None,66,1,5,False,1000,1000
16153,88,betCent,10,0.7044187898089171,0,17,None,66,1,5,False,1000,1000
16154,89,betCent,10,0.7063097133757962,0,17,None,66,1,5,False,1000,1000
16155,85,betCent,10,0.6762539808917197,0,21,None,66,1,5,False,1000,1000
16156,86,betCent,10,0.6786425159235668,0,21,None,66,1,5,False,1000,1000
16157,87,betCent,10,0.6794386942675159,0,21,None,66,1,5,False,1000,1000
16158,88,betCent,10,0.6820262738853503,0,21,None,66,1,5,False,1000,1000
16159,89,betCent,10,0.6839171974522293,0,21,None,66,1,5,False,1000,1000
16160,85,betCent,10,0.6845143312101911,0,24,None,66,1,5,False,1000,1000
16161,86,betCent,10,0.6903861464968153,0,24,None,66,1,5,False,1000,1000
16162,87,betCent,10,0.6911823248407644,0,24,None,66,1,5,False,1000,1000
16163,88,betCent,10,0.6983479299363057,0,24,None,66,1,5,False,1000,1000
16164,89,betCent,10,0.7015326433121019,0,24,None,66,1,5,False,1000,1000
16165,85,betCent,10,0.7038216560509554,0,27,None,66,1,5,False,1000,1000
16166,86,betCent,10,0.7059116242038217,0,27,None,66,1,5,False,1000,1000
16167,87,betCent,10,0.7081011146496815,0,27,None,66,1,5,False,1000,1000
16168,88,betCent,10,0.7093949044585988,0,27,None,66,1,5,False,1000,1000
16169,89,betCent,10,0.7108877388535032,0,27,None,66,1,5,False,1000,1000
16170,90,betCent,10,0.6685907643312102,0,26,None,66,1,5,False,1000,1000
16171,91,betCent,10,0.6701831210191083,0,26,None,66,1,5,False,1000,1000
16172,92,betCent,10,0.6717754777070064,0,26,None,66,1,5,False,1000,1000
16173,93,betCent,10,0.6732683121019108,0,26,None,66,1,5,False,1000,1000
16174,94,betCent,10,0.6757563694267515,0,26,None,66,1,5,False,1000,1000
16175,90,betCent,10,0.5324442675159236,0,1,None,66,1,5,False,1000,1000
16176,91,betCent,10,0.5695660828025477,0,1,None,66,1,5,False,1000,1000
16177,92,betCent,10,0.5953423566878981,0,1,None,66,1,5,False,1000,1000
16178,93,betCent,10,0.609375,0,1,None,66,1,5,False,1000,1000
16179,94,betCent,10,0.6195262738853503,0,1,None,66,1,5,False,1000,1000
16180,90,betCent,10,0.681031050955414,0,13,None,66,1,5,False,1000,1000
16181,91,betCent,10,0.6830214968152867,0,13,None,66,1,5,False,1000,1000
16182,92,betCent,10,0.6852109872611465,0,13,None,66,1,5,False,1000,1000
16183,93,betCent,10,0.6873009554140127,0,13,None,66,1,5,False,1000,1000
16184,94,betCent,10,0.6887937898089171,0,13,None,66,1,5,False,1000,1000
16185,90,betCent,10,0.7152667197452229,0,2,None,66,1,5,False,1000,1000
16186,91,betCent,10,0.7163614649681529,0,2,None,66,1,5,False,1000,1000
16187,92,betCent,10,0.7182523885350318,0,2,None,66,1,5,False,1000,1000
16188,93,betCent,10,0.7204418789808917,0,2,None,66,1,5,False,1000,1000
16189,94,betCent,10,0.7220342356687898,0,2,None,66,1,5,False,1000,1000
16190,90,betCent,10,0.7166600318471338,0,5,None,66,1,5,False,1000,1000
16191,91,betCent,10,0.7197452229299363,0,5,None,66,1,5,False,1000,1000
16192,92,betCent,10,0.7226313694267515,0,5,None,66,1,5,False,1000,1000
16193,93,betCent,10,0.7240246815286624,0,5,None,66,1,5,False,1000,1000
16194,94,betCent,10,0.7269108280254777,0,5,None,66,1,5,False,1000,1000
16195,90,betCent,10,0.7046178343949044,0,15,None,66,1,5,False,1000,1000
16196,91,betCent,10,0.7061106687898089,0,15,None,66,1,5,False,1000,1000
16197,92,betCent,10,0.707703025477707,0,15,None,66,1,5,False,1000,1000
16198,93,betCent,10,0.7091958598726115,0,15,None,66,1,5,False,1000,1000
16199,94,betCent,10,0.7098925159235668,0,15,None,66,1,5,False,1000,1000
16200,90,betCent,10,0.6759554140127388,0,12,None,66,1,5,False,1000,1000
16201,91,betCent,10,0.6796377388535032,0,12,None,66,1,5,False,1000,1000
16202,92,betCent,10,0.6839171974522293,0,12,None,66,1,5,False,1000,1000
16203,93,betCent,10,0.6871019108280255,0,12,None,66,1,5,False,1000,1000
16204,94,betCent,10,0.6894904458598726,0,12,None,66,1,5,False,1000,1000
16205,90,betCent,10,0.7235270700636943,0,25,None,66,1,5,False,1000,1000
16206,91,betCent,10,0.7248208598726115,0,25,None,66,1,5,False,1000,1000
16207,92,betCent,10,0.7285031847133758,0,25,None,66,1,5,False,1000,1000
16208,93,betCent,10,0.7315883757961783,0,25,None,66,1,5,False,1000,1000
16209,94,betCent,10,0.73328025477707,0,25,None,66,1,5,False,1000,1000
16210,90,betCent,10,0.7080015923566879,0,29,None,66,1,5,False,1000,1000
16211,91,betCent,10,0.7094944267515924,0,29,None,66,1,5,False,1000,1000
16212,92,betCent,10,0.7098925159235668,0,29,None,66,1,5,False,1000,1000
16213,93,betCent,10,0.7127786624203821,0,29,None,66,1,5,False,1000,1000
16214,94,betCent,10,0.7132762738853503,0,29,None,66,1,5,False,1000,1000
16215,90,betCent,10,0.6847133757961783,0,9,None,66,1,5,False,1000,1000
16216,91,betCent,10,0.6867038216560509,0,9,None,66,1,5,False,1000,1000
16217,92,betCent,10,0.6904856687898089,0,9,None,66,1,5,False,1000,1000
16218,93,betCent,10,0.6942675159235668,0,9,None,66,1,5,False,1000,1000
16219,94,betCent,10,0.6976512738853503,0,9,None,66,1,5,False,1000,1000
16220,90,betCent,10,0.703125,0,14,None,66,1,5,False,1000,1000
16221,91,betCent,10,0.7061106687898089,0,14,None,66,1,5,False,1000,1000
16222,92,betCent,10,0.7088972929936306,0,14,None,66,1,5,False,1000,1000
16223,93,betCent,10,0.7110867834394905,0,14,None,66,1,5,False,1000,1000
16224,94,betCent,10,0.7132762738853503,0,14,None,66,1,5,False,1000,1000
16225,90,betCent,10,0.6793391719745223,0,11,None,66,1,5,False,1000,1000
16226,91,betCent,10,0.681827229299363,0,11,None,66,1,5,False,1000,1000
16227,92,betCent,10,0.685609076433121,0,11,None,66,1,5,False,1000,1000
16228,93,betCent,10,0.6878980891719745,0,11,None,66,1,5,False,1000,1000
16229,94,betCent,10,0.6905851910828026,0,11,None,66,1,5,False,1000,1000
16230,90,betCent,10,0.7091958598726115,0,17,None,66,1,5,False,1000,1000
16231,91,betCent,10,0.710390127388535,0,17,None,66,1,5,False,1000,1000
16232,92,betCent,10,0.712281050955414,0,17,None,66,1,5,False,1000,1000
16233,93,betCent,10,0.7140724522292994,0,17,None,66,1,5,False,1000,1000
16234,94,betCent,10,0.716859076433121,0,17,None,66,1,5,False,1000,1000
16235,90,betCent,10,0.6866042993630573,0,24,None,66,1,5,False,1000,1000
16236,91,betCent,10,0.6928742038216561,0,24,None,66,1,5,False,1000,1000
16237,92,betCent,10,0.6979498407643312,0,24,None,66,1,5,False,1000,1000
16238,93,betCent,10,0.7006369426751592,0,24,None,66,1,5,False,1000,1000
16239,94,betCent,10,0.7053144904458599,0,24,None,66,1,5,False,1000,1000
16240,90,betCent,10,0.6568471337579618,0,30,None,66,1,5,False,1000,1000
16241,91,betCent,10,0.6595342356687898,0,30,None,66,1,5,False,1000,1000
16242,92,betCent,10,0.6610270700636943,0,30,None,66,1,5,False,1000,1000
16243,93,betCent,10,0.6630175159235668,0,30,None,66,1,5,False,1000,1000
16244,94,betCent,10,0.6637141719745223,0,30,None,66,1,5,False,1000,1000
16245,90,betCent,10,0.5483678343949044,0,31,None,66,1,5,False,1000,1000
16246,91,betCent,10,0.5704617834394905,0,31,None,66,1,5,False,1000,1000
16247,92,betCent,10,0.5889729299363057,0,31,None,66,1,5,False,1000,1000
16248,93,betCent,10,0.6024084394904459,0,31,None,66,1,5,False,1000,1000
16249,94,betCent,10,0.6142515923566879,0,31,None,66,1,5,False,1000,1000
16250,90,betCent,10,0.7156648089171974,0,27,None,66,1,5,False,1000,1000
16251,91,betCent,10,0.7182523885350318,0,27,None,66,1,5,False,1000,1000
16252,92,betCent,10,0.7190485668789809,0,27,None,66,1,5,False,1000,1000
16253,93,betCent,10,0.7200437898089171,0,27,None,66,1,5,False,1000,1000
16254,94,betCent,10,0.7203423566878981,0,27,None,66,1,5,False,1000,1000
16255,90,betCent,10,0.7125796178343949,0,28,None,66,1,5,False,1000,1000
16256,91,betCent,10,0.7137738853503185,0,28,None,66,1,5,False,1000,1000
16257,92,betCent,10,0.7158638535031847,0,28,None,66,1,5,False,1000,1000
16258,93,betCent,10,0.7161624203821656,0,28,None,66,1,5,False,1000,1000
16259,94,betCent,10,0.7158638535031847,0,28,None,66,1,5,False,1000,1000
16260,90,betCent,10,0.7091958598726115,0,7,None,66,1,5,False,1000,1000
16261,91,betCent,10,0.7120820063694268,0,7,None,66,1,5,False,1000,1000
16262,92,betCent,10,0.7148686305732485,0,7,None,66,1,5,False,1000,1000
16263,93,betCent,10,0.7163614649681529,0,7,None,66,1,5,False,1000,1000
16264,94,betCent,10,0.7175557324840764,0,7,None,66,1,5,False,1000,1000
16265,90,betCent,10,0.7146695859872612,0,16,None,66,1,5,False,1000,1000
16266,91,betCent,10,0.7166600318471338,0,16,None,66,1,5,False,1000,1000
16267,92,betCent,10,0.7189490445859873,0,16,None,66,1,5,False,1000,1000
16268,93,betCent,10,0.7201433121019108,0,16,None,66,1,5,False,1000,1000
16269,94,betCent,10,0.7215366242038217,0,16,None,66,1,5,False,1000,1000
16270,90,betCent,10,0.7229299363057324,0,0,None,66,1,5,False,1000,1000
16271,91,betCent,10,0.7237261146496815,0,0,None,66,1,5,False,1000,1000
16272,92,betCent,10,0.7240246815286624,0,0,None,66,1,5,False,1000,1000
16273,93,betCent,10,0.7248208598726115,0,0,None,66,1,5,False,1000,1000
16274,94,betCent,10,0.7261146496815286,0,0,None,66,1,5,False,1000,1000
16275,90,betCent,10,0.7275079617834395,0,3,None,66,1,5,False,1000,1000
16276,91,betCent,10,0.7295979299363057,0,3,None,66,1,5,False,1000,1000
16277,92,betCent,10,0.731687898089172,0,3,None,66,1,5,False,1000,1000
16278,93,betCent,10,0.7331807324840764,0,3,None,66,1,5,False,1000,1000
16279,94,betCent,10,0.7345740445859873,0,3,None,66,1,5,False,1000,1000
16280,90,betCent,10,0.7167595541401274,0,4,None,66,1,5,False,1000,1000
16281,91,betCent,10,0.7178542993630573,0,4,None,66,1,5,False,1000,1000
16282,92,betCent,10,0.7181528662420382,0,4,None,66,1,5,False,1000,1000
16283,93,betCent,10,0.71875,0,4,None,66,1,5,False,1000,1000
16284,94,betCent,10,0.7190485668789809,0,4,None,66,1,5,False,1000,1000
16285,90,betCent,10,0.7134753184713376,0,6,None,66,1,5,False,1000,1000
16286,91,betCent,10,0.7143710191082803,0,6,None,66,1,5,False,1000,1000
16287,92,betCent,10,0.7150676751592356,0,6,None,66,1,5,False,1000,1000
16288,93,betCent,10,0.7162619426751592,0,6,None,66,1,5,False,1000,1000
16289,94,betCent,10,0.7173566878980892,0,6,None,66,1,5,False,1000,1000
16290,90,betCent,10,0.6965565286624203,0,10,None,66,1,5,False,1000,1000
16291,91,betCent,10,0.699343152866242,0,10,None,66,1,5,False,1000,1000
16292,92,betCent,10,0.7019307324840764,0,10,None,66,1,5,False,1000,1000
16293,93,betCent,10,0.7040207006369427,0,10,None,66,1,5,False,1000,1000
16294,94,betCent,10,0.7062101910828026,0,10,None,66,1,5,False,1000,1000
16295,90,betCent,10,0.6875995222929936,0,20,None,66,1,5,False,1000,1000
16296,91,betCent,10,0.6887937898089171,0,20,None,66,1,5,False,1000,1000
16297,92,betCent,10,0.6900875796178344,0,20,None,66,1,5,False,1000,1000
16298,93,betCent,10,0.692078025477707,0,20,None,66,1,5,False,1000,1000
16299,94,betCent,10,0.6942675159235668,0,20,None,66,1,5,False,1000,1000
16300,90,betCent,10,0.6997412420382165,0,22,None,66,1,5,False,1000,1000
16301,91,betCent,10,0.7027269108280255,0,22,None,66,1,5,False,1000,1000
16302,92,betCent,10,0.705812101910828,0,22,None,66,1,5,False,1000,1000
16303,93,betCent,10,0.7078025477707006,0,22,None,66,1,5,False,1000,1000
16304,94,betCent,10,0.711484872611465,0,22,None,66,1,5,False,1000,1000
16305,90,betCent,10,0.7062101910828026,0,23,None,66,1,5,False,1000,1000
16306,91,betCent,10,0.7079020700636943,0,23,None,66,1,5,False,1000,1000
16307,92,betCent,10,0.7091958598726115,0,23,None,66,1,5,False,1000,1000
16308,93,betCent,10,0.709593949044586,0,23,None,66,1,5,False,1000,1000
16309,94,betCent,10,0.7106886942675159,0,23,None,66,1,5,False,1000,1000
16310,90,betCent,10,0.7056130573248408,0,32,None,66,1,5,False,1000,1000
16311,91,betCent,10,0.7076035031847133,0,32,None,66,1,5,False,1000,1000
16312,92,betCent,10,0.7096934713375797,0,32,None,66,1,5,False,1000,1000
16313,93,betCent,10,0.7110867834394905,0,32,None,66,1,5,False,1000,1000
16314,94,betCent,10,0.7125796178343949,0,32,None,66,1,5,False,1000,1000
16315,90,betCent,10,0.7238256369426752,0,18,None,66,1,5,False,1000,1000
16316,91,betCent,10,0.7250199044585988,0,18,None,66,1,5,False,1000,1000
16317,92,betCent,10,0.7255175159235668,0,18,None,66,1,5,False,1000,1000
16318,93,betCent,10,0.7259156050955414,0,18,None,66,1,5,False,1000,1000
16319,94,betCent,10,0.7272093949044586,0,18,None,66,1,5,False,1000,1000
16320,90,betCent,10,0.6960589171974523,0,8,None,66,1,5,False,1000,1000
16321,91,betCent,10,0.6981488853503185,0,8,None,66,1,5,False,1000,1000
16322,92,betCent,10,0.7013335987261147,0,8,None,66,1,5,False,1000,1000
16323,93,betCent,10,0.7044187898089171,0,8,None,66,1,5,False,1000,1000
16324,94,betCent,10,0.7072054140127388,0,8,None,66,1,5,False,1000,1000
16325,90,betCent,10,0.6367436305732485,0,19,None,66,1,5,False,1000,1000
16326,91,betCent,10,0.6394307324840764,0,19,None,66,1,5,False,1000,1000
16327,92,betCent,10,0.642515923566879,0,19,None,66,1,5,False,1000,1000
16328,93,betCent,10,0.6446058917197452,0,19,None,66,1,5,False,1000,1000
16329,94,betCent,10,0.6487858280254777,0,19,None,66,1,5,False,1000,1000
16330,90,betCent,10,0.6875,0,21,None,66,1,5,False,1000,1000
16331,91,betCent,10,0.690187101910828,0,21,None,66,1,5,False,1000,1000
16332,92,betCent,10,0.692078025477707,0,21,None,66,1,5,False,1000,1000
16333,93,betCent,10,0.6938694267515924,0,21,None,66,1,5,False,1000,1000
16334,94,betCent,10,0.6964570063694268,0,21,None,66,1,5,False,1000,1000
19470,95,betCent,10,0.725218949044586,0,2,None,66,1,5,False,1000,1000
19471,96,betCent,10,0.7264132165605095,0,2,None,66,1,5,False,1000,1000
19472,97,betCent,10,0.7274084394904459,0,2,None,66,1,5,False,1000,1000
19473,98,betCent,10,0.7291003184713376,0,2,None,66,1,5,False,1000,1000
19474,99,betCent,10,0.7299960191082803,0,2,None,66,1,5,False,1000,1000
19475,95,betCent,10,0.7247213375796179,0,5,None,66,1,5,False,1000,1000
19476,96,betCent,10,0.7274084394904459,0,5,None,66,1,5,False,1000,1000
19477,97,betCent,10,0.7299960191082803,0,5,None,66,1,5,False,1000,1000
19478,98,betCent,10,0.7321855095541401,0,5,None,66,1,5,False,1000,1000
19479,99,betCent,10,0.7336783439490446,0,5,None,66,1,5,False,1000,1000
19480,95,betCent,10,0.6909832802547771,0,13,None,66,1,5,False,1000,1000
19481,96,betCent,10,0.6932722929936306,0,13,None,66,1,5,False,1000,1000
19482,97,betCent,10,0.6944665605095541,0,13,None,66,1,5,False,1000,1000
19483,98,betCent,10,0.6969546178343949,0,13,None,66,1,5,False,1000,1000
19484,99,betCent,10,0.698546974522293,0,13,None,66,1,5,False,1000,1000
19485,95,betCent,10,0.7148686305732485,0,15,None,66,1,5,False,1000,1000
19486,96,betCent,10,0.7148686305732485,0,15,None,66,1,5,False,1000,1000
19487,97,betCent,10,0.7159633757961783,0,15,None,66,1,5,False,1000,1000
19488,98,betCent,10,0.7179538216560509,0,15,None,66,1,5,False,1000,1000
19489,99,betCent,10,0.7190485668789809,0,15,None,66,1,5,False,1000,1000
19490,95,betCent,10,0.6970541401273885,0,11,None,66,1,5,False,1000,1000
19491,96,betCent,10,0.6988455414012739,0,11,None,66,1,5,False,1000,1000
19492,97,betCent,10,0.7008359872611465,0,11,None,66,1,5,False,1000,1000
19493,98,betCent,10,0.7043192675159236,0,11,None,66,1,5,False,1000,1000
19494,99,betCent,10,0.7072054140127388,0,11,None,66,1,5,False,1000,1000
19495,95,betCent,10,0.7161624203821656,0,14,None,66,1,5,False,1000,1000
19496,96,betCent,10,0.7180533439490446,0,14,None,66,1,5,False,1000,1000
19497,97,betCent,10,0.7199442675159236,0,14,None,66,1,5,False,1000,1000
19498,98,betCent,10,0.7219347133757962,0,14,None,66,1,5,False,1000,1000
19499,99,betCent,10,0.7239251592356688,0,14,None,66,1,5,False,1000,1000
19500,95,betCent,10,0.7210390127388535,0,17,None,66,1,5,False,1000,1000
19501,96,betCent,10,0.7219347133757962,0,17,None,66,1,5,False,1000,1000
19502,97,betCent,10,0.7230294585987261,0,17,None,66,1,5,False,1000,1000
19503,98,betCent,10,0.723328025477707,0,17,None,66,1,5,False,1000,1000
19504,99,betCent,10,0.7250199044585988,0,17,None,66,1,5,False,1000,1000
19505,95,betCent,10,0.7018312101910829,0,21,None,66,1,5,False,1000,1000
19506,96,betCent,10,0.7035230891719745,0,21,None,66,1,5,False,1000,1000
19507,97,betCent,10,0.7064092356687898,0,21,None,66,1,5,False,1000,1000
19508,98,betCent,10,0.7084992038216561,0,21,None,66,1,5,False,1000,1000
19509,99,betCent,10,0.7107882165605095,0,21,None,66,1,5,False,1000,1000
19510,95,betCent,10,0.7303941082802548,0,25,None,66,1,5,False,1000,1000
19511,96,betCent,10,0.732484076433121,0,25,None,66,1,5,False,1000,1000
19512,97,betCent,10,0.7353702229299363,0,25,None,66,1,5,False,1000,1000
19513,98,betCent,10,0.7379578025477707,0,25,None,66,1,5,False,1000,1000
19514,99,betCent,10,0.7401472929936306,0,25,None,66,1,5,False,1000,1000
19515,95,betCent,10,0.6755573248407644,0,26,None,66,1,5,False,1000,1000
19516,96,betCent,10,0.6781449044585988,0,26,None,66,1,5,False,1000,1000
19517,97,betCent,10,0.6796377388535032,0,26,None,66,1,5,False,1000,1000
19518,98,betCent,10,0.6809315286624203,0,26,None,66,1,5,False,1000,1000
19519,99,betCent,10,0.6816281847133758,0,26,None,66,1,5,False,1000,1000
19520,95,betCent,10,0.6890923566878981,0,12,None,66,1,5,False,1000,1000
19521,96,betCent,10,0.6918789808917197,0,12,None,66,1,5,False,1000,1000
19522,97,betCent,10,0.6941679936305732,0,12,None,66,1,5,False,1000,1000
19523,98,betCent,10,0.6964570063694268,0,12,None,66,1,5,False,1000,1000
19524,99,betCent,10,0.6983479299363057,0,12,None,66,1,5,False,1000,1000
19525,95,betCent,10,0.6839171974522293,0,24,None,66,1,5,False,1000,1000
19526,96,betCent,10,0.6907842356687898,0,24,None,66,1,5,False,1000,1000
19527,97,betCent,10,0.6951632165605095,0,24,None,66,1,5,False,1000,1000
19528,98,betCent,10,0.6995421974522293,0,24,None,66,1,5,False,1000,1000
19529,99,betCent,10,0.703125,0,24,None,66,1,5,False,1000,1000
19530,95,betCent,10,0.714968152866242,0,29,None,66,1,5,False,1000,1000
19531,96,betCent,10,0.7174562101910829,0,29,None,66,1,5,False,1000,1000
19532,97,betCent,10,0.7188495222929936,0,29,None,66,1,5,False,1000,1000
19533,98,betCent,10,0.7184514331210191,0,29,None,66,1,5,False,1000,1000
19534,99,betCent,10,0.7185509554140127,0,29,None,66,1,5,False,1000,1000
19535,95,betCent,10,0.691281847133758,0,9,None,66,1,5,False,1000,1000
19536,96,betCent,10,0.6948646496815286,0,9,None,66,1,5,False,1000,1000
19537,97,betCent,10,0.6981488853503185,0,9,None,66,1,5,False,1000,1000
19538,98,betCent,10,0.7025278662420382,0,9,None,66,1,5,False,1000,1000
19539,99,betCent,10,0.7051154458598726,0,9,None,66,1,5,False,1000,1000
19540,95,betCent,10,0.6636146496815286,0,30,None,66,1,5,False,1000,1000
19541,96,betCent,10,0.6666003184713376,0,30,None,66,1,5,False,1000,1000
19542,97,betCent,10,0.668093152866242,0,30,None,66,1,5,False,1000,1000
19543,98,betCent,10,0.6703821656050956,0,30,None,66,1,5,False,1000,1000
19544,99,betCent,10,0.6724721337579618,0,30,None,66,1,5,False,1000,1000
19545,95,betCent,10,0.7223328025477707,0,27,None,66,1,5,False,1000,1000
19546,96,betCent,10,0.7245222929936306,0,27,None,66,1,5,False,1000,1000
19547,97,betCent,10,0.7257165605095541,0,27,None,66,1,5,False,1000,1000
19548,98,betCent,10,0.7266122611464968,0,27,None,66,1,5,False,1000,1000
19549,99,betCent,10,0.7282046178343949,0,27,None,66,1,5,False,1000,1000
19550,95,betCent,10,0.7164609872611465,0,7,None,66,1,5,False,1000,1000
19551,96,betCent,10,0.71765525477707,0,7,None,66,1,5,False,1000,1000
19552,97,betCent,10,0.7196457006369427,0,7,None,66,1,5,False,1000,1000
19553,98,betCent,10,0.7234275477707006,0,7,None,66,1,5,False,1000,1000
19554,99,betCent,10,0.7248208598726115,0,7,None,66,1,5,False,1000,1000
19555,95,betCent,10,0.5400079617834395,0,1,None,66,1,5,False,1000,1000
19556,96,betCent,10,0.5825039808917197,0,1,None,66,1,5,False,1000,1000
19557,97,betCent,10,0.6073845541401274,0,1,None,66,1,5,False,1000,1000
19558,98,betCent,10,0.6214171974522293,0,1,None,66,1,5,False,1000,1000
19559,99,betCent,10,0.6308718152866242,0,1,None,66,1,5,False,1000,1000
19560,95,betCent,10,0.7063097133757962,0,10,None,66,1,5,False,1000,1000
19561,96,betCent,10,0.7085987261146497,0,10,None,66,1,5,False,1000,1000
19562,97,betCent,10,0.711484872611465,0,10,None,66,1,5,False,1000,1000
19563,98,betCent,10,0.714171974522293,0,10,None,66,1,5,False,1000,1000
19564,99,betCent,10,0.7157643312101911,0,10,None,66,1,5,False,1000,1000
19565,95,betCent,10,0.721437101910828,0,6,None,66,1,5,False,1000,1000
19566,96,betCent,10,0.7228304140127388,0,6,None,66,1,5,False,1000,1000
19567,97,betCent,10,0.7242237261146497,0,6,None,66,1,5,False,1000,1000
19568,98,betCent,10,0.7256170382165605,0,6,None,66,1,5,False,1000,1000
19569,99,betCent,10,0.7269108280254777,0,6,None,66,1,5,False,1000,1000
19570,95,betCent,10,0.6976512738853503,0,20,None,66,1,5,False,1000,1000
19571,96,betCent,10,0.6983479299363057,0,20,None,66,1,5,False,1000,1000
19572,97,betCent,10,0.6991441082802548,0,20,None,66,1,5,False,1000,1000
19573,98,betCent,10,0.7008359872611465,0,20,None,66,1,5,False,1000,1000
19574,99,betCent,10,0.7025278662420382,0,20,None,66,1,5,False,1000,1000
19575,95,betCent,10,0.7100915605095541,0,22,None,66,1,5,False,1000,1000
19576,96,betCent,10,0.7123805732484076,0,22,None,66,1,5,False,1000,1000
19577,97,betCent,10,0.7158638535031847,0,22,None,66,1,5,False,1000,1000
19578,98,betCent,10,0.71875,0,22,None,66,1,5,False,1000,1000
19579,99,betCent,10,0.7207404458598726,0,22,None,66,1,5,False,1000,1000
19580,95,betCent,10,0.7148686305732485,0,23,None,66,1,5,False,1000,1000
19581,96,betCent,10,0.7156648089171974,0,23,None,66,1,5,False,1000,1000
19582,97,betCent,10,0.7175557324840764,0,23,None,66,1,5,False,1000,1000
19583,98,betCent,10,0.7191480891719745,0,23,None,66,1,5,False,1000,1000
19584,99,betCent,10,0.7210390127388535,0,23,None,66,1,5,False,1000,1000
19585,95,betCent,10,0.712281050955414,0,32,None,66,1,5,False,1000,1000
19586,96,betCent,10,0.7139729299363057,0,32,None,66,1,5,False,1000,1000
19587,97,betCent,10,0.7153662420382165,0,32,None,66,1,5,False,1000,1000
19588,98,betCent,10,0.7172571656050956,0,32,None,66,1,5,False,1000,1000
19589,99,betCent,10,0.7178542993630573,0,32,None,66,1,5,False,1000,1000
19590,95,betCent,10,0.7221337579617835,0,16,None,66,1,5,False,1000,1000
19591,96,betCent,10,0.7238256369426752,0,16,None,66,1,5,False,1000,1000
19592,97,betCent,10,0.725218949044586,0,16,None,66,1,5,False,1000,1000
19593,98,betCent,10,0.7268113057324841,0,16,None,66,1,5,False,1000,1000
19594,99,betCent,10,0.7291003184713376,0,16,None,66,1,5,False,1000,1000
19595,95,betCent,10,0.7212380573248408,0,4,None,66,1,5,False,1000,1000
19596,96,betCent,10,0.722531847133758,0,4,None,66,1,5,False,1000,1000
19597,97,betCent,10,0.7224323248407644,0,4,None,66,1,5,False,1000,1000
19598,98,betCent,10,0.7229299363057324,0,4,None,66,1,5,False,1000,1000
19599,99,betCent,10,0.7240246815286624,0,4,None,66,1,5,False,1000,1000
19600,95,betCent,10,0.7076035031847133,0,8,None,66,1,5,False,1000,1000
19601,96,betCent,10,0.7105891719745223,0,8,None,66,1,5,False,1000,1000
19602,97,betCent,10,0.7127786624203821,0,8,None,66,1,5,False,1000,1000
19603,98,betCent,10,0.7166600318471338,0,8,None,66,1,5,False,1000,1000
19604,99,betCent,10,0.7196457006369427,0,8,None,66,1,5,False,1000,1000
19605,95,betCent,10,0.7300955414012739,0,18,None,66,1,5,False,1000,1000
19606,96,betCent,10,0.731687898089172,0,18,None,66,1,5,False,1000,1000
19607,97,betCent,10,0.7338773885350318,0,18,None,66,1,5,False,1000,1000
19608,98,betCent,10,0.7347730891719745,0,18,None,66,1,5,False,1000,1000
19609,99,betCent,10,0.7358678343949044,0,18,None,66,1,5,False,1000,1000
19610,95,betCent,10,0.648984872611465,0,19,None,66,1,5,False,1000,1000
19611,96,betCent,10,0.6517714968152867,0,19,None,66,1,5,False,1000,1000
19612,97,betCent,10,0.6547571656050956,0,19,None,66,1,5,False,1000,1000
19613,98,betCent,10,0.6572452229299363,0,19,None,66,1,5,False,1000,1000
19614,99,betCent,10,0.6620222929936306,0,19,None,66,1,5,False,1000,1000
19615,95,betCent,10,0.5517515923566879,0,31,None,66,1,5,False,1000,1000
19616,96,betCent,10,0.5775278662420382,0,31,None,66,1,5,False,1000,1000
19617,97,betCent,10,0.5970342356687898,0,31,None,66,1,5,False,1000,1000
19618,98,betCent,10,0.611265923566879,0,31,None,66,1,5,False,1000,1000
19619,99,betCent,10,0.6242038216560509,0,31,None,66,1,5,False,1000,1000
19620,95,betCent,10,0.7291003184713376,0,0,None,66,1,5,False,1000,1000
19621,96,betCent,10,0.7293988853503185,0,0,None,66,1,5,False,1000,1000
19622,97,betCent,10,0.7300955414012739,0,0,None,66,1,5,False,1000,1000
19623,98,betCent,10,0.7303941082802548,0,0,None,66,1,5,False,1000,1000
19624,99,betCent,10,0.7315883757961783,0,0,None,66,1,5,False,1000,1000
19625,95,betCent,10,0.7215366242038217,0,28,None,66,1,5,False,1000,1000
19626,96,betCent,10,0.7212380573248408,0,28,None,66,1,5,False,1000,1000
19627,97,betCent,10,0.7237261146496815,0,28,None,66,1,5,False,1000,1000
19628,98,betCent,10,0.7255175159235668,0,28,None,66,1,5,False,1000,1000
19629,99,betCent,10,0.726015127388535,0,28,None,66,1,5,False,1000,1000
19630,95,betCent,10,0.7356687898089171,0,3,None,66,1,5,False,1000,1000
19631,96,betCent,10,0.7374601910828026,0,3,None,66,1,5,False,1000,1000
19632,97,betCent,10,0.7393511146496815,0,3,None,66,1,5,False,1000,1000
19633,98,betCent,10,0.7413415605095541,0,3,None,66,1,5,False,1000,1000
19634,99,betCent,10,0.7431329617834395,0,3,None,66,1,5,False,1000,1000
19635,100,betCent,10,0.5483678343949044,0,1,None,66,1,5,False,1000,1000
19636,101,betCent,10,0.5955414012738853,0,1,None,66,1,5,False,1000,1000
19637,102,betCent,10,0.6207205414012739,0,1,None,66,1,5,False,1000,1000
19638,103,betCent,10,0.6328622611464968,0,1,None,66,1,5,False,1000,1000
19639,104,betCent,10,0.6427149681528662,0,1,None,66,1,5,False,1000,1000
19640,100,betCent,10,0.73328025477707,0,2,None,66,1,5,False,1000,1000
19641,101,betCent,10,0.7340764331210191,0,2,None,66,1,5,False,1000,1000
19642,102,betCent,10,0.7351711783439491,0,2,None,66,1,5,False,1000,1000
19643,103,betCent,10,0.736265923566879,0,2,None,66,1,5,False,1000,1000
19644,104,betCent,10,0.738156847133758,0,2,None,66,1,5,False,1000,1000
19645,100,betCent,10,0.7329816878980892,0,5,None,66,1,5,False,1000,1000
19646,101,betCent,10,0.734375,0,5,None,66,1,5,False,1000,1000
19647,102,betCent,10,0.7353702229299363,0,5,None,66,1,5,False,1000,1000
19648,103,betCent,10,0.7371616242038217,0,5,None,66,1,5,False,1000,1000
19649,104,betCent,10,0.7380573248407644,0,5,None,66,1,5,False,1000,1000
19650,100,betCent,10,0.713077229299363,0,21,None,66,1,5,False,1000,1000
19651,101,betCent,10,0.7152667197452229,0,21,None,66,1,5,False,1000,1000
19652,102,betCent,10,0.7175557324840764,0,21,None,66,1,5,False,1000,1000
19653,103,betCent,10,0.7193471337579618,0,21,None,66,1,5,False,1000,1000
19654,104,betCent,10,0.7210390127388535,0,21,None,66,1,5,False,1000,1000
19655,100,betCent,10,0.7211385350318471,0,23,None,66,1,5,False,1000,1000
19656,101,betCent,10,0.7226313694267515,0,23,None,66,1,5,False,1000,1000
19657,102,betCent,10,0.7234275477707006,0,23,None,66,1,5,False,1000,1000
19658,103,betCent,10,0.7250199044585988,0,23,None,66,1,5,False,1000,1000
19659,104,betCent,10,0.7267117834394905,0,23,None,66,1,5,False,1000,1000
19660,100,betCent,10,0.7306926751592356,0,28,None,66,1,5,False,1000,1000
19661,101,betCent,10,0.7310907643312102,0,28,None,66,1,5,False,1000,1000
19662,102,betCent,10,0.7319864649681529,0,28,None,66,1,5,False,1000,1000
19663,103,betCent,10,0.7327826433121019,0,28,None,66,1,5,False,1000,1000
19664,104,betCent,10,0.7329816878980892,0,28,None,66,1,5,False,1000,1000
19665,100,betCent,10,0.7257165605095541,0,7,None,66,1,5,False,1000,1000
19666,101,betCent,10,0.727906050955414,0,7,None,66,1,5,False,1000,1000
19667,102,betCent,10,0.7293988853503185,0,7,None,66,1,5,False,1000,1000
19668,103,betCent,10,0.7320859872611465,0,7,None,66,1,5,False,1000,1000
19669,104,betCent,10,0.7338773885350318,0,7,None,66,1,5,False,1000,1000
19670,100,betCent,10,0.7164609872611465,0,32,None,66,1,5,False,1000,1000
19671,101,betCent,10,0.7172571656050956,0,32,None,66,1,5,False,1000,1000
19672,102,betCent,10,0.7192476114649682,0,32,None,66,1,5,False,1000,1000
19673,103,betCent,10,0.7221337579617835,0,32,None,66,1,5,False,1000,1000
19674,104,betCent,10,0.724422770700637,0,32,None,66,1,5,False,1000,1000
19675,100,betCent,10,0.6995421974522293,0,13,None,66,1,5,False,1000,1000
19676,101,betCent,10,0.7013335987261147,0,13,None,66,1,5,False,1000,1000
19677,102,betCent,10,0.7025278662420382,0,13,None,66,1,5,False,1000,1000
19678,103,betCent,10,0.7041202229299363,0,13,None,66,1,5,False,1000,1000
19679,104,betCent,10,0.705812101910828,0,13,None,66,1,5,False,1000,1000
19680,100,betCent,10,0.6953622611464968,0,12,None,66,1,5,False,1000,1000
19681,101,betCent,10,0.6979498407643312,0,12,None,66,1,5,False,1000,1000
19682,102,betCent,10,0.7018312101910829,0,12,None,66,1,5,False,1000,1000
19683,103,betCent,10,0.7046178343949044,0,12,None,66,1,5,False,1000,1000
19684,104,betCent,10,0.7067078025477707,0,12,None,66,1,5,False,1000,1000
19685,100,betCent,10,0.6831210191082803,0,26,None,66,1,5,False,1000,1000
19686,101,betCent,10,0.683718152866242,0,26,None,66,1,5,False,1000,1000
19687,102,betCent,10,0.6849124203821656,0,26,None,66,1,5,False,1000,1000
19688,103,betCent,10,0.6866042993630573,0,26,None,66,1,5,False,1000,1000
19689,104,betCent,10,0.6871019108280255,0,26,None,66,1,5,False,1000,1000
19690,100,betCent,10,0.725218949044586,0,15,None,66,1,5,False,1000,1000
19691,101,betCent,10,0.7257165605095541,0,15,None,66,1,5,False,1000,1000
19692,102,betCent,10,0.7276074840764332,0,15,None,66,1,5,False,1000,1000
19693,103,betCent,10,0.7294984076433121,0,15,None,66,1,5,False,1000,1000
19694,104,betCent,10,0.7294984076433121,0,15,None,66,1,5,False,1000,1000
19695,100,betCent,10,0.7154657643312102,0,10,None,66,1,5,False,1000,1000
19696,101,betCent,10,0.7180533439490446,0,10,None,66,1,5,False,1000,1000
19697,102,betCent,10,0.7201433121019108,0,10,None,66,1,5,False,1000,1000
19698,103,betCent,10,0.7220342356687898,0,10,None,66,1,5,False,1000,1000
19699,104,betCent,10,0.7240246815286624,0,10,None,66,1,5,False,1000,1000
19700,100,betCent,10,0.7117834394904459,0,11,None,66,1,5,False,1000,1000
19701,101,betCent,10,0.7147691082802548,0,11,None,66,1,5,False,1000,1000
19702,102,betCent,10,0.7171576433121019,0,11,None,66,1,5,False,1000,1000
19703,103,betCent,10,0.7190485668789809,0,11,None,66,1,5,False,1000,1000
19704,104,betCent,10,0.7222332802547771,0,11,None,66,1,5,False,1000,1000
19705,100,betCent,10,0.7282046178343949,0,17,None,66,1,5,False,1000,1000
19706,101,betCent,10,0.7294984076433121,0,17,None,66,1,5,False,1000,1000
19707,102,betCent,10,0.7308917197452229,0,17,None,66,1,5,False,1000,1000
19708,103,betCent,10,0.7323845541401274,0,17,None,66,1,5,False,1000,1000
19709,104,betCent,10,0.7337778662420382,0,17,None,66,1,5,False,1000,1000
19710,100,betCent,10,0.6805334394904459,0,24,None,66,1,5,False,1000,1000
19711,101,betCent,10,0.6889928343949044,0,24,None,66,1,5,False,1000,1000
19712,102,betCent,10,0.6962579617834395,0,24,None,66,1,5,False,1000,1000
19713,103,betCent,10,0.6987460191082803,0,24,None,66,1,5,False,1000,1000
19714,104,betCent,10,0.70203025477707,0,24,None,66,1,5,False,1000,1000
19715,100,betCent,10,0.7083001592356688,0,20,None,66,1,5,False,1000,1000
19716,101,betCent,10,0.7089968152866242,0,20,None,66,1,5,False,1000,1000
19717,102,betCent,10,0.7101910828025477,0,20,None,66,1,5,False,1000,1000
19718,103,betCent,10,0.7131767515923567,0,20,None,66,1,5,False,1000,1000
19719,104,betCent,10,0.7146695859872612,0,20,None,66,1,5,False,1000,1000
19720,100,betCent,10,0.5574243630573248,0,31,None,66,1,5,False,1000,1000
19721,101,betCent,10,0.5852906050955414,0,31,None,66,1,5,False,1000,1000
19722,102,betCent,10,0.6049960191082803,0,31,None,66,1,5,False,1000,1000
19723,103,betCent,10,0.6224124203821656,0,31,None,66,1,5,False,1000,1000
19724,104,betCent,10,0.6390326433121019,0,31,None,66,1,5,False,1000,1000
19725,100,betCent,10,0.671875,0,30,None,66,1,5,False,1000,1000
19726,101,betCent,10,0.6742635350318471,0,30,None,66,1,5,False,1000,1000
19727,102,betCent,10,0.6772492038216561,0,30,None,66,1,5,False,1000,1000
19728,103,betCent,10,0.6795382165605095,0,30,None,66,1,5,False,1000,1000
19729,104,betCent,10,0.6822253184713376,0,30,None,66,1,5,False,1000,1000
19730,100,betCent,10,0.7288017515923567,0,27,None,66,1,5,False,1000,1000
19731,101,betCent,10,0.7315883757961783,0,27,None,66,1,5,False,1000,1000
19732,102,betCent,10,0.732484076433121,0,27,None,66,1,5,False,1000,1000
19733,103,betCent,10,0.7346735668789809,0,27,None,66,1,5,False,1000,1000
19734,104,betCent,10,0.7352707006369427,0,27,None,66,1,5,False,1000,1000
19735,100,betCent,10,0.7169585987261147,0,22,None,66,1,5,False,1000,1000
19736,101,betCent,10,0.71984474522293,0,22,None,66,1,5,False,1000,1000
19737,102,betCent,10,0.7237261146496815,0,22,None,66,1,5,False,1000,1000
19738,103,betCent,10,0.7267117834394905,0,22,None,66,1,5,False,1000,1000
19739,104,betCent,10,0.727906050955414,0,22,None,66,1,5,False,1000,1000
19740,100,betCent,10,0.7300955414012739,0,6,None,66,1,5,False,1000,1000
19741,101,betCent,10,0.7319864649681529,0,6,None,66,1,5,False,1000,1000
19742,102,betCent,10,0.7338773885350318,0,6,None,66,1,5,False,1000,1000
19743,103,betCent,10,0.734375,0,6,None,66,1,5,False,1000,1000
19744,104,betCent,10,0.7351711783439491,0,6,None,66,1,5,False,1000,1000
19745,100,betCent,10,0.7165605095541401,0,8,None,66,1,5,False,1000,1000
19746,101,betCent,10,0.7191480891719745,0,8,None,66,1,5,False,1000,1000
19747,102,betCent,10,0.7232285031847133,0,8,None,66,1,5,False,1000,1000
19748,103,betCent,10,0.725218949044586,0,8,None,66,1,5,False,1000,1000
19749,104,betCent,10,0.728702229299363,0,8,None,66,1,5,False,1000,1000
19750,100,betCent,10,0.7250199044585988,0,4,None,66,1,5,False,1000,1000
19751,101,betCent,10,0.7262141719745223,0,4,None,66,1,5,False,1000,1000
19752,102,betCent,10,0.7265127388535032,0,4,None,66,1,5,False,1000,1000
19753,103,betCent,10,0.7268113057324841,0,4,None,66,1,5,False,1000,1000
19754,104,betCent,10,0.7273089171974523,0,4,None,66,1,5,False,1000,1000
19755,100,betCent,10,0.7272093949044586,0,16,None,66,1,5,False,1000,1000
19756,101,betCent,10,0.7293988853503185,0,16,None,66,1,5,False,1000,1000
19757,102,betCent,10,0.7304936305732485,0,16,None,66,1,5,False,1000,1000
19758,103,betCent,10,0.7321855095541401,0,16,None,66,1,5,False,1000,1000
19759,104,betCent,10,0.7340764331210191,0,16,None,66,1,5,False,1000,1000
19760,100,betCent,10,0.7403463375796179,0,18,None,66,1,5,False,1000,1000
19761,101,betCent,10,0.7414410828025477,0,18,None,66,1,5,False,1000,1000
19762,102,betCent,10,0.7425358280254777,0,18,None,66,1,5,False,1000,1000
19763,103,betCent,10,0.7440286624203821,0,18,None,66,1,5,False,1000,1000
19764,104,betCent,10,0.7448248407643312,0,18,None,66,1,5,False,1000,1000
19765,100,betCent,10,0.6625199044585988,0,19,None,66,1,5,False,1000,1000
19766,101,betCent,10,0.6673964968152867,0,19,None,66,1,5,False,1000,1000
19767,102,betCent,10,0.6711783439490446,0,19,None,66,1,5,False,1000,1000
19768,103,betCent,10,0.6753582802547771,0,19,None,66,1,5,False,1000,1000
19769,104,betCent,10,0.6795382165605095,0,19,None,66,1,5,False,1000,1000
19770,100,betCent,10,0.7361664012738853,0,0,None,66,1,5,False,1000,1000
19771,101,betCent,10,0.7368630573248408,0,0,None,66,1,5,False,1000,1000
19772,102,betCent,10,0.7366640127388535,0,0,None,66,1,5,False,1000,1000
19773,103,betCent,10,0.7365644904458599,0,0,None,66,1,5,False,1000,1000
19774,104,betCent,10,0.7382563694267515,0,0,None,66,1,5,False,1000,1000
19775,100,betCent,10,0.7429339171974523,0,3,None,66,1,5,False,1000,1000
19776,101,betCent,10,0.7442277070063694,0,3,None,66,1,5,False,1000,1000
19777,102,betCent,10,0.7448248407643312,0,3,None,66,1,5,False,1000,1000
19778,103,betCent,10,0.7460191082802548,0,3,None,66,1,5,False,1000,1000
19779,104,betCent,10,0.7466162420382165,0,3,None,66,1,5,False,1000,1000
19780,100,betCent,10,0.727906050955414,0,14,None,66,1,5,False,1000,1000
19781,101,betCent,10,0.7288017515923567,0,14,None,66,1,5,False,1000,1000
19782,102,betCent,10,0.7306926751592356,0,14,None,66,1,5,False,1000,1000
19783,103,betCent,10,0.732484076433121,0,14,None,66,1,5,False,1000,1000
19784,104,betCent,10,0.7336783439490446,0,14,None,66,1,5,False,1000,1000
19785,100,betCent,10,0.6987460191082803,0,9,None,66,1,5,False,1000,1000
19786,101,betCent,10,0.7024283439490446,0,9,None,66,1,5,False,1000,1000
19787,102,betCent,10,0.7063097133757962,0,9,None,66,1,5,False,1000,1000
19788,103,betCent,10,0.7104896496815286,0,9,None,66,1,5,False,1000,1000
19789,104,betCent,10,0.7138734076433121,0,9,None,66,1,5,False,1000,1000
19790,100,betCent,10,0.7403463375796179,0,25,None,66,1,5,False,1000,1000
19791,101,betCent,10,0.7415406050955414,0,25,None,66,1,5,False,1000,1000
19792,102,betCent,10,0.7437300955414012,0,25,None,66,1,5,False,1000,1000
19793,103,betCent,10,0.7458200636942676,0,25,None,66,1,5,False,1000,1000
19794,104,betCent,10,0.7474124203821656,0,25,None,66,1,5,False,1000,1000
19795,100,betCent,10,0.7237261146496815,0,29,None,66,1,5,False,1000,1000
19796,101,betCent,10,0.7257165605095541,0,29,None,66,1,5,False,1000,1000
19797,102,betCent,10,0.7249203821656051,0,29,None,66,1,5,False,1000,1000
19798,103,betCent,10,0.7264132165605095,0,29,None,66,1,5,False,1000,1000
19799,104,betCent,10,0.7262141719745223,0,29,None,66,1,5,False,1000,1000
23265,105,betCent,10,0.5537420382165605,0,1,None,66,1,5,False,1000,1000
23266,106,betCent,10,0.6078821656050956,0,1,None,66,1,5,False,1000,1000
23267,107,betCent,10,0.6310708598726115,0,1,None,66,1,5,False,1000,1000
23268,108,betCent,10,0.6445063694267515,0,1,None,66,1,5,False,1000,1000
23269,109,betCent,10,0.6533638535031847,0,1,None,66,1,5,False,1000,1000
23270,105,betCent,10,0.7398487261146497,0,2,None,66,1,5,False,1000,1000
23271,106,betCent,10,0.7415406050955414,0,2,None,66,1,5,False,1000,1000
23272,107,betCent,10,0.7423367834394905,0,2,None,66,1,5,False,1000,1000
23273,108,betCent,10,0.7442277070063694,0,2,None,66,1,5,False,1000,1000
23274,109,betCent,10,0.745421974522293,0,2,None,66,1,5,False,1000,1000
23275,105,betCent,10,0.7375597133757962,0,5,None,66,1,5,False,1000,1000
23276,106,betCent,10,0.7411425159235668,0,5,None,66,1,5,False,1000,1000
23277,107,betCent,10,0.7422372611464968,0,5,None,66,1,5,False,1000,1000
23278,108,betCent,10,0.7439291401273885,0,5,None,66,1,5,False,1000,1000
23279,109,betCent,10,0.7457205414012739,0,5,None,66,1,5,False,1000,1000
23280,105,betCent,10,0.7334792993630573,0,15,None,66,1,5,False,1000,1000
23281,106,betCent,10,0.734375,0,15,None,66,1,5,False,1000,1000
23282,107,betCent,10,0.7346735668789809,0,15,None,66,1,5,False,1000,1000
23283,108,betCent,10,0.7359673566878981,0,15,None,66,1,5,False,1000,1000
23284,109,betCent,10,0.7379578025477707,0,15,None,66,1,5,False,1000,1000
23285,105,betCent,10,0.7241242038216561,0,10,None,66,1,5,False,1000,1000
23286,106,betCent,10,0.7258160828025477,0,10,None,66,1,5,False,1000,1000
23287,107,betCent,10,0.7277070063694268,0,10,None,66,1,5,False,1000,1000
23288,108,betCent,10,0.7291003184713376,0,10,None,66,1,5,False,1000,1000
23289,109,betCent,10,0.7307921974522293,0,10,None,66,1,5,False,1000,1000
23290,105,betCent,10,0.7256170382165605,0,11,None,66,1,5,False,1000,1000
23291,106,betCent,10,0.7264132165605095,0,11,None,66,1,5,False,1000,1000
23292,107,betCent,10,0.7281050955414012,0,11,None,66,1,5,False,1000,1000
23293,108,betCent,10,0.7309912420382165,0,11,None,66,1,5,False,1000,1000
23294,109,betCent,10,0.7331807324840764,0,11,None,66,1,5,False,1000,1000
23295,105,betCent,10,0.7259156050955414,0,8,None,66,1,5,False,1000,1000
23296,106,betCent,10,0.7293988853503185,0,8,None,66,1,5,False,1000,1000
23297,107,betCent,10,0.7317874203821656,0,8,None,66,1,5,False,1000,1000
23298,108,betCent,10,0.7349721337579618,0,8,None,66,1,5,False,1000,1000
23299,109,betCent,10,0.7365644904458599,0,8,None,66,1,5,False,1000,1000
23300,105,betCent,10,0.7179538216560509,0,20,None,66,1,5,False,1000,1000
23301,106,betCent,10,0.7196457006369427,0,20,None,66,1,5,False,1000,1000
23302,107,betCent,10,0.7215366242038217,0,20,None,66,1,5,False,1000,1000
23303,108,betCent,10,0.7221337579617835,0,20,None,66,1,5,False,1000,1000
23304,109,betCent,10,0.7236265923566879,0,20,None,66,1,5,False,1000,1000
23305,105,betCent,10,0.7353702229299363,0,14,None,66,1,5,False,1000,1000
23306,106,betCent,10,0.7372611464968153,0,14,None,66,1,5,False,1000,1000
23307,107,betCent,10,0.7387539808917197,0,14,None,66,1,5,False,1000,1000
23308,108,betCent,10,0.7399482484076433,0,14,None,66,1,5,False,1000,1000
23309,109,betCent,10,0.7410429936305732,0,14,None,66,1,5,False,1000,1000
23310,105,betCent,10,0.725218949044586,0,22,None,66,1,5,False,1000,1000
23311,106,betCent,10,0.7283041401273885,0,22,None,66,1,5,False,1000,1000
23312,107,betCent,10,0.7306926751592356,0,22,None,66,1,5,False,1000,1000
23313,108,betCent,10,0.7337778662420382,0,22,None,66,1,5,False,1000,1000
23314,109,betCent,10,0.7364649681528662,0,22,None,66,1,5,False,1000,1000
23315,105,betCent,10,0.7280055732484076,0,23,None,66,1,5,False,1000,1000
23316,106,betCent,10,0.728702229299363,0,23,None,66,1,5,False,1000,1000
23317,107,betCent,10,0.7293988853503185,0,23,None,66,1,5,False,1000,1000
23318,108,betCent,10,0.730593152866242,0,23,None,66,1,5,False,1000,1000
23319,109,betCent,10,0.7318869426751592,0,23,None,66,1,5,False,1000,1000
23320,105,betCent,10,0.7368630573248408,0,17,None,66,1,5,False,1000,1000
23321,106,betCent,10,0.7373606687898089,0,17,None,66,1,5,False,1000,1000
23322,107,betCent,10,0.7373606687898089,0,17,None,66,1,5,False,1000,1000
23323,108,betCent,10,0.7393511146496815,0,17,None,66,1,5,False,1000,1000
23324,109,betCent,10,0.7415406050955414,0,17,None,66,1,5,False,1000,1000
23325,105,betCent,10,0.7425358280254777,0,25,None,66,1,5,False,1000,1000
23326,106,betCent,10,0.7468152866242038,0,25,None,66,1,5,False,1000,1000
23327,107,betCent,10,0.7490047770700637,0,25,None,66,1,5,False,1000,1000
23328,108,betCent,10,0.7500995222929936,0,25,None,66,1,5,False,1000,1000
23329,109,betCent,10,0.7509952229299363,0,25,None,66,1,5,False,1000,1000
23330,105,betCent,10,0.6883957006369427,0,26,None,66,1,5,False,1000,1000
23331,106,betCent,10,0.6891918789808917,0,26,None,66,1,5,False,1000,1000
23332,107,betCent,10,0.6903861464968153,0,26,None,66,1,5,False,1000,1000
23333,108,betCent,10,0.6915804140127388,0,26,None,66,1,5,False,1000,1000
23334,109,betCent,10,0.6925756369426752,0,26,None,66,1,5,False,1000,1000
23335,105,betCent,10,0.7368630573248408,0,28,None,66,1,5,False,1000,1000
23336,106,betCent,10,0.7371616242038217,0,28,None,66,1,5,False,1000,1000
23337,107,betCent,10,0.7386544585987261,0,28,None,66,1,5,False,1000,1000
23338,108,betCent,10,0.7395501592356688,0,28,None,66,1,5,False,1000,1000
23339,109,betCent,10,0.7403463375796179,0,28,None,66,1,5,False,1000,1000
23340,105,betCent,10,0.7321855095541401,0,29,None,66,1,5,False,1000,1000
23341,106,betCent,10,0.732484076433121,0,29,None,66,1,5,False,1000,1000
23342,107,betCent,10,0.73328025477707,0,29,None,66,1,5,False,1000,1000
23343,108,betCent,10,0.7353702229299363,0,29,None,66,1,5,False,1000,1000
23344,109,betCent,10,0.7355692675159236,0,29,None,66,1,5,False,1000,1000
23345,105,betCent,10,0.7080015923566879,0,9,None,66,1,5,False,1000,1000
23346,106,betCent,10,0.7116839171974523,0,9,None,66,1,5,False,1000,1000
23347,107,betCent,10,0.714968152866242,0,9,None,66,1,5,False,1000,1000
23348,108,betCent,10,0.7171576433121019,0,9,None,66,1,5,False,1000,1000
23349,109,betCent,10,0.7193471337579618,0,9,None,66,1,5,False,1000,1000
23350,105,betCent,10,0.5590167197452229,0,31,None,66,1,5,False,1000,1000
23351,106,betCent,10,0.5908638535031847,0,31,None,66,1,5,False,1000,1000
23352,107,betCent,10,0.6154458598726115,0,31,None,66,1,5,False,1000,1000
23353,108,betCent,10,0.636046974522293,0,31,None,66,1,5,False,1000,1000
23354,109,betCent,10,0.6522691082802548,0,31,None,66,1,5,False,1000,1000
23355,105,betCent,10,0.747312898089172,0,18,None,66,1,5,False,1000,1000
23356,106,betCent,10,0.7485071656050956,0,18,None,66,1,5,False,1000,1000
23357,107,betCent,10,0.7492038216560509,0,18,None,66,1,5,False,1000,1000
23358,108,betCent,10,0.75,0,18,None,66,1,5,False,1000,1000
23359,109,betCent,10,0.7514928343949044,0,18,None,66,1,5,False,1000,1000
23360,105,betCent,10,0.7299960191082803,0,4,None,66,1,5,False,1000,1000
23361,106,betCent,10,0.7294984076433121,0,4,None,66,1,5,False,1000,1000
23362,107,betCent,10,0.7299960191082803,0,4,None,66,1,5,False,1000,1000
23363,108,betCent,10,0.7307921974522293,0,4,None,66,1,5,False,1000,1000
23364,109,betCent,10,0.7311902866242038,0,4,None,66,1,5,False,1000,1000
23365,105,betCent,10,0.7344745222929936,0,7,None,66,1,5,False,1000,1000
23366,106,betCent,10,0.7359673566878981,0,7,None,66,1,5,False,1000,1000
23367,107,betCent,10,0.7382563694267515,0,7,None,66,1,5,False,1000,1000
23368,108,betCent,10,0.7399482484076433,0,7,None,66,1,5,False,1000,1000
23369,109,betCent,10,0.7410429936305732,0,7,None,66,1,5,False,1000,1000
23370,105,betCent,10,0.7329816878980892,0,16,None,66,1,5,False,1000,1000
23371,106,betCent,10,0.7347730891719745,0,16,None,66,1,5,False,1000,1000
23372,107,betCent,10,0.7367635350318471,0,16,None,66,1,5,False,1000,1000
23373,108,betCent,10,0.7386544585987261,0,16,None,66,1,5,False,1000,1000
23374,109,betCent,10,0.7403463375796179,0,16,None,66,1,5,False,1000,1000
23375,105,betCent,10,0.748109076433121,0,3,None,66,1,5,False,1000,1000
23376,106,betCent,10,0.7494028662420382,0,3,None,66,1,5,False,1000,1000
23377,107,betCent,10,0.7499004777070064,0,3,None,66,1,5,False,1000,1000
23378,108,betCent,10,0.7506966560509554,0,3,None,66,1,5,False,1000,1000
23379,109,betCent,10,0.7515923566878981,0,3,None,66,1,5,False,1000,1000
23380,105,betCent,10,0.7223328025477707,0,32,None,66,1,5,False,1000,1000
23381,106,betCent,10,0.7245222929936306,0,32,None,66,1,5,False,1000,1000
23382,107,betCent,10,0.7276074840764332,0,32,None,66,1,5,False,1000,1000
23383,108,betCent,10,0.7291003184713376,0,32,None,66,1,5,False,1000,1000
23384,109,betCent,10,0.7304936305732485,0,32,None,66,1,5,False,1000,1000
23385,105,betCent,10,0.7059116242038217,0,13,None,66,1,5,False,1000,1000
23386,106,betCent,10,0.7075039808917197,0,13,None,66,1,5,False,1000,1000
23387,107,betCent,10,0.709593949044586,0,13,None,66,1,5,False,1000,1000
23388,108,betCent,10,0.7104896496815286,0,13,None,66,1,5,False,1000,1000
23389,109,betCent,10,0.7119824840764332,0,13,None,66,1,5,False,1000,1000
23390,105,betCent,10,0.7045183121019108,0,12,None,66,1,5,False,1000,1000
23391,106,betCent,10,0.706906847133758,0,12,None,66,1,5,False,1000,1000
23392,107,betCent,10,0.7086982484076433,0,12,None,66,1,5,False,1000,1000
23393,108,betCent,10,0.7104896496815286,0,12,None,66,1,5,False,1000,1000
23394,109,betCent,10,0.7128781847133758,0,12,None,66,1,5,False,1000,1000
23395,105,betCent,10,0.6774482484076433,0,19,None,66,1,5,False,1000,1000
23396,106,betCent,10,0.6826234076433121,0,19,None,66,1,5,False,1000,1000
23397,107,betCent,10,0.6844148089171974,0,19,None,66,1,5,False,1000,1000
23398,108,betCent,10,0.6883957006369427,0,19,None,66,1,5,False,1000,1000
23399,109,betCent,10,0.6921775477707006,0,19,None,66,1,5,False,1000,1000
23400,105,betCent,10,0.7246218152866242,0,21,None,66,1,5,False,1000,1000
23401,106,betCent,10,0.7263136942675159,0,21,None,66,1,5,False,1000,1000
23402,107,betCent,10,0.7281050955414012,0,21,None,66,1,5,False,1000,1000
23403,108,betCent,10,0.7293988853503185,0,21,None,66,1,5,False,1000,1000
23404,109,betCent,10,0.7312898089171974,0,21,None,66,1,5,False,1000,1000
23405,105,betCent,10,0.7413415605095541,0,0,None,66,1,5,False,1000,1000
23406,106,betCent,10,0.7417396496815286,0,0,None,66,1,5,False,1000,1000
23407,107,betCent,10,0.7424363057324841,0,0,None,66,1,5,False,1000,1000
23408,108,betCent,10,0.7433320063694268,0,0,None,66,1,5,False,1000,1000
23409,109,betCent,10,0.7426353503184714,0,0,None,66,1,5,False,1000,1000
23410,105,betCent,10,0.6723726114649682,0,24,None,66,1,5,False,1000,1000
23411,106,betCent,10,0.6850119426751592,0,24,None,66,1,5,False,1000,1000
23412,107,betCent,10,0.6936703821656051,0,24,None,66,1,5,False,1000,1000
23413,108,betCent,10,0.6998407643312102,0,24,None,66,1,5,False,1000,1000
23414,109,betCent,10,0.7028264331210191,0,24,None,66,1,5,False,1000,1000
23415,110,betCent,10,0.7407444267515924,0,15,None,66,1,5,False,1000,1000
23416,111,betCent,10,0.7417396496815286,0,15,None,66,1,5,False,1000,1000
23417,112,betCent,10,0.7419386942675159,0,15,None,66,1,5,False,1000,1000
23418,113,betCent,10,0.7421377388535032,0,15,None,66,1,5,False,1000,1000
23419,114,betCent,10,0.7434315286624203,0,15,None,66,1,5,False,1000,1000
23420,110,betCent,10,0.690187101910828,0,19,None,66,1,5,False,1000,1000
23421,111,betCent,10,0.6928742038216561,0,19,None,66,1,5,False,1000,1000
23422,112,betCent,10,0.6971536624203821,0,19,None,66,1,5,False,1000,1000
23423,113,betCent,10,0.7000398089171974,0,19,None,66,1,5,False,1000,1000
23424,114,betCent,10,0.7032245222929936,0,19,None,66,1,5,False,1000,1000
23425,110,betCent,10,0.7334792993630573,0,11,None,66,1,5,False,1000,1000
23426,111,betCent,10,0.7360668789808917,0,11,None,66,1,5,False,1000,1000
23427,112,betCent,10,0.7387539808917197,0,11,None,66,1,5,False,1000,1000
23428,113,betCent,10,0.7409434713375797,0,11,None,66,1,5,False,1000,1000
23429,114,betCent,10,0.7418391719745223,0,11,None,66,1,5,False,1000,1000
23430,105,betCent,10,0.736265923566879,0,27,None,66,1,5,False,1000,1000
23431,106,betCent,10,0.7393511146496815,0,27,None,66,1,5,False,1000,1000
23432,107,betCent,10,0.741640127388535,0,27,None,66,1,5,False,1000,1000
23433,108,betCent,10,0.7420382165605095,0,27,None,66,1,5,False,1000,1000
23434,109,betCent,10,0.7431329617834395,0,27,None,66,1,5,False,1000,1000
23435,105,betCent,10,0.7372611464968153,0,6,None,66,1,5,False,1000,1000
23436,106,betCent,10,0.7387539808917197,0,6,None,66,1,5,False,1000,1000
23437,107,betCent,10,0.740843949044586,0,6,None,66,1,5,False,1000,1000
23438,108,betCent,10,0.7423367834394905,0,6,None,66,1,5,False,1000,1000
23439,109,betCent,10,0.7431329617834395,0,6,None,66,1,5,False,1000,1000
23440,105,betCent,10,0.6816281847133758,0,30,None,66,1,5,False,1000,1000
23441,106,betCent,10,0.6845143312101911,0,30,None,66,1,5,False,1000,1000
23442,107,betCent,10,0.6868033439490446,0,30,None,66,1,5,False,1000,1000
23443,108,betCent,10,0.6887937898089171,0,30,None,66,1,5,False,1000,1000
23444,109,betCent,10,0.6925756369426752,0,30,None,66,1,5,False,1000,1000
23445,110,betCent,10,0.7436305732484076,0,17,None,66,1,5,False,1000,1000
23446,111,betCent,10,0.7448248407643312,0,17,None,66,1,5,False,1000,1000
23447,112,betCent,10,0.7461186305732485,0,17,None,66,1,5,False,1000,1000
23448,113,betCent,10,0.7468152866242038,0,17,None,66,1,5,False,1000,1000
23449,114,betCent,10,0.7486066878980892,0,17,None,66,1,5,False,1000,1000
23450,110,betCent,10,0.5584195859872612,0,1,None,66,1,5,False,1000,1000
23451,111,betCent,10,0.6189291401273885,0,1,None,66,1,5,False,1000,1000
23452,112,betCent,10,0.642515923566879,0,1,None,66,1,5,False,1000,1000
23453,113,betCent,10,0.6527667197452229,0,1,None,66,1,5,False,1000,1000
23454,114,betCent,10,0.6613256369426752,0,1,None,66,1,5,False,1000,1000
23455,110,betCent,10,0.7493033439490446,0,2,None,66,1,5,False,1000,1000
23456,111,betCent,10,0.7487062101910829,0,2,None,66,1,5,False,1000,1000
23457,112,betCent,10,0.7497014331210191,0,2,None,66,1,5,False,1000,1000
23458,113,betCent,10,0.7504976114649682,0,2,None,66,1,5,False,1000,1000
23459,114,betCent,10,0.7503980891719745,0,2,None,66,1,5,False,1000,1000
23460,110,betCent,10,0.7456210191082803,0,28,None,66,1,5,False,1000,1000
23461,111,betCent,10,0.7448248407643312,0,28,None,66,1,5,False,1000,1000
23462,112,betCent,10,0.7457205414012739,0,28,None,66,1,5,False,1000,1000
23463,113,betCent,10,0.7469148089171974,0,28,None,66,1,5,False,1000,1000
23464,114,betCent,10,0.7480095541401274,0,28,None,66,1,5,False,1000,1000
23465,110,betCent,10,0.7329816878980892,0,21,None,66,1,5,False,1000,1000
23466,111,betCent,10,0.7336783439490446,0,21,None,66,1,5,False,1000,1000
23467,112,betCent,10,0.7349721337579618,0,21,None,66,1,5,False,1000,1000
23468,113,betCent,10,0.7363654458598726,0,21,None,66,1,5,False,1000,1000
23469,114,betCent,10,0.7391520700636943,0,21,None,66,1,5,False,1000,1000
23470,110,betCent,10,0.7364649681528662,0,29,None,66,1,5,False,1000,1000
23471,111,betCent,10,0.7376592356687898,0,29,None,66,1,5,False,1000,1000
23472,112,betCent,10,0.7395501592356688,0,29,None,66,1,5,False,1000,1000
23473,113,betCent,10,0.7397492038216561,0,29,None,66,1,5,False,1000,1000
23474,114,betCent,10,0.7414410828025477,0,29,None,66,1,5,False,1000,1000
23475,110,betCent,10,0.7533837579617835,0,18,None,66,1,5,False,1000,1000
23476,111,betCent,10,0.755672770700637,0,18,None,66,1,5,False,1000,1000
23477,112,betCent,10,0.756468949044586,0,18,None,66,1,5,False,1000,1000
23478,113,betCent,10,0.7559713375796179,0,18,None,66,1,5,False,1000,1000
23479,114,betCent,10,0.7568670382165605,0,18,None,66,1,5,False,1000,1000
23480,110,betCent,10,0.7310907643312102,0,10,None,66,1,5,False,1000,1000
23481,111,betCent,10,0.7317874203821656,0,10,None,66,1,5,False,1000,1000
23482,112,betCent,10,0.7344745222929936,0,10,None,66,1,5,False,1000,1000
23483,113,betCent,10,0.7357683121019108,0,10,None,66,1,5,False,1000,1000
23484,114,betCent,10,0.7375597133757962,0,10,None,66,1,5,False,1000,1000
23485,110,betCent,10,0.7351711783439491,0,8,None,66,1,5,False,1000,1000
23486,111,betCent,10,0.7382563694267515,0,8,None,66,1,5,False,1000,1000
23487,112,betCent,10,0.7396496815286624,0,8,None,66,1,5,False,1000,1000
23488,113,betCent,10,0.7415406050955414,0,8,None,66,1,5,False,1000,1000
23489,114,betCent,10,0.7432324840764332,0,8,None,66,1,5,False,1000,1000
23490,110,betCent,10,0.7289012738853503,0,20,None,66,1,5,False,1000,1000
23491,111,betCent,10,0.7295979299363057,0,20,None,66,1,5,False,1000,1000
23492,112,betCent,10,0.7311902866242038,0,20,None,66,1,5,False,1000,1000
23493,113,betCent,10,0.73328025477707,0,20,None,66,1,5,False,1000,1000
23494,114,betCent,10,0.734375,0,20,None,66,1,5,False,1000,1000
23495,110,betCent,10,0.7438296178343949,0,5,None,66,1,5,False,1000,1000
23496,111,betCent,10,0.747312898089172,0,5,None,66,1,5,False,1000,1000
23497,112,betCent,10,0.7485071656050956,0,5,None,66,1,5,False,1000,1000
23498,113,betCent,10,0.7501990445859873,0,5,None,66,1,5,False,1000,1000
23499,114,betCent,10,0.7513933121019108,0,5,None,66,1,5,False,1000,1000
23500,110,betCent,10,0.7399482484076433,0,16,None,66,1,5,False,1000,1000
23501,111,betCent,10,0.7422372611464968,0,16,None,66,1,5,False,1000,1000
23502,112,betCent,10,0.7439291401273885,0,16,None,66,1,5,False,1000,1000
23503,113,betCent,10,0.7455214968152867,0,16,None,66,1,5,False,1000,1000
23504,114,betCent,10,0.7459195859872612,0,16,None,66,1,5,False,1000,1000
23505,110,betCent,10,0.7409434713375797,0,7,None,66,1,5,False,1000,1000
23506,111,betCent,10,0.7432324840764332,0,7,None,66,1,5,False,1000,1000
23507,112,betCent,10,0.7447253184713376,0,7,None,66,1,5,False,1000,1000
23508,113,betCent,10,0.7455214968152867,0,7,None,66,1,5,False,1000,1000
23509,114,betCent,10,0.7480095541401274,0,7,None,66,1,5,False,1000,1000
23510,110,betCent,10,0.7304936305732485,0,32,None,66,1,5,False,1000,1000
23511,111,betCent,10,0.7326831210191083,0,32,None,66,1,5,False,1000,1000
23512,112,betCent,10,0.7342754777070064,0,32,None,66,1,5,False,1000,1000
23513,113,betCent,10,0.7356687898089171,0,32,None,66,1,5,False,1000,1000
23514,114,betCent,10,0.7369625796178344,0,32,None,66,1,5,False,1000,1000
23515,110,betCent,10,0.7125796178343949,0,13,None,66,1,5,False,1000,1000
23516,111,betCent,10,0.7140724522292994,0,13,None,66,1,5,False,1000,1000
23517,112,betCent,10,0.7159633757961783,0,13,None,66,1,5,False,1000,1000
23518,113,betCent,10,0.7169585987261147,0,13,None,66,1,5,False,1000,1000
23519,114,betCent,10,0.7184514331210191,0,13,None,66,1,5,False,1000,1000
23520,110,betCent,10,0.7523885350318471,0,25,None,66,1,5,False,1000,1000
23521,111,betCent,10,0.7535828025477707,0,25,None,66,1,5,False,1000,1000
23522,112,betCent,10,0.7558718152866242,0,25,None,66,1,5,False,1000,1000
23523,113,betCent,10,0.7573646496815286,0,25,None,66,1,5,False,1000,1000
23524,114,betCent,10,0.7580613057324841,0,25,None,66,1,5,False,1000,1000
23525,110,betCent,10,0.7531847133757962,0,3,None,66,1,5,False,1000,1000
23526,111,betCent,10,0.7536823248407644,0,3,None,66,1,5,False,1000,1000
23527,112,betCent,10,0.7550756369426752,0,3,None,66,1,5,False,1000,1000
23528,113,betCent,10,0.7560708598726115,0,3,None,66,1,5,False,1000,1000
23529,114,betCent,10,0.7570660828025477,0,3,None,66,1,5,False,1000,1000
23530,110,betCent,10,0.7131767515923567,0,9,None,66,1,5,False,1000,1000
23531,111,betCent,10,0.7155652866242038,0,9,None,66,1,5,False,1000,1000
23532,112,betCent,10,0.7184514331210191,0,9,None,66,1,5,False,1000,1000
23533,113,betCent,10,0.722531847133758,0,9,None,66,1,5,False,1000,1000
23534,114,betCent,10,0.7248208598726115,0,9,None,66,1,5,False,1000,1000
23535,110,betCent,10,0.7449243630573248,0,14,None,66,1,5,False,1000,1000
23536,111,betCent,10,0.7464171974522293,0,14,None,66,1,5,False,1000,1000
23537,112,betCent,10,0.7467157643312102,0,14,None,66,1,5,False,1000,1000
23538,113,betCent,10,0.7479100318471338,0,14,None,66,1,5,False,1000,1000
23539,114,betCent,10,0.7474124203821656,0,14,None,66,1,5,False,1000,1000
23540,110,betCent,10,0.7351711783439491,0,22,None,66,1,5,False,1000,1000
23541,111,betCent,10,0.7372611464968153,0,22,None,66,1,5,False,1000,1000
23542,112,betCent,10,0.7405453821656051,0,22,None,66,1,5,False,1000,1000
23543,113,betCent,10,0.7423367834394905,0,22,None,66,1,5,False,1000,1000
23544,114,betCent,10,0.7447253184713376,0,22,None,66,1,5,False,1000,1000
23545,110,betCent,10,0.6665007961783439,0,24,None,66,1,5,False,1000,1000
23546,111,betCent,10,0.6797372611464968,0,24,None,66,1,5,False,1000,1000
23547,112,betCent,10,0.6950636942675159,0,24,None,66,1,5,False,1000,1000
23548,113,betCent,10,0.6967555732484076,0,24,None,66,1,5,False,1000,1000
23549,114,betCent,10,0.7090963375796179,0,24,None,66,1,5,False,1000,1000
23550,110,betCent,10,0.5597133757961783,0,31,None,66,1,5,False,1000,1000
23551,111,betCent,10,0.5941480891719745,0,31,None,66,1,5,False,1000,1000
23552,112,betCent,10,0.6225119426751592,0,31,None,66,1,5,False,1000,1000
23553,113,betCent,10,0.6454020700636943,0,31,None,66,1,5,False,1000,1000
23554,114,betCent,10,0.6643113057324841,0,31,None,66,1,5,False,1000,1000
23555,110,betCent,10,0.6908837579617835,0,30,None,66,1,5,False,1000,1000
23556,111,betCent,10,0.6946656050955414,0,30,None,66,1,5,False,1000,1000
23557,112,betCent,10,0.6988455414012739,0,30,None,66,1,5,False,1000,1000
23558,113,betCent,10,0.7006369426751592,0,30,None,66,1,5,False,1000,1000
23559,114,betCent,10,0.7026273885350318,0,30,None,66,1,5,False,1000,1000
23560,110,betCent,10,0.7453224522292994,0,27,None,66,1,5,False,1000,1000
23561,111,betCent,10,0.7469148089171974,0,27,None,66,1,5,False,1000,1000
23562,112,betCent,10,0.7482085987261147,0,27,None,66,1,5,False,1000,1000
23563,113,betCent,10,0.7499004777070064,0,27,None,66,1,5,False,1000,1000
23564,114,betCent,10,0.7493033439490446,0,27,None,66,1,5,False,1000,1000
23565,110,betCent,10,0.7453224522292994,0,6,None,66,1,5,False,1000,1000
23566,111,betCent,10,0.7464171974522293,0,6,None,66,1,5,False,1000,1000
23567,112,betCent,10,0.747312898089172,0,6,None,66,1,5,False,1000,1000
23568,113,betCent,10,0.7488057324840764,0,6,None,66,1,5,False,1000,1000
23569,114,betCent,10,0.75,0,6,None,66,1,5,False,1000,1000
23570,110,betCent,10,0.710390127388535,0,12,None,66,1,5,False,1000,1000
23571,111,betCent,10,0.7129777070063694,0,12,None,66,1,5,False,1000,1000
23572,112,betCent,10,0.7152667197452229,0,12,None,66,1,5,False,1000,1000
23573,113,betCent,10,0.7177547770700637,0,12,None,66,1,5,False,1000,1000
23574,114,betCent,10,0.7193471337579618,0,12,None,66,1,5,False,1000,1000
23575,110,betCent,10,0.6934713375796179,0,26,None,66,1,5,False,1000,1000
23576,111,betCent,10,0.6933718152866242,0,26,None,66,1,5,False,1000,1000
23577,112,betCent,10,0.6940684713375797,0,26,None,66,1,5,False,1000,1000
23578,113,betCent,10,0.6950636942675159,0,26,None,66,1,5,False,1000,1000
23579,114,betCent,10,0.6967555732484076,0,26,None,66,1,5,False,1000,1000
23580,110,betCent,10,0.7349721337579618,0,4,None,66,1,5,False,1000,1000
23581,111,betCent,10,0.7347730891719745,0,4,None,66,1,5,False,1000,1000
23582,112,betCent,10,0.7348726114649682,0,4,None,66,1,5,False,1000,1000
23583,113,betCent,10,0.7359673566878981,0,4,None,66,1,5,False,1000,1000
23584,114,betCent,10,0.7361664012738853,0,4,None,66,1,5,False,1000,1000
23585,110,betCent,10,0.7442277070063694,0,0,None,66,1,5,False,1000,1000
23586,111,betCent,10,0.7448248407643312,0,0,None,66,1,5,False,1000,1000
23587,112,betCent,10,0.7456210191082803,0,0,None,66,1,5,False,1000,1000
23588,113,betCent,10,0.7459195859872612,0,0,None,66,1,5,False,1000,1000
23589,114,betCent,10,0.7469148089171974,0,0,None,66,1,5,False,1000,1000
23590,110,betCent,10,0.7330812101910829,0,23,None,66,1,5,False,1000,1000
23591,111,betCent,10,0.7336783439490446,0,23,None,66,1,5,False,1000,1000
23592,112,betCent,10,0.7353702229299363,0,23,None,66,1,5,False,1000,1000
23593,113,betCent,10,0.7368630573248408,0,23,None,66,1,5,False,1000,1000
23594,114,betCent,10,0.7377587579617835,0,23,None,66,1,5,False,1000,1000
23760,115,betCent,10,0.7514928343949044,0,17,None,66,1,5,False,1000,1000
23761,116,betCent,10,0.7516918789808917,0,17,None,66,1,5,False,1000,1000
23762,117,betCent,10,0.7519904458598726,0,17,None,66,1,5,False,1000,1000
23763,118,betCent,10,0.7527866242038217,0,17,None,66,1,5,False,1000,1000
23764,119,betCent,10,0.7534832802547771,0,17,None,66,1,5,False,1000,1000
23765,115,betCent,10,0.7405453821656051,0,22,None,66,1,5,False,1000,1000
23766,116,betCent,10,0.7426353503184714,0,22,None,66,1,5,False,1000,1000
23767,117,betCent,10,0.7456210191082803,0,22,None,66,1,5,False,1000,1000
23768,118,betCent,10,0.7478105095541401,0,22,None,66,1,5,False,1000,1000
23769,119,betCent,10,0.7496019108280255,0,22,None,66,1,5,False,1000,1000
23770,115,betCent,10,0.7378582802547771,0,20,None,66,1,5,False,1000,1000
23771,116,betCent,10,0.7393511146496815,0,20,None,66,1,5,False,1000,1000
23772,117,betCent,10,0.7403463375796179,0,20,None,66,1,5,False,1000,1000
23773,118,betCent,10,0.7423367834394905,0,20,None,66,1,5,False,1000,1000
23774,119,betCent,10,0.7432324840764332,0,20,None,66,1,5,False,1000,1000
23775,115,betCent,10,0.7380573248407644,0,23,None,66,1,5,False,1000,1000
23776,116,betCent,10,0.7390525477707006,0,23,None,66,1,5,False,1000,1000
23777,117,betCent,10,0.7398487261146497,0,23,None,66,1,5,False,1000,1000
23778,118,betCent,10,0.7421377388535032,0,23,None,66,1,5,False,1000,1000
23779,119,betCent,10,0.7446257961783439,0,23,None,66,1,5,False,1000,1000
23780,115,betCent,10,0.7337778662420382,0,32,None,66,1,5,False,1000,1000
23781,116,betCent,10,0.7358678343949044,0,32,None,66,1,5,False,1000,1000
23782,117,betCent,10,0.7382563694267515,0,32,None,66,1,5,False,1000,1000
23783,118,betCent,10,0.7387539808917197,0,32,None,66,1,5,False,1000,1000
23784,119,betCent,10,0.7398487261146497,0,32,None,66,1,5,False,1000,1000
23785,115,betCent,10,0.747312898089172,0,7,None,66,1,5,False,1000,1000
23786,116,betCent,10,0.7486066878980892,0,7,None,66,1,5,False,1000,1000
23787,117,betCent,10,0.7503980891719745,0,7,None,66,1,5,False,1000,1000
23788,118,betCent,10,0.7511942675159236,0,7,None,66,1,5,False,1000,1000
23789,119,betCent,10,0.7514928343949044,0,7,None,66,1,5,False,1000,1000
23790,115,betCent,10,0.5642914012738853,0,1,None,66,1,5,False,1000,1000
23791,116,betCent,10,0.6264928343949044,0,1,None,66,1,5,False,1000,1000
23792,117,betCent,10,0.6491839171974523,0,1,None,66,1,5,False,1000,1000
23793,118,betCent,10,0.6603304140127388,0,1,None,66,1,5,False,1000,1000
23794,119,betCent,10,0.6683917197452229,0,1,None,66,1,5,False,1000,1000
23795,115,betCent,10,0.7543789808917197,0,2,None,66,1,5,False,1000,1000
23796,116,betCent,10,0.7538813694267515,0,2,None,66,1,5,False,1000,1000
23797,117,betCent,10,0.7538813694267515,0,2,None,66,1,5,False,1000,1000
23798,118,betCent,10,0.7547770700636943,0,2,None,66,1,5,False,1000,1000
23799,119,betCent,10,0.7553742038216561,0,2,None,66,1,5,False,1000,1000
23800,115,betCent,10,0.7495023885350318,0,5,None,66,1,5,False,1000,1000
23801,116,betCent,10,0.7513933121019108,0,5,None,66,1,5,False,1000,1000
23802,117,betCent,10,0.7539808917197452,0,5,None,66,1,5,False,1000,1000
23803,118,betCent,10,0.7546775477707006,0,5,None,66,1,5,False,1000,1000
23804,119,betCent,10,0.7558718152866242,0,5,None,66,1,5,False,1000,1000
23805,115,betCent,10,0.7496019108280255,0,14,None,66,1,5,False,1000,1000
23806,116,betCent,10,0.7503980891719745,0,14,None,66,1,5,False,1000,1000
23807,117,betCent,10,0.7505971337579618,0,14,None,66,1,5,False,1000,1000
23808,118,betCent,10,0.7521894904458599,0,14,None,66,1,5,False,1000,1000
23809,119,betCent,10,0.7530851910828026,0,14,None,66,1,5,False,1000,1000
23810,115,betCent,10,0.7399482484076433,0,21,None,66,1,5,False,1000,1000
23811,116,betCent,10,0.7421377388535032,0,21,None,66,1,5,False,1000,1000
23812,117,betCent,10,0.7431329617834395,0,21,None,66,1,5,False,1000,1000
23813,118,betCent,10,0.7449243630573248,0,21,None,66,1,5,False,1000,1000
23814,119,betCent,10,0.7470143312101911,0,21,None,66,1,5,False,1000,1000
23815,115,betCent,10,0.6658041401273885,0,24,None,66,1,5,False,1000,1000
23816,116,betCent,10,0.6776472929936306,0,24,None,66,1,5,False,1000,1000
23817,117,betCent,10,0.6917794585987261,0,24,None,66,1,5,False,1000,1000
23818,118,betCent,10,0.6979498407643312,0,24,None,66,1,5,False,1000,1000
23819,119,betCent,10,0.6996417197452229,0,24,None,66,1,5,False,1000,1000
23820,115,betCent,10,0.7500995222929936,0,27,None,66,1,5,False,1000,1000
23821,116,betCent,10,0.7515923566878981,0,27,None,66,1,5,False,1000,1000
23822,117,betCent,10,0.7532842356687898,0,27,None,66,1,5,False,1000,1000
23823,118,betCent,10,0.7542794585987261,0,27,None,66,1,5,False,1000,1000
23824,119,betCent,10,0.755672770700637,0,27,None,66,1,5,False,1000,1000
23825,115,betCent,10,0.700437898089172,0,30,None,66,1,5,False,1000,1000
23826,116,betCent,10,0.70421974522293,0,30,None,66,1,5,False,1000,1000
23827,117,betCent,10,0.7064092356687898,0,30,None,66,1,5,False,1000,1000
23828,118,betCent,10,0.7083001592356688,0,30,None,66,1,5,False,1000,1000
23829,119,betCent,10,0.7100915605095541,0,30,None,66,1,5,False,1000,1000
23830,115,betCent,10,0.5596138535031847,0,31,None,66,1,5,False,1000,1000
23831,116,betCent,10,0.6007165605095541,0,31,None,66,1,5,False,1000,1000
23832,117,betCent,10,0.6339570063694268,0,31,None,66,1,5,False,1000,1000
23833,118,betCent,10,0.6564490445859873,0,31,None,66,1,5,False,1000,1000
23834,119,betCent,10,0.6724721337579618,0,31,None,66,1,5,False,1000,1000
23835,115,betCent,10,0.75,0,28,None,66,1,5,False,1000,1000
23836,116,betCent,10,0.7507961783439491,0,28,None,66,1,5,False,1000,1000
23837,117,betCent,10,0.7519904458598726,0,28,None,66,1,5,False,1000,1000
23838,118,betCent,10,0.7534832802547771,0,28,None,66,1,5,False,1000,1000
23839,119,betCent,10,0.7544785031847133,0,28,None,66,1,5,False,1000,1000
23840,115,betCent,10,0.7183519108280255,0,9,None,66,1,5,False,1000,1000
23841,116,betCent,10,0.7212380573248408,0,9,None,66,1,5,False,1000,1000
23842,117,betCent,10,0.7247213375796179,0,9,None,66,1,5,False,1000,1000
23843,118,betCent,10,0.7273089171974523,0,9,None,66,1,5,False,1000,1000
23844,119,betCent,10,0.7290007961783439,0,9,None,66,1,5,False,1000,1000
23845,115,betCent,10,0.7431329617834395,0,29,None,66,1,5,False,1000,1000
23846,116,betCent,10,0.7441281847133758,0,29,None,66,1,5,False,1000,1000
23847,117,betCent,10,0.744327229299363,0,29,None,66,1,5,False,1000,1000
23848,118,betCent,10,0.7456210191082803,0,29,None,66,1,5,False,1000,1000
23849,119,betCent,10,0.7457205414012739,0,29,None,66,1,5,False,1000,1000
23850,115,betCent,10,0.7513933121019108,0,6,None,66,1,5,False,1000,1000
23851,116,betCent,10,0.7524880573248408,0,6,None,66,1,5,False,1000,1000
23852,117,betCent,10,0.7531847133757962,0,6,None,66,1,5,False,1000,1000
23853,118,betCent,10,0.7536823248407644,0,6,None,66,1,5,False,1000,1000
23854,119,betCent,10,0.7544785031847133,0,6,None,66,1,5,False,1000,1000
23855,115,betCent,10,0.71765525477707,0,12,None,66,1,5,False,1000,1000
23856,116,betCent,10,0.71875,0,12,None,66,1,5,False,1000,1000
23857,117,betCent,10,0.7200437898089171,0,12,None,66,1,5,False,1000,1000
23858,118,betCent,10,0.7221337579617835,0,12,None,66,1,5,False,1000,1000
23859,119,betCent,10,0.723328025477707,0,12,None,66,1,5,False,1000,1000
23860,115,betCent,10,0.7177547770700637,0,13,None,66,1,5,False,1000,1000
23861,116,betCent,10,0.7192476114649682,0,13,None,66,1,5,False,1000,1000
23862,117,betCent,10,0.7204418789808917,0,13,None,66,1,5,False,1000,1000
23863,118,betCent,10,0.722531847133758,0,13,None,66,1,5,False,1000,1000
23864,119,betCent,10,0.7246218152866242,0,13,None,66,1,5,False,1000,1000
23865,115,betCent,10,0.7561703821656051,0,25,None,66,1,5,False,1000,1000
23866,116,betCent,10,0.7586584394904459,0,25,None,66,1,5,False,1000,1000
23867,117,betCent,10,0.7597531847133758,0,25,None,66,1,5,False,1000,1000
23868,118,betCent,10,0.7617436305732485,0,25,None,66,1,5,False,1000,1000
23869,119,betCent,10,0.7634355095541401,0,25,None,66,1,5,False,1000,1000
23870,115,betCent,10,0.6962579617834395,0,26,None,66,1,5,False,1000,1000
23871,116,betCent,10,0.6967555732484076,0,26,None,66,1,5,False,1000,1000
23872,117,betCent,10,0.6975517515923567,0,26,None,66,1,5,False,1000,1000
23873,118,betCent,10,0.6992436305732485,0,26,None,66,1,5,False,1000,1000
23874,119,betCent,10,0.7001393312101911,0,26,None,66,1,5,False,1000,1000
23875,115,betCent,10,0.7373606687898089,0,4,None,66,1,5,False,1000,1000
23876,116,betCent,10,0.7387539808917197,0,4,None,66,1,5,False,1000,1000
23877,117,betCent,10,0.738953025477707,0,4,None,66,1,5,False,1000,1000
23878,118,betCent,10,0.7398487261146497,0,4,None,66,1,5,False,1000,1000
23879,119,betCent,10,0.7398487261146497,0,4,None,66,1,5,False,1000,1000
23880,115,betCent,10,0.7413415605095541,0,8,None,66,1,5,False,1000,1000
23881,116,betCent,10,0.7431329617834395,0,8,None,66,1,5,False,1000,1000
23882,117,betCent,10,0.7446257961783439,0,8,None,66,1,5,False,1000,1000
23883,118,betCent,10,0.747312898089172,0,8,None,66,1,5,False,1000,1000
23884,119,betCent,10,0.7487062101910829,0,8,None,66,1,5,False,1000,1000
23885,115,betCent,10,0.7465167197452229,0,16,None,66,1,5,False,1000,1000
23886,116,betCent,10,0.748109076433121,0,16,None,66,1,5,False,1000,1000
23887,117,betCent,10,0.7486066878980892,0,16,None,66,1,5,False,1000,1000
23888,118,betCent,10,0.7503980891719745,0,16,None,66,1,5,False,1000,1000
23889,119,betCent,10,0.7509952229299363,0,16,None,66,1,5,False,1000,1000
23890,115,betCent,10,0.7582603503184714,0,18,None,66,1,5,False,1000,1000
23891,116,betCent,10,0.7588574840764332,0,18,None,66,1,5,False,1000,1000
23892,117,betCent,10,0.759952229299363,0,18,None,66,1,5,False,1000,1000
23893,118,betCent,10,0.7605493630573248,0,18,None,66,1,5,False,1000,1000
23894,119,betCent,10,0.7600517515923567,0,18,None,66,1,5,False,1000,1000
23895,115,betCent,10,0.7495023885350318,0,0,None,66,1,5,False,1000,1000
23896,116,betCent,10,0.7499004777070064,0,0,None,66,1,5,False,1000,1000
23897,117,betCent,10,0.7505971337579618,0,0,None,66,1,5,False,1000,1000
23898,118,betCent,10,0.7508957006369427,0,0,None,66,1,5,False,1000,1000
23899,119,betCent,10,0.7514928343949044,0,0,None,66,1,5,False,1000,1000
23900,115,betCent,10,0.7043192675159236,0,19,None,66,1,5,False,1000,1000
23901,116,betCent,10,0.7064092356687898,0,19,None,66,1,5,False,1000,1000
23902,117,betCent,10,0.7092953821656051,0,19,None,66,1,5,False,1000,1000
23903,118,betCent,10,0.7117834394904459,0,19,None,66,1,5,False,1000,1000
23904,119,betCent,10,0.713077229299363,0,19,None,66,1,5,False,1000,1000
23905,115,betCent,10,0.7378582802547771,0,10,None,66,1,5,False,1000,1000
23906,116,betCent,10,0.738156847133758,0,10,None,66,1,5,False,1000,1000
23907,117,betCent,10,0.7402468152866242,0,10,None,66,1,5,False,1000,1000
23908,118,betCent,10,0.7428343949044586,0,10,None,66,1,5,False,1000,1000
23909,119,betCent,10,0.7444267515923567,0,10,None,66,1,5,False,1000,1000
23910,115,betCent,10,0.7580613057324841,0,3,None,66,1,5,False,1000,1000
23911,116,betCent,10,0.7585589171974523,0,3,None,66,1,5,False,1000,1000
23912,117,betCent,10,0.7592555732484076,0,3,None,66,1,5,False,1000,1000
23913,118,betCent,10,0.7604498407643312,0,3,None,66,1,5,False,1000,1000
23914,119,betCent,10,0.7611464968152867,0,3,None,66,1,5,False,1000,1000
23915,115,betCent,10,0.7471138535031847,0,15,None,66,1,5,False,1000,1000
23916,116,betCent,10,0.7472133757961783,0,15,None,66,1,5,False,1000,1000
23917,117,betCent,10,0.7484076433121019,0,15,None,66,1,5,False,1000,1000
23918,118,betCent,10,0.7496019108280255,0,15,None,66,1,5,False,1000,1000
23919,119,betCent,10,0.7507961783439491,0,15,None,66,1,5,False,1000,1000
23920,115,betCent,10,0.7415406050955414,0,11,None,66,1,5,False,1000,1000
23921,116,betCent,10,0.7428343949044586,0,11,None,66,1,5,False,1000,1000
23922,117,betCent,10,0.7445262738853503,0,11,None,66,1,5,False,1000,1000
23923,118,betCent,10,0.7457205414012739,0,11,None,66,1,5,False,1000,1000
23924,119,betCent,10,0.7469148089171974,0,11,None,66,1,5,False,1000,1000
23925,120,betCent,10,0.7440286624203821,0,23,None,66,1,5,False,1000,1000
23926,121,betCent,10,0.7446257961783439,0,23,None,66,1,5,False,1000,1000
23927,122,betCent,10,0.7455214968152867,0,23,None,66,1,5,False,1000,1000
23928,123,betCent,10,0.7469148089171974,0,23,None,66,1,5,False,1000,1000
23929,124,betCent,10,0.7480095541401274,0,23,None,66,1,5,False,1000,1000
23930,120,betCent,10,0.7516918789808917,0,16,None,66,1,5,False,1000,1000
23931,121,betCent,10,0.7523885350318471,0,16,None,66,1,5,False,1000,1000
23932,122,betCent,10,0.7529856687898089,0,16,None,66,1,5,False,1000,1000
23933,123,betCent,10,0.753781847133758,0,16,None,66,1,5,False,1000,1000
23934,124,betCent,10,0.7546775477707006,0,16,None,66,1,5,False,1000,1000
23935,120,betCent,10,0.7380573248407644,0,32,None,66,1,5,False,1000,1000
23936,121,betCent,10,0.7398487261146497,0,32,None,66,1,5,False,1000,1000
23937,122,betCent,10,0.7411425159235668,0,32,None,66,1,5,False,1000,1000
23938,123,betCent,10,0.7422372611464968,0,32,None,66,1,5,False,1000,1000
23939,124,betCent,10,0.7437300955414012,0,32,None,66,1,5,False,1000,1000
23940,120,betCent,10,0.7575636942675159,0,2,None,66,1,5,False,1000,1000
23941,121,betCent,10,0.7577627388535032,0,2,None,66,1,5,False,1000,1000
23942,122,betCent,10,0.7577627388535032,0,2,None,66,1,5,False,1000,1000
23943,123,betCent,10,0.7581608280254777,0,2,None,66,1,5,False,1000,1000
23944,124,betCent,10,0.7585589171974523,0,2,None,66,1,5,False,1000,1000
23945,120,betCent,10,0.7523885350318471,0,7,None,66,1,5,False,1000,1000
23946,121,betCent,10,0.7531847133757962,0,7,None,66,1,5,False,1000,1000
23947,122,betCent,10,0.7543789808917197,0,7,None,66,1,5,False,1000,1000
23948,123,betCent,10,0.7550756369426752,0,7,None,66,1,5,False,1000,1000
23949,124,betCent,10,0.7554737261146497,0,7,None,66,1,5,False,1000,1000
23950,120,betCent,10,0.7414410828025477,0,4,None,66,1,5,False,1000,1000
23951,121,betCent,10,0.7414410828025477,0,4,None,66,1,5,False,1000,1000
23952,122,betCent,10,0.7424363057324841,0,4,None,66,1,5,False,1000,1000
23953,123,betCent,10,0.7425358280254777,0,4,None,66,1,5,False,1000,1000
23954,124,betCent,10,0.7429339171974523,0,4,None,66,1,5,False,1000,1000
23955,120,betCent,10,0.7450238853503185,0,20,None,66,1,5,False,1000,1000
23956,121,betCent,10,0.7456210191082803,0,20,None,66,1,5,False,1000,1000
23957,122,betCent,10,0.7471138535031847,0,20,None,66,1,5,False,1000,1000
23958,123,betCent,10,0.748109076433121,0,20,None,66,1,5,False,1000,1000
23959,124,betCent,10,0.7498009554140127,0,20,None,66,1,5,False,1000,1000
23960,120,betCent,10,0.7533837579617835,0,5,None,66,1,5,False,1000,1000
23961,121,betCent,10,0.7559713375796179,0,5,None,66,1,5,False,1000,1000
23962,122,betCent,10,0.7570660828025477,0,5,None,66,1,5,False,1000,1000
23963,123,betCent,10,0.7577627388535032,0,5,None,66,1,5,False,1000,1000
23964,124,betCent,10,0.7594546178343949,0,5,None,66,1,5,False,1000,1000
23965,120,betCent,10,0.757265127388535,0,28,None,66,1,5,False,1000,1000
23966,121,betCent,10,0.758359872611465,0,28,None,66,1,5,False,1000,1000
23967,122,betCent,10,0.759156050955414,0,28,None,66,1,5,False,1000,1000
23968,123,betCent,10,0.7595541401273885,0,28,None,66,1,5,False,1000,1000
23969,124,betCent,10,0.7612460191082803,0,28,None,66,1,5,False,1000,1000
23970,120,betCent,10,0.7074044585987261,0,30,None,66,1,5,False,1000,1000
23971,121,betCent,10,0.710390127388535,0,30,None,66,1,5,False,1000,1000
23972,122,betCent,10,0.7126791401273885,0,30,None,66,1,5,False,1000,1000
23973,123,betCent,10,0.7150676751592356,0,30,None,66,1,5,False,1000,1000
23974,124,betCent,10,0.716062898089172,0,30,None,66,1,5,False,1000,1000
23975,120,betCent,10,0.5573248407643312,0,31,None,66,1,5,False,1000,1000
23976,121,betCent,10,0.6069864649681529,0,31,None,66,1,5,False,1000,1000
23977,122,betCent,10,0.6427149681528662,0,31,None,66,1,5,False,1000,1000
23978,123,betCent,10,0.6653065286624203,0,31,None,66,1,5,False,1000,1000
23979,124,betCent,10,0.6831210191082803,0,31,None,66,1,5,False,1000,1000
23980,120,betCent,10,0.7475119426751592,0,29,None,66,1,5,False,1000,1000
23981,121,betCent,10,0.748109076433121,0,29,None,66,1,5,False,1000,1000
23982,122,betCent,10,0.7487062101910829,0,29,None,66,1,5,False,1000,1000
23983,123,betCent,10,0.7504976114649682,0,29,None,66,1,5,False,1000,1000
23984,124,betCent,10,0.7514928343949044,0,29,None,66,1,5,False,1000,1000
23985,120,betCent,10,0.7228304140127388,0,12,None,66,1,5,False,1000,1000
23986,121,betCent,10,0.7239251592356688,0,12,None,66,1,5,False,1000,1000
23987,122,betCent,10,0.7254179936305732,0,12,None,66,1,5,False,1000,1000
23988,123,betCent,10,0.7269108280254777,0,12,None,66,1,5,False,1000,1000
23989,124,betCent,10,0.7283041401273885,0,12,None,66,1,5,False,1000,1000
23990,120,betCent,10,0.723328025477707,0,13,None,66,1,5,False,1000,1000
23991,121,betCent,10,0.7253184713375797,0,13,None,66,1,5,False,1000,1000
23992,122,betCent,10,0.7265127388535032,0,13,None,66,1,5,False,1000,1000
23993,123,betCent,10,0.7283041401273885,0,13,None,66,1,5,False,1000,1000
23994,124,betCent,10,0.7293988853503185,0,13,None,66,1,5,False,1000,1000
23995,120,betCent,10,0.7574641719745223,0,25,None,66,1,5,False,1000,1000
23996,121,betCent,10,0.7594546178343949,0,25,None,66,1,5,False,1000,1000
23997,122,betCent,10,0.7624402866242038,0,25,None,66,1,5,False,1000,1000
23998,123,betCent,10,0.76453025477707,0,25,None,66,1,5,False,1000,1000
23999,124,betCent,10,0.7661226114649682,0,25,None,66,1,5,False,1000,1000
24000,120,betCent,10,0.6973527070063694,0,26,None,66,1,5,False,1000,1000
24001,121,betCent,10,0.6984474522292994,0,26,None,66,1,5,False,1000,1000
24002,122,betCent,10,0.6990445859872612,0,26,None,66,1,5,False,1000,1000
24003,123,betCent,10,0.7003383757961783,0,26,None,66,1,5,False,1000,1000
24004,124,betCent,10,0.7015326433121019,0,26,None,66,1,5,False,1000,1000
24005,120,betCent,10,0.7471138535031847,0,11,None,66,1,5,False,1000,1000
24006,121,betCent,10,0.7480095541401274,0,11,None,66,1,5,False,1000,1000
24007,122,betCent,10,0.7486066878980892,0,11,None,66,1,5,False,1000,1000
24008,123,betCent,10,0.7494028662420382,0,11,None,66,1,5,False,1000,1000
24009,124,betCent,10,0.7503980891719745,0,11,None,66,1,5,False,1000,1000
24010,120,betCent,10,0.7559713375796179,0,17,None,66,1,5,False,1000,1000
24011,121,betCent,10,0.7557722929936306,0,17,None,66,1,5,False,1000,1000
24012,122,betCent,10,0.7561703821656051,0,17,None,66,1,5,False,1000,1000
24013,123,betCent,10,0.7569665605095541,0,17,None,66,1,5,False,1000,1000
24014,124,betCent,10,0.7575636942675159,0,17,None,66,1,5,False,1000,1000
24015,120,betCent,10,0.6687898089171974,0,24,None,66,1,5,False,1000,1000
24016,121,betCent,10,0.6758558917197452,0,24,None,66,1,5,False,1000,1000
24017,122,betCent,10,0.6970541401273885,0,24,None,66,1,5,False,1000,1000
24018,123,betCent,10,0.6938694267515924,0,24,None,66,1,5,False,1000,1000
24019,124,betCent,10,0.7070063694267515,0,24,None,66,1,5,False,1000,1000
24020,120,betCent,10,0.7570660828025477,0,27,None,66,1,5,False,1000,1000
24021,121,betCent,10,0.7569665605095541,0,27,None,66,1,5,False,1000,1000
24022,122,betCent,10,0.7579617834394905,0,27,None,66,1,5,False,1000,1000
24023,123,betCent,10,0.7582603503184714,0,27,None,66,1,5,False,1000,1000
24024,124,betCent,10,0.7594546178343949,0,27,None,66,1,5,False,1000,1000
24025,120,betCent,10,0.7231289808917197,0,9,None,66,1,5,False,1000,1000
24026,121,betCent,10,0.7268113057324841,0,9,None,66,1,5,False,1000,1000
24027,122,betCent,10,0.7284036624203821,0,9,None,66,1,5,False,1000,1000
24028,123,betCent,10,0.7309912420382165,0,9,None,66,1,5,False,1000,1000
24029,124,betCent,10,0.7333797770700637,0,9,None,66,1,5,False,1000,1000
24030,120,betCent,10,0.7558718152866242,0,6,None,66,1,5,False,1000,1000
24031,121,betCent,10,0.7563694267515924,0,6,None,66,1,5,False,1000,1000
24032,122,betCent,10,0.7567675159235668,0,6,None,66,1,5,False,1000,1000
24033,123,betCent,10,0.7581608280254777,0,6,None,66,1,5,False,1000,1000
24034,124,betCent,10,0.758359872611465,0,6,None,66,1,5,False,1000,1000
24035,120,betCent,10,0.7450238853503185,0,22,None,66,1,5,False,1000,1000
24036,121,betCent,10,0.7484076433121019,0,22,None,66,1,5,False,1000,1000
24037,122,betCent,10,0.7502985668789809,0,22,None,66,1,5,False,1000,1000
24038,123,betCent,10,0.7511942675159236,0,22,None,66,1,5,False,1000,1000
24039,124,betCent,10,0.7521894904458599,0,22,None,66,1,5,False,1000,1000
24040,120,betCent,10,0.7575636942675159,0,14,None,66,1,5,False,1000,1000
24041,121,betCent,10,0.7576632165605095,0,14,None,66,1,5,False,1000,1000
24042,122,betCent,10,0.7579617834394905,0,14,None,66,1,5,False,1000,1000
24043,123,betCent,10,0.7586584394904459,0,14,None,66,1,5,False,1000,1000
24044,124,betCent,10,0.7590565286624203,0,14,None,66,1,5,False,1000,1000
24045,120,betCent,10,0.7470143312101911,0,8,None,66,1,5,False,1000,1000
24046,121,betCent,10,0.74890525477707,0,8,None,66,1,5,False,1000,1000
24047,122,betCent,10,0.7501990445859873,0,8,None,66,1,5,False,1000,1000
24048,123,betCent,10,0.7525875796178344,0,8,None,66,1,5,False,1000,1000
24049,124,betCent,10,0.7538813694267515,0,8,None,66,1,5,False,1000,1000
24050,120,betCent,10,0.7630374203821656,0,18,None,66,1,5,False,1000,1000
24051,121,betCent,10,0.762937898089172,0,18,None,66,1,5,False,1000,1000
24052,122,betCent,10,0.7635350318471338,0,18,None,66,1,5,False,1000,1000
24053,123,betCent,10,0.76453025477707,0,18,None,66,1,5,False,1000,1000
24054,124,betCent,10,0.7640326433121019,0,18,None,66,1,5,False,1000,1000
24055,120,betCent,10,0.7101910828025477,0,19,None,66,1,5,False,1000,1000
24056,121,betCent,10,0.7126791401273885,0,19,None,66,1,5,False,1000,1000
24057,122,betCent,10,0.7156648089171974,0,19,None,66,1,5,False,1000,1000
24058,123,betCent,10,0.7171576433121019,0,19,None,66,1,5,False,1000,1000
24059,124,betCent,10,0.7182523885350318,0,19,None,66,1,5,False,1000,1000
24060,120,betCent,10,0.7479100318471338,0,21,None,66,1,5,False,1000,1000
24061,121,betCent,10,0.7480095541401274,0,21,None,66,1,5,False,1000,1000
24062,122,betCent,10,0.7488057324840764,0,21,None,66,1,5,False,1000,1000
24063,123,betCent,10,0.7500995222929936,0,21,None,66,1,5,False,1000,1000
24064,124,betCent,10,0.7514928343949044,0,21,None,66,1,5,False,1000,1000
24065,120,betCent,10,0.5687699044585988,0,1,None,66,1,5,False,1000,1000
24066,121,betCent,10,0.6327627388535032,0,1,None,66,1,5,False,1000,1000
24067,122,betCent,10,0.6547571656050956,0,1,None,66,1,5,False,1000,1000
24068,123,betCent,10,0.6653065286624203,0,1,None,66,1,5,False,1000,1000
24069,124,betCent,10,0.6755573248407644,0,1,None,66,1,5,False,1000,1000
24070,120,betCent,10,0.7525875796178344,0,0,None,66,1,5,False,1000,1000
24071,121,betCent,10,0.7534832802547771,0,0,None,66,1,5,False,1000,1000
24072,122,betCent,10,0.7538813694267515,0,0,None,66,1,5,False,1000,1000
24073,123,betCent,10,0.7550756369426752,0,0,None,66,1,5,False,1000,1000
24074,124,betCent,10,0.7558718152866242,0,0,None,66,1,5,False,1000,1000
24075,125,betCent,10,0.7127786624203821,0,30,None,66,1,5,False,1000,1000
24076,126,betCent,10,0.7152667197452229,0,30,None,66,1,5,False,1000,1000
24077,127,betCent,10,0.7169585987261147,0,30,None,66,1,5,False,1000,1000
24078,128,betCent,10,0.71984474522293,0,30,None,66,1,5,False,1000,1000
24079,129,betCent,10,0.7221337579617835,0,30,None,66,1,5,False,1000,1000
24080,120,betCent,10,0.7426353503184714,0,10,None,66,1,5,False,1000,1000
24081,121,betCent,10,0.7446257961783439,0,10,None,66,1,5,False,1000,1000
24082,122,betCent,10,0.7458200636942676,0,10,None,66,1,5,False,1000,1000
24083,123,betCent,10,0.7475119426751592,0,10,None,66,1,5,False,1000,1000
24084,124,betCent,10,0.7494028662420382,0,10,None,66,1,5,False,1000,1000
24085,120,betCent,10,0.7532842356687898,0,15,None,66,1,5,False,1000,1000
24086,121,betCent,10,0.7534832802547771,0,15,None,66,1,5,False,1000,1000
24087,122,betCent,10,0.7535828025477707,0,15,None,66,1,5,False,1000,1000
24088,123,betCent,10,0.7548765923566879,0,15,None,66,1,5,False,1000,1000
24089,124,betCent,10,0.7558718152866242,0,15,None,66,1,5,False,1000,1000
24090,120,betCent,10,0.7612460191082803,0,3,None,66,1,5,False,1000,1000
24091,121,betCent,10,0.7625398089171974,0,3,None,66,1,5,False,1000,1000
24092,122,betCent,10,0.762937898089172,0,3,None,66,1,5,False,1000,1000
24093,123,betCent,10,0.7638335987261147,0,3,None,66,1,5,False,1000,1000
24094,124,betCent,10,0.7636345541401274,0,3,None,66,1,5,False,1000,1000
24095,125,betCent,10,0.571656050955414,0,1,None,66,1,5,False,1000,1000
24096,126,betCent,10,0.6380374203821656,0,1,None,66,1,5,False,1000,1000
24097,127,betCent,10,0.6605294585987261,0,1,None,66,1,5,False,1000,1000
24098,128,betCent,10,0.6715764331210191,0,1,None,66,1,5,False,1000,1000
24099,129,betCent,10,0.6804339171974523,0,1,None,66,1,5,False,1000,1000
24100,125,betCent,10,0.7525875796178344,0,21,None,66,1,5,False,1000,1000
24101,126,betCent,10,0.7525875796178344,0,21,None,66,1,5,False,1000,1000
24102,127,betCent,10,0.7534832802547771,0,21,None,66,1,5,False,1000,1000
24103,128,betCent,10,0.7544785031847133,0,21,None,66,1,5,False,1000,1000
24104,129,betCent,10,0.7551751592356688,0,21,None,66,1,5,False,1000,1000
24105,125,betCent,10,0.7601512738853503,0,27,None,66,1,5,False,1000,1000
24106,126,betCent,10,0.7608479299363057,0,27,None,66,1,5,False,1000,1000
24107,127,betCent,10,0.7613455414012739,0,27,None,66,1,5,False,1000,1000
24108,128,betCent,10,0.7630374203821656,0,27,None,66,1,5,False,1000,1000
24109,129,betCent,10,0.7633359872611465,0,27,None,66,1,5,False,1000,1000
24110,125,betCent,10,0.7524880573248408,0,22,None,66,1,5,False,1000,1000
24111,126,betCent,10,0.7538813694267515,0,22,None,66,1,5,False,1000,1000
24112,127,betCent,10,0.754578025477707,0,22,None,66,1,5,False,1000,1000
24113,128,betCent,10,0.7554737261146497,0,22,None,66,1,5,False,1000,1000
24114,129,betCent,10,0.7563694267515924,0,22,None,66,1,5,False,1000,1000
24115,125,betCent,10,0.7483081210191083,0,23,None,66,1,5,False,1000,1000
24116,126,betCent,10,0.7498009554140127,0,23,None,66,1,5,False,1000,1000
24117,127,betCent,10,0.7509952229299363,0,23,None,66,1,5,False,1000,1000
24118,128,betCent,10,0.7517914012738853,0,23,None,66,1,5,False,1000,1000
24119,129,betCent,10,0.7532842356687898,0,23,None,66,1,5,False,1000,1000
24120,125,betCent,10,0.761046974522293,0,2,None,66,1,5,False,1000,1000
24121,126,betCent,10,0.7609474522292994,0,2,None,66,1,5,False,1000,1000
24122,127,betCent,10,0.761843152866242,0,2,None,66,1,5,False,1000,1000
24123,128,betCent,10,0.7616441082802548,0,2,None,66,1,5,False,1000,1000
24124,129,betCent,10,0.7631369426751592,0,2,None,66,1,5,False,1000,1000
24125,125,betCent,10,0.7569665605095541,0,5,None,66,1,5,False,1000,1000
24126,126,betCent,10,0.7581608280254777,0,5,None,66,1,5,False,1000,1000
24127,127,betCent,10,0.7594546178343949,0,5,None,66,1,5,False,1000,1000
24128,128,betCent,10,0.7604498407643312,0,5,None,66,1,5,False,1000,1000
24129,129,betCent,10,0.7608479299363057,0,5,None,66,1,5,False,1000,1000
24130,125,betCent,10,0.7555732484076433,0,16,None,66,1,5,False,1000,1000
24131,126,betCent,10,0.7569665605095541,0,16,None,66,1,5,False,1000,1000
24132,127,betCent,10,0.7565684713375797,0,16,None,66,1,5,False,1000,1000
24133,128,betCent,10,0.7568670382165605,0,16,None,66,1,5,False,1000,1000
24134,129,betCent,10,0.7568670382165605,0,16,None,66,1,5,False,1000,1000
24135,125,betCent,10,0.7559713375796179,0,7,None,66,1,5,False,1000,1000
24136,126,betCent,10,0.7567675159235668,0,7,None,66,1,5,False,1000,1000
24137,127,betCent,10,0.7576632165605095,0,7,None,66,1,5,False,1000,1000
24138,128,betCent,10,0.7596536624203821,0,7,None,66,1,5,False,1000,1000
24139,129,betCent,10,0.7600517515923567,0,7,None,66,1,5,False,1000,1000
24140,125,betCent,10,0.741640127388535,0,32,None,66,1,5,False,1000,1000
24141,126,betCent,10,0.7441281847133758,0,32,None,66,1,5,False,1000,1000
24142,127,betCent,10,0.745421974522293,0,32,None,66,1,5,False,1000,1000
24143,128,betCent,10,0.7468152866242038,0,32,None,66,1,5,False,1000,1000
24144,129,betCent,10,0.7478105095541401,0,32,None,66,1,5,False,1000,1000
24145,125,betCent,10,0.7264132165605095,0,9,None,66,1,5,False,1000,1000
24146,126,betCent,10,0.7304936305732485,0,9,None,66,1,5,False,1000,1000
24147,127,betCent,10,0.7335788216560509,0,9,None,66,1,5,False,1000,1000
24148,128,betCent,10,0.7363654458598726,0,9,None,66,1,5,False,1000,1000
24149,129,betCent,10,0.7405453821656051,0,9,None,66,1,5,False,1000,1000
24150,125,betCent,10,0.7609474522292994,0,14,None,66,1,5,False,1000,1000
24151,126,betCent,10,0.7617436305732485,0,14,None,66,1,5,False,1000,1000
24152,127,betCent,10,0.7621417197452229,0,14,None,66,1,5,False,1000,1000
24153,128,betCent,10,0.7630374203821656,0,14,None,66,1,5,False,1000,1000
24154,129,betCent,10,0.7631369426751592,0,14,None,66,1,5,False,1000,1000
24155,125,betCent,10,0.75,0,29,None,66,1,5,False,1000,1000
24156,126,betCent,10,0.7520899681528662,0,29,None,66,1,5,False,1000,1000
24157,127,betCent,10,0.7524880573248408,0,29,None,66,1,5,False,1000,1000
24158,128,betCent,10,0.7530851910828026,0,29,None,66,1,5,False,1000,1000
24159,129,betCent,10,0.7549761146496815,0,29,None,66,1,5,False,1000,1000
24160,125,betCent,10,0.7575636942675159,0,15,None,66,1,5,False,1000,1000
24161,126,betCent,10,0.758359872611465,0,15,None,66,1,5,False,1000,1000
24162,127,betCent,10,0.7593550955414012,0,15,None,66,1,5,False,1000,1000
24163,128,betCent,10,0.7602507961783439,0,15,None,66,1,5,False,1000,1000
24164,129,betCent,10,0.7612460191082803,0,15,None,66,1,5,False,1000,1000
24165,125,betCent,10,0.7467157643312102,0,10,None,66,1,5,False,1000,1000
24166,126,betCent,10,0.7480095541401274,0,10,None,66,1,5,False,1000,1000
24167,127,betCent,10,0.7493033439490446,0,10,None,66,1,5,False,1000,1000
24168,128,betCent,10,0.7503980891719745,0,10,None,66,1,5,False,1000,1000
24169,129,betCent,10,0.7515923566878981,0,10,None,66,1,5,False,1000,1000
24170,125,betCent,10,0.7575636942675159,0,17,None,66,1,5,False,1000,1000
24171,126,betCent,10,0.7590565286624203,0,17,None,66,1,5,False,1000,1000
24172,127,betCent,10,0.7589570063694268,0,17,None,66,1,5,False,1000,1000
24173,128,betCent,10,0.7598527070063694,0,17,None,66,1,5,False,1000,1000
24174,129,betCent,10,0.7609474522292994,0,17,None,66,1,5,False,1000,1000
24175,125,betCent,10,0.75,0,11,None,66,1,5,False,1000,1000
24176,126,betCent,10,0.7511942675159236,0,11,None,66,1,5,False,1000,1000
24177,127,betCent,10,0.7516918789808917,0,11,None,66,1,5,False,1000,1000
24178,128,betCent,10,0.7528861464968153,0,11,None,66,1,5,False,1000,1000
24179,129,betCent,10,0.7538813694267515,0,11,None,66,1,5,False,1000,1000
24180,125,betCent,10,0.6697850318471338,0,24,None,66,1,5,False,1000,1000
24181,126,betCent,10,0.6761544585987261,0,24,None,66,1,5,False,1000,1000
24182,127,betCent,10,0.6895899681528662,0,24,None,66,1,5,False,1000,1000
24183,128,betCent,10,0.7005374203821656,0,24,None,66,1,5,False,1000,1000
24184,129,betCent,10,0.7045183121019108,0,24,None,66,1,5,False,1000,1000
24185,125,betCent,10,0.7514928343949044,0,20,None,66,1,5,False,1000,1000
24186,126,betCent,10,0.753781847133758,0,20,None,66,1,5,False,1000,1000
24187,127,betCent,10,0.7548765923566879,0,20,None,66,1,5,False,1000,1000
24188,128,betCent,10,0.7552746815286624,0,20,None,66,1,5,False,1000,1000
24189,129,betCent,10,0.7557722929936306,0,20,None,66,1,5,False,1000,1000
24190,125,betCent,10,0.7429339171974523,0,4,None,66,1,5,False,1000,1000
24191,126,betCent,10,0.7440286624203821,0,4,None,66,1,5,False,1000,1000
24192,127,betCent,10,0.7446257961783439,0,4,None,66,1,5,False,1000,1000
24193,128,betCent,10,0.7452229299363057,0,4,None,66,1,5,False,1000,1000
24194,129,betCent,10,0.7457205414012739,0,4,None,66,1,5,False,1000,1000
24195,125,betCent,10,0.7531847133757962,0,8,None,66,1,5,False,1000,1000
24196,126,betCent,10,0.754578025477707,0,8,None,66,1,5,False,1000,1000
24197,127,betCent,10,0.7557722929936306,0,8,None,66,1,5,False,1000,1000
24198,128,betCent,10,0.7563694267515924,0,8,None,66,1,5,False,1000,1000
24199,129,betCent,10,0.7574641719745223,0,8,None,66,1,5,False,1000,1000
24200,125,betCent,10,0.7677149681528662,0,18,None,66,1,5,False,1000,1000
24201,126,betCent,10,0.7684116242038217,0,18,None,66,1,5,False,1000,1000
24202,127,betCent,10,0.7685111464968153,0,18,None,66,1,5,False,1000,1000
24203,128,betCent,10,0.7689092356687898,0,18,None,66,1,5,False,1000,1000
24204,129,betCent,10,0.7689092356687898,0,18,None,66,1,5,False,1000,1000
24205,125,betCent,10,0.7175557324840764,0,19,None,66,1,5,False,1000,1000
24206,126,betCent,10,0.7196457006369427,0,19,None,66,1,5,False,1000,1000
24207,127,betCent,10,0.7209394904458599,0,19,None,66,1,5,False,1000,1000
24208,128,betCent,10,0.7229299363057324,0,19,None,66,1,5,False,1000,1000
24209,129,betCent,10,0.7245222929936306,0,19,None,66,1,5,False,1000,1000
24210,125,betCent,10,0.5593152866242038,0,31,None,66,1,5,False,1000,1000
24211,126,betCent,10,0.6146496815286624,0,31,None,66,1,5,False,1000,1000
24212,127,betCent,10,0.649781050955414,0,31,None,66,1,5,False,1000,1000
24213,128,betCent,10,0.6732683121019108,0,31,None,66,1,5,False,1000,1000
24214,129,betCent,10,0.693968949044586,0,31,None,66,1,5,False,1000,1000
24215,125,betCent,10,0.7615445859872612,0,28,None,66,1,5,False,1000,1000
24216,126,betCent,10,0.7632364649681529,0,28,None,66,1,5,False,1000,1000
24217,127,betCent,10,0.7632364649681529,0,28,None,66,1,5,False,1000,1000
24218,128,betCent,10,0.7642316878980892,0,28,None,66,1,5,False,1000,1000
24219,129,betCent,10,0.7650278662420382,0,28,None,66,1,5,False,1000,1000
24220,125,betCent,10,0.7551751592356688,0,0,None,66,1,5,False,1000,1000
24221,126,betCent,10,0.7554737261146497,0,0,None,66,1,5,False,1000,1000
24222,127,betCent,10,0.7560708598726115,0,0,None,66,1,5,False,1000,1000
24223,128,betCent,10,0.7568670382165605,0,0,None,66,1,5,False,1000,1000
24224,129,betCent,10,0.7587579617834395,0,0,None,66,1,5,False,1000,1000
24225,125,betCent,10,0.7598527070063694,0,6,None,66,1,5,False,1000,1000
24226,126,betCent,10,0.7603503184713376,0,6,None,66,1,5,False,1000,1000
24227,127,betCent,10,0.7606488853503185,0,6,None,66,1,5,False,1000,1000
24228,128,betCent,10,0.7608479299363057,0,6,None,66,1,5,False,1000,1000
24229,129,betCent,10,0.7621417197452229,0,6,None,66,1,5,False,1000,1000
24230,125,betCent,10,0.7641321656050956,0,3,None,66,1,5,False,1000,1000
24231,126,betCent,10,0.7641321656050956,0,3,None,66,1,5,False,1000,1000
24232,127,betCent,10,0.7642316878980892,0,3,None,66,1,5,False,1000,1000
24233,128,betCent,10,0.76453025477707,0,3,None,66,1,5,False,1000,1000
24234,129,betCent,10,0.76453025477707,0,3,None,66,1,5,False,1000,1000
24235,125,betCent,10,0.7262141719745223,0,12,None,66,1,5,False,1000,1000
24236,126,betCent,10,0.7275079617834395,0,12,None,66,1,5,False,1000,1000
24237,127,betCent,10,0.7291998407643312,0,12,None,66,1,5,False,1000,1000
24238,128,betCent,10,0.7304936305732485,0,12,None,66,1,5,False,1000,1000
24239,129,betCent,10,0.731687898089172,0,12,None,66,1,5,False,1000,1000
24240,125,betCent,10,0.7295979299363057,0,13,None,66,1,5,False,1000,1000
24241,126,betCent,10,0.7313893312101911,0,13,None,66,1,5,False,1000,1000
24242,127,betCent,10,0.7325835987261147,0,13,None,66,1,5,False,1000,1000
24243,128,betCent,10,0.7347730891719745,0,13,None,66,1,5,False,1000,1000
24244,129,betCent,10,0.7359673566878981,0,13,None,66,1,5,False,1000,1000
24245,125,betCent,10,0.7614450636942676,0,25,None,66,1,5,False,1000,1000
24246,126,betCent,10,0.7644307324840764,0,25,None,66,1,5,False,1000,1000
24247,127,betCent,10,0.7666202229299363,0,25,None,66,1,5,False,1000,1000
24248,128,betCent,10,0.7686106687898089,0,25,None,66,1,5,False,1000,1000
24249,129,betCent,10,0.7701035031847133,0,25,None,66,1,5,False,1000,1000
24250,125,betCent,10,0.6992436305732485,0,26,None,66,1,5,False,1000,1000
24251,126,betCent,10,0.700437898089172,0,26,None,66,1,5,False,1000,1000
24252,127,betCent,10,0.7014331210191083,0,26,None,66,1,5,False,1000,1000
24253,128,betCent,10,0.7035230891719745,0,26,None,66,1,5,False,1000,1000
24254,129,betCent,10,0.7043192675159236,0,26,None,66,1,5,False,1000,1000
24915,130,betCent,10,0.7643312101910829,0,2,None,66,1,5,False,1000,1000
24916,131,betCent,10,0.76453025477707,0,2,None,66,1,5,False,1000,1000
24917,132,betCent,10,0.7643312101910829,0,2,None,66,1,5,False,1000,1000
24918,133,betCent,10,0.7648288216560509,0,2,None,66,1,5,False,1000,1000
24919,134,betCent,10,0.7648288216560509,0,2,None,66,1,5,False,1000,1000
24920,130,betCent,10,0.7601512738853503,0,5,None,66,1,5,False,1000,1000
24921,131,betCent,10,0.7625398089171974,0,5,None,66,1,5,False,1000,1000
24922,132,betCent,10,0.7628383757961783,0,5,None,66,1,5,False,1000,1000
24923,133,betCent,10,0.7628383757961783,0,5,None,66,1,5,False,1000,1000
24924,134,betCent,10,0.76453025477707,0,5,None,66,1,5,False,1000,1000
24925,130,betCent,10,0.7371616242038217,0,13,None,66,1,5,False,1000,1000
24926,131,betCent,10,0.7373606687898089,0,13,None,66,1,5,False,1000,1000
24927,132,betCent,10,0.7382563694267515,0,13,None,66,1,5,False,1000,1000
24928,133,betCent,10,0.7396496815286624,0,13,None,66,1,5,False,1000,1000
24929,134,betCent,10,0.7403463375796179,0,13,None,66,1,5,False,1000,1000
24930,130,betCent,10,0.7590565286624203,0,16,None,66,1,5,False,1000,1000
24931,131,betCent,10,0.7595541401273885,0,16,None,66,1,5,False,1000,1000
24932,132,betCent,10,0.7589570063694268,0,16,None,66,1,5,False,1000,1000
24933,133,betCent,10,0.7602507961783439,0,16,None,66,1,5,False,1000,1000
24934,134,betCent,10,0.7597531847133758,0,16,None,66,1,5,False,1000,1000
24935,130,betCent,10,0.7578622611464968,0,8,None,66,1,5,False,1000,1000
24936,131,betCent,10,0.7581608280254777,0,8,None,66,1,5,False,1000,1000
24937,132,betCent,10,0.7597531847133758,0,8,None,66,1,5,False,1000,1000
24938,133,betCent,10,0.7620421974522293,0,8,None,66,1,5,False,1000,1000
24939,134,betCent,10,0.7624402866242038,0,8,None,66,1,5,False,1000,1000
24940,130,betCent,10,0.7571656050955414,0,20,None,66,1,5,False,1000,1000
24941,131,betCent,10,0.7587579617834395,0,20,None,66,1,5,False,1000,1000
24942,132,betCent,10,0.7590565286624203,0,20,None,66,1,5,False,1000,1000
24943,133,betCent,10,0.7590565286624203,0,20,None,66,1,5,False,1000,1000
24944,134,betCent,10,0.7598527070063694,0,20,None,66,1,5,False,1000,1000
24945,130,betCent,10,0.7224323248407644,0,19,None,66,1,5,False,1000,1000
24946,131,betCent,10,0.7242237261146497,0,19,None,66,1,5,False,1000,1000
24947,132,betCent,10,0.7264132165605095,0,19,None,66,1,5,False,1000,1000
24948,133,betCent,10,0.7282046178343949,0,19,None,66,1,5,False,1000,1000
24949,134,betCent,10,0.7292993630573248,0,19,None,66,1,5,False,1000,1000
24950,130,betCent,10,0.7532842356687898,0,22,None,66,1,5,False,1000,1000
24951,131,betCent,10,0.7550756369426752,0,22,None,66,1,5,False,1000,1000
24952,132,betCent,10,0.7567675159235668,0,22,None,66,1,5,False,1000,1000
24953,133,betCent,10,0.7579617834394905,0,22,None,66,1,5,False,1000,1000
24954,134,betCent,10,0.7587579617834395,0,22,None,66,1,5,False,1000,1000
24955,130,betCent,10,0.7535828025477707,0,23,None,66,1,5,False,1000,1000
24956,131,betCent,10,0.754578025477707,0,23,None,66,1,5,False,1000,1000
24957,132,betCent,10,0.7550756369426752,0,23,None,66,1,5,False,1000,1000
24958,133,betCent,10,0.7562699044585988,0,23,None,66,1,5,False,1000,1000
24959,134,betCent,10,0.757265127388535,0,23,None,66,1,5,False,1000,1000
24960,130,betCent,10,0.7617436305732485,0,17,None,66,1,5,False,1000,1000
24961,131,betCent,10,0.7622412420382165,0,17,None,66,1,5,False,1000,1000
24962,132,betCent,10,0.7625398089171974,0,17,None,66,1,5,False,1000,1000
24963,133,betCent,10,0.7628383757961783,0,17,None,66,1,5,False,1000,1000
24964,134,betCent,10,0.7636345541401274,0,17,None,66,1,5,False,1000,1000
24965,130,betCent,10,0.7574641719745223,0,21,None,66,1,5,False,1000,1000
24966,131,betCent,10,0.758359872611465,0,21,None,66,1,5,False,1000,1000
24967,132,betCent,10,0.7596536624203821,0,21,None,66,1,5,False,1000,1000
24968,133,betCent,10,0.7607484076433121,0,21,None,66,1,5,False,1000,1000
24969,134,betCent,10,0.761843152866242,0,21,None,66,1,5,False,1000,1000
24970,130,betCent,10,0.7010350318471338,0,26,None,66,1,5,False,1000,1000
24971,131,betCent,10,0.7025278662420382,0,26,None,66,1,5,False,1000,1000
24972,132,betCent,10,0.7040207006369427,0,26,None,66,1,5,False,1000,1000
24973,133,betCent,10,0.7049164012738853,0,26,None,66,1,5,False,1000,1000
24974,134,betCent,10,0.7057125796178344,0,26,None,66,1,5,False,1000,1000
24975,130,betCent,10,0.7298964968152867,0,12,None,66,1,5,False,1000,1000
24976,131,betCent,10,0.7315883757961783,0,12,None,66,1,5,False,1000,1000
24977,132,betCent,10,0.732484076433121,0,12,None,66,1,5,False,1000,1000
24978,133,betCent,10,0.73328025477707,0,12,None,66,1,5,False,1000,1000
24979,134,betCent,10,0.734375,0,12,None,66,1,5,False,1000,1000
24980,130,betCent,10,0.6688893312101911,0,24,None,66,1,5,False,1000,1000
24981,131,betCent,10,0.6777468152866242,0,24,None,66,1,5,False,1000,1000
24982,132,betCent,10,0.6924761146496815,0,24,None,66,1,5,False,1000,1000
24983,133,betCent,10,0.6951632165605095,0,24,None,66,1,5,False,1000,1000
24984,134,betCent,10,0.711484872611465,0,24,None,66,1,5,False,1000,1000
24985,130,betCent,10,0.7165605095541401,0,30,None,66,1,5,False,1000,1000
24986,131,betCent,10,0.720640923566879,0,30,None,66,1,5,False,1000,1000
24987,132,betCent,10,0.7219347133757962,0,30,None,66,1,5,False,1000,1000
24988,133,betCent,10,0.724422770700637,0,30,None,66,1,5,False,1000,1000
24989,134,betCent,10,0.7267117834394905,0,30,None,66,1,5,False,1000,1000
24990,130,betCent,10,0.762937898089172,0,6,None,66,1,5,False,1000,1000
24991,131,betCent,10,0.7630374203821656,0,6,None,66,1,5,False,1000,1000
24992,132,betCent,10,0.7646297770700637,0,6,None,66,1,5,False,1000,1000
24993,133,betCent,10,0.7659235668789809,0,6,None,66,1,5,False,1000,1000
24994,134,betCent,10,0.7657245222929936,0,6,None,66,1,5,False,1000,1000
24995,130,betCent,10,0.7708001592356688,0,18,None,66,1,5,False,1000,1000
24996,131,betCent,10,0.771297770700637,0,18,None,66,1,5,False,1000,1000
24997,132,betCent,10,0.7705015923566879,0,18,None,66,1,5,False,1000,1000
24998,133,betCent,10,0.7716958598726115,0,18,None,66,1,5,False,1000,1000
24999,134,betCent,10,0.7721934713375797,0,18,None,66,1,5,False,1000,1000
25000,130,betCent,10,0.763734076433121,0,27,None,66,1,5,False,1000,1000
25001,131,betCent,10,0.7642316878980892,0,27,None,66,1,5,False,1000,1000
25002,132,betCent,10,0.76671974522293,0,27,None,66,1,5,False,1000,1000
25003,133,betCent,10,0.7674164012738853,0,27,None,66,1,5,False,1000,1000
25004,134,betCent,10,0.7684116242038217,0,27,None,66,1,5,False,1000,1000
25005,130,betCent,10,0.5561305732484076,0,31,None,66,1,5,False,1000,1000
25006,131,betCent,10,0.6174363057324841,0,31,None,66,1,5,False,1000,1000
25007,132,betCent,10,0.6576433121019108,0,31,None,66,1,5,False,1000,1000
25008,133,betCent,10,0.6824243630573248,0,31,None,66,1,5,False,1000,1000
25009,134,betCent,10,0.7011345541401274,0,31,None,66,1,5,False,1000,1000
25010,130,betCent,10,0.7457205414012739,0,32,None,66,1,5,False,1000,1000
25011,131,betCent,10,0.7470143312101911,0,32,None,66,1,5,False,1000,1000
25012,132,betCent,10,0.7486066878980892,0,32,None,66,1,5,False,1000,1000
25013,133,betCent,10,0.7490047770700637,0,32,None,66,1,5,False,1000,1000
25014,134,betCent,10,0.7505971337579618,0,32,None,66,1,5,False,1000,1000
25015,130,betCent,10,0.7597531847133758,0,7,None,66,1,5,False,1000,1000
25016,131,betCent,10,0.7608479299363057,0,7,None,66,1,5,False,1000,1000
25017,132,betCent,10,0.7621417197452229,0,7,None,66,1,5,False,1000,1000
25018,133,betCent,10,0.7620421974522293,0,7,None,66,1,5,False,1000,1000
25019,134,betCent,10,0.7630374203821656,0,7,None,66,1,5,False,1000,1000
25020,130,betCent,10,0.5739450636942676,0,1,None,66,1,5,False,1000,1000
25021,131,betCent,10,0.6428144904458599,0,1,None,66,1,5,False,1000,1000
25022,132,betCent,10,0.6639132165605095,0,1,None,66,1,5,False,1000,1000
25023,133,betCent,10,0.6754578025477707,0,1,None,66,1,5,False,1000,1000
25024,134,betCent,10,0.683718152866242,0,1,None,66,1,5,False,1000,1000
25025,130,betCent,10,0.7505971337579618,0,10,None,66,1,5,False,1000,1000
25026,131,betCent,10,0.7513933121019108,0,10,None,66,1,5,False,1000,1000
25027,132,betCent,10,0.7523885350318471,0,10,None,66,1,5,False,1000,1000
25028,133,betCent,10,0.7542794585987261,0,10,None,66,1,5,False,1000,1000
25029,134,betCent,10,0.7547770700636943,0,10,None,66,1,5,False,1000,1000
25030,130,betCent,10,0.7458200636942676,0,4,None,66,1,5,False,1000,1000
25031,131,betCent,10,0.7467157643312102,0,4,None,66,1,5,False,1000,1000
25032,132,betCent,10,0.7476114649681529,0,4,None,66,1,5,False,1000,1000
25033,133,betCent,10,0.748109076433121,0,4,None,66,1,5,False,1000,1000
25034,134,betCent,10,0.7487062101910829,0,4,None,66,1,5,False,1000,1000
25035,130,betCent,10,0.7528861464968153,0,11,None,66,1,5,False,1000,1000
25036,131,betCent,10,0.7536823248407644,0,11,None,66,1,5,False,1000,1000
25037,132,betCent,10,0.7538813694267515,0,11,None,66,1,5,False,1000,1000
25038,133,betCent,10,0.7557722929936306,0,11,None,66,1,5,False,1000,1000
25039,134,betCent,10,0.7558718152866242,0,11,None,66,1,5,False,1000,1000
25040,130,betCent,10,0.7606488853503185,0,15,None,66,1,5,False,1000,1000
25041,131,betCent,10,0.761843152866242,0,15,None,66,1,5,False,1000,1000
25042,132,betCent,10,0.7623407643312102,0,15,None,66,1,5,False,1000,1000
25043,133,betCent,10,0.7642316878980892,0,15,None,66,1,5,False,1000,1000
25044,134,betCent,10,0.7647292993630573,0,15,None,66,1,5,False,1000,1000
25045,130,betCent,10,0.7638335987261147,0,25,None,66,1,5,False,1000,1000
25046,131,betCent,10,0.7657245222929936,0,25,None,66,1,5,False,1000,1000
25047,132,betCent,10,0.768312101910828,0,25,None,66,1,5,False,1000,1000
25048,133,betCent,10,0.7706011146496815,0,25,None,66,1,5,False,1000,1000
25049,134,betCent,10,0.7724920382165605,0,25,None,66,1,5,False,1000,1000
25050,130,betCent,10,0.7673168789808917,0,14,None,66,1,5,False,1000,1000
25051,131,betCent,10,0.7682125796178344,0,14,None,66,1,5,False,1000,1000
25052,132,betCent,10,0.7685111464968153,0,14,None,66,1,5,False,1000,1000
25053,133,betCent,10,0.7681130573248408,0,14,None,66,1,5,False,1000,1000
25054,134,betCent,10,0.7680135350318471,0,14,None,66,1,5,False,1000,1000
25055,130,betCent,10,0.7668192675159236,0,28,None,66,1,5,False,1000,1000
25056,131,betCent,10,0.7679140127388535,0,28,None,66,1,5,False,1000,1000
25057,132,betCent,10,0.7686106687898089,0,28,None,66,1,5,False,1000,1000
25058,133,betCent,10,0.7705015923566879,0,28,None,66,1,5,False,1000,1000
25059,134,betCent,10,0.7707006369426752,0,28,None,66,1,5,False,1000,1000
25060,130,betCent,10,0.7655254777070064,0,3,None,66,1,5,False,1000,1000
25061,131,betCent,10,0.7654259554140127,0,3,None,66,1,5,False,1000,1000
25062,132,betCent,10,0.7652269108280255,0,3,None,66,1,5,False,1000,1000
25063,133,betCent,10,0.7652269108280255,0,3,None,66,1,5,False,1000,1000
25064,134,betCent,10,0.7659235668789809,0,3,None,66,1,5,False,1000,1000
25065,130,betCent,10,0.731687898089172,0,9,None,66,1,5,False,1000,1000
25066,131,betCent,10,0.7345740445859873,0,9,None,66,1,5,False,1000,1000
25067,132,betCent,10,0.7387539808917197,0,9,None,66,1,5,False,1000,1000
25068,133,betCent,10,0.7421377388535032,0,9,None,66,1,5,False,1000,1000
25069,134,betCent,10,0.7459195859872612,0,9,None,66,1,5,False,1000,1000
25070,130,betCent,10,0.7540804140127388,0,29,None,66,1,5,False,1000,1000
25071,131,betCent,10,0.7552746815286624,0,29,None,66,1,5,False,1000,1000
25072,132,betCent,10,0.7554737261146497,0,29,None,66,1,5,False,1000,1000
25073,133,betCent,10,0.7560708598726115,0,29,None,66,1,5,False,1000,1000
25074,134,betCent,10,0.7568670382165605,0,29,None,66,1,5,False,1000,1000
25075,130,betCent,10,0.7604498407643312,0,0,None,66,1,5,False,1000,1000
25076,131,betCent,10,0.7608479299363057,0,0,None,66,1,5,False,1000,1000
25077,132,betCent,10,0.7617436305732485,0,0,None,66,1,5,False,1000,1000
25078,133,betCent,10,0.7626393312101911,0,0,None,66,1,5,False,1000,1000
25079,134,betCent,10,0.7632364649681529,0,0,None,66,1,5,False,1000,1000
25080,135,betCent,10,0.7039211783439491,0,26,None,66,1,5,False,1000,1000
25081,136,betCent,10,0.7049164012738853,0,26,None,66,1,5,False,1000,1000
25082,137,betCent,10,0.7065087579617835,0,26,None,66,1,5,False,1000,1000
25083,138,betCent,10,0.7080015923566879,0,26,None,66,1,5,False,1000,1000
25084,139,betCent,10,0.7089968152866242,0,26,None,66,1,5,False,1000,1000
25085,135,betCent,10,0.5737460191082803,0,1,None,66,1,5,False,1000,1000
25086,136,betCent,10,0.6448049363057324,0,1,None,66,1,5,False,1000,1000
25087,137,betCent,10,0.6664012738853503,0,1,None,66,1,5,False,1000,1000
25088,138,betCent,10,0.6792396496815286,0,1,None,66,1,5,False,1000,1000
25089,139,betCent,10,0.6869028662420382,0,1,None,66,1,5,False,1000,1000
25090,135,betCent,10,0.7642316878980892,0,15,None,66,1,5,False,1000,1000
25091,136,betCent,10,0.7651273885350318,0,15,None,66,1,5,False,1000,1000
25092,137,betCent,10,0.7671178343949044,0,15,None,66,1,5,False,1000,1000
25093,138,betCent,10,0.767515923566879,0,15,None,66,1,5,False,1000,1000
25094,139,betCent,10,0.7674164012738853,0,15,None,66,1,5,False,1000,1000
25095,135,betCent,10,0.7557722929936306,0,11,None,66,1,5,False,1000,1000
25096,136,betCent,10,0.7570660828025477,0,11,None,66,1,5,False,1000,1000
25097,137,betCent,10,0.7566679936305732,0,11,None,66,1,5,False,1000,1000
25098,138,betCent,10,0.7577627388535032,0,11,None,66,1,5,False,1000,1000
25099,139,betCent,10,0.7594546178343949,0,11,None,66,1,5,False,1000,1000
25100,135,betCent,10,0.7642316878980892,0,17,None,66,1,5,False,1000,1000
25101,136,betCent,10,0.7642316878980892,0,17,None,66,1,5,False,1000,1000
25102,137,betCent,10,0.7648288216560509,0,17,None,66,1,5,False,1000,1000
25103,138,betCent,10,0.7661226114649682,0,17,None,66,1,5,False,1000,1000
25104,139,betCent,10,0.7663216560509554,0,17,None,66,1,5,False,1000,1000
25105,135,betCent,10,0.7624402866242038,0,20,None,66,1,5,False,1000,1000
25106,136,betCent,10,0.7631369426751592,0,20,None,66,1,5,False,1000,1000
25107,137,betCent,10,0.7624402866242038,0,20,None,66,1,5,False,1000,1000
25108,138,betCent,10,0.7625398089171974,0,20,None,66,1,5,False,1000,1000
25109,139,betCent,10,0.7635350318471338,0,20,None,66,1,5,False,1000,1000
25110,135,betCent,10,0.7541799363057324,0,10,None,66,1,5,False,1000,1000
25111,136,betCent,10,0.7553742038216561,0,10,None,66,1,5,False,1000,1000
25112,137,betCent,10,0.7570660828025477,0,10,None,66,1,5,False,1000,1000
25113,138,betCent,10,0.7586584394904459,0,10,None,66,1,5,False,1000,1000
25114,139,betCent,10,0.7595541401273885,0,10,None,66,1,5,False,1000,1000
25115,135,betCent,10,0.7563694267515924,0,22,None,66,1,5,False,1000,1000
25116,136,betCent,10,0.7575636942675159,0,22,None,66,1,5,False,1000,1000
25117,137,betCent,10,0.7587579617834395,0,22,None,66,1,5,False,1000,1000
25118,138,betCent,10,0.759952229299363,0,22,None,66,1,5,False,1000,1000
25119,139,betCent,10,0.7608479299363057,0,22,None,66,1,5,False,1000,1000
25120,135,betCent,10,0.7630374203821656,0,5,None,66,1,5,False,1000,1000
25121,136,betCent,10,0.7642316878980892,0,5,None,66,1,5,False,1000,1000
25122,137,betCent,10,0.7653264331210191,0,5,None,66,1,5,False,1000,1000
25123,138,betCent,10,0.7657245222929936,0,5,None,66,1,5,False,1000,1000
25124,139,betCent,10,0.7668192675159236,0,5,None,66,1,5,False,1000,1000
25125,135,betCent,10,0.7751791401273885,0,18,None,66,1,5,False,1000,1000
25126,136,betCent,10,0.7752786624203821,0,18,None,66,1,5,False,1000,1000
25127,137,betCent,10,0.7749800955414012,0,18,None,66,1,5,False,1000,1000
25128,138,betCent,10,0.7746815286624203,0,18,None,66,1,5,False,1000,1000
25129,139,betCent,10,0.7743829617834395,0,18,None,66,1,5,False,1000,1000
25130,135,betCent,10,0.7613455414012739,0,8,None,66,1,5,False,1000,1000
25131,136,betCent,10,0.7624402866242038,0,8,None,66,1,5,False,1000,1000
25132,137,betCent,10,0.7638335987261147,0,8,None,66,1,5,False,1000,1000
25133,138,betCent,10,0.7654259554140127,0,8,None,66,1,5,False,1000,1000
25134,139,betCent,10,0.7659235668789809,0,8,None,66,1,5,False,1000,1000
25135,135,betCent,10,0.7395501592356688,0,13,None,66,1,5,False,1000,1000
25136,136,betCent,10,0.7407444267515924,0,13,None,66,1,5,False,1000,1000
25137,137,betCent,10,0.7420382165605095,0,13,None,66,1,5,False,1000,1000
25138,138,betCent,10,0.7438296178343949,0,13,None,66,1,5,False,1000,1000
25139,139,betCent,10,0.7445262738853503,0,13,None,66,1,5,False,1000,1000
25140,135,betCent,10,0.7338773885350318,0,12,None,66,1,5,False,1000,1000
25141,136,betCent,10,0.7347730891719745,0,12,None,66,1,5,False,1000,1000
25142,137,betCent,10,0.7348726114649682,0,12,None,66,1,5,False,1000,1000
25143,138,betCent,10,0.736265923566879,0,12,None,66,1,5,False,1000,1000
25144,139,betCent,10,0.7368630573248408,0,12,None,66,1,5,False,1000,1000
25145,135,betCent,10,0.7254179936305732,0,19,None,66,1,5,False,1000,1000
25146,136,betCent,10,0.7276074840764332,0,19,None,66,1,5,False,1000,1000
25147,137,betCent,10,0.7291003184713376,0,19,None,66,1,5,False,1000,1000
25148,138,betCent,10,0.7312898089171974,0,19,None,66,1,5,False,1000,1000
25149,139,betCent,10,0.7322850318471338,0,19,None,66,1,5,False,1000,1000
25150,135,betCent,10,0.761843152866242,0,21,None,66,1,5,False,1000,1000
25151,136,betCent,10,0.7634355095541401,0,21,None,66,1,5,False,1000,1000
25152,137,betCent,10,0.7640326433121019,0,21,None,66,1,5,False,1000,1000
25153,138,betCent,10,0.7658240445859873,0,21,None,66,1,5,False,1000,1000
25154,139,betCent,10,0.7673168789808917,0,21,None,66,1,5,False,1000,1000
25155,135,betCent,10,0.7581608280254777,0,23,None,66,1,5,False,1000,1000
25156,136,betCent,10,0.7590565286624203,0,23,None,66,1,5,False,1000,1000
25157,137,betCent,10,0.759952229299363,0,23,None,66,1,5,False,1000,1000
25158,138,betCent,10,0.7607484076433121,0,23,None,66,1,5,False,1000,1000
25159,139,betCent,10,0.7628383757961783,0,23,None,66,1,5,False,1000,1000
25160,135,betCent,10,0.7488057324840764,0,4,None,66,1,5,False,1000,1000
25161,136,betCent,10,0.7485071656050956,0,4,None,66,1,5,False,1000,1000
25162,137,betCent,10,0.7493033439490446,0,4,None,66,1,5,False,1000,1000
25163,138,betCent,10,0.7502985668789809,0,4,None,66,1,5,False,1000,1000
25164,139,betCent,10,0.7506966560509554,0,4,None,66,1,5,False,1000,1000
25165,135,betCent,10,0.6705812101910829,0,24,None,66,1,5,False,1000,1000
25166,136,betCent,10,0.6801353503184714,0,24,None,66,1,5,False,1000,1000
25167,137,betCent,10,0.6880971337579618,0,24,None,66,1,5,False,1000,1000
25168,138,betCent,10,0.7032245222929936,0,24,None,66,1,5,False,1000,1000
25169,139,betCent,10,0.7098925159235668,0,24,None,66,1,5,False,1000,1000
25170,135,betCent,10,0.7681130573248408,0,27,None,66,1,5,False,1000,1000
25171,136,betCent,10,0.7691082802547771,0,27,None,66,1,5,False,1000,1000
25172,137,betCent,10,0.7707006369426752,0,27,None,66,1,5,False,1000,1000
25173,138,betCent,10,0.7709992038216561,0,27,None,66,1,5,False,1000,1000
25174,139,betCent,10,0.7714968152866242,0,27,None,66,1,5,False,1000,1000
25175,135,betCent,10,0.7217356687898089,0,30,None,66,1,5,False,1000,1000
25176,136,betCent,10,0.7247213375796179,0,30,None,66,1,5,False,1000,1000
25177,137,betCent,10,0.7278065286624203,0,30,None,66,1,5,False,1000,1000
25178,138,betCent,10,0.7308917197452229,0,30,None,66,1,5,False,1000,1000
25179,139,betCent,10,0.7318869426751592,0,30,None,66,1,5,False,1000,1000
25180,135,betCent,10,0.5527468152866242,0,31,None,66,1,5,False,1000,1000
25181,136,betCent,10,0.6236066878980892,0,31,None,66,1,5,False,1000,1000
25182,137,betCent,10,0.6628184713375797,0,31,None,66,1,5,False,1000,1000
25183,138,betCent,10,0.6922770700636943,0,31,None,66,1,5,False,1000,1000
25184,139,betCent,10,0.7104896496815286,0,31,None,66,1,5,False,1000,1000
25185,135,betCent,10,0.7710987261146497,0,28,None,66,1,5,False,1000,1000
25186,136,betCent,10,0.7717953821656051,0,28,None,66,1,5,False,1000,1000
25187,137,betCent,10,0.7732882165605095,0,28,None,66,1,5,False,1000,1000
25188,138,betCent,10,0.7743829617834395,0,28,None,66,1,5,False,1000,1000
25189,139,betCent,10,0.7752786624203821,0,28,None,66,1,5,False,1000,1000
25190,135,betCent,10,0.7626393312101911,0,7,None,66,1,5,False,1000,1000
25191,136,betCent,10,0.7633359872611465,0,7,None,66,1,5,False,1000,1000
25192,137,betCent,10,0.7640326433121019,0,7,None,66,1,5,False,1000,1000
25193,138,betCent,10,0.7648288216560509,0,7,None,66,1,5,False,1000,1000
25194,139,betCent,10,0.7662221337579618,0,7,None,66,1,5,False,1000,1000
25195,135,betCent,10,0.7664211783439491,0,6,None,66,1,5,False,1000,1000
25196,136,betCent,10,0.7671178343949044,0,6,None,66,1,5,False,1000,1000
25197,137,betCent,10,0.7671178343949044,0,6,None,66,1,5,False,1000,1000
25198,138,betCent,10,0.7676154458598726,0,6,None,66,1,5,False,1000,1000
25199,139,betCent,10,0.7681130573248408,0,6,None,66,1,5,False,1000,1000
25200,135,betCent,10,0.7605493630573248,0,16,None,66,1,5,False,1000,1000
25201,136,betCent,10,0.7614450636942676,0,16,None,66,1,5,False,1000,1000
25202,137,betCent,10,0.7620421974522293,0,16,None,66,1,5,False,1000,1000
25203,138,betCent,10,0.7633359872611465,0,16,None,66,1,5,False,1000,1000
25204,139,betCent,10,0.7636345541401274,0,16,None,66,1,5,False,1000,1000
25205,135,betCent,10,0.7501990445859873,0,32,None,66,1,5,False,1000,1000
25206,136,betCent,10,0.7512937898089171,0,32,None,66,1,5,False,1000,1000
25207,137,betCent,10,0.7534832802547771,0,32,None,66,1,5,False,1000,1000
25208,138,betCent,10,0.7543789808917197,0,32,None,66,1,5,False,1000,1000
25209,139,betCent,10,0.755672770700637,0,32,None,66,1,5,False,1000,1000
25210,135,betCent,10,0.76671974522293,0,2,None,66,1,5,False,1000,1000
25211,136,betCent,10,0.7664211783439491,0,2,None,66,1,5,False,1000,1000
25212,137,betCent,10,0.7668192675159236,0,2,None,66,1,5,False,1000,1000
25213,138,betCent,10,0.7674164012738853,0,2,None,66,1,5,False,1000,1000
25214,139,betCent,10,0.7676154458598726,0,2,None,66,1,5,False,1000,1000
25215,135,betCent,10,0.7640326433121019,0,0,None,66,1,5,False,1000,1000
25216,136,betCent,10,0.7647292993630573,0,0,None,66,1,5,False,1000,1000
25217,137,betCent,10,0.7653264331210191,0,0,None,66,1,5,False,1000,1000
25218,138,betCent,10,0.765625,0,0,None,66,1,5,False,1000,1000
25219,139,betCent,10,0.7658240445859873,0,0,None,66,1,5,False,1000,1000
25220,135,betCent,10,0.767515923566879,0,3,None,66,1,5,False,1000,1000
25221,136,betCent,10,0.7672173566878981,0,3,None,66,1,5,False,1000,1000
25222,137,betCent,10,0.7670183121019108,0,3,None,66,1,5,False,1000,1000
25223,138,betCent,10,0.7680135350318471,0,3,None,66,1,5,False,1000,1000
25224,139,betCent,10,0.7680135350318471,0,3,None,66,1,5,False,1000,1000
25225,135,betCent,10,0.7361664012738853,0,9,None,66,1,5,False,1000,1000
25226,136,betCent,10,0.7410429936305732,0,9,None,66,1,5,False,1000,1000
25227,137,betCent,10,0.7446257961783439,0,9,None,66,1,5,False,1000,1000
25228,138,betCent,10,0.7465167197452229,0,9,None,66,1,5,False,1000,1000
25229,139,betCent,10,0.7503980891719745,0,9,None,66,1,5,False,1000,1000
25230,135,betCent,10,0.7700039808917197,0,14,None,66,1,5,False,1000,1000
25231,136,betCent,10,0.7710987261146497,0,14,None,66,1,5,False,1000,1000
25232,137,betCent,10,0.7707006369426752,0,14,None,66,1,5,False,1000,1000
25233,138,betCent,10,0.7713972929936306,0,14,None,66,1,5,False,1000,1000
25234,139,betCent,10,0.7718949044585988,0,14,None,66,1,5,False,1000,1000
25235,135,betCent,10,0.7691082802547771,0,25,None,66,1,5,False,1000,1000
25236,136,betCent,10,0.7718949044585988,0,25,None,66,1,5,False,1000,1000
25237,137,betCent,10,0.7730891719745223,0,25,None,66,1,5,False,1000,1000
25238,138,betCent,10,0.7741839171974523,0,25,None,66,1,5,False,1000,1000
25239,139,betCent,10,0.7748805732484076,0,25,None,66,1,5,False,1000,1000
25240,135,betCent,10,0.7568670382165605,0,29,None,66,1,5,False,1000,1000
25241,136,betCent,10,0.7566679936305732,0,29,None,66,1,5,False,1000,1000
25242,137,betCent,10,0.7578622611464968,0,29,None,66,1,5,False,1000,1000
25243,138,betCent,10,0.7588574840764332,0,29,None,66,1,5,False,1000,1000
25244,139,betCent,10,0.7594546178343949,0,29,None,66,1,5,False,1000,1000
25245,140,betCent,10,0.7641321656050956,0,16,None,66,1,5,False,1000,1000
25246,141,betCent,10,0.7651273885350318,0,16,None,66,1,5,False,1000,1000
25247,142,betCent,10,0.7657245222929936,0,16,None,66,1,5,False,1000,1000
25248,143,betCent,10,0.7672173566878981,0,16,None,66,1,5,False,1000,1000
25249,144,betCent,10,0.7685111464968153,0,16,None,66,1,5,False,1000,1000
25250,140,betCent,10,0.7538813694267515,0,32,None,66,1,5,False,1000,1000
25251,141,betCent,10,0.7553742038216561,0,32,None,66,1,5,False,1000,1000
25252,142,betCent,10,0.7563694267515924,0,32,None,66,1,5,False,1000,1000
25253,143,betCent,10,0.7570660828025477,0,32,None,66,1,5,False,1000,1000
25254,144,betCent,10,0.7582603503184714,0,32,None,66,1,5,False,1000,1000
25255,140,betCent,10,0.5734474522292994,0,1,None,66,1,5,False,1000,1000
25256,141,betCent,10,0.6487858280254777,0,1,None,66,1,5,False,1000,1000
25257,142,betCent,10,0.6698845541401274,0,1,None,66,1,5,False,1000,1000
25258,143,betCent,10,0.681827229299363,0,1,None,66,1,5,False,1000,1000
25259,144,betCent,10,0.6875995222929936,0,1,None,66,1,5,False,1000,1000
25260,140,betCent,10,0.7678144904458599,0,2,None,66,1,5,False,1000,1000
25261,141,betCent,10,0.7686106687898089,0,2,None,66,1,5,False,1000,1000
25262,142,betCent,10,0.7691082802547771,0,2,None,66,1,5,False,1000,1000
25263,143,betCent,10,0.7693073248407644,0,2,None,66,1,5,False,1000,1000
25264,144,betCent,10,0.7695063694267515,0,2,None,66,1,5,False,1000,1000
25265,140,betCent,10,0.7746815286624203,0,28,None,66,1,5,False,1000,1000
25266,141,betCent,10,0.7762738853503185,0,28,None,66,1,5,False,1000,1000
25267,142,betCent,10,0.7770700636942676,0,28,None,66,1,5,False,1000,1000
25268,143,betCent,10,0.7777667197452229,0,28,None,66,1,5,False,1000,1000
25269,144,betCent,10,0.7788614649681529,0,28,None,66,1,5,False,1000,1000
25270,140,betCent,10,0.7601512738853503,0,29,None,66,1,5,False,1000,1000
25271,141,betCent,10,0.7608479299363057,0,29,None,66,1,5,False,1000,1000
25272,142,betCent,10,0.761843152866242,0,29,None,66,1,5,False,1000,1000
25273,143,betCent,10,0.7631369426751592,0,29,None,66,1,5,False,1000,1000
25274,144,betCent,10,0.7635350318471338,0,29,None,66,1,5,False,1000,1000
25275,140,betCent,10,0.7440286624203821,0,13,None,66,1,5,False,1000,1000
25276,141,betCent,10,0.7446257961783439,0,13,None,66,1,5,False,1000,1000
25277,142,betCent,10,0.7461186305732485,0,13,None,66,1,5,False,1000,1000
25278,143,betCent,10,0.7477109872611465,0,13,None,66,1,5,False,1000,1000
25279,144,betCent,10,0.7494028662420382,0,13,None,66,1,5,False,1000,1000
25280,140,betCent,10,0.76671974522293,0,15,None,66,1,5,False,1000,1000
25281,141,betCent,10,0.768312101910828,0,15,None,66,1,5,False,1000,1000
25282,142,betCent,10,0.7695063694267515,0,15,None,66,1,5,False,1000,1000
25283,143,betCent,10,0.769406847133758,0,15,None,66,1,5,False,1000,1000
25284,144,betCent,10,0.7699044585987261,0,15,None,66,1,5,False,1000,1000
25285,140,betCent,10,0.7581608280254777,0,10,None,66,1,5,False,1000,1000
25286,141,betCent,10,0.758359872611465,0,10,None,66,1,5,False,1000,1000
25287,142,betCent,10,0.7603503184713376,0,10,None,66,1,5,False,1000,1000
25288,143,betCent,10,0.7617436305732485,0,10,None,66,1,5,False,1000,1000
25289,144,betCent,10,0.7620421974522293,0,10,None,66,1,5,False,1000,1000
25290,140,betCent,10,0.7574641719745223,0,11,None,66,1,5,False,1000,1000
25291,141,betCent,10,0.7588574840764332,0,11,None,66,1,5,False,1000,1000
25292,142,betCent,10,0.7600517515923567,0,11,None,66,1,5,False,1000,1000
25293,143,betCent,10,0.7605493630573248,0,11,None,66,1,5,False,1000,1000
25294,144,betCent,10,0.761046974522293,0,11,None,66,1,5,False,1000,1000
25295,140,betCent,10,0.7778662420382165,0,18,None,66,1,5,False,1000,1000
25296,141,betCent,10,0.7782643312101911,0,18,None,66,1,5,False,1000,1000
25297,142,betCent,10,0.7786624203821656,0,18,None,66,1,5,False,1000,1000
25298,143,betCent,10,0.778562898089172,0,18,None,66,1,5,False,1000,1000
25299,144,betCent,10,0.7789609872611465,0,18,None,66,1,5,False,1000,1000
25300,140,betCent,10,0.7649283439490446,0,8,None,66,1,5,False,1000,1000
25301,141,betCent,10,0.7666202229299363,0,8,None,66,1,5,False,1000,1000
25302,142,betCent,10,0.7671178343949044,0,8,None,66,1,5,False,1000,1000
25303,143,betCent,10,0.768312101910828,0,8,None,66,1,5,False,1000,1000
25304,144,betCent,10,0.7692078025477707,0,8,None,66,1,5,False,1000,1000
25305,140,betCent,10,0.549562101910828,0,31,None,66,1,5,False,1000,1000
25306,141,betCent,10,0.6297770700636943,0,31,None,66,1,5,False,1000,1000
25307,142,betCent,10,0.6703821656050956,0,31,None,66,1,5,False,1000,1000
25308,143,betCent,10,0.7011345541401274,0,31,None,66,1,5,False,1000,1000
25309,144,betCent,10,0.7170581210191083,0,31,None,66,1,5,False,1000,1000
25310,140,betCent,10,0.7662221337579618,0,20,None,66,1,5,False,1000,1000
25311,141,betCent,10,0.7666202229299363,0,20,None,66,1,5,False,1000,1000
25312,142,betCent,10,0.7669187898089171,0,20,None,66,1,5,False,1000,1000
25313,143,betCent,10,0.7670183121019108,0,20,None,66,1,5,False,1000,1000
25314,144,betCent,10,0.767515923566879,0,20,None,66,1,5,False,1000,1000
25315,140,betCent,10,0.7695063694267515,0,3,None,66,1,5,False,1000,1000
25316,141,betCent,10,0.7703025477707006,0,3,None,66,1,5,False,1000,1000
25317,142,betCent,10,0.7699044585987261,0,3,None,66,1,5,False,1000,1000
25318,143,betCent,10,0.7698049363057324,0,3,None,66,1,5,False,1000,1000
25319,144,betCent,10,0.7706011146496815,0,3,None,66,1,5,False,1000,1000
25320,140,betCent,10,0.7659235668789809,0,5,None,66,1,5,False,1000,1000
25321,141,betCent,10,0.7671178343949044,0,5,None,66,1,5,False,1000,1000
25322,142,betCent,10,0.7681130573248408,0,5,None,66,1,5,False,1000,1000
25323,143,betCent,10,0.7700039808917197,0,5,None,66,1,5,False,1000,1000
25324,144,betCent,10,0.7710987261146497,0,5,None,66,1,5,False,1000,1000
25325,140,betCent,10,0.7653264331210191,0,7,None,66,1,5,False,1000,1000
25326,141,betCent,10,0.7664211783439491,0,7,None,66,1,5,False,1000,1000
25327,142,betCent,10,0.768312101910828,0,7,None,66,1,5,False,1000,1000
25328,143,betCent,10,0.7692078025477707,0,7,None,66,1,5,False,1000,1000
25329,144,betCent,10,0.7699044585987261,0,7,None,66,1,5,False,1000,1000
25330,140,betCent,10,0.7261146496815286,0,30,None,66,1,5,False,1000,1000
25331,141,betCent,10,0.7291998407643312,0,30,None,66,1,5,False,1000,1000
25332,142,betCent,10,0.731687898089172,0,30,None,66,1,5,False,1000,1000
25333,143,betCent,10,0.7336783439490446,0,30,None,66,1,5,False,1000,1000
25334,144,betCent,10,0.7357683121019108,0,30,None,66,1,5,False,1000,1000
25335,140,betCent,10,0.7664211783439491,0,17,None,66,1,5,False,1000,1000
25336,141,betCent,10,0.7671178343949044,0,17,None,66,1,5,False,1000,1000
25337,142,betCent,10,0.7671178343949044,0,17,None,66,1,5,False,1000,1000
25338,143,betCent,10,0.7674164012738853,0,17,None,66,1,5,False,1000,1000
25339,144,betCent,10,0.7688097133757962,0,17,None,66,1,5,False,1000,1000
25340,140,betCent,10,0.7710987261146497,0,27,None,66,1,5,False,1000,1000
25341,141,betCent,10,0.7718949044585988,0,27,None,66,1,5,False,1000,1000
25342,142,betCent,10,0.7731886942675159,0,27,None,66,1,5,False,1000,1000
25343,143,betCent,10,0.7748805732484076,0,27,None,66,1,5,False,1000,1000
25344,144,betCent,10,0.7746815286624203,0,27,None,66,1,5,False,1000,1000
25345,140,betCent,10,0.7051154458598726,0,26,None,66,1,5,False,1000,1000
25346,141,betCent,10,0.7072054140127388,0,26,None,66,1,5,False,1000,1000
25347,142,betCent,10,0.7083996815286624,0,26,None,66,1,5,False,1000,1000
25348,143,betCent,10,0.7099920382165605,0,26,None,66,1,5,False,1000,1000
25349,144,betCent,10,0.7106886942675159,0,26,None,66,1,5,False,1000,1000
25350,140,betCent,10,0.7282046178343949,0,19,None,66,1,5,False,1000,1000
25351,141,betCent,10,0.7296974522292994,0,19,None,66,1,5,False,1000,1000
25352,142,betCent,10,0.7327826433121019,0,19,None,66,1,5,False,1000,1000
25353,143,betCent,10,0.7333797770700637,0,19,None,66,1,5,False,1000,1000
25354,144,betCent,10,0.7355692675159236,0,19,None,66,1,5,False,1000,1000
25355,140,betCent,10,0.765625,0,21,None,66,1,5,False,1000,1000
25356,141,betCent,10,0.7676154458598726,0,21,None,66,1,5,False,1000,1000
25357,142,betCent,10,0.7696058917197452,0,21,None,66,1,5,False,1000,1000
25358,143,betCent,10,0.7708001592356688,0,21,None,66,1,5,False,1000,1000
25359,144,betCent,10,0.7721934713375797,0,21,None,66,1,5,False,1000,1000
25360,140,betCent,10,0.6720740445859873,0,24,None,66,1,5,False,1000,1000
25361,141,betCent,10,0.6808320063694268,0,24,None,66,1,5,False,1000,1000
25362,142,betCent,10,0.6922770700636943,0,24,None,66,1,5,False,1000,1000
25363,143,betCent,10,0.7043192675159236,0,24,None,66,1,5,False,1000,1000
25364,144,betCent,10,0.7156648089171974,0,24,None,66,1,5,False,1000,1000
25365,140,betCent,10,0.7519904458598726,0,4,None,66,1,5,False,1000,1000
25366,141,betCent,10,0.7530851910828026,0,4,None,66,1,5,False,1000,1000
25367,142,betCent,10,0.7534832802547771,0,4,None,66,1,5,False,1000,1000
25368,143,betCent,10,0.7539808917197452,0,4,None,66,1,5,False,1000,1000
25369,144,betCent,10,0.7548765923566879,0,4,None,66,1,5,False,1000,1000
25370,140,betCent,10,0.7626393312101911,0,23,None,66,1,5,False,1000,1000
25371,141,betCent,10,0.7628383757961783,0,23,None,66,1,5,False,1000,1000
25372,142,betCent,10,0.7638335987261147,0,23,None,66,1,5,False,1000,1000
25373,143,betCent,10,0.7647292993630573,0,23,None,66,1,5,False,1000,1000
25374,144,betCent,10,0.7647292993630573,0,23,None,66,1,5,False,1000,1000
25375,140,betCent,10,0.7673168789808917,0,0,None,66,1,5,False,1000,1000
25376,141,betCent,10,0.7679140127388535,0,0,None,66,1,5,False,1000,1000
25377,142,betCent,10,0.7680135350318471,0,0,None,66,1,5,False,1000,1000
25378,143,betCent,10,0.7692078025477707,0,0,None,66,1,5,False,1000,1000
25379,144,betCent,10,0.770203025477707,0,0,None,66,1,5,False,1000,1000
25380,145,betCent,10,0.6716759554140127,0,24,None,66,1,5,False,1000,1000
25381,146,betCent,10,0.6838176751592356,0,24,None,66,1,5,False,1000,1000
25382,147,betCent,10,0.6941679936305732,0,24,None,66,1,5,False,1000,1000
25383,148,betCent,10,0.7076035031847133,0,24,None,66,1,5,False,1000,1000
25384,149,betCent,10,0.7229299363057324,0,24,None,66,1,5,False,1000,1000
25385,145,betCent,10,0.5517515923566879,0,31,None,66,1,5,False,1000,1000
25386,146,betCent,10,0.6355493630573248,0,31,None,66,1,5,False,1000,1000
25387,147,betCent,10,0.6778463375796179,0,31,None,66,1,5,False,1000,1000
25388,148,betCent,10,0.705015923566879,0,31,None,66,1,5,False,1000,1000
25389,149,betCent,10,0.7259156050955414,0,31,None,66,1,5,False,1000,1000
25390,140,betCent,10,0.7734872611464968,0,14,None,66,1,5,False,1000,1000
25391,141,betCent,10,0.7737858280254777,0,14,None,66,1,5,False,1000,1000
25392,142,betCent,10,0.7743829617834395,0,14,None,66,1,5,False,1000,1000
25393,143,betCent,10,0.7745820063694268,0,14,None,66,1,5,False,1000,1000
25394,144,betCent,10,0.7750796178343949,0,14,None,66,1,5,False,1000,1000
25395,140,betCent,10,0.7692078025477707,0,6,None,66,1,5,False,1000,1000
25396,141,betCent,10,0.7696058917197452,0,6,None,66,1,5,False,1000,1000
25397,142,betCent,10,0.7700039808917197,0,6,None,66,1,5,False,1000,1000
25398,143,betCent,10,0.7708996815286624,0,6,None,66,1,5,False,1000,1000
25399,144,betCent,10,0.7716958598726115,0,6,None,66,1,5,False,1000,1000
25400,140,betCent,10,0.7589570063694268,0,22,None,66,1,5,False,1000,1000
25401,141,betCent,10,0.7607484076433121,0,22,None,66,1,5,False,1000,1000
25402,142,betCent,10,0.7614450636942676,0,22,None,66,1,5,False,1000,1000
25403,143,betCent,10,0.7625398089171974,0,22,None,66,1,5,False,1000,1000
25404,144,betCent,10,0.7635350318471338,0,22,None,66,1,5,False,1000,1000
25405,145,betCent,10,0.7560708598726115,0,32,None,66,1,5,False,1000,1000
25406,146,betCent,10,0.7574641719745223,0,32,None,66,1,5,False,1000,1000
25407,147,betCent,10,0.7592555732484076,0,32,None,66,1,5,False,1000,1000
25408,148,betCent,10,0.7608479299363057,0,32,None,66,1,5,False,1000,1000
25409,149,betCent,10,0.7616441082802548,0,32,None,66,1,5,False,1000,1000
25410,140,betCent,10,0.7413415605095541,0,9,None,66,1,5,False,1000,1000
25411,141,betCent,10,0.7463176751592356,0,9,None,66,1,5,False,1000,1000
25412,142,betCent,10,0.74890525477707,0,9,None,66,1,5,False,1000,1000
25413,143,betCent,10,0.7528861464968153,0,9,None,66,1,5,False,1000,1000
25414,144,betCent,10,0.7563694267515924,0,9,None,66,1,5,False,1000,1000
25415,140,betCent,10,0.7356687898089171,0,12,None,66,1,5,False,1000,1000
25416,141,betCent,10,0.7363654458598726,0,12,None,66,1,5,False,1000,1000
25417,142,betCent,10,0.7373606687898089,0,12,None,66,1,5,False,1000,1000
25418,143,betCent,10,0.7390525477707006,0,12,None,66,1,5,False,1000,1000
25419,144,betCent,10,0.7397492038216561,0,12,None,66,1,5,False,1000,1000
25420,140,betCent,10,0.7703025477707006,0,25,None,66,1,5,False,1000,1000
25421,141,betCent,10,0.7726910828025477,0,25,None,66,1,5,False,1000,1000
25422,142,betCent,10,0.7738853503184714,0,25,None,66,1,5,False,1000,1000
25423,143,betCent,10,0.7754777070063694,0,25,None,66,1,5,False,1000,1000
25424,144,betCent,10,0.7765724522292994,0,25,None,66,1,5,False,1000,1000
25425,145,betCent,10,0.7674164012738853,0,16,None,66,1,5,False,1000,1000
25426,146,betCent,10,0.7696058917197452,0,16,None,66,1,5,False,1000,1000
25427,147,betCent,10,0.7700039808917197,0,16,None,66,1,5,False,1000,1000
25428,148,betCent,10,0.7709992038216561,0,16,None,66,1,5,False,1000,1000
25429,149,betCent,10,0.7716958598726115,0,16,None,66,1,5,False,1000,1000
25430,145,betCent,10,0.7308917197452229,0,19,None,66,1,5,False,1000,1000
25431,146,betCent,10,0.7337778662420382,0,19,None,66,1,5,False,1000,1000
25432,147,betCent,10,0.7356687898089171,0,19,None,66,1,5,False,1000,1000
25433,148,betCent,10,0.7372611464968153,0,19,None,66,1,5,False,1000,1000
25434,149,betCent,10,0.7388535031847133,0,19,None,66,1,5,False,1000,1000
25435,145,betCent,10,0.573546974522293,0,1,None,66,1,5,False,1000,1000
25436,146,betCent,10,0.6512738853503185,0,1,None,66,1,5,False,1000,1000
25437,147,betCent,10,0.6730692675159236,0,1,None,66,1,5,False,1000,1000
25438,148,betCent,10,0.6842157643312102,0,1,None,66,1,5,False,1000,1000
25439,149,betCent,10,0.6900875796178344,0,1,None,66,1,5,False,1000,1000
25440,145,betCent,10,0.7692078025477707,0,8,None,66,1,5,False,1000,1000
25441,146,betCent,10,0.7700039808917197,0,8,None,66,1,5,False,1000,1000
25442,147,betCent,10,0.771297770700637,0,8,None,66,1,5,False,1000,1000
25443,148,betCent,10,0.7707006369426752,0,8,None,66,1,5,False,1000,1000
25444,149,betCent,10,0.7709992038216561,0,8,None,66,1,5,False,1000,1000
25445,145,betCent,10,0.769406847133758,0,21,None,66,1,5,False,1000,1000
25446,146,betCent,10,0.771297770700637,0,21,None,66,1,5,False,1000,1000
25447,147,betCent,10,0.7729896496815286,0,21,None,66,1,5,False,1000,1000
25448,148,betCent,10,0.7745820063694268,0,21,None,66,1,5,False,1000,1000
25449,149,betCent,10,0.7740843949044586,0,21,None,66,1,5,False,1000,1000
25450,145,betCent,10,0.7661226114649682,0,23,None,66,1,5,False,1000,1000
25451,146,betCent,10,0.767515923566879,0,23,None,66,1,5,False,1000,1000
25452,147,betCent,10,0.7676154458598726,0,23,None,66,1,5,False,1000,1000
25453,148,betCent,10,0.7679140127388535,0,23,None,66,1,5,False,1000,1000
25454,149,betCent,10,0.7689092356687898,0,23,None,66,1,5,False,1000,1000
25455,145,betCent,10,0.7740843949044586,0,27,None,66,1,5,False,1000,1000
25456,146,betCent,10,0.7758757961783439,0,27,None,66,1,5,False,1000,1000
25457,147,betCent,10,0.7760748407643312,0,27,None,66,1,5,False,1000,1000
25458,148,betCent,10,0.7763734076433121,0,27,None,66,1,5,False,1000,1000
25459,149,betCent,10,0.7761743630573248,0,27,None,66,1,5,False,1000,1000
25460,145,betCent,10,0.7713972929936306,0,2,None,66,1,5,False,1000,1000
25461,146,betCent,10,0.7714968152866242,0,2,None,66,1,5,False,1000,1000
25462,147,betCent,10,0.7710987261146497,0,2,None,66,1,5,False,1000,1000
25463,148,betCent,10,0.7718949044585988,0,2,None,66,1,5,False,1000,1000
25464,149,betCent,10,0.7724920382165605,0,2,None,66,1,5,False,1000,1000
25465,145,betCent,10,0.7615445859872612,0,10,None,66,1,5,False,1000,1000
25466,146,betCent,10,0.7623407643312102,0,10,None,66,1,5,False,1000,1000
25467,147,betCent,10,0.762937898089172,0,10,None,66,1,5,False,1000,1000
25468,148,betCent,10,0.763734076433121,0,10,None,66,1,5,False,1000,1000
25469,149,betCent,10,0.7648288216560509,0,10,None,66,1,5,False,1000,1000
25470,145,betCent,10,0.7602507961783439,0,11,None,66,1,5,False,1000,1000
25471,146,betCent,10,0.7609474522292994,0,11,None,66,1,5,False,1000,1000
25472,147,betCent,10,0.7624402866242038,0,11,None,66,1,5,False,1000,1000
25473,148,betCent,10,0.7628383757961783,0,11,None,66,1,5,False,1000,1000
25474,149,betCent,10,0.7633359872611465,0,11,None,66,1,5,False,1000,1000
25475,145,betCent,10,0.7687101910828026,0,17,None,66,1,5,False,1000,1000
25476,146,betCent,10,0.7707006369426752,0,17,None,66,1,5,False,1000,1000
25477,147,betCent,10,0.7710987261146497,0,17,None,66,1,5,False,1000,1000
25478,148,betCent,10,0.7713972929936306,0,17,None,66,1,5,False,1000,1000
25479,149,betCent,10,0.7727906050955414,0,17,None,66,1,5,False,1000,1000
25480,145,betCent,10,0.7696058917197452,0,15,None,66,1,5,False,1000,1000
25481,146,betCent,10,0.7697054140127388,0,15,None,66,1,5,False,1000,1000
25482,147,betCent,10,0.7704020700636943,0,15,None,66,1,5,False,1000,1000
25483,148,betCent,10,0.7718949044585988,0,15,None,66,1,5,False,1000,1000
25484,149,betCent,10,0.772093949044586,0,15,None,66,1,5,False,1000,1000
25485,145,betCent,10,0.7693073248407644,0,20,None,66,1,5,False,1000,1000
25486,146,betCent,10,0.769406847133758,0,20,None,66,1,5,False,1000,1000
25487,147,betCent,10,0.7700039808917197,0,20,None,66,1,5,False,1000,1000
25488,148,betCent,10,0.7709992038216561,0,20,None,66,1,5,False,1000,1000
25489,149,betCent,10,0.7706011146496815,0,20,None,66,1,5,False,1000,1000
25490,145,betCent,10,0.7807523885350318,0,18,None,66,1,5,False,1000,1000
25491,146,betCent,10,0.7807523885350318,0,18,None,66,1,5,False,1000,1000
25492,147,betCent,10,0.7808519108280255,0,18,None,66,1,5,False,1000,1000
25493,148,betCent,10,0.7805533439490446,0,18,None,66,1,5,False,1000,1000
25494,149,betCent,10,0.7803542993630573,0,18,None,66,1,5,False,1000,1000
25495,145,betCent,10,0.7778662420382165,0,28,None,66,1,5,False,1000,1000
25496,146,betCent,10,0.7790605095541401,0,28,None,66,1,5,False,1000,1000
25497,147,betCent,10,0.7800557324840764,0,28,None,66,1,5,False,1000,1000
25498,148,betCent,10,0.7814490445859873,0,28,None,66,1,5,False,1000,1000
25499,149,betCent,10,0.7820461783439491,0,28,None,66,1,5,False,1000,1000
25500,145,betCent,10,0.7616441082802548,0,29,None,66,1,5,False,1000,1000
25501,146,betCent,10,0.7633359872611465,0,29,None,66,1,5,False,1000,1000
25502,147,betCent,10,0.7636345541401274,0,29,None,66,1,5,False,1000,1000
25503,148,betCent,10,0.7646297770700637,0,29,None,66,1,5,False,1000,1000
25504,149,betCent,10,0.7663216560509554,0,29,None,66,1,5,False,1000,1000
25505,145,betCent,10,0.7690087579617835,0,5,None,66,1,5,False,1000,1000
25506,146,betCent,10,0.7715963375796179,0,5,None,66,1,5,False,1000,1000
25507,147,betCent,10,0.7725915605095541,0,5,None,66,1,5,False,1000,1000
25508,148,betCent,10,0.7732882165605095,0,5,None,66,1,5,False,1000,1000
25509,149,betCent,10,0.7752786624203821,0,5,None,66,1,5,False,1000,1000
25510,145,betCent,10,0.7555732484076433,0,4,None,66,1,5,False,1000,1000
25511,146,betCent,10,0.7559713375796179,0,4,None,66,1,5,False,1000,1000
25512,147,betCent,10,0.7562699044585988,0,4,None,66,1,5,False,1000,1000
25513,148,betCent,10,0.7575636942675159,0,4,None,66,1,5,False,1000,1000
25514,149,betCent,10,0.7589570063694268,0,4,None,66,1,5,False,1000,1000
25515,145,betCent,10,0.767515923566879,0,7,None,66,1,5,False,1000,1000
25516,146,betCent,10,0.7678144904458599,0,7,None,66,1,5,False,1000,1000
25517,147,betCent,10,0.769406847133758,0,7,None,66,1,5,False,1000,1000
25518,148,betCent,10,0.7700039808917197,0,7,None,66,1,5,False,1000,1000
25519,149,betCent,10,0.7715963375796179,0,7,None,66,1,5,False,1000,1000
25520,145,betCent,10,0.7283041401273885,0,30,None,66,1,5,False,1000,1000
25521,146,betCent,10,0.7327826433121019,0,30,None,66,1,5,False,1000,1000
25522,147,betCent,10,0.7348726114649682,0,30,None,66,1,5,False,1000,1000
25523,148,betCent,10,0.7376592356687898,0,30,None,66,1,5,False,1000,1000
25524,149,betCent,10,0.7399482484076433,0,30,None,66,1,5,False,1000,1000
25525,145,betCent,10,0.7721934713375797,0,0,None,66,1,5,False,1000,1000
25526,146,betCent,10,0.7725915605095541,0,0,None,66,1,5,False,1000,1000
25527,147,betCent,10,0.7727906050955414,0,0,None,66,1,5,False,1000,1000
25528,148,betCent,10,0.7730891719745223,0,0,None,66,1,5,False,1000,1000
25529,149,betCent,10,0.7735867834394905,0,0,None,66,1,5,False,1000,1000
25530,145,betCent,10,0.7491042993630573,0,13,None,66,1,5,False,1000,1000
25531,146,betCent,10,0.7504976114649682,0,13,None,66,1,5,False,1000,1000
25532,147,betCent,10,0.7521894904458599,0,13,None,66,1,5,False,1000,1000
25533,148,betCent,10,0.7527866242038217,0,13,None,66,1,5,False,1000,1000
25534,149,betCent,10,0.7541799363057324,0,13,None,66,1,5,False,1000,1000
25535,145,betCent,10,0.7065087579617835,0,26,None,66,1,5,False,1000,1000
25536,146,betCent,10,0.7083996815286624,0,26,None,66,1,5,False,1000,1000
25537,147,betCent,10,0.7096934713375797,0,26,None,66,1,5,False,1000,1000
25538,148,betCent,10,0.7117834394904459,0,26,None,66,1,5,False,1000,1000
25539,149,betCent,10,0.7133757961783439,0,26,None,66,1,5,False,1000,1000
25540,145,betCent,10,0.7716958598726115,0,3,None,66,1,5,False,1000,1000
25541,146,betCent,10,0.7725915605095541,0,3,None,66,1,5,False,1000,1000
25542,147,betCent,10,0.7733877388535032,0,3,None,66,1,5,False,1000,1000
25543,148,betCent,10,0.7727906050955414,0,3,None,66,1,5,False,1000,1000
25544,149,betCent,10,0.7731886942675159,0,3,None,66,1,5,False,1000,1000
25545,150,betCent,10,0.6754578025477707,0,24,None,66,1,5,False,1000,1000
25546,151,betCent,10,0.6822253184713376,0,24,None,66,1,5,False,1000,1000
25547,152,betCent,10,0.7057125796178344,0,24,None,66,1,5,False,1000,1000
25548,153,betCent,10,0.7067078025477707,0,24,None,66,1,5,False,1000,1000
25549,154,betCent,10,0.7269108280254777,0,24,None,66,1,5,False,1000,1000
25550,150,betCent,10,0.7368630573248408,0,19,None,66,1,5,False,1000,1000
25551,151,betCent,10,0.7386544585987261,0,19,None,66,1,5,False,1000,1000
25552,152,betCent,10,0.7401472929936306,0,19,None,66,1,5,False,1000,1000
25553,153,betCent,10,0.7417396496815286,0,19,None,66,1,5,False,1000,1000
25554,154,betCent,10,0.7426353503184714,0,19,None,66,1,5,False,1000,1000
25555,150,betCent,10,0.5462778662420382,0,31,None,66,1,5,False,1000,1000
25556,151,betCent,10,0.6362460191082803,0,31,None,66,1,5,False,1000,1000
25557,152,betCent,10,0.6814291401273885,0,31,None,66,1,5,False,1000,1000
25558,153,betCent,10,0.7096934713375797,0,31,None,66,1,5,False,1000,1000
25559,154,betCent,10,0.7270103503184714,0,31,None,66,1,5,False,1000,1000
25560,145,betCent,10,0.7754777070063694,0,14,None,66,1,5,False,1000,1000
25561,146,betCent,10,0.7767714968152867,0,14,None,66,1,5,False,1000,1000
25562,147,betCent,10,0.7770700636942676,0,14,None,66,1,5,False,1000,1000
25563,148,betCent,10,0.7778662420382165,0,14,None,66,1,5,False,1000,1000
25564,149,betCent,10,0.7775676751592356,0,14,None,66,1,5,False,1000,1000
25565,145,betCent,10,0.7722929936305732,0,6,None,66,1,5,False,1000,1000
25566,146,betCent,10,0.7724920382165605,0,6,None,66,1,5,False,1000,1000
25567,147,betCent,10,0.7723925159235668,0,6,None,66,1,5,False,1000,1000
25568,148,betCent,10,0.772890127388535,0,6,None,66,1,5,False,1000,1000
25569,149,betCent,10,0.7738853503184714,0,6,None,66,1,5,False,1000,1000
25570,145,betCent,10,0.7623407643312102,0,22,None,66,1,5,False,1000,1000
25571,146,betCent,10,0.7640326433121019,0,22,None,66,1,5,False,1000,1000
25572,147,betCent,10,0.7647292993630573,0,22,None,66,1,5,False,1000,1000
25573,148,betCent,10,0.7644307324840764,0,22,None,66,1,5,False,1000,1000
25574,149,betCent,10,0.7654259554140127,0,22,None,66,1,5,False,1000,1000
25575,145,betCent,10,0.7458200636942676,0,9,None,66,1,5,False,1000,1000
25576,146,betCent,10,0.7517914012738853,0,9,None,66,1,5,False,1000,1000
25577,147,betCent,10,0.7549761146496815,0,9,None,66,1,5,False,1000,1000
25578,148,betCent,10,0.7576632165605095,0,9,None,66,1,5,False,1000,1000
25579,149,betCent,10,0.7594546178343949,0,9,None,66,1,5,False,1000,1000
25580,145,betCent,10,0.7383558917197452,0,12,None,66,1,5,False,1000,1000
25581,146,betCent,10,0.738953025477707,0,12,None,66,1,5,False,1000,1000
25582,147,betCent,10,0.7401472929936306,0,12,None,66,1,5,False,1000,1000
25583,148,betCent,10,0.7411425159235668,0,12,None,66,1,5,False,1000,1000
25584,149,betCent,10,0.7414410828025477,0,12,None,66,1,5,False,1000,1000
25585,145,betCent,10,0.7735867834394905,0,25,None,66,1,5,False,1000,1000
25586,146,betCent,10,0.7751791401273885,0,25,None,66,1,5,False,1000,1000
25587,147,betCent,10,0.7760748407643312,0,25,None,66,1,5,False,1000,1000
25588,148,betCent,10,0.7772691082802548,0,25,None,66,1,5,False,1000,1000
25589,149,betCent,10,0.7786624203821656,0,25,None,66,1,5,False,1000,1000
25590,150,betCent,10,0.7706011146496815,0,16,None,66,1,5,False,1000,1000
25591,151,betCent,10,0.7724920382165605,0,16,None,66,1,5,False,1000,1000
25592,152,betCent,10,0.7737858280254777,0,16,None,66,1,5,False,1000,1000
25593,153,betCent,10,0.7749800955414012,0,16,None,66,1,5,False,1000,1000
25594,154,betCent,10,0.7760748407643312,0,16,None,66,1,5,False,1000,1000
25595,150,betCent,10,0.7580613057324841,0,32,None,66,1,5,False,1000,1000
25596,151,betCent,10,0.7603503184713376,0,32,None,66,1,5,False,1000,1000
25597,152,betCent,10,0.7619426751592356,0,32,None,66,1,5,False,1000,1000
25598,153,betCent,10,0.7634355095541401,0,32,None,66,1,5,False,1000,1000
25599,154,betCent,10,0.763734076433121,0,32,None,66,1,5,False,1000,1000
25600,150,betCent,10,0.5747412420382165,0,1,None,66,1,5,False,1000,1000
25601,151,betCent,10,0.6547571656050956,0,1,None,66,1,5,False,1000,1000
25602,152,betCent,10,0.6751592356687898,0,1,None,66,1,5,False,1000,1000
25603,153,betCent,10,0.6855095541401274,0,1,None,66,1,5,False,1000,1000
25604,154,betCent,10,0.6918789808917197,0,1,None,66,1,5,False,1000,1000
25605,150,betCent,10,0.7721934713375797,0,8,None,66,1,5,False,1000,1000
25606,151,betCent,10,0.7724920382165605,0,8,None,66,1,5,False,1000,1000
25607,152,betCent,10,0.7730891719745223,0,8,None,66,1,5,False,1000,1000
25608,153,betCent,10,0.7727906050955414,0,8,None,66,1,5,False,1000,1000
25609,154,betCent,10,0.7733877388535032,0,8,None,66,1,5,False,1000,1000
25610,150,betCent,10,0.773984872611465,0,21,None,66,1,5,False,1000,1000
25611,151,betCent,10,0.7745820063694268,0,21,None,66,1,5,False,1000,1000
25612,152,betCent,10,0.775577229299363,0,21,None,66,1,5,False,1000,1000
25613,153,betCent,10,0.7767714968152867,0,21,None,66,1,5,False,1000,1000
25614,154,betCent,10,0.7767714968152867,0,21,None,66,1,5,False,1000,1000
25615,150,betCent,10,0.7704020700636943,0,23,None,66,1,5,False,1000,1000
25616,151,betCent,10,0.7701035031847133,0,23,None,66,1,5,False,1000,1000
25617,152,betCent,10,0.7698049363057324,0,23,None,66,1,5,False,1000,1000
25618,153,betCent,10,0.771297770700637,0,23,None,66,1,5,False,1000,1000
25619,154,betCent,10,0.7713972929936306,0,23,None,66,1,5,False,1000,1000
25620,150,betCent,10,0.7782643312101911,0,27,None,66,1,5,False,1000,1000
25621,151,betCent,10,0.7784633757961783,0,27,None,66,1,5,False,1000,1000
25622,152,betCent,10,0.7786624203821656,0,27,None,66,1,5,False,1000,1000
25623,153,betCent,10,0.7789609872611465,0,27,None,66,1,5,False,1000,1000
25624,154,betCent,10,0.7804538216560509,0,27,None,66,1,5,False,1000,1000
25625,150,betCent,10,0.7651273885350318,0,22,None,66,1,5,False,1000,1000
25626,151,betCent,10,0.765625,0,22,None,66,1,5,False,1000,1000
25627,152,betCent,10,0.76671974522293,0,22,None,66,1,5,False,1000,1000
25628,153,betCent,10,0.7669187898089171,0,22,None,66,1,5,False,1000,1000
25629,154,betCent,10,0.767515923566879,0,22,None,66,1,5,False,1000,1000
25630,150,betCent,10,0.7651273885350318,0,29,None,66,1,5,False,1000,1000
25631,151,betCent,10,0.7663216560509554,0,29,None,66,1,5,False,1000,1000
25632,152,betCent,10,0.76671974522293,0,29,None,66,1,5,False,1000,1000
25633,153,betCent,10,0.7682125796178344,0,29,None,66,1,5,False,1000,1000
25634,154,betCent,10,0.769406847133758,0,29,None,66,1,5,False,1000,1000
25635,150,betCent,10,0.7791600318471338,0,14,None,66,1,5,False,1000,1000
25636,151,betCent,10,0.779359076433121,0,14,None,66,1,5,False,1000,1000
25637,152,betCent,10,0.7800557324840764,0,14,None,66,1,5,False,1000,1000
25638,153,betCent,10,0.7800557324840764,0,14,None,66,1,5,False,1000,1000
25639,154,betCent,10,0.7810509554140127,0,14,None,66,1,5,False,1000,1000
25640,150,betCent,10,0.7329816878980892,0,30,None,66,1,5,False,1000,1000
25641,151,betCent,10,0.7366640127388535,0,30,None,66,1,5,False,1000,1000
25642,152,betCent,10,0.7394506369426752,0,30,None,66,1,5,False,1000,1000
25643,153,betCent,10,0.7419386942675159,0,30,None,66,1,5,False,1000,1000
25644,154,betCent,10,0.7431329617834395,0,30,None,66,1,5,False,1000,1000
25645,150,betCent,10,0.7539808917197452,0,13,None,66,1,5,False,1000,1000
25646,151,betCent,10,0.7562699044585988,0,13,None,66,1,5,False,1000,1000
25647,152,betCent,10,0.757265127388535,0,13,None,66,1,5,False,1000,1000
25648,153,betCent,10,0.7582603503184714,0,13,None,66,1,5,False,1000,1000
25649,154,betCent,10,0.7593550955414012,0,13,None,66,1,5,False,1000,1000
25650,150,betCent,10,0.7752786624203821,0,25,None,66,1,5,False,1000,1000
25651,151,betCent,10,0.7773686305732485,0,25,None,66,1,5,False,1000,1000
25652,152,betCent,10,0.7792595541401274,0,25,None,66,1,5,False,1000,1000
25653,153,betCent,10,0.7805533439490446,0,25,None,66,1,5,False,1000,1000
25654,154,betCent,10,0.78125,0,25,None,66,1,5,False,1000,1000
25655,150,betCent,10,0.7075039808917197,0,26,None,66,1,5,False,1000,1000
25656,151,betCent,10,0.7097929936305732,0,26,None,66,1,5,False,1000,1000
25657,152,betCent,10,0.7131767515923567,0,26,None,66,1,5,False,1000,1000
25658,153,betCent,10,0.7150676751592356,0,26,None,66,1,5,False,1000,1000
25659,154,betCent,10,0.7158638535031847,0,26,None,66,1,5,False,1000,1000
25660,150,betCent,10,0.7741839171974523,0,6,None,66,1,5,False,1000,1000
25661,151,betCent,10,0.774781050955414,0,6,None,66,1,5,False,1000,1000
25662,152,betCent,10,0.7752786624203821,0,6,None,66,1,5,False,1000,1000
25663,153,betCent,10,0.7761743630573248,0,6,None,66,1,5,False,1000,1000
25664,154,betCent,10,0.7769705414012739,0,6,None,66,1,5,False,1000,1000
25665,150,betCent,10,0.7732882165605095,0,2,None,66,1,5,False,1000,1000
25666,151,betCent,10,0.7737858280254777,0,2,None,66,1,5,False,1000,1000
25667,152,betCent,10,0.7745820063694268,0,2,None,66,1,5,False,1000,1000
25668,153,betCent,10,0.7750796178343949,0,2,None,66,1,5,False,1000,1000
25669,154,betCent,10,0.7753781847133758,0,2,None,66,1,5,False,1000,1000
25670,150,betCent,10,0.7737858280254777,0,0,None,66,1,5,False,1000,1000
25671,151,betCent,10,0.7741839171974523,0,0,None,66,1,5,False,1000,1000
25672,152,betCent,10,0.7742834394904459,0,0,None,66,1,5,False,1000,1000
25673,153,betCent,10,0.7744824840764332,0,0,None,66,1,5,False,1000,1000
25674,154,betCent,10,0.7745820063694268,0,0,None,66,1,5,False,1000,1000
25675,150,betCent,10,0.7741839171974523,0,3,None,66,1,5,False,1000,1000
25676,151,betCent,10,0.7732882165605095,0,3,None,66,1,5,False,1000,1000
25677,152,betCent,10,0.7737858280254777,0,3,None,66,1,5,False,1000,1000
25678,153,betCent,10,0.774781050955414,0,3,None,66,1,5,False,1000,1000
25679,154,betCent,10,0.7750796178343949,0,3,None,66,1,5,False,1000,1000
25680,150,betCent,10,0.7577627388535032,0,4,None,66,1,5,False,1000,1000
25681,151,betCent,10,0.7592555732484076,0,4,None,66,1,5,False,1000,1000
25682,152,betCent,10,0.7600517515923567,0,4,None,66,1,5,False,1000,1000
25683,153,betCent,10,0.761046974522293,0,4,None,66,1,5,False,1000,1000
25684,154,betCent,10,0.7615445859872612,0,4,None,66,1,5,False,1000,1000
25685,150,betCent,10,0.7714968152866242,0,5,None,66,1,5,False,1000,1000
25686,151,betCent,10,0.7741839171974523,0,5,None,66,1,5,False,1000,1000
25687,152,betCent,10,0.775577229299363,0,5,None,66,1,5,False,1000,1000
25688,153,betCent,10,0.7767714968152867,0,5,None,66,1,5,False,1000,1000
25689,154,betCent,10,0.7772691082802548,0,5,None,66,1,5,False,1000,1000
25690,150,betCent,10,0.7690087579617835,0,7,None,66,1,5,False,1000,1000
25691,151,betCent,10,0.7697054140127388,0,7,None,66,1,5,False,1000,1000
25692,152,betCent,10,0.7709992038216561,0,7,None,66,1,5,False,1000,1000
25693,153,betCent,10,0.7722929936305732,0,7,None,66,1,5,False,1000,1000
25694,154,betCent,10,0.7729896496815286,0,7,None,66,1,5,False,1000,1000
25695,150,betCent,10,0.7505971337579618,0,9,None,66,1,5,False,1000,1000
25696,151,betCent,10,0.7553742038216561,0,9,None,66,1,5,False,1000,1000
25697,152,betCent,10,0.7592555732484076,0,9,None,66,1,5,False,1000,1000
25698,153,betCent,10,0.7608479299363057,0,9,None,66,1,5,False,1000,1000
25699,154,betCent,10,0.762937898089172,0,9,None,66,1,5,False,1000,1000
25700,150,betCent,10,0.7647292993630573,0,10,None,66,1,5,False,1000,1000
25701,151,betCent,10,0.7654259554140127,0,10,None,66,1,5,False,1000,1000
25702,152,betCent,10,0.7663216560509554,0,10,None,66,1,5,False,1000,1000
25703,153,betCent,10,0.7678144904458599,0,10,None,66,1,5,False,1000,1000
25704,154,betCent,10,0.7686106687898089,0,10,None,66,1,5,False,1000,1000
25705,150,betCent,10,0.7624402866242038,0,11,None,66,1,5,False,1000,1000
25706,151,betCent,10,0.7630374203821656,0,11,None,66,1,5,False,1000,1000
25707,152,betCent,10,0.7646297770700637,0,11,None,66,1,5,False,1000,1000
25708,153,betCent,10,0.7643312101910829,0,11,None,66,1,5,False,1000,1000
25709,154,betCent,10,0.7651273885350318,0,11,None,66,1,5,False,1000,1000
25710,150,betCent,10,0.7410429936305732,0,12,None,66,1,5,False,1000,1000
25711,151,betCent,10,0.7421377388535032,0,12,None,66,1,5,False,1000,1000
25712,152,betCent,10,0.7421377388535032,0,12,None,66,1,5,False,1000,1000
25713,153,betCent,10,0.7434315286624203,0,12,None,66,1,5,False,1000,1000
25714,154,betCent,10,0.7444267515923567,0,12,None,66,1,5,False,1000,1000
25715,150,betCent,10,0.7717953821656051,0,15,None,66,1,5,False,1000,1000
25716,151,betCent,10,0.7716958598726115,0,15,None,66,1,5,False,1000,1000
25717,152,betCent,10,0.7727906050955414,0,15,None,66,1,5,False,1000,1000
25718,153,betCent,10,0.7736863057324841,0,15,None,66,1,5,False,1000,1000
25719,154,betCent,10,0.7737858280254777,0,15,None,66,1,5,False,1000,1000
25720,150,betCent,10,0.7722929936305732,0,17,None,66,1,5,False,1000,1000
25721,151,betCent,10,0.7726910828025477,0,17,None,66,1,5,False,1000,1000
25722,152,betCent,10,0.7741839171974523,0,17,None,66,1,5,False,1000,1000
25723,153,betCent,10,0.7744824840764332,0,17,None,66,1,5,False,1000,1000
25724,154,betCent,10,0.7749800955414012,0,17,None,66,1,5,False,1000,1000
25725,150,betCent,10,0.7824442675159236,0,18,None,66,1,5,False,1000,1000
25726,151,betCent,10,0.7827428343949044,0,18,None,66,1,5,False,1000,1000
25727,152,betCent,10,0.783140923566879,0,18,None,66,1,5,False,1000,1000
25728,153,betCent,10,0.7830414012738853,0,18,None,66,1,5,False,1000,1000
25729,154,betCent,10,0.7833399681528662,0,18,None,66,1,5,False,1000,1000
25730,150,betCent,10,0.7713972929936306,0,20,None,66,1,5,False,1000,1000
25731,151,betCent,10,0.7723925159235668,0,20,None,66,1,5,False,1000,1000
25732,152,betCent,10,0.772890127388535,0,20,None,66,1,5,False,1000,1000
25733,153,betCent,10,0.7732882165605095,0,20,None,66,1,5,False,1000,1000
25734,154,betCent,10,0.7735867834394905,0,20,None,66,1,5,False,1000,1000
25735,150,betCent,10,0.7807523885350318,0,28,None,66,1,5,False,1000,1000
25736,151,betCent,10,0.7819466560509554,0,28,None,66,1,5,False,1000,1000
25737,152,betCent,10,0.7832404458598726,0,28,None,66,1,5,False,1000,1000
25738,153,betCent,10,0.783937101910828,0,28,None,66,1,5,False,1000,1000
25739,154,betCent,10,0.7843351910828026,0,28,None,66,1,5,False,1000,1000
27225,155,betCent,10,0.5655851910828026,0,1,None,66,1,5,False,1000,1000
27226,156,betCent,10,0.6541600318471338,0,1,None,66,1,5,False,1000,1000
27227,157,betCent,10,0.6768511146496815,0,1,None,66,1,5,False,1000,1000
27228,158,betCent,10,0.68859474522293,0,1,None,66,1,5,False,1000,1000
27229,159,betCent,10,0.6957603503184714,0,1,None,66,1,5,False,1000,1000
27230,155,betCent,10,0.7571656050955414,0,13,None,66,1,5,False,1000,1000
27231,156,betCent,10,0.7593550955414012,0,13,None,66,1,5,False,1000,1000
27232,157,betCent,10,0.7602507961783439,0,13,None,66,1,5,False,1000,1000
27233,158,betCent,10,0.7613455414012739,0,13,None,66,1,5,False,1000,1000
27234,159,betCent,10,0.7624402866242038,0,13,None,66,1,5,False,1000,1000
27235,155,betCent,10,0.7732882165605095,0,16,None,66,1,5,False,1000,1000
27236,156,betCent,10,0.7754777070063694,0,16,None,66,1,5,False,1000,1000
27237,157,betCent,10,0.7770700636942676,0,16,None,66,1,5,False,1000,1000
27238,158,betCent,10,0.777468152866242,0,16,None,66,1,5,False,1000,1000
27239,159,betCent,10,0.7786624203821656,0,16,None,66,1,5,False,1000,1000
27240,155,betCent,10,0.7723925159235668,0,23,None,66,1,5,False,1000,1000
27241,156,betCent,10,0.7743829617834395,0,23,None,66,1,5,False,1000,1000
27242,157,betCent,10,0.7748805732484076,0,23,None,66,1,5,False,1000,1000
27243,158,betCent,10,0.7752786624203821,0,23,None,66,1,5,False,1000,1000
27244,159,betCent,10,0.7763734076433121,0,23,None,66,1,5,False,1000,1000
27245,155,betCent,10,0.7805533439490446,0,25,None,66,1,5,False,1000,1000
27246,156,betCent,10,0.7820461783439491,0,25,None,66,1,5,False,1000,1000
27247,157,betCent,10,0.7829418789808917,0,25,None,66,1,5,False,1000,1000
27248,158,betCent,10,0.7838375796178344,0,25,None,66,1,5,False,1000,1000
27249,159,betCent,10,0.7852308917197452,0,25,None,66,1,5,False,1000,1000
27250,155,betCent,10,0.6763535031847133,0,24,None,66,1,5,False,1000,1000
27251,156,betCent,10,0.684812898089172,0,24,None,66,1,5,False,1000,1000
27252,157,betCent,10,0.7118829617834395,0,24,None,66,1,5,False,1000,1000
27253,158,betCent,10,0.7101910828025477,0,24,None,66,1,5,False,1000,1000
27254,159,betCent,10,0.7278065286624203,0,24,None,66,1,5,False,1000,1000
27255,155,betCent,10,0.7672173566878981,0,29,None,66,1,5,False,1000,1000
27256,156,betCent,10,0.7688097133757962,0,29,None,66,1,5,False,1000,1000
27257,157,betCent,10,0.7700039808917197,0,29,None,66,1,5,False,1000,1000
27258,158,betCent,10,0.7708001592356688,0,29,None,66,1,5,False,1000,1000
27259,159,betCent,10,0.7708001592356688,0,29,None,66,1,5,False,1000,1000
27260,155,betCent,10,0.5446855095541401,0,31,None,66,1,5,False,1000,1000
27261,156,betCent,10,0.6372412420382165,0,31,None,66,1,5,False,1000,1000
27262,157,betCent,10,0.6858081210191083,0,31,None,66,1,5,False,1000,1000
27263,158,betCent,10,0.7153662420382165,0,31,None,66,1,5,False,1000,1000
27264,159,betCent,10,0.7366640127388535,0,31,None,66,1,5,False,1000,1000
27265,155,betCent,10,0.7796576433121019,0,27,None,66,1,5,False,1000,1000
27266,156,betCent,10,0.7811504777070064,0,27,None,66,1,5,False,1000,1000
27267,157,betCent,10,0.7806528662420382,0,27,None,66,1,5,False,1000,1000
27268,158,betCent,10,0.7807523885350318,0,27,None,66,1,5,False,1000,1000
27269,159,betCent,10,0.7830414012738853,0,27,None,66,1,5,False,1000,1000
27270,155,betCent,10,0.7619426751592356,0,32,None,66,1,5,False,1000,1000
27271,156,betCent,10,0.7635350318471338,0,32,None,66,1,5,False,1000,1000
27272,157,betCent,10,0.7648288216560509,0,32,None,66,1,5,False,1000,1000
27273,158,betCent,10,0.7664211783439491,0,32,None,66,1,5,False,1000,1000
27274,159,betCent,10,0.7679140127388535,0,32,None,66,1,5,False,1000,1000
27275,155,betCent,10,0.7756767515923567,0,2,None,66,1,5,False,1000,1000
27276,156,betCent,10,0.7763734076433121,0,2,None,66,1,5,False,1000,1000
27277,157,betCent,10,0.7767714968152867,0,2,None,66,1,5,False,1000,1000
27278,158,betCent,10,0.777468152866242,0,2,None,66,1,5,False,1000,1000
27279,159,betCent,10,0.7783638535031847,0,2,None,66,1,5,False,1000,1000
27280,155,betCent,10,0.776671974522293,0,0,None,66,1,5,False,1000,1000
27281,156,betCent,10,0.7772691082802548,0,0,None,66,1,5,False,1000,1000
27282,157,betCent,10,0.7781648089171974,0,0,None,66,1,5,False,1000,1000
27283,158,betCent,10,0.7786624203821656,0,0,None,66,1,5,False,1000,1000
27284,159,betCent,10,0.7792595541401274,0,0,None,66,1,5,False,1000,1000
27285,155,betCent,10,0.7552746815286624,0,9,None,66,1,5,False,1000,1000
27286,156,betCent,10,0.7593550955414012,0,9,None,66,1,5,False,1000,1000
27287,157,betCent,10,0.7625398089171974,0,9,None,66,1,5,False,1000,1000
27288,158,betCent,10,0.763734076433121,0,9,None,66,1,5,False,1000,1000
27289,159,betCent,10,0.7661226114649682,0,9,None,66,1,5,False,1000,1000
27290,155,betCent,10,0.7760748407643312,0,3,None,66,1,5,False,1000,1000
27291,156,betCent,10,0.7759753184713376,0,3,None,66,1,5,False,1000,1000
27292,157,betCent,10,0.7763734076433121,0,3,None,66,1,5,False,1000,1000
27293,158,betCent,10,0.7762738853503185,0,3,None,66,1,5,False,1000,1000
27294,159,betCent,10,0.7775676751592356,0,3,None,66,1,5,False,1000,1000
27295,155,betCent,10,0.7688097133757962,0,10,None,66,1,5,False,1000,1000
27296,156,betCent,10,0.7704020700636943,0,10,None,66,1,5,False,1000,1000
27297,157,betCent,10,0.7703025477707006,0,10,None,66,1,5,False,1000,1000
27298,158,betCent,10,0.770203025477707,0,10,None,66,1,5,False,1000,1000
27299,159,betCent,10,0.7710987261146497,0,10,None,66,1,5,False,1000,1000
27300,155,betCent,10,0.763734076433121,0,11,None,66,1,5,False,1000,1000
27301,156,betCent,10,0.7644307324840764,0,11,None,66,1,5,False,1000,1000
27302,157,betCent,10,0.7659235668789809,0,11,None,66,1,5,False,1000,1000
27303,158,betCent,10,0.7665207006369427,0,11,None,66,1,5,False,1000,1000
27304,159,betCent,10,0.7673168789808917,0,11,None,66,1,5,False,1000,1000
27305,155,betCent,10,0.7733877388535032,0,15,None,66,1,5,False,1000,1000
27306,156,betCent,10,0.7732882165605095,0,15,None,66,1,5,False,1000,1000
27307,157,betCent,10,0.7746815286624203,0,15,None,66,1,5,False,1000,1000
27308,158,betCent,10,0.7758757961783439,0,15,None,66,1,5,False,1000,1000
27309,159,betCent,10,0.7762738853503185,0,15,None,66,1,5,False,1000,1000
27310,155,betCent,10,0.7751791401273885,0,17,None,66,1,5,False,1000,1000
27311,156,betCent,10,0.7756767515923567,0,17,None,66,1,5,False,1000,1000
27312,157,betCent,10,0.7767714968152867,0,17,None,66,1,5,False,1000,1000
27313,158,betCent,10,0.7764729299363057,0,17,None,66,1,5,False,1000,1000
27314,159,betCent,10,0.7769705414012739,0,17,None,66,1,5,False,1000,1000
27315,155,betCent,10,0.7742834394904459,0,20,None,66,1,5,False,1000,1000
27316,156,betCent,10,0.7741839171974523,0,20,None,66,1,5,False,1000,1000
27317,157,betCent,10,0.7744824840764332,0,20,None,66,1,5,False,1000,1000
27318,158,betCent,10,0.7752786624203821,0,20,None,66,1,5,False,1000,1000
27319,159,betCent,10,0.7756767515923567,0,20,None,66,1,5,False,1000,1000
27320,155,betCent,10,0.7833399681528662,0,28,None,66,1,5,False,1000,1000
27321,156,betCent,10,0.7846337579617835,0,28,None,66,1,5,False,1000,1000
27322,157,betCent,10,0.7865246815286624,0,28,None,66,1,5,False,1000,1000
27323,158,betCent,10,0.7868232484076433,0,28,None,66,1,5,False,1000,1000
27324,159,betCent,10,0.7865246815286624,0,28,None,66,1,5,False,1000,1000
27325,155,betCent,10,0.7761743630573248,0,5,None,66,1,5,False,1000,1000
27326,156,betCent,10,0.7796576433121019,0,5,None,66,1,5,False,1000,1000
27327,157,betCent,10,0.7799562101910829,0,5,None,66,1,5,False,1000,1000
27328,158,betCent,10,0.7802547770700637,0,5,None,66,1,5,False,1000,1000
27329,159,betCent,10,0.7809514331210191,0,5,None,66,1,5,False,1000,1000
27330,155,betCent,10,0.7770700636942676,0,6,None,66,1,5,False,1000,1000
27331,156,betCent,10,0.7772691082802548,0,6,None,66,1,5,False,1000,1000
27332,157,betCent,10,0.7780652866242038,0,6,None,66,1,5,False,1000,1000
27333,158,betCent,10,0.7790605095541401,0,6,None,66,1,5,False,1000,1000
27334,159,betCent,10,0.7795581210191083,0,6,None,66,1,5,False,1000,1000
27335,155,betCent,10,0.7703025477707006,0,7,None,66,1,5,False,1000,1000
27336,156,betCent,10,0.771297770700637,0,7,None,66,1,5,False,1000,1000
27337,157,betCent,10,0.7725915605095541,0,7,None,66,1,5,False,1000,1000
27338,158,betCent,10,0.7742834394904459,0,7,None,66,1,5,False,1000,1000
27339,159,betCent,10,0.7738853503184714,0,7,None,66,1,5,False,1000,1000
27340,155,betCent,10,0.7449243630573248,0,12,None,66,1,5,False,1000,1000
27341,156,betCent,10,0.7453224522292994,0,12,None,66,1,5,False,1000,1000
27342,157,betCent,10,0.7449243630573248,0,12,None,66,1,5,False,1000,1000
27343,158,betCent,10,0.7459195859872612,0,12,None,66,1,5,False,1000,1000
27344,159,betCent,10,0.7464171974522293,0,12,None,66,1,5,False,1000,1000
27345,155,betCent,10,0.7090963375796179,0,26,None,66,1,5,False,1000,1000
27346,156,betCent,10,0.7123805732484076,0,26,None,66,1,5,False,1000,1000
27347,157,betCent,10,0.7159633757961783,0,26,None,66,1,5,False,1000,1000
27348,158,betCent,10,0.7175557324840764,0,26,None,66,1,5,False,1000,1000
27349,159,betCent,10,0.7186504777070064,0,26,None,66,1,5,False,1000,1000
27350,155,betCent,10,0.73546974522293,0,30,None,66,1,5,False,1000,1000
27351,156,betCent,10,0.7406449044585988,0,30,None,66,1,5,False,1000,1000
27352,157,betCent,10,0.7423367834394905,0,30,None,66,1,5,False,1000,1000
27353,158,betCent,10,0.7445262738853503,0,30,None,66,1,5,False,1000,1000
27354,159,betCent,10,0.7465167197452229,0,30,None,66,1,5,False,1000,1000
27355,155,betCent,10,0.7836385350318471,0,18,None,66,1,5,False,1000,1000
27356,156,betCent,10,0.7841361464968153,0,18,None,66,1,5,False,1000,1000
27357,157,betCent,10,0.7843351910828026,0,18,None,66,1,5,False,1000,1000
27358,158,betCent,10,0.785031847133758,0,18,None,66,1,5,False,1000,1000
27359,159,betCent,10,0.7849323248407644,0,18,None,66,1,5,False,1000,1000
27360,155,betCent,10,0.7730891719745223,0,8,None,66,1,5,False,1000,1000
27361,156,betCent,10,0.7745820063694268,0,8,None,66,1,5,False,1000,1000
27362,157,betCent,10,0.7746815286624203,0,8,None,66,1,5,False,1000,1000
27363,158,betCent,10,0.7753781847133758,0,8,None,66,1,5,False,1000,1000
27364,159,betCent,10,0.7756767515923567,0,8,None,66,1,5,False,1000,1000
27365,155,betCent,10,0.7388535031847133,0,19,None,66,1,5,False,1000,1000
27366,156,betCent,10,0.7398487261146497,0,19,None,66,1,5,False,1000,1000
27367,157,betCent,10,0.7420382165605095,0,19,None,66,1,5,False,1000,1000
27368,158,betCent,10,0.7439291401273885,0,19,None,66,1,5,False,1000,1000
27369,159,betCent,10,0.7447253184713376,0,19,None,66,1,5,False,1000,1000
27370,155,betCent,10,0.7779657643312102,0,21,None,66,1,5,False,1000,1000
27371,156,betCent,10,0.777468152866242,0,21,None,66,1,5,False,1000,1000
27372,157,betCent,10,0.7779657643312102,0,21,None,66,1,5,False,1000,1000
27373,158,betCent,10,0.7786624203821656,0,21,None,66,1,5,False,1000,1000
27374,159,betCent,10,0.7792595541401274,0,21,None,66,1,5,False,1000,1000
27375,155,betCent,10,0.7825437898089171,0,14,None,66,1,5,False,1000,1000
27376,156,betCent,10,0.7828423566878981,0,14,None,66,1,5,False,1000,1000
27377,157,betCent,10,0.7837380573248408,0,14,None,66,1,5,False,1000,1000
27378,158,betCent,10,0.7840366242038217,0,14,None,66,1,5,False,1000,1000
27379,159,betCent,10,0.7841361464968153,0,14,None,66,1,5,False,1000,1000
27380,155,betCent,10,0.7596536624203821,0,4,None,66,1,5,False,1000,1000
27381,156,betCent,10,0.7613455414012739,0,4,None,66,1,5,False,1000,1000
27382,157,betCent,10,0.7622412420382165,0,4,None,66,1,5,False,1000,1000
27383,158,betCent,10,0.7623407643312102,0,4,None,66,1,5,False,1000,1000
27384,159,betCent,10,0.762937898089172,0,4,None,66,1,5,False,1000,1000
27385,155,betCent,10,0.7662221337579618,0,22,None,66,1,5,False,1000,1000
27386,156,betCent,10,0.7681130573248408,0,22,None,66,1,5,False,1000,1000
27387,157,betCent,10,0.7692078025477707,0,22,None,66,1,5,False,1000,1000
27388,158,betCent,10,0.7686106687898089,0,22,None,66,1,5,False,1000,1000
27389,159,betCent,10,0.7699044585987261,0,22,None,66,1,5,False,1000,1000
27390,160,betCent,10,0.711484872611465,0,26,None,66,1,5,False,1000,1000
27391,161,betCent,10,0.7150676751592356,0,26,None,66,1,5,False,1000,1000
27392,162,betCent,10,0.7170581210191083,0,26,None,66,1,5,False,1000,1000
27393,163,betCent,10,0.7190485668789809,0,26,None,66,1,5,False,1000,1000
27394,164,betCent,10,0.7213375796178344,0,26,None,66,1,5,False,1000,1000
27395,160,betCent,10,0.7472133757961783,0,12,None,66,1,5,False,1000,1000
27396,161,betCent,10,0.7474124203821656,0,12,None,66,1,5,False,1000,1000
27397,162,betCent,10,0.7479100318471338,0,12,None,66,1,5,False,1000,1000
27398,163,betCent,10,0.7488057324840764,0,12,None,66,1,5,False,1000,1000
27399,164,betCent,10,0.7491042993630573,0,12,None,66,1,5,False,1000,1000
27400,160,betCent,10,0.7375597133757962,0,30,None,66,1,5,False,1000,1000
27401,161,betCent,10,0.7411425159235668,0,30,None,66,1,5,False,1000,1000
27402,162,betCent,10,0.7448248407643312,0,30,None,66,1,5,False,1000,1000
27403,163,betCent,10,0.7470143312101911,0,30,None,66,1,5,False,1000,1000
27404,164,betCent,10,0.7487062101910829,0,30,None,66,1,5,False,1000,1000
27405,160,betCent,10,0.7393511146496815,0,19,None,66,1,5,False,1000,1000
27406,161,betCent,10,0.7419386942675159,0,19,None,66,1,5,False,1000,1000
27407,162,betCent,10,0.743531050955414,0,19,None,66,1,5,False,1000,1000
27408,163,betCent,10,0.7457205414012739,0,19,None,66,1,5,False,1000,1000
27409,164,betCent,10,0.7471138535031847,0,19,None,66,1,5,False,1000,1000
27410,160,betCent,10,0.7772691082802548,0,17,None,66,1,5,False,1000,1000
27411,161,betCent,10,0.7782643312101911,0,17,None,66,1,5,False,1000,1000
27412,162,betCent,10,0.7787619426751592,0,17,None,66,1,5,False,1000,1000
27413,163,betCent,10,0.779359076433121,0,17,None,66,1,5,False,1000,1000
27414,164,betCent,10,0.78015525477707,0,17,None,66,1,5,False,1000,1000
27415,160,betCent,10,0.681031050955414,0,24,None,66,1,5,False,1000,1000
27416,161,betCent,10,0.6922770700636943,0,24,None,66,1,5,False,1000,1000
27417,162,betCent,10,0.7166600318471338,0,24,None,66,1,5,False,1000,1000
27418,163,betCent,10,0.7208399681528662,0,24,None,66,1,5,False,1000,1000
27419,164,betCent,10,0.7312898089171974,0,24,None,66,1,5,False,1000,1000
27420,160,betCent,10,0.783140923566879,0,25,None,66,1,5,False,1000,1000
27421,161,betCent,10,0.7844347133757962,0,25,None,66,1,5,False,1000,1000
27422,162,betCent,10,0.7856289808917197,0,25,None,66,1,5,False,1000,1000
27423,163,betCent,10,0.7861265923566879,0,25,None,66,1,5,False,1000,1000
27424,164,betCent,10,0.7868232484076433,0,25,None,66,1,5,False,1000,1000
27425,160,betCent,10,0.7692078025477707,0,22,None,66,1,5,False,1000,1000
27426,161,betCent,10,0.7707006369426752,0,22,None,66,1,5,False,1000,1000
27427,162,betCent,10,0.7715963375796179,0,22,None,66,1,5,False,1000,1000
27428,163,betCent,10,0.7718949044585988,0,22,None,66,1,5,False,1000,1000
27429,164,betCent,10,0.7722929936305732,0,22,None,66,1,5,False,1000,1000
27430,160,betCent,10,0.7840366242038217,0,14,None,66,1,5,False,1000,1000
27431,161,betCent,10,0.785031847133758,0,14,None,66,1,5,False,1000,1000
27432,162,betCent,10,0.7853304140127388,0,14,None,66,1,5,False,1000,1000
27433,163,betCent,10,0.7856289808917197,0,14,None,66,1,5,False,1000,1000
27434,164,betCent,10,0.785828025477707,0,14,None,66,1,5,False,1000,1000
27435,160,betCent,10,0.7717953821656051,0,10,None,66,1,5,False,1000,1000
27436,161,betCent,10,0.772890127388535,0,10,None,66,1,5,False,1000,1000
27437,162,betCent,10,0.7730891719745223,0,10,None,66,1,5,False,1000,1000
27438,163,betCent,10,0.773984872611465,0,10,None,66,1,5,False,1000,1000
27439,164,betCent,10,0.7746815286624203,0,10,None,66,1,5,False,1000,1000
27440,160,betCent,10,0.7664211783439491,0,11,None,66,1,5,False,1000,1000
27441,161,betCent,10,0.7663216560509554,0,11,None,66,1,5,False,1000,1000
27442,162,betCent,10,0.7674164012738853,0,11,None,66,1,5,False,1000,1000
27443,163,betCent,10,0.7684116242038217,0,11,None,66,1,5,False,1000,1000
27444,164,betCent,10,0.7689092356687898,0,11,None,66,1,5,False,1000,1000
27445,160,betCent,10,0.7756767515923567,0,15,None,66,1,5,False,1000,1000
27446,161,betCent,10,0.7768710191082803,0,15,None,66,1,5,False,1000,1000
27447,162,betCent,10,0.7776671974522293,0,15,None,66,1,5,False,1000,1000
27448,163,betCent,10,0.7778662420382165,0,15,None,66,1,5,False,1000,1000
27449,164,betCent,10,0.7780652866242038,0,15,None,66,1,5,False,1000,1000
27450,160,betCent,10,0.7752786624203821,0,20,None,66,1,5,False,1000,1000
27451,161,betCent,10,0.775577229299363,0,20,None,66,1,5,False,1000,1000
27452,162,betCent,10,0.7762738853503185,0,20,None,66,1,5,False,1000,1000
27453,163,betCent,10,0.7775676751592356,0,20,None,66,1,5,False,1000,1000
27454,164,betCent,10,0.778562898089172,0,20,None,66,1,5,False,1000,1000
27455,160,betCent,10,0.772093949044586,0,7,None,66,1,5,False,1000,1000
27456,161,betCent,10,0.7733877388535032,0,7,None,66,1,5,False,1000,1000
27457,162,betCent,10,0.7741839171974523,0,7,None,66,1,5,False,1000,1000
27458,163,betCent,10,0.7751791401273885,0,7,None,66,1,5,False,1000,1000
27459,164,betCent,10,0.7767714968152867,0,7,None,66,1,5,False,1000,1000
27460,160,betCent,10,0.7799562101910829,0,6,None,66,1,5,False,1000,1000
27461,161,betCent,10,0.7806528662420382,0,6,None,66,1,5,False,1000,1000
27462,162,betCent,10,0.7807523885350318,0,6,None,66,1,5,False,1000,1000
27463,163,betCent,10,0.78125,0,6,None,66,1,5,False,1000,1000
27464,164,betCent,10,0.7821457006369427,0,6,None,66,1,5,False,1000,1000
27465,160,betCent,10,0.776671974522293,0,16,None,66,1,5,False,1000,1000
27466,161,betCent,10,0.7786624203821656,0,16,None,66,1,5,False,1000,1000
27467,162,betCent,10,0.7800557324840764,0,16,None,66,1,5,False,1000,1000
27468,163,betCent,10,0.7816480891719745,0,16,None,66,1,5,False,1000,1000
27469,164,betCent,10,0.7821457006369427,0,16,None,66,1,5,False,1000,1000
27470,160,betCent,10,0.7657245222929936,0,32,None,66,1,5,False,1000,1000
27471,161,betCent,10,0.7669187898089171,0,32,None,66,1,5,False,1000,1000
27472,162,betCent,10,0.7678144904458599,0,32,None,66,1,5,False,1000,1000
27473,163,betCent,10,0.7688097133757962,0,32,None,66,1,5,False,1000,1000
27474,164,betCent,10,0.7705015923566879,0,32,None,66,1,5,False,1000,1000
27475,160,betCent,10,0.5428941082802548,0,31,None,66,1,5,False,1000,1000
27476,161,betCent,10,0.638734076433121,0,31,None,66,1,5,False,1000,1000
27477,162,betCent,10,0.6923765923566879,0,31,None,66,1,5,False,1000,1000
27478,163,betCent,10,0.7221337579617835,0,31,None,66,1,5,False,1000,1000
27479,164,betCent,10,0.7398487261146497,0,31,None,66,1,5,False,1000,1000
27480,160,betCent,10,0.7861265923566879,0,18,None,66,1,5,False,1000,1000
27481,161,betCent,10,0.7859275477707006,0,18,None,66,1,5,False,1000,1000
27482,162,betCent,10,0.7868232484076433,0,18,None,66,1,5,False,1000,1000
27483,163,betCent,10,0.7864251592356688,0,18,None,66,1,5,False,1000,1000
27484,164,betCent,10,0.7873208598726115,0,18,None,66,1,5,False,1000,1000
27485,160,betCent,10,0.5655851910828026,0,1,None,66,1,5,False,1000,1000
27486,161,betCent,10,0.6570461783439491,0,1,None,66,1,5,False,1000,1000
27487,162,betCent,10,0.6794386942675159,0,1,None,66,1,5,False,1000,1000
27488,163,betCent,10,0.6909832802547771,0,1,None,66,1,5,False,1000,1000
27489,164,betCent,10,0.6965565286624203,0,1,None,66,1,5,False,1000,1000
27490,160,betCent,10,0.7789609872611465,0,2,None,66,1,5,False,1000,1000
27491,161,betCent,10,0.7786624203821656,0,2,None,66,1,5,False,1000,1000
27492,162,betCent,10,0.7792595541401274,0,2,None,66,1,5,False,1000,1000
27493,163,betCent,10,0.7799562101910829,0,2,None,66,1,5,False,1000,1000
27494,164,betCent,10,0.7795581210191083,0,2,None,66,1,5,False,1000,1000
27495,160,betCent,10,0.7808519108280255,0,0,None,66,1,5,False,1000,1000
27496,161,betCent,10,0.7811504777070064,0,0,None,66,1,5,False,1000,1000
27497,162,betCent,10,0.7816480891719745,0,0,None,66,1,5,False,1000,1000
27498,163,betCent,10,0.78125,0,0,None,66,1,5,False,1000,1000
27499,164,betCent,10,0.7817476114649682,0,0,None,66,1,5,False,1000,1000
27500,160,betCent,10,0.7631369426751592,0,4,None,66,1,5,False,1000,1000
27501,161,betCent,10,0.7640326433121019,0,4,None,66,1,5,False,1000,1000
27502,162,betCent,10,0.7642316878980892,0,4,None,66,1,5,False,1000,1000
27503,163,betCent,10,0.7649283439490446,0,4,None,66,1,5,False,1000,1000
27504,164,betCent,10,0.7655254777070064,0,4,None,66,1,5,False,1000,1000
27505,160,betCent,10,0.7787619426751592,0,3,None,66,1,5,False,1000,1000
27506,161,betCent,10,0.778562898089172,0,3,None,66,1,5,False,1000,1000
27507,162,betCent,10,0.7788614649681529,0,3,None,66,1,5,False,1000,1000
27508,163,betCent,10,0.7792595541401274,0,3,None,66,1,5,False,1000,1000
27509,164,betCent,10,0.7792595541401274,0,3,None,66,1,5,False,1000,1000
27510,160,betCent,10,0.78125,0,5,None,66,1,5,False,1000,1000
27511,161,betCent,10,0.7821457006369427,0,5,None,66,1,5,False,1000,1000
27512,162,betCent,10,0.7832404458598726,0,5,None,66,1,5,False,1000,1000
27513,163,betCent,10,0.7836385350318471,0,5,None,66,1,5,False,1000,1000
27514,164,betCent,10,0.7841361464968153,0,5,None,66,1,5,False,1000,1000
27515,160,betCent,10,0.7763734076433121,0,8,None,66,1,5,False,1000,1000
27516,161,betCent,10,0.777468152866242,0,8,None,66,1,5,False,1000,1000
27517,162,betCent,10,0.778562898089172,0,8,None,66,1,5,False,1000,1000
27518,163,betCent,10,0.7787619426751592,0,8,None,66,1,5,False,1000,1000
27519,164,betCent,10,0.7791600318471338,0,8,None,66,1,5,False,1000,1000
27520,160,betCent,10,0.7578622611464968,0,9,None,66,1,5,False,1000,1000
27521,161,betCent,10,0.7626393312101911,0,9,None,66,1,5,False,1000,1000
27522,162,betCent,10,0.7644307324840764,0,9,None,66,1,5,False,1000,1000
27523,163,betCent,10,0.7657245222929936,0,9,None,66,1,5,False,1000,1000
27524,164,betCent,10,0.7677149681528662,0,9,None,66,1,5,False,1000,1000
27525,160,betCent,10,0.7608479299363057,0,13,None,66,1,5,False,1000,1000
27526,161,betCent,10,0.7621417197452229,0,13,None,66,1,5,False,1000,1000
27527,162,betCent,10,0.7633359872611465,0,13,None,66,1,5,False,1000,1000
27528,163,betCent,10,0.7647292993630573,0,13,None,66,1,5,False,1000,1000
27529,164,betCent,10,0.7657245222929936,0,13,None,66,1,5,False,1000,1000
27530,160,betCent,10,0.7800557324840764,0,21,None,66,1,5,False,1000,1000
27531,161,betCent,10,0.7796576433121019,0,21,None,66,1,5,False,1000,1000
27532,162,betCent,10,0.7810509554140127,0,21,None,66,1,5,False,1000,1000
27533,163,betCent,10,0.7820461783439491,0,21,None,66,1,5,False,1000,1000
27534,164,betCent,10,0.7825437898089171,0,21,None,66,1,5,False,1000,1000
27535,160,betCent,10,0.7765724522292994,0,23,None,66,1,5,False,1000,1000
27536,161,betCent,10,0.7762738853503185,0,23,None,66,1,5,False,1000,1000
27537,162,betCent,10,0.777468152866242,0,23,None,66,1,5,False,1000,1000
27538,163,betCent,10,0.7781648089171974,0,23,None,66,1,5,False,1000,1000
27539,164,betCent,10,0.7789609872611465,0,23,None,66,1,5,False,1000,1000
27540,160,betCent,10,0.7854299363057324,0,28,None,66,1,5,False,1000,1000
27541,161,betCent,10,0.7874203821656051,0,28,None,66,1,5,False,1000,1000
27542,162,betCent,10,0.7876194267515924,0,28,None,66,1,5,False,1000,1000
27543,163,betCent,10,0.7876194267515924,0,28,None,66,1,5,False,1000,1000
27544,164,betCent,10,0.7876194267515924,0,28,None,66,1,5,False,1000,1000
27545,160,betCent,10,0.7827428343949044,0,27,None,66,1,5,False,1000,1000
27546,161,betCent,10,0.7838375796178344,0,27,None,66,1,5,False,1000,1000
27547,162,betCent,10,0.7851313694267515,0,27,None,66,1,5,False,1000,1000
27548,163,betCent,10,0.7834394904458599,0,27,None,66,1,5,False,1000,1000
27549,164,betCent,10,0.7852308917197452,0,27,None,66,1,5,False,1000,1000
27550,160,betCent,10,0.7692078025477707,0,29,None,66,1,5,False,1000,1000
27551,161,betCent,10,0.771297770700637,0,29,None,66,1,5,False,1000,1000
27552,162,betCent,10,0.7717953821656051,0,29,None,66,1,5,False,1000,1000
27553,163,betCent,10,0.772890127388535,0,29,None,66,1,5,False,1000,1000
27554,164,betCent,10,0.7732882165605095,0,29,None,66,1,5,False,1000,1000
27555,165,betCent,10,0.5687699044585988,0,1,None,66,1,5,False,1000,1000
27556,166,betCent,10,0.6603304140127388,0,1,None,66,1,5,False,1000,1000
27557,167,betCent,10,0.6835191082802548,0,1,None,66,1,5,False,1000,1000
27558,168,betCent,10,0.6929737261146497,0,1,None,66,1,5,False,1000,1000
27559,169,betCent,10,0.6986464968152867,0,1,None,66,1,5,False,1000,1000
27560,165,betCent,10,0.7811504777070064,0,2,None,66,1,5,False,1000,1000
27561,166,betCent,10,0.7805533439490446,0,2,None,66,1,5,False,1000,1000
27562,167,betCent,10,0.7810509554140127,0,2,None,66,1,5,False,1000,1000
27563,168,betCent,10,0.78234474522293,0,2,None,66,1,5,False,1000,1000
27564,169,betCent,10,0.7824442675159236,0,2,None,66,1,5,False,1000,1000
27565,165,betCent,10,0.7873208598726115,0,28,None,66,1,5,False,1000,1000
27566,166,betCent,10,0.7879179936305732,0,28,None,66,1,5,False,1000,1000
27567,167,betCent,10,0.7888136942675159,0,28,None,66,1,5,False,1000,1000
27568,168,betCent,10,0.7883160828025477,0,28,None,66,1,5,False,1000,1000
27569,169,betCent,10,0.7895103503184714,0,28,None,66,1,5,False,1000,1000
27570,165,betCent,10,0.7724920382165605,0,29,None,66,1,5,False,1000,1000
27571,166,betCent,10,0.7744824840764332,0,29,None,66,1,5,False,1000,1000
27572,167,betCent,10,0.7746815286624203,0,29,None,66,1,5,False,1000,1000
27573,168,betCent,10,0.7742834394904459,0,29,None,66,1,5,False,1000,1000
27574,169,betCent,10,0.7748805732484076,0,29,None,66,1,5,False,1000,1000
27575,165,betCent,10,0.7786624203821656,0,15,None,66,1,5,False,1000,1000
27576,166,betCent,10,0.779359076433121,0,15,None,66,1,5,False,1000,1000
27577,167,betCent,10,0.7799562101910829,0,15,None,66,1,5,False,1000,1000
27578,168,betCent,10,0.7792595541401274,0,15,None,66,1,5,False,1000,1000
27579,169,betCent,10,0.7803542993630573,0,15,None,66,1,5,False,1000,1000
27580,165,betCent,10,0.7732882165605095,0,7,None,66,1,5,False,1000,1000
27581,166,betCent,10,0.7744824840764332,0,7,None,66,1,5,False,1000,1000
27582,167,betCent,10,0.7757762738853503,0,7,None,66,1,5,False,1000,1000
27583,168,betCent,10,0.777468152866242,0,7,None,66,1,5,False,1000,1000
27584,169,betCent,10,0.7788614649681529,0,7,None,66,1,5,False,1000,1000
27585,165,betCent,10,0.7795581210191083,0,16,None,66,1,5,False,1000,1000
27586,166,betCent,10,0.7816480891719745,0,16,None,66,1,5,False,1000,1000
27587,167,betCent,10,0.7834394904458599,0,16,None,66,1,5,False,1000,1000
27588,168,betCent,10,0.7835390127388535,0,16,None,66,1,5,False,1000,1000
27589,169,betCent,10,0.7849323248407644,0,16,None,66,1,5,False,1000,1000
27590,165,betCent,10,0.7434315286624203,0,19,None,66,1,5,False,1000,1000
27591,166,betCent,10,0.7459195859872612,0,19,None,66,1,5,False,1000,1000
27592,167,betCent,10,0.7482085987261147,0,19,None,66,1,5,False,1000,1000
27593,168,betCent,10,0.75,0,19,None,66,1,5,False,1000,1000
27594,169,betCent,10,0.75109474522293,0,19,None,66,1,5,False,1000,1000
27595,165,betCent,10,0.7901074840764332,0,14,None,66,1,5,False,1000,1000
27596,166,betCent,10,0.7889132165605095,0,14,None,66,1,5,False,1000,1000
27597,167,betCent,10,0.7883160828025477,0,14,None,66,1,5,False,1000,1000
27598,168,betCent,10,0.7882165605095541,0,14,None,66,1,5,False,1000,1000
27599,169,betCent,10,0.787718949044586,0,14,None,66,1,5,False,1000,1000
27600,165,betCent,10,0.762937898089172,0,9,None,66,1,5,False,1000,1000
27601,166,betCent,10,0.7669187898089171,0,9,None,66,1,5,False,1000,1000
27602,167,betCent,10,0.7672173566878981,0,9,None,66,1,5,False,1000,1000
27603,168,betCent,10,0.7684116242038217,0,9,None,66,1,5,False,1000,1000
27604,169,betCent,10,0.7699044585987261,0,9,None,66,1,5,False,1000,1000
27605,165,betCent,10,0.7822452229299363,0,21,None,66,1,5,False,1000,1000
27606,166,betCent,10,0.7820461783439491,0,21,None,66,1,5,False,1000,1000
27607,167,betCent,10,0.7827428343949044,0,21,None,66,1,5,False,1000,1000
27608,168,betCent,10,0.7840366242038217,0,21,None,66,1,5,False,1000,1000
27609,169,betCent,10,0.7849323248407644,0,21,None,66,1,5,False,1000,1000
27610,165,betCent,10,0.6845143312101911,0,24,None,66,1,5,False,1000,1000
27611,166,betCent,10,0.6975517515923567,0,24,None,66,1,5,False,1000,1000
27612,167,betCent,10,0.7230294585987261,0,24,None,66,1,5,False,1000,1000
27613,168,betCent,10,0.7212380573248408,0,24,None,66,1,5,False,1000,1000
27614,169,betCent,10,0.7377587579617835,0,24,None,66,1,5,False,1000,1000
27615,165,betCent,10,0.7426353503184714,0,30,None,66,1,5,False,1000,1000
27616,166,betCent,10,0.745421974522293,0,30,None,66,1,5,False,1000,1000
27617,167,betCent,10,0.7472133757961783,0,30,None,66,1,5,False,1000,1000
27618,168,betCent,10,0.7492038216560509,0,30,None,66,1,5,False,1000,1000
27619,169,betCent,10,0.7513933121019108,0,30,None,66,1,5,False,1000,1000
27620,165,betCent,10,0.7883160828025477,0,18,None,66,1,5,False,1000,1000
27621,166,betCent,10,0.788515127388535,0,18,None,66,1,5,False,1000,1000
27622,167,betCent,10,0.7884156050955414,0,18,None,66,1,5,False,1000,1000
27623,168,betCent,10,0.7884156050955414,0,18,None,66,1,5,False,1000,1000
27624,169,betCent,10,0.7891122611464968,0,18,None,66,1,5,False,1000,1000
27625,165,betCent,10,0.7848328025477707,0,27,None,66,1,5,False,1000,1000
27626,166,betCent,10,0.785828025477707,0,27,None,66,1,5,False,1000,1000
27627,167,betCent,10,0.7878184713375797,0,27,None,66,1,5,False,1000,1000
27628,168,betCent,10,0.7886146496815286,0,27,None,66,1,5,False,1000,1000
27629,169,betCent,10,0.7895103503184714,0,27,None,66,1,5,False,1000,1000
27630,165,betCent,10,0.5439888535031847,0,31,None,66,1,5,False,1000,1000
27631,166,betCent,10,0.6445063694267515,0,31,None,66,1,5,False,1000,1000
27632,167,betCent,10,0.699343152866242,0,31,None,66,1,5,False,1000,1000
27633,168,betCent,10,0.7291998407643312,0,31,None,66,1,5,False,1000,1000
27634,169,betCent,10,0.7448248407643312,0,31,None,66,1,5,False,1000,1000
27635,165,betCent,10,0.7827428343949044,0,5,None,66,1,5,False,1000,1000
27636,166,betCent,10,0.7841361464968153,0,5,None,66,1,5,False,1000,1000
27637,167,betCent,10,0.7857285031847133,0,5,None,66,1,5,False,1000,1000
27638,168,betCent,10,0.7864251592356688,0,5,None,66,1,5,False,1000,1000
27639,169,betCent,10,0.786922770700637,0,5,None,66,1,5,False,1000,1000
27640,165,betCent,10,0.76453025477707,0,4,None,66,1,5,False,1000,1000
27641,166,betCent,10,0.7657245222929936,0,4,None,66,1,5,False,1000,1000
27642,167,betCent,10,0.765625,0,4,None,66,1,5,False,1000,1000
27643,168,betCent,10,0.7662221337579618,0,4,None,66,1,5,False,1000,1000
27644,169,betCent,10,0.7671178343949044,0,4,None,66,1,5,False,1000,1000
27645,165,betCent,10,0.7826433121019108,0,0,None,66,1,5,False,1000,1000
27646,166,betCent,10,0.7827428343949044,0,0,None,66,1,5,False,1000,1000
27647,167,betCent,10,0.783140923566879,0,0,None,66,1,5,False,1000,1000
27648,168,betCent,10,0.7843351910828026,0,0,None,66,1,5,False,1000,1000
27649,169,betCent,10,0.785031847133758,0,0,None,66,1,5,False,1000,1000
27650,165,betCent,10,0.779359076433121,0,8,None,66,1,5,False,1000,1000
27651,166,betCent,10,0.7799562101910829,0,8,None,66,1,5,False,1000,1000
27652,167,betCent,10,0.7807523885350318,0,8,None,66,1,5,False,1000,1000
27653,168,betCent,10,0.7808519108280255,0,8,None,66,1,5,False,1000,1000
27654,169,betCent,10,0.7809514331210191,0,8,None,66,1,5,False,1000,1000
27655,165,betCent,10,0.7773686305732485,0,20,None,66,1,5,False,1000,1000
27656,166,betCent,10,0.7781648089171974,0,20,None,66,1,5,False,1000,1000
27657,167,betCent,10,0.7780652866242038,0,20,None,66,1,5,False,1000,1000
27658,168,betCent,10,0.7796576433121019,0,20,None,66,1,5,False,1000,1000
27659,169,betCent,10,0.779359076433121,0,20,None,66,1,5,False,1000,1000
27660,165,betCent,10,0.7724920382165605,0,22,None,66,1,5,False,1000,1000
27661,166,betCent,10,0.7733877388535032,0,22,None,66,1,5,False,1000,1000
27662,167,betCent,10,0.7738853503184714,0,22,None,66,1,5,False,1000,1000
27663,168,betCent,10,0.7742834394904459,0,22,None,66,1,5,False,1000,1000
27664,169,betCent,10,0.7748805732484076,0,22,None,66,1,5,False,1000,1000
27665,165,betCent,10,0.7804538216560509,0,23,None,66,1,5,False,1000,1000
27666,166,betCent,10,0.7807523885350318,0,23,None,66,1,5,False,1000,1000
27667,167,betCent,10,0.7815485668789809,0,23,None,66,1,5,False,1000,1000
27668,168,betCent,10,0.7810509554140127,0,23,None,66,1,5,False,1000,1000
27669,169,betCent,10,0.7819466560509554,0,23,None,66,1,5,False,1000,1000
27670,165,betCent,10,0.7680135350318471,0,32,None,66,1,5,False,1000,1000
27671,166,betCent,10,0.7700039808917197,0,32,None,66,1,5,False,1000,1000
27672,167,betCent,10,0.7704020700636943,0,32,None,66,1,5,False,1000,1000
27673,168,betCent,10,0.7714968152866242,0,32,None,66,1,5,False,1000,1000
27674,169,betCent,10,0.7724920382165605,0,32,None,66,1,5,False,1000,1000
27675,165,betCent,10,0.7757762738853503,0,10,None,66,1,5,False,1000,1000
27676,166,betCent,10,0.775577229299363,0,10,None,66,1,5,False,1000,1000
27677,167,betCent,10,0.7757762738853503,0,10,None,66,1,5,False,1000,1000
27678,168,betCent,10,0.7768710191082803,0,10,None,66,1,5,False,1000,1000
27679,169,betCent,10,0.7768710191082803,0,10,None,66,1,5,False,1000,1000
27680,165,betCent,10,0.7689092356687898,0,11,None,66,1,5,False,1000,1000
27681,166,betCent,10,0.7688097133757962,0,11,None,66,1,5,False,1000,1000
27682,167,betCent,10,0.7705015923566879,0,11,None,66,1,5,False,1000,1000
27683,168,betCent,10,0.7715963375796179,0,11,None,66,1,5,False,1000,1000
27684,169,betCent,10,0.7711982484076433,0,11,None,66,1,5,False,1000,1000
27685,165,betCent,10,0.7811504777070064,0,17,None,66,1,5,False,1000,1000
27686,166,betCent,10,0.7817476114649682,0,17,None,66,1,5,False,1000,1000
27687,167,betCent,10,0.7820461783439491,0,17,None,66,1,5,False,1000,1000
27688,168,betCent,10,0.7816480891719745,0,17,None,66,1,5,False,1000,1000
27689,169,betCent,10,0.7820461783439491,0,17,None,66,1,5,False,1000,1000
27690,165,betCent,10,0.7815485668789809,0,6,None,66,1,5,False,1000,1000
27691,166,betCent,10,0.7825437898089171,0,6,None,66,1,5,False,1000,1000
27692,167,betCent,10,0.7833399681528662,0,6,None,66,1,5,False,1000,1000
27693,168,betCent,10,0.7833399681528662,0,6,None,66,1,5,False,1000,1000
27694,169,betCent,10,0.783937101910828,0,6,None,66,1,5,False,1000,1000
27695,165,betCent,10,0.7811504777070064,0,3,None,66,1,5,False,1000,1000
27696,166,betCent,10,0.7817476114649682,0,3,None,66,1,5,False,1000,1000
27697,167,betCent,10,0.7816480891719745,0,3,None,66,1,5,False,1000,1000
27698,168,betCent,10,0.7821457006369427,0,3,None,66,1,5,False,1000,1000
27699,169,betCent,10,0.7819466560509554,0,3,None,66,1,5,False,1000,1000
27700,165,betCent,10,0.7641321656050956,0,13,None,66,1,5,False,1000,1000
27701,166,betCent,10,0.765625,0,13,None,66,1,5,False,1000,1000
27702,167,betCent,10,0.765625,0,13,None,66,1,5,False,1000,1000
27703,168,betCent,10,0.7661226114649682,0,13,None,66,1,5,False,1000,1000
27704,169,betCent,10,0.7673168789808917,0,13,None,66,1,5,False,1000,1000
27705,165,betCent,10,0.7498009554140127,0,12,None,66,1,5,False,1000,1000
27706,166,betCent,10,0.7499004777070064,0,12,None,66,1,5,False,1000,1000
27707,167,betCent,10,0.7508957006369427,0,12,None,66,1,5,False,1000,1000
27708,168,betCent,10,0.7505971337579618,0,12,None,66,1,5,False,1000,1000
27709,169,betCent,10,0.751890923566879,0,12,None,66,1,5,False,1000,1000
27710,165,betCent,10,0.785828025477707,0,25,None,66,1,5,False,1000,1000
27711,166,betCent,10,0.7857285031847133,0,25,None,66,1,5,False,1000,1000
27712,167,betCent,10,0.786922770700637,0,25,None,66,1,5,False,1000,1000
27713,168,betCent,10,0.7876194267515924,0,25,None,66,1,5,False,1000,1000
27714,169,betCent,10,0.7884156050955414,0,25,None,66,1,5,False,1000,1000
27715,165,betCent,10,0.7172571656050956,0,26,None,66,1,5,False,1000,1000
27716,166,betCent,10,0.71875,0,26,None,66,1,5,False,1000,1000
27717,167,betCent,10,0.7209394904458599,0,26,None,66,1,5,False,1000,1000
27718,168,betCent,10,0.7226313694267515,0,26,None,66,1,5,False,1000,1000
27719,169,betCent,10,0.7248208598726115,0,26,None,66,1,5,False,1000,1000
27720,170,betCent,10,0.7724920382165605,0,32,None,66,1,5,False,1000,1000
27721,171,betCent,10,0.7731886942675159,0,32,None,66,1,5,False,1000,1000
27722,172,betCent,10,0.7742834394904459,0,32,None,66,1,5,False,1000,1000
27723,173,betCent,10,0.7748805732484076,0,32,None,66,1,5,False,1000,1000
27724,174,betCent,10,0.7764729299363057,0,32,None,66,1,5,False,1000,1000
27725,170,betCent,10,0.7746815286624203,0,22,None,66,1,5,False,1000,1000
27726,171,betCent,10,0.7750796178343949,0,22,None,66,1,5,False,1000,1000
27727,172,betCent,10,0.7756767515923567,0,22,None,66,1,5,False,1000,1000
27728,173,betCent,10,0.7770700636942676,0,22,None,66,1,5,False,1000,1000
27729,174,betCent,10,0.7780652866242038,0,22,None,66,1,5,False,1000,1000
27730,170,betCent,10,0.7148686305732485,0,26,None,66,1,5,False,1000,1000
27731,171,betCent,10,0.7178542993630573,0,26,None,66,1,5,False,1000,1000
27732,172,betCent,10,0.7193471337579618,0,26,None,66,1,5,False,1000,1000
27733,173,betCent,10,0.7213375796178344,0,26,None,66,1,5,False,1000,1000
27734,174,betCent,10,0.7229299363057324,0,26,None,66,1,5,False,1000,1000
27735,170,betCent,10,0.744327229299363,0,30,None,66,1,5,False,1000,1000
27736,171,betCent,10,0.7461186305732485,0,30,None,66,1,5,False,1000,1000
27737,172,betCent,10,0.7498009554140127,0,30,None,66,1,5,False,1000,1000
27738,173,betCent,10,0.7524880573248408,0,30,None,66,1,5,False,1000,1000
27739,174,betCent,10,0.754578025477707,0,30,None,66,1,5,False,1000,1000
27740,170,betCent,10,0.7840366242038217,0,6,None,66,1,5,False,1000,1000
27741,171,betCent,10,0.7845342356687898,0,6,None,66,1,5,False,1000,1000
27742,172,betCent,10,0.7847332802547771,0,6,None,66,1,5,False,1000,1000
27743,173,betCent,10,0.7847332802547771,0,6,None,66,1,5,False,1000,1000
27744,174,betCent,10,0.7857285031847133,0,6,None,66,1,5,False,1000,1000
27745,170,betCent,10,0.5727507961783439,0,1,None,66,1,5,False,1000,1000
27746,171,betCent,10,0.6641122611464968,0,1,None,66,1,5,False,1000,1000
27747,172,betCent,10,0.685609076433121,0,1,None,66,1,5,False,1000,1000
27748,173,betCent,10,0.6948646496815286,0,1,None,66,1,5,False,1000,1000
27749,174,betCent,10,0.7015326433121019,0,1,None,66,1,5,False,1000,1000
27750,170,betCent,10,0.7829418789808917,0,21,None,66,1,5,False,1000,1000
27751,171,betCent,10,0.7847332802547771,0,21,None,66,1,5,False,1000,1000
27752,172,betCent,10,0.7847332802547771,0,21,None,66,1,5,False,1000,1000
27753,173,betCent,10,0.7843351910828026,0,21,None,66,1,5,False,1000,1000
27754,174,betCent,10,0.785031847133758,0,21,None,66,1,5,False,1000,1000
27755,170,betCent,10,0.7818471337579618,0,23,None,66,1,5,False,1000,1000
27756,171,betCent,10,0.783140923566879,0,23,None,66,1,5,False,1000,1000
27757,172,betCent,10,0.7836385350318471,0,23,None,66,1,5,False,1000,1000
27758,173,betCent,10,0.783937101910828,0,23,None,66,1,5,False,1000,1000
27759,174,betCent,10,0.7843351910828026,0,23,None,66,1,5,False,1000,1000
27760,170,betCent,10,0.7867237261146497,0,27,None,66,1,5,False,1000,1000
27761,171,betCent,10,0.7888136942675159,0,27,None,66,1,5,False,1000,1000
27762,172,betCent,10,0.7898089171974523,0,27,None,66,1,5,False,1000,1000
27763,173,betCent,10,0.7882165605095541,0,27,None,66,1,5,False,1000,1000
27764,174,betCent,10,0.7902070063694268,0,27,None,66,1,5,False,1000,1000
27765,170,betCent,10,0.7916003184713376,0,14,None,66,1,5,False,1000,1000
27766,171,betCent,10,0.7913017515923567,0,14,None,66,1,5,False,1000,1000
27767,172,betCent,10,0.7907046178343949,0,14,None,66,1,5,False,1000,1000
27768,173,betCent,10,0.7913017515923567,0,14,None,66,1,5,False,1000,1000
27769,174,betCent,10,0.7911027070063694,0,14,None,66,1,5,False,1000,1000
27770,170,betCent,10,0.7829418789808917,0,2,None,66,1,5,False,1000,1000
27771,171,betCent,10,0.7828423566878981,0,2,None,66,1,5,False,1000,1000
27772,172,betCent,10,0.7834394904458599,0,2,None,66,1,5,False,1000,1000
27773,173,betCent,10,0.7838375796178344,0,2,None,66,1,5,False,1000,1000
27774,174,betCent,10,0.7847332802547771,0,2,None,66,1,5,False,1000,1000
27775,170,betCent,10,0.7843351910828026,0,5,None,66,1,5,False,1000,1000
27776,171,betCent,10,0.7864251592356688,0,5,None,66,1,5,False,1000,1000
27777,172,betCent,10,0.7875199044585988,0,5,None,66,1,5,False,1000,1000
27778,173,betCent,10,0.7891122611464968,0,5,None,66,1,5,False,1000,1000
27779,174,betCent,10,0.7897093949044586,0,5,None,66,1,5,False,1000,1000
27780,170,betCent,10,0.7810509554140127,0,15,None,66,1,5,False,1000,1000
27781,171,betCent,10,0.7820461783439491,0,15,None,66,1,5,False,1000,1000
27782,172,betCent,10,0.7813495222929936,0,15,None,66,1,5,False,1000,1000
27783,173,betCent,10,0.7816480891719745,0,15,None,66,1,5,False,1000,1000
27784,174,betCent,10,0.7819466560509554,0,15,None,66,1,5,False,1000,1000
27785,170,betCent,10,0.7780652866242038,0,10,None,66,1,5,False,1000,1000
27786,171,betCent,10,0.7781648089171974,0,10,None,66,1,5,False,1000,1000
27787,172,betCent,10,0.7789609872611465,0,10,None,66,1,5,False,1000,1000
27788,173,betCent,10,0.7790605095541401,0,10,None,66,1,5,False,1000,1000
27789,174,betCent,10,0.7794585987261147,0,10,None,66,1,5,False,1000,1000
27790,170,betCent,10,0.770203025477707,0,11,None,66,1,5,False,1000,1000
27791,171,betCent,10,0.771297770700637,0,11,None,66,1,5,False,1000,1000
27792,172,betCent,10,0.7716958598726115,0,11,None,66,1,5,False,1000,1000
27793,173,betCent,10,0.7727906050955414,0,11,None,66,1,5,False,1000,1000
27794,174,betCent,10,0.7729896496815286,0,11,None,66,1,5,False,1000,1000
27795,170,betCent,10,0.7843351910828026,0,17,None,66,1,5,False,1000,1000
27796,171,betCent,10,0.7841361464968153,0,17,None,66,1,5,False,1000,1000
27797,172,betCent,10,0.7838375796178344,0,17,None,66,1,5,False,1000,1000
27798,173,betCent,10,0.7841361464968153,0,17,None,66,1,5,False,1000,1000
27799,174,betCent,10,0.7846337579617835,0,17,None,66,1,5,False,1000,1000
27800,170,betCent,10,0.6868033439490446,0,24,None,66,1,5,False,1000,1000
27801,171,betCent,10,0.7032245222929936,0,24,None,66,1,5,False,1000,1000
27802,172,betCent,10,0.7213375796178344,0,24,None,66,1,5,False,1000,1000
27803,173,betCent,10,0.73328025477707,0,24,None,66,1,5,False,1000,1000
27804,174,betCent,10,0.7393511146496815,0,24,None,66,1,5,False,1000,1000
27805,170,betCent,10,0.7893113057324841,0,18,None,66,1,5,False,1000,1000
27806,171,betCent,10,0.7900079617834395,0,18,None,66,1,5,False,1000,1000
27807,172,betCent,10,0.7903065286624203,0,18,None,66,1,5,False,1000,1000
27808,173,betCent,10,0.7915007961783439,0,18,None,66,1,5,False,1000,1000
27809,174,betCent,10,0.7911027070063694,0,18,None,66,1,5,False,1000,1000
27810,170,betCent,10,0.7465167197452229,0,19,None,66,1,5,False,1000,1000
27811,171,betCent,10,0.74890525477707,0,19,None,66,1,5,False,1000,1000
27812,172,betCent,10,0.7508957006369427,0,19,None,66,1,5,False,1000,1000
27813,173,betCent,10,0.7517914012738853,0,19,None,66,1,5,False,1000,1000
27814,174,betCent,10,0.7531847133757962,0,19,None,66,1,5,False,1000,1000
27815,170,betCent,10,0.5423964968152867,0,31,None,66,1,5,False,1000,1000
27816,171,betCent,10,0.65515525477707,0,31,None,66,1,5,False,1000,1000
27817,172,betCent,10,0.7113853503184714,0,31,None,66,1,5,False,1000,1000
27818,173,betCent,10,0.7385549363057324,0,31,None,66,1,5,False,1000,1000
27819,174,betCent,10,0.7524880573248408,0,31,None,66,1,5,False,1000,1000
27820,170,betCent,10,0.7790605095541401,0,20,None,66,1,5,False,1000,1000
27821,171,betCent,10,0.7799562101910829,0,20,None,66,1,5,False,1000,1000
27822,172,betCent,10,0.7803542993630573,0,20,None,66,1,5,False,1000,1000
27823,173,betCent,10,0.7810509554140127,0,20,None,66,1,5,False,1000,1000
27824,174,betCent,10,0.7811504777070064,0,20,None,66,1,5,False,1000,1000
27825,170,betCent,10,0.7669187898089171,0,4,None,66,1,5,False,1000,1000
27826,171,betCent,10,0.7674164012738853,0,4,None,66,1,5,False,1000,1000
27827,172,betCent,10,0.7684116242038217,0,4,None,66,1,5,False,1000,1000
27828,173,betCent,10,0.7681130573248408,0,4,None,66,1,5,False,1000,1000
27829,174,betCent,10,0.7691082802547771,0,4,None,66,1,5,False,1000,1000
27830,170,betCent,10,0.7893113057324841,0,28,None,66,1,5,False,1000,1000
27831,171,betCent,10,0.7884156050955414,0,28,None,66,1,5,False,1000,1000
27832,172,betCent,10,0.7895103503184714,0,28,None,66,1,5,False,1000,1000
27833,173,betCent,10,0.7908041401273885,0,28,None,66,1,5,False,1000,1000
27834,174,betCent,10,0.7914012738853503,0,28,None,66,1,5,False,1000,1000
27835,170,betCent,10,0.7830414012738853,0,3,None,66,1,5,False,1000,1000
27836,171,betCent,10,0.7829418789808917,0,3,None,66,1,5,False,1000,1000
27837,172,betCent,10,0.7829418789808917,0,3,None,66,1,5,False,1000,1000
27838,173,betCent,10,0.7834394904458599,0,3,None,66,1,5,False,1000,1000
27839,174,betCent,10,0.7838375796178344,0,3,None,66,1,5,False,1000,1000
27840,170,betCent,10,0.76671974522293,0,13,None,66,1,5,False,1000,1000
27841,171,betCent,10,0.7674164012738853,0,13,None,66,1,5,False,1000,1000
27842,172,betCent,10,0.7682125796178344,0,13,None,66,1,5,False,1000,1000
27843,173,betCent,10,0.7693073248407644,0,13,None,66,1,5,False,1000,1000
27844,174,betCent,10,0.7707006369426752,0,13,None,66,1,5,False,1000,1000
27845,170,betCent,10,0.7749800955414012,0,7,None,66,1,5,False,1000,1000
27846,171,betCent,10,0.7770700636942676,0,7,None,66,1,5,False,1000,1000
27847,172,betCent,10,0.7775676751592356,0,7,None,66,1,5,False,1000,1000
27848,173,betCent,10,0.7778662420382165,0,7,None,66,1,5,False,1000,1000
27849,174,betCent,10,0.779359076433121,0,7,None,66,1,5,False,1000,1000
27850,170,betCent,10,0.7811504777070064,0,8,None,66,1,5,False,1000,1000
27851,171,betCent,10,0.7824442675159236,0,8,None,66,1,5,False,1000,1000
27852,172,betCent,10,0.7835390127388535,0,8,None,66,1,5,False,1000,1000
27853,173,betCent,10,0.7826433121019108,0,8,None,66,1,5,False,1000,1000
27854,174,betCent,10,0.7834394904458599,0,8,None,66,1,5,False,1000,1000
27855,170,betCent,10,0.7824442675159236,0,16,None,66,1,5,False,1000,1000
27856,171,betCent,10,0.7843351910828026,0,16,None,66,1,5,False,1000,1000
27857,172,betCent,10,0.7852308917197452,0,16,None,66,1,5,False,1000,1000
27858,173,betCent,10,0.7866242038216561,0,16,None,66,1,5,False,1000,1000
27859,174,betCent,10,0.7878184713375797,0,16,None,66,1,5,False,1000,1000
27860,170,betCent,10,0.7840366242038217,0,25,None,66,1,5,False,1000,1000
27861,171,betCent,10,0.7854299363057324,0,25,None,66,1,5,False,1000,1000
27862,172,betCent,10,0.7872213375796179,0,25,None,66,1,5,False,1000,1000
27863,173,betCent,10,0.7897093949044586,0,25,None,66,1,5,False,1000,1000
27864,174,betCent,10,0.7906050955414012,0,25,None,66,1,5,False,1000,1000
27865,170,betCent,10,0.7524880573248408,0,12,None,66,1,5,False,1000,1000
27866,171,betCent,10,0.7529856687898089,0,12,None,66,1,5,False,1000,1000
27867,172,betCent,10,0.7529856687898089,0,12,None,66,1,5,False,1000,1000
27868,173,betCent,10,0.7533837579617835,0,12,None,66,1,5,False,1000,1000
27869,174,betCent,10,0.7542794585987261,0,12,None,66,1,5,False,1000,1000
27870,170,betCent,10,0.7644307324840764,0,9,None,66,1,5,False,1000,1000
27871,171,betCent,10,0.7688097133757962,0,9,None,66,1,5,False,1000,1000
27872,172,betCent,10,0.7706011146496815,0,9,None,66,1,5,False,1000,1000
27873,173,betCent,10,0.7704020700636943,0,9,None,66,1,5,False,1000,1000
27874,174,betCent,10,0.7727906050955414,0,9,None,66,1,5,False,1000,1000
27875,170,betCent,10,0.7741839171974523,0,29,None,66,1,5,False,1000,1000
27876,171,betCent,10,0.7752786624203821,0,29,None,66,1,5,False,1000,1000
27877,172,betCent,10,0.7758757961783439,0,29,None,66,1,5,False,1000,1000
27878,173,betCent,10,0.7762738853503185,0,29,None,66,1,5,False,1000,1000
27879,174,betCent,10,0.7761743630573248,0,29,None,66,1,5,False,1000,1000
27880,170,betCent,10,0.785031847133758,0,0,None,66,1,5,False,1000,1000
27881,171,betCent,10,0.7862261146496815,0,0,None,66,1,5,False,1000,1000
27882,172,betCent,10,0.7864251592356688,0,0,None,66,1,5,False,1000,1000
27883,173,betCent,10,0.786922770700637,0,0,None,66,1,5,False,1000,1000
27884,174,betCent,10,0.7876194267515924,0,0,None,66,1,5,False,1000,1000
27885,175,betCent,10,0.7199442675159236,0,26,None,66,1,5,False,1000,1000
27886,176,betCent,10,0.7218351910828026,0,26,None,66,1,5,False,1000,1000
27887,177,betCent,10,0.7234275477707006,0,26,None,66,1,5,False,1000,1000
27888,178,betCent,10,0.726015127388535,0,26,None,66,1,5,False,1000,1000
27889,179,betCent,10,0.7277070063694268,0,26,None,66,1,5,False,1000,1000
27890,175,betCent,10,0.7883160828025477,0,25,None,66,1,5,False,1000,1000
27891,176,betCent,10,0.7894108280254777,0,25,None,66,1,5,False,1000,1000
27892,177,betCent,10,0.7905055732484076,0,25,None,66,1,5,False,1000,1000
27893,178,betCent,10,0.7915007961783439,0,25,None,66,1,5,False,1000,1000
27894,179,betCent,10,0.7914012738853503,0,25,None,66,1,5,False,1000,1000
27895,175,betCent,10,0.5731488853503185,0,1,None,66,1,5,False,1000,1000
27896,176,betCent,10,0.6656050955414012,0,1,None,66,1,5,False,1000,1000
27897,177,betCent,10,0.6883957006369427,0,1,None,66,1,5,False,1000,1000
27898,178,betCent,10,0.6959593949044586,0,1,None,66,1,5,False,1000,1000
27899,179,betCent,10,0.703125,0,1,None,66,1,5,False,1000,1000
27900,175,betCent,10,0.7856289808917197,0,2,None,66,1,5,False,1000,1000
27901,176,betCent,10,0.7854299363057324,0,2,None,66,1,5,False,1000,1000
27902,177,betCent,10,0.7861265923566879,0,2,None,66,1,5,False,1000,1000
27903,178,betCent,10,0.786922770700637,0,2,None,66,1,5,False,1000,1000
27904,179,betCent,10,0.7875199044585988,0,2,None,66,1,5,False,1000,1000
27905,175,betCent,10,0.7748805732484076,0,7,None,66,1,5,False,1000,1000
27906,176,betCent,10,0.7765724522292994,0,7,None,66,1,5,False,1000,1000
27907,177,betCent,10,0.7776671974522293,0,7,None,66,1,5,False,1000,1000
27908,178,betCent,10,0.7794585987261147,0,7,None,66,1,5,False,1000,1000
27909,179,betCent,10,0.7817476114649682,0,7,None,66,1,5,False,1000,1000
27910,175,betCent,10,0.7708996815286624,0,11,None,66,1,5,False,1000,1000
27911,176,betCent,10,0.7714968152866242,0,11,None,66,1,5,False,1000,1000
27912,177,betCent,10,0.7714968152866242,0,11,None,66,1,5,False,1000,1000
27913,178,betCent,10,0.7734872611464968,0,11,None,66,1,5,False,1000,1000
27914,179,betCent,10,0.7741839171974523,0,11,None,66,1,5,False,1000,1000
27915,175,betCent,10,0.7827428343949044,0,15,None,66,1,5,False,1000,1000
27916,176,betCent,10,0.7842356687898089,0,15,None,66,1,5,False,1000,1000
27917,177,betCent,10,0.785031847133758,0,15,None,66,1,5,False,1000,1000
27918,178,betCent,10,0.7849323248407644,0,15,None,66,1,5,False,1000,1000
27919,179,betCent,10,0.7862261146496815,0,15,None,66,1,5,False,1000,1000
27920,175,betCent,10,0.7860270700636943,0,17,None,66,1,5,False,1000,1000
27921,176,betCent,10,0.7870222929936306,0,17,None,66,1,5,False,1000,1000
27922,177,betCent,10,0.7874203821656051,0,17,None,66,1,5,False,1000,1000
27923,178,betCent,10,0.7878184713375797,0,17,None,66,1,5,False,1000,1000
27924,179,betCent,10,0.7880175159235668,0,17,None,66,1,5,False,1000,1000
27925,175,betCent,10,0.7859275477707006,0,5,None,66,1,5,False,1000,1000
27926,176,betCent,10,0.7879179936305732,0,5,None,66,1,5,False,1000,1000
27927,177,betCent,10,0.7886146496815286,0,5,None,66,1,5,False,1000,1000
27928,178,betCent,10,0.789609872611465,0,5,None,66,1,5,False,1000,1000
27929,179,betCent,10,0.7907046178343949,0,5,None,66,1,5,False,1000,1000
27930,175,betCent,10,0.7809514331210191,0,20,None,66,1,5,False,1000,1000
27931,176,betCent,10,0.7820461783439491,0,20,None,66,1,5,False,1000,1000
27932,177,betCent,10,0.7829418789808917,0,20,None,66,1,5,False,1000,1000
27933,178,betCent,10,0.7830414012738853,0,20,None,66,1,5,False,1000,1000
27934,179,betCent,10,0.7835390127388535,0,20,None,66,1,5,False,1000,1000
27935,175,betCent,10,0.779359076433121,0,10,None,66,1,5,False,1000,1000
27936,176,betCent,10,0.7810509554140127,0,10,None,66,1,5,False,1000,1000
27937,177,betCent,10,0.7809514331210191,0,10,None,66,1,5,False,1000,1000
27938,178,betCent,10,0.7811504777070064,0,10,None,66,1,5,False,1000,1000
27939,179,betCent,10,0.7815485668789809,0,10,None,66,1,5,False,1000,1000
27940,175,betCent,10,0.775577229299363,0,32,None,66,1,5,False,1000,1000
27941,176,betCent,10,0.7753781847133758,0,32,None,66,1,5,False,1000,1000
27942,177,betCent,10,0.7773686305732485,0,32,None,66,1,5,False,1000,1000
27943,178,betCent,10,0.7781648089171974,0,32,None,66,1,5,False,1000,1000
27944,179,betCent,10,0.7784633757961783,0,32,None,66,1,5,False,1000,1000
27945,175,betCent,10,0.7681130573248408,0,13,None,66,1,5,False,1000,1000
27946,176,betCent,10,0.7699044585987261,0,13,None,66,1,5,False,1000,1000
27947,177,betCent,10,0.7703025477707006,0,13,None,66,1,5,False,1000,1000
27948,178,betCent,10,0.771297770700637,0,13,None,66,1,5,False,1000,1000
27949,179,betCent,10,0.7721934713375797,0,13,None,66,1,5,False,1000,1000
27950,175,betCent,10,0.7535828025477707,0,12,None,66,1,5,False,1000,1000
27951,176,betCent,10,0.7544785031847133,0,12,None,66,1,5,False,1000,1000
27952,177,betCent,10,0.7554737261146497,0,12,None,66,1,5,False,1000,1000
27953,178,betCent,10,0.7565684713375797,0,12,None,66,1,5,False,1000,1000
27954,179,betCent,10,0.7571656050955414,0,12,None,66,1,5,False,1000,1000
27955,175,betCent,10,0.7847332802547771,0,16,None,66,1,5,False,1000,1000
27956,176,betCent,10,0.7870222929936306,0,16,None,66,1,5,False,1000,1000
27957,177,betCent,10,0.7891122611464968,0,16,None,66,1,5,False,1000,1000
27958,178,betCent,10,0.7890127388535032,0,16,None,66,1,5,False,1000,1000
27959,179,betCent,10,0.7901074840764332,0,16,None,66,1,5,False,1000,1000
27960,175,betCent,10,0.783937101910828,0,8,None,66,1,5,False,1000,1000
27961,176,betCent,10,0.7837380573248408,0,8,None,66,1,5,False,1000,1000
27962,177,betCent,10,0.7836385350318471,0,8,None,66,1,5,False,1000,1000
27963,178,betCent,10,0.7833399681528662,0,8,None,66,1,5,False,1000,1000
27964,179,betCent,10,0.7836385350318471,0,8,None,66,1,5,False,1000,1000
27965,175,betCent,10,0.7910031847133758,0,18,None,66,1,5,False,1000,1000
27966,176,betCent,10,0.7921974522292994,0,18,None,66,1,5,False,1000,1000
27967,177,betCent,10,0.7937898089171974,0,18,None,66,1,5,False,1000,1000
27968,178,betCent,10,0.7940883757961783,0,18,None,66,1,5,False,1000,1000
27969,179,betCent,10,0.7928941082802548,0,18,None,66,1,5,False,1000,1000
27970,175,betCent,10,0.74890525477707,0,19,None,66,1,5,False,1000,1000
27971,176,betCent,10,0.7511942675159236,0,19,None,66,1,5,False,1000,1000
27972,177,betCent,10,0.7535828025477707,0,19,None,66,1,5,False,1000,1000
27973,178,betCent,10,0.7543789808917197,0,19,None,66,1,5,False,1000,1000
27974,179,betCent,10,0.7549761146496815,0,19,None,66,1,5,False,1000,1000
27975,175,betCent,10,0.7849323248407644,0,21,None,66,1,5,False,1000,1000
27976,176,betCent,10,0.7852308917197452,0,21,None,66,1,5,False,1000,1000
27977,177,betCent,10,0.7856289808917197,0,21,None,66,1,5,False,1000,1000
27978,178,betCent,10,0.7857285031847133,0,21,None,66,1,5,False,1000,1000
27979,179,betCent,10,0.7866242038216561,0,21,None,66,1,5,False,1000,1000
27980,175,betCent,10,0.6875,0,24,None,66,1,5,False,1000,1000
27981,176,betCent,10,0.705015923566879,0,24,None,66,1,5,False,1000,1000
27982,177,betCent,10,0.732484076433121,0,24,None,66,1,5,False,1000,1000
27983,178,betCent,10,0.7352707006369427,0,24,None,66,1,5,False,1000,1000
27984,179,betCent,10,0.7493033439490446,0,24,None,66,1,5,False,1000,1000
27985,175,betCent,10,0.7889132165605095,0,27,None,66,1,5,False,1000,1000
27986,176,betCent,10,0.7914012738853503,0,27,None,66,1,5,False,1000,1000
27987,177,betCent,10,0.7928941082802548,0,27,None,66,1,5,False,1000,1000
27988,178,betCent,10,0.7924960191082803,0,27,None,66,1,5,False,1000,1000
27989,179,betCent,10,0.7920979299363057,0,27,None,66,1,5,False,1000,1000
27990,175,betCent,10,0.746218152866242,0,30,None,66,1,5,False,1000,1000
27991,176,betCent,10,0.7501990445859873,0,30,None,66,1,5,False,1000,1000
27992,177,betCent,10,0.751890923566879,0,30,None,66,1,5,False,1000,1000
27993,178,betCent,10,0.7546775477707006,0,30,None,66,1,5,False,1000,1000
27994,179,betCent,10,0.7566679936305732,0,30,None,66,1,5,False,1000,1000
27995,175,betCent,10,0.540406050955414,0,31,None,66,1,5,False,1000,1000
27996,176,betCent,10,0.6616242038216561,0,31,None,66,1,5,False,1000,1000
27997,177,betCent,10,0.7170581210191083,0,31,None,66,1,5,False,1000,1000
27998,178,betCent,10,0.7432324840764332,0,31,None,66,1,5,False,1000,1000
27999,179,betCent,10,0.7580613057324841,0,31,None,66,1,5,False,1000,1000
28000,175,betCent,10,0.7897093949044586,0,28,None,66,1,5,False,1000,1000
28001,176,betCent,10,0.7899084394904459,0,28,None,66,1,5,False,1000,1000
28002,177,betCent,10,0.7919984076433121,0,28,None,66,1,5,False,1000,1000
28003,178,betCent,10,0.7929936305732485,0,28,None,66,1,5,False,1000,1000
28004,179,betCent,10,0.7932921974522293,0,28,None,66,1,5,False,1000,1000
28005,175,betCent,10,0.7851313694267515,0,3,None,66,1,5,False,1000,1000
28006,176,betCent,10,0.7848328025477707,0,3,None,66,1,5,False,1000,1000
28007,177,betCent,10,0.7851313694267515,0,3,None,66,1,5,False,1000,1000
28008,178,betCent,10,0.7844347133757962,0,3,None,66,1,5,False,1000,1000
28009,179,betCent,10,0.7852308917197452,0,3,None,66,1,5,False,1000,1000
28010,175,betCent,10,0.7933917197452229,0,14,None,66,1,5,False,1000,1000
28011,176,betCent,10,0.794187898089172,0,14,None,66,1,5,False,1000,1000
28012,177,betCent,10,0.7945859872611465,0,14,None,66,1,5,False,1000,1000
28013,178,betCent,10,0.7937898089171974,0,14,None,66,1,5,False,1000,1000
28014,179,betCent,10,0.7934912420382165,0,14,None,66,1,5,False,1000,1000
28015,175,betCent,10,0.786922770700637,0,6,None,66,1,5,False,1000,1000
28016,176,betCent,10,0.7872213375796179,0,6,None,66,1,5,False,1000,1000
28017,177,betCent,10,0.7878184713375797,0,6,None,66,1,5,False,1000,1000
28018,178,betCent,10,0.7881170382165605,0,6,None,66,1,5,False,1000,1000
28019,179,betCent,10,0.7893113057324841,0,6,None,66,1,5,False,1000,1000
28020,175,betCent,10,0.7762738853503185,0,22,None,66,1,5,False,1000,1000
28021,176,betCent,10,0.7775676751592356,0,22,None,66,1,5,False,1000,1000
28022,177,betCent,10,0.778562898089172,0,22,None,66,1,5,False,1000,1000
28023,178,betCent,10,0.78015525477707,0,22,None,66,1,5,False,1000,1000
28024,179,betCent,10,0.7811504777070064,0,22,None,66,1,5,False,1000,1000
28025,175,betCent,10,0.7756767515923567,0,29,None,66,1,5,False,1000,1000
28026,176,betCent,10,0.7764729299363057,0,29,None,66,1,5,False,1000,1000
28027,177,betCent,10,0.7765724522292994,0,29,None,66,1,5,False,1000,1000
28028,178,betCent,10,0.7778662420382165,0,29,None,66,1,5,False,1000,1000
28029,179,betCent,10,0.7779657643312102,0,29,None,66,1,5,False,1000,1000
28030,175,betCent,10,0.7677149681528662,0,9,None,66,1,5,False,1000,1000
28031,176,betCent,10,0.7710987261146497,0,9,None,66,1,5,False,1000,1000
28032,177,betCent,10,0.7721934713375797,0,9,None,66,1,5,False,1000,1000
28033,178,betCent,10,0.7731886942675159,0,9,None,66,1,5,False,1000,1000
28034,179,betCent,10,0.774781050955414,0,9,None,66,1,5,False,1000,1000
28035,175,betCent,10,0.7684116242038217,0,4,None,66,1,5,False,1000,1000
28036,176,betCent,10,0.7698049363057324,0,4,None,66,1,5,False,1000,1000
28037,177,betCent,10,0.7697054140127388,0,4,None,66,1,5,False,1000,1000
28038,178,betCent,10,0.7703025477707006,0,4,None,66,1,5,False,1000,1000
28039,179,betCent,10,0.7705015923566879,0,4,None,66,1,5,False,1000,1000
28040,175,betCent,10,0.7873208598726115,0,0,None,66,1,5,False,1000,1000
28041,176,betCent,10,0.7886146496815286,0,0,None,66,1,5,False,1000,1000
28042,177,betCent,10,0.7889132165605095,0,0,None,66,1,5,False,1000,1000
28043,178,betCent,10,0.7892117834394905,0,0,None,66,1,5,False,1000,1000
28044,179,betCent,10,0.7893113057324841,0,0,None,66,1,5,False,1000,1000
28045,175,betCent,10,0.7830414012738853,0,23,None,66,1,5,False,1000,1000
28046,176,betCent,10,0.7842356687898089,0,23,None,66,1,5,False,1000,1000
28047,177,betCent,10,0.7849323248407644,0,23,None,66,1,5,False,1000,1000
28048,178,betCent,10,0.7854299363057324,0,23,None,66,1,5,False,1000,1000
28049,179,betCent,10,0.7853304140127388,0,23,None,66,1,5,False,1000,1000
30360,180,betCent,10,0.7882165605095541,0,5,None,66,1,5,False,1000,1000
30361,181,betCent,10,0.7900079617834395,0,5,None,66,1,5,False,1000,1000
30362,182,betCent,10,0.790406050955414,0,5,None,66,1,5,False,1000,1000
30363,183,betCent,10,0.7913017515923567,0,5,None,66,1,5,False,1000,1000
30364,184,betCent,10,0.7915007961783439,0,5,None,66,1,5,False,1000,1000
30365,180,betCent,10,0.7703025477707006,0,13,None,66,1,5,False,1000,1000
30366,181,betCent,10,0.7715963375796179,0,13,None,66,1,5,False,1000,1000
30367,182,betCent,10,0.7729896496815286,0,13,None,66,1,5,False,1000,1000
30368,183,betCent,10,0.7734872611464968,0,13,None,66,1,5,False,1000,1000
30369,184,betCent,10,0.7737858280254777,0,13,None,66,1,5,False,1000,1000
30370,180,betCent,10,0.7878184713375797,0,16,None,66,1,5,False,1000,1000
30371,181,betCent,10,0.7900079617834395,0,16,None,66,1,5,False,1000,1000
30372,182,betCent,10,0.7915007961783439,0,16,None,66,1,5,False,1000,1000
30373,183,betCent,10,0.7911027070063694,0,16,None,66,1,5,False,1000,1000
30374,184,betCent,10,0.7929936305732485,0,16,None,66,1,5,False,1000,1000
30375,180,betCent,10,0.7828423566878981,0,20,None,66,1,5,False,1000,1000
30376,181,betCent,10,0.7847332802547771,0,20,None,66,1,5,False,1000,1000
30377,182,betCent,10,0.7854299363057324,0,20,None,66,1,5,False,1000,1000
30378,183,betCent,10,0.7852308917197452,0,20,None,66,1,5,False,1000,1000
30379,184,betCent,10,0.7859275477707006,0,20,None,66,1,5,False,1000,1000
30380,180,betCent,10,0.7848328025477707,0,8,None,66,1,5,False,1000,1000
30381,181,betCent,10,0.7849323248407644,0,8,None,66,1,5,False,1000,1000
30382,182,betCent,10,0.7849323248407644,0,8,None,66,1,5,False,1000,1000
30383,183,betCent,10,0.7856289808917197,0,8,None,66,1,5,False,1000,1000
30384,184,betCent,10,0.7857285031847133,0,8,None,66,1,5,False,1000,1000
30385,180,betCent,10,0.7483081210191083,0,19,None,66,1,5,False,1000,1000
30386,181,betCent,10,0.7516918789808917,0,19,None,66,1,5,False,1000,1000
30387,182,betCent,10,0.7536823248407644,0,19,None,66,1,5,False,1000,1000
30388,183,betCent,10,0.7552746815286624,0,19,None,66,1,5,False,1000,1000
30389,184,betCent,10,0.7566679936305732,0,19,None,66,1,5,False,1000,1000
30390,180,betCent,10,0.7784633757961783,0,22,None,66,1,5,False,1000,1000
30391,181,betCent,10,0.7790605095541401,0,22,None,66,1,5,False,1000,1000
30392,182,betCent,10,0.78125,0,22,None,66,1,5,False,1000,1000
30393,183,betCent,10,0.7825437898089171,0,22,None,66,1,5,False,1000,1000
30394,184,betCent,10,0.7828423566878981,0,22,None,66,1,5,False,1000,1000
30395,180,betCent,10,0.7961783439490446,0,14,None,66,1,5,False,1000,1000
30396,181,betCent,10,0.7965764331210191,0,14,None,66,1,5,False,1000,1000
30397,182,betCent,10,0.7965764331210191,0,14,None,66,1,5,False,1000,1000
30398,183,betCent,10,0.7963773885350318,0,14,None,66,1,5,False,1000,1000
30399,184,betCent,10,0.7966759554140127,0,14,None,66,1,5,False,1000,1000
30400,180,betCent,10,0.7849323248407644,0,23,None,66,1,5,False,1000,1000
30401,181,betCent,10,0.7857285031847133,0,23,None,66,1,5,False,1000,1000
30402,182,betCent,10,0.7855294585987261,0,23,None,66,1,5,False,1000,1000
30403,183,betCent,10,0.7861265923566879,0,23,None,66,1,5,False,1000,1000
30404,184,betCent,10,0.7866242038216561,0,23,None,66,1,5,False,1000,1000
30405,180,betCent,10,0.7860270700636943,0,21,None,66,1,5,False,1000,1000
30406,181,betCent,10,0.7867237261146497,0,21,None,66,1,5,False,1000,1000
30407,182,betCent,10,0.7868232484076433,0,21,None,66,1,5,False,1000,1000
30408,183,betCent,10,0.7876194267515924,0,21,None,66,1,5,False,1000,1000
30409,184,betCent,10,0.788515127388535,0,21,None,66,1,5,False,1000,1000
30410,180,betCent,10,0.789609872611465,0,25,None,66,1,5,False,1000,1000
30411,181,betCent,10,0.7903065286624203,0,25,None,66,1,5,False,1000,1000
30412,182,betCent,10,0.7910031847133758,0,25,None,66,1,5,False,1000,1000
30413,183,betCent,10,0.7916998407643312,0,25,None,66,1,5,False,1000,1000
30414,184,betCent,10,0.7923964968152867,0,25,None,66,1,5,False,1000,1000
30415,180,betCent,10,0.7232285031847133,0,26,None,66,1,5,False,1000,1000
30416,181,betCent,10,0.725218949044586,0,26,None,66,1,5,False,1000,1000
30417,182,betCent,10,0.7273089171974523,0,26,None,66,1,5,False,1000,1000
30418,183,betCent,10,0.729796974522293,0,26,None,66,1,5,False,1000,1000
30419,184,betCent,10,0.7319864649681529,0,26,None,66,1,5,False,1000,1000
30420,180,betCent,10,0.7559713375796179,0,12,None,66,1,5,False,1000,1000
30421,181,betCent,10,0.7575636942675159,0,12,None,66,1,5,False,1000,1000
30422,182,betCent,10,0.7578622611464968,0,12,None,66,1,5,False,1000,1000
30423,183,betCent,10,0.7590565286624203,0,12,None,66,1,5,False,1000,1000
30424,184,betCent,10,0.759952229299363,0,12,None,66,1,5,False,1000,1000
30425,180,betCent,10,0.6927746815286624,0,24,None,66,1,5,False,1000,1000
30426,181,betCent,10,0.7139729299363057,0,24,None,66,1,5,False,1000,1000
30427,182,betCent,10,0.7369625796178344,0,24,None,66,1,5,False,1000,1000
30428,183,betCent,10,0.738953025477707,0,24,None,66,1,5,False,1000,1000
30429,184,betCent,10,0.7495023885350318,0,24,None,66,1,5,False,1000,1000
30430,180,betCent,10,0.792296974522293,0,28,None,66,1,5,False,1000,1000
30431,181,betCent,10,0.7917993630573248,0,28,None,66,1,5,False,1000,1000
30432,182,betCent,10,0.7937898089171974,0,28,None,66,1,5,False,1000,1000
30433,183,betCent,10,0.794187898089172,0,28,None,66,1,5,False,1000,1000
30434,184,betCent,10,0.794984076433121,0,28,None,66,1,5,False,1000,1000
30435,180,betCent,10,0.5386146496815286,0,31,None,66,1,5,False,1000,1000
30436,181,betCent,10,0.6667993630573248,0,31,None,66,1,5,False,1000,1000
30437,182,betCent,10,0.7254179936305732,0,31,None,66,1,5,False,1000,1000
30438,183,betCent,10,0.7482085987261147,0,31,None,66,1,5,False,1000,1000
30439,184,betCent,10,0.7639331210191083,0,31,None,66,1,5,False,1000,1000
30440,180,betCent,10,0.7934912420382165,0,18,None,66,1,5,False,1000,1000
30441,181,betCent,10,0.7935907643312102,0,18,None,66,1,5,False,1000,1000
30442,182,betCent,10,0.7940883757961783,0,18,None,66,1,5,False,1000,1000
30443,183,betCent,10,0.7943869426751592,0,18,None,66,1,5,False,1000,1000
30444,184,betCent,10,0.7944864649681529,0,18,None,66,1,5,False,1000,1000
30445,180,betCent,10,0.7772691082802548,0,32,None,66,1,5,False,1000,1000
30446,181,betCent,10,0.7777667197452229,0,32,None,66,1,5,False,1000,1000
30447,182,betCent,10,0.7789609872611465,0,32,None,66,1,5,False,1000,1000
30448,183,betCent,10,0.7791600318471338,0,32,None,66,1,5,False,1000,1000
30449,184,betCent,10,0.7807523885350318,0,32,None,66,1,5,False,1000,1000
30450,180,betCent,10,0.775577229299363,0,7,None,66,1,5,False,1000,1000
30451,181,betCent,10,0.7779657643312102,0,7,None,66,1,5,False,1000,1000
30452,182,betCent,10,0.7788614649681529,0,7,None,66,1,5,False,1000,1000
30453,183,betCent,10,0.7806528662420382,0,7,None,66,1,5,False,1000,1000
30454,184,betCent,10,0.7826433121019108,0,7,None,66,1,5,False,1000,1000
30455,180,betCent,10,0.7880175159235668,0,2,None,66,1,5,False,1000,1000
30456,181,betCent,10,0.7878184713375797,0,2,None,66,1,5,False,1000,1000
30457,182,betCent,10,0.7881170382165605,0,2,None,66,1,5,False,1000,1000
30458,183,betCent,10,0.7888136942675159,0,2,None,66,1,5,False,1000,1000
30459,184,betCent,10,0.7898089171974523,0,2,None,66,1,5,False,1000,1000
30460,180,betCent,10,0.5725517515923567,0,1,None,66,1,5,False,1000,1000
30461,181,betCent,10,0.6674960191082803,0,1,None,66,1,5,False,1000,1000
30462,182,betCent,10,0.6903861464968153,0,1,None,66,1,5,False,1000,1000
30463,183,betCent,10,0.6984474522292994,0,1,None,66,1,5,False,1000,1000
30464,184,betCent,10,0.7048168789808917,0,1,None,66,1,5,False,1000,1000
30465,180,betCent,10,0.7844347133757962,0,15,None,66,1,5,False,1000,1000
30466,181,betCent,10,0.7852308917197452,0,15,None,66,1,5,False,1000,1000
30467,182,betCent,10,0.7865246815286624,0,15,None,66,1,5,False,1000,1000
30468,183,betCent,10,0.7866242038216561,0,15,None,66,1,5,False,1000,1000
30469,184,betCent,10,0.7872213375796179,0,15,None,66,1,5,False,1000,1000
30470,180,betCent,10,0.7707006369426752,0,4,None,66,1,5,False,1000,1000
30471,181,betCent,10,0.7711982484076433,0,4,None,66,1,5,False,1000,1000
30472,182,betCent,10,0.7718949044585988,0,4,None,66,1,5,False,1000,1000
30473,183,betCent,10,0.7717953821656051,0,4,None,66,1,5,False,1000,1000
30474,184,betCent,10,0.7727906050955414,0,4,None,66,1,5,False,1000,1000
30475,180,betCent,10,0.7821457006369427,0,10,None,66,1,5,False,1000,1000
30476,181,betCent,10,0.7822452229299363,0,10,None,66,1,5,False,1000,1000
30477,182,betCent,10,0.7827428343949044,0,10,None,66,1,5,False,1000,1000
30478,183,betCent,10,0.783140923566879,0,10,None,66,1,5,False,1000,1000
30479,184,betCent,10,0.7838375796178344,0,10,None,66,1,5,False,1000,1000
30480,180,betCent,10,0.7722929936305732,0,11,None,66,1,5,False,1000,1000
30481,181,betCent,10,0.7729896496815286,0,11,None,66,1,5,False,1000,1000
30482,182,betCent,10,0.7733877388535032,0,11,None,66,1,5,False,1000,1000
30483,183,betCent,10,0.7740843949044586,0,11,None,66,1,5,False,1000,1000
30484,184,betCent,10,0.7738853503184714,0,11,None,66,1,5,False,1000,1000
30485,180,betCent,10,0.7872213375796179,0,3,None,66,1,5,False,1000,1000
30486,181,betCent,10,0.7871218152866242,0,3,None,66,1,5,False,1000,1000
30487,182,betCent,10,0.786922770700637,0,3,None,66,1,5,False,1000,1000
30488,183,betCent,10,0.787718949044586,0,3,None,66,1,5,False,1000,1000
30489,184,betCent,10,0.7881170382165605,0,3,None,66,1,5,False,1000,1000
30490,180,betCent,10,0.7893113057324841,0,17,None,66,1,5,False,1000,1000
30491,181,betCent,10,0.7895103503184714,0,17,None,66,1,5,False,1000,1000
30492,182,betCent,10,0.7895103503184714,0,17,None,66,1,5,False,1000,1000
30493,183,betCent,10,0.7893113057324841,0,17,None,66,1,5,False,1000,1000
30494,184,betCent,10,0.7898089171974523,0,17,None,66,1,5,False,1000,1000
30495,180,betCent,10,0.770203025477707,0,9,None,66,1,5,False,1000,1000
30496,181,betCent,10,0.7726910828025477,0,9,None,66,1,5,False,1000,1000
30497,182,betCent,10,0.772890127388535,0,9,None,66,1,5,False,1000,1000
30498,183,betCent,10,0.7754777070063694,0,9,None,66,1,5,False,1000,1000
30499,184,betCent,10,0.7767714968152867,0,9,None,66,1,5,False,1000,1000
30500,180,betCent,10,0.7768710191082803,0,29,None,66,1,5,False,1000,1000
30501,181,betCent,10,0.7780652866242038,0,29,None,66,1,5,False,1000,1000
30502,182,betCent,10,0.7789609872611465,0,29,None,66,1,5,False,1000,1000
30503,183,betCent,10,0.7786624203821656,0,29,None,66,1,5,False,1000,1000
30504,184,betCent,10,0.7789609872611465,0,29,None,66,1,5,False,1000,1000
30505,180,betCent,10,0.7891122611464968,0,0,None,66,1,5,False,1000,1000
30506,181,betCent,10,0.789609872611465,0,0,None,66,1,5,False,1000,1000
30507,182,betCent,10,0.7905055732484076,0,0,None,66,1,5,False,1000,1000
30508,183,betCent,10,0.7903065286624203,0,0,None,66,1,5,False,1000,1000
30509,184,betCent,10,0.7908041401273885,0,0,None,66,1,5,False,1000,1000
30510,185,betCent,10,0.7508957006369427,0,19,None,66,1,5,False,1000,1000
30511,186,betCent,10,0.7548765923566879,0,19,None,66,1,5,False,1000,1000
30512,187,betCent,10,0.7566679936305732,0,19,None,66,1,5,False,1000,1000
30513,188,betCent,10,0.7586584394904459,0,19,None,66,1,5,False,1000,1000
30514,189,betCent,10,0.7608479299363057,0,19,None,66,1,5,False,1000,1000
30515,180,betCent,10,0.7891122611464968,0,6,None,66,1,5,False,1000,1000
30516,181,betCent,10,0.7903065286624203,0,6,None,66,1,5,False,1000,1000
30517,182,betCent,10,0.7900079617834395,0,6,None,66,1,5,False,1000,1000
30518,183,betCent,10,0.7907046178343949,0,6,None,66,1,5,False,1000,1000
30519,184,betCent,10,0.7911027070063694,0,6,None,66,1,5,False,1000,1000
30520,180,betCent,10,0.7916998407643312,0,27,None,66,1,5,False,1000,1000
30521,181,betCent,10,0.7928941082802548,0,27,None,66,1,5,False,1000,1000
30522,182,betCent,10,0.7936902866242038,0,27,None,66,1,5,False,1000,1000
30523,183,betCent,10,0.7945859872611465,0,27,None,66,1,5,False,1000,1000
30524,184,betCent,10,0.7945859872611465,0,27,None,66,1,5,False,1000,1000
30525,180,betCent,10,0.7483081210191083,0,30,None,66,1,5,False,1000,1000
30526,181,betCent,10,0.7512937898089171,0,30,None,66,1,5,False,1000,1000
30527,182,betCent,10,0.7541799363057324,0,30,None,66,1,5,False,1000,1000
30528,183,betCent,10,0.7577627388535032,0,30,None,66,1,5,False,1000,1000
30529,184,betCent,10,0.7601512738853503,0,30,None,66,1,5,False,1000,1000
30530,185,betCent,10,0.7899084394904459,0,16,None,66,1,5,False,1000,1000
30531,186,betCent,10,0.7910031847133758,0,16,None,66,1,5,False,1000,1000
30532,187,betCent,10,0.792296974522293,0,16,None,66,1,5,False,1000,1000
30533,188,betCent,10,0.7931926751592356,0,16,None,66,1,5,False,1000,1000
30534,189,betCent,10,0.7933917197452229,0,16,None,66,1,5,False,1000,1000
30535,185,betCent,10,0.7790605095541401,0,32,None,66,1,5,False,1000,1000
30536,186,betCent,10,0.7794585987261147,0,32,None,66,1,5,False,1000,1000
30537,187,betCent,10,0.7798566878980892,0,32,None,66,1,5,False,1000,1000
30538,188,betCent,10,0.7802547770700637,0,32,None,66,1,5,False,1000,1000
30539,189,betCent,10,0.7818471337579618,0,32,None,66,1,5,False,1000,1000
30540,185,betCent,10,0.7910031847133758,0,25,None,66,1,5,False,1000,1000
30541,186,betCent,10,0.7920979299363057,0,25,None,66,1,5,False,1000,1000
30542,187,betCent,10,0.7921974522292994,0,25,None,66,1,5,False,1000,1000
30543,188,betCent,10,0.792296974522293,0,25,None,66,1,5,False,1000,1000
30544,189,betCent,10,0.7933917197452229,0,25,None,66,1,5,False,1000,1000
30545,185,betCent,10,0.7986664012738853,0,14,None,66,1,5,False,1000,1000
30546,186,betCent,10,0.7991640127388535,0,14,None,66,1,5,False,1000,1000
30547,187,betCent,10,0.7993630573248408,0,14,None,66,1,5,False,1000,1000
30548,188,betCent,10,0.7989649681528662,0,14,None,66,1,5,False,1000,1000
30549,189,betCent,10,0.7986664012738853,0,14,None,66,1,5,False,1000,1000
30550,185,betCent,10,0.7800557324840764,0,22,None,66,1,5,False,1000,1000
30551,186,betCent,10,0.7811504777070064,0,22,None,66,1,5,False,1000,1000
30552,187,betCent,10,0.7827428343949044,0,22,None,66,1,5,False,1000,1000
30553,188,betCent,10,0.7841361464968153,0,22,None,66,1,5,False,1000,1000
30554,189,betCent,10,0.7836385350318471,0,22,None,66,1,5,False,1000,1000
30555,185,betCent,10,0.7250199044585988,0,26,None,66,1,5,False,1000,1000
30556,186,betCent,10,0.7270103503184714,0,26,None,66,1,5,False,1000,1000
30557,187,betCent,10,0.7288017515923567,0,26,None,66,1,5,False,1000,1000
30558,188,betCent,10,0.7315883757961783,0,26,None,66,1,5,False,1000,1000
30559,189,betCent,10,0.7327826433121019,0,26,None,66,1,5,False,1000,1000
30560,185,betCent,10,0.7902070063694268,0,6,None,66,1,5,False,1000,1000
30561,186,betCent,10,0.7909036624203821,0,6,None,66,1,5,False,1000,1000
30562,187,betCent,10,0.792296974522293,0,6,None,66,1,5,False,1000,1000
30563,188,betCent,10,0.7923964968152867,0,6,None,66,1,5,False,1000,1000
30564,189,betCent,10,0.7925955414012739,0,6,None,66,1,5,False,1000,1000
30565,185,betCent,10,0.6973527070063694,0,24,None,66,1,5,False,1000,1000
30566,186,betCent,10,0.7186504777070064,0,24,None,66,1,5,False,1000,1000
30567,187,betCent,10,0.7430334394904459,0,24,None,66,1,5,False,1000,1000
30568,188,betCent,10,0.7448248407643312,0,24,None,66,1,5,False,1000,1000
30569,189,betCent,10,0.7517914012738853,0,24,None,66,1,5,False,1000,1000
30570,185,betCent,10,0.7511942675159236,0,30,None,66,1,5,False,1000,1000
30571,186,betCent,10,0.7539808917197452,0,30,None,66,1,5,False,1000,1000
30572,187,betCent,10,0.7578622611464968,0,30,None,66,1,5,False,1000,1000
30573,188,betCent,10,0.7602507961783439,0,30,None,66,1,5,False,1000,1000
30574,189,betCent,10,0.7627388535031847,0,30,None,66,1,5,False,1000,1000
30575,185,betCent,10,0.538515127388535,0,31,None,66,1,5,False,1000,1000
30576,186,betCent,10,0.6652070063694268,0,31,None,66,1,5,False,1000,1000
30577,187,betCent,10,0.726015127388535,0,31,None,66,1,5,False,1000,1000
30578,188,betCent,10,0.7514928343949044,0,31,None,66,1,5,False,1000,1000
30579,189,betCent,10,0.7650278662420382,0,31,None,66,1,5,False,1000,1000
30580,185,betCent,10,0.7759753184713376,0,7,None,66,1,5,False,1000,1000
30581,186,betCent,10,0.7780652866242038,0,7,None,66,1,5,False,1000,1000
30582,187,betCent,10,0.7797571656050956,0,7,None,66,1,5,False,1000,1000
30583,188,betCent,10,0.78234474522293,0,7,None,66,1,5,False,1000,1000
30584,189,betCent,10,0.783937101910828,0,7,None,66,1,5,False,1000,1000
30585,185,betCent,10,0.7836385350318471,0,10,None,66,1,5,False,1000,1000
30586,186,betCent,10,0.785031847133758,0,10,None,66,1,5,False,1000,1000
30587,187,betCent,10,0.7852308917197452,0,10,None,66,1,5,False,1000,1000
30588,188,betCent,10,0.7854299363057324,0,10,None,66,1,5,False,1000,1000
30589,189,betCent,10,0.7863256369426752,0,10,None,66,1,5,False,1000,1000
30590,185,betCent,10,0.7709992038216561,0,11,None,66,1,5,False,1000,1000
30591,186,betCent,10,0.772890127388535,0,11,None,66,1,5,False,1000,1000
30592,187,betCent,10,0.773984872611465,0,11,None,66,1,5,False,1000,1000
30593,188,betCent,10,0.7753781847133758,0,11,None,66,1,5,False,1000,1000
30594,189,betCent,10,0.7746815286624203,0,11,None,66,1,5,False,1000,1000
30595,185,betCent,10,0.7588574840764332,0,12,None,66,1,5,False,1000,1000
30596,186,betCent,10,0.7589570063694268,0,12,None,66,1,5,False,1000,1000
30597,187,betCent,10,0.7592555732484076,0,12,None,66,1,5,False,1000,1000
30598,188,betCent,10,0.759952229299363,0,12,None,66,1,5,False,1000,1000
30599,189,betCent,10,0.7613455414012739,0,12,None,66,1,5,False,1000,1000
30600,185,betCent,10,0.7875199044585988,0,15,None,66,1,5,False,1000,1000
30601,186,betCent,10,0.7878184713375797,0,15,None,66,1,5,False,1000,1000
30602,187,betCent,10,0.7884156050955414,0,15,None,66,1,5,False,1000,1000
30603,188,betCent,10,0.7888136942675159,0,15,None,66,1,5,False,1000,1000
30604,189,betCent,10,0.7886146496815286,0,15,None,66,1,5,False,1000,1000
30605,185,betCent,10,0.7926950636942676,0,17,None,66,1,5,False,1000,1000
30606,186,betCent,10,0.7925955414012739,0,17,None,66,1,5,False,1000,1000
30607,187,betCent,10,0.7927945859872612,0,17,None,66,1,5,False,1000,1000
30608,188,betCent,10,0.7914012738853503,0,17,None,66,1,5,False,1000,1000
30609,189,betCent,10,0.7915007961783439,0,17,None,66,1,5,False,1000,1000
30610,185,betCent,10,0.7934912420382165,0,18,None,66,1,5,False,1000,1000
30611,186,betCent,10,0.7938893312101911,0,18,None,66,1,5,False,1000,1000
30612,187,betCent,10,0.7946855095541401,0,18,None,66,1,5,False,1000,1000
30613,188,betCent,10,0.7952826433121019,0,18,None,66,1,5,False,1000,1000
30614,189,betCent,10,0.7946855095541401,0,18,None,66,1,5,False,1000,1000
30615,185,betCent,10,0.7856289808917197,0,20,None,66,1,5,False,1000,1000
30616,186,betCent,10,0.7862261146496815,0,20,None,66,1,5,False,1000,1000
30617,187,betCent,10,0.7863256369426752,0,20,None,66,1,5,False,1000,1000
30618,188,betCent,10,0.7862261146496815,0,20,None,66,1,5,False,1000,1000
30619,189,betCent,10,0.7871218152866242,0,20,None,66,1,5,False,1000,1000
30620,185,betCent,10,0.5720541401273885,0,1,None,66,1,5,False,1000,1000
30621,186,betCent,10,0.6695859872611465,0,1,None,66,1,5,False,1000,1000
30622,187,betCent,10,0.692078025477707,0,1,None,66,1,5,False,1000,1000
30623,188,betCent,10,0.6995421974522293,0,1,None,66,1,5,False,1000,1000
30624,189,betCent,10,0.7059116242038217,0,1,None,66,1,5,False,1000,1000
30625,185,betCent,10,0.7895103503184714,0,2,None,66,1,5,False,1000,1000
30626,186,betCent,10,0.7893113057324841,0,2,None,66,1,5,False,1000,1000
30627,187,betCent,10,0.7909036624203821,0,2,None,66,1,5,False,1000,1000
30628,188,betCent,10,0.7908041401273885,0,2,None,66,1,5,False,1000,1000
30629,189,betCent,10,0.7918988853503185,0,2,None,66,1,5,False,1000,1000
30630,185,betCent,10,0.7907046178343949,0,0,None,66,1,5,False,1000,1000
30631,186,betCent,10,0.7909036624203821,0,0,None,66,1,5,False,1000,1000
30632,187,betCent,10,0.7914012738853503,0,0,None,66,1,5,False,1000,1000
30633,188,betCent,10,0.7920979299363057,0,0,None,66,1,5,False,1000,1000
30634,189,betCent,10,0.7918988853503185,0,0,None,66,1,5,False,1000,1000
30635,185,betCent,10,0.7722929936305732,0,4,None,66,1,5,False,1000,1000
30636,186,betCent,10,0.7729896496815286,0,4,None,66,1,5,False,1000,1000
30637,187,betCent,10,0.7733877388535032,0,4,None,66,1,5,False,1000,1000
30638,188,betCent,10,0.7741839171974523,0,4,None,66,1,5,False,1000,1000
30639,189,betCent,10,0.7744824840764332,0,4,None,66,1,5,False,1000,1000
30640,185,betCent,10,0.789609872611465,0,3,None,66,1,5,False,1000,1000
30641,186,betCent,10,0.7897093949044586,0,3,None,66,1,5,False,1000,1000
30642,187,betCent,10,0.7902070063694268,0,3,None,66,1,5,False,1000,1000
30643,188,betCent,10,0.7903065286624203,0,3,None,66,1,5,False,1000,1000
30644,189,betCent,10,0.7900079617834395,0,3,None,66,1,5,False,1000,1000
30645,185,betCent,10,0.7891122611464968,0,5,None,66,1,5,False,1000,1000
30646,186,betCent,10,0.7907046178343949,0,5,None,66,1,5,False,1000,1000
30647,187,betCent,10,0.7917993630573248,0,5,None,66,1,5,False,1000,1000
30648,188,betCent,10,0.7920979299363057,0,5,None,66,1,5,False,1000,1000
30649,189,betCent,10,0.7935907643312102,0,5,None,66,1,5,False,1000,1000
30650,185,betCent,10,0.7874203821656051,0,8,None,66,1,5,False,1000,1000
30651,186,betCent,10,0.786922770700637,0,8,None,66,1,5,False,1000,1000
30652,187,betCent,10,0.7867237261146497,0,8,None,66,1,5,False,1000,1000
30653,188,betCent,10,0.7873208598726115,0,8,None,66,1,5,False,1000,1000
30654,189,betCent,10,0.7876194267515924,0,8,None,66,1,5,False,1000,1000
30655,185,betCent,10,0.7717953821656051,0,9,None,66,1,5,False,1000,1000
30656,186,betCent,10,0.7749800955414012,0,9,None,66,1,5,False,1000,1000
30657,187,betCent,10,0.7761743630573248,0,9,None,66,1,5,False,1000,1000
30658,188,betCent,10,0.7780652866242038,0,9,None,66,1,5,False,1000,1000
30659,189,betCent,10,0.7786624203821656,0,9,None,66,1,5,False,1000,1000
30660,185,betCent,10,0.7711982484076433,0,13,None,66,1,5,False,1000,1000
30661,186,betCent,10,0.7733877388535032,0,13,None,66,1,5,False,1000,1000
30662,187,betCent,10,0.7740843949044586,0,13,None,66,1,5,False,1000,1000
30663,188,betCent,10,0.7744824840764332,0,13,None,66,1,5,False,1000,1000
30664,189,betCent,10,0.7754777070063694,0,13,None,66,1,5,False,1000,1000
30665,185,betCent,10,0.7863256369426752,0,23,None,66,1,5,False,1000,1000
30666,186,betCent,10,0.7868232484076433,0,23,None,66,1,5,False,1000,1000
30667,187,betCent,10,0.7868232484076433,0,23,None,66,1,5,False,1000,1000
30668,188,betCent,10,0.7868232484076433,0,23,None,66,1,5,False,1000,1000
30669,189,betCent,10,0.7880175159235668,0,23,None,66,1,5,False,1000,1000
30670,185,betCent,10,0.7866242038216561,0,21,None,66,1,5,False,1000,1000
30671,186,betCent,10,0.7878184713375797,0,21,None,66,1,5,False,1000,1000
30672,187,betCent,10,0.7895103503184714,0,21,None,66,1,5,False,1000,1000
30673,188,betCent,10,0.7888136942675159,0,21,None,66,1,5,False,1000,1000
30674,189,betCent,10,0.7897093949044586,0,21,None,66,1,5,False,1000,1000
30675,185,betCent,10,0.7947850318471338,0,28,None,66,1,5,False,1000,1000
30676,186,betCent,10,0.7939888535031847,0,28,None,66,1,5,False,1000,1000
30677,187,betCent,10,0.7950835987261147,0,28,None,66,1,5,False,1000,1000
30678,188,betCent,10,0.7954816878980892,0,28,None,66,1,5,False,1000,1000
30679,189,betCent,10,0.7955812101910829,0,28,None,66,1,5,False,1000,1000
30680,185,betCent,10,0.7938893312101911,0,27,None,66,1,5,False,1000,1000
30681,186,betCent,10,0.794984076433121,0,27,None,66,1,5,False,1000,1000
30682,187,betCent,10,0.7952826433121019,0,27,None,66,1,5,False,1000,1000
30683,188,betCent,10,0.7962778662420382,0,27,None,66,1,5,False,1000,1000
30684,189,betCent,10,0.7960788216560509,0,27,None,66,1,5,False,1000,1000
30685,185,betCent,10,0.7777667197452229,0,29,None,66,1,5,False,1000,1000
30686,186,betCent,10,0.7792595541401274,0,29,None,66,1,5,False,1000,1000
30687,187,betCent,10,0.7796576433121019,0,29,None,66,1,5,False,1000,1000
30688,188,betCent,10,0.7800557324840764,0,29,None,66,1,5,False,1000,1000
30689,189,betCent,10,0.7796576433121019,0,29,None,66,1,5,False,1000,1000
30690,190,betCent,10,0.572452229299363,0,1,None,66,1,5,False,1000,1000
30691,191,betCent,10,0.6710788216560509,0,1,None,66,1,5,False,1000,1000
30692,192,betCent,10,0.693172770700637,0,1,None,66,1,5,False,1000,1000
30693,193,betCent,10,0.7013335987261147,0,1,None,66,1,5,False,1000,1000
30694,194,betCent,10,0.7079020700636943,0,1,None,66,1,5,False,1000,1000
30695,190,betCent,10,0.791202229299363,0,2,None,66,1,5,False,1000,1000
30696,191,betCent,10,0.7924960191082803,0,2,None,66,1,5,False,1000,1000
30697,192,betCent,10,0.7928941082802548,0,2,None,66,1,5,False,1000,1000
30698,193,betCent,10,0.7929936305732485,0,2,None,66,1,5,False,1000,1000
30699,194,betCent,10,0.793093152866242,0,2,None,66,1,5,False,1000,1000
30700,190,betCent,10,0.7898089171974523,0,23,None,66,1,5,False,1000,1000
30701,191,betCent,10,0.7906050955414012,0,23,None,66,1,5,False,1000,1000
30702,192,betCent,10,0.7921974522292994,0,23,None,66,1,5,False,1000,1000
30703,193,betCent,10,0.7920979299363057,0,23,None,66,1,5,False,1000,1000
30704,194,betCent,10,0.7925955414012739,0,23,None,66,1,5,False,1000,1000
30705,190,betCent,10,0.7954816878980892,0,28,None,66,1,5,False,1000,1000
30706,191,betCent,10,0.7965764331210191,0,28,None,66,1,5,False,1000,1000
30707,192,betCent,10,0.7960788216560509,0,28,None,66,1,5,False,1000,1000
30708,193,betCent,10,0.7974721337579618,0,28,None,66,1,5,False,1000,1000
30709,194,betCent,10,0.7982683121019108,0,28,None,66,1,5,False,1000,1000
30710,190,betCent,10,0.790406050955414,0,5,None,66,1,5,False,1000,1000
30711,191,betCent,10,0.7924960191082803,0,5,None,66,1,5,False,1000,1000
30712,192,betCent,10,0.793093152866242,0,5,None,66,1,5,False,1000,1000
30713,193,betCent,10,0.7934912420382165,0,5,None,66,1,5,False,1000,1000
30714,194,betCent,10,0.7946855095541401,0,5,None,66,1,5,False,1000,1000
30715,190,betCent,10,0.7866242038216561,0,20,None,66,1,5,False,1000,1000
30716,191,betCent,10,0.7883160828025477,0,20,None,66,1,5,False,1000,1000
30717,192,betCent,10,0.7870222929936306,0,20,None,66,1,5,False,1000,1000
30718,193,betCent,10,0.7878184713375797,0,20,None,66,1,5,False,1000,1000
30719,194,betCent,10,0.7893113057324841,0,20,None,66,1,5,False,1000,1000
30720,190,betCent,10,0.7725915605095541,0,4,None,66,1,5,False,1000,1000
30721,191,betCent,10,0.7730891719745223,0,4,None,66,1,5,False,1000,1000
30722,192,betCent,10,0.7735867834394905,0,4,None,66,1,5,False,1000,1000
30723,193,betCent,10,0.7757762738853503,0,4,None,66,1,5,False,1000,1000
30724,194,betCent,10,0.776671974522293,0,4,None,66,1,5,False,1000,1000
30725,190,betCent,10,0.7805533439490446,0,32,None,66,1,5,False,1000,1000
30726,191,betCent,10,0.7813495222929936,0,32,None,66,1,5,False,1000,1000
30727,192,betCent,10,0.7820461783439491,0,32,None,66,1,5,False,1000,1000
30728,193,betCent,10,0.7830414012738853,0,32,None,66,1,5,False,1000,1000
30729,194,betCent,10,0.7837380573248408,0,32,None,66,1,5,False,1000,1000
30730,190,betCent,10,0.7716958598726115,0,11,None,66,1,5,False,1000,1000
30731,191,betCent,10,0.7735867834394905,0,11,None,66,1,5,False,1000,1000
30732,192,betCent,10,0.7748805732484076,0,11,None,66,1,5,False,1000,1000
30733,193,betCent,10,0.7756767515923567,0,11,None,66,1,5,False,1000,1000
30734,194,betCent,10,0.7754777070063694,0,11,None,66,1,5,False,1000,1000
30735,190,betCent,10,0.7772691082802548,0,7,None,66,1,5,False,1000,1000
30736,191,betCent,10,0.7794585987261147,0,7,None,66,1,5,False,1000,1000
30737,192,betCent,10,0.7807523885350318,0,7,None,66,1,5,False,1000,1000
30738,193,betCent,10,0.7836385350318471,0,7,None,66,1,5,False,1000,1000
30739,194,betCent,10,0.7864251592356688,0,7,None,66,1,5,False,1000,1000
30740,190,betCent,10,0.7920979299363057,0,16,None,66,1,5,False,1000,1000
30741,191,betCent,10,0.7925955414012739,0,16,None,66,1,5,False,1000,1000
30742,192,betCent,10,0.7942874203821656,0,16,None,66,1,5,False,1000,1000
30743,193,betCent,10,0.7948845541401274,0,16,None,66,1,5,False,1000,1000
30744,194,betCent,10,0.7959792993630573,0,16,None,66,1,5,False,1000,1000
30745,190,betCent,10,0.7887141719745223,0,8,None,66,1,5,False,1000,1000
30746,191,betCent,10,0.788515127388535,0,8,None,66,1,5,False,1000,1000
30747,192,betCent,10,0.788515127388535,0,8,None,66,1,5,False,1000,1000
30748,193,betCent,10,0.7888136942675159,0,8,None,66,1,5,False,1000,1000
30749,194,betCent,10,0.7891122611464968,0,8,None,66,1,5,False,1000,1000
30750,190,betCent,10,0.7818471337579618,0,22,None,66,1,5,False,1000,1000
30751,191,betCent,10,0.7833399681528662,0,22,None,66,1,5,False,1000,1000
30752,192,betCent,10,0.7835390127388535,0,22,None,66,1,5,False,1000,1000
30753,193,betCent,10,0.7838375796178344,0,22,None,66,1,5,False,1000,1000
30754,194,betCent,10,0.7852308917197452,0,22,None,66,1,5,False,1000,1000
30755,190,betCent,10,0.7938893312101911,0,17,None,66,1,5,False,1000,1000
30756,191,betCent,10,0.7940883757961783,0,17,None,66,1,5,False,1000,1000
30757,192,betCent,10,0.7942874203821656,0,17,None,66,1,5,False,1000,1000
30758,193,betCent,10,0.7935907643312102,0,17,None,66,1,5,False,1000,1000
30759,194,betCent,10,0.7936902866242038,0,17,None,66,1,5,False,1000,1000
30760,190,betCent,10,0.7529856687898089,0,30,None,66,1,5,False,1000,1000
30761,191,betCent,10,0.7569665605095541,0,30,None,66,1,5,False,1000,1000
30762,192,betCent,10,0.7592555732484076,0,30,None,66,1,5,False,1000,1000
30763,193,betCent,10,0.7630374203821656,0,30,None,66,1,5,False,1000,1000
30764,194,betCent,10,0.7652269108280255,0,30,None,66,1,5,False,1000,1000
30765,190,betCent,10,0.7970740445859873,0,27,None,66,1,5,False,1000,1000
30766,191,betCent,10,0.7965764331210191,0,27,None,66,1,5,False,1000,1000
30767,192,betCent,10,0.7981687898089171,0,27,None,66,1,5,False,1000,1000
30768,193,betCent,10,0.7981687898089171,0,27,None,66,1,5,False,1000,1000
30769,194,betCent,10,0.7981687898089171,0,27,None,66,1,5,False,1000,1000
30770,190,betCent,10,0.7948845541401274,0,18,None,66,1,5,False,1000,1000
30771,191,betCent,10,0.79578025477707,0,18,None,66,1,5,False,1000,1000
30772,192,betCent,10,0.7963773885350318,0,18,None,66,1,5,False,1000,1000
30773,193,betCent,10,0.7961783439490446,0,18,None,66,1,5,False,1000,1000
30774,194,betCent,10,0.7965764331210191,0,18,None,66,1,5,False,1000,1000
30775,190,betCent,10,0.5351313694267515,0,31,None,66,1,5,False,1000,1000
30776,191,betCent,10,0.6665007961783439,0,31,None,66,1,5,False,1000,1000
30777,192,betCent,10,0.7301950636942676,0,31,None,66,1,5,False,1000,1000
30778,193,betCent,10,0.7540804140127388,0,31,None,66,1,5,False,1000,1000
30779,194,betCent,10,0.7678144904458599,0,31,None,66,1,5,False,1000,1000
30780,190,betCent,10,0.8004578025477707,0,14,None,66,1,5,False,1000,1000
30781,191,betCent,10,0.8009554140127388,0,14,None,66,1,5,False,1000,1000
30782,192,betCent,10,0.8008558917197452,0,14,None,66,1,5,False,1000,1000
30783,193,betCent,10,0.8005573248407644,0,14,None,66,1,5,False,1000,1000
30784,194,betCent,10,0.8009554140127388,0,14,None,66,1,5,False,1000,1000
30785,190,betCent,10,0.7736863057324841,0,9,None,66,1,5,False,1000,1000
30786,191,betCent,10,0.7763734076433121,0,9,None,66,1,5,False,1000,1000
30787,192,betCent,10,0.7796576433121019,0,9,None,66,1,5,False,1000,1000
30788,193,betCent,10,0.7811504777070064,0,9,None,66,1,5,False,1000,1000
30789,194,betCent,10,0.7818471337579618,0,9,None,66,1,5,False,1000,1000
30790,190,betCent,10,0.7800557324840764,0,29,None,66,1,5,False,1000,1000
30791,191,betCent,10,0.7807523885350318,0,29,None,66,1,5,False,1000,1000
30792,192,betCent,10,0.78125,0,29,None,66,1,5,False,1000,1000
30793,193,betCent,10,0.7814490445859873,0,29,None,66,1,5,False,1000,1000
30794,194,betCent,10,0.7818471337579618,0,29,None,66,1,5,False,1000,1000
30795,190,betCent,10,0.7536823248407644,0,19,None,66,1,5,False,1000,1000
30796,191,betCent,10,0.756468949044586,0,19,None,66,1,5,False,1000,1000
30797,192,betCent,10,0.7589570063694268,0,19,None,66,1,5,False,1000,1000
30798,193,betCent,10,0.7614450636942676,0,19,None,66,1,5,False,1000,1000
30799,194,betCent,10,0.7640326433121019,0,19,None,66,1,5,False,1000,1000
30800,190,betCent,10,0.7900079617834395,0,21,None,66,1,5,False,1000,1000
30801,191,betCent,10,0.7905055732484076,0,21,None,66,1,5,False,1000,1000
30802,192,betCent,10,0.7911027070063694,0,21,None,66,1,5,False,1000,1000
30803,193,betCent,10,0.7923964968152867,0,21,None,66,1,5,False,1000,1000
30804,194,betCent,10,0.7925955414012739,0,21,None,66,1,5,False,1000,1000
30805,190,betCent,10,0.7932921974522293,0,0,None,66,1,5,False,1000,1000
30806,191,betCent,10,0.7936902866242038,0,0,None,66,1,5,False,1000,1000
30807,192,betCent,10,0.7934912420382165,0,0,None,66,1,5,False,1000,1000
30808,193,betCent,10,0.7933917197452229,0,0,None,66,1,5,False,1000,1000
30809,194,betCent,10,0.7938893312101911,0,0,None,66,1,5,False,1000,1000
30810,190,betCent,10,0.7017316878980892,0,24,None,66,1,5,False,1000,1000
30811,191,betCent,10,0.7268113057324841,0,24,None,66,1,5,False,1000,1000
30812,192,betCent,10,0.7420382165605095,0,24,None,66,1,5,False,1000,1000
30813,193,betCent,10,0.7520899681528662,0,24,None,66,1,5,False,1000,1000
30814,194,betCent,10,0.7516918789808917,0,24,None,66,1,5,False,1000,1000
30815,190,betCent,10,0.7934912420382165,0,6,None,66,1,5,False,1000,1000
30816,191,betCent,10,0.7938893312101911,0,6,None,66,1,5,False,1000,1000
30817,192,betCent,10,0.7937898089171974,0,6,None,66,1,5,False,1000,1000
30818,193,betCent,10,0.7946855095541401,0,6,None,66,1,5,False,1000,1000
30819,194,betCent,10,0.7948845541401274,0,6,None,66,1,5,False,1000,1000
30820,190,betCent,10,0.7600517515923567,0,12,None,66,1,5,False,1000,1000
30821,191,betCent,10,0.759952229299363,0,12,None,66,1,5,False,1000,1000
30822,192,betCent,10,0.7611464968152867,0,12,None,66,1,5,False,1000,1000
30823,193,betCent,10,0.7620421974522293,0,12,None,66,1,5,False,1000,1000
30824,194,betCent,10,0.7633359872611465,0,12,None,66,1,5,False,1000,1000
30825,190,betCent,10,0.7751791401273885,0,13,None,66,1,5,False,1000,1000
30826,191,betCent,10,0.7763734076433121,0,13,None,66,1,5,False,1000,1000
30827,192,betCent,10,0.777468152866242,0,13,None,66,1,5,False,1000,1000
30828,193,betCent,10,0.7771695859872612,0,13,None,66,1,5,False,1000,1000
30829,194,betCent,10,0.7784633757961783,0,13,None,66,1,5,False,1000,1000
30830,190,betCent,10,0.7923964968152867,0,25,None,66,1,5,False,1000,1000
30831,191,betCent,10,0.7931926751592356,0,25,None,66,1,5,False,1000,1000
30832,192,betCent,10,0.7931926751592356,0,25,None,66,1,5,False,1000,1000
30833,193,betCent,10,0.7943869426751592,0,25,None,66,1,5,False,1000,1000
30834,194,betCent,10,0.7943869426751592,0,25,None,66,1,5,False,1000,1000
30835,190,betCent,10,0.7256170382165605,0,26,None,66,1,5,False,1000,1000
30836,191,betCent,10,0.7288017515923567,0,26,None,66,1,5,False,1000,1000
30837,192,betCent,10,0.7309912420382165,0,26,None,66,1,5,False,1000,1000
30838,193,betCent,10,0.7328821656050956,0,26,None,66,1,5,False,1000,1000
30839,194,betCent,10,0.7346735668789809,0,26,None,66,1,5,False,1000,1000
30840,190,betCent,10,0.7859275477707006,0,10,None,66,1,5,False,1000,1000
30841,191,betCent,10,0.7871218152866242,0,10,None,66,1,5,False,1000,1000
30842,192,betCent,10,0.7865246815286624,0,10,None,66,1,5,False,1000,1000
30843,193,betCent,10,0.7875199044585988,0,10,None,66,1,5,False,1000,1000
30844,194,betCent,10,0.7882165605095541,0,10,None,66,1,5,False,1000,1000
30845,190,betCent,10,0.7881170382165605,0,15,None,66,1,5,False,1000,1000
30846,191,betCent,10,0.7898089171974523,0,15,None,66,1,5,False,1000,1000
30847,192,betCent,10,0.7897093949044586,0,15,None,66,1,5,False,1000,1000
30848,193,betCent,10,0.7899084394904459,0,15,None,66,1,5,False,1000,1000
30849,194,betCent,10,0.7908041401273885,0,15,None,66,1,5,False,1000,1000
30850,190,betCent,10,0.7921974522292994,0,3,None,66,1,5,False,1000,1000
30851,191,betCent,10,0.7923964968152867,0,3,None,66,1,5,False,1000,1000
30852,192,betCent,10,0.792296974522293,0,3,None,66,1,5,False,1000,1000
30853,193,betCent,10,0.7926950636942676,0,3,None,66,1,5,False,1000,1000
30854,194,betCent,10,0.7917993630573248,0,3,None,66,1,5,False,1000,1000
30855,195,betCent,10,0.5807125796178344,0,1,None,66,1,5,False,1000,1000
30856,196,betCent,10,0.6743630573248408,0,1,None,66,1,5,False,1000,1000
30857,197,betCent,10,0.6950636942675159,0,1,None,66,1,5,False,1000,1000
30858,198,betCent,10,0.70203025477707,0,1,None,66,1,5,False,1000,1000
30859,199,betCent,10,0.7104896496815286,0,1,None,66,1,5,False,1000,1000
30860,195,betCent,10,0.7996616242038217,0,27,None,66,1,5,False,1000,1000
30861,196,betCent,10,0.7997611464968153,0,27,None,66,1,5,False,1000,1000
30862,197,betCent,10,0.7996616242038217,0,27,None,66,1,5,False,1000,1000
30863,198,betCent,10,0.7988654458598726,0,27,None,66,1,5,False,1000,1000
30864,199,betCent,10,0.7996616242038217,0,27,None,66,1,5,False,1000,1000
30865,195,betCent,10,0.7552746815286624,0,30,None,66,1,5,False,1000,1000
30866,196,betCent,10,0.7585589171974523,0,30,None,66,1,5,False,1000,1000
30867,197,betCent,10,0.7612460191082803,0,30,None,66,1,5,False,1000,1000
30868,198,betCent,10,0.76453025477707,0,30,None,66,1,5,False,1000,1000
30869,199,betCent,10,0.7669187898089171,0,30,None,66,1,5,False,1000,1000
30870,195,betCent,10,0.7900079617834395,0,15,None,66,1,5,False,1000,1000
30871,196,betCent,10,0.7905055732484076,0,15,None,66,1,5,False,1000,1000
30872,197,betCent,10,0.7909036624203821,0,15,None,66,1,5,False,1000,1000
30873,198,betCent,10,0.7916003184713376,0,15,None,66,1,5,False,1000,1000
30874,199,betCent,10,0.7920979299363057,0,15,None,66,1,5,False,1000,1000
30875,195,betCent,10,0.793093152866242,0,2,None,66,1,5,False,1000,1000
30876,196,betCent,10,0.7940883757961783,0,2,None,66,1,5,False,1000,1000
30877,197,betCent,10,0.7943869426751592,0,2,None,66,1,5,False,1000,1000
30878,198,betCent,10,0.7939888535031847,0,2,None,66,1,5,False,1000,1000
30879,199,betCent,10,0.7948845541401274,0,2,None,66,1,5,False,1000,1000
30880,195,betCent,10,0.7913017515923567,0,23,None,66,1,5,False,1000,1000
30881,196,betCent,10,0.792296974522293,0,23,None,66,1,5,False,1000,1000
30882,197,betCent,10,0.7929936305732485,0,23,None,66,1,5,False,1000,1000
30883,198,betCent,10,0.793093152866242,0,23,None,66,1,5,False,1000,1000
30884,199,betCent,10,0.793093152866242,0,23,None,66,1,5,False,1000,1000
30885,195,betCent,10,0.7908041401273885,0,5,None,66,1,5,False,1000,1000
30886,196,betCent,10,0.7927945859872612,0,5,None,66,1,5,False,1000,1000
30887,197,betCent,10,0.7936902866242038,0,5,None,66,1,5,False,1000,1000
30888,198,betCent,10,0.7942874203821656,0,5,None,66,1,5,False,1000,1000
30889,199,betCent,10,0.7952826433121019,0,5,None,66,1,5,False,1000,1000
30890,195,betCent,10,0.7784633757961783,0,7,None,66,1,5,False,1000,1000
30891,196,betCent,10,0.7806528662420382,0,7,None,66,1,5,False,1000,1000
30892,197,betCent,10,0.7829418789808917,0,7,None,66,1,5,False,1000,1000
30893,198,betCent,10,0.7865246815286624,0,7,None,66,1,5,False,1000,1000
30894,199,betCent,10,0.7884156050955414,0,7,None,66,1,5,False,1000,1000
30895,195,betCent,10,0.7933917197452229,0,16,None,66,1,5,False,1000,1000
30896,196,betCent,10,0.7939888535031847,0,16,None,66,1,5,False,1000,1000
30897,197,betCent,10,0.7952826433121019,0,16,None,66,1,5,False,1000,1000
30898,198,betCent,10,0.7961783439490446,0,16,None,66,1,5,False,1000,1000
30899,199,betCent,10,0.796875,0,16,None,66,1,5,False,1000,1000
30900,195,betCent,10,0.7810509554140127,0,32,None,66,1,5,False,1000,1000
30901,196,betCent,10,0.78234474522293,0,32,None,66,1,5,False,1000,1000
30902,197,betCent,10,0.7836385350318471,0,32,None,66,1,5,False,1000,1000
30903,198,betCent,10,0.7844347133757962,0,32,None,66,1,5,False,1000,1000
30904,199,betCent,10,0.7853304140127388,0,32,None,66,1,5,False,1000,1000
30905,195,betCent,10,0.7799562101910829,0,29,None,66,1,5,False,1000,1000
30906,196,betCent,10,0.7816480891719745,0,29,None,66,1,5,False,1000,1000
30907,197,betCent,10,0.7821457006369427,0,29,None,66,1,5,False,1000,1000
30908,198,betCent,10,0.7827428343949044,0,29,None,66,1,5,False,1000,1000
30909,199,betCent,10,0.7826433121019108,0,29,None,66,1,5,False,1000,1000
30910,195,betCent,10,0.7742834394904459,0,9,None,66,1,5,False,1000,1000
30911,196,betCent,10,0.7783638535031847,0,9,None,66,1,5,False,1000,1000
30912,197,betCent,10,0.7807523885350318,0,9,None,66,1,5,False,1000,1000
30913,198,betCent,10,0.7818471337579618,0,9,None,66,1,5,False,1000,1000
30914,199,betCent,10,0.7832404458598726,0,9,None,66,1,5,False,1000,1000
30915,195,betCent,10,0.7880175159235668,0,10,None,66,1,5,False,1000,1000
30916,196,betCent,10,0.7878184713375797,0,10,None,66,1,5,False,1000,1000
30917,197,betCent,10,0.7882165605095541,0,10,None,66,1,5,False,1000,1000
30918,198,betCent,10,0.7886146496815286,0,10,None,66,1,5,False,1000,1000
30919,199,betCent,10,0.7893113057324841,0,10,None,66,1,5,False,1000,1000
30920,195,betCent,10,0.7621417197452229,0,12,None,66,1,5,False,1000,1000
30921,196,betCent,10,0.7636345541401274,0,12,None,66,1,5,False,1000,1000
30922,197,betCent,10,0.7634355095541401,0,12,None,66,1,5,False,1000,1000
30923,198,betCent,10,0.7646297770700637,0,12,None,66,1,5,False,1000,1000
30924,199,betCent,10,0.7657245222929936,0,12,None,66,1,5,False,1000,1000
30925,195,betCent,10,0.7948845541401274,0,6,None,66,1,5,False,1000,1000
30926,196,betCent,10,0.7947850318471338,0,6,None,66,1,5,False,1000,1000
30927,197,betCent,10,0.7952826433121019,0,6,None,66,1,5,False,1000,1000
30928,198,betCent,10,0.7950835987261147,0,6,None,66,1,5,False,1000,1000
30929,199,betCent,10,0.794984076433121,0,6,None,66,1,5,False,1000,1000
30930,195,betCent,10,0.7767714968152867,0,13,None,66,1,5,False,1000,1000
30931,196,betCent,10,0.777468152866242,0,13,None,66,1,5,False,1000,1000
30932,197,betCent,10,0.7781648089171974,0,13,None,66,1,5,False,1000,1000
30933,198,betCent,10,0.778562898089172,0,13,None,66,1,5,False,1000,1000
30934,199,betCent,10,0.7797571656050956,0,13,None,66,1,5,False,1000,1000
30935,195,betCent,10,0.7913017515923567,0,25,None,66,1,5,False,1000,1000
30936,196,betCent,10,0.7921974522292994,0,25,None,66,1,5,False,1000,1000
30937,197,betCent,10,0.7938893312101911,0,25,None,66,1,5,False,1000,1000
30938,198,betCent,10,0.7954816878980892,0,25,None,66,1,5,False,1000,1000
30939,199,betCent,10,0.7958797770700637,0,25,None,66,1,5,False,1000,1000
30940,195,betCent,10,0.720640923566879,0,26,None,66,1,5,False,1000,1000
30941,196,betCent,10,0.7254179936305732,0,26,None,66,1,5,False,1000,1000
30942,197,betCent,10,0.7295979299363057,0,26,None,66,1,5,False,1000,1000
30943,198,betCent,10,0.7325835987261147,0,26,None,66,1,5,False,1000,1000
30944,199,betCent,10,0.7333797770700637,0,26,None,66,1,5,False,1000,1000
30945,195,betCent,10,0.5363256369426752,0,31,None,66,1,5,False,1000,1000
30946,196,betCent,10,0.6835191082802548,0,31,None,66,1,5,False,1000,1000
30947,197,betCent,10,0.7407444267515924,0,31,None,66,1,5,False,1000,1000
30948,198,betCent,10,0.7626393312101911,0,31,None,66,1,5,False,1000,1000
30949,199,betCent,10,0.7734872611464968,0,31,None,66,1,5,False,1000,1000
30950,195,betCent,10,0.7966759554140127,0,28,None,66,1,5,False,1000,1000
30951,196,betCent,10,0.7973726114649682,0,28,None,66,1,5,False,1000,1000
30952,197,betCent,10,0.7975716560509554,0,28,None,66,1,5,False,1000,1000
30953,198,betCent,10,0.7975716560509554,0,28,None,66,1,5,False,1000,1000
30954,199,betCent,10,0.7986664012738853,0,28,None,66,1,5,False,1000,1000
30955,195,betCent,10,0.7950835987261147,0,0,None,66,1,5,False,1000,1000
30956,196,betCent,10,0.7952826433121019,0,0,None,66,1,5,False,1000,1000
30957,197,betCent,10,0.7945859872611465,0,0,None,66,1,5,False,1000,1000
30958,198,betCent,10,0.7947850318471338,0,0,None,66,1,5,False,1000,1000
30959,199,betCent,10,0.7947850318471338,0,0,None,66,1,5,False,1000,1000
30960,195,betCent,10,0.8022492038216561,0,14,None,66,1,5,False,1000,1000
30961,196,betCent,10,0.8017515923566879,0,14,None,66,1,5,False,1000,1000
30962,197,betCent,10,0.8015525477707006,0,14,None,66,1,5,False,1000,1000
30963,198,betCent,10,0.8020501592356688,0,14,None,66,1,5,False,1000,1000
30964,199,betCent,10,0.8018511146496815,0,14,None,66,1,5,False,1000,1000
30965,195,betCent,10,0.78234474522293,0,22,None,66,1,5,False,1000,1000
30966,196,betCent,10,0.783937101910828,0,22,None,66,1,5,False,1000,1000
30967,197,betCent,10,0.7846337579617835,0,22,None,66,1,5,False,1000,1000
30968,198,betCent,10,0.785828025477707,0,22,None,66,1,5,False,1000,1000
30969,199,betCent,10,0.7868232484076433,0,22,None,66,1,5,False,1000,1000
30970,195,betCent,10,0.7910031847133758,0,8,None,66,1,5,False,1000,1000
30971,196,betCent,10,0.7906050955414012,0,8,None,66,1,5,False,1000,1000
30972,197,betCent,10,0.790406050955414,0,8,None,66,1,5,False,1000,1000
30973,198,betCent,10,0.7898089171974523,0,8,None,66,1,5,False,1000,1000
30974,199,betCent,10,0.7903065286624203,0,8,None,66,1,5,False,1000,1000
30975,195,betCent,10,0.7971735668789809,0,18,None,66,1,5,False,1000,1000
30976,196,betCent,10,0.7986664012738853,0,18,None,66,1,5,False,1000,1000
30977,197,betCent,10,0.798765923566879,0,18,None,66,1,5,False,1000,1000
30978,198,betCent,10,0.79796974522293,0,18,None,66,1,5,False,1000,1000
30979,199,betCent,10,0.7992635350318471,0,18,None,66,1,5,False,1000,1000
30980,195,betCent,10,0.7878184713375797,0,21,None,66,1,5,False,1000,1000
30981,196,betCent,10,0.7898089171974523,0,21,None,66,1,5,False,1000,1000
30982,197,betCent,10,0.7913017515923567,0,21,None,66,1,5,False,1000,1000
30983,198,betCent,10,0.7919984076433121,0,21,None,66,1,5,False,1000,1000
30984,199,betCent,10,0.7925955414012739,0,21,None,66,1,5,False,1000,1000
30985,195,betCent,10,0.7542794585987261,0,19,None,66,1,5,False,1000,1000
30986,196,betCent,10,0.757265127388535,0,19,None,66,1,5,False,1000,1000
30987,197,betCent,10,0.7600517515923567,0,19,None,66,1,5,False,1000,1000
30988,198,betCent,10,0.7631369426751592,0,19,None,66,1,5,False,1000,1000
30989,199,betCent,10,0.7648288216560509,0,19,None,66,1,5,False,1000,1000
30990,195,betCent,10,0.7722929936305732,0,11,None,66,1,5,False,1000,1000
30991,196,betCent,10,0.7742834394904459,0,11,None,66,1,5,False,1000,1000
30992,197,betCent,10,0.7750796178343949,0,11,None,66,1,5,False,1000,1000
30993,198,betCent,10,0.775577229299363,0,11,None,66,1,5,False,1000,1000
30994,199,betCent,10,0.7756767515923567,0,11,None,66,1,5,False,1000,1000
30995,195,betCent,10,0.7964769108280255,0,17,None,66,1,5,False,1000,1000
30996,196,betCent,10,0.7959792993630573,0,17,None,66,1,5,False,1000,1000
30997,197,betCent,10,0.7961783439490446,0,17,None,66,1,5,False,1000,1000
30998,198,betCent,10,0.7950835987261147,0,17,None,66,1,5,False,1000,1000
30999,199,betCent,10,0.7952826433121019,0,17,None,66,1,5,False,1000,1000
31000,195,betCent,10,0.7005374203821656,0,24,None,66,1,5,False,1000,1000
31001,196,betCent,10,0.7285031847133758,0,24,None,66,1,5,False,1000,1000
31002,197,betCent,10,0.7418391719745223,0,24,None,66,1,5,False,1000,1000
31003,198,betCent,10,0.7527866242038217,0,24,None,66,1,5,False,1000,1000
31004,199,betCent,10,0.7606488853503185,0,24,None,66,1,5,False,1000,1000
31005,195,betCent,10,0.7743829617834395,0,4,None,66,1,5,False,1000,1000
31006,196,betCent,10,0.7751791401273885,0,4,None,66,1,5,False,1000,1000
31007,197,betCent,10,0.7763734076433121,0,4,None,66,1,5,False,1000,1000
31008,198,betCent,10,0.7779657643312102,0,4,None,66,1,5,False,1000,1000
31009,199,betCent,10,0.7778662420382165,0,4,None,66,1,5,False,1000,1000
31010,195,betCent,10,0.7923964968152867,0,3,None,66,1,5,False,1000,1000
31011,196,betCent,10,0.7925955414012739,0,3,None,66,1,5,False,1000,1000
31012,197,betCent,10,0.792296974522293,0,3,None,66,1,5,False,1000,1000
31013,198,betCent,10,0.7921974522292994,0,3,None,66,1,5,False,1000,1000
31014,199,betCent,10,0.7933917197452229,0,3,None,66,1,5,False,1000,1000
31015,195,betCent,10,0.7879179936305732,0,20,None,66,1,5,False,1000,1000
31016,196,betCent,10,0.7883160828025477,0,20,None,66,1,5,False,1000,1000
31017,197,betCent,10,0.7895103503184714,0,20,None,66,1,5,False,1000,1000
31018,198,betCent,10,0.790406050955414,0,20,None,66,1,5,False,1000,1000
31019,199,betCent,10,0.7911027070063694,0,20,None,66,1,5,False,1000,1000
0,0,unweighted_fl,10,0.0995222929936305,0,1,None,66,1,5,False,1000,1000
1,1,unweighted_fl,10,0.0995222929936305,0,1,None,66,1,5,False,1000,1000
2,2,unweighted_fl,10,0.1021098726114649,0,1,None,66,1,5,False,1000,1000
3,3,unweighted_fl,10,0.1522691082802547,0,1,None,66,1,5,False,1000,1000
4,4,unweighted_fl,10,0.176453025477707,0,1,None,66,1,5,False,1000,1000
5,0,unweighted_fl,10,0.1188296178343949,0,0,None,66,1,5,False,1000,1000
6,1,unweighted_fl,10,0.2519904458598726,0,0,None,66,1,5,False,1000,1000
7,2,unweighted_fl,10,0.3245421974522293,0,0,None,66,1,5,False,1000,1000
8,3,unweighted_fl,10,0.3905254777070063,0,0,None,66,1,5,False,1000,1000
9,4,unweighted_fl,10,0.4403861464968153,0,0,None,66,1,5,False,1000,1000
10,0,unweighted_fl,10,0.1710788216560509,0,3,None,66,1,5,False,1000,1000
11,1,unweighted_fl,10,0.274781050955414,0,3,None,66,1,5,False,1000,1000
12,2,unweighted_fl,10,0.3436504777070063,0,3,None,66,1,5,False,1000,1000
13,3,unweighted_fl,10,0.4185907643312102,0,3,None,66,1,5,False,1000,1000
14,4,unweighted_fl,10,0.453125,0,3,None,66,1,5,False,1000,1000
15,0,unweighted_fl,10,0.2905055732484076,0,2,None,66,1,5,False,1000,1000
16,1,unweighted_fl,10,0.3187699044585987,0,2,None,66,1,5,False,1000,1000
17,2,unweighted_fl,10,0.3302149681528662,0,2,None,66,1,5,False,1000,1000
18,3,unweighted_fl,10,0.3575835987261146,0,2,None,66,1,5,False,1000,1000
19,4,unweighted_fl,10,0.3829617834394904,0,2,None,66,1,5,False,1000,1000
20,0,unweighted_fl,10,0.112858280254777,0,4,None,66,1,5,False,1000,1000
21,1,unweighted_fl,10,0.2017316878980891,0,4,None,66,1,5,False,1000,1000
22,2,unweighted_fl,10,0.3915207006369426,0,4,None,66,1,5,False,1000,1000
23,3,unweighted_fl,10,0.4244625796178344,0,4,None,66,1,5,False,1000,1000
24,4,unweighted_fl,10,0.4249601910828025,0,4,None,66,1,5,False,1000,1000
25,0,unweighted_fl,10,0.2430334394904458,0,5,None,66,1,5,False,1000,1000
26,1,unweighted_fl,10,0.3096138535031847,0,5,None,66,1,5,False,1000,1000
27,2,unweighted_fl,10,0.4381966560509554,0,5,None,66,1,5,False,1000,1000
28,3,unweighted_fl,10,0.4845740445859872,0,5,None,66,1,5,False,1000,1000
29,4,unweighted_fl,10,0.5032842356687898,0,5,None,66,1,5,False,1000,1000
30,0,unweighted_fl,10,0.1940684713375796,0,6,None,66,1,5,False,1000,1000
31,1,unweighted_fl,10,0.2887141719745223,0,6,None,66,1,5,False,1000,1000
32,2,unweighted_fl,10,0.3130971337579618,0,6,None,66,1,5,False,1000,1000
33,3,unweighted_fl,10,0.3123009554140127,0,6,None,66,1,5,False,1000,1000
34,4,unweighted_fl,10,0.3045382165605095,0,6,None,66,1,5,False,1000,1000
35,0,unweighted_fl,10,0.2004378980891719,0,7,None,66,1,5,False,1000,1000
36,1,unweighted_fl,10,0.2256170382165605,0,7,None,66,1,5,False,1000,1000
37,2,unweighted_fl,10,0.2701035031847134,0,7,None,66,1,5,False,1000,1000
38,3,unweighted_fl,10,0.3648487261146497,0,7,None,66,1,5,False,1000,1000
39,4,unweighted_fl,10,0.4332205414012738,0,7,None,66,1,5,False,1000,1000
40,0,unweighted_fl,10,0.2067078025477707,0,8,None,66,1,5,False,1000,1000
41,1,unweighted_fl,10,0.192078025477707,0,8,None,66,1,5,False,1000,1000
42,2,unweighted_fl,10,0.2163614649681528,0,8,None,66,1,5,False,1000,1000
43,3,unweighted_fl,10,0.2787619426751592,0,8,None,66,1,5,False,1000,1000
44,4,unweighted_fl,10,0.3228503184713376,0,8,None,66,1,5,False,1000,1000
45,0,unweighted_fl,10,0.1028065286624203,0,10,None,66,1,5,False,1000,1000
46,1,unweighted_fl,10,0.1651074840764331,0,10,None,66,1,5,False,1000,1000
47,2,unweighted_fl,10,0.3085191082802547,0,10,None,66,1,5,False,1000,1000
48,3,unweighted_fl,10,0.3478304140127388,0,10,None,66,1,5,False,1000,1000
49,4,unweighted_fl,10,0.3713176751592357,0,10,None,66,1,5,False,1000,1000
50,0,unweighted_fl,10,0.0995222929936305,0,9,None,66,1,5,False,1000,1000
51,1,unweighted_fl,10,0.0995222929936305,0,9,None,66,1,5,False,1000,1000
52,2,unweighted_fl,10,0.1158439490445859,0,9,None,66,1,5,False,1000,1000
53,3,unweighted_fl,10,0.1600318471337579,0,9,None,66,1,5,False,1000,1000
54,4,unweighted_fl,10,0.183718152866242,0,9,None,66,1,5,False,1000,1000
55,0,unweighted_fl,10,0.1170382165605095,0,11,None,66,1,5,False,1000,1000
56,1,unweighted_fl,10,0.2863256369426751,0,11,None,66,1,5,False,1000,1000
57,2,unweighted_fl,10,0.3713176751592357,0,11,None,66,1,5,False,1000,1000
58,3,unweighted_fl,10,0.5101512738853503,0,11,None,66,1,5,False,1000,1000
59,4,unweighted_fl,10,0.5745421974522293,0,11,None,66,1,5,False,1000,1000
60,0,unweighted_fl,10,0.2320859872611465,0,13,None,66,1,5,False,1000,1000
61,1,unweighted_fl,10,0.3603702229299363,0,13,None,66,1,5,False,1000,1000
62,2,unweighted_fl,10,0.4239649681528662,0,13,None,66,1,5,False,1000,1000
63,3,unweighted_fl,10,0.4538216560509554,0,13,None,66,1,5,False,1000,1000
64,4,unweighted_fl,10,0.4574044585987261,0,13,None,66,1,5,False,1000,1000
65,0,unweighted_fl,10,0.2230294585987261,0,12,None,66,1,5,False,1000,1000
66,1,unweighted_fl,10,0.2916003184713376,0,12,None,66,1,5,False,1000,1000
67,2,unweighted_fl,10,0.3341958598726114,0,12,None,66,1,5,False,1000,1000
68,3,unweighted_fl,10,0.3654458598726114,0,12,None,66,1,5,False,1000,1000
69,4,unweighted_fl,10,0.3894307324840764,0,12,None,66,1,5,False,1000,1000
70,0,unweighted_fl,10,0.1436106687898089,0,14,None,66,1,5,False,1000,1000
71,1,unweighted_fl,10,0.2236265923566879,0,14,None,66,1,5,False,1000,1000
72,2,unweighted_fl,10,0.3486265923566879,0,14,None,66,1,5,False,1000,1000
73,3,unweighted_fl,10,0.3984872611464968,0,14,None,66,1,5,False,1000,1000
74,4,unweighted_fl,10,0.4285429936305732,0,14,None,66,1,5,False,1000,1000
75,0,unweighted_fl,10,0.2069068471337579,0,15,None,66,1,5,False,1000,1000
76,1,unweighted_fl,10,0.3137937898089172,0,15,None,66,1,5,False,1000,1000
77,2,unweighted_fl,10,0.388734076433121,0,15,None,66,1,5,False,1000,1000
78,3,unweighted_fl,10,0.4330214968152866,0,15,None,66,1,5,False,1000,1000
79,4,unweighted_fl,10,0.4385947452229299,0,15,None,66,1,5,False,1000,1000
80,0,unweighted_fl,10,0.1931727707006369,0,16,None,66,1,5,False,1000,1000
81,1,unweighted_fl,10,0.2082006369426751,0,16,None,66,1,5,False,1000,1000
82,2,unweighted_fl,10,0.2213375796178344,0,16,None,66,1,5,False,1000,1000
83,3,unweighted_fl,10,0.245421974522293,0,16,None,66,1,5,False,1000,1000
84,4,unweighted_fl,10,0.2723925159235669,0,16,None,66,1,5,False,1000,1000
85,0,unweighted_fl,10,0.2486066878980891,0,17,None,66,1,5,False,1000,1000
86,1,unweighted_fl,10,0.3769904458598726,0,17,None,66,1,5,False,1000,1000
87,2,unweighted_fl,10,0.4601910828025478,0,17,None,66,1,5,False,1000,1000
88,3,unweighted_fl,10,0.4934315286624204,0,17,None,66,1,5,False,1000,1000
89,4,unweighted_fl,10,0.480593152866242,0,17,None,66,1,5,False,1000,1000
90,0,unweighted_fl,10,0.1279856687898089,0,18,None,66,1,5,False,1000,1000
91,1,unweighted_fl,10,0.1979498407643312,0,18,None,66,1,5,False,1000,1000
92,2,unweighted_fl,10,0.3335987261146497,0,18,None,66,1,5,False,1000,1000
93,3,unweighted_fl,10,0.3972929936305732,0,18,None,66,1,5,False,1000,1000
94,4,unweighted_fl,10,0.4225716560509554,0,18,None,66,1,5,False,1000,1000
95,0,unweighted_fl,10,0.1657046178343949,0,19,None,66,1,5,False,1000,1000
96,1,unweighted_fl,10,0.1696855095541401,0,19,None,66,1,5,False,1000,1000
97,2,unweighted_fl,10,0.2586584394904458,0,19,None,66,1,5,False,1000,1000
98,3,unweighted_fl,10,0.3252388535031847,0,19,None,66,1,5,False,1000,1000
99,4,unweighted_fl,10,0.3680334394904458,0,19,None,66,1,5,False,1000,1000
100,0,unweighted_fl,10,0.0995222929936305,0,20,None,66,1,5,False,1000,1000
101,1,unweighted_fl,10,0.1115644904458598,0,20,None,66,1,5,False,1000,1000
102,2,unweighted_fl,10,0.1581409235668789,0,20,None,66,1,5,False,1000,1000
103,3,unweighted_fl,10,0.1749601910828025,0,20,None,66,1,5,False,1000,1000
104,4,unweighted_fl,10,0.1910828025477707,0,20,None,66,1,5,False,1000,1000
105,0,unweighted_fl,10,0.2105891719745223,0,21,None,66,1,5,False,1000,1000
106,1,unweighted_fl,10,0.2824442675159235,0,21,None,66,1,5,False,1000,1000
107,2,unweighted_fl,10,0.3277269108280254,0,21,None,66,1,5,False,1000,1000
108,3,unweighted_fl,10,0.3348925159235669,0,21,None,66,1,5,False,1000,1000
109,4,unweighted_fl,10,0.3450437898089172,0,21,None,66,1,5,False,1000,1000
110,0,unweighted_fl,10,0.1081807324840764,0,22,None,66,1,5,False,1000,1000
111,1,unweighted_fl,10,0.1723726114649681,0,22,None,66,1,5,False,1000,1000
112,2,unweighted_fl,10,0.322452229299363,0,22,None,66,1,5,False,1000,1000
113,3,unweighted_fl,10,0.376890923566879,0,22,None,66,1,5,False,1000,1000
114,4,unweighted_fl,10,0.3974920382165605,0,22,None,66,1,5,False,1000,1000
115,0,unweighted_fl,10,0.211186305732484,0,23,None,66,1,5,False,1000,1000
116,1,unweighted_fl,10,0.3460390127388535,0,23,None,66,1,5,False,1000,1000
117,2,unweighted_fl,10,0.3634554140127388,0,23,None,66,1,5,False,1000,1000
118,3,unweighted_fl,10,0.3534036624203822,0,23,None,66,1,5,False,1000,1000
119,4,unweighted_fl,10,0.3608678343949044,0,23,None,66,1,5,False,1000,1000
120,0,unweighted_fl,10,0.1694864649681528,0,24,None,66,1,5,False,1000,1000
121,1,unweighted_fl,10,0.1815286624203821,0,24,None,66,1,5,False,1000,1000
122,2,unweighted_fl,10,0.3055334394904458,0,24,None,66,1,5,False,1000,1000
123,3,unweighted_fl,10,0.3725119426751592,0,24,None,66,1,5,False,1000,1000
124,4,unweighted_fl,10,0.3816679936305732,0,24,None,66,1,5,False,1000,1000
125,0,unweighted_fl,10,0.2781648089171974,0,26,None,66,1,5,False,1000,1000
126,1,unweighted_fl,10,0.3960987261146497,0,26,None,66,1,5,False,1000,1000
127,2,unweighted_fl,10,0.4542197452229299,0,26,None,66,1,5,False,1000,1000
128,3,unweighted_fl,10,0.4852707006369426,0,26,None,66,1,5,False,1000,1000
129,4,unweighted_fl,10,0.5132364649681529,0,26,None,66,1,5,False,1000,1000
130,0,unweighted_fl,10,0.1102707006369426,0,25,None,66,1,5,False,1000,1000
131,1,unweighted_fl,10,0.1702826433121019,0,25,None,66,1,5,False,1000,1000
132,2,unweighted_fl,10,0.1915804140127388,0,25,None,66,1,5,False,1000,1000
133,3,unweighted_fl,10,0.2750796178343949,0,25,None,66,1,5,False,1000,1000
134,4,unweighted_fl,10,0.3339968152866242,0,25,None,66,1,5,False,1000,1000
135,0,unweighted_fl,10,0.1533638535031847,0,27,None,66,1,5,False,1000,1000
136,1,unweighted_fl,10,0.2120820063694267,0,27,None,66,1,5,False,1000,1000
137,2,unweighted_fl,10,0.2855294585987261,0,27,None,66,1,5,False,1000,1000
138,3,unweighted_fl,10,0.3326035031847134,0,27,None,66,1,5,False,1000,1000
139,4,unweighted_fl,10,0.3684315286624204,0,27,None,66,1,5,False,1000,1000
140,0,unweighted_fl,10,0.2971735668789809,0,28,None,66,1,5,False,1000,1000
141,1,unweighted_fl,10,0.2887141719745223,0,28,None,66,1,5,False,1000,1000
142,2,unweighted_fl,10,0.3061305732484076,0,28,None,66,1,5,False,1000,1000
143,3,unweighted_fl,10,0.3401671974522293,0,28,None,66,1,5,False,1000,1000
144,4,unweighted_fl,10,0.3715167197452229,0,28,None,66,1,5,False,1000,1000
145,0,unweighted_fl,10,0.1306727707006369,0,29,None,66,1,5,False,1000,1000
146,1,unweighted_fl,10,0.2302945859872611,0,29,None,66,1,5,False,1000,1000
147,2,unweighted_fl,10,0.3202627388535032,0,29,None,66,1,5,False,1000,1000
148,3,unweighted_fl,10,0.3296178343949044,0,29,None,66,1,5,False,1000,1000
149,4,unweighted_fl,10,0.3255374203821656,0,29,None,66,1,5,False,1000,1000
150,0,unweighted_fl,10,0.1134554140127388,0,31,None,66,1,5,False,1000,1000
151,1,unweighted_fl,10,0.1348527070063694,0,31,None,66,1,5,False,1000,1000
152,2,unweighted_fl,10,0.1648089171974522,0,31,None,66,1,5,False,1000,1000
153,3,unweighted_fl,10,0.1779458598726114,0,31,None,66,1,5,False,1000,1000
154,4,unweighted_fl,10,0.1976512738853503,0,31,None,66,1,5,False,1000,1000
155,0,unweighted_fl,10,0.2158638535031847,0,30,None,66,1,5,False,1000,1000
156,1,unweighted_fl,10,0.1775477707006369,0,30,None,66,1,5,False,1000,1000
157,2,unweighted_fl,10,0.1634156050955414,0,30,None,66,1,5,False,1000,1000
158,3,unweighted_fl,10,0.2369625796178344,0,30,None,66,1,5,False,1000,1000
159,4,unweighted_fl,10,0.3023487261146497,0,30,None,66,1,5,False,1000,1000
160,0,unweighted_fl,10,0.123109076433121,0,32,None,66,1,5,False,1000,1000
161,1,unweighted_fl,10,0.1285828025477707,0,32,None,66,1,5,False,1000,1000
162,2,unweighted_fl,10,0.185609076433121,0,32,None,66,1,5,False,1000,1000
163,3,unweighted_fl,10,0.2225318471337579,0,32,None,66,1,5,False,1000,1000
164,4,unweighted_fl,10,0.279359076433121,0,32,None,66,1,5,False,1000,1000
165,5,unweighted_fl,10,0.0995222929936305,0,1,None,66,1,5,False,1000,1000
166,6,unweighted_fl,10,0.0995222929936305,0,1,None,66,1,5,False,1000,1000
167,7,unweighted_fl,10,0.0995222929936305,0,1,None,66,1,5,False,1000,1000
168,8,unweighted_fl,10,0.0995222929936305,0,1,None,66,1,5,False,1000,1000
169,9,unweighted_fl,10,0.0995222929936305,0,1,None,66,1,5,False,1000,1000
170,5,unweighted_fl,10,0.0995222929936305,0,0,None,66,1,5,False,1000,1000
171,6,unweighted_fl,10,0.0995222929936305,0,0,None,66,1,5,False,1000,1000
172,7,unweighted_fl,10,0.0995222929936305,0,0,None,66,1,5,False,1000,1000
173,8,unweighted_fl,10,0.0995222929936305,0,0,None,66,1,5,False,1000,1000
174,9,unweighted_fl,10,0.0995222929936305,0,0,None,66,1,5,False,1000,1000
175,5,unweighted_fl,10,0.0995222929936305,0,2,None,66,1,5,False,1000,1000
176,6,unweighted_fl,10,0.0995222929936305,0,2,None,66,1,5,False,1000,1000
177,7,unweighted_fl,10,0.1148487261146496,0,2,None,66,1,5,False,1000,1000
178,8,unweighted_fl,10,0.0995222929936305,0,2,None,66,1,5,False,1000,1000
179,9,unweighted_fl,10,0.1000199044585987,0,2,None,66,1,5,False,1000,1000
180,5,unweighted_fl,10,0.0995222929936305,0,3,None,66,1,5,False,1000,1000
181,6,unweighted_fl,10,0.0995222929936305,0,3,None,66,1,5,False,1000,1000
182,7,unweighted_fl,10,0.0995222929936305,0,3,None,66,1,5,False,1000,1000
183,8,unweighted_fl,10,0.0995222929936305,0,3,None,66,1,5,False,1000,1000
184,9,unweighted_fl,10,0.0995222929936305,0,3,None,66,1,5,False,1000,1000
185,5,unweighted_fl,10,0.0995222929936305,0,4,None,66,1,5,False,1000,1000
186,6,unweighted_fl,10,0.0995222929936305,0,4,None,66,1,5,False,1000,1000
187,7,unweighted_fl,10,0.0995222929936305,0,4,None,66,1,5,False,1000,1000
188,8,unweighted_fl,10,0.0995222929936305,0,4,None,66,1,5,False,1000,1000
189,9,unweighted_fl,10,0.0995222929936305,0,4,None,66,1,5,False,1000,1000
190,5,unweighted_fl,10,0.0995222929936305,0,5,None,66,1,5,False,1000,1000
191,6,unweighted_fl,10,0.0995222929936305,0,5,None,66,1,5,False,1000,1000
192,7,unweighted_fl,10,0.0995222929936305,0,5,None,66,1,5,False,1000,1000
193,8,unweighted_fl,10,0.0995222929936305,0,5,None,66,1,5,False,1000,1000
194,9,unweighted_fl,10,0.0995222929936305,0,5,None,66,1,5,False,1000,1000
195,5,unweighted_fl,10,0.0995222929936305,0,6,None,66,1,5,False,1000,1000
196,6,unweighted_fl,10,0.0995222929936305,0,6,None,66,1,5,False,1000,1000
197,7,unweighted_fl,10,0.0995222929936305,0,6,None,66,1,5,False,1000,1000
198,8,unweighted_fl,10,0.0995222929936305,0,6,None,66,1,5,False,1000,1000
199,9,unweighted_fl,10,0.0995222929936305,0,6,None,66,1,5,False,1000,1000
200,5,unweighted_fl,10,0.0995222929936305,0,7,None,66,1,5,False,1000,1000
201,6,unweighted_fl,10,0.0995222929936305,0,7,None,66,1,5,False,1000,1000
202,7,unweighted_fl,10,0.0995222929936305,0,7,None,66,1,5,False,1000,1000
203,8,unweighted_fl,10,0.0995222929936305,0,7,None,66,1,5,False,1000,1000
204,9,unweighted_fl,10,0.0995222929936305,0,7,None,66,1,5,False,1000,1000
205,5,unweighted_fl,10,0.0995222929936305,0,8,None,66,1,5,False,1000,1000
206,6,unweighted_fl,10,0.0995222929936305,0,8,None,66,1,5,False,1000,1000
207,7,unweighted_fl,10,0.0995222929936305,0,8,None,66,1,5,False,1000,1000
208,8,unweighted_fl,10,0.0995222929936305,0,8,None,66,1,5,False,1000,1000
209,9,unweighted_fl,10,0.0995222929936305,0,8,None,66,1,5,False,1000,1000
210,5,unweighted_fl,10,0.0995222929936305,0,10,None,66,1,5,False,1000,1000
211,6,unweighted_fl,10,0.0995222929936305,0,10,None,66,1,5,False,1000,1000
212,7,unweighted_fl,10,0.0995222929936305,0,10,None,66,1,5,False,1000,1000
213,8,unweighted_fl,10,0.0995222929936305,0,10,None,66,1,5,False,1000,1000
214,9,unweighted_fl,10,0.0995222929936305,0,10,None,66,1,5,False,1000,1000
215,5,unweighted_fl,10,0.0995222929936305,0,9,None,66,1,5,False,1000,1000
216,6,unweighted_fl,10,0.0995222929936305,0,9,None,66,1,5,False,1000,1000
217,7,unweighted_fl,10,0.0995222929936305,0,9,None,66,1,5,False,1000,1000
218,8,unweighted_fl,10,0.0995222929936305,0,9,None,66,1,5,False,1000,1000
219,9,unweighted_fl,10,0.0995222929936305,0,9,None,66,1,5,False,1000,1000
220,5,unweighted_fl,10,0.0995222929936305,0,11,None,66,1,5,False,1000,1000
221,6,unweighted_fl,10,0.0995222929936305,0,11,None,66,1,5,False,1000,1000
222,7,unweighted_fl,10,0.0995222929936305,0,11,None,66,1,5,False,1000,1000
223,8,unweighted_fl,10,0.0995222929936305,0,11,None,66,1,5,False,1000,1000
224,9,unweighted_fl,10,0.0995222929936305,0,11,None,66,1,5,False,1000,1000
225,5,unweighted_fl,10,0.0995222929936305,0,12,None,66,1,5,False,1000,1000
226,6,unweighted_fl,10,0.0995222929936305,0,12,None,66,1,5,False,1000,1000
227,7,unweighted_fl,10,0.0995222929936305,0,12,None,66,1,5,False,1000,1000
228,8,unweighted_fl,10,0.0995222929936305,0,12,None,66,1,5,False,1000,1000
229,9,unweighted_fl,10,0.0995222929936305,0,12,None,66,1,5,False,1000,1000
230,5,unweighted_fl,10,0.0995222929936305,0,13,None,66,1,5,False,1000,1000
231,6,unweighted_fl,10,0.0995222929936305,0,13,None,66,1,5,False,1000,1000
232,7,unweighted_fl,10,0.0995222929936305,0,13,None,66,1,5,False,1000,1000
233,8,unweighted_fl,10,0.0995222929936305,0,13,None,66,1,5,False,1000,1000
234,9,unweighted_fl,10,0.0995222929936305,0,13,None,66,1,5,False,1000,1000
235,5,unweighted_fl,10,0.0995222929936305,0,14,None,66,1,5,False,1000,1000
236,6,unweighted_fl,10,0.0995222929936305,0,14,None,66,1,5,False,1000,1000
237,7,unweighted_fl,10,0.0995222929936305,0,14,None,66,1,5,False,1000,1000
238,8,unweighted_fl,10,0.0995222929936305,0,14,None,66,1,5,False,1000,1000
239,9,unweighted_fl,10,0.0995222929936305,0,14,None,66,1,5,False,1000,1000
240,5,unweighted_fl,10,0.0995222929936305,0,15,None,66,1,5,False,1000,1000
241,6,unweighted_fl,10,0.0995222929936305,0,15,None,66,1,5,False,1000,1000
242,7,unweighted_fl,10,0.0995222929936305,0,15,None,66,1,5,False,1000,1000
243,8,unweighted_fl,10,0.0995222929936305,0,15,None,66,1,5,False,1000,1000
244,9,unweighted_fl,10,0.0995222929936305,0,15,None,66,1,5,False,1000,1000
245,5,unweighted_fl,10,0.0995222929936305,0,16,None,66,1,5,False,1000,1000
246,6,unweighted_fl,10,0.0995222929936305,0,16,None,66,1,5,False,1000,1000
247,7,unweighted_fl,10,0.0995222929936305,0,16,None,66,1,5,False,1000,1000
248,8,unweighted_fl,10,0.0995222929936305,0,16,None,66,1,5,False,1000,1000
249,9,unweighted_fl,10,0.0995222929936305,0,16,None,66,1,5,False,1000,1000
250,5,unweighted_fl,10,0.0995222929936305,0,17,None,66,1,5,False,1000,1000
251,6,unweighted_fl,10,0.0995222929936305,0,17,None,66,1,5,False,1000,1000
252,7,unweighted_fl,10,0.0995222929936305,0,17,None,66,1,5,False,1000,1000
253,8,unweighted_fl,10,0.0995222929936305,0,17,None,66,1,5,False,1000,1000
254,9,unweighted_fl,10,0.0995222929936305,0,17,None,66,1,5,False,1000,1000
255,5,unweighted_fl,10,0.0995222929936305,0,19,None,66,1,5,False,1000,1000
256,6,unweighted_fl,10,0.0995222929936305,0,19,None,66,1,5,False,1000,1000
257,7,unweighted_fl,10,0.0995222929936305,0,19,None,66,1,5,False,1000,1000
258,8,unweighted_fl,10,0.0995222929936305,0,19,None,66,1,5,False,1000,1000
259,9,unweighted_fl,10,0.0995222929936305,0,19,None,66,1,5,False,1000,1000
260,5,unweighted_fl,10,0.0995222929936305,0,18,None,66,1,5,False,1000,1000
261,6,unweighted_fl,10,0.0995222929936305,0,18,None,66,1,5,False,1000,1000
262,7,unweighted_fl,10,0.0995222929936305,0,18,None,66,1,5,False,1000,1000
263,8,unweighted_fl,10,0.0995222929936305,0,18,None,66,1,5,False,1000,1000
264,9,unweighted_fl,10,0.0995222929936305,0,18,None,66,1,5,False,1000,1000
265,5,unweighted_fl,10,0.0995222929936305,0,20,None,66,1,5,False,1000,1000
266,6,unweighted_fl,10,0.0995222929936305,0,20,None,66,1,5,False,1000,1000
267,7,unweighted_fl,10,0.0995222929936305,0,20,None,66,1,5,False,1000,1000
268,8,unweighted_fl,10,0.0995222929936305,0,20,None,66,1,5,False,1000,1000
269,9,unweighted_fl,10,0.0995222929936305,0,20,None,66,1,5,False,1000,1000
270,5,unweighted_fl,10,0.0995222929936305,0,21,None,66,1,5,False,1000,1000
271,6,unweighted_fl,10,0.0995222929936305,0,21,None,66,1,5,False,1000,1000
272,7,unweighted_fl,10,0.0995222929936305,0,21,None,66,1,5,False,1000,1000
273,8,unweighted_fl,10,0.0995222929936305,0,21,None,66,1,5,False,1000,1000
274,9,unweighted_fl,10,0.0995222929936305,0,21,None,66,1,5,False,1000,1000
275,5,unweighted_fl,10,0.0995222929936305,0,22,None,66,1,5,False,1000,1000
276,6,unweighted_fl,10,0.0995222929936305,0,22,None,66,1,5,False,1000,1000
277,7,unweighted_fl,10,0.0995222929936305,0,22,None,66,1,5,False,1000,1000
278,8,unweighted_fl,10,0.0995222929936305,0,22,None,66,1,5,False,1000,1000
279,9,unweighted_fl,10,0.0995222929936305,0,22,None,66,1,5,False,1000,1000
280,5,unweighted_fl,10,0.1186305732484076,0,23,None,66,1,5,False,1000,1000
281,6,unweighted_fl,10,0.0995222929936305,0,23,None,66,1,5,False,1000,1000
282,7,unweighted_fl,10,0.0995222929936305,0,23,None,66,1,5,False,1000,1000
283,8,unweighted_fl,10,0.0995222929936305,0,23,None,66,1,5,False,1000,1000
284,9,unweighted_fl,10,0.1084792993630573,0,23,None,66,1,5,False,1000,1000
285,5,unweighted_fl,10,0.0995222929936305,0,24,None,66,1,5,False,1000,1000
286,6,unweighted_fl,10,0.0995222929936305,0,24,None,66,1,5,False,1000,1000
287,7,unweighted_fl,10,0.0995222929936305,0,24,None,66,1,5,False,1000,1000
288,8,unweighted_fl,10,0.0995222929936305,0,24,None,66,1,5,False,1000,1000
289,9,unweighted_fl,10,0.0995222929936305,0,24,None,66,1,5,False,1000,1000
290,5,unweighted_fl,10,0.0995222929936305,0,25,None,66,1,5,False,1000,1000
291,6,unweighted_fl,10,0.0995222929936305,0,25,None,66,1,5,False,1000,1000
292,7,unweighted_fl,10,0.0995222929936305,0,25,None,66,1,5,False,1000,1000
293,8,unweighted_fl,10,0.0995222929936305,0,25,None,66,1,5,False,1000,1000
294,9,unweighted_fl,10,0.0995222929936305,0,25,None,66,1,5,False,1000,1000
295,5,unweighted_fl,10,0.0995222929936305,0,26,None,66,1,5,False,1000,1000
296,6,unweighted_fl,10,0.0995222929936305,0,26,None,66,1,5,False,1000,1000
297,7,unweighted_fl,10,0.0995222929936305,0,26,None,66,1,5,False,1000,1000
298,8,unweighted_fl,10,0.0995222929936305,0,26,None,66,1,5,False,1000,1000
299,9,unweighted_fl,10,0.0995222929936305,0,26,None,66,1,5,False,1000,1000
300,5,unweighted_fl,10,0.1461982484076433,0,28,None,66,1,5,False,1000,1000
301,6,unweighted_fl,10,0.0995222929936305,0,28,None,66,1,5,False,1000,1000
302,7,unweighted_fl,10,0.0995222929936305,0,28,None,66,1,5,False,1000,1000
303,8,unweighted_fl,10,0.0995222929936305,0,28,None,66,1,5,False,1000,1000
304,9,unweighted_fl,10,0.0995222929936305,0,28,None,66,1,5,False,1000,1000
305,5,unweighted_fl,10,0.0995222929936305,0,27,None,66,1,5,False,1000,1000
306,6,unweighted_fl,10,0.0995222929936305,0,27,None,66,1,5,False,1000,1000
307,7,unweighted_fl,10,0.0995222929936305,0,27,None,66,1,5,False,1000,1000
308,8,unweighted_fl,10,0.0995222929936305,0,27,None,66,1,5,False,1000,1000
309,9,unweighted_fl,10,0.0995222929936305,0,27,None,66,1,5,False,1000,1000
310,5,unweighted_fl,10,0.0995222929936305,0,29,None,66,1,5,False,1000,1000
311,6,unweighted_fl,10,0.0995222929936305,0,29,None,66,1,5,False,1000,1000
312,7,unweighted_fl,10,0.0995222929936305,0,29,None,66,1,5,False,1000,1000
313,8,unweighted_fl,10,0.0995222929936305,0,29,None,66,1,5,False,1000,1000
314,9,unweighted_fl,10,0.0995222929936305,0,29,None,66,1,5,False,1000,1000
315,5,unweighted_fl,10,0.0995222929936305,0,30,None,66,1,5,False,1000,1000
316,6,unweighted_fl,10,0.0995222929936305,0,30,None,66,1,5,False,1000,1000
317,7,unweighted_fl,10,0.0995222929936305,0,30,None,66,1,5,False,1000,1000
318,8,unweighted_fl,10,0.0995222929936305,0,30,None,66,1,5,False,1000,1000
319,9,unweighted_fl,10,0.0995222929936305,0,30,None,66,1,5,False,1000,1000
320,5,unweighted_fl,10,0.0995222929936305,0,31,None,66,1,5,False,1000,1000
321,6,unweighted_fl,10,0.0995222929936305,0,31,None,66,1,5,False,1000,1000
322,7,unweighted_fl,10,0.0995222929936305,0,31,None,66,1,5,False,1000,1000
323,8,unweighted_fl,10,0.0995222929936305,0,31,None,66,1,5,False,1000,1000
324,9,unweighted_fl,10,0.0995222929936305,0,31,None,66,1,5,False,1000,1000
325,5,unweighted_fl,10,0.0995222929936305,0,32,None,66,1,5,False,1000,1000
326,6,unweighted_fl,10,0.0995222929936305,0,32,None,66,1,5,False,1000,1000
327,7,unweighted_fl,10,0.0995222929936305,0,32,None,66,1,5,False,1000,1000
328,8,unweighted_fl,10,0.0995222929936305,0,32,None,66,1,5,False,1000,1000
329,9,unweighted_fl,10,0.0995222929936305,0,32,None,66,1,5,False,1000,1000
330,10,unweighted_fl,10,0.0995222929936305,0,0,None,66,1,5,False,1000,1000
331,11,unweighted_fl,10,0.0995222929936305,0,0,None,66,1,5,False,1000,1000
332,12,unweighted_fl,10,0.0995222929936305,0,0,None,66,1,5,False,1000,1000
333,13,unweighted_fl,10,0.0995222929936305,0,0,None,66,1,5,False,1000,1000
334,14,unweighted_fl,10,0.0995222929936305,0,0,None,66,1,5,False,1000,1000
335,10,unweighted_fl,10,0.0995222929936305,0,1,None,66,1,5,False,1000,1000
336,11,unweighted_fl,10,0.0995222929936305,0,1,None,66,1,5,False,1000,1000
337,12,unweighted_fl,10,0.0995222929936305,0,1,None,66,1,5,False,1000,1000
338,13,unweighted_fl,10,0.0995222929936305,0,1,None,66,1,5,False,1000,1000
339,14,unweighted_fl,10,0.0995222929936305,0,1,None,66,1,5,False,1000,1000
340,10,unweighted_fl,10,0.0995222929936305,0,2,None,66,1,5,False,1000,1000
341,11,unweighted_fl,10,0.0995222929936305,0,2,None,66,1,5,False,1000,1000
342,12,unweighted_fl,10,0.0995222929936305,0,2,None,66,1,5,False,1000,1000
343,13,unweighted_fl,10,0.0995222929936305,0,2,None,66,1,5,False,1000,1000
344,14,unweighted_fl,10,0.0995222929936305,0,2,None,66,1,5,False,1000,1000
345,10,unweighted_fl,10,0.0995222929936305,0,3,None,66,1,5,False,1000,1000
346,11,unweighted_fl,10,0.0995222929936305,0,3,None,66,1,5,False,1000,1000
347,12,unweighted_fl,10,0.0995222929936305,0,3,None,66,1,5,False,1000,1000
348,13,unweighted_fl,10,0.0995222929936305,0,3,None,66,1,5,False,1000,1000
349,14,unweighted_fl,10,0.0995222929936305,0,3,None,66,1,5,False,1000,1000
350,10,unweighted_fl,10,0.0995222929936305,0,4,None,66,1,5,False,1000,1000
351,11,unweighted_fl,10,0.0995222929936305,0,4,None,66,1,5,False,1000,1000
352,12,unweighted_fl,10,0.0995222929936305,0,4,None,66,1,5,False,1000,1000
353,13,unweighted_fl,10,0.0995222929936305,0,4,None,66,1,5,False,1000,1000
354,14,unweighted_fl,10,0.0995222929936305,0,4,None,66,1,5,False,1000,1000
355,10,unweighted_fl,10,0.0996218152866242,0,5,None,66,1,5,False,1000,1000
356,11,unweighted_fl,10,0.0995222929936305,0,5,None,66,1,5,False,1000,1000
357,12,unweighted_fl,10,0.0995222929936305,0,5,None,66,1,5,False,1000,1000
358,13,unweighted_fl,10,0.0995222929936305,0,5,None,66,1,5,False,1000,1000
359,14,unweighted_fl,10,0.0995222929936305,0,5,None,66,1,5,False,1000,1000
360,10,unweighted_fl,10,0.0995222929936305,0,6,None,66,1,5,False,1000,1000
361,11,unweighted_fl,10,0.0995222929936305,0,6,None,66,1,5,False,1000,1000
362,12,unweighted_fl,10,0.0995222929936305,0,6,None,66,1,5,False,1000,1000
363,13,unweighted_fl,10,0.0995222929936305,0,6,None,66,1,5,False,1000,1000
364,14,unweighted_fl,10,0.0995222929936305,0,6,None,66,1,5,False,1000,1000
365,10,unweighted_fl,10,0.1384355095541401,0,8,None,66,1,5,False,1000,1000
366,11,unweighted_fl,10,0.0995222929936305,0,8,None,66,1,5,False,1000,1000
367,12,unweighted_fl,10,0.0995222929936305,0,8,None,66,1,5,False,1000,1000
368,13,unweighted_fl,10,0.0995222929936305,0,8,None,66,1,5,False,1000,1000
369,14,unweighted_fl,10,0.0995222929936305,0,8,None,66,1,5,False,1000,1000
370,10,unweighted_fl,10,0.0995222929936305,0,7,None,66,1,5,False,1000,1000
371,11,unweighted_fl,10,0.0995222929936305,0,7,None,66,1,5,False,1000,1000
372,12,unweighted_fl,10,0.0995222929936305,0,7,None,66,1,5,False,1000,1000
373,13,unweighted_fl,10,0.0995222929936305,0,7,None,66,1,5,False,1000,1000
374,14,unweighted_fl,10,0.0995222929936305,0,7,None,66,1,5,False,1000,1000
375,10,unweighted_fl,10,0.0995222929936305,0,10,None,66,1,5,False,1000,1000
376,11,unweighted_fl,10,0.0995222929936305,0,10,None,66,1,5,False,1000,1000
377,12,unweighted_fl,10,0.0995222929936305,0,10,None,66,1,5,False,1000,1000
378,13,unweighted_fl,10,0.0995222929936305,0,10,None,66,1,5,False,1000,1000
379,14,unweighted_fl,10,0.0995222929936305,0,10,None,66,1,5,False,1000,1000
380,10,unweighted_fl,10,0.0995222929936305,0,9,None,66,1,5,False,1000,1000
381,11,unweighted_fl,10,0.0995222929936305,0,9,None,66,1,5,False,1000,1000
382,12,unweighted_fl,10,0.0995222929936305,0,9,None,66,1,5,False,1000,1000
383,13,unweighted_fl,10,0.0995222929936305,0,9,None,66,1,5,False,1000,1000
384,14,unweighted_fl,10,0.0995222929936305,0,9,None,66,1,5,False,1000,1000
385,10,unweighted_fl,10,0.0995222929936305,0,12,None,66,1,5,False,1000,1000
386,11,unweighted_fl,10,0.0995222929936305,0,12,None,66,1,5,False,1000,1000
387,12,unweighted_fl,10,0.0995222929936305,0,12,None,66,1,5,False,1000,1000
388,13,unweighted_fl,10,0.0995222929936305,0,12,None,66,1,5,False,1000,1000
389,14,unweighted_fl,10,0.0995222929936305,0,12,None,66,1,5,False,1000,1000
390,10,unweighted_fl,10,0.0995222929936305,0,11,None,66,1,5,False,1000,1000
391,11,unweighted_fl,10,0.0995222929936305,0,11,None,66,1,5,False,1000,1000
392,12,unweighted_fl,10,0.0995222929936305,0,11,None,66,1,5,False,1000,1000
393,13,unweighted_fl,10,0.0995222929936305,0,11,None,66,1,5,False,1000,1000
394,14,unweighted_fl,10,0.0995222929936305,0,11,None,66,1,5,False,1000,1000
395,10,unweighted_fl,10,0.0995222929936305,0,13,None,66,1,5,False,1000,1000
396,11,unweighted_fl,10,0.0995222929936305,0,13,None,66,1,5,False,1000,1000
397,12,unweighted_fl,10,0.0995222929936305,0,13,None,66,1,5,False,1000,1000
398,13,unweighted_fl,10,0.0995222929936305,0,13,None,66,1,5,False,1000,1000
399,14,unweighted_fl,10,0.0995222929936305,0,13,None,66,1,5,False,1000,1000
400,10,unweighted_fl,10,0.0995222929936305,0,14,None,66,1,5,False,1000,1000
401,11,unweighted_fl,10,0.0995222929936305,0,14,None,66,1,5,False,1000,1000
402,12,unweighted_fl,10,0.0995222929936305,0,14,None,66,1,5,False,1000,1000
403,13,unweighted_fl,10,0.0995222929936305,0,14,None,66,1,5,False,1000,1000
404,14,unweighted_fl,10,0.0995222929936305,0,14,None,66,1,5,False,1000,1000
405,10,unweighted_fl,10,0.0995222929936305,0,15,None,66,1,5,False,1000,1000
406,11,unweighted_fl,10,0.0997213375796178,0,15,None,66,1,5,False,1000,1000
407,12,unweighted_fl,10,0.0995222929936305,0,15,None,66,1,5,False,1000,1000
408,13,unweighted_fl,10,0.0995222929936305,0,15,None,66,1,5,False,1000,1000
409,14,unweighted_fl,10,0.0995222929936305,0,15,None,66,1,5,False,1000,1000
410,10,unweighted_fl,10,0.0995222929936305,0,16,None,66,1,5,False,1000,1000
411,11,unweighted_fl,10,0.0995222929936305,0,16,None,66,1,5,False,1000,1000
412,12,unweighted_fl,10,0.0995222929936305,0,16,None,66,1,5,False,1000,1000
413,13,unweighted_fl,10,0.0995222929936305,0,16,None,66,1,5,False,1000,1000
414,14,unweighted_fl,10,0.0995222929936305,0,16,None,66,1,5,False,1000,1000
415,10,unweighted_fl,10,0.0995222929936305,0,17,None,66,1,5,False,1000,1000
416,11,unweighted_fl,10,0.0995222929936305,0,17,None,66,1,5,False,1000,1000
417,12,unweighted_fl,10,0.0995222929936305,0,17,None,66,1,5,False,1000,1000
418,13,unweighted_fl,10,0.0995222929936305,0,17,None,66,1,5,False,1000,1000
419,14,unweighted_fl,10,0.0995222929936305,0,17,None,66,1,5,False,1000,1000
420,10,unweighted_fl,10,0.0995222929936305,0,18,None,66,1,5,False,1000,1000
421,11,unweighted_fl,10,0.0995222929936305,0,18,None,66,1,5,False,1000,1000
422,12,unweighted_fl,10,0.0995222929936305,0,18,None,66,1,5,False,1000,1000
423,13,unweighted_fl,10,0.0995222929936305,0,18,None,66,1,5,False,1000,1000
424,14,unweighted_fl,10,0.0995222929936305,0,18,None,66,1,5,False,1000,1000
425,10,unweighted_fl,10,0.0995222929936305,0,19,None,66,1,5,False,1000,1000
426,11,unweighted_fl,10,0.0995222929936305,0,19,None,66,1,5,False,1000,1000
427,12,unweighted_fl,10,0.0995222929936305,0,19,None,66,1,5,False,1000,1000
428,13,unweighted_fl,10,0.0995222929936305,0,19,None,66,1,5,False,1000,1000
429,14,unweighted_fl,10,0.0995222929936305,0,19,None,66,1,5,False,1000,1000
430,10,unweighted_fl,10,0.0995222929936305,0,20,None,66,1,5,False,1000,1000
431,11,unweighted_fl,10,0.0995222929936305,0,20,None,66,1,5,False,1000,1000
432,12,unweighted_fl,10,0.0995222929936305,0,20,None,66,1,5,False,1000,1000
433,13,unweighted_fl,10,0.0995222929936305,0,20,None,66,1,5,False,1000,1000
434,14,unweighted_fl,10,0.0995222929936305,0,20,None,66,1,5,False,1000,1000
435,10,unweighted_fl,10,0.0995222929936305,0,21,None,66,1,5,False,1000,1000
436,11,unweighted_fl,10,0.0995222929936305,0,21,None,66,1,5,False,1000,1000
437,12,unweighted_fl,10,0.0995222929936305,0,21,None,66,1,5,False,1000,1000
438,13,unweighted_fl,10,0.0995222929936305,0,21,None,66,1,5,False,1000,1000
439,14,unweighted_fl,10,0.0995222929936305,0,21,None,66,1,5,False,1000,1000
440,10,unweighted_fl,10,0.0995222929936305,0,22,None,66,1,5,False,1000,1000
441,11,unweighted_fl,10,0.0995222929936305,0,22,None,66,1,5,False,1000,1000
442,12,unweighted_fl,10,0.0995222929936305,0,22,None,66,1,5,False,1000,1000
443,13,unweighted_fl,10,0.0995222929936305,0,22,None,66,1,5,False,1000,1000
444,14,unweighted_fl,10,0.0995222929936305,0,22,None,66,1,5,False,1000,1000
445,10,unweighted_fl,10,0.0995222929936305,0,23,None,66,1,5,False,1000,1000
446,11,unweighted_fl,10,0.0995222929936305,0,23,None,66,1,5,False,1000,1000
447,12,unweighted_fl,10,0.0995222929936305,0,23,None,66,1,5,False,1000,1000
448,13,unweighted_fl,10,0.0995222929936305,0,23,None,66,1,5,False,1000,1000
449,14,unweighted_fl,10,0.0995222929936305,0,23,None,66,1,5,False,1000,1000
450,10,unweighted_fl,10,0.0995222929936305,0,24,None,66,1,5,False,1000,1000
451,11,unweighted_fl,10,0.0995222929936305,0,24,None,66,1,5,False,1000,1000
452,12,unweighted_fl,10,0.0995222929936305,0,24,None,66,1,5,False,1000,1000
453,13,unweighted_fl,10,0.0995222929936305,0,24,None,66,1,5,False,1000,1000
454,14,unweighted_fl,10,0.0995222929936305,0,24,None,66,1,5,False,1000,1000
455,10,unweighted_fl,10,0.0995222929936305,0,25,None,66,1,5,False,1000,1000
456,11,unweighted_fl,10,0.0995222929936305,0,25,None,66,1,5,False,1000,1000
457,12,unweighted_fl,10,0.0995222929936305,0,25,None,66,1,5,False,1000,1000
458,13,unweighted_fl,10,0.0995222929936305,0,25,None,66,1,5,False,1000,1000
459,14,unweighted_fl,10,0.0995222929936305,0,25,None,66,1,5,False,1000,1000
460,10,unweighted_fl,10,0.1000199044585987,0,26,None,66,1,5,False,1000,1000
461,11,unweighted_fl,10,0.0995222929936305,0,26,None,66,1,5,False,1000,1000
462,12,unweighted_fl,10,0.0995222929936305,0,26,None,66,1,5,False,1000,1000
463,13,unweighted_fl,10,0.0995222929936305,0,26,None,66,1,5,False,1000,1000
464,14,unweighted_fl,10,0.0995222929936305,0,26,None,66,1,5,False,1000,1000
465,10,unweighted_fl,10,0.0995222929936305,0,27,None,66,1,5,False,1000,1000
466,11,unweighted_fl,10,0.0995222929936305,0,27,None,66,1,5,False,1000,1000
467,12,unweighted_fl,10,0.0995222929936305,0,27,None,66,1,5,False,1000,1000
468,13,unweighted_fl,10,0.0995222929936305,0,27,None,66,1,5,False,1000,1000
469,14,unweighted_fl,10,0.0995222929936305,0,27,None,66,1,5,False,1000,1000
470,10,unweighted_fl,10,0.0995222929936305,0,29,None,66,1,5,False,1000,1000
471,11,unweighted_fl,10,0.0995222929936305,0,29,None,66,1,5,False,1000,1000
472,12,unweighted_fl,10,0.0996218152866242,0,29,None,66,1,5,False,1000,1000
473,13,unweighted_fl,10,0.0995222929936305,0,29,None,66,1,5,False,1000,1000
474,14,unweighted_fl,10,0.0995222929936305,0,29,None,66,1,5,False,1000,1000
475,10,unweighted_fl,10,0.0995222929936305,0,28,None,66,1,5,False,1000,1000
476,11,unweighted_fl,10,0.0995222929936305,0,28,None,66,1,5,False,1000,1000
477,12,unweighted_fl,10,0.1001194267515923,0,28,None,66,1,5,False,1000,1000
478,13,unweighted_fl,10,0.0995222929936305,0,28,None,66,1,5,False,1000,1000
479,14,unweighted_fl,10,0.0995222929936305,0,28,None,66,1,5,False,1000,1000
480,10,unweighted_fl,10,0.0995222929936305,0,30,None,66,1,5,False,1000,1000
481,11,unweighted_fl,10,0.0995222929936305,0,30,None,66,1,5,False,1000,1000
482,12,unweighted_fl,10,0.0995222929936305,0,30,None,66,1,5,False,1000,1000
483,13,unweighted_fl,10,0.0995222929936305,0,30,None,66,1,5,False,1000,1000
484,14,unweighted_fl,10,0.0995222929936305,0,30,None,66,1,5,False,1000,1000
485,10,unweighted_fl,10,0.0995222929936305,0,31,None,66,1,5,False,1000,1000
486,11,unweighted_fl,10,0.0995222929936305,0,31,None,66,1,5,False,1000,1000
487,12,unweighted_fl,10,0.0995222929936305,0,31,None,66,1,5,False,1000,1000
488,13,unweighted_fl,10,0.0995222929936305,0,31,None,66,1,5,False,1000,1000
489,14,unweighted_fl,10,0.0995222929936305,0,31,None,66,1,5,False,1000,1000
490,10,unweighted_fl,10,0.0995222929936305,0,32,None,66,1,5,False,1000,1000
491,11,unweighted_fl,10,0.0995222929936305,0,32,None,66,1,5,False,1000,1000
492,12,unweighted_fl,10,0.0995222929936305,0,32,None,66,1,5,False,1000,1000
493,13,unweighted_fl,10,0.0995222929936305,0,32,None,66,1,5,False,1000,1000
494,14,unweighted_fl,10,0.0995222929936305,0,32,None,66,1,5,False,1000,1000
990,15,unweighted_fl,10,0.0995222929936305,0,1,None,66,1,5,False,1000,1000
991,16,unweighted_fl,10,0.0995222929936305,0,1,None,66,1,5,False,1000,1000
992,17,unweighted_fl,10,0.0995222929936305,0,1,None,66,1,5,False,1000,1000
993,18,unweighted_fl,10,0.0995222929936305,0,1,None,66,1,5,False,1000,1000
994,19,unweighted_fl,10,0.0995222929936305,0,1,None,66,1,5,False,1000,1000
995,15,unweighted_fl,10,0.0995222929936305,0,0,None,66,1,5,False,1000,1000
996,16,unweighted_fl,10,0.0995222929936305,0,0,None,66,1,5,False,1000,1000
997,17,unweighted_fl,10,0.0995222929936305,0,0,None,66,1,5,False,1000,1000
998,18,unweighted_fl,10,0.0995222929936305,0,0,None,66,1,5,False,1000,1000
999,19,unweighted_fl,10,0.0995222929936305,0,0,None,66,1,5,False,1000,1000
1000,15,unweighted_fl,10,0.1420183121019108,0,2,None,66,1,5,False,1000,1000
1001,16,unweighted_fl,10,0.0995222929936305,0,2,None,66,1,5,False,1000,1000
1002,17,unweighted_fl,10,0.0995222929936305,0,2,None,66,1,5,False,1000,1000
1003,18,unweighted_fl,10,0.0995222929936305,0,2,None,66,1,5,False,1000,1000
1004,19,unweighted_fl,10,0.0995222929936305,0,2,None,66,1,5,False,1000,1000
1005,15,unweighted_fl,10,0.0995222929936305,0,3,None,66,1,5,False,1000,1000
1006,16,unweighted_fl,10,0.0995222929936305,0,3,None,66,1,5,False,1000,1000
1007,17,unweighted_fl,10,0.0995222929936305,0,3,None,66,1,5,False,1000,1000
1008,18,unweighted_fl,10,0.0995222929936305,0,3,None,66,1,5,False,1000,1000
1009,19,unweighted_fl,10,0.0995222929936305,0,3,None,66,1,5,False,1000,1000
1010,15,unweighted_fl,10,0.0995222929936305,0,4,None,66,1,5,False,1000,1000
1011,16,unweighted_fl,10,0.0995222929936305,0,4,None,66,1,5,False,1000,1000
1012,17,unweighted_fl,10,0.0995222929936305,0,4,None,66,1,5,False,1000,1000
1013,18,unweighted_fl,10,0.0995222929936305,0,4,None,66,1,5,False,1000,1000
1014,19,unweighted_fl,10,0.0995222929936305,0,4,None,66,1,5,False,1000,1000
1015,15,unweighted_fl,10,0.0995222929936305,0,5,None,66,1,5,False,1000,1000
1016,16,unweighted_fl,10,0.0995222929936305,0,5,None,66,1,5,False,1000,1000
1017,17,unweighted_fl,10,0.0995222929936305,0,5,None,66,1,5,False,1000,1000
1018,18,unweighted_fl,10,0.1057921974522293,0,5,None,66,1,5,False,1000,1000
1019,19,unweighted_fl,10,0.0995222929936305,0,5,None,66,1,5,False,1000,1000
1020,15,unweighted_fl,10,0.0995222929936305,0,6,None,66,1,5,False,1000,1000
1021,16,unweighted_fl,10,0.0995222929936305,0,6,None,66,1,5,False,1000,1000
1022,17,unweighted_fl,10,0.0995222929936305,0,6,None,66,1,5,False,1000,1000
1023,18,unweighted_fl,10,0.0995222929936305,0,6,None,66,1,5,False,1000,1000
1024,19,unweighted_fl,10,0.0995222929936305,0,6,None,66,1,5,False,1000,1000
1025,15,unweighted_fl,10,0.0995222929936305,0,8,None,66,1,5,False,1000,1000
1026,16,unweighted_fl,10,0.0995222929936305,0,8,None,66,1,5,False,1000,1000
1027,17,unweighted_fl,10,0.0995222929936305,0,8,None,66,1,5,False,1000,1000
1028,18,unweighted_fl,10,0.0995222929936305,0,8,None,66,1,5,False,1000,1000
1029,19,unweighted_fl,10,0.0995222929936305,0,8,None,66,1,5,False,1000,1000
1030,15,unweighted_fl,10,0.0995222929936305,0,7,None,66,1,5,False,1000,1000
1031,16,unweighted_fl,10,0.0995222929936305,0,7,None,66,1,5,False,1000,1000
1032,17,unweighted_fl,10,0.0995222929936305,0,7,None,66,1,5,False,1000,1000
1033,18,unweighted_fl,10,0.0995222929936305,0,7,None,66,1,5,False,1000,1000
1034,19,unweighted_fl,10,0.0995222929936305,0,7,None,66,1,5,False,1000,1000
1035,15,unweighted_fl,10,0.0995222929936305,0,9,None,66,1,5,False,1000,1000
1036,16,unweighted_fl,10,0.0995222929936305,0,9,None,66,1,5,False,1000,1000
1037,17,unweighted_fl,10,0.0995222929936305,0,9,None,66,1,5,False,1000,1000
1038,18,unweighted_fl,10,0.0995222929936305,0,9,None,66,1,5,False,1000,1000
1039,19,unweighted_fl,10,0.0995222929936305,0,9,None,66,1,5,False,1000,1000
1040,15,unweighted_fl,10,0.0995222929936305,0,11,None,66,1,5,False,1000,1000
1041,16,unweighted_fl,10,0.0995222929936305,0,11,None,66,1,5,False,1000,1000
1042,17,unweighted_fl,10,0.0995222929936305,0,11,None,66,1,5,False,1000,1000
1043,18,unweighted_fl,10,0.0995222929936305,0,11,None,66,1,5,False,1000,1000
1044,19,unweighted_fl,10,0.0995222929936305,0,11,None,66,1,5,False,1000,1000
1045,15,unweighted_fl,10,0.0995222929936305,0,10,None,66,1,5,False,1000,1000
1046,16,unweighted_fl,10,0.0995222929936305,0,10,None,66,1,5,False,1000,1000
1047,17,unweighted_fl,10,0.0995222929936305,0,10,None,66,1,5,False,1000,1000
1048,18,unweighted_fl,10,0.0995222929936305,0,10,None,66,1,5,False,1000,1000
1049,19,unweighted_fl,10,0.0995222929936305,0,10,None,66,1,5,False,1000,1000
1050,15,unweighted_fl,10,0.1515724522292993,0,12,None,66,1,5,False,1000,1000
1051,16,unweighted_fl,10,0.0995222929936305,0,12,None,66,1,5,False,1000,1000
1052,17,unweighted_fl,10,0.0995222929936305,0,12,None,66,1,5,False,1000,1000
1053,18,unweighted_fl,10,0.0995222929936305,0,12,None,66,1,5,False,1000,1000
1054,19,unweighted_fl,10,0.0995222929936305,0,12,None,66,1,5,False,1000,1000
1055,15,unweighted_fl,10,0.0995222929936305,0,13,None,66,1,5,False,1000,1000
1056,16,unweighted_fl,10,0.0995222929936305,0,13,None,66,1,5,False,1000,1000
1057,17,unweighted_fl,10,0.0995222929936305,0,13,None,66,1,5,False,1000,1000
1058,18,unweighted_fl,10,0.0995222929936305,0,13,None,66,1,5,False,1000,1000
1059,19,unweighted_fl,10,0.0995222929936305,0,13,None,66,1,5,False,1000,1000
1060,15,unweighted_fl,10,0.0995222929936305,0,14,None,66,1,5,False,1000,1000
1061,16,unweighted_fl,10,0.0995222929936305,0,14,None,66,1,5,False,1000,1000
1062,17,unweighted_fl,10,0.0995222929936305,0,14,None,66,1,5,False,1000,1000
1063,18,unweighted_fl,10,0.0995222929936305,0,14,None,66,1,5,False,1000,1000
1064,19,unweighted_fl,10,0.0995222929936305,0,14,None,66,1,5,False,1000,1000
1065,15,unweighted_fl,10,0.0995222929936305,0,16,None,66,1,5,False,1000,1000
1066,16,unweighted_fl,10,0.0995222929936305,0,16,None,66,1,5,False,1000,1000
1067,17,unweighted_fl,10,0.1273885350318471,0,16,None,66,1,5,False,1000,1000
1068,18,unweighted_fl,10,0.1521695859872611,0,16,None,66,1,5,False,1000,1000
1069,19,unweighted_fl,10,0.0995222929936305,0,16,None,66,1,5,False,1000,1000
1070,15,unweighted_fl,10,0.0995222929936305,0,15,None,66,1,5,False,1000,1000
1071,16,unweighted_fl,10,0.0995222929936305,0,15,None,66,1,5,False,1000,1000
1072,17,unweighted_fl,10,0.0995222929936305,0,15,None,66,1,5,False,1000,1000
1073,18,unweighted_fl,10,0.0995222929936305,0,15,None,66,1,5,False,1000,1000
1074,19,unweighted_fl,10,0.0995222929936305,0,15,None,66,1,5,False,1000,1000
1075,15,unweighted_fl,10,0.0995222929936305,0,17,None,66,1,5,False,1000,1000
1076,16,unweighted_fl,10,0.0995222929936305,0,17,None,66,1,5,False,1000,1000
1077,17,unweighted_fl,10,0.0995222929936305,0,17,None,66,1,5,False,1000,1000
1078,18,unweighted_fl,10,0.0995222929936305,0,17,None,66,1,5,False,1000,1000
1079,19,unweighted_fl,10,0.0995222929936305,0,17,None,66,1,5,False,1000,1000
1080,15,unweighted_fl,10,0.0995222929936305,0,19,None,66,1,5,False,1000,1000
1081,16,unweighted_fl,10,0.0995222929936305,0,19,None,66,1,5,False,1000,1000
1082,17,unweighted_fl,10,0.0995222929936305,0,19,None,66,1,5,False,1000,1000
1083,18,unweighted_fl,10,0.0995222929936305,0,19,None,66,1,5,False,1000,1000
1084,19,unweighted_fl,10,0.0995222929936305,0,19,None,66,1,5,False,1000,1000
1085,15,unweighted_fl,10,0.0995222929936305,0,18,None,66,1,5,False,1000,1000
1086,16,unweighted_fl,10,0.0995222929936305,0,18,None,66,1,5,False,1000,1000
1087,17,unweighted_fl,10,0.0995222929936305,0,18,None,66,1,5,False,1000,1000
1088,18,unweighted_fl,10,0.0995222929936305,0,18,None,66,1,5,False,1000,1000
1089,19,unweighted_fl,10,0.0995222929936305,0,18,None,66,1,5,False,1000,1000
1090,15,unweighted_fl,10,0.0995222929936305,0,20,None,66,1,5,False,1000,1000
1091,16,unweighted_fl,10,0.0995222929936305,0,20,None,66,1,5,False,1000,1000
1092,17,unweighted_fl,10,0.0995222929936305,0,20,None,66,1,5,False,1000,1000
1093,18,unweighted_fl,10,0.0995222929936305,0,20,None,66,1,5,False,1000,1000
1094,19,unweighted_fl,10,0.0995222929936305,0,20,None,66,1,5,False,1000,1000
1095,15,unweighted_fl,10,0.0995222929936305,0,22,None,66,1,5,False,1000,1000
1096,16,unweighted_fl,10,0.0995222929936305,0,22,None,66,1,5,False,1000,1000
1097,17,unweighted_fl,10,0.0995222929936305,0,22,None,66,1,5,False,1000,1000
1098,18,unweighted_fl,10,0.0995222929936305,0,22,None,66,1,5,False,1000,1000
1099,19,unweighted_fl,10,0.0995222929936305,0,22,None,66,1,5,False,1000,1000
1100,15,unweighted_fl,10,0.0995222929936305,0,21,None,66,1,5,False,1000,1000
1101,16,unweighted_fl,10,0.0995222929936305,0,21,None,66,1,5,False,1000,1000
1102,17,unweighted_fl,10,0.0995222929936305,0,21,None,66,1,5,False,1000,1000
1103,18,unweighted_fl,10,0.0995222929936305,0,21,None,66,1,5,False,1000,1000
1104,19,unweighted_fl,10,0.0995222929936305,0,21,None,66,1,5,False,1000,1000
1105,15,unweighted_fl,10,0.0995222929936305,0,23,None,66,1,5,False,1000,1000
1106,16,unweighted_fl,10,0.0995222929936305,0,23,None,66,1,5,False,1000,1000
1107,17,unweighted_fl,10,0.0995222929936305,0,23,None,66,1,5,False,1000,1000
1108,18,unweighted_fl,10,0.0995222929936305,0,23,None,66,1,5,False,1000,1000
1109,19,unweighted_fl,10,0.0995222929936305,0,23,None,66,1,5,False,1000,1000
1110,15,unweighted_fl,10,0.0995222929936305,0,25,None,66,1,5,False,1000,1000
1111,16,unweighted_fl,10,0.0995222929936305,0,25,None,66,1,5,False,1000,1000
1112,17,unweighted_fl,10,0.0995222929936305,0,25,None,66,1,5,False,1000,1000
1113,18,unweighted_fl,10,0.0995222929936305,0,25,None,66,1,5,False,1000,1000
1114,19,unweighted_fl,10,0.0995222929936305,0,25,None,66,1,5,False,1000,1000
1115,15,unweighted_fl,10,0.0995222929936305,0,24,None,66,1,5,False,1000,1000
1116,16,unweighted_fl,10,0.0995222929936305,0,24,None,66,1,5,False,1000,1000
1117,17,unweighted_fl,10,0.0995222929936305,0,24,None,66,1,5,False,1000,1000
1118,18,unweighted_fl,10,0.0995222929936305,0,24,None,66,1,5,False,1000,1000
1119,19,unweighted_fl,10,0.0995222929936305,0,24,None,66,1,5,False,1000,1000
1120,15,unweighted_fl,10,0.0995222929936305,0,26,None,66,1,5,False,1000,1000
1121,16,unweighted_fl,10,0.0995222929936305,0,26,None,66,1,5,False,1000,1000
1122,17,unweighted_fl,10,0.0995222929936305,0,26,None,66,1,5,False,1000,1000
1123,18,unweighted_fl,10,0.0995222929936305,0,26,None,66,1,5,False,1000,1000
1124,19,unweighted_fl,10,0.0995222929936305,0,26,None,66,1,5,False,1000,1000
1125,15,unweighted_fl,10,0.0995222929936305,0,27,None,66,1,5,False,1000,1000
1126,16,unweighted_fl,10,0.0995222929936305,0,27,None,66,1,5,False,1000,1000
1127,17,unweighted_fl,10,0.0995222929936305,0,27,None,66,1,5,False,1000,1000
1128,18,unweighted_fl,10,0.0995222929936305,0,27,None,66,1,5,False,1000,1000
1129,19,unweighted_fl,10,0.0995222929936305,0,27,None,66,1,5,False,1000,1000
1130,15,unweighted_fl,10,0.0995222929936305,0,28,None,66,1,5,False,1000,1000
1131,16,unweighted_fl,10,0.0995222929936305,0,28,None,66,1,5,False,1000,1000
1132,17,unweighted_fl,10,0.0995222929936305,0,28,None,66,1,5,False,1000,1000
1133,18,unweighted_fl,10,0.0995222929936305,0,28,None,66,1,5,False,1000,1000
1134,19,unweighted_fl,10,0.0995222929936305,0,28,None,66,1,5,False,1000,1000
1135,15,unweighted_fl,10,0.0995222929936305,0,30,None,66,1,5,False,1000,1000
1136,16,unweighted_fl,10,0.0995222929936305,0,30,None,66,1,5,False,1000,1000
1137,17,unweighted_fl,10,0.0995222929936305,0,30,None,66,1,5,False,1000,1000
1138,18,unweighted_fl,10,0.0995222929936305,0,30,None,66,1,5,False,1000,1000
1139,19,unweighted_fl,10,0.1362460191082802,0,30,None,66,1,5,False,1000,1000
1140,15,unweighted_fl,10,0.0995222929936305,0,29,None,66,1,5,False,1000,1000
1141,16,unweighted_fl,10,0.0995222929936305,0,29,None,66,1,5,False,1000,1000
1142,17,unweighted_fl,10,0.0995222929936305,0,29,None,66,1,5,False,1000,1000
1143,18,unweighted_fl,10,0.0995222929936305,0,29,None,66,1,5,False,1000,1000
1144,19,unweighted_fl,10,0.0995222929936305,0,29,None,66,1,5,False,1000,1000
1145,15,unweighted_fl,10,0.0995222929936305,0,31,None,66,1,5,False,1000,1000
1146,16,unweighted_fl,10,0.0995222929936305,0,31,None,66,1,5,False,1000,1000
1147,17,unweighted_fl,10,0.0995222929936305,0,31,None,66,1,5,False,1000,1000
1148,18,unweighted_fl,10,0.0995222929936305,0,31,None,66,1,5,False,1000,1000
1149,19,unweighted_fl,10,0.0995222929936305,0,31,None,66,1,5,False,1000,1000
1150,15,unweighted_fl,10,0.0996218152866242,0,32,None,66,1,5,False,1000,1000
1151,16,unweighted_fl,10,0.0995222929936305,0,32,None,66,1,5,False,1000,1000
1152,17,unweighted_fl,10,0.0995222929936305,0,32,None,66,1,5,False,1000,1000
1153,18,unweighted_fl,10,0.0995222929936305,0,32,None,66,1,5,False,1000,1000
1154,19,unweighted_fl,10,0.0995222929936305,0,32,None,66,1,5,False,1000,1000
1155,20,unweighted_fl,10,0.0995222929936305,0,1,None,66,1,5,False,1000,1000
1156,21,unweighted_fl,10,0.0995222929936305,0,1,None,66,1,5,False,1000,1000
1157,22,unweighted_fl,10,0.0995222929936305,0,1,None,66,1,5,False,1000,1000
1158,23,unweighted_fl,10,0.0995222929936305,0,1,None,66,1,5,False,1000,1000
1159,24,unweighted_fl,10,0.0995222929936305,0,1,None,66,1,5,False,1000,1000
1160,20,unweighted_fl,10,0.0995222929936305,0,0,None,66,1,5,False,1000,1000
1161,21,unweighted_fl,10,0.0995222929936305,0,0,None,66,1,5,False,1000,1000
1162,22,unweighted_fl,10,0.0995222929936305,0,0,None,66,1,5,False,1000,1000
1163,23,unweighted_fl,10,0.0995222929936305,0,0,None,66,1,5,False,1000,1000
1164,24,unweighted_fl,10,0.0995222929936305,0,0,None,66,1,5,False,1000,1000
1165,20,unweighted_fl,10,0.0995222929936305,0,3,None,66,1,5,False,1000,1000
1166,21,unweighted_fl,10,0.0995222929936305,0,3,None,66,1,5,False,1000,1000
1167,22,unweighted_fl,10,0.0995222929936305,0,3,None,66,1,5,False,1000,1000
1168,23,unweighted_fl,10,0.0995222929936305,0,3,None,66,1,5,False,1000,1000
1169,24,unweighted_fl,10,0.0995222929936305,0,3,None,66,1,5,False,1000,1000
1170,20,unweighted_fl,10,0.1554538216560509,0,2,None,66,1,5,False,1000,1000
1171,21,unweighted_fl,10,0.0996218152866242,0,2,None,66,1,5,False,1000,1000
1172,22,unweighted_fl,10,0.0995222929936305,0,2,None,66,1,5,False,1000,1000
1173,23,unweighted_fl,10,0.0995222929936305,0,2,None,66,1,5,False,1000,1000
1174,24,unweighted_fl,10,0.0995222929936305,0,2,None,66,1,5,False,1000,1000
1175,20,unweighted_fl,10,0.0995222929936305,0,4,None,66,1,5,False,1000,1000
1176,21,unweighted_fl,10,0.0995222929936305,0,4,None,66,1,5,False,1000,1000
1177,22,unweighted_fl,10,0.0995222929936305,0,4,None,66,1,5,False,1000,1000
1178,23,unweighted_fl,10,0.0995222929936305,0,4,None,66,1,5,False,1000,1000
1179,24,unweighted_fl,10,0.0995222929936305,0,4,None,66,1,5,False,1000,1000
1180,20,unweighted_fl,10,0.0995222929936305,0,5,None,66,1,5,False,1000,1000
1181,21,unweighted_fl,10,0.0995222929936305,0,5,None,66,1,5,False,1000,1000
1182,22,unweighted_fl,10,0.0995222929936305,0,5,None,66,1,5,False,1000,1000
1183,23,unweighted_fl,10,0.0995222929936305,0,5,None,66,1,5,False,1000,1000
1184,24,unweighted_fl,10,0.1580414012738853,0,5,None,66,1,5,False,1000,1000
1185,20,unweighted_fl,10,0.0995222929936305,0,6,None,66,1,5,False,1000,1000
1186,21,unweighted_fl,10,0.0995222929936305,0,6,None,66,1,5,False,1000,1000
1187,22,unweighted_fl,10,0.0995222929936305,0,6,None,66,1,5,False,1000,1000
1188,23,unweighted_fl,10,0.0995222929936305,0,6,None,66,1,5,False,1000,1000
1189,24,unweighted_fl,10,0.0995222929936305,0,6,None,66,1,5,False,1000,1000
1190,20,unweighted_fl,10,0.0995222929936305,0,7,None,66,1,5,False,1000,1000
1191,21,unweighted_fl,10,0.0995222929936305,0,7,None,66,1,5,False,1000,1000
1192,22,unweighted_fl,10,0.0995222929936305,0,7,None,66,1,5,False,1000,1000
1193,23,unweighted_fl,10,0.0995222929936305,0,7,None,66,1,5,False,1000,1000
1194,24,unweighted_fl,10,0.0995222929936305,0,7,None,66,1,5,False,1000,1000
1195,20,unweighted_fl,10,0.0995222929936305,0,8,None,66,1,5,False,1000,1000
1196,21,unweighted_fl,10,0.0995222929936305,0,8,None,66,1,5,False,1000,1000
1197,22,unweighted_fl,10,0.0995222929936305,0,8,None,66,1,5,False,1000,1000
1198,23,unweighted_fl,10,0.0995222929936305,0,8,None,66,1,5,False,1000,1000
1199,24,unweighted_fl,10,0.0995222929936305,0,8,None,66,1,5,False,1000,1000
1200,20,unweighted_fl,10,0.0995222929936305,0,10,None,66,1,5,False,1000,1000
1201,21,unweighted_fl,10,0.0995222929936305,0,10,None,66,1,5,False,1000,1000
1202,22,unweighted_fl,10,0.0995222929936305,0,10,None,66,1,5,False,1000,1000
1203,23,unweighted_fl,10,0.0995222929936305,0,10,None,66,1,5,False,1000,1000
1204,24,unweighted_fl,10,0.0995222929936305,0,10,None,66,1,5,False,1000,1000
1205,20,unweighted_fl,10,0.1327627388535031,0,9,None,66,1,5,False,1000,1000
1206,21,unweighted_fl,10,0.1382364649681528,0,9,None,66,1,5,False,1000,1000
1207,22,unweighted_fl,10,0.1439092356687898,0,9,None,66,1,5,False,1000,1000
1208,23,unweighted_fl,10,0.1481886942675159,0,9,None,66,1,5,False,1000,1000
1209,24,unweighted_fl,10,0.1531648089171974,0,9,None,66,1,5,False,1000,1000
1210,20,unweighted_fl,10,0.0995222929936305,0,12,None,66,1,5,False,1000,1000
1211,21,unweighted_fl,10,0.0995222929936305,0,12,None,66,1,5,False,1000,1000
1212,22,unweighted_fl,10,0.0995222929936305,0,12,None,66,1,5,False,1000,1000
1213,23,unweighted_fl,10,0.0995222929936305,0,12,None,66,1,5,False,1000,1000
1214,24,unweighted_fl,10,0.0995222929936305,0,12,None,66,1,5,False,1000,1000
1215,20,unweighted_fl,10,0.0995222929936305,0,11,None,66,1,5,False,1000,1000
1216,21,unweighted_fl,10,0.0995222929936305,0,11,None,66,1,5,False,1000,1000
1217,22,unweighted_fl,10,0.0995222929936305,0,11,None,66,1,5,False,1000,1000
1218,23,unweighted_fl,10,0.0995222929936305,0,11,None,66,1,5,False,1000,1000
1219,24,unweighted_fl,10,0.0995222929936305,0,11,None,66,1,5,False,1000,1000
1220,20,unweighted_fl,10,0.0995222929936305,0,13,None,66,1,5,False,1000,1000
1221,21,unweighted_fl,10,0.0995222929936305,0,13,None,66,1,5,False,1000,1000
1222,22,unweighted_fl,10,0.0995222929936305,0,13,None,66,1,5,False,1000,1000
1223,23,unweighted_fl,10,0.0995222929936305,0,13,None,66,1,5,False,1000,1000
1224,24,unweighted_fl,10,0.0995222929936305,0,13,None,66,1,5,False,1000,1000
1225,20,unweighted_fl,10,0.0995222929936305,0,14,None,66,1,5,False,1000,1000
1226,21,unweighted_fl,10,0.0995222929936305,0,14,None,66,1,5,False,1000,1000
1227,22,unweighted_fl,10,0.0995222929936305,0,14,None,66,1,5,False,1000,1000
1228,23,unweighted_fl,10,0.0995222929936305,0,14,None,66,1,5,False,1000,1000
1229,24,unweighted_fl,10,0.0995222929936305,0,14,None,66,1,5,False,1000,1000
1230,20,unweighted_fl,10,0.1786425159235669,0,16,None,66,1,5,False,1000,1000
1231,21,unweighted_fl,10,0.0995222929936305,0,16,None,66,1,5,False,1000,1000
1232,22,unweighted_fl,10,0.0995222929936305,0,16,None,66,1,5,False,1000,1000
1233,23,unweighted_fl,10,0.0995222929936305,0,16,None,66,1,5,False,1000,1000
1234,24,unweighted_fl,10,0.0995222929936305,0,16,None,66,1,5,False,1000,1000
1235,20,unweighted_fl,10,0.1581409235668789,0,15,None,66,1,5,False,1000,1000
1236,21,unweighted_fl,10,0.0996218152866242,0,15,None,66,1,5,False,1000,1000
1237,22,unweighted_fl,10,0.1881966560509554,0,15,None,66,1,5,False,1000,1000
1238,23,unweighted_fl,10,0.0995222929936305,0,15,None,66,1,5,False,1000,1000
1239,24,unweighted_fl,10,0.0995222929936305,0,15,None,66,1,5,False,1000,1000
1240,20,unweighted_fl,10,0.0995222929936305,0,17,None,66,1,5,False,1000,1000
1241,21,unweighted_fl,10,0.0995222929936305,0,17,None,66,1,5,False,1000,1000
1242,22,unweighted_fl,10,0.0995222929936305,0,17,None,66,1,5,False,1000,1000
1243,23,unweighted_fl,10,0.0995222929936305,0,17,None,66,1,5,False,1000,1000
1244,24,unweighted_fl,10,0.1850119426751592,0,17,None,66,1,5,False,1000,1000
1245,20,unweighted_fl,10,0.0995222929936305,0,18,None,66,1,5,False,1000,1000
1246,21,unweighted_fl,10,0.0995222929936305,0,18,None,66,1,5,False,1000,1000
1247,22,unweighted_fl,10,0.0995222929936305,0,18,None,66,1,5,False,1000,1000
1248,23,unweighted_fl,10,0.0995222929936305,0,18,None,66,1,5,False,1000,1000
1249,24,unweighted_fl,10,0.0995222929936305,0,18,None,66,1,5,False,1000,1000
1250,20,unweighted_fl,10,0.0995222929936305,0,19,None,66,1,5,False,1000,1000
1251,21,unweighted_fl,10,0.0995222929936305,0,19,None,66,1,5,False,1000,1000
1252,22,unweighted_fl,10,0.0995222929936305,0,19,None,66,1,5,False,1000,1000
1253,23,unweighted_fl,10,0.0995222929936305,0,19,None,66,1,5,False,1000,1000
1254,24,unweighted_fl,10,0.0995222929936305,0,19,None,66,1,5,False,1000,1000
1255,20,unweighted_fl,10,0.0995222929936305,0,20,None,66,1,5,False,1000,1000
1256,21,unweighted_fl,10,0.0995222929936305,0,20,None,66,1,5,False,1000,1000
1257,22,unweighted_fl,10,0.0995222929936305,0,20,None,66,1,5,False,1000,1000
1258,23,unweighted_fl,10,0.0995222929936305,0,20,None,66,1,5,False,1000,1000
1259,24,unweighted_fl,10,0.0995222929936305,0,20,None,66,1,5,False,1000,1000
1260,20,unweighted_fl,10,0.1769506369426751,0,21,None,66,1,5,False,1000,1000
1261,21,unweighted_fl,10,0.0995222929936305,0,21,None,66,1,5,False,1000,1000
1262,22,unweighted_fl,10,0.0995222929936305,0,21,None,66,1,5,False,1000,1000
1263,23,unweighted_fl,10,0.0995222929936305,0,21,None,66,1,5,False,1000,1000
1264,24,unweighted_fl,10,0.0995222929936305,0,21,None,66,1,5,False,1000,1000
1265,20,unweighted_fl,10,0.0995222929936305,0,23,None,66,1,5,False,1000,1000
1266,21,unweighted_fl,10,0.0995222929936305,0,23,None,66,1,5,False,1000,1000
1267,22,unweighted_fl,10,0.0995222929936305,0,23,None,66,1,5,False,1000,1000
1268,23,unweighted_fl,10,0.0995222929936305,0,23,None,66,1,5,False,1000,1000
1269,24,unweighted_fl,10,0.0995222929936305,0,23,None,66,1,5,False,1000,1000
1270,20,unweighted_fl,10,0.0995222929936305,0,22,None,66,1,5,False,1000,1000
1271,21,unweighted_fl,10,0.0995222929936305,0,22,None,66,1,5,False,1000,1000
1272,22,unweighted_fl,10,0.0995222929936305,0,22,None,66,1,5,False,1000,1000
1273,23,unweighted_fl,10,0.0995222929936305,0,22,None,66,1,5,False,1000,1000
1274,24,unweighted_fl,10,0.0995222929936305,0,22,None,66,1,5,False,1000,1000
1275,20,unweighted_fl,10,0.0995222929936305,0,24,None,66,1,5,False,1000,1000
1276,21,unweighted_fl,10,0.0995222929936305,0,24,None,66,1,5,False,1000,1000
1277,22,unweighted_fl,10,0.0995222929936305,0,24,None,66,1,5,False,1000,1000
1278,23,unweighted_fl,10,0.0995222929936305,0,24,None,66,1,5,False,1000,1000
1279,24,unweighted_fl,10,0.0995222929936305,0,24,None,66,1,5,False,1000,1000
1280,20,unweighted_fl,10,0.0995222929936305,0,25,None,66,1,5,False,1000,1000
1281,21,unweighted_fl,10,0.0995222929936305,0,25,None,66,1,5,False,1000,1000
1282,22,unweighted_fl,10,0.0995222929936305,0,25,None,66,1,5,False,1000,1000
1283,23,unweighted_fl,10,0.0995222929936305,0,25,None,66,1,5,False,1000,1000
1284,24,unweighted_fl,10,0.0995222929936305,0,25,None,66,1,5,False,1000,1000
1285,20,unweighted_fl,10,0.0995222929936305,0,26,None,66,1,5,False,1000,1000
1286,21,unweighted_fl,10,0.0995222929936305,0,26,None,66,1,5,False,1000,1000
1287,22,unweighted_fl,10,0.0995222929936305,0,26,None,66,1,5,False,1000,1000
1288,23,unweighted_fl,10,0.0995222929936305,0,26,None,66,1,5,False,1000,1000
1289,24,unweighted_fl,10,0.0995222929936305,0,26,None,66,1,5,False,1000,1000
1290,20,unweighted_fl,10,0.0995222929936305,0,27,None,66,1,5,False,1000,1000
1291,21,unweighted_fl,10,0.0995222929936305,0,27,None,66,1,5,False,1000,1000
1292,22,unweighted_fl,10,0.0995222929936305,0,27,None,66,1,5,False,1000,1000
1293,23,unweighted_fl,10,0.0995222929936305,0,27,None,66,1,5,False,1000,1000
1294,24,unweighted_fl,10,0.0995222929936305,0,27,None,66,1,5,False,1000,1000
1295,20,unweighted_fl,10,0.1086783439490445,0,28,None,66,1,5,False,1000,1000
1296,21,unweighted_fl,10,0.0995222929936305,0,28,None,66,1,5,False,1000,1000
1297,22,unweighted_fl,10,0.0995222929936305,0,28,None,66,1,5,False,1000,1000
1298,23,unweighted_fl,10,0.0995222929936305,0,28,None,66,1,5,False,1000,1000
1299,24,unweighted_fl,10,0.0995222929936305,0,28,None,66,1,5,False,1000,1000
1300,20,unweighted_fl,10,0.0995222929936305,0,30,None,66,1,5,False,1000,1000
1301,21,unweighted_fl,10,0.0995222929936305,0,30,None,66,1,5,False,1000,1000
1302,22,unweighted_fl,10,0.0995222929936305,0,30,None,66,1,5,False,1000,1000
1303,23,unweighted_fl,10,0.0995222929936305,0,30,None,66,1,5,False,1000,1000
1304,24,unweighted_fl,10,0.0995222929936305,0,30,None,66,1,5,False,1000,1000
1305,20,unweighted_fl,10,0.0995222929936305,0,29,None,66,1,5,False,1000,1000
1306,21,unweighted_fl,10,0.0995222929936305,0,29,None,66,1,5,False,1000,1000
1307,22,unweighted_fl,10,0.0995222929936305,0,29,None,66,1,5,False,1000,1000
1308,23,unweighted_fl,10,0.0995222929936305,0,29,None,66,1,5,False,1000,1000
1309,24,unweighted_fl,10,0.0995222929936305,0,29,None,66,1,5,False,1000,1000
1310,20,unweighted_fl,10,0.0995222929936305,0,31,None,66,1,5,False,1000,1000
1311,21,unweighted_fl,10,0.110171178343949,0,31,None,66,1,5,False,1000,1000
1312,22,unweighted_fl,10,0.122014331210191,0,31,None,66,1,5,False,1000,1000
1313,23,unweighted_fl,10,0.0995222929936305,0,31,None,66,1,5,False,1000,1000
1314,24,unweighted_fl,10,0.0995222929936305,0,31,None,66,1,5,False,1000,1000
1315,20,unweighted_fl,10,0.0995222929936305,0,32,None,66,1,5,False,1000,1000
1316,21,unweighted_fl,10,0.0995222929936305,0,32,None,66,1,5,False,1000,1000
1317,22,unweighted_fl,10,0.0995222929936305,0,32,None,66,1,5,False,1000,1000
1318,23,unweighted_fl,10,0.0995222929936305,0,32,None,66,1,5,False,1000,1000
1319,24,unweighted_fl,10,0.0995222929936305,0,32,None,66,1,5,False,1000,1000
2145,25,unweighted_fl,10,0.0995222929936305,0,0,None,66,1,5,False,1000,1000
2146,26,unweighted_fl,10,0.0995222929936305,0,0,None,66,1,5,False,1000,1000
2147,27,unweighted_fl,10,0.0995222929936305,0,0,None,66,1,5,False,1000,1000
2148,28,unweighted_fl,10,0.0995222929936305,0,0,None,66,1,5,False,1000,1000
2149,29,unweighted_fl,10,0.0995222929936305,0,0,None,66,1,5,False,1000,1000
2150,25,unweighted_fl,10,0.0995222929936305,0,1,None,66,1,5,False,1000,1000
2151,26,unweighted_fl,10,0.0995222929936305,0,1,None,66,1,5,False,1000,1000
2152,27,unweighted_fl,10,0.0995222929936305,0,1,None,66,1,5,False,1000,1000
2153,28,unweighted_fl,10,0.0995222929936305,0,1,None,66,1,5,False,1000,1000
2154,29,unweighted_fl,10,0.0995222929936305,0,1,None,66,1,5,False,1000,1000
2155,25,unweighted_fl,10,0.0995222929936305,0,2,None,66,1,5,False,1000,1000
2156,26,unweighted_fl,10,0.0995222929936305,0,2,None,66,1,5,False,1000,1000
2157,27,unweighted_fl,10,0.1251990445859872,0,2,None,66,1,5,False,1000,1000
2158,28,unweighted_fl,10,0.0995222929936305,0,2,None,66,1,5,False,1000,1000
2159,29,unweighted_fl,10,0.0995222929936305,0,2,None,66,1,5,False,1000,1000
2160,25,unweighted_fl,10,0.0995222929936305,0,4,None,66,1,5,False,1000,1000
2161,26,unweighted_fl,10,0.0995222929936305,0,4,None,66,1,5,False,1000,1000
2162,27,unweighted_fl,10,0.0995222929936305,0,4,None,66,1,5,False,1000,1000
2163,28,unweighted_fl,10,0.0995222929936305,0,4,None,66,1,5,False,1000,1000
2164,29,unweighted_fl,10,0.0995222929936305,0,4,None,66,1,5,False,1000,1000
2165,25,unweighted_fl,10,0.0995222929936305,0,3,None,66,1,5,False,1000,1000
2166,26,unweighted_fl,10,0.0995222929936305,0,3,None,66,1,5,False,1000,1000
2167,27,unweighted_fl,10,0.0995222929936305,0,3,None,66,1,5,False,1000,1000
2168,28,unweighted_fl,10,0.0995222929936305,0,3,None,66,1,5,False,1000,1000
2169,29,unweighted_fl,10,0.0995222929936305,0,3,None,66,1,5,False,1000,1000
2170,25,unweighted_fl,10,0.0995222929936305,0,5,None,66,1,5,False,1000,1000
2171,26,unweighted_fl,10,0.0995222929936305,0,5,None,66,1,5,False,1000,1000
2172,27,unweighted_fl,10,0.0995222929936305,0,5,None,66,1,5,False,1000,1000
2173,28,unweighted_fl,10,0.0995222929936305,0,5,None,66,1,5,False,1000,1000
2174,29,unweighted_fl,10,0.1535628980891719,0,5,None,66,1,5,False,1000,1000
2175,25,unweighted_fl,10,0.0995222929936305,0,6,None,66,1,5,False,1000,1000
2176,26,unweighted_fl,10,0.0995222929936305,0,6,None,66,1,5,False,1000,1000
2177,27,unweighted_fl,10,0.0995222929936305,0,6,None,66,1,5,False,1000,1000
2178,28,unweighted_fl,10,0.0995222929936305,0,6,None,66,1,5,False,1000,1000
2179,29,unweighted_fl,10,0.0995222929936305,0,6,None,66,1,5,False,1000,1000
2180,25,unweighted_fl,10,0.0995222929936305,0,7,None,66,1,5,False,1000,1000
2181,26,unweighted_fl,10,0.0995222929936305,0,7,None,66,1,5,False,1000,1000
2182,27,unweighted_fl,10,0.0995222929936305,0,7,None,66,1,5,False,1000,1000
2183,28,unweighted_fl,10,0.0995222929936305,0,7,None,66,1,5,False,1000,1000
2184,29,unweighted_fl,10,0.0995222929936305,0,7,None,66,1,5,False,1000,1000
2185,25,unweighted_fl,10,0.0995222929936305,0,9,None,66,1,5,False,1000,1000
2186,26,unweighted_fl,10,0.0995222929936305,0,9,None,66,1,5,False,1000,1000
2187,27,unweighted_fl,10,0.0995222929936305,0,9,None,66,1,5,False,1000,1000
2188,28,unweighted_fl,10,0.0995222929936305,0,9,None,66,1,5,False,1000,1000
2189,29,unweighted_fl,10,0.0995222929936305,0,9,None,66,1,5,False,1000,1000
2190,25,unweighted_fl,10,0.0995222929936305,0,8,None,66,1,5,False,1000,1000
2191,26,unweighted_fl,10,0.0995222929936305,0,8,None,66,1,5,False,1000,1000
2192,27,unweighted_fl,10,0.0995222929936305,0,8,None,66,1,5,False,1000,1000
2193,28,unweighted_fl,10,0.0995222929936305,0,8,None,66,1,5,False,1000,1000
2194,29,unweighted_fl,10,0.0995222929936305,0,8,None,66,1,5,False,1000,1000
2195,25,unweighted_fl,10,0.0995222929936305,0,10,None,66,1,5,False,1000,1000
2196,26,unweighted_fl,10,0.1577428343949044,0,10,None,66,1,5,False,1000,1000
2197,27,unweighted_fl,10,0.0995222929936305,0,10,None,66,1,5,False,1000,1000
2198,28,unweighted_fl,10,0.0995222929936305,0,10,None,66,1,5,False,1000,1000
2199,29,unweighted_fl,10,0.0995222929936305,0,10,None,66,1,5,False,1000,1000
2200,25,unweighted_fl,10,0.0995222929936305,0,12,None,66,1,5,False,1000,1000
2201,26,unweighted_fl,10,0.0995222929936305,0,12,None,66,1,5,False,1000,1000
2202,27,unweighted_fl,10,0.0995222929936305,0,12,None,66,1,5,False,1000,1000
2203,28,unweighted_fl,10,0.0995222929936305,0,12,None,66,1,5,False,1000,1000
2204,29,unweighted_fl,10,0.0995222929936305,0,12,None,66,1,5,False,1000,1000
2205,25,unweighted_fl,10,0.0995222929936305,0,11,None,66,1,5,False,1000,1000
2206,26,unweighted_fl,10,0.0995222929936305,0,11,None,66,1,5,False,1000,1000
2207,27,unweighted_fl,10,0.0995222929936305,0,11,None,66,1,5,False,1000,1000
2208,28,unweighted_fl,10,0.0995222929936305,0,11,None,66,1,5,False,1000,1000
2209,29,unweighted_fl,10,0.0995222929936305,0,11,None,66,1,5,False,1000,1000
2210,25,unweighted_fl,10,0.0995222929936305,0,14,None,66,1,5,False,1000,1000
2211,26,unweighted_fl,10,0.0995222929936305,0,14,None,66,1,5,False,1000,1000
2212,27,unweighted_fl,10,0.0995222929936305,0,14,None,66,1,5,False,1000,1000
2213,28,unweighted_fl,10,0.0995222929936305,0,14,None,66,1,5,False,1000,1000
2214,29,unweighted_fl,10,0.0995222929936305,0,14,None,66,1,5,False,1000,1000
2215,25,unweighted_fl,10,0.0995222929936305,0,13,None,66,1,5,False,1000,1000
2216,26,unweighted_fl,10,0.0995222929936305,0,13,None,66,1,5,False,1000,1000
2217,27,unweighted_fl,10,0.0995222929936305,0,13,None,66,1,5,False,1000,1000
2218,28,unweighted_fl,10,0.0995222929936305,0,13,None,66,1,5,False,1000,1000
2219,29,unweighted_fl,10,0.0995222929936305,0,13,None,66,1,5,False,1000,1000
2220,25,unweighted_fl,10,0.0995222929936305,0,15,None,66,1,5,False,1000,1000
2221,26,unweighted_fl,10,0.0995222929936305,0,15,None,66,1,5,False,1000,1000
2222,27,unweighted_fl,10,0.1493829617834395,0,15,None,66,1,5,False,1000,1000
2223,28,unweighted_fl,10,0.1202229299363057,0,15,None,66,1,5,False,1000,1000
2224,29,unweighted_fl,10,0.0995222929936305,0,15,None,66,1,5,False,1000,1000
2225,25,unweighted_fl,10,0.0995222929936305,0,16,None,66,1,5,False,1000,1000
2226,26,unweighted_fl,10,0.0995222929936305,0,16,None,66,1,5,False,1000,1000
2227,27,unweighted_fl,10,0.0995222929936305,0,16,None,66,1,5,False,1000,1000
2228,28,unweighted_fl,10,0.0995222929936305,0,16,None,66,1,5,False,1000,1000
2229,29,unweighted_fl,10,0.0995222929936305,0,16,None,66,1,5,False,1000,1000
2230,25,unweighted_fl,10,0.0995222929936305,0,18,None,66,1,5,False,1000,1000
2231,26,unweighted_fl,10,0.0995222929936305,0,18,None,66,1,5,False,1000,1000
2232,27,unweighted_fl,10,0.0995222929936305,0,18,None,66,1,5,False,1000,1000
2233,28,unweighted_fl,10,0.0995222929936305,0,18,None,66,1,5,False,1000,1000
2234,29,unweighted_fl,10,0.0995222929936305,0,18,None,66,1,5,False,1000,1000
2235,25,unweighted_fl,10,0.0995222929936305,0,17,None,66,1,5,False,1000,1000
2236,26,unweighted_fl,10,0.0995222929936305,0,17,None,66,1,5,False,1000,1000
2237,27,unweighted_fl,10,0.0995222929936305,0,17,None,66,1,5,False,1000,1000
2238,28,unweighted_fl,10,0.1357484076433121,0,17,None,66,1,5,False,1000,1000
2239,29,unweighted_fl,10,0.0995222929936305,0,17,None,66,1,5,False,1000,1000
2240,25,unweighted_fl,10,0.0995222929936305,0,19,None,66,1,5,False,1000,1000
2241,26,unweighted_fl,10,0.0995222929936305,0,19,None,66,1,5,False,1000,1000
2242,27,unweighted_fl,10,0.0995222929936305,0,19,None,66,1,5,False,1000,1000
2243,28,unweighted_fl,10,0.0995222929936305,0,19,None,66,1,5,False,1000,1000
2244,29,unweighted_fl,10,0.0995222929936305,0,19,None,66,1,5,False,1000,1000
2245,25,unweighted_fl,10,0.0999203821656051,0,21,None,66,1,5,False,1000,1000
2246,26,unweighted_fl,10,0.0995222929936305,0,21,None,66,1,5,False,1000,1000
2247,27,unweighted_fl,10,0.0995222929936305,0,21,None,66,1,5,False,1000,1000
2248,28,unweighted_fl,10,0.0995222929936305,0,21,None,66,1,5,False,1000,1000
2249,29,unweighted_fl,10,0.0995222929936305,0,21,None,66,1,5,False,1000,1000
2250,25,unweighted_fl,10,0.0995222929936305,0,20,None,66,1,5,False,1000,1000
2251,26,unweighted_fl,10,0.0995222929936305,0,20,None,66,1,5,False,1000,1000
2252,27,unweighted_fl,10,0.0995222929936305,0,20,None,66,1,5,False,1000,1000
2253,28,unweighted_fl,10,0.0995222929936305,0,20,None,66,1,5,False,1000,1000
2254,29,unweighted_fl,10,0.0995222929936305,0,20,None,66,1,5,False,1000,1000
2255,25,unweighted_fl,10,0.0995222929936305,0,23,None,66,1,5,False,1000,1000
2256,26,unweighted_fl,10,0.0995222929936305,0,23,None,66,1,5,False,1000,1000
2257,27,unweighted_fl,10,0.0995222929936305,0,23,None,66,1,5,False,1000,1000
2258,28,unweighted_fl,10,0.0995222929936305,0,23,None,66,1,5,False,1000,1000
2259,29,unweighted_fl,10,0.0995222929936305,0,23,None,66,1,5,False,1000,1000
2260,25,unweighted_fl,10,0.0995222929936305,0,22,None,66,1,5,False,1000,1000
2261,26,unweighted_fl,10,0.0995222929936305,0,22,None,66,1,5,False,1000,1000
2262,27,unweighted_fl,10,0.0995222929936305,0,22,None,66,1,5,False,1000,1000
2263,28,unweighted_fl,10,0.0995222929936305,0,22,None,66,1,5,False,1000,1000
2264,29,unweighted_fl,10,0.0995222929936305,0,22,None,66,1,5,False,1000,1000
2265,25,unweighted_fl,10,0.1640127388535031,0,25,None,66,1,5,False,1000,1000
2266,26,unweighted_fl,10,0.0995222929936305,0,25,None,66,1,5,False,1000,1000
2267,27,unweighted_fl,10,0.0995222929936305,0,25,None,66,1,5,False,1000,1000
2268,28,unweighted_fl,10,0.0995222929936305,0,25,None,66,1,5,False,1000,1000
2269,29,unweighted_fl,10,0.0995222929936305,0,25,None,66,1,5,False,1000,1000
2270,25,unweighted_fl,10,0.1394307324840764,0,24,None,66,1,5,False,1000,1000
2271,26,unweighted_fl,10,0.0995222929936305,0,24,None,66,1,5,False,1000,1000
2272,27,unweighted_fl,10,0.0995222929936305,0,24,None,66,1,5,False,1000,1000
2273,28,unweighted_fl,10,0.0995222929936305,0,24,None,66,1,5,False,1000,1000
2274,29,unweighted_fl,10,0.0995222929936305,0,24,None,66,1,5,False,1000,1000
2275,25,unweighted_fl,10,0.0995222929936305,0,26,None,66,1,5,False,1000,1000
2276,26,unweighted_fl,10,0.0995222929936305,0,26,None,66,1,5,False,1000,1000
2277,27,unweighted_fl,10,0.0995222929936305,0,26,None,66,1,5,False,1000,1000
2278,28,unweighted_fl,10,0.0995222929936305,0,26,None,66,1,5,False,1000,1000
2279,29,unweighted_fl,10,0.0995222929936305,0,26,None,66,1,5,False,1000,1000
2280,25,unweighted_fl,10,0.0995222929936305,0,28,None,66,1,5,False,1000,1000
2281,26,unweighted_fl,10,0.0995222929936305,0,28,None,66,1,5,False,1000,1000
2282,27,unweighted_fl,10,0.0995222929936305,0,28,None,66,1,5,False,1000,1000
2283,28,unweighted_fl,10,0.0995222929936305,0,28,None,66,1,5,False,1000,1000
2284,29,unweighted_fl,10,0.0995222929936305,0,28,None,66,1,5,False,1000,1000
2285,25,unweighted_fl,10,0.0995222929936305,0,27,None,66,1,5,False,1000,1000
2286,26,unweighted_fl,10,0.0995222929936305,0,27,None,66,1,5,False,1000,1000
2287,27,unweighted_fl,10,0.0995222929936305,0,27,None,66,1,5,False,1000,1000
2288,28,unweighted_fl,10,0.0995222929936305,0,27,None,66,1,5,False,1000,1000
2289,29,unweighted_fl,10,0.0995222929936305,0,27,None,66,1,5,False,1000,1000
2290,25,unweighted_fl,10,0.1084792993630573,0,29,None,66,1,5,False,1000,1000
2291,26,unweighted_fl,10,0.0995222929936305,0,29,None,66,1,5,False,1000,1000
2292,27,unweighted_fl,10,0.0995222929936305,0,29,None,66,1,5,False,1000,1000
2293,28,unweighted_fl,10,0.0995222929936305,0,29,None,66,1,5,False,1000,1000
2294,29,unweighted_fl,10,0.0995222929936305,0,29,None,66,1,5,False,1000,1000
2295,25,unweighted_fl,10,0.0995222929936305,0,31,None,66,1,5,False,1000,1000
2296,26,unweighted_fl,10,0.0995222929936305,0,31,None,66,1,5,False,1000,1000
2297,27,unweighted_fl,10,0.0995222929936305,0,31,None,66,1,5,False,1000,1000
2298,28,unweighted_fl,10,0.0995222929936305,0,31,None,66,1,5,False,1000,1000
2299,29,unweighted_fl,10,0.0995222929936305,0,31,None,66,1,5,False,1000,1000
2300,25,unweighted_fl,10,0.0995222929936305,0,30,None,66,1,5,False,1000,1000
2301,26,unweighted_fl,10,0.0995222929936305,0,30,None,66,1,5,False,1000,1000
2302,27,unweighted_fl,10,0.0995222929936305,0,30,None,66,1,5,False,1000,1000
2303,28,unweighted_fl,10,0.0995222929936305,0,30,None,66,1,5,False,1000,1000
2304,29,unweighted_fl,10,0.0995222929936305,0,30,None,66,1,5,False,1000,1000
2305,25,unweighted_fl,10,0.0995222929936305,0,32,None,66,1,5,False,1000,1000
2306,26,unweighted_fl,10,0.0995222929936305,0,32,None,66,1,5,False,1000,1000
2307,27,unweighted_fl,10,0.0995222929936305,0,32,None,66,1,5,False,1000,1000
2308,28,unweighted_fl,10,0.0995222929936305,0,32,None,66,1,5,False,1000,1000
2309,29,unweighted_fl,10,0.0995222929936305,0,32,None,66,1,5,False,1000,1000
2310,30,unweighted_fl,10,0.0995222929936305,0,1,None,66,1,5,False,1000,1000
2311,31,unweighted_fl,10,0.0995222929936305,0,1,None,66,1,5,False,1000,1000
2312,32,unweighted_fl,10,0.0995222929936305,0,1,None,66,1,5,False,1000,1000
2313,33,unweighted_fl,10,0.0995222929936305,0,1,None,66,1,5,False,1000,1000
2314,34,unweighted_fl,10,0.0995222929936305,0,1,None,66,1,5,False,1000,1000
2315,30,unweighted_fl,10,0.0995222929936305,0,0,None,66,1,5,False,1000,1000
2316,31,unweighted_fl,10,0.0995222929936305,0,0,None,66,1,5,False,1000,1000
2317,32,unweighted_fl,10,0.0995222929936305,0,0,None,66,1,5,False,1000,1000
2318,33,unweighted_fl,10,0.0995222929936305,0,0,None,66,1,5,False,1000,1000
2319,34,unweighted_fl,10,0.0995222929936305,0,0,None,66,1,5,False,1000,1000
2320,30,unweighted_fl,10,0.0995222929936305,0,2,None,66,1,5,False,1000,1000
2321,31,unweighted_fl,10,0.0995222929936305,0,2,None,66,1,5,False,1000,1000
2322,32,unweighted_fl,10,0.1440087579617834,0,2,None,66,1,5,False,1000,1000
2323,33,unweighted_fl,10,0.0995222929936305,0,2,None,66,1,5,False,1000,1000
2324,34,unweighted_fl,10,0.0995222929936305,0,2,None,66,1,5,False,1000,1000
2325,30,unweighted_fl,10,0.0995222929936305,0,3,None,66,1,5,False,1000,1000
2326,31,unweighted_fl,10,0.101015127388535,0,3,None,66,1,5,False,1000,1000
2327,32,unweighted_fl,10,0.1342555732484076,0,3,None,66,1,5,False,1000,1000
2328,33,unweighted_fl,10,0.0995222929936305,0,3,None,66,1,5,False,1000,1000
2329,34,unweighted_fl,10,0.0995222929936305,0,3,None,66,1,5,False,1000,1000
2330,30,unweighted_fl,10,0.0995222929936305,0,4,None,66,1,5,False,1000,1000
2331,31,unweighted_fl,10,0.0995222929936305,0,4,None,66,1,5,False,1000,1000
2332,32,unweighted_fl,10,0.0995222929936305,0,4,None,66,1,5,False,1000,1000
2333,33,unweighted_fl,10,0.0995222929936305,0,4,None,66,1,5,False,1000,1000
2334,34,unweighted_fl,10,0.0995222929936305,0,4,None,66,1,5,False,1000,1000
2335,30,unweighted_fl,10,0.0995222929936305,0,5,None,66,1,5,False,1000,1000
2336,31,unweighted_fl,10,0.1033041401273885,0,5,None,66,1,5,False,1000,1000
2337,32,unweighted_fl,10,0.0995222929936305,0,5,None,66,1,5,False,1000,1000
2338,33,unweighted_fl,10,0.0997213375796178,0,5,None,66,1,5,False,1000,1000
2339,34,unweighted_fl,10,0.1252985668789809,0,5,None,66,1,5,False,1000,1000
2340,30,unweighted_fl,10,0.1951632165605095,0,6,None,66,1,5,False,1000,1000
2341,31,unweighted_fl,10,0.0995222929936305,0,6,None,66,1,5,False,1000,1000
2342,32,unweighted_fl,10,0.0995222929936305,0,6,None,66,1,5,False,1000,1000
2343,33,unweighted_fl,10,0.0995222929936305,0,6,None,66,1,5,False,1000,1000
2344,34,unweighted_fl,10,0.0995222929936305,0,6,None,66,1,5,False,1000,1000
2345,30,unweighted_fl,10,0.1400278662420382,0,7,None,66,1,5,False,1000,1000
2346,31,unweighted_fl,10,0.140625,0,7,None,66,1,5,False,1000,1000
2347,32,unweighted_fl,10,0.0996218152866242,0,7,None,66,1,5,False,1000,1000
2348,33,unweighted_fl,10,0.0995222929936305,0,7,None,66,1,5,False,1000,1000
2349,34,unweighted_fl,10,0.0995222929936305,0,7,None,66,1,5,False,1000,1000
2350,30,unweighted_fl,10,0.0995222929936305,0,8,None,66,1,5,False,1000,1000
2351,31,unweighted_fl,10,0.0995222929936305,0,8,None,66,1,5,False,1000,1000
2352,32,unweighted_fl,10,0.0995222929936305,0,8,None,66,1,5,False,1000,1000
2353,33,unweighted_fl,10,0.0995222929936305,0,8,None,66,1,5,False,1000,1000
2354,34,unweighted_fl,10,0.0995222929936305,0,8,None,66,1,5,False,1000,1000
2355,30,unweighted_fl,10,0.0995222929936305,0,10,None,66,1,5,False,1000,1000
2356,31,unweighted_fl,10,0.0995222929936305,0,10,None,66,1,5,False,1000,1000
2357,32,unweighted_fl,10,0.0995222929936305,0,10,None,66,1,5,False,1000,1000
2358,33,unweighted_fl,10,0.0995222929936305,0,10,None,66,1,5,False,1000,1000
2359,34,unweighted_fl,10,0.1321656050955414,0,10,None,66,1,5,False,1000,1000
2360,30,unweighted_fl,10,0.0995222929936305,0,9,None,66,1,5,False,1000,1000
2361,31,unweighted_fl,10,0.0995222929936305,0,9,None,66,1,5,False,1000,1000
2362,32,unweighted_fl,10,0.0995222929936305,0,9,None,66,1,5,False,1000,1000
2363,33,unweighted_fl,10,0.0995222929936305,0,9,None,66,1,5,False,1000,1000
2364,34,unweighted_fl,10,0.0995222929936305,0,9,None,66,1,5,False,1000,1000
2365,30,unweighted_fl,10,0.1001194267515923,0,11,None,66,1,5,False,1000,1000
2366,31,unweighted_fl,10,0.0995222929936305,0,11,None,66,1,5,False,1000,1000
2367,32,unweighted_fl,10,0.0995222929936305,0,11,None,66,1,5,False,1000,1000
2368,33,unweighted_fl,10,0.0995222929936305,0,11,None,66,1,5,False,1000,1000
2369,34,unweighted_fl,10,0.0995222929936305,0,11,None,66,1,5,False,1000,1000
2370,30,unweighted_fl,10,0.0995222929936305,0,12,None,66,1,5,False,1000,1000
2371,31,unweighted_fl,10,0.0995222929936305,0,12,None,66,1,5,False,1000,1000
2372,32,unweighted_fl,10,0.0995222929936305,0,12,None,66,1,5,False,1000,1000
2373,33,unweighted_fl,10,0.0995222929936305,0,12,None,66,1,5,False,1000,1000
2374,34,unweighted_fl,10,0.0995222929936305,0,12,None,66,1,5,False,1000,1000
2375,30,unweighted_fl,10,0.0995222929936305,0,13,None,66,1,5,False,1000,1000
2376,31,unweighted_fl,10,0.0995222929936305,0,13,None,66,1,5,False,1000,1000
2377,32,unweighted_fl,10,0.0995222929936305,0,13,None,66,1,5,False,1000,1000
2378,33,unweighted_fl,10,0.0995222929936305,0,13,None,66,1,5,False,1000,1000
2379,34,unweighted_fl,10,0.0995222929936305,0,13,None,66,1,5,False,1000,1000
2380,30,unweighted_fl,10,0.0995222929936305,0,14,None,66,1,5,False,1000,1000
2381,31,unweighted_fl,10,0.0995222929936305,0,14,None,66,1,5,False,1000,1000
2382,32,unweighted_fl,10,0.0995222929936305,0,14,None,66,1,5,False,1000,1000
2383,33,unweighted_fl,10,0.0995222929936305,0,14,None,66,1,5,False,1000,1000
2384,34,unweighted_fl,10,0.0995222929936305,0,14,None,66,1,5,False,1000,1000
2385,30,unweighted_fl,10,0.0995222929936305,0,15,None,66,1,5,False,1000,1000
2386,31,unweighted_fl,10,0.0995222929936305,0,15,None,66,1,5,False,1000,1000
2387,32,unweighted_fl,10,0.0995222929936305,0,15,None,66,1,5,False,1000,1000
2388,33,unweighted_fl,10,0.0995222929936305,0,15,None,66,1,5,False,1000,1000
2389,34,unweighted_fl,10,0.0995222929936305,0,15,None,66,1,5,False,1000,1000
2390,30,unweighted_fl,10,0.0995222929936305,0,16,None,66,1,5,False,1000,1000
2391,31,unweighted_fl,10,0.0995222929936305,0,16,None,66,1,5,False,1000,1000
2392,32,unweighted_fl,10,0.0995222929936305,0,16,None,66,1,5,False,1000,1000
2393,33,unweighted_fl,10,0.0995222929936305,0,16,None,66,1,5,False,1000,1000
2394,34,unweighted_fl,10,0.0995222929936305,0,16,None,66,1,5,False,1000,1000
2395,30,unweighted_fl,10,0.0995222929936305,0,17,None,66,1,5,False,1000,1000
2396,31,unweighted_fl,10,0.0995222929936305,0,17,None,66,1,5,False,1000,1000
2397,32,unweighted_fl,10,0.0995222929936305,0,17,None,66,1,5,False,1000,1000
2398,33,unweighted_fl,10,0.0995222929936305,0,17,None,66,1,5,False,1000,1000
2399,34,unweighted_fl,10,0.0995222929936305,0,17,None,66,1,5,False,1000,1000
2400,30,unweighted_fl,10,0.0995222929936305,0,18,None,66,1,5,False,1000,1000
2401,31,unweighted_fl,10,0.1002189490445859,0,18,None,66,1,5,False,1000,1000
2402,32,unweighted_fl,10,0.0995222929936305,0,18,None,66,1,5,False,1000,1000
2403,33,unweighted_fl,10,0.0995222929936305,0,18,None,66,1,5,False,1000,1000
2404,34,unweighted_fl,10,0.0995222929936305,0,18,None,66,1,5,False,1000,1000
2405,30,unweighted_fl,10,0.1066878980891719,0,20,None,66,1,5,False,1000,1000
2406,31,unweighted_fl,10,0.0995222929936305,0,20,None,66,1,5,False,1000,1000
2407,32,unweighted_fl,10,0.0995222929936305,0,20,None,66,1,5,False,1000,1000
2408,33,unweighted_fl,10,0.0995222929936305,0,20,None,66,1,5,False,1000,1000
2409,34,unweighted_fl,10,0.0995222929936305,0,20,None,66,1,5,False,1000,1000
2410,30,unweighted_fl,10,0.0995222929936305,0,19,None,66,1,5,False,1000,1000
2411,31,unweighted_fl,10,0.0995222929936305,0,19,None,66,1,5,False,1000,1000
2412,32,unweighted_fl,10,0.0995222929936305,0,19,None,66,1,5,False,1000,1000
2413,33,unweighted_fl,10,0.0995222929936305,0,19,None,66,1,5,False,1000,1000
2414,34,unweighted_fl,10,0.0995222929936305,0,19,None,66,1,5,False,1000,1000
2415,30,unweighted_fl,10,0.0994227707006369,0,21,None,66,1,5,False,1000,1000
2416,31,unweighted_fl,10,0.0995222929936305,0,21,None,66,1,5,False,1000,1000
2417,32,unweighted_fl,10,0.0995222929936305,0,21,None,66,1,5,False,1000,1000
2418,33,unweighted_fl,10,0.0995222929936305,0,21,None,66,1,5,False,1000,1000
2419,34,unweighted_fl,10,0.0995222929936305,0,21,None,66,1,5,False,1000,1000
2420,30,unweighted_fl,10,0.0995222929936305,0,22,None,66,1,5,False,1000,1000
2421,31,unweighted_fl,10,0.0995222929936305,0,22,None,66,1,5,False,1000,1000
2422,32,unweighted_fl,10,0.0995222929936305,0,22,None,66,1,5,False,1000,1000
2423,33,unweighted_fl,10,0.0995222929936305,0,22,None,66,1,5,False,1000,1000
2424,34,unweighted_fl,10,0.0995222929936305,0,22,None,66,1,5,False,1000,1000
2425,30,unweighted_fl,10,0.0995222929936305,0,23,None,66,1,5,False,1000,1000
2426,31,unweighted_fl,10,0.0995222929936305,0,23,None,66,1,5,False,1000,1000
2427,32,unweighted_fl,10,0.0995222929936305,0,23,None,66,1,5,False,1000,1000
2428,33,unweighted_fl,10,0.0995222929936305,0,23,None,66,1,5,False,1000,1000
2429,34,unweighted_fl,10,0.0995222929936305,0,23,None,66,1,5,False,1000,1000
2430,30,unweighted_fl,10,0.1526671974522293,0,25,None,66,1,5,False,1000,1000
2431,31,unweighted_fl,10,0.0995222929936305,0,25,None,66,1,5,False,1000,1000
2432,32,unweighted_fl,10,0.0995222929936305,0,25,None,66,1,5,False,1000,1000
2433,33,unweighted_fl,10,0.0995222929936305,0,25,None,66,1,5,False,1000,1000
2434,34,unweighted_fl,10,0.0995222929936305,0,25,None,66,1,5,False,1000,1000
2435,30,unweighted_fl,10,0.0995222929936305,0,24,None,66,1,5,False,1000,1000
2436,31,unweighted_fl,10,0.0995222929936305,0,24,None,66,1,5,False,1000,1000
2437,32,unweighted_fl,10,0.1580414012738853,0,24,None,66,1,5,False,1000,1000
2438,33,unweighted_fl,10,0.0995222929936305,0,24,None,66,1,5,False,1000,1000
2439,34,unweighted_fl,10,0.0995222929936305,0,24,None,66,1,5,False,1000,1000
2440,30,unweighted_fl,10,0.0995222929936305,0,27,None,66,1,5,False,1000,1000
2441,31,unweighted_fl,10,0.0995222929936305,0,27,None,66,1,5,False,1000,1000
2442,32,unweighted_fl,10,0.0995222929936305,0,27,None,66,1,5,False,1000,1000
2443,33,unweighted_fl,10,0.0995222929936305,0,27,None,66,1,5,False,1000,1000
2444,34,unweighted_fl,10,0.0995222929936305,0,27,None,66,1,5,False,1000,1000
2445,30,unweighted_fl,10,0.0995222929936305,0,26,None,66,1,5,False,1000,1000
2446,31,unweighted_fl,10,0.0995222929936305,0,26,None,66,1,5,False,1000,1000
2447,32,unweighted_fl,10,0.0995222929936305,0,26,None,66,1,5,False,1000,1000
2448,33,unweighted_fl,10,0.0995222929936305,0,26,None,66,1,5,False,1000,1000
2449,34,unweighted_fl,10,0.0995222929936305,0,26,None,66,1,5,False,1000,1000
2450,30,unweighted_fl,10,0.0995222929936305,0,28,None,66,1,5,False,1000,1000
2451,31,unweighted_fl,10,0.0995222929936305,0,28,None,66,1,5,False,1000,1000
2452,32,unweighted_fl,10,0.0995222929936305,0,28,None,66,1,5,False,1000,1000
2453,33,unweighted_fl,10,0.0995222929936305,0,28,None,66,1,5,False,1000,1000
2454,34,unweighted_fl,10,0.0995222929936305,0,28,None,66,1,5,False,1000,1000
2455,30,unweighted_fl,10,0.0994227707006369,0,29,None,66,1,5,False,1000,1000
2456,31,unweighted_fl,10,0.0995222929936305,0,29,None,66,1,5,False,1000,1000
2457,32,unweighted_fl,10,0.0995222929936305,0,29,None,66,1,5,False,1000,1000
2458,33,unweighted_fl,10,0.0995222929936305,0,29,None,66,1,5,False,1000,1000
2459,34,unweighted_fl,10,0.0995222929936305,0,29,None,66,1,5,False,1000,1000
2460,30,unweighted_fl,10,0.0995222929936305,0,30,None,66,1,5,False,1000,1000
2461,31,unweighted_fl,10,0.0995222929936305,0,30,None,66,1,5,False,1000,1000
2462,32,unweighted_fl,10,0.0995222929936305,0,30,None,66,1,5,False,1000,1000
2463,33,unweighted_fl,10,0.0995222929936305,0,30,None,66,1,5,False,1000,1000
2464,34,unweighted_fl,10,0.0995222929936305,0,30,None,66,1,5,False,1000,1000
2465,30,unweighted_fl,10,0.0995222929936305,0,32,None,66,1,5,False,1000,1000
2466,31,unweighted_fl,10,0.0995222929936305,0,32,None,66,1,5,False,1000,1000
2467,32,unweighted_fl,10,0.0995222929936305,0,32,None,66,1,5,False,1000,1000
2468,33,unweighted_fl,10,0.0995222929936305,0,32,None,66,1,5,False,1000,1000
2469,34,unweighted_fl,10,0.0995222929936305,0,32,None,66,1,5,False,1000,1000
2470,30,unweighted_fl,10,0.0995222929936305,0,31,None,66,1,5,False,1000,1000
2471,31,unweighted_fl,10,0.0995222929936305,0,31,None,66,1,5,False,1000,1000
2472,32,unweighted_fl,10,0.0995222929936305,0,31,None,66,1,5,False,1000,1000
2473,33,unweighted_fl,10,0.0995222929936305,0,31,None,66,1,5,False,1000,1000
2474,34,unweighted_fl,10,0.0995222929936305,0,31,None,66,1,5,False,1000,1000
3630,35,unweighted_fl,10,0.0995222929936305,0,1,None,66,1,5,False,1000,1000
3631,36,unweighted_fl,10,0.0995222929936305,0,1,None,66,1,5,False,1000,1000
3632,37,unweighted_fl,10,0.0995222929936305,0,1,None,66,1,5,False,1000,1000
3633,38,unweighted_fl,10,0.0995222929936305,0,1,None,66,1,5,False,1000,1000
3634,39,unweighted_fl,10,0.0995222929936305,0,1,None,66,1,5,False,1000,1000
3635,35,unweighted_fl,10,0.0995222929936305,0,0,None,66,1,5,False,1000,1000
3636,36,unweighted_fl,10,0.1213176751592356,0,0,None,66,1,5,False,1000,1000
3637,37,unweighted_fl,10,0.0995222929936305,0,0,None,66,1,5,False,1000,1000
3638,38,unweighted_fl,10,0.0995222929936305,0,0,None,66,1,5,False,1000,1000
3639,39,unweighted_fl,10,0.0995222929936305,0,0,None,66,1,5,False,1000,1000
3640,35,unweighted_fl,10,0.0995222929936305,0,3,None,66,1,5,False,1000,1000
3641,36,unweighted_fl,10,0.0995222929936305,0,3,None,66,1,5,False,1000,1000
3642,37,unweighted_fl,10,0.0995222929936305,0,3,None,66,1,5,False,1000,1000
3643,38,unweighted_fl,10,0.1943670382165605,0,3,None,66,1,5,False,1000,1000
3644,39,unweighted_fl,10,0.0995222929936305,0,3,None,66,1,5,False,1000,1000
3645,35,unweighted_fl,10,0.0995222929936305,0,2,None,66,1,5,False,1000,1000
3646,36,unweighted_fl,10,0.0995222929936305,0,2,None,66,1,5,False,1000,1000
3647,37,unweighted_fl,10,0.0996218152866242,0,2,None,66,1,5,False,1000,1000
3648,38,unweighted_fl,10,0.0995222929936305,0,2,None,66,1,5,False,1000,1000
3649,39,unweighted_fl,10,0.0995222929936305,0,2,None,66,1,5,False,1000,1000
3650,35,unweighted_fl,10,0.1314689490445859,0,4,None,66,1,5,False,1000,1000
3651,36,unweighted_fl,10,0.0995222929936305,0,4,None,66,1,5,False,1000,1000
3652,37,unweighted_fl,10,0.0995222929936305,0,4,None,66,1,5,False,1000,1000
3653,38,unweighted_fl,10,0.0995222929936305,0,4,None,66,1,5,False,1000,1000
3654,39,unweighted_fl,10,0.0995222929936305,0,4,None,66,1,5,False,1000,1000
3655,35,unweighted_fl,10,0.0995222929936305,0,6,None,66,1,5,False,1000,1000
3656,36,unweighted_fl,10,0.0995222929936305,0,6,None,66,1,5,False,1000,1000
3657,37,unweighted_fl,10,0.0995222929936305,0,6,None,66,1,5,False,1000,1000
3658,38,unweighted_fl,10,0.0995222929936305,0,6,None,66,1,5,False,1000,1000
3659,39,unweighted_fl,10,0.0995222929936305,0,6,None,66,1,5,False,1000,1000
3660,35,unweighted_fl,10,0.0995222929936305,0,5,None,66,1,5,False,1000,1000
3661,36,unweighted_fl,10,0.1577428343949044,0,5,None,66,1,5,False,1000,1000
3662,37,unweighted_fl,10,0.1692874203821656,0,5,None,66,1,5,False,1000,1000
3663,38,unweighted_fl,10,0.1763535031847133,0,5,None,66,1,5,False,1000,1000
3664,39,unweighted_fl,10,0.1758558917197452,0,5,None,66,1,5,False,1000,1000
3665,35,unweighted_fl,10,0.0995222929936305,0,7,None,66,1,5,False,1000,1000
3666,36,unweighted_fl,10,0.0995222929936305,0,7,None,66,1,5,False,1000,1000
3667,37,unweighted_fl,10,0.0995222929936305,0,7,None,66,1,5,False,1000,1000
3668,38,unweighted_fl,10,0.0995222929936305,0,7,None,66,1,5,False,1000,1000
3669,39,unweighted_fl,10,0.0995222929936305,0,7,None,66,1,5,False,1000,1000
3670,35,unweighted_fl,10,0.0995222929936305,0,8,None,66,1,5,False,1000,1000
3671,36,unweighted_fl,10,0.0995222929936305,0,8,None,66,1,5,False,1000,1000
3672,37,unweighted_fl,10,0.0995222929936305,0,8,None,66,1,5,False,1000,1000
3673,38,unweighted_fl,10,0.0995222929936305,0,8,None,66,1,5,False,1000,1000
3674,39,unweighted_fl,10,0.0995222929936305,0,8,None,66,1,5,False,1000,1000
3675,35,unweighted_fl,10,0.0995222929936305,0,9,None,66,1,5,False,1000,1000
3676,36,unweighted_fl,10,0.0995222929936305,0,9,None,66,1,5,False,1000,1000
3677,37,unweighted_fl,10,0.0995222929936305,0,9,None,66,1,5,False,1000,1000
3678,38,unweighted_fl,10,0.0995222929936305,0,9,None,66,1,5,False,1000,1000
3679,39,unweighted_fl,10,0.0995222929936305,0,9,None,66,1,5,False,1000,1000
3680,35,unweighted_fl,10,0.0995222929936305,0,10,None,66,1,5,False,1000,1000
3681,36,unweighted_fl,10,0.0995222929936305,0,10,None,66,1,5,False,1000,1000
3682,37,unweighted_fl,10,0.0995222929936305,0,10,None,66,1,5,False,1000,1000
3683,38,unweighted_fl,10,0.0995222929936305,0,10,None,66,1,5,False,1000,1000
3684,39,unweighted_fl,10,0.0995222929936305,0,10,None,66,1,5,False,1000,1000
3685,35,unweighted_fl,10,0.0995222929936305,0,11,None,66,1,5,False,1000,1000
3686,36,unweighted_fl,10,0.0995222929936305,0,11,None,66,1,5,False,1000,1000
3687,37,unweighted_fl,10,0.0995222929936305,0,11,None,66,1,5,False,1000,1000
3688,38,unweighted_fl,10,0.0995222929936305,0,11,None,66,1,5,False,1000,1000
3689,39,unweighted_fl,10,0.0995222929936305,0,11,None,66,1,5,False,1000,1000
3690,35,unweighted_fl,10,0.0995222929936305,0,12,None,66,1,5,False,1000,1000
3691,36,unweighted_fl,10,0.0995222929936305,0,12,None,66,1,5,False,1000,1000
3692,37,unweighted_fl,10,0.0995222929936305,0,12,None,66,1,5,False,1000,1000
3693,38,unweighted_fl,10,0.0995222929936305,0,12,None,66,1,5,False,1000,1000
3694,39,unweighted_fl,10,0.0995222929936305,0,12,None,66,1,5,False,1000,1000
3695,35,unweighted_fl,10,0.1757563694267516,0,13,None,66,1,5,False,1000,1000
3696,36,unweighted_fl,10,0.0995222929936305,0,13,None,66,1,5,False,1000,1000
3697,37,unweighted_fl,10,0.0995222929936305,0,13,None,66,1,5,False,1000,1000
3698,38,unweighted_fl,10,0.0995222929936305,0,13,None,66,1,5,False,1000,1000
3699,39,unweighted_fl,10,0.0995222929936305,0,13,None,66,1,5,False,1000,1000
3700,35,unweighted_fl,10,0.0995222929936305,0,15,None,66,1,5,False,1000,1000
3701,36,unweighted_fl,10,0.0996218152866242,0,15,None,66,1,5,False,1000,1000
3702,37,unweighted_fl,10,0.0995222929936305,0,15,None,66,1,5,False,1000,1000
3703,38,unweighted_fl,10,0.0995222929936305,0,15,None,66,1,5,False,1000,1000
3704,39,unweighted_fl,10,0.0995222929936305,0,15,None,66,1,5,False,1000,1000
3705,35,unweighted_fl,10,0.0995222929936305,0,14,None,66,1,5,False,1000,1000
3706,36,unweighted_fl,10,0.0995222929936305,0,14,None,66,1,5,False,1000,1000
3707,37,unweighted_fl,10,0.0995222929936305,0,14,None,66,1,5,False,1000,1000
3708,38,unweighted_fl,10,0.0995222929936305,0,14,None,66,1,5,False,1000,1000
3709,39,unweighted_fl,10,0.0995222929936305,0,14,None,66,1,5,False,1000,1000
3710,35,unweighted_fl,10,0.0995222929936305,0,16,None,66,1,5,False,1000,1000
3711,36,unweighted_fl,10,0.0995222929936305,0,16,None,66,1,5,False,1000,1000
3712,37,unweighted_fl,10,0.0995222929936305,0,16,None,66,1,5,False,1000,1000
3713,38,unweighted_fl,10,0.0995222929936305,0,16,None,66,1,5,False,1000,1000
3714,39,unweighted_fl,10,0.0995222929936305,0,16,None,66,1,5,False,1000,1000
3715,35,unweighted_fl,10,0.0995222929936305,0,17,None,66,1,5,False,1000,1000
3716,36,unweighted_fl,10,0.0995222929936305,0,17,None,66,1,5,False,1000,1000
3717,37,unweighted_fl,10,0.0995222929936305,0,17,None,66,1,5,False,1000,1000
3718,38,unweighted_fl,10,0.0995222929936305,0,17,None,66,1,5,False,1000,1000
3719,39,unweighted_fl,10,0.1890923566878981,0,17,None,66,1,5,False,1000,1000
3720,35,unweighted_fl,10,0.0995222929936305,0,18,None,66,1,5,False,1000,1000
3721,36,unweighted_fl,10,0.1150477707006369,0,18,None,66,1,5,False,1000,1000
3722,37,unweighted_fl,10,0.0995222929936305,0,18,None,66,1,5,False,1000,1000
3723,38,unweighted_fl,10,0.0995222929936305,0,18,None,66,1,5,False,1000,1000
3724,39,unweighted_fl,10,0.0995222929936305,0,18,None,66,1,5,False,1000,1000
3725,35,unweighted_fl,10,0.0995222929936305,0,20,None,66,1,5,False,1000,1000
3726,36,unweighted_fl,10,0.0995222929936305,0,20,None,66,1,5,False,1000,1000
3727,37,unweighted_fl,10,0.0995222929936305,0,20,None,66,1,5,False,1000,1000
3728,38,unweighted_fl,10,0.0995222929936305,0,20,None,66,1,5,False,1000,1000
3729,39,unweighted_fl,10,0.0995222929936305,0,20,None,66,1,5,False,1000,1000
3730,35,unweighted_fl,10,0.0995222929936305,0,19,None,66,1,5,False,1000,1000
3731,36,unweighted_fl,10,0.0995222929936305,0,19,None,66,1,5,False,1000,1000
3732,37,unweighted_fl,10,0.0995222929936305,0,19,None,66,1,5,False,1000,1000
3733,38,unweighted_fl,10,0.0995222929936305,0,19,None,66,1,5,False,1000,1000
3734,39,unweighted_fl,10,0.0995222929936305,0,19,None,66,1,5,False,1000,1000
3735,35,unweighted_fl,10,0.1207205414012738,0,21,None,66,1,5,False,1000,1000
3736,36,unweighted_fl,10,0.0995222929936305,0,21,None,66,1,5,False,1000,1000
3737,37,unweighted_fl,10,0.0995222929936305,0,21,None,66,1,5,False,1000,1000
3738,38,unweighted_fl,10,0.0995222929936305,0,21,None,66,1,5,False,1000,1000
3739,39,unweighted_fl,10,0.0995222929936305,0,21,None,66,1,5,False,1000,1000
3740,35,unweighted_fl,10,0.0995222929936305,0,23,None,66,1,5,False,1000,1000
3741,36,unweighted_fl,10,0.0995222929936305,0,23,None,66,1,5,False,1000,1000
3742,37,unweighted_fl,10,0.0995222929936305,0,23,None,66,1,5,False,1000,1000
3743,38,unweighted_fl,10,0.0995222929936305,0,23,None,66,1,5,False,1000,1000
3744,39,unweighted_fl,10,0.0995222929936305,0,23,None,66,1,5,False,1000,1000
3745,35,unweighted_fl,10,0.0995222929936305,0,22,None,66,1,5,False,1000,1000
3746,36,unweighted_fl,10,0.0995222929936305,0,22,None,66,1,5,False,1000,1000
3747,37,unweighted_fl,10,0.0995222929936305,0,22,None,66,1,5,False,1000,1000
3748,38,unweighted_fl,10,0.0995222929936305,0,22,None,66,1,5,False,1000,1000
3749,39,unweighted_fl,10,0.0995222929936305,0,22,None,66,1,5,False,1000,1000
3750,35,unweighted_fl,10,0.0995222929936305,0,25,None,66,1,5,False,1000,1000
3751,36,unweighted_fl,10,0.1793391719745223,0,25,None,66,1,5,False,1000,1000
3752,37,unweighted_fl,10,0.0995222929936305,0,25,None,66,1,5,False,1000,1000
3753,38,unweighted_fl,10,0.0995222929936305,0,25,None,66,1,5,False,1000,1000
3754,39,unweighted_fl,10,0.0995222929936305,0,25,None,66,1,5,False,1000,1000
3755,35,unweighted_fl,10,0.0995222929936305,0,24,None,66,1,5,False,1000,1000
3756,36,unweighted_fl,10,0.0995222929936305,0,24,None,66,1,5,False,1000,1000
3757,37,unweighted_fl,10,0.0995222929936305,0,24,None,66,1,5,False,1000,1000
3758,38,unweighted_fl,10,0.1356488853503184,0,24,None,66,1,5,False,1000,1000
3759,39,unweighted_fl,10,0.0995222929936305,0,24,None,66,1,5,False,1000,1000
3760,35,unweighted_fl,10,0.0995222929936305,0,27,None,66,1,5,False,1000,1000
3761,36,unweighted_fl,10,0.0995222929936305,0,27,None,66,1,5,False,1000,1000
3762,37,unweighted_fl,10,0.0995222929936305,0,27,None,66,1,5,False,1000,1000
3763,38,unweighted_fl,10,0.0995222929936305,0,27,None,66,1,5,False,1000,1000
3764,39,unweighted_fl,10,0.0995222929936305,0,27,None,66,1,5,False,1000,1000
3765,35,unweighted_fl,10,0.0996218152866242,0,26,None,66,1,5,False,1000,1000
3766,36,unweighted_fl,10,0.0995222929936305,0,26,None,66,1,5,False,1000,1000
3767,37,unweighted_fl,10,0.0995222929936305,0,26,None,66,1,5,False,1000,1000
3768,38,unweighted_fl,10,0.0995222929936305,0,26,None,66,1,5,False,1000,1000
3769,39,unweighted_fl,10,0.0995222929936305,0,26,None,66,1,5,False,1000,1000
3770,35,unweighted_fl,10,0.0995222929936305,0,28,None,66,1,5,False,1000,1000
3771,36,unweighted_fl,10,0.0995222929936305,0,28,None,66,1,5,False,1000,1000
3772,37,unweighted_fl,10,0.0995222929936305,0,28,None,66,1,5,False,1000,1000
3773,38,unweighted_fl,10,0.0995222929936305,0,28,None,66,1,5,False,1000,1000
3774,39,unweighted_fl,10,0.0995222929936305,0,28,None,66,1,5,False,1000,1000
3775,35,unweighted_fl,10,0.0995222929936305,0,29,None,66,1,5,False,1000,1000
3776,36,unweighted_fl,10,0.0995222929936305,0,29,None,66,1,5,False,1000,1000
3777,37,unweighted_fl,10,0.0995222929936305,0,29,None,66,1,5,False,1000,1000
3778,38,unweighted_fl,10,0.0995222929936305,0,29,None,66,1,5,False,1000,1000
3779,39,unweighted_fl,10,0.0995222929936305,0,29,None,66,1,5,False,1000,1000
3780,35,unweighted_fl,10,0.0995222929936305,0,30,None,66,1,5,False,1000,1000
3781,36,unweighted_fl,10,0.0995222929936305,0,30,None,66,1,5,False,1000,1000
3782,37,unweighted_fl,10,0.0995222929936305,0,30,None,66,1,5,False,1000,1000
3783,38,unweighted_fl,10,0.0995222929936305,0,30,None,66,1,5,False,1000,1000
3784,39,unweighted_fl,10,0.0995222929936305,0,30,None,66,1,5,False,1000,1000
3785,35,unweighted_fl,10,0.0995222929936305,0,31,None,66,1,5,False,1000,1000
3786,36,unweighted_fl,10,0.0995222929936305,0,31,None,66,1,5,False,1000,1000
3787,37,unweighted_fl,10,0.0995222929936305,0,31,None,66,1,5,False,1000,1000
3788,38,unweighted_fl,10,0.0995222929936305,0,31,None,66,1,5,False,1000,1000
3789,39,unweighted_fl,10,0.0995222929936305,0,31,None,66,1,5,False,1000,1000
3790,35,unweighted_fl,10,0.0995222929936305,0,32,None,66,1,5,False,1000,1000
3791,36,unweighted_fl,10,0.0995222929936305,0,32,None,66,1,5,False,1000,1000
3792,37,unweighted_fl,10,0.0995222929936305,0,32,None,66,1,5,False,1000,1000
3793,38,unweighted_fl,10,0.0995222929936305,0,32,None,66,1,5,False,1000,1000
3794,39,unweighted_fl,10,0.0995222929936305,0,32,None,66,1,5,False,1000,1000
3795,40,unweighted_fl,10,0.0995222929936305,0,1,None,66,1,5,False,1000,1000
3796,41,unweighted_fl,10,0.0995222929936305,0,1,None,66,1,5,False,1000,1000
3797,42,unweighted_fl,10,0.0995222929936305,0,1,None,66,1,5,False,1000,1000
3798,43,unweighted_fl,10,0.0995222929936305,0,1,None,66,1,5,False,1000,1000
3799,44,unweighted_fl,10,0.0995222929936305,0,1,None,66,1,5,False,1000,1000
3800,40,unweighted_fl,10,0.0995222929936305,0,0,None,66,1,5,False,1000,1000
3801,41,unweighted_fl,10,0.1540605095541401,0,0,None,66,1,5,False,1000,1000
3802,42,unweighted_fl,10,0.0995222929936305,0,0,None,66,1,5,False,1000,1000
3803,43,unweighted_fl,10,0.0995222929936305,0,0,None,66,1,5,False,1000,1000
3804,44,unweighted_fl,10,0.0995222929936305,0,0,None,66,1,5,False,1000,1000
3805,40,unweighted_fl,10,0.1760549363057325,0,2,None,66,1,5,False,1000,1000
3806,41,unweighted_fl,10,0.1165406050955414,0,2,None,66,1,5,False,1000,1000
3807,42,unweighted_fl,10,0.1237062101910828,0,2,None,66,1,5,False,1000,1000
3808,43,unweighted_fl,10,0.0995222929936305,0,2,None,66,1,5,False,1000,1000
3809,44,unweighted_fl,10,0.0995222929936305,0,2,None,66,1,5,False,1000,1000
3810,40,unweighted_fl,10,0.0995222929936305,0,3,None,66,1,5,False,1000,1000
3811,41,unweighted_fl,10,0.0995222929936305,0,3,None,66,1,5,False,1000,1000
3812,42,unweighted_fl,10,0.0995222929936305,0,3,None,66,1,5,False,1000,1000
3813,43,unweighted_fl,10,0.0995222929936305,0,3,None,66,1,5,False,1000,1000
3814,44,unweighted_fl,10,0.1026074840764331,0,3,None,66,1,5,False,1000,1000
3815,40,unweighted_fl,10,0.1848128980891719,0,4,None,66,1,5,False,1000,1000
3816,41,unweighted_fl,10,0.0995222929936305,0,4,None,66,1,5,False,1000,1000
3817,42,unweighted_fl,10,0.0995222929936305,0,4,None,66,1,5,False,1000,1000
3818,43,unweighted_fl,10,0.0995222929936305,0,4,None,66,1,5,False,1000,1000
3819,44,unweighted_fl,10,0.0995222929936305,0,4,None,66,1,5,False,1000,1000
3820,40,unweighted_fl,10,0.1839171974522293,0,6,None,66,1,5,False,1000,1000
3821,41,unweighted_fl,10,0.0995222929936305,0,6,None,66,1,5,False,1000,1000
3822,42,unweighted_fl,10,0.0995222929936305,0,6,None,66,1,5,False,1000,1000
3823,43,unweighted_fl,10,0.0995222929936305,0,6,None,66,1,5,False,1000,1000
3824,44,unweighted_fl,10,0.0995222929936305,0,6,None,66,1,5,False,1000,1000
3825,40,unweighted_fl,10,0.0995222929936305,0,5,None,66,1,5,False,1000,1000
3826,41,unweighted_fl,10,0.0995222929936305,0,5,None,66,1,5,False,1000,1000
3827,42,unweighted_fl,10,0.0995222929936305,0,5,None,66,1,5,False,1000,1000
3828,43,unweighted_fl,10,0.0995222929936305,0,5,None,66,1,5,False,1000,1000
3829,44,unweighted_fl,10,0.0995222929936305,0,5,None,66,1,5,False,1000,1000
3830,40,unweighted_fl,10,0.0995222929936305,0,7,None,66,1,5,False,1000,1000
3831,41,unweighted_fl,10,0.0995222929936305,0,7,None,66,1,5,False,1000,1000
3832,42,unweighted_fl,10,0.0995222929936305,0,7,None,66,1,5,False,1000,1000
3833,43,unweighted_fl,10,0.0995222929936305,0,7,None,66,1,5,False,1000,1000
3834,44,unweighted_fl,10,0.0995222929936305,0,7,None,66,1,5,False,1000,1000
3835,40,unweighted_fl,10,0.0995222929936305,0,9,None,66,1,5,False,1000,1000
3836,41,unweighted_fl,10,0.0995222929936305,0,9,None,66,1,5,False,1000,1000
3837,42,unweighted_fl,10,0.0995222929936305,0,9,None,66,1,5,False,1000,1000
3838,43,unweighted_fl,10,0.0995222929936305,0,9,None,66,1,5,False,1000,1000
3839,44,unweighted_fl,10,0.0995222929936305,0,9,None,66,1,5,False,1000,1000
3840,40,unweighted_fl,10,0.0995222929936305,0,8,None,66,1,5,False,1000,1000
3841,41,unweighted_fl,10,0.0995222929936305,0,8,None,66,1,5,False,1000,1000
3842,42,unweighted_fl,10,0.0995222929936305,0,8,None,66,1,5,False,1000,1000
3843,43,unweighted_fl,10,0.0995222929936305,0,8,None,66,1,5,False,1000,1000
3844,44,unweighted_fl,10,0.0995222929936305,0,8,None,66,1,5,False,1000,1000
3845,40,unweighted_fl,10,0.0995222929936305,0,11,None,66,1,5,False,1000,1000
3846,41,unweighted_fl,10,0.0995222929936305,0,11,None,66,1,5,False,1000,1000
3847,42,unweighted_fl,10,0.0995222929936305,0,11,None,66,1,5,False,1000,1000
3848,43,unweighted_fl,10,0.0995222929936305,0,11,None,66,1,5,False,1000,1000
3849,44,unweighted_fl,10,0.0995222929936305,0,11,None,66,1,5,False,1000,1000
3850,40,unweighted_fl,10,0.0995222929936305,0,10,None,66,1,5,False,1000,1000
3851,41,unweighted_fl,10,0.0995222929936305,0,10,None,66,1,5,False,1000,1000
3852,42,unweighted_fl,10,0.0995222929936305,0,10,None,66,1,5,False,1000,1000
3853,43,unweighted_fl,10,0.0995222929936305,0,10,None,66,1,5,False,1000,1000
3854,44,unweighted_fl,10,0.0995222929936305,0,10,None,66,1,5,False,1000,1000
3855,40,unweighted_fl,10,0.0995222929936305,0,13,None,66,1,5,False,1000,1000
3856,41,unweighted_fl,10,0.1319665605095541,0,13,None,66,1,5,False,1000,1000
3857,42,unweighted_fl,10,0.0995222929936305,0,13,None,66,1,5,False,1000,1000
3858,43,unweighted_fl,10,0.0995222929936305,0,13,None,66,1,5,False,1000,1000
3859,44,unweighted_fl,10,0.0995222929936305,0,13,None,66,1,5,False,1000,1000
3860,40,unweighted_fl,10,0.0995222929936305,0,12,None,66,1,5,False,1000,1000
3861,41,unweighted_fl,10,0.0995222929936305,0,12,None,66,1,5,False,1000,1000
3862,42,unweighted_fl,10,0.0995222929936305,0,12,None,66,1,5,False,1000,1000
3863,43,unweighted_fl,10,0.0995222929936305,0,12,None,66,1,5,False,1000,1000
3864,44,unweighted_fl,10,0.0995222929936305,0,12,None,66,1,5,False,1000,1000
3865,40,unweighted_fl,10,0.0995222929936305,0,15,None,66,1,5,False,1000,1000
3866,41,unweighted_fl,10,0.1152468152866242,0,15,None,66,1,5,False,1000,1000
3867,42,unweighted_fl,10,0.0995222929936305,0,15,None,66,1,5,False,1000,1000
3868,43,unweighted_fl,10,0.0995222929936305,0,15,None,66,1,5,False,1000,1000
3869,44,unweighted_fl,10,0.0995222929936305,0,15,None,66,1,5,False,1000,1000
3870,40,unweighted_fl,10,0.0996218152866242,0,14,None,66,1,5,False,1000,1000
3871,41,unweighted_fl,10,0.0995222929936305,0,14,None,66,1,5,False,1000,1000
3872,42,unweighted_fl,10,0.0995222929936305,0,14,None,66,1,5,False,1000,1000
3873,43,unweighted_fl,10,0.0995222929936305,0,14,None,66,1,5,False,1000,1000
3874,44,unweighted_fl,10,0.0995222929936305,0,14,None,66,1,5,False,1000,1000
3875,40,unweighted_fl,10,0.0995222929936305,0,17,None,66,1,5,False,1000,1000
3876,41,unweighted_fl,10,0.0995222929936305,0,17,None,66,1,5,False,1000,1000
3877,42,unweighted_fl,10,0.0995222929936305,0,17,None,66,1,5,False,1000,1000
3878,43,unweighted_fl,10,0.0995222929936305,0,17,None,66,1,5,False,1000,1000
3879,44,unweighted_fl,10,0.0995222929936305,0,17,None,66,1,5,False,1000,1000
3880,40,unweighted_fl,10,0.0996218152866242,0,16,None,66,1,5,False,1000,1000
3881,41,unweighted_fl,10,0.0995222929936305,0,16,None,66,1,5,False,1000,1000
3882,42,unweighted_fl,10,0.0995222929936305,0,16,None,66,1,5,False,1000,1000
3883,43,unweighted_fl,10,0.0995222929936305,0,16,None,66,1,5,False,1000,1000
3884,44,unweighted_fl,10,0.0995222929936305,0,16,None,66,1,5,False,1000,1000
3885,40,unweighted_fl,10,0.0995222929936305,0,18,None,66,1,5,False,1000,1000
3886,41,unweighted_fl,10,0.0995222929936305,0,18,None,66,1,5,False,1000,1000
3887,42,unweighted_fl,10,0.0995222929936305,0,18,None,66,1,5,False,1000,1000
3888,43,unweighted_fl,10,0.0995222929936305,0,18,None,66,1,5,False,1000,1000
3889,44,unweighted_fl,10,0.0995222929936305,0,18,None,66,1,5,False,1000,1000
3890,40,unweighted_fl,10,0.0995222929936305,0,19,None,66,1,5,False,1000,1000
3891,41,unweighted_fl,10,0.0995222929936305,0,19,None,66,1,5,False,1000,1000
3892,42,unweighted_fl,10,0.0995222929936305,0,19,None,66,1,5,False,1000,1000
3893,43,unweighted_fl,10,0.0995222929936305,0,19,None,66,1,5,False,1000,1000
3894,44,unweighted_fl,10,0.0995222929936305,0,19,None,66,1,5,False,1000,1000
3895,40,unweighted_fl,10,0.0995222929936305,0,20,None,66,1,5,False,1000,1000
3896,41,unweighted_fl,10,0.0995222929936305,0,20,None,66,1,5,False,1000,1000
3897,42,unweighted_fl,10,0.0995222929936305,0,20,None,66,1,5,False,1000,1000
3898,43,unweighted_fl,10,0.0995222929936305,0,20,None,66,1,5,False,1000,1000
3899,44,unweighted_fl,10,0.0995222929936305,0,20,None,66,1,5,False,1000,1000
3900,40,unweighted_fl,10,0.0995222929936305,0,21,None,66,1,5,False,1000,1000
3901,41,unweighted_fl,10,0.0995222929936305,0,21,None,66,1,5,False,1000,1000
3902,42,unweighted_fl,10,0.0995222929936305,0,21,None,66,1,5,False,1000,1000
3903,43,unweighted_fl,10,0.0995222929936305,0,21,None,66,1,5,False,1000,1000
3904,44,unweighted_fl,10,0.0995222929936305,0,21,None,66,1,5,False,1000,1000
3905,40,unweighted_fl,10,0.1809315286624203,0,22,None,66,1,5,False,1000,1000
3906,41,unweighted_fl,10,0.0995222929936305,0,22,None,66,1,5,False,1000,1000
3907,42,unweighted_fl,10,0.0995222929936305,0,22,None,66,1,5,False,1000,1000
3908,43,unweighted_fl,10,0.0995222929936305,0,22,None,66,1,5,False,1000,1000
3909,44,unweighted_fl,10,0.0995222929936305,0,22,None,66,1,5,False,1000,1000
3910,40,unweighted_fl,10,0.0995222929936305,0,24,None,66,1,5,False,1000,1000
3911,41,unweighted_fl,10,0.0995222929936305,0,24,None,66,1,5,False,1000,1000
3912,42,unweighted_fl,10,0.0995222929936305,0,24,None,66,1,5,False,1000,1000
3913,43,unweighted_fl,10,0.0995222929936305,0,24,None,66,1,5,False,1000,1000
3914,44,unweighted_fl,10,0.151671974522293,0,24,None,66,1,5,False,1000,1000
3915,40,unweighted_fl,10,0.0995222929936305,0,23,None,66,1,5,False,1000,1000
3916,41,unweighted_fl,10,0.0995222929936305,0,23,None,66,1,5,False,1000,1000
3917,42,unweighted_fl,10,0.0995222929936305,0,23,None,66,1,5,False,1000,1000
3918,43,unweighted_fl,10,0.0995222929936305,0,23,None,66,1,5,False,1000,1000
3919,44,unweighted_fl,10,0.0995222929936305,0,23,None,66,1,5,False,1000,1000
3920,40,unweighted_fl,10,0.1058917197452229,0,25,None,66,1,5,False,1000,1000
3921,41,unweighted_fl,10,0.1443073248407643,0,25,None,66,1,5,False,1000,1000
3922,42,unweighted_fl,10,0.1044984076433121,0,25,None,66,1,5,False,1000,1000
3923,43,unweighted_fl,10,0.0995222929936305,0,25,None,66,1,5,False,1000,1000
3924,44,unweighted_fl,10,0.0995222929936305,0,25,None,66,1,5,False,1000,1000
3925,40,unweighted_fl,10,0.0995222929936305,0,26,None,66,1,5,False,1000,1000
3926,41,unweighted_fl,10,0.0995222929936305,0,26,None,66,1,5,False,1000,1000
3927,42,unweighted_fl,10,0.0995222929936305,0,26,None,66,1,5,False,1000,1000
3928,43,unweighted_fl,10,0.0995222929936305,0,26,None,66,1,5,False,1000,1000
3929,44,unweighted_fl,10,0.0995222929936305,0,26,None,66,1,5,False,1000,1000
3930,40,unweighted_fl,10,0.0995222929936305,0,27,None,66,1,5,False,1000,1000
3931,41,unweighted_fl,10,0.0995222929936305,0,27,None,66,1,5,False,1000,1000
3932,42,unweighted_fl,10,0.0995222929936305,0,27,None,66,1,5,False,1000,1000
3933,43,unweighted_fl,10,0.0995222929936305,0,27,None,66,1,5,False,1000,1000
3934,44,unweighted_fl,10,0.0995222929936305,0,27,None,66,1,5,False,1000,1000
3935,40,unweighted_fl,10,0.0995222929936305,0,28,None,66,1,5,False,1000,1000
3936,41,unweighted_fl,10,0.0995222929936305,0,28,None,66,1,5,False,1000,1000
3937,42,unweighted_fl,10,0.0995222929936305,0,28,None,66,1,5,False,1000,1000
3938,43,unweighted_fl,10,0.0995222929936305,0,28,None,66,1,5,False,1000,1000
3939,44,unweighted_fl,10,0.0995222929936305,0,28,None,66,1,5,False,1000,1000
3940,40,unweighted_fl,10,0.0995222929936305,0,29,None,66,1,5,False,1000,1000
3941,41,unweighted_fl,10,0.0995222929936305,0,29,None,66,1,5,False,1000,1000
3942,42,unweighted_fl,10,0.0995222929936305,0,29,None,66,1,5,False,1000,1000
3943,43,unweighted_fl,10,0.0995222929936305,0,29,None,66,1,5,False,1000,1000
3944,44,unweighted_fl,10,0.0995222929936305,0,29,None,66,1,5,False,1000,1000
3945,40,unweighted_fl,10,0.0995222929936305,0,31,None,66,1,5,False,1000,1000
3946,41,unweighted_fl,10,0.0995222929936305,0,31,None,66,1,5,False,1000,1000
3947,42,unweighted_fl,10,0.0995222929936305,0,31,None,66,1,5,False,1000,1000
3948,43,unweighted_fl,10,0.0995222929936305,0,31,None,66,1,5,False,1000,1000
3949,44,unweighted_fl,10,0.0995222929936305,0,31,None,66,1,5,False,1000,1000
3950,40,unweighted_fl,10,0.0995222929936305,0,30,None,66,1,5,False,1000,1000
3951,41,unweighted_fl,10,0.0995222929936305,0,30,None,66,1,5,False,1000,1000
3952,42,unweighted_fl,10,0.0995222929936305,0,30,None,66,1,5,False,1000,1000
3953,43,unweighted_fl,10,0.0995222929936305,0,30,None,66,1,5,False,1000,1000
3954,44,unweighted_fl,10,0.0995222929936305,0,30,None,66,1,5,False,1000,1000
3955,40,unweighted_fl,10,0.0995222929936305,0,32,None,66,1,5,False,1000,1000
3956,41,unweighted_fl,10,0.0995222929936305,0,32,None,66,1,5,False,1000,1000
3957,42,unweighted_fl,10,0.0995222929936305,0,32,None,66,1,5,False,1000,1000
3958,43,unweighted_fl,10,0.0995222929936305,0,32,None,66,1,5,False,1000,1000
3959,44,unweighted_fl,10,0.0995222929936305,0,32,None,66,1,5,False,1000,1000
4125,45,unweighted_fl,10,0.0995222929936305,0,1,None,66,1,5,False,1000,1000
4126,46,unweighted_fl,10,0.0995222929936305,0,1,None,66,1,5,False,1000,1000
4127,47,unweighted_fl,10,0.0995222929936305,0,1,None,66,1,5,False,1000,1000
4128,48,unweighted_fl,10,0.0995222929936305,0,1,None,66,1,5,False,1000,1000
4129,49,unweighted_fl,10,0.0995222929936305,0,1,None,66,1,5,False,1000,1000
4130,45,unweighted_fl,10,0.0995222929936305,0,0,None,66,1,5,False,1000,1000
4131,46,unweighted_fl,10,0.114749203821656,0,0,None,66,1,5,False,1000,1000
4132,47,unweighted_fl,10,0.0995222929936305,0,0,None,66,1,5,False,1000,1000
4133,48,unweighted_fl,10,0.0995222929936305,0,0,None,66,1,5,False,1000,1000
4134,49,unweighted_fl,10,0.0995222929936305,0,0,None,66,1,5,False,1000,1000
4135,45,unweighted_fl,10,0.0995222929936305,0,2,None,66,1,5,False,1000,1000
4136,46,unweighted_fl,10,0.1469944267515923,0,2,None,66,1,5,False,1000,1000
4137,47,unweighted_fl,10,0.1740644904458598,0,2,None,66,1,5,False,1000,1000
4138,48,unweighted_fl,10,0.0995222929936305,0,2,None,66,1,5,False,1000,1000
4139,49,unweighted_fl,10,0.0995222929936305,0,2,None,66,1,5,False,1000,1000
4140,45,unweighted_fl,10,0.0995222929936305,0,3,None,66,1,5,False,1000,1000
4141,46,unweighted_fl,10,0.0995222929936305,0,3,None,66,1,5,False,1000,1000
4142,47,unweighted_fl,10,0.0995222929936305,0,3,None,66,1,5,False,1000,1000
4143,48,unweighted_fl,10,0.0995222929936305,0,3,None,66,1,5,False,1000,1000
4144,49,unweighted_fl,10,0.1644108280254777,0,3,None,66,1,5,False,1000,1000
4145,45,unweighted_fl,10,0.1260947452229299,0,4,None,66,1,5,False,1000,1000
4146,46,unweighted_fl,10,0.0995222929936305,0,4,None,66,1,5,False,1000,1000
4147,47,unweighted_fl,10,0.0995222929936305,0,4,None,66,1,5,False,1000,1000
4148,48,unweighted_fl,10,0.0995222929936305,0,4,None,66,1,5,False,1000,1000
4149,49,unweighted_fl,10,0.0995222929936305,0,4,None,66,1,5,False,1000,1000
4150,45,unweighted_fl,10,0.1514729299363057,0,6,None,66,1,5,False,1000,1000
4151,46,unweighted_fl,10,0.0995222929936305,0,6,None,66,1,5,False,1000,1000
4152,47,unweighted_fl,10,0.0995222929936305,0,6,None,66,1,5,False,1000,1000
4153,48,unweighted_fl,10,0.0995222929936305,0,6,None,66,1,5,False,1000,1000
4154,49,unweighted_fl,10,0.0995222929936305,0,6,None,66,1,5,False,1000,1000
4155,45,unweighted_fl,10,0.0995222929936305,0,5,None,66,1,5,False,1000,1000
4156,46,unweighted_fl,10,0.0995222929936305,0,5,None,66,1,5,False,1000,1000
4157,47,unweighted_fl,10,0.1056926751592356,0,5,None,66,1,5,False,1000,1000
4158,48,unweighted_fl,10,0.0995222929936305,0,5,None,66,1,5,False,1000,1000
4159,49,unweighted_fl,10,0.0995222929936305,0,5,None,66,1,5,False,1000,1000
4160,45,unweighted_fl,10,0.0995222929936305,0,7,None,66,1,5,False,1000,1000
4161,46,unweighted_fl,10,0.0995222929936305,0,7,None,66,1,5,False,1000,1000
4162,47,unweighted_fl,10,0.0995222929936305,0,7,None,66,1,5,False,1000,1000
4163,48,unweighted_fl,10,0.0995222929936305,0,7,None,66,1,5,False,1000,1000
4164,49,unweighted_fl,10,0.0995222929936305,0,7,None,66,1,5,False,1000,1000
4165,45,unweighted_fl,10,0.0995222929936305,0,9,None,66,1,5,False,1000,1000
4166,46,unweighted_fl,10,0.0995222929936305,0,9,None,66,1,5,False,1000,1000
4167,47,unweighted_fl,10,0.0995222929936305,0,9,None,66,1,5,False,1000,1000
4168,48,unweighted_fl,10,0.0995222929936305,0,9,None,66,1,5,False,1000,1000
4169,49,unweighted_fl,10,0.0995222929936305,0,9,None,66,1,5,False,1000,1000
4170,45,unweighted_fl,10,0.0995222929936305,0,8,None,66,1,5,False,1000,1000
4171,46,unweighted_fl,10,0.0995222929936305,0,8,None,66,1,5,False,1000,1000
4172,47,unweighted_fl,10,0.0995222929936305,0,8,None,66,1,5,False,1000,1000
4173,48,unweighted_fl,10,0.0995222929936305,0,8,None,66,1,5,False,1000,1000
4174,49,unweighted_fl,10,0.0995222929936305,0,8,None,66,1,5,False,1000,1000
4175,45,unweighted_fl,10,0.0995222929936305,0,11,None,66,1,5,False,1000,1000
4176,46,unweighted_fl,10,0.1344546178343949,0,11,None,66,1,5,False,1000,1000
4177,47,unweighted_fl,10,0.0995222929936305,0,11,None,66,1,5,False,1000,1000
4178,48,unweighted_fl,10,0.0995222929936305,0,11,None,66,1,5,False,1000,1000
4179,49,unweighted_fl,10,0.0995222929936305,0,11,None,66,1,5,False,1000,1000
4180,45,unweighted_fl,10,0.0995222929936305,0,10,None,66,1,5,False,1000,1000
4181,46,unweighted_fl,10,0.0995222929936305,0,10,None,66,1,5,False,1000,1000
4182,47,unweighted_fl,10,0.0995222929936305,0,10,None,66,1,5,False,1000,1000
4183,48,unweighted_fl,10,0.0995222929936305,0,10,None,66,1,5,False,1000,1000
4184,49,unweighted_fl,10,0.0995222929936305,0,10,None,66,1,5,False,1000,1000
4185,45,unweighted_fl,10,0.0995222929936305,0,12,None,66,1,5,False,1000,1000
4186,46,unweighted_fl,10,0.0995222929936305,0,12,None,66,1,5,False,1000,1000
4187,47,unweighted_fl,10,0.0995222929936305,0,12,None,66,1,5,False,1000,1000
4188,48,unweighted_fl,10,0.0995222929936305,0,12,None,66,1,5,False,1000,1000
4189,49,unweighted_fl,10,0.0995222929936305,0,12,None,66,1,5,False,1000,1000
4190,45,unweighted_fl,10,0.0995222929936305,0,13,None,66,1,5,False,1000,1000
4191,46,unweighted_fl,10,0.0995222929936305,0,13,None,66,1,5,False,1000,1000
4192,47,unweighted_fl,10,0.1308718152866242,0,13,None,66,1,5,False,1000,1000
4193,48,unweighted_fl,10,0.0995222929936305,0,13,None,66,1,5,False,1000,1000
4194,49,unweighted_fl,10,0.0995222929936305,0,13,None,66,1,5,False,1000,1000
4195,45,unweighted_fl,10,0.0995222929936305,0,14,None,66,1,5,False,1000,1000
4196,46,unweighted_fl,10,0.0995222929936305,0,14,None,66,1,5,False,1000,1000
4197,47,unweighted_fl,10,0.0995222929936305,0,14,None,66,1,5,False,1000,1000
4198,48,unweighted_fl,10,0.0995222929936305,0,14,None,66,1,5,False,1000,1000
4199,49,unweighted_fl,10,0.0995222929936305,0,14,None,66,1,5,False,1000,1000
4200,45,unweighted_fl,10,0.0995222929936305,0,15,None,66,1,5,False,1000,1000
4201,46,unweighted_fl,10,0.1461982484076433,0,15,None,66,1,5,False,1000,1000
4202,47,unweighted_fl,10,0.0995222929936305,0,15,None,66,1,5,False,1000,1000
4203,48,unweighted_fl,10,0.0995222929936305,0,15,None,66,1,5,False,1000,1000
4204,49,unweighted_fl,10,0.0995222929936305,0,15,None,66,1,5,False,1000,1000
4205,45,unweighted_fl,10,0.0995222929936305,0,16,None,66,1,5,False,1000,1000
4206,46,unweighted_fl,10,0.0995222929936305,0,16,None,66,1,5,False,1000,1000
4207,47,unweighted_fl,10,0.0995222929936305,0,16,None,66,1,5,False,1000,1000
4208,48,unweighted_fl,10,0.0995222929936305,0,16,None,66,1,5,False,1000,1000
4209,49,unweighted_fl,10,0.0995222929936305,0,16,None,66,1,5,False,1000,1000
4210,45,unweighted_fl,10,0.0995222929936305,0,17,None,66,1,5,False,1000,1000
4211,46,unweighted_fl,10,0.0995222929936305,0,17,None,66,1,5,False,1000,1000
4212,47,unweighted_fl,10,0.0995222929936305,0,17,None,66,1,5,False,1000,1000
4213,48,unweighted_fl,10,0.0995222929936305,0,17,None,66,1,5,False,1000,1000
4214,49,unweighted_fl,10,0.0995222929936305,0,17,None,66,1,5,False,1000,1000
4215,45,unweighted_fl,10,0.0995222929936305,0,18,None,66,1,5,False,1000,1000
4216,46,unweighted_fl,10,0.0995222929936305,0,18,None,66,1,5,False,1000,1000
4217,47,unweighted_fl,10,0.0995222929936305,0,18,None,66,1,5,False,1000,1000
4218,48,unweighted_fl,10,0.0995222929936305,0,18,None,66,1,5,False,1000,1000
4219,49,unweighted_fl,10,0.0995222929936305,0,18,None,66,1,5,False,1000,1000
4220,45,unweighted_fl,10,0.0995222929936305,0,19,None,66,1,5,False,1000,1000
4221,46,unweighted_fl,10,0.0995222929936305,0,19,None,66,1,5,False,1000,1000
4222,47,unweighted_fl,10,0.0995222929936305,0,19,None,66,1,5,False,1000,1000
4223,48,unweighted_fl,10,0.0995222929936305,0,19,None,66,1,5,False,1000,1000
4224,49,unweighted_fl,10,0.0995222929936305,0,19,None,66,1,5,False,1000,1000
4225,45,unweighted_fl,10,0.0995222929936305,0,21,None,66,1,5,False,1000,1000
4226,46,unweighted_fl,10,0.0995222929936305,0,21,None,66,1,5,False,1000,1000
4227,47,unweighted_fl,10,0.0995222929936305,0,21,None,66,1,5,False,1000,1000
4228,48,unweighted_fl,10,0.0995222929936305,0,21,None,66,1,5,False,1000,1000
4229,49,unweighted_fl,10,0.0995222929936305,0,21,None,66,1,5,False,1000,1000
4230,45,unweighted_fl,10,0.0995222929936305,0,20,None,66,1,5,False,1000,1000
4231,46,unweighted_fl,10,0.0995222929936305,0,20,None,66,1,5,False,1000,1000
4232,47,unweighted_fl,10,0.0995222929936305,0,20,None,66,1,5,False,1000,1000
4233,48,unweighted_fl,10,0.0995222929936305,0,20,None,66,1,5,False,1000,1000
4234,49,unweighted_fl,10,0.0995222929936305,0,20,None,66,1,5,False,1000,1000
4235,45,unweighted_fl,10,0.0995222929936305,0,23,None,66,1,5,False,1000,1000
4236,46,unweighted_fl,10,0.0995222929936305,0,23,None,66,1,5,False,1000,1000
4237,47,unweighted_fl,10,0.0995222929936305,0,23,None,66,1,5,False,1000,1000
4238,48,unweighted_fl,10,0.0995222929936305,0,23,None,66,1,5,False,1000,1000
4239,49,unweighted_fl,10,0.0995222929936305,0,23,None,66,1,5,False,1000,1000
4240,45,unweighted_fl,10,0.1640127388535031,0,22,None,66,1,5,False,1000,1000
4241,46,unweighted_fl,10,0.0995222929936305,0,22,None,66,1,5,False,1000,1000
4242,47,unweighted_fl,10,0.0995222929936305,0,22,None,66,1,5,False,1000,1000
4243,48,unweighted_fl,10,0.0995222929936305,0,22,None,66,1,5,False,1000,1000
4244,49,unweighted_fl,10,0.0995222929936305,0,22,None,66,1,5,False,1000,1000
4245,45,unweighted_fl,10,0.0995222929936305,0,24,None,66,1,5,False,1000,1000
4246,46,unweighted_fl,10,0.0995222929936305,0,24,None,66,1,5,False,1000,1000
4247,47,unweighted_fl,10,0.0995222929936305,0,24,None,66,1,5,False,1000,1000
4248,48,unweighted_fl,10,0.0995222929936305,0,24,None,66,1,5,False,1000,1000
4249,49,unweighted_fl,10,0.0995222929936305,0,24,None,66,1,5,False,1000,1000
4250,45,unweighted_fl,10,0.0995222929936305,0,25,None,66,1,5,False,1000,1000
4251,46,unweighted_fl,10,0.0995222929936305,0,25,None,66,1,5,False,1000,1000
4252,47,unweighted_fl,10,0.1121616242038216,0,25,None,66,1,5,False,1000,1000
4253,48,unweighted_fl,10,0.1470939490445859,0,25,None,66,1,5,False,1000,1000
4254,49,unweighted_fl,10,0.0995222929936305,0,25,None,66,1,5,False,1000,1000
4255,45,unweighted_fl,10,0.0995222929936305,0,26,None,66,1,5,False,1000,1000
4256,46,unweighted_fl,10,0.0995222929936305,0,26,None,66,1,5,False,1000,1000
4257,47,unweighted_fl,10,0.0995222929936305,0,26,None,66,1,5,False,1000,1000
4258,48,unweighted_fl,10,0.0995222929936305,0,26,None,66,1,5,False,1000,1000
4259,49,unweighted_fl,10,0.0995222929936305,0,26,None,66,1,5,False,1000,1000
4260,45,unweighted_fl,10,0.0995222929936305,0,27,None,66,1,5,False,1000,1000
4261,46,unweighted_fl,10,0.0995222929936305,0,27,None,66,1,5,False,1000,1000
4262,47,unweighted_fl,10,0.0995222929936305,0,27,None,66,1,5,False,1000,1000
4263,48,unweighted_fl,10,0.0995222929936305,0,27,None,66,1,5,False,1000,1000
4264,49,unweighted_fl,10,0.0995222929936305,0,27,None,66,1,5,False,1000,1000
4265,45,unweighted_fl,10,0.0995222929936305,0,28,None,66,1,5,False,1000,1000
4266,46,unweighted_fl,10,0.0995222929936305,0,28,None,66,1,5,False,1000,1000
4267,47,unweighted_fl,10,0.0995222929936305,0,28,None,66,1,5,False,1000,1000
4268,48,unweighted_fl,10,0.0995222929936305,0,28,None,66,1,5,False,1000,1000
4269,49,unweighted_fl,10,0.0995222929936305,0,28,None,66,1,5,False,1000,1000
4270,45,unweighted_fl,10,0.0995222929936305,0,30,None,66,1,5,False,1000,1000
4271,46,unweighted_fl,10,0.0995222929936305,0,30,None,66,1,5,False,1000,1000
4272,47,unweighted_fl,10,0.0995222929936305,0,30,None,66,1,5,False,1000,1000
4273,48,unweighted_fl,10,0.0995222929936305,0,30,None,66,1,5,False,1000,1000
4274,49,unweighted_fl,10,0.0995222929936305,0,30,None,66,1,5,False,1000,1000
4275,45,unweighted_fl,10,0.0995222929936305,0,29,None,66,1,5,False,1000,1000
4276,46,unweighted_fl,10,0.0995222929936305,0,29,None,66,1,5,False,1000,1000
4277,47,unweighted_fl,10,0.0995222929936305,0,29,None,66,1,5,False,1000,1000
4278,48,unweighted_fl,10,0.0995222929936305,0,29,None,66,1,5,False,1000,1000
4279,49,unweighted_fl,10,0.0995222929936305,0,29,None,66,1,5,False,1000,1000
4280,45,unweighted_fl,10,0.0995222929936305,0,31,None,66,1,5,False,1000,1000
4281,46,unweighted_fl,10,0.0995222929936305,0,31,None,66,1,5,False,1000,1000
4282,47,unweighted_fl,10,0.0995222929936305,0,31,None,66,1,5,False,1000,1000
4283,48,unweighted_fl,10,0.0995222929936305,0,31,None,66,1,5,False,1000,1000
4284,49,unweighted_fl,10,0.0995222929936305,0,31,None,66,1,5,False,1000,1000
4285,45,unweighted_fl,10,0.0995222929936305,0,32,None,66,1,5,False,1000,1000
4286,46,unweighted_fl,10,0.0995222929936305,0,32,None,66,1,5,False,1000,1000
4287,47,unweighted_fl,10,0.0995222929936305,0,32,None,66,1,5,False,1000,1000
4288,48,unweighted_fl,10,0.0995222929936305,0,32,None,66,1,5,False,1000,1000
4289,49,unweighted_fl,10,0.0995222929936305,0,32,None,66,1,5,False,1000,1000
4290,50,unweighted_fl,10,0.0995222929936305,0,1,None,66,1,5,False,1000,1000
4291,51,unweighted_fl,10,0.0995222929936305,0,1,None,66,1,5,False,1000,1000
4292,52,unweighted_fl,10,0.0995222929936305,0,1,None,66,1,5,False,1000,1000
4293,53,unweighted_fl,10,0.0995222929936305,0,1,None,66,1,5,False,1000,1000
4294,54,unweighted_fl,10,0.0995222929936305,0,1,None,66,1,5,False,1000,1000
4295,50,unweighted_fl,10,0.0995222929936305,0,0,None,66,1,5,False,1000,1000
4296,51,unweighted_fl,10,0.1005175159235668,0,0,None,66,1,5,False,1000,1000
4297,52,unweighted_fl,10,0.0995222929936305,0,0,None,66,1,5,False,1000,1000
4298,53,unweighted_fl,10,0.0995222929936305,0,0,None,66,1,5,False,1000,1000
4299,54,unweighted_fl,10,0.0995222929936305,0,0,None,66,1,5,False,1000,1000
4300,50,unweighted_fl,10,0.0995222929936305,0,2,None,66,1,5,False,1000,1000
4301,51,unweighted_fl,10,0.0995222929936305,0,2,None,66,1,5,False,1000,1000
4302,52,unweighted_fl,10,0.1762539808917197,0,2,None,66,1,5,False,1000,1000
4303,53,unweighted_fl,10,0.0995222929936305,0,2,None,66,1,5,False,1000,1000
4304,54,unweighted_fl,10,0.0995222929936305,0,2,None,66,1,5,False,1000,1000
4305,50,unweighted_fl,10,0.0995222929936305,0,3,None,66,1,5,False,1000,1000
4306,51,unweighted_fl,10,0.0995222929936305,0,3,None,66,1,5,False,1000,1000
4307,52,unweighted_fl,10,0.0995222929936305,0,3,None,66,1,5,False,1000,1000
4308,53,unweighted_fl,10,0.0995222929936305,0,3,None,66,1,5,False,1000,1000
4309,54,unweighted_fl,10,0.0995222929936305,0,3,None,66,1,5,False,1000,1000
4310,50,unweighted_fl,10,0.1059912420382165,0,4,None,66,1,5,False,1000,1000
4311,51,unweighted_fl,10,0.1591361464968153,0,4,None,66,1,5,False,1000,1000
4312,52,unweighted_fl,10,0.0995222929936305,0,4,None,66,1,5,False,1000,1000
4313,53,unweighted_fl,10,0.0995222929936305,0,4,None,66,1,5,False,1000,1000
4314,54,unweighted_fl,10,0.0995222929936305,0,4,None,66,1,5,False,1000,1000
4315,50,unweighted_fl,10,0.0995222929936305,0,5,None,66,1,5,False,1000,1000
4316,51,unweighted_fl,10,0.0995222929936305,0,5,None,66,1,5,False,1000,1000
4317,52,unweighted_fl,10,0.1400278662420382,0,5,None,66,1,5,False,1000,1000
4318,53,unweighted_fl,10,0.0995222929936305,0,5,None,66,1,5,False,1000,1000
4319,54,unweighted_fl,10,0.0995222929936305,0,5,None,66,1,5,False,1000,1000
4320,50,unweighted_fl,10,0.0995222929936305,0,7,None,66,1,5,False,1000,1000
4321,51,unweighted_fl,10,0.0995222929936305,0,7,None,66,1,5,False,1000,1000
4322,52,unweighted_fl,10,0.0995222929936305,0,7,None,66,1,5,False,1000,1000
4323,53,unweighted_fl,10,0.0995222929936305,0,7,None,66,1,5,False,1000,1000
4324,54,unweighted_fl,10,0.0995222929936305,0,7,None,66,1,5,False,1000,1000
4325,50,unweighted_fl,10,0.1644108280254777,0,6,None,66,1,5,False,1000,1000
4326,51,unweighted_fl,10,0.0995222929936305,0,6,None,66,1,5,False,1000,1000
4327,52,unweighted_fl,10,0.0995222929936305,0,6,None,66,1,5,False,1000,1000
4328,53,unweighted_fl,10,0.0995222929936305,0,6,None,66,1,5,False,1000,1000
4329,54,unweighted_fl,10,0.0995222929936305,0,6,None,66,1,5,False,1000,1000
4330,50,unweighted_fl,10,0.0995222929936305,0,8,None,66,1,5,False,1000,1000
4331,51,unweighted_fl,10,0.0995222929936305,0,8,None,66,1,5,False,1000,1000
4332,52,unweighted_fl,10,0.0995222929936305,0,8,None,66,1,5,False,1000,1000
4333,53,unweighted_fl,10,0.0995222929936305,0,8,None,66,1,5,False,1000,1000
4334,54,unweighted_fl,10,0.0995222929936305,0,8,None,66,1,5,False,1000,1000
4335,50,unweighted_fl,10,0.0995222929936305,0,10,None,66,1,5,False,1000,1000
4336,51,unweighted_fl,10,0.0995222929936305,0,10,None,66,1,5,False,1000,1000
4337,52,unweighted_fl,10,0.0995222929936305,0,10,None,66,1,5,False,1000,1000
4338,53,unweighted_fl,10,0.0995222929936305,0,10,None,66,1,5,False,1000,1000
4339,54,unweighted_fl,10,0.0999203821656051,0,10,None,66,1,5,False,1000,1000
4340,50,unweighted_fl,10,0.0995222929936305,0,9,None,66,1,5,False,1000,1000
4341,51,unweighted_fl,10,0.0995222929936305,0,9,None,66,1,5,False,1000,1000
4342,52,unweighted_fl,10,0.0995222929936305,0,9,None,66,1,5,False,1000,1000
4343,53,unweighted_fl,10,0.0995222929936305,0,9,None,66,1,5,False,1000,1000
4344,54,unweighted_fl,10,0.0995222929936305,0,9,None,66,1,5,False,1000,1000
4345,50,unweighted_fl,10,0.1116640127388535,0,11,None,66,1,5,False,1000,1000
4346,51,unweighted_fl,10,0.0995222929936305,0,11,None,66,1,5,False,1000,1000
4347,52,unweighted_fl,10,0.0995222929936305,0,11,None,66,1,5,False,1000,1000
4348,53,unweighted_fl,10,0.0995222929936305,0,11,None,66,1,5,False,1000,1000
4349,54,unweighted_fl,10,0.0995222929936305,0,11,None,66,1,5,False,1000,1000
4350,50,unweighted_fl,10,0.0995222929936305,0,12,None,66,1,5,False,1000,1000
4351,51,unweighted_fl,10,0.0995222929936305,0,12,None,66,1,5,False,1000,1000
4352,52,unweighted_fl,10,0.0995222929936305,0,12,None,66,1,5,False,1000,1000
4353,53,unweighted_fl,10,0.0995222929936305,0,12,None,66,1,5,False,1000,1000
4354,54,unweighted_fl,10,0.0995222929936305,0,12,None,66,1,5,False,1000,1000
4355,50,unweighted_fl,10,0.0995222929936305,0,13,None,66,1,5,False,1000,1000
4356,51,unweighted_fl,10,0.0995222929936305,0,13,None,66,1,5,False,1000,1000
4357,52,unweighted_fl,10,0.159733280254777,0,13,None,66,1,5,False,1000,1000
4358,53,unweighted_fl,10,0.1153463375796178,0,13,None,66,1,5,False,1000,1000
4359,54,unweighted_fl,10,0.0995222929936305,0,13,None,66,1,5,False,1000,1000
4360,50,unweighted_fl,10,0.0995222929936305,0,15,None,66,1,5,False,1000,1000
4361,51,unweighted_fl,10,0.1142515923566879,0,15,None,66,1,5,False,1000,1000
4362,52,unweighted_fl,10,0.0995222929936305,0,15,None,66,1,5,False,1000,1000
4363,53,unweighted_fl,10,0.0995222929936305,0,15,None,66,1,5,False,1000,1000
4364,54,unweighted_fl,10,0.0995222929936305,0,15,None,66,1,5,False,1000,1000
4365,50,unweighted_fl,10,0.0995222929936305,0,14,None,66,1,5,False,1000,1000
4366,51,unweighted_fl,10,0.0995222929936305,0,14,None,66,1,5,False,1000,1000
4367,52,unweighted_fl,10,0.0995222929936305,0,14,None,66,1,5,False,1000,1000
4368,53,unweighted_fl,10,0.0995222929936305,0,14,None,66,1,5,False,1000,1000
4369,54,unweighted_fl,10,0.0995222929936305,0,14,None,66,1,5,False,1000,1000
4370,50,unweighted_fl,10,0.0995222929936305,0,16,None,66,1,5,False,1000,1000
4371,51,unweighted_fl,10,0.0995222929936305,0,16,None,66,1,5,False,1000,1000
4372,52,unweighted_fl,10,0.0995222929936305,0,16,None,66,1,5,False,1000,1000
4373,53,unweighted_fl,10,0.0995222929936305,0,16,None,66,1,5,False,1000,1000
4374,54,unweighted_fl,10,0.0995222929936305,0,16,None,66,1,5,False,1000,1000
4375,50,unweighted_fl,10,0.0995222929936305,0,18,None,66,1,5,False,1000,1000
4376,51,unweighted_fl,10,0.0995222929936305,0,18,None,66,1,5,False,1000,1000
4377,52,unweighted_fl,10,0.0995222929936305,0,18,None,66,1,5,False,1000,1000
4378,53,unweighted_fl,10,0.0995222929936305,0,18,None,66,1,5,False,1000,1000
4379,54,unweighted_fl,10,0.0995222929936305,0,18,None,66,1,5,False,1000,1000
4380,50,unweighted_fl,10,0.0995222929936305,0,17,None,66,1,5,False,1000,1000
4381,51,unweighted_fl,10,0.0995222929936305,0,17,None,66,1,5,False,1000,1000
4382,52,unweighted_fl,10,0.0995222929936305,0,17,None,66,1,5,False,1000,1000
4383,53,unweighted_fl,10,0.0995222929936305,0,17,None,66,1,5,False,1000,1000
4384,54,unweighted_fl,10,0.0995222929936305,0,17,None,66,1,5,False,1000,1000
4385,50,unweighted_fl,10,0.0995222929936305,0,19,None,66,1,5,False,1000,1000
4386,51,unweighted_fl,10,0.0995222929936305,0,19,None,66,1,5,False,1000,1000
4387,52,unweighted_fl,10,0.0995222929936305,0,19,None,66,1,5,False,1000,1000
4388,53,unweighted_fl,10,0.0995222929936305,0,19,None,66,1,5,False,1000,1000
4389,54,unweighted_fl,10,0.0995222929936305,0,19,None,66,1,5,False,1000,1000
4390,50,unweighted_fl,10,0.0995222929936305,0,20,None,66,1,5,False,1000,1000
4391,51,unweighted_fl,10,0.0995222929936305,0,20,None,66,1,5,False,1000,1000
4392,52,unweighted_fl,10,0.0995222929936305,0,20,None,66,1,5,False,1000,1000
4393,53,unweighted_fl,10,0.0995222929936305,0,20,None,66,1,5,False,1000,1000
4394,54,unweighted_fl,10,0.0995222929936305,0,20,None,66,1,5,False,1000,1000
4395,50,unweighted_fl,10,0.0995222929936305,0,21,None,66,1,5,False,1000,1000
4396,51,unweighted_fl,10,0.0995222929936305,0,21,None,66,1,5,False,1000,1000
4397,52,unweighted_fl,10,0.0995222929936305,0,21,None,66,1,5,False,1000,1000
4398,53,unweighted_fl,10,0.0995222929936305,0,21,None,66,1,5,False,1000,1000
4399,54,unweighted_fl,10,0.0995222929936305,0,21,None,66,1,5,False,1000,1000
4400,50,unweighted_fl,10,0.152468152866242,0,22,None,66,1,5,False,1000,1000
4401,51,unweighted_fl,10,0.0995222929936305,0,22,None,66,1,5,False,1000,1000
4402,52,unweighted_fl,10,0.0995222929936305,0,22,None,66,1,5,False,1000,1000
4403,53,unweighted_fl,10,0.0995222929936305,0,22,None,66,1,5,False,1000,1000
4404,54,unweighted_fl,10,0.0995222929936305,0,22,None,66,1,5,False,1000,1000
4405,50,unweighted_fl,10,0.0995222929936305,0,23,None,66,1,5,False,1000,1000
4406,51,unweighted_fl,10,0.0995222929936305,0,23,None,66,1,5,False,1000,1000
4407,52,unweighted_fl,10,0.0995222929936305,0,23,None,66,1,5,False,1000,1000
4408,53,unweighted_fl,10,0.0995222929936305,0,23,None,66,1,5,False,1000,1000
4409,54,unweighted_fl,10,0.0995222929936305,0,23,None,66,1,5,False,1000,1000
4410,50,unweighted_fl,10,0.1080812101910828,0,25,None,66,1,5,False,1000,1000
4411,51,unweighted_fl,10,0.0995222929936305,0,25,None,66,1,5,False,1000,1000
4412,52,unweighted_fl,10,0.0995222929936305,0,25,None,66,1,5,False,1000,1000
4413,53,unweighted_fl,10,0.1868033439490445,0,25,None,66,1,5,False,1000,1000
4414,54,unweighted_fl,10,0.0996218152866242,0,25,None,66,1,5,False,1000,1000
4415,50,unweighted_fl,10,0.0995222929936305,0,26,None,66,1,5,False,1000,1000
4416,51,unweighted_fl,10,0.0995222929936305,0,26,None,66,1,5,False,1000,1000
4417,52,unweighted_fl,10,0.0995222929936305,0,26,None,66,1,5,False,1000,1000
4418,53,unweighted_fl,10,0.0995222929936305,0,26,None,66,1,5,False,1000,1000
4419,54,unweighted_fl,10,0.0995222929936305,0,26,None,66,1,5,False,1000,1000
4420,50,unweighted_fl,10,0.0995222929936305,0,24,None,66,1,5,False,1000,1000
4421,51,unweighted_fl,10,0.0995222929936305,0,24,None,66,1,5,False,1000,1000
4422,52,unweighted_fl,10,0.0995222929936305,0,24,None,66,1,5,False,1000,1000
4423,53,unweighted_fl,10,0.0995222929936305,0,24,None,66,1,5,False,1000,1000
4424,54,unweighted_fl,10,0.0995222929936305,0,24,None,66,1,5,False,1000,1000
4425,50,unweighted_fl,10,0.0995222929936305,0,27,None,66,1,5,False,1000,1000
4426,51,unweighted_fl,10,0.0995222929936305,0,27,None,66,1,5,False,1000,1000
4427,52,unweighted_fl,10,0.0995222929936305,0,27,None,66,1,5,False,1000,1000
4428,53,unweighted_fl,10,0.0995222929936305,0,27,None,66,1,5,False,1000,1000
4429,54,unweighted_fl,10,0.0995222929936305,0,27,None,66,1,5,False,1000,1000
4430,50,unweighted_fl,10,0.0995222929936305,0,29,None,66,1,5,False,1000,1000
4431,51,unweighted_fl,10,0.0995222929936305,0,29,None,66,1,5,False,1000,1000
4432,52,unweighted_fl,10,0.0995222929936305,0,29,None,66,1,5,False,1000,1000
4433,53,unweighted_fl,10,0.0995222929936305,0,29,None,66,1,5,False,1000,1000
4434,54,unweighted_fl,10,0.0995222929936305,0,29,None,66,1,5,False,1000,1000
4435,50,unweighted_fl,10,0.0995222929936305,0,28,None,66,1,5,False,1000,1000
4436,51,unweighted_fl,10,0.0995222929936305,0,28,None,66,1,5,False,1000,1000
4437,52,unweighted_fl,10,0.0995222929936305,0,28,None,66,1,5,False,1000,1000
4438,53,unweighted_fl,10,0.0995222929936305,0,28,None,66,1,5,False,1000,1000
4439,54,unweighted_fl,10,0.0995222929936305,0,28,None,66,1,5,False,1000,1000
4440,50,unweighted_fl,10,0.0995222929936305,0,30,None,66,1,5,False,1000,1000
4441,51,unweighted_fl,10,0.0995222929936305,0,30,None,66,1,5,False,1000,1000
4442,52,unweighted_fl,10,0.0995222929936305,0,30,None,66,1,5,False,1000,1000
4443,53,unweighted_fl,10,0.0995222929936305,0,30,None,66,1,5,False,1000,1000
4444,54,unweighted_fl,10,0.0995222929936305,0,30,None,66,1,5,False,1000,1000
4445,50,unweighted_fl,10,0.0995222929936305,0,31,None,66,1,5,False,1000,1000
4446,51,unweighted_fl,10,0.0995222929936305,0,31,None,66,1,5,False,1000,1000
4447,52,unweighted_fl,10,0.0995222929936305,0,31,None,66,1,5,False,1000,1000
4448,53,unweighted_fl,10,0.0995222929936305,0,31,None,66,1,5,False,1000,1000
4449,54,unweighted_fl,10,0.0995222929936305,0,31,None,66,1,5,False,1000,1000
4450,50,unweighted_fl,10,0.0995222929936305,0,32,None,66,1,5,False,1000,1000
4451,51,unweighted_fl,10,0.0995222929936305,0,32,None,66,1,5,False,1000,1000
4452,52,unweighted_fl,10,0.0995222929936305,0,32,None,66,1,5,False,1000,1000
4453,53,unweighted_fl,10,0.0995222929936305,0,32,None,66,1,5,False,1000,1000
4454,54,unweighted_fl,10,0.0995222929936305,0,32,None,66,1,5,False,1000,1000
4950,55,unweighted_fl,10,0.0995222929936305,0,1,None,66,1,5,False,1000,1000
4951,56,unweighted_fl,10,0.0995222929936305,0,1,None,66,1,5,False,1000,1000
4952,57,unweighted_fl,10,0.0995222929936305,0,1,None,66,1,5,False,1000,1000
4953,58,unweighted_fl,10,0.0995222929936305,0,1,None,66,1,5,False,1000,1000
4954,59,unweighted_fl,10,0.0995222929936305,0,1,None,66,1,5,False,1000,1000
4955,55,unweighted_fl,10,0.0995222929936305,0,0,None,66,1,5,False,1000,1000
4956,56,unweighted_fl,10,0.0995222929936305,0,0,None,66,1,5,False,1000,1000
4957,57,unweighted_fl,10,0.0995222929936305,0,0,None,66,1,5,False,1000,1000
4958,58,unweighted_fl,10,0.0995222929936305,0,0,None,66,1,5,False,1000,1000
4959,59,unweighted_fl,10,0.0995222929936305,0,0,None,66,1,5,False,1000,1000
4960,55,unweighted_fl,10,0.0995222929936305,0,2,None,66,1,5,False,1000,1000
4961,56,unweighted_fl,10,0.0995222929936305,0,2,None,66,1,5,False,1000,1000
4962,57,unweighted_fl,10,0.0995222929936305,0,2,None,66,1,5,False,1000,1000
4963,58,unweighted_fl,10,0.0995222929936305,0,2,None,66,1,5,False,1000,1000
4964,59,unweighted_fl,10,0.0995222929936305,0,2,None,66,1,5,False,1000,1000
4965,55,unweighted_fl,10,0.0995222929936305,0,3,None,66,1,5,False,1000,1000
4966,56,unweighted_fl,10,0.0995222929936305,0,3,None,66,1,5,False,1000,1000
4967,57,unweighted_fl,10,0.0995222929936305,0,3,None,66,1,5,False,1000,1000
4968,58,unweighted_fl,10,0.0995222929936305,0,3,None,66,1,5,False,1000,1000
4969,59,unweighted_fl,10,0.0995222929936305,0,3,None,66,1,5,False,1000,1000
4970,55,unweighted_fl,10,0.0995222929936305,0,5,None,66,1,5,False,1000,1000
4971,56,unweighted_fl,10,0.0995222929936305,0,5,None,66,1,5,False,1000,1000
4972,57,unweighted_fl,10,0.1334593949044586,0,5,None,66,1,5,False,1000,1000
4973,58,unweighted_fl,10,0.0995222929936305,0,5,None,66,1,5,False,1000,1000
4974,59,unweighted_fl,10,0.0995222929936305,0,5,None,66,1,5,False,1000,1000
4975,55,unweighted_fl,10,0.0995222929936305,0,4,None,66,1,5,False,1000,1000
4976,56,unweighted_fl,10,0.1871019108280254,0,4,None,66,1,5,False,1000,1000
4977,57,unweighted_fl,10,0.0995222929936305,0,4,None,66,1,5,False,1000,1000
4978,58,unweighted_fl,10,0.0995222929936305,0,4,None,66,1,5,False,1000,1000
4979,59,unweighted_fl,10,0.0995222929936305,0,4,None,66,1,5,False,1000,1000
4980,55,unweighted_fl,10,0.0995222929936305,0,7,None,66,1,5,False,1000,1000
4981,56,unweighted_fl,10,0.0995222929936305,0,7,None,66,1,5,False,1000,1000
4982,57,unweighted_fl,10,0.0995222929936305,0,7,None,66,1,5,False,1000,1000
4983,58,unweighted_fl,10,0.0995222929936305,0,7,None,66,1,5,False,1000,1000
4984,59,unweighted_fl,10,0.0995222929936305,0,7,None,66,1,5,False,1000,1000
4985,55,unweighted_fl,10,0.0994227707006369,0,6,None,66,1,5,False,1000,1000
4986,56,unweighted_fl,10,0.0995222929936305,0,6,None,66,1,5,False,1000,1000
4987,57,unweighted_fl,10,0.0995222929936305,0,6,None,66,1,5,False,1000,1000
4988,58,unweighted_fl,10,0.0995222929936305,0,6,None,66,1,5,False,1000,1000
4989,59,unweighted_fl,10,0.0995222929936305,0,6,None,66,1,5,False,1000,1000
4990,55,unweighted_fl,10,0.0995222929936305,0,8,None,66,1,5,False,1000,1000
4991,56,unweighted_fl,10,0.0995222929936305,0,8,None,66,1,5,False,1000,1000
4992,57,unweighted_fl,10,0.0995222929936305,0,8,None,66,1,5,False,1000,1000
4993,58,unweighted_fl,10,0.0995222929936305,0,8,None,66,1,5,False,1000,1000
4994,59,unweighted_fl,10,0.0995222929936305,0,8,None,66,1,5,False,1000,1000
4995,55,unweighted_fl,10,0.0995222929936305,0,9,None,66,1,5,False,1000,1000
4996,56,unweighted_fl,10,0.0995222929936305,0,9,None,66,1,5,False,1000,1000
4997,57,unweighted_fl,10,0.0995222929936305,0,9,None,66,1,5,False,1000,1000
4998,58,unweighted_fl,10,0.0995222929936305,0,9,None,66,1,5,False,1000,1000
4999,59,unweighted_fl,10,0.0995222929936305,0,9,None,66,1,5,False,1000,1000
5000,55,unweighted_fl,10,0.0995222929936305,0,10,None,66,1,5,False,1000,1000
5001,56,unweighted_fl,10,0.0995222929936305,0,10,None,66,1,5,False,1000,1000
5002,57,unweighted_fl,10,0.0995222929936305,0,10,None,66,1,5,False,1000,1000
5003,58,unweighted_fl,10,0.0995222929936305,0,10,None,66,1,5,False,1000,1000
5004,59,unweighted_fl,10,0.0995222929936305,0,10,None,66,1,5,False,1000,1000
5005,55,unweighted_fl,10,0.0995222929936305,0,11,None,66,1,5,False,1000,1000
5006,56,unweighted_fl,10,0.0995222929936305,0,11,None,66,1,5,False,1000,1000
5007,57,unweighted_fl,10,0.0995222929936305,0,11,None,66,1,5,False,1000,1000
5008,58,unweighted_fl,10,0.0995222929936305,0,11,None,66,1,5,False,1000,1000
5009,59,unweighted_fl,10,0.0995222929936305,0,11,None,66,1,5,False,1000,1000
5010,55,unweighted_fl,10,0.0995222929936305,0,13,None,66,1,5,False,1000,1000
5011,56,unweighted_fl,10,0.0995222929936305,0,13,None,66,1,5,False,1000,1000
5012,57,unweighted_fl,10,0.0995222929936305,0,13,None,66,1,5,False,1000,1000
5013,58,unweighted_fl,10,0.1747611464968153,0,13,None,66,1,5,False,1000,1000
5014,59,unweighted_fl,10,0.0997213375796178,0,13,None,66,1,5,False,1000,1000
5015,55,unweighted_fl,10,0.0995222929936305,0,12,None,66,1,5,False,1000,1000
5016,56,unweighted_fl,10,0.0995222929936305,0,12,None,66,1,5,False,1000,1000
5017,57,unweighted_fl,10,0.0995222929936305,0,12,None,66,1,5,False,1000,1000
5018,58,unweighted_fl,10,0.0995222929936305,0,12,None,66,1,5,False,1000,1000
5019,59,unweighted_fl,10,0.0995222929936305,0,12,None,66,1,5,False,1000,1000
5020,55,unweighted_fl,10,0.0995222929936305,0,14,None,66,1,5,False,1000,1000
5021,56,unweighted_fl,10,0.0995222929936305,0,14,None,66,1,5,False,1000,1000
5022,57,unweighted_fl,10,0.0995222929936305,0,14,None,66,1,5,False,1000,1000
5023,58,unweighted_fl,10,0.0995222929936305,0,14,None,66,1,5,False,1000,1000
5024,59,unweighted_fl,10,0.0995222929936305,0,14,None,66,1,5,False,1000,1000
5025,55,unweighted_fl,10,0.0995222929936305,0,15,None,66,1,5,False,1000,1000
5026,56,unweighted_fl,10,0.1448049363057325,0,15,None,66,1,5,False,1000,1000
5027,57,unweighted_fl,10,0.0995222929936305,0,15,None,66,1,5,False,1000,1000
5028,58,unweighted_fl,10,0.0995222929936305,0,15,None,66,1,5,False,1000,1000
5029,59,unweighted_fl,10,0.0995222929936305,0,15,None,66,1,5,False,1000,1000
5030,55,unweighted_fl,10,0.0995222929936305,0,16,None,66,1,5,False,1000,1000
5031,56,unweighted_fl,10,0.0995222929936305,0,16,None,66,1,5,False,1000,1000
5032,57,unweighted_fl,10,0.0995222929936305,0,16,None,66,1,5,False,1000,1000
5033,58,unweighted_fl,10,0.0995222929936305,0,16,None,66,1,5,False,1000,1000
5034,59,unweighted_fl,10,0.0995222929936305,0,16,None,66,1,5,False,1000,1000
5035,55,unweighted_fl,10,0.0995222929936305,0,17,None,66,1,5,False,1000,1000
5036,56,unweighted_fl,10,0.0995222929936305,0,17,None,66,1,5,False,1000,1000
5037,57,unweighted_fl,10,0.0995222929936305,0,17,None,66,1,5,False,1000,1000
5038,58,unweighted_fl,10,0.0995222929936305,0,17,None,66,1,5,False,1000,1000
5039,59,unweighted_fl,10,0.0995222929936305,0,17,None,66,1,5,False,1000,1000
5040,55,unweighted_fl,10,0.0995222929936305,0,18,None,66,1,5,False,1000,1000
5041,56,unweighted_fl,10,0.0995222929936305,0,18,None,66,1,5,False,1000,1000
5042,57,unweighted_fl,10,0.0995222929936305,0,18,None,66,1,5,False,1000,1000
5043,58,unweighted_fl,10,0.0995222929936305,0,18,None,66,1,5,False,1000,1000
5044,59,unweighted_fl,10,0.0995222929936305,0,18,None,66,1,5,False,1000,1000
5045,55,unweighted_fl,10,0.0995222929936305,0,19,None,66,1,5,False,1000,1000
5046,56,unweighted_fl,10,0.0995222929936305,0,19,None,66,1,5,False,1000,1000
5047,57,unweighted_fl,10,0.0995222929936305,0,19,None,66,1,5,False,1000,1000
5048,58,unweighted_fl,10,0.0995222929936305,0,19,None,66,1,5,False,1000,1000
5049,59,unweighted_fl,10,0.0995222929936305,0,19,None,66,1,5,False,1000,1000
5050,55,unweighted_fl,10,0.0995222929936305,0,20,None,66,1,5,False,1000,1000
5051,56,unweighted_fl,10,0.0995222929936305,0,20,None,66,1,5,False,1000,1000
5052,57,unweighted_fl,10,0.0995222929936305,0,20,None,66,1,5,False,1000,1000
5053,58,unweighted_fl,10,0.0995222929936305,0,20,None,66,1,5,False,1000,1000
5054,59,unweighted_fl,10,0.0995222929936305,0,20,None,66,1,5,False,1000,1000
5055,55,unweighted_fl,10,0.1114649681528662,0,22,None,66,1,5,False,1000,1000
5056,56,unweighted_fl,10,0.0995222929936305,0,22,None,66,1,5,False,1000,1000
5057,57,unweighted_fl,10,0.0995222929936305,0,22,None,66,1,5,False,1000,1000
5058,58,unweighted_fl,10,0.0995222929936305,0,22,None,66,1,5,False,1000,1000
5059,59,unweighted_fl,10,0.0995222929936305,0,22,None,66,1,5,False,1000,1000
5060,55,unweighted_fl,10,0.0995222929936305,0,21,None,66,1,5,False,1000,1000
5061,56,unweighted_fl,10,0.0995222929936305,0,21,None,66,1,5,False,1000,1000
5062,57,unweighted_fl,10,0.0995222929936305,0,21,None,66,1,5,False,1000,1000
5063,58,unweighted_fl,10,0.0995222929936305,0,21,None,66,1,5,False,1000,1000
5064,59,unweighted_fl,10,0.0995222929936305,0,21,None,66,1,5,False,1000,1000
5065,55,unweighted_fl,10,0.0995222929936305,0,24,None,66,1,5,False,1000,1000
5066,56,unweighted_fl,10,0.0995222929936305,0,24,None,66,1,5,False,1000,1000
5067,57,unweighted_fl,10,0.0995222929936305,0,24,None,66,1,5,False,1000,1000
5068,58,unweighted_fl,10,0.0995222929936305,0,24,None,66,1,5,False,1000,1000
5069,59,unweighted_fl,10,0.0995222929936305,0,24,None,66,1,5,False,1000,1000
5070,55,unweighted_fl,10,0.0995222929936305,0,23,None,66,1,5,False,1000,1000
5071,56,unweighted_fl,10,0.0995222929936305,0,23,None,66,1,5,False,1000,1000
5072,57,unweighted_fl,10,0.0995222929936305,0,23,None,66,1,5,False,1000,1000
5073,58,unweighted_fl,10,0.0995222929936305,0,23,None,66,1,5,False,1000,1000
5074,59,unweighted_fl,10,0.0995222929936305,0,23,None,66,1,5,False,1000,1000
5075,55,unweighted_fl,10,0.0995222929936305,0,26,None,66,1,5,False,1000,1000
5076,56,unweighted_fl,10,0.0995222929936305,0,26,None,66,1,5,False,1000,1000
5077,57,unweighted_fl,10,0.0995222929936305,0,26,None,66,1,5,False,1000,1000
5078,58,unweighted_fl,10,0.0995222929936305,0,26,None,66,1,5,False,1000,1000
5079,59,unweighted_fl,10,0.0995222929936305,0,26,None,66,1,5,False,1000,1000
5080,55,unweighted_fl,10,0.0995222929936305,0,25,None,66,1,5,False,1000,1000
5081,56,unweighted_fl,10,0.0995222929936305,0,25,None,66,1,5,False,1000,1000
5082,57,unweighted_fl,10,0.1026074840764331,0,25,None,66,1,5,False,1000,1000
5083,58,unweighted_fl,10,0.1757563694267516,0,25,None,66,1,5,False,1000,1000
5084,59,unweighted_fl,10,0.0995222929936305,0,25,None,66,1,5,False,1000,1000
5085,55,unweighted_fl,10,0.0995222929936305,0,28,None,66,1,5,False,1000,1000
5086,56,unweighted_fl,10,0.0995222929936305,0,28,None,66,1,5,False,1000,1000
5087,57,unweighted_fl,10,0.0995222929936305,0,28,None,66,1,5,False,1000,1000
5088,58,unweighted_fl,10,0.0995222929936305,0,28,None,66,1,5,False,1000,1000
5089,59,unweighted_fl,10,0.0995222929936305,0,28,None,66,1,5,False,1000,1000
5090,55,unweighted_fl,10,0.0995222929936305,0,27,None,66,1,5,False,1000,1000
5091,56,unweighted_fl,10,0.0995222929936305,0,27,None,66,1,5,False,1000,1000
5092,57,unweighted_fl,10,0.0995222929936305,0,27,None,66,1,5,False,1000,1000
5093,58,unweighted_fl,10,0.0995222929936305,0,27,None,66,1,5,False,1000,1000
5094,59,unweighted_fl,10,0.0995222929936305,0,27,None,66,1,5,False,1000,1000
5095,55,unweighted_fl,10,0.0995222929936305,0,30,None,66,1,5,False,1000,1000
5096,56,unweighted_fl,10,0.0995222929936305,0,30,None,66,1,5,False,1000,1000
5097,57,unweighted_fl,10,0.0995222929936305,0,30,None,66,1,5,False,1000,1000
5098,58,unweighted_fl,10,0.0995222929936305,0,30,None,66,1,5,False,1000,1000
5099,59,unweighted_fl,10,0.0995222929936305,0,30,None,66,1,5,False,1000,1000
5100,55,unweighted_fl,10,0.0995222929936305,0,29,None,66,1,5,False,1000,1000
5101,56,unweighted_fl,10,0.0995222929936305,0,29,None,66,1,5,False,1000,1000
5102,57,unweighted_fl,10,0.0995222929936305,0,29,None,66,1,5,False,1000,1000
5103,58,unweighted_fl,10,0.0995222929936305,0,29,None,66,1,5,False,1000,1000
5104,59,unweighted_fl,10,0.0995222929936305,0,29,None,66,1,5,False,1000,1000
5105,55,unweighted_fl,10,0.0995222929936305,0,31,None,66,1,5,False,1000,1000
5106,56,unweighted_fl,10,0.0995222929936305,0,31,None,66,1,5,False,1000,1000
5107,57,unweighted_fl,10,0.0995222929936305,0,31,None,66,1,5,False,1000,1000
5108,58,unweighted_fl,10,0.0995222929936305,0,31,None,66,1,5,False,1000,1000
5109,59,unweighted_fl,10,0.0995222929936305,0,31,None,66,1,5,False,1000,1000
5110,55,unweighted_fl,10,0.0995222929936305,0,32,None,66,1,5,False,1000,1000
5111,56,unweighted_fl,10,0.0995222929936305,0,32,None,66,1,5,False,1000,1000
5112,57,unweighted_fl,10,0.0995222929936305,0,32,None,66,1,5,False,1000,1000
5113,58,unweighted_fl,10,0.0995222929936305,0,32,None,66,1,5,False,1000,1000
5114,59,unweighted_fl,10,0.0995222929936305,0,32,None,66,1,5,False,1000,1000
5115,60,unweighted_fl,10,0.0995222929936305,0,1,None,66,1,5,False,1000,1000
5116,61,unweighted_fl,10,0.0995222929936305,0,1,None,66,1,5,False,1000,1000
5117,62,unweighted_fl,10,0.0995222929936305,0,1,None,66,1,5,False,1000,1000
5118,63,unweighted_fl,10,0.0995222929936305,0,1,None,66,1,5,False,1000,1000
5119,64,unweighted_fl,10,0.0995222929936305,0,1,None,66,1,5,False,1000,1000
5120,60,unweighted_fl,10,0.1111664012738853,0,0,None,66,1,5,False,1000,1000
5121,61,unweighted_fl,10,0.0995222929936305,0,0,None,66,1,5,False,1000,1000
5122,62,unweighted_fl,10,0.0995222929936305,0,0,None,66,1,5,False,1000,1000
5123,63,unweighted_fl,10,0.0995222929936305,0,0,None,66,1,5,False,1000,1000
5124,64,unweighted_fl,10,0.0995222929936305,0,0,None,66,1,5,False,1000,1000
5125,60,unweighted_fl,10,0.0995222929936305,0,3,None,66,1,5,False,1000,1000
5126,61,unweighted_fl,10,0.0995222929936305,0,3,None,66,1,5,False,1000,1000
5127,62,unweighted_fl,10,0.0995222929936305,0,3,None,66,1,5,False,1000,1000
5128,63,unweighted_fl,10,0.0995222929936305,0,3,None,66,1,5,False,1000,1000
5129,64,unweighted_fl,10,0.0995222929936305,0,3,None,66,1,5,False,1000,1000
5130,60,unweighted_fl,10,0.0995222929936305,0,2,None,66,1,5,False,1000,1000
5131,61,unweighted_fl,10,0.0995222929936305,0,2,None,66,1,5,False,1000,1000
5132,62,unweighted_fl,10,0.0995222929936305,0,2,None,66,1,5,False,1000,1000
5133,63,unweighted_fl,10,0.0995222929936305,0,2,None,66,1,5,False,1000,1000
5134,64,unweighted_fl,10,0.0995222929936305,0,2,None,66,1,5,False,1000,1000
5135,60,unweighted_fl,10,0.0995222929936305,0,5,None,66,1,5,False,1000,1000
5136,61,unweighted_fl,10,0.0995222929936305,0,5,None,66,1,5,False,1000,1000
5137,62,unweighted_fl,10,0.1183320063694267,0,5,None,66,1,5,False,1000,1000
5138,63,unweighted_fl,10,0.0995222929936305,0,5,None,66,1,5,False,1000,1000
5139,64,unweighted_fl,10,0.0995222929936305,0,5,None,66,1,5,False,1000,1000
5140,60,unweighted_fl,10,0.0995222929936305,0,4,None,66,1,5,False,1000,1000
5141,61,unweighted_fl,10,0.1845143312101911,0,4,None,66,1,5,False,1000,1000
5142,62,unweighted_fl,10,0.0995222929936305,0,4,None,66,1,5,False,1000,1000
5143,63,unweighted_fl,10,0.0995222929936305,0,4,None,66,1,5,False,1000,1000
5144,64,unweighted_fl,10,0.0995222929936305,0,4,None,66,1,5,False,1000,1000
5145,60,unweighted_fl,10,0.0995222929936305,0,7,None,66,1,5,False,1000,1000
5146,61,unweighted_fl,10,0.0995222929936305,0,7,None,66,1,5,False,1000,1000
5147,62,unweighted_fl,10,0.0995222929936305,0,7,None,66,1,5,False,1000,1000
5148,63,unweighted_fl,10,0.0995222929936305,0,7,None,66,1,5,False,1000,1000
5149,64,unweighted_fl,10,0.0995222929936305,0,7,None,66,1,5,False,1000,1000
5150,60,unweighted_fl,10,0.0995222929936305,0,6,None,66,1,5,False,1000,1000
5151,61,unweighted_fl,10,0.0995222929936305,0,6,None,66,1,5,False,1000,1000
5152,62,unweighted_fl,10,0.0995222929936305,0,6,None,66,1,5,False,1000,1000
5153,63,unweighted_fl,10,0.0995222929936305,0,6,None,66,1,5,False,1000,1000
5154,64,unweighted_fl,10,0.0995222929936305,0,6,None,66,1,5,False,1000,1000
5155,60,unweighted_fl,10,0.0995222929936305,0,9,None,66,1,5,False,1000,1000
5156,61,unweighted_fl,10,0.0995222929936305,0,9,None,66,1,5,False,1000,1000
5157,62,unweighted_fl,10,0.0995222929936305,0,9,None,66,1,5,False,1000,1000
5158,63,unweighted_fl,10,0.0995222929936305,0,9,None,66,1,5,False,1000,1000
5159,64,unweighted_fl,10,0.0995222929936305,0,9,None,66,1,5,False,1000,1000
5160,60,unweighted_fl,10,0.0995222929936305,0,8,None,66,1,5,False,1000,1000
5161,61,unweighted_fl,10,0.0995222929936305,0,8,None,66,1,5,False,1000,1000
5162,62,unweighted_fl,10,0.0995222929936305,0,8,None,66,1,5,False,1000,1000
5163,63,unweighted_fl,10,0.0995222929936305,0,8,None,66,1,5,False,1000,1000
5164,64,unweighted_fl,10,0.0995222929936305,0,8,None,66,1,5,False,1000,1000
5165,60,unweighted_fl,10,0.0995222929936305,0,10,None,66,1,5,False,1000,1000
5166,61,unweighted_fl,10,0.0995222929936305,0,10,None,66,1,5,False,1000,1000
5167,62,unweighted_fl,10,0.0995222929936305,0,10,None,66,1,5,False,1000,1000
5168,63,unweighted_fl,10,0.0995222929936305,0,10,None,66,1,5,False,1000,1000
5169,64,unweighted_fl,10,0.0995222929936305,0,10,None,66,1,5,False,1000,1000
5170,60,unweighted_fl,10,0.0995222929936305,0,11,None,66,1,5,False,1000,1000
5171,61,unweighted_fl,10,0.0995222929936305,0,11,None,66,1,5,False,1000,1000
5172,62,unweighted_fl,10,0.0995222929936305,0,11,None,66,1,5,False,1000,1000
5173,63,unweighted_fl,10,0.0995222929936305,0,11,None,66,1,5,False,1000,1000
5174,64,unweighted_fl,10,0.0995222929936305,0,11,None,66,1,5,False,1000,1000
5175,60,unweighted_fl,10,0.0995222929936305,0,12,None,66,1,5,False,1000,1000
5176,61,unweighted_fl,10,0.0995222929936305,0,12,None,66,1,5,False,1000,1000
5177,62,unweighted_fl,10,0.0995222929936305,0,12,None,66,1,5,False,1000,1000
5178,63,unweighted_fl,10,0.0995222929936305,0,12,None,66,1,5,False,1000,1000
5179,64,unweighted_fl,10,0.0995222929936305,0,12,None,66,1,5,False,1000,1000
5180,60,unweighted_fl,10,0.0995222929936305,0,13,None,66,1,5,False,1000,1000
5181,61,unweighted_fl,10,0.0995222929936305,0,13,None,66,1,5,False,1000,1000
5182,62,unweighted_fl,10,0.0995222929936305,0,13,None,66,1,5,False,1000,1000
5183,63,unweighted_fl,10,0.1292794585987261,0,13,None,66,1,5,False,1000,1000
5184,64,unweighted_fl,10,0.1547571656050955,0,13,None,66,1,5,False,1000,1000
5185,60,unweighted_fl,10,0.0995222929936305,0,14,None,66,1,5,False,1000,1000
5186,61,unweighted_fl,10,0.0995222929936305,0,14,None,66,1,5,False,1000,1000
5187,62,unweighted_fl,10,0.0995222929936305,0,14,None,66,1,5,False,1000,1000
5188,63,unweighted_fl,10,0.0995222929936305,0,14,None,66,1,5,False,1000,1000
5189,64,unweighted_fl,10,0.0995222929936305,0,14,None,66,1,5,False,1000,1000
5190,60,unweighted_fl,10,0.0995222929936305,0,16,None,66,1,5,False,1000,1000
5191,61,unweighted_fl,10,0.0995222929936305,0,16,None,66,1,5,False,1000,1000
5192,62,unweighted_fl,10,0.0995222929936305,0,16,None,66,1,5,False,1000,1000
5193,63,unweighted_fl,10,0.0995222929936305,0,16,None,66,1,5,False,1000,1000
5194,64,unweighted_fl,10,0.0995222929936305,0,16,None,66,1,5,False,1000,1000
5195,60,unweighted_fl,10,0.0995222929936305,0,15,None,66,1,5,False,1000,1000
5196,61,unweighted_fl,10,0.0995222929936305,0,15,None,66,1,5,False,1000,1000
5197,62,unweighted_fl,10,0.0995222929936305,0,15,None,66,1,5,False,1000,1000
5198,63,unweighted_fl,10,0.0995222929936305,0,15,None,66,1,5,False,1000,1000
5199,64,unweighted_fl,10,0.0995222929936305,0,15,None,66,1,5,False,1000,1000
5200,60,unweighted_fl,10,0.0995222929936305,0,18,None,66,1,5,False,1000,1000
5201,61,unweighted_fl,10,0.0995222929936305,0,18,None,66,1,5,False,1000,1000
5202,62,unweighted_fl,10,0.0995222929936305,0,18,None,66,1,5,False,1000,1000
5203,63,unweighted_fl,10,0.0995222929936305,0,18,None,66,1,5,False,1000,1000
5204,64,unweighted_fl,10,0.0995222929936305,0,18,None,66,1,5,False,1000,1000
5205,60,unweighted_fl,10,0.0995222929936305,0,17,None,66,1,5,False,1000,1000
5206,61,unweighted_fl,10,0.0995222929936305,0,17,None,66,1,5,False,1000,1000
5207,62,unweighted_fl,10,0.0995222929936305,0,17,None,66,1,5,False,1000,1000
5208,63,unweighted_fl,10,0.0995222929936305,0,17,None,66,1,5,False,1000,1000
5209,64,unweighted_fl,10,0.0995222929936305,0,17,None,66,1,5,False,1000,1000
5210,60,unweighted_fl,10,0.0995222929936305,0,20,None,66,1,5,False,1000,1000
5211,61,unweighted_fl,10,0.0995222929936305,0,20,None,66,1,5,False,1000,1000
5212,62,unweighted_fl,10,0.0995222929936305,0,20,None,66,1,5,False,1000,1000
5213,63,unweighted_fl,10,0.0995222929936305,0,20,None,66,1,5,False,1000,1000
5214,64,unweighted_fl,10,0.0995222929936305,0,20,None,66,1,5,False,1000,1000
5215,60,unweighted_fl,10,0.0995222929936305,0,19,None,66,1,5,False,1000,1000
5216,61,unweighted_fl,10,0.0995222929936305,0,19,None,66,1,5,False,1000,1000
5217,62,unweighted_fl,10,0.0995222929936305,0,19,None,66,1,5,False,1000,1000
5218,63,unweighted_fl,10,0.0995222929936305,0,19,None,66,1,5,False,1000,1000
5219,64,unweighted_fl,10,0.0995222929936305,0,19,None,66,1,5,False,1000,1000
5220,60,unweighted_fl,10,0.0995222929936305,0,21,None,66,1,5,False,1000,1000
5221,61,unweighted_fl,10,0.0995222929936305,0,21,None,66,1,5,False,1000,1000
5222,62,unweighted_fl,10,0.0995222929936305,0,21,None,66,1,5,False,1000,1000
5223,63,unweighted_fl,10,0.0995222929936305,0,21,None,66,1,5,False,1000,1000
5224,64,unweighted_fl,10,0.0995222929936305,0,21,None,66,1,5,False,1000,1000
5225,60,unweighted_fl,10,0.1224124203821656,0,22,None,66,1,5,False,1000,1000
5226,61,unweighted_fl,10,0.0995222929936305,0,22,None,66,1,5,False,1000,1000
5227,62,unweighted_fl,10,0.0995222929936305,0,22,None,66,1,5,False,1000,1000
5228,63,unweighted_fl,10,0.0995222929936305,0,22,None,66,1,5,False,1000,1000
5229,64,unweighted_fl,10,0.0995222929936305,0,22,None,66,1,5,False,1000,1000
5230,60,unweighted_fl,10,0.0995222929936305,0,23,None,66,1,5,False,1000,1000
5231,61,unweighted_fl,10,0.0995222929936305,0,23,None,66,1,5,False,1000,1000
5232,62,unweighted_fl,10,0.0995222929936305,0,23,None,66,1,5,False,1000,1000
5233,63,unweighted_fl,10,0.0995222929936305,0,23,None,66,1,5,False,1000,1000
5234,64,unweighted_fl,10,0.0995222929936305,0,23,None,66,1,5,False,1000,1000
5235,60,unweighted_fl,10,0.0995222929936305,0,24,None,66,1,5,False,1000,1000
5236,61,unweighted_fl,10,0.0995222929936305,0,24,None,66,1,5,False,1000,1000
5237,62,unweighted_fl,10,0.0995222929936305,0,24,None,66,1,5,False,1000,1000
5238,63,unweighted_fl,10,0.0995222929936305,0,24,None,66,1,5,False,1000,1000
5239,64,unweighted_fl,10,0.0995222929936305,0,24,None,66,1,5,False,1000,1000
5240,60,unweighted_fl,10,0.0995222929936305,0,25,None,66,1,5,False,1000,1000
5241,61,unweighted_fl,10,0.0995222929936305,0,25,None,66,1,5,False,1000,1000
5242,62,unweighted_fl,10,0.0995222929936305,0,25,None,66,1,5,False,1000,1000
5243,63,unweighted_fl,10,0.1278861464968153,0,25,None,66,1,5,False,1000,1000
5244,64,unweighted_fl,10,0.1777468152866242,0,25,None,66,1,5,False,1000,1000
5245,60,unweighted_fl,10,0.1156449044585987,0,27,None,66,1,5,False,1000,1000
5246,61,unweighted_fl,10,0.0995222929936305,0,27,None,66,1,5,False,1000,1000
5247,62,unweighted_fl,10,0.0995222929936305,0,27,None,66,1,5,False,1000,1000
5248,63,unweighted_fl,10,0.0995222929936305,0,27,None,66,1,5,False,1000,1000
5249,64,unweighted_fl,10,0.0995222929936305,0,27,None,66,1,5,False,1000,1000
5250,60,unweighted_fl,10,0.1020103503184713,0,26,None,66,1,5,False,1000,1000
5251,61,unweighted_fl,10,0.0995222929936305,0,26,None,66,1,5,False,1000,1000
5252,62,unweighted_fl,10,0.0995222929936305,0,26,None,66,1,5,False,1000,1000
5253,63,unweighted_fl,10,0.0995222929936305,0,26,None,66,1,5,False,1000,1000
5254,64,unweighted_fl,10,0.0995222929936305,0,26,None,66,1,5,False,1000,1000
5255,60,unweighted_fl,10,0.0995222929936305,0,29,None,66,1,5,False,1000,1000
5256,61,unweighted_fl,10,0.0995222929936305,0,29,None,66,1,5,False,1000,1000
5257,62,unweighted_fl,10,0.0995222929936305,0,29,None,66,1,5,False,1000,1000
5258,63,unweighted_fl,10,0.0995222929936305,0,29,None,66,1,5,False,1000,1000
5259,64,unweighted_fl,10,0.0995222929936305,0,29,None,66,1,5,False,1000,1000
5260,60,unweighted_fl,10,0.0995222929936305,0,30,None,66,1,5,False,1000,1000
5261,61,unweighted_fl,10,0.0995222929936305,0,30,None,66,1,5,False,1000,1000
5262,62,unweighted_fl,10,0.0995222929936305,0,30,None,66,1,5,False,1000,1000
5263,63,unweighted_fl,10,0.0995222929936305,0,30,None,66,1,5,False,1000,1000
5264,64,unweighted_fl,10,0.0995222929936305,0,30,None,66,1,5,False,1000,1000
5265,60,unweighted_fl,10,0.0995222929936305,0,28,None,66,1,5,False,1000,1000
5266,61,unweighted_fl,10,0.0995222929936305,0,28,None,66,1,5,False,1000,1000
5267,62,unweighted_fl,10,0.0995222929936305,0,28,None,66,1,5,False,1000,1000
5268,63,unweighted_fl,10,0.0995222929936305,0,28,None,66,1,5,False,1000,1000
5269,64,unweighted_fl,10,0.0995222929936305,0,28,None,66,1,5,False,1000,1000
5270,60,unweighted_fl,10,0.0995222929936305,0,32,None,66,1,5,False,1000,1000
5271,61,unweighted_fl,10,0.0995222929936305,0,32,None,66,1,5,False,1000,1000
5272,62,unweighted_fl,10,0.0995222929936305,0,32,None,66,1,5,False,1000,1000
5273,63,unweighted_fl,10,0.0995222929936305,0,32,None,66,1,5,False,1000,1000
5274,64,unweighted_fl,10,0.0995222929936305,0,32,None,66,1,5,False,1000,1000
5275,60,unweighted_fl,10,0.0995222929936305,0,31,None,66,1,5,False,1000,1000
5276,61,unweighted_fl,10,0.0995222929936305,0,31,None,66,1,5,False,1000,1000
5277,62,unweighted_fl,10,0.0995222929936305,0,31,None,66,1,5,False,1000,1000
5278,63,unweighted_fl,10,0.0995222929936305,0,31,None,66,1,5,False,1000,1000
5279,64,unweighted_fl,10,0.0995222929936305,0,31,None,66,1,5,False,1000,1000
5280,65,unweighted_fl,10,0.0995222929936305,0,1,None,66,1,5,False,1000,1000
5281,66,unweighted_fl,10,0.0995222929936305,0,1,None,66,1,5,False,1000,1000
5282,67,unweighted_fl,10,0.0995222929936305,0,1,None,66,1,5,False,1000,1000
5283,68,unweighted_fl,10,0.0995222929936305,0,1,None,66,1,5,False,1000,1000
5284,69,unweighted_fl,10,0.0995222929936305,0,1,None,66,1,5,False,1000,1000
5285,65,unweighted_fl,10,0.1196257961783439,0,0,None,66,1,5,False,1000,1000
5286,66,unweighted_fl,10,0.0995222929936305,0,0,None,66,1,5,False,1000,1000
5287,67,unweighted_fl,10,0.0995222929936305,0,0,None,66,1,5,False,1000,1000
5288,68,unweighted_fl,10,0.0995222929936305,0,0,None,66,1,5,False,1000,1000
5289,69,unweighted_fl,10,0.0995222929936305,0,0,None,66,1,5,False,1000,1000
5290,65,unweighted_fl,10,0.0995222929936305,0,3,None,66,1,5,False,1000,1000
5291,66,unweighted_fl,10,0.0995222929936305,0,3,None,66,1,5,False,1000,1000
5292,67,unweighted_fl,10,0.0995222929936305,0,3,None,66,1,5,False,1000,1000
5293,68,unweighted_fl,10,0.0995222929936305,0,3,None,66,1,5,False,1000,1000
5294,69,unweighted_fl,10,0.0995222929936305,0,3,None,66,1,5,False,1000,1000
5295,65,unweighted_fl,10,0.0995222929936305,0,2,None,66,1,5,False,1000,1000
5296,66,unweighted_fl,10,0.0995222929936305,0,2,None,66,1,5,False,1000,1000
5297,67,unweighted_fl,10,0.0995222929936305,0,2,None,66,1,5,False,1000,1000
5298,68,unweighted_fl,10,0.1024084394904458,0,2,None,66,1,5,False,1000,1000
5299,69,unweighted_fl,10,0.0995222929936305,0,2,None,66,1,5,False,1000,1000
5300,65,unweighted_fl,10,0.0995222929936305,0,5,None,66,1,5,False,1000,1000
5301,66,unweighted_fl,10,0.0995222929936305,0,5,None,66,1,5,False,1000,1000
5302,67,unweighted_fl,10,0.0995222929936305,0,5,None,66,1,5,False,1000,1000
5303,68,unweighted_fl,10,0.0995222929936305,0,5,None,66,1,5,False,1000,1000
5304,69,unweighted_fl,10,0.0995222929936305,0,5,None,66,1,5,False,1000,1000
5305,65,unweighted_fl,10,0.0995222929936305,0,4,None,66,1,5,False,1000,1000
5306,66,unweighted_fl,10,0.0996218152866242,0,4,None,66,1,5,False,1000,1000
5307,67,unweighted_fl,10,0.1629179936305732,0,4,None,66,1,5,False,1000,1000
5308,68,unweighted_fl,10,0.0995222929936305,0,4,None,66,1,5,False,1000,1000
5309,69,unweighted_fl,10,0.0995222929936305,0,4,None,66,1,5,False,1000,1000
5310,65,unweighted_fl,10,0.0995222929936305,0,7,None,66,1,5,False,1000,1000
5311,66,unweighted_fl,10,0.0995222929936305,0,7,None,66,1,5,False,1000,1000
5312,67,unweighted_fl,10,0.0995222929936305,0,7,None,66,1,5,False,1000,1000
5313,68,unweighted_fl,10,0.0995222929936305,0,7,None,66,1,5,False,1000,1000
5314,69,unweighted_fl,10,0.0995222929936305,0,7,None,66,1,5,False,1000,1000
5315,65,unweighted_fl,10,0.0995222929936305,0,6,None,66,1,5,False,1000,1000
5316,66,unweighted_fl,10,0.0995222929936305,0,6,None,66,1,5,False,1000,1000
5317,67,unweighted_fl,10,0.0995222929936305,0,6,None,66,1,5,False,1000,1000
5318,68,unweighted_fl,10,0.0995222929936305,0,6,None,66,1,5,False,1000,1000
5319,69,unweighted_fl,10,0.0995222929936305,0,6,None,66,1,5,False,1000,1000
5320,65,unweighted_fl,10,0.0995222929936305,0,9,None,66,1,5,False,1000,1000
5321,66,unweighted_fl,10,0.0995222929936305,0,9,None,66,1,5,False,1000,1000
5322,67,unweighted_fl,10,0.0995222929936305,0,9,None,66,1,5,False,1000,1000
5323,68,unweighted_fl,10,0.0995222929936305,0,9,None,66,1,5,False,1000,1000
5324,69,unweighted_fl,10,0.0995222929936305,0,9,None,66,1,5,False,1000,1000
5325,65,unweighted_fl,10,0.0995222929936305,0,8,None,66,1,5,False,1000,1000
5326,66,unweighted_fl,10,0.0995222929936305,0,8,None,66,1,5,False,1000,1000
5327,67,unweighted_fl,10,0.0995222929936305,0,8,None,66,1,5,False,1000,1000
5328,68,unweighted_fl,10,0.0995222929936305,0,8,None,66,1,5,False,1000,1000
5329,69,unweighted_fl,10,0.0995222929936305,0,8,None,66,1,5,False,1000,1000
5330,65,unweighted_fl,10,0.0995222929936305,0,11,None,66,1,5,False,1000,1000
5331,66,unweighted_fl,10,0.0995222929936305,0,11,None,66,1,5,False,1000,1000
5332,67,unweighted_fl,10,0.1386345541401273,0,11,None,66,1,5,False,1000,1000
5333,68,unweighted_fl,10,0.0995222929936305,0,11,None,66,1,5,False,1000,1000
5334,69,unweighted_fl,10,0.0995222929936305,0,11,None,66,1,5,False,1000,1000
5335,65,unweighted_fl,10,0.0995222929936305,0,10,None,66,1,5,False,1000,1000
5336,66,unweighted_fl,10,0.1015127388535031,0,10,None,66,1,5,False,1000,1000
5337,67,unweighted_fl,10,0.1127587579617834,0,10,None,66,1,5,False,1000,1000
5338,68,unweighted_fl,10,0.1267914012738853,0,10,None,66,1,5,False,1000,1000
5339,69,unweighted_fl,10,0.1357484076433121,0,10,None,66,1,5,False,1000,1000
5340,65,unweighted_fl,10,0.0995222929936305,0,13,None,66,1,5,False,1000,1000
5341,66,unweighted_fl,10,0.0995222929936305,0,13,None,66,1,5,False,1000,1000
5342,67,unweighted_fl,10,0.0995222929936305,0,13,None,66,1,5,False,1000,1000
5343,68,unweighted_fl,10,0.0995222929936305,0,13,None,66,1,5,False,1000,1000
5344,69,unweighted_fl,10,0.1721735668789809,0,13,None,66,1,5,False,1000,1000
5345,65,unweighted_fl,10,0.0995222929936305,0,12,None,66,1,5,False,1000,1000
5346,66,unweighted_fl,10,0.0995222929936305,0,12,None,66,1,5,False,1000,1000
5347,67,unweighted_fl,10,0.0995222929936305,0,12,None,66,1,5,False,1000,1000
5348,68,unweighted_fl,10,0.0995222929936305,0,12,None,66,1,5,False,1000,1000
5349,69,unweighted_fl,10,0.0995222929936305,0,12,None,66,1,5,False,1000,1000
5350,65,unweighted_fl,10,0.0995222929936305,0,14,None,66,1,5,False,1000,1000
5351,66,unweighted_fl,10,0.0995222929936305,0,14,None,66,1,5,False,1000,1000
5352,67,unweighted_fl,10,0.0995222929936305,0,14,None,66,1,5,False,1000,1000
5353,68,unweighted_fl,10,0.0995222929936305,0,14,None,66,1,5,False,1000,1000
5354,69,unweighted_fl,10,0.0995222929936305,0,14,None,66,1,5,False,1000,1000
5355,65,unweighted_fl,10,0.0995222929936305,0,15,None,66,1,5,False,1000,1000
5356,66,unweighted_fl,10,0.0996218152866242,0,15,None,66,1,5,False,1000,1000
5357,67,unweighted_fl,10,0.0995222929936305,0,15,None,66,1,5,False,1000,1000
5358,68,unweighted_fl,10,0.0995222929936305,0,15,None,66,1,5,False,1000,1000
5359,69,unweighted_fl,10,0.0995222929936305,0,15,None,66,1,5,False,1000,1000
5360,65,unweighted_fl,10,0.0995222929936305,0,16,None,66,1,5,False,1000,1000
5361,66,unweighted_fl,10,0.0995222929936305,0,16,None,66,1,5,False,1000,1000
5362,67,unweighted_fl,10,0.0995222929936305,0,16,None,66,1,5,False,1000,1000
5363,68,unweighted_fl,10,0.0995222929936305,0,16,None,66,1,5,False,1000,1000
5364,69,unweighted_fl,10,0.0995222929936305,0,16,None,66,1,5,False,1000,1000
5365,65,unweighted_fl,10,0.0995222929936305,0,17,None,66,1,5,False,1000,1000
5366,66,unweighted_fl,10,0.0995222929936305,0,17,None,66,1,5,False,1000,1000
5367,67,unweighted_fl,10,0.0995222929936305,0,17,None,66,1,5,False,1000,1000
5368,68,unweighted_fl,10,0.0995222929936305,0,17,None,66,1,5,False,1000,1000
5369,69,unweighted_fl,10,0.0995222929936305,0,17,None,66,1,5,False,1000,1000
5370,65,unweighted_fl,10,0.0995222929936305,0,18,None,66,1,5,False,1000,1000
5371,66,unweighted_fl,10,0.0995222929936305,0,18,None,66,1,5,False,1000,1000
5372,67,unweighted_fl,10,0.0995222929936305,0,18,None,66,1,5,False,1000,1000
5373,68,unweighted_fl,10,0.0995222929936305,0,18,None,66,1,5,False,1000,1000
5374,69,unweighted_fl,10,0.0995222929936305,0,18,None,66,1,5,False,1000,1000
5375,65,unweighted_fl,10,0.0995222929936305,0,19,None,66,1,5,False,1000,1000
5376,66,unweighted_fl,10,0.0995222929936305,0,19,None,66,1,5,False,1000,1000
5377,67,unweighted_fl,10,0.0995222929936305,0,19,None,66,1,5,False,1000,1000
5378,68,unweighted_fl,10,0.0995222929936305,0,19,None,66,1,5,False,1000,1000
5379,69,unweighted_fl,10,0.0995222929936305,0,19,None,66,1,5,False,1000,1000
5380,65,unweighted_fl,10,0.0995222929936305,0,21,None,66,1,5,False,1000,1000
5381,66,unweighted_fl,10,0.0995222929936305,0,21,None,66,1,5,False,1000,1000
5382,67,unweighted_fl,10,0.0995222929936305,0,21,None,66,1,5,False,1000,1000
5383,68,unweighted_fl,10,0.0995222929936305,0,21,None,66,1,5,False,1000,1000
5384,69,unweighted_fl,10,0.0995222929936305,0,21,None,66,1,5,False,1000,1000
5385,65,unweighted_fl,10,0.0995222929936305,0,20,None,66,1,5,False,1000,1000
5386,66,unweighted_fl,10,0.0995222929936305,0,20,None,66,1,5,False,1000,1000
5387,67,unweighted_fl,10,0.0995222929936305,0,20,None,66,1,5,False,1000,1000
5388,68,unweighted_fl,10,0.0995222929936305,0,20,None,66,1,5,False,1000,1000
5389,69,unweighted_fl,10,0.0995222929936305,0,20,None,66,1,5,False,1000,1000
5390,65,unweighted_fl,10,0.0995222929936305,0,23,None,66,1,5,False,1000,1000
5391,66,unweighted_fl,10,0.0995222929936305,0,23,None,66,1,5,False,1000,1000
5392,67,unweighted_fl,10,0.0995222929936305,0,23,None,66,1,5,False,1000,1000
5393,68,unweighted_fl,10,0.0995222929936305,0,23,None,66,1,5,False,1000,1000
5394,69,unweighted_fl,10,0.0995222929936305,0,23,None,66,1,5,False,1000,1000
5395,65,unweighted_fl,10,0.1345541401273885,0,22,None,66,1,5,False,1000,1000
5396,66,unweighted_fl,10,0.1713773885350318,0,22,None,66,1,5,False,1000,1000
5397,67,unweighted_fl,10,0.0995222929936305,0,22,None,66,1,5,False,1000,1000
5398,68,unweighted_fl,10,0.0995222929936305,0,22,None,66,1,5,False,1000,1000
5399,69,unweighted_fl,10,0.0995222929936305,0,22,None,66,1,5,False,1000,1000
5400,65,unweighted_fl,10,0.0995222929936305,0,25,None,66,1,5,False,1000,1000
5401,66,unweighted_fl,10,0.0995222929936305,0,25,None,66,1,5,False,1000,1000
5402,67,unweighted_fl,10,0.0995222929936305,0,25,None,66,1,5,False,1000,1000
5403,68,unweighted_fl,10,0.0996218152866242,0,25,None,66,1,5,False,1000,1000
5404,69,unweighted_fl,10,0.1867038216560509,0,25,None,66,1,5,False,1000,1000
5405,65,unweighted_fl,10,0.0995222929936305,0,24,None,66,1,5,False,1000,1000
5406,66,unweighted_fl,10,0.0995222929936305,0,24,None,66,1,5,False,1000,1000
5407,67,unweighted_fl,10,0.0995222929936305,0,24,None,66,1,5,False,1000,1000
5408,68,unweighted_fl,10,0.0995222929936305,0,24,None,66,1,5,False,1000,1000
5409,69,unweighted_fl,10,0.0995222929936305,0,24,None,66,1,5,False,1000,1000
5410,65,unweighted_fl,10,0.1084792993630573,0,27,None,66,1,5,False,1000,1000
5411,66,unweighted_fl,10,0.0995222929936305,0,27,None,66,1,5,False,1000,1000
5412,67,unweighted_fl,10,0.0995222929936305,0,27,None,66,1,5,False,1000,1000
5413,68,unweighted_fl,10,0.0995222929936305,0,27,None,66,1,5,False,1000,1000
5414,69,unweighted_fl,10,0.0995222929936305,0,27,None,66,1,5,False,1000,1000
5415,65,unweighted_fl,10,0.0995222929936305,0,26,None,66,1,5,False,1000,1000
5416,66,unweighted_fl,10,0.0995222929936305,0,26,None,66,1,5,False,1000,1000
5417,67,unweighted_fl,10,0.0995222929936305,0,26,None,66,1,5,False,1000,1000
5418,68,unweighted_fl,10,0.0995222929936305,0,26,None,66,1,5,False,1000,1000
5419,69,unweighted_fl,10,0.0995222929936305,0,26,None,66,1,5,False,1000,1000
5420,65,unweighted_fl,10,0.0995222929936305,0,28,None,66,1,5,False,1000,1000
5421,66,unweighted_fl,10,0.0995222929936305,0,28,None,66,1,5,False,1000,1000
5422,67,unweighted_fl,10,0.0995222929936305,0,28,None,66,1,5,False,1000,1000
5423,68,unweighted_fl,10,0.0995222929936305,0,28,None,66,1,5,False,1000,1000
5424,69,unweighted_fl,10,0.0995222929936305,0,28,None,66,1,5,False,1000,1000
5425,65,unweighted_fl,10,0.0995222929936305,0,29,None,66,1,5,False,1000,1000
5426,66,unweighted_fl,10,0.0995222929936305,0,29,None,66,1,5,False,1000,1000
5427,67,unweighted_fl,10,0.0995222929936305,0,29,None,66,1,5,False,1000,1000
5428,68,unweighted_fl,10,0.0995222929936305,0,29,None,66,1,5,False,1000,1000
5429,69,unweighted_fl,10,0.0995222929936305,0,29,None,66,1,5,False,1000,1000
5430,65,unweighted_fl,10,0.0995222929936305,0,31,None,66,1,5,False,1000,1000
5431,66,unweighted_fl,10,0.0995222929936305,0,31,None,66,1,5,False,1000,1000
5432,67,unweighted_fl,10,0.0995222929936305,0,31,None,66,1,5,False,1000,1000
5433,68,unweighted_fl,10,0.0995222929936305,0,31,None,66,1,5,False,1000,1000
5434,69,unweighted_fl,10,0.0995222929936305,0,31,None,66,1,5,False,1000,1000
5435,65,unweighted_fl,10,0.0995222929936305,0,30,None,66,1,5,False,1000,1000
5436,66,unweighted_fl,10,0.0995222929936305,0,30,None,66,1,5,False,1000,1000
5437,67,unweighted_fl,10,0.0995222929936305,0,30,None,66,1,5,False,1000,1000
5438,68,unweighted_fl,10,0.0995222929936305,0,30,None,66,1,5,False,1000,1000
5439,69,unweighted_fl,10,0.0995222929936305,0,30,None,66,1,5,False,1000,1000
5440,65,unweighted_fl,10,0.0995222929936305,0,32,None,66,1,5,False,1000,1000
5441,66,unweighted_fl,10,0.0995222929936305,0,32,None,66,1,5,False,1000,1000
5442,67,unweighted_fl,10,0.0995222929936305,0,32,None,66,1,5,False,1000,1000
5443,68,unweighted_fl,10,0.0995222929936305,0,32,None,66,1,5,False,1000,1000
5444,69,unweighted_fl,10,0.0995222929936305,0,32,None,66,1,5,False,1000,1000
5445,70,unweighted_fl,10,0.0995222929936305,0,1,None,66,1,5,False,1000,1000
5446,71,unweighted_fl,10,0.0995222929936305,0,1,None,66,1,5,False,1000,1000
5447,72,unweighted_fl,10,0.0995222929936305,0,1,None,66,1,5,False,1000,1000
5448,73,unweighted_fl,10,0.0995222929936305,0,1,None,66,1,5,False,1000,1000
5449,74,unweighted_fl,10,0.0995222929936305,0,1,None,66,1,5,False,1000,1000
5450,70,unweighted_fl,10,0.0995222929936305,0,0,None,66,1,5,False,1000,1000
5451,71,unweighted_fl,10,0.0995222929936305,0,0,None,66,1,5,False,1000,1000
5452,72,unweighted_fl,10,0.0995222929936305,0,0,None,66,1,5,False,1000,1000
5453,73,unweighted_fl,10,0.0995222929936305,0,0,None,66,1,5,False,1000,1000
5454,74,unweighted_fl,10,0.0995222929936305,0,0,None,66,1,5,False,1000,1000
5455,70,unweighted_fl,10,0.0995222929936305,0,2,None,66,1,5,False,1000,1000
5456,71,unweighted_fl,10,0.0995222929936305,0,2,None,66,1,5,False,1000,1000
5457,72,unweighted_fl,10,0.0995222929936305,0,2,None,66,1,5,False,1000,1000
5458,73,unweighted_fl,10,0.1356488853503184,0,2,None,66,1,5,False,1000,1000
5459,74,unweighted_fl,10,0.0995222929936305,0,2,None,66,1,5,False,1000,1000
5460,70,unweighted_fl,10,0.0995222929936305,0,4,None,66,1,5,False,1000,1000
5461,71,unweighted_fl,10,0.0995222929936305,0,4,None,66,1,5,False,1000,1000
5462,72,unweighted_fl,10,0.181031050955414,0,4,None,66,1,5,False,1000,1000
5463,73,unweighted_fl,10,0.0995222929936305,0,4,None,66,1,5,False,1000,1000
5464,74,unweighted_fl,10,0.0995222929936305,0,4,None,66,1,5,False,1000,1000
5465,70,unweighted_fl,10,0.0995222929936305,0,3,None,66,1,5,False,1000,1000
5466,71,unweighted_fl,10,0.0995222929936305,0,3,None,66,1,5,False,1000,1000
5467,72,unweighted_fl,10,0.0995222929936305,0,3,None,66,1,5,False,1000,1000
5468,73,unweighted_fl,10,0.0995222929936305,0,3,None,66,1,5,False,1000,1000
5469,74,unweighted_fl,10,0.0995222929936305,0,3,None,66,1,5,False,1000,1000
5470,70,unweighted_fl,10,0.0995222929936305,0,5,None,66,1,5,False,1000,1000
5471,71,unweighted_fl,10,0.0995222929936305,0,5,None,66,1,5,False,1000,1000
5472,72,unweighted_fl,10,0.0995222929936305,0,5,None,66,1,5,False,1000,1000
5473,73,unweighted_fl,10,0.0995222929936305,0,5,None,66,1,5,False,1000,1000
5474,74,unweighted_fl,10,0.0995222929936305,0,5,None,66,1,5,False,1000,1000
5475,70,unweighted_fl,10,0.0995222929936305,0,7,None,66,1,5,False,1000,1000
5476,71,unweighted_fl,10,0.0995222929936305,0,7,None,66,1,5,False,1000,1000
5477,72,unweighted_fl,10,0.0995222929936305,0,7,None,66,1,5,False,1000,1000
5478,73,unweighted_fl,10,0.0995222929936305,0,7,None,66,1,5,False,1000,1000
5479,74,unweighted_fl,10,0.0995222929936305,0,7,None,66,1,5,False,1000,1000
5480,70,unweighted_fl,10,0.0995222929936305,0,6,None,66,1,5,False,1000,1000
5481,71,unweighted_fl,10,0.0995222929936305,0,6,None,66,1,5,False,1000,1000
5482,72,unweighted_fl,10,0.0995222929936305,0,6,None,66,1,5,False,1000,1000
5483,73,unweighted_fl,10,0.0995222929936305,0,6,None,66,1,5,False,1000,1000
5484,74,unweighted_fl,10,0.0995222929936305,0,6,None,66,1,5,False,1000,1000
5485,70,unweighted_fl,10,0.0995222929936305,0,8,None,66,1,5,False,1000,1000
5486,71,unweighted_fl,10,0.0995222929936305,0,8,None,66,1,5,False,1000,1000
5487,72,unweighted_fl,10,0.0995222929936305,0,8,None,66,1,5,False,1000,1000
5488,73,unweighted_fl,10,0.0995222929936305,0,8,None,66,1,5,False,1000,1000
5489,74,unweighted_fl,10,0.0995222929936305,0,8,None,66,1,5,False,1000,1000
5490,70,unweighted_fl,10,0.1001194267515923,0,10,None,66,1,5,False,1000,1000
5491,71,unweighted_fl,10,0.1083797770700636,0,10,None,66,1,5,False,1000,1000
5492,72,unweighted_fl,10,0.1211186305732484,0,10,None,66,1,5,False,1000,1000
5493,73,unweighted_fl,10,0.1315684713375796,0,10,None,66,1,5,False,1000,1000
5494,74,unweighted_fl,10,0.1331608280254777,0,10,None,66,1,5,False,1000,1000
5495,70,unweighted_fl,10,0.0995222929936305,0,9,None,66,1,5,False,1000,1000
5496,71,unweighted_fl,10,0.0995222929936305,0,9,None,66,1,5,False,1000,1000
5497,72,unweighted_fl,10,0.0995222929936305,0,9,None,66,1,5,False,1000,1000
5498,73,unweighted_fl,10,0.0995222929936305,0,9,None,66,1,5,False,1000,1000
5499,74,unweighted_fl,10,0.0995222929936305,0,9,None,66,1,5,False,1000,1000
5500,70,unweighted_fl,10,0.0995222929936305,0,11,None,66,1,5,False,1000,1000
5501,71,unweighted_fl,10,0.0995222929936305,0,11,None,66,1,5,False,1000,1000
5502,72,unweighted_fl,10,0.1657046178343949,0,11,None,66,1,5,False,1000,1000
5503,73,unweighted_fl,10,0.0995222929936305,0,11,None,66,1,5,False,1000,1000
5504,74,unweighted_fl,10,0.0995222929936305,0,11,None,66,1,5,False,1000,1000
5505,70,unweighted_fl,10,0.0995222929936305,0,13,None,66,1,5,False,1000,1000
5506,71,unweighted_fl,10,0.0995222929936305,0,13,None,66,1,5,False,1000,1000
5507,72,unweighted_fl,10,0.0995222929936305,0,13,None,66,1,5,False,1000,1000
5508,73,unweighted_fl,10,0.0995222929936305,0,13,None,66,1,5,False,1000,1000
5509,74,unweighted_fl,10,0.1703821656050955,0,13,None,66,1,5,False,1000,1000
5510,70,unweighted_fl,10,0.0995222929936305,0,12,None,66,1,5,False,1000,1000
5511,71,unweighted_fl,10,0.0995222929936305,0,12,None,66,1,5,False,1000,1000
5512,72,unweighted_fl,10,0.0995222929936305,0,12,None,66,1,5,False,1000,1000
5513,73,unweighted_fl,10,0.0995222929936305,0,12,None,66,1,5,False,1000,1000
5514,74,unweighted_fl,10,0.0995222929936305,0,12,None,66,1,5,False,1000,1000
5515,70,unweighted_fl,10,0.0995222929936305,0,14,None,66,1,5,False,1000,1000
5516,71,unweighted_fl,10,0.0995222929936305,0,14,None,66,1,5,False,1000,1000
5517,72,unweighted_fl,10,0.0995222929936305,0,14,None,66,1,5,False,1000,1000
5518,73,unweighted_fl,10,0.0995222929936305,0,14,None,66,1,5,False,1000,1000
5519,74,unweighted_fl,10,0.0995222929936305,0,14,None,66,1,5,False,1000,1000
5520,70,unweighted_fl,10,0.0995222929936305,0,15,None,66,1,5,False,1000,1000
5521,71,unweighted_fl,10,0.1028065286624203,0,15,None,66,1,5,False,1000,1000
5522,72,unweighted_fl,10,0.0995222929936305,0,15,None,66,1,5,False,1000,1000
5523,73,unweighted_fl,10,0.0995222929936305,0,15,None,66,1,5,False,1000,1000
5524,74,unweighted_fl,10,0.0995222929936305,0,15,None,66,1,5,False,1000,1000
5525,70,unweighted_fl,10,0.0995222929936305,0,16,None,66,1,5,False,1000,1000
5526,71,unweighted_fl,10,0.0995222929936305,0,16,None,66,1,5,False,1000,1000
5527,72,unweighted_fl,10,0.0995222929936305,0,16,None,66,1,5,False,1000,1000
5528,73,unweighted_fl,10,0.0995222929936305,0,16,None,66,1,5,False,1000,1000
5529,74,unweighted_fl,10,0.0995222929936305,0,16,None,66,1,5,False,1000,1000
5530,70,unweighted_fl,10,0.0995222929936305,0,18,None,66,1,5,False,1000,1000
5531,71,unweighted_fl,10,0.0995222929936305,0,18,None,66,1,5,False,1000,1000
5532,72,unweighted_fl,10,0.0995222929936305,0,18,None,66,1,5,False,1000,1000
5533,73,unweighted_fl,10,0.0995222929936305,0,18,None,66,1,5,False,1000,1000
5534,74,unweighted_fl,10,0.0995222929936305,0,18,None,66,1,5,False,1000,1000
5535,70,unweighted_fl,10,0.0995222929936305,0,17,None,66,1,5,False,1000,1000
5536,71,unweighted_fl,10,0.0995222929936305,0,17,None,66,1,5,False,1000,1000
5537,72,unweighted_fl,10,0.0995222929936305,0,17,None,66,1,5,False,1000,1000
5538,73,unweighted_fl,10,0.0995222929936305,0,17,None,66,1,5,False,1000,1000
5539,74,unweighted_fl,10,0.0995222929936305,0,17,None,66,1,5,False,1000,1000
5540,70,unweighted_fl,10,0.0995222929936305,0,19,None,66,1,5,False,1000,1000
5541,71,unweighted_fl,10,0.0995222929936305,0,19,None,66,1,5,False,1000,1000
5542,72,unweighted_fl,10,0.0995222929936305,0,19,None,66,1,5,False,1000,1000
5543,73,unweighted_fl,10,0.0995222929936305,0,19,None,66,1,5,False,1000,1000
5544,74,unweighted_fl,10,0.0995222929936305,0,19,None,66,1,5,False,1000,1000
5545,70,unweighted_fl,10,0.0995222929936305,0,21,None,66,1,5,False,1000,1000
5546,71,unweighted_fl,10,0.0995222929936305,0,21,None,66,1,5,False,1000,1000
5547,72,unweighted_fl,10,0.0995222929936305,0,21,None,66,1,5,False,1000,1000
5548,73,unweighted_fl,10,0.0995222929936305,0,21,None,66,1,5,False,1000,1000
5549,74,unweighted_fl,10,0.0995222929936305,0,21,None,66,1,5,False,1000,1000
5550,70,unweighted_fl,10,0.0995222929936305,0,20,None,66,1,5,False,1000,1000
5551,71,unweighted_fl,10,0.0995222929936305,0,20,None,66,1,5,False,1000,1000
5552,72,unweighted_fl,10,0.0995222929936305,0,20,None,66,1,5,False,1000,1000
5553,73,unweighted_fl,10,0.0995222929936305,0,20,None,66,1,5,False,1000,1000
5554,74,unweighted_fl,10,0.0995222929936305,0,20,None,66,1,5,False,1000,1000
5555,70,unweighted_fl,10,0.0995222929936305,0,22,None,66,1,5,False,1000,1000
5556,71,unweighted_fl,10,0.1811305732484076,0,22,None,66,1,5,False,1000,1000
5557,72,unweighted_fl,10,0.0995222929936305,0,22,None,66,1,5,False,1000,1000
5558,73,unweighted_fl,10,0.0995222929936305,0,22,None,66,1,5,False,1000,1000
5559,74,unweighted_fl,10,0.0995222929936305,0,22,None,66,1,5,False,1000,1000
5560,70,unweighted_fl,10,0.0995222929936305,0,24,None,66,1,5,False,1000,1000
5561,71,unweighted_fl,10,0.0995222929936305,0,24,None,66,1,5,False,1000,1000
5562,72,unweighted_fl,10,0.0995222929936305,0,24,None,66,1,5,False,1000,1000
5563,73,unweighted_fl,10,0.0995222929936305,0,24,None,66,1,5,False,1000,1000
5564,74,unweighted_fl,10,0.0995222929936305,0,24,None,66,1,5,False,1000,1000
5565,70,unweighted_fl,10,0.0995222929936305,0,23,None,66,1,5,False,1000,1000
5566,71,unweighted_fl,10,0.0995222929936305,0,23,None,66,1,5,False,1000,1000
5567,72,unweighted_fl,10,0.0995222929936305,0,23,None,66,1,5,False,1000,1000
5568,73,unweighted_fl,10,0.0995222929936305,0,23,None,66,1,5,False,1000,1000
5569,74,unweighted_fl,10,0.0995222929936305,0,23,None,66,1,5,False,1000,1000
5570,70,unweighted_fl,10,0.0995222929936305,0,25,None,66,1,5,False,1000,1000
5571,71,unweighted_fl,10,0.0995222929936305,0,25,None,66,1,5,False,1000,1000
5572,72,unweighted_fl,10,0.0995222929936305,0,25,None,66,1,5,False,1000,1000
5573,73,unweighted_fl,10,0.17078025477707,0,25,None,66,1,5,False,1000,1000
5574,74,unweighted_fl,10,0.1790406050955414,0,25,None,66,1,5,False,1000,1000
5575,70,unweighted_fl,10,0.0995222929936305,0,27,None,66,1,5,False,1000,1000
5576,71,unweighted_fl,10,0.0995222929936305,0,27,None,66,1,5,False,1000,1000
5577,72,unweighted_fl,10,0.0995222929936305,0,27,None,66,1,5,False,1000,1000
5578,73,unweighted_fl,10,0.0995222929936305,0,27,None,66,1,5,False,1000,1000
5579,74,unweighted_fl,10,0.0995222929936305,0,27,None,66,1,5,False,1000,1000
5580,70,unweighted_fl,10,0.0995222929936305,0,26,None,66,1,5,False,1000,1000
5581,71,unweighted_fl,10,0.0995222929936305,0,26,None,66,1,5,False,1000,1000
5582,72,unweighted_fl,10,0.0995222929936305,0,26,None,66,1,5,False,1000,1000
5583,73,unweighted_fl,10,0.0995222929936305,0,26,None,66,1,5,False,1000,1000
5584,74,unweighted_fl,10,0.0995222929936305,0,26,None,66,1,5,False,1000,1000
5585,70,unweighted_fl,10,0.0995222929936305,0,28,None,66,1,5,False,1000,1000
5586,71,unweighted_fl,10,0.0995222929936305,0,28,None,66,1,5,False,1000,1000
5587,72,unweighted_fl,10,0.0995222929936305,0,28,None,66,1,5,False,1000,1000
5588,73,unweighted_fl,10,0.0995222929936305,0,28,None,66,1,5,False,1000,1000
5589,74,unweighted_fl,10,0.0995222929936305,0,28,None,66,1,5,False,1000,1000
5590,70,unweighted_fl,10,0.0995222929936305,0,30,None,66,1,5,False,1000,1000
5591,71,unweighted_fl,10,0.0995222929936305,0,30,None,66,1,5,False,1000,1000
5592,72,unweighted_fl,10,0.0995222929936305,0,30,None,66,1,5,False,1000,1000
5593,73,unweighted_fl,10,0.0995222929936305,0,30,None,66,1,5,False,1000,1000
5594,74,unweighted_fl,10,0.0995222929936305,0,30,None,66,1,5,False,1000,1000
5595,70,unweighted_fl,10,0.0995222929936305,0,29,None,66,1,5,False,1000,1000
5596,71,unweighted_fl,10,0.0995222929936305,0,29,None,66,1,5,False,1000,1000
5597,72,unweighted_fl,10,0.0995222929936305,0,29,None,66,1,5,False,1000,1000
5598,73,unweighted_fl,10,0.0995222929936305,0,29,None,66,1,5,False,1000,1000
5599,74,unweighted_fl,10,0.0995222929936305,0,29,None,66,1,5,False,1000,1000
5600,70,unweighted_fl,10,0.0995222929936305,0,31,None,66,1,5,False,1000,1000
5601,71,unweighted_fl,10,0.0995222929936305,0,31,None,66,1,5,False,1000,1000
5602,72,unweighted_fl,10,0.0995222929936305,0,31,None,66,1,5,False,1000,1000
5603,73,unweighted_fl,10,0.0995222929936305,0,31,None,66,1,5,False,1000,1000
5604,74,unweighted_fl,10,0.0995222929936305,0,31,None,66,1,5,False,1000,1000
5605,70,unweighted_fl,10,0.0995222929936305,0,32,None,66,1,5,False,1000,1000
5606,71,unweighted_fl,10,0.0995222929936305,0,32,None,66,1,5,False,1000,1000
5607,72,unweighted_fl,10,0.0995222929936305,0,32,None,66,1,5,False,1000,1000
5608,73,unweighted_fl,10,0.0995222929936305,0,32,None,66,1,5,False,1000,1000
5609,74,unweighted_fl,10,0.0995222929936305,0,32,None,66,1,5,False,1000,1000
5610,75,unweighted_fl,10,0.0995222929936305,0,0,None,66,1,5,False,1000,1000
5611,76,unweighted_fl,10,0.0995222929936305,0,0,None,66,1,5,False,1000,1000
5612,77,unweighted_fl,10,0.0995222929936305,0,0,None,66,1,5,False,1000,1000
5613,78,unweighted_fl,10,0.0995222929936305,0,0,None,66,1,5,False,1000,1000
5614,79,unweighted_fl,10,0.0995222929936305,0,0,None,66,1,5,False,1000,1000
5615,75,unweighted_fl,10,0.0995222929936305,0,2,None,66,1,5,False,1000,1000
5616,76,unweighted_fl,10,0.0995222929936305,0,2,None,66,1,5,False,1000,1000
5617,77,unweighted_fl,10,0.0995222929936305,0,2,None,66,1,5,False,1000,1000
5618,78,unweighted_fl,10,0.1581409235668789,0,2,None,66,1,5,False,1000,1000
5619,79,unweighted_fl,10,0.0995222929936305,0,2,None,66,1,5,False,1000,1000
5620,75,unweighted_fl,10,0.0995222929936305,0,3,None,66,1,5,False,1000,1000
5621,76,unweighted_fl,10,0.0995222929936305,0,3,None,66,1,5,False,1000,1000
5622,77,unweighted_fl,10,0.0995222929936305,0,3,None,66,1,5,False,1000,1000
5623,78,unweighted_fl,10,0.0995222929936305,0,3,None,66,1,5,False,1000,1000
5624,79,unweighted_fl,10,0.0995222929936305,0,3,None,66,1,5,False,1000,1000
5625,75,unweighted_fl,10,0.0995222929936305,0,1,None,66,1,5,False,1000,1000
5626,76,unweighted_fl,10,0.0995222929936305,0,1,None,66,1,5,False,1000,1000
5627,77,unweighted_fl,10,0.0995222929936305,0,1,None,66,1,5,False,1000,1000
5628,78,unweighted_fl,10,0.0995222929936305,0,1,None,66,1,5,False,1000,1000
5629,79,unweighted_fl,10,0.0995222929936305,0,1,None,66,1,5,False,1000,1000
5630,75,unweighted_fl,10,0.0995222929936305,0,4,None,66,1,5,False,1000,1000
5631,76,unweighted_fl,10,0.0995222929936305,0,4,None,66,1,5,False,1000,1000
5632,77,unweighted_fl,10,0.1835191082802547,0,4,None,66,1,5,False,1000,1000
5633,78,unweighted_fl,10,0.0995222929936305,0,4,None,66,1,5,False,1000,1000
5634,79,unweighted_fl,10,0.0995222929936305,0,4,None,66,1,5,False,1000,1000
5635,75,unweighted_fl,10,0.0995222929936305,0,6,None,66,1,5,False,1000,1000
5636,76,unweighted_fl,10,0.0995222929936305,0,6,None,66,1,5,False,1000,1000
5637,77,unweighted_fl,10,0.0995222929936305,0,6,None,66,1,5,False,1000,1000
5638,78,unweighted_fl,10,0.0995222929936305,0,6,None,66,1,5,False,1000,1000
5639,79,unweighted_fl,10,0.0995222929936305,0,6,None,66,1,5,False,1000,1000
5640,75,unweighted_fl,10,0.0995222929936305,0,7,None,66,1,5,False,1000,1000
5641,76,unweighted_fl,10,0.0995222929936305,0,7,None,66,1,5,False,1000,1000
5642,77,unweighted_fl,10,0.0995222929936305,0,7,None,66,1,5,False,1000,1000
5643,78,unweighted_fl,10,0.0995222929936305,0,7,None,66,1,5,False,1000,1000
5644,79,unweighted_fl,10,0.0995222929936305,0,7,None,66,1,5,False,1000,1000
5645,75,unweighted_fl,10,0.0995222929936305,0,5,None,66,1,5,False,1000,1000
5646,76,unweighted_fl,10,0.0995222929936305,0,5,None,66,1,5,False,1000,1000
5647,77,unweighted_fl,10,0.0995222929936305,0,5,None,66,1,5,False,1000,1000
5648,78,unweighted_fl,10,0.0995222929936305,0,5,None,66,1,5,False,1000,1000
5649,79,unweighted_fl,10,0.0995222929936305,0,5,None,66,1,5,False,1000,1000
5650,75,unweighted_fl,10,0.0995222929936305,0,8,None,66,1,5,False,1000,1000
5651,76,unweighted_fl,10,0.0995222929936305,0,8,None,66,1,5,False,1000,1000
5652,77,unweighted_fl,10,0.0995222929936305,0,8,None,66,1,5,False,1000,1000
5653,78,unweighted_fl,10,0.0995222929936305,0,8,None,66,1,5,False,1000,1000
5654,79,unweighted_fl,10,0.0995222929936305,0,8,None,66,1,5,False,1000,1000
5655,75,unweighted_fl,10,0.0995222929936305,0,10,None,66,1,5,False,1000,1000
5656,76,unweighted_fl,10,0.0995222929936305,0,10,None,66,1,5,False,1000,1000
5657,77,unweighted_fl,10,0.0997213375796178,0,10,None,66,1,5,False,1000,1000
5658,78,unweighted_fl,10,0.1046974522292993,0,10,None,66,1,5,False,1000,1000
5659,79,unweighted_fl,10,0.1156449044585987,0,10,None,66,1,5,False,1000,1000
5660,75,unweighted_fl,10,0.0995222929936305,0,11,None,66,1,5,False,1000,1000
5661,76,unweighted_fl,10,0.0995222929936305,0,11,None,66,1,5,False,1000,1000
5662,77,unweighted_fl,10,0.0995222929936305,0,11,None,66,1,5,False,1000,1000
5663,78,unweighted_fl,10,0.0995222929936305,0,11,None,66,1,5,False,1000,1000
5664,79,unweighted_fl,10,0.0995222929936305,0,11,None,66,1,5,False,1000,1000
5665,75,unweighted_fl,10,0.1034036624203821,0,9,None,66,1,5,False,1000,1000
5666,76,unweighted_fl,10,0.0995222929936305,0,9,None,66,1,5,False,1000,1000
5667,77,unweighted_fl,10,0.0995222929936305,0,9,None,66,1,5,False,1000,1000
5668,78,unweighted_fl,10,0.0995222929936305,0,9,None,66,1,5,False,1000,1000
5669,79,unweighted_fl,10,0.0995222929936305,0,9,None,66,1,5,False,1000,1000
5670,75,unweighted_fl,10,0.0995222929936305,0,12,None,66,1,5,False,1000,1000
5671,76,unweighted_fl,10,0.0995222929936305,0,12,None,66,1,5,False,1000,1000
5672,77,unweighted_fl,10,0.0995222929936305,0,12,None,66,1,5,False,1000,1000
5673,78,unweighted_fl,10,0.0995222929936305,0,12,None,66,1,5,False,1000,1000
5674,79,unweighted_fl,10,0.0995222929936305,0,12,None,66,1,5,False,1000,1000
5675,75,unweighted_fl,10,0.0995222929936305,0,14,None,66,1,5,False,1000,1000
5676,76,unweighted_fl,10,0.0995222929936305,0,14,None,66,1,5,False,1000,1000
5677,77,unweighted_fl,10,0.0995222929936305,0,14,None,66,1,5,False,1000,1000
5678,78,unweighted_fl,10,0.0995222929936305,0,14,None,66,1,5,False,1000,1000
5679,79,unweighted_fl,10,0.0995222929936305,0,14,None,66,1,5,False,1000,1000
5680,75,unweighted_fl,10,0.0995222929936305,0,15,None,66,1,5,False,1000,1000
5681,76,unweighted_fl,10,0.1061902866242038,0,15,None,66,1,5,False,1000,1000
5682,77,unweighted_fl,10,0.0995222929936305,0,15,None,66,1,5,False,1000,1000
5683,78,unweighted_fl,10,0.0995222929936305,0,15,None,66,1,5,False,1000,1000
5684,79,unweighted_fl,10,0.0995222929936305,0,15,None,66,1,5,False,1000,1000
5685,75,unweighted_fl,10,0.0995222929936305,0,13,None,66,1,5,False,1000,1000
5686,76,unweighted_fl,10,0.0995222929936305,0,13,None,66,1,5,False,1000,1000
5687,77,unweighted_fl,10,0.0995222929936305,0,13,None,66,1,5,False,1000,1000
5688,78,unweighted_fl,10,0.0995222929936305,0,13,None,66,1,5,False,1000,1000
5689,79,unweighted_fl,10,0.1000199044585987,0,13,None,66,1,5,False,1000,1000
5690,75,unweighted_fl,10,0.0995222929936305,0,16,None,66,1,5,False,1000,1000
5691,76,unweighted_fl,10,0.0995222929936305,0,16,None,66,1,5,False,1000,1000
5692,77,unweighted_fl,10,0.0995222929936305,0,16,None,66,1,5,False,1000,1000
5693,78,unweighted_fl,10,0.0995222929936305,0,16,None,66,1,5,False,1000,1000
5694,79,unweighted_fl,10,0.0995222929936305,0,16,None,66,1,5,False,1000,1000
5695,75,unweighted_fl,10,0.0995222929936305,0,18,None,66,1,5,False,1000,1000
5696,76,unweighted_fl,10,0.0995222929936305,0,18,None,66,1,5,False,1000,1000
5697,77,unweighted_fl,10,0.0995222929936305,0,18,None,66,1,5,False,1000,1000
5698,78,unweighted_fl,10,0.0995222929936305,0,18,None,66,1,5,False,1000,1000
5699,79,unweighted_fl,10,0.0995222929936305,0,18,None,66,1,5,False,1000,1000
5700,75,unweighted_fl,10,0.0995222929936305,0,17,None,66,1,5,False,1000,1000
5701,76,unweighted_fl,10,0.0995222929936305,0,17,None,66,1,5,False,1000,1000
5702,77,unweighted_fl,10,0.0995222929936305,0,17,None,66,1,5,False,1000,1000
5703,78,unweighted_fl,10,0.0995222929936305,0,17,None,66,1,5,False,1000,1000
5704,79,unweighted_fl,10,0.0995222929936305,0,17,None,66,1,5,False,1000,1000
5705,75,unweighted_fl,10,0.0995222929936305,0,19,None,66,1,5,False,1000,1000
5706,76,unweighted_fl,10,0.0995222929936305,0,19,None,66,1,5,False,1000,1000
5707,77,unweighted_fl,10,0.0995222929936305,0,19,None,66,1,5,False,1000,1000
5708,78,unweighted_fl,10,0.0995222929936305,0,19,None,66,1,5,False,1000,1000
5709,79,unweighted_fl,10,0.0995222929936305,0,19,None,66,1,5,False,1000,1000
5710,75,unweighted_fl,10,0.0995222929936305,0,21,None,66,1,5,False,1000,1000
5711,76,unweighted_fl,10,0.0995222929936305,0,21,None,66,1,5,False,1000,1000
5712,77,unweighted_fl,10,0.0995222929936305,0,21,None,66,1,5,False,1000,1000
5713,78,unweighted_fl,10,0.0995222929936305,0,21,None,66,1,5,False,1000,1000
5714,79,unweighted_fl,10,0.0995222929936305,0,21,None,66,1,5,False,1000,1000
5715,75,unweighted_fl,10,0.0995222929936305,0,22,None,66,1,5,False,1000,1000
5716,76,unweighted_fl,10,0.1931727707006369,0,22,None,66,1,5,False,1000,1000
5717,77,unweighted_fl,10,0.0995222929936305,0,22,None,66,1,5,False,1000,1000
5718,78,unweighted_fl,10,0.0995222929936305,0,22,None,66,1,5,False,1000,1000
5719,79,unweighted_fl,10,0.0995222929936305,0,22,None,66,1,5,False,1000,1000
5720,75,unweighted_fl,10,0.0995222929936305,0,23,None,66,1,5,False,1000,1000
5721,76,unweighted_fl,10,0.0995222929936305,0,23,None,66,1,5,False,1000,1000
5722,77,unweighted_fl,10,0.0995222929936305,0,23,None,66,1,5,False,1000,1000
5723,78,unweighted_fl,10,0.0995222929936305,0,23,None,66,1,5,False,1000,1000
5724,79,unweighted_fl,10,0.0995222929936305,0,23,None,66,1,5,False,1000,1000
5725,75,unweighted_fl,10,0.0995222929936305,0,20,None,66,1,5,False,1000,1000
5726,76,unweighted_fl,10,0.0995222929936305,0,20,None,66,1,5,False,1000,1000
5727,77,unweighted_fl,10,0.0995222929936305,0,20,None,66,1,5,False,1000,1000
5728,78,unweighted_fl,10,0.0995222929936305,0,20,None,66,1,5,False,1000,1000
5729,79,unweighted_fl,10,0.0995222929936305,0,20,None,66,1,5,False,1000,1000
5730,75,unweighted_fl,10,0.0995222929936305,0,24,None,66,1,5,False,1000,1000
5731,76,unweighted_fl,10,0.0995222929936305,0,24,None,66,1,5,False,1000,1000
5732,77,unweighted_fl,10,0.0995222929936305,0,24,None,66,1,5,False,1000,1000
5733,78,unweighted_fl,10,0.0995222929936305,0,24,None,66,1,5,False,1000,1000
5734,79,unweighted_fl,10,0.0995222929936305,0,24,None,66,1,5,False,1000,1000
5735,75,unweighted_fl,10,0.0995222929936305,0,26,None,66,1,5,False,1000,1000
5736,76,unweighted_fl,10,0.0995222929936305,0,26,None,66,1,5,False,1000,1000
5737,77,unweighted_fl,10,0.0995222929936305,0,26,None,66,1,5,False,1000,1000
5738,78,unweighted_fl,10,0.0995222929936305,0,26,None,66,1,5,False,1000,1000
5739,79,unweighted_fl,10,0.0995222929936305,0,26,None,66,1,5,False,1000,1000
5740,75,unweighted_fl,10,0.0995222929936305,0,25,None,66,1,5,False,1000,1000
5741,76,unweighted_fl,10,0.0995222929936305,0,25,None,66,1,5,False,1000,1000
5742,77,unweighted_fl,10,0.0995222929936305,0,25,None,66,1,5,False,1000,1000
5743,78,unweighted_fl,10,0.0995222929936305,0,25,None,66,1,5,False,1000,1000
5744,79,unweighted_fl,10,0.1801353503184713,0,25,None,66,1,5,False,1000,1000
5745,75,unweighted_fl,10,0.0995222929936305,0,27,None,66,1,5,False,1000,1000
5746,76,unweighted_fl,10,0.0995222929936305,0,27,None,66,1,5,False,1000,1000
5747,77,unweighted_fl,10,0.0995222929936305,0,27,None,66,1,5,False,1000,1000
5748,78,unweighted_fl,10,0.0995222929936305,0,27,None,66,1,5,False,1000,1000
5749,79,unweighted_fl,10,0.0995222929936305,0,27,None,66,1,5,False,1000,1000
5750,75,unweighted_fl,10,0.0995222929936305,0,29,None,66,1,5,False,1000,1000
5751,76,unweighted_fl,10,0.0995222929936305,0,29,None,66,1,5,False,1000,1000
5752,77,unweighted_fl,10,0.0995222929936305,0,29,None,66,1,5,False,1000,1000
5753,78,unweighted_fl,10,0.0995222929936305,0,29,None,66,1,5,False,1000,1000
5754,79,unweighted_fl,10,0.0995222929936305,0,29,None,66,1,5,False,1000,1000
5755,75,unweighted_fl,10,0.0995222929936305,0,30,None,66,1,5,False,1000,1000
5756,76,unweighted_fl,10,0.0995222929936305,0,30,None,66,1,5,False,1000,1000
5757,77,unweighted_fl,10,0.0995222929936305,0,30,None,66,1,5,False,1000,1000
5758,78,unweighted_fl,10,0.0995222929936305,0,30,None,66,1,5,False,1000,1000
5759,79,unweighted_fl,10,0.0995222929936305,0,30,None,66,1,5,False,1000,1000
5760,75,unweighted_fl,10,0.0995222929936305,0,28,None,66,1,5,False,1000,1000
5761,76,unweighted_fl,10,0.0995222929936305,0,28,None,66,1,5,False,1000,1000
5762,77,unweighted_fl,10,0.0995222929936305,0,28,None,66,1,5,False,1000,1000
5763,78,unweighted_fl,10,0.0995222929936305,0,28,None,66,1,5,False,1000,1000
5764,79,unweighted_fl,10,0.0995222929936305,0,28,None,66,1,5,False,1000,1000
5765,75,unweighted_fl,10,0.0995222929936305,0,31,None,66,1,5,False,1000,1000
5766,76,unweighted_fl,10,0.0995222929936305,0,31,None,66,1,5,False,1000,1000
5767,77,unweighted_fl,10,0.0995222929936305,0,31,None,66,1,5,False,1000,1000
5768,78,unweighted_fl,10,0.0995222929936305,0,31,None,66,1,5,False,1000,1000
5769,79,unweighted_fl,10,0.0995222929936305,0,31,None,66,1,5,False,1000,1000
5770,75,unweighted_fl,10,0.0995222929936305,0,32,None,66,1,5,False,1000,1000
5771,76,unweighted_fl,10,0.0995222929936305,0,32,None,66,1,5,False,1000,1000
5772,77,unweighted_fl,10,0.0995222929936305,0,32,None,66,1,5,False,1000,1000
5773,78,unweighted_fl,10,0.0995222929936305,0,32,None,66,1,5,False,1000,1000
5774,79,unweighted_fl,10,0.0995222929936305,0,32,None,66,1,5,False,1000,1000
6105,80,unweighted_fl,10,0.0995222929936305,0,0,None,66,1,5,False,1000,1000
6106,81,unweighted_fl,10,0.0995222929936305,0,0,None,66,1,5,False,1000,1000
6107,82,unweighted_fl,10,0.0995222929936305,0,0,None,66,1,5,False,1000,1000
6108,83,unweighted_fl,10,0.0995222929936305,0,0,None,66,1,5,False,1000,1000
6109,84,unweighted_fl,10,0.0995222929936305,0,0,None,66,1,5,False,1000,1000
6110,80,unweighted_fl,10,0.0995222929936305,0,2,None,66,1,5,False,1000,1000
6111,81,unweighted_fl,10,0.0995222929936305,0,2,None,66,1,5,False,1000,1000
6112,82,unweighted_fl,10,0.0995222929936305,0,2,None,66,1,5,False,1000,1000
6113,83,unweighted_fl,10,0.192874203821656,0,2,None,66,1,5,False,1000,1000
6114,84,unweighted_fl,10,0.0995222929936305,0,2,None,66,1,5,False,1000,1000
6115,80,unweighted_fl,10,0.0995222929936305,0,3,None,66,1,5,False,1000,1000
6116,81,unweighted_fl,10,0.0995222929936305,0,3,None,66,1,5,False,1000,1000
6117,82,unweighted_fl,10,0.0995222929936305,0,3,None,66,1,5,False,1000,1000
6118,83,unweighted_fl,10,0.0995222929936305,0,3,None,66,1,5,False,1000,1000
6119,84,unweighted_fl,10,0.0995222929936305,0,3,None,66,1,5,False,1000,1000
6120,80,unweighted_fl,10,0.0995222929936305,0,1,None,66,1,5,False,1000,1000
6121,81,unweighted_fl,10,0.0995222929936305,0,1,None,66,1,5,False,1000,1000
6122,82,unweighted_fl,10,0.0995222929936305,0,1,None,66,1,5,False,1000,1000
6123,83,unweighted_fl,10,0.0995222929936305,0,1,None,66,1,5,False,1000,1000
6124,84,unweighted_fl,10,0.0995222929936305,0,1,None,66,1,5,False,1000,1000
6125,80,unweighted_fl,10,0.0995222929936305,0,4,None,66,1,5,False,1000,1000
6126,81,unweighted_fl,10,0.0995222929936305,0,4,None,66,1,5,False,1000,1000
6127,82,unweighted_fl,10,0.1875995222929936,0,4,None,66,1,5,False,1000,1000
6128,83,unweighted_fl,10,0.1135549363057324,0,4,None,66,1,5,False,1000,1000
6129,84,unweighted_fl,10,0.0995222929936305,0,4,None,66,1,5,False,1000,1000
6130,80,unweighted_fl,10,0.0995222929936305,0,5,None,66,1,5,False,1000,1000
6131,81,unweighted_fl,10,0.0995222929936305,0,5,None,66,1,5,False,1000,1000
6132,82,unweighted_fl,10,0.0995222929936305,0,5,None,66,1,5,False,1000,1000
6133,83,unweighted_fl,10,0.0995222929936305,0,5,None,66,1,5,False,1000,1000
6134,84,unweighted_fl,10,0.0995222929936305,0,5,None,66,1,5,False,1000,1000
6135,80,unweighted_fl,10,0.0995222929936305,0,6,None,66,1,5,False,1000,1000
6136,81,unweighted_fl,10,0.0995222929936305,0,6,None,66,1,5,False,1000,1000
6137,82,unweighted_fl,10,0.0995222929936305,0,6,None,66,1,5,False,1000,1000
6138,83,unweighted_fl,10,0.0995222929936305,0,6,None,66,1,5,False,1000,1000
6139,84,unweighted_fl,10,0.0995222929936305,0,6,None,66,1,5,False,1000,1000
6140,80,unweighted_fl,10,0.0995222929936305,0,7,None,66,1,5,False,1000,1000
6141,81,unweighted_fl,10,0.0995222929936305,0,7,None,66,1,5,False,1000,1000
6142,82,unweighted_fl,10,0.0995222929936305,0,7,None,66,1,5,False,1000,1000
6143,83,unweighted_fl,10,0.0995222929936305,0,7,None,66,1,5,False,1000,1000
6144,84,unweighted_fl,10,0.0995222929936305,0,7,None,66,1,5,False,1000,1000
6145,80,unweighted_fl,10,0.0995222929936305,0,8,None,66,1,5,False,1000,1000
6146,81,unweighted_fl,10,0.0995222929936305,0,8,None,66,1,5,False,1000,1000
6147,82,unweighted_fl,10,0.0995222929936305,0,8,None,66,1,5,False,1000,1000
6148,83,unweighted_fl,10,0.0995222929936305,0,8,None,66,1,5,False,1000,1000
6149,84,unweighted_fl,10,0.0995222929936305,0,8,None,66,1,5,False,1000,1000
6150,80,unweighted_fl,10,0.0995222929936305,0,9,None,66,1,5,False,1000,1000
6151,81,unweighted_fl,10,0.0995222929936305,0,9,None,66,1,5,False,1000,1000
6152,82,unweighted_fl,10,0.0995222929936305,0,9,None,66,1,5,False,1000,1000
6153,83,unweighted_fl,10,0.0995222929936305,0,9,None,66,1,5,False,1000,1000
6154,84,unweighted_fl,10,0.0995222929936305,0,9,None,66,1,5,False,1000,1000
6155,80,unweighted_fl,10,0.1247014331210191,0,10,None,66,1,5,False,1000,1000
6156,81,unweighted_fl,10,0.1317675159235669,0,10,None,66,1,5,False,1000,1000
6157,82,unweighted_fl,10,0.133061305732484,0,10,None,66,1,5,False,1000,1000
6158,83,unweighted_fl,10,0.1280851910828025,0,10,None,66,1,5,False,1000,1000
6159,84,unweighted_fl,10,0.1146496815286624,0,10,None,66,1,5,False,1000,1000
6160,80,unweighted_fl,10,0.0995222929936305,0,11,None,66,1,5,False,1000,1000
6161,81,unweighted_fl,10,0.0995222929936305,0,11,None,66,1,5,False,1000,1000
6162,82,unweighted_fl,10,0.0995222929936305,0,11,None,66,1,5,False,1000,1000
6163,83,unweighted_fl,10,0.0995222929936305,0,11,None,66,1,5,False,1000,1000
6164,84,unweighted_fl,10,0.0995222929936305,0,11,None,66,1,5,False,1000,1000
6165,80,unweighted_fl,10,0.0995222929936305,0,12,None,66,1,5,False,1000,1000
6166,81,unweighted_fl,10,0.0995222929936305,0,12,None,66,1,5,False,1000,1000
6167,82,unweighted_fl,10,0.0995222929936305,0,12,None,66,1,5,False,1000,1000
6168,83,unweighted_fl,10,0.0995222929936305,0,12,None,66,1,5,False,1000,1000
6169,84,unweighted_fl,10,0.0995222929936305,0,12,None,66,1,5,False,1000,1000
6170,80,unweighted_fl,10,0.0995222929936305,0,13,None,66,1,5,False,1000,1000
6171,81,unweighted_fl,10,0.0995222929936305,0,13,None,66,1,5,False,1000,1000
6172,82,unweighted_fl,10,0.0995222929936305,0,13,None,66,1,5,False,1000,1000
6173,83,unweighted_fl,10,0.0995222929936305,0,13,None,66,1,5,False,1000,1000
6174,84,unweighted_fl,10,0.0995222929936305,0,13,None,66,1,5,False,1000,1000
6175,80,unweighted_fl,10,0.0995222929936305,0,14,None,66,1,5,False,1000,1000
6176,81,unweighted_fl,10,0.0995222929936305,0,14,None,66,1,5,False,1000,1000
6177,82,unweighted_fl,10,0.0995222929936305,0,14,None,66,1,5,False,1000,1000
6178,83,unweighted_fl,10,0.0995222929936305,0,14,None,66,1,5,False,1000,1000
6179,84,unweighted_fl,10,0.0995222929936305,0,14,None,66,1,5,False,1000,1000
6180,80,unweighted_fl,10,0.0995222929936305,0,15,None,66,1,5,False,1000,1000
6181,81,unweighted_fl,10,0.1329617834394904,0,15,None,66,1,5,False,1000,1000
6182,82,unweighted_fl,10,0.0995222929936305,0,15,None,66,1,5,False,1000,1000
6183,83,unweighted_fl,10,0.0995222929936305,0,15,None,66,1,5,False,1000,1000
6184,84,unweighted_fl,10,0.0995222929936305,0,15,None,66,1,5,False,1000,1000
6185,80,unweighted_fl,10,0.0995222929936305,0,16,None,66,1,5,False,1000,1000
6186,81,unweighted_fl,10,0.0995222929936305,0,16,None,66,1,5,False,1000,1000
6187,82,unweighted_fl,10,0.0995222929936305,0,16,None,66,1,5,False,1000,1000
6188,83,unweighted_fl,10,0.0995222929936305,0,16,None,66,1,5,False,1000,1000
6189,84,unweighted_fl,10,0.0995222929936305,0,16,None,66,1,5,False,1000,1000
6190,80,unweighted_fl,10,0.0995222929936305,0,17,None,66,1,5,False,1000,1000
6191,81,unweighted_fl,10,0.0995222929936305,0,17,None,66,1,5,False,1000,1000
6192,82,unweighted_fl,10,0.0995222929936305,0,17,None,66,1,5,False,1000,1000
6193,83,unweighted_fl,10,0.0995222929936305,0,17,None,66,1,5,False,1000,1000
6194,84,unweighted_fl,10,0.0995222929936305,0,17,None,66,1,5,False,1000,1000
6195,80,unweighted_fl,10,0.0995222929936305,0,18,None,66,1,5,False,1000,1000
6196,81,unweighted_fl,10,0.0995222929936305,0,18,None,66,1,5,False,1000,1000
6197,82,unweighted_fl,10,0.0995222929936305,0,18,None,66,1,5,False,1000,1000
6198,83,unweighted_fl,10,0.0995222929936305,0,18,None,66,1,5,False,1000,1000
6199,84,unweighted_fl,10,0.0995222929936305,0,18,None,66,1,5,False,1000,1000
6200,80,unweighted_fl,10,0.0995222929936305,0,20,None,66,1,5,False,1000,1000
6201,81,unweighted_fl,10,0.0995222929936305,0,20,None,66,1,5,False,1000,1000
6202,82,unweighted_fl,10,0.0995222929936305,0,20,None,66,1,5,False,1000,1000
6203,83,unweighted_fl,10,0.0995222929936305,0,20,None,66,1,5,False,1000,1000
6204,84,unweighted_fl,10,0.0995222929936305,0,20,None,66,1,5,False,1000,1000
6205,80,unweighted_fl,10,0.0995222929936305,0,21,None,66,1,5,False,1000,1000
6206,81,unweighted_fl,10,0.0995222929936305,0,21,None,66,1,5,False,1000,1000
6207,82,unweighted_fl,10,0.0995222929936305,0,21,None,66,1,5,False,1000,1000
6208,83,unweighted_fl,10,0.0995222929936305,0,21,None,66,1,5,False,1000,1000
6209,84,unweighted_fl,10,0.0995222929936305,0,21,None,66,1,5,False,1000,1000
6210,80,unweighted_fl,10,0.0995222929936305,0,19,None,66,1,5,False,1000,1000
6211,81,unweighted_fl,10,0.0995222929936305,0,19,None,66,1,5,False,1000,1000
6212,82,unweighted_fl,10,0.0995222929936305,0,19,None,66,1,5,False,1000,1000
6213,83,unweighted_fl,10,0.0995222929936305,0,19,None,66,1,5,False,1000,1000
6214,84,unweighted_fl,10,0.0995222929936305,0,19,None,66,1,5,False,1000,1000
6215,80,unweighted_fl,10,0.0995222929936305,0,22,None,66,1,5,False,1000,1000
6216,81,unweighted_fl,10,0.1704816878980891,0,22,None,66,1,5,False,1000,1000
6217,82,unweighted_fl,10,0.0995222929936305,0,22,None,66,1,5,False,1000,1000
6218,83,unweighted_fl,10,0.0995222929936305,0,22,None,66,1,5,False,1000,1000
6219,84,unweighted_fl,10,0.0995222929936305,0,22,None,66,1,5,False,1000,1000
6220,80,unweighted_fl,10,0.0995222929936305,0,23,None,66,1,5,False,1000,1000
6221,81,unweighted_fl,10,0.0995222929936305,0,23,None,66,1,5,False,1000,1000
6222,82,unweighted_fl,10,0.0995222929936305,0,23,None,66,1,5,False,1000,1000
6223,83,unweighted_fl,10,0.0995222929936305,0,23,None,66,1,5,False,1000,1000
6224,84,unweighted_fl,10,0.0995222929936305,0,23,None,66,1,5,False,1000,1000
6225,80,unweighted_fl,10,0.0995222929936305,0,24,None,66,1,5,False,1000,1000
6226,81,unweighted_fl,10,0.0995222929936305,0,24,None,66,1,5,False,1000,1000
6227,82,unweighted_fl,10,0.0995222929936305,0,24,None,66,1,5,False,1000,1000
6228,83,unweighted_fl,10,0.0995222929936305,0,24,None,66,1,5,False,1000,1000
6229,84,unweighted_fl,10,0.0995222929936305,0,24,None,66,1,5,False,1000,1000
6230,80,unweighted_fl,10,0.0995222929936305,0,26,None,66,1,5,False,1000,1000
6231,81,unweighted_fl,10,0.0995222929936305,0,26,None,66,1,5,False,1000,1000
6232,82,unweighted_fl,10,0.0995222929936305,0,26,None,66,1,5,False,1000,1000
6233,83,unweighted_fl,10,0.0995222929936305,0,26,None,66,1,5,False,1000,1000
6234,84,unweighted_fl,10,0.0995222929936305,0,26,None,66,1,5,False,1000,1000
6235,80,unweighted_fl,10,0.0995222929936305,0,25,None,66,1,5,False,1000,1000
6236,81,unweighted_fl,10,0.0995222929936305,0,25,None,66,1,5,False,1000,1000
6237,82,unweighted_fl,10,0.0995222929936305,0,25,None,66,1,5,False,1000,1000
6238,83,unweighted_fl,10,0.0995222929936305,0,25,None,66,1,5,False,1000,1000
6239,84,unweighted_fl,10,0.1803343949044586,0,25,None,66,1,5,False,1000,1000
6240,80,unweighted_fl,10,0.0995222929936305,0,27,None,66,1,5,False,1000,1000
6241,81,unweighted_fl,10,0.0995222929936305,0,27,None,66,1,5,False,1000,1000
6242,82,unweighted_fl,10,0.0995222929936305,0,27,None,66,1,5,False,1000,1000
6243,83,unweighted_fl,10,0.0995222929936305,0,27,None,66,1,5,False,1000,1000
6244,84,unweighted_fl,10,0.0995222929936305,0,27,None,66,1,5,False,1000,1000
6245,80,unweighted_fl,10,0.0995222929936305,0,28,None,66,1,5,False,1000,1000
6246,81,unweighted_fl,10,0.0995222929936305,0,28,None,66,1,5,False,1000,1000
6247,82,unweighted_fl,10,0.0995222929936305,0,28,None,66,1,5,False,1000,1000
6248,83,unweighted_fl,10,0.0995222929936305,0,28,None,66,1,5,False,1000,1000
6249,84,unweighted_fl,10,0.0995222929936305,0,28,None,66,1,5,False,1000,1000
6250,80,unweighted_fl,10,0.0995222929936305,0,29,None,66,1,5,False,1000,1000
6251,81,unweighted_fl,10,0.0995222929936305,0,29,None,66,1,5,False,1000,1000
6252,82,unweighted_fl,10,0.0995222929936305,0,29,None,66,1,5,False,1000,1000
6253,83,unweighted_fl,10,0.0995222929936305,0,29,None,66,1,5,False,1000,1000
6254,84,unweighted_fl,10,0.0995222929936305,0,29,None,66,1,5,False,1000,1000
6255,80,unweighted_fl,10,0.0995222929936305,0,30,None,66,1,5,False,1000,1000
6256,81,unweighted_fl,10,0.0995222929936305,0,30,None,66,1,5,False,1000,1000
6257,82,unweighted_fl,10,0.0995222929936305,0,30,None,66,1,5,False,1000,1000
6258,83,unweighted_fl,10,0.0995222929936305,0,30,None,66,1,5,False,1000,1000
6259,84,unweighted_fl,10,0.0995222929936305,0,30,None,66,1,5,False,1000,1000
6260,80,unweighted_fl,10,0.0995222929936305,0,31,None,66,1,5,False,1000,1000
6261,81,unweighted_fl,10,0.0995222929936305,0,31,None,66,1,5,False,1000,1000
6262,82,unweighted_fl,10,0.0995222929936305,0,31,None,66,1,5,False,1000,1000
6263,83,unweighted_fl,10,0.0995222929936305,0,31,None,66,1,5,False,1000,1000
6264,84,unweighted_fl,10,0.0995222929936305,0,31,None,66,1,5,False,1000,1000
6265,80,unweighted_fl,10,0.0995222929936305,0,32,None,66,1,5,False,1000,1000
6266,81,unweighted_fl,10,0.0995222929936305,0,32,None,66,1,5,False,1000,1000
6267,82,unweighted_fl,10,0.0995222929936305,0,32,None,66,1,5,False,1000,1000
6268,83,unweighted_fl,10,0.0995222929936305,0,32,None,66,1,5,False,1000,1000
6269,84,unweighted_fl,10,0.0995222929936305,0,32,None,66,1,5,False,1000,1000
6270,85,unweighted_fl,10,0.0995222929936305,0,0,None,66,1,5,False,1000,1000
6271,86,unweighted_fl,10,0.0995222929936305,0,0,None,66,1,5,False,1000,1000
6272,87,unweighted_fl,10,0.0995222929936305,0,0,None,66,1,5,False,1000,1000
6273,88,unweighted_fl,10,0.0995222929936305,0,0,None,66,1,5,False,1000,1000
6274,89,unweighted_fl,10,0.0995222929936305,0,0,None,66,1,5,False,1000,1000
6275,85,unweighted_fl,10,0.0995222929936305,0,2,None,66,1,5,False,1000,1000
6276,86,unweighted_fl,10,0.0995222929936305,0,2,None,66,1,5,False,1000,1000
6277,87,unweighted_fl,10,0.0995222929936305,0,2,None,66,1,5,False,1000,1000
6278,88,unweighted_fl,10,0.1698845541401273,0,2,None,66,1,5,False,1000,1000
6279,89,unweighted_fl,10,0.0995222929936305,0,2,None,66,1,5,False,1000,1000
6280,85,unweighted_fl,10,0.0995222929936305,0,1,None,66,1,5,False,1000,1000
6281,86,unweighted_fl,10,0.0995222929936305,0,1,None,66,1,5,False,1000,1000
6282,87,unweighted_fl,10,0.0995222929936305,0,1,None,66,1,5,False,1000,1000
6283,88,unweighted_fl,10,0.0995222929936305,0,1,None,66,1,5,False,1000,1000
6284,89,unweighted_fl,10,0.0995222929936305,0,1,None,66,1,5,False,1000,1000
6285,85,unweighted_fl,10,0.0995222929936305,0,3,None,66,1,5,False,1000,1000
6286,86,unweighted_fl,10,0.0995222929936305,0,3,None,66,1,5,False,1000,1000
6287,87,unweighted_fl,10,0.0995222929936305,0,3,None,66,1,5,False,1000,1000
6288,88,unweighted_fl,10,0.0995222929936305,0,3,None,66,1,5,False,1000,1000
6289,89,unweighted_fl,10,0.0995222929936305,0,3,None,66,1,5,False,1000,1000
6290,85,unweighted_fl,10,0.1140525477707006,0,4,None,66,1,5,False,1000,1000
6291,86,unweighted_fl,10,0.0995222929936305,0,4,None,66,1,5,False,1000,1000
6292,87,unweighted_fl,10,0.0996218152866242,0,4,None,66,1,5,False,1000,1000
6293,88,unweighted_fl,10,0.1872014331210191,0,4,None,66,1,5,False,1000,1000
6294,89,unweighted_fl,10,0.1259952229299363,0,4,None,66,1,5,False,1000,1000
6295,85,unweighted_fl,10,0.0995222929936305,0,5,None,66,1,5,False,1000,1000
6296,86,unweighted_fl,10,0.0995222929936305,0,5,None,66,1,5,False,1000,1000
6297,87,unweighted_fl,10,0.0995222929936305,0,5,None,66,1,5,False,1000,1000
6298,88,unweighted_fl,10,0.0995222929936305,0,5,None,66,1,5,False,1000,1000
6299,89,unweighted_fl,10,0.0995222929936305,0,5,None,66,1,5,False,1000,1000
6300,85,unweighted_fl,10,0.0995222929936305,0,6,None,66,1,5,False,1000,1000
6301,86,unweighted_fl,10,0.0995222929936305,0,6,None,66,1,5,False,1000,1000
6302,87,unweighted_fl,10,0.0995222929936305,0,6,None,66,1,5,False,1000,1000
6303,88,unweighted_fl,10,0.0995222929936305,0,6,None,66,1,5,False,1000,1000
6304,89,unweighted_fl,10,0.0995222929936305,0,6,None,66,1,5,False,1000,1000
6305,85,unweighted_fl,10,0.1004179936305732,0,7,None,66,1,5,False,1000,1000
6306,86,unweighted_fl,10,0.0995222929936305,0,7,None,66,1,5,False,1000,1000
6307,87,unweighted_fl,10,0.0995222929936305,0,7,None,66,1,5,False,1000,1000
6308,88,unweighted_fl,10,0.0995222929936305,0,7,None,66,1,5,False,1000,1000
6309,89,unweighted_fl,10,0.0995222929936305,0,7,None,66,1,5,False,1000,1000
6310,85,unweighted_fl,10,0.0995222929936305,0,8,None,66,1,5,False,1000,1000
6311,86,unweighted_fl,10,0.0995222929936305,0,8,None,66,1,5,False,1000,1000
6312,87,unweighted_fl,10,0.0995222929936305,0,8,None,66,1,5,False,1000,1000
6313,88,unweighted_fl,10,0.0995222929936305,0,8,None,66,1,5,False,1000,1000
6314,89,unweighted_fl,10,0.0995222929936305,0,8,None,66,1,5,False,1000,1000
6315,85,unweighted_fl,10,0.1197253184713375,0,9,None,66,1,5,False,1000,1000
6316,86,unweighted_fl,10,0.0995222929936305,0,9,None,66,1,5,False,1000,1000
6317,87,unweighted_fl,10,0.0995222929936305,0,9,None,66,1,5,False,1000,1000
6318,88,unweighted_fl,10,0.0995222929936305,0,9,None,66,1,5,False,1000,1000
6319,89,unweighted_fl,10,0.0995222929936305,0,9,None,66,1,5,False,1000,1000
6320,85,unweighted_fl,10,0.0995222929936305,0,11,None,66,1,5,False,1000,1000
6321,86,unweighted_fl,10,0.0995222929936305,0,11,None,66,1,5,False,1000,1000
6322,87,unweighted_fl,10,0.0995222929936305,0,11,None,66,1,5,False,1000,1000
6323,88,unweighted_fl,10,0.0995222929936305,0,11,None,66,1,5,False,1000,1000
6324,89,unweighted_fl,10,0.0995222929936305,0,11,None,66,1,5,False,1000,1000
6325,85,unweighted_fl,10,0.0995222929936305,0,12,None,66,1,5,False,1000,1000
6326,86,unweighted_fl,10,0.0995222929936305,0,12,None,66,1,5,False,1000,1000
6327,87,unweighted_fl,10,0.0995222929936305,0,12,None,66,1,5,False,1000,1000
6328,88,unweighted_fl,10,0.0995222929936305,0,12,None,66,1,5,False,1000,1000
6329,89,unweighted_fl,10,0.0995222929936305,0,12,None,66,1,5,False,1000,1000
6330,85,unweighted_fl,10,0.101811305732484,0,10,None,66,1,5,False,1000,1000
6331,86,unweighted_fl,10,0.110171178343949,0,10,None,66,1,5,False,1000,1000
6332,87,unweighted_fl,10,0.1196257961783439,0,10,None,66,1,5,False,1000,1000
6333,88,unweighted_fl,10,0.1279856687898089,0,10,None,66,1,5,False,1000,1000
6334,89,unweighted_fl,10,0.1353503184713375,0,10,None,66,1,5,False,1000,1000
6335,85,unweighted_fl,10,0.0995222929936305,0,13,None,66,1,5,False,1000,1000
6336,86,unweighted_fl,10,0.0995222929936305,0,13,None,66,1,5,False,1000,1000
6337,87,unweighted_fl,10,0.0995222929936305,0,13,None,66,1,5,False,1000,1000
6338,88,unweighted_fl,10,0.0995222929936305,0,13,None,66,1,5,False,1000,1000
6339,89,unweighted_fl,10,0.0995222929936305,0,13,None,66,1,5,False,1000,1000
6340,85,unweighted_fl,10,0.0995222929936305,0,14,None,66,1,5,False,1000,1000
6341,86,unweighted_fl,10,0.0995222929936305,0,14,None,66,1,5,False,1000,1000
6342,87,unweighted_fl,10,0.0995222929936305,0,14,None,66,1,5,False,1000,1000
6343,88,unweighted_fl,10,0.0995222929936305,0,14,None,66,1,5,False,1000,1000
6344,89,unweighted_fl,10,0.0995222929936305,0,14,None,66,1,5,False,1000,1000
6345,85,unweighted_fl,10,0.0995222929936305,0,15,None,66,1,5,False,1000,1000
6346,86,unweighted_fl,10,0.1383359872611465,0,15,None,66,1,5,False,1000,1000
6347,87,unweighted_fl,10,0.0995222929936305,0,15,None,66,1,5,False,1000,1000
6348,88,unweighted_fl,10,0.0995222929936305,0,15,None,66,1,5,False,1000,1000
6349,89,unweighted_fl,10,0.0995222929936305,0,15,None,66,1,5,False,1000,1000
6350,85,unweighted_fl,10,0.0995222929936305,0,16,None,66,1,5,False,1000,1000
6351,86,unweighted_fl,10,0.0995222929936305,0,16,None,66,1,5,False,1000,1000
6352,87,unweighted_fl,10,0.0995222929936305,0,16,None,66,1,5,False,1000,1000
6353,88,unweighted_fl,10,0.0995222929936305,0,16,None,66,1,5,False,1000,1000
6354,89,unweighted_fl,10,0.0995222929936305,0,16,None,66,1,5,False,1000,1000
6355,85,unweighted_fl,10,0.0995222929936305,0,17,None,66,1,5,False,1000,1000
6356,86,unweighted_fl,10,0.0995222929936305,0,17,None,66,1,5,False,1000,1000
6357,87,unweighted_fl,10,0.0995222929936305,0,17,None,66,1,5,False,1000,1000
6358,88,unweighted_fl,10,0.0995222929936305,0,17,None,66,1,5,False,1000,1000
6359,89,unweighted_fl,10,0.0995222929936305,0,17,None,66,1,5,False,1000,1000
6360,85,unweighted_fl,10,0.0995222929936305,0,18,None,66,1,5,False,1000,1000
6361,86,unweighted_fl,10,0.0995222929936305,0,18,None,66,1,5,False,1000,1000
6362,87,unweighted_fl,10,0.1040007961783439,0,18,None,66,1,5,False,1000,1000
6363,88,unweighted_fl,10,0.0995222929936305,0,18,None,66,1,5,False,1000,1000
6364,89,unweighted_fl,10,0.0995222929936305,0,18,None,66,1,5,False,1000,1000
6365,85,unweighted_fl,10,0.0995222929936305,0,19,None,66,1,5,False,1000,1000
6366,86,unweighted_fl,10,0.0995222929936305,0,19,None,66,1,5,False,1000,1000
6367,87,unweighted_fl,10,0.0995222929936305,0,19,None,66,1,5,False,1000,1000
6368,88,unweighted_fl,10,0.0995222929936305,0,19,None,66,1,5,False,1000,1000
6369,89,unweighted_fl,10,0.0995222929936305,0,19,None,66,1,5,False,1000,1000
6370,85,unweighted_fl,10,0.0995222929936305,0,20,None,66,1,5,False,1000,1000
6371,86,unweighted_fl,10,0.1003184713375796,0,20,None,66,1,5,False,1000,1000
6372,87,unweighted_fl,10,0.0995222929936305,0,20,None,66,1,5,False,1000,1000
6373,88,unweighted_fl,10,0.0995222929936305,0,20,None,66,1,5,False,1000,1000
6374,89,unweighted_fl,10,0.0995222929936305,0,20,None,66,1,5,False,1000,1000
6375,85,unweighted_fl,10,0.0995222929936305,0,21,None,66,1,5,False,1000,1000
6376,86,unweighted_fl,10,0.0995222929936305,0,21,None,66,1,5,False,1000,1000
6377,87,unweighted_fl,10,0.0995222929936305,0,21,None,66,1,5,False,1000,1000
6378,88,unweighted_fl,10,0.0995222929936305,0,21,None,66,1,5,False,1000,1000
6379,89,unweighted_fl,10,0.0995222929936305,0,21,None,66,1,5,False,1000,1000
6380,85,unweighted_fl,10,0.0995222929936305,0,22,None,66,1,5,False,1000,1000
6381,86,unweighted_fl,10,0.1534633757961783,0,22,None,66,1,5,False,1000,1000
6382,87,unweighted_fl,10,0.0995222929936305,0,22,None,66,1,5,False,1000,1000
6383,88,unweighted_fl,10,0.0995222929936305,0,22,None,66,1,5,False,1000,1000
6384,89,unweighted_fl,10,0.0995222929936305,0,22,None,66,1,5,False,1000,1000
6385,85,unweighted_fl,10,0.0995222929936305,0,23,None,66,1,5,False,1000,1000
6386,86,unweighted_fl,10,0.0995222929936305,0,23,None,66,1,5,False,1000,1000
6387,87,unweighted_fl,10,0.0995222929936305,0,23,None,66,1,5,False,1000,1000
6388,88,unweighted_fl,10,0.0995222929936305,0,23,None,66,1,5,False,1000,1000
6389,89,unweighted_fl,10,0.0995222929936305,0,23,None,66,1,5,False,1000,1000
6390,85,unweighted_fl,10,0.0995222929936305,0,25,None,66,1,5,False,1000,1000
6391,86,unweighted_fl,10,0.0995222929936305,0,25,None,66,1,5,False,1000,1000
6392,87,unweighted_fl,10,0.0995222929936305,0,25,None,66,1,5,False,1000,1000
6393,88,unweighted_fl,10,0.0995222929936305,0,25,None,66,1,5,False,1000,1000
6394,89,unweighted_fl,10,0.1533638535031847,0,25,None,66,1,5,False,1000,1000
6395,85,unweighted_fl,10,0.0995222929936305,0,26,None,66,1,5,False,1000,1000
6396,86,unweighted_fl,10,0.0995222929936305,0,26,None,66,1,5,False,1000,1000
6397,87,unweighted_fl,10,0.0995222929936305,0,26,None,66,1,5,False,1000,1000
6398,88,unweighted_fl,10,0.0995222929936305,0,26,None,66,1,5,False,1000,1000
6399,89,unweighted_fl,10,0.0995222929936305,0,26,None,66,1,5,False,1000,1000
6400,85,unweighted_fl,10,0.0995222929936305,0,24,None,66,1,5,False,1000,1000
6401,86,unweighted_fl,10,0.0995222929936305,0,24,None,66,1,5,False,1000,1000
6402,87,unweighted_fl,10,0.0995222929936305,0,24,None,66,1,5,False,1000,1000
6403,88,unweighted_fl,10,0.0995222929936305,0,24,None,66,1,5,False,1000,1000
6404,89,unweighted_fl,10,0.0995222929936305,0,24,None,66,1,5,False,1000,1000
6405,85,unweighted_fl,10,0.0995222929936305,0,27,None,66,1,5,False,1000,1000
6406,86,unweighted_fl,10,0.0995222929936305,0,27,None,66,1,5,False,1000,1000
6407,87,unweighted_fl,10,0.0995222929936305,0,27,None,66,1,5,False,1000,1000
6408,88,unweighted_fl,10,0.0995222929936305,0,27,None,66,1,5,False,1000,1000
6409,89,unweighted_fl,10,0.0995222929936305,0,27,None,66,1,5,False,1000,1000
6410,85,unweighted_fl,10,0.0995222929936305,0,28,None,66,1,5,False,1000,1000
6411,86,unweighted_fl,10,0.0995222929936305,0,28,None,66,1,5,False,1000,1000
6412,87,unweighted_fl,10,0.0995222929936305,0,28,None,66,1,5,False,1000,1000
6413,88,unweighted_fl,10,0.0995222929936305,0,28,None,66,1,5,False,1000,1000
6414,89,unweighted_fl,10,0.0995222929936305,0,28,None,66,1,5,False,1000,1000
6415,85,unweighted_fl,10,0.0995222929936305,0,29,None,66,1,5,False,1000,1000
6416,86,unweighted_fl,10,0.0995222929936305,0,29,None,66,1,5,False,1000,1000
6417,87,unweighted_fl,10,0.0995222929936305,0,29,None,66,1,5,False,1000,1000
6418,88,unweighted_fl,10,0.0995222929936305,0,29,None,66,1,5,False,1000,1000
6419,89,unweighted_fl,10,0.0995222929936305,0,29,None,66,1,5,False,1000,1000
6420,85,unweighted_fl,10,0.0995222929936305,0,31,None,66,1,5,False,1000,1000
6421,86,unweighted_fl,10,0.0995222929936305,0,31,None,66,1,5,False,1000,1000
6422,87,unweighted_fl,10,0.0995222929936305,0,31,None,66,1,5,False,1000,1000
6423,88,unweighted_fl,10,0.0995222929936305,0,31,None,66,1,5,False,1000,1000
6424,89,unweighted_fl,10,0.0995222929936305,0,31,None,66,1,5,False,1000,1000
6425,85,unweighted_fl,10,0.0995222929936305,0,30,None,66,1,5,False,1000,1000
6426,86,unweighted_fl,10,0.0995222929936305,0,30,None,66,1,5,False,1000,1000
6427,87,unweighted_fl,10,0.0995222929936305,0,30,None,66,1,5,False,1000,1000
6428,88,unweighted_fl,10,0.0995222929936305,0,30,None,66,1,5,False,1000,1000
6429,89,unweighted_fl,10,0.0995222929936305,0,30,None,66,1,5,False,1000,1000
6430,85,unweighted_fl,10,0.0995222929936305,0,32,None,66,1,5,False,1000,1000
6431,86,unweighted_fl,10,0.0995222929936305,0,32,None,66,1,5,False,1000,1000
6432,87,unweighted_fl,10,0.0995222929936305,0,32,None,66,1,5,False,1000,1000
6433,88,unweighted_fl,10,0.0995222929936305,0,32,None,66,1,5,False,1000,1000
6434,89,unweighted_fl,10,0.0995222929936305,0,32,None,66,1,5,False,1000,1000
6435,90,unweighted_fl,10,0.0995222929936305,0,1,None,66,1,5,False,1000,1000
6436,91,unweighted_fl,10,0.0995222929936305,0,1,None,66,1,5,False,1000,1000
6437,92,unweighted_fl,10,0.0995222929936305,0,1,None,66,1,5,False,1000,1000
6438,93,unweighted_fl,10,0.0995222929936305,0,1,None,66,1,5,False,1000,1000
6439,94,unweighted_fl,10,0.0995222929936305,0,1,None,66,1,5,False,1000,1000
6440,90,unweighted_fl,10,0.0995222929936305,0,2,None,66,1,5,False,1000,1000
6441,91,unweighted_fl,10,0.0995222929936305,0,2,None,66,1,5,False,1000,1000
6442,92,unweighted_fl,10,0.0995222929936305,0,2,None,66,1,5,False,1000,1000
6443,93,unweighted_fl,10,0.1757563694267516,0,2,None,66,1,5,False,1000,1000
6444,94,unweighted_fl,10,0.0995222929936305,0,2,None,66,1,5,False,1000,1000
6445,90,unweighted_fl,10,0.0995222929936305,0,0,None,66,1,5,False,1000,1000
6446,91,unweighted_fl,10,0.1275875796178344,0,0,None,66,1,5,False,1000,1000
6447,92,unweighted_fl,10,0.0995222929936305,0,0,None,66,1,5,False,1000,1000
6448,93,unweighted_fl,10,0.0995222929936305,0,0,None,66,1,5,False,1000,1000
6449,94,unweighted_fl,10,0.0995222929936305,0,0,None,66,1,5,False,1000,1000
6450,90,unweighted_fl,10,0.0995222929936305,0,3,None,66,1,5,False,1000,1000
6451,91,unweighted_fl,10,0.0995222929936305,0,3,None,66,1,5,False,1000,1000
6452,92,unweighted_fl,10,0.0995222929936305,0,3,None,66,1,5,False,1000,1000
6453,93,unweighted_fl,10,0.0995222929936305,0,3,None,66,1,5,False,1000,1000
6454,94,unweighted_fl,10,0.0995222929936305,0,3,None,66,1,5,False,1000,1000
6455,90,unweighted_fl,10,0.0995222929936305,0,5,None,66,1,5,False,1000,1000
6456,91,unweighted_fl,10,0.0995222929936305,0,5,None,66,1,5,False,1000,1000
6457,92,unweighted_fl,10,0.0995222929936305,0,5,None,66,1,5,False,1000,1000
6458,93,unweighted_fl,10,0.1002189490445859,0,5,None,66,1,5,False,1000,1000
6459,94,unweighted_fl,10,0.0995222929936305,0,5,None,66,1,5,False,1000,1000
6460,90,unweighted_fl,10,0.1102707006369426,0,6,None,66,1,5,False,1000,1000
6461,91,unweighted_fl,10,0.0995222929936305,0,6,None,66,1,5,False,1000,1000
6462,92,unweighted_fl,10,0.0995222929936305,0,6,None,66,1,5,False,1000,1000
6463,93,unweighted_fl,10,0.0995222929936305,0,6,None,66,1,5,False,1000,1000
6464,94,unweighted_fl,10,0.0995222929936305,0,6,None,66,1,5,False,1000,1000
6465,90,unweighted_fl,10,0.0995222929936305,0,4,None,66,1,5,False,1000,1000
6466,91,unweighted_fl,10,0.0995222929936305,0,4,None,66,1,5,False,1000,1000
6467,92,unweighted_fl,10,0.1870023885350318,0,4,None,66,1,5,False,1000,1000
6468,93,unweighted_fl,10,0.1688893312101911,0,4,None,66,1,5,False,1000,1000
6469,94,unweighted_fl,10,0.0998208598726114,0,4,None,66,1,5,False,1000,1000
6470,90,unweighted_fl,10,0.1102707006369426,0,7,None,66,1,5,False,1000,1000
6471,91,unweighted_fl,10,0.0995222929936305,0,7,None,66,1,5,False,1000,1000
6472,92,unweighted_fl,10,0.0995222929936305,0,7,None,66,1,5,False,1000,1000
6473,93,unweighted_fl,10,0.0995222929936305,0,7,None,66,1,5,False,1000,1000
6474,94,unweighted_fl,10,0.0995222929936305,0,7,None,66,1,5,False,1000,1000
6475,90,unweighted_fl,10,0.117436305732484,0,9,None,66,1,5,False,1000,1000
6476,91,unweighted_fl,10,0.0995222929936305,0,9,None,66,1,5,False,1000,1000
6477,92,unweighted_fl,10,0.0995222929936305,0,9,None,66,1,5,False,1000,1000
6478,93,unweighted_fl,10,0.0995222929936305,0,9,None,66,1,5,False,1000,1000
6479,94,unweighted_fl,10,0.0995222929936305,0,9,None,66,1,5,False,1000,1000
6480,90,unweighted_fl,10,0.0995222929936305,0,10,None,66,1,5,False,1000,1000
6481,91,unweighted_fl,10,0.0995222929936305,0,10,None,66,1,5,False,1000,1000
6482,92,unweighted_fl,10,0.1014132165605095,0,10,None,66,1,5,False,1000,1000
6483,93,unweighted_fl,10,0.1076831210191082,0,10,None,66,1,5,False,1000,1000
6484,94,unweighted_fl,10,0.1161425159235668,0,10,None,66,1,5,False,1000,1000
6485,90,unweighted_fl,10,0.0995222929936305,0,8,None,66,1,5,False,1000,1000
6486,91,unweighted_fl,10,0.0995222929936305,0,8,None,66,1,5,False,1000,1000
6487,92,unweighted_fl,10,0.0995222929936305,0,8,None,66,1,5,False,1000,1000
6488,93,unweighted_fl,10,0.0995222929936305,0,8,None,66,1,5,False,1000,1000
6489,94,unweighted_fl,10,0.0995222929936305,0,8,None,66,1,5,False,1000,1000
6490,90,unweighted_fl,10,0.0995222929936305,0,11,None,66,1,5,False,1000,1000
6491,91,unweighted_fl,10,0.0995222929936305,0,11,None,66,1,5,False,1000,1000
6492,92,unweighted_fl,10,0.0995222929936305,0,11,None,66,1,5,False,1000,1000
6493,93,unweighted_fl,10,0.0995222929936305,0,11,None,66,1,5,False,1000,1000
6494,94,unweighted_fl,10,0.0995222929936305,0,11,None,66,1,5,False,1000,1000
6495,90,unweighted_fl,10,0.0995222929936305,0,12,None,66,1,5,False,1000,1000
6496,91,unweighted_fl,10,0.0995222929936305,0,12,None,66,1,5,False,1000,1000
6497,92,unweighted_fl,10,0.0995222929936305,0,12,None,66,1,5,False,1000,1000
6498,93,unweighted_fl,10,0.0995222929936305,0,12,None,66,1,5,False,1000,1000
6499,94,unweighted_fl,10,0.0995222929936305,0,12,None,66,1,5,False,1000,1000
6500,90,unweighted_fl,10,0.0995222929936305,0,13,None,66,1,5,False,1000,1000
6501,91,unweighted_fl,10,0.0995222929936305,0,13,None,66,1,5,False,1000,1000
6502,92,unweighted_fl,10,0.0995222929936305,0,13,None,66,1,5,False,1000,1000
6503,93,unweighted_fl,10,0.0995222929936305,0,13,None,66,1,5,False,1000,1000
6504,94,unweighted_fl,10,0.0995222929936305,0,13,None,66,1,5,False,1000,1000
6505,90,unweighted_fl,10,0.0995222929936305,0,14,None,66,1,5,False,1000,1000
6506,91,unweighted_fl,10,0.1338574840764331,0,14,None,66,1,5,False,1000,1000
6507,92,unweighted_fl,10,0.0995222929936305,0,14,None,66,1,5,False,1000,1000
6508,93,unweighted_fl,10,0.0995222929936305,0,14,None,66,1,5,False,1000,1000
6509,94,unweighted_fl,10,0.0995222929936305,0,14,None,66,1,5,False,1000,1000
6510,90,unweighted_fl,10,0.0995222929936305,0,15,None,66,1,5,False,1000,1000
6511,91,unweighted_fl,10,0.1592356687898089,0,15,None,66,1,5,False,1000,1000
6512,92,unweighted_fl,10,0.0995222929936305,0,15,None,66,1,5,False,1000,1000
6513,93,unweighted_fl,10,0.0995222929936305,0,15,None,66,1,5,False,1000,1000
6514,94,unweighted_fl,10,0.0995222929936305,0,15,None,66,1,5,False,1000,1000
6515,90,unweighted_fl,10,0.0995222929936305,0,16,None,66,1,5,False,1000,1000
6516,91,unweighted_fl,10,0.0995222929936305,0,16,None,66,1,5,False,1000,1000
6517,92,unweighted_fl,10,0.0995222929936305,0,16,None,66,1,5,False,1000,1000
6518,93,unweighted_fl,10,0.0995222929936305,0,16,None,66,1,5,False,1000,1000
6519,94,unweighted_fl,10,0.0995222929936305,0,16,None,66,1,5,False,1000,1000
6520,90,unweighted_fl,10,0.0995222929936305,0,17,None,66,1,5,False,1000,1000
6521,91,unweighted_fl,10,0.0995222929936305,0,17,None,66,1,5,False,1000,1000
6522,92,unweighted_fl,10,0.0995222929936305,0,17,None,66,1,5,False,1000,1000
6523,93,unweighted_fl,10,0.0995222929936305,0,17,None,66,1,5,False,1000,1000
6524,94,unweighted_fl,10,0.0995222929936305,0,17,None,66,1,5,False,1000,1000
6525,90,unweighted_fl,10,0.0995222929936305,0,19,None,66,1,5,False,1000,1000
6526,91,unweighted_fl,10,0.0995222929936305,0,19,None,66,1,5,False,1000,1000
6527,92,unweighted_fl,10,0.0995222929936305,0,19,None,66,1,5,False,1000,1000
6528,93,unweighted_fl,10,0.0995222929936305,0,19,None,66,1,5,False,1000,1000
6529,94,unweighted_fl,10,0.0995222929936305,0,19,None,66,1,5,False,1000,1000
6530,90,unweighted_fl,10,0.0995222929936305,0,20,None,66,1,5,False,1000,1000
6531,91,unweighted_fl,10,0.0995222929936305,0,20,None,66,1,5,False,1000,1000
6532,92,unweighted_fl,10,0.0995222929936305,0,20,None,66,1,5,False,1000,1000
6533,93,unweighted_fl,10,0.0995222929936305,0,20,None,66,1,5,False,1000,1000
6534,94,unweighted_fl,10,0.0995222929936305,0,20,None,66,1,5,False,1000,1000
6535,90,unweighted_fl,10,0.0995222929936305,0,18,None,66,1,5,False,1000,1000
6536,91,unweighted_fl,10,0.0995222929936305,0,18,None,66,1,5,False,1000,1000
6537,92,unweighted_fl,10,0.1242038216560509,0,18,None,66,1,5,False,1000,1000
6538,93,unweighted_fl,10,0.0995222929936305,0,18,None,66,1,5,False,1000,1000
6539,94,unweighted_fl,10,0.0995222929936305,0,18,None,66,1,5,False,1000,1000
6540,90,unweighted_fl,10,0.0995222929936305,0,21,None,66,1,5,False,1000,1000
6541,91,unweighted_fl,10,0.0995222929936305,0,21,None,66,1,5,False,1000,1000
6542,92,unweighted_fl,10,0.0995222929936305,0,21,None,66,1,5,False,1000,1000
6543,93,unweighted_fl,10,0.0995222929936305,0,21,None,66,1,5,False,1000,1000
6544,94,unweighted_fl,10,0.0995222929936305,0,21,None,66,1,5,False,1000,1000
6545,90,unweighted_fl,10,0.0995222929936305,0,22,None,66,1,5,False,1000,1000
6546,91,unweighted_fl,10,0.1264928343949044,0,22,None,66,1,5,False,1000,1000
6547,92,unweighted_fl,10,0.0995222929936305,0,22,None,66,1,5,False,1000,1000
6548,93,unweighted_fl,10,0.0995222929936305,0,22,None,66,1,5,False,1000,1000
6549,94,unweighted_fl,10,0.0995222929936305,0,22,None,66,1,5,False,1000,1000
6550,90,unweighted_fl,10,0.0992237261146496,0,23,None,66,1,5,False,1000,1000
6551,91,unweighted_fl,10,0.0995222929936305,0,23,None,66,1,5,False,1000,1000
6552,92,unweighted_fl,10,0.0995222929936305,0,23,None,66,1,5,False,1000,1000
6553,93,unweighted_fl,10,0.0995222929936305,0,23,None,66,1,5,False,1000,1000
6554,94,unweighted_fl,10,0.0995222929936305,0,23,None,66,1,5,False,1000,1000
6555,90,unweighted_fl,10,0.0995222929936305,0,25,None,66,1,5,False,1000,1000
6556,91,unweighted_fl,10,0.0995222929936305,0,25,None,66,1,5,False,1000,1000
6557,92,unweighted_fl,10,0.0995222929936305,0,25,None,66,1,5,False,1000,1000
6558,93,unweighted_fl,10,0.0995222929936305,0,25,None,66,1,5,False,1000,1000
6559,94,unweighted_fl,10,0.182921974522293,0,25,None,66,1,5,False,1000,1000
6560,90,unweighted_fl,10,0.0995222929936305,0,26,None,66,1,5,False,1000,1000
6561,91,unweighted_fl,10,0.0995222929936305,0,26,None,66,1,5,False,1000,1000
6562,92,unweighted_fl,10,0.0995222929936305,0,26,None,66,1,5,False,1000,1000
6563,93,unweighted_fl,10,0.0995222929936305,0,26,None,66,1,5,False,1000,1000
6564,94,unweighted_fl,10,0.0995222929936305,0,26,None,66,1,5,False,1000,1000
6565,90,unweighted_fl,10,0.0995222929936305,0,24,None,66,1,5,False,1000,1000
6566,91,unweighted_fl,10,0.0995222929936305,0,24,None,66,1,5,False,1000,1000
6567,92,unweighted_fl,10,0.0995222929936305,0,24,None,66,1,5,False,1000,1000
6568,93,unweighted_fl,10,0.0995222929936305,0,24,None,66,1,5,False,1000,1000
6569,94,unweighted_fl,10,0.0995222929936305,0,24,None,66,1,5,False,1000,1000
6570,90,unweighted_fl,10,0.0995222929936305,0,27,None,66,1,5,False,1000,1000
6571,91,unweighted_fl,10,0.0995222929936305,0,27,None,66,1,5,False,1000,1000
6572,92,unweighted_fl,10,0.0995222929936305,0,27,None,66,1,5,False,1000,1000
6573,93,unweighted_fl,10,0.0995222929936305,0,27,None,66,1,5,False,1000,1000
6574,94,unweighted_fl,10,0.0995222929936305,0,27,None,66,1,5,False,1000,1000
6575,90,unweighted_fl,10,0.0995222929936305,0,29,None,66,1,5,False,1000,1000
6576,91,unweighted_fl,10,0.0995222929936305,0,29,None,66,1,5,False,1000,1000
6577,92,unweighted_fl,10,0.0995222929936305,0,29,None,66,1,5,False,1000,1000
6578,93,unweighted_fl,10,0.0995222929936305,0,29,None,66,1,5,False,1000,1000
6579,94,unweighted_fl,10,0.0995222929936305,0,29,None,66,1,5,False,1000,1000
6580,90,unweighted_fl,10,0.0995222929936305,0,30,None,66,1,5,False,1000,1000
6581,91,unweighted_fl,10,0.0995222929936305,0,30,None,66,1,5,False,1000,1000
6582,92,unweighted_fl,10,0.0995222929936305,0,30,None,66,1,5,False,1000,1000
6583,93,unweighted_fl,10,0.0995222929936305,0,30,None,66,1,5,False,1000,1000
6584,94,unweighted_fl,10,0.0995222929936305,0,30,None,66,1,5,False,1000,1000
6585,90,unweighted_fl,10,0.0995222929936305,0,28,None,66,1,5,False,1000,1000
6586,91,unweighted_fl,10,0.0995222929936305,0,28,None,66,1,5,False,1000,1000
6587,92,unweighted_fl,10,0.0995222929936305,0,28,None,66,1,5,False,1000,1000
6588,93,unweighted_fl,10,0.0995222929936305,0,28,None,66,1,5,False,1000,1000
6589,94,unweighted_fl,10,0.0995222929936305,0,28,None,66,1,5,False,1000,1000
6590,90,unweighted_fl,10,0.0995222929936305,0,31,None,66,1,5,False,1000,1000
6591,91,unweighted_fl,10,0.0995222929936305,0,31,None,66,1,5,False,1000,1000
6592,92,unweighted_fl,10,0.0995222929936305,0,31,None,66,1,5,False,1000,1000
6593,93,unweighted_fl,10,0.0995222929936305,0,31,None,66,1,5,False,1000,1000
6594,94,unweighted_fl,10,0.0995222929936305,0,31,None,66,1,5,False,1000,1000
6595,90,unweighted_fl,10,0.0995222929936305,0,32,None,66,1,5,False,1000,1000
6596,91,unweighted_fl,10,0.0995222929936305,0,32,None,66,1,5,False,1000,1000
6597,92,unweighted_fl,10,0.0995222929936305,0,32,None,66,1,5,False,1000,1000
6598,93,unweighted_fl,10,0.0995222929936305,0,32,None,66,1,5,False,1000,1000
6599,94,unweighted_fl,10,0.0995222929936305,0,32,None,66,1,5,False,1000,1000
6600,95,unweighted_fl,10,0.0995222929936305,0,0,None,66,1,5,False,1000,1000
6601,96,unweighted_fl,10,0.1498805732484076,0,0,None,66,1,5,False,1000,1000
6602,97,unweighted_fl,10,0.0995222929936305,0,0,None,66,1,5,False,1000,1000
6603,98,unweighted_fl,10,0.0995222929936305,0,0,None,66,1,5,False,1000,1000
6604,99,unweighted_fl,10,0.0995222929936305,0,0,None,66,1,5,False,1000,1000
6605,95,unweighted_fl,10,0.0995222929936305,0,2,None,66,1,5,False,1000,1000
6606,96,unweighted_fl,10,0.0995222929936305,0,2,None,66,1,5,False,1000,1000
6607,97,unweighted_fl,10,0.0995222929936305,0,2,None,66,1,5,False,1000,1000
6608,98,unweighted_fl,10,0.1880971337579617,0,2,None,66,1,5,False,1000,1000
6609,99,unweighted_fl,10,0.1049960191082802,0,2,None,66,1,5,False,1000,1000
6610,95,unweighted_fl,10,0.0995222929936305,0,1,None,66,1,5,False,1000,1000
6611,96,unweighted_fl,10,0.0995222929936305,0,1,None,66,1,5,False,1000,1000
6612,97,unweighted_fl,10,0.0995222929936305,0,1,None,66,1,5,False,1000,1000
6613,98,unweighted_fl,10,0.0995222929936305,0,1,None,66,1,5,False,1000,1000
6614,99,unweighted_fl,10,0.0995222929936305,0,1,None,66,1,5,False,1000,1000
6615,95,unweighted_fl,10,0.0995222929936305,0,3,None,66,1,5,False,1000,1000
6616,96,unweighted_fl,10,0.0995222929936305,0,3,None,66,1,5,False,1000,1000
6617,97,unweighted_fl,10,0.0995222929936305,0,3,None,66,1,5,False,1000,1000
6618,98,unweighted_fl,10,0.0995222929936305,0,3,None,66,1,5,False,1000,1000
6619,99,unweighted_fl,10,0.0995222929936305,0,3,None,66,1,5,False,1000,1000
6620,95,unweighted_fl,10,0.0995222929936305,0,5,None,66,1,5,False,1000,1000
6621,96,unweighted_fl,10,0.0995222929936305,0,5,None,66,1,5,False,1000,1000
6622,97,unweighted_fl,10,0.0995222929936305,0,5,None,66,1,5,False,1000,1000
6623,98,unweighted_fl,10,0.0995222929936305,0,5,None,66,1,5,False,1000,1000
6624,99,unweighted_fl,10,0.0995222929936305,0,5,None,66,1,5,False,1000,1000
6625,95,unweighted_fl,10,0.1210191082802547,0,6,None,66,1,5,False,1000,1000
6626,96,unweighted_fl,10,0.0995222929936305,0,6,None,66,1,5,False,1000,1000
6627,97,unweighted_fl,10,0.0995222929936305,0,6,None,66,1,5,False,1000,1000
6628,98,unweighted_fl,10,0.0995222929936305,0,6,None,66,1,5,False,1000,1000
6629,99,unweighted_fl,10,0.0995222929936305,0,6,None,66,1,5,False,1000,1000
6630,95,unweighted_fl,10,0.0995222929936305,0,7,None,66,1,5,False,1000,1000
6631,96,unweighted_fl,10,0.0995222929936305,0,7,None,66,1,5,False,1000,1000
6632,97,unweighted_fl,10,0.0995222929936305,0,7,None,66,1,5,False,1000,1000
6633,98,unweighted_fl,10,0.0995222929936305,0,7,None,66,1,5,False,1000,1000
6634,99,unweighted_fl,10,0.0995222929936305,0,7,None,66,1,5,False,1000,1000
6635,95,unweighted_fl,10,0.0995222929936305,0,4,None,66,1,5,False,1000,1000
6636,96,unweighted_fl,10,0.0995222929936305,0,4,None,66,1,5,False,1000,1000
6637,97,unweighted_fl,10,0.1653065286624203,0,4,None,66,1,5,False,1000,1000
6638,98,unweighted_fl,10,0.1852109872611465,0,4,None,66,1,5,False,1000,1000
6639,99,unweighted_fl,10,0.1351512738853503,0,4,None,66,1,5,False,1000,1000
6640,95,unweighted_fl,10,0.0995222929936305,0,8,None,66,1,5,False,1000,1000
6641,96,unweighted_fl,10,0.0995222929936305,0,8,None,66,1,5,False,1000,1000
6642,97,unweighted_fl,10,0.0995222929936305,0,8,None,66,1,5,False,1000,1000
6643,98,unweighted_fl,10,0.0995222929936305,0,8,None,66,1,5,False,1000,1000
6644,99,unweighted_fl,10,0.0995222929936305,0,8,None,66,1,5,False,1000,1000
6645,95,unweighted_fl,10,0.1039012738853503,0,9,None,66,1,5,False,1000,1000
6646,96,unweighted_fl,10,0.0995222929936305,0,9,None,66,1,5,False,1000,1000
6647,97,unweighted_fl,10,0.0995222929936305,0,9,None,66,1,5,False,1000,1000
6648,98,unweighted_fl,10,0.0995222929936305,0,9,None,66,1,5,False,1000,1000
6649,99,unweighted_fl,10,0.0995222929936305,0,9,None,66,1,5,False,1000,1000
6650,95,unweighted_fl,10,0.0995222929936305,0,10,None,66,1,5,False,1000,1000
6651,96,unweighted_fl,10,0.0995222929936305,0,10,None,66,1,5,False,1000,1000
6652,97,unweighted_fl,10,0.0997213375796178,0,10,None,66,1,5,False,1000,1000
6653,98,unweighted_fl,10,0.1021098726114649,0,10,None,66,1,5,False,1000,1000
6654,99,unweighted_fl,10,0.1097730891719745,0,10,None,66,1,5,False,1000,1000
6655,95,unweighted_fl,10,0.0995222929936305,0,11,None,66,1,5,False,1000,1000
6656,96,unweighted_fl,10,0.0995222929936305,0,11,None,66,1,5,False,1000,1000
6657,97,unweighted_fl,10,0.0995222929936305,0,11,None,66,1,5,False,1000,1000
6658,98,unweighted_fl,10,0.1599323248407643,0,11,None,66,1,5,False,1000,1000
6659,99,unweighted_fl,10,0.0995222929936305,0,11,None,66,1,5,False,1000,1000
6660,95,unweighted_fl,10,0.0995222929936305,0,12,None,66,1,5,False,1000,1000
6661,96,unweighted_fl,10,0.0995222929936305,0,12,None,66,1,5,False,1000,1000
6662,97,unweighted_fl,10,0.0995222929936305,0,12,None,66,1,5,False,1000,1000
6663,98,unweighted_fl,10,0.0995222929936305,0,12,None,66,1,5,False,1000,1000
6664,99,unweighted_fl,10,0.0995222929936305,0,12,None,66,1,5,False,1000,1000
6665,95,unweighted_fl,10,0.0995222929936305,0,13,None,66,1,5,False,1000,1000
6666,96,unweighted_fl,10,0.0995222929936305,0,13,None,66,1,5,False,1000,1000
6667,97,unweighted_fl,10,0.0995222929936305,0,13,None,66,1,5,False,1000,1000
6668,98,unweighted_fl,10,0.0995222929936305,0,13,None,66,1,5,False,1000,1000
6669,99,unweighted_fl,10,0.0995222929936305,0,13,None,66,1,5,False,1000,1000
6670,95,unweighted_fl,10,0.0995222929936305,0,14,None,66,1,5,False,1000,1000
6671,96,unweighted_fl,10,0.1618232484076433,0,14,None,66,1,5,False,1000,1000
6672,97,unweighted_fl,10,0.0995222929936305,0,14,None,66,1,5,False,1000,1000
6673,98,unweighted_fl,10,0.0995222929936305,0,14,None,66,1,5,False,1000,1000
6674,99,unweighted_fl,10,0.0995222929936305,0,14,None,66,1,5,False,1000,1000
6675,95,unweighted_fl,10,0.0995222929936305,0,16,None,66,1,5,False,1000,1000
6676,96,unweighted_fl,10,0.0995222929936305,0,16,None,66,1,5,False,1000,1000
6677,97,unweighted_fl,10,0.0995222929936305,0,16,None,66,1,5,False,1000,1000
6678,98,unweighted_fl,10,0.0995222929936305,0,16,None,66,1,5,False,1000,1000
6679,99,unweighted_fl,10,0.0995222929936305,0,16,None,66,1,5,False,1000,1000
6680,95,unweighted_fl,10,0.0995222929936305,0,17,None,66,1,5,False,1000,1000
6681,96,unweighted_fl,10,0.0995222929936305,0,17,None,66,1,5,False,1000,1000
6682,97,unweighted_fl,10,0.0995222929936305,0,17,None,66,1,5,False,1000,1000
6683,98,unweighted_fl,10,0.0995222929936305,0,17,None,66,1,5,False,1000,1000
6684,99,unweighted_fl,10,0.0995222929936305,0,17,None,66,1,5,False,1000,1000
6685,95,unweighted_fl,10,0.0995222929936305,0,15,None,66,1,5,False,1000,1000
6686,96,unweighted_fl,10,0.1576433121019108,0,15,None,66,1,5,False,1000,1000
6687,97,unweighted_fl,10,0.0995222929936305,0,15,None,66,1,5,False,1000,1000
6688,98,unweighted_fl,10,0.0995222929936305,0,15,None,66,1,5,False,1000,1000
6689,99,unweighted_fl,10,0.0995222929936305,0,15,None,66,1,5,False,1000,1000
6690,95,unweighted_fl,10,0.0995222929936305,0,18,None,66,1,5,False,1000,1000
6691,96,unweighted_fl,10,0.0995222929936305,0,18,None,66,1,5,False,1000,1000
6692,97,unweighted_fl,10,0.1264928343949044,0,18,None,66,1,5,False,1000,1000
6693,98,unweighted_fl,10,0.0995222929936305,0,18,None,66,1,5,False,1000,1000
6694,99,unweighted_fl,10,0.0995222929936305,0,18,None,66,1,5,False,1000,1000
6695,95,unweighted_fl,10,0.0995222929936305,0,20,None,66,1,5,False,1000,1000
6696,96,unweighted_fl,10,0.0995222929936305,0,20,None,66,1,5,False,1000,1000
6697,97,unweighted_fl,10,0.0995222929936305,0,20,None,66,1,5,False,1000,1000
6698,98,unweighted_fl,10,0.0995222929936305,0,20,None,66,1,5,False,1000,1000
6699,99,unweighted_fl,10,0.0995222929936305,0,20,None,66,1,5,False,1000,1000
6700,95,unweighted_fl,10,0.0995222929936305,0,19,None,66,1,5,False,1000,1000
6701,96,unweighted_fl,10,0.0995222929936305,0,19,None,66,1,5,False,1000,1000
6702,97,unweighted_fl,10,0.0995222929936305,0,19,None,66,1,5,False,1000,1000
6703,98,unweighted_fl,10,0.0995222929936305,0,19,None,66,1,5,False,1000,1000
6704,99,unweighted_fl,10,0.0995222929936305,0,19,None,66,1,5,False,1000,1000
6705,95,unweighted_fl,10,0.0995222929936305,0,21,None,66,1,5,False,1000,1000
6706,96,unweighted_fl,10,0.0995222929936305,0,21,None,66,1,5,False,1000,1000
6707,97,unweighted_fl,10,0.0995222929936305,0,21,None,66,1,5,False,1000,1000
6708,98,unweighted_fl,10,0.0995222929936305,0,21,None,66,1,5,False,1000,1000
6709,99,unweighted_fl,10,0.0995222929936305,0,21,None,66,1,5,False,1000,1000
6710,95,unweighted_fl,10,0.1188296178343949,0,23,None,66,1,5,False,1000,1000
6711,96,unweighted_fl,10,0.0995222929936305,0,23,None,66,1,5,False,1000,1000
6712,97,unweighted_fl,10,0.0995222929936305,0,23,None,66,1,5,False,1000,1000
6713,98,unweighted_fl,10,0.0995222929936305,0,23,None,66,1,5,False,1000,1000
6714,99,unweighted_fl,10,0.0995222929936305,0,23,None,66,1,5,False,1000,1000
6715,95,unweighted_fl,10,0.0995222929936305,0,24,None,66,1,5,False,1000,1000
6716,96,unweighted_fl,10,0.0995222929936305,0,24,None,66,1,5,False,1000,1000
6717,97,unweighted_fl,10,0.0995222929936305,0,24,None,66,1,5,False,1000,1000
6718,98,unweighted_fl,10,0.0995222929936305,0,24,None,66,1,5,False,1000,1000
6719,99,unweighted_fl,10,0.0995222929936305,0,24,None,66,1,5,False,1000,1000
6720,95,unweighted_fl,10,0.0995222929936305,0,22,None,66,1,5,False,1000,1000
6721,96,unweighted_fl,10,0.0995222929936305,0,22,None,66,1,5,False,1000,1000
6722,97,unweighted_fl,10,0.1064888535031847,0,22,None,66,1,5,False,1000,1000
6723,98,unweighted_fl,10,0.0995222929936305,0,22,None,66,1,5,False,1000,1000
6724,99,unweighted_fl,10,0.0995222929936305,0,22,None,66,1,5,False,1000,1000
6725,95,unweighted_fl,10,0.0995222929936305,0,25,None,66,1,5,False,1000,1000
6726,96,unweighted_fl,10,0.0995222929936305,0,25,None,66,1,5,False,1000,1000
6727,97,unweighted_fl,10,0.0995222929936305,0,25,None,66,1,5,False,1000,1000
6728,98,unweighted_fl,10,0.0995222929936305,0,25,None,66,1,5,False,1000,1000
6729,99,unweighted_fl,10,0.1761544585987261,0,25,None,66,1,5,False,1000,1000
6730,95,unweighted_fl,10,0.0995222929936305,0,26,None,66,1,5,False,1000,1000
6731,96,unweighted_fl,10,0.0995222929936305,0,26,None,66,1,5,False,1000,1000
6732,97,unweighted_fl,10,0.0995222929936305,0,26,None,66,1,5,False,1000,1000
6733,98,unweighted_fl,10,0.0995222929936305,0,26,None,66,1,5,False,1000,1000
6734,99,unweighted_fl,10,0.0995222929936305,0,26,None,66,1,5,False,1000,1000
6735,95,unweighted_fl,10,0.0995222929936305,0,27,None,66,1,5,False,1000,1000
6736,96,unweighted_fl,10,0.0995222929936305,0,27,None,66,1,5,False,1000,1000
6737,97,unweighted_fl,10,0.0995222929936305,0,27,None,66,1,5,False,1000,1000
6738,98,unweighted_fl,10,0.0995222929936305,0,27,None,66,1,5,False,1000,1000
6739,99,unweighted_fl,10,0.0995222929936305,0,27,None,66,1,5,False,1000,1000
6740,95,unweighted_fl,10,0.0995222929936305,0,28,None,66,1,5,False,1000,1000
6741,96,unweighted_fl,10,0.0995222929936305,0,28,None,66,1,5,False,1000,1000
6742,97,unweighted_fl,10,0.0995222929936305,0,28,None,66,1,5,False,1000,1000
6743,98,unweighted_fl,10,0.0995222929936305,0,28,None,66,1,5,False,1000,1000
6744,99,unweighted_fl,10,0.0995222929936305,0,28,None,66,1,5,False,1000,1000
6745,95,unweighted_fl,10,0.0995222929936305,0,29,None,66,1,5,False,1000,1000
6746,96,unweighted_fl,10,0.0995222929936305,0,29,None,66,1,5,False,1000,1000
6747,97,unweighted_fl,10,0.0995222929936305,0,29,None,66,1,5,False,1000,1000
6748,98,unweighted_fl,10,0.0995222929936305,0,29,None,66,1,5,False,1000,1000
6749,99,unweighted_fl,10,0.0995222929936305,0,29,None,66,1,5,False,1000,1000
6750,95,unweighted_fl,10,0.0995222929936305,0,30,None,66,1,5,False,1000,1000
6751,96,unweighted_fl,10,0.0995222929936305,0,30,None,66,1,5,False,1000,1000
6752,97,unweighted_fl,10,0.0995222929936305,0,30,None,66,1,5,False,1000,1000
6753,98,unweighted_fl,10,0.0995222929936305,0,30,None,66,1,5,False,1000,1000
6754,99,unweighted_fl,10,0.0995222929936305,0,30,None,66,1,5,False,1000,1000
6755,95,unweighted_fl,10,0.0995222929936305,0,31,None,66,1,5,False,1000,1000
6756,96,unweighted_fl,10,0.0995222929936305,0,31,None,66,1,5,False,1000,1000
6757,97,unweighted_fl,10,0.0995222929936305,0,31,None,66,1,5,False,1000,1000
6758,98,unweighted_fl,10,0.0995222929936305,0,31,None,66,1,5,False,1000,1000
6759,99,unweighted_fl,10,0.0995222929936305,0,31,None,66,1,5,False,1000,1000
6760,95,unweighted_fl,10,0.0995222929936305,0,32,None,66,1,5,False,1000,1000
6761,96,unweighted_fl,10,0.0995222929936305,0,32,None,66,1,5,False,1000,1000
6762,97,unweighted_fl,10,0.0995222929936305,0,32,None,66,1,5,False,1000,1000
6763,98,unweighted_fl,10,0.0995222929936305,0,32,None,66,1,5,False,1000,1000
6764,99,unweighted_fl,10,0.0995222929936305,0,32,None,66,1,5,False,1000,1000
6765,100,unweighted_fl,10,0.0995222929936305,0,1,None,66,1,5,False,1000,1000
6766,101,unweighted_fl,10,0.0995222929936305,0,1,None,66,1,5,False,1000,1000
6767,102,unweighted_fl,10,0.0995222929936305,0,1,None,66,1,5,False,1000,1000
6768,103,unweighted_fl,10,0.0995222929936305,0,1,None,66,1,5,False,1000,1000
6769,104,unweighted_fl,10,0.0995222929936305,0,1,None,66,1,5,False,1000,1000
6770,100,unweighted_fl,10,0.0995222929936305,0,0,None,66,1,5,False,1000,1000
6771,101,unweighted_fl,10,0.1370421974522293,0,0,None,66,1,5,False,1000,1000
6772,102,unweighted_fl,10,0.0995222929936305,0,0,None,66,1,5,False,1000,1000
6773,103,unweighted_fl,10,0.0995222929936305,0,0,None,66,1,5,False,1000,1000
6774,104,unweighted_fl,10,0.0995222929936305,0,0,None,66,1,5,False,1000,1000
6775,100,unweighted_fl,10,0.0995222929936305,0,2,None,66,1,5,False,1000,1000
6776,101,unweighted_fl,10,0.0995222929936305,0,2,None,66,1,5,False,1000,1000
6777,102,unweighted_fl,10,0.0995222929936305,0,2,None,66,1,5,False,1000,1000
6778,103,unweighted_fl,10,0.1858081210191083,0,2,None,66,1,5,False,1000,1000
6779,104,unweighted_fl,10,0.1135549363057324,0,2,None,66,1,5,False,1000,1000
6780,100,unweighted_fl,10,0.0995222929936305,0,3,None,66,1,5,False,1000,1000
6781,101,unweighted_fl,10,0.0995222929936305,0,3,None,66,1,5,False,1000,1000
6782,102,unweighted_fl,10,0.0995222929936305,0,3,None,66,1,5,False,1000,1000
6783,103,unweighted_fl,10,0.0995222929936305,0,3,None,66,1,5,False,1000,1000
6784,104,unweighted_fl,10,0.0995222929936305,0,3,None,66,1,5,False,1000,1000
6785,100,unweighted_fl,10,0.0995222929936305,0,5,None,66,1,5,False,1000,1000
6786,101,unweighted_fl,10,0.0995222929936305,0,5,None,66,1,5,False,1000,1000
6787,102,unweighted_fl,10,0.0995222929936305,0,5,None,66,1,5,False,1000,1000
6788,103,unweighted_fl,10,0.1164410828025477,0,5,None,66,1,5,False,1000,1000
6789,104,unweighted_fl,10,0.0995222929936305,0,5,None,66,1,5,False,1000,1000
6790,100,unweighted_fl,10,0.0995222929936305,0,6,None,66,1,5,False,1000,1000
6791,101,unweighted_fl,10,0.0995222929936305,0,6,None,66,1,5,False,1000,1000
6792,102,unweighted_fl,10,0.0995222929936305,0,6,None,66,1,5,False,1000,1000
6793,103,unweighted_fl,10,0.0995222929936305,0,6,None,66,1,5,False,1000,1000
6794,104,unweighted_fl,10,0.0995222929936305,0,6,None,66,1,5,False,1000,1000
6795,100,unweighted_fl,10,0.0995222929936305,0,4,None,66,1,5,False,1000,1000
6796,101,unweighted_fl,10,0.0995222929936305,0,4,None,66,1,5,False,1000,1000
6797,102,unweighted_fl,10,0.1565485668789809,0,4,None,66,1,5,False,1000,1000
6798,103,unweighted_fl,10,0.1876990445859872,0,4,None,66,1,5,False,1000,1000
6799,104,unweighted_fl,10,0.1577428343949044,0,4,None,66,1,5,False,1000,1000
6800,100,unweighted_fl,10,0.0995222929936305,0,7,None,66,1,5,False,1000,1000
6801,101,unweighted_fl,10,0.0995222929936305,0,7,None,66,1,5,False,1000,1000
6802,102,unweighted_fl,10,0.0995222929936305,0,7,None,66,1,5,False,1000,1000
6803,103,unweighted_fl,10,0.0995222929936305,0,7,None,66,1,5,False,1000,1000
6804,104,unweighted_fl,10,0.0995222929936305,0,7,None,66,1,5,False,1000,1000
6805,100,unweighted_fl,10,0.0995222929936305,0,8,None,66,1,5,False,1000,1000
6806,101,unweighted_fl,10,0.0995222929936305,0,8,None,66,1,5,False,1000,1000
6807,102,unweighted_fl,10,0.0995222929936305,0,8,None,66,1,5,False,1000,1000
6808,103,unweighted_fl,10,0.0995222929936305,0,8,None,66,1,5,False,1000,1000
6809,104,unweighted_fl,10,0.0995222929936305,0,8,None,66,1,5,False,1000,1000
6810,100,unweighted_fl,10,0.1169386942675159,0,9,None,66,1,5,False,1000,1000
6811,101,unweighted_fl,10,0.0995222929936305,0,9,None,66,1,5,False,1000,1000
6812,102,unweighted_fl,10,0.0995222929936305,0,9,None,66,1,5,False,1000,1000
6813,103,unweighted_fl,10,0.0995222929936305,0,9,None,66,1,5,False,1000,1000
6814,104,unweighted_fl,10,0.0995222929936305,0,9,None,66,1,5,False,1000,1000
6815,100,unweighted_fl,10,0.0995222929936305,0,10,None,66,1,5,False,1000,1000
6816,101,unweighted_fl,10,0.0995222929936305,0,10,None,66,1,5,False,1000,1000
6817,102,unweighted_fl,10,0.0995222929936305,0,10,None,66,1,5,False,1000,1000
6818,103,unweighted_fl,10,0.1003184713375796,0,10,None,66,1,5,False,1000,1000
6819,104,unweighted_fl,10,0.1042993630573248,0,10,None,66,1,5,False,1000,1000
6820,100,unweighted_fl,10,0.0995222929936305,0,11,None,66,1,5,False,1000,1000
6821,101,unweighted_fl,10,0.0995222929936305,0,11,None,66,1,5,False,1000,1000
6822,102,unweighted_fl,10,0.0995222929936305,0,11,None,66,1,5,False,1000,1000
6823,103,unweighted_fl,10,0.1576433121019108,0,11,None,66,1,5,False,1000,1000
6824,104,unweighted_fl,10,0.0995222929936305,0,11,None,66,1,5,False,1000,1000
6825,100,unweighted_fl,10,0.0995222929936305,0,12,None,66,1,5,False,1000,1000
6826,101,unweighted_fl,10,0.0995222929936305,0,12,None,66,1,5,False,1000,1000
6827,102,unweighted_fl,10,0.0995222929936305,0,12,None,66,1,5,False,1000,1000
6828,103,unweighted_fl,10,0.0995222929936305,0,12,None,66,1,5,False,1000,1000
6829,104,unweighted_fl,10,0.0995222929936305,0,12,None,66,1,5,False,1000,1000
6830,100,unweighted_fl,10,0.0995222929936305,0,13,None,66,1,5,False,1000,1000
6831,101,unweighted_fl,10,0.0995222929936305,0,13,None,66,1,5,False,1000,1000
6832,102,unweighted_fl,10,0.0995222929936305,0,13,None,66,1,5,False,1000,1000
6833,103,unweighted_fl,10,0.0995222929936305,0,13,None,66,1,5,False,1000,1000
6834,104,unweighted_fl,10,0.0995222929936305,0,13,None,66,1,5,False,1000,1000
6835,100,unweighted_fl,10,0.0995222929936305,0,14,None,66,1,5,False,1000,1000
6836,101,unweighted_fl,10,0.1686902866242038,0,14,None,66,1,5,False,1000,1000
6837,102,unweighted_fl,10,0.0995222929936305,0,14,None,66,1,5,False,1000,1000
6838,103,unweighted_fl,10,0.0995222929936305,0,14,None,66,1,5,False,1000,1000
6839,104,unweighted_fl,10,0.0995222929936305,0,14,None,66,1,5,False,1000,1000
6840,100,unweighted_fl,10,0.0995222929936305,0,15,None,66,1,5,False,1000,1000
6841,101,unweighted_fl,10,0.1280851910828025,0,15,None,66,1,5,False,1000,1000
6842,102,unweighted_fl,10,0.0995222929936305,0,15,None,66,1,5,False,1000,1000
6843,103,unweighted_fl,10,0.0995222929936305,0,15,None,66,1,5,False,1000,1000
6844,104,unweighted_fl,10,0.0995222929936305,0,15,None,66,1,5,False,1000,1000
6845,100,unweighted_fl,10,0.0995222929936305,0,17,None,66,1,5,False,1000,1000
6846,101,unweighted_fl,10,0.0995222929936305,0,17,None,66,1,5,False,1000,1000
6847,102,unweighted_fl,10,0.0995222929936305,0,17,None,66,1,5,False,1000,1000
6848,103,unweighted_fl,10,0.0995222929936305,0,17,None,66,1,5,False,1000,1000
6849,104,unweighted_fl,10,0.0995222929936305,0,17,None,66,1,5,False,1000,1000
6850,100,unweighted_fl,10,0.0995222929936305,0,18,None,66,1,5,False,1000,1000
6851,101,unweighted_fl,10,0.0995222929936305,0,18,None,66,1,5,False,1000,1000
6852,102,unweighted_fl,10,0.1381369426751592,0,18,None,66,1,5,False,1000,1000
6853,103,unweighted_fl,10,0.0995222929936305,0,18,None,66,1,5,False,1000,1000
6854,104,unweighted_fl,10,0.0995222929936305,0,18,None,66,1,5,False,1000,1000
6855,100,unweighted_fl,10,0.0995222929936305,0,16,None,66,1,5,False,1000,1000
6856,101,unweighted_fl,10,0.0995222929936305,0,16,None,66,1,5,False,1000,1000
6857,102,unweighted_fl,10,0.0995222929936305,0,16,None,66,1,5,False,1000,1000
6858,103,unweighted_fl,10,0.0995222929936305,0,16,None,66,1,5,False,1000,1000
6859,104,unweighted_fl,10,0.0995222929936305,0,16,None,66,1,5,False,1000,1000
6860,100,unweighted_fl,10,0.0995222929936305,0,19,None,66,1,5,False,1000,1000
6861,101,unweighted_fl,10,0.0995222929936305,0,19,None,66,1,5,False,1000,1000
6862,102,unweighted_fl,10,0.0995222929936305,0,19,None,66,1,5,False,1000,1000
6863,103,unweighted_fl,10,0.0995222929936305,0,19,None,66,1,5,False,1000,1000
6864,104,unweighted_fl,10,0.0995222929936305,0,19,None,66,1,5,False,1000,1000
6865,100,unweighted_fl,10,0.0995222929936305,0,21,None,66,1,5,False,1000,1000
6866,101,unweighted_fl,10,0.0995222929936305,0,21,None,66,1,5,False,1000,1000
6867,102,unweighted_fl,10,0.0995222929936305,0,21,None,66,1,5,False,1000,1000
6868,103,unweighted_fl,10,0.0995222929936305,0,21,None,66,1,5,False,1000,1000
6869,104,unweighted_fl,10,0.0995222929936305,0,21,None,66,1,5,False,1000,1000
6870,100,unweighted_fl,10,0.1009156050955414,0,22,None,66,1,5,False,1000,1000
6871,101,unweighted_fl,10,0.0995222929936305,0,22,None,66,1,5,False,1000,1000
6872,102,unweighted_fl,10,0.1801353503184713,0,22,None,66,1,5,False,1000,1000
6873,103,unweighted_fl,10,0.0995222929936305,0,22,None,66,1,5,False,1000,1000
6874,104,unweighted_fl,10,0.0995222929936305,0,22,None,66,1,5,False,1000,1000
6875,100,unweighted_fl,10,0.0995222929936305,0,20,None,66,1,5,False,1000,1000
6876,101,unweighted_fl,10,0.0995222929936305,0,20,None,66,1,5,False,1000,1000
6877,102,unweighted_fl,10,0.0995222929936305,0,20,None,66,1,5,False,1000,1000
6878,103,unweighted_fl,10,0.0995222929936305,0,20,None,66,1,5,False,1000,1000
6879,104,unweighted_fl,10,0.0995222929936305,0,20,None,66,1,5,False,1000,1000
6880,100,unweighted_fl,10,0.0995222929936305,0,23,None,66,1,5,False,1000,1000
6881,101,unweighted_fl,10,0.0995222929936305,0,23,None,66,1,5,False,1000,1000
6882,102,unweighted_fl,10,0.0995222929936305,0,23,None,66,1,5,False,1000,1000
6883,103,unweighted_fl,10,0.0995222929936305,0,23,None,66,1,5,False,1000,1000
6884,104,unweighted_fl,10,0.0995222929936305,0,23,None,66,1,5,False,1000,1000
6885,100,unweighted_fl,10,0.0995222929936305,0,24,None,66,1,5,False,1000,1000
6886,101,unweighted_fl,10,0.0995222929936305,0,24,None,66,1,5,False,1000,1000
6887,102,unweighted_fl,10,0.0995222929936305,0,24,None,66,1,5,False,1000,1000
6888,103,unweighted_fl,10,0.0995222929936305,0,24,None,66,1,5,False,1000,1000
6889,104,unweighted_fl,10,0.0995222929936305,0,24,None,66,1,5,False,1000,1000
6890,100,unweighted_fl,10,0.0995222929936305,0,25,None,66,1,5,False,1000,1000
6891,101,unweighted_fl,10,0.0995222929936305,0,25,None,66,1,5,False,1000,1000
6892,102,unweighted_fl,10,0.0995222929936305,0,25,None,66,1,5,False,1000,1000
6893,103,unweighted_fl,10,0.0995222929936305,0,25,None,66,1,5,False,1000,1000
6894,104,unweighted_fl,10,0.1054936305732484,0,25,None,66,1,5,False,1000,1000
6895,100,unweighted_fl,10,0.0995222929936305,0,26,None,66,1,5,False,1000,1000
6896,101,unweighted_fl,10,0.0995222929936305,0,26,None,66,1,5,False,1000,1000
6897,102,unweighted_fl,10,0.0995222929936305,0,26,None,66,1,5,False,1000,1000
6898,103,unweighted_fl,10,0.0995222929936305,0,26,None,66,1,5,False,1000,1000
6899,104,unweighted_fl,10,0.0995222929936305,0,26,None,66,1,5,False,1000,1000
6900,100,unweighted_fl,10,0.0995222929936305,0,27,None,66,1,5,False,1000,1000
6901,101,unweighted_fl,10,0.0995222929936305,0,27,None,66,1,5,False,1000,1000
6902,102,unweighted_fl,10,0.0995222929936305,0,27,None,66,1,5,False,1000,1000
6903,103,unweighted_fl,10,0.0995222929936305,0,27,None,66,1,5,False,1000,1000
6904,104,unweighted_fl,10,0.0995222929936305,0,27,None,66,1,5,False,1000,1000
6905,100,unweighted_fl,10,0.0995222929936305,0,28,None,66,1,5,False,1000,1000
6906,101,unweighted_fl,10,0.0995222929936305,0,28,None,66,1,5,False,1000,1000
6907,102,unweighted_fl,10,0.0995222929936305,0,28,None,66,1,5,False,1000,1000
6908,103,unweighted_fl,10,0.0995222929936305,0,28,None,66,1,5,False,1000,1000
6909,104,unweighted_fl,10,0.0995222929936305,0,28,None,66,1,5,False,1000,1000
6910,100,unweighted_fl,10,0.0995222929936305,0,29,None,66,1,5,False,1000,1000
6911,101,unweighted_fl,10,0.0995222929936305,0,29,None,66,1,5,False,1000,1000
6912,102,unweighted_fl,10,0.0995222929936305,0,29,None,66,1,5,False,1000,1000
6913,103,unweighted_fl,10,0.0995222929936305,0,29,None,66,1,5,False,1000,1000
6914,104,unweighted_fl,10,0.0995222929936305,0,29,None,66,1,5,False,1000,1000
6915,100,unweighted_fl,10,0.0995222929936305,0,30,None,66,1,5,False,1000,1000
6916,101,unweighted_fl,10,0.0995222929936305,0,30,None,66,1,5,False,1000,1000
6917,102,unweighted_fl,10,0.0995222929936305,0,30,None,66,1,5,False,1000,1000
6918,103,unweighted_fl,10,0.0995222929936305,0,30,None,66,1,5,False,1000,1000
6919,104,unweighted_fl,10,0.0995222929936305,0,30,None,66,1,5,False,1000,1000
6920,100,unweighted_fl,10,0.0995222929936305,0,31,None,66,1,5,False,1000,1000
6921,101,unweighted_fl,10,0.0995222929936305,0,31,None,66,1,5,False,1000,1000
6922,102,unweighted_fl,10,0.0995222929936305,0,31,None,66,1,5,False,1000,1000
6923,103,unweighted_fl,10,0.0995222929936305,0,31,None,66,1,5,False,1000,1000
6924,104,unweighted_fl,10,0.0995222929936305,0,31,None,66,1,5,False,1000,1000
6925,100,unweighted_fl,10,0.0995222929936305,0,32,None,66,1,5,False,1000,1000
6926,101,unweighted_fl,10,0.0995222929936305,0,32,None,66,1,5,False,1000,1000
6927,102,unweighted_fl,10,0.0995222929936305,0,32,None,66,1,5,False,1000,1000
6928,103,unweighted_fl,10,0.0995222929936305,0,32,None,66,1,5,False,1000,1000
6929,104,unweighted_fl,10,0.0995222929936305,0,32,None,66,1,5,False,1000,1000
7260,105,unweighted_fl,10,0.0995222929936305,0,0,None,66,1,5,False,1000,1000
7261,106,unweighted_fl,10,0.1539609872611465,0,0,None,66,1,5,False,1000,1000
7262,107,unweighted_fl,10,0.0995222929936305,0,0,None,66,1,5,False,1000,1000
7263,108,unweighted_fl,10,0.0995222929936305,0,0,None,66,1,5,False,1000,1000
7264,109,unweighted_fl,10,0.0995222929936305,0,0,None,66,1,5,False,1000,1000
7265,105,unweighted_fl,10,0.0995222929936305,0,1,None,66,1,5,False,1000,1000
7266,106,unweighted_fl,10,0.0995222929936305,0,1,None,66,1,5,False,1000,1000
7267,107,unweighted_fl,10,0.0995222929936305,0,1,None,66,1,5,False,1000,1000
7268,108,unweighted_fl,10,0.0995222929936305,0,1,None,66,1,5,False,1000,1000
7269,109,unweighted_fl,10,0.0995222929936305,0,1,None,66,1,5,False,1000,1000
7270,105,unweighted_fl,10,0.0995222929936305,0,2,None,66,1,5,False,1000,1000
7271,106,unweighted_fl,10,0.0995222929936305,0,2,None,66,1,5,False,1000,1000
7272,107,unweighted_fl,10,0.0995222929936305,0,2,None,66,1,5,False,1000,1000
7273,108,unweighted_fl,10,0.1923765923566879,0,2,None,66,1,5,False,1000,1000
7274,109,unweighted_fl,10,0.1463972929936305,0,2,None,66,1,5,False,1000,1000
7275,105,unweighted_fl,10,0.0995222929936305,0,3,None,66,1,5,False,1000,1000
7276,106,unweighted_fl,10,0.0995222929936305,0,3,None,66,1,5,False,1000,1000
7277,107,unweighted_fl,10,0.0995222929936305,0,3,None,66,1,5,False,1000,1000
7278,108,unweighted_fl,10,0.0995222929936305,0,3,None,66,1,5,False,1000,1000
7279,109,unweighted_fl,10,0.0995222929936305,0,3,None,66,1,5,False,1000,1000
7280,105,unweighted_fl,10,0.0995222929936305,0,4,None,66,1,5,False,1000,1000
7281,106,unweighted_fl,10,0.0995222929936305,0,4,None,66,1,5,False,1000,1000
7282,107,unweighted_fl,10,0.1768511146496815,0,4,None,66,1,5,False,1000,1000
7283,108,unweighted_fl,10,0.1876990445859872,0,4,None,66,1,5,False,1000,1000
7284,109,unweighted_fl,10,0.1626194267515923,0,4,None,66,1,5,False,1000,1000
7285,105,unweighted_fl,10,0.1035031847133758,0,6,None,66,1,5,False,1000,1000
7286,106,unweighted_fl,10,0.0995222929936305,0,6,None,66,1,5,False,1000,1000
7287,107,unweighted_fl,10,0.0995222929936305,0,6,None,66,1,5,False,1000,1000
7288,108,unweighted_fl,10,0.0995222929936305,0,6,None,66,1,5,False,1000,1000
7289,109,unweighted_fl,10,0.0995222929936305,0,6,None,66,1,5,False,1000,1000
7290,105,unweighted_fl,10,0.0995222929936305,0,5,None,66,1,5,False,1000,1000
7291,106,unweighted_fl,10,0.0995222929936305,0,5,None,66,1,5,False,1000,1000
7292,107,unweighted_fl,10,0.0995222929936305,0,5,None,66,1,5,False,1000,1000
7293,108,unweighted_fl,10,0.1240047770700636,0,5,None,66,1,5,False,1000,1000
7294,109,unweighted_fl,10,0.0995222929936305,0,5,None,66,1,5,False,1000,1000
7295,105,unweighted_fl,10,0.0995222929936305,0,7,None,66,1,5,False,1000,1000
7296,106,unweighted_fl,10,0.0995222929936305,0,7,None,66,1,5,False,1000,1000
7297,107,unweighted_fl,10,0.0995222929936305,0,7,None,66,1,5,False,1000,1000
7298,108,unweighted_fl,10,0.0995222929936305,0,7,None,66,1,5,False,1000,1000
7299,109,unweighted_fl,10,0.0995222929936305,0,7,None,66,1,5,False,1000,1000
7300,105,unweighted_fl,10,0.0995222929936305,0,9,None,66,1,5,False,1000,1000
7301,106,unweighted_fl,10,0.0995222929936305,0,9,None,66,1,5,False,1000,1000
7302,107,unweighted_fl,10,0.0995222929936305,0,9,None,66,1,5,False,1000,1000
7303,108,unweighted_fl,10,0.0995222929936305,0,9,None,66,1,5,False,1000,1000
7304,109,unweighted_fl,10,0.0995222929936305,0,9,None,66,1,5,False,1000,1000
7305,105,unweighted_fl,10,0.0995222929936305,0,8,None,66,1,5,False,1000,1000
7306,106,unweighted_fl,10,0.0995222929936305,0,8,None,66,1,5,False,1000,1000
7307,107,unweighted_fl,10,0.0995222929936305,0,8,None,66,1,5,False,1000,1000
7308,108,unweighted_fl,10,0.0995222929936305,0,8,None,66,1,5,False,1000,1000
7309,109,unweighted_fl,10,0.0995222929936305,0,8,None,66,1,5,False,1000,1000
7310,105,unweighted_fl,10,0.0995222929936305,0,10,None,66,1,5,False,1000,1000
7311,106,unweighted_fl,10,0.0995222929936305,0,10,None,66,1,5,False,1000,1000
7312,107,unweighted_fl,10,0.0995222929936305,0,10,None,66,1,5,False,1000,1000
7313,108,unweighted_fl,10,0.0995222929936305,0,10,None,66,1,5,False,1000,1000
7314,109,unweighted_fl,10,0.0995222929936305,0,10,None,66,1,5,False,1000,1000
7315,105,unweighted_fl,10,0.0995222929936305,0,12,None,66,1,5,False,1000,1000
7316,106,unweighted_fl,10,0.0995222929936305,0,12,None,66,1,5,False,1000,1000
7317,107,unweighted_fl,10,0.0995222929936305,0,12,None,66,1,5,False,1000,1000
7318,108,unweighted_fl,10,0.0995222929936305,0,12,None,66,1,5,False,1000,1000
7319,109,unweighted_fl,10,0.0995222929936305,0,12,None,66,1,5,False,1000,1000
7320,105,unweighted_fl,10,0.0995222929936305,0,11,None,66,1,5,False,1000,1000
7321,106,unweighted_fl,10,0.0995222929936305,0,11,None,66,1,5,False,1000,1000
7322,107,unweighted_fl,10,0.0995222929936305,0,11,None,66,1,5,False,1000,1000
7323,108,unweighted_fl,10,0.1696855095541401,0,11,None,66,1,5,False,1000,1000
7324,109,unweighted_fl,10,0.0995222929936305,0,11,None,66,1,5,False,1000,1000
7325,105,unweighted_fl,10,0.0995222929936305,0,13,None,66,1,5,False,1000,1000
7326,106,unweighted_fl,10,0.0995222929936305,0,13,None,66,1,5,False,1000,1000
7327,107,unweighted_fl,10,0.0995222929936305,0,13,None,66,1,5,False,1000,1000
7328,108,unweighted_fl,10,0.0995222929936305,0,13,None,66,1,5,False,1000,1000
7329,109,unweighted_fl,10,0.0995222929936305,0,13,None,66,1,5,False,1000,1000
7330,105,unweighted_fl,10,0.0995222929936305,0,15,None,66,1,5,False,1000,1000
7331,106,unweighted_fl,10,0.1315684713375796,0,15,None,66,1,5,False,1000,1000
7332,107,unweighted_fl,10,0.0995222929936305,0,15,None,66,1,5,False,1000,1000
7333,108,unweighted_fl,10,0.0995222929936305,0,15,None,66,1,5,False,1000,1000
7334,109,unweighted_fl,10,0.0995222929936305,0,15,None,66,1,5,False,1000,1000
7335,105,unweighted_fl,10,0.0995222929936305,0,14,None,66,1,5,False,1000,1000
7336,106,unweighted_fl,10,0.158937101910828,0,14,None,66,1,5,False,1000,1000
7337,107,unweighted_fl,10,0.0995222929936305,0,14,None,66,1,5,False,1000,1000
7338,108,unweighted_fl,10,0.0995222929936305,0,14,None,66,1,5,False,1000,1000
7339,109,unweighted_fl,10,0.0995222929936305,0,14,None,66,1,5,False,1000,1000
7340,105,unweighted_fl,10,0.0995222929936305,0,16,None,66,1,5,False,1000,1000
7341,106,unweighted_fl,10,0.0995222929936305,0,16,None,66,1,5,False,1000,1000
7342,107,unweighted_fl,10,0.0995222929936305,0,16,None,66,1,5,False,1000,1000
7343,108,unweighted_fl,10,0.0995222929936305,0,16,None,66,1,5,False,1000,1000
7344,109,unweighted_fl,10,0.0995222929936305,0,16,None,66,1,5,False,1000,1000
7345,105,unweighted_fl,10,0.0995222929936305,0,18,None,66,1,5,False,1000,1000
7346,106,unweighted_fl,10,0.0995222929936305,0,18,None,66,1,5,False,1000,1000
7347,107,unweighted_fl,10,0.138734076433121,0,18,None,66,1,5,False,1000,1000
7348,108,unweighted_fl,10,0.0995222929936305,0,18,None,66,1,5,False,1000,1000
7349,109,unweighted_fl,10,0.0995222929936305,0,18,None,66,1,5,False,1000,1000
7350,105,unweighted_fl,10,0.0995222929936305,0,17,None,66,1,5,False,1000,1000
7351,106,unweighted_fl,10,0.0995222929936305,0,17,None,66,1,5,False,1000,1000
7352,107,unweighted_fl,10,0.0995222929936305,0,17,None,66,1,5,False,1000,1000
7353,108,unweighted_fl,10,0.0995222929936305,0,17,None,66,1,5,False,1000,1000
7354,109,unweighted_fl,10,0.0995222929936305,0,17,None,66,1,5,False,1000,1000
7355,105,unweighted_fl,10,0.0995222929936305,0,19,None,66,1,5,False,1000,1000
7356,106,unweighted_fl,10,0.0995222929936305,0,19,None,66,1,5,False,1000,1000
7357,107,unweighted_fl,10,0.0995222929936305,0,19,None,66,1,5,False,1000,1000
7358,108,unweighted_fl,10,0.0995222929936305,0,19,None,66,1,5,False,1000,1000
7359,109,unweighted_fl,10,0.0995222929936305,0,19,None,66,1,5,False,1000,1000
7360,105,unweighted_fl,10,0.0995222929936305,0,21,None,66,1,5,False,1000,1000
7361,106,unweighted_fl,10,0.0995222929936305,0,21,None,66,1,5,False,1000,1000
7362,107,unweighted_fl,10,0.0995222929936305,0,21,None,66,1,5,False,1000,1000
7363,108,unweighted_fl,10,0.0995222929936305,0,21,None,66,1,5,False,1000,1000
7364,109,unweighted_fl,10,0.0995222929936305,0,21,None,66,1,5,False,1000,1000
7365,105,unweighted_fl,10,0.0995222929936305,0,20,None,66,1,5,False,1000,1000
7366,106,unweighted_fl,10,0.1167396496815286,0,20,None,66,1,5,False,1000,1000
7367,107,unweighted_fl,10,0.0995222929936305,0,20,None,66,1,5,False,1000,1000
7368,108,unweighted_fl,10,0.0995222929936305,0,20,None,66,1,5,False,1000,1000
7369,109,unweighted_fl,10,0.0995222929936305,0,20,None,66,1,5,False,1000,1000
7370,105,unweighted_fl,10,0.1112659235668789,0,22,None,66,1,5,False,1000,1000
7371,106,unweighted_fl,10,0.0995222929936305,0,22,None,66,1,5,False,1000,1000
7372,107,unweighted_fl,10,0.1679936305732484,0,22,None,66,1,5,False,1000,1000
7373,108,unweighted_fl,10,0.0995222929936305,0,22,None,66,1,5,False,1000,1000
7374,109,unweighted_fl,10,0.0995222929936305,0,22,None,66,1,5,False,1000,1000
7375,105,unweighted_fl,10,0.0995222929936305,0,24,None,66,1,5,False,1000,1000
7376,106,unweighted_fl,10,0.0995222929936305,0,24,None,66,1,5,False,1000,1000
7377,107,unweighted_fl,10,0.0995222929936305,0,24,None,66,1,5,False,1000,1000
7378,108,unweighted_fl,10,0.0995222929936305,0,24,None,66,1,5,False,1000,1000
7379,109,unweighted_fl,10,0.0995222929936305,0,24,None,66,1,5,False,1000,1000
7380,105,unweighted_fl,10,0.0995222929936305,0,23,None,66,1,5,False,1000,1000
7381,106,unweighted_fl,10,0.0995222929936305,0,23,None,66,1,5,False,1000,1000
7382,107,unweighted_fl,10,0.0995222929936305,0,23,None,66,1,5,False,1000,1000
7383,108,unweighted_fl,10,0.0995222929936305,0,23,None,66,1,5,False,1000,1000
7384,109,unweighted_fl,10,0.0995222929936305,0,23,None,66,1,5,False,1000,1000
7385,105,unweighted_fl,10,0.0995222929936305,0,25,None,66,1,5,False,1000,1000
7386,106,unweighted_fl,10,0.0995222929936305,0,25,None,66,1,5,False,1000,1000
7387,107,unweighted_fl,10,0.0995222929936305,0,25,None,66,1,5,False,1000,1000
7388,108,unweighted_fl,10,0.0995222929936305,0,25,None,66,1,5,False,1000,1000
7389,109,unweighted_fl,10,0.1180334394904458,0,25,None,66,1,5,False,1000,1000
7390,105,unweighted_fl,10,0.0995222929936305,0,27,None,66,1,5,False,1000,1000
7391,106,unweighted_fl,10,0.0995222929936305,0,27,None,66,1,5,False,1000,1000
7392,107,unweighted_fl,10,0.0995222929936305,0,27,None,66,1,5,False,1000,1000
7393,108,unweighted_fl,10,0.0995222929936305,0,27,None,66,1,5,False,1000,1000
7394,109,unweighted_fl,10,0.0995222929936305,0,27,None,66,1,5,False,1000,1000
7395,105,unweighted_fl,10,0.0995222929936305,0,26,None,66,1,5,False,1000,1000
7396,106,unweighted_fl,10,0.0995222929936305,0,26,None,66,1,5,False,1000,1000
7397,107,unweighted_fl,10,0.0995222929936305,0,26,None,66,1,5,False,1000,1000
7398,108,unweighted_fl,10,0.0995222929936305,0,26,None,66,1,5,False,1000,1000
7399,109,unweighted_fl,10,0.0995222929936305,0,26,None,66,1,5,False,1000,1000
7400,105,unweighted_fl,10,0.0995222929936305,0,28,None,66,1,5,False,1000,1000
7401,106,unweighted_fl,10,0.0995222929936305,0,28,None,66,1,5,False,1000,1000
7402,107,unweighted_fl,10,0.0995222929936305,0,28,None,66,1,5,False,1000,1000
7403,108,unweighted_fl,10,0.0995222929936305,0,28,None,66,1,5,False,1000,1000
7404,109,unweighted_fl,10,0.0995222929936305,0,28,None,66,1,5,False,1000,1000
7405,105,unweighted_fl,10,0.0995222929936305,0,30,None,66,1,5,False,1000,1000
7406,106,unweighted_fl,10,0.0995222929936305,0,30,None,66,1,5,False,1000,1000
7407,107,unweighted_fl,10,0.0995222929936305,0,30,None,66,1,5,False,1000,1000
7408,108,unweighted_fl,10,0.0995222929936305,0,30,None,66,1,5,False,1000,1000
7409,109,unweighted_fl,10,0.0995222929936305,0,30,None,66,1,5,False,1000,1000
7410,105,unweighted_fl,10,0.0995222929936305,0,29,None,66,1,5,False,1000,1000
7411,106,unweighted_fl,10,0.1071855095541401,0,29,None,66,1,5,False,1000,1000
7412,107,unweighted_fl,10,0.0995222929936305,0,29,None,66,1,5,False,1000,1000
7413,108,unweighted_fl,10,0.0995222929936305,0,29,None,66,1,5,False,1000,1000
7414,109,unweighted_fl,10,0.0995222929936305,0,29,None,66,1,5,False,1000,1000
7415,105,unweighted_fl,10,0.0995222929936305,0,31,None,66,1,5,False,1000,1000
7416,106,unweighted_fl,10,0.0995222929936305,0,31,None,66,1,5,False,1000,1000
7417,107,unweighted_fl,10,0.0995222929936305,0,31,None,66,1,5,False,1000,1000
7418,108,unweighted_fl,10,0.0995222929936305,0,31,None,66,1,5,False,1000,1000
7419,109,unweighted_fl,10,0.0995222929936305,0,31,None,66,1,5,False,1000,1000
7420,105,unweighted_fl,10,0.0995222929936305,0,32,None,66,1,5,False,1000,1000
7421,106,unweighted_fl,10,0.0995222929936305,0,32,None,66,1,5,False,1000,1000
7422,107,unweighted_fl,10,0.0995222929936305,0,32,None,66,1,5,False,1000,1000
7423,108,unweighted_fl,10,0.0995222929936305,0,32,None,66,1,5,False,1000,1000
7424,109,unweighted_fl,10,0.0995222929936305,0,32,None,66,1,5,False,1000,1000
7425,110,unweighted_fl,10,0.0995222929936305,0,1,None,66,1,5,False,1000,1000
7426,111,unweighted_fl,10,0.0995222929936305,0,1,None,66,1,5,False,1000,1000
7427,112,unweighted_fl,10,0.0995222929936305,0,1,None,66,1,5,False,1000,1000
7428,113,unweighted_fl,10,0.0995222929936305,0,1,None,66,1,5,False,1000,1000
7429,114,unweighted_fl,10,0.0995222929936305,0,1,None,66,1,5,False,1000,1000
7430,110,unweighted_fl,10,0.0995222929936305,0,0,None,66,1,5,False,1000,1000
7431,111,unweighted_fl,10,0.1515724522292993,0,0,None,66,1,5,False,1000,1000
7432,112,unweighted_fl,10,0.0995222929936305,0,0,None,66,1,5,False,1000,1000
7433,113,unweighted_fl,10,0.0995222929936305,0,0,None,66,1,5,False,1000,1000
7434,114,unweighted_fl,10,0.0995222929936305,0,0,None,66,1,5,False,1000,1000
7435,110,unweighted_fl,10,0.0995222929936305,0,3,None,66,1,5,False,1000,1000
7436,111,unweighted_fl,10,0.0995222929936305,0,3,None,66,1,5,False,1000,1000
7437,112,unweighted_fl,10,0.0995222929936305,0,3,None,66,1,5,False,1000,1000
7438,113,unweighted_fl,10,0.0995222929936305,0,3,None,66,1,5,False,1000,1000
7439,114,unweighted_fl,10,0.0995222929936305,0,3,None,66,1,5,False,1000,1000
7440,110,unweighted_fl,10,0.1148487261146496,0,2,None,66,1,5,False,1000,1000
7441,111,unweighted_fl,10,0.0995222929936305,0,2,None,66,1,5,False,1000,1000
7442,112,unweighted_fl,10,0.0995222929936305,0,2,None,66,1,5,False,1000,1000
7443,113,unweighted_fl,10,0.1905851910828025,0,2,None,66,1,5,False,1000,1000
7444,114,unweighted_fl,10,0.1408240445859872,0,2,None,66,1,5,False,1000,1000
7445,110,unweighted_fl,10,0.0995222929936305,0,4,None,66,1,5,False,1000,1000
7446,111,unweighted_fl,10,0.0995222929936305,0,4,None,66,1,5,False,1000,1000
7447,112,unweighted_fl,10,0.1811305732484076,0,4,None,66,1,5,False,1000,1000
7448,113,unweighted_fl,10,0.1881966560509554,0,4,None,66,1,5,False,1000,1000
7449,114,unweighted_fl,10,0.1717754777070063,0,4,None,66,1,5,False,1000,1000
7450,110,unweighted_fl,10,0.1160429936305732,0,6,None,66,1,5,False,1000,1000
7451,111,unweighted_fl,10,0.0995222929936305,0,6,None,66,1,5,False,1000,1000
7452,112,unweighted_fl,10,0.0995222929936305,0,6,None,66,1,5,False,1000,1000
7453,113,unweighted_fl,10,0.0995222929936305,0,6,None,66,1,5,False,1000,1000
7454,114,unweighted_fl,10,0.0995222929936305,0,6,None,66,1,5,False,1000,1000
7455,110,unweighted_fl,10,0.0995222929936305,0,5,None,66,1,5,False,1000,1000
7456,111,unweighted_fl,10,0.0995222929936305,0,5,None,66,1,5,False,1000,1000
7457,112,unweighted_fl,10,0.0995222929936305,0,5,None,66,1,5,False,1000,1000
7458,113,unweighted_fl,10,0.1135549363057324,0,5,None,66,1,5,False,1000,1000
7459,114,unweighted_fl,10,0.0995222929936305,0,5,None,66,1,5,False,1000,1000
7460,110,unweighted_fl,10,0.0995222929936305,0,7,None,66,1,5,False,1000,1000
7461,111,unweighted_fl,10,0.0995222929936305,0,7,None,66,1,5,False,1000,1000
7462,112,unweighted_fl,10,0.0995222929936305,0,7,None,66,1,5,False,1000,1000
7463,113,unweighted_fl,10,0.0995222929936305,0,7,None,66,1,5,False,1000,1000
7464,114,unweighted_fl,10,0.0995222929936305,0,7,None,66,1,5,False,1000,1000
7465,110,unweighted_fl,10,0.0995222929936305,0,8,None,66,1,5,False,1000,1000
7466,111,unweighted_fl,10,0.0995222929936305,0,8,None,66,1,5,False,1000,1000
7467,112,unweighted_fl,10,0.0995222929936305,0,8,None,66,1,5,False,1000,1000
7468,113,unweighted_fl,10,0.0995222929936305,0,8,None,66,1,5,False,1000,1000
7469,114,unweighted_fl,10,0.0995222929936305,0,8,None,66,1,5,False,1000,1000
7470,110,unweighted_fl,10,0.1196257961783439,0,9,None,66,1,5,False,1000,1000
7471,111,unweighted_fl,10,0.0995222929936305,0,9,None,66,1,5,False,1000,1000
7472,112,unweighted_fl,10,0.0995222929936305,0,9,None,66,1,5,False,1000,1000
7473,113,unweighted_fl,10,0.0995222929936305,0,9,None,66,1,5,False,1000,1000
7474,114,unweighted_fl,10,0.0995222929936305,0,9,None,66,1,5,False,1000,1000
7475,110,unweighted_fl,10,0.0995222929936305,0,11,None,66,1,5,False,1000,1000
7476,111,unweighted_fl,10,0.0995222929936305,0,11,None,66,1,5,False,1000,1000
7477,112,unweighted_fl,10,0.0995222929936305,0,11,None,66,1,5,False,1000,1000
7478,113,unweighted_fl,10,0.163515127388535,0,11,None,66,1,5,False,1000,1000
7479,114,unweighted_fl,10,0.0995222929936305,0,11,None,66,1,5,False,1000,1000
7480,110,unweighted_fl,10,0.0995222929936305,0,10,None,66,1,5,False,1000,1000
7481,111,unweighted_fl,10,0.0995222929936305,0,10,None,66,1,5,False,1000,1000
7482,112,unweighted_fl,10,0.0998208598726114,0,10,None,66,1,5,False,1000,1000
7483,113,unweighted_fl,10,0.1022093949044586,0,10,None,66,1,5,False,1000,1000
7484,114,unweighted_fl,10,0.1068869426751592,0,10,None,66,1,5,False,1000,1000
7485,110,unweighted_fl,10,0.0995222929936305,0,12,None,66,1,5,False,1000,1000
7486,111,unweighted_fl,10,0.0995222929936305,0,12,None,66,1,5,False,1000,1000
7487,112,unweighted_fl,10,0.0995222929936305,0,12,None,66,1,5,False,1000,1000
7488,113,unweighted_fl,10,0.0995222929936305,0,12,None,66,1,5,False,1000,1000
7489,114,unweighted_fl,10,0.0995222929936305,0,12,None,66,1,5,False,1000,1000
7490,110,unweighted_fl,10,0.0995222929936305,0,13,None,66,1,5,False,1000,1000
7491,111,unweighted_fl,10,0.0995222929936305,0,13,None,66,1,5,False,1000,1000
7492,112,unweighted_fl,10,0.0995222929936305,0,13,None,66,1,5,False,1000,1000
7493,113,unweighted_fl,10,0.0995222929936305,0,13,None,66,1,5,False,1000,1000
7494,114,unweighted_fl,10,0.0995222929936305,0,13,None,66,1,5,False,1000,1000
7495,110,unweighted_fl,10,0.0995222929936305,0,14,None,66,1,5,False,1000,1000
7496,111,unweighted_fl,10,0.1376393312101911,0,14,None,66,1,5,False,1000,1000
7497,112,unweighted_fl,10,0.0995222929936305,0,14,None,66,1,5,False,1000,1000
7498,113,unweighted_fl,10,0.0995222929936305,0,14,None,66,1,5,False,1000,1000
7499,114,unweighted_fl,10,0.0995222929936305,0,14,None,66,1,5,False,1000,1000
7500,110,unweighted_fl,10,0.0995222929936305,0,16,None,66,1,5,False,1000,1000
7501,111,unweighted_fl,10,0.0995222929936305,0,16,None,66,1,5,False,1000,1000
7502,112,unweighted_fl,10,0.0995222929936305,0,16,None,66,1,5,False,1000,1000
7503,113,unweighted_fl,10,0.0995222929936305,0,16,None,66,1,5,False,1000,1000
7504,114,unweighted_fl,10,0.0995222929936305,0,16,None,66,1,5,False,1000,1000
7505,110,unweighted_fl,10,0.0995222929936305,0,15,None,66,1,5,False,1000,1000
7506,111,unweighted_fl,10,0.1578423566878981,0,15,None,66,1,5,False,1000,1000
7507,112,unweighted_fl,10,0.1133558917197452,0,15,None,66,1,5,False,1000,1000
7508,113,unweighted_fl,10,0.0995222929936305,0,15,None,66,1,5,False,1000,1000
7509,114,unweighted_fl,10,0.0995222929936305,0,15,None,66,1,5,False,1000,1000
7510,110,unweighted_fl,10,0.0995222929936305,0,17,None,66,1,5,False,1000,1000
7511,111,unweighted_fl,10,0.0995222929936305,0,17,None,66,1,5,False,1000,1000
7512,112,unweighted_fl,10,0.0995222929936305,0,17,None,66,1,5,False,1000,1000
7513,113,unweighted_fl,10,0.0995222929936305,0,17,None,66,1,5,False,1000,1000
7514,114,unweighted_fl,10,0.0995222929936305,0,17,None,66,1,5,False,1000,1000
7515,110,unweighted_fl,10,0.0995222929936305,0,19,None,66,1,5,False,1000,1000
7516,111,unweighted_fl,10,0.0995222929936305,0,19,None,66,1,5,False,1000,1000
7517,112,unweighted_fl,10,0.0995222929936305,0,19,None,66,1,5,False,1000,1000
7518,113,unweighted_fl,10,0.0995222929936305,0,19,None,66,1,5,False,1000,1000
7519,114,unweighted_fl,10,0.0995222929936305,0,19,None,66,1,5,False,1000,1000
7520,110,unweighted_fl,10,0.0995222929936305,0,20,None,66,1,5,False,1000,1000
7521,111,unweighted_fl,10,0.0995222929936305,0,20,None,66,1,5,False,1000,1000
7522,112,unweighted_fl,10,0.0995222929936305,0,20,None,66,1,5,False,1000,1000
7523,113,unweighted_fl,10,0.0995222929936305,0,20,None,66,1,5,False,1000,1000
7524,114,unweighted_fl,10,0.0995222929936305,0,20,None,66,1,5,False,1000,1000
7525,110,unweighted_fl,10,0.0995222929936305,0,18,None,66,1,5,False,1000,1000
7526,111,unweighted_fl,10,0.0995222929936305,0,18,None,66,1,5,False,1000,1000
7527,112,unweighted_fl,10,0.147890127388535,0,18,None,66,1,5,False,1000,1000
7528,113,unweighted_fl,10,0.0995222929936305,0,18,None,66,1,5,False,1000,1000
7529,114,unweighted_fl,10,0.0995222929936305,0,18,None,66,1,5,False,1000,1000
7530,110,unweighted_fl,10,0.0995222929936305,0,21,None,66,1,5,False,1000,1000
7531,111,unweighted_fl,10,0.0995222929936305,0,21,None,66,1,5,False,1000,1000
7532,112,unweighted_fl,10,0.0995222929936305,0,21,None,66,1,5,False,1000,1000
7533,113,unweighted_fl,10,0.0995222929936305,0,21,None,66,1,5,False,1000,1000
7534,114,unweighted_fl,10,0.0995222929936305,0,21,None,66,1,5,False,1000,1000
7535,110,unweighted_fl,10,0.0995222929936305,0,22,None,66,1,5,False,1000,1000
7536,111,unweighted_fl,10,0.0995222929936305,0,22,None,66,1,5,False,1000,1000
7537,112,unweighted_fl,10,0.168093152866242,0,22,None,66,1,5,False,1000,1000
7538,113,unweighted_fl,10,0.0995222929936305,0,22,None,66,1,5,False,1000,1000
7539,114,unweighted_fl,10,0.0995222929936305,0,22,None,66,1,5,False,1000,1000
7540,110,unweighted_fl,10,0.0995222929936305,0,23,None,66,1,5,False,1000,1000
7541,111,unweighted_fl,10,0.0995222929936305,0,23,None,66,1,5,False,1000,1000
7542,112,unweighted_fl,10,0.0995222929936305,0,23,None,66,1,5,False,1000,1000
7543,113,unweighted_fl,10,0.0995222929936305,0,23,None,66,1,5,False,1000,1000
7544,114,unweighted_fl,10,0.0995222929936305,0,23,None,66,1,5,False,1000,1000
7545,110,unweighted_fl,10,0.0995222929936305,0,25,None,66,1,5,False,1000,1000
7546,111,unweighted_fl,10,0.0995222929936305,0,25,None,66,1,5,False,1000,1000
7547,112,unweighted_fl,10,0.0995222929936305,0,25,None,66,1,5,False,1000,1000
7548,113,unweighted_fl,10,0.0995222929936305,0,25,None,66,1,5,False,1000,1000
7549,114,unweighted_fl,10,0.1244028662420382,0,25,None,66,1,5,False,1000,1000
7550,110,unweighted_fl,10,0.0995222929936305,0,24,None,66,1,5,False,1000,1000
7551,111,unweighted_fl,10,0.0995222929936305,0,24,None,66,1,5,False,1000,1000
7552,112,unweighted_fl,10,0.0995222929936305,0,24,None,66,1,5,False,1000,1000
7553,113,unweighted_fl,10,0.0995222929936305,0,24,None,66,1,5,False,1000,1000
7554,114,unweighted_fl,10,0.0995222929936305,0,24,None,66,1,5,False,1000,1000
7555,110,unweighted_fl,10,0.0995222929936305,0,26,None,66,1,5,False,1000,1000
7556,111,unweighted_fl,10,0.0995222929936305,0,26,None,66,1,5,False,1000,1000
7557,112,unweighted_fl,10,0.0995222929936305,0,26,None,66,1,5,False,1000,1000
7558,113,unweighted_fl,10,0.0995222929936305,0,26,None,66,1,5,False,1000,1000
7559,114,unweighted_fl,10,0.0995222929936305,0,26,None,66,1,5,False,1000,1000
7560,110,unweighted_fl,10,0.0995222929936305,0,28,None,66,1,5,False,1000,1000
7561,111,unweighted_fl,10,0.0995222929936305,0,28,None,66,1,5,False,1000,1000
7562,112,unweighted_fl,10,0.0995222929936305,0,28,None,66,1,5,False,1000,1000
7563,113,unweighted_fl,10,0.0995222929936305,0,28,None,66,1,5,False,1000,1000
7564,114,unweighted_fl,10,0.0995222929936305,0,28,None,66,1,5,False,1000,1000
7565,110,unweighted_fl,10,0.0995222929936305,0,27,None,66,1,5,False,1000,1000
7566,111,unweighted_fl,10,0.0995222929936305,0,27,None,66,1,5,False,1000,1000
7567,112,unweighted_fl,10,0.0995222929936305,0,27,None,66,1,5,False,1000,1000
7568,113,unweighted_fl,10,0.0995222929936305,0,27,None,66,1,5,False,1000,1000
7569,114,unweighted_fl,10,0.0995222929936305,0,27,None,66,1,5,False,1000,1000
7570,110,unweighted_fl,10,0.0995222929936305,0,29,None,66,1,5,False,1000,1000
7571,111,unweighted_fl,10,0.0994227707006369,0,29,None,66,1,5,False,1000,1000
7572,112,unweighted_fl,10,0.0995222929936305,0,29,None,66,1,5,False,1000,1000
7573,113,unweighted_fl,10,0.0995222929936305,0,29,None,66,1,5,False,1000,1000
7574,114,unweighted_fl,10,0.0995222929936305,0,29,None,66,1,5,False,1000,1000
7575,110,unweighted_fl,10,0.0995222929936305,0,31,None,66,1,5,False,1000,1000
7576,111,unweighted_fl,10,0.0995222929936305,0,31,None,66,1,5,False,1000,1000
7577,112,unweighted_fl,10,0.0995222929936305,0,31,None,66,1,5,False,1000,1000
7578,113,unweighted_fl,10,0.0995222929936305,0,31,None,66,1,5,False,1000,1000
7579,114,unweighted_fl,10,0.0995222929936305,0,31,None,66,1,5,False,1000,1000
7580,110,unweighted_fl,10,0.0995222929936305,0,30,None,66,1,5,False,1000,1000
7581,111,unweighted_fl,10,0.0995222929936305,0,30,None,66,1,5,False,1000,1000
7582,112,unweighted_fl,10,0.0995222929936305,0,30,None,66,1,5,False,1000,1000
7583,113,unweighted_fl,10,0.0995222929936305,0,30,None,66,1,5,False,1000,1000
7584,114,unweighted_fl,10,0.0995222929936305,0,30,None,66,1,5,False,1000,1000
7585,110,unweighted_fl,10,0.0995222929936305,0,32,None,66,1,5,False,1000,1000
7586,111,unweighted_fl,10,0.0995222929936305,0,32,None,66,1,5,False,1000,1000
7587,112,unweighted_fl,10,0.0995222929936305,0,32,None,66,1,5,False,1000,1000
7588,113,unweighted_fl,10,0.0995222929936305,0,32,None,66,1,5,False,1000,1000
7589,114,unweighted_fl,10,0.0995222929936305,0,32,None,66,1,5,False,1000,1000
7590,115,unweighted_fl,10,0.0995222929936305,0,1,None,66,1,5,False,1000,1000
7591,116,unweighted_fl,10,0.0995222929936305,0,1,None,66,1,5,False,1000,1000
7592,117,unweighted_fl,10,0.0995222929936305,0,1,None,66,1,5,False,1000,1000
7593,118,unweighted_fl,10,0.0995222929936305,0,1,None,66,1,5,False,1000,1000
7594,119,unweighted_fl,10,0.0995222929936305,0,1,None,66,1,5,False,1000,1000
7595,115,unweighted_fl,10,0.0999203821656051,0,2,None,66,1,5,False,1000,1000
7596,116,unweighted_fl,10,0.0995222929936305,0,2,None,66,1,5,False,1000,1000
7597,117,unweighted_fl,10,0.0995222929936305,0,2,None,66,1,5,False,1000,1000
7598,118,unweighted_fl,10,0.1931727707006369,0,2,None,66,1,5,False,1000,1000
7599,119,unweighted_fl,10,0.1538614649681528,0,2,None,66,1,5,False,1000,1000
7600,115,unweighted_fl,10,0.0995222929936305,0,0,None,66,1,5,False,1000,1000
7601,116,unweighted_fl,10,0.1531648089171974,0,0,None,66,1,5,False,1000,1000
7602,117,unweighted_fl,10,0.0995222929936305,0,0,None,66,1,5,False,1000,1000
7603,118,unweighted_fl,10,0.0995222929936305,0,0,None,66,1,5,False,1000,1000
7604,119,unweighted_fl,10,0.0995222929936305,0,0,None,66,1,5,False,1000,1000
7605,115,unweighted_fl,10,0.0995222929936305,0,3,None,66,1,5,False,1000,1000
7606,116,unweighted_fl,10,0.0995222929936305,0,3,None,66,1,5,False,1000,1000
7607,117,unweighted_fl,10,0.0995222929936305,0,3,None,66,1,5,False,1000,1000
7608,118,unweighted_fl,10,0.0995222929936305,0,3,None,66,1,5,False,1000,1000
7609,119,unweighted_fl,10,0.0995222929936305,0,3,None,66,1,5,False,1000,1000
7610,115,unweighted_fl,10,0.0995222929936305,0,5,None,66,1,5,False,1000,1000
7611,116,unweighted_fl,10,0.0995222929936305,0,5,None,66,1,5,False,1000,1000
7612,117,unweighted_fl,10,0.0995222929936305,0,5,None,66,1,5,False,1000,1000
7613,118,unweighted_fl,10,0.1443073248407643,0,5,None,66,1,5,False,1000,1000
7614,119,unweighted_fl,10,0.0995222929936305,0,5,None,66,1,5,False,1000,1000
7615,115,unweighted_fl,10,0.0995222929936305,0,4,None,66,1,5,False,1000,1000
7616,116,unweighted_fl,10,0.0995222929936305,0,4,None,66,1,5,False,1000,1000
7617,117,unweighted_fl,10,0.1850119426751592,0,4,None,66,1,5,False,1000,1000
7618,118,unweighted_fl,10,0.1891918789808917,0,4,None,66,1,5,False,1000,1000
7619,119,unweighted_fl,10,0.1769506369426751,0,4,None,66,1,5,False,1000,1000
7620,115,unweighted_fl,10,0.1121616242038216,0,6,None,66,1,5,False,1000,1000
7621,116,unweighted_fl,10,0.0995222929936305,0,6,None,66,1,5,False,1000,1000
7622,117,unweighted_fl,10,0.0995222929936305,0,6,None,66,1,5,False,1000,1000
7623,118,unweighted_fl,10,0.0995222929936305,0,6,None,66,1,5,False,1000,1000
7624,119,unweighted_fl,10,0.0995222929936305,0,6,None,66,1,5,False,1000,1000
7625,115,unweighted_fl,10,0.0995222929936305,0,8,None,66,1,5,False,1000,1000
7626,116,unweighted_fl,10,0.0995222929936305,0,8,None,66,1,5,False,1000,1000
7627,117,unweighted_fl,10,0.0995222929936305,0,8,None,66,1,5,False,1000,1000
7628,118,unweighted_fl,10,0.0995222929936305,0,8,None,66,1,5,False,1000,1000
7629,119,unweighted_fl,10,0.0995222929936305,0,8,None,66,1,5,False,1000,1000
7630,115,unweighted_fl,10,0.0995222929936305,0,7,None,66,1,5,False,1000,1000
7631,116,unweighted_fl,10,0.0995222929936305,0,7,None,66,1,5,False,1000,1000
7632,117,unweighted_fl,10,0.0995222929936305,0,7,None,66,1,5,False,1000,1000
7633,118,unweighted_fl,10,0.0995222929936305,0,7,None,66,1,5,False,1000,1000
7634,119,unweighted_fl,10,0.0995222929936305,0,7,None,66,1,5,False,1000,1000
7635,115,unweighted_fl,10,0.1187300955414012,0,9,None,66,1,5,False,1000,1000
7636,116,unweighted_fl,10,0.0995222929936305,0,9,None,66,1,5,False,1000,1000
7637,117,unweighted_fl,10,0.0995222929936305,0,9,None,66,1,5,False,1000,1000
7638,118,unweighted_fl,10,0.0995222929936305,0,9,None,66,1,5,False,1000,1000
7639,119,unweighted_fl,10,0.0995222929936305,0,9,None,66,1,5,False,1000,1000
7640,115,unweighted_fl,10,0.0995222929936305,0,11,None,66,1,5,False,1000,1000
7641,116,unweighted_fl,10,0.0995222929936305,0,11,None,66,1,5,False,1000,1000
7642,117,unweighted_fl,10,0.0995222929936305,0,11,None,66,1,5,False,1000,1000
7643,118,unweighted_fl,10,0.1670979299363057,0,11,None,66,1,5,False,1000,1000
7644,119,unweighted_fl,10,0.0995222929936305,0,11,None,66,1,5,False,1000,1000
7645,115,unweighted_fl,10,0.1005175159235668,0,10,None,66,1,5,False,1000,1000
7646,116,unweighted_fl,10,0.1034036624203821,0,10,None,66,1,5,False,1000,1000
7647,117,unweighted_fl,10,0.1086783439490445,0,10,None,66,1,5,False,1000,1000
7648,118,unweighted_fl,10,0.112062101910828,0,10,None,66,1,5,False,1000,1000
7649,119,unweighted_fl,10,0.1169386942675159,0,10,None,66,1,5,False,1000,1000
7650,115,unweighted_fl,10,0.0995222929936305,0,12,None,66,1,5,False,1000,1000
7651,116,unweighted_fl,10,0.0995222929936305,0,12,None,66,1,5,False,1000,1000
7652,117,unweighted_fl,10,0.0995222929936305,0,12,None,66,1,5,False,1000,1000
7653,118,unweighted_fl,10,0.0995222929936305,0,12,None,66,1,5,False,1000,1000
7654,119,unweighted_fl,10,0.0995222929936305,0,12,None,66,1,5,False,1000,1000
7655,115,unweighted_fl,10,0.0995222929936305,0,13,None,66,1,5,False,1000,1000
7656,116,unweighted_fl,10,0.0995222929936305,0,13,None,66,1,5,False,1000,1000
7657,117,unweighted_fl,10,0.0995222929936305,0,13,None,66,1,5,False,1000,1000
7658,118,unweighted_fl,10,0.0995222929936305,0,13,None,66,1,5,False,1000,1000
7659,119,unweighted_fl,10,0.0995222929936305,0,13,None,66,1,5,False,1000,1000
7660,115,unweighted_fl,10,0.0995222929936305,0,14,None,66,1,5,False,1000,1000
7661,116,unweighted_fl,10,0.1683917197452229,0,14,None,66,1,5,False,1000,1000
7662,117,unweighted_fl,10,0.0995222929936305,0,14,None,66,1,5,False,1000,1000
7663,118,unweighted_fl,10,0.0995222929936305,0,14,None,66,1,5,False,1000,1000
7664,119,unweighted_fl,10,0.0995222929936305,0,14,None,66,1,5,False,1000,1000
7665,115,unweighted_fl,10,0.0995222929936305,0,16,None,66,1,5,False,1000,1000
7666,116,unweighted_fl,10,0.0995222929936305,0,16,None,66,1,5,False,1000,1000
7667,117,unweighted_fl,10,0.0995222929936305,0,16,None,66,1,5,False,1000,1000
7668,118,unweighted_fl,10,0.0995222929936305,0,16,None,66,1,5,False,1000,1000
7669,119,unweighted_fl,10,0.0995222929936305,0,16,None,66,1,5,False,1000,1000
7670,115,unweighted_fl,10,0.0995222929936305,0,15,None,66,1,5,False,1000,1000
7671,116,unweighted_fl,10,0.1108678343949044,0,15,None,66,1,5,False,1000,1000
7672,117,unweighted_fl,10,0.123109076433121,0,15,None,66,1,5,False,1000,1000
7673,118,unweighted_fl,10,0.0995222929936305,0,15,None,66,1,5,False,1000,1000
7674,119,unweighted_fl,10,0.0995222929936305,0,15,None,66,1,5,False,1000,1000
7675,115,unweighted_fl,10,0.0995222929936305,0,17,None,66,1,5,False,1000,1000
7676,116,unweighted_fl,10,0.0995222929936305,0,17,None,66,1,5,False,1000,1000
7677,117,unweighted_fl,10,0.0995222929936305,0,17,None,66,1,5,False,1000,1000
7678,118,unweighted_fl,10,0.0995222929936305,0,17,None,66,1,5,False,1000,1000
7679,119,unweighted_fl,10,0.0995222929936305,0,17,None,66,1,5,False,1000,1000
7680,115,unweighted_fl,10,0.0995222929936305,0,19,None,66,1,5,False,1000,1000
7681,116,unweighted_fl,10,0.0995222929936305,0,19,None,66,1,5,False,1000,1000
7682,117,unweighted_fl,10,0.0995222929936305,0,19,None,66,1,5,False,1000,1000
7683,118,unweighted_fl,10,0.0995222929936305,0,19,None,66,1,5,False,1000,1000
7684,119,unweighted_fl,10,0.0995222929936305,0,19,None,66,1,5,False,1000,1000
7685,115,unweighted_fl,10,0.0995222929936305,0,18,None,66,1,5,False,1000,1000
7686,116,unweighted_fl,10,0.0995222929936305,0,18,None,66,1,5,False,1000,1000
7687,117,unweighted_fl,10,0.1217157643312101,0,18,None,66,1,5,False,1000,1000
7688,118,unweighted_fl,10,0.0995222929936305,0,18,None,66,1,5,False,1000,1000
7689,119,unweighted_fl,10,0.0995222929936305,0,18,None,66,1,5,False,1000,1000
7690,115,unweighted_fl,10,0.0995222929936305,0,20,None,66,1,5,False,1000,1000
7691,116,unweighted_fl,10,0.1090764331210191,0,20,None,66,1,5,False,1000,1000
7692,117,unweighted_fl,10,0.0995222929936305,0,20,None,66,1,5,False,1000,1000
7693,118,unweighted_fl,10,0.0995222929936305,0,20,None,66,1,5,False,1000,1000
7694,119,unweighted_fl,10,0.0995222929936305,0,20,None,66,1,5,False,1000,1000
7695,115,unweighted_fl,10,0.0995222929936305,0,22,None,66,1,5,False,1000,1000
7696,116,unweighted_fl,10,0.0995222929936305,0,22,None,66,1,5,False,1000,1000
7697,117,unweighted_fl,10,0.1740644904458598,0,22,None,66,1,5,False,1000,1000
7698,118,unweighted_fl,10,0.0995222929936305,0,22,None,66,1,5,False,1000,1000
7699,119,unweighted_fl,10,0.0995222929936305,0,22,None,66,1,5,False,1000,1000
7700,115,unweighted_fl,10,0.0995222929936305,0,21,None,66,1,5,False,1000,1000
7701,116,unweighted_fl,10,0.0995222929936305,0,21,None,66,1,5,False,1000,1000
7702,117,unweighted_fl,10,0.0995222929936305,0,21,None,66,1,5,False,1000,1000
7703,118,unweighted_fl,10,0.0995222929936305,0,21,None,66,1,5,False,1000,1000
7704,119,unweighted_fl,10,0.0995222929936305,0,21,None,66,1,5,False,1000,1000
7705,115,unweighted_fl,10,0.1160429936305732,0,23,None,66,1,5,False,1000,1000
7706,116,unweighted_fl,10,0.0995222929936305,0,23,None,66,1,5,False,1000,1000
7707,117,unweighted_fl,10,0.0995222929936305,0,23,None,66,1,5,False,1000,1000
7708,118,unweighted_fl,10,0.0995222929936305,0,23,None,66,1,5,False,1000,1000
7709,119,unweighted_fl,10,0.0995222929936305,0,23,None,66,1,5,False,1000,1000
7710,115,unweighted_fl,10,0.0995222929936305,0,25,None,66,1,5,False,1000,1000
7711,116,unweighted_fl,10,0.1180334394904458,0,25,None,66,1,5,False,1000,1000
7712,117,unweighted_fl,10,0.0995222929936305,0,25,None,66,1,5,False,1000,1000
7713,118,unweighted_fl,10,0.1071855095541401,0,25,None,66,1,5,False,1000,1000
7714,119,unweighted_fl,10,0.1811305732484076,0,25,None,66,1,5,False,1000,1000
7715,115,unweighted_fl,10,0.0995222929936305,0,24,None,66,1,5,False,1000,1000
7716,116,unweighted_fl,10,0.0995222929936305,0,24,None,66,1,5,False,1000,1000
7717,117,unweighted_fl,10,0.0995222929936305,0,24,None,66,1,5,False,1000,1000
7718,118,unweighted_fl,10,0.0995222929936305,0,24,None,66,1,5,False,1000,1000
7719,119,unweighted_fl,10,0.0995222929936305,0,24,None,66,1,5,False,1000,1000
7720,115,unweighted_fl,10,0.0995222929936305,0,26,None,66,1,5,False,1000,1000
7721,116,unweighted_fl,10,0.0995222929936305,0,26,None,66,1,5,False,1000,1000
7722,117,unweighted_fl,10,0.0995222929936305,0,26,None,66,1,5,False,1000,1000
7723,118,unweighted_fl,10,0.0995222929936305,0,26,None,66,1,5,False,1000,1000
7724,119,unweighted_fl,10,0.0995222929936305,0,26,None,66,1,5,False,1000,1000
7725,115,unweighted_fl,10,0.0995222929936305,0,28,None,66,1,5,False,1000,1000
7726,116,unweighted_fl,10,0.0995222929936305,0,28,None,66,1,5,False,1000,1000
7727,117,unweighted_fl,10,0.0995222929936305,0,28,None,66,1,5,False,1000,1000
7728,118,unweighted_fl,10,0.0995222929936305,0,28,None,66,1,5,False,1000,1000
7729,119,unweighted_fl,10,0.0995222929936305,0,28,None,66,1,5,False,1000,1000
7730,115,unweighted_fl,10,0.0995222929936305,0,29,None,66,1,5,False,1000,1000
7731,116,unweighted_fl,10,0.0995222929936305,0,29,None,66,1,5,False,1000,1000
7732,117,unweighted_fl,10,0.0995222929936305,0,29,None,66,1,5,False,1000,1000
7733,118,unweighted_fl,10,0.0995222929936305,0,29,None,66,1,5,False,1000,1000
7734,119,unweighted_fl,10,0.0995222929936305,0,29,None,66,1,5,False,1000,1000
7735,115,unweighted_fl,10,0.0995222929936305,0,27,None,66,1,5,False,1000,1000
7736,116,unweighted_fl,10,0.0995222929936305,0,27,None,66,1,5,False,1000,1000
7737,117,unweighted_fl,10,0.0995222929936305,0,27,None,66,1,5,False,1000,1000
7738,118,unweighted_fl,10,0.0995222929936305,0,27,None,66,1,5,False,1000,1000
7739,119,unweighted_fl,10,0.0995222929936305,0,27,None,66,1,5,False,1000,1000
7740,115,unweighted_fl,10,0.0995222929936305,0,30,None,66,1,5,False,1000,1000
7741,116,unweighted_fl,10,0.0995222929936305,0,30,None,66,1,5,False,1000,1000
7742,117,unweighted_fl,10,0.0995222929936305,0,30,None,66,1,5,False,1000,1000
7743,118,unweighted_fl,10,0.0995222929936305,0,30,None,66,1,5,False,1000,1000
7744,119,unweighted_fl,10,0.0995222929936305,0,30,None,66,1,5,False,1000,1000
7745,115,unweighted_fl,10,0.0995222929936305,0,31,None,66,1,5,False,1000,1000
7746,116,unweighted_fl,10,0.0995222929936305,0,31,None,66,1,5,False,1000,1000
7747,117,unweighted_fl,10,0.0995222929936305,0,31,None,66,1,5,False,1000,1000
7748,118,unweighted_fl,10,0.0995222929936305,0,31,None,66,1,5,False,1000,1000
7749,119,unweighted_fl,10,0.0995222929936305,0,31,None,66,1,5,False,1000,1000
7750,115,unweighted_fl,10,0.0995222929936305,0,32,None,66,1,5,False,1000,1000
7751,116,unweighted_fl,10,0.0995222929936305,0,32,None,66,1,5,False,1000,1000
7752,117,unweighted_fl,10,0.0995222929936305,0,32,None,66,1,5,False,1000,1000
7753,118,unweighted_fl,10,0.0995222929936305,0,32,None,66,1,5,False,1000,1000
7754,119,unweighted_fl,10,0.0995222929936305,0,32,None,66,1,5,False,1000,1000
7755,120,unweighted_fl,10,0.0995222929936305,0,1,None,66,1,5,False,1000,1000
7756,121,unweighted_fl,10,0.0995222929936305,0,1,None,66,1,5,False,1000,1000
7757,122,unweighted_fl,10,0.0995222929936305,0,1,None,66,1,5,False,1000,1000
7758,123,unweighted_fl,10,0.0995222929936305,0,1,None,66,1,5,False,1000,1000
7759,124,unweighted_fl,10,0.0995222929936305,0,1,None,66,1,5,False,1000,1000
7760,120,unweighted_fl,10,0.0995222929936305,0,2,None,66,1,5,False,1000,1000
7761,121,unweighted_fl,10,0.0995222929936305,0,2,None,66,1,5,False,1000,1000
7762,122,unweighted_fl,10,0.0995222929936305,0,2,None,66,1,5,False,1000,1000
7763,123,unweighted_fl,10,0.1936703821656051,0,2,None,66,1,5,False,1000,1000
7764,124,unweighted_fl,10,0.1628184713375796,0,2,None,66,1,5,False,1000,1000
7765,120,unweighted_fl,10,0.0995222929936305,0,0,None,66,1,5,False,1000,1000
7766,121,unweighted_fl,10,0.1498805732484076,0,0,None,66,1,5,False,1000,1000
7767,122,unweighted_fl,10,0.0995222929936305,0,0,None,66,1,5,False,1000,1000
7768,123,unweighted_fl,10,0.0995222929936305,0,0,None,66,1,5,False,1000,1000
7769,124,unweighted_fl,10,0.0995222929936305,0,0,None,66,1,5,False,1000,1000
7770,120,unweighted_fl,10,0.0995222929936305,0,3,None,66,1,5,False,1000,1000
7771,121,unweighted_fl,10,0.0995222929936305,0,3,None,66,1,5,False,1000,1000
7772,122,unweighted_fl,10,0.0995222929936305,0,3,None,66,1,5,False,1000,1000
7773,123,unweighted_fl,10,0.0995222929936305,0,3,None,66,1,5,False,1000,1000
7774,124,unweighted_fl,10,0.0995222929936305,0,3,None,66,1,5,False,1000,1000
7775,120,unweighted_fl,10,0.0995222929936305,0,4,None,66,1,5,False,1000,1000
7776,121,unweighted_fl,10,0.0996218152866242,0,4,None,66,1,5,False,1000,1000
7777,122,unweighted_fl,10,0.1842157643312102,0,4,None,66,1,5,False,1000,1000
7778,123,unweighted_fl,10,0.190187101910828,0,4,None,66,1,5,False,1000,1000
7779,124,unweighted_fl,10,0.1831210191082802,0,4,None,66,1,5,False,1000,1000
7780,120,unweighted_fl,10,0.0995222929936305,0,5,None,66,1,5,False,1000,1000
7781,121,unweighted_fl,10,0.0995222929936305,0,5,None,66,1,5,False,1000,1000
7782,122,unweighted_fl,10,0.0995222929936305,0,5,None,66,1,5,False,1000,1000
7783,123,unweighted_fl,10,0.1448049363057325,0,5,None,66,1,5,False,1000,1000
7784,124,unweighted_fl,10,0.0995222929936305,0,5,None,66,1,5,False,1000,1000
7785,120,unweighted_fl,10,0.1065883757961783,0,6,None,66,1,5,False,1000,1000
7786,121,unweighted_fl,10,0.0995222929936305,0,6,None,66,1,5,False,1000,1000
7787,122,unweighted_fl,10,0.0995222929936305,0,6,None,66,1,5,False,1000,1000
7788,123,unweighted_fl,10,0.0995222929936305,0,6,None,66,1,5,False,1000,1000
7789,124,unweighted_fl,10,0.0995222929936305,0,6,None,66,1,5,False,1000,1000
7790,120,unweighted_fl,10,0.0995222929936305,0,7,None,66,1,5,False,1000,1000
7791,121,unweighted_fl,10,0.0995222929936305,0,7,None,66,1,5,False,1000,1000
7792,122,unweighted_fl,10,0.0995222929936305,0,7,None,66,1,5,False,1000,1000
7793,123,unweighted_fl,10,0.0995222929936305,0,7,None,66,1,5,False,1000,1000
7794,124,unweighted_fl,10,0.0995222929936305,0,7,None,66,1,5,False,1000,1000
7795,120,unweighted_fl,10,0.1000199044585987,0,9,None,66,1,5,False,1000,1000
7796,121,unweighted_fl,10,0.0995222929936305,0,9,None,66,1,5,False,1000,1000
7797,122,unweighted_fl,10,0.0995222929936305,0,9,None,66,1,5,False,1000,1000
7798,123,unweighted_fl,10,0.0995222929936305,0,9,None,66,1,5,False,1000,1000
7799,124,unweighted_fl,10,0.0995222929936305,0,9,None,66,1,5,False,1000,1000
7800,120,unweighted_fl,10,0.0995222929936305,0,8,None,66,1,5,False,1000,1000
7801,121,unweighted_fl,10,0.0995222929936305,0,8,None,66,1,5,False,1000,1000
7802,122,unweighted_fl,10,0.0995222929936305,0,8,None,66,1,5,False,1000,1000
7803,123,unweighted_fl,10,0.0995222929936305,0,8,None,66,1,5,False,1000,1000
7804,124,unweighted_fl,10,0.0995222929936305,0,8,None,66,1,5,False,1000,1000
7805,120,unweighted_fl,10,0.1040007961783439,0,10,None,66,1,5,False,1000,1000
7806,121,unweighted_fl,10,0.1089769108280254,0,10,None,66,1,5,False,1000,1000
7807,122,unweighted_fl,10,0.1118630573248407,0,10,None,66,1,5,False,1000,1000
7808,123,unweighted_fl,10,0.1153463375796178,0,10,None,66,1,5,False,1000,1000
7809,124,unweighted_fl,10,0.1204219745222929,0,10,None,66,1,5,False,1000,1000
7810,120,unweighted_fl,10,0.0995222929936305,0,11,None,66,1,5,False,1000,1000
7811,121,unweighted_fl,10,0.0995222929936305,0,11,None,66,1,5,False,1000,1000
7812,122,unweighted_fl,10,0.0995222929936305,0,11,None,66,1,5,False,1000,1000
7813,123,unweighted_fl,10,0.1625199044585987,0,11,None,66,1,5,False,1000,1000
7814,124,unweighted_fl,10,0.0995222929936305,0,11,None,66,1,5,False,1000,1000
7815,120,unweighted_fl,10,0.0995222929936305,0,12,None,66,1,5,False,1000,1000
7816,121,unweighted_fl,10,0.0995222929936305,0,12,None,66,1,5,False,1000,1000
7817,122,unweighted_fl,10,0.0995222929936305,0,12,None,66,1,5,False,1000,1000
7818,123,unweighted_fl,10,0.0995222929936305,0,12,None,66,1,5,False,1000,1000
7819,124,unweighted_fl,10,0.0995222929936305,0,12,None,66,1,5,False,1000,1000
7820,120,unweighted_fl,10,0.0995222929936305,0,13,None,66,1,5,False,1000,1000
7821,121,unweighted_fl,10,0.0995222929936305,0,13,None,66,1,5,False,1000,1000
7822,122,unweighted_fl,10,0.0995222929936305,0,13,None,66,1,5,False,1000,1000
7823,123,unweighted_fl,10,0.0995222929936305,0,13,None,66,1,5,False,1000,1000
7824,124,unweighted_fl,10,0.0995222929936305,0,13,None,66,1,5,False,1000,1000
7825,120,unweighted_fl,10,0.0995222929936305,0,14,None,66,1,5,False,1000,1000
7826,121,unweighted_fl,10,0.1668988853503184,0,14,None,66,1,5,False,1000,1000
7827,122,unweighted_fl,10,0.0995222929936305,0,14,None,66,1,5,False,1000,1000
7828,123,unweighted_fl,10,0.0995222929936305,0,14,None,66,1,5,False,1000,1000
7829,124,unweighted_fl,10,0.0995222929936305,0,14,None,66,1,5,False,1000,1000
7830,120,unweighted_fl,10,0.0995222929936305,0,15,None,66,1,5,False,1000,1000
7831,121,unweighted_fl,10,0.1164410828025477,0,15,None,66,1,5,False,1000,1000
7832,122,unweighted_fl,10,0.1280851910828025,0,15,None,66,1,5,False,1000,1000
7833,123,unweighted_fl,10,0.0995222929936305,0,15,None,66,1,5,False,1000,1000
7834,124,unweighted_fl,10,0.0995222929936305,0,15,None,66,1,5,False,1000,1000
7835,120,unweighted_fl,10,0.0995222929936305,0,16,None,66,1,5,False,1000,1000
7836,121,unweighted_fl,10,0.0995222929936305,0,16,None,66,1,5,False,1000,1000
7837,122,unweighted_fl,10,0.0995222929936305,0,16,None,66,1,5,False,1000,1000
7838,123,unweighted_fl,10,0.0995222929936305,0,16,None,66,1,5,False,1000,1000
7839,124,unweighted_fl,10,0.0995222929936305,0,16,None,66,1,5,False,1000,1000
7840,120,unweighted_fl,10,0.0995222929936305,0,17,None,66,1,5,False,1000,1000
7841,121,unweighted_fl,10,0.0995222929936305,0,17,None,66,1,5,False,1000,1000
7842,122,unweighted_fl,10,0.0995222929936305,0,17,None,66,1,5,False,1000,1000
7843,123,unweighted_fl,10,0.0995222929936305,0,17,None,66,1,5,False,1000,1000
7844,124,unweighted_fl,10,0.0995222929936305,0,17,None,66,1,5,False,1000,1000
7845,120,unweighted_fl,10,0.0995222929936305,0,18,None,66,1,5,False,1000,1000
7846,121,unweighted_fl,10,0.0995222929936305,0,18,None,66,1,5,False,1000,1000
7847,122,unweighted_fl,10,0.1354498407643312,0,18,None,66,1,5,False,1000,1000
7848,123,unweighted_fl,10,0.0995222929936305,0,18,None,66,1,5,False,1000,1000
7849,124,unweighted_fl,10,0.0995222929936305,0,18,None,66,1,5,False,1000,1000
7850,120,unweighted_fl,10,0.0995222929936305,0,19,None,66,1,5,False,1000,1000
7851,121,unweighted_fl,10,0.0995222929936305,0,19,None,66,1,5,False,1000,1000
7852,122,unweighted_fl,10,0.0995222929936305,0,19,None,66,1,5,False,1000,1000
7853,123,unweighted_fl,10,0.0995222929936305,0,19,None,66,1,5,False,1000,1000
7854,124,unweighted_fl,10,0.0995222929936305,0,19,None,66,1,5,False,1000,1000
7855,120,unweighted_fl,10,0.0995222929936305,0,20,None,66,1,5,False,1000,1000
7856,121,unweighted_fl,10,0.101811305732484,0,20,None,66,1,5,False,1000,1000
7857,122,unweighted_fl,10,0.0995222929936305,0,20,None,66,1,5,False,1000,1000
7858,123,unweighted_fl,10,0.0995222929936305,0,20,None,66,1,5,False,1000,1000
7859,124,unweighted_fl,10,0.0995222929936305,0,20,None,66,1,5,False,1000,1000
7860,120,unweighted_fl,10,0.0995222929936305,0,21,None,66,1,5,False,1000,1000
7861,121,unweighted_fl,10,0.0995222929936305,0,21,None,66,1,5,False,1000,1000
7862,122,unweighted_fl,10,0.0995222929936305,0,21,None,66,1,5,False,1000,1000
7863,123,unweighted_fl,10,0.0995222929936305,0,21,None,66,1,5,False,1000,1000
7864,124,unweighted_fl,10,0.0995222929936305,0,21,None,66,1,5,False,1000,1000
7865,120,unweighted_fl,10,0.1089769108280254,0,22,None,66,1,5,False,1000,1000
7866,121,unweighted_fl,10,0.0995222929936305,0,22,None,66,1,5,False,1000,1000
7867,122,unweighted_fl,10,0.1866042993630573,0,22,None,66,1,5,False,1000,1000
7868,123,unweighted_fl,10,0.1306727707006369,0,22,None,66,1,5,False,1000,1000
7869,124,unweighted_fl,10,0.0995222929936305,0,22,None,66,1,5,False,1000,1000
7870,120,unweighted_fl,10,0.1044984076433121,0,23,None,66,1,5,False,1000,1000
7871,121,unweighted_fl,10,0.0995222929936305,0,23,None,66,1,5,False,1000,1000
7872,122,unweighted_fl,10,0.0995222929936305,0,23,None,66,1,5,False,1000,1000
7873,123,unweighted_fl,10,0.0995222929936305,0,23,None,66,1,5,False,1000,1000
7874,124,unweighted_fl,10,0.0995222929936305,0,23,None,66,1,5,False,1000,1000
7875,120,unweighted_fl,10,0.0995222929936305,0,25,None,66,1,5,False,1000,1000
7876,121,unweighted_fl,10,0.1127587579617834,0,25,None,66,1,5,False,1000,1000
7877,122,unweighted_fl,10,0.0995222929936305,0,25,None,66,1,5,False,1000,1000
7878,123,unweighted_fl,10,0.1223128980891719,0,25,None,66,1,5,False,1000,1000
7879,124,unweighted_fl,10,0.1827229299363057,0,25,None,66,1,5,False,1000,1000
7880,120,unweighted_fl,10,0.0995222929936305,0,24,None,66,1,5,False,1000,1000
7881,121,unweighted_fl,10,0.0995222929936305,0,24,None,66,1,5,False,1000,1000
7882,122,unweighted_fl,10,0.0995222929936305,0,24,None,66,1,5,False,1000,1000
7883,123,unweighted_fl,10,0.0995222929936305,0,24,None,66,1,5,False,1000,1000
7884,124,unweighted_fl,10,0.0995222929936305,0,24,None,66,1,5,False,1000,1000
7885,120,unweighted_fl,10,0.0995222929936305,0,27,None,66,1,5,False,1000,1000
7886,121,unweighted_fl,10,0.0995222929936305,0,27,None,66,1,5,False,1000,1000
7887,122,unweighted_fl,10,0.0995222929936305,0,27,None,66,1,5,False,1000,1000
7888,123,unweighted_fl,10,0.0995222929936305,0,27,None,66,1,5,False,1000,1000
7889,124,unweighted_fl,10,0.0995222929936305,0,27,None,66,1,5,False,1000,1000
7890,120,unweighted_fl,10,0.0995222929936305,0,28,None,66,1,5,False,1000,1000
7891,121,unweighted_fl,10,0.0995222929936305,0,28,None,66,1,5,False,1000,1000
7892,122,unweighted_fl,10,0.0995222929936305,0,28,None,66,1,5,False,1000,1000
7893,123,unweighted_fl,10,0.0995222929936305,0,28,None,66,1,5,False,1000,1000
7894,124,unweighted_fl,10,0.0995222929936305,0,28,None,66,1,5,False,1000,1000
7895,120,unweighted_fl,10,0.0995222929936305,0,26,None,66,1,5,False,1000,1000
7896,121,unweighted_fl,10,0.0995222929936305,0,26,None,66,1,5,False,1000,1000
7897,122,unweighted_fl,10,0.0995222929936305,0,26,None,66,1,5,False,1000,1000
7898,123,unweighted_fl,10,0.0995222929936305,0,26,None,66,1,5,False,1000,1000
7899,124,unweighted_fl,10,0.0995222929936305,0,26,None,66,1,5,False,1000,1000
7900,120,unweighted_fl,10,0.0995222929936305,0,29,None,66,1,5,False,1000,1000
7901,121,unweighted_fl,10,0.0995222929936305,0,29,None,66,1,5,False,1000,1000
7902,122,unweighted_fl,10,0.0995222929936305,0,29,None,66,1,5,False,1000,1000
7903,123,unweighted_fl,10,0.0995222929936305,0,29,None,66,1,5,False,1000,1000
7904,124,unweighted_fl,10,0.0995222929936305,0,29,None,66,1,5,False,1000,1000
7905,120,unweighted_fl,10,0.0995222929936305,0,30,None,66,1,5,False,1000,1000
7906,121,unweighted_fl,10,0.0995222929936305,0,30,None,66,1,5,False,1000,1000
7907,122,unweighted_fl,10,0.0995222929936305,0,30,None,66,1,5,False,1000,1000
7908,123,unweighted_fl,10,0.0995222929936305,0,30,None,66,1,5,False,1000,1000
7909,124,unweighted_fl,10,0.0995222929936305,0,30,None,66,1,5,False,1000,1000
7910,120,unweighted_fl,10,0.0995222929936305,0,31,None,66,1,5,False,1000,1000
7911,121,unweighted_fl,10,0.0995222929936305,0,31,None,66,1,5,False,1000,1000
7912,122,unweighted_fl,10,0.0995222929936305,0,31,None,66,1,5,False,1000,1000
7913,123,unweighted_fl,10,0.0995222929936305,0,31,None,66,1,5,False,1000,1000
7914,124,unweighted_fl,10,0.0995222929936305,0,31,None,66,1,5,False,1000,1000
7915,120,unweighted_fl,10,0.0997213375796178,0,32,None,66,1,5,False,1000,1000
7916,121,unweighted_fl,10,0.0995222929936305,0,32,None,66,1,5,False,1000,1000
7917,122,unweighted_fl,10,0.0995222929936305,0,32,None,66,1,5,False,1000,1000
7918,123,unweighted_fl,10,0.0995222929936305,0,32,None,66,1,5,False,1000,1000
7919,124,unweighted_fl,10,0.0995222929936305,0,32,None,66,1,5,False,1000,1000
7920,125,unweighted_fl,10,0.0995222929936305,0,0,None,66,1,5,False,1000,1000
7921,126,unweighted_fl,10,0.1472929936305732,0,0,None,66,1,5,False,1000,1000
7922,127,unweighted_fl,10,0.0995222929936305,0,0,None,66,1,5,False,1000,1000
7923,128,unweighted_fl,10,0.0995222929936305,0,0,None,66,1,5,False,1000,1000
7924,129,unweighted_fl,10,0.0995222929936305,0,0,None,66,1,5,False,1000,1000
7925,125,unweighted_fl,10,0.0995222929936305,0,2,None,66,1,5,False,1000,1000
7926,126,unweighted_fl,10,0.0995222929936305,0,2,None,66,1,5,False,1000,1000
7927,127,unweighted_fl,10,0.0995222929936305,0,2,None,66,1,5,False,1000,1000
7928,128,unweighted_fl,10,0.1932722929936305,0,2,None,66,1,5,False,1000,1000
7929,129,unweighted_fl,10,0.1704816878980891,0,2,None,66,1,5,False,1000,1000
7930,125,unweighted_fl,10,0.0995222929936305,0,1,None,66,1,5,False,1000,1000
7931,126,unweighted_fl,10,0.0995222929936305,0,1,None,66,1,5,False,1000,1000
7932,127,unweighted_fl,10,0.0995222929936305,0,1,None,66,1,5,False,1000,1000
7933,128,unweighted_fl,10,0.0995222929936305,0,1,None,66,1,5,False,1000,1000
7934,129,unweighted_fl,10,0.0995222929936305,0,1,None,66,1,5,False,1000,1000
7935,125,unweighted_fl,10,0.0995222929936305,0,3,None,66,1,5,False,1000,1000
7936,126,unweighted_fl,10,0.0995222929936305,0,3,None,66,1,5,False,1000,1000
7937,127,unweighted_fl,10,0.0995222929936305,0,3,None,66,1,5,False,1000,1000
7938,128,unweighted_fl,10,0.0995222929936305,0,3,None,66,1,5,False,1000,1000
7939,129,unweighted_fl,10,0.0995222929936305,0,3,None,66,1,5,False,1000,1000
7940,125,unweighted_fl,10,0.0995222929936305,0,4,None,66,1,5,False,1000,1000
7941,126,unweighted_fl,10,0.1094745222929936,0,4,None,66,1,5,False,1000,1000
7942,127,unweighted_fl,10,0.1863057324840764,0,4,None,66,1,5,False,1000,1000
7943,128,unweighted_fl,10,0.1913813694267516,0,4,None,66,1,5,False,1000,1000
7944,129,unweighted_fl,10,0.1862062101910828,0,4,None,66,1,5,False,1000,1000
7945,125,unweighted_fl,10,0.0995222929936305,0,5,None,66,1,5,False,1000,1000
7946,126,unweighted_fl,10,0.0995222929936305,0,5,None,66,1,5,False,1000,1000
7947,127,unweighted_fl,10,0.1027070063694267,0,5,None,66,1,5,False,1000,1000
7948,128,unweighted_fl,10,0.1389331210191083,0,5,None,66,1,5,False,1000,1000
7949,129,unweighted_fl,10,0.0995222929936305,0,5,None,66,1,5,False,1000,1000
7950,125,unweighted_fl,10,0.1199243630573248,0,6,None,66,1,5,False,1000,1000
7951,126,unweighted_fl,10,0.0995222929936305,0,6,None,66,1,5,False,1000,1000
7952,127,unweighted_fl,10,0.0995222929936305,0,6,None,66,1,5,False,1000,1000
7953,128,unweighted_fl,10,0.0995222929936305,0,6,None,66,1,5,False,1000,1000
7954,129,unweighted_fl,10,0.0995222929936305,0,6,None,66,1,5,False,1000,1000
7955,125,unweighted_fl,10,0.0995222929936305,0,7,None,66,1,5,False,1000,1000
7956,126,unweighted_fl,10,0.0995222929936305,0,7,None,66,1,5,False,1000,1000
7957,127,unweighted_fl,10,0.0995222929936305,0,7,None,66,1,5,False,1000,1000
7958,128,unweighted_fl,10,0.0995222929936305,0,7,None,66,1,5,False,1000,1000
7959,129,unweighted_fl,10,0.0995222929936305,0,7,None,66,1,5,False,1000,1000
7960,125,unweighted_fl,10,0.0995222929936305,0,8,None,66,1,5,False,1000,1000
7961,126,unweighted_fl,10,0.0995222929936305,0,8,None,66,1,5,False,1000,1000
7962,127,unweighted_fl,10,0.0995222929936305,0,8,None,66,1,5,False,1000,1000
7963,128,unweighted_fl,10,0.0995222929936305,0,8,None,66,1,5,False,1000,1000
7964,129,unweighted_fl,10,0.0995222929936305,0,8,None,66,1,5,False,1000,1000
7965,125,unweighted_fl,10,0.1189291401273885,0,9,None,66,1,5,False,1000,1000
7966,126,unweighted_fl,10,0.0995222929936305,0,9,None,66,1,5,False,1000,1000
7967,127,unweighted_fl,10,0.0995222929936305,0,9,None,66,1,5,False,1000,1000
7968,128,unweighted_fl,10,0.0995222929936305,0,9,None,66,1,5,False,1000,1000
7969,129,unweighted_fl,10,0.0995222929936305,0,9,None,66,1,5,False,1000,1000
7970,125,unweighted_fl,10,0.1098726114649681,0,10,None,66,1,5,False,1000,1000
7971,126,unweighted_fl,10,0.1121616242038216,0,10,None,66,1,5,False,1000,1000
7972,127,unweighted_fl,10,0.1152468152866242,0,10,None,66,1,5,False,1000,1000
7973,128,unweighted_fl,10,0.1200238853503184,0,10,None,66,1,5,False,1000,1000
7974,129,unweighted_fl,10,0.1238057324840764,0,10,None,66,1,5,False,1000,1000
7975,125,unweighted_fl,10,0.0995222929936305,0,11,None,66,1,5,False,1000,1000
7976,126,unweighted_fl,10,0.0995222929936305,0,11,None,66,1,5,False,1000,1000
7977,127,unweighted_fl,10,0.0995222929936305,0,11,None,66,1,5,False,1000,1000
7978,128,unweighted_fl,10,0.1547571656050955,0,11,None,66,1,5,False,1000,1000
7979,129,unweighted_fl,10,0.0995222929936305,0,11,None,66,1,5,False,1000,1000
7980,125,unweighted_fl,10,0.0995222929936305,0,12,None,66,1,5,False,1000,1000
7981,126,unweighted_fl,10,0.0995222929936305,0,12,None,66,1,5,False,1000,1000
7982,127,unweighted_fl,10,0.0995222929936305,0,12,None,66,1,5,False,1000,1000
7983,128,unweighted_fl,10,0.0995222929936305,0,12,None,66,1,5,False,1000,1000
7984,129,unweighted_fl,10,0.0995222929936305,0,12,None,66,1,5,False,1000,1000
7985,125,unweighted_fl,10,0.0995222929936305,0,13,None,66,1,5,False,1000,1000
7986,126,unweighted_fl,10,0.0995222929936305,0,13,None,66,1,5,False,1000,1000
7987,127,unweighted_fl,10,0.0995222929936305,0,13,None,66,1,5,False,1000,1000
7988,128,unweighted_fl,10,0.0995222929936305,0,13,None,66,1,5,False,1000,1000
7989,129,unweighted_fl,10,0.1001194267515923,0,13,None,66,1,5,False,1000,1000
7990,125,unweighted_fl,10,0.0995222929936305,0,14,None,66,1,5,False,1000,1000
7991,126,unweighted_fl,10,0.1305732484076433,0,14,None,66,1,5,False,1000,1000
7992,127,unweighted_fl,10,0.0995222929936305,0,14,None,66,1,5,False,1000,1000
7993,128,unweighted_fl,10,0.0995222929936305,0,14,None,66,1,5,False,1000,1000
7994,129,unweighted_fl,10,0.0995222929936305,0,14,None,66,1,5,False,1000,1000
7995,125,unweighted_fl,10,0.0995222929936305,0,15,None,66,1,5,False,1000,1000
7996,126,unweighted_fl,10,0.1475915605095541,0,15,None,66,1,5,False,1000,1000
7997,127,unweighted_fl,10,0.1388335987261146,0,15,None,66,1,5,False,1000,1000
7998,128,unweighted_fl,10,0.1008160828025477,0,15,None,66,1,5,False,1000,1000
7999,129,unweighted_fl,10,0.0995222929936305,0,15,None,66,1,5,False,1000,1000
8000,125,unweighted_fl,10,0.0995222929936305,0,16,None,66,1,5,False,1000,1000
8001,126,unweighted_fl,10,0.0995222929936305,0,16,None,66,1,5,False,1000,1000
8002,127,unweighted_fl,10,0.0995222929936305,0,16,None,66,1,5,False,1000,1000
8003,128,unweighted_fl,10,0.0995222929936305,0,16,None,66,1,5,False,1000,1000
8004,129,unweighted_fl,10,0.0995222929936305,0,16,None,66,1,5,False,1000,1000
8005,125,unweighted_fl,10,0.0995222929936305,0,17,None,66,1,5,False,1000,1000
8006,126,unweighted_fl,10,0.0995222929936305,0,17,None,66,1,5,False,1000,1000
8007,127,unweighted_fl,10,0.0995222929936305,0,17,None,66,1,5,False,1000,1000
8008,128,unweighted_fl,10,0.0995222929936305,0,17,None,66,1,5,False,1000,1000
8009,129,unweighted_fl,10,0.0995222929936305,0,17,None,66,1,5,False,1000,1000
8010,125,unweighted_fl,10,0.0995222929936305,0,18,None,66,1,5,False,1000,1000
8011,126,unweighted_fl,10,0.0995222929936305,0,18,None,66,1,5,False,1000,1000
8012,127,unweighted_fl,10,0.1300756369426751,0,18,None,66,1,5,False,1000,1000
8013,128,unweighted_fl,10,0.0995222929936305,0,18,None,66,1,5,False,1000,1000
8014,129,unweighted_fl,10,0.0995222929936305,0,18,None,66,1,5,False,1000,1000
8015,125,unweighted_fl,10,0.0995222929936305,0,19,None,66,1,5,False,1000,1000
8016,126,unweighted_fl,10,0.0995222929936305,0,19,None,66,1,5,False,1000,1000
8017,127,unweighted_fl,10,0.0995222929936305,0,19,None,66,1,5,False,1000,1000
8018,128,unweighted_fl,10,0.0995222929936305,0,19,None,66,1,5,False,1000,1000
8019,129,unweighted_fl,10,0.0995222929936305,0,19,None,66,1,5,False,1000,1000
8020,125,unweighted_fl,10,0.0995222929936305,0,20,None,66,1,5,False,1000,1000
8021,126,unweighted_fl,10,0.1091759554140127,0,20,None,66,1,5,False,1000,1000
8022,127,unweighted_fl,10,0.0995222929936305,0,20,None,66,1,5,False,1000,1000
8023,128,unweighted_fl,10,0.0995222929936305,0,20,None,66,1,5,False,1000,1000
8024,129,unweighted_fl,10,0.0995222929936305,0,20,None,66,1,5,False,1000,1000
8025,125,unweighted_fl,10,0.0995222929936305,0,21,None,66,1,5,False,1000,1000
8026,126,unweighted_fl,10,0.0995222929936305,0,21,None,66,1,5,False,1000,1000
8027,127,unweighted_fl,10,0.0995222929936305,0,21,None,66,1,5,False,1000,1000
8028,128,unweighted_fl,10,0.0995222929936305,0,21,None,66,1,5,False,1000,1000
8029,129,unweighted_fl,10,0.0995222929936305,0,21,None,66,1,5,False,1000,1000
8030,125,unweighted_fl,10,0.0995222929936305,0,22,None,66,1,5,False,1000,1000
8031,126,unweighted_fl,10,0.0995222929936305,0,22,None,66,1,5,False,1000,1000
8032,127,unweighted_fl,10,0.1845143312101911,0,22,None,66,1,5,False,1000,1000
8033,128,unweighted_fl,10,0.1556528662420382,0,22,None,66,1,5,False,1000,1000
8034,129,unweighted_fl,10,0.0998208598726114,0,22,None,66,1,5,False,1000,1000
8035,125,unweighted_fl,10,0.1183320063694267,0,23,None,66,1,5,False,1000,1000
8036,126,unweighted_fl,10,0.0995222929936305,0,23,None,66,1,5,False,1000,1000
8037,127,unweighted_fl,10,0.0995222929936305,0,23,None,66,1,5,False,1000,1000
8038,128,unweighted_fl,10,0.0995222929936305,0,23,None,66,1,5,False,1000,1000
8039,129,unweighted_fl,10,0.0995222929936305,0,23,None,66,1,5,False,1000,1000
8040,125,unweighted_fl,10,0.0995222929936305,0,24,None,66,1,5,False,1000,1000
8041,126,unweighted_fl,10,0.0995222929936305,0,24,None,66,1,5,False,1000,1000
8042,127,unweighted_fl,10,0.0995222929936305,0,24,None,66,1,5,False,1000,1000
8043,128,unweighted_fl,10,0.0995222929936305,0,24,None,66,1,5,False,1000,1000
8044,129,unweighted_fl,10,0.0995222929936305,0,24,None,66,1,5,False,1000,1000
8045,125,unweighted_fl,10,0.0995222929936305,0,25,None,66,1,5,False,1000,1000
8046,126,unweighted_fl,10,0.1186305732484076,0,25,None,66,1,5,False,1000,1000
8047,127,unweighted_fl,10,0.0995222929936305,0,25,None,66,1,5,False,1000,1000
8048,128,unweighted_fl,10,0.1465963375796178,0,25,None,66,1,5,False,1000,1000
8049,129,unweighted_fl,10,0.1846138535031847,0,25,None,66,1,5,False,1000,1000
8050,125,unweighted_fl,10,0.0995222929936305,0,26,None,66,1,5,False,1000,1000
8051,126,unweighted_fl,10,0.0995222929936305,0,26,None,66,1,5,False,1000,1000
8052,127,unweighted_fl,10,0.0995222929936305,0,26,None,66,1,5,False,1000,1000
8053,128,unweighted_fl,10,0.0995222929936305,0,26,None,66,1,5,False,1000,1000
8054,129,unweighted_fl,10,0.0995222929936305,0,26,None,66,1,5,False,1000,1000
8055,125,unweighted_fl,10,0.0995222929936305,0,27,None,66,1,5,False,1000,1000
8056,126,unweighted_fl,10,0.0995222929936305,0,27,None,66,1,5,False,1000,1000
8057,127,unweighted_fl,10,0.0995222929936305,0,27,None,66,1,5,False,1000,1000
8058,128,unweighted_fl,10,0.0995222929936305,0,27,None,66,1,5,False,1000,1000
8059,129,unweighted_fl,10,0.0995222929936305,0,27,None,66,1,5,False,1000,1000
8060,125,unweighted_fl,10,0.0995222929936305,0,28,None,66,1,5,False,1000,1000
8061,126,unweighted_fl,10,0.0995222929936305,0,28,None,66,1,5,False,1000,1000
8062,127,unweighted_fl,10,0.0995222929936305,0,28,None,66,1,5,False,1000,1000
8063,128,unweighted_fl,10,0.0995222929936305,0,28,None,66,1,5,False,1000,1000
8064,129,unweighted_fl,10,0.0995222929936305,0,28,None,66,1,5,False,1000,1000
8065,125,unweighted_fl,10,0.0995222929936305,0,29,None,66,1,5,False,1000,1000
8066,126,unweighted_fl,10,0.0995222929936305,0,29,None,66,1,5,False,1000,1000
8067,127,unweighted_fl,10,0.0995222929936305,0,29,None,66,1,5,False,1000,1000
8068,128,unweighted_fl,10,0.0995222929936305,0,29,None,66,1,5,False,1000,1000
8069,129,unweighted_fl,10,0.0995222929936305,0,29,None,66,1,5,False,1000,1000
8070,125,unweighted_fl,10,0.0995222929936305,0,30,None,66,1,5,False,1000,1000
8071,126,unweighted_fl,10,0.0995222929936305,0,30,None,66,1,5,False,1000,1000
8072,127,unweighted_fl,10,0.0995222929936305,0,30,None,66,1,5,False,1000,1000
8073,128,unweighted_fl,10,0.0995222929936305,0,30,None,66,1,5,False,1000,1000
8074,129,unweighted_fl,10,0.0995222929936305,0,30,None,66,1,5,False,1000,1000
8075,125,unweighted_fl,10,0.0995222929936305,0,31,None,66,1,5,False,1000,1000
8076,126,unweighted_fl,10,0.0995222929936305,0,31,None,66,1,5,False,1000,1000
8077,127,unweighted_fl,10,0.0995222929936305,0,31,None,66,1,5,False,1000,1000
8078,128,unweighted_fl,10,0.0995222929936305,0,31,None,66,1,5,False,1000,1000
8079,129,unweighted_fl,10,0.0995222929936305,0,31,None,66,1,5,False,1000,1000
8080,125,unweighted_fl,10,0.0995222929936305,0,32,None,66,1,5,False,1000,1000
8081,126,unweighted_fl,10,0.0995222929936305,0,32,None,66,1,5,False,1000,1000
8082,127,unweighted_fl,10,0.0995222929936305,0,32,None,66,1,5,False,1000,1000
8083,128,unweighted_fl,10,0.0995222929936305,0,32,None,66,1,5,False,1000,1000
8084,129,unweighted_fl,10,0.0995222929936305,0,32,None,66,1,5,False,1000,1000
8415,130,unweighted_fl,10,0.0995222929936305,0,1,None,66,1,5,False,1000,1000
8416,131,unweighted_fl,10,0.0995222929936305,0,1,None,66,1,5,False,1000,1000
8417,132,unweighted_fl,10,0.0995222929936305,0,1,None,66,1,5,False,1000,1000
8418,133,unweighted_fl,10,0.0995222929936305,0,1,None,66,1,5,False,1000,1000
8419,134,unweighted_fl,10,0.0995222929936305,0,1,None,66,1,5,False,1000,1000
8420,130,unweighted_fl,10,0.0995222929936305,0,0,None,66,1,5,False,1000,1000
8421,131,unweighted_fl,10,0.1440087579617834,0,0,None,66,1,5,False,1000,1000
8422,132,unweighted_fl,10,0.0995222929936305,0,0,None,66,1,5,False,1000,1000
8423,133,unweighted_fl,10,0.0995222929936305,0,0,None,66,1,5,False,1000,1000
8424,134,unweighted_fl,10,0.0995222929936305,0,0,None,66,1,5,False,1000,1000
8425,130,unweighted_fl,10,0.0995222929936305,0,2,None,66,1,5,False,1000,1000
8426,131,unweighted_fl,10,0.0995222929936305,0,2,None,66,1,5,False,1000,1000
8427,132,unweighted_fl,10,0.0995222929936305,0,2,None,66,1,5,False,1000,1000
8428,133,unweighted_fl,10,0.1925756369426751,0,2,None,66,1,5,False,1000,1000
8429,134,unweighted_fl,10,0.1809315286624203,0,2,None,66,1,5,False,1000,1000
8430,130,unweighted_fl,10,0.0995222929936305,0,4,None,66,1,5,False,1000,1000
8431,131,unweighted_fl,10,0.1302746815286624,0,4,None,66,1,5,False,1000,1000
8432,132,unweighted_fl,10,0.1866042993630573,0,4,None,66,1,5,False,1000,1000
8433,133,unweighted_fl,10,0.1918789808917197,0,4,None,66,1,5,False,1000,1000
8434,134,unweighted_fl,10,0.1880971337579617,0,4,None,66,1,5,False,1000,1000
8435,130,unweighted_fl,10,0.0995222929936305,0,3,None,66,1,5,False,1000,1000
8436,131,unweighted_fl,10,0.0995222929936305,0,3,None,66,1,5,False,1000,1000
8437,132,unweighted_fl,10,0.0995222929936305,0,3,None,66,1,5,False,1000,1000
8438,133,unweighted_fl,10,0.0995222929936305,0,3,None,66,1,5,False,1000,1000
8439,134,unweighted_fl,10,0.0995222929936305,0,3,None,66,1,5,False,1000,1000
8440,130,unweighted_fl,10,0.0995222929936305,0,5,None,66,1,5,False,1000,1000
8441,131,unweighted_fl,10,0.0995222929936305,0,5,None,66,1,5,False,1000,1000
8442,132,unweighted_fl,10,0.1005175159235668,0,5,None,66,1,5,False,1000,1000
8443,133,unweighted_fl,10,0.1323646496815286,0,5,None,66,1,5,False,1000,1000
8444,134,unweighted_fl,10,0.0995222929936305,0,5,None,66,1,5,False,1000,1000
8445,130,unweighted_fl,10,0.116640127388535,0,6,None,66,1,5,False,1000,1000
8446,131,unweighted_fl,10,0.0995222929936305,0,6,None,66,1,5,False,1000,1000
8447,132,unweighted_fl,10,0.0995222929936305,0,6,None,66,1,5,False,1000,1000
8448,133,unweighted_fl,10,0.0995222929936305,0,6,None,66,1,5,False,1000,1000
8449,134,unweighted_fl,10,0.0995222929936305,0,6,None,66,1,5,False,1000,1000
8450,130,unweighted_fl,10,0.1021098726114649,0,7,None,66,1,5,False,1000,1000
8451,131,unweighted_fl,10,0.0995222929936305,0,7,None,66,1,5,False,1000,1000
8452,132,unweighted_fl,10,0.0995222929936305,0,7,None,66,1,5,False,1000,1000
8453,133,unweighted_fl,10,0.0995222929936305,0,7,None,66,1,5,False,1000,1000
8454,134,unweighted_fl,10,0.0995222929936305,0,7,None,66,1,5,False,1000,1000
8455,130,unweighted_fl,10,0.0995222929936305,0,8,None,66,1,5,False,1000,1000
8456,131,unweighted_fl,10,0.0995222929936305,0,8,None,66,1,5,False,1000,1000
8457,132,unweighted_fl,10,0.0995222929936305,0,8,None,66,1,5,False,1000,1000
8458,133,unweighted_fl,10,0.0995222929936305,0,8,None,66,1,5,False,1000,1000
8459,134,unweighted_fl,10,0.0995222929936305,0,8,None,66,1,5,False,1000,1000
8460,130,unweighted_fl,10,0.1068869426751592,0,9,None,66,1,5,False,1000,1000
8461,131,unweighted_fl,10,0.0995222929936305,0,9,None,66,1,5,False,1000,1000
8462,132,unweighted_fl,10,0.0995222929936305,0,9,None,66,1,5,False,1000,1000
8463,133,unweighted_fl,10,0.0995222929936305,0,9,None,66,1,5,False,1000,1000
8464,134,unweighted_fl,10,0.0995222929936305,0,9,None,66,1,5,False,1000,1000
8465,130,unweighted_fl,10,0.112858280254777,0,10,None,66,1,5,False,1000,1000
8466,131,unweighted_fl,10,0.1155453821656051,0,10,None,66,1,5,False,1000,1000
8467,132,unweighted_fl,10,0.1194267515923566,0,10,None,66,1,5,False,1000,1000
8468,133,unweighted_fl,10,0.1217157643312101,0,10,None,66,1,5,False,1000,1000
8469,134,unweighted_fl,10,0.1245023885350318,0,10,None,66,1,5,False,1000,1000
8470,130,unweighted_fl,10,0.0995222929936305,0,12,None,66,1,5,False,1000,1000
8471,131,unweighted_fl,10,0.0995222929936305,0,12,None,66,1,5,False,1000,1000
8472,132,unweighted_fl,10,0.0995222929936305,0,12,None,66,1,5,False,1000,1000
8473,133,unweighted_fl,10,0.0995222929936305,0,12,None,66,1,5,False,1000,1000
8474,134,unweighted_fl,10,0.0995222929936305,0,12,None,66,1,5,False,1000,1000
8475,130,unweighted_fl,10,0.0995222929936305,0,11,None,66,1,5,False,1000,1000
8476,131,unweighted_fl,10,0.1000199044585987,0,11,None,66,1,5,False,1000,1000
8477,132,unweighted_fl,10,0.0995222929936305,0,11,None,66,1,5,False,1000,1000
8478,133,unweighted_fl,10,0.1443073248407643,0,11,None,66,1,5,False,1000,1000
8479,134,unweighted_fl,10,0.1086783439490445,0,11,None,66,1,5,False,1000,1000
8480,130,unweighted_fl,10,0.0995222929936305,0,14,None,66,1,5,False,1000,1000
8481,131,unweighted_fl,10,0.1280851910828025,0,14,None,66,1,5,False,1000,1000
8482,132,unweighted_fl,10,0.0995222929936305,0,14,None,66,1,5,False,1000,1000
8483,133,unweighted_fl,10,0.0995222929936305,0,14,None,66,1,5,False,1000,1000
8484,134,unweighted_fl,10,0.0995222929936305,0,14,None,66,1,5,False,1000,1000
8485,130,unweighted_fl,10,0.0995222929936305,0,13,None,66,1,5,False,1000,1000
8486,131,unweighted_fl,10,0.0995222929936305,0,13,None,66,1,5,False,1000,1000
8487,132,unweighted_fl,10,0.0995222929936305,0,13,None,66,1,5,False,1000,1000
8488,133,unweighted_fl,10,0.0995222929936305,0,13,None,66,1,5,False,1000,1000
8489,134,unweighted_fl,10,0.1271894904458598,0,13,None,66,1,5,False,1000,1000
8490,130,unweighted_fl,10,0.0995222929936305,0,15,None,66,1,5,False,1000,1000
8491,131,unweighted_fl,10,0.136046974522293,0,15,None,66,1,5,False,1000,1000
8492,132,unweighted_fl,10,0.1468949044585987,0,15,None,66,1,5,False,1000,1000
8493,133,unweighted_fl,10,0.1181329617834394,0,15,None,66,1,5,False,1000,1000
8494,134,unweighted_fl,10,0.0995222929936305,0,15,None,66,1,5,False,1000,1000
8495,130,unweighted_fl,10,0.0995222929936305,0,16,None,66,1,5,False,1000,1000
8496,131,unweighted_fl,10,0.0994227707006369,0,16,None,66,1,5,False,1000,1000
8497,132,unweighted_fl,10,0.0995222929936305,0,16,None,66,1,5,False,1000,1000
8498,133,unweighted_fl,10,0.0995222929936305,0,16,None,66,1,5,False,1000,1000
8499,134,unweighted_fl,10,0.0995222929936305,0,16,None,66,1,5,False,1000,1000
8500,130,unweighted_fl,10,0.0995222929936305,0,17,None,66,1,5,False,1000,1000
8501,131,unweighted_fl,10,0.0995222929936305,0,17,None,66,1,5,False,1000,1000
8502,132,unweighted_fl,10,0.0995222929936305,0,17,None,66,1,5,False,1000,1000
8503,133,unweighted_fl,10,0.0995222929936305,0,17,None,66,1,5,False,1000,1000
8504,134,unweighted_fl,10,0.0995222929936305,0,17,None,66,1,5,False,1000,1000
8505,130,unweighted_fl,10,0.0995222929936305,0,18,None,66,1,5,False,1000,1000
8506,131,unweighted_fl,10,0.0995222929936305,0,18,None,66,1,5,False,1000,1000
8507,132,unweighted_fl,10,0.1208200636942675,0,18,None,66,1,5,False,1000,1000
8508,133,unweighted_fl,10,0.0995222929936305,0,18,None,66,1,5,False,1000,1000
8509,134,unweighted_fl,10,0.0995222929936305,0,18,None,66,1,5,False,1000,1000
8510,130,unweighted_fl,10,0.0995222929936305,0,19,None,66,1,5,False,1000,1000
8511,131,unweighted_fl,10,0.0995222929936305,0,19,None,66,1,5,False,1000,1000
8512,132,unweighted_fl,10,0.0995222929936305,0,19,None,66,1,5,False,1000,1000
8513,133,unweighted_fl,10,0.0995222929936305,0,19,None,66,1,5,False,1000,1000
8514,134,unweighted_fl,10,0.0995222929936305,0,19,None,66,1,5,False,1000,1000
8515,130,unweighted_fl,10,0.0995222929936305,0,20,None,66,1,5,False,1000,1000
8516,131,unweighted_fl,10,0.1152468152866242,0,20,None,66,1,5,False,1000,1000
8517,132,unweighted_fl,10,0.0995222929936305,0,20,None,66,1,5,False,1000,1000
8518,133,unweighted_fl,10,0.0995222929936305,0,20,None,66,1,5,False,1000,1000
8519,134,unweighted_fl,10,0.0995222929936305,0,20,None,66,1,5,False,1000,1000
8520,130,unweighted_fl,10,0.1078821656050955,0,22,None,66,1,5,False,1000,1000
8521,131,unweighted_fl,10,0.0995222929936305,0,22,None,66,1,5,False,1000,1000
8522,132,unweighted_fl,10,0.1796377388535031,0,22,None,66,1,5,False,1000,1000
8523,133,unweighted_fl,10,0.168093152866242,0,22,None,66,1,5,False,1000,1000
8524,134,unweighted_fl,10,0.1258957006369426,0,22,None,66,1,5,False,1000,1000
8525,130,unweighted_fl,10,0.0995222929936305,0,21,None,66,1,5,False,1000,1000
8526,131,unweighted_fl,10,0.0995222929936305,0,21,None,66,1,5,False,1000,1000
8527,132,unweighted_fl,10,0.0995222929936305,0,21,None,66,1,5,False,1000,1000
8528,133,unweighted_fl,10,0.0995222929936305,0,21,None,66,1,5,False,1000,1000
8529,134,unweighted_fl,10,0.0995222929936305,0,21,None,66,1,5,False,1000,1000
8530,130,unweighted_fl,10,0.0996218152866242,0,23,None,66,1,5,False,1000,1000
8531,131,unweighted_fl,10,0.0995222929936305,0,23,None,66,1,5,False,1000,1000
8532,132,unweighted_fl,10,0.0995222929936305,0,23,None,66,1,5,False,1000,1000
8533,133,unweighted_fl,10,0.0995222929936305,0,23,None,66,1,5,False,1000,1000
8534,134,unweighted_fl,10,0.0995222929936305,0,23,None,66,1,5,False,1000,1000
8535,130,unweighted_fl,10,0.0995222929936305,0,24,None,66,1,5,False,1000,1000
8536,131,unweighted_fl,10,0.0995222929936305,0,24,None,66,1,5,False,1000,1000
8537,132,unweighted_fl,10,0.0995222929936305,0,24,None,66,1,5,False,1000,1000
8538,133,unweighted_fl,10,0.0995222929936305,0,24,None,66,1,5,False,1000,1000
8539,134,unweighted_fl,10,0.0995222929936305,0,24,None,66,1,5,False,1000,1000
8540,130,unweighted_fl,10,0.0995222929936305,0,25,None,66,1,5,False,1000,1000
8541,131,unweighted_fl,10,0.1002189490445859,0,25,None,66,1,5,False,1000,1000
8542,132,unweighted_fl,10,0.0995222929936305,0,25,None,66,1,5,False,1000,1000
8543,133,unweighted_fl,10,0.1299761146496815,0,25,None,66,1,5,False,1000,1000
8544,134,unweighted_fl,10,0.1770501592356688,0,25,None,66,1,5,False,1000,1000
8545,130,unweighted_fl,10,0.0995222929936305,0,26,None,66,1,5,False,1000,1000
8546,131,unweighted_fl,10,0.0995222929936305,0,26,None,66,1,5,False,1000,1000
8547,132,unweighted_fl,10,0.0995222929936305,0,26,None,66,1,5,False,1000,1000
8548,133,unweighted_fl,10,0.0995222929936305,0,26,None,66,1,5,False,1000,1000
8549,134,unweighted_fl,10,0.0995222929936305,0,26,None,66,1,5,False,1000,1000
8550,130,unweighted_fl,10,0.0995222929936305,0,27,None,66,1,5,False,1000,1000
8551,131,unweighted_fl,10,0.0995222929936305,0,27,None,66,1,5,False,1000,1000
8552,132,unweighted_fl,10,0.0995222929936305,0,27,None,66,1,5,False,1000,1000
8553,133,unweighted_fl,10,0.0995222929936305,0,27,None,66,1,5,False,1000,1000
8554,134,unweighted_fl,10,0.0995222929936305,0,27,None,66,1,5,False,1000,1000
8555,130,unweighted_fl,10,0.0995222929936305,0,28,None,66,1,5,False,1000,1000
8556,131,unweighted_fl,10,0.0995222929936305,0,28,None,66,1,5,False,1000,1000
8557,132,unweighted_fl,10,0.0995222929936305,0,28,None,66,1,5,False,1000,1000
8558,133,unweighted_fl,10,0.0995222929936305,0,28,None,66,1,5,False,1000,1000
8559,134,unweighted_fl,10,0.0995222929936305,0,28,None,66,1,5,False,1000,1000
8560,130,unweighted_fl,10,0.0995222929936305,0,29,None,66,1,5,False,1000,1000
8561,131,unweighted_fl,10,0.1150477707006369,0,29,None,66,1,5,False,1000,1000
8562,132,unweighted_fl,10,0.0995222929936305,0,29,None,66,1,5,False,1000,1000
8563,133,unweighted_fl,10,0.0995222929936305,0,29,None,66,1,5,False,1000,1000
8564,134,unweighted_fl,10,0.0995222929936305,0,29,None,66,1,5,False,1000,1000
8565,130,unweighted_fl,10,0.0995222929936305,0,30,None,66,1,5,False,1000,1000
8566,131,unweighted_fl,10,0.0995222929936305,0,30,None,66,1,5,False,1000,1000
8567,132,unweighted_fl,10,0.0995222929936305,0,30,None,66,1,5,False,1000,1000
8568,133,unweighted_fl,10,0.0995222929936305,0,30,None,66,1,5,False,1000,1000
8569,134,unweighted_fl,10,0.0995222929936305,0,30,None,66,1,5,False,1000,1000
8570,130,unweighted_fl,10,0.0995222929936305,0,31,None,66,1,5,False,1000,1000
8571,131,unweighted_fl,10,0.0995222929936305,0,31,None,66,1,5,False,1000,1000
8572,132,unweighted_fl,10,0.0995222929936305,0,31,None,66,1,5,False,1000,1000
8573,133,unweighted_fl,10,0.0995222929936305,0,31,None,66,1,5,False,1000,1000
8574,134,unweighted_fl,10,0.0995222929936305,0,31,None,66,1,5,False,1000,1000
8575,130,unweighted_fl,10,0.0995222929936305,0,32,None,66,1,5,False,1000,1000
8576,131,unweighted_fl,10,0.0995222929936305,0,32,None,66,1,5,False,1000,1000
8577,132,unweighted_fl,10,0.0995222929936305,0,32,None,66,1,5,False,1000,1000
8578,133,unweighted_fl,10,0.0995222929936305,0,32,None,66,1,5,False,1000,1000
8579,134,unweighted_fl,10,0.0995222929936305,0,32,None,66,1,5,False,1000,1000
8580,135,unweighted_fl,10,0.1007165605095541,0,0,None,66,1,5,False,1000,1000
8581,136,unweighted_fl,10,0.1348527070063694,0,0,None,66,1,5,False,1000,1000
8582,137,unweighted_fl,10,0.1039012738853503,0,0,None,66,1,5,False,1000,1000
8583,138,unweighted_fl,10,0.0995222929936305,0,0,None,66,1,5,False,1000,1000
8584,139,unweighted_fl,10,0.0995222929936305,0,0,None,66,1,5,False,1000,1000
8585,135,unweighted_fl,10,0.0995222929936305,0,1,None,66,1,5,False,1000,1000
8586,136,unweighted_fl,10,0.0995222929936305,0,1,None,66,1,5,False,1000,1000
8587,137,unweighted_fl,10,0.0995222929936305,0,1,None,66,1,5,False,1000,1000
8588,138,unweighted_fl,10,0.0995222929936305,0,1,None,66,1,5,False,1000,1000
8589,139,unweighted_fl,10,0.0995222929936305,0,1,None,66,1,5,False,1000,1000
8590,135,unweighted_fl,10,0.1071855095541401,0,2,None,66,1,5,False,1000,1000
8591,136,unweighted_fl,10,0.0995222929936305,0,2,None,66,1,5,False,1000,1000
8592,137,unweighted_fl,10,0.0996218152866242,0,2,None,66,1,5,False,1000,1000
8593,138,unweighted_fl,10,0.1934713375796178,0,2,None,66,1,5,False,1000,1000
8594,139,unweighted_fl,10,0.1803343949044586,0,2,None,66,1,5,False,1000,1000
8595,135,unweighted_fl,10,0.0995222929936305,0,3,None,66,1,5,False,1000,1000
8596,136,unweighted_fl,10,0.0995222929936305,0,3,None,66,1,5,False,1000,1000
8597,137,unweighted_fl,10,0.0995222929936305,0,3,None,66,1,5,False,1000,1000
8598,138,unweighted_fl,10,0.0995222929936305,0,3,None,66,1,5,False,1000,1000
8599,139,unweighted_fl,10,0.0995222929936305,0,3,None,66,1,5,False,1000,1000
8600,135,unweighted_fl,10,0.0995222929936305,0,4,None,66,1,5,False,1000,1000
8601,136,unweighted_fl,10,0.1508757961783439,0,4,None,66,1,5,False,1000,1000
8602,137,unweighted_fl,10,0.1875995222929936,0,4,None,66,1,5,False,1000,1000
8603,138,unweighted_fl,10,0.1922770700636942,0,4,None,66,1,5,False,1000,1000
8604,139,unweighted_fl,10,0.1898885350318471,0,4,None,66,1,5,False,1000,1000
8605,135,unweighted_fl,10,0.0995222929936305,0,5,None,66,1,5,False,1000,1000
8606,136,unweighted_fl,10,0.0995222929936305,0,5,None,66,1,5,False,1000,1000
8607,137,unweighted_fl,10,0.1006170382165605,0,5,None,66,1,5,False,1000,1000
8608,138,unweighted_fl,10,0.1205214968152866,0,5,None,66,1,5,False,1000,1000
8609,139,unweighted_fl,10,0.1089769108280254,0,5,None,66,1,5,False,1000,1000
8610,135,unweighted_fl,10,0.1031050955414012,0,7,None,66,1,5,False,1000,1000
8611,136,unweighted_fl,10,0.0995222929936305,0,7,None,66,1,5,False,1000,1000
8612,137,unweighted_fl,10,0.0995222929936305,0,7,None,66,1,5,False,1000,1000
8613,138,unweighted_fl,10,0.0995222929936305,0,7,None,66,1,5,False,1000,1000
8614,139,unweighted_fl,10,0.0995222929936305,0,7,None,66,1,5,False,1000,1000
8615,135,unweighted_fl,10,0.1168391719745222,0,6,None,66,1,5,False,1000,1000
8616,136,unweighted_fl,10,0.0995222929936305,0,6,None,66,1,5,False,1000,1000
8617,137,unweighted_fl,10,0.0995222929936305,0,6,None,66,1,5,False,1000,1000
8618,138,unweighted_fl,10,0.0995222929936305,0,6,None,66,1,5,False,1000,1000
8619,139,unweighted_fl,10,0.0995222929936305,0,6,None,66,1,5,False,1000,1000
8620,135,unweighted_fl,10,0.1183320063694267,0,9,None,66,1,5,False,1000,1000
8621,136,unweighted_fl,10,0.0995222929936305,0,9,None,66,1,5,False,1000,1000
8622,137,unweighted_fl,10,0.0995222929936305,0,9,None,66,1,5,False,1000,1000
8623,138,unweighted_fl,10,0.0995222929936305,0,9,None,66,1,5,False,1000,1000
8624,139,unweighted_fl,10,0.0995222929936305,0,9,None,66,1,5,False,1000,1000
8625,135,unweighted_fl,10,0.0995222929936305,0,8,None,66,1,5,False,1000,1000
8626,136,unweighted_fl,10,0.0995222929936305,0,8,None,66,1,5,False,1000,1000
8627,137,unweighted_fl,10,0.0995222929936305,0,8,None,66,1,5,False,1000,1000
8628,138,unweighted_fl,10,0.0995222929936305,0,8,None,66,1,5,False,1000,1000
8629,139,unweighted_fl,10,0.0995222929936305,0,8,None,66,1,5,False,1000,1000
8630,135,unweighted_fl,10,0.1040007961783439,0,10,None,66,1,5,False,1000,1000
8631,136,unweighted_fl,10,0.106389331210191,0,10,None,66,1,5,False,1000,1000
8632,137,unweighted_fl,10,0.1091759554140127,0,10,None,66,1,5,False,1000,1000
8633,138,unweighted_fl,10,0.1102707006369426,0,10,None,66,1,5,False,1000,1000
8634,139,unweighted_fl,10,0.1119625796178344,0,10,None,66,1,5,False,1000,1000
8635,135,unweighted_fl,10,0.0995222929936305,0,11,None,66,1,5,False,1000,1000
8636,136,unweighted_fl,10,0.1001194267515923,0,11,None,66,1,5,False,1000,1000
8637,137,unweighted_fl,10,0.0995222929936305,0,11,None,66,1,5,False,1000,1000
8638,138,unweighted_fl,10,0.1371417197452229,0,11,None,66,1,5,False,1000,1000
8639,139,unweighted_fl,10,0.1325636942675159,0,11,None,66,1,5,False,1000,1000
8640,135,unweighted_fl,10,0.0995222929936305,0,12,None,66,1,5,False,1000,1000
8641,136,unweighted_fl,10,0.0995222929936305,0,12,None,66,1,5,False,1000,1000
8642,137,unweighted_fl,10,0.0995222929936305,0,12,None,66,1,5,False,1000,1000
8643,138,unweighted_fl,10,0.0995222929936305,0,12,None,66,1,5,False,1000,1000
8644,139,unweighted_fl,10,0.0995222929936305,0,12,None,66,1,5,False,1000,1000
8645,135,unweighted_fl,10,0.0995222929936305,0,13,None,66,1,5,False,1000,1000
8646,136,unweighted_fl,10,0.0995222929936305,0,13,None,66,1,5,False,1000,1000
8647,137,unweighted_fl,10,0.0995222929936305,0,13,None,66,1,5,False,1000,1000
8648,138,unweighted_fl,10,0.0995222929936305,0,13,None,66,1,5,False,1000,1000
8649,139,unweighted_fl,10,0.1275875796178344,0,13,None,66,1,5,False,1000,1000
8650,135,unweighted_fl,10,0.0995222929936305,0,14,None,66,1,5,False,1000,1000
8651,136,unweighted_fl,10,0.1483877388535031,0,14,None,66,1,5,False,1000,1000
8652,137,unweighted_fl,10,0.0995222929936305,0,14,None,66,1,5,False,1000,1000
8653,138,unweighted_fl,10,0.0995222929936305,0,14,None,66,1,5,False,1000,1000
8654,139,unweighted_fl,10,0.0995222929936305,0,14,None,66,1,5,False,1000,1000
8655,135,unweighted_fl,10,0.0995222929936305,0,16,None,66,1,5,False,1000,1000
8656,136,unweighted_fl,10,0.0995222929936305,0,16,None,66,1,5,False,1000,1000
8657,137,unweighted_fl,10,0.0995222929936305,0,16,None,66,1,5,False,1000,1000
8658,138,unweighted_fl,10,0.0995222929936305,0,16,None,66,1,5,False,1000,1000
8659,139,unweighted_fl,10,0.0995222929936305,0,16,None,66,1,5,False,1000,1000
8660,135,unweighted_fl,10,0.0995222929936305,0,15,None,66,1,5,False,1000,1000
8661,136,unweighted_fl,10,0.1204219745222929,0,15,None,66,1,5,False,1000,1000
8662,137,unweighted_fl,10,0.1288813694267516,0,15,None,66,1,5,False,1000,1000
8663,138,unweighted_fl,10,0.1033041401273885,0,15,None,66,1,5,False,1000,1000
8664,139,unweighted_fl,10,0.0995222929936305,0,15,None,66,1,5,False,1000,1000
8665,135,unweighted_fl,10,0.0995222929936305,0,18,None,66,1,5,False,1000,1000
8666,136,unweighted_fl,10,0.0995222929936305,0,18,None,66,1,5,False,1000,1000
8667,137,unweighted_fl,10,0.112858280254777,0,18,None,66,1,5,False,1000,1000
8668,138,unweighted_fl,10,0.0995222929936305,0,18,None,66,1,5,False,1000,1000
8669,139,unweighted_fl,10,0.0995222929936305,0,18,None,66,1,5,False,1000,1000
8670,135,unweighted_fl,10,0.0995222929936305,0,17,None,66,1,5,False,1000,1000
8671,136,unweighted_fl,10,0.0995222929936305,0,17,None,66,1,5,False,1000,1000
8672,137,unweighted_fl,10,0.0995222929936305,0,17,None,66,1,5,False,1000,1000
8673,138,unweighted_fl,10,0.0995222929936305,0,17,None,66,1,5,False,1000,1000
8674,139,unweighted_fl,10,0.0995222929936305,0,17,None,66,1,5,False,1000,1000
8675,135,unweighted_fl,10,0.0995222929936305,0,20,None,66,1,5,False,1000,1000
8676,136,unweighted_fl,10,0.0995222929936305,0,20,None,66,1,5,False,1000,1000
8677,137,unweighted_fl,10,0.0995222929936305,0,20,None,66,1,5,False,1000,1000
8678,138,unweighted_fl,10,0.0995222929936305,0,20,None,66,1,5,False,1000,1000
8679,139,unweighted_fl,10,0.0995222929936305,0,20,None,66,1,5,False,1000,1000
8680,135,unweighted_fl,10,0.0995222929936305,0,19,None,66,1,5,False,1000,1000
8681,136,unweighted_fl,10,0.0995222929936305,0,19,None,66,1,5,False,1000,1000
8682,137,unweighted_fl,10,0.0995222929936305,0,19,None,66,1,5,False,1000,1000
8683,138,unweighted_fl,10,0.0995222929936305,0,19,None,66,1,5,False,1000,1000
8684,139,unweighted_fl,10,0.0995222929936305,0,19,None,66,1,5,False,1000,1000
8685,135,unweighted_fl,10,0.1069864649681528,0,22,None,66,1,5,False,1000,1000
8686,136,unweighted_fl,10,0.0995222929936305,0,22,None,66,1,5,False,1000,1000
8687,137,unweighted_fl,10,0.1748606687898089,0,22,None,66,1,5,False,1000,1000
8688,138,unweighted_fl,10,0.1759554140127388,0,22,None,66,1,5,False,1000,1000
8689,139,unweighted_fl,10,0.1525676751592356,0,22,None,66,1,5,False,1000,1000
8690,135,unweighted_fl,10,0.0995222929936305,0,21,None,66,1,5,False,1000,1000
8691,136,unweighted_fl,10,0.101811305732484,0,21,None,66,1,5,False,1000,1000
8692,137,unweighted_fl,10,0.0995222929936305,0,21,None,66,1,5,False,1000,1000
8693,138,unweighted_fl,10,0.0995222929936305,0,21,None,66,1,5,False,1000,1000
8694,139,unweighted_fl,10,0.0995222929936305,0,21,None,66,1,5,False,1000,1000
8695,135,unweighted_fl,10,0.0995222929936305,0,24,None,66,1,5,False,1000,1000
8696,136,unweighted_fl,10,0.0995222929936305,0,24,None,66,1,5,False,1000,1000
8697,137,unweighted_fl,10,0.0995222929936305,0,24,None,66,1,5,False,1000,1000
8698,138,unweighted_fl,10,0.0995222929936305,0,24,None,66,1,5,False,1000,1000
8699,139,unweighted_fl,10,0.0995222929936305,0,24,None,66,1,5,False,1000,1000
8700,135,unweighted_fl,10,0.1202229299363057,0,23,None,66,1,5,False,1000,1000
8701,136,unweighted_fl,10,0.0995222929936305,0,23,None,66,1,5,False,1000,1000
8702,137,unweighted_fl,10,0.0995222929936305,0,23,None,66,1,5,False,1000,1000
8703,138,unweighted_fl,10,0.0995222929936305,0,23,None,66,1,5,False,1000,1000
8704,139,unweighted_fl,10,0.0995222929936305,0,23,None,66,1,5,False,1000,1000
8705,135,unweighted_fl,10,0.0995222929936305,0,25,None,66,1,5,False,1000,1000
8706,136,unweighted_fl,10,0.0996218152866242,0,25,None,66,1,5,False,1000,1000
8707,137,unweighted_fl,10,0.1000199044585987,0,25,None,66,1,5,False,1000,1000
8708,138,unweighted_fl,10,0.1490843949044586,0,25,None,66,1,5,False,1000,1000
8709,139,unweighted_fl,10,0.1813296178343949,0,25,None,66,1,5,False,1000,1000
8710,135,unweighted_fl,10,0.0995222929936305,0,26,None,66,1,5,False,1000,1000
8711,136,unweighted_fl,10,0.0995222929936305,0,26,None,66,1,5,False,1000,1000
8712,137,unweighted_fl,10,0.0995222929936305,0,26,None,66,1,5,False,1000,1000
8713,138,unweighted_fl,10,0.0995222929936305,0,26,None,66,1,5,False,1000,1000
8714,139,unweighted_fl,10,0.0995222929936305,0,26,None,66,1,5,False,1000,1000
8715,135,unweighted_fl,10,0.0995222929936305,0,27,None,66,1,5,False,1000,1000
8716,136,unweighted_fl,10,0.0995222929936305,0,27,None,66,1,5,False,1000,1000
8717,137,unweighted_fl,10,0.0995222929936305,0,27,None,66,1,5,False,1000,1000
8718,138,unweighted_fl,10,0.0995222929936305,0,27,None,66,1,5,False,1000,1000
8719,139,unweighted_fl,10,0.0995222929936305,0,27,None,66,1,5,False,1000,1000
8720,135,unweighted_fl,10,0.0995222929936305,0,28,None,66,1,5,False,1000,1000
8721,136,unweighted_fl,10,0.0995222929936305,0,28,None,66,1,5,False,1000,1000
8722,137,unweighted_fl,10,0.0995222929936305,0,28,None,66,1,5,False,1000,1000
8723,138,unweighted_fl,10,0.0995222929936305,0,28,None,66,1,5,False,1000,1000
8724,139,unweighted_fl,10,0.0995222929936305,0,28,None,66,1,5,False,1000,1000
8725,135,unweighted_fl,10,0.0995222929936305,0,29,None,66,1,5,False,1000,1000
8726,136,unweighted_fl,10,0.0995222929936305,0,29,None,66,1,5,False,1000,1000
8727,137,unweighted_fl,10,0.0995222929936305,0,29,None,66,1,5,False,1000,1000
8728,138,unweighted_fl,10,0.0995222929936305,0,29,None,66,1,5,False,1000,1000
8729,139,unweighted_fl,10,0.0995222929936305,0,29,None,66,1,5,False,1000,1000
8730,135,unweighted_fl,10,0.0995222929936305,0,30,None,66,1,5,False,1000,1000
8731,136,unweighted_fl,10,0.0995222929936305,0,30,None,66,1,5,False,1000,1000
8732,137,unweighted_fl,10,0.0995222929936305,0,30,None,66,1,5,False,1000,1000
8733,138,unweighted_fl,10,0.0995222929936305,0,30,None,66,1,5,False,1000,1000
8734,139,unweighted_fl,10,0.0995222929936305,0,30,None,66,1,5,False,1000,1000
8735,135,unweighted_fl,10,0.0995222929936305,0,32,None,66,1,5,False,1000,1000
8736,136,unweighted_fl,10,0.0995222929936305,0,32,None,66,1,5,False,1000,1000
8737,137,unweighted_fl,10,0.0995222929936305,0,32,None,66,1,5,False,1000,1000
8738,138,unweighted_fl,10,0.0995222929936305,0,32,None,66,1,5,False,1000,1000
8739,139,unweighted_fl,10,0.0995222929936305,0,32,None,66,1,5,False,1000,1000
8740,135,unweighted_fl,10,0.0995222929936305,0,31,None,66,1,5,False,1000,1000
8741,136,unweighted_fl,10,0.0995222929936305,0,31,None,66,1,5,False,1000,1000
8742,137,unweighted_fl,10,0.0995222929936305,0,31,None,66,1,5,False,1000,1000
8743,138,unweighted_fl,10,0.0995222929936305,0,31,None,66,1,5,False,1000,1000
8744,139,unweighted_fl,10,0.0995222929936305,0,31,None,66,1,5,False,1000,1000
8745,140,unweighted_fl,10,0.1081807324840764,0,0,None,66,1,5,False,1000,1000
8746,141,unweighted_fl,10,0.1287818471337579,0,0,None,66,1,5,False,1000,1000
8747,142,unweighted_fl,10,0.1252985668789809,0,0,None,66,1,5,False,1000,1000
8748,143,unweighted_fl,10,0.0995222929936305,0,0,None,66,1,5,False,1000,1000
8749,144,unweighted_fl,10,0.0995222929936305,0,0,None,66,1,5,False,1000,1000
8750,140,unweighted_fl,10,0.0995222929936305,0,1,None,66,1,5,False,1000,1000
8751,141,unweighted_fl,10,0.0995222929936305,0,1,None,66,1,5,False,1000,1000
8752,142,unweighted_fl,10,0.0995222929936305,0,1,None,66,1,5,False,1000,1000
8753,143,unweighted_fl,10,0.0995222929936305,0,1,None,66,1,5,False,1000,1000
8754,144,unweighted_fl,10,0.0995222929936305,0,1,None,66,1,5,False,1000,1000
8755,140,unweighted_fl,10,0.0995222929936305,0,3,None,66,1,5,False,1000,1000
8756,141,unweighted_fl,10,0.0995222929936305,0,3,None,66,1,5,False,1000,1000
8757,142,unweighted_fl,10,0.0995222929936305,0,3,None,66,1,5,False,1000,1000
8758,143,unweighted_fl,10,0.0995222929936305,0,3,None,66,1,5,False,1000,1000
8759,144,unweighted_fl,10,0.0995222929936305,0,3,None,66,1,5,False,1000,1000
8760,140,unweighted_fl,10,0.1175358280254777,0,2,None,66,1,5,False,1000,1000
8761,141,unweighted_fl,10,0.0995222929936305,0,2,None,66,1,5,False,1000,1000
8762,142,unweighted_fl,10,0.1453025477707006,0,2,None,66,1,5,False,1000,1000
8763,143,unweighted_fl,10,0.1933718152866242,0,2,None,66,1,5,False,1000,1000
8764,144,unweighted_fl,10,0.1814291401273885,0,2,None,66,1,5,False,1000,1000
8765,140,unweighted_fl,10,0.0995222929936305,0,4,None,66,1,5,False,1000,1000
8766,141,unweighted_fl,10,0.1602308917197452,0,4,None,66,1,5,False,1000,1000
8767,142,unweighted_fl,10,0.1875995222929936,0,4,None,66,1,5,False,1000,1000
8768,143,unweighted_fl,10,0.192874203821656,0,4,None,66,1,5,False,1000,1000
8769,144,unweighted_fl,10,0.1918789808917197,0,4,None,66,1,5,False,1000,1000
8770,140,unweighted_fl,10,0.0995222929936305,0,5,None,66,1,5,False,1000,1000
8771,141,unweighted_fl,10,0.0995222929936305,0,5,None,66,1,5,False,1000,1000
8772,142,unweighted_fl,10,0.1006170382165605,0,5,None,66,1,5,False,1000,1000
8773,143,unweighted_fl,10,0.1110668789808917,0,5,None,66,1,5,False,1000,1000
8774,144,unweighted_fl,10,0.1311703821656051,0,5,None,66,1,5,False,1000,1000
8775,140,unweighted_fl,10,0.1031050955414012,0,7,None,66,1,5,False,1000,1000
8776,141,unweighted_fl,10,0.0995222929936305,0,7,None,66,1,5,False,1000,1000
8777,142,unweighted_fl,10,0.0995222929936305,0,7,None,66,1,5,False,1000,1000
8778,143,unweighted_fl,10,0.0995222929936305,0,7,None,66,1,5,False,1000,1000
8779,144,unweighted_fl,10,0.0995222929936305,0,7,None,66,1,5,False,1000,1000
8780,140,unweighted_fl,10,0.1140525477707006,0,6,None,66,1,5,False,1000,1000
8781,141,unweighted_fl,10,0.0999203821656051,0,6,None,66,1,5,False,1000,1000
8782,142,unweighted_fl,10,0.0995222929936305,0,6,None,66,1,5,False,1000,1000
8783,143,unweighted_fl,10,0.0995222929936305,0,6,None,66,1,5,False,1000,1000
8784,144,unweighted_fl,10,0.0995222929936305,0,6,None,66,1,5,False,1000,1000
8785,140,unweighted_fl,10,0.0995222929936305,0,8,None,66,1,5,False,1000,1000
8786,141,unweighted_fl,10,0.0995222929936305,0,8,None,66,1,5,False,1000,1000
8787,142,unweighted_fl,10,0.0995222929936305,0,8,None,66,1,5,False,1000,1000
8788,143,unweighted_fl,10,0.0995222929936305,0,8,None,66,1,5,False,1000,1000
8789,144,unweighted_fl,10,0.0995222929936305,0,8,None,66,1,5,False,1000,1000
8790,140,unweighted_fl,10,0.1190286624203821,0,9,None,66,1,5,False,1000,1000
8791,141,unweighted_fl,10,0.0995222929936305,0,9,None,66,1,5,False,1000,1000
8792,142,unweighted_fl,10,0.0995222929936305,0,9,None,66,1,5,False,1000,1000
8793,143,unweighted_fl,10,0.0995222929936305,0,9,None,66,1,5,False,1000,1000
8794,144,unweighted_fl,10,0.0995222929936305,0,9,None,66,1,5,False,1000,1000
8795,140,unweighted_fl,10,0.1098726114649681,0,10,None,66,1,5,False,1000,1000
8796,141,unweighted_fl,10,0.1114649681528662,0,10,None,66,1,5,False,1000,1000
8797,142,unweighted_fl,10,0.1126592356687898,0,10,None,66,1,5,False,1000,1000
8798,143,unweighted_fl,10,0.1138535031847133,0,10,None,66,1,5,False,1000,1000
8799,144,unweighted_fl,10,0.1145501592356687,0,10,None,66,1,5,False,1000,1000
8800,140,unweighted_fl,10,0.0995222929936305,0,11,None,66,1,5,False,1000,1000
8801,141,unweighted_fl,10,0.0995222929936305,0,11,None,66,1,5,False,1000,1000
8802,142,unweighted_fl,10,0.0995222929936305,0,11,None,66,1,5,False,1000,1000
8803,143,unweighted_fl,10,0.1280851910828025,0,11,None,66,1,5,False,1000,1000
8804,144,unweighted_fl,10,0.1529657643312102,0,11,None,66,1,5,False,1000,1000
8805,140,unweighted_fl,10,0.0995222929936305,0,12,None,66,1,5,False,1000,1000
8806,141,unweighted_fl,10,0.0995222929936305,0,12,None,66,1,5,False,1000,1000
8807,142,unweighted_fl,10,0.0995222929936305,0,12,None,66,1,5,False,1000,1000
8808,143,unweighted_fl,10,0.0995222929936305,0,12,None,66,1,5,False,1000,1000
8809,144,unweighted_fl,10,0.0995222929936305,0,12,None,66,1,5,False,1000,1000
8810,140,unweighted_fl,10,0.0995222929936305,0,13,None,66,1,5,False,1000,1000
8811,141,unweighted_fl,10,0.0995222929936305,0,13,None,66,1,5,False,1000,1000
8812,142,unweighted_fl,10,0.0995222929936305,0,13,None,66,1,5,False,1000,1000
8813,143,unweighted_fl,10,0.1031050955414012,0,13,None,66,1,5,False,1000,1000
8814,144,unweighted_fl,10,0.1549562101910828,0,13,None,66,1,5,False,1000,1000
8815,140,unweighted_fl,10,0.0995222929936305,0,14,None,66,1,5,False,1000,1000
8816,141,unweighted_fl,10,0.1372412420382165,0,14,None,66,1,5,False,1000,1000
8817,142,unweighted_fl,10,0.0995222929936305,0,14,None,66,1,5,False,1000,1000
8818,143,unweighted_fl,10,0.0995222929936305,0,14,None,66,1,5,False,1000,1000
8819,144,unweighted_fl,10,0.0995222929936305,0,14,None,66,1,5,False,1000,1000
8820,140,unweighted_fl,10,0.0995222929936305,0,15,None,66,1,5,False,1000,1000
8821,141,unweighted_fl,10,0.1241042993630573,0,15,None,66,1,5,False,1000,1000
8822,142,unweighted_fl,10,0.1351512738853503,0,15,None,66,1,5,False,1000,1000
8823,143,unweighted_fl,10,0.1403264331210191,0,15,None,66,1,5,False,1000,1000
8824,144,unweighted_fl,10,0.1339570063694267,0,15,None,66,1,5,False,1000,1000
8825,140,unweighted_fl,10,0.0995222929936305,0,16,None,66,1,5,False,1000,1000
8826,141,unweighted_fl,10,0.0995222929936305,0,16,None,66,1,5,False,1000,1000
8827,142,unweighted_fl,10,0.0995222929936305,0,16,None,66,1,5,False,1000,1000
8828,143,unweighted_fl,10,0.0995222929936305,0,16,None,66,1,5,False,1000,1000
8829,144,unweighted_fl,10,0.0995222929936305,0,16,None,66,1,5,False,1000,1000
8830,140,unweighted_fl,10,0.0995222929936305,0,17,None,66,1,5,False,1000,1000
8831,141,unweighted_fl,10,0.0995222929936305,0,17,None,66,1,5,False,1000,1000
8832,142,unweighted_fl,10,0.0995222929936305,0,17,None,66,1,5,False,1000,1000
8833,143,unweighted_fl,10,0.0995222929936305,0,17,None,66,1,5,False,1000,1000
8834,144,unweighted_fl,10,0.0995222929936305,0,17,None,66,1,5,False,1000,1000
8835,140,unweighted_fl,10,0.0995222929936305,0,18,None,66,1,5,False,1000,1000
8836,141,unweighted_fl,10,0.0995222929936305,0,18,None,66,1,5,False,1000,1000
8837,142,unweighted_fl,10,0.1098726114649681,0,18,None,66,1,5,False,1000,1000
8838,143,unweighted_fl,10,0.106389331210191,0,18,None,66,1,5,False,1000,1000
8839,144,unweighted_fl,10,0.0995222929936305,0,18,None,66,1,5,False,1000,1000
8840,140,unweighted_fl,10,0.0995222929936305,0,19,None,66,1,5,False,1000,1000
8841,141,unweighted_fl,10,0.0995222929936305,0,19,None,66,1,5,False,1000,1000
8842,142,unweighted_fl,10,0.0995222929936305,0,19,None,66,1,5,False,1000,1000
8843,143,unweighted_fl,10,0.0995222929936305,0,19,None,66,1,5,False,1000,1000
8844,144,unweighted_fl,10,0.0995222929936305,0,19,None,66,1,5,False,1000,1000
8845,140,unweighted_fl,10,0.0995222929936305,0,20,None,66,1,5,False,1000,1000
8846,141,unweighted_fl,10,0.0996218152866242,0,20,None,66,1,5,False,1000,1000
8847,142,unweighted_fl,10,0.0995222929936305,0,20,None,66,1,5,False,1000,1000
8848,143,unweighted_fl,10,0.0995222929936305,0,20,None,66,1,5,False,1000,1000
8849,144,unweighted_fl,10,0.0995222929936305,0,20,None,66,1,5,False,1000,1000
8850,140,unweighted_fl,10,0.0995222929936305,0,21,None,66,1,5,False,1000,1000
8851,141,unweighted_fl,10,0.1237062101910828,0,21,None,66,1,5,False,1000,1000
8852,142,unweighted_fl,10,0.0995222929936305,0,21,None,66,1,5,False,1000,1000
8853,143,unweighted_fl,10,0.0995222929936305,0,21,None,66,1,5,False,1000,1000
8854,144,unweighted_fl,10,0.0995222929936305,0,21,None,66,1,5,False,1000,1000
8855,140,unweighted_fl,10,0.110171178343949,0,22,None,66,1,5,False,1000,1000
8856,141,unweighted_fl,10,0.1038017515923566,0,22,None,66,1,5,False,1000,1000
8857,142,unweighted_fl,10,0.1730692675159235,0,22,None,66,1,5,False,1000,1000
8858,143,unweighted_fl,10,0.1784434713375796,0,22,None,66,1,5,False,1000,1000
8859,144,unweighted_fl,10,0.1656050955414012,0,22,None,66,1,5,False,1000,1000
8860,140,unweighted_fl,10,0.1023089171974522,0,23,None,66,1,5,False,1000,1000
8861,141,unweighted_fl,10,0.0995222929936305,0,23,None,66,1,5,False,1000,1000
8862,142,unweighted_fl,10,0.0995222929936305,0,23,None,66,1,5,False,1000,1000
8863,143,unweighted_fl,10,0.0995222929936305,0,23,None,66,1,5,False,1000,1000
8864,144,unweighted_fl,10,0.0995222929936305,0,23,None,66,1,5,False,1000,1000
8865,140,unweighted_fl,10,0.0995222929936305,0,24,None,66,1,5,False,1000,1000
8866,141,unweighted_fl,10,0.0995222929936305,0,24,None,66,1,5,False,1000,1000
8867,142,unweighted_fl,10,0.0995222929936305,0,24,None,66,1,5,False,1000,1000
8868,143,unweighted_fl,10,0.0995222929936305,0,24,None,66,1,5,False,1000,1000
8869,144,unweighted_fl,10,0.0995222929936305,0,24,None,66,1,5,False,1000,1000
8870,140,unweighted_fl,10,0.0995222929936305,0,25,None,66,1,5,False,1000,1000
8871,141,unweighted_fl,10,0.0995222929936305,0,25,None,66,1,5,False,1000,1000
8872,142,unweighted_fl,10,0.1178343949044586,0,25,None,66,1,5,False,1000,1000
8873,143,unweighted_fl,10,0.1628184713375796,0,25,None,66,1,5,False,1000,1000
8874,144,unweighted_fl,10,0.1839171974522293,0,25,None,66,1,5,False,1000,1000
8875,140,unweighted_fl,10,0.0995222929936305,0,26,None,66,1,5,False,1000,1000
8876,141,unweighted_fl,10,0.0995222929936305,0,26,None,66,1,5,False,1000,1000
8877,142,unweighted_fl,10,0.0995222929936305,0,26,None,66,1,5,False,1000,1000
8878,143,unweighted_fl,10,0.0995222929936305,0,26,None,66,1,5,False,1000,1000
8879,144,unweighted_fl,10,0.0995222929936305,0,26,None,66,1,5,False,1000,1000
8880,140,unweighted_fl,10,0.0995222929936305,0,27,None,66,1,5,False,1000,1000
8881,141,unweighted_fl,10,0.0995222929936305,0,27,None,66,1,5,False,1000,1000
8882,142,unweighted_fl,10,0.0995222929936305,0,27,None,66,1,5,False,1000,1000
8883,143,unweighted_fl,10,0.0995222929936305,0,27,None,66,1,5,False,1000,1000
8884,144,unweighted_fl,10,0.0995222929936305,0,27,None,66,1,5,False,1000,1000
8885,140,unweighted_fl,10,0.0995222929936305,0,28,None,66,1,5,False,1000,1000
8886,141,unweighted_fl,10,0.0995222929936305,0,28,None,66,1,5,False,1000,1000
8887,142,unweighted_fl,10,0.0995222929936305,0,28,None,66,1,5,False,1000,1000
8888,143,unweighted_fl,10,0.0995222929936305,0,28,None,66,1,5,False,1000,1000
8889,144,unweighted_fl,10,0.0995222929936305,0,28,None,66,1,5,False,1000,1000
8890,140,unweighted_fl,10,0.0995222929936305,0,29,None,66,1,5,False,1000,1000
8891,141,unweighted_fl,10,0.1024084394904458,0,29,None,66,1,5,False,1000,1000
8892,142,unweighted_fl,10,0.0995222929936305,0,29,None,66,1,5,False,1000,1000
8893,143,unweighted_fl,10,0.0995222929936305,0,29,None,66,1,5,False,1000,1000
8894,144,unweighted_fl,10,0.0995222929936305,0,29,None,66,1,5,False,1000,1000
8895,140,unweighted_fl,10,0.0995222929936305,0,30,None,66,1,5,False,1000,1000
8896,141,unweighted_fl,10,0.0995222929936305,0,30,None,66,1,5,False,1000,1000
8897,142,unweighted_fl,10,0.0995222929936305,0,30,None,66,1,5,False,1000,1000
8898,143,unweighted_fl,10,0.0995222929936305,0,30,None,66,1,5,False,1000,1000
8899,144,unweighted_fl,10,0.0995222929936305,0,30,None,66,1,5,False,1000,1000
8900,140,unweighted_fl,10,0.0995222929936305,0,31,None,66,1,5,False,1000,1000
8901,141,unweighted_fl,10,0.0995222929936305,0,31,None,66,1,5,False,1000,1000
8902,142,unweighted_fl,10,0.0995222929936305,0,31,None,66,1,5,False,1000,1000
8903,143,unweighted_fl,10,0.0995222929936305,0,31,None,66,1,5,False,1000,1000
8904,144,unweighted_fl,10,0.0995222929936305,0,31,None,66,1,5,False,1000,1000
8905,140,unweighted_fl,10,0.1057921974522293,0,32,None,66,1,5,False,1000,1000
8906,141,unweighted_fl,10,0.0995222929936305,0,32,None,66,1,5,False,1000,1000
8907,142,unweighted_fl,10,0.0995222929936305,0,32,None,66,1,5,False,1000,1000
8908,143,unweighted_fl,10,0.0995222929936305,0,32,None,66,1,5,False,1000,1000
8909,144,unweighted_fl,10,0.0995222929936305,0,32,None,66,1,5,False,1000,1000
8910,145,unweighted_fl,10,0.0995222929936305,0,1,None,66,1,5,False,1000,1000
8911,146,unweighted_fl,10,0.0995222929936305,0,1,None,66,1,5,False,1000,1000
8912,147,unweighted_fl,10,0.0995222929936305,0,1,None,66,1,5,False,1000,1000
8913,148,unweighted_fl,10,0.0995222929936305,0,1,None,66,1,5,False,1000,1000
8914,149,unweighted_fl,10,0.0995222929936305,0,1,None,66,1,5,False,1000,1000
8915,145,unweighted_fl,10,0.1155453821656051,0,0,None,66,1,5,False,1000,1000
8916,146,unweighted_fl,10,0.1187300955414012,0,0,None,66,1,5,False,1000,1000
8917,147,unweighted_fl,10,0.1382364649681528,0,0,None,66,1,5,False,1000,1000
8918,148,unweighted_fl,10,0.1036027070063694,0,0,None,66,1,5,False,1000,1000
8919,149,unweighted_fl,10,0.0995222929936305,0,0,None,66,1,5,False,1000,1000
8920,145,unweighted_fl,10,0.1144506369426751,0,2,None,66,1,5,False,1000,1000
8921,146,unweighted_fl,10,0.1041003184713375,0,2,None,66,1,5,False,1000,1000
8922,147,unweighted_fl,10,0.1771496815286624,0,2,None,66,1,5,False,1000,1000
8923,148,unweighted_fl,10,0.1935708598726114,0,2,None,66,1,5,False,1000,1000
8924,149,unweighted_fl,10,0.1859076433121019,0,2,None,66,1,5,False,1000,1000
8925,145,unweighted_fl,10,0.1106687898089172,0,4,None,66,1,5,False,1000,1000
8926,146,unweighted_fl,10,0.1787420382165605,0,4,None,66,1,5,False,1000,1000
8927,147,unweighted_fl,10,0.1890923566878981,0,4,None,66,1,5,False,1000,1000
8928,148,unweighted_fl,10,0.1931727707006369,0,4,None,66,1,5,False,1000,1000
8929,149,unweighted_fl,10,0.1918789808917197,0,4,None,66,1,5,False,1000,1000
8930,145,unweighted_fl,10,0.0995222929936305,0,5,None,66,1,5,False,1000,1000
8931,146,unweighted_fl,10,0.0995222929936305,0,5,None,66,1,5,False,1000,1000
8932,147,unweighted_fl,10,0.1003184713375796,0,5,None,66,1,5,False,1000,1000
8933,148,unweighted_fl,10,0.1095740445859872,0,5,None,66,1,5,False,1000,1000
8934,149,unweighted_fl,10,0.1290804140127388,0,5,None,66,1,5,False,1000,1000
8935,145,unweighted_fl,10,0.0995222929936305,0,3,None,66,1,5,False,1000,1000
8936,146,unweighted_fl,10,0.0995222929936305,0,3,None,66,1,5,False,1000,1000
8937,147,unweighted_fl,10,0.0995222929936305,0,3,None,66,1,5,False,1000,1000
8938,148,unweighted_fl,10,0.0995222929936305,0,3,None,66,1,5,False,1000,1000
8939,149,unweighted_fl,10,0.103702229299363,0,3,None,66,1,5,False,1000,1000
8940,145,unweighted_fl,10,0.1072850318471337,0,6,None,66,1,5,False,1000,1000
8941,146,unweighted_fl,10,0.1148487261146496,0,6,None,66,1,5,False,1000,1000
8942,147,unweighted_fl,10,0.0995222929936305,0,6,None,66,1,5,False,1000,1000
8943,148,unweighted_fl,10,0.0995222929936305,0,6,None,66,1,5,False,1000,1000
8944,149,unweighted_fl,10,0.0995222929936305,0,6,None,66,1,5,False,1000,1000
8945,145,unweighted_fl,10,0.0995222929936305,0,8,None,66,1,5,False,1000,1000
8946,146,unweighted_fl,10,0.0995222929936305,0,8,None,66,1,5,False,1000,1000
8947,147,unweighted_fl,10,0.0995222929936305,0,8,None,66,1,5,False,1000,1000
8948,148,unweighted_fl,10,0.0995222929936305,0,8,None,66,1,5,False,1000,1000
8949,149,unweighted_fl,10,0.0995222929936305,0,8,None,66,1,5,False,1000,1000
8950,145,unweighted_fl,10,0.1028065286624203,0,7,None,66,1,5,False,1000,1000
8951,146,unweighted_fl,10,0.0995222929936305,0,7,None,66,1,5,False,1000,1000
8952,147,unweighted_fl,10,0.0995222929936305,0,7,None,66,1,5,False,1000,1000
8953,148,unweighted_fl,10,0.0995222929936305,0,7,None,66,1,5,False,1000,1000
8954,149,unweighted_fl,10,0.0995222929936305,0,7,None,66,1,5,False,1000,1000
8955,145,unweighted_fl,10,0.1173367834394904,0,9,None,66,1,5,False,1000,1000
8956,146,unweighted_fl,10,0.0995222929936305,0,9,None,66,1,5,False,1000,1000
8957,147,unweighted_fl,10,0.0995222929936305,0,9,None,66,1,5,False,1000,1000
8958,148,unweighted_fl,10,0.0995222929936305,0,9,None,66,1,5,False,1000,1000
8959,149,unweighted_fl,10,0.0996218152866242,0,9,None,66,1,5,False,1000,1000
8960,145,unweighted_fl,10,0.1004179936305732,0,11,None,66,1,5,False,1000,1000
8961,146,unweighted_fl,10,0.0995222929936305,0,11,None,66,1,5,False,1000,1000
8962,147,unweighted_fl,10,0.0995222929936305,0,11,None,66,1,5,False,1000,1000
8963,148,unweighted_fl,10,0.1182324840764331,0,11,None,66,1,5,False,1000,1000
8964,149,unweighted_fl,10,0.1614251592356688,0,11,None,66,1,5,False,1000,1000
8965,145,unweighted_fl,10,0.1046974522292993,0,10,None,66,1,5,False,1000,1000
8966,146,unweighted_fl,10,0.1064888535031847,0,10,None,66,1,5,False,1000,1000
8967,147,unweighted_fl,10,0.1080812101910828,0,10,None,66,1,5,False,1000,1000
8968,148,unweighted_fl,10,0.1087778662420382,0,10,None,66,1,5,False,1000,1000
8969,149,unweighted_fl,10,0.1094745222929936,0,10,None,66,1,5,False,1000,1000
8970,145,unweighted_fl,10,0.0995222929936305,0,12,None,66,1,5,False,1000,1000
8971,146,unweighted_fl,10,0.0995222929936305,0,12,None,66,1,5,False,1000,1000
8972,147,unweighted_fl,10,0.0995222929936305,0,12,None,66,1,5,False,1000,1000
8973,148,unweighted_fl,10,0.0995222929936305,0,12,None,66,1,5,False,1000,1000
8974,149,unweighted_fl,10,0.0995222929936305,0,12,None,66,1,5,False,1000,1000
8975,145,unweighted_fl,10,0.0995222929936305,0,13,None,66,1,5,False,1000,1000
8976,146,unweighted_fl,10,0.1197253184713375,0,13,None,66,1,5,False,1000,1000
8977,147,unweighted_fl,10,0.1008160828025477,0,13,None,66,1,5,False,1000,1000
8978,148,unweighted_fl,10,0.144108280254777,0,13,None,66,1,5,False,1000,1000
8979,149,unweighted_fl,10,0.1737659235668789,0,13,None,66,1,5,False,1000,1000
8980,145,unweighted_fl,10,0.0995222929936305,0,14,None,66,1,5,False,1000,1000
8981,146,unweighted_fl,10,0.1668988853503184,0,14,None,66,1,5,False,1000,1000
8982,147,unweighted_fl,10,0.0995222929936305,0,14,None,66,1,5,False,1000,1000
8983,148,unweighted_fl,10,0.0995222929936305,0,14,None,66,1,5,False,1000,1000
8984,149,unweighted_fl,10,0.0995222929936305,0,14,None,66,1,5,False,1000,1000
8985,145,unweighted_fl,10,0.0995222929936305,0,16,None,66,1,5,False,1000,1000
8986,146,unweighted_fl,10,0.0995222929936305,0,16,None,66,1,5,False,1000,1000
8987,147,unweighted_fl,10,0.0995222929936305,0,16,None,66,1,5,False,1000,1000
8988,148,unweighted_fl,10,0.0995222929936305,0,16,None,66,1,5,False,1000,1000
8989,149,unweighted_fl,10,0.0995222929936305,0,16,None,66,1,5,False,1000,1000
8990,145,unweighted_fl,10,0.0995222929936305,0,15,None,66,1,5,False,1000,1000
8991,146,unweighted_fl,10,0.1266918789808917,0,15,None,66,1,5,False,1000,1000
8992,147,unweighted_fl,10,0.1214171974522293,0,15,None,66,1,5,False,1000,1000
8993,148,unweighted_fl,10,0.1311703821656051,0,15,None,66,1,5,False,1000,1000
8994,149,unweighted_fl,10,0.1346536624203821,0,15,None,66,1,5,False,1000,1000
8995,145,unweighted_fl,10,0.0995222929936305,0,17,None,66,1,5,False,1000,1000
8996,146,unweighted_fl,10,0.0995222929936305,0,17,None,66,1,5,False,1000,1000
8997,147,unweighted_fl,10,0.0995222929936305,0,17,None,66,1,5,False,1000,1000
8998,148,unweighted_fl,10,0.0995222929936305,0,17,None,66,1,5,False,1000,1000
8999,149,unweighted_fl,10,0.0995222929936305,0,17,None,66,1,5,False,1000,1000
9000,145,unweighted_fl,10,0.0995222929936305,0,19,None,66,1,5,False,1000,1000
9001,146,unweighted_fl,10,0.0995222929936305,0,19,None,66,1,5,False,1000,1000
9002,147,unweighted_fl,10,0.0995222929936305,0,19,None,66,1,5,False,1000,1000
9003,148,unweighted_fl,10,0.0995222929936305,0,19,None,66,1,5,False,1000,1000
9004,149,unweighted_fl,10,0.0995222929936305,0,19,None,66,1,5,False,1000,1000
9005,145,unweighted_fl,10,0.0995222929936305,0,18,None,66,1,5,False,1000,1000
9006,146,unweighted_fl,10,0.0995222929936305,0,18,None,66,1,5,False,1000,1000
9007,147,unweighted_fl,10,0.1088773885350318,0,18,None,66,1,5,False,1000,1000
9008,148,unweighted_fl,10,0.1317675159235669,0,18,None,66,1,5,False,1000,1000
9009,149,unweighted_fl,10,0.0995222929936305,0,18,None,66,1,5,False,1000,1000
9010,145,unweighted_fl,10,0.0995222929936305,0,20,None,66,1,5,False,1000,1000
9011,146,unweighted_fl,10,0.1143511146496815,0,20,None,66,1,5,False,1000,1000
9012,147,unweighted_fl,10,0.0995222929936305,0,20,None,66,1,5,False,1000,1000
9013,148,unweighted_fl,10,0.0995222929936305,0,20,None,66,1,5,False,1000,1000
9014,149,unweighted_fl,10,0.0995222929936305,0,20,None,66,1,5,False,1000,1000
9015,145,unweighted_fl,10,0.1100716560509554,0,22,None,66,1,5,False,1000,1000
9016,146,unweighted_fl,10,0.1750597133757961,0,22,None,66,1,5,False,1000,1000
9017,147,unweighted_fl,10,0.1737659235668789,0,22,None,66,1,5,False,1000,1000
9018,148,unweighted_fl,10,0.1790406050955414,0,22,None,66,1,5,False,1000,1000
9019,149,unweighted_fl,10,0.1713773885350318,0,22,None,66,1,5,False,1000,1000
9020,145,unweighted_fl,10,0.0995222929936305,0,21,None,66,1,5,False,1000,1000
9021,146,unweighted_fl,10,0.1342555732484076,0,21,None,66,1,5,False,1000,1000
9022,147,unweighted_fl,10,0.0995222929936305,0,21,None,66,1,5,False,1000,1000
9023,148,unweighted_fl,10,0.0995222929936305,0,21,None,66,1,5,False,1000,1000
9024,149,unweighted_fl,10,0.0995222929936305,0,21,None,66,1,5,False,1000,1000
9025,145,unweighted_fl,10,0.1113654458598726,0,23,None,66,1,5,False,1000,1000
9026,146,unweighted_fl,10,0.0995222929936305,0,23,None,66,1,5,False,1000,1000
9027,147,unweighted_fl,10,0.0995222929936305,0,23,None,66,1,5,False,1000,1000
9028,148,unweighted_fl,10,0.0995222929936305,0,23,None,66,1,5,False,1000,1000
9029,149,unweighted_fl,10,0.0995222929936305,0,23,None,66,1,5,False,1000,1000
9030,145,unweighted_fl,10,0.1007165605095541,0,25,None,66,1,5,False,1000,1000
9031,146,unweighted_fl,10,0.0996218152866242,0,25,None,66,1,5,False,1000,1000
9032,147,unweighted_fl,10,0.1457006369426751,0,25,None,66,1,5,False,1000,1000
9033,148,unweighted_fl,10,0.1727707006369426,0,25,None,66,1,5,False,1000,1000
9034,149,unweighted_fl,10,0.1854100318471337,0,25,None,66,1,5,False,1000,1000
9035,145,unweighted_fl,10,0.0995222929936305,0,24,None,66,1,5,False,1000,1000
9036,146,unweighted_fl,10,0.0995222929936305,0,24,None,66,1,5,False,1000,1000
9037,147,unweighted_fl,10,0.0995222929936305,0,24,None,66,1,5,False,1000,1000
9038,148,unweighted_fl,10,0.0995222929936305,0,24,None,66,1,5,False,1000,1000
9039,149,unweighted_fl,10,0.1030055732484076,0,24,None,66,1,5,False,1000,1000
9040,145,unweighted_fl,10,0.0995222929936305,0,26,None,66,1,5,False,1000,1000
9041,146,unweighted_fl,10,0.0995222929936305,0,26,None,66,1,5,False,1000,1000
9042,147,unweighted_fl,10,0.0995222929936305,0,26,None,66,1,5,False,1000,1000
9043,148,unweighted_fl,10,0.0995222929936305,0,26,None,66,1,5,False,1000,1000
9044,149,unweighted_fl,10,0.0995222929936305,0,26,None,66,1,5,False,1000,1000
9045,145,unweighted_fl,10,0.0995222929936305,0,28,None,66,1,5,False,1000,1000
9046,146,unweighted_fl,10,0.0995222929936305,0,28,None,66,1,5,False,1000,1000
9047,147,unweighted_fl,10,0.0995222929936305,0,28,None,66,1,5,False,1000,1000
9048,148,unweighted_fl,10,0.0995222929936305,0,28,None,66,1,5,False,1000,1000
9049,149,unweighted_fl,10,0.0995222929936305,0,28,None,66,1,5,False,1000,1000
9050,145,unweighted_fl,10,0.0995222929936305,0,27,None,66,1,5,False,1000,1000
9051,146,unweighted_fl,10,0.0995222929936305,0,27,None,66,1,5,False,1000,1000
9052,147,unweighted_fl,10,0.0995222929936305,0,27,None,66,1,5,False,1000,1000
9053,148,unweighted_fl,10,0.0995222929936305,0,27,None,66,1,5,False,1000,1000
9054,149,unweighted_fl,10,0.0995222929936305,0,27,None,66,1,5,False,1000,1000
9055,145,unweighted_fl,10,0.0995222929936305,0,29,None,66,1,5,False,1000,1000
9056,146,unweighted_fl,10,0.1116640127388535,0,29,None,66,1,5,False,1000,1000
9057,147,unweighted_fl,10,0.0995222929936305,0,29,None,66,1,5,False,1000,1000
9058,148,unweighted_fl,10,0.0995222929936305,0,29,None,66,1,5,False,1000,1000
9059,149,unweighted_fl,10,0.0995222929936305,0,29,None,66,1,5,False,1000,1000
9060,145,unweighted_fl,10,0.0995222929936305,0,31,None,66,1,5,False,1000,1000
9061,146,unweighted_fl,10,0.0995222929936305,0,31,None,66,1,5,False,1000,1000
9062,147,unweighted_fl,10,0.0995222929936305,0,31,None,66,1,5,False,1000,1000
9063,148,unweighted_fl,10,0.0995222929936305,0,31,None,66,1,5,False,1000,1000
9064,149,unweighted_fl,10,0.0995222929936305,0,31,None,66,1,5,False,1000,1000
9065,145,unweighted_fl,10,0.0995222929936305,0,30,None,66,1,5,False,1000,1000
9066,146,unweighted_fl,10,0.0995222929936305,0,30,None,66,1,5,False,1000,1000
9067,147,unweighted_fl,10,0.0995222929936305,0,30,None,66,1,5,False,1000,1000
9068,148,unweighted_fl,10,0.0995222929936305,0,30,None,66,1,5,False,1000,1000
9069,149,unweighted_fl,10,0.0995222929936305,0,30,None,66,1,5,False,1000,1000
9070,145,unweighted_fl,10,0.0995222929936305,0,32,None,66,1,5,False,1000,1000
9071,146,unweighted_fl,10,0.0995222929936305,0,32,None,66,1,5,False,1000,1000
9072,147,unweighted_fl,10,0.0995222929936305,0,32,None,66,1,5,False,1000,1000
9073,148,unweighted_fl,10,0.0995222929936305,0,32,None,66,1,5,False,1000,1000
9074,149,unweighted_fl,10,0.0995222929936305,0,32,None,66,1,5,False,1000,1000
9075,150,unweighted_fl,10,0.0995222929936305,0,1,None,66,1,5,False,1000,1000
9076,151,unweighted_fl,10,0.0995222929936305,0,1,None,66,1,5,False,1000,1000
9077,152,unweighted_fl,10,0.0995222929936305,0,1,None,66,1,5,False,1000,1000
9078,153,unweighted_fl,10,0.0995222929936305,0,1,None,66,1,5,False,1000,1000
9079,154,unweighted_fl,10,0.0995222929936305,0,1,None,66,1,5,False,1000,1000
9080,150,unweighted_fl,10,0.1189291401273885,0,0,None,66,1,5,False,1000,1000
9081,151,unweighted_fl,10,0.1140525477707006,0,0,None,66,1,5,False,1000,1000
9082,152,unweighted_fl,10,0.1293789808917197,0,0,None,66,1,5,False,1000,1000
9083,153,unweighted_fl,10,0.1346536624203821,0,0,None,66,1,5,False,1000,1000
9084,154,unweighted_fl,10,0.1054936305732484,0,0,None,66,1,5,False,1000,1000
9085,150,unweighted_fl,10,0.1158439490445859,0,2,None,66,1,5,False,1000,1000
9086,151,unweighted_fl,10,0.1323646496815286,0,2,None,66,1,5,False,1000,1000
9087,152,unweighted_fl,10,0.1876990445859872,0,2,None,66,1,5,False,1000,1000
9088,153,unweighted_fl,10,0.1941679936305732,0,2,None,66,1,5,False,1000,1000
9089,154,unweighted_fl,10,0.1893909235668789,0,2,None,66,1,5,False,1000,1000
9090,150,unweighted_fl,10,0.1094745222929936,0,4,None,66,1,5,False,1000,1000
9091,151,unweighted_fl,10,0.1820262738853503,0,4,None,66,1,5,False,1000,1000
9092,152,unweighted_fl,10,0.1893909235668789,0,4,None,66,1,5,False,1000,1000
9093,153,unweighted_fl,10,0.1925756369426751,0,4,None,66,1,5,False,1000,1000
9094,154,unweighted_fl,10,0.1933718152866242,0,4,None,66,1,5,False,1000,1000
9095,150,unweighted_fl,10,0.0995222929936305,0,3,None,66,1,5,False,1000,1000
9096,151,unweighted_fl,10,0.0995222929936305,0,3,None,66,1,5,False,1000,1000
9097,152,unweighted_fl,10,0.0995222929936305,0,3,None,66,1,5,False,1000,1000
9098,153,unweighted_fl,10,0.0995222929936305,0,3,None,66,1,5,False,1000,1000
9099,154,unweighted_fl,10,0.1171377388535031,0,3,None,66,1,5,False,1000,1000
9100,150,unweighted_fl,10,0.0995222929936305,0,5,None,66,1,5,False,1000,1000
9101,151,unweighted_fl,10,0.0995222929936305,0,5,None,66,1,5,False,1000,1000
9102,152,unweighted_fl,10,0.1006170382165605,0,5,None,66,1,5,False,1000,1000
9103,153,unweighted_fl,10,0.1086783439490445,0,5,None,66,1,5,False,1000,1000
9104,154,unweighted_fl,10,0.1151472929936305,0,5,None,66,1,5,False,1000,1000
9105,150,unweighted_fl,10,0.1046974522292993,0,7,None,66,1,5,False,1000,1000
9106,151,unweighted_fl,10,0.0995222929936305,0,7,None,66,1,5,False,1000,1000
9107,152,unweighted_fl,10,0.0995222929936305,0,7,None,66,1,5,False,1000,1000
9108,153,unweighted_fl,10,0.0995222929936305,0,7,None,66,1,5,False,1000,1000
9109,154,unweighted_fl,10,0.0995222929936305,0,7,None,66,1,5,False,1000,1000
9110,150,unweighted_fl,10,0.0999203821656051,0,6,None,66,1,5,False,1000,1000
9111,151,unweighted_fl,10,0.1329617834394904,0,6,None,66,1,5,False,1000,1000
9112,152,unweighted_fl,10,0.0995222929936305,0,6,None,66,1,5,False,1000,1000
9113,153,unweighted_fl,10,0.0995222929936305,0,6,None,66,1,5,False,1000,1000
9114,154,unweighted_fl,10,0.0995222929936305,0,6,None,66,1,5,False,1000,1000
9115,150,unweighted_fl,10,0.0995222929936305,0,8,None,66,1,5,False,1000,1000
9116,151,unweighted_fl,10,0.0995222929936305,0,8,None,66,1,5,False,1000,1000
9117,152,unweighted_fl,10,0.0995222929936305,0,8,None,66,1,5,False,1000,1000
9118,153,unweighted_fl,10,0.0995222929936305,0,8,None,66,1,5,False,1000,1000
9119,154,unweighted_fl,10,0.0995222929936305,0,8,None,66,1,5,False,1000,1000
9120,150,unweighted_fl,10,0.1044984076433121,0,10,None,66,1,5,False,1000,1000
9121,151,unweighted_fl,10,0.1052945859872611,0,10,None,66,1,5,False,1000,1000
9122,152,unweighted_fl,10,0.1058917197452229,0,10,None,66,1,5,False,1000,1000
9123,153,unweighted_fl,10,0.1066878980891719,0,10,None,66,1,5,False,1000,1000
9124,154,unweighted_fl,10,0.1069864649681528,0,10,None,66,1,5,False,1000,1000
9125,150,unweighted_fl,10,0.1023089171974522,0,9,None,66,1,5,False,1000,1000
9126,151,unweighted_fl,10,0.0996218152866242,0,9,None,66,1,5,False,1000,1000
9127,152,unweighted_fl,10,0.1014132165605095,0,9,None,66,1,5,False,1000,1000
9128,153,unweighted_fl,10,0.1097730891719745,0,9,None,66,1,5,False,1000,1000
9129,154,unweighted_fl,10,0.121218152866242,0,9,None,66,1,5,False,1000,1000
9130,150,unweighted_fl,10,0.1144506369426751,0,11,None,66,1,5,False,1000,1000
9131,151,unweighted_fl,10,0.0995222929936305,0,11,None,66,1,5,False,1000,1000
9132,152,unweighted_fl,10,0.1006170382165605,0,11,None,66,1,5,False,1000,1000
9133,153,unweighted_fl,10,0.1125597133757961,0,11,None,66,1,5,False,1000,1000
9134,154,unweighted_fl,10,0.1502786624203821,0,11,None,66,1,5,False,1000,1000
9135,150,unweighted_fl,10,0.0995222929936305,0,13,None,66,1,5,False,1000,1000
9136,151,unweighted_fl,10,0.1233081210191082,0,13,None,66,1,5,False,1000,1000
9137,152,unweighted_fl,10,0.1468949044585987,0,13,None,66,1,5,False,1000,1000
9138,153,unweighted_fl,10,0.1720740445859872,0,13,None,66,1,5,False,1000,1000
9139,154,unweighted_fl,10,0.182921974522293,0,13,None,66,1,5,False,1000,1000
9140,150,unweighted_fl,10,0.0995222929936305,0,12,None,66,1,5,False,1000,1000
9141,151,unweighted_fl,10,0.0995222929936305,0,12,None,66,1,5,False,1000,1000
9142,152,unweighted_fl,10,0.0995222929936305,0,12,None,66,1,5,False,1000,1000
9143,153,unweighted_fl,10,0.0995222929936305,0,12,None,66,1,5,False,1000,1000
9144,154,unweighted_fl,10,0.0995222929936305,0,12,None,66,1,5,False,1000,1000
9145,150,unweighted_fl,10,0.0998208598726114,0,14,None,66,1,5,False,1000,1000
9146,151,unweighted_fl,10,0.1980493630573248,0,14,None,66,1,5,False,1000,1000
9147,152,unweighted_fl,10,0.1196257961783439,0,14,None,66,1,5,False,1000,1000
9148,153,unweighted_fl,10,0.0995222929936305,0,14,None,66,1,5,False,1000,1000
9149,154,unweighted_fl,10,0.0995222929936305,0,14,None,66,1,5,False,1000,1000
9150,150,unweighted_fl,10,0.0994227707006369,0,16,None,66,1,5,False,1000,1000
9151,151,unweighted_fl,10,0.0994227707006369,0,16,None,66,1,5,False,1000,1000
9152,152,unweighted_fl,10,0.0995222929936305,0,16,None,66,1,5,False,1000,1000
9153,153,unweighted_fl,10,0.0995222929936305,0,16,None,66,1,5,False,1000,1000
9154,154,unweighted_fl,10,0.0997213375796178,0,16,None,66,1,5,False,1000,1000
9155,150,unweighted_fl,10,0.0995222929936305,0,15,None,66,1,5,False,1000,1000
9156,151,unweighted_fl,10,0.1232085987261146,0,15,None,66,1,5,False,1000,1000
9157,152,unweighted_fl,10,0.1170382165605095,0,15,None,66,1,5,False,1000,1000
9158,153,unweighted_fl,10,0.1210191082802547,0,15,None,66,1,5,False,1000,1000
9159,154,unweighted_fl,10,0.1249004777070063,0,15,None,66,1,5,False,1000,1000
9160,150,unweighted_fl,10,0.0995222929936305,0,17,None,66,1,5,False,1000,1000
9161,151,unweighted_fl,10,0.0995222929936305,0,17,None,66,1,5,False,1000,1000
9162,152,unweighted_fl,10,0.0995222929936305,0,17,None,66,1,5,False,1000,1000
9163,153,unweighted_fl,10,0.0995222929936305,0,17,None,66,1,5,False,1000,1000
9164,154,unweighted_fl,10,0.1047969745222929,0,17,None,66,1,5,False,1000,1000
9165,150,unweighted_fl,10,0.0995222929936305,0,19,None,66,1,5,False,1000,1000
9166,151,unweighted_fl,10,0.0995222929936305,0,19,None,66,1,5,False,1000,1000
9167,152,unweighted_fl,10,0.0995222929936305,0,19,None,66,1,5,False,1000,1000
9168,153,unweighted_fl,10,0.0995222929936305,0,19,None,66,1,5,False,1000,1000
9169,154,unweighted_fl,10,0.0995222929936305,0,19,None,66,1,5,False,1000,1000
9170,150,unweighted_fl,10,0.0995222929936305,0,18,None,66,1,5,False,1000,1000
9171,151,unweighted_fl,10,0.0995222929936305,0,18,None,66,1,5,False,1000,1000
9172,152,unweighted_fl,10,0.1077826433121019,0,18,None,66,1,5,False,1000,1000
9173,153,unweighted_fl,10,0.1238057324840764,0,18,None,66,1,5,False,1000,1000
9174,154,unweighted_fl,10,0.1021098726114649,0,18,None,66,1,5,False,1000,1000
9175,150,unweighted_fl,10,0.0995222929936305,0,20,None,66,1,5,False,1000,1000
9176,151,unweighted_fl,10,0.1123606687898089,0,20,None,66,1,5,False,1000,1000
9177,152,unweighted_fl,10,0.0995222929936305,0,20,None,66,1,5,False,1000,1000
9178,153,unweighted_fl,10,0.0995222929936305,0,20,None,66,1,5,False,1000,1000
9179,154,unweighted_fl,10,0.0995222929936305,0,20,None,66,1,5,False,1000,1000
9180,150,unweighted_fl,10,0.0995222929936305,0,21,None,66,1,5,False,1000,1000
9181,151,unweighted_fl,10,0.1340565286624203,0,21,None,66,1,5,False,1000,1000
9182,152,unweighted_fl,10,0.0995222929936305,0,21,None,66,1,5,False,1000,1000
9183,153,unweighted_fl,10,0.0995222929936305,0,21,None,66,1,5,False,1000,1000
9184,154,unweighted_fl,10,0.0995222929936305,0,21,None,66,1,5,False,1000,1000
9185,150,unweighted_fl,10,0.1202229299363057,0,22,None,66,1,5,False,1000,1000
9186,151,unweighted_fl,10,0.168093152866242,0,22,None,66,1,5,False,1000,1000
9187,152,unweighted_fl,10,0.1697850318471337,0,22,None,66,1,5,False,1000,1000
9188,153,unweighted_fl,10,0.1779458598726114,0,22,None,66,1,5,False,1000,1000
9189,154,unweighted_fl,10,0.1773487261146497,0,22,None,66,1,5,False,1000,1000
9190,150,unweighted_fl,10,0.0995222929936305,0,24,None,66,1,5,False,1000,1000
9191,151,unweighted_fl,10,0.0995222929936305,0,24,None,66,1,5,False,1000,1000
9192,152,unweighted_fl,10,0.0995222929936305,0,24,None,66,1,5,False,1000,1000
9193,153,unweighted_fl,10,0.1017117834394904,0,24,None,66,1,5,False,1000,1000
9194,154,unweighted_fl,10,0.1355493630573248,0,24,None,66,1,5,False,1000,1000
9195,150,unweighted_fl,10,0.1118630573248407,0,23,None,66,1,5,False,1000,1000
9196,151,unweighted_fl,10,0.0995222929936305,0,23,None,66,1,5,False,1000,1000
9197,152,unweighted_fl,10,0.0995222929936305,0,23,None,66,1,5,False,1000,1000
9198,153,unweighted_fl,10,0.0995222929936305,0,23,None,66,1,5,False,1000,1000
9199,154,unweighted_fl,10,0.0995222929936305,0,23,None,66,1,5,False,1000,1000
9200,150,unweighted_fl,10,0.0998208598726114,0,25,None,66,1,5,False,1000,1000
9201,151,unweighted_fl,10,0.1306727707006369,0,25,None,66,1,5,False,1000,1000
9202,152,unweighted_fl,10,0.1722730891719745,0,25,None,66,1,5,False,1000,1000
9203,153,unweighted_fl,10,0.1841162420382165,0,25,None,66,1,5,False,1000,1000
9204,154,unweighted_fl,10,0.1886942675159235,0,25,None,66,1,5,False,1000,1000
9205,150,unweighted_fl,10,0.0995222929936305,0,27,None,66,1,5,False,1000,1000
9206,151,unweighted_fl,10,0.0995222929936305,0,27,None,66,1,5,False,1000,1000
9207,152,unweighted_fl,10,0.0995222929936305,0,27,None,66,1,5,False,1000,1000
9208,153,unweighted_fl,10,0.0995222929936305,0,27,None,66,1,5,False,1000,1000
9209,154,unweighted_fl,10,0.0995222929936305,0,27,None,66,1,5,False,1000,1000
9210,150,unweighted_fl,10,0.0995222929936305,0,26,None,66,1,5,False,1000,1000
9211,151,unweighted_fl,10,0.0995222929936305,0,26,None,66,1,5,False,1000,1000
9212,152,unweighted_fl,10,0.0995222929936305,0,26,None,66,1,5,False,1000,1000
9213,153,unweighted_fl,10,0.0995222929936305,0,26,None,66,1,5,False,1000,1000
9214,154,unweighted_fl,10,0.0995222929936305,0,26,None,66,1,5,False,1000,1000
9215,150,unweighted_fl,10,0.0995222929936305,0,28,None,66,1,5,False,1000,1000
9216,151,unweighted_fl,10,0.0995222929936305,0,28,None,66,1,5,False,1000,1000
9217,152,unweighted_fl,10,0.0995222929936305,0,28,None,66,1,5,False,1000,1000
9218,153,unweighted_fl,10,0.0995222929936305,0,28,None,66,1,5,False,1000,1000
9219,154,unweighted_fl,10,0.0995222929936305,0,28,None,66,1,5,False,1000,1000
9220,150,unweighted_fl,10,0.0995222929936305,0,30,None,66,1,5,False,1000,1000
9221,151,unweighted_fl,10,0.0995222929936305,0,30,None,66,1,5,False,1000,1000
9222,152,unweighted_fl,10,0.0995222929936305,0,30,None,66,1,5,False,1000,1000
9223,153,unweighted_fl,10,0.0995222929936305,0,30,None,66,1,5,False,1000,1000
9224,154,unweighted_fl,10,0.0995222929936305,0,30,None,66,1,5,False,1000,1000
9225,150,unweighted_fl,10,0.0995222929936305,0,29,None,66,1,5,False,1000,1000
9226,151,unweighted_fl,10,0.1144506369426751,0,29,None,66,1,5,False,1000,1000
9227,152,unweighted_fl,10,0.0995222929936305,0,29,None,66,1,5,False,1000,1000
9228,153,unweighted_fl,10,0.0995222929936305,0,29,None,66,1,5,False,1000,1000
9229,154,unweighted_fl,10,0.0995222929936305,0,29,None,66,1,5,False,1000,1000
9230,150,unweighted_fl,10,0.0995222929936305,0,31,None,66,1,5,False,1000,1000
9231,151,unweighted_fl,10,0.0995222929936305,0,31,None,66,1,5,False,1000,1000
9232,152,unweighted_fl,10,0.0995222929936305,0,31,None,66,1,5,False,1000,1000
9233,153,unweighted_fl,10,0.0995222929936305,0,31,None,66,1,5,False,1000,1000
9234,154,unweighted_fl,10,0.0995222929936305,0,31,None,66,1,5,False,1000,1000
9235,150,unweighted_fl,10,0.0995222929936305,0,32,None,66,1,5,False,1000,1000
9236,151,unweighted_fl,10,0.0995222929936305,0,32,None,66,1,5,False,1000,1000
9237,152,unweighted_fl,10,0.0995222929936305,0,32,None,66,1,5,False,1000,1000
9238,153,unweighted_fl,10,0.0995222929936305,0,32,None,66,1,5,False,1000,1000
9239,154,unweighted_fl,10,0.0995222929936305,0,32,None,66,1,5,False,1000,1000
10230,155,unweighted_fl,10,0.1161425159235668,0,0,None,66,1,5,False,1000,1000
10231,156,unweighted_fl,10,0.1108678343949044,0,0,None,66,1,5,False,1000,1000
10232,157,unweighted_fl,10,0.1192277070063694,0,0,None,66,1,5,False,1000,1000
10233,158,unweighted_fl,10,0.1280851910828025,0,0,None,66,1,5,False,1000,1000
10234,159,unweighted_fl,10,0.1283837579617834,0,0,None,66,1,5,False,1000,1000
10235,155,unweighted_fl,10,0.0995222929936305,0,1,None,66,1,5,False,1000,1000
10236,156,unweighted_fl,10,0.0995222929936305,0,1,None,66,1,5,False,1000,1000
10237,157,unweighted_fl,10,0.0995222929936305,0,1,None,66,1,5,False,1000,1000
10238,158,unweighted_fl,10,0.0995222929936305,0,1,None,66,1,5,False,1000,1000
10239,159,unweighted_fl,10,0.0995222929936305,0,1,None,66,1,5,False,1000,1000
10240,155,unweighted_fl,10,0.1517714968152866,0,2,None,66,1,5,False,1000,1000
10241,156,unweighted_fl,10,0.1577428343949044,0,2,None,66,1,5,False,1000,1000
10242,157,unweighted_fl,10,0.1929737261146497,0,2,None,66,1,5,False,1000,1000
10243,158,unweighted_fl,10,0.1942675159235669,0,2,None,66,1,5,False,1000,1000
10244,159,unweighted_fl,10,0.1914808917197452,0,2,None,66,1,5,False,1000,1000
10245,155,unweighted_fl,10,0.1379378980891719,0,4,None,66,1,5,False,1000,1000
10246,156,unweighted_fl,10,0.1836186305732484,0,4,None,66,1,5,False,1000,1000
10247,157,unweighted_fl,10,0.1894904458598726,0,4,None,66,1,5,False,1000,1000
10248,158,unweighted_fl,10,0.1912818471337579,0,4,None,66,1,5,False,1000,1000
10249,159,unweighted_fl,10,0.1932722929936305,0,4,None,66,1,5,False,1000,1000
10250,155,unweighted_fl,10,0.0995222929936305,0,5,None,66,1,5,False,1000,1000
10251,156,unweighted_fl,10,0.0995222929936305,0,5,None,66,1,5,False,1000,1000
10252,157,unweighted_fl,10,0.1058917197452229,0,5,None,66,1,5,False,1000,1000
10253,158,unweighted_fl,10,0.123109076433121,0,5,None,66,1,5,False,1000,1000
10254,159,unweighted_fl,10,0.1331608280254777,0,5,None,66,1,5,False,1000,1000
10255,155,unweighted_fl,10,0.0995222929936305,0,3,None,66,1,5,False,1000,1000
10256,156,unweighted_fl,10,0.0995222929936305,0,3,None,66,1,5,False,1000,1000
10257,157,unweighted_fl,10,0.0995222929936305,0,3,None,66,1,5,False,1000,1000
10258,158,unweighted_fl,10,0.1255971337579617,0,3,None,66,1,5,False,1000,1000
10259,159,unweighted_fl,10,0.1794386942675159,0,3,None,66,1,5,False,1000,1000
10260,155,unweighted_fl,10,0.1073845541401273,0,6,None,66,1,5,False,1000,1000
10261,156,unweighted_fl,10,0.1448049363057325,0,6,None,66,1,5,False,1000,1000
10262,157,unweighted_fl,10,0.1002189490445859,0,6,None,66,1,5,False,1000,1000
10263,158,unweighted_fl,10,0.0995222929936305,0,6,None,66,1,5,False,1000,1000
10264,159,unweighted_fl,10,0.0995222929936305,0,6,None,66,1,5,False,1000,1000
10265,155,unweighted_fl,10,0.1043988853503184,0,7,None,66,1,5,False,1000,1000
10266,156,unweighted_fl,10,0.0995222929936305,0,7,None,66,1,5,False,1000,1000
10267,157,unweighted_fl,10,0.0995222929936305,0,7,None,66,1,5,False,1000,1000
10268,158,unweighted_fl,10,0.0995222929936305,0,7,None,66,1,5,False,1000,1000
10269,159,unweighted_fl,10,0.0995222929936305,0,7,None,66,1,5,False,1000,1000
10270,155,unweighted_fl,10,0.0995222929936305,0,8,None,66,1,5,False,1000,1000
10271,156,unweighted_fl,10,0.0995222929936305,0,8,None,66,1,5,False,1000,1000
10272,157,unweighted_fl,10,0.0995222929936305,0,8,None,66,1,5,False,1000,1000
10273,158,unweighted_fl,10,0.0995222929936305,0,8,None,66,1,5,False,1000,1000
10274,159,unweighted_fl,10,0.0995222929936305,0,8,None,66,1,5,False,1000,1000
10275,155,unweighted_fl,10,0.1043988853503184,0,10,None,66,1,5,False,1000,1000
10276,156,unweighted_fl,10,0.1044984076433121,0,10,None,66,1,5,False,1000,1000
10277,157,unweighted_fl,10,0.1047969745222929,0,10,None,66,1,5,False,1000,1000
10278,158,unweighted_fl,10,0.1050955414012738,0,10,None,66,1,5,False,1000,1000
10279,159,unweighted_fl,10,0.1054936305732484,0,10,None,66,1,5,False,1000,1000
10280,155,unweighted_fl,10,0.1071855095541401,0,9,None,66,1,5,False,1000,1000
10281,156,unweighted_fl,10,0.1225119426751592,0,9,None,66,1,5,False,1000,1000
10282,157,unweighted_fl,10,0.1336584394904458,0,9,None,66,1,5,False,1000,1000
10283,158,unweighted_fl,10,0.1408240445859872,0,9,None,66,1,5,False,1000,1000
10284,159,unweighted_fl,10,0.1498805732484076,0,9,None,66,1,5,False,1000,1000
10285,155,unweighted_fl,10,0.1087778662420382,0,11,None,66,1,5,False,1000,1000
10286,156,unweighted_fl,10,0.1164410828025477,0,11,None,66,1,5,False,1000,1000
10287,157,unweighted_fl,10,0.1396297770700637,0,11,None,66,1,5,False,1000,1000
10288,158,unweighted_fl,10,0.112858280254777,0,11,None,66,1,5,False,1000,1000
10289,159,unweighted_fl,10,0.1285828025477707,0,11,None,66,1,5,False,1000,1000
10290,155,unweighted_fl,10,0.0995222929936305,0,12,None,66,1,5,False,1000,1000
10291,156,unweighted_fl,10,0.0995222929936305,0,12,None,66,1,5,False,1000,1000
10292,157,unweighted_fl,10,0.0995222929936305,0,12,None,66,1,5,False,1000,1000
10293,158,unweighted_fl,10,0.0995222929936305,0,12,None,66,1,5,False,1000,1000
10294,159,unweighted_fl,10,0.0995222929936305,0,12,None,66,1,5,False,1000,1000
10295,155,unweighted_fl,10,0.0995222929936305,0,13,None,66,1,5,False,1000,1000
10296,156,unweighted_fl,10,0.1491839171974522,0,13,None,66,1,5,False,1000,1000
10297,157,unweighted_fl,10,0.1644108280254777,0,13,None,66,1,5,False,1000,1000
10298,158,unweighted_fl,10,0.1774482484076433,0,13,None,66,1,5,False,1000,1000
10299,159,unweighted_fl,10,0.1848128980891719,0,13,None,66,1,5,False,1000,1000
10300,155,unweighted_fl,10,0.0996218152866242,0,15,None,66,1,5,False,1000,1000
10301,156,unweighted_fl,10,0.1200238853503184,0,15,None,66,1,5,False,1000,1000
10302,157,unweighted_fl,10,0.1138535031847133,0,15,None,66,1,5,False,1000,1000
10303,158,unweighted_fl,10,0.114749203821656,0,15,None,66,1,5,False,1000,1000
10304,159,unweighted_fl,10,0.116640127388535,0,15,None,66,1,5,False,1000,1000
10305,155,unweighted_fl,10,0.1130573248407643,0,14,None,66,1,5,False,1000,1000
10306,156,unweighted_fl,10,0.1933718152866242,0,14,None,66,1,5,False,1000,1000
10307,157,unweighted_fl,10,0.2065087579617834,0,14,None,66,1,5,False,1000,1000
10308,158,unweighted_fl,10,0.1006170382165605,0,14,None,66,1,5,False,1000,1000
10309,159,unweighted_fl,10,0.0995222929936305,0,14,None,66,1,5,False,1000,1000
10310,155,unweighted_fl,10,0.1116640127388535,0,16,None,66,1,5,False,1000,1000
10311,156,unweighted_fl,10,0.1043988853503184,0,16,None,66,1,5,False,1000,1000
10312,157,unweighted_fl,10,0.1179339171974522,0,16,None,66,1,5,False,1000,1000
10313,158,unweighted_fl,10,0.1234076433121019,0,16,None,66,1,5,False,1000,1000
10314,159,unweighted_fl,10,0.1291799363057325,0,16,None,66,1,5,False,1000,1000
10315,155,unweighted_fl,10,0.0995222929936305,0,18,None,66,1,5,False,1000,1000
10316,156,unweighted_fl,10,0.0995222929936305,0,18,None,66,1,5,False,1000,1000
10317,157,unweighted_fl,10,0.1062898089171974,0,18,None,66,1,5,False,1000,1000
10318,158,unweighted_fl,10,0.1103702229299363,0,18,None,66,1,5,False,1000,1000
10319,159,unweighted_fl,10,0.1263933121019108,0,18,None,66,1,5,False,1000,1000
10320,155,unweighted_fl,10,0.0995222929936305,0,17,None,66,1,5,False,1000,1000
10321,156,unweighted_fl,10,0.0995222929936305,0,17,None,66,1,5,False,1000,1000
10322,157,unweighted_fl,10,0.0995222929936305,0,17,None,66,1,5,False,1000,1000
10323,158,unweighted_fl,10,0.0998208598726114,0,17,None,66,1,5,False,1000,1000
10324,159,unweighted_fl,10,0.1491839171974522,0,17,None,66,1,5,False,1000,1000
10325,155,unweighted_fl,10,0.0995222929936305,0,19,None,66,1,5,False,1000,1000
10326,156,unweighted_fl,10,0.0995222929936305,0,19,None,66,1,5,False,1000,1000
10327,157,unweighted_fl,10,0.0995222929936305,0,19,None,66,1,5,False,1000,1000
10328,158,unweighted_fl,10,0.0995222929936305,0,19,None,66,1,5,False,1000,1000
10329,159,unweighted_fl,10,0.0995222929936305,0,19,None,66,1,5,False,1000,1000
10330,155,unweighted_fl,10,0.0995222929936305,0,20,None,66,1,5,False,1000,1000
10331,156,unweighted_fl,10,0.110171178343949,0,20,None,66,1,5,False,1000,1000
10332,157,unweighted_fl,10,0.1011146496815286,0,20,None,66,1,5,False,1000,1000
10333,158,unweighted_fl,10,0.0995222929936305,0,20,None,66,1,5,False,1000,1000
10334,159,unweighted_fl,10,0.0995222929936305,0,20,None,66,1,5,False,1000,1000
10335,155,unweighted_fl,10,0.1041998407643312,0,21,None,66,1,5,False,1000,1000
10336,156,unweighted_fl,10,0.1283837579617834,0,21,None,66,1,5,False,1000,1000
10337,157,unweighted_fl,10,0.1240047770700636,0,21,None,66,1,5,False,1000,1000
10338,158,unweighted_fl,10,0.0995222929936305,0,21,None,66,1,5,False,1000,1000
10339,159,unweighted_fl,10,0.0995222929936305,0,21,None,66,1,5,False,1000,1000
10340,155,unweighted_fl,10,0.1132563694267515,0,23,None,66,1,5,False,1000,1000
10341,156,unweighted_fl,10,0.0995222929936305,0,23,None,66,1,5,False,1000,1000
10342,157,unweighted_fl,10,0.0995222929936305,0,23,None,66,1,5,False,1000,1000
10343,158,unweighted_fl,10,0.0995222929936305,0,23,None,66,1,5,False,1000,1000
10344,159,unweighted_fl,10,0.0995222929936305,0,23,None,66,1,5,False,1000,1000
10345,155,unweighted_fl,10,0.1202229299363057,0,22,None,66,1,5,False,1000,1000
10346,156,unweighted_fl,10,0.1657046178343949,0,22,None,66,1,5,False,1000,1000
10347,157,unweighted_fl,10,0.1948646496815286,0,22,None,66,1,5,False,1000,1000
10348,158,unweighted_fl,10,0.1732683121019108,0,22,None,66,1,5,False,1000,1000
10349,159,unweighted_fl,10,0.1761544585987261,0,22,None,66,1,5,False,1000,1000
10350,155,unweighted_fl,10,0.0995222929936305,0,24,None,66,1,5,False,1000,1000
10351,156,unweighted_fl,10,0.0995222929936305,0,24,None,66,1,5,False,1000,1000
10352,157,unweighted_fl,10,0.1025079617834394,0,24,None,66,1,5,False,1000,1000
10353,158,unweighted_fl,10,0.1332603503184713,0,24,None,66,1,5,False,1000,1000
10354,159,unweighted_fl,10,0.1574442675159235,0,24,None,66,1,5,False,1000,1000
10355,155,unweighted_fl,10,0.0992237261146496,0,26,None,66,1,5,False,1000,1000
10356,156,unweighted_fl,10,0.1181329617834394,0,26,None,66,1,5,False,1000,1000
10357,157,unweighted_fl,10,0.0995222929936305,0,26,None,66,1,5,False,1000,1000
10358,158,unweighted_fl,10,0.0995222929936305,0,26,None,66,1,5,False,1000,1000
10359,159,unweighted_fl,10,0.0995222929936305,0,26,None,66,1,5,False,1000,1000
10360,155,unweighted_fl,10,0.1175358280254777,0,25,None,66,1,5,False,1000,1000
10361,156,unweighted_fl,10,0.1474920382165605,0,25,None,66,1,5,False,1000,1000
10362,157,unweighted_fl,10,0.1724721337579617,0,25,None,66,1,5,False,1000,1000
10363,158,unweighted_fl,10,0.1814291401273885,0,25,None,66,1,5,False,1000,1000
10364,159,unweighted_fl,10,0.1867038216560509,0,25,None,66,1,5,False,1000,1000
10365,155,unweighted_fl,10,0.1025079617834394,0,27,None,66,1,5,False,1000,1000
10366,156,unweighted_fl,10,0.1194267515923566,0,27,None,66,1,5,False,1000,1000
10367,157,unweighted_fl,10,0.0995222929936305,0,27,None,66,1,5,False,1000,1000
10368,158,unweighted_fl,10,0.0995222929936305,0,27,None,66,1,5,False,1000,1000
10369,159,unweighted_fl,10,0.0995222929936305,0,27,None,66,1,5,False,1000,1000
10370,155,unweighted_fl,10,0.0995222929936305,0,28,None,66,1,5,False,1000,1000
10371,156,unweighted_fl,10,0.0995222929936305,0,28,None,66,1,5,False,1000,1000
10372,157,unweighted_fl,10,0.0995222929936305,0,28,None,66,1,5,False,1000,1000
10373,158,unweighted_fl,10,0.0995222929936305,0,28,None,66,1,5,False,1000,1000
10374,159,unweighted_fl,10,0.0995222929936305,0,28,None,66,1,5,False,1000,1000
10375,155,unweighted_fl,10,0.0995222929936305,0,29,None,66,1,5,False,1000,1000
10376,156,unweighted_fl,10,0.1121616242038216,0,29,None,66,1,5,False,1000,1000
10377,157,unweighted_fl,10,0.0995222929936305,0,29,None,66,1,5,False,1000,1000
10378,158,unweighted_fl,10,0.0995222929936305,0,29,None,66,1,5,False,1000,1000
10379,159,unweighted_fl,10,0.0995222929936305,0,29,None,66,1,5,False,1000,1000
10380,155,unweighted_fl,10,0.0995222929936305,0,31,None,66,1,5,False,1000,1000
10381,156,unweighted_fl,10,0.0995222929936305,0,31,None,66,1,5,False,1000,1000
10382,157,unweighted_fl,10,0.0995222929936305,0,31,None,66,1,5,False,1000,1000
10383,158,unweighted_fl,10,0.0995222929936305,0,31,None,66,1,5,False,1000,1000
10384,159,unweighted_fl,10,0.0995222929936305,0,31,None,66,1,5,False,1000,1000
10385,155,unweighted_fl,10,0.0995222929936305,0,30,None,66,1,5,False,1000,1000
10386,156,unweighted_fl,10,0.0995222929936305,0,30,None,66,1,5,False,1000,1000
10387,157,unweighted_fl,10,0.0995222929936305,0,30,None,66,1,5,False,1000,1000
10388,158,unweighted_fl,10,0.0996218152866242,0,30,None,66,1,5,False,1000,1000
10389,159,unweighted_fl,10,0.1003184713375796,0,30,None,66,1,5,False,1000,1000
10390,155,unweighted_fl,10,0.0998208598726114,0,32,None,66,1,5,False,1000,1000
10391,156,unweighted_fl,10,0.0995222929936305,0,32,None,66,1,5,False,1000,1000
10392,157,unweighted_fl,10,0.0995222929936305,0,32,None,66,1,5,False,1000,1000
10393,158,unweighted_fl,10,0.0995222929936305,0,32,None,66,1,5,False,1000,1000
10394,159,unweighted_fl,10,0.0995222929936305,0,32,None,66,1,5,False,1000,1000
10395,160,unweighted_fl,10,0.0995222929936305,0,1,None,66,1,5,False,1000,1000
10396,161,unweighted_fl,10,0.0995222929936305,0,1,None,66,1,5,False,1000,1000
10397,162,unweighted_fl,10,0.0995222929936305,0,1,None,66,1,5,False,1000,1000
10398,163,unweighted_fl,10,0.0995222929936305,0,1,None,66,1,5,False,1000,1000
10399,164,unweighted_fl,10,0.0995222929936305,0,1,None,66,1,5,False,1000,1000
10400,160,unweighted_fl,10,0.110967356687898,0,0,None,66,1,5,False,1000,1000
10401,161,unweighted_fl,10,0.1077826433121019,0,0,None,66,1,5,False,1000,1000
10402,162,unweighted_fl,10,0.1135549363057324,0,0,None,66,1,5,False,1000,1000
10403,163,unweighted_fl,10,0.1170382165605095,0,0,None,66,1,5,False,1000,1000
10404,164,unweighted_fl,10,0.1223128980891719,0,0,None,66,1,5,False,1000,1000
10405,160,unweighted_fl,10,0.1844148089171974,0,2,None,66,1,5,False,1000,1000
10406,161,unweighted_fl,10,0.1977507961783439,0,2,None,66,1,5,False,1000,1000
10407,162,unweighted_fl,10,0.1942675159235669,0,2,None,66,1,5,False,1000,1000
10408,163,unweighted_fl,10,0.1946656050955414,0,2,None,66,1,5,False,1000,1000
10409,164,unweighted_fl,10,0.1939689490445859,0,2,None,66,1,5,False,1000,1000
10410,160,unweighted_fl,10,0.1684912420382165,0,4,None,66,1,5,False,1000,1000
10411,161,unweighted_fl,10,0.1848128980891719,0,4,None,66,1,5,False,1000,1000
10412,162,unweighted_fl,10,0.1891918789808917,0,4,None,66,1,5,False,1000,1000
10413,163,unweighted_fl,10,0.1907842356687898,0,4,None,66,1,5,False,1000,1000
10414,164,unweighted_fl,10,0.1924761146496815,0,4,None,66,1,5,False,1000,1000
10415,160,unweighted_fl,10,0.0995222929936305,0,3,None,66,1,5,False,1000,1000
10416,161,unweighted_fl,10,0.1020103503184713,0,3,None,66,1,5,False,1000,1000
10417,162,unweighted_fl,10,0.1161425159235668,0,3,None,66,1,5,False,1000,1000
10418,163,unweighted_fl,10,0.1541600318471337,0,3,None,66,1,5,False,1000,1000
10419,164,unweighted_fl,10,0.1839171974522293,0,3,None,66,1,5,False,1000,1000
10420,160,unweighted_fl,10,0.0997213375796178,0,5,None,66,1,5,False,1000,1000
10421,161,unweighted_fl,10,0.1216162420382165,0,5,None,66,1,5,False,1000,1000
10422,162,unweighted_fl,10,0.1442078025477707,0,5,None,66,1,5,False,1000,1000
10423,163,unweighted_fl,10,0.1556528662420382,0,5,None,66,1,5,False,1000,1000
10424,164,unweighted_fl,10,0.1629179936305732,0,5,None,66,1,5,False,1000,1000
10425,160,unweighted_fl,10,0.1353503184713375,0,6,None,66,1,5,False,1000,1000
10426,161,unweighted_fl,10,0.1625199044585987,0,6,None,66,1,5,False,1000,1000
10427,162,unweighted_fl,10,0.1261942675159235,0,6,None,66,1,5,False,1000,1000
10428,163,unweighted_fl,10,0.0995222929936305,0,6,None,66,1,5,False,1000,1000
10429,164,unweighted_fl,10,0.0995222929936305,0,6,None,66,1,5,False,1000,1000
10430,160,unweighted_fl,10,0.1039012738853503,0,7,None,66,1,5,False,1000,1000
10431,161,unweighted_fl,10,0.0994227707006369,0,7,None,66,1,5,False,1000,1000
10432,162,unweighted_fl,10,0.0995222929936305,0,7,None,66,1,5,False,1000,1000
10433,163,unweighted_fl,10,0.0995222929936305,0,7,None,66,1,5,False,1000,1000
10434,164,unweighted_fl,10,0.0995222929936305,0,7,None,66,1,5,False,1000,1000
10435,160,unweighted_fl,10,0.1282842356687898,0,9,None,66,1,5,False,1000,1000
10436,161,unweighted_fl,10,0.1507762738853503,0,9,None,66,1,5,False,1000,1000
10437,162,unweighted_fl,10,0.1555533439490445,0,9,None,66,1,5,False,1000,1000
10438,163,unweighted_fl,10,0.1598328025477707,0,9,None,66,1,5,False,1000,1000
10439,164,unweighted_fl,10,0.1639132165605095,0,9,None,66,1,5,False,1000,1000
10440,160,unweighted_fl,10,0.0995222929936305,0,8,None,66,1,5,False,1000,1000
10441,161,unweighted_fl,10,0.0995222929936305,0,8,None,66,1,5,False,1000,1000
10442,162,unweighted_fl,10,0.0995222929936305,0,8,None,66,1,5,False,1000,1000
10443,163,unweighted_fl,10,0.0995222929936305,0,8,None,66,1,5,False,1000,1000
10444,164,unweighted_fl,10,0.0995222929936305,0,8,None,66,1,5,False,1000,1000
10445,160,unweighted_fl,10,0.1032046178343949,0,10,None,66,1,5,False,1000,1000
10446,161,unweighted_fl,10,0.1031050955414012,0,10,None,66,1,5,False,1000,1000
10447,162,unweighted_fl,10,0.1031050955414012,0,10,None,66,1,5,False,1000,1000
10448,163,unweighted_fl,10,0.1031050955414012,0,10,None,66,1,5,False,1000,1000
10449,164,unweighted_fl,10,0.1031050955414012,0,10,None,66,1,5,False,1000,1000
10450,160,unweighted_fl,10,0.0995222929936305,0,12,None,66,1,5,False,1000,1000
10451,161,unweighted_fl,10,0.0995222929936305,0,12,None,66,1,5,False,1000,1000
10452,162,unweighted_fl,10,0.0995222929936305,0,12,None,66,1,5,False,1000,1000
10453,163,unweighted_fl,10,0.0995222929936305,0,12,None,66,1,5,False,1000,1000
10454,164,unweighted_fl,10,0.0995222929936305,0,12,None,66,1,5,False,1000,1000
10455,160,unweighted_fl,10,0.1178343949044586,0,11,None,66,1,5,False,1000,1000
10456,161,unweighted_fl,10,0.1463972929936305,0,11,None,66,1,5,False,1000,1000
10457,162,unweighted_fl,10,0.1599323248407643,0,11,None,66,1,5,False,1000,1000
10458,163,unweighted_fl,10,0.1520700636942675,0,11,None,66,1,5,False,1000,1000
10459,164,unweighted_fl,10,0.1274880573248407,0,11,None,66,1,5,False,1000,1000
10460,160,unweighted_fl,10,0.1244028662420382,0,13,None,66,1,5,False,1000,1000
10461,161,unweighted_fl,10,0.1670979299363057,0,13,None,66,1,5,False,1000,1000
10462,162,unweighted_fl,10,0.1973527070063694,0,13,None,66,1,5,False,1000,1000
10463,163,unweighted_fl,10,0.1806329617834395,0,13,None,66,1,5,False,1000,1000
10464,164,unweighted_fl,10,0.1853105095541401,0,13,None,66,1,5,False,1000,1000
10465,160,unweighted_fl,10,0.1172372611464968,0,14,None,66,1,5,False,1000,1000
10466,161,unweighted_fl,10,0.1961584394904458,0,14,None,66,1,5,False,1000,1000
10467,162,unweighted_fl,10,0.2244227707006369,0,14,None,66,1,5,False,1000,1000
10468,163,unweighted_fl,10,0.1941679936305732,0,14,None,66,1,5,False,1000,1000
10469,164,unweighted_fl,10,0.1150477707006369,0,14,None,66,1,5,False,1000,1000
10470,160,unweighted_fl,10,0.1153463375796178,0,15,None,66,1,5,False,1000,1000
10471,161,unweighted_fl,10,0.1069864649681528,0,15,None,66,1,5,False,1000,1000
10472,162,unweighted_fl,10,0.10828025477707,0,15,None,66,1,5,False,1000,1000
10473,163,unweighted_fl,10,0.1089769108280254,0,15,None,66,1,5,False,1000,1000
10474,164,unweighted_fl,10,0.1103702229299363,0,15,None,66,1,5,False,1000,1000
10475,160,unweighted_fl,10,0.1181329617834394,0,16,None,66,1,5,False,1000,1000
10476,161,unweighted_fl,10,0.1380374203821656,0,16,None,66,1,5,False,1000,1000
10477,162,unweighted_fl,10,0.1457006369426751,0,16,None,66,1,5,False,1000,1000
10478,163,unweighted_fl,10,0.1511743630573248,0,16,None,66,1,5,False,1000,1000
10479,164,unweighted_fl,10,0.1544585987261146,0,16,None,66,1,5,False,1000,1000
10480,160,unweighted_fl,10,0.0995222929936305,0,17,None,66,1,5,False,1000,1000
10481,161,unweighted_fl,10,0.0995222929936305,0,17,None,66,1,5,False,1000,1000
10482,162,unweighted_fl,10,0.1001194267515923,0,17,None,66,1,5,False,1000,1000
10483,163,unweighted_fl,10,0.1413216560509554,0,17,None,66,1,5,False,1000,1000
10484,164,unweighted_fl,10,0.1831210191082802,0,17,None,66,1,5,False,1000,1000
10485,160,unweighted_fl,10,0.0995222929936305,0,18,None,66,1,5,False,1000,1000
10486,161,unweighted_fl,10,0.0995222929936305,0,18,None,66,1,5,False,1000,1000
10487,162,unweighted_fl,10,0.1035031847133758,0,18,None,66,1,5,False,1000,1000
10488,163,unweighted_fl,10,0.1031050955414012,0,18,None,66,1,5,False,1000,1000
10489,164,unweighted_fl,10,0.1099721337579617,0,18,None,66,1,5,False,1000,1000
10490,160,unweighted_fl,10,0.0995222929936305,0,19,None,66,1,5,False,1000,1000
10491,161,unweighted_fl,10,0.0995222929936305,0,19,None,66,1,5,False,1000,1000
10492,162,unweighted_fl,10,0.0995222929936305,0,19,None,66,1,5,False,1000,1000
10493,163,unweighted_fl,10,0.0995222929936305,0,19,None,66,1,5,False,1000,1000
10494,164,unweighted_fl,10,0.0995222929936305,0,19,None,66,1,5,False,1000,1000
10495,160,unweighted_fl,10,0.1080812101910828,0,21,None,66,1,5,False,1000,1000
10496,161,unweighted_fl,10,0.1222133757961783,0,21,None,66,1,5,False,1000,1000
10497,162,unweighted_fl,10,0.1261942675159235,0,21,None,66,1,5,False,1000,1000
10498,163,unweighted_fl,10,0.1258957006369426,0,21,None,66,1,5,False,1000,1000
10499,164,unweighted_fl,10,0.1112659235668789,0,21,None,66,1,5,False,1000,1000
10500,160,unweighted_fl,10,0.0995222929936305,0,20,None,66,1,5,False,1000,1000
10501,161,unweighted_fl,10,0.1072850318471337,0,20,None,66,1,5,False,1000,1000
10502,162,unweighted_fl,10,0.112858280254777,0,20,None,66,1,5,False,1000,1000
10503,163,unweighted_fl,10,0.0995222929936305,0,20,None,66,1,5,False,1000,1000
10504,164,unweighted_fl,10,0.0995222929936305,0,20,None,66,1,5,False,1000,1000
10505,160,unweighted_fl,10,0.122014331210191,0,22,None,66,1,5,False,1000,1000
10506,161,unweighted_fl,10,0.1584394904458598,0,22,None,66,1,5,False,1000,1000
10507,162,unweighted_fl,10,0.1838176751592356,0,22,None,66,1,5,False,1000,1000
10508,163,unweighted_fl,10,0.1938694267515923,0,22,None,66,1,5,False,1000,1000
10509,164,unweighted_fl,10,0.194765127388535,0,22,None,66,1,5,False,1000,1000
10510,160,unweighted_fl,10,0.0995222929936305,0,24,None,66,1,5,False,1000,1000
10511,161,unweighted_fl,10,0.1113654458598726,0,24,None,66,1,5,False,1000,1000
10512,162,unweighted_fl,10,0.138734076433121,0,24,None,66,1,5,False,1000,1000
10513,163,unweighted_fl,10,0.1581409235668789,0,24,None,66,1,5,False,1000,1000
10514,164,unweighted_fl,10,0.17078025477707,0,24,None,66,1,5,False,1000,1000
10515,160,unweighted_fl,10,0.1046974522292993,0,23,None,66,1,5,False,1000,1000
10516,161,unweighted_fl,10,0.0995222929936305,0,23,None,66,1,5,False,1000,1000
10517,162,unweighted_fl,10,0.0995222929936305,0,23,None,66,1,5,False,1000,1000
10518,163,unweighted_fl,10,0.0995222929936305,0,23,None,66,1,5,False,1000,1000
10519,164,unweighted_fl,10,0.0995222929936305,0,23,None,66,1,5,False,1000,1000
10520,160,unweighted_fl,10,0.1247014331210191,0,25,None,66,1,5,False,1000,1000
10521,161,unweighted_fl,10,0.163515127388535,0,25,None,66,1,5,False,1000,1000
10522,162,unweighted_fl,10,0.1765525477707006,0,25,None,66,1,5,False,1000,1000
10523,163,unweighted_fl,10,0.1819267515923567,0,25,None,66,1,5,False,1000,1000
10524,164,unweighted_fl,10,0.185609076433121,0,25,None,66,1,5,False,1000,1000
10525,160,unweighted_fl,10,0.1156449044585987,0,26,None,66,1,5,False,1000,1000
10526,161,unweighted_fl,10,0.1272890127388535,0,26,None,66,1,5,False,1000,1000
10527,162,unweighted_fl,10,0.1221138535031847,0,26,None,66,1,5,False,1000,1000
10528,163,unweighted_fl,10,0.1045979299363057,0,26,None,66,1,5,False,1000,1000
10529,164,unweighted_fl,10,0.1004179936305732,0,26,None,66,1,5,False,1000,1000
10530,160,unweighted_fl,10,0.1156449044585987,0,27,None,66,1,5,False,1000,1000
10531,161,unweighted_fl,10,0.1275875796178344,0,27,None,66,1,5,False,1000,1000
10532,162,unweighted_fl,10,0.1246019108280254,0,27,None,66,1,5,False,1000,1000
10533,163,unweighted_fl,10,0.1107683121019108,0,27,None,66,1,5,False,1000,1000
10534,164,unweighted_fl,10,0.1003184713375796,0,27,None,66,1,5,False,1000,1000
10535,160,unweighted_fl,10,0.1067874203821656,0,29,None,66,1,5,False,1000,1000
10536,161,unweighted_fl,10,0.1235071656050955,0,29,None,66,1,5,False,1000,1000
10537,162,unweighted_fl,10,0.1265923566878981,0,29,None,66,1,5,False,1000,1000
10538,163,unweighted_fl,10,0.1140525477707006,0,29,None,66,1,5,False,1000,1000
10539,164,unweighted_fl,10,0.1004179936305732,0,29,None,66,1,5,False,1000,1000
10540,160,unweighted_fl,10,0.0995222929936305,0,28,None,66,1,5,False,1000,1000
10541,161,unweighted_fl,10,0.0995222929936305,0,28,None,66,1,5,False,1000,1000
10542,162,unweighted_fl,10,0.0995222929936305,0,28,None,66,1,5,False,1000,1000
10543,163,unweighted_fl,10,0.0995222929936305,0,28,None,66,1,5,False,1000,1000
10544,164,unweighted_fl,10,0.0995222929936305,0,28,None,66,1,5,False,1000,1000
10545,160,unweighted_fl,10,0.0995222929936305,0,30,None,66,1,5,False,1000,1000
10546,161,unweighted_fl,10,0.1002189490445859,0,30,None,66,1,5,False,1000,1000
10547,162,unweighted_fl,10,0.106389331210191,0,30,None,66,1,5,False,1000,1000
10548,163,unweighted_fl,10,0.1207205414012738,0,30,None,66,1,5,False,1000,1000
10549,164,unweighted_fl,10,0.1420183121019108,0,30,None,66,1,5,False,1000,1000
10550,160,unweighted_fl,10,0.1252985668789809,0,32,None,66,1,5,False,1000,1000
10551,161,unweighted_fl,10,0.1179339171974522,0,32,None,66,1,5,False,1000,1000
10552,162,unweighted_fl,10,0.1143511146496815,0,32,None,66,1,5,False,1000,1000
10553,163,unweighted_fl,10,0.1106687898089172,0,32,None,66,1,5,False,1000,1000
10554,164,unweighted_fl,10,0.109375,0,32,None,66,1,5,False,1000,1000
10555,160,unweighted_fl,10,0.0995222929936305,0,31,None,66,1,5,False,1000,1000
10556,161,unweighted_fl,10,0.0995222929936305,0,31,None,66,1,5,False,1000,1000
10557,162,unweighted_fl,10,0.0995222929936305,0,31,None,66,1,5,False,1000,1000
10558,163,unweighted_fl,10,0.1009156050955414,0,31,None,66,1,5,False,1000,1000
10559,164,unweighted_fl,10,0.1049960191082802,0,31,None,66,1,5,False,1000,1000
10560,165,unweighted_fl,10,0.1094745222929936,0,0,None,66,1,5,False,1000,1000
10561,166,unweighted_fl,10,0.1031050955414012,0,0,None,66,1,5,False,1000,1000
10562,167,unweighted_fl,10,0.1072850318471337,0,0,None,66,1,5,False,1000,1000
10563,168,unweighted_fl,10,0.1099721337579617,0,0,None,66,1,5,False,1000,1000
10564,169,unweighted_fl,10,0.112858280254777,0,0,None,66,1,5,False,1000,1000
10565,165,unweighted_fl,10,0.0995222929936305,0,1,None,66,1,5,False,1000,1000
10566,166,unweighted_fl,10,0.0995222929936305,0,1,None,66,1,5,False,1000,1000
10567,167,unweighted_fl,10,0.0995222929936305,0,1,None,66,1,5,False,1000,1000
10568,168,unweighted_fl,10,0.0995222929936305,0,1,None,66,1,5,False,1000,1000
10569,169,unweighted_fl,10,0.0995222929936305,0,1,None,66,1,5,False,1000,1000
10570,165,unweighted_fl,10,0.1927746815286624,0,2,None,66,1,5,False,1000,1000
10571,166,unweighted_fl,10,0.208499203821656,0,2,None,66,1,5,False,1000,1000
10572,167,unweighted_fl,10,0.2172571656050955,0,2,None,66,1,5,False,1000,1000
10573,168,unweighted_fl,10,0.2022292993630573,0,2,None,66,1,5,False,1000,1000
10574,169,unweighted_fl,10,0.1945660828025477,0,2,None,66,1,5,False,1000,1000
10575,165,unweighted_fl,10,0.1749601910828025,0,4,None,66,1,5,False,1000,1000
10576,166,unweighted_fl,10,0.1845143312101911,0,4,None,66,1,5,False,1000,1000
10577,167,unweighted_fl,10,0.1877985668789809,0,4,None,66,1,5,False,1000,1000
10578,168,unweighted_fl,10,0.1894904458598726,0,4,None,66,1,5,False,1000,1000
10579,169,unweighted_fl,10,0.1908837579617834,0,4,None,66,1,5,False,1000,1000
10580,165,unweighted_fl,10,0.1345541401273885,0,3,None,66,1,5,False,1000,1000
10581,166,unweighted_fl,10,0.1461982484076433,0,3,None,66,1,5,False,1000,1000
10582,167,unweighted_fl,10,0.1847133757961783,0,3,None,66,1,5,False,1000,1000
10583,168,unweighted_fl,10,0.1868033439490445,0,3,None,66,1,5,False,1000,1000
10584,169,unweighted_fl,10,0.1929737261146497,0,3,None,66,1,5,False,1000,1000
10585,165,unweighted_fl,10,0.1297770700636942,0,5,None,66,1,5,False,1000,1000
10586,166,unweighted_fl,10,0.1520700636942675,0,5,None,66,1,5,False,1000,1000
10587,167,unweighted_fl,10,0.1645103503184713,0,5,None,66,1,5,False,1000,1000
10588,168,unweighted_fl,10,0.1703821656050955,0,5,None,66,1,5,False,1000,1000
10589,169,unweighted_fl,10,0.1758558917197452,0,5,None,66,1,5,False,1000,1000
10590,165,unweighted_fl,10,0.1172372611464968,0,7,None,66,1,5,False,1000,1000
10591,166,unweighted_fl,10,0.1259952229299363,0,7,None,66,1,5,False,1000,1000
10592,167,unweighted_fl,10,0.1068869426751592,0,7,None,66,1,5,False,1000,1000
10593,168,unweighted_fl,10,0.0994227707006369,0,7,None,66,1,5,False,1000,1000
10594,169,unweighted_fl,10,0.0995222929936305,0,7,None,66,1,5,False,1000,1000
10595,165,unweighted_fl,10,0.154359076433121,0,6,None,66,1,5,False,1000,1000
10596,166,unweighted_fl,10,0.1442078025477707,0,6,None,66,1,5,False,1000,1000
10597,167,unweighted_fl,10,0.1708797770700637,0,6,None,66,1,5,False,1000,1000
10598,168,unweighted_fl,10,0.1460987261146497,0,6,None,66,1,5,False,1000,1000
10599,169,unweighted_fl,10,0.1116640127388535,0,6,None,66,1,5,False,1000,1000
10600,165,unweighted_fl,10,0.0995222929936305,0,8,None,66,1,5,False,1000,1000
10601,166,unweighted_fl,10,0.0995222929936305,0,8,None,66,1,5,False,1000,1000
10602,167,unweighted_fl,10,0.0995222929936305,0,8,None,66,1,5,False,1000,1000
10603,168,unweighted_fl,10,0.0995222929936305,0,8,None,66,1,5,False,1000,1000
10604,169,unweighted_fl,10,0.0995222929936305,0,8,None,66,1,5,False,1000,1000
10605,165,unweighted_fl,10,0.1041003184713375,0,10,None,66,1,5,False,1000,1000
10606,166,unweighted_fl,10,0.1028065286624203,0,10,None,66,1,5,False,1000,1000
10607,167,unweighted_fl,10,0.1028065286624203,0,10,None,66,1,5,False,1000,1000
10608,168,unweighted_fl,10,0.1024084394904458,0,10,None,66,1,5,False,1000,1000
10609,169,unweighted_fl,10,0.1022093949044586,0,10,None,66,1,5,False,1000,1000
10610,165,unweighted_fl,10,0.1449044585987261,0,11,None,66,1,5,False,1000,1000
10611,166,unweighted_fl,10,0.1651074840764331,0,11,None,66,1,5,False,1000,1000
10612,167,unweighted_fl,10,0.1685907643312102,0,11,None,66,1,5,False,1000,1000
10613,168,unweighted_fl,10,0.1642117834394904,0,11,None,66,1,5,False,1000,1000
10614,169,unweighted_fl,10,0.1496815286624203,0,11,None,66,1,5,False,1000,1000
10615,165,unweighted_fl,10,0.1495820063694267,0,9,None,66,1,5,False,1000,1000
10616,166,unweighted_fl,10,0.1642117834394904,0,9,None,66,1,5,False,1000,1000
10617,167,unweighted_fl,10,0.1659036624203821,0,9,None,66,1,5,False,1000,1000
10618,168,unweighted_fl,10,0.1683917197452229,0,9,None,66,1,5,False,1000,1000
10619,169,unweighted_fl,10,0.169984076433121,0,9,None,66,1,5,False,1000,1000
10620,165,unweighted_fl,10,0.0995222929936305,0,12,None,66,1,5,False,1000,1000
10621,166,unweighted_fl,10,0.0995222929936305,0,12,None,66,1,5,False,1000,1000
10622,167,unweighted_fl,10,0.0995222929936305,0,12,None,66,1,5,False,1000,1000
10623,168,unweighted_fl,10,0.0995222929936305,0,12,None,66,1,5,False,1000,1000
10624,169,unweighted_fl,10,0.0995222929936305,0,12,None,66,1,5,False,1000,1000
10625,165,unweighted_fl,10,0.163515127388535,0,14,None,66,1,5,False,1000,1000
10626,166,unweighted_fl,10,0.1982484076433121,0,14,None,66,1,5,False,1000,1000
10627,167,unweighted_fl,10,0.2144705414012739,0,14,None,66,1,5,False,1000,1000
10628,168,unweighted_fl,10,0.2314888535031847,0,14,None,66,1,5,False,1000,1000
10629,169,unweighted_fl,10,0.2256170382165605,0,14,None,66,1,5,False,1000,1000
10630,165,unweighted_fl,10,0.1567476114649681,0,13,None,66,1,5,False,1000,1000
10631,166,unweighted_fl,10,0.175358280254777,0,13,None,66,1,5,False,1000,1000
10632,167,unweighted_fl,10,0.1922770700636942,0,13,None,66,1,5,False,1000,1000
10633,168,unweighted_fl,10,0.1841162420382165,0,13,None,66,1,5,False,1000,1000
10634,169,unweighted_fl,10,0.1843152866242038,0,13,None,66,1,5,False,1000,1000
10635,165,unweighted_fl,10,0.1146496815286624,0,15,None,66,1,5,False,1000,1000
10636,166,unweighted_fl,10,0.1066878980891719,0,15,None,66,1,5,False,1000,1000
10637,167,unweighted_fl,10,0.1067874203821656,0,15,None,66,1,5,False,1000,1000
10638,168,unweighted_fl,10,0.1090764331210191,0,15,None,66,1,5,False,1000,1000
10639,169,unweighted_fl,10,0.1103702229299363,0,15,None,66,1,5,False,1000,1000
10640,165,unweighted_fl,10,0.1009156050955414,0,17,None,66,1,5,False,1000,1000
10641,166,unweighted_fl,10,0.10828025477707,0,17,None,66,1,5,False,1000,1000
10642,167,unweighted_fl,10,0.152468152866242,0,17,None,66,1,5,False,1000,1000
10643,168,unweighted_fl,10,0.1836186305732484,0,17,None,66,1,5,False,1000,1000
10644,169,unweighted_fl,10,0.1932722929936305,0,17,None,66,1,5,False,1000,1000
10645,165,unweighted_fl,10,0.1451035031847133,0,16,None,66,1,5,False,1000,1000
10646,166,unweighted_fl,10,0.1615246815286624,0,16,None,66,1,5,False,1000,1000
10647,167,unweighted_fl,10,0.1664012738853503,0,16,None,66,1,5,False,1000,1000
10648,168,unweighted_fl,10,0.1683917197452229,0,16,None,66,1,5,False,1000,1000
10649,169,unweighted_fl,10,0.169984076433121,0,16,None,66,1,5,False,1000,1000
10650,165,unweighted_fl,10,0.0995222929936305,0,18,None,66,1,5,False,1000,1000
10651,166,unweighted_fl,10,0.0995222929936305,0,18,None,66,1,5,False,1000,1000
10652,167,unweighted_fl,10,0.1028065286624203,0,18,None,66,1,5,False,1000,1000
10653,168,unweighted_fl,10,0.1050955414012738,0,18,None,66,1,5,False,1000,1000
10654,169,unweighted_fl,10,0.1015127388535031,0,18,None,66,1,5,False,1000,1000
10655,165,unweighted_fl,10,0.0995222929936305,0,19,None,66,1,5,False,1000,1000
10656,166,unweighted_fl,10,0.0995222929936305,0,19,None,66,1,5,False,1000,1000
10657,167,unweighted_fl,10,0.0995222929936305,0,19,None,66,1,5,False,1000,1000
10658,168,unweighted_fl,10,0.0995222929936305,0,19,None,66,1,5,False,1000,1000
10659,169,unweighted_fl,10,0.0995222929936305,0,19,None,66,1,5,False,1000,1000
10660,165,unweighted_fl,10,0.0995222929936305,0,20,None,66,1,5,False,1000,1000
10661,166,unweighted_fl,10,0.1039012738853503,0,20,None,66,1,5,False,1000,1000
10662,167,unweighted_fl,10,0.1096735668789808,0,20,None,66,1,5,False,1000,1000
10663,168,unweighted_fl,10,0.1119625796178344,0,20,None,66,1,5,False,1000,1000
10664,169,unweighted_fl,10,0.1094745222929936,0,20,None,66,1,5,False,1000,1000
10665,165,unweighted_fl,10,0.1245023885350318,0,22,None,66,1,5,False,1000,1000
10666,166,unweighted_fl,10,0.1506767515923567,0,22,None,66,1,5,False,1000,1000
10667,167,unweighted_fl,10,0.1676950636942675,0,22,None,66,1,5,False,1000,1000
10668,168,unweighted_fl,10,0.1766520700636942,0,22,None,66,1,5,False,1000,1000
10669,169,unweighted_fl,10,0.1830214968152866,0,22,None,66,1,5,False,1000,1000
10670,165,unweighted_fl,10,0.1179339171974522,0,21,None,66,1,5,False,1000,1000
10671,166,unweighted_fl,10,0.1162420382165605,0,21,None,66,1,5,False,1000,1000
10672,167,unweighted_fl,10,0.1152468152866242,0,21,None,66,1,5,False,1000,1000
10673,168,unweighted_fl,10,0.1194267515923566,0,21,None,66,1,5,False,1000,1000
10674,169,unweighted_fl,10,0.1222133757961783,0,21,None,66,1,5,False,1000,1000
10675,165,unweighted_fl,10,0.1195262738853503,0,23,None,66,1,5,False,1000,1000
10676,166,unweighted_fl,10,0.1181329617834394,0,23,None,66,1,5,False,1000,1000
10677,167,unweighted_fl,10,0.0997213375796178,0,23,None,66,1,5,False,1000,1000
10678,168,unweighted_fl,10,0.0995222929936305,0,23,None,66,1,5,False,1000,1000
10679,169,unweighted_fl,10,0.0995222929936305,0,23,None,66,1,5,False,1000,1000
10680,165,unweighted_fl,10,0.1510748407643312,0,25,None,66,1,5,False,1000,1000
10681,166,unweighted_fl,10,0.1723726114649681,0,25,None,66,1,5,False,1000,1000
10682,167,unweighted_fl,10,0.1779458598726114,0,25,None,66,1,5,False,1000,1000
10683,168,unweighted_fl,10,0.1809315286624203,0,25,None,66,1,5,False,1000,1000
10684,169,unweighted_fl,10,0.1832205414012739,0,25,None,66,1,5,False,1000,1000
10685,165,unweighted_fl,10,0.1236066878980891,0,24,None,66,1,5,False,1000,1000
10686,166,unweighted_fl,10,0.1444068471337579,0,24,None,66,1,5,False,1000,1000
10687,167,unweighted_fl,10,0.1603304140127388,0,24,None,66,1,5,False,1000,1000
10688,168,unweighted_fl,10,0.1694864649681528,0,24,None,66,1,5,False,1000,1000
10689,169,unweighted_fl,10,0.1751592356687898,0,24,None,66,1,5,False,1000,1000
10690,165,unweighted_fl,10,0.1183320063694267,0,26,None,66,1,5,False,1000,1000
10691,166,unweighted_fl,10,0.1198248407643312,0,26,None,66,1,5,False,1000,1000
10692,167,unweighted_fl,10,0.1301751592356688,0,26,None,66,1,5,False,1000,1000
10693,168,unweighted_fl,10,0.1352507961783439,0,26,None,66,1,5,False,1000,1000
10694,169,unweighted_fl,10,0.13953025477707,0,26,None,66,1,5,False,1000,1000
10695,165,unweighted_fl,10,0.1131568471337579,0,28,None,66,1,5,False,1000,1000
10696,166,unweighted_fl,10,0.1130573248407643,0,28,None,66,1,5,False,1000,1000
10697,167,unweighted_fl,10,0.113953025477707,0,28,None,66,1,5,False,1000,1000
10698,168,unweighted_fl,10,0.1150477707006369,0,28,None,66,1,5,False,1000,1000
10699,169,unweighted_fl,10,0.1151472929936305,0,28,None,66,1,5,False,1000,1000
10700,165,unweighted_fl,10,0.1177348726114649,0,29,None,66,1,5,False,1000,1000
10701,166,unweighted_fl,10,0.1197253184713375,0,29,None,66,1,5,False,1000,1000
10702,167,unweighted_fl,10,0.1234076433121019,0,29,None,66,1,5,False,1000,1000
10703,168,unweighted_fl,10,0.1267914012738853,0,29,None,66,1,5,False,1000,1000
10704,169,unweighted_fl,10,0.1269904458598726,0,29,None,66,1,5,False,1000,1000
10705,165,unweighted_fl,10,0.1242038216560509,0,27,None,66,1,5,False,1000,1000
10706,166,unweighted_fl,10,0.118531050955414,0,27,None,66,1,5,False,1000,1000
10707,167,unweighted_fl,10,0.125,0,27,None,66,1,5,False,1000,1000
10708,168,unweighted_fl,10,0.1262937898089172,0,27,None,66,1,5,False,1000,1000
10709,169,unweighted_fl,10,0.1271894904458598,0,27,None,66,1,5,False,1000,1000
10710,165,unweighted_fl,10,0.1292794585987261,0,30,None,66,1,5,False,1000,1000
10711,166,unweighted_fl,10,0.1369426751592356,0,30,None,66,1,5,False,1000,1000
10712,167,unweighted_fl,10,0.1545581210191083,0,30,None,66,1,5,False,1000,1000
10713,168,unweighted_fl,10,0.1691878980891719,0,30,None,66,1,5,False,1000,1000
10714,169,unweighted_fl,10,0.1780453821656051,0,30,None,66,1,5,False,1000,1000
10715,165,unweighted_fl,10,0.1549562101910828,0,32,None,66,1,5,False,1000,1000
10716,166,unweighted_fl,10,0.157046178343949,0,32,None,66,1,5,False,1000,1000
10717,167,unweighted_fl,10,0.1548566878980891,0,32,None,66,1,5,False,1000,1000
10718,168,unweighted_fl,10,0.1521695859872611,0,32,None,66,1,5,False,1000,1000
10719,169,unweighted_fl,10,0.1500796178343949,0,32,None,66,1,5,False,1000,1000
10720,165,unweighted_fl,10,0.1052945859872611,0,31,None,66,1,5,False,1000,1000
10721,166,unweighted_fl,10,0.1150477707006369,0,31,None,66,1,5,False,1000,1000
10722,167,unweighted_fl,10,0.1238057324840764,0,31,None,66,1,5,False,1000,1000
10723,168,unweighted_fl,10,0.1315684713375796,0,31,None,66,1,5,False,1000,1000
10724,169,unweighted_fl,10,0.1384355095541401,0,31,None,66,1,5,False,1000,1000
10725,170,unweighted_fl,10,0.1446058917197452,0,0,None,66,1,5,False,1000,1000
10726,171,unweighted_fl,10,0.1205214968152866,0,0,None,66,1,5,False,1000,1000
10727,172,unweighted_fl,10,0.1064888535031847,0,0,None,66,1,5,False,1000,1000
10728,173,unweighted_fl,10,0.1044984076433121,0,0,None,66,1,5,False,1000,1000
10729,174,unweighted_fl,10,0.1047969745222929,0,0,None,66,1,5,False,1000,1000
10730,170,unweighted_fl,10,0.1843152866242038,0,2,None,66,1,5,False,1000,1000
10731,171,unweighted_fl,10,0.2008359872611465,0,2,None,66,1,5,False,1000,1000
10732,172,unweighted_fl,10,0.2139729299363057,0,2,None,66,1,5,False,1000,1000
10733,173,unweighted_fl,10,0.2206409235668789,0,2,None,66,1,5,False,1000,1000
10734,174,unweighted_fl,10,0.2227308917197452,0,2,None,66,1,5,False,1000,1000
10735,170,unweighted_fl,10,0.1258957006369426,0,1,None,66,1,5,False,1000,1000
10736,171,unweighted_fl,10,0.0995222929936305,0,1,None,66,1,5,False,1000,1000
10737,172,unweighted_fl,10,0.0995222929936305,0,1,None,66,1,5,False,1000,1000
10738,173,unweighted_fl,10,0.0995222929936305,0,1,None,66,1,5,False,1000,1000
10739,174,unweighted_fl,10,0.0995222929936305,0,1,None,66,1,5,False,1000,1000
10740,170,unweighted_fl,10,0.1716759554140127,0,3,None,66,1,5,False,1000,1000
10741,171,unweighted_fl,10,0.1742635350318471,0,3,None,66,1,5,False,1000,1000
10742,172,unweighted_fl,10,0.2209394904458598,0,3,None,66,1,5,False,1000,1000
10743,173,unweighted_fl,10,0.1942675159235669,0,3,None,66,1,5,False,1000,1000
10744,174,unweighted_fl,10,0.1963574840764331,0,3,None,66,1,5,False,1000,1000
10745,170,unweighted_fl,10,0.1748606687898089,0,5,None,66,1,5,False,1000,1000
10746,171,unweighted_fl,10,0.1821257961783439,0,5,None,66,1,5,False,1000,1000
10747,172,unweighted_fl,10,0.1889928343949044,0,5,None,66,1,5,False,1000,1000
10748,173,unweighted_fl,10,0.1906847133757961,0,5,None,66,1,5,False,1000,1000
10749,174,unweighted_fl,10,0.1925756369426751,0,5,None,66,1,5,False,1000,1000
10750,170,unweighted_fl,10,0.1757563694267516,0,4,None,66,1,5,False,1000,1000
10751,171,unweighted_fl,10,0.182921974522293,0,4,None,66,1,5,False,1000,1000
10752,172,unweighted_fl,10,0.1858081210191083,0,4,None,66,1,5,False,1000,1000
10753,173,unweighted_fl,10,0.1871019108280254,0,4,None,66,1,5,False,1000,1000
10754,174,unweighted_fl,10,0.1874004777070063,0,4,None,66,1,5,False,1000,1000
10755,170,unweighted_fl,10,0.168093152866242,0,6,None,66,1,5,False,1000,1000
10756,171,unweighted_fl,10,0.1339570063694267,0,6,None,66,1,5,False,1000,1000
10757,172,unweighted_fl,10,0.1404259554140127,0,6,None,66,1,5,False,1000,1000
10758,173,unweighted_fl,10,0.1553542993630573,0,6,None,66,1,5,False,1000,1000
10759,174,unweighted_fl,10,0.1642117834394904,0,6,None,66,1,5,False,1000,1000
10760,170,unweighted_fl,10,0.1164410828025477,0,8,None,66,1,5,False,1000,1000
10761,171,unweighted_fl,10,0.0999203821656051,0,8,None,66,1,5,False,1000,1000
10762,172,unweighted_fl,10,0.0995222929936305,0,8,None,66,1,5,False,1000,1000
10763,173,unweighted_fl,10,0.0995222929936305,0,8,None,66,1,5,False,1000,1000
10764,174,unweighted_fl,10,0.0995222929936305,0,8,None,66,1,5,False,1000,1000
10765,170,unweighted_fl,10,0.1471934713375796,0,7,None,66,1,5,False,1000,1000
10766,171,unweighted_fl,10,0.1237062101910828,0,7,None,66,1,5,False,1000,1000
10767,172,unweighted_fl,10,0.1253980891719745,0,7,None,66,1,5,False,1000,1000
10768,173,unweighted_fl,10,0.125796178343949,0,7,None,66,1,5,False,1000,1000
10769,174,unweighted_fl,10,0.1261942675159235,0,7,None,66,1,5,False,1000,1000
10770,170,unweighted_fl,10,0.1665007961783439,0,9,None,66,1,5,False,1000,1000
10771,171,unweighted_fl,10,0.1708797770700637,0,9,None,66,1,5,False,1000,1000
10772,172,unweighted_fl,10,0.1714769108280254,0,9,None,66,1,5,False,1000,1000
10773,173,unweighted_fl,10,0.1716759554140127,0,9,None,66,1,5,False,1000,1000
10774,174,unweighted_fl,10,0.1715764331210191,0,9,None,66,1,5,False,1000,1000
10775,170,unweighted_fl,10,0.1436106687898089,0,10,None,66,1,5,False,1000,1000
10776,171,unweighted_fl,10,0.1225119426751592,0,10,None,66,1,5,False,1000,1000
10777,172,unweighted_fl,10,0.1164410828025477,0,10,None,66,1,5,False,1000,1000
10778,173,unweighted_fl,10,0.1141520700636942,0,10,None,66,1,5,False,1000,1000
10779,174,unweighted_fl,10,0.1157444267515923,0,10,None,66,1,5,False,1000,1000
10780,170,unweighted_fl,10,0.1642117834394904,0,11,None,66,1,5,False,1000,1000
10781,171,unweighted_fl,10,0.1739649681528662,0,11,None,66,1,5,False,1000,1000
10782,172,unweighted_fl,10,0.174562101910828,0,11,None,66,1,5,False,1000,1000
10783,173,unweighted_fl,10,0.1734673566878981,0,11,None,66,1,5,False,1000,1000
10784,174,unweighted_fl,10,0.1688893312101911,0,11,None,66,1,5,False,1000,1000
10785,170,unweighted_fl,10,0.1798367834394904,0,13,None,66,1,5,False,1000,1000
10786,171,unweighted_fl,10,0.1808320063694267,0,13,None,66,1,5,False,1000,1000
10787,172,unweighted_fl,10,0.1803343949044586,0,13,None,66,1,5,False,1000,1000
10788,173,unweighted_fl,10,0.1887937898089172,0,13,None,66,1,5,False,1000,1000
10789,174,unweighted_fl,10,0.1943670382165605,0,13,None,66,1,5,False,1000,1000
10790,170,unweighted_fl,10,0.1838176751592356,0,14,None,66,1,5,False,1000,1000
10791,171,unweighted_fl,10,0.1956608280254777,0,14,None,66,1,5,False,1000,1000
10792,172,unweighted_fl,10,0.1998407643312102,0,14,None,66,1,5,False,1000,1000
10793,173,unweighted_fl,10,0.207703025477707,0,14,None,66,1,5,False,1000,1000
10794,174,unweighted_fl,10,0.2132762738853503,0,14,None,66,1,5,False,1000,1000
10795,170,unweighted_fl,10,0.1346536624203821,0,12,None,66,1,5,False,1000,1000
10796,171,unweighted_fl,10,0.1167396496815286,0,12,None,66,1,5,False,1000,1000
10797,172,unweighted_fl,10,0.1150477707006369,0,12,None,66,1,5,False,1000,1000
10798,173,unweighted_fl,10,0.1148487261146496,0,12,None,66,1,5,False,1000,1000
10799,174,unweighted_fl,10,0.1161425159235668,0,12,None,66,1,5,False,1000,1000
10800,170,unweighted_fl,10,0.1299761146496815,0,15,None,66,1,5,False,1000,1000
10801,171,unweighted_fl,10,0.1158439490445859,0,15,None,66,1,5,False,1000,1000
10802,172,unweighted_fl,10,0.1173367834394904,0,15,None,66,1,5,False,1000,1000
10803,173,unweighted_fl,10,0.1182324840764331,0,15,None,66,1,5,False,1000,1000
10804,174,unweighted_fl,10,0.1192277070063694,0,15,None,66,1,5,False,1000,1000
10805,170,unweighted_fl,10,0.1522691082802547,0,17,None,66,1,5,False,1000,1000
10806,171,unweighted_fl,10,0.1802348726114649,0,17,None,66,1,5,False,1000,1000
10807,172,unweighted_fl,10,0.1890923566878981,0,17,None,66,1,5,False,1000,1000
10808,173,unweighted_fl,10,0.1938694267515923,0,17,None,66,1,5,False,1000,1000
10809,174,unweighted_fl,10,0.1948646496815286,0,17,None,66,1,5,False,1000,1000
10810,170,unweighted_fl,10,0.1618232484076433,0,16,None,66,1,5,False,1000,1000
10811,171,unweighted_fl,10,0.1706807324840764,0,16,None,66,1,5,False,1000,1000
10812,172,unweighted_fl,10,0.1734673566878981,0,16,None,66,1,5,False,1000,1000
10813,173,unweighted_fl,10,0.1735668789808917,0,16,None,66,1,5,False,1000,1000
10814,174,unweighted_fl,10,0.1736664012738853,0,16,None,66,1,5,False,1000,1000
10815,170,unweighted_fl,10,0.1189291401273885,0,18,None,66,1,5,False,1000,1000
10816,171,unweighted_fl,10,0.1027070063694267,0,18,None,66,1,5,False,1000,1000
10817,172,unweighted_fl,10,0.0993232484076433,0,18,None,66,1,5,False,1000,1000
10818,173,unweighted_fl,10,0.1013136942675159,0,18,None,66,1,5,False,1000,1000
10819,174,unweighted_fl,10,0.1026074840764331,0,18,None,66,1,5,False,1000,1000
10820,170,unweighted_fl,10,0.116640127388535,0,20,None,66,1,5,False,1000,1000
10821,171,unweighted_fl,10,0.1070859872611465,0,20,None,66,1,5,False,1000,1000
10822,172,unweighted_fl,10,0.1092754777070063,0,20,None,66,1,5,False,1000,1000
10823,173,unweighted_fl,10,0.110967356687898,0,20,None,66,1,5,False,1000,1000
10824,174,unweighted_fl,10,0.1132563694267515,0,20,None,66,1,5,False,1000,1000
10825,170,unweighted_fl,10,0.110967356687898,0,21,None,66,1,5,False,1000,1000
10826,171,unweighted_fl,10,0.1100716560509554,0,21,None,66,1,5,False,1000,1000
10827,172,unweighted_fl,10,0.1122611464968152,0,21,None,66,1,5,False,1000,1000
10828,173,unweighted_fl,10,0.1132563694267515,0,21,None,66,1,5,False,1000,1000
10829,174,unweighted_fl,10,0.1133558917197452,0,21,None,66,1,5,False,1000,1000
10830,170,unweighted_fl,10,0.1191281847133758,0,19,None,66,1,5,False,1000,1000
10831,171,unweighted_fl,10,0.1143511146496815,0,19,None,66,1,5,False,1000,1000
10832,172,unweighted_fl,10,0.1117635350318471,0,19,None,66,1,5,False,1000,1000
10833,173,unweighted_fl,10,0.1121616242038216,0,19,None,66,1,5,False,1000,1000
10834,174,unweighted_fl,10,0.1135549363057324,0,19,None,66,1,5,False,1000,1000
10835,170,unweighted_fl,10,0.1265923566878981,0,22,None,66,1,5,False,1000,1000
10836,171,unweighted_fl,10,0.1416202229299363,0,22,None,66,1,5,False,1000,1000
10837,172,unweighted_fl,10,0.1499800955414012,0,22,None,66,1,5,False,1000,1000
10838,173,unweighted_fl,10,0.1571457006369426,0,22,None,66,1,5,False,1000,1000
10839,174,unweighted_fl,10,0.1598328025477707,0,22,None,66,1,5,False,1000,1000
10840,170,unweighted_fl,10,0.1511743630573248,0,24,None,66,1,5,False,1000,1000
10841,171,unweighted_fl,10,0.1620222929936305,0,24,None,66,1,5,False,1000,1000
10842,172,unweighted_fl,10,0.168093152866242,0,24,None,66,1,5,False,1000,1000
10843,173,unweighted_fl,10,0.1734673566878981,0,24,None,66,1,5,False,1000,1000
10844,174,unweighted_fl,10,0.1750597133757961,0,24,None,66,1,5,False,1000,1000
10845,170,unweighted_fl,10,0.1420183121019108,0,23,None,66,1,5,False,1000,1000
10846,171,unweighted_fl,10,0.1243033439490445,0,23,None,66,1,5,False,1000,1000
10847,172,unweighted_fl,10,0.1263933121019108,0,23,None,66,1,5,False,1000,1000
10848,173,unweighted_fl,10,0.1252985668789809,0,23,None,66,1,5,False,1000,1000
10849,174,unweighted_fl,10,0.1208200636942675,0,23,None,66,1,5,False,1000,1000
10850,170,unweighted_fl,10,0.1666003184713375,0,25,None,66,1,5,False,1000,1000
10851,171,unweighted_fl,10,0.1754578025477707,0,25,None,66,1,5,False,1000,1000
10852,172,unweighted_fl,10,0.1789410828025477,0,25,None,66,1,5,False,1000,1000
10853,173,unweighted_fl,10,0.1800358280254777,0,25,None,66,1,5,False,1000,1000
10854,174,unweighted_fl,10,0.1805334394904458,0,25,None,66,1,5,False,1000,1000
10855,170,unweighted_fl,10,0.1580414012738853,0,26,None,66,1,5,False,1000,1000
10856,171,unweighted_fl,10,0.1228105095541401,0,26,None,66,1,5,False,1000,1000
10857,172,unweighted_fl,10,0.1292794585987261,0,26,None,66,1,5,False,1000,1000
10858,173,unweighted_fl,10,0.1342555732484076,0,26,None,66,1,5,False,1000,1000
10859,174,unweighted_fl,10,0.1382364649681528,0,26,None,66,1,5,False,1000,1000
10860,170,unweighted_fl,10,0.158937101910828,0,27,None,66,1,5,False,1000,1000
10861,171,unweighted_fl,10,0.1507762738853503,0,27,None,66,1,5,False,1000,1000
10862,172,unweighted_fl,10,0.1461982484076433,0,27,None,66,1,5,False,1000,1000
10863,173,unweighted_fl,10,0.143312101910828,0,27,None,66,1,5,False,1000,1000
10864,174,unweighted_fl,10,0.1500796178343949,0,27,None,66,1,5,False,1000,1000
10865,170,unweighted_fl,10,0.1234076433121019,0,29,None,66,1,5,False,1000,1000
10866,171,unweighted_fl,10,0.1080812101910828,0,29,None,66,1,5,False,1000,1000
10867,172,unweighted_fl,10,0.1114649681528662,0,29,None,66,1,5,False,1000,1000
10868,173,unweighted_fl,10,0.1129578025477707,0,29,None,66,1,5,False,1000,1000
10869,174,unweighted_fl,10,0.114749203821656,0,29,None,66,1,5,False,1000,1000
10870,170,unweighted_fl,10,0.1650079617834395,0,30,None,66,1,5,False,1000,1000
10871,171,unweighted_fl,10,0.1757563694267516,0,30,None,66,1,5,False,1000,1000
10872,172,unweighted_fl,10,0.1815286624203821,0,30,None,66,1,5,False,1000,1000
10873,173,unweighted_fl,10,0.1859076433121019,0,30,None,66,1,5,False,1000,1000
10874,174,unweighted_fl,10,0.1879976114649681,0,30,None,66,1,5,False,1000,1000
10875,170,unweighted_fl,10,0.1151472929936305,0,28,None,66,1,5,False,1000,1000
10876,171,unweighted_fl,10,0.1145501592356687,0,28,None,66,1,5,False,1000,1000
10877,172,unweighted_fl,10,0.1133558917197452,0,28,None,66,1,5,False,1000,1000
10878,173,unweighted_fl,10,0.110967356687898,0,28,None,66,1,5,False,1000,1000
10879,174,unweighted_fl,10,0.1084792993630573,0,28,None,66,1,5,False,1000,1000
10880,170,unweighted_fl,10,0.1438097133757961,0,31,None,66,1,5,False,1000,1000
10881,171,unweighted_fl,10,0.1482882165605095,0,31,None,66,1,5,False,1000,1000
10882,172,unweighted_fl,10,0.1527667197452229,0,31,None,66,1,5,False,1000,1000
10883,173,unweighted_fl,10,0.1557523885350318,0,31,None,66,1,5,False,1000,1000
10884,174,unweighted_fl,10,0.1575437898089172,0,31,None,66,1,5,False,1000,1000
10885,170,unweighted_fl,10,0.1668988853503184,0,32,None,66,1,5,False,1000,1000
10886,171,unweighted_fl,10,0.1676950636942675,0,32,None,66,1,5,False,1000,1000
10887,172,unweighted_fl,10,0.1659036624203821,0,32,None,66,1,5,False,1000,1000
10888,173,unweighted_fl,10,0.164311305732484,0,32,None,66,1,5,False,1000,1000
10889,174,unweighted_fl,10,0.1631170382165605,0,32,None,66,1,5,False,1000,1000
10890,175,unweighted_fl,10,0.1651074840764331,0,0,None,66,1,5,False,1000,1000
10891,176,unweighted_fl,10,0.18640525477707,0,0,None,66,1,5,False,1000,1000
10892,177,unweighted_fl,10,0.1677945859872611,0,0,None,66,1,5,False,1000,1000
10893,178,unweighted_fl,10,0.1676950636942675,0,0,None,66,1,5,False,1000,1000
10894,179,unweighted_fl,10,0.1700835987261146,0,0,None,66,1,5,False,1000,1000
10895,175,unweighted_fl,10,0.1821257961783439,0,2,None,66,1,5,False,1000,1000
10896,176,unweighted_fl,10,0.1910828025477707,0,2,None,66,1,5,False,1000,1000
10897,177,unweighted_fl,10,0.2098925159235669,0,2,None,66,1,5,False,1000,1000
10898,178,unweighted_fl,10,0.2030254777070063,0,2,None,66,1,5,False,1000,1000
10899,179,unweighted_fl,10,0.2040207006369426,0,2,None,66,1,5,False,1000,1000
10900,175,unweighted_fl,10,0.1599323248407643,0,1,None,66,1,5,False,1000,1000
10901,176,unweighted_fl,10,0.1359474522292993,0,1,None,66,1,5,False,1000,1000
10902,177,unweighted_fl,10,0.129578025477707,0,1,None,66,1,5,False,1000,1000
10903,178,unweighted_fl,10,0.1280851910828025,0,1,None,66,1,5,False,1000,1000
10904,179,unweighted_fl,10,0.1340565286624203,0,1,None,66,1,5,False,1000,1000
10905,175,unweighted_fl,10,0.1702826433121019,0,3,None,66,1,5,False,1000,1000
10906,176,unweighted_fl,10,0.1757563694267516,0,3,None,66,1,5,False,1000,1000
10907,177,unweighted_fl,10,0.2262141719745223,0,3,None,66,1,5,False,1000,1000
10908,178,unweighted_fl,10,0.2028264331210191,0,3,None,66,1,5,False,1000,1000
10909,179,unweighted_fl,10,0.2035230891719745,0,3,None,66,1,5,False,1000,1000
10910,175,unweighted_fl,10,0.174562101910828,0,5,None,66,1,5,False,1000,1000
10911,176,unweighted_fl,10,0.1795382165605095,0,5,None,66,1,5,False,1000,1000
10912,177,unweighted_fl,10,0.1823248407643312,0,5,None,66,1,5,False,1000,1000
10913,178,unweighted_fl,10,0.1834195859872611,0,5,None,66,1,5,False,1000,1000
10914,179,unweighted_fl,10,0.1841162420382165,0,5,None,66,1,5,False,1000,1000
10915,175,unweighted_fl,10,0.1756568471337579,0,4,None,66,1,5,False,1000,1000
10916,176,unweighted_fl,10,0.1807324840764331,0,4,None,66,1,5,False,1000,1000
10917,177,unweighted_fl,10,0.181827229299363,0,4,None,66,1,5,False,1000,1000
10918,178,unweighted_fl,10,0.1827229299363057,0,4,None,66,1,5,False,1000,1000
10919,179,unweighted_fl,10,0.1830214968152866,0,4,None,66,1,5,False,1000,1000
10920,175,unweighted_fl,10,0.1820262738853503,0,6,None,66,1,5,False,1000,1000
10921,176,unweighted_fl,10,0.1673964968152866,0,6,None,66,1,5,False,1000,1000
10922,177,unweighted_fl,10,0.1410230891719745,0,6,None,66,1,5,False,1000,1000
10923,178,unweighted_fl,10,0.1324641719745223,0,6,None,66,1,5,False,1000,1000
10924,179,unweighted_fl,10,0.1396297770700637,0,6,None,66,1,5,False,1000,1000
10925,175,unweighted_fl,10,0.158937101910828,0,8,None,66,1,5,False,1000,1000
10926,176,unweighted_fl,10,0.1477906050955414,0,8,None,66,1,5,False,1000,1000
10927,177,unweighted_fl,10,0.1324641719745223,0,8,None,66,1,5,False,1000,1000
10928,178,unweighted_fl,10,0.1207205414012738,0,8,None,66,1,5,False,1000,1000
10929,179,unweighted_fl,10,0.1225119426751592,0,8,None,66,1,5,False,1000,1000
10930,175,unweighted_fl,10,0.1704816878980891,0,9,None,66,1,5,False,1000,1000
10931,176,unweighted_fl,10,0.1716759554140127,0,9,None,66,1,5,False,1000,1000
10932,177,unweighted_fl,10,0.1711783439490445,0,9,None,66,1,5,False,1000,1000
10933,178,unweighted_fl,10,0.17078025477707,0,9,None,66,1,5,False,1000,1000
10934,179,unweighted_fl,10,0.1709792993630573,0,9,None,66,1,5,False,1000,1000
10935,175,unweighted_fl,10,0.1586385350318471,0,7,None,66,1,5,False,1000,1000
10936,176,unweighted_fl,10,0.1490843949044586,0,7,None,66,1,5,False,1000,1000
10937,177,unweighted_fl,10,0.1416202229299363,0,7,None,66,1,5,False,1000,1000
10938,178,unweighted_fl,10,0.1389331210191083,0,7,None,66,1,5,False,1000,1000
10939,179,unweighted_fl,10,0.1378383757961783,0,7,None,66,1,5,False,1000,1000
10940,175,unweighted_fl,10,0.1696855095541401,0,10,None,66,1,5,False,1000,1000
10941,176,unweighted_fl,10,0.1765525477707006,0,10,None,66,1,5,False,1000,1000
10942,177,unweighted_fl,10,0.1758558917197452,0,10,None,66,1,5,False,1000,1000
10943,178,unweighted_fl,10,0.1759554140127388,0,10,None,66,1,5,False,1000,1000
10944,179,unweighted_fl,10,0.1781449044585987,0,10,None,66,1,5,False,1000,1000
10945,175,unweighted_fl,10,0.1694864649681528,0,12,None,66,1,5,False,1000,1000
10946,176,unweighted_fl,10,0.1685907643312102,0,12,None,66,1,5,False,1000,1000
10947,177,unweighted_fl,10,0.1698845541401273,0,12,None,66,1,5,False,1000,1000
10948,178,unweighted_fl,10,0.1716759554140127,0,12,None,66,1,5,False,1000,1000
10949,179,unweighted_fl,10,0.1740644904458598,0,12,None,66,1,5,False,1000,1000
10950,175,unweighted_fl,10,0.1724721337579617,0,11,None,66,1,5,False,1000,1000
10951,176,unweighted_fl,10,0.1761544585987261,0,11,None,66,1,5,False,1000,1000
10952,177,unweighted_fl,10,0.1748606687898089,0,11,None,66,1,5,False,1000,1000
10953,178,unweighted_fl,10,0.1725716560509554,0,11,None,66,1,5,False,1000,1000
10954,179,unweighted_fl,10,0.1709792993630573,0,11,None,66,1,5,False,1000,1000
10955,175,unweighted_fl,10,0.1868033439490445,0,13,None,66,1,5,False,1000,1000
10956,176,unweighted_fl,10,0.1940684713375796,0,13,None,66,1,5,False,1000,1000
10957,177,unweighted_fl,10,0.1988455414012739,0,13,None,66,1,5,False,1000,1000
10958,178,unweighted_fl,10,0.196656050955414,0,13,None,66,1,5,False,1000,1000
10959,179,unweighted_fl,10,0.1935708598726114,0,13,None,66,1,5,False,1000,1000
10960,175,unweighted_fl,10,0.1578423566878981,0,15,None,66,1,5,False,1000,1000
10961,176,unweighted_fl,10,0.1365445859872611,0,15,None,66,1,5,False,1000,1000
10962,177,unweighted_fl,10,0.1218152866242038,0,15,None,66,1,5,False,1000,1000
10963,178,unweighted_fl,10,0.1215167197452229,0,15,None,66,1,5,False,1000,1000
10964,179,unweighted_fl,10,0.1232085987261146,0,15,None,66,1,5,False,1000,1000
10965,175,unweighted_fl,10,0.1877985668789809,0,14,None,66,1,5,False,1000,1000
10966,176,unweighted_fl,10,0.1943670382165605,0,14,None,66,1,5,False,1000,1000
10967,177,unweighted_fl,10,0.195561305732484,0,14,None,66,1,5,False,1000,1000
10968,178,unweighted_fl,10,0.1968550955414012,0,14,None,66,1,5,False,1000,1000
10969,179,unweighted_fl,10,0.1973527070063694,0,14,None,66,1,5,False,1000,1000
10970,175,unweighted_fl,10,0.1669984076433121,0,16,None,66,1,5,False,1000,1000
10971,176,unweighted_fl,10,0.1729697452229299,0,16,None,66,1,5,False,1000,1000
10972,177,unweighted_fl,10,0.1730692675159235,0,16,None,66,1,5,False,1000,1000
10973,178,unweighted_fl,10,0.1730692675159235,0,16,None,66,1,5,False,1000,1000
10974,179,unweighted_fl,10,0.1735668789808917,0,16,None,66,1,5,False,1000,1000
10975,175,unweighted_fl,10,0.1591361464968153,0,18,None,66,1,5,False,1000,1000
10976,176,unweighted_fl,10,0.1758558917197452,0,18,None,66,1,5,False,1000,1000
10977,177,unweighted_fl,10,0.1746616242038216,0,18,None,66,1,5,False,1000,1000
10978,178,unweighted_fl,10,0.1774482484076433,0,18,None,66,1,5,False,1000,1000
10979,179,unweighted_fl,10,0.1825238853503184,0,18,None,66,1,5,False,1000,1000
10980,175,unweighted_fl,10,0.1811305732484076,0,17,None,66,1,5,False,1000,1000
10981,176,unweighted_fl,10,0.232484076433121,0,17,None,66,1,5,False,1000,1000
10982,177,unweighted_fl,10,0.2112858280254777,0,17,None,66,1,5,False,1000,1000
10983,178,unweighted_fl,10,0.2132762738853503,0,17,None,66,1,5,False,1000,1000
10984,179,unweighted_fl,10,0.2124800955414012,0,17,None,66,1,5,False,1000,1000
10985,175,unweighted_fl,10,0.1727707006369426,0,19,None,66,1,5,False,1000,1000
10986,176,unweighted_fl,10,0.164311305732484,0,19,None,66,1,5,False,1000,1000
10987,177,unweighted_fl,10,0.1531648089171974,0,19,None,66,1,5,False,1000,1000
10988,178,unweighted_fl,10,0.1564490445859872,0,19,None,66,1,5,False,1000,1000
10989,179,unweighted_fl,10,0.1583399681528662,0,19,None,66,1,5,False,1000,1000
10990,175,unweighted_fl,10,0.1359474522292993,0,21,None,66,1,5,False,1000,1000
10991,176,unweighted_fl,10,0.1173367834394904,0,21,None,66,1,5,False,1000,1000
10992,177,unweighted_fl,10,0.1168391719745222,0,21,None,66,1,5,False,1000,1000
10993,178,unweighted_fl,10,0.117436305732484,0,21,None,66,1,5,False,1000,1000
10994,179,unweighted_fl,10,0.1199243630573248,0,21,None,66,1,5,False,1000,1000
10995,175,unweighted_fl,10,0.1611265923566879,0,22,None,66,1,5,False,1000,1000
10996,176,unweighted_fl,10,0.1327627388535031,0,22,None,66,1,5,False,1000,1000
10997,177,unweighted_fl,10,0.1389331210191083,0,22,None,66,1,5,False,1000,1000
10998,178,unweighted_fl,10,0.1413216560509554,0,22,None,66,1,5,False,1000,1000
10999,179,unweighted_fl,10,0.1427149681528662,0,22,None,66,1,5,False,1000,1000
11000,175,unweighted_fl,10,0.1653065286624203,0,20,None,66,1,5,False,1000,1000
11001,176,unweighted_fl,10,0.1675955414012739,0,20,None,66,1,5,False,1000,1000
11002,177,unweighted_fl,10,0.1693869426751592,0,20,None,66,1,5,False,1000,1000
11003,178,unweighted_fl,10,0.174562101910828,0,20,None,66,1,5,False,1000,1000
11004,179,unweighted_fl,10,0.179936305732484,0,20,None,66,1,5,False,1000,1000
11005,175,unweighted_fl,10,0.1595342356687898,0,23,None,66,1,5,False,1000,1000
11006,176,unweighted_fl,10,0.1519705414012739,0,23,None,66,1,5,False,1000,1000
11007,177,unweighted_fl,10,0.1463972929936305,0,23,None,66,1,5,False,1000,1000
11008,178,unweighted_fl,10,0.1584394904458598,0,23,None,66,1,5,False,1000,1000
11009,179,unweighted_fl,10,0.1665007961783439,0,23,None,66,1,5,False,1000,1000
11010,175,unweighted_fl,10,0.1688893312101911,0,25,None,66,1,5,False,1000,1000
11011,176,unweighted_fl,10,0.1740644904458598,0,25,None,66,1,5,False,1000,1000
11012,177,unweighted_fl,10,0.1758558917197452,0,25,None,66,1,5,False,1000,1000
11013,178,unweighted_fl,10,0.1759554140127388,0,25,None,66,1,5,False,1000,1000
11014,179,unweighted_fl,10,0.1761544585987261,0,25,None,66,1,5,False,1000,1000
11015,175,unweighted_fl,10,0.1838176751592356,0,24,None,66,1,5,False,1000,1000
11016,176,unweighted_fl,10,0.1770501592356688,0,24,None,66,1,5,False,1000,1000
11017,177,unweighted_fl,10,0.1723726114649681,0,24,None,66,1,5,False,1000,1000
11018,178,unweighted_fl,10,0.1734673566878981,0,24,None,66,1,5,False,1000,1000
11019,179,unweighted_fl,10,0.175358280254777,0,24,None,66,1,5,False,1000,1000
11020,175,unweighted_fl,10,0.1694864649681528,0,26,None,66,1,5,False,1000,1000
11021,176,unweighted_fl,10,0.1508757961783439,0,26,None,66,1,5,False,1000,1000
11022,177,unweighted_fl,10,0.1313694267515923,0,26,None,66,1,5,False,1000,1000
11023,178,unweighted_fl,10,0.1292794585987261,0,26,None,66,1,5,False,1000,1000
11024,179,unweighted_fl,10,0.1311703821656051,0,26,None,66,1,5,False,1000,1000
11025,175,unweighted_fl,10,0.1628184713375796,0,27,None,66,1,5,False,1000,1000
11026,176,unweighted_fl,10,0.1632165605095541,0,27,None,66,1,5,False,1000,1000
11027,177,unweighted_fl,10,0.1611265923566879,0,27,None,66,1,5,False,1000,1000
11028,178,unweighted_fl,10,0.1640127388535031,0,27,None,66,1,5,False,1000,1000
11029,179,unweighted_fl,10,0.203125,0,27,None,66,1,5,False,1000,1000
11030,175,unweighted_fl,10,0.1428144904458598,0,28,None,66,1,5,False,1000,1000
11031,176,unweighted_fl,10,0.1080812101910828,0,28,None,66,1,5,False,1000,1000
11032,177,unweighted_fl,10,0.10828025477707,0,28,None,66,1,5,False,1000,1000
11033,178,unweighted_fl,10,0.1092754777070063,0,28,None,66,1,5,False,1000,1000
11034,179,unweighted_fl,10,0.1119625796178344,0,28,None,66,1,5,False,1000,1000
11035,175,unweighted_fl,10,0.1997412420382165,0,30,None,66,1,5,False,1000,1000
11036,176,unweighted_fl,10,0.1874004777070063,0,30,None,66,1,5,False,1000,1000
11037,177,unweighted_fl,10,0.1897890127388535,0,30,None,66,1,5,False,1000,1000
11038,178,unweighted_fl,10,0.1911823248407643,0,30,None,66,1,5,False,1000,1000
11039,179,unweighted_fl,10,0.1927746815286624,0,30,None,66,1,5,False,1000,1000
11040,175,unweighted_fl,10,0.1475915605095541,0,29,None,66,1,5,False,1000,1000
11041,176,unweighted_fl,10,0.1416202229299363,0,29,None,66,1,5,False,1000,1000
11042,177,unweighted_fl,10,0.13953025477707,0,29,None,66,1,5,False,1000,1000
11043,178,unweighted_fl,10,0.1344546178343949,0,29,None,66,1,5,False,1000,1000
11044,179,unweighted_fl,10,0.1331608280254777,0,29,None,66,1,5,False,1000,1000
11045,175,unweighted_fl,10,0.1646098726114649,0,31,None,66,1,5,False,1000,1000
11046,176,unweighted_fl,10,0.1634156050955414,0,31,None,66,1,5,False,1000,1000
11047,177,unweighted_fl,10,0.164311305732484,0,31,None,66,1,5,False,1000,1000
11048,178,unweighted_fl,10,0.1653065286624203,0,31,None,66,1,5,False,1000,1000
11049,179,unweighted_fl,10,0.166202229299363,0,31,None,66,1,5,False,1000,1000
11050,175,unweighted_fl,10,0.1702826433121019,0,32,None,66,1,5,False,1000,1000
11051,176,unweighted_fl,10,0.1683917197452229,0,32,None,66,1,5,False,1000,1000
11052,177,unweighted_fl,10,0.1668988853503184,0,32,None,66,1,5,False,1000,1000
11053,178,unweighted_fl,10,0.1666998407643312,0,32,None,66,1,5,False,1000,1000
11054,179,unweighted_fl,10,0.1666998407643312,0,32,None,66,1,5,False,1000,1000
12870,180,unweighted_fl,10,0.1727707006369426,0,0,None,66,1,5,False,1000,1000
12871,181,unweighted_fl,10,0.1919785031847133,0,0,None,66,1,5,False,1000,1000
12872,182,unweighted_fl,10,0.1930732484076433,0,0,None,66,1,5,False,1000,1000
12873,183,unweighted_fl,10,0.1946656050955414,0,0,None,66,1,5,False,1000,1000
12874,184,unweighted_fl,10,0.1960589171974522,0,0,None,66,1,5,False,1000,1000
12875,180,unweighted_fl,10,0.1716759554140127,0,1,None,66,1,5,False,1000,1000
12876,181,unweighted_fl,10,0.1711783439490445,0,1,None,66,1,5,False,1000,1000
12877,182,unweighted_fl,10,0.1908837579617834,0,1,None,66,1,5,False,1000,1000
12878,183,unweighted_fl,10,0.1936703821656051,0,1,None,66,1,5,False,1000,1000
12879,184,unweighted_fl,10,0.1982484076433121,0,1,None,66,1,5,False,1000,1000
12880,180,unweighted_fl,10,0.1821257961783439,0,2,None,66,1,5,False,1000,1000
12881,181,unweighted_fl,10,0.1842157643312102,0,2,None,66,1,5,False,1000,1000
12882,182,unweighted_fl,10,0.2219347133757961,0,2,None,66,1,5,False,1000,1000
12883,183,unweighted_fl,10,0.1980493630573248,0,2,None,66,1,5,False,1000,1000
12884,184,unweighted_fl,10,0.1988455414012739,0,2,None,66,1,5,False,1000,1000
12885,180,unweighted_fl,10,0.1774482484076433,0,4,None,66,1,5,False,1000,1000
12886,181,unweighted_fl,10,0.1812300955414012,0,4,None,66,1,5,False,1000,1000
12887,182,unweighted_fl,10,0.1806329617834395,0,4,None,66,1,5,False,1000,1000
12888,183,unweighted_fl,10,0.1816281847133758,0,4,None,66,1,5,False,1000,1000
12889,184,unweighted_fl,10,0.1836186305732484,0,4,None,66,1,5,False,1000,1000
12890,180,unweighted_fl,10,0.1761544585987261,0,5,None,66,1,5,False,1000,1000
12891,181,unweighted_fl,10,0.179140127388535,0,5,None,66,1,5,False,1000,1000
12892,182,unweighted_fl,10,0.1797372611464968,0,5,None,66,1,5,False,1000,1000
12893,183,unweighted_fl,10,0.1797372611464968,0,5,None,66,1,5,False,1000,1000
12894,184,unweighted_fl,10,0.1820262738853503,0,5,None,66,1,5,False,1000,1000
12895,180,unweighted_fl,10,0.1715764331210191,0,3,None,66,1,5,False,1000,1000
12896,181,unweighted_fl,10,0.1738654458598726,0,3,None,66,1,5,False,1000,1000
12897,182,unweighted_fl,10,0.2153662420382165,0,3,None,66,1,5,False,1000,1000
12898,183,unweighted_fl,10,0.1963574840764331,0,3,None,66,1,5,False,1000,1000
12899,184,unweighted_fl,10,0.1967555732484076,0,3,None,66,1,5,False,1000,1000
12900,180,unweighted_fl,10,0.1824243630573248,0,6,None,66,1,5,False,1000,1000
12901,181,unweighted_fl,10,0.1809315286624203,0,6,None,66,1,5,False,1000,1000
12902,182,unweighted_fl,10,0.1847133757961783,0,6,None,66,1,5,False,1000,1000
12903,183,unweighted_fl,10,0.2051154458598726,0,6,None,66,1,5,False,1000,1000
12904,184,unweighted_fl,10,0.2049164012738853,0,6,None,66,1,5,False,1000,1000
12905,180,unweighted_fl,10,0.167296974522293,0,8,None,66,1,5,False,1000,1000
12906,181,unweighted_fl,10,0.1700835987261146,0,8,None,66,1,5,False,1000,1000
12907,182,unweighted_fl,10,0.1794386942675159,0,8,None,66,1,5,False,1000,1000
12908,183,unweighted_fl,10,0.1786425159235669,0,8,None,66,1,5,False,1000,1000
12909,184,unweighted_fl,10,0.171875,0,8,None,66,1,5,False,1000,1000
12910,180,unweighted_fl,10,0.1691878980891719,0,7,None,66,1,5,False,1000,1000
12911,181,unweighted_fl,10,0.1657046178343949,0,7,None,66,1,5,False,1000,1000
12912,182,unweighted_fl,10,0.1665007961783439,0,7,None,66,1,5,False,1000,1000
12913,183,unweighted_fl,10,0.1690883757961783,0,7,None,66,1,5,False,1000,1000
12914,184,unweighted_fl,10,0.1730692675159235,0,7,None,66,1,5,False,1000,1000
12915,180,unweighted_fl,10,0.1719745222929936,0,9,None,66,1,5,False,1000,1000
12916,181,unweighted_fl,10,0.172671178343949,0,9,None,66,1,5,False,1000,1000
12917,182,unweighted_fl,10,0.1744625796178344,0,9,None,66,1,5,False,1000,1000
12918,183,unweighted_fl,10,0.1763535031847133,0,9,None,66,1,5,False,1000,1000
12919,184,unweighted_fl,10,0.1782444267515923,0,9,None,66,1,5,False,1000,1000
12920,180,unweighted_fl,10,0.174562101910828,0,10,None,66,1,5,False,1000,1000
12921,181,unweighted_fl,10,0.21765525477707,0,10,None,66,1,5,False,1000,1000
12922,182,unweighted_fl,10,0.1969546178343949,0,10,None,66,1,5,False,1000,1000
12923,183,unweighted_fl,10,0.1983479299363057,0,10,None,66,1,5,False,1000,1000
12924,184,unweighted_fl,10,0.1998407643312102,0,10,None,66,1,5,False,1000,1000
12925,180,unweighted_fl,10,0.1750597133757961,0,11,None,66,1,5,False,1000,1000
12926,181,unweighted_fl,10,0.1787420382165605,0,11,None,66,1,5,False,1000,1000
12927,182,unweighted_fl,10,0.1805334394904458,0,11,None,66,1,5,False,1000,1000
12928,183,unweighted_fl,10,0.1779458598726114,0,11,None,66,1,5,False,1000,1000
12929,184,unweighted_fl,10,0.1773487261146497,0,11,None,66,1,5,False,1000,1000
12930,180,unweighted_fl,10,0.1750597133757961,0,13,None,66,1,5,False,1000,1000
12931,181,unweighted_fl,10,0.1781449044585987,0,13,None,66,1,5,False,1000,1000
12932,182,unweighted_fl,10,0.1825238853503184,0,13,None,66,1,5,False,1000,1000
12933,183,unweighted_fl,10,0.1869028662420382,0,13,None,66,1,5,False,1000,1000
12934,184,unweighted_fl,10,0.1926751592356688,0,13,None,66,1,5,False,1000,1000
12935,180,unweighted_fl,10,0.1695859872611465,0,12,None,66,1,5,False,1000,1000
12936,181,unweighted_fl,10,0.1708797770700637,0,12,None,66,1,5,False,1000,1000
12937,182,unweighted_fl,10,0.1728702229299363,0,12,None,66,1,5,False,1000,1000
12938,183,unweighted_fl,10,0.1758558917197452,0,12,None,66,1,5,False,1000,1000
12939,184,unweighted_fl,10,0.1800358280254777,0,12,None,66,1,5,False,1000,1000
12940,180,unweighted_fl,10,0.1943670382165605,0,14,None,66,1,5,False,1000,1000
12941,181,unweighted_fl,10,0.1954617834394904,0,14,None,66,1,5,False,1000,1000
12942,182,unweighted_fl,10,0.1954617834394904,0,14,None,66,1,5,False,1000,1000
12943,183,unweighted_fl,10,0.1957603503184713,0,14,None,66,1,5,False,1000,1000
12944,184,unweighted_fl,10,0.1965565286624203,0,14,None,66,1,5,False,1000,1000
12945,180,unweighted_fl,10,0.1739649681528662,0,16,None,66,1,5,False,1000,1000
12946,181,unweighted_fl,10,0.1765525477707006,0,16,None,66,1,5,False,1000,1000
12947,182,unweighted_fl,10,0.1773487261146497,0,16,None,66,1,5,False,1000,1000
12948,183,unweighted_fl,10,0.1776472929936305,0,16,None,66,1,5,False,1000,1000
12949,184,unweighted_fl,10,0.1801353503184713,0,16,None,66,1,5,False,1000,1000
12950,180,unweighted_fl,10,0.1757563694267516,0,17,None,66,1,5,False,1000,1000
12951,181,unweighted_fl,10,0.2270103503184713,0,17,None,66,1,5,False,1000,1000
12952,182,unweighted_fl,10,0.2030254777070063,0,17,None,66,1,5,False,1000,1000
12953,183,unweighted_fl,10,0.2025278662420382,0,17,None,66,1,5,False,1000,1000
12954,184,unweighted_fl,10,0.203125,0,17,None,66,1,5,False,1000,1000
12955,180,unweighted_fl,10,0.1733678343949044,0,15,None,66,1,5,False,1000,1000
12956,181,unweighted_fl,10,0.2007364649681528,0,15,None,66,1,5,False,1000,1000
12957,182,unweighted_fl,10,0.1970541401273885,0,15,None,66,1,5,False,1000,1000
12958,183,unweighted_fl,10,0.2023288216560509,0,15,None,66,1,5,False,1000,1000
12959,184,unweighted_fl,10,0.2072054140127388,0,15,None,66,1,5,False,1000,1000
12960,180,unweighted_fl,10,0.1728702229299363,0,19,None,66,1,5,False,1000,1000
12961,181,unweighted_fl,10,0.1840167197452229,0,19,None,66,1,5,False,1000,1000
12962,182,unweighted_fl,10,0.1902866242038216,0,19,None,66,1,5,False,1000,1000
12963,183,unweighted_fl,10,0.1861066878980891,0,19,None,66,1,5,False,1000,1000
12964,184,unweighted_fl,10,0.1785429936305732,0,19,None,66,1,5,False,1000,1000
12965,180,unweighted_fl,10,0.1689888535031847,0,18,None,66,1,5,False,1000,1000
12966,181,unweighted_fl,10,0.1916799363057325,0,18,None,66,1,5,False,1000,1000
12967,182,unweighted_fl,10,0.1936703821656051,0,18,None,66,1,5,False,1000,1000
12968,183,unweighted_fl,10,0.1964570063694267,0,18,None,66,1,5,False,1000,1000
12969,184,unweighted_fl,10,0.1983479299363057,0,18,None,66,1,5,False,1000,1000
12970,180,unweighted_fl,10,0.1677945859872611,0,21,None,66,1,5,False,1000,1000
12971,181,unweighted_fl,10,0.1575437898089172,0,21,None,66,1,5,False,1000,1000
12972,182,unweighted_fl,10,0.1760549363057325,0,21,None,66,1,5,False,1000,1000
12973,183,unweighted_fl,10,0.1883957006369426,0,21,None,66,1,5,False,1000,1000
12974,184,unweighted_fl,10,0.2015326433121019,0,21,None,66,1,5,False,1000,1000
12975,180,unweighted_fl,10,0.1737659235668789,0,20,None,66,1,5,False,1000,1000
12976,181,unweighted_fl,10,0.2062101910828025,0,20,None,66,1,5,False,1000,1000
12977,182,unweighted_fl,10,0.1926751592356688,0,20,None,66,1,5,False,1000,1000
12978,183,unweighted_fl,10,0.1945660828025477,0,20,None,66,1,5,False,1000,1000
12979,184,unweighted_fl,10,0.1960589171974522,0,20,None,66,1,5,False,1000,1000
12980,180,unweighted_fl,10,0.1766520700636942,0,22,None,66,1,5,False,1000,1000
12981,181,unweighted_fl,10,0.1708797770700637,0,22,None,66,1,5,False,1000,1000
12982,182,unweighted_fl,10,0.163515127388535,0,22,None,66,1,5,False,1000,1000
12983,183,unweighted_fl,10,0.1638136942675159,0,22,None,66,1,5,False,1000,1000
12984,184,unweighted_fl,10,0.1512738853503184,0,22,None,66,1,5,False,1000,1000
12985,180,unweighted_fl,10,0.1705812101910828,0,23,None,66,1,5,False,1000,1000
12986,181,unweighted_fl,10,0.1710788216560509,0,23,None,66,1,5,False,1000,1000
12987,182,unweighted_fl,10,0.1798367834394904,0,23,None,66,1,5,False,1000,1000
12988,183,unweighted_fl,10,0.2087977707006369,0,23,None,66,1,5,False,1000,1000
12989,184,unweighted_fl,10,0.2064092356687898,0,23,None,66,1,5,False,1000,1000
12990,180,unweighted_fl,10,0.1738654458598726,0,24,None,66,1,5,False,1000,1000
12991,181,unweighted_fl,10,0.1892914012738853,0,24,None,66,1,5,False,1000,1000
12992,182,unweighted_fl,10,0.1797372611464968,0,24,None,66,1,5,False,1000,1000
12993,183,unweighted_fl,10,0.1788415605095541,0,24,None,66,1,5,False,1000,1000
12994,184,unweighted_fl,10,0.1817277070063694,0,24,None,66,1,5,False,1000,1000
12995,180,unweighted_fl,10,0.1759554140127388,0,26,None,66,1,5,False,1000,1000
12996,181,unweighted_fl,10,0.1758558917197452,0,26,None,66,1,5,False,1000,1000
12997,182,unweighted_fl,10,0.175358280254777,0,26,None,66,1,5,False,1000,1000
12998,183,unweighted_fl,10,0.1784434713375796,0,26,None,66,1,5,False,1000,1000
12999,184,unweighted_fl,10,0.2251194267515923,0,26,None,66,1,5,False,1000,1000
13000,180,unweighted_fl,10,0.1688893312101911,0,27,None,66,1,5,False,1000,1000
13001,181,unweighted_fl,10,0.1700835987261146,0,27,None,66,1,5,False,1000,1000
13002,182,unweighted_fl,10,0.1704816878980891,0,27,None,66,1,5,False,1000,1000
13003,183,unweighted_fl,10,0.1757563694267516,0,27,None,66,1,5,False,1000,1000
13004,184,unweighted_fl,10,0.1961584394904458,0,27,None,66,1,5,False,1000,1000
13005,180,unweighted_fl,10,0.1716759554140127,0,25,None,66,1,5,False,1000,1000
13006,181,unweighted_fl,10,0.1747611464968153,0,25,None,66,1,5,False,1000,1000
13007,182,unweighted_fl,10,0.1762539808917197,0,25,None,66,1,5,False,1000,1000
13008,183,unweighted_fl,10,0.1776472929936305,0,25,None,66,1,5,False,1000,1000
13009,184,unweighted_fl,10,0.1796377388535031,0,25,None,66,1,5,False,1000,1000
13010,180,unweighted_fl,10,0.1652070063694267,0,28,None,66,1,5,False,1000,1000
13011,181,unweighted_fl,10,0.179936305732484,0,28,None,66,1,5,False,1000,1000
13012,182,unweighted_fl,10,0.1850119426751592,0,28,None,66,1,5,False,1000,1000
13013,183,unweighted_fl,10,0.1932722929936305,0,28,None,66,1,5,False,1000,1000
13014,184,unweighted_fl,10,0.2022292993630573,0,28,None,66,1,5,False,1000,1000
13015,180,unweighted_fl,10,0.1683917197452229,0,29,None,66,1,5,False,1000,1000
13016,181,unweighted_fl,10,0.2093949044585987,0,29,None,66,1,5,False,1000,1000
13017,182,unweighted_fl,10,0.190187101910828,0,29,None,66,1,5,False,1000,1000
13018,183,unweighted_fl,10,0.1944665605095541,0,29,None,66,1,5,False,1000,1000
13019,184,unweighted_fl,10,0.1964570063694267,0,29,None,66,1,5,False,1000,1000
13020,180,unweighted_fl,10,0.1950636942675159,0,30,None,66,1,5,False,1000,1000
13021,181,unweighted_fl,10,0.1944665605095541,0,30,None,66,1,5,False,1000,1000
13022,182,unweighted_fl,10,0.1950636942675159,0,30,None,66,1,5,False,1000,1000
13023,183,unweighted_fl,10,0.1958598726114649,0,30,None,66,1,5,False,1000,1000
13024,184,unweighted_fl,10,0.1965565286624203,0,30,None,66,1,5,False,1000,1000
13025,180,unweighted_fl,10,0.1717754777070063,0,32,None,66,1,5,False,1000,1000
13026,181,unweighted_fl,10,0.171875,0,32,None,66,1,5,False,1000,1000
13027,182,unweighted_fl,10,0.1735668789808917,0,32,None,66,1,5,False,1000,1000
13028,183,unweighted_fl,10,0.1746616242038216,0,32,None,66,1,5,False,1000,1000
13029,184,unweighted_fl,10,0.1774482484076433,0,32,None,66,1,5,False,1000,1000
13030,180,unweighted_fl,10,0.1842157643312102,0,31,None,66,1,5,False,1000,1000
13031,181,unweighted_fl,10,0.1700835987261146,0,31,None,66,1,5,False,1000,1000
13032,182,unweighted_fl,10,0.1711783439490445,0,31,None,66,1,5,False,1000,1000
13033,183,unweighted_fl,10,0.1736664012738853,0,31,None,66,1,5,False,1000,1000
13034,184,unweighted_fl,10,0.1760549363057325,0,31,None,66,1,5,False,1000,1000
13035,185,unweighted_fl,10,0.1841162420382165,0,0,None,66,1,5,False,1000,1000
13036,186,unweighted_fl,10,0.1943670382165605,0,0,None,66,1,5,False,1000,1000
13037,187,unweighted_fl,10,0.2061106687898089,0,0,None,66,1,5,False,1000,1000
13038,188,unweighted_fl,10,0.2048168789808917,0,0,None,66,1,5,False,1000,1000
13039,189,unweighted_fl,10,0.2052149681528662,0,0,None,66,1,5,False,1000,1000
13040,185,unweighted_fl,10,0.1854100318471337,0,2,None,66,1,5,False,1000,1000
13041,186,unweighted_fl,10,0.1888933121019108,0,2,None,66,1,5,False,1000,1000
13042,187,unweighted_fl,10,0.2220342356687898,0,2,None,66,1,5,False,1000,1000
13043,188,unweighted_fl,10,0.2072054140127388,0,2,None,66,1,5,False,1000,1000
13044,189,unweighted_fl,10,0.2040207006369426,0,2,None,66,1,5,False,1000,1000
13045,185,unweighted_fl,10,0.1851114649681528,0,1,None,66,1,5,False,1000,1000
13046,186,unweighted_fl,10,0.1873009554140127,0,1,None,66,1,5,False,1000,1000
13047,187,unweighted_fl,10,0.2138734076433121,0,1,None,66,1,5,False,1000,1000
13048,188,unweighted_fl,10,0.2047173566878981,0,1,None,66,1,5,False,1000,1000
13049,189,unweighted_fl,10,0.2048168789808917,0,1,None,66,1,5,False,1000,1000
13050,185,unweighted_fl,10,0.1800358280254777,0,3,None,66,1,5,False,1000,1000
13051,186,unweighted_fl,10,0.182921974522293,0,3,None,66,1,5,False,1000,1000
13052,187,unweighted_fl,10,0.2385549363057325,0,3,None,66,1,5,False,1000,1000
13053,188,unweighted_fl,10,0.2105891719745223,0,3,None,66,1,5,False,1000,1000
13054,189,unweighted_fl,10,0.2075039808917197,0,3,None,66,1,5,False,1000,1000
13055,185,unweighted_fl,10,0.1853105095541401,0,4,None,66,1,5,False,1000,1000
13056,186,unweighted_fl,10,0.188296178343949,0,4,None,66,1,5,False,1000,1000
13057,187,unweighted_fl,10,0.192078025477707,0,4,None,66,1,5,False,1000,1000
13058,188,unweighted_fl,10,0.1934713375796178,0,4,None,66,1,5,False,1000,1000
13059,189,unweighted_fl,10,0.1964570063694267,0,4,None,66,1,5,False,1000,1000
13060,185,unweighted_fl,10,0.1841162420382165,0,5,None,66,1,5,False,1000,1000
13061,186,unweighted_fl,10,0.1874004777070063,0,5,None,66,1,5,False,1000,1000
13062,187,unweighted_fl,10,0.1912818471337579,0,5,None,66,1,5,False,1000,1000
13063,188,unweighted_fl,10,0.1978503184713375,0,5,None,66,1,5,False,1000,1000
13064,189,unweighted_fl,10,0.2053144904458598,0,5,None,66,1,5,False,1000,1000
13065,185,unweighted_fl,10,0.1839171974522293,0,7,None,66,1,5,False,1000,1000
13066,186,unweighted_fl,10,0.1853105095541401,0,7,None,66,1,5,False,1000,1000
13067,187,unweighted_fl,10,0.1893909235668789,0,7,None,66,1,5,False,1000,1000
13068,188,unweighted_fl,10,0.1949641719745223,0,7,None,66,1,5,False,1000,1000
13069,189,unweighted_fl,10,0.201234076433121,0,7,None,66,1,5,False,1000,1000
13070,185,unweighted_fl,10,0.1838176751592356,0,8,None,66,1,5,False,1000,1000
13071,186,unweighted_fl,10,0.1969546178343949,0,8,None,66,1,5,False,1000,1000
13072,187,unweighted_fl,10,0.1865047770700637,0,8,None,66,1,5,False,1000,1000
13073,188,unweighted_fl,10,0.1881966560509554,0,8,None,66,1,5,False,1000,1000
13074,189,unweighted_fl,10,0.1906847133757961,0,8,None,66,1,5,False,1000,1000
13075,185,unweighted_fl,10,0.1860071656050955,0,6,None,66,1,5,False,1000,1000
13076,186,unweighted_fl,10,0.1842157643312102,0,6,None,66,1,5,False,1000,1000
13077,187,unweighted_fl,10,0.230593152866242,0,6,None,66,1,5,False,1000,1000
13078,188,unweighted_fl,10,0.2035230891719745,0,6,None,66,1,5,False,1000,1000
13079,189,unweighted_fl,10,0.2038216560509554,0,6,None,66,1,5,False,1000,1000
13080,185,unweighted_fl,10,0.1827229299363057,0,9,None,66,1,5,False,1000,1000
13081,186,unweighted_fl,10,0.1831210191082802,0,9,None,66,1,5,False,1000,1000
13082,187,unweighted_fl,10,0.1857085987261146,0,9,None,66,1,5,False,1000,1000
13083,188,unweighted_fl,10,0.188296178343949,0,9,None,66,1,5,False,1000,1000
13084,189,unweighted_fl,10,0.1907842356687898,0,9,None,66,1,5,False,1000,1000
13085,185,unweighted_fl,10,0.1849124203821656,0,11,None,66,1,5,False,1000,1000
13086,186,unweighted_fl,10,0.1868033439490445,0,11,None,66,1,5,False,1000,1000
13087,187,unweighted_fl,10,0.1868033439490445,0,11,None,66,1,5,False,1000,1000
13088,188,unweighted_fl,10,0.1892914012738853,0,11,None,66,1,5,False,1000,1000
13089,189,unweighted_fl,10,0.1914808917197452,0,11,None,66,1,5,False,1000,1000
13090,185,unweighted_fl,10,0.1852109872611465,0,10,None,66,1,5,False,1000,1000
13091,186,unweighted_fl,10,0.2393511146496815,0,10,None,66,1,5,False,1000,1000
13092,187,unweighted_fl,10,0.2044187898089172,0,10,None,66,1,5,False,1000,1000
13093,188,unweighted_fl,10,0.2029259554140127,0,10,None,66,1,5,False,1000,1000
13094,189,unweighted_fl,10,0.2018312101910828,0,10,None,66,1,5,False,1000,1000
13095,185,unweighted_fl,10,0.1838176751592356,0,12,None,66,1,5,False,1000,1000
13096,186,unweighted_fl,10,0.1875995222929936,0,12,None,66,1,5,False,1000,1000
13097,187,unweighted_fl,10,0.1911823248407643,0,12,None,66,1,5,False,1000,1000
13098,188,unweighted_fl,10,0.1970541401273885,0,12,None,66,1,5,False,1000,1000
13099,189,unweighted_fl,10,0.2060111464968153,0,12,None,66,1,5,False,1000,1000
13100,185,unweighted_fl,10,0.1830214968152866,0,13,None,66,1,5,False,1000,1000
13101,186,unweighted_fl,10,0.1863057324840764,0,13,None,66,1,5,False,1000,1000
13102,187,unweighted_fl,10,0.2006369426751592,0,13,None,66,1,5,False,1000,1000
13103,188,unweighted_fl,10,0.1877985668789809,0,13,None,66,1,5,False,1000,1000
13104,189,unweighted_fl,10,0.1899880573248407,0,13,None,66,1,5,False,1000,1000
13105,185,unweighted_fl,10,0.2017316878980891,0,14,None,66,1,5,False,1000,1000
13106,186,unweighted_fl,10,0.1979498407643312,0,14,None,66,1,5,False,1000,1000
13107,187,unweighted_fl,10,0.1983479299363057,0,14,None,66,1,5,False,1000,1000
13108,188,unweighted_fl,10,0.2008359872611465,0,14,None,66,1,5,False,1000,1000
13109,189,unweighted_fl,10,0.2042197452229299,0,14,None,66,1,5,False,1000,1000
13110,185,unweighted_fl,10,0.1846138535031847,0,16,None,66,1,5,False,1000,1000
13111,186,unweighted_fl,10,0.1876990445859872,0,16,None,66,1,5,False,1000,1000
13112,187,unweighted_fl,10,0.1910828025477707,0,16,None,66,1,5,False,1000,1000
13113,188,unweighted_fl,10,0.1927746815286624,0,16,None,66,1,5,False,1000,1000
13114,189,unweighted_fl,10,0.1946656050955414,0,16,None,66,1,5,False,1000,1000
13115,185,unweighted_fl,10,0.1858081210191083,0,17,None,66,1,5,False,1000,1000
13116,186,unweighted_fl,10,0.2256170382165605,0,17,None,66,1,5,False,1000,1000
13117,187,unweighted_fl,10,0.2045183121019108,0,17,None,66,1,5,False,1000,1000
13118,188,unweighted_fl,10,0.2064092356687898,0,17,None,66,1,5,False,1000,1000
13119,189,unweighted_fl,10,0.2063097133757961,0,17,None,66,1,5,False,1000,1000
13120,185,unweighted_fl,10,0.1867038216560509,0,15,None,66,1,5,False,1000,1000
13121,186,unweighted_fl,10,0.1888933121019108,0,15,None,66,1,5,False,1000,1000
13122,187,unweighted_fl,10,0.2193471337579617,0,15,None,66,1,5,False,1000,1000
13123,188,unweighted_fl,10,0.2064092356687898,0,15,None,66,1,5,False,1000,1000
13124,189,unweighted_fl,10,0.2073049363057325,0,15,None,66,1,5,False,1000,1000
13125,185,unweighted_fl,10,0.1839171974522293,0,18,None,66,1,5,False,1000,1000
13126,186,unweighted_fl,10,0.2196457006369426,0,18,None,66,1,5,False,1000,1000
13127,187,unweighted_fl,10,0.2029259554140127,0,18,None,66,1,5,False,1000,1000
13128,188,unweighted_fl,10,0.2041202229299363,0,18,None,66,1,5,False,1000,1000
13129,189,unweighted_fl,10,0.2089968152866242,0,18,None,66,1,5,False,1000,1000
13130,185,unweighted_fl,10,0.1869028662420382,0,20,None,66,1,5,False,1000,1000
13131,186,unweighted_fl,10,0.2019307324840764,0,20,None,66,1,5,False,1000,1000
13132,187,unweighted_fl,10,0.1997412420382165,0,20,None,66,1,5,False,1000,1000
13133,188,unweighted_fl,10,0.1996417197452229,0,20,None,66,1,5,False,1000,1000
13134,189,unweighted_fl,10,0.2002388535031847,0,20,None,66,1,5,False,1000,1000
13135,185,unweighted_fl,10,0.1851114649681528,0,19,None,66,1,5,False,1000,1000
13136,186,unweighted_fl,10,0.1990445859872611,0,19,None,66,1,5,False,1000,1000
13137,187,unweighted_fl,10,0.1885947452229299,0,19,None,66,1,5,False,1000,1000
13138,188,unweighted_fl,10,0.1898885350318471,0,19,None,66,1,5,False,1000,1000
13139,189,unweighted_fl,10,0.192078025477707,0,19,None,66,1,5,False,1000,1000
13140,185,unweighted_fl,10,0.1850119426751592,0,21,None,66,1,5,False,1000,1000
13141,186,unweighted_fl,10,0.1919785031847133,0,21,None,66,1,5,False,1000,1000
13142,187,unweighted_fl,10,0.2092953821656051,0,21,None,66,1,5,False,1000,1000
13143,188,unweighted_fl,10,0.2104896496815286,0,21,None,66,1,5,False,1000,1000
13144,189,unweighted_fl,10,0.2126791401273885,0,21,None,66,1,5,False,1000,1000
13145,185,unweighted_fl,10,0.1873009554140127,0,22,None,66,1,5,False,1000,1000
13146,186,unweighted_fl,10,0.1875995222929936,0,22,None,66,1,5,False,1000,1000
13147,187,unweighted_fl,10,0.1904856687898089,0,22,None,66,1,5,False,1000,1000
13148,188,unweighted_fl,10,0.1912818471337579,0,22,None,66,1,5,False,1000,1000
13149,189,unweighted_fl,10,0.197452229299363,0,22,None,66,1,5,False,1000,1000
13150,185,unweighted_fl,10,0.1848128980891719,0,23,None,66,1,5,False,1000,1000
13151,186,unweighted_fl,10,0.1872014331210191,0,23,None,66,1,5,False,1000,1000
13152,187,unweighted_fl,10,0.2035230891719745,0,23,None,66,1,5,False,1000,1000
13153,188,unweighted_fl,10,0.2140724522292993,0,23,None,66,1,5,False,1000,1000
13154,189,unweighted_fl,10,0.2125796178343949,0,23,None,66,1,5,False,1000,1000
13155,185,unweighted_fl,10,0.1804339171974522,0,25,None,66,1,5,False,1000,1000
13156,186,unweighted_fl,10,0.1835191082802547,0,25,None,66,1,5,False,1000,1000
13157,187,unweighted_fl,10,0.1873009554140127,0,25,None,66,1,5,False,1000,1000
13158,188,unweighted_fl,10,0.190187101910828,0,25,None,66,1,5,False,1000,1000
13159,189,unweighted_fl,10,0.1939689490445859,0,25,None,66,1,5,False,1000,1000
13160,185,unweighted_fl,10,0.183718152866242,0,24,None,66,1,5,False,1000,1000
13161,186,unweighted_fl,10,0.1851114649681528,0,24,None,66,1,5,False,1000,1000
13162,187,unweighted_fl,10,0.1888933121019108,0,24,None,66,1,5,False,1000,1000
13163,188,unweighted_fl,10,0.1918789808917197,0,24,None,66,1,5,False,1000,1000
13164,189,unweighted_fl,10,0.1939689490445859,0,24,None,66,1,5,False,1000,1000
13165,185,unweighted_fl,10,0.1855095541401273,0,26,None,66,1,5,False,1000,1000
13166,186,unweighted_fl,10,0.1874004777070063,0,26,None,66,1,5,False,1000,1000
13167,187,unweighted_fl,10,0.1904856687898089,0,26,None,66,1,5,False,1000,1000
13168,188,unweighted_fl,10,0.2119824840764331,0,26,None,66,1,5,False,1000,1000
13169,189,unweighted_fl,10,0.2182523885350318,0,26,None,66,1,5,False,1000,1000
13170,185,unweighted_fl,10,0.1844148089171974,0,28,None,66,1,5,False,1000,1000
13171,186,unweighted_fl,10,0.2102906050955414,0,28,None,66,1,5,False,1000,1000
13172,187,unweighted_fl,10,0.2072054140127388,0,28,None,66,1,5,False,1000,1000
13173,188,unweighted_fl,10,0.2076035031847133,0,28,None,66,1,5,False,1000,1000
13174,189,unweighted_fl,10,0.2091958598726114,0,28,None,66,1,5,False,1000,1000
13175,185,unweighted_fl,10,0.1802348726114649,0,27,None,66,1,5,False,1000,1000
13176,186,unweighted_fl,10,0.1826234076433121,0,27,None,66,1,5,False,1000,1000
13177,187,unweighted_fl,10,0.185609076433121,0,27,None,66,1,5,False,1000,1000
13178,188,unweighted_fl,10,0.190187101910828,0,27,None,66,1,5,False,1000,1000
13179,189,unweighted_fl,10,0.2217356687898089,0,27,None,66,1,5,False,1000,1000
13180,185,unweighted_fl,10,0.1840167197452229,0,29,None,66,1,5,False,1000,1000
13181,186,unweighted_fl,10,0.2201433121019108,0,29,None,66,1,5,False,1000,1000
13182,187,unweighted_fl,10,0.2038216560509554,0,29,None,66,1,5,False,1000,1000
13183,188,unweighted_fl,10,0.2045183121019108,0,29,None,66,1,5,False,1000,1000
13184,189,unweighted_fl,10,0.2064092356687898,0,29,None,66,1,5,False,1000,1000
13185,185,unweighted_fl,10,0.1781449044585987,0,31,None,66,1,5,False,1000,1000
13186,186,unweighted_fl,10,0.1816281847133758,0,31,None,66,1,5,False,1000,1000
13187,187,unweighted_fl,10,0.1853105095541401,0,31,None,66,1,5,False,1000,1000
13188,188,unweighted_fl,10,0.1893909235668789,0,31,None,66,1,5,False,1000,1000
13189,189,unweighted_fl,10,0.1921775477707006,0,31,None,66,1,5,False,1000,1000
13190,185,unweighted_fl,10,0.1812300955414012,0,32,None,66,1,5,False,1000,1000
13191,186,unweighted_fl,10,0.182921974522293,0,32,None,66,1,5,False,1000,1000
13192,187,unweighted_fl,10,0.1861066878980891,0,32,None,66,1,5,False,1000,1000
13193,188,unweighted_fl,10,0.1899880573248407,0,32,None,66,1,5,False,1000,1000
13194,189,unweighted_fl,10,0.1918789808917197,0,32,None,66,1,5,False,1000,1000
13195,185,unweighted_fl,10,0.1921775477707006,0,30,None,66,1,5,False,1000,1000
13196,186,unweighted_fl,10,0.2021297770700637,0,30,None,66,1,5,False,1000,1000
13197,187,unweighted_fl,10,0.1995421974522293,0,30,None,66,1,5,False,1000,1000
13198,188,unweighted_fl,10,0.1992436305732484,0,30,None,66,1,5,False,1000,1000
13199,189,unweighted_fl,10,0.1990445859872611,0,30,None,66,1,5,False,1000,1000
13200,190,unweighted_fl,10,0.1978503184713375,0,0,None,66,1,5,False,1000,1000
13201,191,unweighted_fl,10,0.2163614649681528,0,0,None,66,1,5,False,1000,1000
13202,192,unweighted_fl,10,0.2167595541401273,0,0,None,66,1,5,False,1000,1000
13203,193,unweighted_fl,10,0.2175557324840764,0,0,None,66,1,5,False,1000,1000
13204,194,unweighted_fl,10,0.2144705414012739,0,0,None,66,1,5,False,1000,1000
13205,190,unweighted_fl,10,0.1951632165605095,0,1,None,66,1,5,False,1000,1000
13206,191,unweighted_fl,10,0.2150676751592356,0,1,None,66,1,5,False,1000,1000
13207,192,unweighted_fl,10,0.205812101910828,0,1,None,66,1,5,False,1000,1000
13208,193,unweighted_fl,10,0.2040207006369426,0,1,None,66,1,5,False,1000,1000
13209,194,unweighted_fl,10,0.2068073248407643,0,1,None,66,1,5,False,1000,1000
13210,190,unweighted_fl,10,0.1967555732484076,0,2,None,66,1,5,False,1000,1000
13211,191,unweighted_fl,10,0.2177547770700637,0,2,None,66,1,5,False,1000,1000
13212,192,unweighted_fl,10,0.2078025477707006,0,2,None,66,1,5,False,1000,1000
13213,193,unweighted_fl,10,0.2108877388535031,0,2,None,66,1,5,False,1000,1000
13214,194,unweighted_fl,10,0.2140724522292993,0,2,None,66,1,5,False,1000,1000
13215,190,unweighted_fl,10,0.1954617834394904,0,3,None,66,1,5,False,1000,1000
13216,191,unweighted_fl,10,0.2322850318471337,0,3,None,66,1,5,False,1000,1000
13217,192,unweighted_fl,10,0.2171576433121019,0,3,None,66,1,5,False,1000,1000
13218,193,unweighted_fl,10,0.2201433121019108,0,3,None,66,1,5,False,1000,1000
13219,194,unweighted_fl,10,0.2196457006369426,0,3,None,66,1,5,False,1000,1000
13220,190,unweighted_fl,10,0.1953622611464968,0,4,None,66,1,5,False,1000,1000
13221,191,unweighted_fl,10,0.1967555732484076,0,4,None,66,1,5,False,1000,1000
13222,192,unweighted_fl,10,0.1984474522292993,0,4,None,66,1,5,False,1000,1000
13223,193,unweighted_fl,10,0.1997412420382165,0,4,None,66,1,5,False,1000,1000
13224,194,unweighted_fl,10,0.1995421974522293,0,4,None,66,1,5,False,1000,1000
13225,190,unweighted_fl,10,0.1963574840764331,0,6,None,66,1,5,False,1000,1000
13226,191,unweighted_fl,10,0.2401472929936305,0,6,None,66,1,5,False,1000,1000
13227,192,unweighted_fl,10,0.2208399681528662,0,6,None,66,1,5,False,1000,1000
13228,193,unweighted_fl,10,0.2517914012738853,0,6,None,66,1,5,False,1000,1000
13229,194,unweighted_fl,10,0.2046178343949044,0,6,None,66,1,5,False,1000,1000
13230,190,unweighted_fl,10,0.199343152866242,0,5,None,66,1,5,False,1000,1000
13231,191,unweighted_fl,10,0.2069068471337579,0,5,None,66,1,5,False,1000,1000
13232,192,unweighted_fl,10,0.1950636942675159,0,5,None,66,1,5,False,1000,1000
13233,193,unweighted_fl,10,0.1979498407643312,0,5,None,66,1,5,False,1000,1000
13234,194,unweighted_fl,10,0.1969546178343949,0,5,None,66,1,5,False,1000,1000
13235,190,unweighted_fl,10,0.198546974522293,0,7,None,66,1,5,False,1000,1000
13236,191,unweighted_fl,10,0.2036226114649681,0,7,None,66,1,5,False,1000,1000
13237,192,unweighted_fl,10,0.2125796178343949,0,7,None,66,1,5,False,1000,1000
13238,193,unweighted_fl,10,0.2211385350318471,0,7,None,66,1,5,False,1000,1000
13239,194,unweighted_fl,10,0.2240246815286624,0,7,None,66,1,5,False,1000,1000
13240,190,unweighted_fl,10,0.2114848726114649,0,8,None,66,1,5,False,1000,1000
13241,191,unweighted_fl,10,0.1951632165605095,0,8,None,66,1,5,False,1000,1000
13242,192,unweighted_fl,10,0.1961584394904458,0,8,None,66,1,5,False,1000,1000
13243,193,unweighted_fl,10,0.1960589171974522,0,8,None,66,1,5,False,1000,1000
13244,194,unweighted_fl,10,0.1987460191082802,0,8,None,66,1,5,False,1000,1000
13245,190,unweighted_fl,10,0.1943670382165605,0,9,None,66,1,5,False,1000,1000
13246,191,unweighted_fl,10,0.1943670382165605,0,9,None,66,1,5,False,1000,1000
13247,192,unweighted_fl,10,0.1949641719745223,0,9,None,66,1,5,False,1000,1000
13248,193,unweighted_fl,10,0.1949641719745223,0,9,None,66,1,5,False,1000,1000
13249,194,unweighted_fl,10,0.1956608280254777,0,9,None,66,1,5,False,1000,1000
13250,190,unweighted_fl,10,0.2387539808917197,0,10,None,66,1,5,False,1000,1000
13251,191,unweighted_fl,10,0.2062101910828025,0,10,None,66,1,5,False,1000,1000
13252,192,unweighted_fl,10,0.2041202229299363,0,10,None,66,1,5,False,1000,1000
13253,193,unweighted_fl,10,0.2049164012738853,0,10,None,66,1,5,False,1000,1000
13254,194,unweighted_fl,10,0.2044187898089172,0,10,None,66,1,5,False,1000,1000
13255,190,unweighted_fl,10,0.1952627388535031,0,11,None,66,1,5,False,1000,1000
13256,191,unweighted_fl,10,0.1971536624203821,0,11,None,66,1,5,False,1000,1000
13257,192,unweighted_fl,10,0.2016321656050955,0,11,None,66,1,5,False,1000,1000
13258,193,unweighted_fl,10,0.203125,0,11,None,66,1,5,False,1000,1000
13259,194,unweighted_fl,10,0.2054140127388535,0,11,None,66,1,5,False,1000,1000
13260,190,unweighted_fl,10,0.1963574840764331,0,12,None,66,1,5,False,1000,1000
13261,191,unweighted_fl,10,0.201234076433121,0,12,None,66,1,5,False,1000,1000
13262,192,unweighted_fl,10,0.2083001592356688,0,12,None,66,1,5,False,1000,1000
13263,193,unweighted_fl,10,0.2136743630573248,0,12,None,66,1,5,False,1000,1000
13264,194,unweighted_fl,10,0.2132762738853503,0,12,None,66,1,5,False,1000,1000
13265,190,unweighted_fl,10,0.2076035031847133,0,13,None,66,1,5,False,1000,1000
13266,191,unweighted_fl,10,0.1929737261146497,0,13,None,66,1,5,False,1000,1000
13267,192,unweighted_fl,10,0.1933718152866242,0,13,None,66,1,5,False,1000,1000
13268,193,unweighted_fl,10,0.1934713375796178,0,13,None,66,1,5,False,1000,1000
13269,194,unweighted_fl,10,0.1938694267515923,0,13,None,66,1,5,False,1000,1000
13270,190,unweighted_fl,10,0.1976512738853503,0,15,None,66,1,5,False,1000,1000
13271,191,unweighted_fl,10,0.2192476114649681,0,15,None,66,1,5,False,1000,1000
13272,192,unweighted_fl,10,0.2102906050955414,0,15,None,66,1,5,False,1000,1000
13273,193,unweighted_fl,10,0.2087977707006369,0,15,None,66,1,5,False,1000,1000
13274,194,unweighted_fl,10,0.2110867834394904,0,15,None,66,1,5,False,1000,1000
13275,190,unweighted_fl,10,0.195561305732484,0,16,None,66,1,5,False,1000,1000
13276,191,unweighted_fl,10,0.1963574840764331,0,16,None,66,1,5,False,1000,1000
13277,192,unweighted_fl,10,0.1964570063694267,0,16,None,66,1,5,False,1000,1000
13278,193,unweighted_fl,10,0.1992436305732484,0,16,None,66,1,5,False,1000,1000
13279,194,unweighted_fl,10,0.1980493630573248,0,16,None,66,1,5,False,1000,1000
13280,190,unweighted_fl,10,0.2036226114649681,0,14,None,66,1,5,False,1000,1000
13281,191,unweighted_fl,10,0.2035230891719745,0,14,None,66,1,5,False,1000,1000
13282,192,unweighted_fl,10,0.2167595541401273,0,14,None,66,1,5,False,1000,1000
13283,193,unweighted_fl,10,0.2358678343949044,0,14,None,66,1,5,False,1000,1000
13284,194,unweighted_fl,10,0.2175557324840764,0,14,None,66,1,5,False,1000,1000
13285,190,unweighted_fl,10,0.2047173566878981,0,17,None,66,1,5,False,1000,1000
13286,191,unweighted_fl,10,0.2126791401273885,0,17,None,66,1,5,False,1000,1000
13287,192,unweighted_fl,10,0.2144705414012739,0,17,None,66,1,5,False,1000,1000
13288,193,unweighted_fl,10,0.2171576433121019,0,17,None,66,1,5,False,1000,1000
13289,194,unweighted_fl,10,0.213077229299363,0,17,None,66,1,5,False,1000,1000
13290,190,unweighted_fl,10,0.1992436305732484,0,18,None,66,1,5,False,1000,1000
13291,191,unweighted_fl,10,0.2147691082802547,0,18,None,66,1,5,False,1000,1000
13292,192,unweighted_fl,10,0.2143710191082802,0,18,None,66,1,5,False,1000,1000
13293,193,unweighted_fl,10,0.2094944267515923,0,18,None,66,1,5,False,1000,1000
13294,194,unweighted_fl,10,0.2014331210191083,0,18,None,66,1,5,False,1000,1000
13295,190,unweighted_fl,10,0.2090963375796178,0,19,None,66,1,5,False,1000,1000
13296,191,unweighted_fl,10,0.1960589171974522,0,19,None,66,1,5,False,1000,1000
13297,192,unweighted_fl,10,0.1959593949044586,0,19,None,66,1,5,False,1000,1000
13298,193,unweighted_fl,10,0.1984474522292993,0,19,None,66,1,5,False,1000,1000
13299,194,unweighted_fl,10,0.1982484076433121,0,19,None,66,1,5,False,1000,1000
13300,190,unweighted_fl,10,0.1995421974522293,0,20,None,66,1,5,False,1000,1000
13301,191,unweighted_fl,10,0.2051154458598726,0,20,None,66,1,5,False,1000,1000
13302,192,unweighted_fl,10,0.2028264331210191,0,20,None,66,1,5,False,1000,1000
13303,193,unweighted_fl,10,0.2045183121019108,0,20,None,66,1,5,False,1000,1000
13304,194,unweighted_fl,10,0.203921178343949,0,20,None,66,1,5,False,1000,1000
13305,190,unweighted_fl,10,0.1976512738853503,0,21,None,66,1,5,False,1000,1000
13306,191,unweighted_fl,10,0.2292993630573248,0,21,None,66,1,5,False,1000,1000
13307,192,unweighted_fl,10,0.2158638535031847,0,21,None,66,1,5,False,1000,1000
13308,193,unweighted_fl,10,0.2167595541401273,0,21,None,66,1,5,False,1000,1000
13309,194,unweighted_fl,10,0.2163614649681528,0,21,None,66,1,5,False,1000,1000
13310,190,unweighted_fl,10,0.1992436305732484,0,22,None,66,1,5,False,1000,1000
13311,191,unweighted_fl,10,0.2036226114649681,0,22,None,66,1,5,False,1000,1000
13312,192,unweighted_fl,10,0.210390127388535,0,22,None,66,1,5,False,1000,1000
13313,193,unweighted_fl,10,0.2048168789808917,0,22,None,66,1,5,False,1000,1000
13314,194,unweighted_fl,10,0.1986464968152866,0,22,None,66,1,5,False,1000,1000
13315,190,unweighted_fl,10,0.1999402866242038,0,23,None,66,1,5,False,1000,1000
13316,191,unweighted_fl,10,0.2178542993630573,0,23,None,66,1,5,False,1000,1000
13317,192,unweighted_fl,10,0.2186504777070063,0,23,None,66,1,5,False,1000,1000
13318,193,unweighted_fl,10,0.2192476114649681,0,23,None,66,1,5,False,1000,1000
13319,194,unweighted_fl,10,0.2205414012738853,0,23,None,66,1,5,False,1000,1000
13320,190,unweighted_fl,10,0.1957603503184713,0,24,None,66,1,5,False,1000,1000
13321,191,unweighted_fl,10,0.195561305732484,0,24,None,66,1,5,False,1000,1000
13322,192,unweighted_fl,10,0.1976512738853503,0,24,None,66,1,5,False,1000,1000
13323,193,unweighted_fl,10,0.1976512738853503,0,24,None,66,1,5,False,1000,1000
13324,194,unweighted_fl,10,0.2004378980891719,0,24,None,66,1,5,False,1000,1000
13325,190,unweighted_fl,10,0.1963574840764331,0,25,None,66,1,5,False,1000,1000
13326,191,unweighted_fl,10,0.1975517515923567,0,25,None,66,1,5,False,1000,1000
13327,192,unweighted_fl,10,0.2002388535031847,0,25,None,66,1,5,False,1000,1000
13328,193,unweighted_fl,10,0.2026273885350318,0,25,None,66,1,5,False,1000,1000
13329,194,unweighted_fl,10,0.2054140127388535,0,25,None,66,1,5,False,1000,1000
13330,190,unweighted_fl,10,0.1984474522292993,0,26,None,66,1,5,False,1000,1000
13331,191,unweighted_fl,10,0.2016321656050955,0,26,None,66,1,5,False,1000,1000
13332,192,unweighted_fl,10,0.2216361464968153,0,26,None,66,1,5,False,1000,1000
13333,193,unweighted_fl,10,0.2210390127388535,0,26,None,66,1,5,False,1000,1000
13334,194,unweighted_fl,10,0.2203423566878981,0,26,None,66,1,5,False,1000,1000
13335,190,unweighted_fl,10,0.1945660828025477,0,27,None,66,1,5,False,1000,1000
13336,191,unweighted_fl,10,0.1953622611464968,0,27,None,66,1,5,False,1000,1000
13337,192,unweighted_fl,10,0.2448248407643312,0,27,None,66,1,5,False,1000,1000
13338,193,unweighted_fl,10,0.2112858280254777,0,27,None,66,1,5,False,1000,1000
13339,194,unweighted_fl,10,0.2090963375796178,0,27,None,66,1,5,False,1000,1000
13340,190,unweighted_fl,10,0.214171974522293,0,28,None,66,1,5,False,1000,1000
13341,191,unweighted_fl,10,0.2062101910828025,0,28,None,66,1,5,False,1000,1000
13342,192,unweighted_fl,10,0.2083996815286624,0,28,None,66,1,5,False,1000,1000
13343,193,unweighted_fl,10,0.2104896496815286,0,28,None,66,1,5,False,1000,1000
13344,194,unweighted_fl,10,0.2147691082802547,0,28,None,66,1,5,False,1000,1000
13345,190,unweighted_fl,10,0.1960589171974522,0,29,None,66,1,5,False,1000,1000
13346,191,unweighted_fl,10,0.2117834394904458,0,29,None,66,1,5,False,1000,1000
13347,192,unweighted_fl,10,0.2112858280254777,0,29,None,66,1,5,False,1000,1000
13348,193,unweighted_fl,10,0.2162619426751592,0,29,None,66,1,5,False,1000,1000
13349,194,unweighted_fl,10,0.2199442675159235,0,29,None,66,1,5,False,1000,1000
13350,190,unweighted_fl,10,0.2096934713375796,0,30,None,66,1,5,False,1000,1000
13351,191,unweighted_fl,10,0.2004378980891719,0,30,None,66,1,5,False,1000,1000
13352,192,unweighted_fl,10,0.2008359872611465,0,30,None,66,1,5,False,1000,1000
13353,193,unweighted_fl,10,0.2000398089171974,0,30,None,66,1,5,False,1000,1000
13354,194,unweighted_fl,10,0.2010350318471337,0,30,None,66,1,5,False,1000,1000
13355,190,unweighted_fl,10,0.1936703821656051,0,31,None,66,1,5,False,1000,1000
13356,191,unweighted_fl,10,0.1938694267515923,0,31,None,66,1,5,False,1000,1000
13357,192,unweighted_fl,10,0.1945660828025477,0,31,None,66,1,5,False,1000,1000
13358,193,unweighted_fl,10,0.1953622611464968,0,31,None,66,1,5,False,1000,1000
13359,194,unweighted_fl,10,0.1963574840764331,0,31,None,66,1,5,False,1000,1000
13360,190,unweighted_fl,10,0.1962579617834395,0,32,None,66,1,5,False,1000,1000
13361,191,unweighted_fl,10,0.196656050955414,0,32,None,66,1,5,False,1000,1000
13362,192,unweighted_fl,10,0.1980493630573248,0,32,None,66,1,5,False,1000,1000
13363,193,unweighted_fl,10,0.2022292993630573,0,32,None,66,1,5,False,1000,1000
13364,194,unweighted_fl,10,0.2013335987261146,0,32,None,66,1,5,False,1000,1000
13365,195,unweighted_fl,10,0.2183519108280254,0,0,None,66,1,5,False,1000,1000
13366,196,unweighted_fl,10,0.2204418789808917,0,0,None,66,1,5,False,1000,1000
13367,197,unweighted_fl,10,0.2207404458598726,0,0,None,66,1,5,False,1000,1000
13368,198,unweighted_fl,10,0.2194466560509554,0,0,None,66,1,5,False,1000,1000
13369,199,unweighted_fl,10,0.2201433121019108,0,0,None,66,1,5,False,1000,1000
13370,195,unweighted_fl,10,0.2094944267515923,0,1,None,66,1,5,False,1000,1000
13371,196,unweighted_fl,10,0.2067078025477707,0,1,None,66,1,5,False,1000,1000
13372,197,unweighted_fl,10,0.2067078025477707,0,1,None,66,1,5,False,1000,1000
13373,198,unweighted_fl,10,0.2096934713375796,0,1,None,66,1,5,False,1000,1000
13374,199,unweighted_fl,10,0.2114848726114649,0,1,None,66,1,5,False,1000,1000
13375,195,unweighted_fl,10,0.21875,0,2,None,66,1,5,False,1000,1000
13376,196,unweighted_fl,10,0.21765525477707,0,2,None,66,1,5,False,1000,1000
13377,197,unweighted_fl,10,0.2225318471337579,0,2,None,66,1,5,False,1000,1000
13378,198,unweighted_fl,10,0.2282046178343949,0,2,None,66,1,5,False,1000,1000
13379,199,unweighted_fl,10,0.2307921974522293,0,2,None,66,1,5,False,1000,1000
13380,195,unweighted_fl,10,0.2235270700636942,0,3,None,66,1,5,False,1000,1000
13381,196,unweighted_fl,10,0.2264132165605095,0,3,None,66,1,5,False,1000,1000
13382,197,unweighted_fl,10,0.2267117834394904,0,3,None,66,1,5,False,1000,1000
13383,198,unweighted_fl,10,0.2274084394904458,0,3,None,66,1,5,False,1000,1000
13384,199,unweighted_fl,10,0.2275079617834395,0,3,None,66,1,5,False,1000,1000
13385,195,unweighted_fl,10,0.2004378980891719,0,4,None,66,1,5,False,1000,1000
13386,196,unweighted_fl,10,0.2044187898089172,0,4,None,66,1,5,False,1000,1000
13387,197,unweighted_fl,10,0.2071058917197452,0,4,None,66,1,5,False,1000,1000
13388,198,unweighted_fl,10,0.2095939490445859,0,4,None,66,1,5,False,1000,1000
13389,199,unweighted_fl,10,0.2121815286624203,0,4,None,66,1,5,False,1000,1000
13390,195,unweighted_fl,10,0.2438296178343949,0,6,None,66,1,5,False,1000,1000
13391,196,unweighted_fl,10,0.2457205414012739,0,6,None,66,1,5,False,1000,1000
13392,197,unweighted_fl,10,0.2026273885350318,0,6,None,66,1,5,False,1000,1000
13393,198,unweighted_fl,10,0.2022292993630573,0,6,None,66,1,5,False,1000,1000
13394,199,unweighted_fl,10,0.2022292993630573,0,6,None,66,1,5,False,1000,1000
13395,195,unweighted_fl,10,0.1980493630573248,0,5,None,66,1,5,False,1000,1000
13396,196,unweighted_fl,10,0.2008359872611465,0,5,None,66,1,5,False,1000,1000
13397,197,unweighted_fl,10,0.2027269108280254,0,5,None,66,1,5,False,1000,1000
13398,198,unweighted_fl,10,0.2032245222929936,0,5,None,66,1,5,False,1000,1000
13399,199,unweighted_fl,10,0.2046178343949044,0,5,None,66,1,5,False,1000,1000
13400,195,unweighted_fl,10,0.2083996815286624,0,7,None,66,1,5,False,1000,1000
13401,196,unweighted_fl,10,0.2224323248407643,0,7,None,66,1,5,False,1000,1000
13402,197,unweighted_fl,10,0.2292993630573248,0,7,None,66,1,5,False,1000,1000
13403,198,unweighted_fl,10,0.2319864649681528,0,7,None,66,1,5,False,1000,1000
13404,199,unweighted_fl,10,0.2325835987261146,0,7,None,66,1,5,False,1000,1000
13405,195,unweighted_fl,10,0.1992436305732484,0,9,None,66,1,5,False,1000,1000
13406,196,unweighted_fl,10,0.1998407643312102,0,9,None,66,1,5,False,1000,1000
13407,197,unweighted_fl,10,0.2028264331210191,0,9,None,66,1,5,False,1000,1000
13408,198,unweighted_fl,10,0.2045183121019108,0,9,None,66,1,5,False,1000,1000
13409,199,unweighted_fl,10,0.2052149681528662,0,9,None,66,1,5,False,1000,1000
13410,195,unweighted_fl,10,0.1992436305732484,0,8,None,66,1,5,False,1000,1000
13411,196,unweighted_fl,10,0.1995421974522293,0,8,None,66,1,5,False,1000,1000
13412,197,unweighted_fl,10,0.2008359872611465,0,8,None,66,1,5,False,1000,1000
13413,198,unweighted_fl,10,0.2034235668789809,0,8,None,66,1,5,False,1000,1000
13414,199,unweighted_fl,10,0.2052149681528662,0,8,None,66,1,5,False,1000,1000
13415,195,unweighted_fl,10,0.2071058917197452,0,10,None,66,1,5,False,1000,1000
13416,196,unweighted_fl,10,0.2034235668789809,0,10,None,66,1,5,False,1000,1000
13417,197,unweighted_fl,10,0.203921178343949,0,10,None,66,1,5,False,1000,1000
13418,198,unweighted_fl,10,0.2047173566878981,0,10,None,66,1,5,False,1000,1000
13419,199,unweighted_fl,10,0.2057125796178344,0,10,None,66,1,5,False,1000,1000
13420,195,unweighted_fl,10,0.2387539808917197,0,11,None,66,1,5,False,1000,1000
13421,196,unweighted_fl,10,0.2411425159235669,0,11,None,66,1,5,False,1000,1000
13422,197,unweighted_fl,10,0.2478105095541401,0,11,None,66,1,5,False,1000,1000
13423,198,unweighted_fl,10,0.2538813694267516,0,11,None,66,1,5,False,1000,1000
13424,199,unweighted_fl,10,0.2630374203821656,0,11,None,66,1,5,False,1000,1000
13425,195,unweighted_fl,10,0.2355692675159235,0,12,None,66,1,5,False,1000,1000
13426,196,unweighted_fl,10,0.2529856687898089,0,12,None,66,1,5,False,1000,1000
13427,197,unweighted_fl,10,0.2573646496815286,0,12,None,66,1,5,False,1000,1000
13428,198,unweighted_fl,10,0.2521894904458598,0,12,None,66,1,5,False,1000,1000
13429,199,unweighted_fl,10,0.235171178343949,0,12,None,66,1,5,False,1000,1000
13430,195,unweighted_fl,10,0.2327826433121019,0,13,None,66,1,5,False,1000,1000
13431,196,unweighted_fl,10,0.2394506369426751,0,13,None,66,1,5,False,1000,1000
13432,197,unweighted_fl,10,0.2377587579617834,0,13,None,66,1,5,False,1000,1000
13433,198,unweighted_fl,10,0.2299960191082802,0,13,None,66,1,5,False,1000,1000
13434,199,unweighted_fl,10,0.2134753184713375,0,13,None,66,1,5,False,1000,1000
13435,195,unweighted_fl,10,0.2132762738853503,0,14,None,66,1,5,False,1000,1000
13436,196,unweighted_fl,10,0.237858280254777,0,14,None,66,1,5,False,1000,1000
13437,197,unweighted_fl,10,0.2263136942675159,0,14,None,66,1,5,False,1000,1000
13438,198,unweighted_fl,10,0.2086982484076433,0,14,None,66,1,5,False,1000,1000
13439,199,unweighted_fl,10,0.2092953821656051,0,14,None,66,1,5,False,1000,1000
13440,195,unweighted_fl,10,0.2124800955414012,0,15,None,66,1,5,False,1000,1000
13441,196,unweighted_fl,10,0.213077229299363,0,15,None,66,1,5,False,1000,1000
13442,197,unweighted_fl,10,0.2145700636942675,0,15,None,66,1,5,False,1000,1000
13443,198,unweighted_fl,10,0.216859076433121,0,15,None,66,1,5,False,1000,1000
13444,199,unweighted_fl,10,0.21875,0,15,None,66,1,5,False,1000,1000
13445,195,unweighted_fl,10,0.1991441082802547,0,16,None,66,1,5,False,1000,1000
13446,196,unweighted_fl,10,0.2007364649681528,0,16,None,66,1,5,False,1000,1000
13447,197,unweighted_fl,10,0.2034235668789809,0,16,None,66,1,5,False,1000,1000
13448,198,unweighted_fl,10,0.2057125796178344,0,16,None,66,1,5,False,1000,1000
13449,199,unweighted_fl,10,0.2054140127388535,0,16,None,66,1,5,False,1000,1000
13450,195,unweighted_fl,10,0.2207404458598726,0,18,None,66,1,5,False,1000,1000
13451,196,unweighted_fl,10,0.2156648089171974,0,18,None,66,1,5,False,1000,1000
13452,197,unweighted_fl,10,0.2083001592356688,0,18,None,66,1,5,False,1000,1000
13453,198,unweighted_fl,10,0.2079020700636942,0,18,None,66,1,5,False,1000,1000
13454,199,unweighted_fl,10,0.2096934713375796,0,18,None,66,1,5,False,1000,1000
13455,195,unweighted_fl,10,0.1980493630573248,0,19,None,66,1,5,False,1000,1000
13456,196,unweighted_fl,10,0.1994426751592356,0,19,None,66,1,5,False,1000,1000
13457,197,unweighted_fl,10,0.2017316878980891,0,19,None,66,1,5,False,1000,1000
13458,198,unweighted_fl,10,0.2040207006369426,0,19,None,66,1,5,False,1000,1000
13459,199,unweighted_fl,10,0.2030254777070063,0,19,None,66,1,5,False,1000,1000
13460,195,unweighted_fl,10,0.2200437898089172,0,17,None,66,1,5,False,1000,1000
13461,196,unweighted_fl,10,0.2208399681528662,0,17,None,66,1,5,False,1000,1000
13462,197,unweighted_fl,10,0.2177547770700637,0,17,None,66,1,5,False,1000,1000
13463,198,unweighted_fl,10,0.2121815286624203,0,17,None,66,1,5,False,1000,1000
13464,199,unweighted_fl,10,0.2123805732484076,0,17,None,66,1,5,False,1000,1000
13465,195,unweighted_fl,10,0.2069068471337579,0,20,None,66,1,5,False,1000,1000
13466,196,unweighted_fl,10,0.2052149681528662,0,20,None,66,1,5,False,1000,1000
13467,197,unweighted_fl,10,0.2051154458598726,0,20,None,66,1,5,False,1000,1000
13468,198,unweighted_fl,10,0.2071058917197452,0,20,None,66,1,5,False,1000,1000
13469,199,unweighted_fl,10,0.2057125796178344,0,20,None,66,1,5,False,1000,1000
13470,195,unweighted_fl,10,0.2129777070063694,0,22,None,66,1,5,False,1000,1000
13471,196,unweighted_fl,10,0.2011345541401273,0,22,None,66,1,5,False,1000,1000
13472,197,unweighted_fl,10,0.2029259554140127,0,22,None,66,1,5,False,1000,1000
13473,198,unweighted_fl,10,0.2030254777070063,0,22,None,66,1,5,False,1000,1000
13474,199,unweighted_fl,10,0.2051154458598726,0,22,None,66,1,5,False,1000,1000
13475,195,unweighted_fl,10,0.2512937898089172,0,23,None,66,1,5,False,1000,1000
13476,196,unweighted_fl,10,0.2223328025477707,0,23,None,66,1,5,False,1000,1000
13477,197,unweighted_fl,10,0.2229299363057325,0,23,None,66,1,5,False,1000,1000
13478,198,unweighted_fl,10,0.2257165605095541,0,23,None,66,1,5,False,1000,1000
13479,199,unweighted_fl,10,0.2283041401273885,0,23,None,66,1,5,False,1000,1000
13480,195,unweighted_fl,10,0.2207404458598726,0,21,None,66,1,5,False,1000,1000
13481,196,unweighted_fl,10,0.2160628980891719,0,21,None,66,1,5,False,1000,1000
13482,197,unweighted_fl,10,0.2108877388535031,0,21,None,66,1,5,False,1000,1000
13483,198,unweighted_fl,10,0.2094944267515923,0,21,None,66,1,5,False,1000,1000
13484,199,unweighted_fl,10,0.206608280254777,0,21,None,66,1,5,False,1000,1000
13485,195,unweighted_fl,10,0.203125,0,24,None,66,1,5,False,1000,1000
13486,196,unweighted_fl,10,0.2061106687898089,0,24,None,66,1,5,False,1000,1000
13487,197,unweighted_fl,10,0.2083001592356688,0,24,None,66,1,5,False,1000,1000
13488,198,unweighted_fl,10,0.2074044585987261,0,24,None,66,1,5,False,1000,1000
13489,199,unweighted_fl,10,0.2087977707006369,0,24,None,66,1,5,False,1000,1000
13490,195,unweighted_fl,10,0.2421377388535031,0,26,None,66,1,5,False,1000,1000
13491,196,unweighted_fl,10,0.2231289808917197,0,26,None,66,1,5,False,1000,1000
13492,197,unweighted_fl,10,0.2275079617834395,0,26,None,66,1,5,False,1000,1000
13493,198,unweighted_fl,10,0.2311902866242038,0,26,None,66,1,5,False,1000,1000
13494,199,unweighted_fl,10,0.2333797770700637,0,26,None,66,1,5,False,1000,1000
13495,195,unweighted_fl,10,0.245421974522293,0,27,None,66,1,5,False,1000,1000
13496,196,unweighted_fl,10,0.2134753184713375,0,27,None,66,1,5,False,1000,1000
13497,197,unweighted_fl,10,0.2140724522292993,0,27,None,66,1,5,False,1000,1000
13498,198,unweighted_fl,10,0.2129777070063694,0,27,None,66,1,5,False,1000,1000
13499,199,unweighted_fl,10,0.2123805732484076,0,27,None,66,1,5,False,1000,1000
13500,195,unweighted_fl,10,0.2049164012738853,0,25,None,66,1,5,False,1000,1000
13501,196,unweighted_fl,10,0.2109872611464968,0,25,None,66,1,5,False,1000,1000
13502,197,unweighted_fl,10,0.2133757961783439,0,25,None,66,1,5,False,1000,1000
13503,198,unweighted_fl,10,0.2167595541401273,0,25,None,66,1,5,False,1000,1000
13504,199,unweighted_fl,10,0.2218351910828025,0,25,None,66,1,5,False,1000,1000
13505,195,unweighted_fl,10,0.2116839171974522,0,28,None,66,1,5,False,1000,1000
13506,196,unweighted_fl,10,0.2121815286624203,0,28,None,66,1,5,False,1000,1000
13507,197,unweighted_fl,10,0.214968152866242,0,28,None,66,1,5,False,1000,1000
13508,198,unweighted_fl,10,0.2166600318471337,0,28,None,66,1,5,False,1000,1000
13509,199,unweighted_fl,10,0.2212380573248407,0,28,None,66,1,5,False,1000,1000
13510,195,unweighted_fl,10,0.2065087579617834,0,30,None,66,1,5,False,1000,1000
13511,196,unweighted_fl,10,0.203921178343949,0,30,None,66,1,5,False,1000,1000
13512,197,unweighted_fl,10,0.2050159235668789,0,30,None,66,1,5,False,1000,1000
13513,198,unweighted_fl,10,0.2061106687898089,0,30,None,66,1,5,False,1000,1000
13514,199,unweighted_fl,10,0.2069068471337579,0,30,None,66,1,5,False,1000,1000
13515,195,unweighted_fl,10,0.1990445859872611,0,31,None,66,1,5,False,1000,1000
13516,196,unweighted_fl,10,0.2007364649681528,0,31,None,66,1,5,False,1000,1000
13517,197,unweighted_fl,10,0.2025278662420382,0,31,None,66,1,5,False,1000,1000
13518,198,unweighted_fl,10,0.2026273885350318,0,31,None,66,1,5,False,1000,1000
13519,199,unweighted_fl,10,0.2023288216560509,0,31,None,66,1,5,False,1000,1000
13520,195,unweighted_fl,10,0.2124800955414012,0,29,None,66,1,5,False,1000,1000
13521,196,unweighted_fl,10,0.2172571656050955,0,29,None,66,1,5,False,1000,1000
13522,197,unweighted_fl,10,0.2229299363057325,0,29,None,66,1,5,False,1000,1000
13523,198,unweighted_fl,10,0.2265127388535031,0,29,None,66,1,5,False,1000,1000
13524,199,unweighted_fl,10,0.2273089171974522,0,29,None,66,1,5,False,1000,1000
13525,195,unweighted_fl,10,0.2027269108280254,0,32,None,66,1,5,False,1000,1000
13526,196,unweighted_fl,10,0.2053144904458598,0,32,None,66,1,5,False,1000,1000
13527,197,unweighted_fl,10,0.2090963375796178,0,32,None,66,1,5,False,1000,1000
13528,198,unweighted_fl,10,0.2106886942675159,0,32,None,66,1,5,False,1000,1000
13529,199,unweighted_fl,10,0.2121815286624203,0,32,None,66,1,5,False,1000,1000
0,0,random,10,0.0995222929936305,0,1,None,66,1,5,False,1000,1000
1,1,random,10,0.0995222929936305,0,1,None,66,1,5,False,1000,1000
2,2,random,10,0.1021098726114649,0,1,None,66,1,5,False,1000,1000
3,3,random,10,0.1522691082802547,0,1,None,66,1,5,False,1000,1000
4,4,random,10,0.176453025477707,0,1,None,66,1,5,False,1000,1000
5,0,random,10,0.2320859872611465,0,13,None,66,1,5,False,1000,1000
6,1,random,10,0.3603702229299363,0,13,None,66,1,5,False,1000,1000
7,2,random,10,0.4239649681528662,0,13,None,66,1,5,False,1000,1000
8,3,random,10,0.4538216560509554,0,13,None,66,1,5,False,1000,1000
9,4,random,10,0.4574044585987261,0,13,None,66,1,5,False,1000,1000
10,0,random,10,0.1931727707006369,0,16,None,66,1,5,False,1000,1000
11,1,random,10,0.2082006369426751,0,16,None,66,1,5,False,1000,1000
12,2,random,10,0.2213375796178344,0,16,None,66,1,5,False,1000,1000
13,3,random,10,0.245421974522293,0,16,None,66,1,5,False,1000,1000
14,4,random,10,0.2723925159235669,0,16,None,66,1,5,False,1000,1000
15,0,random,10,0.2067078025477707,0,8,None,66,1,5,False,1000,1000
16,1,random,10,0.192078025477707,0,8,None,66,1,5,False,1000,1000
17,2,random,10,0.2163614649681528,0,8,None,66,1,5,False,1000,1000
18,3,random,10,0.2786624203821656,0,8,None,66,1,5,False,1000,1000
19,4,random,10,0.3228503184713376,0,8,None,66,1,5,False,1000,1000
20,0,random,10,0.1436106687898089,0,14,None,66,1,5,False,1000,1000
21,1,random,10,0.2236265923566879,0,14,None,66,1,5,False,1000,1000
22,2,random,10,0.3486265923566879,0,14,None,66,1,5,False,1000,1000
23,3,random,10,0.3984872611464968,0,14,None,66,1,5,False,1000,1000
24,4,random,10,0.4285429936305732,0,14,None,66,1,5,False,1000,1000
25,0,random,10,0.1081807324840764,0,22,None,66,1,5,False,1000,1000
26,1,random,10,0.1723726114649681,0,22,None,66,1,5,False,1000,1000
27,2,random,10,0.322452229299363,0,22,None,66,1,5,False,1000,1000
28,3,random,10,0.376890923566879,0,22,None,66,1,5,False,1000,1000
29,4,random,10,0.3974920382165605,0,22,None,66,1,5,False,1000,1000
30,0,random,10,0.1102707006369426,0,25,None,66,1,5,False,1000,1000
31,1,random,10,0.1701831210191083,0,25,None,66,1,5,False,1000,1000
32,2,random,10,0.1916799363057325,0,25,None,66,1,5,False,1000,1000
33,3,random,10,0.2745820063694267,0,25,None,66,1,5,False,1000,1000
34,4,random,10,0.3340963375796178,0,25,None,66,1,5,False,1000,1000
35,0,random,10,0.2781648089171974,0,26,None,66,1,5,False,1000,1000
36,1,random,10,0.3960987261146497,0,26,None,66,1,5,False,1000,1000
37,2,random,10,0.4542197452229299,0,26,None,66,1,5,False,1000,1000
38,3,random,10,0.4852707006369426,0,26,None,66,1,5,False,1000,1000
39,4,random,10,0.5132364649681529,0,26,None,66,1,5,False,1000,1000
40,0,random,10,0.1306727707006369,0,29,None,66,1,5,False,1000,1000
41,1,random,10,0.2302945859872611,0,29,None,66,1,5,False,1000,1000
42,2,random,10,0.3202627388535032,0,29,None,66,1,5,False,1000,1000
43,3,random,10,0.3296178343949044,0,29,None,66,1,5,False,1000,1000
44,4,random,10,0.3255374203821656,0,29,None,66,1,5,False,1000,1000
45,0,random,10,0.2158638535031847,0,30,None,66,1,5,False,1000,1000
46,1,random,10,0.1775477707006369,0,30,None,66,1,5,False,1000,1000
47,2,random,10,0.1634156050955414,0,30,None,66,1,5,False,1000,1000
48,3,random,10,0.2368630573248407,0,30,None,66,1,5,False,1000,1000
49,4,random,10,0.3013535031847134,0,30,None,66,1,5,False,1000,1000
50,0,random,10,0.1940684713375796,0,6,None,66,1,5,False,1000,1000
51,1,random,10,0.2887141719745223,0,6,None,66,1,5,False,1000,1000
52,2,random,10,0.3130971337579618,0,6,None,66,1,5,False,1000,1000
53,3,random,10,0.3123009554140127,0,6,None,66,1,5,False,1000,1000
54,4,random,10,0.3045382165605095,0,6,None,66,1,5,False,1000,1000
55,0,random,10,0.1533638535031847,0,27,None,66,1,5,False,1000,1000
56,1,random,10,0.2120820063694267,0,27,None,66,1,5,False,1000,1000
57,2,random,10,0.2855294585987261,0,27,None,66,1,5,False,1000,1000
58,3,random,10,0.3326035031847134,0,27,None,66,1,5,False,1000,1000
59,4,random,10,0.3684315286624204,0,27,None,66,1,5,False,1000,1000
60,0,random,10,0.1134554140127388,0,31,None,66,1,5,False,1000,1000
61,1,random,10,0.1348527070063694,0,31,None,66,1,5,False,1000,1000
62,2,random,10,0.1648089171974522,0,31,None,66,1,5,False,1000,1000
63,3,random,10,0.1779458598726114,0,31,None,66,1,5,False,1000,1000
64,4,random,10,0.1976512738853503,0,31,None,66,1,5,False,1000,1000
65,0,random,10,0.123109076433121,0,32,None,66,1,5,False,1000,1000
66,1,random,10,0.1285828025477707,0,32,None,66,1,5,False,1000,1000
67,2,random,10,0.185609076433121,0,32,None,66,1,5,False,1000,1000
68,3,random,10,0.2225318471337579,0,32,None,66,1,5,False,1000,1000
69,4,random,10,0.279359076433121,0,32,None,66,1,5,False,1000,1000
70,0,random,10,0.2430334394904458,0,5,None,66,1,5,False,1000,1000
71,1,random,10,0.3096138535031847,0,5,None,66,1,5,False,1000,1000
72,2,random,10,0.4381966560509554,0,5,None,66,1,5,False,1000,1000
73,3,random,10,0.4845740445859872,0,5,None,66,1,5,False,1000,1000
74,4,random,10,0.5032842356687898,0,5,None,66,1,5,False,1000,1000
75,0,random,10,0.2905055732484076,0,2,None,66,1,5,False,1000,1000
76,1,random,10,0.3187699044585987,0,2,None,66,1,5,False,1000,1000
77,2,random,10,0.3302149681528662,0,2,None,66,1,5,False,1000,1000
78,3,random,10,0.3575835987261146,0,2,None,66,1,5,False,1000,1000
79,4,random,10,0.3829617834394904,0,2,None,66,1,5,False,1000,1000
80,0,random,10,0.2004378980891719,0,7,None,66,1,5,False,1000,1000
81,1,random,10,0.2256170382165605,0,7,None,66,1,5,False,1000,1000
82,2,random,10,0.2701035031847134,0,7,None,66,1,5,False,1000,1000
83,3,random,10,0.3648487261146497,0,7,None,66,1,5,False,1000,1000
84,4,random,10,0.4333200636942675,0,7,None,66,1,5,False,1000,1000
85,0,random,10,0.0995222929936305,0,9,None,66,1,5,False,1000,1000
86,1,random,10,0.0995222929936305,0,9,None,66,1,5,False,1000,1000
87,2,random,10,0.1158439490445859,0,9,None,66,1,5,False,1000,1000
88,3,random,10,0.1600318471337579,0,9,None,66,1,5,False,1000,1000
89,4,random,10,0.183718152866242,0,9,None,66,1,5,False,1000,1000
90,0,random,10,0.2230294585987261,0,12,None,66,1,5,False,1000,1000
91,1,random,10,0.2916003184713376,0,12,None,66,1,5,False,1000,1000
92,2,random,10,0.3341958598726114,0,12,None,66,1,5,False,1000,1000
93,3,random,10,0.3654458598726114,0,12,None,66,1,5,False,1000,1000
94,4,random,10,0.3894307324840764,0,12,None,66,1,5,False,1000,1000
95,0,random,10,0.2069068471337579,0,15,None,66,1,5,False,1000,1000
96,1,random,10,0.3137937898089172,0,15,None,66,1,5,False,1000,1000
97,2,random,10,0.388734076433121,0,15,None,66,1,5,False,1000,1000
98,3,random,10,0.4330214968152866,0,15,None,66,1,5,False,1000,1000
99,4,random,10,0.4385947452229299,0,15,None,66,1,5,False,1000,1000
100,0,random,10,0.1279856687898089,0,18,None,66,1,5,False,1000,1000
101,1,random,10,0.1979498407643312,0,18,None,66,1,5,False,1000,1000
102,2,random,10,0.3335987261146497,0,18,None,66,1,5,False,1000,1000
103,3,random,10,0.3972929936305732,0,18,None,66,1,5,False,1000,1000
104,4,random,10,0.4225716560509554,0,18,None,66,1,5,False,1000,1000
105,0,random,10,0.0995222929936305,0,20,None,66,1,5,False,1000,1000
106,1,random,10,0.1115644904458598,0,20,None,66,1,5,False,1000,1000
107,2,random,10,0.1581409235668789,0,20,None,66,1,5,False,1000,1000
108,3,random,10,0.1749601910828025,0,20,None,66,1,5,False,1000,1000
109,4,random,10,0.1910828025477707,0,20,None,66,1,5,False,1000,1000
110,0,random,10,0.2971735668789809,0,28,None,66,1,5,False,1000,1000
111,1,random,10,0.2887141719745223,0,28,None,66,1,5,False,1000,1000
112,2,random,10,0.3061305732484076,0,28,None,66,1,5,False,1000,1000
113,3,random,10,0.3401671974522293,0,28,None,66,1,5,False,1000,1000
114,4,random,10,0.3715167197452229,0,28,None,66,1,5,False,1000,1000
115,0,random,10,0.1028065286624203,0,10,None,66,1,5,False,1000,1000
116,1,random,10,0.1650079617834395,0,10,None,66,1,5,False,1000,1000
117,2,random,10,0.3083200636942675,0,10,None,66,1,5,False,1000,1000
118,3,random,10,0.3479299363057325,0,10,None,66,1,5,False,1000,1000
119,4,random,10,0.3713176751592357,0,10,None,66,1,5,False,1000,1000
120,0,random,10,0.1170382165605095,0,11,None,66,1,5,False,1000,1000
121,1,random,10,0.2863256369426751,0,11,None,66,1,5,False,1000,1000
122,2,random,10,0.3713176751592357,0,11,None,66,1,5,False,1000,1000
123,3,random,10,0.5101512738853503,0,11,None,66,1,5,False,1000,1000
124,4,random,10,0.5744426751592356,0,11,None,66,1,5,False,1000,1000
125,0,random,10,0.2486066878980891,0,17,None,66,1,5,False,1000,1000
126,1,random,10,0.3769904458598726,0,17,None,66,1,5,False,1000,1000
127,2,random,10,0.4601910828025478,0,17,None,66,1,5,False,1000,1000
128,3,random,10,0.4934315286624204,0,17,None,66,1,5,False,1000,1000
129,4,random,10,0.480593152866242,0,17,None,66,1,5,False,1000,1000
130,0,random,10,0.1657046178343949,0,19,None,66,1,5,False,1000,1000
131,1,random,10,0.1696855095541401,0,19,None,66,1,5,False,1000,1000
132,2,random,10,0.2586584394904458,0,19,None,66,1,5,False,1000,1000
133,3,random,10,0.3252388535031847,0,19,None,66,1,5,False,1000,1000
134,4,random,10,0.3680334394904458,0,19,None,66,1,5,False,1000,1000
135,0,random,10,0.1710788216560509,0,3,None,66,1,5,False,1000,1000
136,1,random,10,0.274781050955414,0,3,None,66,1,5,False,1000,1000
137,2,random,10,0.3436504777070063,0,3,None,66,1,5,False,1000,1000
138,3,random,10,0.4186902866242038,0,3,None,66,1,5,False,1000,1000
139,4,random,10,0.4529259554140127,0,3,None,66,1,5,False,1000,1000
140,0,random,10,0.2105891719745223,0,21,None,66,1,5,False,1000,1000
141,1,random,10,0.282046178343949,0,21,None,66,1,5,False,1000,1000
142,2,random,10,0.3276273885350318,0,21,None,66,1,5,False,1000,1000
143,3,random,10,0.3348925159235669,0,21,None,66,1,5,False,1000,1000
144,4,random,10,0.3449442675159235,0,21,None,66,1,5,False,1000,1000
145,0,random,10,0.1694864649681528,0,24,None,66,1,5,False,1000,1000
146,1,random,10,0.1815286624203821,0,24,None,66,1,5,False,1000,1000
147,2,random,10,0.3055334394904458,0,24,None,66,1,5,False,1000,1000
148,3,random,10,0.3725119426751592,0,24,None,66,1,5,False,1000,1000
149,4,random,10,0.3816679936305732,0,24,None,66,1,5,False,1000,1000
150,0,random,10,0.1188296178343949,0,0,None,66,1,5,False,1000,1000
151,1,random,10,0.2519904458598726,0,0,None,66,1,5,False,1000,1000
152,2,random,10,0.3245421974522293,0,0,None,66,1,5,False,1000,1000
153,3,random,10,0.3905254777070063,0,0,None,66,1,5,False,1000,1000
154,4,random,10,0.4403861464968153,0,0,None,66,1,5,False,1000,1000
155,0,random,10,0.211186305732484,0,23,None,66,1,5,False,1000,1000
156,1,random,10,0.3460390127388535,0,23,None,66,1,5,False,1000,1000
157,2,random,10,0.3633558917197452,0,23,None,66,1,5,False,1000,1000
158,3,random,10,0.3535031847133758,0,23,None,66,1,5,False,1000,1000
159,4,random,10,0.3607683121019108,0,23,None,66,1,5,False,1000,1000
160,0,random,10,0.112858280254777,0,4,None,66,1,5,False,1000,1000
161,1,random,10,0.2017316878980891,0,4,None,66,1,5,False,1000,1000
162,2,random,10,0.3915207006369426,0,4,None,66,1,5,False,1000,1000
163,3,random,10,0.4244625796178344,0,4,None,66,1,5,False,1000,1000
164,4,random,10,0.4249601910828025,0,4,None,66,1,5,False,1000,1000
165,5,random,10,0.1991441082802547,0,18,None,66,1,5,False,1000,1000
166,6,random,10,0.2381568471337579,0,18,None,66,1,5,False,1000,1000
167,7,random,10,0.2876194267515923,0,18,None,66,1,5,False,1000,1000
168,8,random,10,0.3303144904458598,0,18,None,66,1,5,False,1000,1000
169,9,random,10,0.384156050955414,0,18,None,66,1,5,False,1000,1000
170,5,random,10,0.3299164012738853,0,25,None,66,1,5,False,1000,1000
171,6,random,10,0.3375796178343949,0,25,None,66,1,5,False,1000,1000
172,7,random,10,0.3493232484076433,0,25,None,66,1,5,False,1000,1000
173,8,random,10,0.3760947452229299,0,25,None,66,1,5,False,1000,1000
174,9,random,10,0.4220740445859872,0,25,None,66,1,5,False,1000,1000
175,5,random,10,0.2918988853503185,0,19,None,66,1,5,False,1000,1000
176,6,random,10,0.2377587579617834,0,19,None,66,1,5,False,1000,1000
177,7,random,10,0.2125796178343949,0,19,None,66,1,5,False,1000,1000
178,8,random,10,0.2107882165605095,0,19,None,66,1,5,False,1000,1000
179,9,random,10,0.2110867834394904,0,19,None,66,1,5,False,1000,1000
180,5,random,10,0.1763535031847133,0,31,None,66,1,5,False,1000,1000
181,6,random,10,0.1903861464968153,0,31,None,66,1,5,False,1000,1000
182,7,random,10,0.2201433121019108,0,31,None,66,1,5,False,1000,1000
183,8,random,10,0.2360668789808917,0,31,None,66,1,5,False,1000,1000
184,9,random,10,0.2358678343949044,0,31,None,66,1,5,False,1000,1000
185,5,random,10,0.0995222929936305,0,24,None,66,1,5,False,1000,1000
186,6,random,10,0.0995222929936305,0,24,None,66,1,5,False,1000,1000
187,7,random,10,0.0995222929936305,0,24,None,66,1,5,False,1000,1000
188,8,random,10,0.0995222929936305,0,24,None,66,1,5,False,1000,1000
189,9,random,10,0.1015127388535031,0,24,None,66,1,5,False,1000,1000
190,5,random,10,0.0995222929936305,0,1,None,66,1,5,False,1000,1000
191,6,random,10,0.0995222929936305,0,1,None,66,1,5,False,1000,1000
192,7,random,10,0.0995222929936305,0,1,None,66,1,5,False,1000,1000
193,8,random,10,0.0995222929936305,0,1,None,66,1,5,False,1000,1000
194,9,random,10,0.0995222929936305,0,1,None,66,1,5,False,1000,1000
195,5,random,10,0.3999800955414013,0,2,None,66,1,5,False,1000,1000
196,6,random,10,0.4052547770700637,0,2,None,66,1,5,False,1000,1000
197,7,random,10,0.3998805732484076,0,2,None,66,1,5,False,1000,1000
198,8,random,10,0.3920183121019108,0,2,None,66,1,5,False,1000,1000
199,9,random,10,0.38953025477707,0,2,None,66,1,5,False,1000,1000
200,5,random,10,0.28015525477707,0,8,None,66,1,5,False,1000,1000
201,6,random,10,0.2900079617834395,0,8,None,66,1,5,False,1000,1000
202,7,random,10,0.325139331210191,0,8,None,66,1,5,False,1000,1000
203,8,random,10,0.3447452229299363,0,8,None,66,1,5,False,1000,1000
204,9,random,10,0.3864450636942675,0,8,None,66,1,5,False,1000,1000
205,5,random,10,0.4646695859872611,0,13,None,66,1,5,False,1000,1000
206,6,random,10,0.4548168789808917,0,13,None,66,1,5,False,1000,1000
207,7,random,10,0.4486464968152866,0,13,None,66,1,5,False,1000,1000
208,8,random,10,0.4475517515923566,0,13,None,66,1,5,False,1000,1000
209,9,random,10,0.4662619426751592,0,13,None,66,1,5,False,1000,1000
210,5,random,10,0.3375796178343949,0,9,None,66,1,5,False,1000,1000
211,6,random,10,0.339968152866242,0,9,None,66,1,5,False,1000,1000
212,7,random,10,0.3108081210191082,0,9,None,66,1,5,False,1000,1000
213,8,random,10,0.2998606687898089,0,9,None,66,1,5,False,1000,1000
214,9,random,10,0.3093152866242038,0,9,None,66,1,5,False,1000,1000
215,5,random,10,0.2773686305732484,0,21,None,66,1,5,False,1000,1000
216,6,random,10,0.2992635350318471,0,21,None,66,1,5,False,1000,1000
217,7,random,10,0.3152866242038216,0,21,None,66,1,5,False,1000,1000
218,8,random,10,0.328921178343949,0,21,None,66,1,5,False,1000,1000
219,9,random,10,0.3419585987261146,0,21,None,66,1,5,False,1000,1000
220,5,random,10,0.3557921974522293,0,23,None,66,1,5,False,1000,1000
221,6,random,10,0.3295183121019108,0,23,None,66,1,5,False,1000,1000
222,7,random,10,0.3225517515923566,0,23,None,66,1,5,False,1000,1000
223,8,random,10,0.3248407643312102,0,23,None,66,1,5,False,1000,1000
224,9,random,10,0.3332006369426751,0,23,None,66,1,5,False,1000,1000
225,5,random,10,0.2196457006369426,0,27,None,66,1,5,False,1000,1000
226,6,random,10,0.2569665605095541,0,27,None,66,1,5,False,1000,1000
227,7,random,10,0.2935907643312102,0,27,None,66,1,5,False,1000,1000
228,8,random,10,0.3286226114649681,0,27,None,66,1,5,False,1000,1000
229,9,random,10,0.3654458598726114,0,27,None,66,1,5,False,1000,1000
230,5,random,10,0.1979498407643312,0,29,None,66,1,5,False,1000,1000
231,6,random,10,0.2048168789808917,0,29,None,66,1,5,False,1000,1000
232,7,random,10,0.2165605095541401,0,29,None,66,1,5,False,1000,1000
233,8,random,10,0.2836385350318471,0,29,None,66,1,5,False,1000,1000
234,9,random,10,0.3599721337579618,0,29,None,66,1,5,False,1000,1000
235,5,random,10,0.5004976114649682,0,5,None,66,1,5,False,1000,1000
236,6,random,10,0.5043789808917197,0,5,None,66,1,5,False,1000,1000
237,7,random,10,0.5078622611464968,0,5,None,66,1,5,False,1000,1000
238,8,random,10,0.509952229299363,0,5,None,66,1,5,False,1000,1000
239,9,random,10,0.4901472929936306,0,5,None,66,1,5,False,1000,1000
240,5,random,10,0.3067277070063694,0,26,None,66,1,5,False,1000,1000
241,6,random,10,0.346437101910828,0,26,None,66,1,5,False,1000,1000
242,7,random,10,0.35828025477707,0,26,None,66,1,5,False,1000,1000
243,8,random,10,0.3485270700636942,0,26,None,66,1,5,False,1000,1000
244,9,random,10,0.3257364649681528,0,26,None,66,1,5,False,1000,1000
245,5,random,10,0.3363853503184713,0,12,None,66,1,5,False,1000,1000
246,6,random,10,0.3507165605095541,0,12,None,66,1,5,False,1000,1000
247,7,random,10,0.3985867834394904,0,12,None,66,1,5,False,1000,1000
248,8,random,10,0.4498407643312102,0,12,None,66,1,5,False,1000,1000
249,9,random,10,0.4658638535031847,0,12,None,66,1,5,False,1000,1000
250,5,random,10,0.3896297770700637,0,30,None,66,1,5,False,1000,1000
251,6,random,10,0.4033638535031847,0,30,None,66,1,5,False,1000,1000
252,7,random,10,0.4151074840764331,0,30,None,66,1,5,False,1000,1000
253,8,random,10,0.4295382165605095,0,30,None,66,1,5,False,1000,1000
254,9,random,10,0.4551154458598726,0,30,None,66,1,5,False,1000,1000
255,5,random,10,0.237062101910828,0,15,None,66,1,5,False,1000,1000
256,6,random,10,0.2431329617834395,0,15,None,66,1,5,False,1000,1000
257,7,random,10,0.2479100318471337,0,15,None,66,1,5,False,1000,1000
258,8,random,10,0.2531847133757962,0,15,None,66,1,5,False,1000,1000
259,9,random,10,0.261843152866242,0,15,None,66,1,5,False,1000,1000
260,5,random,10,0.498109076433121,0,20,None,66,1,5,False,1000,1000
261,6,random,10,0.4918391719745223,0,20,None,66,1,5,False,1000,1000
262,7,random,10,0.4685509554140127,0,20,None,66,1,5,False,1000,1000
263,8,random,10,0.464171974522293,0,20,None,66,1,5,False,1000,1000
264,9,random,10,0.4617834394904458,0,20,None,66,1,5,False,1000,1000
265,5,random,10,0.402468152866242,0,22,None,66,1,5,False,1000,1000
266,6,random,10,0.4011743630573248,0,22,None,66,1,5,False,1000,1000
267,7,random,10,0.3927149681528662,0,22,None,66,1,5,False,1000,1000
268,8,random,10,0.3856488853503185,0,22,None,66,1,5,False,1000,1000
269,9,random,10,0.3881369426751592,0,22,None,66,1,5,False,1000,1000
270,5,random,10,0.3522093949044586,0,14,None,66,1,5,False,1000,1000
271,6,random,10,0.3909235668789809,0,14,None,66,1,5,False,1000,1000
272,7,random,10,0.4332205414012738,0,14,None,66,1,5,False,1000,1000
273,8,random,10,0.4453622611464968,0,14,None,66,1,5,False,1000,1000
274,9,random,10,0.4486464968152866,0,14,None,66,1,5,False,1000,1000
275,5,random,10,0.2791600318471338,0,4,None,66,1,5,False,1000,1000
276,6,random,10,0.3004578025477707,0,4,None,66,1,5,False,1000,1000
277,7,random,10,0.3039410828025478,0,4,None,66,1,5,False,1000,1000
278,8,random,10,0.2964769108280254,0,4,None,66,1,5,False,1000,1000
279,9,random,10,0.2936902866242038,0,4,None,66,1,5,False,1000,1000
280,5,random,10,0.4424761146496815,0,11,None,66,1,5,False,1000,1000
281,6,random,10,0.3974920382165605,0,11,None,66,1,5,False,1000,1000
282,7,random,10,0.3730095541401274,0,11,None,66,1,5,False,1000,1000
283,8,random,10,0.3489251592356688,0,11,None,66,1,5,False,1000,1000
284,9,random,10,0.3315087579617834,0,11,None,66,1,5,False,1000,1000
285,5,random,10,0.4613853503184713,0,17,None,66,1,5,False,1000,1000
286,6,random,10,0.4358081210191082,0,17,None,66,1,5,False,1000,1000
287,7,random,10,0.4159036624203822,0,17,None,66,1,5,False,1000,1000
288,8,random,10,0.4072452229299363,0,17,None,66,1,5,False,1000,1000
289,9,random,10,0.4098328025477707,0,17,None,66,1,5,False,1000,1000
290,5,random,10,0.1761544585987261,0,10,None,66,1,5,False,1000,1000
291,6,random,10,0.1898885350318471,0,10,None,66,1,5,False,1000,1000
292,7,random,10,0.2026273885350318,0,10,None,66,1,5,False,1000,1000
293,8,random,10,0.2123805732484076,0,10,None,66,1,5,False,1000,1000
294,9,random,10,0.2146695859872611,0,10,None,66,1,5,False,1000,1000
295,5,random,10,0.3672372611464968,0,28,None,66,1,5,False,1000,1000
296,6,random,10,0.4009753184713376,0,28,None,66,1,5,False,1000,1000
297,7,random,10,0.4160031847133758,0,28,None,66,1,5,False,1000,1000
298,8,random,10,0.4206807324840764,0,28,None,66,1,5,False,1000,1000
299,9,random,10,0.4213773885350318,0,28,None,66,1,5,False,1000,1000
300,5,random,10,0.0995222929936305,0,0,None,66,1,5,False,1000,1000
301,6,random,10,0.0995222929936305,0,0,None,66,1,5,False,1000,1000
302,7,random,10,0.0995222929936305,0,0,None,66,1,5,False,1000,1000
303,8,random,10,0.0995222929936305,0,0,None,66,1,5,False,1000,1000
304,9,random,10,0.0995222929936305,0,0,None,66,1,5,False,1000,1000
305,5,random,10,0.4209792993630573,0,6,None,66,1,5,False,1000,1000
306,6,random,10,0.4611863057324841,0,6,None,66,1,5,False,1000,1000
307,7,random,10,0.4784036624203822,0,6,None,66,1,5,False,1000,1000
308,8,random,10,0.4452627388535032,0,6,None,66,1,5,False,1000,1000
309,9,random,10,0.3900278662420382,0,6,None,66,1,5,False,1000,1000
310,5,random,10,0.2829418789808917,0,7,None,66,1,5,False,1000,1000
311,6,random,10,0.2985668789808917,0,7,None,66,1,5,False,1000,1000
312,7,random,10,0.3254378980891719,0,7,None,66,1,5,False,1000,1000
313,8,random,10,0.3467356687898089,0,7,None,66,1,5,False,1000,1000
314,9,random,10,0.3607683121019108,0,7,None,66,1,5,False,1000,1000
315,5,random,10,0.2862261146496815,0,16,None,66,1,5,False,1000,1000
316,6,random,10,0.290406050955414,0,16,None,66,1,5,False,1000,1000
317,7,random,10,0.2899084394904458,0,16,None,66,1,5,False,1000,1000
318,8,random,10,0.2899084394904458,0,16,None,66,1,5,False,1000,1000
319,9,random,10,0.2978702229299363,0,16,None,66,1,5,False,1000,1000
320,5,random,10,0.2434315286624203,0,32,None,66,1,5,False,1000,1000
321,6,random,10,0.2412420382165605,0,32,None,66,1,5,False,1000,1000
322,7,random,10,0.2358678343949044,0,32,None,66,1,5,False,1000,1000
323,8,random,10,0.2333797770700637,0,32,None,66,1,5,False,1000,1000
324,9,random,10,0.2307921974522293,0,32,None,66,1,5,False,1000,1000
325,5,random,10,0.0995222929936305,0,3,None,66,1,5,False,1000,1000
326,6,random,10,0.0995222929936305,0,3,None,66,1,5,False,1000,1000
327,7,random,10,0.1026074840764331,0,3,None,66,1,5,False,1000,1000
328,8,random,10,0.1831210191082802,0,3,None,66,1,5,False,1000,1000
329,9,random,10,0.1991441082802547,0,3,None,66,1,5,False,1000,1000
330,10,random,10,0.3503184713375796,0,30,None,66,1,5,False,1000,1000
331,11,random,10,0.3755971337579618,0,30,None,66,1,5,False,1000,1000
332,12,random,10,0.3404657643312102,0,30,None,66,1,5,False,1000,1000
333,13,random,10,0.3623606687898089,0,30,None,66,1,5,False,1000,1000
334,14,random,10,0.4165007961783439,0,30,None,66,1,5,False,1000,1000
335,10,random,10,0.0995222929936305,0,1,None,66,1,5,False,1000,1000
336,11,random,10,0.0995222929936305,0,1,None,66,1,5,False,1000,1000
337,12,random,10,0.0995222929936305,0,1,None,66,1,5,False,1000,1000
338,13,random,10,0.0995222929936305,0,1,None,66,1,5,False,1000,1000
339,14,random,10,0.0995222929936305,0,1,None,66,1,5,False,1000,1000
340,10,random,10,0.4053542993630573,0,2,None,66,1,5,False,1000,1000
341,11,random,10,0.4416799363057325,0,2,None,66,1,5,False,1000,1000
342,12,random,10,0.4800955414012738,0,2,None,66,1,5,False,1000,1000
343,13,random,10,0.5067675159235668,0,2,None,66,1,5,False,1000,1000
344,14,random,10,0.5335390127388535,0,2,None,66,1,5,False,1000,1000
345,10,random,10,0.3263335987261146,0,21,None,66,1,5,False,1000,1000
346,11,random,10,0.3279259554140127,0,21,None,66,1,5,False,1000,1000
347,12,random,10,0.3376791401273885,0,21,None,66,1,5,False,1000,1000
348,13,random,10,0.3474323248407643,0,21,None,66,1,5,False,1000,1000
349,14,random,10,0.3548964968152866,0,21,None,66,1,5,False,1000,1000
350,10,random,10,0.4681528662420382,0,5,None,66,1,5,False,1000,1000
351,11,random,10,0.4673566878980891,0,5,None,66,1,5,False,1000,1000
352,12,random,10,0.5014928343949044,0,5,None,66,1,5,False,1000,1000
353,13,random,10,0.5295581210191083,0,5,None,66,1,5,False,1000,1000
354,14,random,10,0.5417993630573248,0,5,None,66,1,5,False,1000,1000
355,10,random,10,0.3256369426751592,0,23,None,66,1,5,False,1000,1000
356,11,random,10,0.3222531847133758,0,23,None,66,1,5,False,1000,1000
357,12,random,10,0.3333001592356688,0,23,None,66,1,5,False,1000,1000
358,13,random,10,0.3516122611464968,0,23,None,66,1,5,False,1000,1000
359,14,random,10,0.3737062101910828,0,23,None,66,1,5,False,1000,1000
360,10,random,10,0.3551950636942675,0,27,None,66,1,5,False,1000,1000
361,11,random,10,0.4093351910828025,0,27,None,66,1,5,False,1000,1000
362,12,random,10,0.4726313694267516,0,27,None,66,1,5,False,1000,1000
363,13,random,10,0.5039808917197452,0,27,None,66,1,5,False,1000,1000
364,14,random,10,0.5226910828025477,0,27,None,66,1,5,False,1000,1000
365,10,random,10,0.4659633757961783,0,9,None,66,1,5,False,1000,1000
366,11,random,10,0.5456807324840764,0,9,None,66,1,5,False,1000,1000
367,12,random,10,0.5777269108280255,0,9,None,66,1,5,False,1000,1000
368,13,random,10,0.5691679936305732,0,9,None,66,1,5,False,1000,1000
369,14,random,10,0.5589171974522293,0,9,None,66,1,5,False,1000,1000
370,10,random,10,0.5038813694267515,0,29,None,66,1,5,False,1000,1000
371,11,random,10,0.5835987261146497,0,29,None,66,1,5,False,1000,1000
372,12,random,10,0.5768312101910829,0,29,None,66,1,5,False,1000,1000
373,13,random,10,0.5467754777070064,0,29,None,66,1,5,False,1000,1000
374,14,random,10,0.5342356687898089,0,29,None,66,1,5,False,1000,1000
375,10,random,10,0.4506369426751592,0,6,None,66,1,5,False,1000,1000
376,11,random,10,0.3944068471337579,0,6,None,66,1,5,False,1000,1000
377,12,random,10,0.3545979299363057,0,6,None,66,1,5,False,1000,1000
378,13,random,10,0.3209593949044586,0,6,None,66,1,5,False,1000,1000
379,14,random,10,0.302249203821656,0,6,None,66,1,5,False,1000,1000
380,10,random,10,0.469546178343949,0,12,None,66,1,5,False,1000,1000
381,11,random,10,0.5564291401273885,0,12,None,66,1,5,False,1000,1000
382,12,random,10,0.5523487261146497,0,12,None,66,1,5,False,1000,1000
383,13,random,10,0.5153264331210191,0,12,None,66,1,5,False,1000,1000
384,14,random,10,0.5088574840764332,0,12,None,66,1,5,False,1000,1000
385,10,random,10,0.4336186305732484,0,13,None,66,1,5,False,1000,1000
386,11,random,10,0.4543192675159235,0,13,None,66,1,5,False,1000,1000
387,12,random,10,0.4891520700636942,0,13,None,66,1,5,False,1000,1000
388,13,random,10,0.5019904458598726,0,13,None,66,1,5,False,1000,1000
389,14,random,10,0.508359872611465,0,13,None,66,1,5,False,1000,1000
390,10,random,10,0.4694466560509554,0,25,None,66,1,5,False,1000,1000
391,11,random,10,0.521297770700637,0,25,None,66,1,5,False,1000,1000
392,12,random,10,0.5644904458598726,0,25,None,66,1,5,False,1000,1000
393,13,random,10,0.5965366242038217,0,25,None,66,1,5,False,1000,1000
394,14,random,10,0.6157444267515924,0,25,None,66,1,5,False,1000,1000
395,10,random,10,0.165406050955414,0,26,None,66,1,5,False,1000,1000
396,11,random,10,0.2327826433121019,0,26,None,66,1,5,False,1000,1000
397,12,random,10,0.2688097133757962,0,26,None,66,1,5,False,1000,1000
398,13,random,10,0.2816480891719745,0,26,None,66,1,5,False,1000,1000
399,14,random,10,0.2810509554140127,0,26,None,66,1,5,False,1000,1000
400,10,random,10,0.2097929936305732,0,15,None,66,1,5,False,1000,1000
401,11,random,10,0.2157643312101911,0,15,None,66,1,5,False,1000,1000
402,12,random,10,0.2219347133757961,0,15,None,66,1,5,False,1000,1000
403,13,random,10,0.2271098726114649,0,15,None,66,1,5,False,1000,1000
404,14,random,10,0.2302945859872611,0,15,None,66,1,5,False,1000,1000
405,10,random,10,0.1722730891719745,0,10,None,66,1,5,False,1000,1000
406,11,random,10,0.1549562101910828,0,10,None,66,1,5,False,1000,1000
407,12,random,10,0.1325636942675159,0,10,None,66,1,5,False,1000,1000
408,13,random,10,0.1202229299363057,0,10,None,66,1,5,False,1000,1000
409,14,random,10,0.1152468152866242,0,10,None,66,1,5,False,1000,1000
410,10,random,10,0.345640923566879,0,11,None,66,1,5,False,1000,1000
411,11,random,10,0.3072253184713376,0,11,None,66,1,5,False,1000,1000
412,12,random,10,0.306031050955414,0,11,None,66,1,5,False,1000,1000
413,13,random,10,0.3105095541401274,0,11,None,66,1,5,False,1000,1000
414,14,random,10,0.3196656050955414,0,11,None,66,1,5,False,1000,1000
415,10,random,10,0.4217754777070063,0,17,None,66,1,5,False,1000,1000
416,11,random,10,0.4541202229299363,0,17,None,66,1,5,False,1000,1000
417,12,random,10,0.4937300955414013,0,17,None,66,1,5,False,1000,1000
418,13,random,10,0.5475716560509554,0,17,None,66,1,5,False,1000,1000
419,14,random,10,0.5805135350318471,0,17,None,66,1,5,False,1000,1000
420,10,random,10,0.3171775477707006,0,24,None,66,1,5,False,1000,1000
421,11,random,10,0.3347929936305732,0,24,None,66,1,5,False,1000,1000
422,12,random,10,0.3193670382165605,0,24,None,66,1,5,False,1000,1000
423,13,random,10,0.2907046178343949,0,24,None,66,1,5,False,1000,1000
424,14,random,10,0.2706011146496815,0,24,None,66,1,5,False,1000,1000
425,10,random,10,0.3123009554140127,0,20,None,66,1,5,False,1000,1000
426,11,random,10,0.3232484076433121,0,20,None,66,1,5,False,1000,1000
427,12,random,10,0.3348925159235669,0,20,None,66,1,5,False,1000,1000
428,13,random,10,0.3765923566878981,0,20,None,66,1,5,False,1000,1000
429,14,random,10,0.3619625796178344,0,20,None,66,1,5,False,1000,1000
430,10,random,10,0.3018511146496815,0,18,None,66,1,5,False,1000,1000
431,11,random,10,0.330812101910828,0,18,None,66,1,5,False,1000,1000
432,12,random,10,0.3936106687898089,0,18,None,66,1,5,False,1000,1000
433,13,random,10,0.43640525477707,0,18,None,66,1,5,False,1000,1000
434,14,random,10,0.4892515923566879,0,18,None,66,1,5,False,1000,1000
435,10,random,10,0.2721934713375796,0,19,None,66,1,5,False,1000,1000
436,11,random,10,0.2126791401273885,0,19,None,66,1,5,False,1000,1000
437,12,random,10,0.2043192675159235,0,19,None,66,1,5,False,1000,1000
438,13,random,10,0.2070063694267516,0,19,None,66,1,5,False,1000,1000
439,14,random,10,0.2129777070063694,0,19,None,66,1,5,False,1000,1000
440,10,random,10,0.2380573248407643,0,31,None,66,1,5,False,1000,1000
441,11,random,10,0.2585589171974522,0,31,None,66,1,5,False,1000,1000
442,12,random,10,0.2994625796178344,0,31,None,66,1,5,False,1000,1000
443,13,random,10,0.3183718152866242,0,31,None,66,1,5,False,1000,1000
444,14,random,10,0.3470342356687898,0,31,None,66,1,5,False,1000,1000
445,10,random,10,0.3034434713375796,0,3,None,66,1,5,False,1000,1000
446,11,random,10,0.2751791401273885,0,3,None,66,1,5,False,1000,1000
447,12,random,10,0.2734872611464968,0,3,None,66,1,5,False,1000,1000
448,13,random,10,0.2875199044585987,0,3,None,66,1,5,False,1000,1000
449,14,random,10,0.3027468152866242,0,3,None,66,1,5,False,1000,1000
450,10,random,10,0.0995222929936305,0,28,None,66,1,5,False,1000,1000
451,11,random,10,0.0995222929936305,0,28,None,66,1,5,False,1000,1000
452,12,random,10,0.0995222929936305,0,28,None,66,1,5,False,1000,1000
453,13,random,10,0.0995222929936305,0,28,None,66,1,5,False,1000,1000
454,14,random,10,0.0995222929936305,0,28,None,66,1,5,False,1000,1000
455,10,random,10,0.2118829617834395,0,0,None,66,1,5,False,1000,1000
456,11,random,10,0.2552746815286624,0,0,None,66,1,5,False,1000,1000
457,12,random,10,0.2935907643312102,0,0,None,66,1,5,False,1000,1000
458,13,random,10,0.3070262738853503,0,0,None,66,1,5,False,1000,1000
459,14,random,10,0.2990644904458598,0,0,None,66,1,5,False,1000,1000
460,10,random,10,0.3708200636942675,0,14,None,66,1,5,False,1000,1000
461,11,random,10,0.3659434713375796,0,14,None,66,1,5,False,1000,1000
462,12,random,10,0.3816679936305732,0,14,None,66,1,5,False,1000,1000
463,13,random,10,0.4348128980891719,0,14,None,66,1,5,False,1000,1000
464,14,random,10,0.4688495222929936,0,14,None,66,1,5,False,1000,1000
465,10,random,10,0.395203025477707,0,22,None,66,1,5,False,1000,1000
466,11,random,10,0.413515127388535,0,22,None,66,1,5,False,1000,1000
467,12,random,10,0.4481488853503185,0,22,None,66,1,5,False,1000,1000
468,13,random,10,0.4772093949044586,0,22,None,66,1,5,False,1000,1000
469,14,random,10,0.5240843949044586,0,22,None,66,1,5,False,1000,1000
470,10,random,10,0.1727707006369426,0,32,None,66,1,5,False,1000,1000
471,11,random,10,0.1593351910828025,0,32,None,66,1,5,False,1000,1000
472,12,random,10,0.1529657643312102,0,32,None,66,1,5,False,1000,1000
473,13,random,10,0.1611265923566879,0,32,None,66,1,5,False,1000,1000
474,14,random,10,0.1756568471337579,0,32,None,66,1,5,False,1000,1000
475,10,random,10,0.4022691082802547,0,4,None,66,1,5,False,1000,1000
476,11,random,10,0.3683320063694267,0,4,None,66,1,5,False,1000,1000
477,12,random,10,0.320859872611465,0,4,None,66,1,5,False,1000,1000
478,13,random,10,0.293889331210191,0,4,None,66,1,5,False,1000,1000
479,14,random,10,0.2811504777070063,0,4,None,66,1,5,False,1000,1000
480,10,random,10,0.4159036624203822,0,8,None,66,1,5,False,1000,1000
481,11,random,10,0.416202229299363,0,8,None,66,1,5,False,1000,1000
482,12,random,10,0.424562101910828,0,8,None,66,1,5,False,1000,1000
483,13,random,10,0.4499402866242038,0,8,None,66,1,5,False,1000,1000
484,14,random,10,0.4910429936305732,0,8,None,66,1,5,False,1000,1000
485,10,random,10,0.3608678343949044,0,7,None,66,1,5,False,1000,1000
486,11,random,10,0.4206807324840764,0,7,None,66,1,5,False,1000,1000
487,12,random,10,0.4798964968152866,0,7,None,66,1,5,False,1000,1000
488,13,random,10,0.511843152866242,0,7,None,66,1,5,False,1000,1000
489,14,random,10,0.5521496815286624,0,7,None,66,1,5,False,1000,1000
490,10,random,10,0.3487261146496815,0,16,None,66,1,5,False,1000,1000
491,11,random,10,0.4232683121019108,0,16,None,66,1,5,False,1000,1000
492,12,random,10,0.4894506369426751,0,16,None,66,1,5,False,1000,1000
493,13,random,10,0.5447850318471338,0,16,None,66,1,5,False,1000,1000
494,14,random,10,0.5720541401273885,0,16,None,66,1,5,False,1000,1000
990,15,random,10,0.0995222929936305,0,1,None,66,1,5,False,1000,1000
991,16,random,10,0.0995222929936305,0,1,None,66,1,5,False,1000,1000
992,17,random,10,0.0995222929936305,0,1,None,66,1,5,False,1000,1000
993,18,random,10,0.0995222929936305,0,1,None,66,1,5,False,1000,1000
994,19,random,10,0.0995222929936305,0,1,None,66,1,5,False,1000,1000
995,15,random,10,0.5035828025477707,0,13,None,66,1,5,False,1000,1000
996,16,random,10,0.5050756369426752,0,13,None,66,1,5,False,1000,1000
997,17,random,10,0.503781847133758,0,13,None,66,1,5,False,1000,1000
998,18,random,10,0.5042794585987261,0,13,None,66,1,5,False,1000,1000
999,19,random,10,0.5075636942675159,0,13,None,66,1,5,False,1000,1000
1000,15,random,10,0.5862858280254777,0,16,None,66,1,5,False,1000,1000
1001,16,random,10,0.5972332802547771,0,16,None,66,1,5,False,1000,1000
1002,17,random,10,0.6068869426751592,0,16,None,66,1,5,False,1000,1000
1003,18,random,10,0.6119625796178344,0,16,None,66,1,5,False,1000,1000
1004,19,random,10,0.618531050955414,0,16,None,66,1,5,False,1000,1000
1005,15,random,10,0.5625,0,22,None,66,1,5,False,1000,1000
1006,16,random,10,0.5945461783439491,0,22,None,66,1,5,False,1000,1000
1007,17,random,10,0.61046974522293,0,22,None,66,1,5,False,1000,1000
1008,18,random,10,0.6190286624203821,0,22,None,66,1,5,False,1000,1000
1009,19,random,10,0.6254976114649682,0,22,None,66,1,5,False,1000,1000
1010,15,random,10,0.345640923566879,0,23,None,66,1,5,False,1000,1000
1011,16,random,10,0.338077229299363,0,23,None,66,1,5,False,1000,1000
1012,17,random,10,0.3390724522292994,0,23,None,66,1,5,False,1000,1000
1013,18,random,10,0.4001791401273885,0,23,None,66,1,5,False,1000,1000
1014,19,random,10,0.4267515923566879,0,23,None,66,1,5,False,1000,1000
1015,15,random,10,0.3473328025477707,0,21,None,66,1,5,False,1000,1000
1016,16,random,10,0.3495222929936306,0,21,None,66,1,5,False,1000,1000
1017,17,random,10,0.3539012738853503,0,21,None,66,1,5,False,1000,1000
1018,18,random,10,0.3549960191082802,0,21,None,66,1,5,False,1000,1000
1019,19,random,10,0.3659434713375796,0,21,None,66,1,5,False,1000,1000
1020,15,random,10,0.3968949044585987,0,26,None,66,1,5,False,1000,1000
1021,16,random,10,0.3194665605095541,0,26,None,66,1,5,False,1000,1000
1022,17,random,10,0.2833399681528662,0,26,None,66,1,5,False,1000,1000
1023,18,random,10,0.2760748407643312,0,26,None,66,1,5,False,1000,1000
1024,19,random,10,0.2894108280254777,0,26,None,66,1,5,False,1000,1000
1025,15,random,10,0.4125199044585987,0,24,None,66,1,5,False,1000,1000
1026,16,random,10,0.3339968152866242,0,24,None,66,1,5,False,1000,1000
1027,17,random,10,0.304140127388535,0,24,None,66,1,5,False,1000,1000
1028,18,random,10,0.3253383757961783,0,24,None,66,1,5,False,1000,1000
1029,19,random,10,0.3487261146496815,0,24,None,66,1,5,False,1000,1000
1030,15,random,10,0.4867635350318471,0,30,None,66,1,5,False,1000,1000
1031,16,random,10,0.4887539808917197,0,30,None,66,1,5,False,1000,1000
1032,17,random,10,0.4967157643312102,0,30,None,66,1,5,False,1000,1000
1033,18,random,10,0.5059713375796179,0,30,None,66,1,5,False,1000,1000
1034,19,random,10,0.51453025477707,0,30,None,66,1,5,False,1000,1000
1035,15,random,10,0.445859872611465,0,6,None,66,1,5,False,1000,1000
1036,16,random,10,0.375,0,6,None,66,1,5,False,1000,1000
1037,17,random,10,0.356389331210191,0,6,None,66,1,5,False,1000,1000
1038,18,random,10,0.3655453821656051,0,6,None,66,1,5,False,1000,1000
1039,19,random,10,0.3827627388535032,0,6,None,66,1,5,False,1000,1000
1040,15,random,10,0.5438893312101911,0,27,None,66,1,5,False,1000,1000
1041,16,random,10,0.5750398089171974,0,27,None,66,1,5,False,1000,1000
1042,17,random,10,0.582703025477707,0,27,None,66,1,5,False,1000,1000
1043,18,random,10,0.5820063694267515,0,27,None,66,1,5,False,1000,1000
1044,19,random,10,0.5833996815286624,0,27,None,66,1,5,False,1000,1000
1045,15,random,10,0.2296974522292993,0,32,None,66,1,5,False,1000,1000
1046,16,random,10,0.2179538216560509,0,32,None,66,1,5,False,1000,1000
1047,17,random,10,0.2115843949044586,0,32,None,66,1,5,False,1000,1000
1048,18,random,10,0.2081011146496815,0,32,None,66,1,5,False,1000,1000
1049,19,random,10,0.2055135350318471,0,32,None,66,1,5,False,1000,1000
1050,15,random,10,0.5601114649681529,0,2,None,66,1,5,False,1000,1000
1051,16,random,10,0.5804140127388535,0,2,None,66,1,5,False,1000,1000
1052,17,random,10,0.5911624203821656,0,2,None,66,1,5,False,1000,1000
1053,18,random,10,0.5979299363057324,0,2,None,66,1,5,False,1000,1000
1054,19,random,10,0.6033041401273885,0,2,None,66,1,5,False,1000,1000
1055,15,random,10,0.54796974522293,0,5,None,66,1,5,False,1000,1000
1056,16,random,10,0.5604100318471338,0,5,None,66,1,5,False,1000,1000
1057,17,random,10,0.5711584394904459,0,5,None,66,1,5,False,1000,1000
1058,18,random,10,0.5802149681528662,0,5,None,66,1,5,False,1000,1000
1059,19,random,10,0.5882762738853503,0,5,None,66,1,5,False,1000,1000
1060,15,random,10,0.585390127388535,0,7,None,66,1,5,False,1000,1000
1061,16,random,10,0.59265525477707,0,7,None,66,1,5,False,1000,1000
1062,17,random,10,0.602109872611465,0,7,None,66,1,5,False,1000,1000
1063,18,random,10,0.60828025477707,0,7,None,66,1,5,False,1000,1000
1064,19,random,10,0.6138535031847133,0,7,None,66,1,5,False,1000,1000
1065,15,random,10,0.4359076433121019,0,4,None,66,1,5,False,1000,1000
1066,16,random,10,0.4175955414012738,0,4,None,66,1,5,False,1000,1000
1067,17,random,10,0.4194864649681528,0,4,None,66,1,5,False,1000,1000
1068,18,random,10,0.4332205414012738,0,4,None,66,1,5,False,1000,1000
1069,19,random,10,0.4561106687898089,0,4,None,66,1,5,False,1000,1000
1070,15,random,10,0.1815286624203821,0,10,None,66,1,5,False,1000,1000
1071,16,random,10,0.1748606687898089,0,10,None,66,1,5,False,1000,1000
1072,17,random,10,0.169984076433121,0,10,None,66,1,5,False,1000,1000
1073,18,random,10,0.168093152866242,0,10,None,66,1,5,False,1000,1000
1074,19,random,10,0.168093152866242,0,10,None,66,1,5,False,1000,1000
1075,15,random,10,0.4309315286624204,0,11,None,66,1,5,False,1000,1000
1076,16,random,10,0.410828025477707,0,11,None,66,1,5,False,1000,1000
1077,17,random,10,0.4434713375796178,0,11,None,66,1,5,False,1000,1000
1078,18,random,10,0.4957205414012738,0,11,None,66,1,5,False,1000,1000
1079,19,random,10,0.5367237261146497,0,11,None,66,1,5,False,1000,1000
1080,15,random,10,0.5747412420382165,0,12,None,66,1,5,False,1000,1000
1081,16,random,10,0.5454816878980892,0,12,None,66,1,5,False,1000,1000
1082,17,random,10,0.5466759554140127,0,12,None,66,1,5,False,1000,1000
1083,18,random,10,0.5521496815286624,0,12,None,66,1,5,False,1000,1000
1084,19,random,10,0.5570262738853503,0,12,None,66,1,5,False,1000,1000
1085,15,random,10,0.192078025477707,0,15,None,66,1,5,False,1000,1000
1086,16,random,10,0.1925756369426751,0,15,None,66,1,5,False,1000,1000
1087,17,random,10,0.194765127388535,0,15,None,66,1,5,False,1000,1000
1088,18,random,10,0.1991441082802547,0,15,None,66,1,5,False,1000,1000
1089,19,random,10,0.2052149681528662,0,15,None,66,1,5,False,1000,1000
1090,15,random,10,0.5923566878980892,0,17,None,66,1,5,False,1000,1000
1091,16,random,10,0.6039012738853503,0,17,None,66,1,5,False,1000,1000
1092,17,random,10,0.6102707006369427,0,17,None,66,1,5,False,1000,1000
1093,18,random,10,0.6141520700636943,0,17,None,66,1,5,False,1000,1000
1094,19,random,10,0.6167396496815286,0,17,None,66,1,5,False,1000,1000
1095,15,random,10,0.3834593949044586,0,20,None,66,1,5,False,1000,1000
1096,16,random,10,0.3842555732484076,0,20,None,66,1,5,False,1000,1000
1097,17,random,10,0.3618630573248407,0,20,None,66,1,5,False,1000,1000
1098,18,random,10,0.3617635350318471,0,20,None,66,1,5,False,1000,1000
1099,19,random,10,0.3703224522292994,0,20,None,66,1,5,False,1000,1000
1100,15,random,10,0.5765326433121019,0,14,None,66,1,5,False,1000,1000
1101,16,random,10,0.5707603503184714,0,14,None,66,1,5,False,1000,1000
1102,17,random,10,0.5766321656050956,0,14,None,66,1,5,False,1000,1000
1103,18,random,10,0.5870820063694268,0,14,None,66,1,5,False,1000,1000
1104,19,random,10,0.5966361464968153,0,14,None,66,1,5,False,1000,1000
1105,15,random,10,0.5868829617834395,0,9,None,66,1,5,False,1000,1000
1106,16,random,10,0.5844944267515924,0,9,None,66,1,5,False,1000,1000
1107,17,random,10,0.5968351910828026,0,9,None,66,1,5,False,1000,1000
1108,18,random,10,0.61046974522293,0,9,None,66,1,5,False,1000,1000
1109,19,random,10,0.6205214968152867,0,9,None,66,1,5,False,1000,1000
1110,15,random,10,0.6236066878980892,0,25,None,66,1,5,False,1000,1000
1111,16,random,10,0.6256966560509554,0,25,None,66,1,5,False,1000,1000
1112,17,random,10,0.6263933121019108,0,25,None,66,1,5,False,1000,1000
1113,18,random,10,0.6288813694267515,0,25,None,66,1,5,False,1000,1000
1114,19,random,10,0.6321656050955414,0,25,None,66,1,5,False,1000,1000
1115,15,random,10,0.5578224522292994,0,29,None,66,1,5,False,1000,1000
1116,16,random,10,0.5470740445859873,0,29,None,66,1,5,False,1000,1000
1117,17,random,10,0.5499601910828026,0,29,None,66,1,5,False,1000,1000
1118,18,random,10,0.5569267515923567,0,29,None,66,1,5,False,1000,1000
1119,19,random,10,0.5644904458598726,0,29,None,66,1,5,False,1000,1000
1120,15,random,10,0.5109474522292994,0,18,None,66,1,5,False,1000,1000
1121,16,random,10,0.5529458598726115,0,18,None,66,1,5,False,1000,1000
1122,17,random,10,0.5690684713375797,0,18,None,66,1,5,False,1000,1000
1123,18,random,10,0.5784235668789809,0,18,None,66,1,5,False,1000,1000
1124,19,random,10,0.5842953821656051,0,18,None,66,1,5,False,1000,1000
1125,15,random,10,0.5270700636942676,0,8,None,66,1,5,False,1000,1000
1126,16,random,10,0.5343351910828026,0,8,None,66,1,5,False,1000,1000
1127,17,random,10,0.5445859872611465,0,8,None,66,1,5,False,1000,1000
1128,18,random,10,0.5572253184713376,0,8,None,66,1,5,False,1000,1000
1129,19,random,10,0.5700636942675159,0,8,None,66,1,5,False,1000,1000
1130,15,random,10,0.2700039808917197,0,19,None,66,1,5,False,1000,1000
1131,16,random,10,0.2021297770700637,0,19,None,66,1,5,False,1000,1000
1132,17,random,10,0.2026273885350318,0,19,None,66,1,5,False,1000,1000
1133,18,random,10,0.2064092356687898,0,19,None,66,1,5,False,1000,1000
1134,19,random,10,0.214171974522293,0,19,None,66,1,5,False,1000,1000
1135,15,random,10,0.4041600318471338,0,31,None,66,1,5,False,1000,1000
1136,16,random,10,0.4679538216560509,0,31,None,66,1,5,False,1000,1000
1137,17,random,10,0.5080613057324841,0,31,None,66,1,5,False,1000,1000
1138,18,random,10,0.5257762738853503,0,31,None,66,1,5,False,1000,1000
1139,19,random,10,0.538515127388535,0,31,None,66,1,5,False,1000,1000
1140,15,random,10,0.208499203821656,0,0,None,66,1,5,False,1000,1000
1141,16,random,10,0.3112062101910828,0,0,None,66,1,5,False,1000,1000
1142,17,random,10,0.378483280254777,0,0,None,66,1,5,False,1000,1000
1143,18,random,10,0.422671178343949,0,0,None,66,1,5,False,1000,1000
1144,19,random,10,0.4244625796178344,0,0,None,66,1,5,False,1000,1000
1145,15,random,10,0.3030453821656051,0,28,None,66,1,5,False,1000,1000
1146,16,random,10,0.3275278662420382,0,28,None,66,1,5,False,1000,1000
1147,17,random,10,0.3368829617834395,0,28,None,66,1,5,False,1000,1000
1148,18,random,10,0.3096138535031847,0,28,None,66,1,5,False,1000,1000
1149,19,random,10,0.3000597133757962,0,28,None,66,1,5,False,1000,1000
1150,15,random,10,0.3904259554140127,0,3,None,66,1,5,False,1000,1000
1151,16,random,10,0.4205812101910828,0,3,None,66,1,5,False,1000,1000
1152,17,random,10,0.3969944267515923,0,3,None,66,1,5,False,1000,1000
1153,18,random,10,0.3690286624203822,0,3,None,66,1,5,False,1000,1000
1154,19,random,10,0.352906050955414,0,3,None,66,1,5,False,1000,1000
1155,20,random,10,0.621218152866242,0,16,None,66,1,5,False,1000,1000
1156,21,random,10,0.6296775477707006,0,16,None,66,1,5,False,1000,1000
1157,22,random,10,0.6361464968152867,0,16,None,66,1,5,False,1000,1000
1158,23,random,10,0.6424164012738853,0,16,None,66,1,5,False,1000,1000
1159,24,random,10,0.6485867834394905,0,16,None,66,1,5,False,1000,1000
1160,20,random,10,0.5919585987261147,0,7,None,66,1,5,False,1000,1000
1161,21,random,10,0.5380175159235668,0,7,None,66,1,5,False,1000,1000
1162,22,random,10,0.4773089171974522,0,7,None,66,1,5,False,1000,1000
1163,23,random,10,0.4591958598726114,0,7,None,66,1,5,False,1000,1000
1164,24,random,10,0.4623805732484076,0,7,None,66,1,5,False,1000,1000
1165,20,random,10,0.2051154458598726,0,32,None,66,1,5,False,1000,1000
1166,21,random,10,0.2008359872611465,0,32,None,66,1,5,False,1000,1000
1167,22,random,10,0.1989450636942675,0,32,None,66,1,5,False,1000,1000
1168,23,random,10,0.1983479299363057,0,32,None,66,1,5,False,1000,1000
1169,24,random,10,0.2054140127388535,0,32,None,66,1,5,False,1000,1000
1170,20,random,10,0.3223527070063694,0,1,None,66,1,5,False,1000,1000
1171,21,random,10,0.2490047770700637,0,1,None,66,1,5,False,1000,1000
1172,22,random,10,0.2007364649681528,0,1,None,66,1,5,False,1000,1000
1173,23,random,10,0.1914808917197452,0,1,None,66,1,5,False,1000,1000
1174,24,random,10,0.1923765923566879,0,1,None,66,1,5,False,1000,1000
1175,20,random,10,0.5242834394904459,0,2,None,66,1,5,False,1000,1000
1176,21,random,10,0.517515923566879,0,2,None,66,1,5,False,1000,1000
1177,22,random,10,0.5276671974522293,0,2,None,66,1,5,False,1000,1000
1178,23,random,10,0.5450835987261147,0,2,None,66,1,5,False,1000,1000
1179,24,random,10,0.5627985668789809,0,2,None,66,1,5,False,1000,1000
1180,20,random,10,0.5707603503184714,0,9,None,66,1,5,False,1000,1000
1181,21,random,10,0.535031847133758,0,9,None,66,1,5,False,1000,1000
1182,22,random,10,0.4579020700636942,0,9,None,66,1,5,False,1000,1000
1183,23,random,10,0.4335191082802547,0,9,None,66,1,5,False,1000,1000
1184,24,random,10,0.4424761146496815,0,9,None,66,1,5,False,1000,1000
1185,20,random,10,0.3755971337579618,0,21,None,66,1,5,False,1000,1000
1186,21,random,10,0.3450437898089172,0,21,None,66,1,5,False,1000,1000
1187,22,random,10,0.3455414012738853,0,21,None,66,1,5,False,1000,1000
1188,23,random,10,0.3473328025477707,0,21,None,66,1,5,False,1000,1000
1189,24,random,10,0.3479299363057325,0,21,None,66,1,5,False,1000,1000
1190,20,random,10,0.3826632165605095,0,23,None,66,1,5,False,1000,1000
1191,21,random,10,0.3237460191082802,0,23,None,66,1,5,False,1000,1000
1192,22,random,10,0.2746815286624204,0,23,None,66,1,5,False,1000,1000
1193,23,random,10,0.2565684713375796,0,23,None,66,1,5,False,1000,1000
1194,24,random,10,0.2528861464968153,0,23,None,66,1,5,False,1000,1000
1195,20,random,10,0.3811703821656051,0,29,None,66,1,5,False,1000,1000
1196,21,random,10,0.3347929936305732,0,29,None,66,1,5,False,1000,1000
1197,22,random,10,0.2910031847133758,0,29,None,66,1,5,False,1000,1000
1198,23,random,10,0.2704020700636942,0,29,None,66,1,5,False,1000,1000
1199,24,random,10,0.3265326433121019,0,29,None,66,1,5,False,1000,1000
1200,20,random,10,0.1725716560509554,0,10,None,66,1,5,False,1000,1000
1201,21,random,10,0.1741640127388535,0,10,None,66,1,5,False,1000,1000
1202,22,random,10,0.1765525477707006,0,10,None,66,1,5,False,1000,1000
1203,23,random,10,0.1782444267515923,0,10,None,66,1,5,False,1000,1000
1204,24,random,10,0.1807324840764331,0,10,None,66,1,5,False,1000,1000
1205,20,random,10,0.1773487261146497,0,15,None,66,1,5,False,1000,1000
1206,21,random,10,0.1793391719745223,0,15,None,66,1,5,False,1000,1000
1207,22,random,10,0.1812300955414012,0,15,None,66,1,5,False,1000,1000
1208,23,random,10,0.1834195859872611,0,15,None,66,1,5,False,1000,1000
1209,24,random,10,0.1855095541401273,0,15,None,66,1,5,False,1000,1000
1210,20,random,10,0.403264331210191,0,12,None,66,1,5,False,1000,1000
1211,21,random,10,0.4849721337579618,0,12,None,66,1,5,False,1000,1000
1212,22,random,10,0.4697452229299363,0,12,None,66,1,5,False,1000,1000
1213,23,random,10,0.384952229299363,0,12,None,66,1,5,False,1000,1000
1214,24,random,10,0.363953025477707,0,12,None,66,1,5,False,1000,1000
1215,20,random,10,0.440187101910828,0,13,None,66,1,5,False,1000,1000
1216,21,random,10,0.409733280254777,0,13,None,66,1,5,False,1000,1000
1217,22,random,10,0.3866441082802547,0,13,None,66,1,5,False,1000,1000
1218,23,random,10,0.365843949044586,0,13,None,66,1,5,False,1000,1000
1219,24,random,10,0.3517117834394904,0,13,None,66,1,5,False,1000,1000
1220,20,random,10,0.3692277070063694,0,25,None,66,1,5,False,1000,1000
1221,21,random,10,0.3526074840764331,0,25,None,66,1,5,False,1000,1000
1222,22,random,10,0.3560907643312102,0,25,None,66,1,5,False,1000,1000
1223,23,random,10,0.4054538216560509,0,25,None,66,1,5,False,1000,1000
1224,24,random,10,0.408937101910828,0,25,None,66,1,5,False,1000,1000
1225,20,random,10,0.4423765923566879,0,26,None,66,1,5,False,1000,1000
1226,21,random,10,0.4448646496815286,0,26,None,66,1,5,False,1000,1000
1227,22,random,10,0.4613853503184713,0,26,None,66,1,5,False,1000,1000
1228,23,random,10,0.4910429936305732,0,26,None,66,1,5,False,1000,1000
1229,24,random,10,0.5128383757961783,0,26,None,66,1,5,False,1000,1000
1230,20,random,10,0.4299363057324841,0,11,None,66,1,5,False,1000,1000
1231,21,random,10,0.3770899681528662,0,11,None,66,1,5,False,1000,1000
1232,22,random,10,0.3661425159235669,0,11,None,66,1,5,False,1000,1000
1233,23,random,10,0.4047571656050955,0,11,None,66,1,5,False,1000,1000
1234,24,random,10,0.4568073248407643,0,11,None,66,1,5,False,1000,1000
1235,20,random,10,0.3953025477707006,0,24,None,66,1,5,False,1000,1000
1236,21,random,10,0.4153065286624204,0,24,None,66,1,5,False,1000,1000
1237,22,random,10,0.3737062101910828,0,24,None,66,1,5,False,1000,1000
1238,23,random,10,0.3436504777070063,0,24,None,66,1,5,False,1000,1000
1239,24,random,10,0.3433519108280254,0,24,None,66,1,5,False,1000,1000
1240,20,random,10,0.6195262738853503,0,17,None,66,1,5,False,1000,1000
1241,21,random,10,0.622312898089172,0,17,None,66,1,5,False,1000,1000
1242,22,random,10,0.6258957006369427,0,17,None,66,1,5,False,1000,1000
1243,23,random,10,0.6293789808917197,0,17,None,66,1,5,False,1000,1000
1244,24,random,10,0.6329617834394905,0,17,None,66,1,5,False,1000,1000
1245,20,random,10,0.3636544585987261,0,20,None,66,1,5,False,1000,1000
1246,21,random,10,0.3618630573248407,0,20,None,66,1,5,False,1000,1000
1247,22,random,10,0.3691281847133758,0,20,None,66,1,5,False,1000,1000
1248,23,random,10,0.381468949044586,0,20,None,66,1,5,False,1000,1000
1249,24,random,10,0.3998805732484076,0,20,None,66,1,5,False,1000,1000
1250,20,random,10,0.5952428343949044,0,18,None,66,1,5,False,1000,1000
1251,21,random,10,0.6009156050955414,0,18,None,66,1,5,False,1000,1000
1252,22,random,10,0.6057921974522293,0,18,None,66,1,5,False,1000,1000
1253,23,random,10,0.6122611464968153,0,18,None,66,1,5,False,1000,1000
1254,24,random,10,0.6171377388535032,0,18,None,66,1,5,False,1000,1000
1255,20,random,10,0.4339171974522293,0,19,None,66,1,5,False,1000,1000
1256,21,random,10,0.3440485668789809,0,19,None,66,1,5,False,1000,1000
1257,22,random,10,0.2897093949044586,0,19,None,66,1,5,False,1000,1000
1258,23,random,10,0.2697054140127388,0,19,None,66,1,5,False,1000,1000
1259,24,random,10,0.261843152866242,0,19,None,66,1,5,False,1000,1000
1260,20,random,10,0.5280652866242038,0,31,None,66,1,5,False,1000,1000
1261,21,random,10,0.3954020700636942,0,31,None,66,1,5,False,1000,1000
1262,22,random,10,0.3469347133757962,0,31,None,66,1,5,False,1000,1000
1263,23,random,10,0.3589769108280254,0,31,None,66,1,5,False,1000,1000
1264,24,random,10,0.4012738853503185,0,31,None,66,1,5,False,1000,1000
1265,20,random,10,0.5161226114649682,0,8,None,66,1,5,False,1000,1000
1266,21,random,10,0.4556130573248407,0,8,None,66,1,5,False,1000,1000
1267,22,random,10,0.4429737261146497,0,8,None,66,1,5,False,1000,1000
1268,23,random,10,0.4534235668789809,0,8,None,66,1,5,False,1000,1000
1269,24,random,10,0.4724323248407643,0,8,None,66,1,5,False,1000,1000
1270,20,random,10,0.5163216560509554,0,27,None,66,1,5,False,1000,1000
1271,21,random,10,0.5223925159235668,0,27,None,66,1,5,False,1000,1000
1272,22,random,10,0.519406847133758,0,27,None,66,1,5,False,1000,1000
1273,23,random,10,0.5187101910828026,0,27,None,66,1,5,False,1000,1000
1274,24,random,10,0.5179140127388535,0,27,None,66,1,5,False,1000,1000
1275,20,random,10,0.507265127388535,0,30,None,66,1,5,False,1000,1000
1276,21,random,10,0.5013933121019108,0,30,None,66,1,5,False,1000,1000
1277,22,random,10,0.5081608280254777,0,30,None,66,1,5,False,1000,1000
1278,23,random,10,0.5143312101910829,0,30,None,66,1,5,False,1000,1000
1279,24,random,10,0.5209992038216561,0,30,None,66,1,5,False,1000,1000
1280,20,random,10,0.5981289808917197,0,14,None,66,1,5,False,1000,1000
1281,21,random,10,0.6075835987261147,0,14,None,66,1,5,False,1000,1000
1282,22,random,10,0.615843949044586,0,14,None,66,1,5,False,1000,1000
1283,23,random,10,0.6233081210191083,0,14,None,66,1,5,False,1000,1000
1284,24,random,10,0.627687101910828,0,14,None,66,1,5,False,1000,1000
1285,20,random,10,0.2159633757961783,0,4,None,66,1,5,False,1000,1000
1286,21,random,10,0.2436305732484076,0,4,None,66,1,5,False,1000,1000
1287,22,random,10,0.2578622611464968,0,4,None,66,1,5,False,1000,1000
1288,23,random,10,0.2617436305732484,0,4,None,66,1,5,False,1000,1000
1289,24,random,10,0.2576632165605095,0,4,None,66,1,5,False,1000,1000
1290,20,random,10,0.6206210191082803,0,22,None,66,1,5,False,1000,1000
1291,21,random,10,0.6240047770700637,0,22,None,66,1,5,False,1000,1000
1292,22,random,10,0.6291799363057324,0,22,None,66,1,5,False,1000,1000
1293,23,random,10,0.6331608280254777,0,22,None,66,1,5,False,1000,1000
1294,24,random,10,0.6365445859872612,0,22,None,66,1,5,False,1000,1000
1295,20,random,10,0.3725119426751592,0,5,None,66,1,5,False,1000,1000
1296,21,random,10,0.3672372611464968,0,5,None,66,1,5,False,1000,1000
1297,22,random,10,0.3501194267515923,0,5,None,66,1,5,False,1000,1000
1298,23,random,10,0.3619625796178344,0,5,None,66,1,5,False,1000,1000
1299,24,random,10,0.3621616242038216,0,5,None,66,1,5,False,1000,1000
1300,20,random,10,0.5477707006369427,0,6,None,66,1,5,False,1000,1000
1301,21,random,10,0.5439888535031847,0,6,None,66,1,5,False,1000,1000
1302,22,random,10,0.5511544585987261,0,6,None,66,1,5,False,1000,1000
1303,23,random,10,0.5585191082802548,0,6,None,66,1,5,False,1000,1000
1304,24,random,10,0.5676751592356688,0,6,None,66,1,5,False,1000,1000
1305,20,random,10,0.4149084394904458,0,0,None,66,1,5,False,1000,1000
1306,21,random,10,0.4130175159235669,0,0,None,66,1,5,False,1000,1000
1307,22,random,10,0.3676353503184713,0,0,None,66,1,5,False,1000,1000
1308,23,random,10,0.3231488853503185,0,0,None,66,1,5,False,1000,1000
1309,24,random,10,0.2842356687898089,0,0,None,66,1,5,False,1000,1000
1310,20,random,10,0.4160031847133758,0,28,None,66,1,5,False,1000,1000
1311,21,random,10,0.397093949044586,0,28,None,66,1,5,False,1000,1000
1312,22,random,10,0.3142914012738853,0,28,None,66,1,5,False,1000,1000
1313,23,random,10,0.2568670382165605,0,28,None,66,1,5,False,1000,1000
1314,24,random,10,0.2426353503184713,0,28,None,66,1,5,False,1000,1000
1315,20,random,10,0.3485270700636942,0,3,None,66,1,5,False,1000,1000
1316,21,random,10,0.3474323248407643,0,3,None,66,1,5,False,1000,1000
1317,22,random,10,0.3227507961783439,0,3,None,66,1,5,False,1000,1000
1318,23,random,10,0.2971735668789809,0,3,None,66,1,5,False,1000,1000
1319,24,random,10,0.2827428343949044,0,3,None,66,1,5,False,1000,1000
2145,25,random,10,0.2154657643312102,0,1,None,66,1,5,False,1000,1000
2146,26,random,10,0.2048168789808917,0,1,None,66,1,5,False,1000,1000
2147,27,random,10,0.2052149681528662,0,1,None,66,1,5,False,1000,1000
2148,28,random,10,0.2137738853503184,0,1,None,66,1,5,False,1000,1000
2149,29,random,10,0.292296974522293,0,1,None,66,1,5,False,1000,1000
2150,25,random,10,0.3705214968152866,0,5,None,66,1,5,False,1000,1000
2151,26,random,10,0.3453423566878981,0,5,None,66,1,5,False,1000,1000
2152,27,random,10,0.3190684713375796,0,5,None,66,1,5,False,1000,1000
2153,28,random,10,0.301453025477707,0,5,None,66,1,5,False,1000,1000
2154,29,random,10,0.291202229299363,0,5,None,66,1,5,False,1000,1000
2155,25,random,10,0.3128980891719745,0,13,None,66,1,5,False,1000,1000
2156,26,random,10,0.2794585987261146,0,13,None,66,1,5,False,1000,1000
2157,27,random,10,0.2595541401273885,0,13,None,66,1,5,False,1000,1000
2158,28,random,10,0.2568670382165605,0,13,None,66,1,5,False,1000,1000
2159,29,random,10,0.3342953821656051,0,13,None,66,1,5,False,1000,1000
2160,25,random,10,0.1824243630573248,0,10,None,66,1,5,False,1000,1000
2161,26,random,10,0.1861066878980891,0,10,None,66,1,5,False,1000,1000
2162,27,random,10,0.1903861464968153,0,10,None,66,1,5,False,1000,1000
2163,28,random,10,0.1957603503184713,0,10,None,66,1,5,False,1000,1000
2164,29,random,10,0.2069068471337579,0,10,None,66,1,5,False,1000,1000
2165,25,random,10,0.1852109872611465,0,15,None,66,1,5,False,1000,1000
2166,26,random,10,0.1881966560509554,0,15,None,66,1,5,False,1000,1000
2167,27,random,10,0.1911823248407643,0,15,None,66,1,5,False,1000,1000
2168,28,random,10,0.1937699044585987,0,15,None,66,1,5,False,1000,1000
2169,29,random,10,0.1959593949044586,0,15,None,66,1,5,False,1000,1000
2170,25,random,10,0.6321656050955414,0,16,None,66,1,5,False,1000,1000
2171,26,random,10,0.6376393312101911,0,16,None,66,1,5,False,1000,1000
2172,27,random,10,0.646297770700637,0,16,None,66,1,5,False,1000,1000
2173,28,random,10,0.650577229299363,0,16,None,66,1,5,False,1000,1000
2174,29,random,10,0.6570461783439491,0,16,None,66,1,5,False,1000,1000
2175,25,random,10,0.3848527070063694,0,20,None,66,1,5,False,1000,1000
2176,26,random,10,0.3824641719745223,0,20,None,66,1,5,False,1000,1000
2177,27,random,10,0.3942078025477707,0,20,None,66,1,5,False,1000,1000
2178,28,random,10,0.4187898089171974,0,20,None,66,1,5,False,1000,1000
2179,29,random,10,0.4471536624203822,0,20,None,66,1,5,False,1000,1000
2180,25,random,10,0.6345541401273885,0,22,None,66,1,5,False,1000,1000
2181,26,random,10,0.6375398089171974,0,22,None,66,1,5,False,1000,1000
2182,27,random,10,0.6394307324840764,0,22,None,66,1,5,False,1000,1000
2183,28,random,10,0.64171974522293,0,22,None,66,1,5,False,1000,1000
2184,29,random,10,0.644406847133758,0,22,None,66,1,5,False,1000,1000
2185,25,random,10,0.6266918789808917,0,14,None,66,1,5,False,1000,1000
2186,26,random,10,0.6297770700636943,0,14,None,66,1,5,False,1000,1000
2187,27,random,10,0.6335589171974523,0,14,None,66,1,5,False,1000,1000
2188,28,random,10,0.634156050955414,0,14,None,66,1,5,False,1000,1000
2189,29,random,10,0.6359474522292994,0,14,None,66,1,5,False,1000,1000
2190,25,random,10,0.244327229299363,0,23,None,66,1,5,False,1000,1000
2191,26,random,10,0.2398487261146497,0,23,None,66,1,5,False,1000,1000
2192,27,random,10,0.2450238853503184,0,23,None,66,1,5,False,1000,1000
2193,28,random,10,0.2722929936305732,0,23,None,66,1,5,False,1000,1000
2194,29,random,10,0.3045382165605095,0,23,None,66,1,5,False,1000,1000
2195,25,random,10,0.2600517515923566,0,21,None,66,1,5,False,1000,1000
2196,26,random,10,0.2657245222929936,0,21,None,66,1,5,False,1000,1000
2197,27,random,10,0.266421178343949,0,21,None,66,1,5,False,1000,1000
2198,28,random,10,0.2660230891719745,0,21,None,66,1,5,False,1000,1000
2199,29,random,10,0.3241441082802547,0,21,None,66,1,5,False,1000,1000
2200,25,random,10,0.4951234076433121,0,25,None,66,1,5,False,1000,1000
2201,26,random,10,0.5250796178343949,0,25,None,66,1,5,False,1000,1000
2202,27,random,10,0.5467754777070064,0,25,None,66,1,5,False,1000,1000
2203,28,random,10,0.5744426751592356,0,25,None,66,1,5,False,1000,1000
2204,29,random,10,0.5882762738853503,0,25,None,66,1,5,False,1000,1000
2205,25,random,10,0.5669785031847133,0,26,None,66,1,5,False,1000,1000
2206,26,random,10,0.5745421974522293,0,26,None,66,1,5,False,1000,1000
2207,27,random,10,0.5804140127388535,0,26,None,66,1,5,False,1000,1000
2208,28,random,10,0.5866839171974523,0,26,None,66,1,5,False,1000,1000
2209,29,random,10,0.5906648089171974,0,26,None,66,1,5,False,1000,1000
2210,25,random,10,0.5688694267515924,0,12,None,66,1,5,False,1000,1000
2211,26,random,10,0.4753184713375796,0,12,None,66,1,5,False,1000,1000
2212,27,random,10,0.4159036624203822,0,12,None,66,1,5,False,1000,1000
2213,28,random,10,0.4027667197452229,0,12,None,66,1,5,False,1000,1000
2214,29,random,10,0.4151074840764331,0,12,None,66,1,5,False,1000,1000
2215,25,random,10,0.2727906050955414,0,28,None,66,1,5,False,1000,1000
2216,26,random,10,0.2467157643312102,0,28,None,66,1,5,False,1000,1000
2217,27,random,10,0.2446257961783439,0,28,None,66,1,5,False,1000,1000
2218,28,random,10,0.2627388535031847,0,28,None,66,1,5,False,1000,1000
2219,29,random,10,0.3104100318471338,0,28,None,66,1,5,False,1000,1000
2220,25,random,10,0.2549761146496815,0,29,None,66,1,5,False,1000,1000
2221,26,random,10,0.2510947452229299,0,29,None,66,1,5,False,1000,1000
2222,27,random,10,0.3415605095541401,0,29,None,66,1,5,False,1000,1000
2223,28,random,10,0.3453423566878981,0,29,None,66,1,5,False,1000,1000
2224,29,random,10,0.3527070063694267,0,29,None,66,1,5,False,1000,1000
2225,25,random,10,0.5746417197452229,0,9,None,66,1,5,False,1000,1000
2226,26,random,10,0.5176154458598726,0,9,None,66,1,5,False,1000,1000
2227,27,random,10,0.5070660828025477,0,9,None,66,1,5,False,1000,1000
2228,28,random,10,0.5208996815286624,0,9,None,66,1,5,False,1000,1000
2229,29,random,10,0.5401074840764332,0,9,None,66,1,5,False,1000,1000
2230,25,random,10,0.4529259554140127,0,30,None,66,1,5,False,1000,1000
2231,26,random,10,0.3973925159235669,0,30,None,66,1,5,False,1000,1000
2232,27,random,10,0.3919187898089172,0,30,None,66,1,5,False,1000,1000
2233,28,random,10,0.4013734076433121,0,30,None,66,1,5,False,1000,1000
2234,29,random,10,0.4141122611464968,0,30,None,66,1,5,False,1000,1000
2235,25,random,10,0.5967356687898089,0,6,None,66,1,5,False,1000,1000
2236,26,random,10,0.6007165605095541,0,6,None,66,1,5,False,1000,1000
2237,27,random,10,0.6057921974522293,0,6,None,66,1,5,False,1000,1000
2238,28,random,10,0.6094745222929936,0,6,None,66,1,5,False,1000,1000
2239,29,random,10,0.6144506369426752,0,6,None,66,1,5,False,1000,1000
2240,25,random,10,0.3699243630573248,0,27,None,66,1,5,False,1000,1000
2241,26,random,10,0.3758957006369426,0,27,None,66,1,5,False,1000,1000
2242,27,random,10,0.4054538216560509,0,27,None,66,1,5,False,1000,1000
2243,28,random,10,0.4949243630573248,0,27,None,66,1,5,False,1000,1000
2244,29,random,10,0.5035828025477707,0,27,None,66,1,5,False,1000,1000
2245,25,random,10,0.2689092356687898,0,4,None,66,1,5,False,1000,1000
2246,26,random,10,0.2561703821656051,0,4,None,66,1,5,False,1000,1000
2247,27,random,10,0.2442277070063694,0,4,None,66,1,5,False,1000,1000
2248,28,random,10,0.2335788216560509,0,4,None,66,1,5,False,1000,1000
2249,29,random,10,0.2253184713375796,0,4,None,66,1,5,False,1000,1000
2250,25,random,10,0.6209195859872612,0,7,None,66,1,5,False,1000,1000
2251,26,random,10,0.5583200636942676,0,7,None,66,1,5,False,1000,1000
2252,27,random,10,0.5314490445859873,0,7,None,66,1,5,False,1000,1000
2253,28,random,10,0.5188097133757962,0,7,None,66,1,5,False,1000,1000
2254,29,random,10,0.5249800955414012,0,7,None,66,1,5,False,1000,1000
2255,25,random,10,0.2433320063694267,0,32,None,66,1,5,False,1000,1000
2256,26,random,10,0.2661226114649681,0,32,None,66,1,5,False,1000,1000
2257,27,random,10,0.2736863057324841,0,32,None,66,1,5,False,1000,1000
2258,28,random,10,0.2854299363057325,0,32,None,66,1,5,False,1000,1000
2259,29,random,10,0.3001592356687898,0,32,None,66,1,5,False,1000,1000
2260,25,random,10,0.4915406050955414,0,2,None,66,1,5,False,1000,1000
2261,26,random,10,0.4953224522292994,0,2,None,66,1,5,False,1000,1000
2262,27,random,10,0.5011942675159236,0,2,None,66,1,5,False,1000,1000
2263,28,random,10,0.5163216560509554,0,2,None,66,1,5,False,1000,1000
2264,29,random,10,0.5334394904458599,0,2,None,66,1,5,False,1000,1000
2265,25,random,10,0.3171775477707006,0,0,None,66,1,5,False,1000,1000
2266,26,random,10,0.2973726114649681,0,0,None,66,1,5,False,1000,1000
2267,27,random,10,0.2959792993630573,0,0,None,66,1,5,False,1000,1000
2268,28,random,10,0.300358280254777,0,0,None,66,1,5,False,1000,1000
2269,29,random,10,0.3063296178343949,0,0,None,66,1,5,False,1000,1000
2270,25,random,10,0.484375,0,8,None,66,1,5,False,1000,1000
2271,26,random,10,0.4402866242038216,0,8,None,66,1,5,False,1000,1000
2272,27,random,10,0.4419785031847134,0,8,None,66,1,5,False,1000,1000
2273,28,random,10,0.4519307324840764,0,8,None,66,1,5,False,1000,1000
2274,29,random,10,0.4698447452229299,0,8,None,66,1,5,False,1000,1000
2275,25,random,10,0.3294187898089172,0,3,None,66,1,5,False,1000,1000
2276,26,random,10,0.3166799363057325,0,3,None,66,1,5,False,1000,1000
2277,27,random,10,0.3181727707006369,0,3,None,66,1,5,False,1000,1000
2278,28,random,10,0.3229498407643312,0,3,None,66,1,5,False,1000,1000
2279,29,random,10,0.3318073248407643,0,3,None,66,1,5,False,1000,1000
2280,25,random,10,0.51671974522293,0,18,None,66,1,5,False,1000,1000
2281,26,random,10,0.5357285031847133,0,18,None,66,1,5,False,1000,1000
2282,27,random,10,0.5447850318471338,0,18,None,66,1,5,False,1000,1000
2283,28,random,10,0.553343949044586,0,18,None,66,1,5,False,1000,1000
2284,29,random,10,0.5583200636942676,0,18,None,66,1,5,False,1000,1000
2285,25,random,10,0.300358280254777,0,19,None,66,1,5,False,1000,1000
2286,26,random,10,0.2790605095541401,0,19,None,66,1,5,False,1000,1000
2287,27,random,10,0.2617436305732484,0,19,None,66,1,5,False,1000,1000
2288,28,random,10,0.2569665605095541,0,19,None,66,1,5,False,1000,1000
2289,29,random,10,0.2548765923566879,0,19,None,66,1,5,False,1000,1000
2290,25,random,10,0.4057523885350318,0,31,None,66,1,5,False,1000,1000
2291,26,random,10,0.4355095541401274,0,31,None,66,1,5,False,1000,1000
2292,27,random,10,0.4788017515923566,0,31,None,66,1,5,False,1000,1000
2293,28,random,10,0.5084593949044586,0,31,None,66,1,5,False,1000,1000
2294,29,random,10,0.5201035031847133,0,31,None,66,1,5,False,1000,1000
2295,25,random,10,0.5310509554140127,0,11,None,66,1,5,False,1000,1000
2296,26,random,10,0.5176154458598726,0,11,None,66,1,5,False,1000,1000
2297,27,random,10,0.5177149681528662,0,11,None,66,1,5,False,1000,1000
2298,28,random,10,0.5329418789808917,0,11,None,66,1,5,False,1000,1000
2299,29,random,10,0.5500597133757962,0,11,None,66,1,5,False,1000,1000
2300,25,random,10,0.4046576433121019,0,24,None,66,1,5,False,1000,1000
2301,26,random,10,0.3569864649681528,0,24,None,66,1,5,False,1000,1000
2302,27,random,10,0.3127985668789809,0,24,None,66,1,5,False,1000,1000
2303,28,random,10,0.3091162420382166,0,24,None,66,1,5,False,1000,1000
2304,29,random,10,0.3348925159235669,0,24,None,66,1,5,False,1000,1000
2305,25,random,10,0.6347531847133758,0,17,None,66,1,5,False,1000,1000
2306,26,random,10,0.6375398089171974,0,17,None,66,1,5,False,1000,1000
2307,27,random,10,0.6410230891719745,0,17,None,66,1,5,False,1000,1000
2308,28,random,10,0.645203025477707,0,17,None,66,1,5,False,1000,1000
2309,29,random,10,0.6499800955414012,0,17,None,66,1,5,False,1000,1000
2310,30,random,10,0.3247412420382166,0,1,None,66,1,5,False,1000,1000
2311,31,random,10,0.3351910828025478,0,1,None,66,1,5,False,1000,1000
2312,32,random,10,0.3428542993630573,0,1,None,66,1,5,False,1000,1000
2313,33,random,10,0.3487261146496815,0,1,None,66,1,5,False,1000,1000
2314,34,random,10,0.3511146496815286,0,1,None,66,1,5,False,1000,1000
2315,30,random,10,0.3221536624203822,0,2,None,66,1,5,False,1000,1000
2316,31,random,10,0.3310111464968153,0,2,None,66,1,5,False,1000,1000
2317,32,random,10,0.3451433121019108,0,2,None,66,1,5,False,1000,1000
2318,33,random,10,0.4017714968152866,0,2,None,66,1,5,False,1000,1000
2319,34,random,10,0.4249601910828025,0,2,None,66,1,5,False,1000,1000
2320,30,random,10,0.5677746815286624,0,5,None,66,1,5,False,1000,1000
2321,31,random,10,0.5216958598726115,0,5,None,66,1,5,False,1000,1000
2322,32,random,10,0.5236863057324841,0,5,None,66,1,5,False,1000,1000
2323,33,random,10,0.5338375796178344,0,5,None,66,1,5,False,1000,1000
2324,34,random,10,0.5423964968152867,0,5,None,66,1,5,False,1000,1000
2325,30,random,10,0.219546178343949,0,23,None,66,1,5,False,1000,1000
2326,31,random,10,0.2175557324840764,0,23,None,66,1,5,False,1000,1000
2327,32,random,10,0.2210390127388535,0,23,None,66,1,5,False,1000,1000
2328,33,random,10,0.2243232484076433,0,23,None,66,1,5,False,1000,1000
2329,34,random,10,0.2304936305732484,0,23,None,66,1,5,False,1000,1000
2330,30,random,10,0.2269108280254777,0,22,None,66,1,5,False,1000,1000
2331,31,random,10,0.2700039808917197,0,22,None,66,1,5,False,1000,1000
2332,32,random,10,0.2732882165605095,0,22,None,66,1,5,False,1000,1000
2333,33,random,10,0.2832404458598726,0,22,None,66,1,5,False,1000,1000
2334,34,random,10,0.3443471337579618,0,22,None,66,1,5,False,1000,1000
2335,30,random,10,0.2875199044585987,0,7,None,66,1,5,False,1000,1000
2336,31,random,10,0.3581807324840764,0,7,None,66,1,5,False,1000,1000
2337,32,random,10,0.4155055732484076,0,7,None,66,1,5,False,1000,1000
2338,33,random,10,0.4205812101910828,0,7,None,66,1,5,False,1000,1000
2339,34,random,10,0.4204816878980891,0,7,None,66,1,5,False,1000,1000
2340,30,random,10,0.2218351910828025,0,32,None,66,1,5,False,1000,1000
2341,31,random,10,0.2121815286624203,0,32,None,66,1,5,False,1000,1000
2342,32,random,10,0.2054140127388535,0,32,None,66,1,5,False,1000,1000
2343,33,random,10,0.2026273885350318,0,32,None,66,1,5,False,1000,1000
2344,34,random,10,0.2177547770700637,0,32,None,66,1,5,False,1000,1000
2345,30,random,10,0.4008757961783439,0,29,None,66,1,5,False,1000,1000
2346,31,random,10,0.3957006369426751,0,29,None,66,1,5,False,1000,1000
2347,32,random,10,0.3878383757961783,0,29,None,66,1,5,False,1000,1000
2348,33,random,10,0.3922173566878981,0,29,None,66,1,5,False,1000,1000
2349,34,random,10,0.4011743630573248,0,29,None,66,1,5,False,1000,1000
2350,30,random,10,0.6385350318471338,0,14,None,66,1,5,False,1000,1000
2351,31,random,10,0.6432125796178344,0,14,None,66,1,5,False,1000,1000
2352,32,random,10,0.6460987261146497,0,14,None,66,1,5,False,1000,1000
2353,33,random,10,0.6480891719745223,0,14,None,66,1,5,False,1000,1000
2354,34,random,10,0.6514729299363057,0,14,None,66,1,5,False,1000,1000
2355,30,random,10,0.384952229299363,0,13,None,66,1,5,False,1000,1000
2356,31,random,10,0.4054538216560509,0,13,None,66,1,5,False,1000,1000
2357,32,random,10,0.4166003184713376,0,13,None,66,1,5,False,1000,1000
2358,33,random,10,0.4244625796178344,0,13,None,66,1,5,False,1000,1000
2359,34,random,10,0.4331210191082802,0,13,None,66,1,5,False,1000,1000
2360,30,random,10,0.2190485668789809,0,20,None,66,1,5,False,1000,1000
2361,31,random,10,0.2181528662420382,0,20,None,66,1,5,False,1000,1000
2362,32,random,10,0.2162619426751592,0,20,None,66,1,5,False,1000,1000
2363,33,random,10,0.2261146496815286,0,20,None,66,1,5,False,1000,1000
2364,34,random,10,0.2951831210191082,0,20,None,66,1,5,False,1000,1000
2365,30,random,10,0.3220541401273885,0,28,None,66,1,5,False,1000,1000
2366,31,random,10,0.4095342356687898,0,28,None,66,1,5,False,1000,1000
2367,32,random,10,0.4213773885350318,0,28,None,66,1,5,False,1000,1000
2368,33,random,10,0.4252587579617834,0,28,None,66,1,5,False,1000,1000
2369,34,random,10,0.4307324840764331,0,28,None,66,1,5,False,1000,1000
2370,30,random,10,0.2563694267515923,0,8,None,66,1,5,False,1000,1000
2371,31,random,10,0.2512937898089172,0,8,None,66,1,5,False,1000,1000
2372,32,random,10,0.2693073248407643,0,8,None,66,1,5,False,1000,1000
2373,33,random,10,0.2429339171974522,0,8,None,66,1,5,False,1000,1000
2374,34,random,10,0.2654259554140127,0,8,None,66,1,5,False,1000,1000
2375,30,random,10,0.5343351910828026,0,16,None,66,1,5,False,1000,1000
2376,31,random,10,0.554140127388535,0,16,None,66,1,5,False,1000,1000
2377,32,random,10,0.5664808917197452,0,16,None,66,1,5,False,1000,1000
2378,33,random,10,0.5744426751592356,0,16,None,66,1,5,False,1000,1000
2379,34,random,10,0.581906847133758,0,16,None,66,1,5,False,1000,1000
2380,30,random,10,0.4945262738853503,0,19,None,66,1,5,False,1000,1000
2381,31,random,10,0.4910429936305732,0,19,None,66,1,5,False,1000,1000
2382,32,random,10,0.5025875796178344,0,19,None,66,1,5,False,1000,1000
2383,33,random,10,0.5120421974522293,0,19,None,66,1,5,False,1000,1000
2384,34,random,10,0.522093949044586,0,19,None,66,1,5,False,1000,1000
2385,30,random,10,0.4191878980891719,0,30,None,66,1,5,False,1000,1000
2386,31,random,10,0.386046974522293,0,30,None,66,1,5,False,1000,1000
2387,32,random,10,0.3786823248407643,0,30,None,66,1,5,False,1000,1000
2388,33,random,10,0.3828622611464968,0,30,None,66,1,5,False,1000,1000
2389,34,random,10,0.3903264331210191,0,30,None,66,1,5,False,1000,1000
2390,30,random,10,0.2924960191082802,0,0,None,66,1,5,False,1000,1000
2391,31,random,10,0.2985668789808917,0,0,None,66,1,5,False,1000,1000
2392,32,random,10,0.2945859872611465,0,0,None,66,1,5,False,1000,1000
2393,33,random,10,0.2903065286624204,0,0,None,66,1,5,False,1000,1000
2394,34,random,10,0.2950835987261146,0,0,None,66,1,5,False,1000,1000
2395,30,random,10,0.5652866242038217,0,17,None,66,1,5,False,1000,1000
2396,31,random,10,0.5592157643312102,0,17,None,66,1,5,False,1000,1000
2397,32,random,10,0.5637937898089171,0,17,None,66,1,5,False,1000,1000
2398,33,random,10,0.5688694267515924,0,17,None,66,1,5,False,1000,1000
2399,34,random,10,0.572452229299363,0,17,None,66,1,5,False,1000,1000
2400,30,random,10,0.3009554140127388,0,21,None,66,1,5,False,1000,1000
2401,31,random,10,0.3164808917197452,0,21,None,66,1,5,False,1000,1000
2402,32,random,10,0.379578025477707,0,21,None,66,1,5,False,1000,1000
2403,33,random,10,0.3900278662420382,0,21,None,66,1,5,False,1000,1000
2404,34,random,10,0.3957006369426751,0,21,None,66,1,5,False,1000,1000
2405,30,random,10,0.3702229299363057,0,24,None,66,1,5,False,1000,1000
2406,31,random,10,0.3631568471337579,0,24,None,66,1,5,False,1000,1000
2407,32,random,10,0.3476313694267516,0,24,None,66,1,5,False,1000,1000
2408,33,random,10,0.3533041401273885,0,24,None,66,1,5,False,1000,1000
2409,34,random,10,0.3633558917197452,0,24,None,66,1,5,False,1000,1000
2410,30,random,10,0.5897691082802548,0,25,None,66,1,5,False,1000,1000
2411,31,random,10,0.5931528662420382,0,25,None,66,1,5,False,1000,1000
2412,32,random,10,0.5958399681528662,0,25,None,66,1,5,False,1000,1000
2413,33,random,10,0.5988256369426752,0,25,None,66,1,5,False,1000,1000
2414,34,random,10,0.6013136942675159,0,25,None,66,1,5,False,1000,1000
2415,30,random,10,0.6380374203821656,0,9,None,66,1,5,False,1000,1000
2416,31,random,10,0.6401273885350318,0,9,None,66,1,5,False,1000,1000
2417,32,random,10,0.6411226114649682,0,9,None,66,1,5,False,1000,1000
2418,33,random,10,0.6426154458598726,0,9,None,66,1,5,False,1000,1000
2419,34,random,10,0.6460987261146497,0,9,None,66,1,5,False,1000,1000
2420,30,random,10,0.3655453821656051,0,6,None,66,1,5,False,1000,1000
2421,31,random,10,0.332703025477707,0,6,None,66,1,5,False,1000,1000
2422,32,random,10,0.3037420382165605,0,6,None,66,1,5,False,1000,1000
2423,33,random,10,0.3024482484076433,0,6,None,66,1,5,False,1000,1000
2424,34,random,10,0.3097133757961783,0,6,None,66,1,5,False,1000,1000
2425,30,random,10,0.61046974522293,0,26,None,66,1,5,False,1000,1000
2426,31,random,10,0.6141520700636943,0,26,None,66,1,5,False,1000,1000
2427,32,random,10,0.6186305732484076,0,26,None,66,1,5,False,1000,1000
2428,33,random,10,0.6219148089171974,0,26,None,66,1,5,False,1000,1000
2429,34,random,10,0.6235071656050956,0,26,None,66,1,5,False,1000,1000
2430,30,random,10,0.4002786624203822,0,12,None,66,1,5,False,1000,1000
2431,31,random,10,0.3540007961783439,0,12,None,66,1,5,False,1000,1000
2432,32,random,10,0.3427547770700637,0,12,None,66,1,5,False,1000,1000
2433,33,random,10,0.3506170382165605,0,12,None,66,1,5,False,1000,1000
2434,34,random,10,0.3621616242038216,0,12,None,66,1,5,False,1000,1000
2435,30,random,10,0.2469148089171974,0,3,None,66,1,5,False,1000,1000
2436,31,random,10,0.2575636942675159,0,3,None,66,1,5,False,1000,1000
2437,32,random,10,0.2799562101910828,0,3,None,66,1,5,False,1000,1000
2438,33,random,10,0.2859275477707006,0,3,None,66,1,5,False,1000,1000
2439,34,random,10,0.2816480891719745,0,3,None,66,1,5,False,1000,1000
2440,30,random,10,0.228702229299363,0,10,None,66,1,5,False,1000,1000
2441,31,random,10,0.2194466560509554,0,10,None,66,1,5,False,1000,1000
2442,32,random,10,0.2083001592356688,0,10,None,66,1,5,False,1000,1000
2443,33,random,10,0.2023288216560509,0,10,None,66,1,5,False,1000,1000
2444,34,random,10,0.2071058917197452,0,10,None,66,1,5,False,1000,1000
2445,30,random,10,0.222233280254777,0,4,None,66,1,5,False,1000,1000
2446,31,random,10,0.2117834394904458,0,4,None,66,1,5,False,1000,1000
2447,32,random,10,0.2073049363057325,0,4,None,66,1,5,False,1000,1000
2448,33,random,10,0.2079020700636942,0,4,None,66,1,5,False,1000,1000
2449,34,random,10,0.2116839171974522,0,4,None,66,1,5,False,1000,1000
2450,30,random,10,0.5623009554140127,0,11,None,66,1,5,False,1000,1000
2451,31,random,10,0.5746417197452229,0,11,None,66,1,5,False,1000,1000
2452,32,random,10,0.5858877388535032,0,11,None,66,1,5,False,1000,1000
2453,33,random,10,0.5930533439490446,0,11,None,66,1,5,False,1000,1000
2454,34,random,10,0.5967356687898089,0,11,None,66,1,5,False,1000,1000
2455,30,random,10,0.2478105095541401,0,15,None,66,1,5,False,1000,1000
2456,31,random,10,0.2778662420382166,0,15,None,66,1,5,False,1000,1000
2457,32,random,10,0.2906050955414013,0,15,None,66,1,5,False,1000,1000
2458,33,random,10,0.3081210191082802,0,15,None,66,1,5,False,1000,1000
2459,34,random,10,0.3674363057324841,0,15,None,66,1,5,False,1000,1000
2460,30,random,10,0.5490644904458599,0,18,None,66,1,5,False,1000,1000
2461,31,random,10,0.5499601910828026,0,18,None,66,1,5,False,1000,1000
2462,32,random,10,0.5556329617834395,0,18,None,66,1,5,False,1000,1000
2463,33,random,10,0.5624004777070064,0,18,None,66,1,5,False,1000,1000
2464,34,random,10,0.5678742038216561,0,18,None,66,1,5,False,1000,1000
2465,30,random,10,0.3486265923566879,0,31,None,66,1,5,False,1000,1000
2466,31,random,10,0.3408638535031847,0,31,None,66,1,5,False,1000,1000
2467,32,random,10,0.3147890127388535,0,31,None,66,1,5,False,1000,1000
2468,33,random,10,0.3283240445859872,0,31,None,66,1,5,False,1000,1000
2469,34,random,10,0.3619625796178344,0,31,None,66,1,5,False,1000,1000
2470,30,random,10,0.4825835987261146,0,27,None,66,1,5,False,1000,1000
2471,31,random,10,0.4929339171974522,0,27,None,66,1,5,False,1000,1000
2472,32,random,10,0.5021894904458599,0,27,None,66,1,5,False,1000,1000
2473,33,random,10,0.5031847133757962,0,27,None,66,1,5,False,1000,1000
2474,34,random,10,0.5046775477707006,0,27,None,66,1,5,False,1000,1000
3630,35,random,10,0.3176751592356688,0,1,None,66,1,5,False,1000,1000
3631,36,random,10,0.3277269108280254,0,1,None,66,1,5,False,1000,1000
3632,37,random,10,0.3358877388535032,0,1,None,66,1,5,False,1000,1000
3633,38,random,10,0.3427547770700637,0,1,None,66,1,5,False,1000,1000
3634,39,random,10,0.3479299363057325,0,1,None,66,1,5,False,1000,1000
3635,35,random,10,0.4376990445859872,0,13,None,66,1,5,False,1000,1000
3636,36,random,10,0.4451632165605095,0,13,None,66,1,5,False,1000,1000
3637,37,random,10,0.4523288216560509,0,13,None,66,1,5,False,1000,1000
3638,38,random,10,0.4574044585987261,0,13,None,66,1,5,False,1000,1000
3639,39,random,10,0.4648686305732484,0,13,None,66,1,5,False,1000,1000
3640,35,random,10,0.3272292993630573,0,16,None,66,1,5,False,1000,1000
3641,36,random,10,0.3203622611464968,0,16,None,66,1,5,False,1000,1000
3642,37,random,10,0.3343949044585987,0,16,None,66,1,5,False,1000,1000
3643,38,random,10,0.3496218152866242,0,16,None,66,1,5,False,1000,1000
3644,39,random,10,0.3625597133757962,0,16,None,66,1,5,False,1000,1000
3645,35,random,10,0.6426154458598726,0,14,None,66,1,5,False,1000,1000
3646,36,random,10,0.6451035031847133,0,14,None,66,1,5,False,1000,1000
3647,37,random,10,0.6483877388535032,0,14,None,66,1,5,False,1000,1000
3648,38,random,10,0.649781050955414,0,14,None,66,1,5,False,1000,1000
3649,39,random,10,0.6514729299363057,0,14,None,66,1,5,False,1000,1000
3650,35,random,10,0.6040007961783439,0,25,None,66,1,5,False,1000,1000
3651,36,random,10,0.6075835987261147,0,25,None,66,1,5,False,1000,1000
3652,37,random,10,0.6101711783439491,0,25,None,66,1,5,False,1000,1000
3653,38,random,10,0.6127587579617835,0,25,None,66,1,5,False,1000,1000
3654,39,random,10,0.6163415605095541,0,25,None,66,1,5,False,1000,1000
3655,35,random,10,0.3509156050955414,0,26,None,66,1,5,False,1000,1000
3656,36,random,10,0.4001791401273885,0,26,None,66,1,5,False,1000,1000
3657,37,random,10,0.4098328025477707,0,26,None,66,1,5,False,1000,1000
3658,38,random,10,0.4230692675159235,0,26,None,66,1,5,False,1000,1000
3659,39,random,10,0.430234872611465,0,26,None,66,1,5,False,1000,1000
3660,35,random,10,0.3760947452229299,0,24,None,66,1,5,False,1000,1000
3661,36,random,10,0.3870421974522293,0,24,None,66,1,5,False,1000,1000
3662,37,random,10,0.4055533439490446,0,24,None,66,1,5,False,1000,1000
3663,38,random,10,0.4298367834394904,0,24,None,66,1,5,False,1000,1000
3664,39,random,10,0.4639729299363057,0,24,None,66,1,5,False,1000,1000
3665,35,random,10,0.4052547770700637,0,29,None,66,1,5,False,1000,1000
3666,36,random,10,0.3805732484076433,0,29,None,66,1,5,False,1000,1000
3667,37,random,10,0.3771894904458598,0,29,None,66,1,5,False,1000,1000
3668,38,random,10,0.383359872611465,0,29,None,66,1,5,False,1000,1000
3669,39,random,10,0.3900278662420382,0,29,None,66,1,5,False,1000,1000
3670,35,random,10,0.4018710191082802,0,30,None,66,1,5,False,1000,1000
3671,36,random,10,0.3949044585987261,0,30,None,66,1,5,False,1000,1000
3672,37,random,10,0.4013734076433121,0,30,None,66,1,5,False,1000,1000
3673,38,random,10,0.4119227707006369,0,30,None,66,1,5,False,1000,1000
3674,39,random,10,0.4258558917197452,0,30,None,66,1,5,False,1000,1000
3675,35,random,10,0.5062699044585988,0,27,None,66,1,5,False,1000,1000
3676,36,random,10,0.505672770700637,0,27,None,66,1,5,False,1000,1000
3677,37,random,10,0.5055732484076433,0,27,None,66,1,5,False,1000,1000
3678,38,random,10,0.5067675159235668,0,27,None,66,1,5,False,1000,1000
3679,39,random,10,0.5108479299363057,0,27,None,66,1,5,False,1000,1000
3680,35,random,10,0.4197850318471338,0,31,None,66,1,5,False,1000,1000
3681,36,random,10,0.3565883757961783,0,31,None,66,1,5,False,1000,1000
3682,37,random,10,0.3823646496815286,0,31,None,66,1,5,False,1000,1000
3683,38,random,10,0.4210788216560509,0,31,None,66,1,5,False,1000,1000
3684,39,random,10,0.4534235668789809,0,31,None,66,1,5,False,1000,1000
3685,35,random,10,0.3078224522292994,0,2,None,66,1,5,False,1000,1000
3686,36,random,10,0.3119028662420382,0,2,None,66,1,5,False,1000,1000
3687,37,random,10,0.3194665605095541,0,2,None,66,1,5,False,1000,1000
3688,38,random,10,0.328921178343949,0,2,None,66,1,5,False,1000,1000
3689,39,random,10,0.3366839171974522,0,2,None,66,1,5,False,1000,1000
3690,35,random,10,0.4396894904458598,0,5,None,66,1,5,False,1000,1000
3691,36,random,10,0.4460589171974522,0,5,None,66,1,5,False,1000,1000
3692,37,random,10,0.4633757961783439,0,5,None,66,1,5,False,1000,1000
3693,38,random,10,0.487858280254777,0,5,None,66,1,5,False,1000,1000
3694,39,random,10,0.5090565286624203,0,5,None,66,1,5,False,1000,1000
3695,35,random,10,0.6384355095541401,0,9,None,66,1,5,False,1000,1000
3696,36,random,10,0.6413216560509554,0,9,None,66,1,5,False,1000,1000
3697,37,random,10,0.6420183121019108,0,9,None,66,1,5,False,1000,1000
3698,38,random,10,0.6447054140127388,0,9,None,66,1,5,False,1000,1000
3699,39,random,10,0.6471934713375797,0,9,None,66,1,5,False,1000,1000
3700,35,random,10,0.3926154458598726,0,7,None,66,1,5,False,1000,1000
3701,36,random,10,0.4273487261146497,0,7,None,66,1,5,False,1000,1000
3702,37,random,10,0.4350119426751592,0,7,None,66,1,5,False,1000,1000
3703,38,random,10,0.4411823248407643,0,7,None,66,1,5,False,1000,1000
3704,39,random,10,0.450139331210191,0,7,None,66,1,5,False,1000,1000
3705,35,random,10,0.5995222929936306,0,11,None,66,1,5,False,1000,1000
3706,36,random,10,0.6043988853503185,0,11,None,66,1,5,False,1000,1000
3707,37,random,10,0.6086783439490446,0,11,None,66,1,5,False,1000,1000
3708,38,random,10,0.613953025477707,0,11,None,66,1,5,False,1000,1000
3709,39,random,10,0.615843949044586,0,11,None,66,1,5,False,1000,1000
3710,35,random,10,0.3993829617834395,0,15,None,66,1,5,False,1000,1000
3711,36,random,10,0.4110270700636942,0,15,None,66,1,5,False,1000,1000
3712,37,random,10,0.4145103503184713,0,15,None,66,1,5,False,1000,1000
3713,38,random,10,0.4158041401273885,0,15,None,66,1,5,False,1000,1000
3714,39,random,10,0.4191878980891719,0,15,None,66,1,5,False,1000,1000
3715,35,random,10,0.384952229299363,0,12,None,66,1,5,False,1000,1000
3716,36,random,10,0.3909235668789809,0,12,None,66,1,5,False,1000,1000
3717,37,random,10,0.4017714968152866,0,12,None,66,1,5,False,1000,1000
3718,38,random,10,0.412718949044586,0,12,None,66,1,5,False,1000,1000
3719,39,random,10,0.4232683121019108,0,12,None,66,1,5,False,1000,1000
3720,35,random,10,0.578125,0,17,None,66,1,5,False,1000,1000
3721,36,random,10,0.5680732484076433,0,17,None,66,1,5,False,1000,1000
3722,37,random,10,0.5720541401273885,0,17,None,66,1,5,False,1000,1000
3723,38,random,10,0.576234076433121,0,17,None,66,1,5,False,1000,1000
3724,39,random,10,0.5803144904458599,0,17,None,66,1,5,False,1000,1000
3725,35,random,10,0.3005573248407643,0,28,None,66,1,5,False,1000,1000
3726,36,random,10,0.3067277070063694,0,28,None,66,1,5,False,1000,1000
3727,37,random,10,0.3192675159235669,0,28,None,66,1,5,False,1000,1000
3728,38,random,10,0.3632563694267516,0,28,None,66,1,5,False,1000,1000
3729,39,random,10,0.4085390127388535,0,28,None,66,1,5,False,1000,1000
3730,35,random,10,0.3193670382165605,0,0,None,66,1,5,False,1000,1000
3731,36,random,10,0.3053343949044586,0,0,None,66,1,5,False,1000,1000
3732,37,random,10,0.3090167197452229,0,0,None,66,1,5,False,1000,1000
3733,38,random,10,0.3427547770700637,0,0,None,66,1,5,False,1000,1000
3734,39,random,10,0.3992834394904458,0,0,None,66,1,5,False,1000,1000
3735,35,random,10,0.3226512738853503,0,6,None,66,1,5,False,1000,1000
3736,36,random,10,0.314390923566879,0,6,None,66,1,5,False,1000,1000
3737,37,random,10,0.3229498407643312,0,6,None,66,1,5,False,1000,1000
3738,38,random,10,0.3355891719745223,0,6,None,66,1,5,False,1000,1000
3739,39,random,10,0.3485270700636942,0,6,None,66,1,5,False,1000,1000
3740,35,random,10,0.2267117834394904,0,10,None,66,1,5,False,1000,1000
3741,36,random,10,0.2568670382165605,0,10,None,66,1,5,False,1000,1000
3742,37,random,10,0.332703025477707,0,10,None,66,1,5,False,1000,1000
3743,38,random,10,0.3608678343949044,0,10,None,66,1,5,False,1000,1000
3744,39,random,10,0.3526074840764331,0,10,None,66,1,5,False,1000,1000
3745,35,random,10,0.3220541401273885,0,22,None,66,1,5,False,1000,1000
3746,36,random,10,0.3501194267515923,0,22,None,66,1,5,False,1000,1000
3747,37,random,10,0.3855493630573248,0,22,None,66,1,5,False,1000,1000
3748,38,random,10,0.4018710191082802,0,22,None,66,1,5,False,1000,1000
3749,39,random,10,0.4136146496815286,0,22,None,66,1,5,False,1000,1000
3750,35,random,10,0.2308917197452229,0,23,None,66,1,5,False,1000,1000
3751,36,random,10,0.2993630573248407,0,23,None,66,1,5,False,1000,1000
3752,37,random,10,0.3740047770700637,0,23,None,66,1,5,False,1000,1000
3753,38,random,10,0.3774880573248407,0,23,None,66,1,5,False,1000,1000
3754,39,random,10,0.379578025477707,0,23,None,66,1,5,False,1000,1000
3755,35,random,10,0.2219347133757961,0,32,None,66,1,5,False,1000,1000
3756,36,random,10,0.2803542993630573,0,32,None,66,1,5,False,1000,1000
3757,37,random,10,0.2963773885350318,0,32,None,66,1,5,False,1000,1000
3758,38,random,10,0.3093152866242038,0,32,None,66,1,5,False,1000,1000
3759,39,random,10,0.3230493630573248,0,32,None,66,1,5,False,1000,1000
3760,35,random,10,0.250796178343949,0,8,None,66,1,5,False,1000,1000
3761,36,random,10,0.3045382165605095,0,8,None,66,1,5,False,1000,1000
3762,37,random,10,0.3545979299363057,0,8,None,66,1,5,False,1000,1000
3763,38,random,10,0.3848527070063694,0,8,None,66,1,5,False,1000,1000
3764,39,random,10,0.395999203821656,0,8,None,66,1,5,False,1000,1000
3765,35,random,10,0.5577229299363057,0,18,None,66,1,5,False,1000,1000
3766,36,random,10,0.5617038216560509,0,18,None,66,1,5,False,1000,1000
3767,37,random,10,0.5672770700636943,0,18,None,66,1,5,False,1000,1000
3768,38,random,10,0.5730493630573248,0,18,None,66,1,5,False,1000,1000
3769,39,random,10,0.5791202229299363,0,18,None,66,1,5,False,1000,1000
3770,35,random,10,0.511046974522293,0,19,None,66,1,5,False,1000,1000
3771,36,random,10,0.5134355095541401,0,19,None,66,1,5,False,1000,1000
3772,37,random,10,0.522093949044586,0,19,None,66,1,5,False,1000,1000
3773,38,random,10,0.526671974522293,0,19,None,66,1,5,False,1000,1000
3774,39,random,10,0.5340366242038217,0,19,None,66,1,5,False,1000,1000
3775,35,random,10,0.4114251592356688,0,21,None,66,1,5,False,1000,1000
3776,36,random,10,0.4136146496815286,0,21,None,66,1,5,False,1000,1000
3777,37,random,10,0.4194864649681528,0,21,None,66,1,5,False,1000,1000
3778,38,random,10,0.4262539808917197,0,21,None,66,1,5,False,1000,1000
3779,39,random,10,0.4347133757961783,0,21,None,66,1,5,False,1000,1000
3780,35,random,10,0.2267117834394904,0,4,None,66,1,5,False,1000,1000
3781,36,random,10,0.3097133757961783,0,4,None,66,1,5,False,1000,1000
3782,37,random,10,0.3569864649681528,0,4,None,66,1,5,False,1000,1000
3783,38,random,10,0.3718152866242038,0,4,None,66,1,5,False,1000,1000
3784,39,random,10,0.3792794585987261,0,4,None,66,1,5,False,1000,1000
3785,35,random,10,0.3385748407643312,0,20,None,66,1,5,False,1000,1000
3786,36,random,10,0.3565883757961783,0,20,None,66,1,5,False,1000,1000
3787,37,random,10,0.365843949044586,0,20,None,66,1,5,False,1000,1000
3788,38,random,10,0.3769904458598726,0,20,None,66,1,5,False,1000,1000
3789,39,random,10,0.3875398089171974,0,20,None,66,1,5,False,1000,1000
3790,35,random,10,0.2696058917197452,0,3,None,66,1,5,False,1000,1000
3791,36,random,10,0.2575636942675159,0,3,None,66,1,5,False,1000,1000
3792,37,random,10,0.2906050955414013,0,3,None,66,1,5,False,1000,1000
3793,38,random,10,0.3331011146496815,0,3,None,66,1,5,False,1000,1000
3794,39,random,10,0.362062101910828,0,3,None,66,1,5,False,1000,1000
3795,40,random,10,0.5847929936305732,0,31,None,66,1,5,False,1000,1000
3796,41,random,10,0.603702229299363,0,31,None,66,1,5,False,1000,1000
3797,42,random,10,0.6097730891719745,0,31,None,66,1,5,False,1000,1000
3798,43,random,10,0.6086783439490446,0,31,None,66,1,5,False,1000,1000
3799,44,random,10,0.6045979299363057,0,31,None,66,1,5,False,1000,1000
3800,40,random,10,0.4710390127388535,0,18,None,66,1,5,False,1000,1000
3801,41,random,10,0.4661624203821656,0,18,None,66,1,5,False,1000,1000
3802,42,random,10,0.4781050955414013,0,18,None,66,1,5,False,1000,1000
3803,43,random,10,0.4925358280254777,0,18,None,66,1,5,False,1000,1000
3804,44,random,10,0.5094546178343949,0,18,None,66,1,5,False,1000,1000
3805,40,random,10,0.3525079617834395,0,1,None,66,1,5,False,1000,1000
3806,41,random,10,0.356389331210191,0,1,None,66,1,5,False,1000,1000
3807,42,random,10,0.3634554140127388,0,1,None,66,1,5,False,1000,1000
3808,43,random,10,0.3699243630573248,0,1,None,66,1,5,False,1000,1000
3809,44,random,10,0.3769904458598726,0,1,None,66,1,5,False,1000,1000
3810,40,random,10,0.5085589171974523,0,27,None,66,1,5,False,1000,1000
3811,41,random,10,0.5084593949044586,0,27,None,66,1,5,False,1000,1000
3812,42,random,10,0.5101512738853503,0,27,None,66,1,5,False,1000,1000
3813,43,random,10,0.5130374203821656,0,27,None,66,1,5,False,1000,1000
3814,44,random,10,0.5166202229299363,0,27,None,66,1,5,False,1000,1000
3815,40,random,10,0.4210788216560509,0,30,None,66,1,5,False,1000,1000
3816,41,random,10,0.4324243630573248,0,30,None,66,1,5,False,1000,1000
3817,42,random,10,0.4452627388535032,0,30,None,66,1,5,False,1000,1000
3818,43,random,10,0.4571058917197452,0,30,None,66,1,5,False,1000,1000
3819,44,random,10,0.4709394904458598,0,30,None,66,1,5,False,1000,1000
3820,40,random,10,0.3314092356687898,0,2,None,66,1,5,False,1000,1000
3821,41,random,10,0.328125,0,2,None,66,1,5,False,1000,1000
3822,42,random,10,0.3484275477707006,0,2,None,66,1,5,False,1000,1000
3823,43,random,10,0.4093351910828025,0,2,None,66,1,5,False,1000,1000
3824,44,random,10,0.4221735668789809,0,2,None,66,1,5,False,1000,1000
3825,40,random,10,0.4105294585987261,0,5,None,66,1,5,False,1000,1000
3826,41,random,10,0.4153065286624204,0,5,None,66,1,5,False,1000,1000
3827,42,random,10,0.4234673566878981,0,5,None,66,1,5,False,1000,1000
3828,43,random,10,0.4307324840764331,0,5,None,66,1,5,False,1000,1000
3829,44,random,10,0.4385947452229299,0,5,None,66,1,5,False,1000,1000
3830,40,random,10,0.3979896496815286,0,16,None,66,1,5,False,1000,1000
3831,41,random,10,0.410828025477707,0,16,None,66,1,5,False,1000,1000
3832,42,random,10,0.4241640127388535,0,16,None,66,1,5,False,1000,1000
3833,43,random,10,0.4378980891719745,0,16,None,66,1,5,False,1000,1000
3834,44,random,10,0.4484474522292994,0,16,None,66,1,5,False,1000,1000
3835,40,random,10,0.6509753184713376,0,14,None,66,1,5,False,1000,1000
3836,41,random,10,0.654359076433121,0,14,None,66,1,5,False,1000,1000
3837,42,random,10,0.6554538216560509,0,14,None,66,1,5,False,1000,1000
3838,43,random,10,0.6578423566878981,0,14,None,66,1,5,False,1000,1000
3839,44,random,10,0.6588375796178344,0,14,None,66,1,5,False,1000,1000
3840,40,random,10,0.4381966560509554,0,13,None,66,1,5,False,1000,1000
3841,41,random,10,0.4457603503184713,0,13,None,66,1,5,False,1000,1000
3842,42,random,10,0.45203025477707,0,13,None,66,1,5,False,1000,1000
3843,43,random,10,0.4576035031847134,0,13,None,66,1,5,False,1000,1000
3844,44,random,10,0.4624800955414013,0,13,None,66,1,5,False,1000,1000
3845,40,random,10,0.4321257961783439,0,26,None,66,1,5,False,1000,1000
3846,41,random,10,0.4372014331210191,0,26,None,66,1,5,False,1000,1000
3847,42,random,10,0.4451632165605095,0,26,None,66,1,5,False,1000,1000
3848,43,random,10,0.4530254777070063,0,26,None,66,1,5,False,1000,1000
3849,44,random,10,0.4619824840764331,0,26,None,66,1,5,False,1000,1000
3850,40,random,10,0.3790804140127388,0,15,None,66,1,5,False,1000,1000
3851,41,random,10,0.40625,0,15,None,66,1,5,False,1000,1000
3852,42,random,10,0.412718949044586,0,15,None,66,1,5,False,1000,1000
3853,43,random,10,0.4164012738853503,0,15,None,66,1,5,False,1000,1000
3854,44,random,10,0.4203821656050955,0,15,None,66,1,5,False,1000,1000
3855,40,random,10,0.3479299363057325,0,17,None,66,1,5,False,1000,1000
3856,41,random,10,0.3804737261146497,0,17,None,66,1,5,False,1000,1000
3857,42,random,10,0.4317277070063694,0,17,None,66,1,5,False,1000,1000
3858,43,random,10,0.4500398089171974,0,17,None,66,1,5,False,1000,1000
3859,44,random,10,0.4553144904458598,0,17,None,66,1,5,False,1000,1000
3860,40,random,10,0.3457404458598726,0,11,None,66,1,5,False,1000,1000
3861,41,random,10,0.3792794585987261,0,11,None,66,1,5,False,1000,1000
3862,42,random,10,0.4100318471337579,0,11,None,66,1,5,False,1000,1000
3863,43,random,10,0.4158041401273885,0,11,None,66,1,5,False,1000,1000
3864,44,random,10,0.422671178343949,0,11,None,66,1,5,False,1000,1000
3865,40,random,10,0.3470342356687898,0,28,None,66,1,5,False,1000,1000
3866,41,random,10,0.3996815286624204,0,28,None,66,1,5,False,1000,1000
3867,42,random,10,0.413515127388535,0,28,None,66,1,5,False,1000,1000
3868,43,random,10,0.42078025477707,0,28,None,66,1,5,False,1000,1000
3869,44,random,10,0.4251592356687898,0,28,None,66,1,5,False,1000,1000
3870,40,random,10,0.6545581210191083,0,25,None,66,1,5,False,1000,1000
3871,41,random,10,0.6574442675159236,0,25,None,66,1,5,False,1000,1000
3872,42,random,10,0.6618232484076433,0,25,None,66,1,5,False,1000,1000
3873,43,random,10,0.6647093949044586,0,25,None,66,1,5,False,1000,1000
3874,44,random,10,0.6676950636942676,0,25,None,66,1,5,False,1000,1000
3875,40,random,10,0.3697253184713376,0,12,None,66,1,5,False,1000,1000
3876,41,random,10,0.3484275477707006,0,12,None,66,1,5,False,1000,1000
3877,42,random,10,0.3542993630573248,0,12,None,66,1,5,False,1000,1000
3878,43,random,10,0.366640127388535,0,12,None,66,1,5,False,1000,1000
3879,44,random,10,0.3792794585987261,0,12,None,66,1,5,False,1000,1000
3880,40,random,10,0.5418988853503185,0,29,None,66,1,5,False,1000,1000
3881,41,random,10,0.5216958598726115,0,29,None,66,1,5,False,1000,1000
3882,42,random,10,0.5309514331210191,0,29,None,66,1,5,False,1000,1000
3883,43,random,10,0.5420979299363057,0,29,None,66,1,5,False,1000,1000
3884,44,random,10,0.5546377388535032,0,29,None,66,1,5,False,1000,1000
3885,40,random,10,0.5954418789808917,0,9,None,66,1,5,False,1000,1000
3886,41,random,10,0.6174363057324841,0,9,None,66,1,5,False,1000,1000
3887,42,random,10,0.6254976114649682,0,9,None,66,1,5,False,1000,1000
3888,43,random,10,0.6257961783439491,0,9,None,66,1,5,False,1000,1000
3889,44,random,10,0.6275875796178344,0,9,None,66,1,5,False,1000,1000
3890,40,random,10,0.390625,0,6,None,66,1,5,False,1000,1000
3891,41,random,10,0.4028662420382166,0,6,None,66,1,5,False,1000,1000
3892,42,random,10,0.4238654458598726,0,6,None,66,1,5,False,1000,1000
3893,43,random,10,0.4443670382165605,0,6,None,66,1,5,False,1000,1000
3894,44,random,10,0.4615843949044586,0,6,None,66,1,5,False,1000,1000
3895,40,random,10,0.4069466560509554,0,8,None,66,1,5,False,1000,1000
3896,41,random,10,0.407046178343949,0,8,None,66,1,5,False,1000,1000
3897,42,random,10,0.4120222929936306,0,8,None,66,1,5,False,1000,1000
3898,43,random,10,0.4163017515923566,0,8,None,66,1,5,False,1000,1000
3899,44,random,10,0.4212778662420382,0,8,None,66,1,5,False,1000,1000
3900,40,random,10,0.3855493630573248,0,10,None,66,1,5,False,1000,1000
3901,41,random,10,0.3843550955414013,0,10,None,66,1,5,False,1000,1000
3902,42,random,10,0.3866441082802547,0,10,None,66,1,5,False,1000,1000
3903,43,random,10,0.3938097133757962,0,10,None,66,1,5,False,1000,1000
3904,44,random,10,0.4028662420382166,0,10,None,66,1,5,False,1000,1000
3905,40,random,10,0.3965963375796178,0,20,None,66,1,5,False,1000,1000
3906,41,random,10,0.4054538216560509,0,20,None,66,1,5,False,1000,1000
3907,42,random,10,0.4170979299363057,0,20,None,66,1,5,False,1000,1000
3908,43,random,10,0.4304339171974522,0,20,None,66,1,5,False,1000,1000
3909,44,random,10,0.4434713375796178,0,20,None,66,1,5,False,1000,1000
3910,40,random,10,0.4601910828025478,0,22,None,66,1,5,False,1000,1000
3911,41,random,10,0.4735270700636942,0,22,None,66,1,5,False,1000,1000
3912,42,random,10,0.495421974522293,0,22,None,66,1,5,False,1000,1000
3913,43,random,10,0.5179140127388535,0,22,None,66,1,5,False,1000,1000
3914,44,random,10,0.5363256369426752,0,22,None,66,1,5,False,1000,1000
3915,40,random,10,0.3808718152866242,0,23,None,66,1,5,False,1000,1000
3916,41,random,10,0.3882364649681528,0,23,None,66,1,5,False,1000,1000
3917,42,random,10,0.3949044585987261,0,23,None,66,1,5,False,1000,1000
3918,43,random,10,0.4066480891719745,0,23,None,66,1,5,False,1000,1000
3919,44,random,10,0.4250597133757962,0,23,None,66,1,5,False,1000,1000
3920,40,random,10,0.4734275477707006,0,3,None,66,1,5,False,1000,1000
3921,41,random,10,0.4995023885350318,0,3,None,66,1,5,False,1000,1000
3922,42,random,10,0.4928343949044586,0,3,None,66,1,5,False,1000,1000
3923,43,random,10,0.4885549363057325,0,3,None,66,1,5,False,1000,1000
3924,44,random,10,0.4860668789808917,0,3,None,66,1,5,False,1000,1000
3925,40,random,10,0.3761942675159235,0,4,None,66,1,5,False,1000,1000
3926,41,random,10,0.3857484076433121,0,4,None,66,1,5,False,1000,1000
3927,42,random,10,0.3950039808917197,0,4,None,66,1,5,False,1000,1000
3928,43,random,10,0.4014729299363057,0,4,None,66,1,5,False,1000,1000
3929,44,random,10,0.4076433121019108,0,4,None,66,1,5,False,1000,1000
3930,40,random,10,0.4246616242038216,0,7,None,66,1,5,False,1000,1000
3931,41,random,10,0.4111265923566879,0,7,None,66,1,5,False,1000,1000
3932,42,random,10,0.4064490445859872,0,7,None,66,1,5,False,1000,1000
3933,43,random,10,0.4101313694267516,0,7,None,66,1,5,False,1000,1000
3934,44,random,10,0.4173964968152866,0,7,None,66,1,5,False,1000,1000
3935,40,random,10,0.3566878980891719,0,32,None,66,1,5,False,1000,1000
3936,41,random,10,0.3824641719745223,0,32,None,66,1,5,False,1000,1000
3937,42,random,10,0.4352109872611465,0,32,None,66,1,5,False,1000,1000
3938,43,random,10,0.464968152866242,0,32,None,66,1,5,False,1000,1000
3939,44,random,10,0.4968152866242038,0,32,None,66,1,5,False,1000,1000
3940,40,random,10,0.4980095541401274,0,19,None,66,1,5,False,1000,1000
3941,41,random,10,0.5032842356687898,0,19,None,66,1,5,False,1000,1000
3942,42,random,10,0.5142316878980892,0,19,None,66,1,5,False,1000,1000
3943,43,random,10,0.5231886942675159,0,19,None,66,1,5,False,1000,1000
3944,44,random,10,0.5291600318471338,0,19,None,66,1,5,False,1000,1000
3945,40,random,10,0.5575238853503185,0,21,None,66,1,5,False,1000,1000
3946,41,random,10,0.5655851910828026,0,21,None,66,1,5,False,1000,1000
3947,42,random,10,0.5738455414012739,0,21,None,66,1,5,False,1000,1000
3948,43,random,10,0.5817078025477707,0,21,None,66,1,5,False,1000,1000
3949,44,random,10,0.588077229299363,0,21,None,66,1,5,False,1000,1000
3950,40,random,10,0.5829020700636943,0,24,None,66,1,5,False,1000,1000
3951,41,random,10,0.5862858280254777,0,24,None,66,1,5,False,1000,1000
3952,42,random,10,0.5914609872611465,0,24,None,66,1,5,False,1000,1000
3953,43,random,10,0.5944466560509554,0,24,None,66,1,5,False,1000,1000
3954,44,random,10,0.5982285031847133,0,24,None,66,1,5,False,1000,1000
3955,40,random,10,0.4095342356687898,0,0,None,66,1,5,False,1000,1000
3956,41,random,10,0.4129179936305732,0,0,None,66,1,5,False,1000,1000
3957,42,random,10,0.4205812101910828,0,0,None,66,1,5,False,1000,1000
3958,43,random,10,0.4281449044585987,0,0,None,66,1,5,False,1000,1000
3959,44,random,10,0.4359076433121019,0,0,None,66,1,5,False,1000,1000
5445,45,random,10,0.3834593949044586,0,1,None,66,1,5,False,1000,1000
5446,46,random,10,0.3929140127388535,0,1,None,66,1,5,False,1000,1000
5447,47,random,10,0.4002786624203822,0,1,None,66,1,5,False,1000,1000
5448,48,random,10,0.4101313694267516,0,1,None,66,1,5,False,1000,1000
5449,49,random,10,0.4200835987261146,0,1,None,66,1,5,False,1000,1000
5450,45,random,10,0.4378980891719745,0,2,None,66,1,5,False,1000,1000
5451,46,random,10,0.4417794585987261,0,2,None,66,1,5,False,1000,1000
5452,47,random,10,0.4504378980891719,0,2,None,66,1,5,False,1000,1000
5453,48,random,10,0.4582006369426751,0,2,None,66,1,5,False,1000,1000
5454,49,random,10,0.4690485668789809,0,2,None,66,1,5,False,1000,1000
5455,45,random,10,0.4605891719745223,0,5,None,66,1,5,False,1000,1000
5456,46,random,10,0.4718351910828025,0,5,None,66,1,5,False,1000,1000
5457,47,random,10,0.4838773885350318,0,5,None,66,1,5,False,1000,1000
5458,48,random,10,0.4917396496815286,0,5,None,66,1,5,False,1000,1000
5459,49,random,10,0.4983081210191082,0,5,None,66,1,5,False,1000,1000
5460,45,random,10,0.4475517515923566,0,13,None,66,1,5,False,1000,1000
5461,46,random,10,0.4526273885350318,0,13,None,66,1,5,False,1000,1000
5462,47,random,10,0.4582006369426751,0,13,None,66,1,5,False,1000,1000
5463,48,random,10,0.463077229299363,0,13,None,66,1,5,False,1000,1000
5464,49,random,10,0.470640923566879,0,13,None,66,1,5,False,1000,1000
5465,45,random,10,0.4235668789808917,0,8,None,66,1,5,False,1000,1000
5466,46,random,10,0.4258558917197452,0,8,None,66,1,5,False,1000,1000
5467,47,random,10,0.430234872611465,0,8,None,66,1,5,False,1000,1000
5468,48,random,10,0.4339171974522293,0,8,None,66,1,5,False,1000,1000
5469,49,random,10,0.4383957006369426,0,8,None,66,1,5,False,1000,1000
5470,45,random,10,0.4505374203821656,0,20,None,66,1,5,False,1000,1000
5471,46,random,10,0.4611863057324841,0,20,None,66,1,5,False,1000,1000
5472,47,random,10,0.4710390127388535,0,20,None,66,1,5,False,1000,1000
5473,48,random,10,0.4830812101910828,0,20,None,66,1,5,False,1000,1000
5474,49,random,10,0.4947253184713376,0,20,None,66,1,5,False,1000,1000
5475,45,random,10,0.6577428343949044,0,14,None,66,1,5,False,1000,1000
5476,46,random,10,0.6595342356687898,0,14,None,66,1,5,False,1000,1000
5477,47,random,10,0.6614251592356688,0,14,None,66,1,5,False,1000,1000
5478,48,random,10,0.6621218152866242,0,14,None,66,1,5,False,1000,1000
5479,49,random,10,0.6636146496815286,0,14,None,66,1,5,False,1000,1000
5480,45,random,10,0.4992038216560509,0,22,None,66,1,5,False,1000,1000
5481,46,random,10,0.513734076433121,0,22,None,66,1,5,False,1000,1000
5482,47,random,10,0.5313495222929936,0,22,None,66,1,5,False,1000,1000
5483,48,random,10,0.5485668789808917,0,22,None,66,1,5,False,1000,1000
5484,49,random,10,0.56140525477707,0,22,None,66,1,5,False,1000,1000
5485,45,random,10,0.4348128980891719,0,23,None,66,1,5,False,1000,1000
5486,46,random,10,0.4535230891719745,0,23,None,66,1,5,False,1000,1000
5487,47,random,10,0.4700437898089172,0,23,None,66,1,5,False,1000,1000
5488,48,random,10,0.4845740445859872,0,23,None,66,1,5,False,1000,1000
5489,49,random,10,0.4980095541401274,0,23,None,66,1,5,False,1000,1000
5490,45,random,10,0.4621815286624204,0,17,None,66,1,5,False,1000,1000
5491,46,random,10,0.4619824840764331,0,17,None,66,1,5,False,1000,1000
5492,47,random,10,0.4624800955414013,0,17,None,66,1,5,False,1000,1000
5493,48,random,10,0.4650676751592357,0,17,None,66,1,5,False,1000,1000
5494,49,random,10,0.4686504777070063,0,17,None,66,1,5,False,1000,1000
5495,45,random,10,0.636843152866242,0,25,None,66,1,5,False,1000,1000
5496,46,random,10,0.6405254777070064,0,25,None,66,1,5,False,1000,1000
5497,47,random,10,0.6429140127388535,0,25,None,66,1,5,False,1000,1000
5498,48,random,10,0.6460987261146497,0,25,None,66,1,5,False,1000,1000
5499,49,random,10,0.6491839171974523,0,25,None,66,1,5,False,1000,1000
5500,45,random,10,0.5062699044585988,0,26,None,66,1,5,False,1000,1000
5501,46,random,10,0.5174164012738853,0,26,None,66,1,5,False,1000,1000
5502,47,random,10,0.5273686305732485,0,26,None,66,1,5,False,1000,1000
5503,48,random,10,0.5378184713375797,0,26,None,66,1,5,False,1000,1000
5504,49,random,10,0.5480692675159236,0,26,None,66,1,5,False,1000,1000
5505,45,random,10,0.4073447452229299,0,12,None,66,1,5,False,1000,1000
5506,46,random,10,0.4194864649681528,0,12,None,66,1,5,False,1000,1000
5507,47,random,10,0.431827229299363,0,12,None,66,1,5,False,1000,1000
5508,48,random,10,0.4418789808917197,0,12,None,66,1,5,False,1000,1000
5509,49,random,10,0.4521297770700637,0,12,None,66,1,5,False,1000,1000
5510,45,random,10,0.4508359872611465,0,28,None,66,1,5,False,1000,1000
5511,46,random,10,0.4604896496815286,0,28,None,66,1,5,False,1000,1000
5512,47,random,10,0.4648686305732484,0,28,None,66,1,5,False,1000,1000
5513,48,random,10,0.4721337579617834,0,28,None,66,1,5,False,1000,1000
5514,49,random,10,0.4764132165605095,0,28,None,66,1,5,False,1000,1000
5515,45,random,10,0.5741441082802548,0,29,None,66,1,5,False,1000,1000
5516,46,random,10,0.580015923566879,0,29,None,66,1,5,False,1000,1000
5517,47,random,10,0.5870820063694268,0,29,None,66,1,5,False,1000,1000
5518,48,random,10,0.5925557324840764,0,29,None,66,1,5,False,1000,1000
5519,49,random,10,0.5962380573248408,0,29,None,66,1,5,False,1000,1000
5520,45,random,10,0.6167396496815286,0,9,None,66,1,5,False,1000,1000
5521,46,random,10,0.6202229299363057,0,9,None,66,1,5,False,1000,1000
5522,47,random,10,0.6244028662420382,0,9,None,66,1,5,False,1000,1000
5523,48,random,10,0.6266918789808917,0,9,None,66,1,5,False,1000,1000
5524,49,random,10,0.627687101910828,0,9,None,66,1,5,False,1000,1000
5525,45,random,10,0.4619824840764331,0,30,None,66,1,5,False,1000,1000
5526,46,random,10,0.4727308917197452,0,30,None,66,1,5,False,1000,1000
5527,47,random,10,0.4855692675159235,0,30,None,66,1,5,False,1000,1000
5528,48,random,10,0.4987062101910828,0,30,None,66,1,5,False,1000,1000
5529,49,random,10,0.5067675159235668,0,30,None,66,1,5,False,1000,1000
5530,45,random,10,0.5242834394904459,0,27,None,66,1,5,False,1000,1000
5531,46,random,10,0.529359076433121,0,27,None,66,1,5,False,1000,1000
5532,47,random,10,0.5317476114649682,0,27,None,66,1,5,False,1000,1000
5533,48,random,10,0.5365246815286624,0,27,None,66,1,5,False,1000,1000
5534,49,random,10,0.541202229299363,0,27,None,66,1,5,False,1000,1000
5535,45,random,10,0.4984076433121019,0,18,None,66,1,5,False,1000,1000
5536,46,random,10,0.4959195859872611,0,18,None,66,1,5,False,1000,1000
5537,47,random,10,0.492734872611465,0,18,None,66,1,5,False,1000,1000
5538,48,random,10,0.4845740445859872,0,18,None,66,1,5,False,1000,1000
5539,49,random,10,0.4803941082802547,0,18,None,66,1,5,False,1000,1000
5540,45,random,10,0.4330214968152866,0,31,None,66,1,5,False,1000,1000
5541,46,random,10,0.459593949044586,0,31,None,66,1,5,False,1000,1000
5542,47,random,10,0.4840764331210191,0,31,None,66,1,5,False,1000,1000
5543,48,random,10,0.4895501592356688,0,31,None,66,1,5,False,1000,1000
5544,49,random,10,0.4890525477707006,0,31,None,66,1,5,False,1000,1000
5545,45,random,10,0.426453025477707,0,7,None,66,1,5,False,1000,1000
5546,46,random,10,0.4301353503184713,0,7,None,66,1,5,False,1000,1000
5547,47,random,10,0.4365047770700637,0,7,None,66,1,5,False,1000,1000
5548,48,random,10,0.439390923566879,0,7,None,66,1,5,False,1000,1000
5549,49,random,10,0.4431727707006369,0,7,None,66,1,5,False,1000,1000
5550,45,random,10,0.4095342356687898,0,16,None,66,1,5,False,1000,1000
5551,46,random,10,0.4197850318471338,0,16,None,66,1,5,False,1000,1000
5552,47,random,10,0.4263535031847134,0,16,None,66,1,5,False,1000,1000
5553,48,random,10,0.4303343949044586,0,16,None,66,1,5,False,1000,1000
5554,49,random,10,0.4338176751592357,0,16,None,66,1,5,False,1000,1000
5555,45,random,10,0.4300358280254777,0,6,None,66,1,5,False,1000,1000
5556,46,random,10,0.4464570063694267,0,6,None,66,1,5,False,1000,1000
5557,47,random,10,0.4606886942675159,0,6,None,66,1,5,False,1000,1000
5558,48,random,10,0.4751194267515923,0,6,None,66,1,5,False,1000,1000
5559,49,random,10,0.4865644904458598,0,6,None,66,1,5,False,1000,1000
5560,45,random,10,0.511843152866242,0,32,None,66,1,5,False,1000,1000
5561,46,random,10,0.5279657643312102,0,32,None,66,1,5,False,1000,1000
5562,47,random,10,0.5371218152866242,0,32,None,66,1,5,False,1000,1000
5563,48,random,10,0.5384156050955414,0,32,None,66,1,5,False,1000,1000
5564,49,random,10,0.5411027070063694,0,32,None,66,1,5,False,1000,1000
5565,45,random,10,0.4830812101910828,0,19,None,66,1,5,False,1000,1000
5566,46,random,10,0.4890525477707006,0,19,None,66,1,5,False,1000,1000
5567,47,random,10,0.5002985668789809,0,19,None,66,1,5,False,1000,1000
5568,48,random,10,0.5108479299363057,0,19,None,66,1,5,False,1000,1000
5569,49,random,10,0.5189092356687898,0,19,None,66,1,5,False,1000,1000
5570,45,random,10,0.4915406050955414,0,21,None,66,1,5,False,1000,1000
5571,46,random,10,0.5040804140127388,0,21,None,66,1,5,False,1000,1000
5572,47,random,10,0.5176154458598726,0,21,None,66,1,5,False,1000,1000
5573,48,random,10,0.5300557324840764,0,21,None,66,1,5,False,1000,1000
5574,49,random,10,0.5428941082802548,0,21,None,66,1,5,False,1000,1000
5575,45,random,10,0.3766918789808917,0,24,None,66,1,5,False,1000,1000
5576,46,random,10,0.3867436305732484,0,24,None,66,1,5,False,1000,1000
5577,47,random,10,0.4009753184713376,0,24,None,66,1,5,False,1000,1000
5578,48,random,10,0.4152070063694267,0,24,None,66,1,5,False,1000,1000
5579,49,random,10,0.4497412420382166,0,24,None,66,1,5,False,1000,1000
5580,45,random,10,0.4454617834394904,0,0,None,66,1,5,False,1000,1000
5581,46,random,10,0.4524283439490446,0,0,None,66,1,5,False,1000,1000
5582,47,random,10,0.4607882165605095,0,0,None,66,1,5,False,1000,1000
5583,48,random,10,0.4694466560509554,0,0,None,66,1,5,False,1000,1000
5584,49,random,10,0.4763136942675159,0,0,None,66,1,5,False,1000,1000
5585,45,random,10,0.4958200636942675,0,3,None,66,1,5,False,1000,1000
5586,46,random,10,0.493531050955414,0,3,None,66,1,5,False,1000,1000
5587,47,random,10,0.4965167197452229,0,3,None,66,1,5,False,1000,1000
5588,48,random,10,0.4990047770700637,0,3,None,66,1,5,False,1000,1000
5589,49,random,10,0.5033837579617835,0,3,None,66,1,5,False,1000,1000
5590,45,random,10,0.4167993630573248,0,4,None,66,1,5,False,1000,1000
5591,46,random,10,0.4235668789808917,0,4,None,66,1,5,False,1000,1000
5592,47,random,10,0.4281449044585987,0,4,None,66,1,5,False,1000,1000
5593,48,random,10,0.4362062101910828,0,4,None,66,1,5,False,1000,1000
5594,49,random,10,0.4431727707006369,0,4,None,66,1,5,False,1000,1000
5595,45,random,10,0.4144108280254777,0,10,None,66,1,5,False,1000,1000
5596,46,random,10,0.4198845541401274,0,10,None,66,1,5,False,1000,1000
5597,47,random,10,0.4258558917197452,0,10,None,66,1,5,False,1000,1000
5598,48,random,10,0.4327229299363057,0,10,None,66,1,5,False,1000,1000
5599,49,random,10,0.4394904458598726,0,10,None,66,1,5,False,1000,1000
5600,45,random,10,0.4377985668789809,0,15,None,66,1,5,False,1000,1000
5601,46,random,10,0.4407842356687898,0,15,None,66,1,5,False,1000,1000
5602,47,random,10,0.445859872611465,0,15,None,66,1,5,False,1000,1000
5603,48,random,10,0.4504378980891719,0,15,None,66,1,5,False,1000,1000
5604,49,random,10,0.4547173566878981,0,15,None,66,1,5,False,1000,1000
5605,45,random,10,0.4528264331210191,0,11,None,66,1,5,False,1000,1000
5606,46,random,10,0.4634753184713376,0,11,None,66,1,5,False,1000,1000
5607,47,random,10,0.4751194267515923,0,11,None,66,1,5,False,1000,1000
5608,48,random,10,0.4792993630573248,0,11,None,66,1,5,False,1000,1000
5609,49,random,10,0.4803941082802547,0,11,None,66,1,5,False,1000,1000
5610,50,random,10,0.4623805732484076,0,21,None,66,1,5,False,1000,1000
5611,51,random,10,0.4794984076433121,0,21,None,66,1,5,False,1000,1000
5612,52,random,10,0.4940286624203822,0,21,None,66,1,5,False,1000,1000
5613,53,random,10,0.5097531847133758,0,21,None,66,1,5,False,1000,1000
5614,54,random,10,0.5251791401273885,0,21,None,66,1,5,False,1000,1000
5615,50,random,10,0.3972929936305732,0,1,None,66,1,5,False,1000,1000
5616,51,random,10,0.4059514331210191,0,1,None,66,1,5,False,1000,1000
5617,52,random,10,0.4129179936305732,0,1,None,66,1,5,False,1000,1000
5618,53,random,10,0.4206807324840764,0,1,None,66,1,5,False,1000,1000
5619,54,random,10,0.4288415605095541,0,1,None,66,1,5,False,1000,1000
5620,50,random,10,0.5021894904458599,0,27,None,66,1,5,False,1000,1000
5621,51,random,10,0.5030851910828026,0,27,None,66,1,5,False,1000,1000
5622,52,random,10,0.5024880573248408,0,27,None,66,1,5,False,1000,1000
5623,53,random,10,0.5027866242038217,0,27,None,66,1,5,False,1000,1000
5624,54,random,10,0.5057722929936306,0,27,None,66,1,5,False,1000,1000
5625,50,random,10,0.4576035031847134,0,2,None,66,1,5,False,1000,1000
5626,51,random,10,0.4671576433121019,0,2,None,66,1,5,False,1000,1000
5627,52,random,10,0.4762141719745223,0,2,None,66,1,5,False,1000,1000
5628,53,random,10,0.4877587579617834,0,2,None,66,1,5,False,1000,1000
5629,54,random,10,0.4974124203821656,0,2,None,66,1,5,False,1000,1000
5630,50,random,10,0.5236863057324841,0,29,None,66,1,5,False,1000,1000
5631,51,random,10,0.5320461783439491,0,29,None,66,1,5,False,1000,1000
5632,52,random,10,0.5409036624203821,0,29,None,66,1,5,False,1000,1000
5633,53,random,10,0.5486664012738853,0,29,None,66,1,5,False,1000,1000
5634,54,random,10,0.5556329617834395,0,29,None,66,1,5,False,1000,1000
5635,50,random,10,0.5860867834394905,0,9,None,66,1,5,False,1000,1000
5636,51,random,10,0.5882762738853503,0,9,None,66,1,5,False,1000,1000
5637,52,random,10,0.5917595541401274,0,9,None,66,1,5,False,1000,1000
5638,53,random,10,0.5974323248407644,0,9,None,66,1,5,False,1000,1000
5639,54,random,10,0.6032046178343949,0,9,None,66,1,5,False,1000,1000
5640,50,random,10,0.4817874203821656,0,11,None,66,1,5,False,1000,1000
5641,51,random,10,0.4895501592356688,0,11,None,66,1,5,False,1000,1000
5642,52,random,10,0.494327229299363,0,11,None,66,1,5,False,1000,1000
5643,53,random,10,0.4968152866242038,0,11,None,66,1,5,False,1000,1000
5644,54,random,10,0.5005971337579618,0,11,None,66,1,5,False,1000,1000
5645,50,random,10,0.4719347133757962,0,17,None,66,1,5,False,1000,1000
5646,51,random,10,0.4774084394904458,0,17,None,66,1,5,False,1000,1000
5647,52,random,10,0.4829816878980891,0,17,None,66,1,5,False,1000,1000
5648,53,random,10,0.4887539808917197,0,17,None,66,1,5,False,1000,1000
5649,54,random,10,0.4978105095541401,0,17,None,66,1,5,False,1000,1000
5650,50,random,10,0.4792993630573248,0,24,None,66,1,5,False,1000,1000
5651,51,random,10,0.4923367834394904,0,24,None,66,1,5,False,1000,1000
5652,52,random,10,0.5061703821656051,0,24,None,66,1,5,False,1000,1000
5653,53,random,10,0.5173168789808917,0,24,None,66,1,5,False,1000,1000
5654,54,random,10,0.5224920382165605,0,24,None,66,1,5,False,1000,1000
5655,50,random,10,0.3804737261146497,0,31,None,66,1,5,False,1000,1000
5656,51,random,10,0.3839570063694267,0,31,None,66,1,5,False,1000,1000
5657,52,random,10,0.3862460191082802,0,31,None,66,1,5,False,1000,1000
5658,53,random,10,0.3878383757961783,0,31,None,66,1,5,False,1000,1000
5659,54,random,10,0.3882364649681528,0,31,None,66,1,5,False,1000,1000
5660,50,random,10,0.4876592356687898,0,20,None,66,1,5,False,1000,1000
5661,51,random,10,0.5009952229299363,0,20,None,66,1,5,False,1000,1000
5662,52,random,10,0.511046974522293,0,20,None,66,1,5,False,1000,1000
5663,53,random,10,0.5182125796178344,0,20,None,66,1,5,False,1000,1000
5664,54,random,10,0.5245820063694268,0,20,None,66,1,5,False,1000,1000
5665,50,random,10,0.4816878980891719,0,28,None,66,1,5,False,1000,1000
5666,51,random,10,0.4867635350318471,0,28,None,66,1,5,False,1000,1000
5667,52,random,10,0.4931329617834395,0,28,None,66,1,5,False,1000,1000
5668,53,random,10,0.4965167197452229,0,28,None,66,1,5,False,1000,1000
5669,54,random,10,0.5005971337579618,0,28,None,66,1,5,False,1000,1000
5670,50,random,10,0.4600915605095541,0,30,None,66,1,5,False,1000,1000
5671,51,random,10,0.4800955414012738,0,30,None,66,1,5,False,1000,1000
5672,52,random,10,0.4977109872611465,0,30,None,66,1,5,False,1000,1000
5673,53,random,10,0.5120421974522293,0,30,None,66,1,5,False,1000,1000
5674,54,random,10,0.5248805732484076,0,30,None,66,1,5,False,1000,1000
5675,50,random,10,0.497014331210191,0,5,None,66,1,5,False,1000,1000
5676,51,random,10,0.506468949044586,0,5,None,66,1,5,False,1000,1000
5677,52,random,10,0.5130374203821656,0,5,None,66,1,5,False,1000,1000
5678,53,random,10,0.5206011146496815,0,5,None,66,1,5,False,1000,1000
5679,54,random,10,0.5258757961783439,0,5,None,66,1,5,False,1000,1000
5680,50,random,10,0.4405851910828025,0,8,None,66,1,5,False,1000,1000
5681,51,random,10,0.4427746815286624,0,8,None,66,1,5,False,1000,1000
5682,52,random,10,0.4479498407643312,0,8,None,66,1,5,False,1000,1000
5683,53,random,10,0.4515326433121019,0,8,None,66,1,5,False,1000,1000
5684,54,random,10,0.4570063694267516,0,8,None,66,1,5,False,1000,1000
5685,50,random,10,0.444765127388535,0,16,None,66,1,5,False,1000,1000
5686,51,random,10,0.4494426751592357,0,16,None,66,1,5,False,1000,1000
5687,52,random,10,0.4536226114649681,0,16,None,66,1,5,False,1000,1000
5688,53,random,10,0.4634753184713376,0,16,None,66,1,5,False,1000,1000
5689,54,random,10,0.4727308917197452,0,16,None,66,1,5,False,1000,1000
5690,50,random,10,0.5854896496815286,0,18,None,66,1,5,False,1000,1000
5691,51,random,10,0.5892714968152867,0,18,None,66,1,5,False,1000,1000
5692,52,random,10,0.5970342356687898,0,18,None,66,1,5,False,1000,1000
5693,53,random,10,0.6033041401273885,0,18,None,66,1,5,False,1000,1000
5694,54,random,10,0.6128582802547771,0,18,None,66,1,5,False,1000,1000
5695,50,random,10,0.523984872611465,0,19,None,66,1,5,False,1000,1000
5696,51,random,10,0.5279657643312102,0,19,None,66,1,5,False,1000,1000
5697,52,random,10,0.5321457006369427,0,19,None,66,1,5,False,1000,1000
5698,53,random,10,0.5370222929936306,0,19,None,66,1,5,False,1000,1000
5699,54,random,10,0.5407046178343949,0,19,None,66,1,5,False,1000,1000
5700,50,random,10,0.6205214968152867,0,14,None,66,1,5,False,1000,1000
5701,51,random,10,0.6269904458598726,0,14,None,66,1,5,False,1000,1000
5702,52,random,10,0.6320660828025477,0,14,None,66,1,5,False,1000,1000
5703,53,random,10,0.6380374203821656,0,14,None,66,1,5,False,1000,1000
5704,54,random,10,0.6415207006369427,0,14,None,66,1,5,False,1000,1000
5705,50,random,10,0.6663017515923567,0,22,None,66,1,5,False,1000,1000
5706,51,random,10,0.6692874203821656,0,22,None,66,1,5,False,1000,1000
5707,52,random,10,0.67296974522293,0,22,None,66,1,5,False,1000,1000
5708,53,random,10,0.6751592356687898,0,22,None,66,1,5,False,1000,1000
5709,54,random,10,0.6785429936305732,0,22,None,66,1,5,False,1000,1000
5710,50,random,10,0.48328025477707,0,23,None,66,1,5,False,1000,1000
5711,51,random,10,0.495421974522293,0,23,None,66,1,5,False,1000,1000
5712,52,random,10,0.5053742038216561,0,23,None,66,1,5,False,1000,1000
5713,53,random,10,0.5127388535031847,0,23,None,66,1,5,False,1000,1000
5714,54,random,10,0.5205015923566879,0,23,None,66,1,5,False,1000,1000
5715,50,random,10,0.4828821656050955,0,0,None,66,1,5,False,1000,1000
5716,51,random,10,0.4869625796178344,0,0,None,66,1,5,False,1000,1000
5717,52,random,10,0.4941281847133758,0,0,None,66,1,5,False,1000,1000
5718,53,random,10,0.5009952229299363,0,0,None,66,1,5,False,1000,1000
5719,54,random,10,0.5070660828025477,0,0,None,66,1,5,False,1000,1000
5720,50,random,10,0.4492436305732484,0,7,None,66,1,5,False,1000,1000
5721,51,random,10,0.4523288216560509,0,7,None,66,1,5,False,1000,1000
5722,52,random,10,0.4586982484076433,0,7,None,66,1,5,False,1000,1000
5723,53,random,10,0.4639729299363057,0,7,None,66,1,5,False,1000,1000
5724,54,random,10,0.4718351910828025,0,7,None,66,1,5,False,1000,1000
5725,50,random,10,0.5445859872611465,0,32,None,66,1,5,False,1000,1000
5726,51,random,10,0.5405055732484076,0,32,None,66,1,5,False,1000,1000
5727,52,random,10,0.5402070063694268,0,32,None,66,1,5,False,1000,1000
5728,53,random,10,0.5400079617834395,0,32,None,66,1,5,False,1000,1000
5729,54,random,10,0.5389132165605095,0,32,None,66,1,5,False,1000,1000
5730,50,random,10,0.4445660828025478,0,4,None,66,1,5,False,1000,1000
5731,51,random,10,0.45203025477707,0,4,None,66,1,5,False,1000,1000
5732,52,random,10,0.4580015923566879,0,4,None,66,1,5,False,1000,1000
5733,53,random,10,0.4666600318471338,0,4,None,66,1,5,False,1000,1000
5734,54,random,10,0.4753184713375796,0,4,None,66,1,5,False,1000,1000
5735,50,random,10,0.4708399681528662,0,6,None,66,1,5,False,1000,1000
5736,51,random,10,0.4826831210191082,0,6,None,66,1,5,False,1000,1000
5737,52,random,10,0.4947253184713376,0,6,None,66,1,5,False,1000,1000
5738,53,random,10,0.504578025477707,0,6,None,66,1,5,False,1000,1000
5739,54,random,10,0.5132364649681529,0,6,None,66,1,5,False,1000,1000
5740,50,random,10,0.4739251592356688,0,13,None,66,1,5,False,1000,1000
5741,51,random,10,0.4791003184713376,0,13,None,66,1,5,False,1000,1000
5742,52,random,10,0.484375,0,13,None,66,1,5,False,1000,1000
5743,53,random,10,0.4891520700636942,0,13,None,66,1,5,False,1000,1000
5744,54,random,10,0.4945262738853503,0,13,None,66,1,5,False,1000,1000
5745,50,random,10,0.4568073248407643,0,12,None,66,1,5,False,1000,1000
5746,51,random,10,0.4713375796178344,0,12,None,66,1,5,False,1000,1000
5747,52,random,10,0.4835788216560509,0,12,None,66,1,5,False,1000,1000
5748,53,random,10,0.4924363057324841,0,12,None,66,1,5,False,1000,1000
5749,54,random,10,0.4995023885350318,0,12,None,66,1,5,False,1000,1000
5750,50,random,10,0.6472929936305732,0,25,None,66,1,5,False,1000,1000
5751,51,random,10,0.6491839171974523,0,25,None,66,1,5,False,1000,1000
5752,52,random,10,0.6533638535031847,0,25,None,66,1,5,False,1000,1000
5753,53,random,10,0.6563495222929936,0,25,None,66,1,5,False,1000,1000
5754,54,random,10,0.660031847133758,0,25,None,66,1,5,False,1000,1000
5755,50,random,10,0.5283638535031847,0,26,None,66,1,5,False,1000,1000
5756,51,random,10,0.5394108280254777,0,26,None,66,1,5,False,1000,1000
5757,52,random,10,0.5470740445859873,0,26,None,66,1,5,False,1000,1000
5758,53,random,10,0.5558320063694268,0,26,None,66,1,5,False,1000,1000
5759,54,random,10,0.56359474522293,0,26,None,66,1,5,False,1000,1000
5760,50,random,10,0.4446656050955414,0,10,None,66,1,5,False,1000,1000
5761,51,random,10,0.4536226114649681,0,10,None,66,1,5,False,1000,1000
5762,52,random,10,0.4619824840764331,0,10,None,66,1,5,False,1000,1000
5763,53,random,10,0.4736265923566879,0,10,None,66,1,5,False,1000,1000
5764,54,random,10,0.4818869426751592,0,10,None,66,1,5,False,1000,1000
5765,50,random,10,0.4590963375796178,0,15,None,66,1,5,False,1000,1000
5766,51,random,10,0.4642714968152866,0,15,None,66,1,5,False,1000,1000
5767,52,random,10,0.4717356687898089,0,15,None,66,1,5,False,1000,1000
5768,53,random,10,0.478702229299363,0,15,None,66,1,5,False,1000,1000
5769,54,random,10,0.4840764331210191,0,15,None,66,1,5,False,1000,1000
5770,50,random,10,0.5109474522292994,0,3,None,66,1,5,False,1000,1000
5771,51,random,10,0.5131369426751592,0,3,None,66,1,5,False,1000,1000
5772,52,random,10,0.5189092356687898,0,3,None,66,1,5,False,1000,1000
5773,53,random,10,0.523984872611465,0,3,None,66,1,5,False,1000,1000
5774,54,random,10,0.5286624203821656,0,3,None,66,1,5,False,1000,1000
7590,55,random,10,0.4740246815286624,0,16,None,66,1,5,False,1000,1000
7591,56,random,10,0.4827826433121019,0,16,None,66,1,5,False,1000,1000
7592,57,random,10,0.494327229299363,0,16,None,66,1,5,False,1000,1000
7593,58,random,10,0.5053742038216561,0,16,None,66,1,5,False,1000,1000
7594,59,random,10,0.5154259554140127,0,16,None,66,1,5,False,1000,1000
7595,55,random,10,0.518312101910828,0,20,None,66,1,5,False,1000,1000
7596,56,random,10,0.526671974522293,0,20,None,66,1,5,False,1000,1000
7597,57,random,10,0.53234474522293,0,20,None,66,1,5,False,1000,1000
7598,58,random,10,0.5372213375796179,0,20,None,66,1,5,False,1000,1000
7599,59,random,10,0.5433917197452229,0,20,None,66,1,5,False,1000,1000
7600,55,random,10,0.6427149681528662,0,22,None,66,1,5,False,1000,1000
7601,56,random,10,0.6451035031847133,0,22,None,66,1,5,False,1000,1000
7602,57,random,10,0.6474920382165605,0,22,None,66,1,5,False,1000,1000
7603,58,random,10,0.6503781847133758,0,22,None,66,1,5,False,1000,1000
7604,59,random,10,0.6525676751592356,0,22,None,66,1,5,False,1000,1000
7605,55,random,10,0.5179140127388535,0,14,None,66,1,5,False,1000,1000
7606,56,random,10,0.5262738853503185,0,14,None,66,1,5,False,1000,1000
7607,57,random,10,0.537718949044586,0,14,None,66,1,5,False,1000,1000
7608,58,random,10,0.5499601910828026,0,14,None,66,1,5,False,1000,1000
7609,59,random,10,0.5647890127388535,0,14,None,66,1,5,False,1000,1000
7610,55,random,10,0.6101711783439491,0,25,None,66,1,5,False,1000,1000
7611,56,random,10,0.6145501592356688,0,25,None,66,1,5,False,1000,1000
7612,57,random,10,0.6186305732484076,0,25,None,66,1,5,False,1000,1000
7613,58,random,10,0.6211186305732485,0,25,None,66,1,5,False,1000,1000
7614,59,random,10,0.6255971337579618,0,25,None,66,1,5,False,1000,1000
7615,55,random,10,0.5055732484076433,0,17,None,66,1,5,False,1000,1000
7616,56,random,10,0.5151273885350318,0,17,None,66,1,5,False,1000,1000
7617,57,random,10,0.522890127388535,0,17,None,66,1,5,False,1000,1000
7618,58,random,10,0.53015525477707,0,17,None,66,1,5,False,1000,1000
7619,59,random,10,0.5367237261146497,0,17,None,66,1,5,False,1000,1000
7620,55,random,10,0.5243829617834395,0,26,None,66,1,5,False,1000,1000
7621,56,random,10,0.5320461783439491,0,26,None,66,1,5,False,1000,1000
7622,57,random,10,0.5399084394904459,0,26,None,66,1,5,False,1000,1000
7623,58,random,10,0.5476711783439491,0,26,None,66,1,5,False,1000,1000
7624,59,random,10,0.5536425159235668,0,26,None,66,1,5,False,1000,1000
7625,55,random,10,0.5116441082802548,0,12,None,66,1,5,False,1000,1000
7626,56,random,10,0.5191082802547771,0,12,None,66,1,5,False,1000,1000
7627,57,random,10,0.5226910828025477,0,12,None,66,1,5,False,1000,1000
7628,58,random,10,0.5276671974522293,0,12,None,66,1,5,False,1000,1000
7629,59,random,10,0.5286624203821656,0,12,None,66,1,5,False,1000,1000
7630,55,random,10,0.5305533439490446,0,30,None,66,1,5,False,1000,1000
7631,56,random,10,0.5438893312101911,0,30,None,66,1,5,False,1000,1000
7632,57,random,10,0.5529458598726115,0,30,None,66,1,5,False,1000,1000
7633,58,random,10,0.560609076433121,0,30,None,66,1,5,False,1000,1000
7634,59,random,10,0.5685708598726115,0,30,None,66,1,5,False,1000,1000
7635,55,random,10,0.4821855095541401,0,6,None,66,1,5,False,1000,1000
7636,56,random,10,0.4909434713375796,0,6,None,66,1,5,False,1000,1000
7637,57,random,10,0.4991042993630573,0,6,None,66,1,5,False,1000,1000
7638,58,random,10,0.5071656050955414,0,6,None,66,1,5,False,1000,1000
7639,59,random,10,0.5131369426751592,0,6,None,66,1,5,False,1000,1000
7640,55,random,10,0.5415007961783439,0,32,None,66,1,5,False,1000,1000
7641,56,random,10,0.5418988853503185,0,32,None,66,1,5,False,1000,1000
7642,57,random,10,0.5438893312101911,0,32,None,66,1,5,False,1000,1000
7643,58,random,10,0.5471735668789809,0,32,None,66,1,5,False,1000,1000
7644,59,random,10,0.5508558917197452,0,32,None,66,1,5,False,1000,1000
7645,55,random,10,0.4945262738853503,0,7,None,66,1,5,False,1000,1000
7646,56,random,10,0.502687101910828,0,7,None,66,1,5,False,1000,1000
7647,57,random,10,0.5077627388535032,0,7,None,66,1,5,False,1000,1000
7648,58,random,10,0.513734076433121,0,7,None,66,1,5,False,1000,1000
7649,59,random,10,0.5201035031847133,0,7,None,66,1,5,False,1000,1000
7650,55,random,10,0.4228702229299363,0,1,None,66,1,5,False,1000,1000
7651,56,random,10,0.431827229299363,0,1,None,66,1,5,False,1000,1000
7652,57,random,10,0.4394904458598726,0,1,None,66,1,5,False,1000,1000
7653,58,random,10,0.4453622611464968,0,1,None,66,1,5,False,1000,1000
7654,59,random,10,0.4502388535031847,0,1,None,66,1,5,False,1000,1000
7655,55,random,10,0.5124402866242038,0,2,None,66,1,5,False,1000,1000
7656,56,random,10,0.5210987261146497,0,2,None,66,1,5,False,1000,1000
7657,57,random,10,0.5298566878980892,0,2,None,66,1,5,False,1000,1000
7658,58,random,10,0.5356289808917197,0,2,None,66,1,5,False,1000,1000
7659,59,random,10,0.5418988853503185,0,2,None,66,1,5,False,1000,1000
7660,55,random,10,0.5271695859872612,0,5,None,66,1,5,False,1000,1000
7661,56,random,10,0.5308519108280255,0,5,None,66,1,5,False,1000,1000
7662,57,random,10,0.5334394904458599,0,5,None,66,1,5,False,1000,1000
7663,58,random,10,0.535828025477707,0,5,None,66,1,5,False,1000,1000
7664,59,random,10,0.541202229299363,0,5,None,66,1,5,False,1000,1000
7665,55,random,10,0.4790007961783439,0,8,None,66,1,5,False,1000,1000
7666,56,random,10,0.4875597133757962,0,8,None,66,1,5,False,1000,1000
7667,57,random,10,0.4982085987261146,0,8,None,66,1,5,False,1000,1000
7668,58,random,10,0.5097531847133758,0,8,None,66,1,5,False,1000,1000
7669,59,random,10,0.5199044585987261,0,8,None,66,1,5,False,1000,1000
7670,55,random,10,0.5012937898089171,0,13,None,66,1,5,False,1000,1000
7671,56,random,10,0.5049761146496815,0,13,None,66,1,5,False,1000,1000
7672,57,random,10,0.508359872611465,0,13,None,66,1,5,False,1000,1000
7673,58,random,10,0.5123407643312102,0,13,None,66,1,5,False,1000,1000
7674,59,random,10,0.5163216560509554,0,13,None,66,1,5,False,1000,1000
7675,55,random,10,0.5284633757961783,0,23,None,66,1,5,False,1000,1000
7676,56,random,10,0.5314490445859873,0,23,None,66,1,5,False,1000,1000
7677,57,random,10,0.5351313694267515,0,23,None,66,1,5,False,1000,1000
7678,58,random,10,0.5388136942675159,0,23,None,66,1,5,False,1000,1000
7679,59,random,10,0.5443869426751592,0,23,None,66,1,5,False,1000,1000
7680,55,random,10,0.5867834394904459,0,9,None,66,1,5,False,1000,1000
7681,56,random,10,0.5931528662420382,0,9,None,66,1,5,False,1000,1000
7682,57,random,10,0.5990246815286624,0,9,None,66,1,5,False,1000,1000
7683,58,random,10,0.6027070063694268,0,9,None,66,1,5,False,1000,1000
7684,59,random,10,0.6062898089171974,0,9,None,66,1,5,False,1000,1000
7685,55,random,10,0.5058718152866242,0,28,None,66,1,5,False,1000,1000
7686,56,random,10,0.5094546178343949,0,28,None,66,1,5,False,1000,1000
7687,57,random,10,0.5115445859872612,0,28,None,66,1,5,False,1000,1000
7688,58,random,10,0.5138335987261147,0,28,None,66,1,5,False,1000,1000
7689,59,random,10,0.5160230891719745,0,28,None,66,1,5,False,1000,1000
7690,55,random,10,0.5368232484076433,0,29,None,66,1,5,False,1000,1000
7691,56,random,10,0.5429936305732485,0,29,None,66,1,5,False,1000,1000
7692,57,random,10,0.549562101910828,0,29,None,66,1,5,False,1000,1000
7693,58,random,10,0.556827229299363,0,29,None,66,1,5,False,1000,1000
7694,59,random,10,0.5604100318471338,0,29,None,66,1,5,False,1000,1000
7695,55,random,10,0.5351313694267515,0,3,None,66,1,5,False,1000,1000
7696,56,random,10,0.5406050955414012,0,3,None,66,1,5,False,1000,1000
7697,57,random,10,0.5493630573248408,0,3,None,66,1,5,False,1000,1000
7698,58,random,10,0.5570262738853503,0,3,None,66,1,5,False,1000,1000
7699,59,random,10,0.5645899681528662,0,3,None,66,1,5,False,1000,1000
7700,55,random,10,0.4860668789808917,0,10,None,66,1,5,False,1000,1000
7701,56,random,10,0.4937300955414013,0,10,None,66,1,5,False,1000,1000
7702,57,random,10,0.5009952229299363,0,10,None,66,1,5,False,1000,1000
7703,58,random,10,0.5081608280254777,0,10,None,66,1,5,False,1000,1000
7704,59,random,10,0.5148288216560509,0,10,None,66,1,5,False,1000,1000
7705,55,random,10,0.4976114649681528,0,4,None,66,1,5,False,1000,1000
7706,56,random,10,0.5078622611464968,0,4,None,66,1,5,False,1000,1000
7707,57,random,10,0.5158240445859873,0,4,None,66,1,5,False,1000,1000
7708,58,random,10,0.5246815286624203,0,4,None,66,1,5,False,1000,1000
7709,59,random,10,0.53234474522293,0,4,None,66,1,5,False,1000,1000
7710,55,random,10,0.5041799363057324,0,11,None,66,1,5,False,1000,1000
7711,56,random,10,0.5071656050955414,0,11,None,66,1,5,False,1000,1000
7712,57,random,10,0.5095541401273885,0,11,None,66,1,5,False,1000,1000
7713,58,random,10,0.5114450636942676,0,11,None,66,1,5,False,1000,1000
7714,59,random,10,0.5139331210191083,0,11,None,66,1,5,False,1000,1000
7715,55,random,10,0.4924363057324841,0,15,None,66,1,5,False,1000,1000
7716,56,random,10,0.5002985668789809,0,15,None,66,1,5,False,1000,1000
7717,57,random,10,0.5090565286624203,0,15,None,66,1,5,False,1000,1000
7718,58,random,10,0.5172173566878981,0,15,None,66,1,5,False,1000,1000
7719,59,random,10,0.5238853503184714,0,15,None,66,1,5,False,1000,1000
7720,55,random,10,0.5192078025477707,0,19,None,66,1,5,False,1000,1000
7721,56,random,10,0.5251791401273885,0,19,None,66,1,5,False,1000,1000
7722,57,random,10,0.5277667197452229,0,19,None,66,1,5,False,1000,1000
7723,58,random,10,0.5337380573248408,0,19,None,66,1,5,False,1000,1000
7724,59,random,10,0.5393113057324841,0,19,None,66,1,5,False,1000,1000
7725,55,random,10,0.5221934713375797,0,21,None,66,1,5,False,1000,1000
7726,56,random,10,0.5351313694267515,0,21,None,66,1,5,False,1000,1000
7727,57,random,10,0.5470740445859873,0,21,None,66,1,5,False,1000,1000
7728,58,random,10,0.5563296178343949,0,21,None,66,1,5,False,1000,1000
7729,59,random,10,0.56359474522293,0,21,None,66,1,5,False,1000,1000
7730,55,random,10,0.5153264331210191,0,0,None,66,1,5,False,1000,1000
7731,56,random,10,0.5218949044585988,0,0,None,66,1,5,False,1000,1000
7732,57,random,10,0.5260748407643312,0,0,None,66,1,5,False,1000,1000
7733,58,random,10,0.53015525477707,0,0,None,66,1,5,False,1000,1000
7734,59,random,10,0.5342356687898089,0,0,None,66,1,5,False,1000,1000
7735,55,random,10,0.5258757961783439,0,24,None,66,1,5,False,1000,1000
7736,56,random,10,0.5261743630573248,0,24,None,66,1,5,False,1000,1000
7737,57,random,10,0.5250796178343949,0,24,None,66,1,5,False,1000,1000
7738,58,random,10,0.5233877388535032,0,24,None,66,1,5,False,1000,1000
7739,59,random,10,0.5208001592356688,0,24,None,66,1,5,False,1000,1000
7740,60,random,10,0.5626990445859873,0,26,None,66,1,5,False,1000,1000
7741,61,random,10,0.5699641719745223,0,26,None,66,1,5,False,1000,1000
7742,62,random,10,0.5766321656050956,0,26,None,66,1,5,False,1000,1000
7743,63,random,10,0.581906847133758,0,26,None,66,1,5,False,1000,1000
7744,64,random,10,0.5862858280254777,0,26,None,66,1,5,False,1000,1000
7745,55,random,10,0.5089570063694268,0,27,None,66,1,5,False,1000,1000
7746,56,random,10,0.5114450636942676,0,27,None,66,1,5,False,1000,1000
7747,57,random,10,0.5133359872611465,0,27,None,66,1,5,False,1000,1000
7748,58,random,10,0.515625,0,27,None,66,1,5,False,1000,1000
7749,59,random,10,0.517515923566879,0,27,None,66,1,5,False,1000,1000
7750,55,random,10,0.6237062101910829,0,18,None,66,1,5,False,1000,1000
7751,56,random,10,0.6301751592356688,0,18,None,66,1,5,False,1000,1000
7752,57,random,10,0.6339570063694268,0,18,None,66,1,5,False,1000,1000
7753,58,random,10,0.6385350318471338,0,18,None,66,1,5,False,1000,1000
7754,59,random,10,0.6405254777070064,0,18,None,66,1,5,False,1000,1000
7755,55,random,10,0.3804737261146497,0,31,None,66,1,5,False,1000,1000
7756,56,random,10,0.3835589171974522,0,31,None,66,1,5,False,1000,1000
7757,57,random,10,0.3870421974522293,0,31,None,66,1,5,False,1000,1000
7758,58,random,10,0.3885350318471338,0,31,None,66,1,5,False,1000,1000
7759,59,random,10,0.3905254777070063,0,31,None,66,1,5,False,1000,1000
7760,60,random,10,0.6284832802547771,0,25,None,66,1,5,False,1000,1000
7761,61,random,10,0.6311703821656051,0,25,None,66,1,5,False,1000,1000
7762,62,random,10,0.6327627388535032,0,25,None,66,1,5,False,1000,1000
7763,63,random,10,0.6345541401273885,0,25,None,66,1,5,False,1000,1000
7764,64,random,10,0.6373407643312102,0,25,None,66,1,5,False,1000,1000
7765,60,random,10,0.5039808917197452,0,6,None,66,1,5,False,1000,1000
7766,61,random,10,0.5107484076433121,0,6,None,66,1,5,False,1000,1000
7767,62,random,10,0.5163216560509554,0,6,None,66,1,5,False,1000,1000
7768,63,random,10,0.521297770700637,0,6,None,66,1,5,False,1000,1000
7769,64,random,10,0.5250796178343949,0,6,None,66,1,5,False,1000,1000
7770,60,random,10,0.5311504777070064,0,30,None,66,1,5,False,1000,1000
7771,61,random,10,0.5376194267515924,0,30,None,66,1,5,False,1000,1000
7772,62,random,10,0.5444864649681529,0,30,None,66,1,5,False,1000,1000
7773,63,random,10,0.5482683121019108,0,30,None,66,1,5,False,1000,1000
7774,64,random,10,0.554140127388535,0,30,None,66,1,5,False,1000,1000
7775,60,random,10,0.4521297770700637,0,1,None,66,1,5,False,1000,1000
7776,61,random,10,0.455015923566879,0,1,None,66,1,5,False,1000,1000
7777,62,random,10,0.4589968152866242,0,1,None,66,1,5,False,1000,1000
7778,63,random,10,0.4610867834394904,0,1,None,66,1,5,False,1000,1000
7779,64,random,10,0.4633757961783439,0,1,None,66,1,5,False,1000,1000
7780,60,random,10,0.5199044585987261,0,13,None,66,1,5,False,1000,1000
7781,61,random,10,0.5235867834394905,0,13,None,66,1,5,False,1000,1000
7782,62,random,10,0.525577229299363,0,13,None,66,1,5,False,1000,1000
7783,63,random,10,0.5275676751592356,0,13,None,66,1,5,False,1000,1000
7784,64,random,10,0.5306528662420382,0,13,None,66,1,5,False,1000,1000
7785,60,random,10,0.5478702229299363,0,23,None,66,1,5,False,1000,1000
7786,61,random,10,0.551453025477707,0,23,None,66,1,5,False,1000,1000
7787,62,random,10,0.5517515923566879,0,23,None,66,1,5,False,1000,1000
7788,63,random,10,0.5556329617834395,0,23,None,66,1,5,False,1000,1000
7789,64,random,10,0.5574243630573248,0,23,None,66,1,5,False,1000,1000
7790,60,random,10,0.5799164012738853,0,29,None,66,1,5,False,1000,1000
7791,61,random,10,0.583797770700637,0,29,None,66,1,5,False,1000,1000
7792,62,random,10,0.5869824840764332,0,29,None,66,1,5,False,1000,1000
7793,63,random,10,0.5890724522292994,0,29,None,66,1,5,False,1000,1000
7794,64,random,10,0.5911624203821656,0,29,None,66,1,5,False,1000,1000
7795,60,random,10,0.5617038216560509,0,2,None,66,1,5,False,1000,1000
7796,61,random,10,0.5661823248407644,0,2,None,66,1,5,False,1000,1000
7797,62,random,10,0.5703622611464968,0,2,None,66,1,5,False,1000,1000
7798,63,random,10,0.5738455414012739,0,2,None,66,1,5,False,1000,1000
7799,64,random,10,0.5760350318471338,0,2,None,66,1,5,False,1000,1000
7800,60,random,10,0.5562300955414012,0,5,None,66,1,5,False,1000,1000
7801,61,random,10,0.5649880573248408,0,5,None,66,1,5,False,1000,1000
7802,62,random,10,0.571656050955414,0,5,None,66,1,5,False,1000,1000
7803,63,random,10,0.5779259554140127,0,5,None,66,1,5,False,1000,1000
7804,64,random,10,0.5841958598726115,0,5,None,66,1,5,False,1000,1000
7805,60,random,10,0.6087778662420382,0,9,None,66,1,5,False,1000,1000
7806,61,random,10,0.6110668789808917,0,9,None,66,1,5,False,1000,1000
7807,62,random,10,0.6136544585987261,0,9,None,66,1,5,False,1000,1000
7808,63,random,10,0.6153463375796179,0,9,None,66,1,5,False,1000,1000
7809,64,random,10,0.6170382165605095,0,9,None,66,1,5,False,1000,1000
7810,60,random,10,0.5199044585987261,0,10,None,66,1,5,False,1000,1000
7811,61,random,10,0.5246815286624203,0,10,None,66,1,5,False,1000,1000
7812,62,random,10,0.5267714968152867,0,10,None,66,1,5,False,1000,1000
7813,63,random,10,0.5309514331210191,0,10,None,66,1,5,False,1000,1000
7814,64,random,10,0.5347332802547771,0,10,None,66,1,5,False,1000,1000
7815,60,random,10,0.5162221337579618,0,11,None,66,1,5,False,1000,1000
7816,61,random,10,0.5187101910828026,0,11,None,66,1,5,False,1000,1000
7817,62,random,10,0.5196058917197452,0,11,None,66,1,5,False,1000,1000
7818,63,random,10,0.5218949044585988,0,11,None,66,1,5,False,1000,1000
7819,64,random,10,0.5240843949044586,0,11,None,66,1,5,False,1000,1000
7820,60,random,10,0.5322452229299363,0,15,None,66,1,5,False,1000,1000
7821,61,random,10,0.5372213375796179,0,15,None,66,1,5,False,1000,1000
7822,62,random,10,0.5428941082802548,0,15,None,66,1,5,False,1000,1000
7823,63,random,10,0.5492635350318471,0,15,None,66,1,5,False,1000,1000
7824,64,random,10,0.5517515923566879,0,15,None,66,1,5,False,1000,1000
7825,60,random,10,0.5836982484076433,0,12,None,66,1,5,False,1000,1000
7826,61,random,10,0.5869824840764332,0,12,None,66,1,5,False,1000,1000
7827,62,random,10,0.5893710191082803,0,12,None,66,1,5,False,1000,1000
7828,63,random,10,0.5904657643312102,0,12,None,66,1,5,False,1000,1000
7829,64,random,10,0.5913614649681529,0,12,None,66,1,5,False,1000,1000
7830,60,random,10,0.5476711783439491,0,20,None,66,1,5,False,1000,1000
7831,61,random,10,0.5521496815286624,0,20,None,66,1,5,False,1000,1000
7832,62,random,10,0.5567277070063694,0,20,None,66,1,5,False,1000,1000
7833,63,random,10,0.5595143312101911,0,20,None,66,1,5,False,1000,1000
7834,64,random,10,0.5625995222929936,0,20,None,66,1,5,False,1000,1000
7835,60,random,10,0.5208996815286624,0,28,None,66,1,5,False,1000,1000
7836,61,random,10,0.5235867834394905,0,28,None,66,1,5,False,1000,1000
7837,62,random,10,0.525577229299363,0,28,None,66,1,5,False,1000,1000
7838,63,random,10,0.5289609872611465,0,28,None,66,1,5,False,1000,1000
7839,64,random,10,0.5338375796178344,0,28,None,66,1,5,False,1000,1000
7840,60,random,10,0.542296974522293,0,16,None,66,1,5,False,1000,1000
7841,61,random,10,0.5482683121019108,0,16,None,66,1,5,False,1000,1000
7842,62,random,10,0.5553343949044586,0,16,None,66,1,5,False,1000,1000
7843,63,random,10,0.5631966560509554,0,16,None,66,1,5,False,1000,1000
7844,64,random,10,0.5705613057324841,0,16,None,66,1,5,False,1000,1000
7845,60,random,10,0.5381170382165605,0,0,None,66,1,5,False,1000,1000
7846,61,random,10,0.5418988853503185,0,0,None,66,1,5,False,1000,1000
7847,62,random,10,0.5461783439490446,0,0,None,66,1,5,False,1000,1000
7848,63,random,10,0.5498606687898089,0,0,None,66,1,5,False,1000,1000
7849,64,random,10,0.5530453821656051,0,0,None,66,1,5,False,1000,1000
7850,60,random,10,0.3774880573248407,0,31,None,66,1,5,False,1000,1000
7851,61,random,10,0.3823646496815286,0,31,None,66,1,5,False,1000,1000
7852,62,random,10,0.3863455414012738,0,31,None,66,1,5,False,1000,1000
7853,63,random,10,0.3909235668789809,0,31,None,66,1,5,False,1000,1000
7854,64,random,10,0.3928144904458598,0,31,None,66,1,5,False,1000,1000
7855,60,random,10,0.5732484076433121,0,3,None,66,1,5,False,1000,1000
7856,61,random,10,0.5788216560509554,0,3,None,66,1,5,False,1000,1000
7857,62,random,10,0.583797770700637,0,3,None,66,1,5,False,1000,1000
7858,63,random,10,0.5878781847133758,0,3,None,66,1,5,False,1000,1000
7859,64,random,10,0.5928542993630573,0,3,None,66,1,5,False,1000,1000
7860,60,random,10,0.5308519108280255,0,8,None,66,1,5,False,1000,1000
7861,61,random,10,0.5416998407643312,0,8,None,66,1,5,False,1000,1000
7862,62,random,10,0.5505573248407644,0,8,None,66,1,5,False,1000,1000
7863,63,random,10,0.5592157643312102,0,8,None,66,1,5,False,1000,1000
7864,64,random,10,0.5673765923566879,0,8,None,66,1,5,False,1000,1000
7865,60,random,10,0.5483678343949044,0,18,None,66,1,5,False,1000,1000
7866,61,random,10,0.5562300955414012,0,18,None,66,1,5,False,1000,1000
7867,62,random,10,0.5653861464968153,0,18,None,66,1,5,False,1000,1000
7868,63,random,10,0.5718550955414012,0,18,None,66,1,5,False,1000,1000
7869,64,random,10,0.576234076433121,0,18,None,66,1,5,False,1000,1000
7870,60,random,10,0.4589968152866242,0,19,None,66,1,5,False,1000,1000
7871,61,random,10,0.4683519108280254,0,19,None,66,1,5,False,1000,1000
7872,62,random,10,0.4789012738853503,0,19,None,66,1,5,False,1000,1000
7873,63,random,10,0.4882563694267516,0,19,None,66,1,5,False,1000,1000
7874,64,random,10,0.4968152866242038,0,19,None,66,1,5,False,1000,1000
7875,60,random,10,0.6553542993630573,0,22,None,66,1,5,False,1000,1000
7876,61,random,10,0.6566480891719745,0,22,None,66,1,5,False,1000,1000
7877,62,random,10,0.6593351910828026,0,22,None,66,1,5,False,1000,1000
7878,63,random,10,0.6615246815286624,0,22,None,66,1,5,False,1000,1000
7879,64,random,10,0.6639132165605095,0,22,None,66,1,5,False,1000,1000
7880,60,random,10,0.6191281847133758,0,14,None,66,1,5,False,1000,1000
7881,61,random,10,0.6252985668789809,0,14,None,66,1,5,False,1000,1000
7882,62,random,10,0.6330613057324841,0,14,None,66,1,5,False,1000,1000
7883,63,random,10,0.6375398089171974,0,14,None,66,1,5,False,1000,1000
7884,64,random,10,0.6412221337579618,0,14,None,66,1,5,False,1000,1000
7885,60,random,10,0.5405055732484076,0,7,None,66,1,5,False,1000,1000
7886,61,random,10,0.544187898089172,0,7,None,66,1,5,False,1000,1000
7887,62,random,10,0.5475716560509554,0,7,None,66,1,5,False,1000,1000
7888,63,random,10,0.5532444267515924,0,7,None,66,1,5,False,1000,1000
7889,64,random,10,0.5575238853503185,0,7,None,66,1,5,False,1000,1000
7890,60,random,10,0.6084792993630573,0,4,None,66,1,5,False,1000,1000
7891,61,random,10,0.613953025477707,0,4,None,66,1,5,False,1000,1000
7892,62,random,10,0.620421974522293,0,4,None,66,1,5,False,1000,1000
7893,63,random,10,0.6252985668789809,0,4,None,66,1,5,False,1000,1000
7894,64,random,10,0.6300756369426752,0,4,None,66,1,5,False,1000,1000
7895,60,random,10,0.5544386942675159,0,32,None,66,1,5,False,1000,1000
7896,61,random,10,0.5559315286624203,0,32,None,66,1,5,False,1000,1000
7897,62,random,10,0.5608081210191083,0,32,None,66,1,5,False,1000,1000
7898,63,random,10,0.564390923566879,0,32,None,66,1,5,False,1000,1000
7899,64,random,10,0.5696656050955414,0,32,None,66,1,5,False,1000,1000
7900,60,random,10,0.5413017515923567,0,17,None,66,1,5,False,1000,1000
7901,61,random,10,0.5443869426751592,0,17,None,66,1,5,False,1000,1000
7902,62,random,10,0.5483678343949044,0,17,None,66,1,5,False,1000,1000
7903,63,random,10,0.5508558917197452,0,17,None,66,1,5,False,1000,1000
7904,64,random,10,0.5530453821656051,0,17,None,66,1,5,False,1000,1000
7905,60,random,10,0.5727507961783439,0,21,None,66,1,5,False,1000,1000
7906,61,random,10,0.578125,0,21,None,66,1,5,False,1000,1000
7907,62,random,10,0.5816082802547771,0,21,None,66,1,5,False,1000,1000
7908,63,random,10,0.5842953821656051,0,21,None,66,1,5,False,1000,1000
7909,64,random,10,0.5902667197452229,0,21,None,66,1,5,False,1000,1000
7910,60,random,10,0.5165207006369427,0,24,None,66,1,5,False,1000,1000
7911,61,random,10,0.5149283439490446,0,24,None,66,1,5,False,1000,1000
7912,62,random,10,0.5141321656050956,0,24,None,66,1,5,False,1000,1000
7913,63,random,10,0.5147292993630573,0,24,None,66,1,5,False,1000,1000
7914,64,random,10,0.5150278662420382,0,24,None,66,1,5,False,1000,1000
7915,60,random,10,0.5271695859872612,0,27,None,66,1,5,False,1000,1000
7916,61,random,10,0.5287619426751592,0,27,None,66,1,5,False,1000,1000
7917,62,random,10,0.53234474522293,0,27,None,66,1,5,False,1000,1000
7918,63,random,10,0.5349323248407644,0,27,None,66,1,5,False,1000,1000
7919,64,random,10,0.536922770700637,0,27,None,66,1,5,False,1000,1000
10065,65,random,10,0.5838972929936306,0,5,None,66,1,5,False,1000,1000
10066,66,random,10,0.5890724522292994,0,5,None,66,1,5,False,1000,1000
10067,67,random,10,0.5941480891719745,0,5,None,66,1,5,False,1000,1000
10068,68,random,10,0.5988256369426752,0,5,None,66,1,5,False,1000,1000
10069,69,random,10,0.6015127388535032,0,5,None,66,1,5,False,1000,1000
10070,65,random,10,0.5571257961783439,0,15,None,66,1,5,False,1000,1000
10071,66,random,10,0.5574243630573248,0,15,None,66,1,5,False,1000,1000
10072,67,random,10,0.5590167197452229,0,15,None,66,1,5,False,1000,1000
10073,68,random,10,0.560609076433121,0,15,None,66,1,5,False,1000,1000
10074,69,random,10,0.5601114649681529,0,15,None,66,1,5,False,1000,1000
10075,65,random,10,0.5783240445859873,0,16,None,66,1,5,False,1000,1000
10076,66,random,10,0.5824044585987261,0,16,None,66,1,5,False,1000,1000
10077,67,random,10,0.5869824840764332,0,16,None,66,1,5,False,1000,1000
10078,68,random,10,0.5887738853503185,0,16,None,66,1,5,False,1000,1000
10079,69,random,10,0.5931528662420382,0,16,None,66,1,5,False,1000,1000
10080,65,random,10,0.5748407643312102,0,8,None,66,1,5,False,1000,1000
10081,66,random,10,0.5829020700636943,0,8,None,66,1,5,False,1000,1000
10082,67,random,10,0.5909633757961783,0,8,None,66,1,5,False,1000,1000
10083,68,random,10,0.5963375796178344,0,8,None,66,1,5,False,1000,1000
10084,69,random,10,0.600218949044586,0,8,None,66,1,5,False,1000,1000
10085,65,random,10,0.5677746815286624,0,20,None,66,1,5,False,1000,1000
10086,66,random,10,0.5705613057324841,0,20,None,66,1,5,False,1000,1000
10087,67,random,10,0.5721536624203821,0,20,None,66,1,5,False,1000,1000
10088,68,random,10,0.5758359872611465,0,20,None,66,1,5,False,1000,1000
10089,69,random,10,0.5793192675159236,0,20,None,66,1,5,False,1000,1000
10090,65,random,10,0.5035828025477707,0,19,None,66,1,5,False,1000,1000
10091,66,random,10,0.5131369426751592,0,19,None,66,1,5,False,1000,1000
10092,67,random,10,0.5221934713375797,0,19,None,66,1,5,False,1000,1000
10093,68,random,10,0.5277667197452229,0,19,None,66,1,5,False,1000,1000
10094,69,random,10,0.53234474522293,0,19,None,66,1,5,False,1000,1000
10095,65,random,10,0.6663017515923567,0,22,None,66,1,5,False,1000,1000
10096,66,random,10,0.6679936305732485,0,22,None,66,1,5,False,1000,1000
10097,67,random,10,0.6696855095541401,0,22,None,66,1,5,False,1000,1000
10098,68,random,10,0.6727707006369427,0,22,None,66,1,5,False,1000,1000
10099,69,random,10,0.6746616242038217,0,22,None,66,1,5,False,1000,1000
10100,65,random,10,0.6401273885350318,0,14,None,66,1,5,False,1000,1000
10101,66,random,10,0.6442078025477707,0,14,None,66,1,5,False,1000,1000
10102,67,random,10,0.6477906050955414,0,14,None,66,1,5,False,1000,1000
10103,68,random,10,0.6501791401273885,0,14,None,66,1,5,False,1000,1000
10104,69,random,10,0.6518710191082803,0,14,None,66,1,5,False,1000,1000
10105,65,random,10,0.5607085987261147,0,23,None,66,1,5,False,1000,1000
10106,66,random,10,0.5647890127388535,0,23,None,66,1,5,False,1000,1000
10107,67,random,10,0.5676751592356688,0,23,None,66,1,5,False,1000,1000
10108,68,random,10,0.569765127388535,0,23,None,66,1,5,False,1000,1000
10109,69,random,10,0.5718550955414012,0,23,None,66,1,5,False,1000,1000
10110,65,random,10,0.5921576433121019,0,21,None,66,1,5,False,1000,1000
10111,66,random,10,0.5925557324840764,0,21,None,66,1,5,False,1000,1000
10112,67,random,10,0.5911624203821656,0,21,None,66,1,5,False,1000,1000
10113,68,random,10,0.5877786624203821,0,21,None,66,1,5,False,1000,1000
10114,69,random,10,0.5859872611464968,0,21,None,66,1,5,False,1000,1000
10115,65,random,10,0.5170183121019108,0,24,None,66,1,5,False,1000,1000
10116,66,random,10,0.5181130573248408,0,24,None,66,1,5,False,1000,1000
10117,67,random,10,0.5192078025477707,0,24,None,66,1,5,False,1000,1000
10118,68,random,10,0.5213972929936306,0,24,None,66,1,5,False,1000,1000
10119,69,random,10,0.5238853503184714,0,24,None,66,1,5,False,1000,1000
10120,65,random,10,0.5386146496815286,0,28,None,66,1,5,False,1000,1000
10121,66,random,10,0.5429936305732485,0,28,None,66,1,5,False,1000,1000
10122,67,random,10,0.54796974522293,0,28,None,66,1,5,False,1000,1000
10123,68,random,10,0.5520501592356688,0,28,None,66,1,5,False,1000,1000
10124,69,random,10,0.5570262738853503,0,28,None,66,1,5,False,1000,1000
10125,65,random,10,0.597531847133758,0,29,None,66,1,5,False,1000,1000
10126,66,random,10,0.6000199044585988,0,29,None,66,1,5,False,1000,1000
10127,67,random,10,0.6039012738853503,0,29,None,66,1,5,False,1000,1000
10128,68,random,10,0.6072850318471338,0,29,None,66,1,5,False,1000,1000
10129,69,random,10,0.6108678343949044,0,29,None,66,1,5,False,1000,1000
10130,65,random,10,0.618531050955414,0,9,None,66,1,5,False,1000,1000
10131,66,random,10,0.6200238853503185,0,9,None,66,1,5,False,1000,1000
10132,67,random,10,0.6215167197452229,0,9,None,66,1,5,False,1000,1000
10133,68,random,10,0.6230095541401274,0,9,None,66,1,5,False,1000,1000
10134,69,random,10,0.6246019108280255,0,9,None,66,1,5,False,1000,1000
10135,65,random,10,0.5436902866242038,0,30,None,66,1,5,False,1000,1000
10136,66,random,10,0.5494625796178344,0,30,None,66,1,5,False,1000,1000
10137,67,random,10,0.552547770700637,0,30,None,66,1,5,False,1000,1000
10138,68,random,10,0.5571257961783439,0,30,None,66,1,5,False,1000,1000
10139,69,random,10,0.5618033439490446,0,30,None,66,1,5,False,1000,1000
10140,65,random,10,0.5831011146496815,0,2,None,66,1,5,False,1000,1000
10141,66,random,10,0.5858877388535032,0,2,None,66,1,5,False,1000,1000
10142,67,random,10,0.5875796178343949,0,2,None,66,1,5,False,1000,1000
10143,68,random,10,0.5906648089171974,0,2,None,66,1,5,False,1000,1000
10144,69,random,10,0.5935509554140127,0,2,None,66,1,5,False,1000,1000
10145,65,random,10,0.4651671974522293,0,1,None,66,1,5,False,1000,1000
10146,66,random,10,0.4669585987261146,0,1,None,66,1,5,False,1000,1000
10147,67,random,10,0.4686504777070063,0,1,None,66,1,5,False,1000,1000
10148,68,random,10,0.4700437898089172,0,1,None,66,1,5,False,1000,1000
10149,69,random,10,0.4728304140127388,0,1,None,66,1,5,False,1000,1000
10150,65,random,10,0.5565286624203821,0,0,None,66,1,5,False,1000,1000
10151,66,random,10,0.5601114649681529,0,0,None,66,1,5,False,1000,1000
10152,67,random,10,0.5652866242038217,0,0,None,66,1,5,False,1000,1000
10153,68,random,10,0.5700636942675159,0,0,None,66,1,5,False,1000,1000
10154,69,random,10,0.5760350318471338,0,0,None,66,1,5,False,1000,1000
10155,65,random,10,0.5278662420382165,0,11,None,66,1,5,False,1000,1000
10156,66,random,10,0.5290605095541401,0,11,None,66,1,5,False,1000,1000
10157,67,random,10,0.5314490445859873,0,11,None,66,1,5,False,1000,1000
10158,68,random,10,0.533937101910828,0,11,None,66,1,5,False,1000,1000
10159,69,random,10,0.5356289808917197,0,11,None,66,1,5,False,1000,1000
10160,65,random,10,0.5353304140127388,0,10,None,66,1,5,False,1000,1000
10161,66,random,10,0.5376194267515924,0,10,None,66,1,5,False,1000,1000
10162,67,random,10,0.539609872611465,0,10,None,66,1,5,False,1000,1000
10163,68,random,10,0.5420979299363057,0,10,None,66,1,5,False,1000,1000
10164,69,random,10,0.5446855095541401,0,10,None,66,1,5,False,1000,1000
10165,65,random,10,0.5549363057324841,0,17,None,66,1,5,False,1000,1000
10166,66,random,10,0.5575238853503185,0,17,None,66,1,5,False,1000,1000
10167,67,random,10,0.5595143312101911,0,17,None,66,1,5,False,1000,1000
10168,68,random,10,0.5619028662420382,0,17,None,66,1,5,False,1000,1000
10169,69,random,10,0.5644904458598726,0,17,None,66,1,5,False,1000,1000
10170,65,random,10,0.5253781847133758,0,6,None,66,1,5,False,1000,1000
10171,66,random,10,0.5287619426751592,0,6,None,66,1,5,False,1000,1000
10172,67,random,10,0.53234474522293,0,6,None,66,1,5,False,1000,1000
10173,68,random,10,0.5355294585987261,0,6,None,66,1,5,False,1000,1000
10174,69,random,10,0.5384156050955414,0,6,None,66,1,5,False,1000,1000
10175,65,random,10,0.5991242038216561,0,3,None,66,1,5,False,1000,1000
10176,66,random,10,0.6041998407643312,0,3,None,66,1,5,False,1000,1000
10177,67,random,10,0.6084792993630573,0,3,None,66,1,5,False,1000,1000
10178,68,random,10,0.6117635350318471,0,3,None,66,1,5,False,1000,1000
10179,69,random,10,0.6160429936305732,0,3,None,66,1,5,False,1000,1000
10180,65,random,10,0.5357285031847133,0,13,None,66,1,5,False,1000,1000
10181,66,random,10,0.5395103503184714,0,13,None,66,1,5,False,1000,1000
10182,67,random,10,0.5443869426751592,0,13,None,66,1,5,False,1000,1000
10183,68,random,10,0.5508558917197452,0,13,None,66,1,5,False,1000,1000
10184,69,random,10,0.5556329617834395,0,13,None,66,1,5,False,1000,1000
10185,65,random,10,0.5952428343949044,0,12,None,66,1,5,False,1000,1000
10186,66,random,10,0.5955414012738853,0,12,None,66,1,5,False,1000,1000
10187,67,random,10,0.5978304140127388,0,12,None,66,1,5,False,1000,1000
10188,68,random,10,0.5988256369426752,0,12,None,66,1,5,False,1000,1000
10189,69,random,10,0.6006170382165605,0,12,None,66,1,5,False,1000,1000
10190,65,random,10,0.6381369426751592,0,25,None,66,1,5,False,1000,1000
10191,66,random,10,0.6401273885350318,0,25,None,66,1,5,False,1000,1000
10192,67,random,10,0.6431130573248408,0,25,None,66,1,5,False,1000,1000
10193,68,random,10,0.6456011146496815,0,25,None,66,1,5,False,1000,1000
10194,69,random,10,0.6490843949044586,0,25,None,66,1,5,False,1000,1000
10195,65,random,10,0.5846934713375797,0,26,None,66,1,5,False,1000,1000
10196,66,random,10,0.5881767515923567,0,26,None,66,1,5,False,1000,1000
10197,67,random,10,0.5922571656050956,0,26,None,66,1,5,False,1000,1000
10198,68,random,10,0.5967356687898089,0,26,None,66,1,5,False,1000,1000
10199,69,random,10,0.6009156050955414,0,26,None,66,1,5,False,1000,1000
10200,70,random,10,0.6084792993630573,0,25,None,66,1,5,False,1000,1000
10201,71,random,10,0.6100716560509554,0,25,None,66,1,5,False,1000,1000
10202,72,random,10,0.6123606687898089,0,25,None,66,1,5,False,1000,1000
10203,73,random,10,0.6167396496815286,0,25,None,66,1,5,False,1000,1000
10204,74,random,10,0.6195262738853503,0,25,None,66,1,5,False,1000,1000
10205,65,random,10,0.5857882165605095,0,18,None,66,1,5,False,1000,1000
10206,66,random,10,0.5897691082802548,0,18,None,66,1,5,False,1000,1000
10207,67,random,10,0.5958399681528662,0,18,None,66,1,5,False,1000,1000
10208,68,random,10,0.6012141719745223,0,18,None,66,1,5,False,1000,1000
10209,69,random,10,0.6062898089171974,0,18,None,66,1,5,False,1000,1000
10210,65,random,10,0.5424960191082803,0,27,None,66,1,5,False,1000,1000
10211,66,random,10,0.5453821656050956,0,27,None,66,1,5,False,1000,1000
10212,67,random,10,0.54796974522293,0,27,None,66,1,5,False,1000,1000
10213,68,random,10,0.5508558917197452,0,27,None,66,1,5,False,1000,1000
10214,69,random,10,0.5547372611464968,0,27,None,66,1,5,False,1000,1000
10215,65,random,10,0.3738057324840764,0,31,None,66,1,5,False,1000,1000
10216,66,random,10,0.3810708598726114,0,31,None,66,1,5,False,1000,1000
10217,67,random,10,0.387639331210191,0,31,None,66,1,5,False,1000,1000
10218,68,random,10,0.3907245222929936,0,31,None,66,1,5,False,1000,1000
10219,69,random,10,0.3951035031847134,0,31,None,66,1,5,False,1000,1000
10220,65,random,10,0.5595143312101911,0,7,None,66,1,5,False,1000,1000
10221,66,random,10,0.5623009554140127,0,7,None,66,1,5,False,1000,1000
10222,67,random,10,0.566281847133758,0,7,None,66,1,5,False,1000,1000
10223,68,random,10,0.5698646496815286,0,7,None,66,1,5,False,1000,1000
10224,69,random,10,0.574343152866242,0,7,None,66,1,5,False,1000,1000
10225,65,random,10,0.5756369426751592,0,32,None,66,1,5,False,1000,1000
10226,66,random,10,0.5794187898089171,0,32,None,66,1,5,False,1000,1000
10227,67,random,10,0.5836982484076433,0,32,None,66,1,5,False,1000,1000
10228,68,random,10,0.5877786624203821,0,32,None,66,1,5,False,1000,1000
10229,69,random,10,0.5924562101910829,0,32,None,66,1,5,False,1000,1000
10230,65,random,10,0.6279856687898089,0,4,None,66,1,5,False,1000,1000
10231,66,random,10,0.6325636942675159,0,4,None,66,1,5,False,1000,1000
10232,67,random,10,0.6357484076433121,0,4,None,66,1,5,False,1000,1000
10233,68,random,10,0.6394307324840764,0,4,None,66,1,5,False,1000,1000
10234,69,random,10,0.6418192675159236,0,4,None,66,1,5,False,1000,1000
10235,70,random,10,0.455015923566879,0,1,None,66,1,5,False,1000,1000
10236,71,random,10,0.4640724522292994,0,1,None,66,1,5,False,1000,1000
10237,72,random,10,0.4702428343949044,0,1,None,66,1,5,False,1000,1000
10238,73,random,10,0.4769108280254777,0,1,None,66,1,5,False,1000,1000
10239,74,random,10,0.481389331210191,0,1,None,66,1,5,False,1000,1000
10240,70,random,10,0.5589171974522293,0,13,None,66,1,5,False,1000,1000
10241,71,random,10,0.5646894904458599,0,13,None,66,1,5,False,1000,1000
10242,72,random,10,0.5702627388535032,0,13,None,66,1,5,False,1000,1000
10243,73,random,10,0.5755374203821656,0,13,None,66,1,5,False,1000,1000
10244,74,random,10,0.5795183121019108,0,13,None,66,1,5,False,1000,1000
10245,70,random,10,0.5813097133757962,0,21,None,66,1,5,False,1000,1000
10246,71,random,10,0.580015923566879,0,21,None,66,1,5,False,1000,1000
10247,72,random,10,0.5831011146496815,0,21,None,66,1,5,False,1000,1000
10248,73,random,10,0.5858877388535032,0,21,None,66,1,5,False,1000,1000
10249,74,random,10,0.5879777070063694,0,21,None,66,1,5,False,1000,1000
10250,70,random,10,0.578125,0,29,None,66,1,5,False,1000,1000
10251,71,random,10,0.5811106687898089,0,29,None,66,1,5,False,1000,1000
10252,72,random,10,0.5834992038216561,0,29,None,66,1,5,False,1000,1000
10253,73,random,10,0.5865843949044586,0,29,None,66,1,5,False,1000,1000
10254,74,random,10,0.5906648089171974,0,29,None,66,1,5,False,1000,1000
10255,70,random,10,0.6025079617834395,0,2,None,66,1,5,False,1000,1000
10256,71,random,10,0.6051950636942676,0,2,None,66,1,5,False,1000,1000
10257,72,random,10,0.6073845541401274,0,2,None,66,1,5,False,1000,1000
10258,73,random,10,0.6099721337579618,0,2,None,66,1,5,False,1000,1000
10259,74,random,10,0.612062101910828,0,2,None,66,1,5,False,1000,1000
10260,70,random,10,0.6052945859872612,0,9,None,66,1,5,False,1000,1000
10261,71,random,10,0.60828025477707,0,9,None,66,1,5,False,1000,1000
10262,72,random,10,0.6105692675159236,0,9,None,66,1,5,False,1000,1000
10263,73,random,10,0.6133558917197452,0,9,None,66,1,5,False,1000,1000
10264,74,random,10,0.6160429936305732,0,9,None,66,1,5,False,1000,1000
10265,70,random,10,0.5890724522292994,0,17,None,66,1,5,False,1000,1000
10266,71,random,10,0.5917595541401274,0,17,None,66,1,5,False,1000,1000
10267,72,random,10,0.5942476114649682,0,17,None,66,1,5,False,1000,1000
10268,73,random,10,0.5970342356687898,0,17,None,66,1,5,False,1000,1000
10269,74,random,10,0.6000199044585988,0,17,None,66,1,5,False,1000,1000
10270,70,random,10,0.5721536624203821,0,28,None,66,1,5,False,1000,1000
10271,71,random,10,0.5750398089171974,0,28,None,66,1,5,False,1000,1000
10272,72,random,10,0.5795183121019108,0,28,None,66,1,5,False,1000,1000
10273,73,random,10,0.5834992038216561,0,28,None,66,1,5,False,1000,1000
10274,74,random,10,0.589171974522293,0,28,None,66,1,5,False,1000,1000
10275,70,random,10,0.5939490445859873,0,5,None,66,1,5,False,1000,1000
10276,71,random,10,0.5984275477707006,0,5,None,66,1,5,False,1000,1000
10277,72,random,10,0.6018113057324841,0,5,None,66,1,5,False,1000,1000
10278,73,random,10,0.6056926751592356,0,5,None,66,1,5,False,1000,1000
10279,74,random,10,0.6084792993630573,0,5,None,66,1,5,False,1000,1000
10280,70,random,10,0.5869824840764332,0,26,None,66,1,5,False,1000,1000
10281,71,random,10,0.5914609872611465,0,26,None,66,1,5,False,1000,1000
10282,72,random,10,0.5951433121019108,0,26,None,66,1,5,False,1000,1000
10283,73,random,10,0.598328025477707,0,26,None,66,1,5,False,1000,1000
10284,74,random,10,0.6025079617834395,0,26,None,66,1,5,False,1000,1000
10285,70,random,10,0.5684713375796179,0,12,None,66,1,5,False,1000,1000
10286,71,random,10,0.5713574840764332,0,12,None,66,1,5,False,1000,1000
10287,72,random,10,0.573546974522293,0,12,None,66,1,5,False,1000,1000
10288,73,random,10,0.5765326433121019,0,12,None,66,1,5,False,1000,1000
10289,74,random,10,0.5805135350318471,0,12,None,66,1,5,False,1000,1000
10290,70,random,10,0.5947452229299363,0,8,None,66,1,5,False,1000,1000
10291,71,random,10,0.599422770700637,0,8,None,66,1,5,False,1000,1000
10292,72,random,10,0.602906050955414,0,8,None,66,1,5,False,1000,1000
10293,73,random,10,0.6058917197452229,0,8,None,66,1,5,False,1000,1000
10294,74,random,10,0.60828025477707,0,8,None,66,1,5,False,1000,1000
10295,70,random,10,0.6062898089171974,0,18,None,66,1,5,False,1000,1000
10296,71,random,10,0.6094745222929936,0,18,None,66,1,5,False,1000,1000
10297,72,random,10,0.6142515923566879,0,18,None,66,1,5,False,1000,1000
10298,73,random,10,0.6189291401273885,0,18,None,66,1,5,False,1000,1000
10299,74,random,10,0.6242038216560509,0,18,None,66,1,5,False,1000,1000
10300,70,random,10,0.5295581210191083,0,19,None,66,1,5,False,1000,1000
10301,71,random,10,0.5341361464968153,0,19,None,66,1,5,False,1000,1000
10302,72,random,10,0.5392117834394905,0,19,None,66,1,5,False,1000,1000
10303,73,random,10,0.5453821656050956,0,19,None,66,1,5,False,1000,1000
10304,74,random,10,0.5493630573248408,0,19,None,66,1,5,False,1000,1000
10305,70,random,10,0.5463773885350318,0,11,None,66,1,5,False,1000,1000
10306,71,random,10,0.5544386942675159,0,11,None,66,1,5,False,1000,1000
10307,72,random,10,0.5636942675159236,0,11,None,66,1,5,False,1000,1000
10308,73,random,10,0.5715565286624203,0,11,None,66,1,5,False,1000,1000
10309,74,random,10,0.5787221337579618,0,11,None,66,1,5,False,1000,1000
10310,70,random,10,0.5480692675159236,0,10,None,66,1,5,False,1000,1000
10311,71,random,10,0.5497611464968153,0,10,None,66,1,5,False,1000,1000
10312,72,random,10,0.551453025477707,0,10,None,66,1,5,False,1000,1000
10313,73,random,10,0.5529458598726115,0,10,None,66,1,5,False,1000,1000
10314,74,random,10,0.5547372611464968,0,10,None,66,1,5,False,1000,1000
10315,70,random,10,0.5883757961783439,0,15,None,66,1,5,False,1000,1000
10316,71,random,10,0.5917595541401274,0,15,None,66,1,5,False,1000,1000
10317,72,random,10,0.5927547770700637,0,15,None,66,1,5,False,1000,1000
10318,73,random,10,0.5942476114649682,0,15,None,66,1,5,False,1000,1000
10319,74,random,10,0.5954418789808917,0,15,None,66,1,5,False,1000,1000
10320,70,random,10,0.5963375796178344,0,20,None,66,1,5,False,1000,1000
10321,71,random,10,0.5988256369426752,0,20,None,66,1,5,False,1000,1000
10322,72,random,10,0.602109872611465,0,20,None,66,1,5,False,1000,1000
10323,73,random,10,0.6062898089171974,0,20,None,66,1,5,False,1000,1000
10324,74,random,10,0.6098726114649682,0,20,None,66,1,5,False,1000,1000
10325,70,random,10,0.5573248407643312,0,14,None,66,1,5,False,1000,1000
10326,71,random,10,0.5755374203821656,0,14,None,66,1,5,False,1000,1000
10327,72,random,10,0.5889729299363057,0,14,None,66,1,5,False,1000,1000
10328,73,random,10,0.5993232484076433,0,14,None,66,1,5,False,1000,1000
10329,74,random,10,0.6067874203821656,0,14,None,66,1,5,False,1000,1000
10330,70,random,10,0.6272890127388535,0,22,None,66,1,5,False,1000,1000
10331,71,random,10,0.6301751592356688,0,22,None,66,1,5,False,1000,1000
10332,72,random,10,0.6315684713375797,0,22,None,66,1,5,False,1000,1000
10333,73,random,10,0.6342555732484076,0,22,None,66,1,5,False,1000,1000
10334,74,random,10,0.636843152866242,0,22,None,66,1,5,False,1000,1000
10335,70,random,10,0.6121616242038217,0,23,None,66,1,5,False,1000,1000
10336,71,random,10,0.6241042993630573,0,23,None,66,1,5,False,1000,1000
10337,72,random,10,0.6303742038216561,0,23,None,66,1,5,False,1000,1000
10338,73,random,10,0.6327627388535032,0,23,None,66,1,5,False,1000,1000
10339,74,random,10,0.6347531847133758,0,23,None,66,1,5,False,1000,1000
10340,70,random,10,0.6094745222929936,0,4,None,66,1,5,False,1000,1000
10341,71,random,10,0.6159434713375797,0,4,None,66,1,5,False,1000,1000
10342,72,random,10,0.6213176751592356,0,4,None,66,1,5,False,1000,1000
10343,73,random,10,0.6241042993630573,0,4,None,66,1,5,False,1000,1000
10344,74,random,10,0.627687101910828,0,4,None,66,1,5,False,1000,1000
10345,70,random,10,0.5237858280254777,0,24,None,66,1,5,False,1000,1000
10346,71,random,10,0.5282643312101911,0,24,None,66,1,5,False,1000,1000
10347,72,random,10,0.5316480891719745,0,24,None,66,1,5,False,1000,1000
10348,73,random,10,0.5349323248407644,0,24,None,66,1,5,False,1000,1000
10349,74,random,10,0.5399084394904459,0,24,None,66,1,5,False,1000,1000
10350,70,random,10,0.5642914012738853,0,27,None,66,1,5,False,1000,1000
10351,71,random,10,0.5675756369426752,0,27,None,66,1,5,False,1000,1000
10352,72,random,10,0.5726512738853503,0,27,None,66,1,5,False,1000,1000
10353,73,random,10,0.57703025477707,0,27,None,66,1,5,False,1000,1000
10354,74,random,10,0.5814092356687898,0,27,None,66,1,5,False,1000,1000
10355,70,random,10,0.5788216560509554,0,0,None,66,1,5,False,1000,1000
10356,71,random,10,0.5848925159235668,0,0,None,66,1,5,False,1000,1000
10357,72,random,10,0.5933519108280255,0,0,None,66,1,5,False,1000,1000
10358,73,random,10,0.6019108280254777,0,0,None,66,1,5,False,1000,1000
10359,74,random,10,0.6103702229299363,0,0,None,66,1,5,False,1000,1000
10360,70,random,10,0.5634952229299363,0,30,None,66,1,5,False,1000,1000
10361,71,random,10,0.5687699044585988,0,30,None,66,1,5,False,1000,1000
10362,72,random,10,0.5730493630573248,0,30,None,66,1,5,False,1000,1000
10363,73,random,10,0.5755374203821656,0,30,None,66,1,5,False,1000,1000
10364,74,random,10,0.5796178343949044,0,30,None,66,1,5,False,1000,1000
10365,70,random,10,0.3882364649681528,0,31,None,66,1,5,False,1000,1000
10366,71,random,10,0.3999800955414013,0,31,None,66,1,5,False,1000,1000
10367,72,random,10,0.4115246815286624,0,31,None,66,1,5,False,1000,1000
10368,73,random,10,0.4174960191082802,0,31,None,66,1,5,False,1000,1000
10369,74,random,10,0.4268511146496815,0,31,None,66,1,5,False,1000,1000
10370,70,random,10,0.5343351910828026,0,6,None,66,1,5,False,1000,1000
10371,71,random,10,0.5368232484076433,0,6,None,66,1,5,False,1000,1000
10372,72,random,10,0.5402070063694268,0,6,None,66,1,5,False,1000,1000
10373,73,random,10,0.5431926751592356,0,6,None,66,1,5,False,1000,1000
10374,74,random,10,0.5508558917197452,0,6,None,66,1,5,False,1000,1000
10375,70,random,10,0.6143511146496815,0,3,None,66,1,5,False,1000,1000
10376,71,random,10,0.6201234076433121,0,3,None,66,1,5,False,1000,1000
10377,72,random,10,0.6265923566878981,0,3,None,66,1,5,False,1000,1000
10378,73,random,10,0.6327627388535032,0,3,None,66,1,5,False,1000,1000
10379,74,random,10,0.6362460191082803,0,3,None,66,1,5,False,1000,1000
10380,70,random,10,0.575437898089172,0,7,None,66,1,5,False,1000,1000
10381,71,random,10,0.5803144904458599,0,7,None,66,1,5,False,1000,1000
10382,72,random,10,0.5847929936305732,0,7,None,66,1,5,False,1000,1000
10383,73,random,10,0.589171974522293,0,7,None,66,1,5,False,1000,1000
10384,74,random,10,0.5922571656050956,0,7,None,66,1,5,False,1000,1000
10385,70,random,10,0.5739450636942676,0,16,None,66,1,5,False,1000,1000
10386,71,random,10,0.5756369426751592,0,16,None,66,1,5,False,1000,1000
10387,72,random,10,0.5778264331210191,0,16,None,66,1,5,False,1000,1000
10388,73,random,10,0.5806130573248408,0,16,None,66,1,5,False,1000,1000
10389,74,random,10,0.5826035031847133,0,16,None,66,1,5,False,1000,1000
10390,70,random,10,0.6015127388535032,0,32,None,66,1,5,False,1000,1000
10391,71,random,10,0.6050955414012739,0,32,None,66,1,5,False,1000,1000
10392,72,random,10,0.6089769108280255,0,32,None,66,1,5,False,1000,1000
10393,73,random,10,0.6129578025477707,0,32,None,66,1,5,False,1000,1000
10394,74,random,10,0.6151472929936306,0,32,None,66,1,5,False,1000,1000
12870,75,random,10,0.4484474522292994,0,1,None,66,1,5,False,1000,1000
12871,76,random,10,0.4618829617834395,0,1,None,66,1,5,False,1000,1000
12872,77,random,10,0.4738256369426751,0,1,None,66,1,5,False,1000,1000
12873,78,random,10,0.4820859872611465,0,1,None,66,1,5,False,1000,1000
12874,79,random,10,0.4877587579617834,0,1,None,66,1,5,False,1000,1000
12875,75,random,10,0.5794187898089171,0,13,None,66,1,5,False,1000,1000
12876,76,random,10,0.5841958598726115,0,13,None,66,1,5,False,1000,1000
12877,77,random,10,0.5894705414012739,0,13,None,66,1,5,False,1000,1000
12878,78,random,10,0.5943471337579618,0,13,None,66,1,5,False,1000,1000
12879,79,random,10,0.5991242038216561,0,13,None,66,1,5,False,1000,1000
12880,75,random,10,0.60828025477707,0,15,None,66,1,5,False,1000,1000
12881,76,random,10,0.6111664012738853,0,15,None,66,1,5,False,1000,1000
12882,77,random,10,0.6152468152866242,0,15,None,66,1,5,False,1000,1000
12883,78,random,10,0.6186305732484076,0,15,None,66,1,5,False,1000,1000
12884,79,random,10,0.6197253184713376,0,15,None,66,1,5,False,1000,1000
12885,75,random,10,0.5861863057324841,0,16,None,66,1,5,False,1000,1000
12886,76,random,10,0.5875796178343949,0,16,None,66,1,5,False,1000,1000
12887,77,random,10,0.5883757961783439,0,16,None,66,1,5,False,1000,1000
12888,78,random,10,0.5898686305732485,0,16,None,66,1,5,False,1000,1000
12889,79,random,10,0.5912619426751592,0,16,None,66,1,5,False,1000,1000
12890,75,random,10,0.6067874203821656,0,8,None,66,1,5,False,1000,1000
12891,76,random,10,0.6088773885350318,0,8,None,66,1,5,False,1000,1000
12892,77,random,10,0.6115644904458599,0,8,None,66,1,5,False,1000,1000
12893,78,random,10,0.6140525477707006,0,8,None,66,1,5,False,1000,1000
12894,79,random,10,0.6160429936305732,0,8,None,66,1,5,False,1000,1000
12895,75,random,10,0.6107683121019108,0,20,None,66,1,5,False,1000,1000
12896,76,random,10,0.6134554140127388,0,20,None,66,1,5,False,1000,1000
12897,77,random,10,0.6159434713375797,0,20,None,66,1,5,False,1000,1000
12898,78,random,10,0.617734872611465,0,20,None,66,1,5,False,1000,1000
12899,79,random,10,0.6205214968152867,0,20,None,66,1,5,False,1000,1000
12900,75,random,10,0.5395103503184714,0,19,None,66,1,5,False,1000,1000
12901,76,random,10,0.5440883757961783,0,19,None,66,1,5,False,1000,1000
12902,77,random,10,0.5480692675159236,0,19,None,66,1,5,False,1000,1000
12903,78,random,10,0.552547770700637,0,19,None,66,1,5,False,1000,1000
12904,79,random,10,0.556827229299363,0,19,None,66,1,5,False,1000,1000
12905,75,random,10,0.6354498407643312,0,23,None,66,1,5,False,1000,1000
12906,76,random,10,0.6392316878980892,0,23,None,66,1,5,False,1000,1000
12907,77,random,10,0.6405254777070064,0,23,None,66,1,5,False,1000,1000
12908,78,random,10,0.643312101910828,0,23,None,66,1,5,False,1000,1000
12909,79,random,10,0.6448049363057324,0,23,None,66,1,5,False,1000,1000
12910,75,random,10,0.5873805732484076,0,21,None,66,1,5,False,1000,1000
12911,76,random,10,0.5892714968152867,0,21,None,66,1,5,False,1000,1000
12912,77,random,10,0.591062898089172,0,21,None,66,1,5,False,1000,1000
12913,78,random,10,0.5922571656050956,0,21,None,66,1,5,False,1000,1000
12914,79,random,10,0.5939490445859873,0,21,None,66,1,5,False,1000,1000
12915,75,random,10,0.621218152866242,0,25,None,66,1,5,False,1000,1000
12916,76,random,10,0.6247014331210191,0,25,None,66,1,5,False,1000,1000
12917,77,random,10,0.6279856687898089,0,25,None,66,1,5,False,1000,1000
12918,78,random,10,0.6307722929936306,0,25,None,66,1,5,False,1000,1000
12919,79,random,10,0.6354498407643312,0,25,None,66,1,5,False,1000,1000
12920,75,random,10,0.5477707006369427,0,24,None,66,1,5,False,1000,1000
12921,76,random,10,0.5545382165605095,0,24,None,66,1,5,False,1000,1000
12922,77,random,10,0.5622014331210191,0,24,None,66,1,5,False,1000,1000
12923,78,random,10,0.5748407643312102,0,24,None,66,1,5,False,1000,1000
12924,79,random,10,0.5875796178343949,0,24,None,66,1,5,False,1000,1000
12925,75,random,10,0.6031050955414012,0,28,None,66,1,5,False,1000,1000
12926,76,random,10,0.6079816878980892,0,28,None,66,1,5,False,1000,1000
12927,77,random,10,0.6133558917197452,0,28,None,66,1,5,False,1000,1000
12928,78,random,10,0.6184315286624203,0,28,None,66,1,5,False,1000,1000
12929,79,random,10,0.6228105095541401,0,28,None,66,1,5,False,1000,1000
12930,75,random,10,0.5896695859872612,0,29,None,66,1,5,False,1000,1000
12931,76,random,10,0.5920581210191083,0,29,None,66,1,5,False,1000,1000
12932,77,random,10,0.5961385350318471,0,29,None,66,1,5,False,1000,1000
12933,78,random,10,0.5982285031847133,0,29,None,66,1,5,False,1000,1000
12934,79,random,10,0.601015127388535,0,29,None,66,1,5,False,1000,1000
12935,75,random,10,0.6178343949044586,0,9,None,66,1,5,False,1000,1000
12936,76,random,10,0.618531050955414,0,9,None,66,1,5,False,1000,1000
12937,77,random,10,0.6199243630573248,0,9,None,66,1,5,False,1000,1000
12938,78,random,10,0.6209195859872612,0,9,None,66,1,5,False,1000,1000
12939,79,random,10,0.6227109872611465,0,9,None,66,1,5,False,1000,1000
12940,75,random,10,0.5889729299363057,0,27,None,66,1,5,False,1000,1000
12941,76,random,10,0.59265525477707,0,27,None,66,1,5,False,1000,1000
12942,77,random,10,0.5987261146496815,0,27,None,66,1,5,False,1000,1000
12943,78,random,10,0.6035031847133758,0,27,None,66,1,5,False,1000,1000
12944,79,random,10,0.6103702229299363,0,27,None,66,1,5,False,1000,1000
12945,75,random,10,0.6282842356687898,0,18,None,66,1,5,False,1000,1000
12946,76,random,10,0.631468949044586,0,18,None,66,1,5,False,1000,1000
12947,77,random,10,0.6363455414012739,0,18,None,66,1,5,False,1000,1000
12948,78,random,10,0.6418192675159236,0,18,None,66,1,5,False,1000,1000
12949,79,random,10,0.6455015923566879,0,18,None,66,1,5,False,1000,1000
12950,75,random,10,0.3986863057324841,0,31,None,66,1,5,False,1000,1000
12951,76,random,10,0.4151074840764331,0,31,None,66,1,5,False,1000,1000
12952,77,random,10,0.4260549363057325,0,31,None,66,1,5,False,1000,1000
12953,78,random,10,0.4370023885350318,0,31,None,66,1,5,False,1000,1000
12954,79,random,10,0.442874203821656,0,31,None,66,1,5,False,1000,1000
12955,75,random,10,0.6161425159235668,0,2,None,66,1,5,False,1000,1000
12956,76,random,10,0.6184315286624203,0,2,None,66,1,5,False,1000,1000
12957,77,random,10,0.6203224522292994,0,2,None,66,1,5,False,1000,1000
12958,78,random,10,0.6215167197452229,0,2,None,66,1,5,False,1000,1000
12959,79,random,10,0.6226114649681529,0,2,None,66,1,5,False,1000,1000
12960,75,random,10,0.6236066878980892,0,0,None,66,1,5,False,1000,1000
12961,76,random,10,0.6351512738853503,0,0,None,66,1,5,False,1000,1000
12962,77,random,10,0.6438097133757962,0,0,None,66,1,5,False,1000,1000
12963,78,random,10,0.6483877388535032,0,0,None,66,1,5,False,1000,1000
12964,79,random,10,0.6514729299363057,0,0,None,66,1,5,False,1000,1000
12965,75,random,10,0.6117635350318471,0,5,None,66,1,5,False,1000,1000
12966,76,random,10,0.6149482484076433,0,5,None,66,1,5,False,1000,1000
12967,77,random,10,0.6173367834394905,0,5,None,66,1,5,False,1000,1000
12968,78,random,10,0.619327229299363,0,5,None,66,1,5,False,1000,1000
12969,79,random,10,0.6225119426751592,0,5,None,66,1,5,False,1000,1000
12970,75,random,10,0.5477707006369427,0,6,None,66,1,5,False,1000,1000
12971,76,random,10,0.5557324840764332,0,6,None,66,1,5,False,1000,1000
12972,77,random,10,0.571656050955414,0,6,None,66,1,5,False,1000,1000
12973,78,random,10,0.588077229299363,0,6,None,66,1,5,False,1000,1000
12974,79,random,10,0.5995222929936306,0,6,None,66,1,5,False,1000,1000
12975,75,random,10,0.6038017515923567,0,26,None,66,1,5,False,1000,1000
12976,76,random,10,0.6078821656050956,0,26,None,66,1,5,False,1000,1000
12977,77,random,10,0.6106687898089171,0,26,None,66,1,5,False,1000,1000
12978,78,random,10,0.613953025477707,0,26,None,66,1,5,False,1000,1000
12979,79,random,10,0.6160429936305732,0,26,None,66,1,5,False,1000,1000
12980,75,random,10,0.5887738853503185,0,12,None,66,1,5,False,1000,1000
12981,76,random,10,0.5901671974522293,0,12,None,66,1,5,False,1000,1000
12982,77,random,10,0.5932523885350318,0,12,None,66,1,5,False,1000,1000
12983,78,random,10,0.5961385350318471,0,12,None,66,1,5,False,1000,1000
12984,79,random,10,0.5995222929936306,0,12,None,66,1,5,False,1000,1000
12985,75,random,10,0.5826035031847133,0,30,None,66,1,5,False,1000,1000
12986,76,random,10,0.5855891719745223,0,30,None,66,1,5,False,1000,1000
12987,77,random,10,0.5882762738853503,0,30,None,66,1,5,False,1000,1000
12988,78,random,10,0.5905652866242038,0,30,None,66,1,5,False,1000,1000
12989,79,random,10,0.5932523885350318,0,30,None,66,1,5,False,1000,1000
12990,75,random,10,0.5627985668789809,0,10,None,66,1,5,False,1000,1000
12991,76,random,10,0.5704617834394905,0,10,None,66,1,5,False,1000,1000
12992,77,random,10,0.5796178343949044,0,10,None,66,1,5,False,1000,1000
12993,78,random,10,0.5874800955414012,0,10,None,66,1,5,False,1000,1000
12994,79,random,10,0.5943471337579618,0,10,None,66,1,5,False,1000,1000
12995,75,random,10,0.5962380573248408,0,11,None,66,1,5,False,1000,1000
12996,76,random,10,0.6008160828025477,0,11,None,66,1,5,False,1000,1000
12997,77,random,10,0.604796974522293,0,11,None,66,1,5,False,1000,1000
12998,78,random,10,0.6072850318471338,0,11,None,66,1,5,False,1000,1000
12999,79,random,10,0.61046974522293,0,11,None,66,1,5,False,1000,1000
13000,75,random,10,0.6361464968152867,0,3,None,66,1,5,False,1000,1000
13001,76,random,10,0.6388335987261147,0,3,None,66,1,5,False,1000,1000
13002,77,random,10,0.6420183121019108,0,3,None,66,1,5,False,1000,1000
13003,78,random,10,0.6451035031847133,0,3,None,66,1,5,False,1000,1000
13004,79,random,10,0.6490843949044586,0,3,None,66,1,5,False,1000,1000
13005,75,random,10,0.6200238853503185,0,17,None,66,1,5,False,1000,1000
13006,76,random,10,0.6225119426751592,0,17,None,66,1,5,False,1000,1000
13007,77,random,10,0.6258957006369427,0,17,None,66,1,5,False,1000,1000
13008,78,random,10,0.6284832802547771,0,17,None,66,1,5,False,1000,1000
13009,79,random,10,0.6300756369426752,0,17,None,66,1,5,False,1000,1000
13010,75,random,10,0.5677746815286624,0,14,None,66,1,5,False,1000,1000
13011,76,random,10,0.5829020700636943,0,14,None,66,1,5,False,1000,1000
13012,77,random,10,0.5957404458598726,0,14,None,66,1,5,False,1000,1000
13013,78,random,10,0.6030055732484076,0,14,None,66,1,5,False,1000,1000
13014,79,random,10,0.6090764331210191,0,14,None,66,1,5,False,1000,1000
13015,75,random,10,0.6079816878980892,0,22,None,66,1,5,False,1000,1000
13016,76,random,10,0.6094745222929936,0,22,None,66,1,5,False,1000,1000
13017,77,random,10,0.6118630573248408,0,22,None,66,1,5,False,1000,1000
13018,78,random,10,0.6140525477707006,0,22,None,66,1,5,False,1000,1000
13019,79,random,10,0.6154458598726115,0,22,None,66,1,5,False,1000,1000
13020,80,random,10,0.6367436305732485,0,25,None,66,1,5,False,1000,1000
13021,81,random,10,0.640625,0,25,None,66,1,5,False,1000,1000
13022,82,random,10,0.643312101910828,0,25,None,66,1,5,False,1000,1000
13023,83,random,10,0.6464968152866242,0,25,None,66,1,5,False,1000,1000
13024,84,random,10,0.6507762738853503,0,25,None,66,1,5,False,1000,1000
13025,80,random,10,0.581906847133758,0,24,None,66,1,5,False,1000,1000
13026,81,random,10,0.589968152866242,0,24,None,66,1,5,False,1000,1000
13027,82,random,10,0.6014132165605095,0,24,None,66,1,5,False,1000,1000
13028,83,random,10,0.61046974522293,0,24,None,66,1,5,False,1000,1000
13029,84,random,10,0.6208200636942676,0,24,None,66,1,5,False,1000,1000
13030,75,random,10,0.5945461783439491,0,7,None,66,1,5,False,1000,1000
13031,76,random,10,0.5972332802547771,0,7,None,66,1,5,False,1000,1000
13032,77,random,10,0.6008160828025477,0,7,None,66,1,5,False,1000,1000
13033,78,random,10,0.605593152866242,0,7,None,66,1,5,False,1000,1000
13034,79,random,10,0.6077826433121019,0,7,None,66,1,5,False,1000,1000
13035,75,random,10,0.6309713375796179,0,4,None,66,1,5,False,1000,1000
13036,76,random,10,0.6342555732484076,0,4,None,66,1,5,False,1000,1000
13037,77,random,10,0.6363455414012739,0,4,None,66,1,5,False,1000,1000
13038,78,random,10,0.6400278662420382,0,4,None,66,1,5,False,1000,1000
13039,79,random,10,0.6426154458598726,0,4,None,66,1,5,False,1000,1000
13040,75,random,10,0.6206210191082803,0,32,None,66,1,5,False,1000,1000
13041,76,random,10,0.6217157643312102,0,32,None,66,1,5,False,1000,1000
13042,77,random,10,0.6251990445859873,0,32,None,66,1,5,False,1000,1000
13043,78,random,10,0.6281847133757962,0,32,None,66,1,5,False,1000,1000
13044,79,random,10,0.6311703821656051,0,32,None,66,1,5,False,1000,1000
13045,80,random,10,0.4648686305732484,0,1,None,66,1,5,False,1000,1000
13046,81,random,10,0.4801950636942675,0,1,None,66,1,5,False,1000,1000
13047,82,random,10,0.4913415605095541,0,1,None,66,1,5,False,1000,1000
13048,83,random,10,0.49890525477707,0,1,None,66,1,5,False,1000,1000
13049,84,random,10,0.5068670382165605,0,1,None,66,1,5,False,1000,1000
13050,80,random,10,0.6018113057324841,0,13,None,66,1,5,False,1000,1000
13051,81,random,10,0.6054936305732485,0,13,None,66,1,5,False,1000,1000
13052,82,random,10,0.6099721337579618,0,13,None,66,1,5,False,1000,1000
13053,83,random,10,0.6133558917197452,0,13,None,66,1,5,False,1000,1000
13054,84,random,10,0.6159434713375797,0,13,None,66,1,5,False,1000,1000
13055,80,random,10,0.5922571656050956,0,21,None,66,1,5,False,1000,1000
13056,81,random,10,0.5946457006369427,0,21,None,66,1,5,False,1000,1000
13057,82,random,10,0.5963375796178344,0,21,None,66,1,5,False,1000,1000
13058,83,random,10,0.5980294585987261,0,21,None,66,1,5,False,1000,1000
13059,84,random,10,0.6003184713375797,0,21,None,66,1,5,False,1000,1000
13060,80,random,10,0.6078821656050956,0,29,None,66,1,5,False,1000,1000
13061,81,random,10,0.61046974522293,0,29,None,66,1,5,False,1000,1000
13062,82,random,10,0.6142515923566879,0,29,None,66,1,5,False,1000,1000
13063,83,random,10,0.618531050955414,0,29,None,66,1,5,False,1000,1000
13064,84,random,10,0.6203224522292994,0,29,None,66,1,5,False,1000,1000
13065,80,random,10,0.6241042993630573,0,27,None,66,1,5,False,1000,1000
13066,81,random,10,0.6288813694267515,0,27,None,66,1,5,False,1000,1000
13067,82,random,10,0.634156050955414,0,27,None,66,1,5,False,1000,1000
13068,83,random,10,0.6393312101910829,0,27,None,66,1,5,False,1000,1000
13069,84,random,10,0.6420183121019108,0,27,None,66,1,5,False,1000,1000
13070,80,random,10,0.6263933121019108,0,2,None,66,1,5,False,1000,1000
13071,81,random,10,0.6269904458598726,0,2,None,66,1,5,False,1000,1000
13072,82,random,10,0.6279856687898089,0,2,None,66,1,5,False,1000,1000
13073,83,random,10,0.6293789808917197,0,2,None,66,1,5,False,1000,1000
13074,84,random,10,0.6305732484076433,0,2,None,66,1,5,False,1000,1000
13075,80,random,10,0.6241042993630573,0,9,None,66,1,5,False,1000,1000
13076,81,random,10,0.6252985668789809,0,9,None,66,1,5,False,1000,1000
13077,82,random,10,0.6269904458598726,0,9,None,66,1,5,False,1000,1000
13078,83,random,10,0.6296775477707006,0,9,None,66,1,5,False,1000,1000
13079,84,random,10,0.6305732484076433,0,9,None,66,1,5,False,1000,1000
13080,80,random,10,0.6356488853503185,0,17,None,66,1,5,False,1000,1000
13081,81,random,10,0.6374402866242038,0,17,None,66,1,5,False,1000,1000
13082,82,random,10,0.6398288216560509,0,17,None,66,1,5,False,1000,1000
13083,83,random,10,0.6416202229299363,0,17,None,66,1,5,False,1000,1000
13084,84,random,10,0.6422173566878981,0,17,None,66,1,5,False,1000,1000
13085,80,random,10,0.6282842356687898,0,28,None,66,1,5,False,1000,1000
13086,81,random,10,0.6350517515923567,0,28,None,66,1,5,False,1000,1000
13087,82,random,10,0.6403264331210191,0,28,None,66,1,5,False,1000,1000
13088,83,random,10,0.6457006369426752,0,28,None,66,1,5,False,1000,1000
13089,84,random,10,0.6486863057324841,0,28,None,66,1,5,False,1000,1000
13090,80,random,10,0.6258957006369427,0,5,None,66,1,5,False,1000,1000
13091,81,random,10,0.626890923566879,0,5,None,66,1,5,False,1000,1000
13092,82,random,10,0.628781847133758,0,5,None,66,1,5,False,1000,1000
13093,83,random,10,0.630672770700637,0,5,None,66,1,5,False,1000,1000
13094,84,random,10,0.6312699044585988,0,5,None,66,1,5,False,1000,1000
13095,80,random,10,0.6020103503184714,0,12,None,66,1,5,False,1000,1000
13096,81,random,10,0.6041003184713376,0,12,None,66,1,5,False,1000,1000
13097,82,random,10,0.6065883757961783,0,12,None,66,1,5,False,1000,1000
13098,83,random,10,0.6086783439490446,0,12,None,66,1,5,False,1000,1000
13099,84,random,10,0.6095740445859873,0,12,None,66,1,5,False,1000,1000
13100,80,random,10,0.6172372611464968,0,26,None,66,1,5,False,1000,1000
13101,81,random,10,0.6196257961783439,0,26,None,66,1,5,False,1000,1000
13102,82,random,10,0.6217157643312102,0,26,None,66,1,5,False,1000,1000
13103,83,random,10,0.6225119426751592,0,26,None,66,1,5,False,1000,1000
13104,84,random,10,0.6249004777070064,0,26,None,66,1,5,False,1000,1000
13105,80,random,10,0.595640923566879,0,30,None,66,1,5,False,1000,1000
13106,81,random,10,0.5974323248407644,0,30,None,66,1,5,False,1000,1000
13107,82,random,10,0.5982285031847133,0,30,None,66,1,5,False,1000,1000
13108,83,random,10,0.6000199044585988,0,30,None,66,1,5,False,1000,1000
13109,84,random,10,0.601015127388535,0,30,None,66,1,5,False,1000,1000
13110,80,random,10,0.6015127388535032,0,10,None,66,1,5,False,1000,1000
13111,81,random,10,0.6057921974522293,0,10,None,66,1,5,False,1000,1000
13112,82,random,10,0.61046974522293,0,10,None,66,1,5,False,1000,1000
13113,83,random,10,0.6134554140127388,0,10,None,66,1,5,False,1000,1000
13114,84,random,10,0.6161425159235668,0,10,None,66,1,5,False,1000,1000
13115,80,random,10,0.6117635350318471,0,11,None,66,1,5,False,1000,1000
13116,81,random,10,0.6132563694267515,0,11,None,66,1,5,False,1000,1000
13117,82,random,10,0.6142515923566879,0,11,None,66,1,5,False,1000,1000
13118,83,random,10,0.6161425159235668,0,11,None,66,1,5,False,1000,1000
13119,84,random,10,0.6170382165605095,0,11,None,66,1,5,False,1000,1000
13120,80,random,10,0.6228105095541401,0,15,None,66,1,5,False,1000,1000
13121,81,random,10,0.6250995222929936,0,15,None,66,1,5,False,1000,1000
13122,82,random,10,0.6278861464968153,0,15,None,66,1,5,False,1000,1000
13123,83,random,10,0.6299761146496815,0,15,None,66,1,5,False,1000,1000
13124,84,random,10,0.6312699044585988,0,15,None,66,1,5,False,1000,1000
13125,80,random,10,0.6228105095541401,0,20,None,66,1,5,False,1000,1000
13126,81,random,10,0.6244028662420382,0,20,None,66,1,5,False,1000,1000
13127,82,random,10,0.6274880573248408,0,20,None,66,1,5,False,1000,1000
13128,83,random,10,0.6290804140127388,0,20,None,66,1,5,False,1000,1000
13129,84,random,10,0.6303742038216561,0,20,None,66,1,5,False,1000,1000
13130,80,random,10,0.6113654458598726,0,14,None,66,1,5,False,1000,1000
13131,81,random,10,0.6149482484076433,0,14,None,66,1,5,False,1000,1000
13132,82,random,10,0.6192277070063694,0,14,None,66,1,5,False,1000,1000
13133,83,random,10,0.6216162420382165,0,14,None,66,1,5,False,1000,1000
13134,84,random,10,0.6244028662420382,0,14,None,66,1,5,False,1000,1000
13135,80,random,10,0.6141520700636943,0,22,None,66,1,5,False,1000,1000
13136,81,random,10,0.6159434713375797,0,22,None,66,1,5,False,1000,1000
13137,82,random,10,0.6175358280254777,0,22,None,66,1,5,False,1000,1000
13138,83,random,10,0.6187300955414012,0,22,None,66,1,5,False,1000,1000
13139,84,random,10,0.6202229299363057,0,22,None,66,1,5,False,1000,1000
13140,80,random,10,0.642515923566879,0,23,None,66,1,5,False,1000,1000
13141,81,random,10,0.6455015923566879,0,23,None,66,1,5,False,1000,1000
13142,82,random,10,0.6480891719745223,0,23,None,66,1,5,False,1000,1000
13143,83,random,10,0.6510748407643312,0,23,None,66,1,5,False,1000,1000
13144,84,random,10,0.6523686305732485,0,23,None,66,1,5,False,1000,1000
13145,80,random,10,0.6105692675159236,0,6,None,66,1,5,False,1000,1000
13146,81,random,10,0.6157444267515924,0,6,None,66,1,5,False,1000,1000
13147,82,random,10,0.6176353503184714,0,6,None,66,1,5,False,1000,1000
13148,83,random,10,0.618531050955414,0,6,None,66,1,5,False,1000,1000
13149,84,random,10,0.622312898089172,0,6,None,66,1,5,False,1000,1000
13150,80,random,10,0.63953025477707,0,32,None,66,1,5,False,1000,1000
13151,81,random,10,0.6428144904458599,0,32,None,66,1,5,False,1000,1000
13152,82,random,10,0.6457006369426752,0,32,None,66,1,5,False,1000,1000
13153,83,random,10,0.6466958598726115,0,32,None,66,1,5,False,1000,1000
13154,84,random,10,0.6480891719745223,0,32,None,66,1,5,False,1000,1000
13155,80,random,10,0.6161425159235668,0,7,None,66,1,5,False,1000,1000
13156,81,random,10,0.6238057324840764,0,7,None,66,1,5,False,1000,1000
13157,82,random,10,0.629578025477707,0,7,None,66,1,5,False,1000,1000
13158,83,random,10,0.6323646496815286,0,7,None,66,1,5,False,1000,1000
13159,84,random,10,0.6369426751592356,0,7,None,66,1,5,False,1000,1000
13160,80,random,10,0.6469944267515924,0,4,None,66,1,5,False,1000,1000
13161,81,random,10,0.6496815286624203,0,4,None,66,1,5,False,1000,1000
13162,82,random,10,0.6526671974522293,0,4,None,66,1,5,False,1000,1000
13163,83,random,10,0.6550557324840764,0,4,None,66,1,5,False,1000,1000
13164,84,random,10,0.6565485668789809,0,4,None,66,1,5,False,1000,1000
13165,80,random,10,0.6537619426751592,0,0,None,66,1,5,False,1000,1000
13166,81,random,10,0.6564490445859873,0,0,None,66,1,5,False,1000,1000
13167,82,random,10,0.6566480891719745,0,0,None,66,1,5,False,1000,1000
13168,83,random,10,0.6575437898089171,0,0,None,66,1,5,False,1000,1000
13169,84,random,10,0.6598328025477707,0,0,None,66,1,5,False,1000,1000
13170,80,random,10,0.5952428343949044,0,16,None,66,1,5,False,1000,1000
13171,81,random,10,0.597531847133758,0,16,None,66,1,5,False,1000,1000
13172,82,random,10,0.5991242038216561,0,16,None,66,1,5,False,1000,1000
13173,83,random,10,0.6023089171974523,0,16,None,66,1,5,False,1000,1000
13174,84,random,10,0.604796974522293,0,16,None,66,1,5,False,1000,1000
13175,80,random,10,0.613953025477707,0,8,None,66,1,5,False,1000,1000
13176,81,random,10,0.6165406050955414,0,8,None,66,1,5,False,1000,1000
13177,82,random,10,0.6191281847133758,0,8,None,66,1,5,False,1000,1000
13178,83,random,10,0.6206210191082803,0,8,None,66,1,5,False,1000,1000
13179,84,random,10,0.6226114649681529,0,8,None,66,1,5,False,1000,1000
13180,80,random,10,0.6494824840764332,0,18,None,66,1,5,False,1000,1000
13181,81,random,10,0.6533638535031847,0,18,None,66,1,5,False,1000,1000
13182,82,random,10,0.6552547770700637,0,18,None,66,1,5,False,1000,1000
13183,83,random,10,0.6576433121019108,0,18,None,66,1,5,False,1000,1000
13184,84,random,10,0.6596337579617835,0,18,None,66,1,5,False,1000,1000
13185,80,random,10,0.6471934713375797,0,3,None,66,1,5,False,1000,1000
13186,81,random,10,0.6510748407643312,0,3,None,66,1,5,False,1000,1000
13187,82,random,10,0.6527667197452229,0,3,None,66,1,5,False,1000,1000
13188,83,random,10,0.6556528662420382,0,3,None,66,1,5,False,1000,1000
13189,84,random,10,0.6570461783439491,0,3,None,66,1,5,False,1000,1000
13190,80,random,10,0.5581210191082803,0,19,None,66,1,5,False,1000,1000
13191,81,random,10,0.5604100318471338,0,19,None,66,1,5,False,1000,1000
13192,82,random,10,0.5647890127388535,0,19,None,66,1,5,False,1000,1000
13193,83,random,10,0.5672770700636943,0,19,None,66,1,5,False,1000,1000
13194,84,random,10,0.5692675159235668,0,19,None,66,1,5,False,1000,1000
13195,80,random,10,0.4514331210191082,0,31,None,66,1,5,False,1000,1000
13196,81,random,10,0.4555135350318471,0,31,None,66,1,5,False,1000,1000
13197,82,random,10,0.4582006369426751,0,31,None,66,1,5,False,1000,1000
13198,83,random,10,0.4644705414012738,0,31,None,66,1,5,False,1000,1000
13199,84,random,10,0.4694466560509554,0,31,None,66,1,5,False,1000,1000
16005,85,random,10,0.473328025477707,0,1,None,66,1,5,False,1000,1000
16006,86,random,10,0.491640127388535,0,1,None,66,1,5,False,1000,1000
16007,87,random,10,0.5030851910828026,0,1,None,66,1,5,False,1000,1000
16008,88,random,10,0.5109474522292994,0,1,None,66,1,5,False,1000,1000
16009,89,random,10,0.5179140127388535,0,1,None,66,1,5,False,1000,1000
16010,85,random,10,0.6346536624203821,0,2,None,66,1,5,False,1000,1000
16011,86,random,10,0.6358479299363057,0,2,None,66,1,5,False,1000,1000
16012,87,random,10,0.6380374203821656,0,2,None,66,1,5,False,1000,1000
16013,88,random,10,0.6396297770700637,0,2,None,66,1,5,False,1000,1000
16014,89,random,10,0.6423168789808917,0,2,None,66,1,5,False,1000,1000
16015,85,random,10,0.6382364649681529,0,5,None,66,1,5,False,1000,1000
16016,86,random,10,0.6386345541401274,0,5,None,66,1,5,False,1000,1000
16017,87,random,10,0.638734076433121,0,5,None,66,1,5,False,1000,1000
16018,88,random,10,0.6393312101910829,0,5,None,66,1,5,False,1000,1000
16019,89,random,10,0.6404259554140127,0,5,None,66,1,5,False,1000,1000
16020,85,random,10,0.6320660828025477,0,15,None,66,1,5,False,1000,1000
16021,86,random,10,0.6325636942675159,0,15,None,66,1,5,False,1000,1000
16022,87,random,10,0.6331608280254777,0,15,None,66,1,5,False,1000,1000
16023,88,random,10,0.6328622611464968,0,15,None,66,1,5,False,1000,1000
16024,89,random,10,0.6343550955414012,0,15,None,66,1,5,False,1000,1000
16025,85,random,10,0.6214171974522293,0,16,None,66,1,5,False,1000,1000
16026,86,random,10,0.6267914012738853,0,16,None,66,1,5,False,1000,1000
16027,87,random,10,0.631468949044586,0,16,None,66,1,5,False,1000,1000
16028,88,random,10,0.6370421974522293,0,16,None,66,1,5,False,1000,1000
16029,89,random,10,0.6422173566878981,0,16,None,66,1,5,False,1000,1000
16030,85,random,10,0.6261942675159236,0,8,None,66,1,5,False,1000,1000
16031,86,random,10,0.6277866242038217,0,8,None,66,1,5,False,1000,1000
16032,87,random,10,0.6300756369426752,0,8,None,66,1,5,False,1000,1000
16033,88,random,10,0.6321656050955414,0,8,None,66,1,5,False,1000,1000
16034,89,random,10,0.6338574840764332,0,8,None,66,1,5,False,1000,1000
16035,85,random,10,0.6323646496815286,0,20,None,66,1,5,False,1000,1000
16036,86,random,10,0.6340565286624203,0,20,None,66,1,5,False,1000,1000
16037,87,random,10,0.6356488853503185,0,20,None,66,1,5,False,1000,1000
16038,88,random,10,0.6373407643312102,0,20,None,66,1,5,False,1000,1000
16039,89,random,10,0.6399283439490446,0,20,None,66,1,5,False,1000,1000
16040,85,random,10,0.6186305732484076,0,22,None,66,1,5,False,1000,1000
16041,86,random,10,0.6219148089171974,0,22,None,66,1,5,False,1000,1000
16042,87,random,10,0.6227109872611465,0,22,None,66,1,5,False,1000,1000
16043,88,random,10,0.6235071656050956,0,22,None,66,1,5,False,1000,1000
16044,89,random,10,0.6242038216560509,0,22,None,66,1,5,False,1000,1000
16045,85,random,10,0.6235071656050956,0,14,None,66,1,5,False,1000,1000
16046,86,random,10,0.6257961783439491,0,14,None,66,1,5,False,1000,1000
16047,87,random,10,0.6290804140127388,0,14,None,66,1,5,False,1000,1000
16048,88,random,10,0.6307722929936306,0,14,None,66,1,5,False,1000,1000
16049,89,random,10,0.6332603503184714,0,14,None,66,1,5,False,1000,1000
16050,85,random,10,0.5718550955414012,0,19,None,66,1,5,False,1000,1000
16051,86,random,10,0.5744426751592356,0,19,None,66,1,5,False,1000,1000
16052,87,random,10,0.5765326433121019,0,19,None,66,1,5,False,1000,1000
16053,88,random,10,0.57921974522293,0,19,None,66,1,5,False,1000,1000
16054,89,random,10,0.5823049363057324,0,19,None,66,1,5,False,1000,1000
16055,85,random,10,0.6527667197452229,0,23,None,66,1,5,False,1000,1000
16056,86,random,10,0.6545581210191083,0,23,None,66,1,5,False,1000,1000
16057,87,random,10,0.6558519108280255,0,23,None,66,1,5,False,1000,1000
16058,88,random,10,0.6580414012738853,0,23,None,66,1,5,False,1000,1000
16059,89,random,10,0.6592356687898089,0,23,None,66,1,5,False,1000,1000
16060,85,random,10,0.6017117834394905,0,21,None,66,1,5,False,1000,1000
16061,86,random,10,0.6033041401273885,0,21,None,66,1,5,False,1000,1000
16062,87,random,10,0.6046974522292994,0,21,None,66,1,5,False,1000,1000
16063,88,random,10,0.6059912420382165,0,21,None,66,1,5,False,1000,1000
16064,89,random,10,0.6073845541401274,0,21,None,66,1,5,False,1000,1000
16065,85,random,10,0.62390525477707,0,24,None,66,1,5,False,1000,1000
16066,86,random,10,0.6290804140127388,0,24,None,66,1,5,False,1000,1000
16067,87,random,10,0.634156050955414,0,24,None,66,1,5,False,1000,1000
16068,88,random,10,0.6380374203821656,0,24,None,66,1,5,False,1000,1000
16069,89,random,10,0.6423168789808917,0,24,None,66,1,5,False,1000,1000
16070,85,random,10,0.6512738853503185,0,28,None,66,1,5,False,1000,1000
16071,86,random,10,0.653562898089172,0,28,None,66,1,5,False,1000,1000
16072,87,random,10,0.6553542993630573,0,28,None,66,1,5,False,1000,1000
16073,88,random,10,0.6554538216560509,0,28,None,66,1,5,False,1000,1000
16074,89,random,10,0.65734474522293,0,28,None,66,1,5,False,1000,1000
16075,85,random,10,0.6305732484076433,0,9,None,66,1,5,False,1000,1000
16076,86,random,10,0.6319665605095541,0,9,None,66,1,5,False,1000,1000
16077,87,random,10,0.6327627388535032,0,9,None,66,1,5,False,1000,1000
16078,88,random,10,0.6344546178343949,0,9,None,66,1,5,False,1000,1000
16079,89,random,10,0.6353503184713376,0,9,None,66,1,5,False,1000,1000
16080,85,random,10,0.625,0,29,None,66,1,5,False,1000,1000
16081,86,random,10,0.629578025477707,0,29,None,66,1,5,False,1000,1000
16082,87,random,10,0.6338574840764332,0,29,None,66,1,5,False,1000,1000
16083,88,random,10,0.6392316878980892,0,29,None,66,1,5,False,1000,1000
16084,89,random,10,0.6427149681528662,0,29,None,66,1,5,False,1000,1000
16085,85,random,10,0.6622213375796179,0,0,None,66,1,5,False,1000,1000
16086,86,random,10,0.6637141719745223,0,0,None,66,1,5,False,1000,1000
16087,87,random,10,0.6639132165605095,0,0,None,66,1,5,False,1000,1000
16088,88,random,10,0.6653065286624203,0,0,None,66,1,5,False,1000,1000
16089,89,random,10,0.6655055732484076,0,0,None,66,1,5,False,1000,1000
16090,85,random,10,0.6026074840764332,0,30,None,66,1,5,False,1000,1000
16091,86,random,10,0.6040007961783439,0,30,None,66,1,5,False,1000,1000
16092,87,random,10,0.6056926751592356,0,30,None,66,1,5,False,1000,1000
16093,88,random,10,0.6064888535031847,0,30,None,66,1,5,False,1000,1000
16094,89,random,10,0.60828025477707,0,30,None,66,1,5,False,1000,1000
16095,85,random,10,0.6141520700636943,0,12,None,66,1,5,False,1000,1000
16096,86,random,10,0.6145501592356688,0,12,None,66,1,5,False,1000,1000
16097,87,random,10,0.6156449044585988,0,12,None,66,1,5,False,1000,1000
16098,88,random,10,0.6167396496815286,0,12,None,66,1,5,False,1000,1000
16099,89,random,10,0.6174363057324841,0,12,None,66,1,5,False,1000,1000
16100,85,random,10,0.6273885350318471,0,6,None,66,1,5,False,1000,1000
16101,86,random,10,0.6296775477707006,0,6,None,66,1,5,False,1000,1000
16102,87,random,10,0.633359872611465,0,6,None,66,1,5,False,1000,1000
16103,88,random,10,0.6377388535031847,0,6,None,66,1,5,False,1000,1000
16104,89,random,10,0.6420183121019108,0,6,None,66,1,5,False,1000,1000
16105,85,random,10,0.6183320063694268,0,13,None,66,1,5,False,1000,1000
16106,86,random,10,0.620421974522293,0,13,None,66,1,5,False,1000,1000
16107,87,random,10,0.6222133757961783,0,13,None,66,1,5,False,1000,1000
16108,88,random,10,0.6236066878980892,0,13,None,66,1,5,False,1000,1000
16109,89,random,10,0.6261942675159236,0,13,None,66,1,5,False,1000,1000
16110,85,random,10,0.6560509554140127,0,25,None,66,1,5,False,1000,1000
16111,86,random,10,0.6585390127388535,0,25,None,66,1,5,False,1000,1000
16112,87,random,10,0.6606289808917197,0,25,None,66,1,5,False,1000,1000
16113,88,random,10,0.6623208598726115,0,25,None,66,1,5,False,1000,1000
16114,89,random,10,0.6649084394904459,0,25,None,66,1,5,False,1000,1000
16115,85,random,10,0.6251990445859873,0,26,None,66,1,5,False,1000,1000
16116,86,random,10,0.6269904458598726,0,26,None,66,1,5,False,1000,1000
16117,87,random,10,0.6288813694267515,0,26,None,66,1,5,False,1000,1000
16118,88,random,10,0.6292794585987261,0,26,None,66,1,5,False,1000,1000
16119,89,random,10,0.6302746815286624,0,26,None,66,1,5,False,1000,1000
16120,85,random,10,0.6156449044585988,0,10,None,66,1,5,False,1000,1000
16121,86,random,10,0.6176353503184714,0,10,None,66,1,5,False,1000,1000
16122,87,random,10,0.6200238853503185,0,10,None,66,1,5,False,1000,1000
16123,88,random,10,0.6211186305732485,0,10,None,66,1,5,False,1000,1000
16124,89,random,10,0.6221138535031847,0,10,None,66,1,5,False,1000,1000
16125,85,random,10,0.618531050955414,0,11,None,66,1,5,False,1000,1000
16126,86,random,10,0.6199243630573248,0,11,None,66,1,5,False,1000,1000
16127,87,random,10,0.6208200636942676,0,11,None,66,1,5,False,1000,1000
16128,88,random,10,0.6215167197452229,0,11,None,66,1,5,False,1000,1000
16129,89,random,10,0.6225119426751592,0,11,None,66,1,5,False,1000,1000
16130,85,random,10,0.658937101910828,0,3,None,66,1,5,False,1000,1000
16131,86,random,10,0.6620222929936306,0,3,None,66,1,5,False,1000,1000
16132,87,random,10,0.664609872611465,0,3,None,66,1,5,False,1000,1000
16133,88,random,10,0.666202229299363,0,3,None,66,1,5,False,1000,1000
16134,89,random,10,0.668093152866242,0,3,None,66,1,5,False,1000,1000
16135,85,random,10,0.6472929936305732,0,17,None,66,1,5,False,1000,1000
16136,86,random,10,0.6481886942675159,0,17,None,66,1,5,False,1000,1000
16137,87,random,10,0.6493829617834395,0,17,None,66,1,5,False,1000,1000
16138,88,random,10,0.650577229299363,0,17,None,66,1,5,False,1000,1000
16139,89,random,10,0.6520700636942676,0,17,None,66,1,5,False,1000,1000
16140,90,random,10,0.6582404458598726,0,25,None,66,1,5,False,1000,1000
16141,91,random,10,0.6599323248407644,0,25,None,66,1,5,False,1000,1000
16142,92,random,10,0.6625199044585988,0,25,None,66,1,5,False,1000,1000
16143,93,random,10,0.6645103503184714,0,25,None,66,1,5,False,1000,1000
16144,94,random,10,0.6663017515923567,0,25,None,66,1,5,False,1000,1000
16145,85,random,10,0.6656050955414012,0,18,None,66,1,5,False,1000,1000
16146,86,random,10,0.6675955414012739,0,18,None,66,1,5,False,1000,1000
16147,87,random,10,0.6696855095541401,0,18,None,66,1,5,False,1000,1000
16148,88,random,10,0.67078025477707,0,18,None,66,1,5,False,1000,1000
16149,89,random,10,0.6722730891719745,0,18,None,66,1,5,False,1000,1000
16150,85,random,10,0.6434116242038217,0,27,None,66,1,5,False,1000,1000
16151,86,random,10,0.6487858280254777,0,27,None,66,1,5,False,1000,1000
16152,87,random,10,0.6525676751592356,0,27,None,66,1,5,False,1000,1000
16153,88,random,10,0.6548566878980892,0,27,None,66,1,5,False,1000,1000
16154,89,random,10,0.65734474522293,0,27,None,66,1,5,False,1000,1000
16155,85,random,10,0.4712380573248407,0,31,None,66,1,5,False,1000,1000
16156,86,random,10,0.4825835987261146,0,31,None,66,1,5,False,1000,1000
16157,87,random,10,0.4931329617834395,0,31,None,66,1,5,False,1000,1000
16158,88,random,10,0.5007961783439491,0,31,None,66,1,5,False,1000,1000
16159,89,random,10,0.5095541401273885,0,31,None,66,1,5,False,1000,1000
16160,85,random,10,0.6396297770700637,0,7,None,66,1,5,False,1000,1000
16161,86,random,10,0.643312101910828,0,7,None,66,1,5,False,1000,1000
16162,87,random,10,0.6457006369426752,0,7,None,66,1,5,False,1000,1000
16163,88,random,10,0.6475915605095541,0,7,None,66,1,5,False,1000,1000
16164,89,random,10,0.6502786624203821,0,7,None,66,1,5,False,1000,1000
16165,85,random,10,0.6501791401273885,0,32,None,66,1,5,False,1000,1000
16166,86,random,10,0.654359076433121,0,32,None,66,1,5,False,1000,1000
16167,87,random,10,0.6568471337579618,0,32,None,66,1,5,False,1000,1000
16168,88,random,10,0.6584394904458599,0,32,None,66,1,5,False,1000,1000
16169,89,random,10,0.6615246815286624,0,32,None,66,1,5,False,1000,1000
16170,85,random,10,0.6578423566878981,0,4,None,66,1,5,False,1000,1000
16171,86,random,10,0.6601313694267515,0,4,None,66,1,5,False,1000,1000
16172,87,random,10,0.662718949044586,0,4,None,66,1,5,False,1000,1000
16173,88,random,10,0.6643113057324841,0,4,None,66,1,5,False,1000,1000
16174,89,random,10,0.6660031847133758,0,4,None,66,1,5,False,1000,1000
16175,90,random,10,0.5147292993630573,0,31,None,66,1,5,False,1000,1000
16176,91,random,10,0.5203025477707006,0,31,None,66,1,5,False,1000,1000
16177,92,random,10,0.5267714968152867,0,31,None,66,1,5,False,1000,1000
16178,93,random,10,0.5321457006369427,0,31,None,66,1,5,False,1000,1000
16179,94,random,10,0.5399084394904459,0,31,None,66,1,5,False,1000,1000
16180,90,random,10,0.6432125796178344,0,24,None,66,1,5,False,1000,1000
16181,91,random,10,0.6466958598726115,0,24,None,66,1,5,False,1000,1000
16182,92,random,10,0.6518710191082803,0,24,None,66,1,5,False,1000,1000
16183,93,random,10,0.65515525477707,0,24,None,66,1,5,False,1000,1000
16184,94,random,10,0.658140923566879,0,24,None,66,1,5,False,1000,1000
16185,90,random,10,0.521297770700637,0,1,None,66,1,5,False,1000,1000
16186,91,random,10,0.5254777070063694,0,1,None,66,1,5,False,1000,1000
16187,92,random,10,0.5296576433121019,0,1,None,66,1,5,False,1000,1000
16188,93,random,10,0.5335390127388535,0,1,None,66,1,5,False,1000,1000
16189,94,random,10,0.5360270700636943,0,1,None,66,1,5,False,1000,1000
16190,90,random,10,0.6282842356687898,0,13,None,66,1,5,False,1000,1000
16191,91,random,10,0.6300756369426752,0,13,None,66,1,5,False,1000,1000
16192,92,random,10,0.6317675159235668,0,13,None,66,1,5,False,1000,1000
16193,93,random,10,0.6330613057324841,0,13,None,66,1,5,False,1000,1000
16194,94,random,10,0.6353503184713376,0,13,None,66,1,5,False,1000,1000
16195,90,random,10,0.6570461783439491,0,27,None,66,1,5,False,1000,1000
16196,91,random,10,0.6609275477707006,0,27,None,66,1,5,False,1000,1000
16197,92,random,10,0.6637141719745223,0,27,None,66,1,5,False,1000,1000
16198,93,random,10,0.664609872611465,0,27,None,66,1,5,False,1000,1000
16199,94,random,10,0.6667993630573248,0,27,None,66,1,5,False,1000,1000
16200,90,random,10,0.6439092356687898,0,29,None,66,1,5,False,1000,1000
16201,91,random,10,0.6465963375796179,0,29,None,66,1,5,False,1000,1000
16202,92,random,10,0.649781050955414,0,29,None,66,1,5,False,1000,1000
16203,93,random,10,0.6530652866242038,0,29,None,66,1,5,False,1000,1000
16204,94,random,10,0.6544585987261147,0,29,None,66,1,5,False,1000,1000
16205,90,random,10,0.6457006369426752,0,2,None,66,1,5,False,1000,1000
16206,91,random,10,0.6495820063694268,0,2,None,66,1,5,False,1000,1000
16207,92,random,10,0.6534633757961783,0,2,None,66,1,5,False,1000,1000
16208,93,random,10,0.6560509554140127,0,2,None,66,1,5,False,1000,1000
16209,94,random,10,0.6597332802547771,0,2,None,66,1,5,False,1000,1000
16210,90,random,10,0.6350517515923567,0,9,None,66,1,5,False,1000,1000
16211,91,random,10,0.636843152866242,0,9,None,66,1,5,False,1000,1000
16212,92,random,10,0.6380374203821656,0,9,None,66,1,5,False,1000,1000
16213,93,random,10,0.6390326433121019,0,9,None,66,1,5,False,1000,1000
16214,94,random,10,0.6407245222929936,0,9,None,66,1,5,False,1000,1000
16215,90,random,10,0.6574442675159236,0,17,None,66,1,5,False,1000,1000
16216,91,random,10,0.6585390127388535,0,17,None,66,1,5,False,1000,1000
16217,92,random,10,0.658937101910828,0,17,None,66,1,5,False,1000,1000
16218,93,random,10,0.660031847133758,0,17,None,66,1,5,False,1000,1000
16219,94,random,10,0.6617237261146497,0,17,None,66,1,5,False,1000,1000
16220,90,random,10,0.6596337579617835,0,28,None,66,1,5,False,1000,1000
16221,91,random,10,0.6601313694267515,0,28,None,66,1,5,False,1000,1000
16222,92,random,10,0.6604299363057324,0,28,None,66,1,5,False,1000,1000
16223,93,random,10,0.6615246815286624,0,28,None,66,1,5,False,1000,1000
16224,94,random,10,0.6631170382165605,0,28,None,66,1,5,False,1000,1000
16225,90,random,10,0.6443073248407644,0,5,None,66,1,5,False,1000,1000
16226,91,random,10,0.6439092356687898,0,5,None,66,1,5,False,1000,1000
16227,92,random,10,0.6443073248407644,0,5,None,66,1,5,False,1000,1000
16228,93,random,10,0.6451035031847133,0,5,None,66,1,5,False,1000,1000
16229,94,random,10,0.646297770700637,0,5,None,66,1,5,False,1000,1000
16230,90,random,10,0.6496815286624203,0,7,None,66,1,5,False,1000,1000
16231,91,random,10,0.6531648089171974,0,7,None,66,1,5,False,1000,1000
16232,92,random,10,0.6540605095541401,0,7,None,66,1,5,False,1000,1000
16233,93,random,10,0.6569466560509554,0,7,None,66,1,5,False,1000,1000
16234,94,random,10,0.6586385350318471,0,7,None,66,1,5,False,1000,1000
16235,90,random,10,0.6188296178343949,0,12,None,66,1,5,False,1000,1000
16236,91,random,10,0.6209195859872612,0,12,None,66,1,5,False,1000,1000
16237,92,random,10,0.6216162420382165,0,12,None,66,1,5,False,1000,1000
16238,93,random,10,0.6227109872611465,0,12,None,66,1,5,False,1000,1000
16239,94,random,10,0.6226114649681529,0,12,None,66,1,5,False,1000,1000
16240,90,random,10,0.6311703821656051,0,26,None,66,1,5,False,1000,1000
16241,91,random,10,0.6329617834394905,0,26,None,66,1,5,False,1000,1000
16242,92,random,10,0.6345541401273885,0,26,None,66,1,5,False,1000,1000
16243,93,random,10,0.6357484076433121,0,26,None,66,1,5,False,1000,1000
16244,94,random,10,0.6374402866242038,0,26,None,66,1,5,False,1000,1000
16245,90,random,10,0.6076831210191083,0,30,None,66,1,5,False,1000,1000
16246,91,random,10,0.6092754777070064,0,30,None,66,1,5,False,1000,1000
16247,92,random,10,0.6115644904458599,0,30,None,66,1,5,False,1000,1000
16248,93,random,10,0.6126592356687898,0,30,None,66,1,5,False,1000,1000
16249,94,random,10,0.6134554140127388,0,30,None,66,1,5,False,1000,1000
16250,90,random,10,0.647093949044586,0,16,None,66,1,5,False,1000,1000
16251,91,random,10,0.6510748407643312,0,16,None,66,1,5,False,1000,1000
16252,92,random,10,0.65515525477707,0,16,None,66,1,5,False,1000,1000
16253,93,random,10,0.6576433121019108,0,16,None,66,1,5,False,1000,1000
16254,94,random,10,0.6611265923566879,0,16,None,66,1,5,False,1000,1000
16255,90,random,10,0.6402269108280255,0,15,None,66,1,5,False,1000,1000
16256,91,random,10,0.6402269108280255,0,15,None,66,1,5,False,1000,1000
16257,92,random,10,0.6412221337579618,0,15,None,66,1,5,False,1000,1000
16258,93,random,10,0.640625,0,15,None,66,1,5,False,1000,1000
16259,94,random,10,0.6402269108280255,0,15,None,66,1,5,False,1000,1000
16260,90,random,10,0.6232085987261147,0,11,None,66,1,5,False,1000,1000
16261,91,random,10,0.6245023885350318,0,11,None,66,1,5,False,1000,1000
16262,92,random,10,0.6254976114649682,0,11,None,66,1,5,False,1000,1000
16263,93,random,10,0.6264928343949044,0,11,None,66,1,5,False,1000,1000
16264,94,random,10,0.6277866242038217,0,11,None,66,1,5,False,1000,1000
16265,90,random,10,0.6358479299363057,0,14,None,66,1,5,False,1000,1000
16266,91,random,10,0.6376393312101911,0,14,None,66,1,5,False,1000,1000
16267,92,random,10,0.6389331210191083,0,14,None,66,1,5,False,1000,1000
16268,93,random,10,0.6411226114649682,0,14,None,66,1,5,False,1000,1000
16269,94,random,10,0.643312101910828,0,14,None,66,1,5,False,1000,1000
16270,90,random,10,0.6760549363057324,0,18,None,66,1,5,False,1000,1000
16271,91,random,10,0.6762539808917197,0,18,None,66,1,5,False,1000,1000
16272,92,random,10,0.6777468152866242,0,18,None,66,1,5,False,1000,1000
16273,93,random,10,0.6777468152866242,0,18,None,66,1,5,False,1000,1000
16274,94,random,10,0.678343949044586,0,18,None,66,1,5,False,1000,1000
16275,90,random,10,0.5820063694267515,0,19,None,66,1,5,False,1000,1000
16276,91,random,10,0.583797770700637,0,19,None,66,1,5,False,1000,1000
16277,92,random,10,0.5870820063694268,0,19,None,66,1,5,False,1000,1000
16278,93,random,10,0.5885748407643312,0,19,None,66,1,5,False,1000,1000
16279,94,random,10,0.5898686305732485,0,19,None,66,1,5,False,1000,1000
16280,90,random,10,0.6105692675159236,0,21,None,66,1,5,False,1000,1000
16281,91,random,10,0.6127587579617835,0,21,None,66,1,5,False,1000,1000
16282,92,random,10,0.6149482484076433,0,21,None,66,1,5,False,1000,1000
16283,93,random,10,0.6165406050955414,0,21,None,66,1,5,False,1000,1000
16284,94,random,10,0.6172372611464968,0,21,None,66,1,5,False,1000,1000
16285,90,random,10,0.6705812101910829,0,3,None,66,1,5,False,1000,1000
16286,91,random,10,0.6715764331210191,0,3,None,66,1,5,False,1000,1000
16287,92,random,10,0.6742635350318471,0,3,None,66,1,5,False,1000,1000
16288,93,random,10,0.675656847133758,0,3,None,66,1,5,False,1000,1000
16289,94,random,10,0.677547770700637,0,3,None,66,1,5,False,1000,1000
16290,90,random,10,0.6688893312101911,0,0,None,66,1,5,False,1000,1000
16291,91,random,10,0.6690883757961783,0,0,None,66,1,5,False,1000,1000
16292,92,random,10,0.6694864649681529,0,0,None,66,1,5,False,1000,1000
16293,93,random,10,0.6701831210191083,0,0,None,66,1,5,False,1000,1000
16294,94,random,10,0.6701831210191083,0,0,None,66,1,5,False,1000,1000
16295,90,random,10,0.6674960191082803,0,4,None,66,1,5,False,1000,1000
16296,91,random,10,0.6698845541401274,0,4,None,66,1,5,False,1000,1000
16297,92,random,10,0.6715764331210191,0,4,None,66,1,5,False,1000,1000
16298,93,random,10,0.67296974522293,0,4,None,66,1,5,False,1000,1000
16299,94,random,10,0.6749601910828026,0,4,None,66,1,5,False,1000,1000
16300,90,random,10,0.6443073248407644,0,6,None,66,1,5,False,1000,1000
16301,91,random,10,0.6471934713375797,0,6,None,66,1,5,False,1000,1000
16302,92,random,10,0.6513734076433121,0,6,None,66,1,5,False,1000,1000
16303,93,random,10,0.6547571656050956,0,6,None,66,1,5,False,1000,1000
16304,94,random,10,0.6568471337579618,0,6,None,66,1,5,False,1000,1000
16305,90,random,10,0.6356488853503185,0,8,None,66,1,5,False,1000,1000
16306,91,random,10,0.6377388535031847,0,8,None,66,1,5,False,1000,1000
16307,92,random,10,0.6389331210191083,0,8,None,66,1,5,False,1000,1000
16308,93,random,10,0.6405254777070064,0,8,None,66,1,5,False,1000,1000
16309,94,random,10,0.6420183121019108,0,8,None,66,1,5,False,1000,1000
16310,90,random,10,0.6225119426751592,0,10,None,66,1,5,False,1000,1000
16311,91,random,10,0.6244028662420382,0,10,None,66,1,5,False,1000,1000
16312,92,random,10,0.6269904458598726,0,10,None,66,1,5,False,1000,1000
16313,93,random,10,0.6296775477707006,0,10,None,66,1,5,False,1000,1000
16314,94,random,10,0.6311703821656051,0,10,None,66,1,5,False,1000,1000
16315,90,random,10,0.6412221337579618,0,20,None,66,1,5,False,1000,1000
16316,91,random,10,0.6427149681528662,0,20,None,66,1,5,False,1000,1000
16317,92,random,10,0.6439092356687898,0,20,None,66,1,5,False,1000,1000
16318,93,random,10,0.6463972929936306,0,20,None,66,1,5,False,1000,1000
16319,94,random,10,0.6468949044585988,0,20,None,66,1,5,False,1000,1000
16320,90,random,10,0.6588375796178344,0,23,None,66,1,5,False,1000,1000
16321,91,random,10,0.6599323248407644,0,23,None,66,1,5,False,1000,1000
16322,92,random,10,0.6612261146496815,0,23,None,66,1,5,False,1000,1000
16323,93,random,10,0.6637141719745223,0,23,None,66,1,5,False,1000,1000
16324,94,random,10,0.6639132165605095,0,23,None,66,1,5,False,1000,1000
16325,90,random,10,0.6225119426751592,0,22,None,66,1,5,False,1000,1000
16326,91,random,10,0.6244028662420382,0,22,None,66,1,5,False,1000,1000
16327,92,random,10,0.6261942675159236,0,22,None,66,1,5,False,1000,1000
16328,93,random,10,0.6271894904458599,0,22,None,66,1,5,False,1000,1000
16329,94,random,10,0.6289808917197452,0,22,None,66,1,5,False,1000,1000
16330,90,random,10,0.6645103503184714,0,32,None,66,1,5,False,1000,1000
16331,91,random,10,0.6669984076433121,0,32,None,66,1,5,False,1000,1000
16332,92,random,10,0.6693869426751592,0,32,None,66,1,5,False,1000,1000
16333,93,random,10,0.6709792993630573,0,32,None,66,1,5,False,1000,1000
16334,94,random,10,0.6728702229299363,0,32,None,66,1,5,False,1000,1000
19470,95,random,10,0.5375199044585988,0,1,None,66,1,5,False,1000,1000
19471,96,random,10,0.5421974522292994,0,1,None,66,1,5,False,1000,1000
19472,97,random,10,0.5469745222929936,0,1,None,66,1,5,False,1000,1000
19473,98,random,10,0.550656847133758,0,1,None,66,1,5,False,1000,1000
19474,99,random,10,0.5544386942675159,0,1,None,66,1,5,False,1000,1000
19475,95,random,10,0.6599323248407644,0,2,None,66,1,5,False,1000,1000
19476,96,random,10,0.6645103503184714,0,2,None,66,1,5,False,1000,1000
19477,97,random,10,0.6664012738853503,0,2,None,66,1,5,False,1000,1000
19478,98,random,10,0.6686902866242038,0,2,None,66,1,5,False,1000,1000
19479,99,random,10,0.6711783439490446,0,2,None,66,1,5,False,1000,1000
19480,95,random,10,0.6493829617834395,0,5,None,66,1,5,False,1000,1000
19481,96,random,10,0.650577229299363,0,5,None,66,1,5,False,1000,1000
19482,97,random,10,0.6518710191082803,0,5,None,66,1,5,False,1000,1000
19483,98,random,10,0.6520700636942676,0,5,None,66,1,5,False,1000,1000
19484,99,random,10,0.6531648089171974,0,5,None,66,1,5,False,1000,1000
19485,95,random,10,0.6486863057324841,0,15,None,66,1,5,False,1000,1000
19486,96,random,10,0.6496815286624203,0,15,None,66,1,5,False,1000,1000
19487,97,random,10,0.6501791401273885,0,15,None,66,1,5,False,1000,1000
19488,98,random,10,0.6500796178343949,0,15,None,66,1,5,False,1000,1000
19489,99,random,10,0.6499800955414012,0,15,None,66,1,5,False,1000,1000
19490,95,random,10,0.6318670382165605,0,10,None,66,1,5,False,1000,1000
19491,96,random,10,0.6337579617834395,0,10,None,66,1,5,False,1000,1000
19492,97,random,10,0.6358479299363057,0,10,None,66,1,5,False,1000,1000
19493,98,random,10,0.6381369426751592,0,10,None,66,1,5,False,1000,1000
19494,99,random,10,0.6408240445859873,0,10,None,66,1,5,False,1000,1000
19495,95,random,10,0.628781847133758,0,11,None,66,1,5,False,1000,1000
19496,96,random,10,0.6303742038216561,0,11,None,66,1,5,False,1000,1000
19497,97,random,10,0.6319665605095541,0,11,None,66,1,5,False,1000,1000
19498,98,random,10,0.6328622611464968,0,11,None,66,1,5,False,1000,1000
19499,99,random,10,0.6335589171974523,0,11,None,66,1,5,False,1000,1000
19500,95,random,10,0.649781050955414,0,20,None,66,1,5,False,1000,1000
19501,96,random,10,0.6501791401273885,0,20,None,66,1,5,False,1000,1000
19502,97,random,10,0.6512738853503185,0,20,None,66,1,5,False,1000,1000
19503,98,random,10,0.6522691082802548,0,20,None,66,1,5,False,1000,1000
19504,99,random,10,0.6537619426751592,0,20,None,66,1,5,False,1000,1000
19505,95,random,10,0.6453025477707006,0,14,None,66,1,5,False,1000,1000
19506,96,random,10,0.6469944267515924,0,14,None,66,1,5,False,1000,1000
19507,97,random,10,0.6488853503184714,0,14,None,66,1,5,False,1000,1000
19508,98,random,10,0.6503781847133758,0,14,None,66,1,5,False,1000,1000
19509,99,random,10,0.6515724522292994,0,14,None,66,1,5,False,1000,1000
19510,95,random,10,0.6297770700636943,0,22,None,66,1,5,False,1000,1000
19511,96,random,10,0.6317675159235668,0,22,None,66,1,5,False,1000,1000
19512,97,random,10,0.6326632165605095,0,22,None,66,1,5,False,1000,1000
19513,98,random,10,0.6346536624203821,0,22,None,66,1,5,False,1000,1000
19514,99,random,10,0.6372412420382165,0,22,None,66,1,5,False,1000,1000
19515,95,random,10,0.6643113057324841,0,23,None,66,1,5,False,1000,1000
19516,96,random,10,0.6656050955414012,0,23,None,66,1,5,False,1000,1000
19517,97,random,10,0.6675955414012739,0,23,None,66,1,5,False,1000,1000
19518,98,random,10,0.6681926751592356,0,23,None,66,1,5,False,1000,1000
19519,99,random,10,0.669984076433121,0,23,None,66,1,5,False,1000,1000
19520,95,random,10,0.6673964968152867,0,25,None,66,1,5,False,1000,1000
19521,96,random,10,0.6703821656050956,0,25,None,66,1,5,False,1000,1000
19522,97,random,10,0.6724721337579618,0,25,None,66,1,5,False,1000,1000
19523,98,random,10,0.6746616242038217,0,25,None,66,1,5,False,1000,1000
19524,99,random,10,0.6773487261146497,0,25,None,66,1,5,False,1000,1000
19525,95,random,10,0.6353503184713376,0,26,None,66,1,5,False,1000,1000
19526,96,random,10,0.6371417197452229,0,26,None,66,1,5,False,1000,1000
19527,97,random,10,0.6397292993630573,0,26,None,66,1,5,False,1000,1000
19528,98,random,10,0.6412221337579618,0,26,None,66,1,5,False,1000,1000
19529,99,random,10,0.6421178343949044,0,26,None,66,1,5,False,1000,1000
19530,95,random,10,0.6636146496815286,0,28,None,66,1,5,False,1000,1000
19531,96,random,10,0.6648089171974523,0,28,None,66,1,5,False,1000,1000
19532,97,random,10,0.6656050955414012,0,28,None,66,1,5,False,1000,1000
19533,98,random,10,0.6659036624203821,0,28,None,66,1,5,False,1000,1000
19534,99,random,10,0.6668988853503185,0,28,None,66,1,5,False,1000,1000
19535,95,random,10,0.6799363057324841,0,3,None,66,1,5,False,1000,1000
19536,96,random,10,0.6824243630573248,0,3,None,66,1,5,False,1000,1000
19537,97,random,10,0.6853105095541401,0,3,None,66,1,5,False,1000,1000
19538,98,random,10,0.6862062101910829,0,3,None,66,1,5,False,1000,1000
19539,99,random,10,0.6874004777070064,0,3,None,66,1,5,False,1000,1000
19540,95,random,10,0.6553542993630573,0,29,None,66,1,5,False,1000,1000
19541,96,random,10,0.6570461783439491,0,29,None,66,1,5,False,1000,1000
19542,97,random,10,0.6584394904458599,0,29,None,66,1,5,False,1000,1000
19543,98,random,10,0.6588375796178344,0,29,None,66,1,5,False,1000,1000
19544,99,random,10,0.6609275477707006,0,29,None,66,1,5,False,1000,1000
19545,95,random,10,0.6383359872611465,0,9,None,66,1,5,False,1000,1000
19546,96,random,10,0.6403264331210191,0,9,None,66,1,5,False,1000,1000
19547,97,random,10,0.6423168789808917,0,9,None,66,1,5,False,1000,1000
19548,98,random,10,0.6436106687898089,0,9,None,66,1,5,False,1000,1000
19549,99,random,10,0.6458001592356688,0,9,None,66,1,5,False,1000,1000
19550,95,random,10,0.6126592356687898,0,30,None,66,1,5,False,1000,1000
19551,96,random,10,0.6147492038216561,0,30,None,66,1,5,False,1000,1000
19552,97,random,10,0.6153463375796179,0,30,None,66,1,5,False,1000,1000
19553,98,random,10,0.617734872611465,0,30,None,66,1,5,False,1000,1000
19554,99,random,10,0.6191281847133758,0,30,None,66,1,5,False,1000,1000
19555,95,random,10,0.658937101910828,0,6,None,66,1,5,False,1000,1000
19556,96,random,10,0.6613256369426752,0,6,None,66,1,5,False,1000,1000
19557,97,random,10,0.6645103503184714,0,6,None,66,1,5,False,1000,1000
19558,98,random,10,0.6660031847133758,0,6,None,66,1,5,False,1000,1000
19559,99,random,10,0.6685907643312102,0,6,None,66,1,5,False,1000,1000
19560,95,random,10,0.5399084394904459,0,31,None,66,1,5,False,1000,1000
19561,96,random,10,0.5474721337579618,0,31,None,66,1,5,False,1000,1000
19562,97,random,10,0.5524482484076433,0,31,None,66,1,5,False,1000,1000
19563,98,random,10,0.5592157643312102,0,31,None,66,1,5,False,1000,1000
19564,99,random,10,0.5677746815286624,0,31,None,66,1,5,False,1000,1000
19565,95,random,10,0.6697850318471338,0,32,None,66,1,5,False,1000,1000
19566,96,random,10,0.6725716560509554,0,32,None,66,1,5,False,1000,1000
19567,97,random,10,0.674562101910828,0,32,None,66,1,5,False,1000,1000
19568,98,random,10,0.6771496815286624,0,32,None,66,1,5,False,1000,1000
19569,99,random,10,0.6788415605095541,0,32,None,66,1,5,False,1000,1000
19570,95,random,10,0.6591361464968153,0,7,None,66,1,5,False,1000,1000
19571,96,random,10,0.6607285031847133,0,7,None,66,1,5,False,1000,1000
19572,97,random,10,0.6625199044585988,0,7,None,66,1,5,False,1000,1000
19573,98,random,10,0.6643113057324841,0,7,None,66,1,5,False,1000,1000
19574,99,random,10,0.6658041401273885,0,7,None,66,1,5,False,1000,1000
19575,95,random,10,0.6447054140127388,0,8,None,66,1,5,False,1000,1000
19576,96,random,10,0.647093949044586,0,8,None,66,1,5,False,1000,1000
19577,97,random,10,0.6488853503184714,0,8,None,66,1,5,False,1000,1000
19578,98,random,10,0.6504777070063694,0,8,None,66,1,5,False,1000,1000
19579,99,random,10,0.6529657643312102,0,8,None,66,1,5,False,1000,1000
19580,95,random,10,0.6771496815286624,0,4,None,66,1,5,False,1000,1000
19581,96,random,10,0.6782444267515924,0,4,None,66,1,5,False,1000,1000
19582,97,random,10,0.6795382165605095,0,4,None,66,1,5,False,1000,1000
19583,98,random,10,0.6801353503184714,0,4,None,66,1,5,False,1000,1000
19584,99,random,10,0.680234872611465,0,4,None,66,1,5,False,1000,1000
19585,95,random,10,0.6640127388535032,0,16,None,66,1,5,False,1000,1000
19586,96,random,10,0.665406050955414,0,16,None,66,1,5,False,1000,1000
19587,97,random,10,0.6666998407643312,0,16,None,66,1,5,False,1000,1000
19588,98,random,10,0.668093152866242,0,16,None,66,1,5,False,1000,1000
19589,99,random,10,0.6703821656050956,0,16,None,66,1,5,False,1000,1000
19590,95,random,10,0.5938495222929936,0,19,None,66,1,5,False,1000,1000
19591,96,random,10,0.5947452229299363,0,19,None,66,1,5,False,1000,1000
19592,97,random,10,0.5960390127388535,0,19,None,66,1,5,False,1000,1000
19593,98,random,10,0.5973328025477707,0,19,None,66,1,5,False,1000,1000
19594,99,random,10,0.5979299363057324,0,19,None,66,1,5,False,1000,1000
19595,95,random,10,0.681031050955414,0,18,None,66,1,5,False,1000,1000
19596,96,random,10,0.681031050955414,0,18,None,66,1,5,False,1000,1000
19597,97,random,10,0.6821257961783439,0,18,None,66,1,5,False,1000,1000
19598,98,random,10,0.6825238853503185,0,18,None,66,1,5,False,1000,1000
19599,99,random,10,0.6839171974522293,0,18,None,66,1,5,False,1000,1000
19600,95,random,10,0.6256966560509554,0,12,None,66,1,5,False,1000,1000
19601,96,random,10,0.626890923566879,0,12,None,66,1,5,False,1000,1000
19602,97,random,10,0.627687101910828,0,12,None,66,1,5,False,1000,1000
19603,98,random,10,0.6286823248407644,0,12,None,66,1,5,False,1000,1000
19604,99,random,10,0.6296775477707006,0,12,None,66,1,5,False,1000,1000
19605,95,random,10,0.636046974522293,0,13,None,66,1,5,False,1000,1000
19606,96,random,10,0.6388335987261147,0,13,None,66,1,5,False,1000,1000
19607,97,random,10,0.6404259554140127,0,13,None,66,1,5,False,1000,1000
19608,98,random,10,0.6426154458598726,0,13,None,66,1,5,False,1000,1000
19609,99,random,10,0.6439092356687898,0,13,None,66,1,5,False,1000,1000
19610,95,random,10,0.6730692675159236,0,0,None,66,1,5,False,1000,1000
19611,96,random,10,0.6739649681528662,0,0,None,66,1,5,False,1000,1000
19612,97,random,10,0.6744625796178344,0,0,None,66,1,5,False,1000,1000
19613,98,random,10,0.6749601910828026,0,0,None,66,1,5,False,1000,1000
19614,99,random,10,0.676453025477707,0,0,None,66,1,5,False,1000,1000
19615,100,random,10,0.6725716560509554,0,16,None,66,1,5,False,1000,1000
19616,101,random,10,0.6740644904458599,0,16,None,66,1,5,False,1000,1000
19617,102,random,10,0.675656847133758,0,16,None,66,1,5,False,1000,1000
19618,103,random,10,0.6759554140127388,0,16,None,66,1,5,False,1000,1000
19619,104,random,10,0.6773487261146497,0,16,None,66,1,5,False,1000,1000
19620,95,random,10,0.6628184713375797,0,17,None,66,1,5,False,1000,1000
19621,96,random,10,0.6641122611464968,0,17,None,66,1,5,False,1000,1000
19622,97,random,10,0.6653065286624203,0,17,None,66,1,5,False,1000,1000
19623,98,random,10,0.6667993630573248,0,17,None,66,1,5,False,1000,1000
19624,99,random,10,0.668093152866242,0,17,None,66,1,5,False,1000,1000
19625,95,random,10,0.6224124203821656,0,21,None,66,1,5,False,1000,1000
19626,96,random,10,0.623109076433121,0,21,None,66,1,5,False,1000,1000
19627,97,random,10,0.6249004777070064,0,21,None,66,1,5,False,1000,1000
19628,98,random,10,0.6253980891719745,0,21,None,66,1,5,False,1000,1000
19629,99,random,10,0.6262937898089171,0,21,None,66,1,5,False,1000,1000
19630,95,random,10,0.6592356687898089,0,24,None,66,1,5,False,1000,1000
19631,96,random,10,0.6623208598726115,0,24,None,66,1,5,False,1000,1000
19632,97,random,10,0.6652070063694268,0,24,None,66,1,5,False,1000,1000
19633,98,random,10,0.6681926751592356,0,24,None,66,1,5,False,1000,1000
19634,99,random,10,0.6704816878980892,0,24,None,66,1,5,False,1000,1000
19635,95,random,10,0.6663017515923567,0,27,None,66,1,5,False,1000,1000
19636,96,random,10,0.6690883757961783,0,27,None,66,1,5,False,1000,1000
19637,97,random,10,0.6704816878980892,0,27,None,66,1,5,False,1000,1000
19638,98,random,10,0.6714769108280255,0,27,None,66,1,5,False,1000,1000
19639,99,random,10,0.6721735668789809,0,27,None,66,1,5,False,1000,1000
19640,100,random,10,0.6424164012738853,0,26,None,66,1,5,False,1000,1000
19641,101,random,10,0.6442078025477707,0,26,None,66,1,5,False,1000,1000
19642,102,random,10,0.6447054140127388,0,26,None,66,1,5,False,1000,1000
19643,103,random,10,0.6459992038216561,0,26,None,66,1,5,False,1000,1000
19644,104,random,10,0.6468949044585988,0,26,None,66,1,5,False,1000,1000
19645,100,random,10,0.6801353503184714,0,25,None,66,1,5,False,1000,1000
19646,101,random,10,0.6830214968152867,0,25,None,66,1,5,False,1000,1000
19647,102,random,10,0.6845143312101911,0,25,None,66,1,5,False,1000,1000
19648,103,random,10,0.6860071656050956,0,25,None,66,1,5,False,1000,1000
19649,104,random,10,0.6880971337579618,0,25,None,66,1,5,False,1000,1000
19650,100,random,10,0.6546576433121019,0,14,None,66,1,5,False,1000,1000
19651,101,random,10,0.6568471337579618,0,14,None,66,1,5,False,1000,1000
19652,102,random,10,0.6586385350318471,0,14,None,66,1,5,False,1000,1000
19653,103,random,10,0.6613256369426752,0,14,None,66,1,5,False,1000,1000
19654,104,random,10,0.661922770700637,0,14,None,66,1,5,False,1000,1000
19655,100,random,10,0.667296974522293,0,7,None,66,1,5,False,1000,1000
19656,101,random,10,0.6679936305732485,0,7,None,66,1,5,False,1000,1000
19657,102,random,10,0.6702826433121019,0,7,None,66,1,5,False,1000,1000
19658,103,random,10,0.6713773885350318,0,7,None,66,1,5,False,1000,1000
19659,104,random,10,0.6726711783439491,0,7,None,66,1,5,False,1000,1000
19660,100,random,10,0.630672770700637,0,12,None,66,1,5,False,1000,1000
19661,101,random,10,0.6326632165605095,0,12,None,66,1,5,False,1000,1000
19662,102,random,10,0.633359872611465,0,12,None,66,1,5,False,1000,1000
19663,103,random,10,0.6342555732484076,0,12,None,66,1,5,False,1000,1000
19664,104,random,10,0.6355493630573248,0,12,None,66,1,5,False,1000,1000
19665,100,random,10,0.6511743630573248,0,15,None,66,1,5,False,1000,1000
19666,101,random,10,0.6521695859872612,0,15,None,66,1,5,False,1000,1000
19667,102,random,10,0.6528662420382165,0,15,None,66,1,5,False,1000,1000
19668,103,random,10,0.6532643312101911,0,15,None,66,1,5,False,1000,1000
19669,104,random,10,0.6542595541401274,0,15,None,66,1,5,False,1000,1000
19670,100,random,10,0.6311703821656051,0,11,None,66,1,5,False,1000,1000
19671,101,random,10,0.6326632165605095,0,11,None,66,1,5,False,1000,1000
19672,102,random,10,0.6343550955414012,0,11,None,66,1,5,False,1000,1000
19673,103,random,10,0.636046974522293,0,11,None,66,1,5,False,1000,1000
19674,104,random,10,0.6385350318471338,0,11,None,66,1,5,False,1000,1000
19675,100,random,10,0.669984076433121,0,17,None,66,1,5,False,1000,1000
19676,101,random,10,0.6714769108280255,0,17,None,66,1,5,False,1000,1000
19677,102,random,10,0.6726711783439491,0,17,None,66,1,5,False,1000,1000
19678,103,random,10,0.6732683121019108,0,17,None,66,1,5,False,1000,1000
19679,104,random,10,0.6738654458598726,0,17,None,66,1,5,False,1000,1000
19680,100,random,10,0.5463773885350318,0,1,None,66,1,5,False,1000,1000
19681,101,random,10,0.5512539808917197,0,1,None,66,1,5,False,1000,1000
19682,102,random,10,0.5558320063694268,0,1,None,66,1,5,False,1000,1000
19683,103,random,10,0.5603105095541401,0,1,None,66,1,5,False,1000,1000
19684,104,random,10,0.5653861464968153,0,1,None,66,1,5,False,1000,1000
19685,100,random,10,0.6578423566878981,0,5,None,66,1,5,False,1000,1000
19686,101,random,10,0.6588375796178344,0,5,None,66,1,5,False,1000,1000
19687,102,random,10,0.6607285031847133,0,5,None,66,1,5,False,1000,1000
19688,103,random,10,0.6613256369426752,0,5,None,66,1,5,False,1000,1000
19689,104,random,10,0.6631170382165605,0,5,None,66,1,5,False,1000,1000
19690,100,random,10,0.6432125796178344,0,13,None,66,1,5,False,1000,1000
19691,101,random,10,0.6447054140127388,0,13,None,66,1,5,False,1000,1000
19692,102,random,10,0.6468949044585988,0,13,None,66,1,5,False,1000,1000
19693,103,random,10,0.648984872611465,0,13,None,66,1,5,False,1000,1000
19694,104,random,10,0.650577229299363,0,13,None,66,1,5,False,1000,1000
19695,100,random,10,0.6499800955414012,0,9,None,66,1,5,False,1000,1000
19696,101,random,10,0.6511743630573248,0,9,None,66,1,5,False,1000,1000
19697,102,random,10,0.6528662420382165,0,9,None,66,1,5,False,1000,1000
19698,103,random,10,0.6542595541401274,0,9,None,66,1,5,False,1000,1000
19699,104,random,10,0.6567476114649682,0,9,None,66,1,5,False,1000,1000
19700,100,random,10,0.6678941082802548,0,28,None,66,1,5,False,1000,1000
19701,101,random,10,0.6692874203821656,0,28,None,66,1,5,False,1000,1000
19702,102,random,10,0.6709792993630573,0,28,None,66,1,5,False,1000,1000
19703,103,random,10,0.6717754777070064,0,28,None,66,1,5,False,1000,1000
19704,104,random,10,0.6725716560509554,0,28,None,66,1,5,False,1000,1000
19705,100,random,10,0.6616242038216561,0,29,None,66,1,5,False,1000,1000
19706,101,random,10,0.6634156050955414,0,29,None,66,1,5,False,1000,1000
19707,102,random,10,0.6648089171974523,0,29,None,66,1,5,False,1000,1000
19708,103,random,10,0.6661027070063694,0,29,None,66,1,5,False,1000,1000
19709,104,random,10,0.6674960191082803,0,29,None,66,1,5,False,1000,1000
19710,100,random,10,0.6172372611464968,0,30,None,66,1,5,False,1000,1000
19711,101,random,10,0.6186305732484076,0,30,None,66,1,5,False,1000,1000
19712,102,random,10,0.6197253184713376,0,30,None,66,1,5,False,1000,1000
19713,103,random,10,0.6210191082802548,0,30,None,66,1,5,False,1000,1000
19714,104,random,10,0.6233081210191083,0,30,None,66,1,5,False,1000,1000
19715,100,random,10,0.6894904458598726,0,18,None,66,1,5,False,1000,1000
19716,101,random,10,0.6909832802547771,0,18,None,66,1,5,False,1000,1000
19717,102,random,10,0.6921775477707006,0,18,None,66,1,5,False,1000,1000
19718,103,random,10,0.6933718152866242,0,18,None,66,1,5,False,1000,1000
19719,104,random,10,0.6944665605095541,0,18,None,66,1,5,False,1000,1000
19720,100,random,10,0.6734673566878981,0,27,None,66,1,5,False,1000,1000
19721,101,random,10,0.6749601910828026,0,27,None,66,1,5,False,1000,1000
19722,102,random,10,0.6758558917197452,0,27,None,66,1,5,False,1000,1000
19723,103,random,10,0.6772492038216561,0,27,None,66,1,5,False,1000,1000
19724,104,random,10,0.6787420382165605,0,27,None,66,1,5,False,1000,1000
19725,100,random,10,0.5378184713375797,0,31,None,66,1,5,False,1000,1000
19726,101,random,10,0.5486664012738853,0,31,None,66,1,5,False,1000,1000
19727,102,random,10,0.5566281847133758,0,31,None,66,1,5,False,1000,1000
19728,103,random,10,0.5673765923566879,0,31,None,66,1,5,False,1000,1000
19729,104,random,10,0.5739450636942676,0,31,None,66,1,5,False,1000,1000
19730,100,random,10,0.6733678343949044,0,2,None,66,1,5,False,1000,1000
19731,101,random,10,0.6753582802547771,0,2,None,66,1,5,False,1000,1000
19732,102,random,10,0.6781449044585988,0,2,None,66,1,5,False,1000,1000
19733,103,random,10,0.6795382165605095,0,2,None,66,1,5,False,1000,1000
19734,104,random,10,0.6815286624203821,0,2,None,66,1,5,False,1000,1000
19735,100,random,10,0.6867038216560509,0,4,None,66,1,5,False,1000,1000
19736,101,random,10,0.6877985668789809,0,4,None,66,1,5,False,1000,1000
19737,102,random,10,0.6880971337579618,0,4,None,66,1,5,False,1000,1000
19738,103,random,10,0.6879976114649682,0,4,None,66,1,5,False,1000,1000
19739,104,random,10,0.6880971337579618,0,4,None,66,1,5,False,1000,1000
19740,100,random,10,0.6880971337579618,0,3,None,66,1,5,False,1000,1000
19741,101,random,10,0.6896894904458599,0,3,None,66,1,5,False,1000,1000
19742,102,random,10,0.6906847133757962,0,3,None,66,1,5,False,1000,1000
19743,103,random,10,0.6913813694267515,0,3,None,66,1,5,False,1000,1000
19744,104,random,10,0.6934713375796179,0,3,None,66,1,5,False,1000,1000
19745,100,random,10,0.6673964968152867,0,6,None,66,1,5,False,1000,1000
19746,101,random,10,0.6702826433121019,0,6,None,66,1,5,False,1000,1000
19747,102,random,10,0.6720740445859873,0,6,None,66,1,5,False,1000,1000
19748,103,random,10,0.6740644904458599,0,6,None,66,1,5,False,1000,1000
19749,104,random,10,0.6751592356687898,0,6,None,66,1,5,False,1000,1000
19750,100,random,10,0.653562898089172,0,8,None,66,1,5,False,1000,1000
19751,101,random,10,0.6558519108280255,0,8,None,66,1,5,False,1000,1000
19752,102,random,10,0.6577428343949044,0,8,None,66,1,5,False,1000,1000
19753,103,random,10,0.6594347133757962,0,8,None,66,1,5,False,1000,1000
19754,104,random,10,0.6611265923566879,0,8,None,66,1,5,False,1000,1000
19755,100,random,10,0.6411226114649682,0,10,None,66,1,5,False,1000,1000
19756,101,random,10,0.6434116242038217,0,10,None,66,1,5,False,1000,1000
19757,102,random,10,0.6457006369426752,0,10,None,66,1,5,False,1000,1000
19758,103,random,10,0.6469944267515924,0,10,None,66,1,5,False,1000,1000
19759,104,random,10,0.6493829617834395,0,10,None,66,1,5,False,1000,1000
19760,100,random,10,0.6550557324840764,0,20,None,66,1,5,False,1000,1000
19761,101,random,10,0.6560509554140127,0,20,None,66,1,5,False,1000,1000
19762,102,random,10,0.6575437898089171,0,20,None,66,1,5,False,1000,1000
19763,103,random,10,0.658937101910828,0,20,None,66,1,5,False,1000,1000
19764,104,random,10,0.6599323248407644,0,20,None,66,1,5,False,1000,1000
19765,100,random,10,0.6390326433121019,0,22,None,66,1,5,False,1000,1000
19766,101,random,10,0.6408240445859873,0,22,None,66,1,5,False,1000,1000
19767,102,random,10,0.6424164012738853,0,22,None,66,1,5,False,1000,1000
19768,103,random,10,0.6438097133757962,0,22,None,66,1,5,False,1000,1000
19769,104,random,10,0.6458996815286624,0,22,None,66,1,5,False,1000,1000
19770,100,random,10,0.6711783439490446,0,23,None,66,1,5,False,1000,1000
19771,101,random,10,0.6727707006369427,0,23,None,66,1,5,False,1000,1000
19772,102,random,10,0.6743630573248408,0,23,None,66,1,5,False,1000,1000
19773,103,random,10,0.6753582802547771,0,23,None,66,1,5,False,1000,1000
19774,104,random,10,0.6767515923566879,0,23,None,66,1,5,False,1000,1000
19775,100,random,10,0.6769506369426752,0,32,None,66,1,5,False,1000,1000
19776,101,random,10,0.6792396496815286,0,32,None,66,1,5,False,1000,1000
19777,102,random,10,0.6812300955414012,0,32,None,66,1,5,False,1000,1000
19778,103,random,10,0.6825238853503185,0,32,None,66,1,5,False,1000,1000
19779,104,random,10,0.6842157643312102,0,32,None,66,1,5,False,1000,1000
19780,100,random,10,0.5976313694267515,0,19,None,66,1,5,False,1000,1000
19781,101,random,10,0.5999203821656051,0,19,None,66,1,5,False,1000,1000
19782,102,random,10,0.6017117834394905,0,19,None,66,1,5,False,1000,1000
19783,103,random,10,0.6031050955414012,0,19,None,66,1,5,False,1000,1000
19784,104,random,10,0.6042993630573248,0,19,None,66,1,5,False,1000,1000
19785,100,random,10,0.6305732484076433,0,21,None,66,1,5,False,1000,1000
19786,101,random,10,0.631468949044586,0,21,None,66,1,5,False,1000,1000
19787,102,random,10,0.6327627388535032,0,21,None,66,1,5,False,1000,1000
19788,103,random,10,0.6337579617834395,0,21,None,66,1,5,False,1000,1000
19789,104,random,10,0.6354498407643312,0,21,None,66,1,5,False,1000,1000
19790,100,random,10,0.6763535031847133,0,0,None,66,1,5,False,1000,1000
19791,101,random,10,0.6780453821656051,0,0,None,66,1,5,False,1000,1000
19792,102,random,10,0.6794386942675159,0,0,None,66,1,5,False,1000,1000
19793,103,random,10,0.6801353503184714,0,0,None,66,1,5,False,1000,1000
19794,104,random,10,0.6817277070063694,0,0,None,66,1,5,False,1000,1000
19795,100,random,10,0.6719745222929936,0,24,None,66,1,5,False,1000,1000
19796,101,random,10,0.6736664012738853,0,24,None,66,1,5,False,1000,1000
19797,102,random,10,0.6740644904458599,0,24,None,66,1,5,False,1000,1000
19798,103,random,10,0.6757563694267515,0,24,None,66,1,5,False,1000,1000
19799,104,random,10,0.6772492038216561,0,24,None,66,1,5,False,1000,1000
23265,105,random,10,0.555234872611465,0,1,None,66,1,5,False,1000,1000
23266,106,random,10,0.5615047770700637,0,1,None,66,1,5,False,1000,1000
23267,107,random,10,0.5672770700636943,0,1,None,66,1,5,False,1000,1000
23268,108,random,10,0.5726512738853503,0,1,None,66,1,5,False,1000,1000
23269,109,random,10,0.5779259554140127,0,1,None,66,1,5,False,1000,1000
23270,105,random,10,0.6830214968152867,0,2,None,66,1,5,False,1000,1000
23271,106,random,10,0.6847133757961783,0,2,None,66,1,5,False,1000,1000
23272,107,random,10,0.6859076433121019,0,2,None,66,1,5,False,1000,1000
23273,108,random,10,0.6873009554140127,0,2,None,66,1,5,False,1000,1000
23274,109,random,10,0.68859474522293,0,2,None,66,1,5,False,1000,1000
23275,105,random,10,0.660031847133758,0,5,None,66,1,5,False,1000,1000
23276,106,random,10,0.6626194267515924,0,5,None,66,1,5,False,1000,1000
23277,107,random,10,0.6644108280254777,0,5,None,66,1,5,False,1000,1000
23278,108,random,10,0.666202229299363,0,5,None,66,1,5,False,1000,1000
23279,109,random,10,0.6676950636942676,0,5,None,66,1,5,False,1000,1000
23280,105,random,10,0.6568471337579618,0,15,None,66,1,5,False,1000,1000
23281,106,random,10,0.6577428343949044,0,15,None,66,1,5,False,1000,1000
23282,107,random,10,0.6587380573248408,0,15,None,66,1,5,False,1000,1000
23283,108,random,10,0.6585390127388535,0,15,None,66,1,5,False,1000,1000
23284,109,random,10,0.6588375796178344,0,15,None,66,1,5,False,1000,1000
23285,105,random,10,0.6496815286624203,0,10,None,66,1,5,False,1000,1000
23286,106,random,10,0.6513734076433121,0,10,None,66,1,5,False,1000,1000
23287,107,random,10,0.6530652866242038,0,10,None,66,1,5,False,1000,1000
23288,108,random,10,0.6546576433121019,0,10,None,66,1,5,False,1000,1000
23289,109,random,10,0.6572452229299363,0,10,None,66,1,5,False,1000,1000
23290,105,random,10,0.6373407643312102,0,11,None,66,1,5,False,1000,1000
23291,106,random,10,0.6386345541401274,0,11,None,66,1,5,False,1000,1000
23292,107,random,10,0.6400278662420382,0,11,None,66,1,5,False,1000,1000
23293,108,random,10,0.6401273885350318,0,11,None,66,1,5,False,1000,1000
23294,109,random,10,0.6409235668789809,0,11,None,66,1,5,False,1000,1000
23295,105,random,10,0.6611265923566879,0,20,None,66,1,5,False,1000,1000
23296,106,random,10,0.6621218152866242,0,20,None,66,1,5,False,1000,1000
23297,107,random,10,0.6626194267515924,0,20,None,66,1,5,False,1000,1000
23298,108,random,10,0.6633160828025477,0,20,None,66,1,5,False,1000,1000
23299,109,random,10,0.663515127388535,0,20,None,66,1,5,False,1000,1000
23300,105,random,10,0.6623208598726115,0,8,None,66,1,5,False,1000,1000
23301,106,random,10,0.663515127388535,0,8,None,66,1,5,False,1000,1000
23302,107,random,10,0.6645103503184714,0,8,None,66,1,5,False,1000,1000
23303,108,random,10,0.6658041401273885,0,8,None,66,1,5,False,1000,1000
23304,109,random,10,0.6671974522292994,0,8,None,66,1,5,False,1000,1000
23305,105,random,10,0.6041003184713376,0,19,None,66,1,5,False,1000,1000
23306,106,random,10,0.6059912420382165,0,19,None,66,1,5,False,1000,1000
23307,107,random,10,0.6072850318471338,0,19,None,66,1,5,False,1000,1000
23308,108,random,10,0.6088773885350318,0,19,None,66,1,5,False,1000,1000
23309,109,random,10,0.6106687898089171,0,19,None,66,1,5,False,1000,1000
23310,105,random,10,0.6480891719745223,0,22,None,66,1,5,False,1000,1000
23311,106,random,10,0.6499800955414012,0,22,None,66,1,5,False,1000,1000
23312,107,random,10,0.6514729299363057,0,22,None,66,1,5,False,1000,1000
23313,108,random,10,0.6534633757961783,0,22,None,66,1,5,False,1000,1000
23314,109,random,10,0.6559514331210191,0,22,None,66,1,5,False,1000,1000
23315,105,random,10,0.6653065286624203,0,14,None,66,1,5,False,1000,1000
23316,106,random,10,0.6684912420382165,0,14,None,66,1,5,False,1000,1000
23317,107,random,10,0.67078025477707,0,14,None,66,1,5,False,1000,1000
23318,108,random,10,0.6721735668789809,0,14,None,66,1,5,False,1000,1000
23319,109,random,10,0.673765923566879,0,14,None,66,1,5,False,1000,1000
23320,105,random,10,0.6770501592356688,0,17,None,66,1,5,False,1000,1000
23321,106,random,10,0.6781449044585988,0,17,None,66,1,5,False,1000,1000
23322,107,random,10,0.6795382165605095,0,17,None,66,1,5,False,1000,1000
23323,108,random,10,0.6804339171974523,0,17,None,66,1,5,False,1000,1000
23324,109,random,10,0.681827229299363,0,17,None,66,1,5,False,1000,1000
23325,105,random,10,0.6388335987261147,0,21,None,66,1,5,False,1000,1000
23326,106,random,10,0.6393312101910829,0,21,None,66,1,5,False,1000,1000
23327,107,random,10,0.6404259554140127,0,21,None,66,1,5,False,1000,1000
23328,108,random,10,0.640625,0,21,None,66,1,5,False,1000,1000
23329,109,random,10,0.64171974522293,0,21,None,66,1,5,False,1000,1000
23330,105,random,10,0.6782444267515924,0,24,None,66,1,5,False,1000,1000
23331,106,random,10,0.6800358280254777,0,24,None,66,1,5,False,1000,1000
23332,107,random,10,0.6814291401273885,0,24,None,66,1,5,False,1000,1000
23333,108,random,10,0.6828224522292994,0,24,None,66,1,5,False,1000,1000
23334,109,random,10,0.6836186305732485,0,24,None,66,1,5,False,1000,1000
23335,105,random,10,0.6739649681528662,0,28,None,66,1,5,False,1000,1000
23336,106,random,10,0.674562101910828,0,28,None,66,1,5,False,1000,1000
23337,107,random,10,0.6765525477707006,0,28,None,66,1,5,False,1000,1000
23338,108,random,10,0.6778463375796179,0,28,None,66,1,5,False,1000,1000
23339,109,random,10,0.6784434713375797,0,28,None,66,1,5,False,1000,1000
23340,105,random,10,0.65515525477707,0,9,None,66,1,5,False,1000,1000
23341,106,random,10,0.6580414012738853,0,9,None,66,1,5,False,1000,1000
23342,107,random,10,0.6599323248407644,0,9,None,66,1,5,False,1000,1000
23343,108,random,10,0.6622213375796179,0,9,None,66,1,5,False,1000,1000
23344,109,random,10,0.6647093949044586,0,9,None,66,1,5,False,1000,1000
23345,105,random,10,0.6671974522292994,0,29,None,66,1,5,False,1000,1000
23346,106,random,10,0.6682921974522293,0,29,None,66,1,5,False,1000,1000
23347,107,random,10,0.6701831210191083,0,29,None,66,1,5,False,1000,1000
23348,108,random,10,0.6711783439490446,0,29,None,66,1,5,False,1000,1000
23349,109,random,10,0.6726711783439491,0,29,None,66,1,5,False,1000,1000
23350,105,random,10,0.6228105095541401,0,30,None,66,1,5,False,1000,1000
23351,106,random,10,0.6238057324840764,0,30,None,66,1,5,False,1000,1000
23352,107,random,10,0.6252985668789809,0,30,None,66,1,5,False,1000,1000
23353,108,random,10,0.6272890127388535,0,30,None,66,1,5,False,1000,1000
23354,109,random,10,0.6289808917197452,0,30,None,66,1,5,False,1000,1000
23355,105,random,10,0.6967555732484076,0,18,None,66,1,5,False,1000,1000
23356,106,random,10,0.6969546178343949,0,18,None,66,1,5,False,1000,1000
23357,107,random,10,0.697452229299363,0,18,None,66,1,5,False,1000,1000
23358,108,random,10,0.6983479299363057,0,18,None,66,1,5,False,1000,1000
23359,109,random,10,0.699343152866242,0,18,None,66,1,5,False,1000,1000
23360,105,random,10,0.6792396496815286,0,27,None,66,1,5,False,1000,1000
23361,106,random,10,0.6814291401273885,0,27,None,66,1,5,False,1000,1000
23362,107,random,10,0.6817277070063694,0,27,None,66,1,5,False,1000,1000
23363,108,random,10,0.6830214968152867,0,27,None,66,1,5,False,1000,1000
23364,109,random,10,0.6841162420382165,0,27,None,66,1,5,False,1000,1000
23365,105,random,10,0.5186106687898089,0,31,None,66,1,5,False,1000,1000
23366,106,random,10,0.5332404458598726,0,31,None,66,1,5,False,1000,1000
23367,107,random,10,0.5443869426751592,0,31,None,66,1,5,False,1000,1000
23368,108,random,10,0.5571257961783439,0,31,None,66,1,5,False,1000,1000
23369,109,random,10,0.5655851910828026,0,31,None,66,1,5,False,1000,1000
23370,105,random,10,0.6735668789808917,0,7,None,66,1,5,False,1000,1000
23371,106,random,10,0.6741640127388535,0,7,None,66,1,5,False,1000,1000
23372,107,random,10,0.6751592356687898,0,7,None,66,1,5,False,1000,1000
23373,108,random,10,0.6773487261146497,0,7,None,66,1,5,False,1000,1000
23374,109,random,10,0.678343949044586,0,7,None,66,1,5,False,1000,1000
23375,105,random,10,0.6809315286624203,0,16,None,66,1,5,False,1000,1000
23376,106,random,10,0.6826234076433121,0,16,None,66,1,5,False,1000,1000
23377,107,random,10,0.6828224522292994,0,16,None,66,1,5,False,1000,1000
23378,108,random,10,0.6839171974522293,0,16,None,66,1,5,False,1000,1000
23379,109,random,10,0.6841162420382165,0,16,None,66,1,5,False,1000,1000
23380,105,random,10,0.6816281847133758,0,32,None,66,1,5,False,1000,1000
23381,106,random,10,0.684812898089172,0,32,None,66,1,5,False,1000,1000
23382,107,random,10,0.6862062101910829,0,32,None,66,1,5,False,1000,1000
23383,108,random,10,0.6877985668789809,0,32,None,66,1,5,False,1000,1000
23384,109,random,10,0.6888933121019108,0,32,None,66,1,5,False,1000,1000
23385,105,random,10,0.693968949044586,0,4,None,66,1,5,False,1000,1000
23386,106,random,10,0.6943670382165605,0,4,None,66,1,5,False,1000,1000
23387,107,random,10,0.694765127388535,0,4,None,66,1,5,False,1000,1000
23388,108,random,10,0.6952627388535032,0,4,None,66,1,5,False,1000,1000
23389,109,random,10,0.6962579617834395,0,4,None,66,1,5,False,1000,1000
23390,105,random,10,0.6793391719745223,0,0,None,66,1,5,False,1000,1000
23391,106,random,10,0.6805334394904459,0,0,None,66,1,5,False,1000,1000
23392,107,random,10,0.6816281847133758,0,0,None,66,1,5,False,1000,1000
23393,108,random,10,0.6835191082802548,0,0,None,66,1,5,False,1000,1000
23394,109,random,10,0.6846138535031847,0,0,None,66,1,5,False,1000,1000
23395,105,random,10,0.6793391719745223,0,23,None,66,1,5,False,1000,1000
23396,106,random,10,0.6787420382165605,0,23,None,66,1,5,False,1000,1000
23397,107,random,10,0.6793391719745223,0,23,None,66,1,5,False,1000,1000
23398,108,random,10,0.681031050955414,0,23,None,66,1,5,False,1000,1000
23399,109,random,10,0.6823248407643312,0,23,None,66,1,5,False,1000,1000
23400,105,random,10,0.6727707006369427,0,6,None,66,1,5,False,1000,1000
23401,106,random,10,0.6749601910828026,0,6,None,66,1,5,False,1000,1000
23402,107,random,10,0.6765525477707006,0,6,None,66,1,5,False,1000,1000
23403,108,random,10,0.6782444267515924,0,6,None,66,1,5,False,1000,1000
23404,109,random,10,0.6796377388535032,0,6,None,66,1,5,False,1000,1000
23405,105,random,10,0.6941679936305732,0,3,None,66,1,5,False,1000,1000
23406,106,random,10,0.6949641719745223,0,3,None,66,1,5,False,1000,1000
23407,107,random,10,0.6955613057324841,0,3,None,66,1,5,False,1000,1000
23408,108,random,10,0.696656050955414,0,3,None,66,1,5,False,1000,1000
23409,109,random,10,0.6979498407643312,0,3,None,66,1,5,False,1000,1000
23410,105,random,10,0.6373407643312102,0,12,None,66,1,5,False,1000,1000
23411,106,random,10,0.6375398089171974,0,12,None,66,1,5,False,1000,1000
23412,107,random,10,0.6386345541401274,0,12,None,66,1,5,False,1000,1000
23413,108,random,10,0.6403264331210191,0,12,None,66,1,5,False,1000,1000
23414,109,random,10,0.6415207006369427,0,12,None,66,1,5,False,1000,1000
23415,105,random,10,0.6899880573248408,0,25,None,66,1,5,False,1000,1000
23416,106,random,10,0.692078025477707,0,25,None,66,1,5,False,1000,1000
23417,107,random,10,0.6930732484076433,0,25,None,66,1,5,False,1000,1000
23418,108,random,10,0.6953622611464968,0,25,None,66,1,5,False,1000,1000
23419,109,random,10,0.6969546178343949,0,25,None,66,1,5,False,1000,1000
23420,105,random,10,0.6466958598726115,0,13,None,66,1,5,False,1000,1000
23421,106,random,10,0.6491839171974523,0,13,None,66,1,5,False,1000,1000
23422,107,random,10,0.6515724522292994,0,13,None,66,1,5,False,1000,1000
23423,108,random,10,0.6529657643312102,0,13,None,66,1,5,False,1000,1000
23424,109,random,10,0.6544585987261147,0,13,None,66,1,5,False,1000,1000
23425,105,random,10,0.6474920382165605,0,26,None,66,1,5,False,1000,1000
23426,106,random,10,0.648984872611465,0,26,None,66,1,5,False,1000,1000
23427,107,random,10,0.6494824840764332,0,26,None,66,1,5,False,1000,1000
23428,108,random,10,0.6500796178343949,0,26,None,66,1,5,False,1000,1000
23429,109,random,10,0.6508757961783439,0,26,None,66,1,5,False,1000,1000
23430,110,random,10,0.5087579617834395,0,1,None,66,1,5,False,1000,1000
23431,111,random,10,0.5324442675159236,0,1,None,66,1,5,False,1000,1000
23432,112,random,10,0.5446855095541401,0,1,None,66,1,5,False,1000,1000
23433,113,random,10,0.5516520700636943,0,1,None,66,1,5,False,1000,1000
23434,114,random,10,0.556827229299363,0,1,None,66,1,5,False,1000,1000
23435,110,random,10,0.6854100318471338,0,27,None,66,1,5,False,1000,1000
23436,111,random,10,0.685609076433121,0,27,None,66,1,5,False,1000,1000
23437,112,random,10,0.6862062101910829,0,27,None,66,1,5,False,1000,1000
23438,113,random,10,0.6869028662420382,0,27,None,66,1,5,False,1000,1000
23439,114,random,10,0.6870023885350318,0,27,None,66,1,5,False,1000,1000
23440,110,random,10,0.6407245222929936,0,21,None,66,1,5,False,1000,1000
23441,111,random,10,0.6428144904458599,0,21,None,66,1,5,False,1000,1000
23442,112,random,10,0.6438097133757962,0,21,None,66,1,5,False,1000,1000
23443,113,random,10,0.6454020700636943,0,21,None,66,1,5,False,1000,1000
23444,114,random,10,0.6464968152866242,0,21,None,66,1,5,False,1000,1000
23445,110,random,10,0.6906847133757962,0,2,None,66,1,5,False,1000,1000
23446,111,random,10,0.6917794585987261,0,2,None,66,1,5,False,1000,1000
23447,112,random,10,0.6925756369426752,0,2,None,66,1,5,False,1000,1000
23448,113,random,10,0.6930732484076433,0,2,None,66,1,5,False,1000,1000
23449,114,random,10,0.6941679936305732,0,2,None,66,1,5,False,1000,1000
23450,110,random,10,0.654359076433121,0,22,None,66,1,5,False,1000,1000
23451,111,random,10,0.65625,0,22,None,66,1,5,False,1000,1000
23452,112,random,10,0.6586385350318471,0,22,None,66,1,5,False,1000,1000
23453,113,random,10,0.6593351910828026,0,22,None,66,1,5,False,1000,1000
23454,114,random,10,0.6622213375796179,0,22,None,66,1,5,False,1000,1000
23455,110,random,10,0.6825238853503185,0,23,None,66,1,5,False,1000,1000
23456,111,random,10,0.683718152866242,0,23,None,66,1,5,False,1000,1000
23457,112,random,10,0.6844148089171974,0,23,None,66,1,5,False,1000,1000
23458,113,random,10,0.6849124203821656,0,23,None,66,1,5,False,1000,1000
23459,114,random,10,0.6858081210191083,0,23,None,66,1,5,False,1000,1000
23460,110,random,10,0.6859076433121019,0,16,None,66,1,5,False,1000,1000
23461,111,random,10,0.6875995222929936,0,16,None,66,1,5,False,1000,1000
23462,112,random,10,0.6884952229299363,0,16,None,66,1,5,False,1000,1000
23463,113,random,10,0.6886942675159236,0,16,None,66,1,5,False,1000,1000
23464,114,random,10,0.6896894904458599,0,16,None,66,1,5,False,1000,1000
23465,110,random,10,0.6891918789808917,0,32,None,66,1,5,False,1000,1000
23466,111,random,10,0.6909832802547771,0,32,None,66,1,5,False,1000,1000
23467,112,random,10,0.6904856687898089,0,32,None,66,1,5,False,1000,1000
23468,113,random,10,0.691281847133758,0,32,None,66,1,5,False,1000,1000
23469,114,random,10,0.6915804140127388,0,32,None,66,1,5,False,1000,1000
23470,110,random,10,0.674562101910828,0,29,None,66,1,5,False,1000,1000
23471,111,random,10,0.6750597133757962,0,29,None,66,1,5,False,1000,1000
23472,112,random,10,0.6759554140127388,0,29,None,66,1,5,False,1000,1000
23473,113,random,10,0.6765525477707006,0,29,None,66,1,5,False,1000,1000
23474,114,random,10,0.6772492038216561,0,29,None,66,1,5,False,1000,1000
23475,110,random,10,0.6593351910828026,0,15,None,66,1,5,False,1000,1000
23476,111,random,10,0.6598328025477707,0,15,None,66,1,5,False,1000,1000
23477,112,random,10,0.6607285031847133,0,15,None,66,1,5,False,1000,1000
23478,113,random,10,0.6614251592356688,0,15,None,66,1,5,False,1000,1000
23479,114,random,10,0.6621218152866242,0,15,None,66,1,5,False,1000,1000
23480,110,random,10,0.6570461783439491,0,10,None,66,1,5,False,1000,1000
23481,111,random,10,0.658937101910828,0,10,None,66,1,5,False,1000,1000
23482,112,random,10,0.6617237261146497,0,10,None,66,1,5,False,1000,1000
23483,113,random,10,0.6632165605095541,0,10,None,66,1,5,False,1000,1000
23484,114,random,10,0.6649084394904459,0,10,None,66,1,5,False,1000,1000
23485,110,random,10,0.6394307324840764,0,11,None,66,1,5,False,1000,1000
23486,111,random,10,0.6408240445859873,0,11,None,66,1,5,False,1000,1000
23487,112,random,10,0.6418192675159236,0,11,None,66,1,5,False,1000,1000
23488,113,random,10,0.642515923566879,0,11,None,66,1,5,False,1000,1000
23489,114,random,10,0.6439092356687898,0,11,None,66,1,5,False,1000,1000
23490,110,random,10,0.6833200636942676,0,17,None,66,1,5,False,1000,1000
23491,111,random,10,0.6841162420382165,0,17,None,66,1,5,False,1000,1000
23492,112,random,10,0.6850119426751592,0,17,None,66,1,5,False,1000,1000
23493,113,random,10,0.6857085987261147,0,17,None,66,1,5,False,1000,1000
23494,114,random,10,0.6861066878980892,0,17,None,66,1,5,False,1000,1000
23495,110,random,10,0.6862062101910829,0,24,None,66,1,5,False,1000,1000
23496,111,random,10,0.6866042993630573,0,24,None,66,1,5,False,1000,1000
23497,112,random,10,0.6884952229299363,0,24,None,66,1,5,False,1000,1000
23498,113,random,10,0.6896894904458599,0,24,None,66,1,5,False,1000,1000
23499,114,random,10,0.691281847133758,0,24,None,66,1,5,False,1000,1000
23500,110,random,10,0.6664012738853503,0,8,None,66,1,5,False,1000,1000
23501,111,random,10,0.6682921974522293,0,8,None,66,1,5,False,1000,1000
23502,112,random,10,0.6693869426751592,0,8,None,66,1,5,False,1000,1000
23503,113,random,10,0.6704816878980892,0,8,None,66,1,5,False,1000,1000
23504,114,random,10,0.67078025477707,0,8,None,66,1,5,False,1000,1000
23505,110,random,10,0.6979498407643312,0,18,None,66,1,5,False,1000,1000
23506,111,random,10,0.6990445859872612,0,18,None,66,1,5,False,1000,1000
23507,112,random,10,0.700437898089172,0,18,None,66,1,5,False,1000,1000
23508,113,random,10,0.7019307324840764,0,18,None,66,1,5,False,1000,1000
23509,114,random,10,0.7026273885350318,0,18,None,66,1,5,False,1000,1000
23510,110,random,10,0.4936305732484076,0,31,None,66,1,5,False,1000,1000
23511,111,random,10,0.5100517515923567,0,31,None,66,1,5,False,1000,1000
23512,112,random,10,0.5244824840764332,0,31,None,66,1,5,False,1000,1000
23513,113,random,10,0.5401074840764332,0,31,None,66,1,5,False,1000,1000
23514,114,random,10,0.5505573248407644,0,31,None,66,1,5,False,1000,1000
23515,110,random,10,0.6117635350318471,0,19,None,66,1,5,False,1000,1000
23516,111,random,10,0.6124601910828026,0,19,None,66,1,5,False,1000,1000
23517,112,random,10,0.6140525477707006,0,19,None,66,1,5,False,1000,1000
23518,113,random,10,0.6147492038216561,0,19,None,66,1,5,False,1000,1000
23519,114,random,10,0.6157444267515924,0,19,None,66,1,5,False,1000,1000
23520,110,random,10,0.6666003184713376,0,20,None,66,1,5,False,1000,1000
23521,111,random,10,0.6666998407643312,0,20,None,66,1,5,False,1000,1000
23522,112,random,10,0.6666998407643312,0,20,None,66,1,5,False,1000,1000
23523,113,random,10,0.667296974522293,0,20,None,66,1,5,False,1000,1000
23524,114,random,10,0.6682921974522293,0,20,None,66,1,5,False,1000,1000
23525,110,random,10,0.6804339171974523,0,28,None,66,1,5,False,1000,1000
23526,111,random,10,0.6813296178343949,0,28,None,66,1,5,False,1000,1000
23527,112,random,10,0.6820262738853503,0,28,None,66,1,5,False,1000,1000
23528,113,random,10,0.6819267515923567,0,28,None,66,1,5,False,1000,1000
23529,114,random,10,0.6828224522292994,0,28,None,66,1,5,False,1000,1000
23530,110,random,10,0.6984474522292994,0,3,None,66,1,5,False,1000,1000
23531,111,random,10,0.6990445859872612,0,3,None,66,1,5,False,1000,1000
23532,112,random,10,0.7005374203821656,0,3,None,66,1,5,False,1000,1000
23533,113,random,10,0.701234076433121,0,3,None,66,1,5,False,1000,1000
23534,114,random,10,0.7027269108280255,0,3,None,66,1,5,False,1000,1000
23535,110,random,10,0.6549562101910829,0,13,None,66,1,5,False,1000,1000
23536,111,random,10,0.6567476114649682,0,13,None,66,1,5,False,1000,1000
23537,112,random,10,0.6580414012738853,0,13,None,66,1,5,False,1000,1000
23538,113,random,10,0.6598328025477707,0,13,None,66,1,5,False,1000,1000
23539,114,random,10,0.6609275477707006,0,13,None,66,1,5,False,1000,1000
23540,110,random,10,0.6899880573248408,0,0,None,66,1,5,False,1000,1000
23541,111,random,10,0.6902866242038217,0,0,None,66,1,5,False,1000,1000
23542,112,random,10,0.6908837579617835,0,0,None,66,1,5,False,1000,1000
23543,113,random,10,0.6913813694267515,0,0,None,66,1,5,False,1000,1000
23544,114,random,10,0.6927746815286624,0,0,None,66,1,5,False,1000,1000
23545,110,random,10,0.6950636942675159,0,25,None,66,1,5,False,1000,1000
23546,111,random,10,0.6965565286624203,0,25,None,66,1,5,False,1000,1000
23547,112,random,10,0.698546974522293,0,25,None,66,1,5,False,1000,1000
23548,113,random,10,0.6997412420382165,0,25,None,66,1,5,False,1000,1000
23549,114,random,10,0.7010350318471338,0,25,None,66,1,5,False,1000,1000
23550,110,random,10,0.6618232484076433,0,9,None,66,1,5,False,1000,1000
23551,111,random,10,0.6633160828025477,0,9,None,66,1,5,False,1000,1000
23552,112,random,10,0.6658041401273885,0,9,None,66,1,5,False,1000,1000
23553,113,random,10,0.6683917197452229,0,9,None,66,1,5,False,1000,1000
23554,114,random,10,0.6697850318471338,0,9,None,66,1,5,False,1000,1000
23555,110,random,10,0.6694864649681529,0,5,None,66,1,5,False,1000,1000
23556,111,random,10,0.6720740445859873,0,5,None,66,1,5,False,1000,1000
23557,112,random,10,0.6741640127388535,0,5,None,66,1,5,False,1000,1000
23558,113,random,10,0.6780453821656051,0,5,None,66,1,5,False,1000,1000
23559,114,random,10,0.6801353503184714,0,5,None,66,1,5,False,1000,1000
23560,110,random,10,0.6980493630573248,0,4,None,66,1,5,False,1000,1000
23561,111,random,10,0.6976512738853503,0,4,None,66,1,5,False,1000,1000
23562,112,random,10,0.6975517515923567,0,4,None,66,1,5,False,1000,1000
23563,113,random,10,0.6981488853503185,0,4,None,66,1,5,False,1000,1000
23564,114,random,10,0.697452229299363,0,4,None,66,1,5,False,1000,1000
23565,110,random,10,0.6808320063694268,0,6,None,66,1,5,False,1000,1000
23566,111,random,10,0.6826234076433121,0,6,None,66,1,5,False,1000,1000
23567,112,random,10,0.6850119426751592,0,6,None,66,1,5,False,1000,1000
23568,113,random,10,0.6861066878980892,0,6,None,66,1,5,False,1000,1000
23569,114,random,10,0.6870023885350318,0,6,None,66,1,5,False,1000,1000
23570,110,random,10,0.6772492038216561,0,7,None,66,1,5,False,1000,1000
23571,111,random,10,0.6789410828025477,0,7,None,66,1,5,False,1000,1000
23572,112,random,10,0.6814291401273885,0,7,None,66,1,5,False,1000,1000
23573,113,random,10,0.6823248407643312,0,7,None,66,1,5,False,1000,1000
23574,114,random,10,0.6836186305732485,0,7,None,66,1,5,False,1000,1000
23575,110,random,10,0.642515923566879,0,12,None,66,1,5,False,1000,1000
23576,111,random,10,0.6426154458598726,0,12,None,66,1,5,False,1000,1000
23577,112,random,10,0.6428144904458599,0,12,None,66,1,5,False,1000,1000
23578,113,random,10,0.6439092356687898,0,12,None,66,1,5,False,1000,1000
23579,114,random,10,0.6450039808917197,0,12,None,66,1,5,False,1000,1000
23580,110,random,10,0.6723726114649682,0,14,None,66,1,5,False,1000,1000
23581,111,random,10,0.6741640127388535,0,14,None,66,1,5,False,1000,1000
23582,112,random,10,0.6771496815286624,0,14,None,66,1,5,False,1000,1000
23583,113,random,10,0.6781449044585988,0,14,None,66,1,5,False,1000,1000
23584,114,random,10,0.6805334394904459,0,14,None,66,1,5,False,1000,1000
23585,110,random,10,0.6517714968152867,0,26,None,66,1,5,False,1000,1000
23586,111,random,10,0.6517714968152867,0,26,None,66,1,5,False,1000,1000
23587,112,random,10,0.6528662420382165,0,26,None,66,1,5,False,1000,1000
23588,113,random,10,0.6534633757961783,0,26,None,66,1,5,False,1000,1000
23589,114,random,10,0.6540605095541401,0,26,None,66,1,5,False,1000,1000
23590,110,random,10,0.627687101910828,0,30,None,66,1,5,False,1000,1000
23591,111,random,10,0.6285828025477707,0,30,None,66,1,5,False,1000,1000
23592,112,random,10,0.6313694267515924,0,30,None,66,1,5,False,1000,1000
23593,113,random,10,0.6320660828025477,0,30,None,66,1,5,False,1000,1000
23594,114,random,10,0.6334593949044586,0,30,None,66,1,5,False,1000,1000
27390,115,random,10,0.6637141719745223,0,15,None,66,1,5,False,1000,1000
27391,116,random,10,0.664609872611465,0,15,None,66,1,5,False,1000,1000
27392,117,random,10,0.6650079617834395,0,15,None,66,1,5,False,1000,1000
27393,118,random,10,0.6649084394904459,0,15,None,66,1,5,False,1000,1000
27394,119,random,10,0.6647093949044586,0,15,None,66,1,5,False,1000,1000
27395,115,random,10,0.662718949044586,0,10,None,66,1,5,False,1000,1000
27396,116,random,10,0.6656050955414012,0,10,None,66,1,5,False,1000,1000
27397,117,random,10,0.6668988853503185,0,10,None,66,1,5,False,1000,1000
27398,118,random,10,0.6692874203821656,0,10,None,66,1,5,False,1000,1000
27399,119,random,10,0.6712778662420382,0,10,None,66,1,5,False,1000,1000
27400,115,random,10,0.642515923566879,0,11,None,66,1,5,False,1000,1000
27401,116,random,10,0.6436106687898089,0,11,None,66,1,5,False,1000,1000
27402,117,random,10,0.6448049363057324,0,11,None,66,1,5,False,1000,1000
27403,118,random,10,0.645203025477707,0,11,None,66,1,5,False,1000,1000
27404,119,random,10,0.646297770700637,0,11,None,66,1,5,False,1000,1000
27405,115,random,10,0.6695859872611465,0,20,None,66,1,5,False,1000,1000
27406,116,random,10,0.6697850318471338,0,20,None,66,1,5,False,1000,1000
27407,117,random,10,0.6709792993630573,0,20,None,66,1,5,False,1000,1000
27408,118,random,10,0.6716759554140127,0,20,None,66,1,5,False,1000,1000
27409,119,random,10,0.6723726114649682,0,20,None,66,1,5,False,1000,1000
27410,115,random,10,0.6180334394904459,0,19,None,66,1,5,False,1000,1000
27411,116,random,10,0.6178343949044586,0,19,None,66,1,5,False,1000,1000
27412,117,random,10,0.6184315286624203,0,19,None,66,1,5,False,1000,1000
27413,118,random,10,0.6192277070063694,0,19,None,66,1,5,False,1000,1000
27414,119,random,10,0.6201234076433121,0,19,None,66,1,5,False,1000,1000
27415,115,random,10,0.6584394904458599,0,22,None,66,1,5,False,1000,1000
27416,116,random,10,0.6611265923566879,0,22,None,66,1,5,False,1000,1000
27417,117,random,10,0.6628184713375797,0,22,None,66,1,5,False,1000,1000
27418,118,random,10,0.6644108280254777,0,22,None,66,1,5,False,1000,1000
27419,119,random,10,0.6664012738853503,0,22,None,66,1,5,False,1000,1000
27420,115,random,10,0.6776472929936306,0,14,None,66,1,5,False,1000,1000
27421,116,random,10,0.680234872611465,0,14,None,66,1,5,False,1000,1000
27422,117,random,10,0.6827229299363057,0,14,None,66,1,5,False,1000,1000
27423,118,random,10,0.6842157643312102,0,14,None,66,1,5,False,1000,1000
27424,119,random,10,0.684812898089172,0,14,None,66,1,5,False,1000,1000
27425,115,random,10,0.6887937898089171,0,17,None,66,1,5,False,1000,1000
27426,116,random,10,0.689390923566879,0,17,None,66,1,5,False,1000,1000
27427,117,random,10,0.6902866242038217,0,17,None,66,1,5,False,1000,1000
27428,118,random,10,0.6910828025477707,0,17,None,66,1,5,False,1000,1000
27429,119,random,10,0.6911823248407644,0,17,None,66,1,5,False,1000,1000
27430,115,random,10,0.6908837579617835,0,24,None,66,1,5,False,1000,1000
27431,116,random,10,0.6927746815286624,0,24,None,66,1,5,False,1000,1000
27432,117,random,10,0.6940684713375797,0,24,None,66,1,5,False,1000,1000
27433,118,random,10,0.6952627388535032,0,24,None,66,1,5,False,1000,1000
27434,119,random,10,0.6971536624203821,0,24,None,66,1,5,False,1000,1000
27435,115,random,10,0.6309713375796179,0,30,None,66,1,5,False,1000,1000
27436,116,random,10,0.6328622611464968,0,30,None,66,1,5,False,1000,1000
27437,117,random,10,0.6345541401273885,0,30,None,66,1,5,False,1000,1000
27438,118,random,10,0.636046974522293,0,30,None,66,1,5,False,1000,1000
27439,119,random,10,0.6369426751592356,0,30,None,66,1,5,False,1000,1000
27440,115,random,10,0.4964171974522293,0,31,None,66,1,5,False,1000,1000
27441,116,random,10,0.5121417197452229,0,31,None,66,1,5,False,1000,1000
27442,117,random,10,0.5271695859872612,0,31,None,66,1,5,False,1000,1000
27443,118,random,10,0.5442874203821656,0,31,None,66,1,5,False,1000,1000
27444,119,random,10,0.5561305732484076,0,31,None,66,1,5,False,1000,1000
27445,115,random,10,0.7048168789808917,0,18,None,66,1,5,False,1000,1000
27446,116,random,10,0.7063097133757962,0,18,None,66,1,5,False,1000,1000
27447,117,random,10,0.7070063694267515,0,18,None,66,1,5,False,1000,1000
27448,118,random,10,0.7072054140127388,0,18,None,66,1,5,False,1000,1000
27449,119,random,10,0.7074044585987261,0,18,None,66,1,5,False,1000,1000
27450,115,random,10,0.6906847133757962,0,16,None,66,1,5,False,1000,1000
27451,116,random,10,0.691281847133758,0,16,None,66,1,5,False,1000,1000
27452,117,random,10,0.6937699044585988,0,16,None,66,1,5,False,1000,1000
27453,118,random,10,0.695859872611465,0,16,None,66,1,5,False,1000,1000
27454,119,random,10,0.6963574840764332,0,16,None,66,1,5,False,1000,1000
27455,115,random,10,0.6838176751592356,0,7,None,66,1,5,False,1000,1000
27456,116,random,10,0.6858081210191083,0,7,None,66,1,5,False,1000,1000
27457,117,random,10,0.6872014331210191,0,7,None,66,1,5,False,1000,1000
27458,118,random,10,0.6875,0,7,None,66,1,5,False,1000,1000
27459,119,random,10,0.68859474522293,0,7,None,66,1,5,False,1000,1000
27460,115,random,10,0.691281847133758,0,32,None,66,1,5,False,1000,1000
27461,116,random,10,0.6928742038216561,0,32,None,66,1,5,False,1000,1000
27462,117,random,10,0.693172770700637,0,32,None,66,1,5,False,1000,1000
27463,118,random,10,0.6937699044585988,0,32,None,66,1,5,False,1000,1000
27464,119,random,10,0.6949641719745223,0,32,None,66,1,5,False,1000,1000
27465,115,random,10,0.6471934713375797,0,12,None,66,1,5,False,1000,1000
27466,116,random,10,0.6473925159235668,0,12,None,66,1,5,False,1000,1000
27467,117,random,10,0.6480891719745223,0,12,None,66,1,5,False,1000,1000
27468,118,random,10,0.6504777070063694,0,12,None,66,1,5,False,1000,1000
27469,119,random,10,0.652468152866242,0,12,None,66,1,5,False,1000,1000
27470,115,random,10,0.6876990445859873,0,6,None,66,1,5,False,1000,1000
27471,116,random,10,0.6887937898089171,0,6,None,66,1,5,False,1000,1000
27472,117,random,10,0.6906847133757962,0,6,None,66,1,5,False,1000,1000
27473,118,random,10,0.692078025477707,0,6,None,66,1,5,False,1000,1000
27474,119,random,10,0.6929737261146497,0,6,None,66,1,5,False,1000,1000
27475,115,random,10,0.7038216560509554,0,25,None,66,1,5,False,1000,1000
27476,116,random,10,0.70421974522293,0,25,None,66,1,5,False,1000,1000
27477,117,random,10,0.7049164012738853,0,25,None,66,1,5,False,1000,1000
27478,118,random,10,0.7064092356687898,0,25,None,66,1,5,False,1000,1000
27479,119,random,10,0.7075039808917197,0,25,None,66,1,5,False,1000,1000
27480,115,random,10,0.6536624203821656,0,26,None,66,1,5,False,1000,1000
27481,116,random,10,0.6547571656050956,0,26,None,66,1,5,False,1000,1000
27482,117,random,10,0.6556528662420382,0,26,None,66,1,5,False,1000,1000
27483,118,random,10,0.6559514331210191,0,26,None,66,1,5,False,1000,1000
27484,119,random,10,0.6563495222929936,0,26,None,66,1,5,False,1000,1000
27485,115,random,10,0.5136345541401274,0,1,None,66,1,5,False,1000,1000
27486,116,random,10,0.5367237261146497,0,1,None,66,1,5,False,1000,1000
27487,117,random,10,0.5465764331210191,0,1,None,66,1,5,False,1000,1000
27488,118,random,10,0.5543391719745223,0,1,None,66,1,5,False,1000,1000
27489,119,random,10,0.5600119426751592,0,1,None,66,1,5,False,1000,1000
27490,115,random,10,0.6983479299363057,0,2,None,66,1,5,False,1000,1000
27491,116,random,10,0.6980493630573248,0,2,None,66,1,5,False,1000,1000
27492,117,random,10,0.6989450636942676,0,2,None,66,1,5,False,1000,1000
27493,118,random,10,0.6989450636942676,0,2,None,66,1,5,False,1000,1000
27494,119,random,10,0.6989450636942676,0,2,None,66,1,5,False,1000,1000
27495,115,random,10,0.695859872611465,0,0,None,66,1,5,False,1000,1000
27496,116,random,10,0.6955613057324841,0,0,None,66,1,5,False,1000,1000
27497,117,random,10,0.6951632165605095,0,0,None,66,1,5,False,1000,1000
27498,118,random,10,0.6957603503184714,0,0,None,66,1,5,False,1000,1000
27499,119,random,10,0.6964570063694268,0,0,None,66,1,5,False,1000,1000
27500,115,random,10,0.7010350318471338,0,4,None,66,1,5,False,1000,1000
27501,116,random,10,0.7015326433121019,0,4,None,66,1,5,False,1000,1000
27502,117,random,10,0.7005374203821656,0,4,None,66,1,5,False,1000,1000
27503,118,random,10,0.7007364649681529,0,4,None,66,1,5,False,1000,1000
27504,119,random,10,0.6998407643312102,0,4,None,66,1,5,False,1000,1000
27505,115,random,10,0.7036226114649682,0,3,None,66,1,5,False,1000,1000
27506,116,random,10,0.7043192675159236,0,3,None,66,1,5,False,1000,1000
27507,117,random,10,0.7051154458598726,0,3,None,66,1,5,False,1000,1000
27508,118,random,10,0.7061106687898089,0,3,None,66,1,5,False,1000,1000
27509,119,random,10,0.7070063694267515,0,3,None,66,1,5,False,1000,1000
27510,115,random,10,0.6815286624203821,0,5,None,66,1,5,False,1000,1000
27511,116,random,10,0.6835191082802548,0,5,None,66,1,5,False,1000,1000
27512,117,random,10,0.6854100318471338,0,5,None,66,1,5,False,1000,1000
27513,118,random,10,0.6874004777070064,0,5,None,66,1,5,False,1000,1000
27514,119,random,10,0.6883957006369427,0,5,None,66,1,5,False,1000,1000
27515,115,random,10,0.6702826433121019,0,8,None,66,1,5,False,1000,1000
27516,116,random,10,0.6723726114649682,0,8,None,66,1,5,False,1000,1000
27517,117,random,10,0.67296974522293,0,8,None,66,1,5,False,1000,1000
27518,118,random,10,0.6735668789808917,0,8,None,66,1,5,False,1000,1000
27519,119,random,10,0.6752587579617835,0,8,None,66,1,5,False,1000,1000
27520,115,random,10,0.6655055732484076,0,9,None,66,1,5,False,1000,1000
27521,116,random,10,0.6675955414012739,0,9,None,66,1,5,False,1000,1000
27522,117,random,10,0.6698845541401274,0,9,None,66,1,5,False,1000,1000
27523,118,random,10,0.6722730891719745,0,9,None,66,1,5,False,1000,1000
27524,119,random,10,0.6736664012738853,0,9,None,66,1,5,False,1000,1000
27525,115,random,10,0.6592356687898089,0,13,None,66,1,5,False,1000,1000
27526,116,random,10,0.6614251592356688,0,13,None,66,1,5,False,1000,1000
27527,117,random,10,0.6622213375796179,0,13,None,66,1,5,False,1000,1000
27528,118,random,10,0.6639132165605095,0,13,None,66,1,5,False,1000,1000
27529,119,random,10,0.664609872611465,0,13,None,66,1,5,False,1000,1000
27530,115,random,10,0.6468949044585988,0,21,None,66,1,5,False,1000,1000
27531,116,random,10,0.6477906050955414,0,21,None,66,1,5,False,1000,1000
27532,117,random,10,0.6491839171974523,0,21,None,66,1,5,False,1000,1000
27533,118,random,10,0.6494824840764332,0,21,None,66,1,5,False,1000,1000
27534,119,random,10,0.6499800955414012,0,21,None,66,1,5,False,1000,1000
27535,115,random,10,0.68640525477707,0,23,None,66,1,5,False,1000,1000
27536,116,random,10,0.6874004777070064,0,23,None,66,1,5,False,1000,1000
27537,117,random,10,0.6883957006369427,0,23,None,66,1,5,False,1000,1000
27538,118,random,10,0.6890923566878981,0,23,None,66,1,5,False,1000,1000
27539,119,random,10,0.6895899681528662,0,23,None,66,1,5,False,1000,1000
27540,115,random,10,0.6860071656050956,0,28,None,66,1,5,False,1000,1000
27541,116,random,10,0.6861066878980892,0,28,None,66,1,5,False,1000,1000
27542,117,random,10,0.6867038216560509,0,28,None,66,1,5,False,1000,1000
27543,118,random,10,0.6873009554140127,0,28,None,66,1,5,False,1000,1000
27544,119,random,10,0.6879976114649682,0,28,None,66,1,5,False,1000,1000
27545,115,random,10,0.690187101910828,0,27,None,66,1,5,False,1000,1000
27546,116,random,10,0.6909832802547771,0,27,None,66,1,5,False,1000,1000
27547,117,random,10,0.692078025477707,0,27,None,66,1,5,False,1000,1000
27548,118,random,10,0.6925756369426752,0,27,None,66,1,5,False,1000,1000
27549,119,random,10,0.6930732484076433,0,27,None,66,1,5,False,1000,1000
27550,115,random,10,0.6792396496815286,0,29,None,66,1,5,False,1000,1000
27551,116,random,10,0.679140127388535,0,29,None,66,1,5,False,1000,1000
27552,117,random,10,0.6800358280254777,0,29,None,66,1,5,False,1000,1000
27553,118,random,10,0.6815286624203821,0,29,None,66,1,5,False,1000,1000
27554,119,random,10,0.6823248407643312,0,29,None,66,1,5,False,1000,1000
27555,120,random,10,0.5494625796178344,0,1,None,66,1,5,False,1000,1000
27556,121,random,10,0.5578224522292994,0,1,None,66,1,5,False,1000,1000
27557,122,random,10,0.5630971337579618,0,1,None,66,1,5,False,1000,1000
27558,123,random,10,0.5695660828025477,0,1,None,66,1,5,False,1000,1000
27559,124,random,10,0.5748407643312102,0,1,None,66,1,5,False,1000,1000
27560,120,random,10,0.6905851910828026,0,23,None,66,1,5,False,1000,1000
27561,121,random,10,0.6913813694267515,0,23,None,66,1,5,False,1000,1000
27562,122,random,10,0.6918789808917197,0,23,None,66,1,5,False,1000,1000
27563,123,random,10,0.6932722929936306,0,23,None,66,1,5,False,1000,1000
27564,124,random,10,0.693968949044586,0,23,None,66,1,5,False,1000,1000
27565,120,random,10,0.6213176751592356,0,19,None,66,1,5,False,1000,1000
27566,121,random,10,0.6216162420382165,0,19,None,66,1,5,False,1000,1000
27567,122,random,10,0.6225119426751592,0,19,None,66,1,5,False,1000,1000
27568,123,random,10,0.6233081210191083,0,19,None,66,1,5,False,1000,1000
27569,124,random,10,0.6236066878980892,0,19,None,66,1,5,False,1000,1000
27570,120,random,10,0.6767515923566879,0,8,None,66,1,5,False,1000,1000
27571,121,random,10,0.678343949044586,0,8,None,66,1,5,False,1000,1000
27572,122,random,10,0.6793391719745223,0,8,None,66,1,5,False,1000,1000
27573,123,random,10,0.6801353503184714,0,8,None,66,1,5,False,1000,1000
27574,124,random,10,0.6808320063694268,0,8,None,66,1,5,False,1000,1000
27575,120,random,10,0.6689888535031847,0,22,None,66,1,5,False,1000,1000
27576,121,random,10,0.6700835987261147,0,22,None,66,1,5,False,1000,1000
27577,122,random,10,0.6713773885350318,0,22,None,66,1,5,False,1000,1000
27578,123,random,10,0.6722730891719745,0,22,None,66,1,5,False,1000,1000
27579,124,random,10,0.6735668789808917,0,22,None,66,1,5,False,1000,1000
27580,120,random,10,0.6527667197452229,0,21,None,66,1,5,False,1000,1000
27581,121,random,10,0.6531648089171974,0,21,None,66,1,5,False,1000,1000
27582,122,random,10,0.6544585987261147,0,21,None,66,1,5,False,1000,1000
27583,123,random,10,0.6552547770700637,0,21,None,66,1,5,False,1000,1000
27584,124,random,10,0.6557523885350318,0,21,None,66,1,5,False,1000,1000
27585,120,random,10,0.6762539808917197,0,24,None,66,1,5,False,1000,1000
27586,121,random,10,0.6794386942675159,0,24,None,66,1,5,False,1000,1000
27587,122,random,10,0.6831210191082803,0,24,None,66,1,5,False,1000,1000
27588,123,random,10,0.68640525477707,0,24,None,66,1,5,False,1000,1000
27589,124,random,10,0.6888933121019108,0,24,None,66,1,5,False,1000,1000
27590,120,random,10,0.6376393312101911,0,30,None,66,1,5,False,1000,1000
27591,121,random,10,0.6393312101910829,0,30,None,66,1,5,False,1000,1000
27592,122,random,10,0.640625,0,30,None,66,1,5,False,1000,1000
27593,123,random,10,0.6419187898089171,0,30,None,66,1,5,False,1000,1000
27594,124,random,10,0.6427149681528662,0,30,None,66,1,5,False,1000,1000
27595,120,random,10,0.5601114649681529,0,31,None,66,1,5,False,1000,1000
27596,121,random,10,0.5731488853503185,0,31,None,66,1,5,False,1000,1000
27597,122,random,10,0.5867834394904459,0,31,None,66,1,5,False,1000,1000
27598,123,random,10,0.5966361464968153,0,31,None,66,1,5,False,1000,1000
27599,124,random,10,0.6088773885350318,0,31,None,66,1,5,False,1000,1000
27600,120,random,10,0.6929737261146497,0,27,None,66,1,5,False,1000,1000
27601,121,random,10,0.6932722929936306,0,27,None,66,1,5,False,1000,1000
27602,122,random,10,0.6934713375796179,0,27,None,66,1,5,False,1000,1000
27603,123,random,10,0.6948646496815286,0,27,None,66,1,5,False,1000,1000
27604,124,random,10,0.6953622611464968,0,27,None,66,1,5,False,1000,1000
27605,120,random,10,0.7007364649681529,0,2,None,66,1,5,False,1000,1000
27606,121,random,10,0.701234076433121,0,2,None,66,1,5,False,1000,1000
27607,122,random,10,0.7018312101910829,0,2,None,66,1,5,False,1000,1000
27608,123,random,10,0.7022292993630573,0,2,None,66,1,5,False,1000,1000
27609,124,random,10,0.703125,0,2,None,66,1,5,False,1000,1000
27610,120,random,10,0.6878980891719745,0,5,None,66,1,5,False,1000,1000
27611,121,random,10,0.6898885350318471,0,5,None,66,1,5,False,1000,1000
27612,122,random,10,0.6913813694267515,0,5,None,66,1,5,False,1000,1000
27613,123,random,10,0.6930732484076433,0,5,None,66,1,5,False,1000,1000
27614,124,random,10,0.6954617834394905,0,5,None,66,1,5,False,1000,1000
27615,120,random,10,0.7053144904458599,0,4,None,66,1,5,False,1000,1000
27616,121,random,10,0.7044187898089171,0,4,None,66,1,5,False,1000,1000
27617,122,random,10,0.7041202229299363,0,4,None,66,1,5,False,1000,1000
27618,123,random,10,0.7041202229299363,0,4,None,66,1,5,False,1000,1000
27619,124,random,10,0.7034235668789809,0,4,None,66,1,5,False,1000,1000
27620,120,random,10,0.6450039808917197,0,11,None,66,1,5,False,1000,1000
27621,121,random,10,0.6459992038216561,0,11,None,66,1,5,False,1000,1000
27622,122,random,10,0.6464968152866242,0,11,None,66,1,5,False,1000,1000
27623,123,random,10,0.6472929936305732,0,11,None,66,1,5,False,1000,1000
27624,124,random,10,0.6487858280254777,0,11,None,66,1,5,False,1000,1000
27625,120,random,10,0.6706807324840764,0,10,None,66,1,5,False,1000,1000
27626,121,random,10,0.6725716560509554,0,10,None,66,1,5,False,1000,1000
27627,122,random,10,0.674562101910828,0,10,None,66,1,5,False,1000,1000
27628,123,random,10,0.675656847133758,0,10,None,66,1,5,False,1000,1000
27629,124,random,10,0.6765525477707006,0,10,None,66,1,5,False,1000,1000
27630,120,random,10,0.6676950636942676,0,15,None,66,1,5,False,1000,1000
27631,121,random,10,0.6679936305732485,0,15,None,66,1,5,False,1000,1000
27632,122,random,10,0.669187898089172,0,15,None,66,1,5,False,1000,1000
27633,123,random,10,0.669187898089172,0,15,None,66,1,5,False,1000,1000
27634,124,random,10,0.6689888535031847,0,15,None,66,1,5,False,1000,1000
27635,120,random,10,0.6899880573248408,0,17,None,66,1,5,False,1000,1000
27636,121,random,10,0.6911823248407644,0,17,None,66,1,5,False,1000,1000
27637,122,random,10,0.6910828025477707,0,17,None,66,1,5,False,1000,1000
27638,123,random,10,0.6921775477707006,0,17,None,66,1,5,False,1000,1000
27639,124,random,10,0.6928742038216561,0,17,None,66,1,5,False,1000,1000
27640,120,random,10,0.7093949044585988,0,18,None,66,1,5,False,1000,1000
27641,121,random,10,0.7097929936305732,0,18,None,66,1,5,False,1000,1000
27642,122,random,10,0.7101910828025477,0,18,None,66,1,5,False,1000,1000
27643,123,random,10,0.7107882165605095,0,18,None,66,1,5,False,1000,1000
27644,124,random,10,0.7108877388535032,0,18,None,66,1,5,False,1000,1000
27645,120,random,10,0.6736664012738853,0,20,None,66,1,5,False,1000,1000
27646,121,random,10,0.6735668789808917,0,20,None,66,1,5,False,1000,1000
27647,122,random,10,0.6746616242038217,0,20,None,66,1,5,False,1000,1000
27648,123,random,10,0.6751592356687898,0,20,None,66,1,5,False,1000,1000
27649,124,random,10,0.6758558917197452,0,20,None,66,1,5,False,1000,1000
27650,120,random,10,0.6941679936305732,0,28,None,66,1,5,False,1000,1000
27651,121,random,10,0.6945660828025477,0,28,None,66,1,5,False,1000,1000
27652,122,random,10,0.6946656050955414,0,28,None,66,1,5,False,1000,1000
27653,123,random,10,0.6955613057324841,0,28,None,66,1,5,False,1000,1000
27654,124,random,10,0.695859872611465,0,28,None,66,1,5,False,1000,1000
27655,120,random,10,0.6738654458598726,0,9,None,66,1,5,False,1000,1000
27656,121,random,10,0.6750597133757962,0,9,None,66,1,5,False,1000,1000
27657,122,random,10,0.676453025477707,0,9,None,66,1,5,False,1000,1000
27658,123,random,10,0.6776472929936306,0,9,None,66,1,5,False,1000,1000
27659,124,random,10,0.6784434713375797,0,9,None,66,1,5,False,1000,1000
27660,120,random,10,0.6898885350318471,0,14,None,66,1,5,False,1000,1000
27661,121,random,10,0.6907842356687898,0,14,None,66,1,5,False,1000,1000
27662,122,random,10,0.691281847133758,0,14,None,66,1,5,False,1000,1000
27663,123,random,10,0.6922770700636943,0,14,None,66,1,5,False,1000,1000
27664,124,random,10,0.6936703821656051,0,14,None,66,1,5,False,1000,1000
27665,120,random,10,0.6998407643312102,0,0,None,66,1,5,False,1000,1000
27666,121,random,10,0.7001393312101911,0,0,None,66,1,5,False,1000,1000
27667,122,random,10,0.700437898089172,0,0,None,66,1,5,False,1000,1000
27668,123,random,10,0.7014331210191083,0,0,None,66,1,5,False,1000,1000
27669,124,random,10,0.7016321656050956,0,0,None,66,1,5,False,1000,1000
27670,120,random,10,0.6855095541401274,0,29,None,66,1,5,False,1000,1000
27671,121,random,10,0.6868033439490446,0,29,None,66,1,5,False,1000,1000
27672,122,random,10,0.6871019108280255,0,29,None,66,1,5,False,1000,1000
27673,123,random,10,0.6873009554140127,0,29,None,66,1,5,False,1000,1000
27674,124,random,10,0.6876990445859873,0,29,None,66,1,5,False,1000,1000
27675,120,random,10,0.6879976114649682,0,7,None,66,1,5,False,1000,1000
27676,121,random,10,0.6903861464968153,0,7,None,66,1,5,False,1000,1000
27677,122,random,10,0.6914808917197452,0,7,None,66,1,5,False,1000,1000
27678,123,random,10,0.6922770700636943,0,7,None,66,1,5,False,1000,1000
27679,124,random,10,0.6933718152866242,0,7,None,66,1,5,False,1000,1000
27680,120,random,10,0.6988455414012739,0,16,None,66,1,5,False,1000,1000
27681,121,random,10,0.6998407643312102,0,16,None,66,1,5,False,1000,1000
27682,122,random,10,0.7010350318471338,0,16,None,66,1,5,False,1000,1000
27683,123,random,10,0.7014331210191083,0,16,None,66,1,5,False,1000,1000
27684,124,random,10,0.7021297770700637,0,16,None,66,1,5,False,1000,1000
27685,120,random,10,0.692078025477707,0,32,None,66,1,5,False,1000,1000
27686,121,random,10,0.6930732484076433,0,32,None,66,1,5,False,1000,1000
27687,122,random,10,0.6942675159235668,0,32,None,66,1,5,False,1000,1000
27688,123,random,10,0.6957603503184714,0,32,None,66,1,5,False,1000,1000
27689,124,random,10,0.6960589171974523,0,32,None,66,1,5,False,1000,1000
27690,120,random,10,0.6930732484076433,0,6,None,66,1,5,False,1000,1000
27691,121,random,10,0.6944665605095541,0,6,None,66,1,5,False,1000,1000
27692,122,random,10,0.6952627388535032,0,6,None,66,1,5,False,1000,1000
27693,123,random,10,0.6956608280254777,0,6,None,66,1,5,False,1000,1000
27694,124,random,10,0.6967555732484076,0,6,None,66,1,5,False,1000,1000
27695,120,random,10,0.6549562101910829,0,12,None,66,1,5,False,1000,1000
27696,121,random,10,0.65515525477707,0,12,None,66,1,5,False,1000,1000
27697,122,random,10,0.6566480891719745,0,12,None,66,1,5,False,1000,1000
27698,123,random,10,0.6588375796178344,0,12,None,66,1,5,False,1000,1000
27699,124,random,10,0.6605294585987261,0,12,None,66,1,5,False,1000,1000
27700,120,random,10,0.7073049363057324,0,3,None,66,1,5,False,1000,1000
27701,121,random,10,0.7093949044585988,0,3,None,66,1,5,False,1000,1000
27702,122,random,10,0.7104896496815286,0,3,None,66,1,5,False,1000,1000
27703,123,random,10,0.7115843949044586,0,3,None,66,1,5,False,1000,1000
27704,124,random,10,0.7119824840764332,0,3,None,66,1,5,False,1000,1000
27705,120,random,10,0.6655055732484076,0,13,None,66,1,5,False,1000,1000
27706,121,random,10,0.6661027070063694,0,13,None,66,1,5,False,1000,1000
27707,122,random,10,0.6683917197452229,0,13,None,66,1,5,False,1000,1000
27708,123,random,10,0.6685907643312102,0,13,None,66,1,5,False,1000,1000
27709,124,random,10,0.6689888535031847,0,13,None,66,1,5,False,1000,1000
27710,120,random,10,0.7066082802547771,0,25,None,66,1,5,False,1000,1000
27711,121,random,10,0.7081011146496815,0,25,None,66,1,5,False,1000,1000
27712,122,random,10,0.7084992038216561,0,25,None,66,1,5,False,1000,1000
27713,123,random,10,0.7108877388535032,0,25,None,66,1,5,False,1000,1000
27714,124,random,10,0.7116839171974523,0,25,None,66,1,5,False,1000,1000
27715,120,random,10,0.65515525477707,0,26,None,66,1,5,False,1000,1000
27716,121,random,10,0.6563495222929936,0,26,None,66,1,5,False,1000,1000
27717,122,random,10,0.6572452229299363,0,26,None,66,1,5,False,1000,1000
27718,123,random,10,0.6580414012738853,0,26,None,66,1,5,False,1000,1000
27719,124,random,10,0.6583399681528662,0,26,None,66,1,5,False,1000,1000
31845,125,random,10,0.7054140127388535,0,2,None,66,1,5,False,1000,1000
31846,126,random,10,0.7061106687898089,0,2,None,66,1,5,False,1000,1000
31847,127,random,10,0.705812101910828,0,2,None,66,1,5,False,1000,1000
31848,128,random,10,0.7074044585987261,0,2,None,66,1,5,False,1000,1000
31849,129,random,10,0.7083996815286624,0,2,None,66,1,5,False,1000,1000
31850,125,random,10,0.6945660828025477,0,5,None,66,1,5,False,1000,1000
31851,126,random,10,0.6964570063694268,0,5,None,66,1,5,False,1000,1000
31852,127,random,10,0.6978503184713376,0,5,None,66,1,5,False,1000,1000
31853,128,random,10,0.6989450636942676,0,5,None,66,1,5,False,1000,1000
31854,129,random,10,0.7008359872611465,0,5,None,66,1,5,False,1000,1000
31855,125,random,10,0.669187898089172,0,13,None,66,1,5,False,1000,1000
31856,126,random,10,0.6697850318471338,0,13,None,66,1,5,False,1000,1000
31857,127,random,10,0.6698845541401274,0,13,None,66,1,5,False,1000,1000
31858,128,random,10,0.6715764331210191,0,13,None,66,1,5,False,1000,1000
31859,129,random,10,0.6722730891719745,0,13,None,66,1,5,False,1000,1000
31860,125,random,10,0.7034235668789809,0,16,None,66,1,5,False,1000,1000
31861,126,random,10,0.7054140127388535,0,16,None,66,1,5,False,1000,1000
31862,127,random,10,0.7061106687898089,0,16,None,66,1,5,False,1000,1000
31863,128,random,10,0.7060111464968153,0,16,None,66,1,5,False,1000,1000
31864,129,random,10,0.706906847133758,0,16,None,66,1,5,False,1000,1000
31865,125,random,10,0.6816281847133758,0,8,None,66,1,5,False,1000,1000
31866,126,random,10,0.682921974522293,0,8,None,66,1,5,False,1000,1000
31867,127,random,10,0.6834195859872612,0,8,None,66,1,5,False,1000,1000
31868,128,random,10,0.6840167197452229,0,8,None,66,1,5,False,1000,1000
31869,129,random,10,0.684812898089172,0,8,None,66,1,5,False,1000,1000
31870,125,random,10,0.677547770700637,0,20,None,66,1,5,False,1000,1000
31871,126,random,10,0.678343949044586,0,20,None,66,1,5,False,1000,1000
31872,127,random,10,0.6790406050955414,0,20,None,66,1,5,False,1000,1000
31873,128,random,10,0.6803343949044586,0,20,None,66,1,5,False,1000,1000
31874,129,random,10,0.6806329617834395,0,20,None,66,1,5,False,1000,1000
31875,125,random,10,0.623109076433121,0,19,None,66,1,5,False,1000,1000
31876,126,random,10,0.6242038216560509,0,19,None,66,1,5,False,1000,1000
31877,127,random,10,0.625,0,19,None,66,1,5,False,1000,1000
31878,128,random,10,0.6259952229299363,0,19,None,66,1,5,False,1000,1000
31879,129,random,10,0.6273885350318471,0,19,None,66,1,5,False,1000,1000
31880,125,random,10,0.6748606687898089,0,22,None,66,1,5,False,1000,1000
31881,126,random,10,0.6761544585987261,0,22,None,66,1,5,False,1000,1000
31882,127,random,10,0.6770501592356688,0,22,None,66,1,5,False,1000,1000
31883,128,random,10,0.677547770700637,0,22,None,66,1,5,False,1000,1000
31884,129,random,10,0.6786425159235668,0,22,None,66,1,5,False,1000,1000
31885,125,random,10,0.6960589171974523,0,23,None,66,1,5,False,1000,1000
31886,126,random,10,0.6970541401273885,0,23,None,66,1,5,False,1000,1000
31887,127,random,10,0.6979498407643312,0,23,None,66,1,5,False,1000,1000
31888,128,random,10,0.698546974522293,0,23,None,66,1,5,False,1000,1000
31889,129,random,10,0.6988455414012739,0,23,None,66,1,5,False,1000,1000
31890,125,random,10,0.6960589171974523,0,17,None,66,1,5,False,1000,1000
31891,126,random,10,0.696656050955414,0,17,None,66,1,5,False,1000,1000
31892,127,random,10,0.6977507961783439,0,17,None,66,1,5,False,1000,1000
31893,128,random,10,0.6987460191082803,0,17,None,66,1,5,False,1000,1000
31894,129,random,10,0.7001393312101911,0,17,None,66,1,5,False,1000,1000
31895,125,random,10,0.6585390127388535,0,21,None,66,1,5,False,1000,1000
31896,126,random,10,0.6586385350318471,0,21,None,66,1,5,False,1000,1000
31897,127,random,10,0.6594347133757962,0,21,None,66,1,5,False,1000,1000
31898,128,random,10,0.6595342356687898,0,21,None,66,1,5,False,1000,1000
31899,129,random,10,0.6603304140127388,0,21,None,66,1,5,False,1000,1000
31900,125,random,10,0.6582404458598726,0,26,None,66,1,5,False,1000,1000
31901,126,random,10,0.6582404458598726,0,26,None,66,1,5,False,1000,1000
31902,127,random,10,0.6588375796178344,0,26,None,66,1,5,False,1000,1000
31903,128,random,10,0.6596337579617835,0,26,None,66,1,5,False,1000,1000
31904,129,random,10,0.6606289808917197,0,26,None,66,1,5,False,1000,1000
31905,125,random,10,0.6620222929936306,0,12,None,66,1,5,False,1000,1000
31906,126,random,10,0.6633160828025477,0,12,None,66,1,5,False,1000,1000
31907,127,random,10,0.6651074840764332,0,12,None,66,1,5,False,1000,1000
31908,128,random,10,0.6665007961783439,0,12,None,66,1,5,False,1000,1000
31909,129,random,10,0.6681926751592356,0,12,None,66,1,5,False,1000,1000
31910,125,random,10,0.6999402866242038,0,28,None,66,1,5,False,1000,1000
31911,126,random,10,0.6995421974522293,0,28,None,66,1,5,False,1000,1000
31912,127,random,10,0.700437898089172,0,28,None,66,1,5,False,1000,1000
31913,128,random,10,0.7007364649681529,0,28,None,66,1,5,False,1000,1000
31914,129,random,10,0.7013335987261147,0,28,None,66,1,5,False,1000,1000
31915,125,random,10,0.6961584394904459,0,6,None,66,1,5,False,1000,1000
31916,126,random,10,0.6973527070063694,0,6,None,66,1,5,False,1000,1000
31917,127,random,10,0.6994426751592356,0,6,None,66,1,5,False,1000,1000
31918,128,random,10,0.7009355095541401,0,6,None,66,1,5,False,1000,1000
31919,129,random,10,0.7011345541401274,0,6,None,66,1,5,False,1000,1000
31920,125,random,10,0.7115843949044586,0,18,None,66,1,5,False,1000,1000
31921,126,random,10,0.7118829617834395,0,18,None,66,1,5,False,1000,1000
31922,127,random,10,0.7125796178343949,0,18,None,66,1,5,False,1000,1000
31923,128,random,10,0.7133757961783439,0,18,None,66,1,5,False,1000,1000
31924,129,random,10,0.7144705414012739,0,18,None,66,1,5,False,1000,1000
31925,125,random,10,0.5577229299363057,0,1,None,66,1,5,False,1000,1000
31926,126,random,10,0.5658837579617835,0,1,None,66,1,5,False,1000,1000
31927,127,random,10,0.5733479299363057,0,1,None,66,1,5,False,1000,1000
31928,128,random,10,0.5804140127388535,0,1,None,66,1,5,False,1000,1000
31929,129,random,10,0.5865843949044586,0,1,None,66,1,5,False,1000,1000
31930,125,random,10,0.6926751592356688,0,7,None,66,1,5,False,1000,1000
31931,126,random,10,0.6946656050955414,0,7,None,66,1,5,False,1000,1000
31932,127,random,10,0.6962579617834395,0,7,None,66,1,5,False,1000,1000
31933,128,random,10,0.6968550955414012,0,7,None,66,1,5,False,1000,1000
31934,129,random,10,0.6979498407643312,0,7,None,66,1,5,False,1000,1000
31935,125,random,10,0.6984474522292994,0,32,None,66,1,5,False,1000,1000
31936,126,random,10,0.6991441082802548,0,32,None,66,1,5,False,1000,1000
31937,127,random,10,0.6996417197452229,0,32,None,66,1,5,False,1000,1000
31938,128,random,10,0.7000398089171974,0,32,None,66,1,5,False,1000,1000
31939,129,random,10,0.7009355095541401,0,32,None,66,1,5,False,1000,1000
31940,125,random,10,0.6766520700636943,0,10,None,66,1,5,False,1000,1000
31941,126,random,10,0.6776472929936306,0,10,None,66,1,5,False,1000,1000
31942,127,random,10,0.6785429936305732,0,10,None,66,1,5,False,1000,1000
31943,128,random,10,0.6805334394904459,0,10,None,66,1,5,False,1000,1000
31944,129,random,10,0.6820262738853503,0,10,None,66,1,5,False,1000,1000
31945,125,random,10,0.7094944267515924,0,4,None,66,1,5,False,1000,1000
31946,126,random,10,0.7091958598726115,0,4,None,66,1,5,False,1000,1000
31947,127,random,10,0.707703025477707,0,4,None,66,1,5,False,1000,1000
31948,128,random,10,0.7076035031847133,0,4,None,66,1,5,False,1000,1000
31949,129,random,10,0.7078025477707006,0,4,None,66,1,5,False,1000,1000
31950,125,random,10,0.648984872611465,0,11,None,66,1,5,False,1000,1000
31951,126,random,10,0.6507762738853503,0,11,None,66,1,5,False,1000,1000
31952,127,random,10,0.6508757961783439,0,11,None,66,1,5,False,1000,1000
31953,128,random,10,0.6512738853503185,0,11,None,66,1,5,False,1000,1000
31954,129,random,10,0.6527667197452229,0,11,None,66,1,5,False,1000,1000
31955,125,random,10,0.6727707006369427,0,15,None,66,1,5,False,1000,1000
31956,126,random,10,0.6723726114649682,0,15,None,66,1,5,False,1000,1000
31957,127,random,10,0.6727707006369427,0,15,None,66,1,5,False,1000,1000
31958,128,random,10,0.6730692675159236,0,15,None,66,1,5,False,1000,1000
31959,129,random,10,0.6732683121019108,0,15,None,66,1,5,False,1000,1000
31960,125,random,10,0.6964570063694268,0,14,None,66,1,5,False,1000,1000
31961,126,random,10,0.6955613057324841,0,14,None,66,1,5,False,1000,1000
31962,127,random,10,0.6973527070063694,0,14,None,66,1,5,False,1000,1000
31963,128,random,10,0.6976512738853503,0,14,None,66,1,5,False,1000,1000
31964,129,random,10,0.6976512738853503,0,14,None,66,1,5,False,1000,1000
31965,125,random,10,0.7107882165605095,0,25,None,66,1,5,False,1000,1000
31966,126,random,10,0.7128781847133758,0,25,None,66,1,5,False,1000,1000
31967,127,random,10,0.7138734076433121,0,25,None,66,1,5,False,1000,1000
31968,128,random,10,0.7158638535031847,0,25,None,66,1,5,False,1000,1000
31969,129,random,10,0.7171576433121019,0,25,None,66,1,5,False,1000,1000
31970,125,random,10,0.7126791401273885,0,3,None,66,1,5,False,1000,1000
31971,126,random,10,0.7139729299363057,0,3,None,66,1,5,False,1000,1000
31972,127,random,10,0.714968152866242,0,3,None,66,1,5,False,1000,1000
31973,128,random,10,0.7159633757961783,0,3,None,66,1,5,False,1000,1000
31974,129,random,10,0.7163614649681529,0,3,None,66,1,5,False,1000,1000
31975,125,random,10,0.6778463375796179,0,24,None,66,1,5,False,1000,1000
31976,126,random,10,0.6813296178343949,0,24,None,66,1,5,False,1000,1000
31977,127,random,10,0.6854100318471338,0,24,None,66,1,5,False,1000,1000
31978,128,random,10,0.6879976114649682,0,24,None,66,1,5,False,1000,1000
31979,129,random,10,0.6911823248407644,0,24,None,66,1,5,False,1000,1000
31980,125,random,10,0.6968550955414012,0,27,None,66,1,5,False,1000,1000
31981,126,random,10,0.6975517515923567,0,27,None,66,1,5,False,1000,1000
31982,127,random,10,0.6975517515923567,0,27,None,66,1,5,False,1000,1000
31983,128,random,10,0.6979498407643312,0,27,None,66,1,5,False,1000,1000
31984,129,random,10,0.6978503184713376,0,27,None,66,1,5,False,1000,1000
31985,125,random,10,0.6423168789808917,0,30,None,66,1,5,False,1000,1000
31986,126,random,10,0.6441082802547771,0,30,None,66,1,5,False,1000,1000
31987,127,random,10,0.6457006369426752,0,30,None,66,1,5,False,1000,1000
31988,128,random,10,0.6464968152866242,0,30,None,66,1,5,False,1000,1000
31989,129,random,10,0.647890127388535,0,30,None,66,1,5,False,1000,1000
31990,125,random,10,0.6039012738853503,0,31,None,66,1,5,False,1000,1000
31991,126,random,10,0.6142515923566879,0,31,None,66,1,5,False,1000,1000
31992,127,random,10,0.6214171974522293,0,31,None,66,1,5,False,1000,1000
31993,128,random,10,0.6329617834394905,0,31,None,66,1,5,False,1000,1000
31994,129,random,10,0.6393312101910829,0,31,None,66,1,5,False,1000,1000
31995,125,random,10,0.6782444267515924,0,9,None,66,1,5,False,1000,1000
31996,126,random,10,0.6797372611464968,0,9,None,66,1,5,False,1000,1000
31997,127,random,10,0.6808320063694268,0,9,None,66,1,5,False,1000,1000
31998,128,random,10,0.6833200636942676,0,9,None,66,1,5,False,1000,1000
31999,129,random,10,0.6844148089171974,0,9,None,66,1,5,False,1000,1000
32000,125,random,10,0.6935708598726115,0,29,None,66,1,5,False,1000,1000
32001,126,random,10,0.6935708598726115,0,29,None,66,1,5,False,1000,1000
32002,127,random,10,0.6938694267515924,0,29,None,66,1,5,False,1000,1000
32003,128,random,10,0.6934713375796179,0,29,None,66,1,5,False,1000,1000
32004,129,random,10,0.6924761146496815,0,29,None,66,1,5,False,1000,1000
32005,125,random,10,0.7029259554140127,0,0,None,66,1,5,False,1000,1000
32006,126,random,10,0.7035230891719745,0,0,None,66,1,5,False,1000,1000
32007,127,random,10,0.7037221337579618,0,0,None,66,1,5,False,1000,1000
32008,128,random,10,0.7033240445859873,0,0,None,66,1,5,False,1000,1000
32009,129,random,10,0.7034235668789809,0,0,None,66,1,5,False,1000,1000
32010,130,random,10,0.6384355095541401,0,30,None,66,1,5,False,1000,1000
32011,131,random,10,0.6411226114649682,0,30,None,66,1,5,False,1000,1000
32012,132,random,10,0.6435111464968153,0,30,None,66,1,5,False,1000,1000
32013,133,random,10,0.6460987261146497,0,30,None,66,1,5,False,1000,1000
32014,134,random,10,0.6468949044585988,0,30,None,66,1,5,False,1000,1000
32015,130,random,10,0.5668789808917197,0,31,None,66,1,5,False,1000,1000
32016,131,random,10,0.5892714968152867,0,31,None,66,1,5,False,1000,1000
32017,132,random,10,0.6058917197452229,0,31,None,66,1,5,False,1000,1000
32018,133,random,10,0.6192277070063694,0,31,None,66,1,5,False,1000,1000
32019,134,random,10,0.6296775477707006,0,31,None,66,1,5,False,1000,1000
32020,130,random,10,0.6577428343949044,0,26,None,66,1,5,False,1000,1000
32021,131,random,10,0.6585390127388535,0,26,None,66,1,5,False,1000,1000
32022,132,random,10,0.6591361464968153,0,26,None,66,1,5,False,1000,1000
32023,133,random,10,0.6598328025477707,0,26,None,66,1,5,False,1000,1000
32024,134,random,10,0.6604299363057324,0,26,None,66,1,5,False,1000,1000
32025,130,random,10,0.7032245222929936,0,27,None,66,1,5,False,1000,1000
32026,131,random,10,0.7032245222929936,0,27,None,66,1,5,False,1000,1000
32027,132,random,10,0.7029259554140127,0,27,None,66,1,5,False,1000,1000
32028,133,random,10,0.7037221337579618,0,27,None,66,1,5,False,1000,1000
32029,134,random,10,0.7044187898089171,0,27,None,66,1,5,False,1000,1000
32030,130,random,10,0.6814291401273885,0,15,None,66,1,5,False,1000,1000
32031,131,random,10,0.6825238853503185,0,15,None,66,1,5,False,1000,1000
32032,132,random,10,0.6827229299363057,0,15,None,66,1,5,False,1000,1000
32033,133,random,10,0.6825238853503185,0,15,None,66,1,5,False,1000,1000
32034,134,random,10,0.6820262738853503,0,15,None,66,1,5,False,1000,1000
32035,130,random,10,0.6998407643312102,0,7,None,66,1,5,False,1000,1000
32036,131,random,10,0.7010350318471338,0,7,None,66,1,5,False,1000,1000
32037,132,random,10,0.70203025477707,0,7,None,66,1,5,False,1000,1000
32038,133,random,10,0.7028264331210191,0,7,None,66,1,5,False,1000,1000
32039,134,random,10,0.7034235668789809,0,7,None,66,1,5,False,1000,1000
32040,130,random,10,0.6980493630573248,0,14,None,66,1,5,False,1000,1000
32041,131,random,10,0.6983479299363057,0,14,None,66,1,5,False,1000,1000
32042,132,random,10,0.7010350318471338,0,14,None,66,1,5,False,1000,1000
32043,133,random,10,0.7027269108280255,0,14,None,66,1,5,False,1000,1000
32044,134,random,10,0.7036226114649682,0,14,None,66,1,5,False,1000,1000
32045,130,random,10,0.7128781847133758,0,25,None,66,1,5,False,1000,1000
32046,131,random,10,0.7148686305732485,0,25,None,66,1,5,False,1000,1000
32047,132,random,10,0.7167595541401274,0,25,None,66,1,5,False,1000,1000
32048,133,random,10,0.7189490445859873,0,25,None,66,1,5,False,1000,1000
32049,134,random,10,0.7199442675159236,0,25,None,66,1,5,False,1000,1000
32050,130,random,10,0.522890127388535,0,1,None,66,1,5,False,1000,1000
32051,131,random,10,0.5454816878980892,0,1,None,66,1,5,False,1000,1000
32052,132,random,10,0.5583200636942676,0,1,None,66,1,5,False,1000,1000
32053,133,random,10,0.5669785031847133,0,1,None,66,1,5,False,1000,1000
32054,134,random,10,0.5745421974522293,0,1,None,66,1,5,False,1000,1000
32055,130,random,10,0.681031050955414,0,20,None,66,1,5,False,1000,1000
32056,131,random,10,0.6817277070063694,0,20,None,66,1,5,False,1000,1000
32057,132,random,10,0.6825238853503185,0,20,None,66,1,5,False,1000,1000
32058,133,random,10,0.6831210191082803,0,20,None,66,1,5,False,1000,1000
32059,134,random,10,0.6840167197452229,0,20,None,66,1,5,False,1000,1000
32060,130,random,10,0.6777468152866242,0,10,None,66,1,5,False,1000,1000
32061,131,random,10,0.6788415605095541,0,10,None,66,1,5,False,1000,1000
32062,132,random,10,0.6812300955414012,0,10,None,66,1,5,False,1000,1000
32063,133,random,10,0.6840167197452229,0,10,None,66,1,5,False,1000,1000
32064,134,random,10,0.6858081210191083,0,10,None,66,1,5,False,1000,1000
32065,130,random,10,0.676453025477707,0,22,None,66,1,5,False,1000,1000
32066,131,random,10,0.6773487261146497,0,22,None,66,1,5,False,1000,1000
32067,132,random,10,0.6788415605095541,0,22,None,66,1,5,False,1000,1000
32068,133,random,10,0.6806329617834395,0,22,None,66,1,5,False,1000,1000
32069,134,random,10,0.6816281847133758,0,22,None,66,1,5,False,1000,1000
32070,130,random,10,0.6969546178343949,0,32,None,66,1,5,False,1000,1000
32071,131,random,10,0.6978503184713376,0,32,None,66,1,5,False,1000,1000
32072,132,random,10,0.6989450636942676,0,32,None,66,1,5,False,1000,1000
32073,133,random,10,0.6997412420382165,0,32,None,66,1,5,False,1000,1000
32074,134,random,10,0.7008359872611465,0,32,None,66,1,5,False,1000,1000
32075,130,random,10,0.6995421974522293,0,5,None,66,1,5,False,1000,1000
32076,131,random,10,0.7022292993630573,0,5,None,66,1,5,False,1000,1000
32077,132,random,10,0.7038216560509554,0,5,None,66,1,5,False,1000,1000
32078,133,random,10,0.7057125796178344,0,5,None,66,1,5,False,1000,1000
32079,134,random,10,0.7063097133757962,0,5,None,66,1,5,False,1000,1000
32080,130,random,10,0.6986464968152867,0,6,None,66,1,5,False,1000,1000
32081,131,random,10,0.7008359872611465,0,6,None,66,1,5,False,1000,1000
32082,132,random,10,0.7026273885350318,0,6,None,66,1,5,False,1000,1000
32083,133,random,10,0.7039211783439491,0,6,None,66,1,5,False,1000,1000
32084,134,random,10,0.7039211783439491,0,6,None,66,1,5,False,1000,1000
32085,130,random,10,0.6845143312101911,0,8,None,66,1,5,False,1000,1000
32086,131,random,10,0.685609076433121,0,8,None,66,1,5,False,1000,1000
32087,132,random,10,0.6865047770700637,0,8,None,66,1,5,False,1000,1000
32088,133,random,10,0.6869028662420382,0,8,None,66,1,5,False,1000,1000
32089,134,random,10,0.6875995222929936,0,8,None,66,1,5,False,1000,1000
32090,130,random,10,0.7075039808917197,0,16,None,66,1,5,False,1000,1000
32091,131,random,10,0.7081011146496815,0,16,None,66,1,5,False,1000,1000
32092,132,random,10,0.7090963375796179,0,16,None,66,1,5,False,1000,1000
32093,133,random,10,0.7108877388535032,0,16,None,66,1,5,False,1000,1000
32094,134,random,10,0.7113853503184714,0,16,None,66,1,5,False,1000,1000
32095,130,random,10,0.7156648089171974,0,18,None,66,1,5,False,1000,1000
32096,131,random,10,0.7155652866242038,0,18,None,66,1,5,False,1000,1000
32097,132,random,10,0.7164609872611465,0,18,None,66,1,5,False,1000,1000
32098,133,random,10,0.7166600318471338,0,18,None,66,1,5,False,1000,1000
32099,134,random,10,0.7179538216560509,0,18,None,66,1,5,False,1000,1000
32100,130,random,10,0.6721735668789809,0,13,None,66,1,5,False,1000,1000
32101,131,random,10,0.6731687898089171,0,13,None,66,1,5,False,1000,1000
32102,132,random,10,0.6740644904458599,0,13,None,66,1,5,False,1000,1000
32103,133,random,10,0.6752587579617835,0,13,None,66,1,5,False,1000,1000
32104,134,random,10,0.6758558917197452,0,13,None,66,1,5,False,1000,1000
32105,130,random,10,0.6689888535031847,0,12,None,66,1,5,False,1000,1000
32106,131,random,10,0.6705812101910829,0,12,None,66,1,5,False,1000,1000
32107,132,random,10,0.67078025477707,0,12,None,66,1,5,False,1000,1000
32108,133,random,10,0.6715764331210191,0,12,None,66,1,5,False,1000,1000
32109,134,random,10,0.6731687898089171,0,12,None,66,1,5,False,1000,1000
32110,130,random,10,0.6991441082802548,0,23,None,66,1,5,False,1000,1000
32111,131,random,10,0.6995421974522293,0,23,None,66,1,5,False,1000,1000
32112,132,random,10,0.7003383757961783,0,23,None,66,1,5,False,1000,1000
32113,133,random,10,0.7011345541401274,0,23,None,66,1,5,False,1000,1000
32114,134,random,10,0.7019307324840764,0,23,None,66,1,5,False,1000,1000
32115,130,random,10,0.710390127388535,0,4,None,66,1,5,False,1000,1000
32116,131,random,10,0.7094944267515924,0,4,None,66,1,5,False,1000,1000
32117,132,random,10,0.7092953821656051,0,4,None,66,1,5,False,1000,1000
32118,133,random,10,0.7089968152866242,0,4,None,66,1,5,False,1000,1000
32119,134,random,10,0.7088972929936306,0,4,None,66,1,5,False,1000,1000
32120,130,random,10,0.6247014331210191,0,19,None,66,1,5,False,1000,1000
32121,131,random,10,0.6261942675159236,0,19,None,66,1,5,False,1000,1000
32122,132,random,10,0.6271894904458599,0,19,None,66,1,5,False,1000,1000
32123,133,random,10,0.6279856687898089,0,19,None,66,1,5,False,1000,1000
32124,134,random,10,0.6293789808917197,0,19,None,66,1,5,False,1000,1000
32125,130,random,10,0.6633160828025477,0,21,None,66,1,5,False,1000,1000
32126,131,random,10,0.6634156050955414,0,21,None,66,1,5,False,1000,1000
32127,132,random,10,0.6636146496815286,0,21,None,66,1,5,False,1000,1000
32128,133,random,10,0.6644108280254777,0,21,None,66,1,5,False,1000,1000
32129,134,random,10,0.6650079617834395,0,21,None,66,1,5,False,1000,1000
32130,130,random,10,0.7055135350318471,0,28,None,66,1,5,False,1000,1000
32131,131,random,10,0.7053144904458599,0,28,None,66,1,5,False,1000,1000
32132,132,random,10,0.7057125796178344,0,28,None,66,1,5,False,1000,1000
32133,133,random,10,0.7056130573248408,0,28,None,66,1,5,False,1000,1000
32134,134,random,10,0.7056130573248408,0,28,None,66,1,5,False,1000,1000
32135,130,random,10,0.6534633757961783,0,11,None,66,1,5,False,1000,1000
32136,131,random,10,0.654359076433121,0,11,None,66,1,5,False,1000,1000
32137,132,random,10,0.6547571656050956,0,11,None,66,1,5,False,1000,1000
32138,133,random,10,0.6550557324840764,0,11,None,66,1,5,False,1000,1000
32139,134,random,10,0.6561504777070064,0,11,None,66,1,5,False,1000,1000
32140,130,random,10,0.7008359872611465,0,17,None,66,1,5,False,1000,1000
32141,131,random,10,0.7013335987261147,0,17,None,66,1,5,False,1000,1000
32142,132,random,10,0.7021297770700637,0,17,None,66,1,5,False,1000,1000
32143,133,random,10,0.7033240445859873,0,17,None,66,1,5,False,1000,1000
32144,134,random,10,0.7041202229299363,0,17,None,66,1,5,False,1000,1000
32145,130,random,10,0.6907842356687898,0,24,None,66,1,5,False,1000,1000
32146,131,random,10,0.694765127388535,0,24,None,66,1,5,False,1000,1000
32147,132,random,10,0.6970541401273885,0,24,None,66,1,5,False,1000,1000
32148,133,random,10,0.6986464968152867,0,24,None,66,1,5,False,1000,1000
32149,134,random,10,0.7005374203821656,0,24,None,66,1,5,False,1000,1000
32150,130,random,10,0.7117834394904459,0,2,None,66,1,5,False,1000,1000
32151,131,random,10,0.7133757961783439,0,2,None,66,1,5,False,1000,1000
32152,132,random,10,0.7142714968152867,0,2,None,66,1,5,False,1000,1000
32153,133,random,10,0.7143710191082803,0,2,None,66,1,5,False,1000,1000
32154,134,random,10,0.7148686305732485,0,2,None,66,1,5,False,1000,1000
32155,130,random,10,0.7172571656050956,0,3,None,66,1,5,False,1000,1000
32156,131,random,10,0.7174562101910829,0,3,None,66,1,5,False,1000,1000
32157,132,random,10,0.7194466560509554,0,3,None,66,1,5,False,1000,1000
32158,133,random,10,0.7202428343949044,0,3,None,66,1,5,False,1000,1000
32159,134,random,10,0.7203423566878981,0,3,None,66,1,5,False,1000,1000
32160,130,random,10,0.6774482484076433,0,9,None,66,1,5,False,1000,1000
32161,131,random,10,0.6796377388535032,0,9,None,66,1,5,False,1000,1000
32162,132,random,10,0.681827229299363,0,9,None,66,1,5,False,1000,1000
32163,133,random,10,0.6849124203821656,0,9,None,66,1,5,False,1000,1000
32164,134,random,10,0.6855095541401274,0,9,None,66,1,5,False,1000,1000
32165,130,random,10,0.6952627388535032,0,29,None,66,1,5,False,1000,1000
32166,131,random,10,0.6969546178343949,0,29,None,66,1,5,False,1000,1000
32167,132,random,10,0.6967555732484076,0,29,None,66,1,5,False,1000,1000
32168,133,random,10,0.6970541401273885,0,29,None,66,1,5,False,1000,1000
32169,134,random,10,0.6967555732484076,0,29,None,66,1,5,False,1000,1000
32170,130,random,10,0.7044187898089171,0,0,None,66,1,5,False,1000,1000
32171,131,random,10,0.7057125796178344,0,0,None,66,1,5,False,1000,1000
32172,132,random,10,0.7068073248407644,0,0,None,66,1,5,False,1000,1000
32173,133,random,10,0.706906847133758,0,0,None,66,1,5,False,1000,1000
32174,134,random,10,0.7071058917197452,0,0,None,66,1,5,False,1000,1000
36630,135,random,10,0.7162619426751592,0,2,None,66,1,5,False,1000,1000
36631,136,random,10,0.7170581210191083,0,2,None,66,1,5,False,1000,1000
36632,137,random,10,0.7177547770700637,0,2,None,66,1,5,False,1000,1000
36633,138,random,10,0.7185509554140127,0,2,None,66,1,5,False,1000,1000
36634,139,random,10,0.7188495222929936,0,2,None,66,1,5,False,1000,1000
36635,135,random,10,0.7055135350318471,0,5,None,66,1,5,False,1000,1000
36636,136,random,10,0.7074044585987261,0,5,None,66,1,5,False,1000,1000
36637,137,random,10,0.7083996815286624,0,5,None,66,1,5,False,1000,1000
36638,138,random,10,0.7097929936305732,0,5,None,66,1,5,False,1000,1000
36639,139,random,10,0.7108877388535032,0,5,None,66,1,5,False,1000,1000
36640,135,random,10,0.6881966560509554,0,15,None,66,1,5,False,1000,1000
36641,136,random,10,0.6892914012738853,0,15,None,66,1,5,False,1000,1000
36642,137,random,10,0.6886942675159236,0,15,None,66,1,5,False,1000,1000
36643,138,random,10,0.6882961783439491,0,15,None,66,1,5,False,1000,1000
36644,139,random,10,0.689390923566879,0,15,None,66,1,5,False,1000,1000
36645,135,random,10,0.6831210191082803,0,10,None,66,1,5,False,1000,1000
36646,136,random,10,0.6845143312101911,0,10,None,66,1,5,False,1000,1000
36647,137,random,10,0.6867038216560509,0,10,None,66,1,5,False,1000,1000
36648,138,random,10,0.6881966560509554,0,10,None,66,1,5,False,1000,1000
36649,139,random,10,0.6903861464968153,0,10,None,66,1,5,False,1000,1000
36650,135,random,10,0.7128781847133758,0,16,None,66,1,5,False,1000,1000
36651,136,random,10,0.7128781847133758,0,16,None,66,1,5,False,1000,1000
36652,137,random,10,0.713077229299363,0,16,None,66,1,5,False,1000,1000
36653,138,random,10,0.7135748407643312,0,16,None,66,1,5,False,1000,1000
36654,139,random,10,0.714968152866242,0,16,None,66,1,5,False,1000,1000
36655,135,random,10,0.6548566878980892,0,11,None,66,1,5,False,1000,1000
36656,136,random,10,0.6547571656050956,0,11,None,66,1,5,False,1000,1000
36657,137,random,10,0.6556528662420382,0,11,None,66,1,5,False,1000,1000
36658,138,random,10,0.6572452229299363,0,11,None,66,1,5,False,1000,1000
36659,139,random,10,0.65734474522293,0,11,None,66,1,5,False,1000,1000
36660,135,random,10,0.68640525477707,0,8,None,66,1,5,False,1000,1000
36661,136,random,10,0.6883957006369427,0,8,None,66,1,5,False,1000,1000
36662,137,random,10,0.6897890127388535,0,8,None,66,1,5,False,1000,1000
36663,138,random,10,0.6906847133757962,0,8,None,66,1,5,False,1000,1000
36664,139,random,10,0.691281847133758,0,8,None,66,1,5,False,1000,1000
36665,135,random,10,0.6843152866242038,0,20,None,66,1,5,False,1000,1000
36666,136,random,10,0.6853105095541401,0,20,None,66,1,5,False,1000,1000
36667,137,random,10,0.6865047770700637,0,20,None,66,1,5,False,1000,1000
36668,138,random,10,0.6876990445859873,0,20,None,66,1,5,False,1000,1000
36669,139,random,10,0.6884952229299363,0,20,None,66,1,5,False,1000,1000
36670,135,random,10,0.7045183121019108,0,14,None,66,1,5,False,1000,1000
36671,136,random,10,0.7055135350318471,0,14,None,66,1,5,False,1000,1000
36672,137,random,10,0.7060111464968153,0,14,None,66,1,5,False,1000,1000
36673,138,random,10,0.7083001592356688,0,14,None,66,1,5,False,1000,1000
36674,139,random,10,0.7091958598726115,0,14,None,66,1,5,False,1000,1000
36675,135,random,10,0.678343949044586,0,22,None,66,1,5,False,1000,1000
36676,136,random,10,0.6806329617834395,0,22,None,66,1,5,False,1000,1000
36677,137,random,10,0.6823248407643312,0,22,None,66,1,5,False,1000,1000
36678,138,random,10,0.6833200636942676,0,22,None,66,1,5,False,1000,1000
36679,139,random,10,0.6849124203821656,0,22,None,66,1,5,False,1000,1000
36680,135,random,10,0.7021297770700637,0,23,None,66,1,5,False,1000,1000
36681,136,random,10,0.7027269108280255,0,23,None,66,1,5,False,1000,1000
36682,137,random,10,0.7032245222929936,0,23,None,66,1,5,False,1000,1000
36683,138,random,10,0.7044187898089171,0,23,None,66,1,5,False,1000,1000
36684,139,random,10,0.7049164012738853,0,23,None,66,1,5,False,1000,1000
36685,135,random,10,0.7047173566878981,0,17,None,66,1,5,False,1000,1000
36686,136,random,10,0.7055135350318471,0,17,None,66,1,5,False,1000,1000
36687,137,random,10,0.7066082802547771,0,17,None,66,1,5,False,1000,1000
36688,138,random,10,0.7071058917197452,0,17,None,66,1,5,False,1000,1000
36689,139,random,10,0.7071058917197452,0,17,None,66,1,5,False,1000,1000
36690,135,random,10,0.716859076433121,0,25,None,66,1,5,False,1000,1000
36691,136,random,10,0.7193471337579618,0,25,None,66,1,5,False,1000,1000
36692,137,random,10,0.7210390127388535,0,25,None,66,1,5,False,1000,1000
36693,138,random,10,0.7224323248407644,0,25,None,66,1,5,False,1000,1000
36694,139,random,10,0.7237261146496815,0,25,None,66,1,5,False,1000,1000
36695,135,random,10,0.6592356687898089,0,26,None,66,1,5,False,1000,1000
36696,136,random,10,0.6592356687898089,0,26,None,66,1,5,False,1000,1000
36697,137,random,10,0.6606289808917197,0,26,None,66,1,5,False,1000,1000
36698,138,random,10,0.6612261146496815,0,26,None,66,1,5,False,1000,1000
36699,139,random,10,0.6620222929936306,0,26,None,66,1,5,False,1000,1000
36700,135,random,10,0.7083001592356688,0,28,None,66,1,5,False,1000,1000
36701,136,random,10,0.7084992038216561,0,28,None,66,1,5,False,1000,1000
36702,137,random,10,0.7082006369426752,0,28,None,66,1,5,False,1000,1000
36703,138,random,10,0.709593949044586,0,28,None,66,1,5,False,1000,1000
36704,139,random,10,0.7094944267515924,0,28,None,66,1,5,False,1000,1000
36705,135,random,10,0.720640923566879,0,3,None,66,1,5,False,1000,1000
36706,136,random,10,0.7223328025477707,0,3,None,66,1,5,False,1000,1000
36707,137,random,10,0.7232285031847133,0,3,None,66,1,5,False,1000,1000
36708,138,random,10,0.7238256369426752,0,3,None,66,1,5,False,1000,1000
36709,139,random,10,0.7249203821656051,0,3,None,66,1,5,False,1000,1000
36710,135,random,10,0.6994426751592356,0,29,None,66,1,5,False,1000,1000
36711,136,random,10,0.7014331210191083,0,29,None,66,1,5,False,1000,1000
36712,137,random,10,0.7011345541401274,0,29,None,66,1,5,False,1000,1000
36713,138,random,10,0.6999402866242038,0,29,None,66,1,5,False,1000,1000
36714,139,random,10,0.6996417197452229,0,29,None,66,1,5,False,1000,1000
36715,135,random,10,0.6803343949044586,0,9,None,66,1,5,False,1000,1000
36716,136,random,10,0.6835191082802548,0,9,None,66,1,5,False,1000,1000
36717,137,random,10,0.6850119426751592,0,9,None,66,1,5,False,1000,1000
36718,138,random,10,0.6881966560509554,0,9,None,66,1,5,False,1000,1000
36719,139,random,10,0.6895899681528662,0,9,None,66,1,5,False,1000,1000
36720,135,random,10,0.6416202229299363,0,30,None,66,1,5,False,1000,1000
36721,136,random,10,0.6436106687898089,0,30,None,66,1,5,False,1000,1000
36722,137,random,10,0.6464968152866242,0,30,None,66,1,5,False,1000,1000
36723,138,random,10,0.6484872611464968,0,30,None,66,1,5,False,1000,1000
36724,139,random,10,0.6499800955414012,0,30,None,66,1,5,False,1000,1000
36725,135,random,10,0.7024283439490446,0,6,None,66,1,5,False,1000,1000
36726,136,random,10,0.7046178343949044,0,6,None,66,1,5,False,1000,1000
36727,137,random,10,0.7052149681528662,0,6,None,66,1,5,False,1000,1000
36728,138,random,10,0.7065087579617835,0,6,None,66,1,5,False,1000,1000
36729,139,random,10,0.7080015923566879,0,6,None,66,1,5,False,1000,1000
36730,135,random,10,0.7039211783439491,0,7,None,66,1,5,False,1000,1000
36731,136,random,10,0.70421974522293,0,7,None,66,1,5,False,1000,1000
36732,137,random,10,0.7048168789808917,0,7,None,66,1,5,False,1000,1000
36733,138,random,10,0.7061106687898089,0,7,None,66,1,5,False,1000,1000
36734,139,random,10,0.7066082802547771,0,7,None,66,1,5,False,1000,1000
36735,135,random,10,0.6988455414012739,0,32,None,66,1,5,False,1000,1000
36736,136,random,10,0.6996417197452229,0,32,None,66,1,5,False,1000,1000
36737,137,random,10,0.7019307324840764,0,32,None,66,1,5,False,1000,1000
36738,138,random,10,0.7035230891719745,0,32,None,66,1,5,False,1000,1000
36739,139,random,10,0.7037221337579618,0,32,None,66,1,5,False,1000,1000
36740,135,random,10,0.7129777070063694,0,4,None,66,1,5,False,1000,1000
36741,136,random,10,0.7123805732484076,0,4,None,66,1,5,False,1000,1000
36742,137,random,10,0.7120820063694268,0,4,None,66,1,5,False,1000,1000
36743,138,random,10,0.7111863057324841,0,4,None,66,1,5,False,1000,1000
36744,139,random,10,0.711484872611465,0,4,None,66,1,5,False,1000,1000
36745,135,random,10,0.5244824840764332,0,1,None,66,1,5,False,1000,1000
36746,136,random,10,0.5484673566878981,0,1,None,66,1,5,False,1000,1000
36747,137,random,10,0.5611066878980892,0,1,None,66,1,5,False,1000,1000
36748,138,random,10,0.5693670382165605,0,1,None,66,1,5,False,1000,1000
36749,139,random,10,0.5780254777070064,0,1,None,66,1,5,False,1000,1000
36750,135,random,10,0.6765525477707006,0,13,None,66,1,5,False,1000,1000
36751,136,random,10,0.6766520700636943,0,13,None,66,1,5,False,1000,1000
36752,137,random,10,0.6771496815286624,0,13,None,66,1,5,False,1000,1000
36753,138,random,10,0.6787420382165605,0,13,None,66,1,5,False,1000,1000
36754,139,random,10,0.6790406050955414,0,13,None,66,1,5,False,1000,1000
36755,135,random,10,0.6732683121019108,0,12,None,66,1,5,False,1000,1000
36756,136,random,10,0.6747611464968153,0,12,None,66,1,5,False,1000,1000
36757,137,random,10,0.6770501592356688,0,12,None,66,1,5,False,1000,1000
36758,138,random,10,0.6781449044585988,0,12,None,66,1,5,False,1000,1000
36759,139,random,10,0.6787420382165605,0,12,None,66,1,5,False,1000,1000
36760,135,random,10,0.6288813694267515,0,19,None,66,1,5,False,1000,1000
36761,136,random,10,0.6304737261146497,0,19,None,66,1,5,False,1000,1000
36762,137,random,10,0.6308718152866242,0,19,None,66,1,5,False,1000,1000
36763,138,random,10,0.6315684713375797,0,19,None,66,1,5,False,1000,1000
36764,139,random,10,0.6319665605095541,0,19,None,66,1,5,False,1000,1000
36765,135,random,10,0.7089968152866242,0,0,None,66,1,5,False,1000,1000
36766,136,random,10,0.7100915605095541,0,0,None,66,1,5,False,1000,1000
36767,137,random,10,0.7097929936305732,0,0,None,66,1,5,False,1000,1000
36768,138,random,10,0.7093949044585988,0,0,None,66,1,5,False,1000,1000
36769,139,random,10,0.7094944267515924,0,0,None,66,1,5,False,1000,1000
36770,135,random,10,0.6694864649681529,0,21,None,66,1,5,False,1000,1000
36771,136,random,10,0.6688893312101911,0,21,None,66,1,5,False,1000,1000
36772,137,random,10,0.6688893312101911,0,21,None,66,1,5,False,1000,1000
36773,138,random,10,0.6688893312101911,0,21,None,66,1,5,False,1000,1000
36774,139,random,10,0.6695859872611465,0,21,None,66,1,5,False,1000,1000
36775,135,random,10,0.6999402866242038,0,24,None,66,1,5,False,1000,1000
36776,136,random,10,0.7023288216560509,0,24,None,66,1,5,False,1000,1000
36777,137,random,10,0.7024283439490446,0,24,None,66,1,5,False,1000,1000
36778,138,random,10,0.7046178343949044,0,24,None,66,1,5,False,1000,1000
36779,139,random,10,0.705812101910828,0,24,None,66,1,5,False,1000,1000
36780,140,random,10,0.6602308917197452,0,26,None,66,1,5,False,1000,1000
36781,141,random,10,0.6618232484076433,0,26,None,66,1,5,False,1000,1000
36782,142,random,10,0.6634156050955414,0,26,None,66,1,5,False,1000,1000
36783,143,random,10,0.6643113057324841,0,26,None,66,1,5,False,1000,1000
36784,144,random,10,0.6655055732484076,0,26,None,66,1,5,False,1000,1000
36785,135,random,10,0.7189490445859873,0,18,None,66,1,5,False,1000,1000
36786,136,random,10,0.7197452229299363,0,18,None,66,1,5,False,1000,1000
36787,137,random,10,0.7204418789808917,0,18,None,66,1,5,False,1000,1000
36788,138,random,10,0.7215366242038217,0,18,None,66,1,5,False,1000,1000
36789,139,random,10,0.7219347133757962,0,18,None,66,1,5,False,1000,1000
36790,135,random,10,0.7089968152866242,0,27,None,66,1,5,False,1000,1000
36791,136,random,10,0.7086982484076433,0,27,None,66,1,5,False,1000,1000
36792,137,random,10,0.7075039808917197,0,27,None,66,1,5,False,1000,1000
36793,138,random,10,0.7082006369426752,0,27,None,66,1,5,False,1000,1000
36794,139,random,10,0.7089968152866242,0,27,None,66,1,5,False,1000,1000
36795,135,random,10,0.5545382165605095,0,31,None,66,1,5,False,1000,1000
36796,136,random,10,0.5832006369426752,0,31,None,66,1,5,False,1000,1000
36797,137,random,10,0.6034036624203821,0,31,None,66,1,5,False,1000,1000
36798,138,random,10,0.6187300955414012,0,31,None,66,1,5,False,1000,1000
36799,139,random,10,0.6312699044585988,0,31,None,66,1,5,False,1000,1000
36800,140,random,10,0.7029259554140127,0,32,None,66,1,5,False,1000,1000
36801,141,random,10,0.7047173566878981,0,32,None,66,1,5,False,1000,1000
36802,142,random,10,0.7060111464968153,0,32,None,66,1,5,False,1000,1000
36803,143,random,10,0.706906847133758,0,32,None,66,1,5,False,1000,1000
36804,144,random,10,0.7078025477707006,0,32,None,66,1,5,False,1000,1000
36805,140,random,10,0.6887937898089171,0,22,None,66,1,5,False,1000,1000
36806,141,random,10,0.6898885350318471,0,22,None,66,1,5,False,1000,1000
36807,142,random,10,0.6898885350318471,0,22,None,66,1,5,False,1000,1000
36808,143,random,10,0.6906847133757962,0,22,None,66,1,5,False,1000,1000
36809,144,random,10,0.6909832802547771,0,22,None,66,1,5,False,1000,1000
36810,140,random,10,0.7128781847133758,0,14,None,66,1,5,False,1000,1000
36811,141,random,10,0.7135748407643312,0,14,None,66,1,5,False,1000,1000
36812,142,random,10,0.7143710191082803,0,14,None,66,1,5,False,1000,1000
36813,143,random,10,0.7137738853503185,0,14,None,66,1,5,False,1000,1000
36814,144,random,10,0.7147691082802548,0,14,None,66,1,5,False,1000,1000
36815,140,random,10,0.7219347133757962,0,25,None,66,1,5,False,1000,1000
36816,141,random,10,0.7229299363057324,0,25,None,66,1,5,False,1000,1000
36817,142,random,10,0.7249203821656051,0,25,None,66,1,5,False,1000,1000
36818,143,random,10,0.7267117834394905,0,25,None,66,1,5,False,1000,1000
36819,144,random,10,0.7286027070063694,0,25,None,66,1,5,False,1000,1000
36820,140,random,10,0.7151671974522293,0,16,None,66,1,5,False,1000,1000
36821,141,random,10,0.7152667197452229,0,16,None,66,1,5,False,1000,1000
36822,142,random,10,0.7159633757961783,0,16,None,66,1,5,False,1000,1000
36823,143,random,10,0.7163614649681529,0,16,None,66,1,5,False,1000,1000
36824,144,random,10,0.7169585987261147,0,16,None,66,1,5,False,1000,1000
36825,140,random,10,0.7067078025477707,0,7,None,66,1,5,False,1000,1000
36826,141,random,10,0.7078025477707006,0,7,None,66,1,5,False,1000,1000
36827,142,random,10,0.7079020700636943,0,7,None,66,1,5,False,1000,1000
36828,143,random,10,0.7086982484076433,0,7,None,66,1,5,False,1000,1000
36829,144,random,10,0.7097929936305732,0,7,None,66,1,5,False,1000,1000
36830,140,random,10,0.6926751592356688,0,10,None,66,1,5,False,1000,1000
36831,141,random,10,0.6937699044585988,0,10,None,66,1,5,False,1000,1000
36832,142,random,10,0.6945660828025477,0,10,None,66,1,5,False,1000,1000
36833,143,random,10,0.6960589171974523,0,10,None,66,1,5,False,1000,1000
36834,144,random,10,0.696656050955414,0,10,None,66,1,5,False,1000,1000
36835,140,random,10,0.6915804140127388,0,15,None,66,1,5,False,1000,1000
36836,141,random,10,0.6916799363057324,0,15,None,66,1,5,False,1000,1000
36837,142,random,10,0.6928742038216561,0,15,None,66,1,5,False,1000,1000
36838,143,random,10,0.6923765923566879,0,15,None,66,1,5,False,1000,1000
36839,144,random,10,0.6930732484076433,0,15,None,66,1,5,False,1000,1000
36840,140,random,10,0.6787420382165605,0,12,None,66,1,5,False,1000,1000
36841,141,random,10,0.6799363057324841,0,12,None,66,1,5,False,1000,1000
36842,142,random,10,0.6807324840764332,0,12,None,66,1,5,False,1000,1000
36843,143,random,10,0.6813296178343949,0,12,None,66,1,5,False,1000,1000
36844,144,random,10,0.6819267515923567,0,12,None,66,1,5,False,1000,1000
36845,140,random,10,0.6890923566878981,0,20,None,66,1,5,False,1000,1000
36846,141,random,10,0.6904856687898089,0,20,None,66,1,5,False,1000,1000
36847,142,random,10,0.6908837579617835,0,20,None,66,1,5,False,1000,1000
36848,143,random,10,0.6915804140127388,0,20,None,66,1,5,False,1000,1000
36849,144,random,10,0.6925756369426752,0,20,None,66,1,5,False,1000,1000
36850,140,random,10,0.6330613057324841,0,19,None,66,1,5,False,1000,1000
36851,141,random,10,0.6336584394904459,0,19,None,66,1,5,False,1000,1000
36852,142,random,10,0.6344546178343949,0,19,None,66,1,5,False,1000,1000
36853,143,random,10,0.634952229299363,0,19,None,66,1,5,False,1000,1000
36854,144,random,10,0.6357484076433121,0,19,None,66,1,5,False,1000,1000
36855,140,random,10,0.7191480891719745,0,18,None,66,1,5,False,1000,1000
36856,141,random,10,0.7211385350318471,0,18,None,66,1,5,False,1000,1000
36857,142,random,10,0.7222332802547771,0,18,None,66,1,5,False,1000,1000
36858,143,random,10,0.7227308917197452,0,18,None,66,1,5,False,1000,1000
36859,144,random,10,0.7242237261146497,0,18,None,66,1,5,False,1000,1000
36860,140,random,10,0.6405254777070064,0,31,None,66,1,5,False,1000,1000
36861,141,random,10,0.6514729299363057,0,31,None,66,1,5,False,1000,1000
36862,142,random,10,0.6584394904458599,0,31,None,66,1,5,False,1000,1000
36863,143,random,10,0.6641122611464968,0,31,None,66,1,5,False,1000,1000
36864,144,random,10,0.67078025477707,0,31,None,66,1,5,False,1000,1000
36865,140,random,10,0.7188495222929936,0,2,None,66,1,5,False,1000,1000
36866,141,random,10,0.7193471337579618,0,2,None,66,1,5,False,1000,1000
36867,142,random,10,0.7204418789808917,0,2,None,66,1,5,False,1000,1000
36868,143,random,10,0.7210390127388535,0,2,None,66,1,5,False,1000,1000
36869,144,random,10,0.7217356687898089,0,2,None,66,1,5,False,1000,1000
36870,140,random,10,0.7099920382165605,0,5,None,66,1,5,False,1000,1000
36871,141,random,10,0.7121815286624203,0,5,None,66,1,5,False,1000,1000
36872,142,random,10,0.7137738853503185,0,5,None,66,1,5,False,1000,1000
36873,143,random,10,0.7154657643312102,0,5,None,66,1,5,False,1000,1000
36874,144,random,10,0.7165605095541401,0,5,None,66,1,5,False,1000,1000
36875,140,random,10,0.7143710191082803,0,4,None,66,1,5,False,1000,1000
36876,141,random,10,0.7138734076433121,0,4,None,66,1,5,False,1000,1000
36877,142,random,10,0.7143710191082803,0,4,None,66,1,5,False,1000,1000
36878,143,random,10,0.7136743630573248,0,4,None,66,1,5,False,1000,1000
36879,144,random,10,0.7134753184713376,0,4,None,66,1,5,False,1000,1000
36880,140,random,10,0.6917794585987261,0,8,None,66,1,5,False,1000,1000
36881,141,random,10,0.6927746815286624,0,8,None,66,1,5,False,1000,1000
36882,142,random,10,0.6945660828025477,0,8,None,66,1,5,False,1000,1000
36883,143,random,10,0.6953622611464968,0,8,None,66,1,5,False,1000,1000
36884,144,random,10,0.696656050955414,0,8,None,66,1,5,False,1000,1000
36885,140,random,10,0.6860071656050956,0,9,None,66,1,5,False,1000,1000
36886,141,random,10,0.6884952229299363,0,9,None,66,1,5,False,1000,1000
36887,142,random,10,0.6906847133757962,0,9,None,66,1,5,False,1000,1000
36888,143,random,10,0.6918789808917197,0,9,None,66,1,5,False,1000,1000
36889,144,random,10,0.6929737261146497,0,9,None,66,1,5,False,1000,1000
36890,140,random,10,0.6800358280254777,0,13,None,66,1,5,False,1000,1000
36891,141,random,10,0.6801353503184714,0,13,None,66,1,5,False,1000,1000
36892,142,random,10,0.6806329617834395,0,13,None,66,1,5,False,1000,1000
36893,143,random,10,0.6813296178343949,0,13,None,66,1,5,False,1000,1000
36894,144,random,10,0.6827229299363057,0,13,None,66,1,5,False,1000,1000
36895,140,random,10,0.6773487261146497,0,21,None,66,1,5,False,1000,1000
36896,141,random,10,0.6772492038216561,0,21,None,66,1,5,False,1000,1000
36897,142,random,10,0.6769506369426752,0,21,None,66,1,5,False,1000,1000
36898,143,random,10,0.6766520700636943,0,21,None,66,1,5,False,1000,1000
36899,144,random,10,0.6754578025477707,0,21,None,66,1,5,False,1000,1000
36900,140,random,10,0.7066082802547771,0,23,None,66,1,5,False,1000,1000
36901,141,random,10,0.7074044585987261,0,23,None,66,1,5,False,1000,1000
36902,142,random,10,0.7076035031847133,0,23,None,66,1,5,False,1000,1000
36903,143,random,10,0.7081011146496815,0,23,None,66,1,5,False,1000,1000
36904,144,random,10,0.7082006369426752,0,23,None,66,1,5,False,1000,1000
36905,140,random,10,0.7096934713375797,0,28,None,66,1,5,False,1000,1000
36906,141,random,10,0.7098925159235668,0,28,None,66,1,5,False,1000,1000
36907,142,random,10,0.7108877388535032,0,28,None,66,1,5,False,1000,1000
36908,143,random,10,0.7110867834394905,0,28,None,66,1,5,False,1000,1000
36909,144,random,10,0.7119824840764332,0,28,None,66,1,5,False,1000,1000
36910,140,random,10,0.7013335987261147,0,29,None,66,1,5,False,1000,1000
36911,141,random,10,0.7003383757961783,0,29,None,66,1,5,False,1000,1000
36912,142,random,10,0.6999402866242038,0,29,None,66,1,5,False,1000,1000
36913,143,random,10,0.6994426751592356,0,29,None,66,1,5,False,1000,1000
36914,144,random,10,0.6998407643312102,0,29,None,66,1,5,False,1000,1000
36915,140,random,10,0.5571257961783439,0,1,None,66,1,5,False,1000,1000
36916,141,random,10,0.5680732484076433,0,1,None,66,1,5,False,1000,1000
36917,142,random,10,0.5802149681528662,0,1,None,66,1,5,False,1000,1000
36918,143,random,10,0.5882762738853503,0,1,None,66,1,5,False,1000,1000
36919,144,random,10,0.5959394904458599,0,1,None,66,1,5,False,1000,1000
36920,140,random,10,0.7094944267515924,0,0,None,66,1,5,False,1000,1000
36921,141,random,10,0.7101910828025477,0,0,None,66,1,5,False,1000,1000
36922,142,random,10,0.7100915605095541,0,0,None,66,1,5,False,1000,1000
36923,143,random,10,0.7110867834394905,0,0,None,66,1,5,False,1000,1000
36924,144,random,10,0.711484872611465,0,0,None,66,1,5,False,1000,1000
36925,140,random,10,0.709593949044586,0,27,None,66,1,5,False,1000,1000
36926,141,random,10,0.7099920382165605,0,27,None,66,1,5,False,1000,1000
36927,142,random,10,0.710390127388535,0,27,None,66,1,5,False,1000,1000
36928,143,random,10,0.7109872611464968,0,27,None,66,1,5,False,1000,1000
36929,144,random,10,0.7116839171974523,0,27,None,66,1,5,False,1000,1000
36930,140,random,10,0.7074044585987261,0,6,None,66,1,5,False,1000,1000
36931,141,random,10,0.7093949044585988,0,6,None,66,1,5,False,1000,1000
36932,142,random,10,0.7104896496815286,0,6,None,66,1,5,False,1000,1000
36933,143,random,10,0.7111863057324841,0,6,None,66,1,5,False,1000,1000
36934,144,random,10,0.7106886942675159,0,6,None,66,1,5,False,1000,1000
36935,140,random,10,0.6475915605095541,0,30,None,66,1,5,False,1000,1000
36936,141,random,10,0.6492834394904459,0,30,None,66,1,5,False,1000,1000
36937,142,random,10,0.6511743630573248,0,30,None,66,1,5,False,1000,1000
36938,143,random,10,0.6527667197452229,0,30,None,66,1,5,False,1000,1000
36939,144,random,10,0.653562898089172,0,30,None,66,1,5,False,1000,1000
36940,140,random,10,0.6585390127388535,0,11,None,66,1,5,False,1000,1000
36941,141,random,10,0.6593351910828026,0,11,None,66,1,5,False,1000,1000
36942,142,random,10,0.6597332802547771,0,11,None,66,1,5,False,1000,1000
36943,143,random,10,0.6607285031847133,0,11,None,66,1,5,False,1000,1000
36944,144,random,10,0.6611265923566879,0,11,None,66,1,5,False,1000,1000
36945,140,random,10,0.7074044585987261,0,17,None,66,1,5,False,1000,1000
36946,141,random,10,0.7081011146496815,0,17,None,66,1,5,False,1000,1000
36947,142,random,10,0.7094944267515924,0,17,None,66,1,5,False,1000,1000
36948,143,random,10,0.7101910828025477,0,17,None,66,1,5,False,1000,1000
36949,144,random,10,0.7111863057324841,0,17,None,66,1,5,False,1000,1000
36950,140,random,10,0.7230294585987261,0,3,None,66,1,5,False,1000,1000
36951,141,random,10,0.7245222929936306,0,3,None,66,1,5,False,1000,1000
36952,142,random,10,0.7258160828025477,0,3,None,66,1,5,False,1000,1000
36953,143,random,10,0.7269108280254777,0,3,None,66,1,5,False,1000,1000
36954,144,random,10,0.7283041401273885,0,3,None,66,1,5,False,1000,1000
36955,140,random,10,0.695859872611465,0,24,None,66,1,5,False,1000,1000
36956,141,random,10,0.7005374203821656,0,24,None,66,1,5,False,1000,1000
36957,142,random,10,0.7037221337579618,0,24,None,66,1,5,False,1000,1000
36958,143,random,10,0.7052149681528662,0,24,None,66,1,5,False,1000,1000
36959,144,random,10,0.7072054140127388,0,24,None,66,1,5,False,1000,1000
41745,145,random,10,0.5669785031847133,0,1,None,66,1,5,False,1000,1000
41746,146,random,10,0.5788216560509554,0,1,None,66,1,5,False,1000,1000
41747,147,random,10,0.5902667197452229,0,1,None,66,1,5,False,1000,1000
41748,148,random,10,0.598328025477707,0,1,None,66,1,5,False,1000,1000
41749,149,random,10,0.6046974522292994,0,1,None,66,1,5,False,1000,1000
41750,145,random,10,0.714171974522293,0,5,None,66,1,5,False,1000,1000
41751,146,random,10,0.7169585987261147,0,5,None,66,1,5,False,1000,1000
41752,147,random,10,0.7174562101910829,0,5,None,66,1,5,False,1000,1000
41753,148,random,10,0.7185509554140127,0,5,None,66,1,5,False,1000,1000
41754,149,random,10,0.7195461783439491,0,5,None,66,1,5,False,1000,1000
41755,145,random,10,0.6853105095541401,0,13,None,66,1,5,False,1000,1000
41756,146,random,10,0.6846138535031847,0,13,None,66,1,5,False,1000,1000
41757,147,random,10,0.6858081210191083,0,13,None,66,1,5,False,1000,1000
41758,148,random,10,0.6863057324840764,0,13,None,66,1,5,False,1000,1000
41759,149,random,10,0.6861066878980892,0,13,None,66,1,5,False,1000,1000
41760,145,random,10,0.6621218152866242,0,11,None,66,1,5,False,1000,1000
41761,146,random,10,0.6629179936305732,0,11,None,66,1,5,False,1000,1000
41762,147,random,10,0.6641122611464968,0,11,None,66,1,5,False,1000,1000
41763,148,random,10,0.6652070063694268,0,11,None,66,1,5,False,1000,1000
41764,149,random,10,0.6659036624203821,0,11,None,66,1,5,False,1000,1000
41765,145,random,10,0.6942675159235668,0,8,None,66,1,5,False,1000,1000
41766,146,random,10,0.6964570063694268,0,8,None,66,1,5,False,1000,1000
41767,147,random,10,0.6986464968152867,0,8,None,66,1,5,False,1000,1000
41768,148,random,10,0.7007364649681529,0,8,None,66,1,5,False,1000,1000
41769,149,random,10,0.7016321656050956,0,8,None,66,1,5,False,1000,1000
41770,145,random,10,0.6934713375796179,0,20,None,66,1,5,False,1000,1000
41771,146,random,10,0.693968949044586,0,20,None,66,1,5,False,1000,1000
41772,147,random,10,0.6950636942675159,0,20,None,66,1,5,False,1000,1000
41773,148,random,10,0.6959593949044586,0,20,None,66,1,5,False,1000,1000
41774,149,random,10,0.6968550955414012,0,20,None,66,1,5,False,1000,1000
41775,145,random,10,0.6399283439490446,0,19,None,66,1,5,False,1000,1000
41776,146,random,10,0.6404259554140127,0,19,None,66,1,5,False,1000,1000
41777,147,random,10,0.6403264331210191,0,19,None,66,1,5,False,1000,1000
41778,148,random,10,0.6398288216560509,0,19,None,66,1,5,False,1000,1000
41779,149,random,10,0.6408240445859873,0,19,None,66,1,5,False,1000,1000
41780,145,random,10,0.6934713375796179,0,22,None,66,1,5,False,1000,1000
41781,146,random,10,0.6943670382165605,0,22,None,66,1,5,False,1000,1000
41782,147,random,10,0.6940684713375797,0,22,None,66,1,5,False,1000,1000
41783,148,random,10,0.6955613057324841,0,22,None,66,1,5,False,1000,1000
41784,149,random,10,0.6965565286624203,0,22,None,66,1,5,False,1000,1000
41785,145,random,10,0.7169585987261147,0,14,None,66,1,5,False,1000,1000
41786,146,random,10,0.7170581210191083,0,14,None,66,1,5,False,1000,1000
41787,147,random,10,0.7174562101910829,0,14,None,66,1,5,False,1000,1000
41788,148,random,10,0.7171576433121019,0,14,None,66,1,5,False,1000,1000
41789,149,random,10,0.7177547770700637,0,14,None,66,1,5,False,1000,1000
41790,145,random,10,0.7089968152866242,0,23,None,66,1,5,False,1000,1000
41791,146,random,10,0.7092953821656051,0,23,None,66,1,5,False,1000,1000
41792,147,random,10,0.709593949044586,0,23,None,66,1,5,False,1000,1000
41793,148,random,10,0.7110867834394905,0,23,None,66,1,5,False,1000,1000
41794,149,random,10,0.7113853503184714,0,23,None,66,1,5,False,1000,1000
41795,145,random,10,0.7104896496815286,0,17,None,66,1,5,False,1000,1000
41796,146,random,10,0.7120820063694268,0,17,None,66,1,5,False,1000,1000
41797,147,random,10,0.7118829617834395,0,17,None,66,1,5,False,1000,1000
41798,148,random,10,0.7128781847133758,0,17,None,66,1,5,False,1000,1000
41799,149,random,10,0.7138734076433121,0,17,None,66,1,5,False,1000,1000
41800,145,random,10,0.6805334394904459,0,21,None,66,1,5,False,1000,1000
41801,146,random,10,0.6800358280254777,0,21,None,66,1,5,False,1000,1000
41802,147,random,10,0.6804339171974523,0,21,None,66,1,5,False,1000,1000
41803,148,random,10,0.6804339171974523,0,21,None,66,1,5,False,1000,1000
41804,149,random,10,0.680234872611465,0,21,None,66,1,5,False,1000,1000
41805,145,random,10,0.6639132165605095,0,26,None,66,1,5,False,1000,1000
41806,146,random,10,0.6655055732484076,0,26,None,66,1,5,False,1000,1000
41807,147,random,10,0.6668988853503185,0,26,None,66,1,5,False,1000,1000
41808,148,random,10,0.6674960191082803,0,26,None,66,1,5,False,1000,1000
41809,149,random,10,0.6682921974522293,0,26,None,66,1,5,False,1000,1000
41810,145,random,10,0.6982484076433121,0,24,None,66,1,5,False,1000,1000
41811,146,random,10,0.7030254777070064,0,24,None,66,1,5,False,1000,1000
41812,147,random,10,0.7054140127388535,0,24,None,66,1,5,False,1000,1000
41813,148,random,10,0.7081011146496815,0,24,None,66,1,5,False,1000,1000
41814,149,random,10,0.7092953821656051,0,24,None,66,1,5,False,1000,1000
41815,145,random,10,0.7119824840764332,0,28,None,66,1,5,False,1000,1000
41816,146,random,10,0.7127786624203821,0,28,None,66,1,5,False,1000,1000
41817,147,random,10,0.7134753184713376,0,28,None,66,1,5,False,1000,1000
41818,148,random,10,0.714171974522293,0,28,None,66,1,5,False,1000,1000
41819,149,random,10,0.7140724522292994,0,28,None,66,1,5,False,1000,1000
41820,145,random,10,0.7023288216560509,0,29,None,66,1,5,False,1000,1000
41821,146,random,10,0.7017316878980892,0,29,None,66,1,5,False,1000,1000
41822,147,random,10,0.7016321656050956,0,29,None,66,1,5,False,1000,1000
41823,148,random,10,0.7006369426751592,0,29,None,66,1,5,False,1000,1000
41824,149,random,10,0.700437898089172,0,29,None,66,1,5,False,1000,1000
41825,145,random,10,0.6514729299363057,0,30,None,66,1,5,False,1000,1000
41826,146,random,10,0.6526671974522293,0,30,None,66,1,5,False,1000,1000
41827,147,random,10,0.6552547770700637,0,30,None,66,1,5,False,1000,1000
41828,148,random,10,0.6563495222929936,0,30,None,66,1,5,False,1000,1000
41829,149,random,10,0.6570461783439491,0,30,None,66,1,5,False,1000,1000
41830,145,random,10,0.7212380573248408,0,18,None,66,1,5,False,1000,1000
41831,146,random,10,0.7224323248407644,0,18,None,66,1,5,False,1000,1000
41832,147,random,10,0.7249203821656051,0,18,None,66,1,5,False,1000,1000
41833,148,random,10,0.7256170382165605,0,18,None,66,1,5,False,1000,1000
41834,149,random,10,0.7257165605095541,0,18,None,66,1,5,False,1000,1000
41835,145,random,10,0.7148686305732485,0,27,None,66,1,5,False,1000,1000
41836,146,random,10,0.7138734076433121,0,27,None,66,1,5,False,1000,1000
41837,147,random,10,0.7145700636942676,0,27,None,66,1,5,False,1000,1000
41838,148,random,10,0.714968152866242,0,27,None,66,1,5,False,1000,1000
41839,149,random,10,0.7159633757961783,0,27,None,66,1,5,False,1000,1000
41840,145,random,10,0.6747611464968153,0,31,None,66,1,5,False,1000,1000
41841,146,random,10,0.6785429936305732,0,31,None,66,1,5,False,1000,1000
41842,147,random,10,0.6801353503184714,0,31,None,66,1,5,False,1000,1000
41843,148,random,10,0.6841162420382165,0,31,None,66,1,5,False,1000,1000
41844,149,random,10,0.6852109872611465,0,31,None,66,1,5,False,1000,1000
41845,145,random,10,0.7188495222929936,0,4,None,66,1,5,False,1000,1000
41846,146,random,10,0.7180533439490446,0,4,None,66,1,5,False,1000,1000
41847,147,random,10,0.7173566878980892,0,4,None,66,1,5,False,1000,1000
41848,148,random,10,0.7172571656050956,0,4,None,66,1,5,False,1000,1000
41849,149,random,10,0.7174562101910829,0,4,None,66,1,5,False,1000,1000
41850,145,random,10,0.7123805732484076,0,0,None,66,1,5,False,1000,1000
41851,146,random,10,0.7126791401273885,0,0,None,66,1,5,False,1000,1000
41852,147,random,10,0.7133757961783439,0,0,None,66,1,5,False,1000,1000
41853,148,random,10,0.7145700636942676,0,0,None,66,1,5,False,1000,1000
41854,149,random,10,0.7147691082802548,0,0,None,66,1,5,False,1000,1000
41855,145,random,10,0.7228304140127388,0,2,None,66,1,5,False,1000,1000
41856,146,random,10,0.7229299363057324,0,2,None,66,1,5,False,1000,1000
41857,147,random,10,0.7232285031847133,0,2,None,66,1,5,False,1000,1000
41858,148,random,10,0.7238256369426752,0,2,None,66,1,5,False,1000,1000
41859,149,random,10,0.7251194267515924,0,2,None,66,1,5,False,1000,1000
41860,145,random,10,0.7098925159235668,0,7,None,66,1,5,False,1000,1000
41861,146,random,10,0.7099920382165605,0,7,None,66,1,5,False,1000,1000
41862,147,random,10,0.7104896496815286,0,7,None,66,1,5,False,1000,1000
41863,148,random,10,0.7108877388535032,0,7,None,66,1,5,False,1000,1000
41864,149,random,10,0.711484872611465,0,7,None,66,1,5,False,1000,1000
41865,145,random,10,0.7121815286624203,0,6,None,66,1,5,False,1000,1000
41866,146,random,10,0.7132762738853503,0,6,None,66,1,5,False,1000,1000
41867,147,random,10,0.7137738853503185,0,6,None,66,1,5,False,1000,1000
41868,148,random,10,0.7134753184713376,0,6,None,66,1,5,False,1000,1000
41869,149,random,10,0.7138734076433121,0,6,None,66,1,5,False,1000,1000
41870,145,random,10,0.71765525477707,0,16,None,66,1,5,False,1000,1000
41871,146,random,10,0.7181528662420382,0,16,None,66,1,5,False,1000,1000
41872,147,random,10,0.7186504777070064,0,16,None,66,1,5,False,1000,1000
41873,148,random,10,0.7189490445859873,0,16,None,66,1,5,False,1000,1000
41874,149,random,10,0.7196457006369427,0,16,None,66,1,5,False,1000,1000
41875,145,random,10,0.7044187898089171,0,32,None,66,1,5,False,1000,1000
41876,146,random,10,0.7062101910828026,0,32,None,66,1,5,False,1000,1000
41877,147,random,10,0.7078025477707006,0,32,None,66,1,5,False,1000,1000
41878,148,random,10,0.7091958598726115,0,32,None,66,1,5,False,1000,1000
41879,149,random,10,0.709593949044586,0,32,None,66,1,5,False,1000,1000
41880,145,random,10,0.6961584394904459,0,10,None,66,1,5,False,1000,1000
41881,146,random,10,0.697452229299363,0,10,None,66,1,5,False,1000,1000
41882,147,random,10,0.6984474522292994,0,10,None,66,1,5,False,1000,1000
41883,148,random,10,0.6997412420382165,0,10,None,66,1,5,False,1000,1000
41884,149,random,10,0.7010350318471338,0,10,None,66,1,5,False,1000,1000
41885,145,random,10,0.6950636942675159,0,15,None,66,1,5,False,1000,1000
41886,146,random,10,0.696656050955414,0,15,None,66,1,5,False,1000,1000
41887,147,random,10,0.6968550955414012,0,15,None,66,1,5,False,1000,1000
41888,148,random,10,0.6971536624203821,0,15,None,66,1,5,False,1000,1000
41889,149,random,10,0.6984474522292994,0,15,None,66,1,5,False,1000,1000
41890,145,random,10,0.7261146496815286,0,3,None,66,1,5,False,1000,1000
41891,146,random,10,0.7278065286624203,0,3,None,66,1,5,False,1000,1000
41892,147,random,10,0.7293988853503185,0,3,None,66,1,5,False,1000,1000
41893,148,random,10,0.7299960191082803,0,3,None,66,1,5,False,1000,1000
41894,149,random,10,0.7311902866242038,0,3,None,66,1,5,False,1000,1000
41895,145,random,10,0.6895899681528662,0,9,None,66,1,5,False,1000,1000
41896,146,random,10,0.6919785031847133,0,9,None,66,1,5,False,1000,1000
41897,147,random,10,0.6941679936305732,0,9,None,66,1,5,False,1000,1000
41898,148,random,10,0.6962579617834395,0,9,None,66,1,5,False,1000,1000
41899,149,random,10,0.6988455414012739,0,9,None,66,1,5,False,1000,1000
41900,145,random,10,0.6852109872611465,0,12,None,66,1,5,False,1000,1000
41901,146,random,10,0.6849124203821656,0,12,None,66,1,5,False,1000,1000
41902,147,random,10,0.6859076433121019,0,12,None,66,1,5,False,1000,1000
41903,148,random,10,0.6872014331210191,0,12,None,66,1,5,False,1000,1000
41904,149,random,10,0.6878980891719745,0,12,None,66,1,5,False,1000,1000
41905,145,random,10,0.726015127388535,0,25,None,66,1,5,False,1000,1000
41906,146,random,10,0.7276074840764332,0,25,None,66,1,5,False,1000,1000
41907,147,random,10,0.7296974522292994,0,25,None,66,1,5,False,1000,1000
41908,148,random,10,0.7318869426751592,0,25,None,66,1,5,False,1000,1000
41909,149,random,10,0.7331807324840764,0,25,None,66,1,5,False,1000,1000
41910,150,random,10,0.720640923566879,0,16,None,66,1,5,False,1000,1000
41911,151,random,10,0.7210390127388535,0,16,None,66,1,5,False,1000,1000
41912,152,random,10,0.7213375796178344,0,16,None,66,1,5,False,1000,1000
41913,153,random,10,0.7222332802547771,0,16,None,66,1,5,False,1000,1000
41914,154,random,10,0.722531847133758,0,16,None,66,1,5,False,1000,1000
41915,150,random,10,0.7106886942675159,0,32,None,66,1,5,False,1000,1000
41916,151,random,10,0.7115843949044586,0,32,None,66,1,5,False,1000,1000
41917,152,random,10,0.7124800955414012,0,32,None,66,1,5,False,1000,1000
41918,153,random,10,0.713077229299363,0,32,None,66,1,5,False,1000,1000
41919,154,random,10,0.7135748407643312,0,32,None,66,1,5,False,1000,1000
41920,150,random,10,0.6984474522292994,0,24,None,66,1,5,False,1000,1000
41921,151,random,10,0.701234076433121,0,24,None,66,1,5,False,1000,1000
41922,152,random,10,0.7039211783439491,0,24,None,66,1,5,False,1000,1000
41923,153,random,10,0.7073049363057324,0,24,None,66,1,5,False,1000,1000
41924,154,random,10,0.7100915605095541,0,24,None,66,1,5,False,1000,1000
41925,150,random,10,0.5989251592356688,0,1,None,66,1,5,False,1000,1000
41926,151,random,10,0.6059912420382165,0,1,None,66,1,5,False,1000,1000
41927,152,random,10,0.611265923566879,0,1,None,66,1,5,False,1000,1000
41928,153,random,10,0.6159434713375797,0,1,None,66,1,5,False,1000,1000
41929,154,random,10,0.6203224522292994,0,1,None,66,1,5,False,1000,1000
41930,150,random,10,0.6814291401273885,0,21,None,66,1,5,False,1000,1000
41931,151,random,10,0.6817277070063694,0,21,None,66,1,5,False,1000,1000
41932,152,random,10,0.682921974522293,0,21,None,66,1,5,False,1000,1000
41933,153,random,10,0.6838176751592356,0,21,None,66,1,5,False,1000,1000
41934,154,random,10,0.6839171974522293,0,21,None,66,1,5,False,1000,1000
41935,150,random,10,0.7116839171974523,0,23,None,66,1,5,False,1000,1000
41936,151,random,10,0.7126791401273885,0,23,None,66,1,5,False,1000,1000
41937,152,random,10,0.7128781847133758,0,23,None,66,1,5,False,1000,1000
41938,153,random,10,0.7131767515923567,0,23,None,66,1,5,False,1000,1000
41939,154,random,10,0.7128781847133758,0,23,None,66,1,5,False,1000,1000
41940,150,random,10,0.7268113057324841,0,2,None,66,1,5,False,1000,1000
41941,151,random,10,0.7267117834394905,0,2,None,66,1,5,False,1000,1000
41942,152,random,10,0.727109872611465,0,2,None,66,1,5,False,1000,1000
41943,153,random,10,0.7278065286624203,0,2,None,66,1,5,False,1000,1000
41944,154,random,10,0.7275079617834395,0,2,None,66,1,5,False,1000,1000
41945,150,random,10,0.7000398089171974,0,10,None,66,1,5,False,1000,1000
41946,151,random,10,0.7013335987261147,0,10,None,66,1,5,False,1000,1000
41947,152,random,10,0.7030254777070064,0,10,None,66,1,5,False,1000,1000
41948,153,random,10,0.7043192675159236,0,10,None,66,1,5,False,1000,1000
41949,154,random,10,0.7052149681528662,0,10,None,66,1,5,False,1000,1000
41950,150,random,10,0.6641122611464968,0,11,None,66,1,5,False,1000,1000
41951,151,random,10,0.6651074840764332,0,11,None,66,1,5,False,1000,1000
41952,152,random,10,0.6663017515923567,0,11,None,66,1,5,False,1000,1000
41953,153,random,10,0.6667993630573248,0,11,None,66,1,5,False,1000,1000
41954,154,random,10,0.6670979299363057,0,11,None,66,1,5,False,1000,1000
41955,150,random,10,0.6992436305732485,0,15,None,66,1,5,False,1000,1000
41956,151,random,10,0.6994426751592356,0,15,None,66,1,5,False,1000,1000
41957,152,random,10,0.7002388535031847,0,15,None,66,1,5,False,1000,1000
41958,153,random,10,0.7007364649681529,0,15,None,66,1,5,False,1000,1000
41959,154,random,10,0.7011345541401274,0,15,None,66,1,5,False,1000,1000
41960,150,random,10,0.7155652866242038,0,17,None,66,1,5,False,1000,1000
41961,151,random,10,0.7163614649681529,0,17,None,66,1,5,False,1000,1000
41962,152,random,10,0.716859076433121,0,17,None,66,1,5,False,1000,1000
41963,153,random,10,0.7167595541401274,0,17,None,66,1,5,False,1000,1000
41964,154,random,10,0.7170581210191083,0,17,None,66,1,5,False,1000,1000
41965,150,random,10,0.6950636942675159,0,20,None,66,1,5,False,1000,1000
41966,151,random,10,0.6959593949044586,0,20,None,66,1,5,False,1000,1000
41967,152,random,10,0.6968550955414012,0,20,None,66,1,5,False,1000,1000
41968,153,random,10,0.6976512738853503,0,20,None,66,1,5,False,1000,1000
41969,154,random,10,0.6989450636942676,0,20,None,66,1,5,False,1000,1000
41970,150,random,10,0.7181528662420382,0,28,None,66,1,5,False,1000,1000
41971,151,random,10,0.7189490445859873,0,28,None,66,1,5,False,1000,1000
41972,152,random,10,0.7189490445859873,0,28,None,66,1,5,False,1000,1000
41973,153,random,10,0.71875,0,28,None,66,1,5,False,1000,1000
41974,154,random,10,0.7196457006369427,0,28,None,66,1,5,False,1000,1000
41975,150,random,10,0.6945660828025477,0,22,None,66,1,5,False,1000,1000
41976,151,random,10,0.6970541401273885,0,22,None,66,1,5,False,1000,1000
41977,152,random,10,0.6984474522292994,0,22,None,66,1,5,False,1000,1000
41978,153,random,10,0.6994426751592356,0,22,None,66,1,5,False,1000,1000
41979,154,random,10,0.7002388535031847,0,22,None,66,1,5,False,1000,1000
41980,150,random,10,0.7075039808917197,0,29,None,66,1,5,False,1000,1000
41981,151,random,10,0.7076035031847133,0,29,None,66,1,5,False,1000,1000
41982,152,random,10,0.7074044585987261,0,29,None,66,1,5,False,1000,1000
41983,153,random,10,0.7072054140127388,0,29,None,66,1,5,False,1000,1000
41984,154,random,10,0.7078025477707006,0,29,None,66,1,5,False,1000,1000
41985,150,random,10,0.6969546178343949,0,9,None,66,1,5,False,1000,1000
41986,151,random,10,0.6991441082802548,0,9,None,66,1,5,False,1000,1000
41987,152,random,10,0.7005374203821656,0,9,None,66,1,5,False,1000,1000
41988,153,random,10,0.70203025477707,0,9,None,66,1,5,False,1000,1000
41989,154,random,10,0.70421974522293,0,9,None,66,1,5,False,1000,1000
41990,150,random,10,0.7216361464968153,0,5,None,66,1,5,False,1000,1000
41991,151,random,10,0.7228304140127388,0,5,None,66,1,5,False,1000,1000
41992,152,random,10,0.7240246815286624,0,5,None,66,1,5,False,1000,1000
41993,153,random,10,0.7248208598726115,0,5,None,66,1,5,False,1000,1000
41994,154,random,10,0.7254179936305732,0,5,None,66,1,5,False,1000,1000
41995,150,random,10,0.7205414012738853,0,4,None,66,1,5,False,1000,1000
41996,151,random,10,0.7205414012738853,0,4,None,66,1,5,False,1000,1000
41997,152,random,10,0.7200437898089171,0,4,None,66,1,5,False,1000,1000
41998,153,random,10,0.7196457006369427,0,4,None,66,1,5,False,1000,1000
41999,154,random,10,0.7192476114649682,0,4,None,66,1,5,False,1000,1000
42000,150,random,10,0.7140724522292994,0,7,None,66,1,5,False,1000,1000
42001,151,random,10,0.714968152866242,0,7,None,66,1,5,False,1000,1000
42002,152,random,10,0.7152667197452229,0,7,None,66,1,5,False,1000,1000
42003,153,random,10,0.7156648089171974,0,7,None,66,1,5,False,1000,1000
42004,154,random,10,0.716859076433121,0,7,None,66,1,5,False,1000,1000
42005,150,random,10,0.7224323248407644,0,14,None,66,1,5,False,1000,1000
42006,151,random,10,0.7226313694267515,0,14,None,66,1,5,False,1000,1000
42007,152,random,10,0.7228304140127388,0,14,None,66,1,5,False,1000,1000
42008,153,random,10,0.723328025477707,0,14,None,66,1,5,False,1000,1000
42009,154,random,10,0.7230294585987261,0,14,None,66,1,5,False,1000,1000
42010,150,random,10,0.6469944267515924,0,30,None,66,1,5,False,1000,1000
42011,151,random,10,0.6502786624203821,0,30,None,66,1,5,False,1000,1000
42012,152,random,10,0.653562898089172,0,30,None,66,1,5,False,1000,1000
42013,153,random,10,0.6555533439490446,0,30,None,66,1,5,False,1000,1000
42014,154,random,10,0.6579418789808917,0,30,None,66,1,5,False,1000,1000
42015,150,random,10,0.7291003184713376,0,25,None,66,1,5,False,1000,1000
42016,151,random,10,0.7295979299363057,0,25,None,66,1,5,False,1000,1000
42017,152,random,10,0.7311902866242038,0,25,None,66,1,5,False,1000,1000
42018,153,random,10,0.7325835987261147,0,25,None,66,1,5,False,1000,1000
42019,154,random,10,0.7353702229299363,0,25,None,66,1,5,False,1000,1000
42020,150,random,10,0.689390923566879,0,13,None,66,1,5,False,1000,1000
42021,151,random,10,0.689390923566879,0,13,None,66,1,5,False,1000,1000
42022,152,random,10,0.6897890127388535,0,13,None,66,1,5,False,1000,1000
42023,153,random,10,0.6908837579617835,0,13,None,66,1,5,False,1000,1000
42024,154,random,10,0.6914808917197452,0,13,None,66,1,5,False,1000,1000
42025,150,random,10,0.7174562101910829,0,0,None,66,1,5,False,1000,1000
42026,151,random,10,0.71765525477707,0,0,None,66,1,5,False,1000,1000
42027,152,random,10,0.7184514331210191,0,0,None,66,1,5,False,1000,1000
42028,153,random,10,0.7189490445859873,0,0,None,66,1,5,False,1000,1000
42029,154,random,10,0.7192476114649682,0,0,None,66,1,5,False,1000,1000
42030,150,random,10,0.7166600318471338,0,27,None,66,1,5,False,1000,1000
42031,151,random,10,0.7171576433121019,0,27,None,66,1,5,False,1000,1000
42032,152,random,10,0.7185509554140127,0,27,None,66,1,5,False,1000,1000
42033,153,random,10,0.7186504777070064,0,27,None,66,1,5,False,1000,1000
42034,154,random,10,0.71984474522293,0,27,None,66,1,5,False,1000,1000
42035,150,random,10,0.6890923566878981,0,12,None,66,1,5,False,1000,1000
42036,151,random,10,0.6891918789808917,0,12,None,66,1,5,False,1000,1000
42037,152,random,10,0.6899880573248408,0,12,None,66,1,5,False,1000,1000
42038,153,random,10,0.6918789808917197,0,12,None,66,1,5,False,1000,1000
42039,154,random,10,0.6922770700636943,0,12,None,66,1,5,False,1000,1000
42040,150,random,10,0.7145700636942676,0,6,None,66,1,5,False,1000,1000
42041,151,random,10,0.7159633757961783,0,6,None,66,1,5,False,1000,1000
42042,152,random,10,0.7166600318471338,0,6,None,66,1,5,False,1000,1000
42043,153,random,10,0.7170581210191083,0,6,None,66,1,5,False,1000,1000
42044,154,random,10,0.71765525477707,0,6,None,66,1,5,False,1000,1000
42045,150,random,10,0.668093152866242,0,26,None,66,1,5,False,1000,1000
42046,151,random,10,0.6686902866242038,0,26,None,66,1,5,False,1000,1000
42047,152,random,10,0.669187898089172,0,26,None,66,1,5,False,1000,1000
42048,153,random,10,0.6703821656050956,0,26,None,66,1,5,False,1000,1000
42049,154,random,10,0.6714769108280255,0,26,None,66,1,5,False,1000,1000
42050,150,random,10,0.6988455414012739,0,8,None,66,1,5,False,1000,1000
42051,151,random,10,0.7008359872611465,0,8,None,66,1,5,False,1000,1000
42052,152,random,10,0.7028264331210191,0,8,None,66,1,5,False,1000,1000
42053,153,random,10,0.70421974522293,0,8,None,66,1,5,False,1000,1000
42054,154,random,10,0.7057125796178344,0,8,None,66,1,5,False,1000,1000
42055,150,random,10,0.7311902866242038,0,3,None,66,1,5,False,1000,1000
42056,151,random,10,0.7326831210191083,0,3,None,66,1,5,False,1000,1000
42057,152,random,10,0.7327826433121019,0,3,None,66,1,5,False,1000,1000
42058,153,random,10,0.7336783439490446,0,3,None,66,1,5,False,1000,1000
42059,154,random,10,0.7344745222929936,0,3,None,66,1,5,False,1000,1000
42060,150,random,10,0.7299960191082803,0,18,None,66,1,5,False,1000,1000
42061,151,random,10,0.7307921974522293,0,18,None,66,1,5,False,1000,1000
42062,152,random,10,0.7306926751592356,0,18,None,66,1,5,False,1000,1000
42063,153,random,10,0.7313893312101911,0,18,None,66,1,5,False,1000,1000
42064,154,random,10,0.731687898089172,0,18,None,66,1,5,False,1000,1000
42065,150,random,10,0.6413216560509554,0,19,None,66,1,5,False,1000,1000
42066,151,random,10,0.6414211783439491,0,19,None,66,1,5,False,1000,1000
42067,152,random,10,0.6420183121019108,0,19,None,66,1,5,False,1000,1000
42068,153,random,10,0.6430135350318471,0,19,None,66,1,5,False,1000,1000
42069,154,random,10,0.644406847133758,0,19,None,66,1,5,False,1000,1000
42070,150,random,10,0.567078025477707,0,31,None,66,1,5,False,1000,1000
42071,151,random,10,0.605593152866242,0,31,None,66,1,5,False,1000,1000
42072,152,random,10,0.6275875796178344,0,31,None,66,1,5,False,1000,1000
42073,153,random,10,0.644406847133758,0,31,None,66,1,5,False,1000,1000
42074,154,random,10,0.6592356687898089,0,31,None,66,1,5,False,1000,1000
47190,155,random,10,0.6121616242038217,0,1,None,66,1,5,False,1000,1000
47191,156,random,10,0.6180334394904459,0,1,None,66,1,5,False,1000,1000
47192,157,random,10,0.6222133757961783,0,1,None,66,1,5,False,1000,1000
47193,158,random,10,0.6261942675159236,0,1,None,66,1,5,False,1000,1000
47194,159,random,10,0.6293789808917197,0,1,None,66,1,5,False,1000,1000
47195,155,random,10,0.7300955414012739,0,2,None,66,1,5,False,1000,1000
47196,156,random,10,0.7308917197452229,0,2,None,66,1,5,False,1000,1000
47197,157,random,10,0.7308917197452229,0,2,None,66,1,5,False,1000,1000
47198,158,random,10,0.7301950636942676,0,2,None,66,1,5,False,1000,1000
47199,159,random,10,0.7303941082802548,0,2,None,66,1,5,False,1000,1000
47200,155,random,10,0.6944665605095541,0,13,None,66,1,5,False,1000,1000
47201,156,random,10,0.6946656050955414,0,13,None,66,1,5,False,1000,1000
47202,157,random,10,0.6941679936305732,0,13,None,66,1,5,False,1000,1000
47203,158,random,10,0.6949641719745223,0,13,None,66,1,5,False,1000,1000
47204,159,random,10,0.6962579617834395,0,13,None,66,1,5,False,1000,1000
47205,155,random,10,0.7032245222929936,0,15,None,66,1,5,False,1000,1000
47206,156,random,10,0.7036226114649682,0,15,None,66,1,5,False,1000,1000
47207,157,random,10,0.7044187898089171,0,15,None,66,1,5,False,1000,1000
47208,158,random,10,0.7051154458598726,0,15,None,66,1,5,False,1000,1000
47209,159,random,10,0.7056130573248408,0,15,None,66,1,5,False,1000,1000
47210,155,random,10,0.7231289808917197,0,16,None,66,1,5,False,1000,1000
47211,156,random,10,0.7238256369426752,0,16,None,66,1,5,False,1000,1000
47212,157,random,10,0.7237261146496815,0,16,None,66,1,5,False,1000,1000
47213,158,random,10,0.7242237261146497,0,16,None,66,1,5,False,1000,1000
47214,159,random,10,0.7250199044585988,0,16,None,66,1,5,False,1000,1000
47215,155,random,10,0.7041202229299363,0,8,None,66,1,5,False,1000,1000
47216,156,random,10,0.705812101910828,0,8,None,66,1,5,False,1000,1000
47217,157,random,10,0.7076035031847133,0,8,None,66,1,5,False,1000,1000
47218,158,random,10,0.7091958598726115,0,8,None,66,1,5,False,1000,1000
47219,159,random,10,0.7105891719745223,0,8,None,66,1,5,False,1000,1000
47220,155,random,10,0.6451035031847133,0,19,None,66,1,5,False,1000,1000
47221,156,random,10,0.6455015923566879,0,19,None,66,1,5,False,1000,1000
47222,157,random,10,0.6461982484076433,0,19,None,66,1,5,False,1000,1000
47223,158,random,10,0.6467953821656051,0,19,None,66,1,5,False,1000,1000
47224,159,random,10,0.6475915605095541,0,19,None,66,1,5,False,1000,1000
47225,155,random,10,0.6983479299363057,0,22,None,66,1,5,False,1000,1000
47226,156,random,10,0.7002388535031847,0,22,None,66,1,5,False,1000,1000
47227,157,random,10,0.70203025477707,0,22,None,66,1,5,False,1000,1000
47228,158,random,10,0.7038216560509554,0,22,None,66,1,5,False,1000,1000
47229,159,random,10,0.7051154458598726,0,22,None,66,1,5,False,1000,1000
47230,155,random,10,0.7265127388535032,0,14,None,66,1,5,False,1000,1000
47231,156,random,10,0.7261146496815286,0,14,None,66,1,5,False,1000,1000
47232,157,random,10,0.7269108280254777,0,14,None,66,1,5,False,1000,1000
47233,158,random,10,0.7262141719745223,0,14,None,66,1,5,False,1000,1000
47234,159,random,10,0.7257165605095541,0,14,None,66,1,5,False,1000,1000
47235,155,random,10,0.7137738853503185,0,23,None,66,1,5,False,1000,1000
47236,156,random,10,0.7150676751592356,0,23,None,66,1,5,False,1000,1000
47237,157,random,10,0.7159633757961783,0,23,None,66,1,5,False,1000,1000
47238,158,random,10,0.7166600318471338,0,23,None,66,1,5,False,1000,1000
47239,159,random,10,0.7170581210191083,0,23,None,66,1,5,False,1000,1000
47240,155,random,10,0.6855095541401274,0,21,None,66,1,5,False,1000,1000
47241,156,random,10,0.6865047770700637,0,21,None,66,1,5,False,1000,1000
47242,157,random,10,0.6873009554140127,0,21,None,66,1,5,False,1000,1000
47243,158,random,10,0.6873009554140127,0,21,None,66,1,5,False,1000,1000
47244,159,random,10,0.6881966560509554,0,21,None,66,1,5,False,1000,1000
47245,155,random,10,0.7295979299363057,0,25,None,66,1,5,False,1000,1000
47246,156,random,10,0.7321855095541401,0,25,None,66,1,5,False,1000,1000
47247,157,random,10,0.7339769108280255,0,25,None,66,1,5,False,1000,1000
47248,158,random,10,0.7364649681528662,0,25,None,66,1,5,False,1000,1000
47249,159,random,10,0.7383558917197452,0,25,None,66,1,5,False,1000,1000
47250,155,random,10,0.6708797770700637,0,26,None,66,1,5,False,1000,1000
47251,156,random,10,0.6713773885350318,0,26,None,66,1,5,False,1000,1000
47252,157,random,10,0.6722730891719745,0,26,None,66,1,5,False,1000,1000
47253,158,random,10,0.6730692675159236,0,26,None,66,1,5,False,1000,1000
47254,159,random,10,0.6730692675159236,0,26,None,66,1,5,False,1000,1000
47255,155,random,10,0.6917794585987261,0,12,None,66,1,5,False,1000,1000
47256,156,random,10,0.6929737261146497,0,12,None,66,1,5,False,1000,1000
47257,157,random,10,0.6943670382165605,0,12,None,66,1,5,False,1000,1000
47258,158,random,10,0.6948646496815286,0,12,None,66,1,5,False,1000,1000
47259,159,random,10,0.6963574840764332,0,12,None,66,1,5,False,1000,1000
47260,155,random,10,0.6990445859872612,0,24,None,66,1,5,False,1000,1000
47261,156,random,10,0.7037221337579618,0,24,None,66,1,5,False,1000,1000
47262,157,random,10,0.7083001592356688,0,24,None,66,1,5,False,1000,1000
47263,158,random,10,0.7105891719745223,0,24,None,66,1,5,False,1000,1000
47264,159,random,10,0.7145700636942676,0,24,None,66,1,5,False,1000,1000
47265,155,random,10,0.7221337579617835,0,28,None,66,1,5,False,1000,1000
47266,156,random,10,0.7231289808917197,0,28,None,66,1,5,False,1000,1000
47267,157,random,10,0.7234275477707006,0,28,None,66,1,5,False,1000,1000
47268,158,random,10,0.724422770700637,0,28,None,66,1,5,False,1000,1000
47269,159,random,10,0.7248208598726115,0,28,None,66,1,5,False,1000,1000
47270,155,random,10,0.6476910828025477,0,30,None,66,1,5,False,1000,1000
47271,156,random,10,0.6515724522292994,0,30,None,66,1,5,False,1000,1000
47272,157,random,10,0.6558519108280255,0,30,None,66,1,5,False,1000,1000
47273,158,random,10,0.6586385350318471,0,30,None,66,1,5,False,1000,1000
47274,159,random,10,0.6617237261146497,0,30,None,66,1,5,False,1000,1000
47275,155,random,10,0.7204418789808917,0,27,None,66,1,5,False,1000,1000
47276,156,random,10,0.7209394904458599,0,27,None,66,1,5,False,1000,1000
47277,157,random,10,0.7221337579617835,0,27,None,66,1,5,False,1000,1000
47278,158,random,10,0.7227308917197452,0,27,None,66,1,5,False,1000,1000
47279,159,random,10,0.7231289808917197,0,27,None,66,1,5,False,1000,1000
47280,155,random,10,0.7335788216560509,0,18,None,66,1,5,False,1000,1000
47281,156,random,10,0.7339769108280255,0,18,None,66,1,5,False,1000,1000
47282,157,random,10,0.734375,0,18,None,66,1,5,False,1000,1000
47283,158,random,10,0.7347730891719745,0,18,None,66,1,5,False,1000,1000
47284,159,random,10,0.7349721337579618,0,18,None,66,1,5,False,1000,1000
47285,155,random,10,0.5611066878980892,0,31,None,66,1,5,False,1000,1000
47286,156,random,10,0.602906050955414,0,31,None,66,1,5,False,1000,1000
47287,157,random,10,0.631468949044586,0,31,None,66,1,5,False,1000,1000
47288,158,random,10,0.6486863057324841,0,31,None,66,1,5,False,1000,1000
47289,159,random,10,0.6610270700636943,0,31,None,66,1,5,False,1000,1000
47290,155,random,10,0.7086982484076433,0,32,None,66,1,5,False,1000,1000
47291,156,random,10,0.7110867834394905,0,32,None,66,1,5,False,1000,1000
47292,157,random,10,0.7129777070063694,0,32,None,66,1,5,False,1000,1000
47293,158,random,10,0.7142714968152867,0,32,None,66,1,5,False,1000,1000
47294,159,random,10,0.7148686305732485,0,32,None,66,1,5,False,1000,1000
47295,155,random,10,0.7181528662420382,0,7,None,66,1,5,False,1000,1000
47296,156,random,10,0.71875,0,7,None,66,1,5,False,1000,1000
47297,157,random,10,0.71984474522293,0,7,None,66,1,5,False,1000,1000
47298,158,random,10,0.7202428343949044,0,7,None,66,1,5,False,1000,1000
47299,159,random,10,0.7207404458598726,0,7,None,66,1,5,False,1000,1000
47300,155,random,10,0.7266122611464968,0,5,None,66,1,5,False,1000,1000
47301,156,random,10,0.7270103503184714,0,5,None,66,1,5,False,1000,1000
47302,157,random,10,0.7281050955414012,0,5,None,66,1,5,False,1000,1000
47303,158,random,10,0.7285031847133758,0,5,None,66,1,5,False,1000,1000
47304,159,random,10,0.728702229299363,0,5,None,66,1,5,False,1000,1000
47305,155,random,10,0.7170581210191083,0,6,None,66,1,5,False,1000,1000
47306,156,random,10,0.71875,0,6,None,66,1,5,False,1000,1000
47307,157,random,10,0.7193471337579618,0,6,None,66,1,5,False,1000,1000
47308,158,random,10,0.7199442675159236,0,6,None,66,1,5,False,1000,1000
47309,159,random,10,0.7203423566878981,0,6,None,66,1,5,False,1000,1000
47310,155,random,10,0.7026273885350318,0,10,None,66,1,5,False,1000,1000
47311,156,random,10,0.7043192675159236,0,10,None,66,1,5,False,1000,1000
47312,157,random,10,0.7062101910828026,0,10,None,66,1,5,False,1000,1000
47313,158,random,10,0.7070063694267515,0,10,None,66,1,5,False,1000,1000
47314,159,random,10,0.707703025477707,0,10,None,66,1,5,False,1000,1000
47315,155,random,10,0.6665007961783439,0,11,None,66,1,5,False,1000,1000
47316,156,random,10,0.667296974522293,0,11,None,66,1,5,False,1000,1000
47317,157,random,10,0.6685907643312102,0,11,None,66,1,5,False,1000,1000
47318,158,random,10,0.6702826433121019,0,11,None,66,1,5,False,1000,1000
47319,159,random,10,0.6712778662420382,0,11,None,66,1,5,False,1000,1000
47320,155,random,10,0.71875,0,17,None,66,1,5,False,1000,1000
47321,156,random,10,0.7179538216560509,0,17,None,66,1,5,False,1000,1000
47322,157,random,10,0.7186504777070064,0,17,None,66,1,5,False,1000,1000
47323,158,random,10,0.7193471337579618,0,17,None,66,1,5,False,1000,1000
47324,159,random,10,0.7194466560509554,0,17,None,66,1,5,False,1000,1000
47325,155,random,10,0.7339769108280255,0,3,None,66,1,5,False,1000,1000
47326,156,random,10,0.7345740445859873,0,3,None,66,1,5,False,1000,1000
47327,157,random,10,0.73546974522293,0,3,None,66,1,5,False,1000,1000
47328,158,random,10,0.7364649681528662,0,3,None,66,1,5,False,1000,1000
47329,159,random,10,0.7369625796178344,0,3,None,66,1,5,False,1000,1000
47330,155,random,10,0.7248208598726115,0,4,None,66,1,5,False,1000,1000
47331,156,random,10,0.723328025477707,0,4,None,66,1,5,False,1000,1000
47332,157,random,10,0.7227308917197452,0,4,None,66,1,5,False,1000,1000
47333,158,random,10,0.722531847133758,0,4,None,66,1,5,False,1000,1000
47334,159,random,10,0.7228304140127388,0,4,None,66,1,5,False,1000,1000
47335,155,random,10,0.6976512738853503,0,20,None,66,1,5,False,1000,1000
47336,156,random,10,0.6984474522292994,0,20,None,66,1,5,False,1000,1000
47337,157,random,10,0.6995421974522293,0,20,None,66,1,5,False,1000,1000
47338,158,random,10,0.7008359872611465,0,20,None,66,1,5,False,1000,1000
47339,159,random,10,0.7023288216560509,0,20,None,66,1,5,False,1000,1000
47340,160,random,10,0.6731687898089171,0,26,None,66,1,5,False,1000,1000
47341,161,random,10,0.6747611464968153,0,26,None,66,1,5,False,1000,1000
47342,162,random,10,0.675656847133758,0,26,None,66,1,5,False,1000,1000
47343,163,random,10,0.676453025477707,0,26,None,66,1,5,False,1000,1000
47344,164,random,10,0.6774482484076433,0,26,None,66,1,5,False,1000,1000
47345,155,random,10,0.7003383757961783,0,9,None,66,1,5,False,1000,1000
47346,156,random,10,0.7021297770700637,0,9,None,66,1,5,False,1000,1000
47347,157,random,10,0.7055135350318471,0,9,None,66,1,5,False,1000,1000
47348,158,random,10,0.7071058917197452,0,9,None,66,1,5,False,1000,1000
47349,159,random,10,0.7081011146496815,0,9,None,66,1,5,False,1000,1000
47350,155,random,10,0.7195461783439491,0,0,None,66,1,5,False,1000,1000
47351,156,random,10,0.7210390127388535,0,0,None,66,1,5,False,1000,1000
47352,157,random,10,0.7222332802547771,0,0,None,66,1,5,False,1000,1000
47353,158,random,10,0.722531847133758,0,0,None,66,1,5,False,1000,1000
47354,159,random,10,0.7229299363057324,0,0,None,66,1,5,False,1000,1000
47355,155,random,10,0.7128781847133758,0,29,None,66,1,5,False,1000,1000
47356,156,random,10,0.7128781847133758,0,29,None,66,1,5,False,1000,1000
47357,157,random,10,0.713077229299363,0,29,None,66,1,5,False,1000,1000
47358,158,random,10,0.7143710191082803,0,29,None,66,1,5,False,1000,1000
47359,159,random,10,0.7139729299363057,0,29,None,66,1,5,False,1000,1000
47360,160,random,10,0.6307722929936306,0,1,None,66,1,5,False,1000,1000
47361,161,random,10,0.6337579617834395,0,1,None,66,1,5,False,1000,1000
47362,162,random,10,0.6346536624203821,0,1,None,66,1,5,False,1000,1000
47363,163,random,10,0.637937898089172,0,1,None,66,1,5,False,1000,1000
47364,164,random,10,0.6397292993630573,0,1,None,66,1,5,False,1000,1000
47365,160,random,10,0.7320859872611465,0,2,None,66,1,5,False,1000,1000
47366,161,random,10,0.731687898089172,0,2,None,66,1,5,False,1000,1000
47367,162,random,10,0.7322850318471338,0,2,None,66,1,5,False,1000,1000
47368,163,random,10,0.732484076433121,0,2,None,66,1,5,False,1000,1000
47369,164,random,10,0.7337778662420382,0,2,None,66,1,5,False,1000,1000
47370,160,random,10,0.7195461783439491,0,7,None,66,1,5,False,1000,1000
47371,161,random,10,0.7213375796178344,0,7,None,66,1,5,False,1000,1000
47372,162,random,10,0.7217356687898089,0,7,None,66,1,5,False,1000,1000
47373,163,random,10,0.7216361464968153,0,7,None,66,1,5,False,1000,1000
47374,164,random,10,0.7224323248407644,0,7,None,66,1,5,False,1000,1000
47375,160,random,10,0.6719745222929936,0,11,None,66,1,5,False,1000,1000
47376,161,random,10,0.6724721337579618,0,11,None,66,1,5,False,1000,1000
47377,162,random,10,0.6735668789808917,0,11,None,66,1,5,False,1000,1000
47378,163,random,10,0.6746616242038217,0,11,None,66,1,5,False,1000,1000
47379,164,random,10,0.6748606687898089,0,11,None,66,1,5,False,1000,1000
47380,160,random,10,0.7081011146496815,0,15,None,66,1,5,False,1000,1000
47381,161,random,10,0.7090963375796179,0,15,None,66,1,5,False,1000,1000
47382,162,random,10,0.7091958598726115,0,15,None,66,1,5,False,1000,1000
47383,163,random,10,0.7096934713375797,0,15,None,66,1,5,False,1000,1000
47384,164,random,10,0.7097929936305732,0,15,None,66,1,5,False,1000,1000
47385,160,random,10,0.7217356687898089,0,17,None,66,1,5,False,1000,1000
47386,161,random,10,0.7232285031847133,0,17,None,66,1,5,False,1000,1000
47387,162,random,10,0.7249203821656051,0,17,None,66,1,5,False,1000,1000
47388,163,random,10,0.7262141719745223,0,17,None,66,1,5,False,1000,1000
47389,164,random,10,0.7270103503184714,0,17,None,66,1,5,False,1000,1000
47390,160,random,10,0.7029259554140127,0,20,None,66,1,5,False,1000,1000
47391,161,random,10,0.7034235668789809,0,20,None,66,1,5,False,1000,1000
47392,162,random,10,0.70421974522293,0,20,None,66,1,5,False,1000,1000
47393,163,random,10,0.7054140127388535,0,20,None,66,1,5,False,1000,1000
47394,164,random,10,0.706906847133758,0,20,None,66,1,5,False,1000,1000
47395,160,random,10,0.706906847133758,0,10,None,66,1,5,False,1000,1000
47396,161,random,10,0.7083996815286624,0,10,None,66,1,5,False,1000,1000
47397,162,random,10,0.7094944267515924,0,10,None,66,1,5,False,1000,1000
47398,163,random,10,0.7112858280254777,0,10,None,66,1,5,False,1000,1000
47399,164,random,10,0.712281050955414,0,10,None,66,1,5,False,1000,1000
47400,160,random,10,0.7018312101910829,0,22,None,66,1,5,False,1000,1000
47401,161,random,10,0.7047173566878981,0,22,None,66,1,5,False,1000,1000
47402,162,random,10,0.7062101910828026,0,22,None,66,1,5,False,1000,1000
47403,163,random,10,0.707703025477707,0,22,None,66,1,5,False,1000,1000
47404,164,random,10,0.7093949044585988,0,22,None,66,1,5,False,1000,1000
47405,160,random,10,0.7128781847133758,0,32,None,66,1,5,False,1000,1000
47406,161,random,10,0.7158638535031847,0,32,None,66,1,5,False,1000,1000
47407,162,random,10,0.7170581210191083,0,32,None,66,1,5,False,1000,1000
47408,163,random,10,0.7180533439490446,0,32,None,66,1,5,False,1000,1000
47409,164,random,10,0.7180533439490446,0,32,None,66,1,5,False,1000,1000
47410,160,random,10,0.7307921974522293,0,5,None,66,1,5,False,1000,1000
47411,161,random,10,0.7311902866242038,0,5,None,66,1,5,False,1000,1000
47412,162,random,10,0.7318869426751592,0,5,None,66,1,5,False,1000,1000
47413,163,random,10,0.7325835987261147,0,5,None,66,1,5,False,1000,1000
47414,164,random,10,0.7330812101910829,0,5,None,66,1,5,False,1000,1000
47415,160,random,10,0.720640923566879,0,6,None,66,1,5,False,1000,1000
47416,161,random,10,0.7221337579617835,0,6,None,66,1,5,False,1000,1000
47417,162,random,10,0.7218351910828026,0,6,None,66,1,5,False,1000,1000
47418,163,random,10,0.7226313694267515,0,6,None,66,1,5,False,1000,1000
47419,164,random,10,0.722531847133758,0,6,None,66,1,5,False,1000,1000
47420,160,random,10,0.6973527070063694,0,13,None,66,1,5,False,1000,1000
47421,161,random,10,0.6990445859872612,0,13,None,66,1,5,False,1000,1000
47422,162,random,10,0.6995421974522293,0,13,None,66,1,5,False,1000,1000
47423,163,random,10,0.7008359872611465,0,13,None,66,1,5,False,1000,1000
47424,164,random,10,0.7024283439490446,0,13,None,66,1,5,False,1000,1000
47425,160,random,10,0.6910828025477707,0,21,None,66,1,5,False,1000,1000
47426,161,random,10,0.6906847133757962,0,21,None,66,1,5,False,1000,1000
47427,162,random,10,0.6903861464968153,0,21,None,66,1,5,False,1000,1000
47428,163,random,10,0.6902866242038217,0,21,None,66,1,5,False,1000,1000
47429,164,random,10,0.6907842356687898,0,21,None,66,1,5,False,1000,1000
47430,160,random,10,0.7156648089171974,0,23,None,66,1,5,False,1000,1000
47431,161,random,10,0.7169585987261147,0,23,None,66,1,5,False,1000,1000
47432,162,random,10,0.7177547770700637,0,23,None,66,1,5,False,1000,1000
47433,163,random,10,0.7184514331210191,0,23,None,66,1,5,False,1000,1000
47434,164,random,10,0.7188495222929936,0,23,None,66,1,5,False,1000,1000
47435,160,random,10,0.7091958598726115,0,24,None,66,1,5,False,1000,1000
47436,161,random,10,0.713077229299363,0,24,None,66,1,5,False,1000,1000
47437,162,random,10,0.7152667197452229,0,24,None,66,1,5,False,1000,1000
47438,163,random,10,0.7167595541401274,0,24,None,66,1,5,False,1000,1000
47439,164,random,10,0.7180533439490446,0,24,None,66,1,5,False,1000,1000
47440,160,random,10,0.7256170382165605,0,27,None,66,1,5,False,1000,1000
47441,161,random,10,0.726015127388535,0,27,None,66,1,5,False,1000,1000
47442,162,random,10,0.7263136942675159,0,27,None,66,1,5,False,1000,1000
47443,163,random,10,0.7262141719745223,0,27,None,66,1,5,False,1000,1000
47444,164,random,10,0.7264132165605095,0,27,None,66,1,5,False,1000,1000
47445,160,random,10,0.6548566878980892,0,30,None,66,1,5,False,1000,1000
47446,161,random,10,0.6571457006369427,0,30,None,66,1,5,False,1000,1000
47447,162,random,10,0.6595342356687898,0,30,None,66,1,5,False,1000,1000
47448,163,random,10,0.6613256369426752,0,30,None,66,1,5,False,1000,1000
47449,164,random,10,0.6632165605095541,0,30,None,66,1,5,False,1000,1000
47450,160,random,10,0.6720740445859873,0,31,None,66,1,5,False,1000,1000
47451,161,random,10,0.6797372611464968,0,31,None,66,1,5,False,1000,1000
47452,162,random,10,0.6846138535031847,0,31,None,66,1,5,False,1000,1000
47453,163,random,10,0.6889928343949044,0,31,None,66,1,5,False,1000,1000
47454,164,random,10,0.6902866242038217,0,31,None,66,1,5,False,1000,1000
47455,160,random,10,0.7258160828025477,0,28,None,66,1,5,False,1000,1000
47456,161,random,10,0.727109872611465,0,28,None,66,1,5,False,1000,1000
47457,162,random,10,0.7266122611464968,0,28,None,66,1,5,False,1000,1000
47458,163,random,10,0.7270103503184714,0,28,None,66,1,5,False,1000,1000
47459,164,random,10,0.7275079617834395,0,28,None,66,1,5,False,1000,1000
47460,160,random,10,0.7014331210191083,0,12,None,66,1,5,False,1000,1000
47461,161,random,10,0.7011345541401274,0,12,None,66,1,5,False,1000,1000
47462,162,random,10,0.7011345541401274,0,12,None,66,1,5,False,1000,1000
47463,163,random,10,0.7017316878980892,0,12,None,66,1,5,False,1000,1000
47464,164,random,10,0.7023288216560509,0,12,None,66,1,5,False,1000,1000
47465,160,random,10,0.7023288216560509,0,9,None,66,1,5,False,1000,1000
47466,161,random,10,0.7053144904458599,0,9,None,66,1,5,False,1000,1000
47467,162,random,10,0.7076035031847133,0,9,None,66,1,5,False,1000,1000
47468,163,random,10,0.7091958598726115,0,9,None,66,1,5,False,1000,1000
47469,164,random,10,0.710390127388535,0,9,None,66,1,5,False,1000,1000
47470,160,random,10,0.729796974522293,0,14,None,66,1,5,False,1000,1000
47471,161,random,10,0.7308917197452229,0,14,None,66,1,5,False,1000,1000
47472,162,random,10,0.7310907643312102,0,14,None,66,1,5,False,1000,1000
47473,163,random,10,0.7310907643312102,0,14,None,66,1,5,False,1000,1000
47474,164,random,10,0.7320859872611465,0,14,None,66,1,5,False,1000,1000
47475,160,random,10,0.7368630573248408,0,3,None,66,1,5,False,1000,1000
47476,161,random,10,0.7377587579617835,0,3,None,66,1,5,False,1000,1000
47477,162,random,10,0.7382563694267515,0,3,None,66,1,5,False,1000,1000
47478,163,random,10,0.7379578025477707,0,3,None,66,1,5,False,1000,1000
47479,164,random,10,0.7385549363057324,0,3,None,66,1,5,False,1000,1000
47480,160,random,10,0.7392515923566879,0,25,None,66,1,5,False,1000,1000
47481,161,random,10,0.7414410828025477,0,25,None,66,1,5,False,1000,1000
47482,162,random,10,0.7424363057324841,0,25,None,66,1,5,False,1000,1000
47483,163,random,10,0.7439291401273885,0,25,None,66,1,5,False,1000,1000
47484,164,random,10,0.7451234076433121,0,25,None,66,1,5,False,1000,1000
47485,160,random,10,0.7152667197452229,0,29,None,66,1,5,False,1000,1000
47486,161,random,10,0.7152667197452229,0,29,None,66,1,5,False,1000,1000
47487,162,random,10,0.7148686305732485,0,29,None,66,1,5,False,1000,1000
47488,163,random,10,0.7135748407643312,0,29,None,66,1,5,False,1000,1000
47489,164,random,10,0.7126791401273885,0,29,None,66,1,5,False,1000,1000
47490,160,random,10,0.7291998407643312,0,4,None,66,1,5,False,1000,1000
47491,161,random,10,0.7283041401273885,0,4,None,66,1,5,False,1000,1000
47492,162,random,10,0.727906050955414,0,4,None,66,1,5,False,1000,1000
47493,163,random,10,0.7278065286624203,0,4,None,66,1,5,False,1000,1000
47494,164,random,10,0.7272093949044586,0,4,None,66,1,5,False,1000,1000
47495,160,random,10,0.7266122611464968,0,0,None,66,1,5,False,1000,1000
47496,161,random,10,0.7267117834394905,0,0,None,66,1,5,False,1000,1000
47497,162,random,10,0.727109872611465,0,0,None,66,1,5,False,1000,1000
47498,163,random,10,0.7272093949044586,0,0,None,66,1,5,False,1000,1000
47499,164,random,10,0.7275079617834395,0,0,None,66,1,5,False,1000,1000
47500,160,random,10,0.7301950636942676,0,16,None,66,1,5,False,1000,1000
47501,161,random,10,0.7298964968152867,0,16,None,66,1,5,False,1000,1000
47502,162,random,10,0.7308917197452229,0,16,None,66,1,5,False,1000,1000
47503,163,random,10,0.7310907643312102,0,16,None,66,1,5,False,1000,1000
47504,164,random,10,0.7311902866242038,0,16,None,66,1,5,False,1000,1000
47505,160,random,10,0.7104896496815286,0,8,None,66,1,5,False,1000,1000
47506,161,random,10,0.7119824840764332,0,8,None,66,1,5,False,1000,1000
47507,162,random,10,0.714171974522293,0,8,None,66,1,5,False,1000,1000
47508,163,random,10,0.7148686305732485,0,8,None,66,1,5,False,1000,1000
47509,164,random,10,0.7153662420382165,0,8,None,66,1,5,False,1000,1000
47510,160,random,10,0.7342754777070064,0,18,None,66,1,5,False,1000,1000
47511,161,random,10,0.7350716560509554,0,18,None,66,1,5,False,1000,1000
47512,162,random,10,0.7361664012738853,0,18,None,66,1,5,False,1000,1000
47513,163,random,10,0.7371616242038217,0,18,None,66,1,5,False,1000,1000
47514,164,random,10,0.7377587579617835,0,18,None,66,1,5,False,1000,1000
47515,160,random,10,0.6456011146496815,0,19,None,66,1,5,False,1000,1000
47516,161,random,10,0.6467953821656051,0,19,None,66,1,5,False,1000,1000
47517,162,random,10,0.647093949044586,0,19,None,66,1,5,False,1000,1000
47518,163,random,10,0.6475915605095541,0,19,None,66,1,5,False,1000,1000
47519,164,random,10,0.6483877388535032,0,19,None,66,1,5,False,1000,1000
52965,165,random,10,0.64171974522293,0,1,None,66,1,5,False,1000,1000
52966,166,random,10,0.6427149681528662,0,1,None,66,1,5,False,1000,1000
52967,167,random,10,0.644406847133758,0,1,None,66,1,5,False,1000,1000
52968,168,random,10,0.6467953821656051,0,1,None,66,1,5,False,1000,1000
52969,169,random,10,0.6499800955414012,0,1,None,66,1,5,False,1000,1000
52970,165,random,10,0.7352707006369427,0,2,None,66,1,5,False,1000,1000
52971,166,random,10,0.7348726114649682,0,2,None,66,1,5,False,1000,1000
52972,167,random,10,0.73546974522293,0,2,None,66,1,5,False,1000,1000
52973,168,random,10,0.736265923566879,0,2,None,66,1,5,False,1000,1000
52974,169,random,10,0.7364649681528662,0,2,None,66,1,5,False,1000,1000
52975,165,random,10,0.7349721337579618,0,5,None,66,1,5,False,1000,1000
52976,166,random,10,0.7356687898089171,0,5,None,66,1,5,False,1000,1000
52977,167,random,10,0.7352707006369427,0,5,None,66,1,5,False,1000,1000
52978,168,random,10,0.7349721337579618,0,5,None,66,1,5,False,1000,1000
52979,169,random,10,0.7355692675159236,0,5,None,66,1,5,False,1000,1000
52980,165,random,10,0.7033240445859873,0,13,None,66,1,5,False,1000,1000
52981,166,random,10,0.7044187898089171,0,13,None,66,1,5,False,1000,1000
52982,167,random,10,0.7057125796178344,0,13,None,66,1,5,False,1000,1000
52983,168,random,10,0.7065087579617835,0,13,None,66,1,5,False,1000,1000
52984,169,random,10,0.7075039808917197,0,13,None,66,1,5,False,1000,1000
52985,165,random,10,0.7129777070063694,0,15,None,66,1,5,False,1000,1000
52986,166,random,10,0.713077229299363,0,15,None,66,1,5,False,1000,1000
52987,167,random,10,0.7132762738853503,0,15,None,66,1,5,False,1000,1000
52988,168,random,10,0.7137738853503185,0,15,None,66,1,5,False,1000,1000
52989,169,random,10,0.714968152866242,0,15,None,66,1,5,False,1000,1000
52990,165,random,10,0.7310907643312102,0,16,None,66,1,5,False,1000,1000
52991,166,random,10,0.7320859872611465,0,16,None,66,1,5,False,1000,1000
52992,167,random,10,0.7335788216560509,0,16,None,66,1,5,False,1000,1000
52993,168,random,10,0.734375,0,16,None,66,1,5,False,1000,1000
52994,169,random,10,0.7342754777070064,0,16,None,66,1,5,False,1000,1000
52995,165,random,10,0.6753582802547771,0,11,None,66,1,5,False,1000,1000
52996,166,random,10,0.6762539808917197,0,11,None,66,1,5,False,1000,1000
52997,167,random,10,0.6771496815286624,0,11,None,66,1,5,False,1000,1000
52998,168,random,10,0.6769506369426752,0,11,None,66,1,5,False,1000,1000
52999,169,random,10,0.6774482484076433,0,11,None,66,1,5,False,1000,1000
53000,165,random,10,0.6472929936305732,0,19,None,66,1,5,False,1000,1000
53001,166,random,10,0.647890127388535,0,19,None,66,1,5,False,1000,1000
53002,167,random,10,0.6491839171974523,0,19,None,66,1,5,False,1000,1000
53003,168,random,10,0.6507762738853503,0,19,None,66,1,5,False,1000,1000
53004,169,random,10,0.651671974522293,0,19,None,66,1,5,False,1000,1000
53005,165,random,10,0.7263136942675159,0,17,None,66,1,5,False,1000,1000
53006,166,random,10,0.7276074840764332,0,17,None,66,1,5,False,1000,1000
53007,167,random,10,0.7292993630573248,0,17,None,66,1,5,False,1000,1000
53008,168,random,10,0.7296974522292994,0,17,None,66,1,5,False,1000,1000
53009,169,random,10,0.7303941082802548,0,17,None,66,1,5,False,1000,1000
53010,165,random,10,0.6937699044585988,0,21,None,66,1,5,False,1000,1000
53011,166,random,10,0.6942675159235668,0,21,None,66,1,5,False,1000,1000
53012,167,random,10,0.6942675159235668,0,21,None,66,1,5,False,1000,1000
53013,168,random,10,0.6952627388535032,0,21,None,66,1,5,False,1000,1000
53014,169,random,10,0.6951632165605095,0,21,None,66,1,5,False,1000,1000
53015,165,random,10,0.7458200636942676,0,25,None,66,1,5,False,1000,1000
53016,166,random,10,0.746218152866242,0,25,None,66,1,5,False,1000,1000
53017,167,random,10,0.7470143312101911,0,25,None,66,1,5,False,1000,1000
53018,168,random,10,0.747312898089172,0,25,None,66,1,5,False,1000,1000
53019,169,random,10,0.7478105095541401,0,25,None,66,1,5,False,1000,1000
53020,165,random,10,0.7159633757961783,0,24,None,66,1,5,False,1000,1000
53021,166,random,10,0.7174562101910829,0,24,None,66,1,5,False,1000,1000
53022,167,random,10,0.7193471337579618,0,24,None,66,1,5,False,1000,1000
53023,168,random,10,0.7207404458598726,0,24,None,66,1,5,False,1000,1000
53024,169,random,10,0.7226313694267515,0,24,None,66,1,5,False,1000,1000
53025,165,random,10,0.7291998407643312,0,28,None,66,1,5,False,1000,1000
53026,166,random,10,0.729796974522293,0,28,None,66,1,5,False,1000,1000
53027,167,random,10,0.7295979299363057,0,28,None,66,1,5,False,1000,1000
53028,168,random,10,0.7296974522292994,0,28,None,66,1,5,False,1000,1000
53029,169,random,10,0.7294984076433121,0,28,None,66,1,5,False,1000,1000
53030,165,random,10,0.7169585987261147,0,29,None,66,1,5,False,1000,1000
53031,166,random,10,0.7166600318471338,0,29,None,66,1,5,False,1000,1000
53032,167,random,10,0.7155652866242038,0,29,None,66,1,5,False,1000,1000
53033,168,random,10,0.7140724522292994,0,29,None,66,1,5,False,1000,1000
53034,169,random,10,0.7127786624203821,0,29,None,66,1,5,False,1000,1000
53035,165,random,10,0.6577428343949044,0,30,None,66,1,5,False,1000,1000
53036,166,random,10,0.6617237261146497,0,30,None,66,1,5,False,1000,1000
53037,167,random,10,0.6632165605095541,0,30,None,66,1,5,False,1000,1000
53038,168,random,10,0.6655055732484076,0,30,None,66,1,5,False,1000,1000
53039,169,random,10,0.6681926751592356,0,30,None,66,1,5,False,1000,1000
53040,165,random,10,0.7368630573248408,0,18,None,66,1,5,False,1000,1000
53041,166,random,10,0.7378582802547771,0,18,None,66,1,5,False,1000,1000
53042,167,random,10,0.7383558917197452,0,18,None,66,1,5,False,1000,1000
53043,168,random,10,0.7386544585987261,0,18,None,66,1,5,False,1000,1000
53044,169,random,10,0.7392515923566879,0,18,None,66,1,5,False,1000,1000
53045,165,random,10,0.7315883757961783,0,27,None,66,1,5,False,1000,1000
53046,166,random,10,0.7321855095541401,0,27,None,66,1,5,False,1000,1000
53047,167,random,10,0.7323845541401274,0,27,None,66,1,5,False,1000,1000
53048,168,random,10,0.7327826433121019,0,27,None,66,1,5,False,1000,1000
53049,169,random,10,0.7326831210191083,0,27,None,66,1,5,False,1000,1000
53050,165,random,10,0.6921775477707006,0,31,None,66,1,5,False,1000,1000
53051,166,random,10,0.6940684713375797,0,31,None,66,1,5,False,1000,1000
53052,167,random,10,0.6969546178343949,0,31,None,66,1,5,False,1000,1000
53053,168,random,10,0.6996417197452229,0,31,None,66,1,5,False,1000,1000
53054,169,random,10,0.7006369426751592,0,31,None,66,1,5,False,1000,1000
53055,165,random,10,0.7223328025477707,0,7,None,66,1,5,False,1000,1000
53056,166,random,10,0.7238256369426752,0,7,None,66,1,5,False,1000,1000
53057,167,random,10,0.7240246815286624,0,7,None,66,1,5,False,1000,1000
53058,168,random,10,0.7248208598726115,0,7,None,66,1,5,False,1000,1000
53059,169,random,10,0.7256170382165605,0,7,None,66,1,5,False,1000,1000
53060,165,random,10,0.7380573248407644,0,3,None,66,1,5,False,1000,1000
53061,166,random,10,0.7386544585987261,0,3,None,66,1,5,False,1000,1000
53062,167,random,10,0.7397492038216561,0,3,None,66,1,5,False,1000,1000
53063,168,random,10,0.7410429936305732,0,3,None,66,1,5,False,1000,1000
53064,169,random,10,0.7414410828025477,0,3,None,66,1,5,False,1000,1000
53065,165,random,10,0.729796974522293,0,0,None,66,1,5,False,1000,1000
53066,166,random,10,0.7300955414012739,0,0,None,66,1,5,False,1000,1000
53067,167,random,10,0.7302945859872612,0,0,None,66,1,5,False,1000,1000
53068,168,random,10,0.7295979299363057,0,0,None,66,1,5,False,1000,1000
53069,169,random,10,0.7298964968152867,0,0,None,66,1,5,False,1000,1000
53070,165,random,10,0.7331807324840764,0,4,None,66,1,5,False,1000,1000
53071,166,random,10,0.73328025477707,0,4,None,66,1,5,False,1000,1000
53072,167,random,10,0.7326831210191083,0,4,None,66,1,5,False,1000,1000
53073,168,random,10,0.7323845541401274,0,4,None,66,1,5,False,1000,1000
53074,169,random,10,0.7311902866242038,0,4,None,66,1,5,False,1000,1000
53075,165,random,10,0.716859076433121,0,8,None,66,1,5,False,1000,1000
53076,166,random,10,0.7175557324840764,0,8,None,66,1,5,False,1000,1000
53077,167,random,10,0.7184514331210191,0,8,None,66,1,5,False,1000,1000
53078,168,random,10,0.7185509554140127,0,8,None,66,1,5,False,1000,1000
53079,169,random,10,0.7194466560509554,0,8,None,66,1,5,False,1000,1000
53080,165,random,10,0.7067078025477707,0,20,None,66,1,5,False,1000,1000
53081,166,random,10,0.7075039808917197,0,20,None,66,1,5,False,1000,1000
53082,167,random,10,0.7083001592356688,0,20,None,66,1,5,False,1000,1000
53083,168,random,10,0.709593949044586,0,20,None,66,1,5,False,1000,1000
53084,169,random,10,0.710390127388535,0,20,None,66,1,5,False,1000,1000
53085,165,random,10,0.7085987261146497,0,10,None,66,1,5,False,1000,1000
53086,166,random,10,0.710390127388535,0,10,None,66,1,5,False,1000,1000
53087,167,random,10,0.7115843949044586,0,10,None,66,1,5,False,1000,1000
53088,168,random,10,0.712281050955414,0,10,None,66,1,5,False,1000,1000
53089,169,random,10,0.7139729299363057,0,10,None,66,1,5,False,1000,1000
53090,165,random,10,0.7229299363057324,0,23,None,66,1,5,False,1000,1000
53091,166,random,10,0.723328025477707,0,23,None,66,1,5,False,1000,1000
53092,167,random,10,0.7242237261146497,0,23,None,66,1,5,False,1000,1000
53093,168,random,10,0.7240246815286624,0,23,None,66,1,5,False,1000,1000
53094,169,random,10,0.7240246815286624,0,23,None,66,1,5,False,1000,1000
53095,165,random,10,0.7215366242038217,0,32,None,66,1,5,False,1000,1000
53096,166,random,10,0.7231289808917197,0,32,None,66,1,5,False,1000,1000
53097,167,random,10,0.7236265923566879,0,32,None,66,1,5,False,1000,1000
53098,168,random,10,0.7232285031847133,0,32,None,66,1,5,False,1000,1000
53099,169,random,10,0.7236265923566879,0,32,None,66,1,5,False,1000,1000
53100,165,random,10,0.7317874203821656,0,14,None,66,1,5,False,1000,1000
53101,166,random,10,0.7335788216560509,0,14,None,66,1,5,False,1000,1000
53102,167,random,10,0.7335788216560509,0,14,None,66,1,5,False,1000,1000
53103,168,random,10,0.7344745222929936,0,14,None,66,1,5,False,1000,1000
53104,169,random,10,0.7344745222929936,0,14,None,66,1,5,False,1000,1000
53105,165,random,10,0.7082006369426752,0,9,None,66,1,5,False,1000,1000
53106,166,random,10,0.7104896496815286,0,9,None,66,1,5,False,1000,1000
53107,167,random,10,0.7123805732484076,0,9,None,66,1,5,False,1000,1000
53108,168,random,10,0.7127786624203821,0,9,None,66,1,5,False,1000,1000
53109,169,random,10,0.714171974522293,0,9,None,66,1,5,False,1000,1000
53110,165,random,10,0.7076035031847133,0,22,None,66,1,5,False,1000,1000
53111,166,random,10,0.7101910828025477,0,22,None,66,1,5,False,1000,1000
53112,167,random,10,0.7109872611464968,0,22,None,66,1,5,False,1000,1000
53113,168,random,10,0.7120820063694268,0,22,None,66,1,5,False,1000,1000
53114,169,random,10,0.7127786624203821,0,22,None,66,1,5,False,1000,1000
53115,165,random,10,0.7053144904458599,0,12,None,66,1,5,False,1000,1000
53116,166,random,10,0.7066082802547771,0,12,None,66,1,5,False,1000,1000
53117,167,random,10,0.7066082802547771,0,12,None,66,1,5,False,1000,1000
53118,168,random,10,0.7075039808917197,0,12,None,66,1,5,False,1000,1000
53119,169,random,10,0.7078025477707006,0,12,None,66,1,5,False,1000,1000
53120,165,random,10,0.6765525477707006,0,26,None,66,1,5,False,1000,1000
53121,166,random,10,0.6780453821656051,0,26,None,66,1,5,False,1000,1000
53122,167,random,10,0.6788415605095541,0,26,None,66,1,5,False,1000,1000
53123,168,random,10,0.6797372611464968,0,26,None,66,1,5,False,1000,1000
53124,169,random,10,0.6812300955414012,0,26,None,66,1,5,False,1000,1000
53125,165,random,10,0.723328025477707,0,6,None,66,1,5,False,1000,1000
53126,166,random,10,0.7238256369426752,0,6,None,66,1,5,False,1000,1000
53127,167,random,10,0.7245222929936306,0,6,None,66,1,5,False,1000,1000
53128,168,random,10,0.7247213375796179,0,6,None,66,1,5,False,1000,1000
53129,169,random,10,0.7256170382165605,0,6,None,66,1,5,False,1000,1000
53130,170,random,10,0.6511743630573248,0,1,None,66,1,5,False,1000,1000
53131,171,random,10,0.6522691082802548,0,1,None,66,1,5,False,1000,1000
53132,172,random,10,0.654359076433121,0,1,None,66,1,5,False,1000,1000
53133,173,random,10,0.6558519108280255,0,1,None,66,1,5,False,1000,1000
53134,174,random,10,0.6569466560509554,0,1,None,66,1,5,False,1000,1000
53135,170,random,10,0.556827229299363,0,31,None,66,1,5,False,1000,1000
53136,171,random,10,0.6123606687898089,0,31,None,66,1,5,False,1000,1000
53137,172,random,10,0.6442078025477707,0,31,None,66,1,5,False,1000,1000
53138,173,random,10,0.6633160828025477,0,31,None,66,1,5,False,1000,1000
53139,174,random,10,0.6765525477707006,0,31,None,66,1,5,False,1000,1000
53140,170,random,10,0.7179538216560509,0,29,None,66,1,5,False,1000,1000
53141,171,random,10,0.7173566878980892,0,29,None,66,1,5,False,1000,1000
53142,172,random,10,0.7159633757961783,0,29,None,66,1,5,False,1000,1000
53143,173,random,10,0.7144705414012739,0,29,None,66,1,5,False,1000,1000
53144,174,random,10,0.7138734076433121,0,29,None,66,1,5,False,1000,1000
53145,170,random,10,0.7377587579617835,0,2,None,66,1,5,False,1000,1000
53146,171,random,10,0.7375597133757962,0,2,None,66,1,5,False,1000,1000
53147,172,random,10,0.7383558917197452,0,2,None,66,1,5,False,1000,1000
53148,173,random,10,0.7379578025477707,0,2,None,66,1,5,False,1000,1000
53149,174,random,10,0.7380573248407644,0,2,None,66,1,5,False,1000,1000
53150,170,random,10,0.679140127388535,0,11,None,66,1,5,False,1000,1000
53151,171,random,10,0.6794386942675159,0,11,None,66,1,5,False,1000,1000
53152,172,random,10,0.6795382165605095,0,11,None,66,1,5,False,1000,1000
53153,173,random,10,0.6798367834394905,0,11,None,66,1,5,False,1000,1000
53154,174,random,10,0.6799363057324841,0,11,None,66,1,5,False,1000,1000
53155,170,random,10,0.7218351910828026,0,15,None,66,1,5,False,1000,1000
53156,171,random,10,0.7221337579617835,0,15,None,66,1,5,False,1000,1000
53157,172,random,10,0.7217356687898089,0,15,None,66,1,5,False,1000,1000
53158,173,random,10,0.7223328025477707,0,15,None,66,1,5,False,1000,1000
53159,174,random,10,0.7228304140127388,0,15,None,66,1,5,False,1000,1000
53160,170,random,10,0.7302945859872612,0,17,None,66,1,5,False,1000,1000
53161,171,random,10,0.7308917197452229,0,17,None,66,1,5,False,1000,1000
53162,172,random,10,0.7319864649681529,0,17,None,66,1,5,False,1000,1000
53163,173,random,10,0.732484076433121,0,17,None,66,1,5,False,1000,1000
53164,174,random,10,0.73328025477707,0,17,None,66,1,5,False,1000,1000
53165,170,random,10,0.7326831210191083,0,28,None,66,1,5,False,1000,1000
53166,171,random,10,0.7321855095541401,0,28,None,66,1,5,False,1000,1000
53167,172,random,10,0.7326831210191083,0,28,None,66,1,5,False,1000,1000
53168,173,random,10,0.7323845541401274,0,28,None,66,1,5,False,1000,1000
53169,174,random,10,0.7330812101910829,0,28,None,66,1,5,False,1000,1000
53170,170,random,10,0.6794386942675159,0,26,None,66,1,5,False,1000,1000
53171,171,random,10,0.6812300955414012,0,26,None,66,1,5,False,1000,1000
53172,172,random,10,0.6822253184713376,0,26,None,66,1,5,False,1000,1000
53173,173,random,10,0.6838176751592356,0,26,None,66,1,5,False,1000,1000
53174,174,random,10,0.6844148089171974,0,26,None,66,1,5,False,1000,1000
53175,170,random,10,0.7113853503184714,0,12,None,66,1,5,False,1000,1000
53176,171,random,10,0.7107882165605095,0,12,None,66,1,5,False,1000,1000
53177,172,random,10,0.7118829617834395,0,12,None,66,1,5,False,1000,1000
53178,173,random,10,0.7123805732484076,0,12,None,66,1,5,False,1000,1000
53179,174,random,10,0.7125796178343949,0,12,None,66,1,5,False,1000,1000
53180,170,random,10,0.7092953821656051,0,13,None,66,1,5,False,1000,1000
53181,171,random,10,0.7098925159235668,0,13,None,66,1,5,False,1000,1000
53182,172,random,10,0.7091958598726115,0,13,None,66,1,5,False,1000,1000
53183,173,random,10,0.7100915605095541,0,13,None,66,1,5,False,1000,1000
53184,174,random,10,0.7113853503184714,0,13,None,66,1,5,False,1000,1000
53185,170,random,10,0.7275079617834395,0,6,None,66,1,5,False,1000,1000
53186,171,random,10,0.7278065286624203,0,6,None,66,1,5,False,1000,1000
53187,172,random,10,0.7288017515923567,0,6,None,66,1,5,False,1000,1000
53188,173,random,10,0.7294984076433121,0,6,None,66,1,5,False,1000,1000
53189,174,random,10,0.7293988853503185,0,6,None,66,1,5,False,1000,1000
53190,170,random,10,0.7406449044585988,0,3,None,66,1,5,False,1000,1000
53191,171,random,10,0.7405453821656051,0,3,None,66,1,5,False,1000,1000
53192,172,random,10,0.7409434713375797,0,3,None,66,1,5,False,1000,1000
53193,173,random,10,0.7413415605095541,0,3,None,66,1,5,False,1000,1000
53194,174,random,10,0.7424363057324841,0,3,None,66,1,5,False,1000,1000
53195,170,random,10,0.7470143312101911,0,25,None,66,1,5,False,1000,1000
53196,171,random,10,0.7470143312101911,0,25,None,66,1,5,False,1000,1000
53197,172,random,10,0.7474124203821656,0,25,None,66,1,5,False,1000,1000
53198,173,random,10,0.7487062101910829,0,25,None,66,1,5,False,1000,1000
53199,174,random,10,0.7495023885350318,0,25,None,66,1,5,False,1000,1000
53200,170,random,10,0.7143710191082803,0,9,None,66,1,5,False,1000,1000
53201,171,random,10,0.7147691082802548,0,9,None,66,1,5,False,1000,1000
53202,172,random,10,0.7158638535031847,0,9,None,66,1,5,False,1000,1000
53203,173,random,10,0.7170581210191083,0,9,None,66,1,5,False,1000,1000
53204,174,random,10,0.7189490445859873,0,9,None,66,1,5,False,1000,1000
53205,170,random,10,0.7327826433121019,0,0,None,66,1,5,False,1000,1000
53206,171,random,10,0.731687898089172,0,0,None,66,1,5,False,1000,1000
53207,172,random,10,0.7310907643312102,0,0,None,66,1,5,False,1000,1000
53208,173,random,10,0.7314888535031847,0,0,None,66,1,5,False,1000,1000
53209,174,random,10,0.732484076433121,0,0,None,66,1,5,False,1000,1000
53210,170,random,10,0.7342754777070064,0,4,None,66,1,5,False,1000,1000
53211,171,random,10,0.7341759554140127,0,4,None,66,1,5,False,1000,1000
53212,172,random,10,0.7335788216560509,0,4,None,66,1,5,False,1000,1000
53213,173,random,10,0.7315883757961783,0,4,None,66,1,5,False,1000,1000
53214,174,random,10,0.7322850318471338,0,4,None,66,1,5,False,1000,1000
53215,170,random,10,0.7151671974522293,0,10,None,66,1,5,False,1000,1000
53216,171,random,10,0.7154657643312102,0,10,None,66,1,5,False,1000,1000
53217,172,random,10,0.7173566878980892,0,10,None,66,1,5,False,1000,1000
53218,173,random,10,0.7180533439490446,0,10,None,66,1,5,False,1000,1000
53219,174,random,10,0.7180533439490446,0,10,None,66,1,5,False,1000,1000
53220,170,random,10,0.7158638535031847,0,8,None,66,1,5,False,1000,1000
53221,171,random,10,0.7177547770700637,0,8,None,66,1,5,False,1000,1000
53222,172,random,10,0.7194466560509554,0,8,None,66,1,5,False,1000,1000
53223,173,random,10,0.7204418789808917,0,8,None,66,1,5,False,1000,1000
53224,174,random,10,0.7212380573248408,0,8,None,66,1,5,False,1000,1000
53225,170,random,10,0.7079020700636943,0,20,None,66,1,5,False,1000,1000
53226,171,random,10,0.7088972929936306,0,20,None,66,1,5,False,1000,1000
53227,172,random,10,0.7097929936305732,0,20,None,66,1,5,False,1000,1000
53228,173,random,10,0.7108877388535032,0,20,None,66,1,5,False,1000,1000
53229,174,random,10,0.7113853503184714,0,20,None,66,1,5,False,1000,1000
53230,170,random,10,0.71875,0,22,None,66,1,5,False,1000,1000
53231,171,random,10,0.7195461783439491,0,22,None,66,1,5,False,1000,1000
53232,172,random,10,0.7215366242038217,0,22,None,66,1,5,False,1000,1000
53233,173,random,10,0.7217356687898089,0,22,None,66,1,5,False,1000,1000
53234,174,random,10,0.7221337579617835,0,22,None,66,1,5,False,1000,1000
53235,170,random,10,0.7247213375796179,0,23,None,66,1,5,False,1000,1000
53236,171,random,10,0.7256170382165605,0,23,None,66,1,5,False,1000,1000
53237,172,random,10,0.7262141719745223,0,23,None,66,1,5,False,1000,1000
53238,173,random,10,0.7262141719745223,0,23,None,66,1,5,False,1000,1000
53239,174,random,10,0.7266122611464968,0,23,None,66,1,5,False,1000,1000
53240,170,random,10,0.7262141719745223,0,32,None,66,1,5,False,1000,1000
53241,171,random,10,0.7275079617834395,0,32,None,66,1,5,False,1000,1000
53242,172,random,10,0.727906050955414,0,32,None,66,1,5,False,1000,1000
53243,173,random,10,0.727906050955414,0,32,None,66,1,5,False,1000,1000
53244,174,random,10,0.7283041401273885,0,32,None,66,1,5,False,1000,1000
53245,170,random,10,0.7383558917197452,0,5,None,66,1,5,False,1000,1000
53246,171,random,10,0.738953025477707,0,5,None,66,1,5,False,1000,1000
53247,172,random,10,0.7382563694267515,0,5,None,66,1,5,False,1000,1000
53248,173,random,10,0.7388535031847133,0,5,None,66,1,5,False,1000,1000
53249,174,random,10,0.738953025477707,0,5,None,66,1,5,False,1000,1000
53250,170,random,10,0.7261146496815286,0,7,None,66,1,5,False,1000,1000
53251,171,random,10,0.7266122611464968,0,7,None,66,1,5,False,1000,1000
53252,172,random,10,0.7269108280254777,0,7,None,66,1,5,False,1000,1000
53253,173,random,10,0.7278065286624203,0,7,None,66,1,5,False,1000,1000
53254,174,random,10,0.7288017515923567,0,7,None,66,1,5,False,1000,1000
53255,170,random,10,0.7350716560509554,0,16,None,66,1,5,False,1000,1000
53256,171,random,10,0.7350716560509554,0,16,None,66,1,5,False,1000,1000
53257,172,random,10,0.7353702229299363,0,16,None,66,1,5,False,1000,1000
53258,173,random,10,0.7358678343949044,0,16,None,66,1,5,False,1000,1000
53259,174,random,10,0.7364649681528662,0,16,None,66,1,5,False,1000,1000
53260,170,random,10,0.740047770700637,0,14,None,66,1,5,False,1000,1000
53261,171,random,10,0.7404458598726115,0,14,None,66,1,5,False,1000,1000
53262,172,random,10,0.7398487261146497,0,14,None,66,1,5,False,1000,1000
53263,173,random,10,0.7398487261146497,0,14,None,66,1,5,False,1000,1000
53264,174,random,10,0.7402468152866242,0,14,None,66,1,5,False,1000,1000
53265,170,random,10,0.7335788216560509,0,27,None,66,1,5,False,1000,1000
53266,171,random,10,0.7338773885350318,0,27,None,66,1,5,False,1000,1000
53267,172,random,10,0.7344745222929936,0,27,None,66,1,5,False,1000,1000
53268,173,random,10,0.7349721337579618,0,27,None,66,1,5,False,1000,1000
53269,174,random,10,0.7355692675159236,0,27,None,66,1,5,False,1000,1000
53270,170,random,10,0.6609275477707006,0,30,None,66,1,5,False,1000,1000
53271,171,random,10,0.6650079617834395,0,30,None,66,1,5,False,1000,1000
53272,172,random,10,0.6679936305732485,0,30,None,66,1,5,False,1000,1000
53273,173,random,10,0.6689888535031847,0,30,None,66,1,5,False,1000,1000
53274,174,random,10,0.6722730891719745,0,30,None,66,1,5,False,1000,1000
53275,170,random,10,0.7428343949044586,0,18,None,66,1,5,False,1000,1000
53276,171,random,10,0.7432324840764332,0,18,None,66,1,5,False,1000,1000
53277,172,random,10,0.7429339171974523,0,18,None,66,1,5,False,1000,1000
53278,173,random,10,0.7433320063694268,0,18,None,66,1,5,False,1000,1000
53279,174,random,10,0.7446257961783439,0,18,None,66,1,5,False,1000,1000
53280,170,random,10,0.6522691082802548,0,19,None,66,1,5,False,1000,1000
53281,171,random,10,0.6531648089171974,0,19,None,66,1,5,False,1000,1000
53282,172,random,10,0.6548566878980892,0,19,None,66,1,5,False,1000,1000
53283,173,random,10,0.6553542993630573,0,19,None,66,1,5,False,1000,1000
53284,174,random,10,0.6569466560509554,0,19,None,66,1,5,False,1000,1000
53285,170,random,10,0.703125,0,21,None,66,1,5,False,1000,1000
53286,171,random,10,0.7024283439490446,0,21,None,66,1,5,False,1000,1000
53287,172,random,10,0.7023288216560509,0,21,None,66,1,5,False,1000,1000
53288,173,random,10,0.70203025477707,0,21,None,66,1,5,False,1000,1000
53289,174,random,10,0.7027269108280255,0,21,None,66,1,5,False,1000,1000
53290,170,random,10,0.7232285031847133,0,24,None,66,1,5,False,1000,1000
53291,171,random,10,0.7247213375796179,0,24,None,66,1,5,False,1000,1000
53292,172,random,10,0.7247213375796179,0,24,None,66,1,5,False,1000,1000
53293,173,random,10,0.7267117834394905,0,24,None,66,1,5,False,1000,1000
53294,174,random,10,0.7278065286624203,0,24,None,66,1,5,False,1000,1000
59070,175,random,10,0.6577428343949044,0,1,None,66,1,5,False,1000,1000
59071,176,random,10,0.6583399681528662,0,1,None,66,1,5,False,1000,1000
59072,177,random,10,0.6599323248407644,0,1,None,66,1,5,False,1000,1000
59073,178,random,10,0.6607285031847133,0,1,None,66,1,5,False,1000,1000
59074,179,random,10,0.6624203821656051,0,1,None,66,1,5,False,1000,1000
59075,175,random,10,0.7414410828025477,0,2,None,66,1,5,False,1000,1000
59076,176,random,10,0.7411425159235668,0,2,None,66,1,5,False,1000,1000
59077,177,random,10,0.7410429936305732,0,2,None,66,1,5,False,1000,1000
59078,178,random,10,0.740843949044586,0,2,None,66,1,5,False,1000,1000
59079,179,random,10,0.7407444267515924,0,2,None,66,1,5,False,1000,1000
59080,175,random,10,0.7406449044585988,0,5,None,66,1,5,False,1000,1000
59081,176,random,10,0.7406449044585988,0,5,None,66,1,5,False,1000,1000
59082,177,random,10,0.7412420382165605,0,5,None,66,1,5,False,1000,1000
59083,178,random,10,0.7409434713375797,0,5,None,66,1,5,False,1000,1000
59084,179,random,10,0.7409434713375797,0,5,None,66,1,5,False,1000,1000
59085,175,random,10,0.7121815286624203,0,13,None,66,1,5,False,1000,1000
59086,176,random,10,0.7117834394904459,0,13,None,66,1,5,False,1000,1000
59087,177,random,10,0.7120820063694268,0,13,None,66,1,5,False,1000,1000
59088,178,random,10,0.7124800955414012,0,13,None,66,1,5,False,1000,1000
59089,179,random,10,0.7124800955414012,0,13,None,66,1,5,False,1000,1000
59090,175,random,10,0.7367635350318471,0,16,None,66,1,5,False,1000,1000
59091,176,random,10,0.7377587579617835,0,16,None,66,1,5,False,1000,1000
59092,177,random,10,0.738156847133758,0,16,None,66,1,5,False,1000,1000
59093,178,random,10,0.7386544585987261,0,16,None,66,1,5,False,1000,1000
59094,179,random,10,0.738953025477707,0,16,None,66,1,5,False,1000,1000
59095,175,random,10,0.7207404458598726,0,8,None,66,1,5,False,1000,1000
59096,176,random,10,0.722531847133758,0,8,None,66,1,5,False,1000,1000
59097,177,random,10,0.722531847133758,0,8,None,66,1,5,False,1000,1000
59098,178,random,10,0.7239251592356688,0,8,None,66,1,5,False,1000,1000
59099,179,random,10,0.7254179936305732,0,8,None,66,1,5,False,1000,1000
59100,175,random,10,0.7107882165605095,0,20,None,66,1,5,False,1000,1000
59101,176,random,10,0.7112858280254777,0,20,None,66,1,5,False,1000,1000
59102,177,random,10,0.7123805732484076,0,20,None,66,1,5,False,1000,1000
59103,178,random,10,0.7129777070063694,0,20,None,66,1,5,False,1000,1000
59104,179,random,10,0.7138734076433121,0,20,None,66,1,5,False,1000,1000
59105,175,random,10,0.6580414012738853,0,19,None,66,1,5,False,1000,1000
59106,176,random,10,0.6597332802547771,0,19,None,66,1,5,False,1000,1000
59107,177,random,10,0.6611265923566879,0,19,None,66,1,5,False,1000,1000
59108,178,random,10,0.6613256369426752,0,19,None,66,1,5,False,1000,1000
59109,179,random,10,0.6620222929936306,0,19,None,66,1,5,False,1000,1000
59110,175,random,10,0.7230294585987261,0,22,None,66,1,5,False,1000,1000
59111,176,random,10,0.7240246815286624,0,22,None,66,1,5,False,1000,1000
59112,177,random,10,0.724422770700637,0,22,None,66,1,5,False,1000,1000
59113,178,random,10,0.7257165605095541,0,22,None,66,1,5,False,1000,1000
59114,179,random,10,0.7262141719745223,0,22,None,66,1,5,False,1000,1000
59115,175,random,10,0.7270103503184714,0,23,None,66,1,5,False,1000,1000
59116,176,random,10,0.727906050955414,0,23,None,66,1,5,False,1000,1000
59117,177,random,10,0.7291003184713376,0,23,None,66,1,5,False,1000,1000
59118,178,random,10,0.7302945859872612,0,23,None,66,1,5,False,1000,1000
59119,179,random,10,0.7307921974522293,0,23,None,66,1,5,False,1000,1000
59120,175,random,10,0.7342754777070064,0,17,None,66,1,5,False,1000,1000
59121,176,random,10,0.7355692675159236,0,17,None,66,1,5,False,1000,1000
59122,177,random,10,0.7360668789808917,0,17,None,66,1,5,False,1000,1000
59123,178,random,10,0.7376592356687898,0,17,None,66,1,5,False,1000,1000
59124,179,random,10,0.7378582802547771,0,17,None,66,1,5,False,1000,1000
59125,175,random,10,0.7051154458598726,0,21,None,66,1,5,False,1000,1000
59126,176,random,10,0.7051154458598726,0,21,None,66,1,5,False,1000,1000
59127,177,random,10,0.7060111464968153,0,21,None,66,1,5,False,1000,1000
59128,178,random,10,0.7056130573248408,0,21,None,66,1,5,False,1000,1000
59129,179,random,10,0.7056130573248408,0,21,None,66,1,5,False,1000,1000
59130,175,random,10,0.7353702229299363,0,28,None,66,1,5,False,1000,1000
59131,176,random,10,0.7351711783439491,0,28,None,66,1,5,False,1000,1000
59132,177,random,10,0.7351711783439491,0,28,None,66,1,5,False,1000,1000
59133,178,random,10,0.7363654458598726,0,28,None,66,1,5,False,1000,1000
59134,179,random,10,0.7365644904458599,0,28,None,66,1,5,False,1000,1000
59135,175,random,10,0.7459195859872612,0,18,None,66,1,5,False,1000,1000
59136,176,random,10,0.7457205414012739,0,18,None,66,1,5,False,1000,1000
59137,177,random,10,0.7464171974522293,0,18,None,66,1,5,False,1000,1000
59138,178,random,10,0.7466162420382165,0,18,None,66,1,5,False,1000,1000
59139,179,random,10,0.7477109872611465,0,18,None,66,1,5,False,1000,1000
59140,175,random,10,0.7258160828025477,0,32,None,66,1,5,False,1000,1000
59141,176,random,10,0.7272093949044586,0,32,None,66,1,5,False,1000,1000
59142,177,random,10,0.7276074840764332,0,32,None,66,1,5,False,1000,1000
59143,178,random,10,0.7288017515923567,0,32,None,66,1,5,False,1000,1000
59144,179,random,10,0.7293988853503185,0,32,None,66,1,5,False,1000,1000
59145,175,random,10,0.7299960191082803,0,7,None,66,1,5,False,1000,1000
59146,176,random,10,0.7306926751592356,0,7,None,66,1,5,False,1000,1000
59147,177,random,10,0.7314888535031847,0,7,None,66,1,5,False,1000,1000
59148,178,random,10,0.7320859872611465,0,7,None,66,1,5,False,1000,1000
59149,179,random,10,0.7331807324840764,0,7,None,66,1,5,False,1000,1000
59150,175,random,10,0.7190485668789809,0,9,None,66,1,5,False,1000,1000
59151,176,random,10,0.7199442675159236,0,9,None,66,1,5,False,1000,1000
59152,177,random,10,0.721437101910828,0,9,None,66,1,5,False,1000,1000
59153,178,random,10,0.7232285031847133,0,9,None,66,1,5,False,1000,1000
59154,179,random,10,0.7247213375796179,0,9,None,66,1,5,False,1000,1000
59155,175,random,10,0.7413415605095541,0,14,None,66,1,5,False,1000,1000
59156,176,random,10,0.7415406050955414,0,14,None,66,1,5,False,1000,1000
59157,177,random,10,0.7423367834394905,0,14,None,66,1,5,False,1000,1000
59158,178,random,10,0.7426353503184714,0,14,None,66,1,5,False,1000,1000
59159,179,random,10,0.7415406050955414,0,14,None,66,1,5,False,1000,1000
59160,175,random,10,0.7469148089171974,0,25,None,66,1,5,False,1000,1000
59161,176,random,10,0.74890525477707,0,25,None,66,1,5,False,1000,1000
59162,177,random,10,0.7493033439490446,0,25,None,66,1,5,False,1000,1000
59163,178,random,10,0.7507961783439491,0,25,None,66,1,5,False,1000,1000
59164,179,random,10,0.7523885350318471,0,25,None,66,1,5,False,1000,1000
59165,175,random,10,0.7196457006369427,0,29,None,66,1,5,False,1000,1000
59166,176,random,10,0.71875,0,29,None,66,1,5,False,1000,1000
59167,177,random,10,0.7178542993630573,0,29,None,66,1,5,False,1000,1000
59168,178,random,10,0.7156648089171974,0,29,None,66,1,5,False,1000,1000
59169,179,random,10,0.7161624203821656,0,29,None,66,1,5,False,1000,1000
59170,175,random,10,0.736265923566879,0,4,None,66,1,5,False,1000,1000
59171,176,random,10,0.7352707006369427,0,4,None,66,1,5,False,1000,1000
59172,177,random,10,0.7348726114649682,0,4,None,66,1,5,False,1000,1000
59173,178,random,10,0.7351711783439491,0,4,None,66,1,5,False,1000,1000
59174,179,random,10,0.7347730891719745,0,4,None,66,1,5,False,1000,1000
59175,175,random,10,0.7425358280254777,0,3,None,66,1,5,False,1000,1000
59176,176,random,10,0.7424363057324841,0,3,None,66,1,5,False,1000,1000
59177,177,random,10,0.743531050955414,0,3,None,66,1,5,False,1000,1000
59178,178,random,10,0.7445262738853503,0,3,None,66,1,5,False,1000,1000
59179,179,random,10,0.7452229299363057,0,3,None,66,1,5,False,1000,1000
59180,175,random,10,0.7183519108280255,0,10,None,66,1,5,False,1000,1000
59181,176,random,10,0.7192476114649682,0,10,None,66,1,5,False,1000,1000
59182,177,random,10,0.7196457006369427,0,10,None,66,1,5,False,1000,1000
59183,178,random,10,0.7203423566878981,0,10,None,66,1,5,False,1000,1000
59184,179,random,10,0.7208399681528662,0,10,None,66,1,5,False,1000,1000
59185,175,random,10,0.680234872611465,0,11,None,66,1,5,False,1000,1000
59186,176,random,10,0.6803343949044586,0,11,None,66,1,5,False,1000,1000
59187,177,random,10,0.6807324840764332,0,11,None,66,1,5,False,1000,1000
59188,178,random,10,0.6809315286624203,0,11,None,66,1,5,False,1000,1000
59189,179,random,10,0.681827229299363,0,11,None,66,1,5,False,1000,1000
59190,175,random,10,0.7266122611464968,0,15,None,66,1,5,False,1000,1000
59191,176,random,10,0.7277070063694268,0,15,None,66,1,5,False,1000,1000
59192,177,random,10,0.7277070063694268,0,15,None,66,1,5,False,1000,1000
59193,178,random,10,0.7284036624203821,0,15,None,66,1,5,False,1000,1000
59194,179,random,10,0.7291998407643312,0,15,None,66,1,5,False,1000,1000
59195,175,random,10,0.7153662420382165,0,12,None,66,1,5,False,1000,1000
59196,176,random,10,0.7152667197452229,0,12,None,66,1,5,False,1000,1000
59197,177,random,10,0.7155652866242038,0,12,None,66,1,5,False,1000,1000
59198,178,random,10,0.7159633757961783,0,12,None,66,1,5,False,1000,1000
59199,179,random,10,0.716859076433121,0,12,None,66,1,5,False,1000,1000
59200,175,random,10,0.7293988853503185,0,6,None,66,1,5,False,1000,1000
59201,176,random,10,0.7303941082802548,0,6,None,66,1,5,False,1000,1000
59202,177,random,10,0.7312898089171974,0,6,None,66,1,5,False,1000,1000
59203,178,random,10,0.7317874203821656,0,6,None,66,1,5,False,1000,1000
59204,179,random,10,0.7319864649681529,0,6,None,66,1,5,False,1000,1000
59205,175,random,10,0.6836186305732485,0,26,None,66,1,5,False,1000,1000
59206,176,random,10,0.6844148089171974,0,26,None,66,1,5,False,1000,1000
59207,177,random,10,0.6850119426751592,0,26,None,66,1,5,False,1000,1000
59208,178,random,10,0.6858081210191083,0,26,None,66,1,5,False,1000,1000
59209,179,random,10,0.6862062101910829,0,26,None,66,1,5,False,1000,1000
59210,175,random,10,0.7212380573248408,0,24,None,66,1,5,False,1000,1000
59211,176,random,10,0.7242237261146497,0,24,None,66,1,5,False,1000,1000
59212,177,random,10,0.7272093949044586,0,24,None,66,1,5,False,1000,1000
59213,178,random,10,0.7283041401273885,0,24,None,66,1,5,False,1000,1000
59214,179,random,10,0.729796974522293,0,24,None,66,1,5,False,1000,1000
59215,175,random,10,0.7359673566878981,0,27,None,66,1,5,False,1000,1000
59216,176,random,10,0.737062101910828,0,27,None,66,1,5,False,1000,1000
59217,177,random,10,0.7376592356687898,0,27,None,66,1,5,False,1000,1000
59218,178,random,10,0.7391520700636943,0,27,None,66,1,5,False,1000,1000
59219,179,random,10,0.7399482484076433,0,27,None,66,1,5,False,1000,1000
59220,175,random,10,0.7335788216560509,0,0,None,66,1,5,False,1000,1000
59221,176,random,10,0.7340764331210191,0,0,None,66,1,5,False,1000,1000
59222,177,random,10,0.7346735668789809,0,0,None,66,1,5,False,1000,1000
59223,178,random,10,0.7352707006369427,0,0,None,66,1,5,False,1000,1000
59224,179,random,10,0.734375,0,0,None,66,1,5,False,1000,1000
59225,175,random,10,0.6653065286624203,0,30,None,66,1,5,False,1000,1000
59226,176,random,10,0.6681926751592356,0,30,None,66,1,5,False,1000,1000
59227,177,random,10,0.6711783439490446,0,30,None,66,1,5,False,1000,1000
59228,178,random,10,0.6726711783439491,0,30,None,66,1,5,False,1000,1000
59229,179,random,10,0.6754578025477707,0,30,None,66,1,5,False,1000,1000
59230,175,random,10,0.555234872611465,0,31,None,66,1,5,False,1000,1000
59231,176,random,10,0.6114649681528662,0,31,None,66,1,5,False,1000,1000
59232,177,random,10,0.6458001592356688,0,31,None,66,1,5,False,1000,1000
59233,178,random,10,0.6668988853503185,0,31,None,66,1,5,False,1000,1000
59234,179,random,10,0.6814291401273885,0,31,None,66,1,5,False,1000,1000
59235,180,random,10,0.6590366242038217,0,1,None,66,1,5,False,1000,1000
59236,181,random,10,0.6602308917197452,0,1,None,66,1,5,False,1000,1000
59237,182,random,10,0.6621218152866242,0,1,None,66,1,5,False,1000,1000
59238,183,random,10,0.6633160828025477,0,1,None,66,1,5,False,1000,1000
59239,184,random,10,0.6643113057324841,0,1,None,66,1,5,False,1000,1000
59240,180,random,10,0.707703025477707,0,21,None,66,1,5,False,1000,1000
59241,181,random,10,0.7072054140127388,0,21,None,66,1,5,False,1000,1000
59242,182,random,10,0.706906847133758,0,21,None,66,1,5,False,1000,1000
59243,183,random,10,0.707703025477707,0,21,None,66,1,5,False,1000,1000
59244,184,random,10,0.7079020700636943,0,21,None,66,1,5,False,1000,1000
59245,180,random,10,0.7412420382165605,0,2,None,66,1,5,False,1000,1000
59246,181,random,10,0.741640127388535,0,2,None,66,1,5,False,1000,1000
59247,182,random,10,0.741640127388535,0,2,None,66,1,5,False,1000,1000
59248,183,random,10,0.7417396496815286,0,2,None,66,1,5,False,1000,1000
59249,184,random,10,0.7418391719745223,0,2,None,66,1,5,False,1000,1000
59250,180,random,10,0.6821257961783439,0,11,None,66,1,5,False,1000,1000
59251,181,random,10,0.6832205414012739,0,11,None,66,1,5,False,1000,1000
59252,182,random,10,0.683718152866242,0,11,None,66,1,5,False,1000,1000
59253,183,random,10,0.6836186305732485,0,11,None,66,1,5,False,1000,1000
59254,184,random,10,0.6841162420382165,0,11,None,66,1,5,False,1000,1000
59255,180,random,10,0.7257165605095541,0,10,None,66,1,5,False,1000,1000
59256,181,random,10,0.7267117834394905,0,10,None,66,1,5,False,1000,1000
59257,182,random,10,0.7270103503184714,0,10,None,66,1,5,False,1000,1000
59258,183,random,10,0.7267117834394905,0,10,None,66,1,5,False,1000,1000
59259,184,random,10,0.7268113057324841,0,10,None,66,1,5,False,1000,1000
59260,180,random,10,0.7388535031847133,0,15,None,66,1,5,False,1000,1000
59261,181,random,10,0.738156847133758,0,15,None,66,1,5,False,1000,1000
59262,182,random,10,0.738156847133758,0,15,None,66,1,5,False,1000,1000
59263,183,random,10,0.7392515923566879,0,15,None,66,1,5,False,1000,1000
59264,184,random,10,0.7391520700636943,0,15,None,66,1,5,False,1000,1000
59265,180,random,10,0.7374601910828026,0,17,None,66,1,5,False,1000,1000
59266,181,random,10,0.7397492038216561,0,17,None,66,1,5,False,1000,1000
59267,182,random,10,0.7404458598726115,0,17,None,66,1,5,False,1000,1000
59268,183,random,10,0.7404458598726115,0,17,None,66,1,5,False,1000,1000
59269,184,random,10,0.7409434713375797,0,17,None,66,1,5,False,1000,1000
59270,180,random,10,0.7147691082802548,0,20,None,66,1,5,False,1000,1000
59271,181,random,10,0.7154657643312102,0,20,None,66,1,5,False,1000,1000
59272,182,random,10,0.7167595541401274,0,20,None,66,1,5,False,1000,1000
59273,183,random,10,0.7173566878980892,0,20,None,66,1,5,False,1000,1000
59274,184,random,10,0.7177547770700637,0,20,None,66,1,5,False,1000,1000
59275,180,random,10,0.7387539808917197,0,28,None,66,1,5,False,1000,1000
59276,181,random,10,0.738953025477707,0,28,None,66,1,5,False,1000,1000
59277,182,random,10,0.7393511146496815,0,28,None,66,1,5,False,1000,1000
59278,183,random,10,0.7396496815286624,0,28,None,66,1,5,False,1000,1000
59279,184,random,10,0.7398487261146497,0,28,None,66,1,5,False,1000,1000
59280,180,random,10,0.7175557324840764,0,22,None,66,1,5,False,1000,1000
59281,181,random,10,0.7191480891719745,0,22,None,66,1,5,False,1000,1000
59282,182,random,10,0.7199442675159236,0,22,None,66,1,5,False,1000,1000
59283,183,random,10,0.7212380573248408,0,22,None,66,1,5,False,1000,1000
59284,184,random,10,0.7227308917197452,0,22,None,66,1,5,False,1000,1000
59285,180,random,10,0.7327826433121019,0,23,None,66,1,5,False,1000,1000
59286,181,random,10,0.7336783439490446,0,23,None,66,1,5,False,1000,1000
59287,182,random,10,0.7338773885350318,0,23,None,66,1,5,False,1000,1000
59288,183,random,10,0.7340764331210191,0,23,None,66,1,5,False,1000,1000
59289,184,random,10,0.7345740445859873,0,23,None,66,1,5,False,1000,1000
59290,180,random,10,0.7264132165605095,0,32,None,66,1,5,False,1000,1000
59291,181,random,10,0.7272093949044586,0,32,None,66,1,5,False,1000,1000
59292,182,random,10,0.7291998407643312,0,32,None,66,1,5,False,1000,1000
59293,183,random,10,0.7301950636942676,0,32,None,66,1,5,False,1000,1000
59294,184,random,10,0.7302945859872612,0,32,None,66,1,5,False,1000,1000
59295,180,random,10,0.7411425159235668,0,16,None,66,1,5,False,1000,1000
59296,181,random,10,0.7414410828025477,0,16,None,66,1,5,False,1000,1000
59297,182,random,10,0.7413415605095541,0,16,None,66,1,5,False,1000,1000
59298,183,random,10,0.7419386942675159,0,16,None,66,1,5,False,1000,1000
59299,184,random,10,0.7420382165605095,0,16,None,66,1,5,False,1000,1000
59300,180,random,10,0.7212380573248408,0,8,None,66,1,5,False,1000,1000
59301,181,random,10,0.7229299363057324,0,8,None,66,1,5,False,1000,1000
59302,182,random,10,0.7240246815286624,0,8,None,66,1,5,False,1000,1000
59303,183,random,10,0.7254179936305732,0,8,None,66,1,5,False,1000,1000
59304,184,random,10,0.7275079617834395,0,8,None,66,1,5,False,1000,1000
59305,180,random,10,0.7477109872611465,0,18,None,66,1,5,False,1000,1000
59306,181,random,10,0.7482085987261147,0,18,None,66,1,5,False,1000,1000
59307,182,random,10,0.7495023885350318,0,18,None,66,1,5,False,1000,1000
59308,183,random,10,0.7498009554140127,0,18,None,66,1,5,False,1000,1000
59309,184,random,10,0.7502985668789809,0,18,None,66,1,5,False,1000,1000
59310,180,random,10,0.6624203821656051,0,19,None,66,1,5,False,1000,1000
59311,181,random,10,0.6629179936305732,0,19,None,66,1,5,False,1000,1000
59312,182,random,10,0.6645103503184714,0,19,None,66,1,5,False,1000,1000
59313,183,random,10,0.6655055732484076,0,19,None,66,1,5,False,1000,1000
59314,184,random,10,0.6666998407643312,0,19,None,66,1,5,False,1000,1000
59315,180,random,10,0.7134753184713376,0,13,None,66,1,5,False,1000,1000
59316,181,random,10,0.7137738853503185,0,13,None,66,1,5,False,1000,1000
59317,182,random,10,0.7142714968152867,0,13,None,66,1,5,False,1000,1000
59318,183,random,10,0.7151671974522293,0,13,None,66,1,5,False,1000,1000
59319,184,random,10,0.7154657643312102,0,13,None,66,1,5,False,1000,1000
59320,180,random,10,0.6877985668789809,0,31,None,66,1,5,False,1000,1000
59321,181,random,10,0.6924761146496815,0,31,None,66,1,5,False,1000,1000
59322,182,random,10,0.6982484076433121,0,31,None,66,1,5,False,1000,1000
59323,183,random,10,0.703125,0,31,None,66,1,5,False,1000,1000
59324,184,random,10,0.7048168789808917,0,31,None,66,1,5,False,1000,1000
59325,180,random,10,0.7219347133757962,0,24,None,66,1,5,False,1000,1000
59326,181,random,10,0.724422770700637,0,24,None,66,1,5,False,1000,1000
59327,182,random,10,0.727906050955414,0,24,None,66,1,5,False,1000,1000
59328,183,random,10,0.7293988853503185,0,24,None,66,1,5,False,1000,1000
59329,184,random,10,0.7320859872611465,0,24,None,66,1,5,False,1000,1000
59330,180,random,10,0.7391520700636943,0,27,None,66,1,5,False,1000,1000
59331,181,random,10,0.740047770700637,0,27,None,66,1,5,False,1000,1000
59332,182,random,10,0.7412420382165605,0,27,None,66,1,5,False,1000,1000
59333,183,random,10,0.7417396496815286,0,27,None,66,1,5,False,1000,1000
59334,184,random,10,0.7417396496815286,0,27,None,66,1,5,False,1000,1000
59335,180,random,10,0.7432324840764332,0,5,None,66,1,5,False,1000,1000
59336,181,random,10,0.7434315286624203,0,5,None,66,1,5,False,1000,1000
59337,182,random,10,0.7430334394904459,0,5,None,66,1,5,False,1000,1000
59338,183,random,10,0.7440286624203821,0,5,None,66,1,5,False,1000,1000
59339,184,random,10,0.7441281847133758,0,5,None,66,1,5,False,1000,1000
59340,180,random,10,0.738156847133758,0,4,None,66,1,5,False,1000,1000
59341,181,random,10,0.7369625796178344,0,4,None,66,1,5,False,1000,1000
59342,182,random,10,0.7363654458598726,0,4,None,66,1,5,False,1000,1000
59343,183,random,10,0.7360668789808917,0,4,None,66,1,5,False,1000,1000
59344,184,random,10,0.7365644904458599,0,4,None,66,1,5,False,1000,1000
59345,180,random,10,0.7341759554140127,0,7,None,66,1,5,False,1000,1000
59346,181,random,10,0.7347730891719745,0,7,None,66,1,5,False,1000,1000
59347,182,random,10,0.7355692675159236,0,7,None,66,1,5,False,1000,1000
59348,183,random,10,0.7357683121019108,0,7,None,66,1,5,False,1000,1000
59349,184,random,10,0.736265923566879,0,7,None,66,1,5,False,1000,1000
59350,180,random,10,0.7318869426751592,0,6,None,66,1,5,False,1000,1000
59351,181,random,10,0.7333797770700637,0,6,None,66,1,5,False,1000,1000
59352,182,random,10,0.7335788216560509,0,6,None,66,1,5,False,1000,1000
59353,183,random,10,0.7340764331210191,0,6,None,66,1,5,False,1000,1000
59354,184,random,10,0.7348726114649682,0,6,None,66,1,5,False,1000,1000
59355,180,random,10,0.6858081210191083,0,26,None,66,1,5,False,1000,1000
59356,181,random,10,0.6870023885350318,0,26,None,66,1,5,False,1000,1000
59357,182,random,10,0.6880971337579618,0,26,None,66,1,5,False,1000,1000
59358,183,random,10,0.6882961783439491,0,26,None,66,1,5,False,1000,1000
59359,184,random,10,0.6890923566878981,0,26,None,66,1,5,False,1000,1000
59360,180,random,10,0.7135748407643312,0,12,None,66,1,5,False,1000,1000
59361,181,random,10,0.7131767515923567,0,12,None,66,1,5,False,1000,1000
59362,182,random,10,0.7154657643312102,0,12,None,66,1,5,False,1000,1000
59363,183,random,10,0.7159633757961783,0,12,None,66,1,5,False,1000,1000
59364,184,random,10,0.7154657643312102,0,12,None,66,1,5,False,1000,1000
59365,180,random,10,0.6702826433121019,0,30,None,66,1,5,False,1000,1000
59366,181,random,10,0.6725716560509554,0,30,None,66,1,5,False,1000,1000
59367,182,random,10,0.6754578025477707,0,30,None,66,1,5,False,1000,1000
59368,183,random,10,0.6770501592356688,0,30,None,66,1,5,False,1000,1000
59369,184,random,10,0.678343949044586,0,30,None,66,1,5,False,1000,1000
59370,180,random,10,0.7392515923566879,0,0,None,66,1,5,False,1000,1000
59371,181,random,10,0.7391520700636943,0,0,None,66,1,5,False,1000,1000
59372,182,random,10,0.7393511146496815,0,0,None,66,1,5,False,1000,1000
59373,183,random,10,0.7399482484076433,0,0,None,66,1,5,False,1000,1000
59374,184,random,10,0.7403463375796179,0,0,None,66,1,5,False,1000,1000
59375,180,random,10,0.7461186305732485,0,3,None,66,1,5,False,1000,1000
59376,181,random,10,0.7477109872611465,0,3,None,66,1,5,False,1000,1000
59377,182,random,10,0.7475119426751592,0,3,None,66,1,5,False,1000,1000
59378,183,random,10,0.7482085987261147,0,3,None,66,1,5,False,1000,1000
59379,184,random,10,0.7493033439490446,0,3,None,66,1,5,False,1000,1000
59380,180,random,10,0.7164609872611465,0,9,None,66,1,5,False,1000,1000
59381,181,random,10,0.71875,0,9,None,66,1,5,False,1000,1000
59382,182,random,10,0.7194466560509554,0,9,None,66,1,5,False,1000,1000
59383,183,random,10,0.7211385350318471,0,9,None,66,1,5,False,1000,1000
59384,184,random,10,0.7226313694267515,0,9,None,66,1,5,False,1000,1000
59385,180,random,10,0.7432324840764332,0,25,None,66,1,5,False,1000,1000
59386,181,random,10,0.7461186305732485,0,25,None,66,1,5,False,1000,1000
59387,182,random,10,0.7478105095541401,0,25,None,66,1,5,False,1000,1000
59388,183,random,10,0.75,0,25,None,66,1,5,False,1000,1000
59389,184,random,10,0.7511942675159236,0,25,None,66,1,5,False,1000,1000
59390,180,random,10,0.7432324840764332,0,14,None,66,1,5,False,1000,1000
59391,181,random,10,0.7422372611464968,0,14,None,66,1,5,False,1000,1000
59392,182,random,10,0.7432324840764332,0,14,None,66,1,5,False,1000,1000
59393,183,random,10,0.742734872611465,0,14,None,66,1,5,False,1000,1000
59394,184,random,10,0.7422372611464968,0,14,None,66,1,5,False,1000,1000
59395,180,random,10,0.7232285031847133,0,29,None,66,1,5,False,1000,1000
59396,181,random,10,0.7186504777070064,0,29,None,66,1,5,False,1000,1000
59397,182,random,10,0.716859076433121,0,29,None,66,1,5,False,1000,1000
59398,183,random,10,0.7158638535031847,0,29,None,66,1,5,False,1000,1000
59399,184,random,10,0.7152667197452229,0,29,None,66,1,5,False,1000,1000
59565,185,random,10,0.7216361464968153,0,22,None,66,1,5,False,1000,1000
59566,186,random,10,0.7229299363057324,0,22,None,66,1,5,False,1000,1000
59567,187,random,10,0.7247213375796179,0,22,None,66,1,5,False,1000,1000
59568,188,random,10,0.7261146496815286,0,22,None,66,1,5,False,1000,1000
59569,189,random,10,0.7277070063694268,0,22,None,66,1,5,False,1000,1000
59570,185,random,10,0.6897890127388535,0,26,None,66,1,5,False,1000,1000
59571,186,random,10,0.6902866242038217,0,26,None,66,1,5,False,1000,1000
59572,187,random,10,0.6911823248407644,0,26,None,66,1,5,False,1000,1000
59573,188,random,10,0.6921775477707006,0,26,None,66,1,5,False,1000,1000
59574,189,random,10,0.6922770700636943,0,26,None,66,1,5,False,1000,1000
59575,185,random,10,0.7437300955414012,0,16,None,66,1,5,False,1000,1000
59576,186,random,10,0.7432324840764332,0,16,None,66,1,5,False,1000,1000
59577,187,random,10,0.7445262738853503,0,16,None,66,1,5,False,1000,1000
59578,188,random,10,0.7446257961783439,0,16,None,66,1,5,False,1000,1000
59579,189,random,10,0.7450238853503185,0,16,None,66,1,5,False,1000,1000
59580,185,random,10,0.7273089171974523,0,8,None,66,1,5,False,1000,1000
59581,186,random,10,0.7289012738853503,0,8,None,66,1,5,False,1000,1000
59582,187,random,10,0.7301950636942676,0,8,None,66,1,5,False,1000,1000
59583,188,random,10,0.7312898089171974,0,8,None,66,1,5,False,1000,1000
59584,189,random,10,0.7328821656050956,0,8,None,66,1,5,False,1000,1000
59585,185,random,10,0.7527866242038217,0,18,None,66,1,5,False,1000,1000
59586,186,random,10,0.752687101910828,0,18,None,66,1,5,False,1000,1000
59587,187,random,10,0.7523885350318471,0,18,None,66,1,5,False,1000,1000
59588,188,random,10,0.7522890127388535,0,18,None,66,1,5,False,1000,1000
59589,189,random,10,0.7525875796178344,0,18,None,66,1,5,False,1000,1000
59590,185,random,10,0.71875,0,20,None,66,1,5,False,1000,1000
59591,186,random,10,0.7192476114649682,0,20,None,66,1,5,False,1000,1000
59592,187,random,10,0.720640923566879,0,20,None,66,1,5,False,1000,1000
59593,188,random,10,0.7215366242038217,0,20,None,66,1,5,False,1000,1000
59594,189,random,10,0.7229299363057324,0,20,None,66,1,5,False,1000,1000
59595,185,random,10,0.740843949044586,0,23,None,66,1,5,False,1000,1000
59596,186,random,10,0.7406449044585988,0,23,None,66,1,5,False,1000,1000
59597,187,random,10,0.7410429936305732,0,23,None,66,1,5,False,1000,1000
59598,188,random,10,0.7407444267515924,0,23,None,66,1,5,False,1000,1000
59599,189,random,10,0.7397492038216561,0,23,None,66,1,5,False,1000,1000
59600,185,random,10,0.7338773885350318,0,7,None,66,1,5,False,1000,1000
59601,186,random,10,0.7351711783439491,0,7,None,66,1,5,False,1000,1000
59602,187,random,10,0.7359673566878981,0,7,None,66,1,5,False,1000,1000
59603,188,random,10,0.7365644904458599,0,7,None,66,1,5,False,1000,1000
59604,189,random,10,0.7367635350318471,0,7,None,66,1,5,False,1000,1000
59605,185,random,10,0.7432324840764332,0,4,None,66,1,5,False,1000,1000
59606,186,random,10,0.7413415605095541,0,4,None,66,1,5,False,1000,1000
59607,187,random,10,0.7409434713375797,0,4,None,66,1,5,False,1000,1000
59608,188,random,10,0.7410429936305732,0,4,None,66,1,5,False,1000,1000
59609,189,random,10,0.741640127388535,0,4,None,66,1,5,False,1000,1000
59610,185,random,10,0.7243232484076433,0,32,None,66,1,5,False,1000,1000
59611,186,random,10,0.7254179936305732,0,32,None,66,1,5,False,1000,1000
59612,187,random,10,0.7265127388535032,0,32,None,66,1,5,False,1000,1000
59613,188,random,10,0.7266122611464968,0,32,None,66,1,5,False,1000,1000
59614,189,random,10,0.7281050955414012,0,32,None,66,1,5,False,1000,1000
59615,185,random,10,0.6220143312101911,0,1,None,66,1,5,False,1000,1000
59616,186,random,10,0.6381369426751592,0,1,None,66,1,5,False,1000,1000
59617,187,random,10,0.6481886942675159,0,1,None,66,1,5,False,1000,1000
59618,188,random,10,0.6531648089171974,0,1,None,66,1,5,False,1000,1000
59619,189,random,10,0.6576433121019108,0,1,None,66,1,5,False,1000,1000
59620,185,random,10,0.7189490445859873,0,13,None,66,1,5,False,1000,1000
59621,186,random,10,0.7195461783439491,0,13,None,66,1,5,False,1000,1000
59622,187,random,10,0.71984474522293,0,13,None,66,1,5,False,1000,1000
59623,188,random,10,0.7201433121019108,0,13,None,66,1,5,False,1000,1000
59624,189,random,10,0.7212380573248408,0,13,None,66,1,5,False,1000,1000
59625,185,random,10,0.7186504777070064,0,12,None,66,1,5,False,1000,1000
59626,186,random,10,0.7192476114649682,0,12,None,66,1,5,False,1000,1000
59627,187,random,10,0.7190485668789809,0,12,None,66,1,5,False,1000,1000
59628,188,random,10,0.7197452229299363,0,12,None,66,1,5,False,1000,1000
59629,189,random,10,0.7200437898089171,0,12,None,66,1,5,False,1000,1000
59630,185,random,10,0.746218152866242,0,14,None,66,1,5,False,1000,1000
59631,186,random,10,0.7467157643312102,0,14,None,66,1,5,False,1000,1000
59632,187,random,10,0.7470143312101911,0,14,None,66,1,5,False,1000,1000
59633,188,random,10,0.7472133757961783,0,14,None,66,1,5,False,1000,1000
59634,189,random,10,0.747312898089172,0,14,None,66,1,5,False,1000,1000
59635,185,random,10,0.7530851910828026,0,25,None,66,1,5,False,1000,1000
59636,186,random,10,0.7533837579617835,0,25,None,66,1,5,False,1000,1000
59637,187,random,10,0.754578025477707,0,25,None,66,1,5,False,1000,1000
59638,188,random,10,0.7558718152866242,0,25,None,66,1,5,False,1000,1000
59639,189,random,10,0.7570660828025477,0,25,None,66,1,5,False,1000,1000
59640,185,random,10,0.7138734076433121,0,21,None,66,1,5,False,1000,1000
59641,186,random,10,0.7131767515923567,0,21,None,66,1,5,False,1000,1000
59642,187,random,10,0.7126791401273885,0,21,None,66,1,5,False,1000,1000
59643,188,random,10,0.7125796178343949,0,21,None,66,1,5,False,1000,1000
59644,189,random,10,0.7126791401273885,0,21,None,66,1,5,False,1000,1000
59645,185,random,10,0.6701831210191083,0,19,None,66,1,5,False,1000,1000
59646,186,random,10,0.6701831210191083,0,19,None,66,1,5,False,1000,1000
59647,187,random,10,0.67078025477707,0,19,None,66,1,5,False,1000,1000
59648,188,random,10,0.6714769108280255,0,19,None,66,1,5,False,1000,1000
59649,189,random,10,0.671875,0,19,None,66,1,5,False,1000,1000
59650,185,random,10,0.7428343949044586,0,28,None,66,1,5,False,1000,1000
59651,186,random,10,0.7421377388535032,0,28,None,66,1,5,False,1000,1000
59652,187,random,10,0.7418391719745223,0,28,None,66,1,5,False,1000,1000
59653,188,random,10,0.7424363057324841,0,28,None,66,1,5,False,1000,1000
59654,189,random,10,0.742734872611465,0,28,None,66,1,5,False,1000,1000
59655,185,random,10,0.6779458598726115,0,30,None,66,1,5,False,1000,1000
59656,186,random,10,0.6790406050955414,0,30,None,66,1,5,False,1000,1000
59657,187,random,10,0.681031050955414,0,30,None,66,1,5,False,1000,1000
59658,188,random,10,0.6819267515923567,0,30,None,66,1,5,False,1000,1000
59659,189,random,10,0.6827229299363057,0,30,None,66,1,5,False,1000,1000
59660,185,random,10,0.7426353503184714,0,27,None,66,1,5,False,1000,1000
59661,186,random,10,0.7431329617834395,0,27,None,66,1,5,False,1000,1000
59662,187,random,10,0.7448248407643312,0,27,None,66,1,5,False,1000,1000
59663,188,random,10,0.745421974522293,0,27,None,66,1,5,False,1000,1000
59664,189,random,10,0.7453224522292994,0,27,None,66,1,5,False,1000,1000
59665,185,random,10,0.6068869426751592,0,31,None,66,1,5,False,1000,1000
59666,186,random,10,0.6550557324840764,0,31,None,66,1,5,False,1000,1000
59667,187,random,10,0.6796377388535032,0,31,None,66,1,5,False,1000,1000
59668,188,random,10,0.6929737261146497,0,31,None,66,1,5,False,1000,1000
59669,189,random,10,0.6979498407643312,0,31,None,66,1,5,False,1000,1000
59670,185,random,10,0.7241242038216561,0,29,None,66,1,5,False,1000,1000
59671,186,random,10,0.7210390127388535,0,29,None,66,1,5,False,1000,1000
59672,187,random,10,0.7202428343949044,0,29,None,66,1,5,False,1000,1000
59673,188,random,10,0.7195461783439491,0,29,None,66,1,5,False,1000,1000
59674,189,random,10,0.7185509554140127,0,29,None,66,1,5,False,1000,1000
59675,185,random,10,0.71984474522293,0,9,None,66,1,5,False,1000,1000
59676,186,random,10,0.7217356687898089,0,9,None,66,1,5,False,1000,1000
59677,187,random,10,0.7249203821656051,0,9,None,66,1,5,False,1000,1000
59678,188,random,10,0.726015127388535,0,9,None,66,1,5,False,1000,1000
59679,189,random,10,0.7272093949044586,0,9,None,66,1,5,False,1000,1000
59680,185,random,10,0.7412420382165605,0,15,None,66,1,5,False,1000,1000
59681,186,random,10,0.7418391719745223,0,15,None,66,1,5,False,1000,1000
59682,187,random,10,0.7414410828025477,0,15,None,66,1,5,False,1000,1000
59683,188,random,10,0.7422372611464968,0,15,None,66,1,5,False,1000,1000
59684,189,random,10,0.7425358280254777,0,15,None,66,1,5,False,1000,1000
59685,185,random,10,0.7286027070063694,0,10,None,66,1,5,False,1000,1000
59686,186,random,10,0.7285031847133758,0,10,None,66,1,5,False,1000,1000
59687,187,random,10,0.7281050955414012,0,10,None,66,1,5,False,1000,1000
59688,188,random,10,0.7282046178343949,0,10,None,66,1,5,False,1000,1000
59689,189,random,10,0.7289012738853503,0,10,None,66,1,5,False,1000,1000
59690,185,random,10,0.6803343949044586,0,11,None,66,1,5,False,1000,1000
59691,186,random,10,0.6807324840764332,0,11,None,66,1,5,False,1000,1000
59692,187,random,10,0.6825238853503185,0,11,None,66,1,5,False,1000,1000
59693,188,random,10,0.6835191082802548,0,11,None,66,1,5,False,1000,1000
59694,189,random,10,0.6841162420382165,0,11,None,66,1,5,False,1000,1000
59695,185,random,10,0.7421377388535032,0,17,None,66,1,5,False,1000,1000
59696,186,random,10,0.7423367834394905,0,17,None,66,1,5,False,1000,1000
59697,187,random,10,0.7436305732484076,0,17,None,66,1,5,False,1000,1000
59698,188,random,10,0.7431329617834395,0,17,None,66,1,5,False,1000,1000
59699,189,random,10,0.7431329617834395,0,17,None,66,1,5,False,1000,1000
59700,185,random,10,0.7274084394904459,0,24,None,66,1,5,False,1000,1000
59701,186,random,10,0.7308917197452229,0,24,None,66,1,5,False,1000,1000
59702,187,random,10,0.7307921974522293,0,24,None,66,1,5,False,1000,1000
59703,188,random,10,0.7335788216560509,0,24,None,66,1,5,False,1000,1000
59704,189,random,10,0.7355692675159236,0,24,None,66,1,5,False,1000,1000
59705,185,random,10,0.7441281847133758,0,2,None,66,1,5,False,1000,1000
59706,186,random,10,0.7438296178343949,0,2,None,66,1,5,False,1000,1000
59707,187,random,10,0.7440286624203821,0,2,None,66,1,5,False,1000,1000
59708,188,random,10,0.7444267515923567,0,2,None,66,1,5,False,1000,1000
59709,189,random,10,0.7444267515923567,0,2,None,66,1,5,False,1000,1000
59710,185,random,10,0.7407444267515924,0,0,None,66,1,5,False,1000,1000
59711,186,random,10,0.7420382165605095,0,0,None,66,1,5,False,1000,1000
59712,187,random,10,0.7412420382165605,0,0,None,66,1,5,False,1000,1000
59713,188,random,10,0.7407444267515924,0,0,None,66,1,5,False,1000,1000
59714,189,random,10,0.7411425159235668,0,0,None,66,1,5,False,1000,1000
59715,185,random,10,0.7479100318471338,0,3,None,66,1,5,False,1000,1000
59716,186,random,10,0.7485071656050956,0,3,None,66,1,5,False,1000,1000
59717,187,random,10,0.7491042993630573,0,3,None,66,1,5,False,1000,1000
59718,188,random,10,0.7496019108280255,0,3,None,66,1,5,False,1000,1000
59719,189,random,10,0.7509952229299363,0,3,None,66,1,5,False,1000,1000
59720,185,random,10,0.7450238853503185,0,5,None,66,1,5,False,1000,1000
59721,186,random,10,0.7449243630573248,0,5,None,66,1,5,False,1000,1000
59722,187,random,10,0.7459195859872612,0,5,None,66,1,5,False,1000,1000
59723,188,random,10,0.7463176751592356,0,5,None,66,1,5,False,1000,1000
59724,189,random,10,0.7469148089171974,0,5,None,66,1,5,False,1000,1000
59725,185,random,10,0.7357683121019108,0,6,None,66,1,5,False,1000,1000
59726,186,random,10,0.7359673566878981,0,6,None,66,1,5,False,1000,1000
59727,187,random,10,0.736265923566879,0,6,None,66,1,5,False,1000,1000
59728,188,random,10,0.737062101910828,0,6,None,66,1,5,False,1000,1000
59729,189,random,10,0.7379578025477707,0,6,None,66,1,5,False,1000,1000
59730,190,random,10,0.7449243630573248,0,16,None,66,1,5,False,1000,1000
59731,191,random,10,0.7452229299363057,0,16,None,66,1,5,False,1000,1000
59732,192,random,10,0.7465167197452229,0,16,None,66,1,5,False,1000,1000
59733,193,random,10,0.7468152866242038,0,16,None,66,1,5,False,1000,1000
59734,194,random,10,0.7469148089171974,0,16,None,66,1,5,False,1000,1000
59735,190,random,10,0.7269108280254777,0,32,None,66,1,5,False,1000,1000
59736,191,random,10,0.7288017515923567,0,32,None,66,1,5,False,1000,1000
59737,192,random,10,0.7308917197452229,0,32,None,66,1,5,False,1000,1000
59738,193,random,10,0.7311902866242038,0,32,None,66,1,5,False,1000,1000
59739,194,random,10,0.7323845541401274,0,32,None,66,1,5,False,1000,1000
59740,190,random,10,0.6154458598726115,0,1,None,66,1,5,False,1000,1000
59741,191,random,10,0.6327627388535032,0,1,None,66,1,5,False,1000,1000
59742,192,random,10,0.6450039808917197,0,1,None,66,1,5,False,1000,1000
59743,193,random,10,0.6512738853503185,0,1,None,66,1,5,False,1000,1000
59744,194,random,10,0.6561504777070064,0,1,None,66,1,5,False,1000,1000
59745,190,random,10,0.7485071656050956,0,2,None,66,1,5,False,1000,1000
59746,191,random,10,0.7479100318471338,0,2,None,66,1,5,False,1000,1000
59747,192,random,10,0.748109076433121,0,2,None,66,1,5,False,1000,1000
59748,193,random,10,0.7482085987261147,0,2,None,66,1,5,False,1000,1000
59749,194,random,10,0.7477109872611465,0,2,None,66,1,5,False,1000,1000
59750,190,random,10,0.7458200636942676,0,28,None,66,1,5,False,1000,1000
59751,191,random,10,0.7475119426751592,0,28,None,66,1,5,False,1000,1000
59752,192,random,10,0.7470143312101911,0,28,None,66,1,5,False,1000,1000
59753,193,random,10,0.7474124203821656,0,28,None,66,1,5,False,1000,1000
59754,194,random,10,0.7466162420382165,0,28,None,66,1,5,False,1000,1000
59755,190,random,10,0.71875,0,29,None,66,1,5,False,1000,1000
59756,191,random,10,0.7183519108280255,0,29,None,66,1,5,False,1000,1000
59757,192,random,10,0.7186504777070064,0,29,None,66,1,5,False,1000,1000
59758,193,random,10,0.7178542993630573,0,29,None,66,1,5,False,1000,1000
59759,194,random,10,0.7173566878980892,0,29,None,66,1,5,False,1000,1000
59760,190,random,10,0.730593152866242,0,10,None,66,1,5,False,1000,1000
59761,191,random,10,0.7312898089171974,0,10,None,66,1,5,False,1000,1000
59762,192,random,10,0.731687898089172,0,10,None,66,1,5,False,1000,1000
59763,193,random,10,0.7319864649681529,0,10,None,66,1,5,False,1000,1000
59764,194,random,10,0.7323845541401274,0,10,None,66,1,5,False,1000,1000
59765,190,random,10,0.7445262738853503,0,15,None,66,1,5,False,1000,1000
59766,191,random,10,0.7450238853503185,0,15,None,66,1,5,False,1000,1000
59767,192,random,10,0.7447253184713376,0,15,None,66,1,5,False,1000,1000
59768,193,random,10,0.7456210191082803,0,15,None,66,1,5,False,1000,1000
59769,194,random,10,0.7466162420382165,0,15,None,66,1,5,False,1000,1000
59770,190,random,10,0.721437101910828,0,13,None,66,1,5,False,1000,1000
59771,191,random,10,0.7219347133757962,0,13,None,66,1,5,False,1000,1000
59772,192,random,10,0.7222332802547771,0,13,None,66,1,5,False,1000,1000
59773,193,random,10,0.7231289808917197,0,13,None,66,1,5,False,1000,1000
59774,194,random,10,0.7256170382165605,0,13,None,66,1,5,False,1000,1000
59775,190,random,10,0.7566679936305732,0,25,None,66,1,5,False,1000,1000
59776,191,random,10,0.7575636942675159,0,25,None,66,1,5,False,1000,1000
59777,192,random,10,0.7581608280254777,0,25,None,66,1,5,False,1000,1000
59778,193,random,10,0.7592555732484076,0,25,None,66,1,5,False,1000,1000
59779,194,random,10,0.7596536624203821,0,25,None,66,1,5,False,1000,1000
59780,190,random,10,0.6814291401273885,0,11,None,66,1,5,False,1000,1000
59781,191,random,10,0.6830214968152867,0,11,None,66,1,5,False,1000,1000
59782,192,random,10,0.6835191082802548,0,11,None,66,1,5,False,1000,1000
59783,193,random,10,0.6841162420382165,0,11,None,66,1,5,False,1000,1000
59784,194,random,10,0.685609076433121,0,11,None,66,1,5,False,1000,1000
59785,190,random,10,0.7434315286624203,0,17,None,66,1,5,False,1000,1000
59786,191,random,10,0.7440286624203821,0,17,None,66,1,5,False,1000,1000
59787,192,random,10,0.7445262738853503,0,17,None,66,1,5,False,1000,1000
59788,193,random,10,0.7446257961783439,0,17,None,66,1,5,False,1000,1000
59789,194,random,10,0.7450238853503185,0,17,None,66,1,5,False,1000,1000
59790,190,random,10,0.7533837579617835,0,18,None,66,1,5,False,1000,1000
59791,191,random,10,0.7536823248407644,0,18,None,66,1,5,False,1000,1000
59792,192,random,10,0.7543789808917197,0,18,None,66,1,5,False,1000,1000
59793,193,random,10,0.7538813694267515,0,18,None,66,1,5,False,1000,1000
59794,194,random,10,0.7548765923566879,0,18,None,66,1,5,False,1000,1000
59795,190,random,10,0.7328821656050956,0,8,None,66,1,5,False,1000,1000
59796,191,random,10,0.734375,0,8,None,66,1,5,False,1000,1000
59797,192,random,10,0.7353702229299363,0,8,None,66,1,5,False,1000,1000
59798,193,random,10,0.7360668789808917,0,8,None,66,1,5,False,1000,1000
59799,194,random,10,0.7365644904458599,0,8,None,66,1,5,False,1000,1000
59800,190,random,10,0.5270700636942676,0,31,None,66,1,5,False,1000,1000
59801,191,random,10,0.5942476114649682,0,31,None,66,1,5,False,1000,1000
59802,192,random,10,0.638734076433121,0,31,None,66,1,5,False,1000,1000
59803,193,random,10,0.6681926751592356,0,31,None,66,1,5,False,1000,1000
59804,194,random,10,0.6825238853503185,0,31,None,66,1,5,False,1000,1000
59805,190,random,10,0.7239251592356688,0,20,None,66,1,5,False,1000,1000
59806,191,random,10,0.7253184713375797,0,20,None,66,1,5,False,1000,1000
59807,192,random,10,0.7263136942675159,0,20,None,66,1,5,False,1000,1000
59808,193,random,10,0.727109872611465,0,20,None,66,1,5,False,1000,1000
59809,194,random,10,0.7288017515923567,0,20,None,66,1,5,False,1000,1000
59810,190,random,10,0.75,0,3,None,66,1,5,False,1000,1000
59811,191,random,10,0.7508957006369427,0,3,None,66,1,5,False,1000,1000
59812,192,random,10,0.751890923566879,0,3,None,66,1,5,False,1000,1000
59813,193,random,10,0.751890923566879,0,3,None,66,1,5,False,1000,1000
59814,194,random,10,0.7527866242038217,0,3,None,66,1,5,False,1000,1000
59815,190,random,10,0.7250199044585988,0,9,None,66,1,5,False,1000,1000
59816,191,random,10,0.7258160828025477,0,9,None,66,1,5,False,1000,1000
59817,192,random,10,0.7280055732484076,0,9,None,66,1,5,False,1000,1000
59818,193,random,10,0.7295979299363057,0,9,None,66,1,5,False,1000,1000
59819,194,random,10,0.730593152866242,0,9,None,66,1,5,False,1000,1000
59820,190,random,10,0.7243232484076433,0,22,None,66,1,5,False,1000,1000
59821,191,random,10,0.7254179936305732,0,22,None,66,1,5,False,1000,1000
59822,192,random,10,0.727906050955414,0,22,None,66,1,5,False,1000,1000
59823,193,random,10,0.7294984076433121,0,22,None,66,1,5,False,1000,1000
59824,194,random,10,0.730593152866242,0,22,None,66,1,5,False,1000,1000
59825,190,random,10,0.7484076433121019,0,27,None,66,1,5,False,1000,1000
59826,191,random,10,0.7486066878980892,0,27,None,66,1,5,False,1000,1000
59827,192,random,10,0.7494028662420382,0,27,None,66,1,5,False,1000,1000
59828,193,random,10,0.7495023885350318,0,27,None,66,1,5,False,1000,1000
59829,194,random,10,0.7505971337579618,0,27,None,66,1,5,False,1000,1000
59830,190,random,10,0.6774482484076433,0,19,None,66,1,5,False,1000,1000
59831,191,random,10,0.6763535031847133,0,19,None,66,1,5,False,1000,1000
59832,192,random,10,0.6765525477707006,0,19,None,66,1,5,False,1000,1000
59833,193,random,10,0.6771496815286624,0,19,None,66,1,5,False,1000,1000
59834,194,random,10,0.6785429936305732,0,19,None,66,1,5,False,1000,1000
59835,190,random,10,0.7161624203821656,0,21,None,66,1,5,False,1000,1000
59836,191,random,10,0.716062898089172,0,21,None,66,1,5,False,1000,1000
59837,192,random,10,0.7153662420382165,0,21,None,66,1,5,False,1000,1000
59838,193,random,10,0.7161624203821656,0,21,None,66,1,5,False,1000,1000
59839,194,random,10,0.7166600318471338,0,21,None,66,1,5,False,1000,1000
59840,190,random,10,0.7286027070063694,0,24,None,66,1,5,False,1000,1000
59841,191,random,10,0.7330812101910829,0,24,None,66,1,5,False,1000,1000
59842,192,random,10,0.7359673566878981,0,24,None,66,1,5,False,1000,1000
59843,193,random,10,0.7371616242038217,0,24,None,66,1,5,False,1000,1000
59844,194,random,10,0.7391520700636943,0,24,None,66,1,5,False,1000,1000
59845,190,random,10,0.7418391719745223,0,23,None,66,1,5,False,1000,1000
59846,191,random,10,0.7422372611464968,0,23,None,66,1,5,False,1000,1000
59847,192,random,10,0.7417396496815286,0,23,None,66,1,5,False,1000,1000
59848,193,random,10,0.7428343949044586,0,23,None,66,1,5,False,1000,1000
59849,194,random,10,0.7424363057324841,0,23,None,66,1,5,False,1000,1000
59850,190,random,10,0.7434315286624203,0,0,None,66,1,5,False,1000,1000
59851,191,random,10,0.7430334394904459,0,0,None,66,1,5,False,1000,1000
59852,192,random,10,0.742734872611465,0,0,None,66,1,5,False,1000,1000
59853,193,random,10,0.7420382165605095,0,0,None,66,1,5,False,1000,1000
59854,194,random,10,0.7420382165605095,0,0,None,66,1,5,False,1000,1000
59855,190,random,10,0.7468152866242038,0,5,None,66,1,5,False,1000,1000
59856,191,random,10,0.7474124203821656,0,5,None,66,1,5,False,1000,1000
59857,192,random,10,0.7482085987261147,0,5,None,66,1,5,False,1000,1000
59858,193,random,10,0.7487062101910829,0,5,None,66,1,5,False,1000,1000
59859,194,random,10,0.7486066878980892,0,5,None,66,1,5,False,1000,1000
59860,190,random,10,0.7460191082802548,0,4,None,66,1,5,False,1000,1000
59861,191,random,10,0.7447253184713376,0,4,None,66,1,5,False,1000,1000
59862,192,random,10,0.7437300955414012,0,4,None,66,1,5,False,1000,1000
59863,193,random,10,0.7438296178343949,0,4,None,66,1,5,False,1000,1000
59864,194,random,10,0.7434315286624203,0,4,None,66,1,5,False,1000,1000
59865,190,random,10,0.738953025477707,0,6,None,66,1,5,False,1000,1000
59866,191,random,10,0.7396496815286624,0,6,None,66,1,5,False,1000,1000
59867,192,random,10,0.738953025477707,0,6,None,66,1,5,False,1000,1000
59868,193,random,10,0.7391520700636943,0,6,None,66,1,5,False,1000,1000
59869,194,random,10,0.7398487261146497,0,6,None,66,1,5,False,1000,1000
59870,190,random,10,0.7352707006369427,0,7,None,66,1,5,False,1000,1000
59871,191,random,10,0.7371616242038217,0,7,None,66,1,5,False,1000,1000
59872,192,random,10,0.7380573248407644,0,7,None,66,1,5,False,1000,1000
59873,193,random,10,0.7391520700636943,0,7,None,66,1,5,False,1000,1000
59874,194,random,10,0.7397492038216561,0,7,None,66,1,5,False,1000,1000
59875,190,random,10,0.7502985668789809,0,14,None,66,1,5,False,1000,1000
59876,191,random,10,0.7506966560509554,0,14,None,66,1,5,False,1000,1000
59877,192,random,10,0.75109474522293,0,14,None,66,1,5,False,1000,1000
59878,193,random,10,0.7516918789808917,0,14,None,66,1,5,False,1000,1000
59879,194,random,10,0.7523885350318471,0,14,None,66,1,5,False,1000,1000
59880,190,random,10,0.7230294585987261,0,12,None,66,1,5,False,1000,1000
59881,191,random,10,0.722531847133758,0,12,None,66,1,5,False,1000,1000
59882,192,random,10,0.7224323248407644,0,12,None,66,1,5,False,1000,1000
59883,193,random,10,0.7222332802547771,0,12,None,66,1,5,False,1000,1000
59884,194,random,10,0.7231289808917197,0,12,None,66,1,5,False,1000,1000
59885,190,random,10,0.6924761146496815,0,26,None,66,1,5,False,1000,1000
59886,191,random,10,0.6926751592356688,0,26,None,66,1,5,False,1000,1000
59887,192,random,10,0.6924761146496815,0,26,None,66,1,5,False,1000,1000
59888,193,random,10,0.6929737261146497,0,26,None,66,1,5,False,1000,1000
59889,194,random,10,0.6935708598726115,0,26,None,66,1,5,False,1000,1000
59890,190,random,10,0.6817277070063694,0,30,None,66,1,5,False,1000,1000
59891,191,random,10,0.6822253184713376,0,30,None,66,1,5,False,1000,1000
59892,192,random,10,0.6836186305732485,0,30,None,66,1,5,False,1000,1000
59893,193,random,10,0.6849124203821656,0,30,None,66,1,5,False,1000,1000
59894,194,random,10,0.6849124203821656,0,30,None,66,1,5,False,1000,1000
59895,195,random,10,0.6176353503184714,0,1,None,66,1,5,False,1000,1000
59896,196,random,10,0.6354498407643312,0,1,None,66,1,5,False,1000,1000
59897,197,random,10,0.6454020700636943,0,1,None,66,1,5,False,1000,1000
59898,198,random,10,0.6538614649681529,0,1,None,66,1,5,False,1000,1000
59899,199,random,10,0.6582404458598726,0,1,None,66,1,5,False,1000,1000
59900,195,random,10,0.7202428343949044,0,21,None,66,1,5,False,1000,1000
59901,196,random,10,0.7182523885350318,0,21,None,66,1,5,False,1000,1000
59902,197,random,10,0.7191480891719745,0,21,None,66,1,5,False,1000,1000
59903,198,random,10,0.7193471337579618,0,21,None,66,1,5,False,1000,1000
59904,199,random,10,0.7197452229299363,0,21,None,66,1,5,False,1000,1000
59905,195,random,10,0.7511942675159236,0,2,None,66,1,5,False,1000,1000
59906,196,random,10,0.7509952229299363,0,2,None,66,1,5,False,1000,1000
59907,197,random,10,0.7507961783439491,0,2,None,66,1,5,False,1000,1000
59908,198,random,10,0.7513933121019108,0,2,None,66,1,5,False,1000,1000
59909,199,random,10,0.75109474522293,0,2,None,66,1,5,False,1000,1000
59910,195,random,10,0.7455214968152867,0,17,None,66,1,5,False,1000,1000
59911,196,random,10,0.7461186305732485,0,17,None,66,1,5,False,1000,1000
59912,197,random,10,0.7465167197452229,0,17,None,66,1,5,False,1000,1000
59913,198,random,10,0.7464171974522293,0,17,None,66,1,5,False,1000,1000
59914,199,random,10,0.7467157643312102,0,17,None,66,1,5,False,1000,1000
59915,195,random,10,0.7476114649681529,0,28,None,66,1,5,False,1000,1000
59916,196,random,10,0.7479100318471338,0,28,None,66,1,5,False,1000,1000
59917,197,random,10,0.7491042993630573,0,28,None,66,1,5,False,1000,1000
59918,198,random,10,0.7488057324840764,0,28,None,66,1,5,False,1000,1000
59919,199,random,10,0.74890525477707,0,28,None,66,1,5,False,1000,1000
59920,195,random,10,0.7336783439490446,0,10,None,66,1,5,False,1000,1000
59921,196,random,10,0.7344745222929936,0,10,None,66,1,5,False,1000,1000
59922,197,random,10,0.7349721337579618,0,10,None,66,1,5,False,1000,1000
59923,198,random,10,0.7351711783439491,0,10,None,66,1,5,False,1000,1000
59924,199,random,10,0.7353702229299363,0,10,None,66,1,5,False,1000,1000
59925,195,random,10,0.6835191082802548,0,11,None,66,1,5,False,1000,1000
59926,196,random,10,0.6847133757961783,0,11,None,66,1,5,False,1000,1000
59927,197,random,10,0.6859076433121019,0,11,None,66,1,5,False,1000,1000
59928,198,random,10,0.6872014331210191,0,11,None,66,1,5,False,1000,1000
59929,199,random,10,0.6883957006369427,0,11,None,66,1,5,False,1000,1000
59930,195,random,10,0.7488057324840764,0,15,None,66,1,5,False,1000,1000
59931,196,random,10,0.747312898089172,0,15,None,66,1,5,False,1000,1000
59932,197,random,10,0.7479100318471338,0,15,None,66,1,5,False,1000,1000
59933,198,random,10,0.74890525477707,0,15,None,66,1,5,False,1000,1000
59934,199,random,10,0.74890525477707,0,15,None,66,1,5,False,1000,1000
59935,195,random,10,0.7453224522292994,0,23,None,66,1,5,False,1000,1000
59936,196,random,10,0.7453224522292994,0,23,None,66,1,5,False,1000,1000
59937,197,random,10,0.7455214968152867,0,23,None,66,1,5,False,1000,1000
59938,198,random,10,0.7458200636942676,0,23,None,66,1,5,False,1000,1000
59939,199,random,10,0.746218152866242,0,23,None,66,1,5,False,1000,1000
59940,195,random,10,0.7499004777070064,0,5,None,66,1,5,False,1000,1000
59941,196,random,10,0.7507961783439491,0,5,None,66,1,5,False,1000,1000
59942,197,random,10,0.7502985668789809,0,5,None,66,1,5,False,1000,1000
59943,198,random,10,0.7501990445859873,0,5,None,66,1,5,False,1000,1000
59944,199,random,10,0.7498009554140127,0,5,None,66,1,5,False,1000,1000
59945,195,random,10,0.7299960191082803,0,32,None,66,1,5,False,1000,1000
59946,196,random,10,0.7311902866242038,0,32,None,66,1,5,False,1000,1000
59947,197,random,10,0.732484076433121,0,32,None,66,1,5,False,1000,1000
59948,198,random,10,0.7334792993630573,0,32,None,66,1,5,False,1000,1000
59949,199,random,10,0.734375,0,32,None,66,1,5,False,1000,1000
59950,195,random,10,0.7280055732484076,0,22,None,66,1,5,False,1000,1000
59951,196,random,10,0.7296974522292994,0,22,None,66,1,5,False,1000,1000
59952,197,random,10,0.7319864649681529,0,22,None,66,1,5,False,1000,1000
59953,198,random,10,0.7328821656050956,0,22,None,66,1,5,False,1000,1000
59954,199,random,10,0.734375,0,22,None,66,1,5,False,1000,1000
59955,195,random,10,0.6936703821656051,0,26,None,66,1,5,False,1000,1000
59956,196,random,10,0.6941679936305732,0,26,None,66,1,5,False,1000,1000
59957,197,random,10,0.6936703821656051,0,26,None,66,1,5,False,1000,1000
59958,198,random,10,0.6936703821656051,0,26,None,66,1,5,False,1000,1000
59959,199,random,10,0.6937699044585988,0,26,None,66,1,5,False,1000,1000
59960,195,random,10,0.7407444267515924,0,6,None,66,1,5,False,1000,1000
59961,196,random,10,0.7411425159235668,0,6,None,66,1,5,False,1000,1000
59962,197,random,10,0.7417396496815286,0,6,None,66,1,5,False,1000,1000
59963,198,random,10,0.7420382165605095,0,6,None,66,1,5,False,1000,1000
59964,199,random,10,0.7429339171974523,0,6,None,66,1,5,False,1000,1000
59965,195,random,10,0.7372611464968153,0,7,None,66,1,5,False,1000,1000
59966,196,random,10,0.7396496815286624,0,7,None,66,1,5,False,1000,1000
59967,197,random,10,0.7407444267515924,0,7,None,66,1,5,False,1000,1000
59968,198,random,10,0.7421377388535032,0,7,None,66,1,5,False,1000,1000
59969,199,random,10,0.7431329617834395,0,7,None,66,1,5,False,1000,1000
59970,195,random,10,0.7221337579617835,0,29,None,66,1,5,False,1000,1000
59971,196,random,10,0.7196457006369427,0,29,None,66,1,5,False,1000,1000
59972,197,random,10,0.7199442675159236,0,29,None,66,1,5,False,1000,1000
59973,198,random,10,0.7192476114649682,0,29,None,66,1,5,False,1000,1000
59974,199,random,10,0.7199442675159236,0,29,None,66,1,5,False,1000,1000
59975,195,random,10,0.7525875796178344,0,14,None,66,1,5,False,1000,1000
59976,196,random,10,0.7522890127388535,0,14,None,66,1,5,False,1000,1000
59977,197,random,10,0.7523885350318471,0,14,None,66,1,5,False,1000,1000
59978,198,random,10,0.7523885350318471,0,14,None,66,1,5,False,1000,1000
59979,199,random,10,0.7528861464968153,0,14,None,66,1,5,False,1000,1000
59980,195,random,10,0.7263136942675159,0,13,None,66,1,5,False,1000,1000
59981,196,random,10,0.7275079617834395,0,13,None,66,1,5,False,1000,1000
59982,197,random,10,0.728702229299363,0,13,None,66,1,5,False,1000,1000
59983,198,random,10,0.729796974522293,0,13,None,66,1,5,False,1000,1000
59984,199,random,10,0.7303941082802548,0,13,None,66,1,5,False,1000,1000
59985,195,random,10,0.7277070063694268,0,9,None,66,1,5,False,1000,1000
59986,196,random,10,0.7294984076433121,0,9,None,66,1,5,False,1000,1000
59987,197,random,10,0.730593152866242,0,9,None,66,1,5,False,1000,1000
59988,198,random,10,0.7315883757961783,0,9,None,66,1,5,False,1000,1000
59989,199,random,10,0.7330812101910829,0,9,None,66,1,5,False,1000,1000
59990,195,random,10,0.7248208598726115,0,12,None,66,1,5,False,1000,1000
59991,196,random,10,0.725218949044586,0,12,None,66,1,5,False,1000,1000
59992,197,random,10,0.7250199044585988,0,12,None,66,1,5,False,1000,1000
59993,198,random,10,0.7246218152866242,0,12,None,66,1,5,False,1000,1000
59994,199,random,10,0.7259156050955414,0,12,None,66,1,5,False,1000,1000
59995,195,random,10,0.7590565286624203,0,25,None,66,1,5,False,1000,1000
59996,196,random,10,0.7595541401273885,0,25,None,66,1,5,False,1000,1000
59997,197,random,10,0.7595541401273885,0,25,None,66,1,5,False,1000,1000
59998,198,random,10,0.7600517515923567,0,25,None,66,1,5,False,1000,1000
59999,199,random,10,0.7600517515923567,0,25,None,66,1,5,False,1000,1000
60000,195,random,10,0.7300955414012739,0,24,None,66,1,5,False,1000,1000
60001,196,random,10,0.7348726114649682,0,24,None,66,1,5,False,1000,1000
60002,197,random,10,0.7373606687898089,0,24,None,66,1,5,False,1000,1000
60003,198,random,10,0.7383558917197452,0,24,None,66,1,5,False,1000,1000
60004,199,random,10,0.7398487261146497,0,24,None,66,1,5,False,1000,1000
60005,195,random,10,0.7505971337579618,0,27,None,66,1,5,False,1000,1000
60006,196,random,10,0.751890923566879,0,27,None,66,1,5,False,1000,1000
60007,197,random,10,0.7521894904458599,0,27,None,66,1,5,False,1000,1000
60008,198,random,10,0.753781847133758,0,27,None,66,1,5,False,1000,1000
60009,199,random,10,0.7531847133757962,0,27,None,66,1,5,False,1000,1000
60010,195,random,10,0.6838176751592356,0,30,None,66,1,5,False,1000,1000
60011,196,random,10,0.6844148089171974,0,30,None,66,1,5,False,1000,1000
60012,197,random,10,0.6861066878980892,0,30,None,66,1,5,False,1000,1000
60013,198,random,10,0.6871019108280255,0,30,None,66,1,5,False,1000,1000
60014,199,random,10,0.6874004777070064,0,30,None,66,1,5,False,1000,1000
60015,195,random,10,0.5258757961783439,0,31,None,66,1,5,False,1000,1000
60016,196,random,10,0.5955414012738853,0,31,None,66,1,5,False,1000,1000
60017,197,random,10,0.6464968152866242,0,31,None,66,1,5,False,1000,1000
60018,198,random,10,0.6723726114649682,0,31,None,66,1,5,False,1000,1000
60019,199,random,10,0.6903861464968153,0,31,None,66,1,5,False,1000,1000
60020,195,random,10,0.7290007961783439,0,20,None,66,1,5,False,1000,1000
60021,196,random,10,0.729796974522293,0,20,None,66,1,5,False,1000,1000
60022,197,random,10,0.7304936305732485,0,20,None,66,1,5,False,1000,1000
60023,198,random,10,0.7306926751592356,0,20,None,66,1,5,False,1000,1000
60024,199,random,10,0.7306926751592356,0,20,None,66,1,5,False,1000,1000
60025,195,random,10,0.751890923566879,0,3,None,66,1,5,False,1000,1000
60026,196,random,10,0.7525875796178344,0,3,None,66,1,5,False,1000,1000
60027,197,random,10,0.7531847133757962,0,3,None,66,1,5,False,1000,1000
60028,198,random,10,0.754578025477707,0,3,None,66,1,5,False,1000,1000
60029,199,random,10,0.7555732484076433,0,3,None,66,1,5,False,1000,1000
60030,195,random,10,0.7482085987261147,0,4,None,66,1,5,False,1000,1000
60031,196,random,10,0.7471138535031847,0,4,None,66,1,5,False,1000,1000
60032,197,random,10,0.7461186305732485,0,4,None,66,1,5,False,1000,1000
60033,198,random,10,0.7451234076433121,0,4,None,66,1,5,False,1000,1000
60034,199,random,10,0.744327229299363,0,4,None,66,1,5,False,1000,1000
60035,195,random,10,0.7433320063694268,0,0,None,66,1,5,False,1000,1000
60036,196,random,10,0.7430334394904459,0,0,None,66,1,5,False,1000,1000
60037,197,random,10,0.7434315286624203,0,0,None,66,1,5,False,1000,1000
60038,198,random,10,0.7434315286624203,0,0,None,66,1,5,False,1000,1000
60039,199,random,10,0.7442277070063694,0,0,None,66,1,5,False,1000,1000
60040,195,random,10,0.7376592356687898,0,8,None,66,1,5,False,1000,1000
60041,196,random,10,0.7375597133757962,0,8,None,66,1,5,False,1000,1000
60042,197,random,10,0.7373606687898089,0,8,None,66,1,5,False,1000,1000
60043,198,random,10,0.7390525477707006,0,8,None,66,1,5,False,1000,1000
60044,199,random,10,0.7391520700636943,0,8,None,66,1,5,False,1000,1000
60045,195,random,10,0.7480095541401274,0,16,None,66,1,5,False,1000,1000
60046,196,random,10,0.748109076433121,0,16,None,66,1,5,False,1000,1000
60047,197,random,10,0.7493033439490446,0,16,None,66,1,5,False,1000,1000
60048,198,random,10,0.7496019108280255,0,16,None,66,1,5,False,1000,1000
60049,199,random,10,0.7491042993630573,0,16,None,66,1,5,False,1000,1000
60050,195,random,10,0.6846138535031847,0,19,None,66,1,5,False,1000,1000
60051,196,random,10,0.6844148089171974,0,19,None,66,1,5,False,1000,1000
60052,197,random,10,0.6841162420382165,0,19,None,66,1,5,False,1000,1000
60053,198,random,10,0.6847133757961783,0,19,None,66,1,5,False,1000,1000
60054,199,random,10,0.6842157643312102,0,19,None,66,1,5,False,1000,1000
60055,195,random,10,0.7530851910828026,0,18,None,66,1,5,False,1000,1000
60056,196,random,10,0.7540804140127388,0,18,None,66,1,5,False,1000,1000
60057,197,random,10,0.7554737261146497,0,18,None,66,1,5,False,1000,1000
60058,198,random,10,0.7563694267515924,0,18,None,66,1,5,False,1000,1000
60059,199,random,10,0.7573646496815286,0,18,None,66,1,5,False,1000,1000
0,0,weighted,10,0.1522691082802547,0,16,None,66,1,5,False,1000,1000
1,1,weighted,10,0.1656050955414012,0,16,None,66,1,5,False,1000,1000
2,2,weighted,10,0.2304936305732484,0,16,None,66,1,5,False,1000,1000
3,3,weighted,10,0.2964769108280254,0,16,None,66,1,5,False,1000,1000
4,4,weighted,10,0.3233479299363057,0,16,None,66,1,5,False,1000,1000
5,0,weighted,10,0.1092754777070063,0,19,None,66,1,5,False,1000,1000
6,1,weighted,10,0.1110668789808917,0,19,None,66,1,5,False,1000,1000
7,2,weighted,10,0.1814291401273885,0,19,None,66,1,5,False,1000,1000
8,3,weighted,10,0.2503980891719745,0,19,None,66,1,5,False,1000,1000
9,4,weighted,10,0.3275278662420382,0,19,None,66,1,5,False,1000,1000
10,0,weighted,10,0.1133558917197452,0,25,None,66,1,5,False,1000,1000
11,1,weighted,10,0.1771496815286624,0,25,None,66,1,5,False,1000,1000
12,2,weighted,10,0.2240246815286624,0,25,None,66,1,5,False,1000,1000
13,3,weighted,10,0.2754777070063694,0,25,None,66,1,5,False,1000,1000
14,4,weighted,10,0.2827428343949044,0,25,None,66,1,5,False,1000,1000
15,0,weighted,10,0.3443471337579618,0,26,None,66,1,5,False,1000,1000
16,1,weighted,10,0.451234076433121,0,26,None,66,1,5,False,1000,1000
17,2,weighted,10,0.4374004777070063,0,26,None,66,1,5,False,1000,1000
18,3,weighted,10,0.4166998407643312,0,26,None,66,1,5,False,1000,1000
19,4,weighted,10,0.4038614649681528,0,26,None,66,1,5,False,1000,1000
20,0,weighted,10,0.1839171974522293,0,24,None,66,1,5,False,1000,1000
21,1,weighted,10,0.3455414012738853,0,24,None,66,1,5,False,1000,1000
22,2,weighted,10,0.407046178343949,0,24,None,66,1,5,False,1000,1000
23,3,weighted,10,0.4642714968152866,0,24,None,66,1,5,False,1000,1000
24,4,weighted,10,0.4964171974522293,0,24,None,66,1,5,False,1000,1000
25,0,weighted,10,0.1765525477707006,0,6,None,66,1,5,False,1000,1000
26,1,weighted,10,0.2085987261146497,0,6,None,66,1,5,False,1000,1000
27,2,weighted,10,0.2482085987261146,0,6,None,66,1,5,False,1000,1000
28,3,weighted,10,0.2617436305732484,0,6,None,66,1,5,False,1000,1000
29,4,weighted,10,0.291202229299363,0,6,None,66,1,5,False,1000,1000
30,0,weighted,10,0.2067078025477707,0,30,None,66,1,5,False,1000,1000
31,1,weighted,10,0.2250199044585987,0,30,None,66,1,5,False,1000,1000
32,2,weighted,10,0.2034235668789809,0,30,None,66,1,5,False,1000,1000
33,3,weighted,10,0.1912818471337579,0,30,None,66,1,5,False,1000,1000
34,4,weighted,10,0.1997412420382165,0,30,None,66,1,5,False,1000,1000
35,0,weighted,10,0.1926751592356688,0,31,None,66,1,5,False,1000,1000
36,1,weighted,10,0.2950835987261146,0,31,None,66,1,5,False,1000,1000
37,2,weighted,10,0.3220541401273885,0,31,None,66,1,5,False,1000,1000
38,3,weighted,10,0.3616640127388535,0,31,None,66,1,5,False,1000,1000
39,4,weighted,10,0.3710191082802547,0,31,None,66,1,5,False,1000,1000
40,0,weighted,10,0.1305732484076433,0,32,None,66,1,5,False,1000,1000
41,1,weighted,10,0.1655055732484076,0,32,None,66,1,5,False,1000,1000
42,2,weighted,10,0.2055135350318471,0,32,None,66,1,5,False,1000,1000
43,3,weighted,10,0.2679140127388535,0,32,None,66,1,5,False,1000,1000
44,4,weighted,10,0.3181727707006369,0,32,None,66,1,5,False,1000,1000
45,0,weighted,10,0.1096735668789808,0,10,None,66,1,5,False,1000,1000
46,1,weighted,10,0.172671178343949,0,10,None,66,1,5,False,1000,1000
47,2,weighted,10,0.3173765923566879,0,10,None,66,1,5,False,1000,1000
48,3,weighted,10,0.3599721337579618,0,10,None,66,1,5,False,1000,1000
49,4,weighted,10,0.3832603503184713,0,10,None,66,1,5,False,1000,1000
50,0,weighted,10,0.1780453821656051,0,7,None,66,1,5,False,1000,1000
51,1,weighted,10,0.1801353503184713,0,7,None,66,1,5,False,1000,1000
52,2,weighted,10,0.2426353503184713,0,7,None,66,1,5,False,1000,1000
53,3,weighted,10,0.3832603503184713,0,7,None,66,1,5,False,1000,1000
54,4,weighted,10,0.4498407643312102,0,7,None,66,1,5,False,1000,1000
55,0,weighted,10,0.1056926751592356,0,11,None,66,1,5,False,1000,1000
56,1,weighted,10,0.1640127388535031,0,11,None,66,1,5,False,1000,1000
57,2,weighted,10,0.3008558917197452,0,11,None,66,1,5,False,1000,1000
58,3,weighted,10,0.3702229299363057,0,11,None,66,1,5,False,1000,1000
59,4,weighted,10,0.4375995222929936,0,11,None,66,1,5,False,1000,1000
60,0,weighted,10,0.1914808917197452,0,15,None,66,1,5,False,1000,1000
61,1,weighted,10,0.2552746815286624,0,15,None,66,1,5,False,1000,1000
62,2,weighted,10,0.3346934713375796,0,15,None,66,1,5,False,1000,1000
63,3,weighted,10,0.3897292993630573,0,15,None,66,1,5,False,1000,1000
64,4,weighted,10,0.4209792993630573,0,15,None,66,1,5,False,1000,1000
65,0,weighted,10,0.2313893312101911,0,12,None,66,1,5,False,1000,1000
66,1,weighted,10,0.291202229299363,0,12,None,66,1,5,False,1000,1000
67,2,weighted,10,0.3306130573248407,0,12,None,66,1,5,False,1000,1000
68,3,weighted,10,0.4201831210191082,0,12,None,66,1,5,False,1000,1000
69,4,weighted,10,0.4703423566878981,0,12,None,66,1,5,False,1000,1000
70,0,weighted,10,0.2383558917197452,0,17,None,66,1,5,False,1000,1000
71,1,weighted,10,0.2872213375796178,0,17,None,66,1,5,False,1000,1000
72,2,weighted,10,0.3638535031847134,0,17,None,66,1,5,False,1000,1000
73,3,weighted,10,0.4091361464968153,0,17,None,66,1,5,False,1000,1000
74,4,weighted,10,0.4468550955414013,0,17,None,66,1,5,False,1000,1000
75,0,weighted,10,0.0995222929936305,0,20,None,66,1,5,False,1000,1000
76,1,weighted,10,0.0995222929936305,0,20,None,66,1,5,False,1000,1000
77,2,weighted,10,0.1097730891719745,0,20,None,66,1,5,False,1000,1000
78,3,weighted,10,0.1476910828025477,0,20,None,66,1,5,False,1000,1000
79,4,weighted,10,0.1937699044585987,0,20,None,66,1,5,False,1000,1000
80,0,weighted,10,0.1208200636942675,0,18,None,66,1,5,False,1000,1000
81,1,weighted,10,0.1895899681528662,0,18,None,66,1,5,False,1000,1000
82,2,weighted,10,0.2971735668789809,0,18,None,66,1,5,False,1000,1000
83,3,weighted,10,0.3541998407643312,0,18,None,66,1,5,False,1000,1000
84,4,weighted,10,0.3937101910828025,0,18,None,66,1,5,False,1000,1000
85,0,weighted,10,0.0995222929936305,0,1,None,66,1,5,False,1000,1000
86,1,weighted,10,0.1663017515923567,0,1,None,66,1,5,False,1000,1000
87,2,weighted,10,0.201234076433121,0,1,None,66,1,5,False,1000,1000
88,3,weighted,10,0.2237261146496815,0,1,None,66,1,5,False,1000,1000
89,4,weighted,10,0.2578622611464968,0,1,None,66,1,5,False,1000,1000
90,0,weighted,10,0.2469148089171974,0,2,None,66,1,5,False,1000,1000
91,1,weighted,10,0.3150875796178344,0,2,None,66,1,5,False,1000,1000
92,2,weighted,10,0.3729100318471338,0,2,None,66,1,5,False,1000,1000
93,3,weighted,10,0.4459593949044586,0,2,None,66,1,5,False,1000,1000
94,4,weighted,10,0.4762141719745223,0,2,None,66,1,5,False,1000,1000
95,0,weighted,10,0.2498009554140127,0,5,None,66,1,5,False,1000,1000
96,1,weighted,10,0.2768710191082802,0,5,None,66,1,5,False,1000,1000
97,2,weighted,10,0.2875199044585987,0,5,None,66,1,5,False,1000,1000
98,3,weighted,10,0.3596735668789809,0,5,None,66,1,5,False,1000,1000
99,4,weighted,10,0.4284434713375796,0,5,None,66,1,5,False,1000,1000
100,0,weighted,10,0.1731687898089172,0,3,None,66,1,5,False,1000,1000
101,1,weighted,10,0.3742038216560509,0,3,None,66,1,5,False,1000,1000
102,2,weighted,10,0.4173964968152866,0,3,None,66,1,5,False,1000,1000
103,3,weighted,10,0.4262539808917197,0,3,None,66,1,5,False,1000,1000
104,4,weighted,10,0.429140127388535,0,3,None,66,1,5,False,1000,1000
105,0,weighted,10,0.2384554140127388,0,8,None,66,1,5,False,1000,1000
106,1,weighted,10,0.2244227707006369,0,8,None,66,1,5,False,1000,1000
107,2,weighted,10,0.2638335987261146,0,8,None,66,1,5,False,1000,1000
108,3,weighted,10,0.317078025477707,0,8,None,66,1,5,False,1000,1000
109,4,weighted,10,0.3680334394904458,0,8,None,66,1,5,False,1000,1000
110,0,weighted,10,0.0995222929936305,0,9,None,66,1,5,False,1000,1000
111,1,weighted,10,0.1024084394904458,0,9,None,66,1,5,False,1000,1000
112,2,weighted,10,0.1634156050955414,0,9,None,66,1,5,False,1000,1000
113,3,weighted,10,0.188296178343949,0,9,None,66,1,5,False,1000,1000
114,4,weighted,10,0.1986464968152866,0,9,None,66,1,5,False,1000,1000
115,0,weighted,10,0.2477109872611465,0,13,None,66,1,5,False,1000,1000
116,1,weighted,10,0.354796974522293,0,13,None,66,1,5,False,1000,1000
117,2,weighted,10,0.4429737261146497,0,13,None,66,1,5,False,1000,1000
118,3,weighted,10,0.487858280254777,0,13,None,66,1,5,False,1000,1000
119,4,weighted,10,0.5219944267515924,0,13,None,66,1,5,False,1000,1000
120,0,weighted,10,0.2550756369426751,0,21,None,66,1,5,False,1000,1000
121,1,weighted,10,0.3286226114649681,0,21,None,66,1,5,False,1000,1000
122,2,weighted,10,0.3390724522292994,0,21,None,66,1,5,False,1000,1000
123,3,weighted,10,0.3542993630573248,0,21,None,66,1,5,False,1000,1000
124,4,weighted,10,0.3750995222929936,0,21,None,66,1,5,False,1000,1000
125,0,weighted,10,0.1038017515923566,0,27,None,66,1,5,False,1000,1000
126,1,weighted,10,0.1067874203821656,0,27,None,66,1,5,False,1000,1000
127,2,weighted,10,0.113953025477707,0,27,None,66,1,5,False,1000,1000
128,3,weighted,10,0.12390525477707,0,27,None,66,1,5,False,1000,1000
129,4,weighted,10,0.1477906050955414,0,27,None,66,1,5,False,1000,1000
130,0,weighted,10,0.289609872611465,0,28,None,66,1,5,False,1000,1000
131,1,weighted,10,0.3157842356687898,0,28,None,66,1,5,False,1000,1000
132,2,weighted,10,0.3546974522292994,0,28,None,66,1,5,False,1000,1000
133,3,weighted,10,0.4003781847133758,0,28,None,66,1,5,False,1000,1000
134,4,weighted,10,0.425358280254777,0,28,None,66,1,5,False,1000,1000
135,0,weighted,10,0.1089769108280254,0,29,None,66,1,5,False,1000,1000
136,1,weighted,10,0.1638136942675159,0,29,None,66,1,5,False,1000,1000
137,2,weighted,10,0.2819466560509554,0,29,None,66,1,5,False,1000,1000
138,3,weighted,10,0.4022691082802547,0,29,None,66,1,5,False,1000,1000
139,4,weighted,10,0.4261544585987261,0,29,None,66,1,5,False,1000,1000
140,0,weighted,10,0.1454020700636942,0,14,None,66,1,5,False,1000,1000
141,1,weighted,10,0.2699044585987261,0,14,None,66,1,5,False,1000,1000
142,2,weighted,10,0.3305135350318471,0,14,None,66,1,5,False,1000,1000
143,3,weighted,10,0.3363853503184713,0,14,None,66,1,5,False,1000,1000
144,4,weighted,10,0.3320063694267516,0,14,None,66,1,5,False,1000,1000
145,0,weighted,10,0.1071855095541401,0,4,None,66,1,5,False,1000,1000
146,1,weighted,10,0.1535628980891719,0,4,None,66,1,5,False,1000,1000
147,2,weighted,10,0.3395700636942675,0,4,None,66,1,5,False,1000,1000
148,3,weighted,10,0.3806727707006369,0,4,None,66,1,5,False,1000,1000
149,4,weighted,10,0.3603702229299363,0,4,None,66,1,5,False,1000,1000
150,0,weighted,10,0.1057921974522293,0,22,None,66,1,5,False,1000,1000
151,1,weighted,10,0.1794386942675159,0,22,None,66,1,5,False,1000,1000
152,2,weighted,10,0.3133957006369426,0,22,None,66,1,5,False,1000,1000
153,3,weighted,10,0.3623606687898089,0,22,None,66,1,5,False,1000,1000
154,4,weighted,10,0.376890923566879,0,22,None,66,1,5,False,1000,1000
155,0,weighted,10,0.3220541401273885,0,23,None,66,1,5,False,1000,1000
156,1,weighted,10,0.4058519108280254,0,23,None,66,1,5,False,1000,1000
157,2,weighted,10,0.357484076433121,0,23,None,66,1,5,False,1000,1000
158,3,weighted,10,0.3204617834394904,0,23,None,66,1,5,False,1000,1000
159,4,weighted,10,0.3276273885350318,0,23,None,66,1,5,False,1000,1000
160,0,weighted,10,0.1031050955414012,0,0,None,66,1,5,False,1000,1000
161,1,weighted,10,0.174562101910828,0,0,None,66,1,5,False,1000,1000
162,2,weighted,10,0.2482085987261146,0,0,None,66,1,5,False,1000,1000
163,3,weighted,10,0.3076234076433121,0,0,None,66,1,5,False,1000,1000
164,4,weighted,10,0.3578821656050955,0,0,None,66,1,5,False,1000,1000
165,5,weighted,10,0.194765127388535,0,16,None,66,1,5,False,1000,1000
166,6,weighted,10,0.1950636942675159,0,16,None,66,1,5,False,1000,1000
167,7,weighted,10,0.1946656050955414,0,16,None,66,1,5,False,1000,1000
168,8,weighted,10,0.1945660828025477,0,16,None,66,1,5,False,1000,1000
169,9,weighted,10,0.1942675159235669,0,16,None,66,1,5,False,1000,1000
170,5,weighted,10,0.158937101910828,0,22,None,66,1,5,False,1000,1000
171,6,weighted,10,0.2672173566878981,0,22,None,66,1,5,False,1000,1000
172,7,weighted,10,0.2954816878980891,0,22,None,66,1,5,False,1000,1000
173,8,weighted,10,0.2851313694267516,0,22,None,66,1,5,False,1000,1000
174,9,weighted,10,0.2723925159235669,0,22,None,66,1,5,False,1000,1000
175,5,weighted,10,0.0995222929936305,0,32,None,66,1,5,False,1000,1000
176,6,weighted,10,0.0995222929936305,0,32,None,66,1,5,False,1000,1000
177,7,weighted,10,0.1009156050955414,0,32,None,66,1,5,False,1000,1000
178,8,weighted,10,0.1271894904458598,0,32,None,66,1,5,False,1000,1000
179,9,weighted,10,0.15625,0,32,None,66,1,5,False,1000,1000
180,5,weighted,10,0.2811504777070063,0,1,None,66,1,5,False,1000,1000
181,6,weighted,10,0.2466162420382165,0,1,None,66,1,5,False,1000,1000
182,7,weighted,10,0.2210390127388535,0,1,None,66,1,5,False,1000,1000
183,8,weighted,10,0.2101910828025477,0,1,None,66,1,5,False,1000,1000
184,9,weighted,10,0.2075039808917197,0,1,None,66,1,5,False,1000,1000
185,5,weighted,10,0.278264331210191,0,23,None,66,1,5,False,1000,1000
186,6,weighted,10,0.2627388535031847,0,23,None,66,1,5,False,1000,1000
187,7,weighted,10,0.2426353503184713,0,23,None,66,1,5,False,1000,1000
188,8,weighted,10,0.2220342356687898,0,23,None,66,1,5,False,1000,1000
189,9,weighted,10,0.2074044585987261,0,23,None,66,1,5,False,1000,1000
190,5,weighted,10,0.0995222929936305,0,8,None,66,1,5,False,1000,1000
191,6,weighted,10,0.0995222929936305,0,8,None,66,1,5,False,1000,1000
192,7,weighted,10,0.0995222929936305,0,8,None,66,1,5,False,1000,1000
193,8,weighted,10,0.0995222929936305,0,8,None,66,1,5,False,1000,1000
194,9,weighted,10,0.0995222929936305,0,8,None,66,1,5,False,1000,1000
195,5,weighted,10,0.2390525477707006,0,2,None,66,1,5,False,1000,1000
196,6,weighted,10,0.245421974522293,0,2,None,66,1,5,False,1000,1000
197,7,weighted,10,0.2528861464968153,0,2,None,66,1,5,False,1000,1000
198,8,weighted,10,0.2597531847133758,0,2,None,66,1,5,False,1000,1000
199,9,weighted,10,0.2646297770700637,0,2,None,66,1,5,False,1000,1000
200,5,weighted,10,0.1843152866242038,0,10,None,66,1,5,False,1000,1000
201,6,weighted,10,0.0995222929936305,0,10,None,66,1,5,False,1000,1000
202,7,weighted,10,0.0995222929936305,0,10,None,66,1,5,False,1000,1000
203,8,weighted,10,0.0995222929936305,0,10,None,66,1,5,False,1000,1000
204,9,weighted,10,0.0995222929936305,0,10,None,66,1,5,False,1000,1000
205,5,weighted,10,0.2290007961783439,0,11,None,66,1,5,False,1000,1000
206,6,weighted,10,0.223328025477707,0,11,None,66,1,5,False,1000,1000
207,7,weighted,10,0.203921178343949,0,11,None,66,1,5,False,1000,1000
208,8,weighted,10,0.1965565286624203,0,11,None,66,1,5,False,1000,1000
209,9,weighted,10,0.1975517515923567,0,11,None,66,1,5,False,1000,1000
210,5,weighted,10,0.3074243630573248,0,15,None,66,1,5,False,1000,1000
211,6,weighted,10,0.3177746815286624,0,15,None,66,1,5,False,1000,1000
212,7,weighted,10,0.3261345541401274,0,15,None,66,1,5,False,1000,1000
213,8,weighted,10,0.330812101910828,0,15,None,66,1,5,False,1000,1000
214,9,weighted,10,0.3350915605095541,0,15,None,66,1,5,False,1000,1000
215,5,weighted,10,0.1585390127388535,0,17,None,66,1,5,False,1000,1000
216,6,weighted,10,0.2181528662420382,0,17,None,66,1,5,False,1000,1000
217,7,weighted,10,0.2384554140127388,0,17,None,66,1,5,False,1000,1000
218,8,weighted,10,0.2407444267515923,0,17,None,66,1,5,False,1000,1000
219,9,weighted,10,0.2331807324840764,0,17,None,66,1,5,False,1000,1000
220,5,weighted,10,0.3716162420382166,0,20,None,66,1,5,False,1000,1000
221,6,weighted,10,0.3688296178343949,0,20,None,66,1,5,False,1000,1000
222,7,weighted,10,0.4003781847133758,0,20,None,66,1,5,False,1000,1000
223,8,weighted,10,0.4026671974522293,0,20,None,66,1,5,False,1000,1000
224,9,weighted,10,0.3892316878980891,0,20,None,66,1,5,False,1000,1000
225,5,weighted,10,0.0995222929936305,0,13,None,66,1,5,False,1000,1000
226,6,weighted,10,0.0995222929936305,0,13,None,66,1,5,False,1000,1000
227,7,weighted,10,0.0995222929936305,0,13,None,66,1,5,False,1000,1000
228,8,weighted,10,0.0995222929936305,0,13,None,66,1,5,False,1000,1000
229,9,weighted,10,0.0995222929936305,0,13,None,66,1,5,False,1000,1000
230,5,weighted,10,0.2011345541401273,0,25,None,66,1,5,False,1000,1000
231,6,weighted,10,0.1983479299363057,0,25,None,66,1,5,False,1000,1000
232,7,weighted,10,0.214171974522293,0,25,None,66,1,5,False,1000,1000
233,8,weighted,10,0.2254179936305732,0,25,None,66,1,5,False,1000,1000
234,9,weighted,10,0.2340764331210191,0,25,None,66,1,5,False,1000,1000
235,5,weighted,10,0.0995222929936305,0,19,None,66,1,5,False,1000,1000
236,6,weighted,10,0.0995222929936305,0,19,None,66,1,5,False,1000,1000
237,7,weighted,10,0.0995222929936305,0,19,None,66,1,5,False,1000,1000
238,8,weighted,10,0.1072850318471337,0,19,None,66,1,5,False,1000,1000
239,9,weighted,10,0.1391321656050955,0,19,None,66,1,5,False,1000,1000
240,5,weighted,10,0.2291998407643312,0,21,None,66,1,5,False,1000,1000
241,6,weighted,10,0.2328821656050955,0,21,None,66,1,5,False,1000,1000
242,7,weighted,10,0.2166600318471337,0,21,None,66,1,5,False,1000,1000
243,8,weighted,10,0.2054140127388535,0,21,None,66,1,5,False,1000,1000
244,9,weighted,10,0.1988455414012739,0,21,None,66,1,5,False,1000,1000
245,5,weighted,10,0.1161425159235668,0,24,None,66,1,5,False,1000,1000
246,6,weighted,10,0.1513734076433121,0,24,None,66,1,5,False,1000,1000
247,7,weighted,10,0.1938694267515923,0,24,None,66,1,5,False,1000,1000
248,8,weighted,10,0.2143710191082802,0,24,None,66,1,5,False,1000,1000
249,9,weighted,10,0.2166600318471337,0,24,None,66,1,5,False,1000,1000
250,5,weighted,10,0.3163813694267516,0,28,None,66,1,5,False,1000,1000
251,6,weighted,10,0.2951831210191082,0,28,None,66,1,5,False,1000,1000
252,7,weighted,10,0.266421178343949,0,28,None,66,1,5,False,1000,1000
253,8,weighted,10,0.2612460191082802,0,28,None,66,1,5,False,1000,1000
254,9,weighted,10,0.2556727707006369,0,28,None,66,1,5,False,1000,1000
255,5,weighted,10,0.0995222929936305,0,3,None,66,1,5,False,1000,1000
256,6,weighted,10,0.0995222929936305,0,3,None,66,1,5,False,1000,1000
257,7,weighted,10,0.0995222929936305,0,3,None,66,1,5,False,1000,1000
258,8,weighted,10,0.0995222929936305,0,3,None,66,1,5,False,1000,1000
259,9,weighted,10,0.0995222929936305,0,3,None,66,1,5,False,1000,1000
260,5,weighted,10,0.0995222929936305,0,9,None,66,1,5,False,1000,1000
261,6,weighted,10,0.0995222929936305,0,9,None,66,1,5,False,1000,1000
262,7,weighted,10,0.0995222929936305,0,9,None,66,1,5,False,1000,1000
263,8,weighted,10,0.0995222929936305,0,9,None,66,1,5,False,1000,1000
264,9,weighted,10,0.0995222929936305,0,9,None,66,1,5,False,1000,1000
265,5,weighted,10,0.0995222929936305,0,0,None,66,1,5,False,1000,1000
266,6,weighted,10,0.0995222929936305,0,0,None,66,1,5,False,1000,1000
267,7,weighted,10,0.0995222929936305,0,0,None,66,1,5,False,1000,1000
268,8,weighted,10,0.0995222929936305,0,0,None,66,1,5,False,1000,1000
269,9,weighted,10,0.0995222929936305,0,0,None,66,1,5,False,1000,1000
270,5,weighted,10,0.1000199044585987,0,29,None,66,1,5,False,1000,1000
271,6,weighted,10,0.1001194267515923,0,29,None,66,1,5,False,1000,1000
272,7,weighted,10,0.1002189490445859,0,29,None,66,1,5,False,1000,1000
273,8,weighted,10,0.1002189490445859,0,29,None,66,1,5,False,1000,1000
274,9,weighted,10,0.101015127388535,0,29,None,66,1,5,False,1000,1000
275,5,weighted,10,0.0995222929936305,0,18,None,66,1,5,False,1000,1000
276,6,weighted,10,0.0995222929936305,0,18,None,66,1,5,False,1000,1000
277,7,weighted,10,0.1095740445859872,0,18,None,66,1,5,False,1000,1000
278,8,weighted,10,0.1425159235668789,0,18,None,66,1,5,False,1000,1000
279,9,weighted,10,0.0997213375796178,0,18,None,66,1,5,False,1000,1000
280,5,weighted,10,0.0995222929936305,0,27,None,66,1,5,False,1000,1000
281,6,weighted,10,0.0995222929936305,0,27,None,66,1,5,False,1000,1000
282,7,weighted,10,0.0995222929936305,0,27,None,66,1,5,False,1000,1000
283,8,weighted,10,0.0995222929936305,0,27,None,66,1,5,False,1000,1000
284,9,weighted,10,0.0995222929936305,0,27,None,66,1,5,False,1000,1000
285,5,weighted,10,0.1804339171974522,0,31,None,66,1,5,False,1000,1000
286,6,weighted,10,0.2167595541401273,0,31,None,66,1,5,False,1000,1000
287,7,weighted,10,0.2493033439490445,0,31,None,66,1,5,False,1000,1000
288,8,weighted,10,0.2592555732484076,0,31,None,66,1,5,False,1000,1000
289,9,weighted,10,0.2726910828025478,0,31,None,66,1,5,False,1000,1000
290,5,weighted,10,0.2499004777070063,0,5,None,66,1,5,False,1000,1000
291,6,weighted,10,0.2510947452229299,0,5,None,66,1,5,False,1000,1000
292,7,weighted,10,0.1785429936305732,0,5,None,66,1,5,False,1000,1000
293,8,weighted,10,0.1730692675159235,0,5,None,66,1,5,False,1000,1000
294,9,weighted,10,0.1756568471337579,0,5,None,66,1,5,False,1000,1000
295,5,weighted,10,0.0995222929936305,0,4,None,66,1,5,False,1000,1000
296,6,weighted,10,0.0995222929936305,0,4,None,66,1,5,False,1000,1000
297,7,weighted,10,0.0995222929936305,0,4,None,66,1,5,False,1000,1000
298,8,weighted,10,0.0995222929936305,0,4,None,66,1,5,False,1000,1000
299,9,weighted,10,0.0995222929936305,0,4,None,66,1,5,False,1000,1000
300,5,weighted,10,0.0995222929936305,0,7,None,66,1,5,False,1000,1000
301,6,weighted,10,0.0995222929936305,0,7,None,66,1,5,False,1000,1000
302,7,weighted,10,0.0995222929936305,0,7,None,66,1,5,False,1000,1000
303,8,weighted,10,0.1555533439490445,0,7,None,66,1,5,False,1000,1000
304,9,weighted,10,0.214171974522293,0,7,None,66,1,5,False,1000,1000
305,5,weighted,10,0.0995222929936305,0,6,None,66,1,5,False,1000,1000
306,6,weighted,10,0.0995222929936305,0,6,None,66,1,5,False,1000,1000
307,7,weighted,10,0.0995222929936305,0,6,None,66,1,5,False,1000,1000
308,8,weighted,10,0.0995222929936305,0,6,None,66,1,5,False,1000,1000
309,9,weighted,10,0.0995222929936305,0,6,None,66,1,5,False,1000,1000
310,5,weighted,10,0.2189490445859872,0,12,None,66,1,5,False,1000,1000
311,6,weighted,10,0.2625398089171974,0,12,None,66,1,5,False,1000,1000
312,7,weighted,10,0.3523089171974522,0,12,None,66,1,5,False,1000,1000
313,8,weighted,10,0.4325238853503185,0,12,None,66,1,5,False,1000,1000
314,9,weighted,10,0.4513335987261146,0,12,None,66,1,5,False,1000,1000
315,5,weighted,10,0.0995222929936305,0,14,None,66,1,5,False,1000,1000
316,6,weighted,10,0.0995222929936305,0,14,None,66,1,5,False,1000,1000
317,7,weighted,10,0.0995222929936305,0,14,None,66,1,5,False,1000,1000
318,8,weighted,10,0.0995222929936305,0,14,None,66,1,5,False,1000,1000
319,9,weighted,10,0.0995222929936305,0,14,None,66,1,5,False,1000,1000
320,5,weighted,10,0.1709792993630573,0,26,None,66,1,5,False,1000,1000
321,6,weighted,10,0.2113853503184713,0,26,None,66,1,5,False,1000,1000
322,7,weighted,10,0.2608479299363057,0,26,None,66,1,5,False,1000,1000
323,8,weighted,10,0.2738853503184713,0,26,None,66,1,5,False,1000,1000
324,9,weighted,10,0.2795581210191082,0,26,None,66,1,5,False,1000,1000
325,5,weighted,10,0.2550756369426751,0,30,None,66,1,5,False,1000,1000
326,6,weighted,10,0.2529856687898089,0,30,None,66,1,5,False,1000,1000
327,7,weighted,10,0.2478105095541401,0,30,None,66,1,5,False,1000,1000
328,8,weighted,10,0.241640127388535,0,30,None,66,1,5,False,1000,1000
329,9,weighted,10,0.2385549363057325,0,30,None,66,1,5,False,1000,1000
330,10,weighted,10,0.3569864649681528,0,1,None,66,1,5,False,1000,1000
331,11,weighted,10,0.3177746815286624,0,1,None,66,1,5,False,1000,1000
332,12,weighted,10,0.2787619426751592,0,1,None,66,1,5,False,1000,1000
333,13,weighted,10,0.2561703821656051,0,1,None,66,1,5,False,1000,1000
334,14,weighted,10,0.2387539808917197,0,1,None,66,1,5,False,1000,1000
335,10,weighted,10,0.1110668789808917,0,21,None,66,1,5,False,1000,1000
336,11,weighted,10,0.138734076433121,0,21,None,66,1,5,False,1000,1000
337,12,weighted,10,0.1665007961783439,0,21,None,66,1,5,False,1000,1000
338,13,weighted,10,0.1801353503184713,0,21,None,66,1,5,False,1000,1000
339,14,weighted,10,0.1865047770700637,0,21,None,66,1,5,False,1000,1000
340,10,weighted,10,0.1576433121019108,0,17,None,66,1,5,False,1000,1000
341,11,weighted,10,0.1731687898089172,0,17,None,66,1,5,False,1000,1000
342,12,weighted,10,0.1844148089171974,0,17,None,66,1,5,False,1000,1000
343,13,weighted,10,0.1905851910828025,0,17,None,66,1,5,False,1000,1000
344,14,weighted,10,0.1927746815286624,0,17,None,66,1,5,False,1000,1000
345,10,weighted,10,0.0995222929936305,0,18,None,66,1,5,False,1000,1000
346,11,weighted,10,0.0995222929936305,0,18,None,66,1,5,False,1000,1000
347,12,weighted,10,0.0995222929936305,0,18,None,66,1,5,False,1000,1000
348,13,weighted,10,0.0995222929936305,0,18,None,66,1,5,False,1000,1000
349,14,weighted,10,0.0995222929936305,0,18,None,66,1,5,False,1000,1000
350,10,weighted,10,0.0995222929936305,0,19,None,66,1,5,False,1000,1000
351,11,weighted,10,0.0995222929936305,0,19,None,66,1,5,False,1000,1000
352,12,weighted,10,0.0995222929936305,0,19,None,66,1,5,False,1000,1000
353,13,weighted,10,0.0995222929936305,0,19,None,66,1,5,False,1000,1000
354,14,weighted,10,0.0995222929936305,0,19,None,66,1,5,False,1000,1000
355,10,weighted,10,0.0995222929936305,0,20,None,66,1,5,False,1000,1000
356,11,weighted,10,0.0995222929936305,0,20,None,66,1,5,False,1000,1000
357,12,weighted,10,0.1146496815286624,0,20,None,66,1,5,False,1000,1000
358,13,weighted,10,0.1573447452229299,0,20,None,66,1,5,False,1000,1000
359,14,weighted,10,0.1848128980891719,0,20,None,66,1,5,False,1000,1000
360,10,weighted,10,0.1949641719745223,0,10,None,66,1,5,False,1000,1000
361,11,weighted,10,0.2330812101910828,0,10,None,66,1,5,False,1000,1000
362,12,weighted,10,0.1840167197452229,0,10,None,66,1,5,False,1000,1000
363,13,weighted,10,0.1351512738853503,0,10,None,66,1,5,False,1000,1000
364,14,weighted,10,0.123109076433121,0,10,None,66,1,5,False,1000,1000
365,10,weighted,10,0.1893909235668789,0,11,None,66,1,5,False,1000,1000
366,11,weighted,10,0.192874203821656,0,11,None,66,1,5,False,1000,1000
367,12,weighted,10,0.1958598726114649,0,11,None,66,1,5,False,1000,1000
368,13,weighted,10,0.197452229299363,0,11,None,66,1,5,False,1000,1000
369,14,weighted,10,0.1959593949044586,0,11,None,66,1,5,False,1000,1000
370,10,weighted,10,0.1957603503184713,0,15,None,66,1,5,False,1000,1000
371,11,weighted,10,0.2496019108280254,0,15,None,66,1,5,False,1000,1000
372,12,weighted,10,0.395999203821656,0,15,None,66,1,5,False,1000,1000
373,13,weighted,10,0.4267515923566879,0,15,None,66,1,5,False,1000,1000
374,14,weighted,10,0.4143113057324841,0,15,None,66,1,5,False,1000,1000
375,10,weighted,10,0.0995222929936305,0,8,None,66,1,5,False,1000,1000
376,11,weighted,10,0.0995222929936305,0,8,None,66,1,5,False,1000,1000
377,12,weighted,10,0.0995222929936305,0,8,None,66,1,5,False,1000,1000
378,13,weighted,10,0.0995222929936305,0,8,None,66,1,5,False,1000,1000
379,14,weighted,10,0.0995222929936305,0,8,None,66,1,5,False,1000,1000
380,10,weighted,10,0.0995222929936305,0,5,None,66,1,5,False,1000,1000
381,11,weighted,10,0.0995222929936305,0,5,None,66,1,5,False,1000,1000
382,12,weighted,10,0.136046974522293,0,5,None,66,1,5,False,1000,1000
383,13,weighted,10,0.1895899681528662,0,5,None,66,1,5,False,1000,1000
384,14,weighted,10,0.1917794585987261,0,5,None,66,1,5,False,1000,1000
385,10,weighted,10,0.219546178343949,0,22,None,66,1,5,False,1000,1000
386,11,weighted,10,0.1075835987261146,0,22,None,66,1,5,False,1000,1000
387,12,weighted,10,0.1024084394904458,0,22,None,66,1,5,False,1000,1000
388,13,weighted,10,0.1095740445859872,0,22,None,66,1,5,False,1000,1000
389,14,weighted,10,0.1214171974522293,0,22,None,66,1,5,False,1000,1000
390,10,weighted,10,0.2400477707006369,0,26,None,66,1,5,False,1000,1000
391,11,weighted,10,0.2414410828025477,0,26,None,66,1,5,False,1000,1000
392,12,weighted,10,0.2440286624203821,0,26,None,66,1,5,False,1000,1000
393,13,weighted,10,0.2476114649681528,0,26,None,66,1,5,False,1000,1000
394,14,weighted,10,0.2515923566878981,0,26,None,66,1,5,False,1000,1000
395,10,weighted,10,0.1424164012738853,0,13,None,66,1,5,False,1000,1000
396,11,weighted,10,0.1547571656050955,0,13,None,66,1,5,False,1000,1000
397,12,weighted,10,0.0995222929936305,0,13,None,66,1,5,False,1000,1000
398,13,weighted,10,0.0995222929936305,0,13,None,66,1,5,False,1000,1000
399,14,weighted,10,0.0995222929936305,0,13,None,66,1,5,False,1000,1000
400,10,weighted,10,0.1798367834394904,0,12,None,66,1,5,False,1000,1000
401,11,weighted,10,0.1921775477707006,0,12,None,66,1,5,False,1000,1000
402,12,weighted,10,0.1632165605095541,0,12,None,66,1,5,False,1000,1000
403,13,weighted,10,0.1910828025477707,0,12,None,66,1,5,False,1000,1000
404,14,weighted,10,0.1988455414012739,0,12,None,66,1,5,False,1000,1000
405,10,weighted,10,0.0995222929936305,0,14,None,66,1,5,False,1000,1000
406,11,weighted,10,0.0995222929936305,0,14,None,66,1,5,False,1000,1000
407,12,weighted,10,0.0995222929936305,0,14,None,66,1,5,False,1000,1000
408,13,weighted,10,0.0995222929936305,0,14,None,66,1,5,False,1000,1000
409,14,weighted,10,0.0995222929936305,0,14,None,66,1,5,False,1000,1000
410,10,weighted,10,0.0996218152866242,0,9,None,66,1,5,False,1000,1000
411,11,weighted,10,0.0995222929936305,0,9,None,66,1,5,False,1000,1000
412,12,weighted,10,0.0995222929936305,0,9,None,66,1,5,False,1000,1000
413,13,weighted,10,0.0995222929936305,0,9,None,66,1,5,False,1000,1000
414,14,weighted,10,0.0995222929936305,0,9,None,66,1,5,False,1000,1000
415,10,weighted,10,0.1647093949044586,0,25,None,66,1,5,False,1000,1000
416,11,weighted,10,0.1774482484076433,0,25,None,66,1,5,False,1000,1000
417,12,weighted,10,0.1841162420382165,0,25,None,66,1,5,False,1000,1000
418,13,weighted,10,0.1873009554140127,0,25,None,66,1,5,False,1000,1000
419,14,weighted,10,0.1891918789808917,0,25,None,66,1,5,False,1000,1000
420,10,weighted,10,0.0995222929936305,0,29,None,66,1,5,False,1000,1000
421,11,weighted,10,0.0995222929936305,0,29,None,66,1,5,False,1000,1000
422,12,weighted,10,0.0995222929936305,0,29,None,66,1,5,False,1000,1000
423,13,weighted,10,0.0995222929936305,0,29,None,66,1,5,False,1000,1000
424,14,weighted,10,0.0995222929936305,0,29,None,66,1,5,False,1000,1000
425,10,weighted,10,0.0995222929936305,0,2,None,66,1,5,False,1000,1000
426,11,weighted,10,0.0995222929936305,0,2,None,66,1,5,False,1000,1000
427,12,weighted,10,0.0995222929936305,0,2,None,66,1,5,False,1000,1000
428,13,weighted,10,0.0995222929936305,0,2,None,66,1,5,False,1000,1000
429,14,weighted,10,0.0995222929936305,0,2,None,66,1,5,False,1000,1000
430,10,weighted,10,0.0995222929936305,0,24,None,66,1,5,False,1000,1000
431,11,weighted,10,0.0996218152866242,0,24,None,66,1,5,False,1000,1000
432,12,weighted,10,0.1032046178343949,0,24,None,66,1,5,False,1000,1000
433,13,weighted,10,0.1264928343949044,0,24,None,66,1,5,False,1000,1000
434,14,weighted,10,0.1557523885350318,0,24,None,66,1,5,False,1000,1000
435,10,weighted,10,0.0995222929936305,0,27,None,66,1,5,False,1000,1000
436,11,weighted,10,0.0995222929936305,0,27,None,66,1,5,False,1000,1000
437,12,weighted,10,0.1460987261146497,0,27,None,66,1,5,False,1000,1000
438,13,weighted,10,0.0995222929936305,0,27,None,66,1,5,False,1000,1000
439,14,weighted,10,0.0995222929936305,0,27,None,66,1,5,False,1000,1000
440,10,weighted,10,0.0995222929936305,0,30,None,66,1,5,False,1000,1000
441,11,weighted,10,0.1047969745222929,0,30,None,66,1,5,False,1000,1000
442,12,weighted,10,0.1973527070063694,0,30,None,66,1,5,False,1000,1000
443,13,weighted,10,0.192874203821656,0,30,None,66,1,5,False,1000,1000
444,14,weighted,10,0.1817277070063694,0,30,None,66,1,5,False,1000,1000
445,10,weighted,10,0.2452229299363057,0,31,None,66,1,5,False,1000,1000
446,11,weighted,10,0.2442277070063694,0,31,None,66,1,5,False,1000,1000
447,12,weighted,10,0.251890923566879,0,31,None,66,1,5,False,1000,1000
448,13,weighted,10,0.2697054140127388,0,31,None,66,1,5,False,1000,1000
449,14,weighted,10,0.268312101910828,0,31,None,66,1,5,False,1000,1000
450,10,weighted,10,0.0995222929936305,0,28,None,66,1,5,False,1000,1000
451,11,weighted,10,0.0995222929936305,0,28,None,66,1,5,False,1000,1000
452,12,weighted,10,0.0995222929936305,0,28,None,66,1,5,False,1000,1000
453,13,weighted,10,0.0995222929936305,0,28,None,66,1,5,False,1000,1000
454,14,weighted,10,0.0997213375796178,0,28,None,66,1,5,False,1000,1000
455,10,weighted,10,0.0995222929936305,0,4,None,66,1,5,False,1000,1000
456,11,weighted,10,0.0995222929936305,0,4,None,66,1,5,False,1000,1000
457,12,weighted,10,0.0995222929936305,0,4,None,66,1,5,False,1000,1000
458,13,weighted,10,0.0995222929936305,0,4,None,66,1,5,False,1000,1000
459,14,weighted,10,0.1690883757961783,0,4,None,66,1,5,False,1000,1000
460,10,weighted,10,0.0995222929936305,0,0,None,66,1,5,False,1000,1000
461,11,weighted,10,0.0995222929936305,0,0,None,66,1,5,False,1000,1000
462,12,weighted,10,0.0995222929936305,0,0,None,66,1,5,False,1000,1000
463,13,weighted,10,0.0995222929936305,0,0,None,66,1,5,False,1000,1000
464,14,weighted,10,0.0995222929936305,0,0,None,66,1,5,False,1000,1000
465,10,weighted,10,0.2715963375796178,0,23,None,66,1,5,False,1000,1000
466,11,weighted,10,0.2299960191082802,0,23,None,66,1,5,False,1000,1000
467,12,weighted,10,0.1878980891719745,0,23,None,66,1,5,False,1000,1000
468,13,weighted,10,0.1852109872611465,0,23,None,66,1,5,False,1000,1000
469,14,weighted,10,0.1816281847133758,0,23,None,66,1,5,False,1000,1000
470,10,weighted,10,0.0995222929936305,0,6,None,66,1,5,False,1000,1000
471,11,weighted,10,0.0995222929936305,0,6,None,66,1,5,False,1000,1000
472,12,weighted,10,0.0995222929936305,0,6,None,66,1,5,False,1000,1000
473,13,weighted,10,0.1757563694267516,0,6,None,66,1,5,False,1000,1000
474,14,weighted,10,0.0995222929936305,0,6,None,66,1,5,False,1000,1000
475,10,weighted,10,0.0995222929936305,0,3,None,66,1,5,False,1000,1000
476,11,weighted,10,0.0995222929936305,0,3,None,66,1,5,False,1000,1000
477,12,weighted,10,0.0995222929936305,0,3,None,66,1,5,False,1000,1000
478,13,weighted,10,0.0995222929936305,0,3,None,66,1,5,False,1000,1000
479,14,weighted,10,0.0995222929936305,0,3,None,66,1,5,False,1000,1000
480,10,weighted,10,0.0995222929936305,0,7,None,66,1,5,False,1000,1000
481,11,weighted,10,0.0995222929936305,0,7,None,66,1,5,False,1000,1000
482,12,weighted,10,0.0995222929936305,0,7,None,66,1,5,False,1000,1000
483,13,weighted,10,0.0995222929936305,0,7,None,66,1,5,False,1000,1000
484,14,weighted,10,0.0995222929936305,0,7,None,66,1,5,False,1000,1000
485,10,weighted,10,0.1377388535031847,0,16,None,66,1,5,False,1000,1000
486,11,weighted,10,0.1294785031847133,0,16,None,66,1,5,False,1000,1000
487,12,weighted,10,0.1242038216560509,0,16,None,66,1,5,False,1000,1000
488,13,weighted,10,0.1206210191082802,0,16,None,66,1,5,False,1000,1000
489,14,weighted,10,0.1180334394904458,0,16,None,66,1,5,False,1000,1000
490,10,weighted,10,0.0995222929936305,0,32,None,66,1,5,False,1000,1000
491,11,weighted,10,0.0995222929936305,0,32,None,66,1,5,False,1000,1000
492,12,weighted,10,0.0995222929936305,0,32,None,66,1,5,False,1000,1000
493,13,weighted,10,0.0995222929936305,0,32,None,66,1,5,False,1000,1000
494,14,weighted,10,0.0995222929936305,0,32,None,66,1,5,False,1000,1000
990,15,weighted,10,0.3465366242038216,0,1,None,66,1,5,False,1000,1000
991,16,weighted,10,0.3091162420382166,0,1,None,66,1,5,False,1000,1000
992,17,weighted,10,0.2817476114649681,0,1,None,66,1,5,False,1000,1000
993,18,weighted,10,0.2667197452229299,0,1,None,66,1,5,False,1000,1000
994,19,weighted,10,0.2448248407643312,0,1,None,66,1,5,False,1000,1000
995,15,weighted,10,0.0995222929936305,0,13,None,66,1,5,False,1000,1000
996,16,weighted,10,0.0995222929936305,0,13,None,66,1,5,False,1000,1000
997,17,weighted,10,0.1844148089171974,0,13,None,66,1,5,False,1000,1000
998,18,weighted,10,0.1071855095541401,0,13,None,66,1,5,False,1000,1000
999,19,weighted,10,0.0995222929936305,0,13,None,66,1,5,False,1000,1000
1000,15,weighted,10,0.0995222929936305,0,19,None,66,1,5,False,1000,1000
1001,16,weighted,10,0.0995222929936305,0,19,None,66,1,5,False,1000,1000
1002,17,weighted,10,0.0995222929936305,0,19,None,66,1,5,False,1000,1000
1003,18,weighted,10,0.0995222929936305,0,19,None,66,1,5,False,1000,1000
1004,19,weighted,10,0.0995222929936305,0,19,None,66,1,5,False,1000,1000
1005,15,weighted,10,0.0995222929936305,0,22,None,66,1,5,False,1000,1000
1006,16,weighted,10,0.0995222929936305,0,22,None,66,1,5,False,1000,1000
1007,17,weighted,10,0.0995222929936305,0,22,None,66,1,5,False,1000,1000
1008,18,weighted,10,0.0995222929936305,0,22,None,66,1,5,False,1000,1000
1009,19,weighted,10,0.0995222929936305,0,22,None,66,1,5,False,1000,1000
1010,15,weighted,10,0.1815286624203821,0,23,None,66,1,5,False,1000,1000
1011,16,weighted,10,0.171875,0,23,None,66,1,5,False,1000,1000
1012,17,weighted,10,0.1604299363057325,0,23,None,66,1,5,False,1000,1000
1013,18,weighted,10,0.1450039808917197,0,23,None,66,1,5,False,1000,1000
1014,19,weighted,10,0.1319665605095541,0,23,None,66,1,5,False,1000,1000
1015,15,weighted,10,0.0995222929936305,0,21,None,66,1,5,False,1000,1000
1016,16,weighted,10,0.0995222929936305,0,21,None,66,1,5,False,1000,1000
1017,17,weighted,10,0.1006170382165605,0,21,None,66,1,5,False,1000,1000
1018,18,weighted,10,0.1344546178343949,0,21,None,66,1,5,False,1000,1000
1019,19,weighted,10,0.1604299363057325,0,21,None,66,1,5,False,1000,1000
1020,15,weighted,10,0.0995222929936305,0,24,None,66,1,5,False,1000,1000
1021,16,weighted,10,0.0995222929936305,0,24,None,66,1,5,False,1000,1000
1022,17,weighted,10,0.0997213375796178,0,24,None,66,1,5,False,1000,1000
1023,18,weighted,10,0.1004179936305732,0,24,None,66,1,5,False,1000,1000
1024,19,weighted,10,0.1062898089171974,0,24,None,66,1,5,False,1000,1000
1025,15,weighted,10,0.0995222929936305,0,29,None,66,1,5,False,1000,1000
1026,16,weighted,10,0.0995222929936305,0,29,None,66,1,5,False,1000,1000
1027,17,weighted,10,0.0995222929936305,0,29,None,66,1,5,False,1000,1000
1028,18,weighted,10,0.0995222929936305,0,29,None,66,1,5,False,1000,1000
1029,19,weighted,10,0.0995222929936305,0,29,None,66,1,5,False,1000,1000
1030,15,weighted,10,0.201234076433121,0,31,None,66,1,5,False,1000,1000
1031,16,weighted,10,0.2167595541401273,0,31,None,66,1,5,False,1000,1000
1032,17,weighted,10,0.2152667197452229,0,31,None,66,1,5,False,1000,1000
1033,18,weighted,10,0.2051154458598726,0,31,None,66,1,5,False,1000,1000
1034,19,weighted,10,0.2056130573248407,0,31,None,66,1,5,False,1000,1000
1035,15,weighted,10,0.0995222929936305,0,27,None,66,1,5,False,1000,1000
1036,16,weighted,10,0.0995222929936305,0,27,None,66,1,5,False,1000,1000
1037,17,weighted,10,0.0995222929936305,0,27,None,66,1,5,False,1000,1000
1038,18,weighted,10,0.0995222929936305,0,27,None,66,1,5,False,1000,1000
1039,19,weighted,10,0.1089769108280254,0,27,None,66,1,5,False,1000,1000
1040,15,weighted,10,0.0995222929936305,0,32,None,66,1,5,False,1000,1000
1041,16,weighted,10,0.0995222929936305,0,32,None,66,1,5,False,1000,1000
1042,17,weighted,10,0.0995222929936305,0,32,None,66,1,5,False,1000,1000
1043,18,weighted,10,0.0995222929936305,0,32,None,66,1,5,False,1000,1000
1044,19,weighted,10,0.0995222929936305,0,32,None,66,1,5,False,1000,1000
1045,15,weighted,10,0.0995222929936305,0,2,None,66,1,5,False,1000,1000
1046,16,weighted,10,0.0995222929936305,0,2,None,66,1,5,False,1000,1000
1047,17,weighted,10,0.0995222929936305,0,2,None,66,1,5,False,1000,1000
1048,18,weighted,10,0.0995222929936305,0,2,None,66,1,5,False,1000,1000
1049,19,weighted,10,0.0995222929936305,0,2,None,66,1,5,False,1000,1000
1050,15,weighted,10,0.0995222929936305,0,0,None,66,1,5,False,1000,1000
1051,16,weighted,10,0.0995222929936305,0,0,None,66,1,5,False,1000,1000
1052,17,weighted,10,0.0995222929936305,0,0,None,66,1,5,False,1000,1000
1053,18,weighted,10,0.0995222929936305,0,0,None,66,1,5,False,1000,1000
1054,19,weighted,10,0.0995222929936305,0,0,None,66,1,5,False,1000,1000
1055,15,weighted,10,0.1900875796178344,0,10,None,66,1,5,False,1000,1000
1056,16,weighted,10,0.171875,0,10,None,66,1,5,False,1000,1000
1057,17,weighted,10,0.1038017515923566,0,10,None,66,1,5,False,1000,1000
1058,18,weighted,10,0.0995222929936305,0,10,None,66,1,5,False,1000,1000
1059,19,weighted,10,0.0995222929936305,0,10,None,66,1,5,False,1000,1000
1060,15,weighted,10,0.0995222929936305,0,3,None,66,1,5,False,1000,1000
1061,16,weighted,10,0.0995222929936305,0,3,None,66,1,5,False,1000,1000
1062,17,weighted,10,0.0995222929936305,0,3,None,66,1,5,False,1000,1000
1063,18,weighted,10,0.0995222929936305,0,3,None,66,1,5,False,1000,1000
1064,19,weighted,10,0.0995222929936305,0,3,None,66,1,5,False,1000,1000
1065,15,weighted,10,0.1899880573248407,0,11,None,66,1,5,False,1000,1000
1066,16,weighted,10,0.1866042993630573,0,11,None,66,1,5,False,1000,1000
1067,17,weighted,10,0.1171377388535031,0,11,None,66,1,5,False,1000,1000
1068,18,weighted,10,0.0995222929936305,0,11,None,66,1,5,False,1000,1000
1069,19,weighted,10,0.0995222929936305,0,11,None,66,1,5,False,1000,1000
1070,15,weighted,10,0.1763535031847133,0,15,None,66,1,5,False,1000,1000
1071,16,weighted,10,0.1850119426751592,0,15,None,66,1,5,False,1000,1000
1072,17,weighted,10,0.256468949044586,0,15,None,66,1,5,False,1000,1000
1073,18,weighted,10,0.3119028662420382,0,15,None,66,1,5,False,1000,1000
1074,19,weighted,10,0.3125,0,15,None,66,1,5,False,1000,1000
1075,15,weighted,10,0.0995222929936305,0,17,None,66,1,5,False,1000,1000
1076,16,weighted,10,0.1041003184713375,0,17,None,66,1,5,False,1000,1000
1077,17,weighted,10,0.1301751592356688,0,17,None,66,1,5,False,1000,1000
1078,18,weighted,10,0.1546576433121019,0,17,None,66,1,5,False,1000,1000
1079,19,weighted,10,0.1724721337579617,0,17,None,66,1,5,False,1000,1000
1080,15,weighted,10,0.0995222929936305,0,18,None,66,1,5,False,1000,1000
1081,16,weighted,10,0.0995222929936305,0,18,None,66,1,5,False,1000,1000
1082,17,weighted,10,0.1177348726114649,0,18,None,66,1,5,False,1000,1000
1083,18,weighted,10,0.1399283439490445,0,18,None,66,1,5,False,1000,1000
1084,19,weighted,10,0.0995222929936305,0,18,None,66,1,5,False,1000,1000
1085,15,weighted,10,0.0995222929936305,0,20,None,66,1,5,False,1000,1000
1086,16,weighted,10,0.0995222929936305,0,20,None,66,1,5,False,1000,1000
1087,17,weighted,10,0.0995222929936305,0,20,None,66,1,5,False,1000,1000
1088,18,weighted,10,0.0995222929936305,0,20,None,66,1,5,False,1000,1000
1089,19,weighted,10,0.1023089171974522,0,20,None,66,1,5,False,1000,1000
1090,15,weighted,10,0.1702826433121019,0,28,None,66,1,5,False,1000,1000
1091,16,weighted,10,0.1636146496815286,0,28,None,66,1,5,False,1000,1000
1092,17,weighted,10,0.1580414012738853,0,28,None,66,1,5,False,1000,1000
1093,18,weighted,10,0.1540605095541401,0,28,None,66,1,5,False,1000,1000
1094,19,weighted,10,0.1507762738853503,0,28,None,66,1,5,False,1000,1000
1095,15,weighted,10,0.1510748407643312,0,5,None,66,1,5,False,1000,1000
1096,16,weighted,10,0.1310708598726114,0,5,None,66,1,5,False,1000,1000
1097,17,weighted,10,0.1141520700636942,0,5,None,66,1,5,False,1000,1000
1098,18,weighted,10,0.1025079617834394,0,5,None,66,1,5,False,1000,1000
1099,19,weighted,10,0.0996218152866242,0,5,None,66,1,5,False,1000,1000
1100,15,weighted,10,0.0995222929936305,0,4,None,66,1,5,False,1000,1000
1101,16,weighted,10,0.0995222929936305,0,4,None,66,1,5,False,1000,1000
1102,17,weighted,10,0.0995222929936305,0,4,None,66,1,5,False,1000,1000
1103,18,weighted,10,0.1432125796178344,0,4,None,66,1,5,False,1000,1000
1104,19,weighted,10,0.0995222929936305,0,4,None,66,1,5,False,1000,1000
1105,15,weighted,10,0.0995222929936305,0,7,None,66,1,5,False,1000,1000
1106,16,weighted,10,0.0995222929936305,0,7,None,66,1,5,False,1000,1000
1107,17,weighted,10,0.0995222929936305,0,7,None,66,1,5,False,1000,1000
1108,18,weighted,10,0.0995222929936305,0,7,None,66,1,5,False,1000,1000
1109,19,weighted,10,0.0995222929936305,0,7,None,66,1,5,False,1000,1000
1110,15,weighted,10,0.0995222929936305,0,6,None,66,1,5,False,1000,1000
1111,16,weighted,10,0.0995222929936305,0,6,None,66,1,5,False,1000,1000
1112,17,weighted,10,0.0995222929936305,0,6,None,66,1,5,False,1000,1000
1113,18,weighted,10,0.1113654458598726,0,6,None,66,1,5,False,1000,1000
1114,19,weighted,10,0.1005175159235668,0,6,None,66,1,5,False,1000,1000
1115,15,weighted,10,0.0995222929936305,0,12,None,66,1,5,False,1000,1000
1116,16,weighted,10,0.1091759554140127,0,12,None,66,1,5,False,1000,1000
1117,17,weighted,10,0.1790406050955414,0,12,None,66,1,5,False,1000,1000
1118,18,weighted,10,0.2514928343949044,0,12,None,66,1,5,False,1000,1000
1119,19,weighted,10,0.2628383757961783,0,12,None,66,1,5,False,1000,1000
1120,15,weighted,10,0.0995222929936305,0,14,None,66,1,5,False,1000,1000
1121,16,weighted,10,0.0995222929936305,0,14,None,66,1,5,False,1000,1000
1122,17,weighted,10,0.0995222929936305,0,14,None,66,1,5,False,1000,1000
1123,18,weighted,10,0.0995222929936305,0,14,None,66,1,5,False,1000,1000
1124,19,weighted,10,0.0995222929936305,0,14,None,66,1,5,False,1000,1000
1125,15,weighted,10,0.1982484076433121,0,26,None,66,1,5,False,1000,1000
1126,16,weighted,10,0.1980493630573248,0,26,None,66,1,5,False,1000,1000
1127,17,weighted,10,0.1976512738853503,0,26,None,66,1,5,False,1000,1000
1128,18,weighted,10,0.1973527070063694,0,26,None,66,1,5,False,1000,1000
1129,19,weighted,10,0.1971536624203821,0,26,None,66,1,5,False,1000,1000
1130,15,weighted,10,0.0995222929936305,0,30,None,66,1,5,False,1000,1000
1131,16,weighted,10,0.192078025477707,0,30,None,66,1,5,False,1000,1000
1132,17,weighted,10,0.1619227707006369,0,30,None,66,1,5,False,1000,1000
1133,18,weighted,10,0.1246019108280254,0,30,None,66,1,5,False,1000,1000
1134,19,weighted,10,0.1008160828025477,0,30,None,66,1,5,False,1000,1000
1135,15,weighted,10,0.0995222929936305,0,8,None,66,1,5,False,1000,1000
1136,16,weighted,10,0.1652070063694267,0,8,None,66,1,5,False,1000,1000
1137,17,weighted,10,0.0995222929936305,0,8,None,66,1,5,False,1000,1000
1138,18,weighted,10,0.0995222929936305,0,8,None,66,1,5,False,1000,1000
1139,19,weighted,10,0.0995222929936305,0,8,None,66,1,5,False,1000,1000
1140,15,weighted,10,0.0995222929936305,0,16,None,66,1,5,False,1000,1000
1141,16,weighted,10,0.0995222929936305,0,16,None,66,1,5,False,1000,1000
1142,17,weighted,10,0.0995222929936305,0,16,None,66,1,5,False,1000,1000
1143,18,weighted,10,0.0995222929936305,0,16,None,66,1,5,False,1000,1000
1144,19,weighted,10,0.0995222929936305,0,16,None,66,1,5,False,1000,1000
1145,15,weighted,10,0.1199243630573248,0,25,None,66,1,5,False,1000,1000
1146,16,weighted,10,0.1390326433121019,0,25,None,66,1,5,False,1000,1000
1147,17,weighted,10,0.1558519108280254,0,25,None,66,1,5,False,1000,1000
1148,18,weighted,10,0.1659036624203821,0,25,None,66,1,5,False,1000,1000
1149,19,weighted,10,0.1735668789808917,0,25,None,66,1,5,False,1000,1000
1150,15,weighted,10,0.1848128980891719,0,9,None,66,1,5,False,1000,1000
1151,16,weighted,10,0.15625,0,9,None,66,1,5,False,1000,1000
1152,17,weighted,10,0.1088773885350318,0,9,None,66,1,5,False,1000,1000
1153,18,weighted,10,0.0995222929936305,0,9,None,66,1,5,False,1000,1000
1154,19,weighted,10,0.0995222929936305,0,9,None,66,1,5,False,1000,1000
1155,20,weighted,10,0.1855095541401273,0,15,None,66,1,5,False,1000,1000
1156,21,weighted,10,0.2973726114649681,0,15,None,66,1,5,False,1000,1000
1157,22,weighted,10,0.2347730891719745,0,15,None,66,1,5,False,1000,1000
1158,23,weighted,10,0.190983280254777,0,15,None,66,1,5,False,1000,1000
1159,24,weighted,10,0.1888933121019108,0,15,None,66,1,5,False,1000,1000
1160,20,weighted,10,0.0995222929936305,0,7,None,66,1,5,False,1000,1000
1161,21,weighted,10,0.0995222929936305,0,7,None,66,1,5,False,1000,1000
1162,22,weighted,10,0.101811305732484,0,7,None,66,1,5,False,1000,1000
1163,23,weighted,10,0.2362659235668789,0,7,None,66,1,5,False,1000,1000
1164,24,weighted,10,0.0995222929936305,0,7,None,66,1,5,False,1000,1000
1165,20,weighted,10,0.0995222929936305,0,20,None,66,1,5,False,1000,1000
1166,21,weighted,10,0.1328622611464968,0,20,None,66,1,5,False,1000,1000
1167,22,weighted,10,0.1895899681528662,0,20,None,66,1,5,False,1000,1000
1168,23,weighted,10,0.0995222929936305,0,20,None,66,1,5,False,1000,1000
1169,24,weighted,10,0.0995222929936305,0,20,None,66,1,5,False,1000,1000
1170,20,weighted,10,0.1907842356687898,0,10,None,66,1,5,False,1000,1000
1171,21,weighted,10,0.1684912420382165,0,10,None,66,1,5,False,1000,1000
1172,22,weighted,10,0.0995222929936305,0,10,None,66,1,5,False,1000,1000
1173,23,weighted,10,0.0995222929936305,0,10,None,66,1,5,False,1000,1000
1174,24,weighted,10,0.0995222929936305,0,10,None,66,1,5,False,1000,1000
1175,20,weighted,10,0.0995222929936305,0,32,None,66,1,5,False,1000,1000
1176,21,weighted,10,0.0995222929936305,0,32,None,66,1,5,False,1000,1000
1177,22,weighted,10,0.0995222929936305,0,32,None,66,1,5,False,1000,1000
1178,23,weighted,10,0.0995222929936305,0,32,None,66,1,5,False,1000,1000
1179,24,weighted,10,0.0995222929936305,0,32,None,66,1,5,False,1000,1000
1180,20,weighted,10,0.0995222929936305,0,22,None,66,1,5,False,1000,1000
1181,21,weighted,10,0.0995222929936305,0,22,None,66,1,5,False,1000,1000
1182,22,weighted,10,0.0995222929936305,0,22,None,66,1,5,False,1000,1000
1183,23,weighted,10,0.0995222929936305,0,22,None,66,1,5,False,1000,1000
1184,24,weighted,10,0.0995222929936305,0,22,None,66,1,5,False,1000,1000
1185,20,weighted,10,0.2979697452229299,0,26,None,66,1,5,False,1000,1000
1186,21,weighted,10,0.2609474522292994,0,26,None,66,1,5,False,1000,1000
1187,22,weighted,10,0.2452229299363057,0,26,None,66,1,5,False,1000,1000
1188,23,weighted,10,0.219546178343949,0,26,None,66,1,5,False,1000,1000
1189,24,weighted,10,0.1923765923566879,0,26,None,66,1,5,False,1000,1000
1190,20,weighted,10,0.0995222929936305,0,6,None,66,1,5,False,1000,1000
1191,21,weighted,10,0.0995222929936305,0,6,None,66,1,5,False,1000,1000
1192,22,weighted,10,0.1312699044585987,0,6,None,66,1,5,False,1000,1000
1193,23,weighted,10,0.0995222929936305,0,6,None,66,1,5,False,1000,1000
1194,24,weighted,10,0.0995222929936305,0,6,None,66,1,5,False,1000,1000
1195,20,weighted,10,0.1363455414012739,0,12,None,66,1,5,False,1000,1000
1196,21,weighted,10,0.2372611464968153,0,12,None,66,1,5,False,1000,1000
1197,22,weighted,10,0.2524880573248407,0,12,None,66,1,5,False,1000,1000
1198,23,weighted,10,0.1926751592356688,0,12,None,66,1,5,False,1000,1000
1199,24,weighted,10,0.1924761146496815,0,12,None,66,1,5,False,1000,1000
1200,20,weighted,10,0.10828025477707,0,25,None,66,1,5,False,1000,1000
1201,21,weighted,10,0.1233081210191082,0,25,None,66,1,5,False,1000,1000
1202,22,weighted,10,0.1379378980891719,0,25,None,66,1,5,False,1000,1000
1203,23,weighted,10,0.1504777070063694,0,25,None,66,1,5,False,1000,1000
1204,24,weighted,10,0.1612261146496815,0,25,None,66,1,5,False,1000,1000
1205,20,weighted,10,0.0995222929936305,0,14,None,66,1,5,False,1000,1000
1206,21,weighted,10,0.1004179936305732,0,14,None,66,1,5,False,1000,1000
1207,22,weighted,10,0.0995222929936305,0,14,None,66,1,5,False,1000,1000
1208,23,weighted,10,0.0995222929936305,0,14,None,66,1,5,False,1000,1000
1209,24,weighted,10,0.0995222929936305,0,14,None,66,1,5,False,1000,1000
1210,20,weighted,10,0.1823248407643312,0,30,None,66,1,5,False,1000,1000
1211,21,weighted,10,0.1621218152866242,0,30,None,66,1,5,False,1000,1000
1212,22,weighted,10,0.1413216560509554,0,30,None,66,1,5,False,1000,1000
1213,23,weighted,10,0.1248009554140127,0,30,None,66,1,5,False,1000,1000
1214,24,weighted,10,0.1106687898089172,0,30,None,66,1,5,False,1000,1000
1215,20,weighted,10,0.2153662420382165,0,31,None,66,1,5,False,1000,1000
1216,21,weighted,10,0.2138734076433121,0,31,None,66,1,5,False,1000,1000
1217,22,weighted,10,0.2018312101910828,0,31,None,66,1,5,False,1000,1000
1218,23,weighted,10,0.1995421974522293,0,31,None,66,1,5,False,1000,1000
1219,24,weighted,10,0.2033240445859872,0,31,None,66,1,5,False,1000,1000
1220,20,weighted,10,0.1913813694267516,0,11,None,66,1,5,False,1000,1000
1221,21,weighted,10,0.0996218152866242,0,11,None,66,1,5,False,1000,1000
1222,22,weighted,10,0.1016122611464968,0,11,None,66,1,5,False,1000,1000
1223,23,weighted,10,0.1091759554140127,0,11,None,66,1,5,False,1000,1000
1224,24,weighted,10,0.1207205414012738,0,11,None,66,1,5,False,1000,1000
1225,20,weighted,10,0.0995222929936305,0,17,None,66,1,5,False,1000,1000
1226,21,weighted,10,0.0995222929936305,0,17,None,66,1,5,False,1000,1000
1227,22,weighted,10,0.0995222929936305,0,17,None,66,1,5,False,1000,1000
1228,23,weighted,10,0.1013136942675159,0,17,None,66,1,5,False,1000,1000
1229,24,weighted,10,0.1324641719745223,0,17,None,66,1,5,False,1000,1000
1230,20,weighted,10,0.0995222929936305,0,24,None,66,1,5,False,1000,1000
1231,21,weighted,10,0.0995222929936305,0,24,None,66,1,5,False,1000,1000
1232,22,weighted,10,0.0995222929936305,0,24,None,66,1,5,False,1000,1000
1233,23,weighted,10,0.0996218152866242,0,24,None,66,1,5,False,1000,1000
1234,24,weighted,10,0.1000199044585987,0,24,None,66,1,5,False,1000,1000
1235,20,weighted,10,0.0995222929936305,0,16,None,66,1,5,False,1000,1000
1236,21,weighted,10,0.0995222929936305,0,16,None,66,1,5,False,1000,1000
1237,22,weighted,10,0.0995222929936305,0,16,None,66,1,5,False,1000,1000
1238,23,weighted,10,0.0995222929936305,0,16,None,66,1,5,False,1000,1000
1239,24,weighted,10,0.0995222929936305,0,16,None,66,1,5,False,1000,1000
1240,20,weighted,10,0.0995222929936305,0,18,None,66,1,5,False,1000,1000
1241,21,weighted,10,0.0995222929936305,0,18,None,66,1,5,False,1000,1000
1242,22,weighted,10,0.0995222929936305,0,18,None,66,1,5,False,1000,1000
1243,23,weighted,10,0.0995222929936305,0,18,None,66,1,5,False,1000,1000
1244,24,weighted,10,0.0995222929936305,0,18,None,66,1,5,False,1000,1000
1245,20,weighted,10,0.0995222929936305,0,19,None,66,1,5,False,1000,1000
1246,21,weighted,10,0.0995222929936305,0,19,None,66,1,5,False,1000,1000
1247,22,weighted,10,0.0995222929936305,0,19,None,66,1,5,False,1000,1000
1248,23,weighted,10,0.0995222929936305,0,19,None,66,1,5,False,1000,1000
1249,24,weighted,10,0.0995222929936305,0,19,None,66,1,5,False,1000,1000
1250,20,weighted,10,0.3185708598726114,0,1,None,66,1,5,False,1000,1000
1251,21,weighted,10,0.2740843949044586,0,1,None,66,1,5,False,1000,1000
1252,22,weighted,10,0.2221337579617834,0,1,None,66,1,5,False,1000,1000
1253,23,weighted,10,0.1705812101910828,0,1,None,66,1,5,False,1000,1000
1254,24,weighted,10,0.1555533439490445,0,1,None,66,1,5,False,1000,1000
1255,20,weighted,10,0.0995222929936305,0,2,None,66,1,5,False,1000,1000
1256,21,weighted,10,0.0995222929936305,0,2,None,66,1,5,False,1000,1000
1257,22,weighted,10,0.0995222929936305,0,2,None,66,1,5,False,1000,1000
1258,23,weighted,10,0.0995222929936305,0,2,None,66,1,5,False,1000,1000
1259,24,weighted,10,0.0995222929936305,0,2,None,66,1,5,False,1000,1000
1260,20,weighted,10,0.0995222929936305,0,0,None,66,1,5,False,1000,1000
1261,21,weighted,10,0.0995222929936305,0,0,None,66,1,5,False,1000,1000
1262,22,weighted,10,0.0995222929936305,0,0,None,66,1,5,False,1000,1000
1263,23,weighted,10,0.0995222929936305,0,0,None,66,1,5,False,1000,1000
1264,24,weighted,10,0.0995222929936305,0,0,None,66,1,5,False,1000,1000
1265,20,weighted,10,0.1820262738853503,0,4,None,66,1,5,False,1000,1000
1266,21,weighted,10,0.1975517515923567,0,4,None,66,1,5,False,1000,1000
1267,22,weighted,10,0.1072850318471337,0,4,None,66,1,5,False,1000,1000
1268,23,weighted,10,0.0995222929936305,0,4,None,66,1,5,False,1000,1000
1269,24,weighted,10,0.0995222929936305,0,4,None,66,1,5,False,1000,1000
1270,20,weighted,10,0.0995222929936305,0,3,None,66,1,5,False,1000,1000
1271,21,weighted,10,0.0995222929936305,0,3,None,66,1,5,False,1000,1000
1272,22,weighted,10,0.0995222929936305,0,3,None,66,1,5,False,1000,1000
1273,23,weighted,10,0.0995222929936305,0,3,None,66,1,5,False,1000,1000
1274,24,weighted,10,0.0995222929936305,0,3,None,66,1,5,False,1000,1000
1275,20,weighted,10,0.1519705414012739,0,5,None,66,1,5,False,1000,1000
1276,21,weighted,10,0.1319665605095541,0,5,None,66,1,5,False,1000,1000
1277,22,weighted,10,0.1146496815286624,0,5,None,66,1,5,False,1000,1000
1278,23,weighted,10,0.102906050955414,0,5,None,66,1,5,False,1000,1000
1279,24,weighted,10,0.0996218152866242,0,5,None,66,1,5,False,1000,1000
1280,20,weighted,10,0.0998208598726114,0,8,None,66,1,5,False,1000,1000
1281,21,weighted,10,0.1024084394904458,0,8,None,66,1,5,False,1000,1000
1282,22,weighted,10,0.0995222929936305,0,8,None,66,1,5,False,1000,1000
1283,23,weighted,10,0.0995222929936305,0,8,None,66,1,5,False,1000,1000
1284,24,weighted,10,0.0995222929936305,0,8,None,66,1,5,False,1000,1000
1285,20,weighted,10,0.1331608280254777,0,9,None,66,1,5,False,1000,1000
1286,21,weighted,10,0.1019108280254777,0,9,None,66,1,5,False,1000,1000
1287,22,weighted,10,0.0995222929936305,0,9,None,66,1,5,False,1000,1000
1288,23,weighted,10,0.0995222929936305,0,9,None,66,1,5,False,1000,1000
1289,24,weighted,10,0.0995222929936305,0,9,None,66,1,5,False,1000,1000
1290,20,weighted,10,0.0995222929936305,0,13,None,66,1,5,False,1000,1000
1291,21,weighted,10,0.0999203821656051,0,13,None,66,1,5,False,1000,1000
1292,22,weighted,10,0.1629179936305732,0,13,None,66,1,5,False,1000,1000
1293,23,weighted,10,0.0995222929936305,0,13,None,66,1,5,False,1000,1000
1294,24,weighted,10,0.0995222929936305,0,13,None,66,1,5,False,1000,1000
1295,20,weighted,10,0.0995222929936305,0,21,None,66,1,5,False,1000,1000
1296,21,weighted,10,0.0995222929936305,0,21,None,66,1,5,False,1000,1000
1297,22,weighted,10,0.0995222929936305,0,21,None,66,1,5,False,1000,1000
1298,23,weighted,10,0.0995222929936305,0,21,None,66,1,5,False,1000,1000
1299,24,weighted,10,0.0998208598726114,0,21,None,66,1,5,False,1000,1000
1300,20,weighted,10,0.1746616242038216,0,23,None,66,1,5,False,1000,1000
1301,21,weighted,10,0.1839171974522293,0,23,None,66,1,5,False,1000,1000
1302,22,weighted,10,0.1750597133757961,0,23,None,66,1,5,False,1000,1000
1303,23,weighted,10,0.1603304140127388,0,23,None,66,1,5,False,1000,1000
1304,24,weighted,10,0.1344546178343949,0,23,None,66,1,5,False,1000,1000
1305,20,weighted,10,0.2298964968152866,0,27,None,66,1,5,False,1000,1000
1306,21,weighted,10,0.235171178343949,0,27,None,66,1,5,False,1000,1000
1307,22,weighted,10,0.2290007961783439,0,27,None,66,1,5,False,1000,1000
1308,23,weighted,10,0.2193471337579617,0,27,None,66,1,5,False,1000,1000
1309,24,weighted,10,0.2101910828025477,0,27,None,66,1,5,False,1000,1000
1310,20,weighted,10,0.2418391719745223,0,28,None,66,1,5,False,1000,1000
1311,21,weighted,10,0.1877985668789809,0,28,None,66,1,5,False,1000,1000
1312,22,weighted,10,0.1688893312101911,0,28,None,66,1,5,False,1000,1000
1313,23,weighted,10,0.1621218152866242,0,28,None,66,1,5,False,1000,1000
1314,24,weighted,10,0.1573447452229299,0,28,None,66,1,5,False,1000,1000
1315,20,weighted,10,0.0995222929936305,0,29,None,66,1,5,False,1000,1000
1316,21,weighted,10,0.0995222929936305,0,29,None,66,1,5,False,1000,1000
1317,22,weighted,10,0.0995222929936305,0,29,None,66,1,5,False,1000,1000
1318,23,weighted,10,0.0995222929936305,0,29,None,66,1,5,False,1000,1000
1319,24,weighted,10,0.0995222929936305,0,29,None,66,1,5,False,1000,1000
2145,25,weighted,10,0.2608479299363057,0,1,None,66,1,5,False,1000,1000
2146,26,weighted,10,0.1685907643312102,0,1,None,66,1,5,False,1000,1000
2147,27,weighted,10,0.1073845541401273,0,1,None,66,1,5,False,1000,1000
2148,28,weighted,10,0.0995222929936305,0,1,None,66,1,5,False,1000,1000
2149,29,weighted,10,0.0995222929936305,0,1,None,66,1,5,False,1000,1000
2150,25,weighted,10,0.0995222929936305,0,5,None,66,1,5,False,1000,1000
2151,26,weighted,10,0.0995222929936305,0,5,None,66,1,5,False,1000,1000
2152,27,weighted,10,0.0995222929936305,0,5,None,66,1,5,False,1000,1000
2153,28,weighted,10,0.0995222929936305,0,5,None,66,1,5,False,1000,1000
2154,29,weighted,10,0.0995222929936305,0,5,None,66,1,5,False,1000,1000
2155,25,weighted,10,0.1927746815286624,0,15,None,66,1,5,False,1000,1000
2156,26,weighted,10,0.2790605095541401,0,15,None,66,1,5,False,1000,1000
2157,27,weighted,10,0.1729697452229299,0,15,None,66,1,5,False,1000,1000
2158,28,weighted,10,0.145203025477707,0,15,None,66,1,5,False,1000,1000
2159,29,weighted,10,0.1116640127388535,0,15,None,66,1,5,False,1000,1000
2160,25,weighted,10,0.1877985668789809,0,10,None,66,1,5,False,1000,1000
2161,26,weighted,10,0.1404259554140127,0,10,None,66,1,5,False,1000,1000
2162,27,weighted,10,0.0995222929936305,0,10,None,66,1,5,False,1000,1000
2163,28,weighted,10,0.0995222929936305,0,10,None,66,1,5,False,1000,1000
2164,29,weighted,10,0.0995222929936305,0,10,None,66,1,5,False,1000,1000
2165,25,weighted,10,0.0995222929936305,0,16,None,66,1,5,False,1000,1000
2166,26,weighted,10,0.0995222929936305,0,16,None,66,1,5,False,1000,1000
2167,27,weighted,10,0.0995222929936305,0,16,None,66,1,5,False,1000,1000
2168,28,weighted,10,0.0995222929936305,0,16,None,66,1,5,False,1000,1000
2169,29,weighted,10,0.0995222929936305,0,16,None,66,1,5,False,1000,1000
2170,25,weighted,10,0.164311305732484,0,11,None,66,1,5,False,1000,1000
2171,26,weighted,10,0.1887937898089172,0,11,None,66,1,5,False,1000,1000
2172,27,weighted,10,0.1942675159235669,0,11,None,66,1,5,False,1000,1000
2173,28,weighted,10,0.1215167197452229,0,11,None,66,1,5,False,1000,1000
2174,29,weighted,10,0.1102707006369426,0,11,None,66,1,5,False,1000,1000
2175,25,weighted,10,0.0995222929936305,0,20,None,66,1,5,False,1000,1000
2176,26,weighted,10,0.0995222929936305,0,20,None,66,1,5,False,1000,1000
2177,27,weighted,10,0.0995222929936305,0,20,None,66,1,5,False,1000,1000
2178,28,weighted,10,0.0995222929936305,0,20,None,66,1,5,False,1000,1000
2179,29,weighted,10,0.123109076433121,0,20,None,66,1,5,False,1000,1000
2180,25,weighted,10,0.0995222929936305,0,8,None,66,1,5,False,1000,1000
2181,26,weighted,10,0.1462977707006369,0,8,None,66,1,5,False,1000,1000
2182,27,weighted,10,0.1402269108280254,0,8,None,66,1,5,False,1000,1000
2183,28,weighted,10,0.0995222929936305,0,8,None,66,1,5,False,1000,1000
2184,29,weighted,10,0.0995222929936305,0,8,None,66,1,5,False,1000,1000
2185,25,weighted,10,0.0995222929936305,0,19,None,66,1,5,False,1000,1000
2186,26,weighted,10,0.0995222929936305,0,19,None,66,1,5,False,1000,1000
2187,27,weighted,10,0.0995222929936305,0,19,None,66,1,5,False,1000,1000
2188,28,weighted,10,0.0995222929936305,0,19,None,66,1,5,False,1000,1000
2189,29,weighted,10,0.0995222929936305,0,19,None,66,1,5,False,1000,1000
2190,25,weighted,10,0.1807324840764331,0,23,None,66,1,5,False,1000,1000
2191,26,weighted,10,0.167296974522293,0,23,None,66,1,5,False,1000,1000
2192,27,weighted,10,0.1307722929936305,0,23,None,66,1,5,False,1000,1000
2193,28,weighted,10,0.0996218152866242,0,23,None,66,1,5,False,1000,1000
2194,29,weighted,10,0.0995222929936305,0,23,None,66,1,5,False,1000,1000
2195,25,weighted,10,0.1922770700636942,0,17,None,66,1,5,False,1000,1000
2196,26,weighted,10,0.2096934713375796,0,17,None,66,1,5,False,1000,1000
2197,27,weighted,10,0.2221337579617834,0,17,None,66,1,5,False,1000,1000
2198,28,weighted,10,0.1749601910828025,0,17,None,66,1,5,False,1000,1000
2199,29,weighted,10,0.1824243630573248,0,17,None,66,1,5,False,1000,1000
2200,25,weighted,10,0.0995222929936305,0,21,None,66,1,5,False,1000,1000
2201,26,weighted,10,0.0995222929936305,0,21,None,66,1,5,False,1000,1000
2202,27,weighted,10,0.0995222929936305,0,21,None,66,1,5,False,1000,1000
2203,28,weighted,10,0.0988256369426751,0,21,None,66,1,5,False,1000,1000
2204,29,weighted,10,0.0971337579617834,0,21,None,66,1,5,False,1000,1000
2205,25,weighted,10,0.1000199044585987,0,24,None,66,1,5,False,1000,1000
2206,26,weighted,10,0.1012141719745222,0,24,None,66,1,5,False,1000,1000
2207,27,weighted,10,0.1057921974522293,0,24,None,66,1,5,False,1000,1000
2208,28,weighted,10,0.1151472929936305,0,24,None,66,1,5,False,1000,1000
2209,29,weighted,10,0.1264928343949044,0,24,None,66,1,5,False,1000,1000
2210,25,weighted,10,0.2574641719745223,0,28,None,66,1,5,False,1000,1000
2211,26,weighted,10,0.2126791401273885,0,28,None,66,1,5,False,1000,1000
2212,27,weighted,10,0.1792396496815286,0,28,None,66,1,5,False,1000,1000
2213,28,weighted,10,0.169984076433121,0,28,None,66,1,5,False,1000,1000
2214,29,weighted,10,0.166202229299363,0,28,None,66,1,5,False,1000,1000
2215,25,weighted,10,0.0995222929936305,0,29,None,66,1,5,False,1000,1000
2216,26,weighted,10,0.0995222929936305,0,29,None,66,1,5,False,1000,1000
2217,27,weighted,10,0.0995222929936305,0,29,None,66,1,5,False,1000,1000
2218,28,weighted,10,0.0968351910828025,0,29,None,66,1,5,False,1000,1000
2219,29,weighted,10,0.1380374203821656,0,29,None,66,1,5,False,1000,1000
2220,25,weighted,10,0.1427149681528662,0,9,None,66,1,5,False,1000,1000
2221,26,weighted,10,0.1175358280254777,0,9,None,66,1,5,False,1000,1000
2222,27,weighted,10,0.1024084394904458,0,9,None,66,1,5,False,1000,1000
2223,28,weighted,10,0.0995222929936305,0,9,None,66,1,5,False,1000,1000
2224,29,weighted,10,0.0995222929936305,0,9,None,66,1,5,False,1000,1000
2225,25,weighted,10,0.1951632165605095,0,30,None,66,1,5,False,1000,1000
2226,26,weighted,10,0.192874203821656,0,30,None,66,1,5,False,1000,1000
2227,27,weighted,10,0.1884952229299363,0,30,None,66,1,5,False,1000,1000
2228,28,weighted,10,0.1821257961783439,0,30,None,66,1,5,False,1000,1000
2229,29,weighted,10,0.1767515923566879,0,30,None,66,1,5,False,1000,1000
2230,25,weighted,10,0.1668988853503184,0,18,None,66,1,5,False,1000,1000
2231,26,weighted,10,0.1000199044585987,0,18,None,66,1,5,False,1000,1000
2232,27,weighted,10,0.0995222929936305,0,18,None,66,1,5,False,1000,1000
2233,28,weighted,10,0.0995222929936305,0,18,None,66,1,5,False,1000,1000
2234,29,weighted,10,0.0995222929936305,0,18,None,66,1,5,False,1000,1000
2235,25,weighted,10,0.2286027070063694,0,27,None,66,1,5,False,1000,1000
2236,26,weighted,10,0.2400477707006369,0,27,None,66,1,5,False,1000,1000
2237,27,weighted,10,0.2365644904458598,0,27,None,66,1,5,False,1000,1000
2238,28,weighted,10,0.2061106687898089,0,27,None,66,1,5,False,1000,1000
2239,29,weighted,10,0.1881966560509554,0,27,None,66,1,5,False,1000,1000
2240,25,weighted,10,0.2139729299363057,0,31,None,66,1,5,False,1000,1000
2241,26,weighted,10,0.2019307324840764,0,31,None,66,1,5,False,1000,1000
2242,27,weighted,10,0.2004378980891719,0,31,None,66,1,5,False,1000,1000
2243,28,weighted,10,0.2022292993630573,0,31,None,66,1,5,False,1000,1000
2244,29,weighted,10,0.2072054140127388,0,31,None,66,1,5,False,1000,1000
2245,25,weighted,10,0.0995222929936305,0,2,None,66,1,5,False,1000,1000
2246,26,weighted,10,0.0995222929936305,0,2,None,66,1,5,False,1000,1000
2247,27,weighted,10,0.0995222929936305,0,2,None,66,1,5,False,1000,1000
2248,28,weighted,10,0.0995222929936305,0,2,None,66,1,5,False,1000,1000
2249,29,weighted,10,0.0995222929936305,0,2,None,66,1,5,False,1000,1000
2250,25,weighted,10,0.0995222929936305,0,0,None,66,1,5,False,1000,1000
2251,26,weighted,10,0.0995222929936305,0,0,None,66,1,5,False,1000,1000
2252,27,weighted,10,0.0995222929936305,0,0,None,66,1,5,False,1000,1000
2253,28,weighted,10,0.0995222929936305,0,0,None,66,1,5,False,1000,1000
2254,29,weighted,10,0.0995222929936305,0,0,None,66,1,5,False,1000,1000
2255,25,weighted,10,0.0995222929936305,0,14,None,66,1,5,False,1000,1000
2256,26,weighted,10,0.0995222929936305,0,14,None,66,1,5,False,1000,1000
2257,27,weighted,10,0.0995222929936305,0,14,None,66,1,5,False,1000,1000
2258,28,weighted,10,0.1583399681528662,0,14,None,66,1,5,False,1000,1000
2259,29,weighted,10,0.0995222929936305,0,14,None,66,1,5,False,1000,1000
2260,25,weighted,10,0.0995222929936305,0,22,None,66,1,5,False,1000,1000
2261,26,weighted,10,0.0995222929936305,0,22,None,66,1,5,False,1000,1000
2262,27,weighted,10,0.0995222929936305,0,22,None,66,1,5,False,1000,1000
2263,28,weighted,10,0.0995222929936305,0,22,None,66,1,5,False,1000,1000
2264,29,weighted,10,0.0995222929936305,0,22,None,66,1,5,False,1000,1000
2265,25,weighted,10,0.0995222929936305,0,6,None,66,1,5,False,1000,1000
2266,26,weighted,10,0.0995222929936305,0,6,None,66,1,5,False,1000,1000
2267,27,weighted,10,0.1012141719745222,0,6,None,66,1,5,False,1000,1000
2268,28,weighted,10,0.1561504777070063,0,6,None,66,1,5,False,1000,1000
2269,29,weighted,10,0.0995222929936305,0,6,None,66,1,5,False,1000,1000
2270,25,weighted,10,0.0995222929936305,0,3,None,66,1,5,False,1000,1000
2271,26,weighted,10,0.0995222929936305,0,3,None,66,1,5,False,1000,1000
2272,27,weighted,10,0.0995222929936305,0,3,None,66,1,5,False,1000,1000
2273,28,weighted,10,0.0995222929936305,0,3,None,66,1,5,False,1000,1000
2274,29,weighted,10,0.0995222929936305,0,3,None,66,1,5,False,1000,1000
2275,25,weighted,10,0.0995222929936305,0,13,None,66,1,5,False,1000,1000
2276,26,weighted,10,0.0995222929936305,0,13,None,66,1,5,False,1000,1000
2277,27,weighted,10,0.0995222929936305,0,13,None,66,1,5,False,1000,1000
2278,28,weighted,10,0.0995222929936305,0,13,None,66,1,5,False,1000,1000
2279,29,weighted,10,0.0995222929936305,0,13,None,66,1,5,False,1000,1000
2280,25,weighted,10,0.0995222929936305,0,12,None,66,1,5,False,1000,1000
2281,26,weighted,10,0.0995222929936305,0,12,None,66,1,5,False,1000,1000
2282,27,weighted,10,0.1041003184713375,0,12,None,66,1,5,False,1000,1000
2283,28,weighted,10,0.1622213375796178,0,12,None,66,1,5,False,1000,1000
2284,29,weighted,10,0.2289012738853503,0,12,None,66,1,5,False,1000,1000
2285,25,weighted,10,0.0995222929936305,0,25,None,66,1,5,False,1000,1000
2286,26,weighted,10,0.0995222929936305,0,25,None,66,1,5,False,1000,1000
2287,27,weighted,10,0.101015127388535,0,25,None,66,1,5,False,1000,1000
2288,28,weighted,10,0.1100716560509554,0,25,None,66,1,5,False,1000,1000
2289,29,weighted,10,0.1244028662420382,0,25,None,66,1,5,False,1000,1000
2290,25,weighted,10,0.0996218152866242,0,26,None,66,1,5,False,1000,1000
2291,26,weighted,10,0.1401273885350318,0,26,None,66,1,5,False,1000,1000
2292,27,weighted,10,0.1850119426751592,0,26,None,66,1,5,False,1000,1000
2293,28,weighted,10,0.1965565286624203,0,26,None,66,1,5,False,1000,1000
2294,29,weighted,10,0.1979498407643312,0,26,None,66,1,5,False,1000,1000
2295,30,weighted,10,0.1338574840764331,0,24,None,66,1,5,False,1000,1000
2296,31,weighted,10,0.1321656050955414,0,24,None,66,1,5,False,1000,1000
2297,32,weighted,10,0.1315684713375796,0,24,None,66,1,5,False,1000,1000
2298,33,weighted,10,0.1307722929936305,0,24,None,66,1,5,False,1000,1000
2299,34,weighted,10,0.1280851910828025,0,24,None,66,1,5,False,1000,1000
2300,30,weighted,10,0.2059116242038216,0,31,None,66,1,5,False,1000,1000
2301,31,weighted,10,0.2035230891719745,0,31,None,66,1,5,False,1000,1000
2302,32,weighted,10,0.2060111464968153,0,31,None,66,1,5,False,1000,1000
2303,33,weighted,10,0.2113853503184713,0,31,None,66,1,5,False,1000,1000
2304,34,weighted,10,0.2232285031847133,0,31,None,66,1,5,False,1000,1000
2305,30,weighted,10,0.134156050955414,0,25,None,66,1,5,False,1000,1000
2306,31,weighted,10,0.145999203821656,0,25,None,66,1,5,False,1000,1000
2307,32,weighted,10,0.1569466560509554,0,25,None,66,1,5,False,1000,1000
2308,33,weighted,10,0.1650079617834395,0,25,None,66,1,5,False,1000,1000
2309,34,weighted,10,0.1705812101910828,0,25,None,66,1,5,False,1000,1000
2310,25,weighted,10,0.0995222929936305,0,7,None,66,1,5,False,1000,1000
2311,26,weighted,10,0.0995222929936305,0,7,None,66,1,5,False,1000,1000
2312,27,weighted,10,0.0995222929936305,0,7,None,66,1,5,False,1000,1000
2313,28,weighted,10,0.1514729299363057,0,7,None,66,1,5,False,1000,1000
2314,29,weighted,10,0.1880971337579617,0,7,None,66,1,5,False,1000,1000
2315,25,weighted,10,0.0995222929936305,0,32,None,66,1,5,False,1000,1000
2316,26,weighted,10,0.0995222929936305,0,32,None,66,1,5,False,1000,1000
2317,27,weighted,10,0.0995222929936305,0,32,None,66,1,5,False,1000,1000
2318,28,weighted,10,0.0995222929936305,0,32,None,66,1,5,False,1000,1000
2319,29,weighted,10,0.0995222929936305,0,32,None,66,1,5,False,1000,1000
2320,25,weighted,10,0.1834195859872611,0,4,None,66,1,5,False,1000,1000
2321,26,weighted,10,0.1825238853503184,0,4,None,66,1,5,False,1000,1000
2322,27,weighted,10,0.2226313694267516,0,4,None,66,1,5,False,1000,1000
2323,28,weighted,10,0.1777468152866242,0,4,None,66,1,5,False,1000,1000
2324,29,weighted,10,0.1084792993630573,0,4,None,66,1,5,False,1000,1000
2325,30,weighted,10,0.0995222929936305,0,32,None,66,1,5,False,1000,1000
2326,31,weighted,10,0.0995222929936305,0,32,None,66,1,5,False,1000,1000
2327,32,weighted,10,0.0995222929936305,0,32,None,66,1,5,False,1000,1000
2328,33,weighted,10,0.0995222929936305,0,32,None,66,1,5,False,1000,1000
2329,34,weighted,10,0.0995222929936305,0,32,None,66,1,5,False,1000,1000
2330,30,weighted,10,0.1761544585987261,0,1,None,66,1,5,False,1000,1000
2331,31,weighted,10,0.1009156050955414,0,1,None,66,1,5,False,1000,1000
2332,32,weighted,10,0.0995222929936305,0,1,None,66,1,5,False,1000,1000
2333,33,weighted,10,0.0995222929936305,0,1,None,66,1,5,False,1000,1000
2334,34,weighted,10,0.0995222929936305,0,1,None,66,1,5,False,1000,1000
2335,30,weighted,10,0.0995222929936305,0,13,None,66,1,5,False,1000,1000
2336,31,weighted,10,0.0995222929936305,0,13,None,66,1,5,False,1000,1000
2337,32,weighted,10,0.0995222929936305,0,13,None,66,1,5,False,1000,1000
2338,33,weighted,10,0.0995222929936305,0,13,None,66,1,5,False,1000,1000
2339,34,weighted,10,0.0995222929936305,0,13,None,66,1,5,False,1000,1000
2340,30,weighted,10,0.0995222929936305,0,21,None,66,1,5,False,1000,1000
2341,31,weighted,10,0.0995222929936305,0,21,None,66,1,5,False,1000,1000
2342,32,weighted,10,0.0995222929936305,0,21,None,66,1,5,False,1000,1000
2343,33,weighted,10,0.0995222929936305,0,21,None,66,1,5,False,1000,1000
2344,34,weighted,10,0.0993232484076433,0,21,None,66,1,5,False,1000,1000
2345,30,weighted,10,0.2186504777070063,0,27,None,66,1,5,False,1000,1000
2346,31,weighted,10,0.2054140127388535,0,27,None,66,1,5,False,1000,1000
2347,32,weighted,10,0.2033240445859872,0,27,None,66,1,5,False,1000,1000
2348,33,weighted,10,0.2030254777070063,0,27,None,66,1,5,False,1000,1000
2349,34,weighted,10,0.203125,0,27,None,66,1,5,False,1000,1000
2350,30,weighted,10,0.1028065286624203,0,29,None,66,1,5,False,1000,1000
2351,31,weighted,10,0.1352507961783439,0,29,None,66,1,5,False,1000,1000
2352,32,weighted,10,0.0995222929936305,0,29,None,66,1,5,False,1000,1000
2353,33,weighted,10,0.0995222929936305,0,29,None,66,1,5,False,1000,1000
2354,34,weighted,10,0.0995222929936305,0,29,None,66,1,5,False,1000,1000
2355,30,weighted,10,0.1888933121019108,0,6,None,66,1,5,False,1000,1000
2356,31,weighted,10,0.2105891719745223,0,6,None,66,1,5,False,1000,1000
2357,32,weighted,10,0.0995222929936305,0,6,None,66,1,5,False,1000,1000
2358,33,weighted,10,0.0995222929936305,0,6,None,66,1,5,False,1000,1000
2359,34,weighted,10,0.0995222929936305,0,6,None,66,1,5,False,1000,1000
2360,30,weighted,10,0.1835191082802547,0,26,None,66,1,5,False,1000,1000
2361,31,weighted,10,0.255374203821656,0,26,None,66,1,5,False,1000,1000
2362,32,weighted,10,0.3221536624203822,0,26,None,66,1,5,False,1000,1000
2363,33,weighted,10,0.3026472929936306,0,26,None,66,1,5,False,1000,1000
2364,34,weighted,10,0.2705015923566879,0,26,None,66,1,5,False,1000,1000
2365,30,weighted,10,0.1907842356687898,0,30,None,66,1,5,False,1000,1000
2366,31,weighted,10,0.1875995222929936,0,30,None,66,1,5,False,1000,1000
2367,32,weighted,10,0.1839171974522293,0,30,None,66,1,5,False,1000,1000
2368,33,weighted,10,0.181031050955414,0,30,None,66,1,5,False,1000,1000
2369,34,weighted,10,0.1786425159235669,0,30,None,66,1,5,False,1000,1000
2370,30,weighted,10,0.1385350318471337,0,16,None,66,1,5,False,1000,1000
2371,31,weighted,10,0.1762539808917197,0,16,None,66,1,5,False,1000,1000
2372,32,weighted,10,0.1336584394904458,0,16,None,66,1,5,False,1000,1000
2373,33,weighted,10,0.1065883757961783,0,16,None,66,1,5,False,1000,1000
2374,34,weighted,10,0.1098726114649681,0,16,None,66,1,5,False,1000,1000
2375,30,weighted,10,0.0995222929936305,0,8,None,66,1,5,False,1000,1000
2376,31,weighted,10,0.0995222929936305,0,8,None,66,1,5,False,1000,1000
2377,32,weighted,10,0.0995222929936305,0,8,None,66,1,5,False,1000,1000
2378,33,weighted,10,0.103702229299363,0,8,None,66,1,5,False,1000,1000
2379,34,weighted,10,0.1607285031847133,0,8,None,66,1,5,False,1000,1000
2380,30,weighted,10,0.0995222929936305,0,19,None,66,1,5,False,1000,1000
2381,31,weighted,10,0.0995222929936305,0,19,None,66,1,5,False,1000,1000
2382,32,weighted,10,0.0995222929936305,0,19,None,66,1,5,False,1000,1000
2383,33,weighted,10,0.0995222929936305,0,19,None,66,1,5,False,1000,1000
2384,34,weighted,10,0.0995222929936305,0,19,None,66,1,5,False,1000,1000
2385,30,weighted,10,0.1498805732484076,0,23,None,66,1,5,False,1000,1000
2386,31,weighted,10,0.1687898089171974,0,23,None,66,1,5,False,1000,1000
2387,32,weighted,10,0.1780453821656051,0,23,None,66,1,5,False,1000,1000
2388,33,weighted,10,0.1728702229299363,0,23,None,66,1,5,False,1000,1000
2389,34,weighted,10,0.1598328025477707,0,23,None,66,1,5,False,1000,1000
2390,30,weighted,10,0.1008160828025477,0,2,None,66,1,5,False,1000,1000
2391,31,weighted,10,0.0995222929936305,0,2,None,66,1,5,False,1000,1000
2392,32,weighted,10,0.0995222929936305,0,2,None,66,1,5,False,1000,1000
2393,33,weighted,10,0.0995222929936305,0,2,None,66,1,5,False,1000,1000
2394,34,weighted,10,0.0995222929936305,0,2,None,66,1,5,False,1000,1000
2395,30,weighted,10,0.1300756369426751,0,0,None,66,1,5,False,1000,1000
2396,31,weighted,10,0.1024084394904458,0,0,None,66,1,5,False,1000,1000
2397,32,weighted,10,0.0995222929936305,0,0,None,66,1,5,False,1000,1000
2398,33,weighted,10,0.0995222929936305,0,0,None,66,1,5,False,1000,1000
2399,34,weighted,10,0.0995222929936305,0,0,None,66,1,5,False,1000,1000
2400,30,weighted,10,0.1061902866242038,0,5,None,66,1,5,False,1000,1000
2401,31,weighted,10,0.1096735668789808,0,5,None,66,1,5,False,1000,1000
2402,32,weighted,10,0.1131568471337579,0,5,None,66,1,5,False,1000,1000
2403,33,weighted,10,0.1182324840764331,0,5,None,66,1,5,False,1000,1000
2404,34,weighted,10,0.1229100318471337,0,5,None,66,1,5,False,1000,1000
2405,30,weighted,10,0.0995222929936305,0,3,None,66,1,5,False,1000,1000
2406,31,weighted,10,0.0995222929936305,0,3,None,66,1,5,False,1000,1000
2407,32,weighted,10,0.0995222929936305,0,3,None,66,1,5,False,1000,1000
2408,33,weighted,10,0.0995222929936305,0,3,None,66,1,5,False,1000,1000
2409,34,weighted,10,0.0995222929936305,0,3,None,66,1,5,False,1000,1000
2410,30,weighted,10,0.0995222929936305,0,7,None,66,1,5,False,1000,1000
2411,31,weighted,10,0.1230095541401273,0,7,None,66,1,5,False,1000,1000
2412,32,weighted,10,0.1777468152866242,0,7,None,66,1,5,False,1000,1000
2413,33,weighted,10,0.1883957006369426,0,7,None,66,1,5,False,1000,1000
2414,34,weighted,10,0.1376393312101911,0,7,None,66,1,5,False,1000,1000
2415,30,weighted,10,0.188296178343949,0,9,None,66,1,5,False,1000,1000
2416,31,weighted,10,0.1879976114649681,0,9,None,66,1,5,False,1000,1000
2417,32,weighted,10,0.1848128980891719,0,9,None,66,1,5,False,1000,1000
2418,33,weighted,10,0.1785429936305732,0,9,None,66,1,5,False,1000,1000
2419,34,weighted,10,0.1721735668789809,0,9,None,66,1,5,False,1000,1000
2420,30,weighted,10,0.1850119426751592,0,10,None,66,1,5,False,1000,1000
2421,31,weighted,10,0.1340565286624203,0,10,None,66,1,5,False,1000,1000
2422,32,weighted,10,0.0995222929936305,0,10,None,66,1,5,False,1000,1000
2423,33,weighted,10,0.0995222929936305,0,10,None,66,1,5,False,1000,1000
2424,34,weighted,10,0.0995222929936305,0,10,None,66,1,5,False,1000,1000
2425,30,weighted,10,0.1530652866242038,0,11,None,66,1,5,False,1000,1000
2426,31,weighted,10,0.1827229299363057,0,11,None,66,1,5,False,1000,1000
2427,32,weighted,10,0.1904856687898089,0,11,None,66,1,5,False,1000,1000
2428,33,weighted,10,0.1795382165605095,0,11,None,66,1,5,False,1000,1000
2429,34,weighted,10,0.1095740445859872,0,11,None,66,1,5,False,1000,1000
2430,30,weighted,10,0.0995222929936305,0,12,None,66,1,5,False,1000,1000
2431,31,weighted,10,0.0995222929936305,0,12,None,66,1,5,False,1000,1000
2432,32,weighted,10,0.1040007961783439,0,12,None,66,1,5,False,1000,1000
2433,33,weighted,10,0.134156050955414,0,12,None,66,1,5,False,1000,1000
2434,34,weighted,10,0.1886942675159235,0,12,None,66,1,5,False,1000,1000
2435,30,weighted,10,0.1874004777070063,0,15,None,66,1,5,False,1000,1000
2436,31,weighted,10,0.242436305732484,0,15,None,66,1,5,False,1000,1000
2437,32,weighted,10,0.2658240445859872,0,15,None,66,1,5,False,1000,1000
2438,33,weighted,10,0.1688893312101911,0,15,None,66,1,5,False,1000,1000
2439,34,weighted,10,0.1389331210191083,0,15,None,66,1,5,False,1000,1000
2440,30,weighted,10,0.1792396496815286,0,17,None,66,1,5,False,1000,1000
2441,31,weighted,10,0.2063097133757961,0,17,None,66,1,5,False,1000,1000
2442,32,weighted,10,0.2387539808917197,0,17,None,66,1,5,False,1000,1000
2443,33,weighted,10,0.2524880573248407,0,17,None,66,1,5,False,1000,1000
2444,34,weighted,10,0.2325835987261146,0,17,None,66,1,5,False,1000,1000
2445,30,weighted,10,0.2030254777070063,0,18,None,66,1,5,False,1000,1000
2446,31,weighted,10,0.1945660828025477,0,18,None,66,1,5,False,1000,1000
2447,32,weighted,10,0.1927746815286624,0,18,None,66,1,5,False,1000,1000
2448,33,weighted,10,0.192874203821656,0,18,None,66,1,5,False,1000,1000
2449,34,weighted,10,0.1906847133757961,0,18,None,66,1,5,False,1000,1000
2450,30,weighted,10,0.0995222929936305,0,20,None,66,1,5,False,1000,1000
2451,31,weighted,10,0.0995222929936305,0,20,None,66,1,5,False,1000,1000
2452,32,weighted,10,0.0995222929936305,0,20,None,66,1,5,False,1000,1000
2453,33,weighted,10,0.0995222929936305,0,20,None,66,1,5,False,1000,1000
2454,34,weighted,10,0.0995222929936305,0,20,None,66,1,5,False,1000,1000
2455,30,weighted,10,0.1979498407643312,0,28,None,66,1,5,False,1000,1000
2456,31,weighted,10,0.1935708598726114,0,28,None,66,1,5,False,1000,1000
2457,32,weighted,10,0.1910828025477707,0,28,None,66,1,5,False,1000,1000
2458,33,weighted,10,0.1880971337579617,0,28,None,66,1,5,False,1000,1000
2459,34,weighted,10,0.1844148089171974,0,28,None,66,1,5,False,1000,1000
2460,30,weighted,10,0.0998208598726114,0,14,None,66,1,5,False,1000,1000
2461,31,weighted,10,0.0995222929936305,0,14,None,66,1,5,False,1000,1000
2462,32,weighted,10,0.0995222929936305,0,14,None,66,1,5,False,1000,1000
2463,33,weighted,10,0.0995222929936305,0,14,None,66,1,5,False,1000,1000
2464,34,weighted,10,0.0995222929936305,0,14,None,66,1,5,False,1000,1000
2465,30,weighted,10,0.1873009554140127,0,4,None,66,1,5,False,1000,1000
2466,31,weighted,10,0.1858081210191083,0,4,None,66,1,5,False,1000,1000
2467,32,weighted,10,0.2182523885350318,0,4,None,66,1,5,False,1000,1000
2468,33,weighted,10,0.1705812101910828,0,4,None,66,1,5,False,1000,1000
2469,34,weighted,10,0.1192277070063694,0,4,None,66,1,5,False,1000,1000
2470,30,weighted,10,0.0995222929936305,0,22,None,66,1,5,False,1000,1000
2471,31,weighted,10,0.0995222929936305,0,22,None,66,1,5,False,1000,1000
2472,32,weighted,10,0.0995222929936305,0,22,None,66,1,5,False,1000,1000
2473,33,weighted,10,0.0995222929936305,0,22,None,66,1,5,False,1000,1000
2474,34,weighted,10,0.0995222929936305,0,22,None,66,1,5,False,1000,1000
2640,35,weighted,10,0.1617237261146497,0,1,None,66,1,5,False,1000,1000
2641,36,weighted,10,0.105593152866242,0,1,None,66,1,5,False,1000,1000
2642,37,weighted,10,0.0995222929936305,0,1,None,66,1,5,False,1000,1000
2643,38,weighted,10,0.0995222929936305,0,1,None,66,1,5,False,1000,1000
2644,39,weighted,10,0.0995222929936305,0,1,None,66,1,5,False,1000,1000
2645,35,weighted,10,0.1577428343949044,0,2,None,66,1,5,False,1000,1000
2646,36,weighted,10,0.1008160828025477,0,2,None,66,1,5,False,1000,1000
2647,37,weighted,10,0.0995222929936305,0,2,None,66,1,5,False,1000,1000
2648,38,weighted,10,0.0995222929936305,0,2,None,66,1,5,False,1000,1000
2649,39,weighted,10,0.0995222929936305,0,2,None,66,1,5,False,1000,1000
2650,35,weighted,10,0.183718152866242,0,11,None,66,1,5,False,1000,1000
2651,36,weighted,10,0.1895899681528662,0,11,None,66,1,5,False,1000,1000
2652,37,weighted,10,0.1871019108280254,0,11,None,66,1,5,False,1000,1000
2653,38,weighted,10,0.1649084394904458,0,11,None,66,1,5,False,1000,1000
2654,39,weighted,10,0.1072850318471337,0,11,None,66,1,5,False,1000,1000
2655,35,weighted,10,0.1885947452229299,0,15,None,66,1,5,False,1000,1000
2656,36,weighted,10,0.2217356687898089,0,15,None,66,1,5,False,1000,1000
2657,37,weighted,10,0.2668192675159235,0,15,None,66,1,5,False,1000,1000
2658,38,weighted,10,0.1755573248407643,0,15,None,66,1,5,False,1000,1000
2659,39,weighted,10,0.1599323248407643,0,15,None,66,1,5,False,1000,1000
2660,35,weighted,10,0.2106886942675159,0,17,None,66,1,5,False,1000,1000
2661,36,weighted,10,0.2170581210191083,0,17,None,66,1,5,False,1000,1000
2662,37,weighted,10,0.2387539808917197,0,17,None,66,1,5,False,1000,1000
2663,38,weighted,10,0.2474124203821656,0,17,None,66,1,5,False,1000,1000
2664,39,weighted,10,0.2415406050955414,0,17,None,66,1,5,False,1000,1000
2665,35,weighted,10,0.2050159235668789,0,28,None,66,1,5,False,1000,1000
2666,36,weighted,10,0.2477109872611465,0,28,None,66,1,5,False,1000,1000
2667,37,weighted,10,0.237858280254777,0,28,None,66,1,5,False,1000,1000
2668,38,weighted,10,0.2178542993630573,0,28,None,66,1,5,False,1000,1000
2669,39,weighted,10,0.2017316878980891,0,28,None,66,1,5,False,1000,1000
2670,35,weighted,10,0.0995222929936305,0,20,None,66,1,5,False,1000,1000
2671,36,weighted,10,0.0995222929936305,0,20,None,66,1,5,False,1000,1000
2672,37,weighted,10,0.0995222929936305,0,20,None,66,1,5,False,1000,1000
2673,38,weighted,10,0.0995222929936305,0,20,None,66,1,5,False,1000,1000
2674,39,weighted,10,0.0995222929936305,0,20,None,66,1,5,False,1000,1000
2675,35,weighted,10,0.1884952229299363,0,10,None,66,1,5,False,1000,1000
2676,36,weighted,10,0.1890923566878981,0,10,None,66,1,5,False,1000,1000
2677,37,weighted,10,0.1782444267515923,0,10,None,66,1,5,False,1000,1000
2678,38,weighted,10,0.1329617834394904,0,10,None,66,1,5,False,1000,1000
2679,39,weighted,10,0.0995222929936305,0,10,None,66,1,5,False,1000,1000
2680,35,weighted,10,0.0995222929936305,0,22,None,66,1,5,False,1000,1000
2681,36,weighted,10,0.0995222929936305,0,22,None,66,1,5,False,1000,1000
2682,37,weighted,10,0.0995222929936305,0,22,None,66,1,5,False,1000,1000
2683,38,weighted,10,0.0995222929936305,0,22,None,66,1,5,False,1000,1000
2684,39,weighted,10,0.0995222929936305,0,22,None,66,1,5,False,1000,1000
2685,35,weighted,10,0.0995222929936305,0,32,None,66,1,5,False,1000,1000
2686,36,weighted,10,0.0995222929936305,0,32,None,66,1,5,False,1000,1000
2687,37,weighted,10,0.0995222929936305,0,32,None,66,1,5,False,1000,1000
2688,38,weighted,10,0.0995222929936305,0,32,None,66,1,5,False,1000,1000
2689,39,weighted,10,0.0995222929936305,0,32,None,66,1,5,False,1000,1000
2690,35,weighted,10,0.0995222929936305,0,16,None,66,1,5,False,1000,1000
2691,36,weighted,10,0.0995222929936305,0,16,None,66,1,5,False,1000,1000
2692,37,weighted,10,0.0995222929936305,0,16,None,66,1,5,False,1000,1000
2693,38,weighted,10,0.157046178343949,0,16,None,66,1,5,False,1000,1000
2694,39,weighted,10,0.2255175159235669,0,16,None,66,1,5,False,1000,1000
2695,35,weighted,10,0.1663017515923567,0,8,None,66,1,5,False,1000,1000
2696,36,weighted,10,0.1576433121019108,0,8,None,66,1,5,False,1000,1000
2697,37,weighted,10,0.1445063694267516,0,8,None,66,1,5,False,1000,1000
2698,38,weighted,10,0.1291799363057325,0,8,None,66,1,5,False,1000,1000
2699,39,weighted,10,0.1146496815286624,0,8,None,66,1,5,False,1000,1000
2700,35,weighted,10,0.2327826433121019,0,18,None,66,1,5,False,1000,1000
2701,36,weighted,10,0.2069068471337579,0,18,None,66,1,5,False,1000,1000
2702,37,weighted,10,0.2007364649681528,0,18,None,66,1,5,False,1000,1000
2703,38,weighted,10,0.1967555732484076,0,18,None,66,1,5,False,1000,1000
2704,39,weighted,10,0.1940684713375796,0,18,None,66,1,5,False,1000,1000
2705,35,weighted,10,0.143312101910828,0,25,None,66,1,5,False,1000,1000
2706,36,weighted,10,0.1553542993630573,0,25,None,66,1,5,False,1000,1000
2707,37,weighted,10,0.1637141719745223,0,25,None,66,1,5,False,1000,1000
2708,38,weighted,10,0.1702826433121019,0,25,None,66,1,5,False,1000,1000
2709,39,weighted,10,0.1758558917197452,0,25,None,66,1,5,False,1000,1000
2710,35,weighted,10,0.1560509554140127,0,3,None,66,1,5,False,1000,1000
2711,36,weighted,10,0.1500796178343949,0,3,None,66,1,5,False,1000,1000
2712,37,weighted,10,0.1472929936305732,0,3,None,66,1,5,False,1000,1000
2713,38,weighted,10,0.1473925159235669,0,3,None,66,1,5,False,1000,1000
2714,39,weighted,10,0.1495820063694267,0,3,None,66,1,5,False,1000,1000
2715,35,weighted,10,0.0995222929936305,0,19,None,66,1,5,False,1000,1000
2716,36,weighted,10,0.0995222929936305,0,19,None,66,1,5,False,1000,1000
2717,37,weighted,10,0.0995222929936305,0,19,None,66,1,5,False,1000,1000
2718,38,weighted,10,0.0995222929936305,0,19,None,66,1,5,False,1000,1000
2719,39,weighted,10,0.0995222929936305,0,19,None,66,1,5,False,1000,1000
2720,35,weighted,10,0.0995222929936305,0,21,None,66,1,5,False,1000,1000
2721,36,weighted,10,0.0995222929936305,0,21,None,66,1,5,False,1000,1000
2722,37,weighted,10,0.0995222929936305,0,21,None,66,1,5,False,1000,1000
2723,38,weighted,10,0.0995222929936305,0,21,None,66,1,5,False,1000,1000
2724,39,weighted,10,0.0994227707006369,0,21,None,66,1,5,False,1000,1000
2725,35,weighted,10,0.1583399681528662,0,23,None,66,1,5,False,1000,1000
2726,36,weighted,10,0.1218152866242038,0,23,None,66,1,5,False,1000,1000
2727,37,weighted,10,0.1003184713375796,0,23,None,66,1,5,False,1000,1000
2728,38,weighted,10,0.0995222929936305,0,23,None,66,1,5,False,1000,1000
2729,39,weighted,10,0.0995222929936305,0,23,None,66,1,5,False,1000,1000
2730,35,weighted,10,0.0995222929936305,0,29,None,66,1,5,False,1000,1000
2731,36,weighted,10,0.1046974522292993,0,29,None,66,1,5,False,1000,1000
2732,37,weighted,10,0.1504777070063694,0,29,None,66,1,5,False,1000,1000
2733,38,weighted,10,0.1012141719745222,0,29,None,66,1,5,False,1000,1000
2734,39,weighted,10,0.0995222929936305,0,29,None,66,1,5,False,1000,1000
2735,35,weighted,10,0.188296178343949,0,9,None,66,1,5,False,1000,1000
2736,36,weighted,10,0.1860071656050955,0,9,None,66,1,5,False,1000,1000
2737,37,weighted,10,0.1843152866242038,0,9,None,66,1,5,False,1000,1000
2738,38,weighted,10,0.181827229299363,0,9,None,66,1,5,False,1000,1000
2739,39,weighted,10,0.228702229299363,0,9,None,66,1,5,False,1000,1000
2740,35,weighted,10,0.1457006369426751,0,5,None,66,1,5,False,1000,1000
2741,36,weighted,10,0.1490843949044586,0,5,None,66,1,5,False,1000,1000
2742,37,weighted,10,0.1539609872611465,0,5,None,66,1,5,False,1000,1000
2743,38,weighted,10,0.1587380573248407,0,5,None,66,1,5,False,1000,1000
2744,39,weighted,10,0.1620222929936305,0,5,None,66,1,5,False,1000,1000
2745,35,weighted,10,0.1248009554140127,0,4,None,66,1,5,False,1000,1000
2746,36,weighted,10,0.1237062101910828,0,4,None,66,1,5,False,1000,1000
2747,37,weighted,10,0.1611265923566879,0,4,None,66,1,5,False,1000,1000
2748,38,weighted,10,0.1827229299363057,0,4,None,66,1,5,False,1000,1000
2749,39,weighted,10,0.1783439490445859,0,4,None,66,1,5,False,1000,1000
2750,35,weighted,10,0.1834195859872611,0,6,None,66,1,5,False,1000,1000
2751,36,weighted,10,0.2573646496815286,0,6,None,66,1,5,False,1000,1000
2752,37,weighted,10,0.2908041401273885,0,6,None,66,1,5,False,1000,1000
2753,38,weighted,10,0.1926751592356688,0,6,None,66,1,5,False,1000,1000
2754,39,weighted,10,0.1738654458598726,0,6,None,66,1,5,False,1000,1000
2755,35,weighted,10,0.1095740445859872,0,7,None,66,1,5,False,1000,1000
2756,36,weighted,10,0.1610270700636942,0,7,None,66,1,5,False,1000,1000
2757,37,weighted,10,0.1841162420382165,0,7,None,66,1,5,False,1000,1000
2758,38,weighted,10,0.1893909235668789,0,7,None,66,1,5,False,1000,1000
2759,39,weighted,10,0.1755573248407643,0,7,None,66,1,5,False,1000,1000
2760,35,weighted,10,0.1665007961783439,0,14,None,66,1,5,False,1000,1000
2761,36,weighted,10,0.1529657643312102,0,14,None,66,1,5,False,1000,1000
2762,37,weighted,10,0.1391321656050955,0,14,None,66,1,5,False,1000,1000
2763,38,weighted,10,0.1269904458598726,0,14,None,66,1,5,False,1000,1000
2764,39,weighted,10,0.1172372611464968,0,14,None,66,1,5,False,1000,1000
2765,35,weighted,10,0.2094944267515923,0,26,None,66,1,5,False,1000,1000
2766,36,weighted,10,0.1929737261146497,0,26,None,66,1,5,False,1000,1000
2767,37,weighted,10,0.1099721337579617,0,26,None,66,1,5,False,1000,1000
2768,38,weighted,10,0.1232085987261146,0,26,None,66,1,5,False,1000,1000
2769,39,weighted,10,0.1831210191082802,0,26,None,66,1,5,False,1000,1000
2770,35,weighted,10,0.1770501592356688,0,13,None,66,1,5,False,1000,1000
2771,36,weighted,10,0.1353503184713375,0,13,None,66,1,5,False,1000,1000
2772,37,weighted,10,0.1009156050955414,0,13,None,66,1,5,False,1000,1000
2773,38,weighted,10,0.0995222929936305,0,13,None,66,1,5,False,1000,1000
2774,39,weighted,10,0.0995222929936305,0,13,None,66,1,5,False,1000,1000
2775,35,weighted,10,0.109375,0,12,None,66,1,5,False,1000,1000
2776,36,weighted,10,0.1168391719745222,0,12,None,66,1,5,False,1000,1000
2777,37,weighted,10,0.1719745222929936,0,12,None,66,1,5,False,1000,1000
2778,38,weighted,10,0.2087977707006369,0,12,None,66,1,5,False,1000,1000
2779,39,weighted,10,0.183718152866242,0,12,None,66,1,5,False,1000,1000
2780,35,weighted,10,0.1251990445859872,0,24,None,66,1,5,False,1000,1000
2781,36,weighted,10,0.1232085987261146,0,24,None,66,1,5,False,1000,1000
2782,37,weighted,10,0.1242038216560509,0,24,None,66,1,5,False,1000,1000
2783,38,weighted,10,0.1270899681528662,0,24,None,66,1,5,False,1000,1000
2784,39,weighted,10,0.1344546178343949,0,24,None,66,1,5,False,1000,1000
2785,35,weighted,10,0.2412420382165605,0,27,None,66,1,5,False,1000,1000
2786,36,weighted,10,0.2175557324840764,0,27,None,66,1,5,False,1000,1000
2787,37,weighted,10,0.2062101910828025,0,27,None,66,1,5,False,1000,1000
2788,38,weighted,10,0.2044187898089172,0,27,None,66,1,5,False,1000,1000
2789,39,weighted,10,0.2033240445859872,0,27,None,66,1,5,False,1000,1000
2790,35,weighted,10,0.1870023885350318,0,0,None,66,1,5,False,1000,1000
2791,36,weighted,10,0.2218351910828025,0,0,None,66,1,5,False,1000,1000
2792,37,weighted,10,0.2087977707006369,0,0,None,66,1,5,False,1000,1000
2793,38,weighted,10,0.1714769108280254,0,0,None,66,1,5,False,1000,1000
2794,39,weighted,10,0.1407245222929936,0,0,None,66,1,5,False,1000,1000
2795,35,weighted,10,0.1833200636942675,0,30,None,66,1,5,False,1000,1000
2796,36,weighted,10,0.1845143312101911,0,30,None,66,1,5,False,1000,1000
2797,37,weighted,10,0.18640525477707,0,30,None,66,1,5,False,1000,1000
2798,38,weighted,10,0.1885947452229299,0,30,None,66,1,5,False,1000,1000
2799,39,weighted,10,0.1897890127388535,0,30,None,66,1,5,False,1000,1000
2800,35,weighted,10,0.2123805732484076,0,31,None,66,1,5,False,1000,1000
2801,36,weighted,10,0.2134753184713375,0,31,None,66,1,5,False,1000,1000
2802,37,weighted,10,0.2205414012738853,0,31,None,66,1,5,False,1000,1000
2803,38,weighted,10,0.2505971337579618,0,31,None,66,1,5,False,1000,1000
2804,39,weighted,10,0.2805533439490446,0,31,None,66,1,5,False,1000,1000
2805,40,weighted,10,0.1660031847133758,0,24,None,66,1,5,False,1000,1000
2806,41,weighted,10,0.1626194267515923,0,24,None,66,1,5,False,1000,1000
2807,42,weighted,10,0.1611265923566879,0,24,None,66,1,5,False,1000,1000
2808,43,weighted,10,0.1631170382165605,0,24,None,66,1,5,False,1000,1000
2809,44,weighted,10,0.1687898089171974,0,24,None,66,1,5,False,1000,1000
2810,40,weighted,10,0.0995222929936305,0,21,None,66,1,5,False,1000,1000
2811,41,weighted,10,0.0995222929936305,0,21,None,66,1,5,False,1000,1000
2812,42,weighted,10,0.0995222929936305,0,21,None,66,1,5,False,1000,1000
2813,43,weighted,10,0.1016122611464968,0,21,None,66,1,5,False,1000,1000
2814,44,weighted,10,0.1140525477707006,0,21,None,66,1,5,False,1000,1000
2815,40,weighted,10,0.2681130573248407,0,27,None,66,1,5,False,1000,1000
2816,41,weighted,10,0.2394506369426751,0,27,None,66,1,5,False,1000,1000
2817,42,weighted,10,0.2261146496815286,0,27,None,66,1,5,False,1000,1000
2818,43,weighted,10,0.2172571656050955,0,27,None,66,1,5,False,1000,1000
2819,44,weighted,10,0.2133757961783439,0,27,None,66,1,5,False,1000,1000
2820,40,weighted,10,0.1944665605095541,0,1,None,66,1,5,False,1000,1000
2821,41,weighted,10,0.1445063694267516,0,1,None,66,1,5,False,1000,1000
2822,42,weighted,10,0.1343550955414012,0,1,None,66,1,5,False,1000,1000
2823,43,weighted,10,0.1254976114649681,0,1,None,66,1,5,False,1000,1000
2824,44,weighted,10,0.1209195859872611,0,1,None,66,1,5,False,1000,1000
2825,40,weighted,10,0.1838176751592356,0,2,None,66,1,5,False,1000,1000
2826,41,weighted,10,0.164311305732484,0,2,None,66,1,5,False,1000,1000
2827,42,weighted,10,0.1317675159235669,0,2,None,66,1,5,False,1000,1000
2828,43,weighted,10,0.1039012738853503,0,2,None,66,1,5,False,1000,1000
2829,44,weighted,10,0.0995222929936305,0,2,None,66,1,5,False,1000,1000
2830,40,weighted,10,0.1892914012738853,0,11,None,66,1,5,False,1000,1000
2831,41,weighted,10,0.1915804140127388,0,11,None,66,1,5,False,1000,1000
2832,42,weighted,10,0.1869028662420382,0,11,None,66,1,5,False,1000,1000
2833,43,weighted,10,0.1732683121019108,0,11,None,66,1,5,False,1000,1000
2834,44,weighted,10,0.1413216560509554,0,11,None,66,1,5,False,1000,1000
2835,40,weighted,10,0.1895899681528662,0,15,None,66,1,5,False,1000,1000
2836,41,weighted,10,0.2078025477707006,0,15,None,66,1,5,False,1000,1000
2837,42,weighted,10,0.2551751592356688,0,15,None,66,1,5,False,1000,1000
2838,43,weighted,10,0.1804339171974522,0,15,None,66,1,5,False,1000,1000
2839,44,weighted,10,0.1744625796178344,0,15,None,66,1,5,False,1000,1000
2840,40,weighted,10,0.2064092356687898,0,17,None,66,1,5,False,1000,1000
2841,41,weighted,10,0.2419386942675159,0,17,None,66,1,5,False,1000,1000
2842,42,weighted,10,0.2536823248407643,0,17,None,66,1,5,False,1000,1000
2843,43,weighted,10,0.2487062101910828,0,17,None,66,1,5,False,1000,1000
2844,44,weighted,10,0.2307921974522293,0,17,None,66,1,5,False,1000,1000
2845,40,weighted,10,0.1296775477707006,0,20,None,66,1,5,False,1000,1000
2846,41,weighted,10,0.1145501592356687,0,20,None,66,1,5,False,1000,1000
2847,42,weighted,10,0.1038017515923566,0,20,None,66,1,5,False,1000,1000
2848,43,weighted,10,0.1095740445859872,0,20,None,66,1,5,False,1000,1000
2849,44,weighted,10,0.1187300955414012,0,20,None,66,1,5,False,1000,1000
2850,40,weighted,10,0.1908837579617834,0,10,None,66,1,5,False,1000,1000
2851,41,weighted,10,0.1874004777070063,0,10,None,66,1,5,False,1000,1000
2852,42,weighted,10,0.1787420382165605,0,10,None,66,1,5,False,1000,1000
2853,43,weighted,10,0.1503781847133758,0,10,None,66,1,5,False,1000,1000
2854,44,weighted,10,0.1133558917197452,0,10,None,66,1,5,False,1000,1000
2855,40,weighted,10,0.0995222929936305,0,22,None,66,1,5,False,1000,1000
2856,41,weighted,10,0.0995222929936305,0,22,None,66,1,5,False,1000,1000
2857,42,weighted,10,0.0995222929936305,0,22,None,66,1,5,False,1000,1000
2858,43,weighted,10,0.0995222929936305,0,22,None,66,1,5,False,1000,1000
2859,44,weighted,10,0.0995222929936305,0,22,None,66,1,5,False,1000,1000
2860,40,weighted,10,0.1302746815286624,0,32,None,66,1,5,False,1000,1000
2861,41,weighted,10,0.1116640127388535,0,32,None,66,1,5,False,1000,1000
2862,42,weighted,10,0.1026074840764331,0,32,None,66,1,5,False,1000,1000
2863,43,weighted,10,0.1000199044585987,0,32,None,66,1,5,False,1000,1000
2864,44,weighted,10,0.0995222929936305,0,32,None,66,1,5,False,1000,1000
2865,40,weighted,10,0.0995222929936305,0,16,None,66,1,5,False,1000,1000
2866,41,weighted,10,0.1097730891719745,0,16,None,66,1,5,False,1000,1000
2867,42,weighted,10,0.1416202229299363,0,16,None,66,1,5,False,1000,1000
2868,43,weighted,10,0.2093949044585987,0,16,None,66,1,5,False,1000,1000
2869,44,weighted,10,0.2466162420382165,0,16,None,66,1,5,False,1000,1000
2870,40,weighted,10,0.2224323248407643,0,13,None,66,1,5,False,1000,1000
2871,41,weighted,10,0.1739649681528662,0,13,None,66,1,5,False,1000,1000
2872,42,weighted,10,0.1481886942675159,0,13,None,66,1,5,False,1000,1000
2873,43,weighted,10,0.1223128980891719,0,13,None,66,1,5,False,1000,1000
2874,44,weighted,10,0.1036027070063694,0,13,None,66,1,5,False,1000,1000
2875,40,weighted,10,0.0995222929936305,0,29,None,66,1,5,False,1000,1000
2876,41,weighted,10,0.1006170382165605,0,29,None,66,1,5,False,1000,1000
2877,42,weighted,10,0.1599323248407643,0,29,None,66,1,5,False,1000,1000
2878,43,weighted,10,0.1371417197452229,0,29,None,66,1,5,False,1000,1000
2879,44,weighted,10,0.1023089171974522,0,29,None,66,1,5,False,1000,1000
2880,40,weighted,10,0.2684116242038216,0,5,None,66,1,5,False,1000,1000
2881,41,weighted,10,0.2641321656050955,0,5,None,66,1,5,False,1000,1000
2882,42,weighted,10,0.2473128980891719,0,5,None,66,1,5,False,1000,1000
2883,43,weighted,10,0.2267117834394904,0,5,None,66,1,5,False,1000,1000
2884,44,weighted,10,0.2062101910828025,0,5,None,66,1,5,False,1000,1000
2885,40,weighted,10,0.1887937898089172,0,7,None,66,1,5,False,1000,1000
2886,41,weighted,10,0.1892914012738853,0,7,None,66,1,5,False,1000,1000
2887,42,weighted,10,0.1731687898089172,0,7,None,66,1,5,False,1000,1000
2888,43,weighted,10,0.1249004777070063,0,7,None,66,1,5,False,1000,1000
2889,44,weighted,10,0.1479896496815286,0,7,None,66,1,5,False,1000,1000
2890,40,weighted,10,0.1668988853503184,0,14,None,66,1,5,False,1000,1000
2891,41,weighted,10,0.1735668789808917,0,14,None,66,1,5,False,1000,1000
2892,42,weighted,10,0.177249203821656,0,14,None,66,1,5,False,1000,1000
2893,43,weighted,10,0.1819267515923567,0,14,None,66,1,5,False,1000,1000
2894,44,weighted,10,0.1850119426751592,0,14,None,66,1,5,False,1000,1000
2895,40,weighted,10,0.226015127388535,0,30,None,66,1,5,False,1000,1000
2896,41,weighted,10,0.2359673566878981,0,30,None,66,1,5,False,1000,1000
2897,42,weighted,10,0.2438296178343949,0,30,None,66,1,5,False,1000,1000
2898,43,weighted,10,0.238953025477707,0,30,None,66,1,5,False,1000,1000
2899,44,weighted,10,0.2323845541401273,0,30,None,66,1,5,False,1000,1000
2900,40,weighted,10,0.1016122611464968,0,8,None,66,1,5,False,1000,1000
2901,41,weighted,10,0.1097730891719745,0,8,None,66,1,5,False,1000,1000
2902,42,weighted,10,0.1204219745222929,0,8,None,66,1,5,False,1000,1000
2903,43,weighted,10,0.1291799363057325,0,8,None,66,1,5,False,1000,1000
2904,44,weighted,10,0.1385350318471337,0,8,None,66,1,5,False,1000,1000
2905,40,weighted,10,0.2132762738853503,0,18,None,66,1,5,False,1000,1000
2906,41,weighted,10,0.2059116242038216,0,18,None,66,1,5,False,1000,1000
2907,42,weighted,10,0.2019307324840764,0,18,None,66,1,5,False,1000,1000
2908,43,weighted,10,0.2014331210191083,0,18,None,66,1,5,False,1000,1000
2909,44,weighted,10,0.2042197452229299,0,18,None,66,1,5,False,1000,1000
2910,40,weighted,10,0.0995222929936305,0,19,None,66,1,5,False,1000,1000
2911,41,weighted,10,0.0995222929936305,0,19,None,66,1,5,False,1000,1000
2912,42,weighted,10,0.0995222929936305,0,19,None,66,1,5,False,1000,1000
2913,43,weighted,10,0.0995222929936305,0,19,None,66,1,5,False,1000,1000
2914,44,weighted,10,0.0995222929936305,0,19,None,66,1,5,False,1000,1000
2915,40,weighted,10,0.2469148089171974,0,31,None,66,1,5,False,1000,1000
2916,41,weighted,10,0.2835390127388535,0,31,None,66,1,5,False,1000,1000
2917,42,weighted,10,0.2513933121019108,0,31,None,66,1,5,False,1000,1000
2918,43,weighted,10,0.2250199044585987,0,31,None,66,1,5,False,1000,1000
2919,44,weighted,10,0.2273089171974522,0,31,None,66,1,5,False,1000,1000
2920,40,weighted,10,0.1261942675159235,0,12,None,66,1,5,False,1000,1000
2921,41,weighted,10,0.1832205414012739,0,12,None,66,1,5,False,1000,1000
2922,42,weighted,10,0.2457205414012739,0,12,None,66,1,5,False,1000,1000
2923,43,weighted,10,0.2464171974522293,0,12,None,66,1,5,False,1000,1000
2924,44,weighted,10,0.2001393312101911,0,12,None,66,1,5,False,1000,1000
2925,40,weighted,10,0.1789410828025477,0,9,None,66,1,5,False,1000,1000
2926,41,weighted,10,0.185609076433121,0,9,None,66,1,5,False,1000,1000
2927,42,weighted,10,0.1879976114649681,0,9,None,66,1,5,False,1000,1000
2928,43,weighted,10,0.2352707006369426,0,9,None,66,1,5,False,1000,1000
2929,44,weighted,10,0.2445262738853503,0,9,None,66,1,5,False,1000,1000
2930,40,weighted,10,0.1729697452229299,0,25,None,66,1,5,False,1000,1000
2931,41,weighted,10,0.1769506369426751,0,25,None,66,1,5,False,1000,1000
2932,42,weighted,10,0.1814291401273885,0,25,None,66,1,5,False,1000,1000
2933,43,weighted,10,0.1842157643312102,0,25,None,66,1,5,False,1000,1000
2934,44,weighted,10,0.1860071656050955,0,25,None,66,1,5,False,1000,1000
2935,40,weighted,10,0.0996218152866242,0,26,None,66,1,5,False,1000,1000
2936,41,weighted,10,0.0997213375796178,0,26,None,66,1,5,False,1000,1000
2937,42,weighted,10,0.1005175159235668,0,26,None,66,1,5,False,1000,1000
2938,43,weighted,10,0.1016122611464968,0,26,None,66,1,5,False,1000,1000
2939,44,weighted,10,0.1077826433121019,0,26,None,66,1,5,False,1000,1000
2940,40,weighted,10,0.1487858280254777,0,6,None,66,1,5,False,1000,1000
2941,41,weighted,10,0.1832205414012739,0,6,None,66,1,5,False,1000,1000
2942,42,weighted,10,0.1625199044585987,0,6,None,66,1,5,False,1000,1000
2943,43,weighted,10,0.107484076433121,0,6,None,66,1,5,False,1000,1000
2944,44,weighted,10,0.0995222929936305,0,6,None,66,1,5,False,1000,1000
2945,40,weighted,10,0.1709792993630573,0,23,None,66,1,5,False,1000,1000
2946,41,weighted,10,0.1740644904458598,0,23,None,66,1,5,False,1000,1000
2947,42,weighted,10,0.1704816878980891,0,23,None,66,1,5,False,1000,1000
2948,43,weighted,10,0.1630175159235669,0,23,None,66,1,5,False,1000,1000
2949,44,weighted,10,0.1496815286624203,0,23,None,66,1,5,False,1000,1000
2950,40,weighted,10,0.1669984076433121,0,4,None,66,1,5,False,1000,1000
2951,41,weighted,10,0.1720740445859872,0,4,None,66,1,5,False,1000,1000
2952,42,weighted,10,0.1629179936305732,0,4,None,66,1,5,False,1000,1000
2953,43,weighted,10,0.1756568471337579,0,4,None,66,1,5,False,1000,1000
2954,44,weighted,10,0.1836186305732484,0,4,None,66,1,5,False,1000,1000
2955,40,weighted,10,0.1527667197452229,0,0,None,66,1,5,False,1000,1000
2956,41,weighted,10,0.1458001592356688,0,0,None,66,1,5,False,1000,1000
2957,42,weighted,10,0.1560509554140127,0,0,None,66,1,5,False,1000,1000
2958,43,weighted,10,0.1676950636942675,0,0,None,66,1,5,False,1000,1000
2959,44,weighted,10,0.1682921974522293,0,0,None,66,1,5,False,1000,1000
2960,40,weighted,10,0.1736664012738853,0,3,None,66,1,5,False,1000,1000
2961,41,weighted,10,0.1741640127388535,0,3,None,66,1,5,False,1000,1000
2962,42,weighted,10,0.1761544585987261,0,3,None,66,1,5,False,1000,1000
2963,43,weighted,10,0.1781449044585987,0,3,None,66,1,5,False,1000,1000
2964,44,weighted,10,0.1813296178343949,0,3,None,66,1,5,False,1000,1000
2965,40,weighted,10,0.1823248407643312,0,28,None,66,1,5,False,1000,1000
2966,41,weighted,10,0.1960589171974522,0,28,None,66,1,5,False,1000,1000
2967,42,weighted,10,0.1977507961783439,0,28,None,66,1,5,False,1000,1000
2968,43,weighted,10,0.1959593949044586,0,28,None,66,1,5,False,1000,1000
2969,44,weighted,10,0.1946656050955414,0,28,None,66,1,5,False,1000,1000
2970,45,weighted,10,0.0995222929936305,0,22,None,66,1,5,False,1000,1000
2971,46,weighted,10,0.0995222929936305,0,22,None,66,1,5,False,1000,1000
2972,47,weighted,10,0.0995222929936305,0,22,None,66,1,5,False,1000,1000
2973,48,weighted,10,0.0995222929936305,0,22,None,66,1,5,False,1000,1000
2974,49,weighted,10,0.0995222929936305,0,22,None,66,1,5,False,1000,1000
2975,45,weighted,10,0.1364450636942675,0,14,None,66,1,5,False,1000,1000
2976,46,weighted,10,0.1500796178343949,0,14,None,66,1,5,False,1000,1000
2977,47,weighted,10,0.1580414012738853,0,14,None,66,1,5,False,1000,1000
2978,48,weighted,10,0.1638136942675159,0,14,None,66,1,5,False,1000,1000
2979,49,weighted,10,0.1667993630573248,0,14,None,66,1,5,False,1000,1000
2980,45,weighted,10,0.2658240445859872,0,30,None,66,1,5,False,1000,1000
2981,46,weighted,10,0.2432324840764331,0,30,None,66,1,5,False,1000,1000
2982,47,weighted,10,0.2270103503184713,0,30,None,66,1,5,False,1000,1000
2983,48,weighted,10,0.2156648089171974,0,30,None,66,1,5,False,1000,1000
2984,49,weighted,10,0.2079020700636942,0,30,None,66,1,5,False,1000,1000
2985,45,weighted,10,0.1510748407643312,0,16,None,66,1,5,False,1000,1000
2986,46,weighted,10,0.1644108280254777,0,16,None,66,1,5,False,1000,1000
2987,47,weighted,10,0.168093152866242,0,16,None,66,1,5,False,1000,1000
2988,48,weighted,10,0.1660031847133758,0,16,None,66,1,5,False,1000,1000
2989,49,weighted,10,0.1838176751592356,0,16,None,66,1,5,False,1000,1000
2990,45,weighted,10,0.1838176751592356,0,32,None,66,1,5,False,1000,1000
2991,46,weighted,10,0.1794386942675159,0,32,None,66,1,5,False,1000,1000
2992,47,weighted,10,0.1756568471337579,0,32,None,66,1,5,False,1000,1000
2993,48,weighted,10,0.1729697452229299,0,32,None,66,1,5,False,1000,1000
2994,49,weighted,10,0.1708797770700637,0,32,None,66,1,5,False,1000,1000
2995,45,weighted,10,0.2018312101910828,0,1,None,66,1,5,False,1000,1000
2996,46,weighted,10,0.171875,0,1,None,66,1,5,False,1000,1000
2997,47,weighted,10,0.1671974522292993,0,1,None,66,1,5,False,1000,1000
2998,48,weighted,10,0.1665007961783439,0,1,None,66,1,5,False,1000,1000
2999,49,weighted,10,0.1689888535031847,0,1,None,66,1,5,False,1000,1000
3000,45,weighted,10,0.194765127388535,0,23,None,66,1,5,False,1000,1000
3001,46,weighted,10,0.1712778662420382,0,23,None,66,1,5,False,1000,1000
3002,47,weighted,10,0.1658041401273885,0,23,None,66,1,5,False,1000,1000
3003,48,weighted,10,0.1569466560509554,0,23,None,66,1,5,False,1000,1000
3004,49,weighted,10,0.1443073248407643,0,23,None,66,1,5,False,1000,1000
3005,45,weighted,10,0.2503980891719745,0,27,None,66,1,5,False,1000,1000
3006,46,weighted,10,0.2480095541401273,0,27,None,66,1,5,False,1000,1000
3007,47,weighted,10,0.2283041401273885,0,27,None,66,1,5,False,1000,1000
3008,48,weighted,10,0.2282046178343949,0,27,None,66,1,5,False,1000,1000
3009,49,weighted,10,0.2250199044585987,0,27,None,66,1,5,False,1000,1000
3010,45,weighted,10,0.0995222929936305,0,29,None,66,1,5,False,1000,1000
3011,46,weighted,10,0.0976313694267515,0,29,None,66,1,5,False,1000,1000
3012,47,weighted,10,0.1130573248407643,0,29,None,66,1,5,False,1000,1000
3013,48,weighted,10,0.1560509554140127,0,29,None,66,1,5,False,1000,1000
3014,49,weighted,10,0.1472929936305732,0,29,None,66,1,5,False,1000,1000
3015,45,weighted,10,0.2080015923566879,0,13,None,66,1,5,False,1000,1000
3016,46,weighted,10,0.1926751592356688,0,13,None,66,1,5,False,1000,1000
3017,47,weighted,10,0.1827229299363057,0,13,None,66,1,5,False,1000,1000
3018,48,weighted,10,0.1730692675159235,0,13,None,66,1,5,False,1000,1000
3019,49,weighted,10,0.160828025477707,0,13,None,66,1,5,False,1000,1000
3020,45,weighted,10,0.1900875796178344,0,6,None,66,1,5,False,1000,1000
3021,46,weighted,10,0.2200437898089172,0,6,None,66,1,5,False,1000,1000
3022,47,weighted,10,0.2566679936305732,0,6,None,66,1,5,False,1000,1000
3023,48,weighted,10,0.2078025477707006,0,6,None,66,1,5,False,1000,1000
3024,49,weighted,10,0.2178542993630573,0,6,None,66,1,5,False,1000,1000
3025,45,weighted,10,0.1897890127388535,0,25,None,66,1,5,False,1000,1000
3026,46,weighted,10,0.1900875796178344,0,25,None,66,1,5,False,1000,1000
3027,47,weighted,10,0.1910828025477707,0,25,None,66,1,5,False,1000,1000
3028,48,weighted,10,0.1912818471337579,0,25,None,66,1,5,False,1000,1000
3029,49,weighted,10,0.1915804140127388,0,25,None,66,1,5,False,1000,1000
3030,45,weighted,10,0.2694068471337579,0,26,None,66,1,5,False,1000,1000
3031,46,weighted,10,0.2550756369426751,0,26,None,66,1,5,False,1000,1000
3032,47,weighted,10,0.2108877388535031,0,26,None,66,1,5,False,1000,1000
3033,48,weighted,10,0.2301950636942675,0,26,None,66,1,5,False,1000,1000
3034,49,weighted,10,0.2508957006369426,0,26,None,66,1,5,False,1000,1000
3035,45,weighted,10,0.2327826433121019,0,31,None,66,1,5,False,1000,1000
3036,46,weighted,10,0.2275079617834395,0,31,None,66,1,5,False,1000,1000
3037,47,weighted,10,0.2367635350318471,0,31,None,66,1,5,False,1000,1000
3038,48,weighted,10,0.3296178343949044,0,31,None,66,1,5,False,1000,1000
3039,49,weighted,10,0.3541998407643312,0,31,None,66,1,5,False,1000,1000
3040,45,weighted,10,0.1026074840764331,0,8,None,66,1,5,False,1000,1000
3041,46,weighted,10,0.1024084394904458,0,8,None,66,1,5,False,1000,1000
3042,47,weighted,10,0.103702229299363,0,8,None,66,1,5,False,1000,1000
3043,48,weighted,10,0.1048964968152866,0,8,None,66,1,5,False,1000,1000
3044,49,weighted,10,0.1058917197452229,0,8,None,66,1,5,False,1000,1000
3045,45,weighted,10,0.1363455414012739,0,19,None,66,1,5,False,1000,1000
3046,46,weighted,10,0.1350517515923567,0,19,None,66,1,5,False,1000,1000
3047,47,weighted,10,0.147890127388535,0,19,None,66,1,5,False,1000,1000
3048,48,weighted,10,0.1779458598726114,0,19,None,66,1,5,False,1000,1000
3049,49,weighted,10,0.2013335987261146,0,19,None,66,1,5,False,1000,1000
3050,45,weighted,10,0.1142515923566879,0,21,None,66,1,5,False,1000,1000
3051,46,weighted,10,0.1245023885350318,0,21,None,66,1,5,False,1000,1000
3052,47,weighted,10,0.138734076433121,0,21,None,66,1,5,False,1000,1000
3053,48,weighted,10,0.1578423566878981,0,21,None,66,1,5,False,1000,1000
3054,49,weighted,10,0.1790406050955414,0,21,None,66,1,5,False,1000,1000
3055,45,weighted,10,0.1744625796178344,0,24,None,66,1,5,False,1000,1000
3056,46,weighted,10,0.1770501592356688,0,24,None,66,1,5,False,1000,1000
3057,47,weighted,10,0.179140127388535,0,24,None,66,1,5,False,1000,1000
3058,48,weighted,10,0.1845143312101911,0,24,None,66,1,5,False,1000,1000
3059,49,weighted,10,0.1889928343949044,0,24,None,66,1,5,False,1000,1000
3060,45,weighted,10,0.192078025477707,0,2,None,66,1,5,False,1000,1000
3061,46,weighted,10,0.1889928343949044,0,2,None,66,1,5,False,1000,1000
3062,47,weighted,10,0.1844148089171974,0,2,None,66,1,5,False,1000,1000
3063,48,weighted,10,0.1796377388535031,0,2,None,66,1,5,False,1000,1000
3064,49,weighted,10,0.1735668789808917,0,2,None,66,1,5,False,1000,1000
3065,45,weighted,10,0.1204219745222929,0,0,None,66,1,5,False,1000,1000
3066,46,weighted,10,0.1171377388535031,0,0,None,66,1,5,False,1000,1000
3067,47,weighted,10,0.1131568471337579,0,0,None,66,1,5,False,1000,1000
3068,48,weighted,10,0.1098726114649681,0,0,None,66,1,5,False,1000,1000
3069,49,weighted,10,0.107484076433121,0,0,None,66,1,5,False,1000,1000
3070,45,weighted,10,0.1902866242038216,0,3,None,66,1,5,False,1000,1000
3071,46,weighted,10,0.1908837579617834,0,3,None,66,1,5,False,1000,1000
3072,47,weighted,10,0.1915804140127388,0,3,None,66,1,5,False,1000,1000
3073,48,weighted,10,0.1921775477707006,0,3,None,66,1,5,False,1000,1000
3074,49,weighted,10,0.1924761146496815,0,3,None,66,1,5,False,1000,1000
3075,45,weighted,10,0.1821257961783439,0,4,None,66,1,5,False,1000,1000
3076,46,weighted,10,0.1809315286624203,0,4,None,66,1,5,False,1000,1000
3077,47,weighted,10,0.1979498407643312,0,4,None,66,1,5,False,1000,1000
3078,48,weighted,10,0.1833200636942675,0,4,None,66,1,5,False,1000,1000
3079,49,weighted,10,0.1642117834394904,0,4,None,66,1,5,False,1000,1000
3080,45,weighted,10,0.2874203821656051,0,5,None,66,1,5,False,1000,1000
3081,46,weighted,10,0.2229299363057325,0,5,None,66,1,5,False,1000,1000
3082,47,weighted,10,0.1986464968152866,0,5,None,66,1,5,False,1000,1000
3083,48,weighted,10,0.1940684713375796,0,5,None,66,1,5,False,1000,1000
3084,49,weighted,10,0.1930732484076433,0,5,None,66,1,5,False,1000,1000
3085,45,weighted,10,0.1910828025477707,0,7,None,66,1,5,False,1000,1000
3086,46,weighted,10,0.1875995222929936,0,7,None,66,1,5,False,1000,1000
3087,47,weighted,10,0.1817277070063694,0,7,None,66,1,5,False,1000,1000
3088,48,weighted,10,0.1161425159235668,0,7,None,66,1,5,False,1000,1000
3089,49,weighted,10,0.1142515923566879,0,7,None,66,1,5,False,1000,1000
3090,45,weighted,10,0.1911823248407643,0,10,None,66,1,5,False,1000,1000
3091,46,weighted,10,0.1880971337579617,0,10,None,66,1,5,False,1000,1000
3092,47,weighted,10,0.1830214968152866,0,10,None,66,1,5,False,1000,1000
3093,48,weighted,10,0.1690883757961783,0,10,None,66,1,5,False,1000,1000
3094,49,weighted,10,0.1508757961783439,0,10,None,66,1,5,False,1000,1000
3095,45,weighted,10,0.1879976114649681,0,9,None,66,1,5,False,1000,1000
3096,46,weighted,10,0.1889928343949044,0,9,None,66,1,5,False,1000,1000
3097,47,weighted,10,0.1902866242038216,0,9,None,66,1,5,False,1000,1000
3098,48,weighted,10,0.1907842356687898,0,9,None,66,1,5,False,1000,1000
3099,49,weighted,10,0.1908837579617834,0,9,None,66,1,5,False,1000,1000
3100,45,weighted,10,0.1918789808917197,0,11,None,66,1,5,False,1000,1000
3101,46,weighted,10,0.1891918789808917,0,11,None,66,1,5,False,1000,1000
3102,47,weighted,10,0.1869028662420382,0,11,None,66,1,5,False,1000,1000
3103,48,weighted,10,0.1780453821656051,0,11,None,66,1,5,False,1000,1000
3104,49,weighted,10,0.1625199044585987,0,11,None,66,1,5,False,1000,1000
3105,45,weighted,10,0.1854100318471337,0,12,None,66,1,5,False,1000,1000
3106,46,weighted,10,0.272890127388535,0,12,None,66,1,5,False,1000,1000
3107,47,weighted,10,0.3271297770700637,0,12,None,66,1,5,False,1000,1000
3108,48,weighted,10,0.3274283439490446,0,12,None,66,1,5,False,1000,1000
3109,49,weighted,10,0.3055334394904458,0,12,None,66,1,5,False,1000,1000
3110,45,weighted,10,0.1916799363057325,0,15,None,66,1,5,False,1000,1000
3111,46,weighted,10,0.2069068471337579,0,15,None,66,1,5,False,1000,1000
3112,47,weighted,10,0.2270103503184713,0,15,None,66,1,5,False,1000,1000
3113,48,weighted,10,0.2106886942675159,0,15,None,66,1,5,False,1000,1000
3114,49,weighted,10,0.1734673566878981,0,15,None,66,1,5,False,1000,1000
3115,45,weighted,10,0.1919785031847133,0,17,None,66,1,5,False,1000,1000
3116,46,weighted,10,0.1954617834394904,0,17,None,66,1,5,False,1000,1000
3117,47,weighted,10,0.2011345541401273,0,17,None,66,1,5,False,1000,1000
3118,48,weighted,10,0.201234076433121,0,17,None,66,1,5,False,1000,1000
3119,49,weighted,10,0.1982484076433121,0,17,None,66,1,5,False,1000,1000
3120,45,weighted,10,0.2649283439490446,0,18,None,66,1,5,False,1000,1000
3121,46,weighted,10,0.2578622611464968,0,18,None,66,1,5,False,1000,1000
3122,47,weighted,10,0.2571656050955414,0,18,None,66,1,5,False,1000,1000
3123,48,weighted,10,0.2555732484076433,0,18,None,66,1,5,False,1000,1000
3124,49,weighted,10,0.2513933121019108,0,18,None,66,1,5,False,1000,1000
3125,45,weighted,10,0.1767515923566879,0,20,None,66,1,5,False,1000,1000
3126,46,weighted,10,0.1733678343949044,0,20,None,66,1,5,False,1000,1000
3127,47,weighted,10,0.1969546178343949,0,20,None,66,1,5,False,1000,1000
3128,48,weighted,10,0.172671178343949,0,20,None,66,1,5,False,1000,1000
3129,49,weighted,10,0.1770501592356688,0,20,None,66,1,5,False,1000,1000
3130,45,weighted,10,0.2352707006369426,0,28,None,66,1,5,False,1000,1000
3131,46,weighted,10,0.2296974522292993,0,28,None,66,1,5,False,1000,1000
3132,47,weighted,10,0.2205414012738853,0,28,None,66,1,5,False,1000,1000
3133,48,weighted,10,0.2151671974522293,0,28,None,66,1,5,False,1000,1000
3134,49,weighted,10,0.2132762738853503,0,28,None,66,1,5,False,1000,1000
3135,50,weighted,10,0.1960589171974522,0,2,None,66,1,5,False,1000,1000
3136,51,weighted,10,0.1954617834394904,0,2,None,66,1,5,False,1000,1000
3137,52,weighted,10,0.194765127388535,0,2,None,66,1,5,False,1000,1000
3138,53,weighted,10,0.1937699044585987,0,2,None,66,1,5,False,1000,1000
3139,54,weighted,10,0.1933718152866242,0,2,None,66,1,5,False,1000,1000
3140,50,weighted,10,0.1845143312101911,0,1,None,66,1,5,False,1000,1000
3141,51,weighted,10,0.1861066878980891,0,1,None,66,1,5,False,1000,1000
3142,52,weighted,10,0.1860071656050955,0,1,None,66,1,5,False,1000,1000
3143,53,weighted,10,0.1845143312101911,0,1,None,66,1,5,False,1000,1000
3144,54,weighted,10,0.1834195859872611,0,1,None,66,1,5,False,1000,1000
3145,50,weighted,10,0.1854100318471337,0,23,None,66,1,5,False,1000,1000
3146,51,weighted,10,0.1731687898089172,0,23,None,66,1,5,False,1000,1000
3147,52,weighted,10,0.1529657643312102,0,23,None,66,1,5,False,1000,1000
3148,53,weighted,10,0.1310708598726114,0,23,None,66,1,5,False,1000,1000
3149,54,weighted,10,0.1192277070063694,0,23,None,66,1,5,False,1000,1000
3150,50,weighted,10,0.2087977707006369,0,28,None,66,1,5,False,1000,1000
3151,51,weighted,10,0.2155652866242038,0,28,None,66,1,5,False,1000,1000
3152,52,weighted,10,0.2147691082802547,0,28,None,66,1,5,False,1000,1000
3153,53,weighted,10,0.2126791401273885,0,28,None,66,1,5,False,1000,1000
3154,54,weighted,10,0.2118829617834395,0,28,None,66,1,5,False,1000,1000
3155,50,weighted,10,0.0995222929936305,0,29,None,66,1,5,False,1000,1000
3156,51,weighted,10,0.098328025477707,0,29,None,66,1,5,False,1000,1000
3157,52,weighted,10,0.0966361464968152,0,29,None,66,1,5,False,1000,1000
3158,53,weighted,10,0.1003184713375796,0,29,None,66,1,5,False,1000,1000
3159,54,weighted,10,0.1105692675159235,0,29,None,66,1,5,False,1000,1000
3160,50,weighted,10,0.1951632165605095,0,15,None,66,1,5,False,1000,1000
3161,51,weighted,10,0.1888933121019108,0,15,None,66,1,5,False,1000,1000
3162,52,weighted,10,0.1668988853503184,0,15,None,66,1,5,False,1000,1000
3163,53,weighted,10,0.1372412420382165,0,15,None,66,1,5,False,1000,1000
3164,54,weighted,10,0.1415207006369426,0,15,None,66,1,5,False,1000,1000
3165,50,weighted,10,0.181031050955414,0,10,None,66,1,5,False,1000,1000
3166,51,weighted,10,0.1700835987261146,0,10,None,66,1,5,False,1000,1000
3167,52,weighted,10,0.1567476114649681,0,10,None,66,1,5,False,1000,1000
3168,53,weighted,10,0.1289808917197452,0,10,None,66,1,5,False,1000,1000
3169,54,weighted,10,0.1016122611464968,0,10,None,66,1,5,False,1000,1000
3170,50,weighted,10,0.2183519108280254,0,13,None,66,1,5,False,1000,1000
3171,51,weighted,10,0.2092953821656051,0,13,None,66,1,5,False,1000,1000
3172,52,weighted,10,0.1930732484076433,0,13,None,66,1,5,False,1000,1000
3173,53,weighted,10,0.1900875796178344,0,13,None,66,1,5,False,1000,1000
3174,54,weighted,10,0.2025278662420382,0,13,None,66,1,5,False,1000,1000
3175,50,weighted,10,0.1889928343949044,0,11,None,66,1,5,False,1000,1000
3176,51,weighted,10,0.185609076433121,0,11,None,66,1,5,False,1000,1000
3177,52,weighted,10,0.1797372611464968,0,11,None,66,1,5,False,1000,1000
3178,53,weighted,10,0.1720740445859872,0,11,None,66,1,5,False,1000,1000
3179,54,weighted,10,0.1627189490445859,0,11,None,66,1,5,False,1000,1000
3180,50,weighted,10,0.2219347133757961,0,20,None,66,1,5,False,1000,1000
3181,51,weighted,10,0.2190485668789809,0,20,None,66,1,5,False,1000,1000
3182,52,weighted,10,0.2243232484076433,0,20,None,66,1,5,False,1000,1000
3183,53,weighted,10,0.2204418789808917,0,20,None,66,1,5,False,1000,1000
3184,54,weighted,10,0.1921775477707006,0,20,None,66,1,5,False,1000,1000
3185,50,weighted,10,0.1918789808917197,0,25,None,66,1,5,False,1000,1000
3186,51,weighted,10,0.1919785031847133,0,25,None,66,1,5,False,1000,1000
3187,52,weighted,10,0.1908837579617834,0,25,None,66,1,5,False,1000,1000
3188,53,weighted,10,0.1890923566878981,0,25,None,66,1,5,False,1000,1000
3189,54,weighted,10,0.1886942675159235,0,25,None,66,1,5,False,1000,1000
3190,50,weighted,10,0.2422372611464968,0,26,None,66,1,5,False,1000,1000
3191,51,weighted,10,0.2099920382165605,0,26,None,66,1,5,False,1000,1000
3192,52,weighted,10,0.1779458598726114,0,26,None,66,1,5,False,1000,1000
3193,53,weighted,10,0.1874004777070063,0,26,None,66,1,5,False,1000,1000
3194,54,weighted,10,0.2151671974522293,0,26,None,66,1,5,False,1000,1000
3195,50,weighted,10,0.267515923566879,0,12,None,66,1,5,False,1000,1000
3196,51,weighted,10,0.2969745222929936,0,12,None,66,1,5,False,1000,1000
3197,52,weighted,10,0.2971735668789809,0,12,None,66,1,5,False,1000,1000
3198,53,weighted,10,0.2816480891719745,0,12,None,66,1,5,False,1000,1000
3199,54,weighted,10,0.2428343949044586,0,12,None,66,1,5,False,1000,1000
3200,50,weighted,10,0.2070063694267516,0,17,None,66,1,5,False,1000,1000
3201,51,weighted,10,0.2108877388535031,0,17,None,66,1,5,False,1000,1000
3202,52,weighted,10,0.2070063694267516,0,17,None,66,1,5,False,1000,1000
3203,53,weighted,10,0.2047173566878981,0,17,None,66,1,5,False,1000,1000
3204,54,weighted,10,0.2009355095541401,0,17,None,66,1,5,False,1000,1000
3205,50,weighted,10,0.1886942675159235,0,24,None,66,1,5,False,1000,1000
3206,51,weighted,10,0.1938694267515923,0,24,None,66,1,5,False,1000,1000
3207,52,weighted,10,0.1988455414012739,0,24,None,66,1,5,False,1000,1000
3208,53,weighted,10,0.2056130573248407,0,24,None,66,1,5,False,1000,1000
3209,54,weighted,10,0.2148686305732484,0,24,None,66,1,5,False,1000,1000
3210,50,weighted,10,0.2473128980891719,0,21,None,66,1,5,False,1000,1000
3211,51,weighted,10,0.2236265923566879,0,21,None,66,1,5,False,1000,1000
3212,52,weighted,10,0.214968152866242,0,21,None,66,1,5,False,1000,1000
3213,53,weighted,10,0.2200437898089172,0,21,None,66,1,5,False,1000,1000
3214,54,weighted,10,0.245421974522293,0,21,None,66,1,5,False,1000,1000
3215,50,weighted,10,0.3314092356687898,0,31,None,66,1,5,False,1000,1000
3216,51,weighted,10,0.3413614649681528,0,31,None,66,1,5,False,1000,1000
3217,52,weighted,10,0.3581807324840764,0,31,None,66,1,5,False,1000,1000
3218,53,weighted,10,0.3665406050955414,0,31,None,66,1,5,False,1000,1000
3219,54,weighted,10,0.3837579617834395,0,31,None,66,1,5,False,1000,1000
3220,50,weighted,10,0.2102906050955414,0,30,None,66,1,5,False,1000,1000
3221,51,weighted,10,0.2062101910828025,0,30,None,66,1,5,False,1000,1000
3222,52,weighted,10,0.2041202229299363,0,30,None,66,1,5,False,1000,1000
3223,53,weighted,10,0.2021297770700637,0,30,None,66,1,5,False,1000,1000
3224,54,weighted,10,0.2015326433121019,0,30,None,66,1,5,False,1000,1000
3225,50,weighted,10,0.2736863057324841,0,27,None,66,1,5,False,1000,1000
3226,51,weighted,10,0.2748805732484076,0,27,None,66,1,5,False,1000,1000
3227,52,weighted,10,0.282046178343949,0,27,None,66,1,5,False,1000,1000
3228,53,weighted,10,0.2727906050955414,0,27,None,66,1,5,False,1000,1000
3229,54,weighted,10,0.2453224522292993,0,27,None,66,1,5,False,1000,1000
3230,50,weighted,10,0.1458001592356688,0,16,None,66,1,5,False,1000,1000
3231,51,weighted,10,0.1316679936305732,0,16,None,66,1,5,False,1000,1000
3232,52,weighted,10,0.1364450636942675,0,16,None,66,1,5,False,1000,1000
3233,53,weighted,10,0.1519705414012739,0,16,None,66,1,5,False,1000,1000
3234,54,weighted,10,0.1614251592356688,0,16,None,66,1,5,False,1000,1000
3235,50,weighted,10,0.1493829617834395,0,8,None,66,1,5,False,1000,1000
3236,51,weighted,10,0.1279856687898089,0,8,None,66,1,5,False,1000,1000
3237,52,weighted,10,0.1145501592356687,0,8,None,66,1,5,False,1000,1000
3238,53,weighted,10,0.1089769108280254,0,8,None,66,1,5,False,1000,1000
3239,54,weighted,10,0.1095740445859872,0,8,None,66,1,5,False,1000,1000
3240,50,weighted,10,0.2674164012738853,0,18,None,66,1,5,False,1000,1000
3241,51,weighted,10,0.2671178343949044,0,18,None,66,1,5,False,1000,1000
3242,52,weighted,10,0.2621417197452229,0,18,None,66,1,5,False,1000,1000
3243,53,weighted,10,0.2478105095541401,0,18,None,66,1,5,False,1000,1000
3244,54,weighted,10,0.2414410828025477,0,18,None,66,1,5,False,1000,1000
3245,50,weighted,10,0.2199442675159235,0,19,None,66,1,5,False,1000,1000
3246,51,weighted,10,0.2262141719745223,0,19,None,66,1,5,False,1000,1000
3247,52,weighted,10,0.2276074840764331,0,19,None,66,1,5,False,1000,1000
3248,53,weighted,10,0.2289012738853503,0,19,None,66,1,5,False,1000,1000
3249,54,weighted,10,0.2395501592356688,0,19,None,66,1,5,False,1000,1000
3250,50,weighted,10,0.2109872611464968,0,0,None,66,1,5,False,1000,1000
3251,51,weighted,10,0.190187101910828,0,0,None,66,1,5,False,1000,1000
3252,52,weighted,10,0.1729697452229299,0,0,None,66,1,5,False,1000,1000
3253,53,weighted,10,0.1621218152866242,0,0,None,66,1,5,False,1000,1000
3254,54,weighted,10,0.1561504777070063,0,0,None,66,1,5,False,1000,1000
3255,50,weighted,10,0.1926751592356688,0,3,None,66,1,5,False,1000,1000
3256,51,weighted,10,0.1914808917197452,0,3,None,66,1,5,False,1000,1000
3257,52,weighted,10,0.1910828025477707,0,3,None,66,1,5,False,1000,1000
3258,53,weighted,10,0.1904856687898089,0,3,None,66,1,5,False,1000,1000
3259,54,weighted,10,0.1892914012738853,0,3,None,66,1,5,False,1000,1000
3260,50,weighted,10,0.2948845541401274,0,5,None,66,1,5,False,1000,1000
3261,51,weighted,10,0.3378781847133758,0,5,None,66,1,5,False,1000,1000
3262,52,weighted,10,0.3310111464968153,0,5,None,66,1,5,False,1000,1000
3263,53,weighted,10,0.2625398089171974,0,5,None,66,1,5,False,1000,1000
3264,54,weighted,10,0.2166600318471337,0,5,None,66,1,5,False,1000,1000
3265,50,weighted,10,0.1898885350318471,0,7,None,66,1,5,False,1000,1000
3266,51,weighted,10,0.1631170382165605,0,7,None,66,1,5,False,1000,1000
3267,52,weighted,10,0.1162420382165605,0,7,None,66,1,5,False,1000,1000
3268,53,weighted,10,0.117436305732484,0,7,None,66,1,5,False,1000,1000
3269,54,weighted,10,0.118531050955414,0,7,None,66,1,5,False,1000,1000
3270,50,weighted,10,0.1869028662420382,0,4,None,66,1,5,False,1000,1000
3271,51,weighted,10,0.1895899681528662,0,4,None,66,1,5,False,1000,1000
3272,52,weighted,10,0.2132762738853503,0,4,None,66,1,5,False,1000,1000
3273,53,weighted,10,0.2099920382165605,0,4,None,66,1,5,False,1000,1000
3274,54,weighted,10,0.1933718152866242,0,4,None,66,1,5,False,1000,1000
3275,50,weighted,10,0.1910828025477707,0,32,None,66,1,5,False,1000,1000
3276,51,weighted,10,0.190187101910828,0,32,None,66,1,5,False,1000,1000
3277,52,weighted,10,0.190187101910828,0,32,None,66,1,5,False,1000,1000
3278,53,weighted,10,0.1900875796178344,0,32,None,66,1,5,False,1000,1000
3279,54,weighted,10,0.1900875796178344,0,32,None,66,1,5,False,1000,1000
3280,50,weighted,10,0.2170581210191083,0,6,None,66,1,5,False,1000,1000
3281,51,weighted,10,0.2861265923566879,0,6,None,66,1,5,False,1000,1000
3282,52,weighted,10,0.2845342356687898,0,6,None,66,1,5,False,1000,1000
3283,53,weighted,10,0.2639331210191082,0,6,None,66,1,5,False,1000,1000
3284,54,weighted,10,0.2673168789808917,0,6,None,66,1,5,False,1000,1000
3285,50,weighted,10,0.1887937898089172,0,9,None,66,1,5,False,1000,1000
3286,51,weighted,10,0.1888933121019108,0,9,None,66,1,5,False,1000,1000
3287,52,weighted,10,0.1905851910828025,0,9,None,66,1,5,False,1000,1000
3288,53,weighted,10,0.1977507961783439,0,9,None,66,1,5,False,1000,1000
3289,54,weighted,10,0.2011345541401273,0,9,None,66,1,5,False,1000,1000
3290,50,weighted,10,0.1656050955414012,0,14,None,66,1,5,False,1000,1000
3291,51,weighted,10,0.1666998407643312,0,14,None,66,1,5,False,1000,1000
3292,52,weighted,10,0.1669984076433121,0,14,None,66,1,5,False,1000,1000
3293,53,weighted,10,0.1673964968152866,0,14,None,66,1,5,False,1000,1000
3294,54,weighted,10,0.167296974522293,0,14,None,66,1,5,False,1000,1000
3295,50,weighted,10,0.1070859872611465,0,22,None,66,1,5,False,1000,1000
3296,51,weighted,10,0.1003184713375796,0,22,None,66,1,5,False,1000,1000
3297,52,weighted,10,0.0995222929936305,0,22,None,66,1,5,False,1000,1000
3298,53,weighted,10,0.0997213375796178,0,22,None,66,1,5,False,1000,1000
3299,54,weighted,10,0.1059912420382165,0,22,None,66,1,5,False,1000,1000
4125,55,weighted,10,0.1510748407643312,0,1,None,66,1,5,False,1000,1000
4126,56,weighted,10,0.1499800955414012,0,1,None,66,1,5,False,1000,1000
4127,57,weighted,10,0.1498805732484076,0,1,None,66,1,5,False,1000,1000
4128,58,weighted,10,0.1500796178343949,0,1,None,66,1,5,False,1000,1000
4129,59,weighted,10,0.1507762738853503,0,1,None,66,1,5,False,1000,1000
4130,55,weighted,10,0.1959593949044586,0,2,None,66,1,5,False,1000,1000
4131,56,weighted,10,0.1968550955414012,0,2,None,66,1,5,False,1000,1000
4132,57,weighted,10,0.1970541401273885,0,2,None,66,1,5,False,1000,1000
4133,58,weighted,10,0.1973527070063694,0,2,None,66,1,5,False,1000,1000
4134,59,weighted,10,0.1976512738853503,0,2,None,66,1,5,False,1000,1000
4135,55,weighted,10,0.2135748407643312,0,5,None,66,1,5,False,1000,1000
4136,56,weighted,10,0.2132762738853503,0,5,None,66,1,5,False,1000,1000
4137,57,weighted,10,0.2169585987261146,0,5,None,66,1,5,False,1000,1000
4138,58,weighted,10,0.2273089171974522,0,5,None,66,1,5,False,1000,1000
4139,59,weighted,10,0.2358678343949044,0,5,None,66,1,5,False,1000,1000
4140,55,weighted,10,0.2152667197452229,0,13,None,66,1,5,False,1000,1000
4141,56,weighted,10,0.219546178343949,0,13,None,66,1,5,False,1000,1000
4142,57,weighted,10,0.2163614649681528,0,13,None,66,1,5,False,1000,1000
4143,58,weighted,10,0.2035230891719745,0,13,None,66,1,5,False,1000,1000
4144,59,weighted,10,0.1970541401273885,0,13,None,66,1,5,False,1000,1000
4145,55,weighted,10,0.1806329617834395,0,15,None,66,1,5,False,1000,1000
4146,56,weighted,10,0.1738654458598726,0,15,None,66,1,5,False,1000,1000
4147,57,weighted,10,0.1632165605095541,0,15,None,66,1,5,False,1000,1000
4148,58,weighted,10,0.1506767515923567,0,15,None,66,1,5,False,1000,1000
4149,59,weighted,10,0.1388335987261146,0,15,None,66,1,5,False,1000,1000
4150,55,weighted,10,0.177249203821656,0,10,None,66,1,5,False,1000,1000
4151,56,weighted,10,0.1708797770700637,0,10,None,66,1,5,False,1000,1000
4152,57,weighted,10,0.164311305732484,0,10,None,66,1,5,False,1000,1000
4153,58,weighted,10,0.1592356687898089,0,10,None,66,1,5,False,1000,1000
4154,59,weighted,10,0.1549562101910828,0,10,None,66,1,5,False,1000,1000
4155,55,weighted,10,0.1853105095541401,0,11,None,66,1,5,False,1000,1000
4156,56,weighted,10,0.1815286624203821,0,11,None,66,1,5,False,1000,1000
4157,57,weighted,10,0.1783439490445859,0,11,None,66,1,5,False,1000,1000
4158,58,weighted,10,0.1757563694267516,0,11,None,66,1,5,False,1000,1000
4159,59,weighted,10,0.1747611464968153,0,11,None,66,1,5,False,1000,1000
4160,55,weighted,10,0.1907842356687898,0,20,None,66,1,5,False,1000,1000
4161,56,weighted,10,0.1907842356687898,0,20,None,66,1,5,False,1000,1000
4162,57,weighted,10,0.2004378980891719,0,20,None,66,1,5,False,1000,1000
4163,58,weighted,10,0.2137738853503184,0,20,None,66,1,5,False,1000,1000
4164,59,weighted,10,0.2221337579617834,0,20,None,66,1,5,False,1000,1000
4165,55,weighted,10,0.140625,0,23,None,66,1,5,False,1000,1000
4166,56,weighted,10,0.1306727707006369,0,23,None,66,1,5,False,1000,1000
4167,57,weighted,10,0.129578025477707,0,23,None,66,1,5,False,1000,1000
4168,58,weighted,10,0.1329617834394904,0,23,None,66,1,5,False,1000,1000
4169,59,weighted,10,0.1417197452229299,0,23,None,66,1,5,False,1000,1000
4170,55,weighted,10,0.2144705414012739,0,17,None,66,1,5,False,1000,1000
4171,56,weighted,10,0.2125796178343949,0,17,None,66,1,5,False,1000,1000
4172,57,weighted,10,0.2180533439490445,0,17,None,66,1,5,False,1000,1000
4173,58,weighted,10,0.2294984076433121,0,17,None,66,1,5,False,1000,1000
4174,59,weighted,10,0.2023288216560509,0,17,None,66,1,5,False,1000,1000
4175,55,weighted,10,0.1885947452229299,0,25,None,66,1,5,False,1000,1000
4176,56,weighted,10,0.1878980891719745,0,25,None,66,1,5,False,1000,1000
4177,57,weighted,10,0.1860071656050955,0,25,None,66,1,5,False,1000,1000
4178,58,weighted,10,0.1838176751592356,0,25,None,66,1,5,False,1000,1000
4179,59,weighted,10,0.1811305732484076,0,25,None,66,1,5,False,1000,1000
4180,55,weighted,10,0.1777468152866242,0,26,None,66,1,5,False,1000,1000
4181,56,weighted,10,0.1600318471337579,0,26,None,66,1,5,False,1000,1000
4182,57,weighted,10,0.1588375796178344,0,26,None,66,1,5,False,1000,1000
4183,58,weighted,10,0.1591361464968153,0,26,None,66,1,5,False,1000,1000
4184,59,weighted,10,0.1574442675159235,0,26,None,66,1,5,False,1000,1000
4185,55,weighted,10,0.1941679936305732,0,12,None,66,1,5,False,1000,1000
4186,56,weighted,10,0.1873009554140127,0,12,None,66,1,5,False,1000,1000
4187,57,weighted,10,0.1766520700636942,0,12,None,66,1,5,False,1000,1000
4188,58,weighted,10,0.1657046178343949,0,12,None,66,1,5,False,1000,1000
4189,59,weighted,10,0.1564490445859872,0,12,None,66,1,5,False,1000,1000
4190,55,weighted,10,0.1831210191082802,0,28,None,66,1,5,False,1000,1000
4191,56,weighted,10,0.1883957006369426,0,28,None,66,1,5,False,1000,1000
4192,57,weighted,10,0.192078025477707,0,28,None,66,1,5,False,1000,1000
4193,58,weighted,10,0.1944665605095541,0,28,None,66,1,5,False,1000,1000
4194,59,weighted,10,0.1961584394904458,0,28,None,66,1,5,False,1000,1000
4195,55,weighted,10,0.1887937898089172,0,3,None,66,1,5,False,1000,1000
4196,56,weighted,10,0.1873009554140127,0,3,None,66,1,5,False,1000,1000
4197,57,weighted,10,0.185609076433121,0,3,None,66,1,5,False,1000,1000
4198,58,weighted,10,0.1842157643312102,0,3,None,66,1,5,False,1000,1000
4199,59,weighted,10,0.1841162420382165,0,3,None,66,1,5,False,1000,1000
4200,55,weighted,10,0.1641122611464968,0,29,None,66,1,5,False,1000,1000
4201,56,weighted,10,0.1345541401273885,0,29,None,66,1,5,False,1000,1000
4202,57,weighted,10,0.1279856687898089,0,29,None,66,1,5,False,1000,1000
4203,58,weighted,10,0.1252985668789809,0,29,None,66,1,5,False,1000,1000
4204,59,weighted,10,0.1218152866242038,0,29,None,66,1,5,False,1000,1000
4205,55,weighted,10,0.1850119426751592,0,9,None,66,1,5,False,1000,1000
4206,56,weighted,10,0.1832205414012739,0,9,None,66,1,5,False,1000,1000
4207,57,weighted,10,0.1809315286624203,0,9,None,66,1,5,False,1000,1000
4208,58,weighted,10,0.1798367834394904,0,9,None,66,1,5,False,1000,1000
4209,59,weighted,10,0.1784434713375796,0,9,None,66,1,5,False,1000,1000
4210,55,weighted,10,0.2106886942675159,0,30,None,66,1,5,False,1000,1000
4211,56,weighted,10,0.2085987261146497,0,30,None,66,1,5,False,1000,1000
4212,57,weighted,10,0.2076035031847133,0,30,None,66,1,5,False,1000,1000
4213,58,weighted,10,0.2087977707006369,0,30,None,66,1,5,False,1000,1000
4214,59,weighted,10,0.2133757961783439,0,30,None,66,1,5,False,1000,1000
4215,55,weighted,10,0.2374601910828025,0,6,None,66,1,5,False,1000,1000
4216,56,weighted,10,0.2304936305732484,0,6,None,66,1,5,False,1000,1000
4217,57,weighted,10,0.2061106687898089,0,6,None,66,1,5,False,1000,1000
4218,58,weighted,10,0.1815286624203821,0,6,None,66,1,5,False,1000,1000
4219,59,weighted,10,0.1855095541401273,0,6,None,66,1,5,False,1000,1000
4220,55,weighted,10,0.3581807324840764,0,31,None,66,1,5,False,1000,1000
4221,56,weighted,10,0.3641520700636942,0,31,None,66,1,5,False,1000,1000
4222,57,weighted,10,0.3847531847133758,0,31,None,66,1,5,False,1000,1000
4223,58,weighted,10,0.4028662420382166,0,31,None,66,1,5,False,1000,1000
4224,59,weighted,10,0.4194864649681528,0,31,None,66,1,5,False,1000,1000
4225,55,weighted,10,0.2521894904458598,0,27,None,66,1,5,False,1000,1000
4226,56,weighted,10,0.2713972929936306,0,27,None,66,1,5,False,1000,1000
4227,57,weighted,10,0.2954816878980891,0,27,None,66,1,5,False,1000,1000
4228,58,weighted,10,0.3073248407643312,0,27,None,66,1,5,False,1000,1000
4229,59,weighted,10,0.3140923566878981,0,27,None,66,1,5,False,1000,1000
4230,55,weighted,10,0.192874203821656,0,32,None,66,1,5,False,1000,1000
4231,56,weighted,10,0.1927746815286624,0,32,None,66,1,5,False,1000,1000
4232,57,weighted,10,0.1918789808917197,0,32,None,66,1,5,False,1000,1000
4233,58,weighted,10,0.1911823248407643,0,32,None,66,1,5,False,1000,1000
4234,59,weighted,10,0.1904856687898089,0,32,None,66,1,5,False,1000,1000
4235,55,weighted,10,0.1888933121019108,0,7,None,66,1,5,False,1000,1000
4236,56,weighted,10,0.1851114649681528,0,7,None,66,1,5,False,1000,1000
4237,57,weighted,10,0.1788415605095541,0,7,None,66,1,5,False,1000,1000
4238,58,weighted,10,0.1623208598726114,0,7,None,66,1,5,False,1000,1000
4239,59,weighted,10,0.1424164012738853,0,7,None,66,1,5,False,1000,1000
4240,55,weighted,10,0.1328622611464968,0,16,None,66,1,5,False,1000,1000
4241,56,weighted,10,0.1462977707006369,0,16,None,66,1,5,False,1000,1000
4242,57,weighted,10,0.1566480891719745,0,16,None,66,1,5,False,1000,1000
4243,58,weighted,10,0.163515127388535,0,16,None,66,1,5,False,1000,1000
4244,59,weighted,10,0.1683917197452229,0,16,None,66,1,5,False,1000,1000
4245,55,weighted,10,0.2189490445859872,0,8,None,66,1,5,False,1000,1000
4246,56,weighted,10,0.1918789808917197,0,8,None,66,1,5,False,1000,1000
4247,57,weighted,10,0.1843152866242038,0,8,None,66,1,5,False,1000,1000
4248,58,weighted,10,0.1838176751592356,0,8,None,66,1,5,False,1000,1000
4249,59,weighted,10,0.1866042993630573,0,8,None,66,1,5,False,1000,1000
4250,55,weighted,10,0.2736863057324841,0,18,None,66,1,5,False,1000,1000
4251,56,weighted,10,0.2933917197452229,0,18,None,66,1,5,False,1000,1000
4252,57,weighted,10,0.2836385350318471,0,18,None,66,1,5,False,1000,1000
4253,58,weighted,10,0.2577627388535032,0,18,None,66,1,5,False,1000,1000
4254,59,weighted,10,0.2420382165605095,0,18,None,66,1,5,False,1000,1000
4255,55,weighted,10,0.2318869426751592,0,19,None,66,1,5,False,1000,1000
4256,56,weighted,10,0.2445262738853503,0,19,None,66,1,5,False,1000,1000
4257,57,weighted,10,0.2562699044585987,0,19,None,66,1,5,False,1000,1000
4258,58,weighted,10,0.2473128980891719,0,19,None,66,1,5,False,1000,1000
4259,59,weighted,10,0.2170581210191083,0,19,None,66,1,5,False,1000,1000
4260,55,weighted,10,0.2162619426751592,0,21,None,66,1,5,False,1000,1000
4261,56,weighted,10,0.2285031847133758,0,21,None,66,1,5,False,1000,1000
4262,57,weighted,10,0.2569665605095541,0,21,None,66,1,5,False,1000,1000
4263,58,weighted,10,0.2163614649681528,0,21,None,66,1,5,False,1000,1000
4264,59,weighted,10,0.1899880573248407,0,21,None,66,1,5,False,1000,1000
4265,55,weighted,10,0.1900875796178344,0,0,None,66,1,5,False,1000,1000
4266,56,weighted,10,0.1986464968152866,0,0,None,66,1,5,False,1000,1000
4267,57,weighted,10,0.2013335987261146,0,0,None,66,1,5,False,1000,1000
4268,58,weighted,10,0.2091958598726114,0,0,None,66,1,5,False,1000,1000
4269,59,weighted,10,0.2197452229299363,0,0,None,66,1,5,False,1000,1000
4270,55,weighted,10,0.2110867834394904,0,24,None,66,1,5,False,1000,1000
4271,56,weighted,10,0.2235270700636942,0,24,None,66,1,5,False,1000,1000
4272,57,weighted,10,0.248109076433121,0,24,None,66,1,5,False,1000,1000
4273,58,weighted,10,0.3005573248407643,0,24,None,66,1,5,False,1000,1000
4274,59,weighted,10,0.3173765923566879,0,24,None,66,1,5,False,1000,1000
4275,55,weighted,10,0.1691878980891719,0,14,None,66,1,5,False,1000,1000
4276,56,weighted,10,0.1667993630573248,0,14,None,66,1,5,False,1000,1000
4277,57,weighted,10,0.1644108280254777,0,14,None,66,1,5,False,1000,1000
4278,58,weighted,10,0.161624203821656,0,14,None,66,1,5,False,1000,1000
4279,59,weighted,10,0.1580414012738853,0,14,None,66,1,5,False,1000,1000
4280,55,weighted,10,0.1840167197452229,0,22,None,66,1,5,False,1000,1000
4281,56,weighted,10,0.2137738853503184,0,22,None,66,1,5,False,1000,1000
4282,57,weighted,10,0.2047173566878981,0,22,None,66,1,5,False,1000,1000
4283,58,weighted,10,0.1771496815286624,0,22,None,66,1,5,False,1000,1000
4284,59,weighted,10,0.1768511146496815,0,22,None,66,1,5,False,1000,1000
4285,55,weighted,10,0.2167595541401273,0,4,None,66,1,5,False,1000,1000
4286,56,weighted,10,0.2086982484076433,0,4,None,66,1,5,False,1000,1000
4287,57,weighted,10,0.1948646496815286,0,4,None,66,1,5,False,1000,1000
4288,58,weighted,10,0.1806329617834395,0,4,None,66,1,5,False,1000,1000
4289,59,weighted,10,0.1670979299363057,0,4,None,66,1,5,False,1000,1000
4290,60,weighted,10,0.372014331210191,0,31,None,66,1,5,False,1000,1000
4291,61,weighted,10,0.3919187898089172,0,31,None,66,1,5,False,1000,1000
4292,62,weighted,10,0.4128184713375796,0,31,None,66,1,5,False,1000,1000
4293,63,weighted,10,0.4293391719745223,0,31,None,66,1,5,False,1000,1000
4294,64,weighted,10,0.4430732484076433,0,31,None,66,1,5,False,1000,1000
4295,60,weighted,10,0.2981687898089172,0,24,None,66,1,5,False,1000,1000
4296,61,weighted,10,0.3101114649681528,0,24,None,66,1,5,False,1000,1000
4297,62,weighted,10,0.3250398089171974,0,24,None,66,1,5,False,1000,1000
4298,63,weighted,10,0.3142914012738853,0,24,None,66,1,5,False,1000,1000
4299,64,weighted,10,0.3177746815286624,0,24,None,66,1,5,False,1000,1000
4300,60,weighted,10,0.221437101910828,0,1,None,66,1,5,False,1000,1000
4301,61,weighted,10,0.2251194267515923,0,1,None,66,1,5,False,1000,1000
4302,62,weighted,10,0.224124203821656,0,1,None,66,1,5,False,1000,1000
4303,63,weighted,10,0.2221337579617834,0,1,None,66,1,5,False,1000,1000
4304,64,weighted,10,0.2209394904458598,0,1,None,66,1,5,False,1000,1000
4305,60,weighted,10,0.2075039808917197,0,13,None,66,1,5,False,1000,1000
4306,61,weighted,10,0.1831210191082802,0,13,None,66,1,5,False,1000,1000
4307,62,weighted,10,0.1852109872611465,0,13,None,66,1,5,False,1000,1000
4308,63,weighted,10,0.1845143312101911,0,13,None,66,1,5,False,1000,1000
4309,64,weighted,10,0.1848128980891719,0,13,None,66,1,5,False,1000,1000
4310,60,weighted,10,0.2165605095541401,0,21,None,66,1,5,False,1000,1000
4311,61,weighted,10,0.2000398089171974,0,21,None,66,1,5,False,1000,1000
4312,62,weighted,10,0.203125,0,21,None,66,1,5,False,1000,1000
4313,63,weighted,10,0.2238256369426751,0,21,None,66,1,5,False,1000,1000
4314,64,weighted,10,0.2852308917197452,0,21,None,66,1,5,False,1000,1000
4315,60,weighted,10,0.1592356687898089,0,26,None,66,1,5,False,1000,1000
4316,61,weighted,10,0.1577428343949044,0,26,None,66,1,5,False,1000,1000
4317,62,weighted,10,0.15515525477707,0,26,None,66,1,5,False,1000,1000
4318,63,weighted,10,0.1502786624203821,0,26,None,66,1,5,False,1000,1000
4319,64,weighted,10,0.1475915605095541,0,26,None,66,1,5,False,1000,1000
4320,60,weighted,10,0.1973527070063694,0,2,None,66,1,5,False,1000,1000
4321,61,weighted,10,0.1981488853503184,0,2,None,66,1,5,False,1000,1000
4322,62,weighted,10,0.1983479299363057,0,2,None,66,1,5,False,1000,1000
4323,63,weighted,10,0.1984474522292993,0,2,None,66,1,5,False,1000,1000
4324,64,weighted,10,0.1984474522292993,0,2,None,66,1,5,False,1000,1000
4325,60,weighted,10,0.1867038216560509,0,5,None,66,1,5,False,1000,1000
4326,61,weighted,10,0.1918789808917197,0,5,None,66,1,5,False,1000,1000
4327,62,weighted,10,0.2019307324840764,0,5,None,66,1,5,False,1000,1000
4328,63,weighted,10,0.185609076433121,0,5,None,66,1,5,False,1000,1000
4329,64,weighted,10,0.1872014331210191,0,5,None,66,1,5,False,1000,1000
4330,60,weighted,10,0.1796377388535031,0,12,None,66,1,5,False,1000,1000
4331,61,weighted,10,0.1767515923566879,0,12,None,66,1,5,False,1000,1000
4332,62,weighted,10,0.1760549363057325,0,12,None,66,1,5,False,1000,1000
4333,63,weighted,10,0.1775477707006369,0,12,None,66,1,5,False,1000,1000
4334,64,weighted,10,0.1806329617834395,0,12,None,66,1,5,False,1000,1000
4335,60,weighted,10,0.2394506369426751,0,17,None,66,1,5,False,1000,1000
4336,61,weighted,10,0.2209394904458598,0,17,None,66,1,5,False,1000,1000
4337,62,weighted,10,0.2244227707006369,0,17,None,66,1,5,False,1000,1000
4338,63,weighted,10,0.2349721337579617,0,17,None,66,1,5,False,1000,1000
4339,64,weighted,10,0.2625398089171974,0,17,None,66,1,5,False,1000,1000
4340,60,weighted,10,0.1990445859872611,0,28,None,66,1,5,False,1000,1000
4341,61,weighted,10,0.2005374203821656,0,28,None,66,1,5,False,1000,1000
4342,62,weighted,10,0.2029259554140127,0,28,None,66,1,5,False,1000,1000
4343,63,weighted,10,0.2045183121019108,0,28,None,66,1,5,False,1000,1000
4344,64,weighted,10,0.2078025477707006,0,28,None,66,1,5,False,1000,1000
4345,60,weighted,10,0.2654259554140127,0,8,None,66,1,5,False,1000,1000
4346,61,weighted,10,0.2613455414012738,0,8,None,66,1,5,False,1000,1000
4347,62,weighted,10,0.2571656050955414,0,8,None,66,1,5,False,1000,1000
4348,63,weighted,10,0.2704020700636942,0,8,None,66,1,5,False,1000,1000
4349,64,weighted,10,0.2798566878980891,0,8,None,66,1,5,False,1000,1000
4350,60,weighted,10,0.2854299363057325,0,18,None,66,1,5,False,1000,1000
4351,61,weighted,10,0.2469148089171974,0,18,None,66,1,5,False,1000,1000
4352,62,weighted,10,0.2356687898089172,0,18,None,66,1,5,False,1000,1000
4353,63,weighted,10,0.2366640127388535,0,18,None,66,1,5,False,1000,1000
4354,64,weighted,10,0.2501990445859872,0,18,None,66,1,5,False,1000,1000
4355,60,weighted,10,0.2209394904458598,0,19,None,66,1,5,False,1000,1000
4356,61,weighted,10,0.2014331210191083,0,19,None,66,1,5,False,1000,1000
4357,62,weighted,10,0.198546974522293,0,19,None,66,1,5,False,1000,1000
4358,63,weighted,10,0.2034235668789809,0,19,None,66,1,5,False,1000,1000
4359,64,weighted,10,0.2096934713375796,0,19,None,66,1,5,False,1000,1000
4360,60,weighted,10,0.1775477707006369,0,10,None,66,1,5,False,1000,1000
4361,61,weighted,10,0.1765525477707006,0,10,None,66,1,5,False,1000,1000
4362,62,weighted,10,0.1770501592356688,0,10,None,66,1,5,False,1000,1000
4363,63,weighted,10,0.1782444267515923,0,10,None,66,1,5,False,1000,1000
4364,64,weighted,10,0.1789410828025477,0,10,None,66,1,5,False,1000,1000
4365,60,weighted,10,0.1872014331210191,0,11,None,66,1,5,False,1000,1000
4366,61,weighted,10,0.1869028662420382,0,11,None,66,1,5,False,1000,1000
4367,62,weighted,10,0.1878980891719745,0,11,None,66,1,5,False,1000,1000
4368,63,weighted,10,0.190187101910828,0,11,None,66,1,5,False,1000,1000
4369,64,weighted,10,0.1918789808917197,0,11,None,66,1,5,False,1000,1000
4370,60,weighted,10,0.1802348726114649,0,15,None,66,1,5,False,1000,1000
4371,61,weighted,10,0.1789410828025477,0,15,None,66,1,5,False,1000,1000
4372,62,weighted,10,0.1780453821656051,0,15,None,66,1,5,False,1000,1000
4373,63,weighted,10,0.1782444267515923,0,15,None,66,1,5,False,1000,1000
4374,64,weighted,10,0.1787420382165605,0,15,None,66,1,5,False,1000,1000
4375,60,weighted,10,0.1861066878980891,0,20,None,66,1,5,False,1000,1000
4376,61,weighted,10,0.185609076433121,0,20,None,66,1,5,False,1000,1000
4377,62,weighted,10,0.1875,0,20,None,66,1,5,False,1000,1000
4378,63,weighted,10,0.1990445859872611,0,20,None,66,1,5,False,1000,1000
4379,64,weighted,10,0.182921974522293,0,20,None,66,1,5,False,1000,1000
4380,60,weighted,10,0.2265127388535031,0,30,None,66,1,5,False,1000,1000
4381,61,weighted,10,0.227906050955414,0,30,None,66,1,5,False,1000,1000
4382,62,weighted,10,0.2323845541401273,0,30,None,66,1,5,False,1000,1000
4383,63,weighted,10,0.2480095541401273,0,30,None,66,1,5,False,1000,1000
4384,64,weighted,10,0.2873208598726114,0,30,None,66,1,5,False,1000,1000
4385,60,weighted,10,0.3503184713375796,0,27,None,66,1,5,False,1000,1000
4386,61,weighted,10,0.3457404458598726,0,27,None,66,1,5,False,1000,1000
4387,62,weighted,10,0.338077229299363,0,27,None,66,1,5,False,1000,1000
4388,63,weighted,10,0.3307125796178344,0,27,None,66,1,5,False,1000,1000
4389,64,weighted,10,0.3231488853503185,0,27,None,66,1,5,False,1000,1000
4390,60,weighted,10,0.1822253184713375,0,16,None,66,1,5,False,1000,1000
4391,61,weighted,10,0.1833200636942675,0,16,None,66,1,5,False,1000,1000
4392,62,weighted,10,0.185609076433121,0,16,None,66,1,5,False,1000,1000
4393,63,weighted,10,0.1877985668789809,0,16,None,66,1,5,False,1000,1000
4394,64,weighted,10,0.1902866242038216,0,16,None,66,1,5,False,1000,1000
4395,60,weighted,10,0.1788415605095541,0,25,None,66,1,5,False,1000,1000
4396,61,weighted,10,0.1771496815286624,0,25,None,66,1,5,False,1000,1000
4397,62,weighted,10,0.1762539808917197,0,25,None,66,1,5,False,1000,1000
4398,63,weighted,10,0.1763535031847133,0,25,None,66,1,5,False,1000,1000
4399,64,weighted,10,0.1775477707006369,0,25,None,66,1,5,False,1000,1000
4400,60,weighted,10,0.1873009554140127,0,3,None,66,1,5,False,1000,1000
4401,61,weighted,10,0.1883957006369426,0,3,None,66,1,5,False,1000,1000
4402,62,weighted,10,0.1913813694267516,0,3,None,66,1,5,False,1000,1000
4403,63,weighted,10,0.1946656050955414,0,3,None,66,1,5,False,1000,1000
4404,64,weighted,10,0.1953622611464968,0,3,None,66,1,5,False,1000,1000
4405,60,weighted,10,0.1736664012738853,0,29,None,66,1,5,False,1000,1000
4406,61,weighted,10,0.1698845541401273,0,29,None,66,1,5,False,1000,1000
4407,62,weighted,10,0.1683917197452229,0,29,None,66,1,5,False,1000,1000
4408,63,weighted,10,0.168093152866242,0,29,None,66,1,5,False,1000,1000
4409,64,weighted,10,0.1693869426751592,0,29,None,66,1,5,False,1000,1000
4410,60,weighted,10,0.2171576433121019,0,6,None,66,1,5,False,1000,1000
4411,61,weighted,10,0.2078025477707006,0,6,None,66,1,5,False,1000,1000
4412,62,weighted,10,0.1945660828025477,0,6,None,66,1,5,False,1000,1000
4413,63,weighted,10,0.1817277070063694,0,6,None,66,1,5,False,1000,1000
4414,64,weighted,10,0.1876990445859872,0,6,None,66,1,5,False,1000,1000
4415,60,weighted,10,0.1779458598726114,0,9,None,66,1,5,False,1000,1000
4416,61,weighted,10,0.1777468152866242,0,9,None,66,1,5,False,1000,1000
4417,62,weighted,10,0.1798367834394904,0,9,None,66,1,5,False,1000,1000
4418,63,weighted,10,0.1821257961783439,0,9,None,66,1,5,False,1000,1000
4419,64,weighted,10,0.1851114649681528,0,9,None,66,1,5,False,1000,1000
4420,60,weighted,10,0.1509753184713375,0,14,None,66,1,5,False,1000,1000
4421,61,weighted,10,0.1467953821656051,0,14,None,66,1,5,False,1000,1000
4422,62,weighted,10,0.1432125796178344,0,14,None,66,1,5,False,1000,1000
4423,63,weighted,10,0.1412221337579617,0,14,None,66,1,5,False,1000,1000
4424,64,weighted,10,0.1398288216560509,0,14,None,66,1,5,False,1000,1000
4425,60,weighted,10,0.1670979299363057,0,22,None,66,1,5,False,1000,1000
4426,61,weighted,10,0.1715764331210191,0,22,None,66,1,5,False,1000,1000
4427,62,weighted,10,0.1739649681528662,0,22,None,66,1,5,False,1000,1000
4428,63,weighted,10,0.1724721337579617,0,22,None,66,1,5,False,1000,1000
4429,64,weighted,10,0.1714769108280254,0,22,None,66,1,5,False,1000,1000
4430,60,weighted,10,0.1457006369426751,0,23,None,66,1,5,False,1000,1000
4431,61,weighted,10,0.1525676751592356,0,23,None,66,1,5,False,1000,1000
4432,62,weighted,10,0.1641122611464968,0,23,None,66,1,5,False,1000,1000
4433,63,weighted,10,0.1849124203821656,0,23,None,66,1,5,False,1000,1000
4434,64,weighted,10,0.1924761146496815,0,23,None,66,1,5,False,1000,1000
4435,60,weighted,10,0.2223328025477707,0,0,None,66,1,5,False,1000,1000
4436,61,weighted,10,0.2290007961783439,0,0,None,66,1,5,False,1000,1000
4437,62,weighted,10,0.242436305732484,0,0,None,66,1,5,False,1000,1000
4438,63,weighted,10,0.2107882165605095,0,0,None,66,1,5,False,1000,1000
4439,64,weighted,10,0.2097929936305732,0,0,None,66,1,5,False,1000,1000
4440,60,weighted,10,0.1838176751592356,0,7,None,66,1,5,False,1000,1000
4441,61,weighted,10,0.181031050955414,0,7,None,66,1,5,False,1000,1000
4442,62,weighted,10,0.1788415605095541,0,7,None,66,1,5,False,1000,1000
4443,63,weighted,10,0.1758558917197452,0,7,None,66,1,5,False,1000,1000
4444,64,weighted,10,0.1736664012738853,0,7,None,66,1,5,False,1000,1000
4445,60,weighted,10,0.2089968152866242,0,4,None,66,1,5,False,1000,1000
4446,61,weighted,10,0.2074044585987261,0,4,None,66,1,5,False,1000,1000
4447,62,weighted,10,0.2051154458598726,0,4,None,66,1,5,False,1000,1000
4448,63,weighted,10,0.2049164012738853,0,4,None,66,1,5,False,1000,1000
4449,64,weighted,10,0.2045183121019108,0,4,None,66,1,5,False,1000,1000
4450,60,weighted,10,0.1846138535031847,0,32,None,66,1,5,False,1000,1000
4451,61,weighted,10,0.1828224522292993,0,32,None,66,1,5,False,1000,1000
4452,62,weighted,10,0.1816281847133758,0,32,None,66,1,5,False,1000,1000
4453,63,weighted,10,0.1805334394904458,0,32,None,66,1,5,False,1000,1000
4454,64,weighted,10,0.1804339171974522,0,32,None,66,1,5,False,1000,1000
4455,65,weighted,10,0.1865047770700637,0,25,None,66,1,5,False,1000,1000
4456,66,weighted,10,0.1896894904458598,0,25,None,66,1,5,False,1000,1000
4457,67,weighted,10,0.192078025477707,0,25,None,66,1,5,False,1000,1000
4458,68,weighted,10,0.195561305732484,0,25,None,66,1,5,False,1000,1000
4459,69,weighted,10,0.198546974522293,0,25,None,66,1,5,False,1000,1000
4460,65,weighted,10,0.3134952229299363,0,24,None,66,1,5,False,1000,1000
4461,66,weighted,10,0.3342953821656051,0,24,None,66,1,5,False,1000,1000
4462,67,weighted,10,0.4038614649681528,0,24,None,66,1,5,False,1000,1000
4463,68,weighted,10,0.3938097133757962,0,24,None,66,1,5,False,1000,1000
4464,69,weighted,10,0.4053542993630573,0,24,None,66,1,5,False,1000,1000
4465,65,weighted,10,0.3999800955414013,0,31,None,66,1,5,False,1000,1000
4466,66,weighted,10,0.4206807324840764,0,31,None,66,1,5,False,1000,1000
4467,67,weighted,10,0.4349124203821656,0,31,None,66,1,5,False,1000,1000
4468,68,weighted,10,0.4476512738853503,0,31,None,66,1,5,False,1000,1000
4469,69,weighted,10,0.4570063694267516,0,31,None,66,1,5,False,1000,1000
4470,65,weighted,10,0.3527070063694267,0,17,None,66,1,5,False,1000,1000
4471,66,weighted,10,0.3225517515923566,0,17,None,66,1,5,False,1000,1000
4472,67,weighted,10,0.2842356687898089,0,17,None,66,1,5,False,1000,1000
4473,68,weighted,10,0.2824442675159235,0,17,None,66,1,5,False,1000,1000
4474,69,weighted,10,0.2966759554140127,0,17,None,66,1,5,False,1000,1000
4475,65,weighted,10,0.1948646496815286,0,26,None,66,1,5,False,1000,1000
4476,66,weighted,10,0.1944665605095541,0,26,None,66,1,5,False,1000,1000
4477,67,weighted,10,0.1943670382165605,0,26,None,66,1,5,False,1000,1000
4478,68,weighted,10,0.1944665605095541,0,26,None,66,1,5,False,1000,1000
4479,69,weighted,10,0.1952627388535031,0,26,None,66,1,5,False,1000,1000
4480,65,weighted,10,0.1902866242038216,0,12,None,66,1,5,False,1000,1000
4481,66,weighted,10,0.1942675159235669,0,12,None,66,1,5,False,1000,1000
4482,67,weighted,10,0.2017316878980891,0,12,None,66,1,5,False,1000,1000
4483,68,weighted,10,0.2249203821656051,0,12,None,66,1,5,False,1000,1000
4484,69,weighted,10,0.2523885350318471,0,12,None,66,1,5,False,1000,1000
4485,65,weighted,10,0.3634554140127388,0,30,None,66,1,5,False,1000,1000
4486,66,weighted,10,0.346437101910828,0,30,None,66,1,5,False,1000,1000
4487,67,weighted,10,0.320859872611465,0,30,None,66,1,5,False,1000,1000
4488,68,weighted,10,0.3097133757961783,0,30,None,66,1,5,False,1000,1000
4489,69,weighted,10,0.309514331210191,0,30,None,66,1,5,False,1000,1000
4490,65,weighted,10,0.1892914012738853,0,7,None,66,1,5,False,1000,1000
4491,66,weighted,10,0.1902866242038216,0,7,None,66,1,5,False,1000,1000
4492,67,weighted,10,0.1919785031847133,0,7,None,66,1,5,False,1000,1000
4493,68,weighted,10,0.1945660828025477,0,7,None,66,1,5,False,1000,1000
4494,69,weighted,10,0.1980493630573248,0,7,None,66,1,5,False,1000,1000
4495,65,weighted,10,0.2147691082802547,0,1,None,66,1,5,False,1000,1000
4496,66,weighted,10,0.2183519108280254,0,1,None,66,1,5,False,1000,1000
4497,67,weighted,10,0.2271098726114649,0,1,None,66,1,5,False,1000,1000
4498,68,weighted,10,0.2576632165605095,0,1,None,66,1,5,False,1000,1000
4499,69,weighted,10,0.2711982484076433,0,1,None,66,1,5,False,1000,1000
4500,65,weighted,10,0.1950636942675159,0,5,None,66,1,5,False,1000,1000
4501,66,weighted,10,0.1954617834394904,0,5,None,66,1,5,False,1000,1000
4502,67,weighted,10,0.2202428343949044,0,5,None,66,1,5,False,1000,1000
4503,68,weighted,10,0.1990445859872611,0,5,None,66,1,5,False,1000,1000
4504,69,weighted,10,0.2021297770700637,0,5,None,66,1,5,False,1000,1000
4505,65,weighted,10,0.1960589171974522,0,9,None,66,1,5,False,1000,1000
4506,66,weighted,10,0.196656050955414,0,9,None,66,1,5,False,1000,1000
4507,67,weighted,10,0.2063097133757961,0,9,None,66,1,5,False,1000,1000
4508,68,weighted,10,0.2552746815286624,0,9,None,66,1,5,False,1000,1000
4509,69,weighted,10,0.1995421974522293,0,9,None,66,1,5,False,1000,1000
4510,65,weighted,10,0.1883957006369426,0,13,None,66,1,5,False,1000,1000
4511,66,weighted,10,0.1919785031847133,0,13,None,66,1,5,False,1000,1000
4512,67,weighted,10,0.1944665605095541,0,13,None,66,1,5,False,1000,1000
4513,68,weighted,10,0.1964570063694267,0,13,None,66,1,5,False,1000,1000
4514,69,weighted,10,0.1977507961783439,0,13,None,66,1,5,False,1000,1000
4515,65,weighted,10,0.2651273885350318,0,21,None,66,1,5,False,1000,1000
4516,66,weighted,10,0.3284235668789809,0,21,None,66,1,5,False,1000,1000
4517,67,weighted,10,0.331608280254777,0,21,None,66,1,5,False,1000,1000
4518,68,weighted,10,0.3492237261146497,0,21,None,66,1,5,False,1000,1000
4519,69,weighted,10,0.3727109872611465,0,21,None,66,1,5,False,1000,1000
4520,65,weighted,10,0.3253383757961783,0,27,None,66,1,5,False,1000,1000
4521,66,weighted,10,0.318968949044586,0,27,None,66,1,5,False,1000,1000
4522,67,weighted,10,0.3183718152866242,0,27,None,66,1,5,False,1000,1000
4523,68,weighted,10,0.3519108280254777,0,27,None,66,1,5,False,1000,1000
4524,69,weighted,10,0.3909235668789809,0,27,None,66,1,5,False,1000,1000
4525,65,weighted,10,0.2080015923566879,0,29,None,66,1,5,False,1000,1000
4526,66,weighted,10,0.2356687898089172,0,29,None,66,1,5,False,1000,1000
4527,67,weighted,10,0.1939689490445859,0,29,None,66,1,5,False,1000,1000
4528,68,weighted,10,0.1964570063694267,0,29,None,66,1,5,False,1000,1000
4529,69,weighted,10,0.2182523885350318,0,29,None,66,1,5,False,1000,1000
4530,65,weighted,10,0.211186305732484,0,16,None,66,1,5,False,1000,1000
4531,66,weighted,10,0.2342754777070063,0,16,None,66,1,5,False,1000,1000
4532,67,weighted,10,0.2455214968152866,0,16,None,66,1,5,False,1000,1000
4533,68,weighted,10,0.229796974522293,0,16,None,66,1,5,False,1000,1000
4534,69,weighted,10,0.2209394904458598,0,16,None,66,1,5,False,1000,1000
4535,65,weighted,10,0.2521894904458598,0,18,None,66,1,5,False,1000,1000
4536,66,weighted,10,0.2884156050955414,0,18,None,66,1,5,False,1000,1000
4537,67,weighted,10,0.3652468152866242,0,18,None,66,1,5,False,1000,1000
4538,68,weighted,10,0.3832603503184713,0,18,None,66,1,5,False,1000,1000
4539,69,weighted,10,0.3883359872611465,0,18,None,66,1,5,False,1000,1000
4540,65,weighted,10,0.2186504777070063,0,19,None,66,1,5,False,1000,1000
4541,66,weighted,10,0.2335788216560509,0,19,None,66,1,5,False,1000,1000
4542,67,weighted,10,0.2616441082802547,0,19,None,66,1,5,False,1000,1000
4543,68,weighted,10,0.3525079617834395,0,19,None,66,1,5,False,1000,1000
4544,69,weighted,10,0.3713176751592357,0,19,None,66,1,5,False,1000,1000
4545,65,weighted,10,0.2550756369426751,0,8,None,66,1,5,False,1000,1000
4546,66,weighted,10,0.2330812101910828,0,8,None,66,1,5,False,1000,1000
4547,67,weighted,10,0.2281050955414012,0,8,None,66,1,5,False,1000,1000
4548,68,weighted,10,0.2318869426751592,0,8,None,66,1,5,False,1000,1000
4549,69,weighted,10,0.2414410828025477,0,8,None,66,1,5,False,1000,1000
4550,65,weighted,10,0.2096934713375796,0,6,None,66,1,5,False,1000,1000
4551,66,weighted,10,0.2115843949044586,0,6,None,66,1,5,False,1000,1000
4552,67,weighted,10,0.232484076433121,0,6,None,66,1,5,False,1000,1000
4553,68,weighted,10,0.2392515923566879,0,6,None,66,1,5,False,1000,1000
4554,69,weighted,10,0.2330812101910828,0,6,None,66,1,5,False,1000,1000
4555,65,weighted,10,0.1874004777070063,0,32,None,66,1,5,False,1000,1000
4556,66,weighted,10,0.1894904458598726,0,32,None,66,1,5,False,1000,1000
4557,67,weighted,10,0.1912818471337579,0,32,None,66,1,5,False,1000,1000
4558,68,weighted,10,0.1946656050955414,0,32,None,66,1,5,False,1000,1000
4559,69,weighted,10,0.2577627388535032,0,32,None,66,1,5,False,1000,1000
4560,65,weighted,10,0.1995421974522293,0,11,None,66,1,5,False,1000,1000
4561,66,weighted,10,0.2028264331210191,0,11,None,66,1,5,False,1000,1000
4562,67,weighted,10,0.2055135350318471,0,11,None,66,1,5,False,1000,1000
4563,68,weighted,10,0.2183519108280254,0,11,None,66,1,5,False,1000,1000
4564,69,weighted,10,0.2457205414012739,0,11,None,66,1,5,False,1000,1000
4565,65,weighted,10,0.1916799363057325,0,10,None,66,1,5,False,1000,1000
4566,66,weighted,10,0.1929737261146497,0,10,None,66,1,5,False,1000,1000
4567,67,weighted,10,0.1950636942675159,0,10,None,66,1,5,False,1000,1000
4568,68,weighted,10,0.1953622611464968,0,10,None,66,1,5,False,1000,1000
4569,69,weighted,10,0.1976512738853503,0,10,None,66,1,5,False,1000,1000
4570,65,weighted,10,0.1959593949044586,0,15,None,66,1,5,False,1000,1000
4571,66,weighted,10,0.1971536624203821,0,15,None,66,1,5,False,1000,1000
4572,67,weighted,10,0.1991441082802547,0,15,None,66,1,5,False,1000,1000
4573,68,weighted,10,0.2000398089171974,0,15,None,66,1,5,False,1000,1000
4574,69,weighted,10,0.2041202229299363,0,15,None,66,1,5,False,1000,1000
4575,65,weighted,10,0.1946656050955414,0,20,None,66,1,5,False,1000,1000
4576,66,weighted,10,0.1940684713375796,0,20,None,66,1,5,False,1000,1000
4577,67,weighted,10,0.1940684713375796,0,20,None,66,1,5,False,1000,1000
4578,68,weighted,10,0.1954617834394904,0,20,None,66,1,5,False,1000,1000
4579,69,weighted,10,0.1987460191082802,0,20,None,66,1,5,False,1000,1000
4580,65,weighted,10,0.15625,0,14,None,66,1,5,False,1000,1000
4581,66,weighted,10,0.1592356687898089,0,14,None,66,1,5,False,1000,1000
4582,67,weighted,10,0.1613256369426751,0,14,None,66,1,5,False,1000,1000
4583,68,weighted,10,0.1649084394904458,0,14,None,66,1,5,False,1000,1000
4584,69,weighted,10,0.1683917197452229,0,14,None,66,1,5,False,1000,1000
4585,65,weighted,10,0.1559514331210191,0,22,None,66,1,5,False,1000,1000
4586,66,weighted,10,0.1587380573248407,0,22,None,66,1,5,False,1000,1000
4587,67,weighted,10,0.1632165605095541,0,22,None,66,1,5,False,1000,1000
4588,68,weighted,10,0.1717754777070063,0,22,None,66,1,5,False,1000,1000
4589,69,weighted,10,0.1939689490445859,0,22,None,66,1,5,False,1000,1000
4590,65,weighted,10,0.2580613057324841,0,23,None,66,1,5,False,1000,1000
4591,66,weighted,10,0.2512937898089172,0,23,None,66,1,5,False,1000,1000
4592,67,weighted,10,0.2155652866242038,0,23,None,66,1,5,False,1000,1000
4593,68,weighted,10,0.2108877388535031,0,23,None,66,1,5,False,1000,1000
4594,69,weighted,10,0.214968152866242,0,23,None,66,1,5,False,1000,1000
4595,65,weighted,10,0.2049164012738853,0,4,None,66,1,5,False,1000,1000
4596,66,weighted,10,0.2059116242038216,0,4,None,66,1,5,False,1000,1000
4597,67,weighted,10,0.2106886942675159,0,4,None,66,1,5,False,1000,1000
4598,68,weighted,10,0.2179538216560509,0,4,None,66,1,5,False,1000,1000
4599,69,weighted,10,0.2377587579617834,0,4,None,66,1,5,False,1000,1000
4600,65,weighted,10,0.2051154458598726,0,2,None,66,1,5,False,1000,1000
4601,66,weighted,10,0.2050159235668789,0,2,None,66,1,5,False,1000,1000
4602,67,weighted,10,0.2067078025477707,0,2,None,66,1,5,False,1000,1000
4603,68,weighted,10,0.2099920382165605,0,2,None,66,1,5,False,1000,1000
4604,69,weighted,10,0.2131767515923567,0,2,None,66,1,5,False,1000,1000
4605,65,weighted,10,0.2808519108280254,0,0,None,66,1,5,False,1000,1000
4606,66,weighted,10,0.2245222929936305,0,0,None,66,1,5,False,1000,1000
4607,67,weighted,10,0.2286027070063694,0,0,None,66,1,5,False,1000,1000
4608,68,weighted,10,0.2406449044585987,0,0,None,66,1,5,False,1000,1000
4609,69,weighted,10,0.2625398089171974,0,0,None,66,1,5,False,1000,1000
4610,65,weighted,10,0.1988455414012739,0,3,None,66,1,5,False,1000,1000
4611,66,weighted,10,0.2022292993630573,0,3,None,66,1,5,False,1000,1000
4612,67,weighted,10,0.2083996815286624,0,3,None,66,1,5,False,1000,1000
4613,68,weighted,10,0.2225318471337579,0,3,None,66,1,5,False,1000,1000
4614,69,weighted,10,0.283140923566879,0,3,None,66,1,5,False,1000,1000
4615,65,weighted,10,0.2169585987261146,0,28,None,66,1,5,False,1000,1000
4616,66,weighted,10,0.2303941082802547,0,28,None,66,1,5,False,1000,1000
4617,67,weighted,10,0.2729896496815286,0,28,None,66,1,5,False,1000,1000
4618,68,weighted,10,0.2291003184713375,0,28,None,66,1,5,False,1000,1000
4619,69,weighted,10,0.2242237261146497,0,28,None,66,1,5,False,1000,1000
4620,70,weighted,10,0.1792396496815286,0,22,None,66,1,5,False,1000,1000
4621,71,weighted,10,0.2258160828025477,0,22,None,66,1,5,False,1000,1000
4622,72,weighted,10,0.1892914012738853,0,22,None,66,1,5,False,1000,1000
4623,73,weighted,10,0.1923765923566879,0,22,None,66,1,5,False,1000,1000
4624,74,weighted,10,0.1957603503184713,0,22,None,66,1,5,False,1000,1000
4625,70,weighted,10,0.1819267515923567,0,14,None,66,1,5,False,1000,1000
4626,71,weighted,10,0.1846138535031847,0,14,None,66,1,5,False,1000,1000
4627,72,weighted,10,0.1897890127388535,0,14,None,66,1,5,False,1000,1000
4628,73,weighted,10,0.1962579617834395,0,14,None,66,1,5,False,1000,1000
4629,74,weighted,10,0.1995421974522293,0,14,None,66,1,5,False,1000,1000
4630,70,weighted,10,0.3128980891719745,0,30,None,66,1,5,False,1000,1000
4631,71,weighted,10,0.3162818471337579,0,30,None,66,1,5,False,1000,1000
4632,72,weighted,10,0.3589769108280254,0,30,None,66,1,5,False,1000,1000
4633,73,weighted,10,0.4054538216560509,0,30,None,66,1,5,False,1000,1000
4634,74,weighted,10,0.4109275477707006,0,30,None,66,1,5,False,1000,1000
4635,70,weighted,10,0.2019307324840764,0,32,None,66,1,5,False,1000,1000
4636,71,weighted,10,0.2098925159235669,0,32,None,66,1,5,False,1000,1000
4637,72,weighted,10,0.2076035031847133,0,32,None,66,1,5,False,1000,1000
4638,73,weighted,10,0.2073049363057325,0,32,None,66,1,5,False,1000,1000
4639,74,weighted,10,0.2125796178343949,0,32,None,66,1,5,False,1000,1000
4640,70,weighted,10,0.2696058917197452,0,1,None,66,1,5,False,1000,1000
4641,71,weighted,10,0.2273089171974522,0,1,None,66,1,5,False,1000,1000
4642,72,weighted,10,0.2299960191082802,0,1,None,66,1,5,False,1000,1000
4643,73,weighted,10,0.2585589171974522,0,1,None,66,1,5,False,1000,1000
4644,74,weighted,10,0.2817476114649681,0,1,None,66,1,5,False,1000,1000
4645,70,weighted,10,0.2239251592356688,0,2,None,66,1,5,False,1000,1000
4646,71,weighted,10,0.2307921974522293,0,2,None,66,1,5,False,1000,1000
4647,72,weighted,10,0.2340764331210191,0,2,None,66,1,5,False,1000,1000
4648,73,weighted,10,0.2390525477707006,0,2,None,66,1,5,False,1000,1000
4649,74,weighted,10,0.2461186305732484,0,2,None,66,1,5,False,1000,1000
4650,70,weighted,10,0.3638535031847134,0,21,None,66,1,5,False,1000,1000
4651,71,weighted,10,0.3842555732484076,0,21,None,66,1,5,False,1000,1000
4652,72,weighted,10,0.3998805732484076,0,21,None,66,1,5,False,1000,1000
4653,73,weighted,10,0.414609872611465,0,21,None,66,1,5,False,1000,1000
4654,74,weighted,10,0.4319267515923566,0,21,None,66,1,5,False,1000,1000
4655,70,weighted,10,0.219546178343949,0,23,None,66,1,5,False,1000,1000
4656,71,weighted,10,0.2874203821656051,0,23,None,66,1,5,False,1000,1000
4657,72,weighted,10,0.2841361464968153,0,23,None,66,1,5,False,1000,1000
4658,73,weighted,10,0.2845342356687898,0,23,None,66,1,5,False,1000,1000
4659,74,weighted,10,0.2891122611464968,0,23,None,66,1,5,False,1000,1000
4660,70,weighted,10,0.2669187898089172,0,28,None,66,1,5,False,1000,1000
4661,71,weighted,10,0.3037420382165605,0,28,None,66,1,5,False,1000,1000
4662,72,weighted,10,0.2826433121019108,0,28,None,66,1,5,False,1000,1000
4663,73,weighted,10,0.2701035031847134,0,28,None,66,1,5,False,1000,1000
4664,74,weighted,10,0.2828423566878981,0,28,None,66,1,5,False,1000,1000
4665,70,weighted,10,0.4148089171974522,0,27,None,66,1,5,False,1000,1000
4666,71,weighted,10,0.4191878980891719,0,27,None,66,1,5,False,1000,1000
4667,72,weighted,10,0.4285429936305732,0,27,None,66,1,5,False,1000,1000
4668,73,weighted,10,0.4404856687898089,0,27,None,66,1,5,False,1000,1000
4669,74,weighted,10,0.4567078025477707,0,27,None,66,1,5,False,1000,1000
4670,70,weighted,10,0.221437101910828,0,29,None,66,1,5,False,1000,1000
4671,71,weighted,10,0.2302945859872611,0,29,None,66,1,5,False,1000,1000
4672,72,weighted,10,0.2776671974522293,0,29,None,66,1,5,False,1000,1000
4673,73,weighted,10,0.2494028662420382,0,29,None,66,1,5,False,1000,1000
4674,74,weighted,10,0.2585589171974522,0,29,None,66,1,5,False,1000,1000
4675,70,weighted,10,0.2167595541401273,0,10,None,66,1,5,False,1000,1000
4676,71,weighted,10,0.3017515923566879,0,10,None,66,1,5,False,1000,1000
4677,72,weighted,10,0.2575636942675159,0,10,None,66,1,5,False,1000,1000
4678,73,weighted,10,0.2595541401273885,0,10,None,66,1,5,False,1000,1000
4679,74,weighted,10,0.2418391719745223,0,10,None,66,1,5,False,1000,1000
4680,70,weighted,10,0.2692078025477707,0,15,None,66,1,5,False,1000,1000
4681,71,weighted,10,0.2717953821656051,0,15,None,66,1,5,False,1000,1000
4682,72,weighted,10,0.2859275477707006,0,15,None,66,1,5,False,1000,1000
4683,73,weighted,10,0.328125,0,15,None,66,1,5,False,1000,1000
4684,74,weighted,10,0.3411624203821656,0,15,None,66,1,5,False,1000,1000
4685,70,weighted,10,0.2129777070063694,0,13,None,66,1,5,False,1000,1000
4686,71,weighted,10,0.2173566878980891,0,13,None,66,1,5,False,1000,1000
4687,72,weighted,10,0.2185509554140127,0,13,None,66,1,5,False,1000,1000
4688,73,weighted,10,0.219546178343949,0,13,None,66,1,5,False,1000,1000
4689,74,weighted,10,0.2224323248407643,0,13,None,66,1,5,False,1000,1000
4690,70,weighted,10,0.2015326433121019,0,26,None,66,1,5,False,1000,1000
4691,71,weighted,10,0.2037221337579617,0,26,None,66,1,5,False,1000,1000
4692,72,weighted,10,0.2070063694267516,0,26,None,66,1,5,False,1000,1000
4693,73,weighted,10,0.2154657643312102,0,26,None,66,1,5,False,1000,1000
4694,74,weighted,10,0.2375597133757961,0,26,None,66,1,5,False,1000,1000
4695,70,weighted,10,0.2700039808917197,0,11,None,66,1,5,False,1000,1000
4696,71,weighted,10,0.3115047770700637,0,11,None,66,1,5,False,1000,1000
4697,72,weighted,10,0.2916998407643312,0,11,None,66,1,5,False,1000,1000
4698,73,weighted,10,0.2538813694267516,0,11,None,66,1,5,False,1000,1000
4699,74,weighted,10,0.2493033439490445,0,11,None,66,1,5,False,1000,1000
4700,70,weighted,10,0.3113057324840764,0,17,None,66,1,5,False,1000,1000
4701,71,weighted,10,0.3725119426751592,0,17,None,66,1,5,False,1000,1000
4702,72,weighted,10,0.4229697452229299,0,17,None,66,1,5,False,1000,1000
4703,73,weighted,10,0.4096337579617834,0,17,None,66,1,5,False,1000,1000
4704,74,weighted,10,0.4074442675159235,0,17,None,66,1,5,False,1000,1000
4705,70,weighted,10,0.3932125796178344,0,24,None,66,1,5,False,1000,1000
4706,71,weighted,10,0.4020700636942675,0,24,None,66,1,5,False,1000,1000
4707,72,weighted,10,0.4174960191082802,0,24,None,66,1,5,False,1000,1000
4708,73,weighted,10,0.4332205414012738,0,24,None,66,1,5,False,1000,1000
4709,74,weighted,10,0.4443670382165605,0,24,None,66,1,5,False,1000,1000
4710,70,weighted,10,0.2151671974522293,0,20,None,66,1,5,False,1000,1000
4711,71,weighted,10,0.21875,0,20,None,66,1,5,False,1000,1000
4712,72,weighted,10,0.226015127388535,0,20,None,66,1,5,False,1000,1000
4713,73,weighted,10,0.2520899681528662,0,20,None,66,1,5,False,1000,1000
4714,74,weighted,10,0.28015525477707,0,20,None,66,1,5,False,1000,1000
4715,70,weighted,10,0.4249601910828025,0,31,None,66,1,5,False,1000,1000
4716,71,weighted,10,0.4402866242038216,0,31,None,66,1,5,False,1000,1000
4717,72,weighted,10,0.4514331210191082,0,31,None,66,1,5,False,1000,1000
4718,73,weighted,10,0.4623805732484076,0,31,None,66,1,5,False,1000,1000
4719,74,weighted,10,0.4721337579617834,0,31,None,66,1,5,False,1000,1000
4720,70,weighted,10,0.2528861464968153,0,9,None,66,1,5,False,1000,1000
4721,71,weighted,10,0.2152667197452229,0,9,None,66,1,5,False,1000,1000
4722,72,weighted,10,0.2215366242038216,0,9,None,66,1,5,False,1000,1000
4723,73,weighted,10,0.2393511146496815,0,9,None,66,1,5,False,1000,1000
4724,74,weighted,10,0.2711982484076433,0,9,None,66,1,5,False,1000,1000
4725,70,weighted,10,0.2228304140127388,0,12,None,66,1,5,False,1000,1000
4726,71,weighted,10,0.2333797770700637,0,12,None,66,1,5,False,1000,1000
4727,72,weighted,10,0.2210390127388535,0,12,None,66,1,5,False,1000,1000
4728,73,weighted,10,0.2372611464968153,0,12,None,66,1,5,False,1000,1000
4729,74,weighted,10,0.2879179936305732,0,12,None,66,1,5,False,1000,1000
4730,70,weighted,10,0.2071058917197452,0,25,None,66,1,5,False,1000,1000
4731,71,weighted,10,0.2096934713375796,0,25,None,66,1,5,False,1000,1000
4732,72,weighted,10,0.2140724522292993,0,25,None,66,1,5,False,1000,1000
4733,73,weighted,10,0.2184514331210191,0,25,None,66,1,5,False,1000,1000
4734,74,weighted,10,0.222233280254777,0,25,None,66,1,5,False,1000,1000
4735,70,weighted,10,0.3937101910828025,0,18,None,66,1,5,False,1000,1000
4736,71,weighted,10,0.3948049363057325,0,18,None,66,1,5,False,1000,1000
4737,72,weighted,10,0.3962977707006369,0,18,None,66,1,5,False,1000,1000
4738,73,weighted,10,0.4003781847133758,0,18,None,66,1,5,False,1000,1000
4739,74,weighted,10,0.4048566878980891,0,18,None,66,1,5,False,1000,1000
4740,70,weighted,10,0.2842356687898089,0,4,None,66,1,5,False,1000,1000
4741,71,weighted,10,0.276671974522293,0,4,None,66,1,5,False,1000,1000
4742,72,weighted,10,0.2574641719745223,0,4,None,66,1,5,False,1000,1000
4743,73,weighted,10,0.2369625796178344,0,4,None,66,1,5,False,1000,1000
4744,74,weighted,10,0.2200437898089172,0,4,None,66,1,5,False,1000,1000
4745,70,weighted,10,0.3744028662420382,0,19,None,66,1,5,False,1000,1000
4746,71,weighted,10,0.3783837579617834,0,19,None,66,1,5,False,1000,1000
4747,72,weighted,10,0.3861464968152866,0,19,None,66,1,5,False,1000,1000
4748,73,weighted,10,0.3962977707006369,0,19,None,66,1,5,False,1000,1000
4749,74,weighted,10,0.4042595541401274,0,19,None,66,1,5,False,1000,1000
4750,70,weighted,10,0.2095939490445859,0,7,None,66,1,5,False,1000,1000
4751,71,weighted,10,0.2136743630573248,0,7,None,66,1,5,False,1000,1000
4752,72,weighted,10,0.2203423566878981,0,7,None,66,1,5,False,1000,1000
4753,73,weighted,10,0.2356687898089172,0,7,None,66,1,5,False,1000,1000
4754,74,weighted,10,0.286624203821656,0,7,None,66,1,5,False,1000,1000
4755,70,weighted,10,0.2842356687898089,0,8,None,66,1,5,False,1000,1000
4756,71,weighted,10,0.3049363057324841,0,8,None,66,1,5,False,1000,1000
4757,72,weighted,10,0.3688296178343949,0,8,None,66,1,5,False,1000,1000
4758,73,weighted,10,0.3936106687898089,0,8,None,66,1,5,False,1000,1000
4759,74,weighted,10,0.4029657643312102,0,8,None,66,1,5,False,1000,1000
4760,70,weighted,10,0.2726910828025478,0,16,None,66,1,5,False,1000,1000
4761,71,weighted,10,0.2621417197452229,0,16,None,66,1,5,False,1000,1000
4762,72,weighted,10,0.2751791401273885,0,16,None,66,1,5,False,1000,1000
4763,73,weighted,10,0.2956807324840764,0,16,None,66,1,5,False,1000,1000
4764,74,weighted,10,0.305234872611465,0,16,None,66,1,5,False,1000,1000
4765,70,weighted,10,0.2964769108280254,0,0,None,66,1,5,False,1000,1000
4766,71,weighted,10,0.2916003184713376,0,0,None,66,1,5,False,1000,1000
4767,72,weighted,10,0.3324044585987261,0,0,None,66,1,5,False,1000,1000
4768,73,weighted,10,0.3444466560509554,0,0,None,66,1,5,False,1000,1000
4769,74,weighted,10,0.3203622611464968,0,0,None,66,1,5,False,1000,1000
4770,70,weighted,10,0.3347929936305732,0,3,None,66,1,5,False,1000,1000
4771,71,weighted,10,0.3828622611464968,0,3,None,66,1,5,False,1000,1000
4772,72,weighted,10,0.3664410828025478,0,3,None,66,1,5,False,1000,1000
4773,73,weighted,10,0.3588773885350318,0,3,None,66,1,5,False,1000,1000
4774,74,weighted,10,0.3644506369426751,0,3,None,66,1,5,False,1000,1000
4775,70,weighted,10,0.2519904458598726,0,5,None,66,1,5,False,1000,1000
4776,71,weighted,10,0.2312898089171974,0,5,None,66,1,5,False,1000,1000
4777,72,weighted,10,0.2457205414012739,0,5,None,66,1,5,False,1000,1000
4778,73,weighted,10,0.278264331210191,0,5,None,66,1,5,False,1000,1000
4779,74,weighted,10,0.2894108280254777,0,5,None,66,1,5,False,1000,1000
4780,70,weighted,10,0.237858280254777,0,6,None,66,1,5,False,1000,1000
4781,71,weighted,10,0.3234474522292994,0,6,None,66,1,5,False,1000,1000
4782,72,weighted,10,0.2680135350318471,0,6,None,66,1,5,False,1000,1000
4783,73,weighted,10,0.2550756369426751,0,6,None,66,1,5,False,1000,1000
4784,74,weighted,10,0.2597531847133758,0,6,None,66,1,5,False,1000,1000
4785,75,weighted,10,0.2988654458598726,0,1,None,66,1,5,False,1000,1000
4786,76,weighted,10,0.3032444267515923,0,1,None,66,1,5,False,1000,1000
4787,77,weighted,10,0.3086186305732484,0,1,None,66,1,5,False,1000,1000
4788,78,weighted,10,0.3332006369426751,0,1,None,66,1,5,False,1000,1000
4789,79,weighted,10,0.3872412420382166,0,1,None,66,1,5,False,1000,1000
4790,75,weighted,10,0.2805533439490446,0,2,None,66,1,5,False,1000,1000
4791,76,weighted,10,0.2886146496815286,0,2,None,66,1,5,False,1000,1000
4792,77,weighted,10,0.2953821656050955,0,2,None,66,1,5,False,1000,1000
4793,78,weighted,10,0.3029458598726114,0,2,None,66,1,5,False,1000,1000
4794,79,weighted,10,0.3467356687898089,0,2,None,66,1,5,False,1000,1000
4795,75,weighted,10,0.3236464968152866,0,0,None,66,1,5,False,1000,1000
4796,76,weighted,10,0.3302149681528662,0,0,None,66,1,5,False,1000,1000
4797,77,weighted,10,0.3450437898089172,0,0,None,66,1,5,False,1000,1000
4798,78,weighted,10,0.3488256369426751,0,0,None,66,1,5,False,1000,1000
4799,79,weighted,10,0.3606687898089172,0,0,None,66,1,5,False,1000,1000
4800,75,weighted,10,0.4230692675159235,0,21,None,66,1,5,False,1000,1000
4801,76,weighted,10,0.4385947452229299,0,21,None,66,1,5,False,1000,1000
4802,77,weighted,10,0.4473527070063694,0,21,None,66,1,5,False,1000,1000
4803,78,weighted,10,0.4552149681528662,0,21,None,66,1,5,False,1000,1000
4804,79,weighted,10,0.4624800955414013,0,21,None,66,1,5,False,1000,1000
4805,75,weighted,10,0.3025477707006369,0,28,None,66,1,5,False,1000,1000
4806,76,weighted,10,0.3421576433121019,0,28,None,66,1,5,False,1000,1000
4807,77,weighted,10,0.3861464968152866,0,28,None,66,1,5,False,1000,1000
4808,78,weighted,10,0.3998805732484076,0,28,None,66,1,5,False,1000,1000
4809,79,weighted,10,0.4025676751592357,0,28,None,66,1,5,False,1000,1000
4810,75,weighted,10,0.3006568471337579,0,23,None,66,1,5,False,1000,1000
4811,76,weighted,10,0.3613654458598726,0,23,None,66,1,5,False,1000,1000
4812,77,weighted,10,0.3901273885350318,0,23,None,66,1,5,False,1000,1000
4813,78,weighted,10,0.3982882165605095,0,23,None,66,1,5,False,1000,1000
4814,79,weighted,10,0.4048566878980891,0,23,None,66,1,5,False,1000,1000
4815,75,weighted,10,0.2432324840764331,0,29,None,66,1,5,False,1000,1000
4816,76,weighted,10,0.2382563694267516,0,29,None,66,1,5,False,1000,1000
4817,77,weighted,10,0.2493033439490445,0,29,None,66,1,5,False,1000,1000
4818,78,weighted,10,0.2689092356687898,0,29,None,66,1,5,False,1000,1000
4819,79,weighted,10,0.2857285031847134,0,29,None,66,1,5,False,1000,1000
4820,75,weighted,10,0.3264331210191082,0,16,None,66,1,5,False,1000,1000
4821,76,weighted,10,0.339968152866242,0,16,None,66,1,5,False,1000,1000
4822,77,weighted,10,0.3514132165605095,0,16,None,66,1,5,False,1000,1000
4823,78,weighted,10,0.3623606687898089,0,16,None,66,1,5,False,1000,1000
4824,79,weighted,10,0.3779856687898089,0,16,None,66,1,5,False,1000,1000
4825,75,weighted,10,0.2916998407643312,0,32,None,66,1,5,False,1000,1000
4826,76,weighted,10,0.2952826433121019,0,32,None,66,1,5,False,1000,1000
4827,77,weighted,10,0.2818471337579618,0,32,None,66,1,5,False,1000,1000
4828,78,weighted,10,0.2633359872611465,0,32,None,66,1,5,False,1000,1000
4829,79,weighted,10,0.2550756369426751,0,32,None,66,1,5,False,1000,1000
4830,75,weighted,10,0.3006568471337579,0,15,None,66,1,5,False,1000,1000
4831,76,weighted,10,0.296875,0,15,None,66,1,5,False,1000,1000
4832,77,weighted,10,0.3010549363057325,0,15,None,66,1,5,False,1000,1000
4833,78,weighted,10,0.3057324840764331,0,15,None,66,1,5,False,1000,1000
4834,79,weighted,10,0.3100119426751592,0,15,None,66,1,5,False,1000,1000
4835,75,weighted,10,0.2829418789808917,0,10,None,66,1,5,False,1000,1000
4836,76,weighted,10,0.2815485668789809,0,10,None,66,1,5,False,1000,1000
4837,77,weighted,10,0.2945859872611465,0,10,None,66,1,5,False,1000,1000
4838,78,weighted,10,0.3089171974522293,0,10,None,66,1,5,False,1000,1000
4839,79,weighted,10,0.3203622611464968,0,10,None,66,1,5,False,1000,1000
4840,75,weighted,10,0.2622412420382166,0,13,None,66,1,5,False,1000,1000
4841,76,weighted,10,0.2535828025477707,0,13,None,66,1,5,False,1000,1000
4842,77,weighted,10,0.2514928343949044,0,13,None,66,1,5,False,1000,1000
4843,78,weighted,10,0.2555732484076433,0,13,None,66,1,5,False,1000,1000
4844,79,weighted,10,0.2687101910828025,0,13,None,66,1,5,False,1000,1000
4845,75,weighted,10,0.3044386942675159,0,25,None,66,1,5,False,1000,1000
4846,76,weighted,10,0.2978702229299363,0,25,None,66,1,5,False,1000,1000
4847,77,weighted,10,0.2810509554140127,0,25,None,66,1,5,False,1000,1000
4848,78,weighted,10,0.2719944267515923,0,25,None,66,1,5,False,1000,1000
4849,79,weighted,10,0.2947850318471338,0,25,None,66,1,5,False,1000,1000
4850,75,weighted,10,0.3291202229299363,0,11,None,66,1,5,False,1000,1000
4851,76,weighted,10,0.3450437898089172,0,11,None,66,1,5,False,1000,1000
4852,77,weighted,10,0.3423566878980891,0,11,None,66,1,5,False,1000,1000
4853,78,weighted,10,0.3424562101910828,0,11,None,66,1,5,False,1000,1000
4854,79,weighted,10,0.3459394904458598,0,11,None,66,1,5,False,1000,1000
4855,75,weighted,10,0.4125199044585987,0,17,None,66,1,5,False,1000,1000
4856,76,weighted,10,0.4184912420382166,0,17,None,66,1,5,False,1000,1000
4857,77,weighted,10,0.4258558917197452,0,17,None,66,1,5,False,1000,1000
4858,78,weighted,10,0.4316281847133758,0,17,None,66,1,5,False,1000,1000
4859,79,weighted,10,0.4425756369426751,0,17,None,66,1,5,False,1000,1000
4860,75,weighted,10,0.4293391719745223,0,24,None,66,1,5,False,1000,1000
4861,76,weighted,10,0.4419785031847134,0,24,None,66,1,5,False,1000,1000
4862,77,weighted,10,0.4527269108280254,0,24,None,66,1,5,False,1000,1000
4863,78,weighted,10,0.4593949044585987,0,24,None,66,1,5,False,1000,1000
4864,79,weighted,10,0.4618829617834395,0,24,None,66,1,5,False,1000,1000
4865,75,weighted,10,0.3993829617834395,0,8,None,66,1,5,False,1000,1000
4866,76,weighted,10,0.3975915605095541,0,8,None,66,1,5,False,1000,1000
4867,77,weighted,10,0.3984872611464968,0,8,None,66,1,5,False,1000,1000
4868,78,weighted,10,0.395999203821656,0,8,None,66,1,5,False,1000,1000
4869,79,weighted,10,0.3993829617834395,0,8,None,66,1,5,False,1000,1000
4870,75,weighted,10,0.4058519108280254,0,18,None,66,1,5,False,1000,1000
4871,76,weighted,10,0.4113256369426751,0,18,None,66,1,5,False,1000,1000
4872,77,weighted,10,0.4138136942675159,0,18,None,66,1,5,False,1000,1000
4873,78,weighted,10,0.4186902866242038,0,18,None,66,1,5,False,1000,1000
4874,79,weighted,10,0.4233678343949044,0,18,None,66,1,5,False,1000,1000
4875,75,weighted,10,0.4525278662420382,0,31,None,66,1,5,False,1000,1000
4876,76,weighted,10,0.4626791401273885,0,31,None,66,1,5,False,1000,1000
4877,77,weighted,10,0.4721337579617834,0,31,None,66,1,5,False,1000,1000
4878,78,weighted,10,0.4842754777070063,0,31,None,66,1,5,False,1000,1000
4879,79,weighted,10,0.4953224522292994,0,31,None,66,1,5,False,1000,1000
4880,75,weighted,10,0.401671974522293,0,19,None,66,1,5,False,1000,1000
4881,76,weighted,10,0.4086385350318471,0,19,None,66,1,5,False,1000,1000
4882,77,weighted,10,0.4142117834394904,0,19,None,66,1,5,False,1000,1000
4883,78,weighted,10,0.4195859872611465,0,19,None,66,1,5,False,1000,1000
4884,79,weighted,10,0.4205812101910828,0,19,None,66,1,5,False,1000,1000
4885,75,weighted,10,0.250796178343949,0,20,None,66,1,5,False,1000,1000
4886,76,weighted,10,0.2780652866242038,0,20,None,66,1,5,False,1000,1000
4887,77,weighted,10,0.3156847133757962,0,20,None,66,1,5,False,1000,1000
4888,78,weighted,10,0.3715167197452229,0,20,None,66,1,5,False,1000,1000
4889,79,weighted,10,0.3827627388535032,0,20,None,66,1,5,False,1000,1000
4890,75,weighted,10,0.3544984076433121,0,3,None,66,1,5,False,1000,1000
4891,76,weighted,10,0.3404657643312102,0,3,None,66,1,5,False,1000,1000
4892,77,weighted,10,0.3486265923566879,0,3,None,66,1,5,False,1000,1000
4893,78,weighted,10,0.3697253184713376,0,3,None,66,1,5,False,1000,1000
4894,79,weighted,10,0.3946058917197452,0,3,None,66,1,5,False,1000,1000
4895,75,weighted,10,0.2727906050955414,0,5,None,66,1,5,False,1000,1000
4896,76,weighted,10,0.2920979299363057,0,5,None,66,1,5,False,1000,1000
4897,77,weighted,10,0.3172770700636942,0,5,None,66,1,5,False,1000,1000
4898,78,weighted,10,0.3348925159235669,0,5,None,66,1,5,False,1000,1000
4899,79,weighted,10,0.3500199044585987,0,5,None,66,1,5,False,1000,1000
4900,75,weighted,10,0.2218351910828025,0,4,None,66,1,5,False,1000,1000
4901,76,weighted,10,0.2226313694267516,0,4,None,66,1,5,False,1000,1000
4902,77,weighted,10,0.2234275477707006,0,4,None,66,1,5,False,1000,1000
4903,78,weighted,10,0.2298964968152866,0,4,None,66,1,5,False,1000,1000
4904,79,weighted,10,0.2506966560509554,0,4,None,66,1,5,False,1000,1000
4905,75,weighted,10,0.3198646496815286,0,7,None,66,1,5,False,1000,1000
4906,76,weighted,10,0.338077229299363,0,7,None,66,1,5,False,1000,1000
4907,77,weighted,10,0.3613654458598726,0,7,None,66,1,5,False,1000,1000
4908,78,weighted,10,0.356389331210191,0,7,None,66,1,5,False,1000,1000
4909,79,weighted,10,0.341859076433121,0,7,None,66,1,5,False,1000,1000
4910,75,weighted,10,0.4136146496815286,0,30,None,66,1,5,False,1000,1000
4911,76,weighted,10,0.4152070063694267,0,30,None,66,1,5,False,1000,1000
4912,77,weighted,10,0.4190883757961783,0,30,None,66,1,5,False,1000,1000
4913,78,weighted,10,0.4255573248407643,0,30,None,66,1,5,False,1000,1000
4914,79,weighted,10,0.4330214968152866,0,30,None,66,1,5,False,1000,1000
4915,75,weighted,10,0.4682523885350318,0,27,None,66,1,5,False,1000,1000
4916,76,weighted,10,0.4946257961783439,0,27,None,66,1,5,False,1000,1000
4917,77,weighted,10,0.5022890127388535,0,27,None,66,1,5,False,1000,1000
4918,78,weighted,10,0.5085589171974523,0,27,None,66,1,5,False,1000,1000
4919,79,weighted,10,0.5128383757961783,0,27,None,66,1,5,False,1000,1000
4920,75,weighted,10,0.3524084394904458,0,26,None,66,1,5,False,1000,1000
4921,76,weighted,10,0.340764331210191,0,26,None,66,1,5,False,1000,1000
4922,77,weighted,10,0.3165804140127388,0,26,None,66,1,5,False,1000,1000
4923,78,weighted,10,0.2970740445859872,0,26,None,66,1,5,False,1000,1000
4924,79,weighted,10,0.292296974522293,0,26,None,66,1,5,False,1000,1000
4925,75,weighted,10,0.3210589171974522,0,12,None,66,1,5,False,1000,1000
4926,76,weighted,10,0.3028463375796178,0,12,None,66,1,5,False,1000,1000
4927,77,weighted,10,0.352906050955414,0,12,None,66,1,5,False,1000,1000
4928,78,weighted,10,0.3633558917197452,0,12,None,66,1,5,False,1000,1000
4929,79,weighted,10,0.3595740445859872,0,12,None,66,1,5,False,1000,1000
4930,75,weighted,10,0.2818471337579618,0,9,None,66,1,5,False,1000,1000
4931,76,weighted,10,0.272093949044586,0,9,None,66,1,5,False,1000,1000
4932,77,weighted,10,0.3056329617834395,0,9,None,66,1,5,False,1000,1000
4933,78,weighted,10,0.354796974522293,0,9,None,66,1,5,False,1000,1000
4934,79,weighted,10,0.35828025477707,0,9,None,66,1,5,False,1000,1000
4935,75,weighted,10,0.3026472929936306,0,6,None,66,1,5,False,1000,1000
4936,76,weighted,10,0.2714968152866242,0,6,None,66,1,5,False,1000,1000
4937,77,weighted,10,0.2420382165605095,0,6,None,66,1,5,False,1000,1000
4938,78,weighted,10,0.2417396496815286,0,6,None,66,1,5,False,1000,1000
4939,79,weighted,10,0.2478105095541401,0,6,None,66,1,5,False,1000,1000
4940,75,weighted,10,0.2070063694267516,0,14,None,66,1,5,False,1000,1000
4941,76,weighted,10,0.2119824840764331,0,14,None,66,1,5,False,1000,1000
4942,77,weighted,10,0.2199442675159235,0,14,None,66,1,5,False,1000,1000
4943,78,weighted,10,0.2310907643312102,0,14,None,66,1,5,False,1000,1000
4944,79,weighted,10,0.2476114649681528,0,14,None,66,1,5,False,1000,1000
4945,75,weighted,10,0.2132762738853503,0,22,None,66,1,5,False,1000,1000
4946,76,weighted,10,0.2097929936305732,0,22,None,66,1,5,False,1000,1000
4947,77,weighted,10,0.2108877388535031,0,22,None,66,1,5,False,1000,1000
4948,78,weighted,10,0.2140724522292993,0,22,None,66,1,5,False,1000,1000
4949,79,weighted,10,0.2200437898089172,0,22,None,66,1,5,False,1000,1000
6600,80,weighted,10,0.4053542993630573,0,1,None,66,1,5,False,1000,1000
6601,81,weighted,10,0.4115246815286624,0,1,None,66,1,5,False,1000,1000
6602,82,weighted,10,0.4177945859872611,0,1,None,66,1,5,False,1000,1000
6603,83,weighted,10,0.4244625796178344,0,1,None,66,1,5,False,1000,1000
6604,84,weighted,10,0.4263535031847134,0,1,None,66,1,5,False,1000,1000
6605,80,weighted,10,0.398984872611465,0,2,None,66,1,5,False,1000,1000
6606,81,weighted,10,0.4252587579617834,0,2,None,66,1,5,False,1000,1000
6607,82,weighted,10,0.4436703821656051,0,2,None,66,1,5,False,1000,1000
6608,83,weighted,10,0.4571058917197452,0,2,None,66,1,5,False,1000,1000
6609,84,weighted,10,0.4636743630573248,0,2,None,66,1,5,False,1000,1000
6610,80,weighted,10,0.3789808917197452,0,5,None,66,1,5,False,1000,1000
6611,81,weighted,10,0.3910230891719745,0,5,None,66,1,5,False,1000,1000
6612,82,weighted,10,0.4034633757961783,0,5,None,66,1,5,False,1000,1000
6613,83,weighted,10,0.4126194267515923,0,5,None,66,1,5,False,1000,1000
6614,84,weighted,10,0.42078025477707,0,5,None,66,1,5,False,1000,1000
6615,80,weighted,10,0.401671974522293,0,13,None,66,1,5,False,1000,1000
6616,81,weighted,10,0.4115246815286624,0,13,None,66,1,5,False,1000,1000
6617,82,weighted,10,0.4221735668789809,0,13,None,66,1,5,False,1000,1000
6618,83,weighted,10,0.4397890127388535,0,13,None,66,1,5,False,1000,1000
6619,84,weighted,10,0.4659633757961783,0,13,None,66,1,5,False,1000,1000
6620,80,weighted,10,0.3546974522292994,0,15,None,66,1,5,False,1000,1000
6621,81,weighted,10,0.3672372611464968,0,15,None,66,1,5,False,1000,1000
6622,82,weighted,10,0.3796775477707006,0,15,None,66,1,5,False,1000,1000
6623,83,weighted,10,0.3892316878980891,0,15,None,66,1,5,False,1000,1000
6624,84,weighted,10,0.3969944267515923,0,15,None,66,1,5,False,1000,1000
6625,80,weighted,10,0.3796775477707006,0,16,None,66,1,5,False,1000,1000
6626,81,weighted,10,0.4015724522292994,0,16,None,66,1,5,False,1000,1000
6627,82,weighted,10,0.4397890127388535,0,16,None,66,1,5,False,1000,1000
6628,83,weighted,10,0.4745222929936306,0,16,None,66,1,5,False,1000,1000
6629,84,weighted,10,0.4834792993630573,0,16,None,66,1,5,False,1000,1000
6630,80,weighted,10,0.3749004777070063,0,11,None,66,1,5,False,1000,1000
6631,81,weighted,10,0.3764928343949044,0,11,None,66,1,5,False,1000,1000
6632,82,weighted,10,0.3781847133757962,0,11,None,66,1,5,False,1000,1000
6633,83,weighted,10,0.3706210191082802,0,11,None,66,1,5,False,1000,1000
6634,84,weighted,10,0.3730095541401274,0,11,None,66,1,5,False,1000,1000
6635,80,weighted,10,0.4524283439490446,0,17,None,66,1,5,False,1000,1000
6636,81,weighted,10,0.4660628980891719,0,17,None,66,1,5,False,1000,1000
6637,82,weighted,10,0.4744227707006369,0,17,None,66,1,5,False,1000,1000
6638,83,weighted,10,0.478702229299363,0,17,None,66,1,5,False,1000,1000
6639,84,weighted,10,0.4841759554140127,0,17,None,66,1,5,False,1000,1000
6640,80,weighted,10,0.3100119426751592,0,26,None,66,1,5,False,1000,1000
6641,81,weighted,10,0.3142914012738853,0,26,None,66,1,5,False,1000,1000
6642,82,weighted,10,0.3227507961783439,0,26,None,66,1,5,False,1000,1000
6643,83,weighted,10,0.3356886942675159,0,26,None,66,1,5,False,1000,1000
6644,84,weighted,10,0.3497213375796178,0,26,None,66,1,5,False,1000,1000
6645,80,weighted,10,0.3594745222929936,0,12,None,66,1,5,False,1000,1000
6646,81,weighted,10,0.3773885350318471,0,12,None,66,1,5,False,1000,1000
6647,82,weighted,10,0.3934116242038216,0,12,None,66,1,5,False,1000,1000
6648,83,weighted,10,0.4071457006369426,0,12,None,66,1,5,False,1000,1000
6649,84,weighted,10,0.4200835987261146,0,12,None,66,1,5,False,1000,1000
6650,80,weighted,10,0.4588972929936306,0,24,None,66,1,5,False,1000,1000
6651,81,weighted,10,0.4621815286624204,0,24,None,66,1,5,False,1000,1000
6652,82,weighted,10,0.4650676751592357,0,24,None,66,1,5,False,1000,1000
6653,83,weighted,10,0.471437101910828,0,24,None,66,1,5,False,1000,1000
6654,84,weighted,10,0.4781050955414013,0,24,None,66,1,5,False,1000,1000
6655,80,weighted,10,0.4012738853503185,0,28,None,66,1,5,False,1000,1000
6656,81,weighted,10,0.4282444267515923,0,28,None,66,1,5,False,1000,1000
6657,82,weighted,10,0.4644705414012738,0,28,None,66,1,5,False,1000,1000
6658,83,weighted,10,0.456608280254777,0,28,None,66,1,5,False,1000,1000
6659,84,weighted,10,0.433718152866242,0,28,None,66,1,5,False,1000,1000
6660,80,weighted,10,0.4319267515923566,0,30,None,66,1,5,False,1000,1000
6661,81,weighted,10,0.4408837579617834,0,30,None,66,1,5,False,1000,1000
6662,82,weighted,10,0.4488455414012738,0,30,None,66,1,5,False,1000,1000
6663,83,weighted,10,0.4575039808917197,0,30,None,66,1,5,False,1000,1000
6664,84,weighted,10,0.4648686305732484,0,30,None,66,1,5,False,1000,1000
6665,80,weighted,10,0.4781050955414013,0,31,None,66,1,5,False,1000,1000
6666,81,weighted,10,0.4900477707006369,0,31,None,66,1,5,False,1000,1000
6667,82,weighted,10,0.5014928343949044,0,31,None,66,1,5,False,1000,1000
6668,83,weighted,10,0.5126393312101911,0,31,None,66,1,5,False,1000,1000
6669,84,weighted,10,0.5231886942675159,0,31,None,66,1,5,False,1000,1000
6670,80,weighted,10,0.4983081210191082,0,27,None,66,1,5,False,1000,1000
6671,81,weighted,10,0.5125398089171974,0,27,None,66,1,5,False,1000,1000
6672,82,weighted,10,0.5181130573248408,0,27,None,66,1,5,False,1000,1000
6673,83,weighted,10,0.5200039808917197,0,27,None,66,1,5,False,1000,1000
6674,84,weighted,10,0.5217953821656051,0,27,None,66,1,5,False,1000,1000
6675,80,weighted,10,0.3354896496815286,0,7,None,66,1,5,False,1000,1000
6676,81,weighted,10,0.3421576433121019,0,7,None,66,1,5,False,1000,1000
6677,82,weighted,10,0.3467356687898089,0,7,None,66,1,5,False,1000,1000
6678,83,weighted,10,0.3549960191082802,0,7,None,66,1,5,False,1000,1000
6679,84,weighted,10,0.3606687898089172,0,7,None,66,1,5,False,1000,1000
6680,80,weighted,10,0.3288216560509554,0,6,None,66,1,5,False,1000,1000
6681,81,weighted,10,0.3305135350318471,0,6,None,66,1,5,False,1000,1000
6682,82,weighted,10,0.3373805732484076,0,6,None,66,1,5,False,1000,1000
6683,83,weighted,10,0.3422571656050955,0,6,None,66,1,5,False,1000,1000
6684,84,weighted,10,0.3481289808917197,0,6,None,66,1,5,False,1000,1000
6685,80,weighted,10,0.356389331210191,0,4,None,66,1,5,False,1000,1000
6686,81,weighted,10,0.3703224522292994,0,4,None,66,1,5,False,1000,1000
6687,82,weighted,10,0.3893312101910828,0,4,None,66,1,5,False,1000,1000
6688,83,weighted,10,0.4000796178343949,0,4,None,66,1,5,False,1000,1000
6689,84,weighted,10,0.4061504777070063,0,4,None,66,1,5,False,1000,1000
6690,80,weighted,10,0.3938097133757962,0,20,None,66,1,5,False,1000,1000
6691,81,weighted,10,0.3990843949044586,0,20,None,66,1,5,False,1000,1000
6692,82,weighted,10,0.4053542993630573,0,20,None,66,1,5,False,1000,1000
6693,83,weighted,10,0.4104299363057325,0,20,None,66,1,5,False,1000,1000
6694,84,weighted,10,0.4166998407643312,0,20,None,66,1,5,False,1000,1000
6695,80,weighted,10,0.3449442675159235,0,10,None,66,1,5,False,1000,1000
6696,81,weighted,10,0.3516122611464968,0,10,None,66,1,5,False,1000,1000
6697,82,weighted,10,0.3682324840764331,0,10,None,66,1,5,False,1000,1000
6698,83,weighted,10,0.3821656050955414,0,10,None,66,1,5,False,1000,1000
6699,84,weighted,10,0.3963972929936306,0,10,None,66,1,5,False,1000,1000
6700,80,weighted,10,0.2790605095541401,0,22,None,66,1,5,False,1000,1000
6701,81,weighted,10,0.2916998407643312,0,22,None,66,1,5,False,1000,1000
6702,82,weighted,10,0.3753980891719745,0,22,None,66,1,5,False,1000,1000
6703,83,weighted,10,0.3831608280254777,0,22,None,66,1,5,False,1000,1000
6704,84,weighted,10,0.3825636942675159,0,22,None,66,1,5,False,1000,1000
6705,80,weighted,10,0.4061504777070063,0,23,None,66,1,5,False,1000,1000
6706,81,weighted,10,0.4149084394904458,0,23,None,66,1,5,False,1000,1000
6707,82,weighted,10,0.4216759554140127,0,23,None,66,1,5,False,1000,1000
6708,83,weighted,10,0.4267515923566879,0,23,None,66,1,5,False,1000,1000
6709,84,weighted,10,0.4303343949044586,0,23,None,66,1,5,False,1000,1000
6710,80,weighted,10,0.2825437898089172,0,32,None,66,1,5,False,1000,1000
6711,81,weighted,10,0.2873208598726114,0,32,None,66,1,5,False,1000,1000
6712,82,weighted,10,0.2964769108280254,0,32,None,66,1,5,False,1000,1000
6713,83,weighted,10,0.340764331210191,0,32,None,66,1,5,False,1000,1000
6714,84,weighted,10,0.3942078025477707,0,32,None,66,1,5,False,1000,1000
6715,80,weighted,10,0.2833399681528662,0,14,None,66,1,5,False,1000,1000
6716,81,weighted,10,0.293093152866242,0,14,None,66,1,5,False,1000,1000
6717,82,weighted,10,0.3029458598726114,0,14,None,66,1,5,False,1000,1000
6718,83,weighted,10,0.3133957006369426,0,14,None,66,1,5,False,1000,1000
6719,84,weighted,10,0.3241441082802547,0,14,None,66,1,5,False,1000,1000
6720,80,weighted,10,0.323546974522293,0,25,None,66,1,5,False,1000,1000
6721,81,weighted,10,0.3392714968152866,0,25,None,66,1,5,False,1000,1000
6722,82,weighted,10,0.3441480891719745,0,25,None,66,1,5,False,1000,1000
6723,83,weighted,10,0.3509156050955414,0,25,None,66,1,5,False,1000,1000
6724,84,weighted,10,0.3577826433121019,0,25,None,66,1,5,False,1000,1000
6725,80,weighted,10,0.3847531847133758,0,3,None,66,1,5,False,1000,1000
6726,81,weighted,10,0.4104299363057325,0,3,None,66,1,5,False,1000,1000
6727,82,weighted,10,0.4279458598726114,0,3,None,66,1,5,False,1000,1000
6728,83,weighted,10,0.4403861464968153,0,3,None,66,1,5,False,1000,1000
6729,84,weighted,10,0.450139331210191,0,3,None,66,1,5,False,1000,1000
6730,80,weighted,10,0.3981886942675159,0,8,None,66,1,5,False,1000,1000
6731,81,weighted,10,0.4020700636942675,0,8,None,66,1,5,False,1000,1000
6732,82,weighted,10,0.4068471337579618,0,8,None,66,1,5,False,1000,1000
6733,83,weighted,10,0.4112261146496815,0,8,None,66,1,5,False,1000,1000
6734,84,weighted,10,0.4136146496815286,0,8,None,66,1,5,False,1000,1000
6735,80,weighted,10,0.4301353503184713,0,18,None,66,1,5,False,1000,1000
6736,81,weighted,10,0.4352109872611465,0,18,None,66,1,5,False,1000,1000
6737,82,weighted,10,0.4375995222929936,0,18,None,66,1,5,False,1000,1000
6738,83,weighted,10,0.4396894904458598,0,18,None,66,1,5,False,1000,1000
6739,84,weighted,10,0.4422770700636942,0,18,None,66,1,5,False,1000,1000
6740,80,weighted,10,0.4216759554140127,0,19,None,66,1,5,False,1000,1000
6741,81,weighted,10,0.4223726114649681,0,19,None,66,1,5,False,1000,1000
6742,82,weighted,10,0.4239649681528662,0,19,None,66,1,5,False,1000,1000
6743,83,weighted,10,0.4240644904458598,0,19,None,66,1,5,False,1000,1000
6744,84,weighted,10,0.4248606687898089,0,19,None,66,1,5,False,1000,1000
6745,80,weighted,10,0.4572054140127388,0,21,None,66,1,5,False,1000,1000
6746,81,weighted,10,0.4635748407643312,0,21,None,66,1,5,False,1000,1000
6747,82,weighted,10,0.4647691082802547,0,21,None,66,1,5,False,1000,1000
6748,83,weighted,10,0.4692476114649681,0,21,None,66,1,5,False,1000,1000
6749,84,weighted,10,0.4716361464968153,0,21,None,66,1,5,False,1000,1000
6750,80,weighted,10,0.364749203821656,0,9,None,66,1,5,False,1000,1000
6751,81,weighted,10,0.3760947452229299,0,9,None,66,1,5,False,1000,1000
6752,82,weighted,10,0.3848527070063694,0,9,None,66,1,5,False,1000,1000
6753,83,weighted,10,0.4045581210191082,0,9,None,66,1,5,False,1000,1000
6754,84,weighted,10,0.4175955414012738,0,9,None,66,1,5,False,1000,1000
6755,80,weighted,10,0.3430533439490446,0,29,None,66,1,5,False,1000,1000
6756,81,weighted,10,0.3541998407643312,0,29,None,66,1,5,False,1000,1000
6757,82,weighted,10,0.3627587579617834,0,29,None,66,1,5,False,1000,1000
6758,83,weighted,10,0.3719148089171974,0,29,None,66,1,5,False,1000,1000
6759,84,weighted,10,0.3802746815286624,0,29,None,66,1,5,False,1000,1000
6760,80,weighted,10,0.367734872611465,0,0,None,66,1,5,False,1000,1000
6761,81,weighted,10,0.3732085987261146,0,0,None,66,1,5,False,1000,1000
6762,82,weighted,10,0.3767914012738853,0,0,None,66,1,5,False,1000,1000
6763,83,weighted,10,0.3798765923566879,0,0,None,66,1,5,False,1000,1000
6764,84,weighted,10,0.384952229299363,0,0,None,66,1,5,False,1000,1000
6765,85,weighted,10,0.3951035031847134,0,14,None,66,1,5,False,1000,1000
6766,86,weighted,10,0.3955015923566879,0,14,None,66,1,5,False,1000,1000
6767,87,weighted,10,0.3955015923566879,0,14,None,66,1,5,False,1000,1000
6768,88,weighted,10,0.3973925159235669,0,14,None,66,1,5,False,1000,1000
6769,89,weighted,10,0.3988853503184713,0,14,None,66,1,5,False,1000,1000
6770,85,weighted,10,0.4007762738853503,0,25,None,66,1,5,False,1000,1000
6771,86,weighted,10,0.4206807324840764,0,25,None,66,1,5,False,1000,1000
6772,87,weighted,10,0.4342157643312102,0,25,None,66,1,5,False,1000,1000
6773,88,weighted,10,0.444765127388535,0,25,None,66,1,5,False,1000,1000
6774,89,weighted,10,0.453125,0,25,None,66,1,5,False,1000,1000
6775,85,weighted,10,0.4189888535031847,0,29,None,66,1,5,False,1000,1000
6776,86,weighted,10,0.4233678343949044,0,29,None,66,1,5,False,1000,1000
6777,87,weighted,10,0.4286425159235669,0,29,None,66,1,5,False,1000,1000
6778,88,weighted,10,0.4321257961783439,0,29,None,66,1,5,False,1000,1000
6779,89,weighted,10,0.4340167197452229,0,29,None,66,1,5,False,1000,1000
6780,85,weighted,10,0.3856488853503185,0,26,None,66,1,5,False,1000,1000
6781,86,weighted,10,0.394108280254777,0,26,None,66,1,5,False,1000,1000
6782,87,weighted,10,0.4019705414012738,0,26,None,66,1,5,False,1000,1000
6783,88,weighted,10,0.40625,0,26,None,66,1,5,False,1000,1000
6784,89,weighted,10,0.4122213375796178,0,26,None,66,1,5,False,1000,1000
6785,85,weighted,10,0.4287420382165605,0,1,None,66,1,5,False,1000,1000
6786,86,weighted,10,0.4313296178343949,0,1,None,66,1,5,False,1000,1000
6787,87,weighted,10,0.4334195859872611,0,1,None,66,1,5,False,1000,1000
6788,88,weighted,10,0.4349124203821656,0,1,None,66,1,5,False,1000,1000
6789,89,weighted,10,0.439390923566879,0,1,None,66,1,5,False,1000,1000
6790,85,weighted,10,0.477109872611465,0,2,None,66,1,5,False,1000,1000
6791,86,weighted,10,0.4801950636942675,0,2,None,66,1,5,False,1000,1000
6792,87,weighted,10,0.482484076433121,0,2,None,66,1,5,False,1000,1000
6793,88,weighted,10,0.4830812101910828,0,2,None,66,1,5,False,1000,1000
6794,89,weighted,10,0.4835788216560509,0,2,None,66,1,5,False,1000,1000
6795,85,weighted,10,0.381468949044586,0,7,None,66,1,5,False,1000,1000
6796,86,weighted,10,0.3870421974522293,0,7,None,66,1,5,False,1000,1000
6797,87,weighted,10,0.3926154458598726,0,7,None,66,1,5,False,1000,1000
6798,88,weighted,10,0.398984872611465,0,7,None,66,1,5,False,1000,1000
6799,89,weighted,10,0.4055533439490446,0,7,None,66,1,5,False,1000,1000
6800,85,weighted,10,0.4301353503184713,0,9,None,66,1,5,False,1000,1000
6801,86,weighted,10,0.4379976114649681,0,9,None,66,1,5,False,1000,1000
6802,87,weighted,10,0.4435708598726114,0,9,None,66,1,5,False,1000,1000
6803,88,weighted,10,0.4564092356687898,0,9,None,66,1,5,False,1000,1000
6804,89,weighted,10,0.464968152866242,0,9,None,66,1,5,False,1000,1000
6805,85,weighted,10,0.4191878980891719,0,15,None,66,1,5,False,1000,1000
6806,86,weighted,10,0.422671178343949,0,15,None,66,1,5,False,1000,1000
6807,87,weighted,10,0.4246616242038216,0,15,None,66,1,5,False,1000,1000
6808,88,weighted,10,0.4275477707006369,0,15,None,66,1,5,False,1000,1000
6809,89,weighted,10,0.4312300955414013,0,15,None,66,1,5,False,1000,1000
6810,85,weighted,10,0.3865445859872611,0,11,None,66,1,5,False,1000,1000
6811,86,weighted,10,0.3894307324840764,0,11,None,66,1,5,False,1000,1000
6812,87,weighted,10,0.3901273885350318,0,11,None,66,1,5,False,1000,1000
6813,88,weighted,10,0.3936106687898089,0,11,None,66,1,5,False,1000,1000
6814,89,weighted,10,0.3962977707006369,0,11,None,66,1,5,False,1000,1000
6815,85,weighted,10,0.4933320063694267,0,17,None,66,1,5,False,1000,1000
6816,86,weighted,10,0.495421974522293,0,17,None,66,1,5,False,1000,1000
6817,87,weighted,10,0.4984076433121019,0,17,None,66,1,5,False,1000,1000
6818,88,weighted,10,0.5009952229299363,0,17,None,66,1,5,False,1000,1000
6819,89,weighted,10,0.502687101910828,0,17,None,66,1,5,False,1000,1000
6820,85,weighted,10,0.430234872611465,0,20,None,66,1,5,False,1000,1000
6821,86,weighted,10,0.4355095541401274,0,20,None,66,1,5,False,1000,1000
6822,87,weighted,10,0.4384952229299363,0,20,None,66,1,5,False,1000,1000
6823,88,weighted,10,0.4419785031847134,0,20,None,66,1,5,False,1000,1000
6824,89,weighted,10,0.4469546178343949,0,20,None,66,1,5,False,1000,1000
6825,85,weighted,10,0.4281449044585987,0,10,None,66,1,5,False,1000,1000
6826,86,weighted,10,0.4358081210191082,0,10,None,66,1,5,False,1000,1000
6827,87,weighted,10,0.442874203821656,0,10,None,66,1,5,False,1000,1000
6828,88,weighted,10,0.4464570063694267,0,10,None,66,1,5,False,1000,1000
6829,89,weighted,10,0.4532245222929936,0,10,None,66,1,5,False,1000,1000
6830,85,weighted,10,0.3875398089171974,0,22,None,66,1,5,False,1000,1000
6831,86,weighted,10,0.392515923566879,0,22,None,66,1,5,False,1000,1000
6832,87,weighted,10,0.3994824840764331,0,22,None,66,1,5,False,1000,1000
6833,88,weighted,10,0.4057523885350318,0,22,None,66,1,5,False,1000,1000
6834,89,weighted,10,0.4111265923566879,0,22,None,66,1,5,False,1000,1000
6835,85,weighted,10,0.4235668789808917,0,32,None,66,1,5,False,1000,1000
6836,86,weighted,10,0.440187101910828,0,32,None,66,1,5,False,1000,1000
6837,87,weighted,10,0.4500398089171974,0,32,None,66,1,5,False,1000,1000
6838,88,weighted,10,0.4563097133757962,0,32,None,66,1,5,False,1000,1000
6839,89,weighted,10,0.4634753184713376,0,32,None,66,1,5,False,1000,1000
6840,85,weighted,10,0.4350119426751592,0,5,None,66,1,5,False,1000,1000
6841,86,weighted,10,0.4421775477707006,0,5,None,66,1,5,False,1000,1000
6842,87,weighted,10,0.4488455414012738,0,5,None,66,1,5,False,1000,1000
6843,88,weighted,10,0.4530254777070063,0,5,None,66,1,5,False,1000,1000
6844,89,weighted,10,0.4571058917197452,0,5,None,66,1,5,False,1000,1000
6845,85,weighted,10,0.4107285031847134,0,6,None,66,1,5,False,1000,1000
6846,86,weighted,10,0.4147093949044586,0,6,None,66,1,5,False,1000,1000
6847,87,weighted,10,0.418889331210191,0,6,None,66,1,5,False,1000,1000
6848,88,weighted,10,0.4233678343949044,0,6,None,66,1,5,False,1000,1000
6849,89,weighted,10,0.4268511146496815,0,6,None,66,1,5,False,1000,1000
6850,85,weighted,10,0.4609872611464968,0,13,None,66,1,5,False,1000,1000
6851,86,weighted,10,0.4783041401273885,0,13,None,66,1,5,False,1000,1000
6852,87,weighted,10,0.4837778662420382,0,13,None,66,1,5,False,1000,1000
6853,88,weighted,10,0.4874601910828025,0,13,None,66,1,5,False,1000,1000
6854,89,weighted,10,0.4925358280254777,0,13,None,66,1,5,False,1000,1000
6855,85,weighted,10,0.4301353503184713,0,12,None,66,1,5,False,1000,1000
6856,86,weighted,10,0.4415804140127388,0,12,None,66,1,5,False,1000,1000
6857,87,weighted,10,0.4497412420382166,0,12,None,66,1,5,False,1000,1000
6858,88,weighted,10,0.4564092356687898,0,12,None,66,1,5,False,1000,1000
6859,89,weighted,10,0.4585987261146497,0,12,None,66,1,5,False,1000,1000
6860,85,weighted,10,0.4914410828025478,0,16,None,66,1,5,False,1000,1000
6861,86,weighted,10,0.4907444267515923,0,16,None,66,1,5,False,1000,1000
6862,87,weighted,10,0.4849721337579618,0,16,None,66,1,5,False,1000,1000
6863,88,weighted,10,0.4853702229299363,0,16,None,66,1,5,False,1000,1000
6864,89,weighted,10,0.487062101910828,0,16,None,66,1,5,False,1000,1000
6865,85,weighted,10,0.4715366242038216,0,24,None,66,1,5,False,1000,1000
6866,86,weighted,10,0.4789012738853503,0,24,None,66,1,5,False,1000,1000
6867,87,weighted,10,0.4903463375796178,0,24,None,66,1,5,False,1000,1000
6868,88,weighted,10,0.5032842356687898,0,24,None,66,1,5,False,1000,1000
6869,89,weighted,10,0.5138335987261147,0,24,None,66,1,5,False,1000,1000
6870,85,weighted,10,0.4620820063694267,0,30,None,66,1,5,False,1000,1000
6871,86,weighted,10,0.4697452229299363,0,30,None,66,1,5,False,1000,1000
6872,87,weighted,10,0.4772093949044586,0,30,None,66,1,5,False,1000,1000
6873,88,weighted,10,0.491640127388535,0,30,None,66,1,5,False,1000,1000
6874,89,weighted,10,0.5013933121019108,0,30,None,66,1,5,False,1000,1000
6875,85,weighted,10,0.4287420382165605,0,28,None,66,1,5,False,1000,1000
6876,86,weighted,10,0.4246616242038216,0,28,None,66,1,5,False,1000,1000
6877,87,weighted,10,0.4217754777070063,0,28,None,66,1,5,False,1000,1000
6878,88,weighted,10,0.4206807324840764,0,28,None,66,1,5,False,1000,1000
6879,89,weighted,10,0.4195859872611465,0,28,None,66,1,5,False,1000,1000
6880,85,weighted,10,0.4482484076433121,0,3,None,66,1,5,False,1000,1000
6881,86,weighted,10,0.4571058917197452,0,3,None,66,1,5,False,1000,1000
6882,87,weighted,10,0.4651671974522293,0,3,None,66,1,5,False,1000,1000
6883,88,weighted,10,0.4704418789808917,0,3,None,66,1,5,False,1000,1000
6884,89,weighted,10,0.4750199044585987,0,3,None,66,1,5,False,1000,1000
6885,85,weighted,10,0.4422770700636942,0,18,None,66,1,5,False,1000,1000
6886,86,weighted,10,0.4444665605095541,0,18,None,66,1,5,False,1000,1000
6887,87,weighted,10,0.4469546178343949,0,18,None,66,1,5,False,1000,1000
6888,88,weighted,10,0.4486464968152866,0,18,None,66,1,5,False,1000,1000
6889,89,weighted,10,0.4511345541401274,0,18,None,66,1,5,False,1000,1000
6890,85,weighted,10,0.5269705414012739,0,27,None,66,1,5,False,1000,1000
6891,86,weighted,10,0.529359076433121,0,27,None,66,1,5,False,1000,1000
6892,87,weighted,10,0.5298566878980892,0,27,None,66,1,5,False,1000,1000
6893,88,weighted,10,0.5314490445859873,0,27,None,66,1,5,False,1000,1000
6894,89,weighted,10,0.5324442675159236,0,27,None,66,1,5,False,1000,1000
6895,85,weighted,10,0.5049761146496815,0,31,None,66,1,5,False,1000,1000
6896,86,weighted,10,0.5173168789808917,0,31,None,66,1,5,False,1000,1000
6897,87,weighted,10,0.5277667197452229,0,31,None,66,1,5,False,1000,1000
6898,88,weighted,10,0.5374203821656051,0,31,None,66,1,5,False,1000,1000
6899,89,weighted,10,0.5440883757961783,0,31,None,66,1,5,False,1000,1000
6900,85,weighted,10,0.4228702229299363,0,8,None,66,1,5,False,1000,1000
6901,86,weighted,10,0.4306329617834395,0,8,None,66,1,5,False,1000,1000
6902,87,weighted,10,0.4412818471337579,0,8,None,66,1,5,False,1000,1000
6903,88,weighted,10,0.4517316878980891,0,8,None,66,1,5,False,1000,1000
6904,89,weighted,10,0.4609872611464968,0,8,None,66,1,5,False,1000,1000
6905,85,weighted,10,0.425358280254777,0,19,None,66,1,5,False,1000,1000
6906,86,weighted,10,0.4269506369426751,0,19,None,66,1,5,False,1000,1000
6907,87,weighted,10,0.4301353503184713,0,19,None,66,1,5,False,1000,1000
6908,88,weighted,10,0.4335191082802547,0,19,None,66,1,5,False,1000,1000
6909,89,weighted,10,0.4376990445859872,0,19,None,66,1,5,False,1000,1000
6910,85,weighted,10,0.4696457006369426,0,21,None,66,1,5,False,1000,1000
6911,86,weighted,10,0.473328025477707,0,21,None,66,1,5,False,1000,1000
6912,87,weighted,10,0.4742237261146497,0,21,None,66,1,5,False,1000,1000
6913,88,weighted,10,0.4757165605095541,0,21,None,66,1,5,False,1000,1000
6914,89,weighted,10,0.4807921974522293,0,21,None,66,1,5,False,1000,1000
6915,85,weighted,10,0.4261544585987261,0,4,None,66,1,5,False,1000,1000
6916,86,weighted,10,0.4290406050955414,0,4,None,66,1,5,False,1000,1000
6917,87,weighted,10,0.4321257961783439,0,4,None,66,1,5,False,1000,1000
6918,88,weighted,10,0.4316281847133758,0,4,None,66,1,5,False,1000,1000
6919,89,weighted,10,0.4314291401273885,0,4,None,66,1,5,False,1000,1000
6920,85,weighted,10,0.3904259554140127,0,0,None,66,1,5,False,1000,1000
6921,86,weighted,10,0.394108280254777,0,0,None,66,1,5,False,1000,1000
6922,87,weighted,10,0.4019705414012738,0,0,None,66,1,5,False,1000,1000
6923,88,weighted,10,0.4068471337579618,0,0,None,66,1,5,False,1000,1000
6924,89,weighted,10,0.4120222929936306,0,0,None,66,1,5,False,1000,1000
6925,85,weighted,10,0.431031050955414,0,23,None,66,1,5,False,1000,1000
6926,86,weighted,10,0.4333200636942675,0,23,None,66,1,5,False,1000,1000
6927,87,weighted,10,0.4366042993630573,0,23,None,66,1,5,False,1000,1000
6928,88,weighted,10,0.4414808917197452,0,23,None,66,1,5,False,1000,1000
6929,89,weighted,10,0.4459593949044586,0,23,None,66,1,5,False,1000,1000
6930,90,weighted,10,0.4279458598726114,0,26,None,66,1,5,False,1000,1000
6931,91,weighted,10,0.4331210191082802,0,26,None,66,1,5,False,1000,1000
6932,92,weighted,10,0.4355095541401274,0,26,None,66,1,5,False,1000,1000
6933,93,weighted,10,0.4386942675159235,0,26,None,66,1,5,False,1000,1000
6934,94,weighted,10,0.4427746815286624,0,26,None,66,1,5,False,1000,1000
6935,90,weighted,10,0.4960191082802547,0,16,None,66,1,5,False,1000,1000
6936,91,weighted,10,0.4972133757961783,0,16,None,66,1,5,False,1000,1000
6937,92,weighted,10,0.5001990445859873,0,16,None,66,1,5,False,1000,1000
6938,93,weighted,10,0.5016918789808917,0,16,None,66,1,5,False,1000,1000
6939,94,weighted,10,0.5038813694267515,0,16,None,66,1,5,False,1000,1000
6940,90,weighted,10,0.4390923566878981,0,1,None,66,1,5,False,1000,1000
6941,91,weighted,10,0.4403861464968153,0,1,None,66,1,5,False,1000,1000
6942,92,weighted,10,0.440983280254777,0,1,None,66,1,5,False,1000,1000
6943,93,weighted,10,0.4427746815286624,0,1,None,66,1,5,False,1000,1000
6944,94,weighted,10,0.4413813694267516,0,1,None,66,1,5,False,1000,1000
6945,90,weighted,10,0.4919386942675159,0,2,None,66,1,5,False,1000,1000
6946,91,weighted,10,0.4914410828025478,0,2,None,66,1,5,False,1000,1000
6947,92,weighted,10,0.491640127388535,0,2,None,66,1,5,False,1000,1000
6948,93,weighted,10,0.4923367834394904,0,2,None,66,1,5,False,1000,1000
6949,94,weighted,10,0.4926353503184713,0,2,None,66,1,5,False,1000,1000
6950,90,weighted,10,0.4087380573248407,0,11,None,66,1,5,False,1000,1000
6951,91,weighted,10,0.4099323248407643,0,11,None,66,1,5,False,1000,1000
6952,92,weighted,10,0.4112261146496815,0,11,None,66,1,5,False,1000,1000
6953,93,weighted,10,0.4126194267515923,0,11,None,66,1,5,False,1000,1000
6954,94,weighted,10,0.4133160828025478,0,11,None,66,1,5,False,1000,1000
6955,90,weighted,10,0.4434713375796178,0,15,None,66,1,5,False,1000,1000
6956,91,weighted,10,0.445859872611465,0,15,None,66,1,5,False,1000,1000
6957,92,weighted,10,0.4489450636942675,0,15,None,66,1,5,False,1000,1000
6958,93,weighted,10,0.4506369426751592,0,15,None,66,1,5,False,1000,1000
6959,94,weighted,10,0.4532245222929936,0,15,None,66,1,5,False,1000,1000
6960,90,weighted,10,0.5147292993630573,0,17,None,66,1,5,False,1000,1000
6961,91,weighted,10,0.5192078025477707,0,17,None,66,1,5,False,1000,1000
6962,92,weighted,10,0.5216958598726115,0,17,None,66,1,5,False,1000,1000
6963,93,weighted,10,0.5271695859872612,0,17,None,66,1,5,False,1000,1000
6964,94,weighted,10,0.5318471337579618,0,17,None,66,1,5,False,1000,1000
6965,90,weighted,10,0.4648686305732484,0,18,None,66,1,5,False,1000,1000
6966,91,weighted,10,0.4673566878980891,0,18,None,66,1,5,False,1000,1000
6967,92,weighted,10,0.472233280254777,0,18,None,66,1,5,False,1000,1000
6968,93,weighted,10,0.4765127388535032,0,18,None,66,1,5,False,1000,1000
6969,94,weighted,10,0.4808917197452229,0,18,None,66,1,5,False,1000,1000
6970,90,weighted,10,0.4613853503184713,0,5,None,66,1,5,False,1000,1000
6971,91,weighted,10,0.465764331210191,0,5,None,66,1,5,False,1000,1000
6972,92,weighted,10,0.4698447452229299,0,5,None,66,1,5,False,1000,1000
6973,93,weighted,10,0.4737261146496815,0,5,None,66,1,5,False,1000,1000
6974,94,weighted,10,0.4769108280254777,0,5,None,66,1,5,False,1000,1000
6975,90,weighted,10,0.4858678343949044,0,8,None,66,1,5,False,1000,1000
6976,91,weighted,10,0.4929339171974522,0,8,None,66,1,5,False,1000,1000
6977,92,weighted,10,0.4984076433121019,0,8,None,66,1,5,False,1000,1000
6978,93,weighted,10,0.5024880573248408,0,8,None,66,1,5,False,1000,1000
6979,94,weighted,10,0.5065684713375797,0,8,None,66,1,5,False,1000,1000
6980,90,weighted,10,0.4473527070063694,0,6,None,66,1,5,False,1000,1000
6981,91,weighted,10,0.4484474522292994,0,6,None,66,1,5,False,1000,1000
6982,92,weighted,10,0.4516321656050955,0,6,None,66,1,5,False,1000,1000
6983,93,weighted,10,0.453921178343949,0,6,None,66,1,5,False,1000,1000
6984,94,weighted,10,0.4563097133757962,0,6,None,66,1,5,False,1000,1000
6985,90,weighted,10,0.4510350318471338,0,20,None,66,1,5,False,1000,1000
6986,91,weighted,10,0.4548168789808917,0,20,None,66,1,5,False,1000,1000
6987,92,weighted,10,0.4579020700636942,0,20,None,66,1,5,False,1000,1000
6988,93,weighted,10,0.4619824840764331,0,20,None,66,1,5,False,1000,1000
6989,94,weighted,10,0.4648686305732484,0,20,None,66,1,5,False,1000,1000
6990,90,weighted,10,0.4644705414012738,0,10,None,66,1,5,False,1000,1000
6991,91,weighted,10,0.469546178343949,0,10,None,66,1,5,False,1000,1000
6992,92,weighted,10,0.4750199044585987,0,10,None,66,1,5,False,1000,1000
6993,93,weighted,10,0.4811902866242038,0,10,None,66,1,5,False,1000,1000
6994,94,weighted,10,0.4876592356687898,0,10,None,66,1,5,False,1000,1000
6995,90,weighted,10,0.4196855095541401,0,22,None,66,1,5,False,1000,1000
6996,91,weighted,10,0.4239649681528662,0,22,None,66,1,5,False,1000,1000
6997,92,weighted,10,0.4269506369426751,0,22,None,66,1,5,False,1000,1000
6998,93,weighted,10,0.4306329617834395,0,22,None,66,1,5,False,1000,1000
6999,94,weighted,10,0.4333200636942675,0,22,None,66,1,5,False,1000,1000
7000,90,weighted,10,0.4436703821656051,0,23,None,66,1,5,False,1000,1000
7001,91,weighted,10,0.4473527070063694,0,23,None,66,1,5,False,1000,1000
7002,92,weighted,10,0.4525278662420382,0,23,None,66,1,5,False,1000,1000
7003,93,weighted,10,0.4581011146496815,0,23,None,66,1,5,False,1000,1000
7004,94,weighted,10,0.4618829617834395,0,23,None,66,1,5,False,1000,1000
7005,90,weighted,10,0.4038614649681528,0,14,None,66,1,5,False,1000,1000
7006,91,weighted,10,0.4052547770700637,0,14,None,66,1,5,False,1000,1000
7007,92,weighted,10,0.4075437898089172,0,14,None,66,1,5,False,1000,1000
7008,93,weighted,10,0.4098328025477707,0,14,None,66,1,5,False,1000,1000
7009,94,weighted,10,0.4117237261146497,0,14,None,66,1,5,False,1000,1000
7010,90,weighted,10,0.459593949044586,0,25,None,66,1,5,False,1000,1000
7011,91,weighted,10,0.4656648089171974,0,25,None,66,1,5,False,1000,1000
7012,92,weighted,10,0.4726313694267516,0,25,None,66,1,5,False,1000,1000
7013,93,weighted,10,0.4802945859872611,0,25,None,66,1,5,False,1000,1000
7014,94,weighted,10,0.4857683121019108,0,25,None,66,1,5,False,1000,1000
7015,90,weighted,10,0.5002985668789809,0,13,None,66,1,5,False,1000,1000
7016,91,weighted,10,0.5084593949044586,0,13,None,66,1,5,False,1000,1000
7017,92,weighted,10,0.5149283439490446,0,13,None,66,1,5,False,1000,1000
7018,93,weighted,10,0.5219944267515924,0,13,None,66,1,5,False,1000,1000
7019,94,weighted,10,0.5273686305732485,0,13,None,66,1,5,False,1000,1000
7020,90,weighted,10,0.4612858280254777,0,12,None,66,1,5,False,1000,1000
7021,91,weighted,10,0.4638734076433121,0,12,None,66,1,5,False,1000,1000
7022,92,weighted,10,0.4652667197452229,0,12,None,66,1,5,False,1000,1000
7023,93,weighted,10,0.4692476114649681,0,12,None,66,1,5,False,1000,1000
7024,94,weighted,10,0.4737261146496815,0,12,None,66,1,5,False,1000,1000
7025,90,weighted,10,0.4396894904458598,0,19,None,66,1,5,False,1000,1000
7026,91,weighted,10,0.4457603503184713,0,19,None,66,1,5,False,1000,1000
7027,92,weighted,10,0.4517316878980891,0,19,None,66,1,5,False,1000,1000
7028,93,weighted,10,0.458499203821656,0,19,None,66,1,5,False,1000,1000
7029,94,weighted,10,0.4653662420382166,0,19,None,66,1,5,False,1000,1000
7030,90,weighted,10,0.4783041401273885,0,21,None,66,1,5,False,1000,1000
7031,91,weighted,10,0.4826831210191082,0,21,None,66,1,5,False,1000,1000
7032,92,weighted,10,0.4893511146496815,0,21,None,66,1,5,False,1000,1000
7033,93,weighted,10,0.4978105095541401,0,21,None,66,1,5,False,1000,1000
7034,94,weighted,10,0.5105493630573248,0,21,None,66,1,5,False,1000,1000
7035,90,weighted,10,0.4192874203821656,0,28,None,66,1,5,False,1000,1000
7036,91,weighted,10,0.418889331210191,0,28,None,66,1,5,False,1000,1000
7037,92,weighted,10,0.4182921974522293,0,28,None,66,1,5,False,1000,1000
7038,93,weighted,10,0.4183917197452229,0,28,None,66,1,5,False,1000,1000
7039,94,weighted,10,0.4184912420382166,0,28,None,66,1,5,False,1000,1000
7040,90,weighted,10,0.4734275477707006,0,3,None,66,1,5,False,1000,1000
7041,91,weighted,10,0.4778065286624204,0,3,None,66,1,5,False,1000,1000
7042,92,weighted,10,0.4830812101910828,0,3,None,66,1,5,False,1000,1000
7043,93,weighted,10,0.4872611464968153,0,3,None,66,1,5,False,1000,1000
7044,94,weighted,10,0.493531050955414,0,3,None,66,1,5,False,1000,1000
7045,90,weighted,10,0.4515326433121019,0,29,None,66,1,5,False,1000,1000
7046,91,weighted,10,0.4552149681528662,0,29,None,66,1,5,False,1000,1000
7047,92,weighted,10,0.4583996815286624,0,29,None,66,1,5,False,1000,1000
7048,93,weighted,10,0.4604896496815286,0,29,None,66,1,5,False,1000,1000
7049,94,weighted,10,0.4624800955414013,0,29,None,66,1,5,False,1000,1000
7050,90,weighted,10,0.4744227707006369,0,9,None,66,1,5,False,1000,1000
7051,91,weighted,10,0.4799960191082802,0,9,None,66,1,5,False,1000,1000
7052,92,weighted,10,0.4835788216560509,0,9,None,66,1,5,False,1000,1000
7053,93,weighted,10,0.4868630573248407,0,9,None,66,1,5,False,1000,1000
7054,94,weighted,10,0.4879578025477707,0,9,None,66,1,5,False,1000,1000
7055,90,weighted,10,0.421875,0,7,None,66,1,5,False,1000,1000
7056,91,weighted,10,0.4249601910828025,0,7,None,66,1,5,False,1000,1000
7057,92,weighted,10,0.4296377388535032,0,7,None,66,1,5,False,1000,1000
7058,93,weighted,10,0.4326234076433121,0,7,None,66,1,5,False,1000,1000
7059,94,weighted,10,0.4359076433121019,0,7,None,66,1,5,False,1000,1000
7060,90,weighted,10,0.4350119426751592,0,4,None,66,1,5,False,1000,1000
7061,91,weighted,10,0.4346138535031847,0,4,None,66,1,5,False,1000,1000
7062,92,weighted,10,0.4328224522292994,0,4,None,66,1,5,False,1000,1000
7063,93,weighted,10,0.4334195859872611,0,4,None,66,1,5,False,1000,1000
7064,94,weighted,10,0.4322253184713376,0,4,None,66,1,5,False,1000,1000
7065,90,weighted,10,0.4679538216560509,0,32,None,66,1,5,False,1000,1000
7066,91,weighted,10,0.4748208598726114,0,32,None,66,1,5,False,1000,1000
7067,92,weighted,10,0.4818869426751592,0,32,None,66,1,5,False,1000,1000
7068,93,weighted,10,0.4853702229299363,0,32,None,66,1,5,False,1000,1000
7069,94,weighted,10,0.4899482484076433,0,32,None,66,1,5,False,1000,1000
7070,90,weighted,10,0.5060708598726115,0,24,None,66,1,5,False,1000,1000
7071,91,weighted,10,0.5155254777070064,0,24,None,66,1,5,False,1000,1000
7072,92,weighted,10,0.5269705414012739,0,24,None,66,1,5,False,1000,1000
7073,93,weighted,10,0.5347332802547771,0,24,None,66,1,5,False,1000,1000
7074,94,weighted,10,0.5395103503184714,0,24,None,66,1,5,False,1000,1000
7075,90,weighted,10,0.5348328025477707,0,27,None,66,1,5,False,1000,1000
7076,91,weighted,10,0.5359275477707006,0,27,None,66,1,5,False,1000,1000
7077,92,weighted,10,0.5366242038216561,0,27,None,66,1,5,False,1000,1000
7078,93,weighted,10,0.5356289808917197,0,27,None,66,1,5,False,1000,1000
7079,94,weighted,10,0.5368232484076433,0,27,None,66,1,5,False,1000,1000
7080,90,weighted,10,0.4174960191082802,0,0,None,66,1,5,False,1000,1000
7081,91,weighted,10,0.4219745222929936,0,0,None,66,1,5,False,1000,1000
7082,92,weighted,10,0.4258558917197452,0,0,None,66,1,5,False,1000,1000
7083,93,weighted,10,0.4308320063694267,0,0,None,66,1,5,False,1000,1000
7084,94,weighted,10,0.434514331210191,0,0,None,66,1,5,False,1000,1000
7085,90,weighted,10,0.5080613057324841,0,30,None,66,1,5,False,1000,1000
7086,91,weighted,10,0.5134355095541401,0,30,None,66,1,5,False,1000,1000
7087,92,weighted,10,0.512937898089172,0,30,None,66,1,5,False,1000,1000
7088,93,weighted,10,0.5124402866242038,0,30,None,66,1,5,False,1000,1000
7089,94,weighted,10,0.5114450636942676,0,30,None,66,1,5,False,1000,1000
7090,90,weighted,10,0.5391122611464968,0,31,None,66,1,5,False,1000,1000
7091,91,weighted,10,0.5428941082802548,0,31,None,66,1,5,False,1000,1000
7092,92,weighted,10,0.5483678343949044,0,31,None,66,1,5,False,1000,1000
7093,93,weighted,10,0.5520501592356688,0,31,None,66,1,5,False,1000,1000
7094,94,weighted,10,0.5558320063694268,0,31,None,66,1,5,False,1000,1000
7095,95,weighted,10,0.5360270700636943,0,24,None,66,1,5,False,1000,1000
7096,96,weighted,10,0.539609872611465,0,24,None,66,1,5,False,1000,1000
7097,97,weighted,10,0.5442874203821656,0,24,None,66,1,5,False,1000,1000
7098,98,weighted,10,0.5474721337579618,0,24,None,66,1,5,False,1000,1000
7099,99,weighted,10,0.5493630573248408,0,24,None,66,1,5,False,1000,1000
7100,95,weighted,10,0.4563097133757962,0,15,None,66,1,5,False,1000,1000
7101,96,weighted,10,0.4575039808917197,0,15,None,66,1,5,False,1000,1000
7102,97,weighted,10,0.4600915605095541,0,15,None,66,1,5,False,1000,1000
7103,98,weighted,10,0.4635748407643312,0,15,None,66,1,5,False,1000,1000
7104,99,weighted,10,0.4644705414012738,0,15,None,66,1,5,False,1000,1000
7105,95,weighted,10,0.4195859872611465,0,11,None,66,1,5,False,1000,1000
7106,96,weighted,10,0.42078025477707,0,11,None,66,1,5,False,1000,1000
7107,97,weighted,10,0.4216759554140127,0,11,None,66,1,5,False,1000,1000
7108,98,weighted,10,0.4230692675159235,0,11,None,66,1,5,False,1000,1000
7109,99,weighted,10,0.4254578025477707,0,11,None,66,1,5,False,1000,1000
7110,95,weighted,10,0.5431926751592356,0,17,None,66,1,5,False,1000,1000
7111,96,weighted,10,0.5488654458598726,0,17,None,66,1,5,False,1000,1000
7112,97,weighted,10,0.5536425159235668,0,17,None,66,1,5,False,1000,1000
7113,98,weighted,10,0.5570262738853503,0,17,None,66,1,5,False,1000,1000
7114,99,weighted,10,0.5610071656050956,0,17,None,66,1,5,False,1000,1000
7115,95,weighted,10,0.4691480891719745,0,20,None,66,1,5,False,1000,1000
7116,96,weighted,10,0.4739251592356688,0,20,None,66,1,5,False,1000,1000
7117,97,weighted,10,0.4777070063694267,0,20,None,66,1,5,False,1000,1000
7118,98,weighted,10,0.480593152866242,0,20,None,66,1,5,False,1000,1000
7119,99,weighted,10,0.4836783439490446,0,20,None,66,1,5,False,1000,1000
7120,95,weighted,10,0.5006966560509554,0,10,None,66,1,5,False,1000,1000
7121,96,weighted,10,0.5066679936305732,0,10,None,66,1,5,False,1000,1000
7122,97,weighted,10,0.5132364649681529,0,10,None,66,1,5,False,1000,1000
7123,98,weighted,10,0.5188097133757962,0,10,None,66,1,5,False,1000,1000
7124,99,weighted,10,0.5250796178343949,0,10,None,66,1,5,False,1000,1000
7125,95,weighted,10,0.4892515923566879,0,32,None,66,1,5,False,1000,1000
7126,96,weighted,10,0.4926353503184713,0,32,None,66,1,5,False,1000,1000
7127,97,weighted,10,0.4947253184713376,0,32,None,66,1,5,False,1000,1000
7128,98,weighted,10,0.4964171974522293,0,32,None,66,1,5,False,1000,1000
7129,99,weighted,10,0.4988057324840764,0,32,None,66,1,5,False,1000,1000
7130,95,weighted,10,0.509156050955414,0,16,None,66,1,5,False,1000,1000
7131,96,weighted,10,0.511046974522293,0,16,None,66,1,5,False,1000,1000
7132,97,weighted,10,0.5124402866242038,0,16,None,66,1,5,False,1000,1000
7133,98,weighted,10,0.5135350318471338,0,16,None,66,1,5,False,1000,1000
7134,99,weighted,10,0.5149283439490446,0,16,None,66,1,5,False,1000,1000
7135,95,weighted,10,0.4868630573248407,0,25,None,66,1,5,False,1000,1000
7136,96,weighted,10,0.493531050955414,0,25,None,66,1,5,False,1000,1000
7137,97,weighted,10,0.5004976114649682,0,25,None,66,1,5,False,1000,1000
7138,98,weighted,10,0.505672770700637,0,25,None,66,1,5,False,1000,1000
7139,99,weighted,10,0.5101512738853503,0,25,None,66,1,5,False,1000,1000
7140,95,weighted,10,0.4426751592356688,0,7,None,66,1,5,False,1000,1000
7141,96,weighted,10,0.4451632165605095,0,7,None,66,1,5,False,1000,1000
7142,97,weighted,10,0.4477507961783439,0,7,None,66,1,5,False,1000,1000
7143,98,weighted,10,0.450139331210191,0,7,None,66,1,5,False,1000,1000
7144,99,weighted,10,0.4516321656050955,0,7,None,66,1,5,False,1000,1000
7145,95,weighted,10,0.4677547770700637,0,6,None,66,1,5,False,1000,1000
7146,96,weighted,10,0.4691480891719745,0,6,None,66,1,5,False,1000,1000
7147,97,weighted,10,0.4704418789808917,0,6,None,66,1,5,False,1000,1000
7148,98,weighted,10,0.4721337579617834,0,6,None,66,1,5,False,1000,1000
7149,99,weighted,10,0.4732285031847134,0,6,None,66,1,5,False,1000,1000
7150,95,weighted,10,0.476015127388535,0,12,None,66,1,5,False,1000,1000
7151,96,weighted,10,0.4812898089171974,0,12,None,66,1,5,False,1000,1000
7152,97,weighted,10,0.4855692675159235,0,12,None,66,1,5,False,1000,1000
7153,98,weighted,10,0.4909434713375796,0,12,None,66,1,5,False,1000,1000
7154,99,weighted,10,0.494327229299363,0,12,None,66,1,5,False,1000,1000
7155,95,weighted,10,0.4494426751592357,0,26,None,66,1,5,False,1000,1000
7156,96,weighted,10,0.4523288216560509,0,26,None,66,1,5,False,1000,1000
7157,97,weighted,10,0.4541202229299363,0,26,None,66,1,5,False,1000,1000
7158,98,weighted,10,0.4561106687898089,0,26,None,66,1,5,False,1000,1000
7159,99,weighted,10,0.4573049363057325,0,26,None,66,1,5,False,1000,1000
7160,95,weighted,10,0.5199044585987261,0,30,None,66,1,5,False,1000,1000
7161,96,weighted,10,0.5189092356687898,0,30,None,66,1,5,False,1000,1000
7162,97,weighted,10,0.5184116242038217,0,30,None,66,1,5,False,1000,1000
7163,98,weighted,10,0.5178144904458599,0,30,None,66,1,5,False,1000,1000
7164,99,weighted,10,0.5178144904458599,0,30,None,66,1,5,False,1000,1000
7165,95,weighted,10,0.5069665605095541,0,18,None,66,1,5,False,1000,1000
7166,96,weighted,10,0.5126393312101911,0,18,None,66,1,5,False,1000,1000
7167,97,weighted,10,0.5170183121019108,0,18,None,66,1,5,False,1000,1000
7168,98,weighted,10,0.521297770700637,0,18,None,66,1,5,False,1000,1000
7169,99,weighted,10,0.5257762738853503,0,18,None,66,1,5,False,1000,1000
7170,95,weighted,10,0.4727308917197452,0,19,None,66,1,5,False,1000,1000
7171,96,weighted,10,0.4809912420382166,0,19,None,66,1,5,False,1000,1000
7172,97,weighted,10,0.4880573248407643,0,19,None,66,1,5,False,1000,1000
7173,98,weighted,10,0.4933320063694267,0,19,None,66,1,5,False,1000,1000
7174,99,weighted,10,0.4960191082802547,0,19,None,66,1,5,False,1000,1000
7175,95,weighted,10,0.5521496815286624,0,31,None,66,1,5,False,1000,1000
7176,96,weighted,10,0.5559315286624203,0,31,None,66,1,5,False,1000,1000
7177,97,weighted,10,0.5583200636942676,0,31,None,66,1,5,False,1000,1000
7178,98,weighted,10,0.5611066878980892,0,31,None,66,1,5,False,1000,1000
7179,99,weighted,10,0.5633957006369427,0,31,None,66,1,5,False,1000,1000
7180,95,weighted,10,0.4181926751592357,0,14,None,66,1,5,False,1000,1000
7181,96,weighted,10,0.4194864649681528,0,14,None,66,1,5,False,1000,1000
7182,97,weighted,10,0.4203821656050955,0,14,None,66,1,5,False,1000,1000
7183,98,weighted,10,0.4216759554140127,0,14,None,66,1,5,False,1000,1000
7184,99,weighted,10,0.4221735668789809,0,14,None,66,1,5,False,1000,1000
7185,95,weighted,10,0.4383957006369426,0,22,None,66,1,5,False,1000,1000
7186,96,weighted,10,0.4415804140127388,0,22,None,66,1,5,False,1000,1000
7187,97,weighted,10,0.4446656050955414,0,22,None,66,1,5,False,1000,1000
7188,98,weighted,10,0.4480493630573248,0,22,None,66,1,5,False,1000,1000
7189,99,weighted,10,0.4507364649681528,0,22,None,66,1,5,False,1000,1000
7190,95,weighted,10,0.4411823248407643,0,1,None,66,1,5,False,1000,1000
7191,96,weighted,10,0.4412818471337579,0,1,None,66,1,5,False,1000,1000
7192,97,weighted,10,0.4418789808917197,0,1,None,66,1,5,False,1000,1000
7193,98,weighted,10,0.4440684713375796,0,1,None,66,1,5,False,1000,1000
7194,99,weighted,10,0.4449641719745223,0,1,None,66,1,5,False,1000,1000
7195,95,weighted,10,0.4996019108280254,0,2,None,66,1,5,False,1000,1000
7196,96,weighted,10,0.5002985668789809,0,2,None,66,1,5,False,1000,1000
7197,97,weighted,10,0.5011942675159236,0,2,None,66,1,5,False,1000,1000
7198,98,weighted,10,0.5020899681528662,0,2,None,66,1,5,False,1000,1000
7199,99,weighted,10,0.5031847133757962,0,2,None,66,1,5,False,1000,1000
7200,95,weighted,10,0.4357085987261146,0,4,None,66,1,5,False,1000,1000
7201,96,weighted,10,0.4368033439490446,0,4,None,66,1,5,False,1000,1000
7202,97,weighted,10,0.4360071656050955,0,4,None,66,1,5,False,1000,1000
7203,98,weighted,10,0.4358081210191082,0,4,None,66,1,5,False,1000,1000
7204,99,weighted,10,0.4367038216560509,0,4,None,66,1,5,False,1000,1000
7205,95,weighted,10,0.4936305732484076,0,3,None,66,1,5,False,1000,1000
7206,96,weighted,10,0.5003980891719745,0,3,None,66,1,5,False,1000,1000
7207,97,weighted,10,0.5057722929936306,0,3,None,66,1,5,False,1000,1000
7208,98,weighted,10,0.5081608280254777,0,3,None,66,1,5,False,1000,1000
7209,99,weighted,10,0.5102507961783439,0,3,None,66,1,5,False,1000,1000
7210,95,weighted,10,0.4881568471337579,0,5,None,66,1,5,False,1000,1000
7211,96,weighted,10,0.4926353503184713,0,5,None,66,1,5,False,1000,1000
7212,97,weighted,10,0.4988057324840764,0,5,None,66,1,5,False,1000,1000
7213,98,weighted,10,0.5050756369426752,0,5,None,66,1,5,False,1000,1000
7214,99,weighted,10,0.5127388535031847,0,5,None,66,1,5,False,1000,1000
7215,95,weighted,10,0.5100517515923567,0,8,None,66,1,5,False,1000,1000
7216,96,weighted,10,0.5090565286624203,0,8,None,66,1,5,False,1000,1000
7217,97,weighted,10,0.5114450636942676,0,8,None,66,1,5,False,1000,1000
7218,98,weighted,10,0.5125398089171974,0,8,None,66,1,5,False,1000,1000
7219,99,weighted,10,0.5138335987261147,0,8,None,66,1,5,False,1000,1000
7220,95,weighted,10,0.5279657643312102,0,13,None,66,1,5,False,1000,1000
7221,96,weighted,10,0.5324442675159236,0,13,None,66,1,5,False,1000,1000
7222,97,weighted,10,0.533140923566879,0,13,None,66,1,5,False,1000,1000
7223,98,weighted,10,0.5344347133757962,0,13,None,66,1,5,False,1000,1000
7224,99,weighted,10,0.5337380573248408,0,13,None,66,1,5,False,1000,1000
7225,95,weighted,10,0.5143312101910829,0,21,None,66,1,5,False,1000,1000
7226,96,weighted,10,0.5257762738853503,0,21,None,66,1,5,False,1000,1000
7227,97,weighted,10,0.5373208598726115,0,21,None,66,1,5,False,1000,1000
7228,98,weighted,10,0.544984076433121,0,21,None,66,1,5,False,1000,1000
7229,99,weighted,10,0.5503582802547771,0,21,None,66,1,5,False,1000,1000
7230,95,weighted,10,0.4562101910828025,0,23,None,66,1,5,False,1000,1000
7231,96,weighted,10,0.4606886942675159,0,23,None,66,1,5,False,1000,1000
7232,97,weighted,10,0.4662619426751592,0,23,None,66,1,5,False,1000,1000
7233,98,weighted,10,0.4726313694267516,0,23,None,66,1,5,False,1000,1000
7234,99,weighted,10,0.481389331210191,0,23,None,66,1,5,False,1000,1000
7235,95,weighted,10,0.5368232484076433,0,27,None,66,1,5,False,1000,1000
7236,96,weighted,10,0.537718949044586,0,27,None,66,1,5,False,1000,1000
7237,97,weighted,10,0.5391122611464968,0,27,None,66,1,5,False,1000,1000
7238,98,weighted,10,0.540406050955414,0,27,None,66,1,5,False,1000,1000
7239,99,weighted,10,0.5407046178343949,0,27,None,66,1,5,False,1000,1000
7240,95,weighted,10,0.4168988853503185,0,28,None,66,1,5,False,1000,1000
7241,96,weighted,10,0.4179936305732484,0,28,None,66,1,5,False,1000,1000
7242,97,weighted,10,0.4187898089171974,0,28,None,66,1,5,False,1000,1000
7243,98,weighted,10,0.4193869426751592,0,28,None,66,1,5,False,1000,1000
7244,99,weighted,10,0.4193869426751592,0,28,None,66,1,5,False,1000,1000
7245,95,weighted,10,0.4891520700636942,0,9,None,66,1,5,False,1000,1000
7246,96,weighted,10,0.4932324840764331,0,9,None,66,1,5,False,1000,1000
7247,97,weighted,10,0.4967157643312102,0,9,None,66,1,5,False,1000,1000
7248,98,weighted,10,0.5016918789808917,0,9,None,66,1,5,False,1000,1000
7249,99,weighted,10,0.5057722929936306,0,9,None,66,1,5,False,1000,1000
7250,95,weighted,10,0.4795979299363057,0,29,None,66,1,5,False,1000,1000
7251,96,weighted,10,0.4814888535031847,0,29,None,66,1,5,False,1000,1000
7252,97,weighted,10,0.4849721337579618,0,29,None,66,1,5,False,1000,1000
7253,98,weighted,10,0.4877587579617834,0,29,None,66,1,5,False,1000,1000
7254,99,weighted,10,0.4899482484076433,0,29,None,66,1,5,False,1000,1000
7255,95,weighted,10,0.4394904458598726,0,0,None,66,1,5,False,1000,1000
7256,96,weighted,10,0.4434713375796178,0,0,None,66,1,5,False,1000,1000
7257,97,weighted,10,0.4472531847133758,0,0,None,66,1,5,False,1000,1000
7258,98,weighted,10,0.4523288216560509,0,0,None,66,1,5,False,1000,1000
7259,99,weighted,10,0.4562101910828025,0,0,None,66,1,5,False,1000,1000
7260,100,weighted,10,0.464968152866242,0,26,None,66,1,5,False,1000,1000
7261,101,weighted,10,0.4678542993630573,0,26,None,66,1,5,False,1000,1000
7262,102,weighted,10,0.471437101910828,0,26,None,66,1,5,False,1000,1000
7263,103,weighted,10,0.4748208598726114,0,26,None,66,1,5,False,1000,1000
7264,104,weighted,10,0.4791003184713376,0,26,None,66,1,5,False,1000,1000
7265,100,weighted,10,0.4449641719745223,0,1,None,66,1,5,False,1000,1000
7266,101,weighted,10,0.4486464968152866,0,1,None,66,1,5,False,1000,1000
7267,102,weighted,10,0.4532245222929936,0,1,None,66,1,5,False,1000,1000
7268,103,weighted,10,0.4615843949044586,0,1,None,66,1,5,False,1000,1000
7269,104,weighted,10,0.477906050955414,0,1,None,66,1,5,False,1000,1000
7270,100,weighted,10,0.5117436305732485,0,25,None,66,1,5,False,1000,1000
7271,101,weighted,10,0.5176154458598726,0,25,None,66,1,5,False,1000,1000
7272,102,weighted,10,0.5240843949044586,0,25,None,66,1,5,False,1000,1000
7273,103,weighted,10,0.528562898089172,0,25,None,66,1,5,False,1000,1000
7274,104,weighted,10,0.53015525477707,0,25,None,66,1,5,False,1000,1000
7275,100,weighted,10,0.4250597133757962,0,14,None,66,1,5,False,1000,1000
7276,101,weighted,10,0.4259554140127388,0,14,None,66,1,5,False,1000,1000
7277,102,weighted,10,0.4262539808917197,0,14,None,66,1,5,False,1000,1000
7278,103,weighted,10,0.4266520700636942,0,14,None,66,1,5,False,1000,1000
7279,104,weighted,10,0.4276472929936306,0,14,None,66,1,5,False,1000,1000
7280,100,weighted,10,0.5084593949044586,0,29,None,66,1,5,False,1000,1000
7281,101,weighted,10,0.5114450636942676,0,29,None,66,1,5,False,1000,1000
7282,102,weighted,10,0.5133359872611465,0,29,None,66,1,5,False,1000,1000
7283,103,weighted,10,0.5171178343949044,0,29,None,66,1,5,False,1000,1000
7284,104,weighted,10,0.5203025477707006,0,29,None,66,1,5,False,1000,1000
7285,100,weighted,10,0.5062699044585988,0,2,None,66,1,5,False,1000,1000
7286,101,weighted,10,0.506468949044586,0,2,None,66,1,5,False,1000,1000
7287,102,weighted,10,0.507265127388535,0,2,None,66,1,5,False,1000,1000
7288,103,weighted,10,0.5081608280254777,0,2,None,66,1,5,False,1000,1000
7289,104,weighted,10,0.5092555732484076,0,2,None,66,1,5,False,1000,1000
7290,100,weighted,10,0.5128383757961783,0,9,None,66,1,5,False,1000,1000
7291,101,weighted,10,0.5201035031847133,0,9,None,66,1,5,False,1000,1000
7292,102,weighted,10,0.5296576433121019,0,9,None,66,1,5,False,1000,1000
7293,103,weighted,10,0.5372213375796179,0,9,None,66,1,5,False,1000,1000
7294,104,weighted,10,0.5435907643312102,0,9,None,66,1,5,False,1000,1000
7295,100,weighted,10,0.4358081210191082,0,11,None,66,1,5,False,1000,1000
7296,101,weighted,10,0.4407842356687898,0,11,None,66,1,5,False,1000,1000
7297,102,weighted,10,0.4468550955414013,0,11,None,66,1,5,False,1000,1000
7298,103,weighted,10,0.4534235668789809,0,11,None,66,1,5,False,1000,1000
7299,104,weighted,10,0.4623805732484076,0,11,None,66,1,5,False,1000,1000
7300,100,weighted,10,0.4690485668789809,0,15,None,66,1,5,False,1000,1000
7301,101,weighted,10,0.4692476114649681,0,15,None,66,1,5,False,1000,1000
7302,102,weighted,10,0.4707404458598726,0,15,None,66,1,5,False,1000,1000
7303,103,weighted,10,0.4711385350318471,0,15,None,66,1,5,False,1000,1000
7304,104,weighted,10,0.475218949044586,0,15,None,66,1,5,False,1000,1000
7305,100,weighted,10,0.5642914012738853,0,17,None,66,1,5,False,1000,1000
7306,101,weighted,10,0.5666799363057324,0,17,None,66,1,5,False,1000,1000
7307,102,weighted,10,0.5674761146496815,0,17,None,66,1,5,False,1000,1000
7308,103,weighted,10,0.5702627388535032,0,17,None,66,1,5,False,1000,1000
7309,104,weighted,10,0.5707603503184714,0,17,None,66,1,5,False,1000,1000
7310,100,weighted,10,0.4907444267515923,0,20,None,66,1,5,False,1000,1000
7311,101,weighted,10,0.4946257961783439,0,20,None,66,1,5,False,1000,1000
7312,102,weighted,10,0.4983081210191082,0,20,None,66,1,5,False,1000,1000
7313,103,weighted,10,0.5028861464968153,0,20,None,66,1,5,False,1000,1000
7314,104,weighted,10,0.5071656050955414,0,20,None,66,1,5,False,1000,1000
7315,100,weighted,10,0.5373208598726115,0,10,None,66,1,5,False,1000,1000
7316,101,weighted,10,0.543093152866242,0,10,None,66,1,5,False,1000,1000
7317,102,weighted,10,0.5472730891719745,0,10,None,66,1,5,False,1000,1000
7318,103,weighted,10,0.5511544585987261,0,10,None,66,1,5,False,1000,1000
7319,104,weighted,10,0.553343949044586,0,10,None,66,1,5,False,1000,1000
7320,100,weighted,10,0.459593949044586,0,22,None,66,1,5,False,1000,1000
7321,101,weighted,10,0.4625796178343949,0,22,None,66,1,5,False,1000,1000
7322,102,weighted,10,0.4658638535031847,0,22,None,66,1,5,False,1000,1000
7323,103,weighted,10,0.4712380573248407,0,22,None,66,1,5,False,1000,1000
7324,104,weighted,10,0.4761146496815286,0,22,None,66,1,5,False,1000,1000
7325,100,weighted,10,0.5357285031847133,0,13,None,66,1,5,False,1000,1000
7326,101,weighted,10,0.5376194267515924,0,13,None,66,1,5,False,1000,1000
7327,102,weighted,10,0.5365246815286624,0,13,None,66,1,5,False,1000,1000
7328,103,weighted,10,0.5326433121019108,0,13,None,66,1,5,False,1000,1000
7329,104,weighted,10,0.5320461783439491,0,13,None,66,1,5,False,1000,1000
7330,100,weighted,10,0.4940286624203822,0,12,None,66,1,5,False,1000,1000
7331,101,weighted,10,0.4971138535031847,0,12,None,66,1,5,False,1000,1000
7332,102,weighted,10,0.5005971337579618,0,12,None,66,1,5,False,1000,1000
7333,103,weighted,10,0.5033837579617835,0,12,None,66,1,5,False,1000,1000
7334,104,weighted,10,0.5055732484076433,0,12,None,66,1,5,False,1000,1000
7335,100,weighted,10,0.511843152866242,0,8,None,66,1,5,False,1000,1000
7336,101,weighted,10,0.512937898089172,0,8,None,66,1,5,False,1000,1000
7337,102,weighted,10,0.5134355095541401,0,8,None,66,1,5,False,1000,1000
7338,103,weighted,10,0.5148288216560509,0,8,None,66,1,5,False,1000,1000
7339,104,weighted,10,0.515625,0,8,None,66,1,5,False,1000,1000
7340,100,weighted,10,0.5386146496815286,0,18,None,66,1,5,False,1000,1000
7341,101,weighted,10,0.5409036624203821,0,18,None,66,1,5,False,1000,1000
7342,102,weighted,10,0.5411027070063694,0,18,None,66,1,5,False,1000,1000
7343,103,weighted,10,0.5425955414012739,0,18,None,66,1,5,False,1000,1000
7344,104,weighted,10,0.5423964968152867,0,18,None,66,1,5,False,1000,1000
7345,100,weighted,10,0.4951234076433121,0,19,None,66,1,5,False,1000,1000
7346,101,weighted,10,0.4995023885350318,0,19,None,66,1,5,False,1000,1000
7347,102,weighted,10,0.5007961783439491,0,19,None,66,1,5,False,1000,1000
7348,103,weighted,10,0.5014928343949044,0,19,None,66,1,5,False,1000,1000
7349,104,weighted,10,0.5025875796178344,0,19,None,66,1,5,False,1000,1000
7350,100,weighted,10,0.546875,0,21,None,66,1,5,False,1000,1000
7351,101,weighted,10,0.5512539808917197,0,21,None,66,1,5,False,1000,1000
7352,102,weighted,10,0.5553343949044586,0,21,None,66,1,5,False,1000,1000
7353,103,weighted,10,0.5589171974522293,0,21,None,66,1,5,False,1000,1000
7354,104,weighted,10,0.5603105095541401,0,21,None,66,1,5,False,1000,1000
7355,100,weighted,10,0.475218949044586,0,23,None,66,1,5,False,1000,1000
7356,101,weighted,10,0.4895501592356688,0,23,None,66,1,5,False,1000,1000
7357,102,weighted,10,0.5040804140127388,0,23,None,66,1,5,False,1000,1000
7358,103,weighted,10,0.5147292993630573,0,23,None,66,1,5,False,1000,1000
7359,104,weighted,10,0.5245820063694268,0,23,None,66,1,5,False,1000,1000
7360,100,weighted,10,0.5490644904458599,0,24,None,66,1,5,False,1000,1000
7361,101,weighted,10,0.5509554140127388,0,24,None,66,1,5,False,1000,1000
7362,102,weighted,10,0.5535429936305732,0,24,None,66,1,5,False,1000,1000
7363,103,weighted,10,0.5538415605095541,0,24,None,66,1,5,False,1000,1000
7364,104,weighted,10,0.5556329617834395,0,24,None,66,1,5,False,1000,1000
7365,100,weighted,10,0.5437898089171974,0,27,None,66,1,5,False,1000,1000
7366,101,weighted,10,0.5446855095541401,0,27,None,66,1,5,False,1000,1000
7367,102,weighted,10,0.546875,0,27,None,66,1,5,False,1000,1000
7368,103,weighted,10,0.5480692675159236,0,27,None,66,1,5,False,1000,1000
7369,104,weighted,10,0.5489649681528662,0,27,None,66,1,5,False,1000,1000
7370,100,weighted,10,0.5607085987261147,0,31,None,66,1,5,False,1000,1000
7371,101,weighted,10,0.5627985668789809,0,31,None,66,1,5,False,1000,1000
7372,102,weighted,10,0.5636942675159236,0,31,None,66,1,5,False,1000,1000
7373,103,weighted,10,0.5658837579617835,0,31,None,66,1,5,False,1000,1000
7374,104,weighted,10,0.5667794585987261,0,31,None,66,1,5,False,1000,1000
7375,100,weighted,10,0.5249800955414012,0,30,None,66,1,5,False,1000,1000
7376,101,weighted,10,0.5252786624203821,0,30,None,66,1,5,False,1000,1000
7377,102,weighted,10,0.526671974522293,0,30,None,66,1,5,False,1000,1000
7378,103,weighted,10,0.5280652866242038,0,30,None,66,1,5,False,1000,1000
7379,104,weighted,10,0.5306528662420382,0,30,None,66,1,5,False,1000,1000
7380,100,weighted,10,0.4186902866242038,0,28,None,66,1,5,False,1000,1000
7381,101,weighted,10,0.4202826433121019,0,28,None,66,1,5,False,1000,1000
7382,102,weighted,10,0.4213773885350318,0,28,None,66,1,5,False,1000,1000
7383,103,weighted,10,0.4221735668789809,0,28,None,66,1,5,False,1000,1000
7384,104,weighted,10,0.4232683121019108,0,28,None,66,1,5,False,1000,1000
7385,100,weighted,10,0.439390923566879,0,4,None,66,1,5,False,1000,1000
7386,101,weighted,10,0.4398885350318471,0,4,None,66,1,5,False,1000,1000
7387,102,weighted,10,0.4408837579617834,0,4,None,66,1,5,False,1000,1000
7388,103,weighted,10,0.4435708598726114,0,4,None,66,1,5,False,1000,1000
7389,104,weighted,10,0.4454617834394904,0,4,None,66,1,5,False,1000,1000
7390,100,weighted,10,0.5188097133757962,0,16,None,66,1,5,False,1000,1000
7391,101,weighted,10,0.5219944267515924,0,16,None,66,1,5,False,1000,1000
7392,102,weighted,10,0.5229896496815286,0,16,None,66,1,5,False,1000,1000
7393,103,weighted,10,0.5249800955414012,0,16,None,66,1,5,False,1000,1000
7394,104,weighted,10,0.5253781847133758,0,16,None,66,1,5,False,1000,1000
7395,100,weighted,10,0.4611863057324841,0,7,None,66,1,5,False,1000,1000
7396,101,weighted,10,0.4642714968152866,0,7,None,66,1,5,False,1000,1000
7397,102,weighted,10,0.4679538216560509,0,7,None,66,1,5,False,1000,1000
7398,103,weighted,10,0.4718351910828025,0,7,None,66,1,5,False,1000,1000
7399,104,weighted,10,0.4757165605095541,0,7,None,66,1,5,False,1000,1000
7400,100,weighted,10,0.5005971337579618,0,32,None,66,1,5,False,1000,1000
7401,101,weighted,10,0.5030851910828026,0,32,None,66,1,5,False,1000,1000
7402,102,weighted,10,0.5053742038216561,0,32,None,66,1,5,False,1000,1000
7403,103,weighted,10,0.5068670382165605,0,32,None,66,1,5,False,1000,1000
7404,104,weighted,10,0.5084593949044586,0,32,None,66,1,5,False,1000,1000
7405,100,weighted,10,0.4672571656050955,0,0,None,66,1,5,False,1000,1000
7406,101,weighted,10,0.4731289808917197,0,0,None,66,1,5,False,1000,1000
7407,102,weighted,10,0.4792993630573248,0,0,None,66,1,5,False,1000,1000
7408,103,weighted,10,0.4860668789808917,0,0,None,66,1,5,False,1000,1000
7409,104,weighted,10,0.4926353503184713,0,0,None,66,1,5,False,1000,1000
7410,100,weighted,10,0.509952229299363,0,3,None,66,1,5,False,1000,1000
7411,101,weighted,10,0.5128383757961783,0,3,None,66,1,5,False,1000,1000
7412,102,weighted,10,0.5148288216560509,0,3,None,66,1,5,False,1000,1000
7413,103,weighted,10,0.5173168789808917,0,3,None,66,1,5,False,1000,1000
7414,104,weighted,10,0.5241839171974523,0,3,None,66,1,5,False,1000,1000
7415,100,weighted,10,0.5250796178343949,0,5,None,66,1,5,False,1000,1000
7416,101,weighted,10,0.5305533439490446,0,5,None,66,1,5,False,1000,1000
7417,102,weighted,10,0.5349323248407644,0,5,None,66,1,5,False,1000,1000
7418,103,weighted,10,0.5382165605095541,0,5,None,66,1,5,False,1000,1000
7419,104,weighted,10,0.5403065286624203,0,5,None,66,1,5,False,1000,1000
7420,100,weighted,10,0.48328025477707,0,6,None,66,1,5,False,1000,1000
7421,101,weighted,10,0.4841759554140127,0,6,None,66,1,5,False,1000,1000
7422,102,weighted,10,0.4857683121019108,0,6,None,66,1,5,False,1000,1000
7423,103,weighted,10,0.487062101910828,0,6,None,66,1,5,False,1000,1000
7424,104,weighted,10,0.4885549363057325,0,6,None,66,1,5,False,1000,1000
9900,105,weighted,10,0.4791003184713376,0,1,None,66,1,5,False,1000,1000
9901,106,weighted,10,0.4919386942675159,0,1,None,66,1,5,False,1000,1000
9902,107,weighted,10,0.5033837579617835,0,1,None,66,1,5,False,1000,1000
9903,108,weighted,10,0.5098527070063694,0,1,None,66,1,5,False,1000,1000
9904,109,weighted,10,0.5146297770700637,0,1,None,66,1,5,False,1000,1000
9905,105,weighted,10,0.5435907643312102,0,5,None,66,1,5,False,1000,1000
9906,106,weighted,10,0.5443869426751592,0,5,None,66,1,5,False,1000,1000
9907,107,weighted,10,0.54578025477707,0,5,None,66,1,5,False,1000,1000
9908,108,weighted,10,0.5464769108280255,0,5,None,66,1,5,False,1000,1000
9909,109,weighted,10,0.5478702229299363,0,5,None,66,1,5,False,1000,1000
9910,105,weighted,10,0.5370222929936306,0,13,None,66,1,5,False,1000,1000
9911,106,weighted,10,0.5357285031847133,0,13,None,66,1,5,False,1000,1000
9912,107,weighted,10,0.533937101910828,0,13,None,66,1,5,False,1000,1000
9913,108,weighted,10,0.5319466560509554,0,13,None,66,1,5,False,1000,1000
9914,109,weighted,10,0.5325437898089171,0,13,None,66,1,5,False,1000,1000
9915,105,weighted,10,0.4915406050955414,0,15,None,66,1,5,False,1000,1000
9916,106,weighted,10,0.49890525477707,0,15,None,66,1,5,False,1000,1000
9917,107,weighted,10,0.5069665605095541,0,15,None,66,1,5,False,1000,1000
9918,108,weighted,10,0.51453025477707,0,15,None,66,1,5,False,1000,1000
9919,109,weighted,10,0.5210987261146497,0,15,None,66,1,5,False,1000,1000
9920,105,weighted,10,0.5586186305732485,0,10,None,66,1,5,False,1000,1000
9921,106,weighted,10,0.559812898089172,0,10,None,66,1,5,False,1000,1000
9922,107,weighted,10,0.5620023885350318,0,10,None,66,1,5,False,1000,1000
9923,108,weighted,10,0.5624004777070064,0,10,None,66,1,5,False,1000,1000
9924,109,weighted,10,0.5621019108280255,0,10,None,66,1,5,False,1000,1000
9925,105,weighted,10,0.4817874203821656,0,11,None,66,1,5,False,1000,1000
9926,106,weighted,10,0.486265923566879,0,11,None,66,1,5,False,1000,1000
9927,107,weighted,10,0.4906449044585987,0,11,None,66,1,5,False,1000,1000
9928,108,weighted,10,0.493531050955414,0,11,None,66,1,5,False,1000,1000
9929,109,weighted,10,0.497014331210191,0,11,None,66,1,5,False,1000,1000
9930,105,weighted,10,0.5165207006369427,0,8,None,66,1,5,False,1000,1000
9931,106,weighted,10,0.5170183121019108,0,8,None,66,1,5,False,1000,1000
9932,107,weighted,10,0.5188097133757962,0,8,None,66,1,5,False,1000,1000
9933,108,weighted,10,0.5197054140127388,0,8,None,66,1,5,False,1000,1000
9934,109,weighted,10,0.521297770700637,0,8,None,66,1,5,False,1000,1000
9935,105,weighted,10,0.5185111464968153,0,20,None,66,1,5,False,1000,1000
9936,106,weighted,10,0.5236863057324841,0,20,None,66,1,5,False,1000,1000
9937,107,weighted,10,0.5269705414012739,0,20,None,66,1,5,False,1000,1000
9938,108,weighted,10,0.5310509554140127,0,20,None,66,1,5,False,1000,1000
9939,109,weighted,10,0.5342356687898089,0,20,None,66,1,5,False,1000,1000
9940,105,weighted,10,0.501890923566879,0,19,None,66,1,5,False,1000,1000
9941,106,weighted,10,0.5035828025477707,0,19,None,66,1,5,False,1000,1000
9942,107,weighted,10,0.505672770700637,0,19,None,66,1,5,False,1000,1000
9943,108,weighted,10,0.5059713375796179,0,19,None,66,1,5,False,1000,1000
9944,109,weighted,10,0.5071656050955414,0,19,None,66,1,5,False,1000,1000
9945,105,weighted,10,0.5760350318471338,0,17,None,66,1,5,False,1000,1000
9946,106,weighted,10,0.5753383757961783,0,17,None,66,1,5,False,1000,1000
9947,107,weighted,10,0.575437898089172,0,17,None,66,1,5,False,1000,1000
9948,108,weighted,10,0.5773288216560509,0,17,None,66,1,5,False,1000,1000
9949,109,weighted,10,0.5785230891719745,0,17,None,66,1,5,False,1000,1000
9950,105,weighted,10,0.56140525477707,0,21,None,66,1,5,False,1000,1000
9951,106,weighted,10,0.5626990445859873,0,21,None,66,1,5,False,1000,1000
9952,107,weighted,10,0.5640923566878981,0,21,None,66,1,5,False,1000,1000
9953,108,weighted,10,0.566281847133758,0,21,None,66,1,5,False,1000,1000
9954,109,weighted,10,0.5682722929936306,0,21,None,66,1,5,False,1000,1000
9955,105,weighted,10,0.5309514331210191,0,25,None,66,1,5,False,1000,1000
9956,106,weighted,10,0.5327428343949044,0,25,None,66,1,5,False,1000,1000
9957,107,weighted,10,0.5329418789808917,0,25,None,66,1,5,False,1000,1000
9958,108,weighted,10,0.5340366242038217,0,25,None,66,1,5,False,1000,1000
9959,109,weighted,10,0.535031847133758,0,25,None,66,1,5,False,1000,1000
9960,105,weighted,10,0.4886544585987261,0,26,None,66,1,5,False,1000,1000
9961,106,weighted,10,0.4949243630573248,0,26,None,66,1,5,False,1000,1000
9962,107,weighted,10,0.4998009554140127,0,26,None,66,1,5,False,1000,1000
9963,108,weighted,10,0.5046775477707006,0,26,None,66,1,5,False,1000,1000
9964,109,weighted,10,0.509156050955414,0,26,None,66,1,5,False,1000,1000
9965,105,weighted,10,0.5208996815286624,0,12,None,66,1,5,False,1000,1000
9966,106,weighted,10,0.5290605095541401,0,12,None,66,1,5,False,1000,1000
9967,107,weighted,10,0.5366242038216561,0,12,None,66,1,5,False,1000,1000
9968,108,weighted,10,0.54578025477707,0,12,None,66,1,5,False,1000,1000
9969,109,weighted,10,0.5532444267515924,0,12,None,66,1,5,False,1000,1000
9970,105,weighted,10,0.5555334394904459,0,24,None,66,1,5,False,1000,1000
9971,106,weighted,10,0.556031050955414,0,24,None,66,1,5,False,1000,1000
9972,107,weighted,10,0.5574243630573248,0,24,None,66,1,5,False,1000,1000
9973,108,weighted,10,0.5591162420382165,0,24,None,66,1,5,False,1000,1000
9974,109,weighted,10,0.5623009554140127,0,24,None,66,1,5,False,1000,1000
9975,105,weighted,10,0.4202826433121019,0,28,None,66,1,5,False,1000,1000
9976,106,weighted,10,0.4219745222929936,0,28,None,66,1,5,False,1000,1000
9977,107,weighted,10,0.4231687898089172,0,28,None,66,1,5,False,1000,1000
9978,108,weighted,10,0.4254578025477707,0,28,None,66,1,5,False,1000,1000
9979,109,weighted,10,0.4273487261146497,0,28,None,66,1,5,False,1000,1000
9980,105,weighted,10,0.5388136942675159,0,29,None,66,1,5,False,1000,1000
9981,106,weighted,10,0.5393113057324841,0,29,None,66,1,5,False,1000,1000
9982,107,weighted,10,0.541202229299363,0,29,None,66,1,5,False,1000,1000
9983,108,weighted,10,0.5431926751592356,0,29,None,66,1,5,False,1000,1000
9984,109,weighted,10,0.5428941082802548,0,29,None,66,1,5,False,1000,1000
9985,105,weighted,10,0.5393113057324841,0,30,None,66,1,5,False,1000,1000
9986,106,weighted,10,0.5424960191082803,0,30,None,66,1,5,False,1000,1000
9987,107,weighted,10,0.5451831210191083,0,30,None,66,1,5,False,1000,1000
9988,108,weighted,10,0.5474721337579618,0,30,None,66,1,5,False,1000,1000
9989,109,weighted,10,0.5493630573248408,0,30,None,66,1,5,False,1000,1000
9990,105,weighted,10,0.5494625796178344,0,18,None,66,1,5,False,1000,1000
9991,106,weighted,10,0.5486664012738853,0,18,None,66,1,5,False,1000,1000
9992,107,weighted,10,0.5498606687898089,0,18,None,66,1,5,False,1000,1000
9993,108,weighted,10,0.5501592356687898,0,18,None,66,1,5,False,1000,1000
9994,109,weighted,10,0.5499601910828026,0,18,None,66,1,5,False,1000,1000
9995,105,weighted,10,0.5521496815286624,0,27,None,66,1,5,False,1000,1000
9996,106,weighted,10,0.5532444267515924,0,27,None,66,1,5,False,1000,1000
9997,107,weighted,10,0.5553343949044586,0,27,None,66,1,5,False,1000,1000
9998,108,weighted,10,0.5573248407643312,0,27,None,66,1,5,False,1000,1000
9999,109,weighted,10,0.5592157643312102,0,27,None,66,1,5,False,1000,1000
10000,105,weighted,10,0.5668789808917197,0,31,None,66,1,5,False,1000,1000
10001,106,weighted,10,0.5684713375796179,0,31,None,66,1,5,False,1000,1000
10002,107,weighted,10,0.5698646496815286,0,31,None,66,1,5,False,1000,1000
10003,108,weighted,10,0.5713574840764332,0,31,None,66,1,5,False,1000,1000
10004,109,weighted,10,0.5736464968152867,0,31,None,66,1,5,False,1000,1000
10005,105,weighted,10,0.5128383757961783,0,2,None,66,1,5,False,1000,1000
10006,106,weighted,10,0.5135350318471338,0,2,None,66,1,5,False,1000,1000
10007,107,weighted,10,0.513734076433121,0,2,None,66,1,5,False,1000,1000
10008,108,weighted,10,0.5140326433121019,0,2,None,66,1,5,False,1000,1000
10009,109,weighted,10,0.5150278662420382,0,2,None,66,1,5,False,1000,1000
10010,105,weighted,10,0.4284434713375796,0,14,None,66,1,5,False,1000,1000
10011,106,weighted,10,0.4289410828025478,0,14,None,66,1,5,False,1000,1000
10012,107,weighted,10,0.4294386942675159,0,14,None,66,1,5,False,1000,1000
10013,108,weighted,10,0.430234872611465,0,14,None,66,1,5,False,1000,1000
10014,109,weighted,10,0.4306329617834395,0,14,None,66,1,5,False,1000,1000
10015,105,weighted,10,0.5535429936305732,0,9,None,66,1,5,False,1000,1000
10016,106,weighted,10,0.5573248407643312,0,9,None,66,1,5,False,1000,1000
10017,107,weighted,10,0.5610071656050956,0,9,None,66,1,5,False,1000,1000
10018,108,weighted,10,0.5634952229299363,0,9,None,66,1,5,False,1000,1000
10019,109,weighted,10,0.5648885350318471,0,9,None,66,1,5,False,1000,1000
10020,105,weighted,10,0.4931329617834395,0,22,None,66,1,5,False,1000,1000
10021,106,weighted,10,0.5008957006369427,0,22,None,66,1,5,False,1000,1000
10022,107,weighted,10,0.5068670382165605,0,22,None,66,1,5,False,1000,1000
10023,108,weighted,10,0.5140326433121019,0,22,None,66,1,5,False,1000,1000
10024,109,weighted,10,0.5200039808917197,0,22,None,66,1,5,False,1000,1000
10025,105,weighted,10,0.4546178343949044,0,4,None,66,1,5,False,1000,1000
10026,106,weighted,10,0.4605891719745223,0,4,None,66,1,5,False,1000,1000
10027,107,weighted,10,0.4665605095541401,0,4,None,66,1,5,False,1000,1000
10028,108,weighted,10,0.4735270700636942,0,4,None,66,1,5,False,1000,1000
10029,109,weighted,10,0.4815883757961783,0,4,None,66,1,5,False,1000,1000
10030,105,weighted,10,0.4995023885350318,0,0,None,66,1,5,False,1000,1000
10031,106,weighted,10,0.5044785031847133,0,0,None,66,1,5,False,1000,1000
10032,107,weighted,10,0.506468949044586,0,0,None,66,1,5,False,1000,1000
10033,108,weighted,10,0.5100517515923567,0,0,None,66,1,5,False,1000,1000
10034,109,weighted,10,0.5115445859872612,0,0,None,66,1,5,False,1000,1000
10035,105,weighted,10,0.5159235668789809,0,23,None,66,1,5,False,1000,1000
10036,106,weighted,10,0.5230891719745223,0,23,None,66,1,5,False,1000,1000
10037,107,weighted,10,0.5300557324840764,0,23,None,66,1,5,False,1000,1000
10038,108,weighted,10,0.5354299363057324,0,23,None,66,1,5,False,1000,1000
10039,109,weighted,10,0.5401074840764332,0,23,None,66,1,5,False,1000,1000
10040,105,weighted,10,0.522093949044586,0,6,None,66,1,5,False,1000,1000
10041,106,weighted,10,0.5254777070063694,0,6,None,66,1,5,False,1000,1000
10042,107,weighted,10,0.5291600318471338,0,6,None,66,1,5,False,1000,1000
10043,108,weighted,10,0.53234474522293,0,6,None,66,1,5,False,1000,1000
10044,109,weighted,10,0.5357285031847133,0,6,None,66,1,5,False,1000,1000
10045,105,weighted,10,0.5439888535031847,0,3,None,66,1,5,False,1000,1000
10046,106,weighted,10,0.5603105095541401,0,3,None,66,1,5,False,1000,1000
10047,107,weighted,10,0.5694665605095541,0,3,None,66,1,5,False,1000,1000
10048,108,weighted,10,0.5726512738853503,0,3,None,66,1,5,False,1000,1000
10049,109,weighted,10,0.5753383757961783,0,3,None,66,1,5,False,1000,1000
10050,105,weighted,10,0.4942277070063694,0,7,None,66,1,5,False,1000,1000
10051,106,weighted,10,0.4997014331210191,0,7,None,66,1,5,False,1000,1000
10052,107,weighted,10,0.5048765923566879,0,7,None,66,1,5,False,1000,1000
10053,108,weighted,10,0.5076632165605095,0,7,None,66,1,5,False,1000,1000
10054,109,weighted,10,0.5114450636942676,0,7,None,66,1,5,False,1000,1000
10055,105,weighted,10,0.5341361464968153,0,16,None,66,1,5,False,1000,1000
10056,106,weighted,10,0.533937101910828,0,16,None,66,1,5,False,1000,1000
10057,107,weighted,10,0.5363256369426752,0,16,None,66,1,5,False,1000,1000
10058,108,weighted,10,0.5399084394904459,0,16,None,66,1,5,False,1000,1000
10059,109,weighted,10,0.5421974522292994,0,16,None,66,1,5,False,1000,1000
10060,105,weighted,10,0.511046974522293,0,32,None,66,1,5,False,1000,1000
10061,106,weighted,10,0.5113455414012739,0,32,None,66,1,5,False,1000,1000
10062,107,weighted,10,0.5119426751592356,0,32,None,66,1,5,False,1000,1000
10063,108,weighted,10,0.512937898089172,0,32,None,66,1,5,False,1000,1000
10064,109,weighted,10,0.5136345541401274,0,32,None,66,1,5,False,1000,1000
10065,110,weighted,10,0.5575238853503185,0,27,None,66,1,5,False,1000,1000
10066,111,weighted,10,0.5599124203821656,0,27,None,66,1,5,False,1000,1000
10067,112,weighted,10,0.5627985668789809,0,27,None,66,1,5,False,1000,1000
10068,113,weighted,10,0.565187101910828,0,27,None,66,1,5,False,1000,1000
10069,114,weighted,10,0.5664808917197452,0,27,None,66,1,5,False,1000,1000
10070,110,weighted,10,0.5130374203821656,0,1,None,66,1,5,False,1000,1000
10071,111,weighted,10,0.5173168789808917,0,1,None,66,1,5,False,1000,1000
10072,112,weighted,10,0.5197054140127388,0,1,None,66,1,5,False,1000,1000
10073,113,weighted,10,0.522093949044586,0,1,None,66,1,5,False,1000,1000
10074,114,weighted,10,0.5242834394904459,0,1,None,66,1,5,False,1000,1000
10075,110,weighted,10,0.5676751592356688,0,21,None,66,1,5,False,1000,1000
10076,111,weighted,10,0.5687699044585988,0,21,None,66,1,5,False,1000,1000
10077,112,weighted,10,0.5696656050955414,0,21,None,66,1,5,False,1000,1000
10078,113,weighted,10,0.5714570063694268,0,21,None,66,1,5,False,1000,1000
10079,114,weighted,10,0.5740445859872612,0,21,None,66,1,5,False,1000,1000
10080,110,weighted,10,0.518312101910828,0,2,None,66,1,5,False,1000,1000
10081,111,weighted,10,0.5185111464968153,0,2,None,66,1,5,False,1000,1000
10082,112,weighted,10,0.518312101910828,0,2,None,66,1,5,False,1000,1000
10083,113,weighted,10,0.5190087579617835,0,2,None,66,1,5,False,1000,1000
10084,114,weighted,10,0.5182125796178344,0,2,None,66,1,5,False,1000,1000
10085,110,weighted,10,0.5314490445859873,0,22,None,66,1,5,False,1000,1000
10086,111,weighted,10,0.5344347133757962,0,22,None,66,1,5,False,1000,1000
10087,112,weighted,10,0.5361265923566879,0,22,None,66,1,5,False,1000,1000
10088,113,weighted,10,0.537718949044586,0,22,None,66,1,5,False,1000,1000
10089,114,weighted,10,0.5393113057324841,0,22,None,66,1,5,False,1000,1000
10090,110,weighted,10,0.535031847133758,0,23,None,66,1,5,False,1000,1000
10091,111,weighted,10,0.5402070063694268,0,23,None,66,1,5,False,1000,1000
10092,112,weighted,10,0.5425955414012739,0,23,None,66,1,5,False,1000,1000
10093,113,weighted,10,0.5467754777070064,0,23,None,66,1,5,False,1000,1000
10094,114,weighted,10,0.5486664012738853,0,23,None,66,1,5,False,1000,1000
10095,110,weighted,10,0.5518511146496815,0,29,None,66,1,5,False,1000,1000
10096,111,weighted,10,0.5527468152866242,0,29,None,66,1,5,False,1000,1000
10097,112,weighted,10,0.5528463375796179,0,29,None,66,1,5,False,1000,1000
10098,113,weighted,10,0.5528463375796179,0,29,None,66,1,5,False,1000,1000
10099,114,weighted,10,0.5530453821656051,0,29,None,66,1,5,False,1000,1000
10100,110,weighted,10,0.5660828025477707,0,9,None,66,1,5,False,1000,1000
10101,111,weighted,10,0.5672770700636943,0,9,None,66,1,5,False,1000,1000
10102,112,weighted,10,0.5679737261146497,0,9,None,66,1,5,False,1000,1000
10103,113,weighted,10,0.5688694267515924,0,9,None,66,1,5,False,1000,1000
10104,114,weighted,10,0.5690684713375797,0,9,None,66,1,5,False,1000,1000
10105,110,weighted,10,0.5356289808917197,0,13,None,66,1,5,False,1000,1000
10106,111,weighted,10,0.5357285031847133,0,13,None,66,1,5,False,1000,1000
10107,112,weighted,10,0.5353304140127388,0,13,None,66,1,5,False,1000,1000
10108,113,weighted,10,0.5359275477707006,0,13,None,66,1,5,False,1000,1000
10109,114,weighted,10,0.5343351910828026,0,13,None,66,1,5,False,1000,1000
10110,110,weighted,10,0.5344347133757962,0,25,None,66,1,5,False,1000,1000
10111,111,weighted,10,0.5345342356687898,0,25,None,66,1,5,False,1000,1000
10112,112,weighted,10,0.5357285031847133,0,25,None,66,1,5,False,1000,1000
10113,113,weighted,10,0.5371218152866242,0,25,None,66,1,5,False,1000,1000
10114,114,weighted,10,0.5370222929936306,0,25,None,66,1,5,False,1000,1000
10115,110,weighted,10,0.5426950636942676,0,15,None,66,1,5,False,1000,1000
10116,111,weighted,10,0.5439888535031847,0,15,None,66,1,5,False,1000,1000
10117,112,weighted,10,0.5474721337579618,0,15,None,66,1,5,False,1000,1000
10118,113,weighted,10,0.5490644904458599,0,15,None,66,1,5,False,1000,1000
10119,114,weighted,10,0.5504578025477707,0,15,None,66,1,5,False,1000,1000
10120,110,weighted,10,0.5647890127388535,0,10,None,66,1,5,False,1000,1000
10121,111,weighted,10,0.5660828025477707,0,10,None,66,1,5,False,1000,1000
10122,112,weighted,10,0.5669785031847133,0,10,None,66,1,5,False,1000,1000
10123,113,weighted,10,0.5674761146496815,0,10,None,66,1,5,False,1000,1000
10124,114,weighted,10,0.5687699044585988,0,10,None,66,1,5,False,1000,1000
10125,110,weighted,10,0.5817078025477707,0,17,None,66,1,5,False,1000,1000
10126,111,weighted,10,0.5821058917197452,0,17,None,66,1,5,False,1000,1000
10127,112,weighted,10,0.583797770700637,0,17,None,66,1,5,False,1000,1000
10128,113,weighted,10,0.5856886942675159,0,17,None,66,1,5,False,1000,1000
10129,114,weighted,10,0.5876791401273885,0,17,None,66,1,5,False,1000,1000
10130,110,weighted,10,0.5019904458598726,0,11,None,66,1,5,False,1000,1000
10131,111,weighted,10,0.5022890127388535,0,11,None,66,1,5,False,1000,1000
10132,112,weighted,10,0.5028861464968153,0,11,None,66,1,5,False,1000,1000
10133,113,weighted,10,0.503781847133758,0,11,None,66,1,5,False,1000,1000
10134,114,weighted,10,0.5044785031847133,0,11,None,66,1,5,False,1000,1000
10135,110,weighted,10,0.5630971337579618,0,24,None,66,1,5,False,1000,1000
10136,111,weighted,10,0.5638933121019108,0,24,None,66,1,5,False,1000,1000
10137,112,weighted,10,0.5659832802547771,0,24,None,66,1,5,False,1000,1000
10138,113,weighted,10,0.5679737261146497,0,24,None,66,1,5,False,1000,1000
10139,114,weighted,10,0.5707603503184714,0,24,None,66,1,5,False,1000,1000
10140,110,weighted,10,0.4242635350318471,0,28,None,66,1,5,False,1000,1000
10141,111,weighted,10,0.4275477707006369,0,28,None,66,1,5,False,1000,1000
10142,112,weighted,10,0.429140127388535,0,28,None,66,1,5,False,1000,1000
10143,113,weighted,10,0.4314291401273885,0,28,None,66,1,5,False,1000,1000
10144,114,weighted,10,0.4349124203821656,0,28,None,66,1,5,False,1000,1000
10145,110,weighted,10,0.5473726114649682,0,5,None,66,1,5,False,1000,1000
10146,111,weighted,10,0.5485668789808917,0,5,None,66,1,5,False,1000,1000
10147,112,weighted,10,0.5507563694267515,0,5,None,66,1,5,False,1000,1000
10148,113,weighted,10,0.5519506369426752,0,5,None,66,1,5,False,1000,1000
10149,114,weighted,10,0.5529458598726115,0,5,None,66,1,5,False,1000,1000
10150,110,weighted,10,0.550656847133758,0,6,None,66,1,5,False,1000,1000
10151,111,weighted,10,0.5521496815286624,0,6,None,66,1,5,False,1000,1000
10152,112,weighted,10,0.5519506369426752,0,6,None,66,1,5,False,1000,1000
10153,113,weighted,10,0.5528463375796179,0,6,None,66,1,5,False,1000,1000
10154,114,weighted,10,0.5539410828025477,0,6,None,66,1,5,False,1000,1000
10155,110,weighted,10,0.5593152866242038,0,12,None,66,1,5,False,1000,1000
10156,111,weighted,10,0.5645899681528662,0,12,None,66,1,5,False,1000,1000
10157,112,weighted,10,0.5682722929936306,0,12,None,66,1,5,False,1000,1000
10158,113,weighted,10,0.5709593949044586,0,12,None,66,1,5,False,1000,1000
10159,114,weighted,10,0.5737460191082803,0,12,None,66,1,5,False,1000,1000
10160,110,weighted,10,0.5231886942675159,0,26,None,66,1,5,False,1000,1000
10161,111,weighted,10,0.525577229299363,0,26,None,66,1,5,False,1000,1000
10162,112,weighted,10,0.527468152866242,0,26,None,66,1,5,False,1000,1000
10163,113,weighted,10,0.5291600318471338,0,26,None,66,1,5,False,1000,1000
10164,114,weighted,10,0.5317476114649682,0,26,None,66,1,5,False,1000,1000
10165,110,weighted,10,0.4316281847133758,0,14,None,66,1,5,False,1000,1000
10166,111,weighted,10,0.4320262738853503,0,14,None,66,1,5,False,1000,1000
10167,112,weighted,10,0.4334195859872611,0,14,None,66,1,5,False,1000,1000
10168,113,weighted,10,0.4347133757961783,0,14,None,66,1,5,False,1000,1000
10169,114,weighted,10,0.4355095541401274,0,14,None,66,1,5,False,1000,1000
10170,110,weighted,10,0.5539410828025477,0,30,None,66,1,5,False,1000,1000
10171,111,weighted,10,0.5559315286624203,0,30,None,66,1,5,False,1000,1000
10172,112,weighted,10,0.5569267515923567,0,30,None,66,1,5,False,1000,1000
10173,113,weighted,10,0.5581210191082803,0,30,None,66,1,5,False,1000,1000
10174,114,weighted,10,0.5591162420382165,0,30,None,66,1,5,False,1000,1000
10175,110,weighted,10,0.5161226114649682,0,32,None,66,1,5,False,1000,1000
10176,111,weighted,10,0.5163216560509554,0,32,None,66,1,5,False,1000,1000
10177,112,weighted,10,0.5154259554140127,0,32,None,66,1,5,False,1000,1000
10178,113,weighted,10,0.5166202229299363,0,32,None,66,1,5,False,1000,1000
10179,114,weighted,10,0.5221934713375797,0,32,None,66,1,5,False,1000,1000
10180,110,weighted,10,0.5256767515923567,0,7,None,66,1,5,False,1000,1000
10181,111,weighted,10,0.5271695859872612,0,7,None,66,1,5,False,1000,1000
10182,112,weighted,10,0.5291600318471338,0,7,None,66,1,5,False,1000,1000
10183,113,weighted,10,0.5305533439490446,0,7,None,66,1,5,False,1000,1000
10184,114,weighted,10,0.5316480891719745,0,7,None,66,1,5,False,1000,1000
10185,110,weighted,10,0.5505573248407644,0,16,None,66,1,5,False,1000,1000
10186,111,weighted,10,0.5557324840764332,0,16,None,66,1,5,False,1000,1000
10187,112,weighted,10,0.5607085987261147,0,16,None,66,1,5,False,1000,1000
10188,113,weighted,10,0.5696656050955414,0,16,None,66,1,5,False,1000,1000
10189,114,weighted,10,0.5759355095541401,0,16,None,66,1,5,False,1000,1000
10190,110,weighted,10,0.5161226114649682,0,0,None,66,1,5,False,1000,1000
10191,111,weighted,10,0.5166202229299363,0,0,None,66,1,5,False,1000,1000
10192,112,weighted,10,0.5180135350318471,0,0,None,66,1,5,False,1000,1000
10193,113,weighted,10,0.5190087579617835,0,0,None,66,1,5,False,1000,1000
10194,114,weighted,10,0.5197054140127388,0,0,None,66,1,5,False,1000,1000
10195,110,weighted,10,0.5574243630573248,0,18,None,66,1,5,False,1000,1000
10196,111,weighted,10,0.557921974522293,0,18,None,66,1,5,False,1000,1000
10197,112,weighted,10,0.557921974522293,0,18,None,66,1,5,False,1000,1000
10198,113,weighted,10,0.5584195859872612,0,18,None,66,1,5,False,1000,1000
10199,114,weighted,10,0.5581210191082803,0,18,None,66,1,5,False,1000,1000
10200,110,weighted,10,0.5229896496815286,0,8,None,66,1,5,False,1000,1000
10201,111,weighted,10,0.5250796178343949,0,8,None,66,1,5,False,1000,1000
10202,112,weighted,10,0.5258757961783439,0,8,None,66,1,5,False,1000,1000
10203,113,weighted,10,0.526671974522293,0,8,None,66,1,5,False,1000,1000
10204,114,weighted,10,0.5286624203821656,0,8,None,66,1,5,False,1000,1000
10205,110,weighted,10,0.5730493630573248,0,31,None,66,1,5,False,1000,1000
10206,111,weighted,10,0.5744426751592356,0,31,None,66,1,5,False,1000,1000
10207,112,weighted,10,0.5761345541401274,0,31,None,66,1,5,False,1000,1000
10208,113,weighted,10,0.578125,0,31,None,66,1,5,False,1000,1000
10209,114,weighted,10,0.5804140127388535,0,31,None,66,1,5,False,1000,1000
10210,110,weighted,10,0.5058718152866242,0,19,None,66,1,5,False,1000,1000
10211,111,weighted,10,0.5077627388535032,0,19,None,66,1,5,False,1000,1000
10212,112,weighted,10,0.5090565286624203,0,19,None,66,1,5,False,1000,1000
10213,113,weighted,10,0.5104498407643312,0,19,None,66,1,5,False,1000,1000
10214,114,weighted,10,0.5120421974522293,0,19,None,66,1,5,False,1000,1000
10215,110,weighted,10,0.4986066878980891,0,4,None,66,1,5,False,1000,1000
10216,111,weighted,10,0.5034832802547771,0,4,None,66,1,5,False,1000,1000
10217,112,weighted,10,0.5077627388535032,0,4,None,66,1,5,False,1000,1000
10218,113,weighted,10,0.5096536624203821,0,4,None,66,1,5,False,1000,1000
10219,114,weighted,10,0.5132364649681529,0,4,None,66,1,5,False,1000,1000
10220,110,weighted,10,0.5756369426751592,0,3,None,66,1,5,False,1000,1000
10221,111,weighted,10,0.57703025477707,0,3,None,66,1,5,False,1000,1000
10222,112,weighted,10,0.5782245222929936,0,3,None,66,1,5,False,1000,1000
10223,113,weighted,10,0.5787221337579618,0,3,None,66,1,5,False,1000,1000
10224,114,weighted,10,0.57921974522293,0,3,None,66,1,5,False,1000,1000
10225,110,weighted,10,0.535828025477707,0,20,None,66,1,5,False,1000,1000
10226,111,weighted,10,0.5381170382165605,0,20,None,66,1,5,False,1000,1000
10227,112,weighted,10,0.5400079617834395,0,20,None,66,1,5,False,1000,1000
10228,113,weighted,10,0.5421974522292994,0,20,None,66,1,5,False,1000,1000
10229,114,weighted,10,0.5446855095541401,0,20,None,66,1,5,False,1000,1000
10230,115,weighted,10,0.5652866242038217,0,30,None,66,1,5,False,1000,1000
10231,116,weighted,10,0.5660828025477707,0,30,None,66,1,5,False,1000,1000
10232,117,weighted,10,0.5668789808917197,0,30,None,66,1,5,False,1000,1000
10233,118,weighted,10,0.5682722929936306,0,30,None,66,1,5,False,1000,1000
10234,119,weighted,10,0.5694665605095541,0,30,None,66,1,5,False,1000,1000
10235,115,weighted,10,0.5245820063694268,0,1,None,66,1,5,False,1000,1000
10236,116,weighted,10,0.5272691082802548,0,1,None,66,1,5,False,1000,1000
10237,117,weighted,10,0.5290605095541401,0,1,None,66,1,5,False,1000,1000
10238,118,weighted,10,0.5314490445859873,0,1,None,66,1,5,False,1000,1000
10239,119,weighted,10,0.5327428343949044,0,1,None,66,1,5,False,1000,1000
10240,115,weighted,10,0.5747412420382165,0,21,None,66,1,5,False,1000,1000
10241,116,weighted,10,0.5764331210191083,0,21,None,66,1,5,False,1000,1000
10242,117,weighted,10,0.5778264331210191,0,21,None,66,1,5,False,1000,1000
10243,118,weighted,10,0.5793192675159236,0,21,None,66,1,5,False,1000,1000
10244,119,weighted,10,0.580812101910828,0,21,None,66,1,5,False,1000,1000
10245,115,weighted,10,0.5677746815286624,0,27,None,66,1,5,False,1000,1000
10246,116,weighted,10,0.5695660828025477,0,27,None,66,1,5,False,1000,1000
10247,117,weighted,10,0.5719546178343949,0,27,None,66,1,5,False,1000,1000
10248,118,weighted,10,0.5736464968152867,0,27,None,66,1,5,False,1000,1000
10249,119,weighted,10,0.5751393312101911,0,27,None,66,1,5,False,1000,1000
10250,115,weighted,10,0.5218949044585988,0,2,None,66,1,5,False,1000,1000
10251,116,weighted,10,0.5227906050955414,0,2,None,66,1,5,False,1000,1000
10252,117,weighted,10,0.522890127388535,0,2,None,66,1,5,False,1000,1000
10253,118,weighted,10,0.5232882165605095,0,2,None,66,1,5,False,1000,1000
10254,119,weighted,10,0.5241839171974523,0,2,None,66,1,5,False,1000,1000
10255,115,weighted,10,0.5402070063694268,0,20,None,66,1,5,False,1000,1000
10256,116,weighted,10,0.5425955414012739,0,20,None,66,1,5,False,1000,1000
10257,117,weighted,10,0.5434912420382165,0,20,None,66,1,5,False,1000,1000
10258,118,weighted,10,0.5448845541401274,0,20,None,66,1,5,False,1000,1000
10259,119,weighted,10,0.5466759554140127,0,20,None,66,1,5,False,1000,1000
10260,115,weighted,10,0.5187101910828026,0,4,None,66,1,5,False,1000,1000
10261,116,weighted,10,0.5218949044585988,0,4,None,66,1,5,False,1000,1000
10262,117,weighted,10,0.5233877388535032,0,4,None,66,1,5,False,1000,1000
10263,118,weighted,10,0.5262738853503185,0,4,None,66,1,5,False,1000,1000
10264,119,weighted,10,0.5282643312101911,0,4,None,66,1,5,False,1000,1000
10265,115,weighted,10,0.5448845541401274,0,22,None,66,1,5,False,1000,1000
10266,116,weighted,10,0.5451831210191083,0,22,None,66,1,5,False,1000,1000
10267,117,weighted,10,0.5461783439490446,0,22,None,66,1,5,False,1000,1000
10268,118,weighted,10,0.5447850318471338,0,22,None,66,1,5,False,1000,1000
10269,119,weighted,10,0.5467754777070064,0,22,None,66,1,5,False,1000,1000
10270,115,weighted,10,0.5419984076433121,0,23,None,66,1,5,False,1000,1000
10271,116,weighted,10,0.5452826433121019,0,23,None,66,1,5,False,1000,1000
10272,117,weighted,10,0.5491640127388535,0,23,None,66,1,5,False,1000,1000
10273,118,weighted,10,0.5522492038216561,0,23,None,66,1,5,False,1000,1000
10274,119,weighted,10,0.5565286624203821,0,23,None,66,1,5,False,1000,1000
10275,115,weighted,10,0.5551353503184714,0,5,None,66,1,5,False,1000,1000
10276,116,weighted,10,0.5559315286624203,0,5,None,66,1,5,False,1000,1000
10277,117,weighted,10,0.5571257961783439,0,5,None,66,1,5,False,1000,1000
10278,118,weighted,10,0.5584195859872612,0,5,None,66,1,5,False,1000,1000
10279,119,weighted,10,0.5597133757961783,0,5,None,66,1,5,False,1000,1000
10280,115,weighted,10,0.535031847133758,0,7,None,66,1,5,False,1000,1000
10281,116,weighted,10,0.5365246815286624,0,7,None,66,1,5,False,1000,1000
10282,117,weighted,10,0.536922770700637,0,7,None,66,1,5,False,1000,1000
10283,118,weighted,10,0.5375199044585988,0,7,None,66,1,5,False,1000,1000
10284,119,weighted,10,0.537718949044586,0,7,None,66,1,5,False,1000,1000
10285,115,weighted,10,0.5722531847133758,0,16,None,66,1,5,False,1000,1000
10286,116,weighted,10,0.5820063694267515,0,16,None,66,1,5,False,1000,1000
10287,117,weighted,10,0.5834992038216561,0,16,None,66,1,5,False,1000,1000
10288,118,weighted,10,0.5866839171974523,0,16,None,66,1,5,False,1000,1000
10289,119,weighted,10,0.5875796178343949,0,16,None,66,1,5,False,1000,1000
10290,115,weighted,10,0.5448845541401274,0,32,None,66,1,5,False,1000,1000
10291,116,weighted,10,0.5551353503184714,0,32,None,66,1,5,False,1000,1000
10292,117,weighted,10,0.5632961783439491,0,32,None,66,1,5,False,1000,1000
10293,118,weighted,10,0.565187101910828,0,32,None,66,1,5,False,1000,1000
10294,119,weighted,10,0.566281847133758,0,32,None,66,1,5,False,1000,1000
10295,115,weighted,10,0.4477507961783439,0,14,None,66,1,5,False,1000,1000
10296,116,weighted,10,0.457703025477707,0,14,None,66,1,5,False,1000,1000
10297,117,weighted,10,0.46875,0,14,None,66,1,5,False,1000,1000
10298,118,weighted,10,0.4773089171974522,0,14,None,66,1,5,False,1000,1000
10299,119,weighted,10,0.4829816878980891,0,14,None,66,1,5,False,1000,1000
10300,115,weighted,10,0.5696656050955414,0,9,None,66,1,5,False,1000,1000
10301,116,weighted,10,0.5703622611464968,0,9,None,66,1,5,False,1000,1000
10302,117,weighted,10,0.570859872611465,0,9,None,66,1,5,False,1000,1000
10303,118,weighted,10,0.5726512738853503,0,9,None,66,1,5,False,1000,1000
10304,119,weighted,10,0.574343152866242,0,9,None,66,1,5,False,1000,1000
10305,115,weighted,10,0.5591162420382165,0,29,None,66,1,5,False,1000,1000
10306,116,weighted,10,0.5570262738853503,0,29,None,66,1,5,False,1000,1000
10307,117,weighted,10,0.5571257961783439,0,29,None,66,1,5,False,1000,1000
10308,118,weighted,10,0.5570262738853503,0,29,None,66,1,5,False,1000,1000
10309,119,weighted,10,0.5576234076433121,0,29,None,66,1,5,False,1000,1000
10310,115,weighted,10,0.5595143312101911,0,6,None,66,1,5,False,1000,1000
10311,116,weighted,10,0.5594148089171974,0,6,None,66,1,5,False,1000,1000
10312,117,weighted,10,0.5607085987261147,0,6,None,66,1,5,False,1000,1000
10313,118,weighted,10,0.5610071656050956,0,6,None,66,1,5,False,1000,1000
10314,119,weighted,10,0.5616042993630573,0,6,None,66,1,5,False,1000,1000
10315,115,weighted,10,0.5695660828025477,0,12,None,66,1,5,False,1000,1000
10316,116,weighted,10,0.5726512738853503,0,12,None,66,1,5,False,1000,1000
10317,117,weighted,10,0.5745421974522293,0,12,None,66,1,5,False,1000,1000
10318,118,weighted,10,0.5778264331210191,0,12,None,66,1,5,False,1000,1000
10319,119,weighted,10,0.5806130573248408,0,12,None,66,1,5,False,1000,1000
10320,115,weighted,10,0.5391122611464968,0,13,None,66,1,5,False,1000,1000
10321,116,weighted,10,0.5375199044585988,0,13,None,66,1,5,False,1000,1000
10322,117,weighted,10,0.5373208598726115,0,13,None,66,1,5,False,1000,1000
10323,118,weighted,10,0.5371218152866242,0,13,None,66,1,5,False,1000,1000
10324,119,weighted,10,0.5368232484076433,0,13,None,66,1,5,False,1000,1000
10325,115,weighted,10,0.5378184713375797,0,25,None,66,1,5,False,1000,1000
10326,116,weighted,10,0.5382165605095541,0,25,None,66,1,5,False,1000,1000
10327,117,weighted,10,0.5391122611464968,0,25,None,66,1,5,False,1000,1000
10328,118,weighted,10,0.540406050955414,0,25,None,66,1,5,False,1000,1000
10329,119,weighted,10,0.5416003184713376,0,25,None,66,1,5,False,1000,1000
10330,115,weighted,10,0.5364251592356688,0,26,None,66,1,5,False,1000,1000
10331,116,weighted,10,0.537718949044586,0,26,None,66,1,5,False,1000,1000
10332,117,weighted,10,0.5391122611464968,0,26,None,66,1,5,False,1000,1000
10333,118,weighted,10,0.5401074840764332,0,26,None,66,1,5,False,1000,1000
10334,119,weighted,10,0.5406050955414012,0,26,None,66,1,5,False,1000,1000
10335,115,weighted,10,0.5572253184713376,0,15,None,66,1,5,False,1000,1000
10336,116,weighted,10,0.5584195859872612,0,15,None,66,1,5,False,1000,1000
10337,117,weighted,10,0.5597133757961783,0,15,None,66,1,5,False,1000,1000
10338,118,weighted,10,0.5600119426751592,0,15,None,66,1,5,False,1000,1000
10339,119,weighted,10,0.5607085987261147,0,15,None,66,1,5,False,1000,1000
10340,115,weighted,10,0.571656050955414,0,10,None,66,1,5,False,1000,1000
10341,116,weighted,10,0.5728503184713376,0,10,None,66,1,5,False,1000,1000
10342,117,weighted,10,0.5739450636942676,0,10,None,66,1,5,False,1000,1000
10343,118,weighted,10,0.5748407643312102,0,10,None,66,1,5,False,1000,1000
10344,119,weighted,10,0.5765326433121019,0,10,None,66,1,5,False,1000,1000
10345,115,weighted,10,0.5062699044585988,0,11,None,66,1,5,False,1000,1000
10346,116,weighted,10,0.5069665605095541,0,11,None,66,1,5,False,1000,1000
10347,117,weighted,10,0.5081608280254777,0,11,None,66,1,5,False,1000,1000
10348,118,weighted,10,0.5088574840764332,0,11,None,66,1,5,False,1000,1000
10349,119,weighted,10,0.5088574840764332,0,11,None,66,1,5,False,1000,1000
10350,115,weighted,10,0.5905652866242038,0,17,None,66,1,5,False,1000,1000
10351,116,weighted,10,0.5907643312101911,0,17,None,66,1,5,False,1000,1000
10352,117,weighted,10,0.5930533439490446,0,17,None,66,1,5,False,1000,1000
10353,118,weighted,10,0.5938495222929936,0,17,None,66,1,5,False,1000,1000
10354,119,weighted,10,0.5953423566878981,0,17,None,66,1,5,False,1000,1000
10355,115,weighted,10,0.569765127388535,0,24,None,66,1,5,False,1000,1000
10356,116,weighted,10,0.5719546178343949,0,24,None,66,1,5,False,1000,1000
10357,117,weighted,10,0.5748407643312102,0,24,None,66,1,5,False,1000,1000
10358,118,weighted,10,0.5767316878980892,0,24,None,66,1,5,False,1000,1000
10359,119,weighted,10,0.5775278662420382,0,24,None,66,1,5,False,1000,1000
10360,115,weighted,10,0.5319466560509554,0,8,None,66,1,5,False,1000,1000
10361,116,weighted,10,0.5321457006369427,0,8,None,66,1,5,False,1000,1000
10362,117,weighted,10,0.5341361464968153,0,8,None,66,1,5,False,1000,1000
10363,118,weighted,10,0.5363256369426752,0,8,None,66,1,5,False,1000,1000
10364,119,weighted,10,0.5378184713375797,0,8,None,66,1,5,False,1000,1000
10365,115,weighted,10,0.5648885350318471,0,18,None,66,1,5,False,1000,1000
10366,116,weighted,10,0.565187101910828,0,18,None,66,1,5,False,1000,1000
10367,117,weighted,10,0.565187101910828,0,18,None,66,1,5,False,1000,1000
10368,118,weighted,10,0.5654856687898089,0,18,None,66,1,5,False,1000,1000
10369,119,weighted,10,0.5645899681528662,0,18,None,66,1,5,False,1000,1000
10370,115,weighted,10,0.5106488853503185,0,19,None,66,1,5,False,1000,1000
10371,116,weighted,10,0.5123407643312102,0,19,None,66,1,5,False,1000,1000
10372,117,weighted,10,0.5143312101910829,0,19,None,66,1,5,False,1000,1000
10373,118,weighted,10,0.5152269108280255,0,19,None,66,1,5,False,1000,1000
10374,119,weighted,10,0.5159235668789809,0,19,None,66,1,5,False,1000,1000
10375,115,weighted,10,0.5783240445859873,0,31,None,66,1,5,False,1000,1000
10376,116,weighted,10,0.5798168789808917,0,31,None,66,1,5,False,1000,1000
10377,117,weighted,10,0.5821058917197452,0,31,None,66,1,5,False,1000,1000
10378,118,weighted,10,0.5839968152866242,0,31,None,66,1,5,False,1000,1000
10379,119,weighted,10,0.5858877388535032,0,31,None,66,1,5,False,1000,1000
10380,115,weighted,10,0.5221934713375797,0,0,None,66,1,5,False,1000,1000
10381,116,weighted,10,0.5235867834394905,0,0,None,66,1,5,False,1000,1000
10382,117,weighted,10,0.5238853503184714,0,0,None,66,1,5,False,1000,1000
10383,118,weighted,10,0.5240843949044586,0,0,None,66,1,5,False,1000,1000
10384,119,weighted,10,0.5245820063694268,0,0,None,66,1,5,False,1000,1000
10385,115,weighted,10,0.426453025477707,0,28,None,66,1,5,False,1000,1000
10386,116,weighted,10,0.4307324840764331,0,28,None,66,1,5,False,1000,1000
10387,117,weighted,10,0.4355095541401274,0,28,None,66,1,5,False,1000,1000
10388,118,weighted,10,0.4379976114649681,0,28,None,66,1,5,False,1000,1000
10389,119,weighted,10,0.4399880573248407,0,28,None,66,1,5,False,1000,1000
10390,115,weighted,10,0.5801154458598726,0,3,None,66,1,5,False,1000,1000
10391,116,weighted,10,0.5801154458598726,0,3,None,66,1,5,False,1000,1000
10392,117,weighted,10,0.5803144904458599,0,3,None,66,1,5,False,1000,1000
10393,118,weighted,10,0.5802149681528662,0,3,None,66,1,5,False,1000,1000
10394,119,weighted,10,0.5807125796178344,0,3,None,66,1,5,False,1000,1000
10395,120,weighted,10,0.5333399681528662,0,1,None,66,1,5,False,1000,1000
10396,121,weighted,10,0.5356289808917197,0,1,None,66,1,5,False,1000,1000
10397,122,weighted,10,0.5368232484076433,0,1,None,66,1,5,False,1000,1000
10398,123,weighted,10,0.5384156050955414,0,1,None,66,1,5,False,1000,1000
10399,124,weighted,10,0.5393113057324841,0,1,None,66,1,5,False,1000,1000
10400,120,weighted,10,0.5268710191082803,0,2,None,66,1,5,False,1000,1000
10401,121,weighted,10,0.5286624203821656,0,2,None,66,1,5,False,1000,1000
10402,122,weighted,10,0.5295581210191083,0,2,None,66,1,5,False,1000,1000
10403,123,weighted,10,0.5307523885350318,0,2,None,66,1,5,False,1000,1000
10404,124,weighted,10,0.5303542993630573,0,2,None,66,1,5,False,1000,1000
10405,120,weighted,10,0.5616042993630573,0,5,None,66,1,5,False,1000,1000
10406,121,weighted,10,0.5637937898089171,0,5,None,66,1,5,False,1000,1000
10407,122,weighted,10,0.5645899681528662,0,5,None,66,1,5,False,1000,1000
10408,123,weighted,10,0.5664808917197452,0,5,None,66,1,5,False,1000,1000
10409,124,weighted,10,0.5675756369426752,0,5,None,66,1,5,False,1000,1000
10410,120,weighted,10,0.580812101910828,0,21,None,66,1,5,False,1000,1000
10411,121,weighted,10,0.5828025477707006,0,21,None,66,1,5,False,1000,1000
10412,122,weighted,10,0.584593949044586,0,21,None,66,1,5,False,1000,1000
10413,123,weighted,10,0.5874800955414012,0,21,None,66,1,5,False,1000,1000
10414,124,weighted,10,0.5887738853503185,0,21,None,66,1,5,False,1000,1000
10415,120,weighted,10,0.4309315286624204,0,28,None,66,1,5,False,1000,1000
10416,121,weighted,10,0.4351114649681528,0,28,None,66,1,5,False,1000,1000
10417,122,weighted,10,0.4385947452229299,0,28,None,66,1,5,False,1000,1000
10418,123,weighted,10,0.4424761146496815,0,28,None,66,1,5,False,1000,1000
10419,124,weighted,10,0.4456608280254777,0,28,None,66,1,5,False,1000,1000
10420,120,weighted,10,0.565187101910828,0,29,None,66,1,5,False,1000,1000
10421,121,weighted,10,0.5646894904458599,0,29,None,66,1,5,False,1000,1000
10422,122,weighted,10,0.5648885350318471,0,29,None,66,1,5,False,1000,1000
10423,123,weighted,10,0.565187101910828,0,29,None,66,1,5,False,1000,1000
10424,124,weighted,10,0.5650875796178344,0,29,None,66,1,5,False,1000,1000
10425,120,weighted,10,0.591859076433121,0,16,None,66,1,5,False,1000,1000
10426,121,weighted,10,0.5923566878980892,0,16,None,66,1,5,False,1000,1000
10427,122,weighted,10,0.5939490445859873,0,16,None,66,1,5,False,1000,1000
10428,123,weighted,10,0.5955414012738853,0,16,None,66,1,5,False,1000,1000
10429,124,weighted,10,0.5971337579617835,0,16,None,66,1,5,False,1000,1000
10430,120,weighted,10,0.5403065286624203,0,7,None,66,1,5,False,1000,1000
10431,121,weighted,10,0.5406050955414012,0,7,None,66,1,5,False,1000,1000
10432,122,weighted,10,0.5401074840764332,0,7,None,66,1,5,False,1000,1000
10433,123,weighted,10,0.5415007961783439,0,7,None,66,1,5,False,1000,1000
10434,124,weighted,10,0.5425955414012739,0,7,None,66,1,5,False,1000,1000
10435,120,weighted,10,0.5757364649681529,0,32,None,66,1,5,False,1000,1000
10436,121,weighted,10,0.5764331210191083,0,32,None,66,1,5,False,1000,1000
10437,122,weighted,10,0.5764331210191083,0,32,None,66,1,5,False,1000,1000
10438,123,weighted,10,0.5759355095541401,0,32,None,66,1,5,False,1000,1000
10439,124,weighted,10,0.5751393312101911,0,32,None,66,1,5,False,1000,1000
10440,120,weighted,10,0.5653861464968153,0,15,None,66,1,5,False,1000,1000
10441,121,weighted,10,0.5653861464968153,0,15,None,66,1,5,False,1000,1000
10442,122,weighted,10,0.5659832802547771,0,15,None,66,1,5,False,1000,1000
10443,123,weighted,10,0.566281847133758,0,15,None,66,1,5,False,1000,1000
10444,124,weighted,10,0.5674761146496815,0,15,None,66,1,5,False,1000,1000
10445,120,weighted,10,0.57921974522293,0,10,None,66,1,5,False,1000,1000
10446,121,weighted,10,0.580015923566879,0,10,None,66,1,5,False,1000,1000
10447,122,weighted,10,0.5804140127388535,0,10,None,66,1,5,False,1000,1000
10448,123,weighted,10,0.5814092356687898,0,10,None,66,1,5,False,1000,1000
10449,124,weighted,10,0.5826035031847133,0,10,None,66,1,5,False,1000,1000
10450,120,weighted,10,0.5415007961783439,0,13,None,66,1,5,False,1000,1000
10451,121,weighted,10,0.5405055732484076,0,13,None,66,1,5,False,1000,1000
10452,122,weighted,10,0.5415007961783439,0,13,None,66,1,5,False,1000,1000
10453,123,weighted,10,0.5418988853503185,0,13,None,66,1,5,False,1000,1000
10454,124,weighted,10,0.5416003184713376,0,13,None,66,1,5,False,1000,1000
10455,120,weighted,10,0.5771297770700637,0,12,None,66,1,5,False,1000,1000
10456,121,weighted,10,0.5794187898089171,0,12,None,66,1,5,False,1000,1000
10457,122,weighted,10,0.5823049363057324,0,12,None,66,1,5,False,1000,1000
10458,123,weighted,10,0.584593949044586,0,12,None,66,1,5,False,1000,1000
10459,124,weighted,10,0.5873805732484076,0,12,None,66,1,5,False,1000,1000
10460,120,weighted,10,0.5414012738853503,0,25,None,66,1,5,False,1000,1000
10461,121,weighted,10,0.5435907643312102,0,25,None,66,1,5,False,1000,1000
10462,122,weighted,10,0.5453821656050956,0,25,None,66,1,5,False,1000,1000
10463,123,weighted,10,0.5464769108280255,0,25,None,66,1,5,False,1000,1000
10464,124,weighted,10,0.5471735668789809,0,25,None,66,1,5,False,1000,1000
10465,120,weighted,10,0.5423964968152867,0,26,None,66,1,5,False,1000,1000
10466,121,weighted,10,0.5440883757961783,0,26,None,66,1,5,False,1000,1000
10467,122,weighted,10,0.5452826433121019,0,26,None,66,1,5,False,1000,1000
10468,123,weighted,10,0.5463773885350318,0,26,None,66,1,5,False,1000,1000
10469,124,weighted,10,0.5471735668789809,0,26,None,66,1,5,False,1000,1000
10470,120,weighted,10,0.5111464968152867,0,11,None,66,1,5,False,1000,1000
10471,121,weighted,10,0.5119426751592356,0,11,None,66,1,5,False,1000,1000
10472,122,weighted,10,0.5125398089171974,0,11,None,66,1,5,False,1000,1000
10473,123,weighted,10,0.5127388535031847,0,11,None,66,1,5,False,1000,1000
10474,124,weighted,10,0.5134355095541401,0,11,None,66,1,5,False,1000,1000
10475,120,weighted,10,0.5985270700636943,0,17,None,66,1,5,False,1000,1000
10476,121,weighted,10,0.5998208598726115,0,17,None,66,1,5,False,1000,1000
10477,122,weighted,10,0.6012141719745223,0,17,None,66,1,5,False,1000,1000
10478,123,weighted,10,0.602906050955414,0,17,None,66,1,5,False,1000,1000
10479,124,weighted,10,0.6044984076433121,0,17,None,66,1,5,False,1000,1000
10480,120,weighted,10,0.5398089171974523,0,8,None,66,1,5,False,1000,1000
10481,121,weighted,10,0.5411027070063694,0,8,None,66,1,5,False,1000,1000
10482,122,weighted,10,0.5431926751592356,0,8,None,66,1,5,False,1000,1000
10483,123,weighted,10,0.5439888535031847,0,8,None,66,1,5,False,1000,1000
10484,124,weighted,10,0.5452826433121019,0,8,None,66,1,5,False,1000,1000
10485,120,weighted,10,0.5730493630573248,0,18,None,66,1,5,False,1000,1000
10486,121,weighted,10,0.5737460191082803,0,18,None,66,1,5,False,1000,1000
10487,122,weighted,10,0.5730493630573248,0,18,None,66,1,5,False,1000,1000
10488,123,weighted,10,0.5721536624203821,0,18,None,66,1,5,False,1000,1000
10489,124,weighted,10,0.5729498407643312,0,18,None,66,1,5,False,1000,1000
10490,120,weighted,10,0.5158240445859873,0,19,None,66,1,5,False,1000,1000
10491,121,weighted,10,0.5177149681528662,0,19,None,66,1,5,False,1000,1000
10492,122,weighted,10,0.5193073248407644,0,19,None,66,1,5,False,1000,1000
10493,123,weighted,10,0.5214968152866242,0,19,None,66,1,5,False,1000,1000
10494,124,weighted,10,0.522890127388535,0,19,None,66,1,5,False,1000,1000
10495,120,weighted,10,0.5436902866242038,0,20,None,66,1,5,False,1000,1000
10496,121,weighted,10,0.5459792993630573,0,20,None,66,1,5,False,1000,1000
10497,122,weighted,10,0.5474721337579618,0,20,None,66,1,5,False,1000,1000
10498,123,weighted,10,0.5489649681528662,0,20,None,66,1,5,False,1000,1000
10499,124,weighted,10,0.550656847133758,0,20,None,66,1,5,False,1000,1000
10500,120,weighted,10,0.5814092356687898,0,3,None,66,1,5,False,1000,1000
10501,121,weighted,10,0.5820063694267515,0,3,None,66,1,5,False,1000,1000
10502,122,weighted,10,0.5820063694267515,0,3,None,66,1,5,False,1000,1000
10503,123,weighted,10,0.5820063694267515,0,3,None,66,1,5,False,1000,1000
10504,124,weighted,10,0.5833001592356688,0,3,None,66,1,5,False,1000,1000
10505,120,weighted,10,0.5748407643312102,0,9,None,66,1,5,False,1000,1000
10506,121,weighted,10,0.575437898089172,0,9,None,66,1,5,False,1000,1000
10507,122,weighted,10,0.5764331210191083,0,9,None,66,1,5,False,1000,1000
10508,123,weighted,10,0.5775278662420382,0,9,None,66,1,5,False,1000,1000
10509,124,weighted,10,0.5785230891719745,0,9,None,66,1,5,False,1000,1000
10510,120,weighted,10,0.5674761146496815,0,6,None,66,1,5,False,1000,1000
10511,121,weighted,10,0.5682722929936306,0,6,None,66,1,5,False,1000,1000
10512,122,weighted,10,0.5685708598726115,0,6,None,66,1,5,False,1000,1000
10513,123,weighted,10,0.5694665605095541,0,6,None,66,1,5,False,1000,1000
10514,124,weighted,10,0.5694665605095541,0,6,None,66,1,5,False,1000,1000
10515,120,weighted,10,0.4873606687898089,0,14,None,66,1,5,False,1000,1000
10516,121,weighted,10,0.4923367834394904,0,14,None,66,1,5,False,1000,1000
10517,122,weighted,10,0.4953224522292994,0,14,None,66,1,5,False,1000,1000
10518,123,weighted,10,0.4983081210191082,0,14,None,66,1,5,False,1000,1000
10519,124,weighted,10,0.5002985668789809,0,14,None,66,1,5,False,1000,1000
10520,120,weighted,10,0.5516520700636943,0,22,None,66,1,5,False,1000,1000
10521,121,weighted,10,0.5515525477707006,0,22,None,66,1,5,False,1000,1000
10522,122,weighted,10,0.5527468152866242,0,22,None,66,1,5,False,1000,1000
10523,123,weighted,10,0.5554339171974523,0,22,None,66,1,5,False,1000,1000
10524,124,weighted,10,0.5566281847133758,0,22,None,66,1,5,False,1000,1000
10525,120,weighted,10,0.5291600318471338,0,4,None,66,1,5,False,1000,1000
10526,121,weighted,10,0.5325437898089171,0,4,None,66,1,5,False,1000,1000
10527,122,weighted,10,0.5347332802547771,0,4,None,66,1,5,False,1000,1000
10528,123,weighted,10,0.5357285031847133,0,4,None,66,1,5,False,1000,1000
10529,124,weighted,10,0.5380175159235668,0,4,None,66,1,5,False,1000,1000
10530,120,weighted,10,0.5261743630573248,0,0,None,66,1,5,False,1000,1000
10531,121,weighted,10,0.5277667197452229,0,0,None,66,1,5,False,1000,1000
10532,122,weighted,10,0.5283638535031847,0,0,None,66,1,5,False,1000,1000
10533,123,weighted,10,0.529359076433121,0,0,None,66,1,5,False,1000,1000
10534,124,weighted,10,0.5294585987261147,0,0,None,66,1,5,False,1000,1000
10535,120,weighted,10,0.5499601910828026,0,23,None,66,1,5,False,1000,1000
10536,121,weighted,10,0.5542396496815286,0,23,None,66,1,5,False,1000,1000
10537,122,weighted,10,0.5584195859872612,0,23,None,66,1,5,False,1000,1000
10538,123,weighted,10,0.5613057324840764,0,23,None,66,1,5,False,1000,1000
10539,124,weighted,10,0.5641918789808917,0,23,None,66,1,5,False,1000,1000
10540,120,weighted,10,0.5757364649681529,0,24,None,66,1,5,False,1000,1000
10541,121,weighted,10,0.5780254777070064,0,24,None,66,1,5,False,1000,1000
10542,122,weighted,10,0.5789211783439491,0,24,None,66,1,5,False,1000,1000
10543,123,weighted,10,0.5813097133757962,0,24,None,66,1,5,False,1000,1000
10544,124,weighted,10,0.5834992038216561,0,24,None,66,1,5,False,1000,1000
10545,120,weighted,10,0.5764331210191083,0,27,None,66,1,5,False,1000,1000
10546,121,weighted,10,0.5787221337579618,0,27,None,66,1,5,False,1000,1000
10547,122,weighted,10,0.5807125796178344,0,27,None,66,1,5,False,1000,1000
10548,123,weighted,10,0.5830015923566879,0,27,None,66,1,5,False,1000,1000
10549,124,weighted,10,0.5856886942675159,0,27,None,66,1,5,False,1000,1000
10550,120,weighted,10,0.5714570063694268,0,30,None,66,1,5,False,1000,1000
10551,121,weighted,10,0.5719546178343949,0,30,None,66,1,5,False,1000,1000
10552,122,weighted,10,0.5730493630573248,0,30,None,66,1,5,False,1000,1000
10553,123,weighted,10,0.5746417197452229,0,30,None,66,1,5,False,1000,1000
10554,124,weighted,10,0.5751393312101911,0,30,None,66,1,5,False,1000,1000
10555,120,weighted,10,0.5844944267515924,0,31,None,66,1,5,False,1000,1000
10556,121,weighted,10,0.5860867834394905,0,31,None,66,1,5,False,1000,1000
10557,122,weighted,10,0.5881767515923567,0,31,None,66,1,5,False,1000,1000
10558,123,weighted,10,0.5889729299363057,0,31,None,66,1,5,False,1000,1000
10559,124,weighted,10,0.5916600318471338,0,31,None,66,1,5,False,1000,1000
10560,125,weighted,10,0.5729498407643312,0,6,None,66,1,5,False,1000,1000
10561,126,weighted,10,0.572452229299363,0,6,None,66,1,5,False,1000,1000
10562,127,weighted,10,0.5727507961783439,0,6,None,66,1,5,False,1000,1000
10563,128,weighted,10,0.5726512738853503,0,6,None,66,1,5,False,1000,1000
10564,129,weighted,10,0.5732484076433121,0,6,None,66,1,5,False,1000,1000
10565,125,weighted,10,0.5490644904458599,0,26,None,66,1,5,False,1000,1000
10566,126,weighted,10,0.549562101910828,0,26,None,66,1,5,False,1000,1000
10567,127,weighted,10,0.550656847133758,0,26,None,66,1,5,False,1000,1000
10568,128,weighted,10,0.5517515923566879,0,26,None,66,1,5,False,1000,1000
10569,129,weighted,10,0.552547770700637,0,26,None,66,1,5,False,1000,1000
10570,125,weighted,10,0.5484673566878981,0,25,None,66,1,5,False,1000,1000
10571,126,weighted,10,0.5493630573248408,0,25,None,66,1,5,False,1000,1000
10572,127,weighted,10,0.5504578025477707,0,25,None,66,1,5,False,1000,1000
10573,128,weighted,10,0.5524482484076433,0,25,None,66,1,5,False,1000,1000
10574,129,weighted,10,0.5535429936305732,0,25,None,66,1,5,False,1000,1000
10575,125,weighted,10,0.5582205414012739,0,22,None,66,1,5,False,1000,1000
10576,126,weighted,10,0.5613057324840764,0,22,None,66,1,5,False,1000,1000
10577,127,weighted,10,0.5633957006369427,0,22,None,66,1,5,False,1000,1000
10578,128,weighted,10,0.5675756369426752,0,22,None,66,1,5,False,1000,1000
10579,129,weighted,10,0.5687699044585988,0,22,None,66,1,5,False,1000,1000
10580,125,weighted,10,0.5030851910828026,0,14,None,66,1,5,False,1000,1000
10581,126,weighted,10,0.5040804140127388,0,14,None,66,1,5,False,1000,1000
10582,127,weighted,10,0.5061703821656051,0,14,None,66,1,5,False,1000,1000
10583,128,weighted,10,0.5078622611464968,0,14,None,66,1,5,False,1000,1000
10584,129,weighted,10,0.5097531847133758,0,14,None,66,1,5,False,1000,1000
10585,125,weighted,10,0.6006170382165605,0,16,None,66,1,5,False,1000,1000
10586,126,weighted,10,0.6022093949044586,0,16,None,66,1,5,False,1000,1000
10587,127,weighted,10,0.6030055732484076,0,16,None,66,1,5,False,1000,1000
10588,128,weighted,10,0.6028065286624203,0,16,None,66,1,5,False,1000,1000
10589,129,weighted,10,0.604796974522293,0,16,None,66,1,5,False,1000,1000
10590,125,weighted,10,0.5725517515923567,0,15,None,66,1,5,False,1000,1000
10591,126,weighted,10,0.572452229299363,0,15,None,66,1,5,False,1000,1000
10592,127,weighted,10,0.5733479299363057,0,15,None,66,1,5,False,1000,1000
10593,128,weighted,10,0.5736464968152867,0,15,None,66,1,5,False,1000,1000
10594,129,weighted,10,0.5745421974522293,0,15,None,66,1,5,False,1000,1000
10595,125,weighted,10,0.5807125796178344,0,32,None,66,1,5,False,1000,1000
10596,126,weighted,10,0.5799164012738853,0,32,None,66,1,5,False,1000,1000
10597,127,weighted,10,0.5802149681528662,0,32,None,66,1,5,False,1000,1000
10598,128,weighted,10,0.580812101910828,0,32,None,66,1,5,False,1000,1000
10599,129,weighted,10,0.5810111464968153,0,32,None,66,1,5,False,1000,1000
10600,125,weighted,10,0.5472730891719745,0,7,None,66,1,5,False,1000,1000
10601,126,weighted,10,0.5476711783439491,0,7,None,66,1,5,False,1000,1000
10602,127,weighted,10,0.5477707006369427,0,7,None,66,1,5,False,1000,1000
10603,128,weighted,10,0.5483678343949044,0,7,None,66,1,5,False,1000,1000
10604,129,weighted,10,0.5477707006369427,0,7,None,66,1,5,False,1000,1000
10605,125,weighted,10,0.584593949044586,0,12,None,66,1,5,False,1000,1000
10606,126,weighted,10,0.586484872611465,0,12,None,66,1,5,False,1000,1000
10607,127,weighted,10,0.5895700636942676,0,12,None,66,1,5,False,1000,1000
10608,128,weighted,10,0.5928542993630573,0,12,None,66,1,5,False,1000,1000
10609,129,weighted,10,0.5933519108280255,0,12,None,66,1,5,False,1000,1000
10610,125,weighted,10,0.5794187898089171,0,30,None,66,1,5,False,1000,1000
10611,126,weighted,10,0.5804140127388535,0,30,None,66,1,5,False,1000,1000
10612,127,weighted,10,0.581906847133758,0,30,None,66,1,5,False,1000,1000
10613,128,weighted,10,0.582703025477707,0,30,None,66,1,5,False,1000,1000
10614,129,weighted,10,0.5833996815286624,0,30,None,66,1,5,False,1000,1000
10615,125,weighted,10,0.5897691082802548,0,31,None,66,1,5,False,1000,1000
10616,126,weighted,10,0.5922571656050956,0,31,None,66,1,5,False,1000,1000
10617,127,weighted,10,0.5946457006369427,0,31,None,66,1,5,False,1000,1000
10618,128,weighted,10,0.5967356687898089,0,31,None,66,1,5,False,1000,1000
10619,129,weighted,10,0.5984275477707006,0,31,None,66,1,5,False,1000,1000
10620,125,weighted,10,0.5805135350318471,0,18,None,66,1,5,False,1000,1000
10621,126,weighted,10,0.5813097133757962,0,18,None,66,1,5,False,1000,1000
10622,127,weighted,10,0.5810111464968153,0,18,None,66,1,5,False,1000,1000
10623,128,weighted,10,0.5804140127388535,0,18,None,66,1,5,False,1000,1000
10624,129,weighted,10,0.5798168789808917,0,18,None,66,1,5,False,1000,1000
10625,125,weighted,10,0.5206011146496815,0,19,None,66,1,5,False,1000,1000
10626,126,weighted,10,0.5230891719745223,0,19,None,66,1,5,False,1000,1000
10627,127,weighted,10,0.5251791401273885,0,19,None,66,1,5,False,1000,1000
10628,128,weighted,10,0.5265724522292994,0,19,None,66,1,5,False,1000,1000
10629,129,weighted,10,0.5295581210191083,0,19,None,66,1,5,False,1000,1000
10630,125,weighted,10,0.5835987261146497,0,10,None,66,1,5,False,1000,1000
10631,126,weighted,10,0.5843949044585988,0,10,None,66,1,5,False,1000,1000
10632,127,weighted,10,0.5854896496815286,0,10,None,66,1,5,False,1000,1000
10633,128,weighted,10,0.5856886942675159,0,10,None,66,1,5,False,1000,1000
10634,129,weighted,10,0.5866839171974523,0,10,None,66,1,5,False,1000,1000
10635,125,weighted,10,0.5473726114649682,0,20,None,66,1,5,False,1000,1000
10636,126,weighted,10,0.549562101910828,0,20,None,66,1,5,False,1000,1000
10637,127,weighted,10,0.5515525477707006,0,20,None,66,1,5,False,1000,1000
10638,128,weighted,10,0.5532444267515924,0,20,None,66,1,5,False,1000,1000
10639,129,weighted,10,0.555234872611465,0,20,None,66,1,5,False,1000,1000
10640,125,weighted,10,0.5399084394904459,0,1,None,66,1,5,False,1000,1000
10641,126,weighted,10,0.5411027070063694,0,1,None,66,1,5,False,1000,1000
10642,127,weighted,10,0.5421974522292994,0,1,None,66,1,5,False,1000,1000
10643,128,weighted,10,0.5442874203821656,0,1,None,66,1,5,False,1000,1000
10644,129,weighted,10,0.5456807324840764,0,1,None,66,1,5,False,1000,1000
10645,125,weighted,10,0.5317476114649682,0,2,None,66,1,5,False,1000,1000
10646,126,weighted,10,0.5329418789808917,0,2,None,66,1,5,False,1000,1000
10647,127,weighted,10,0.5337380573248408,0,2,None,66,1,5,False,1000,1000
10648,128,weighted,10,0.5344347133757962,0,2,None,66,1,5,False,1000,1000
10649,129,weighted,10,0.5352308917197452,0,2,None,66,1,5,False,1000,1000
10650,125,weighted,10,0.53234474522293,0,0,None,66,1,5,False,1000,1000
10651,126,weighted,10,0.5328423566878981,0,0,None,66,1,5,False,1000,1000
10652,127,weighted,10,0.5337380573248408,0,0,None,66,1,5,False,1000,1000
10653,128,weighted,10,0.533937101910828,0,0,None,66,1,5,False,1000,1000
10654,129,weighted,10,0.5347332802547771,0,0,None,66,1,5,False,1000,1000
10655,125,weighted,10,0.5679737261146497,0,5,None,66,1,5,False,1000,1000
10656,126,weighted,10,0.5691679936305732,0,5,None,66,1,5,False,1000,1000
10657,127,weighted,10,0.5700636942675159,0,5,None,66,1,5,False,1000,1000
10658,128,weighted,10,0.571656050955414,0,5,None,66,1,5,False,1000,1000
10659,129,weighted,10,0.5731488853503185,0,5,None,66,1,5,False,1000,1000
10660,125,weighted,10,0.5413017515923567,0,4,None,66,1,5,False,1000,1000
10661,126,weighted,10,0.544187898089172,0,4,None,66,1,5,False,1000,1000
10662,127,weighted,10,0.5459792993630573,0,4,None,66,1,5,False,1000,1000
10663,128,weighted,10,0.5491640127388535,0,4,None,66,1,5,False,1000,1000
10664,129,weighted,10,0.5520501592356688,0,4,None,66,1,5,False,1000,1000
10665,125,weighted,10,0.5491640127388535,0,8,None,66,1,5,False,1000,1000
10666,126,weighted,10,0.5503582802547771,0,8,None,66,1,5,False,1000,1000
10667,127,weighted,10,0.552547770700637,0,8,None,66,1,5,False,1000,1000
10668,128,weighted,10,0.5532444267515924,0,8,None,66,1,5,False,1000,1000
10669,129,weighted,10,0.5544386942675159,0,8,None,66,1,5,False,1000,1000
10670,125,weighted,10,0.5809116242038217,0,9,None,66,1,5,False,1000,1000
10671,126,weighted,10,0.5816082802547771,0,9,None,66,1,5,False,1000,1000
10672,127,weighted,10,0.5834992038216561,0,9,None,66,1,5,False,1000,1000
10673,128,weighted,10,0.5843949044585988,0,9,None,66,1,5,False,1000,1000
10674,129,weighted,10,0.5856886942675159,0,9,None,66,1,5,False,1000,1000
10675,125,weighted,10,0.5496616242038217,0,13,None,66,1,5,False,1000,1000
10676,126,weighted,10,0.5494625796178344,0,13,None,66,1,5,False,1000,1000
10677,127,weighted,10,0.5501592356687898,0,13,None,66,1,5,False,1000,1000
10678,128,weighted,10,0.5499601910828026,0,13,None,66,1,5,False,1000,1000
10679,129,weighted,10,0.5496616242038217,0,13,None,66,1,5,False,1000,1000
10680,125,weighted,10,0.5882762738853503,0,21,None,66,1,5,False,1000,1000
10681,126,weighted,10,0.5902667197452229,0,21,None,66,1,5,False,1000,1000
10682,127,weighted,10,0.5917595541401274,0,21,None,66,1,5,False,1000,1000
10683,128,weighted,10,0.5932523885350318,0,21,None,66,1,5,False,1000,1000
10684,129,weighted,10,0.5951433121019108,0,21,None,66,1,5,False,1000,1000
10685,125,weighted,10,0.5591162420382165,0,23,None,66,1,5,False,1000,1000
10686,126,weighted,10,0.5629976114649682,0,23,None,66,1,5,False,1000,1000
10687,127,weighted,10,0.5665804140127388,0,23,None,66,1,5,False,1000,1000
10688,128,weighted,10,0.5700636942675159,0,23,None,66,1,5,False,1000,1000
10689,129,weighted,10,0.5736464968152867,0,23,None,66,1,5,False,1000,1000
10690,125,weighted,10,0.5847929936305732,0,27,None,66,1,5,False,1000,1000
10691,126,weighted,10,0.5874800955414012,0,27,None,66,1,5,False,1000,1000
10692,127,weighted,10,0.5897691082802548,0,27,None,66,1,5,False,1000,1000
10693,128,weighted,10,0.59265525477707,0,27,None,66,1,5,False,1000,1000
10694,129,weighted,10,0.5934514331210191,0,27,None,66,1,5,False,1000,1000
10695,125,weighted,10,0.428343949044586,0,28,None,66,1,5,False,1000,1000
10696,126,weighted,10,0.4352109872611465,0,28,None,66,1,5,False,1000,1000
10697,127,weighted,10,0.440983280254777,0,28,None,66,1,5,False,1000,1000
10698,128,weighted,10,0.4443670382165605,0,28,None,66,1,5,False,1000,1000
10699,129,weighted,10,0.4483479299363057,0,28,None,66,1,5,False,1000,1000
10700,125,weighted,10,0.5715565286624203,0,29,None,66,1,5,False,1000,1000
10701,126,weighted,10,0.5710589171974523,0,29,None,66,1,5,False,1000,1000
10702,127,weighted,10,0.5699641719745223,0,29,None,66,1,5,False,1000,1000
10703,128,weighted,10,0.5712579617834395,0,29,None,66,1,5,False,1000,1000
10704,129,weighted,10,0.5718550955414012,0,29,None,66,1,5,False,1000,1000
10705,125,weighted,10,0.5155254777070064,0,11,None,66,1,5,False,1000,1000
10706,126,weighted,10,0.5160230891719745,0,11,None,66,1,5,False,1000,1000
10707,127,weighted,10,0.5164211783439491,0,11,None,66,1,5,False,1000,1000
10708,128,weighted,10,0.5174164012738853,0,11,None,66,1,5,False,1000,1000
10709,129,weighted,10,0.5182125796178344,0,11,None,66,1,5,False,1000,1000
10710,125,weighted,10,0.5840963375796179,0,3,None,66,1,5,False,1000,1000
10711,126,weighted,10,0.5846934713375797,0,3,None,66,1,5,False,1000,1000
10712,127,weighted,10,0.5859872611464968,0,3,None,66,1,5,False,1000,1000
10713,128,weighted,10,0.587281050955414,0,3,None,66,1,5,False,1000,1000
10714,129,weighted,10,0.5878781847133758,0,3,None,66,1,5,False,1000,1000
10715,125,weighted,10,0.6058917197452229,0,17,None,66,1,5,False,1000,1000
10716,126,weighted,10,0.6071855095541401,0,17,None,66,1,5,False,1000,1000
10717,127,weighted,10,0.6078821656050956,0,17,None,66,1,5,False,1000,1000
10718,128,weighted,10,0.6083797770700637,0,17,None,66,1,5,False,1000,1000
10719,129,weighted,10,0.6088773885350318,0,17,None,66,1,5,False,1000,1000
10720,125,weighted,10,0.5816082802547771,0,24,None,66,1,5,False,1000,1000
10721,126,weighted,10,0.5836982484076433,0,24,None,66,1,5,False,1000,1000
10722,127,weighted,10,0.5852906050955414,0,24,None,66,1,5,False,1000,1000
10723,128,weighted,10,0.5877786624203821,0,24,None,66,1,5,False,1000,1000
10724,129,weighted,10,0.5896695859872612,0,24,None,66,1,5,False,1000,1000
14025,130,weighted,10,0.54578025477707,0,1,None,66,1,5,False,1000,1000
14026,131,weighted,10,0.5474721337579618,0,1,None,66,1,5,False,1000,1000
14027,132,weighted,10,0.5485668789808917,0,1,None,66,1,5,False,1000,1000
14028,133,weighted,10,0.5500597133757962,0,1,None,66,1,5,False,1000,1000
14029,134,weighted,10,0.5503582802547771,0,1,None,66,1,5,False,1000,1000
14030,130,weighted,10,0.536922770700637,0,2,None,66,1,5,False,1000,1000
14031,131,weighted,10,0.5380175159235668,0,2,None,66,1,5,False,1000,1000
14032,132,weighted,10,0.5382165605095541,0,2,None,66,1,5,False,1000,1000
14033,133,weighted,10,0.5391122611464968,0,2,None,66,1,5,False,1000,1000
14034,134,weighted,10,0.539609872611465,0,2,None,66,1,5,False,1000,1000
14035,130,weighted,10,0.5739450636942676,0,5,None,66,1,5,False,1000,1000
14036,131,weighted,10,0.5757364649681529,0,5,None,66,1,5,False,1000,1000
14037,132,weighted,10,0.5764331210191083,0,5,None,66,1,5,False,1000,1000
14038,133,weighted,10,0.5776273885350318,0,5,None,66,1,5,False,1000,1000
14039,134,weighted,10,0.5784235668789809,0,5,None,66,1,5,False,1000,1000
14040,130,weighted,10,0.5566281847133758,0,13,None,66,1,5,False,1000,1000
14041,131,weighted,10,0.5576234076433121,0,13,None,66,1,5,False,1000,1000
14042,132,weighted,10,0.556827229299363,0,13,None,66,1,5,False,1000,1000
14043,133,weighted,10,0.5564291401273885,0,13,None,66,1,5,False,1000,1000
14044,134,weighted,10,0.5570262738853503,0,13,None,66,1,5,False,1000,1000
14045,130,weighted,10,0.5809116242038217,0,15,None,66,1,5,False,1000,1000
14046,131,weighted,10,0.5807125796178344,0,15,None,66,1,5,False,1000,1000
14047,132,weighted,10,0.580812101910828,0,15,None,66,1,5,False,1000,1000
14048,133,weighted,10,0.5812101910828026,0,15,None,66,1,5,False,1000,1000
14049,134,weighted,10,0.5826035031847133,0,15,None,66,1,5,False,1000,1000
14050,130,weighted,10,0.6092754777070064,0,16,None,66,1,5,False,1000,1000
14051,131,weighted,10,0.6107683121019108,0,16,None,66,1,5,False,1000,1000
14052,132,weighted,10,0.6090764331210191,0,16,None,66,1,5,False,1000,1000
14053,133,weighted,10,0.6097730891719745,0,16,None,66,1,5,False,1000,1000
14054,134,weighted,10,0.6116640127388535,0,16,None,66,1,5,False,1000,1000
14055,130,weighted,10,0.5211982484076433,0,11,None,66,1,5,False,1000,1000
14056,131,weighted,10,0.5217953821656051,0,11,None,66,1,5,False,1000,1000
14057,132,weighted,10,0.5223925159235668,0,11,None,66,1,5,False,1000,1000
14058,133,weighted,10,0.5232882165605095,0,11,None,66,1,5,False,1000,1000
14059,134,weighted,10,0.5246815286624203,0,11,None,66,1,5,False,1000,1000
14060,130,weighted,10,0.6132563694267515,0,17,None,66,1,5,False,1000,1000
14061,131,weighted,10,0.6137539808917197,0,17,None,66,1,5,False,1000,1000
14062,132,weighted,10,0.6147492038216561,0,17,None,66,1,5,False,1000,1000
14063,133,weighted,10,0.6154458598726115,0,17,None,66,1,5,False,1000,1000
14064,134,weighted,10,0.6154458598726115,0,17,None,66,1,5,False,1000,1000
14065,130,weighted,10,0.5951433121019108,0,21,None,66,1,5,False,1000,1000
14066,131,weighted,10,0.5965366242038217,0,21,None,66,1,5,False,1000,1000
14067,132,weighted,10,0.5977308917197452,0,21,None,66,1,5,False,1000,1000
14068,133,weighted,10,0.5993232484076433,0,21,None,66,1,5,False,1000,1000
14069,134,weighted,10,0.6006170382165605,0,21,None,66,1,5,False,1000,1000
14070,130,weighted,10,0.5922571656050956,0,12,None,66,1,5,False,1000,1000
14071,131,weighted,10,0.5953423566878981,0,12,None,66,1,5,False,1000,1000
14072,132,weighted,10,0.5969347133757962,0,12,None,66,1,5,False,1000,1000
14073,133,weighted,10,0.5982285031847133,0,12,None,66,1,5,False,1000,1000
14074,134,weighted,10,0.6011146496815286,0,12,None,66,1,5,False,1000,1000
14075,130,weighted,10,0.5540406050955414,0,26,None,66,1,5,False,1000,1000
14076,131,weighted,10,0.5557324840764332,0,26,None,66,1,5,False,1000,1000
14077,132,weighted,10,0.5567277070063694,0,26,None,66,1,5,False,1000,1000
14078,133,weighted,10,0.5578224522292994,0,26,None,66,1,5,False,1000,1000
14079,134,weighted,10,0.5591162420382165,0,26,None,66,1,5,False,1000,1000
14080,130,weighted,10,0.588077229299363,0,24,None,66,1,5,False,1000,1000
14081,131,weighted,10,0.5905652866242038,0,24,None,66,1,5,False,1000,1000
14082,132,weighted,10,0.5916600318471338,0,24,None,66,1,5,False,1000,1000
14083,133,weighted,10,0.5939490445859873,0,24,None,66,1,5,False,1000,1000
14084,134,weighted,10,0.5966361464968153,0,24,None,66,1,5,False,1000,1000
14085,130,weighted,10,0.5855891719745223,0,30,None,66,1,5,False,1000,1000
14086,131,weighted,10,0.5871815286624203,0,30,None,66,1,5,False,1000,1000
14087,132,weighted,10,0.5884753184713376,0,30,None,66,1,5,False,1000,1000
14088,133,weighted,10,0.5896695859872612,0,30,None,66,1,5,False,1000,1000
14089,134,weighted,10,0.5907643312101911,0,30,None,66,1,5,False,1000,1000
14090,130,weighted,10,0.5943471337579618,0,27,None,66,1,5,False,1000,1000
14091,131,weighted,10,0.596437101910828,0,27,None,66,1,5,False,1000,1000
14092,132,weighted,10,0.5989251592356688,0,27,None,66,1,5,False,1000,1000
14093,133,weighted,10,0.6007165605095541,0,27,None,66,1,5,False,1000,1000
14094,134,weighted,10,0.6014132165605095,0,27,None,66,1,5,False,1000,1000
14095,130,weighted,10,0.5530453821656051,0,7,None,66,1,5,False,1000,1000
14096,131,weighted,10,0.5523487261146497,0,7,None,66,1,5,False,1000,1000
14097,132,weighted,10,0.5520501592356688,0,7,None,66,1,5,False,1000,1000
14098,133,weighted,10,0.5529458598726115,0,7,None,66,1,5,False,1000,1000
14099,134,weighted,10,0.554140127388535,0,7,None,66,1,5,False,1000,1000
14100,130,weighted,10,0.5502587579617835,0,4,None,66,1,5,False,1000,1000
14101,131,weighted,10,0.5526472929936306,0,4,None,66,1,5,False,1000,1000
14102,132,weighted,10,0.5558320063694268,0,4,None,66,1,5,False,1000,1000
14103,133,weighted,10,0.5582205414012739,0,4,None,66,1,5,False,1000,1000
14104,134,weighted,10,0.560609076433121,0,4,None,66,1,5,False,1000,1000
14105,130,weighted,10,0.5787221337579618,0,6,None,66,1,5,False,1000,1000
14106,131,weighted,10,0.5790207006369427,0,6,None,66,1,5,False,1000,1000
14107,132,weighted,10,0.580015923566879,0,6,None,66,1,5,False,1000,1000
14108,133,weighted,10,0.580015923566879,0,6,None,66,1,5,False,1000,1000
14109,134,weighted,10,0.5803144904458599,0,6,None,66,1,5,False,1000,1000
14110,130,weighted,10,0.5900676751592356,0,10,None,66,1,5,False,1000,1000
14111,131,weighted,10,0.591062898089172,0,10,None,66,1,5,False,1000,1000
14112,132,weighted,10,0.5924562101910829,0,10,None,66,1,5,False,1000,1000
14113,133,weighted,10,0.5935509554140127,0,10,None,66,1,5,False,1000,1000
14114,134,weighted,10,0.5942476114649682,0,10,None,66,1,5,False,1000,1000
14115,130,weighted,10,0.5537420382165605,0,20,None,66,1,5,False,1000,1000
14116,131,weighted,10,0.5557324840764332,0,20,None,66,1,5,False,1000,1000
14117,132,weighted,10,0.5573248407643312,0,20,None,66,1,5,False,1000,1000
14118,133,weighted,10,0.5585191082802548,0,20,None,66,1,5,False,1000,1000
14119,134,weighted,10,0.5607085987261147,0,20,None,66,1,5,False,1000,1000
14120,130,weighted,10,0.5722531847133758,0,22,None,66,1,5,False,1000,1000
14121,131,weighted,10,0.5755374203821656,0,22,None,66,1,5,False,1000,1000
14122,132,weighted,10,0.5769307324840764,0,22,None,66,1,5,False,1000,1000
14123,133,weighted,10,0.5788216560509554,0,22,None,66,1,5,False,1000,1000
14124,134,weighted,10,0.5791202229299363,0,22,None,66,1,5,False,1000,1000
14125,130,weighted,10,0.5695660828025477,0,23,None,66,1,5,False,1000,1000
14126,131,weighted,10,0.5732484076433121,0,23,None,66,1,5,False,1000,1000
14127,132,weighted,10,0.5763335987261147,0,23,None,66,1,5,False,1000,1000
14128,133,weighted,10,0.5784235668789809,0,23,None,66,1,5,False,1000,1000
14129,134,weighted,10,0.5812101910828026,0,23,None,66,1,5,False,1000,1000
14130,130,weighted,10,0.5871815286624203,0,32,None,66,1,5,False,1000,1000
14131,131,weighted,10,0.5860867834394905,0,32,None,66,1,5,False,1000,1000
14132,132,weighted,10,0.5857882165605095,0,32,None,66,1,5,False,1000,1000
14133,133,weighted,10,0.5857882165605095,0,32,None,66,1,5,False,1000,1000
14134,134,weighted,10,0.5866839171974523,0,32,None,66,1,5,False,1000,1000
14135,130,weighted,10,0.511046974522293,0,14,None,66,1,5,False,1000,1000
14136,131,weighted,10,0.5121417197452229,0,14,None,66,1,5,False,1000,1000
14137,132,weighted,10,0.5130374203821656,0,14,None,66,1,5,False,1000,1000
14138,133,weighted,10,0.5150278662420382,0,14,None,66,1,5,False,1000,1000
14139,134,weighted,10,0.5158240445859873,0,14,None,66,1,5,False,1000,1000
14140,130,weighted,10,0.5882762738853503,0,9,None,66,1,5,False,1000,1000
14141,131,weighted,10,0.5894705414012739,0,9,None,66,1,5,False,1000,1000
14142,132,weighted,10,0.5912619426751592,0,9,None,66,1,5,False,1000,1000
14143,133,weighted,10,0.5923566878980892,0,9,None,66,1,5,False,1000,1000
14144,134,weighted,10,0.5947452229299363,0,9,None,66,1,5,False,1000,1000
14145,130,weighted,10,0.5544386942675159,0,25,None,66,1,5,False,1000,1000
14146,131,weighted,10,0.5556329617834395,0,25,None,66,1,5,False,1000,1000
14147,132,weighted,10,0.5569267515923567,0,25,None,66,1,5,False,1000,1000
14148,133,weighted,10,0.557921974522293,0,25,None,66,1,5,False,1000,1000
14149,134,weighted,10,0.5591162420382165,0,25,None,66,1,5,False,1000,1000
14150,130,weighted,10,0.5791202229299363,0,29,None,66,1,5,False,1000,1000
14151,131,weighted,10,0.5784235668789809,0,29,None,66,1,5,False,1000,1000
14152,132,weighted,10,0.57921974522293,0,29,None,66,1,5,False,1000,1000
14153,133,weighted,10,0.5794187898089171,0,29,None,66,1,5,False,1000,1000
14154,134,weighted,10,0.5801154458598726,0,29,None,66,1,5,False,1000,1000
14155,130,weighted,10,0.5589171974522293,0,8,None,66,1,5,False,1000,1000
14156,131,weighted,10,0.559812898089172,0,8,None,66,1,5,False,1000,1000
14157,132,weighted,10,0.5615047770700637,0,8,None,66,1,5,False,1000,1000
14158,133,weighted,10,0.5616042993630573,0,8,None,66,1,5,False,1000,1000
14159,134,weighted,10,0.5625995222929936,0,8,None,66,1,5,False,1000,1000
14160,130,weighted,10,0.585390127388535,0,18,None,66,1,5,False,1000,1000
14161,131,weighted,10,0.585390127388535,0,18,None,66,1,5,False,1000,1000
14162,132,weighted,10,0.5849920382165605,0,18,None,66,1,5,False,1000,1000
14163,133,weighted,10,0.5840963375796179,0,18,None,66,1,5,False,1000,1000
14164,134,weighted,10,0.5844944267515924,0,18,None,66,1,5,False,1000,1000
14165,130,weighted,10,0.59484474522293,0,31,None,66,1,5,False,1000,1000
14166,131,weighted,10,0.5972332802547771,0,31,None,66,1,5,False,1000,1000
14167,132,weighted,10,0.5985270700636943,0,31,None,66,1,5,False,1000,1000
14168,133,weighted,10,0.6009156050955414,0,31,None,66,1,5,False,1000,1000
14169,134,weighted,10,0.6040007961783439,0,31,None,66,1,5,False,1000,1000
14170,130,weighted,10,0.5256767515923567,0,19,None,66,1,5,False,1000,1000
14171,131,weighted,10,0.5294585987261147,0,19,None,66,1,5,False,1000,1000
14172,132,weighted,10,0.53125,0,19,None,66,1,5,False,1000,1000
14173,133,weighted,10,0.5332404458598726,0,19,None,66,1,5,False,1000,1000
14174,134,weighted,10,0.5349323248407644,0,19,None,66,1,5,False,1000,1000
14175,130,weighted,10,0.5383160828025477,0,0,None,66,1,5,False,1000,1000
14176,131,weighted,10,0.5378184713375797,0,0,None,66,1,5,False,1000,1000
14177,132,weighted,10,0.5386146496815286,0,0,None,66,1,5,False,1000,1000
14178,133,weighted,10,0.5392117834394905,0,0,None,66,1,5,False,1000,1000
14179,134,weighted,10,0.540406050955414,0,0,None,66,1,5,False,1000,1000
14180,130,weighted,10,0.5888734076433121,0,3,None,66,1,5,False,1000,1000
14181,131,weighted,10,0.5890724522292994,0,3,None,66,1,5,False,1000,1000
14182,132,weighted,10,0.589968152866242,0,3,None,66,1,5,False,1000,1000
14183,133,weighted,10,0.5916600318471338,0,3,None,66,1,5,False,1000,1000
14184,134,weighted,10,0.5932523885350318,0,3,None,66,1,5,False,1000,1000
14185,130,weighted,10,0.427249203821656,0,28,None,66,1,5,False,1000,1000
14186,131,weighted,10,0.4355095541401274,0,28,None,66,1,5,False,1000,1000
14187,132,weighted,10,0.440983280254777,0,28,None,66,1,5,False,1000,1000
14188,133,weighted,10,0.4475517515923566,0,28,None,66,1,5,False,1000,1000
14189,134,weighted,10,0.4514331210191082,0,28,None,66,1,5,False,1000,1000
14190,135,weighted,10,0.5917595541401274,0,32,None,66,1,5,False,1000,1000
14191,136,weighted,10,0.591859076433121,0,32,None,66,1,5,False,1000,1000
14192,137,weighted,10,0.5922571656050956,0,32,None,66,1,5,False,1000,1000
14193,138,weighted,10,0.5927547770700637,0,32,None,66,1,5,False,1000,1000
14194,139,weighted,10,0.5929538216560509,0,32,None,66,1,5,False,1000,1000
14195,135,weighted,10,0.613953025477707,0,16,None,66,1,5,False,1000,1000
14196,136,weighted,10,0.615843949044586,0,16,None,66,1,5,False,1000,1000
14197,137,weighted,10,0.6176353503184714,0,16,None,66,1,5,False,1000,1000
14198,138,weighted,10,0.6203224522292994,0,16,None,66,1,5,False,1000,1000
14199,139,weighted,10,0.6219148089171974,0,16,None,66,1,5,False,1000,1000
14200,135,weighted,10,0.5504578025477707,0,1,None,66,1,5,False,1000,1000
14201,136,weighted,10,0.5518511146496815,0,1,None,66,1,5,False,1000,1000
14202,137,weighted,10,0.5527468152866242,0,1,None,66,1,5,False,1000,1000
14203,138,weighted,10,0.5544386942675159,0,1,None,66,1,5,False,1000,1000
14204,139,weighted,10,0.555234872611465,0,1,None,66,1,5,False,1000,1000
14205,135,weighted,10,0.5413017515923567,0,2,None,66,1,5,False,1000,1000
14206,136,weighted,10,0.5436902866242038,0,2,None,66,1,5,False,1000,1000
14207,137,weighted,10,0.5442874203821656,0,2,None,66,1,5,False,1000,1000
14208,138,weighted,10,0.5456807324840764,0,2,None,66,1,5,False,1000,1000
14209,139,weighted,10,0.5461783439490446,0,2,None,66,1,5,False,1000,1000
14210,135,weighted,10,0.6007165605095541,0,21,None,66,1,5,False,1000,1000
14211,136,weighted,10,0.6026074840764332,0,21,None,66,1,5,False,1000,1000
14212,137,weighted,10,0.6041003184713376,0,21,None,66,1,5,False,1000,1000
14213,138,weighted,10,0.604796974522293,0,21,None,66,1,5,False,1000,1000
14214,139,weighted,10,0.6072850318471338,0,21,None,66,1,5,False,1000,1000
14215,135,weighted,10,0.5747412420382165,0,23,None,66,1,5,False,1000,1000
14216,136,weighted,10,0.5790207006369427,0,23,None,66,1,5,False,1000,1000
14217,137,weighted,10,0.581906847133758,0,23,None,66,1,5,False,1000,1000
14218,138,weighted,10,0.5846934713375797,0,23,None,66,1,5,False,1000,1000
14219,139,weighted,10,0.588077229299363,0,23,None,66,1,5,False,1000,1000
14220,135,weighted,10,0.6005175159235668,0,27,None,66,1,5,False,1000,1000
14221,136,weighted,10,0.6027070063694268,0,27,None,66,1,5,False,1000,1000
14222,137,weighted,10,0.6039012738853503,0,27,None,66,1,5,False,1000,1000
14223,138,weighted,10,0.6053941082802548,0,27,None,66,1,5,False,1000,1000
14224,139,weighted,10,0.6062898089171974,0,27,None,66,1,5,False,1000,1000
14225,135,weighted,10,0.4257563694267516,0,28,None,66,1,5,False,1000,1000
14226,136,weighted,10,0.4349124203821656,0,28,None,66,1,5,False,1000,1000
14227,137,weighted,10,0.4413813694267516,0,28,None,66,1,5,False,1000,1000
14228,138,weighted,10,0.4480493630573248,0,28,None,66,1,5,False,1000,1000
14229,139,weighted,10,0.453125,0,28,None,66,1,5,False,1000,1000
14230,135,weighted,10,0.5832006369426752,0,29,None,66,1,5,False,1000,1000
14231,136,weighted,10,0.5836982484076433,0,29,None,66,1,5,False,1000,1000
14232,137,weighted,10,0.5842953821656051,0,29,None,66,1,5,False,1000,1000
14233,138,weighted,10,0.5852906050955414,0,29,None,66,1,5,False,1000,1000
14234,139,weighted,10,0.5850915605095541,0,29,None,66,1,5,False,1000,1000
14235,135,weighted,10,0.5608081210191083,0,25,None,66,1,5,False,1000,1000
14236,136,weighted,10,0.5621019108280255,0,25,None,66,1,5,False,1000,1000
14237,137,weighted,10,0.5633957006369427,0,25,None,66,1,5,False,1000,1000
14238,138,weighted,10,0.5638933121019108,0,25,None,66,1,5,False,1000,1000
14239,139,weighted,10,0.5656847133757962,0,25,None,66,1,5,False,1000,1000
14240,135,weighted,10,0.5895700636942676,0,15,None,66,1,5,False,1000,1000
14241,136,weighted,10,0.589968152866242,0,15,None,66,1,5,False,1000,1000
14242,137,weighted,10,0.589968152866242,0,15,None,66,1,5,False,1000,1000
14243,138,weighted,10,0.5905652866242038,0,15,None,66,1,5,False,1000,1000
14244,139,weighted,10,0.5908638535031847,0,15,None,66,1,5,False,1000,1000
14245,135,weighted,10,0.5979299363057324,0,10,None,66,1,5,False,1000,1000
14246,136,weighted,10,0.5996218152866242,0,10,None,66,1,5,False,1000,1000
14247,137,weighted,10,0.599422770700637,0,10,None,66,1,5,False,1000,1000
14248,138,weighted,10,0.6009156050955414,0,10,None,66,1,5,False,1000,1000
14249,139,weighted,10,0.602906050955414,0,10,None,66,1,5,False,1000,1000
14250,135,weighted,10,0.6182324840764332,0,17,None,66,1,5,False,1000,1000
14251,136,weighted,10,0.618531050955414,0,17,None,66,1,5,False,1000,1000
14252,137,weighted,10,0.6192277070063694,0,17,None,66,1,5,False,1000,1000
14253,138,weighted,10,0.6201234076433121,0,17,None,66,1,5,False,1000,1000
14254,139,weighted,10,0.6207205414012739,0,17,None,66,1,5,False,1000,1000
14255,135,weighted,10,0.5271695859872612,0,11,None,66,1,5,False,1000,1000
14256,136,weighted,10,0.5279657643312102,0,11,None,66,1,5,False,1000,1000
14257,137,weighted,10,0.5284633757961783,0,11,None,66,1,5,False,1000,1000
14258,138,weighted,10,0.5292595541401274,0,11,None,66,1,5,False,1000,1000
14259,139,weighted,10,0.5305533439490446,0,11,None,66,1,5,False,1000,1000
14260,135,weighted,10,0.5941480891719745,0,24,None,66,1,5,False,1000,1000
14261,136,weighted,10,0.5968351910828026,0,24,None,66,1,5,False,1000,1000
14262,137,weighted,10,0.5979299363057324,0,24,None,66,1,5,False,1000,1000
14263,138,weighted,10,0.6004179936305732,0,24,None,66,1,5,False,1000,1000
14264,139,weighted,10,0.6033041401273885,0,24,None,66,1,5,False,1000,1000
14265,135,weighted,10,0.5838972929936306,0,22,None,66,1,5,False,1000,1000
14266,136,weighted,10,0.5849920382165605,0,22,None,66,1,5,False,1000,1000
14267,137,weighted,10,0.5866839171974523,0,22,None,66,1,5,False,1000,1000
14268,138,weighted,10,0.5876791401273885,0,22,None,66,1,5,False,1000,1000
14269,139,weighted,10,0.5893710191082803,0,22,None,66,1,5,False,1000,1000
14270,135,weighted,10,0.5966361464968153,0,9,None,66,1,5,False,1000,1000
14271,136,weighted,10,0.5981289808917197,0,9,None,66,1,5,False,1000,1000
14272,137,weighted,10,0.5998208598726115,0,9,None,66,1,5,False,1000,1000
14273,138,weighted,10,0.6016122611464968,0,9,None,66,1,5,False,1000,1000
14274,139,weighted,10,0.6032046178343949,0,9,None,66,1,5,False,1000,1000
14275,135,weighted,10,0.5638933121019108,0,13,None,66,1,5,False,1000,1000
14276,136,weighted,10,0.5646894904458599,0,13,None,66,1,5,False,1000,1000
14277,137,weighted,10,0.565187101910828,0,13,None,66,1,5,False,1000,1000
14278,138,weighted,10,0.566281847133758,0,13,None,66,1,5,False,1000,1000
14279,139,weighted,10,0.5664808917197452,0,13,None,66,1,5,False,1000,1000
14280,135,weighted,10,0.5445859872611465,0,0,None,66,1,5,False,1000,1000
14281,136,weighted,10,0.5452826433121019,0,0,None,66,1,5,False,1000,1000
14282,137,weighted,10,0.5450835987261147,0,0,None,66,1,5,False,1000,1000
14283,138,weighted,10,0.5454816878980892,0,0,None,66,1,5,False,1000,1000
14284,139,weighted,10,0.5462778662420382,0,0,None,66,1,5,False,1000,1000
14285,135,weighted,10,0.5793192675159236,0,5,None,66,1,5,False,1000,1000
14286,136,weighted,10,0.5805135350318471,0,5,None,66,1,5,False,1000,1000
14287,137,weighted,10,0.5816082802547771,0,5,None,66,1,5,False,1000,1000
14288,138,weighted,10,0.5823049363057324,0,5,None,66,1,5,False,1000,1000
14289,139,weighted,10,0.5832006369426752,0,5,None,66,1,5,False,1000,1000
14290,135,weighted,10,0.5877786624203821,0,6,None,66,1,5,False,1000,1000
14291,136,weighted,10,0.5870820063694268,0,6,None,66,1,5,False,1000,1000
14292,137,weighted,10,0.587281050955414,0,6,None,66,1,5,False,1000,1000
14293,138,weighted,10,0.5869824840764332,0,6,None,66,1,5,False,1000,1000
14294,139,weighted,10,0.5873805732484076,0,6,None,66,1,5,False,1000,1000
14295,135,weighted,10,0.559812898089172,0,7,None,66,1,5,False,1000,1000
14296,136,weighted,10,0.5586186305732485,0,7,None,66,1,5,False,1000,1000
14297,137,weighted,10,0.5593152866242038,0,7,None,66,1,5,False,1000,1000
14298,138,weighted,10,0.5599124203821656,0,7,None,66,1,5,False,1000,1000
14299,139,weighted,10,0.560609076433121,0,7,None,66,1,5,False,1000,1000
14300,135,weighted,10,0.5988256369426752,0,12,None,66,1,5,False,1000,1000
14301,136,weighted,10,0.6017117834394905,0,12,None,66,1,5,False,1000,1000
14302,137,weighted,10,0.6046974522292994,0,12,None,66,1,5,False,1000,1000
14303,138,weighted,10,0.6064888535031847,0,12,None,66,1,5,False,1000,1000
14304,139,weighted,10,0.6078821656050956,0,12,None,66,1,5,False,1000,1000
14305,135,weighted,10,0.5596138535031847,0,26,None,66,1,5,False,1000,1000
14306,136,weighted,10,0.5611066878980892,0,26,None,66,1,5,False,1000,1000
14307,137,weighted,10,0.5615047770700637,0,26,None,66,1,5,False,1000,1000
14308,138,weighted,10,0.5625,0,26,None,66,1,5,False,1000,1000
14309,139,weighted,10,0.5633957006369427,0,26,None,66,1,5,False,1000,1000
14310,135,weighted,10,0.5186106687898089,0,14,None,66,1,5,False,1000,1000
14311,136,weighted,10,0.5199044585987261,0,14,None,66,1,5,False,1000,1000
14312,137,weighted,10,0.5206011146496815,0,14,None,66,1,5,False,1000,1000
14313,138,weighted,10,0.5217953821656051,0,14,None,66,1,5,False,1000,1000
14314,139,weighted,10,0.5217953821656051,0,14,None,66,1,5,False,1000,1000
14315,135,weighted,10,0.5915605095541401,0,30,None,66,1,5,False,1000,1000
14316,136,weighted,10,0.5928542993630573,0,30,None,66,1,5,False,1000,1000
14317,137,weighted,10,0.5933519108280255,0,30,None,66,1,5,False,1000,1000
14318,138,weighted,10,0.5945461783439491,0,30,None,66,1,5,False,1000,1000
14319,139,weighted,10,0.5947452229299363,0,30,None,66,1,5,False,1000,1000
14320,135,weighted,10,0.5583200636942676,0,20,None,66,1,5,False,1000,1000
14321,136,weighted,10,0.5603105095541401,0,20,None,66,1,5,False,1000,1000
14322,137,weighted,10,0.5626990445859873,0,20,None,66,1,5,False,1000,1000
14323,138,weighted,10,0.5653861464968153,0,20,None,66,1,5,False,1000,1000
14324,139,weighted,10,0.5666799363057324,0,20,None,66,1,5,False,1000,1000
14325,135,weighted,10,0.5578224522292994,0,4,None,66,1,5,False,1000,1000
14326,136,weighted,10,0.5608081210191083,0,4,None,66,1,5,False,1000,1000
14327,137,weighted,10,0.5632961783439491,0,4,None,66,1,5,False,1000,1000
14328,138,weighted,10,0.5655851910828026,0,4,None,66,1,5,False,1000,1000
14329,139,weighted,10,0.5679737261146497,0,4,None,66,1,5,False,1000,1000
14330,135,weighted,10,0.567078025477707,0,8,None,66,1,5,False,1000,1000
14331,136,weighted,10,0.5667794585987261,0,8,None,66,1,5,False,1000,1000
14332,137,weighted,10,0.5678742038216561,0,8,None,66,1,5,False,1000,1000
14333,138,weighted,10,0.5680732484076433,0,8,None,66,1,5,False,1000,1000
14334,139,weighted,10,0.5690684713375797,0,8,None,66,1,5,False,1000,1000
14335,135,weighted,10,0.59375,0,18,None,66,1,5,False,1000,1000
14336,136,weighted,10,0.5934514331210191,0,18,None,66,1,5,False,1000,1000
14337,137,weighted,10,0.5935509554140127,0,18,None,66,1,5,False,1000,1000
14338,138,weighted,10,0.5927547770700637,0,18,None,66,1,5,False,1000,1000
14339,139,weighted,10,0.5927547770700637,0,18,None,66,1,5,False,1000,1000
14340,135,weighted,10,0.5954418789808917,0,3,None,66,1,5,False,1000,1000
14341,136,weighted,10,0.5957404458598726,0,3,None,66,1,5,False,1000,1000
14342,137,weighted,10,0.5974323248407644,0,3,None,66,1,5,False,1000,1000
14343,138,weighted,10,0.5987261146496815,0,3,None,66,1,5,False,1000,1000
14344,139,weighted,10,0.6000199044585988,0,3,None,66,1,5,False,1000,1000
14345,135,weighted,10,0.5330414012738853,0,19,None,66,1,5,False,1000,1000
14346,136,weighted,10,0.5349323248407644,0,19,None,66,1,5,False,1000,1000
14347,137,weighted,10,0.536922770700637,0,19,None,66,1,5,False,1000,1000
14348,138,weighted,10,0.5401074840764332,0,19,None,66,1,5,False,1000,1000
14349,139,weighted,10,0.5427945859872612,0,19,None,66,1,5,False,1000,1000
14350,135,weighted,10,0.6018113057324841,0,31,None,66,1,5,False,1000,1000
14351,136,weighted,10,0.6048964968152867,0,31,None,66,1,5,False,1000,1000
14352,137,weighted,10,0.606687898089172,0,31,None,66,1,5,False,1000,1000
14353,138,weighted,10,0.6083797770700637,0,31,None,66,1,5,False,1000,1000
14354,139,weighted,10,0.6096735668789809,0,31,None,66,1,5,False,1000,1000
14355,140,weighted,10,0.5564291401273885,0,1,None,66,1,5,False,1000,1000
14356,141,weighted,10,0.5571257961783439,0,1,None,66,1,5,False,1000,1000
14357,142,weighted,10,0.5585191082802548,0,1,None,66,1,5,False,1000,1000
14358,143,weighted,10,0.5595143312101911,0,1,None,66,1,5,False,1000,1000
14359,144,weighted,10,0.5613057324840764,0,1,None,66,1,5,False,1000,1000
14360,140,weighted,10,0.5471735668789809,0,2,None,66,1,5,False,1000,1000
14361,141,weighted,10,0.5481687898089171,0,2,None,66,1,5,False,1000,1000
14362,142,weighted,10,0.5499601910828026,0,2,None,66,1,5,False,1000,1000
14363,143,weighted,10,0.5515525477707006,0,2,None,66,1,5,False,1000,1000
14364,144,weighted,10,0.5522492038216561,0,2,None,66,1,5,False,1000,1000
14365,140,weighted,10,0.5844944267515924,0,5,None,66,1,5,False,1000,1000
14366,141,weighted,10,0.5856886942675159,0,5,None,66,1,5,False,1000,1000
14367,142,weighted,10,0.5861863057324841,0,5,None,66,1,5,False,1000,1000
14368,143,weighted,10,0.5873805732484076,0,5,None,66,1,5,False,1000,1000
14369,144,weighted,10,0.589968152866242,0,5,None,66,1,5,False,1000,1000
14370,140,weighted,10,0.5931528662420382,0,22,None,66,1,5,False,1000,1000
14371,141,weighted,10,0.5947452229299363,0,22,None,66,1,5,False,1000,1000
14372,142,weighted,10,0.5957404458598726,0,22,None,66,1,5,False,1000,1000
14373,143,weighted,10,0.5970342356687898,0,22,None,66,1,5,False,1000,1000
14374,144,weighted,10,0.5980294585987261,0,22,None,66,1,5,False,1000,1000
14375,140,weighted,10,0.5833996815286624,0,23,None,66,1,5,False,1000,1000
14376,141,weighted,10,0.5861863057324841,0,23,None,66,1,5,False,1000,1000
14377,142,weighted,10,0.5882762738853503,0,23,None,66,1,5,False,1000,1000
14378,143,weighted,10,0.5900676751592356,0,23,None,66,1,5,False,1000,1000
14379,144,weighted,10,0.5921576433121019,0,23,None,66,1,5,False,1000,1000
14380,140,weighted,10,0.5973328025477707,0,32,None,66,1,5,False,1000,1000
14381,141,weighted,10,0.5978304140127388,0,32,None,66,1,5,False,1000,1000
14382,142,weighted,10,0.5985270700636943,0,32,None,66,1,5,False,1000,1000
14383,143,weighted,10,0.598328025477707,0,32,None,66,1,5,False,1000,1000
14384,144,weighted,10,0.5986265923566879,0,32,None,66,1,5,False,1000,1000
14385,140,weighted,10,0.523984872611465,0,14,None,66,1,5,False,1000,1000
14386,141,weighted,10,0.5246815286624203,0,14,None,66,1,5,False,1000,1000
14387,142,weighted,10,0.5249800955414012,0,14,None,66,1,5,False,1000,1000
14388,143,weighted,10,0.5258757961783439,0,14,None,66,1,5,False,1000,1000
14389,144,weighted,10,0.5270700636942676,0,14,None,66,1,5,False,1000,1000
14390,140,weighted,10,0.604796974522293,0,9,None,66,1,5,False,1000,1000
14391,141,weighted,10,0.6061902866242038,0,9,None,66,1,5,False,1000,1000
14392,142,weighted,10,0.60828025477707,0,9,None,66,1,5,False,1000,1000
14393,143,weighted,10,0.6092754777070064,0,9,None,66,1,5,False,1000,1000
14394,144,weighted,10,0.6110668789808917,0,9,None,66,1,5,False,1000,1000
14395,140,weighted,10,0.5895700636942676,0,29,None,66,1,5,False,1000,1000
14396,141,weighted,10,0.5900676751592356,0,29,None,66,1,5,False,1000,1000
14397,142,weighted,10,0.589968152866242,0,29,None,66,1,5,False,1000,1000
14398,143,weighted,10,0.5901671974522293,0,29,None,66,1,5,False,1000,1000
14399,144,weighted,10,0.5905652866242038,0,29,None,66,1,5,False,1000,1000
14400,140,weighted,10,0.5985270700636943,0,15,None,66,1,5,False,1000,1000
14401,141,weighted,10,0.5978304140127388,0,15,None,66,1,5,False,1000,1000
14402,142,weighted,10,0.5976313694267515,0,15,None,66,1,5,False,1000,1000
14403,143,weighted,10,0.5979299363057324,0,15,None,66,1,5,False,1000,1000
14404,144,weighted,10,0.5988256369426752,0,15,None,66,1,5,False,1000,1000
14405,140,weighted,10,0.6043988853503185,0,10,None,66,1,5,False,1000,1000
14406,141,weighted,10,0.6058917197452229,0,10,None,66,1,5,False,1000,1000
14407,142,weighted,10,0.6073845541401274,0,10,None,66,1,5,False,1000,1000
14408,143,weighted,10,0.6085788216560509,0,10,None,66,1,5,False,1000,1000
14409,144,weighted,10,0.6101711783439491,0,10,None,66,1,5,False,1000,1000
14410,140,weighted,10,0.6059912420382165,0,12,None,66,1,5,False,1000,1000
14411,141,weighted,10,0.6084792993630573,0,12,None,66,1,5,False,1000,1000
14412,142,weighted,10,0.6098726114649682,0,12,None,66,1,5,False,1000,1000
14413,143,weighted,10,0.6122611464968153,0,12,None,66,1,5,False,1000,1000
14414,144,weighted,10,0.6143511146496815,0,12,None,66,1,5,False,1000,1000
14415,140,weighted,10,0.5943471337579618,0,6,None,66,1,5,False,1000,1000
14416,141,weighted,10,0.5947452229299363,0,6,None,66,1,5,False,1000,1000
14417,142,weighted,10,0.5939490445859873,0,6,None,66,1,5,False,1000,1000
14418,143,weighted,10,0.5936504777070064,0,6,None,66,1,5,False,1000,1000
14419,144,weighted,10,0.5932523885350318,0,6,None,66,1,5,False,1000,1000
14420,140,weighted,10,0.5739450636942676,0,13,None,66,1,5,False,1000,1000
14421,141,weighted,10,0.5738455414012739,0,13,None,66,1,5,False,1000,1000
14422,142,weighted,10,0.5731488853503185,0,13,None,66,1,5,False,1000,1000
14423,143,weighted,10,0.5745421974522293,0,13,None,66,1,5,False,1000,1000
14424,144,weighted,10,0.5748407643312102,0,13,None,66,1,5,False,1000,1000
14425,140,weighted,10,0.5653861464968153,0,25,None,66,1,5,False,1000,1000
14426,141,weighted,10,0.5675756369426752,0,25,None,66,1,5,False,1000,1000
14427,142,weighted,10,0.5680732484076433,0,25,None,66,1,5,False,1000,1000
14428,143,weighted,10,0.5691679936305732,0,25,None,66,1,5,False,1000,1000
14429,144,weighted,10,0.5700636942675159,0,25,None,66,1,5,False,1000,1000
14430,140,weighted,10,0.5665804140127388,0,26,None,66,1,5,False,1000,1000
14431,141,weighted,10,0.5677746815286624,0,26,None,66,1,5,False,1000,1000
14432,142,weighted,10,0.5676751592356688,0,26,None,66,1,5,False,1000,1000
14433,143,weighted,10,0.5683718152866242,0,26,None,66,1,5,False,1000,1000
14434,144,weighted,10,0.568968949044586,0,26,None,66,1,5,False,1000,1000
14435,140,weighted,10,0.5320461783439491,0,11,None,66,1,5,False,1000,1000
14436,141,weighted,10,0.5336385350318471,0,11,None,66,1,5,False,1000,1000
14437,142,weighted,10,0.5349323248407644,0,11,None,66,1,5,False,1000,1000
14438,143,weighted,10,0.536922770700637,0,11,None,66,1,5,False,1000,1000
14439,144,weighted,10,0.5375199044585988,0,11,None,66,1,5,False,1000,1000
14440,140,weighted,10,0.6242038216560509,0,17,None,66,1,5,False,1000,1000
14441,141,weighted,10,0.6233081210191083,0,17,None,66,1,5,False,1000,1000
14442,142,weighted,10,0.6243033439490446,0,17,None,66,1,5,False,1000,1000
14443,143,weighted,10,0.625,0,17,None,66,1,5,False,1000,1000
14444,144,weighted,10,0.6261942675159236,0,17,None,66,1,5,False,1000,1000
14445,140,weighted,10,0.564390923566879,0,20,None,66,1,5,False,1000,1000
14446,141,weighted,10,0.5672770700636943,0,20,None,66,1,5,False,1000,1000
14447,142,weighted,10,0.5694665605095541,0,20,None,66,1,5,False,1000,1000
14448,143,weighted,10,0.5714570063694268,0,20,None,66,1,5,False,1000,1000
14449,144,weighted,10,0.5736464968152867,0,20,None,66,1,5,False,1000,1000
14450,140,weighted,10,0.5672770700636943,0,4,None,66,1,5,False,1000,1000
14451,141,weighted,10,0.5709593949044586,0,4,None,66,1,5,False,1000,1000
14452,142,weighted,10,0.5731488853503185,0,4,None,66,1,5,False,1000,1000
14453,143,weighted,10,0.5760350318471338,0,4,None,66,1,5,False,1000,1000
14454,144,weighted,10,0.5784235668789809,0,4,None,66,1,5,False,1000,1000
14455,140,weighted,10,0.4139132165605095,0,28,None,66,1,5,False,1000,1000
14456,141,weighted,10,0.4275477707006369,0,28,None,66,1,5,False,1000,1000
14457,142,weighted,10,0.4385947452229299,0,28,None,66,1,5,False,1000,1000
14458,143,weighted,10,0.4489450636942675,0,28,None,66,1,5,False,1000,1000
14459,144,weighted,10,0.455015923566879,0,28,None,66,1,5,False,1000,1000
14460,140,weighted,10,0.6061902866242038,0,21,None,66,1,5,False,1000,1000
14461,141,weighted,10,0.6081807324840764,0,21,None,66,1,5,False,1000,1000
14462,142,weighted,10,0.6089769108280255,0,21,None,66,1,5,False,1000,1000
14463,143,weighted,10,0.6096735668789809,0,21,None,66,1,5,False,1000,1000
14464,144,weighted,10,0.6119625796178344,0,21,None,66,1,5,False,1000,1000
14465,140,weighted,10,0.6025079617834395,0,24,None,66,1,5,False,1000,1000
14466,141,weighted,10,0.6053941082802548,0,24,None,66,1,5,False,1000,1000
14467,142,weighted,10,0.60828025477707,0,24,None,66,1,5,False,1000,1000
14468,143,weighted,10,0.6097730891719745,0,24,None,66,1,5,False,1000,1000
14469,144,weighted,10,0.6115644904458599,0,24,None,66,1,5,False,1000,1000
14470,140,weighted,10,0.6090764331210191,0,27,None,66,1,5,False,1000,1000
14471,141,weighted,10,0.6098726114649682,0,27,None,66,1,5,False,1000,1000
14472,142,weighted,10,0.612062101910828,0,27,None,66,1,5,False,1000,1000
14473,143,weighted,10,0.6140525477707006,0,27,None,66,1,5,False,1000,1000
14474,144,weighted,10,0.6154458598726115,0,27,None,66,1,5,False,1000,1000
14475,140,weighted,10,0.5484673566878981,0,0,None,66,1,5,False,1000,1000
14476,141,weighted,10,0.5490644904458599,0,0,None,66,1,5,False,1000,1000
14477,142,weighted,10,0.5490644904458599,0,0,None,66,1,5,False,1000,1000
14478,143,weighted,10,0.5488654458598726,0,0,None,66,1,5,False,1000,1000
14479,144,weighted,10,0.5498606687898089,0,0,None,66,1,5,False,1000,1000
14480,140,weighted,10,0.6006170382165605,0,30,None,66,1,5,False,1000,1000
14481,141,weighted,10,0.6014132165605095,0,30,None,66,1,5,False,1000,1000
14482,142,weighted,10,0.6027070063694268,0,30,None,66,1,5,False,1000,1000
14483,143,weighted,10,0.6044984076433121,0,30,None,66,1,5,False,1000,1000
14484,144,weighted,10,0.6051950636942676,0,30,None,66,1,5,False,1000,1000
14485,140,weighted,10,0.6251990445859873,0,16,None,66,1,5,False,1000,1000
14486,141,weighted,10,0.6274880573248408,0,16,None,66,1,5,False,1000,1000
14487,142,weighted,10,0.629578025477707,0,16,None,66,1,5,False,1000,1000
14488,143,weighted,10,0.6298765923566879,0,16,None,66,1,5,False,1000,1000
14489,144,weighted,10,0.631468949044586,0,16,None,66,1,5,False,1000,1000
14490,140,weighted,10,0.567078025477707,0,7,None,66,1,5,False,1000,1000
14491,141,weighted,10,0.5665804140127388,0,7,None,66,1,5,False,1000,1000
14492,142,weighted,10,0.5677746815286624,0,7,None,66,1,5,False,1000,1000
14493,143,weighted,10,0.5680732484076433,0,7,None,66,1,5,False,1000,1000
14494,144,weighted,10,0.5682722929936306,0,7,None,66,1,5,False,1000,1000
14495,140,weighted,10,0.5726512738853503,0,8,None,66,1,5,False,1000,1000
14496,141,weighted,10,0.5731488853503185,0,8,None,66,1,5,False,1000,1000
14497,142,weighted,10,0.5747412420382165,0,8,None,66,1,5,False,1000,1000
14498,143,weighted,10,0.5761345541401274,0,8,None,66,1,5,False,1000,1000
14499,144,weighted,10,0.5776273885350318,0,8,None,66,1,5,False,1000,1000
14500,140,weighted,10,0.6019108280254777,0,18,None,66,1,5,False,1000,1000
14501,141,weighted,10,0.6017117834394905,0,18,None,66,1,5,False,1000,1000
14502,142,weighted,10,0.6013136942675159,0,18,None,66,1,5,False,1000,1000
14503,143,weighted,10,0.6006170382165605,0,18,None,66,1,5,False,1000,1000
14504,144,weighted,10,0.6005175159235668,0,18,None,66,1,5,False,1000,1000
14505,140,weighted,10,0.6041998407643312,0,3,None,66,1,5,False,1000,1000
14506,141,weighted,10,0.6045979299363057,0,3,None,66,1,5,False,1000,1000
14507,142,weighted,10,0.6050955414012739,0,3,None,66,1,5,False,1000,1000
14508,143,weighted,10,0.6059912420382165,0,3,None,66,1,5,False,1000,1000
14509,144,weighted,10,0.6062898089171974,0,3,None,66,1,5,False,1000,1000
14510,140,weighted,10,0.5402070063694268,0,19,None,66,1,5,False,1000,1000
14511,141,weighted,10,0.5429936305732485,0,19,None,66,1,5,False,1000,1000
14512,142,weighted,10,0.5461783439490446,0,19,None,66,1,5,False,1000,1000
14513,143,weighted,10,0.5476711783439491,0,19,None,66,1,5,False,1000,1000
14514,144,weighted,10,0.5508558917197452,0,19,None,66,1,5,False,1000,1000
14515,140,weighted,10,0.6087778662420382,0,31,None,66,1,5,False,1000,1000
14516,141,weighted,10,0.6097730891719745,0,31,None,66,1,5,False,1000,1000
14517,142,weighted,10,0.611265923566879,0,31,None,66,1,5,False,1000,1000
14518,143,weighted,10,0.6132563694267515,0,31,None,66,1,5,False,1000,1000
14519,144,weighted,10,0.6161425159235668,0,31,None,66,1,5,False,1000,1000
14520,145,weighted,10,0.6083797770700637,0,18,None,66,1,5,False,1000,1000
14521,146,weighted,10,0.6078821656050956,0,18,None,66,1,5,False,1000,1000
14522,147,weighted,10,0.6071855095541401,0,18,None,66,1,5,False,1000,1000
14523,148,weighted,10,0.6067874203821656,0,18,None,66,1,5,False,1000,1000
14524,149,weighted,10,0.6072850318471338,0,18,None,66,1,5,False,1000,1000
14525,145,weighted,10,0.5629976114649682,0,1,None,66,1,5,False,1000,1000
14526,146,weighted,10,0.5638933121019108,0,1,None,66,1,5,False,1000,1000
14527,147,weighted,10,0.5645899681528662,0,1,None,66,1,5,False,1000,1000
14528,148,weighted,10,0.5654856687898089,0,1,None,66,1,5,False,1000,1000
14529,149,weighted,10,0.567078025477707,0,1,None,66,1,5,False,1000,1000
14530,145,weighted,10,0.5526472929936306,0,2,None,66,1,5,False,1000,1000
14531,146,weighted,10,0.5538415605095541,0,2,None,66,1,5,False,1000,1000
14532,147,weighted,10,0.5543391719745223,0,2,None,66,1,5,False,1000,1000
14533,148,weighted,10,0.5559315286624203,0,2,None,66,1,5,False,1000,1000
14534,149,weighted,10,0.5572253184713376,0,2,None,66,1,5,False,1000,1000
14535,145,weighted,10,0.5893710191082803,0,5,None,66,1,5,False,1000,1000
14536,146,weighted,10,0.589968152866242,0,5,None,66,1,5,False,1000,1000
14537,147,weighted,10,0.5916600318471338,0,5,None,66,1,5,False,1000,1000
14538,148,weighted,10,0.5924562101910829,0,5,None,66,1,5,False,1000,1000
14539,149,weighted,10,0.5944466560509554,0,5,None,66,1,5,False,1000,1000
14540,145,weighted,10,0.5793192675159236,0,8,None,66,1,5,False,1000,1000
14541,146,weighted,10,0.5813097133757962,0,8,None,66,1,5,False,1000,1000
14542,147,weighted,10,0.5818073248407644,0,8,None,66,1,5,False,1000,1000
14543,148,weighted,10,0.5833996815286624,0,8,None,66,1,5,False,1000,1000
14544,149,weighted,10,0.5843949044585988,0,8,None,66,1,5,False,1000,1000
14545,145,weighted,10,0.6014132165605095,0,22,None,66,1,5,False,1000,1000
14546,146,weighted,10,0.6019108280254777,0,22,None,66,1,5,False,1000,1000
14547,147,weighted,10,0.6030055732484076,0,22,None,66,1,5,False,1000,1000
14548,148,weighted,10,0.6041998407643312,0,22,None,66,1,5,False,1000,1000
14549,149,weighted,10,0.6051950636942676,0,22,None,66,1,5,False,1000,1000
14550,145,weighted,10,0.5897691082802548,0,23,None,66,1,5,False,1000,1000
14551,146,weighted,10,0.5909633757961783,0,23,None,66,1,5,False,1000,1000
14552,147,weighted,10,0.5934514331210191,0,23,None,66,1,5,False,1000,1000
14553,148,weighted,10,0.5958399681528662,0,23,None,66,1,5,False,1000,1000
14554,149,weighted,10,0.598328025477707,0,23,None,66,1,5,False,1000,1000
14555,145,weighted,10,0.5738455414012739,0,7,None,66,1,5,False,1000,1000
14556,146,weighted,10,0.5745421974522293,0,7,None,66,1,5,False,1000,1000
14557,147,weighted,10,0.5749402866242038,0,7,None,66,1,5,False,1000,1000
14558,148,weighted,10,0.5757364649681529,0,7,None,66,1,5,False,1000,1000
14559,149,weighted,10,0.5759355095541401,0,7,None,66,1,5,False,1000,1000
14560,145,weighted,10,0.6345541401273885,0,16,None,66,1,5,False,1000,1000
14561,146,weighted,10,0.6362460191082803,0,16,None,66,1,5,False,1000,1000
14562,147,weighted,10,0.6389331210191083,0,16,None,66,1,5,False,1000,1000
14563,148,weighted,10,0.63953025477707,0,16,None,66,1,5,False,1000,1000
14564,149,weighted,10,0.6407245222929936,0,16,None,66,1,5,False,1000,1000
14565,145,weighted,10,0.6060907643312102,0,32,None,66,1,5,False,1000,1000
14566,146,weighted,10,0.6057921974522293,0,32,None,66,1,5,False,1000,1000
14567,147,weighted,10,0.6050955414012739,0,32,None,66,1,5,False,1000,1000
14568,148,weighted,10,0.6065883757961783,0,32,None,66,1,5,False,1000,1000
14569,149,weighted,10,0.6071855095541401,0,32,None,66,1,5,False,1000,1000
14570,145,weighted,10,0.5292595541401274,0,14,None,66,1,5,False,1000,1000
14571,146,weighted,10,0.5302547770700637,0,14,None,66,1,5,False,1000,1000
14572,147,weighted,10,0.5307523885350318,0,14,None,66,1,5,False,1000,1000
14573,148,weighted,10,0.5313495222929936,0,14,None,66,1,5,False,1000,1000
14574,149,weighted,10,0.5324442675159236,0,14,None,66,1,5,False,1000,1000
14575,145,weighted,10,0.612062101910828,0,9,None,66,1,5,False,1000,1000
14576,146,weighted,10,0.6128582802547771,0,9,None,66,1,5,False,1000,1000
14577,147,weighted,10,0.6148487261146497,0,9,None,66,1,5,False,1000,1000
14578,148,weighted,10,0.6164410828025477,0,9,None,66,1,5,False,1000,1000
14579,149,weighted,10,0.618531050955414,0,9,None,66,1,5,False,1000,1000
14580,145,weighted,10,0.596437101910828,0,29,None,66,1,5,False,1000,1000
14581,146,weighted,10,0.5973328025477707,0,29,None,66,1,5,False,1000,1000
14582,147,weighted,10,0.5968351910828026,0,29,None,66,1,5,False,1000,1000
14583,148,weighted,10,0.5961385350318471,0,29,None,66,1,5,False,1000,1000
14584,149,weighted,10,0.596437101910828,0,29,None,66,1,5,False,1000,1000
14585,145,weighted,10,0.5999203821656051,0,6,None,66,1,5,False,1000,1000
14586,146,weighted,10,0.6000199044585988,0,6,None,66,1,5,False,1000,1000
14587,147,weighted,10,0.6000199044585988,0,6,None,66,1,5,False,1000,1000
14588,148,weighted,10,0.6005175159235668,0,6,None,66,1,5,False,1000,1000
14589,149,weighted,10,0.6011146496815286,0,6,None,66,1,5,False,1000,1000
14590,145,weighted,10,0.6119625796178344,0,12,None,66,1,5,False,1000,1000
14591,146,weighted,10,0.6140525477707006,0,12,None,66,1,5,False,1000,1000
14592,147,weighted,10,0.6163415605095541,0,12,None,66,1,5,False,1000,1000
14593,148,weighted,10,0.617734872611465,0,12,None,66,1,5,False,1000,1000
14594,149,weighted,10,0.619327229299363,0,12,None,66,1,5,False,1000,1000
14595,145,weighted,10,0.5814092356687898,0,13,None,66,1,5,False,1000,1000
14596,146,weighted,10,0.5805135350318471,0,13,None,66,1,5,False,1000,1000
14597,147,weighted,10,0.5810111464968153,0,13,None,66,1,5,False,1000,1000
14598,148,weighted,10,0.5811106687898089,0,13,None,66,1,5,False,1000,1000
14599,149,weighted,10,0.581906847133758,0,13,None,66,1,5,False,1000,1000
14600,145,weighted,10,0.5703622611464968,0,25,None,66,1,5,False,1000,1000
14601,146,weighted,10,0.5718550955414012,0,25,None,66,1,5,False,1000,1000
14602,147,weighted,10,0.5725517515923567,0,25,None,66,1,5,False,1000,1000
14603,148,weighted,10,0.5731488853503185,0,25,None,66,1,5,False,1000,1000
14604,149,weighted,10,0.5744426751592356,0,25,None,66,1,5,False,1000,1000
14605,145,weighted,10,0.5704617834394905,0,26,None,66,1,5,False,1000,1000
14606,146,weighted,10,0.5718550955414012,0,26,None,66,1,5,False,1000,1000
14607,147,weighted,10,0.5727507961783439,0,26,None,66,1,5,False,1000,1000
14608,148,weighted,10,0.5732484076433121,0,26,None,66,1,5,False,1000,1000
14609,149,weighted,10,0.5739450636942676,0,26,None,66,1,5,False,1000,1000
14610,145,weighted,10,0.6049960191082803,0,15,None,66,1,5,False,1000,1000
14611,146,weighted,10,0.6044984076433121,0,15,None,66,1,5,False,1000,1000
14612,147,weighted,10,0.6041998407643312,0,15,None,66,1,5,False,1000,1000
14613,148,weighted,10,0.604796974522293,0,15,None,66,1,5,False,1000,1000
14614,149,weighted,10,0.6046974522292994,0,15,None,66,1,5,False,1000,1000
14615,145,weighted,10,0.611265923566879,0,10,None,66,1,5,False,1000,1000
14616,146,weighted,10,0.6126592356687898,0,10,None,66,1,5,False,1000,1000
14617,147,weighted,10,0.6149482484076433,0,10,None,66,1,5,False,1000,1000
14618,148,weighted,10,0.6161425159235668,0,10,None,66,1,5,False,1000,1000
14619,149,weighted,10,0.6168391719745223,0,10,None,66,1,5,False,1000,1000
14620,145,weighted,10,0.5394108280254777,0,11,None,66,1,5,False,1000,1000
14621,146,weighted,10,0.5401074840764332,0,11,None,66,1,5,False,1000,1000
14622,147,weighted,10,0.5409036624203821,0,11,None,66,1,5,False,1000,1000
14623,148,weighted,10,0.5413017515923567,0,11,None,66,1,5,False,1000,1000
14624,149,weighted,10,0.5423964968152867,0,11,None,66,1,5,False,1000,1000
14625,145,weighted,10,0.6286823248407644,0,17,None,66,1,5,False,1000,1000
14626,146,weighted,10,0.6282842356687898,0,17,None,66,1,5,False,1000,1000
14627,147,weighted,10,0.6285828025477707,0,17,None,66,1,5,False,1000,1000
14628,148,weighted,10,0.6289808917197452,0,17,None,66,1,5,False,1000,1000
14629,149,weighted,10,0.6293789808917197,0,17,None,66,1,5,False,1000,1000
14630,145,weighted,10,0.5736464968152867,0,20,None,66,1,5,False,1000,1000
14631,146,weighted,10,0.5753383757961783,0,20,None,66,1,5,False,1000,1000
14632,147,weighted,10,0.5772292993630573,0,20,None,66,1,5,False,1000,1000
14633,148,weighted,10,0.5785230891719745,0,20,None,66,1,5,False,1000,1000
14634,149,weighted,10,0.5799164012738853,0,20,None,66,1,5,False,1000,1000
14635,145,weighted,10,0.5759355095541401,0,4,None,66,1,5,False,1000,1000
14636,146,weighted,10,0.5789211783439491,0,4,None,66,1,5,False,1000,1000
14637,147,weighted,10,0.5814092356687898,0,4,None,66,1,5,False,1000,1000
14638,148,weighted,10,0.5842953821656051,0,4,None,66,1,5,False,1000,1000
14639,149,weighted,10,0.5862858280254777,0,4,None,66,1,5,False,1000,1000
14640,145,weighted,10,0.4083399681528662,0,28,None,66,1,5,False,1000,1000
14641,146,weighted,10,0.4251592356687898,0,28,None,66,1,5,False,1000,1000
14642,147,weighted,10,0.4375995222929936,0,28,None,66,1,5,False,1000,1000
14643,148,weighted,10,0.4505374203821656,0,28,None,66,1,5,False,1000,1000
14644,149,weighted,10,0.4606886942675159,0,28,None,66,1,5,False,1000,1000
14645,145,weighted,10,0.6085788216560509,0,3,None,66,1,5,False,1000,1000
14646,146,weighted,10,0.6102707006369427,0,3,None,66,1,5,False,1000,1000
14647,147,weighted,10,0.6110668789808917,0,3,None,66,1,5,False,1000,1000
14648,148,weighted,10,0.6117635350318471,0,3,None,66,1,5,False,1000,1000
14649,149,weighted,10,0.6126592356687898,0,3,None,66,1,5,False,1000,1000
14650,145,weighted,10,0.546875,0,19,None,66,1,5,False,1000,1000
14651,146,weighted,10,0.549562101910828,0,19,None,66,1,5,False,1000,1000
14652,147,weighted,10,0.5535429936305732,0,19,None,66,1,5,False,1000,1000
14653,148,weighted,10,0.5570262738853503,0,19,None,66,1,5,False,1000,1000
14654,149,weighted,10,0.5585191082802548,0,19,None,66,1,5,False,1000,1000
14655,145,weighted,10,0.6119625796178344,0,21,None,66,1,5,False,1000,1000
14656,146,weighted,10,0.613156847133758,0,21,None,66,1,5,False,1000,1000
14657,147,weighted,10,0.6141520700636943,0,21,None,66,1,5,False,1000,1000
14658,148,weighted,10,0.6148487261146497,0,21,None,66,1,5,False,1000,1000
14659,149,weighted,10,0.6161425159235668,0,21,None,66,1,5,False,1000,1000
14660,145,weighted,10,0.5526472929936306,0,0,None,66,1,5,False,1000,1000
14661,146,weighted,10,0.5530453821656051,0,0,None,66,1,5,False,1000,1000
14662,147,weighted,10,0.5544386942675159,0,0,None,66,1,5,False,1000,1000
14663,148,weighted,10,0.5542396496815286,0,0,None,66,1,5,False,1000,1000
14664,149,weighted,10,0.5543391719745223,0,0,None,66,1,5,False,1000,1000
14665,145,weighted,10,0.6095740445859873,0,24,None,66,1,5,False,1000,1000
14666,146,weighted,10,0.6115644904458599,0,24,None,66,1,5,False,1000,1000
14667,147,weighted,10,0.6130573248407644,0,24,None,66,1,5,False,1000,1000
14668,148,weighted,10,0.6148487261146497,0,24,None,66,1,5,False,1000,1000
14669,149,weighted,10,0.6168391719745223,0,24,None,66,1,5,False,1000,1000
14670,145,weighted,10,0.6072850318471338,0,30,None,66,1,5,False,1000,1000
14671,146,weighted,10,0.6084792993630573,0,30,None,66,1,5,False,1000,1000
14672,147,weighted,10,0.6099721337579618,0,30,None,66,1,5,False,1000,1000
14673,148,weighted,10,0.6109673566878981,0,30,None,66,1,5,False,1000,1000
14674,149,weighted,10,0.6115644904458599,0,30,None,66,1,5,False,1000,1000
14675,145,weighted,10,0.6156449044585988,0,27,None,66,1,5,False,1000,1000
14676,146,weighted,10,0.6180334394904459,0,27,None,66,1,5,False,1000,1000
14677,147,weighted,10,0.6190286624203821,0,27,None,66,1,5,False,1000,1000
14678,148,weighted,10,0.6200238853503185,0,27,None,66,1,5,False,1000,1000
14679,149,weighted,10,0.622312898089172,0,27,None,66,1,5,False,1000,1000
14680,145,weighted,10,0.6157444267515924,0,31,None,66,1,5,False,1000,1000
14681,146,weighted,10,0.6180334394904459,0,31,None,66,1,5,False,1000,1000
14682,147,weighted,10,0.6201234076433121,0,31,None,66,1,5,False,1000,1000
14683,148,weighted,10,0.621218152866242,0,31,None,66,1,5,False,1000,1000
14684,149,weighted,10,0.6229100318471338,0,31,None,66,1,5,False,1000,1000
14685,150,weighted,10,0.6165406050955414,0,21,None,66,1,5,False,1000,1000
14686,151,weighted,10,0.617734872611465,0,21,None,66,1,5,False,1000,1000
14687,152,weighted,10,0.6183320063694268,0,21,None,66,1,5,False,1000,1000
14688,153,weighted,10,0.620421974522293,0,21,None,66,1,5,False,1000,1000
14689,154,weighted,10,0.6215167197452229,0,21,None,66,1,5,False,1000,1000
14690,150,weighted,10,0.6135549363057324,0,32,None,66,1,5,False,1000,1000
14691,151,weighted,10,0.6143511146496815,0,32,None,66,1,5,False,1000,1000
14692,152,weighted,10,0.6132563694267515,0,32,None,66,1,5,False,1000,1000
14693,153,weighted,10,0.6140525477707006,0,32,None,66,1,5,False,1000,1000
14694,154,weighted,10,0.6140525477707006,0,32,None,66,1,5,False,1000,1000
14695,150,weighted,10,0.6198248407643312,0,10,None,66,1,5,False,1000,1000
14696,151,weighted,10,0.6217157643312102,0,10,None,66,1,5,False,1000,1000
14697,152,weighted,10,0.6222133757961783,0,10,None,66,1,5,False,1000,1000
14698,153,weighted,10,0.622312898089172,0,10,None,66,1,5,False,1000,1000
14699,154,weighted,10,0.623109076433121,0,10,None,66,1,5,False,1000,1000
14700,150,weighted,10,0.6095740445859873,0,15,None,66,1,5,False,1000,1000
14701,151,weighted,10,0.6091759554140127,0,15,None,66,1,5,False,1000,1000
14702,152,weighted,10,0.6097730891719745,0,15,None,66,1,5,False,1000,1000
14703,153,weighted,10,0.6097730891719745,0,15,None,66,1,5,False,1000,1000
14704,154,weighted,10,0.6101711783439491,0,15,None,66,1,5,False,1000,1000
14705,150,weighted,10,0.57921974522293,0,20,None,66,1,5,False,1000,1000
14706,151,weighted,10,0.5813097133757962,0,20,None,66,1,5,False,1000,1000
14707,152,weighted,10,0.5835987261146497,0,20,None,66,1,5,False,1000,1000
14708,153,weighted,10,0.5847929936305732,0,20,None,66,1,5,False,1000,1000
14709,154,weighted,10,0.5862858280254777,0,20,None,66,1,5,False,1000,1000
14710,150,weighted,10,0.6445063694267515,0,16,None,66,1,5,False,1000,1000
14711,151,weighted,10,0.6457006369426752,0,16,None,66,1,5,False,1000,1000
14712,152,weighted,10,0.6469944267515924,0,16,None,66,1,5,False,1000,1000
14713,153,weighted,10,0.6476910828025477,0,16,None,66,1,5,False,1000,1000
14714,154,weighted,10,0.6493829617834395,0,16,None,66,1,5,False,1000,1000
14715,150,weighted,10,0.5894705414012739,0,13,None,66,1,5,False,1000,1000
14716,151,weighted,10,0.5897691082802548,0,13,None,66,1,5,False,1000,1000
14717,152,weighted,10,0.5895700636942676,0,13,None,66,1,5,False,1000,1000
14718,153,weighted,10,0.5901671974522293,0,13,None,66,1,5,False,1000,1000
14719,154,weighted,10,0.5900676751592356,0,13,None,66,1,5,False,1000,1000
14720,150,weighted,10,0.5947452229299363,0,23,None,66,1,5,False,1000,1000
14721,151,weighted,10,0.597531847133758,0,23,None,66,1,5,False,1000,1000
14722,152,weighted,10,0.5993232484076433,0,23,None,66,1,5,False,1000,1000
14723,153,weighted,10,0.6019108280254777,0,23,None,66,1,5,False,1000,1000
14724,154,weighted,10,0.6031050955414012,0,23,None,66,1,5,False,1000,1000
14725,150,weighted,10,0.4067476114649681,0,28,None,66,1,5,False,1000,1000
14726,151,weighted,10,0.424562101910828,0,28,None,66,1,5,False,1000,1000
14727,152,weighted,10,0.4413813694267516,0,28,None,66,1,5,False,1000,1000
14728,153,weighted,10,0.4565087579617834,0,28,None,66,1,5,False,1000,1000
14729,154,weighted,10,0.465764331210191,0,28,None,66,1,5,False,1000,1000
14730,150,weighted,10,0.6024084394904459,0,29,None,66,1,5,False,1000,1000
14731,151,weighted,10,0.602109872611465,0,29,None,66,1,5,False,1000,1000
14732,152,weighted,10,0.6016122611464968,0,29,None,66,1,5,False,1000,1000
14733,153,weighted,10,0.6031050955414012,0,29,None,66,1,5,False,1000,1000
14734,154,weighted,10,0.6030055732484076,0,29,None,66,1,5,False,1000,1000
14735,150,weighted,10,0.5429936305732485,0,11,None,66,1,5,False,1000,1000
14736,151,weighted,10,0.5434912420382165,0,11,None,66,1,5,False,1000,1000
14737,152,weighted,10,0.5438893312101911,0,11,None,66,1,5,False,1000,1000
14738,153,weighted,10,0.5447850318471338,0,11,None,66,1,5,False,1000,1000
14739,154,weighted,10,0.5450835987261147,0,11,None,66,1,5,False,1000,1000
14740,150,weighted,10,0.6321656050955414,0,17,None,66,1,5,False,1000,1000
14741,151,weighted,10,0.6325636942675159,0,17,None,66,1,5,False,1000,1000
14742,152,weighted,10,0.6321656050955414,0,17,None,66,1,5,False,1000,1000
14743,153,weighted,10,0.6331608280254777,0,17,None,66,1,5,False,1000,1000
14744,154,weighted,10,0.6335589171974523,0,17,None,66,1,5,False,1000,1000
14745,150,weighted,10,0.6148487261146497,0,24,None,66,1,5,False,1000,1000
14746,151,weighted,10,0.6169386942675159,0,24,None,66,1,5,False,1000,1000
14747,152,weighted,10,0.6183320063694268,0,24,None,66,1,5,False,1000,1000
14748,153,weighted,10,0.6196257961783439,0,24,None,66,1,5,False,1000,1000
14749,154,weighted,10,0.6221138535031847,0,24,None,66,1,5,False,1000,1000
14750,150,weighted,10,0.5943471337579618,0,5,None,66,1,5,False,1000,1000
14751,151,weighted,10,0.5953423566878981,0,5,None,66,1,5,False,1000,1000
14752,152,weighted,10,0.5968351910828026,0,5,None,66,1,5,False,1000,1000
14753,153,weighted,10,0.5977308917197452,0,5,None,66,1,5,False,1000,1000
14754,154,weighted,10,0.5990246815286624,0,5,None,66,1,5,False,1000,1000
14755,150,weighted,10,0.5832006369426752,0,4,None,66,1,5,False,1000,1000
14756,151,weighted,10,0.5866839171974523,0,4,None,66,1,5,False,1000,1000
14757,152,weighted,10,0.5911624203821656,0,4,None,66,1,5,False,1000,1000
14758,153,weighted,10,0.5923566878980892,0,4,None,66,1,5,False,1000,1000
14759,154,weighted,10,0.5946457006369427,0,4,None,66,1,5,False,1000,1000
14760,150,weighted,10,0.580812101910828,0,7,None,66,1,5,False,1000,1000
14761,151,weighted,10,0.5811106687898089,0,7,None,66,1,5,False,1000,1000
14762,152,weighted,10,0.5809116242038217,0,7,None,66,1,5,False,1000,1000
14763,153,weighted,10,0.5817078025477707,0,7,None,66,1,5,False,1000,1000
14764,154,weighted,10,0.5825039808917197,0,7,None,66,1,5,False,1000,1000
14765,150,weighted,10,0.5758359872611465,0,26,None,66,1,5,False,1000,1000
14766,151,weighted,10,0.576234076433121,0,26,None,66,1,5,False,1000,1000
14767,152,weighted,10,0.5767316878980892,0,26,None,66,1,5,False,1000,1000
14768,153,weighted,10,0.5771297770700637,0,26,None,66,1,5,False,1000,1000
14769,154,weighted,10,0.578125,0,26,None,66,1,5,False,1000,1000
14770,150,weighted,10,0.6135549363057324,0,30,None,66,1,5,False,1000,1000
14771,151,weighted,10,0.615047770700637,0,30,None,66,1,5,False,1000,1000
14772,152,weighted,10,0.6162420382165605,0,30,None,66,1,5,False,1000,1000
14773,153,weighted,10,0.6174363057324841,0,30,None,66,1,5,False,1000,1000
14774,154,weighted,10,0.6181329617834395,0,30,None,66,1,5,False,1000,1000
14775,150,weighted,10,0.5359275477707006,0,14,None,66,1,5,False,1000,1000
14776,151,weighted,10,0.5365246815286624,0,14,None,66,1,5,False,1000,1000
14777,152,weighted,10,0.537718949044586,0,14,None,66,1,5,False,1000,1000
14778,153,weighted,10,0.5394108280254777,0,14,None,66,1,5,False,1000,1000
14779,154,weighted,10,0.5409036624203821,0,14,None,66,1,5,False,1000,1000
14780,150,weighted,10,0.6058917197452229,0,6,None,66,1,5,False,1000,1000
14781,151,weighted,10,0.605593152866242,0,6,None,66,1,5,False,1000,1000
14782,152,weighted,10,0.6058917197452229,0,6,None,66,1,5,False,1000,1000
14783,153,weighted,10,0.6062898089171974,0,6,None,66,1,5,False,1000,1000
14784,154,weighted,10,0.606687898089172,0,6,None,66,1,5,False,1000,1000
14785,150,weighted,10,0.6070859872611465,0,22,None,66,1,5,False,1000,1000
14786,151,weighted,10,0.6081807324840764,0,22,None,66,1,5,False,1000,1000
14787,152,weighted,10,0.6087778662420382,0,22,None,66,1,5,False,1000,1000
14788,153,weighted,10,0.6096735668789809,0,22,None,66,1,5,False,1000,1000
14789,154,weighted,10,0.6108678343949044,0,22,None,66,1,5,False,1000,1000
14790,150,weighted,10,0.6176353503184714,0,9,None,66,1,5,False,1000,1000
14791,151,weighted,10,0.6190286624203821,0,9,None,66,1,5,False,1000,1000
14792,152,weighted,10,0.6210191082802548,0,9,None,66,1,5,False,1000,1000
14793,153,weighted,10,0.6225119426751592,0,9,None,66,1,5,False,1000,1000
14794,154,weighted,10,0.62390525477707,0,9,None,66,1,5,False,1000,1000
14795,150,weighted,10,0.6175358280254777,0,12,None,66,1,5,False,1000,1000
14796,151,weighted,10,0.6190286624203821,0,12,None,66,1,5,False,1000,1000
14797,152,weighted,10,0.6216162420382165,0,12,None,66,1,5,False,1000,1000
14798,153,weighted,10,0.62390525477707,0,12,None,66,1,5,False,1000,1000
14799,154,weighted,10,0.6252985668789809,0,12,None,66,1,5,False,1000,1000
14800,150,weighted,10,0.5742436305732485,0,25,None,66,1,5,False,1000,1000
14801,151,weighted,10,0.575437898089172,0,25,None,66,1,5,False,1000,1000
14802,152,weighted,10,0.5766321656050956,0,25,None,66,1,5,False,1000,1000
14803,153,weighted,10,0.5782245222929936,0,25,None,66,1,5,False,1000,1000
14804,154,weighted,10,0.5788216560509554,0,25,None,66,1,5,False,1000,1000
14805,150,weighted,10,0.5676751592356688,0,1,None,66,1,5,False,1000,1000
14806,151,weighted,10,0.5688694267515924,0,1,None,66,1,5,False,1000,1000
14807,152,weighted,10,0.5703622611464968,0,1,None,66,1,5,False,1000,1000
14808,153,weighted,10,0.5711584394904459,0,1,None,66,1,5,False,1000,1000
14809,154,weighted,10,0.571656050955414,0,1,None,66,1,5,False,1000,1000
14810,150,weighted,10,0.5591162420382165,0,2,None,66,1,5,False,1000,1000
14811,151,weighted,10,0.5594148089171974,0,2,None,66,1,5,False,1000,1000
14812,152,weighted,10,0.5600119426751592,0,2,None,66,1,5,False,1000,1000
14813,153,weighted,10,0.5609076433121019,0,2,None,66,1,5,False,1000,1000
14814,154,weighted,10,0.5618033439490446,0,2,None,66,1,5,False,1000,1000
14815,150,weighted,10,0.5578224522292994,0,0,None,66,1,5,False,1000,1000
14816,151,weighted,10,0.5585191082802548,0,0,None,66,1,5,False,1000,1000
14817,152,weighted,10,0.5584195859872612,0,0,None,66,1,5,False,1000,1000
14818,153,weighted,10,0.5596138535031847,0,0,None,66,1,5,False,1000,1000
14819,154,weighted,10,0.560609076433121,0,0,None,66,1,5,False,1000,1000
14820,150,weighted,10,0.6257961783439491,0,27,None,66,1,5,False,1000,1000
14821,151,weighted,10,0.6274880573248408,0,27,None,66,1,5,False,1000,1000
14822,152,weighted,10,0.629578025477707,0,27,None,66,1,5,False,1000,1000
14823,153,weighted,10,0.629578025477707,0,27,None,66,1,5,False,1000,1000
14824,154,weighted,10,0.6307722929936306,0,27,None,66,1,5,False,1000,1000
14825,150,weighted,10,0.5860867834394905,0,8,None,66,1,5,False,1000,1000
14826,151,weighted,10,0.5869824840764332,0,8,None,66,1,5,False,1000,1000
14827,152,weighted,10,0.5878781847133758,0,8,None,66,1,5,False,1000,1000
14828,153,weighted,10,0.5874800955414012,0,8,None,66,1,5,False,1000,1000
14829,154,weighted,10,0.5883757961783439,0,8,None,66,1,5,False,1000,1000
14830,150,weighted,10,0.6143511146496815,0,18,None,66,1,5,False,1000,1000
14831,151,weighted,10,0.6142515923566879,0,18,None,66,1,5,False,1000,1000
14832,152,weighted,10,0.6145501592356688,0,18,None,66,1,5,False,1000,1000
14833,153,weighted,10,0.6144506369426752,0,18,None,66,1,5,False,1000,1000
14834,154,weighted,10,0.6136544585987261,0,18,None,66,1,5,False,1000,1000
14835,150,weighted,10,0.6162420382165605,0,3,None,66,1,5,False,1000,1000
14836,151,weighted,10,0.6164410828025477,0,3,None,66,1,5,False,1000,1000
14837,152,weighted,10,0.6172372611464968,0,3,None,66,1,5,False,1000,1000
14838,153,weighted,10,0.6181329617834395,0,3,None,66,1,5,False,1000,1000
14839,154,weighted,10,0.6183320063694268,0,3,None,66,1,5,False,1000,1000
14840,150,weighted,10,0.5582205414012739,0,19,None,66,1,5,False,1000,1000
14841,151,weighted,10,0.559812898089172,0,19,None,66,1,5,False,1000,1000
14842,152,weighted,10,0.5625995222929936,0,19,None,66,1,5,False,1000,1000
14843,153,weighted,10,0.5650875796178344,0,19,None,66,1,5,False,1000,1000
14844,154,weighted,10,0.5665804140127388,0,19,None,66,1,5,False,1000,1000
14845,150,weighted,10,0.6225119426751592,0,31,None,66,1,5,False,1000,1000
14846,151,weighted,10,0.6240047770700637,0,31,None,66,1,5,False,1000,1000
14847,152,weighted,10,0.6254976114649682,0,31,None,66,1,5,False,1000,1000
14848,153,weighted,10,0.6272890127388535,0,31,None,66,1,5,False,1000,1000
14849,154,weighted,10,0.6290804140127388,0,31,None,66,1,5,False,1000,1000
18975,155,weighted,10,0.5729498407643312,0,1,None,66,1,5,False,1000,1000
18976,156,weighted,10,0.5739450636942676,0,1,None,66,1,5,False,1000,1000
18977,157,weighted,10,0.5746417197452229,0,1,None,66,1,5,False,1000,1000
18978,158,weighted,10,0.5752388535031847,0,1,None,66,1,5,False,1000,1000
18979,159,weighted,10,0.5756369426751592,0,1,None,66,1,5,False,1000,1000
18980,155,weighted,10,0.6482882165605095,0,16,None,66,1,5,False,1000,1000
18981,156,weighted,10,0.6494824840764332,0,16,None,66,1,5,False,1000,1000
18982,157,weighted,10,0.6502786624203821,0,16,None,66,1,5,False,1000,1000
18983,158,weighted,10,0.651671974522293,0,16,None,66,1,5,False,1000,1000
18984,159,weighted,10,0.6518710191082803,0,16,None,66,1,5,False,1000,1000
18985,155,weighted,10,0.5916600318471338,0,8,None,66,1,5,False,1000,1000
18986,156,weighted,10,0.5929538216560509,0,8,None,66,1,5,False,1000,1000
18987,157,weighted,10,0.5935509554140127,0,8,None,66,1,5,False,1000,1000
18988,158,weighted,10,0.5933519108280255,0,8,None,66,1,5,False,1000,1000
18989,159,weighted,10,0.5935509554140127,0,8,None,66,1,5,False,1000,1000
18990,155,weighted,10,0.5631966560509554,0,19,None,66,1,5,False,1000,1000
18991,156,weighted,10,0.5657842356687898,0,19,None,66,1,5,False,1000,1000
18992,157,weighted,10,0.5688694267515924,0,19,None,66,1,5,False,1000,1000
18993,158,weighted,10,0.5705613057324841,0,19,None,66,1,5,False,1000,1000
18994,159,weighted,10,0.5729498407643312,0,19,None,66,1,5,False,1000,1000
18995,155,weighted,10,0.6136544585987261,0,22,None,66,1,5,False,1000,1000
18996,156,weighted,10,0.6143511146496815,0,22,None,66,1,5,False,1000,1000
18997,157,weighted,10,0.6151472929936306,0,22,None,66,1,5,False,1000,1000
18998,158,weighted,10,0.6165406050955414,0,22,None,66,1,5,False,1000,1000
18999,159,weighted,10,0.6188296178343949,0,22,None,66,1,5,False,1000,1000
19000,155,weighted,10,0.5420979299363057,0,14,None,66,1,5,False,1000,1000
19001,156,weighted,10,0.5438893312101911,0,14,None,66,1,5,False,1000,1000
19002,157,weighted,10,0.5465764331210191,0,14,None,66,1,5,False,1000,1000
19003,158,weighted,10,0.5493630573248408,0,14,None,66,1,5,False,1000,1000
19004,159,weighted,10,0.5513535031847133,0,14,None,66,1,5,False,1000,1000
19005,155,weighted,10,0.6001194267515924,0,23,None,66,1,5,False,1000,1000
19006,156,weighted,10,0.6026074840764332,0,23,None,66,1,5,False,1000,1000
19007,157,weighted,10,0.6041003184713376,0,23,None,66,1,5,False,1000,1000
19008,158,weighted,10,0.6057921974522293,0,23,None,66,1,5,False,1000,1000
19009,159,weighted,10,0.6075835987261147,0,23,None,66,1,5,False,1000,1000
19010,155,weighted,10,0.6225119426751592,0,21,None,66,1,5,False,1000,1000
19011,156,weighted,10,0.6233081210191083,0,21,None,66,1,5,False,1000,1000
19012,157,weighted,10,0.6241042993630573,0,21,None,66,1,5,False,1000,1000
19013,158,weighted,10,0.6250995222929936,0,21,None,66,1,5,False,1000,1000
19014,159,weighted,10,0.6262937898089171,0,21,None,66,1,5,False,1000,1000
19015,155,weighted,10,0.5787221337579618,0,25,None,66,1,5,False,1000,1000
19016,156,weighted,10,0.580015923566879,0,25,None,66,1,5,False,1000,1000
19017,157,weighted,10,0.5812101910828026,0,25,None,66,1,5,False,1000,1000
19018,158,weighted,10,0.5823049363057324,0,25,None,66,1,5,False,1000,1000
19019,159,weighted,10,0.5836982484076433,0,25,None,66,1,5,False,1000,1000
19020,155,weighted,10,0.5796178343949044,0,26,None,66,1,5,False,1000,1000
19021,156,weighted,10,0.5811106687898089,0,26,None,66,1,5,False,1000,1000
19022,157,weighted,10,0.5816082802547771,0,26,None,66,1,5,False,1000,1000
19023,158,weighted,10,0.5833996815286624,0,26,None,66,1,5,False,1000,1000
19024,159,weighted,10,0.5836982484076433,0,26,None,66,1,5,False,1000,1000
19025,155,weighted,10,0.6198248407643312,0,24,None,66,1,5,False,1000,1000
19026,156,weighted,10,0.6216162420382165,0,24,None,66,1,5,False,1000,1000
19027,157,weighted,10,0.6237062101910829,0,24,None,66,1,5,False,1000,1000
19028,158,weighted,10,0.6248009554140127,0,24,None,66,1,5,False,1000,1000
19029,159,weighted,10,0.6270899681528662,0,24,None,66,1,5,False,1000,1000
19030,155,weighted,10,0.6079816878980892,0,29,None,66,1,5,False,1000,1000
19031,156,weighted,10,0.6080812101910829,0,29,None,66,1,5,False,1000,1000
19032,157,weighted,10,0.6075835987261147,0,29,None,66,1,5,False,1000,1000
19033,158,weighted,10,0.607484076433121,0,29,None,66,1,5,False,1000,1000
19034,159,weighted,10,0.60828025477707,0,29,None,66,1,5,False,1000,1000
19035,155,weighted,10,0.6195262738853503,0,30,None,66,1,5,False,1000,1000
19036,156,weighted,10,0.6195262738853503,0,30,None,66,1,5,False,1000,1000
19037,157,weighted,10,0.6211186305732485,0,30,None,66,1,5,False,1000,1000
19038,158,weighted,10,0.6229100318471338,0,30,None,66,1,5,False,1000,1000
19039,159,weighted,10,0.6232085987261147,0,30,None,66,1,5,False,1000,1000
19040,155,weighted,10,0.6114649681528662,0,6,None,66,1,5,False,1000,1000
19041,156,weighted,10,0.6110668789808917,0,6,None,66,1,5,False,1000,1000
19042,157,weighted,10,0.6113654458598726,0,6,None,66,1,5,False,1000,1000
19043,158,weighted,10,0.6116640127388535,0,6,None,66,1,5,False,1000,1000
19044,159,weighted,10,0.6124601910828026,0,6,None,66,1,5,False,1000,1000
19045,155,weighted,10,0.6284832802547771,0,31,None,66,1,5,False,1000,1000
19046,156,weighted,10,0.6304737261146497,0,31,None,66,1,5,False,1000,1000
19047,157,weighted,10,0.6321656050955414,0,31,None,66,1,5,False,1000,1000
19048,158,weighted,10,0.6338574840764332,0,31,None,66,1,5,False,1000,1000
19049,159,weighted,10,0.634952229299363,0,31,None,66,1,5,False,1000,1000
19050,155,weighted,10,0.6330613057324841,0,27,None,66,1,5,False,1000,1000
19051,156,weighted,10,0.6348527070063694,0,27,None,66,1,5,False,1000,1000
19052,157,weighted,10,0.6363455414012739,0,27,None,66,1,5,False,1000,1000
19053,158,weighted,10,0.6371417197452229,0,27,None,66,1,5,False,1000,1000
19054,159,weighted,10,0.6371417197452229,0,27,None,66,1,5,False,1000,1000
19055,155,weighted,10,0.6192277070063694,0,32,None,66,1,5,False,1000,1000
19056,156,weighted,10,0.6190286624203821,0,32,None,66,1,5,False,1000,1000
19057,157,weighted,10,0.6188296178343949,0,32,None,66,1,5,False,1000,1000
19058,158,weighted,10,0.6188296178343949,0,32,None,66,1,5,False,1000,1000
19059,159,weighted,10,0.6190286624203821,0,32,None,66,1,5,False,1000,1000
19060,155,weighted,10,0.6001194267515924,0,13,None,66,1,5,False,1000,1000
19061,156,weighted,10,0.6000199044585988,0,13,None,66,1,5,False,1000,1000
19062,157,weighted,10,0.600218949044586,0,13,None,66,1,5,False,1000,1000
19063,158,weighted,10,0.6003184713375797,0,13,None,66,1,5,False,1000,1000
19064,159,weighted,10,0.5995222929936306,0,13,None,66,1,5,False,1000,1000
19065,155,weighted,10,0.5647890127388535,0,2,None,66,1,5,False,1000,1000
19066,156,weighted,10,0.5655851910828026,0,2,None,66,1,5,False,1000,1000
19067,157,weighted,10,0.5660828025477707,0,2,None,66,1,5,False,1000,1000
19068,158,weighted,10,0.5672770700636943,0,2,None,66,1,5,False,1000,1000
19069,159,weighted,10,0.5686703821656051,0,2,None,66,1,5,False,1000,1000
19070,155,weighted,10,0.5628980891719745,0,0,None,66,1,5,False,1000,1000
19071,156,weighted,10,0.5629976114649682,0,0,None,66,1,5,False,1000,1000
19072,157,weighted,10,0.5644904458598726,0,0,None,66,1,5,False,1000,1000
19073,158,weighted,10,0.5659832802547771,0,0,None,66,1,5,False,1000,1000
19074,159,weighted,10,0.5661823248407644,0,0,None,66,1,5,False,1000,1000
19075,155,weighted,10,0.6224124203821656,0,3,None,66,1,5,False,1000,1000
19076,156,weighted,10,0.6222133757961783,0,3,None,66,1,5,False,1000,1000
19077,157,weighted,10,0.6226114649681529,0,3,None,66,1,5,False,1000,1000
19078,158,weighted,10,0.6228105095541401,0,3,None,66,1,5,False,1000,1000
19079,159,weighted,10,0.6234076433121019,0,3,None,66,1,5,False,1000,1000
19080,155,weighted,10,0.5996218152866242,0,5,None,66,1,5,False,1000,1000
19081,156,weighted,10,0.6009156050955414,0,5,None,66,1,5,False,1000,1000
19082,157,weighted,10,0.6023089171974523,0,5,None,66,1,5,False,1000,1000
19083,158,weighted,10,0.6041998407643312,0,5,None,66,1,5,False,1000,1000
19084,159,weighted,10,0.6057921974522293,0,5,None,66,1,5,False,1000,1000
19085,155,weighted,10,0.5914609872611465,0,4,None,66,1,5,False,1000,1000
19086,156,weighted,10,0.5949442675159236,0,4,None,66,1,5,False,1000,1000
19087,157,weighted,10,0.5976313694267515,0,4,None,66,1,5,False,1000,1000
19088,158,weighted,10,0.5999203821656051,0,4,None,66,1,5,False,1000,1000
19089,159,weighted,10,0.6018113057324841,0,4,None,66,1,5,False,1000,1000
19090,155,weighted,10,0.5867834394904459,0,7,None,66,1,5,False,1000,1000
19091,156,weighted,10,0.5873805732484076,0,7,None,66,1,5,False,1000,1000
19092,157,weighted,10,0.587281050955414,0,7,None,66,1,5,False,1000,1000
19093,158,weighted,10,0.5882762738853503,0,7,None,66,1,5,False,1000,1000
19094,159,weighted,10,0.589171974522293,0,7,None,66,1,5,False,1000,1000
19095,155,weighted,10,0.6251990445859873,0,10,None,66,1,5,False,1000,1000
19096,156,weighted,10,0.6256966560509554,0,10,None,66,1,5,False,1000,1000
19097,157,weighted,10,0.6259952229299363,0,10,None,66,1,5,False,1000,1000
19098,158,weighted,10,0.6258957006369427,0,10,None,66,1,5,False,1000,1000
19099,159,weighted,10,0.6264928343949044,0,10,None,66,1,5,False,1000,1000
19100,155,weighted,10,0.6248009554140127,0,9,None,66,1,5,False,1000,1000
19101,156,weighted,10,0.6264928343949044,0,9,None,66,1,5,False,1000,1000
19102,157,weighted,10,0.6271894904458599,0,9,None,66,1,5,False,1000,1000
19103,158,weighted,10,0.6286823248407644,0,9,None,66,1,5,False,1000,1000
19104,159,weighted,10,0.6291799363057324,0,9,None,66,1,5,False,1000,1000
19105,155,weighted,10,0.5460788216560509,0,11,None,66,1,5,False,1000,1000
19106,156,weighted,10,0.5474721337579618,0,11,None,66,1,5,False,1000,1000
19107,157,weighted,10,0.5489649681528662,0,11,None,66,1,5,False,1000,1000
19108,158,weighted,10,0.5491640127388535,0,11,None,66,1,5,False,1000,1000
19109,159,weighted,10,0.5508558917197452,0,11,None,66,1,5,False,1000,1000
19110,155,weighted,10,0.6241042993630573,0,12,None,66,1,5,False,1000,1000
19111,156,weighted,10,0.6264928343949044,0,12,None,66,1,5,False,1000,1000
19112,157,weighted,10,0.6265923566878981,0,12,None,66,1,5,False,1000,1000
19113,158,weighted,10,0.6278861464968153,0,12,None,66,1,5,False,1000,1000
19114,159,weighted,10,0.6300756369426752,0,12,None,66,1,5,False,1000,1000
19115,155,weighted,10,0.6169386942675159,0,15,None,66,1,5,False,1000,1000
19116,156,weighted,10,0.6173367834394905,0,15,None,66,1,5,False,1000,1000
19117,157,weighted,10,0.617734872611465,0,15,None,66,1,5,False,1000,1000
19118,158,weighted,10,0.6186305732484076,0,15,None,66,1,5,False,1000,1000
19119,159,weighted,10,0.6187300955414012,0,15,None,66,1,5,False,1000,1000
19120,155,weighted,10,0.6207205414012739,0,18,None,66,1,5,False,1000,1000
19121,156,weighted,10,0.6209195859872612,0,18,None,66,1,5,False,1000,1000
19122,157,weighted,10,0.6207205414012739,0,18,None,66,1,5,False,1000,1000
19123,158,weighted,10,0.6207205414012739,0,18,None,66,1,5,False,1000,1000
19124,159,weighted,10,0.620421974522293,0,18,None,66,1,5,False,1000,1000
19125,155,weighted,10,0.6372412420382165,0,17,None,66,1,5,False,1000,1000
19126,156,weighted,10,0.6367436305732485,0,17,None,66,1,5,False,1000,1000
19127,157,weighted,10,0.6373407643312102,0,17,None,66,1,5,False,1000,1000
19128,158,weighted,10,0.6383359872611465,0,17,None,66,1,5,False,1000,1000
19129,159,weighted,10,0.638734076433121,0,17,None,66,1,5,False,1000,1000
19130,155,weighted,10,0.587281050955414,0,20,None,66,1,5,False,1000,1000
19131,156,weighted,10,0.5885748407643312,0,20,None,66,1,5,False,1000,1000
19132,157,weighted,10,0.5898686305732485,0,20,None,66,1,5,False,1000,1000
19133,158,weighted,10,0.5908638535031847,0,20,None,66,1,5,False,1000,1000
19134,159,weighted,10,0.591859076433121,0,20,None,66,1,5,False,1000,1000
19135,155,weighted,10,0.4061504777070063,0,28,None,66,1,5,False,1000,1000
19136,156,weighted,10,0.4277468152866242,0,28,None,66,1,5,False,1000,1000
19137,157,weighted,10,0.4464570063694267,0,28,None,66,1,5,False,1000,1000
19138,158,weighted,10,0.4628781847133758,0,28,None,66,1,5,False,1000,1000
19139,159,weighted,10,0.4750199044585987,0,28,None,66,1,5,False,1000,1000
19140,160,weighted,10,0.5764331210191083,0,1,None,66,1,5,False,1000,1000
19141,161,weighted,10,0.5774283439490446,0,1,None,66,1,5,False,1000,1000
19142,162,weighted,10,0.5790207006369427,0,1,None,66,1,5,False,1000,1000
19143,163,weighted,10,0.5795183121019108,0,1,None,66,1,5,False,1000,1000
19144,164,weighted,10,0.5797173566878981,0,1,None,66,1,5,False,1000,1000
19145,160,weighted,10,0.4169984076433121,0,28,None,66,1,5,False,1000,1000
19146,161,weighted,10,0.4392914012738853,0,28,None,66,1,5,False,1000,1000
19147,162,weighted,10,0.4594944267515923,0,28,None,66,1,5,False,1000,1000
19148,163,weighted,10,0.4753184713375796,0,28,None,66,1,5,False,1000,1000
19149,164,weighted,10,0.4854697452229299,0,28,None,66,1,5,False,1000,1000
19150,160,weighted,10,0.6137539808917197,0,29,None,66,1,5,False,1000,1000
19151,161,weighted,10,0.6135549363057324,0,29,None,66,1,5,False,1000,1000
19152,162,weighted,10,0.6140525477707006,0,29,None,66,1,5,False,1000,1000
19153,163,weighted,10,0.6140525477707006,0,29,None,66,1,5,False,1000,1000
19154,164,weighted,10,0.6136544585987261,0,29,None,66,1,5,False,1000,1000
19155,160,weighted,10,0.6245023885350318,0,15,None,66,1,5,False,1000,1000
19156,161,weighted,10,0.6245023885350318,0,15,None,66,1,5,False,1000,1000
19157,162,weighted,10,0.6247014331210191,0,15,None,66,1,5,False,1000,1000
19158,163,weighted,10,0.625,0,15,None,66,1,5,False,1000,1000
19159,164,weighted,10,0.6252985668789809,0,15,None,66,1,5,False,1000,1000
19160,160,weighted,10,0.6294785031847133,0,10,None,66,1,5,False,1000,1000
19161,161,weighted,10,0.6293789808917197,0,10,None,66,1,5,False,1000,1000
19162,162,weighted,10,0.6302746815286624,0,10,None,66,1,5,False,1000,1000
19163,163,weighted,10,0.6309713375796179,0,10,None,66,1,5,False,1000,1000
19164,164,weighted,10,0.6308718152866242,0,10,None,66,1,5,False,1000,1000
19165,160,weighted,10,0.6056926751592356,0,13,None,66,1,5,False,1000,1000
19166,161,weighted,10,0.6068869426751592,0,13,None,66,1,5,False,1000,1000
19167,162,weighted,10,0.6067874203821656,0,13,None,66,1,5,False,1000,1000
19168,163,weighted,10,0.6069864649681529,0,13,None,66,1,5,False,1000,1000
19169,164,weighted,10,0.6061902866242038,0,13,None,66,1,5,False,1000,1000
19170,160,weighted,10,0.5502587579617835,0,11,None,66,1,5,False,1000,1000
19171,161,weighted,10,0.5508558917197452,0,11,None,66,1,5,False,1000,1000
19172,162,weighted,10,0.552547770700637,0,11,None,66,1,5,False,1000,1000
19173,163,weighted,10,0.5530453821656051,0,11,None,66,1,5,False,1000,1000
19174,164,weighted,10,0.5546377388535032,0,11,None,66,1,5,False,1000,1000
19175,160,weighted,10,0.5919585987261147,0,20,None,66,1,5,False,1000,1000
19176,161,weighted,10,0.59265525477707,0,20,None,66,1,5,False,1000,1000
19177,162,weighted,10,0.59375,0,20,None,66,1,5,False,1000,1000
19178,163,weighted,10,0.5942476114649682,0,20,None,66,1,5,False,1000,1000
19179,164,weighted,10,0.5950437898089171,0,20,None,66,1,5,False,1000,1000
19180,160,weighted,10,0.6061902866242038,0,5,None,66,1,5,False,1000,1000
19181,161,weighted,10,0.6076831210191083,0,5,None,66,1,5,False,1000,1000
19182,162,weighted,10,0.6089769108280255,0,5,None,66,1,5,False,1000,1000
19183,163,weighted,10,0.6098726114649682,0,5,None,66,1,5,False,1000,1000
19184,164,weighted,10,0.6114649681528662,0,5,None,66,1,5,False,1000,1000
19185,160,weighted,10,0.6555533439490446,0,16,None,66,1,5,False,1000,1000
19186,161,weighted,10,0.6559514331210191,0,16,None,66,1,5,False,1000,1000
19187,162,weighted,10,0.6570461783439491,0,16,None,66,1,5,False,1000,1000
19188,163,weighted,10,0.6575437898089171,0,16,None,66,1,5,False,1000,1000
19189,164,weighted,10,0.6579418789808917,0,16,None,66,1,5,False,1000,1000
19190,160,weighted,10,0.5833996815286624,0,25,None,66,1,5,False,1000,1000
19191,161,weighted,10,0.5857882165605095,0,25,None,66,1,5,False,1000,1000
19192,162,weighted,10,0.5868829617834395,0,25,None,66,1,5,False,1000,1000
19193,163,weighted,10,0.587281050955414,0,25,None,66,1,5,False,1000,1000
19194,164,weighted,10,0.5879777070063694,0,25,None,66,1,5,False,1000,1000
19195,160,weighted,10,0.5855891719745223,0,26,None,66,1,5,False,1000,1000
19196,161,weighted,10,0.5863853503184714,0,26,None,66,1,5,False,1000,1000
19197,162,weighted,10,0.587281050955414,0,26,None,66,1,5,False,1000,1000
19198,163,weighted,10,0.5883757961783439,0,26,None,66,1,5,False,1000,1000
19199,164,weighted,10,0.5895700636942676,0,26,None,66,1,5,False,1000,1000
19200,160,weighted,10,0.6301751592356688,0,12,None,66,1,5,False,1000,1000
19201,161,weighted,10,0.6325636942675159,0,12,None,66,1,5,False,1000,1000
19202,162,weighted,10,0.6337579617834395,0,12,None,66,1,5,False,1000,1000
19203,163,weighted,10,0.6352507961783439,0,12,None,66,1,5,False,1000,1000
19204,164,weighted,10,0.636843152866242,0,12,None,66,1,5,False,1000,1000
19205,160,weighted,10,0.5959394904458599,0,8,None,66,1,5,False,1000,1000
19206,161,weighted,10,0.5968351910828026,0,8,None,66,1,5,False,1000,1000
19207,162,weighted,10,0.5965366242038217,0,8,None,66,1,5,False,1000,1000
19208,163,weighted,10,0.5967356687898089,0,8,None,66,1,5,False,1000,1000
19209,164,weighted,10,0.5972332802547771,0,8,None,66,1,5,False,1000,1000
19210,160,weighted,10,0.5712579617834395,0,19,None,66,1,5,False,1000,1000
19211,161,weighted,10,0.5748407643312102,0,19,None,66,1,5,False,1000,1000
19212,162,weighted,10,0.5767316878980892,0,19,None,66,1,5,False,1000,1000
19213,163,weighted,10,0.5788216560509554,0,19,None,66,1,5,False,1000,1000
19214,164,weighted,10,0.5806130573248408,0,19,None,66,1,5,False,1000,1000
19215,160,weighted,10,0.62390525477707,0,18,None,66,1,5,False,1000,1000
19216,161,weighted,10,0.6233081210191083,0,18,None,66,1,5,False,1000,1000
19217,162,weighted,10,0.6238057324840764,0,18,None,66,1,5,False,1000,1000
19218,163,weighted,10,0.6249004777070064,0,18,None,66,1,5,False,1000,1000
19219,164,weighted,10,0.6252985668789809,0,18,None,66,1,5,False,1000,1000
19220,160,weighted,10,0.6394307324840764,0,17,None,66,1,5,False,1000,1000
19221,161,weighted,10,0.6397292993630573,0,17,None,66,1,5,False,1000,1000
19222,162,weighted,10,0.640625,0,17,None,66,1,5,False,1000,1000
19223,163,weighted,10,0.6421178343949044,0,17,None,66,1,5,False,1000,1000
19224,164,weighted,10,0.6421178343949044,0,17,None,66,1,5,False,1000,1000
19225,160,weighted,10,0.6265923566878981,0,21,None,66,1,5,False,1000,1000
19226,161,weighted,10,0.6278861464968153,0,21,None,66,1,5,False,1000,1000
19227,162,weighted,10,0.6281847133757962,0,21,None,66,1,5,False,1000,1000
19228,163,weighted,10,0.6299761146496815,0,21,None,66,1,5,False,1000,1000
19229,164,weighted,10,0.6316679936305732,0,21,None,66,1,5,False,1000,1000
19230,160,weighted,10,0.5703622611464968,0,2,None,66,1,5,False,1000,1000
19231,161,weighted,10,0.5713574840764332,0,2,None,66,1,5,False,1000,1000
19232,162,weighted,10,0.5722531847133758,0,2,None,66,1,5,False,1000,1000
19233,163,weighted,10,0.5739450636942676,0,2,None,66,1,5,False,1000,1000
19234,164,weighted,10,0.5747412420382165,0,2,None,66,1,5,False,1000,1000
19235,160,weighted,10,0.6277866242038217,0,3,None,66,1,5,False,1000,1000
19236,161,weighted,10,0.6281847133757962,0,3,None,66,1,5,False,1000,1000
19237,162,weighted,10,0.6282842356687898,0,3,None,66,1,5,False,1000,1000
19238,163,weighted,10,0.627687101910828,0,3,None,66,1,5,False,1000,1000
19239,164,weighted,10,0.6272890127388535,0,3,None,66,1,5,False,1000,1000
19240,160,weighted,10,0.6255971337579618,0,24,None,66,1,5,False,1000,1000
19241,161,weighted,10,0.6267914012738853,0,24,None,66,1,5,False,1000,1000
19242,162,weighted,10,0.6281847133757962,0,24,None,66,1,5,False,1000,1000
19243,163,weighted,10,0.6296775477707006,0,24,None,66,1,5,False,1000,1000
19244,164,weighted,10,0.6318670382165605,0,24,None,66,1,5,False,1000,1000
19245,160,weighted,10,0.6399283439490446,0,27,None,66,1,5,False,1000,1000
19246,161,weighted,10,0.6400278662420382,0,27,None,66,1,5,False,1000,1000
19247,162,weighted,10,0.64171974522293,0,27,None,66,1,5,False,1000,1000
19248,163,weighted,10,0.6418192675159236,0,27,None,66,1,5,False,1000,1000
19249,164,weighted,10,0.6421178343949044,0,27,None,66,1,5,False,1000,1000
19250,160,weighted,10,0.6245023885350318,0,30,None,66,1,5,False,1000,1000
19251,161,weighted,10,0.625,0,30,None,66,1,5,False,1000,1000
19252,162,weighted,10,0.6257961783439491,0,30,None,66,1,5,False,1000,1000
19253,163,weighted,10,0.6272890127388535,0,30,None,66,1,5,False,1000,1000
19254,164,weighted,10,0.6285828025477707,0,30,None,66,1,5,False,1000,1000
19255,160,weighted,10,0.633359872611465,0,31,None,66,1,5,False,1000,1000
19256,161,weighted,10,0.6355493630573248,0,31,None,66,1,5,False,1000,1000
19257,162,weighted,10,0.636843152866242,0,31,None,66,1,5,False,1000,1000
19258,163,weighted,10,0.6378383757961783,0,31,None,66,1,5,False,1000,1000
19259,164,weighted,10,0.6391321656050956,0,31,None,66,1,5,False,1000,1000
19260,160,weighted,10,0.604796974522293,0,23,None,66,1,5,False,1000,1000
19261,161,weighted,10,0.6073845541401274,0,23,None,66,1,5,False,1000,1000
19262,162,weighted,10,0.6091759554140127,0,23,None,66,1,5,False,1000,1000
19263,163,weighted,10,0.6100716560509554,0,23,None,66,1,5,False,1000,1000
19264,164,weighted,10,0.6110668789808917,0,23,None,66,1,5,False,1000,1000
19265,160,weighted,10,0.5690684713375797,0,0,None,66,1,5,False,1000,1000
19266,161,weighted,10,0.5700636942675159,0,0,None,66,1,5,False,1000,1000
19267,162,weighted,10,0.5706608280254777,0,0,None,66,1,5,False,1000,1000
19268,163,weighted,10,0.5704617834394905,0,0,None,66,1,5,False,1000,1000
19269,164,weighted,10,0.5703622611464968,0,0,None,66,1,5,False,1000,1000
19270,160,weighted,10,0.5923566878980892,0,7,None,66,1,5,False,1000,1000
19271,161,weighted,10,0.5928542993630573,0,7,None,66,1,5,False,1000,1000
19272,162,weighted,10,0.5943471337579618,0,7,None,66,1,5,False,1000,1000
19273,163,weighted,10,0.5952428343949044,0,7,None,66,1,5,False,1000,1000
19274,164,weighted,10,0.5958399681528662,0,7,None,66,1,5,False,1000,1000
19275,160,weighted,10,0.5982285031847133,0,4,None,66,1,5,False,1000,1000
19276,161,weighted,10,0.6006170382165605,0,4,None,66,1,5,False,1000,1000
19277,162,weighted,10,0.6024084394904459,0,4,None,66,1,5,False,1000,1000
19278,163,weighted,10,0.6057921974522293,0,4,None,66,1,5,False,1000,1000
19279,164,weighted,10,0.6080812101910829,0,4,None,66,1,5,False,1000,1000
19280,160,weighted,10,0.6238057324840764,0,32,None,66,1,5,False,1000,1000
19281,161,weighted,10,0.6234076433121019,0,32,None,66,1,5,False,1000,1000
19282,162,weighted,10,0.6237062101910829,0,32,None,66,1,5,False,1000,1000
19283,163,weighted,10,0.623109076433121,0,32,None,66,1,5,False,1000,1000
19284,164,weighted,10,0.6235071656050956,0,32,None,66,1,5,False,1000,1000
19285,160,weighted,10,0.6292794585987261,0,9,None,66,1,5,False,1000,1000
19286,161,weighted,10,0.6301751592356688,0,9,None,66,1,5,False,1000,1000
19287,162,weighted,10,0.6315684713375797,0,9,None,66,1,5,False,1000,1000
19288,163,weighted,10,0.6336584394904459,0,9,None,66,1,5,False,1000,1000
19289,164,weighted,10,0.6347531847133758,0,9,None,66,1,5,False,1000,1000
19290,160,weighted,10,0.6179339171974523,0,6,None,66,1,5,False,1000,1000
19291,161,weighted,10,0.6180334394904459,0,6,None,66,1,5,False,1000,1000
19292,162,weighted,10,0.6179339171974523,0,6,None,66,1,5,False,1000,1000
19293,163,weighted,10,0.6181329617834395,0,6,None,66,1,5,False,1000,1000
19294,164,weighted,10,0.6184315286624203,0,6,None,66,1,5,False,1000,1000
19295,160,weighted,10,0.5532444267515924,0,14,None,66,1,5,False,1000,1000
19296,161,weighted,10,0.5567277070063694,0,14,None,66,1,5,False,1000,1000
19297,162,weighted,10,0.5602109872611465,0,14,None,66,1,5,False,1000,1000
19298,163,weighted,10,0.5624004777070064,0,14,None,66,1,5,False,1000,1000
19299,164,weighted,10,0.5646894904458599,0,14,None,66,1,5,False,1000,1000
19300,160,weighted,10,0.621218152866242,0,22,None,66,1,5,False,1000,1000
19301,161,weighted,10,0.622312898089172,0,22,None,66,1,5,False,1000,1000
19302,162,weighted,10,0.6237062101910829,0,22,None,66,1,5,False,1000,1000
19303,163,weighted,10,0.6237062101910829,0,22,None,66,1,5,False,1000,1000
19304,164,weighted,10,0.6245023885350318,0,22,None,66,1,5,False,1000,1000
19305,165,weighted,10,0.5782245222929936,0,19,None,66,1,5,False,1000,1000
19306,166,weighted,10,0.5828025477707006,0,19,None,66,1,5,False,1000,1000
19307,167,weighted,10,0.5842953821656051,0,19,None,66,1,5,False,1000,1000
19308,168,weighted,10,0.5855891719745223,0,19,None,66,1,5,False,1000,1000
19309,169,weighted,10,0.5867834394904459,0,19,None,66,1,5,False,1000,1000
19310,165,weighted,10,0.6292794585987261,0,24,None,66,1,5,False,1000,1000
19311,166,weighted,10,0.6303742038216561,0,24,None,66,1,5,False,1000,1000
19312,167,weighted,10,0.6328622611464968,0,24,None,66,1,5,False,1000,1000
19313,168,weighted,10,0.6344546178343949,0,24,None,66,1,5,False,1000,1000
19314,169,weighted,10,0.6365445859872612,0,24,None,66,1,5,False,1000,1000
19315,165,weighted,10,0.6391321656050956,0,31,None,66,1,5,False,1000,1000
19316,166,weighted,10,0.6409235668789809,0,31,None,66,1,5,False,1000,1000
19317,167,weighted,10,0.64171974522293,0,31,None,66,1,5,False,1000,1000
19318,168,weighted,10,0.6440087579617835,0,31,None,66,1,5,False,1000,1000
19319,169,weighted,10,0.6454020700636943,0,31,None,66,1,5,False,1000,1000
19320,165,weighted,10,0.6319665605095541,0,21,None,66,1,5,False,1000,1000
19321,166,weighted,10,0.633359872611465,0,21,None,66,1,5,False,1000,1000
19322,167,weighted,10,0.6344546178343949,0,21,None,66,1,5,False,1000,1000
19323,168,weighted,10,0.6363455414012739,0,21,None,66,1,5,False,1000,1000
19324,169,weighted,10,0.6366441082802548,0,21,None,66,1,5,False,1000,1000
19325,165,weighted,10,0.5768312101910829,0,2,None,66,1,5,False,1000,1000
19326,166,weighted,10,0.5777269108280255,0,2,None,66,1,5,False,1000,1000
19327,167,weighted,10,0.5796178343949044,0,2,None,66,1,5,False,1000,1000
19328,168,weighted,10,0.5803144904458599,0,2,None,66,1,5,False,1000,1000
19329,169,weighted,10,0.5810111464968153,0,2,None,66,1,5,False,1000,1000
19330,165,weighted,10,0.5544386942675159,0,11,None,66,1,5,False,1000,1000
19331,166,weighted,10,0.5556329617834395,0,11,None,66,1,5,False,1000,1000
19332,167,weighted,10,0.5566281847133758,0,11,None,66,1,5,False,1000,1000
19333,168,weighted,10,0.5577229299363057,0,11,None,66,1,5,False,1000,1000
19334,169,weighted,10,0.5585191082802548,0,11,None,66,1,5,False,1000,1000
19335,165,weighted,10,0.6330613057324841,0,15,None,66,1,5,False,1000,1000
19336,166,weighted,10,0.6331608280254777,0,15,None,66,1,5,False,1000,1000
19337,167,weighted,10,0.6324641719745223,0,15,None,66,1,5,False,1000,1000
19338,168,weighted,10,0.632265127388535,0,15,None,66,1,5,False,1000,1000
19339,169,weighted,10,0.6328622611464968,0,15,None,66,1,5,False,1000,1000
19340,165,weighted,10,0.6443073248407644,0,17,None,66,1,5,False,1000,1000
19341,166,weighted,10,0.6451035031847133,0,17,None,66,1,5,False,1000,1000
19342,167,weighted,10,0.6459992038216561,0,17,None,66,1,5,False,1000,1000
19343,168,weighted,10,0.6464968152866242,0,17,None,66,1,5,False,1000,1000
19344,169,weighted,10,0.6466958598726115,0,17,None,66,1,5,False,1000,1000
19345,165,weighted,10,0.4096337579617834,0,28,None,66,1,5,False,1000,1000
19346,166,weighted,10,0.438296178343949,0,28,None,66,1,5,False,1000,1000
19347,167,weighted,10,0.4609872611464968,0,28,None,66,1,5,False,1000,1000
19348,168,weighted,10,0.4802945859872611,0,28,None,66,1,5,False,1000,1000
19349,169,weighted,10,0.4920382165605095,0,28,None,66,1,5,False,1000,1000
19350,165,weighted,10,0.6296775477707006,0,18,None,66,1,5,False,1000,1000
19351,166,weighted,10,0.6300756369426752,0,18,None,66,1,5,False,1000,1000
19352,167,weighted,10,0.6297770700636943,0,18,None,66,1,5,False,1000,1000
19353,168,weighted,10,0.6294785031847133,0,18,None,66,1,5,False,1000,1000
19354,169,weighted,10,0.6293789808917197,0,18,None,66,1,5,False,1000,1000
19355,165,weighted,10,0.5991242038216561,0,8,None,66,1,5,False,1000,1000
19356,166,weighted,10,0.5993232484076433,0,8,None,66,1,5,False,1000,1000
19357,167,weighted,10,0.5999203821656051,0,8,None,66,1,5,False,1000,1000
19358,168,weighted,10,0.6004179936305732,0,8,None,66,1,5,False,1000,1000
19359,169,weighted,10,0.6004179936305732,0,8,None,66,1,5,False,1000,1000
19360,165,weighted,10,0.6325636942675159,0,10,None,66,1,5,False,1000,1000
19361,166,weighted,10,0.6332603503184714,0,10,None,66,1,5,False,1000,1000
19362,167,weighted,10,0.6336584394904459,0,10,None,66,1,5,False,1000,1000
19363,168,weighted,10,0.6342555732484076,0,10,None,66,1,5,False,1000,1000
19364,169,weighted,10,0.6355493630573248,0,10,None,66,1,5,False,1000,1000
19365,165,weighted,10,0.5974323248407644,0,20,None,66,1,5,False,1000,1000
19366,166,weighted,10,0.599422770700637,0,20,None,66,1,5,False,1000,1000
19367,167,weighted,10,0.6005175159235668,0,20,None,66,1,5,False,1000,1000
19368,168,weighted,10,0.6016122611464968,0,20,None,66,1,5,False,1000,1000
19369,169,weighted,10,0.6018113057324841,0,20,None,66,1,5,False,1000,1000
19370,165,weighted,10,0.6106687898089171,0,23,None,66,1,5,False,1000,1000
19371,166,weighted,10,0.6115644904458599,0,23,None,66,1,5,False,1000,1000
19372,167,weighted,10,0.6134554140127388,0,23,None,66,1,5,False,1000,1000
19373,168,weighted,10,0.6144506369426752,0,23,None,66,1,5,False,1000,1000
19374,169,weighted,10,0.6160429936305732,0,23,None,66,1,5,False,1000,1000
19375,165,weighted,10,0.6095740445859873,0,5,None,66,1,5,False,1000,1000
19376,166,weighted,10,0.6113654458598726,0,5,None,66,1,5,False,1000,1000
19377,167,weighted,10,0.612062101910828,0,5,None,66,1,5,False,1000,1000
19378,168,weighted,10,0.6134554140127388,0,5,None,66,1,5,False,1000,1000
19379,169,weighted,10,0.615047770700637,0,5,None,66,1,5,False,1000,1000
19380,165,weighted,10,0.6617237261146497,0,16,None,66,1,5,False,1000,1000
19381,166,weighted,10,0.6614251592356688,0,16,None,66,1,5,False,1000,1000
19382,167,weighted,10,0.6621218152866242,0,16,None,66,1,5,False,1000,1000
19383,168,weighted,10,0.662718949044586,0,16,None,66,1,5,False,1000,1000
19384,169,weighted,10,0.6629179936305732,0,16,None,66,1,5,False,1000,1000
19385,165,weighted,10,0.5977308917197452,0,7,None,66,1,5,False,1000,1000
19386,166,weighted,10,0.5989251592356688,0,7,None,66,1,5,False,1000,1000
19387,167,weighted,10,0.5998208598726115,0,7,None,66,1,5,False,1000,1000
19388,168,weighted,10,0.6005175159235668,0,7,None,66,1,5,False,1000,1000
19389,169,weighted,10,0.6018113057324841,0,7,None,66,1,5,False,1000,1000
19390,165,weighted,10,0.628781847133758,0,32,None,66,1,5,False,1000,1000
19391,166,weighted,10,0.627687101910828,0,32,None,66,1,5,False,1000,1000
19392,167,weighted,10,0.6289808917197452,0,32,None,66,1,5,False,1000,1000
19393,168,weighted,10,0.6289808917197452,0,32,None,66,1,5,False,1000,1000
19394,169,weighted,10,0.6302746815286624,0,32,None,66,1,5,False,1000,1000
19395,165,weighted,10,0.5920581210191083,0,26,None,66,1,5,False,1000,1000
19396,166,weighted,10,0.59265525477707,0,26,None,66,1,5,False,1000,1000
19397,167,weighted,10,0.5941480891719745,0,26,None,66,1,5,False,1000,1000
19398,168,weighted,10,0.5953423566878981,0,26,None,66,1,5,False,1000,1000
19399,169,weighted,10,0.5958399681528662,0,26,None,66,1,5,False,1000,1000
19400,165,weighted,10,0.6313694267515924,0,30,None,66,1,5,False,1000,1000
19401,166,weighted,10,0.6323646496815286,0,30,None,66,1,5,False,1000,1000
19402,167,weighted,10,0.6334593949044586,0,30,None,66,1,5,False,1000,1000
19403,168,weighted,10,0.6346536624203821,0,30,None,66,1,5,False,1000,1000
19404,169,weighted,10,0.6356488853503185,0,30,None,66,1,5,False,1000,1000
19405,165,weighted,10,0.6438097133757962,0,27,None,66,1,5,False,1000,1000
19406,166,weighted,10,0.6455015923566879,0,27,None,66,1,5,False,1000,1000
19407,167,weighted,10,0.6458996815286624,0,27,None,66,1,5,False,1000,1000
19408,168,weighted,10,0.646297770700637,0,27,None,66,1,5,False,1000,1000
19409,169,weighted,10,0.6468949044585988,0,27,None,66,1,5,False,1000,1000
19410,165,weighted,10,0.6042993630573248,0,4,None,66,1,5,False,1000,1000
19411,166,weighted,10,0.606687898089172,0,4,None,66,1,5,False,1000,1000
19412,167,weighted,10,0.6089769108280255,0,4,None,66,1,5,False,1000,1000
19413,168,weighted,10,0.6108678343949044,0,4,None,66,1,5,False,1000,1000
19414,169,weighted,10,0.613953025477707,0,4,None,66,1,5,False,1000,1000
19415,165,weighted,10,0.5901671974522293,0,25,None,66,1,5,False,1000,1000
19416,166,weighted,10,0.5912619426751592,0,25,None,66,1,5,False,1000,1000
19417,167,weighted,10,0.5921576433121019,0,25,None,66,1,5,False,1000,1000
19418,168,weighted,10,0.59375,0,25,None,66,1,5,False,1000,1000
19419,169,weighted,10,0.5944466560509554,0,25,None,66,1,5,False,1000,1000
19420,165,weighted,10,0.6183320063694268,0,29,None,66,1,5,False,1000,1000
19421,166,weighted,10,0.6192277070063694,0,29,None,66,1,5,False,1000,1000
19422,167,weighted,10,0.6188296178343949,0,29,None,66,1,5,False,1000,1000
19423,168,weighted,10,0.6187300955414012,0,29,None,66,1,5,False,1000,1000
19424,169,weighted,10,0.6182324840764332,0,29,None,66,1,5,False,1000,1000
19425,165,weighted,10,0.6312699044585988,0,3,None,66,1,5,False,1000,1000
19426,166,weighted,10,0.6304737261146497,0,3,None,66,1,5,False,1000,1000
19427,167,weighted,10,0.6307722929936306,0,3,None,66,1,5,False,1000,1000
19428,168,weighted,10,0.6305732484076433,0,3,None,66,1,5,False,1000,1000
19429,169,weighted,10,0.6307722929936306,0,3,None,66,1,5,False,1000,1000
19430,165,weighted,10,0.6334593949044586,0,9,None,66,1,5,False,1000,1000
19431,166,weighted,10,0.6348527070063694,0,9,None,66,1,5,False,1000,1000
19432,167,weighted,10,0.6361464968152867,0,9,None,66,1,5,False,1000,1000
19433,168,weighted,10,0.6378383757961783,0,9,None,66,1,5,False,1000,1000
19434,169,weighted,10,0.6385350318471338,0,9,None,66,1,5,False,1000,1000
19435,165,weighted,10,0.6224124203821656,0,6,None,66,1,5,False,1000,1000
19436,166,weighted,10,0.6229100318471338,0,6,None,66,1,5,False,1000,1000
19437,167,weighted,10,0.6228105095541401,0,6,None,66,1,5,False,1000,1000
19438,168,weighted,10,0.6235071656050956,0,6,None,66,1,5,False,1000,1000
19439,169,weighted,10,0.6242038216560509,0,6,None,66,1,5,False,1000,1000
19440,165,weighted,10,0.626890923566879,0,22,None,66,1,5,False,1000,1000
19441,166,weighted,10,0.6277866242038217,0,22,None,66,1,5,False,1000,1000
19442,167,weighted,10,0.6288813694267515,0,22,None,66,1,5,False,1000,1000
19443,168,weighted,10,0.6296775477707006,0,22,None,66,1,5,False,1000,1000
19444,169,weighted,10,0.6305732484076433,0,22,None,66,1,5,False,1000,1000
19445,165,weighted,10,0.5657842356687898,0,14,None,66,1,5,False,1000,1000
19446,166,weighted,10,0.5684713375796179,0,14,None,66,1,5,False,1000,1000
19447,167,weighted,10,0.570859872611465,0,14,None,66,1,5,False,1000,1000
19448,168,weighted,10,0.5736464968152867,0,14,None,66,1,5,False,1000,1000
19449,169,weighted,10,0.5756369426751592,0,14,None,66,1,5,False,1000,1000
19450,165,weighted,10,0.5804140127388535,0,1,None,66,1,5,False,1000,1000
19451,166,weighted,10,0.5813097133757962,0,1,None,66,1,5,False,1000,1000
19452,167,weighted,10,0.5826035031847133,0,1,None,66,1,5,False,1000,1000
19453,168,weighted,10,0.5830015923566879,0,1,None,66,1,5,False,1000,1000
19454,169,weighted,10,0.583797770700637,0,1,None,66,1,5,False,1000,1000
19455,165,weighted,10,0.6357484076433121,0,12,None,66,1,5,False,1000,1000
19456,166,weighted,10,0.6369426751592356,0,12,None,66,1,5,False,1000,1000
19457,167,weighted,10,0.6377388535031847,0,12,None,66,1,5,False,1000,1000
19458,168,weighted,10,0.6389331210191083,0,12,None,66,1,5,False,1000,1000
19459,169,weighted,10,0.6412221337579618,0,12,None,66,1,5,False,1000,1000
19460,165,weighted,10,0.5730493630573248,0,0,None,66,1,5,False,1000,1000
19461,166,weighted,10,0.573546974522293,0,0,None,66,1,5,False,1000,1000
19462,167,weighted,10,0.5730493630573248,0,0,None,66,1,5,False,1000,1000
19463,168,weighted,10,0.5730493630573248,0,0,None,66,1,5,False,1000,1000
19464,169,weighted,10,0.5738455414012739,0,0,None,66,1,5,False,1000,1000
19465,165,weighted,10,0.613156847133758,0,13,None,66,1,5,False,1000,1000
19466,166,weighted,10,0.6135549363057324,0,13,None,66,1,5,False,1000,1000
19467,167,weighted,10,0.6133558917197452,0,13,None,66,1,5,False,1000,1000
19468,168,weighted,10,0.6140525477707006,0,13,None,66,1,5,False,1000,1000
19469,169,weighted,10,0.6137539808917197,0,13,None,66,1,5,False,1000,1000
19470,170,weighted,10,0.583797770700637,0,2,None,66,1,5,False,1000,1000
19471,171,weighted,10,0.5850915605095541,0,2,None,66,1,5,False,1000,1000
19472,172,weighted,10,0.5856886942675159,0,2,None,66,1,5,False,1000,1000
19473,173,weighted,10,0.5861863057324841,0,2,None,66,1,5,False,1000,1000
19474,174,weighted,10,0.5875796178343949,0,2,None,66,1,5,False,1000,1000
19475,170,weighted,10,0.6058917197452229,0,7,None,66,1,5,False,1000,1000
19476,171,weighted,10,0.6080812101910829,0,7,None,66,1,5,False,1000,1000
19477,172,weighted,10,0.6078821656050956,0,7,None,66,1,5,False,1000,1000
19478,173,weighted,10,0.6092754777070064,0,7,None,66,1,5,False,1000,1000
19479,174,weighted,10,0.61046974522293,0,7,None,66,1,5,False,1000,1000
19480,170,weighted,10,0.5584195859872612,0,11,None,66,1,5,False,1000,1000
19481,171,weighted,10,0.5594148089171974,0,11,None,66,1,5,False,1000,1000
19482,172,weighted,10,0.5604100318471338,0,11,None,66,1,5,False,1000,1000
19483,173,weighted,10,0.5619028662420382,0,11,None,66,1,5,False,1000,1000
19484,174,weighted,10,0.5633957006369427,0,11,None,66,1,5,False,1000,1000
19485,170,weighted,10,0.6398288216560509,0,15,None,66,1,5,False,1000,1000
19486,171,weighted,10,0.6400278662420382,0,15,None,66,1,5,False,1000,1000
19487,172,weighted,10,0.640625,0,15,None,66,1,5,False,1000,1000
19488,173,weighted,10,0.6401273885350318,0,15,None,66,1,5,False,1000,1000
19489,174,weighted,10,0.6405254777070064,0,15,None,66,1,5,False,1000,1000
19490,170,weighted,10,0.6468949044585988,0,17,None,66,1,5,False,1000,1000
19491,171,weighted,10,0.6481886942675159,0,17,None,66,1,5,False,1000,1000
19492,172,weighted,10,0.6486863057324841,0,17,None,66,1,5,False,1000,1000
19493,173,weighted,10,0.648984872611465,0,17,None,66,1,5,False,1000,1000
19494,174,weighted,10,0.6500796178343949,0,17,None,66,1,5,False,1000,1000
19495,170,weighted,10,0.6148487261146497,0,5,None,66,1,5,False,1000,1000
19496,171,weighted,10,0.6160429936305732,0,5,None,66,1,5,False,1000,1000
19497,172,weighted,10,0.6170382165605095,0,5,None,66,1,5,False,1000,1000
19498,173,weighted,10,0.6190286624203821,0,5,None,66,1,5,False,1000,1000
19499,174,weighted,10,0.620421974522293,0,5,None,66,1,5,False,1000,1000
19500,170,weighted,10,0.6039012738853503,0,20,None,66,1,5,False,1000,1000
19501,171,weighted,10,0.6046974522292994,0,20,None,66,1,5,False,1000,1000
19502,172,weighted,10,0.6052945859872612,0,20,None,66,1,5,False,1000,1000
19503,173,weighted,10,0.6069864649681529,0,20,None,66,1,5,False,1000,1000
19504,174,weighted,10,0.6078821656050956,0,20,None,66,1,5,False,1000,1000
19505,170,weighted,10,0.6376393312101911,0,10,None,66,1,5,False,1000,1000
19506,171,weighted,10,0.6380374203821656,0,10,None,66,1,5,False,1000,1000
19507,172,weighted,10,0.6380374203821656,0,10,None,66,1,5,False,1000,1000
19508,173,weighted,10,0.6391321656050956,0,10,None,66,1,5,False,1000,1000
19509,174,weighted,10,0.6397292993630573,0,10,None,66,1,5,False,1000,1000
19510,170,weighted,10,0.6336584394904459,0,22,None,66,1,5,False,1000,1000
19511,171,weighted,10,0.6342555732484076,0,22,None,66,1,5,False,1000,1000
19512,172,weighted,10,0.6351512738853503,0,22,None,66,1,5,False,1000,1000
19513,173,weighted,10,0.6363455414012739,0,22,None,66,1,5,False,1000,1000
19514,174,weighted,10,0.6370421974522293,0,22,None,66,1,5,False,1000,1000
19515,170,weighted,10,0.6329617834394905,0,32,None,66,1,5,False,1000,1000
19516,171,weighted,10,0.6337579617834395,0,32,None,66,1,5,False,1000,1000
19517,172,weighted,10,0.6334593949044586,0,32,None,66,1,5,False,1000,1000
19518,173,weighted,10,0.6336584394904459,0,32,None,66,1,5,False,1000,1000
19519,174,weighted,10,0.633359872611465,0,32,None,66,1,5,False,1000,1000
19520,170,weighted,10,0.576234076433121,0,14,None,66,1,5,False,1000,1000
19521,171,weighted,10,0.5801154458598726,0,14,None,66,1,5,False,1000,1000
19522,172,weighted,10,0.581906847133758,0,14,None,66,1,5,False,1000,1000
19523,173,weighted,10,0.5835987261146497,0,14,None,66,1,5,False,1000,1000
19524,174,weighted,10,0.5869824840764332,0,14,None,66,1,5,False,1000,1000
19525,170,weighted,10,0.636046974522293,0,21,None,66,1,5,False,1000,1000
19526,171,weighted,10,0.637937898089172,0,21,None,66,1,5,False,1000,1000
19527,172,weighted,10,0.6389331210191083,0,21,None,66,1,5,False,1000,1000
19528,173,weighted,10,0.63953025477707,0,21,None,66,1,5,False,1000,1000
19529,174,weighted,10,0.6398288216560509,0,21,None,66,1,5,False,1000,1000
19530,170,weighted,10,0.6153463375796179,0,23,None,66,1,5,False,1000,1000
19531,171,weighted,10,0.616640127388535,0,23,None,66,1,5,False,1000,1000
19532,172,weighted,10,0.6188296178343949,0,23,None,66,1,5,False,1000,1000
19533,173,weighted,10,0.6211186305732485,0,23,None,66,1,5,False,1000,1000
19534,174,weighted,10,0.6232085987261147,0,23,None,66,1,5,False,1000,1000
19535,170,weighted,10,0.6355493630573248,0,24,None,66,1,5,False,1000,1000
19536,171,weighted,10,0.6388335987261147,0,24,None,66,1,5,False,1000,1000
19537,172,weighted,10,0.6401273885350318,0,24,None,66,1,5,False,1000,1000
19538,173,weighted,10,0.6426154458598726,0,24,None,66,1,5,False,1000,1000
19539,174,weighted,10,0.6446058917197452,0,24,None,66,1,5,False,1000,1000
19540,170,weighted,10,0.6469944267515924,0,27,None,66,1,5,False,1000,1000
19541,171,weighted,10,0.6480891719745223,0,27,None,66,1,5,False,1000,1000
19542,172,weighted,10,0.6493829617834395,0,27,None,66,1,5,False,1000,1000
19543,173,weighted,10,0.6494824840764332,0,27,None,66,1,5,False,1000,1000
19544,174,weighted,10,0.6504777070063694,0,27,None,66,1,5,False,1000,1000
19545,170,weighted,10,0.6367436305732485,0,30,None,66,1,5,False,1000,1000
19546,171,weighted,10,0.6377388535031847,0,30,None,66,1,5,False,1000,1000
19547,172,weighted,10,0.6392316878980892,0,30,None,66,1,5,False,1000,1000
19548,173,weighted,10,0.6393312101910829,0,30,None,66,1,5,False,1000,1000
19549,174,weighted,10,0.6396297770700637,0,30,None,66,1,5,False,1000,1000
19550,170,weighted,10,0.6442078025477707,0,31,None,66,1,5,False,1000,1000
19551,171,weighted,10,0.6466958598726115,0,31,None,66,1,5,False,1000,1000
19552,172,weighted,10,0.6476910828025477,0,31,None,66,1,5,False,1000,1000
19553,173,weighted,10,0.6494824840764332,0,31,None,66,1,5,False,1000,1000
19554,174,weighted,10,0.6498805732484076,0,31,None,66,1,5,False,1000,1000
19555,170,weighted,10,0.4113256369426751,0,28,None,66,1,5,False,1000,1000
19556,171,weighted,10,0.4421775477707006,0,28,None,66,1,5,False,1000,1000
19557,172,weighted,10,0.4678542993630573,0,28,None,66,1,5,False,1000,1000
19558,173,weighted,10,0.4890525477707006,0,28,None,66,1,5,False,1000,1000
19559,174,weighted,10,0.5011942675159236,0,28,None,66,1,5,False,1000,1000
19560,170,weighted,10,0.621218152866242,0,29,None,66,1,5,False,1000,1000
19561,171,weighted,10,0.6221138535031847,0,29,None,66,1,5,False,1000,1000
19562,172,weighted,10,0.621218152866242,0,29,None,66,1,5,False,1000,1000
19563,173,weighted,10,0.6210191082802548,0,29,None,66,1,5,False,1000,1000
19564,174,weighted,10,0.6214171974522293,0,29,None,66,1,5,False,1000,1000
19565,170,weighted,10,0.6374402866242038,0,9,None,66,1,5,False,1000,1000
19566,171,weighted,10,0.6391321656050956,0,9,None,66,1,5,False,1000,1000
19567,172,weighted,10,0.6410230891719745,0,9,None,66,1,5,False,1000,1000
19568,173,weighted,10,0.6423168789808917,0,9,None,66,1,5,False,1000,1000
19569,174,weighted,10,0.6434116242038217,0,9,None,66,1,5,False,1000,1000
19570,170,weighted,10,0.5840963375796179,0,1,None,66,1,5,False,1000,1000
19571,171,weighted,10,0.5842953821656051,0,1,None,66,1,5,False,1000,1000
19572,172,weighted,10,0.585390127388535,0,1,None,66,1,5,False,1000,1000
19573,173,weighted,10,0.5862858280254777,0,1,None,66,1,5,False,1000,1000
19574,174,weighted,10,0.5866839171974523,0,1,None,66,1,5,False,1000,1000
19575,170,weighted,10,0.6296775477707006,0,6,None,66,1,5,False,1000,1000
19576,171,weighted,10,0.6293789808917197,0,6,None,66,1,5,False,1000,1000
19577,172,weighted,10,0.6296775477707006,0,6,None,66,1,5,False,1000,1000
19578,173,weighted,10,0.6311703821656051,0,6,None,66,1,5,False,1000,1000
19579,174,weighted,10,0.6307722929936306,0,6,None,66,1,5,False,1000,1000
19580,170,weighted,10,0.633359872611465,0,3,None,66,1,5,False,1000,1000
19581,171,weighted,10,0.6330613057324841,0,3,None,66,1,5,False,1000,1000
19582,172,weighted,10,0.6326632165605095,0,3,None,66,1,5,False,1000,1000
19583,173,weighted,10,0.6337579617834395,0,3,None,66,1,5,False,1000,1000
19584,174,weighted,10,0.6336584394904459,0,3,None,66,1,5,False,1000,1000
19585,170,weighted,10,0.6389331210191083,0,12,None,66,1,5,False,1000,1000
19586,171,weighted,10,0.6408240445859873,0,12,None,66,1,5,False,1000,1000
19587,172,weighted,10,0.64171974522293,0,12,None,66,1,5,False,1000,1000
19588,173,weighted,10,0.6437101910828026,0,12,None,66,1,5,False,1000,1000
19589,174,weighted,10,0.6453025477707006,0,12,None,66,1,5,False,1000,1000
19590,170,weighted,10,0.5961385350318471,0,25,None,66,1,5,False,1000,1000
19591,171,weighted,10,0.5979299363057324,0,25,None,66,1,5,False,1000,1000
19592,172,weighted,10,0.5989251592356688,0,25,None,66,1,5,False,1000,1000
19593,173,weighted,10,0.5993232484076433,0,25,None,66,1,5,False,1000,1000
19594,174,weighted,10,0.6001194267515924,0,25,None,66,1,5,False,1000,1000
19595,170,weighted,10,0.619327229299363,0,13,None,66,1,5,False,1000,1000
19596,171,weighted,10,0.6188296178343949,0,13,None,66,1,5,False,1000,1000
19597,172,weighted,10,0.6199243630573248,0,13,None,66,1,5,False,1000,1000
19598,173,weighted,10,0.6188296178343949,0,13,None,66,1,5,False,1000,1000
19599,174,weighted,10,0.6196257961783439,0,13,None,66,1,5,False,1000,1000
19600,170,weighted,10,0.5978304140127388,0,26,None,66,1,5,False,1000,1000
19601,171,weighted,10,0.5984275477707006,0,26,None,66,1,5,False,1000,1000
19602,172,weighted,10,0.5990246815286624,0,26,None,66,1,5,False,1000,1000
19603,173,weighted,10,0.600218949044586,0,26,None,66,1,5,False,1000,1000
19604,174,weighted,10,0.6019108280254777,0,26,None,66,1,5,False,1000,1000
19605,170,weighted,10,0.6095740445859873,0,4,None,66,1,5,False,1000,1000
19606,171,weighted,10,0.6124601910828026,0,4,None,66,1,5,False,1000,1000
19607,172,weighted,10,0.6148487261146497,0,4,None,66,1,5,False,1000,1000
19608,173,weighted,10,0.617734872611465,0,4,None,66,1,5,False,1000,1000
19609,174,weighted,10,0.6201234076433121,0,4,None,66,1,5,False,1000,1000
19610,170,weighted,10,0.5767316878980892,0,0,None,66,1,5,False,1000,1000
19611,171,weighted,10,0.576234076433121,0,0,None,66,1,5,False,1000,1000
19612,172,weighted,10,0.5766321656050956,0,0,None,66,1,5,False,1000,1000
19613,173,weighted,10,0.5771297770700637,0,0,None,66,1,5,False,1000,1000
19614,174,weighted,10,0.578125,0,0,None,66,1,5,False,1000,1000
19615,170,weighted,10,0.665406050955414,0,16,None,66,1,5,False,1000,1000
19616,171,weighted,10,0.6660031847133758,0,16,None,66,1,5,False,1000,1000
19617,172,weighted,10,0.6661027070063694,0,16,None,66,1,5,False,1000,1000
19618,173,weighted,10,0.6670979299363057,0,16,None,66,1,5,False,1000,1000
19619,174,weighted,10,0.668093152866242,0,16,None,66,1,5,False,1000,1000
19620,170,weighted,10,0.6019108280254777,0,8,None,66,1,5,False,1000,1000
19621,171,weighted,10,0.6015127388535032,0,8,None,66,1,5,False,1000,1000
19622,172,weighted,10,0.6018113057324841,0,8,None,66,1,5,False,1000,1000
19623,173,weighted,10,0.6023089171974523,0,8,None,66,1,5,False,1000,1000
19624,174,weighted,10,0.6030055732484076,0,8,None,66,1,5,False,1000,1000
19625,170,weighted,10,0.5869824840764332,0,19,None,66,1,5,False,1000,1000
19626,171,weighted,10,0.5902667197452229,0,19,None,66,1,5,False,1000,1000
19627,172,weighted,10,0.5923566878980892,0,19,None,66,1,5,False,1000,1000
19628,173,weighted,10,0.5945461783439491,0,19,None,66,1,5,False,1000,1000
19629,174,weighted,10,0.5965366242038217,0,19,None,66,1,5,False,1000,1000
19630,170,weighted,10,0.6330613057324841,0,18,None,66,1,5,False,1000,1000
19631,171,weighted,10,0.6315684713375797,0,18,None,66,1,5,False,1000,1000
19632,172,weighted,10,0.6313694267515924,0,18,None,66,1,5,False,1000,1000
19633,173,weighted,10,0.6305732484076433,0,18,None,66,1,5,False,1000,1000
19634,174,weighted,10,0.6309713375796179,0,18,None,66,1,5,False,1000,1000
19635,175,weighted,10,0.6032046178343949,0,26,None,66,1,5,False,1000,1000
19636,176,weighted,10,0.603702229299363,0,26,None,66,1,5,False,1000,1000
19637,177,weighted,10,0.6050955414012739,0,26,None,66,1,5,False,1000,1000
19638,178,weighted,10,0.6065883757961783,0,26,None,66,1,5,False,1000,1000
19639,179,weighted,10,0.6072850318471338,0,26,None,66,1,5,False,1000,1000
19640,175,weighted,10,0.5868829617834395,0,1,None,66,1,5,False,1000,1000
19641,176,weighted,10,0.5879777070063694,0,1,None,66,1,5,False,1000,1000
19642,177,weighted,10,0.5888734076433121,0,1,None,66,1,5,False,1000,1000
19643,178,weighted,10,0.589171974522293,0,1,None,66,1,5,False,1000,1000
19644,179,weighted,10,0.5897691082802548,0,1,None,66,1,5,False,1000,1000
19645,175,weighted,10,0.5916600318471338,0,2,None,66,1,5,False,1000,1000
19646,176,weighted,10,0.5924562101910829,0,2,None,66,1,5,False,1000,1000
19647,177,weighted,10,0.5928542993630573,0,2,None,66,1,5,False,1000,1000
19648,178,weighted,10,0.5945461783439491,0,2,None,66,1,5,False,1000,1000
19649,179,weighted,10,0.5958399681528662,0,2,None,66,1,5,False,1000,1000
19650,175,weighted,10,0.5616042993630573,0,11,None,66,1,5,False,1000,1000
19651,176,weighted,10,0.5633957006369427,0,11,None,66,1,5,False,1000,1000
19652,177,weighted,10,0.565187101910828,0,11,None,66,1,5,False,1000,1000
19653,178,weighted,10,0.5666799363057324,0,11,None,66,1,5,False,1000,1000
19654,179,weighted,10,0.5683718152866242,0,11,None,66,1,5,False,1000,1000
19655,175,weighted,10,0.6207205414012739,0,5,None,66,1,5,False,1000,1000
19656,176,weighted,10,0.6216162420382165,0,5,None,66,1,5,False,1000,1000
19657,177,weighted,10,0.6227109872611465,0,5,None,66,1,5,False,1000,1000
19658,178,weighted,10,0.62390525477707,0,5,None,66,1,5,False,1000,1000
19659,179,weighted,10,0.6247014331210191,0,5,None,66,1,5,False,1000,1000
19660,175,weighted,10,0.6091759554140127,0,20,None,66,1,5,False,1000,1000
19661,176,weighted,10,0.6108678343949044,0,20,None,66,1,5,False,1000,1000
19662,177,weighted,10,0.6124601910828026,0,20,None,66,1,5,False,1000,1000
19663,178,weighted,10,0.613156847133758,0,20,None,66,1,5,False,1000,1000
19664,179,weighted,10,0.6132563694267515,0,20,None,66,1,5,False,1000,1000
19665,175,weighted,10,0.6218152866242038,0,23,None,66,1,5,False,1000,1000
19666,176,weighted,10,0.6230095541401274,0,23,None,66,1,5,False,1000,1000
19667,177,weighted,10,0.6232085987261147,0,23,None,66,1,5,False,1000,1000
19668,178,weighted,10,0.6262937898089171,0,23,None,66,1,5,False,1000,1000
19669,179,weighted,10,0.6284832802547771,0,23,None,66,1,5,False,1000,1000
19670,175,weighted,10,0.6251990445859873,0,13,None,66,1,5,False,1000,1000
19671,176,weighted,10,0.6252985668789809,0,13,None,66,1,5,False,1000,1000
19672,177,weighted,10,0.6256966560509554,0,13,None,66,1,5,False,1000,1000
19673,178,weighted,10,0.62609474522293,0,13,None,66,1,5,False,1000,1000
19674,179,weighted,10,0.6261942675159236,0,13,None,66,1,5,False,1000,1000
19675,175,weighted,10,0.6442078025477707,0,12,None,66,1,5,False,1000,1000
19676,176,weighted,10,0.6443073248407644,0,12,None,66,1,5,False,1000,1000
19677,177,weighted,10,0.6463972929936306,0,12,None,66,1,5,False,1000,1000
19678,178,weighted,10,0.6473925159235668,0,12,None,66,1,5,False,1000,1000
19679,179,weighted,10,0.6482882165605095,0,12,None,66,1,5,False,1000,1000
19680,175,weighted,10,0.6022093949044586,0,25,None,66,1,5,False,1000,1000
19681,176,weighted,10,0.6028065286624203,0,25,None,66,1,5,False,1000,1000
19682,177,weighted,10,0.6041003184713376,0,25,None,66,1,5,False,1000,1000
19683,178,weighted,10,0.6053941082802548,0,25,None,66,1,5,False,1000,1000
19684,179,weighted,10,0.6064888535031847,0,25,None,66,1,5,False,1000,1000
19685,175,weighted,10,0.6253980891719745,0,29,None,66,1,5,False,1000,1000
19686,176,weighted,10,0.6248009554140127,0,29,None,66,1,5,False,1000,1000
19687,177,weighted,10,0.6245023885350318,0,29,None,66,1,5,False,1000,1000
19688,178,weighted,10,0.6243033439490446,0,29,None,66,1,5,False,1000,1000
19689,179,weighted,10,0.6246019108280255,0,29,None,66,1,5,False,1000,1000
19690,175,weighted,10,0.6427149681528662,0,9,None,66,1,5,False,1000,1000
19691,176,weighted,10,0.643312101910828,0,9,None,66,1,5,False,1000,1000
19692,177,weighted,10,0.6448049363057324,0,9,None,66,1,5,False,1000,1000
19693,178,weighted,10,0.6465963375796179,0,9,None,66,1,5,False,1000,1000
19694,179,weighted,10,0.648984872611465,0,9,None,66,1,5,False,1000,1000
19695,175,weighted,10,0.6366441082802548,0,32,None,66,1,5,False,1000,1000
19696,176,weighted,10,0.6373407643312102,0,32,None,66,1,5,False,1000,1000
19697,177,weighted,10,0.6367436305732485,0,32,None,66,1,5,False,1000,1000
19698,178,weighted,10,0.6369426751592356,0,32,None,66,1,5,False,1000,1000
19699,179,weighted,10,0.6374402866242038,0,32,None,66,1,5,False,1000,1000
19700,175,weighted,10,0.6344546178343949,0,6,None,66,1,5,False,1000,1000
19701,176,weighted,10,0.6352507961783439,0,6,None,66,1,5,False,1000,1000
19702,177,weighted,10,0.6357484076433121,0,6,None,66,1,5,False,1000,1000
19703,178,weighted,10,0.6362460191082803,0,6,None,66,1,5,False,1000,1000
19704,179,weighted,10,0.6364450636942676,0,6,None,66,1,5,False,1000,1000
19705,175,weighted,10,0.6133558917197452,0,7,None,66,1,5,False,1000,1000
19706,176,weighted,10,0.6135549363057324,0,7,None,66,1,5,False,1000,1000
19707,177,weighted,10,0.6156449044585988,0,7,None,66,1,5,False,1000,1000
19708,178,weighted,10,0.6169386942675159,0,7,None,66,1,5,False,1000,1000
19709,179,weighted,10,0.6169386942675159,0,7,None,66,1,5,False,1000,1000
19710,175,weighted,10,0.6705812101910829,0,16,None,66,1,5,False,1000,1000
19711,176,weighted,10,0.6705812101910829,0,16,None,66,1,5,False,1000,1000
19712,177,weighted,10,0.6711783439490446,0,16,None,66,1,5,False,1000,1000
19713,178,weighted,10,0.6711783439490446,0,16,None,66,1,5,False,1000,1000
19714,179,weighted,10,0.6716759554140127,0,16,None,66,1,5,False,1000,1000
19715,175,weighted,10,0.6051950636942676,0,8,None,66,1,5,False,1000,1000
19716,176,weighted,10,0.6056926751592356,0,8,None,66,1,5,False,1000,1000
19717,177,weighted,10,0.6057921974522293,0,8,None,66,1,5,False,1000,1000
19718,178,weighted,10,0.6064888535031847,0,8,None,66,1,5,False,1000,1000
19719,179,weighted,10,0.6071855095541401,0,8,None,66,1,5,False,1000,1000
19720,175,weighted,10,0.5935509554140127,0,19,None,66,1,5,False,1000,1000
19721,176,weighted,10,0.5961385350318471,0,19,None,66,1,5,False,1000,1000
19722,177,weighted,10,0.5985270700636943,0,19,None,66,1,5,False,1000,1000
19723,178,weighted,10,0.5991242038216561,0,19,None,66,1,5,False,1000,1000
19724,179,weighted,10,0.6007165605095541,0,19,None,66,1,5,False,1000,1000
19725,175,weighted,10,0.6371417197452229,0,18,None,66,1,5,False,1000,1000
19726,176,weighted,10,0.6370421974522293,0,18,None,66,1,5,False,1000,1000
19727,177,weighted,10,0.6367436305732485,0,18,None,66,1,5,False,1000,1000
19728,178,weighted,10,0.6363455414012739,0,18,None,66,1,5,False,1000,1000
19729,179,weighted,10,0.6365445859872612,0,18,None,66,1,5,False,1000,1000
19730,175,weighted,10,0.6465963375796179,0,15,None,66,1,5,False,1000,1000
19731,176,weighted,10,0.646297770700637,0,15,None,66,1,5,False,1000,1000
19732,177,weighted,10,0.6464968152866242,0,15,None,66,1,5,False,1000,1000
19733,178,weighted,10,0.6475915605095541,0,15,None,66,1,5,False,1000,1000
19734,179,weighted,10,0.6479896496815286,0,15,None,66,1,5,False,1000,1000
19735,175,weighted,10,0.6415207006369427,0,10,None,66,1,5,False,1000,1000
19736,176,weighted,10,0.6420183121019108,0,10,None,66,1,5,False,1000,1000
19737,177,weighted,10,0.643312101910828,0,10,None,66,1,5,False,1000,1000
19738,178,weighted,10,0.6437101910828026,0,10,None,66,1,5,False,1000,1000
19739,179,weighted,10,0.644406847133758,0,10,None,66,1,5,False,1000,1000
19740,175,weighted,10,0.6522691082802548,0,17,None,66,1,5,False,1000,1000
19741,176,weighted,10,0.6522691082802548,0,17,None,66,1,5,False,1000,1000
19742,177,weighted,10,0.6522691082802548,0,17,None,66,1,5,False,1000,1000
19743,178,weighted,10,0.6531648089171974,0,17,None,66,1,5,False,1000,1000
19744,179,weighted,10,0.653562898089172,0,17,None,66,1,5,False,1000,1000
19745,175,weighted,10,0.6423168789808917,0,21,None,66,1,5,False,1000,1000
19746,176,weighted,10,0.6424164012738853,0,21,None,66,1,5,False,1000,1000
19747,177,weighted,10,0.6437101910828026,0,21,None,66,1,5,False,1000,1000
19748,178,weighted,10,0.6442078025477707,0,21,None,66,1,5,False,1000,1000
19749,179,weighted,10,0.645203025477707,0,21,None,66,1,5,False,1000,1000
19750,175,weighted,10,0.5860867834394905,0,14,None,66,1,5,False,1000,1000
19751,176,weighted,10,0.5897691082802548,0,14,None,66,1,5,False,1000,1000
19752,177,weighted,10,0.5933519108280255,0,14,None,66,1,5,False,1000,1000
19753,178,weighted,10,0.5957404458598726,0,14,None,66,1,5,False,1000,1000
19754,179,weighted,10,0.597531847133758,0,14,None,66,1,5,False,1000,1000
19755,175,weighted,10,0.6167396496815286,0,4,None,66,1,5,False,1000,1000
19756,176,weighted,10,0.6203224522292994,0,4,None,66,1,5,False,1000,1000
19757,177,weighted,10,0.62390525477707,0,4,None,66,1,5,False,1000,1000
19758,178,weighted,10,0.6267914012738853,0,4,None,66,1,5,False,1000,1000
19759,179,weighted,10,0.6284832802547771,0,4,None,66,1,5,False,1000,1000
19760,175,weighted,10,0.6414211783439491,0,22,None,66,1,5,False,1000,1000
19761,176,weighted,10,0.640625,0,22,None,66,1,5,False,1000,1000
19762,177,weighted,10,0.6408240445859873,0,22,None,66,1,5,False,1000,1000
19763,178,weighted,10,0.6414211783439491,0,22,None,66,1,5,False,1000,1000
19764,179,weighted,10,0.6418192675159236,0,22,None,66,1,5,False,1000,1000
19765,175,weighted,10,0.64171974522293,0,24,None,66,1,5,False,1000,1000
19766,176,weighted,10,0.6440087579617835,0,24,None,66,1,5,False,1000,1000
19767,177,weighted,10,0.6458996815286624,0,24,None,66,1,5,False,1000,1000
19768,178,weighted,10,0.6480891719745223,0,24,None,66,1,5,False,1000,1000
19769,179,weighted,10,0.6507762738853503,0,24,None,66,1,5,False,1000,1000
19770,175,weighted,10,0.6521695859872612,0,27,None,66,1,5,False,1000,1000
19771,176,weighted,10,0.6533638535031847,0,27,None,66,1,5,False,1000,1000
19772,177,weighted,10,0.653562898089172,0,27,None,66,1,5,False,1000,1000
19773,178,weighted,10,0.6534633757961783,0,27,None,66,1,5,False,1000,1000
19774,179,weighted,10,0.654359076433121,0,27,None,66,1,5,False,1000,1000
19775,175,weighted,10,0.6420183121019108,0,30,None,66,1,5,False,1000,1000
19776,176,weighted,10,0.6427149681528662,0,30,None,66,1,5,False,1000,1000
19777,177,weighted,10,0.6430135350318471,0,30,None,66,1,5,False,1000,1000
19778,178,weighted,10,0.6437101910828026,0,30,None,66,1,5,False,1000,1000
19779,179,weighted,10,0.6440087579617835,0,30,None,66,1,5,False,1000,1000
19780,175,weighted,10,0.6486863057324841,0,31,None,66,1,5,False,1000,1000
19781,176,weighted,10,0.649781050955414,0,31,None,66,1,5,False,1000,1000
19782,177,weighted,10,0.6517714968152867,0,31,None,66,1,5,False,1000,1000
19783,178,weighted,10,0.6531648089171974,0,31,None,66,1,5,False,1000,1000
19784,179,weighted,10,0.654359076433121,0,31,None,66,1,5,False,1000,1000
19785,175,weighted,10,0.5796178343949044,0,0,None,66,1,5,False,1000,1000
19786,176,weighted,10,0.5798168789808917,0,0,None,66,1,5,False,1000,1000
19787,177,weighted,10,0.5790207006369427,0,0,None,66,1,5,False,1000,1000
19788,178,weighted,10,0.5793192675159236,0,0,None,66,1,5,False,1000,1000
19789,179,weighted,10,0.5802149681528662,0,0,None,66,1,5,False,1000,1000
19790,175,weighted,10,0.6375398089171974,0,3,None,66,1,5,False,1000,1000
19791,176,weighted,10,0.6371417197452229,0,3,None,66,1,5,False,1000,1000
19792,177,weighted,10,0.6377388535031847,0,3,None,66,1,5,False,1000,1000
19793,178,weighted,10,0.6375398089171974,0,3,None,66,1,5,False,1000,1000
19794,179,weighted,10,0.6373407643312102,0,3,None,66,1,5,False,1000,1000
19795,175,weighted,10,0.4130175159235669,0,28,None,66,1,5,False,1000,1000
19796,176,weighted,10,0.4469546178343949,0,28,None,66,1,5,False,1000,1000
19797,177,weighted,10,0.4751194267515923,0,28,None,66,1,5,False,1000,1000
19798,178,weighted,10,0.4982085987261146,0,28,None,66,1,5,False,1000,1000
19799,179,weighted,10,0.5119426751592356,0,28,None,66,1,5,False,1000,1000
24750,180,weighted,10,0.6246019108280255,0,5,None,66,1,5,False,1000,1000
24751,181,weighted,10,0.6258957006369427,0,5,None,66,1,5,False,1000,1000
24752,182,weighted,10,0.6274880573248408,0,5,None,66,1,5,False,1000,1000
24753,183,weighted,10,0.6288813694267515,0,5,None,66,1,5,False,1000,1000
24754,184,weighted,10,0.6290804140127388,0,5,None,66,1,5,False,1000,1000
24755,180,weighted,10,0.6305732484076433,0,13,None,66,1,5,False,1000,1000
24756,181,weighted,10,0.630672770700637,0,13,None,66,1,5,False,1000,1000
24757,182,weighted,10,0.6307722929936306,0,13,None,66,1,5,False,1000,1000
24758,183,weighted,10,0.6309713375796179,0,13,None,66,1,5,False,1000,1000
24759,184,weighted,10,0.6310708598726115,0,13,None,66,1,5,False,1000,1000
24760,180,weighted,10,0.5675756369426752,0,11,None,66,1,5,False,1000,1000
24761,181,weighted,10,0.5684713375796179,0,11,None,66,1,5,False,1000,1000
24762,182,weighted,10,0.5692675159235668,0,11,None,66,1,5,False,1000,1000
24763,183,weighted,10,0.5705613057324841,0,11,None,66,1,5,False,1000,1000
24764,184,weighted,10,0.5710589171974523,0,11,None,66,1,5,False,1000,1000
24765,180,weighted,10,0.6143511146496815,0,20,None,66,1,5,False,1000,1000
24766,181,weighted,10,0.6161425159235668,0,20,None,66,1,5,False,1000,1000
24767,182,weighted,10,0.6163415605095541,0,20,None,66,1,5,False,1000,1000
24768,183,weighted,10,0.6173367834394905,0,20,None,66,1,5,False,1000,1000
24769,184,weighted,10,0.6182324840764332,0,20,None,66,1,5,False,1000,1000
24770,180,weighted,10,0.6031050955414012,0,19,None,66,1,5,False,1000,1000
24771,181,weighted,10,0.6057921974522293,0,19,None,66,1,5,False,1000,1000
24772,182,weighted,10,0.6064888535031847,0,19,None,66,1,5,False,1000,1000
24773,183,weighted,10,0.6065883757961783,0,19,None,66,1,5,False,1000,1000
24774,184,weighted,10,0.6077826433121019,0,19,None,66,1,5,False,1000,1000
24775,180,weighted,10,0.5976313694267515,0,14,None,66,1,5,False,1000,1000
24776,181,weighted,10,0.6004179936305732,0,14,None,66,1,5,False,1000,1000
24777,182,weighted,10,0.6024084394904459,0,14,None,66,1,5,False,1000,1000
24778,183,weighted,10,0.6039012738853503,0,14,None,66,1,5,False,1000,1000
24779,184,weighted,10,0.6058917197452229,0,14,None,66,1,5,False,1000,1000
24780,180,weighted,10,0.645203025477707,0,22,None,66,1,5,False,1000,1000
24781,181,weighted,10,0.6451035031847133,0,22,None,66,1,5,False,1000,1000
24782,182,weighted,10,0.6453025477707006,0,22,None,66,1,5,False,1000,1000
24783,183,weighted,10,0.6458001592356688,0,22,None,66,1,5,False,1000,1000
24784,184,weighted,10,0.6472929936305732,0,22,None,66,1,5,False,1000,1000
24785,180,weighted,10,0.6270899681528662,0,23,None,66,1,5,False,1000,1000
24786,181,weighted,10,0.6283837579617835,0,23,None,66,1,5,False,1000,1000
24787,182,weighted,10,0.6299761146496815,0,23,None,66,1,5,False,1000,1000
24788,183,weighted,10,0.633359872611465,0,23,None,66,1,5,False,1000,1000
24789,184,weighted,10,0.6340565286624203,0,23,None,66,1,5,False,1000,1000
24790,180,weighted,10,0.6552547770700637,0,17,None,66,1,5,False,1000,1000
24791,181,weighted,10,0.6563495222929936,0,17,None,66,1,5,False,1000,1000
24792,182,weighted,10,0.6567476114649682,0,17,None,66,1,5,False,1000,1000
24793,183,weighted,10,0.6572452229299363,0,17,None,66,1,5,False,1000,1000
24794,184,weighted,10,0.6574442675159236,0,17,None,66,1,5,False,1000,1000
24795,180,weighted,10,0.6468949044585988,0,21,None,66,1,5,False,1000,1000
24796,181,weighted,10,0.6475915605095541,0,21,None,66,1,5,False,1000,1000
24797,182,weighted,10,0.6491839171974523,0,21,None,66,1,5,False,1000,1000
24798,183,weighted,10,0.6506767515923567,0,21,None,66,1,5,False,1000,1000
24799,184,weighted,10,0.6514729299363057,0,21,None,66,1,5,False,1000,1000
24800,180,weighted,10,0.6085788216560509,0,25,None,66,1,5,False,1000,1000
24801,181,weighted,10,0.6098726114649682,0,25,None,66,1,5,False,1000,1000
24802,182,weighted,10,0.6113654458598726,0,25,None,66,1,5,False,1000,1000
24803,183,weighted,10,0.6130573248407644,0,25,None,66,1,5,False,1000,1000
24804,184,weighted,10,0.6144506369426752,0,25,None,66,1,5,False,1000,1000
24805,180,weighted,10,0.6097730891719745,0,26,None,66,1,5,False,1000,1000
24806,181,weighted,10,0.6105692675159236,0,26,None,66,1,5,False,1000,1000
24807,182,weighted,10,0.6115644904458599,0,26,None,66,1,5,False,1000,1000
24808,183,weighted,10,0.6128582802547771,0,26,None,66,1,5,False,1000,1000
24809,184,weighted,10,0.6142515923566879,0,26,None,66,1,5,False,1000,1000
24810,180,weighted,10,0.6485867834394905,0,12,None,66,1,5,False,1000,1000
24811,181,weighted,10,0.6493829617834395,0,12,None,66,1,5,False,1000,1000
24812,182,weighted,10,0.6491839171974523,0,12,None,66,1,5,False,1000,1000
24813,183,weighted,10,0.6499800955414012,0,12,None,66,1,5,False,1000,1000
24814,184,weighted,10,0.6510748407643312,0,12,None,66,1,5,False,1000,1000
24815,180,weighted,10,0.6472929936305732,0,24,None,66,1,5,False,1000,1000
24816,181,weighted,10,0.6498805732484076,0,24,None,66,1,5,False,1000,1000
24817,182,weighted,10,0.652468152866242,0,24,None,66,1,5,False,1000,1000
24818,183,weighted,10,0.6548566878980892,0,24,None,66,1,5,False,1000,1000
24819,184,weighted,10,0.6576433121019108,0,24,None,66,1,5,False,1000,1000
24820,180,weighted,10,0.4293391719745223,0,28,None,66,1,5,False,1000,1000
24821,181,weighted,10,0.4663614649681528,0,28,None,66,1,5,False,1000,1000
24822,182,weighted,10,0.497014331210191,0,28,None,66,1,5,False,1000,1000
24823,183,weighted,10,0.5150278662420382,0,28,None,66,1,5,False,1000,1000
24824,184,weighted,10,0.5276671974522293,0,28,None,66,1,5,False,1000,1000
24825,180,weighted,10,0.6289808917197452,0,29,None,66,1,5,False,1000,1000
24826,181,weighted,10,0.6281847133757962,0,29,None,66,1,5,False,1000,1000
24827,182,weighted,10,0.6285828025477707,0,29,None,66,1,5,False,1000,1000
24828,183,weighted,10,0.628781847133758,0,29,None,66,1,5,False,1000,1000
24829,184,weighted,10,0.6283837579617835,0,29,None,66,1,5,False,1000,1000
24830,180,weighted,10,0.6457006369426752,0,9,None,66,1,5,False,1000,1000
24831,181,weighted,10,0.6477906050955414,0,9,None,66,1,5,False,1000,1000
24832,182,weighted,10,0.6507762738853503,0,9,None,66,1,5,False,1000,1000
24833,183,weighted,10,0.6528662420382165,0,9,None,66,1,5,False,1000,1000
24834,184,weighted,10,0.6556528662420382,0,9,None,66,1,5,False,1000,1000
24835,180,weighted,10,0.6468949044585988,0,30,None,66,1,5,False,1000,1000
24836,181,weighted,10,0.647093949044586,0,30,None,66,1,5,False,1000,1000
24837,182,weighted,10,0.647890127388535,0,30,None,66,1,5,False,1000,1000
24838,183,weighted,10,0.6486863057324841,0,30,None,66,1,5,False,1000,1000
24839,184,weighted,10,0.6493829617834395,0,30,None,66,1,5,False,1000,1000
24840,180,weighted,10,0.6392316878980892,0,6,None,66,1,5,False,1000,1000
24841,181,weighted,10,0.6393312101910829,0,6,None,66,1,5,False,1000,1000
24842,182,weighted,10,0.6394307324840764,0,6,None,66,1,5,False,1000,1000
24843,183,weighted,10,0.6401273885350318,0,6,None,66,1,5,False,1000,1000
24844,184,weighted,10,0.6407245222929936,0,6,None,66,1,5,False,1000,1000
24845,180,weighted,10,0.6420183121019108,0,18,None,66,1,5,False,1000,1000
24846,181,weighted,10,0.6410230891719745,0,18,None,66,1,5,False,1000,1000
24847,182,weighted,10,0.6410230891719745,0,18,None,66,1,5,False,1000,1000
24848,183,weighted,10,0.6421178343949044,0,18,None,66,1,5,False,1000,1000
24849,184,weighted,10,0.6427149681528662,0,18,None,66,1,5,False,1000,1000
24850,180,weighted,10,0.658140923566879,0,27,None,66,1,5,False,1000,1000
24851,181,weighted,10,0.6594347133757962,0,27,None,66,1,5,False,1000,1000
24852,182,weighted,10,0.6594347133757962,0,27,None,66,1,5,False,1000,1000
24853,183,weighted,10,0.6599323248407644,0,27,None,66,1,5,False,1000,1000
24854,184,weighted,10,0.6603304140127388,0,27,None,66,1,5,False,1000,1000
24855,180,weighted,10,0.653562898089172,0,31,None,66,1,5,False,1000,1000
24856,181,weighted,10,0.6540605095541401,0,31,None,66,1,5,False,1000,1000
24857,182,weighted,10,0.6556528662420382,0,31,None,66,1,5,False,1000,1000
24858,183,weighted,10,0.65734474522293,0,31,None,66,1,5,False,1000,1000
24859,184,weighted,10,0.6596337579617835,0,31,None,66,1,5,False,1000,1000
24860,180,weighted,10,0.5906648089171974,0,1,None,66,1,5,False,1000,1000
24861,181,weighted,10,0.5907643312101911,0,1,None,66,1,5,False,1000,1000
24862,182,weighted,10,0.5917595541401274,0,1,None,66,1,5,False,1000,1000
24863,183,weighted,10,0.5929538216560509,0,1,None,66,1,5,False,1000,1000
24864,184,weighted,10,0.5939490445859873,0,1,None,66,1,5,False,1000,1000
24865,180,weighted,10,0.6508757961783439,0,15,None,66,1,5,False,1000,1000
24866,181,weighted,10,0.650577229299363,0,15,None,66,1,5,False,1000,1000
24867,182,weighted,10,0.6513734076433121,0,15,None,66,1,5,False,1000,1000
24868,183,weighted,10,0.6525676751592356,0,15,None,66,1,5,False,1000,1000
24869,184,weighted,10,0.6525676751592356,0,15,None,66,1,5,False,1000,1000
24870,180,weighted,10,0.6458996815286624,0,10,None,66,1,5,False,1000,1000
24871,181,weighted,10,0.6456011146496815,0,10,None,66,1,5,False,1000,1000
24872,182,weighted,10,0.6469944267515924,0,10,None,66,1,5,False,1000,1000
24873,183,weighted,10,0.6483877388535032,0,10,None,66,1,5,False,1000,1000
24874,184,weighted,10,0.6486863057324841,0,10,None,66,1,5,False,1000,1000
24875,180,weighted,10,0.6721735668789809,0,16,None,66,1,5,False,1000,1000
24876,181,weighted,10,0.6722730891719745,0,16,None,66,1,5,False,1000,1000
24877,182,weighted,10,0.6739649681528662,0,16,None,66,1,5,False,1000,1000
24878,183,weighted,10,0.6748606687898089,0,16,None,66,1,5,False,1000,1000
24879,184,weighted,10,0.6755573248407644,0,16,None,66,1,5,False,1000,1000
24880,180,weighted,10,0.6089769108280255,0,8,None,66,1,5,False,1000,1000
24881,181,weighted,10,0.6092754777070064,0,8,None,66,1,5,False,1000,1000
24882,182,weighted,10,0.6101711783439491,0,8,None,66,1,5,False,1000,1000
24883,183,weighted,10,0.6097730891719745,0,8,None,66,1,5,False,1000,1000
24884,184,weighted,10,0.6099721337579618,0,8,None,66,1,5,False,1000,1000
24885,180,weighted,10,0.6194267515923567,0,7,None,66,1,5,False,1000,1000
24886,181,weighted,10,0.6197253184713376,0,7,None,66,1,5,False,1000,1000
24887,182,weighted,10,0.6213176751592356,0,7,None,66,1,5,False,1000,1000
24888,183,weighted,10,0.6219148089171974,0,7,None,66,1,5,False,1000,1000
24889,184,weighted,10,0.6243033439490446,0,7,None,66,1,5,False,1000,1000
24890,180,weighted,10,0.6221138535031847,0,4,None,66,1,5,False,1000,1000
24891,181,weighted,10,0.62609474522293,0,4,None,66,1,5,False,1000,1000
24892,182,weighted,10,0.6294785031847133,0,4,None,66,1,5,False,1000,1000
24893,183,weighted,10,0.6315684713375797,0,4,None,66,1,5,False,1000,1000
24894,184,weighted,10,0.633359872611465,0,4,None,66,1,5,False,1000,1000
24895,180,weighted,10,0.6396297770700637,0,32,None,66,1,5,False,1000,1000
24896,181,weighted,10,0.63953025477707,0,32,None,66,1,5,False,1000,1000
24897,182,weighted,10,0.6394307324840764,0,32,None,66,1,5,False,1000,1000
24898,183,weighted,10,0.6389331210191083,0,32,None,66,1,5,False,1000,1000
24899,184,weighted,10,0.6391321656050956,0,32,None,66,1,5,False,1000,1000
24900,180,weighted,10,0.6031050955414012,0,2,None,66,1,5,False,1000,1000
24901,181,weighted,10,0.6019108280254777,0,2,None,66,1,5,False,1000,1000
24902,182,weighted,10,0.6022093949044586,0,2,None,66,1,5,False,1000,1000
24903,183,weighted,10,0.6038017515923567,0,2,None,66,1,5,False,1000,1000
24904,184,weighted,10,0.6056926751592356,0,2,None,66,1,5,False,1000,1000
24905,180,weighted,10,0.5822054140127388,0,0,None,66,1,5,False,1000,1000
24906,181,weighted,10,0.5828025477707006,0,0,None,66,1,5,False,1000,1000
24907,182,weighted,10,0.5830015923566879,0,0,None,66,1,5,False,1000,1000
24908,183,weighted,10,0.5831011146496815,0,0,None,66,1,5,False,1000,1000
24909,184,weighted,10,0.5834992038216561,0,0,None,66,1,5,False,1000,1000
24910,180,weighted,10,0.6400278662420382,0,3,None,66,1,5,False,1000,1000
24911,181,weighted,10,0.6398288216560509,0,3,None,66,1,5,False,1000,1000
24912,182,weighted,10,0.6396297770700637,0,3,None,66,1,5,False,1000,1000
24913,183,weighted,10,0.6399283439490446,0,3,None,66,1,5,False,1000,1000
24914,184,weighted,10,0.6397292993630573,0,3,None,66,1,5,False,1000,1000
24915,185,weighted,10,0.6504777070063694,0,22,None,66,1,5,False,1000,1000
24916,186,weighted,10,0.6503781847133758,0,22,None,66,1,5,False,1000,1000
24917,187,weighted,10,0.6507762738853503,0,22,None,66,1,5,False,1000,1000
24918,188,weighted,10,0.6511743630573248,0,22,None,66,1,5,False,1000,1000
24919,189,weighted,10,0.6515724522292994,0,22,None,66,1,5,False,1000,1000
24920,185,weighted,10,0.6101711783439491,0,14,None,66,1,5,False,1000,1000
24921,186,weighted,10,0.6124601910828026,0,14,None,66,1,5,False,1000,1000
24922,187,weighted,10,0.6152468152866242,0,14,None,66,1,5,False,1000,1000
24923,188,weighted,10,0.6169386942675159,0,14,None,66,1,5,False,1000,1000
24924,189,weighted,10,0.6178343949044586,0,14,None,66,1,5,False,1000,1000
24925,185,weighted,10,0.6520700636942676,0,30,None,66,1,5,False,1000,1000
24926,186,weighted,10,0.6518710191082803,0,30,None,66,1,5,False,1000,1000
24927,187,weighted,10,0.6523686305732485,0,30,None,66,1,5,False,1000,1000
24928,188,weighted,10,0.6529657643312102,0,30,None,66,1,5,False,1000,1000
24929,189,weighted,10,0.6532643312101911,0,30,None,66,1,5,False,1000,1000
24930,185,weighted,10,0.6757563694267515,0,16,None,66,1,5,False,1000,1000
24931,186,weighted,10,0.6769506369426752,0,16,None,66,1,5,False,1000,1000
24932,187,weighted,10,0.678343949044586,0,16,None,66,1,5,False,1000,1000
24933,188,weighted,10,0.6778463375796179,0,16,None,66,1,5,False,1000,1000
24934,189,weighted,10,0.6778463375796179,0,16,None,66,1,5,False,1000,1000
24935,185,weighted,10,0.6257961783439491,0,7,None,66,1,5,False,1000,1000
24936,186,weighted,10,0.627687101910828,0,7,None,66,1,5,False,1000,1000
24937,187,weighted,10,0.6288813694267515,0,7,None,66,1,5,False,1000,1000
24938,188,weighted,10,0.6302746815286624,0,7,None,66,1,5,False,1000,1000
24939,189,weighted,10,0.6319665605095541,0,7,None,66,1,5,False,1000,1000
24940,185,weighted,10,0.6448049363057324,0,32,None,66,1,5,False,1000,1000
24941,186,weighted,10,0.6434116242038217,0,32,None,66,1,5,False,1000,1000
24942,187,weighted,10,0.6431130573248408,0,32,None,66,1,5,False,1000,1000
24943,188,weighted,10,0.6435111464968153,0,32,None,66,1,5,False,1000,1000
24944,189,weighted,10,0.6435111464968153,0,32,None,66,1,5,False,1000,1000
24945,185,weighted,10,0.59375,0,1,None,66,1,5,False,1000,1000
24946,186,weighted,10,0.5949442675159236,0,1,None,66,1,5,False,1000,1000
24947,187,weighted,10,0.5958399681528662,0,1,None,66,1,5,False,1000,1000
24948,188,weighted,10,0.5969347133757962,0,1,None,66,1,5,False,1000,1000
24949,189,weighted,10,0.5976313694267515,0,1,None,66,1,5,False,1000,1000
24950,185,weighted,10,0.6195262738853503,0,2,None,66,1,5,False,1000,1000
24951,186,weighted,10,0.6184315286624203,0,2,None,66,1,5,False,1000,1000
24952,187,weighted,10,0.6181329617834395,0,2,None,66,1,5,False,1000,1000
24953,188,weighted,10,0.6172372611464968,0,2,None,66,1,5,False,1000,1000
24954,189,weighted,10,0.6184315286624203,0,2,None,66,1,5,False,1000,1000
24955,185,weighted,10,0.6313694267515924,0,5,None,66,1,5,False,1000,1000
24956,186,weighted,10,0.6317675159235668,0,5,None,66,1,5,False,1000,1000
24957,187,weighted,10,0.633359872611465,0,5,None,66,1,5,False,1000,1000
24958,188,weighted,10,0.6351512738853503,0,5,None,66,1,5,False,1000,1000
24959,189,weighted,10,0.6370421974522293,0,5,None,66,1,5,False,1000,1000
24960,185,weighted,10,0.6546576433121019,0,9,None,66,1,5,False,1000,1000
24961,186,weighted,10,0.6580414012738853,0,9,None,66,1,5,False,1000,1000
24962,187,weighted,10,0.6602308917197452,0,9,None,66,1,5,False,1000,1000
24963,188,weighted,10,0.6632165605095541,0,9,None,66,1,5,False,1000,1000
24964,189,weighted,10,0.6658041401273885,0,9,None,66,1,5,False,1000,1000
24965,185,weighted,10,0.6529657643312102,0,21,None,66,1,5,False,1000,1000
24966,186,weighted,10,0.6533638535031847,0,21,None,66,1,5,False,1000,1000
24967,187,weighted,10,0.6546576433121019,0,21,None,66,1,5,False,1000,1000
24968,188,weighted,10,0.6553542993630573,0,21,None,66,1,5,False,1000,1000
24969,189,weighted,10,0.6559514331210191,0,21,None,66,1,5,False,1000,1000
24970,185,weighted,10,0.6328622611464968,0,23,None,66,1,5,False,1000,1000
24971,186,weighted,10,0.6345541401273885,0,23,None,66,1,5,False,1000,1000
24972,187,weighted,10,0.6359474522292994,0,23,None,66,1,5,False,1000,1000
24973,188,weighted,10,0.6377388535031847,0,23,None,66,1,5,False,1000,1000
24974,189,weighted,10,0.6385350318471338,0,23,None,66,1,5,False,1000,1000
24975,185,weighted,10,0.4274482484076433,0,28,None,66,1,5,False,1000,1000
24976,186,weighted,10,0.4693471337579618,0,28,None,66,1,5,False,1000,1000
24977,187,weighted,10,0.5047770700636943,0,28,None,66,1,5,False,1000,1000
24978,188,weighted,10,0.528562898089172,0,28,None,66,1,5,False,1000,1000
24979,189,weighted,10,0.543093152866242,0,28,None,66,1,5,False,1000,1000
24980,185,weighted,10,0.6628184713375797,0,27,None,66,1,5,False,1000,1000
24981,186,weighted,10,0.6632165605095541,0,27,None,66,1,5,False,1000,1000
24982,187,weighted,10,0.6639132165605095,0,27,None,66,1,5,False,1000,1000
24983,188,weighted,10,0.6644108280254777,0,27,None,66,1,5,False,1000,1000
24984,189,weighted,10,0.6649084394904459,0,27,None,66,1,5,False,1000,1000
24985,185,weighted,10,0.6340565286624203,0,29,None,66,1,5,False,1000,1000
24986,186,weighted,10,0.634156050955414,0,29,None,66,1,5,False,1000,1000
24987,187,weighted,10,0.6339570063694268,0,29,None,66,1,5,False,1000,1000
24988,188,weighted,10,0.6331608280254777,0,29,None,66,1,5,False,1000,1000
24989,189,weighted,10,0.6332603503184714,0,29,None,66,1,5,False,1000,1000
24990,185,weighted,10,0.6574442675159236,0,15,None,66,1,5,False,1000,1000
24991,186,weighted,10,0.6574442675159236,0,15,None,66,1,5,False,1000,1000
24992,187,weighted,10,0.6570461783439491,0,15,None,66,1,5,False,1000,1000
24993,188,weighted,10,0.6582404458598726,0,15,None,66,1,5,False,1000,1000
24994,189,weighted,10,0.6587380573248408,0,15,None,66,1,5,False,1000,1000
24995,185,weighted,10,0.6494824840764332,0,10,None,66,1,5,False,1000,1000
24996,186,weighted,10,0.6504777070063694,0,10,None,66,1,5,False,1000,1000
24997,187,weighted,10,0.6514729299363057,0,10,None,66,1,5,False,1000,1000
24998,188,weighted,10,0.6519705414012739,0,10,None,66,1,5,False,1000,1000
24999,189,weighted,10,0.6529657643312102,0,10,None,66,1,5,False,1000,1000
25000,185,weighted,10,0.6163415605095541,0,25,None,66,1,5,False,1000,1000
25001,186,weighted,10,0.6169386942675159,0,25,None,66,1,5,False,1000,1000
25002,187,weighted,10,0.6181329617834395,0,25,None,66,1,5,False,1000,1000
25003,188,weighted,10,0.6202229299363057,0,25,None,66,1,5,False,1000,1000
25004,189,weighted,10,0.6214171974522293,0,25,None,66,1,5,False,1000,1000
25005,185,weighted,10,0.6447054140127388,0,6,None,66,1,5,False,1000,1000
25006,186,weighted,10,0.6450039808917197,0,6,None,66,1,5,False,1000,1000
25007,187,weighted,10,0.6454020700636943,0,6,None,66,1,5,False,1000,1000
25008,188,weighted,10,0.6460987261146497,0,6,None,66,1,5,False,1000,1000
25009,189,weighted,10,0.646297770700637,0,6,None,66,1,5,False,1000,1000
25010,185,weighted,10,0.616640127388535,0,26,None,66,1,5,False,1000,1000
25011,186,weighted,10,0.6178343949044586,0,26,None,66,1,5,False,1000,1000
25012,187,weighted,10,0.6189291401273885,0,26,None,66,1,5,False,1000,1000
25013,188,weighted,10,0.6203224522292994,0,26,None,66,1,5,False,1000,1000
25014,189,weighted,10,0.6215167197452229,0,26,None,66,1,5,False,1000,1000
25015,185,weighted,10,0.5702627388535032,0,11,None,66,1,5,False,1000,1000
25016,186,weighted,10,0.5715565286624203,0,11,None,66,1,5,False,1000,1000
25017,187,weighted,10,0.5723527070063694,0,11,None,66,1,5,False,1000,1000
25018,188,weighted,10,0.5728503184713376,0,11,None,66,1,5,False,1000,1000
25019,189,weighted,10,0.573546974522293,0,11,None,66,1,5,False,1000,1000
25020,185,weighted,10,0.6606289808917197,0,17,None,66,1,5,False,1000,1000
25021,186,weighted,10,0.6613256369426752,0,17,None,66,1,5,False,1000,1000
25022,187,weighted,10,0.6612261146496815,0,17,None,66,1,5,False,1000,1000
25023,188,weighted,10,0.6615246815286624,0,17,None,66,1,5,False,1000,1000
25024,189,weighted,10,0.6625199044585988,0,17,None,66,1,5,False,1000,1000
25025,185,weighted,10,0.65515525477707,0,24,None,66,1,5,False,1000,1000
25026,186,weighted,10,0.6574442675159236,0,24,None,66,1,5,False,1000,1000
25027,187,weighted,10,0.6597332802547771,0,24,None,66,1,5,False,1000,1000
25028,188,weighted,10,0.6630175159235668,0,24,None,66,1,5,False,1000,1000
25029,189,weighted,10,0.6651074840764332,0,24,None,66,1,5,False,1000,1000
25030,185,weighted,10,0.6119625796178344,0,8,None,66,1,5,False,1000,1000
25031,186,weighted,10,0.6125597133757962,0,8,None,66,1,5,False,1000,1000
25032,187,weighted,10,0.6130573248407644,0,8,None,66,1,5,False,1000,1000
25033,188,weighted,10,0.6144506369426752,0,8,None,66,1,5,False,1000,1000
25034,189,weighted,10,0.615047770700637,0,8,None,66,1,5,False,1000,1000
25035,185,weighted,10,0.647890127388535,0,18,None,66,1,5,False,1000,1000
25036,186,weighted,10,0.6476910828025477,0,18,None,66,1,5,False,1000,1000
25037,187,weighted,10,0.6483877388535032,0,18,None,66,1,5,False,1000,1000
25038,188,weighted,10,0.6490843949044586,0,18,None,66,1,5,False,1000,1000
25039,189,weighted,10,0.6494824840764332,0,18,None,66,1,5,False,1000,1000
25040,185,weighted,10,0.6118630573248408,0,19,None,66,1,5,False,1000,1000
25041,186,weighted,10,0.6130573248407644,0,19,None,66,1,5,False,1000,1000
25042,187,weighted,10,0.6144506369426752,0,19,None,66,1,5,False,1000,1000
25043,188,weighted,10,0.6153463375796179,0,19,None,66,1,5,False,1000,1000
25044,189,weighted,10,0.6163415605095541,0,19,None,66,1,5,False,1000,1000
25045,185,weighted,10,0.6588375796178344,0,31,None,66,1,5,False,1000,1000
25046,186,weighted,10,0.6610270700636943,0,31,None,66,1,5,False,1000,1000
25047,187,weighted,10,0.6626194267515924,0,31,None,66,1,5,False,1000,1000
25048,188,weighted,10,0.6629179936305732,0,31,None,66,1,5,False,1000,1000
25049,189,weighted,10,0.6648089171974523,0,31,None,66,1,5,False,1000,1000
25050,185,weighted,10,0.6301751592356688,0,4,None,66,1,5,False,1000,1000
25051,186,weighted,10,0.6343550955414012,0,4,None,66,1,5,False,1000,1000
25052,187,weighted,10,0.6361464968152867,0,4,None,66,1,5,False,1000,1000
25053,188,weighted,10,0.6381369426751592,0,4,None,66,1,5,False,1000,1000
25054,189,weighted,10,0.6392316878980892,0,4,None,66,1,5,False,1000,1000
25055,185,weighted,10,0.6434116242038217,0,3,None,66,1,5,False,1000,1000
25056,186,weighted,10,0.6426154458598726,0,3,None,66,1,5,False,1000,1000
25057,187,weighted,10,0.6426154458598726,0,3,None,66,1,5,False,1000,1000
25058,188,weighted,10,0.642515923566879,0,3,None,66,1,5,False,1000,1000
25059,189,weighted,10,0.6439092356687898,0,3,None,66,1,5,False,1000,1000
25060,185,weighted,10,0.620421974522293,0,20,None,66,1,5,False,1000,1000
25061,186,weighted,10,0.6215167197452229,0,20,None,66,1,5,False,1000,1000
25062,187,weighted,10,0.6228105095541401,0,20,None,66,1,5,False,1000,1000
25063,188,weighted,10,0.6232085987261147,0,20,None,66,1,5,False,1000,1000
25064,189,weighted,10,0.62390525477707,0,20,None,66,1,5,False,1000,1000
25065,185,weighted,10,0.5857882165605095,0,0,None,66,1,5,False,1000,1000
25066,186,weighted,10,0.5860867834394905,0,0,None,66,1,5,False,1000,1000
25067,187,weighted,10,0.5858877388535032,0,0,None,66,1,5,False,1000,1000
25068,188,weighted,10,0.5857882165605095,0,0,None,66,1,5,False,1000,1000
25069,189,weighted,10,0.5858877388535032,0,0,None,66,1,5,False,1000,1000
25070,185,weighted,10,0.6532643312101911,0,12,None,66,1,5,False,1000,1000
25071,186,weighted,10,0.653562898089172,0,12,None,66,1,5,False,1000,1000
25072,187,weighted,10,0.6547571656050956,0,12,None,66,1,5,False,1000,1000
25073,188,weighted,10,0.6552547770700637,0,12,None,66,1,5,False,1000,1000
25074,189,weighted,10,0.65625,0,12,None,66,1,5,False,1000,1000
25075,185,weighted,10,0.6370421974522293,0,13,None,66,1,5,False,1000,1000
25076,186,weighted,10,0.6375398089171974,0,13,None,66,1,5,False,1000,1000
25077,187,weighted,10,0.6372412420382165,0,13,None,66,1,5,False,1000,1000
25078,188,weighted,10,0.6375398089171974,0,13,None,66,1,5,False,1000,1000
25079,189,weighted,10,0.6372412420382165,0,13,None,66,1,5,False,1000,1000
25080,190,weighted,10,0.6361464968152867,0,2,None,66,1,5,False,1000,1000
25081,191,weighted,10,0.6337579617834395,0,2,None,66,1,5,False,1000,1000
25082,192,weighted,10,0.6326632165605095,0,2,None,66,1,5,False,1000,1000
25083,193,weighted,10,0.6321656050955414,0,2,None,66,1,5,False,1000,1000
25084,194,weighted,10,0.6324641719745223,0,2,None,66,1,5,False,1000,1000
25085,190,weighted,10,0.6275875796178344,0,20,None,66,1,5,False,1000,1000
25086,191,weighted,10,0.6291799363057324,0,20,None,66,1,5,False,1000,1000
25087,192,weighted,10,0.6294785031847133,0,20,None,66,1,5,False,1000,1000
25088,193,weighted,10,0.6300756369426752,0,20,None,66,1,5,False,1000,1000
25089,194,weighted,10,0.6300756369426752,0,20,None,66,1,5,False,1000,1000
25090,190,weighted,10,0.6576433121019108,0,22,None,66,1,5,False,1000,1000
25091,191,weighted,10,0.6560509554140127,0,22,None,66,1,5,False,1000,1000
25092,192,weighted,10,0.6560509554140127,0,22,None,66,1,5,False,1000,1000
25093,193,weighted,10,0.6557523885350318,0,22,None,66,1,5,False,1000,1000
25094,194,weighted,10,0.6560509554140127,0,22,None,66,1,5,False,1000,1000
25095,190,weighted,10,0.6378383757961783,0,23,None,66,1,5,False,1000,1000
25096,191,weighted,10,0.6390326433121019,0,23,None,66,1,5,False,1000,1000
25097,192,weighted,10,0.6402269108280255,0,23,None,66,1,5,False,1000,1000
25098,193,weighted,10,0.6414211783439491,0,23,None,66,1,5,False,1000,1000
25099,194,weighted,10,0.6437101910828026,0,23,None,66,1,5,False,1000,1000
25100,190,weighted,10,0.6467953821656051,0,32,None,66,1,5,False,1000,1000
25101,191,weighted,10,0.6463972929936306,0,32,None,66,1,5,False,1000,1000
25102,192,weighted,10,0.6472929936305732,0,32,None,66,1,5,False,1000,1000
25103,193,weighted,10,0.6483877388535032,0,32,None,66,1,5,False,1000,1000
25104,194,weighted,10,0.6487858280254777,0,32,None,66,1,5,False,1000,1000
25105,190,weighted,10,0.6637141719745223,0,15,None,66,1,5,False,1000,1000
25106,191,weighted,10,0.6628184713375797,0,15,None,66,1,5,False,1000,1000
25107,192,weighted,10,0.6640127388535032,0,15,None,66,1,5,False,1000,1000
25108,193,weighted,10,0.6651074840764332,0,15,None,66,1,5,False,1000,1000
25109,194,weighted,10,0.6668988853503185,0,15,None,66,1,5,False,1000,1000
25110,190,weighted,10,0.6550557324840764,0,10,None,66,1,5,False,1000,1000
25111,191,weighted,10,0.6556528662420382,0,10,None,66,1,5,False,1000,1000
25112,192,weighted,10,0.6567476114649682,0,10,None,66,1,5,False,1000,1000
25113,193,weighted,10,0.6579418789808917,0,10,None,66,1,5,False,1000,1000
25114,194,weighted,10,0.6588375796178344,0,10,None,66,1,5,False,1000,1000
25115,190,weighted,10,0.573546974522293,0,11,None,66,1,5,False,1000,1000
25116,191,weighted,10,0.5740445859872612,0,11,None,66,1,5,False,1000,1000
25117,192,weighted,10,0.575437898089172,0,11,None,66,1,5,False,1000,1000
25118,193,weighted,10,0.5756369426751592,0,11,None,66,1,5,False,1000,1000
25119,194,weighted,10,0.5764331210191083,0,11,None,66,1,5,False,1000,1000
25120,190,weighted,10,0.4365047770700637,0,28,None,66,1,5,False,1000,1000
25121,191,weighted,10,0.4809912420382166,0,28,None,66,1,5,False,1000,1000
25122,192,weighted,10,0.5198049363057324,0,28,None,66,1,5,False,1000,1000
25123,193,weighted,10,0.5461783439490446,0,28,None,66,1,5,False,1000,1000
25124,194,weighted,10,0.5620023885350318,0,28,None,66,1,5,False,1000,1000
25125,190,weighted,10,0.6463972929936306,0,3,None,66,1,5,False,1000,1000
25126,191,weighted,10,0.6466958598726115,0,3,None,66,1,5,False,1000,1000
25127,192,weighted,10,0.6461982484076433,0,3,None,66,1,5,False,1000,1000
25128,193,weighted,10,0.6464968152866242,0,3,None,66,1,5,False,1000,1000
25129,194,weighted,10,0.647093949044586,0,3,None,66,1,5,False,1000,1000
25130,190,weighted,10,0.5993232484076433,0,1,None,66,1,5,False,1000,1000
25131,191,weighted,10,0.600218949044586,0,1,None,66,1,5,False,1000,1000
25132,192,weighted,10,0.6009156050955414,0,1,None,66,1,5,False,1000,1000
25133,193,weighted,10,0.6026074840764332,0,1,None,66,1,5,False,1000,1000
25134,194,weighted,10,0.6044984076433121,0,1,None,66,1,5,False,1000,1000
25135,190,weighted,10,0.6794386942675159,0,16,None,66,1,5,False,1000,1000
25136,191,weighted,10,0.6794386942675159,0,16,None,66,1,5,False,1000,1000
25137,192,weighted,10,0.6805334394904459,0,16,None,66,1,5,False,1000,1000
25138,193,weighted,10,0.6819267515923567,0,16,None,66,1,5,False,1000,1000
25139,194,weighted,10,0.6839171974522293,0,16,None,66,1,5,False,1000,1000
25140,190,weighted,10,0.6174363057324841,0,8,None,66,1,5,False,1000,1000
25141,191,weighted,10,0.6181329617834395,0,8,None,66,1,5,False,1000,1000
25142,192,weighted,10,0.6192277070063694,0,8,None,66,1,5,False,1000,1000
25143,193,weighted,10,0.6196257961783439,0,8,None,66,1,5,False,1000,1000
25144,194,weighted,10,0.6200238853503185,0,8,None,66,1,5,False,1000,1000
25145,190,weighted,10,0.6555533439490446,0,18,None,66,1,5,False,1000,1000
25146,191,weighted,10,0.6567476114649682,0,18,None,66,1,5,False,1000,1000
25147,192,weighted,10,0.6566480891719745,0,18,None,66,1,5,False,1000,1000
25148,193,weighted,10,0.65734474522293,0,18,None,66,1,5,False,1000,1000
25149,194,weighted,10,0.6572452229299363,0,18,None,66,1,5,False,1000,1000
25150,190,weighted,10,0.6453025477707006,0,13,None,66,1,5,False,1000,1000
25151,191,weighted,10,0.6449044585987261,0,13,None,66,1,5,False,1000,1000
25152,192,weighted,10,0.6459992038216561,0,13,None,66,1,5,False,1000,1000
25153,193,weighted,10,0.6471934713375797,0,13,None,66,1,5,False,1000,1000
25154,194,weighted,10,0.6476910828025477,0,13,None,66,1,5,False,1000,1000
25155,190,weighted,10,0.6184315286624203,0,19,None,66,1,5,False,1000,1000
25156,191,weighted,10,0.621218152866242,0,19,None,66,1,5,False,1000,1000
25157,192,weighted,10,0.6224124203821656,0,19,None,66,1,5,False,1000,1000
25158,193,weighted,10,0.6244028662420382,0,19,None,66,1,5,False,1000,1000
25159,194,weighted,10,0.6263933121019108,0,19,None,66,1,5,False,1000,1000
25160,190,weighted,10,0.6656050955414012,0,31,None,66,1,5,False,1000,1000
25161,191,weighted,10,0.6668988853503185,0,31,None,66,1,5,False,1000,1000
25162,192,weighted,10,0.6696855095541401,0,31,None,66,1,5,False,1000,1000
25163,193,weighted,10,0.6715764331210191,0,31,None,66,1,5,False,1000,1000
25164,194,weighted,10,0.6738654458598726,0,31,None,66,1,5,False,1000,1000
25165,190,weighted,10,0.6386345541401274,0,29,None,66,1,5,False,1000,1000
25166,191,weighted,10,0.6383359872611465,0,29,None,66,1,5,False,1000,1000
25167,192,weighted,10,0.63953025477707,0,29,None,66,1,5,False,1000,1000
25168,193,weighted,10,0.6399283439490446,0,29,None,66,1,5,False,1000,1000
25169,194,weighted,10,0.6403264331210191,0,29,None,66,1,5,False,1000,1000
25170,190,weighted,10,0.5882762738853503,0,0,None,66,1,5,False,1000,1000
25171,191,weighted,10,0.5892714968152867,0,0,None,66,1,5,False,1000,1000
25172,192,weighted,10,0.5889729299363057,0,0,None,66,1,5,False,1000,1000
25173,193,weighted,10,0.5884753184713376,0,0,None,66,1,5,False,1000,1000
25174,194,weighted,10,0.5893710191082803,0,0,None,66,1,5,False,1000,1000
25175,190,weighted,10,0.6214171974522293,0,25,None,66,1,5,False,1000,1000
25176,191,weighted,10,0.6233081210191083,0,25,None,66,1,5,False,1000,1000
25177,192,weighted,10,0.6255971337579618,0,25,None,66,1,5,False,1000,1000
25178,193,weighted,10,0.626890923566879,0,25,None,66,1,5,False,1000,1000
25179,194,weighted,10,0.6290804140127388,0,25,None,66,1,5,False,1000,1000
25180,190,weighted,10,0.6609275477707006,0,9,None,66,1,5,False,1000,1000
25181,191,weighted,10,0.6629179936305732,0,9,None,66,1,5,False,1000,1000
25182,192,weighted,10,0.6661027070063694,0,9,None,66,1,5,False,1000,1000
25183,193,weighted,10,0.6705812101910829,0,9,None,66,1,5,False,1000,1000
25184,194,weighted,10,0.6732683121019108,0,9,None,66,1,5,False,1000,1000
25185,190,weighted,10,0.6400278662420382,0,5,None,66,1,5,False,1000,1000
25186,191,weighted,10,0.6426154458598726,0,5,None,66,1,5,False,1000,1000
25187,192,weighted,10,0.6455015923566879,0,5,None,66,1,5,False,1000,1000
25188,193,weighted,10,0.6480891719745223,0,5,None,66,1,5,False,1000,1000
25189,194,weighted,10,0.6502786624203821,0,5,None,66,1,5,False,1000,1000
25190,190,weighted,10,0.6374402866242038,0,4,None,66,1,5,False,1000,1000
25191,191,weighted,10,0.6405254777070064,0,4,None,66,1,5,False,1000,1000
25192,192,weighted,10,0.6423168789808917,0,4,None,66,1,5,False,1000,1000
25193,193,weighted,10,0.6443073248407644,0,4,None,66,1,5,False,1000,1000
25194,194,weighted,10,0.6456011146496815,0,4,None,66,1,5,False,1000,1000
25195,190,weighted,10,0.6512738853503185,0,6,None,66,1,5,False,1000,1000
25196,191,weighted,10,0.651671974522293,0,6,None,66,1,5,False,1000,1000
25197,192,weighted,10,0.6518710191082803,0,6,None,66,1,5,False,1000,1000
25198,193,weighted,10,0.6521695859872612,0,6,None,66,1,5,False,1000,1000
25199,194,weighted,10,0.652468152866242,0,6,None,66,1,5,False,1000,1000
25200,190,weighted,10,0.634952229299363,0,7,None,66,1,5,False,1000,1000
25201,191,weighted,10,0.6361464968152867,0,7,None,66,1,5,False,1000,1000
25202,192,weighted,10,0.637937898089172,0,7,None,66,1,5,False,1000,1000
25203,193,weighted,10,0.6388335987261147,0,7,None,66,1,5,False,1000,1000
25204,194,weighted,10,0.6411226114649682,0,7,None,66,1,5,False,1000,1000
25205,190,weighted,10,0.6214171974522293,0,14,None,66,1,5,False,1000,1000
25206,191,weighted,10,0.6236066878980892,0,14,None,66,1,5,False,1000,1000
25207,192,weighted,10,0.6244028662420382,0,14,None,66,1,5,False,1000,1000
25208,193,weighted,10,0.6259952229299363,0,14,None,66,1,5,False,1000,1000
25209,194,weighted,10,0.6274880573248408,0,14,None,66,1,5,False,1000,1000
25210,190,weighted,10,0.6568471337579618,0,12,None,66,1,5,False,1000,1000
25211,191,weighted,10,0.6574442675159236,0,12,None,66,1,5,False,1000,1000
25212,192,weighted,10,0.6590366242038217,0,12,None,66,1,5,False,1000,1000
25213,193,weighted,10,0.6598328025477707,0,12,None,66,1,5,False,1000,1000
25214,194,weighted,10,0.6613256369426752,0,12,None,66,1,5,False,1000,1000
25215,190,weighted,10,0.6241042993630573,0,26,None,66,1,5,False,1000,1000
25216,191,weighted,10,0.6255971337579618,0,26,None,66,1,5,False,1000,1000
25217,192,weighted,10,0.6262937898089171,0,26,None,66,1,5,False,1000,1000
25218,193,weighted,10,0.6274880573248408,0,26,None,66,1,5,False,1000,1000
25219,194,weighted,10,0.6283837579617835,0,26,None,66,1,5,False,1000,1000
25220,190,weighted,10,0.65625,0,30,None,66,1,5,False,1000,1000
25221,191,weighted,10,0.6568471337579618,0,30,None,66,1,5,False,1000,1000
25222,192,weighted,10,0.6572452229299363,0,30,None,66,1,5,False,1000,1000
25223,193,weighted,10,0.6577428343949044,0,30,None,66,1,5,False,1000,1000
25224,194,weighted,10,0.6587380573248408,0,30,None,66,1,5,False,1000,1000
25225,195,weighted,10,0.6506767515923567,0,32,None,66,1,5,False,1000,1000
25226,196,weighted,10,0.6508757961783439,0,32,None,66,1,5,False,1000,1000
25227,197,weighted,10,0.6513734076433121,0,32,None,66,1,5,False,1000,1000
25228,198,weighted,10,0.6536624203821656,0,32,None,66,1,5,False,1000,1000
25229,199,weighted,10,0.65515525477707,0,32,None,66,1,5,False,1000,1000
25230,195,weighted,10,0.6629179936305732,0,22,None,66,1,5,False,1000,1000
25231,196,weighted,10,0.6630175159235668,0,22,None,66,1,5,False,1000,1000
25232,197,weighted,10,0.6633160828025477,0,22,None,66,1,5,False,1000,1000
25233,198,weighted,10,0.6645103503184714,0,22,None,66,1,5,False,1000,1000
25234,199,weighted,10,0.6649084394904459,0,22,None,66,1,5,False,1000,1000
25235,195,weighted,10,0.6294785031847133,0,26,None,66,1,5,False,1000,1000
25236,196,weighted,10,0.6305732484076433,0,26,None,66,1,5,False,1000,1000
25237,197,weighted,10,0.6320660828025477,0,26,None,66,1,5,False,1000,1000
25238,198,weighted,10,0.6332603503184714,0,26,None,66,1,5,False,1000,1000
25239,199,weighted,10,0.6345541401273885,0,26,None,66,1,5,False,1000,1000
25240,195,weighted,10,0.6851114649681529,0,16,None,66,1,5,False,1000,1000
25241,196,weighted,10,0.6874004777070064,0,16,None,66,1,5,False,1000,1000
25242,197,weighted,10,0.6880971337579618,0,16,None,66,1,5,False,1000,1000
25243,198,weighted,10,0.6880971337579618,0,16,None,66,1,5,False,1000,1000
25244,199,weighted,10,0.6876990445859873,0,16,None,66,1,5,False,1000,1000
25245,195,weighted,10,0.6307722929936306,0,14,None,66,1,5,False,1000,1000
25246,196,weighted,10,0.6321656050955414,0,14,None,66,1,5,False,1000,1000
25247,197,weighted,10,0.6335589171974523,0,14,None,66,1,5,False,1000,1000
25248,198,weighted,10,0.6358479299363057,0,14,None,66,1,5,False,1000,1000
25249,199,weighted,10,0.6388335987261147,0,14,None,66,1,5,False,1000,1000
25250,195,weighted,10,0.6303742038216561,0,25,None,66,1,5,False,1000,1000
25251,196,weighted,10,0.6323646496815286,0,25,None,66,1,5,False,1000,1000
25252,197,weighted,10,0.6348527070063694,0,25,None,66,1,5,False,1000,1000
25253,198,weighted,10,0.6370421974522293,0,25,None,66,1,5,False,1000,1000
25254,199,weighted,10,0.6376393312101911,0,25,None,66,1,5,False,1000,1000
25255,190,weighted,10,0.6669984076433121,0,17,None,66,1,5,False,1000,1000
25256,191,weighted,10,0.6677945859872612,0,17,None,66,1,5,False,1000,1000
25257,192,weighted,10,0.6679936305732485,0,17,None,66,1,5,False,1000,1000
25258,193,weighted,10,0.6683917197452229,0,17,None,66,1,5,False,1000,1000
25259,194,weighted,10,0.6688893312101911,0,17,None,66,1,5,False,1000,1000
25260,190,weighted,10,0.6588375796178344,0,21,None,66,1,5,False,1000,1000
25261,191,weighted,10,0.6594347133757962,0,21,None,66,1,5,False,1000,1000
25262,192,weighted,10,0.6617237261146497,0,21,None,66,1,5,False,1000,1000
25263,193,weighted,10,0.663515127388535,0,21,None,66,1,5,False,1000,1000
25264,194,weighted,10,0.6661027070063694,0,21,None,66,1,5,False,1000,1000
25265,190,weighted,10,0.6645103503184714,0,24,None,66,1,5,False,1000,1000
25266,191,weighted,10,0.6659036624203821,0,24,None,66,1,5,False,1000,1000
25267,192,weighted,10,0.6694864649681529,0,24,None,66,1,5,False,1000,1000
25268,193,weighted,10,0.6719745222929936,0,24,None,66,1,5,False,1000,1000
25269,194,weighted,10,0.6754578025477707,0,24,None,66,1,5,False,1000,1000
25270,190,weighted,10,0.6670979299363057,0,27,None,66,1,5,False,1000,1000
25271,191,weighted,10,0.6677945859872612,0,27,None,66,1,5,False,1000,1000
25272,192,weighted,10,0.6683917197452229,0,27,None,66,1,5,False,1000,1000
25273,193,weighted,10,0.6686902866242038,0,27,None,66,1,5,False,1000,1000
25274,194,weighted,10,0.6697850318471338,0,27,None,66,1,5,False,1000,1000
25275,195,weighted,10,0.6438097133757962,0,7,None,66,1,5,False,1000,1000
25276,196,weighted,10,0.6458996815286624,0,7,None,66,1,5,False,1000,1000
25277,197,weighted,10,0.6484872611464968,0,7,None,66,1,5,False,1000,1000
25278,198,weighted,10,0.6500796178343949,0,7,None,66,1,5,False,1000,1000
25279,199,weighted,10,0.6510748407643312,0,7,None,66,1,5,False,1000,1000
25280,195,weighted,10,0.6602308917197452,0,10,None,66,1,5,False,1000,1000
25281,196,weighted,10,0.6618232484076433,0,10,None,66,1,5,False,1000,1000
25282,197,weighted,10,0.6622213375796179,0,10,None,66,1,5,False,1000,1000
25283,198,weighted,10,0.6644108280254777,0,10,None,66,1,5,False,1000,1000
25284,199,weighted,10,0.6663017515923567,0,10,None,66,1,5,False,1000,1000
25285,195,weighted,10,0.6727707006369427,0,15,None,66,1,5,False,1000,1000
25286,196,weighted,10,0.6728702229299363,0,15,None,66,1,5,False,1000,1000
25287,197,weighted,10,0.6739649681528662,0,15,None,66,1,5,False,1000,1000
25288,198,weighted,10,0.6753582802547771,0,15,None,66,1,5,False,1000,1000
25289,199,weighted,10,0.6765525477707006,0,15,None,66,1,5,False,1000,1000
25290,195,weighted,10,0.6612261146496815,0,12,None,66,1,5,False,1000,1000
25291,196,weighted,10,0.6632165605095541,0,12,None,66,1,5,False,1000,1000
25292,197,weighted,10,0.6650079617834395,0,12,None,66,1,5,False,1000,1000
25293,198,weighted,10,0.668093152866242,0,12,None,66,1,5,False,1000,1000
25294,199,weighted,10,0.6690883757961783,0,12,None,66,1,5,False,1000,1000
25295,195,weighted,10,0.6318670382165605,0,20,None,66,1,5,False,1000,1000
25296,196,weighted,10,0.6323646496815286,0,20,None,66,1,5,False,1000,1000
25297,197,weighted,10,0.6336584394904459,0,20,None,66,1,5,False,1000,1000
25298,198,weighted,10,0.6343550955414012,0,20,None,66,1,5,False,1000,1000
25299,199,weighted,10,0.6357484076433121,0,20,None,66,1,5,False,1000,1000
25300,195,weighted,10,0.5776273885350318,0,11,None,66,1,5,False,1000,1000
25301,196,weighted,10,0.5795183121019108,0,11,None,66,1,5,False,1000,1000
25302,197,weighted,10,0.5818073248407644,0,11,None,66,1,5,False,1000,1000
25303,198,weighted,10,0.5838972929936306,0,11,None,66,1,5,False,1000,1000
25304,199,weighted,10,0.5866839171974523,0,11,None,66,1,5,False,1000,1000
25305,195,weighted,10,0.6354498407643312,0,19,None,66,1,5,False,1000,1000
25306,196,weighted,10,0.637937898089172,0,19,None,66,1,5,False,1000,1000
25307,197,weighted,10,0.6407245222929936,0,19,None,66,1,5,False,1000,1000
25308,198,weighted,10,0.643312101910828,0,19,None,66,1,5,False,1000,1000
25309,199,weighted,10,0.6441082802547771,0,19,None,66,1,5,False,1000,1000
25310,195,weighted,10,0.6668988853503185,0,30,None,66,1,5,False,1000,1000
25311,196,weighted,10,0.6677945859872612,0,30,None,66,1,5,False,1000,1000
25312,197,weighted,10,0.6696855095541401,0,30,None,66,1,5,False,1000,1000
25313,198,weighted,10,0.6710788216560509,0,30,None,66,1,5,False,1000,1000
25314,199,weighted,10,0.6720740445859873,0,30,None,66,1,5,False,1000,1000
25315,195,weighted,10,0.6738654458598726,0,31,None,66,1,5,False,1000,1000
25316,196,weighted,10,0.6752587579617835,0,31,None,66,1,5,False,1000,1000
25317,197,weighted,10,0.6787420382165605,0,31,None,66,1,5,False,1000,1000
25318,198,weighted,10,0.6816281847133758,0,31,None,66,1,5,False,1000,1000
25319,199,weighted,10,0.6845143312101911,0,31,None,66,1,5,False,1000,1000
25320,195,weighted,10,0.6614251592356688,0,18,None,66,1,5,False,1000,1000
25321,196,weighted,10,0.661922770700637,0,18,None,66,1,5,False,1000,1000
25322,197,weighted,10,0.6626194267515924,0,18,None,66,1,5,False,1000,1000
25323,198,weighted,10,0.6632165605095541,0,18,None,66,1,5,False,1000,1000
25324,199,weighted,10,0.6645103503184714,0,18,None,66,1,5,False,1000,1000
25325,195,weighted,10,0.6550557324840764,0,6,None,66,1,5,False,1000,1000
25326,196,weighted,10,0.6558519108280255,0,6,None,66,1,5,False,1000,1000
25327,197,weighted,10,0.6567476114649682,0,6,None,66,1,5,False,1000,1000
25328,198,weighted,10,0.6572452229299363,0,6,None,66,1,5,False,1000,1000
25329,199,weighted,10,0.6583399681528662,0,6,None,66,1,5,False,1000,1000
25330,195,weighted,10,0.6727707006369427,0,17,None,66,1,5,False,1000,1000
25331,196,weighted,10,0.6736664012738853,0,17,None,66,1,5,False,1000,1000
25332,197,weighted,10,0.6746616242038217,0,17,None,66,1,5,False,1000,1000
25333,198,weighted,10,0.6753582802547771,0,17,None,66,1,5,False,1000,1000
25334,199,weighted,10,0.6757563694267515,0,17,None,66,1,5,False,1000,1000
25335,195,weighted,10,0.6726711783439491,0,24,None,66,1,5,False,1000,1000
25336,196,weighted,10,0.6761544585987261,0,24,None,66,1,5,False,1000,1000
25337,197,weighted,10,0.6776472929936306,0,24,None,66,1,5,False,1000,1000
25338,198,weighted,10,0.6816281847133758,0,24,None,66,1,5,False,1000,1000
25339,199,weighted,10,0.6831210191082803,0,24,None,66,1,5,False,1000,1000
25340,195,weighted,10,0.6086783439490446,0,1,None,66,1,5,False,1000,1000
25341,196,weighted,10,0.6122611464968153,0,1,None,66,1,5,False,1000,1000
25342,197,weighted,10,0.616640127388535,0,1,None,66,1,5,False,1000,1000
25343,198,weighted,10,0.6211186305732485,0,1,None,66,1,5,False,1000,1000
25344,199,weighted,10,0.6267914012738853,0,1,None,66,1,5,False,1000,1000
25345,195,weighted,10,0.6512738853503185,0,2,None,66,1,5,False,1000,1000
25346,196,weighted,10,0.6507762738853503,0,2,None,66,1,5,False,1000,1000
25347,197,weighted,10,0.6495820063694268,0,2,None,66,1,5,False,1000,1000
25348,198,weighted,10,0.6501791401273885,0,2,None,66,1,5,False,1000,1000
25349,199,weighted,10,0.6512738853503185,0,2,None,66,1,5,False,1000,1000
25350,195,weighted,10,0.5904657643312102,0,0,None,66,1,5,False,1000,1000
25351,196,weighted,10,0.5912619426751592,0,0,None,66,1,5,False,1000,1000
25352,197,weighted,10,0.5914609872611465,0,0,None,66,1,5,False,1000,1000
25353,198,weighted,10,0.59265525477707,0,0,None,66,1,5,False,1000,1000
25354,199,weighted,10,0.5938495222929936,0,0,None,66,1,5,False,1000,1000
25355,195,weighted,10,0.6487858280254777,0,3,None,66,1,5,False,1000,1000
25356,196,weighted,10,0.6484872611464968,0,3,None,66,1,5,False,1000,1000
25357,197,weighted,10,0.6483877388535032,0,3,None,66,1,5,False,1000,1000
25358,198,weighted,10,0.6496815286624203,0,3,None,66,1,5,False,1000,1000
25359,199,weighted,10,0.6498805732484076,0,3,None,66,1,5,False,1000,1000
25360,195,weighted,10,0.6442078025477707,0,4,None,66,1,5,False,1000,1000
25361,196,weighted,10,0.6468949044585988,0,4,None,66,1,5,False,1000,1000
25362,197,weighted,10,0.6482882165605095,0,4,None,66,1,5,False,1000,1000
25363,198,weighted,10,0.6501791401273885,0,4,None,66,1,5,False,1000,1000
25364,199,weighted,10,0.6514729299363057,0,4,None,66,1,5,False,1000,1000
25365,195,weighted,10,0.65734474522293,0,5,None,66,1,5,False,1000,1000
25366,196,weighted,10,0.6603304140127388,0,5,None,66,1,5,False,1000,1000
25367,197,weighted,10,0.6631170382165605,0,5,None,66,1,5,False,1000,1000
25368,198,weighted,10,0.664609872611465,0,5,None,66,1,5,False,1000,1000
25369,199,weighted,10,0.6666998407643312,0,5,None,66,1,5,False,1000,1000
25370,195,weighted,10,0.6230095541401274,0,8,None,66,1,5,False,1000,1000
25371,196,weighted,10,0.6240047770700637,0,8,None,66,1,5,False,1000,1000
25372,197,weighted,10,0.6250995222929936,0,8,None,66,1,5,False,1000,1000
25373,198,weighted,10,0.6256966560509554,0,8,None,66,1,5,False,1000,1000
25374,199,weighted,10,0.6258957006369427,0,8,None,66,1,5,False,1000,1000
25375,195,weighted,10,0.6701831210191083,0,9,None,66,1,5,False,1000,1000
25376,196,weighted,10,0.6730692675159236,0,9,None,66,1,5,False,1000,1000
25377,197,weighted,10,0.6771496815286624,0,9,None,66,1,5,False,1000,1000
25378,198,weighted,10,0.6812300955414012,0,9,None,66,1,5,False,1000,1000
25379,199,weighted,10,0.6851114649681529,0,9,None,66,1,5,False,1000,1000
25380,195,weighted,10,0.6552547770700637,0,13,None,66,1,5,False,1000,1000
25381,196,weighted,10,0.6569466560509554,0,13,None,66,1,5,False,1000,1000
25382,197,weighted,10,0.6575437898089171,0,13,None,66,1,5,False,1000,1000
25383,198,weighted,10,0.6583399681528662,0,13,None,66,1,5,False,1000,1000
25384,199,weighted,10,0.6599323248407644,0,13,None,66,1,5,False,1000,1000
25385,195,weighted,10,0.6675955414012739,0,21,None,66,1,5,False,1000,1000
25386,196,weighted,10,0.669187898089172,0,21,None,66,1,5,False,1000,1000
25387,197,weighted,10,0.6708797770700637,0,21,None,66,1,5,False,1000,1000
25388,198,weighted,10,0.6738654458598726,0,21,None,66,1,5,False,1000,1000
25389,199,weighted,10,0.675656847133758,0,21,None,66,1,5,False,1000,1000
25390,195,weighted,10,0.6420183121019108,0,23,None,66,1,5,False,1000,1000
25391,196,weighted,10,0.6435111464968153,0,23,None,66,1,5,False,1000,1000
25392,197,weighted,10,0.644406847133758,0,23,None,66,1,5,False,1000,1000
25393,198,weighted,10,0.6458996815286624,0,23,None,66,1,5,False,1000,1000
25394,199,weighted,10,0.6471934713375797,0,23,None,66,1,5,False,1000,1000
25395,195,weighted,10,0.671875,0,27,None,66,1,5,False,1000,1000
25396,196,weighted,10,0.6721735668789809,0,27,None,66,1,5,False,1000,1000
25397,197,weighted,10,0.6725716560509554,0,27,None,66,1,5,False,1000,1000
25398,198,weighted,10,0.6727707006369427,0,27,None,66,1,5,False,1000,1000
25399,199,weighted,10,0.673765923566879,0,27,None,66,1,5,False,1000,1000
25400,195,weighted,10,0.4473527070063694,0,28,None,66,1,5,False,1000,1000
25401,196,weighted,10,0.4947253184713376,0,28,None,66,1,5,False,1000,1000
25402,197,weighted,10,0.5364251592356688,0,28,None,66,1,5,False,1000,1000
25403,198,weighted,10,0.560609076433121,0,28,None,66,1,5,False,1000,1000
25404,199,weighted,10,0.5766321656050956,0,28,None,66,1,5,False,1000,1000
25405,195,weighted,10,0.6457006369426752,0,29,None,66,1,5,False,1000,1000
25406,196,weighted,10,0.6455015923566879,0,29,None,66,1,5,False,1000,1000
25407,197,weighted,10,0.6466958598726115,0,29,None,66,1,5,False,1000,1000
25408,198,weighted,10,0.6464968152866242,0,29,None,66,1,5,False,1000,1000
25409,199,weighted,10,0.6472929936305732,0,29,None,66,1,5,False,1000,1000
0,0,unweighted,10,0.2469148089171974,0,2,None,66,1,5,False,1000,1000
1,1,unweighted,10,0.3150875796178344,0,2,None,66,1,5,False,1000,1000
2,2,unweighted,10,0.3729100318471338,0,2,None,66,1,5,False,1000,1000
3,3,unweighted,10,0.4459593949044586,0,2,None,66,1,5,False,1000,1000
4,4,unweighted,10,0.4762141719745223,0,2,None,66,1,5,False,1000,1000
5,0,unweighted,10,0.2498009554140127,0,5,None,66,1,5,False,1000,1000
6,1,unweighted,10,0.2768710191082802,0,5,None,66,1,5,False,1000,1000
7,2,unweighted,10,0.2875199044585987,0,5,None,66,1,5,False,1000,1000
8,3,unweighted,10,0.3596735668789809,0,5,None,66,1,5,False,1000,1000
9,4,unweighted,10,0.4284434713375796,0,5,None,66,1,5,False,1000,1000
10,0,unweighted,10,0.2477109872611465,0,13,None,66,1,5,False,1000,1000
11,1,unweighted,10,0.354796974522293,0,13,None,66,1,5,False,1000,1000
12,2,unweighted,10,0.4429737261146497,0,13,None,66,1,5,False,1000,1000
13,3,unweighted,10,0.487858280254777,0,13,None,66,1,5,False,1000,1000
14,4,unweighted,10,0.5219944267515924,0,13,None,66,1,5,False,1000,1000
15,0,unweighted,10,0.1096735668789808,0,10,None,66,1,5,False,1000,1000
16,1,unweighted,10,0.172671178343949,0,10,None,66,1,5,False,1000,1000
17,2,unweighted,10,0.3173765923566879,0,10,None,66,1,5,False,1000,1000
18,3,unweighted,10,0.3599721337579618,0,10,None,66,1,5,False,1000,1000
19,4,unweighted,10,0.3832603503184713,0,10,None,66,1,5,False,1000,1000
20,0,unweighted,10,0.1914808917197452,0,15,None,66,1,5,False,1000,1000
21,1,unweighted,10,0.2552746815286624,0,15,None,66,1,5,False,1000,1000
22,2,unweighted,10,0.3346934713375796,0,15,None,66,1,5,False,1000,1000
23,3,unweighted,10,0.3897292993630573,0,15,None,66,1,5,False,1000,1000
24,4,unweighted,10,0.4209792993630573,0,15,None,66,1,5,False,1000,1000
25,0,unweighted,10,0.1056926751592356,0,11,None,66,1,5,False,1000,1000
26,1,unweighted,10,0.1640127388535031,0,11,None,66,1,5,False,1000,1000
27,2,unweighted,10,0.3008558917197452,0,11,None,66,1,5,False,1000,1000
28,3,unweighted,10,0.370421974522293,0,11,None,66,1,5,False,1000,1000
29,4,unweighted,10,0.4377985668789809,0,11,None,66,1,5,False,1000,1000
30,0,unweighted,10,0.2384554140127388,0,8,None,66,1,5,False,1000,1000
31,1,unweighted,10,0.2244227707006369,0,8,None,66,1,5,False,1000,1000
32,2,unweighted,10,0.2638335987261146,0,8,None,66,1,5,False,1000,1000
33,3,unweighted,10,0.317078025477707,0,8,None,66,1,5,False,1000,1000
34,4,unweighted,10,0.3680334394904458,0,8,None,66,1,5,False,1000,1000
35,0,unweighted,10,0.0995222929936305,0,20,None,66,1,5,False,1000,1000
36,1,unweighted,10,0.0995222929936305,0,20,None,66,1,5,False,1000,1000
37,2,unweighted,10,0.1097730891719745,0,20,None,66,1,5,False,1000,1000
38,3,unweighted,10,0.1476910828025477,0,20,None,66,1,5,False,1000,1000
39,4,unweighted,10,0.1937699044585987,0,20,None,66,1,5,False,1000,1000
40,0,unweighted,10,0.1092754777070063,0,19,None,66,1,5,False,1000,1000
41,1,unweighted,10,0.1110668789808917,0,19,None,66,1,5,False,1000,1000
42,2,unweighted,10,0.1814291401273885,0,19,None,66,1,5,False,1000,1000
43,3,unweighted,10,0.2503980891719745,0,19,None,66,1,5,False,1000,1000
44,4,unweighted,10,0.3275278662420382,0,19,None,66,1,5,False,1000,1000
45,0,unweighted,10,0.2383558917197452,0,17,None,66,1,5,False,1000,1000
46,1,unweighted,10,0.2871218152866242,0,17,None,66,1,5,False,1000,1000
47,2,unweighted,10,0.3638535031847134,0,17,None,66,1,5,False,1000,1000
48,3,unweighted,10,0.4092356687898089,0,17,None,66,1,5,False,1000,1000
49,4,unweighted,10,0.4468550955414013,0,17,None,66,1,5,False,1000,1000
50,0,unweighted,10,0.2550756369426751,0,21,None,66,1,5,False,1000,1000
51,1,unweighted,10,0.3286226114649681,0,21,None,66,1,5,False,1000,1000
52,2,unweighted,10,0.3390724522292994,0,21,None,66,1,5,False,1000,1000
53,3,unweighted,10,0.3542993630573248,0,21,None,66,1,5,False,1000,1000
54,4,unweighted,10,0.3750995222929936,0,21,None,66,1,5,False,1000,1000
55,0,unweighted,10,0.1133558917197452,0,25,None,66,1,5,False,1000,1000
56,1,unweighted,10,0.1771496815286624,0,25,None,66,1,5,False,1000,1000
57,2,unweighted,10,0.2240246815286624,0,25,None,66,1,5,False,1000,1000
58,3,unweighted,10,0.2754777070063694,0,25,None,66,1,5,False,1000,1000
59,4,unweighted,10,0.2827428343949044,0,25,None,66,1,5,False,1000,1000
60,0,unweighted,10,0.3443471337579618,0,26,None,66,1,5,False,1000,1000
61,1,unweighted,10,0.451234076433121,0,26,None,66,1,5,False,1000,1000
62,2,unweighted,10,0.4374004777070063,0,26,None,66,1,5,False,1000,1000
63,3,unweighted,10,0.4166998407643312,0,26,None,66,1,5,False,1000,1000
64,4,unweighted,10,0.4038614649681528,0,26,None,66,1,5,False,1000,1000
65,0,unweighted,10,0.2313893312101911,0,12,None,66,1,5,False,1000,1000
66,1,unweighted,10,0.2910031847133758,0,12,None,66,1,5,False,1000,1000
67,2,unweighted,10,0.3304140127388535,0,12,None,66,1,5,False,1000,1000
68,3,unweighted,10,0.419984076433121,0,12,None,66,1,5,False,1000,1000
69,4,unweighted,10,0.4698447452229299,0,12,None,66,1,5,False,1000,1000
70,0,unweighted,10,0.1839171974522293,0,24,None,66,1,5,False,1000,1000
71,1,unweighted,10,0.3455414012738853,0,24,None,66,1,5,False,1000,1000
72,2,unweighted,10,0.407046178343949,0,24,None,66,1,5,False,1000,1000
73,3,unweighted,10,0.4642714968152866,0,24,None,66,1,5,False,1000,1000
74,4,unweighted,10,0.4964171974522293,0,24,None,66,1,5,False,1000,1000
75,0,unweighted,10,0.289609872611465,0,28,None,66,1,5,False,1000,1000
76,1,unweighted,10,0.3157842356687898,0,28,None,66,1,5,False,1000,1000
77,2,unweighted,10,0.3546974522292994,0,28,None,66,1,5,False,1000,1000
78,3,unweighted,10,0.4003781847133758,0,28,None,66,1,5,False,1000,1000
79,4,unweighted,10,0.425358280254777,0,28,None,66,1,5,False,1000,1000
80,0,unweighted,10,0.1089769108280254,0,29,None,66,1,5,False,1000,1000
81,1,unweighted,10,0.1638136942675159,0,29,None,66,1,5,False,1000,1000
82,2,unweighted,10,0.2819466560509554,0,29,None,66,1,5,False,1000,1000
83,3,unweighted,10,0.4022691082802547,0,29,None,66,1,5,False,1000,1000
84,4,unweighted,10,0.4261544585987261,0,29,None,66,1,5,False,1000,1000
85,0,unweighted,10,0.0995222929936305,0,9,None,66,1,5,False,1000,1000
86,1,unweighted,10,0.1024084394904458,0,9,None,66,1,5,False,1000,1000
87,2,unweighted,10,0.1634156050955414,0,9,None,66,1,5,False,1000,1000
88,3,unweighted,10,0.188296178343949,0,9,None,66,1,5,False,1000,1000
89,4,unweighted,10,0.1986464968152866,0,9,None,66,1,5,False,1000,1000
90,0,unweighted,10,0.2067078025477707,0,30,None,66,1,5,False,1000,1000
91,1,unweighted,10,0.2250199044585987,0,30,None,66,1,5,False,1000,1000
92,2,unweighted,10,0.2034235668789809,0,30,None,66,1,5,False,1000,1000
93,3,unweighted,10,0.1912818471337579,0,30,None,66,1,5,False,1000,1000
94,4,unweighted,10,0.1997412420382165,0,30,None,66,1,5,False,1000,1000
95,0,unweighted,10,0.1038017515923566,0,27,None,66,1,5,False,1000,1000
96,1,unweighted,10,0.1067874203821656,0,27,None,66,1,5,False,1000,1000
97,2,unweighted,10,0.113953025477707,0,27,None,66,1,5,False,1000,1000
98,3,unweighted,10,0.12390525477707,0,27,None,66,1,5,False,1000,1000
99,4,unweighted,10,0.1477906050955414,0,27,None,66,1,5,False,1000,1000
100,0,unweighted,10,0.1926751592356688,0,31,None,66,1,5,False,1000,1000
101,1,unweighted,10,0.2951831210191082,0,31,None,66,1,5,False,1000,1000
102,2,unweighted,10,0.3221536624203822,0,31,None,66,1,5,False,1000,1000
103,3,unweighted,10,0.3617635350318471,0,31,None,66,1,5,False,1000,1000
104,4,unweighted,10,0.3710191082802547,0,31,None,66,1,5,False,1000,1000
105,0,unweighted,10,0.1208200636942675,0,18,None,66,1,5,False,1000,1000
106,1,unweighted,10,0.1895899681528662,0,18,None,66,1,5,False,1000,1000
107,2,unweighted,10,0.2971735668789809,0,18,None,66,1,5,False,1000,1000
108,3,unweighted,10,0.3541998407643312,0,18,None,66,1,5,False,1000,1000
109,4,unweighted,10,0.3937101910828025,0,18,None,66,1,5,False,1000,1000
110,0,unweighted,10,0.0995222929936305,0,1,None,66,1,5,False,1000,1000
111,1,unweighted,10,0.1663017515923567,0,1,None,66,1,5,False,1000,1000
112,2,unweighted,10,0.201234076433121,0,1,None,66,1,5,False,1000,1000
113,3,unweighted,10,0.2237261146496815,0,1,None,66,1,5,False,1000,1000
114,4,unweighted,10,0.2578622611464968,0,1,None,66,1,5,False,1000,1000
115,0,unweighted,10,0.1765525477707006,0,6,None,66,1,5,False,1000,1000
116,1,unweighted,10,0.2085987261146497,0,6,None,66,1,5,False,1000,1000
117,2,unweighted,10,0.2482085987261146,0,6,None,66,1,5,False,1000,1000
118,3,unweighted,10,0.2617436305732484,0,6,None,66,1,5,False,1000,1000
119,4,unweighted,10,0.291202229299363,0,6,None,66,1,5,False,1000,1000
120,0,unweighted,10,0.1780453821656051,0,7,None,66,1,5,False,1000,1000
121,1,unweighted,10,0.1801353503184713,0,7,None,66,1,5,False,1000,1000
122,2,unweighted,10,0.2426353503184713,0,7,None,66,1,5,False,1000,1000
123,3,unweighted,10,0.3832603503184713,0,7,None,66,1,5,False,1000,1000
124,4,unweighted,10,0.4498407643312102,0,7,None,66,1,5,False,1000,1000
125,0,unweighted,10,0.1522691082802547,0,16,None,66,1,5,False,1000,1000
126,1,unweighted,10,0.1656050955414012,0,16,None,66,1,5,False,1000,1000
127,2,unweighted,10,0.2304936305732484,0,16,None,66,1,5,False,1000,1000
128,3,unweighted,10,0.2964769108280254,0,16,None,66,1,5,False,1000,1000
129,4,unweighted,10,0.3233479299363057,0,16,None,66,1,5,False,1000,1000
130,0,unweighted,10,0.1305732484076433,0,32,None,66,1,5,False,1000,1000
131,1,unweighted,10,0.1655055732484076,0,32,None,66,1,5,False,1000,1000
132,2,unweighted,10,0.2055135350318471,0,32,None,66,1,5,False,1000,1000
133,3,unweighted,10,0.2679140127388535,0,32,None,66,1,5,False,1000,1000
134,4,unweighted,10,0.3181727707006369,0,32,None,66,1,5,False,1000,1000
135,0,unweighted,10,0.1731687898089172,0,3,None,66,1,5,False,1000,1000
136,1,unweighted,10,0.3742038216560509,0,3,None,66,1,5,False,1000,1000
137,2,unweighted,10,0.4173964968152866,0,3,None,66,1,5,False,1000,1000
138,3,unweighted,10,0.4262539808917197,0,3,None,66,1,5,False,1000,1000
139,4,unweighted,10,0.429140127388535,0,3,None,66,1,5,False,1000,1000
140,0,unweighted,10,0.1057921974522293,0,22,None,66,1,5,False,1000,1000
141,1,unweighted,10,0.1794386942675159,0,22,None,66,1,5,False,1000,1000
142,2,unweighted,10,0.3133957006369426,0,22,None,66,1,5,False,1000,1000
143,3,unweighted,10,0.3623606687898089,0,22,None,66,1,5,False,1000,1000
144,4,unweighted,10,0.376890923566879,0,22,None,66,1,5,False,1000,1000
145,0,unweighted,10,0.1454020700636942,0,14,None,66,1,5,False,1000,1000
146,1,unweighted,10,0.2699044585987261,0,14,None,66,1,5,False,1000,1000
147,2,unweighted,10,0.3305135350318471,0,14,None,66,1,5,False,1000,1000
148,3,unweighted,10,0.3363853503184713,0,14,None,66,1,5,False,1000,1000
149,4,unweighted,10,0.3320063694267516,0,14,None,66,1,5,False,1000,1000
150,0,unweighted,10,0.1071855095541401,0,4,None,66,1,5,False,1000,1000
151,1,unweighted,10,0.1535628980891719,0,4,None,66,1,5,False,1000,1000
152,2,unweighted,10,0.3395700636942675,0,4,None,66,1,5,False,1000,1000
153,3,unweighted,10,0.3806727707006369,0,4,None,66,1,5,False,1000,1000
154,4,unweighted,10,0.3603702229299363,0,4,None,66,1,5,False,1000,1000
155,0,unweighted,10,0.3220541401273885,0,23,None,66,1,5,False,1000,1000
156,1,unweighted,10,0.4057523885350318,0,23,None,66,1,5,False,1000,1000
157,2,unweighted,10,0.357484076433121,0,23,None,66,1,5,False,1000,1000
158,3,unweighted,10,0.3204617834394904,0,23,None,66,1,5,False,1000,1000
159,4,unweighted,10,0.3274283439490446,0,23,None,66,1,5,False,1000,1000
160,0,unweighted,10,0.1031050955414012,0,0,None,66,1,5,False,1000,1000
161,1,unweighted,10,0.174562101910828,0,0,None,66,1,5,False,1000,1000
162,2,unweighted,10,0.2482085987261146,0,0,None,66,1,5,False,1000,1000
163,3,unweighted,10,0.3076234076433121,0,0,None,66,1,5,False,1000,1000
164,4,unweighted,10,0.3578821656050955,0,0,None,66,1,5,False,1000,1000
165,5,unweighted,10,0.0995222929936305,0,26,None,66,1,5,False,1000,1000
166,6,unweighted,10,0.1057921974522293,0,26,None,66,1,5,False,1000,1000
167,7,unweighted,10,0.1376393312101911,0,26,None,66,1,5,False,1000,1000
168,8,unweighted,10,0.1697850318471337,0,26,None,66,1,5,False,1000,1000
169,9,unweighted,10,0.219546178343949,0,26,None,66,1,5,False,1000,1000
170,5,unweighted,10,0.2823447452229299,0,1,None,66,1,5,False,1000,1000
171,6,unweighted,10,0.2516918789808917,0,1,None,66,1,5,False,1000,1000
172,7,unweighted,10,0.2244227707006369,0,1,None,66,1,5,False,1000,1000
173,8,unweighted,10,0.2137738853503184,0,1,None,66,1,5,False,1000,1000
174,9,unweighted,10,0.2092953821656051,0,1,None,66,1,5,False,1000,1000
175,5,unweighted,10,0.0995222929936305,0,22,None,66,1,5,False,1000,1000
176,6,unweighted,10,0.0995222929936305,0,22,None,66,1,5,False,1000,1000
177,7,unweighted,10,0.1117635350318471,0,22,None,66,1,5,False,1000,1000
178,8,unweighted,10,0.2213375796178344,0,22,None,66,1,5,False,1000,1000
179,9,unweighted,10,0.3018511146496815,0,22,None,66,1,5,False,1000,1000
180,5,unweighted,10,0.1603304140127388,0,23,None,66,1,5,False,1000,1000
181,6,unweighted,10,0.2562699044585987,0,23,None,66,1,5,False,1000,1000
182,7,unweighted,10,0.2470143312101911,0,23,None,66,1,5,False,1000,1000
183,8,unweighted,10,0.2171576433121019,0,23,None,66,1,5,False,1000,1000
184,9,unweighted,10,0.1877985668789809,0,23,None,66,1,5,False,1000,1000
185,5,unweighted,10,0.0995222929936305,0,32,None,66,1,5,False,1000,1000
186,6,unweighted,10,0.0995222929936305,0,32,None,66,1,5,False,1000,1000
187,7,unweighted,10,0.0995222929936305,0,32,None,66,1,5,False,1000,1000
188,8,unweighted,10,0.0995222929936305,0,32,None,66,1,5,False,1000,1000
189,9,unweighted,10,0.107484076433121,0,32,None,66,1,5,False,1000,1000
190,5,unweighted,10,0.0995222929936305,0,6,None,66,1,5,False,1000,1000
191,6,unweighted,10,0.0995222929936305,0,6,None,66,1,5,False,1000,1000
192,7,unweighted,10,0.0995222929936305,0,6,None,66,1,5,False,1000,1000
193,8,unweighted,10,0.0995222929936305,0,6,None,66,1,5,False,1000,1000
194,9,unweighted,10,0.125,0,6,None,66,1,5,False,1000,1000
195,5,unweighted,10,0.183718152866242,0,25,None,66,1,5,False,1000,1000
196,6,unweighted,10,0.2064092356687898,0,25,None,66,1,5,False,1000,1000
197,7,unweighted,10,0.2061106687898089,0,25,None,66,1,5,False,1000,1000
198,8,unweighted,10,0.2202428343949044,0,25,None,66,1,5,False,1000,1000
199,9,unweighted,10,0.2288017515923567,0,25,None,66,1,5,False,1000,1000
200,5,unweighted,10,0.0995222929936305,0,14,None,66,1,5,False,1000,1000
201,6,unweighted,10,0.0995222929936305,0,14,None,66,1,5,False,1000,1000
202,7,unweighted,10,0.0995222929936305,0,14,None,66,1,5,False,1000,1000
203,8,unweighted,10,0.0995222929936305,0,14,None,66,1,5,False,1000,1000
204,9,unweighted,10,0.0995222929936305,0,14,None,66,1,5,False,1000,1000
205,5,unweighted,10,0.1982484076433121,0,2,None,66,1,5,False,1000,1000
206,6,unweighted,10,0.1986464968152866,0,2,None,66,1,5,False,1000,1000
207,7,unweighted,10,0.2142714968152866,0,2,None,66,1,5,False,1000,1000
208,8,unweighted,10,0.2120820063694267,0,2,None,66,1,5,False,1000,1000
209,9,unweighted,10,0.2090963375796178,0,2,None,66,1,5,False,1000,1000
210,5,unweighted,10,0.1561504777070063,0,4,None,66,1,5,False,1000,1000
211,6,unweighted,10,0.0995222929936305,0,4,None,66,1,5,False,1000,1000
212,7,unweighted,10,0.0995222929936305,0,4,None,66,1,5,False,1000,1000
213,8,unweighted,10,0.0995222929936305,0,4,None,66,1,5,False,1000,1000
214,9,unweighted,10,0.0995222929936305,0,4,None,66,1,5,False,1000,1000
215,5,unweighted,10,0.0995222929936305,0,5,None,66,1,5,False,1000,1000
216,6,unweighted,10,0.0995222929936305,0,5,None,66,1,5,False,1000,1000
217,7,unweighted,10,0.1736664012738853,0,5,None,66,1,5,False,1000,1000
218,8,unweighted,10,0.2041202229299363,0,5,None,66,1,5,False,1000,1000
219,9,unweighted,10,0.2326831210191083,0,5,None,66,1,5,False,1000,1000
220,5,unweighted,10,0.136046974522293,0,15,None,66,1,5,False,1000,1000
221,6,unweighted,10,0.1481886942675159,0,15,None,66,1,5,False,1000,1000
222,7,unweighted,10,0.1595342356687898,0,15,None,66,1,5,False,1000,1000
223,8,unweighted,10,0.1666998407643312,0,15,None,66,1,5,False,1000,1000
224,9,unweighted,10,0.1711783439490445,0,15,None,66,1,5,False,1000,1000
225,5,unweighted,10,0.0995222929936305,0,20,None,66,1,5,False,1000,1000
226,6,unweighted,10,0.0995222929936305,0,20,None,66,1,5,False,1000,1000
227,7,unweighted,10,0.0995222929936305,0,20,None,66,1,5,False,1000,1000
228,8,unweighted,10,0.0995222929936305,0,20,None,66,1,5,False,1000,1000
229,9,unweighted,10,0.0995222929936305,0,20,None,66,1,5,False,1000,1000
230,5,unweighted,10,0.0995222929936305,0,18,None,66,1,5,False,1000,1000
231,6,unweighted,10,0.0995222929936305,0,18,None,66,1,5,False,1000,1000
232,7,unweighted,10,0.0995222929936305,0,18,None,66,1,5,False,1000,1000
233,8,unweighted,10,0.0995222929936305,0,18,None,66,1,5,False,1000,1000
234,9,unweighted,10,0.0995222929936305,0,18,None,66,1,5,False,1000,1000
235,5,unweighted,10,0.1811305732484076,0,30,None,66,1,5,False,1000,1000
236,6,unweighted,10,0.1862062101910828,0,30,None,66,1,5,False,1000,1000
237,7,unweighted,10,0.1883957006369426,0,30,None,66,1,5,False,1000,1000
238,8,unweighted,10,0.1899880573248407,0,30,None,66,1,5,False,1000,1000
239,9,unweighted,10,0.1910828025477707,0,30,None,66,1,5,False,1000,1000
240,5,unweighted,10,0.0995222929936305,0,27,None,66,1,5,False,1000,1000
241,6,unweighted,10,0.0995222929936305,0,27,None,66,1,5,False,1000,1000
242,7,unweighted,10,0.0995222929936305,0,27,None,66,1,5,False,1000,1000
243,8,unweighted,10,0.0995222929936305,0,27,None,66,1,5,False,1000,1000
244,9,unweighted,10,0.1320660828025477,0,27,None,66,1,5,False,1000,1000
245,5,unweighted,10,0.0995222929936305,0,31,None,66,1,5,False,1000,1000
246,6,unweighted,10,0.0995222929936305,0,31,None,66,1,5,False,1000,1000
247,7,unweighted,10,0.0995222929936305,0,31,None,66,1,5,False,1000,1000
248,8,unweighted,10,0.0995222929936305,0,31,None,66,1,5,False,1000,1000
249,9,unweighted,10,0.0997213375796178,0,31,None,66,1,5,False,1000,1000
250,5,unweighted,10,0.1400278662420382,0,28,None,66,1,5,False,1000,1000
251,6,unweighted,10,0.2094944267515923,0,28,None,66,1,5,False,1000,1000
252,7,unweighted,10,0.2570660828025478,0,28,None,66,1,5,False,1000,1000
253,8,unweighted,10,0.2783638535031847,0,28,None,66,1,5,False,1000,1000
254,9,unweighted,10,0.2895103503184713,0,28,None,66,1,5,False,1000,1000
255,5,unweighted,10,0.1038017515923566,0,29,None,66,1,5,False,1000,1000
256,6,unweighted,10,0.1091759554140127,0,29,None,66,1,5,False,1000,1000
257,7,unweighted,10,0.113953025477707,0,29,None,66,1,5,False,1000,1000
258,8,unweighted,10,0.123109076433121,0,29,None,66,1,5,False,1000,1000
259,9,unweighted,10,0.15625,0,29,None,66,1,5,False,1000,1000
260,5,unweighted,10,0.1181329617834394,0,9,None,66,1,5,False,1000,1000
261,6,unweighted,10,0.1483877388535031,0,9,None,66,1,5,False,1000,1000
262,7,unweighted,10,0.163515127388535,0,9,None,66,1,5,False,1000,1000
263,8,unweighted,10,0.1693869426751592,0,9,None,66,1,5,False,1000,1000
264,9,unweighted,10,0.1743630573248407,0,9,None,66,1,5,False,1000,1000
265,5,unweighted,10,0.0995222929936305,0,7,None,66,1,5,False,1000,1000
266,6,unweighted,10,0.0995222929936305,0,7,None,66,1,5,False,1000,1000
267,7,unweighted,10,0.0995222929936305,0,7,None,66,1,5,False,1000,1000
268,8,unweighted,10,0.1431130573248407,0,7,None,66,1,5,False,1000,1000
269,9,unweighted,10,0.2162619426751592,0,7,None,66,1,5,False,1000,1000
270,5,unweighted,10,0.0995222929936305,0,8,None,66,1,5,False,1000,1000
271,6,unweighted,10,0.0995222929936305,0,8,None,66,1,5,False,1000,1000
272,7,unweighted,10,0.0995222929936305,0,8,None,66,1,5,False,1000,1000
273,8,unweighted,10,0.0995222929936305,0,8,None,66,1,5,False,1000,1000
274,9,unweighted,10,0.0995222929936305,0,8,None,66,1,5,False,1000,1000
275,5,unweighted,10,0.171875,0,16,None,66,1,5,False,1000,1000
276,6,unweighted,10,0.1914808917197452,0,16,None,66,1,5,False,1000,1000
277,7,unweighted,10,0.1938694267515923,0,16,None,66,1,5,False,1000,1000
278,8,unweighted,10,0.1948646496815286,0,16,None,66,1,5,False,1000,1000
279,9,unweighted,10,0.1944665605095541,0,16,None,66,1,5,False,1000,1000
280,5,unweighted,10,0.0995222929936305,0,10,None,66,1,5,False,1000,1000
281,6,unweighted,10,0.1035031847133758,0,10,None,66,1,5,False,1000,1000
282,7,unweighted,10,0.0995222929936305,0,10,None,66,1,5,False,1000,1000
283,8,unweighted,10,0.0995222929936305,0,10,None,66,1,5,False,1000,1000
284,9,unweighted,10,0.0995222929936305,0,10,None,66,1,5,False,1000,1000
285,5,unweighted,10,0.0995222929936305,0,3,None,66,1,5,False,1000,1000
286,6,unweighted,10,0.0995222929936305,0,3,None,66,1,5,False,1000,1000
287,7,unweighted,10,0.0995222929936305,0,3,None,66,1,5,False,1000,1000
288,8,unweighted,10,0.0995222929936305,0,3,None,66,1,5,False,1000,1000
289,9,unweighted,10,0.0995222929936305,0,3,None,66,1,5,False,1000,1000
290,5,unweighted,10,0.106389331210191,0,11,None,66,1,5,False,1000,1000
291,6,unweighted,10,0.1713773885350318,0,11,None,66,1,5,False,1000,1000
292,7,unweighted,10,0.1890923566878981,0,11,None,66,1,5,False,1000,1000
293,8,unweighted,10,0.194765127388535,0,11,None,66,1,5,False,1000,1000
294,9,unweighted,10,0.1976512738853503,0,11,None,66,1,5,False,1000,1000
295,5,unweighted,10,0.15515525477707,0,17,None,66,1,5,False,1000,1000
296,6,unweighted,10,0.1918789808917197,0,17,None,66,1,5,False,1000,1000
297,7,unweighted,10,0.2257165605095541,0,17,None,66,1,5,False,1000,1000
298,8,unweighted,10,0.2448248407643312,0,17,None,66,1,5,False,1000,1000
299,9,unweighted,10,0.2535828025477707,0,17,None,66,1,5,False,1000,1000
300,5,unweighted,10,0.1578423566878981,0,13,None,66,1,5,False,1000,1000
301,6,unweighted,10,0.1499800955414012,0,13,None,66,1,5,False,1000,1000
302,7,unweighted,10,0.1444068471337579,0,13,None,66,1,5,False,1000,1000
303,8,unweighted,10,0.1426154458598726,0,13,None,66,1,5,False,1000,1000
304,9,unweighted,10,0.1444068471337579,0,13,None,66,1,5,False,1000,1000
305,5,unweighted,10,0.3231488853503185,0,12,None,66,1,5,False,1000,1000
306,6,unweighted,10,0.2874203821656051,0,12,None,66,1,5,False,1000,1000
307,7,unweighted,10,0.2398487261146497,0,12,None,66,1,5,False,1000,1000
308,8,unweighted,10,0.2136743630573248,0,12,None,66,1,5,False,1000,1000
309,9,unweighted,10,0.2035230891719745,0,12,None,66,1,5,False,1000,1000
310,10,unweighted,10,0.1014132165605095,0,26,None,66,1,5,False,1000,1000
311,11,unweighted,10,0.1014132165605095,0,26,None,66,1,5,False,1000,1000
312,12,unweighted,10,0.1016122611464968,0,26,None,66,1,5,False,1000,1000
313,13,unweighted,10,0.1028065286624203,0,26,None,66,1,5,False,1000,1000
314,14,unweighted,10,0.1053941082802547,0,26,None,66,1,5,False,1000,1000
315,5,unweighted,10,0.0995222929936305,0,19,None,66,1,5,False,1000,1000
316,6,unweighted,10,0.0995222929936305,0,19,None,66,1,5,False,1000,1000
317,7,unweighted,10,0.0995222929936305,0,19,None,66,1,5,False,1000,1000
318,8,unweighted,10,0.0998208598726114,0,19,None,66,1,5,False,1000,1000
319,9,unweighted,10,0.1289808917197452,0,19,None,66,1,5,False,1000,1000
320,5,unweighted,10,0.0995222929936305,0,0,None,66,1,5,False,1000,1000
321,6,unweighted,10,0.0995222929936305,0,0,None,66,1,5,False,1000,1000
322,7,unweighted,10,0.0995222929936305,0,0,None,66,1,5,False,1000,1000
323,8,unweighted,10,0.0995222929936305,0,0,None,66,1,5,False,1000,1000
324,9,unweighted,10,0.0995222929936305,0,0,None,66,1,5,False,1000,1000
325,5,unweighted,10,0.0995222929936305,0,21,None,66,1,5,False,1000,1000
326,6,unweighted,10,0.1211186305732484,0,21,None,66,1,5,False,1000,1000
327,7,unweighted,10,0.179936305732484,0,21,None,66,1,5,False,1000,1000
328,8,unweighted,10,0.2026273885350318,0,21,None,66,1,5,False,1000,1000
329,9,unweighted,10,0.1959593949044586,0,21,None,66,1,5,False,1000,1000
330,5,unweighted,10,0.1721735668789809,0,24,None,66,1,5,False,1000,1000
331,6,unweighted,10,0.1534633757961783,0,24,None,66,1,5,False,1000,1000
332,7,unweighted,10,0.1719745222929936,0,24,None,66,1,5,False,1000,1000
333,8,unweighted,10,0.2009355095541401,0,24,None,66,1,5,False,1000,1000
334,9,unweighted,10,0.2206409235668789,0,24,None,66,1,5,False,1000,1000
335,10,unweighted,10,0.3681329617834395,0,1,None,66,1,5,False,1000,1000
336,11,unweighted,10,0.3449442675159235,0,1,None,66,1,5,False,1000,1000
337,12,unweighted,10,0.304140127388535,0,1,None,66,1,5,False,1000,1000
338,13,unweighted,10,0.2813495222929936,0,1,None,66,1,5,False,1000,1000
339,14,unweighted,10,0.2661226114649681,0,1,None,66,1,5,False,1000,1000
340,10,unweighted,10,0.1532643312101911,0,2,None,66,1,5,False,1000,1000
341,11,unweighted,10,0.1005175159235668,0,2,None,66,1,5,False,1000,1000
342,12,unweighted,10,0.0995222929936305,0,2,None,66,1,5,False,1000,1000
343,13,unweighted,10,0.0995222929936305,0,2,None,66,1,5,False,1000,1000
344,14,unweighted,10,0.0995222929936305,0,2,None,66,1,5,False,1000,1000
345,10,unweighted,10,0.0995222929936305,0,7,None,66,1,5,False,1000,1000
346,11,unweighted,10,0.0995222929936305,0,7,None,66,1,5,False,1000,1000
347,12,unweighted,10,0.0995222929936305,0,7,None,66,1,5,False,1000,1000
348,13,unweighted,10,0.0995222929936305,0,7,None,66,1,5,False,1000,1000
349,14,unweighted,10,0.1514729299363057,0,7,None,66,1,5,False,1000,1000
350,10,unweighted,10,0.0995222929936305,0,5,None,66,1,5,False,1000,1000
351,11,unweighted,10,0.0995222929936305,0,5,None,66,1,5,False,1000,1000
352,12,unweighted,10,0.0995222929936305,0,5,None,66,1,5,False,1000,1000
353,13,unweighted,10,0.0995222929936305,0,5,None,66,1,5,False,1000,1000
354,14,unweighted,10,0.1150477707006369,0,5,None,66,1,5,False,1000,1000
355,10,unweighted,10,0.2163614649681528,0,15,None,66,1,5,False,1000,1000
356,11,unweighted,10,0.136046974522293,0,15,None,66,1,5,False,1000,1000
357,12,unweighted,10,0.1317675159235669,0,15,None,66,1,5,False,1000,1000
358,13,unweighted,10,0.1288813694267516,0,15,None,66,1,5,False,1000,1000
359,14,unweighted,10,0.1396297770700637,0,15,None,66,1,5,False,1000,1000
360,10,unweighted,10,0.0995222929936305,0,18,None,66,1,5,False,1000,1000
361,11,unweighted,10,0.0995222929936305,0,18,None,66,1,5,False,1000,1000
362,12,unweighted,10,0.0995222929936305,0,18,None,66,1,5,False,1000,1000
363,13,unweighted,10,0.0995222929936305,0,18,None,66,1,5,False,1000,1000
364,14,unweighted,10,0.0995222929936305,0,18,None,66,1,5,False,1000,1000
365,10,unweighted,10,0.101015127388535,0,16,None,66,1,5,False,1000,1000
366,11,unweighted,10,0.0995222929936305,0,16,None,66,1,5,False,1000,1000
367,12,unweighted,10,0.0995222929936305,0,16,None,66,1,5,False,1000,1000
368,13,unweighted,10,0.0995222929936305,0,16,None,66,1,5,False,1000,1000
369,14,unweighted,10,0.0995222929936305,0,16,None,66,1,5,False,1000,1000
370,10,unweighted,10,0.1221138535031847,0,13,None,66,1,5,False,1000,1000
371,11,unweighted,10,0.1709792993630573,0,13,None,66,1,5,False,1000,1000
372,12,unweighted,10,0.1107683121019108,0,13,None,66,1,5,False,1000,1000
373,13,unweighted,10,0.0995222929936305,0,13,None,66,1,5,False,1000,1000
374,14,unweighted,10,0.0995222929936305,0,13,None,66,1,5,False,1000,1000
375,10,unweighted,10,0.0995222929936305,0,14,None,66,1,5,False,1000,1000
376,11,unweighted,10,0.0995222929936305,0,14,None,66,1,5,False,1000,1000
377,12,unweighted,10,0.0995222929936305,0,14,None,66,1,5,False,1000,1000
378,13,unweighted,10,0.0995222929936305,0,14,None,66,1,5,False,1000,1000
379,14,unweighted,10,0.0995222929936305,0,14,None,66,1,5,False,1000,1000
380,10,unweighted,10,0.0995222929936305,0,30,None,66,1,5,False,1000,1000
381,11,unweighted,10,0.0995222929936305,0,30,None,66,1,5,False,1000,1000
382,12,unweighted,10,0.121218152866242,0,30,None,66,1,5,False,1000,1000
383,13,unweighted,10,0.1924761146496815,0,30,None,66,1,5,False,1000,1000
384,14,unweighted,10,0.1601313694267516,0,30,None,66,1,5,False,1000,1000
385,10,unweighted,10,0.0995222929936305,0,31,None,66,1,5,False,1000,1000
386,11,unweighted,10,0.0995222929936305,0,31,None,66,1,5,False,1000,1000
387,12,unweighted,10,0.0995222929936305,0,31,None,66,1,5,False,1000,1000
388,13,unweighted,10,0.0995222929936305,0,31,None,66,1,5,False,1000,1000
389,14,unweighted,10,0.0995222929936305,0,31,None,66,1,5,False,1000,1000
390,10,unweighted,10,0.2263136942675159,0,28,None,66,1,5,False,1000,1000
391,11,unweighted,10,0.1953622611464968,0,28,None,66,1,5,False,1000,1000
392,12,unweighted,10,0.2072054140127388,0,28,None,66,1,5,False,1000,1000
393,13,unweighted,10,0.2236265923566879,0,28,None,66,1,5,False,1000,1000
394,14,unweighted,10,0.2323845541401273,0,28,None,66,1,5,False,1000,1000
395,10,unweighted,10,0.1369426751592356,0,29,None,66,1,5,False,1000,1000
396,11,unweighted,10,0.1072850318471337,0,29,None,66,1,5,False,1000,1000
397,12,unweighted,10,0.0995222929936305,0,29,None,66,1,5,False,1000,1000
398,13,unweighted,10,0.0995222929936305,0,29,None,66,1,5,False,1000,1000
399,14,unweighted,10,0.0995222929936305,0,29,None,66,1,5,False,1000,1000
400,10,unweighted,10,0.0995222929936305,0,27,None,66,1,5,False,1000,1000
401,11,unweighted,10,0.0995222929936305,0,27,None,66,1,5,False,1000,1000
402,12,unweighted,10,0.0995222929936305,0,27,None,66,1,5,False,1000,1000
403,13,unweighted,10,0.0995222929936305,0,27,None,66,1,5,False,1000,1000
404,14,unweighted,10,0.0995222929936305,0,27,None,66,1,5,False,1000,1000
405,10,unweighted,10,0.1182324840764331,0,12,None,66,1,5,False,1000,1000
406,11,unweighted,10,0.1841162420382165,0,12,None,66,1,5,False,1000,1000
407,12,unweighted,10,0.0995222929936305,0,12,None,66,1,5,False,1000,1000
408,13,unweighted,10,0.0995222929936305,0,12,None,66,1,5,False,1000,1000
409,14,unweighted,10,0.0995222929936305,0,12,None,66,1,5,False,1000,1000
410,10,unweighted,10,0.0995222929936305,0,9,None,66,1,5,False,1000,1000
411,11,unweighted,10,0.0995222929936305,0,9,None,66,1,5,False,1000,1000
412,12,unweighted,10,0.0995222929936305,0,9,None,66,1,5,False,1000,1000
413,13,unweighted,10,0.0995222929936305,0,9,None,66,1,5,False,1000,1000
414,14,unweighted,10,0.0995222929936305,0,9,None,66,1,5,False,1000,1000
415,10,unweighted,10,0.1717754777070063,0,25,None,66,1,5,False,1000,1000
416,11,unweighted,10,0.1813296178343949,0,25,None,66,1,5,False,1000,1000
417,12,unweighted,10,0.1853105095541401,0,25,None,66,1,5,False,1000,1000
418,13,unweighted,10,0.188296178343949,0,25,None,66,1,5,False,1000,1000
419,14,unweighted,10,0.1892914012738853,0,25,None,66,1,5,False,1000,1000
420,10,unweighted,10,0.0995222929936305,0,21,None,66,1,5,False,1000,1000
421,11,unweighted,10,0.1316679936305732,0,21,None,66,1,5,False,1000,1000
422,12,unweighted,10,0.1415207006369426,0,21,None,66,1,5,False,1000,1000
423,13,unweighted,10,0.0995222929936305,0,21,None,66,1,5,False,1000,1000
424,14,unweighted,10,0.0995222929936305,0,21,None,66,1,5,False,1000,1000
425,10,unweighted,10,0.0995222929936305,0,19,None,66,1,5,False,1000,1000
426,11,unweighted,10,0.0995222929936305,0,19,None,66,1,5,False,1000,1000
427,12,unweighted,10,0.0995222929936305,0,19,None,66,1,5,False,1000,1000
428,13,unweighted,10,0.0995222929936305,0,19,None,66,1,5,False,1000,1000
429,14,unweighted,10,0.0995222929936305,0,19,None,66,1,5,False,1000,1000
430,10,unweighted,10,0.0995222929936305,0,0,None,66,1,5,False,1000,1000
431,11,unweighted,10,0.0995222929936305,0,0,None,66,1,5,False,1000,1000
432,12,unweighted,10,0.0995222929936305,0,0,None,66,1,5,False,1000,1000
433,13,unweighted,10,0.0995222929936305,0,0,None,66,1,5,False,1000,1000
434,14,unweighted,10,0.0995222929936305,0,0,None,66,1,5,False,1000,1000
435,10,unweighted,10,0.1761544585987261,0,4,None,66,1,5,False,1000,1000
436,11,unweighted,10,0.0995222929936305,0,4,None,66,1,5,False,1000,1000
437,12,unweighted,10,0.0995222929936305,0,4,None,66,1,5,False,1000,1000
438,13,unweighted,10,0.0995222929936305,0,4,None,66,1,5,False,1000,1000
439,14,unweighted,10,0.1106687898089172,0,4,None,66,1,5,False,1000,1000
440,10,unweighted,10,0.0995222929936305,0,6,None,66,1,5,False,1000,1000
441,11,unweighted,10,0.0995222929936305,0,6,None,66,1,5,False,1000,1000
442,12,unweighted,10,0.0995222929936305,0,6,None,66,1,5,False,1000,1000
443,13,unweighted,10,0.0995222929936305,0,6,None,66,1,5,False,1000,1000
444,14,unweighted,10,0.0995222929936305,0,6,None,66,1,5,False,1000,1000
445,10,unweighted,10,0.0995222929936305,0,8,None,66,1,5,False,1000,1000
446,11,unweighted,10,0.0995222929936305,0,8,None,66,1,5,False,1000,1000
447,12,unweighted,10,0.0995222929936305,0,8,None,66,1,5,False,1000,1000
448,13,unweighted,10,0.1056926751592356,0,8,None,66,1,5,False,1000,1000
449,14,unweighted,10,0.1472929936305732,0,8,None,66,1,5,False,1000,1000
450,10,unweighted,10,0.112858280254777,0,10,None,66,1,5,False,1000,1000
451,11,unweighted,10,0.2105891719745223,0,10,None,66,1,5,False,1000,1000
452,12,unweighted,10,0.0995222929936305,0,10,None,66,1,5,False,1000,1000
453,13,unweighted,10,0.0995222929936305,0,10,None,66,1,5,False,1000,1000
454,14,unweighted,10,0.0995222929936305,0,10,None,66,1,5,False,1000,1000
455,10,unweighted,10,0.1793391719745223,0,20,None,66,1,5,False,1000,1000
456,11,unweighted,10,0.1034036624203821,0,20,None,66,1,5,False,1000,1000
457,12,unweighted,10,0.0995222929936305,0,20,None,66,1,5,False,1000,1000
458,13,unweighted,10,0.0995222929936305,0,20,None,66,1,5,False,1000,1000
459,14,unweighted,10,0.0995222929936305,0,20,None,66,1,5,False,1000,1000
460,10,unweighted,10,0.0995222929936305,0,22,None,66,1,5,False,1000,1000
461,11,unweighted,10,0.1914808917197452,0,22,None,66,1,5,False,1000,1000
462,12,unweighted,10,0.0995222929936305,0,22,None,66,1,5,False,1000,1000
463,13,unweighted,10,0.0995222929936305,0,22,None,66,1,5,False,1000,1000
464,14,unweighted,10,0.0995222929936305,0,22,None,66,1,5,False,1000,1000
465,10,unweighted,10,0.0995222929936305,0,23,None,66,1,5,False,1000,1000
466,11,unweighted,10,0.2671178343949044,0,23,None,66,1,5,False,1000,1000
467,12,unweighted,10,0.1806329617834395,0,23,None,66,1,5,False,1000,1000
468,13,unweighted,10,0.1690883757961783,0,23,None,66,1,5,False,1000,1000
469,14,unweighted,10,0.1588375796178344,0,23,None,66,1,5,False,1000,1000
470,10,unweighted,10,0.0995222929936305,0,32,None,66,1,5,False,1000,1000
471,11,unweighted,10,0.0995222929936305,0,32,None,66,1,5,False,1000,1000
472,12,unweighted,10,0.0995222929936305,0,32,None,66,1,5,False,1000,1000
473,13,unweighted,10,0.0995222929936305,0,32,None,66,1,5,False,1000,1000
474,14,unweighted,10,0.0995222929936305,0,32,None,66,1,5,False,1000,1000
475,10,unweighted,10,0.1905851910828025,0,11,None,66,1,5,False,1000,1000
476,11,unweighted,10,0.2262141719745223,0,11,None,66,1,5,False,1000,1000
477,12,unweighted,10,0.2410429936305732,0,11,None,66,1,5,False,1000,1000
478,13,unweighted,10,0.2436305732484076,0,11,None,66,1,5,False,1000,1000
479,14,unweighted,10,0.2407444267515923,0,11,None,66,1,5,False,1000,1000
480,10,unweighted,10,0.1442078025477707,0,17,None,66,1,5,False,1000,1000
481,11,unweighted,10,0.1624203821656051,0,17,None,66,1,5,False,1000,1000
482,12,unweighted,10,0.1787420382165605,0,17,None,66,1,5,False,1000,1000
483,13,unweighted,10,0.1883957006369426,0,17,None,66,1,5,False,1000,1000
484,14,unweighted,10,0.1930732484076433,0,17,None,66,1,5,False,1000,1000
485,10,unweighted,10,0.0995222929936305,0,24,None,66,1,5,False,1000,1000
486,11,unweighted,10,0.0995222929936305,0,24,None,66,1,5,False,1000,1000
487,12,unweighted,10,0.0995222929936305,0,24,None,66,1,5,False,1000,1000
488,13,unweighted,10,0.0995222929936305,0,24,None,66,1,5,False,1000,1000
489,14,unweighted,10,0.0995222929936305,0,24,None,66,1,5,False,1000,1000
490,10,unweighted,10,0.0995222929936305,0,3,None,66,1,5,False,1000,1000
491,11,unweighted,10,0.0995222929936305,0,3,None,66,1,5,False,1000,1000
492,12,unweighted,10,0.0995222929936305,0,3,None,66,1,5,False,1000,1000
493,13,unweighted,10,0.0995222929936305,0,3,None,66,1,5,False,1000,1000
494,14,unweighted,10,0.0995222929936305,0,3,None,66,1,5,False,1000,1000
990,15,unweighted,10,0.3088176751592357,0,1,None,66,1,5,False,1000,1000
991,16,unweighted,10,0.32703025477707,0,1,None,66,1,5,False,1000,1000
992,17,unweighted,10,0.2899084394904458,0,1,None,66,1,5,False,1000,1000
993,18,unweighted,10,0.283140923566879,0,1,None,66,1,5,False,1000,1000
994,19,unweighted,10,0.2704020700636942,0,1,None,66,1,5,False,1000,1000
995,15,unweighted,10,0.0995222929936305,0,16,None,66,1,5,False,1000,1000
996,16,unweighted,10,0.0995222929936305,0,16,None,66,1,5,False,1000,1000
997,17,unweighted,10,0.0995222929936305,0,16,None,66,1,5,False,1000,1000
998,18,unweighted,10,0.0995222929936305,0,16,None,66,1,5,False,1000,1000
999,19,unweighted,10,0.0995222929936305,0,16,None,66,1,5,False,1000,1000
1000,15,unweighted,10,0.0995222929936305,0,8,None,66,1,5,False,1000,1000
1001,16,unweighted,10,0.0995222929936305,0,8,None,66,1,5,False,1000,1000
1002,17,unweighted,10,0.1590366242038216,0,8,None,66,1,5,False,1000,1000
1003,18,unweighted,10,0.0995222929936305,0,8,None,66,1,5,False,1000,1000
1004,19,unweighted,10,0.0995222929936305,0,8,None,66,1,5,False,1000,1000
1005,15,unweighted,10,0.0995222929936305,0,22,None,66,1,5,False,1000,1000
1006,16,unweighted,10,0.0995222929936305,0,22,None,66,1,5,False,1000,1000
1007,17,unweighted,10,0.0995222929936305,0,22,None,66,1,5,False,1000,1000
1008,18,unweighted,10,0.0995222929936305,0,22,None,66,1,5,False,1000,1000
1009,19,unweighted,10,0.0995222929936305,0,22,None,66,1,5,False,1000,1000
1010,15,unweighted,10,0.0995222929936305,0,23,None,66,1,5,False,1000,1000
1011,16,unweighted,10,0.0995222929936305,0,23,None,66,1,5,False,1000,1000
1012,17,unweighted,10,0.0995222929936305,0,23,None,66,1,5,False,1000,1000
1013,18,unweighted,10,0.0995222929936305,0,23,None,66,1,5,False,1000,1000
1014,19,unweighted,10,0.0995222929936305,0,23,None,66,1,5,False,1000,1000
1015,15,unweighted,10,0.1001194267515923,0,29,None,66,1,5,False,1000,1000
1016,16,unweighted,10,0.0995222929936305,0,29,None,66,1,5,False,1000,1000
1017,17,unweighted,10,0.0995222929936305,0,29,None,66,1,5,False,1000,1000
1018,18,unweighted,10,0.0995222929936305,0,29,None,66,1,5,False,1000,1000
1019,19,unweighted,10,0.0995222929936305,0,29,None,66,1,5,False,1000,1000
1020,15,unweighted,10,0.0995222929936305,0,31,None,66,1,5,False,1000,1000
1021,16,unweighted,10,0.0995222929936305,0,31,None,66,1,5,False,1000,1000
1022,17,unweighted,10,0.0995222929936305,0,31,None,66,1,5,False,1000,1000
1023,18,unweighted,10,0.0995222929936305,0,31,None,66,1,5,False,1000,1000
1024,19,unweighted,10,0.0995222929936305,0,31,None,66,1,5,False,1000,1000
1025,15,unweighted,10,0.0995222929936305,0,27,None,66,1,5,False,1000,1000
1026,16,unweighted,10,0.0995222929936305,0,27,None,66,1,5,False,1000,1000
1027,17,unweighted,10,0.0995222929936305,0,27,None,66,1,5,False,1000,1000
1028,18,unweighted,10,0.0995222929936305,0,27,None,66,1,5,False,1000,1000
1029,19,unweighted,10,0.0995222929936305,0,27,None,66,1,5,False,1000,1000
1030,15,unweighted,10,0.0995222929936305,0,32,None,66,1,5,False,1000,1000
1031,16,unweighted,10,0.0995222929936305,0,32,None,66,1,5,False,1000,1000
1032,17,unweighted,10,0.0995222929936305,0,32,None,66,1,5,False,1000,1000
1033,18,unweighted,10,0.0995222929936305,0,32,None,66,1,5,False,1000,1000
1034,19,unweighted,10,0.0995222929936305,0,32,None,66,1,5,False,1000,1000
1035,15,unweighted,10,0.0995222929936305,0,2,None,66,1,5,False,1000,1000
1036,16,unweighted,10,0.0995222929936305,0,2,None,66,1,5,False,1000,1000
1037,17,unweighted,10,0.0995222929936305,0,2,None,66,1,5,False,1000,1000
1038,18,unweighted,10,0.0995222929936305,0,2,None,66,1,5,False,1000,1000
1039,19,unweighted,10,0.0995222929936305,0,2,None,66,1,5,False,1000,1000
1040,15,unweighted,10,0.2412420382165605,0,10,None,66,1,5,False,1000,1000
1041,16,unweighted,10,0.1702826433121019,0,10,None,66,1,5,False,1000,1000
1042,17,unweighted,10,0.1411226114649681,0,10,None,66,1,5,False,1000,1000
1043,18,unweighted,10,0.1099721337579617,0,10,None,66,1,5,False,1000,1000
1044,19,unweighted,10,0.1281847133757961,0,10,None,66,1,5,False,1000,1000
1045,15,unweighted,10,0.112858280254777,0,9,None,66,1,5,False,1000,1000
1046,16,unweighted,10,0.0995222929936305,0,9,None,66,1,5,False,1000,1000
1047,17,unweighted,10,0.0995222929936305,0,9,None,66,1,5,False,1000,1000
1048,18,unweighted,10,0.0995222929936305,0,9,None,66,1,5,False,1000,1000
1049,19,unweighted,10,0.0995222929936305,0,9,None,66,1,5,False,1000,1000
1050,15,unweighted,10,0.1908837579617834,0,11,None,66,1,5,False,1000,1000
1051,16,unweighted,10,0.2575636942675159,0,11,None,66,1,5,False,1000,1000
1052,17,unweighted,10,0.1413216560509554,0,11,None,66,1,5,False,1000,1000
1053,18,unweighted,10,0.1522691082802547,0,11,None,66,1,5,False,1000,1000
1054,19,unweighted,10,0.1619227707006369,0,11,None,66,1,5,False,1000,1000
1055,15,unweighted,10,0.2336783439490445,0,15,None,66,1,5,False,1000,1000
1056,16,unweighted,10,0.3758957006369426,0,15,None,66,1,5,False,1000,1000
1057,17,unweighted,10,0.2693073248407643,0,15,None,66,1,5,False,1000,1000
1058,18,unweighted,10,0.2371616242038216,0,15,None,66,1,5,False,1000,1000
1059,19,unweighted,10,0.2362659235668789,0,15,None,66,1,5,False,1000,1000
1060,15,unweighted,10,0.1181329617834394,0,17,None,66,1,5,False,1000,1000
1061,16,unweighted,10,0.1461982484076433,0,17,None,66,1,5,False,1000,1000
1062,17,unweighted,10,0.1784434713375796,0,17,None,66,1,5,False,1000,1000
1063,18,unweighted,10,0.1912818471337579,0,17,None,66,1,5,False,1000,1000
1064,19,unweighted,10,0.1773487261146497,0,17,None,66,1,5,False,1000,1000
1065,15,unweighted,10,0.0995222929936305,0,20,None,66,1,5,False,1000,1000
1066,16,unweighted,10,0.1423168789808917,0,20,None,66,1,5,False,1000,1000
1067,17,unweighted,10,0.1821257961783439,0,20,None,66,1,5,False,1000,1000
1068,18,unweighted,10,0.0995222929936305,0,20,None,66,1,5,False,1000,1000
1069,19,unweighted,10,0.0995222929936305,0,20,None,66,1,5,False,1000,1000
1070,15,unweighted,10,0.0995222929936305,0,18,None,66,1,5,False,1000,1000
1071,16,unweighted,10,0.0995222929936305,0,18,None,66,1,5,False,1000,1000
1072,17,unweighted,10,0.0995222929936305,0,18,None,66,1,5,False,1000,1000
1073,18,unweighted,10,0.0995222929936305,0,18,None,66,1,5,False,1000,1000
1074,19,unweighted,10,0.0995222929936305,0,18,None,66,1,5,False,1000,1000
1075,15,unweighted,10,0.1854100318471337,0,28,None,66,1,5,False,1000,1000
1076,16,unweighted,10,0.1801353503184713,0,28,None,66,1,5,False,1000,1000
1077,17,unweighted,10,0.1743630573248407,0,28,None,66,1,5,False,1000,1000
1078,18,unweighted,10,0.1710788216560509,0,28,None,66,1,5,False,1000,1000
1079,19,unweighted,10,0.1681926751592356,0,28,None,66,1,5,False,1000,1000
1080,15,unweighted,10,0.0995222929936305,0,13,None,66,1,5,False,1000,1000
1081,16,unweighted,10,0.0995222929936305,0,13,None,66,1,5,False,1000,1000
1082,17,unweighted,10,0.1693869426751592,0,13,None,66,1,5,False,1000,1000
1083,18,unweighted,10,0.0995222929936305,0,13,None,66,1,5,False,1000,1000
1084,19,unweighted,10,0.0995222929936305,0,13,None,66,1,5,False,1000,1000
1085,15,unweighted,10,0.1000199044585987,0,25,None,66,1,5,False,1000,1000
1086,16,unweighted,10,0.1084792993630573,0,25,None,66,1,5,False,1000,1000
1087,17,unweighted,10,0.1266918789808917,0,25,None,66,1,5,False,1000,1000
1088,18,unweighted,10,0.1427149681528662,0,25,None,66,1,5,False,1000,1000
1089,19,unweighted,10,0.1561504777070063,0,25,None,66,1,5,False,1000,1000
1090,15,unweighted,10,0.0995222929936305,0,3,None,66,1,5,False,1000,1000
1091,16,unweighted,10,0.0995222929936305,0,3,None,66,1,5,False,1000,1000
1092,17,unweighted,10,0.0995222929936305,0,3,None,66,1,5,False,1000,1000
1093,18,unweighted,10,0.0995222929936305,0,3,None,66,1,5,False,1000,1000
1094,19,unweighted,10,0.0995222929936305,0,3,None,66,1,5,False,1000,1000
1095,15,unweighted,10,0.0995222929936305,0,19,None,66,1,5,False,1000,1000
1096,16,unweighted,10,0.0995222929936305,0,19,None,66,1,5,False,1000,1000
1097,17,unweighted,10,0.0995222929936305,0,19,None,66,1,5,False,1000,1000
1098,18,unweighted,10,0.0995222929936305,0,19,None,66,1,5,False,1000,1000
1099,19,unweighted,10,0.0995222929936305,0,19,None,66,1,5,False,1000,1000
1100,15,unweighted,10,0.0995222929936305,0,0,None,66,1,5,False,1000,1000
1101,16,unweighted,10,0.0995222929936305,0,0,None,66,1,5,False,1000,1000
1102,17,unweighted,10,0.0995222929936305,0,0,None,66,1,5,False,1000,1000
1103,18,unweighted,10,0.0995222929936305,0,0,None,66,1,5,False,1000,1000
1104,19,unweighted,10,0.0995222929936305,0,0,None,66,1,5,False,1000,1000
1105,15,unweighted,10,0.0995222929936305,0,21,None,66,1,5,False,1000,1000
1106,16,unweighted,10,0.0995222929936305,0,21,None,66,1,5,False,1000,1000
1107,17,unweighted,10,0.0995222929936305,0,21,None,66,1,5,False,1000,1000
1108,18,unweighted,10,0.0995222929936305,0,21,None,66,1,5,False,1000,1000
1109,19,unweighted,10,0.0995222929936305,0,21,None,66,1,5,False,1000,1000
1110,15,unweighted,10,0.0995222929936305,0,24,None,66,1,5,False,1000,1000
1111,16,unweighted,10,0.0995222929936305,0,24,None,66,1,5,False,1000,1000
1112,17,unweighted,10,0.0995222929936305,0,24,None,66,1,5,False,1000,1000
1113,18,unweighted,10,0.0995222929936305,0,24,None,66,1,5,False,1000,1000
1114,19,unweighted,10,0.0995222929936305,0,24,None,66,1,5,False,1000,1000
1115,15,unweighted,10,0.0995222929936305,0,5,None,66,1,5,False,1000,1000
1116,16,unweighted,10,0.0995222929936305,0,5,None,66,1,5,False,1000,1000
1117,17,unweighted,10,0.0995222929936305,0,5,None,66,1,5,False,1000,1000
1118,18,unweighted,10,0.0994227707006369,0,5,None,66,1,5,False,1000,1000
1119,19,unweighted,10,0.1389331210191083,0,5,None,66,1,5,False,1000,1000
1120,15,unweighted,10,0.0995222929936305,0,4,None,66,1,5,False,1000,1000
1121,16,unweighted,10,0.0995222929936305,0,4,None,66,1,5,False,1000,1000
1122,17,unweighted,10,0.1259952229299363,0,4,None,66,1,5,False,1000,1000
1123,18,unweighted,10,0.0995222929936305,0,4,None,66,1,5,False,1000,1000
1124,19,unweighted,10,0.0995222929936305,0,4,None,66,1,5,False,1000,1000
1125,15,unweighted,10,0.0995222929936305,0,6,None,66,1,5,False,1000,1000
1126,16,unweighted,10,0.0995222929936305,0,6,None,66,1,5,False,1000,1000
1127,17,unweighted,10,0.0995222929936305,0,6,None,66,1,5,False,1000,1000
1128,18,unweighted,10,0.0995222929936305,0,6,None,66,1,5,False,1000,1000
1129,19,unweighted,10,0.0995222929936305,0,6,None,66,1,5,False,1000,1000
1130,15,unweighted,10,0.0995222929936305,0,7,None,66,1,5,False,1000,1000
1131,16,unweighted,10,0.0995222929936305,0,7,None,66,1,5,False,1000,1000
1132,17,unweighted,10,0.0995222929936305,0,7,None,66,1,5,False,1000,1000
1133,18,unweighted,10,0.0995222929936305,0,7,None,66,1,5,False,1000,1000
1134,19,unweighted,10,0.0998208598726114,0,7,None,66,1,5,False,1000,1000
1135,15,unweighted,10,0.101811305732484,0,12,None,66,1,5,False,1000,1000
1136,16,unweighted,10,0.1809315286624203,0,12,None,66,1,5,False,1000,1000
1137,17,unweighted,10,0.0995222929936305,0,12,None,66,1,5,False,1000,1000
1138,18,unweighted,10,0.0995222929936305,0,12,None,66,1,5,False,1000,1000
1139,19,unweighted,10,0.0995222929936305,0,12,None,66,1,5,False,1000,1000
1140,15,unweighted,10,0.0995222929936305,0,14,None,66,1,5,False,1000,1000
1141,16,unweighted,10,0.0995222929936305,0,14,None,66,1,5,False,1000,1000
1142,17,unweighted,10,0.0995222929936305,0,14,None,66,1,5,False,1000,1000
1143,18,unweighted,10,0.0995222929936305,0,14,None,66,1,5,False,1000,1000
1144,19,unweighted,10,0.0995222929936305,0,14,None,66,1,5,False,1000,1000
1145,15,unweighted,10,0.1975517515923567,0,26,None,66,1,5,False,1000,1000
1146,16,unweighted,10,0.1965565286624203,0,26,None,66,1,5,False,1000,1000
1147,17,unweighted,10,0.1824243630573248,0,26,None,66,1,5,False,1000,1000
1148,18,unweighted,10,0.1353503184713375,0,26,None,66,1,5,False,1000,1000
1149,19,unweighted,10,0.0995222929936305,0,26,None,66,1,5,False,1000,1000
1150,15,unweighted,10,0.0995222929936305,0,30,None,66,1,5,False,1000,1000
1151,16,unweighted,10,0.103702229299363,0,30,None,66,1,5,False,1000,1000
1152,17,unweighted,10,0.1666003184713375,0,30,None,66,1,5,False,1000,1000
1153,18,unweighted,10,0.0998208598726114,0,30,None,66,1,5,False,1000,1000
1154,19,unweighted,10,0.0995222929936305,0,30,None,66,1,5,False,1000,1000
1155,20,unweighted,10,0.0995222929936305,0,18,None,66,1,5,False,1000,1000
1156,21,unweighted,10,0.0995222929936305,0,18,None,66,1,5,False,1000,1000
1157,22,unweighted,10,0.0995222929936305,0,18,None,66,1,5,False,1000,1000
1158,23,unweighted,10,0.0995222929936305,0,18,None,66,1,5,False,1000,1000
1159,24,unweighted,10,0.0995222929936305,0,18,None,66,1,5,False,1000,1000
1160,20,unweighted,10,0.0995222929936305,0,19,None,66,1,5,False,1000,1000
1161,21,unweighted,10,0.0995222929936305,0,19,None,66,1,5,False,1000,1000
1162,22,unweighted,10,0.0995222929936305,0,19,None,66,1,5,False,1000,1000
1163,23,unweighted,10,0.0995222929936305,0,19,None,66,1,5,False,1000,1000
1164,24,unweighted,10,0.0995222929936305,0,19,None,66,1,5,False,1000,1000
1165,20,unweighted,10,0.1691878980891719,0,1,None,66,1,5,False,1000,1000
1166,21,unweighted,10,0.2712977707006369,0,1,None,66,1,5,False,1000,1000
1167,22,unweighted,10,0.2619426751592357,0,1,None,66,1,5,False,1000,1000
1168,23,unweighted,10,0.2064092356687898,0,1,None,66,1,5,False,1000,1000
1169,24,unweighted,10,0.1530652866242038,0,1,None,66,1,5,False,1000,1000
1170,20,unweighted,10,0.0995222929936305,0,2,None,66,1,5,False,1000,1000
1171,21,unweighted,10,0.0995222929936305,0,2,None,66,1,5,False,1000,1000
1172,22,unweighted,10,0.0995222929936305,0,2,None,66,1,5,False,1000,1000
1173,23,unweighted,10,0.0995222929936305,0,2,None,66,1,5,False,1000,1000
1174,24,unweighted,10,0.0995222929936305,0,2,None,66,1,5,False,1000,1000
1175,20,unweighted,10,0.0995222929936305,0,21,None,66,1,5,False,1000,1000
1176,21,unweighted,10,0.0995222929936305,0,21,None,66,1,5,False,1000,1000
1177,22,unweighted,10,0.0995222929936305,0,21,None,66,1,5,False,1000,1000
1178,23,unweighted,10,0.0995222929936305,0,21,None,66,1,5,False,1000,1000
1179,24,unweighted,10,0.0995222929936305,0,21,None,66,1,5,False,1000,1000
1180,20,unweighted,10,0.1970541401273885,0,28,None,66,1,5,False,1000,1000
1181,21,unweighted,10,0.1944665605095541,0,28,None,66,1,5,False,1000,1000
1182,22,unweighted,10,0.1879976114649681,0,28,None,66,1,5,False,1000,1000
1183,23,unweighted,10,0.1801353503184713,0,28,None,66,1,5,False,1000,1000
1184,24,unweighted,10,0.1721735668789809,0,28,None,66,1,5,False,1000,1000
1185,20,unweighted,10,0.1705812101910828,0,17,None,66,1,5,False,1000,1000
1186,21,unweighted,10,0.2350716560509554,0,17,None,66,1,5,False,1000,1000
1187,22,unweighted,10,0.2205414012738853,0,17,None,66,1,5,False,1000,1000
1188,23,unweighted,10,0.163515127388535,0,17,None,66,1,5,False,1000,1000
1189,24,unweighted,10,0.1275875796178344,0,17,None,66,1,5,False,1000,1000
1190,20,unweighted,10,0.176453025477707,0,11,None,66,1,5,False,1000,1000
1191,21,unweighted,10,0.2237261146496815,0,11,None,66,1,5,False,1000,1000
1192,22,unweighted,10,0.1440087579617834,0,11,None,66,1,5,False,1000,1000
1193,23,unweighted,10,0.1539609872611465,0,11,None,66,1,5,False,1000,1000
1194,24,unweighted,10,0.1622213375796178,0,11,None,66,1,5,False,1000,1000
1195,20,unweighted,10,0.1617237261146497,0,10,None,66,1,5,False,1000,1000
1196,21,unweighted,10,0.1702826433121019,0,10,None,66,1,5,False,1000,1000
1197,22,unweighted,10,0.1684912420382165,0,10,None,66,1,5,False,1000,1000
1198,23,unweighted,10,0.1371417197452229,0,10,None,66,1,5,False,1000,1000
1199,24,unweighted,10,0.1053941082802547,0,10,None,66,1,5,False,1000,1000
1200,20,unweighted,10,0.1586385350318471,0,15,None,66,1,5,False,1000,1000
1201,21,unweighted,10,0.262639331210191,0,15,None,66,1,5,False,1000,1000
1202,22,unweighted,10,0.2075039808917197,0,15,None,66,1,5,False,1000,1000
1203,23,unweighted,10,0.1845143312101911,0,15,None,66,1,5,False,1000,1000
1204,24,unweighted,10,0.1854100318471337,0,15,None,66,1,5,False,1000,1000
1205,20,unweighted,10,0.0995222929936305,0,23,None,66,1,5,False,1000,1000
1206,21,unweighted,10,0.0995222929936305,0,23,None,66,1,5,False,1000,1000
1207,22,unweighted,10,0.1085788216560509,0,23,None,66,1,5,False,1000,1000
1208,23,unweighted,10,0.1659036624203821,0,23,None,66,1,5,False,1000,1000
1209,24,unweighted,10,0.1897890127388535,0,23,None,66,1,5,False,1000,1000
1210,20,unweighted,10,0.0995222929936305,0,5,None,66,1,5,False,1000,1000
1211,21,unweighted,10,0.0995222929936305,0,5,None,66,1,5,False,1000,1000
1212,22,unweighted,10,0.0995222929936305,0,5,None,66,1,5,False,1000,1000
1213,23,unweighted,10,0.1700835987261146,0,5,None,66,1,5,False,1000,1000
1214,24,unweighted,10,0.228702229299363,0,5,None,66,1,5,False,1000,1000
1215,20,unweighted,10,0.0995222929936305,0,32,None,66,1,5,False,1000,1000
1216,21,unweighted,10,0.0995222929936305,0,32,None,66,1,5,False,1000,1000
1217,22,unweighted,10,0.0995222929936305,0,32,None,66,1,5,False,1000,1000
1218,23,unweighted,10,0.0995222929936305,0,32,None,66,1,5,False,1000,1000
1219,24,unweighted,10,0.0995222929936305,0,32,None,66,1,5,False,1000,1000
1220,20,unweighted,10,0.0995222929936305,0,26,None,66,1,5,False,1000,1000
1221,21,unweighted,10,0.0995222929936305,0,26,None,66,1,5,False,1000,1000
1222,22,unweighted,10,0.0995222929936305,0,26,None,66,1,5,False,1000,1000
1223,23,unweighted,10,0.0995222929936305,0,26,None,66,1,5,False,1000,1000
1224,24,unweighted,10,0.0995222929936305,0,26,None,66,1,5,False,1000,1000
1225,20,unweighted,10,0.0995222929936305,0,6,None,66,1,5,False,1000,1000
1226,21,unweighted,10,0.0995222929936305,0,6,None,66,1,5,False,1000,1000
1227,22,unweighted,10,0.0995222929936305,0,6,None,66,1,5,False,1000,1000
1228,23,unweighted,10,0.0995222929936305,0,6,None,66,1,5,False,1000,1000
1229,24,unweighted,10,0.0995222929936305,0,6,None,66,1,5,False,1000,1000
1230,20,unweighted,10,0.0995222929936305,0,7,None,66,1,5,False,1000,1000
1231,21,unweighted,10,0.0995222929936305,0,7,None,66,1,5,False,1000,1000
1232,22,unweighted,10,0.0995222929936305,0,7,None,66,1,5,False,1000,1000
1233,23,unweighted,10,0.0995222929936305,0,7,None,66,1,5,False,1000,1000
1234,24,unweighted,10,0.0995222929936305,0,7,None,66,1,5,False,1000,1000
1235,20,unweighted,10,0.0995222929936305,0,8,None,66,1,5,False,1000,1000
1236,21,unweighted,10,0.0995222929936305,0,8,None,66,1,5,False,1000,1000
1237,22,unweighted,10,0.0995222929936305,0,8,None,66,1,5,False,1000,1000
1238,23,unweighted,10,0.1138535031847133,0,8,None,66,1,5,False,1000,1000
1239,24,unweighted,10,0.0995222929936305,0,8,None,66,1,5,False,1000,1000
1240,20,unweighted,10,0.1197253184713375,0,16,None,66,1,5,False,1000,1000
1241,21,unweighted,10,0.1135549363057324,0,16,None,66,1,5,False,1000,1000
1242,22,unweighted,10,0.0995222929936305,0,16,None,66,1,5,False,1000,1000
1243,23,unweighted,10,0.0995222929936305,0,16,None,66,1,5,False,1000,1000
1244,24,unweighted,10,0.0995222929936305,0,16,None,66,1,5,False,1000,1000
1245,20,unweighted,10,0.0995222929936305,0,13,None,66,1,5,False,1000,1000
1246,21,unweighted,10,0.0995222929936305,0,13,None,66,1,5,False,1000,1000
1247,22,unweighted,10,0.1838176751592356,0,13,None,66,1,5,False,1000,1000
1248,23,unweighted,10,0.0995222929936305,0,13,None,66,1,5,False,1000,1000
1249,24,unweighted,10,0.0995222929936305,0,13,None,66,1,5,False,1000,1000
1250,20,unweighted,10,0.0995222929936305,0,12,None,66,1,5,False,1000,1000
1251,21,unweighted,10,0.0995222929936305,0,12,None,66,1,5,False,1000,1000
1252,22,unweighted,10,0.0995222929936305,0,12,None,66,1,5,False,1000,1000
1253,23,unweighted,10,0.0995222929936305,0,12,None,66,1,5,False,1000,1000
1254,24,unweighted,10,0.151671974522293,0,12,None,66,1,5,False,1000,1000
1255,20,unweighted,10,0.1035031847133758,0,25,None,66,1,5,False,1000,1000
1256,21,unweighted,10,0.112858280254777,0,25,None,66,1,5,False,1000,1000
1257,22,unweighted,10,0.1254976114649681,0,25,None,66,1,5,False,1000,1000
1258,23,unweighted,10,0.1372412420382165,0,25,None,66,1,5,False,1000,1000
1259,24,unweighted,10,0.1479896496815286,0,25,None,66,1,5,False,1000,1000
1260,20,unweighted,10,0.0995222929936305,0,9,None,66,1,5,False,1000,1000
1261,21,unweighted,10,0.1717754777070063,0,9,None,66,1,5,False,1000,1000
1262,22,unweighted,10,0.1875,0,9,None,66,1,5,False,1000,1000
1263,23,unweighted,10,0.1748606687898089,0,9,None,66,1,5,False,1000,1000
1264,24,unweighted,10,0.143312101910828,0,9,None,66,1,5,False,1000,1000
1265,20,unweighted,10,0.1134554140127388,0,29,None,66,1,5,False,1000,1000
1266,21,unweighted,10,0.0995222929936305,0,29,None,66,1,5,False,1000,1000
1267,22,unweighted,10,0.0976313694267515,0,29,None,66,1,5,False,1000,1000
1268,23,unweighted,10,0.1376393312101911,0,29,None,66,1,5,False,1000,1000
1269,24,unweighted,10,0.1027070063694267,0,29,None,66,1,5,False,1000,1000
1270,20,unweighted,10,0.0995222929936305,0,24,None,66,1,5,False,1000,1000
1271,21,unweighted,10,0.0995222929936305,0,24,None,66,1,5,False,1000,1000
1272,22,unweighted,10,0.0995222929936305,0,24,None,66,1,5,False,1000,1000
1273,23,unweighted,10,0.0995222929936305,0,24,None,66,1,5,False,1000,1000
1274,24,unweighted,10,0.0995222929936305,0,24,None,66,1,5,False,1000,1000
1275,20,unweighted,10,0.0995222929936305,0,0,None,66,1,5,False,1000,1000
1276,21,unweighted,10,0.0995222929936305,0,0,None,66,1,5,False,1000,1000
1277,22,unweighted,10,0.0995222929936305,0,0,None,66,1,5,False,1000,1000
1278,23,unweighted,10,0.0995222929936305,0,0,None,66,1,5,False,1000,1000
1279,24,unweighted,10,0.0995222929936305,0,0,None,66,1,5,False,1000,1000
1280,20,unweighted,10,0.0995222929936305,0,27,None,66,1,5,False,1000,1000
1281,21,unweighted,10,0.0995222929936305,0,27,None,66,1,5,False,1000,1000
1282,22,unweighted,10,0.0995222929936305,0,27,None,66,1,5,False,1000,1000
1283,23,unweighted,10,0.0995222929936305,0,27,None,66,1,5,False,1000,1000
1284,24,unweighted,10,0.0995222929936305,0,27,None,66,1,5,False,1000,1000
1285,20,unweighted,10,0.0995222929936305,0,30,None,66,1,5,False,1000,1000
1286,21,unweighted,10,0.0995222929936305,0,30,None,66,1,5,False,1000,1000
1287,22,unweighted,10,0.0995222929936305,0,30,None,66,1,5,False,1000,1000
1288,23,unweighted,10,0.0995222929936305,0,30,None,66,1,5,False,1000,1000
1289,24,unweighted,10,0.1403264331210191,0,30,None,66,1,5,False,1000,1000
1290,20,unweighted,10,0.0995222929936305,0,31,None,66,1,5,False,1000,1000
1291,21,unweighted,10,0.0995222929936305,0,31,None,66,1,5,False,1000,1000
1292,22,unweighted,10,0.0995222929936305,0,31,None,66,1,5,False,1000,1000
1293,23,unweighted,10,0.0995222929936305,0,31,None,66,1,5,False,1000,1000
1294,24,unweighted,10,0.0995222929936305,0,31,None,66,1,5,False,1000,1000
1295,20,unweighted,10,0.0995222929936305,0,20,None,66,1,5,False,1000,1000
1296,21,unweighted,10,0.0995222929936305,0,20,None,66,1,5,False,1000,1000
1297,22,unweighted,10,0.0995222929936305,0,20,None,66,1,5,False,1000,1000
1298,23,unweighted,10,0.1593351910828025,0,20,None,66,1,5,False,1000,1000
1299,24,unweighted,10,0.1107683121019108,0,20,None,66,1,5,False,1000,1000
1300,20,unweighted,10,0.0995222929936305,0,3,None,66,1,5,False,1000,1000
1301,21,unweighted,10,0.0995222929936305,0,3,None,66,1,5,False,1000,1000
1302,22,unweighted,10,0.0995222929936305,0,3,None,66,1,5,False,1000,1000
1303,23,unweighted,10,0.0995222929936305,0,3,None,66,1,5,False,1000,1000
1304,24,unweighted,10,0.0995222929936305,0,3,None,66,1,5,False,1000,1000
1305,20,unweighted,10,0.0995222929936305,0,14,None,66,1,5,False,1000,1000
1306,21,unweighted,10,0.0995222929936305,0,14,None,66,1,5,False,1000,1000
1307,22,unweighted,10,0.0995222929936305,0,14,None,66,1,5,False,1000,1000
1308,23,unweighted,10,0.0995222929936305,0,14,None,66,1,5,False,1000,1000
1309,24,unweighted,10,0.0995222929936305,0,14,None,66,1,5,False,1000,1000
1310,20,unweighted,10,0.0995222929936305,0,4,None,66,1,5,False,1000,1000
1311,21,unweighted,10,0.1491839171974522,0,4,None,66,1,5,False,1000,1000
1312,22,unweighted,10,0.0995222929936305,0,4,None,66,1,5,False,1000,1000
1313,23,unweighted,10,0.0995222929936305,0,4,None,66,1,5,False,1000,1000
1314,24,unweighted,10,0.0995222929936305,0,4,None,66,1,5,False,1000,1000
1315,20,unweighted,10,0.0995222929936305,0,22,None,66,1,5,False,1000,1000
1316,21,unweighted,10,0.0995222929936305,0,22,None,66,1,5,False,1000,1000
1317,22,unweighted,10,0.0995222929936305,0,22,None,66,1,5,False,1000,1000
1318,23,unweighted,10,0.0995222929936305,0,22,None,66,1,5,False,1000,1000
1319,24,unweighted,10,0.0995222929936305,0,22,None,66,1,5,False,1000,1000
2145,25,unweighted,10,0.1352507961783439,0,1,None,66,1,5,False,1000,1000
2146,26,unweighted,10,0.2144705414012739,0,1,None,66,1,5,False,1000,1000
2147,27,unweighted,10,0.1146496815286624,0,1,None,66,1,5,False,1000,1000
2148,28,unweighted,10,0.0995222929936305,0,1,None,66,1,5,False,1000,1000
2149,29,unweighted,10,0.0995222929936305,0,1,None,66,1,5,False,1000,1000
2150,25,unweighted,10,0.0995222929936305,0,2,None,66,1,5,False,1000,1000
2151,26,unweighted,10,0.0995222929936305,0,2,None,66,1,5,False,1000,1000
2152,27,unweighted,10,0.0995222929936305,0,2,None,66,1,5,False,1000,1000
2153,28,unweighted,10,0.0995222929936305,0,2,None,66,1,5,False,1000,1000
2154,29,unweighted,10,0.0995222929936305,0,2,None,66,1,5,False,1000,1000
2155,25,unweighted,10,0.1223128980891719,0,5,None,66,1,5,False,1000,1000
2156,26,unweighted,10,0.0995222929936305,0,5,None,66,1,5,False,1000,1000
2157,27,unweighted,10,0.0995222929936305,0,5,None,66,1,5,False,1000,1000
2158,28,unweighted,10,0.0995222929936305,0,5,None,66,1,5,False,1000,1000
2159,29,unweighted,10,0.0995222929936305,0,5,None,66,1,5,False,1000,1000
2160,25,unweighted,10,0.0995222929936305,0,13,None,66,1,5,False,1000,1000
2161,26,unweighted,10,0.0995222929936305,0,13,None,66,1,5,False,1000,1000
2162,27,unweighted,10,0.0995222929936305,0,13,None,66,1,5,False,1000,1000
2163,28,unweighted,10,0.1432125796178344,0,13,None,66,1,5,False,1000,1000
2164,29,unweighted,10,0.0995222929936305,0,13,None,66,1,5,False,1000,1000
2165,25,unweighted,10,0.1656050955414012,0,15,None,66,1,5,False,1000,1000
2166,26,unweighted,10,0.3263335987261146,0,15,None,66,1,5,False,1000,1000
2167,27,unweighted,10,0.2030254777070063,0,15,None,66,1,5,False,1000,1000
2168,28,unweighted,10,0.1941679936305732,0,15,None,66,1,5,False,1000,1000
2169,29,unweighted,10,0.1940684713375796,0,15,None,66,1,5,False,1000,1000
2170,25,unweighted,10,0.1005175159235668,0,10,None,66,1,5,False,1000,1000
2171,26,unweighted,10,0.0995222929936305,0,10,None,66,1,5,False,1000,1000
2172,27,unweighted,10,0.1521695859872611,0,10,None,66,1,5,False,1000,1000
2173,28,unweighted,10,0.1725716560509554,0,10,None,66,1,5,False,1000,1000
2174,29,unweighted,10,0.1511743630573248,0,10,None,66,1,5,False,1000,1000
2175,25,unweighted,10,0.2569665605095541,0,11,None,66,1,5,False,1000,1000
2176,26,unweighted,10,0.1675955414012739,0,11,None,66,1,5,False,1000,1000
2177,27,unweighted,10,0.165406050955414,0,11,None,66,1,5,False,1000,1000
2178,28,unweighted,10,0.1642117834394904,0,11,None,66,1,5,False,1000,1000
2179,29,unweighted,10,0.161624203821656,0,11,None,66,1,5,False,1000,1000
2180,25,unweighted,10,0.0995222929936305,0,20,None,66,1,5,False,1000,1000
2181,26,unweighted,10,0.0995222929936305,0,20,None,66,1,5,False,1000,1000
2182,27,unweighted,10,0.0995222929936305,0,20,None,66,1,5,False,1000,1000
2183,28,unweighted,10,0.1251990445859872,0,20,None,66,1,5,False,1000,1000
2184,29,unweighted,10,0.1898885350318471,0,20,None,66,1,5,False,1000,1000
2185,25,unweighted,10,0.0995222929936305,0,19,None,66,1,5,False,1000,1000
2186,26,unweighted,10,0.0995222929936305,0,19,None,66,1,5,False,1000,1000
2187,27,unweighted,10,0.0995222929936305,0,19,None,66,1,5,False,1000,1000
2188,28,unweighted,10,0.0995222929936305,0,19,None,66,1,5,False,1000,1000
2189,29,unweighted,10,0.0995222929936305,0,19,None,66,1,5,False,1000,1000
2190,25,unweighted,10,0.0995222929936305,0,22,None,66,1,5,False,1000,1000
2191,26,unweighted,10,0.0995222929936305,0,22,None,66,1,5,False,1000,1000
2192,27,unweighted,10,0.0995222929936305,0,22,None,66,1,5,False,1000,1000
2193,28,unweighted,10,0.0995222929936305,0,22,None,66,1,5,False,1000,1000
2194,29,unweighted,10,0.0995222929936305,0,22,None,66,1,5,False,1000,1000
2195,25,unweighted,10,0.0995222929936305,0,23,None,66,1,5,False,1000,1000
2196,26,unweighted,10,0.0995222929936305,0,23,None,66,1,5,False,1000,1000
2197,27,unweighted,10,0.0995222929936305,0,23,None,66,1,5,False,1000,1000
2198,28,unweighted,10,0.0995222929936305,0,23,None,66,1,5,False,1000,1000
2199,29,unweighted,10,0.0995222929936305,0,23,None,66,1,5,False,1000,1000
2200,25,unweighted,10,0.1796377388535031,0,17,None,66,1,5,False,1000,1000
2201,26,unweighted,10,0.1019108280254777,0,17,None,66,1,5,False,1000,1000
2202,27,unweighted,10,0.1008160828025477,0,17,None,66,1,5,False,1000,1000
2203,28,unweighted,10,0.1581409235668789,0,17,None,66,1,5,False,1000,1000
2204,29,unweighted,10,0.1869028662420382,0,17,None,66,1,5,False,1000,1000
2205,25,unweighted,10,0.0995222929936305,0,21,None,66,1,5,False,1000,1000
2206,26,unweighted,10,0.0995222929936305,0,21,None,66,1,5,False,1000,1000
2207,27,unweighted,10,0.0995222929936305,0,21,None,66,1,5,False,1000,1000
2208,28,unweighted,10,0.0995222929936305,0,21,None,66,1,5,False,1000,1000
2209,29,unweighted,10,0.0995222929936305,0,21,None,66,1,5,False,1000,1000
2210,25,unweighted,10,0.1975517515923567,0,26,None,66,1,5,False,1000,1000
2211,26,unweighted,10,0.0995222929936305,0,26,None,66,1,5,False,1000,1000
2212,27,unweighted,10,0.0995222929936305,0,26,None,66,1,5,False,1000,1000
2213,28,unweighted,10,0.0995222929936305,0,26,None,66,1,5,False,1000,1000
2214,29,unweighted,10,0.0995222929936305,0,26,None,66,1,5,False,1000,1000
2215,25,unweighted,10,0.2589570063694267,0,12,None,66,1,5,False,1000,1000
2216,26,unweighted,10,0.1783439490445859,0,12,None,66,1,5,False,1000,1000
2217,27,unweighted,10,0.1693869426751592,0,12,None,66,1,5,False,1000,1000
2218,28,unweighted,10,0.1587380573248407,0,12,None,66,1,5,False,1000,1000
2219,29,unweighted,10,0.1489848726114649,0,12,None,66,1,5,False,1000,1000
2220,25,unweighted,10,0.0995222929936305,0,28,None,66,1,5,False,1000,1000
2221,26,unweighted,10,0.1940684713375796,0,28,None,66,1,5,False,1000,1000
2222,27,unweighted,10,0.1951632165605095,0,28,None,66,1,5,False,1000,1000
2223,28,unweighted,10,0.1895899681528662,0,28,None,66,1,5,False,1000,1000
2224,29,unweighted,10,0.1812300955414012,0,28,None,66,1,5,False,1000,1000
2225,25,unweighted,10,0.0995222929936305,0,6,None,66,1,5,False,1000,1000
2226,26,unweighted,10,0.0995222929936305,0,6,None,66,1,5,False,1000,1000
2227,27,unweighted,10,0.1948646496815286,0,6,None,66,1,5,False,1000,1000
2228,28,unweighted,10,0.0995222929936305,0,6,None,66,1,5,False,1000,1000
2229,29,unweighted,10,0.0995222929936305,0,6,None,66,1,5,False,1000,1000
2230,25,unweighted,10,0.0995222929936305,0,18,None,66,1,5,False,1000,1000
2231,26,unweighted,10,0.0995222929936305,0,18,None,66,1,5,False,1000,1000
2232,27,unweighted,10,0.0995222929936305,0,18,None,66,1,5,False,1000,1000
2233,28,unweighted,10,0.0995222929936305,0,18,None,66,1,5,False,1000,1000
2234,29,unweighted,10,0.0995222929936305,0,18,None,66,1,5,False,1000,1000
2235,25,unweighted,10,0.0995222929936305,0,32,None,66,1,5,False,1000,1000
2236,26,unweighted,10,0.0995222929936305,0,32,None,66,1,5,False,1000,1000
2237,27,unweighted,10,0.0995222929936305,0,32,None,66,1,5,False,1000,1000
2238,28,unweighted,10,0.0995222929936305,0,32,None,66,1,5,False,1000,1000
2239,29,unweighted,10,0.0995222929936305,0,32,None,66,1,5,False,1000,1000
2240,25,unweighted,10,0.1537619426751592,0,4,None,66,1,5,False,1000,1000
2241,26,unweighted,10,0.0995222929936305,0,4,None,66,1,5,False,1000,1000
2242,27,unweighted,10,0.0995222929936305,0,4,None,66,1,5,False,1000,1000
2243,28,unweighted,10,0.0995222929936305,0,4,None,66,1,5,False,1000,1000
2244,29,unweighted,10,0.0995222929936305,0,4,None,66,1,5,False,1000,1000
2245,25,unweighted,10,0.1481886942675159,0,7,None,66,1,5,False,1000,1000
2246,26,unweighted,10,0.0995222929936305,0,7,None,66,1,5,False,1000,1000
2247,27,unweighted,10,0.0995222929936305,0,7,None,66,1,5,False,1000,1000
2248,28,unweighted,10,0.0995222929936305,0,7,None,66,1,5,False,1000,1000
2249,29,unweighted,10,0.0995222929936305,0,7,None,66,1,5,False,1000,1000
2250,25,unweighted,10,0.0995222929936305,0,8,None,66,1,5,False,1000,1000
2251,26,unweighted,10,0.0995222929936305,0,8,None,66,1,5,False,1000,1000
2252,27,unweighted,10,0.0995222929936305,0,8,None,66,1,5,False,1000,1000
2253,28,unweighted,10,0.0995222929936305,0,8,None,66,1,5,False,1000,1000
2254,29,unweighted,10,0.0995222929936305,0,8,None,66,1,5,False,1000,1000
2255,25,unweighted,10,0.0995222929936305,0,16,None,66,1,5,False,1000,1000
2256,26,unweighted,10,0.0995222929936305,0,16,None,66,1,5,False,1000,1000
2257,27,unweighted,10,0.0995222929936305,0,16,None,66,1,5,False,1000,1000
2258,28,unweighted,10,0.0995222929936305,0,16,None,66,1,5,False,1000,1000
2259,29,unweighted,10,0.0995222929936305,0,16,None,66,1,5,False,1000,1000
2260,25,unweighted,10,0.0995222929936305,0,9,None,66,1,5,False,1000,1000
2261,26,unweighted,10,0.0995222929936305,0,9,None,66,1,5,False,1000,1000
2262,27,unweighted,10,0.0995222929936305,0,9,None,66,1,5,False,1000,1000
2263,28,unweighted,10,0.1747611464968153,0,9,None,66,1,5,False,1000,1000
2264,29,unweighted,10,0.1885947452229299,0,9,None,66,1,5,False,1000,1000
2265,25,unweighted,10,0.0995222929936305,0,3,None,66,1,5,False,1000,1000
2266,26,unweighted,10,0.0995222929936305,0,3,None,66,1,5,False,1000,1000
2267,27,unweighted,10,0.0995222929936305,0,3,None,66,1,5,False,1000,1000
2268,28,unweighted,10,0.0995222929936305,0,3,None,66,1,5,False,1000,1000
2269,29,unweighted,10,0.0995222929936305,0,3,None,66,1,5,False,1000,1000
2270,25,unweighted,10,0.0995222929936305,0,14,None,66,1,5,False,1000,1000
2271,26,unweighted,10,0.1941679936305732,0,14,None,66,1,5,False,1000,1000
2272,27,unweighted,10,0.0995222929936305,0,14,None,66,1,5,False,1000,1000
2273,28,unweighted,10,0.0995222929936305,0,14,None,66,1,5,False,1000,1000
2274,29,unweighted,10,0.0995222929936305,0,14,None,66,1,5,False,1000,1000
2275,25,unweighted,10,0.103702229299363,0,25,None,66,1,5,False,1000,1000
2276,26,unweighted,10,0.112062101910828,0,25,None,66,1,5,False,1000,1000
2277,27,unweighted,10,0.1215167197452229,0,25,None,66,1,5,False,1000,1000
2278,28,unweighted,10,0.1332603503184713,0,25,None,66,1,5,False,1000,1000
2279,29,unweighted,10,0.1415207006369426,0,25,None,66,1,5,False,1000,1000
2280,25,unweighted,10,0.0995222929936305,0,29,None,66,1,5,False,1000,1000
2281,26,unweighted,10,0.0995222929936305,0,29,None,66,1,5,False,1000,1000
2282,27,unweighted,10,0.0995222929936305,0,29,None,66,1,5,False,1000,1000
2283,28,unweighted,10,0.0995222929936305,0,29,None,66,1,5,False,1000,1000
2284,29,unweighted,10,0.0995222929936305,0,29,None,66,1,5,False,1000,1000
2285,25,unweighted,10,0.0995222929936305,0,24,None,66,1,5,False,1000,1000
2286,26,unweighted,10,0.0995222929936305,0,24,None,66,1,5,False,1000,1000
2287,27,unweighted,10,0.0995222929936305,0,24,None,66,1,5,False,1000,1000
2288,28,unweighted,10,0.0995222929936305,0,24,None,66,1,5,False,1000,1000
2289,29,unweighted,10,0.0995222929936305,0,24,None,66,1,5,False,1000,1000
2290,25,unweighted,10,0.0995222929936305,0,27,None,66,1,5,False,1000,1000
2291,26,unweighted,10,0.0995222929936305,0,27,None,66,1,5,False,1000,1000
2292,27,unweighted,10,0.0995222929936305,0,27,None,66,1,5,False,1000,1000
2293,28,unweighted,10,0.0995222929936305,0,27,None,66,1,5,False,1000,1000
2294,29,unweighted,10,0.1628184713375796,0,27,None,66,1,5,False,1000,1000
2295,25,unweighted,10,0.0995222929936305,0,0,None,66,1,5,False,1000,1000
2296,26,unweighted,10,0.0995222929936305,0,0,None,66,1,5,False,1000,1000
2297,27,unweighted,10,0.0995222929936305,0,0,None,66,1,5,False,1000,1000
2298,28,unweighted,10,0.0995222929936305,0,0,None,66,1,5,False,1000,1000
2299,29,unweighted,10,0.0995222929936305,0,0,None,66,1,5,False,1000,1000
2300,25,unweighted,10,0.0995222929936305,0,30,None,66,1,5,False,1000,1000
2301,26,unweighted,10,0.0995222929936305,0,30,None,66,1,5,False,1000,1000
2302,27,unweighted,10,0.0995222929936305,0,30,None,66,1,5,False,1000,1000
2303,28,unweighted,10,0.0995222929936305,0,30,None,66,1,5,False,1000,1000
2304,29,unweighted,10,0.0995222929936305,0,30,None,66,1,5,False,1000,1000
2305,25,unweighted,10,0.0995222929936305,0,31,None,66,1,5,False,1000,1000
2306,26,unweighted,10,0.0995222929936305,0,31,None,66,1,5,False,1000,1000
2307,27,unweighted,10,0.0995222929936305,0,31,None,66,1,5,False,1000,1000
2308,28,unweighted,10,0.0995222929936305,0,31,None,66,1,5,False,1000,1000
2309,29,unweighted,10,0.0995222929936305,0,31,None,66,1,5,False,1000,1000
2310,30,unweighted,10,0.107484076433121,0,1,None,66,1,5,False,1000,1000
2311,31,unweighted,10,0.1738654458598726,0,1,None,66,1,5,False,1000,1000
2312,32,unweighted,10,0.0995222929936305,0,1,None,66,1,5,False,1000,1000
2313,33,unweighted,10,0.0995222929936305,0,1,None,66,1,5,False,1000,1000
2314,34,unweighted,10,0.0995222929936305,0,1,None,66,1,5,False,1000,1000
2315,30,unweighted,10,0.0995222929936305,0,21,None,66,1,5,False,1000,1000
2316,31,unweighted,10,0.0995222929936305,0,21,None,66,1,5,False,1000,1000
2317,32,unweighted,10,0.0995222929936305,0,21,None,66,1,5,False,1000,1000
2318,33,unweighted,10,0.0995222929936305,0,21,None,66,1,5,False,1000,1000
2319,34,unweighted,10,0.0995222929936305,0,21,None,66,1,5,False,1000,1000
2320,30,unweighted,10,0.0995222929936305,0,2,None,66,1,5,False,1000,1000
2321,31,unweighted,10,0.0995222929936305,0,2,None,66,1,5,False,1000,1000
2322,32,unweighted,10,0.0995222929936305,0,2,None,66,1,5,False,1000,1000
2323,33,unweighted,10,0.0995222929936305,0,2,None,66,1,5,False,1000,1000
2324,34,unweighted,10,0.0995222929936305,0,2,None,66,1,5,False,1000,1000
2325,30,unweighted,10,0.1876990445859872,0,11,None,66,1,5,False,1000,1000
2326,31,unweighted,10,0.1736664012738853,0,11,None,66,1,5,False,1000,1000
2327,32,unweighted,10,0.1071855095541401,0,11,None,66,1,5,False,1000,1000
2328,33,unweighted,10,0.1058917197452229,0,11,None,66,1,5,False,1000,1000
2329,34,unweighted,10,0.1050955414012738,0,11,None,66,1,5,False,1000,1000
2330,30,unweighted,10,0.1822253184713375,0,15,None,66,1,5,False,1000,1000
2331,31,unweighted,10,0.1619227707006369,0,15,None,66,1,5,False,1000,1000
2332,32,unweighted,10,0.1035031847133758,0,15,None,66,1,5,False,1000,1000
2333,33,unweighted,10,0.0995222929936305,0,15,None,66,1,5,False,1000,1000
2334,34,unweighted,10,0.0995222929936305,0,15,None,66,1,5,False,1000,1000
2335,30,unweighted,10,0.1698845541401273,0,17,None,66,1,5,False,1000,1000
2336,31,unweighted,10,0.2414410828025477,0,17,None,66,1,5,False,1000,1000
2337,32,unweighted,10,0.2250199044585987,0,17,None,66,1,5,False,1000,1000
2338,33,unweighted,10,0.1528662420382165,0,17,None,66,1,5,False,1000,1000
2339,34,unweighted,10,0.1176353503184713,0,17,None,66,1,5,False,1000,1000
2340,30,unweighted,10,0.0995222929936305,0,20,None,66,1,5,False,1000,1000
2341,31,unweighted,10,0.0995222929936305,0,20,None,66,1,5,False,1000,1000
2342,32,unweighted,10,0.0995222929936305,0,20,None,66,1,5,False,1000,1000
2343,33,unweighted,10,0.1112659235668789,0,20,None,66,1,5,False,1000,1000
2344,34,unweighted,10,0.1834195859872611,0,20,None,66,1,5,False,1000,1000
2345,30,unweighted,10,0.0995222929936305,0,10,None,66,1,5,False,1000,1000
2346,31,unweighted,10,0.0995222929936305,0,10,None,66,1,5,False,1000,1000
2347,32,unweighted,10,0.0995222929936305,0,10,None,66,1,5,False,1000,1000
2348,33,unweighted,10,0.0995222929936305,0,10,None,66,1,5,False,1000,1000
2349,34,unweighted,10,0.1353503184713375,0,10,None,66,1,5,False,1000,1000
2350,30,unweighted,10,0.0995222929936305,0,32,None,66,1,5,False,1000,1000
2351,31,unweighted,10,0.0995222929936305,0,32,None,66,1,5,False,1000,1000
2352,32,unweighted,10,0.0995222929936305,0,32,None,66,1,5,False,1000,1000
2353,33,unweighted,10,0.0995222929936305,0,32,None,66,1,5,False,1000,1000
2354,34,unweighted,10,0.0995222929936305,0,32,None,66,1,5,False,1000,1000
2355,30,unweighted,10,0.1870023885350318,0,25,None,66,1,5,False,1000,1000
2356,31,unweighted,10,0.1876990445859872,0,25,None,66,1,5,False,1000,1000
2357,32,unweighted,10,0.1880971337579617,0,25,None,66,1,5,False,1000,1000
2358,33,unweighted,10,0.1881966560509554,0,25,None,66,1,5,False,1000,1000
2359,34,unweighted,10,0.1884952229299363,0,25,None,66,1,5,False,1000,1000
2360,30,unweighted,10,0.0995222929936305,0,13,None,66,1,5,False,1000,1000
2361,31,unweighted,10,0.0995222929936305,0,13,None,66,1,5,False,1000,1000
2362,32,unweighted,10,0.1393312101910828,0,13,None,66,1,5,False,1000,1000
2363,33,unweighted,10,0.1429140127388535,0,13,None,66,1,5,False,1000,1000
2364,34,unweighted,10,0.0995222929936305,0,13,None,66,1,5,False,1000,1000
2365,30,unweighted,10,0.1709792993630573,0,23,None,66,1,5,False,1000,1000
2366,31,unweighted,10,0.0995222929936305,0,23,None,66,1,5,False,1000,1000
2367,32,unweighted,10,0.0995222929936305,0,23,None,66,1,5,False,1000,1000
2368,33,unweighted,10,0.0995222929936305,0,23,None,66,1,5,False,1000,1000
2369,34,unweighted,10,0.0995222929936305,0,23,None,66,1,5,False,1000,1000
2370,30,unweighted,10,0.1389331210191083,0,28,None,66,1,5,False,1000,1000
2371,31,unweighted,10,0.2078025477707006,0,28,None,66,1,5,False,1000,1000
2372,32,unweighted,10,0.1941679936305732,0,28,None,66,1,5,False,1000,1000
2373,33,unweighted,10,0.1870023885350318,0,28,None,66,1,5,False,1000,1000
2374,34,unweighted,10,0.1803343949044586,0,28,None,66,1,5,False,1000,1000
2375,30,unweighted,10,0.0995222929936305,0,29,None,66,1,5,False,1000,1000
2376,31,unweighted,10,0.0995222929936305,0,29,None,66,1,5,False,1000,1000
2377,32,unweighted,10,0.0995222929936305,0,29,None,66,1,5,False,1000,1000
2378,33,unweighted,10,0.0995222929936305,0,29,None,66,1,5,False,1000,1000
2379,34,unweighted,10,0.0995222929936305,0,29,None,66,1,5,False,1000,1000
2380,30,unweighted,10,0.1135549363057324,0,5,None,66,1,5,False,1000,1000
2381,31,unweighted,10,0.0995222929936305,0,5,None,66,1,5,False,1000,1000
2382,32,unweighted,10,0.0995222929936305,0,5,None,66,1,5,False,1000,1000
2383,33,unweighted,10,0.0995222929936305,0,5,None,66,1,5,False,1000,1000
2384,34,unweighted,10,0.0995222929936305,0,5,None,66,1,5,False,1000,1000
2385,30,unweighted,10,0.1660031847133758,0,7,None,66,1,5,False,1000,1000
2386,31,unweighted,10,0.1590366242038216,0,7,None,66,1,5,False,1000,1000
2387,32,unweighted,10,0.1041998407643312,0,7,None,66,1,5,False,1000,1000
2388,33,unweighted,10,0.0995222929936305,0,7,None,66,1,5,False,1000,1000
2389,34,unweighted,10,0.0995222929936305,0,7,None,66,1,5,False,1000,1000
2390,30,unweighted,10,0.1645103503184713,0,26,None,66,1,5,False,1000,1000
2391,31,unweighted,10,0.1967555732484076,0,26,None,66,1,5,False,1000,1000
2392,32,unweighted,10,0.0995222929936305,0,26,None,66,1,5,False,1000,1000
2393,33,unweighted,10,0.0995222929936305,0,26,None,66,1,5,False,1000,1000
2394,34,unweighted,10,0.0995222929936305,0,26,None,66,1,5,False,1000,1000
2395,30,unweighted,10,0.2469148089171974,0,12,None,66,1,5,False,1000,1000
2396,31,unweighted,10,0.1817277070063694,0,12,None,66,1,5,False,1000,1000
2397,32,unweighted,10,0.1880971337579617,0,12,None,66,1,5,False,1000,1000
2398,33,unweighted,10,0.1897890127388535,0,12,None,66,1,5,False,1000,1000
2399,34,unweighted,10,0.1866042993630573,0,12,None,66,1,5,False,1000,1000
2400,30,unweighted,10,0.1456011146496815,0,3,None,66,1,5,False,1000,1000
2401,31,unweighted,10,0.1008160828025477,0,3,None,66,1,5,False,1000,1000
2402,32,unweighted,10,0.0995222929936305,0,3,None,66,1,5,False,1000,1000
2403,33,unweighted,10,0.0995222929936305,0,3,None,66,1,5,False,1000,1000
2404,34,unweighted,10,0.0995222929936305,0,3,None,66,1,5,False,1000,1000
2405,30,unweighted,10,0.0995222929936305,0,24,None,66,1,5,False,1000,1000
2406,31,unweighted,10,0.0995222929936305,0,24,None,66,1,5,False,1000,1000
2407,32,unweighted,10,0.0995222929936305,0,24,None,66,1,5,False,1000,1000
2408,33,unweighted,10,0.0995222929936305,0,24,None,66,1,5,False,1000,1000
2409,34,unweighted,10,0.0995222929936305,0,24,None,66,1,5,False,1000,1000
2410,30,unweighted,10,0.0995222929936305,0,30,None,66,1,5,False,1000,1000
2411,31,unweighted,10,0.0995222929936305,0,30,None,66,1,5,False,1000,1000
2412,32,unweighted,10,0.0995222929936305,0,30,None,66,1,5,False,1000,1000
2413,33,unweighted,10,0.0995222929936305,0,30,None,66,1,5,False,1000,1000
2414,34,unweighted,10,0.1958598726114649,0,30,None,66,1,5,False,1000,1000
2415,30,unweighted,10,0.0995222929936305,0,31,None,66,1,5,False,1000,1000
2416,31,unweighted,10,0.0995222929936305,0,31,None,66,1,5,False,1000,1000
2417,32,unweighted,10,0.0995222929936305,0,31,None,66,1,5,False,1000,1000
2418,33,unweighted,10,0.0995222929936305,0,31,None,66,1,5,False,1000,1000
2419,34,unweighted,10,0.0995222929936305,0,31,None,66,1,5,False,1000,1000
2420,30,unweighted,10,0.0995222929936305,0,27,None,66,1,5,False,1000,1000
2421,31,unweighted,10,0.0995222929936305,0,27,None,66,1,5,False,1000,1000
2422,32,unweighted,10,0.0995222929936305,0,27,None,66,1,5,False,1000,1000
2423,33,unweighted,10,0.0995222929936305,0,27,None,66,1,5,False,1000,1000
2424,34,unweighted,10,0.1083797770700636,0,27,None,66,1,5,False,1000,1000
2425,30,unweighted,10,0.1626194267515923,0,4,None,66,1,5,False,1000,1000
2426,31,unweighted,10,0.1638136942675159,0,4,None,66,1,5,False,1000,1000
2427,32,unweighted,10,0.1476910828025477,0,4,None,66,1,5,False,1000,1000
2428,33,unweighted,10,0.1808320063694267,0,4,None,66,1,5,False,1000,1000
2429,34,unweighted,10,0.1006170382165605,0,4,None,66,1,5,False,1000,1000
2430,30,unweighted,10,0.0995222929936305,0,0,None,66,1,5,False,1000,1000
2431,31,unweighted,10,0.0995222929936305,0,0,None,66,1,5,False,1000,1000
2432,32,unweighted,10,0.0995222929936305,0,0,None,66,1,5,False,1000,1000
2433,33,unweighted,10,0.0995222929936305,0,0,None,66,1,5,False,1000,1000
2434,34,unweighted,10,0.0995222929936305,0,0,None,66,1,5,False,1000,1000
2435,30,unweighted,10,0.133061305732484,0,16,None,66,1,5,False,1000,1000
2436,31,unweighted,10,0.1058917197452229,0,16,None,66,1,5,False,1000,1000
2437,32,unweighted,10,0.1008160828025477,0,16,None,66,1,5,False,1000,1000
2438,33,unweighted,10,0.0995222929936305,0,16,None,66,1,5,False,1000,1000
2439,34,unweighted,10,0.0995222929936305,0,16,None,66,1,5,False,1000,1000
2440,30,unweighted,10,0.0995222929936305,0,8,None,66,1,5,False,1000,1000
2441,31,unweighted,10,0.0995222929936305,0,8,None,66,1,5,False,1000,1000
2442,32,unweighted,10,0.0995222929936305,0,8,None,66,1,5,False,1000,1000
2443,33,unweighted,10,0.0995222929936305,0,8,None,66,1,5,False,1000,1000
2444,34,unweighted,10,0.0995222929936305,0,8,None,66,1,5,False,1000,1000
2445,30,unweighted,10,0.0995222929936305,0,18,None,66,1,5,False,1000,1000
2446,31,unweighted,10,0.0995222929936305,0,18,None,66,1,5,False,1000,1000
2447,32,unweighted,10,0.0995222929936305,0,18,None,66,1,5,False,1000,1000
2448,33,unweighted,10,0.0995222929936305,0,18,None,66,1,5,False,1000,1000
2449,34,unweighted,10,0.0995222929936305,0,18,None,66,1,5,False,1000,1000
2450,30,unweighted,10,0.0995222929936305,0,19,None,66,1,5,False,1000,1000
2451,31,unweighted,10,0.0995222929936305,0,19,None,66,1,5,False,1000,1000
2452,32,unweighted,10,0.0995222929936305,0,19,None,66,1,5,False,1000,1000
2453,33,unweighted,10,0.0995222929936305,0,19,None,66,1,5,False,1000,1000
2454,34,unweighted,10,0.0995222929936305,0,19,None,66,1,5,False,1000,1000
2455,30,unweighted,10,0.0995222929936305,0,6,None,66,1,5,False,1000,1000
2456,31,unweighted,10,0.0995222929936305,0,6,None,66,1,5,False,1000,1000
2457,32,unweighted,10,0.1808320063694267,0,6,None,66,1,5,False,1000,1000
2458,33,unweighted,10,0.0995222929936305,0,6,None,66,1,5,False,1000,1000
2459,34,unweighted,10,0.0995222929936305,0,6,None,66,1,5,False,1000,1000
2460,30,unweighted,10,0.0995222929936305,0,9,None,66,1,5,False,1000,1000
2461,31,unweighted,10,0.0995222929936305,0,9,None,66,1,5,False,1000,1000
2462,32,unweighted,10,0.0995222929936305,0,9,None,66,1,5,False,1000,1000
2463,33,unweighted,10,0.0995222929936305,0,9,None,66,1,5,False,1000,1000
2464,34,unweighted,10,0.1394307324840764,0,9,None,66,1,5,False,1000,1000
2465,30,unweighted,10,0.0995222929936305,0,22,None,66,1,5,False,1000,1000
2466,31,unweighted,10,0.0995222929936305,0,22,None,66,1,5,False,1000,1000
2467,32,unweighted,10,0.0995222929936305,0,22,None,66,1,5,False,1000,1000
2468,33,unweighted,10,0.0995222929936305,0,22,None,66,1,5,False,1000,1000
2469,34,unweighted,10,0.0995222929936305,0,22,None,66,1,5,False,1000,1000
2470,30,unweighted,10,0.0995222929936305,0,14,None,66,1,5,False,1000,1000
2471,31,unweighted,10,0.0995222929936305,0,14,None,66,1,5,False,1000,1000
2472,32,unweighted,10,0.0995222929936305,0,14,None,66,1,5,False,1000,1000
2473,33,unweighted,10,0.0995222929936305,0,14,None,66,1,5,False,1000,1000
2474,34,unweighted,10,0.0995222929936305,0,14,None,66,1,5,False,1000,1000
3630,35,unweighted,10,0.1027070063694267,0,5,None,66,1,5,False,1000,1000
3631,36,unweighted,10,0.0995222929936305,0,5,None,66,1,5,False,1000,1000
3632,37,unweighted,10,0.0995222929936305,0,5,None,66,1,5,False,1000,1000
3633,38,unweighted,10,0.0995222929936305,0,5,None,66,1,5,False,1000,1000
3634,39,unweighted,10,0.0995222929936305,0,5,None,66,1,5,False,1000,1000
3635,35,unweighted,10,0.0995222929936305,0,13,None,66,1,5,False,1000,1000
3636,36,unweighted,10,0.0995222929936305,0,13,None,66,1,5,False,1000,1000
3637,37,unweighted,10,0.1110668789808917,0,13,None,66,1,5,False,1000,1000
3638,38,unweighted,10,0.1622213375796178,0,13,None,66,1,5,False,1000,1000
3639,39,unweighted,10,0.0995222929936305,0,13,None,66,1,5,False,1000,1000
3640,35,unweighted,10,0.0995222929936305,0,16,None,66,1,5,False,1000,1000
3641,36,unweighted,10,0.0995222929936305,0,16,None,66,1,5,False,1000,1000
3642,37,unweighted,10,0.0995222929936305,0,16,None,66,1,5,False,1000,1000
3643,38,unweighted,10,0.0995222929936305,0,16,None,66,1,5,False,1000,1000
3644,39,unweighted,10,0.1971536624203821,0,16,None,66,1,5,False,1000,1000
3645,35,unweighted,10,0.0995222929936305,0,8,None,66,1,5,False,1000,1000
3646,36,unweighted,10,0.1773487261146497,0,8,None,66,1,5,False,1000,1000
3647,37,unweighted,10,0.0995222929936305,0,8,None,66,1,5,False,1000,1000
3648,38,unweighted,10,0.0995222929936305,0,8,None,66,1,5,False,1000,1000
3649,39,unweighted,10,0.0995222929936305,0,8,None,66,1,5,False,1000,1000
3650,35,unweighted,10,0.0995222929936305,0,20,None,66,1,5,False,1000,1000
3651,36,unweighted,10,0.0995222929936305,0,20,None,66,1,5,False,1000,1000
3652,37,unweighted,10,0.0995222929936305,0,20,None,66,1,5,False,1000,1000
3653,38,unweighted,10,0.1352507961783439,0,20,None,66,1,5,False,1000,1000
3654,39,unweighted,10,0.1874004777070063,0,20,None,66,1,5,False,1000,1000
3655,35,unweighted,10,0.0995222929936305,0,19,None,66,1,5,False,1000,1000
3656,36,unweighted,10,0.0995222929936305,0,19,None,66,1,5,False,1000,1000
3657,37,unweighted,10,0.0995222929936305,0,19,None,66,1,5,False,1000,1000
3658,38,unweighted,10,0.0995222929936305,0,19,None,66,1,5,False,1000,1000
3659,39,unweighted,10,0.0995222929936305,0,19,None,66,1,5,False,1000,1000
3660,35,unweighted,10,0.0995222929936305,0,22,None,66,1,5,False,1000,1000
3661,36,unweighted,10,0.0995222929936305,0,22,None,66,1,5,False,1000,1000
3662,37,unweighted,10,0.0995222929936305,0,22,None,66,1,5,False,1000,1000
3663,38,unweighted,10,0.0995222929936305,0,22,None,66,1,5,False,1000,1000
3664,39,unweighted,10,0.0995222929936305,0,22,None,66,1,5,False,1000,1000
3665,35,unweighted,10,0.0995222929936305,0,23,None,66,1,5,False,1000,1000
3666,36,unweighted,10,0.159733280254777,0,23,None,66,1,5,False,1000,1000
3667,37,unweighted,10,0.0995222929936305,0,23,None,66,1,5,False,1000,1000
3668,38,unweighted,10,0.0995222929936305,0,23,None,66,1,5,False,1000,1000
3669,39,unweighted,10,0.0995222929936305,0,23,None,66,1,5,False,1000,1000
3670,35,unweighted,10,0.183718152866242,0,17,None,66,1,5,False,1000,1000
3671,36,unweighted,10,0.2582603503184713,0,17,None,66,1,5,False,1000,1000
3672,37,unweighted,10,0.1991441082802547,0,17,None,66,1,5,False,1000,1000
3673,38,unweighted,10,0.1429140127388535,0,17,None,66,1,5,False,1000,1000
3674,39,unweighted,10,0.1115644904458598,0,17,None,66,1,5,False,1000,1000
3675,35,unweighted,10,0.0995222929936305,0,21,None,66,1,5,False,1000,1000
3676,36,unweighted,10,0.0995222929936305,0,21,None,66,1,5,False,1000,1000
3677,37,unweighted,10,0.0995222929936305,0,21,None,66,1,5,False,1000,1000
3678,38,unweighted,10,0.0995222929936305,0,21,None,66,1,5,False,1000,1000
3679,39,unweighted,10,0.0995222929936305,0,21,None,66,1,5,False,1000,1000
3680,35,unweighted,10,0.1922770700636942,0,26,None,66,1,5,False,1000,1000
3681,36,unweighted,10,0.1951632165605095,0,26,None,66,1,5,False,1000,1000
3682,37,unweighted,10,0.0995222929936305,0,26,None,66,1,5,False,1000,1000
3683,38,unweighted,10,0.0995222929936305,0,26,None,66,1,5,False,1000,1000
3684,39,unweighted,10,0.0995222929936305,0,26,None,66,1,5,False,1000,1000
3685,35,unweighted,10,0.1750597133757961,0,12,None,66,1,5,False,1000,1000
3686,36,unweighted,10,0.1761544585987261,0,12,None,66,1,5,False,1000,1000
3687,37,unweighted,10,0.1657046178343949,0,12,None,66,1,5,False,1000,1000
3688,38,unweighted,10,0.1095740445859872,0,12,None,66,1,5,False,1000,1000
3689,39,unweighted,10,0.0995222929936305,0,12,None,66,1,5,False,1000,1000
3690,35,unweighted,10,0.0995222929936305,0,24,None,66,1,5,False,1000,1000
3691,36,unweighted,10,0.0995222929936305,0,24,None,66,1,5,False,1000,1000
3692,37,unweighted,10,0.0995222929936305,0,24,None,66,1,5,False,1000,1000
3693,38,unweighted,10,0.0995222929936305,0,24,None,66,1,5,False,1000,1000
3694,39,unweighted,10,0.0995222929936305,0,24,None,66,1,5,False,1000,1000
3695,35,unweighted,10,0.1319665605095541,0,28,None,66,1,5,False,1000,1000
3696,36,unweighted,10,0.1432125796178344,0,28,None,66,1,5,False,1000,1000
3697,37,unweighted,10,0.1996417197452229,0,28,None,66,1,5,False,1000,1000
3698,38,unweighted,10,0.1932722929936305,0,28,None,66,1,5,False,1000,1000
3699,39,unweighted,10,0.1886942675159235,0,28,None,66,1,5,False,1000,1000
3700,35,unweighted,10,0.0995222929936305,0,31,None,66,1,5,False,1000,1000
3701,36,unweighted,10,0.0995222929936305,0,31,None,66,1,5,False,1000,1000
3702,37,unweighted,10,0.0995222929936305,0,31,None,66,1,5,False,1000,1000
3703,38,unweighted,10,0.0995222929936305,0,31,None,66,1,5,False,1000,1000
3704,39,unweighted,10,0.0995222929936305,0,31,None,66,1,5,False,1000,1000
3705,35,unweighted,10,0.0995222929936305,0,18,None,66,1,5,False,1000,1000
3706,36,unweighted,10,0.0995222929936305,0,18,None,66,1,5,False,1000,1000
3707,37,unweighted,10,0.0995222929936305,0,18,None,66,1,5,False,1000,1000
3708,38,unweighted,10,0.0995222929936305,0,18,None,66,1,5,False,1000,1000
3709,39,unweighted,10,0.0995222929936305,0,18,None,66,1,5,False,1000,1000
3710,35,unweighted,10,0.0995222929936305,0,2,None,66,1,5,False,1000,1000
3711,36,unweighted,10,0.0995222929936305,0,2,None,66,1,5,False,1000,1000
3712,37,unweighted,10,0.0995222929936305,0,2,None,66,1,5,False,1000,1000
3713,38,unweighted,10,0.0995222929936305,0,2,None,66,1,5,False,1000,1000
3714,39,unweighted,10,0.0995222929936305,0,2,None,66,1,5,False,1000,1000
3715,35,unweighted,10,0.1502786624203821,0,32,None,66,1,5,False,1000,1000
3716,36,unweighted,10,0.0995222929936305,0,32,None,66,1,5,False,1000,1000
3717,37,unweighted,10,0.0995222929936305,0,32,None,66,1,5,False,1000,1000
3718,38,unweighted,10,0.0995222929936305,0,32,None,66,1,5,False,1000,1000
3719,39,unweighted,10,0.0995222929936305,0,32,None,66,1,5,False,1000,1000
3720,35,unweighted,10,0.0995222929936305,0,7,None,66,1,5,False,1000,1000
3721,36,unweighted,10,0.1095740445859872,0,7,None,66,1,5,False,1000,1000
3722,37,unweighted,10,0.163515127388535,0,7,None,66,1,5,False,1000,1000
3723,38,unweighted,10,0.106389331210191,0,7,None,66,1,5,False,1000,1000
3724,39,unweighted,10,0.0995222929936305,0,7,None,66,1,5,False,1000,1000
3725,35,unweighted,10,0.0995222929936305,0,1,None,66,1,5,False,1000,1000
3726,36,unweighted,10,0.1705812101910828,0,1,None,66,1,5,False,1000,1000
3727,37,unweighted,10,0.0995222929936305,0,1,None,66,1,5,False,1000,1000
3728,38,unweighted,10,0.0995222929936305,0,1,None,66,1,5,False,1000,1000
3729,39,unweighted,10,0.0995222929936305,0,1,None,66,1,5,False,1000,1000
3730,35,unweighted,10,0.1819267515923567,0,25,None,66,1,5,False,1000,1000
3731,36,unweighted,10,0.1826234076433121,0,25,None,66,1,5,False,1000,1000
3732,37,unweighted,10,0.1834195859872611,0,25,None,66,1,5,False,1000,1000
3733,38,unweighted,10,0.1846138535031847,0,25,None,66,1,5,False,1000,1000
3734,39,unweighted,10,0.1848128980891719,0,25,None,66,1,5,False,1000,1000
3735,35,unweighted,10,0.0995222929936305,0,14,None,66,1,5,False,1000,1000
3736,36,unweighted,10,0.0995222929936305,0,14,None,66,1,5,False,1000,1000
3737,37,unweighted,10,0.1094745222929936,0,14,None,66,1,5,False,1000,1000
3738,38,unweighted,10,0.1903861464968153,0,14,None,66,1,5,False,1000,1000
3739,39,unweighted,10,0.1336584394904458,0,14,None,66,1,5,False,1000,1000
3740,35,unweighted,10,0.1229100318471337,0,4,None,66,1,5,False,1000,1000
3741,36,unweighted,10,0.1447054140127388,0,4,None,66,1,5,False,1000,1000
3742,37,unweighted,10,0.1604299363057325,0,4,None,66,1,5,False,1000,1000
3743,38,unweighted,10,0.1116640127388535,0,4,None,66,1,5,False,1000,1000
3744,39,unweighted,10,0.0995222929936305,0,4,None,66,1,5,False,1000,1000
3745,35,unweighted,10,0.183718152866242,0,3,None,66,1,5,False,1000,1000
3746,36,unweighted,10,0.1595342356687898,0,3,None,66,1,5,False,1000,1000
3747,37,unweighted,10,0.1190286624203821,0,3,None,66,1,5,False,1000,1000
3748,38,unweighted,10,0.0998208598726114,0,3,None,66,1,5,False,1000,1000
3749,39,unweighted,10,0.0995222929936305,0,3,None,66,1,5,False,1000,1000
3750,35,unweighted,10,0.0995222929936305,0,10,None,66,1,5,False,1000,1000
3751,36,unweighted,10,0.0995222929936305,0,10,None,66,1,5,False,1000,1000
3752,37,unweighted,10,0.0995222929936305,0,10,None,66,1,5,False,1000,1000
3753,38,unweighted,10,0.0995222929936305,0,10,None,66,1,5,False,1000,1000
3754,39,unweighted,10,0.0995222929936305,0,10,None,66,1,5,False,1000,1000
3755,35,unweighted,10,0.2005374203821656,0,11,None,66,1,5,False,1000,1000
3756,36,unweighted,10,0.1219148089171974,0,11,None,66,1,5,False,1000,1000
3757,37,unweighted,10,0.1196257961783439,0,11,None,66,1,5,False,1000,1000
3758,38,unweighted,10,0.1159434713375796,0,11,None,66,1,5,False,1000,1000
3759,39,unweighted,10,0.1136544585987261,0,11,None,66,1,5,False,1000,1000
3760,35,unweighted,10,0.1804339171974522,0,15,None,66,1,5,False,1000,1000
3761,36,unweighted,10,0.169984076433121,0,15,None,66,1,5,False,1000,1000
3762,37,unweighted,10,0.1186305732484076,0,15,None,66,1,5,False,1000,1000
3763,38,unweighted,10,0.0995222929936305,0,15,None,66,1,5,False,1000,1000
3764,39,unweighted,10,0.0995222929936305,0,15,None,66,1,5,False,1000,1000
3765,35,unweighted,10,0.0995222929936305,0,9,None,66,1,5,False,1000,1000
3766,36,unweighted,10,0.0995222929936305,0,9,None,66,1,5,False,1000,1000
3767,37,unweighted,10,0.0995222929936305,0,9,None,66,1,5,False,1000,1000
3768,38,unweighted,10,0.0995222929936305,0,9,None,66,1,5,False,1000,1000
3769,39,unweighted,10,0.117436305732484,0,9,None,66,1,5,False,1000,1000
3770,35,unweighted,10,0.0995222929936305,0,29,None,66,1,5,False,1000,1000
3771,36,unweighted,10,0.0995222929936305,0,29,None,66,1,5,False,1000,1000
3772,37,unweighted,10,0.0995222929936305,0,29,None,66,1,5,False,1000,1000
3773,38,unweighted,10,0.0995222929936305,0,29,None,66,1,5,False,1000,1000
3774,39,unweighted,10,0.1331608280254777,0,29,None,66,1,5,False,1000,1000
3775,35,unweighted,10,0.1590366242038216,0,0,None,66,1,5,False,1000,1000
3776,36,unweighted,10,0.1079816878980891,0,0,None,66,1,5,False,1000,1000
3777,37,unweighted,10,0.0995222929936305,0,0,None,66,1,5,False,1000,1000
3778,38,unweighted,10,0.0995222929936305,0,0,None,66,1,5,False,1000,1000
3779,39,unweighted,10,0.0995222929936305,0,0,None,66,1,5,False,1000,1000
3780,35,unweighted,10,0.0995222929936305,0,27,None,66,1,5,False,1000,1000
3781,36,unweighted,10,0.0995222929936305,0,27,None,66,1,5,False,1000,1000
3782,37,unweighted,10,0.0995222929936305,0,27,None,66,1,5,False,1000,1000
3783,38,unweighted,10,0.165406050955414,0,27,None,66,1,5,False,1000,1000
3784,39,unweighted,10,0.0995222929936305,0,27,None,66,1,5,False,1000,1000
3785,35,unweighted,10,0.0995222929936305,0,6,None,66,1,5,False,1000,1000
3786,36,unweighted,10,0.0995222929936305,0,6,None,66,1,5,False,1000,1000
3787,37,unweighted,10,0.1938694267515923,0,6,None,66,1,5,False,1000,1000
3788,38,unweighted,10,0.138734076433121,0,6,None,66,1,5,False,1000,1000
3789,39,unweighted,10,0.1778463375796178,0,6,None,66,1,5,False,1000,1000
3790,35,unweighted,10,0.1617237261146497,0,30,None,66,1,5,False,1000,1000
3791,36,unweighted,10,0.1914808917197452,0,30,None,66,1,5,False,1000,1000
3792,37,unweighted,10,0.1658041401273885,0,30,None,66,1,5,False,1000,1000
3793,38,unweighted,10,0.1326632165605095,0,30,None,66,1,5,False,1000,1000
3794,39,unweighted,10,0.1041003184713375,0,30,None,66,1,5,False,1000,1000
3795,40,unweighted,10,0.1526671974522293,0,11,None,66,1,5,False,1000,1000
3796,41,unweighted,10,0.1488853503184713,0,11,None,66,1,5,False,1000,1000
3797,42,unweighted,10,0.1436106687898089,0,11,None,66,1,5,False,1000,1000
3798,43,unweighted,10,0.1400278662420382,0,11,None,66,1,5,False,1000,1000
3799,44,unweighted,10,0.1358479299363057,0,11,None,66,1,5,False,1000,1000
3800,40,unweighted,10,0.1538614649681528,0,15,None,66,1,5,False,1000,1000
3801,41,unweighted,10,0.1869028662420382,0,15,None,66,1,5,False,1000,1000
3802,42,unweighted,10,0.1574442675159235,0,15,None,66,1,5,False,1000,1000
3803,43,unweighted,10,0.1763535031847133,0,15,None,66,1,5,False,1000,1000
3804,44,unweighted,10,0.1897890127388535,0,15,None,66,1,5,False,1000,1000
3805,40,unweighted,10,0.0995222929936305,0,19,None,66,1,5,False,1000,1000
3806,41,unweighted,10,0.0995222929936305,0,19,None,66,1,5,False,1000,1000
3807,42,unweighted,10,0.0995222929936305,0,19,None,66,1,5,False,1000,1000
3808,43,unweighted,10,0.0995222929936305,0,19,None,66,1,5,False,1000,1000
3809,44,unweighted,10,0.0995222929936305,0,19,None,66,1,5,False,1000,1000
3810,40,unweighted,10,0.1835191082802547,0,17,None,66,1,5,False,1000,1000
3811,41,unweighted,10,0.1503781847133758,0,17,None,66,1,5,False,1000,1000
3812,42,unweighted,10,0.136843152866242,0,17,None,66,1,5,False,1000,1000
3813,43,unweighted,10,0.1778463375796178,0,17,None,66,1,5,False,1000,1000
3814,44,unweighted,10,0.1840167197452229,0,17,None,66,1,5,False,1000,1000
3815,40,unweighted,10,0.0995222929936305,0,24,None,66,1,5,False,1000,1000
3816,41,unweighted,10,0.0995222929936305,0,24,None,66,1,5,False,1000,1000
3817,42,unweighted,10,0.0995222929936305,0,24,None,66,1,5,False,1000,1000
3818,43,unweighted,10,0.0995222929936305,0,24,None,66,1,5,False,1000,1000
3819,44,unweighted,10,0.0995222929936305,0,24,None,66,1,5,False,1000,1000
3820,40,unweighted,10,0.1593351910828025,0,1,None,66,1,5,False,1000,1000
3821,41,unweighted,10,0.1336584394904458,0,1,None,66,1,5,False,1000,1000
3822,42,unweighted,10,0.0995222929936305,0,1,None,66,1,5,False,1000,1000
3823,43,unweighted,10,0.0995222929936305,0,1,None,66,1,5,False,1000,1000
3824,44,unweighted,10,0.0995222929936305,0,1,None,66,1,5,False,1000,1000
3825,40,unweighted,10,0.0995222929936305,0,2,None,66,1,5,False,1000,1000
3826,41,unweighted,10,0.0995222929936305,0,2,None,66,1,5,False,1000,1000
3827,42,unweighted,10,0.0995222929936305,0,2,None,66,1,5,False,1000,1000
3828,43,unweighted,10,0.0995222929936305,0,2,None,66,1,5,False,1000,1000
3829,44,unweighted,10,0.0995222929936305,0,2,None,66,1,5,False,1000,1000
3830,40,unweighted,10,0.0995222929936305,0,21,None,66,1,5,False,1000,1000
3831,41,unweighted,10,0.0995222929936305,0,21,None,66,1,5,False,1000,1000
3832,42,unweighted,10,0.0995222929936305,0,21,None,66,1,5,False,1000,1000
3833,43,unweighted,10,0.0995222929936305,0,21,None,66,1,5,False,1000,1000
3834,44,unweighted,10,0.0995222929936305,0,21,None,66,1,5,False,1000,1000
3835,40,unweighted,10,0.1241042993630573,0,28,None,66,1,5,False,1000,1000
3836,41,unweighted,10,0.1113654458598726,0,28,None,66,1,5,False,1000,1000
3837,42,unweighted,10,0.129578025477707,0,28,None,66,1,5,False,1000,1000
3838,43,unweighted,10,0.1946656050955414,0,28,None,66,1,5,False,1000,1000
3839,44,unweighted,10,0.195561305732484,0,28,None,66,1,5,False,1000,1000
3840,40,unweighted,10,0.0995222929936305,0,18,None,66,1,5,False,1000,1000
3841,41,unweighted,10,0.0995222929936305,0,18,None,66,1,5,False,1000,1000
3842,42,unweighted,10,0.0995222929936305,0,18,None,66,1,5,False,1000,1000
3843,43,unweighted,10,0.0995222929936305,0,18,None,66,1,5,False,1000,1000
3844,44,unweighted,10,0.0995222929936305,0,18,None,66,1,5,False,1000,1000
3845,40,unweighted,10,0.1308718152866242,0,27,None,66,1,5,False,1000,1000
3846,41,unweighted,10,0.1042993630573248,0,27,None,66,1,5,False,1000,1000
3847,42,unweighted,10,0.1618232484076433,0,27,None,66,1,5,False,1000,1000
3848,43,unweighted,10,0.0995222929936305,0,27,None,66,1,5,False,1000,1000
3849,44,unweighted,10,0.0995222929936305,0,27,None,66,1,5,False,1000,1000
3850,40,unweighted,10,0.0995222929936305,0,31,None,66,1,5,False,1000,1000
3851,41,unweighted,10,0.0995222929936305,0,31,None,66,1,5,False,1000,1000
3852,42,unweighted,10,0.0995222929936305,0,31,None,66,1,5,False,1000,1000
3853,43,unweighted,10,0.0995222929936305,0,31,None,66,1,5,False,1000,1000
3854,44,unweighted,10,0.0995222929936305,0,31,None,66,1,5,False,1000,1000
3855,40,unweighted,10,0.0995222929936305,0,10,None,66,1,5,False,1000,1000
3856,41,unweighted,10,0.1041003184713375,0,10,None,66,1,5,False,1000,1000
3857,42,unweighted,10,0.1593351910828025,0,10,None,66,1,5,False,1000,1000
3858,43,unweighted,10,0.1703821656050955,0,10,None,66,1,5,False,1000,1000
3859,44,unweighted,10,0.1583399681528662,0,10,None,66,1,5,False,1000,1000
3860,40,unweighted,10,0.0995222929936305,0,8,None,66,1,5,False,1000,1000
3861,41,unweighted,10,0.0995222929936305,0,8,None,66,1,5,False,1000,1000
3862,42,unweighted,10,0.1646098726114649,0,8,None,66,1,5,False,1000,1000
3863,43,unweighted,10,0.0995222929936305,0,8,None,66,1,5,False,1000,1000
3864,44,unweighted,10,0.0995222929936305,0,8,None,66,1,5,False,1000,1000
3865,40,unweighted,10,0.0995222929936305,0,20,None,66,1,5,False,1000,1000
3866,41,unweighted,10,0.0995222929936305,0,20,None,66,1,5,False,1000,1000
3867,42,unweighted,10,0.1047969745222929,0,20,None,66,1,5,False,1000,1000
3868,43,unweighted,10,0.160828025477707,0,20,None,66,1,5,False,1000,1000
3869,44,unweighted,10,0.1899880573248407,0,20,None,66,1,5,False,1000,1000
3870,40,unweighted,10,0.0995222929936305,0,23,None,66,1,5,False,1000,1000
3871,41,unweighted,10,0.0995222929936305,0,23,None,66,1,5,False,1000,1000
3872,42,unweighted,10,0.0995222929936305,0,23,None,66,1,5,False,1000,1000
3873,43,unweighted,10,0.0995222929936305,0,23,None,66,1,5,False,1000,1000
3874,44,unweighted,10,0.0995222929936305,0,23,None,66,1,5,False,1000,1000
3875,40,unweighted,10,0.1647093949044586,0,30,None,66,1,5,False,1000,1000
3876,41,unweighted,10,0.1381369426751592,0,30,None,66,1,5,False,1000,1000
3877,42,unweighted,10,0.1123606687898089,0,30,None,66,1,5,False,1000,1000
3878,43,unweighted,10,0.0998208598726114,0,30,None,66,1,5,False,1000,1000
3879,44,unweighted,10,0.0995222929936305,0,30,None,66,1,5,False,1000,1000
3880,40,unweighted,10,0.0996218152866242,0,4,None,66,1,5,False,1000,1000
3881,41,unweighted,10,0.0995222929936305,0,4,None,66,1,5,False,1000,1000
3882,42,unweighted,10,0.0995222929936305,0,4,None,66,1,5,False,1000,1000
3883,43,unweighted,10,0.1209195859872611,0,4,None,66,1,5,False,1000,1000
3884,44,unweighted,10,0.1819267515923567,0,4,None,66,1,5,False,1000,1000
3885,40,unweighted,10,0.0995222929936305,0,16,None,66,1,5,False,1000,1000
3886,41,unweighted,10,0.0995222929936305,0,16,None,66,1,5,False,1000,1000
3887,42,unweighted,10,0.0995222929936305,0,16,None,66,1,5,False,1000,1000
3888,43,unweighted,10,0.0995222929936305,0,16,None,66,1,5,False,1000,1000
3889,44,unweighted,10,0.0995222929936305,0,16,None,66,1,5,False,1000,1000
3890,40,unweighted,10,0.1234076433121019,0,7,None,66,1,5,False,1000,1000
3891,41,unweighted,10,0.1644108280254777,0,7,None,66,1,5,False,1000,1000
3892,42,unweighted,10,0.1169386942675159,0,7,None,66,1,5,False,1000,1000
3893,43,unweighted,10,0.0995222929936305,0,7,None,66,1,5,False,1000,1000
3894,44,unweighted,10,0.0995222929936305,0,7,None,66,1,5,False,1000,1000
3895,40,unweighted,10,0.1887937898089172,0,32,None,66,1,5,False,1000,1000
3896,41,unweighted,10,0.1679936305732484,0,32,None,66,1,5,False,1000,1000
3897,42,unweighted,10,0.1106687898089172,0,32,None,66,1,5,False,1000,1000
3898,43,unweighted,10,0.0995222929936305,0,32,None,66,1,5,False,1000,1000
3899,44,unweighted,10,0.0995222929936305,0,32,None,66,1,5,False,1000,1000
3900,40,unweighted,10,0.0995222929936305,0,13,None,66,1,5,False,1000,1000
3901,41,unweighted,10,0.0995222929936305,0,13,None,66,1,5,False,1000,1000
3902,42,unweighted,10,0.1237062101910828,0,13,None,66,1,5,False,1000,1000
3903,43,unweighted,10,0.1728702229299363,0,13,None,66,1,5,False,1000,1000
3904,44,unweighted,10,0.1070859872611465,0,13,None,66,1,5,False,1000,1000
3905,40,unweighted,10,0.0995222929936305,0,26,None,66,1,5,False,1000,1000
3906,41,unweighted,10,0.1041003184713375,0,26,None,66,1,5,False,1000,1000
3907,42,unweighted,10,0.1913813694267516,0,26,None,66,1,5,False,1000,1000
3908,43,unweighted,10,0.1970541401273885,0,26,None,66,1,5,False,1000,1000
3909,44,unweighted,10,0.1755573248407643,0,26,None,66,1,5,False,1000,1000
3910,40,unweighted,10,0.1280851910828025,0,12,None,66,1,5,False,1000,1000
3911,41,unweighted,10,0.0995222929936305,0,12,None,66,1,5,False,1000,1000
3912,42,unweighted,10,0.1869028662420382,0,12,None,66,1,5,False,1000,1000
3913,43,unweighted,10,0.1943670382165605,0,12,None,66,1,5,False,1000,1000
3914,44,unweighted,10,0.1857085987261146,0,12,None,66,1,5,False,1000,1000
3915,40,unweighted,10,0.1892914012738853,0,25,None,66,1,5,False,1000,1000
3916,41,unweighted,10,0.1893909235668789,0,25,None,66,1,5,False,1000,1000
3917,42,unweighted,10,0.1894904458598726,0,25,None,66,1,5,False,1000,1000
3918,43,unweighted,10,0.1895899681528662,0,25,None,66,1,5,False,1000,1000
3919,44,unweighted,10,0.1898885350318471,0,25,None,66,1,5,False,1000,1000
3920,40,unweighted,10,0.0995222929936305,0,29,None,66,1,5,False,1000,1000
3921,41,unweighted,10,0.0995222929936305,0,29,None,66,1,5,False,1000,1000
3922,42,unweighted,10,0.0995222929936305,0,29,None,66,1,5,False,1000,1000
3923,43,unweighted,10,0.0995222929936305,0,29,None,66,1,5,False,1000,1000
3924,44,unweighted,10,0.1131568471337579,0,29,None,66,1,5,False,1000,1000
3925,40,unweighted,10,0.0995222929936305,0,0,None,66,1,5,False,1000,1000
3926,41,unweighted,10,0.0995222929936305,0,0,None,66,1,5,False,1000,1000
3927,42,unweighted,10,0.0995222929936305,0,0,None,66,1,5,False,1000,1000
3928,43,unweighted,10,0.0995222929936305,0,0,None,66,1,5,False,1000,1000
3929,44,unweighted,10,0.0995222929936305,0,0,None,66,1,5,False,1000,1000
3930,40,unweighted,10,0.1573447452229299,0,3,None,66,1,5,False,1000,1000
3931,41,unweighted,10,0.1888933121019108,0,3,None,66,1,5,False,1000,1000
3932,42,unweighted,10,0.1855095541401273,0,3,None,66,1,5,False,1000,1000
3933,43,unweighted,10,0.1743630573248407,0,3,None,66,1,5,False,1000,1000
3934,44,unweighted,10,0.1566480891719745,0,3,None,66,1,5,False,1000,1000
3935,40,unweighted,10,0.1007165605095541,0,5,None,66,1,5,False,1000,1000
3936,41,unweighted,10,0.0995222929936305,0,5,None,66,1,5,False,1000,1000
3937,42,unweighted,10,0.0995222929936305,0,5,None,66,1,5,False,1000,1000
3938,43,unweighted,10,0.0995222929936305,0,5,None,66,1,5,False,1000,1000
3939,44,unweighted,10,0.0995222929936305,0,5,None,66,1,5,False,1000,1000
3940,40,unweighted,10,0.0995222929936305,0,9,None,66,1,5,False,1000,1000
3941,41,unweighted,10,0.0995222929936305,0,9,None,66,1,5,False,1000,1000
3942,42,unweighted,10,0.1693869426751592,0,9,None,66,1,5,False,1000,1000
3943,43,unweighted,10,0.1111664012738853,0,9,None,66,1,5,False,1000,1000
3944,44,unweighted,10,0.0995222929936305,0,9,None,66,1,5,False,1000,1000
3945,40,unweighted,10,0.1749601910828025,0,6,None,66,1,5,False,1000,1000
3946,41,unweighted,10,0.2436305732484076,0,6,None,66,1,5,False,1000,1000
3947,42,unweighted,10,0.165406050955414,0,6,None,66,1,5,False,1000,1000
3948,43,unweighted,10,0.1023089171974522,0,6,None,66,1,5,False,1000,1000
3949,44,unweighted,10,0.0995222929936305,0,6,None,66,1,5,False,1000,1000
3950,40,unweighted,10,0.0995222929936305,0,22,None,66,1,5,False,1000,1000
3951,41,unweighted,10,0.0995222929936305,0,22,None,66,1,5,False,1000,1000
3952,42,unweighted,10,0.0995222929936305,0,22,None,66,1,5,False,1000,1000
3953,43,unweighted,10,0.0995222929936305,0,22,None,66,1,5,False,1000,1000
3954,44,unweighted,10,0.0995222929936305,0,22,None,66,1,5,False,1000,1000
3955,40,unweighted,10,0.1706807324840764,0,14,None,66,1,5,False,1000,1000
3956,41,unweighted,10,0.1705812101910828,0,14,None,66,1,5,False,1000,1000
3957,42,unweighted,10,0.1911823248407643,0,14,None,66,1,5,False,1000,1000
3958,43,unweighted,10,0.1642117834394904,0,14,None,66,1,5,False,1000,1000
3959,44,unweighted,10,0.0995222929936305,0,14,None,66,1,5,False,1000,1000
5445,45,unweighted,10,0.1574442675159235,0,1,None,66,1,5,False,1000,1000
5446,46,unweighted,10,0.1514729299363057,0,1,None,66,1,5,False,1000,1000
5447,47,unweighted,10,0.0995222929936305,0,1,None,66,1,5,False,1000,1000
5448,48,unweighted,10,0.0995222929936305,0,1,None,66,1,5,False,1000,1000
5449,49,unweighted,10,0.0995222929936305,0,1,None,66,1,5,False,1000,1000
5450,45,unweighted,10,0.0995222929936305,0,2,None,66,1,5,False,1000,1000
5451,46,unweighted,10,0.0995222929936305,0,2,None,66,1,5,False,1000,1000
5452,47,unweighted,10,0.0995222929936305,0,2,None,66,1,5,False,1000,1000
5453,48,unweighted,10,0.0995222929936305,0,2,None,66,1,5,False,1000,1000
5454,49,unweighted,10,0.0995222929936305,0,2,None,66,1,5,False,1000,1000
5455,45,unweighted,10,0.0995222929936305,0,5,None,66,1,5,False,1000,1000
5456,46,unweighted,10,0.0995222929936305,0,5,None,66,1,5,False,1000,1000
5457,47,unweighted,10,0.0995222929936305,0,5,None,66,1,5,False,1000,1000
5458,48,unweighted,10,0.0995222929936305,0,5,None,66,1,5,False,1000,1000
5459,49,unweighted,10,0.0995222929936305,0,5,None,66,1,5,False,1000,1000
5460,45,unweighted,10,0.0995222929936305,0,13,None,66,1,5,False,1000,1000
5461,46,unweighted,10,0.0995222929936305,0,13,None,66,1,5,False,1000,1000
5462,47,unweighted,10,0.1717754777070063,0,13,None,66,1,5,False,1000,1000
5463,48,unweighted,10,0.1747611464968153,0,13,None,66,1,5,False,1000,1000
5464,49,unweighted,10,0.1219148089171974,0,13,None,66,1,5,False,1000,1000
5465,45,unweighted,10,0.179936305732484,0,15,None,66,1,5,False,1000,1000
5466,46,unweighted,10,0.1720740445859872,0,15,None,66,1,5,False,1000,1000
5467,47,unweighted,10,0.1392316878980891,0,15,None,66,1,5,False,1000,1000
5468,48,unweighted,10,0.1038017515923566,0,15,None,66,1,5,False,1000,1000
5469,49,unweighted,10,0.0995222929936305,0,15,None,66,1,5,False,1000,1000
5470,45,unweighted,10,0.0995222929936305,0,16,None,66,1,5,False,1000,1000
5471,46,unweighted,10,0.0995222929936305,0,16,None,66,1,5,False,1000,1000
5472,47,unweighted,10,0.1108678343949044,0,16,None,66,1,5,False,1000,1000
5473,48,unweighted,10,0.1494824840764331,0,16,None,66,1,5,False,1000,1000
5474,49,unweighted,10,0.1658041401273885,0,16,None,66,1,5,False,1000,1000
5475,45,unweighted,10,0.0995222929936305,0,19,None,66,1,5,False,1000,1000
5476,46,unweighted,10,0.0995222929936305,0,19,None,66,1,5,False,1000,1000
5477,47,unweighted,10,0.0995222929936305,0,19,None,66,1,5,False,1000,1000
5478,48,unweighted,10,0.0995222929936305,0,19,None,66,1,5,False,1000,1000
5479,49,unweighted,10,0.0995222929936305,0,19,None,66,1,5,False,1000,1000
5480,45,unweighted,10,0.0995222929936305,0,21,None,66,1,5,False,1000,1000
5481,46,unweighted,10,0.0995222929936305,0,21,None,66,1,5,False,1000,1000
5482,47,unweighted,10,0.0995222929936305,0,21,None,66,1,5,False,1000,1000
5483,48,unweighted,10,0.1090764331210191,0,21,None,66,1,5,False,1000,1000
5484,49,unweighted,10,0.1591361464968153,0,21,None,66,1,5,False,1000,1000
5485,45,unweighted,10,0.1843152866242038,0,25,None,66,1,5,False,1000,1000
5486,46,unweighted,10,0.1847133757961783,0,25,None,66,1,5,False,1000,1000
5487,47,unweighted,10,0.1852109872611465,0,25,None,66,1,5,False,1000,1000
5488,48,unweighted,10,0.185609076433121,0,25,None,66,1,5,False,1000,1000
5489,49,unweighted,10,0.1861066878980891,0,25,None,66,1,5,False,1000,1000
5490,45,unweighted,10,0.0995222929936305,0,26,None,66,1,5,False,1000,1000
5491,46,unweighted,10,0.0995222929936305,0,26,None,66,1,5,False,1000,1000
5492,47,unweighted,10,0.1097730891719745,0,26,None,66,1,5,False,1000,1000
5493,48,unweighted,10,0.1868033439490445,0,26,None,66,1,5,False,1000,1000
5494,49,unweighted,10,0.197452229299363,0,26,None,66,1,5,False,1000,1000
5495,45,unweighted,10,0.2503980891719745,0,12,None,66,1,5,False,1000,1000
5496,46,unweighted,10,0.1921775477707006,0,12,None,66,1,5,False,1000,1000
5497,47,unweighted,10,0.1938694267515923,0,12,None,66,1,5,False,1000,1000
5498,48,unweighted,10,0.1844148089171974,0,12,None,66,1,5,False,1000,1000
5499,49,unweighted,10,0.1659036624203821,0,12,None,66,1,5,False,1000,1000
5500,45,unweighted,10,0.0995222929936305,0,28,None,66,1,5,False,1000,1000
5501,46,unweighted,10,0.0995222929936305,0,28,None,66,1,5,False,1000,1000
5502,47,unweighted,10,0.1105692675159235,0,28,None,66,1,5,False,1000,1000
5503,48,unweighted,10,0.1881966560509554,0,28,None,66,1,5,False,1000,1000
5504,49,unweighted,10,0.1954617834394904,0,28,None,66,1,5,False,1000,1000
5505,45,unweighted,10,0.1628184713375796,0,29,None,66,1,5,False,1000,1000
5506,46,unweighted,10,0.1027070063694267,0,29,None,66,1,5,False,1000,1000
5507,47,unweighted,10,0.0995222929936305,0,29,None,66,1,5,False,1000,1000
5508,48,unweighted,10,0.0995222929936305,0,29,None,66,1,5,False,1000,1000
5509,49,unweighted,10,0.0995222929936305,0,29,None,66,1,5,False,1000,1000
5510,45,unweighted,10,0.1204219745222929,0,30,None,66,1,5,False,1000,1000
5511,46,unweighted,10,0.106389331210191,0,30,None,66,1,5,False,1000,1000
5512,47,unweighted,10,0.0997213375796178,0,30,None,66,1,5,False,1000,1000
5513,48,unweighted,10,0.0995222929936305,0,30,None,66,1,5,False,1000,1000
5514,49,unweighted,10,0.0995222929936305,0,30,None,66,1,5,False,1000,1000
5515,45,unweighted,10,0.0995222929936305,0,18,None,66,1,5,False,1000,1000
5516,46,unweighted,10,0.0995222929936305,0,18,None,66,1,5,False,1000,1000
5517,47,unweighted,10,0.0995222929936305,0,18,None,66,1,5,False,1000,1000
5518,48,unweighted,10,0.0995222929936305,0,18,None,66,1,5,False,1000,1000
5519,49,unweighted,10,0.0995222929936305,0,18,None,66,1,5,False,1000,1000
5520,45,unweighted,10,0.1445063694267516,0,27,None,66,1,5,False,1000,1000
5521,46,unweighted,10,0.1520700636942675,0,27,None,66,1,5,False,1000,1000
5522,47,unweighted,10,0.1723726114649681,0,27,None,66,1,5,False,1000,1000
5523,48,unweighted,10,0.0995222929936305,0,27,None,66,1,5,False,1000,1000
5524,49,unweighted,10,0.0995222929936305,0,27,None,66,1,5,False,1000,1000
5525,45,unweighted,10,0.0995222929936305,0,31,None,66,1,5,False,1000,1000
5526,46,unweighted,10,0.0995222929936305,0,31,None,66,1,5,False,1000,1000
5527,47,unweighted,10,0.0995222929936305,0,31,None,66,1,5,False,1000,1000
5528,48,unweighted,10,0.0995222929936305,0,31,None,66,1,5,False,1000,1000
5529,49,unweighted,10,0.0995222929936305,0,31,None,66,1,5,False,1000,1000
5530,45,unweighted,10,0.0995222929936305,0,7,None,66,1,5,False,1000,1000
5531,46,unweighted,10,0.0995222929936305,0,7,None,66,1,5,False,1000,1000
5532,47,unweighted,10,0.0995222929936305,0,7,None,66,1,5,False,1000,1000
5533,48,unweighted,10,0.0995222929936305,0,7,None,66,1,5,False,1000,1000
5534,49,unweighted,10,0.1072850318471337,0,7,None,66,1,5,False,1000,1000
5535,45,unweighted,10,0.1121616242038216,0,11,None,66,1,5,False,1000,1000
5536,46,unweighted,10,0.1106687898089172,0,11,None,66,1,5,False,1000,1000
5537,47,unweighted,10,0.1094745222929936,0,11,None,66,1,5,False,1000,1000
5538,48,unweighted,10,0.1076831210191082,0,11,None,66,1,5,False,1000,1000
5539,49,unweighted,10,0.1066878980891719,0,11,None,66,1,5,False,1000,1000
5540,45,unweighted,10,0.2017316878980891,0,17,None,66,1,5,False,1000,1000
5541,46,unweighted,10,0.2137738853503184,0,17,None,66,1,5,False,1000,1000
5542,47,unweighted,10,0.1834195859872611,0,17,None,66,1,5,False,1000,1000
5543,48,unweighted,10,0.1806329617834395,0,17,None,66,1,5,False,1000,1000
5544,49,unweighted,10,0.1674960191082802,0,17,None,66,1,5,False,1000,1000
5545,45,unweighted,10,0.1413216560509554,0,24,None,66,1,5,False,1000,1000
5546,46,unweighted,10,0.1376393312101911,0,24,None,66,1,5,False,1000,1000
5547,47,unweighted,10,0.1031050955414012,0,24,None,66,1,5,False,1000,1000
5548,48,unweighted,10,0.0995222929936305,0,24,None,66,1,5,False,1000,1000
5549,49,unweighted,10,0.0995222929936305,0,24,None,66,1,5,False,1000,1000
5550,45,unweighted,10,0.1088773885350318,0,0,None,66,1,5,False,1000,1000
5551,46,unweighted,10,0.1622213375796178,0,0,None,66,1,5,False,1000,1000
5552,47,unweighted,10,0.134156050955414,0,0,None,66,1,5,False,1000,1000
5553,48,unweighted,10,0.1012141719745222,0,0,None,66,1,5,False,1000,1000
5554,49,unweighted,10,0.0995222929936305,0,0,None,66,1,5,False,1000,1000
5555,45,unweighted,10,0.1841162420382165,0,3,None,66,1,5,False,1000,1000
5556,46,unweighted,10,0.1894904458598726,0,3,None,66,1,5,False,1000,1000
5557,47,unweighted,10,0.1854100318471337,0,3,None,66,1,5,False,1000,1000
5558,48,unweighted,10,0.1771496815286624,0,3,None,66,1,5,False,1000,1000
5559,49,unweighted,10,0.1666998407643312,0,3,None,66,1,5,False,1000,1000
5560,45,unweighted,10,0.0995222929936305,0,8,None,66,1,5,False,1000,1000
5561,46,unweighted,10,0.0995222929936305,0,8,None,66,1,5,False,1000,1000
5562,47,unweighted,10,0.0995222929936305,0,8,None,66,1,5,False,1000,1000
5563,48,unweighted,10,0.0995222929936305,0,8,None,66,1,5,False,1000,1000
5564,49,unweighted,10,0.0995222929936305,0,8,None,66,1,5,False,1000,1000
5565,45,unweighted,10,0.0995222929936305,0,4,None,66,1,5,False,1000,1000
5566,46,unweighted,10,0.0995222929936305,0,4,None,66,1,5,False,1000,1000
5567,47,unweighted,10,0.0995222929936305,0,4,None,66,1,5,False,1000,1000
5568,48,unweighted,10,0.1445063694267516,0,4,None,66,1,5,False,1000,1000
5569,49,unweighted,10,0.1819267515923567,0,4,None,66,1,5,False,1000,1000
5570,45,unweighted,10,0.1073845541401273,0,20,None,66,1,5,False,1000,1000
5571,46,unweighted,10,0.1023089171974522,0,20,None,66,1,5,False,1000,1000
5572,47,unweighted,10,0.1495820063694267,0,20,None,66,1,5,False,1000,1000
5573,48,unweighted,10,0.1843152866242038,0,20,None,66,1,5,False,1000,1000
5574,49,unweighted,10,0.1792396496815286,0,20,None,66,1,5,False,1000,1000
5575,45,unweighted,10,0.0995222929936305,0,10,None,66,1,5,False,1000,1000
5576,46,unweighted,10,0.0995222929936305,0,10,None,66,1,5,False,1000,1000
5577,47,unweighted,10,0.0995222929936305,0,10,None,66,1,5,False,1000,1000
5578,48,unweighted,10,0.0995222929936305,0,10,None,66,1,5,False,1000,1000
5579,49,unweighted,10,0.0995222929936305,0,10,None,66,1,5,False,1000,1000
5580,45,unweighted,10,0.0995222929936305,0,23,None,66,1,5,False,1000,1000
5581,46,unweighted,10,0.0995222929936305,0,23,None,66,1,5,False,1000,1000
5582,47,unweighted,10,0.0995222929936305,0,23,None,66,1,5,False,1000,1000
5583,48,unweighted,10,0.0995222929936305,0,23,None,66,1,5,False,1000,1000
5584,49,unweighted,10,0.1006170382165605,0,23,None,66,1,5,False,1000,1000
5585,45,unweighted,10,0.1826234076433121,0,32,None,66,1,5,False,1000,1000
5586,46,unweighted,10,0.1554538216560509,0,32,None,66,1,5,False,1000,1000
5587,47,unweighted,10,0.1121616242038216,0,32,None,66,1,5,False,1000,1000
5588,48,unweighted,10,0.0995222929936305,0,32,None,66,1,5,False,1000,1000
5589,49,unweighted,10,0.0995222929936305,0,32,None,66,1,5,False,1000,1000
5590,45,unweighted,10,0.0995222929936305,0,9,None,66,1,5,False,1000,1000
5591,46,unweighted,10,0.0995222929936305,0,9,None,66,1,5,False,1000,1000
5592,47,unweighted,10,0.0995222929936305,0,9,None,66,1,5,False,1000,1000
5593,48,unweighted,10,0.1489848726114649,0,9,None,66,1,5,False,1000,1000
5594,49,unweighted,10,0.1504777070063694,0,9,None,66,1,5,False,1000,1000
5595,45,unweighted,10,0.0995222929936305,0,6,None,66,1,5,False,1000,1000
5596,46,unweighted,10,0.1748606687898089,0,6,None,66,1,5,False,1000,1000
5597,47,unweighted,10,0.122014331210191,0,6,None,66,1,5,False,1000,1000
5598,48,unweighted,10,0.1508757961783439,0,6,None,66,1,5,False,1000,1000
5599,49,unweighted,10,0.1755573248407643,0,6,None,66,1,5,False,1000,1000
5600,45,unweighted,10,0.0995222929936305,0,22,None,66,1,5,False,1000,1000
5601,46,unweighted,10,0.0995222929936305,0,22,None,66,1,5,False,1000,1000
5602,47,unweighted,10,0.0995222929936305,0,22,None,66,1,5,False,1000,1000
5603,48,unweighted,10,0.0995222929936305,0,22,None,66,1,5,False,1000,1000
5604,49,unweighted,10,0.0995222929936305,0,22,None,66,1,5,False,1000,1000
5605,45,unweighted,10,0.1222133757961783,0,14,None,66,1,5,False,1000,1000
5606,46,unweighted,10,0.1083797770700636,0,14,None,66,1,5,False,1000,1000
5607,47,unweighted,10,0.1014132165605095,0,14,None,66,1,5,False,1000,1000
5608,48,unweighted,10,0.1033041401273885,0,14,None,66,1,5,False,1000,1000
5609,49,unweighted,10,0.1637141719745223,0,14,None,66,1,5,False,1000,1000
5610,50,unweighted,10,0.1381369426751592,0,24,None,66,1,5,False,1000,1000
5611,51,unweighted,10,0.1453025477707006,0,24,None,66,1,5,False,1000,1000
5612,52,unweighted,10,0.1170382165605095,0,24,None,66,1,5,False,1000,1000
5613,53,unweighted,10,0.1014132165605095,0,24,None,66,1,5,False,1000,1000
5614,54,unweighted,10,0.0997213375796178,0,24,None,66,1,5,False,1000,1000
5615,50,unweighted,10,0.0995222929936305,0,31,None,66,1,5,False,1000,1000
5616,51,unweighted,10,0.0995222929936305,0,31,None,66,1,5,False,1000,1000
5617,52,unweighted,10,0.0995222929936305,0,31,None,66,1,5,False,1000,1000
5618,53,unweighted,10,0.0995222929936305,0,31,None,66,1,5,False,1000,1000
5619,54,unweighted,10,0.0995222929936305,0,31,None,66,1,5,False,1000,1000
5620,50,unweighted,10,0.0995222929936305,0,19,None,66,1,5,False,1000,1000
5621,51,unweighted,10,0.0995222929936305,0,19,None,66,1,5,False,1000,1000
5622,52,unweighted,10,0.0995222929936305,0,19,None,66,1,5,False,1000,1000
5623,53,unweighted,10,0.0995222929936305,0,19,None,66,1,5,False,1000,1000
5624,54,unweighted,10,0.0995222929936305,0,19,None,66,1,5,False,1000,1000
5625,50,unweighted,10,0.179936305732484,0,1,None,66,1,5,False,1000,1000
5626,51,unweighted,10,0.1645103503184713,0,1,None,66,1,5,False,1000,1000
5627,52,unweighted,10,0.0995222929936305,0,1,None,66,1,5,False,1000,1000
5628,53,unweighted,10,0.0995222929936305,0,1,None,66,1,5,False,1000,1000
5629,54,unweighted,10,0.0995222929936305,0,1,None,66,1,5,False,1000,1000
5630,50,unweighted,10,0.0995222929936305,0,21,None,66,1,5,False,1000,1000
5631,51,unweighted,10,0.0995222929936305,0,21,None,66,1,5,False,1000,1000
5632,52,unweighted,10,0.0995222929936305,0,21,None,66,1,5,False,1000,1000
5633,53,unweighted,10,0.0985270700636942,0,21,None,66,1,5,False,1000,1000
5634,54,unweighted,10,0.1056926751592356,0,21,None,66,1,5,False,1000,1000
5635,50,unweighted,10,0.1197253184713375,0,2,None,66,1,5,False,1000,1000
5636,51,unweighted,10,0.0995222929936305,0,2,None,66,1,5,False,1000,1000
5637,52,unweighted,10,0.0995222929936305,0,2,None,66,1,5,False,1000,1000
5638,53,unweighted,10,0.0995222929936305,0,2,None,66,1,5,False,1000,1000
5639,54,unweighted,10,0.0995222929936305,0,2,None,66,1,5,False,1000,1000
5640,50,unweighted,10,0.1265923566878981,0,17,None,66,1,5,False,1000,1000
5641,51,unweighted,10,0.1000199044585987,0,17,None,66,1,5,False,1000,1000
5642,52,unweighted,10,0.1013136942675159,0,17,None,66,1,5,False,1000,1000
5643,53,unweighted,10,0.1290804140127388,0,17,None,66,1,5,False,1000,1000
5644,54,unweighted,10,0.1606289808917197,0,17,None,66,1,5,False,1000,1000
5645,50,unweighted,10,0.1579418789808917,0,18,None,66,1,5,False,1000,1000
5646,51,unweighted,10,0.1219148089171974,0,18,None,66,1,5,False,1000,1000
5647,52,unweighted,10,0.1012141719745222,0,18,None,66,1,5,False,1000,1000
5648,53,unweighted,10,0.0984275477707006,0,18,None,66,1,5,False,1000,1000
5649,54,unweighted,10,0.0995222929936305,0,18,None,66,1,5,False,1000,1000
5650,50,unweighted,10,0.122014331210191,0,29,None,66,1,5,False,1000,1000
5651,51,unweighted,10,0.1443073248407643,0,29,None,66,1,5,False,1000,1000
5652,52,unweighted,10,0.1001194267515923,0,29,None,66,1,5,False,1000,1000
5653,53,unweighted,10,0.0995222929936305,0,29,None,66,1,5,False,1000,1000
5654,54,unweighted,10,0.0995222929936305,0,29,None,66,1,5,False,1000,1000
5655,50,unweighted,10,0.0995222929936305,0,9,None,66,1,5,False,1000,1000
5656,51,unweighted,10,0.0995222929936305,0,9,None,66,1,5,False,1000,1000
5657,52,unweighted,10,0.0995222929936305,0,9,None,66,1,5,False,1000,1000
5658,53,unweighted,10,0.116640127388535,0,9,None,66,1,5,False,1000,1000
5659,54,unweighted,10,0.1677945859872611,0,9,None,66,1,5,False,1000,1000
5660,50,unweighted,10,0.1767515923566879,0,20,None,66,1,5,False,1000,1000
5661,51,unweighted,10,0.0995222929936305,0,20,None,66,1,5,False,1000,1000
5662,52,unweighted,10,0.0995222929936305,0,20,None,66,1,5,False,1000,1000
5663,53,unweighted,10,0.0995222929936305,0,20,None,66,1,5,False,1000,1000
5664,54,unweighted,10,0.0995222929936305,0,20,None,66,1,5,False,1000,1000
5665,50,unweighted,10,0.1027070063694267,0,8,None,66,1,5,False,1000,1000
5666,51,unweighted,10,0.0995222929936305,0,8,None,66,1,5,False,1000,1000
5667,52,unweighted,10,0.0995222929936305,0,8,None,66,1,5,False,1000,1000
5668,53,unweighted,10,0.0995222929936305,0,8,None,66,1,5,False,1000,1000
5669,54,unweighted,10,0.0995222929936305,0,8,None,66,1,5,False,1000,1000
5670,50,unweighted,10,0.1642117834394904,0,23,None,66,1,5,False,1000,1000
5671,51,unweighted,10,0.2307921974522293,0,23,None,66,1,5,False,1000,1000
5672,52,unweighted,10,0.1572452229299363,0,23,None,66,1,5,False,1000,1000
5673,53,unweighted,10,0.161624203821656,0,23,None,66,1,5,False,1000,1000
5674,54,unweighted,10,0.1714769108280254,0,23,None,66,1,5,False,1000,1000
5675,50,unweighted,10,0.0995222929936305,0,16,None,66,1,5,False,1000,1000
5676,51,unweighted,10,0.0995222929936305,0,16,None,66,1,5,False,1000,1000
5677,52,unweighted,10,0.1011146496815286,0,16,None,66,1,5,False,1000,1000
5678,53,unweighted,10,0.1301751592356688,0,16,None,66,1,5,False,1000,1000
5679,54,unweighted,10,0.1573447452229299,0,16,None,66,1,5,False,1000,1000
5680,50,unweighted,10,0.0995222929936305,0,7,None,66,1,5,False,1000,1000
5681,51,unweighted,10,0.0995222929936305,0,7,None,66,1,5,False,1000,1000
5682,52,unweighted,10,0.0995222929936305,0,7,None,66,1,5,False,1000,1000
5683,53,unweighted,10,0.0995222929936305,0,7,None,66,1,5,False,1000,1000
5684,54,unweighted,10,0.1030055732484076,0,7,None,66,1,5,False,1000,1000
5685,50,unweighted,10,0.1870023885350318,0,32,None,66,1,5,False,1000,1000
5686,51,unweighted,10,0.1751592356687898,0,32,None,66,1,5,False,1000,1000
5687,52,unweighted,10,0.1538614649681528,0,32,None,66,1,5,False,1000,1000
5688,53,unweighted,10,0.1268909235668789,0,32,None,66,1,5,False,1000,1000
5689,54,unweighted,10,0.1051950636942675,0,32,None,66,1,5,False,1000,1000
5690,50,unweighted,10,0.0995222929936305,0,13,None,66,1,5,False,1000,1000
5691,51,unweighted,10,0.0995222929936305,0,13,None,66,1,5,False,1000,1000
5692,52,unweighted,10,0.1899880573248407,0,13,None,66,1,5,False,1000,1000
5693,53,unweighted,10,0.1698845541401273,0,13,None,66,1,5,False,1000,1000
5694,54,unweighted,10,0.1279856687898089,0,13,None,66,1,5,False,1000,1000
5695,50,unweighted,10,0.0996218152866242,0,12,None,66,1,5,False,1000,1000
5696,51,unweighted,10,0.0995222929936305,0,12,None,66,1,5,False,1000,1000
5697,52,unweighted,10,0.0995222929936305,0,12,None,66,1,5,False,1000,1000
5698,53,unweighted,10,0.0995222929936305,0,12,None,66,1,5,False,1000,1000
5699,54,unweighted,10,0.0995222929936305,0,12,None,66,1,5,False,1000,1000
5700,50,unweighted,10,0.1870023885350318,0,25,None,66,1,5,False,1000,1000
5701,51,unweighted,10,0.1873009554140127,0,25,None,66,1,5,False,1000,1000
5702,52,unweighted,10,0.1875,0,25,None,66,1,5,False,1000,1000
5703,53,unweighted,10,0.1876990445859872,0,25,None,66,1,5,False,1000,1000
5704,54,unweighted,10,0.1879976114649681,0,25,None,66,1,5,False,1000,1000
5705,50,unweighted,10,0.0995222929936305,0,26,None,66,1,5,False,1000,1000
5706,51,unweighted,10,0.1003184713375796,0,26,None,66,1,5,False,1000,1000
5707,52,unweighted,10,0.1652070063694267,0,26,None,66,1,5,False,1000,1000
5708,53,unweighted,10,0.194765127388535,0,26,None,66,1,5,False,1000,1000
5709,54,unweighted,10,0.1975517515923567,0,26,None,66,1,5,False,1000,1000
5710,50,unweighted,10,0.1416202229299363,0,30,None,66,1,5,False,1000,1000
5711,51,unweighted,10,0.1290804140127388,0,30,None,66,1,5,False,1000,1000
5712,52,unweighted,10,0.1178343949044586,0,30,None,66,1,5,False,1000,1000
5713,53,unweighted,10,0.1097730891719745,0,30,None,66,1,5,False,1000,1000
5714,54,unweighted,10,0.1031050955414012,0,30,None,66,1,5,False,1000,1000
5715,50,unweighted,10,0.1033041401273885,0,27,None,66,1,5,False,1000,1000
5716,51,unweighted,10,0.1363455414012739,0,27,None,66,1,5,False,1000,1000
5717,52,unweighted,10,0.1472929936305732,0,27,None,66,1,5,False,1000,1000
5718,53,unweighted,10,0.1911823248407643,0,27,None,66,1,5,False,1000,1000
5719,54,unweighted,10,0.0995222929936305,0,27,None,66,1,5,False,1000,1000
5720,50,unweighted,10,0.1669984076433121,0,14,None,66,1,5,False,1000,1000
5721,51,unweighted,10,0.1590366242038216,0,14,None,66,1,5,False,1000,1000
5722,52,unweighted,10,0.1499800955414012,0,14,None,66,1,5,False,1000,1000
5723,53,unweighted,10,0.1466958598726114,0,14,None,66,1,5,False,1000,1000
5724,54,unweighted,10,0.1870023885350318,0,14,None,66,1,5,False,1000,1000
5725,50,unweighted,10,0.0995222929936305,0,22,None,66,1,5,False,1000,1000
5726,51,unweighted,10,0.0995222929936305,0,22,None,66,1,5,False,1000,1000
5727,52,unweighted,10,0.0995222929936305,0,22,None,66,1,5,False,1000,1000
5728,53,unweighted,10,0.0995222929936305,0,22,None,66,1,5,False,1000,1000
5729,54,unweighted,10,0.0995222929936305,0,22,None,66,1,5,False,1000,1000
5730,50,unweighted,10,0.0995222929936305,0,28,None,66,1,5,False,1000,1000
5731,51,unweighted,10,0.0995222929936305,0,28,None,66,1,5,False,1000,1000
5732,52,unweighted,10,0.1041998407643312,0,28,None,66,1,5,False,1000,1000
5733,53,unweighted,10,0.176453025477707,0,28,None,66,1,5,False,1000,1000
5734,54,unweighted,10,0.1935708598726114,0,28,None,66,1,5,False,1000,1000
5735,50,unweighted,10,0.0995222929936305,0,5,None,66,1,5,False,1000,1000
5736,51,unweighted,10,0.0995222929936305,0,5,None,66,1,5,False,1000,1000
5737,52,unweighted,10,0.0995222929936305,0,5,None,66,1,5,False,1000,1000
5738,53,unweighted,10,0.0995222929936305,0,5,None,66,1,5,False,1000,1000
5739,54,unweighted,10,0.0995222929936305,0,5,None,66,1,5,False,1000,1000
5740,50,unweighted,10,0.147890127388535,0,0,None,66,1,5,False,1000,1000
5741,51,unweighted,10,0.1500796178343949,0,0,None,66,1,5,False,1000,1000
5742,52,unweighted,10,0.1529657643312102,0,0,None,66,1,5,False,1000,1000
5743,53,unweighted,10,0.1824243630573248,0,0,None,66,1,5,False,1000,1000
5744,54,unweighted,10,0.2063097133757961,0,0,None,66,1,5,False,1000,1000
5745,50,unweighted,10,0.0995222929936305,0,6,None,66,1,5,False,1000,1000
5746,51,unweighted,10,0.2093949044585987,0,6,None,66,1,5,False,1000,1000
5747,52,unweighted,10,0.2756767515923566,0,6,None,66,1,5,False,1000,1000
5748,53,unweighted,10,0.15515525477707,0,6,None,66,1,5,False,1000,1000
5749,54,unweighted,10,0.1095740445859872,0,6,None,66,1,5,False,1000,1000
5750,50,unweighted,10,0.0995222929936305,0,4,None,66,1,5,False,1000,1000
5751,51,unweighted,10,0.0995222929936305,0,4,None,66,1,5,False,1000,1000
5752,52,unweighted,10,0.1258957006369426,0,4,None,66,1,5,False,1000,1000
5753,53,unweighted,10,0.1740644904458598,0,4,None,66,1,5,False,1000,1000
5754,54,unweighted,10,0.1821257961783439,0,4,None,66,1,5,False,1000,1000
5755,50,unweighted,10,0.165406050955414,0,3,None,66,1,5,False,1000,1000
5756,51,unweighted,10,0.1875995222929936,0,3,None,66,1,5,False,1000,1000
5757,52,unweighted,10,0.1898885350318471,0,3,None,66,1,5,False,1000,1000
5758,53,unweighted,10,0.1875995222929936,0,3,None,66,1,5,False,1000,1000
5759,54,unweighted,10,0.1846138535031847,0,3,None,66,1,5,False,1000,1000
5760,50,unweighted,10,0.0995222929936305,0,10,None,66,1,5,False,1000,1000
5761,51,unweighted,10,0.0995222929936305,0,10,None,66,1,5,False,1000,1000
5762,52,unweighted,10,0.0995222929936305,0,10,None,66,1,5,False,1000,1000
5763,53,unweighted,10,0.0994227707006369,0,10,None,66,1,5,False,1000,1000
5764,54,unweighted,10,0.1073845541401273,0,10,None,66,1,5,False,1000,1000
5765,50,unweighted,10,0.0995222929936305,0,11,None,66,1,5,False,1000,1000
5766,51,unweighted,10,0.0995222929936305,0,11,None,66,1,5,False,1000,1000
5767,52,unweighted,10,0.0995222929936305,0,11,None,66,1,5,False,1000,1000
5768,53,unweighted,10,0.0995222929936305,0,11,None,66,1,5,False,1000,1000
5769,54,unweighted,10,0.0995222929936305,0,11,None,66,1,5,False,1000,1000
5770,50,unweighted,10,0.1778463375796178,0,15,None,66,1,5,False,1000,1000
5771,51,unweighted,10,0.177249203821656,0,15,None,66,1,5,False,1000,1000
5772,52,unweighted,10,0.1617237261146497,0,15,None,66,1,5,False,1000,1000
5773,53,unweighted,10,0.1314689490445859,0,15,None,66,1,5,False,1000,1000
5774,54,unweighted,10,0.1048964968152866,0,15,None,66,1,5,False,1000,1000
7590,55,unweighted,10,0.1638136942675159,0,16,None,66,1,5,False,1000,1000
7591,56,unweighted,10,0.1439092356687898,0,16,None,66,1,5,False,1000,1000
7592,57,unweighted,10,0.1235071656050955,0,16,None,66,1,5,False,1000,1000
7593,58,unweighted,10,0.1096735668789808,0,16,None,66,1,5,False,1000,1000
7594,59,unweighted,10,0.1041003184713375,0,16,None,66,1,5,False,1000,1000
7595,55,unweighted,10,0.0995222929936305,0,8,None,66,1,5,False,1000,1000
7596,56,unweighted,10,0.0995222929936305,0,8,None,66,1,5,False,1000,1000
7597,57,unweighted,10,0.0995222929936305,0,8,None,66,1,5,False,1000,1000
7598,58,unweighted,10,0.0995222929936305,0,8,None,66,1,5,False,1000,1000
7599,59,unweighted,10,0.0995222929936305,0,8,None,66,1,5,False,1000,1000
7600,55,unweighted,10,0.0995222929936305,0,19,None,66,1,5,False,1000,1000
7601,56,unweighted,10,0.0995222929936305,0,19,None,66,1,5,False,1000,1000
7602,57,unweighted,10,0.0995222929936305,0,19,None,66,1,5,False,1000,1000
7603,58,unweighted,10,0.0995222929936305,0,19,None,66,1,5,False,1000,1000
7604,59,unweighted,10,0.0995222929936305,0,19,None,66,1,5,False,1000,1000
7605,55,unweighted,10,0.1513734076433121,0,14,None,66,1,5,False,1000,1000
7606,56,unweighted,10,0.1467953821656051,0,14,None,66,1,5,False,1000,1000
7607,57,unweighted,10,0.1434116242038216,0,14,None,66,1,5,False,1000,1000
7608,58,unweighted,10,0.1417197452229299,0,14,None,66,1,5,False,1000,1000
7609,59,unweighted,10,0.1690883757961783,0,14,None,66,1,5,False,1000,1000
7610,55,unweighted,10,0.0995222929936305,0,22,None,66,1,5,False,1000,1000
7611,56,unweighted,10,0.0995222929936305,0,22,None,66,1,5,False,1000,1000
7612,57,unweighted,10,0.0995222929936305,0,22,None,66,1,5,False,1000,1000
7613,58,unweighted,10,0.0995222929936305,0,22,None,66,1,5,False,1000,1000
7614,59,unweighted,10,0.0995222929936305,0,22,None,66,1,5,False,1000,1000
7615,55,unweighted,10,0.0995222929936305,0,21,None,66,1,5,False,1000,1000
7616,56,unweighted,10,0.0992237261146496,0,21,None,66,1,5,False,1000,1000
7617,57,unweighted,10,0.1007165605095541,0,21,None,66,1,5,False,1000,1000
7618,58,unweighted,10,0.1228105095541401,0,21,None,66,1,5,False,1000,1000
7619,59,unweighted,10,0.1490843949044586,0,21,None,66,1,5,False,1000,1000
7620,55,unweighted,10,0.1484872611464968,0,25,None,66,1,5,False,1000,1000
7621,56,unweighted,10,0.1566480891719745,0,25,None,66,1,5,False,1000,1000
7622,57,unweighted,10,0.1623208598726114,0,25,None,66,1,5,False,1000,1000
7623,58,unweighted,10,0.1668988853503184,0,25,None,66,1,5,False,1000,1000
7624,59,unweighted,10,0.1712778662420382,0,25,None,66,1,5,False,1000,1000
7625,55,unweighted,10,0.1207205414012738,0,26,None,66,1,5,False,1000,1000
7626,56,unweighted,10,0.1835191082802547,0,26,None,66,1,5,False,1000,1000
7627,57,unweighted,10,0.197452229299363,0,26,None,66,1,5,False,1000,1000
7628,58,unweighted,10,0.1983479299363057,0,26,None,66,1,5,False,1000,1000
7629,59,unweighted,10,0.1961584394904458,0,26,None,66,1,5,False,1000,1000
7630,55,unweighted,10,0.1450039808917197,0,24,None,66,1,5,False,1000,1000
7631,56,unweighted,10,0.1259952229299363,0,24,None,66,1,5,False,1000,1000
7632,57,unweighted,10,0.1096735668789808,0,24,None,66,1,5,False,1000,1000
7633,58,unweighted,10,0.1025079617834394,0,24,None,66,1,5,False,1000,1000
7634,59,unweighted,10,0.1007165605095541,0,24,None,66,1,5,False,1000,1000
7635,55,unweighted,10,0.1001194267515923,0,29,None,66,1,5,False,1000,1000
7636,56,unweighted,10,0.1615246815286624,0,29,None,66,1,5,False,1000,1000
7637,57,unweighted,10,0.1280851910828025,0,29,None,66,1,5,False,1000,1000
7638,58,unweighted,10,0.0999203821656051,0,29,None,66,1,5,False,1000,1000
7639,59,unweighted,10,0.0995222929936305,0,29,None,66,1,5,False,1000,1000
7640,55,unweighted,10,0.1838176751592356,0,30,None,66,1,5,False,1000,1000
7641,56,unweighted,10,0.1675955414012739,0,30,None,66,1,5,False,1000,1000
7642,57,unweighted,10,0.1590366242038216,0,30,None,66,1,5,False,1000,1000
7643,58,unweighted,10,0.1520700636942675,0,30,None,66,1,5,False,1000,1000
7644,59,unweighted,10,0.1454020700636942,0,30,None,66,1,5,False,1000,1000
7645,55,unweighted,10,0.0996218152866242,0,6,None,66,1,5,False,1000,1000
7646,56,unweighted,10,0.183718152866242,0,6,None,66,1,5,False,1000,1000
7647,57,unweighted,10,0.2913017515923566,0,6,None,66,1,5,False,1000,1000
7648,58,unweighted,10,0.2359673566878981,0,6,None,66,1,5,False,1000,1000
7649,59,unweighted,10,0.2232285031847133,0,6,None,66,1,5,False,1000,1000
7650,55,unweighted,10,0.0995222929936305,0,31,None,66,1,5,False,1000,1000
7651,56,unweighted,10,0.0995222929936305,0,31,None,66,1,5,False,1000,1000
7652,57,unweighted,10,0.0995222929936305,0,31,None,66,1,5,False,1000,1000
7653,58,unweighted,10,0.0995222929936305,0,31,None,66,1,5,False,1000,1000
7654,59,unweighted,10,0.0995222929936305,0,31,None,66,1,5,False,1000,1000
7655,55,unweighted,10,0.0995222929936305,0,27,None,66,1,5,False,1000,1000
7656,56,unweighted,10,0.0995222929936305,0,27,None,66,1,5,False,1000,1000
7657,57,unweighted,10,0.0995222929936305,0,27,None,66,1,5,False,1000,1000
7658,58,unweighted,10,0.1204219745222929,0,27,None,66,1,5,False,1000,1000
7659,59,unweighted,10,0.0995222929936305,0,27,None,66,1,5,False,1000,1000
7660,55,unweighted,10,0.1890923566878981,0,32,None,66,1,5,False,1000,1000
7661,56,unweighted,10,0.183718152866242,0,32,None,66,1,5,False,1000,1000
7662,57,unweighted,10,0.1741640127388535,0,32,None,66,1,5,False,1000,1000
7663,58,unweighted,10,0.1623208598726114,0,32,None,66,1,5,False,1000,1000
7664,59,unweighted,10,0.1485867834394904,0,32,None,66,1,5,False,1000,1000
7665,55,unweighted,10,0.2516918789808917,0,1,None,66,1,5,False,1000,1000
7666,56,unweighted,10,0.1866042993630573,0,1,None,66,1,5,False,1000,1000
7667,57,unweighted,10,0.1184315286624203,0,1,None,66,1,5,False,1000,1000
7668,58,unweighted,10,0.0995222929936305,0,1,None,66,1,5,False,1000,1000
7669,59,unweighted,10,0.0995222929936305,0,1,None,66,1,5,False,1000,1000
7670,55,unweighted,10,0.0995222929936305,0,13,None,66,1,5,False,1000,1000
7671,56,unweighted,10,0.1042993630573248,0,13,None,66,1,5,False,1000,1000
7672,57,unweighted,10,0.1905851910828025,0,13,None,66,1,5,False,1000,1000
7673,58,unweighted,10,0.1760549363057325,0,13,None,66,1,5,False,1000,1000
7674,59,unweighted,10,0.1475915605095541,0,13,None,66,1,5,False,1000,1000
7675,55,unweighted,10,0.1676950636942675,0,23,None,66,1,5,False,1000,1000
7676,56,unweighted,10,0.201234076433121,0,23,None,66,1,5,False,1000,1000
7677,57,unweighted,10,0.1612261146496815,0,23,None,66,1,5,False,1000,1000
7678,58,unweighted,10,0.1410230891719745,0,23,None,66,1,5,False,1000,1000
7679,59,unweighted,10,0.1587380573248407,0,23,None,66,1,5,False,1000,1000
7680,55,unweighted,10,0.1681926751592356,0,2,None,66,1,5,False,1000,1000
7681,56,unweighted,10,0.1155453821656051,0,2,None,66,1,5,False,1000,1000
7682,57,unweighted,10,0.0995222929936305,0,2,None,66,1,5,False,1000,1000
7683,58,unweighted,10,0.0995222929936305,0,2,None,66,1,5,False,1000,1000
7684,59,unweighted,10,0.0995222929936305,0,2,None,66,1,5,False,1000,1000
7685,55,unweighted,10,0.2156648089171974,0,0,None,66,1,5,False,1000,1000
7686,56,unweighted,10,0.1750597133757961,0,0,None,66,1,5,False,1000,1000
7687,57,unweighted,10,0.2124800955414012,0,0,None,66,1,5,False,1000,1000
7688,58,unweighted,10,0.2155652866242038,0,0,None,66,1,5,False,1000,1000
7689,59,unweighted,10,0.1857085987261146,0,0,None,66,1,5,False,1000,1000
7690,55,unweighted,10,0.1233081210191082,0,3,None,66,1,5,False,1000,1000
7691,56,unweighted,10,0.1759554140127388,0,3,None,66,1,5,False,1000,1000
7692,57,unweighted,10,0.1878980891719745,0,3,None,66,1,5,False,1000,1000
7693,58,unweighted,10,0.190983280254777,0,3,None,66,1,5,False,1000,1000
7694,59,unweighted,10,0.1896894904458598,0,3,None,66,1,5,False,1000,1000
7695,55,unweighted,10,0.0995222929936305,0,5,None,66,1,5,False,1000,1000
7696,56,unweighted,10,0.0995222929936305,0,5,None,66,1,5,False,1000,1000
7697,57,unweighted,10,0.0995222929936305,0,5,None,66,1,5,False,1000,1000
7698,58,unweighted,10,0.0995222929936305,0,5,None,66,1,5,False,1000,1000
7699,59,unweighted,10,0.0995222929936305,0,5,None,66,1,5,False,1000,1000
7700,55,unweighted,10,0.0995222929936305,0,4,None,66,1,5,False,1000,1000
7701,56,unweighted,10,0.0995222929936305,0,4,None,66,1,5,False,1000,1000
7702,57,unweighted,10,0.0995222929936305,0,4,None,66,1,5,False,1000,1000
7703,58,unweighted,10,0.0995222929936305,0,4,None,66,1,5,False,1000,1000
7704,59,unweighted,10,0.1009156050955414,0,4,None,66,1,5,False,1000,1000
7705,55,unweighted,10,0.0999203821656051,0,7,None,66,1,5,False,1000,1000
7706,56,unweighted,10,0.0995222929936305,0,7,None,66,1,5,False,1000,1000
7707,57,unweighted,10,0.0995222929936305,0,7,None,66,1,5,False,1000,1000
7708,58,unweighted,10,0.0995222929936305,0,7,None,66,1,5,False,1000,1000
7709,59,unweighted,10,0.0995222929936305,0,7,None,66,1,5,False,1000,1000
7710,55,unweighted,10,0.0995222929936305,0,10,None,66,1,5,False,1000,1000
7711,56,unweighted,10,0.0995222929936305,0,10,None,66,1,5,False,1000,1000
7712,57,unweighted,10,0.0995222929936305,0,10,None,66,1,5,False,1000,1000
7713,58,unweighted,10,0.0995222929936305,0,10,None,66,1,5,False,1000,1000
7714,59,unweighted,10,0.1047969745222929,0,10,None,66,1,5,False,1000,1000
7715,55,unweighted,10,0.0995222929936305,0,9,None,66,1,5,False,1000,1000
7716,56,unweighted,10,0.0995222929936305,0,9,None,66,1,5,False,1000,1000
7717,57,unweighted,10,0.0995222929936305,0,9,None,66,1,5,False,1000,1000
7718,58,unweighted,10,0.0995222929936305,0,9,None,66,1,5,False,1000,1000
7719,59,unweighted,10,0.0995222929936305,0,9,None,66,1,5,False,1000,1000
7720,55,unweighted,10,0.0995222929936305,0,11,None,66,1,5,False,1000,1000
7721,56,unweighted,10,0.0995222929936305,0,11,None,66,1,5,False,1000,1000
7722,57,unweighted,10,0.0995222929936305,0,11,None,66,1,5,False,1000,1000
7723,58,unweighted,10,0.0995222929936305,0,11,None,66,1,5,False,1000,1000
7724,59,unweighted,10,0.0995222929936305,0,11,None,66,1,5,False,1000,1000
7725,55,unweighted,10,0.2864251592356688,0,12,None,66,1,5,False,1000,1000
7726,56,unweighted,10,0.2686106687898089,0,12,None,66,1,5,False,1000,1000
7727,57,unweighted,10,0.1424164012738853,0,12,None,66,1,5,False,1000,1000
7728,58,unweighted,10,0.1178343949044586,0,12,None,66,1,5,False,1000,1000
7729,59,unweighted,10,0.105593152866242,0,12,None,66,1,5,False,1000,1000
7730,55,unweighted,10,0.1430135350318471,0,15,None,66,1,5,False,1000,1000
7731,56,unweighted,10,0.1779458598726114,0,15,None,66,1,5,False,1000,1000
7732,57,unweighted,10,0.1758558917197452,0,15,None,66,1,5,False,1000,1000
7733,58,unweighted,10,0.163515127388535,0,15,None,66,1,5,False,1000,1000
7734,59,unweighted,10,0.1461982484076433,0,15,None,66,1,5,False,1000,1000
7735,55,unweighted,10,0.1649084394904458,0,17,None,66,1,5,False,1000,1000
7736,56,unweighted,10,0.1418192675159235,0,17,None,66,1,5,False,1000,1000
7737,57,unweighted,10,0.1221138535031847,0,17,None,66,1,5,False,1000,1000
7738,58,unweighted,10,0.136046974522293,0,17,None,66,1,5,False,1000,1000
7739,59,unweighted,10,0.1595342356687898,0,17,None,66,1,5,False,1000,1000
7740,55,unweighted,10,0.0987261146496815,0,18,None,66,1,5,False,1000,1000
7741,56,unweighted,10,0.0995222929936305,0,18,None,66,1,5,False,1000,1000
7742,57,unweighted,10,0.0995222929936305,0,18,None,66,1,5,False,1000,1000
7743,58,unweighted,10,0.0995222929936305,0,18,None,66,1,5,False,1000,1000
7744,59,unweighted,10,0.0995222929936305,0,18,None,66,1,5,False,1000,1000
7745,55,unweighted,10,0.1821257961783439,0,20,None,66,1,5,False,1000,1000
7746,56,unweighted,10,0.1792396496815286,0,20,None,66,1,5,False,1000,1000
7747,57,unweighted,10,0.1865047770700637,0,20,None,66,1,5,False,1000,1000
7748,58,unweighted,10,0.188296178343949,0,20,None,66,1,5,False,1000,1000
7749,59,unweighted,10,0.140625,0,20,None,66,1,5,False,1000,1000
7750,55,unweighted,10,0.0995222929936305,0,28,None,66,1,5,False,1000,1000
7751,56,unweighted,10,0.0995222929936305,0,28,None,66,1,5,False,1000,1000
7752,57,unweighted,10,0.1250995222929936,0,28,None,66,1,5,False,1000,1000
7753,58,unweighted,10,0.1821257961783439,0,28,None,66,1,5,False,1000,1000
7754,59,unweighted,10,0.1933718152866242,0,28,None,66,1,5,False,1000,1000
7755,60,unweighted,10,0.1731687898089172,0,15,None,66,1,5,False,1000,1000
7756,61,unweighted,10,0.2115843949044586,0,15,None,66,1,5,False,1000,1000
7757,62,unweighted,10,0.2299960191082802,0,15,None,66,1,5,False,1000,1000
7758,63,unweighted,10,0.2196457006369426,0,15,None,66,1,5,False,1000,1000
7759,64,unweighted,10,0.1934713375796178,0,15,None,66,1,5,False,1000,1000
7760,60,unweighted,10,0.0995222929936305,0,10,None,66,1,5,False,1000,1000
7761,61,unweighted,10,0.0995222929936305,0,10,None,66,1,5,False,1000,1000
7762,62,unweighted,10,0.1112659235668789,0,10,None,66,1,5,False,1000,1000
7763,63,unweighted,10,0.1343550955414012,0,10,None,66,1,5,False,1000,1000
7764,64,unweighted,10,0.152468152866242,0,10,None,66,1,5,False,1000,1000
7765,60,unweighted,10,0.1476910828025477,0,11,None,66,1,5,False,1000,1000
7766,61,unweighted,10,0.1426154458598726,0,11,None,66,1,5,False,1000,1000
7767,62,unweighted,10,0.1384355095541401,0,11,None,66,1,5,False,1000,1000
7768,63,unweighted,10,0.1324641719745223,0,11,None,66,1,5,False,1000,1000
7769,64,unweighted,10,0.1265923566878981,0,11,None,66,1,5,False,1000,1000
7770,60,unweighted,10,0.0995222929936305,0,20,None,66,1,5,False,1000,1000
7771,61,unweighted,10,0.0995222929936305,0,20,None,66,1,5,False,1000,1000
7772,62,unweighted,10,0.0995222929936305,0,20,None,66,1,5,False,1000,1000
7773,63,unweighted,10,0.0995222929936305,0,20,None,66,1,5,False,1000,1000
7774,64,unweighted,10,0.0995222929936305,0,20,None,66,1,5,False,1000,1000
7775,60,unweighted,10,0.1857085987261146,0,32,None,66,1,5,False,1000,1000
7776,61,unweighted,10,0.1912818471337579,0,32,None,66,1,5,False,1000,1000
7777,62,unweighted,10,0.1898885350318471,0,32,None,66,1,5,False,1000,1000
7778,63,unweighted,10,0.1873009554140127,0,32,None,66,1,5,False,1000,1000
7779,64,unweighted,10,0.1843152866242038,0,32,None,66,1,5,False,1000,1000
7780,60,unweighted,10,0.0995222929936305,0,22,None,66,1,5,False,1000,1000
7781,61,unweighted,10,0.0995222929936305,0,22,None,66,1,5,False,1000,1000
7782,62,unweighted,10,0.0995222929936305,0,22,None,66,1,5,False,1000,1000
7783,63,unweighted,10,0.0995222929936305,0,22,None,66,1,5,False,1000,1000
7784,64,unweighted,10,0.0995222929936305,0,22,None,66,1,5,False,1000,1000
7785,60,unweighted,10,0.1859076433121019,0,25,None,66,1,5,False,1000,1000
7786,61,unweighted,10,0.1861066878980891,0,25,None,66,1,5,False,1000,1000
7787,62,unweighted,10,0.1863057324840764,0,25,None,66,1,5,False,1000,1000
7788,63,unweighted,10,0.18640525477707,0,25,None,66,1,5,False,1000,1000
7789,64,unweighted,10,0.1867038216560509,0,25,None,66,1,5,False,1000,1000
7790,60,unweighted,10,0.1031050955414012,0,17,None,66,1,5,False,1000,1000
7791,61,unweighted,10,0.1232085987261146,0,17,None,66,1,5,False,1000,1000
7792,62,unweighted,10,0.1476910828025477,0,17,None,66,1,5,False,1000,1000
7793,63,unweighted,10,0.1649084394904458,0,17,None,66,1,5,False,1000,1000
7794,64,unweighted,10,0.1739649681528662,0,17,None,66,1,5,False,1000,1000
7795,60,unweighted,10,0.1401273885350318,0,24,None,66,1,5,False,1000,1000
7796,61,unweighted,10,0.1319665605095541,0,24,None,66,1,5,False,1000,1000
7797,62,unweighted,10,0.1234076433121019,0,24,None,66,1,5,False,1000,1000
7798,63,unweighted,10,0.1167396496815286,0,24,None,66,1,5,False,1000,1000
7799,64,unweighted,10,0.114749203821656,0,24,None,66,1,5,False,1000,1000
7800,60,unweighted,10,0.1651074840764331,0,16,None,66,1,5,False,1000,1000
7801,61,unweighted,10,0.1670979299363057,0,16,None,66,1,5,False,1000,1000
7802,62,unweighted,10,0.15625,0,16,None,66,1,5,False,1000,1000
7803,63,unweighted,10,0.1358479299363057,0,16,None,66,1,5,False,1000,1000
7804,64,unweighted,10,0.123109076433121,0,16,None,66,1,5,False,1000,1000
7805,60,unweighted,10,0.0995222929936305,0,19,None,66,1,5,False,1000,1000
7806,61,unweighted,10,0.0995222929936305,0,19,None,66,1,5,False,1000,1000
7807,62,unweighted,10,0.0995222929936305,0,19,None,66,1,5,False,1000,1000
7808,63,unweighted,10,0.0995222929936305,0,19,None,66,1,5,False,1000,1000
7809,64,unweighted,10,0.0995222929936305,0,19,None,66,1,5,False,1000,1000
7810,60,unweighted,10,0.2536823248407643,0,1,None,66,1,5,False,1000,1000
7811,61,unweighted,10,0.2037221337579617,0,1,None,66,1,5,False,1000,1000
7812,62,unweighted,10,0.165406050955414,0,1,None,66,1,5,False,1000,1000
7813,63,unweighted,10,0.1454020700636942,0,1,None,66,1,5,False,1000,1000
7814,64,unweighted,10,0.1277866242038216,0,1,None,66,1,5,False,1000,1000
7815,60,unweighted,10,0.1834195859872611,0,2,None,66,1,5,False,1000,1000
7816,61,unweighted,10,0.1625199044585987,0,2,None,66,1,5,False,1000,1000
7817,62,unweighted,10,0.1263933121019108,0,2,None,66,1,5,False,1000,1000
7818,63,unweighted,10,0.101015127388535,0,2,None,66,1,5,False,1000,1000
7819,64,unweighted,10,0.0995222929936305,0,2,None,66,1,5,False,1000,1000
7820,60,unweighted,10,0.1702826433121019,0,0,None,66,1,5,False,1000,1000
7821,61,unweighted,10,0.1957603503184713,0,0,None,66,1,5,False,1000,1000
7822,62,unweighted,10,0.1773487261146497,0,0,None,66,1,5,False,1000,1000
7823,63,unweighted,10,0.1831210191082802,0,0,None,66,1,5,False,1000,1000
7824,64,unweighted,10,0.1765525477707006,0,0,None,66,1,5,False,1000,1000
7825,60,unweighted,10,0.102906050955414,0,8,None,66,1,5,False,1000,1000
7826,61,unweighted,10,0.1427149681528662,0,8,None,66,1,5,False,1000,1000
7827,62,unweighted,10,0.1701831210191083,0,8,None,66,1,5,False,1000,1000
7828,63,unweighted,10,0.1603304140127388,0,8,None,66,1,5,False,1000,1000
7829,64,unweighted,10,0.1467953821656051,0,8,None,66,1,5,False,1000,1000
7830,60,unweighted,10,0.1419187898089172,0,3,None,66,1,5,False,1000,1000
7831,61,unweighted,10,0.1789410828025477,0,3,None,66,1,5,False,1000,1000
7832,62,unweighted,10,0.1875995222929936,0,3,None,66,1,5,False,1000,1000
7833,63,unweighted,10,0.1907842356687898,0,3,None,66,1,5,False,1000,1000
7834,64,unweighted,10,0.1917794585987261,0,3,None,66,1,5,False,1000,1000
7835,60,unweighted,10,0.1038017515923566,0,13,None,66,1,5,False,1000,1000
7836,61,unweighted,10,0.1783439490445859,0,13,None,66,1,5,False,1000,1000
7837,62,unweighted,10,0.1903861464968153,0,13,None,66,1,5,False,1000,1000
7838,63,unweighted,10,0.1770501592356688,0,13,None,66,1,5,False,1000,1000
7839,64,unweighted,10,0.1577428343949044,0,13,None,66,1,5,False,1000,1000
7840,60,unweighted,10,0.0995222929936305,0,9,None,66,1,5,False,1000,1000
7841,61,unweighted,10,0.0995222929936305,0,9,None,66,1,5,False,1000,1000
7842,62,unweighted,10,0.1201234076433121,0,9,None,66,1,5,False,1000,1000
7843,63,unweighted,10,0.1682921974522293,0,9,None,66,1,5,False,1000,1000
7844,64,unweighted,10,0.1879976114649681,0,9,None,66,1,5,False,1000,1000
7845,60,unweighted,10,0.0995222929936305,0,21,None,66,1,5,False,1000,1000
7846,61,unweighted,10,0.0995222929936305,0,21,None,66,1,5,False,1000,1000
7847,62,unweighted,10,0.0995222929936305,0,21,None,66,1,5,False,1000,1000
7848,63,unweighted,10,0.0978304140127388,0,21,None,66,1,5,False,1000,1000
7849,64,unweighted,10,0.0986265923566879,0,21,None,66,1,5,False,1000,1000
7850,60,unweighted,10,0.1548566878980891,0,23,None,66,1,5,False,1000,1000
7851,61,unweighted,10,0.2350716560509554,0,23,None,66,1,5,False,1000,1000
7852,62,unweighted,10,0.1831210191082802,0,23,None,66,1,5,False,1000,1000
7853,63,unweighted,10,0.1793391719745223,0,23,None,66,1,5,False,1000,1000
7854,64,unweighted,10,0.1676950636942675,0,23,None,66,1,5,False,1000,1000
7855,60,unweighted,10,0.1842157643312102,0,28,None,66,1,5,False,1000,1000
7856,61,unweighted,10,0.160828025477707,0,28,None,66,1,5,False,1000,1000
7857,62,unweighted,10,0.1816281847133758,0,28,None,66,1,5,False,1000,1000
7858,63,unweighted,10,0.1987460191082802,0,28,None,66,1,5,False,1000,1000
7859,64,unweighted,10,0.2007364649681528,0,28,None,66,1,5,False,1000,1000
7860,60,unweighted,10,0.0982285031847133,0,29,None,66,1,5,False,1000,1000
7861,61,unweighted,10,0.1397292993630573,0,29,None,66,1,5,False,1000,1000
7862,62,unweighted,10,0.1529657643312102,0,29,None,66,1,5,False,1000,1000
7863,63,unweighted,10,0.1237062101910828,0,29,None,66,1,5,False,1000,1000
7864,64,unweighted,10,0.1003184713375796,0,29,None,66,1,5,False,1000,1000
7865,60,unweighted,10,0.1677945859872611,0,5,None,66,1,5,False,1000,1000
7866,61,unweighted,10,0.1374402866242038,0,5,None,66,1,5,False,1000,1000
7867,62,unweighted,10,0.1182324840764331,0,5,None,66,1,5,False,1000,1000
7868,63,unweighted,10,0.1047969745222929,0,5,None,66,1,5,False,1000,1000
7869,64,unweighted,10,0.1000199044585987,0,5,None,66,1,5,False,1000,1000
7870,60,unweighted,10,0.0995222929936305,0,4,None,66,1,5,False,1000,1000
7871,61,unweighted,10,0.0995222929936305,0,4,None,66,1,5,False,1000,1000
7872,62,unweighted,10,0.0995222929936305,0,4,None,66,1,5,False,1000,1000
7873,63,unweighted,10,0.1170382165605095,0,4,None,66,1,5,False,1000,1000
7874,64,unweighted,10,0.1575437898089172,0,4,None,66,1,5,False,1000,1000
7875,60,unweighted,10,0.0996218152866242,0,7,None,66,1,5,False,1000,1000
7876,61,unweighted,10,0.1040007961783439,0,7,None,66,1,5,False,1000,1000
7877,62,unweighted,10,0.1148487261146496,0,7,None,66,1,5,False,1000,1000
7878,63,unweighted,10,0.1291799363057325,0,7,None,66,1,5,False,1000,1000
7879,64,unweighted,10,0.1499800955414012,0,7,None,66,1,5,False,1000,1000
7880,60,unweighted,10,0.1615246815286624,0,6,None,66,1,5,False,1000,1000
7881,61,unweighted,10,0.2512937898089172,0,6,None,66,1,5,False,1000,1000
7882,62,unweighted,10,0.2800557324840764,0,6,None,66,1,5,False,1000,1000
7883,63,unweighted,10,0.2322850318471337,0,6,None,66,1,5,False,1000,1000
7884,64,unweighted,10,0.2223328025477707,0,6,None,66,1,5,False,1000,1000
7885,60,unweighted,10,0.2291003184713375,0,12,None,66,1,5,False,1000,1000
7886,61,unweighted,10,0.1714769108280254,0,12,None,66,1,5,False,1000,1000
7887,62,unweighted,10,0.1413216560509554,0,12,None,66,1,5,False,1000,1000
7888,63,unweighted,10,0.1262937898089172,0,12,None,66,1,5,False,1000,1000
7889,64,unweighted,10,0.113953025477707,0,12,None,66,1,5,False,1000,1000
7890,60,unweighted,10,0.1807324840764331,0,14,None,66,1,5,False,1000,1000
7891,61,unweighted,10,0.1797372611464968,0,14,None,66,1,5,False,1000,1000
7892,62,unweighted,10,0.1780453821656051,0,14,None,66,1,5,False,1000,1000
7893,63,unweighted,10,0.1768511146496815,0,14,None,66,1,5,False,1000,1000
7894,64,unweighted,10,0.1768511146496815,0,14,None,66,1,5,False,1000,1000
7895,60,unweighted,10,0.0995222929936305,0,26,None,66,1,5,False,1000,1000
7896,61,unweighted,10,0.1316679936305732,0,26,None,66,1,5,False,1000,1000
7897,62,unweighted,10,0.1793391719745223,0,26,None,66,1,5,False,1000,1000
7898,63,unweighted,10,0.1940684713375796,0,26,None,66,1,5,False,1000,1000
7899,64,unweighted,10,0.1973527070063694,0,26,None,66,1,5,False,1000,1000
7900,60,unweighted,10,0.1814291401273885,0,30,None,66,1,5,False,1000,1000
7901,61,unweighted,10,0.1820262738853503,0,30,None,66,1,5,False,1000,1000
7902,62,unweighted,10,0.2032245222929936,0,30,None,66,1,5,False,1000,1000
7903,63,unweighted,10,0.198546974522293,0,30,None,66,1,5,False,1000,1000
7904,64,unweighted,10,0.1738654458598726,0,30,None,66,1,5,False,1000,1000
7905,60,unweighted,10,0.0995222929936305,0,18,None,66,1,5,False,1000,1000
7906,61,unweighted,10,0.0995222929936305,0,18,None,66,1,5,False,1000,1000
7907,62,unweighted,10,0.0995222929936305,0,18,None,66,1,5,False,1000,1000
7908,63,unweighted,10,0.0995222929936305,0,18,None,66,1,5,False,1000,1000
7909,64,unweighted,10,0.0995222929936305,0,18,None,66,1,5,False,1000,1000
7910,60,unweighted,10,0.0995222929936305,0,27,None,66,1,5,False,1000,1000
7911,61,unweighted,10,0.0995222929936305,0,27,None,66,1,5,False,1000,1000
7912,62,unweighted,10,0.1142515923566879,0,27,None,66,1,5,False,1000,1000
7913,63,unweighted,10,0.1188296178343949,0,27,None,66,1,5,False,1000,1000
7914,64,unweighted,10,0.0995222929936305,0,27,None,66,1,5,False,1000,1000
7915,60,unweighted,10,0.0995222929936305,0,31,None,66,1,5,False,1000,1000
7916,61,unweighted,10,0.0995222929936305,0,31,None,66,1,5,False,1000,1000
7917,62,unweighted,10,0.0995222929936305,0,31,None,66,1,5,False,1000,1000
7918,63,unweighted,10,0.0995222929936305,0,31,None,66,1,5,False,1000,1000
7919,64,unweighted,10,0.0995222929936305,0,31,None,66,1,5,False,1000,1000
10065,65,unweighted,10,0.1099721337579617,0,5,None,66,1,5,False,1000,1000
10066,66,unweighted,10,0.1001194267515923,0,5,None,66,1,5,False,1000,1000
10067,67,unweighted,10,0.0996218152866242,0,5,None,66,1,5,False,1000,1000
10068,68,unweighted,10,0.0995222929936305,0,5,None,66,1,5,False,1000,1000
10069,69,unweighted,10,0.0995222929936305,0,5,None,66,1,5,False,1000,1000
10070,65,unweighted,10,0.1940684713375796,0,13,None,66,1,5,False,1000,1000
10071,66,unweighted,10,0.1832205414012739,0,13,None,66,1,5,False,1000,1000
10072,67,unweighted,10,0.1714769108280254,0,13,None,66,1,5,False,1000,1000
10073,68,unweighted,10,0.1563495222929936,0,13,None,66,1,5,False,1000,1000
10074,69,unweighted,10,0.1428144904458598,0,13,None,66,1,5,False,1000,1000
10075,65,unweighted,10,0.1729697452229299,0,15,None,66,1,5,False,1000,1000
10076,66,unweighted,10,0.1780453821656051,0,15,None,66,1,5,False,1000,1000
10077,67,unweighted,10,0.1758558917197452,0,15,None,66,1,5,False,1000,1000
10078,68,unweighted,10,0.1721735668789809,0,15,None,66,1,5,False,1000,1000
10079,69,unweighted,10,0.164311305732484,0,15,None,66,1,5,False,1000,1000
10080,65,unweighted,10,0.0995222929936305,0,10,None,66,1,5,False,1000,1000
10081,66,unweighted,10,0.0995222929936305,0,10,None,66,1,5,False,1000,1000
10082,67,unweighted,10,0.0995222929936305,0,10,None,66,1,5,False,1000,1000
10083,68,unweighted,10,0.0995222929936305,0,10,None,66,1,5,False,1000,1000
10084,69,unweighted,10,0.0995222929936305,0,10,None,66,1,5,False,1000,1000
10085,65,unweighted,10,0.1558519108280254,0,16,None,66,1,5,False,1000,1000
10086,66,unweighted,10,0.1660031847133758,0,16,None,66,1,5,False,1000,1000
10087,67,unweighted,10,0.1677945859872611,0,16,None,66,1,5,False,1000,1000
10088,68,unweighted,10,0.159733280254777,0,16,None,66,1,5,False,1000,1000
10089,69,unweighted,10,0.1435111464968153,0,16,None,66,1,5,False,1000,1000
10090,65,unweighted,10,0.0999203821656051,0,11,None,66,1,5,False,1000,1000
10091,66,unweighted,10,0.0995222929936305,0,11,None,66,1,5,False,1000,1000
10092,67,unweighted,10,0.0995222929936305,0,11,None,66,1,5,False,1000,1000
10093,68,unweighted,10,0.0995222929936305,0,11,None,66,1,5,False,1000,1000
10094,69,unweighted,10,0.0995222929936305,0,11,None,66,1,5,False,1000,1000
10095,65,unweighted,10,0.1445063694267516,0,8,None,66,1,5,False,1000,1000
10096,66,unweighted,10,0.1663017515923567,0,8,None,66,1,5,False,1000,1000
10097,67,unweighted,10,0.1644108280254777,0,8,None,66,1,5,False,1000,1000
10098,68,unweighted,10,0.1569466560509554,0,8,None,66,1,5,False,1000,1000
10099,69,unweighted,10,0.147890127388535,0,8,None,66,1,5,False,1000,1000
10100,65,unweighted,10,0.2293988853503184,0,20,None,66,1,5,False,1000,1000
10101,66,unweighted,10,0.2163614649681528,0,20,None,66,1,5,False,1000,1000
10102,67,unweighted,10,0.1875,0,20,None,66,1,5,False,1000,1000
10103,68,unweighted,10,0.1659036624203821,0,20,None,66,1,5,False,1000,1000
10104,69,unweighted,10,0.1079816878980891,0,20,None,66,1,5,False,1000,1000
10105,65,unweighted,10,0.0995222929936305,0,19,None,66,1,5,False,1000,1000
10106,66,unweighted,10,0.0995222929936305,0,19,None,66,1,5,False,1000,1000
10107,67,unweighted,10,0.0995222929936305,0,19,None,66,1,5,False,1000,1000
10108,68,unweighted,10,0.0995222929936305,0,19,None,66,1,5,False,1000,1000
10109,69,unweighted,10,0.0995222929936305,0,19,None,66,1,5,False,1000,1000
10110,65,unweighted,10,0.1844148089171974,0,17,None,66,1,5,False,1000,1000
10111,66,unweighted,10,0.1647093949044586,0,17,None,66,1,5,False,1000,1000
10112,67,unweighted,10,0.1697850318471337,0,17,None,66,1,5,False,1000,1000
10113,68,unweighted,10,0.1721735668789809,0,17,None,66,1,5,False,1000,1000
10114,69,unweighted,10,0.1732683121019108,0,17,None,66,1,5,False,1000,1000
10115,65,unweighted,10,0.0994227707006369,0,21,None,66,1,5,False,1000,1000
10116,66,unweighted,10,0.0977308917197452,0,21,None,66,1,5,False,1000,1000
10117,67,unweighted,10,0.0986265923566879,0,21,None,66,1,5,False,1000,1000
10118,68,unweighted,10,0.1006170382165605,0,21,None,66,1,5,False,1000,1000
10119,69,unweighted,10,0.1033041401273885,0,21,None,66,1,5,False,1000,1000
10120,65,unweighted,10,0.1869028662420382,0,25,None,66,1,5,False,1000,1000
10121,66,unweighted,10,0.1871019108280254,0,25,None,66,1,5,False,1000,1000
10122,67,unweighted,10,0.1871019108280254,0,25,None,66,1,5,False,1000,1000
10123,68,unweighted,10,0.1872014331210191,0,25,None,66,1,5,False,1000,1000
10124,69,unweighted,10,0.1871019108280254,0,25,None,66,1,5,False,1000,1000
10125,65,unweighted,10,0.2511942675159235,0,26,None,66,1,5,False,1000,1000
10126,66,unweighted,10,0.2609474522292994,0,26,None,66,1,5,False,1000,1000
10127,67,unweighted,10,0.2682125796178344,0,26,None,66,1,5,False,1000,1000
10128,68,unweighted,10,0.270203025477707,0,26,None,66,1,5,False,1000,1000
10129,69,unweighted,10,0.2703025477707006,0,26,None,66,1,5,False,1000,1000
10130,65,unweighted,10,0.1776472929936305,0,12,None,66,1,5,False,1000,1000
10131,66,unweighted,10,0.1575437898089172,0,12,None,66,1,5,False,1000,1000
10132,67,unweighted,10,0.1302746815286624,0,12,None,66,1,5,False,1000,1000
10133,68,unweighted,10,0.1092754777070063,0,12,None,66,1,5,False,1000,1000
10134,69,unweighted,10,0.102906050955414,0,12,None,66,1,5,False,1000,1000
10135,65,unweighted,10,0.1179339171974522,0,24,None,66,1,5,False,1000,1000
10136,66,unweighted,10,0.1272890127388535,0,24,None,66,1,5,False,1000,1000
10137,67,unweighted,10,0.1300756369426751,0,24,None,66,1,5,False,1000,1000
10138,68,unweighted,10,0.1305732484076433,0,24,None,66,1,5,False,1000,1000
10139,69,unweighted,10,0.1298765923566879,0,24,None,66,1,5,False,1000,1000
10140,65,unweighted,10,0.1824243630573248,0,28,None,66,1,5,False,1000,1000
10141,66,unweighted,10,0.181031050955414,0,28,None,66,1,5,False,1000,1000
10142,67,unweighted,10,0.2091958598726114,0,28,None,66,1,5,False,1000,1000
10143,68,unweighted,10,0.2235270700636942,0,28,None,66,1,5,False,1000,1000
10144,69,unweighted,10,0.2169585987261146,0,28,None,66,1,5,False,1000,1000
10145,65,unweighted,10,0.223328025477707,0,29,None,66,1,5,False,1000,1000
10146,66,unweighted,10,0.2108877388535031,0,29,None,66,1,5,False,1000,1000
10147,67,unweighted,10,0.1530652866242038,0,29,None,66,1,5,False,1000,1000
10148,68,unweighted,10,0.1096735668789808,0,29,None,66,1,5,False,1000,1000
10149,69,unweighted,10,0.0995222929936305,0,29,None,66,1,5,False,1000,1000
10150,65,unweighted,10,0.0995222929936305,0,9,None,66,1,5,False,1000,1000
10151,66,unweighted,10,0.0995222929936305,0,9,None,66,1,5,False,1000,1000
10152,67,unweighted,10,0.107484076433121,0,9,None,66,1,5,False,1000,1000
10153,68,unweighted,10,0.1291799363057325,0,9,None,66,1,5,False,1000,1000
10154,69,unweighted,10,0.15625,0,9,None,66,1,5,False,1000,1000
10155,65,unweighted,10,0.29578025477707,0,30,None,66,1,5,False,1000,1000
10156,66,unweighted,10,0.2706011146496815,0,30,None,66,1,5,False,1000,1000
10157,67,unweighted,10,0.2616441082802547,0,30,None,66,1,5,False,1000,1000
10158,68,unweighted,10,0.261046974522293,0,30,None,66,1,5,False,1000,1000
10159,69,unweighted,10,0.2598527070063694,0,30,None,66,1,5,False,1000,1000
10160,65,unweighted,10,0.1563495222929936,0,6,None,66,1,5,False,1000,1000
10161,66,unweighted,10,0.1784434713375796,0,6,None,66,1,5,False,1000,1000
10162,67,unweighted,10,0.1830214968152866,0,6,None,66,1,5,False,1000,1000
10163,68,unweighted,10,0.1760549363057325,0,6,None,66,1,5,False,1000,1000
10164,69,unweighted,10,0.1598328025477707,0,6,None,66,1,5,False,1000,1000
10165,65,unweighted,10,0.0982285031847133,0,18,None,66,1,5,False,1000,1000
10166,66,unweighted,10,0.0986265923566879,0,18,None,66,1,5,False,1000,1000
10167,67,unweighted,10,0.0994227707006369,0,18,None,66,1,5,False,1000,1000
10168,68,unweighted,10,0.0995222929936305,0,18,None,66,1,5,False,1000,1000
10169,69,unweighted,10,0.0995222929936305,0,18,None,66,1,5,False,1000,1000
10170,65,unweighted,10,0.103702229299363,0,27,None,66,1,5,False,1000,1000
10171,66,unweighted,10,0.1178343949044586,0,27,None,66,1,5,False,1000,1000
10172,67,unweighted,10,0.1170382165605095,0,27,None,66,1,5,False,1000,1000
10173,68,unweighted,10,0.0995222929936305,0,27,None,66,1,5,False,1000,1000
10174,69,unweighted,10,0.0995222929936305,0,27,None,66,1,5,False,1000,1000
10175,65,unweighted,10,0.109375,0,31,None,66,1,5,False,1000,1000
10176,66,unweighted,10,0.1119625796178344,0,31,None,66,1,5,False,1000,1000
10177,67,unweighted,10,0.1165406050955414,0,31,None,66,1,5,False,1000,1000
10178,68,unweighted,10,0.1175358280254777,0,31,None,66,1,5,False,1000,1000
10179,69,unweighted,10,0.1180334394904458,0,31,None,66,1,5,False,1000,1000
10180,65,unweighted,10,0.1591361464968153,0,32,None,66,1,5,False,1000,1000
10181,66,unweighted,10,0.1849124203821656,0,32,None,66,1,5,False,1000,1000
10182,67,unweighted,10,0.1891918789808917,0,32,None,66,1,5,False,1000,1000
10183,68,unweighted,10,0.1916799363057325,0,32,None,66,1,5,False,1000,1000
10184,69,unweighted,10,0.1906847133757961,0,32,None,66,1,5,False,1000,1000
10185,65,unweighted,10,0.1164410828025477,0,7,None,66,1,5,False,1000,1000
10186,66,unweighted,10,0.1283837579617834,0,7,None,66,1,5,False,1000,1000
10187,67,unweighted,10,0.144108280254777,0,7,None,66,1,5,False,1000,1000
10188,68,unweighted,10,0.158937101910828,0,7,None,66,1,5,False,1000,1000
10189,69,unweighted,10,0.1825238853503184,0,7,None,66,1,5,False,1000,1000
10190,65,unweighted,10,0.2225318471337579,0,1,None,66,1,5,False,1000,1000
10191,66,unweighted,10,0.1862062101910828,0,1,None,66,1,5,False,1000,1000
10192,67,unweighted,10,0.1821257961783439,0,1,None,66,1,5,False,1000,1000
10193,68,unweighted,10,0.1788415605095541,0,1,None,66,1,5,False,1000,1000
10194,69,unweighted,10,0.1751592356687898,0,1,None,66,1,5,False,1000,1000
10195,65,unweighted,10,0.1891918789808917,0,2,None,66,1,5,False,1000,1000
10196,66,unweighted,10,0.1820262738853503,0,2,None,66,1,5,False,1000,1000
10197,67,unweighted,10,0.1689888535031847,0,2,None,66,1,5,False,1000,1000
10198,68,unweighted,10,0.152468152866242,0,2,None,66,1,5,False,1000,1000
10199,69,unweighted,10,0.1351512738853503,0,2,None,66,1,5,False,1000,1000
10200,65,unweighted,10,0.1585390127388535,0,3,None,66,1,5,False,1000,1000
10201,66,unweighted,10,0.1809315286624203,0,3,None,66,1,5,False,1000,1000
10202,67,unweighted,10,0.1876990445859872,0,3,None,66,1,5,False,1000,1000
10203,68,unweighted,10,0.1889928343949044,0,3,None,66,1,5,False,1000,1000
10204,69,unweighted,10,0.1913813694267516,0,3,None,66,1,5,False,1000,1000
10205,65,unweighted,10,0.1724721337579617,0,23,None,66,1,5,False,1000,1000
10206,66,unweighted,10,0.1804339171974522,0,23,None,66,1,5,False,1000,1000
10207,67,unweighted,10,0.1825238853503184,0,23,None,66,1,5,False,1000,1000
10208,68,unweighted,10,0.1832205414012739,0,23,None,66,1,5,False,1000,1000
10209,69,unweighted,10,0.1875,0,23,None,66,1,5,False,1000,1000
10210,65,unweighted,10,0.1919785031847133,0,0,None,66,1,5,False,1000,1000
10211,66,unweighted,10,0.1904856687898089,0,0,None,66,1,5,False,1000,1000
10212,67,unweighted,10,0.160828025477707,0,0,None,66,1,5,False,1000,1000
10213,68,unweighted,10,0.1577428343949044,0,0,None,66,1,5,False,1000,1000
10214,69,unweighted,10,0.1507762738853503,0,0,None,66,1,5,False,1000,1000
10215,70,unweighted,10,0.0995222929936305,0,24,None,66,1,5,False,1000,1000
10216,71,unweighted,10,0.1006170382165605,0,24,None,66,1,5,False,1000,1000
10217,72,unweighted,10,0.1007165605095541,0,24,None,66,1,5,False,1000,1000
10218,73,unweighted,10,0.1023089171974522,0,24,None,66,1,5,False,1000,1000
10219,74,unweighted,10,0.102906050955414,0,24,None,66,1,5,False,1000,1000
10220,65,unweighted,10,0.1591361464968153,0,14,None,66,1,5,False,1000,1000
10221,66,unweighted,10,0.1639132165605095,0,14,None,66,1,5,False,1000,1000
10222,67,unweighted,10,0.1667993630573248,0,14,None,66,1,5,False,1000,1000
10223,68,unweighted,10,0.2048168789808917,0,14,None,66,1,5,False,1000,1000
10224,69,unweighted,10,0.2369625796178344,0,14,None,66,1,5,False,1000,1000
10225,65,unweighted,10,0.0995222929936305,0,4,None,66,1,5,False,1000,1000
10226,66,unweighted,10,0.1106687898089172,0,4,None,66,1,5,False,1000,1000
10227,67,unweighted,10,0.1467953821656051,0,4,None,66,1,5,False,1000,1000
10228,68,unweighted,10,0.1650079617834395,0,4,None,66,1,5,False,1000,1000
10229,69,unweighted,10,0.1734673566878981,0,4,None,66,1,5,False,1000,1000
10230,65,unweighted,10,0.0995222929936305,0,22,None,66,1,5,False,1000,1000
10231,66,unweighted,10,0.0995222929936305,0,22,None,66,1,5,False,1000,1000
10232,67,unweighted,10,0.0995222929936305,0,22,None,66,1,5,False,1000,1000
10233,68,unweighted,10,0.0995222929936305,0,22,None,66,1,5,False,1000,1000
10234,69,unweighted,10,0.0995222929936305,0,22,None,66,1,5,False,1000,1000
10235,70,unweighted,10,0.105593152866242,0,31,None,66,1,5,False,1000,1000
10236,71,unweighted,10,0.112062101910828,0,31,None,66,1,5,False,1000,1000
10237,72,unweighted,10,0.1175358280254777,0,31,None,66,1,5,False,1000,1000
10238,73,unweighted,10,0.127687101910828,0,31,None,66,1,5,False,1000,1000
10239,74,unweighted,10,0.1410230891719745,0,31,None,66,1,5,False,1000,1000
10240,70,unweighted,10,0.1825238853503184,0,25,None,66,1,5,False,1000,1000
10241,71,unweighted,10,0.1828224522292993,0,25,None,66,1,5,False,1000,1000
10242,72,unweighted,10,0.1827229299363057,0,25,None,66,1,5,False,1000,1000
10243,73,unweighted,10,0.1827229299363057,0,25,None,66,1,5,False,1000,1000
10244,74,unweighted,10,0.1824243630573248,0,25,None,66,1,5,False,1000,1000
10245,70,unweighted,10,0.2032245222929936,0,1,None,66,1,5,False,1000,1000
10246,71,unweighted,10,0.179140127388535,0,1,None,66,1,5,False,1000,1000
10247,72,unweighted,10,0.1817277070063694,0,1,None,66,1,5,False,1000,1000
10248,73,unweighted,10,0.1831210191082802,0,1,None,66,1,5,False,1000,1000
10249,74,unweighted,10,0.1836186305732484,0,1,None,66,1,5,False,1000,1000
10250,70,unweighted,10,0.1500796178343949,0,13,None,66,1,5,False,1000,1000
10251,71,unweighted,10,0.1867038216560509,0,13,None,66,1,5,False,1000,1000
10252,72,unweighted,10,0.1910828025477707,0,13,None,66,1,5,False,1000,1000
10253,73,unweighted,10,0.1906847133757961,0,13,None,66,1,5,False,1000,1000
10254,74,unweighted,10,0.1991441082802547,0,13,None,66,1,5,False,1000,1000
10255,70,unweighted,10,0.0995222929936305,0,21,None,66,1,5,False,1000,1000
10256,71,unweighted,10,0.0995222929936305,0,21,None,66,1,5,False,1000,1000
10257,72,unweighted,10,0.0987261146496815,0,21,None,66,1,5,False,1000,1000
10258,73,unweighted,10,0.0982285031847133,0,21,None,66,1,5,False,1000,1000
10259,74,unweighted,10,0.0975318471337579,0,21,None,66,1,5,False,1000,1000
10260,70,unweighted,10,0.2156648089171974,0,27,None,66,1,5,False,1000,1000
10261,71,unweighted,10,0.1434116242038216,0,27,None,66,1,5,False,1000,1000
10262,72,unweighted,10,0.1359474522292993,0,27,None,66,1,5,False,1000,1000
10263,73,unweighted,10,0.1190286624203821,0,27,None,66,1,5,False,1000,1000
10264,74,unweighted,10,0.0995222929936305,0,27,None,66,1,5,False,1000,1000
10265,70,unweighted,10,0.1138535031847133,0,29,None,66,1,5,False,1000,1000
10266,71,unweighted,10,0.1428144904458598,0,29,None,66,1,5,False,1000,1000
10267,72,unweighted,10,0.1573447452229299,0,29,None,66,1,5,False,1000,1000
10268,73,unweighted,10,0.1479896496815286,0,29,None,66,1,5,False,1000,1000
10269,74,unweighted,10,0.1369426751592356,0,29,None,66,1,5,False,1000,1000
10270,70,unweighted,10,0.1924761146496815,0,2,None,66,1,5,False,1000,1000
10271,71,unweighted,10,0.1896894904458598,0,2,None,66,1,5,False,1000,1000
10272,72,unweighted,10,0.1868033439490445,0,2,None,66,1,5,False,1000,1000
10273,73,unweighted,10,0.1833200636942675,0,2,None,66,1,5,False,1000,1000
10274,74,unweighted,10,0.1790406050955414,0,2,None,66,1,5,False,1000,1000
10275,70,unweighted,10,0.0995222929936305,0,9,None,66,1,5,False,1000,1000
10276,71,unweighted,10,0.0995222929936305,0,9,None,66,1,5,False,1000,1000
10277,72,unweighted,10,0.1050955414012738,0,9,None,66,1,5,False,1000,1000
10278,73,unweighted,10,0.1333598726114649,0,9,None,66,1,5,False,1000,1000
10279,74,unweighted,10,0.1565485668789809,0,9,None,66,1,5,False,1000,1000
10280,70,unweighted,10,0.2403463375796178,0,17,None,66,1,5,False,1000,1000
10281,71,unweighted,10,0.2341759554140127,0,17,None,66,1,5,False,1000,1000
10282,72,unweighted,10,0.2124800955414012,0,17,None,66,1,5,False,1000,1000
10283,73,unweighted,10,0.1846138535031847,0,17,None,66,1,5,False,1000,1000
10284,74,unweighted,10,0.1722730891719745,0,17,None,66,1,5,False,1000,1000
10285,70,unweighted,10,0.1692874203821656,0,28,None,66,1,5,False,1000,1000
10286,71,unweighted,10,0.2098925159235669,0,28,None,66,1,5,False,1000,1000
10287,72,unweighted,10,0.2385549363057325,0,28,None,66,1,5,False,1000,1000
10288,73,unweighted,10,0.244327229299363,0,28,None,66,1,5,False,1000,1000
10289,74,unweighted,10,0.245421974522293,0,28,None,66,1,5,False,1000,1000
10290,70,unweighted,10,0.145203025477707,0,22,None,66,1,5,False,1000,1000
10291,71,unweighted,10,0.1244028662420382,0,22,None,66,1,5,False,1000,1000
10292,72,unweighted,10,0.109375,0,22,None,66,1,5,False,1000,1000
10293,73,unweighted,10,0.123109076433121,0,22,None,66,1,5,False,1000,1000
10294,74,unweighted,10,0.1340565286624203,0,22,None,66,1,5,False,1000,1000
10295,70,unweighted,10,0.1663017515923567,0,5,None,66,1,5,False,1000,1000
10296,71,unweighted,10,0.1141520700636942,0,5,None,66,1,5,False,1000,1000
10297,72,unweighted,10,0.1001194267515923,0,5,None,66,1,5,False,1000,1000
10298,73,unweighted,10,0.0995222929936305,0,5,None,66,1,5,False,1000,1000
10299,74,unweighted,10,0.0995222929936305,0,5,None,66,1,5,False,1000,1000
10300,70,unweighted,10,0.1474920382165605,0,6,None,66,1,5,False,1000,1000
10301,71,unweighted,10,0.169984076433121,0,6,None,66,1,5,False,1000,1000
10302,72,unweighted,10,0.1811305732484076,0,6,None,66,1,5,False,1000,1000
10303,73,unweighted,10,0.1959593949044586,0,6,None,66,1,5,False,1000,1000
10304,74,unweighted,10,0.228702229299363,0,6,None,66,1,5,False,1000,1000
10305,70,unweighted,10,0.1752587579617834,0,12,None,66,1,5,False,1000,1000
10306,71,unweighted,10,0.1697850318471337,0,12,None,66,1,5,False,1000,1000
10307,72,unweighted,10,0.1624203821656051,0,12,None,66,1,5,False,1000,1000
10308,73,unweighted,10,0.1577428343949044,0,12,None,66,1,5,False,1000,1000
10309,74,unweighted,10,0.1480891719745223,0,12,None,66,1,5,False,1000,1000
10310,70,unweighted,10,0.1702826433121019,0,14,None,66,1,5,False,1000,1000
10311,71,unweighted,10,0.1705812101910828,0,14,None,66,1,5,False,1000,1000
10312,72,unweighted,10,0.1708797770700637,0,14,None,66,1,5,False,1000,1000
10313,73,unweighted,10,0.1708797770700637,0,14,None,66,1,5,False,1000,1000
10314,74,unweighted,10,0.1813296178343949,0,14,None,66,1,5,False,1000,1000
10315,70,unweighted,10,0.2407444267515923,0,26,None,66,1,5,False,1000,1000
10316,71,unweighted,10,0.2533837579617834,0,26,None,66,1,5,False,1000,1000
10317,72,unweighted,10,0.2607484076433121,0,26,None,66,1,5,False,1000,1000
10318,73,unweighted,10,0.2654259554140127,0,26,None,66,1,5,False,1000,1000
10319,74,unweighted,10,0.2677149681528662,0,26,None,66,1,5,False,1000,1000
10320,70,unweighted,10,0.2925955414012738,0,30,None,66,1,5,False,1000,1000
10321,71,unweighted,10,0.2953821656050955,0,30,None,66,1,5,False,1000,1000
10322,72,unweighted,10,0.2768710191082802,0,30,None,66,1,5,False,1000,1000
10323,73,unweighted,10,0.2546775477707006,0,30,None,66,1,5,False,1000,1000
10324,74,unweighted,10,0.2513933121019108,0,30,None,66,1,5,False,1000,1000
10325,70,unweighted,10,0.1647093949044586,0,16,None,66,1,5,False,1000,1000
10326,71,unweighted,10,0.1686902866242038,0,16,None,66,1,5,False,1000,1000
10327,72,unweighted,10,0.1639132165605095,0,16,None,66,1,5,False,1000,1000
10328,73,unweighted,10,0.1518710191082802,0,16,None,66,1,5,False,1000,1000
10329,74,unweighted,10,0.1357484076433121,0,16,None,66,1,5,False,1000,1000
10330,70,unweighted,10,0.1001194267515923,0,8,None,66,1,5,False,1000,1000
10331,71,unweighted,10,0.1100716560509554,0,8,None,66,1,5,False,1000,1000
10332,72,unweighted,10,0.125796178343949,0,8,None,66,1,5,False,1000,1000
10333,73,unweighted,10,0.1402269108280254,0,8,None,66,1,5,False,1000,1000
10334,74,unweighted,10,0.1537619426751592,0,8,None,66,1,5,False,1000,1000
10335,70,unweighted,10,0.0975318471337579,0,18,None,66,1,5,False,1000,1000
10336,71,unweighted,10,0.0976313694267515,0,18,None,66,1,5,False,1000,1000
10337,72,unweighted,10,0.098328025477707,0,18,None,66,1,5,False,1000,1000
10338,73,unweighted,10,0.0987261146496815,0,18,None,66,1,5,False,1000,1000
10339,74,unweighted,10,0.0992237261146496,0,18,None,66,1,5,False,1000,1000
10340,70,unweighted,10,0.0995222929936305,0,19,None,66,1,5,False,1000,1000
10341,71,unweighted,10,0.0995222929936305,0,19,None,66,1,5,False,1000,1000
10342,72,unweighted,10,0.0995222929936305,0,19,None,66,1,5,False,1000,1000
10343,73,unweighted,10,0.0995222929936305,0,19,None,66,1,5,False,1000,1000
10344,74,unweighted,10,0.0995222929936305,0,19,None,66,1,5,False,1000,1000
10345,70,unweighted,10,0.192078025477707,0,20,None,66,1,5,False,1000,1000
10346,71,unweighted,10,0.2496019108280254,0,20,None,66,1,5,False,1000,1000
10347,72,unweighted,10,0.2162619426751592,0,20,None,66,1,5,False,1000,1000
10348,73,unweighted,10,0.1884952229299363,0,20,None,66,1,5,False,1000,1000
10349,74,unweighted,10,0.1806329617834395,0,20,None,66,1,5,False,1000,1000
10350,70,unweighted,10,0.0995222929936305,0,10,None,66,1,5,False,1000,1000
10351,71,unweighted,10,0.0995222929936305,0,10,None,66,1,5,False,1000,1000
10352,72,unweighted,10,0.0995222929936305,0,10,None,66,1,5,False,1000,1000
10353,73,unweighted,10,0.0995222929936305,0,10,None,66,1,5,False,1000,1000
10354,74,unweighted,10,0.0995222929936305,0,10,None,66,1,5,False,1000,1000
10355,70,unweighted,10,0.1480891719745223,0,11,None,66,1,5,False,1000,1000
10356,71,unweighted,10,0.1222133757961783,0,11,None,66,1,5,False,1000,1000
10357,72,unweighted,10,0.1008160828025477,0,11,None,66,1,5,False,1000,1000
10358,73,unweighted,10,0.0995222929936305,0,11,None,66,1,5,False,1000,1000
10359,74,unweighted,10,0.0995222929936305,0,11,None,66,1,5,False,1000,1000
10360,70,unweighted,10,0.1629179936305732,0,3,None,66,1,5,False,1000,1000
10361,71,unweighted,10,0.1792396496815286,0,3,None,66,1,5,False,1000,1000
10362,72,unweighted,10,0.1858081210191083,0,3,None,66,1,5,False,1000,1000
10363,73,unweighted,10,0.1880971337579617,0,3,None,66,1,5,False,1000,1000
10364,74,unweighted,10,0.1892914012738853,0,3,None,66,1,5,False,1000,1000
10365,70,unweighted,10,0.1169386942675159,0,15,None,66,1,5,False,1000,1000
10366,71,unweighted,10,0.1383359872611465,0,15,None,66,1,5,False,1000,1000
10367,72,unweighted,10,0.1575437898089172,0,15,None,66,1,5,False,1000,1000
10368,73,unweighted,10,0.1683917197452229,0,15,None,66,1,5,False,1000,1000
10369,74,unweighted,10,0.1741640127388535,0,15,None,66,1,5,False,1000,1000
10370,70,unweighted,10,0.1679936305732484,0,23,None,66,1,5,False,1000,1000
10371,71,unweighted,10,0.171875,0,23,None,66,1,5,False,1000,1000
10372,72,unweighted,10,0.1740644904458598,0,23,None,66,1,5,False,1000,1000
10373,73,unweighted,10,0.1743630573248407,0,23,None,66,1,5,False,1000,1000
10374,74,unweighted,10,0.1896894904458598,0,23,None,66,1,5,False,1000,1000
10375,70,unweighted,10,0.1547571656050955,0,0,None,66,1,5,False,1000,1000
10376,71,unweighted,10,0.1888933121019108,0,0,None,66,1,5,False,1000,1000
10377,72,unweighted,10,0.1761544585987261,0,0,None,66,1,5,False,1000,1000
10378,73,unweighted,10,0.1485867834394904,0,0,None,66,1,5,False,1000,1000
10379,74,unweighted,10,0.1358479299363057,0,0,None,66,1,5,False,1000,1000
10380,70,unweighted,10,0.0995222929936305,0,7,None,66,1,5,False,1000,1000
10381,71,unweighted,10,0.0995222929936305,0,7,None,66,1,5,False,1000,1000
10382,72,unweighted,10,0.1001194267515923,0,7,None,66,1,5,False,1000,1000
10383,73,unweighted,10,0.101811305732484,0,7,None,66,1,5,False,1000,1000
10384,74,unweighted,10,0.1048964968152866,0,7,None,66,1,5,False,1000,1000
10385,70,unweighted,10,0.1099721337579617,0,4,None,66,1,5,False,1000,1000
10386,71,unweighted,10,0.136843152866242,0,4,None,66,1,5,False,1000,1000
10387,72,unweighted,10,0.1556528662420382,0,4,None,66,1,5,False,1000,1000
10388,73,unweighted,10,0.1650079617834395,0,4,None,66,1,5,False,1000,1000
10389,74,unweighted,10,0.169984076433121,0,4,None,66,1,5,False,1000,1000
10390,70,unweighted,10,0.150577229299363,0,32,None,66,1,5,False,1000,1000
10391,71,unweighted,10,0.1785429936305732,0,32,None,66,1,5,False,1000,1000
10392,72,unweighted,10,0.1872014331210191,0,32,None,66,1,5,False,1000,1000
10393,73,unweighted,10,0.1888933121019108,0,32,None,66,1,5,False,1000,1000
10394,74,unweighted,10,0.1918789808917197,0,32,None,66,1,5,False,1000,1000
12870,75,unweighted,10,0.1000199044585987,0,15,None,66,1,5,False,1000,1000
12871,76,unweighted,10,0.1028065286624203,0,15,None,66,1,5,False,1000,1000
12872,77,unweighted,10,0.1067874203821656,0,15,None,66,1,5,False,1000,1000
12873,78,unweighted,10,0.1132563694267515,0,15,None,66,1,5,False,1000,1000
12874,79,unweighted,10,0.1187300955414012,0,15,None,66,1,5,False,1000,1000
12875,75,unweighted,10,0.0995222929936305,0,10,None,66,1,5,False,1000,1000
12876,76,unweighted,10,0.0995222929936305,0,10,None,66,1,5,False,1000,1000
12877,77,unweighted,10,0.0995222929936305,0,10,None,66,1,5,False,1000,1000
12878,78,unweighted,10,0.0995222929936305,0,10,None,66,1,5,False,1000,1000
12879,79,unweighted,10,0.0995222929936305,0,10,None,66,1,5,False,1000,1000
12880,75,unweighted,10,0.1502786624203821,0,16,None,66,1,5,False,1000,1000
12881,76,unweighted,10,0.1354498407643312,0,16,None,66,1,5,False,1000,1000
12882,77,unweighted,10,0.1266918789808917,0,16,None,66,1,5,False,1000,1000
12883,78,unweighted,10,0.1210191082802547,0,16,None,66,1,5,False,1000,1000
12884,79,unweighted,10,0.1157444267515923,0,16,None,66,1,5,False,1000,1000
12885,75,unweighted,10,0.1473925159235669,0,11,None,66,1,5,False,1000,1000
12886,76,unweighted,10,0.1316679936305732,0,11,None,66,1,5,False,1000,1000
12887,77,unweighted,10,0.1155453821656051,0,11,None,66,1,5,False,1000,1000
12888,78,unweighted,10,0.1041003184713375,0,11,None,66,1,5,False,1000,1000
12889,79,unweighted,10,0.1004179936305732,0,11,None,66,1,5,False,1000,1000
12890,75,unweighted,10,0.1902866242038216,0,20,None,66,1,5,False,1000,1000
12891,76,unweighted,10,0.2040207006369426,0,20,None,66,1,5,False,1000,1000
12892,77,unweighted,10,0.2483081210191083,0,20,None,66,1,5,False,1000,1000
12893,78,unweighted,10,0.232484076433121,0,20,None,66,1,5,False,1000,1000
12894,79,unweighted,10,0.1860071656050955,0,20,None,66,1,5,False,1000,1000
12895,75,unweighted,10,0.1786425159235669,0,22,None,66,1,5,False,1000,1000
12896,76,unweighted,10,0.1748606687898089,0,22,None,66,1,5,False,1000,1000
12897,77,unweighted,10,0.1723726114649681,0,22,None,66,1,5,False,1000,1000
12898,78,unweighted,10,0.1730692675159235,0,22,None,66,1,5,False,1000,1000
12899,79,unweighted,10,0.2131767515923567,0,22,None,66,1,5,False,1000,1000
12900,75,unweighted,10,0.2042197452229299,0,17,None,66,1,5,False,1000,1000
12901,76,unweighted,10,0.2095939490445859,0,17,None,66,1,5,False,1000,1000
12902,77,unweighted,10,0.2097929936305732,0,17,None,66,1,5,False,1000,1000
12903,78,unweighted,10,0.2065087579617834,0,17,None,66,1,5,False,1000,1000
12904,79,unweighted,10,0.2004378980891719,0,17,None,66,1,5,False,1000,1000
12905,75,unweighted,10,0.1769506369426751,0,26,None,66,1,5,False,1000,1000
12906,76,unweighted,10,0.1807324840764331,0,26,None,66,1,5,False,1000,1000
12907,77,unweighted,10,0.1816281847133758,0,26,None,66,1,5,False,1000,1000
12908,78,unweighted,10,0.1813296178343949,0,26,None,66,1,5,False,1000,1000
12909,79,unweighted,10,0.1786425159235669,0,26,None,66,1,5,False,1000,1000
12910,75,unweighted,10,0.1389331210191083,0,12,None,66,1,5,False,1000,1000
12911,76,unweighted,10,0.1559514331210191,0,12,None,66,1,5,False,1000,1000
12912,77,unweighted,10,0.1630175159235669,0,12,None,66,1,5,False,1000,1000
12913,78,unweighted,10,0.1652070063694267,0,12,None,66,1,5,False,1000,1000
12914,79,unweighted,10,0.1668988853503184,0,12,None,66,1,5,False,1000,1000
12915,75,unweighted,10,0.1004179936305732,0,24,None,66,1,5,False,1000,1000
12916,76,unweighted,10,0.109375,0,24,None,66,1,5,False,1000,1000
12917,77,unweighted,10,0.1227109872611465,0,24,None,66,1,5,False,1000,1000
12918,78,unweighted,10,0.1353503184713375,0,24,None,66,1,5,False,1000,1000
12919,79,unweighted,10,0.1446058917197452,0,24,None,66,1,5,False,1000,1000
12920,75,unweighted,10,0.2183519108280254,0,30,None,66,1,5,False,1000,1000
12921,76,unweighted,10,0.2171576433121019,0,30,None,66,1,5,False,1000,1000
12922,77,unweighted,10,0.2154657643312102,0,30,None,66,1,5,False,1000,1000
12923,78,unweighted,10,0.2123805732484076,0,30,None,66,1,5,False,1000,1000
12924,79,unweighted,10,0.2098925159235669,0,30,None,66,1,5,False,1000,1000
12925,75,unweighted,10,0.1533638535031847,0,6,None,66,1,5,False,1000,1000
12926,76,unweighted,10,0.1687898089171974,0,6,None,66,1,5,False,1000,1000
12927,77,unweighted,10,0.1881966560509554,0,6,None,66,1,5,False,1000,1000
12928,78,unweighted,10,0.2219347133757961,0,6,None,66,1,5,False,1000,1000
12929,79,unweighted,10,0.2541799363057325,0,6,None,66,1,5,False,1000,1000
12930,75,unweighted,10,0.1767515923566879,0,32,None,66,1,5,False,1000,1000
12931,76,unweighted,10,0.1846138535031847,0,32,None,66,1,5,False,1000,1000
12932,77,unweighted,10,0.1878980891719745,0,32,None,66,1,5,False,1000,1000
12933,78,unweighted,10,0.1894904458598726,0,32,None,66,1,5,False,1000,1000
12934,79,unweighted,10,0.1900875796178344,0,32,None,66,1,5,False,1000,1000
12935,75,unweighted,10,0.0996218152866242,0,7,None,66,1,5,False,1000,1000
12936,76,unweighted,10,0.0998208598726114,0,7,None,66,1,5,False,1000,1000
12937,77,unweighted,10,0.1008160828025477,0,7,None,66,1,5,False,1000,1000
12938,78,unweighted,10,0.1024084394904458,0,7,None,66,1,5,False,1000,1000
12939,79,unweighted,10,0.1041998407643312,0,7,None,66,1,5,False,1000,1000
12940,75,unweighted,10,0.1427149681528662,0,14,None,66,1,5,False,1000,1000
12941,76,unweighted,10,0.1458001592356688,0,14,None,66,1,5,False,1000,1000
12942,77,unweighted,10,0.1482882165605095,0,14,None,66,1,5,False,1000,1000
12943,78,unweighted,10,0.1564490445859872,0,14,None,66,1,5,False,1000,1000
12944,79,unweighted,10,0.1651074840764331,0,14,None,66,1,5,False,1000,1000
12945,75,unweighted,10,0.179140127388535,0,25,None,66,1,5,False,1000,1000
12946,76,unweighted,10,0.1793391719745223,0,25,None,66,1,5,False,1000,1000
12947,77,unweighted,10,0.1792396496815286,0,25,None,66,1,5,False,1000,1000
12948,78,unweighted,10,0.1788415605095541,0,25,None,66,1,5,False,1000,1000
12949,79,unweighted,10,0.1783439490445859,0,25,None,66,1,5,False,1000,1000
12950,75,unweighted,10,0.1746616242038216,0,1,None,66,1,5,False,1000,1000
12951,76,unweighted,10,0.1679936305732484,0,1,None,66,1,5,False,1000,1000
12952,77,unweighted,10,0.1706807324840764,0,1,None,66,1,5,False,1000,1000
12953,78,unweighted,10,0.1719745222929936,0,1,None,66,1,5,False,1000,1000
12954,79,unweighted,10,0.1719745222929936,0,1,None,66,1,5,False,1000,1000
12955,75,unweighted,10,0.1958598726114649,0,2,None,66,1,5,False,1000,1000
12956,76,unweighted,10,0.1946656050955414,0,2,None,66,1,5,False,1000,1000
12957,77,unweighted,10,0.1929737261146497,0,2,None,66,1,5,False,1000,1000
12958,78,unweighted,10,0.1915804140127388,0,2,None,66,1,5,False,1000,1000
12959,79,unweighted,10,0.1910828025477707,0,2,None,66,1,5,False,1000,1000
12960,75,unweighted,10,0.2188495222929936,0,5,None,66,1,5,False,1000,1000
12961,76,unweighted,10,0.2085987261146497,0,5,None,66,1,5,False,1000,1000
12962,77,unweighted,10,0.1866042993630573,0,5,None,66,1,5,False,1000,1000
12963,78,unweighted,10,0.1428144904458598,0,5,None,66,1,5,False,1000,1000
12964,79,unweighted,10,0.1262937898089172,0,5,None,66,1,5,False,1000,1000
12965,75,unweighted,10,0.1036027070063694,0,4,None,66,1,5,False,1000,1000
12966,76,unweighted,10,0.1190286624203821,0,4,None,66,1,5,False,1000,1000
12967,77,unweighted,10,0.1347531847133758,0,4,None,66,1,5,False,1000,1000
12968,78,unweighted,10,0.1473925159235669,0,4,None,66,1,5,False,1000,1000
12969,79,unweighted,10,0.1545581210191083,0,4,None,66,1,5,False,1000,1000
12970,75,unweighted,10,0.0995222929936305,0,9,None,66,1,5,False,1000,1000
12971,76,unweighted,10,0.1043988853503184,0,9,None,66,1,5,False,1000,1000
12972,77,unweighted,10,0.1265923566878981,0,9,None,66,1,5,False,1000,1000
12973,78,unweighted,10,0.1432125796178344,0,9,None,66,1,5,False,1000,1000
12974,79,unweighted,10,0.1544585987261146,0,9,None,66,1,5,False,1000,1000
12975,75,unweighted,10,0.1204219745222929,0,13,None,66,1,5,False,1000,1000
12976,76,unweighted,10,0.1848128980891719,0,13,None,66,1,5,False,1000,1000
12977,77,unweighted,10,0.2132762738853503,0,13,None,66,1,5,False,1000,1000
12978,78,unweighted,10,0.226015127388535,0,13,None,66,1,5,False,1000,1000
12979,79,unweighted,10,0.2274084394904458,0,13,None,66,1,5,False,1000,1000
12980,75,unweighted,10,0.1624203821656051,0,23,None,66,1,5,False,1000,1000
12981,76,unweighted,10,0.161624203821656,0,23,None,66,1,5,False,1000,1000
12982,77,unweighted,10,0.1621218152866242,0,23,None,66,1,5,False,1000,1000
12983,78,unweighted,10,0.1612261146496815,0,23,None,66,1,5,False,1000,1000
12984,79,unweighted,10,0.1642117834394904,0,23,None,66,1,5,False,1000,1000
12985,75,unweighted,10,0.0995222929936305,0,21,None,66,1,5,False,1000,1000
12986,76,unweighted,10,0.0993232484076433,0,21,None,66,1,5,False,1000,1000
12987,77,unweighted,10,0.099124203821656,0,21,None,66,1,5,False,1000,1000
12988,78,unweighted,10,0.0986265923566879,0,21,None,66,1,5,False,1000,1000
12989,79,unweighted,10,0.0985270700636942,0,21,None,66,1,5,False,1000,1000
12990,75,unweighted,10,0.1377388535031847,0,29,None,66,1,5,False,1000,1000
12991,76,unweighted,10,0.136046974522293,0,29,None,66,1,5,False,1000,1000
12992,77,unweighted,10,0.1424164012738853,0,29,None,66,1,5,False,1000,1000
12993,78,unweighted,10,0.1602308917197452,0,29,None,66,1,5,False,1000,1000
12994,79,unweighted,10,0.1735668789808917,0,29,None,66,1,5,False,1000,1000
12995,75,unweighted,10,0.1582404458598726,0,27,None,66,1,5,False,1000,1000
12996,76,unweighted,10,0.1573447452229299,0,27,None,66,1,5,False,1000,1000
12997,77,unweighted,10,0.1169386942675159,0,27,None,66,1,5,False,1000,1000
12998,78,unweighted,10,0.1106687898089172,0,27,None,66,1,5,False,1000,1000
12999,79,unweighted,10,0.1173367834394904,0,27,None,66,1,5,False,1000,1000
13000,75,unweighted,10,0.1052945859872611,0,8,None,66,1,5,False,1000,1000
13001,76,unweighted,10,0.1132563694267515,0,8,None,66,1,5,False,1000,1000
13002,77,unweighted,10,0.1192277070063694,0,8,None,66,1,5,False,1000,1000
13003,78,unweighted,10,0.1267914012738853,0,8,None,66,1,5,False,1000,1000
13004,79,unweighted,10,0.1297770700636942,0,8,None,66,1,5,False,1000,1000
13005,75,unweighted,10,0.0995222929936305,0,18,None,66,1,5,False,1000,1000
13006,76,unweighted,10,0.0995222929936305,0,18,None,66,1,5,False,1000,1000
13007,77,unweighted,10,0.0995222929936305,0,18,None,66,1,5,False,1000,1000
13008,78,unweighted,10,0.0995222929936305,0,18,None,66,1,5,False,1000,1000
13009,79,unweighted,10,0.0995222929936305,0,18,None,66,1,5,False,1000,1000
13010,75,unweighted,10,0.1161425159235668,0,31,None,66,1,5,False,1000,1000
13011,76,unweighted,10,0.1260947452229299,0,31,None,66,1,5,False,1000,1000
13012,77,unweighted,10,0.1379378980891719,0,31,None,66,1,5,False,1000,1000
13013,78,unweighted,10,0.151671974522293,0,31,None,66,1,5,False,1000,1000
13014,79,unweighted,10,0.1634156050955414,0,31,None,66,1,5,False,1000,1000
13015,75,unweighted,10,0.0995222929936305,0,19,None,66,1,5,False,1000,1000
13016,76,unweighted,10,0.0995222929936305,0,19,None,66,1,5,False,1000,1000
13017,77,unweighted,10,0.0995222929936305,0,19,None,66,1,5,False,1000,1000
13018,78,unweighted,10,0.0995222929936305,0,19,None,66,1,5,False,1000,1000
13019,79,unweighted,10,0.0995222929936305,0,19,None,66,1,5,False,1000,1000
13020,75,unweighted,10,0.1310708598726114,0,0,None,66,1,5,False,1000,1000
13021,76,unweighted,10,0.1458996815286624,0,0,None,66,1,5,False,1000,1000
13022,77,unweighted,10,0.1575437898089172,0,0,None,66,1,5,False,1000,1000
13023,78,unweighted,10,0.1600318471337579,0,0,None,66,1,5,False,1000,1000
13024,79,unweighted,10,0.1528662420382165,0,0,None,66,1,5,False,1000,1000
13025,75,unweighted,10,0.1509753184713375,0,3,None,66,1,5,False,1000,1000
13026,76,unweighted,10,0.1688893312101911,0,3,None,66,1,5,False,1000,1000
13027,77,unweighted,10,0.177249203821656,0,3,None,66,1,5,False,1000,1000
13028,78,unweighted,10,0.1805334394904458,0,3,None,66,1,5,False,1000,1000
13029,79,unweighted,10,0.1828224522292993,0,3,None,66,1,5,False,1000,1000
13030,75,unweighted,10,0.1629179936305732,0,28,None,66,1,5,False,1000,1000
13031,76,unweighted,10,0.1948646496815286,0,28,None,66,1,5,False,1000,1000
13032,77,unweighted,10,0.2076035031847133,0,28,None,66,1,5,False,1000,1000
13033,78,unweighted,10,0.2108877388535031,0,28,None,66,1,5,False,1000,1000
13034,79,unweighted,10,0.210390127388535,0,28,None,66,1,5,False,1000,1000
13035,80,unweighted,10,0.1765525477707006,0,22,None,66,1,5,False,1000,1000
13036,81,unweighted,10,0.1782444267515923,0,22,None,66,1,5,False,1000,1000
13037,82,unweighted,10,0.1787420382165605,0,22,None,66,1,5,False,1000,1000
13038,83,unweighted,10,0.1783439490445859,0,22,None,66,1,5,False,1000,1000
13039,84,unweighted,10,0.1824243630573248,0,22,None,66,1,5,False,1000,1000
13040,80,unweighted,10,0.1177348726114649,0,14,None,66,1,5,False,1000,1000
13041,81,unweighted,10,0.1204219745222929,0,14,None,66,1,5,False,1000,1000
13042,82,unweighted,10,0.1221138535031847,0,14,None,66,1,5,False,1000,1000
13043,83,unweighted,10,0.12390525477707,0,14,None,66,1,5,False,1000,1000
13044,84,unweighted,10,0.1253980891719745,0,14,None,66,1,5,False,1000,1000
13045,80,unweighted,10,0.2291998407643312,0,30,None,66,1,5,False,1000,1000
13046,81,unweighted,10,0.224124203821656,0,30,None,66,1,5,False,1000,1000
13047,82,unweighted,10,0.2172571656050955,0,30,None,66,1,5,False,1000,1000
13048,83,unweighted,10,0.2110867834394904,0,30,None,66,1,5,False,1000,1000
13049,84,unweighted,10,0.2070063694267516,0,30,None,66,1,5,False,1000,1000
13050,80,unweighted,10,0.1673964968152866,0,32,None,66,1,5,False,1000,1000
13051,81,unweighted,10,0.1762539808917197,0,32,None,66,1,5,False,1000,1000
13052,82,unweighted,10,0.1805334394904458,0,32,None,66,1,5,False,1000,1000
13053,83,unweighted,10,0.1828224522292993,0,32,None,66,1,5,False,1000,1000
13054,84,unweighted,10,0.1845143312101911,0,32,None,66,1,5,False,1000,1000
13055,80,unweighted,10,0.0996218152866242,0,15,None,66,1,5,False,1000,1000
13056,81,unweighted,10,0.0990246815286624,0,15,None,66,1,5,False,1000,1000
13057,82,unweighted,10,0.099124203821656,0,15,None,66,1,5,False,1000,1000
13058,83,unweighted,10,0.0999203821656051,0,15,None,66,1,5,False,1000,1000
13059,84,unweighted,10,0.1002189490445859,0,15,None,66,1,5,False,1000,1000
13060,80,unweighted,10,0.1288813694267516,0,10,None,66,1,5,False,1000,1000
13061,81,unweighted,10,0.1233081210191082,0,10,None,66,1,5,False,1000,1000
13062,82,unweighted,10,0.1188296178343949,0,10,None,66,1,5,False,1000,1000
13063,83,unweighted,10,0.1167396496815286,0,10,None,66,1,5,False,1000,1000
13064,84,unweighted,10,0.1203224522292993,0,10,None,66,1,5,False,1000,1000
13065,80,unweighted,10,0.1766520700636942,0,25,None,66,1,5,False,1000,1000
13066,81,unweighted,10,0.1765525477707006,0,25,None,66,1,5,False,1000,1000
13067,82,unweighted,10,0.1758558917197452,0,25,None,66,1,5,False,1000,1000
13068,83,unweighted,10,0.1752587579617834,0,25,None,66,1,5,False,1000,1000
13069,84,unweighted,10,0.1742635350318471,0,25,None,66,1,5,False,1000,1000
13070,80,unweighted,10,0.1852109872611465,0,12,None,66,1,5,False,1000,1000
13071,81,unweighted,10,0.1802348726114649,0,12,None,66,1,5,False,1000,1000
13072,82,unweighted,10,0.1759554140127388,0,12,None,66,1,5,False,1000,1000
13073,83,unweighted,10,0.1694864649681528,0,12,None,66,1,5,False,1000,1000
13074,84,unweighted,10,0.1637141719745223,0,12,None,66,1,5,False,1000,1000
13075,80,unweighted,10,0.2024283439490445,0,26,None,66,1,5,False,1000,1000
13076,81,unweighted,10,0.192874203821656,0,26,None,66,1,5,False,1000,1000
13077,82,unweighted,10,0.1839171974522293,0,26,None,66,1,5,False,1000,1000
13078,83,unweighted,10,0.1770501592356688,0,26,None,66,1,5,False,1000,1000
13079,84,unweighted,10,0.17078025477707,0,26,None,66,1,5,False,1000,1000
13080,80,unweighted,10,0.1625199044585987,0,11,None,66,1,5,False,1000,1000
13081,81,unweighted,10,0.1540605095541401,0,11,None,66,1,5,False,1000,1000
13082,82,unweighted,10,0.1463972929936305,0,11,None,66,1,5,False,1000,1000
13083,83,unweighted,10,0.1430135350318471,0,11,None,66,1,5,False,1000,1000
13084,84,unweighted,10,0.1640127388535031,0,11,None,66,1,5,False,1000,1000
13085,80,unweighted,10,0.1907842356687898,0,17,None,66,1,5,False,1000,1000
13086,81,unweighted,10,0.1863057324840764,0,17,None,66,1,5,False,1000,1000
13087,82,unweighted,10,0.1817277070063694,0,17,None,66,1,5,False,1000,1000
13088,83,unweighted,10,0.1775477707006369,0,17,None,66,1,5,False,1000,1000
13089,84,unweighted,10,0.1743630573248407,0,17,None,66,1,5,False,1000,1000
13090,80,unweighted,10,0.1413216560509554,0,24,None,66,1,5,False,1000,1000
13091,81,unweighted,10,0.1522691082802547,0,24,None,66,1,5,False,1000,1000
13092,82,unweighted,10,0.1595342356687898,0,24,None,66,1,5,False,1000,1000
13093,83,unweighted,10,0.1748606687898089,0,24,None,66,1,5,False,1000,1000
13094,84,unweighted,10,0.1870023885350318,0,24,None,66,1,5,False,1000,1000
13095,80,unweighted,10,0.0992237261146496,0,18,None,66,1,5,False,1000,1000
13096,81,unweighted,10,0.0993232484076433,0,18,None,66,1,5,False,1000,1000
13097,82,unweighted,10,0.0993232484076433,0,18,None,66,1,5,False,1000,1000
13098,83,unweighted,10,0.0994227707006369,0,18,None,66,1,5,False,1000,1000
13099,84,unweighted,10,0.0994227707006369,0,18,None,66,1,5,False,1000,1000
13100,80,unweighted,10,0.0995222929936305,0,19,None,66,1,5,False,1000,1000
13101,81,unweighted,10,0.0995222929936305,0,19,None,66,1,5,False,1000,1000
13102,82,unweighted,10,0.0995222929936305,0,19,None,66,1,5,False,1000,1000
13103,83,unweighted,10,0.0995222929936305,0,19,None,66,1,5,False,1000,1000
13104,84,unweighted,10,0.0995222929936305,0,19,None,66,1,5,False,1000,1000
13105,80,unweighted,10,0.1736664012738853,0,31,None,66,1,5,False,1000,1000
13106,81,unweighted,10,0.1785429936305732,0,31,None,66,1,5,False,1000,1000
13107,82,unweighted,10,0.1841162420382165,0,31,None,66,1,5,False,1000,1000
13108,83,unweighted,10,0.1892914012738853,0,31,None,66,1,5,False,1000,1000
13109,84,unweighted,10,0.1930732484076433,0,31,None,66,1,5,False,1000,1000
13110,80,unweighted,10,0.1207205414012738,0,16,None,66,1,5,False,1000,1000
13111,81,unweighted,10,0.1158439490445859,0,16,None,66,1,5,False,1000,1000
13112,82,unweighted,10,0.1108678343949044,0,16,None,66,1,5,False,1000,1000
13113,83,unweighted,10,0.1081807324840764,0,16,None,66,1,5,False,1000,1000
13114,84,unweighted,10,0.1060907643312101,0,16,None,66,1,5,False,1000,1000
13115,80,unweighted,10,0.1400278662420382,0,7,None,66,1,5,False,1000,1000
13116,81,unweighted,10,0.1129578025477707,0,7,None,66,1,5,False,1000,1000
13117,82,unweighted,10,0.1002189490445859,0,7,None,66,1,5,False,1000,1000
13118,83,unweighted,10,0.1006170382165605,0,7,None,66,1,5,False,1000,1000
13119,84,unweighted,10,0.101015127388535,0,7,None,66,1,5,False,1000,1000
13120,80,unweighted,10,0.1370421974522293,0,6,None,66,1,5,False,1000,1000
13121,81,unweighted,10,0.1534633757961783,0,6,None,66,1,5,False,1000,1000
13122,82,unweighted,10,0.1634156050955414,0,6,None,66,1,5,False,1000,1000
13123,83,unweighted,10,0.1725716560509554,0,6,None,66,1,5,False,1000,1000
13124,84,unweighted,10,0.1905851910828025,0,6,None,66,1,5,False,1000,1000
13125,80,unweighted,10,0.1880971337579617,0,20,None,66,1,5,False,1000,1000
13126,81,unweighted,10,0.190187101910828,0,20,None,66,1,5,False,1000,1000
13127,82,unweighted,10,0.2063097133757961,0,20,None,66,1,5,False,1000,1000
13128,83,unweighted,10,0.2280055732484076,0,20,None,66,1,5,False,1000,1000
13129,84,unweighted,10,0.2431329617834395,0,20,None,66,1,5,False,1000,1000
13130,80,unweighted,10,0.1541600318471337,0,1,None,66,1,5,False,1000,1000
13131,81,unweighted,10,0.1549562101910828,0,1,None,66,1,5,False,1000,1000
13132,82,unweighted,10,0.1566480891719745,0,1,None,66,1,5,False,1000,1000
13133,83,unweighted,10,0.1568471337579617,0,1,None,66,1,5,False,1000,1000
13134,84,unweighted,10,0.1557523885350318,0,1,None,66,1,5,False,1000,1000
13135,80,unweighted,10,0.1972531847133758,0,2,None,66,1,5,False,1000,1000
13136,81,unweighted,10,0.1975517515923567,0,2,None,66,1,5,False,1000,1000
13137,82,unweighted,10,0.1975517515923567,0,2,None,66,1,5,False,1000,1000
13138,83,unweighted,10,0.1970541401273885,0,2,None,66,1,5,False,1000,1000
13139,84,unweighted,10,0.1970541401273885,0,2,None,66,1,5,False,1000,1000
13140,80,unweighted,10,0.123109076433121,0,0,None,66,1,5,False,1000,1000
13141,81,unweighted,10,0.1249004777070063,0,0,None,66,1,5,False,1000,1000
13142,82,unweighted,10,0.1273885350318471,0,0,None,66,1,5,False,1000,1000
13143,83,unweighted,10,0.1304737261146497,0,0,None,66,1,5,False,1000,1000
13144,84,unweighted,10,0.1352507961783439,0,0,None,66,1,5,False,1000,1000
13145,80,unweighted,10,0.1647093949044586,0,3,None,66,1,5,False,1000,1000
13146,81,unweighted,10,0.1722730891719745,0,3,None,66,1,5,False,1000,1000
13147,82,unweighted,10,0.1758558917197452,0,3,None,66,1,5,False,1000,1000
13148,83,unweighted,10,0.1774482484076433,0,3,None,66,1,5,False,1000,1000
13149,84,unweighted,10,0.1780453821656051,0,3,None,66,1,5,False,1000,1000
13150,80,unweighted,10,0.1008160828025477,0,4,None,66,1,5,False,1000,1000
13151,81,unweighted,10,0.1169386942675159,0,4,None,66,1,5,False,1000,1000
13152,82,unweighted,10,0.1244028662420382,0,4,None,66,1,5,False,1000,1000
13153,83,unweighted,10,0.1319665605095541,0,4,None,66,1,5,False,1000,1000
13154,84,unweighted,10,0.1381369426751592,0,4,None,66,1,5,False,1000,1000
13155,80,unweighted,10,0.1224124203821656,0,5,None,66,1,5,False,1000,1000
13156,81,unweighted,10,0.1490843949044586,0,5,None,66,1,5,False,1000,1000
13157,82,unweighted,10,0.181031050955414,0,5,None,66,1,5,False,1000,1000
13158,83,unweighted,10,0.2034235668789809,0,5,None,66,1,5,False,1000,1000
13159,84,unweighted,10,0.2119824840764331,0,5,None,66,1,5,False,1000,1000
13160,80,unweighted,10,0.1327627388535031,0,9,None,66,1,5,False,1000,1000
13161,81,unweighted,10,0.1448049363057325,0,9,None,66,1,5,False,1000,1000
13162,82,unweighted,10,0.1541600318471337,0,9,None,66,1,5,False,1000,1000
13163,83,unweighted,10,0.1596337579617834,0,9,None,66,1,5,False,1000,1000
13164,84,unweighted,10,0.1640127388535031,0,9,None,66,1,5,False,1000,1000
13165,80,unweighted,10,0.0996218152866242,0,8,None,66,1,5,False,1000,1000
13166,81,unweighted,10,0.0999203821656051,0,8,None,66,1,5,False,1000,1000
13167,82,unweighted,10,0.1019108280254777,0,8,None,66,1,5,False,1000,1000
13168,83,unweighted,10,0.1028065286624203,0,8,None,66,1,5,False,1000,1000
13169,84,unweighted,10,0.1040007961783439,0,8,None,66,1,5,False,1000,1000
13170,80,unweighted,10,0.1793391719745223,0,13,None,66,1,5,False,1000,1000
13171,81,unweighted,10,0.1915804140127388,0,13,None,66,1,5,False,1000,1000
13172,82,unweighted,10,0.190187101910828,0,13,None,66,1,5,False,1000,1000
13173,83,unweighted,10,0.1918789808917197,0,13,None,66,1,5,False,1000,1000
13174,84,unweighted,10,0.190983280254777,0,13,None,66,1,5,False,1000,1000
13175,80,unweighted,10,0.0995222929936305,0,21,None,66,1,5,False,1000,1000
13176,81,unweighted,10,0.0993232484076433,0,21,None,66,1,5,False,1000,1000
13177,82,unweighted,10,0.1017117834394904,0,21,None,66,1,5,False,1000,1000
13178,83,unweighted,10,0.130374203821656,0,21,None,66,1,5,False,1000,1000
13179,84,unweighted,10,0.165406050955414,0,21,None,66,1,5,False,1000,1000
13180,80,unweighted,10,0.1047969745222929,0,23,None,66,1,5,False,1000,1000
13181,81,unweighted,10,0.1226114649681528,0,23,None,66,1,5,False,1000,1000
13182,82,unweighted,10,0.1324641719745223,0,23,None,66,1,5,False,1000,1000
13183,83,unweighted,10,0.1287818471337579,0,23,None,66,1,5,False,1000,1000
13184,84,unweighted,10,0.1272890127388535,0,23,None,66,1,5,False,1000,1000
13185,80,unweighted,10,0.1776472929936305,0,28,None,66,1,5,False,1000,1000
13186,81,unweighted,10,0.1885947452229299,0,28,None,66,1,5,False,1000,1000
13187,82,unweighted,10,0.1935708598726114,0,28,None,66,1,5,False,1000,1000
13188,83,unweighted,10,0.1950636942675159,0,28,None,66,1,5,False,1000,1000
13189,84,unweighted,10,0.1958598726114649,0,28,None,66,1,5,False,1000,1000
13190,80,unweighted,10,0.2079020700636942,0,27,None,66,1,5,False,1000,1000
13191,81,unweighted,10,0.201234076433121,0,27,None,66,1,5,False,1000,1000
13192,82,unweighted,10,0.190187101910828,0,27,None,66,1,5,False,1000,1000
13193,83,unweighted,10,0.1771496815286624,0,27,None,66,1,5,False,1000,1000
13194,84,unweighted,10,0.1640127388535031,0,27,None,66,1,5,False,1000,1000
13195,80,unweighted,10,0.123109076433121,0,29,None,66,1,5,False,1000,1000
13196,81,unweighted,10,0.1252985668789809,0,29,None,66,1,5,False,1000,1000
13197,82,unweighted,10,0.1277866242038216,0,29,None,66,1,5,False,1000,1000
13198,83,unweighted,10,0.1305732484076433,0,29,None,66,1,5,False,1000,1000
13199,84,unweighted,10,0.1335589171974522,0,29,None,66,1,5,False,1000,1000
16005,85,unweighted,10,0.1986464968152866,0,1,None,66,1,5,False,1000,1000
16006,86,unweighted,10,0.2007364649681528,0,1,None,66,1,5,False,1000,1000
16007,87,unweighted,10,0.2076035031847133,0,1,None,66,1,5,False,1000,1000
16008,88,unweighted,10,0.213077229299363,0,1,None,66,1,5,False,1000,1000
16009,89,unweighted,10,0.21875,0,1,None,66,1,5,False,1000,1000
16010,85,unweighted,10,0.1962579617834395,0,2,None,66,1,5,False,1000,1000
16011,86,unweighted,10,0.1967555732484076,0,2,None,66,1,5,False,1000,1000
16012,87,unweighted,10,0.1971536624203821,0,2,None,66,1,5,False,1000,1000
16013,88,unweighted,10,0.1973527070063694,0,2,None,66,1,5,False,1000,1000
16014,89,unweighted,10,0.1977507961783439,0,2,None,66,1,5,False,1000,1000
16015,85,unweighted,10,0.1610270700636942,0,5,None,66,1,5,False,1000,1000
16016,86,unweighted,10,0.1703821656050955,0,5,None,66,1,5,False,1000,1000
16017,87,unweighted,10,0.1771496815286624,0,5,None,66,1,5,False,1000,1000
16018,88,unweighted,10,0.1854100318471337,0,5,None,66,1,5,False,1000,1000
16019,89,unweighted,10,0.1907842356687898,0,5,None,66,1,5,False,1000,1000
16020,85,unweighted,10,0.1519705414012739,0,15,None,66,1,5,False,1000,1000
16021,86,unweighted,10,0.144108280254777,0,15,None,66,1,5,False,1000,1000
16022,87,unweighted,10,0.1376393312101911,0,15,None,66,1,5,False,1000,1000
16023,88,unweighted,10,0.1320660828025477,0,15,None,66,1,5,False,1000,1000
16024,89,unweighted,10,0.1278861464968153,0,15,None,66,1,5,False,1000,1000
16025,85,unweighted,10,0.1488853503184713,0,10,None,66,1,5,False,1000,1000
16026,86,unweighted,10,0.1477906050955414,0,10,None,66,1,5,False,1000,1000
16027,87,unweighted,10,0.1494824840764331,0,10,None,66,1,5,False,1000,1000
16028,88,unweighted,10,0.1971536624203821,0,10,None,66,1,5,False,1000,1000
16029,89,unweighted,10,0.1794386942675159,0,10,None,66,1,5,False,1000,1000
16030,85,unweighted,10,0.1067874203821656,0,16,None,66,1,5,False,1000,1000
16031,86,unweighted,10,0.1046974522292993,0,16,None,66,1,5,False,1000,1000
16032,87,unweighted,10,0.1039012738853503,0,16,None,66,1,5,False,1000,1000
16033,88,unweighted,10,0.1079816878980891,0,16,None,66,1,5,False,1000,1000
16034,89,unweighted,10,0.1282842356687898,0,16,None,66,1,5,False,1000,1000
16035,85,unweighted,10,0.1689888535031847,0,11,None,66,1,5,False,1000,1000
16036,86,unweighted,10,0.1664012738853503,0,11,None,66,1,5,False,1000,1000
16037,87,unweighted,10,0.1645103503184713,0,11,None,66,1,5,False,1000,1000
16038,88,unweighted,10,0.1877985668789809,0,11,None,66,1,5,False,1000,1000
16039,89,unweighted,10,0.2137738853503184,0,11,None,66,1,5,False,1000,1000
16040,85,unweighted,10,0.1254976114649681,0,8,None,66,1,5,False,1000,1000
16041,86,unweighted,10,0.1205214968152866,0,8,None,66,1,5,False,1000,1000
16042,87,unweighted,10,0.1182324840764331,0,8,None,66,1,5,False,1000,1000
16043,88,unweighted,10,0.1161425159235668,0,8,None,66,1,5,False,1000,1000
16044,89,unweighted,10,0.1136544585987261,0,8,None,66,1,5,False,1000,1000
16045,85,unweighted,10,0.1814291401273885,0,20,None,66,1,5,False,1000,1000
16046,86,unweighted,10,0.1828224522292993,0,20,None,66,1,5,False,1000,1000
16047,87,unweighted,10,0.1855095541401273,0,20,None,66,1,5,False,1000,1000
16048,88,unweighted,10,0.1851114649681528,0,20,None,66,1,5,False,1000,1000
16049,89,unweighted,10,0.1898885350318471,0,20,None,66,1,5,False,1000,1000
16050,85,unweighted,10,0.0995222929936305,0,19,None,66,1,5,False,1000,1000
16051,86,unweighted,10,0.1294785031847133,0,19,None,66,1,5,False,1000,1000
16052,87,unweighted,10,0.1729697452229299,0,19,None,66,1,5,False,1000,1000
16053,88,unweighted,10,0.1898885350318471,0,19,None,66,1,5,False,1000,1000
16054,89,unweighted,10,0.2017316878980891,0,19,None,66,1,5,False,1000,1000
16055,85,unweighted,10,0.1232085987261146,0,23,None,66,1,5,False,1000,1000
16056,86,unweighted,10,0.1272890127388535,0,23,None,66,1,5,False,1000,1000
16057,87,unweighted,10,0.1315684713375796,0,23,None,66,1,5,False,1000,1000
16058,88,unweighted,10,0.1412221337579617,0,23,None,66,1,5,False,1000,1000
16059,89,unweighted,10,0.1986464968152866,0,23,None,66,1,5,False,1000,1000
16060,85,unweighted,10,0.1767515923566879,0,17,None,66,1,5,False,1000,1000
16061,86,unweighted,10,0.1769506369426751,0,17,None,66,1,5,False,1000,1000
16062,87,unweighted,10,0.1766520700636942,0,17,None,66,1,5,False,1000,1000
16063,88,unweighted,10,0.1779458598726114,0,17,None,66,1,5,False,1000,1000
16064,89,unweighted,10,0.181031050955414,0,17,None,66,1,5,False,1000,1000
16065,85,unweighted,10,0.1895899681528662,0,21,None,66,1,5,False,1000,1000
16066,86,unweighted,10,0.198546974522293,0,21,None,66,1,5,False,1000,1000
16067,87,unweighted,10,0.2085987261146497,0,21,None,66,1,5,False,1000,1000
16068,88,unweighted,10,0.2118829617834395,0,21,None,66,1,5,False,1000,1000
16069,89,unweighted,10,0.210390127388535,0,21,None,66,1,5,False,1000,1000
16070,85,unweighted,10,0.1739649681528662,0,25,None,66,1,5,False,1000,1000
16071,86,unweighted,10,0.1736664012738853,0,25,None,66,1,5,False,1000,1000
16072,87,unweighted,10,0.1734673566878981,0,25,None,66,1,5,False,1000,1000
16073,88,unweighted,10,0.1740644904458598,0,25,None,66,1,5,False,1000,1000
16074,89,unweighted,10,0.1750597133757961,0,25,None,66,1,5,False,1000,1000
16075,85,unweighted,10,0.1480891719745223,0,26,None,66,1,5,False,1000,1000
16076,86,unweighted,10,0.1471934713375796,0,26,None,66,1,5,False,1000,1000
16077,87,unweighted,10,0.1465963375796178,0,26,None,66,1,5,False,1000,1000
16078,88,unweighted,10,0.1457006369426751,0,26,None,66,1,5,False,1000,1000
16079,89,unweighted,10,0.1442078025477707,0,26,None,66,1,5,False,1000,1000
16080,85,unweighted,10,0.1918789808917197,0,24,None,66,1,5,False,1000,1000
16081,86,unweighted,10,0.195561305732484,0,24,None,66,1,5,False,1000,1000
16082,87,unweighted,10,0.1994426751592356,0,24,None,66,1,5,False,1000,1000
16083,88,unweighted,10,0.2052149681528662,0,24,None,66,1,5,False,1000,1000
16084,89,unweighted,10,0.2018312101910828,0,24,None,66,1,5,False,1000,1000
16085,85,unweighted,10,0.1900875796178344,0,28,None,66,1,5,False,1000,1000
16086,86,unweighted,10,0.1925756369426751,0,28,None,66,1,5,False,1000,1000
16087,87,unweighted,10,0.1943670382165605,0,28,None,66,1,5,False,1000,1000
16088,88,unweighted,10,0.1979498407643312,0,28,None,66,1,5,False,1000,1000
16089,89,unweighted,10,0.2022292993630573,0,28,None,66,1,5,False,1000,1000
16090,85,unweighted,10,0.1712778662420382,0,3,None,66,1,5,False,1000,1000
16091,86,unweighted,10,0.1740644904458598,0,3,None,66,1,5,False,1000,1000
16092,87,unweighted,10,0.1761544585987261,0,3,None,66,1,5,False,1000,1000
16093,88,unweighted,10,0.1775477707006369,0,3,None,66,1,5,False,1000,1000
16094,89,unweighted,10,0.1803343949044586,0,3,None,66,1,5,False,1000,1000
16095,85,unweighted,10,0.0998208598726114,0,29,None,66,1,5,False,1000,1000
16096,86,unweighted,10,0.0996218152866242,0,29,None,66,1,5,False,1000,1000
16097,87,unweighted,10,0.0989251592356687,0,29,None,66,1,5,False,1000,1000
16098,88,unweighted,10,0.0986265923566879,0,29,None,66,1,5,False,1000,1000
16099,89,unweighted,10,0.0987261146496815,0,29,None,66,1,5,False,1000,1000
16100,85,unweighted,10,0.2061106687898089,0,30,None,66,1,5,False,1000,1000
16101,86,unweighted,10,0.2011345541401273,0,30,None,66,1,5,False,1000,1000
16102,87,unweighted,10,0.1997412420382165,0,30,None,66,1,5,False,1000,1000
16103,88,unweighted,10,0.1979498407643312,0,30,None,66,1,5,False,1000,1000
16104,89,unweighted,10,0.1965565286624203,0,30,None,66,1,5,False,1000,1000
16105,85,unweighted,10,0.1451035031847133,0,18,None,66,1,5,False,1000,1000
16106,86,unweighted,10,0.1407245222929936,0,18,None,66,1,5,False,1000,1000
16107,87,unweighted,10,0.1463972929936305,0,18,None,66,1,5,False,1000,1000
16108,88,unweighted,10,0.1517714968152866,0,18,None,66,1,5,False,1000,1000
16109,89,unweighted,10,0.1575437898089172,0,18,None,66,1,5,False,1000,1000
16110,85,unweighted,10,0.1915804140127388,0,31,None,66,1,5,False,1000,1000
16111,86,unweighted,10,0.1946656050955414,0,31,None,66,1,5,False,1000,1000
16112,87,unweighted,10,0.1962579617834395,0,31,None,66,1,5,False,1000,1000
16113,88,unweighted,10,0.1978503184713375,0,31,None,66,1,5,False,1000,1000
16114,89,unweighted,10,0.1997412420382165,0,31,None,66,1,5,False,1000,1000
16115,85,unweighted,10,0.2003383757961783,0,27,None,66,1,5,False,1000,1000
16116,86,unweighted,10,0.1969546178343949,0,27,None,66,1,5,False,1000,1000
16117,87,unweighted,10,0.1948646496815286,0,27,None,66,1,5,False,1000,1000
16118,88,unweighted,10,0.192078025477707,0,27,None,66,1,5,False,1000,1000
16119,89,unweighted,10,0.1924761146496815,0,27,None,66,1,5,False,1000,1000
16120,85,unweighted,10,0.1293789808917197,0,7,None,66,1,5,False,1000,1000
16121,86,unweighted,10,0.1059912420382165,0,7,None,66,1,5,False,1000,1000
16122,87,unweighted,10,0.1016122611464968,0,7,None,66,1,5,False,1000,1000
16123,88,unweighted,10,0.101811305732484,0,7,None,66,1,5,False,1000,1000
16124,89,unweighted,10,0.1021098726114649,0,7,None,66,1,5,False,1000,1000
16125,85,unweighted,10,0.1347531847133758,0,4,None,66,1,5,False,1000,1000
16126,86,unweighted,10,0.143312101910828,0,4,None,66,1,5,False,1000,1000
16127,87,unweighted,10,0.13953025477707,0,4,None,66,1,5,False,1000,1000
16128,88,unweighted,10,0.13953025477707,0,4,None,66,1,5,False,1000,1000
16129,89,unweighted,10,0.1408240445859872,0,4,None,66,1,5,False,1000,1000
16130,85,unweighted,10,0.1665007961783439,0,32,None,66,1,5,False,1000,1000
16131,86,unweighted,10,0.1711783439490445,0,32,None,66,1,5,False,1000,1000
16132,87,unweighted,10,0.1743630573248407,0,32,None,66,1,5,False,1000,1000
16133,88,unweighted,10,0.1754578025477707,0,32,None,66,1,5,False,1000,1000
16134,89,unweighted,10,0.1762539808917197,0,32,None,66,1,5,False,1000,1000
16135,85,unweighted,10,0.1573447452229299,0,9,None,66,1,5,False,1000,1000
16136,86,unweighted,10,0.161624203821656,0,9,None,66,1,5,False,1000,1000
16137,87,unweighted,10,0.1647093949044586,0,9,None,66,1,5,False,1000,1000
16138,88,unweighted,10,0.1678941082802547,0,9,None,66,1,5,False,1000,1000
16139,89,unweighted,10,0.1706807324840764,0,9,None,66,1,5,False,1000,1000
16140,85,unweighted,10,0.1420183121019108,0,6,None,66,1,5,False,1000,1000
16141,86,unweighted,10,0.1668988853503184,0,6,None,66,1,5,False,1000,1000
16142,87,unweighted,10,0.1884952229299363,0,6,None,66,1,5,False,1000,1000
16143,88,unweighted,10,0.206608280254777,0,6,None,66,1,5,False,1000,1000
16144,89,unweighted,10,0.222233280254777,0,6,None,66,1,5,False,1000,1000
16145,85,unweighted,10,0.1595342356687898,0,22,None,66,1,5,False,1000,1000
16146,86,unweighted,10,0.1603304140127388,0,22,None,66,1,5,False,1000,1000
16147,87,unweighted,10,0.1600318471337579,0,22,None,66,1,5,False,1000,1000
16148,88,unweighted,10,0.1588375796178344,0,22,None,66,1,5,False,1000,1000
16149,89,unweighted,10,0.1586385350318471,0,22,None,66,1,5,False,1000,1000
16150,85,unweighted,10,0.1241042993630573,0,14,None,66,1,5,False,1000,1000
16151,86,unweighted,10,0.1249004777070063,0,14,None,66,1,5,False,1000,1000
16152,87,unweighted,10,0.1250995222929936,0,14,None,66,1,5,False,1000,1000
16153,88,unweighted,10,0.1249004777070063,0,14,None,66,1,5,False,1000,1000
16154,89,unweighted,10,0.125,0,14,None,66,1,5,False,1000,1000
16155,85,unweighted,10,0.1803343949044586,0,12,None,66,1,5,False,1000,1000
16156,86,unweighted,10,0.1757563694267516,0,12,None,66,1,5,False,1000,1000
16157,87,unweighted,10,0.1708797770700637,0,12,None,66,1,5,False,1000,1000
16158,88,unweighted,10,0.1684912420382165,0,12,None,66,1,5,False,1000,1000
16159,89,unweighted,10,0.1682921974522293,0,12,None,66,1,5,False,1000,1000
16160,85,unweighted,10,0.2207404458598726,0,13,None,66,1,5,False,1000,1000
16161,86,unweighted,10,0.1949641719745223,0,13,None,66,1,5,False,1000,1000
16162,87,unweighted,10,0.1879976114649681,0,13,None,66,1,5,False,1000,1000
16163,88,unweighted,10,0.1887937898089172,0,13,None,66,1,5,False,1000,1000
16164,89,unweighted,10,0.1887937898089172,0,13,None,66,1,5,False,1000,1000
16165,85,unweighted,10,0.1797372611464968,0,0,None,66,1,5,False,1000,1000
16166,86,unweighted,10,0.1801353503184713,0,0,None,66,1,5,False,1000,1000
16167,87,unweighted,10,0.1827229299363057,0,0,None,66,1,5,False,1000,1000
16168,88,unweighted,10,0.1874004777070063,0,0,None,66,1,5,False,1000,1000
16169,89,unweighted,10,0.192874203821656,0,0,None,66,1,5,False,1000,1000
16170,90,unweighted,10,0.2164609872611465,0,1,None,66,1,5,False,1000,1000
16171,91,unweighted,10,0.2166600318471337,0,1,None,66,1,5,False,1000,1000
16172,92,unweighted,10,0.2157643312101911,0,1,None,66,1,5,False,1000,1000
16173,93,unweighted,10,0.2132762738853503,0,1,None,66,1,5,False,1000,1000
16174,94,unweighted,10,0.2129777070063694,0,1,None,66,1,5,False,1000,1000
16175,90,unweighted,10,0.1970541401273885,0,2,None,66,1,5,False,1000,1000
16176,91,unweighted,10,0.1977507961783439,0,2,None,66,1,5,False,1000,1000
16177,92,unweighted,10,0.1982484076433121,0,2,None,66,1,5,False,1000,1000
16178,93,unweighted,10,0.1983479299363057,0,2,None,66,1,5,False,1000,1000
16179,94,unweighted,10,0.1984474522292993,0,2,None,66,1,5,False,1000,1000
16180,90,unweighted,10,0.1723726114649681,0,5,None,66,1,5,False,1000,1000
16181,91,unweighted,10,0.1762539808917197,0,5,None,66,1,5,False,1000,1000
16182,92,unweighted,10,0.1792396496815286,0,5,None,66,1,5,False,1000,1000
16183,93,unweighted,10,0.1872014331210191,0,5,None,66,1,5,False,1000,1000
16184,94,unweighted,10,0.1972531847133758,0,5,None,66,1,5,False,1000,1000
16185,90,unweighted,10,0.1595342356687898,0,7,None,66,1,5,False,1000,1000
16186,91,unweighted,10,0.151671974522293,0,7,None,66,1,5,False,1000,1000
16187,92,unweighted,10,0.1454020700636942,0,7,None,66,1,5,False,1000,1000
16188,93,unweighted,10,0.1420183121019108,0,7,None,66,1,5,False,1000,1000
16189,94,unweighted,10,0.1553542993630573,0,7,None,66,1,5,False,1000,1000
16190,90,unweighted,10,0.1774482484076433,0,11,None,66,1,5,False,1000,1000
16191,91,unweighted,10,0.1782444267515923,0,11,None,66,1,5,False,1000,1000
16192,92,unweighted,10,0.1834195859872611,0,11,None,66,1,5,False,1000,1000
16193,93,unweighted,10,0.2264132165605095,0,11,None,66,1,5,False,1000,1000
16194,94,unweighted,10,0.2118829617834395,0,11,None,66,1,5,False,1000,1000
16195,90,unweighted,10,0.1874004777070063,0,17,None,66,1,5,False,1000,1000
16196,91,unweighted,10,0.1914808917197452,0,17,None,66,1,5,False,1000,1000
16197,92,unweighted,10,0.1977507961783439,0,17,None,66,1,5,False,1000,1000
16198,93,unweighted,10,0.2136743630573248,0,17,None,66,1,5,False,1000,1000
16199,94,unweighted,10,0.2592555732484076,0,17,None,66,1,5,False,1000,1000
16200,90,unweighted,10,0.1700835987261146,0,15,None,66,1,5,False,1000,1000
16201,91,unweighted,10,0.1695859872611465,0,15,None,66,1,5,False,1000,1000
16202,92,unweighted,10,0.1696855095541401,0,15,None,66,1,5,False,1000,1000
16203,93,unweighted,10,0.1705812101910828,0,15,None,66,1,5,False,1000,1000
16204,94,unweighted,10,0.1750597133757961,0,15,None,66,1,5,False,1000,1000
16205,90,unweighted,10,0.1801353503184713,0,20,None,66,1,5,False,1000,1000
16206,91,unweighted,10,0.1806329617834395,0,20,None,66,1,5,False,1000,1000
16207,92,unweighted,10,0.1796377388535031,0,20,None,66,1,5,False,1000,1000
16208,93,unweighted,10,0.1812300955414012,0,20,None,66,1,5,False,1000,1000
16209,94,unweighted,10,0.1913813694267516,0,20,None,66,1,5,False,1000,1000
16210,90,unweighted,10,0.1695859872611465,0,10,None,66,1,5,False,1000,1000
16211,91,unweighted,10,0.1711783439490445,0,10,None,66,1,5,False,1000,1000
16212,92,unweighted,10,0.1844148089171974,0,10,None,66,1,5,False,1000,1000
16213,93,unweighted,10,0.2317874203821656,0,10,None,66,1,5,False,1000,1000
16214,94,unweighted,10,0.2022292993630573,0,10,None,66,1,5,False,1000,1000
16215,90,unweighted,10,0.1417197452229299,0,22,None,66,1,5,False,1000,1000
16216,91,unweighted,10,0.1447054140127388,0,22,None,66,1,5,False,1000,1000
16217,92,unweighted,10,0.1482882165605095,0,22,None,66,1,5,False,1000,1000
16218,93,unweighted,10,0.1525676751592356,0,22,None,66,1,5,False,1000,1000
16219,94,unweighted,10,0.1606289808917197,0,22,None,66,1,5,False,1000,1000
16220,90,unweighted,10,0.1735668789808917,0,32,None,66,1,5,False,1000,1000
16221,91,unweighted,10,0.1754578025477707,0,32,None,66,1,5,False,1000,1000
16222,92,unweighted,10,0.1771496815286624,0,32,None,66,1,5,False,1000,1000
16223,93,unweighted,10,0.1800358280254777,0,32,None,66,1,5,False,1000,1000
16224,94,unweighted,10,0.182921974522293,0,32,None,66,1,5,False,1000,1000
16225,90,unweighted,10,0.1099721337579617,0,16,None,66,1,5,False,1000,1000
16226,91,unweighted,10,0.1328622611464968,0,16,None,66,1,5,False,1000,1000
16227,92,unweighted,10,0.1556528662420382,0,16,None,66,1,5,False,1000,1000
16228,93,unweighted,10,0.1907842356687898,0,16,None,66,1,5,False,1000,1000
16229,94,unweighted,10,0.221437101910828,0,16,None,66,1,5,False,1000,1000
16230,90,unweighted,10,0.1626194267515923,0,8,None,66,1,5,False,1000,1000
16231,91,unweighted,10,0.1596337579617834,0,8,None,66,1,5,False,1000,1000
16232,92,unweighted,10,0.1627189490445859,0,8,None,66,1,5,False,1000,1000
16233,93,unweighted,10,0.1681926751592356,0,8,None,66,1,5,False,1000,1000
16234,94,unweighted,10,0.1757563694267516,0,8,None,66,1,5,False,1000,1000
16235,90,unweighted,10,0.1959593949044586,0,18,None,66,1,5,False,1000,1000
16236,91,unweighted,10,0.1762539808917197,0,18,None,66,1,5,False,1000,1000
16237,92,unweighted,10,0.1792396496815286,0,18,None,66,1,5,False,1000,1000
16238,93,unweighted,10,0.1827229299363057,0,18,None,66,1,5,False,1000,1000
16239,94,unweighted,10,0.1851114649681528,0,18,None,66,1,5,False,1000,1000
16240,90,unweighted,10,0.1314689490445859,0,14,None,66,1,5,False,1000,1000
16241,91,unweighted,10,0.1328622611464968,0,14,None,66,1,5,False,1000,1000
16242,92,unweighted,10,0.1361464968152866,0,14,None,66,1,5,False,1000,1000
16243,93,unweighted,10,0.13953025477707,0,14,None,66,1,5,False,1000,1000
16244,94,unweighted,10,0.1444068471337579,0,14,None,66,1,5,False,1000,1000
16245,90,unweighted,10,0.2055135350318471,0,19,None,66,1,5,False,1000,1000
16246,91,unweighted,10,0.2061106687898089,0,19,None,66,1,5,False,1000,1000
16247,92,unweighted,10,0.2063097133757961,0,19,None,66,1,5,False,1000,1000
16248,93,unweighted,10,0.205812101910828,0,19,None,66,1,5,False,1000,1000
16249,94,unweighted,10,0.2052149681528662,0,19,None,66,1,5,False,1000,1000
16250,90,unweighted,10,0.2055135350318471,0,21,None,66,1,5,False,1000,1000
16251,91,unweighted,10,0.2051154458598726,0,21,None,66,1,5,False,1000,1000
16252,92,unweighted,10,0.2046178343949044,0,21,None,66,1,5,False,1000,1000
16253,93,unweighted,10,0.203125,0,21,None,66,1,5,False,1000,1000
16254,94,unweighted,10,0.2026273885350318,0,21,None,66,1,5,False,1000,1000
16255,90,unweighted,10,0.205812101910828,0,23,None,66,1,5,False,1000,1000
16256,91,unweighted,10,0.2198447452229299,0,23,None,66,1,5,False,1000,1000
16257,92,unweighted,10,0.2237261146496815,0,23,None,66,1,5,False,1000,1000
16258,93,unweighted,10,0.229796974522293,0,23,None,66,1,5,False,1000,1000
16259,94,unweighted,10,0.235171178343949,0,23,None,66,1,5,False,1000,1000
16260,90,unweighted,10,0.1758558917197452,0,4,None,66,1,5,False,1000,1000
16261,91,unweighted,10,0.1797372611464968,0,4,None,66,1,5,False,1000,1000
16262,92,unweighted,10,0.1831210191082802,0,4,None,66,1,5,False,1000,1000
16263,93,unweighted,10,0.1858081210191083,0,4,None,66,1,5,False,1000,1000
16264,94,unweighted,10,0.1887937898089172,0,4,None,66,1,5,False,1000,1000
16265,90,unweighted,10,0.2050159235668789,0,24,None,66,1,5,False,1000,1000
16266,91,unweighted,10,0.2213375796178344,0,24,None,66,1,5,False,1000,1000
16267,92,unweighted,10,0.199343152866242,0,24,None,66,1,5,False,1000,1000
16268,93,unweighted,10,0.2072054140127388,0,24,None,66,1,5,False,1000,1000
16269,94,unweighted,10,0.2147691082802547,0,24,None,66,1,5,False,1000,1000
16270,90,unweighted,10,0.1982484076433121,0,27,None,66,1,5,False,1000,1000
16271,91,unweighted,10,0.1989450636942675,0,27,None,66,1,5,False,1000,1000
16272,92,unweighted,10,0.1997412420382165,0,27,None,66,1,5,False,1000,1000
16273,93,unweighted,10,0.2010350318471337,0,27,None,66,1,5,False,1000,1000
16274,94,unweighted,10,0.2064092356687898,0,27,None,66,1,5,False,1000,1000
16275,90,unweighted,10,0.197452229299363,0,30,None,66,1,5,False,1000,1000
16276,91,unweighted,10,0.1960589171974522,0,30,None,66,1,5,False,1000,1000
16277,92,unweighted,10,0.1959593949044586,0,30,None,66,1,5,False,1000,1000
16278,93,unweighted,10,0.1956608280254777,0,30,None,66,1,5,False,1000,1000
16279,94,unweighted,10,0.1960589171974522,0,30,None,66,1,5,False,1000,1000
16280,90,unweighted,10,0.1986464968152866,0,31,None,66,1,5,False,1000,1000
16281,91,unweighted,10,0.2002388535031847,0,31,None,66,1,5,False,1000,1000
16282,92,unweighted,10,0.2023288216560509,0,31,None,66,1,5,False,1000,1000
16283,93,unweighted,10,0.2041202229299363,0,31,None,66,1,5,False,1000,1000
16284,94,unweighted,10,0.2067078025477707,0,31,None,66,1,5,False,1000,1000
16285,90,unweighted,10,0.1982484076433121,0,28,None,66,1,5,False,1000,1000
16286,91,unweighted,10,0.2004378980891719,0,28,None,66,1,5,False,1000,1000
16287,92,unweighted,10,0.2029259554140127,0,28,None,66,1,5,False,1000,1000
16288,93,unweighted,10,0.2043192675159235,0,28,None,66,1,5,False,1000,1000
16289,94,unweighted,10,0.2075039808917197,0,28,None,66,1,5,False,1000,1000
16290,90,unweighted,10,0.1797372611464968,0,29,None,66,1,5,False,1000,1000
16291,91,unweighted,10,0.1832205414012739,0,29,None,66,1,5,False,1000,1000
16292,92,unweighted,10,0.1879976114649681,0,29,None,66,1,5,False,1000,1000
16293,93,unweighted,10,0.1910828025477707,0,29,None,66,1,5,False,1000,1000
16294,94,unweighted,10,0.1941679936305732,0,29,None,66,1,5,False,1000,1000
16295,90,unweighted,10,0.1694864649681528,0,9,None,66,1,5,False,1000,1000
16296,91,unweighted,10,0.1736664012738853,0,9,None,66,1,5,False,1000,1000
16297,92,unweighted,10,0.177249203821656,0,9,None,66,1,5,False,1000,1000
16298,93,unweighted,10,0.1813296178343949,0,9,None,66,1,5,False,1000,1000
16299,94,unweighted,10,0.1854100318471337,0,9,None,66,1,5,False,1000,1000
16300,90,unweighted,10,0.1968550955414012,0,0,None,66,1,5,False,1000,1000
16301,91,unweighted,10,0.1996417197452229,0,0,None,66,1,5,False,1000,1000
16302,92,unweighted,10,0.2026273885350318,0,0,None,66,1,5,False,1000,1000
16303,93,unweighted,10,0.2101910828025477,0,0,None,66,1,5,False,1000,1000
16304,94,unweighted,10,0.2256170382165605,0,0,None,66,1,5,False,1000,1000
16305,90,unweighted,10,0.1892914012738853,0,6,None,66,1,5,False,1000,1000
16306,91,unweighted,10,0.2030254777070063,0,6,None,66,1,5,False,1000,1000
16307,92,unweighted,10,0.2108877388535031,0,6,None,66,1,5,False,1000,1000
16308,93,unweighted,10,0.2165605095541401,0,6,None,66,1,5,False,1000,1000
16309,94,unweighted,10,0.2202428343949044,0,6,None,66,1,5,False,1000,1000
16310,90,unweighted,10,0.1777468152866242,0,3,None,66,1,5,False,1000,1000
16311,91,unweighted,10,0.1811305732484076,0,3,None,66,1,5,False,1000,1000
16312,92,unweighted,10,0.1854100318471337,0,3,None,66,1,5,False,1000,1000
16313,93,unweighted,10,0.1902866242038216,0,3,None,66,1,5,False,1000,1000
16314,94,unweighted,10,0.194765127388535,0,3,None,66,1,5,False,1000,1000
16315,90,unweighted,10,0.1765525477707006,0,12,None,66,1,5,False,1000,1000
16316,91,unweighted,10,0.1760549363057325,0,12,None,66,1,5,False,1000,1000
16317,92,unweighted,10,0.1774482484076433,0,12,None,66,1,5,False,1000,1000
16318,93,unweighted,10,0.1815286624203821,0,12,None,66,1,5,False,1000,1000
16319,94,unweighted,10,0.1865047770700637,0,12,None,66,1,5,False,1000,1000
16320,90,unweighted,10,0.2033240445859872,0,13,None,66,1,5,False,1000,1000
16321,91,unweighted,10,0.1824243630573248,0,13,None,66,1,5,False,1000,1000
16322,92,unweighted,10,0.1812300955414012,0,13,None,66,1,5,False,1000,1000
16323,93,unweighted,10,0.1822253184713375,0,13,None,66,1,5,False,1000,1000
16324,94,unweighted,10,0.1830214968152866,0,13,None,66,1,5,False,1000,1000
16325,90,unweighted,10,0.1765525477707006,0,25,None,66,1,5,False,1000,1000
16326,91,unweighted,10,0.1788415605095541,0,25,None,66,1,5,False,1000,1000
16327,92,unweighted,10,0.1805334394904458,0,25,None,66,1,5,False,1000,1000
16328,93,unweighted,10,0.1838176751592356,0,25,None,66,1,5,False,1000,1000
16329,94,unweighted,10,0.1874004777070063,0,25,None,66,1,5,False,1000,1000
16330,90,unweighted,10,0.1503781847133758,0,26,None,66,1,5,False,1000,1000
16331,91,unweighted,10,0.1471934713375796,0,26,None,66,1,5,False,1000,1000
16332,92,unweighted,10,0.1494824840764331,0,26,None,66,1,5,False,1000,1000
16333,93,unweighted,10,0.15515525477707,0,26,None,66,1,5,False,1000,1000
16334,94,unweighted,10,0.1639132165605095,0,26,None,66,1,5,False,1000,1000
19470,95,unweighted,10,0.2090963375796178,0,1,None,66,1,5,False,1000,1000
19471,96,unweighted,10,0.2116839171974522,0,1,None,66,1,5,False,1000,1000
19472,97,unweighted,10,0.2118829617834395,0,1,None,66,1,5,False,1000,1000
19473,98,unweighted,10,0.2171576433121019,0,1,None,66,1,5,False,1000,1000
19474,99,unweighted,10,0.2189490445859872,0,1,None,66,1,5,False,1000,1000
19475,95,unweighted,10,0.1872014331210191,0,15,None,66,1,5,False,1000,1000
19476,96,unweighted,10,0.1897890127388535,0,15,None,66,1,5,False,1000,1000
19477,97,unweighted,10,0.1923765923566879,0,15,None,66,1,5,False,1000,1000
19478,98,unweighted,10,0.1969546178343949,0,15,None,66,1,5,False,1000,1000
19479,99,unweighted,10,0.2041202229299363,0,15,None,66,1,5,False,1000,1000
19480,95,unweighted,10,0.1884952229299363,0,10,None,66,1,5,False,1000,1000
19481,96,unweighted,10,0.1903861464968153,0,10,None,66,1,5,False,1000,1000
19482,97,unweighted,10,0.203125,0,10,None,66,1,5,False,1000,1000
19483,98,unweighted,10,0.2390525477707006,0,10,None,66,1,5,False,1000,1000
19484,99,unweighted,10,0.208499203821656,0,10,None,66,1,5,False,1000,1000
19485,95,unweighted,10,0.1779458598726114,0,16,None,66,1,5,False,1000,1000
19486,96,unweighted,10,0.1831210191082802,0,16,None,66,1,5,False,1000,1000
19487,97,unweighted,10,0.1863057324840764,0,16,None,66,1,5,False,1000,1000
19488,98,unweighted,10,0.1930732484076433,0,16,None,66,1,5,False,1000,1000
19489,99,unweighted,10,0.2253184713375796,0,16,None,66,1,5,False,1000,1000
19490,95,unweighted,10,0.1942675159235669,0,11,None,66,1,5,False,1000,1000
19491,96,unweighted,10,0.2240246815286624,0,11,None,66,1,5,False,1000,1000
19492,97,unweighted,10,0.2236265923566879,0,11,None,66,1,5,False,1000,1000
19493,98,unweighted,10,0.2095939490445859,0,11,None,66,1,5,False,1000,1000
19494,99,unweighted,10,0.2083001592356688,0,11,None,66,1,5,False,1000,1000
19495,95,unweighted,10,0.2218351910828025,0,8,None,66,1,5,False,1000,1000
19496,96,unweighted,10,0.2502985668789809,0,8,None,66,1,5,False,1000,1000
19497,97,unweighted,10,0.2235270700636942,0,8,None,66,1,5,False,1000,1000
19498,98,unweighted,10,0.2337778662420382,0,8,None,66,1,5,False,1000,1000
19499,99,unweighted,10,0.2192476114649681,0,8,None,66,1,5,False,1000,1000
19500,95,unweighted,10,0.1877985668789809,0,20,None,66,1,5,False,1000,1000
19501,96,unweighted,10,0.1911823248407643,0,20,None,66,1,5,False,1000,1000
19502,97,unweighted,10,0.1880971337579617,0,20,None,66,1,5,False,1000,1000
19503,98,unweighted,10,0.1902866242038216,0,20,None,66,1,5,False,1000,1000
19504,99,unweighted,10,0.2139729299363057,0,20,None,66,1,5,False,1000,1000
19505,95,unweighted,10,0.2061106687898089,0,19,None,66,1,5,False,1000,1000
19506,96,unweighted,10,0.2043192675159235,0,19,None,66,1,5,False,1000,1000
19507,97,unweighted,10,0.2065087579617834,0,19,None,66,1,5,False,1000,1000
19508,98,unweighted,10,0.2068073248407643,0,19,None,66,1,5,False,1000,1000
19509,99,unweighted,10,0.2096934713375796,0,19,None,66,1,5,False,1000,1000
19510,95,unweighted,10,0.2165605095541401,0,23,None,66,1,5,False,1000,1000
19511,96,unweighted,10,0.2179538216560509,0,23,None,66,1,5,False,1000,1000
19512,97,unweighted,10,0.2369625796178344,0,23,None,66,1,5,False,1000,1000
19513,98,unweighted,10,0.2274084394904458,0,23,None,66,1,5,False,1000,1000
19514,99,unweighted,10,0.2418391719745223,0,23,None,66,1,5,False,1000,1000
19515,95,unweighted,10,0.2173566878980891,0,17,None,66,1,5,False,1000,1000
19516,96,unweighted,10,0.237858280254777,0,17,None,66,1,5,False,1000,1000
19517,97,unweighted,10,0.2162619426751592,0,17,None,66,1,5,False,1000,1000
19518,98,unweighted,10,0.2203423566878981,0,17,None,66,1,5,False,1000,1000
19519,99,unweighted,10,0.2450238853503184,0,17,None,66,1,5,False,1000,1000
19520,95,unweighted,10,0.205812101910828,0,21,None,66,1,5,False,1000,1000
19521,96,unweighted,10,0.2049164012738853,0,21,None,66,1,5,False,1000,1000
19522,97,unweighted,10,0.2067078025477707,0,21,None,66,1,5,False,1000,1000
19523,98,unweighted,10,0.2079020700636942,0,21,None,66,1,5,False,1000,1000
19524,99,unweighted,10,0.2438296178343949,0,21,None,66,1,5,False,1000,1000
19525,95,unweighted,10,0.2070063694267516,0,24,None,66,1,5,False,1000,1000
19526,96,unweighted,10,0.2139729299363057,0,24,None,66,1,5,False,1000,1000
19527,97,unweighted,10,0.222233280254777,0,24,None,66,1,5,False,1000,1000
19528,98,unweighted,10,0.2333797770700637,0,24,None,66,1,5,False,1000,1000
19529,99,unweighted,10,0.252687101910828,0,24,None,66,1,5,False,1000,1000
19530,95,unweighted,10,0.2095939490445859,0,28,None,66,1,5,False,1000,1000
19531,96,unweighted,10,0.2136743630573248,0,28,None,66,1,5,False,1000,1000
19532,97,unweighted,10,0.2212380573248407,0,28,None,66,1,5,False,1000,1000
19533,98,unweighted,10,0.2317874203821656,0,28,None,66,1,5,False,1000,1000
19534,99,unweighted,10,0.2574641719745223,0,28,None,66,1,5,False,1000,1000
19535,95,unweighted,10,0.2032245222929936,0,29,None,66,1,5,False,1000,1000
19536,96,unweighted,10,0.2097929936305732,0,29,None,66,1,5,False,1000,1000
19537,97,unweighted,10,0.2172571656050955,0,29,None,66,1,5,False,1000,1000
19538,98,unweighted,10,0.2377587579617834,0,29,None,66,1,5,False,1000,1000
19539,99,unweighted,10,0.1983479299363057,0,29,None,66,1,5,False,1000,1000
19540,95,unweighted,10,0.1879976114649681,0,9,None,66,1,5,False,1000,1000
19541,96,unweighted,10,0.1913813694267516,0,9,None,66,1,5,False,1000,1000
19542,97,unweighted,10,0.1968550955414012,0,9,None,66,1,5,False,1000,1000
19543,98,unweighted,10,0.2075039808917197,0,9,None,66,1,5,False,1000,1000
19544,99,unweighted,10,0.2402468152866242,0,9,None,66,1,5,False,1000,1000
19545,95,unweighted,10,0.2254179936305732,0,18,None,66,1,5,False,1000,1000
19546,96,unweighted,10,0.205812101910828,0,18,None,66,1,5,False,1000,1000
19547,97,unweighted,10,0.1999402866242038,0,18,None,66,1,5,False,1000,1000
19548,98,unweighted,10,0.2024283439490445,0,18,None,66,1,5,False,1000,1000
19549,99,unweighted,10,0.2055135350318471,0,18,None,66,1,5,False,1000,1000
19550,95,unweighted,10,0.2073049363057325,0,27,None,66,1,5,False,1000,1000
19551,96,unweighted,10,0.2097929936305732,0,27,None,66,1,5,False,1000,1000
19552,97,unweighted,10,0.2189490445859872,0,27,None,66,1,5,False,1000,1000
19553,98,unweighted,10,0.2238256369426751,0,27,None,66,1,5,False,1000,1000
19554,99,unweighted,10,0.205812101910828,0,27,None,66,1,5,False,1000,1000
19555,95,unweighted,10,0.2067078025477707,0,31,None,66,1,5,False,1000,1000
19556,96,unweighted,10,0.2110867834394904,0,31,None,66,1,5,False,1000,1000
19557,97,unweighted,10,0.2157643312101911,0,31,None,66,1,5,False,1000,1000
19558,98,unweighted,10,0.2192476114649681,0,31,None,66,1,5,False,1000,1000
19559,99,unweighted,10,0.2240246815286624,0,31,None,66,1,5,False,1000,1000
19560,95,unweighted,10,0.1843152866242038,0,32,None,66,1,5,False,1000,1000
19561,96,unweighted,10,0.1875,0,32,None,66,1,5,False,1000,1000
19562,97,unweighted,10,0.1904856687898089,0,32,None,66,1,5,False,1000,1000
19563,98,unweighted,10,0.1937699044585987,0,32,None,66,1,5,False,1000,1000
19564,99,unweighted,10,0.2067078025477707,0,32,None,66,1,5,False,1000,1000
19565,95,unweighted,10,0.2318869426751592,0,5,None,66,1,5,False,1000,1000
19566,96,unweighted,10,0.2281050955414012,0,5,None,66,1,5,False,1000,1000
19567,97,unweighted,10,0.190983280254777,0,5,None,66,1,5,False,1000,1000
19568,98,unweighted,10,0.2050159235668789,0,5,None,66,1,5,False,1000,1000
19569,99,unweighted,10,0.195561305732484,0,5,None,66,1,5,False,1000,1000
19570,95,unweighted,10,0.2171576433121019,0,6,None,66,1,5,False,1000,1000
19571,96,unweighted,10,0.2153662420382165,0,6,None,66,1,5,False,1000,1000
19572,97,unweighted,10,0.2156648089171974,0,6,None,66,1,5,False,1000,1000
19573,98,unweighted,10,0.2146695859872611,0,6,None,66,1,5,False,1000,1000
19574,99,unweighted,10,0.2145700636942675,0,6,None,66,1,5,False,1000,1000
19575,95,unweighted,10,0.1815286624203821,0,7,None,66,1,5,False,1000,1000
19576,96,unweighted,10,0.1820262738853503,0,7,None,66,1,5,False,1000,1000
19577,97,unweighted,10,0.1831210191082802,0,7,None,66,1,5,False,1000,1000
19578,98,unweighted,10,0.1850119426751592,0,7,None,66,1,5,False,1000,1000
19579,99,unweighted,10,0.190187101910828,0,7,None,66,1,5,False,1000,1000
19580,95,unweighted,10,0.1946656050955414,0,26,None,66,1,5,False,1000,1000
19581,96,unweighted,10,0.1937699044585987,0,26,None,66,1,5,False,1000,1000
19582,97,unweighted,10,0.1941679936305732,0,26,None,66,1,5,False,1000,1000
19583,98,unweighted,10,0.1937699044585987,0,26,None,66,1,5,False,1000,1000
19584,99,unweighted,10,0.1958598726114649,0,26,None,66,1,5,False,1000,1000
19585,95,unweighted,10,0.1894904458598726,0,12,None,66,1,5,False,1000,1000
19586,96,unweighted,10,0.1939689490445859,0,12,None,66,1,5,False,1000,1000
19587,97,unweighted,10,0.2017316878980891,0,12,None,66,1,5,False,1000,1000
19588,98,unweighted,10,0.2177547770700637,0,12,None,66,1,5,False,1000,1000
19589,99,unweighted,10,0.2128781847133758,0,12,None,66,1,5,False,1000,1000
19590,95,unweighted,10,0.1999402866242038,0,30,None,66,1,5,False,1000,1000
19591,96,unweighted,10,0.2006369426751592,0,30,None,66,1,5,False,1000,1000
19592,97,unweighted,10,0.2011345541401273,0,30,None,66,1,5,False,1000,1000
19593,98,unweighted,10,0.2013335987261146,0,30,None,66,1,5,False,1000,1000
19594,99,unweighted,10,0.2032245222929936,0,30,None,66,1,5,False,1000,1000
19595,95,unweighted,10,0.1888933121019108,0,13,None,66,1,5,False,1000,1000
19596,96,unweighted,10,0.1900875796178344,0,13,None,66,1,5,False,1000,1000
19597,97,unweighted,10,0.192874203821656,0,13,None,66,1,5,False,1000,1000
19598,98,unweighted,10,0.1951632165605095,0,13,None,66,1,5,False,1000,1000
19599,99,unweighted,10,0.1960589171974522,0,13,None,66,1,5,False,1000,1000
19600,95,unweighted,10,0.1895899681528662,0,25,None,66,1,5,False,1000,1000
19601,96,unweighted,10,0.1938694267515923,0,25,None,66,1,5,False,1000,1000
19602,97,unweighted,10,0.1978503184713375,0,25,None,66,1,5,False,1000,1000
19603,98,unweighted,10,0.2010350318471337,0,25,None,66,1,5,False,1000,1000
19604,99,unweighted,10,0.2049164012738853,0,25,None,66,1,5,False,1000,1000
19605,95,unweighted,10,0.2074044585987261,0,14,None,66,1,5,False,1000,1000
19606,96,unweighted,10,0.2236265923566879,0,14,None,66,1,5,False,1000,1000
19607,97,unweighted,10,0.2308917197452229,0,14,None,66,1,5,False,1000,1000
19608,98,unweighted,10,0.2342754777070063,0,14,None,66,1,5,False,1000,1000
19609,99,unweighted,10,0.2349721337579617,0,14,None,66,1,5,False,1000,1000
19610,95,unweighted,10,0.1959593949044586,0,4,None,66,1,5,False,1000,1000
19611,96,unweighted,10,0.1956608280254777,0,4,None,66,1,5,False,1000,1000
19612,97,unweighted,10,0.197452229299363,0,4,None,66,1,5,False,1000,1000
19613,98,unweighted,10,0.1990445859872611,0,4,None,66,1,5,False,1000,1000
19614,99,unweighted,10,0.2015326433121019,0,4,None,66,1,5,False,1000,1000
19615,95,unweighted,10,0.1567476114649681,0,22,None,66,1,5,False,1000,1000
19616,96,unweighted,10,0.1630175159235669,0,22,None,66,1,5,False,1000,1000
19617,97,unweighted,10,0.17078025477707,0,22,None,66,1,5,False,1000,1000
19618,98,unweighted,10,0.1995421974522293,0,22,None,66,1,5,False,1000,1000
19619,99,unweighted,10,0.1773487261146497,0,22,None,66,1,5,False,1000,1000
19620,95,unweighted,10,0.2028264331210191,0,2,None,66,1,5,False,1000,1000
19621,96,unweighted,10,0.203125,0,2,None,66,1,5,False,1000,1000
19622,97,unweighted,10,0.2032245222929936,0,2,None,66,1,5,False,1000,1000
19623,98,unweighted,10,0.2042197452229299,0,2,None,66,1,5,False,1000,1000
19624,99,unweighted,10,0.2069068471337579,0,2,None,66,1,5,False,1000,1000
19625,95,unweighted,10,0.210390127388535,0,0,None,66,1,5,False,1000,1000
19626,96,unweighted,10,0.2405453821656051,0,0,None,66,1,5,False,1000,1000
19627,97,unweighted,10,0.2060111464968153,0,0,None,66,1,5,False,1000,1000
19628,98,unweighted,10,0.2092953821656051,0,0,None,66,1,5,False,1000,1000
19629,99,unweighted,10,0.2118829617834395,0,0,None,66,1,5,False,1000,1000
19630,95,unweighted,10,0.194765127388535,0,3,None,66,1,5,False,1000,1000
19631,96,unweighted,10,0.1973527070063694,0,3,None,66,1,5,False,1000,1000
19632,97,unweighted,10,0.2008359872611465,0,3,None,66,1,5,False,1000,1000
19633,98,unweighted,10,0.2048168789808917,0,3,None,66,1,5,False,1000,1000
19634,99,unweighted,10,0.2087977707006369,0,3,None,66,1,5,False,1000,1000
19635,100,unweighted,10,0.1869028662420382,0,22,None,66,1,5,False,1000,1000
19636,101,unweighted,10,0.188296178343949,0,22,None,66,1,5,False,1000,1000
19637,102,unweighted,10,0.1949641719745223,0,22,None,66,1,5,False,1000,1000
19638,103,unweighted,10,0.1979498407643312,0,22,None,66,1,5,False,1000,1000
19639,104,unweighted,10,0.2028264331210191,0,22,None,66,1,5,False,1000,1000
19640,100,unweighted,10,0.223328025477707,0,1,None,66,1,5,False,1000,1000
19641,101,unweighted,10,0.2240246815286624,0,1,None,66,1,5,False,1000,1000
19642,102,unweighted,10,0.2273089171974522,0,1,None,66,1,5,False,1000,1000
19643,103,unweighted,10,0.2369625796178344,0,1,None,66,1,5,False,1000,1000
19644,104,unweighted,10,0.2916998407643312,0,1,None,66,1,5,False,1000,1000
19645,100,unweighted,10,0.2146695859872611,0,2,None,66,1,5,False,1000,1000
19646,101,unweighted,10,0.2175557324840764,0,2,None,66,1,5,False,1000,1000
19647,102,unweighted,10,0.2204418789808917,0,2,None,66,1,5,False,1000,1000
19648,103,unweighted,10,0.222233280254777,0,2,None,66,1,5,False,1000,1000
19649,104,unweighted,10,0.2240246815286624,0,2,None,66,1,5,False,1000,1000
19650,100,unweighted,10,0.2073049363057325,0,9,None,66,1,5,False,1000,1000
19651,101,unweighted,10,0.2654259554140127,0,9,None,66,1,5,False,1000,1000
19652,102,unweighted,10,0.2068073248407643,0,9,None,66,1,5,False,1000,1000
19653,103,unweighted,10,0.207703025477707,0,9,None,66,1,5,False,1000,1000
19654,104,unweighted,10,0.2089968152866242,0,9,None,66,1,5,False,1000,1000
19655,100,unweighted,10,0.2158638535031847,0,21,None,66,1,5,False,1000,1000
19656,101,unweighted,10,0.2372611464968153,0,21,None,66,1,5,False,1000,1000
19657,102,unweighted,10,0.2442277070063694,0,21,None,66,1,5,False,1000,1000
19658,103,unweighted,10,0.2123805732484076,0,21,None,66,1,5,False,1000,1000
19659,104,unweighted,10,0.2457205414012739,0,21,None,66,1,5,False,1000,1000
19660,100,unweighted,10,0.2392515923566879,0,27,None,66,1,5,False,1000,1000
19661,101,unweighted,10,0.2821457006369426,0,27,None,66,1,5,False,1000,1000
19662,102,unweighted,10,0.2615445859872611,0,27,None,66,1,5,False,1000,1000
19663,103,unweighted,10,0.2778662420382166,0,27,None,66,1,5,False,1000,1000
19664,104,unweighted,10,0.2786624203821656,0,27,None,66,1,5,False,1000,1000
19665,100,unweighted,10,0.2513933121019108,0,28,None,66,1,5,False,1000,1000
19666,101,unweighted,10,0.2314888535031847,0,28,None,66,1,5,False,1000,1000
19667,102,unweighted,10,0.2298964968152866,0,28,None,66,1,5,False,1000,1000
19668,103,unweighted,10,0.2316878980891719,0,28,None,66,1,5,False,1000,1000
19669,104,unweighted,10,0.2367635350318471,0,28,None,66,1,5,False,1000,1000
19670,100,unweighted,10,0.2029259554140127,0,29,None,66,1,5,False,1000,1000
19671,101,unweighted,10,0.2043192675159235,0,29,None,66,1,5,False,1000,1000
19672,102,unweighted,10,0.205812101910828,0,29,None,66,1,5,False,1000,1000
19673,103,unweighted,10,0.2161624203821656,0,29,None,66,1,5,False,1000,1000
19674,104,unweighted,10,0.2361664012738853,0,29,None,66,1,5,False,1000,1000
19675,100,unweighted,10,0.2057125796178344,0,15,None,66,1,5,False,1000,1000
19676,101,unweighted,10,0.2232285031847133,0,15,None,66,1,5,False,1000,1000
19677,102,unweighted,10,0.299562101910828,0,15,None,66,1,5,False,1000,1000
19678,103,unweighted,10,0.3088176751592357,0,15,None,66,1,5,False,1000,1000
19679,104,unweighted,10,0.2701035031847134,0,15,None,66,1,5,False,1000,1000
19680,100,unweighted,10,0.2319864649681528,0,10,None,66,1,5,False,1000,1000
19681,101,unweighted,10,0.2384554140127388,0,10,None,66,1,5,False,1000,1000
19682,102,unweighted,10,0.2436305732484076,0,10,None,66,1,5,False,1000,1000
19683,103,unweighted,10,0.2900079617834395,0,10,None,66,1,5,False,1000,1000
19684,104,unweighted,10,0.2659235668789809,0,10,None,66,1,5,False,1000,1000
19685,100,unweighted,10,0.2345740445859872,0,13,None,66,1,5,False,1000,1000
19686,101,unweighted,10,0.2178542993630573,0,13,None,66,1,5,False,1000,1000
19687,102,unweighted,10,0.2121815286624203,0,13,None,66,1,5,False,1000,1000
19688,103,unweighted,10,0.2119824840764331,0,13,None,66,1,5,False,1000,1000
19689,104,unweighted,10,0.2123805732484076,0,13,None,66,1,5,False,1000,1000
19690,100,unweighted,10,0.207703025477707,0,25,None,66,1,5,False,1000,1000
19691,101,unweighted,10,0.2106886942675159,0,25,None,66,1,5,False,1000,1000
19692,102,unweighted,10,0.2154657643312102,0,25,None,66,1,5,False,1000,1000
19693,103,unweighted,10,0.2208399681528662,0,25,None,66,1,5,False,1000,1000
19694,104,unweighted,10,0.2252189490445859,0,25,None,66,1,5,False,1000,1000
19695,100,unweighted,10,0.2294984076433121,0,17,None,66,1,5,False,1000,1000
19696,101,unweighted,10,0.2542794585987261,0,17,None,66,1,5,False,1000,1000
19697,102,unweighted,10,0.2746815286624204,0,17,None,66,1,5,False,1000,1000
19698,103,unweighted,10,0.2550756369426751,0,17,None,66,1,5,False,1000,1000
19699,104,unweighted,10,0.25,0,17,None,66,1,5,False,1000,1000
19700,100,unweighted,10,0.2441281847133758,0,11,None,66,1,5,False,1000,1000
19701,101,unweighted,10,0.2448248407643312,0,11,None,66,1,5,False,1000,1000
19702,102,unweighted,10,0.2249203821656051,0,11,None,66,1,5,False,1000,1000
19703,103,unweighted,10,0.2257165605095541,0,11,None,66,1,5,False,1000,1000
19704,104,unweighted,10,0.2286027070063694,0,11,None,66,1,5,False,1000,1000
19705,100,unweighted,10,0.270203025477707,0,24,None,66,1,5,False,1000,1000
19706,101,unweighted,10,0.3058320063694267,0,24,None,66,1,5,False,1000,1000
19707,102,unweighted,10,0.3365843949044586,0,24,None,66,1,5,False,1000,1000
19708,103,unweighted,10,0.4004777070063694,0,24,None,66,1,5,False,1000,1000
19709,104,unweighted,10,0.34265525477707,0,24,None,66,1,5,False,1000,1000
19710,100,unweighted,10,0.2245222929936305,0,18,None,66,1,5,False,1000,1000
19711,101,unweighted,10,0.2350716560509554,0,18,None,66,1,5,False,1000,1000
19712,102,unweighted,10,0.2447253184713375,0,18,None,66,1,5,False,1000,1000
19713,103,unweighted,10,0.2494028662420382,0,18,None,66,1,5,False,1000,1000
19714,104,unweighted,10,0.2519904458598726,0,18,None,66,1,5,False,1000,1000
19715,100,unweighted,10,0.2152667197452229,0,8,None,66,1,5,False,1000,1000
19716,101,unweighted,10,0.2193471337579617,0,8,None,66,1,5,False,1000,1000
19717,102,unweighted,10,0.2245222929936305,0,8,None,66,1,5,False,1000,1000
19718,103,unweighted,10,0.2346735668789809,0,8,None,66,1,5,False,1000,1000
19719,104,unweighted,10,0.2516918789808917,0,8,None,66,1,5,False,1000,1000
19720,100,unweighted,10,0.2157643312101911,0,19,None,66,1,5,False,1000,1000
19721,101,unweighted,10,0.2166600318471337,0,19,None,66,1,5,False,1000,1000
19722,102,unweighted,10,0.2212380573248407,0,19,None,66,1,5,False,1000,1000
19723,103,unweighted,10,0.272890127388535,0,19,None,66,1,5,False,1000,1000
19724,104,unweighted,10,0.2360668789808917,0,19,None,66,1,5,False,1000,1000
19725,100,unweighted,10,0.2204418789808917,0,31,None,66,1,5,False,1000,1000
19726,101,unweighted,10,0.2251194267515923,0,31,None,66,1,5,False,1000,1000
19727,102,unweighted,10,0.2272093949044586,0,31,None,66,1,5,False,1000,1000
19728,103,unweighted,10,0.2322850318471337,0,31,None,66,1,5,False,1000,1000
19729,104,unweighted,10,0.2571656050955414,0,31,None,66,1,5,False,1000,1000
19730,100,unweighted,10,0.2412420382165605,0,20,None,66,1,5,False,1000,1000
19731,101,unweighted,10,0.2046178343949044,0,20,None,66,1,5,False,1000,1000
19732,102,unweighted,10,0.2451234076433121,0,20,None,66,1,5,False,1000,1000
19733,103,unweighted,10,0.2620421974522293,0,20,None,66,1,5,False,1000,1000
19734,104,unweighted,10,0.2461186305732484,0,20,None,66,1,5,False,1000,1000
19735,100,unweighted,10,0.2092953821656051,0,5,None,66,1,5,False,1000,1000
19736,101,unweighted,10,0.2651273885350318,0,5,None,66,1,5,False,1000,1000
19737,102,unweighted,10,0.2051154458598726,0,5,None,66,1,5,False,1000,1000
19738,103,unweighted,10,0.2073049363057325,0,5,None,66,1,5,False,1000,1000
19739,104,unweighted,10,0.2087977707006369,0,5,None,66,1,5,False,1000,1000
19740,100,unweighted,10,0.2083996815286624,0,12,None,66,1,5,False,1000,1000
19741,101,unweighted,10,0.2441281847133758,0,12,None,66,1,5,False,1000,1000
19742,102,unweighted,10,0.2660230891719745,0,12,None,66,1,5,False,1000,1000
19743,103,unweighted,10,0.2723925159235669,0,12,None,66,1,5,False,1000,1000
19744,104,unweighted,10,0.2517914012738853,0,12,None,66,1,5,False,1000,1000
19745,100,unweighted,10,0.2179538216560509,0,14,None,66,1,5,False,1000,1000
19746,101,unweighted,10,0.2200437898089172,0,14,None,66,1,5,False,1000,1000
19747,102,unweighted,10,0.2239251592356688,0,14,None,66,1,5,False,1000,1000
19748,103,unweighted,10,0.2330812101910828,0,14,None,66,1,5,False,1000,1000
19749,104,unweighted,10,0.2629378980891719,0,14,None,66,1,5,False,1000,1000
19750,100,unweighted,10,0.2032245222929936,0,26,None,66,1,5,False,1000,1000
19751,101,unweighted,10,0.2041202229299363,0,26,None,66,1,5,False,1000,1000
19752,102,unweighted,10,0.2062101910828025,0,26,None,66,1,5,False,1000,1000
19753,103,unweighted,10,0.2095939490445859,0,26,None,66,1,5,False,1000,1000
19754,104,unweighted,10,0.2145700636942675,0,26,None,66,1,5,False,1000,1000
19755,100,unweighted,10,0.2094944267515923,0,30,None,66,1,5,False,1000,1000
19756,101,unweighted,10,0.2133757961783439,0,30,None,66,1,5,False,1000,1000
19757,102,unweighted,10,0.2228304140127388,0,30,None,66,1,5,False,1000,1000
19758,103,unweighted,10,0.2391520700636942,0,30,None,66,1,5,False,1000,1000
19759,104,unweighted,10,0.2810509554140127,0,30,None,66,1,5,False,1000,1000
19760,100,unweighted,10,0.2528861464968153,0,4,None,66,1,5,False,1000,1000
19761,101,unweighted,10,0.243531050955414,0,4,None,66,1,5,False,1000,1000
19762,102,unweighted,10,0.2352707006369426,0,4,None,66,1,5,False,1000,1000
19763,103,unweighted,10,0.2315883757961783,0,4,None,66,1,5,False,1000,1000
19764,104,unweighted,10,0.23328025477707,0,4,None,66,1,5,False,1000,1000
19765,100,unweighted,10,0.2584593949044586,0,0,None,66,1,5,False,1000,1000
19766,101,unweighted,10,0.2175557324840764,0,0,None,66,1,5,False,1000,1000
19767,102,unweighted,10,0.2235270700636942,0,0,None,66,1,5,False,1000,1000
19768,103,unweighted,10,0.226015127388535,0,0,None,66,1,5,False,1000,1000
19769,104,unweighted,10,0.2313893312101911,0,0,None,66,1,5,False,1000,1000
19770,100,unweighted,10,0.2229299363057325,0,23,None,66,1,5,False,1000,1000
19771,101,unweighted,10,0.2440286624203821,0,23,None,66,1,5,False,1000,1000
19772,102,unweighted,10,0.273984872611465,0,23,None,66,1,5,False,1000,1000
19773,103,unweighted,10,0.259952229299363,0,23,None,66,1,5,False,1000,1000
19774,104,unweighted,10,0.2773686305732484,0,23,None,66,1,5,False,1000,1000
19775,100,unweighted,10,0.2090963375796178,0,6,None,66,1,5,False,1000,1000
19776,101,unweighted,10,0.210390127388535,0,6,None,66,1,5,False,1000,1000
19777,102,unweighted,10,0.222233280254777,0,6,None,66,1,5,False,1000,1000
19778,103,unweighted,10,0.2065087579617834,0,6,None,66,1,5,False,1000,1000
19779,104,unweighted,10,0.2046178343949044,0,6,None,66,1,5,False,1000,1000
19780,100,unweighted,10,0.2428343949044586,0,3,None,66,1,5,False,1000,1000
19781,101,unweighted,10,0.2282046178343949,0,3,None,66,1,5,False,1000,1000
19782,102,unweighted,10,0.2394506369426751,0,3,None,66,1,5,False,1000,1000
19783,103,unweighted,10,0.2943869426751592,0,3,None,66,1,5,False,1000,1000
19784,104,unweighted,10,0.3064291401273885,0,3,None,66,1,5,False,1000,1000
19785,100,unweighted,10,0.2290007961783439,0,16,None,66,1,5,False,1000,1000
19786,101,unweighted,10,0.2475119426751592,0,16,None,66,1,5,False,1000,1000
19787,102,unweighted,10,0.2207404458598726,0,16,None,66,1,5,False,1000,1000
19788,103,unweighted,10,0.2172571656050955,0,16,None,66,1,5,False,1000,1000
19789,104,unweighted,10,0.2178542993630573,0,16,None,66,1,5,False,1000,1000
19790,100,unweighted,10,0.1994426751592356,0,7,None,66,1,5,False,1000,1000
19791,101,unweighted,10,0.2320859872611465,0,7,None,66,1,5,False,1000,1000
19792,102,unweighted,10,0.226811305732484,0,7,None,66,1,5,False,1000,1000
19793,103,unweighted,10,0.2157643312101911,0,7,None,66,1,5,False,1000,1000
19794,104,unweighted,10,0.2147691082802547,0,7,None,66,1,5,False,1000,1000
19795,100,unweighted,10,0.1997412420382165,0,32,None,66,1,5,False,1000,1000
19796,101,unweighted,10,0.2053144904458598,0,32,None,66,1,5,False,1000,1000
19797,102,unweighted,10,0.2269108280254777,0,32,None,66,1,5,False,1000,1000
19798,103,unweighted,10,0.2051154458598726,0,32,None,66,1,5,False,1000,1000
19799,104,unweighted,10,0.205812101910828,0,32,None,66,1,5,False,1000,1000
20295,105,unweighted,10,0.2730891719745223,0,1,None,66,1,5,False,1000,1000
20296,106,unweighted,10,0.2779657643312102,0,1,None,66,1,5,False,1000,1000
20297,107,unweighted,10,0.2601512738853503,0,1,None,66,1,5,False,1000,1000
20298,108,unweighted,10,0.2819466560509554,0,1,None,66,1,5,False,1000,1000
20299,109,unweighted,10,0.2925955414012738,0,1,None,66,1,5,False,1000,1000
20300,105,unweighted,10,0.2284036624203821,0,2,None,66,1,5,False,1000,1000
20301,106,unweighted,10,0.2315883757961783,0,2,None,66,1,5,False,1000,1000
20302,107,unweighted,10,0.2350716560509554,0,2,None,66,1,5,False,1000,1000
20303,108,unweighted,10,0.2360668789808917,0,2,None,66,1,5,False,1000,1000
20304,109,unweighted,10,0.238953025477707,0,2,None,66,1,5,False,1000,1000
20305,105,unweighted,10,0.2562699044585987,0,13,None,66,1,5,False,1000,1000
20306,106,unweighted,10,0.2615445859872611,0,13,None,66,1,5,False,1000,1000
20307,107,unweighted,10,0.2616441082802547,0,13,None,66,1,5,False,1000,1000
20308,108,unweighted,10,0.2604498407643312,0,13,None,66,1,5,False,1000,1000
20309,109,unweighted,10,0.2577627388535032,0,13,None,66,1,5,False,1000,1000
20310,105,unweighted,10,0.3059315286624204,0,15,None,66,1,5,False,1000,1000
20311,106,unweighted,10,0.2941878980891719,0,15,None,66,1,5,False,1000,1000
20312,107,unweighted,10,0.3021496815286624,0,15,None,66,1,5,False,1000,1000
20313,108,unweighted,10,0.3486265923566879,0,15,None,66,1,5,False,1000,1000
20314,109,unweighted,10,0.3626592356687898,0,15,None,66,1,5,False,1000,1000
20315,105,unweighted,10,0.2247213375796178,0,16,None,66,1,5,False,1000,1000
20316,106,unweighted,10,0.2276074840764331,0,16,None,66,1,5,False,1000,1000
20317,107,unweighted,10,0.2299960191082802,0,16,None,66,1,5,False,1000,1000
20318,108,unweighted,10,0.2329816878980891,0,16,None,66,1,5,False,1000,1000
20319,109,unweighted,10,0.2359673566878981,0,16,None,66,1,5,False,1000,1000
20320,105,unweighted,10,0.2293988853503184,0,11,None,66,1,5,False,1000,1000
20321,106,unweighted,10,0.2344745222929936,0,11,None,66,1,5,False,1000,1000
20322,107,unweighted,10,0.2492038216560509,0,11,None,66,1,5,False,1000,1000
20323,108,unweighted,10,0.298765923566879,0,11,None,66,1,5,False,1000,1000
20324,109,unweighted,10,0.263734076433121,0,11,None,66,1,5,False,1000,1000
20325,105,unweighted,10,0.2223328025477707,0,19,None,66,1,5,False,1000,1000
20326,106,unweighted,10,0.2164609872611465,0,19,None,66,1,5,False,1000,1000
20327,107,unweighted,10,0.2251194267515923,0,19,None,66,1,5,False,1000,1000
20328,108,unweighted,10,0.241640127388535,0,19,None,66,1,5,False,1000,1000
20329,109,unweighted,10,0.2752786624203822,0,19,None,66,1,5,False,1000,1000
20330,105,unweighted,10,0.2240246815286624,0,25,None,66,1,5,False,1000,1000
20331,106,unweighted,10,0.2294984076433121,0,25,None,66,1,5,False,1000,1000
20332,107,unweighted,10,0.2350716560509554,0,25,None,66,1,5,False,1000,1000
20333,108,unweighted,10,0.2404458598726114,0,25,None,66,1,5,False,1000,1000
20334,109,unweighted,10,0.2546775477707006,0,25,None,66,1,5,False,1000,1000
20335,105,unweighted,10,0.2678144904458598,0,17,None,66,1,5,False,1000,1000
20336,106,unweighted,10,0.3357882165605095,0,17,None,66,1,5,False,1000,1000
20337,107,unweighted,10,0.3307125796178344,0,17,None,66,1,5,False,1000,1000
20338,108,unweighted,10,0.3072253184713376,0,17,None,66,1,5,False,1000,1000
20339,109,unweighted,10,0.3127985668789809,0,17,None,66,1,5,False,1000,1000
20340,105,unweighted,10,0.2249203821656051,0,21,None,66,1,5,False,1000,1000
20341,106,unweighted,10,0.270203025477707,0,21,None,66,1,5,False,1000,1000
20342,107,unweighted,10,0.3424562101910828,0,21,None,66,1,5,False,1000,1000
20343,108,unweighted,10,0.3535031847133758,0,21,None,66,1,5,False,1000,1000
20344,109,unweighted,10,0.3627587579617834,0,21,None,66,1,5,False,1000,1000
20345,105,unweighted,10,0.2486066878980891,0,26,None,66,1,5,False,1000,1000
20346,106,unweighted,10,0.2360668789808917,0,26,None,66,1,5,False,1000,1000
20347,107,unweighted,10,0.2341759554140127,0,26,None,66,1,5,False,1000,1000
20348,108,unweighted,10,0.2765724522292994,0,26,None,66,1,5,False,1000,1000
20349,109,unweighted,10,0.2863256369426751,0,26,None,66,1,5,False,1000,1000
20350,105,unweighted,10,0.3092157643312102,0,12,None,66,1,5,False,1000,1000
20351,106,unweighted,10,0.2483081210191083,0,12,None,66,1,5,False,1000,1000
20352,107,unweighted,10,0.2936902866242038,0,12,None,66,1,5,False,1000,1000
20353,108,unweighted,10,0.3295183121019108,0,12,None,66,1,5,False,1000,1000
20354,109,unweighted,10,0.3066281847133758,0,12,None,66,1,5,False,1000,1000
20355,105,unweighted,10,0.3278264331210191,0,24,None,66,1,5,False,1000,1000
20356,106,unweighted,10,0.3333996815286624,0,24,None,66,1,5,False,1000,1000
20357,107,unweighted,10,0.3233479299363057,0,24,None,66,1,5,False,1000,1000
20358,108,unweighted,10,0.3928144904458598,0,24,None,66,1,5,False,1000,1000
20359,109,unweighted,10,0.4095342356687898,0,24,None,66,1,5,False,1000,1000
20360,105,unweighted,10,0.2514928343949044,0,28,None,66,1,5,False,1000,1000
20361,106,unweighted,10,0.2625398089171974,0,28,None,66,1,5,False,1000,1000
20362,107,unweighted,10,0.3301154458598726,0,28,None,66,1,5,False,1000,1000
20363,108,unweighted,10,0.290406050955414,0,28,None,66,1,5,False,1000,1000
20364,109,unweighted,10,0.291202229299363,0,28,None,66,1,5,False,1000,1000
20365,105,unweighted,10,0.2197452229299363,0,9,None,66,1,5,False,1000,1000
20366,106,unweighted,10,0.2181528662420382,0,9,None,66,1,5,False,1000,1000
20367,107,unweighted,10,0.2322850318471337,0,9,None,66,1,5,False,1000,1000
20368,108,unweighted,10,0.2873208598726114,0,9,None,66,1,5,False,1000,1000
20369,109,unweighted,10,0.3028463375796178,0,9,None,66,1,5,False,1000,1000
20370,105,unweighted,10,0.2261146496815286,0,29,None,66,1,5,False,1000,1000
20371,106,unweighted,10,0.2627388535031847,0,29,None,66,1,5,False,1000,1000
20372,107,unweighted,10,0.2688097133757962,0,29,None,66,1,5,False,1000,1000
20373,108,unweighted,10,0.2558718152866242,0,29,None,66,1,5,False,1000,1000
20374,109,unweighted,10,0.2406449044585987,0,29,None,66,1,5,False,1000,1000
20375,105,unweighted,10,0.228702229299363,0,30,None,66,1,5,False,1000,1000
20376,106,unweighted,10,0.2298964968152866,0,30,None,66,1,5,False,1000,1000
20377,107,unweighted,10,0.2275079617834395,0,30,None,66,1,5,False,1000,1000
20378,108,unweighted,10,0.2306926751592356,0,30,None,66,1,5,False,1000,1000
20379,109,unweighted,10,0.2329816878980891,0,30,None,66,1,5,False,1000,1000
20380,105,unweighted,10,0.2393511146496815,0,18,None,66,1,5,False,1000,1000
20381,106,unweighted,10,0.2890127388535032,0,18,None,66,1,5,False,1000,1000
20382,107,unweighted,10,0.2537818471337579,0,18,None,66,1,5,False,1000,1000
20383,108,unweighted,10,0.2293988853503184,0,18,None,66,1,5,False,1000,1000
20384,109,unweighted,10,0.2346735668789809,0,18,None,66,1,5,False,1000,1000
20385,105,unweighted,10,0.2439291401273885,0,27,None,66,1,5,False,1000,1000
20386,106,unweighted,10,0.2491042993630573,0,27,None,66,1,5,False,1000,1000
20387,107,unweighted,10,0.2608479299363057,0,27,None,66,1,5,False,1000,1000
20388,108,unweighted,10,0.2711982484076433,0,27,None,66,1,5,False,1000,1000
20389,109,unweighted,10,0.2794585987261146,0,27,None,66,1,5,False,1000,1000
20390,105,unweighted,10,0.2379578025477707,0,31,None,66,1,5,False,1000,1000
20391,106,unweighted,10,0.3078224522292994,0,31,None,66,1,5,False,1000,1000
20392,107,unweighted,10,0.3424562101910828,0,31,None,66,1,5,False,1000,1000
20393,108,unweighted,10,0.3404657643312102,0,31,None,66,1,5,False,1000,1000
20394,109,unweighted,10,0.3513136942675159,0,31,None,66,1,5,False,1000,1000
20395,105,unweighted,10,0.2469148089171974,0,7,None,66,1,5,False,1000,1000
20396,106,unweighted,10,0.2743829617834395,0,7,None,66,1,5,False,1000,1000
20397,107,unweighted,10,0.2551751592356688,0,7,None,66,1,5,False,1000,1000
20398,108,unweighted,10,0.2563694267515923,0,7,None,66,1,5,False,1000,1000
20399,109,unweighted,10,0.2770700636942675,0,7,None,66,1,5,False,1000,1000
20400,105,unweighted,10,0.2587579617834395,0,5,None,66,1,5,False,1000,1000
20401,106,unweighted,10,0.2445262738853503,0,5,None,66,1,5,False,1000,1000
20402,107,unweighted,10,0.2400477707006369,0,5,None,66,1,5,False,1000,1000
20403,108,unweighted,10,0.2396496815286624,0,5,None,66,1,5,False,1000,1000
20404,109,unweighted,10,0.2621417197452229,0,5,None,66,1,5,False,1000,1000
20405,105,unweighted,10,0.2216361464968153,0,6,None,66,1,5,False,1000,1000
20406,106,unweighted,10,0.2150676751592356,0,6,None,66,1,5,False,1000,1000
20407,107,unweighted,10,0.2162619426751592,0,6,None,66,1,5,False,1000,1000
20408,108,unweighted,10,0.2232285031847133,0,6,None,66,1,5,False,1000,1000
20409,109,unweighted,10,0.2363654458598726,0,6,None,66,1,5,False,1000,1000
20410,105,unweighted,10,0.2327826433121019,0,8,None,66,1,5,False,1000,1000
20411,106,unweighted,10,0.2418391719745223,0,8,None,66,1,5,False,1000,1000
20412,107,unweighted,10,0.2810509554140127,0,8,None,66,1,5,False,1000,1000
20413,108,unweighted,10,0.3009554140127388,0,8,None,66,1,5,False,1000,1000
20414,109,unweighted,10,0.2692078025477707,0,8,None,66,1,5,False,1000,1000
20415,105,unweighted,10,0.2382563694267516,0,0,None,66,1,5,False,1000,1000
20416,106,unweighted,10,0.2448248407643312,0,0,None,66,1,5,False,1000,1000
20417,107,unweighted,10,0.276671974522293,0,0,None,66,1,5,False,1000,1000
20418,108,unweighted,10,0.3724124203821656,0,0,None,66,1,5,False,1000,1000
20419,109,unweighted,10,0.3802746815286624,0,0,None,66,1,5,False,1000,1000
20420,105,unweighted,10,0.3508160828025478,0,23,None,66,1,5,False,1000,1000
20421,106,unweighted,10,0.2977707006369426,0,23,None,66,1,5,False,1000,1000
20422,107,unweighted,10,0.2962778662420382,0,23,None,66,1,5,False,1000,1000
20423,108,unweighted,10,0.2984673566878981,0,23,None,66,1,5,False,1000,1000
20424,109,unweighted,10,0.3108081210191082,0,23,None,66,1,5,False,1000,1000
20425,105,unweighted,10,0.2754777070063694,0,32,None,66,1,5,False,1000,1000
20426,106,unweighted,10,0.2169585987261146,0,32,None,66,1,5,False,1000,1000
20427,107,unweighted,10,0.2191480891719745,0,32,None,66,1,5,False,1000,1000
20428,108,unweighted,10,0.2224323248407643,0,32,None,66,1,5,False,1000,1000
20429,109,unweighted,10,0.2240246815286624,0,32,None,66,1,5,False,1000,1000
20430,105,unweighted,10,0.3018511146496815,0,10,None,66,1,5,False,1000,1000
20431,106,unweighted,10,0.2659235668789809,0,10,None,66,1,5,False,1000,1000
20432,107,unweighted,10,0.2388535031847133,0,10,None,66,1,5,False,1000,1000
20433,108,unweighted,10,0.2394506369426751,0,10,None,66,1,5,False,1000,1000
20434,109,unweighted,10,0.2561703821656051,0,10,None,66,1,5,False,1000,1000
20435,105,unweighted,10,0.2090963375796178,0,22,None,66,1,5,False,1000,1000
20436,106,unweighted,10,0.2104896496815286,0,22,None,66,1,5,False,1000,1000
20437,107,unweighted,10,0.211186305732484,0,22,None,66,1,5,False,1000,1000
20438,108,unweighted,10,0.2129777070063694,0,22,None,66,1,5,False,1000,1000
20439,109,unweighted,10,0.2154657643312102,0,22,None,66,1,5,False,1000,1000
20440,105,unweighted,10,0.2471138535031847,0,14,None,66,1,5,False,1000,1000
20441,106,unweighted,10,0.2796576433121019,0,14,None,66,1,5,False,1000,1000
20442,107,unweighted,10,0.2310907643312102,0,14,None,66,1,5,False,1000,1000
20443,108,unweighted,10,0.2156648089171974,0,14,None,66,1,5,False,1000,1000
20444,109,unweighted,10,0.2205414012738853,0,14,None,66,1,5,False,1000,1000
20445,105,unweighted,10,0.2369625796178344,0,4,None,66,1,5,False,1000,1000
20446,106,unweighted,10,0.276671974522293,0,4,None,66,1,5,False,1000,1000
20447,107,unweighted,10,0.2768710191082802,0,4,None,66,1,5,False,1000,1000
20448,108,unweighted,10,0.2294984076433121,0,4,None,66,1,5,False,1000,1000
20449,109,unweighted,10,0.2220342356687898,0,4,None,66,1,5,False,1000,1000
20450,105,unweighted,10,0.2568670382165605,0,20,None,66,1,5,False,1000,1000
20451,106,unweighted,10,0.2382563694267516,0,20,None,66,1,5,False,1000,1000
20452,107,unweighted,10,0.2480095541401273,0,20,None,66,1,5,False,1000,1000
20453,108,unweighted,10,0.254578025477707,0,20,None,66,1,5,False,1000,1000
20454,109,unweighted,10,0.2588574840764331,0,20,None,66,1,5,False,1000,1000
20455,105,unweighted,10,0.2929936305732484,0,3,None,66,1,5,False,1000,1000
20456,106,unweighted,10,0.3018511146496815,0,3,None,66,1,5,False,1000,1000
20457,107,unweighted,10,0.3215565286624204,0,3,None,66,1,5,False,1000,1000
20458,108,unweighted,10,0.362062101910828,0,3,None,66,1,5,False,1000,1000
20459,109,unweighted,10,0.354796974522293,0,3,None,66,1,5,False,1000,1000
20460,110,unweighted,10,0.2334792993630573,0,30,None,66,1,5,False,1000,1000
20461,111,unweighted,10,0.2414410828025477,0,30,None,66,1,5,False,1000,1000
20462,112,unweighted,10,0.2550756369426751,0,30,None,66,1,5,False,1000,1000
20463,113,unweighted,10,0.2719944267515923,0,30,None,66,1,5,False,1000,1000
20464,114,unweighted,10,0.3153861464968153,0,30,None,66,1,5,False,1000,1000
20465,110,unweighted,10,0.3018511146496815,0,20,None,66,1,5,False,1000,1000
20466,111,unweighted,10,0.3051353503184713,0,20,None,66,1,5,False,1000,1000
20467,112,unweighted,10,0.3011544585987261,0,20,None,66,1,5,False,1000,1000
20468,113,unweighted,10,0.3035429936305732,0,20,None,66,1,5,False,1000,1000
20469,114,unweighted,10,0.3344944267515923,0,20,None,66,1,5,False,1000,1000
20470,110,unweighted,10,0.2566679936305732,0,22,None,66,1,5,False,1000,1000
20471,111,unweighted,10,0.2473128980891719,0,22,None,66,1,5,False,1000,1000
20472,112,unweighted,10,0.2651273885350318,0,22,None,66,1,5,False,1000,1000
20473,113,unweighted,10,0.2811504777070063,0,22,None,66,1,5,False,1000,1000
20474,114,unweighted,10,0.2920979299363057,0,22,None,66,1,5,False,1000,1000
20475,110,unweighted,10,0.3013535031847134,0,1,None,66,1,5,False,1000,1000
20476,111,unweighted,10,0.3085191082802547,0,1,None,66,1,5,False,1000,1000
20477,112,unweighted,10,0.3167794585987261,0,1,None,66,1,5,False,1000,1000
20478,113,unweighted,10,0.3273288216560509,0,1,None,66,1,5,False,1000,1000
20479,114,unweighted,10,0.3618630573248407,0,1,None,66,1,5,False,1000,1000
20480,110,unweighted,10,0.3008558917197452,0,2,None,66,1,5,False,1000,1000
20481,111,unweighted,10,0.2965764331210191,0,2,None,66,1,5,False,1000,1000
20482,112,unweighted,10,0.2960788216560509,0,2,None,66,1,5,False,1000,1000
20483,113,unweighted,10,0.3034434713375796,0,2,None,66,1,5,False,1000,1000
20484,114,unweighted,10,0.3137937898089172,0,2,None,66,1,5,False,1000,1000
20485,110,unweighted,10,0.2918988853503185,0,5,None,66,1,5,False,1000,1000
20486,111,unweighted,10,0.2784633757961783,0,5,None,66,1,5,False,1000,1000
20487,112,unweighted,10,0.2914012738853503,0,5,None,66,1,5,False,1000,1000
20488,113,unweighted,10,0.3174761146496815,0,5,None,66,1,5,False,1000,1000
20489,114,unweighted,10,0.3404657643312102,0,5,None,66,1,5,False,1000,1000
20490,110,unweighted,10,0.3723128980891719,0,21,None,66,1,5,False,1000,1000
20491,111,unweighted,10,0.3863455414012738,0,21,None,66,1,5,False,1000,1000
20492,112,unweighted,10,0.4002786624203822,0,21,None,66,1,5,False,1000,1000
20493,113,unweighted,10,0.4125199044585987,0,21,None,66,1,5,False,1000,1000
20494,114,unweighted,10,0.427249203821656,0,21,None,66,1,5,False,1000,1000
20495,110,unweighted,10,0.3062300955414013,0,23,None,66,1,5,False,1000,1000
20496,111,unweighted,10,0.3415605095541401,0,23,None,66,1,5,False,1000,1000
20497,112,unweighted,10,0.4014729299363057,0,23,None,66,1,5,False,1000,1000
20498,113,unweighted,10,0.4093351910828025,0,23,None,66,1,5,False,1000,1000
20499,114,unweighted,10,0.4144108280254777,0,23,None,66,1,5,False,1000,1000
20500,110,unweighted,10,0.3698248407643312,0,27,None,66,1,5,False,1000,1000
20501,111,unweighted,10,0.3599721337579618,0,27,None,66,1,5,False,1000,1000
20502,112,unweighted,10,0.3516122611464968,0,27,None,66,1,5,False,1000,1000
20503,113,unweighted,10,0.3478304140127388,0,27,None,66,1,5,False,1000,1000
20504,114,unweighted,10,0.347233280254777,0,27,None,66,1,5,False,1000,1000
20505,110,unweighted,10,0.3552945859872611,0,7,None,66,1,5,False,1000,1000
20506,111,unweighted,10,0.3618630573248407,0,7,None,66,1,5,False,1000,1000
20507,112,unweighted,10,0.3455414012738853,0,7,None,66,1,5,False,1000,1000
20508,113,unweighted,10,0.3357882165605095,0,7,None,66,1,5,False,1000,1000
20509,114,unweighted,10,0.3511146496815286,0,7,None,66,1,5,False,1000,1000
20510,110,unweighted,10,0.2950835987261146,0,32,None,66,1,5,False,1000,1000
20511,111,unweighted,10,0.2685111464968153,0,32,None,66,1,5,False,1000,1000
20512,112,unweighted,10,0.2613455414012738,0,32,None,66,1,5,False,1000,1000
20513,113,unweighted,10,0.2667197452229299,0,32,None,66,1,5,False,1000,1000
20514,114,unweighted,10,0.2764729299363057,0,32,None,66,1,5,False,1000,1000
20515,110,unweighted,10,0.2666202229299363,0,9,None,66,1,5,False,1000,1000
20516,111,unweighted,10,0.2716958598726114,0,9,None,66,1,5,False,1000,1000
20517,112,unweighted,10,0.2939888535031847,0,9,None,66,1,5,False,1000,1000
20518,113,unweighted,10,0.3549960191082802,0,9,None,66,1,5,False,1000,1000
20519,114,unweighted,10,0.3667396496815286,0,9,None,66,1,5,False,1000,1000
20520,110,unweighted,10,0.2245222929936305,0,14,None,66,1,5,False,1000,1000
20521,111,unweighted,10,0.2298964968152866,0,14,None,66,1,5,False,1000,1000
20522,112,unweighted,10,0.2384554140127388,0,14,None,66,1,5,False,1000,1000
20523,113,unweighted,10,0.2535828025477707,0,14,None,66,1,5,False,1000,1000
20524,114,unweighted,10,0.2708001592356688,0,14,None,66,1,5,False,1000,1000
20525,110,unweighted,10,0.3211584394904458,0,29,None,66,1,5,False,1000,1000
20526,111,unweighted,10,0.2684116242038216,0,29,None,66,1,5,False,1000,1000
20527,112,unweighted,10,0.2589570063694267,0,29,None,66,1,5,False,1000,1000
20528,113,unweighted,10,0.273984872611465,0,29,None,66,1,5,False,1000,1000
20529,114,unweighted,10,0.2907046178343949,0,29,None,66,1,5,False,1000,1000
20530,110,unweighted,10,0.3271297770700637,0,11,None,66,1,5,False,1000,1000
20531,111,unweighted,10,0.3276273885350318,0,11,None,66,1,5,False,1000,1000
20532,112,unweighted,10,0.362062101910828,0,11,None,66,1,5,False,1000,1000
20533,113,unweighted,10,0.3588773885350318,0,11,None,66,1,5,False,1000,1000
20534,114,unweighted,10,0.3557921974522293,0,11,None,66,1,5,False,1000,1000
20535,110,unweighted,10,0.3944068471337579,0,17,None,66,1,5,False,1000,1000
20536,111,unweighted,10,0.410828025477707,0,17,None,66,1,5,False,1000,1000
20537,112,unweighted,10,0.4165007961783439,0,17,None,66,1,5,False,1000,1000
20538,113,unweighted,10,0.4182921974522293,0,17,None,66,1,5,False,1000,1000
20539,114,unweighted,10,0.4238654458598726,0,17,None,66,1,5,False,1000,1000
20540,110,unweighted,10,0.3929140127388535,0,24,None,66,1,5,False,1000,1000
20541,111,unweighted,10,0.4037619426751592,0,24,None,66,1,5,False,1000,1000
20542,112,unweighted,10,0.3979896496815286,0,24,None,66,1,5,False,1000,1000
20543,113,unweighted,10,0.4085390127388535,0,24,None,66,1,5,False,1000,1000
20544,114,unweighted,10,0.4239649681528662,0,24,None,66,1,5,False,1000,1000
20545,110,unweighted,10,0.3460390127388535,0,31,None,66,1,5,False,1000,1000
20546,111,unweighted,10,0.3580812101910828,0,31,None,66,1,5,False,1000,1000
20547,112,unweighted,10,0.3682324840764331,0,31,None,66,1,5,False,1000,1000
20548,113,unweighted,10,0.3854498407643312,0,31,None,66,1,5,False,1000,1000
20549,114,unweighted,10,0.4039609872611465,0,31,None,66,1,5,False,1000,1000
20550,110,unweighted,10,0.2974721337579618,0,28,None,66,1,5,False,1000,1000
20551,111,unweighted,10,0.3109076433121019,0,28,None,66,1,5,False,1000,1000
20552,112,unweighted,10,0.3203622611464968,0,28,None,66,1,5,False,1000,1000
20553,113,unweighted,10,0.3808718152866242,0,28,None,66,1,5,False,1000,1000
20554,114,unweighted,10,0.3984872611464968,0,28,None,66,1,5,False,1000,1000
20555,110,unweighted,10,0.2236265923566879,0,4,None,66,1,5,False,1000,1000
20556,111,unweighted,10,0.2253184713375796,0,4,None,66,1,5,False,1000,1000
20557,112,unweighted,10,0.2270103503184713,0,4,None,66,1,5,False,1000,1000
20558,113,unweighted,10,0.2316878980891719,0,4,None,66,1,5,False,1000,1000
20559,114,unweighted,10,0.237858280254777,0,4,None,66,1,5,False,1000,1000
20560,110,unweighted,10,0.3381767515923566,0,0,None,66,1,5,False,1000,1000
20561,111,unweighted,10,0.3219546178343949,0,0,None,66,1,5,False,1000,1000
20562,112,unweighted,10,0.3291202229299363,0,0,None,66,1,5,False,1000,1000
20563,113,unweighted,10,0.3442476114649681,0,0,None,66,1,5,False,1000,1000
20564,114,unweighted,10,0.3554936305732484,0,0,None,66,1,5,False,1000,1000
20565,110,unweighted,10,0.2440286624203821,0,16,None,66,1,5,False,1000,1000
20566,111,unweighted,10,0.2467157643312102,0,16,None,66,1,5,False,1000,1000
20567,112,unweighted,10,0.2559713375796178,0,16,None,66,1,5,False,1000,1000
20568,113,unweighted,10,0.2756767515923566,0,16,None,66,1,5,False,1000,1000
20569,114,unweighted,10,0.3272292993630573,0,16,None,66,1,5,False,1000,1000
20570,110,unweighted,10,0.2928941082802547,0,8,None,66,1,5,False,1000,1000
20571,111,unweighted,10,0.3134952229299363,0,8,None,66,1,5,False,1000,1000
20572,112,unweighted,10,0.3536027070063694,0,8,None,66,1,5,False,1000,1000
20573,113,unweighted,10,0.3998805732484076,0,8,None,66,1,5,False,1000,1000
20574,114,unweighted,10,0.4139132165605095,0,8,None,66,1,5,False,1000,1000
20575,110,unweighted,10,0.2996616242038216,0,18,None,66,1,5,False,1000,1000
20576,111,unweighted,10,0.3346934713375796,0,18,None,66,1,5,False,1000,1000
20577,112,unweighted,10,0.3830613057324841,0,18,None,66,1,5,False,1000,1000
20578,113,unweighted,10,0.3973925159235669,0,18,None,66,1,5,False,1000,1000
20579,114,unweighted,10,0.4037619426751592,0,18,None,66,1,5,False,1000,1000
20580,110,unweighted,10,0.3053343949044586,0,19,None,66,1,5,False,1000,1000
20581,111,unweighted,10,0.3682324840764331,0,19,None,66,1,5,False,1000,1000
20582,112,unweighted,10,0.3818670382165605,0,19,None,66,1,5,False,1000,1000
20583,113,unweighted,10,0.392515923566879,0,19,None,66,1,5,False,1000,1000
20584,114,unweighted,10,0.3998805732484076,0,19,None,66,1,5,False,1000,1000
20585,110,unweighted,10,0.3203622611464968,0,12,None,66,1,5,False,1000,1000
20586,111,unweighted,10,0.320859872611465,0,12,None,66,1,5,False,1000,1000
20587,112,unweighted,10,0.3749004777070063,0,12,None,66,1,5,False,1000,1000
20588,113,unweighted,10,0.3826632165605095,0,12,None,66,1,5,False,1000,1000
20589,114,unweighted,10,0.384952229299363,0,12,None,66,1,5,False,1000,1000
20590,110,unweighted,10,0.2978702229299363,0,6,None,66,1,5,False,1000,1000
20591,111,unweighted,10,0.3084195859872611,0,6,None,66,1,5,False,1000,1000
20592,112,unweighted,10,0.2978702229299363,0,6,None,66,1,5,False,1000,1000
20593,113,unweighted,10,0.2708001592356688,0,6,None,66,1,5,False,1000,1000
20594,114,unweighted,10,0.2536823248407643,0,6,None,66,1,5,False,1000,1000
20595,110,unweighted,10,0.2984673566878981,0,13,None,66,1,5,False,1000,1000
20596,111,unweighted,10,0.3049363057324841,0,13,None,66,1,5,False,1000,1000
20597,112,unweighted,10,0.3121019108280254,0,13,None,66,1,5,False,1000,1000
20598,113,unweighted,10,0.3225517515923566,0,13,None,66,1,5,False,1000,1000
20599,114,unweighted,10,0.3446457006369426,0,13,None,66,1,5,False,1000,1000
20600,110,unweighted,10,0.2844347133757962,0,25,None,66,1,5,False,1000,1000
20601,111,unweighted,10,0.2724920382165605,0,25,None,66,1,5,False,1000,1000
20602,112,unweighted,10,0.2882165605095541,0,25,None,66,1,5,False,1000,1000
20603,113,unweighted,10,0.3198646496815286,0,25,None,66,1,5,False,1000,1000
20604,114,unweighted,10,0.3338972929936306,0,25,None,66,1,5,False,1000,1000
20605,110,unweighted,10,0.3315087579617834,0,26,None,66,1,5,False,1000,1000
20606,111,unweighted,10,0.3229498407643312,0,26,None,66,1,5,False,1000,1000
20607,112,unweighted,10,0.3241441082802547,0,26,None,66,1,5,False,1000,1000
20608,113,unweighted,10,0.317078025477707,0,26,None,66,1,5,False,1000,1000
20609,114,unweighted,10,0.3123009554140127,0,26,None,66,1,5,False,1000,1000
20610,115,unweighted,10,0.307921974522293,0,30,None,66,1,5,False,1000,1000
20611,116,unweighted,10,0.3071257961783439,0,30,None,66,1,5,False,1000,1000
20612,117,unweighted,10,0.3195660828025478,0,30,None,66,1,5,False,1000,1000
20613,118,unweighted,10,0.3440485668789809,0,30,None,66,1,5,False,1000,1000
20614,119,unweighted,10,0.395999203821656,0,30,None,66,1,5,False,1000,1000
20615,110,unweighted,10,0.2986664012738853,0,10,None,66,1,5,False,1000,1000
20616,111,unweighted,10,0.3018511146496815,0,10,None,66,1,5,False,1000,1000
20617,112,unweighted,10,0.3140923566878981,0,10,None,66,1,5,False,1000,1000
20618,113,unweighted,10,0.3282245222929936,0,10,None,66,1,5,False,1000,1000
20619,114,unweighted,10,0.3396695859872611,0,10,None,66,1,5,False,1000,1000
20620,110,unweighted,10,0.3318073248407643,0,15,None,66,1,5,False,1000,1000
20621,111,unweighted,10,0.3287221337579618,0,15,None,66,1,5,False,1000,1000
20622,112,unweighted,10,0.3269307324840764,0,15,None,66,1,5,False,1000,1000
20623,113,unweighted,10,0.3258359872611465,0,15,None,66,1,5,False,1000,1000
20624,114,unweighted,10,0.3278264331210191,0,15,None,66,1,5,False,1000,1000
20625,110,unweighted,10,0.3504179936305732,0,3,None,66,1,5,False,1000,1000
20626,111,unweighted,10,0.3708200636942675,0,3,None,66,1,5,False,1000,1000
20627,112,unweighted,10,0.3641520700636942,0,3,None,66,1,5,False,1000,1000
20628,113,unweighted,10,0.3681329617834395,0,3,None,66,1,5,False,1000,1000
20629,114,unweighted,10,0.3811703821656051,0,3,None,66,1,5,False,1000,1000
20630,115,unweighted,10,0.4008757961783439,0,1,None,66,1,5,False,1000,1000
20631,116,unweighted,10,0.409733280254777,0,1,None,66,1,5,False,1000,1000
20632,117,unweighted,10,0.4155055732484076,0,1,None,66,1,5,False,1000,1000
20633,118,unweighted,10,0.4204816878980891,0,1,None,66,1,5,False,1000,1000
20634,119,unweighted,10,0.4241640127388535,0,1,None,66,1,5,False,1000,1000
20635,115,unweighted,10,0.4195859872611465,0,21,None,66,1,5,False,1000,1000
20636,116,unweighted,10,0.4333200636942675,0,21,None,66,1,5,False,1000,1000
20637,117,unweighted,10,0.4435708598726114,0,21,None,66,1,5,False,1000,1000
20638,118,unweighted,10,0.4505374203821656,0,21,None,66,1,5,False,1000,1000
20639,119,unweighted,10,0.4578025477707006,0,21,None,66,1,5,False,1000,1000
20640,115,unweighted,10,0.4322253184713376,0,27,None,66,1,5,False,1000,1000
20641,116,unweighted,10,0.4555135350318471,0,27,None,66,1,5,False,1000,1000
20642,117,unweighted,10,0.4747213375796178,0,27,None,66,1,5,False,1000,1000
20643,118,unweighted,10,0.4859673566878981,0,27,None,66,1,5,False,1000,1000
20644,119,unweighted,10,0.4945262738853503,0,27,None,66,1,5,False,1000,1000
20645,115,unweighted,10,0.3976910828025478,0,2,None,66,1,5,False,1000,1000
20646,116,unweighted,10,0.428343949044586,0,2,None,66,1,5,False,1000,1000
20647,117,unweighted,10,0.4545183121019108,0,2,None,66,1,5,False,1000,1000
20648,118,unweighted,10,0.4638734076433121,0,2,None,66,1,5,False,1000,1000
20649,119,unweighted,10,0.4647691082802547,0,2,None,66,1,5,False,1000,1000
20650,115,unweighted,10,0.3659434713375796,0,5,None,66,1,5,False,1000,1000
20651,116,unweighted,10,0.3840565286624204,0,5,None,66,1,5,False,1000,1000
20652,117,unweighted,10,0.3929140127388535,0,5,None,66,1,5,False,1000,1000
20653,118,unweighted,10,0.4021695859872611,0,5,None,66,1,5,False,1000,1000
20654,119,unweighted,10,0.4084394904458598,0,5,None,66,1,5,False,1000,1000
20655,115,unweighted,10,0.3714171974522293,0,16,None,66,1,5,False,1000,1000
20656,116,unweighted,10,0.3891321656050955,0,16,None,66,1,5,False,1000,1000
20657,117,unweighted,10,0.3979896496815286,0,16,None,66,1,5,False,1000,1000
20658,118,unweighted,10,0.4190883757961783,0,16,None,66,1,5,False,1000,1000
20659,119,unweighted,10,0.4481488853503185,0,16,None,66,1,5,False,1000,1000
20660,115,unweighted,10,0.3573845541401274,0,7,None,66,1,5,False,1000,1000
20661,116,unweighted,10,0.3439490445859872,0,7,None,66,1,5,False,1000,1000
20662,117,unweighted,10,0.3429538216560509,0,7,None,66,1,5,False,1000,1000
20663,118,unweighted,10,0.3485270700636942,0,7,None,66,1,5,False,1000,1000
20664,119,unweighted,10,0.3532046178343949,0,7,None,66,1,5,False,1000,1000
20665,115,unweighted,10,0.2844347133757962,0,14,None,66,1,5,False,1000,1000
20666,116,unweighted,10,0.2974721337579618,0,14,None,66,1,5,False,1000,1000
20667,117,unweighted,10,0.3112062101910828,0,14,None,66,1,5,False,1000,1000
20668,118,unweighted,10,0.321656050955414,0,14,None,66,1,5,False,1000,1000
20669,119,unweighted,10,0.3302149681528662,0,14,None,66,1,5,False,1000,1000
20670,115,unweighted,10,0.3819665605095541,0,9,None,66,1,5,False,1000,1000
20671,116,unweighted,10,0.3864450636942675,0,9,None,66,1,5,False,1000,1000
20672,117,unweighted,10,0.3886345541401274,0,9,None,66,1,5,False,1000,1000
20673,118,unweighted,10,0.403264331210191,0,9,None,66,1,5,False,1000,1000
20674,119,unweighted,10,0.4165007961783439,0,9,None,66,1,5,False,1000,1000
20675,115,unweighted,10,0.348328025477707,0,29,None,66,1,5,False,1000,1000
20676,116,unweighted,10,0.3602707006369426,0,29,None,66,1,5,False,1000,1000
20677,117,unweighted,10,0.3661425159235669,0,29,None,66,1,5,False,1000,1000
20678,118,unweighted,10,0.3668391719745223,0,29,None,66,1,5,False,1000,1000
20679,119,unweighted,10,0.3729100318471338,0,29,None,66,1,5,False,1000,1000
20680,115,unweighted,10,0.3587778662420382,0,15,None,66,1,5,False,1000,1000
20681,116,unweighted,10,0.3680334394904458,0,15,None,66,1,5,False,1000,1000
20682,117,unweighted,10,0.3765923566878981,0,15,None,66,1,5,False,1000,1000
20683,118,unweighted,10,0.3880374203821656,0,15,None,66,1,5,False,1000,1000
20684,119,unweighted,10,0.3953025477707006,0,15,None,66,1,5,False,1000,1000
20685,115,unweighted,10,0.4033638535031847,0,13,None,66,1,5,False,1000,1000
20686,116,unweighted,10,0.4244625796178344,0,13,None,66,1,5,False,1000,1000
20687,117,unweighted,10,0.4515326433121019,0,13,None,66,1,5,False,1000,1000
20688,118,unweighted,10,0.4773089171974522,0,13,None,66,1,5,False,1000,1000
20689,119,unweighted,10,0.4896496815286624,0,13,None,66,1,5,False,1000,1000
20690,115,unweighted,10,0.3840565286624204,0,12,None,66,1,5,False,1000,1000
20691,116,unweighted,10,0.3922173566878981,0,12,None,66,1,5,False,1000,1000
20692,117,unweighted,10,0.4031648089171974,0,12,None,66,1,5,False,1000,1000
20693,118,unweighted,10,0.4112261146496815,0,12,None,66,1,5,False,1000,1000
20694,119,unweighted,10,0.4208797770700637,0,12,None,66,1,5,False,1000,1000
20695,115,unweighted,10,0.3396695859872611,0,25,None,66,1,5,False,1000,1000
20696,116,unweighted,10,0.3436504777070063,0,25,None,66,1,5,False,1000,1000
20697,117,unweighted,10,0.3470342356687898,0,25,None,66,1,5,False,1000,1000
20698,118,unweighted,10,0.3524084394904458,0,25,None,66,1,5,False,1000,1000
20699,119,unweighted,10,0.3573845541401274,0,25,None,66,1,5,False,1000,1000
20700,115,unweighted,10,0.3247412420382166,0,26,None,66,1,5,False,1000,1000
20701,116,unweighted,10,0.3305135350318471,0,26,None,66,1,5,False,1000,1000
20702,117,unweighted,10,0.3431528662420382,0,26,None,66,1,5,False,1000,1000
20703,118,unweighted,10,0.3591759554140127,0,26,None,66,1,5,False,1000,1000
20704,119,unweighted,10,0.3721138535031847,0,26,None,66,1,5,False,1000,1000
20705,115,unweighted,10,0.4003781847133758,0,19,None,66,1,5,False,1000,1000
20706,116,unweighted,10,0.4066480891719745,0,19,None,66,1,5,False,1000,1000
20707,117,unweighted,10,0.412718949044586,0,19,None,66,1,5,False,1000,1000
20708,118,unweighted,10,0.4181926751592357,0,19,None,66,1,5,False,1000,1000
20709,119,unweighted,10,0.4223726114649681,0,19,None,66,1,5,False,1000,1000
20710,115,unweighted,10,0.4083399681528662,0,18,None,66,1,5,False,1000,1000
20711,116,unweighted,10,0.4109275477707006,0,18,None,66,1,5,False,1000,1000
20712,117,unweighted,10,0.4122213375796178,0,18,None,66,1,5,False,1000,1000
20713,118,unweighted,10,0.4144108280254777,0,18,None,66,1,5,False,1000,1000
20714,119,unweighted,10,0.4175955414012738,0,18,None,66,1,5,False,1000,1000
20715,115,unweighted,10,0.3867436305732484,0,31,None,66,1,5,False,1000,1000
20716,116,unweighted,10,0.4071457006369426,0,31,None,66,1,5,False,1000,1000
20717,117,unweighted,10,0.4287420382165605,0,31,None,66,1,5,False,1000,1000
20718,118,unweighted,10,0.4461584394904458,0,31,None,66,1,5,False,1000,1000
20719,119,unweighted,10,0.4612858280254777,0,31,None,66,1,5,False,1000,1000
20720,115,unweighted,10,0.4022691082802547,0,28,None,66,1,5,False,1000,1000
20721,116,unweighted,10,0.4131170382165605,0,28,None,66,1,5,False,1000,1000
20722,117,unweighted,10,0.4464570063694267,0,28,None,66,1,5,False,1000,1000
20723,118,unweighted,10,0.4658638535031847,0,28,None,66,1,5,False,1000,1000
20724,119,unweighted,10,0.4427746815286624,0,28,None,66,1,5,False,1000,1000
20725,115,unweighted,10,0.285828025477707,0,4,None,66,1,5,False,1000,1000
20726,116,unweighted,10,0.3021496815286624,0,4,None,66,1,5,False,1000,1000
20727,117,unweighted,10,0.3153861464968153,0,4,None,66,1,5,False,1000,1000
20728,118,unweighted,10,0.3433519108280254,0,4,None,66,1,5,False,1000,1000
20729,119,unweighted,10,0.3792794585987261,0,4,None,66,1,5,False,1000,1000
20730,115,unweighted,10,0.3642515923566879,0,0,None,66,1,5,False,1000,1000
20731,116,unweighted,10,0.3653463375796178,0,0,None,66,1,5,False,1000,1000
20732,117,unweighted,10,0.3703224522292994,0,0,None,66,1,5,False,1000,1000
20733,118,unweighted,10,0.3747014331210191,0,0,None,66,1,5,False,1000,1000
20734,119,unweighted,10,0.3779856687898089,0,0,None,66,1,5,False,1000,1000
20735,115,unweighted,10,0.3273288216560509,0,6,None,66,1,5,False,1000,1000
20736,116,unweighted,10,0.3260350318471338,0,6,None,66,1,5,False,1000,1000
20737,117,unweighted,10,0.3296178343949044,0,6,None,66,1,5,False,1000,1000
20738,118,unweighted,10,0.3344944267515923,0,6,None,66,1,5,False,1000,1000
20739,119,unweighted,10,0.3398686305732484,0,6,None,66,1,5,False,1000,1000
20740,115,unweighted,10,0.3518113057324841,0,10,None,66,1,5,False,1000,1000
20741,116,unweighted,10,0.3524084394904458,0,10,None,66,1,5,False,1000,1000
20742,117,unweighted,10,0.3651472929936306,0,10,None,66,1,5,False,1000,1000
20743,118,unweighted,10,0.3761942675159235,0,10,None,66,1,5,False,1000,1000
20744,119,unweighted,10,0.3897292993630573,0,10,None,66,1,5,False,1000,1000
20745,115,unweighted,10,0.4143113057324841,0,8,None,66,1,5,False,1000,1000
20746,116,unweighted,10,0.398984872611465,0,8,None,66,1,5,False,1000,1000
20747,117,unweighted,10,0.3982882165605095,0,8,None,66,1,5,False,1000,1000
20748,118,unweighted,10,0.3977906050955414,0,8,None,66,1,5,False,1000,1000
20749,119,unweighted,10,0.3994824840764331,0,8,None,66,1,5,False,1000,1000
20750,115,unweighted,10,0.3988853503184713,0,20,None,66,1,5,False,1000,1000
20751,116,unweighted,10,0.4026671974522293,0,20,None,66,1,5,False,1000,1000
20752,117,unweighted,10,0.4080414012738853,0,20,None,66,1,5,False,1000,1000
20753,118,unweighted,10,0.4118232484076433,0,20,None,66,1,5,False,1000,1000
20754,119,unweighted,10,0.4164012738853503,0,20,None,66,1,5,False,1000,1000
20755,115,unweighted,10,0.4106289808917197,0,23,None,66,1,5,False,1000,1000
20756,116,unweighted,10,0.414609872611465,0,23,None,66,1,5,False,1000,1000
20757,117,unweighted,10,0.4211783439490446,0,23,None,66,1,5,False,1000,1000
20758,118,unweighted,10,0.4259554140127388,0,23,None,66,1,5,False,1000,1000
20759,119,unweighted,10,0.4294386942675159,0,23,None,66,1,5,False,1000,1000
20760,115,unweighted,10,0.3084195859872611,0,22,None,66,1,5,False,1000,1000
20761,116,unweighted,10,0.3875398089171974,0,22,None,66,1,5,False,1000,1000
20762,117,unweighted,10,0.3971934713375796,0,22,None,66,1,5,False,1000,1000
20763,118,unweighted,10,0.3913216560509554,0,22,None,66,1,5,False,1000,1000
20764,119,unweighted,10,0.3884355095541401,0,22,None,66,1,5,False,1000,1000
20765,115,unweighted,10,0.2918988853503185,0,32,None,66,1,5,False,1000,1000
20766,116,unweighted,10,0.2975716560509554,0,32,None,66,1,5,False,1000,1000
20767,117,unweighted,10,0.3075238853503185,0,32,None,66,1,5,False,1000,1000
20768,118,unweighted,10,0.3523089171974522,0,32,None,66,1,5,False,1000,1000
20769,119,unweighted,10,0.4023686305732484,0,32,None,66,1,5,False,1000,1000
20770,115,unweighted,10,0.3674363057324841,0,11,None,66,1,5,False,1000,1000
20771,116,unweighted,10,0.373109076433121,0,11,None,66,1,5,False,1000,1000
20772,117,unweighted,10,0.3764928343949044,0,11,None,66,1,5,False,1000,1000
20773,118,unweighted,10,0.3791799363057325,0,11,None,66,1,5,False,1000,1000
20774,119,unweighted,10,0.3813694267515923,0,11,None,66,1,5,False,1000,1000
20775,115,unweighted,10,0.4251592356687898,0,17,None,66,1,5,False,1000,1000
20776,116,unweighted,10,0.4273487261146497,0,17,None,66,1,5,False,1000,1000
20777,117,unweighted,10,0.4359076433121019,0,17,None,66,1,5,False,1000,1000
20778,118,unweighted,10,0.4436703821656051,0,17,None,66,1,5,False,1000,1000
20779,119,unweighted,10,0.453921178343949,0,17,None,66,1,5,False,1000,1000
20780,115,unweighted,10,0.4123208598726114,0,24,None,66,1,5,False,1000,1000
20781,116,unweighted,10,0.425358280254777,0,24,None,66,1,5,False,1000,1000
20782,117,unweighted,10,0.4373009554140127,0,24,None,66,1,5,False,1000,1000
20783,118,unweighted,10,0.4477507961783439,0,24,None,66,1,5,False,1000,1000
20784,119,unweighted,10,0.4529259554140127,0,24,None,66,1,5,False,1000,1000
20785,115,unweighted,10,0.3737062101910828,0,3,None,66,1,5,False,1000,1000
20786,116,unweighted,10,0.3934116242038216,0,3,None,66,1,5,False,1000,1000
20787,117,unweighted,10,0.4126194267515923,0,3,None,66,1,5,False,1000,1000
20788,118,unweighted,10,0.4276472929936306,0,3,None,66,1,5,False,1000,1000
20789,119,unweighted,10,0.4410828025477707,0,3,None,66,1,5,False,1000,1000
20790,120,unweighted,10,0.4219745222929936,0,30,None,66,1,5,False,1000,1000
20791,121,unweighted,10,0.432921974522293,0,30,None,66,1,5,False,1000,1000
20792,122,unweighted,10,0.4435708598726114,0,30,None,66,1,5,False,1000,1000
20793,123,unweighted,10,0.451234076433121,0,30,None,66,1,5,False,1000,1000
20794,124,unweighted,10,0.4583001592356688,0,30,None,66,1,5,False,1000,1000
20795,120,unweighted,10,0.4242635350318471,0,1,None,66,1,5,False,1000,1000
20796,121,unweighted,10,0.4277468152866242,0,1,None,66,1,5,False,1000,1000
20797,122,unweighted,10,0.4311305732484076,0,1,None,66,1,5,False,1000,1000
20798,123,unweighted,10,0.4323248407643312,0,1,None,66,1,5,False,1000,1000
20799,124,unweighted,10,0.4355095541401274,0,1,None,66,1,5,False,1000,1000
20800,120,unweighted,10,0.4532245222929936,0,21,None,66,1,5,False,1000,1000
20801,121,unweighted,10,0.4597929936305732,0,21,None,66,1,5,False,1000,1000
20802,122,unweighted,10,0.4638734076433121,0,21,None,66,1,5,False,1000,1000
20803,123,unweighted,10,0.4672571656050955,0,21,None,66,1,5,False,1000,1000
20804,124,unweighted,10,0.4701433121019108,0,21,None,66,1,5,False,1000,1000
20805,120,unweighted,10,0.4937300955414013,0,27,None,66,1,5,False,1000,1000
20806,121,unweighted,10,0.5029856687898089,0,27,None,66,1,5,False,1000,1000
20807,122,unweighted,10,0.5050756369426752,0,27,None,66,1,5,False,1000,1000
20808,123,unweighted,10,0.505672770700637,0,27,None,66,1,5,False,1000,1000
20809,124,unweighted,10,0.5066679936305732,0,27,None,66,1,5,False,1000,1000
20810,120,unweighted,10,0.3894307324840764,0,22,None,66,1,5,False,1000,1000
20811,121,unweighted,10,0.3946058917197452,0,22,None,66,1,5,False,1000,1000
20812,122,unweighted,10,0.4000796178343949,0,22,None,66,1,5,False,1000,1000
20813,123,unweighted,10,0.4065485668789809,0,22,None,66,1,5,False,1000,1000
20814,124,unweighted,10,0.4114251592356688,0,22,None,66,1,5,False,1000,1000
20815,120,unweighted,10,0.4664609872611465,0,2,None,66,1,5,False,1000,1000
20816,121,unweighted,10,0.4671576433121019,0,2,None,66,1,5,False,1000,1000
20817,122,unweighted,10,0.4662619426751592,0,2,None,66,1,5,False,1000,1000
20818,123,unweighted,10,0.4654657643312102,0,2,None,66,1,5,False,1000,1000
20819,124,unweighted,10,0.4670581210191082,0,2,None,66,1,5,False,1000,1000
20820,120,unweighted,10,0.4158041401273885,0,5,None,66,1,5,False,1000,1000
20821,121,unweighted,10,0.4222730891719745,0,5,None,66,1,5,False,1000,1000
20822,122,unweighted,10,0.429140127388535,0,5,None,66,1,5,False,1000,1000
20823,123,unweighted,10,0.4350119426751592,0,5,None,66,1,5,False,1000,1000
20824,124,unweighted,10,0.4400875796178344,0,5,None,66,1,5,False,1000,1000
20825,120,unweighted,10,0.3650477707006369,0,7,None,66,1,5,False,1000,1000
20826,121,unweighted,10,0.3721138535031847,0,7,None,66,1,5,False,1000,1000
20827,122,unweighted,10,0.3773885350318471,0,7,None,66,1,5,False,1000,1000
20828,123,unweighted,10,0.384156050955414,0,7,None,66,1,5,False,1000,1000
20829,124,unweighted,10,0.3897292993630573,0,7,None,66,1,5,False,1000,1000
20830,120,unweighted,10,0.4344148089171974,0,16,None,66,1,5,False,1000,1000
20831,121,unweighted,10,0.4778065286624204,0,16,None,66,1,5,False,1000,1000
20832,122,unweighted,10,0.4774084394904458,0,16,None,66,1,5,False,1000,1000
20833,123,unweighted,10,0.4703423566878981,0,16,None,66,1,5,False,1000,1000
20834,124,unweighted,10,0.4718351910828025,0,16,None,66,1,5,False,1000,1000
20835,120,unweighted,10,0.4164012738853503,0,32,None,66,1,5,False,1000,1000
20836,121,unweighted,10,0.4320262738853503,0,32,None,66,1,5,False,1000,1000
20837,122,unweighted,10,0.4438694267515923,0,32,None,66,1,5,False,1000,1000
20838,123,unweighted,10,0.4534235668789809,0,32,None,66,1,5,False,1000,1000
20839,124,unweighted,10,0.4592953821656051,0,32,None,66,1,5,False,1000,1000
20840,120,unweighted,10,0.3904259554140127,0,6,None,66,1,5,False,1000,1000
20841,121,unweighted,10,0.397890127388535,0,6,None,66,1,5,False,1000,1000
20842,122,unweighted,10,0.4036624203821656,0,6,None,66,1,5,False,1000,1000
20843,123,unweighted,10,0.4101313694267516,0,6,None,66,1,5,False,1000,1000
20844,124,unweighted,10,0.4132165605095541,0,6,None,66,1,5,False,1000,1000
20845,120,unweighted,10,0.4744227707006369,0,13,None,66,1,5,False,1000,1000
20846,121,unweighted,10,0.4950238853503185,0,13,None,66,1,5,False,1000,1000
20847,122,unweighted,10,0.4963176751592357,0,13,None,66,1,5,False,1000,1000
20848,123,unweighted,10,0.4966162420382166,0,13,None,66,1,5,False,1000,1000
20849,124,unweighted,10,0.4973128980891719,0,13,None,66,1,5,False,1000,1000
20850,120,unweighted,10,0.4163017515923566,0,12,None,66,1,5,False,1000,1000
20851,121,unweighted,10,0.427249203821656,0,12,None,66,1,5,False,1000,1000
20852,122,unweighted,10,0.4351114649681528,0,12,None,66,1,5,False,1000,1000
20853,123,unweighted,10,0.4444665605095541,0,12,None,66,1,5,False,1000,1000
20854,124,unweighted,10,0.4529259554140127,0,12,None,66,1,5,False,1000,1000
20855,120,unweighted,10,0.3734076433121019,0,26,None,66,1,5,False,1000,1000
20856,121,unweighted,10,0.384156050955414,0,26,None,66,1,5,False,1000,1000
20857,122,unweighted,10,0.3919187898089172,0,26,None,66,1,5,False,1000,1000
20858,123,unweighted,10,0.3951035031847134,0,26,None,66,1,5,False,1000,1000
20859,124,unweighted,10,0.4003781847133758,0,26,None,66,1,5,False,1000,1000
20860,120,unweighted,10,0.4119227707006369,0,15,None,66,1,5,False,1000,1000
20861,121,unweighted,10,0.4153065286624204,0,15,None,66,1,5,False,1000,1000
20862,122,unweighted,10,0.419984076433121,0,15,None,66,1,5,False,1000,1000
20863,123,unweighted,10,0.4246616242038216,0,15,None,66,1,5,False,1000,1000
20864,124,unweighted,10,0.425358280254777,0,15,None,66,1,5,False,1000,1000
20865,120,unweighted,10,0.446656050955414,0,24,None,66,1,5,False,1000,1000
20866,121,unweighted,10,0.4533240445859872,0,24,None,66,1,5,False,1000,1000
20867,122,unweighted,10,0.4569068471337579,0,24,None,66,1,5,False,1000,1000
20868,123,unweighted,10,0.4634753184713376,0,24,None,66,1,5,False,1000,1000
20869,124,unweighted,10,0.4734275477707006,0,24,None,66,1,5,False,1000,1000
20870,120,unweighted,10,0.4282444267515923,0,20,None,66,1,5,False,1000,1000
20871,121,unweighted,10,0.4379976114649681,0,20,None,66,1,5,False,1000,1000
20872,122,unweighted,10,0.4443670382165605,0,20,None,66,1,5,False,1000,1000
20873,123,unweighted,10,0.447452229299363,0,20,None,66,1,5,False,1000,1000
20874,124,unweighted,10,0.4492436305732484,0,20,None,66,1,5,False,1000,1000
20875,120,unweighted,10,0.4058519108280254,0,8,None,66,1,5,False,1000,1000
20876,121,unweighted,10,0.4086385350318471,0,8,None,66,1,5,False,1000,1000
20877,122,unweighted,10,0.4112261146496815,0,8,None,66,1,5,False,1000,1000
20878,123,unweighted,10,0.4152070063694267,0,8,None,66,1,5,False,1000,1000
20879,124,unweighted,10,0.4204816878980891,0,8,None,66,1,5,False,1000,1000
20880,120,unweighted,10,0.426453025477707,0,18,None,66,1,5,False,1000,1000
20881,121,unweighted,10,0.429140127388535,0,18,None,66,1,5,False,1000,1000
20882,122,unweighted,10,0.4317277070063694,0,18,None,66,1,5,False,1000,1000
20883,123,unweighted,10,0.4340167197452229,0,18,None,66,1,5,False,1000,1000
20884,124,unweighted,10,0.4374004777070063,0,18,None,66,1,5,False,1000,1000
20885,120,unweighted,10,0.4210788216560509,0,19,None,66,1,5,False,1000,1000
20886,121,unweighted,10,0.4225716560509554,0,19,None,66,1,5,False,1000,1000
20887,122,unweighted,10,0.425358280254777,0,19,None,66,1,5,False,1000,1000
20888,123,unweighted,10,0.4262539808917197,0,19,None,66,1,5,False,1000,1000
20889,124,unweighted,10,0.4273487261146497,0,19,None,66,1,5,False,1000,1000
20890,120,unweighted,10,0.4452627388535032,0,31,None,66,1,5,False,1000,1000
20891,121,unweighted,10,0.4598925159235669,0,31,None,66,1,5,False,1000,1000
20892,122,unweighted,10,0.4716361464968153,0,31,None,66,1,5,False,1000,1000
20893,123,unweighted,10,0.4826831210191082,0,31,None,66,1,5,False,1000,1000
20894,124,unweighted,10,0.4948248407643312,0,31,None,66,1,5,False,1000,1000
20895,120,unweighted,10,0.4405851910828025,0,28,None,66,1,5,False,1000,1000
20896,121,unweighted,10,0.4305334394904458,0,28,None,66,1,5,False,1000,1000
20897,122,unweighted,10,0.4259554140127388,0,28,None,66,1,5,False,1000,1000
20898,123,unweighted,10,0.4257563694267516,0,28,None,66,1,5,False,1000,1000
20899,124,unweighted,10,0.423765923566879,0,28,None,66,1,5,False,1000,1000
20900,120,unweighted,10,0.4276472929936306,0,23,None,66,1,5,False,1000,1000
20901,121,unweighted,10,0.4308320063694267,0,23,None,66,1,5,False,1000,1000
20902,122,unweighted,10,0.4338176751592357,0,23,None,66,1,5,False,1000,1000
20903,123,unweighted,10,0.4354100318471338,0,23,None,66,1,5,False,1000,1000
20904,124,unweighted,10,0.4388933121019108,0,23,None,66,1,5,False,1000,1000
20905,120,unweighted,10,0.4217754777070063,0,4,None,66,1,5,False,1000,1000
20906,121,unweighted,10,0.4248606687898089,0,4,None,66,1,5,False,1000,1000
20907,122,unweighted,10,0.4293391719745223,0,4,None,66,1,5,False,1000,1000
20908,123,unweighted,10,0.431031050955414,0,4,None,66,1,5,False,1000,1000
20909,124,unweighted,10,0.4327229299363057,0,4,None,66,1,5,False,1000,1000
20910,120,unweighted,10,0.4195859872611465,0,9,None,66,1,5,False,1000,1000
20911,121,unweighted,10,0.4292396496815286,0,9,None,66,1,5,False,1000,1000
20912,122,unweighted,10,0.4361066878980891,0,9,None,66,1,5,False,1000,1000
20913,123,unweighted,10,0.4422770700636942,0,9,None,66,1,5,False,1000,1000
20914,124,unweighted,10,0.4509355095541401,0,9,None,66,1,5,False,1000,1000
20915,120,unweighted,10,0.3815684713375796,0,0,None,66,1,5,False,1000,1000
20916,121,unweighted,10,0.3836584394904458,0,0,None,66,1,5,False,1000,1000
20917,122,unweighted,10,0.3881369426751592,0,0,None,66,1,5,False,1000,1000
20918,123,unweighted,10,0.3938097133757962,0,0,None,66,1,5,False,1000,1000
20919,124,unweighted,10,0.4008757961783439,0,0,None,66,1,5,False,1000,1000
20920,120,unweighted,10,0.4004777070063694,0,14,None,66,1,5,False,1000,1000
20921,121,unweighted,10,0.3991839171974522,0,14,None,66,1,5,False,1000,1000
20922,122,unweighted,10,0.3973925159235669,0,14,None,66,1,5,False,1000,1000
20923,123,unweighted,10,0.3968949044585987,0,14,None,66,1,5,False,1000,1000
20924,124,unweighted,10,0.3968949044585987,0,14,None,66,1,5,False,1000,1000
20925,120,unweighted,10,0.3557921974522293,0,25,None,66,1,5,False,1000,1000
20926,121,unweighted,10,0.3660429936305732,0,25,None,66,1,5,False,1000,1000
20927,122,unweighted,10,0.4074442675159235,0,25,None,66,1,5,False,1000,1000
20928,123,unweighted,10,0.4294386942675159,0,25,None,66,1,5,False,1000,1000
20929,124,unweighted,10,0.4470541401273885,0,25,None,66,1,5,False,1000,1000
20930,120,unweighted,10,0.4060509554140127,0,29,None,66,1,5,False,1000,1000
20931,121,unweighted,10,0.4118232484076433,0,29,None,66,1,5,False,1000,1000
20932,122,unweighted,10,0.4177945859872611,0,29,None,66,1,5,False,1000,1000
20933,123,unweighted,10,0.4217754777070063,0,29,None,66,1,5,False,1000,1000
20934,124,unweighted,10,0.4255573248407643,0,29,None,66,1,5,False,1000,1000
20935,120,unweighted,10,0.4095342356687898,0,10,None,66,1,5,False,1000,1000
20936,121,unweighted,10,0.4187898089171974,0,10,None,66,1,5,False,1000,1000
20937,122,unweighted,10,0.4274482484076433,0,10,None,66,1,5,False,1000,1000
20938,123,unweighted,10,0.4346138535031847,0,10,None,66,1,5,False,1000,1000
20939,124,unweighted,10,0.4432722929936306,0,10,None,66,1,5,False,1000,1000
20940,120,unweighted,10,0.4308320063694267,0,3,None,66,1,5,False,1000,1000
20941,121,unweighted,10,0.4440684713375796,0,3,None,66,1,5,False,1000,1000
20942,122,unweighted,10,0.4540207006369426,0,3,None,66,1,5,False,1000,1000
20943,123,unweighted,10,0.4625796178343949,0,3,None,66,1,5,False,1000,1000
20944,124,unweighted,10,0.4688495222929936,0,3,None,66,1,5,False,1000,1000
20945,120,unweighted,10,0.464968152866242,0,17,None,66,1,5,False,1000,1000
20946,121,unweighted,10,0.4725318471337579,0,17,None,66,1,5,False,1000,1000
20947,122,unweighted,10,0.477906050955414,0,17,None,66,1,5,False,1000,1000
20948,123,unweighted,10,0.4838773885350318,0,17,None,66,1,5,False,1000,1000
20949,124,unweighted,10,0.4883558917197452,0,17,None,66,1,5,False,1000,1000
20950,120,unweighted,10,0.379578025477707,0,11,None,66,1,5,False,1000,1000
20951,121,unweighted,10,0.3813694267515923,0,11,None,66,1,5,False,1000,1000
20952,122,unweighted,10,0.3844546178343949,0,11,None,66,1,5,False,1000,1000
20953,123,unweighted,10,0.3866441082802547,0,11,None,66,1,5,False,1000,1000
20954,124,unweighted,10,0.3880374203821656,0,11,None,66,1,5,False,1000,1000
20955,125,unweighted,10,0.4339171974522293,0,1,None,66,1,5,False,1000,1000
20956,126,unweighted,10,0.4373009554140127,0,1,None,66,1,5,False,1000,1000
20957,127,unweighted,10,0.4402866242038216,0,1,None,66,1,5,False,1000,1000
20958,128,unweighted,10,0.442078025477707,0,1,None,66,1,5,False,1000,1000
20959,129,unweighted,10,0.4419785031847134,0,1,None,66,1,5,False,1000,1000
20960,125,unweighted,10,0.4366042993630573,0,23,None,66,1,5,False,1000,1000
20961,126,unweighted,10,0.4399880573248407,0,23,None,66,1,5,False,1000,1000
20962,127,unweighted,10,0.4422770700636942,0,23,None,66,1,5,False,1000,1000
20963,128,unweighted,10,0.4461584394904458,0,23,None,66,1,5,False,1000,1000
20964,129,unweighted,10,0.4521297770700637,0,23,None,66,1,5,False,1000,1000
20965,125,unweighted,10,0.477906050955414,0,2,None,66,1,5,False,1000,1000
20966,126,unweighted,10,0.478702229299363,0,2,None,66,1,5,False,1000,1000
20967,127,unweighted,10,0.4811902866242038,0,2,None,66,1,5,False,1000,1000
20968,128,unweighted,10,0.4831807324840764,0,2,None,66,1,5,False,1000,1000
20969,129,unweighted,10,0.4850716560509554,0,2,None,66,1,5,False,1000,1000
20970,125,unweighted,10,0.458499203821656,0,32,None,66,1,5,False,1000,1000
20971,126,unweighted,10,0.4670581210191082,0,32,None,66,1,5,False,1000,1000
20972,127,unweighted,10,0.4738256369426751,0,32,None,66,1,5,False,1000,1000
20973,128,unweighted,10,0.4798964968152866,0,32,None,66,1,5,False,1000,1000
20974,129,unweighted,10,0.4840764331210191,0,32,None,66,1,5,False,1000,1000
20975,125,unweighted,10,0.4818869426751592,0,16,None,66,1,5,False,1000,1000
20976,126,unweighted,10,0.482484076433121,0,16,None,66,1,5,False,1000,1000
20977,127,unweighted,10,0.4859673566878981,0,16,None,66,1,5,False,1000,1000
20978,128,unweighted,10,0.4882563694267516,0,16,None,66,1,5,False,1000,1000
20979,129,unweighted,10,0.4920382165605095,0,16,None,66,1,5,False,1000,1000
20980,125,unweighted,10,0.4406847133757962,0,29,None,66,1,5,False,1000,1000
20981,126,unweighted,10,0.4446656050955414,0,29,None,66,1,5,False,1000,1000
20982,127,unweighted,10,0.4478503184713376,0,29,None,66,1,5,False,1000,1000
20983,128,unweighted,10,0.4515326433121019,0,29,None,66,1,5,False,1000,1000
20984,129,unweighted,10,0.4552149681528662,0,29,None,66,1,5,False,1000,1000
20985,125,unweighted,10,0.4546178343949044,0,9,None,66,1,5,False,1000,1000
20986,126,unweighted,10,0.4627786624203822,0,9,None,66,1,5,False,1000,1000
20987,127,unweighted,10,0.4693471337579618,0,9,None,66,1,5,False,1000,1000
20988,128,unweighted,10,0.4756170382165605,0,9,None,66,1,5,False,1000,1000
20989,129,unweighted,10,0.4822850318471338,0,9,None,66,1,5,False,1000,1000
20990,125,unweighted,10,0.4327229299363057,0,15,None,66,1,5,False,1000,1000
20991,126,unweighted,10,0.4347133757961783,0,15,None,66,1,5,False,1000,1000
20992,127,unweighted,10,0.4387937898089172,0,15,None,66,1,5,False,1000,1000
20993,128,unweighted,10,0.4407842356687898,0,15,None,66,1,5,False,1000,1000
20994,129,unweighted,10,0.442874203821656,0,15,None,66,1,5,False,1000,1000
20995,125,unweighted,10,0.4535230891719745,0,10,None,66,1,5,False,1000,1000
20996,126,unweighted,10,0.4587977707006369,0,10,None,66,1,5,False,1000,1000
20997,127,unweighted,10,0.4652667197452229,0,10,None,66,1,5,False,1000,1000
20998,128,unweighted,10,0.4711385350318471,0,10,None,66,1,5,False,1000,1000
20999,129,unweighted,10,0.4784036624203822,0,10,None,66,1,5,False,1000,1000
21000,125,unweighted,10,0.4519307324840764,0,25,None,66,1,5,False,1000,1000
21001,126,unweighted,10,0.4619824840764331,0,25,None,66,1,5,False,1000,1000
21002,127,unweighted,10,0.4730294585987261,0,25,None,66,1,5,False,1000,1000
21003,128,unweighted,10,0.4804936305732484,0,25,None,66,1,5,False,1000,1000
21004,129,unweighted,10,0.4886544585987261,0,25,None,66,1,5,False,1000,1000
21005,125,unweighted,10,0.4977109872611465,0,13,None,66,1,5,False,1000,1000
21006,126,unweighted,10,0.511046974522293,0,13,None,66,1,5,False,1000,1000
21007,127,unweighted,10,0.518312101910828,0,13,None,66,1,5,False,1000,1000
21008,128,unweighted,10,0.5219944267515924,0,13,None,66,1,5,False,1000,1000
21009,129,unweighted,10,0.5250796178343949,0,13,None,66,1,5,False,1000,1000
21010,125,unweighted,10,0.4448646496815286,0,20,None,66,1,5,False,1000,1000
21011,126,unweighted,10,0.4511345541401274,0,20,None,66,1,5,False,1000,1000
21012,127,unweighted,10,0.4536226114649681,0,20,None,66,1,5,False,1000,1000
21013,128,unweighted,10,0.4583001592356688,0,20,None,66,1,5,False,1000,1000
21014,129,unweighted,10,0.4625796178343949,0,20,None,66,1,5,False,1000,1000
21015,125,unweighted,10,0.4233678343949044,0,28,None,66,1,5,False,1000,1000
21016,126,unweighted,10,0.4228702229299363,0,28,None,66,1,5,False,1000,1000
21017,127,unweighted,10,0.4228702229299363,0,28,None,66,1,5,False,1000,1000
21018,128,unweighted,10,0.4227707006369426,0,28,None,66,1,5,False,1000,1000
21019,129,unweighted,10,0.4227707006369426,0,28,None,66,1,5,False,1000,1000
21020,125,unweighted,10,0.4048566878980891,0,0,None,66,1,5,False,1000,1000
21021,126,unweighted,10,0.4103304140127388,0,0,None,66,1,5,False,1000,1000
21022,127,unweighted,10,0.4152070063694267,0,0,None,66,1,5,False,1000,1000
21023,128,unweighted,10,0.4201831210191082,0,0,None,66,1,5,False,1000,1000
21024,129,unweighted,10,0.4246616242038216,0,0,None,66,1,5,False,1000,1000
21025,125,unweighted,10,0.4686504777070063,0,21,None,66,1,5,False,1000,1000
21026,126,unweighted,10,0.4720342356687898,0,21,None,66,1,5,False,1000,1000
21027,127,unweighted,10,0.4750199044585987,0,21,None,66,1,5,False,1000,1000
21028,128,unweighted,10,0.4803941082802547,0,21,None,66,1,5,False,1000,1000
21029,129,unweighted,10,0.4885549363057325,0,21,None,66,1,5,False,1000,1000
21030,125,unweighted,10,0.5119426751592356,0,27,None,66,1,5,False,1000,1000
21031,126,unweighted,10,0.51453025477707,0,27,None,66,1,5,False,1000,1000
21032,127,unweighted,10,0.5162221337579618,0,27,None,66,1,5,False,1000,1000
21033,128,unweighted,10,0.5192078025477707,0,27,None,66,1,5,False,1000,1000
21034,129,unweighted,10,0.5222929936305732,0,27,None,66,1,5,False,1000,1000
21035,125,unweighted,10,0.4124203821656051,0,22,None,66,1,5,False,1000,1000
21036,126,unweighted,10,0.4176950636942675,0,22,None,66,1,5,False,1000,1000
21037,127,unweighted,10,0.4220740445859872,0,22,None,66,1,5,False,1000,1000
21038,128,unweighted,10,0.4266520700636942,0,22,None,66,1,5,False,1000,1000
21039,129,unweighted,10,0.4309315286624204,0,22,None,66,1,5,False,1000,1000
21040,125,unweighted,10,0.4431727707006369,0,5,None,66,1,5,False,1000,1000
21041,126,unweighted,10,0.449343152866242,0,5,None,66,1,5,False,1000,1000
21042,127,unweighted,10,0.4542197452229299,0,5,None,66,1,5,False,1000,1000
21043,128,unweighted,10,0.4578025477707006,0,5,None,66,1,5,False,1000,1000
21044,129,unweighted,10,0.4618829617834395,0,5,None,66,1,5,False,1000,1000
21045,125,unweighted,10,0.4346138535031847,0,4,None,66,1,5,False,1000,1000
21046,126,unweighted,10,0.4347133757961783,0,4,None,66,1,5,False,1000,1000
21047,127,unweighted,10,0.4324243630573248,0,4,None,66,1,5,False,1000,1000
21048,128,unweighted,10,0.431827229299363,0,4,None,66,1,5,False,1000,1000
21049,129,unweighted,10,0.4315286624203822,0,4,None,66,1,5,False,1000,1000
21050,125,unweighted,10,0.4340167197452229,0,6,None,66,1,5,False,1000,1000
21051,126,unweighted,10,0.43640525477707,0,6,None,66,1,5,False,1000,1000
21052,127,unweighted,10,0.4388933121019108,0,6,None,66,1,5,False,1000,1000
21053,128,unweighted,10,0.4410828025477707,0,6,None,66,1,5,False,1000,1000
21054,129,unweighted,10,0.4438694267515923,0,6,None,66,1,5,False,1000,1000
21055,125,unweighted,10,0.4053542993630573,0,7,None,66,1,5,False,1000,1000
21056,126,unweighted,10,0.4117237261146497,0,7,None,66,1,5,False,1000,1000
21057,127,unweighted,10,0.416202229299363,0,7,None,66,1,5,False,1000,1000
21058,128,unweighted,10,0.421875,0,7,None,66,1,5,False,1000,1000
21059,129,unweighted,10,0.4268511146496815,0,7,None,66,1,5,False,1000,1000
21060,125,unweighted,10,0.4477507961783439,0,12,None,66,1,5,False,1000,1000
21061,126,unweighted,10,0.453921178343949,0,12,None,66,1,5,False,1000,1000
21062,127,unweighted,10,0.4568073248407643,0,12,None,66,1,5,False,1000,1000
21063,128,unweighted,10,0.4610867834394904,0,12,None,66,1,5,False,1000,1000
21064,129,unweighted,10,0.4637738853503185,0,12,None,66,1,5,False,1000,1000
21065,125,unweighted,10,0.4118232484076433,0,26,None,66,1,5,False,1000,1000
21066,126,unweighted,10,0.4176950636942675,0,26,None,66,1,5,False,1000,1000
21067,127,unweighted,10,0.4244625796178344,0,26,None,66,1,5,False,1000,1000
21068,128,unweighted,10,0.4274482484076433,0,26,None,66,1,5,False,1000,1000
21069,129,unweighted,10,0.4307324840764331,0,26,None,66,1,5,False,1000,1000
21070,125,unweighted,10,0.398984872611465,0,14,None,66,1,5,False,1000,1000
21071,126,unweighted,10,0.4015724522292994,0,14,None,66,1,5,False,1000,1000
21072,127,unweighted,10,0.4036624203821656,0,14,None,66,1,5,False,1000,1000
21073,128,unweighted,10,0.4063495222929936,0,14,None,66,1,5,False,1000,1000
21074,129,unweighted,10,0.4074442675159235,0,14,None,66,1,5,False,1000,1000
21075,125,unweighted,10,0.4689490445859872,0,30,None,66,1,5,False,1000,1000
21076,126,unweighted,10,0.4749203821656051,0,30,None,66,1,5,False,1000,1000
21077,127,unweighted,10,0.4820859872611465,0,30,None,66,1,5,False,1000,1000
21078,128,unweighted,10,0.4884554140127388,0,30,None,66,1,5,False,1000,1000
21079,129,unweighted,10,0.4968152866242038,0,30,None,66,1,5,False,1000,1000
21080,125,unweighted,10,0.4876592356687898,0,17,None,66,1,5,False,1000,1000
21081,126,unweighted,10,0.492734872611465,0,17,None,66,1,5,False,1000,1000
21082,127,unweighted,10,0.4968152866242038,0,17,None,66,1,5,False,1000,1000
21083,128,unweighted,10,0.501890923566879,0,17,None,66,1,5,False,1000,1000
21084,129,unweighted,10,0.505672770700637,0,17,None,66,1,5,False,1000,1000
21085,125,unweighted,10,0.3961982484076433,0,11,None,66,1,5,False,1000,1000
21086,126,unweighted,10,0.3974920382165605,0,11,None,66,1,5,False,1000,1000
21087,127,unweighted,10,0.4003781847133758,0,11,None,66,1,5,False,1000,1000
21088,128,unweighted,10,0.4029657643312102,0,11,None,66,1,5,False,1000,1000
21089,129,unweighted,10,0.40515525477707,0,11,None,66,1,5,False,1000,1000
21090,125,unweighted,10,0.4633757961783439,0,24,None,66,1,5,False,1000,1000
21091,126,unweighted,10,0.4735270700636942,0,24,None,66,1,5,False,1000,1000
21092,127,unweighted,10,0.4858678343949044,0,24,None,66,1,5,False,1000,1000
21093,128,unweighted,10,0.5000995222929936,0,24,None,66,1,5,False,1000,1000
21094,129,unweighted,10,0.5128383757961783,0,24,None,66,1,5,False,1000,1000
21095,125,unweighted,10,0.4348128980891719,0,8,None,66,1,5,False,1000,1000
21096,126,unweighted,10,0.4456608280254777,0,8,None,66,1,5,False,1000,1000
21097,127,unweighted,10,0.4547173566878981,0,8,None,66,1,5,False,1000,1000
21098,128,unweighted,10,0.4633757961783439,0,8,None,66,1,5,False,1000,1000
21099,129,unweighted,10,0.46875,0,8,None,66,1,5,False,1000,1000
21100,125,unweighted,10,0.442078025477707,0,18,None,66,1,5,False,1000,1000
21101,126,unweighted,10,0.4445660828025478,0,18,None,66,1,5,False,1000,1000
21102,127,unweighted,10,0.4470541401273885,0,18,None,66,1,5,False,1000,1000
21103,128,unweighted,10,0.4492436305732484,0,18,None,66,1,5,False,1000,1000
21104,129,unweighted,10,0.4519307324840764,0,18,None,66,1,5,False,1000,1000
21105,125,unweighted,10,0.4274482484076433,0,19,None,66,1,5,False,1000,1000
21106,126,unweighted,10,0.4299363057324841,0,19,None,66,1,5,False,1000,1000
21107,127,unweighted,10,0.4335191082802547,0,19,None,66,1,5,False,1000,1000
21108,128,unweighted,10,0.4375995222929936,0,19,None,66,1,5,False,1000,1000
21109,129,unweighted,10,0.4431727707006369,0,19,None,66,1,5,False,1000,1000
21110,125,unweighted,10,0.4872611464968153,0,31,None,66,1,5,False,1000,1000
21111,126,unweighted,10,0.4997014331210191,0,31,None,66,1,5,False,1000,1000
21112,127,unweighted,10,0.5121417197452229,0,31,None,66,1,5,False,1000,1000
21113,128,unweighted,10,0.5244824840764332,0,31,None,66,1,5,False,1000,1000
21114,129,unweighted,10,0.5335390127388535,0,31,None,66,1,5,False,1000,1000
21115,125,unweighted,10,0.4642714968152866,0,3,None,66,1,5,False,1000,1000
21116,126,unweighted,10,0.4713375796178344,0,3,None,66,1,5,False,1000,1000
21117,127,unweighted,10,0.4756170382165605,0,3,None,66,1,5,False,1000,1000
21118,128,unweighted,10,0.4785031847133758,0,3,None,66,1,5,False,1000,1000
21119,129,unweighted,10,0.4822850318471338,0,3,None,66,1,5,False,1000,1000
22110,130,unweighted,10,0.4412818471337579,0,1,None,66,1,5,False,1000,1000
22111,131,unweighted,10,0.4419785031847134,0,1,None,66,1,5,False,1000,1000
22112,132,unweighted,10,0.4416799363057325,0,1,None,66,1,5,False,1000,1000
22113,133,unweighted,10,0.4417794585987261,0,1,None,66,1,5,False,1000,1000
22114,134,unweighted,10,0.442874203821656,0,1,None,66,1,5,False,1000,1000
22115,130,unweighted,10,0.4903463375796178,0,2,None,66,1,5,False,1000,1000
22116,131,unweighted,10,0.4922372611464968,0,2,None,66,1,5,False,1000,1000
22117,132,unweighted,10,0.4938296178343949,0,2,None,66,1,5,False,1000,1000
22118,133,unweighted,10,0.4956210191082802,0,2,None,66,1,5,False,1000,1000
22119,134,unweighted,10,0.4983081210191082,0,2,None,66,1,5,False,1000,1000
22120,130,unweighted,10,0.4680533439490446,0,5,None,66,1,5,False,1000,1000
22121,131,unweighted,10,0.474124203821656,0,5,None,66,1,5,False,1000,1000
22122,132,unweighted,10,0.4792993630573248,0,5,None,66,1,5,False,1000,1000
22123,133,unweighted,10,0.4855692675159235,0,5,None,66,1,5,False,1000,1000
22124,134,unweighted,10,0.4920382165605095,0,5,None,66,1,5,False,1000,1000
22125,130,unweighted,10,0.5324442675159236,0,13,None,66,1,5,False,1000,1000
22126,131,unweighted,10,0.5372213375796179,0,13,None,66,1,5,False,1000,1000
22127,132,unweighted,10,0.5402070063694268,0,13,None,66,1,5,False,1000,1000
22128,133,unweighted,10,0.542296974522293,0,13,None,66,1,5,False,1000,1000
22129,134,unweighted,10,0.5410031847133758,0,13,None,66,1,5,False,1000,1000
22130,130,unweighted,10,0.4973128980891719,0,16,None,66,1,5,False,1000,1000
22131,131,unweighted,10,0.5002985668789809,0,16,None,66,1,5,False,1000,1000
22132,132,unweighted,10,0.5027866242038217,0,16,None,66,1,5,False,1000,1000
22133,133,unweighted,10,0.5048765923566879,0,16,None,66,1,5,False,1000,1000
22134,134,unweighted,10,0.5076632165605095,0,16,None,66,1,5,False,1000,1000
22135,130,unweighted,10,0.4953224522292994,0,8,None,66,1,5,False,1000,1000
22136,131,unweighted,10,0.4991042993630573,0,8,None,66,1,5,False,1000,1000
22137,132,unweighted,10,0.5024880573248408,0,8,None,66,1,5,False,1000,1000
22138,133,unweighted,10,0.5038813694267515,0,8,None,66,1,5,False,1000,1000
22139,134,unweighted,10,0.5052746815286624,0,8,None,66,1,5,False,1000,1000
22140,130,unweighted,10,0.4648686305732484,0,20,None,66,1,5,False,1000,1000
22141,131,unweighted,10,0.4694466560509554,0,20,None,66,1,5,False,1000,1000
22142,132,unweighted,10,0.4732285031847134,0,20,None,66,1,5,False,1000,1000
22143,133,unweighted,10,0.4772093949044586,0,20,None,66,1,5,False,1000,1000
22144,134,unweighted,10,0.4816878980891719,0,20,None,66,1,5,False,1000,1000
22145,130,unweighted,10,0.4475517515923566,0,19,None,66,1,5,False,1000,1000
22146,131,unweighted,10,0.4562101910828025,0,19,None,66,1,5,False,1000,1000
22147,132,unweighted,10,0.4623805732484076,0,19,None,66,1,5,False,1000,1000
22148,133,unweighted,10,0.4692476114649681,0,19,None,66,1,5,False,1000,1000
22149,134,unweighted,10,0.4781050955414013,0,19,None,66,1,5,False,1000,1000
22150,130,unweighted,10,0.4346138535031847,0,22,None,66,1,5,False,1000,1000
22151,131,unweighted,10,0.4379976114649681,0,22,None,66,1,5,False,1000,1000
22152,132,unweighted,10,0.4404856687898089,0,22,None,66,1,5,False,1000,1000
22153,133,unweighted,10,0.4435708598726114,0,22,None,66,1,5,False,1000,1000
22154,134,unweighted,10,0.4473527070063694,0,22,None,66,1,5,False,1000,1000
22155,130,unweighted,10,0.4460589171974522,0,23,None,66,1,5,False,1000,1000
22156,131,unweighted,10,0.4498407643312102,0,23,None,66,1,5,False,1000,1000
22157,132,unweighted,10,0.4560111464968153,0,23,None,66,1,5,False,1000,1000
22158,133,unweighted,10,0.4632762738853503,0,23,None,66,1,5,False,1000,1000
22159,134,unweighted,10,0.4721337579617834,0,23,None,66,1,5,False,1000,1000
22160,130,unweighted,10,0.5210987261146497,0,17,None,66,1,5,False,1000,1000
22161,131,unweighted,10,0.5246815286624203,0,17,None,66,1,5,False,1000,1000
22162,132,unweighted,10,0.5304538216560509,0,17,None,66,1,5,False,1000,1000
22163,133,unweighted,10,0.5351313694267515,0,17,None,66,1,5,False,1000,1000
22164,134,unweighted,10,0.5388136942675159,0,17,None,66,1,5,False,1000,1000
22165,130,unweighted,10,0.4845740445859872,0,21,None,66,1,5,False,1000,1000
22166,131,unweighted,10,0.493531050955414,0,21,None,66,1,5,False,1000,1000
22167,132,unweighted,10,0.5063694267515924,0,21,None,66,1,5,False,1000,1000
22168,133,unweighted,10,0.5192078025477707,0,21,None,66,1,5,False,1000,1000
22169,134,unweighted,10,0.5300557324840764,0,21,None,66,1,5,False,1000,1000
22170,130,unweighted,10,0.4375995222929936,0,26,None,66,1,5,False,1000,1000
22171,131,unweighted,10,0.4418789808917197,0,26,None,66,1,5,False,1000,1000
22172,132,unweighted,10,0.4461584394904458,0,26,None,66,1,5,False,1000,1000
22173,133,unweighted,10,0.4491441082802547,0,26,None,66,1,5,False,1000,1000
22174,134,unweighted,10,0.4524283439490446,0,26,None,66,1,5,False,1000,1000
22175,130,unweighted,10,0.462281050955414,0,12,None,66,1,5,False,1000,1000
22176,131,unweighted,10,0.46765525477707,0,12,None,66,1,5,False,1000,1000
22177,132,unweighted,10,0.4734275477707006,0,12,None,66,1,5,False,1000,1000
22178,133,unweighted,10,0.4781050955414013,0,12,None,66,1,5,False,1000,1000
22179,134,unweighted,10,0.4836783439490446,0,12,None,66,1,5,False,1000,1000
22180,130,unweighted,10,0.5,0,24,None,66,1,5,False,1000,1000
22181,131,unweighted,10,0.5131369426751592,0,24,None,66,1,5,False,1000,1000
22182,132,unweighted,10,0.5232882165605095,0,24,None,66,1,5,False,1000,1000
22183,133,unweighted,10,0.5315485668789809,0,24,None,66,1,5,False,1000,1000
22184,134,unweighted,10,0.5363256369426752,0,24,None,66,1,5,False,1000,1000
22185,130,unweighted,10,0.5106488853503185,0,30,None,66,1,5,False,1000,1000
22186,131,unweighted,10,0.5144307324840764,0,30,None,66,1,5,False,1000,1000
22187,132,unweighted,10,0.5180135350318471,0,30,None,66,1,5,False,1000,1000
22188,133,unweighted,10,0.5198049363057324,0,30,None,66,1,5,False,1000,1000
22189,134,unweighted,10,0.5204020700636943,0,30,None,66,1,5,False,1000,1000
22190,130,unweighted,10,0.4556130573248407,0,6,None,66,1,5,False,1000,1000
22191,131,unweighted,10,0.4575039808917197,0,6,None,66,1,5,False,1000,1000
22192,132,unweighted,10,0.4589968152866242,0,6,None,66,1,5,False,1000,1000
22193,133,unweighted,10,0.4606886942675159,0,6,None,66,1,5,False,1000,1000
22194,134,unweighted,10,0.4625796178343949,0,6,None,66,1,5,False,1000,1000
22195,130,unweighted,10,0.4652667197452229,0,18,None,66,1,5,False,1000,1000
22196,131,unweighted,10,0.4712380573248407,0,18,None,66,1,5,False,1000,1000
22197,132,unweighted,10,0.4745222929936306,0,18,None,66,1,5,False,1000,1000
22198,133,unweighted,10,0.4785031847133758,0,18,None,66,1,5,False,1000,1000
22199,134,unweighted,10,0.4839769108280254,0,18,None,66,1,5,False,1000,1000
22200,130,unweighted,10,0.5289609872611465,0,27,None,66,1,5,False,1000,1000
22201,131,unweighted,10,0.5303542993630573,0,27,None,66,1,5,False,1000,1000
22202,132,unweighted,10,0.5313495222929936,0,27,None,66,1,5,False,1000,1000
22203,133,unweighted,10,0.5318471337579618,0,27,None,66,1,5,False,1000,1000
22204,134,unweighted,10,0.5332404458598726,0,27,None,66,1,5,False,1000,1000
22205,130,unweighted,10,0.5262738853503185,0,31,None,66,1,5,False,1000,1000
22206,131,unweighted,10,0.5349323248407644,0,31,None,66,1,5,False,1000,1000
22207,132,unweighted,10,0.5395103503184714,0,31,None,66,1,5,False,1000,1000
22208,133,unweighted,10,0.5444864649681529,0,31,None,66,1,5,False,1000,1000
22209,134,unweighted,10,0.5481687898089171,0,31,None,66,1,5,False,1000,1000
22210,130,unweighted,10,0.4800955414012738,0,32,None,66,1,5,False,1000,1000
22211,131,unweighted,10,0.4857683121019108,0,32,None,66,1,5,False,1000,1000
22212,132,unweighted,10,0.4890525477707006,0,32,None,66,1,5,False,1000,1000
22213,133,unweighted,10,0.4921377388535032,0,32,None,66,1,5,False,1000,1000
22214,134,unweighted,10,0.4941281847133758,0,32,None,66,1,5,False,1000,1000
22215,130,unweighted,10,0.4326234076433121,0,7,None,66,1,5,False,1000,1000
22216,131,unweighted,10,0.4377985668789809,0,7,None,66,1,5,False,1000,1000
22217,132,unweighted,10,0.4402866242038216,0,7,None,66,1,5,False,1000,1000
22218,133,unweighted,10,0.4436703821656051,0,7,None,66,1,5,False,1000,1000
22219,134,unweighted,10,0.4456608280254777,0,7,None,66,1,5,False,1000,1000
22220,130,unweighted,10,0.4133160828025478,0,14,None,66,1,5,False,1000,1000
22221,131,unweighted,10,0.4149084394904458,0,14,None,66,1,5,False,1000,1000
22222,132,unweighted,10,0.416202229299363,0,14,None,66,1,5,False,1000,1000
22223,133,unweighted,10,0.4177945859872611,0,14,None,66,1,5,False,1000,1000
22224,134,unweighted,10,0.4190883757961783,0,14,None,66,1,5,False,1000,1000
22225,130,unweighted,10,0.4876592356687898,0,25,None,66,1,5,False,1000,1000
22226,131,unweighted,10,0.4939291401273885,0,25,None,66,1,5,False,1000,1000
22227,132,unweighted,10,0.5012937898089171,0,25,None,66,1,5,False,1000,1000
22228,133,unweighted,10,0.5086584394904459,0,25,None,66,1,5,False,1000,1000
22229,134,unweighted,10,0.5143312101910829,0,25,None,66,1,5,False,1000,1000
22230,130,unweighted,10,0.4868630573248407,0,10,None,66,1,5,False,1000,1000
22231,131,unweighted,10,0.4936305732484076,0,10,None,66,1,5,False,1000,1000
22232,132,unweighted,10,0.5007961783439491,0,10,None,66,1,5,False,1000,1000
22233,133,unweighted,10,0.5079617834394905,0,10,None,66,1,5,False,1000,1000
22234,134,unweighted,10,0.5138335987261147,0,10,None,66,1,5,False,1000,1000
22235,130,unweighted,10,0.4114251592356688,0,11,None,66,1,5,False,1000,1000
22236,131,unweighted,10,0.4131170382165605,0,11,None,66,1,5,False,1000,1000
22237,132,unweighted,10,0.4145103503184713,0,11,None,66,1,5,False,1000,1000
22238,133,unweighted,10,0.4160031847133758,0,11,None,66,1,5,False,1000,1000
22239,134,unweighted,10,0.4175955414012738,0,11,None,66,1,5,False,1000,1000
22240,130,unweighted,10,0.4489450636942675,0,15,None,66,1,5,False,1000,1000
22241,131,unweighted,10,0.450139331210191,0,15,None,66,1,5,False,1000,1000
22242,132,unweighted,10,0.4518312101910828,0,15,None,66,1,5,False,1000,1000
22243,133,unweighted,10,0.4535230891719745,0,15,None,66,1,5,False,1000,1000
22244,134,unweighted,10,0.4545183121019108,0,15,None,66,1,5,False,1000,1000
22245,130,unweighted,10,0.4352109872611465,0,4,None,66,1,5,False,1000,1000
22246,131,unweighted,10,0.433718152866242,0,4,None,66,1,5,False,1000,1000
22247,132,unweighted,10,0.4335191082802547,0,4,None,66,1,5,False,1000,1000
22248,133,unweighted,10,0.4334195859872611,0,4,None,66,1,5,False,1000,1000
22249,134,unweighted,10,0.4338176751592357,0,4,None,66,1,5,False,1000,1000
22250,130,unweighted,10,0.4209792993630573,0,28,None,66,1,5,False,1000,1000
22251,131,unweighted,10,0.4217754777070063,0,28,None,66,1,5,False,1000,1000
22252,132,unweighted,10,0.4225716560509554,0,28,None,66,1,5,False,1000,1000
22253,133,unweighted,10,0.4229697452229299,0,28,None,66,1,5,False,1000,1000
22254,134,unweighted,10,0.4235668789808917,0,28,None,66,1,5,False,1000,1000
22255,130,unweighted,10,0.4812898089171974,0,3,None,66,1,5,False,1000,1000
22256,131,unweighted,10,0.4854697452229299,0,3,None,66,1,5,False,1000,1000
22257,132,unweighted,10,0.4913415605095541,0,3,None,66,1,5,False,1000,1000
22258,133,unweighted,10,0.4984076433121019,0,3,None,66,1,5,False,1000,1000
22259,134,unweighted,10,0.5050756369426752,0,3,None,66,1,5,False,1000,1000
22260,130,unweighted,10,0.4854697452229299,0,9,None,66,1,5,False,1000,1000
22261,131,unweighted,10,0.4915406050955414,0,9,None,66,1,5,False,1000,1000
22262,132,unweighted,10,0.4955214968152866,0,9,None,66,1,5,False,1000,1000
22263,133,unweighted,10,0.5025875796178344,0,9,None,66,1,5,False,1000,1000
22264,134,unweighted,10,0.5093550955414012,0,9,None,66,1,5,False,1000,1000
22265,130,unweighted,10,0.472233280254777,0,29,None,66,1,5,False,1000,1000
22266,131,unweighted,10,0.4750199044585987,0,29,None,66,1,5,False,1000,1000
22267,132,unweighted,10,0.4792993630573248,0,29,None,66,1,5,False,1000,1000
22268,133,unweighted,10,0.4830812101910828,0,29,None,66,1,5,False,1000,1000
22269,134,unweighted,10,0.4866640127388535,0,29,None,66,1,5,False,1000,1000
22270,130,unweighted,10,0.4285429936305732,0,0,None,66,1,5,False,1000,1000
22271,131,unweighted,10,0.4340167197452229,0,0,None,66,1,5,False,1000,1000
22272,132,unweighted,10,0.4379976114649681,0,0,None,66,1,5,False,1000,1000
22273,133,unweighted,10,0.444765127388535,0,0,None,66,1,5,False,1000,1000
22274,134,unweighted,10,0.4505374203821656,0,0,None,66,1,5,False,1000,1000
22275,135,unweighted,10,0.4557125796178344,0,26,None,66,1,5,False,1000,1000
22276,136,unweighted,10,0.4590963375796178,0,26,None,66,1,5,False,1000,1000
22277,137,unweighted,10,0.462281050955414,0,26,None,66,1,5,False,1000,1000
22278,138,unweighted,10,0.4663614649681528,0,26,None,66,1,5,False,1000,1000
22279,139,unweighted,10,0.4717356687898089,0,26,None,66,1,5,False,1000,1000
22280,135,unweighted,10,0.440983280254777,0,1,None,66,1,5,False,1000,1000
22281,136,unweighted,10,0.4433718152866242,0,1,None,66,1,5,False,1000,1000
22282,137,unweighted,10,0.4469546178343949,0,1,None,66,1,5,False,1000,1000
22283,138,unweighted,10,0.4556130573248407,0,1,None,66,1,5,False,1000,1000
22284,139,unweighted,10,0.4727308917197452,0,1,None,66,1,5,False,1000,1000
22285,135,unweighted,10,0.4214769108280254,0,14,None,66,1,5,False,1000,1000
22286,136,unweighted,10,0.4219745222929936,0,14,None,66,1,5,False,1000,1000
22287,137,unweighted,10,0.4229697452229299,0,14,None,66,1,5,False,1000,1000
22288,138,unweighted,10,0.4238654458598726,0,14,None,66,1,5,False,1000,1000
22289,139,unweighted,10,0.4250597133757962,0,14,None,66,1,5,False,1000,1000
22290,135,unweighted,10,0.4516321656050955,0,22,None,66,1,5,False,1000,1000
22291,136,unweighted,10,0.4564092356687898,0,22,None,66,1,5,False,1000,1000
22292,137,unweighted,10,0.463077229299363,0,22,None,66,1,5,False,1000,1000
22293,138,unweighted,10,0.4691480891719745,0,22,None,66,1,5,False,1000,1000
22294,139,unweighted,10,0.4765127388535032,0,22,None,66,1,5,False,1000,1000
22295,135,unweighted,10,0.4933320063694267,0,32,None,66,1,5,False,1000,1000
22296,136,unweighted,10,0.4961186305732484,0,32,None,66,1,5,False,1000,1000
22297,137,unweighted,10,0.4985071656050955,0,32,None,66,1,5,False,1000,1000
22298,138,unweighted,10,0.5003980891719745,0,32,None,66,1,5,False,1000,1000
22299,139,unweighted,10,0.5022890127388535,0,32,None,66,1,5,False,1000,1000
22300,135,unweighted,10,0.4740246815286624,0,6,None,66,1,5,False,1000,1000
22301,136,unweighted,10,0.477906050955414,0,6,None,66,1,5,False,1000,1000
22302,137,unweighted,10,0.4810907643312102,0,6,None,66,1,5,False,1000,1000
22303,138,unweighted,10,0.4827826433121019,0,6,None,66,1,5,False,1000,1000
22304,139,unweighted,10,0.485171178343949,0,6,None,66,1,5,False,1000,1000
22305,135,unweighted,10,0.5006966560509554,0,2,None,66,1,5,False,1000,1000
22306,136,unweighted,10,0.5021894904458599,0,2,None,66,1,5,False,1000,1000
22307,137,unweighted,10,0.5039808917197452,0,2,None,66,1,5,False,1000,1000
22308,138,unweighted,10,0.5051751592356688,0,2,None,66,1,5,False,1000,1000
22309,139,unweighted,10,0.5060708598726115,0,2,None,66,1,5,False,1000,1000
22310,135,unweighted,10,0.5006966560509554,0,5,None,66,1,5,False,1000,1000
22311,136,unweighted,10,0.5066679936305732,0,5,None,66,1,5,False,1000,1000
22312,137,unweighted,10,0.5128383757961783,0,5,None,66,1,5,False,1000,1000
22313,138,unweighted,10,0.5204020700636943,0,5,None,66,1,5,False,1000,1000
22314,139,unweighted,10,0.5259753184713376,0,5,None,66,1,5,False,1000,1000
22315,135,unweighted,10,0.4555135350318471,0,7,None,66,1,5,False,1000,1000
22316,136,unweighted,10,0.4593949044585987,0,7,None,66,1,5,False,1000,1000
22317,137,unweighted,10,0.4624800955414013,0,7,None,66,1,5,False,1000,1000
22318,138,unweighted,10,0.4673566878980891,0,7,None,66,1,5,False,1000,1000
22319,139,unweighted,10,0.4713375796178344,0,7,None,66,1,5,False,1000,1000
22320,135,unweighted,10,0.4236664012738853,0,11,None,66,1,5,False,1000,1000
22321,136,unweighted,10,0.4269506369426751,0,11,None,66,1,5,False,1000,1000
22322,137,unweighted,10,0.4312300955414013,0,11,None,66,1,5,False,1000,1000
22323,138,unweighted,10,0.4369028662420382,0,11,None,66,1,5,False,1000,1000
22324,139,unweighted,10,0.4454617834394904,0,11,None,66,1,5,False,1000,1000
22325,135,unweighted,10,0.5186106687898089,0,10,None,66,1,5,False,1000,1000
22326,136,unweighted,10,0.5264729299363057,0,10,None,66,1,5,False,1000,1000
22327,137,unweighted,10,0.5315485668789809,0,10,None,66,1,5,False,1000,1000
22328,138,unweighted,10,0.5365246815286624,0,10,None,66,1,5,False,1000,1000
22329,139,unweighted,10,0.5424960191082803,0,10,None,66,1,5,False,1000,1000
22330,135,unweighted,10,0.4600915605095541,0,15,None,66,1,5,False,1000,1000
22331,136,unweighted,10,0.4606886942675159,0,15,None,66,1,5,False,1000,1000
22332,137,unweighted,10,0.4643710191082802,0,15,None,66,1,5,False,1000,1000
22333,138,unweighted,10,0.4653662420382166,0,15,None,66,1,5,False,1000,1000
22334,139,unweighted,10,0.4659633757961783,0,15,None,66,1,5,False,1000,1000
22335,135,unweighted,10,0.5509554140127388,0,17,None,66,1,5,False,1000,1000
22336,136,unweighted,10,0.5539410828025477,0,17,None,66,1,5,False,1000,1000
22337,137,unweighted,10,0.5584195859872612,0,17,None,66,1,5,False,1000,1000
22338,138,unweighted,10,0.5617038216560509,0,17,None,66,1,5,False,1000,1000
22339,139,unweighted,10,0.5632961783439491,0,17,None,66,1,5,False,1000,1000
22340,135,unweighted,10,0.487062101910828,0,20,None,66,1,5,False,1000,1000
22341,136,unweighted,10,0.4921377388535032,0,20,None,66,1,5,False,1000,1000
22342,137,unweighted,10,0.4983081210191082,0,20,None,66,1,5,False,1000,1000
22343,138,unweighted,10,0.5017914012738853,0,20,None,66,1,5,False,1000,1000
22344,139,unweighted,10,0.5061703821656051,0,20,None,66,1,5,False,1000,1000
22345,135,unweighted,10,0.5351313694267515,0,13,None,66,1,5,False,1000,1000
22346,136,unweighted,10,0.5342356687898089,0,13,None,66,1,5,False,1000,1000
22347,137,unweighted,10,0.5336385350318471,0,13,None,66,1,5,False,1000,1000
22348,138,unweighted,10,0.5345342356687898,0,13,None,66,1,5,False,1000,1000
22349,139,unweighted,10,0.5333399681528662,0,13,None,66,1,5,False,1000,1000
22350,135,unweighted,10,0.508359872611465,0,8,None,66,1,5,False,1000,1000
22351,136,unweighted,10,0.5095541401273885,0,8,None,66,1,5,False,1000,1000
22352,137,unweighted,10,0.5109474522292994,0,8,None,66,1,5,False,1000,1000
22353,138,unweighted,10,0.5115445859872612,0,8,None,66,1,5,False,1000,1000
22354,139,unweighted,10,0.5133359872611465,0,8,None,66,1,5,False,1000,1000
22355,135,unweighted,10,0.5119426751592356,0,16,None,66,1,5,False,1000,1000
22356,136,unweighted,10,0.5136345541401274,0,16,None,66,1,5,False,1000,1000
22357,137,unweighted,10,0.5142316878980892,0,16,None,66,1,5,False,1000,1000
22358,138,unweighted,10,0.5168192675159236,0,16,None,66,1,5,False,1000,1000
22359,139,unweighted,10,0.5207006369426752,0,16,None,66,1,5,False,1000,1000
22360,135,unweighted,10,0.504578025477707,0,18,None,66,1,5,False,1000,1000
22361,136,unweighted,10,0.5100517515923567,0,18,None,66,1,5,False,1000,1000
22362,137,unweighted,10,0.5149283439490446,0,18,None,66,1,5,False,1000,1000
22363,138,unweighted,10,0.5187101910828026,0,18,None,66,1,5,False,1000,1000
22364,139,unweighted,10,0.5213972929936306,0,18,None,66,1,5,False,1000,1000
22365,135,unweighted,10,0.5218949044585988,0,21,None,66,1,5,False,1000,1000
22366,136,unweighted,10,0.5334394904458599,0,21,None,66,1,5,False,1000,1000
22367,137,unweighted,10,0.5421974522292994,0,21,None,66,1,5,False,1000,1000
22368,138,unweighted,10,0.5469745222929936,0,21,None,66,1,5,False,1000,1000
22369,139,unweighted,10,0.5511544585987261,0,21,None,66,1,5,False,1000,1000
22370,135,unweighted,10,0.4792993630573248,0,19,None,66,1,5,False,1000,1000
22371,136,unweighted,10,0.487062101910828,0,19,None,66,1,5,False,1000,1000
22372,137,unweighted,10,0.4924363057324841,0,19,None,66,1,5,False,1000,1000
22373,138,unweighted,10,0.4949243630573248,0,19,None,66,1,5,False,1000,1000
22374,139,unweighted,10,0.4985071656050955,0,19,None,66,1,5,False,1000,1000
22375,135,unweighted,10,0.4593949044585987,0,23,None,66,1,5,False,1000,1000
22376,136,unweighted,10,0.4697452229299363,0,23,None,66,1,5,False,1000,1000
22377,137,unweighted,10,0.4831807324840764,0,23,None,66,1,5,False,1000,1000
22378,138,unweighted,10,0.4979100318471338,0,23,None,66,1,5,False,1000,1000
22379,139,unweighted,10,0.511046974522293,0,23,None,66,1,5,False,1000,1000
22380,135,unweighted,10,0.4394904458598726,0,4,None,66,1,5,False,1000,1000
22381,136,unweighted,10,0.4394904458598726,0,4,None,66,1,5,False,1000,1000
22382,137,unweighted,10,0.4394904458598726,0,4,None,66,1,5,False,1000,1000
22383,138,unweighted,10,0.4392914012738853,0,4,None,66,1,5,False,1000,1000
22384,139,unweighted,10,0.440187101910828,0,4,None,66,1,5,False,1000,1000
22385,135,unweighted,10,0.5330414012738853,0,27,None,66,1,5,False,1000,1000
22386,136,unweighted,10,0.5343351910828026,0,27,None,66,1,5,False,1000,1000
22387,137,unweighted,10,0.5356289808917197,0,27,None,66,1,5,False,1000,1000
22388,138,unweighted,10,0.5370222929936306,0,27,None,66,1,5,False,1000,1000
22389,139,unweighted,10,0.5380175159235668,0,27,None,66,1,5,False,1000,1000
22390,135,unweighted,10,0.5306528662420382,0,24,None,66,1,5,False,1000,1000
22391,136,unweighted,10,0.5344347133757962,0,24,None,66,1,5,False,1000,1000
22392,137,unweighted,10,0.5386146496815286,0,24,None,66,1,5,False,1000,1000
22393,138,unweighted,10,0.5415007961783439,0,24,None,66,1,5,False,1000,1000
22394,139,unweighted,10,0.5434912420382165,0,24,None,66,1,5,False,1000,1000
22395,135,unweighted,10,0.5233877388535032,0,30,None,66,1,5,False,1000,1000
22396,136,unweighted,10,0.5243829617834395,0,30,None,66,1,5,False,1000,1000
22397,137,unweighted,10,0.5244824840764332,0,30,None,66,1,5,False,1000,1000
22398,138,unweighted,10,0.5251791401273885,0,30,None,66,1,5,False,1000,1000
22399,139,unweighted,10,0.5262738853503185,0,30,None,66,1,5,False,1000,1000
22400,135,unweighted,10,0.5414012738853503,0,31,None,66,1,5,False,1000,1000
22401,136,unweighted,10,0.5452826433121019,0,31,None,66,1,5,False,1000,1000
22402,137,unweighted,10,0.5500597133757962,0,31,None,66,1,5,False,1000,1000
22403,138,unweighted,10,0.5545382165605095,0,31,None,66,1,5,False,1000,1000
22404,139,unweighted,10,0.5592157643312102,0,31,None,66,1,5,False,1000,1000
22405,135,unweighted,10,0.4587977707006369,0,0,None,66,1,5,False,1000,1000
22406,136,unweighted,10,0.4634753184713376,0,0,None,66,1,5,False,1000,1000
22407,137,unweighted,10,0.4692476114649681,0,0,None,66,1,5,False,1000,1000
22408,138,unweighted,10,0.4743232484076433,0,0,None,66,1,5,False,1000,1000
22409,139,unweighted,10,0.4817874203821656,0,0,None,66,1,5,False,1000,1000
22410,135,unweighted,10,0.4223726114649681,0,28,None,66,1,5,False,1000,1000
22411,136,unweighted,10,0.4235668789808917,0,28,None,66,1,5,False,1000,1000
22412,137,unweighted,10,0.4241640127388535,0,28,None,66,1,5,False,1000,1000
22413,138,unweighted,10,0.4246616242038216,0,28,None,66,1,5,False,1000,1000
22414,139,unweighted,10,0.4255573248407643,0,28,None,66,1,5,False,1000,1000
22415,135,unweighted,10,0.503781847133758,0,3,None,66,1,5,False,1000,1000
22416,136,unweighted,10,0.5060708598726115,0,3,None,66,1,5,False,1000,1000
22417,137,unweighted,10,0.5090565286624203,0,3,None,66,1,5,False,1000,1000
22418,138,unweighted,10,0.5114450636942676,0,3,None,66,1,5,False,1000,1000
22419,139,unweighted,10,0.5147292993630573,0,3,None,66,1,5,False,1000,1000
22420,135,unweighted,10,0.5021894904458599,0,29,None,66,1,5,False,1000,1000
22421,136,unweighted,10,0.5039808917197452,0,29,None,66,1,5,False,1000,1000
22422,137,unweighted,10,0.5073646496815286,0,29,None,66,1,5,False,1000,1000
22423,138,unweighted,10,0.5102507961783439,0,29,None,66,1,5,False,1000,1000
22424,139,unweighted,10,0.5132364649681529,0,29,None,66,1,5,False,1000,1000
22425,140,unweighted,10,0.5553343949044586,0,31,None,66,1,5,False,1000,1000
22426,141,unweighted,10,0.5591162420382165,0,31,None,66,1,5,False,1000,1000
22427,142,unweighted,10,0.5618033439490446,0,31,None,66,1,5,False,1000,1000
22428,143,unweighted,10,0.5637937898089171,0,31,None,66,1,5,False,1000,1000
22429,144,unweighted,10,0.5656847133757962,0,31,None,66,1,5,False,1000,1000
22430,140,unweighted,10,0.4980095541401274,0,19,None,66,1,5,False,1000,1000
22431,141,unweighted,10,0.4993033439490446,0,19,None,66,1,5,False,1000,1000
22432,142,unweighted,10,0.5012937898089171,0,19,None,66,1,5,False,1000,1000
22433,143,unweighted,10,0.5031847133757962,0,19,None,66,1,5,False,1000,1000
22434,144,unweighted,10,0.5049761146496815,0,19,None,66,1,5,False,1000,1000
22435,140,unweighted,10,0.5432921974522293,0,24,None,66,1,5,False,1000,1000
22436,141,unweighted,10,0.5442874203821656,0,24,None,66,1,5,False,1000,1000
22437,142,unweighted,10,0.5460788216560509,0,24,None,66,1,5,False,1000,1000
22438,143,unweighted,10,0.5483678343949044,0,24,None,66,1,5,False,1000,1000
22439,144,unweighted,10,0.5499601910828026,0,24,None,66,1,5,False,1000,1000
22440,135,unweighted,10,0.5108479299363057,0,9,None,66,1,5,False,1000,1000
22441,136,unweighted,10,0.520203025477707,0,9,None,66,1,5,False,1000,1000
22442,137,unweighted,10,0.5267714968152867,0,9,None,66,1,5,False,1000,1000
22443,138,unweighted,10,0.5341361464968153,0,9,None,66,1,5,False,1000,1000
22444,139,unweighted,10,0.5416003184713376,0,9,None,66,1,5,False,1000,1000
22445,135,unweighted,10,0.5138335987261147,0,25,None,66,1,5,False,1000,1000
22446,136,unweighted,10,0.5179140127388535,0,25,None,66,1,5,False,1000,1000
22447,137,unweighted,10,0.5193073248407644,0,25,None,66,1,5,False,1000,1000
22448,138,unweighted,10,0.5203025477707006,0,25,None,66,1,5,False,1000,1000
22449,139,unweighted,10,0.521297770700637,0,25,None,66,1,5,False,1000,1000
22450,135,unweighted,10,0.4789012738853503,0,12,None,66,1,5,False,1000,1000
22451,136,unweighted,10,0.4861664012738853,0,12,None,66,1,5,False,1000,1000
22452,137,unweighted,10,0.4942277070063694,0,12,None,66,1,5,False,1000,1000
22453,138,unweighted,10,0.5002985668789809,0,12,None,66,1,5,False,1000,1000
22454,139,unweighted,10,0.5075636942675159,0,12,None,66,1,5,False,1000,1000
22455,140,unweighted,10,0.4633757961783439,0,1,None,66,1,5,False,1000,1000
22456,141,unweighted,10,0.4798964968152866,0,1,None,66,1,5,False,1000,1000
22457,142,unweighted,10,0.4913415605095541,0,1,None,66,1,5,False,1000,1000
22458,143,unweighted,10,0.4999004777070063,0,1,None,66,1,5,False,1000,1000
22459,144,unweighted,10,0.5063694267515924,0,1,None,66,1,5,False,1000,1000
22460,140,unweighted,10,0.5136345541401274,0,8,None,66,1,5,False,1000,1000
22461,141,unweighted,10,0.5150278662420382,0,8,None,66,1,5,False,1000,1000
22462,142,unweighted,10,0.5155254777070064,0,8,None,66,1,5,False,1000,1000
22463,143,unweighted,10,0.5168192675159236,0,8,None,66,1,5,False,1000,1000
22464,144,unweighted,10,0.5174164012738853,0,8,None,66,1,5,False,1000,1000
22465,140,unweighted,10,0.5491640127388535,0,21,None,66,1,5,False,1000,1000
22466,141,unweighted,10,0.5526472929936306,0,21,None,66,1,5,False,1000,1000
22467,142,unweighted,10,0.5555334394904459,0,21,None,66,1,5,False,1000,1000
22468,143,unweighted,10,0.5569267515923567,0,21,None,66,1,5,False,1000,1000
22469,144,unweighted,10,0.5582205414012739,0,21,None,66,1,5,False,1000,1000
22470,140,unweighted,10,0.4947253184713376,0,23,None,66,1,5,False,1000,1000
22471,141,unweighted,10,0.5079617834394905,0,23,None,66,1,5,False,1000,1000
22472,142,unweighted,10,0.5191082802547771,0,23,None,66,1,5,False,1000,1000
22473,143,unweighted,10,0.5267714968152867,0,23,None,66,1,5,False,1000,1000
22474,144,unweighted,10,0.5318471337579618,0,23,None,66,1,5,False,1000,1000
22475,140,unweighted,10,0.5386146496815286,0,27,None,66,1,5,False,1000,1000
22476,141,unweighted,10,0.5401074840764332,0,27,None,66,1,5,False,1000,1000
22477,142,unweighted,10,0.5417993630573248,0,27,None,66,1,5,False,1000,1000
22478,143,unweighted,10,0.5447850318471338,0,27,None,66,1,5,False,1000,1000
22479,144,unweighted,10,0.5459792993630573,0,27,None,66,1,5,False,1000,1000
22480,140,unweighted,10,0.5090565286624203,0,2,None,66,1,5,False,1000,1000
22481,141,unweighted,10,0.5095541401273885,0,2,None,66,1,5,False,1000,1000
22482,142,unweighted,10,0.5108479299363057,0,2,None,66,1,5,False,1000,1000
22483,143,unweighted,10,0.5119426751592356,0,2,None,66,1,5,False,1000,1000
22484,144,unweighted,10,0.512937898089172,0,2,None,66,1,5,False,1000,1000
22485,140,unweighted,10,0.4736265923566879,0,15,None,66,1,5,False,1000,1000
22486,141,unweighted,10,0.4794984076433121,0,15,None,66,1,5,False,1000,1000
22487,142,unweighted,10,0.484375,0,15,None,66,1,5,False,1000,1000
22488,143,unweighted,10,0.4905453821656051,0,15,None,66,1,5,False,1000,1000
22489,144,unweighted,10,0.4990047770700637,0,15,None,66,1,5,False,1000,1000
22490,140,unweighted,10,0.5119426751592356,0,20,None,66,1,5,False,1000,1000
22491,141,unweighted,10,0.5159235668789809,0,20,None,66,1,5,False,1000,1000
22492,142,unweighted,10,0.5214968152866242,0,20,None,66,1,5,False,1000,1000
22493,143,unweighted,10,0.5254777070063694,0,20,None,66,1,5,False,1000,1000
22494,144,unweighted,10,0.5280652866242038,0,20,None,66,1,5,False,1000,1000
22495,140,unweighted,10,0.5319466560509554,0,18,None,66,1,5,False,1000,1000
22496,141,unweighted,10,0.5337380573248408,0,18,None,66,1,5,False,1000,1000
22497,142,unweighted,10,0.5357285031847133,0,18,None,66,1,5,False,1000,1000
22498,143,unweighted,10,0.5360270700636943,0,18,None,66,1,5,False,1000,1000
22499,144,unweighted,10,0.5355294585987261,0,18,None,66,1,5,False,1000,1000
22500,140,unweighted,10,0.4238654458598726,0,28,None,66,1,5,False,1000,1000
22501,141,unweighted,10,0.4251592356687898,0,28,None,66,1,5,False,1000,1000
22502,142,unweighted,10,0.426453025477707,0,28,None,66,1,5,False,1000,1000
22503,143,unweighted,10,0.4288415605095541,0,28,None,66,1,5,False,1000,1000
22504,144,unweighted,10,0.4311305732484076,0,28,None,66,1,5,False,1000,1000
22505,140,unweighted,10,0.5367237261146497,0,13,None,66,1,5,False,1000,1000
22506,141,unweighted,10,0.5359275477707006,0,13,None,66,1,5,False,1000,1000
22507,142,unweighted,10,0.5351313694267515,0,13,None,66,1,5,False,1000,1000
22508,143,unweighted,10,0.5337380573248408,0,13,None,66,1,5,False,1000,1000
22509,144,unweighted,10,0.5332404458598726,0,13,None,66,1,5,False,1000,1000
22510,140,unweighted,10,0.5326433121019108,0,5,None,66,1,5,False,1000,1000
22511,141,unweighted,10,0.5349323248407644,0,5,None,66,1,5,False,1000,1000
22512,142,unweighted,10,0.5364251592356688,0,5,None,66,1,5,False,1000,1000
22513,143,unweighted,10,0.5379179936305732,0,5,None,66,1,5,False,1000,1000
22514,144,unweighted,10,0.5380175159235668,0,5,None,66,1,5,False,1000,1000
22515,140,unweighted,10,0.4509355095541401,0,4,None,66,1,5,False,1000,1000
22516,141,unweighted,10,0.4533240445859872,0,4,None,66,1,5,False,1000,1000
22517,142,unweighted,10,0.4564092356687898,0,4,None,66,1,5,False,1000,1000
22518,143,unweighted,10,0.4632762738853503,0,4,None,66,1,5,False,1000,1000
22519,144,unweighted,10,0.469546178343949,0,4,None,66,1,5,False,1000,1000
22520,140,unweighted,10,0.533937101910828,0,30,None,66,1,5,False,1000,1000
22521,141,unweighted,10,0.5347332802547771,0,30,None,66,1,5,False,1000,1000
22522,142,unweighted,10,0.5365246815286624,0,30,None,66,1,5,False,1000,1000
22523,143,unweighted,10,0.5380175159235668,0,30,None,66,1,5,False,1000,1000
22524,144,unweighted,10,0.5414012738853503,0,30,None,66,1,5,False,1000,1000
22525,140,unweighted,10,0.4794984076433121,0,26,None,66,1,5,False,1000,1000
22526,141,unweighted,10,0.4860668789808917,0,26,None,66,1,5,False,1000,1000
22527,142,unweighted,10,0.4919386942675159,0,26,None,66,1,5,False,1000,1000
22528,143,unweighted,10,0.4967157643312102,0,26,None,66,1,5,False,1000,1000
22529,144,unweighted,10,0.5034832802547771,0,26,None,66,1,5,False,1000,1000
22530,140,unweighted,10,0.5103503184713376,0,12,None,66,1,5,False,1000,1000
22531,141,unweighted,10,0.5205015923566879,0,12,None,66,1,5,False,1000,1000
22532,142,unweighted,10,0.53015525477707,0,12,None,66,1,5,False,1000,1000
22533,143,unweighted,10,0.5376194267515924,0,12,None,66,1,5,False,1000,1000
22534,144,unweighted,10,0.5463773885350318,0,12,None,66,1,5,False,1000,1000
22535,140,unweighted,10,0.5251791401273885,0,16,None,66,1,5,False,1000,1000
22536,141,unweighted,10,0.5273686305732485,0,16,None,66,1,5,False,1000,1000
22537,142,unweighted,10,0.5288614649681529,0,16,None,66,1,5,False,1000,1000
22538,143,unweighted,10,0.5317476114649682,0,16,None,66,1,5,False,1000,1000
22539,144,unweighted,10,0.5356289808917197,0,16,None,66,1,5,False,1000,1000
22540,140,unweighted,10,0.4846735668789809,0,7,None,66,1,5,False,1000,1000
22541,141,unweighted,10,0.4886544585987261,0,7,None,66,1,5,False,1000,1000
22542,142,unweighted,10,0.4925358280254777,0,7,None,66,1,5,False,1000,1000
22543,143,unweighted,10,0.4984076433121019,0,7,None,66,1,5,False,1000,1000
22544,144,unweighted,10,0.5032842356687898,0,7,None,66,1,5,False,1000,1000
22545,140,unweighted,10,0.505672770700637,0,32,None,66,1,5,False,1000,1000
22546,141,unweighted,10,0.5074641719745223,0,32,None,66,1,5,False,1000,1000
22547,142,unweighted,10,0.509156050955414,0,32,None,66,1,5,False,1000,1000
22548,143,unweighted,10,0.5100517515923567,0,32,None,66,1,5,False,1000,1000
22549,144,unweighted,10,0.5101512738853503,0,32,None,66,1,5,False,1000,1000
22550,140,unweighted,10,0.4633757961783439,0,11,None,66,1,5,False,1000,1000
22551,141,unweighted,10,0.4704418789808917,0,11,None,66,1,5,False,1000,1000
22552,142,unweighted,10,0.4773089171974522,0,11,None,66,1,5,False,1000,1000
22553,143,unweighted,10,0.4833797770700637,0,11,None,66,1,5,False,1000,1000
22554,144,unweighted,10,0.4864649681528662,0,11,None,66,1,5,False,1000,1000
22555,140,unweighted,10,0.5476711783439491,0,10,None,66,1,5,False,1000,1000
22556,141,unweighted,10,0.548765923566879,0,10,None,66,1,5,False,1000,1000
22557,142,unweighted,10,0.5509554140127388,0,10,None,66,1,5,False,1000,1000
22558,143,unweighted,10,0.5527468152866242,0,10,None,66,1,5,False,1000,1000
22559,144,unweighted,10,0.5538415605095541,0,10,None,66,1,5,False,1000,1000
22560,140,unweighted,10,0.5671775477707006,0,17,None,66,1,5,False,1000,1000
22561,141,unweighted,10,0.568968949044586,0,17,None,66,1,5,False,1000,1000
22562,142,unweighted,10,0.5703622611464968,0,17,None,66,1,5,False,1000,1000
22563,143,unweighted,10,0.5706608280254777,0,17,None,66,1,5,False,1000,1000
22564,144,unweighted,10,0.571656050955414,0,17,None,66,1,5,False,1000,1000
22565,140,unweighted,10,0.5173168789808917,0,3,None,66,1,5,False,1000,1000
22566,141,unweighted,10,0.5402070063694268,0,3,None,66,1,5,False,1000,1000
22567,142,unweighted,10,0.5578224522292994,0,3,None,66,1,5,False,1000,1000
22568,143,unweighted,10,0.5642914012738853,0,3,None,66,1,5,False,1000,1000
22569,144,unweighted,10,0.5678742038216561,0,3,None,66,1,5,False,1000,1000
22570,140,unweighted,10,0.4868630573248407,0,0,None,66,1,5,False,1000,1000
22571,141,unweighted,10,0.4921377388535032,0,0,None,66,1,5,False,1000,1000
22572,142,unweighted,10,0.4959195859872611,0,0,None,66,1,5,False,1000,1000
22573,143,unweighted,10,0.4994028662420382,0,0,None,66,1,5,False,1000,1000
22574,144,unweighted,10,0.5017914012738853,0,0,None,66,1,5,False,1000,1000
22575,140,unweighted,10,0.5209992038216561,0,25,None,66,1,5,False,1000,1000
22576,141,unweighted,10,0.5225915605095541,0,25,None,66,1,5,False,1000,1000
22577,142,unweighted,10,0.5246815286624203,0,25,None,66,1,5,False,1000,1000
22578,143,unweighted,10,0.5261743630573248,0,25,None,66,1,5,False,1000,1000
22579,144,unweighted,10,0.5278662420382165,0,25,None,66,1,5,False,1000,1000
22580,140,unweighted,10,0.5309514331210191,0,29,None,66,1,5,False,1000,1000
22581,141,unweighted,10,0.5340366242038217,0,29,None,66,1,5,False,1000,1000
22582,142,unweighted,10,0.535828025477707,0,29,None,66,1,5,False,1000,1000
22583,143,unweighted,10,0.5366242038216561,0,29,None,66,1,5,False,1000,1000
22584,144,unweighted,10,0.5379179936305732,0,29,None,66,1,5,False,1000,1000
22585,140,unweighted,10,0.5048765923566879,0,6,None,66,1,5,False,1000,1000
22586,141,unweighted,10,0.5078622611464968,0,6,None,66,1,5,False,1000,1000
22587,142,unweighted,10,0.5100517515923567,0,6,None,66,1,5,False,1000,1000
22588,143,unweighted,10,0.5134355095541401,0,6,None,66,1,5,False,1000,1000
22589,144,unweighted,10,0.5157245222929936,0,6,None,66,1,5,False,1000,1000
22590,140,unweighted,10,0.548765923566879,0,9,None,66,1,5,False,1000,1000
22591,141,unweighted,10,0.553343949044586,0,9,None,66,1,5,False,1000,1000
22592,142,unweighted,10,0.5566281847133758,0,9,None,66,1,5,False,1000,1000
22593,143,unweighted,10,0.5588176751592356,0,9,None,66,1,5,False,1000,1000
22594,144,unweighted,10,0.5613057324840764,0,9,None,66,1,5,False,1000,1000
22595,140,unweighted,10,0.4252587579617834,0,14,None,66,1,5,False,1000,1000
22596,141,unweighted,10,0.4261544585987261,0,14,None,66,1,5,False,1000,1000
22597,142,unweighted,10,0.4267515923566879,0,14,None,66,1,5,False,1000,1000
22598,143,unweighted,10,0.4271496815286624,0,14,None,66,1,5,False,1000,1000
22599,144,unweighted,10,0.4280453821656051,0,14,None,66,1,5,False,1000,1000
22600,140,unweighted,10,0.4885549363057325,0,22,None,66,1,5,False,1000,1000
22601,141,unweighted,10,0.4969148089171974,0,22,None,66,1,5,False,1000,1000
22602,142,unweighted,10,0.5044785031847133,0,22,None,66,1,5,False,1000,1000
22603,143,unweighted,10,0.5116441082802548,0,22,None,66,1,5,False,1000,1000
22604,144,unweighted,10,0.5177149681528662,0,22,None,66,1,5,False,1000,1000
22605,145,unweighted,10,0.5499601910828026,0,24,None,66,1,5,False,1000,1000
22606,146,unweighted,10,0.5527468152866242,0,24,None,66,1,5,False,1000,1000
22607,147,unweighted,10,0.5551353503184714,0,24,None,66,1,5,False,1000,1000
22608,148,unweighted,10,0.5561305732484076,0,24,None,66,1,5,False,1000,1000
22609,149,unweighted,10,0.5576234076433121,0,24,None,66,1,5,False,1000,1000
22610,145,unweighted,10,0.5024880573248408,0,19,None,66,1,5,False,1000,1000
22611,146,unweighted,10,0.5052746815286624,0,19,None,66,1,5,False,1000,1000
22612,147,unweighted,10,0.506468949044586,0,19,None,66,1,5,False,1000,1000
22613,148,unweighted,10,0.5082603503184714,0,19,None,66,1,5,False,1000,1000
22614,149,unweighted,10,0.509156050955414,0,19,None,66,1,5,False,1000,1000
22615,145,unweighted,10,0.5619028662420382,0,31,None,66,1,5,False,1000,1000
22616,146,unweighted,10,0.5632961783439491,0,31,None,66,1,5,False,1000,1000
22617,147,unweighted,10,0.5654856687898089,0,31,None,66,1,5,False,1000,1000
22618,148,unweighted,10,0.5674761146496815,0,31,None,66,1,5,False,1000,1000
22619,149,unweighted,10,0.569765127388535,0,31,None,66,1,5,False,1000,1000
22620,145,unweighted,10,0.5427945859872612,0,16,None,66,1,5,False,1000,1000
22621,146,unweighted,10,0.54578025477707,0,16,None,66,1,5,False,1000,1000
22622,147,unweighted,10,0.5492635350318471,0,16,None,66,1,5,False,1000,1000
22623,148,unweighted,10,0.5504578025477707,0,16,None,66,1,5,False,1000,1000
22624,149,unweighted,10,0.5532444267515924,0,16,None,66,1,5,False,1000,1000
22625,145,unweighted,10,0.5109474522292994,0,26,None,66,1,5,False,1000,1000
22626,146,unweighted,10,0.5148288216560509,0,26,None,66,1,5,False,1000,1000
22627,147,unweighted,10,0.5178144904458599,0,26,None,66,1,5,False,1000,1000
22628,148,unweighted,10,0.5209992038216561,0,26,None,66,1,5,False,1000,1000
22629,149,unweighted,10,0.5223925159235668,0,26,None,66,1,5,False,1000,1000
22630,145,unweighted,10,0.5427945859872612,0,30,None,66,1,5,False,1000,1000
22631,146,unweighted,10,0.5446855095541401,0,30,None,66,1,5,False,1000,1000
22632,147,unweighted,10,0.5471735668789809,0,30,None,66,1,5,False,1000,1000
22633,148,unweighted,10,0.5496616242038217,0,30,None,66,1,5,False,1000,1000
22634,149,unweighted,10,0.5518511146496815,0,30,None,66,1,5,False,1000,1000
22635,145,unweighted,10,0.5035828025477707,0,1,None,66,1,5,False,1000,1000
22636,146,unweighted,10,0.5081608280254777,0,1,None,66,1,5,False,1000,1000
22637,147,unweighted,10,0.5132364649681529,0,1,None,66,1,5,False,1000,1000
22638,148,unweighted,10,0.5163216560509554,0,1,None,66,1,5,False,1000,1000
22639,149,unweighted,10,0.5185111464968153,0,1,None,66,1,5,False,1000,1000
22640,145,unweighted,10,0.5467754777070064,0,27,None,66,1,5,False,1000,1000
22641,146,unweighted,10,0.5490644904458599,0,27,None,66,1,5,False,1000,1000
22642,147,unweighted,10,0.5502587579617835,0,27,None,66,1,5,False,1000,1000
22643,148,unweighted,10,0.550656847133758,0,27,None,66,1,5,False,1000,1000
22644,149,unweighted,10,0.5530453821656051,0,27,None,66,1,5,False,1000,1000
22645,145,unweighted,10,0.5566281847133758,0,21,None,66,1,5,False,1000,1000
22646,146,unweighted,10,0.5584195859872612,0,21,None,66,1,5,False,1000,1000
22647,147,unweighted,10,0.5595143312101911,0,21,None,66,1,5,False,1000,1000
22648,148,unweighted,10,0.5615047770700637,0,21,None,66,1,5,False,1000,1000
22649,149,unweighted,10,0.5632961783439491,0,21,None,66,1,5,False,1000,1000
22650,145,unweighted,10,0.5277667197452229,0,25,None,66,1,5,False,1000,1000
22651,146,unweighted,10,0.5290605095541401,0,25,None,66,1,5,False,1000,1000
22652,147,unweighted,10,0.5305533439490446,0,25,None,66,1,5,False,1000,1000
22653,148,unweighted,10,0.5316480891719745,0,25,None,66,1,5,False,1000,1000
22654,149,unweighted,10,0.5325437898089171,0,25,None,66,1,5,False,1000,1000
22655,145,unweighted,10,0.5390127388535032,0,5,None,66,1,5,False,1000,1000
22656,146,unweighted,10,0.5403065286624203,0,5,None,66,1,5,False,1000,1000
22657,147,unweighted,10,0.5420979299363057,0,5,None,66,1,5,False,1000,1000
22658,148,unweighted,10,0.5435907643312102,0,5,None,66,1,5,False,1000,1000
22659,149,unweighted,10,0.5454816878980892,0,5,None,66,1,5,False,1000,1000
22660,145,unweighted,10,0.515625,0,2,None,66,1,5,False,1000,1000
22661,146,unweighted,10,0.5168192675159236,0,2,None,66,1,5,False,1000,1000
22662,147,unweighted,10,0.5179140127388535,0,2,None,66,1,5,False,1000,1000
22663,148,unweighted,10,0.5186106687898089,0,2,None,66,1,5,False,1000,1000
22664,149,unweighted,10,0.5185111464968153,0,2,None,66,1,5,False,1000,1000
22665,145,unweighted,10,0.5122412420382165,0,7,None,66,1,5,False,1000,1000
22666,146,unweighted,10,0.5140326433121019,0,7,None,66,1,5,False,1000,1000
22667,147,unweighted,10,0.518312101910828,0,7,None,66,1,5,False,1000,1000
22668,148,unweighted,10,0.5197054140127388,0,7,None,66,1,5,False,1000,1000
22669,149,unweighted,10,0.5210987261146497,0,7,None,66,1,5,False,1000,1000
22670,145,unweighted,10,0.5207006369426752,0,15,None,66,1,5,False,1000,1000
22671,146,unweighted,10,0.5253781847133758,0,15,None,66,1,5,False,1000,1000
22672,147,unweighted,10,0.5324442675159236,0,15,None,66,1,5,False,1000,1000
22673,148,unweighted,10,0.5366242038216561,0,15,None,66,1,5,False,1000,1000
22674,149,unweighted,10,0.5399084394904459,0,15,None,66,1,5,False,1000,1000
22675,145,unweighted,10,0.5402070063694268,0,18,None,66,1,5,False,1000,1000
22676,146,unweighted,10,0.5413017515923567,0,18,None,66,1,5,False,1000,1000
22677,147,unweighted,10,0.5417993630573248,0,18,None,66,1,5,False,1000,1000
22678,148,unweighted,10,0.5410031847133758,0,18,None,66,1,5,False,1000,1000
22679,149,unweighted,10,0.5406050955414012,0,18,None,66,1,5,False,1000,1000
22680,145,unweighted,10,0.4285429936305732,0,28,None,66,1,5,False,1000,1000
22681,146,unweighted,10,0.4286425159235669,0,28,None,66,1,5,False,1000,1000
22682,147,unweighted,10,0.4315286624203822,0,28,None,66,1,5,False,1000,1000
22683,148,unweighted,10,0.4340167197452229,0,28,None,66,1,5,False,1000,1000
22684,149,unweighted,10,0.4368033439490446,0,28,None,66,1,5,False,1000,1000
22685,145,unweighted,10,0.5456807324840764,0,29,None,66,1,5,False,1000,1000
22686,146,unweighted,10,0.54578025477707,0,29,None,66,1,5,False,1000,1000
22687,147,unweighted,10,0.5467754777070064,0,29,None,66,1,5,False,1000,1000
22688,148,unweighted,10,0.54796974522293,0,29,None,66,1,5,False,1000,1000
22689,149,unweighted,10,0.5475716560509554,0,29,None,66,1,5,False,1000,1000
22690,145,unweighted,10,0.5734474522292994,0,17,None,66,1,5,False,1000,1000
22691,146,unweighted,10,0.5739450636942676,0,17,None,66,1,5,False,1000,1000
22692,147,unweighted,10,0.5756369426751592,0,17,None,66,1,5,False,1000,1000
22693,148,unweighted,10,0.5763335987261147,0,17,None,66,1,5,False,1000,1000
22694,149,unweighted,10,0.5773288216560509,0,17,None,66,1,5,False,1000,1000
22695,145,unweighted,10,0.4925358280254777,0,11,None,66,1,5,False,1000,1000
22696,146,unweighted,10,0.4949243630573248,0,11,None,66,1,5,False,1000,1000
22697,147,unweighted,10,0.4958200636942675,0,11,None,66,1,5,False,1000,1000
22698,148,unweighted,10,0.4978105095541401,0,11,None,66,1,5,False,1000,1000
22699,149,unweighted,10,0.4994028662420382,0,11,None,66,1,5,False,1000,1000
22700,145,unweighted,10,0.5380175159235668,0,13,None,66,1,5,False,1000,1000
22701,146,unweighted,10,0.5362261146496815,0,13,None,66,1,5,False,1000,1000
22702,147,unweighted,10,0.5357285031847133,0,13,None,66,1,5,False,1000,1000
22703,148,unweighted,10,0.5349323248407644,0,13,None,66,1,5,False,1000,1000
22704,149,unweighted,10,0.5348328025477707,0,13,None,66,1,5,False,1000,1000
22705,145,unweighted,10,0.5462778662420382,0,12,None,66,1,5,False,1000,1000
22706,146,unweighted,10,0.552547770700637,0,12,None,66,1,5,False,1000,1000
22707,147,unweighted,10,0.5575238853503185,0,12,None,66,1,5,False,1000,1000
22708,148,unweighted,10,0.5616042993630573,0,12,None,66,1,5,False,1000,1000
22709,149,unweighted,10,0.5654856687898089,0,12,None,66,1,5,False,1000,1000
22710,145,unweighted,10,0.5673765923566879,0,3,None,66,1,5,False,1000,1000
22711,146,unweighted,10,0.569765127388535,0,3,None,66,1,5,False,1000,1000
22712,147,unweighted,10,0.5725517515923567,0,3,None,66,1,5,False,1000,1000
22713,148,unweighted,10,0.5725517515923567,0,3,None,66,1,5,False,1000,1000
22714,149,unweighted,10,0.5736464968152867,0,3,None,66,1,5,False,1000,1000
22715,145,unweighted,10,0.4828821656050955,0,4,None,66,1,5,False,1000,1000
22716,146,unweighted,10,0.4887539808917197,0,4,None,66,1,5,False,1000,1000
22717,147,unweighted,10,0.4926353503184713,0,4,None,66,1,5,False,1000,1000
22718,148,unweighted,10,0.4986066878980891,0,4,None,66,1,5,False,1000,1000
22719,149,unweighted,10,0.5031847133757962,0,4,None,66,1,5,False,1000,1000
22720,145,unweighted,10,0.5042794585987261,0,0,None,66,1,5,False,1000,1000
22721,146,unweighted,10,0.5068670382165605,0,0,None,66,1,5,False,1000,1000
22722,147,unweighted,10,0.508359872611465,0,0,None,66,1,5,False,1000,1000
22723,148,unweighted,10,0.5095541401273885,0,0,None,66,1,5,False,1000,1000
22724,149,unweighted,10,0.511843152866242,0,0,None,66,1,5,False,1000,1000
22725,145,unweighted,10,0.5179140127388535,0,8,None,66,1,5,False,1000,1000
22726,146,unweighted,10,0.5198049363057324,0,8,None,66,1,5,False,1000,1000
22727,147,unweighted,10,0.5208996815286624,0,8,None,66,1,5,False,1000,1000
22728,148,unweighted,10,0.5217953821656051,0,8,None,66,1,5,False,1000,1000
22729,149,unweighted,10,0.5233877388535032,0,8,None,66,1,5,False,1000,1000
22730,145,unweighted,10,0.5582205414012739,0,10,None,66,1,5,False,1000,1000
22731,146,unweighted,10,0.5590167197452229,0,10,None,66,1,5,False,1000,1000
22732,147,unweighted,10,0.5609076433121019,0,10,None,66,1,5,False,1000,1000
22733,148,unweighted,10,0.5613057324840764,0,10,None,66,1,5,False,1000,1000
22734,149,unweighted,10,0.5616042993630573,0,10,None,66,1,5,False,1000,1000
22735,145,unweighted,10,0.5330414012738853,0,20,None,66,1,5,False,1000,1000
22736,146,unweighted,10,0.5341361464968153,0,20,None,66,1,5,False,1000,1000
22737,147,unweighted,10,0.5379179936305732,0,20,None,66,1,5,False,1000,1000
22738,148,unweighted,10,0.5400079617834395,0,20,None,66,1,5,False,1000,1000
22739,149,unweighted,10,0.5408041401273885,0,20,None,66,1,5,False,1000,1000
22740,145,unweighted,10,0.5210987261146497,0,23,None,66,1,5,False,1000,1000
22741,146,unweighted,10,0.5284633757961783,0,23,None,66,1,5,False,1000,1000
22742,147,unweighted,10,0.5343351910828026,0,23,None,66,1,5,False,1000,1000
22743,148,unweighted,10,0.5382165605095541,0,23,None,66,1,5,False,1000,1000
22744,149,unweighted,10,0.5408041401273885,0,23,None,66,1,5,False,1000,1000
22745,145,unweighted,10,0.5130374203821656,0,32,None,66,1,5,False,1000,1000
22746,146,unweighted,10,0.5131369426751592,0,32,None,66,1,5,False,1000,1000
22747,147,unweighted,10,0.512937898089172,0,32,None,66,1,5,False,1000,1000
22748,148,unweighted,10,0.5130374203821656,0,32,None,66,1,5,False,1000,1000
22749,149,unweighted,10,0.5144307324840764,0,32,None,66,1,5,False,1000,1000
22750,145,unweighted,10,0.5617038216560509,0,9,None,66,1,5,False,1000,1000
22751,146,unweighted,10,0.56359474522293,0,9,None,66,1,5,False,1000,1000
22752,147,unweighted,10,0.5647890127388535,0,9,None,66,1,5,False,1000,1000
22753,148,unweighted,10,0.5660828025477707,0,9,None,66,1,5,False,1000,1000
22754,149,unweighted,10,0.5672770700636943,0,9,None,66,1,5,False,1000,1000
22755,145,unweighted,10,0.5370222929936306,0,6,None,66,1,5,False,1000,1000
22756,146,unweighted,10,0.5391122611464968,0,6,None,66,1,5,False,1000,1000
22757,147,unweighted,10,0.5409036624203821,0,6,None,66,1,5,False,1000,1000
22758,148,unweighted,10,0.5424960191082803,0,6,None,66,1,5,False,1000,1000
22759,149,unweighted,10,0.5438893312101911,0,6,None,66,1,5,False,1000,1000
22760,145,unweighted,10,0.4299363057324841,0,14,None,66,1,5,False,1000,1000
22761,146,unweighted,10,0.4312300955414013,0,14,None,66,1,5,False,1000,1000
22762,147,unweighted,10,0.4323248407643312,0,14,None,66,1,5,False,1000,1000
22763,148,unweighted,10,0.4335191082802547,0,14,None,66,1,5,False,1000,1000
22764,149,unweighted,10,0.4357085987261146,0,14,None,66,1,5,False,1000,1000
22765,145,unweighted,10,0.5279657643312102,0,22,None,66,1,5,False,1000,1000
22766,146,unweighted,10,0.529359076433121,0,22,None,66,1,5,False,1000,1000
22767,147,unweighted,10,0.5325437898089171,0,22,None,66,1,5,False,1000,1000
22768,148,unweighted,10,0.535031847133758,0,22,None,66,1,5,False,1000,1000
22769,149,unweighted,10,0.5357285031847133,0,22,None,66,1,5,False,1000,1000
22770,150,unweighted,10,0.5164211783439491,0,1,None,66,1,5,False,1000,1000
22771,151,unweighted,10,0.5191082802547771,0,1,None,66,1,5,False,1000,1000
22772,152,unweighted,10,0.5205015923566879,0,1,None,66,1,5,False,1000,1000
22773,153,unweighted,10,0.5229896496815286,0,1,None,66,1,5,False,1000,1000
22774,154,unweighted,10,0.5245820063694268,0,1,None,66,1,5,False,1000,1000
22775,150,unweighted,10,0.5206011146496815,0,2,None,66,1,5,False,1000,1000
22776,151,unweighted,10,0.5205015923566879,0,2,None,66,1,5,False,1000,1000
22777,152,unweighted,10,0.5205015923566879,0,2,None,66,1,5,False,1000,1000
22778,153,unweighted,10,0.5208996815286624,0,2,None,66,1,5,False,1000,1000
22779,154,unweighted,10,0.5213972929936306,0,2,None,66,1,5,False,1000,1000
22780,150,unweighted,10,0.4307324840764331,0,28,None,66,1,5,False,1000,1000
22781,151,unweighted,10,0.434514331210191,0,28,None,66,1,5,False,1000,1000
22782,152,unweighted,10,0.4375,0,28,None,66,1,5,False,1000,1000
22783,153,unweighted,10,0.4403861464968153,0,28,None,66,1,5,False,1000,1000
22784,154,unweighted,10,0.4441679936305732,0,28,None,66,1,5,False,1000,1000
22785,150,unweighted,10,0.5401074840764332,0,20,None,66,1,5,False,1000,1000
22786,151,unweighted,10,0.5419984076433121,0,20,None,66,1,5,False,1000,1000
22787,152,unweighted,10,0.5434912420382165,0,20,None,66,1,5,False,1000,1000
22788,153,unweighted,10,0.5456807324840764,0,20,None,66,1,5,False,1000,1000
22789,154,unweighted,10,0.5463773885350318,0,20,None,66,1,5,False,1000,1000
22790,150,unweighted,10,0.535031847133758,0,23,None,66,1,5,False,1000,1000
22791,151,unweighted,10,0.5392117834394905,0,23,None,66,1,5,False,1000,1000
22792,152,unweighted,10,0.542296974522293,0,23,None,66,1,5,False,1000,1000
22793,153,unweighted,10,0.544984076433121,0,23,None,66,1,5,False,1000,1000
22794,154,unweighted,10,0.5494625796178344,0,23,None,66,1,5,False,1000,1000
22795,150,unweighted,10,0.5653861464968153,0,31,None,66,1,5,False,1000,1000
22796,151,unweighted,10,0.5672770700636943,0,31,None,66,1,5,False,1000,1000
22797,152,unweighted,10,0.5693670382165605,0,31,None,66,1,5,False,1000,1000
22798,153,unweighted,10,0.570859872611465,0,31,None,66,1,5,False,1000,1000
22799,154,unweighted,10,0.572452229299363,0,31,None,66,1,5,False,1000,1000
22800,150,unweighted,10,0.5538415605095541,0,29,None,66,1,5,False,1000,1000
22801,151,unweighted,10,0.5532444267515924,0,29,None,66,1,5,False,1000,1000
22802,152,unweighted,10,0.5539410828025477,0,29,None,66,1,5,False,1000,1000
22803,153,unweighted,10,0.5549363057324841,0,29,None,66,1,5,False,1000,1000
22804,154,unweighted,10,0.5548367834394905,0,29,None,66,1,5,False,1000,1000
22805,150,unweighted,10,0.5466759554140127,0,18,None,66,1,5,False,1000,1000
22806,151,unweighted,10,0.5461783439490446,0,18,None,66,1,5,False,1000,1000
22807,152,unweighted,10,0.5470740445859873,0,18,None,66,1,5,False,1000,1000
22808,153,unweighted,10,0.5464769108280255,0,18,None,66,1,5,False,1000,1000
22809,154,unweighted,10,0.5461783439490446,0,18,None,66,1,5,False,1000,1000
22810,150,unweighted,10,0.5250796178343949,0,8,None,66,1,5,False,1000,1000
22811,151,unweighted,10,0.5273686305732485,0,8,None,66,1,5,False,1000,1000
22812,152,unweighted,10,0.5284633757961783,0,8,None,66,1,5,False,1000,1000
22813,153,unweighted,10,0.5288614649681529,0,8,None,66,1,5,False,1000,1000
22814,154,unweighted,10,0.5303542993630573,0,8,None,66,1,5,False,1000,1000
22815,150,unweighted,10,0.5061703821656051,0,19,None,66,1,5,False,1000,1000
22816,151,unweighted,10,0.5078622611464968,0,19,None,66,1,5,False,1000,1000
22817,152,unweighted,10,0.509952229299363,0,19,None,66,1,5,False,1000,1000
22818,153,unweighted,10,0.5119426751592356,0,19,None,66,1,5,False,1000,1000
22819,154,unweighted,10,0.513734076433121,0,19,None,66,1,5,False,1000,1000
22820,150,unweighted,10,0.5478702229299363,0,15,None,66,1,5,False,1000,1000
22821,151,unweighted,10,0.5482683121019108,0,15,None,66,1,5,False,1000,1000
22822,152,unweighted,10,0.5502587579617835,0,15,None,66,1,5,False,1000,1000
22823,153,unweighted,10,0.5511544585987261,0,15,None,66,1,5,False,1000,1000
22824,154,unweighted,10,0.5516520700636943,0,15,None,66,1,5,False,1000,1000
22825,150,unweighted,10,0.5566281847133758,0,16,None,66,1,5,False,1000,1000
22826,151,unweighted,10,0.5584195859872612,0,16,None,66,1,5,False,1000,1000
22827,152,unweighted,10,0.5630971337579618,0,16,None,66,1,5,False,1000,1000
22828,153,unweighted,10,0.5706608280254777,0,16,None,66,1,5,False,1000,1000
22829,154,unweighted,10,0.57921974522293,0,16,None,66,1,5,False,1000,1000
22830,150,unweighted,10,0.5399084394904459,0,22,None,66,1,5,False,1000,1000
22831,151,unweighted,10,0.5401074840764332,0,22,None,66,1,5,False,1000,1000
22832,152,unweighted,10,0.5411027070063694,0,22,None,66,1,5,False,1000,1000
22833,153,unweighted,10,0.5414012738853503,0,22,None,66,1,5,False,1000,1000
22834,154,unweighted,10,0.5406050955414012,0,22,None,66,1,5,False,1000,1000
22835,150,unweighted,10,0.5663813694267515,0,9,None,66,1,5,False,1000,1000
22836,151,unweighted,10,0.5684713375796179,0,9,None,66,1,5,False,1000,1000
22837,152,unweighted,10,0.569765127388535,0,9,None,66,1,5,False,1000,1000
22838,153,unweighted,10,0.5704617834394905,0,9,None,66,1,5,False,1000,1000
22839,154,unweighted,10,0.5706608280254777,0,9,None,66,1,5,False,1000,1000
22840,150,unweighted,10,0.4440684713375796,0,14,None,66,1,5,False,1000,1000
22841,151,unweighted,10,0.4526273885350318,0,14,None,66,1,5,False,1000,1000
22842,152,unweighted,10,0.4647691082802547,0,14,None,66,1,5,False,1000,1000
22843,153,unweighted,10,0.4731289808917197,0,14,None,66,1,5,False,1000,1000
22844,154,unweighted,10,0.4796974522292994,0,14,None,66,1,5,False,1000,1000
22845,150,unweighted,10,0.537718949044586,0,13,None,66,1,5,False,1000,1000
22846,151,unweighted,10,0.5373208598726115,0,13,None,66,1,5,False,1000,1000
22847,152,unweighted,10,0.5374203821656051,0,13,None,66,1,5,False,1000,1000
22848,153,unweighted,10,0.5371218152866242,0,13,None,66,1,5,False,1000,1000
22849,154,unweighted,10,0.5372213375796179,0,13,None,66,1,5,False,1000,1000
22850,150,unweighted,10,0.5612062101910829,0,12,None,66,1,5,False,1000,1000
22851,151,unweighted,10,0.5646894904458599,0,12,None,66,1,5,False,1000,1000
22852,152,unweighted,10,0.5674761146496815,0,12,None,66,1,5,False,1000,1000
22853,153,unweighted,10,0.5693670382165605,0,12,None,66,1,5,False,1000,1000
22854,154,unweighted,10,0.5718550955414012,0,12,None,66,1,5,False,1000,1000
22855,150,unweighted,10,0.5272691082802548,0,26,None,66,1,5,False,1000,1000
22856,151,unweighted,10,0.5288614649681529,0,26,None,66,1,5,False,1000,1000
22857,152,unweighted,10,0.5297571656050956,0,26,None,66,1,5,False,1000,1000
22858,153,unweighted,10,0.5308519108280255,0,26,None,66,1,5,False,1000,1000
22859,154,unweighted,10,0.5330414012738853,0,26,None,66,1,5,False,1000,1000
22860,150,unweighted,10,0.5325437898089171,0,25,None,66,1,5,False,1000,1000
22861,151,unweighted,10,0.5329418789808917,0,25,None,66,1,5,False,1000,1000
22862,152,unweighted,10,0.5337380573248408,0,25,None,66,1,5,False,1000,1000
22863,153,unweighted,10,0.5349323248407644,0,25,None,66,1,5,False,1000,1000
22864,154,unweighted,10,0.5361265923566879,0,25,None,66,1,5,False,1000,1000
22865,150,unweighted,10,0.5522492038216561,0,30,None,66,1,5,False,1000,1000
22866,151,unweighted,10,0.5540406050955414,0,30,None,66,1,5,False,1000,1000
22867,152,unweighted,10,0.5556329617834395,0,30,None,66,1,5,False,1000,1000
22868,153,unweighted,10,0.5574243630573248,0,30,None,66,1,5,False,1000,1000
22869,154,unweighted,10,0.5590167197452229,0,30,None,66,1,5,False,1000,1000
22870,150,unweighted,10,0.5620023885350318,0,21,None,66,1,5,False,1000,1000
22871,151,unweighted,10,0.5637937898089171,0,21,None,66,1,5,False,1000,1000
22872,152,unweighted,10,0.5656847133757962,0,21,None,66,1,5,False,1000,1000
22873,153,unweighted,10,0.5678742038216561,0,21,None,66,1,5,False,1000,1000
22874,154,unweighted,10,0.5687699044585988,0,21,None,66,1,5,False,1000,1000
22875,150,unweighted,10,0.5562300955414012,0,24,None,66,1,5,False,1000,1000
22876,151,unweighted,10,0.5596138535031847,0,24,None,66,1,5,False,1000,1000
22877,152,unweighted,10,0.5618033439490446,0,24,None,66,1,5,False,1000,1000
22878,153,unweighted,10,0.5641918789808917,0,24,None,66,1,5,False,1000,1000
22879,154,unweighted,10,0.5659832802547771,0,24,None,66,1,5,False,1000,1000
22880,150,unweighted,10,0.5522492038216561,0,27,None,66,1,5,False,1000,1000
22881,151,unweighted,10,0.554140127388535,0,27,None,66,1,5,False,1000,1000
22882,152,unweighted,10,0.5554339171974523,0,27,None,66,1,5,False,1000,1000
22883,153,unweighted,10,0.556827229299363,0,27,None,66,1,5,False,1000,1000
22884,154,unweighted,10,0.5576234076433121,0,27,None,66,1,5,False,1000,1000
22885,150,unweighted,10,0.5077627388535032,0,4,None,66,1,5,False,1000,1000
22886,151,unweighted,10,0.5109474522292994,0,4,None,66,1,5,False,1000,1000
22887,152,unweighted,10,0.5147292993630573,0,4,None,66,1,5,False,1000,1000
22888,153,unweighted,10,0.5173168789808917,0,4,None,66,1,5,False,1000,1000
22889,154,unweighted,10,0.5203025477707006,0,4,None,66,1,5,False,1000,1000
22890,150,unweighted,10,0.5273686305732485,0,7,None,66,1,5,False,1000,1000
22891,151,unweighted,10,0.5282643312101911,0,7,None,66,1,5,False,1000,1000
22892,152,unweighted,10,0.5294585987261147,0,7,None,66,1,5,False,1000,1000
22893,153,unweighted,10,0.5303542993630573,0,7,None,66,1,5,False,1000,1000
22894,154,unweighted,10,0.5326433121019108,0,7,None,66,1,5,False,1000,1000
22895,150,unweighted,10,0.5166202229299363,0,32,None,66,1,5,False,1000,1000
22896,151,unweighted,10,0.5163216560509554,0,32,None,66,1,5,False,1000,1000
22897,152,unweighted,10,0.5302547770700637,0,32,None,66,1,5,False,1000,1000
22898,153,unweighted,10,0.5476711783439491,0,32,None,66,1,5,False,1000,1000
22899,154,unweighted,10,0.5577229299363057,0,32,None,66,1,5,False,1000,1000
22900,150,unweighted,10,0.5003980891719745,0,11,None,66,1,5,False,1000,1000
22901,151,unweighted,10,0.5015923566878981,0,11,None,66,1,5,False,1000,1000
22902,152,unweighted,10,0.5021894904458599,0,11,None,66,1,5,False,1000,1000
22903,153,unweighted,10,0.5039808917197452,0,11,None,66,1,5,False,1000,1000
22904,154,unweighted,10,0.5041799363057324,0,11,None,66,1,5,False,1000,1000
22905,150,unweighted,10,0.5638933121019108,0,10,None,66,1,5,False,1000,1000
22906,151,unweighted,10,0.5646894904458599,0,10,None,66,1,5,False,1000,1000
22907,152,unweighted,10,0.5656847133757962,0,10,None,66,1,5,False,1000,1000
22908,153,unweighted,10,0.567078025477707,0,10,None,66,1,5,False,1000,1000
22909,154,unweighted,10,0.5690684713375797,0,10,None,66,1,5,False,1000,1000
22910,150,unweighted,10,0.5794187898089171,0,17,None,66,1,5,False,1000,1000
22911,151,unweighted,10,0.5793192675159236,0,17,None,66,1,5,False,1000,1000
22912,152,unweighted,10,0.5796178343949044,0,17,None,66,1,5,False,1000,1000
22913,153,unweighted,10,0.5812101910828026,0,17,None,66,1,5,False,1000,1000
22914,154,unweighted,10,0.5826035031847133,0,17,None,66,1,5,False,1000,1000
22915,150,unweighted,10,0.573546974522293,0,3,None,66,1,5,False,1000,1000
22916,151,unweighted,10,0.574343152866242,0,3,None,66,1,5,False,1000,1000
22917,152,unweighted,10,0.5748407643312102,0,3,None,66,1,5,False,1000,1000
22918,153,unweighted,10,0.5750398089171974,0,3,None,66,1,5,False,1000,1000
22919,154,unweighted,10,0.5752388535031847,0,3,None,66,1,5,False,1000,1000
22920,150,unweighted,10,0.5458797770700637,0,5,None,66,1,5,False,1000,1000
22921,151,unweighted,10,0.5469745222929936,0,5,None,66,1,5,False,1000,1000
22922,152,unweighted,10,0.54796974522293,0,5,None,66,1,5,False,1000,1000
22923,153,unweighted,10,0.5491640127388535,0,5,None,66,1,5,False,1000,1000
22924,154,unweighted,10,0.5504578025477707,0,5,None,66,1,5,False,1000,1000
22925,150,unweighted,10,0.5517515923566879,0,6,None,66,1,5,False,1000,1000
22926,151,unweighted,10,0.5521496815286624,0,6,None,66,1,5,False,1000,1000
22927,152,unweighted,10,0.5524482484076433,0,6,None,66,1,5,False,1000,1000
22928,153,unweighted,10,0.5529458598726115,0,6,None,66,1,5,False,1000,1000
22929,154,unweighted,10,0.5536425159235668,0,6,None,66,1,5,False,1000,1000
22930,150,unweighted,10,0.5122412420382165,0,0,None,66,1,5,False,1000,1000
22931,151,unweighted,10,0.5150278662420382,0,0,None,66,1,5,False,1000,1000
22932,152,unweighted,10,0.5160230891719745,0,0,None,66,1,5,False,1000,1000
22933,153,unweighted,10,0.5157245222929936,0,0,None,66,1,5,False,1000,1000
22934,154,unweighted,10,0.5171178343949044,0,0,None,66,1,5,False,1000,1000
24750,155,unweighted,10,0.5237858280254777,0,1,None,66,1,5,False,1000,1000
24751,156,unweighted,10,0.5261743630573248,0,1,None,66,1,5,False,1000,1000
24752,157,unweighted,10,0.5280652866242038,0,1,None,66,1,5,False,1000,1000
24753,158,unweighted,10,0.5296576433121019,0,1,None,66,1,5,False,1000,1000
24754,159,unweighted,10,0.5308519108280255,0,1,None,66,1,5,False,1000,1000
24755,155,unweighted,10,0.5416998407643312,0,13,None,66,1,5,False,1000,1000
24756,156,unweighted,10,0.5420979299363057,0,13,None,66,1,5,False,1000,1000
24757,157,unweighted,10,0.541202229299363,0,13,None,66,1,5,False,1000,1000
24758,158,unweighted,10,0.5413017515923567,0,13,None,66,1,5,False,1000,1000
24759,159,unweighted,10,0.5423964968152867,0,13,None,66,1,5,False,1000,1000
24760,155,unweighted,10,0.5844944267515924,0,16,None,66,1,5,False,1000,1000
24761,156,unweighted,10,0.5863853503184714,0,16,None,66,1,5,False,1000,1000
24762,157,unweighted,10,0.588077229299363,0,16,None,66,1,5,False,1000,1000
24763,158,unweighted,10,0.5901671974522293,0,16,None,66,1,5,False,1000,1000
24764,159,unweighted,10,0.5930533439490446,0,16,None,66,1,5,False,1000,1000
24765,155,unweighted,10,0.5476711783439491,0,22,None,66,1,5,False,1000,1000
24766,156,unweighted,10,0.5460788216560509,0,22,None,66,1,5,False,1000,1000
24767,157,unweighted,10,0.5461783439490446,0,22,None,66,1,5,False,1000,1000
24768,158,unweighted,10,0.5470740445859873,0,22,None,66,1,5,False,1000,1000
24769,159,unweighted,10,0.5484673566878981,0,22,None,66,1,5,False,1000,1000
24770,155,unweighted,10,0.4810907643312102,0,14,None,66,1,5,False,1000,1000
24771,156,unweighted,10,0.4853702229299363,0,14,None,66,1,5,False,1000,1000
24772,157,unweighted,10,0.4892515923566879,0,14,None,66,1,5,False,1000,1000
24773,158,unweighted,10,0.4931329617834395,0,14,None,66,1,5,False,1000,1000
24774,159,unweighted,10,0.496218152866242,0,14,None,66,1,5,False,1000,1000
24775,155,unweighted,10,0.538515127388535,0,23,None,66,1,5,False,1000,1000
24776,156,unweighted,10,0.5442874203821656,0,23,None,66,1,5,False,1000,1000
24777,157,unweighted,10,0.5484673566878981,0,23,None,66,1,5,False,1000,1000
24778,158,unweighted,10,0.5518511146496815,0,23,None,66,1,5,False,1000,1000
24779,159,unweighted,10,0.556031050955414,0,23,None,66,1,5,False,1000,1000
24780,155,unweighted,10,0.5351313694267515,0,25,None,66,1,5,False,1000,1000
24781,156,unweighted,10,0.5366242038216561,0,25,None,66,1,5,False,1000,1000
24782,157,unweighted,10,0.5379179936305732,0,25,None,66,1,5,False,1000,1000
24783,158,unweighted,10,0.5405055732484076,0,25,None,66,1,5,False,1000,1000
24784,159,unweighted,10,0.5420979299363057,0,25,None,66,1,5,False,1000,1000
24785,155,unweighted,10,0.5342356687898089,0,26,None,66,1,5,False,1000,1000
24786,156,unweighted,10,0.5353304140127388,0,26,None,66,1,5,False,1000,1000
24787,157,unweighted,10,0.5366242038216561,0,26,None,66,1,5,False,1000,1000
24788,158,unweighted,10,0.5373208598726115,0,26,None,66,1,5,False,1000,1000
24789,159,unweighted,10,0.5381170382165605,0,26,None,66,1,5,False,1000,1000
24790,155,unweighted,10,0.5616042993630573,0,24,None,66,1,5,False,1000,1000
24791,156,unweighted,10,0.5655851910828026,0,24,None,66,1,5,False,1000,1000
24792,157,unweighted,10,0.5674761146496815,0,24,None,66,1,5,False,1000,1000
24793,158,unweighted,10,0.5700636942675159,0,24,None,66,1,5,False,1000,1000
24794,159,unweighted,10,0.5727507961783439,0,24,None,66,1,5,False,1000,1000
24795,155,unweighted,10,0.5583200636942676,0,29,None,66,1,5,False,1000,1000
24796,156,unweighted,10,0.5583200636942676,0,29,None,66,1,5,False,1000,1000
24797,157,unweighted,10,0.5583200636942676,0,29,None,66,1,5,False,1000,1000
24798,158,unweighted,10,0.5592157643312102,0,29,None,66,1,5,False,1000,1000
24799,159,unweighted,10,0.5595143312101911,0,29,None,66,1,5,False,1000,1000
24800,155,unweighted,10,0.5603105095541401,0,30,None,66,1,5,False,1000,1000
24801,156,unweighted,10,0.5615047770700637,0,30,None,66,1,5,False,1000,1000
24802,157,unweighted,10,0.5626990445859873,0,30,None,66,1,5,False,1000,1000
24803,158,unweighted,10,0.5634952229299363,0,30,None,66,1,5,False,1000,1000
24804,159,unweighted,10,0.565187101910828,0,30,None,66,1,5,False,1000,1000
24805,155,unweighted,10,0.5585191082802548,0,6,None,66,1,5,False,1000,1000
24806,156,unweighted,10,0.5594148089171974,0,6,None,66,1,5,False,1000,1000
24807,157,unweighted,10,0.5593152866242038,0,6,None,66,1,5,False,1000,1000
24808,158,unweighted,10,0.5596138535031847,0,6,None,66,1,5,False,1000,1000
24809,159,unweighted,10,0.5596138535031847,0,6,None,66,1,5,False,1000,1000
24810,155,unweighted,10,0.5585191082802548,0,27,None,66,1,5,False,1000,1000
24811,156,unweighted,10,0.5608081210191083,0,27,None,66,1,5,False,1000,1000
24812,157,unweighted,10,0.5618033439490446,0,27,None,66,1,5,False,1000,1000
24813,158,unweighted,10,0.5631966560509554,0,27,None,66,1,5,False,1000,1000
24814,159,unweighted,10,0.565187101910828,0,27,None,66,1,5,False,1000,1000
24815,155,unweighted,10,0.5691679936305732,0,31,None,66,1,5,False,1000,1000
24816,156,unweighted,10,0.5715565286624203,0,31,None,66,1,5,False,1000,1000
24817,157,unweighted,10,0.573546974522293,0,31,None,66,1,5,False,1000,1000
24818,158,unweighted,10,0.5752388535031847,0,31,None,66,1,5,False,1000,1000
24819,159,unweighted,10,0.5777269108280255,0,31,None,66,1,5,False,1000,1000
24820,155,unweighted,10,0.5665804140127388,0,32,None,66,1,5,False,1000,1000
24821,156,unweighted,10,0.5672770700636943,0,32,None,66,1,5,False,1000,1000
24822,157,unweighted,10,0.5692675159235668,0,32,None,66,1,5,False,1000,1000
24823,158,unweighted,10,0.5694665605095541,0,32,None,66,1,5,False,1000,1000
24824,159,unweighted,10,0.5710589171974523,0,32,None,66,1,5,False,1000,1000
24825,155,unweighted,10,0.5230891719745223,0,2,None,66,1,5,False,1000,1000
24826,156,unweighted,10,0.5234872611464968,0,2,None,66,1,5,False,1000,1000
24827,157,unweighted,10,0.5248805732484076,0,2,None,66,1,5,False,1000,1000
24828,158,unweighted,10,0.5253781847133758,0,2,None,66,1,5,False,1000,1000
24829,159,unweighted,10,0.5265724522292994,0,2,None,66,1,5,False,1000,1000
24830,155,unweighted,10,0.550656847133758,0,5,None,66,1,5,False,1000,1000
24831,156,unweighted,10,0.5519506369426752,0,5,None,66,1,5,False,1000,1000
24832,157,unweighted,10,0.5532444267515924,0,5,None,66,1,5,False,1000,1000
24833,158,unweighted,10,0.5542396496815286,0,5,None,66,1,5,False,1000,1000
24834,159,unweighted,10,0.5555334394904459,0,5,None,66,1,5,False,1000,1000
24835,155,unweighted,10,0.5344347133757962,0,7,None,66,1,5,False,1000,1000
24836,156,unweighted,10,0.535031847133758,0,7,None,66,1,5,False,1000,1000
24837,157,unweighted,10,0.5373208598726115,0,7,None,66,1,5,False,1000,1000
24838,158,unweighted,10,0.5376194267515924,0,7,None,66,1,5,False,1000,1000
24839,159,unweighted,10,0.5379179936305732,0,7,None,66,1,5,False,1000,1000
24840,155,unweighted,10,0.5712579617834395,0,9,None,66,1,5,False,1000,1000
24841,156,unweighted,10,0.5715565286624203,0,9,None,66,1,5,False,1000,1000
24842,157,unweighted,10,0.5732484076433121,0,9,None,66,1,5,False,1000,1000
24843,158,unweighted,10,0.5741441082802548,0,9,None,66,1,5,False,1000,1000
24844,159,unweighted,10,0.5756369426751592,0,9,None,66,1,5,False,1000,1000
24845,155,unweighted,10,0.5186106687898089,0,0,None,66,1,5,False,1000,1000
24846,156,unweighted,10,0.5191082802547771,0,0,None,66,1,5,False,1000,1000
24847,157,unweighted,10,0.5199044585987261,0,0,None,66,1,5,False,1000,1000
24848,158,unweighted,10,0.5204020700636943,0,0,None,66,1,5,False,1000,1000
24849,159,unweighted,10,0.5200039808917197,0,0,None,66,1,5,False,1000,1000
24850,155,unweighted,10,0.5701632165605095,0,10,None,66,1,5,False,1000,1000
24851,156,unweighted,10,0.5713574840764332,0,10,None,66,1,5,False,1000,1000
24852,157,unweighted,10,0.5720541401273885,0,10,None,66,1,5,False,1000,1000
24853,158,unweighted,10,0.5734474522292994,0,10,None,66,1,5,False,1000,1000
24854,159,unweighted,10,0.5745421974522293,0,10,None,66,1,5,False,1000,1000
24855,155,unweighted,10,0.5047770700636943,0,11,None,66,1,5,False,1000,1000
24856,156,unweighted,10,0.5050756369426752,0,11,None,66,1,5,False,1000,1000
24857,157,unweighted,10,0.5053742038216561,0,11,None,66,1,5,False,1000,1000
24858,158,unweighted,10,0.5063694267515924,0,11,None,66,1,5,False,1000,1000
24859,159,unweighted,10,0.5075636942675159,0,11,None,66,1,5,False,1000,1000
24860,155,unweighted,10,0.569765127388535,0,12,None,66,1,5,False,1000,1000
24861,156,unweighted,10,0.5728503184713376,0,12,None,66,1,5,False,1000,1000
24862,157,unweighted,10,0.5757364649681529,0,12,None,66,1,5,False,1000,1000
24863,158,unweighted,10,0.5773288216560509,0,12,None,66,1,5,False,1000,1000
24864,159,unweighted,10,0.5790207006369427,0,12,None,66,1,5,False,1000,1000
24865,155,unweighted,10,0.5849920382165605,0,17,None,66,1,5,False,1000,1000
24866,156,unweighted,10,0.5859872611464968,0,17,None,66,1,5,False,1000,1000
24867,157,unweighted,10,0.5868829617834395,0,17,None,66,1,5,False,1000,1000
24868,158,unweighted,10,0.5889729299363057,0,17,None,66,1,5,False,1000,1000
24869,159,unweighted,10,0.591062898089172,0,17,None,66,1,5,False,1000,1000
24870,155,unweighted,10,0.5569267515923567,0,15,None,66,1,5,False,1000,1000
24871,156,unweighted,10,0.5577229299363057,0,15,None,66,1,5,False,1000,1000
24872,157,unweighted,10,0.5583200636942676,0,15,None,66,1,5,False,1000,1000
24873,158,unweighted,10,0.5591162420382165,0,15,None,66,1,5,False,1000,1000
24874,159,unweighted,10,0.559812898089172,0,15,None,66,1,5,False,1000,1000
24875,155,unweighted,10,0.4350119426751592,0,28,None,66,1,5,False,1000,1000
24876,156,unweighted,10,0.4389928343949044,0,28,None,66,1,5,False,1000,1000
24877,157,unweighted,10,0.4429737261146497,0,28,None,66,1,5,False,1000,1000
24878,158,unweighted,10,0.4456608280254777,0,28,None,66,1,5,False,1000,1000
24879,159,unweighted,10,0.4498407643312102,0,28,None,66,1,5,False,1000,1000
24880,155,unweighted,10,0.5549363057324841,0,18,None,66,1,5,False,1000,1000
24881,156,unweighted,10,0.555234872611465,0,18,None,66,1,5,False,1000,1000
24882,157,unweighted,10,0.5554339171974523,0,18,None,66,1,5,False,1000,1000
24883,158,unweighted,10,0.5551353503184714,0,18,None,66,1,5,False,1000,1000
24884,159,unweighted,10,0.5549363057324841,0,18,None,66,1,5,False,1000,1000
24885,155,unweighted,10,0.5111464968152867,0,19,None,66,1,5,False,1000,1000
24886,156,unweighted,10,0.5136345541401274,0,19,None,66,1,5,False,1000,1000
24887,157,unweighted,10,0.5153264331210191,0,19,None,66,1,5,False,1000,1000
24888,158,unweighted,10,0.5172173566878981,0,19,None,66,1,5,False,1000,1000
24889,159,unweighted,10,0.5181130573248408,0,19,None,66,1,5,False,1000,1000
24890,155,unweighted,10,0.53234474522293,0,8,None,66,1,5,False,1000,1000
24891,156,unweighted,10,0.533140923566879,0,8,None,66,1,5,False,1000,1000
24892,157,unweighted,10,0.5341361464968153,0,8,None,66,1,5,False,1000,1000
24893,158,unweighted,10,0.5354299363057324,0,8,None,66,1,5,False,1000,1000
24894,159,unweighted,10,0.5365246815286624,0,8,None,66,1,5,False,1000,1000
24895,155,unweighted,10,0.5694665605095541,0,21,None,66,1,5,False,1000,1000
24896,156,unweighted,10,0.5707603503184714,0,21,None,66,1,5,False,1000,1000
24897,157,unweighted,10,0.5738455414012739,0,21,None,66,1,5,False,1000,1000
24898,158,unweighted,10,0.5761345541401274,0,21,None,66,1,5,False,1000,1000
24899,159,unweighted,10,0.5773288216560509,0,21,None,66,1,5,False,1000,1000
24900,155,unweighted,10,0.522890127388535,0,4,None,66,1,5,False,1000,1000
24901,156,unweighted,10,0.5259753184713376,0,4,None,66,1,5,False,1000,1000
24902,157,unweighted,10,0.5281648089171974,0,4,None,66,1,5,False,1000,1000
24903,158,unweighted,10,0.5297571656050956,0,4,None,66,1,5,False,1000,1000
24904,159,unweighted,10,0.5320461783439491,0,4,None,66,1,5,False,1000,1000
24905,155,unweighted,10,0.543093152866242,0,20,None,66,1,5,False,1000,1000
24906,156,unweighted,10,0.5443869426751592,0,20,None,66,1,5,False,1000,1000
24907,157,unweighted,10,0.5472730891719745,0,20,None,66,1,5,False,1000,1000
24908,158,unweighted,10,0.5491640127388535,0,20,None,66,1,5,False,1000,1000
24909,159,unweighted,10,0.5498606687898089,0,20,None,66,1,5,False,1000,1000
24910,155,unweighted,10,0.5755374203821656,0,3,None,66,1,5,False,1000,1000
24911,156,unweighted,10,0.5759355095541401,0,3,None,66,1,5,False,1000,1000
24912,157,unweighted,10,0.5766321656050956,0,3,None,66,1,5,False,1000,1000
24913,158,unweighted,10,0.5774283439490446,0,3,None,66,1,5,False,1000,1000
24914,159,unweighted,10,0.5774283439490446,0,3,None,66,1,5,False,1000,1000
24915,160,unweighted,10,0.53015525477707,0,1,None,66,1,5,False,1000,1000
24916,161,unweighted,10,0.5318471337579618,0,1,None,66,1,5,False,1000,1000
24917,162,unweighted,10,0.5326433121019108,0,1,None,66,1,5,False,1000,1000
24918,163,unweighted,10,0.5344347133757962,0,1,None,66,1,5,False,1000,1000
24919,164,unweighted,10,0.5356289808917197,0,1,None,66,1,5,False,1000,1000
24920,160,unweighted,10,0.574343152866242,0,31,None,66,1,5,False,1000,1000
24921,161,unweighted,10,0.5763335987261147,0,31,None,66,1,5,False,1000,1000
24922,162,unweighted,10,0.5786226114649682,0,31,None,66,1,5,False,1000,1000
24923,163,unweighted,10,0.5810111464968153,0,31,None,66,1,5,False,1000,1000
24924,164,unweighted,10,0.5832006369426752,0,31,None,66,1,5,False,1000,1000
24925,160,unweighted,10,0.5667794585987261,0,27,None,66,1,5,False,1000,1000
24926,161,unweighted,10,0.5677746815286624,0,27,None,66,1,5,False,1000,1000
24927,162,unweighted,10,0.5694665605095541,0,27,None,66,1,5,False,1000,1000
24928,163,unweighted,10,0.5710589171974523,0,27,None,66,1,5,False,1000,1000
24929,164,unweighted,10,0.5727507961783439,0,27,None,66,1,5,False,1000,1000
24930,160,unweighted,10,0.5535429936305732,0,22,None,66,1,5,False,1000,1000
24931,161,unweighted,10,0.554140127388535,0,22,None,66,1,5,False,1000,1000
24932,162,unweighted,10,0.5562300955414012,0,22,None,66,1,5,False,1000,1000
24933,163,unweighted,10,0.5584195859872612,0,22,None,66,1,5,False,1000,1000
24934,164,unweighted,10,0.5604100318471338,0,22,None,66,1,5,False,1000,1000
24935,160,unweighted,10,0.5473726114649682,0,20,None,66,1,5,False,1000,1000
24936,161,unweighted,10,0.5492635350318471,0,20,None,66,1,5,False,1000,1000
24937,162,unweighted,10,0.5516520700636943,0,20,None,66,1,5,False,1000,1000
24938,163,unweighted,10,0.5537420382165605,0,20,None,66,1,5,False,1000,1000
24939,164,unweighted,10,0.5543391719745223,0,20,None,66,1,5,False,1000,1000
24940,160,unweighted,10,0.5470740445859873,0,23,None,66,1,5,False,1000,1000
24941,161,unweighted,10,0.5509554140127388,0,23,None,66,1,5,False,1000,1000
24942,162,unweighted,10,0.5562300955414012,0,23,None,66,1,5,False,1000,1000
24943,163,unweighted,10,0.5600119426751592,0,23,None,66,1,5,False,1000,1000
24944,164,unweighted,10,0.56359474522293,0,23,None,66,1,5,False,1000,1000
24945,160,unweighted,10,0.5270700636942676,0,2,None,66,1,5,False,1000,1000
24946,161,unweighted,10,0.5278662420382165,0,2,None,66,1,5,False,1000,1000
24947,162,unweighted,10,0.5291600318471338,0,2,None,66,1,5,False,1000,1000
24948,163,unweighted,10,0.5307523885350318,0,2,None,66,1,5,False,1000,1000
24949,164,unweighted,10,0.5322452229299363,0,2,None,66,1,5,False,1000,1000
24950,160,unweighted,10,0.5748407643312102,0,32,None,66,1,5,False,1000,1000
24951,161,unweighted,10,0.5745421974522293,0,32,None,66,1,5,False,1000,1000
24952,162,unweighted,10,0.5745421974522293,0,32,None,66,1,5,False,1000,1000
24953,163,unweighted,10,0.5745421974522293,0,32,None,66,1,5,False,1000,1000
24954,164,unweighted,10,0.5749402866242038,0,32,None,66,1,5,False,1000,1000
24955,160,unweighted,10,0.5949442675159236,0,16,None,66,1,5,False,1000,1000
24956,161,unweighted,10,0.597531847133758,0,16,None,66,1,5,False,1000,1000
24957,162,unweighted,10,0.6007165605095541,0,16,None,66,1,5,False,1000,1000
24958,163,unweighted,10,0.6022093949044586,0,16,None,66,1,5,False,1000,1000
24959,164,unweighted,10,0.6049960191082803,0,16,None,66,1,5,False,1000,1000
24960,160,unweighted,10,0.56359474522293,0,29,None,66,1,5,False,1000,1000
24961,161,unweighted,10,0.5641918789808917,0,29,None,66,1,5,False,1000,1000
24962,162,unweighted,10,0.5654856687898089,0,29,None,66,1,5,False,1000,1000
24963,163,unweighted,10,0.5658837579617835,0,29,None,66,1,5,False,1000,1000
24964,164,unweighted,10,0.5658837579617835,0,29,None,66,1,5,False,1000,1000
24965,160,unweighted,10,0.5763335987261147,0,9,None,66,1,5,False,1000,1000
24966,161,unweighted,10,0.5773288216560509,0,9,None,66,1,5,False,1000,1000
24967,162,unweighted,10,0.5794187898089171,0,9,None,66,1,5,False,1000,1000
24968,163,unweighted,10,0.5809116242038217,0,9,None,66,1,5,False,1000,1000
24969,164,unweighted,10,0.5821058917197452,0,9,None,66,1,5,False,1000,1000
24970,160,unweighted,10,0.5453821656050956,0,13,None,66,1,5,False,1000,1000
24971,161,unweighted,10,0.5453821656050956,0,13,None,66,1,5,False,1000,1000
24972,162,unweighted,10,0.546875,0,13,None,66,1,5,False,1000,1000
24973,163,unweighted,10,0.5476711783439491,0,13,None,66,1,5,False,1000,1000
24974,164,unweighted,10,0.5473726114649682,0,13,None,66,1,5,False,1000,1000
24975,160,unweighted,10,0.5418988853503185,0,25,None,66,1,5,False,1000,1000
24976,161,unweighted,10,0.5429936305732485,0,25,None,66,1,5,False,1000,1000
24977,162,unweighted,10,0.5434912420382165,0,25,None,66,1,5,False,1000,1000
24978,163,unweighted,10,0.5451831210191083,0,25,None,66,1,5,False,1000,1000
24979,164,unweighted,10,0.5466759554140127,0,25,None,66,1,5,False,1000,1000
24980,160,unweighted,10,0.5931528662420382,0,17,None,66,1,5,False,1000,1000
24981,161,unweighted,10,0.5938495222929936,0,17,None,66,1,5,False,1000,1000
24982,162,unweighted,10,0.5953423566878981,0,17,None,66,1,5,False,1000,1000
24983,163,unweighted,10,0.5980294585987261,0,17,None,66,1,5,False,1000,1000
24984,164,unweighted,10,0.6001194267515924,0,17,None,66,1,5,False,1000,1000
24985,160,unweighted,10,0.5676751592356688,0,24,None,66,1,5,False,1000,1000
24986,161,unweighted,10,0.5707603503184714,0,24,None,66,1,5,False,1000,1000
24987,162,unweighted,10,0.5745421974522293,0,24,None,66,1,5,False,1000,1000
24988,163,unweighted,10,0.5769307324840764,0,24,None,66,1,5,False,1000,1000
24989,164,unweighted,10,0.5799164012738853,0,24,None,66,1,5,False,1000,1000
24990,160,unweighted,10,0.4384952229299363,0,28,None,66,1,5,False,1000,1000
24991,161,unweighted,10,0.4430732484076433,0,28,None,66,1,5,False,1000,1000
24992,162,unweighted,10,0.4477507961783439,0,28,None,66,1,5,False,1000,1000
24993,163,unweighted,10,0.451234076433121,0,28,None,66,1,5,False,1000,1000
24994,164,unweighted,10,0.4541202229299363,0,28,None,66,1,5,False,1000,1000
24995,160,unweighted,10,0.5215963375796179,0,0,None,66,1,5,False,1000,1000
24996,161,unweighted,10,0.5238853503184714,0,0,None,66,1,5,False,1000,1000
24997,162,unweighted,10,0.5238853503184714,0,0,None,66,1,5,False,1000,1000
24998,163,unweighted,10,0.5251791401273885,0,0,None,66,1,5,False,1000,1000
24999,164,unweighted,10,0.5245820063694268,0,0,None,66,1,5,False,1000,1000
25000,160,unweighted,10,0.5392117834394905,0,8,None,66,1,5,False,1000,1000
25001,161,unweighted,10,0.5407046178343949,0,8,None,66,1,5,False,1000,1000
25002,162,unweighted,10,0.5421974522292994,0,8,None,66,1,5,False,1000,1000
25003,163,unweighted,10,0.5436902866242038,0,8,None,66,1,5,False,1000,1000
25004,164,unweighted,10,0.5446855095541401,0,8,None,66,1,5,False,1000,1000
25005,160,unweighted,10,0.5625,0,18,None,66,1,5,False,1000,1000
25006,161,unweighted,10,0.5617038216560509,0,18,None,66,1,5,False,1000,1000
25007,162,unweighted,10,0.5623009554140127,0,18,None,66,1,5,False,1000,1000
25008,163,unweighted,10,0.5622014331210191,0,18,None,66,1,5,False,1000,1000
25009,164,unweighted,10,0.5613057324840764,0,18,None,66,1,5,False,1000,1000
25010,160,unweighted,10,0.5162221337579618,0,19,None,66,1,5,False,1000,1000
25011,161,unweighted,10,0.5193073248407644,0,19,None,66,1,5,False,1000,1000
25012,162,unweighted,10,0.520203025477707,0,19,None,66,1,5,False,1000,1000
25013,163,unweighted,10,0.5223925159235668,0,19,None,66,1,5,False,1000,1000
25014,164,unweighted,10,0.523984872611465,0,19,None,66,1,5,False,1000,1000
25015,160,unweighted,10,0.5763335987261147,0,21,None,66,1,5,False,1000,1000
25016,161,unweighted,10,0.578125,0,21,None,66,1,5,False,1000,1000
25017,162,unweighted,10,0.5787221337579618,0,21,None,66,1,5,False,1000,1000
25018,163,unweighted,10,0.5813097133757962,0,21,None,66,1,5,False,1000,1000
25019,164,unweighted,10,0.5825039808917197,0,21,None,66,1,5,False,1000,1000
25020,160,unweighted,10,0.5582205414012739,0,5,None,66,1,5,False,1000,1000
25021,161,unweighted,10,0.5596138535031847,0,5,None,66,1,5,False,1000,1000
25022,162,unweighted,10,0.560609076433121,0,5,None,66,1,5,False,1000,1000
25023,163,unweighted,10,0.5625,0,5,None,66,1,5,False,1000,1000
25024,164,unweighted,10,0.5644904458598726,0,5,None,66,1,5,False,1000,1000
25025,160,unweighted,10,0.5636942675159236,0,6,None,66,1,5,False,1000,1000
25026,161,unweighted,10,0.5641918789808917,0,6,None,66,1,5,False,1000,1000
25027,162,unweighted,10,0.5647890127388535,0,6,None,66,1,5,False,1000,1000
25028,163,unweighted,10,0.5650875796178344,0,6,None,66,1,5,False,1000,1000
25029,164,unweighted,10,0.5658837579617835,0,6,None,66,1,5,False,1000,1000
25030,160,unweighted,10,0.5409036624203821,0,7,None,66,1,5,False,1000,1000
25031,161,unweighted,10,0.5419984076433121,0,7,None,66,1,5,False,1000,1000
25032,162,unweighted,10,0.5421974522292994,0,7,None,66,1,5,False,1000,1000
25033,163,unweighted,10,0.542296974522293,0,7,None,66,1,5,False,1000,1000
25034,164,unweighted,10,0.5424960191082803,0,7,None,66,1,5,False,1000,1000
25035,160,unweighted,10,0.5753383757961783,0,12,None,66,1,5,False,1000,1000
25036,161,unweighted,10,0.578125,0,12,None,66,1,5,False,1000,1000
25037,162,unweighted,10,0.5811106687898089,0,12,None,66,1,5,False,1000,1000
25038,163,unweighted,10,0.5834992038216561,0,12,None,66,1,5,False,1000,1000
25039,164,unweighted,10,0.585390127388535,0,12,None,66,1,5,False,1000,1000
25040,160,unweighted,10,0.4974124203821656,0,14,None,66,1,5,False,1000,1000
25041,161,unweighted,10,0.5000995222929936,0,14,None,66,1,5,False,1000,1000
25042,162,unweighted,10,0.5017914012738853,0,14,None,66,1,5,False,1000,1000
25043,163,unweighted,10,0.5044785031847133,0,14,None,66,1,5,False,1000,1000
25044,164,unweighted,10,0.5059713375796179,0,14,None,66,1,5,False,1000,1000
25045,160,unweighted,10,0.539609872611465,0,26,None,66,1,5,False,1000,1000
25046,161,unweighted,10,0.5406050955414012,0,26,None,66,1,5,False,1000,1000
25047,162,unweighted,10,0.5416998407643312,0,26,None,66,1,5,False,1000,1000
25048,163,unweighted,10,0.5423964968152867,0,26,None,66,1,5,False,1000,1000
25049,164,unweighted,10,0.543093152866242,0,26,None,66,1,5,False,1000,1000
25050,160,unweighted,10,0.5657842356687898,0,30,None,66,1,5,False,1000,1000
25051,161,unweighted,10,0.5666799363057324,0,30,None,66,1,5,False,1000,1000
25052,162,unweighted,10,0.5676751592356688,0,30,None,66,1,5,False,1000,1000
25053,163,unweighted,10,0.5695660828025477,0,30,None,66,1,5,False,1000,1000
25054,164,unweighted,10,0.5705613057324841,0,30,None,66,1,5,False,1000,1000
25055,160,unweighted,10,0.5329418789808917,0,4,None,66,1,5,False,1000,1000
25056,161,unweighted,10,0.5352308917197452,0,4,None,66,1,5,False,1000,1000
25057,162,unweighted,10,0.5379179936305732,0,4,None,66,1,5,False,1000,1000
25058,163,unweighted,10,0.5397093949044586,0,4,None,66,1,5,False,1000,1000
25059,164,unweighted,10,0.5419984076433121,0,4,None,66,1,5,False,1000,1000
25060,160,unweighted,10,0.5778264331210191,0,3,None,66,1,5,False,1000,1000
25061,161,unweighted,10,0.5790207006369427,0,3,None,66,1,5,False,1000,1000
25062,162,unweighted,10,0.5801154458598726,0,3,None,66,1,5,False,1000,1000
25063,163,unweighted,10,0.580812101910828,0,3,None,66,1,5,False,1000,1000
25064,164,unweighted,10,0.5817078025477707,0,3,None,66,1,5,False,1000,1000
25065,160,unweighted,10,0.5748407643312102,0,10,None,66,1,5,False,1000,1000
25066,161,unweighted,10,0.5759355095541401,0,10,None,66,1,5,False,1000,1000
25067,162,unweighted,10,0.5774283439490446,0,10,None,66,1,5,False,1000,1000
25068,163,unweighted,10,0.5782245222929936,0,10,None,66,1,5,False,1000,1000
25069,164,unweighted,10,0.5791202229299363,0,10,None,66,1,5,False,1000,1000
25070,160,unweighted,10,0.5097531847133758,0,11,None,66,1,5,False,1000,1000
25071,161,unweighted,10,0.5105493630573248,0,11,None,66,1,5,False,1000,1000
25072,162,unweighted,10,0.5105493630573248,0,11,None,66,1,5,False,1000,1000
25073,163,unweighted,10,0.5111464968152867,0,11,None,66,1,5,False,1000,1000
25074,164,unweighted,10,0.5120421974522293,0,11,None,66,1,5,False,1000,1000
25075,160,unweighted,10,0.5638933121019108,0,15,None,66,1,5,False,1000,1000
25076,161,unweighted,10,0.5646894904458599,0,15,None,66,1,5,False,1000,1000
25077,162,unweighted,10,0.5658837579617835,0,15,None,66,1,5,False,1000,1000
25078,163,unweighted,10,0.566281847133758,0,15,None,66,1,5,False,1000,1000
25079,164,unweighted,10,0.5663813694267515,0,15,None,66,1,5,False,1000,1000
25080,165,unweighted,10,0.5734474522292994,0,30,None,66,1,5,False,1000,1000
25081,166,unweighted,10,0.5746417197452229,0,30,None,66,1,5,False,1000,1000
25082,167,unweighted,10,0.5753383757961783,0,30,None,66,1,5,False,1000,1000
25083,168,unweighted,10,0.576234076433121,0,30,None,66,1,5,False,1000,1000
25084,169,unweighted,10,0.5765326433121019,0,30,None,66,1,5,False,1000,1000
25085,165,unweighted,10,0.5347332802547771,0,1,None,66,1,5,False,1000,1000
25086,166,unweighted,10,0.536922770700637,0,1,None,66,1,5,False,1000,1000
25087,167,unweighted,10,0.5386146496815286,0,1,None,66,1,5,False,1000,1000
25088,168,unweighted,10,0.5410031847133758,0,1,None,66,1,5,False,1000,1000
25089,169,unweighted,10,0.5419984076433121,0,1,None,66,1,5,False,1000,1000
25090,165,unweighted,10,0.5738455414012739,0,27,None,66,1,5,False,1000,1000
25091,166,unweighted,10,0.5759355095541401,0,27,None,66,1,5,False,1000,1000
25092,167,unweighted,10,0.5779259554140127,0,27,None,66,1,5,False,1000,1000
25093,168,unweighted,10,0.5789211783439491,0,27,None,66,1,5,False,1000,1000
25094,169,unweighted,10,0.5804140127388535,0,27,None,66,1,5,False,1000,1000
25095,165,unweighted,10,0.53125,0,2,None,66,1,5,False,1000,1000
25096,166,unweighted,10,0.5326433121019108,0,2,None,66,1,5,False,1000,1000
25097,167,unweighted,10,0.5337380573248408,0,2,None,66,1,5,False,1000,1000
25098,168,unweighted,10,0.5338375796178344,0,2,None,66,1,5,False,1000,1000
25099,169,unweighted,10,0.5343351910828026,0,2,None,66,1,5,False,1000,1000
25100,165,unweighted,10,0.6059912420382165,0,16,None,66,1,5,False,1000,1000
25101,166,unweighted,10,0.6069864649681529,0,16,None,66,1,5,False,1000,1000
25102,167,unweighted,10,0.6089769108280255,0,16,None,66,1,5,False,1000,1000
25103,168,unweighted,10,0.6084792993630573,0,16,None,66,1,5,False,1000,1000
25104,169,unweighted,10,0.6105692675159236,0,16,None,66,1,5,False,1000,1000
25105,165,unweighted,10,0.5461783439490446,0,7,None,66,1,5,False,1000,1000
25106,166,unweighted,10,0.5452826433121019,0,7,None,66,1,5,False,1000,1000
25107,167,unweighted,10,0.5451831210191083,0,7,None,66,1,5,False,1000,1000
25108,168,unweighted,10,0.5464769108280255,0,7,None,66,1,5,False,1000,1000
25109,169,unweighted,10,0.5472730891719745,0,7,None,66,1,5,False,1000,1000
25110,165,unweighted,10,0.5817078025477707,0,9,None,66,1,5,False,1000,1000
25111,166,unweighted,10,0.5839968152866242,0,9,None,66,1,5,False,1000,1000
25112,167,unweighted,10,0.5859872611464968,0,9,None,66,1,5,False,1000,1000
25113,168,unweighted,10,0.5861863057324841,0,9,None,66,1,5,False,1000,1000
25114,169,unweighted,10,0.5885748407643312,0,9,None,66,1,5,False,1000,1000
25115,165,unweighted,10,0.507265127388535,0,14,None,66,1,5,False,1000,1000
25116,166,unweighted,10,0.5084593949044586,0,14,None,66,1,5,False,1000,1000
25117,167,unweighted,10,0.5090565286624203,0,14,None,66,1,5,False,1000,1000
25118,168,unweighted,10,0.5106488853503185,0,14,None,66,1,5,False,1000,1000
25119,169,unweighted,10,0.5115445859872612,0,14,None,66,1,5,False,1000,1000
25120,165,unweighted,10,0.572452229299363,0,29,None,66,1,5,False,1000,1000
25121,166,unweighted,10,0.5727507961783439,0,29,None,66,1,5,False,1000,1000
25122,167,unweighted,10,0.5722531847133758,0,29,None,66,1,5,False,1000,1000
25123,168,unweighted,10,0.5733479299363057,0,29,None,66,1,5,False,1000,1000
25124,169,unweighted,10,0.5732484076433121,0,29,None,66,1,5,False,1000,1000
25125,165,unweighted,10,0.5711584394904459,0,15,None,66,1,5,False,1000,1000
25126,166,unweighted,10,0.5707603503184714,0,15,None,66,1,5,False,1000,1000
25127,167,unweighted,10,0.5715565286624203,0,15,None,66,1,5,False,1000,1000
25128,168,unweighted,10,0.5718550955414012,0,15,None,66,1,5,False,1000,1000
25129,169,unweighted,10,0.5727507961783439,0,15,None,66,1,5,False,1000,1000
25130,165,unweighted,10,0.5542396496815286,0,13,None,66,1,5,False,1000,1000
25131,166,unweighted,10,0.555234872611465,0,13,None,66,1,5,False,1000,1000
25132,167,unweighted,10,0.5558320063694268,0,13,None,66,1,5,False,1000,1000
25133,168,unweighted,10,0.5564291401273885,0,13,None,66,1,5,False,1000,1000
25134,169,unweighted,10,0.5562300955414012,0,13,None,66,1,5,False,1000,1000
25135,165,unweighted,10,0.583797770700637,0,12,None,66,1,5,False,1000,1000
25136,166,unweighted,10,0.5863853503184714,0,12,None,66,1,5,False,1000,1000
25137,167,unweighted,10,0.5888734076433121,0,12,None,66,1,5,False,1000,1000
25138,168,unweighted,10,0.5902667197452229,0,12,None,66,1,5,False,1000,1000
25139,169,unweighted,10,0.5921576433121019,0,12,None,66,1,5,False,1000,1000
25140,165,unweighted,10,0.5465764331210191,0,25,None,66,1,5,False,1000,1000
25141,166,unweighted,10,0.5483678343949044,0,25,None,66,1,5,False,1000,1000
25142,167,unweighted,10,0.5490644904458599,0,25,None,66,1,5,False,1000,1000
25143,168,unweighted,10,0.550656847133758,0,25,None,66,1,5,False,1000,1000
25144,169,unweighted,10,0.5526472929936306,0,25,None,66,1,5,False,1000,1000
25145,165,unweighted,10,0.5452826433121019,0,26,None,66,1,5,False,1000,1000
25146,166,unweighted,10,0.5463773885350318,0,26,None,66,1,5,False,1000,1000
25147,167,unweighted,10,0.5470740445859873,0,26,None,66,1,5,False,1000,1000
25148,168,unweighted,10,0.5478702229299363,0,26,None,66,1,5,False,1000,1000
25149,169,unweighted,10,0.5490644904458599,0,26,None,66,1,5,False,1000,1000
25150,165,unweighted,10,0.5131369426751592,0,11,None,66,1,5,False,1000,1000
25151,166,unweighted,10,0.513734076433121,0,11,None,66,1,5,False,1000,1000
25152,167,unweighted,10,0.5149283439490446,0,11,None,66,1,5,False,1000,1000
25153,168,unweighted,10,0.515625,0,11,None,66,1,5,False,1000,1000
25154,169,unweighted,10,0.5163216560509554,0,11,None,66,1,5,False,1000,1000
25155,165,unweighted,10,0.6016122611464968,0,17,None,66,1,5,False,1000,1000
25156,166,unweighted,10,0.6024084394904459,0,17,None,66,1,5,False,1000,1000
25157,167,unweighted,10,0.6038017515923567,0,17,None,66,1,5,False,1000,1000
25158,168,unweighted,10,0.6043988853503185,0,17,None,66,1,5,False,1000,1000
25159,169,unweighted,10,0.6058917197452229,0,17,None,66,1,5,False,1000,1000
25160,165,unweighted,10,0.5802149681528662,0,31,None,66,1,5,False,1000,1000
25161,166,unweighted,10,0.5833996815286624,0,31,None,66,1,5,False,1000,1000
25162,167,unweighted,10,0.584593949044586,0,31,None,66,1,5,False,1000,1000
25163,168,unweighted,10,0.5868829617834395,0,31,None,66,1,5,False,1000,1000
25164,169,unweighted,10,0.5889729299363057,0,31,None,66,1,5,False,1000,1000
25165,165,unweighted,10,0.4375995222929936,0,28,None,66,1,5,False,1000,1000
25166,166,unweighted,10,0.4437699044585987,0,28,None,66,1,5,False,1000,1000
25167,167,unweighted,10,0.448546974522293,0,28,None,66,1,5,False,1000,1000
25168,168,unweighted,10,0.4528264331210191,0,28,None,66,1,5,False,1000,1000
25169,169,unweighted,10,0.4564092356687898,0,28,None,66,1,5,False,1000,1000
25170,165,unweighted,10,0.568968949044586,0,18,None,66,1,5,False,1000,1000
25171,166,unweighted,10,0.5692675159235668,0,18,None,66,1,5,False,1000,1000
25172,167,unweighted,10,0.568968949044586,0,18,None,66,1,5,False,1000,1000
25173,168,unweighted,10,0.5685708598726115,0,18,None,66,1,5,False,1000,1000
25174,169,unweighted,10,0.5683718152866242,0,18,None,66,1,5,False,1000,1000
25175,165,unweighted,10,0.5209992038216561,0,19,None,66,1,5,False,1000,1000
25176,166,unweighted,10,0.5238853503184714,0,19,None,66,1,5,False,1000,1000
25177,167,unweighted,10,0.5260748407643312,0,19,None,66,1,5,False,1000,1000
25178,168,unweighted,10,0.5281648089171974,0,19,None,66,1,5,False,1000,1000
25179,169,unweighted,10,0.5300557324840764,0,19,None,66,1,5,False,1000,1000
25180,165,unweighted,10,0.583797770700637,0,21,None,66,1,5,False,1000,1000
25181,166,unweighted,10,0.5854896496815286,0,21,None,66,1,5,False,1000,1000
25182,167,unweighted,10,0.5867834394904459,0,21,None,66,1,5,False,1000,1000
25183,168,unweighted,10,0.5883757961783439,0,21,None,66,1,5,False,1000,1000
25184,169,unweighted,10,0.5909633757961783,0,21,None,66,1,5,False,1000,1000
25185,165,unweighted,10,0.575437898089172,0,24,None,66,1,5,False,1000,1000
25186,166,unweighted,10,0.5772292993630573,0,24,None,66,1,5,False,1000,1000
25187,167,unweighted,10,0.5802149681528662,0,24,None,66,1,5,False,1000,1000
25188,168,unweighted,10,0.5834992038216561,0,24,None,66,1,5,False,1000,1000
25189,169,unweighted,10,0.5867834394904459,0,24,None,66,1,5,False,1000,1000
25190,165,unweighted,10,0.5472730891719745,0,8,None,66,1,5,False,1000,1000
25191,166,unweighted,10,0.5489649681528662,0,8,None,66,1,5,False,1000,1000
25192,167,unweighted,10,0.5513535031847133,0,8,None,66,1,5,False,1000,1000
25193,168,unweighted,10,0.5517515923566879,0,8,None,66,1,5,False,1000,1000
25194,169,unweighted,10,0.553343949044586,0,8,None,66,1,5,False,1000,1000
25195,165,unweighted,10,0.5834992038216561,0,10,None,66,1,5,False,1000,1000
25196,166,unweighted,10,0.5833996815286624,0,10,None,66,1,5,False,1000,1000
25197,167,unweighted,10,0.5838972929936306,0,10,None,66,1,5,False,1000,1000
25198,168,unweighted,10,0.585390127388535,0,10,None,66,1,5,False,1000,1000
25199,169,unweighted,10,0.5865843949044586,0,10,None,66,1,5,False,1000,1000
25200,165,unweighted,10,0.5416998407643312,0,4,None,66,1,5,False,1000,1000
25201,166,unweighted,10,0.5429936305732485,0,4,None,66,1,5,False,1000,1000
25202,167,unweighted,10,0.5458797770700637,0,4,None,66,1,5,False,1000,1000
25203,168,unweighted,10,0.5489649681528662,0,4,None,66,1,5,False,1000,1000
25204,169,unweighted,10,0.5507563694267515,0,4,None,66,1,5,False,1000,1000
25205,165,unweighted,10,0.5526472929936306,0,20,None,66,1,5,False,1000,1000
25206,166,unweighted,10,0.5553343949044586,0,20,None,66,1,5,False,1000,1000
25207,167,unweighted,10,0.5561305732484076,0,20,None,66,1,5,False,1000,1000
25208,168,unweighted,10,0.5571257961783439,0,20,None,66,1,5,False,1000,1000
25209,169,unweighted,10,0.5591162420382165,0,20,None,66,1,5,False,1000,1000
25210,165,unweighted,10,0.5628980891719745,0,22,None,66,1,5,False,1000,1000
25211,166,unweighted,10,0.567078025477707,0,22,None,66,1,5,False,1000,1000
25212,167,unweighted,10,0.5693670382165605,0,22,None,66,1,5,False,1000,1000
25213,168,unweighted,10,0.5712579617834395,0,22,None,66,1,5,False,1000,1000
25214,169,unweighted,10,0.5734474522292994,0,22,None,66,1,5,False,1000,1000
25215,165,unweighted,10,0.5546377388535032,0,23,None,66,1,5,False,1000,1000
25216,166,unweighted,10,0.5590167197452229,0,23,None,66,1,5,False,1000,1000
25217,167,unweighted,10,0.5630971337579618,0,23,None,66,1,5,False,1000,1000
25218,168,unweighted,10,0.567078025477707,0,23,None,66,1,5,False,1000,1000
25219,169,unweighted,10,0.5699641719745223,0,23,None,66,1,5,False,1000,1000
25220,165,unweighted,10,0.5804140127388535,0,32,None,66,1,5,False,1000,1000
25221,166,unweighted,10,0.5802149681528662,0,32,None,66,1,5,False,1000,1000
25222,167,unweighted,10,0.581906847133758,0,32,None,66,1,5,False,1000,1000
25223,168,unweighted,10,0.5812101910828026,0,32,None,66,1,5,False,1000,1000
25224,169,unweighted,10,0.5809116242038217,0,32,None,66,1,5,False,1000,1000
25225,165,unweighted,10,0.5269705414012739,0,0,None,66,1,5,False,1000,1000
25226,166,unweighted,10,0.5279657643312102,0,0,None,66,1,5,False,1000,1000
25227,167,unweighted,10,0.5286624203821656,0,0,None,66,1,5,False,1000,1000
25228,168,unweighted,10,0.5296576433121019,0,0,None,66,1,5,False,1000,1000
25229,169,unweighted,10,0.53015525477707,0,0,None,66,1,5,False,1000,1000
25230,165,unweighted,10,0.5816082802547771,0,3,None,66,1,5,False,1000,1000
25231,166,unweighted,10,0.582703025477707,0,3,None,66,1,5,False,1000,1000
25232,167,unweighted,10,0.5833001592356688,0,3,None,66,1,5,False,1000,1000
25233,168,unweighted,10,0.5841958598726115,0,3,None,66,1,5,False,1000,1000
25234,169,unweighted,10,0.5848925159235668,0,3,None,66,1,5,False,1000,1000
25235,165,unweighted,10,0.5639928343949044,0,5,None,66,1,5,False,1000,1000
25236,166,unweighted,10,0.5657842356687898,0,5,None,66,1,5,False,1000,1000
25237,167,unweighted,10,0.5674761146496815,0,5,None,66,1,5,False,1000,1000
25238,168,unweighted,10,0.568172770700637,0,5,None,66,1,5,False,1000,1000
25239,169,unweighted,10,0.5688694267515924,0,5,None,66,1,5,False,1000,1000
25240,165,unweighted,10,0.5698646496815286,0,6,None,66,1,5,False,1000,1000
25241,166,unweighted,10,0.5701632165605095,0,6,None,66,1,5,False,1000,1000
25242,167,unweighted,10,0.5701632165605095,0,6,None,66,1,5,False,1000,1000
25243,168,unweighted,10,0.570859872611465,0,6,None,66,1,5,False,1000,1000
25244,169,unweighted,10,0.5710589171974523,0,6,None,66,1,5,False,1000,1000
25245,170,unweighted,10,0.5341361464968153,0,2,None,66,1,5,False,1000,1000
25246,171,unweighted,10,0.5354299363057324,0,2,None,66,1,5,False,1000,1000
25247,172,unweighted,10,0.5364251592356688,0,2,None,66,1,5,False,1000,1000
25248,173,unweighted,10,0.536922770700637,0,2,None,66,1,5,False,1000,1000
25249,174,unweighted,10,0.537718949044586,0,2,None,66,1,5,False,1000,1000
25250,170,unweighted,10,0.5625,0,23,None,66,1,5,False,1000,1000
25251,171,unweighted,10,0.5659832802547771,0,23,None,66,1,5,False,1000,1000
25252,172,unweighted,10,0.5707603503184714,0,23,None,66,1,5,False,1000,1000
25253,173,unweighted,10,0.5745421974522293,0,23,None,66,1,5,False,1000,1000
25254,174,unweighted,10,0.57703025477707,0,23,None,66,1,5,False,1000,1000
25255,170,unweighted,10,0.4343152866242038,0,28,None,66,1,5,False,1000,1000
25256,171,unweighted,10,0.4422770700636942,0,28,None,66,1,5,False,1000,1000
25257,172,unweighted,10,0.4477507961783439,0,28,None,66,1,5,False,1000,1000
25258,173,unweighted,10,0.4537221337579618,0,28,None,66,1,5,False,1000,1000
25259,174,unweighted,10,0.4581011146496815,0,28,None,66,1,5,False,1000,1000
25260,170,unweighted,10,0.5777269108280255,0,29,None,66,1,5,False,1000,1000
25261,171,unweighted,10,0.5782245222929936,0,29,None,66,1,5,False,1000,1000
25262,172,unweighted,10,0.5790207006369427,0,29,None,66,1,5,False,1000,1000
25263,173,unweighted,10,0.5794187898089171,0,29,None,66,1,5,False,1000,1000
25264,174,unweighted,10,0.5799164012738853,0,29,None,66,1,5,False,1000,1000
25265,170,unweighted,10,0.6141520700636943,0,16,None,66,1,5,False,1000,1000
25266,171,unweighted,10,0.6157444267515924,0,16,None,66,1,5,False,1000,1000
25267,172,unweighted,10,0.6161425159235668,0,16,None,66,1,5,False,1000,1000
25268,173,unweighted,10,0.6179339171974523,0,16,None,66,1,5,False,1000,1000
25269,174,unweighted,10,0.6181329617834395,0,16,None,66,1,5,False,1000,1000
25270,170,unweighted,10,0.5846934713375797,0,32,None,66,1,5,False,1000,1000
25271,171,unweighted,10,0.5854896496815286,0,32,None,66,1,5,False,1000,1000
25272,172,unweighted,10,0.5861863057324841,0,32,None,66,1,5,False,1000,1000
25273,173,unweighted,10,0.5863853503184714,0,32,None,66,1,5,False,1000,1000
25274,174,unweighted,10,0.5869824840764332,0,32,None,66,1,5,False,1000,1000
25275,170,unweighted,10,0.5785230891719745,0,15,None,66,1,5,False,1000,1000
25276,171,unweighted,10,0.5779259554140127,0,15,None,66,1,5,False,1000,1000
25277,172,unweighted,10,0.5785230891719745,0,15,None,66,1,5,False,1000,1000
25278,173,unweighted,10,0.5788216560509554,0,15,None,66,1,5,False,1000,1000
25279,174,unweighted,10,0.5795183121019108,0,15,None,66,1,5,False,1000,1000
25280,170,unweighted,10,0.5507563694267515,0,25,None,66,1,5,False,1000,1000
25281,171,unweighted,10,0.5530453821656051,0,25,None,66,1,5,False,1000,1000
25282,172,unweighted,10,0.5542396496815286,0,25,None,66,1,5,False,1000,1000
25283,173,unweighted,10,0.5553343949044586,0,25,None,66,1,5,False,1000,1000
25284,174,unweighted,10,0.5559315286624203,0,25,None,66,1,5,False,1000,1000
25285,170,unweighted,10,0.56359474522293,0,13,None,66,1,5,False,1000,1000
25286,171,unweighted,10,0.5649880573248408,0,13,None,66,1,5,False,1000,1000
25287,172,unweighted,10,0.5660828025477707,0,13,None,66,1,5,False,1000,1000
25288,173,unweighted,10,0.5676751592356688,0,13,None,66,1,5,False,1000,1000
25289,174,unweighted,10,0.5686703821656051,0,13,None,66,1,5,False,1000,1000
25290,170,unweighted,10,0.5547372611464968,0,8,None,66,1,5,False,1000,1000
25291,171,unweighted,10,0.5565286624203821,0,8,None,66,1,5,False,1000,1000
25292,172,unweighted,10,0.557921974522293,0,8,None,66,1,5,False,1000,1000
25293,173,unweighted,10,0.5586186305732485,0,8,None,66,1,5,False,1000,1000
25294,174,unweighted,10,0.5597133757961783,0,8,None,66,1,5,False,1000,1000
25295,170,unweighted,10,0.5576234076433121,0,20,None,66,1,5,False,1000,1000
25296,171,unweighted,10,0.5599124203821656,0,20,None,66,1,5,False,1000,1000
25297,172,unweighted,10,0.5616042993630573,0,20,None,66,1,5,False,1000,1000
25298,173,unweighted,10,0.5630971337579618,0,20,None,66,1,5,False,1000,1000
25299,174,unweighted,10,0.5649880573248408,0,20,None,66,1,5,False,1000,1000
25300,170,unweighted,10,0.568172770700637,0,5,None,66,1,5,False,1000,1000
25301,171,unweighted,10,0.5698646496815286,0,5,None,66,1,5,False,1000,1000
25302,172,unweighted,10,0.5713574840764332,0,5,None,66,1,5,False,1000,1000
25303,173,unweighted,10,0.5725517515923567,0,5,None,66,1,5,False,1000,1000
25304,174,unweighted,10,0.5737460191082803,0,5,None,66,1,5,False,1000,1000
25305,170,unweighted,10,0.5481687898089171,0,4,None,66,1,5,False,1000,1000
25306,171,unweighted,10,0.5521496815286624,0,4,None,66,1,5,False,1000,1000
25307,172,unweighted,10,0.5554339171974523,0,4,None,66,1,5,False,1000,1000
25308,173,unweighted,10,0.5580214968152867,0,4,None,66,1,5,False,1000,1000
25309,174,unweighted,10,0.5608081210191083,0,4,None,66,1,5,False,1000,1000
25310,170,unweighted,10,0.5503582802547771,0,7,None,66,1,5,False,1000,1000
25311,171,unweighted,10,0.5517515923566879,0,7,None,66,1,5,False,1000,1000
25312,172,unweighted,10,0.5529458598726115,0,7,None,66,1,5,False,1000,1000
25313,173,unweighted,10,0.5531449044585988,0,7,None,66,1,5,False,1000,1000
25314,174,unweighted,10,0.5544386942675159,0,7,None,66,1,5,False,1000,1000
25315,170,unweighted,10,0.5492635350318471,0,26,None,66,1,5,False,1000,1000
25316,171,unweighted,10,0.5499601910828026,0,26,None,66,1,5,False,1000,1000
25317,172,unweighted,10,0.5509554140127388,0,26,None,66,1,5,False,1000,1000
25318,173,unweighted,10,0.5516520700636943,0,26,None,66,1,5,False,1000,1000
25319,174,unweighted,10,0.552547770700637,0,26,None,66,1,5,False,1000,1000
25320,170,unweighted,10,0.5904657643312102,0,12,None,66,1,5,False,1000,1000
25321,171,unweighted,10,0.5914609872611465,0,12,None,66,1,5,False,1000,1000
25322,172,unweighted,10,0.5941480891719745,0,12,None,66,1,5,False,1000,1000
25323,173,unweighted,10,0.5968351910828026,0,12,None,66,1,5,False,1000,1000
25324,174,unweighted,10,0.5993232484076433,0,12,None,66,1,5,False,1000,1000
25325,170,unweighted,10,0.5783240445859873,0,30,None,66,1,5,False,1000,1000
25326,171,unweighted,10,0.5785230891719745,0,30,None,66,1,5,False,1000,1000
25327,172,unweighted,10,0.5793192675159236,0,30,None,66,1,5,False,1000,1000
25328,173,unweighted,10,0.5812101910828026,0,30,None,66,1,5,False,1000,1000
25329,174,unweighted,10,0.5809116242038217,0,30,None,66,1,5,False,1000,1000
25330,170,unweighted,10,0.5771297770700637,0,18,None,66,1,5,False,1000,1000
25331,171,unweighted,10,0.5774283439490446,0,18,None,66,1,5,False,1000,1000
25332,172,unweighted,10,0.5775278662420382,0,18,None,66,1,5,False,1000,1000
25333,173,unweighted,10,0.5773288216560509,0,18,None,66,1,5,False,1000,1000
25334,174,unweighted,10,0.57703025477707,0,18,None,66,1,5,False,1000,1000
25335,170,unweighted,10,0.5879777070063694,0,31,None,66,1,5,False,1000,1000
25336,171,unweighted,10,0.5897691082802548,0,31,None,66,1,5,False,1000,1000
25337,172,unweighted,10,0.5916600318471338,0,31,None,66,1,5,False,1000,1000
25338,173,unweighted,10,0.5932523885350318,0,31,None,66,1,5,False,1000,1000
25339,174,unweighted,10,0.5953423566878981,0,31,None,66,1,5,False,1000,1000
25340,170,unweighted,10,0.5838972929936306,0,27,None,66,1,5,False,1000,1000
25341,171,unweighted,10,0.5860867834394905,0,27,None,66,1,5,False,1000,1000
25342,172,unweighted,10,0.5879777070063694,0,27,None,66,1,5,False,1000,1000
25343,173,unweighted,10,0.589968152866242,0,27,None,66,1,5,False,1000,1000
25344,174,unweighted,10,0.5923566878980892,0,27,None,66,1,5,False,1000,1000
25345,170,unweighted,10,0.541202229299363,0,1,None,66,1,5,False,1000,1000
25346,171,unweighted,10,0.5424960191082803,0,1,None,66,1,5,False,1000,1000
25347,172,unweighted,10,0.544187898089172,0,1,None,66,1,5,False,1000,1000
25348,173,unweighted,10,0.5458797770700637,0,1,None,66,1,5,False,1000,1000
25349,174,unweighted,10,0.5467754777070064,0,1,None,66,1,5,False,1000,1000
25350,170,unweighted,10,0.5270700636942676,0,19,None,66,1,5,False,1000,1000
25351,171,unweighted,10,0.529359076433121,0,19,None,66,1,5,False,1000,1000
25352,172,unweighted,10,0.5320461783439491,0,19,None,66,1,5,False,1000,1000
25353,173,unweighted,10,0.533937101910828,0,19,None,66,1,5,False,1000,1000
25354,174,unweighted,10,0.535828025477707,0,19,None,66,1,5,False,1000,1000
25355,170,unweighted,10,0.5921576433121019,0,21,None,66,1,5,False,1000,1000
25356,171,unweighted,10,0.5936504777070064,0,21,None,66,1,5,False,1000,1000
25357,172,unweighted,10,0.5954418789808917,0,21,None,66,1,5,False,1000,1000
25358,173,unweighted,10,0.5972332802547771,0,21,None,66,1,5,False,1000,1000
25359,174,unweighted,10,0.5986265923566879,0,21,None,66,1,5,False,1000,1000
25360,170,unweighted,10,0.5810111464968153,0,24,None,66,1,5,False,1000,1000
25361,171,unweighted,10,0.5840963375796179,0,24,None,66,1,5,False,1000,1000
25362,172,unweighted,10,0.5870820063694268,0,24,None,66,1,5,False,1000,1000
25363,173,unweighted,10,0.5888734076433121,0,24,None,66,1,5,False,1000,1000
25364,174,unweighted,10,0.591859076433121,0,24,None,66,1,5,False,1000,1000
25365,170,unweighted,10,0.5306528662420382,0,0,None,66,1,5,False,1000,1000
25366,171,unweighted,10,0.5320461783439491,0,0,None,66,1,5,False,1000,1000
25367,172,unweighted,10,0.5338375796178344,0,0,None,66,1,5,False,1000,1000
25368,173,unweighted,10,0.535031847133758,0,0,None,66,1,5,False,1000,1000
25369,174,unweighted,10,0.5354299363057324,0,0,None,66,1,5,False,1000,1000
25370,170,unweighted,10,0.5889729299363057,0,10,None,66,1,5,False,1000,1000
25371,171,unweighted,10,0.589968152866242,0,10,None,66,1,5,False,1000,1000
25372,172,unweighted,10,0.5908638535031847,0,10,None,66,1,5,False,1000,1000
25373,173,unweighted,10,0.5922571656050956,0,10,None,66,1,5,False,1000,1000
25374,174,unweighted,10,0.59375,0,10,None,66,1,5,False,1000,1000
25375,170,unweighted,10,0.5865843949044586,0,3,None,66,1,5,False,1000,1000
25376,171,unweighted,10,0.5870820063694268,0,3,None,66,1,5,False,1000,1000
25377,172,unweighted,10,0.5882762738853503,0,3,None,66,1,5,False,1000,1000
25378,173,unweighted,10,0.5900676751592356,0,3,None,66,1,5,False,1000,1000
25379,174,unweighted,10,0.5920581210191083,0,3,None,66,1,5,False,1000,1000
25380,170,unweighted,10,0.6088773885350318,0,17,None,66,1,5,False,1000,1000
25381,171,unweighted,10,0.6099721337579618,0,17,None,66,1,5,False,1000,1000
25382,172,unweighted,10,0.6106687898089171,0,17,None,66,1,5,False,1000,1000
25383,173,unweighted,10,0.6116640127388535,0,17,None,66,1,5,False,1000,1000
25384,174,unweighted,10,0.6124601910828026,0,17,None,66,1,5,False,1000,1000
25385,170,unweighted,10,0.5177149681528662,0,11,None,66,1,5,False,1000,1000
25386,171,unweighted,10,0.5191082802547771,0,11,None,66,1,5,False,1000,1000
25387,172,unweighted,10,0.520203025477707,0,11,None,66,1,5,False,1000,1000
25388,173,unweighted,10,0.5209992038216561,0,11,None,66,1,5,False,1000,1000
25389,174,unweighted,10,0.5210987261146497,0,11,None,66,1,5,False,1000,1000
25390,175,unweighted,10,0.5874800955414012,0,24,None,66,1,5,False,1000,1000
25391,176,unweighted,10,0.591859076433121,0,24,None,66,1,5,False,1000,1000
25392,177,unweighted,10,0.5939490445859873,0,24,None,66,1,5,False,1000,1000
25393,178,unweighted,10,0.5973328025477707,0,24,None,66,1,5,False,1000,1000
25394,179,unweighted,10,0.6001194267515924,0,24,None,66,1,5,False,1000,1000
25395,170,unweighted,10,0.5893710191082803,0,9,None,66,1,5,False,1000,1000
25396,171,unweighted,10,0.5915605095541401,0,9,None,66,1,5,False,1000,1000
25397,172,unweighted,10,0.5930533439490446,0,9,None,66,1,5,False,1000,1000
25398,173,unweighted,10,0.5946457006369427,0,9,None,66,1,5,False,1000,1000
25399,174,unweighted,10,0.5959394904458599,0,9,None,66,1,5,False,1000,1000
25400,170,unweighted,10,0.5119426751592356,0,14,None,66,1,5,False,1000,1000
25401,171,unweighted,10,0.5133359872611465,0,14,None,66,1,5,False,1000,1000
25402,172,unweighted,10,0.5142316878980892,0,14,None,66,1,5,False,1000,1000
25403,173,unweighted,10,0.5155254777070064,0,14,None,66,1,5,False,1000,1000
25404,174,unweighted,10,0.5162221337579618,0,14,None,66,1,5,False,1000,1000
25405,170,unweighted,10,0.5747412420382165,0,6,None,66,1,5,False,1000,1000
25406,171,unweighted,10,0.5747412420382165,0,6,None,66,1,5,False,1000,1000
25407,172,unweighted,10,0.5753383757961783,0,6,None,66,1,5,False,1000,1000
25408,173,unweighted,10,0.5760350318471338,0,6,None,66,1,5,False,1000,1000
25409,174,unweighted,10,0.57703025477707,0,6,None,66,1,5,False,1000,1000
25410,170,unweighted,10,0.5753383757961783,0,22,None,66,1,5,False,1000,1000
25411,171,unweighted,10,0.5765326433121019,0,22,None,66,1,5,False,1000,1000
25412,172,unweighted,10,0.5787221337579618,0,22,None,66,1,5,False,1000,1000
25413,173,unweighted,10,0.5802149681528662,0,22,None,66,1,5,False,1000,1000
25414,174,unweighted,10,0.5814092356687898,0,22,None,66,1,5,False,1000,1000
25415,175,unweighted,10,0.5471735668789809,0,1,None,66,1,5,False,1000,1000
25416,176,unweighted,10,0.5480692675159236,0,1,None,66,1,5,False,1000,1000
25417,177,unweighted,10,0.5497611464968153,0,1,None,66,1,5,False,1000,1000
25418,178,unweighted,10,0.5510549363057324,0,1,None,66,1,5,False,1000,1000
25419,179,unweighted,10,0.5518511146496815,0,1,None,66,1,5,False,1000,1000
25420,175,unweighted,10,0.5987261146496815,0,21,None,66,1,5,False,1000,1000
25421,176,unweighted,10,0.5997213375796179,0,21,None,66,1,5,False,1000,1000
25422,177,unweighted,10,0.6013136942675159,0,21,None,66,1,5,False,1000,1000
25423,178,unweighted,10,0.6033041401273885,0,21,None,66,1,5,False,1000,1000
25424,179,unweighted,10,0.6043988853503185,0,21,None,66,1,5,False,1000,1000
25425,175,unweighted,10,0.5386146496815286,0,2,None,66,1,5,False,1000,1000
25426,176,unweighted,10,0.5397093949044586,0,2,None,66,1,5,False,1000,1000
25427,177,unweighted,10,0.5407046178343949,0,2,None,66,1,5,False,1000,1000
25428,178,unweighted,10,0.5416003184713376,0,2,None,66,1,5,False,1000,1000
25429,179,unweighted,10,0.5429936305732485,0,2,None,66,1,5,False,1000,1000
25430,175,unweighted,10,0.5223925159235668,0,11,None,66,1,5,False,1000,1000
25431,176,unweighted,10,0.5235867834394905,0,11,None,66,1,5,False,1000,1000
25432,177,unweighted,10,0.5240843949044586,0,11,None,66,1,5,False,1000,1000
25433,178,unweighted,10,0.5244824840764332,0,11,None,66,1,5,False,1000,1000
25434,179,unweighted,10,0.5251791401273885,0,11,None,66,1,5,False,1000,1000
25435,175,unweighted,10,0.6140525477707006,0,17,None,66,1,5,False,1000,1000
25436,176,unweighted,10,0.6140525477707006,0,17,None,66,1,5,False,1000,1000
25437,177,unweighted,10,0.6147492038216561,0,17,None,66,1,5,False,1000,1000
25438,178,unweighted,10,0.6159434713375797,0,17,None,66,1,5,False,1000,1000
25439,179,unweighted,10,0.6167396496815286,0,17,None,66,1,5,False,1000,1000
25440,175,unweighted,10,0.5855891719745223,0,15,None,66,1,5,False,1000,1000
25441,176,unweighted,10,0.586484872611465,0,15,None,66,1,5,False,1000,1000
25442,177,unweighted,10,0.5861863057324841,0,15,None,66,1,5,False,1000,1000
25443,178,unweighted,10,0.5868829617834395,0,15,None,66,1,5,False,1000,1000
25444,179,unweighted,10,0.5881767515923567,0,15,None,66,1,5,False,1000,1000
25445,175,unweighted,10,0.4285429936305732,0,28,None,66,1,5,False,1000,1000
25446,176,unweighted,10,0.4389928343949044,0,28,None,66,1,5,False,1000,1000
25447,177,unweighted,10,0.4476512738853503,0,28,None,66,1,5,False,1000,1000
25448,178,unweighted,10,0.4537221337579618,0,28,None,66,1,5,False,1000,1000
25449,179,unweighted,10,0.4592953821656051,0,28,None,66,1,5,False,1000,1000
25450,175,unweighted,10,0.5740445859872612,0,5,None,66,1,5,False,1000,1000
25451,176,unweighted,10,0.5755374203821656,0,5,None,66,1,5,False,1000,1000
25452,177,unweighted,10,0.5767316878980892,0,5,None,66,1,5,False,1000,1000
25453,178,unweighted,10,0.5771297770700637,0,5,None,66,1,5,False,1000,1000
25454,179,unweighted,10,0.5787221337579618,0,5,None,66,1,5,False,1000,1000
25455,175,unweighted,10,0.5583200636942676,0,4,None,66,1,5,False,1000,1000
25456,176,unweighted,10,0.5618033439490446,0,4,None,66,1,5,False,1000,1000
25457,177,unweighted,10,0.5654856687898089,0,4,None,66,1,5,False,1000,1000
25458,178,unweighted,10,0.5678742038216561,0,4,None,66,1,5,False,1000,1000
25459,179,unweighted,10,0.5702627388535032,0,4,None,66,1,5,False,1000,1000
25460,175,unweighted,10,0.5941480891719745,0,10,None,66,1,5,False,1000,1000
25461,176,unweighted,10,0.5958399681528662,0,10,None,66,1,5,False,1000,1000
25462,177,unweighted,10,0.5974323248407644,0,10,None,66,1,5,False,1000,1000
25463,178,unweighted,10,0.5984275477707006,0,10,None,66,1,5,False,1000,1000
25464,179,unweighted,10,0.6004179936305732,0,10,None,66,1,5,False,1000,1000
25465,175,unweighted,10,0.5649880573248408,0,20,None,66,1,5,False,1000,1000
25466,176,unweighted,10,0.5665804140127388,0,20,None,66,1,5,False,1000,1000
25467,177,unweighted,10,0.5695660828025477,0,20,None,66,1,5,False,1000,1000
25468,178,unweighted,10,0.570859872611465,0,20,None,66,1,5,False,1000,1000
25469,179,unweighted,10,0.572452229299363,0,20,None,66,1,5,False,1000,1000
25470,175,unweighted,10,0.5696656050955414,0,23,None,66,1,5,False,1000,1000
25471,176,unweighted,10,0.5732484076433121,0,23,None,66,1,5,False,1000,1000
25472,177,unweighted,10,0.57703025477707,0,23,None,66,1,5,False,1000,1000
25473,178,unweighted,10,0.5796178343949044,0,23,None,66,1,5,False,1000,1000
25474,179,unweighted,10,0.582703025477707,0,23,None,66,1,5,False,1000,1000
25475,175,unweighted,10,0.6209195859872612,0,16,None,66,1,5,False,1000,1000
25476,176,unweighted,10,0.6217157643312102,0,16,None,66,1,5,False,1000,1000
25477,177,unweighted,10,0.6232085987261147,0,16,None,66,1,5,False,1000,1000
25478,178,unweighted,10,0.6244028662420382,0,16,None,66,1,5,False,1000,1000
25479,179,unweighted,10,0.6258957006369427,0,16,None,66,1,5,False,1000,1000
25480,175,unweighted,10,0.556031050955414,0,7,None,66,1,5,False,1000,1000
25481,176,unweighted,10,0.5572253184713376,0,7,None,66,1,5,False,1000,1000
25482,177,unweighted,10,0.5580214968152867,0,7,None,66,1,5,False,1000,1000
25483,178,unweighted,10,0.5582205414012739,0,7,None,66,1,5,False,1000,1000
25484,179,unweighted,10,0.5591162420382165,0,7,None,66,1,5,False,1000,1000
25485,175,unweighted,10,0.5921576433121019,0,32,None,66,1,5,False,1000,1000
25486,176,unweighted,10,0.591859076433121,0,32,None,66,1,5,False,1000,1000
25487,177,unweighted,10,0.5912619426751592,0,32,None,66,1,5,False,1000,1000
25488,178,unweighted,10,0.5924562101910829,0,32,None,66,1,5,False,1000,1000
25489,179,unweighted,10,0.5914609872611465,0,32,None,66,1,5,False,1000,1000
25490,175,unweighted,10,0.5963375796178344,0,12,None,66,1,5,False,1000,1000
25491,176,unweighted,10,0.5977308917197452,0,12,None,66,1,5,False,1000,1000
25492,177,unweighted,10,0.6007165605095541,0,12,None,66,1,5,False,1000,1000
25493,178,unweighted,10,0.6027070063694268,0,12,None,66,1,5,False,1000,1000
25494,179,unweighted,10,0.6054936305732485,0,12,None,66,1,5,False,1000,1000
25495,175,unweighted,10,0.5739450636942676,0,13,None,66,1,5,False,1000,1000
25496,176,unweighted,10,0.5756369426751592,0,13,None,66,1,5,False,1000,1000
25497,177,unweighted,10,0.5759355095541401,0,13,None,66,1,5,False,1000,1000
25498,178,unweighted,10,0.5764331210191083,0,13,None,66,1,5,False,1000,1000
25499,179,unweighted,10,0.5769307324840764,0,13,None,66,1,5,False,1000,1000
25500,175,unweighted,10,0.5569267515923567,0,25,None,66,1,5,False,1000,1000
25501,176,unweighted,10,0.5580214968152867,0,25,None,66,1,5,False,1000,1000
25502,177,unweighted,10,0.5591162420382165,0,25,None,66,1,5,False,1000,1000
25503,178,unweighted,10,0.5602109872611465,0,25,None,66,1,5,False,1000,1000
25504,179,unweighted,10,0.5609076433121019,0,25,None,66,1,5,False,1000,1000
25505,175,unweighted,10,0.5540406050955414,0,26,None,66,1,5,False,1000,1000
25506,176,unweighted,10,0.5546377388535032,0,26,None,66,1,5,False,1000,1000
25507,177,unweighted,10,0.5556329617834395,0,26,None,66,1,5,False,1000,1000
25508,178,unweighted,10,0.5567277070063694,0,26,None,66,1,5,False,1000,1000
25509,179,unweighted,10,0.5571257961783439,0,26,None,66,1,5,False,1000,1000
25510,175,unweighted,10,0.5928542993630573,0,27,None,66,1,5,False,1000,1000
25511,176,unweighted,10,0.5958399681528662,0,27,None,66,1,5,False,1000,1000
25512,177,unweighted,10,0.5974323248407644,0,27,None,66,1,5,False,1000,1000
25513,178,unweighted,10,0.5998208598726115,0,27,None,66,1,5,False,1000,1000
25514,179,unweighted,10,0.6019108280254777,0,27,None,66,1,5,False,1000,1000
25515,175,unweighted,10,0.5836982484076433,0,30,None,66,1,5,False,1000,1000
25516,176,unweighted,10,0.5857882165605095,0,30,None,66,1,5,False,1000,1000
25517,177,unweighted,10,0.5863853503184714,0,30,None,66,1,5,False,1000,1000
25518,178,unweighted,10,0.5869824840764332,0,30,None,66,1,5,False,1000,1000
25519,179,unweighted,10,0.5876791401273885,0,30,None,66,1,5,False,1000,1000
25520,175,unweighted,10,0.5932523885350318,0,3,None,66,1,5,False,1000,1000
25521,176,unweighted,10,0.5944466560509554,0,3,None,66,1,5,False,1000,1000
25522,177,unweighted,10,0.5952428343949044,0,3,None,66,1,5,False,1000,1000
25523,178,unweighted,10,0.5958399681528662,0,3,None,66,1,5,False,1000,1000
25524,179,unweighted,10,0.5974323248407644,0,3,None,66,1,5,False,1000,1000
25525,175,unweighted,10,0.5627985668789809,0,8,None,66,1,5,False,1000,1000
25526,176,unweighted,10,0.564390923566879,0,8,None,66,1,5,False,1000,1000
25527,177,unweighted,10,0.5652866242038217,0,8,None,66,1,5,False,1000,1000
25528,178,unweighted,10,0.5655851910828026,0,8,None,66,1,5,False,1000,1000
25529,179,unweighted,10,0.566281847133758,0,8,None,66,1,5,False,1000,1000
25530,175,unweighted,10,0.5842953821656051,0,18,None,66,1,5,False,1000,1000
25531,176,unweighted,10,0.5850915605095541,0,18,None,66,1,5,False,1000,1000
25532,177,unweighted,10,0.5854896496815286,0,18,None,66,1,5,False,1000,1000
25533,178,unweighted,10,0.5858877388535032,0,18,None,66,1,5,False,1000,1000
25534,179,unweighted,10,0.586484872611465,0,18,None,66,1,5,False,1000,1000
25535,175,unweighted,10,0.5345342356687898,0,19,None,66,1,5,False,1000,1000
25536,176,unweighted,10,0.5374203821656051,0,19,None,66,1,5,False,1000,1000
25537,177,unweighted,10,0.540406050955414,0,19,None,66,1,5,False,1000,1000
25538,178,unweighted,10,0.5417993630573248,0,19,None,66,1,5,False,1000,1000
25539,179,unweighted,10,0.5440883757961783,0,19,None,66,1,5,False,1000,1000
25540,175,unweighted,10,0.5935509554140127,0,31,None,66,1,5,False,1000,1000
25541,176,unweighted,10,0.5959394904458599,0,31,None,66,1,5,False,1000,1000
25542,177,unweighted,10,0.5989251592356688,0,31,None,66,1,5,False,1000,1000
25543,178,unweighted,10,0.6009156050955414,0,31,None,66,1,5,False,1000,1000
25544,179,unweighted,10,0.603702229299363,0,31,None,66,1,5,False,1000,1000
25545,175,unweighted,10,0.5847929936305732,0,29,None,66,1,5,False,1000,1000
25546,176,unweighted,10,0.5854896496815286,0,29,None,66,1,5,False,1000,1000
25547,177,unweighted,10,0.5862858280254777,0,29,None,66,1,5,False,1000,1000
25548,178,unweighted,10,0.5869824840764332,0,29,None,66,1,5,False,1000,1000
25549,179,unweighted,10,0.5867834394904459,0,29,None,66,1,5,False,1000,1000
25550,175,unweighted,10,0.537718949044586,0,0,None,66,1,5,False,1000,1000
25551,176,unweighted,10,0.5379179936305732,0,0,None,66,1,5,False,1000,1000
25552,177,unweighted,10,0.5384156050955414,0,0,None,66,1,5,False,1000,1000
25553,178,unweighted,10,0.5389132165605095,0,0,None,66,1,5,False,1000,1000
25554,179,unweighted,10,0.5398089171974523,0,0,None,66,1,5,False,1000,1000
25555,175,unweighted,10,0.5820063694267515,0,6,None,66,1,5,False,1000,1000
25556,176,unweighted,10,0.5824044585987261,0,6,None,66,1,5,False,1000,1000
25557,177,unweighted,10,0.5826035031847133,0,6,None,66,1,5,False,1000,1000
25558,178,unweighted,10,0.5826035031847133,0,6,None,66,1,5,False,1000,1000
25559,179,unweighted,10,0.5832006369426752,0,6,None,66,1,5,False,1000,1000
25560,175,unweighted,10,0.5165207006369427,0,14,None,66,1,5,False,1000,1000
25561,176,unweighted,10,0.5177149681528662,0,14,None,66,1,5,False,1000,1000
25562,177,unweighted,10,0.518312101910828,0,14,None,66,1,5,False,1000,1000
25563,178,unweighted,10,0.5192078025477707,0,14,None,66,1,5,False,1000,1000
25564,179,unweighted,10,0.5197054140127388,0,14,None,66,1,5,False,1000,1000
25565,175,unweighted,10,0.596437101910828,0,9,None,66,1,5,False,1000,1000
25566,176,unweighted,10,0.5979299363057324,0,9,None,66,1,5,False,1000,1000
25567,177,unweighted,10,0.5997213375796179,0,9,None,66,1,5,False,1000,1000
25568,178,unweighted,10,0.6003184713375797,0,9,None,66,1,5,False,1000,1000
25569,179,unweighted,10,0.6015127388535032,0,9,None,66,1,5,False,1000,1000
25570,175,unweighted,10,0.5836982484076433,0,22,None,66,1,5,False,1000,1000
25571,176,unweighted,10,0.5847929936305732,0,22,None,66,1,5,False,1000,1000
25572,177,unweighted,10,0.5869824840764332,0,22,None,66,1,5,False,1000,1000
25573,178,unweighted,10,0.5883757961783439,0,22,None,66,1,5,False,1000,1000
25574,179,unweighted,10,0.5906648089171974,0,22,None,66,1,5,False,1000,1000
28215,180,unweighted,10,0.5504578025477707,0,1,None,66,1,5,False,1000,1000
28216,181,unweighted,10,0.5510549363057324,0,1,None,66,1,5,False,1000,1000
28217,182,unweighted,10,0.5524482484076433,0,1,None,66,1,5,False,1000,1000
28218,183,unweighted,10,0.553343949044586,0,1,None,66,1,5,False,1000,1000
28219,184,unweighted,10,0.5547372611464968,0,1,None,66,1,5,False,1000,1000
28220,180,unweighted,10,0.582703025477707,0,13,None,66,1,5,False,1000,1000
28221,181,unweighted,10,0.582703025477707,0,13,None,66,1,5,False,1000,1000
28222,182,unweighted,10,0.5834992038216561,0,13,None,66,1,5,False,1000,1000
28223,183,unweighted,10,0.5839968152866242,0,13,None,66,1,5,False,1000,1000
28224,184,unweighted,10,0.5850915605095541,0,13,None,66,1,5,False,1000,1000
28225,180,unweighted,10,0.6278861464968153,0,16,None,66,1,5,False,1000,1000
28226,181,unweighted,10,0.6291799363057324,0,16,None,66,1,5,False,1000,1000
28227,182,unweighted,10,0.630672770700637,0,16,None,66,1,5,False,1000,1000
28228,183,unweighted,10,0.6318670382165605,0,16,None,66,1,5,False,1000,1000
28229,184,unweighted,10,0.6328622611464968,0,16,None,66,1,5,False,1000,1000
28230,180,unweighted,10,0.5215963375796179,0,14,None,66,1,5,False,1000,1000
28231,181,unweighted,10,0.5226910828025477,0,14,None,66,1,5,False,1000,1000
28232,182,unweighted,10,0.5240843949044586,0,14,None,66,1,5,False,1000,1000
28233,183,unweighted,10,0.5263734076433121,0,14,None,66,1,5,False,1000,1000
28234,184,unweighted,10,0.5294585987261147,0,14,None,66,1,5,False,1000,1000
28235,180,unweighted,10,0.5621019108280255,0,25,None,66,1,5,False,1000,1000
28236,181,unweighted,10,0.56359474522293,0,25,None,66,1,5,False,1000,1000
28237,182,unweighted,10,0.5642914012738853,0,25,None,66,1,5,False,1000,1000
28238,183,unweighted,10,0.5655851910828026,0,25,None,66,1,5,False,1000,1000
28239,184,unweighted,10,0.5667794585987261,0,25,None,66,1,5,False,1000,1000
28240,180,unweighted,10,0.5576234076433121,0,26,None,66,1,5,False,1000,1000
28241,181,unweighted,10,0.5584195859872612,0,26,None,66,1,5,False,1000,1000
28242,182,unweighted,10,0.5602109872611465,0,26,None,66,1,5,False,1000,1000
28243,183,unweighted,10,0.5613057324840764,0,26,None,66,1,5,False,1000,1000
28244,184,unweighted,10,0.5622014331210191,0,26,None,66,1,5,False,1000,1000
28245,180,unweighted,10,0.5954418789808917,0,24,None,66,1,5,False,1000,1000
28246,181,unweighted,10,0.5988256369426752,0,24,None,66,1,5,False,1000,1000
28247,182,unweighted,10,0.6027070063694268,0,24,None,66,1,5,False,1000,1000
28248,183,unweighted,10,0.6059912420382165,0,24,None,66,1,5,False,1000,1000
28249,184,unweighted,10,0.6087778662420382,0,24,None,66,1,5,False,1000,1000
28250,180,unweighted,10,0.5920581210191083,0,29,None,66,1,5,False,1000,1000
28251,181,unweighted,10,0.5928542993630573,0,29,None,66,1,5,False,1000,1000
28252,182,unweighted,10,0.5922571656050956,0,29,None,66,1,5,False,1000,1000
28253,183,unweighted,10,0.5932523885350318,0,29,None,66,1,5,False,1000,1000
28254,184,unweighted,10,0.5944466560509554,0,29,None,66,1,5,False,1000,1000
28255,180,unweighted,10,0.591062898089172,0,30,None,66,1,5,False,1000,1000
28256,181,unweighted,10,0.5916600318471338,0,30,None,66,1,5,False,1000,1000
28257,182,unweighted,10,0.5933519108280255,0,30,None,66,1,5,False,1000,1000
28258,183,unweighted,10,0.5947452229299363,0,30,None,66,1,5,False,1000,1000
28259,184,unweighted,10,0.5958399681528662,0,30,None,66,1,5,False,1000,1000
28260,180,unweighted,10,0.6017117834394905,0,27,None,66,1,5,False,1000,1000
28261,181,unweighted,10,0.6048964968152867,0,27,None,66,1,5,False,1000,1000
28262,182,unweighted,10,0.6065883757961783,0,27,None,66,1,5,False,1000,1000
28263,183,unweighted,10,0.6085788216560509,0,27,None,66,1,5,False,1000,1000
28264,184,unweighted,10,0.6103702229299363,0,27,None,66,1,5,False,1000,1000
28265,180,unweighted,10,0.601015127388535,0,31,None,66,1,5,False,1000,1000
28266,181,unweighted,10,0.6040007961783439,0,31,None,66,1,5,False,1000,1000
28267,182,unweighted,10,0.6070859872611465,0,31,None,66,1,5,False,1000,1000
28268,183,unweighted,10,0.609375,0,31,None,66,1,5,False,1000,1000
28269,184,unweighted,10,0.6121616242038217,0,31,None,66,1,5,False,1000,1000
28270,180,unweighted,10,0.5445859872611465,0,2,None,66,1,5,False,1000,1000
28271,181,unweighted,10,0.5454816878980892,0,2,None,66,1,5,False,1000,1000
28272,182,unweighted,10,0.546875,0,2,None,66,1,5,False,1000,1000
28273,183,unweighted,10,0.5476711783439491,0,2,None,66,1,5,False,1000,1000
28274,184,unweighted,10,0.5486664012738853,0,2,None,66,1,5,False,1000,1000
28275,180,unweighted,10,0.5790207006369427,0,5,None,66,1,5,False,1000,1000
28276,181,unweighted,10,0.5799164012738853,0,5,None,66,1,5,False,1000,1000
28277,182,unweighted,10,0.5820063694267515,0,5,None,66,1,5,False,1000,1000
28278,183,unweighted,10,0.582703025477707,0,5,None,66,1,5,False,1000,1000
28279,184,unweighted,10,0.5830015923566879,0,5,None,66,1,5,False,1000,1000
28280,180,unweighted,10,0.5616042993630573,0,7,None,66,1,5,False,1000,1000
28281,181,unweighted,10,0.5622014331210191,0,7,None,66,1,5,False,1000,1000
28282,182,unweighted,10,0.5623009554140127,0,7,None,66,1,5,False,1000,1000
28283,183,unweighted,10,0.564390923566879,0,7,None,66,1,5,False,1000,1000
28284,184,unweighted,10,0.5654856687898089,0,7,None,66,1,5,False,1000,1000
28285,180,unweighted,10,0.527468152866242,0,11,None,66,1,5,False,1000,1000
28286,181,unweighted,10,0.528562898089172,0,11,None,66,1,5,False,1000,1000
28287,182,unweighted,10,0.5290605095541401,0,11,None,66,1,5,False,1000,1000
28288,183,unweighted,10,0.5300557324840764,0,11,None,66,1,5,False,1000,1000
28289,184,unweighted,10,0.5304538216560509,0,11,None,66,1,5,False,1000,1000
28290,180,unweighted,10,0.6026074840764332,0,9,None,66,1,5,False,1000,1000
28291,181,unweighted,10,0.6043988853503185,0,9,None,66,1,5,False,1000,1000
28292,182,unweighted,10,0.6067874203821656,0,9,None,66,1,5,False,1000,1000
28293,183,unweighted,10,0.6083797770700637,0,9,None,66,1,5,False,1000,1000
28294,184,unweighted,10,0.6100716560509554,0,9,None,66,1,5,False,1000,1000
28295,180,unweighted,10,0.6027070063694268,0,12,None,66,1,5,False,1000,1000
28296,181,unweighted,10,0.6046974522292994,0,12,None,66,1,5,False,1000,1000
28297,182,unweighted,10,0.6077826433121019,0,12,None,66,1,5,False,1000,1000
28298,183,unweighted,10,0.6105692675159236,0,12,None,66,1,5,False,1000,1000
28299,184,unweighted,10,0.6133558917197452,0,12,None,66,1,5,False,1000,1000
28300,180,unweighted,10,0.59484474522293,0,15,None,66,1,5,False,1000,1000
28301,181,unweighted,10,0.596437101910828,0,15,None,66,1,5,False,1000,1000
28302,182,unweighted,10,0.5963375796178344,0,15,None,66,1,5,False,1000,1000
28303,183,unweighted,10,0.5965366242038217,0,15,None,66,1,5,False,1000,1000
28304,184,unweighted,10,0.597531847133758,0,15,None,66,1,5,False,1000,1000
28305,180,unweighted,10,0.620421974522293,0,17,None,66,1,5,False,1000,1000
28306,181,unweighted,10,0.6211186305732485,0,17,None,66,1,5,False,1000,1000
28307,182,unweighted,10,0.6214171974522293,0,17,None,66,1,5,False,1000,1000
28308,183,unweighted,10,0.623109076433121,0,17,None,66,1,5,False,1000,1000
28309,184,unweighted,10,0.6241042993630573,0,17,None,66,1,5,False,1000,1000
28310,180,unweighted,10,0.4231687898089172,0,28,None,66,1,5,False,1000,1000
28311,181,unweighted,10,0.4367038216560509,0,28,None,66,1,5,False,1000,1000
28312,182,unweighted,10,0.4470541401273885,0,28,None,66,1,5,False,1000,1000
28313,183,unweighted,10,0.4542197452229299,0,28,None,66,1,5,False,1000,1000
28314,184,unweighted,10,0.4613853503184713,0,28,None,66,1,5,False,1000,1000
28315,180,unweighted,10,0.5920581210191083,0,18,None,66,1,5,False,1000,1000
28316,181,unweighted,10,0.5920581210191083,0,18,None,66,1,5,False,1000,1000
28317,182,unweighted,10,0.5914609872611465,0,18,None,66,1,5,False,1000,1000
28318,183,unweighted,10,0.5909633757961783,0,18,None,66,1,5,False,1000,1000
28319,184,unweighted,10,0.591859076433121,0,18,None,66,1,5,False,1000,1000
28320,180,unweighted,10,0.538515127388535,0,19,None,66,1,5,False,1000,1000
28321,181,unweighted,10,0.5427945859872612,0,19,None,66,1,5,False,1000,1000
28322,182,unweighted,10,0.54578025477707,0,19,None,66,1,5,False,1000,1000
28323,183,unweighted,10,0.5486664012738853,0,19,None,66,1,5,False,1000,1000
28324,184,unweighted,10,0.5529458598726115,0,19,None,66,1,5,False,1000,1000
28325,180,unweighted,10,0.6039012738853503,0,21,None,66,1,5,False,1000,1000
28326,181,unweighted,10,0.6049960191082803,0,21,None,66,1,5,False,1000,1000
28327,182,unweighted,10,0.6072850318471338,0,21,None,66,1,5,False,1000,1000
28328,183,unweighted,10,0.6092754777070064,0,21,None,66,1,5,False,1000,1000
28329,184,unweighted,10,0.6105692675159236,0,21,None,66,1,5,False,1000,1000
28330,180,unweighted,10,0.5985270700636943,0,3,None,66,1,5,False,1000,1000
28331,181,unweighted,10,0.5993232484076433,0,3,None,66,1,5,False,1000,1000
28332,182,unweighted,10,0.6011146496815286,0,3,None,66,1,5,False,1000,1000
28333,183,unweighted,10,0.6031050955414012,0,3,None,66,1,5,False,1000,1000
28334,184,unweighted,10,0.6038017515923567,0,3,None,66,1,5,False,1000,1000
28335,180,unweighted,10,0.568172770700637,0,4,None,66,1,5,False,1000,1000
28336,181,unweighted,10,0.5712579617834395,0,4,None,66,1,5,False,1000,1000
28337,182,unweighted,10,0.5738455414012739,0,4,None,66,1,5,False,1000,1000
28338,183,unweighted,10,0.5753383757961783,0,4,None,66,1,5,False,1000,1000
28339,184,unweighted,10,0.5784235668789809,0,4,None,66,1,5,False,1000,1000
28340,180,unweighted,10,0.589171974522293,0,6,None,66,1,5,False,1000,1000
28341,181,unweighted,10,0.5889729299363057,0,6,None,66,1,5,False,1000,1000
28342,182,unweighted,10,0.5892714968152867,0,6,None,66,1,5,False,1000,1000
28343,183,unweighted,10,0.589171974522293,0,6,None,66,1,5,False,1000,1000
28344,184,unweighted,10,0.589968152866242,0,6,None,66,1,5,False,1000,1000
28345,180,unweighted,10,0.5416003184713376,0,0,None,66,1,5,False,1000,1000
28346,181,unweighted,10,0.5419984076433121,0,0,None,66,1,5,False,1000,1000
28347,182,unweighted,10,0.5427945859872612,0,0,None,66,1,5,False,1000,1000
28348,183,unweighted,10,0.5431926751592356,0,0,None,66,1,5,False,1000,1000
28349,184,unweighted,10,0.5440883757961783,0,0,None,66,1,5,False,1000,1000
28350,180,unweighted,10,0.5710589171974523,0,8,None,66,1,5,False,1000,1000
28351,181,unweighted,10,0.5707603503184714,0,8,None,66,1,5,False,1000,1000
28352,182,unweighted,10,0.5719546178343949,0,8,None,66,1,5,False,1000,1000
28353,183,unweighted,10,0.573546974522293,0,8,None,66,1,5,False,1000,1000
28354,184,unweighted,10,0.5752388535031847,0,8,None,66,1,5,False,1000,1000
28355,180,unweighted,10,0.571656050955414,0,20,None,66,1,5,False,1000,1000
28356,181,unweighted,10,0.5734474522292994,0,20,None,66,1,5,False,1000,1000
28357,182,unweighted,10,0.5753383757961783,0,20,None,66,1,5,False,1000,1000
28358,183,unweighted,10,0.5773288216560509,0,20,None,66,1,5,False,1000,1000
28359,184,unweighted,10,0.5788216560509554,0,20,None,66,1,5,False,1000,1000
28360,180,unweighted,10,0.6033041401273885,0,10,None,66,1,5,False,1000,1000
28361,181,unweighted,10,0.6038017515923567,0,10,None,66,1,5,False,1000,1000
28362,182,unweighted,10,0.604796974522293,0,10,None,66,1,5,False,1000,1000
28363,183,unweighted,10,0.6053941082802548,0,10,None,66,1,5,False,1000,1000
28364,184,unweighted,10,0.6069864649681529,0,10,None,66,1,5,False,1000,1000
28365,180,unweighted,10,0.5924562101910829,0,22,None,66,1,5,False,1000,1000
28366,181,unweighted,10,0.5939490445859873,0,22,None,66,1,5,False,1000,1000
28367,182,unweighted,10,0.5949442675159236,0,22,None,66,1,5,False,1000,1000
28368,183,unweighted,10,0.5970342356687898,0,22,None,66,1,5,False,1000,1000
28369,184,unweighted,10,0.5988256369426752,0,22,None,66,1,5,False,1000,1000
28370,180,unweighted,10,0.5760350318471338,0,23,None,66,1,5,False,1000,1000
28371,181,unweighted,10,0.5803144904458599,0,23,None,66,1,5,False,1000,1000
28372,182,unweighted,10,0.5833001592356688,0,23,None,66,1,5,False,1000,1000
28373,183,unweighted,10,0.5871815286624203,0,23,None,66,1,5,False,1000,1000
28374,184,unweighted,10,0.5901671974522293,0,23,None,66,1,5,False,1000,1000
28375,180,unweighted,10,0.5971337579617835,0,32,None,66,1,5,False,1000,1000
28376,181,unweighted,10,0.5965366242038217,0,32,None,66,1,5,False,1000,1000
28377,182,unweighted,10,0.5967356687898089,0,32,None,66,1,5,False,1000,1000
28378,183,unweighted,10,0.5967356687898089,0,32,None,66,1,5,False,1000,1000
28379,184,unweighted,10,0.5969347133757962,0,32,None,66,1,5,False,1000,1000
28380,185,unweighted,10,0.5498606687898089,0,2,None,66,1,5,False,1000,1000
28381,186,unweighted,10,0.5517515923566879,0,2,None,66,1,5,False,1000,1000
28382,187,unweighted,10,0.552547770700637,0,2,None,66,1,5,False,1000,1000
28383,188,unweighted,10,0.5534434713375797,0,2,None,66,1,5,False,1000,1000
28384,189,unweighted,10,0.5558320063694268,0,2,None,66,1,5,False,1000,1000
28385,185,unweighted,10,0.5669785031847133,0,25,None,66,1,5,False,1000,1000
28386,186,unweighted,10,0.5682722929936306,0,25,None,66,1,5,False,1000,1000
28387,187,unweighted,10,0.5695660828025477,0,25,None,66,1,5,False,1000,1000
28388,188,unweighted,10,0.5704617834394905,0,25,None,66,1,5,False,1000,1000
28389,189,unweighted,10,0.5719546178343949,0,25,None,66,1,5,False,1000,1000
28390,185,unweighted,10,0.6032046178343949,0,15,None,66,1,5,False,1000,1000
28391,186,unweighted,10,0.6036027070063694,0,15,None,66,1,5,False,1000,1000
28392,187,unweighted,10,0.6034036624203821,0,15,None,66,1,5,False,1000,1000
28393,188,unweighted,10,0.6042993630573248,0,15,None,66,1,5,False,1000,1000
28394,189,unweighted,10,0.6050955414012739,0,15,None,66,1,5,False,1000,1000
28395,185,unweighted,10,0.609375,0,10,None,66,1,5,False,1000,1000
28396,186,unweighted,10,0.6100716560509554,0,10,None,66,1,5,False,1000,1000
28397,187,unweighted,10,0.6113654458598726,0,10,None,66,1,5,False,1000,1000
28398,188,unweighted,10,0.6123606687898089,0,10,None,66,1,5,False,1000,1000
28399,189,unweighted,10,0.6141520700636943,0,10,None,66,1,5,False,1000,1000
28400,185,unweighted,10,0.578125,0,20,None,66,1,5,False,1000,1000
28401,186,unweighted,10,0.5809116242038217,0,20,None,66,1,5,False,1000,1000
28402,187,unweighted,10,0.5822054140127388,0,20,None,66,1,5,False,1000,1000
28403,188,unweighted,10,0.5844944267515924,0,20,None,66,1,5,False,1000,1000
28404,189,unweighted,10,0.5854896496815286,0,20,None,66,1,5,False,1000,1000
28405,185,unweighted,10,0.4190883757961783,0,28,None,66,1,5,False,1000,1000
28406,186,unweighted,10,0.4349124203821656,0,28,None,66,1,5,False,1000,1000
28407,187,unweighted,10,0.4470541401273885,0,28,None,66,1,5,False,1000,1000
28408,188,unweighted,10,0.4575039808917197,0,28,None,66,1,5,False,1000,1000
28409,189,unweighted,10,0.4643710191082802,0,28,None,66,1,5,False,1000,1000
28410,185,unweighted,10,0.5858877388535032,0,23,None,66,1,5,False,1000,1000
28411,186,unweighted,10,0.5893710191082803,0,23,None,66,1,5,False,1000,1000
28412,187,unweighted,10,0.59265525477707,0,23,None,66,1,5,False,1000,1000
28413,188,unweighted,10,0.5947452229299363,0,23,None,66,1,5,False,1000,1000
28414,189,unweighted,10,0.5958399681528662,0,23,None,66,1,5,False,1000,1000
28415,185,unweighted,10,0.6036027070063694,0,32,None,66,1,5,False,1000,1000
28416,186,unweighted,10,0.6043988853503185,0,32,None,66,1,5,False,1000,1000
28417,187,unweighted,10,0.6050955414012739,0,32,None,66,1,5,False,1000,1000
28418,188,unweighted,10,0.6062898089171974,0,32,None,66,1,5,False,1000,1000
28419,189,unweighted,10,0.6067874203821656,0,32,None,66,1,5,False,1000,1000
28420,185,unweighted,10,0.5761345541401274,0,4,None,66,1,5,False,1000,1000
28421,186,unweighted,10,0.5794187898089171,0,4,None,66,1,5,False,1000,1000
28422,187,unweighted,10,0.5823049363057324,0,4,None,66,1,5,False,1000,1000
28423,188,unweighted,10,0.5846934713375797,0,4,None,66,1,5,False,1000,1000
28424,189,unweighted,10,0.5875796178343949,0,4,None,66,1,5,False,1000,1000
28425,185,unweighted,10,0.528562898089172,0,14,None,66,1,5,False,1000,1000
28426,186,unweighted,10,0.5308519108280255,0,14,None,66,1,5,False,1000,1000
28427,187,unweighted,10,0.5332404458598726,0,14,None,66,1,5,False,1000,1000
28428,188,unweighted,10,0.5365246815286624,0,14,None,66,1,5,False,1000,1000
28429,189,unweighted,10,0.5395103503184714,0,14,None,66,1,5,False,1000,1000
28430,185,unweighted,10,0.601015127388535,0,22,None,66,1,5,False,1000,1000
28431,186,unweighted,10,0.6034036624203821,0,22,None,66,1,5,False,1000,1000
28432,187,unweighted,10,0.6041998407643312,0,22,None,66,1,5,False,1000,1000
28433,188,unweighted,10,0.6054936305732485,0,22,None,66,1,5,False,1000,1000
28434,189,unweighted,10,0.607484076433121,0,22,None,66,1,5,False,1000,1000
28435,185,unweighted,10,0.5625,0,26,None,66,1,5,False,1000,1000
28436,186,unweighted,10,0.5632961783439491,0,26,None,66,1,5,False,1000,1000
28437,187,unweighted,10,0.5641918789808917,0,26,None,66,1,5,False,1000,1000
28438,188,unweighted,10,0.5650875796178344,0,26,None,66,1,5,False,1000,1000
28439,189,unweighted,10,0.5658837579617835,0,26,None,66,1,5,False,1000,1000
28440,185,unweighted,10,0.5551353503184714,0,1,None,66,1,5,False,1000,1000
28441,186,unweighted,10,0.5563296178343949,0,1,None,66,1,5,False,1000,1000
28442,187,unweighted,10,0.5573248407643312,0,1,None,66,1,5,False,1000,1000
28443,188,unweighted,10,0.5590167197452229,0,1,None,66,1,5,False,1000,1000
28444,189,unweighted,10,0.5608081210191083,0,1,None,66,1,5,False,1000,1000
28445,185,unweighted,10,0.5929538216560509,0,13,None,66,1,5,False,1000,1000
28446,186,unweighted,10,0.5943471337579618,0,13,None,66,1,5,False,1000,1000
28447,187,unweighted,10,0.59484474522293,0,13,None,66,1,5,False,1000,1000
28448,188,unweighted,10,0.5944466560509554,0,13,None,66,1,5,False,1000,1000
28449,189,unweighted,10,0.5951433121019108,0,13,None,66,1,5,False,1000,1000
28450,185,unweighted,10,0.6090764331210191,0,12,None,66,1,5,False,1000,1000
28451,186,unweighted,10,0.6118630573248408,0,12,None,66,1,5,False,1000,1000
28452,187,unweighted,10,0.6140525477707006,0,12,None,66,1,5,False,1000,1000
28453,188,unweighted,10,0.6170382165605095,0,12,None,66,1,5,False,1000,1000
28454,189,unweighted,10,0.6194267515923567,0,12,None,66,1,5,False,1000,1000
28455,185,unweighted,10,0.598328025477707,0,30,None,66,1,5,False,1000,1000
28456,186,unweighted,10,0.5992237261146497,0,30,None,66,1,5,False,1000,1000
28457,187,unweighted,10,0.6008160828025477,0,30,None,66,1,5,False,1000,1000
28458,188,unweighted,10,0.6018113057324841,0,30,None,66,1,5,False,1000,1000
28459,189,unweighted,10,0.602906050955414,0,30,None,66,1,5,False,1000,1000
28460,185,unweighted,10,0.612062101910828,0,27,None,66,1,5,False,1000,1000
28461,186,unweighted,10,0.6138535031847133,0,27,None,66,1,5,False,1000,1000
28462,187,unweighted,10,0.6154458598726115,0,27,None,66,1,5,False,1000,1000
28463,188,unweighted,10,0.6169386942675159,0,27,None,66,1,5,False,1000,1000
28464,189,unweighted,10,0.6175358280254777,0,27,None,66,1,5,False,1000,1000
28465,185,unweighted,10,0.6073845541401274,0,31,None,66,1,5,False,1000,1000
28466,186,unweighted,10,0.6089769108280255,0,31,None,66,1,5,False,1000,1000
28467,187,unweighted,10,0.6116640127388535,0,31,None,66,1,5,False,1000,1000
28468,188,unweighted,10,0.6164410828025477,0,31,None,66,1,5,False,1000,1000
28469,189,unweighted,10,0.6191281847133758,0,31,None,66,1,5,False,1000,1000
28470,185,unweighted,10,0.5979299363057324,0,29,None,66,1,5,False,1000,1000
28471,186,unweighted,10,0.5981289808917197,0,29,None,66,1,5,False,1000,1000
28472,187,unweighted,10,0.5987261146496815,0,29,None,66,1,5,False,1000,1000
28473,188,unweighted,10,0.5996218152866242,0,29,None,66,1,5,False,1000,1000
28474,189,unweighted,10,0.6000199044585988,0,29,None,66,1,5,False,1000,1000
28475,185,unweighted,10,0.6115644904458599,0,9,None,66,1,5,False,1000,1000
28476,186,unweighted,10,0.613156847133758,0,9,None,66,1,5,False,1000,1000
28477,187,unweighted,10,0.6145501592356688,0,9,None,66,1,5,False,1000,1000
28478,188,unweighted,10,0.6164410828025477,0,9,None,66,1,5,False,1000,1000
28479,189,unweighted,10,0.6175358280254777,0,9,None,66,1,5,False,1000,1000
28480,185,unweighted,10,0.5699641719745223,0,7,None,66,1,5,False,1000,1000
28481,186,unweighted,10,0.5695660828025477,0,7,None,66,1,5,False,1000,1000
28482,187,unweighted,10,0.5706608280254777,0,7,None,66,1,5,False,1000,1000
28483,188,unweighted,10,0.5722531847133758,0,7,None,66,1,5,False,1000,1000
28484,189,unweighted,10,0.5733479299363057,0,7,None,66,1,5,False,1000,1000
28485,185,unweighted,10,0.6350517515923567,0,16,None,66,1,5,False,1000,1000
28486,186,unweighted,10,0.6366441082802548,0,16,None,66,1,5,False,1000,1000
28487,187,unweighted,10,0.6380374203821656,0,16,None,66,1,5,False,1000,1000
28488,188,unweighted,10,0.6397292993630573,0,16,None,66,1,5,False,1000,1000
28489,189,unweighted,10,0.6415207006369427,0,16,None,66,1,5,False,1000,1000
28490,185,unweighted,10,0.5769307324840764,0,8,None,66,1,5,False,1000,1000
28491,186,unweighted,10,0.5787221337579618,0,8,None,66,1,5,False,1000,1000
28492,187,unweighted,10,0.5786226114649682,0,8,None,66,1,5,False,1000,1000
28493,188,unweighted,10,0.5787221337579618,0,8,None,66,1,5,False,1000,1000
28494,189,unweighted,10,0.57921974522293,0,8,None,66,1,5,False,1000,1000
28495,185,unweighted,10,0.5988256369426752,0,18,None,66,1,5,False,1000,1000
28496,186,unweighted,10,0.5972332802547771,0,18,None,66,1,5,False,1000,1000
28497,187,unweighted,10,0.5982285031847133,0,18,None,66,1,5,False,1000,1000
28498,188,unweighted,10,0.5985270700636943,0,18,None,66,1,5,False,1000,1000
28499,189,unweighted,10,0.5995222929936306,0,18,None,66,1,5,False,1000,1000
28500,185,unweighted,10,0.5489649681528662,0,19,None,66,1,5,False,1000,1000
28501,186,unweighted,10,0.5544386942675159,0,19,None,66,1,5,False,1000,1000
28502,187,unweighted,10,0.5576234076433121,0,19,None,66,1,5,False,1000,1000
28503,188,unweighted,10,0.5604100318471338,0,19,None,66,1,5,False,1000,1000
28504,189,unweighted,10,0.5626990445859873,0,19,None,66,1,5,False,1000,1000
28505,185,unweighted,10,0.6096735668789809,0,21,None,66,1,5,False,1000,1000
28506,186,unweighted,10,0.6113654458598726,0,21,None,66,1,5,False,1000,1000
28507,187,unweighted,10,0.6130573248407644,0,21,None,66,1,5,False,1000,1000
28508,188,unweighted,10,0.6137539808917197,0,21,None,66,1,5,False,1000,1000
28509,189,unweighted,10,0.6155453821656051,0,21,None,66,1,5,False,1000,1000
28510,185,unweighted,10,0.5322452229299363,0,11,None,66,1,5,False,1000,1000
28511,186,unweighted,10,0.5333399681528662,0,11,None,66,1,5,False,1000,1000
28512,187,unweighted,10,0.5349323248407644,0,11,None,66,1,5,False,1000,1000
28513,188,unweighted,10,0.5348328025477707,0,11,None,66,1,5,False,1000,1000
28514,189,unweighted,10,0.5361265923566879,0,11,None,66,1,5,False,1000,1000
28515,185,unweighted,10,0.6275875796178344,0,17,None,66,1,5,False,1000,1000
28516,186,unweighted,10,0.6288813694267515,0,17,None,66,1,5,False,1000,1000
28517,187,unweighted,10,0.629578025477707,0,17,None,66,1,5,False,1000,1000
28518,188,unweighted,10,0.631468949044586,0,17,None,66,1,5,False,1000,1000
28519,189,unweighted,10,0.6327627388535032,0,17,None,66,1,5,False,1000,1000
28520,185,unweighted,10,0.605593152866242,0,24,None,66,1,5,False,1000,1000
28521,186,unweighted,10,0.6070859872611465,0,24,None,66,1,5,False,1000,1000
28522,187,unweighted,10,0.6095740445859873,0,24,None,66,1,5,False,1000,1000
28523,188,unweighted,10,0.6128582802547771,0,24,None,66,1,5,False,1000,1000
28524,189,unweighted,10,0.6174363057324841,0,24,None,66,1,5,False,1000,1000
28525,185,unweighted,10,0.6049960191082803,0,3,None,66,1,5,False,1000,1000
28526,186,unweighted,10,0.6062898089171974,0,3,None,66,1,5,False,1000,1000
28527,187,unweighted,10,0.6076831210191083,0,3,None,66,1,5,False,1000,1000
28528,188,unweighted,10,0.6095740445859873,0,3,None,66,1,5,False,1000,1000
28529,189,unweighted,10,0.6117635350318471,0,3,None,66,1,5,False,1000,1000
28530,185,unweighted,10,0.5847929936305732,0,5,None,66,1,5,False,1000,1000
28531,186,unweighted,10,0.5850915605095541,0,5,None,66,1,5,False,1000,1000
28532,187,unweighted,10,0.5866839171974523,0,5,None,66,1,5,False,1000,1000
28533,188,unweighted,10,0.5882762738853503,0,5,None,66,1,5,False,1000,1000
28534,189,unweighted,10,0.5892714968152867,0,5,None,66,1,5,False,1000,1000
28535,185,unweighted,10,0.5458797770700637,0,0,None,66,1,5,False,1000,1000
28536,186,unweighted,10,0.5465764331210191,0,0,None,66,1,5,False,1000,1000
28537,187,unweighted,10,0.5469745222929936,0,0,None,66,1,5,False,1000,1000
28538,188,unweighted,10,0.5478702229299363,0,0,None,66,1,5,False,1000,1000
28539,189,unweighted,10,0.5490644904458599,0,0,None,66,1,5,False,1000,1000
28540,185,unweighted,10,0.5966361464968153,0,6,None,66,1,5,False,1000,1000
28541,186,unweighted,10,0.5970342356687898,0,6,None,66,1,5,False,1000,1000
28542,187,unweighted,10,0.5971337579617835,0,6,None,66,1,5,False,1000,1000
28543,188,unweighted,10,0.597531847133758,0,6,None,66,1,5,False,1000,1000
28544,189,unweighted,10,0.5979299363057324,0,6,None,66,1,5,False,1000,1000
28545,190,unweighted,10,0.6136544585987261,0,15,None,66,1,5,False,1000,1000
28546,191,unweighted,10,0.6134554140127388,0,15,None,66,1,5,False,1000,1000
28547,192,unweighted,10,0.613953025477707,0,15,None,66,1,5,False,1000,1000
28548,193,unweighted,10,0.6143511146496815,0,15,None,66,1,5,False,1000,1000
28549,194,unweighted,10,0.615843949044586,0,15,None,66,1,5,False,1000,1000
28550,190,unweighted,10,0.5372213375796179,0,11,None,66,1,5,False,1000,1000
28551,191,unweighted,10,0.5374203821656051,0,11,None,66,1,5,False,1000,1000
28552,192,unweighted,10,0.5394108280254777,0,11,None,66,1,5,False,1000,1000
28553,193,unweighted,10,0.5409036624203821,0,11,None,66,1,5,False,1000,1000
28554,194,unweighted,10,0.5417993630573248,0,11,None,66,1,5,False,1000,1000
28555,190,unweighted,10,0.634156050955414,0,17,None,66,1,5,False,1000,1000
28556,191,unweighted,10,0.6352507961783439,0,17,None,66,1,5,False,1000,1000
28557,192,unweighted,10,0.6355493630573248,0,17,None,66,1,5,False,1000,1000
28558,193,unweighted,10,0.6372412420382165,0,17,None,66,1,5,False,1000,1000
28559,194,unweighted,10,0.6378383757961783,0,17,None,66,1,5,False,1000,1000
28560,190,unweighted,10,0.6063893312101911,0,18,None,66,1,5,False,1000,1000
28561,191,unweighted,10,0.607484076433121,0,18,None,66,1,5,False,1000,1000
28562,192,unweighted,10,0.6083797770700637,0,18,None,66,1,5,False,1000,1000
28563,193,unweighted,10,0.6085788216560509,0,18,None,66,1,5,False,1000,1000
28564,194,unweighted,10,0.6084792993630573,0,18,None,66,1,5,False,1000,1000
28565,190,unweighted,10,0.5857882165605095,0,20,None,66,1,5,False,1000,1000
28566,191,unweighted,10,0.5881767515923567,0,20,None,66,1,5,False,1000,1000
28567,192,unweighted,10,0.5902667197452229,0,20,None,66,1,5,False,1000,1000
28568,193,unweighted,10,0.5919585987261147,0,20,None,66,1,5,False,1000,1000
28569,194,unweighted,10,0.5930533439490446,0,20,None,66,1,5,False,1000,1000
28570,190,unweighted,10,0.6157444267515924,0,10,None,66,1,5,False,1000,1000
28571,191,unweighted,10,0.617734872611465,0,10,None,66,1,5,False,1000,1000
28572,192,unweighted,10,0.6194267515923567,0,10,None,66,1,5,False,1000,1000
28573,193,unweighted,10,0.6213176751592356,0,10,None,66,1,5,False,1000,1000
28574,194,unweighted,10,0.6221138535031847,0,10,None,66,1,5,False,1000,1000
28575,190,unweighted,10,0.5727507961783439,0,25,None,66,1,5,False,1000,1000
28576,191,unweighted,10,0.5748407643312102,0,25,None,66,1,5,False,1000,1000
28577,192,unweighted,10,0.5771297770700637,0,25,None,66,1,5,False,1000,1000
28578,193,unweighted,10,0.5790207006369427,0,25,None,66,1,5,False,1000,1000
28579,194,unweighted,10,0.5809116242038217,0,25,None,66,1,5,False,1000,1000
28580,190,unweighted,10,0.5630971337579618,0,19,None,66,1,5,False,1000,1000
28581,191,unweighted,10,0.5659832802547771,0,19,None,66,1,5,False,1000,1000
28582,192,unweighted,10,0.5691679936305732,0,19,None,66,1,5,False,1000,1000
28583,193,unweighted,10,0.5718550955414012,0,19,None,66,1,5,False,1000,1000
28584,194,unweighted,10,0.5737460191082803,0,19,None,66,1,5,False,1000,1000
28585,190,unweighted,10,0.6143511146496815,0,31,None,66,1,5,False,1000,1000
28586,191,unweighted,10,0.6171377388535032,0,31,None,66,1,5,False,1000,1000
28587,192,unweighted,10,0.6200238853503185,0,31,None,66,1,5,False,1000,1000
28588,193,unweighted,10,0.6224124203821656,0,31,None,66,1,5,False,1000,1000
28589,194,unweighted,10,0.6243033439490446,0,31,None,66,1,5,False,1000,1000
28590,190,unweighted,10,0.6126592356687898,0,24,None,66,1,5,False,1000,1000
28591,191,unweighted,10,0.6152468152866242,0,24,None,66,1,5,False,1000,1000
28592,192,unweighted,10,0.6208200636942676,0,24,None,66,1,5,False,1000,1000
28593,193,unweighted,10,0.6254976114649682,0,24,None,66,1,5,False,1000,1000
28594,194,unweighted,10,0.6298765923566879,0,24,None,66,1,5,False,1000,1000
28595,190,unweighted,10,0.5780254777070064,0,7,None,66,1,5,False,1000,1000
28596,191,unweighted,10,0.5785230891719745,0,7,None,66,1,5,False,1000,1000
28597,192,unweighted,10,0.5799164012738853,0,7,None,66,1,5,False,1000,1000
28598,193,unweighted,10,0.5803144904458599,0,7,None,66,1,5,False,1000,1000
28599,194,unweighted,10,0.5814092356687898,0,7,None,66,1,5,False,1000,1000
28600,190,unweighted,10,0.6429140127388535,0,16,None,66,1,5,False,1000,1000
28601,191,unweighted,10,0.6445063694267515,0,16,None,66,1,5,False,1000,1000
28602,192,unweighted,10,0.6465963375796179,0,16,None,66,1,5,False,1000,1000
28603,193,unweighted,10,0.6486863057324841,0,16,None,66,1,5,False,1000,1000
28604,194,unweighted,10,0.6498805732484076,0,16,None,66,1,5,False,1000,1000
28605,190,unweighted,10,0.6115644904458599,0,32,None,66,1,5,False,1000,1000
28606,191,unweighted,10,0.6118630573248408,0,32,None,66,1,5,False,1000,1000
28607,192,unweighted,10,0.6134554140127388,0,32,None,66,1,5,False,1000,1000
28608,193,unweighted,10,0.6143511146496815,0,32,None,66,1,5,False,1000,1000
28609,194,unweighted,10,0.6151472929936306,0,32,None,66,1,5,False,1000,1000
28610,190,unweighted,10,0.567078025477707,0,26,None,66,1,5,False,1000,1000
28611,191,unweighted,10,0.5685708598726115,0,26,None,66,1,5,False,1000,1000
28612,192,unweighted,10,0.5698646496815286,0,26,None,66,1,5,False,1000,1000
28613,193,unweighted,10,0.5715565286624203,0,26,None,66,1,5,False,1000,1000
28614,194,unweighted,10,0.572452229299363,0,26,None,66,1,5,False,1000,1000
28615,190,unweighted,10,0.6162420382165605,0,12,None,66,1,5,False,1000,1000
28616,191,unweighted,10,0.6188296178343949,0,12,None,66,1,5,False,1000,1000
28617,192,unweighted,10,0.6219148089171974,0,12,None,66,1,5,False,1000,1000
28618,193,unweighted,10,0.6244028662420382,0,12,None,66,1,5,False,1000,1000
28619,194,unweighted,10,0.6263933121019108,0,12,None,66,1,5,False,1000,1000
28620,190,unweighted,10,0.6064888535031847,0,30,None,66,1,5,False,1000,1000
28621,191,unweighted,10,0.6073845541401274,0,30,None,66,1,5,False,1000,1000
28622,192,unweighted,10,0.6088773885350318,0,30,None,66,1,5,False,1000,1000
28623,193,unweighted,10,0.6089769108280255,0,30,None,66,1,5,False,1000,1000
28624,194,unweighted,10,0.6101711783439491,0,30,None,66,1,5,False,1000,1000
28625,190,unweighted,10,0.5608081210191083,0,1,None,66,1,5,False,1000,1000
28626,191,unweighted,10,0.5620023885350318,0,1,None,66,1,5,False,1000,1000
28627,192,unweighted,10,0.5630971337579618,0,1,None,66,1,5,False,1000,1000
28628,193,unweighted,10,0.5646894904458599,0,1,None,66,1,5,False,1000,1000
28629,194,unweighted,10,0.5656847133757962,0,1,None,66,1,5,False,1000,1000
28630,190,unweighted,10,0.5581210191082803,0,2,None,66,1,5,False,1000,1000
28631,191,unweighted,10,0.5600119426751592,0,2,None,66,1,5,False,1000,1000
28632,192,unweighted,10,0.5620023885350318,0,2,None,66,1,5,False,1000,1000
28633,193,unweighted,10,0.56359474522293,0,2,None,66,1,5,False,1000,1000
28634,194,unweighted,10,0.5646894904458599,0,2,None,66,1,5,False,1000,1000
28635,190,unweighted,10,0.589171974522293,0,5,None,66,1,5,False,1000,1000
28636,191,unweighted,10,0.5903662420382165,0,5,None,66,1,5,False,1000,1000
28637,192,unweighted,10,0.5923566878980892,0,5,None,66,1,5,False,1000,1000
28638,193,unweighted,10,0.5941480891719745,0,5,None,66,1,5,False,1000,1000
28639,194,unweighted,10,0.5955414012738853,0,5,None,66,1,5,False,1000,1000
28640,190,unweighted,10,0.5833996815286624,0,8,None,66,1,5,False,1000,1000
28641,191,unweighted,10,0.5849920382165605,0,8,None,66,1,5,False,1000,1000
28642,192,unweighted,10,0.585390127388535,0,8,None,66,1,5,False,1000,1000
28643,193,unweighted,10,0.5855891719745223,0,8,None,66,1,5,False,1000,1000
28644,194,unweighted,10,0.5875796178343949,0,8,None,66,1,5,False,1000,1000
28645,190,unweighted,10,0.6012141719745223,0,13,None,66,1,5,False,1000,1000
28646,191,unweighted,10,0.6017117834394905,0,13,None,66,1,5,False,1000,1000
28647,192,unweighted,10,0.6036027070063694,0,13,None,66,1,5,False,1000,1000
28648,193,unweighted,10,0.6041003184713376,0,13,None,66,1,5,False,1000,1000
28649,194,unweighted,10,0.6041998407643312,0,13,None,66,1,5,False,1000,1000
28650,190,unweighted,10,0.6163415605095541,0,21,None,66,1,5,False,1000,1000
28651,191,unweighted,10,0.6176353503184714,0,21,None,66,1,5,False,1000,1000
28652,192,unweighted,10,0.6191281847133758,0,21,None,66,1,5,False,1000,1000
28653,193,unweighted,10,0.621218152866242,0,21,None,66,1,5,False,1000,1000
28654,194,unweighted,10,0.6233081210191083,0,21,None,66,1,5,False,1000,1000
28655,190,unweighted,10,0.620421974522293,0,27,None,66,1,5,False,1000,1000
28656,191,unweighted,10,0.6222133757961783,0,27,None,66,1,5,False,1000,1000
28657,192,unweighted,10,0.623109076433121,0,27,None,66,1,5,False,1000,1000
28658,193,unweighted,10,0.6249004777070064,0,27,None,66,1,5,False,1000,1000
28659,194,unweighted,10,0.6258957006369427,0,27,None,66,1,5,False,1000,1000
28660,190,unweighted,10,0.6122611464968153,0,3,None,66,1,5,False,1000,1000
28661,191,unweighted,10,0.6142515923566879,0,3,None,66,1,5,False,1000,1000
28662,192,unweighted,10,0.6156449044585988,0,3,None,66,1,5,False,1000,1000
28663,193,unweighted,10,0.6168391719745223,0,3,None,66,1,5,False,1000,1000
28664,194,unweighted,10,0.6191281847133758,0,3,None,66,1,5,False,1000,1000
28665,190,unweighted,10,0.4165007961783439,0,28,None,66,1,5,False,1000,1000
28666,191,unweighted,10,0.4358081210191082,0,28,None,66,1,5,False,1000,1000
28667,192,unweighted,10,0.4495421974522293,0,28,None,66,1,5,False,1000,1000
28668,193,unweighted,10,0.4624800955414013,0,28,None,66,1,5,False,1000,1000
28669,194,unweighted,10,0.4735270700636942,0,28,None,66,1,5,False,1000,1000
28670,190,unweighted,10,0.6056926751592356,0,29,None,66,1,5,False,1000,1000
28671,191,unweighted,10,0.6057921974522293,0,29,None,66,1,5,False,1000,1000
28672,192,unweighted,10,0.6057921974522293,0,29,None,66,1,5,False,1000,1000
28673,193,unweighted,10,0.6062898089171974,0,29,None,66,1,5,False,1000,1000
28674,194,unweighted,10,0.6062898089171974,0,29,None,66,1,5,False,1000,1000
28675,190,unweighted,10,0.5504578025477707,0,0,None,66,1,5,False,1000,1000
28676,191,unweighted,10,0.5516520700636943,0,0,None,66,1,5,False,1000,1000
28677,192,unweighted,10,0.5518511146496815,0,0,None,66,1,5,False,1000,1000
28678,193,unweighted,10,0.5520501592356688,0,0,None,66,1,5,False,1000,1000
28679,194,unweighted,10,0.553343949044586,0,0,None,66,1,5,False,1000,1000
28680,190,unweighted,10,0.5934514331210191,0,23,None,66,1,5,False,1000,1000
28681,191,unweighted,10,0.5952428343949044,0,23,None,66,1,5,False,1000,1000
28682,192,unweighted,10,0.5981289808917197,0,23,None,66,1,5,False,1000,1000
28683,193,unweighted,10,0.5996218152866242,0,23,None,66,1,5,False,1000,1000
28684,194,unweighted,10,0.6023089171974523,0,23,None,66,1,5,False,1000,1000
28685,190,unweighted,10,0.5849920382165605,0,4,None,66,1,5,False,1000,1000
28686,191,unweighted,10,0.5888734076433121,0,4,None,66,1,5,False,1000,1000
28687,192,unweighted,10,0.5913614649681529,0,4,None,66,1,5,False,1000,1000
28688,193,unweighted,10,0.5939490445859873,0,4,None,66,1,5,False,1000,1000
28689,194,unweighted,10,0.5963375796178344,0,4,None,66,1,5,False,1000,1000
28690,195,unweighted,10,0.5741441082802548,0,19,None,66,1,5,False,1000,1000
28691,196,unweighted,10,0.5785230891719745,0,19,None,66,1,5,False,1000,1000
28692,197,unweighted,10,0.5811106687898089,0,19,None,66,1,5,False,1000,1000
28693,198,unweighted,10,0.5830015923566879,0,19,None,66,1,5,False,1000,1000
28694,199,unweighted,10,0.5871815286624203,0,19,None,66,1,5,False,1000,1000
28695,195,unweighted,10,0.6242038216560509,0,31,None,66,1,5,False,1000,1000
28696,196,unweighted,10,0.6259952229299363,0,31,None,66,1,5,False,1000,1000
28697,197,unweighted,10,0.6284832802547771,0,31,None,66,1,5,False,1000,1000
28698,198,unweighted,10,0.6310708598726115,0,31,None,66,1,5,False,1000,1000
28699,199,unweighted,10,0.6343550955414012,0,31,None,66,1,5,False,1000,1000
28700,195,unweighted,10,0.6237062101910829,0,24,None,66,1,5,False,1000,1000
28701,196,unweighted,10,0.6289808917197452,0,24,None,66,1,5,False,1000,1000
28702,197,unweighted,10,0.6351512738853503,0,24,None,66,1,5,False,1000,1000
28703,198,unweighted,10,0.6394307324840764,0,24,None,66,1,5,False,1000,1000
28704,199,unweighted,10,0.6431130573248408,0,24,None,66,1,5,False,1000,1000
28705,190,unweighted,10,0.604796974522293,0,6,None,66,1,5,False,1000,1000
28706,191,unweighted,10,0.6051950636942676,0,6,None,66,1,5,False,1000,1000
28707,192,unweighted,10,0.6057921974522293,0,6,None,66,1,5,False,1000,1000
28708,193,unweighted,10,0.6053941082802548,0,6,None,66,1,5,False,1000,1000
28709,194,unweighted,10,0.6052945859872612,0,6,None,66,1,5,False,1000,1000
28710,190,unweighted,10,0.6192277070063694,0,9,None,66,1,5,False,1000,1000
28711,191,unweighted,10,0.6214171974522293,0,9,None,66,1,5,False,1000,1000
28712,192,unweighted,10,0.6238057324840764,0,9,None,66,1,5,False,1000,1000
28713,193,unweighted,10,0.6259952229299363,0,9,None,66,1,5,False,1000,1000
28714,194,unweighted,10,0.6290804140127388,0,9,None,66,1,5,False,1000,1000
28715,190,unweighted,10,0.5405055732484076,0,14,None,66,1,5,False,1000,1000
28716,191,unweighted,10,0.5444864649681529,0,14,None,66,1,5,False,1000,1000
28717,192,unweighted,10,0.5484673566878981,0,14,None,66,1,5,False,1000,1000
28718,193,unweighted,10,0.551453025477707,0,14,None,66,1,5,False,1000,1000
28719,194,unweighted,10,0.5545382165605095,0,14,None,66,1,5,False,1000,1000
28720,190,unweighted,10,0.6098726114649682,0,22,None,66,1,5,False,1000,1000
28721,191,unweighted,10,0.6113654458598726,0,22,None,66,1,5,False,1000,1000
28722,192,unweighted,10,0.6122611464968153,0,22,None,66,1,5,False,1000,1000
28723,193,unweighted,10,0.6148487261146497,0,22,None,66,1,5,False,1000,1000
28724,194,unweighted,10,0.6154458598726115,0,22,None,66,1,5,False,1000,1000
28725,195,unweighted,10,0.6512738853503185,0,16,None,66,1,5,False,1000,1000
28726,196,unweighted,10,0.6531648089171974,0,16,None,66,1,5,False,1000,1000
28727,197,unweighted,10,0.6547571656050956,0,16,None,66,1,5,False,1000,1000
28728,198,unweighted,10,0.6559514331210191,0,16,None,66,1,5,False,1000,1000
28729,199,unweighted,10,0.6578423566878981,0,16,None,66,1,5,False,1000,1000
28730,195,unweighted,10,0.613953025477707,0,30,None,66,1,5,False,1000,1000
28731,196,unweighted,10,0.6154458598726115,0,30,None,66,1,5,False,1000,1000
28732,197,unweighted,10,0.6165406050955414,0,30,None,66,1,5,False,1000,1000
28733,198,unweighted,10,0.6171377388535032,0,30,None,66,1,5,False,1000,1000
28734,199,unweighted,10,0.617734872611465,0,30,None,66,1,5,False,1000,1000
28735,195,unweighted,10,0.5846934713375797,0,7,None,66,1,5,False,1000,1000
28736,196,unweighted,10,0.5849920382165605,0,7,None,66,1,5,False,1000,1000
28737,197,unweighted,10,0.586484872611465,0,7,None,66,1,5,False,1000,1000
28738,198,unweighted,10,0.5881767515923567,0,7,None,66,1,5,False,1000,1000
28739,199,unweighted,10,0.5893710191082803,0,7,None,66,1,5,False,1000,1000
28740,195,unweighted,10,0.6221138535031847,0,15,None,66,1,5,False,1000,1000
28741,196,unweighted,10,0.6225119426751592,0,15,None,66,1,5,False,1000,1000
28742,197,unweighted,10,0.62390525477707,0,15,None,66,1,5,False,1000,1000
28743,198,unweighted,10,0.6244028662420382,0,15,None,66,1,5,False,1000,1000
28744,199,unweighted,10,0.6255971337579618,0,15,None,66,1,5,False,1000,1000
28745,195,unweighted,10,0.543093152866242,0,11,None,66,1,5,False,1000,1000
28746,196,unweighted,10,0.5442874203821656,0,11,None,66,1,5,False,1000,1000
28747,197,unweighted,10,0.544984076433121,0,11,None,66,1,5,False,1000,1000
28748,198,unweighted,10,0.5462778662420382,0,11,None,66,1,5,False,1000,1000
28749,199,unweighted,10,0.5466759554140127,0,11,None,66,1,5,False,1000,1000
28750,195,unweighted,10,0.64171974522293,0,17,None,66,1,5,False,1000,1000
28751,196,unweighted,10,0.6428144904458599,0,17,None,66,1,5,False,1000,1000
28752,197,unweighted,10,0.6435111464968153,0,17,None,66,1,5,False,1000,1000
28753,198,unweighted,10,0.6445063694267515,0,17,None,66,1,5,False,1000,1000
28754,199,unweighted,10,0.6461982484076433,0,17,None,66,1,5,False,1000,1000
28755,195,unweighted,10,0.6179339171974523,0,18,None,66,1,5,False,1000,1000
28756,196,unweighted,10,0.6189291401273885,0,18,None,66,1,5,False,1000,1000
28757,197,unweighted,10,0.6196257961783439,0,18,None,66,1,5,False,1000,1000
28758,198,unweighted,10,0.6206210191082803,0,18,None,66,1,5,False,1000,1000
28759,199,unweighted,10,0.6213176751592356,0,18,None,66,1,5,False,1000,1000
28760,195,unweighted,10,0.5816082802547771,0,25,None,66,1,5,False,1000,1000
28761,196,unweighted,10,0.5833996815286624,0,25,None,66,1,5,False,1000,1000
28762,197,unweighted,10,0.5857882165605095,0,25,None,66,1,5,False,1000,1000
28763,198,unweighted,10,0.5886743630573248,0,25,None,66,1,5,False,1000,1000
28764,199,unweighted,10,0.5901671974522293,0,25,None,66,1,5,False,1000,1000
28765,195,unweighted,10,0.5580214968152867,0,14,None,66,1,5,False,1000,1000
28766,196,unweighted,10,0.5624004777070064,0,14,None,66,1,5,False,1000,1000
28767,197,unweighted,10,0.567078025477707,0,14,None,66,1,5,False,1000,1000
28768,198,unweighted,10,0.5702627388535032,0,14,None,66,1,5,False,1000,1000
28769,199,unweighted,10,0.5737460191082803,0,14,None,66,1,5,False,1000,1000
28770,195,unweighted,10,0.6244028662420382,0,10,None,66,1,5,False,1000,1000
28771,196,unweighted,10,0.6252985668789809,0,10,None,66,1,5,False,1000,1000
28772,197,unweighted,10,0.6269904458598726,0,10,None,66,1,5,False,1000,1000
28773,198,unweighted,10,0.6284832802547771,0,10,None,66,1,5,False,1000,1000
28774,199,unweighted,10,0.6303742038216561,0,10,None,66,1,5,False,1000,1000
28775,195,unweighted,10,0.59484474522293,0,20,None,66,1,5,False,1000,1000
28776,196,unweighted,10,0.5966361464968153,0,20,None,66,1,5,False,1000,1000
28777,197,unweighted,10,0.5974323248407644,0,20,None,66,1,5,False,1000,1000
28778,198,unweighted,10,0.5980294585987261,0,20,None,66,1,5,False,1000,1000
28779,199,unweighted,10,0.6000199044585988,0,20,None,66,1,5,False,1000,1000
28780,195,unweighted,10,0.6196257961783439,0,22,None,66,1,5,False,1000,1000
28781,196,unweighted,10,0.6214171974522293,0,22,None,66,1,5,False,1000,1000
28782,197,unweighted,10,0.6224124203821656,0,22,None,66,1,5,False,1000,1000
28783,198,unweighted,10,0.6240047770700637,0,22,None,66,1,5,False,1000,1000
28784,199,unweighted,10,0.6263933121019108,0,22,None,66,1,5,False,1000,1000
28785,195,unweighted,10,0.6198248407643312,0,32,None,66,1,5,False,1000,1000
28786,196,unweighted,10,0.6214171974522293,0,32,None,66,1,5,False,1000,1000
28787,197,unweighted,10,0.6222133757961783,0,32,None,66,1,5,False,1000,1000
28788,198,unweighted,10,0.622312898089172,0,32,None,66,1,5,False,1000,1000
28789,199,unweighted,10,0.6241042993630573,0,32,None,66,1,5,False,1000,1000
28790,195,unweighted,10,0.5678742038216561,0,1,None,66,1,5,False,1000,1000
28791,196,unweighted,10,0.5684713375796179,0,1,None,66,1,5,False,1000,1000
28792,197,unweighted,10,0.5693670382165605,0,1,None,66,1,5,False,1000,1000
28793,198,unweighted,10,0.5704617834394905,0,1,None,66,1,5,False,1000,1000
28794,199,unweighted,10,0.5723527070063694,0,1,None,66,1,5,False,1000,1000
28795,195,unweighted,10,0.569765127388535,0,2,None,66,1,5,False,1000,1000
28796,196,unweighted,10,0.570859872611465,0,2,None,66,1,5,False,1000,1000
28797,197,unweighted,10,0.5725517515923567,0,2,None,66,1,5,False,1000,1000
28798,198,unweighted,10,0.5747412420382165,0,2,None,66,1,5,False,1000,1000
28799,199,unweighted,10,0.5773288216560509,0,2,None,66,1,5,False,1000,1000
28800,195,unweighted,10,0.5545382165605095,0,0,None,66,1,5,False,1000,1000
28801,196,unweighted,10,0.5557324840764332,0,0,None,66,1,5,False,1000,1000
28802,197,unweighted,10,0.5563296178343949,0,0,None,66,1,5,False,1000,1000
28803,198,unweighted,10,0.5572253184713376,0,0,None,66,1,5,False,1000,1000
28804,199,unweighted,10,0.5575238853503185,0,0,None,66,1,5,False,1000,1000
28805,195,unweighted,10,0.5940485668789809,0,4,None,66,1,5,False,1000,1000
28806,196,unweighted,10,0.5978304140127388,0,4,None,66,1,5,False,1000,1000
28807,197,unweighted,10,0.600218949044586,0,4,None,66,1,5,False,1000,1000
28808,198,unweighted,10,0.602906050955414,0,4,None,66,1,5,False,1000,1000
28809,199,unweighted,10,0.6049960191082803,0,4,None,66,1,5,False,1000,1000
28810,195,unweighted,10,0.597531847133758,0,5,None,66,1,5,False,1000,1000
28811,196,unweighted,10,0.5987261146496815,0,5,None,66,1,5,False,1000,1000
28812,197,unweighted,10,0.6009156050955414,0,5,None,66,1,5,False,1000,1000
28813,198,unweighted,10,0.6032046178343949,0,5,None,66,1,5,False,1000,1000
28814,199,unweighted,10,0.6058917197452229,0,5,None,66,1,5,False,1000,1000
28815,195,unweighted,10,0.5901671974522293,0,8,None,66,1,5,False,1000,1000
28816,196,unweighted,10,0.591062898089172,0,8,None,66,1,5,False,1000,1000
28817,197,unweighted,10,0.5913614649681529,0,8,None,66,1,5,False,1000,1000
28818,198,unweighted,10,0.5932523885350318,0,8,None,66,1,5,False,1000,1000
28819,199,unweighted,10,0.5945461783439491,0,8,None,66,1,5,False,1000,1000
28820,195,unweighted,10,0.6217157643312102,0,3,None,66,1,5,False,1000,1000
28821,196,unweighted,10,0.6235071656050956,0,3,None,66,1,5,False,1000,1000
28822,197,unweighted,10,0.6256966560509554,0,3,None,66,1,5,False,1000,1000
28823,198,unweighted,10,0.6277866242038217,0,3,None,66,1,5,False,1000,1000
28824,199,unweighted,10,0.629578025477707,0,3,None,66,1,5,False,1000,1000
28825,195,unweighted,10,0.627687101910828,0,9,None,66,1,5,False,1000,1000
28826,196,unweighted,10,0.6305732484076433,0,9,None,66,1,5,False,1000,1000
28827,197,unweighted,10,0.6334593949044586,0,9,None,66,1,5,False,1000,1000
28828,198,unweighted,10,0.6357484076433121,0,9,None,66,1,5,False,1000,1000
28829,199,unweighted,10,0.6389331210191083,0,9,None,66,1,5,False,1000,1000
28830,195,unweighted,10,0.6226114649681529,0,21,None,66,1,5,False,1000,1000
28831,196,unweighted,10,0.6241042993630573,0,21,None,66,1,5,False,1000,1000
28832,197,unweighted,10,0.6267914012738853,0,21,None,66,1,5,False,1000,1000
28833,198,unweighted,10,0.6290804140127388,0,21,None,66,1,5,False,1000,1000
28834,199,unweighted,10,0.6309713375796179,0,21,None,66,1,5,False,1000,1000
28835,195,unweighted,10,0.6105692675159236,0,13,None,66,1,5,False,1000,1000
28836,196,unweighted,10,0.6116640127388535,0,13,None,66,1,5,False,1000,1000
28837,197,unweighted,10,0.6119625796178344,0,13,None,66,1,5,False,1000,1000
28838,198,unweighted,10,0.6138535031847133,0,13,None,66,1,5,False,1000,1000
28839,199,unweighted,10,0.6154458598726115,0,13,None,66,1,5,False,1000,1000
28840,195,unweighted,10,0.6003184713375797,0,23,None,66,1,5,False,1000,1000
28841,196,unweighted,10,0.6027070063694268,0,23,None,66,1,5,False,1000,1000
28842,197,unweighted,10,0.6045979299363057,0,23,None,66,1,5,False,1000,1000
28843,198,unweighted,10,0.6070859872611465,0,23,None,66,1,5,False,1000,1000
28844,199,unweighted,10,0.6102707006369427,0,23,None,66,1,5,False,1000,1000
28845,195,unweighted,10,0.4206807324840764,0,28,None,66,1,5,False,1000,1000
28846,196,unweighted,10,0.4411823248407643,0,28,None,66,1,5,False,1000,1000
28847,197,unweighted,10,0.4599920382165605,0,28,None,66,1,5,False,1000,1000
28848,198,unweighted,10,0.474124203821656,0,28,None,66,1,5,False,1000,1000
28849,199,unweighted,10,0.4861664012738853,0,28,None,66,1,5,False,1000,1000
28850,195,unweighted,10,0.628781847133758,0,27,None,66,1,5,False,1000,1000
28851,196,unweighted,10,0.6294785031847133,0,27,None,66,1,5,False,1000,1000
28852,197,unweighted,10,0.6303742038216561,0,27,None,66,1,5,False,1000,1000
28853,198,unweighted,10,0.6324641719745223,0,27,None,66,1,5,False,1000,1000
28854,199,unweighted,10,0.6339570063694268,0,27,None,66,1,5,False,1000,1000
28855,195,unweighted,10,0.6116640127388535,0,29,None,66,1,5,False,1000,1000
28856,196,unweighted,10,0.6121616242038217,0,29,None,66,1,5,False,1000,1000
28857,197,unweighted,10,0.6132563694267515,0,29,None,66,1,5,False,1000,1000
28858,198,unweighted,10,0.6137539808917197,0,29,None,66,1,5,False,1000,1000
28859,199,unweighted,10,0.6155453821656051,0,29,None,66,1,5,False,1000,1000
28860,195,unweighted,10,0.6259952229299363,0,12,None,66,1,5,False,1000,1000
28861,196,unweighted,10,0.6277866242038217,0,12,None,66,1,5,False,1000,1000
28862,197,unweighted,10,0.6297770700636943,0,12,None,66,1,5,False,1000,1000
28863,198,unweighted,10,0.6325636942675159,0,12,None,66,1,5,False,1000,1000
28864,199,unweighted,10,0.6334593949044586,0,12,None,66,1,5,False,1000,1000
28865,195,unweighted,10,0.5726512738853503,0,26,None,66,1,5,False,1000,1000
28866,196,unweighted,10,0.5740445859872612,0,26,None,66,1,5,False,1000,1000
28867,197,unweighted,10,0.5753383757961783,0,26,None,66,1,5,False,1000,1000
28868,198,unweighted,10,0.575437898089172,0,26,None,66,1,5,False,1000,1000
28869,199,unweighted,10,0.576234076433121,0,26,None,66,1,5,False,1000,1000
28870,195,unweighted,10,0.6109673566878981,0,6,None,66,1,5,False,1000,1000
28871,196,unweighted,10,0.6114649681528662,0,6,None,66,1,5,False,1000,1000
28872,197,unweighted,10,0.6123606687898089,0,6,None,66,1,5,False,1000,1000
28873,198,unweighted,10,0.6128582802547771,0,6,None,66,1,5,False,1000,1000
28874,199,unweighted,10,0.613156847133758,0,6,None,66,1,5,False,1000,1000
0,0,degCent,10,0.0995222929936305,0,1,None,66,1,5,False,1000,1000
1,1,degCent,10,0.1663017515923567,0,1,None,66,1,5,False,1000,1000
2,2,degCent,10,0.201234076433121,0,1,None,66,1,5,False,1000,1000
3,3,degCent,10,0.2237261146496815,0,1,None,66,1,5,False,1000,1000
4,4,degCent,10,0.2578622611464968,0,1,None,66,1,5,False,1000,1000
5,0,degCent,10,0.2498009554140127,0,5,None,66,1,5,False,1000,1000
6,1,degCent,10,0.2768710191082802,0,5,None,66,1,5,False,1000,1000
7,2,degCent,10,0.2875199044585987,0,5,None,66,1,5,False,1000,1000
8,3,degCent,10,0.3596735668789809,0,5,None,66,1,5,False,1000,1000
9,4,degCent,10,0.4284434713375796,0,5,None,66,1,5,False,1000,1000
10,0,degCent,10,0.2477109872611465,0,13,None,66,1,5,False,1000,1000
11,1,degCent,10,0.354796974522293,0,13,None,66,1,5,False,1000,1000
12,2,degCent,10,0.4429737261146497,0,13,None,66,1,5,False,1000,1000
13,3,degCent,10,0.487858280254777,0,13,None,66,1,5,False,1000,1000
14,4,degCent,10,0.5216958598726115,0,13,None,66,1,5,False,1000,1000
15,0,degCent,10,0.1914808917197452,0,15,None,66,1,5,False,1000,1000
16,1,degCent,10,0.2552746815286624,0,15,None,66,1,5,False,1000,1000
17,2,degCent,10,0.3346934713375796,0,15,None,66,1,5,False,1000,1000
18,3,degCent,10,0.3897292993630573,0,15,None,66,1,5,False,1000,1000
19,4,degCent,10,0.4209792993630573,0,15,None,66,1,5,False,1000,1000
20,0,degCent,10,0.1522691082802547,0,16,None,66,1,5,False,1000,1000
21,1,degCent,10,0.1656050955414012,0,16,None,66,1,5,False,1000,1000
22,2,degCent,10,0.2304936305732484,0,16,None,66,1,5,False,1000,1000
23,3,degCent,10,0.2964769108280254,0,16,None,66,1,5,False,1000,1000
24,4,degCent,10,0.3233479299363057,0,16,None,66,1,5,False,1000,1000
25,0,degCent,10,0.1056926751592356,0,11,None,66,1,5,False,1000,1000
26,1,degCent,10,0.1640127388535031,0,11,None,66,1,5,False,1000,1000
27,2,degCent,10,0.3008558917197452,0,11,None,66,1,5,False,1000,1000
28,3,degCent,10,0.3702229299363057,0,11,None,66,1,5,False,1000,1000
29,4,degCent,10,0.4375995222929936,0,11,None,66,1,5,False,1000,1000
30,0,degCent,10,0.1092754777070063,0,19,None,66,1,5,False,1000,1000
31,1,degCent,10,0.1110668789808917,0,19,None,66,1,5,False,1000,1000
32,2,degCent,10,0.1814291401273885,0,19,None,66,1,5,False,1000,1000
33,3,degCent,10,0.2503980891719745,0,19,None,66,1,5,False,1000,1000
34,4,degCent,10,0.3275278662420382,0,19,None,66,1,5,False,1000,1000
35,0,degCent,10,0.2383558917197452,0,17,None,66,1,5,False,1000,1000
36,1,degCent,10,0.2872213375796178,0,17,None,66,1,5,False,1000,1000
37,2,degCent,10,0.3638535031847134,0,17,None,66,1,5,False,1000,1000
38,3,degCent,10,0.4091361464968153,0,17,None,66,1,5,False,1000,1000
39,4,degCent,10,0.4468550955414013,0,17,None,66,1,5,False,1000,1000
40,0,degCent,10,0.2550756369426751,0,21,None,66,1,5,False,1000,1000
41,1,degCent,10,0.3286226114649681,0,21,None,66,1,5,False,1000,1000
42,2,degCent,10,0.3390724522292994,0,21,None,66,1,5,False,1000,1000
43,3,degCent,10,0.3542993630573248,0,21,None,66,1,5,False,1000,1000
44,4,degCent,10,0.3750995222929936,0,21,None,66,1,5,False,1000,1000
45,0,degCent,10,0.3443471337579618,0,26,None,66,1,5,False,1000,1000
46,1,degCent,10,0.451234076433121,0,26,None,66,1,5,False,1000,1000
47,2,degCent,10,0.4374004777070063,0,26,None,66,1,5,False,1000,1000
48,3,degCent,10,0.4166998407643312,0,26,None,66,1,5,False,1000,1000
49,4,degCent,10,0.4038614649681528,0,26,None,66,1,5,False,1000,1000
50,0,degCent,10,0.1133558917197452,0,25,None,66,1,5,False,1000,1000
51,1,degCent,10,0.1771496815286624,0,25,None,66,1,5,False,1000,1000
52,2,degCent,10,0.2240246815286624,0,25,None,66,1,5,False,1000,1000
53,3,degCent,10,0.2754777070063694,0,25,None,66,1,5,False,1000,1000
54,4,degCent,10,0.2827428343949044,0,25,None,66,1,5,False,1000,1000
55,0,degCent,10,0.2313893312101911,0,12,None,66,1,5,False,1000,1000
56,1,degCent,10,0.2910031847133758,0,12,None,66,1,5,False,1000,1000
57,2,degCent,10,0.3304140127388535,0,12,None,66,1,5,False,1000,1000
58,3,degCent,10,0.419984076433121,0,12,None,66,1,5,False,1000,1000
59,4,degCent,10,0.4698447452229299,0,12,None,66,1,5,False,1000,1000
60,0,degCent,10,0.1839171974522293,0,24,None,66,1,5,False,1000,1000
61,1,degCent,10,0.3455414012738853,0,24,None,66,1,5,False,1000,1000
62,2,degCent,10,0.407046178343949,0,24,None,66,1,5,False,1000,1000
63,3,degCent,10,0.4642714968152866,0,24,None,66,1,5,False,1000,1000
64,4,degCent,10,0.4964171974522293,0,24,None,66,1,5,False,1000,1000
65,0,degCent,10,0.289609872611465,0,28,None,66,1,5,False,1000,1000
66,1,degCent,10,0.3157842356687898,0,28,None,66,1,5,False,1000,1000
67,2,degCent,10,0.3546974522292994,0,28,None,66,1,5,False,1000,1000
68,3,degCent,10,0.4003781847133758,0,28,None,66,1,5,False,1000,1000
69,4,degCent,10,0.425358280254777,0,28,None,66,1,5,False,1000,1000
70,0,degCent,10,0.1089769108280254,0,29,None,66,1,5,False,1000,1000
71,1,degCent,10,0.1638136942675159,0,29,None,66,1,5,False,1000,1000
72,2,degCent,10,0.2819466560509554,0,29,None,66,1,5,False,1000,1000
73,3,degCent,10,0.4022691082802547,0,29,None,66,1,5,False,1000,1000
74,4,degCent,10,0.4261544585987261,0,29,None,66,1,5,False,1000,1000
75,0,degCent,10,0.0995222929936305,0,9,None,66,1,5,False,1000,1000
76,1,degCent,10,0.1024084394904458,0,9,None,66,1,5,False,1000,1000
77,2,degCent,10,0.1634156050955414,0,9,None,66,1,5,False,1000,1000
78,3,degCent,10,0.188296178343949,0,9,None,66,1,5,False,1000,1000
79,4,degCent,10,0.1986464968152866,0,9,None,66,1,5,False,1000,1000
80,0,degCent,10,0.2067078025477707,0,30,None,66,1,5,False,1000,1000
81,1,degCent,10,0.2250199044585987,0,30,None,66,1,5,False,1000,1000
82,2,degCent,10,0.2034235668789809,0,30,None,66,1,5,False,1000,1000
83,3,degCent,10,0.1912818471337579,0,30,None,66,1,5,False,1000,1000
84,4,degCent,10,0.1997412420382165,0,30,None,66,1,5,False,1000,1000
85,0,degCent,10,0.1780453821656051,0,7,None,66,1,5,False,1000,1000
86,1,degCent,10,0.1801353503184713,0,7,None,66,1,5,False,1000,1000
87,2,degCent,10,0.2426353503184713,0,7,None,66,1,5,False,1000,1000
88,3,degCent,10,0.3832603503184713,0,7,None,66,1,5,False,1000,1000
89,4,degCent,10,0.4498407643312102,0,7,None,66,1,5,False,1000,1000
90,0,degCent,10,0.1038017515923566,0,27,None,66,1,5,False,1000,1000
91,1,degCent,10,0.1067874203821656,0,27,None,66,1,5,False,1000,1000
92,2,degCent,10,0.113953025477707,0,27,None,66,1,5,False,1000,1000
93,3,degCent,10,0.12390525477707,0,27,None,66,1,5,False,1000,1000
94,4,degCent,10,0.1477906050955414,0,27,None,66,1,5,False,1000,1000
95,0,degCent,10,0.1208200636942675,0,18,None,66,1,5,False,1000,1000
96,1,degCent,10,0.1895899681528662,0,18,None,66,1,5,False,1000,1000
97,2,degCent,10,0.2971735668789809,0,18,None,66,1,5,False,1000,1000
98,3,degCent,10,0.3541998407643312,0,18,None,66,1,5,False,1000,1000
99,4,degCent,10,0.3937101910828025,0,18,None,66,1,5,False,1000,1000
100,0,degCent,10,0.1926751592356688,0,31,None,66,1,5,False,1000,1000
101,1,degCent,10,0.2951831210191082,0,31,None,66,1,5,False,1000,1000
102,2,degCent,10,0.3221536624203822,0,31,None,66,1,5,False,1000,1000
103,3,degCent,10,0.3617635350318471,0,31,None,66,1,5,False,1000,1000
104,4,degCent,10,0.371218152866242,0,31,None,66,1,5,False,1000,1000
105,0,degCent,10,0.1765525477707006,0,6,None,66,1,5,False,1000,1000
106,1,degCent,10,0.2085987261146497,0,6,None,66,1,5,False,1000,1000
107,2,degCent,10,0.2482085987261146,0,6,None,66,1,5,False,1000,1000
108,3,degCent,10,0.2617436305732484,0,6,None,66,1,5,False,1000,1000
109,4,degCent,10,0.291202229299363,0,6,None,66,1,5,False,1000,1000
110,0,degCent,10,0.2384554140127388,0,8,None,66,1,5,False,1000,1000
111,1,degCent,10,0.2244227707006369,0,8,None,66,1,5,False,1000,1000
112,2,degCent,10,0.2638335987261146,0,8,None,66,1,5,False,1000,1000
113,3,degCent,10,0.317078025477707,0,8,None,66,1,5,False,1000,1000
114,4,degCent,10,0.3680334394904458,0,8,None,66,1,5,False,1000,1000
115,0,degCent,10,0.1731687898089172,0,3,None,66,1,5,False,1000,1000
116,1,degCent,10,0.3742038216560509,0,3,None,66,1,5,False,1000,1000
117,2,degCent,10,0.4173964968152866,0,3,None,66,1,5,False,1000,1000
118,3,degCent,10,0.4262539808917197,0,3,None,66,1,5,False,1000,1000
119,4,degCent,10,0.429140127388535,0,3,None,66,1,5,False,1000,1000
120,0,degCent,10,0.1096735668789808,0,10,None,66,1,5,False,1000,1000
121,1,degCent,10,0.172671178343949,0,10,None,66,1,5,False,1000,1000
122,2,degCent,10,0.3173765923566879,0,10,None,66,1,5,False,1000,1000
123,3,degCent,10,0.3599721337579618,0,10,None,66,1,5,False,1000,1000
124,4,degCent,10,0.3832603503184713,0,10,None,66,1,5,False,1000,1000
125,0,degCent,10,0.0995222929936305,0,20,None,66,1,5,False,1000,1000
126,1,degCent,10,0.0995222929936305,0,20,None,66,1,5,False,1000,1000
127,2,degCent,10,0.1097730891719745,0,20,None,66,1,5,False,1000,1000
128,3,degCent,10,0.1476910828025477,0,20,None,66,1,5,False,1000,1000
129,4,degCent,10,0.1937699044585987,0,20,None,66,1,5,False,1000,1000
130,0,degCent,10,0.1305732484076433,0,32,None,66,1,5,False,1000,1000
131,1,degCent,10,0.1655055732484076,0,32,None,66,1,5,False,1000,1000
132,2,degCent,10,0.2055135350318471,0,32,None,66,1,5,False,1000,1000
133,3,degCent,10,0.2679140127388535,0,32,None,66,1,5,False,1000,1000
134,4,degCent,10,0.3181727707006369,0,32,None,66,1,5,False,1000,1000
135,0,degCent,10,0.2469148089171974,0,2,None,66,1,5,False,1000,1000
136,1,degCent,10,0.3150875796178344,0,2,None,66,1,5,False,1000,1000
137,2,degCent,10,0.3729100318471338,0,2,None,66,1,5,False,1000,1000
138,3,degCent,10,0.4459593949044586,0,2,None,66,1,5,False,1000,1000
139,4,degCent,10,0.4762141719745223,0,2,None,66,1,5,False,1000,1000
140,0,degCent,10,0.1454020700636942,0,14,None,66,1,5,False,1000,1000
141,1,degCent,10,0.2699044585987261,0,14,None,66,1,5,False,1000,1000
142,2,degCent,10,0.3305135350318471,0,14,None,66,1,5,False,1000,1000
143,3,degCent,10,0.3363853503184713,0,14,None,66,1,5,False,1000,1000
144,4,degCent,10,0.3320063694267516,0,14,None,66,1,5,False,1000,1000
145,0,degCent,10,0.1071855095541401,0,4,None,66,1,5,False,1000,1000
146,1,degCent,10,0.1535628980891719,0,4,None,66,1,5,False,1000,1000
147,2,degCent,10,0.3395700636942675,0,4,None,66,1,5,False,1000,1000
148,3,degCent,10,0.3806727707006369,0,4,None,66,1,5,False,1000,1000
149,4,degCent,10,0.3603702229299363,0,4,None,66,1,5,False,1000,1000
150,0,degCent,10,0.1057921974522293,0,22,None,66,1,5,False,1000,1000
151,1,degCent,10,0.1794386942675159,0,22,None,66,1,5,False,1000,1000
152,2,degCent,10,0.3133957006369426,0,22,None,66,1,5,False,1000,1000
153,3,degCent,10,0.3623606687898089,0,22,None,66,1,5,False,1000,1000
154,4,degCent,10,0.376890923566879,0,22,None,66,1,5,False,1000,1000
155,0,degCent,10,0.3220541401273885,0,23,None,66,1,5,False,1000,1000
156,1,degCent,10,0.4058519108280254,0,23,None,66,1,5,False,1000,1000
157,2,degCent,10,0.357484076433121,0,23,None,66,1,5,False,1000,1000
158,3,degCent,10,0.3204617834394904,0,23,None,66,1,5,False,1000,1000
159,4,degCent,10,0.3276273885350318,0,23,None,66,1,5,False,1000,1000
160,0,degCent,10,0.1031050955414012,0,0,None,66,1,5,False,1000,1000
161,1,degCent,10,0.174562101910828,0,0,None,66,1,5,False,1000,1000
162,2,degCent,10,0.2482085987261146,0,0,None,66,1,5,False,1000,1000
163,3,degCent,10,0.3076234076433121,0,0,None,66,1,5,False,1000,1000
164,4,degCent,10,0.3578821656050955,0,0,None,66,1,5,False,1000,1000
165,5,degCent,10,0.1004179936305732,0,26,None,66,1,5,False,1000,1000
166,6,degCent,10,0.1665007961783439,0,26,None,66,1,5,False,1000,1000
167,7,degCent,10,0.2396496815286624,0,26,None,66,1,5,False,1000,1000
168,8,degCent,10,0.2621417197452229,0,26,None,66,1,5,False,1000,1000
169,9,degCent,10,0.2700039808917197,0,26,None,66,1,5,False,1000,1000
170,5,degCent,10,0.3683320063694267,0,22,None,66,1,5,False,1000,1000
171,6,degCent,10,0.3376791401273885,0,22,None,66,1,5,False,1000,1000
172,7,degCent,10,0.2924960191082802,0,22,None,66,1,5,False,1000,1000
173,8,degCent,10,0.2748805732484076,0,22,None,66,1,5,False,1000,1000
174,9,degCent,10,0.2736863057324841,0,22,None,66,1,5,False,1000,1000
175,5,degCent,10,0.3811703821656051,0,32,None,66,1,5,False,1000,1000
176,6,degCent,10,0.3447452229299363,0,32,None,66,1,5,False,1000,1000
177,7,degCent,10,0.3246417197452229,0,32,None,66,1,5,False,1000,1000
178,8,degCent,10,0.3123009554140127,0,32,None,66,1,5,False,1000,1000
179,9,degCent,10,0.303343949044586,0,32,None,66,1,5,False,1000,1000
180,5,degCent,10,0.419984076433121,0,1,None,66,1,5,False,1000,1000
181,6,degCent,10,0.4323248407643312,0,1,None,66,1,5,False,1000,1000
182,7,degCent,10,0.3953025477707006,0,1,None,66,1,5,False,1000,1000
183,8,degCent,10,0.3884355095541401,0,1,None,66,1,5,False,1000,1000
184,9,degCent,10,0.440983280254777,0,1,None,66,1,5,False,1000,1000
185,5,degCent,10,0.3942078025477707,0,23,None,66,1,5,False,1000,1000
186,6,degCent,10,0.408937101910828,0,23,None,66,1,5,False,1000,1000
187,7,degCent,10,0.3988853503184713,0,23,None,66,1,5,False,1000,1000
188,8,degCent,10,0.4635748407643312,0,23,None,66,1,5,False,1000,1000
189,9,degCent,10,0.4761146496815286,0,23,None,66,1,5,False,1000,1000
190,5,degCent,10,0.2455214968152866,0,6,None,66,1,5,False,1000,1000
191,6,degCent,10,0.1717754777070063,0,6,None,66,1,5,False,1000,1000
192,7,degCent,10,0.0995222929936305,0,6,None,66,1,5,False,1000,1000
193,8,degCent,10,0.0995222929936305,0,6,None,66,1,5,False,1000,1000
194,9,degCent,10,0.0995222929936305,0,6,None,66,1,5,False,1000,1000
195,5,degCent,10,0.1897890127388535,0,16,None,66,1,5,False,1000,1000
196,6,degCent,10,0.1915804140127388,0,16,None,66,1,5,False,1000,1000
197,7,degCent,10,0.1906847133757961,0,16,None,66,1,5,False,1000,1000
198,8,degCent,10,0.1910828025477707,0,16,None,66,1,5,False,1000,1000
199,9,degCent,10,0.1915804140127388,0,16,None,66,1,5,False,1000,1000
200,5,degCent,10,0.1713773885350318,0,25,None,66,1,5,False,1000,1000
201,6,degCent,10,0.1677945859872611,0,25,None,66,1,5,False,1000,1000
202,7,degCent,10,0.1664012738853503,0,25,None,66,1,5,False,1000,1000
203,8,degCent,10,0.1676950636942675,0,25,None,66,1,5,False,1000,1000
204,9,degCent,10,0.1754578025477707,0,25,None,66,1,5,False,1000,1000
205,5,degCent,10,0.0995222929936305,0,14,None,66,1,5,False,1000,1000
206,6,degCent,10,0.0995222929936305,0,14,None,66,1,5,False,1000,1000
207,7,degCent,10,0.0995222929936305,0,14,None,66,1,5,False,1000,1000
208,8,degCent,10,0.0995222929936305,0,14,None,66,1,5,False,1000,1000
209,9,degCent,10,0.0995222929936305,0,14,None,66,1,5,False,1000,1000
210,5,degCent,10,0.3495222929936306,0,13,None,66,1,5,False,1000,1000
211,6,degCent,10,0.4057523885350318,0,13,None,66,1,5,False,1000,1000
212,7,degCent,10,0.4349124203821656,0,13,None,66,1,5,False,1000,1000
213,8,degCent,10,0.4528264331210191,0,13,None,66,1,5,False,1000,1000
214,9,degCent,10,0.4677547770700637,0,13,None,66,1,5,False,1000,1000
215,5,degCent,10,0.1021098726114649,0,24,None,66,1,5,False,1000,1000
216,6,degCent,10,0.0995222929936305,0,24,None,66,1,5,False,1000,1000
217,7,degCent,10,0.1000199044585987,0,24,None,66,1,5,False,1000,1000
218,8,degCent,10,0.1094745222929936,0,24,None,66,1,5,False,1000,1000
219,9,degCent,10,0.130374203821656,0,24,None,66,1,5,False,1000,1000
220,5,degCent,10,0.3706210191082802,0,27,None,66,1,5,False,1000,1000
221,6,degCent,10,0.3852507961783439,0,27,None,66,1,5,False,1000,1000
222,7,degCent,10,0.3839570063694267,0,27,None,66,1,5,False,1000,1000
223,8,degCent,10,0.3834593949044586,0,27,None,66,1,5,False,1000,1000
224,9,degCent,10,0.3862460191082802,0,27,None,66,1,5,False,1000,1000
225,5,degCent,10,0.2750796178343949,0,30,None,66,1,5,False,1000,1000
226,6,degCent,10,0.2650278662420382,0,30,None,66,1,5,False,1000,1000
227,7,degCent,10,0.2552746815286624,0,30,None,66,1,5,False,1000,1000
228,8,degCent,10,0.2461186305732484,0,30,None,66,1,5,False,1000,1000
229,9,degCent,10,0.2406449044585987,0,30,None,66,1,5,False,1000,1000
230,5,degCent,10,0.2947850318471338,0,29,None,66,1,5,False,1000,1000
231,6,degCent,10,0.2974721337579618,0,29,None,66,1,5,False,1000,1000
232,7,degCent,10,0.3049363057324841,0,29,None,66,1,5,False,1000,1000
233,8,degCent,10,0.3180732484076433,0,29,None,66,1,5,False,1000,1000
234,9,degCent,10,0.337281050955414,0,29,None,66,1,5,False,1000,1000
235,5,degCent,10,0.163515127388535,0,31,None,66,1,5,False,1000,1000
236,6,degCent,10,0.1493829617834395,0,31,None,66,1,5,False,1000,1000
237,7,degCent,10,0.1578423566878981,0,31,None,66,1,5,False,1000,1000
238,8,degCent,10,0.1797372611464968,0,31,None,66,1,5,False,1000,1000
239,9,degCent,10,0.2023288216560509,0,31,None,66,1,5,False,1000,1000
240,5,degCent,10,0.0995222929936305,0,19,None,66,1,5,False,1000,1000
241,6,degCent,10,0.0995222929936305,0,19,None,66,1,5,False,1000,1000
242,7,degCent,10,0.0995222929936305,0,19,None,66,1,5,False,1000,1000
243,8,degCent,10,0.0995222929936305,0,19,None,66,1,5,False,1000,1000
244,9,degCent,10,0.1033041401273885,0,19,None,66,1,5,False,1000,1000
245,5,degCent,10,0.2514928343949044,0,8,None,66,1,5,False,1000,1000
246,6,degCent,10,0.286624203821656,0,8,None,66,1,5,False,1000,1000
247,7,degCent,10,0.3012539808917197,0,8,None,66,1,5,False,1000,1000
248,8,degCent,10,0.3102109872611465,0,8,None,66,1,5,False,1000,1000
249,9,degCent,10,0.315983280254777,0,8,None,66,1,5,False,1000,1000
250,5,degCent,10,0.434514331210191,0,21,None,66,1,5,False,1000,1000
251,6,degCent,10,0.4544187898089172,0,21,None,66,1,5,False,1000,1000
252,7,degCent,10,0.4753184713375796,0,21,None,66,1,5,False,1000,1000
253,8,degCent,10,0.4588972929936306,0,21,None,66,1,5,False,1000,1000
254,9,degCent,10,0.4251592356687898,0,21,None,66,1,5,False,1000,1000
255,5,degCent,10,0.2836385350318471,0,2,None,66,1,5,False,1000,1000
256,6,degCent,10,0.3335987261146497,0,2,None,66,1,5,False,1000,1000
257,7,degCent,10,0.3539012738853503,0,2,None,66,1,5,False,1000,1000
258,8,degCent,10,0.3515127388535032,0,2,None,66,1,5,False,1000,1000
259,9,degCent,10,0.3419585987261146,0,2,None,66,1,5,False,1000,1000
260,5,degCent,10,0.1991441082802547,0,0,None,66,1,5,False,1000,1000
261,6,degCent,10,0.213077229299363,0,0,None,66,1,5,False,1000,1000
262,7,degCent,10,0.226015127388535,0,0,None,66,1,5,False,1000,1000
263,8,degCent,10,0.2393511146496815,0,0,None,66,1,5,False,1000,1000
264,9,degCent,10,0.2461186305732484,0,0,None,66,1,5,False,1000,1000
265,5,degCent,10,0.4731289808917197,0,3,None,66,1,5,False,1000,1000
266,6,degCent,10,0.4376990445859872,0,3,None,66,1,5,False,1000,1000
267,7,degCent,10,0.4320262738853503,0,3,None,66,1,5,False,1000,1000
268,8,degCent,10,0.4205812101910828,0,3,None,66,1,5,False,1000,1000
269,9,degCent,10,0.4139132165605095,0,3,None,66,1,5,False,1000,1000
270,5,degCent,10,0.1208200636942675,0,4,None,66,1,5,False,1000,1000
271,6,degCent,10,0.1666998407643312,0,4,None,66,1,5,False,1000,1000
272,7,degCent,10,0.234375,0,4,None,66,1,5,False,1000,1000
273,8,degCent,10,0.3263335987261146,0,4,None,66,1,5,False,1000,1000
274,9,degCent,10,0.3637539808917197,0,4,None,66,1,5,False,1000,1000
275,5,degCent,10,0.4607882165605095,0,5,None,66,1,5,False,1000,1000
276,6,degCent,10,0.4093351910828025,0,5,None,66,1,5,False,1000,1000
277,7,degCent,10,0.3671377388535032,0,5,None,66,1,5,False,1000,1000
278,8,degCent,10,0.3254378980891719,0,5,None,66,1,5,False,1000,1000
279,9,degCent,10,0.2983678343949044,0,5,None,66,1,5,False,1000,1000
280,5,degCent,10,0.4435708598726114,0,7,None,66,1,5,False,1000,1000
281,6,degCent,10,0.4430732484076433,0,7,None,66,1,5,False,1000,1000
282,7,degCent,10,0.4340167197452229,0,7,None,66,1,5,False,1000,1000
283,8,degCent,10,0.4239649681528662,0,7,None,66,1,5,False,1000,1000
284,9,degCent,10,0.4143113057324841,0,7,None,66,1,5,False,1000,1000
285,5,degCent,10,0.4305334394904458,0,10,None,66,1,5,False,1000,1000
286,6,degCent,10,0.4288415605095541,0,10,None,66,1,5,False,1000,1000
287,7,degCent,10,0.419984076433121,0,10,None,66,1,5,False,1000,1000
288,8,degCent,10,0.410828025477707,0,10,None,66,1,5,False,1000,1000
289,9,degCent,10,0.4015724522292994,0,10,None,66,1,5,False,1000,1000
290,5,degCent,10,0.3575835987261146,0,9,None,66,1,5,False,1000,1000
291,6,degCent,10,0.3477308917197452,0,9,None,66,1,5,False,1000,1000
292,7,degCent,10,0.3471337579617834,0,9,None,66,1,5,False,1000,1000
293,8,degCent,10,0.3290207006369426,0,9,None,66,1,5,False,1000,1000
294,9,degCent,10,0.306827229299363,0,9,None,66,1,5,False,1000,1000
295,5,degCent,10,0.3985867834394904,0,11,None,66,1,5,False,1000,1000
296,6,degCent,10,0.3719148089171974,0,11,None,66,1,5,False,1000,1000
297,7,degCent,10,0.3747014331210191,0,11,None,66,1,5,False,1000,1000
298,8,degCent,10,0.3890326433121019,0,11,None,66,1,5,False,1000,1000
299,9,degCent,10,0.4076433121019108,0,11,None,66,1,5,False,1000,1000
300,5,degCent,10,0.4092356687898089,0,12,None,66,1,5,False,1000,1000
301,6,degCent,10,0.3930135350318471,0,12,None,66,1,5,False,1000,1000
302,7,degCent,10,0.4322253184713376,0,12,None,66,1,5,False,1000,1000
303,8,degCent,10,0.4923367834394904,0,12,None,66,1,5,False,1000,1000
304,9,degCent,10,0.4749203821656051,0,12,None,66,1,5,False,1000,1000
305,5,degCent,10,0.3934116242038216,0,15,None,66,1,5,False,1000,1000
306,6,degCent,10,0.3861464968152866,0,15,None,66,1,5,False,1000,1000
307,7,degCent,10,0.3893312101910828,0,15,None,66,1,5,False,1000,1000
308,8,degCent,10,0.3944068471337579,0,15,None,66,1,5,False,1000,1000
309,9,degCent,10,0.4002786624203822,0,15,None,66,1,5,False,1000,1000
310,5,degCent,10,0.4517316878980891,0,17,None,66,1,5,False,1000,1000
311,6,degCent,10,0.4530254777070063,0,17,None,66,1,5,False,1000,1000
312,7,degCent,10,0.4645700636942675,0,17,None,66,1,5,False,1000,1000
313,8,degCent,10,0.4756170382165605,0,17,None,66,1,5,False,1000,1000
314,9,degCent,10,0.4980095541401274,0,17,None,66,1,5,False,1000,1000
315,5,degCent,10,0.421875,0,18,None,66,1,5,False,1000,1000
316,6,degCent,10,0.3893312101910828,0,18,None,66,1,5,False,1000,1000
317,7,degCent,10,0.3671377388535032,0,18,None,66,1,5,False,1000,1000
318,8,degCent,10,0.3678343949044586,0,18,None,66,1,5,False,1000,1000
319,9,degCent,10,0.3770899681528662,0,18,None,66,1,5,False,1000,1000
320,5,degCent,10,0.1890923566878981,0,20,None,66,1,5,False,1000,1000
321,6,degCent,10,0.1418192675159235,0,20,None,66,1,5,False,1000,1000
322,7,degCent,10,0.1167396496815286,0,20,None,66,1,5,False,1000,1000
323,8,degCent,10,0.1229100318471337,0,20,None,66,1,5,False,1000,1000
324,9,degCent,10,0.1292794585987261,0,20,None,66,1,5,False,1000,1000
325,5,degCent,10,0.4881568471337579,0,28,None,66,1,5,False,1000,1000
326,6,degCent,10,0.5030851910828026,0,28,None,66,1,5,False,1000,1000
327,7,degCent,10,0.4880573248407643,0,28,None,66,1,5,False,1000,1000
328,8,degCent,10,0.4671576433121019,0,28,None,66,1,5,False,1000,1000
329,9,degCent,10,0.4314291401273885,0,28,None,66,1,5,False,1000,1000
330,10,degCent,10,0.298765923566879,0,1,None,66,1,5,False,1000,1000
331,11,degCent,10,0.3695262738853503,0,1,None,66,1,5,False,1000,1000
332,12,degCent,10,0.3674363057324841,0,1,None,66,1,5,False,1000,1000
333,13,degCent,10,0.3268312101910828,0,1,None,66,1,5,False,1000,1000
334,14,degCent,10,0.3011544585987261,0,1,None,66,1,5,False,1000,1000
335,10,degCent,10,0.3968949044585987,0,28,None,66,1,5,False,1000,1000
336,11,degCent,10,0.4289410828025478,0,28,None,66,1,5,False,1000,1000
337,12,degCent,10,0.4246616242038216,0,28,None,66,1,5,False,1000,1000
338,13,degCent,10,0.4084394904458598,0,28,None,66,1,5,False,1000,1000
339,14,degCent,10,0.379578025477707,0,28,None,66,1,5,False,1000,1000
340,10,degCent,10,0.2292993630573248,0,29,None,66,1,5,False,1000,1000
341,11,degCent,10,0.2231289808917197,0,29,None,66,1,5,False,1000,1000
342,12,degCent,10,0.2206409235668789,0,29,None,66,1,5,False,1000,1000
343,13,degCent,10,0.2197452229299363,0,29,None,66,1,5,False,1000,1000
344,14,degCent,10,0.21875,0,29,None,66,1,5,False,1000,1000
345,10,degCent,10,0.4411823248407643,0,15,None,66,1,5,False,1000,1000
346,11,degCent,10,0.4320262738853503,0,15,None,66,1,5,False,1000,1000
347,12,degCent,10,0.4152070063694267,0,15,None,66,1,5,False,1000,1000
348,13,degCent,10,0.4019705414012738,0,15,None,66,1,5,False,1000,1000
349,14,degCent,10,0.3971934713375796,0,15,None,66,1,5,False,1000,1000
350,10,degCent,10,0.3611664012738853,0,5,None,66,1,5,False,1000,1000
351,11,degCent,10,0.3265326433121019,0,5,None,66,1,5,False,1000,1000
352,12,degCent,10,0.2825437898089172,0,5,None,66,1,5,False,1000,1000
353,13,degCent,10,0.259952229299363,0,5,None,66,1,5,False,1000,1000
354,14,degCent,10,0.2478105095541401,0,5,None,66,1,5,False,1000,1000
355,10,degCent,10,0.2057125796178344,0,30,None,66,1,5,False,1000,1000
356,11,degCent,10,0.2151671974522293,0,30,None,66,1,5,False,1000,1000
357,12,degCent,10,0.2283041401273885,0,30,None,66,1,5,False,1000,1000
358,13,degCent,10,0.245421974522293,0,30,None,66,1,5,False,1000,1000
359,14,degCent,10,0.2585589171974522,0,30,None,66,1,5,False,1000,1000
360,10,degCent,10,0.3962977707006369,0,7,None,66,1,5,False,1000,1000
361,11,degCent,10,0.3630573248407643,0,7,None,66,1,5,False,1000,1000
362,12,degCent,10,0.3329020700636942,0,7,None,66,1,5,False,1000,1000
363,13,degCent,10,0.3125995222929936,0,7,None,66,1,5,False,1000,1000
364,14,degCent,10,0.3031449044585987,0,7,None,66,1,5,False,1000,1000
365,10,degCent,10,0.2533837579617834,0,16,None,66,1,5,False,1000,1000
366,11,degCent,10,0.2272093949044586,0,16,None,66,1,5,False,1000,1000
367,12,degCent,10,0.2521894904458598,0,16,None,66,1,5,False,1000,1000
368,13,degCent,10,0.2558718152866242,0,16,None,66,1,5,False,1000,1000
369,14,degCent,10,0.2474124203821656,0,16,None,66,1,5,False,1000,1000
370,10,degCent,10,0.2973726114649681,0,14,None,66,1,5,False,1000,1000
371,11,degCent,10,0.263734076433121,0,14,None,66,1,5,False,1000,1000
372,12,degCent,10,0.2631369426751592,0,14,None,66,1,5,False,1000,1000
373,13,degCent,10,0.2634355095541401,0,14,None,66,1,5,False,1000,1000
374,14,degCent,10,0.2638335987261146,0,14,None,66,1,5,False,1000,1000
375,10,degCent,10,0.3665406050955414,0,25,None,66,1,5,False,1000,1000
376,11,degCent,10,0.31140525477707,0,25,None,66,1,5,False,1000,1000
377,12,degCent,10,0.2911027070063694,0,25,None,66,1,5,False,1000,1000
378,13,degCent,10,0.2845342356687898,0,25,None,66,1,5,False,1000,1000
379,14,degCent,10,0.2926950636942675,0,25,None,66,1,5,False,1000,1000
380,10,degCent,10,0.3729100318471338,0,9,None,66,1,5,False,1000,1000
381,11,degCent,10,0.3618630573248407,0,9,None,66,1,5,False,1000,1000
382,12,degCent,10,0.3394705414012738,0,9,None,66,1,5,False,1000,1000
383,13,degCent,10,0.3075238853503185,0,9,None,66,1,5,False,1000,1000
384,14,degCent,10,0.2895103503184713,0,9,None,66,1,5,False,1000,1000
385,10,degCent,10,0.2078025477707006,0,26,None,66,1,5,False,1000,1000
386,11,degCent,10,0.2401472929936305,0,26,None,66,1,5,False,1000,1000
387,12,degCent,10,0.2604498407643312,0,26,None,66,1,5,False,1000,1000
388,13,degCent,10,0.2708996815286624,0,26,None,66,1,5,False,1000,1000
389,14,degCent,10,0.2752786624203822,0,26,None,66,1,5,False,1000,1000
390,10,degCent,10,0.3438495222929936,0,24,None,66,1,5,False,1000,1000
391,11,degCent,10,0.3089171974522293,0,24,None,66,1,5,False,1000,1000
392,12,degCent,10,0.3070262738853503,0,24,None,66,1,5,False,1000,1000
393,13,degCent,10,0.3333996815286624,0,24,None,66,1,5,False,1000,1000
394,14,degCent,10,0.3552945859872611,0,24,None,66,1,5,False,1000,1000
395,10,degCent,10,0.1000199044585987,0,19,None,66,1,5,False,1000,1000
396,11,degCent,10,0.1052945859872611,0,19,None,66,1,5,False,1000,1000
397,12,degCent,10,0.1205214968152866,0,19,None,66,1,5,False,1000,1000
398,13,degCent,10,0.1355493630573248,0,19,None,66,1,5,False,1000,1000
399,14,degCent,10,0.1448049363057325,0,19,None,66,1,5,False,1000,1000
400,10,degCent,10,0.3967953821656051,0,21,None,66,1,5,False,1000,1000
401,11,degCent,10,0.4277468152866242,0,21,None,66,1,5,False,1000,1000
402,12,degCent,10,0.387639331210191,0,21,None,66,1,5,False,1000,1000
403,13,degCent,10,0.3378781847133758,0,21,None,66,1,5,False,1000,1000
404,14,degCent,10,0.4018710191082802,0,21,None,66,1,5,False,1000,1000
405,10,degCent,10,0.3307125796178344,0,18,None,66,1,5,False,1000,1000
406,11,degCent,10,0.3117038216560509,0,18,None,66,1,5,False,1000,1000
407,12,degCent,10,0.2948845541401274,0,18,None,66,1,5,False,1000,1000
408,13,degCent,10,0.2829418789808917,0,18,None,66,1,5,False,1000,1000
409,14,degCent,10,0.2758757961783439,0,18,None,66,1,5,False,1000,1000
410,10,degCent,10,0.2822452229299363,0,27,None,66,1,5,False,1000,1000
411,11,degCent,10,0.3092157643312102,0,27,None,66,1,5,False,1000,1000
412,12,degCent,10,0.3181727707006369,0,27,None,66,1,5,False,1000,1000
413,13,degCent,10,0.3233479299363057,0,27,None,66,1,5,False,1000,1000
414,14,degCent,10,0.3273288216560509,0,27,None,66,1,5,False,1000,1000
415,10,degCent,10,0.4841759554140127,0,31,None,66,1,5,False,1000,1000
416,11,degCent,10,0.4111265923566879,0,31,None,66,1,5,False,1000,1000
417,12,degCent,10,0.3644506369426751,0,31,None,66,1,5,False,1000,1000
418,13,degCent,10,0.3257364649681528,0,31,None,66,1,5,False,1000,1000
419,14,degCent,10,0.3118033439490446,0,31,None,66,1,5,False,1000,1000
420,10,degCent,10,0.2643312101910828,0,13,None,66,1,5,False,1000,1000
421,11,degCent,10,0.3082205414012738,0,13,None,66,1,5,False,1000,1000
422,12,degCent,10,0.3225517515923566,0,13,None,66,1,5,False,1000,1000
423,13,degCent,10,0.3271297770700637,0,13,None,66,1,5,False,1000,1000
424,14,degCent,10,0.3291202229299363,0,13,None,66,1,5,False,1000,1000
425,10,degCent,10,0.4123208598726114,0,12,None,66,1,5,False,1000,1000
426,11,degCent,10,0.3700238853503185,0,12,None,66,1,5,False,1000,1000
427,12,degCent,10,0.3543988853503185,0,12,None,66,1,5,False,1000,1000
428,13,degCent,10,0.359375,0,12,None,66,1,5,False,1000,1000
429,14,degCent,10,0.3710191082802547,0,12,None,66,1,5,False,1000,1000
430,10,degCent,10,0.2699044585987261,0,6,None,66,1,5,False,1000,1000
431,11,degCent,10,0.2660230891719745,0,6,None,66,1,5,False,1000,1000
432,12,degCent,10,0.2634355095541401,0,6,None,66,1,5,False,1000,1000
433,13,degCent,10,0.2608479299363057,0,6,None,66,1,5,False,1000,1000
434,14,degCent,10,0.2580613057324841,0,6,None,66,1,5,False,1000,1000
435,10,degCent,10,0.2936902866242038,0,8,None,66,1,5,False,1000,1000
436,11,degCent,10,0.3188694267515923,0,8,None,66,1,5,False,1000,1000
437,12,degCent,10,0.3253383757961783,0,8,None,66,1,5,False,1000,1000
438,13,degCent,10,0.3221536624203822,0,8,None,66,1,5,False,1000,1000
439,14,degCent,10,0.317078025477707,0,8,None,66,1,5,False,1000,1000
440,10,degCent,10,0.4436703821656051,0,10,None,66,1,5,False,1000,1000
441,11,degCent,10,0.4304339171974522,0,10,None,66,1,5,False,1000,1000
442,12,degCent,10,0.4134156050955414,0,10,None,66,1,5,False,1000,1000
443,13,degCent,10,0.3920183121019108,0,10,None,66,1,5,False,1000,1000
444,14,degCent,10,0.3698248407643312,0,10,None,66,1,5,False,1000,1000
445,10,degCent,10,0.4247611464968153,0,20,None,66,1,5,False,1000,1000
446,11,degCent,10,0.4353105095541401,0,20,None,66,1,5,False,1000,1000
447,12,degCent,10,0.4325238853503185,0,20,None,66,1,5,False,1000,1000
448,13,degCent,10,0.4279458598726114,0,20,None,66,1,5,False,1000,1000
449,14,degCent,10,0.4102308917197452,0,20,None,66,1,5,False,1000,1000
450,10,degCent,10,0.298765923566879,0,22,None,66,1,5,False,1000,1000
451,11,degCent,10,0.2867237261146497,0,22,None,66,1,5,False,1000,1000
452,12,degCent,10,0.3045382165605095,0,22,None,66,1,5,False,1000,1000
453,13,degCent,10,0.2574641719745223,0,22,None,66,1,5,False,1000,1000
454,14,degCent,10,0.2555732484076433,0,22,None,66,1,5,False,1000,1000
455,10,degCent,10,0.3226512738853503,0,32,None,66,1,5,False,1000,1000
456,11,degCent,10,0.2440286624203821,0,32,None,66,1,5,False,1000,1000
457,12,degCent,10,0.2379578025477707,0,32,None,66,1,5,False,1000,1000
458,13,degCent,10,0.2360668789808917,0,32,None,66,1,5,False,1000,1000
459,14,degCent,10,0.244327229299363,0,32,None,66,1,5,False,1000,1000
460,10,degCent,10,0.3167794585987261,0,23,None,66,1,5,False,1000,1000
461,11,degCent,10,0.3955015923566879,0,23,None,66,1,5,False,1000,1000
462,12,degCent,10,0.3998805732484076,0,23,None,66,1,5,False,1000,1000
463,13,degCent,10,0.3987858280254777,0,23,None,66,1,5,False,1000,1000
464,14,degCent,10,0.399781050955414,0,23,None,66,1,5,False,1000,1000
465,10,degCent,10,0.4544187898089172,0,11,None,66,1,5,False,1000,1000
466,11,degCent,10,0.4306329617834395,0,11,None,66,1,5,False,1000,1000
467,12,degCent,10,0.3971934713375796,0,11,None,66,1,5,False,1000,1000
468,13,degCent,10,0.3536027070063694,0,11,None,66,1,5,False,1000,1000
469,14,degCent,10,0.3055334394904458,0,11,None,66,1,5,False,1000,1000
470,10,degCent,10,0.3968949044585987,0,17,None,66,1,5,False,1000,1000
471,11,degCent,10,0.3928144904458598,0,17,None,66,1,5,False,1000,1000
472,12,degCent,10,0.3937101910828025,0,17,None,66,1,5,False,1000,1000
473,13,degCent,10,0.3958001592356688,0,17,None,66,1,5,False,1000,1000
474,14,degCent,10,0.3958996815286624,0,17,None,66,1,5,False,1000,1000
475,10,degCent,10,0.4510350318471338,0,4,None,66,1,5,False,1000,1000
476,11,degCent,10,0.4076433121019108,0,4,None,66,1,5,False,1000,1000
477,12,degCent,10,0.3471337579617834,0,4,None,66,1,5,False,1000,1000
478,13,degCent,10,0.2973726114649681,0,4,None,66,1,5,False,1000,1000
479,14,degCent,10,0.268312101910828,0,4,None,66,1,5,False,1000,1000
480,10,degCent,10,0.3394705414012738,0,2,None,66,1,5,False,1000,1000
481,11,degCent,10,0.3179737261146497,0,2,None,66,1,5,False,1000,1000
482,12,degCent,10,0.3423566878980891,0,2,None,66,1,5,False,1000,1000
483,13,degCent,10,0.3528065286624204,0,2,None,66,1,5,False,1000,1000
484,14,degCent,10,0.3566878980891719,0,2,None,66,1,5,False,1000,1000
485,10,degCent,10,0.3383757961783439,0,0,None,66,1,5,False,1000,1000
486,11,degCent,10,0.3221536624203822,0,0,None,66,1,5,False,1000,1000
487,12,degCent,10,0.3139928343949044,0,0,None,66,1,5,False,1000,1000
488,13,degCent,10,0.3083200636942675,0,0,None,66,1,5,False,1000,1000
489,14,degCent,10,0.3062300955414013,0,0,None,66,1,5,False,1000,1000
490,10,degCent,10,0.3619625796178344,0,3,None,66,1,5,False,1000,1000
491,11,degCent,10,0.3600716560509554,0,3,None,66,1,5,False,1000,1000
492,12,degCent,10,0.367734872611465,0,3,None,66,1,5,False,1000,1000
493,13,degCent,10,0.3690286624203822,0,3,None,66,1,5,False,1000,1000
494,14,degCent,10,0.3587778662420382,0,3,None,66,1,5,False,1000,1000
636,11,degCent,10,0.3090167197452229,0,24,None,66,1,5,False,1000,1000
660,15,degCent,10,0.3256369426751592,0,24,None,66,1,5,False,1000,1000
661,16,degCent,10,0.3557921974522293,0,24,None,66,1,5,False,1000,1000
662,17,degCent,10,0.3711186305732484,0,24,None,66,1,5,False,1000,1000
663,18,degCent,10,0.3714171974522293,0,24,None,66,1,5,False,1000,1000
664,19,degCent,10,0.378483280254777,0,24,None,66,1,5,False,1000,1000
665,15,degCent,10,0.3924164012738853,0,21,None,66,1,5,False,1000,1000
666,16,degCent,10,0.3265326433121019,0,21,None,66,1,5,False,1000,1000
667,17,degCent,10,0.3267316878980891,0,21,None,66,1,5,False,1000,1000
668,18,degCent,10,0.3568869426751592,0,21,None,66,1,5,False,1000,1000
669,19,degCent,10,0.3597730891719745,0,21,None,66,1,5,False,1000,1000
670,15,degCent,10,0.3819665605095541,0,1,None,66,1,5,False,1000,1000
671,16,degCent,10,0.3376791401273885,0,1,None,66,1,5,False,1000,1000
672,17,degCent,10,0.3125995222929936,0,1,None,66,1,5,False,1000,1000
673,18,degCent,10,0.296875,0,1,None,66,1,5,False,1000,1000
674,19,degCent,10,0.2890127388535032,0,1,None,66,1,5,False,1000,1000
675,15,degCent,10,0.4206807324840764,0,2,None,66,1,5,False,1000,1000
676,16,degCent,10,0.3716162420382166,0,2,None,66,1,5,False,1000,1000
677,17,degCent,10,0.3695262738853503,0,2,None,66,1,5,False,1000,1000
678,18,degCent,10,0.3623606687898089,0,2,None,66,1,5,False,1000,1000
679,19,degCent,10,0.3457404458598726,0,2,None,66,1,5,False,1000,1000
680,15,degCent,10,0.3268312101910828,0,15,None,66,1,5,False,1000,1000
681,16,degCent,10,0.3183718152866242,0,15,None,66,1,5,False,1000,1000
682,17,degCent,10,0.3298168789808917,0,15,None,66,1,5,False,1000,1000
683,18,degCent,10,0.388734076433121,0,15,None,66,1,5,False,1000,1000
684,19,degCent,10,0.4163017515923566,0,15,None,66,1,5,False,1000,1000
685,15,degCent,10,0.318968949044586,0,11,None,66,1,5,False,1000,1000
686,16,degCent,10,0.3050358280254777,0,11,None,66,1,5,False,1000,1000
687,17,degCent,10,0.3294187898089172,0,11,None,66,1,5,False,1000,1000
688,18,degCent,10,0.3371815286624204,0,11,None,66,1,5,False,1000,1000
689,19,degCent,10,0.3163813694267516,0,11,None,66,1,5,False,1000,1000
690,15,degCent,10,0.3361863057324841,0,17,None,66,1,5,False,1000,1000
691,16,degCent,10,0.3259355095541401,0,17,None,66,1,5,False,1000,1000
692,17,degCent,10,0.3569864649681528,0,17,None,66,1,5,False,1000,1000
693,18,degCent,10,0.3856488853503185,0,17,None,66,1,5,False,1000,1000
694,19,degCent,10,0.3929140127388535,0,17,None,66,1,5,False,1000,1000
695,15,degCent,10,0.3497213375796178,0,20,None,66,1,5,False,1000,1000
696,16,degCent,10,0.341859076433121,0,20,None,66,1,5,False,1000,1000
697,17,degCent,10,0.3481289808917197,0,20,None,66,1,5,False,1000,1000
698,18,degCent,10,0.3578821656050955,0,20,None,66,1,5,False,1000,1000
699,19,degCent,10,0.3980891719745223,0,20,None,66,1,5,False,1000,1000
700,15,degCent,10,0.3331011146496815,0,10,None,66,1,5,False,1000,1000
701,16,degCent,10,0.3703224522292994,0,10,None,66,1,5,False,1000,1000
702,17,degCent,10,0.4360071656050955,0,10,None,66,1,5,False,1000,1000
703,18,degCent,10,0.430234872611465,0,10,None,66,1,5,False,1000,1000
704,19,degCent,10,0.3743033439490446,0,10,None,66,1,5,False,1000,1000
705,15,degCent,10,0.2395501592356688,0,22,None,66,1,5,False,1000,1000
706,16,degCent,10,0.2513933121019108,0,22,None,66,1,5,False,1000,1000
707,17,degCent,10,0.2663216560509554,0,22,None,66,1,5,False,1000,1000
708,18,degCent,10,0.2677149681528662,0,22,None,66,1,5,False,1000,1000
709,19,degCent,10,0.2668192675159235,0,22,None,66,1,5,False,1000,1000
710,15,degCent,10,0.3783837579617834,0,23,None,66,1,5,False,1000,1000
711,16,degCent,10,0.3621616242038216,0,23,None,66,1,5,False,1000,1000
712,17,degCent,10,0.353702229299363,0,23,None,66,1,5,False,1000,1000
713,18,degCent,10,0.3654458598726114,0,23,None,66,1,5,False,1000,1000
714,19,degCent,10,0.4413813694267516,0,23,None,66,1,5,False,1000,1000
715,15,degCent,10,0.3086186305732484,0,29,None,66,1,5,False,1000,1000
716,16,degCent,10,0.3040406050955414,0,29,None,66,1,5,False,1000,1000
717,17,degCent,10,0.2963773885350318,0,29,None,66,1,5,False,1000,1000
718,18,degCent,10,0.2907046178343949,0,29,None,66,1,5,False,1000,1000
719,19,degCent,10,0.2835390127388535,0,29,None,66,1,5,False,1000,1000
720,15,degCent,10,0.328125,0,9,None,66,1,5,False,1000,1000
721,16,degCent,10,0.294984076433121,0,9,None,66,1,5,False,1000,1000
722,17,degCent,10,0.2761743630573248,0,9,None,66,1,5,False,1000,1000
723,18,degCent,10,0.2796576433121019,0,9,None,66,1,5,False,1000,1000
724,19,degCent,10,0.3469347133757962,0,9,None,66,1,5,False,1000,1000
725,15,degCent,10,0.3804737261146497,0,5,None,66,1,5,False,1000,1000
726,16,degCent,10,0.4022691082802547,0,5,None,66,1,5,False,1000,1000
727,17,degCent,10,0.3912221337579618,0,5,None,66,1,5,False,1000,1000
728,18,degCent,10,0.3488256369426751,0,5,None,66,1,5,False,1000,1000
729,19,degCent,10,0.3343949044585987,0,5,None,66,1,5,False,1000,1000
730,15,degCent,10,0.3600716560509554,0,4,None,66,1,5,False,1000,1000
731,16,degCent,10,0.3274283439490446,0,4,None,66,1,5,False,1000,1000
732,17,degCent,10,0.2955812101910828,0,4,None,66,1,5,False,1000,1000
733,18,degCent,10,0.2784633757961783,0,4,None,66,1,5,False,1000,1000
734,19,degCent,10,0.2733877388535032,0,4,None,66,1,5,False,1000,1000
735,15,degCent,10,0.307921974522293,0,14,None,66,1,5,False,1000,1000
736,16,degCent,10,0.2771695859872611,0,14,None,66,1,5,False,1000,1000
737,17,degCent,10,0.270999203821656,0,14,None,66,1,5,False,1000,1000
738,18,degCent,10,0.269108280254777,0,14,None,66,1,5,False,1000,1000
739,19,degCent,10,0.2685111464968153,0,14,None,66,1,5,False,1000,1000
740,15,degCent,10,0.2875199044585987,0,8,None,66,1,5,False,1000,1000
741,16,degCent,10,0.2676154458598726,0,8,None,66,1,5,False,1000,1000
742,17,degCent,10,0.25,0,8,None,66,1,5,False,1000,1000
743,18,degCent,10,0.2362659235668789,0,8,None,66,1,5,False,1000,1000
744,19,degCent,10,0.2400477707006369,0,8,None,66,1,5,False,1000,1000
745,15,degCent,10,0.3302149681528662,0,18,None,66,1,5,False,1000,1000
746,16,degCent,10,0.3165804140127388,0,18,None,66,1,5,False,1000,1000
747,17,degCent,10,0.3127985668789809,0,18,None,66,1,5,False,1000,1000
748,18,degCent,10,0.3116042993630573,0,18,None,66,1,5,False,1000,1000
749,19,degCent,10,0.3347929936305732,0,18,None,66,1,5,False,1000,1000
750,15,degCent,10,0.2421377388535031,0,19,None,66,1,5,False,1000,1000
751,16,degCent,10,0.2123805732484076,0,19,None,66,1,5,False,1000,1000
752,17,degCent,10,0.212281050955414,0,19,None,66,1,5,False,1000,1000
753,18,degCent,10,0.2325835987261146,0,19,None,66,1,5,False,1000,1000
754,19,degCent,10,0.2636345541401274,0,19,None,66,1,5,False,1000,1000
755,15,degCent,10,0.3373805732484076,0,31,None,66,1,5,False,1000,1000
756,16,degCent,10,0.3587778662420382,0,31,None,66,1,5,False,1000,1000
757,17,degCent,10,0.3954020700636942,0,31,None,66,1,5,False,1000,1000
758,18,degCent,10,0.3934116242038216,0,31,None,66,1,5,False,1000,1000
759,19,degCent,10,0.4033638535031847,0,31,None,66,1,5,False,1000,1000
760,15,degCent,10,0.2862261146496815,0,16,None,66,1,5,False,1000,1000
761,16,degCent,10,0.2385549363057325,0,16,None,66,1,5,False,1000,1000
762,17,degCent,10,0.2134753184713375,0,16,None,66,1,5,False,1000,1000
763,18,degCent,10,0.2189490445859872,0,16,None,66,1,5,False,1000,1000
764,19,degCent,10,0.2427348726114649,0,16,None,66,1,5,False,1000,1000
765,15,degCent,10,0.3511146496815286,0,7,None,66,1,5,False,1000,1000
766,16,degCent,10,0.3312101910828025,0,7,None,66,1,5,False,1000,1000
767,17,degCent,10,0.318968949044586,0,7,None,66,1,5,False,1000,1000
768,18,degCent,10,0.3186703821656051,0,7,None,66,1,5,False,1000,1000
769,19,degCent,10,0.3269307324840764,0,7,None,66,1,5,False,1000,1000
770,15,degCent,10,0.336484872611465,0,32,None,66,1,5,False,1000,1000
771,16,degCent,10,0.3043391719745223,0,32,None,66,1,5,False,1000,1000
772,17,degCent,10,0.2841361464968153,0,32,None,66,1,5,False,1000,1000
773,18,degCent,10,0.2745820063694267,0,32,None,66,1,5,False,1000,1000
774,19,degCent,10,0.270999203821656,0,32,None,66,1,5,False,1000,1000
775,15,degCent,10,0.3322054140127388,0,13,None,66,1,5,False,1000,1000
776,16,degCent,10,0.3385748407643312,0,13,None,66,1,5,False,1000,1000
777,17,degCent,10,0.3322054140127388,0,13,None,66,1,5,False,1000,1000
778,18,degCent,10,0.3318073248407643,0,13,None,66,1,5,False,1000,1000
779,19,degCent,10,0.3384753184713376,0,13,None,66,1,5,False,1000,1000
780,15,degCent,10,0.3654458598726114,0,12,None,66,1,5,False,1000,1000
781,16,degCent,10,0.3818670382165605,0,12,None,66,1,5,False,1000,1000
782,17,degCent,10,0.3519108280254777,0,12,None,66,1,5,False,1000,1000
783,18,degCent,10,0.3263335987261146,0,12,None,66,1,5,False,1000,1000
784,19,degCent,10,0.3916202229299363,0,12,None,66,1,5,False,1000,1000
785,15,degCent,10,0.3485270700636942,0,26,None,66,1,5,False,1000,1000
786,16,degCent,10,0.304140127388535,0,26,None,66,1,5,False,1000,1000
787,17,degCent,10,0.2771695859872611,0,26,None,66,1,5,False,1000,1000
788,18,degCent,10,0.270203025477707,0,26,None,66,1,5,False,1000,1000
789,19,degCent,10,0.270999203821656,0,26,None,66,1,5,False,1000,1000
790,15,degCent,10,0.3375796178343949,0,25,None,66,1,5,False,1000,1000
791,16,degCent,10,0.3049363057324841,0,25,None,66,1,5,False,1000,1000
792,17,degCent,10,0.3067277070063694,0,25,None,66,1,5,False,1000,1000
793,18,degCent,10,0.3177746815286624,0,25,None,66,1,5,False,1000,1000
794,19,degCent,10,0.3278264331210191,0,25,None,66,1,5,False,1000,1000
795,15,degCent,10,0.3505175159235669,0,0,None,66,1,5,False,1000,1000
796,16,degCent,10,0.3660429936305732,0,0,None,66,1,5,False,1000,1000
797,17,degCent,10,0.3716162420382166,0,0,None,66,1,5,False,1000,1000
798,18,degCent,10,0.3777866242038216,0,0,None,66,1,5,False,1000,1000
799,19,degCent,10,0.3878383757961783,0,0,None,66,1,5,False,1000,1000
800,15,degCent,10,0.349124203821656,0,28,None,66,1,5,False,1000,1000
801,16,degCent,10,0.3295183121019108,0,28,None,66,1,5,False,1000,1000
802,17,degCent,10,0.32703025477707,0,28,None,66,1,5,False,1000,1000
803,18,degCent,10,0.3337977707006369,0,28,None,66,1,5,False,1000,1000
804,19,degCent,10,0.3498208598726114,0,28,None,66,1,5,False,1000,1000
805,15,degCent,10,0.3449442675159235,0,3,None,66,1,5,False,1000,1000
806,16,degCent,10,0.3283240445859872,0,3,None,66,1,5,False,1000,1000
807,17,degCent,10,0.3722133757961783,0,3,None,66,1,5,False,1000,1000
808,18,degCent,10,0.4023686305732484,0,3,None,66,1,5,False,1000,1000
809,19,degCent,10,0.3987858280254777,0,3,None,66,1,5,False,1000,1000
810,15,degCent,10,0.3356886942675159,0,27,None,66,1,5,False,1000,1000
811,16,degCent,10,0.3447452229299363,0,27,None,66,1,5,False,1000,1000
812,17,degCent,10,0.3605692675159235,0,27,None,66,1,5,False,1000,1000
813,18,degCent,10,0.3865445859872611,0,27,None,66,1,5,False,1000,1000
814,19,degCent,10,0.4088375796178344,0,27,None,66,1,5,False,1000,1000
815,15,degCent,10,0.4098328025477707,0,6,None,66,1,5,False,1000,1000
816,16,degCent,10,0.3815684713375796,0,6,None,66,1,5,False,1000,1000
817,17,degCent,10,0.3486265923566879,0,6,None,66,1,5,False,1000,1000
818,18,degCent,10,0.3190684713375796,0,6,None,66,1,5,False,1000,1000
819,19,degCent,10,0.3016520700636942,0,6,None,66,1,5,False,1000,1000
820,15,degCent,10,0.3527070063694267,0,30,None,66,1,5,False,1000,1000
821,16,degCent,10,0.3493232484076433,0,30,None,66,1,5,False,1000,1000
822,17,degCent,10,0.3479299363057325,0,30,None,66,1,5,False,1000,1000
823,18,degCent,10,0.3500199044585987,0,30,None,66,1,5,False,1000,1000
824,19,degCent,10,0.3561902866242038,0,30,None,66,1,5,False,1000,1000
825,20,degCent,10,0.3911226114649681,0,15,None,66,1,5,False,1000,1000
826,21,degCent,10,0.3897292993630573,0,15,None,66,1,5,False,1000,1000
827,22,degCent,10,0.394108280254777,0,15,None,66,1,5,False,1000,1000
828,23,degCent,10,0.4006767515923566,0,15,None,66,1,5,False,1000,1000
829,24,degCent,10,0.4074442675159235,0,15,None,66,1,5,False,1000,1000
830,20,degCent,10,0.3891321656050955,0,11,None,66,1,5,False,1000,1000
831,21,degCent,10,0.384952229299363,0,11,None,66,1,5,False,1000,1000
832,22,degCent,10,0.3812699044585987,0,11,None,66,1,5,False,1000,1000
833,23,degCent,10,0.3878383757961783,0,11,None,66,1,5,False,1000,1000
834,24,degCent,10,0.3950039808917197,0,11,None,66,1,5,False,1000,1000
835,20,degCent,10,0.4211783439490446,0,17,None,66,1,5,False,1000,1000
836,21,degCent,10,0.4483479299363057,0,17,None,66,1,5,False,1000,1000
837,22,degCent,10,0.4529259554140127,0,17,None,66,1,5,False,1000,1000
838,23,degCent,10,0.464968152866242,0,17,None,66,1,5,False,1000,1000
839,24,degCent,10,0.4823845541401274,0,17,None,66,1,5,False,1000,1000
840,20,degCent,10,0.3222531847133758,0,1,None,66,1,5,False,1000,1000
841,21,degCent,10,0.3365843949044586,0,1,None,66,1,5,False,1000,1000
842,22,degCent,10,0.3777866242038216,0,1,None,66,1,5,False,1000,1000
843,23,degCent,10,0.3907245222929936,0,1,None,66,1,5,False,1000,1000
844,24,degCent,10,0.3994824840764331,0,1,None,66,1,5,False,1000,1000
845,20,degCent,10,0.3885350318471338,0,2,None,66,1,5,False,1000,1000
846,21,degCent,10,0.3946058917197452,0,2,None,66,1,5,False,1000,1000
847,22,degCent,10,0.411624203821656,0,2,None,66,1,5,False,1000,1000
848,23,degCent,10,0.4547173566878981,0,2,None,66,1,5,False,1000,1000
849,24,degCent,10,0.4826831210191082,0,2,None,66,1,5,False,1000,1000
850,20,degCent,10,0.3987858280254777,0,28,None,66,1,5,False,1000,1000
851,21,degCent,10,0.4181926751592357,0,28,None,66,1,5,False,1000,1000
852,22,degCent,10,0.4479498407643312,0,28,None,66,1,5,False,1000,1000
853,23,degCent,10,0.4934315286624204,0,28,None,66,1,5,False,1000,1000
854,24,degCent,10,0.5013933121019108,0,28,None,66,1,5,False,1000,1000
855,20,degCent,10,0.4028662420382166,0,18,None,66,1,5,False,1000,1000
856,21,degCent,10,0.4055533439490446,0,18,None,66,1,5,False,1000,1000
857,22,degCent,10,0.4160031847133758,0,18,None,66,1,5,False,1000,1000
858,23,degCent,10,0.4185907643312102,0,18,None,66,1,5,False,1000,1000
859,24,degCent,10,0.4205812101910828,0,18,None,66,1,5,False,1000,1000
860,20,degCent,10,0.4380971337579618,0,27,None,66,1,5,False,1000,1000
861,21,degCent,10,0.4470541401273885,0,27,None,66,1,5,False,1000,1000
862,22,degCent,10,0.4666600318471338,0,27,None,66,1,5,False,1000,1000
863,23,degCent,10,0.4683519108280254,0,27,None,66,1,5,False,1000,1000
864,24,degCent,10,0.4892515923566879,0,27,None,66,1,5,False,1000,1000
865,20,degCent,10,0.4077428343949044,0,31,None,66,1,5,False,1000,1000
866,21,degCent,10,0.4102308917197452,0,31,None,66,1,5,False,1000,1000
867,22,degCent,10,0.4229697452229299,0,31,None,66,1,5,False,1000,1000
868,23,degCent,10,0.4652667197452229,0,31,None,66,1,5,False,1000,1000
869,24,degCent,10,0.4945262738853503,0,31,None,66,1,5,False,1000,1000
870,20,degCent,10,0.3867436305732484,0,10,None,66,1,5,False,1000,1000
871,21,degCent,10,0.3782842356687898,0,10,None,66,1,5,False,1000,1000
872,22,degCent,10,0.3919187898089172,0,10,None,66,1,5,False,1000,1000
873,23,degCent,10,0.4139132165605095,0,10,None,66,1,5,False,1000,1000
874,24,degCent,10,0.4304339171974522,0,10,None,66,1,5,False,1000,1000
875,20,degCent,10,0.4123208598726114,0,8,None,66,1,5,False,1000,1000
876,21,degCent,10,0.4118232484076433,0,8,None,66,1,5,False,1000,1000
877,22,degCent,10,0.4101313694267516,0,8,None,66,1,5,False,1000,1000
878,23,degCent,10,0.4178941082802547,0,8,None,66,1,5,False,1000,1000
879,24,degCent,10,0.418093152866242,0,8,None,66,1,5,False,1000,1000
880,20,degCent,10,0.3966958598726114,0,20,None,66,1,5,False,1000,1000
881,21,degCent,10,0.4232683121019108,0,20,None,66,1,5,False,1000,1000
882,22,degCent,10,0.4312300955414013,0,20,None,66,1,5,False,1000,1000
883,23,degCent,10,0.4378980891719745,0,20,None,66,1,5,False,1000,1000
884,24,degCent,10,0.4575039808917197,0,20,None,66,1,5,False,1000,1000
885,20,degCent,10,0.4201831210191082,0,23,None,66,1,5,False,1000,1000
886,21,degCent,10,0.4036624203821656,0,23,None,66,1,5,False,1000,1000
887,22,degCent,10,0.4042595541401274,0,23,None,66,1,5,False,1000,1000
888,23,degCent,10,0.4099323248407643,0,23,None,66,1,5,False,1000,1000
889,24,degCent,10,0.4194864649681528,0,23,None,66,1,5,False,1000,1000
890,20,degCent,10,0.4232683121019108,0,5,None,66,1,5,False,1000,1000
891,21,degCent,10,0.3947054140127388,0,5,None,66,1,5,False,1000,1000
892,22,degCent,10,0.3936106687898089,0,5,None,66,1,5,False,1000,1000
893,23,degCent,10,0.3928144904458598,0,5,None,66,1,5,False,1000,1000
894,24,degCent,10,0.3988853503184713,0,5,None,66,1,5,False,1000,1000
895,20,degCent,10,0.3928144904458598,0,4,None,66,1,5,False,1000,1000
896,21,degCent,10,0.3422571656050955,0,4,None,66,1,5,False,1000,1000
897,22,degCent,10,0.3218550955414013,0,4,None,66,1,5,False,1000,1000
898,23,degCent,10,0.3263335987261146,0,4,None,66,1,5,False,1000,1000
899,24,degCent,10,0.3447452229299363,0,4,None,66,1,5,False,1000,1000
900,20,degCent,10,0.368531050955414,0,30,None,66,1,5,False,1000,1000
901,21,degCent,10,0.3811703821656051,0,30,None,66,1,5,False,1000,1000
902,22,degCent,10,0.4010748407643312,0,30,None,66,1,5,False,1000,1000
903,23,degCent,10,0.446656050955414,0,30,None,66,1,5,False,1000,1000
904,24,degCent,10,0.4612858280254777,0,30,None,66,1,5,False,1000,1000
905,20,degCent,10,0.4071457006369426,0,7,None,66,1,5,False,1000,1000
906,21,degCent,10,0.4100318471337579,0,7,None,66,1,5,False,1000,1000
907,22,degCent,10,0.4109275477707006,0,7,None,66,1,5,False,1000,1000
908,23,degCent,10,0.4153065286624204,0,7,None,66,1,5,False,1000,1000
909,24,degCent,10,0.4187898089171974,0,7,None,66,1,5,False,1000,1000
910,20,degCent,10,0.3923168789808917,0,16,None,66,1,5,False,1000,1000
911,21,degCent,10,0.4041600318471338,0,16,None,66,1,5,False,1000,1000
912,22,degCent,10,0.409733280254777,0,16,None,66,1,5,False,1000,1000
913,23,degCent,10,0.4170979299363057,0,16,None,66,1,5,False,1000,1000
914,24,degCent,10,0.4430732484076433,0,16,None,66,1,5,False,1000,1000
915,20,degCent,10,0.3614649681528662,0,32,None,66,1,5,False,1000,1000
916,21,degCent,10,0.3682324840764331,0,32,None,66,1,5,False,1000,1000
917,22,degCent,10,0.3791799363057325,0,32,None,66,1,5,False,1000,1000
918,23,degCent,10,0.3905254777070063,0,32,None,66,1,5,False,1000,1000
919,24,degCent,10,0.4094347133757962,0,32,None,66,1,5,False,1000,1000
920,20,degCent,10,0.2726910828025478,0,22,None,66,1,5,False,1000,1000
921,21,degCent,10,0.2752786624203822,0,22,None,66,1,5,False,1000,1000
922,22,degCent,10,0.2770700636942675,0,22,None,66,1,5,False,1000,1000
923,23,degCent,10,0.2955812101910828,0,22,None,66,1,5,False,1000,1000
924,24,degCent,10,0.3740047770700637,0,22,None,66,1,5,False,1000,1000
925,20,degCent,10,0.3891321656050955,0,13,None,66,1,5,False,1000,1000
926,21,degCent,10,0.4810907643312102,0,13,None,66,1,5,False,1000,1000
927,22,degCent,10,0.4446656050955414,0,13,None,66,1,5,False,1000,1000
928,23,degCent,10,0.4482484076433121,0,13,None,66,1,5,False,1000,1000
929,24,degCent,10,0.4772093949044586,0,13,None,66,1,5,False,1000,1000
930,20,degCent,10,0.4254578025477707,0,12,None,66,1,5,False,1000,1000
931,21,degCent,10,0.4091361464968153,0,12,None,66,1,5,False,1000,1000
932,22,degCent,10,0.426453025477707,0,12,None,66,1,5,False,1000,1000
933,23,degCent,10,0.4456608280254777,0,12,None,66,1,5,False,1000,1000
934,24,degCent,10,0.4601910828025478,0,12,None,66,1,5,False,1000,1000
935,20,degCent,10,0.3435509554140127,0,26,None,66,1,5,False,1000,1000
936,21,degCent,10,0.3565883757961783,0,26,None,66,1,5,False,1000,1000
937,22,degCent,10,0.3592754777070063,0,26,None,66,1,5,False,1000,1000
938,23,degCent,10,0.3622611464968153,0,26,None,66,1,5,False,1000,1000
939,24,degCent,10,0.3608678343949044,0,26,None,66,1,5,False,1000,1000
940,20,degCent,10,0.3851512738853503,0,6,None,66,1,5,False,1000,1000
941,21,degCent,10,0.3756966560509554,0,6,None,66,1,5,False,1000,1000
942,22,degCent,10,0.3698248407643312,0,6,None,66,1,5,False,1000,1000
943,23,degCent,10,0.363953025477707,0,6,None,66,1,5,False,1000,1000
944,24,degCent,10,0.3591759554140127,0,6,None,66,1,5,False,1000,1000
945,20,degCent,10,0.3824641719745223,0,9,None,66,1,5,False,1000,1000
946,21,degCent,10,0.3749004777070063,0,9,None,66,1,5,False,1000,1000
947,22,degCent,10,0.3792794585987261,0,9,None,66,1,5,False,1000,1000
948,23,degCent,10,0.391421178343949,0,9,None,66,1,5,False,1000,1000
949,24,degCent,10,0.4120222929936306,0,9,None,66,1,5,False,1000,1000
950,20,degCent,10,0.3513136942675159,0,14,None,66,1,5,False,1000,1000
951,21,degCent,10,0.2965764331210191,0,14,None,66,1,5,False,1000,1000
952,22,degCent,10,0.2910031847133758,0,14,None,66,1,5,False,1000,1000
953,23,degCent,10,0.2913017515923566,0,14,None,66,1,5,False,1000,1000
954,24,degCent,10,0.2954816878980891,0,14,None,66,1,5,False,1000,1000
955,20,degCent,10,0.401671974522293,0,3,None,66,1,5,False,1000,1000
956,21,degCent,10,0.4042595541401274,0,3,None,66,1,5,False,1000,1000
957,22,degCent,10,0.4126194267515923,0,3,None,66,1,5,False,1000,1000
958,23,degCent,10,0.4250597133757962,0,3,None,66,1,5,False,1000,1000
959,24,degCent,10,0.4403861464968153,0,3,None,66,1,5,False,1000,1000
960,20,degCent,10,0.3845541401273885,0,25,None,66,1,5,False,1000,1000
961,21,degCent,10,0.3376791401273885,0,25,None,66,1,5,False,1000,1000
962,22,degCent,10,0.3412619426751592,0,25,None,66,1,5,False,1000,1000
963,23,degCent,10,0.3519108280254777,0,25,None,66,1,5,False,1000,1000
964,24,degCent,10,0.3786823248407643,0,25,None,66,1,5,False,1000,1000
965,20,degCent,10,0.4585987261146497,0,29,None,66,1,5,False,1000,1000
966,21,degCent,10,0.4379976114649681,0,29,None,66,1,5,False,1000,1000
967,22,degCent,10,0.4117237261146497,0,29,None,66,1,5,False,1000,1000
968,23,degCent,10,0.4057523885350318,0,29,None,66,1,5,False,1000,1000
969,24,degCent,10,0.4052547770700637,0,29,None,66,1,5,False,1000,1000
970,20,degCent,10,0.3809713375796178,0,19,None,66,1,5,False,1000,1000
971,21,degCent,10,0.3829617834394904,0,19,None,66,1,5,False,1000,1000
972,22,degCent,10,0.3853503184713376,0,19,None,66,1,5,False,1000,1000
973,23,degCent,10,0.3918192675159235,0,19,None,66,1,5,False,1000,1000
974,24,degCent,10,0.4019705414012738,0,19,None,66,1,5,False,1000,1000
975,20,degCent,10,0.3958001592356688,0,21,None,66,1,5,False,1000,1000
976,21,degCent,10,0.3770899681528662,0,21,None,66,1,5,False,1000,1000
977,22,degCent,10,0.3936106687898089,0,21,None,66,1,5,False,1000,1000
978,23,degCent,10,0.4184912420382166,0,21,None,66,1,5,False,1000,1000
979,24,degCent,10,0.43640525477707,0,21,None,66,1,5,False,1000,1000
980,20,degCent,10,0.425358280254777,0,0,None,66,1,5,False,1000,1000
981,21,degCent,10,0.4105294585987261,0,0,None,66,1,5,False,1000,1000
982,22,degCent,10,0.4045581210191082,0,0,None,66,1,5,False,1000,1000
983,23,degCent,10,0.3987858280254777,0,0,None,66,1,5,False,1000,1000
984,24,degCent,10,0.4040605095541401,0,0,None,66,1,5,False,1000,1000
985,20,degCent,10,0.3752985668789809,0,24,None,66,1,5,False,1000,1000
986,21,degCent,10,0.4373009554140127,0,24,None,66,1,5,False,1000,1000
987,22,degCent,10,0.4521297770700637,0,24,None,66,1,5,False,1000,1000
988,23,degCent,10,0.4516321656050955,0,24,None,66,1,5,False,1000,1000
989,24,degCent,10,0.4586982484076433,0,24,None,66,1,5,False,1000,1000
990,25,degCent,10,0.3832603503184713,0,26,None,66,1,5,False,1000,1000
991,26,degCent,10,0.393312101910828,0,26,None,66,1,5,False,1000,1000
992,27,degCent,10,0.4111265923566879,0,26,None,66,1,5,False,1000,1000
993,28,degCent,10,0.4216759554140127,0,26,None,66,1,5,False,1000,1000
994,29,degCent,10,0.4342157643312102,0,26,None,66,1,5,False,1000,1000
995,25,degCent,10,0.4036624203821656,0,1,None,66,1,5,False,1000,1000
996,26,degCent,10,0.4158041401273885,0,1,None,66,1,5,False,1000,1000
997,27,degCent,10,0.4262539808917197,0,1,None,66,1,5,False,1000,1000
998,28,degCent,10,0.4391918789808917,0,1,None,66,1,5,False,1000,1000
999,29,degCent,10,0.453125,0,1,None,66,1,5,False,1000,1000
1000,25,degCent,10,0.4819864649681528,0,2,None,66,1,5,False,1000,1000
1001,26,degCent,10,0.487858280254777,0,2,None,66,1,5,False,1000,1000
1002,27,degCent,10,0.4902468152866242,0,2,None,66,1,5,False,1000,1000
1003,28,degCent,10,0.4923367834394904,0,2,None,66,1,5,False,1000,1000
1004,29,degCent,10,0.4958200636942675,0,2,None,66,1,5,False,1000,1000
1005,25,degCent,10,0.4497412420382166,0,5,None,66,1,5,False,1000,1000
1006,26,degCent,10,0.4646695859872611,0,5,None,66,1,5,False,1000,1000
1007,27,degCent,10,0.4856687898089172,0,5,None,66,1,5,False,1000,1000
1008,28,degCent,10,0.5029856687898089,0,5,None,66,1,5,False,1000,1000
1009,29,degCent,10,0.5161226114649682,0,5,None,66,1,5,False,1000,1000
1010,25,degCent,10,0.4892515923566879,0,20,None,66,1,5,False,1000,1000
1011,26,degCent,10,0.5138335987261147,0,20,None,66,1,5,False,1000,1000
1012,27,degCent,10,0.5207006369426752,0,20,None,66,1,5,False,1000,1000
1013,28,degCent,10,0.5265724522292994,0,20,None,66,1,5,False,1000,1000
1014,29,degCent,10,0.5313495222929936,0,20,None,66,1,5,False,1000,1000
1015,25,degCent,10,0.3996815286624204,0,6,None,66,1,5,False,1000,1000
1016,26,degCent,10,0.4046576433121019,0,6,None,66,1,5,False,1000,1000
1017,27,degCent,10,0.4103304140127388,0,6,None,66,1,5,False,1000,1000
1018,28,degCent,10,0.4156050955414013,0,6,None,66,1,5,False,1000,1000
1019,29,degCent,10,0.4251592356687898,0,6,None,66,1,5,False,1000,1000
1020,25,degCent,10,0.4114251592356688,0,22,None,66,1,5,False,1000,1000
1021,26,degCent,10,0.4177945859872611,0,22,None,66,1,5,False,1000,1000
1022,27,degCent,10,0.4228702229299363,0,22,None,66,1,5,False,1000,1000
1023,28,degCent,10,0.4295382165605095,0,22,None,66,1,5,False,1000,1000
1024,29,degCent,10,0.4435708598726114,0,22,None,66,1,5,False,1000,1000
1025,25,degCent,10,0.4286425159235669,0,32,None,66,1,5,False,1000,1000
1026,26,degCent,10,0.4488455414012738,0,32,None,66,1,5,False,1000,1000
1027,27,degCent,10,0.4599920382165605,0,32,None,66,1,5,False,1000,1000
1028,28,degCent,10,0.4682523885350318,0,32,None,66,1,5,False,1000,1000
1029,29,degCent,10,0.4756170382165605,0,32,None,66,1,5,False,1000,1000
1030,25,degCent,10,0.4373009554140127,0,18,None,66,1,5,False,1000,1000
1031,26,degCent,10,0.4436703821656051,0,18,None,66,1,5,False,1000,1000
1032,27,degCent,10,0.45203025477707,0,18,None,66,1,5,False,1000,1000
1033,28,degCent,10,0.4628781847133758,0,18,None,66,1,5,False,1000,1000
1034,29,degCent,10,0.4750199044585987,0,18,None,66,1,5,False,1000,1000
1035,25,degCent,10,0.4285429936305732,0,19,None,66,1,5,False,1000,1000
1036,26,degCent,10,0.4534235668789809,0,19,None,66,1,5,False,1000,1000
1037,27,degCent,10,0.471437101910828,0,19,None,66,1,5,False,1000,1000
1038,28,degCent,10,0.4864649681528662,0,19,None,66,1,5,False,1000,1000
1039,29,degCent,10,0.4975119426751592,0,19,None,66,1,5,False,1000,1000
1040,25,degCent,10,0.5078622611464968,0,13,None,66,1,5,False,1000,1000
1041,26,degCent,10,0.5154259554140127,0,13,None,66,1,5,False,1000,1000
1042,27,degCent,10,0.5195063694267515,0,13,None,66,1,5,False,1000,1000
1043,28,degCent,10,0.5241839171974523,0,13,None,66,1,5,False,1000,1000
1044,29,degCent,10,0.526671974522293,0,13,None,66,1,5,False,1000,1000
1045,25,degCent,10,0.4692476114649681,0,12,None,66,1,5,False,1000,1000
1046,26,degCent,10,0.4807921974522293,0,12,None,66,1,5,False,1000,1000
1047,27,degCent,10,0.4928343949044586,0,12,None,66,1,5,False,1000,1000
1048,28,degCent,10,0.5038813694267515,0,12,None,66,1,5,False,1000,1000
1049,29,degCent,10,0.5213972929936306,0,12,None,66,1,5,False,1000,1000
1050,25,degCent,10,0.4778065286624204,0,25,None,66,1,5,False,1000,1000
1051,26,degCent,10,0.4979100318471338,0,25,None,66,1,5,False,1000,1000
1052,27,degCent,10,0.5157245222929936,0,25,None,66,1,5,False,1000,1000
1053,28,degCent,10,0.5264729299363057,0,25,None,66,1,5,False,1000,1000
1054,29,degCent,10,0.5359275477707006,0,25,None,66,1,5,False,1000,1000
1055,25,degCent,10,0.4242635350318471,0,14,None,66,1,5,False,1000,1000
1056,26,degCent,10,0.428343949044586,0,14,None,66,1,5,False,1000,1000
1057,27,degCent,10,0.4376990445859872,0,14,None,66,1,5,False,1000,1000
1058,28,degCent,10,0.4444665605095541,0,14,None,66,1,5,False,1000,1000
1059,29,degCent,10,0.450139331210191,0,14,None,66,1,5,False,1000,1000
1060,25,degCent,10,0.4217754777070063,0,23,None,66,1,5,False,1000,1000
1061,26,degCent,10,0.4305334394904458,0,23,None,66,1,5,False,1000,1000
1062,27,degCent,10,0.442874203821656,0,23,None,66,1,5,False,1000,1000
1063,28,degCent,10,0.4610867834394904,0,23,None,66,1,5,False,1000,1000
1064,29,degCent,10,0.4854697452229299,0,23,None,66,1,5,False,1000,1000
1065,25,degCent,10,0.4988057324840764,0,28,None,66,1,5,False,1000,1000
1066,26,degCent,10,0.4814888535031847,0,28,None,66,1,5,False,1000,1000
1067,27,degCent,10,0.4734275477707006,0,28,None,66,1,5,False,1000,1000
1068,28,degCent,10,0.4735270700636942,0,28,None,66,1,5,False,1000,1000
1069,29,degCent,10,0.4753184713375796,0,28,None,66,1,5,False,1000,1000
1070,25,degCent,10,0.4544187898089172,0,7,None,66,1,5,False,1000,1000
1071,26,degCent,10,0.4756170382165605,0,7,None,66,1,5,False,1000,1000
1072,27,degCent,10,0.4882563694267516,0,7,None,66,1,5,False,1000,1000
1073,28,degCent,10,0.4982085987261146,0,7,None,66,1,5,False,1000,1000
1074,29,degCent,10,0.5058718152866242,0,7,None,66,1,5,False,1000,1000
1075,25,degCent,10,0.4385947452229299,0,8,None,66,1,5,False,1000,1000
1076,26,degCent,10,0.4421775477707006,0,8,None,66,1,5,False,1000,1000
1077,27,degCent,10,0.4484474522292994,0,8,None,66,1,5,False,1000,1000
1078,28,degCent,10,0.4598925159235669,0,8,None,66,1,5,False,1000,1000
1079,29,degCent,10,0.4738256369426751,0,8,None,66,1,5,False,1000,1000
1080,25,degCent,10,0.4968152866242038,0,16,None,66,1,5,False,1000,1000
1081,26,degCent,10,0.5136345541401274,0,16,None,66,1,5,False,1000,1000
1082,27,degCent,10,0.5166202229299363,0,16,None,66,1,5,False,1000,1000
1083,28,degCent,10,0.5189092356687898,0,16,None,66,1,5,False,1000,1000
1084,29,degCent,10,0.5199044585987261,0,16,None,66,1,5,False,1000,1000
1085,25,degCent,10,0.4619824840764331,0,4,None,66,1,5,False,1000,1000
1086,26,degCent,10,0.4683519108280254,0,4,None,66,1,5,False,1000,1000
1087,27,degCent,10,0.4736265923566879,0,4,None,66,1,5,False,1000,1000
1088,28,degCent,10,0.477109872611465,0,4,None,66,1,5,False,1000,1000
1089,29,degCent,10,0.479796974522293,0,4,None,66,1,5,False,1000,1000
1090,25,degCent,10,0.4703423566878981,0,10,None,66,1,5,False,1000,1000
1091,26,degCent,10,0.4911425159235669,0,10,None,66,1,5,False,1000,1000
1092,27,degCent,10,0.504578025477707,0,10,None,66,1,5,False,1000,1000
1093,28,degCent,10,0.513734076433121,0,10,None,66,1,5,False,1000,1000
1094,29,degCent,10,0.5236863057324841,0,10,None,66,1,5,False,1000,1000
1095,25,degCent,10,0.430234872611465,0,11,None,66,1,5,False,1000,1000
1096,26,degCent,10,0.4375,0,11,None,66,1,5,False,1000,1000
1097,27,degCent,10,0.4486464968152866,0,11,None,66,1,5,False,1000,1000
1098,28,degCent,10,0.4555135350318471,0,11,None,66,1,5,False,1000,1000
1099,29,degCent,10,0.4535230891719745,0,11,None,66,1,5,False,1000,1000
1100,25,degCent,10,0.4340167197452229,0,15,None,66,1,5,False,1000,1000
1101,26,degCent,10,0.4389928343949044,0,15,None,66,1,5,False,1000,1000
1102,27,degCent,10,0.4449641719745223,0,15,None,66,1,5,False,1000,1000
1103,28,degCent,10,0.4498407643312102,0,15,None,66,1,5,False,1000,1000
1104,29,degCent,10,0.4548168789808917,0,15,None,66,1,5,False,1000,1000
1105,25,degCent,10,0.4396894904458598,0,3,None,66,1,5,False,1000,1000
1106,26,degCent,10,0.462281050955414,0,3,None,66,1,5,False,1000,1000
1107,27,degCent,10,0.4868630573248407,0,3,None,66,1,5,False,1000,1000
1108,28,degCent,10,0.5081608280254777,0,3,None,66,1,5,False,1000,1000
1109,29,degCent,10,0.5288614649681529,0,3,None,66,1,5,False,1000,1000
1110,25,degCent,10,0.5054737261146497,0,17,None,66,1,5,False,1000,1000
1111,26,degCent,10,0.5234872611464968,0,17,None,66,1,5,False,1000,1000
1112,27,degCent,10,0.5370222929936306,0,17,None,66,1,5,False,1000,1000
1113,28,degCent,10,0.5516520700636943,0,17,None,66,1,5,False,1000,1000
1114,29,degCent,10,0.5669785031847133,0,17,None,66,1,5,False,1000,1000
1115,25,degCent,10,0.4410828025477707,0,21,None,66,1,5,False,1000,1000
1116,26,degCent,10,0.455015923566879,0,21,None,66,1,5,False,1000,1000
1117,27,degCent,10,0.4780055732484076,0,21,None,66,1,5,False,1000,1000
1118,28,degCent,10,0.5024880573248408,0,21,None,66,1,5,False,1000,1000
1119,29,degCent,10,0.5246815286624203,0,21,None,66,1,5,False,1000,1000
1120,25,degCent,10,0.4479498407643312,0,29,None,66,1,5,False,1000,1000
1121,26,degCent,10,0.4627786624203822,0,29,None,66,1,5,False,1000,1000
1122,27,degCent,10,0.4770103503184713,0,29,None,66,1,5,False,1000,1000
1123,28,degCent,10,0.4838773885350318,0,29,None,66,1,5,False,1000,1000
1124,29,degCent,10,0.4939291401273885,0,29,None,66,1,5,False,1000,1000
1125,25,degCent,10,0.4348128980891719,0,9,None,66,1,5,False,1000,1000
1126,26,degCent,10,0.4553144904458598,0,9,None,66,1,5,False,1000,1000
1127,27,degCent,10,0.4774084394904458,0,9,None,66,1,5,False,1000,1000
1128,28,degCent,10,0.4975119426751592,0,9,None,66,1,5,False,1000,1000
1129,29,degCent,10,0.5174164012738853,0,9,None,66,1,5,False,1000,1000
1130,25,degCent,10,0.4583001592356688,0,24,None,66,1,5,False,1000,1000
1131,26,degCent,10,0.4859673566878981,0,24,None,66,1,5,False,1000,1000
1132,27,degCent,10,0.5190087579617835,0,24,None,66,1,5,False,1000,1000
1133,28,degCent,10,0.543093152866242,0,24,None,66,1,5,False,1000,1000
1134,29,degCent,10,0.5669785031847133,0,24,None,66,1,5,False,1000,1000
1135,25,degCent,10,0.525577229299363,0,27,None,66,1,5,False,1000,1000
1136,26,degCent,10,0.5448845541401274,0,27,None,66,1,5,False,1000,1000
1137,27,degCent,10,0.5461783439490446,0,27,None,66,1,5,False,1000,1000
1138,28,degCent,10,0.5466759554140127,0,27,None,66,1,5,False,1000,1000
1139,29,degCent,10,0.5469745222929936,0,27,None,66,1,5,False,1000,1000
1140,25,degCent,10,0.4309315286624204,0,0,None,66,1,5,False,1000,1000
1141,26,degCent,10,0.448546974522293,0,0,None,66,1,5,False,1000,1000
1142,27,degCent,10,0.4590963375796178,0,0,None,66,1,5,False,1000,1000
1143,28,degCent,10,0.4638734076433121,0,0,None,66,1,5,False,1000,1000
1144,29,degCent,10,0.4719347133757962,0,0,None,66,1,5,False,1000,1000
1145,25,degCent,10,0.4320262738853503,0,30,None,66,1,5,False,1000,1000
1146,26,degCent,10,0.4467555732484076,0,30,None,66,1,5,False,1000,1000
1147,27,degCent,10,0.4664609872611465,0,30,None,66,1,5,False,1000,1000
1148,28,degCent,10,0.4857683121019108,0,30,None,66,1,5,False,1000,1000
1149,29,degCent,10,0.4964171974522293,0,30,None,66,1,5,False,1000,1000
1150,25,degCent,10,0.4985071656050955,0,31,None,66,1,5,False,1000,1000
1151,26,degCent,10,0.5163216560509554,0,31,None,66,1,5,False,1000,1000
1152,27,degCent,10,0.5290605095541401,0,31,None,66,1,5,False,1000,1000
1153,28,degCent,10,0.5370222929936306,0,31,None,66,1,5,False,1000,1000
1154,29,degCent,10,0.5467754777070064,0,31,None,66,1,5,False,1000,1000
1815,30,degCent,10,0.4598925159235669,0,1,None,66,1,5,False,1000,1000
1816,31,degCent,10,0.4794984076433121,0,1,None,66,1,5,False,1000,1000
1817,32,degCent,10,0.4961186305732484,0,1,None,66,1,5,False,1000,1000
1818,33,degCent,10,0.5130374203821656,0,1,None,66,1,5,False,1000,1000
1819,34,degCent,10,0.5311504777070064,0,1,None,66,1,5,False,1000,1000
1820,30,degCent,10,0.5187101910828026,0,2,None,66,1,5,False,1000,1000
1821,31,degCent,10,0.5232882165605095,0,2,None,66,1,5,False,1000,1000
1822,32,degCent,10,0.5311504777070064,0,2,None,66,1,5,False,1000,1000
1823,33,degCent,10,0.5393113057324841,0,2,None,66,1,5,False,1000,1000
1824,34,degCent,10,0.5452826433121019,0,2,None,66,1,5,False,1000,1000
1825,30,degCent,10,0.5569267515923567,0,5,None,66,1,5,False,1000,1000
1826,31,degCent,10,0.5640923566878981,0,5,None,66,1,5,False,1000,1000
1827,32,degCent,10,0.5727507961783439,0,5,None,66,1,5,False,1000,1000
1828,33,degCent,10,0.5795183121019108,0,5,None,66,1,5,False,1000,1000
1829,34,degCent,10,0.5842953821656051,0,5,None,66,1,5,False,1000,1000
1830,30,degCent,10,0.5484673566878981,0,13,None,66,1,5,False,1000,1000
1831,31,degCent,10,0.5556329617834395,0,13,None,66,1,5,False,1000,1000
1832,32,degCent,10,0.5656847133757962,0,13,None,66,1,5,False,1000,1000
1833,33,degCent,10,0.5731488853503185,0,13,None,66,1,5,False,1000,1000
1834,34,degCent,10,0.5882762738853503,0,13,None,66,1,5,False,1000,1000
1835,30,degCent,10,0.5483678343949044,0,10,None,66,1,5,False,1000,1000
1836,31,degCent,10,0.5539410828025477,0,10,None,66,1,5,False,1000,1000
1837,32,degCent,10,0.5591162420382165,0,10,None,66,1,5,False,1000,1000
1838,33,degCent,10,0.5648885350318471,0,10,None,66,1,5,False,1000,1000
1839,34,degCent,10,0.5679737261146497,0,10,None,66,1,5,False,1000,1000
1840,30,degCent,10,0.5095541401273885,0,15,None,66,1,5,False,1000,1000
1841,31,degCent,10,0.5187101910828026,0,15,None,66,1,5,False,1000,1000
1842,32,degCent,10,0.5279657643312102,0,15,None,66,1,5,False,1000,1000
1843,33,degCent,10,0.5363256369426752,0,15,None,66,1,5,False,1000,1000
1844,34,degCent,10,0.544187898089172,0,15,None,66,1,5,False,1000,1000
1845,30,degCent,10,0.4933320063694267,0,11,None,66,1,5,False,1000,1000
1846,31,degCent,10,0.501890923566879,0,11,None,66,1,5,False,1000,1000
1847,32,degCent,10,0.5106488853503185,0,11,None,66,1,5,False,1000,1000
1848,33,degCent,10,0.5197054140127388,0,11,None,66,1,5,False,1000,1000
1849,34,degCent,10,0.5261743630573248,0,11,None,66,1,5,False,1000,1000
1850,30,degCent,10,0.5469745222929936,0,20,None,66,1,5,False,1000,1000
1851,31,degCent,10,0.5502587579617835,0,20,None,66,1,5,False,1000,1000
1852,32,degCent,10,0.5532444267515924,0,20,None,66,1,5,False,1000,1000
1853,33,degCent,10,0.5565286624203821,0,20,None,66,1,5,False,1000,1000
1854,34,degCent,10,0.5604100318471338,0,20,None,66,1,5,False,1000,1000
1855,30,degCent,10,0.4508359872611465,0,22,None,66,1,5,False,1000,1000
1856,31,degCent,10,0.4727308917197452,0,22,None,66,1,5,False,1000,1000
1857,32,degCent,10,0.487858280254777,0,22,None,66,1,5,False,1000,1000
1858,33,degCent,10,0.5025875796178344,0,22,None,66,1,5,False,1000,1000
1859,34,degCent,10,0.5185111464968153,0,22,None,66,1,5,False,1000,1000
1860,30,degCent,10,0.4863654458598726,0,23,None,66,1,5,False,1000,1000
1861,31,degCent,10,0.5119426751592356,0,23,None,66,1,5,False,1000,1000
1862,32,degCent,10,0.5288614649681529,0,23,None,66,1,5,False,1000,1000
1863,33,degCent,10,0.5438893312101911,0,23,None,66,1,5,False,1000,1000
1864,34,degCent,10,0.5558320063694268,0,23,None,66,1,5,False,1000,1000
1865,30,degCent,10,0.567078025477707,0,17,None,66,1,5,False,1000,1000
1866,31,degCent,10,0.5805135350318471,0,17,None,66,1,5,False,1000,1000
1867,32,degCent,10,0.5875796178343949,0,17,None,66,1,5,False,1000,1000
1868,33,degCent,10,0.5945461783439491,0,17,None,66,1,5,False,1000,1000
1869,34,degCent,10,0.5989251592356688,0,17,None,66,1,5,False,1000,1000
1870,30,degCent,10,0.5229896496815286,0,21,None,66,1,5,False,1000,1000
1871,31,degCent,10,0.5423964968152867,0,21,None,66,1,5,False,1000,1000
1872,32,degCent,10,0.5618033439490446,0,21,None,66,1,5,False,1000,1000
1873,33,degCent,10,0.5785230891719745,0,21,None,66,1,5,False,1000,1000
1874,34,degCent,10,0.5886743630573248,0,21,None,66,1,5,False,1000,1000
1875,30,degCent,10,0.4841759554140127,0,26,None,66,1,5,False,1000,1000
1876,31,degCent,10,0.4997014331210191,0,26,None,66,1,5,False,1000,1000
1877,32,degCent,10,0.5139331210191083,0,26,None,66,1,5,False,1000,1000
1878,33,degCent,10,0.5265724522292994,0,26,None,66,1,5,False,1000,1000
1879,34,degCent,10,0.539609872611465,0,26,None,66,1,5,False,1000,1000
1880,30,degCent,10,0.5526472929936306,0,12,None,66,1,5,False,1000,1000
1881,31,degCent,10,0.5658837579617835,0,12,None,66,1,5,False,1000,1000
1882,32,degCent,10,0.5788216560509554,0,12,None,66,1,5,False,1000,1000
1883,33,degCent,10,0.5892714968152867,0,12,None,66,1,5,False,1000,1000
1884,34,degCent,10,0.5979299363057324,0,12,None,66,1,5,False,1000,1000
1885,30,degCent,10,0.4762141719745223,0,6,None,66,1,5,False,1000,1000
1886,31,degCent,10,0.4918391719745223,0,6,None,66,1,5,False,1000,1000
1887,32,degCent,10,0.4999004777070063,0,6,None,66,1,5,False,1000,1000
1888,33,degCent,10,0.5080613057324841,0,6,None,66,1,5,False,1000,1000
1889,34,degCent,10,0.5168192675159236,0,6,None,66,1,5,False,1000,1000
1890,30,degCent,10,0.474124203821656,0,32,None,66,1,5,False,1000,1000
1891,31,degCent,10,0.48328025477707,0,32,None,66,1,5,False,1000,1000
1892,32,degCent,10,0.4914410828025478,0,32,None,66,1,5,False,1000,1000
1893,33,degCent,10,0.5067675159235668,0,32,None,66,1,5,False,1000,1000
1894,34,degCent,10,0.5272691082802548,0,32,None,66,1,5,False,1000,1000
1895,30,degCent,10,0.5426950636942676,0,7,None,66,1,5,False,1000,1000
1896,31,degCent,10,0.5482683121019108,0,7,None,66,1,5,False,1000,1000
1897,32,degCent,10,0.5532444267515924,0,7,None,66,1,5,False,1000,1000
1898,33,degCent,10,0.5571257961783439,0,7,None,66,1,5,False,1000,1000
1899,34,degCent,10,0.5610071656050956,0,7,None,66,1,5,False,1000,1000
1900,30,degCent,10,0.5152269108280255,0,8,None,66,1,5,False,1000,1000
1901,31,degCent,10,0.5210987261146497,0,8,None,66,1,5,False,1000,1000
1902,32,degCent,10,0.5252786624203821,0,8,None,66,1,5,False,1000,1000
1903,33,degCent,10,0.5322452229299363,0,8,None,66,1,5,False,1000,1000
1904,34,degCent,10,0.5362261146496815,0,8,None,66,1,5,False,1000,1000
1905,30,degCent,10,0.507265127388535,0,4,None,66,1,5,False,1000,1000
1906,31,degCent,10,0.5177149681528662,0,4,None,66,1,5,False,1000,1000
1907,32,degCent,10,0.526671974522293,0,4,None,66,1,5,False,1000,1000
1908,33,degCent,10,0.5335390127388535,0,4,None,66,1,5,False,1000,1000
1909,34,degCent,10,0.5400079617834395,0,4,None,66,1,5,False,1000,1000
1910,30,degCent,10,0.5399084394904459,0,16,None,66,1,5,False,1000,1000
1911,31,degCent,10,0.5444864649681529,0,16,None,66,1,5,False,1000,1000
1912,32,degCent,10,0.5508558917197452,0,16,None,66,1,5,False,1000,1000
1913,33,degCent,10,0.5581210191082803,0,16,None,66,1,5,False,1000,1000
1914,34,degCent,10,0.56359474522293,0,16,None,66,1,5,False,1000,1000
1915,30,degCent,10,0.5211982484076433,0,18,None,66,1,5,False,1000,1000
1916,31,degCent,10,0.5302547770700637,0,18,None,66,1,5,False,1000,1000
1917,32,degCent,10,0.5373208598726115,0,18,None,66,1,5,False,1000,1000
1918,33,degCent,10,0.5428941082802548,0,18,None,66,1,5,False,1000,1000
1919,34,degCent,10,0.5489649681528662,0,18,None,66,1,5,False,1000,1000
1920,30,degCent,10,0.4961186305732484,0,19,None,66,1,5,False,1000,1000
1921,31,degCent,10,0.5096536624203821,0,19,None,66,1,5,False,1000,1000
1922,32,degCent,10,0.5164211783439491,0,19,None,66,1,5,False,1000,1000
1923,33,degCent,10,0.5256767515923567,0,19,None,66,1,5,False,1000,1000
1924,34,degCent,10,0.5316480891719745,0,19,None,66,1,5,False,1000,1000
1925,30,degCent,10,0.4638734076433121,0,14,None,66,1,5,False,1000,1000
1926,31,degCent,10,0.4692476114649681,0,14,None,66,1,5,False,1000,1000
1927,32,degCent,10,0.4768113057324841,0,14,None,66,1,5,False,1000,1000
1928,33,degCent,10,0.4854697452229299,0,14,None,66,1,5,False,1000,1000
1929,34,degCent,10,0.491640127388535,0,14,None,66,1,5,False,1000,1000
1930,30,degCent,10,0.535031847133758,0,9,None,66,1,5,False,1000,1000
1931,31,degCent,10,0.5484673566878981,0,9,None,66,1,5,False,1000,1000
1932,32,degCent,10,0.5597133757961783,0,9,None,66,1,5,False,1000,1000
1933,33,degCent,10,0.5671775477707006,0,9,None,66,1,5,False,1000,1000
1934,34,degCent,10,0.5761345541401274,0,9,None,66,1,5,False,1000,1000
1935,30,degCent,10,0.5481687898089171,0,25,None,66,1,5,False,1000,1000
1936,31,degCent,10,0.5555334394904459,0,25,None,66,1,5,False,1000,1000
1937,32,degCent,10,0.56140525477707,0,25,None,66,1,5,False,1000,1000
1938,33,degCent,10,0.5687699044585988,0,25,None,66,1,5,False,1000,1000
1939,34,degCent,10,0.5760350318471338,0,25,None,66,1,5,False,1000,1000
1940,30,degCent,10,0.5284633757961783,0,29,None,66,1,5,False,1000,1000
1941,31,degCent,10,0.5343351910828026,0,29,None,66,1,5,False,1000,1000
1942,32,degCent,10,0.5408041401273885,0,29,None,66,1,5,False,1000,1000
1943,33,degCent,10,0.5464769108280255,0,29,None,66,1,5,False,1000,1000
1944,34,degCent,10,0.5512539808917197,0,29,None,66,1,5,False,1000,1000
1945,30,degCent,10,0.5481687898089171,0,24,None,66,1,5,False,1000,1000
1946,31,degCent,10,0.5704617834394905,0,24,None,66,1,5,False,1000,1000
1947,32,degCent,10,0.5855891719745223,0,24,None,66,1,5,False,1000,1000
1948,33,degCent,10,0.600218949044586,0,24,None,66,1,5,False,1000,1000
1949,34,degCent,10,0.6069864649681529,0,24,None,66,1,5,False,1000,1000
1950,30,degCent,10,0.5588176751592356,0,27,None,66,1,5,False,1000,1000
1951,31,degCent,10,0.560609076433121,0,27,None,66,1,5,False,1000,1000
1952,32,degCent,10,0.5625995222929936,0,27,None,66,1,5,False,1000,1000
1953,33,degCent,10,0.564390923566879,0,27,None,66,1,5,False,1000,1000
1954,34,degCent,10,0.5674761146496815,0,27,None,66,1,5,False,1000,1000
1955,30,degCent,10,0.5267714968152867,0,30,None,66,1,5,False,1000,1000
1956,31,degCent,10,0.53015525477707,0,30,None,66,1,5,False,1000,1000
1957,32,degCent,10,0.5349323248407644,0,30,None,66,1,5,False,1000,1000
1958,33,degCent,10,0.5381170382165605,0,30,None,66,1,5,False,1000,1000
1959,34,degCent,10,0.541202229299363,0,30,None,66,1,5,False,1000,1000
1960,30,degCent,10,0.5471735668789809,0,31,None,66,1,5,False,1000,1000
1961,31,degCent,10,0.5577229299363057,0,31,None,66,1,5,False,1000,1000
1962,32,degCent,10,0.5687699044585988,0,31,None,66,1,5,False,1000,1000
1963,33,degCent,10,0.5783240445859873,0,31,None,66,1,5,False,1000,1000
1964,34,degCent,10,0.5876791401273885,0,31,None,66,1,5,False,1000,1000
1965,30,degCent,10,0.4846735668789809,0,0,None,66,1,5,False,1000,1000
1966,31,degCent,10,0.4914410828025478,0,0,None,66,1,5,False,1000,1000
1967,32,degCent,10,0.4969148089171974,0,0,None,66,1,5,False,1000,1000
1968,33,degCent,10,0.5046775477707006,0,0,None,66,1,5,False,1000,1000
1969,34,degCent,10,0.5127388535031847,0,0,None,66,1,5,False,1000,1000
1970,30,degCent,10,0.5262738853503185,0,3,None,66,1,5,False,1000,1000
1971,31,degCent,10,0.5462778662420382,0,3,None,66,1,5,False,1000,1000
1972,32,degCent,10,0.5649880573248408,0,3,None,66,1,5,False,1000,1000
1973,33,degCent,10,0.5834992038216561,0,3,None,66,1,5,False,1000,1000
1974,34,degCent,10,0.5981289808917197,0,3,None,66,1,5,False,1000,1000
1975,30,degCent,10,0.4810907643312102,0,28,None,66,1,5,False,1000,1000
1976,31,degCent,10,0.4865644904458598,0,28,None,66,1,5,False,1000,1000
1977,32,degCent,10,0.4955214968152866,0,28,None,66,1,5,False,1000,1000
1978,33,degCent,10,0.5042794585987261,0,28,None,66,1,5,False,1000,1000
1979,34,degCent,10,0.5092555732484076,0,28,None,66,1,5,False,1000,1000
1980,35,degCent,10,0.5388136942675159,0,22,None,66,1,5,False,1000,1000
1981,36,degCent,10,0.5477707006369427,0,22,None,66,1,5,False,1000,1000
1982,37,degCent,10,0.5559315286624203,0,22,None,66,1,5,False,1000,1000
1983,38,degCent,10,0.5633957006369427,0,22,None,66,1,5,False,1000,1000
1984,39,degCent,10,0.5726512738853503,0,22,None,66,1,5,False,1000,1000
1985,35,degCent,10,0.5214968152866242,0,14,None,66,1,5,False,1000,1000
1986,36,degCent,10,0.5276671974522293,0,14,None,66,1,5,False,1000,1000
1987,37,degCent,10,0.535031847133758,0,14,None,66,1,5,False,1000,1000
1988,38,degCent,10,0.5416998407643312,0,14,None,66,1,5,False,1000,1000
1989,39,degCent,10,0.5483678343949044,0,14,None,66,1,5,False,1000,1000
1990,35,degCent,10,0.5601114649681529,0,30,None,66,1,5,False,1000,1000
1991,36,degCent,10,0.5653861464968153,0,30,None,66,1,5,False,1000,1000
1992,37,degCent,10,0.5705613057324841,0,30,None,66,1,5,False,1000,1000
1993,38,degCent,10,0.5776273885350318,0,30,None,66,1,5,False,1000,1000
1994,39,degCent,10,0.5830015923566879,0,30,None,66,1,5,False,1000,1000
1995,35,degCent,10,0.5426950636942676,0,1,None,66,1,5,False,1000,1000
1996,36,degCent,10,0.5629976114649682,0,1,None,66,1,5,False,1000,1000
1997,37,degCent,10,0.5767316878980892,0,1,None,66,1,5,False,1000,1000
1998,38,degCent,10,0.5873805732484076,0,1,None,66,1,5,False,1000,1000
1999,39,degCent,10,0.5967356687898089,0,1,None,66,1,5,False,1000,1000
2000,35,degCent,10,0.582703025477707,0,2,None,66,1,5,False,1000,1000
2001,36,degCent,10,0.5865843949044586,0,2,None,66,1,5,False,1000,1000
2002,37,degCent,10,0.589968152866242,0,2,None,66,1,5,False,1000,1000
2003,38,degCent,10,0.5933519108280255,0,2,None,66,1,5,False,1000,1000
2004,39,degCent,10,0.5967356687898089,0,2,None,66,1,5,False,1000,1000
2005,35,degCent,10,0.5895700636942676,0,21,None,66,1,5,False,1000,1000
2006,36,degCent,10,0.597531847133758,0,21,None,66,1,5,False,1000,1000
2007,37,degCent,10,0.6063893312101911,0,21,None,66,1,5,False,1000,1000
2008,38,degCent,10,0.6160429936305732,0,21,None,66,1,5,False,1000,1000
2009,39,degCent,10,0.6240047770700637,0,21,None,66,1,5,False,1000,1000
2010,35,degCent,10,0.5839968152866242,0,9,None,66,1,5,False,1000,1000
2011,36,degCent,10,0.5911624203821656,0,9,None,66,1,5,False,1000,1000
2012,37,degCent,10,0.5976313694267515,0,9,None,66,1,5,False,1000,1000
2013,38,degCent,10,0.6036027070063694,0,9,None,66,1,5,False,1000,1000
2014,39,degCent,10,0.60828025477707,0,9,None,66,1,5,False,1000,1000
2015,35,degCent,10,0.5557324840764332,0,23,None,66,1,5,False,1000,1000
2016,36,degCent,10,0.5665804140127388,0,23,None,66,1,5,False,1000,1000
2017,37,degCent,10,0.5733479299363057,0,23,None,66,1,5,False,1000,1000
2018,38,degCent,10,0.5789211783439491,0,23,None,66,1,5,False,1000,1000
2019,39,degCent,10,0.5821058917197452,0,23,None,66,1,5,False,1000,1000
2020,35,degCent,10,0.5860867834394905,0,27,None,66,1,5,False,1000,1000
2021,36,degCent,10,0.5867834394904459,0,27,None,66,1,5,False,1000,1000
2022,37,degCent,10,0.5890724522292994,0,27,None,66,1,5,False,1000,1000
2023,38,degCent,10,0.5902667197452229,0,27,None,66,1,5,False,1000,1000
2024,39,degCent,10,0.5924562101910829,0,27,None,66,1,5,False,1000,1000
2025,35,degCent,10,0.5136345541401274,0,28,None,66,1,5,False,1000,1000
2026,36,degCent,10,0.5188097133757962,0,28,None,66,1,5,False,1000,1000
2027,37,degCent,10,0.5249800955414012,0,28,None,66,1,5,False,1000,1000
2028,38,degCent,10,0.53234474522293,0,28,None,66,1,5,False,1000,1000
2029,39,degCent,10,0.5392117834394905,0,28,None,66,1,5,False,1000,1000
2030,35,degCent,10,0.5704617834394905,0,29,None,66,1,5,False,1000,1000
2031,36,degCent,10,0.5740445859872612,0,29,None,66,1,5,False,1000,1000
2032,37,degCent,10,0.5775278662420382,0,29,None,66,1,5,False,1000,1000
2033,38,degCent,10,0.5817078025477707,0,29,None,66,1,5,False,1000,1000
2034,39,degCent,10,0.5850915605095541,0,29,None,66,1,5,False,1000,1000
2035,35,degCent,10,0.5752388535031847,0,32,None,66,1,5,False,1000,1000
2036,36,degCent,10,0.5888734076433121,0,32,None,66,1,5,False,1000,1000
2037,37,degCent,10,0.6036027070063694,0,32,None,66,1,5,False,1000,1000
2038,38,degCent,10,0.6148487261146497,0,32,None,66,1,5,False,1000,1000
2039,39,degCent,10,0.6228105095541401,0,32,None,66,1,5,False,1000,1000
2040,35,degCent,10,0.5782245222929936,0,7,None,66,1,5,False,1000,1000
2041,36,degCent,10,0.580812101910828,0,7,None,66,1,5,False,1000,1000
2042,37,degCent,10,0.5834992038216561,0,7,None,66,1,5,False,1000,1000
2043,38,degCent,10,0.585390127388535,0,7,None,66,1,5,False,1000,1000
2044,39,degCent,10,0.5875796178343949,0,7,None,66,1,5,False,1000,1000
2045,35,degCent,10,0.5746417197452229,0,15,None,66,1,5,False,1000,1000
2046,36,degCent,10,0.5849920382165605,0,15,None,66,1,5,False,1000,1000
2047,37,degCent,10,0.59484474522293,0,15,None,66,1,5,False,1000,1000
2048,38,degCent,10,0.601015127388535,0,15,None,66,1,5,False,1000,1000
2049,39,degCent,10,0.6099721337579618,0,15,None,66,1,5,False,1000,1000
2050,35,degCent,10,0.5785230891719745,0,10,None,66,1,5,False,1000,1000
2051,36,degCent,10,0.5822054140127388,0,10,None,66,1,5,False,1000,1000
2052,37,degCent,10,0.586484872611465,0,10,None,66,1,5,False,1000,1000
2053,38,degCent,10,0.5920581210191083,0,10,None,66,1,5,False,1000,1000
2054,39,degCent,10,0.5955414012738853,0,10,None,66,1,5,False,1000,1000
2055,35,degCent,10,0.5941480891719745,0,13,None,66,1,5,False,1000,1000
2056,36,degCent,10,0.6073845541401274,0,13,None,66,1,5,False,1000,1000
2057,37,degCent,10,0.6102707006369427,0,13,None,66,1,5,False,1000,1000
2058,38,degCent,10,0.615047770700637,0,13,None,66,1,5,False,1000,1000
2059,39,degCent,10,0.6205214968152867,0,13,None,66,1,5,False,1000,1000
2060,35,degCent,10,0.6012141719745223,0,12,None,66,1,5,False,1000,1000
2061,36,degCent,10,0.60828025477707,0,12,None,66,1,5,False,1000,1000
2062,37,degCent,10,0.6163415605095541,0,12,None,66,1,5,False,1000,1000
2063,38,degCent,10,0.623109076433121,0,12,None,66,1,5,False,1000,1000
2064,39,degCent,10,0.6294785031847133,0,12,None,66,1,5,False,1000,1000
2065,35,degCent,10,0.5833996815286624,0,25,None,66,1,5,False,1000,1000
2066,36,degCent,10,0.5898686305732485,0,25,None,66,1,5,False,1000,1000
2067,37,degCent,10,0.5942476114649682,0,25,None,66,1,5,False,1000,1000
2068,38,degCent,10,0.5978304140127388,0,25,None,66,1,5,False,1000,1000
2069,39,degCent,10,0.6022093949044586,0,25,None,66,1,5,False,1000,1000
2070,35,degCent,10,0.5593152866242038,0,26,None,66,1,5,False,1000,1000
2071,36,degCent,10,0.5709593949044586,0,26,None,66,1,5,False,1000,1000
2072,37,degCent,10,0.5785230891719745,0,26,None,66,1,5,False,1000,1000
2073,38,degCent,10,0.5833996815286624,0,26,None,66,1,5,False,1000,1000
2074,39,degCent,10,0.5884753184713376,0,26,None,66,1,5,False,1000,1000
2075,35,degCent,10,0.5477707006369427,0,11,None,66,1,5,False,1000,1000
2076,36,degCent,10,0.5513535031847133,0,11,None,66,1,5,False,1000,1000
2077,37,degCent,10,0.5567277070063694,0,11,None,66,1,5,False,1000,1000
2078,38,degCent,10,0.5597133757961783,0,11,None,66,1,5,False,1000,1000
2079,39,degCent,10,0.5634952229299363,0,11,None,66,1,5,False,1000,1000
2080,35,degCent,10,0.6110668789808917,0,17,None,66,1,5,False,1000,1000
2081,36,degCent,10,0.615843949044586,0,17,None,66,1,5,False,1000,1000
2082,37,degCent,10,0.6217157643312102,0,17,None,66,1,5,False,1000,1000
2083,38,degCent,10,0.6263933121019108,0,17,None,66,1,5,False,1000,1000
2084,39,degCent,10,0.6294785031847133,0,17,None,66,1,5,False,1000,1000
2085,35,degCent,10,0.6065883757961783,0,24,None,66,1,5,False,1000,1000
2086,36,degCent,10,0.6127587579617835,0,24,None,66,1,5,False,1000,1000
2087,37,degCent,10,0.6211186305732485,0,24,None,66,1,5,False,1000,1000
2088,38,degCent,10,0.6302746815286624,0,24,None,66,1,5,False,1000,1000
2089,39,degCent,10,0.6381369426751592,0,24,None,66,1,5,False,1000,1000
2090,35,degCent,10,0.5865843949044586,0,31,None,66,1,5,False,1000,1000
2091,36,degCent,10,0.5943471337579618,0,31,None,66,1,5,False,1000,1000
2092,37,degCent,10,0.6018113057324841,0,31,None,66,1,5,False,1000,1000
2093,38,degCent,10,0.60828025477707,0,31,None,66,1,5,False,1000,1000
2094,39,degCent,10,0.6154458598726115,0,31,None,66,1,5,False,1000,1000
2095,35,degCent,10,0.5750398089171974,0,20,None,66,1,5,False,1000,1000
2096,36,degCent,10,0.5777269108280255,0,20,None,66,1,5,False,1000,1000
2097,37,degCent,10,0.5799164012738853,0,20,None,66,1,5,False,1000,1000
2098,38,degCent,10,0.5826035031847133,0,20,None,66,1,5,False,1000,1000
2099,39,degCent,10,0.5850915605095541,0,20,None,66,1,5,False,1000,1000
2100,35,degCent,10,0.5990246815286624,0,5,None,66,1,5,False,1000,1000
2101,36,degCent,10,0.6033041401273885,0,5,None,66,1,5,False,1000,1000
2102,37,degCent,10,0.6058917197452229,0,5,None,66,1,5,False,1000,1000
2103,38,degCent,10,0.6109673566878981,0,5,None,66,1,5,False,1000,1000
2104,39,degCent,10,0.6140525477707006,0,5,None,66,1,5,False,1000,1000
2105,35,degCent,10,0.6013136942675159,0,3,None,66,1,5,False,1000,1000
2106,36,degCent,10,0.6149482484076433,0,3,None,66,1,5,False,1000,1000
2107,37,degCent,10,0.6311703821656051,0,3,None,66,1,5,False,1000,1000
2108,38,degCent,10,0.6365445859872612,0,3,None,66,1,5,False,1000,1000
2109,39,degCent,10,0.6429140127388535,0,3,None,66,1,5,False,1000,1000
2110,35,degCent,10,0.5539410828025477,0,6,None,66,1,5,False,1000,1000
2111,36,degCent,10,0.5597133757961783,0,6,None,66,1,5,False,1000,1000
2112,37,degCent,10,0.5622014331210191,0,6,None,66,1,5,False,1000,1000
2113,38,degCent,10,0.5648885350318471,0,6,None,66,1,5,False,1000,1000
2114,39,degCent,10,0.5675756369426752,0,6,None,66,1,5,False,1000,1000
2115,35,degCent,10,0.5558320063694268,0,4,None,66,1,5,False,1000,1000
2116,36,degCent,10,0.5632961783439491,0,4,None,66,1,5,False,1000,1000
2117,37,degCent,10,0.5669785031847133,0,4,None,66,1,5,False,1000,1000
2118,38,degCent,10,0.5712579617834395,0,4,None,66,1,5,False,1000,1000
2119,39,degCent,10,0.575437898089172,0,4,None,66,1,5,False,1000,1000
2120,35,degCent,10,0.5424960191082803,0,8,None,66,1,5,False,1000,1000
2121,36,degCent,10,0.5460788216560509,0,8,None,66,1,5,False,1000,1000
2122,37,degCent,10,0.5502587579617835,0,8,None,66,1,5,False,1000,1000
2123,38,degCent,10,0.5534434713375797,0,8,None,66,1,5,False,1000,1000
2124,39,degCent,10,0.5573248407643312,0,8,None,66,1,5,False,1000,1000
2125,35,degCent,10,0.5886743630573248,0,16,None,66,1,5,False,1000,1000
2126,36,degCent,10,0.5943471337579618,0,16,None,66,1,5,False,1000,1000
2127,37,degCent,10,0.5995222929936306,0,16,None,66,1,5,False,1000,1000
2128,38,degCent,10,0.6062898089171974,0,16,None,66,1,5,False,1000,1000
2129,39,degCent,10,0.6143511146496815,0,16,None,66,1,5,False,1000,1000
2130,35,degCent,10,0.5686703821656051,0,18,None,66,1,5,False,1000,1000
2131,36,degCent,10,0.5729498407643312,0,18,None,66,1,5,False,1000,1000
2132,37,degCent,10,0.5778264331210191,0,18,None,66,1,5,False,1000,1000
2133,38,degCent,10,0.5826035031847133,0,18,None,66,1,5,False,1000,1000
2134,39,degCent,10,0.5860867834394905,0,18,None,66,1,5,False,1000,1000
2135,35,degCent,10,0.53015525477707,0,0,None,66,1,5,False,1000,1000
2136,36,degCent,10,0.5391122611464968,0,0,None,66,1,5,False,1000,1000
2137,37,degCent,10,0.5486664012738853,0,0,None,66,1,5,False,1000,1000
2138,38,degCent,10,0.5582205414012739,0,0,None,66,1,5,False,1000,1000
2139,39,degCent,10,0.567078025477707,0,0,None,66,1,5,False,1000,1000
2140,35,degCent,10,0.5379179936305732,0,19,None,66,1,5,False,1000,1000
2141,36,degCent,10,0.5435907643312102,0,19,None,66,1,5,False,1000,1000
2142,37,degCent,10,0.5493630573248408,0,19,None,66,1,5,False,1000,1000
2143,38,degCent,10,0.5570262738853503,0,19,None,66,1,5,False,1000,1000
2144,39,degCent,10,0.5634952229299363,0,19,None,66,1,5,False,1000,1000
2145,40,degCent,10,0.5968351910828026,0,22,None,66,1,5,False,1000,1000
2146,41,degCent,10,0.6083797770700637,0,22,None,66,1,5,False,1000,1000
2147,42,degCent,10,0.6186305732484076,0,22,None,66,1,5,False,1000,1000
2148,43,degCent,10,0.6250995222929936,0,22,None,66,1,5,False,1000,1000
2149,44,degCent,10,0.6291799363057324,0,22,None,66,1,5,False,1000,1000
2150,40,degCent,10,0.5830015923566879,0,23,None,66,1,5,False,1000,1000
2151,41,degCent,10,0.5871815286624203,0,23,None,66,1,5,False,1000,1000
2152,42,degCent,10,0.5894705414012739,0,23,None,66,1,5,False,1000,1000
2153,43,degCent,10,0.5928542993630573,0,23,None,66,1,5,False,1000,1000
2154,44,degCent,10,0.5954418789808917,0,23,None,66,1,5,False,1000,1000
2155,40,degCent,10,0.5655851910828026,0,8,None,66,1,5,False,1000,1000
2156,41,degCent,10,0.5686703821656051,0,8,None,66,1,5,False,1000,1000
2157,42,degCent,10,0.5725517515923567,0,8,None,66,1,5,False,1000,1000
2158,43,degCent,10,0.5766321656050956,0,8,None,66,1,5,False,1000,1000
2159,44,degCent,10,0.5793192675159236,0,8,None,66,1,5,False,1000,1000
2160,40,degCent,10,0.6040007961783439,0,1,None,66,1,5,False,1000,1000
2161,41,degCent,10,0.6094745222929936,0,1,None,66,1,5,False,1000,1000
2162,42,degCent,10,0.6123606687898089,0,1,None,66,1,5,False,1000,1000
2163,43,degCent,10,0.6154458598726115,0,1,None,66,1,5,False,1000,1000
2164,44,degCent,10,0.6181329617834395,0,1,None,66,1,5,False,1000,1000
2165,40,degCent,10,0.6089769108280255,0,2,None,66,1,5,False,1000,1000
2166,41,degCent,10,0.61046974522293,0,2,None,66,1,5,False,1000,1000
2167,42,degCent,10,0.6118630573248408,0,2,None,66,1,5,False,1000,1000
2168,43,degCent,10,0.6144506369426752,0,2,None,66,1,5,False,1000,1000
2169,44,degCent,10,0.616640127388535,0,2,None,66,1,5,False,1000,1000
2170,40,degCent,10,0.6351512738853503,0,17,None,66,1,5,False,1000,1000
2171,41,degCent,10,0.6382364649681529,0,17,None,66,1,5,False,1000,1000
2172,42,degCent,10,0.6407245222929936,0,17,None,66,1,5,False,1000,1000
2173,43,degCent,10,0.6428144904458599,0,17,None,66,1,5,False,1000,1000
2174,44,degCent,10,0.6460987261146497,0,17,None,66,1,5,False,1000,1000
2175,40,degCent,10,0.5976313694267515,0,20,None,66,1,5,False,1000,1000
2176,41,degCent,10,0.5996218152866242,0,20,None,66,1,5,False,1000,1000
2177,42,degCent,10,0.6009156050955414,0,20,None,66,1,5,False,1000,1000
2178,43,degCent,10,0.6020103503184714,0,20,None,66,1,5,False,1000,1000
2179,44,degCent,10,0.6035031847133758,0,20,None,66,1,5,False,1000,1000
2180,40,degCent,10,0.6240047770700637,0,5,None,66,1,5,False,1000,1000
2181,41,degCent,10,0.6274880573248408,0,5,None,66,1,5,False,1000,1000
2182,42,degCent,10,0.6307722929936306,0,5,None,66,1,5,False,1000,1000
2183,43,degCent,10,0.6331608280254777,0,5,None,66,1,5,False,1000,1000
2184,44,degCent,10,0.6354498407643312,0,5,None,66,1,5,False,1000,1000
2185,40,degCent,10,0.5554339171974523,0,14,None,66,1,5,False,1000,1000
2186,41,degCent,10,0.5602109872611465,0,14,None,66,1,5,False,1000,1000
2187,42,degCent,10,0.5657842356687898,0,14,None,66,1,5,False,1000,1000
2188,43,degCent,10,0.5695660828025477,0,14,None,66,1,5,False,1000,1000
2189,44,degCent,10,0.572452229299363,0,14,None,66,1,5,False,1000,1000
2190,40,degCent,10,0.5693670382165605,0,19,None,66,1,5,False,1000,1000
2191,41,degCent,10,0.5753383757961783,0,19,None,66,1,5,False,1000,1000
2192,42,degCent,10,0.582703025477707,0,19,None,66,1,5,False,1000,1000
2193,43,degCent,10,0.5881767515923567,0,19,None,66,1,5,False,1000,1000
2194,44,degCent,10,0.5940485668789809,0,19,None,66,1,5,False,1000,1000
2195,40,degCent,10,0.6267914012738853,0,21,None,66,1,5,False,1000,1000
2196,41,degCent,10,0.6334593949044586,0,21,None,66,1,5,False,1000,1000
2197,42,degCent,10,0.6397292993630573,0,21,None,66,1,5,False,1000,1000
2198,43,degCent,10,0.6440087579617835,0,21,None,66,1,5,False,1000,1000
2199,44,degCent,10,0.647890127388535,0,21,None,66,1,5,False,1000,1000
2200,40,degCent,10,0.6464968152866242,0,24,None,66,1,5,False,1000,1000
2201,41,degCent,10,0.6500796178343949,0,24,None,66,1,5,False,1000,1000
2202,42,degCent,10,0.6547571656050956,0,24,None,66,1,5,False,1000,1000
2203,43,degCent,10,0.6578423566878981,0,24,None,66,1,5,False,1000,1000
2204,44,degCent,10,0.661922770700637,0,24,None,66,1,5,False,1000,1000
2205,40,degCent,10,0.5797173566878981,0,30,None,66,1,5,False,1000,1000
2206,41,degCent,10,0.5869824840764332,0,30,None,66,1,5,False,1000,1000
2207,42,degCent,10,0.5927547770700637,0,30,None,66,1,5,False,1000,1000
2208,43,degCent,10,0.5992237261146497,0,30,None,66,1,5,False,1000,1000
2209,44,degCent,10,0.6057921974522293,0,30,None,66,1,5,False,1000,1000
2210,40,degCent,10,0.5423964968152867,0,28,None,66,1,5,False,1000,1000
2211,41,degCent,10,0.5469745222929936,0,28,None,66,1,5,False,1000,1000
2212,42,degCent,10,0.551453025477707,0,28,None,66,1,5,False,1000,1000
2213,43,degCent,10,0.5561305732484076,0,28,None,66,1,5,False,1000,1000
2214,44,degCent,10,0.5591162420382165,0,28,None,66,1,5,False,1000,1000
2215,40,degCent,10,0.6116640127388535,0,9,None,66,1,5,False,1000,1000
2216,41,degCent,10,0.6160429936305732,0,9,None,66,1,5,False,1000,1000
2217,42,degCent,10,0.6200238853503185,0,9,None,66,1,5,False,1000,1000
2218,43,degCent,10,0.6222133757961783,0,9,None,66,1,5,False,1000,1000
2219,44,degCent,10,0.6262937898089171,0,9,None,66,1,5,False,1000,1000
2220,40,degCent,10,0.6041998407643312,0,29,None,66,1,5,False,1000,1000
2221,41,degCent,10,0.6072850318471338,0,29,None,66,1,5,False,1000,1000
2222,42,degCent,10,0.6108678343949044,0,29,None,66,1,5,False,1000,1000
2223,43,degCent,10,0.6138535031847133,0,29,None,66,1,5,False,1000,1000
2224,44,degCent,10,0.6176353503184714,0,29,None,66,1,5,False,1000,1000
2225,40,degCent,10,0.5740445859872612,0,0,None,66,1,5,False,1000,1000
2226,41,degCent,10,0.5801154458598726,0,0,None,66,1,5,False,1000,1000
2227,42,degCent,10,0.5856886942675159,0,0,None,66,1,5,False,1000,1000
2228,43,degCent,10,0.5892714968152867,0,0,None,66,1,5,False,1000,1000
2229,44,degCent,10,0.59265525477707,0,0,None,66,1,5,False,1000,1000
2230,40,degCent,10,0.5777269108280255,0,4,None,66,1,5,False,1000,1000
2231,41,degCent,10,0.5806130573248408,0,4,None,66,1,5,False,1000,1000
2232,42,degCent,10,0.5832006369426752,0,4,None,66,1,5,False,1000,1000
2233,43,degCent,10,0.5843949044585988,0,4,None,66,1,5,False,1000,1000
2234,44,degCent,10,0.5848925159235668,0,4,None,66,1,5,False,1000,1000
2235,40,degCent,10,0.6061902866242038,0,10,None,66,1,5,False,1000,1000
2236,41,degCent,10,0.6098726114649682,0,10,None,66,1,5,False,1000,1000
2237,42,degCent,10,0.6133558917197452,0,10,None,66,1,5,False,1000,1000
2238,43,degCent,10,0.6159434713375797,0,10,None,66,1,5,False,1000,1000
2239,44,degCent,10,0.6181329617834395,0,10,None,66,1,5,False,1000,1000
2240,40,degCent,10,0.5745421974522293,0,11,None,66,1,5,False,1000,1000
2241,41,degCent,10,0.5763335987261147,0,11,None,66,1,5,False,1000,1000
2242,42,degCent,10,0.5780254777070064,0,11,None,66,1,5,False,1000,1000
2243,43,degCent,10,0.5798168789808917,0,11,None,66,1,5,False,1000,1000
2244,44,degCent,10,0.5810111464968153,0,11,None,66,1,5,False,1000,1000
2245,40,degCent,10,0.6250995222929936,0,15,None,66,1,5,False,1000,1000
2246,41,degCent,10,0.6292794585987261,0,15,None,66,1,5,False,1000,1000
2247,42,degCent,10,0.6320660828025477,0,15,None,66,1,5,False,1000,1000
2248,43,degCent,10,0.6340565286624203,0,15,None,66,1,5,False,1000,1000
2249,44,degCent,10,0.6363455414012739,0,15,None,66,1,5,False,1000,1000
2250,40,degCent,10,0.597531847133758,0,7,None,66,1,5,False,1000,1000
2251,41,degCent,10,0.599422770700637,0,7,None,66,1,5,False,1000,1000
2252,42,degCent,10,0.6005175159235668,0,7,None,66,1,5,False,1000,1000
2253,43,degCent,10,0.6024084394904459,0,7,None,66,1,5,False,1000,1000
2254,44,degCent,10,0.6031050955414012,0,7,None,66,1,5,False,1000,1000
2255,40,degCent,10,0.6309713375796179,0,16,None,66,1,5,False,1000,1000
2256,41,degCent,10,0.6370421974522293,0,16,None,66,1,5,False,1000,1000
2257,42,degCent,10,0.6412221337579618,0,16,None,66,1,5,False,1000,1000
2258,43,degCent,10,0.6455015923566879,0,16,None,66,1,5,False,1000,1000
2259,44,degCent,10,0.6486863057324841,0,16,None,66,1,5,False,1000,1000
2260,40,degCent,10,0.6418192675159236,0,32,None,66,1,5,False,1000,1000
2261,41,degCent,10,0.6515724522292994,0,32,None,66,1,5,False,1000,1000
2262,42,degCent,10,0.6592356687898089,0,32,None,66,1,5,False,1000,1000
2263,43,degCent,10,0.664609872611465,0,32,None,66,1,5,False,1000,1000
2264,44,degCent,10,0.668093152866242,0,32,None,66,1,5,False,1000,1000
2265,40,degCent,10,0.6109673566878981,0,27,None,66,1,5,False,1000,1000
2266,41,degCent,10,0.6121616242038217,0,27,None,66,1,5,False,1000,1000
2267,42,degCent,10,0.6140525477707006,0,27,None,66,1,5,False,1000,1000
2268,43,degCent,10,0.6155453821656051,0,27,None,66,1,5,False,1000,1000
2269,44,degCent,10,0.617734872611465,0,27,None,66,1,5,False,1000,1000
2270,40,degCent,10,0.5923566878980892,0,18,None,66,1,5,False,1000,1000
2271,41,degCent,10,0.596437101910828,0,18,None,66,1,5,False,1000,1000
2272,42,degCent,10,0.5992237261146497,0,18,None,66,1,5,False,1000,1000
2273,43,degCent,10,0.6035031847133758,0,18,None,66,1,5,False,1000,1000
2274,44,degCent,10,0.6079816878980892,0,18,None,66,1,5,False,1000,1000
2275,40,degCent,10,0.6075835987261147,0,31,None,66,1,5,False,1000,1000
2276,41,degCent,10,0.6160429936305732,0,31,None,66,1,5,False,1000,1000
2277,42,degCent,10,0.6228105095541401,0,31,None,66,1,5,False,1000,1000
2278,43,degCent,10,0.6278861464968153,0,31,None,66,1,5,False,1000,1000
2279,44,degCent,10,0.6309713375796179,0,31,None,66,1,5,False,1000,1000
2280,40,degCent,10,0.5858877388535032,0,6,None,66,1,5,False,1000,1000
2281,41,degCent,10,0.5871815286624203,0,6,None,66,1,5,False,1000,1000
2282,42,degCent,10,0.5883757961783439,0,6,None,66,1,5,False,1000,1000
2283,43,degCent,10,0.5897691082802548,0,6,None,66,1,5,False,1000,1000
2284,44,degCent,10,0.5919585987261147,0,6,None,66,1,5,False,1000,1000
2285,40,degCent,10,0.6309713375796179,0,12,None,66,1,5,False,1000,1000
2286,41,degCent,10,0.6424164012738853,0,12,None,66,1,5,False,1000,1000
2287,42,degCent,10,0.6508757961783439,0,12,None,66,1,5,False,1000,1000
2288,43,degCent,10,0.6578423566878981,0,12,None,66,1,5,False,1000,1000
2289,44,degCent,10,0.6633160828025477,0,12,None,66,1,5,False,1000,1000
2290,40,degCent,10,0.643312101910828,0,3,None,66,1,5,False,1000,1000
2291,41,degCent,10,0.6484872611464968,0,3,None,66,1,5,False,1000,1000
2292,42,degCent,10,0.6515724522292994,0,3,None,66,1,5,False,1000,1000
2293,43,degCent,10,0.6568471337579618,0,3,None,66,1,5,False,1000,1000
2294,44,degCent,10,0.6586385350318471,0,3,None,66,1,5,False,1000,1000
2295,40,degCent,10,0.63953025477707,0,13,None,66,1,5,False,1000,1000
2296,41,degCent,10,0.6447054140127388,0,13,None,66,1,5,False,1000,1000
2297,42,degCent,10,0.6459992038216561,0,13,None,66,1,5,False,1000,1000
2298,43,degCent,10,0.6481886942675159,0,13,None,66,1,5,False,1000,1000
2299,44,degCent,10,0.6503781847133758,0,13,None,66,1,5,False,1000,1000
2300,40,degCent,10,0.606687898089172,0,25,None,66,1,5,False,1000,1000
2301,41,degCent,10,0.6097730891719745,0,25,None,66,1,5,False,1000,1000
2302,42,degCent,10,0.6130573248407644,0,25,None,66,1,5,False,1000,1000
2303,43,degCent,10,0.6154458598726115,0,25,None,66,1,5,False,1000,1000
2304,44,degCent,10,0.6180334394904459,0,25,None,66,1,5,False,1000,1000
2305,40,degCent,10,0.5941480891719745,0,26,None,66,1,5,False,1000,1000
2306,41,degCent,10,0.596437101910828,0,26,None,66,1,5,False,1000,1000
2307,42,degCent,10,0.5980294585987261,0,26,None,66,1,5,False,1000,1000
2308,43,degCent,10,0.6011146496815286,0,26,None,66,1,5,False,1000,1000
2309,44,degCent,10,0.6041003184713376,0,26,None,66,1,5,False,1000,1000
2310,45,degCent,10,0.6189291401273885,0,1,None,66,1,5,False,1000,1000
2311,46,degCent,10,0.6219148089171974,0,1,None,66,1,5,False,1000,1000
2312,47,degCent,10,0.6218152866242038,0,1,None,66,1,5,False,1000,1000
2313,48,degCent,10,0.6225119426751592,0,1,None,66,1,5,False,1000,1000
2314,49,degCent,10,0.6245023885350318,0,1,None,66,1,5,False,1000,1000
2315,45,degCent,10,0.620421974522293,0,2,None,66,1,5,False,1000,1000
2316,46,degCent,10,0.6215167197452229,0,2,None,66,1,5,False,1000,1000
2317,47,degCent,10,0.6230095541401274,0,2,None,66,1,5,False,1000,1000
2318,48,degCent,10,0.6238057324840764,0,2,None,66,1,5,False,1000,1000
2319,49,degCent,10,0.6247014331210191,0,2,None,66,1,5,False,1000,1000
2320,45,degCent,10,0.6329617834394905,0,22,None,66,1,5,False,1000,1000
2321,46,degCent,10,0.6357484076433121,0,22,None,66,1,5,False,1000,1000
2322,47,degCent,10,0.6383359872611465,0,22,None,66,1,5,False,1000,1000
2323,48,degCent,10,0.6400278662420382,0,22,None,66,1,5,False,1000,1000
2324,49,degCent,10,0.6426154458598726,0,22,None,66,1,5,False,1000,1000
2325,45,degCent,10,0.5944466560509554,0,23,None,66,1,5,False,1000,1000
2326,46,degCent,10,0.5974323248407644,0,23,None,66,1,5,False,1000,1000
2327,47,degCent,10,0.6015127388535032,0,23,None,66,1,5,False,1000,1000
2328,48,degCent,10,0.6042993630573248,0,23,None,66,1,5,False,1000,1000
2329,49,degCent,10,0.6077826433121019,0,23,None,66,1,5,False,1000,1000
2330,45,degCent,10,0.6527667197452229,0,16,None,66,1,5,False,1000,1000
2331,46,degCent,10,0.6555533439490446,0,16,None,66,1,5,False,1000,1000
2332,47,degCent,10,0.6587380573248408,0,16,None,66,1,5,False,1000,1000
2333,48,degCent,10,0.6614251592356688,0,16,None,66,1,5,False,1000,1000
2334,49,degCent,10,0.6631170382165605,0,16,None,66,1,5,False,1000,1000
2335,45,degCent,10,0.6792396496815286,0,32,None,66,1,5,False,1000,1000
2336,46,degCent,10,0.6816281847133758,0,32,None,66,1,5,False,1000,1000
2337,47,degCent,10,0.6831210191082803,0,32,None,66,1,5,False,1000,1000
2338,48,degCent,10,0.6841162420382165,0,32,None,66,1,5,False,1000,1000
2339,49,degCent,10,0.6847133757961783,0,32,None,66,1,5,False,1000,1000
2340,45,degCent,10,0.6286823248407644,0,29,None,66,1,5,False,1000,1000
2341,46,degCent,10,0.6311703821656051,0,29,None,66,1,5,False,1000,1000
2342,47,degCent,10,0.6319665605095541,0,29,None,66,1,5,False,1000,1000
2343,48,degCent,10,0.6335589171974523,0,29,None,66,1,5,False,1000,1000
2344,49,degCent,10,0.636046974522293,0,29,None,66,1,5,False,1000,1000
2345,45,degCent,10,0.6264928343949044,0,9,None,66,1,5,False,1000,1000
2346,46,degCent,10,0.6315684713375797,0,9,None,66,1,5,False,1000,1000
2347,47,degCent,10,0.6356488853503185,0,9,None,66,1,5,False,1000,1000
2348,48,degCent,10,0.6403264331210191,0,9,None,66,1,5,False,1000,1000
2349,49,degCent,10,0.6435111464968153,0,9,None,66,1,5,False,1000,1000
2350,45,degCent,10,0.6250995222929936,0,10,None,66,1,5,False,1000,1000
2351,46,degCent,10,0.6283837579617835,0,10,None,66,1,5,False,1000,1000
2352,47,degCent,10,0.631468949044586,0,10,None,66,1,5,False,1000,1000
2353,48,degCent,10,0.6339570063694268,0,10,None,66,1,5,False,1000,1000
2354,49,degCent,10,0.6370421974522293,0,10,None,66,1,5,False,1000,1000
2355,45,degCent,10,0.6467953821656051,0,15,None,66,1,5,False,1000,1000
2356,46,degCent,10,0.6484872611464968,0,15,None,66,1,5,False,1000,1000
2357,47,degCent,10,0.648984872611465,0,15,None,66,1,5,False,1000,1000
2358,48,degCent,10,0.6510748407643312,0,15,None,66,1,5,False,1000,1000
2359,49,degCent,10,0.6518710191082803,0,15,None,66,1,5,False,1000,1000
2360,45,degCent,10,0.5857882165605095,0,11,None,66,1,5,False,1000,1000
2361,46,degCent,10,0.5861863057324841,0,11,None,66,1,5,False,1000,1000
2362,47,degCent,10,0.5873805732484076,0,11,None,66,1,5,False,1000,1000
2363,48,degCent,10,0.5886743630573248,0,11,None,66,1,5,False,1000,1000
2364,49,degCent,10,0.5895700636942676,0,11,None,66,1,5,False,1000,1000
2365,45,degCent,10,0.6385350318471338,0,18,None,66,1,5,False,1000,1000
2366,46,degCent,10,0.6421178343949044,0,18,None,66,1,5,False,1000,1000
2367,47,degCent,10,0.6471934713375797,0,18,None,66,1,5,False,1000,1000
2368,48,degCent,10,0.649781050955414,0,18,None,66,1,5,False,1000,1000
2369,49,degCent,10,0.6513734076433121,0,18,None,66,1,5,False,1000,1000
2370,45,degCent,10,0.5851910828025477,0,8,None,66,1,5,False,1000,1000
2371,46,degCent,10,0.5863853503184714,0,8,None,66,1,5,False,1000,1000
2372,47,degCent,10,0.5898686305732485,0,8,None,66,1,5,False,1000,1000
2373,48,degCent,10,0.5917595541401274,0,8,None,66,1,5,False,1000,1000
2374,49,degCent,10,0.5939490445859873,0,8,None,66,1,5,False,1000,1000
2375,45,degCent,10,0.59375,0,19,None,66,1,5,False,1000,1000
2376,46,degCent,10,0.6004179936305732,0,19,None,66,1,5,False,1000,1000
2377,47,degCent,10,0.6060907643312102,0,19,None,66,1,5,False,1000,1000
2378,48,degCent,10,0.6100716560509554,0,19,None,66,1,5,False,1000,1000
2379,49,degCent,10,0.6155453821656051,0,19,None,66,1,5,False,1000,1000
2380,45,degCent,10,0.632265127388535,0,31,None,66,1,5,False,1000,1000
2381,46,degCent,10,0.633359872611465,0,31,None,66,1,5,False,1000,1000
2382,47,degCent,10,0.6357484076433121,0,31,None,66,1,5,False,1000,1000
2383,48,degCent,10,0.6389331210191083,0,31,None,66,1,5,False,1000,1000
2384,49,degCent,10,0.6426154458598726,0,31,None,66,1,5,False,1000,1000
2385,45,degCent,10,0.5578224522292994,0,28,None,66,1,5,False,1000,1000
2386,46,degCent,10,0.56140525477707,0,28,None,66,1,5,False,1000,1000
2387,47,degCent,10,0.5647890127388535,0,28,None,66,1,5,False,1000,1000
2388,48,degCent,10,0.5668789808917197,0,28,None,66,1,5,False,1000,1000
2389,49,degCent,10,0.5682722929936306,0,28,None,66,1,5,False,1000,1000
2390,45,degCent,10,0.5986265923566879,0,0,None,66,1,5,False,1000,1000
2391,46,degCent,10,0.6011146496815286,0,0,None,66,1,5,False,1000,1000
2392,47,degCent,10,0.6032046178343949,0,0,None,66,1,5,False,1000,1000
2393,48,degCent,10,0.6068869426751592,0,0,None,66,1,5,False,1000,1000
2394,49,degCent,10,0.6100716560509554,0,0,None,66,1,5,False,1000,1000
2395,45,degCent,10,0.6499800955414012,0,17,None,66,1,5,False,1000,1000
2396,46,degCent,10,0.6537619426751592,0,17,None,66,1,5,False,1000,1000
2397,47,degCent,10,0.6553542993630573,0,17,None,66,1,5,False,1000,1000
2398,48,degCent,10,0.6572452229299363,0,17,None,66,1,5,False,1000,1000
2399,49,degCent,10,0.658937101910828,0,17,None,66,1,5,False,1000,1000
2400,45,degCent,10,0.646297770700637,0,21,None,66,1,5,False,1000,1000
2401,46,degCent,10,0.6509753184713376,0,21,None,66,1,5,False,1000,1000
2402,47,degCent,10,0.6539609872611465,0,21,None,66,1,5,False,1000,1000
2403,48,degCent,10,0.6575437898089171,0,21,None,66,1,5,False,1000,1000
2404,49,degCent,10,0.6601313694267515,0,21,None,66,1,5,False,1000,1000
2405,45,degCent,10,0.6597332802547771,0,24,None,66,1,5,False,1000,1000
2406,46,degCent,10,0.6625199044585988,0,24,None,66,1,5,False,1000,1000
2407,47,degCent,10,0.6658041401273885,0,24,None,66,1,5,False,1000,1000
2408,48,degCent,10,0.6683917197452229,0,24,None,66,1,5,False,1000,1000
2409,49,degCent,10,0.6719745222929936,0,24,None,66,1,5,False,1000,1000
2410,45,degCent,10,0.6309713375796179,0,27,None,66,1,5,False,1000,1000
2411,46,degCent,10,0.6316679936305732,0,27,None,66,1,5,False,1000,1000
2412,47,degCent,10,0.6328622611464968,0,27,None,66,1,5,False,1000,1000
2413,48,degCent,10,0.634952229299363,0,27,None,66,1,5,False,1000,1000
2414,49,degCent,10,0.6359474522292994,0,27,None,66,1,5,False,1000,1000
2415,45,degCent,10,0.6426154458598726,0,5,None,66,1,5,False,1000,1000
2416,46,degCent,10,0.6445063694267515,0,5,None,66,1,5,False,1000,1000
2417,47,degCent,10,0.6460987261146497,0,5,None,66,1,5,False,1000,1000
2418,48,degCent,10,0.6488853503184714,0,5,None,66,1,5,False,1000,1000
2419,49,degCent,10,0.6514729299363057,0,5,None,66,1,5,False,1000,1000
2420,45,degCent,10,0.6086783439490446,0,7,None,66,1,5,False,1000,1000
2421,46,degCent,10,0.6100716560509554,0,7,None,66,1,5,False,1000,1000
2422,47,degCent,10,0.6114649681528662,0,7,None,66,1,5,False,1000,1000
2423,48,degCent,10,0.6117635350318471,0,7,None,66,1,5,False,1000,1000
2424,49,degCent,10,0.6137539808917197,0,7,None,66,1,5,False,1000,1000
2425,45,degCent,10,0.5777269108280255,0,14,None,66,1,5,False,1000,1000
2426,46,degCent,10,0.5805135350318471,0,14,None,66,1,5,False,1000,1000
2427,47,degCent,10,0.582703025477707,0,14,None,66,1,5,False,1000,1000
2428,48,degCent,10,0.583797770700637,0,14,None,66,1,5,False,1000,1000
2429,49,degCent,10,0.5852906050955414,0,14,None,66,1,5,False,1000,1000
2430,45,degCent,10,0.618531050955414,0,30,None,66,1,5,False,1000,1000
2431,46,degCent,10,0.6233081210191083,0,30,None,66,1,5,False,1000,1000
2432,47,degCent,10,0.6293789808917197,0,30,None,66,1,5,False,1000,1000
2433,48,degCent,10,0.6326632165605095,0,30,None,66,1,5,False,1000,1000
2434,49,degCent,10,0.634952229299363,0,30,None,66,1,5,False,1000,1000
2435,45,degCent,10,0.6092754777070064,0,20,None,66,1,5,False,1000,1000
2436,46,degCent,10,0.6107683121019108,0,20,None,66,1,5,False,1000,1000
2437,47,degCent,10,0.6119625796178344,0,20,None,66,1,5,False,1000,1000
2438,48,degCent,10,0.6134554140127388,0,20,None,66,1,5,False,1000,1000
2439,49,degCent,10,0.6141520700636943,0,20,None,66,1,5,False,1000,1000
2440,45,degCent,10,0.5871815286624203,0,4,None,66,1,5,False,1000,1000
2441,46,degCent,10,0.5898686305732485,0,4,None,66,1,5,False,1000,1000
2442,47,degCent,10,0.59265525477707,0,4,None,66,1,5,False,1000,1000
2443,48,degCent,10,0.5945461783439491,0,4,None,66,1,5,False,1000,1000
2444,49,degCent,10,0.5984275477707006,0,4,None,66,1,5,False,1000,1000
2445,45,degCent,10,0.6054936305732485,0,6,None,66,1,5,False,1000,1000
2446,46,degCent,10,0.6059912420382165,0,6,None,66,1,5,False,1000,1000
2447,47,degCent,10,0.6085788216560509,0,6,None,66,1,5,False,1000,1000
2448,48,degCent,10,0.6100716560509554,0,6,None,66,1,5,False,1000,1000
2449,49,degCent,10,0.6114649681528662,0,6,None,66,1,5,False,1000,1000
2450,45,degCent,10,0.6601313694267515,0,3,None,66,1,5,False,1000,1000
2451,46,degCent,10,0.6633160828025477,0,3,None,66,1,5,False,1000,1000
2452,47,degCent,10,0.6666998407643312,0,3,None,66,1,5,False,1000,1000
2453,48,degCent,10,0.6694864649681529,0,3,None,66,1,5,False,1000,1000
2454,49,degCent,10,0.6723726114649682,0,3,None,66,1,5,False,1000,1000
2455,45,degCent,10,0.6641122611464968,0,12,None,66,1,5,False,1000,1000
2456,46,degCent,10,0.6705812101910829,0,12,None,66,1,5,False,1000,1000
2457,47,degCent,10,0.6739649681528662,0,12,None,66,1,5,False,1000,1000
2458,48,degCent,10,0.6781449044585988,0,12,None,66,1,5,False,1000,1000
2459,49,degCent,10,0.6823248407643312,0,12,None,66,1,5,False,1000,1000
2460,45,degCent,10,0.6567476114649682,0,13,None,66,1,5,False,1000,1000
2461,46,degCent,10,0.6578423566878981,0,13,None,66,1,5,False,1000,1000
2462,47,degCent,10,0.6596337579617835,0,13,None,66,1,5,False,1000,1000
2463,48,degCent,10,0.6606289808917197,0,13,None,66,1,5,False,1000,1000
2464,49,degCent,10,0.6623208598726115,0,13,None,66,1,5,False,1000,1000
2465,45,degCent,10,0.6209195859872612,0,25,None,66,1,5,False,1000,1000
2466,46,degCent,10,0.6248009554140127,0,25,None,66,1,5,False,1000,1000
2467,47,degCent,10,0.6275875796178344,0,25,None,66,1,5,False,1000,1000
2468,48,degCent,10,0.6300756369426752,0,25,None,66,1,5,False,1000,1000
2469,49,degCent,10,0.6320660828025477,0,25,None,66,1,5,False,1000,1000
2470,45,degCent,10,0.6207205414012739,0,26,None,66,1,5,False,1000,1000
2471,46,degCent,10,0.6235071656050956,0,26,None,66,1,5,False,1000,1000
2472,47,degCent,10,0.6255971337579618,0,26,None,66,1,5,False,1000,1000
2473,48,degCent,10,0.6296775477707006,0,26,None,66,1,5,False,1000,1000
2474,49,degCent,10,0.6335589171974523,0,26,None,66,1,5,False,1000,1000
2475,50,degCent,10,0.6263933121019108,0,1,None,66,1,5,False,1000,1000
2476,51,degCent,10,0.6289808917197452,0,1,None,66,1,5,False,1000,1000
2477,52,degCent,10,0.6316679936305732,0,1,None,66,1,5,False,1000,1000
2478,53,degCent,10,0.6336584394904459,0,1,None,66,1,5,False,1000,1000
2479,54,degCent,10,0.6371417197452229,0,1,None,66,1,5,False,1000,1000
2480,50,degCent,10,0.6457006369426752,0,27,None,66,1,5,False,1000,1000
2481,51,degCent,10,0.6471934713375797,0,27,None,66,1,5,False,1000,1000
2482,52,degCent,10,0.6485867834394905,0,27,None,66,1,5,False,1000,1000
2483,53,degCent,10,0.6499800955414012,0,27,None,66,1,5,False,1000,1000
2484,54,degCent,10,0.6512738853503185,0,27,None,66,1,5,False,1000,1000
2485,50,degCent,10,0.6633160828025477,0,21,None,66,1,5,False,1000,1000
2486,51,degCent,10,0.6668988853503185,0,21,None,66,1,5,False,1000,1000
2487,52,degCent,10,0.6695859872611465,0,21,None,66,1,5,False,1000,1000
2488,53,degCent,10,0.6714769108280255,0,21,None,66,1,5,False,1000,1000
2489,54,degCent,10,0.6752587579617835,0,21,None,66,1,5,False,1000,1000
2490,50,degCent,10,0.6441082802547771,0,22,None,66,1,5,False,1000,1000
2491,51,degCent,10,0.6480891719745223,0,22,None,66,1,5,False,1000,1000
2492,52,degCent,10,0.6510748407643312,0,22,None,66,1,5,False,1000,1000
2493,53,degCent,10,0.6540605095541401,0,22,None,66,1,5,False,1000,1000
2494,54,degCent,10,0.6563495222929936,0,22,None,66,1,5,False,1000,1000
2495,50,degCent,10,0.6086783439490446,0,23,None,66,1,5,False,1000,1000
2496,51,degCent,10,0.6113654458598726,0,23,None,66,1,5,False,1000,1000
2497,52,degCent,10,0.6142515923566879,0,23,None,66,1,5,False,1000,1000
2498,53,degCent,10,0.6183320063694268,0,23,None,66,1,5,False,1000,1000
2499,54,degCent,10,0.6202229299363057,0,23,None,66,1,5,False,1000,1000
2500,50,degCent,10,0.6673964968152867,0,16,None,66,1,5,False,1000,1000
2501,51,degCent,10,0.6682921974522293,0,16,None,66,1,5,False,1000,1000
2502,52,degCent,10,0.6700835987261147,0,16,None,66,1,5,False,1000,1000
2503,53,degCent,10,0.6715764331210191,0,16,None,66,1,5,False,1000,1000
2504,54,degCent,10,0.6727707006369427,0,16,None,66,1,5,False,1000,1000
2505,50,degCent,10,0.6872014331210191,0,32,None,66,1,5,False,1000,1000
2506,51,degCent,10,0.6888933121019108,0,32,None,66,1,5,False,1000,1000
2507,52,degCent,10,0.6894904458598726,0,32,None,66,1,5,False,1000,1000
2508,53,degCent,10,0.6903861464968153,0,32,None,66,1,5,False,1000,1000
2509,54,degCent,10,0.6906847133757962,0,32,None,66,1,5,False,1000,1000
2510,50,degCent,10,0.6458001592356688,0,29,None,66,1,5,False,1000,1000
2511,51,degCent,10,0.6465963375796179,0,29,None,66,1,5,False,1000,1000
2512,52,degCent,10,0.6476910828025477,0,29,None,66,1,5,False,1000,1000
2513,53,degCent,10,0.6486863057324841,0,29,None,66,1,5,False,1000,1000
2514,54,degCent,10,0.6500796178343949,0,29,None,66,1,5,False,1000,1000
2515,50,degCent,10,0.6615246815286624,0,15,None,66,1,5,False,1000,1000
2516,51,degCent,10,0.6629179936305732,0,15,None,66,1,5,False,1000,1000
2517,52,degCent,10,0.6634156050955414,0,15,None,66,1,5,False,1000,1000
2518,53,degCent,10,0.6652070063694268,0,15,None,66,1,5,False,1000,1000
2519,54,degCent,10,0.666202229299363,0,15,None,66,1,5,False,1000,1000
2520,50,degCent,10,0.6440087579617835,0,10,None,66,1,5,False,1000,1000
2521,51,degCent,10,0.6467953821656051,0,10,None,66,1,5,False,1000,1000
2522,52,degCent,10,0.6486863057324841,0,10,None,66,1,5,False,1000,1000
2523,53,degCent,10,0.651671974522293,0,10,None,66,1,5,False,1000,1000
2524,54,degCent,10,0.654359076433121,0,10,None,66,1,5,False,1000,1000
2525,50,degCent,10,0.5950437898089171,0,11,None,66,1,5,False,1000,1000
2526,51,degCent,10,0.5967356687898089,0,11,None,66,1,5,False,1000,1000
2527,52,degCent,10,0.5972332802547771,0,11,None,66,1,5,False,1000,1000
2528,53,degCent,10,0.5986265923566879,0,11,None,66,1,5,False,1000,1000
2529,54,degCent,10,0.600218949044586,0,11,None,66,1,5,False,1000,1000
2530,50,degCent,10,0.6637141719745223,0,17,None,66,1,5,False,1000,1000
2531,51,degCent,10,0.665406050955414,0,17,None,66,1,5,False,1000,1000
2532,52,degCent,10,0.6669984076433121,0,17,None,66,1,5,False,1000,1000
2533,53,degCent,10,0.668093152866242,0,17,None,66,1,5,False,1000,1000
2534,54,degCent,10,0.6698845541401274,0,17,None,66,1,5,False,1000,1000
2535,50,degCent,10,0.6727707006369427,0,24,None,66,1,5,False,1000,1000
2536,51,degCent,10,0.6750597133757962,0,24,None,66,1,5,False,1000,1000
2537,52,degCent,10,0.6784434713375797,0,24,None,66,1,5,False,1000,1000
2538,53,degCent,10,0.6808320063694268,0,24,None,66,1,5,False,1000,1000
2539,54,degCent,10,0.6835191082802548,0,24,None,66,1,5,False,1000,1000
2540,50,degCent,10,0.5987261146496815,0,8,None,66,1,5,False,1000,1000
2541,51,degCent,10,0.6012141719745223,0,8,None,66,1,5,False,1000,1000
2542,52,degCent,10,0.6034036624203821,0,8,None,66,1,5,False,1000,1000
2543,53,degCent,10,0.6063893312101911,0,8,None,66,1,5,False,1000,1000
2544,54,degCent,10,0.6080812101910829,0,8,None,66,1,5,False,1000,1000
2545,50,degCent,10,0.6678941082802548,0,18,None,66,1,5,False,1000,1000
2546,51,degCent,10,0.6694864649681529,0,18,None,66,1,5,False,1000,1000
2547,52,degCent,10,0.6700835987261147,0,18,None,66,1,5,False,1000,1000
2548,53,degCent,10,0.6723726114649682,0,18,None,66,1,5,False,1000,1000
2549,54,degCent,10,0.6743630573248408,0,18,None,66,1,5,False,1000,1000
2550,50,degCent,10,0.6402269108280255,0,31,None,66,1,5,False,1000,1000
2551,51,degCent,10,0.6427149681528662,0,31,None,66,1,5,False,1000,1000
2552,52,degCent,10,0.6456011146496815,0,31,None,66,1,5,False,1000,1000
2553,53,degCent,10,0.650577229299363,0,31,None,66,1,5,False,1000,1000
2554,54,degCent,10,0.652468152866242,0,31,None,66,1,5,False,1000,1000
2555,50,degCent,10,0.6169386942675159,0,19,None,66,1,5,False,1000,1000
2556,51,degCent,10,0.6237062101910829,0,19,None,66,1,5,False,1000,1000
2557,52,degCent,10,0.627687101910828,0,19,None,66,1,5,False,1000,1000
2558,53,degCent,10,0.6318670382165605,0,19,None,66,1,5,False,1000,1000
2559,54,degCent,10,0.6352507961783439,0,19,None,66,1,5,False,1000,1000
2560,50,degCent,10,0.6209195859872612,0,20,None,66,1,5,False,1000,1000
2561,51,degCent,10,0.6219148089171974,0,20,None,66,1,5,False,1000,1000
2562,52,degCent,10,0.6238057324840764,0,20,None,66,1,5,False,1000,1000
2563,53,degCent,10,0.6259952229299363,0,20,None,66,1,5,False,1000,1000
2564,54,degCent,10,0.627687101910828,0,20,None,66,1,5,False,1000,1000
2565,50,degCent,10,0.5641918789808917,0,28,None,66,1,5,False,1000,1000
2566,51,degCent,10,0.5679737261146497,0,28,None,66,1,5,False,1000,1000
2567,52,degCent,10,0.5706608280254777,0,28,None,66,1,5,False,1000,1000
2568,53,degCent,10,0.5729498407643312,0,28,None,66,1,5,False,1000,1000
2569,54,degCent,10,0.5758359872611465,0,28,None,66,1,5,False,1000,1000
2570,50,degCent,10,0.6334593949044586,0,25,None,66,1,5,False,1000,1000
2571,51,degCent,10,0.6363455414012739,0,25,None,66,1,5,False,1000,1000
2572,52,degCent,10,0.6390326433121019,0,25,None,66,1,5,False,1000,1000
2573,53,degCent,10,0.6418192675159236,0,25,None,66,1,5,False,1000,1000
2574,54,degCent,10,0.6441082802547771,0,25,None,66,1,5,False,1000,1000
2575,50,degCent,10,0.6448049363057324,0,9,None,66,1,5,False,1000,1000
2576,51,degCent,10,0.6511743630573248,0,9,None,66,1,5,False,1000,1000
2577,52,degCent,10,0.6560509554140127,0,9,None,66,1,5,False,1000,1000
2578,53,degCent,10,0.6603304140127388,0,9,None,66,1,5,False,1000,1000
2579,54,degCent,10,0.6661027070063694,0,9,None,66,1,5,False,1000,1000
2580,50,degCent,10,0.6282842356687898,0,2,None,66,1,5,False,1000,1000
2581,51,degCent,10,0.6298765923566879,0,2,None,66,1,5,False,1000,1000
2582,52,degCent,10,0.6331608280254777,0,2,None,66,1,5,False,1000,1000
2583,53,degCent,10,0.6342555732484076,0,2,None,66,1,5,False,1000,1000
2584,54,degCent,10,0.6352507961783439,0,2,None,66,1,5,False,1000,1000
2585,50,degCent,10,0.6732683121019108,0,3,None,66,1,5,False,1000,1000
2586,51,degCent,10,0.674562101910828,0,3,None,66,1,5,False,1000,1000
2587,52,degCent,10,0.675656847133758,0,3,None,66,1,5,False,1000,1000
2588,53,degCent,10,0.6785429936305732,0,3,None,66,1,5,False,1000,1000
2589,54,degCent,10,0.6807324840764332,0,3,None,66,1,5,False,1000,1000
2590,50,degCent,10,0.6693869426751592,0,13,None,66,1,5,False,1000,1000
2591,51,degCent,10,0.6702826433121019,0,13,None,66,1,5,False,1000,1000
2592,52,degCent,10,0.6721735668789809,0,13,None,66,1,5,False,1000,1000
2593,53,degCent,10,0.6738654458598726,0,13,None,66,1,5,False,1000,1000
2594,54,degCent,10,0.6748606687898089,0,13,None,66,1,5,False,1000,1000
2595,50,degCent,10,0.6147492038216561,0,0,None,66,1,5,False,1000,1000
2596,51,degCent,10,0.618531050955414,0,0,None,66,1,5,False,1000,1000
2597,52,degCent,10,0.6209195859872612,0,0,None,66,1,5,False,1000,1000
2598,53,degCent,10,0.6253980891719745,0,0,None,66,1,5,False,1000,1000
2599,54,degCent,10,0.6286823248407644,0,0,None,66,1,5,False,1000,1000
2600,50,degCent,10,0.6587380573248408,0,5,None,66,1,5,False,1000,1000
2601,51,degCent,10,0.6610270700636943,0,5,None,66,1,5,False,1000,1000
2602,52,degCent,10,0.6620222929936306,0,5,None,66,1,5,False,1000,1000
2603,53,degCent,10,0.6639132165605095,0,5,None,66,1,5,False,1000,1000
2604,54,degCent,10,0.6658041401273885,0,5,None,66,1,5,False,1000,1000
2605,50,degCent,10,0.599422770700637,0,4,None,66,1,5,False,1000,1000
2606,51,degCent,10,0.6038017515923567,0,4,None,66,1,5,False,1000,1000
2607,52,degCent,10,0.6064888535031847,0,4,None,66,1,5,False,1000,1000
2608,53,degCent,10,0.60828025477707,0,4,None,66,1,5,False,1000,1000
2609,54,degCent,10,0.6099721337579618,0,4,None,66,1,5,False,1000,1000
2610,50,degCent,10,0.6198248407643312,0,7,None,66,1,5,False,1000,1000
2611,51,degCent,10,0.6208200636942676,0,7,None,66,1,5,False,1000,1000
2612,52,degCent,10,0.6216162420382165,0,7,None,66,1,5,False,1000,1000
2613,53,degCent,10,0.6226114649681529,0,7,None,66,1,5,False,1000,1000
2614,54,degCent,10,0.6228105095541401,0,7,None,66,1,5,False,1000,1000
2615,50,degCent,10,0.6261942675159236,0,6,None,66,1,5,False,1000,1000
2616,51,degCent,10,0.6272890127388535,0,6,None,66,1,5,False,1000,1000
2617,52,degCent,10,0.6294785031847133,0,6,None,66,1,5,False,1000,1000
2618,53,degCent,10,0.6311703821656051,0,6,None,66,1,5,False,1000,1000
2619,54,degCent,10,0.6326632165605095,0,6,None,66,1,5,False,1000,1000
2620,50,degCent,10,0.5883757961783439,0,14,None,66,1,5,False,1000,1000
2621,51,degCent,10,0.5895700636942676,0,14,None,66,1,5,False,1000,1000
2622,52,degCent,10,0.5913614649681529,0,14,None,66,1,5,False,1000,1000
2623,53,degCent,10,0.5936504777070064,0,14,None,66,1,5,False,1000,1000
2624,54,degCent,10,0.5962380573248408,0,14,None,66,1,5,False,1000,1000
2625,50,degCent,10,0.682921974522293,0,12,None,66,1,5,False,1000,1000
2626,51,degCent,10,0.6877985668789809,0,12,None,66,1,5,False,1000,1000
2627,52,degCent,10,0.692078025477707,0,12,None,66,1,5,False,1000,1000
2628,53,degCent,10,0.6967555732484076,0,12,None,66,1,5,False,1000,1000
2629,54,degCent,10,0.7003383757961783,0,12,None,66,1,5,False,1000,1000
2630,50,degCent,10,0.6419187898089171,0,30,None,66,1,5,False,1000,1000
2631,51,degCent,10,0.6449044585987261,0,30,None,66,1,5,False,1000,1000
2632,52,degCent,10,0.647093949044586,0,30,None,66,1,5,False,1000,1000
2633,53,degCent,10,0.6492834394904459,0,30,None,66,1,5,False,1000,1000
2634,54,degCent,10,0.6509753184713376,0,30,None,66,1,5,False,1000,1000
2635,50,degCent,10,0.6423168789808917,0,26,None,66,1,5,False,1000,1000
2636,51,degCent,10,0.6454020700636943,0,26,None,66,1,5,False,1000,1000
2637,52,degCent,10,0.6480891719745223,0,26,None,66,1,5,False,1000,1000
2638,53,degCent,10,0.6511743630573248,0,26,None,66,1,5,False,1000,1000
2639,54,degCent,10,0.6537619426751592,0,26,None,66,1,5,False,1000,1000
4125,55,degCent,10,0.640625,0,1,None,66,1,5,False,1000,1000
4126,56,degCent,10,0.6430135350318471,0,1,None,66,1,5,False,1000,1000
4127,57,degCent,10,0.6461982484076433,0,1,None,66,1,5,False,1000,1000
4128,58,degCent,10,0.6488853503184714,0,1,None,66,1,5,False,1000,1000
4129,59,degCent,10,0.6499800955414012,0,1,None,66,1,5,False,1000,1000
4130,55,degCent,10,0.6412221337579618,0,2,None,66,1,5,False,1000,1000
4131,56,degCent,10,0.6407245222929936,0,2,None,66,1,5,False,1000,1000
4132,57,degCent,10,0.6426154458598726,0,2,None,66,1,5,False,1000,1000
4133,58,degCent,10,0.6440087579617835,0,2,None,66,1,5,False,1000,1000
4134,59,degCent,10,0.6450039808917197,0,2,None,66,1,5,False,1000,1000
4135,55,degCent,10,0.6692874203821656,0,5,None,66,1,5,False,1000,1000
4136,56,degCent,10,0.6724721337579618,0,5,None,66,1,5,False,1000,1000
4137,57,degCent,10,0.6743630573248408,0,5,None,66,1,5,False,1000,1000
4138,58,degCent,10,0.6758558917197452,0,5,None,66,1,5,False,1000,1000
4139,59,degCent,10,0.6776472929936306,0,5,None,66,1,5,False,1000,1000
4140,55,degCent,10,0.6759554140127388,0,13,None,66,1,5,False,1000,1000
4141,56,degCent,10,0.6778463375796179,0,13,None,66,1,5,False,1000,1000
4142,57,degCent,10,0.6801353503184714,0,13,None,66,1,5,False,1000,1000
4143,58,degCent,10,0.6811305732484076,0,13,None,66,1,5,False,1000,1000
4144,59,degCent,10,0.6821257961783439,0,13,None,66,1,5,False,1000,1000
4145,55,degCent,10,0.6731687898089171,0,15,None,66,1,5,False,1000,1000
4146,56,degCent,10,0.6738654458598726,0,15,None,66,1,5,False,1000,1000
4147,57,degCent,10,0.6746616242038217,0,15,None,66,1,5,False,1000,1000
4148,58,degCent,10,0.6761544585987261,0,15,None,66,1,5,False,1000,1000
4149,59,degCent,10,0.6772492038216561,0,15,None,66,1,5,False,1000,1000
4150,55,degCent,10,0.6605294585987261,0,10,None,66,1,5,False,1000,1000
4151,56,degCent,10,0.6622213375796179,0,10,None,66,1,5,False,1000,1000
4152,57,degCent,10,0.6641122611464968,0,10,None,66,1,5,False,1000,1000
4153,58,degCent,10,0.6675955414012739,0,10,None,66,1,5,False,1000,1000
4154,59,degCent,10,0.6688893312101911,0,10,None,66,1,5,False,1000,1000
4155,55,degCent,10,0.6067874203821656,0,11,None,66,1,5,False,1000,1000
4156,56,degCent,10,0.607484076433121,0,11,None,66,1,5,False,1000,1000
4157,57,degCent,10,0.6088773885350318,0,11,None,66,1,5,False,1000,1000
4158,58,degCent,10,0.6108678343949044,0,11,None,66,1,5,False,1000,1000
4159,59,degCent,10,0.6126592356687898,0,11,None,66,1,5,False,1000,1000
4160,55,degCent,10,0.6331608280254777,0,20,None,66,1,5,False,1000,1000
4161,56,degCent,10,0.6353503184713376,0,20,None,66,1,5,False,1000,1000
4162,57,degCent,10,0.6373407643312102,0,20,None,66,1,5,False,1000,1000
4163,58,degCent,10,0.6391321656050956,0,20,None,66,1,5,False,1000,1000
4164,59,degCent,10,0.6405254777070064,0,20,None,66,1,5,False,1000,1000
4165,55,degCent,10,0.6377388535031847,0,19,None,66,1,5,False,1000,1000
4166,56,degCent,10,0.6453025477707006,0,19,None,66,1,5,False,1000,1000
4167,57,degCent,10,0.648984872611465,0,19,None,66,1,5,False,1000,1000
4168,58,degCent,10,0.6522691082802548,0,19,None,66,1,5,False,1000,1000
4169,59,degCent,10,0.6554538216560509,0,19,None,66,1,5,False,1000,1000
4170,55,degCent,10,0.6215167197452229,0,23,None,66,1,5,False,1000,1000
4171,56,degCent,10,0.6251990445859873,0,23,None,66,1,5,False,1000,1000
4172,57,degCent,10,0.6277866242038217,0,23,None,66,1,5,False,1000,1000
4173,58,degCent,10,0.6303742038216561,0,23,None,66,1,5,False,1000,1000
4174,59,degCent,10,0.6336584394904459,0,23,None,66,1,5,False,1000,1000
4175,55,degCent,10,0.6742635350318471,0,17,None,66,1,5,False,1000,1000
4176,56,degCent,10,0.6760549363057324,0,17,None,66,1,5,False,1000,1000
4177,57,degCent,10,0.6785429936305732,0,17,None,66,1,5,False,1000,1000
4178,58,degCent,10,0.6809315286624203,0,17,None,66,1,5,False,1000,1000
4179,59,degCent,10,0.6836186305732485,0,17,None,66,1,5,False,1000,1000
4180,55,degCent,10,0.6733678343949044,0,21,None,66,1,5,False,1000,1000
4181,56,degCent,10,0.6762539808917197,0,21,None,66,1,5,False,1000,1000
4182,57,degCent,10,0.6786425159235668,0,21,None,66,1,5,False,1000,1000
4183,58,degCent,10,0.6809315286624203,0,21,None,66,1,5,False,1000,1000
4184,59,degCent,10,0.6831210191082803,0,21,None,66,1,5,False,1000,1000
4185,55,degCent,10,0.6450039808917197,0,25,None,66,1,5,False,1000,1000
4186,56,degCent,10,0.6472929936305732,0,25,None,66,1,5,False,1000,1000
4187,57,degCent,10,0.6488853503184714,0,25,None,66,1,5,False,1000,1000
4188,58,degCent,10,0.650577229299363,0,25,None,66,1,5,False,1000,1000
4189,59,degCent,10,0.6517714968152867,0,25,None,66,1,5,False,1000,1000
4190,55,degCent,10,0.6577428343949044,0,26,None,66,1,5,False,1000,1000
4191,56,degCent,10,0.6587380573248408,0,26,None,66,1,5,False,1000,1000
4192,57,degCent,10,0.6611265923566879,0,26,None,66,1,5,False,1000,1000
4193,58,degCent,10,0.6638136942675159,0,26,None,66,1,5,False,1000,1000
4194,59,degCent,10,0.666202229299363,0,26,None,66,1,5,False,1000,1000
4195,55,degCent,10,0.6962579617834395,0,12,None,66,1,5,False,1000,1000
4196,56,degCent,10,0.7007364649681529,0,12,None,66,1,5,False,1000,1000
4197,57,degCent,10,0.705015923566879,0,12,None,66,1,5,False,1000,1000
4198,58,degCent,10,0.7072054140127388,0,12,None,66,1,5,False,1000,1000
4199,59,degCent,10,0.7097929936305732,0,12,None,66,1,5,False,1000,1000
4200,55,degCent,10,0.6840167197452229,0,24,None,66,1,5,False,1000,1000
4201,56,degCent,10,0.6875995222929936,0,24,None,66,1,5,False,1000,1000
4202,57,degCent,10,0.6911823248407644,0,24,None,66,1,5,False,1000,1000
4203,58,degCent,10,0.6942675159235668,0,24,None,66,1,5,False,1000,1000
4204,59,degCent,10,0.6965565286624203,0,24,None,66,1,5,False,1000,1000
4205,55,degCent,10,0.5660828025477707,0,28,None,66,1,5,False,1000,1000
4206,56,degCent,10,0.5721536624203821,0,28,None,66,1,5,False,1000,1000
4207,57,degCent,10,0.5753383757961783,0,28,None,66,1,5,False,1000,1000
4208,58,degCent,10,0.5791202229299363,0,28,None,66,1,5,False,1000,1000
4209,59,degCent,10,0.5823049363057324,0,28,None,66,1,5,False,1000,1000
4210,55,degCent,10,0.6786425159235668,0,3,None,66,1,5,False,1000,1000
4211,56,degCent,10,0.6808320063694268,0,3,None,66,1,5,False,1000,1000
4212,57,degCent,10,0.6839171974522293,0,3,None,66,1,5,False,1000,1000
4213,58,degCent,10,0.6870023885350318,0,3,None,66,1,5,False,1000,1000
4214,59,degCent,10,0.6908837579617835,0,3,None,66,1,5,False,1000,1000
4215,55,degCent,10,0.6606289808917197,0,29,None,66,1,5,False,1000,1000
4216,56,degCent,10,0.662718949044586,0,29,None,66,1,5,False,1000,1000
4217,57,degCent,10,0.6628184713375797,0,29,None,66,1,5,False,1000,1000
4218,58,degCent,10,0.6644108280254777,0,29,None,66,1,5,False,1000,1000
4219,59,degCent,10,0.6661027070063694,0,29,None,66,1,5,False,1000,1000
4220,55,degCent,10,0.6329617834394905,0,0,None,66,1,5,False,1000,1000
4221,56,degCent,10,0.636046974522293,0,0,None,66,1,5,False,1000,1000
4222,57,degCent,10,0.6391321656050956,0,0,None,66,1,5,False,1000,1000
4223,58,degCent,10,0.6428144904458599,0,0,None,66,1,5,False,1000,1000
4224,59,degCent,10,0.6459992038216561,0,0,None,66,1,5,False,1000,1000
4225,55,degCent,10,0.6570461783439491,0,30,None,66,1,5,False,1000,1000
4226,56,degCent,10,0.6591361464968153,0,30,None,66,1,5,False,1000,1000
4227,57,degCent,10,0.6610270700636943,0,30,None,66,1,5,False,1000,1000
4228,58,degCent,10,0.6618232484076433,0,30,None,66,1,5,False,1000,1000
4229,59,degCent,10,0.6637141719745223,0,30,None,66,1,5,False,1000,1000
4230,55,degCent,10,0.696656050955414,0,32,None,66,1,5,False,1000,1000
4231,56,degCent,10,0.6969546178343949,0,32,None,66,1,5,False,1000,1000
4232,57,degCent,10,0.6971536624203821,0,32,None,66,1,5,False,1000,1000
4233,58,degCent,10,0.698546974522293,0,32,None,66,1,5,False,1000,1000
4234,59,degCent,10,0.7001393312101911,0,32,None,66,1,5,False,1000,1000
4235,55,degCent,10,0.6109673566878981,0,4,None,66,1,5,False,1000,1000
4236,56,degCent,10,0.615843949044586,0,4,None,66,1,5,False,1000,1000
4237,57,degCent,10,0.6188296178343949,0,4,None,66,1,5,False,1000,1000
4238,58,degCent,10,0.6215167197452229,0,4,None,66,1,5,False,1000,1000
4239,59,degCent,10,0.6235071656050956,0,4,None,66,1,5,False,1000,1000
4240,55,degCent,10,0.6264928343949044,0,7,None,66,1,5,False,1000,1000
4241,56,degCent,10,0.6272890127388535,0,7,None,66,1,5,False,1000,1000
4242,57,degCent,10,0.6284832802547771,0,7,None,66,1,5,False,1000,1000
4243,58,degCent,10,0.6298765923566879,0,7,None,66,1,5,False,1000,1000
4244,59,degCent,10,0.6308718152866242,0,7,None,66,1,5,False,1000,1000
4245,55,degCent,10,0.6095740445859873,0,8,None,66,1,5,False,1000,1000
4246,56,degCent,10,0.6116640127388535,0,8,None,66,1,5,False,1000,1000
4247,57,degCent,10,0.6136544585987261,0,8,None,66,1,5,False,1000,1000
4248,58,degCent,10,0.6159434713375797,0,8,None,66,1,5,False,1000,1000
4249,59,degCent,10,0.6190286624203821,0,8,None,66,1,5,False,1000,1000
4250,55,degCent,10,0.6759554140127388,0,16,None,66,1,5,False,1000,1000
4251,56,degCent,10,0.6758558917197452,0,16,None,66,1,5,False,1000,1000
4252,57,degCent,10,0.6769506369426752,0,16,None,66,1,5,False,1000,1000
4253,58,degCent,10,0.6772492038216561,0,16,None,66,1,5,False,1000,1000
4254,59,degCent,10,0.6797372611464968,0,16,None,66,1,5,False,1000,1000
4255,55,degCent,10,0.6860071656050956,0,18,None,66,1,5,False,1000,1000
4256,56,degCent,10,0.6874004777070064,0,18,None,66,1,5,False,1000,1000
4257,57,degCent,10,0.6882961783439491,0,18,None,66,1,5,False,1000,1000
4258,58,degCent,10,0.6891918789808917,0,18,None,66,1,5,False,1000,1000
4259,59,degCent,10,0.6900875796178344,0,18,None,66,1,5,False,1000,1000
4260,55,degCent,10,0.6518710191082803,0,31,None,66,1,5,False,1000,1000
4261,56,degCent,10,0.6556528662420382,0,31,None,66,1,5,False,1000,1000
4262,57,degCent,10,0.6586385350318471,0,31,None,66,1,5,False,1000,1000
4263,58,degCent,10,0.6620222929936306,0,31,None,66,1,5,False,1000,1000
4264,59,degCent,10,0.6648089171974523,0,31,None,66,1,5,False,1000,1000
4265,55,degCent,10,0.6561504777070064,0,27,None,66,1,5,False,1000,1000
4266,56,degCent,10,0.6565485668789809,0,27,None,66,1,5,False,1000,1000
4267,57,degCent,10,0.6569466560509554,0,27,None,66,1,5,False,1000,1000
4268,58,degCent,10,0.658140923566879,0,27,None,66,1,5,False,1000,1000
4269,59,degCent,10,0.6598328025477707,0,27,None,66,1,5,False,1000,1000
4270,55,degCent,10,0.669187898089172,0,9,None,66,1,5,False,1000,1000
4271,56,degCent,10,0.6730692675159236,0,9,None,66,1,5,False,1000,1000
4272,57,degCent,10,0.6757563694267515,0,9,None,66,1,5,False,1000,1000
4273,58,degCent,10,0.6786425159235668,0,9,None,66,1,5,False,1000,1000
4274,59,degCent,10,0.6820262738853503,0,9,None,66,1,5,False,1000,1000
4275,55,degCent,10,0.642515923566879,0,6,None,66,1,5,False,1000,1000
4276,56,degCent,10,0.6447054140127388,0,6,None,66,1,5,False,1000,1000
4277,57,degCent,10,0.6455015923566879,0,6,None,66,1,5,False,1000,1000
4278,58,degCent,10,0.647093949044586,0,6,None,66,1,5,False,1000,1000
4279,59,degCent,10,0.6480891719745223,0,6,None,66,1,5,False,1000,1000
4280,55,degCent,10,0.6038017515923567,0,14,None,66,1,5,False,1000,1000
4281,56,degCent,10,0.6072850318471338,0,14,None,66,1,5,False,1000,1000
4282,57,degCent,10,0.6097730891719745,0,14,None,66,1,5,False,1000,1000
4283,58,degCent,10,0.6138535031847133,0,14,None,66,1,5,False,1000,1000
4284,59,degCent,10,0.617734872611465,0,14,None,66,1,5,False,1000,1000
4285,55,degCent,10,0.658937101910828,0,22,None,66,1,5,False,1000,1000
4286,56,degCent,10,0.6618232484076433,0,22,None,66,1,5,False,1000,1000
4287,57,degCent,10,0.6649084394904459,0,22,None,66,1,5,False,1000,1000
4288,58,degCent,10,0.6681926751592356,0,22,None,66,1,5,False,1000,1000
4289,59,degCent,10,0.6705812101910829,0,22,None,66,1,5,False,1000,1000
4290,60,degCent,10,0.6576433121019108,0,19,None,66,1,5,False,1000,1000
4291,61,degCent,10,0.6613256369426752,0,19,None,66,1,5,False,1000,1000
4292,62,degCent,10,0.6639132165605095,0,19,None,66,1,5,False,1000,1000
4293,63,degCent,10,0.6666998407643312,0,19,None,66,1,5,False,1000,1000
4294,64,degCent,10,0.6682921974522293,0,19,None,66,1,5,False,1000,1000
4295,60,degCent,10,0.6615246815286624,0,31,None,66,1,5,False,1000,1000
4296,61,degCent,10,0.6642117834394905,0,31,None,66,1,5,False,1000,1000
4297,62,degCent,10,0.6666003184713376,0,31,None,66,1,5,False,1000,1000
4298,63,degCent,10,0.6689888535031847,0,31,None,66,1,5,False,1000,1000
4299,64,degCent,10,0.6720740445859873,0,31,None,66,1,5,False,1000,1000
4300,60,degCent,10,0.6945660828025477,0,24,None,66,1,5,False,1000,1000
4301,61,degCent,10,0.6992436305732485,0,24,None,66,1,5,False,1000,1000
4302,62,degCent,10,0.70203025477707,0,24,None,66,1,5,False,1000,1000
4303,63,degCent,10,0.7047173566878981,0,24,None,66,1,5,False,1000,1000
4304,64,degCent,10,0.7070063694267515,0,24,None,66,1,5,False,1000,1000
4305,60,degCent,10,0.6182324840764332,0,11,None,66,1,5,False,1000,1000
4306,61,degCent,10,0.6194267515923567,0,11,None,66,1,5,False,1000,1000
4307,62,degCent,10,0.6217157643312102,0,11,None,66,1,5,False,1000,1000
4308,63,degCent,10,0.6235071656050956,0,11,None,66,1,5,False,1000,1000
4309,64,degCent,10,0.6251990445859873,0,11,None,66,1,5,False,1000,1000
4310,60,degCent,10,0.6869028662420382,0,15,None,66,1,5,False,1000,1000
4311,61,degCent,10,0.6873009554140127,0,15,None,66,1,5,False,1000,1000
4312,62,degCent,10,0.6880971337579618,0,15,None,66,1,5,False,1000,1000
4313,63,degCent,10,0.6888933121019108,0,15,None,66,1,5,False,1000,1000
4314,64,degCent,10,0.6902866242038217,0,15,None,66,1,5,False,1000,1000
4315,60,degCent,10,0.6875,0,17,None,66,1,5,False,1000,1000
4316,61,degCent,10,0.689390923566879,0,17,None,66,1,5,False,1000,1000
4317,62,degCent,10,0.6907842356687898,0,17,None,66,1,5,False,1000,1000
4318,63,degCent,10,0.6923765923566879,0,17,None,66,1,5,False,1000,1000
4319,64,degCent,10,0.6944665605095541,0,17,None,66,1,5,False,1000,1000
4320,60,degCent,10,0.6923765923566879,0,18,None,66,1,5,False,1000,1000
4321,61,degCent,10,0.6941679936305732,0,18,None,66,1,5,False,1000,1000
4322,62,degCent,10,0.6963574840764332,0,18,None,66,1,5,False,1000,1000
4323,63,degCent,10,0.6986464968152867,0,18,None,66,1,5,False,1000,1000
4324,64,degCent,10,0.6998407643312102,0,18,None,66,1,5,False,1000,1000
4325,60,degCent,10,0.6461982484076433,0,20,None,66,1,5,False,1000,1000
4326,61,degCent,10,0.6483877388535032,0,20,None,66,1,5,False,1000,1000
4327,62,degCent,10,0.6512738853503185,0,20,None,66,1,5,False,1000,1000
4328,63,degCent,10,0.6544585987261147,0,20,None,66,1,5,False,1000,1000
4329,64,degCent,10,0.6571457006369427,0,20,None,66,1,5,False,1000,1000
4330,60,degCent,10,0.6717754777070064,0,10,None,66,1,5,False,1000,1000
4331,61,degCent,10,0.6750597133757962,0,10,None,66,1,5,False,1000,1000
4332,62,degCent,10,0.6767515923566879,0,10,None,66,1,5,False,1000,1000
4333,63,degCent,10,0.6792396496815286,0,10,None,66,1,5,False,1000,1000
4334,64,degCent,10,0.6812300955414012,0,10,None,66,1,5,False,1000,1000
4335,60,degCent,10,0.6522691082802548,0,25,None,66,1,5,False,1000,1000
4336,61,degCent,10,0.65515525477707,0,25,None,66,1,5,False,1000,1000
4337,62,degCent,10,0.6579418789808917,0,25,None,66,1,5,False,1000,1000
4338,63,degCent,10,0.6603304140127388,0,25,None,66,1,5,False,1000,1000
4339,64,degCent,10,0.6626194267515924,0,25,None,66,1,5,False,1000,1000
4340,60,degCent,10,0.6679936305732485,0,26,None,66,1,5,False,1000,1000
4341,61,degCent,10,0.6700835987261147,0,26,None,66,1,5,False,1000,1000
4342,62,degCent,10,0.6719745222929936,0,26,None,66,1,5,False,1000,1000
4343,63,degCent,10,0.6740644904458599,0,26,None,66,1,5,False,1000,1000
4344,64,degCent,10,0.675656847133758,0,26,None,66,1,5,False,1000,1000
4345,60,degCent,10,0.7089968152866242,0,12,None,66,1,5,False,1000,1000
4346,61,degCent,10,0.713077229299363,0,12,None,66,1,5,False,1000,1000
4347,62,degCent,10,0.7159633757961783,0,12,None,66,1,5,False,1000,1000
4348,63,degCent,10,0.7182523885350318,0,12,None,66,1,5,False,1000,1000
4349,64,degCent,10,0.7204418789808917,0,12,None,66,1,5,False,1000,1000
4350,60,degCent,10,0.6636146496815286,0,30,None,66,1,5,False,1000,1000
4351,61,degCent,10,0.6659036624203821,0,30,None,66,1,5,False,1000,1000
4352,62,degCent,10,0.6669984076433121,0,30,None,66,1,5,False,1000,1000
4353,63,degCent,10,0.6687898089171974,0,30,None,66,1,5,False,1000,1000
4354,64,degCent,10,0.6703821656050956,0,30,None,66,1,5,False,1000,1000
4355,60,degCent,10,0.6153463375796179,0,14,None,66,1,5,False,1000,1000
4356,61,degCent,10,0.6191281847133758,0,14,None,66,1,5,False,1000,1000
4357,62,degCent,10,0.6237062101910829,0,14,None,66,1,5,False,1000,1000
4358,63,degCent,10,0.6264928343949044,0,14,None,66,1,5,False,1000,1000
4359,64,degCent,10,0.6299761146496815,0,14,None,66,1,5,False,1000,1000
4360,60,degCent,10,0.6765525477707006,0,22,None,66,1,5,False,1000,1000
4361,61,degCent,10,0.6796377388535032,0,22,None,66,1,5,False,1000,1000
4362,62,degCent,10,0.6809315286624203,0,22,None,66,1,5,False,1000,1000
4363,63,degCent,10,0.6835191082802548,0,22,None,66,1,5,False,1000,1000
4364,64,degCent,10,0.6855095541401274,0,22,None,66,1,5,False,1000,1000
4365,60,degCent,10,0.6528662420382165,0,1,None,66,1,5,False,1000,1000
4366,61,degCent,10,0.6553542993630573,0,1,None,66,1,5,False,1000,1000
4367,62,degCent,10,0.6574442675159236,0,1,None,66,1,5,False,1000,1000
4368,63,degCent,10,0.6592356687898089,0,1,None,66,1,5,False,1000,1000
4369,64,degCent,10,0.6606289808917197,0,1,None,66,1,5,False,1000,1000
4370,60,degCent,10,0.6492834394904459,0,2,None,66,1,5,False,1000,1000
4371,61,degCent,10,0.6501791401273885,0,2,None,66,1,5,False,1000,1000
4372,62,degCent,10,0.6519705414012739,0,2,None,66,1,5,False,1000,1000
4373,63,degCent,10,0.6534633757961783,0,2,None,66,1,5,False,1000,1000
4374,64,degCent,10,0.6552547770700637,0,2,None,66,1,5,False,1000,1000
4375,60,degCent,10,0.6475915605095541,0,0,None,66,1,5,False,1000,1000
4376,61,degCent,10,0.6507762738853503,0,0,None,66,1,5,False,1000,1000
4377,62,degCent,10,0.6532643312101911,0,0,None,66,1,5,False,1000,1000
4378,63,degCent,10,0.6579418789808917,0,0,None,66,1,5,False,1000,1000
4379,64,degCent,10,0.6595342356687898,0,0,None,66,1,5,False,1000,1000
4380,60,degCent,10,0.681827229299363,0,5,None,66,1,5,False,1000,1000
4381,61,degCent,10,0.6845143312101911,0,5,None,66,1,5,False,1000,1000
4382,62,degCent,10,0.6859076433121019,0,5,None,66,1,5,False,1000,1000
4383,63,degCent,10,0.6869028662420382,0,5,None,66,1,5,False,1000,1000
4384,64,degCent,10,0.6887937898089171,0,5,None,66,1,5,False,1000,1000
4385,60,degCent,10,0.6254976114649682,0,4,None,66,1,5,False,1000,1000
4386,61,degCent,10,0.6289808917197452,0,4,None,66,1,5,False,1000,1000
4387,62,degCent,10,0.6323646496815286,0,4,None,66,1,5,False,1000,1000
4388,63,degCent,10,0.6353503184713376,0,4,None,66,1,5,False,1000,1000
4389,64,degCent,10,0.6390326433121019,0,4,None,66,1,5,False,1000,1000
4390,60,degCent,10,0.6203224522292994,0,8,None,66,1,5,False,1000,1000
4391,61,degCent,10,0.6220143312101911,0,8,None,66,1,5,False,1000,1000
4392,62,degCent,10,0.6242038216560509,0,8,None,66,1,5,False,1000,1000
4393,63,degCent,10,0.6258957006369427,0,8,None,66,1,5,False,1000,1000
4394,64,degCent,10,0.6298765923566879,0,8,None,66,1,5,False,1000,1000
4395,60,degCent,10,0.6793391719745223,0,9,None,66,1,5,False,1000,1000
4396,61,degCent,10,0.6825238853503185,0,9,None,66,1,5,False,1000,1000
4397,62,degCent,10,0.6866042993630573,0,9,None,66,1,5,False,1000,1000
4398,63,degCent,10,0.6895899681528662,0,9,None,66,1,5,False,1000,1000
4399,64,degCent,10,0.6932722929936306,0,9,None,66,1,5,False,1000,1000
4400,60,degCent,10,0.6855095541401274,0,13,None,66,1,5,False,1000,1000
4401,61,degCent,10,0.6874004777070064,0,13,None,66,1,5,False,1000,1000
4402,62,degCent,10,0.6903861464968153,0,13,None,66,1,5,False,1000,1000
4403,63,degCent,10,0.6921775477707006,0,13,None,66,1,5,False,1000,1000
4404,64,degCent,10,0.6936703821656051,0,13,None,66,1,5,False,1000,1000
4405,60,degCent,10,0.6857085987261147,0,21,None,66,1,5,False,1000,1000
4406,61,degCent,10,0.6871019108280255,0,21,None,66,1,5,False,1000,1000
4407,62,degCent,10,0.6896894904458599,0,21,None,66,1,5,False,1000,1000
4408,63,degCent,10,0.6915804140127388,0,21,None,66,1,5,False,1000,1000
4409,64,degCent,10,0.6938694267515924,0,21,None,66,1,5,False,1000,1000
4410,60,degCent,10,0.6321656050955414,0,23,None,66,1,5,False,1000,1000
4411,61,degCent,10,0.6344546178343949,0,23,None,66,1,5,False,1000,1000
4412,62,degCent,10,0.6370421974522293,0,23,None,66,1,5,False,1000,1000
4413,63,degCent,10,0.6398288216560509,0,23,None,66,1,5,False,1000,1000
4414,64,degCent,10,0.6421178343949044,0,23,None,66,1,5,False,1000,1000
4415,60,degCent,10,0.6675955414012739,0,27,None,66,1,5,False,1000,1000
4416,61,degCent,10,0.6676950636942676,0,27,None,66,1,5,False,1000,1000
4417,62,degCent,10,0.6692874203821656,0,27,None,66,1,5,False,1000,1000
4418,63,degCent,10,0.6714769108280255,0,27,None,66,1,5,False,1000,1000
4419,64,degCent,10,0.6727707006369427,0,27,None,66,1,5,False,1000,1000
4420,60,degCent,10,0.5658837579617835,0,28,None,66,1,5,False,1000,1000
4421,61,degCent,10,0.5746417197452229,0,28,None,66,1,5,False,1000,1000
4422,62,degCent,10,0.5818073248407644,0,28,None,66,1,5,False,1000,1000
4423,63,degCent,10,0.5867834394904459,0,28,None,66,1,5,False,1000,1000
4424,64,degCent,10,0.591062898089172,0,28,None,66,1,5,False,1000,1000
4425,60,degCent,10,0.674562101910828,0,29,None,66,1,5,False,1000,1000
4426,61,degCent,10,0.675656847133758,0,29,None,66,1,5,False,1000,1000
4427,62,degCent,10,0.6769506369426752,0,29,None,66,1,5,False,1000,1000
4428,63,degCent,10,0.6776472929936306,0,29,None,66,1,5,False,1000,1000
4429,64,degCent,10,0.6784434713375797,0,29,None,66,1,5,False,1000,1000
4430,60,degCent,10,0.6586385350318471,0,6,None,66,1,5,False,1000,1000
4431,61,degCent,10,0.6602308917197452,0,6,None,66,1,5,False,1000,1000
4432,62,degCent,10,0.6615246815286624,0,6,None,66,1,5,False,1000,1000
4433,63,degCent,10,0.6629179936305732,0,6,None,66,1,5,False,1000,1000
4434,64,degCent,10,0.6649084394904459,0,6,None,66,1,5,False,1000,1000
4435,60,degCent,10,0.6891918789808917,0,3,None,66,1,5,False,1000,1000
4436,61,degCent,10,0.693172770700637,0,3,None,66,1,5,False,1000,1000
4437,62,degCent,10,0.6956608280254777,0,3,None,66,1,5,False,1000,1000
4438,63,degCent,10,0.6977507961783439,0,3,None,66,1,5,False,1000,1000
4439,64,degCent,10,0.7013335987261147,0,3,None,66,1,5,False,1000,1000
4440,60,degCent,10,0.6366441082802548,0,7,None,66,1,5,False,1000,1000
4441,61,degCent,10,0.6386345541401274,0,7,None,66,1,5,False,1000,1000
4442,62,degCent,10,0.6396297770700637,0,7,None,66,1,5,False,1000,1000
4443,63,degCent,10,0.6413216560509554,0,7,None,66,1,5,False,1000,1000
4444,64,degCent,10,0.6436106687898089,0,7,None,66,1,5,False,1000,1000
4445,60,degCent,10,0.682921974522293,0,16,None,66,1,5,False,1000,1000
4446,61,degCent,10,0.6852109872611465,0,16,None,66,1,5,False,1000,1000
4447,62,degCent,10,0.6869028662420382,0,16,None,66,1,5,False,1000,1000
4448,63,degCent,10,0.68859474522293,0,16,None,66,1,5,False,1000,1000
4449,64,degCent,10,0.6903861464968153,0,16,None,66,1,5,False,1000,1000
4450,60,degCent,10,0.7033240445859873,0,32,None,66,1,5,False,1000,1000
4451,61,degCent,10,0.7046178343949044,0,32,None,66,1,5,False,1000,1000
4452,62,degCent,10,0.7060111464968153,0,32,None,66,1,5,False,1000,1000
4453,63,degCent,10,0.7075039808917197,0,32,None,66,1,5,False,1000,1000
4454,64,degCent,10,0.7100915605095541,0,32,None,66,1,5,False,1000,1000
4455,65,degCent,10,0.6592356687898089,0,2,None,66,1,5,False,1000,1000
4456,66,degCent,10,0.6612261146496815,0,2,None,66,1,5,False,1000,1000
4457,67,degCent,10,0.6630175159235668,0,2,None,66,1,5,False,1000,1000
4458,68,degCent,10,0.6647093949044586,0,2,None,66,1,5,False,1000,1000
4459,69,degCent,10,0.6659036624203821,0,2,None,66,1,5,False,1000,1000
4460,65,degCent,10,0.6625199044585988,0,1,None,66,1,5,False,1000,1000
4461,66,degCent,10,0.6645103503184714,0,1,None,66,1,5,False,1000,1000
4462,67,degCent,10,0.6665007961783439,0,1,None,66,1,5,False,1000,1000
4463,68,degCent,10,0.6688893312101911,0,1,None,66,1,5,False,1000,1000
4464,69,degCent,10,0.6709792993630573,0,1,None,66,1,5,False,1000,1000
4465,65,degCent,10,0.6990445859872612,0,21,None,66,1,5,False,1000,1000
4466,66,degCent,10,0.7003383757961783,0,21,None,66,1,5,False,1000,1000
4467,67,degCent,10,0.7027269108280255,0,21,None,66,1,5,False,1000,1000
4468,68,degCent,10,0.7056130573248408,0,21,None,66,1,5,False,1000,1000
4469,69,degCent,10,0.7070063694267515,0,21,None,66,1,5,False,1000,1000
4470,65,degCent,10,0.6821257961783439,0,22,None,66,1,5,False,1000,1000
4471,66,degCent,10,0.6854100318471338,0,22,None,66,1,5,False,1000,1000
4472,67,degCent,10,0.6883957006369427,0,22,None,66,1,5,False,1000,1000
4473,68,degCent,10,0.6900875796178344,0,22,None,66,1,5,False,1000,1000
4474,69,degCent,10,0.6923765923566879,0,22,None,66,1,5,False,1000,1000
4475,65,degCent,10,0.6426154458598726,0,23,None,66,1,5,False,1000,1000
4476,66,degCent,10,0.6458001592356688,0,23,None,66,1,5,False,1000,1000
4477,67,degCent,10,0.6477906050955414,0,23,None,66,1,5,False,1000,1000
4478,68,degCent,10,0.6499800955414012,0,23,None,66,1,5,False,1000,1000
4479,69,degCent,10,0.6526671974522293,0,23,None,66,1,5,False,1000,1000
4480,65,degCent,10,0.6972531847133758,0,15,None,66,1,5,False,1000,1000
4481,66,degCent,10,0.6982484076433121,0,15,None,66,1,5,False,1000,1000
4482,67,degCent,10,0.6998407643312102,0,15,None,66,1,5,False,1000,1000
4483,68,degCent,10,0.7003383757961783,0,15,None,66,1,5,False,1000,1000
4484,69,degCent,10,0.7019307324840764,0,15,None,66,1,5,False,1000,1000
4485,65,degCent,10,0.6842157643312102,0,10,None,66,1,5,False,1000,1000
4486,66,degCent,10,0.6859076433121019,0,10,None,66,1,5,False,1000,1000
4487,67,degCent,10,0.6890923566878981,0,10,None,66,1,5,False,1000,1000
4488,68,degCent,10,0.6907842356687898,0,10,None,66,1,5,False,1000,1000
4489,69,degCent,10,0.6942675159235668,0,10,None,66,1,5,False,1000,1000
4490,65,degCent,10,0.7017316878980892,0,13,None,66,1,5,False,1000,1000
4491,66,degCent,10,0.7033240445859873,0,13,None,66,1,5,False,1000,1000
4492,67,degCent,10,0.705015923566879,0,13,None,66,1,5,False,1000,1000
4493,68,degCent,10,0.7072054140127388,0,13,None,66,1,5,False,1000,1000
4494,69,degCent,10,0.7090963375796179,0,13,None,66,1,5,False,1000,1000
4495,65,degCent,10,0.6282842356687898,0,11,None,66,1,5,False,1000,1000
4496,66,degCent,10,0.6303742038216561,0,11,None,66,1,5,False,1000,1000
4497,67,degCent,10,0.6318670382165605,0,11,None,66,1,5,False,1000,1000
4498,68,degCent,10,0.6337579617834395,0,11,None,66,1,5,False,1000,1000
4499,69,degCent,10,0.6354498407643312,0,11,None,66,1,5,False,1000,1000
4500,65,degCent,10,0.697452229299363,0,17,None,66,1,5,False,1000,1000
4501,66,degCent,10,0.6988455414012739,0,17,None,66,1,5,False,1000,1000
4502,67,degCent,10,0.700437898089172,0,17,None,66,1,5,False,1000,1000
4503,68,degCent,10,0.7023288216560509,0,17,None,66,1,5,False,1000,1000
4504,69,degCent,10,0.7039211783439491,0,17,None,66,1,5,False,1000,1000
4505,65,degCent,10,0.7056130573248408,0,24,None,66,1,5,False,1000,1000
4506,66,degCent,10,0.7082006369426752,0,24,None,66,1,5,False,1000,1000
4507,67,degCent,10,0.711484872611465,0,24,None,66,1,5,False,1000,1000
4508,68,degCent,10,0.7146695859872612,0,24,None,66,1,5,False,1000,1000
4509,69,degCent,10,0.7179538216560509,0,24,None,66,1,5,False,1000,1000
4510,65,degCent,10,0.6590366242038217,0,20,None,66,1,5,False,1000,1000
4511,66,degCent,10,0.6622213375796179,0,20,None,66,1,5,False,1000,1000
4512,67,degCent,10,0.6643113057324841,0,20,None,66,1,5,False,1000,1000
4513,68,degCent,10,0.6677945859872612,0,20,None,66,1,5,False,1000,1000
4514,69,degCent,10,0.6701831210191083,0,20,None,66,1,5,False,1000,1000
4515,65,degCent,10,0.568172770700637,0,28,None,66,1,5,False,1000,1000
4516,66,degCent,10,0.5811106687898089,0,28,None,66,1,5,False,1000,1000
4517,67,degCent,10,0.5894705414012739,0,28,None,66,1,5,False,1000,1000
4518,68,degCent,10,0.595640923566879,0,28,None,66,1,5,False,1000,1000
4519,69,degCent,10,0.601015127388535,0,28,None,66,1,5,False,1000,1000
4520,65,degCent,10,0.6934713375796179,0,5,None,66,1,5,False,1000,1000
4521,66,degCent,10,0.6941679936305732,0,5,None,66,1,5,False,1000,1000
4522,67,degCent,10,0.6960589171974523,0,5,None,66,1,5,False,1000,1000
4523,68,degCent,10,0.6982484076433121,0,5,None,66,1,5,False,1000,1000
4524,69,degCent,10,0.6997412420382165,0,5,None,66,1,5,False,1000,1000
4525,65,degCent,10,0.675656847133758,0,6,None,66,1,5,False,1000,1000
4526,66,degCent,10,0.6759554140127388,0,6,None,66,1,5,False,1000,1000
4527,67,degCent,10,0.6768511146496815,0,6,None,66,1,5,False,1000,1000
4528,68,degCent,10,0.6780453821656051,0,6,None,66,1,5,False,1000,1000
4529,69,degCent,10,0.6786425159235668,0,6,None,66,1,5,False,1000,1000
4530,65,degCent,10,0.6801353503184714,0,26,None,66,1,5,False,1000,1000
4531,66,degCent,10,0.6819267515923567,0,26,None,66,1,5,False,1000,1000
4532,67,degCent,10,0.6847133757961783,0,26,None,66,1,5,False,1000,1000
4533,68,degCent,10,0.6867038216560509,0,26,None,66,1,5,False,1000,1000
4534,69,degCent,10,0.6900875796178344,0,26,None,66,1,5,False,1000,1000
4535,65,degCent,10,0.7173566878980892,0,12,None,66,1,5,False,1000,1000
4536,66,degCent,10,0.7195461783439491,0,12,None,66,1,5,False,1000,1000
4537,67,degCent,10,0.722531847133758,0,12,None,66,1,5,False,1000,1000
4538,68,degCent,10,0.723328025477707,0,12,None,66,1,5,False,1000,1000
4539,69,degCent,10,0.7272093949044586,0,12,None,66,1,5,False,1000,1000
4540,65,degCent,10,0.6753582802547771,0,30,None,66,1,5,False,1000,1000
4541,66,degCent,10,0.6777468152866242,0,30,None,66,1,5,False,1000,1000
4542,67,degCent,10,0.6801353503184714,0,30,None,66,1,5,False,1000,1000
4543,68,degCent,10,0.6813296178343949,0,30,None,66,1,5,False,1000,1000
4544,69,degCent,10,0.6824243630573248,0,30,None,66,1,5,False,1000,1000
4545,65,degCent,10,0.6300756369426752,0,8,None,66,1,5,False,1000,1000
4546,66,degCent,10,0.6321656050955414,0,8,None,66,1,5,False,1000,1000
4547,67,degCent,10,0.636843152866242,0,8,None,66,1,5,False,1000,1000
4548,68,degCent,10,0.6385350318471338,0,8,None,66,1,5,False,1000,1000
4549,69,degCent,10,0.6412221337579618,0,8,None,66,1,5,False,1000,1000
4550,65,degCent,10,0.6915804140127388,0,16,None,66,1,5,False,1000,1000
4551,66,degCent,10,0.6940684713375797,0,16,None,66,1,5,False,1000,1000
4552,67,degCent,10,0.6953622611464968,0,16,None,66,1,5,False,1000,1000
4553,68,degCent,10,0.6967555732484076,0,16,None,66,1,5,False,1000,1000
4554,69,degCent,10,0.6970541401273885,0,16,None,66,1,5,False,1000,1000
4555,65,degCent,10,0.6710788216560509,0,19,None,66,1,5,False,1000,1000
4556,66,degCent,10,0.6753582802547771,0,19,None,66,1,5,False,1000,1000
4557,67,degCent,10,0.6784434713375797,0,19,None,66,1,5,False,1000,1000
4558,68,degCent,10,0.6805334394904459,0,19,None,66,1,5,False,1000,1000
4559,69,degCent,10,0.6842157643312102,0,19,None,66,1,5,False,1000,1000
4560,65,degCent,10,0.7035230891719745,0,18,None,66,1,5,False,1000,1000
4561,66,degCent,10,0.7051154458598726,0,18,None,66,1,5,False,1000,1000
4562,67,degCent,10,0.7066082802547771,0,18,None,66,1,5,False,1000,1000
4563,68,degCent,10,0.7083996815286624,0,18,None,66,1,5,False,1000,1000
4564,69,degCent,10,0.710390127388535,0,18,None,66,1,5,False,1000,1000
4565,65,degCent,10,0.6806329617834395,0,27,None,66,1,5,False,1000,1000
4566,66,degCent,10,0.6819267515923567,0,27,None,66,1,5,False,1000,1000
4567,67,degCent,10,0.6843152866242038,0,27,None,66,1,5,False,1000,1000
4568,68,degCent,10,0.685609076433121,0,27,None,66,1,5,False,1000,1000
4569,69,degCent,10,0.6867038216560509,0,27,None,66,1,5,False,1000,1000
4570,65,degCent,10,0.67078025477707,0,31,None,66,1,5,False,1000,1000
4571,66,degCent,10,0.6732683121019108,0,31,None,66,1,5,False,1000,1000
4572,67,degCent,10,0.675656847133758,0,31,None,66,1,5,False,1000,1000
4573,68,degCent,10,0.6789410828025477,0,31,None,66,1,5,False,1000,1000
4574,69,degCent,10,0.680234872611465,0,31,None,66,1,5,False,1000,1000
4575,65,degCent,10,0.651671974522293,0,7,None,66,1,5,False,1000,1000
4576,66,degCent,10,0.6536624203821656,0,7,None,66,1,5,False,1000,1000
4577,67,degCent,10,0.6550557324840764,0,7,None,66,1,5,False,1000,1000
4578,68,degCent,10,0.6576433121019108,0,7,None,66,1,5,False,1000,1000
4579,69,degCent,10,0.6595342356687898,0,7,None,66,1,5,False,1000,1000
4580,65,degCent,10,0.6440087579617835,0,4,None,66,1,5,False,1000,1000
4581,66,degCent,10,0.6477906050955414,0,4,None,66,1,5,False,1000,1000
4582,67,degCent,10,0.651671974522293,0,4,None,66,1,5,False,1000,1000
4583,68,degCent,10,0.65625,0,4,None,66,1,5,False,1000,1000
4584,69,degCent,10,0.6585390127388535,0,4,None,66,1,5,False,1000,1000
4585,65,degCent,10,0.7142714968152867,0,32,None,66,1,5,False,1000,1000
4586,66,degCent,10,0.7165605095541401,0,32,None,66,1,5,False,1000,1000
4587,67,degCent,10,0.7189490445859873,0,32,None,66,1,5,False,1000,1000
4588,68,degCent,10,0.720640923566879,0,32,None,66,1,5,False,1000,1000
4589,69,degCent,10,0.7220342356687898,0,32,None,66,1,5,False,1000,1000
4590,65,degCent,10,0.6647093949044586,0,0,None,66,1,5,False,1000,1000
4591,66,degCent,10,0.6679936305732485,0,0,None,66,1,5,False,1000,1000
4592,67,degCent,10,0.6695859872611465,0,0,None,66,1,5,False,1000,1000
4593,68,degCent,10,0.6708797770700637,0,0,None,66,1,5,False,1000,1000
4594,69,degCent,10,0.6725716560509554,0,0,None,66,1,5,False,1000,1000
4595,65,degCent,10,0.7015326433121019,0,3,None,66,1,5,False,1000,1000
4596,66,degCent,10,0.7025278662420382,0,3,None,66,1,5,False,1000,1000
4597,67,degCent,10,0.70421974522293,0,3,None,66,1,5,False,1000,1000
4598,68,degCent,10,0.7067078025477707,0,3,None,66,1,5,False,1000,1000
4599,69,degCent,10,0.7091958598726115,0,3,None,66,1,5,False,1000,1000
4600,65,degCent,10,0.6961584394904459,0,9,None,66,1,5,False,1000,1000
4601,66,degCent,10,0.700437898089172,0,9,None,66,1,5,False,1000,1000
4602,67,degCent,10,0.7026273885350318,0,9,None,66,1,5,False,1000,1000
4603,68,degCent,10,0.7060111464968153,0,9,None,66,1,5,False,1000,1000
4604,69,degCent,10,0.7091958598726115,0,9,None,66,1,5,False,1000,1000
4605,65,degCent,10,0.6327627388535032,0,14,None,66,1,5,False,1000,1000
4606,66,degCent,10,0.6389331210191083,0,14,None,66,1,5,False,1000,1000
4607,67,degCent,10,0.6416202229299363,0,14,None,66,1,5,False,1000,1000
4608,68,degCent,10,0.6443073248407644,0,14,None,66,1,5,False,1000,1000
4609,69,degCent,10,0.647890127388535,0,14,None,66,1,5,False,1000,1000
4610,65,degCent,10,0.6639132165605095,0,25,None,66,1,5,False,1000,1000
4611,66,degCent,10,0.6677945859872612,0,25,None,66,1,5,False,1000,1000
4612,67,degCent,10,0.671875,0,25,None,66,1,5,False,1000,1000
4613,68,degCent,10,0.6761544585987261,0,25,None,66,1,5,False,1000,1000
4614,69,degCent,10,0.6793391719745223,0,25,None,66,1,5,False,1000,1000
4615,65,degCent,10,0.691281847133758,0,29,None,66,1,5,False,1000,1000
4616,66,degCent,10,0.6911823248407644,0,29,None,66,1,5,False,1000,1000
4617,67,degCent,10,0.6914808917197452,0,29,None,66,1,5,False,1000,1000
4618,68,degCent,10,0.692078025477707,0,29,None,66,1,5,False,1000,1000
4619,69,degCent,10,0.6930732484076433,0,29,None,66,1,5,False,1000,1000
4620,70,degCent,10,0.7228304140127388,0,32,None,66,1,5,False,1000,1000
4621,71,degCent,10,0.7243232484076433,0,32,None,66,1,5,False,1000,1000
4622,72,degCent,10,0.7264132165605095,0,32,None,66,1,5,False,1000,1000
4623,73,degCent,10,0.728702229299363,0,32,None,66,1,5,False,1000,1000
4624,74,degCent,10,0.7284036624203821,0,32,None,66,1,5,False,1000,1000
4625,70,degCent,10,0.6733678343949044,0,1,None,66,1,5,False,1000,1000
4626,71,degCent,10,0.6757563694267515,0,1,None,66,1,5,False,1000,1000
4627,72,degCent,10,0.6773487261146497,0,1,None,66,1,5,False,1000,1000
4628,73,degCent,10,0.6794386942675159,0,1,None,66,1,5,False,1000,1000
4629,74,degCent,10,0.6826234076433121,0,1,None,66,1,5,False,1000,1000
4630,70,degCent,10,0.6695859872611465,0,2,None,66,1,5,False,1000,1000
4631,71,degCent,10,0.6704816878980892,0,2,None,66,1,5,False,1000,1000
4632,72,degCent,10,0.6724721337579618,0,2,None,66,1,5,False,1000,1000
4633,73,degCent,10,0.6734673566878981,0,2,None,66,1,5,False,1000,1000
4634,74,degCent,10,0.6746616242038217,0,2,None,66,1,5,False,1000,1000
4635,70,degCent,10,0.7068073248407644,0,21,None,66,1,5,False,1000,1000
4636,71,degCent,10,0.7082006369426752,0,21,None,66,1,5,False,1000,1000
4637,72,degCent,10,0.7094944267515924,0,21,None,66,1,5,False,1000,1000
4638,73,degCent,10,0.7119824840764332,0,21,None,66,1,5,False,1000,1000
4639,74,degCent,10,0.7134753184713376,0,21,None,66,1,5,False,1000,1000
4640,70,degCent,10,0.5702627388535032,0,28,None,66,1,5,False,1000,1000
4641,71,degCent,10,0.5852906050955414,0,28,None,66,1,5,False,1000,1000
4642,72,degCent,10,0.5966361464968153,0,28,None,66,1,5,False,1000,1000
4643,73,degCent,10,0.603702229299363,0,28,None,66,1,5,False,1000,1000
4644,74,degCent,10,0.6100716560509554,0,28,None,66,1,5,False,1000,1000
4645,70,degCent,10,0.7019307324840764,0,29,None,66,1,5,False,1000,1000
4646,71,degCent,10,0.7025278662420382,0,29,None,66,1,5,False,1000,1000
4647,72,degCent,10,0.7027269108280255,0,29,None,66,1,5,False,1000,1000
4648,73,degCent,10,0.703125,0,29,None,66,1,5,False,1000,1000
4649,74,degCent,10,0.7037221337579618,0,29,None,66,1,5,False,1000,1000
4650,70,degCent,10,0.709593949044586,0,15,None,66,1,5,False,1000,1000
4651,71,degCent,10,0.7101910828025477,0,15,None,66,1,5,False,1000,1000
4652,72,degCent,10,0.711484872611465,0,15,None,66,1,5,False,1000,1000
4653,73,degCent,10,0.7123805732484076,0,15,None,66,1,5,False,1000,1000
4654,74,degCent,10,0.7129777070063694,0,15,None,66,1,5,False,1000,1000
4655,70,degCent,10,0.6983479299363057,0,10,None,66,1,5,False,1000,1000
4656,71,degCent,10,0.7002388535031847,0,10,None,66,1,5,False,1000,1000
4657,72,degCent,10,0.7027269108280255,0,10,None,66,1,5,False,1000,1000
4658,73,degCent,10,0.7046178343949044,0,10,None,66,1,5,False,1000,1000
4659,74,degCent,10,0.7064092356687898,0,10,None,66,1,5,False,1000,1000
4660,70,degCent,10,0.6407245222929936,0,11,None,66,1,5,False,1000,1000
4661,71,degCent,10,0.6440087579617835,0,11,None,66,1,5,False,1000,1000
4662,72,degCent,10,0.6455015923566879,0,11,None,66,1,5,False,1000,1000
4663,73,degCent,10,0.6472929936305732,0,11,None,66,1,5,False,1000,1000
4664,74,degCent,10,0.6485867834394905,0,11,None,66,1,5,False,1000,1000
4665,70,degCent,10,0.7102906050955414,0,17,None,66,1,5,False,1000,1000
4666,71,degCent,10,0.7108877388535032,0,17,None,66,1,5,False,1000,1000
4667,72,degCent,10,0.7124800955414012,0,17,None,66,1,5,False,1000,1000
4668,73,degCent,10,0.7143710191082803,0,17,None,66,1,5,False,1000,1000
4669,74,degCent,10,0.7163614649681529,0,17,None,66,1,5,False,1000,1000
4670,70,degCent,10,0.7165605095541401,0,24,None,66,1,5,False,1000,1000
4671,71,degCent,10,0.7185509554140127,0,24,None,66,1,5,False,1000,1000
4672,72,degCent,10,0.7226313694267515,0,24,None,66,1,5,False,1000,1000
4673,73,degCent,10,0.7254179936305732,0,24,None,66,1,5,False,1000,1000
4674,74,degCent,10,0.7277070063694268,0,24,None,66,1,5,False,1000,1000
4675,70,degCent,10,0.6844148089171974,0,19,None,66,1,5,False,1000,1000
4676,71,degCent,10,0.6867038216560509,0,19,None,66,1,5,False,1000,1000
4677,72,degCent,10,0.6895899681528662,0,19,None,66,1,5,False,1000,1000
4678,73,degCent,10,0.6932722929936306,0,19,None,66,1,5,False,1000,1000
4679,74,degCent,10,0.6965565286624203,0,19,None,66,1,5,False,1000,1000
4680,70,degCent,10,0.7158638535031847,0,18,None,66,1,5,False,1000,1000
4681,71,degCent,10,0.7174562101910829,0,18,None,66,1,5,False,1000,1000
4682,72,degCent,10,0.7183519108280255,0,18,None,66,1,5,False,1000,1000
4683,73,degCent,10,0.7196457006369427,0,18,None,66,1,5,False,1000,1000
4684,74,degCent,10,0.7210390127388535,0,18,None,66,1,5,False,1000,1000
4685,70,degCent,10,0.6842157643312102,0,31,None,66,1,5,False,1000,1000
4686,71,degCent,10,0.6870023885350318,0,31,None,66,1,5,False,1000,1000
4687,72,degCent,10,0.6895899681528662,0,31,None,66,1,5,False,1000,1000
4688,73,degCent,10,0.6926751592356688,0,31,None,66,1,5,False,1000,1000
4689,74,degCent,10,0.6952627388535032,0,31,None,66,1,5,False,1000,1000
4690,70,degCent,10,0.6728702229299363,0,20,None,66,1,5,False,1000,1000
4691,71,degCent,10,0.676453025477707,0,20,None,66,1,5,False,1000,1000
4692,72,degCent,10,0.6788415605095541,0,20,None,66,1,5,False,1000,1000
4693,73,degCent,10,0.6826234076433121,0,20,None,66,1,5,False,1000,1000
4694,74,degCent,10,0.6860071656050956,0,20,None,66,1,5,False,1000,1000
4695,70,degCent,10,0.7090963375796179,0,3,None,66,1,5,False,1000,1000
4696,71,degCent,10,0.711484872611465,0,3,None,66,1,5,False,1000,1000
4697,72,degCent,10,0.7143710191082803,0,3,None,66,1,5,False,1000,1000
4698,73,degCent,10,0.7167595541401274,0,3,None,66,1,5,False,1000,1000
4699,74,degCent,10,0.7195461783439491,0,3,None,66,1,5,False,1000,1000
4700,70,degCent,10,0.6752587579617835,0,25,None,66,1,5,False,1000,1000
4701,71,degCent,10,0.6800358280254777,0,25,None,66,1,5,False,1000,1000
4702,72,degCent,10,0.6849124203821656,0,25,None,66,1,5,False,1000,1000
4703,73,degCent,10,0.6883957006369427,0,25,None,66,1,5,False,1000,1000
4704,74,degCent,10,0.6910828025477707,0,25,None,66,1,5,False,1000,1000
4705,70,degCent,10,0.7117834394904459,0,9,None,66,1,5,False,1000,1000
4706,71,degCent,10,0.7137738853503185,0,9,None,66,1,5,False,1000,1000
4707,72,degCent,10,0.7166600318471338,0,9,None,66,1,5,False,1000,1000
4708,73,degCent,10,0.7188495222929936,0,9,None,66,1,5,False,1000,1000
4709,74,degCent,10,0.7218351910828026,0,9,None,66,1,5,False,1000,1000
4710,70,degCent,10,0.7030254777070064,0,5,None,66,1,5,False,1000,1000
4711,71,degCent,10,0.7056130573248408,0,5,None,66,1,5,False,1000,1000
4712,72,degCent,10,0.706906847133758,0,5,None,66,1,5,False,1000,1000
4713,73,degCent,10,0.7073049363057324,0,5,None,66,1,5,False,1000,1000
4714,74,degCent,10,0.707703025477707,0,5,None,66,1,5,False,1000,1000
4715,70,degCent,10,0.6953622611464968,0,26,None,66,1,5,False,1000,1000
4716,71,degCent,10,0.6970541401273885,0,26,None,66,1,5,False,1000,1000
4717,72,degCent,10,0.6988455414012739,0,26,None,66,1,5,False,1000,1000
4718,73,degCent,10,0.700437898089172,0,26,None,66,1,5,False,1000,1000
4719,74,degCent,10,0.7021297770700637,0,26,None,66,1,5,False,1000,1000
4720,70,degCent,10,0.6942675159235668,0,22,None,66,1,5,False,1000,1000
4721,71,degCent,10,0.6956608280254777,0,22,None,66,1,5,False,1000,1000
4722,72,degCent,10,0.6975517515923567,0,22,None,66,1,5,False,1000,1000
4723,73,degCent,10,0.7003383757961783,0,22,None,66,1,5,False,1000,1000
4724,74,degCent,10,0.7022292993630573,0,22,None,66,1,5,False,1000,1000
4725,70,degCent,10,0.6559514331210191,0,14,None,66,1,5,False,1000,1000
4726,71,degCent,10,0.6580414012738853,0,14,None,66,1,5,False,1000,1000
4727,72,degCent,10,0.6609275477707006,0,14,None,66,1,5,False,1000,1000
4728,73,degCent,10,0.6645103503184714,0,14,None,66,1,5,False,1000,1000
4729,74,degCent,10,0.6668988853503185,0,14,None,66,1,5,False,1000,1000
4730,70,degCent,10,0.7090963375796179,0,13,None,66,1,5,False,1000,1000
4731,71,degCent,10,0.7112858280254777,0,13,None,66,1,5,False,1000,1000
4732,72,degCent,10,0.7140724522292994,0,13,None,66,1,5,False,1000,1000
4733,73,degCent,10,0.716859076433121,0,13,None,66,1,5,False,1000,1000
4734,74,degCent,10,0.7181528662420382,0,13,None,66,1,5,False,1000,1000
4735,70,degCent,10,0.7267117834394905,0,12,None,66,1,5,False,1000,1000
4736,71,degCent,10,0.7299960191082803,0,12,None,66,1,5,False,1000,1000
4737,72,degCent,10,0.731687898089172,0,12,None,66,1,5,False,1000,1000
4738,73,degCent,10,0.7331807324840764,0,12,None,66,1,5,False,1000,1000
4739,74,degCent,10,0.7350716560509554,0,12,None,66,1,5,False,1000,1000
4740,70,degCent,10,0.6624203821656051,0,4,None,66,1,5,False,1000,1000
4741,71,degCent,10,0.6664012738853503,0,4,None,66,1,5,False,1000,1000
4742,72,degCent,10,0.6696855095541401,0,4,None,66,1,5,False,1000,1000
4743,73,degCent,10,0.6722730891719745,0,4,None,66,1,5,False,1000,1000
4744,74,degCent,10,0.6744625796178344,0,4,None,66,1,5,False,1000,1000
4745,70,degCent,10,0.6789410828025477,0,0,None,66,1,5,False,1000,1000
4746,71,degCent,10,0.6803343949044586,0,0,None,66,1,5,False,1000,1000
4747,72,degCent,10,0.6819267515923567,0,0,None,66,1,5,False,1000,1000
4748,73,degCent,10,0.683718152866242,0,0,None,66,1,5,False,1000,1000
4749,74,degCent,10,0.6846138535031847,0,0,None,66,1,5,False,1000,1000
4750,70,degCent,10,0.6511743630573248,0,23,None,66,1,5,False,1000,1000
4751,71,degCent,10,0.6530652866242038,0,23,None,66,1,5,False,1000,1000
4752,72,degCent,10,0.6544585987261147,0,23,None,66,1,5,False,1000,1000
4753,73,degCent,10,0.6570461783439491,0,23,None,66,1,5,False,1000,1000
4754,74,degCent,10,0.6598328025477707,0,23,None,66,1,5,False,1000,1000
4755,70,degCent,10,0.6903861464968153,0,27,None,66,1,5,False,1000,1000
4756,71,degCent,10,0.6913813694267515,0,27,None,66,1,5,False,1000,1000
4757,72,degCent,10,0.6916799363057324,0,27,None,66,1,5,False,1000,1000
4758,73,degCent,10,0.6923765923566879,0,27,None,66,1,5,False,1000,1000
4759,74,degCent,10,0.6929737261146497,0,27,None,66,1,5,False,1000,1000
4760,70,degCent,10,0.684812898089172,0,6,None,66,1,5,False,1000,1000
4761,71,degCent,10,0.6857085987261147,0,6,None,66,1,5,False,1000,1000
4762,72,degCent,10,0.6865047770700637,0,6,None,66,1,5,False,1000,1000
4763,73,degCent,10,0.6882961783439491,0,6,None,66,1,5,False,1000,1000
4764,74,degCent,10,0.6890923566878981,0,6,None,66,1,5,False,1000,1000
4765,70,degCent,10,0.6924761146496815,0,30,None,66,1,5,False,1000,1000
4766,71,degCent,10,0.6934713375796179,0,30,None,66,1,5,False,1000,1000
4767,72,degCent,10,0.6955613057324841,0,30,None,66,1,5,False,1000,1000
4768,73,degCent,10,0.6982484076433121,0,30,None,66,1,5,False,1000,1000
4769,74,degCent,10,0.700437898089172,0,30,None,66,1,5,False,1000,1000
4770,70,degCent,10,0.6661027070063694,0,7,None,66,1,5,False,1000,1000
4771,71,degCent,10,0.6683917197452229,0,7,None,66,1,5,False,1000,1000
4772,72,degCent,10,0.67078025477707,0,7,None,66,1,5,False,1000,1000
4773,73,degCent,10,0.6725716560509554,0,7,None,66,1,5,False,1000,1000
4774,74,degCent,10,0.6736664012738853,0,7,None,66,1,5,False,1000,1000
4775,70,degCent,10,0.6410230891719745,0,8,None,66,1,5,False,1000,1000
4776,71,degCent,10,0.6446058917197452,0,8,None,66,1,5,False,1000,1000
4777,72,degCent,10,0.6476910828025477,0,8,None,66,1,5,False,1000,1000
4778,73,degCent,10,0.6520700636942676,0,8,None,66,1,5,False,1000,1000
4779,74,degCent,10,0.6540605095541401,0,8,None,66,1,5,False,1000,1000
4780,70,degCent,10,0.7010350318471338,0,16,None,66,1,5,False,1000,1000
4781,71,degCent,10,0.7016321656050956,0,16,None,66,1,5,False,1000,1000
4782,72,degCent,10,0.7032245222929936,0,16,None,66,1,5,False,1000,1000
4783,73,degCent,10,0.7051154458598726,0,16,None,66,1,5,False,1000,1000
4784,74,degCent,10,0.7059116242038217,0,16,None,66,1,5,False,1000,1000
4785,75,degCent,10,0.6973527070063694,0,25,None,66,1,5,False,1000,1000
4786,76,degCent,10,0.7010350318471338,0,25,None,66,1,5,False,1000,1000
4787,77,degCent,10,0.7044187898089171,0,25,None,66,1,5,False,1000,1000
4788,78,degCent,10,0.7081011146496815,0,25,None,66,1,5,False,1000,1000
4789,79,degCent,10,0.7096934713375797,0,25,None,66,1,5,False,1000,1000
4790,75,degCent,10,0.6515724522292994,0,11,None,66,1,5,False,1000,1000
4791,76,degCent,10,0.6541600318471338,0,11,None,66,1,5,False,1000,1000
4792,77,degCent,10,0.6553542993630573,0,11,None,66,1,5,False,1000,1000
4793,78,degCent,10,0.6569466560509554,0,11,None,66,1,5,False,1000,1000
4794,79,degCent,10,0.6590366242038217,0,11,None,66,1,5,False,1000,1000
4795,75,degCent,10,0.7209394904458599,0,15,None,66,1,5,False,1000,1000
4796,76,degCent,10,0.7212380573248408,0,15,None,66,1,5,False,1000,1000
4797,77,degCent,10,0.7222332802547771,0,15,None,66,1,5,False,1000,1000
4798,78,degCent,10,0.722531847133758,0,15,None,66,1,5,False,1000,1000
4799,79,degCent,10,0.7234275477707006,0,15,None,66,1,5,False,1000,1000
4800,75,degCent,10,0.665406050955414,0,14,None,66,1,5,False,1000,1000
4801,76,degCent,10,0.6688893312101911,0,14,None,66,1,5,False,1000,1000
4802,77,degCent,10,0.6715764331210191,0,14,None,66,1,5,False,1000,1000
4803,78,degCent,10,0.6752587579617835,0,14,None,66,1,5,False,1000,1000
4804,79,degCent,10,0.6786425159235668,0,14,None,66,1,5,False,1000,1000
4805,75,degCent,10,0.7321855095541401,0,12,None,66,1,5,False,1000,1000
4806,76,degCent,10,0.7341759554140127,0,12,None,66,1,5,False,1000,1000
4807,77,degCent,10,0.7356687898089171,0,12,None,66,1,5,False,1000,1000
4808,78,degCent,10,0.7376592356687898,0,12,None,66,1,5,False,1000,1000
4809,79,degCent,10,0.7397492038216561,0,12,None,66,1,5,False,1000,1000
4810,75,degCent,10,0.7023288216560509,0,26,None,66,1,5,False,1000,1000
4811,76,degCent,10,0.7027269108280255,0,26,None,66,1,5,False,1000,1000
4812,77,degCent,10,0.7051154458598726,0,26,None,66,1,5,False,1000,1000
4813,78,degCent,10,0.7065087579617835,0,26,None,66,1,5,False,1000,1000
4814,79,degCent,10,0.7081011146496815,0,26,None,66,1,5,False,1000,1000
4815,75,degCent,10,0.7055135350318471,0,30,None,66,1,5,False,1000,1000
4816,76,degCent,10,0.7068073248407644,0,30,None,66,1,5,False,1000,1000
4817,77,degCent,10,0.7100915605095541,0,30,None,66,1,5,False,1000,1000
4818,78,degCent,10,0.7117834394904459,0,30,None,66,1,5,False,1000,1000
4819,79,degCent,10,0.7128781847133758,0,30,None,66,1,5,False,1000,1000
4820,75,degCent,10,0.6773487261146497,0,7,None,66,1,5,False,1000,1000
4821,76,degCent,10,0.6788415605095541,0,7,None,66,1,5,False,1000,1000
4822,77,degCent,10,0.6807324840764332,0,7,None,66,1,5,False,1000,1000
4823,78,degCent,10,0.6824243630573248,0,7,None,66,1,5,False,1000,1000
4824,79,degCent,10,0.6844148089171974,0,7,None,66,1,5,False,1000,1000
4825,75,degCent,10,0.6860071656050956,0,1,None,66,1,5,False,1000,1000
4826,76,degCent,10,0.6900875796178344,0,1,None,66,1,5,False,1000,1000
4827,77,degCent,10,0.6935708598726115,0,1,None,66,1,5,False,1000,1000
4828,78,degCent,10,0.6967555732484076,0,1,None,66,1,5,False,1000,1000
4829,79,degCent,10,0.7003383757961783,0,1,None,66,1,5,False,1000,1000
4830,75,degCent,10,0.678343949044586,0,2,None,66,1,5,False,1000,1000
4831,76,degCent,10,0.6795382165605095,0,2,None,66,1,5,False,1000,1000
4832,77,degCent,10,0.6809315286624203,0,2,None,66,1,5,False,1000,1000
4833,78,degCent,10,0.6831210191082803,0,2,None,66,1,5,False,1000,1000
4834,79,degCent,10,0.6850119426751592,0,2,None,66,1,5,False,1000,1000
4835,75,degCent,10,0.7109872611464968,0,5,None,66,1,5,False,1000,1000
4836,76,degCent,10,0.7126791401273885,0,5,None,66,1,5,False,1000,1000
4837,77,degCent,10,0.7147691082802548,0,5,None,66,1,5,False,1000,1000
4838,78,degCent,10,0.7150676751592356,0,5,None,66,1,5,False,1000,1000
4839,79,degCent,10,0.7159633757961783,0,5,None,66,1,5,False,1000,1000
4840,75,degCent,10,0.7224323248407644,0,13,None,66,1,5,False,1000,1000
4841,76,degCent,10,0.725218949044586,0,13,None,66,1,5,False,1000,1000
4842,77,degCent,10,0.7274084394904459,0,13,None,66,1,5,False,1000,1000
4843,78,degCent,10,0.7284036624203821,0,13,None,66,1,5,False,1000,1000
4844,79,degCent,10,0.7296974522292994,0,13,None,66,1,5,False,1000,1000
4845,75,degCent,10,0.7193471337579618,0,9,None,66,1,5,False,1000,1000
4846,76,degCent,10,0.7218351910828026,0,9,None,66,1,5,False,1000,1000
4847,77,degCent,10,0.724422770700637,0,9,None,66,1,5,False,1000,1000
4848,78,degCent,10,0.7267117834394905,0,9,None,66,1,5,False,1000,1000
4849,79,degCent,10,0.7289012738853503,0,9,None,66,1,5,False,1000,1000
4850,75,degCent,10,0.5751393312101911,0,28,None,66,1,5,False,1000,1000
4851,76,degCent,10,0.5925557324840764,0,28,None,66,1,5,False,1000,1000
4852,77,degCent,10,0.6072850318471338,0,28,None,66,1,5,False,1000,1000
4853,78,degCent,10,0.6164410828025477,0,28,None,66,1,5,False,1000,1000
4854,79,degCent,10,0.6219148089171974,0,28,None,66,1,5,False,1000,1000
4855,75,degCent,10,0.7099920382165605,0,29,None,66,1,5,False,1000,1000
4856,76,degCent,10,0.7110867834394905,0,29,None,66,1,5,False,1000,1000
4857,77,degCent,10,0.711484872611465,0,29,None,66,1,5,False,1000,1000
4858,78,degCent,10,0.7116839171974523,0,29,None,66,1,5,False,1000,1000
4859,79,degCent,10,0.7117834394904459,0,29,None,66,1,5,False,1000,1000
4860,75,degCent,10,0.7089968152866242,0,10,None,66,1,5,False,1000,1000
4861,76,degCent,10,0.7104896496815286,0,10,None,66,1,5,False,1000,1000
4862,77,degCent,10,0.7131767515923567,0,10,None,66,1,5,False,1000,1000
4863,78,degCent,10,0.7136743630573248,0,10,None,66,1,5,False,1000,1000
4864,79,degCent,10,0.7164609872611465,0,10,None,66,1,5,False,1000,1000
4865,75,degCent,10,0.6982484076433121,0,6,None,66,1,5,False,1000,1000
4866,76,degCent,10,0.6986464968152867,0,6,None,66,1,5,False,1000,1000
4867,77,degCent,10,0.6999402866242038,0,6,None,66,1,5,False,1000,1000
4868,78,degCent,10,0.7005374203821656,0,6,None,66,1,5,False,1000,1000
4869,79,degCent,10,0.7013335987261147,0,6,None,66,1,5,False,1000,1000
4870,75,degCent,10,0.6846138535031847,0,20,None,66,1,5,False,1000,1000
4871,76,degCent,10,0.6878980891719745,0,20,None,66,1,5,False,1000,1000
4872,77,degCent,10,0.6921775477707006,0,20,None,66,1,5,False,1000,1000
4873,78,degCent,10,0.6948646496815286,0,20,None,66,1,5,False,1000,1000
4874,79,degCent,10,0.6994426751592356,0,20,None,66,1,5,False,1000,1000
4875,75,degCent,10,0.70421974522293,0,22,None,66,1,5,False,1000,1000
4876,76,degCent,10,0.7070063694267515,0,22,None,66,1,5,False,1000,1000
4877,77,degCent,10,0.7091958598726115,0,22,None,66,1,5,False,1000,1000
4878,78,degCent,10,0.7101910828025477,0,22,None,66,1,5,False,1000,1000
4879,79,degCent,10,0.7111863057324841,0,22,None,66,1,5,False,1000,1000
4880,75,degCent,10,0.6590366242038217,0,23,None,66,1,5,False,1000,1000
4881,76,degCent,10,0.6604299363057324,0,23,None,66,1,5,False,1000,1000
4882,77,degCent,10,0.6633160828025477,0,23,None,66,1,5,False,1000,1000
4883,78,degCent,10,0.665406050955414,0,23,None,66,1,5,False,1000,1000
4884,79,degCent,10,0.6675955414012739,0,23,None,66,1,5,False,1000,1000
4885,75,degCent,10,0.7315883757961783,0,32,None,66,1,5,False,1000,1000
4886,76,degCent,10,0.73328025477707,0,32,None,66,1,5,False,1000,1000
4887,77,degCent,10,0.734375,0,32,None,66,1,5,False,1000,1000
4888,78,degCent,10,0.7360668789808917,0,32,None,66,1,5,False,1000,1000
4889,79,degCent,10,0.7375597133757962,0,32,None,66,1,5,False,1000,1000
4890,75,degCent,10,0.6762539808917197,0,4,None,66,1,5,False,1000,1000
4891,76,degCent,10,0.6787420382165605,0,4,None,66,1,5,False,1000,1000
4892,77,degCent,10,0.6815286624203821,0,4,None,66,1,5,False,1000,1000
4893,78,degCent,10,0.6841162420382165,0,4,None,66,1,5,False,1000,1000
4894,79,degCent,10,0.6852109872611465,0,4,None,66,1,5,False,1000,1000
4895,75,degCent,10,0.6884952229299363,0,0,None,66,1,5,False,1000,1000
4896,76,degCent,10,0.6891918789808917,0,0,None,66,1,5,False,1000,1000
4897,77,degCent,10,0.6904856687898089,0,0,None,66,1,5,False,1000,1000
4898,78,degCent,10,0.6923765923566879,0,0,None,66,1,5,False,1000,1000
4899,79,degCent,10,0.6933718152866242,0,0,None,66,1,5,False,1000,1000
4900,75,degCent,10,0.7104896496815286,0,16,None,66,1,5,False,1000,1000
4901,76,degCent,10,0.7117834394904459,0,16,None,66,1,5,False,1000,1000
4902,77,degCent,10,0.7126791401273885,0,16,None,66,1,5,False,1000,1000
4903,78,degCent,10,0.714171974522293,0,16,None,66,1,5,False,1000,1000
4904,79,degCent,10,0.7156648089171974,0,16,None,66,1,5,False,1000,1000
4905,75,degCent,10,0.6934713375796179,0,31,None,66,1,5,False,1000,1000
4906,76,degCent,10,0.696656050955414,0,31,None,66,1,5,False,1000,1000
4907,77,degCent,10,0.7000398089171974,0,31,None,66,1,5,False,1000,1000
4908,78,degCent,10,0.701234076433121,0,31,None,66,1,5,False,1000,1000
4909,79,degCent,10,0.7022292993630573,0,31,None,66,1,5,False,1000,1000
4910,75,degCent,10,0.7188495222929936,0,3,None,66,1,5,False,1000,1000
4911,76,degCent,10,0.7204418789808917,0,3,None,66,1,5,False,1000,1000
4912,77,degCent,10,0.7223328025477707,0,3,None,66,1,5,False,1000,1000
4913,78,degCent,10,0.724422770700637,0,3,None,66,1,5,False,1000,1000
4914,79,degCent,10,0.7255175159235668,0,3,None,66,1,5,False,1000,1000
4915,75,degCent,10,0.6590366242038217,0,8,None,66,1,5,False,1000,1000
4916,76,degCent,10,0.6632165605095541,0,8,None,66,1,5,False,1000,1000
4917,77,degCent,10,0.6675955414012739,0,8,None,66,1,5,False,1000,1000
4918,78,degCent,10,0.67296974522293,0,8,None,66,1,5,False,1000,1000
4919,79,degCent,10,0.6794386942675159,0,8,None,66,1,5,False,1000,1000
4920,75,degCent,10,0.7235270700636943,0,18,None,66,1,5,False,1000,1000
4921,76,degCent,10,0.7250199044585988,0,18,None,66,1,5,False,1000,1000
4922,77,degCent,10,0.7255175159235668,0,18,None,66,1,5,False,1000,1000
4923,78,degCent,10,0.7262141719745223,0,18,None,66,1,5,False,1000,1000
4924,79,degCent,10,0.7278065286624203,0,18,None,66,1,5,False,1000,1000
4925,75,degCent,10,0.6979498407643312,0,19,None,66,1,5,False,1000,1000
4926,76,degCent,10,0.701234076433121,0,19,None,66,1,5,False,1000,1000
4927,77,degCent,10,0.7033240445859873,0,19,None,66,1,5,False,1000,1000
4928,78,degCent,10,0.7071058917197452,0,19,None,66,1,5,False,1000,1000
4929,79,degCent,10,0.7092953821656051,0,19,None,66,1,5,False,1000,1000
4930,75,degCent,10,0.7203423566878981,0,17,None,66,1,5,False,1000,1000
4931,76,degCent,10,0.7213375796178344,0,17,None,66,1,5,False,1000,1000
4932,77,degCent,10,0.723328025477707,0,17,None,66,1,5,False,1000,1000
4933,78,degCent,10,0.7248208598726115,0,17,None,66,1,5,False,1000,1000
4934,79,degCent,10,0.7269108280254777,0,17,None,66,1,5,False,1000,1000
4935,75,degCent,10,0.716062898089172,0,21,None,66,1,5,False,1000,1000
4936,76,degCent,10,0.7182523885350318,0,21,None,66,1,5,False,1000,1000
4937,77,degCent,10,0.720640923566879,0,21,None,66,1,5,False,1000,1000
4938,78,degCent,10,0.7223328025477707,0,21,None,66,1,5,False,1000,1000
4939,79,degCent,10,0.7241242038216561,0,21,None,66,1,5,False,1000,1000
4940,75,degCent,10,0.7259156050955414,0,24,None,66,1,5,False,1000,1000
4941,76,degCent,10,0.7289012738853503,0,24,None,66,1,5,False,1000,1000
4942,77,degCent,10,0.7315883757961783,0,24,None,66,1,5,False,1000,1000
4943,78,degCent,10,0.7341759554140127,0,24,None,66,1,5,False,1000,1000
4944,79,degCent,10,0.7367635350318471,0,24,None,66,1,5,False,1000,1000
4945,75,degCent,10,0.7006369426751592,0,27,None,66,1,5,False,1000,1000
4946,76,degCent,10,0.7015326433121019,0,27,None,66,1,5,False,1000,1000
4947,77,degCent,10,0.7033240445859873,0,27,None,66,1,5,False,1000,1000
4948,78,degCent,10,0.7043192675159236,0,27,None,66,1,5,False,1000,1000
4949,79,degCent,10,0.7061106687898089,0,27,None,66,1,5,False,1000,1000
7260,80,degCent,10,0.70203025477707,0,1,None,66,1,5,False,1000,1000
7261,81,degCent,10,0.7052149681528662,0,1,None,66,1,5,False,1000,1000
7262,82,degCent,10,0.7092953821656051,0,1,None,66,1,5,False,1000,1000
7263,83,degCent,10,0.7125796178343949,0,1,None,66,1,5,False,1000,1000
7264,84,degCent,10,0.7145700636942676,0,1,None,66,1,5,False,1000,1000
7265,80,degCent,10,0.6875,0,2,None,66,1,5,False,1000,1000
7266,81,degCent,10,0.6889928343949044,0,2,None,66,1,5,False,1000,1000
7267,82,degCent,10,0.6908837579617835,0,2,None,66,1,5,False,1000,1000
7268,83,degCent,10,0.6927746815286624,0,2,None,66,1,5,False,1000,1000
7269,84,degCent,10,0.6938694267515924,0,2,None,66,1,5,False,1000,1000
7270,80,degCent,10,0.7210390127388535,0,5,None,66,1,5,False,1000,1000
7271,81,degCent,10,0.7222332802547771,0,5,None,66,1,5,False,1000,1000
7272,82,degCent,10,0.722531847133758,0,5,None,66,1,5,False,1000,1000
7273,83,degCent,10,0.7237261146496815,0,5,None,66,1,5,False,1000,1000
7274,84,degCent,10,0.7255175159235668,0,5,None,66,1,5,False,1000,1000
7275,80,degCent,10,0.7296974522292994,0,13,None,66,1,5,False,1000,1000
7276,81,degCent,10,0.7315883757961783,0,13,None,66,1,5,False,1000,1000
7277,82,degCent,10,0.7341759554140127,0,13,None,66,1,5,False,1000,1000
7278,83,degCent,10,0.7365644904458599,0,13,None,66,1,5,False,1000,1000
7279,84,degCent,10,0.7383558917197452,0,13,None,66,1,5,False,1000,1000
7280,80,degCent,10,0.7175557324840764,0,16,None,66,1,5,False,1000,1000
7281,81,degCent,10,0.7181528662420382,0,16,None,66,1,5,False,1000,1000
7282,82,degCent,10,0.71984474522293,0,16,None,66,1,5,False,1000,1000
7283,83,degCent,10,0.720640923566879,0,16,None,66,1,5,False,1000,1000
7284,84,degCent,10,0.7220342356687898,0,16,None,66,1,5,False,1000,1000
7285,80,degCent,10,0.6804339171974523,0,8,None,66,1,5,False,1000,1000
7286,81,degCent,10,0.683718152866242,0,8,None,66,1,5,False,1000,1000
7287,82,degCent,10,0.6874004777070064,0,8,None,66,1,5,False,1000,1000
7288,83,degCent,10,0.6921775477707006,0,8,None,66,1,5,False,1000,1000
7289,84,degCent,10,0.6951632165605095,0,8,None,66,1,5,False,1000,1000
7290,80,degCent,10,0.696656050955414,0,20,None,66,1,5,False,1000,1000
7291,81,degCent,10,0.7007364649681529,0,20,None,66,1,5,False,1000,1000
7292,82,degCent,10,0.7044187898089171,0,20,None,66,1,5,False,1000,1000
7293,83,degCent,10,0.7083001592356688,0,20,None,66,1,5,False,1000,1000
7294,84,degCent,10,0.7111863057324841,0,20,None,66,1,5,False,1000,1000
7295,80,degCent,10,0.7150676751592356,0,19,None,66,1,5,False,1000,1000
7296,81,degCent,10,0.7172571656050956,0,19,None,66,1,5,False,1000,1000
7297,82,degCent,10,0.7202428343949044,0,19,None,66,1,5,False,1000,1000
7298,83,degCent,10,0.7230294585987261,0,19,None,66,1,5,False,1000,1000
7299,84,degCent,10,0.725218949044586,0,19,None,66,1,5,False,1000,1000
7300,80,degCent,10,0.6794386942675159,0,14,None,66,1,5,False,1000,1000
7301,81,degCent,10,0.6849124203821656,0,14,None,66,1,5,False,1000,1000
7302,82,degCent,10,0.6879976114649682,0,14,None,66,1,5,False,1000,1000
7303,83,degCent,10,0.690187101910828,0,14,None,66,1,5,False,1000,1000
7304,84,degCent,10,0.692078025477707,0,14,None,66,1,5,False,1000,1000
7305,80,degCent,10,0.7135748407643312,0,22,None,66,1,5,False,1000,1000
7306,81,degCent,10,0.7142714968152867,0,22,None,66,1,5,False,1000,1000
7307,82,degCent,10,0.7156648089171974,0,22,None,66,1,5,False,1000,1000
7308,83,degCent,10,0.7179538216560509,0,22,None,66,1,5,False,1000,1000
7309,84,degCent,10,0.7197452229299363,0,22,None,66,1,5,False,1000,1000
7310,80,degCent,10,0.6650079617834395,0,23,None,66,1,5,False,1000,1000
7311,81,degCent,10,0.6670979299363057,0,23,None,66,1,5,False,1000,1000
7312,82,degCent,10,0.6697850318471338,0,23,None,66,1,5,False,1000,1000
7313,83,degCent,10,0.6713773885350318,0,23,None,66,1,5,False,1000,1000
7314,84,degCent,10,0.6744625796178344,0,23,None,66,1,5,False,1000,1000
7315,80,degCent,10,0.727109872611465,0,17,None,66,1,5,False,1000,1000
7316,81,degCent,10,0.7280055732484076,0,17,None,66,1,5,False,1000,1000
7317,82,degCent,10,0.729796974522293,0,17,None,66,1,5,False,1000,1000
7318,83,degCent,10,0.731687898089172,0,17,None,66,1,5,False,1000,1000
7319,84,degCent,10,0.7326831210191083,0,17,None,66,1,5,False,1000,1000
7320,80,degCent,10,0.7276074840764332,0,21,None,66,1,5,False,1000,1000
7321,81,degCent,10,0.7292993630573248,0,21,None,66,1,5,False,1000,1000
7322,82,degCent,10,0.7320859872611465,0,21,None,66,1,5,False,1000,1000
7323,83,degCent,10,0.7333797770700637,0,21,None,66,1,5,False,1000,1000
7324,84,degCent,10,0.7358678343949044,0,21,None,66,1,5,False,1000,1000
7325,80,degCent,10,0.7096934713375797,0,25,None,66,1,5,False,1000,1000
7326,81,degCent,10,0.713077229299363,0,25,None,66,1,5,False,1000,1000
7327,82,degCent,10,0.716062898089172,0,25,None,66,1,5,False,1000,1000
7328,83,degCent,10,0.7175557324840764,0,25,None,66,1,5,False,1000,1000
7329,84,degCent,10,0.7201433121019108,0,25,None,66,1,5,False,1000,1000
7330,80,degCent,10,0.7092953821656051,0,26,None,66,1,5,False,1000,1000
7331,81,degCent,10,0.7105891719745223,0,26,None,66,1,5,False,1000,1000
7332,82,degCent,10,0.7127786624203821,0,26,None,66,1,5,False,1000,1000
7333,83,degCent,10,0.7144705414012739,0,26,None,66,1,5,False,1000,1000
7334,84,degCent,10,0.7151671974522293,0,26,None,66,1,5,False,1000,1000
7335,80,degCent,10,0.7424363057324841,0,12,None,66,1,5,False,1000,1000
7336,81,degCent,10,0.7442277070063694,0,12,None,66,1,5,False,1000,1000
7337,82,degCent,10,0.7463176751592356,0,12,None,66,1,5,False,1000,1000
7338,83,degCent,10,0.7475119426751592,0,12,None,66,1,5,False,1000,1000
7339,84,degCent,10,0.7494028662420382,0,12,None,66,1,5,False,1000,1000
7340,80,degCent,10,0.5866839171974523,0,28,None,66,1,5,False,1000,1000
7341,81,degCent,10,0.6043988853503185,0,28,None,66,1,5,False,1000,1000
7342,82,degCent,10,0.6189291401273885,0,28,None,66,1,5,False,1000,1000
7343,83,degCent,10,0.6271894904458599,0,28,None,66,1,5,False,1000,1000
7344,84,degCent,10,0.630672770700637,0,28,None,66,1,5,False,1000,1000
7345,80,degCent,10,0.7083996815286624,0,6,None,66,1,5,False,1000,1000
7346,81,degCent,10,0.7086982484076433,0,6,None,66,1,5,False,1000,1000
7347,82,degCent,10,0.709593949044586,0,6,None,66,1,5,False,1000,1000
7348,83,degCent,10,0.7107882165605095,0,6,None,66,1,5,False,1000,1000
7349,84,degCent,10,0.7118829617834395,0,6,None,66,1,5,False,1000,1000
7350,80,degCent,10,0.7281050955414012,0,18,None,66,1,5,False,1000,1000
7351,81,degCent,10,0.7300955414012739,0,18,None,66,1,5,False,1000,1000
7352,82,degCent,10,0.7317874203821656,0,18,None,66,1,5,False,1000,1000
7353,83,degCent,10,0.7327826433121019,0,18,None,66,1,5,False,1000,1000
7354,84,degCent,10,0.7341759554140127,0,18,None,66,1,5,False,1000,1000
7355,80,degCent,10,0.6907842356687898,0,7,None,66,1,5,False,1000,1000
7356,81,degCent,10,0.6921775477707006,0,7,None,66,1,5,False,1000,1000
7357,82,degCent,10,0.6937699044585988,0,7,None,66,1,5,False,1000,1000
7358,83,degCent,10,0.6946656050955414,0,7,None,66,1,5,False,1000,1000
7359,84,degCent,10,0.6964570063694268,0,7,None,66,1,5,False,1000,1000
7360,80,degCent,10,0.7399482484076433,0,32,None,66,1,5,False,1000,1000
7361,81,degCent,10,0.7406449044585988,0,32,None,66,1,5,False,1000,1000
7362,82,degCent,10,0.7425358280254777,0,32,None,66,1,5,False,1000,1000
7363,83,degCent,10,0.7433320063694268,0,32,None,66,1,5,False,1000,1000
7364,84,degCent,10,0.7438296178343949,0,32,None,66,1,5,False,1000,1000
7365,80,degCent,10,0.6922770700636943,0,4,None,66,1,5,False,1000,1000
7366,81,degCent,10,0.6943670382165605,0,4,None,66,1,5,False,1000,1000
7367,82,degCent,10,0.6963574840764332,0,4,None,66,1,5,False,1000,1000
7368,83,degCent,10,0.6988455414012739,0,4,None,66,1,5,False,1000,1000
7369,84,degCent,10,0.7016321656050956,0,4,None,66,1,5,False,1000,1000
7370,80,degCent,10,0.726015127388535,0,3,None,66,1,5,False,1000,1000
7371,81,degCent,10,0.7269108280254777,0,3,None,66,1,5,False,1000,1000
7372,82,degCent,10,0.727906050955414,0,3,None,66,1,5,False,1000,1000
7373,83,degCent,10,0.7288017515923567,0,3,None,66,1,5,False,1000,1000
7374,84,degCent,10,0.7307921974522293,0,3,None,66,1,5,False,1000,1000
7375,80,degCent,10,0.7200437898089171,0,10,None,66,1,5,False,1000,1000
7376,81,degCent,10,0.721437101910828,0,10,None,66,1,5,False,1000,1000
7377,82,degCent,10,0.7227308917197452,0,10,None,66,1,5,False,1000,1000
7378,83,degCent,10,0.7248208598726115,0,10,None,66,1,5,False,1000,1000
7379,84,degCent,10,0.726015127388535,0,10,None,66,1,5,False,1000,1000
7380,80,degCent,10,0.6604299363057324,0,11,None,66,1,5,False,1000,1000
7381,81,degCent,10,0.662718949044586,0,11,None,66,1,5,False,1000,1000
7382,82,degCent,10,0.6652070063694268,0,11,None,66,1,5,False,1000,1000
7383,83,degCent,10,0.6675955414012739,0,11,None,66,1,5,False,1000,1000
7384,84,degCent,10,0.669187898089172,0,11,None,66,1,5,False,1000,1000
7385,80,degCent,10,0.7296974522292994,0,15,None,66,1,5,False,1000,1000
7386,81,degCent,10,0.7304936305732485,0,15,None,66,1,5,False,1000,1000
7387,82,degCent,10,0.7307921974522293,0,15,None,66,1,5,False,1000,1000
7388,83,degCent,10,0.7313893312101911,0,15,None,66,1,5,False,1000,1000
7389,84,degCent,10,0.7320859872611465,0,15,None,66,1,5,False,1000,1000
7390,80,degCent,10,0.7357683121019108,0,24,None,66,1,5,False,1000,1000
7391,81,degCent,10,0.7391520700636943,0,24,None,66,1,5,False,1000,1000
7392,82,degCent,10,0.7410429936305732,0,24,None,66,1,5,False,1000,1000
7393,83,degCent,10,0.7428343949044586,0,24,None,66,1,5,False,1000,1000
7394,84,degCent,10,0.7448248407643312,0,24,None,66,1,5,False,1000,1000
7395,80,degCent,10,0.7104896496815286,0,27,None,66,1,5,False,1000,1000
7396,81,degCent,10,0.7106886942675159,0,27,None,66,1,5,False,1000,1000
7397,82,degCent,10,0.7113853503184714,0,27,None,66,1,5,False,1000,1000
7398,83,degCent,10,0.7127786624203821,0,27,None,66,1,5,False,1000,1000
7399,84,degCent,10,0.714171974522293,0,27,None,66,1,5,False,1000,1000
7400,80,degCent,10,0.7104896496815286,0,30,None,66,1,5,False,1000,1000
7401,81,degCent,10,0.7125796178343949,0,30,None,66,1,5,False,1000,1000
7402,82,degCent,10,0.7147691082802548,0,30,None,66,1,5,False,1000,1000
7403,83,degCent,10,0.7164609872611465,0,30,None,66,1,5,False,1000,1000
7404,84,degCent,10,0.7169585987261147,0,30,None,66,1,5,False,1000,1000
7405,80,degCent,10,0.7051154458598726,0,31,None,66,1,5,False,1000,1000
7406,81,degCent,10,0.7081011146496815,0,31,None,66,1,5,False,1000,1000
7407,82,degCent,10,0.7105891719745223,0,31,None,66,1,5,False,1000,1000
7408,83,degCent,10,0.7126791401273885,0,31,None,66,1,5,False,1000,1000
7409,84,degCent,10,0.7145700636942676,0,31,None,66,1,5,False,1000,1000
7410,80,degCent,10,0.7304936305732485,0,9,None,66,1,5,False,1000,1000
7411,81,degCent,10,0.7329816878980892,0,9,None,66,1,5,False,1000,1000
7412,82,degCent,10,0.7357683121019108,0,9,None,66,1,5,False,1000,1000
7413,83,degCent,10,0.7376592356687898,0,9,None,66,1,5,False,1000,1000
7414,84,degCent,10,0.7398487261146497,0,9,None,66,1,5,False,1000,1000
7415,80,degCent,10,0.71875,0,29,None,66,1,5,False,1000,1000
7416,81,degCent,10,0.7182523885350318,0,29,None,66,1,5,False,1000,1000
7417,82,degCent,10,0.71875,0,29,None,66,1,5,False,1000,1000
7418,83,degCent,10,0.7190485668789809,0,29,None,66,1,5,False,1000,1000
7419,84,degCent,10,0.7185509554140127,0,29,None,66,1,5,False,1000,1000
7420,80,degCent,10,0.6988455414012739,0,0,None,66,1,5,False,1000,1000
7421,81,degCent,10,0.6996417197452229,0,0,None,66,1,5,False,1000,1000
7422,82,degCent,10,0.7015326433121019,0,0,None,66,1,5,False,1000,1000
7423,83,degCent,10,0.7043192675159236,0,0,None,66,1,5,False,1000,1000
7424,84,degCent,10,0.7066082802547771,0,0,None,66,1,5,False,1000,1000
7425,85,degCent,10,0.7192476114649682,0,31,None,66,1,5,False,1000,1000
7426,86,degCent,10,0.7224323248407644,0,31,None,66,1,5,False,1000,1000
7427,87,degCent,10,0.7246218152866242,0,31,None,66,1,5,False,1000,1000
7428,88,degCent,10,0.7257165605095541,0,31,None,66,1,5,False,1000,1000
7429,89,degCent,10,0.7275079617834395,0,31,None,66,1,5,False,1000,1000
7430,85,degCent,10,0.7208399681528662,0,26,None,66,1,5,False,1000,1000
7431,86,degCent,10,0.7208399681528662,0,26,None,66,1,5,False,1000,1000
7432,87,degCent,10,0.7215366242038217,0,26,None,66,1,5,False,1000,1000
7433,88,degCent,10,0.7235270700636943,0,26,None,66,1,5,False,1000,1000
7434,89,degCent,10,0.7247213375796179,0,26,None,66,1,5,False,1000,1000
7435,85,degCent,10,0.7006369426751592,0,7,None,66,1,5,False,1000,1000
7436,86,degCent,10,0.7025278662420382,0,7,None,66,1,5,False,1000,1000
7437,87,degCent,10,0.7040207006369427,0,7,None,66,1,5,False,1000,1000
7438,88,degCent,10,0.7049164012738853,0,7,None,66,1,5,False,1000,1000
7439,89,degCent,10,0.7064092356687898,0,7,None,66,1,5,False,1000,1000
7440,85,degCent,10,0.6693869426751592,0,11,None,66,1,5,False,1000,1000
7441,86,degCent,10,0.6713773885350318,0,11,None,66,1,5,False,1000,1000
7442,87,degCent,10,0.6738654458598726,0,11,None,66,1,5,False,1000,1000
7443,88,degCent,10,0.6759554140127388,0,11,None,66,1,5,False,1000,1000
7444,89,degCent,10,0.6774482484076433,0,11,None,66,1,5,False,1000,1000
7445,85,degCent,10,0.7366640127388535,0,15,None,66,1,5,False,1000,1000
7446,86,degCent,10,0.737062101910828,0,15,None,66,1,5,False,1000,1000
7447,87,degCent,10,0.7374601910828026,0,15,None,66,1,5,False,1000,1000
7448,88,degCent,10,0.7382563694267515,0,15,None,66,1,5,False,1000,1000
7449,89,degCent,10,0.7390525477707006,0,15,None,66,1,5,False,1000,1000
7450,85,degCent,10,0.6934713375796179,0,14,None,66,1,5,False,1000,1000
7451,86,degCent,10,0.6964570063694268,0,14,None,66,1,5,False,1000,1000
7452,87,degCent,10,0.6998407643312102,0,14,None,66,1,5,False,1000,1000
7453,88,degCent,10,0.7021297770700637,0,14,None,66,1,5,False,1000,1000
7454,89,degCent,10,0.7039211783439491,0,14,None,66,1,5,False,1000,1000
7455,85,degCent,10,0.7276074840764332,0,29,None,66,1,5,False,1000,1000
7456,86,degCent,10,0.7281050955414012,0,29,None,66,1,5,False,1000,1000
7457,87,degCent,10,0.727109872611465,0,29,None,66,1,5,False,1000,1000
7458,88,degCent,10,0.7274084394904459,0,29,None,66,1,5,False,1000,1000
7459,89,degCent,10,0.7280055732484076,0,29,None,66,1,5,False,1000,1000
7460,85,degCent,10,0.7133757961783439,0,1,None,66,1,5,False,1000,1000
7461,86,degCent,10,0.7167595541401274,0,1,None,66,1,5,False,1000,1000
7462,87,degCent,10,0.7194466560509554,0,1,None,66,1,5,False,1000,1000
7463,88,degCent,10,0.722531847133758,0,1,None,66,1,5,False,1000,1000
7464,89,degCent,10,0.7242237261146497,0,1,None,66,1,5,False,1000,1000
7465,85,degCent,10,0.6973527070063694,0,2,None,66,1,5,False,1000,1000
7466,86,degCent,10,0.698546974522293,0,2,None,66,1,5,False,1000,1000
7467,87,degCent,10,0.7006369426751592,0,2,None,66,1,5,False,1000,1000
7468,88,degCent,10,0.7021297770700637,0,2,None,66,1,5,False,1000,1000
7469,89,degCent,10,0.7049164012738853,0,2,None,66,1,5,False,1000,1000
7470,85,degCent,10,0.7281050955414012,0,5,None,66,1,5,False,1000,1000
7471,86,degCent,10,0.7293988853503185,0,5,None,66,1,5,False,1000,1000
7472,87,degCent,10,0.7311902866242038,0,5,None,66,1,5,False,1000,1000
7473,88,degCent,10,0.7325835987261147,0,5,None,66,1,5,False,1000,1000
7474,89,degCent,10,0.7336783439490446,0,5,None,66,1,5,False,1000,1000
7475,85,degCent,10,0.7107882165605095,0,20,None,66,1,5,False,1000,1000
7476,86,degCent,10,0.7152667197452229,0,20,None,66,1,5,False,1000,1000
7477,87,degCent,10,0.71875,0,20,None,66,1,5,False,1000,1000
7478,88,degCent,10,0.7221337579617835,0,20,None,66,1,5,False,1000,1000
7479,89,degCent,10,0.7253184713375797,0,20,None,66,1,5,False,1000,1000
7480,85,degCent,10,0.7303941082802548,0,10,None,66,1,5,False,1000,1000
7481,86,degCent,10,0.7319864649681529,0,10,None,66,1,5,False,1000,1000
7482,87,degCent,10,0.7331807324840764,0,10,None,66,1,5,False,1000,1000
7483,88,degCent,10,0.73546974522293,0,10,None,66,1,5,False,1000,1000
7484,89,degCent,10,0.7375597133757962,0,10,None,66,1,5,False,1000,1000
7485,85,degCent,10,0.7201433121019108,0,22,None,66,1,5,False,1000,1000
7486,86,degCent,10,0.723328025477707,0,22,None,66,1,5,False,1000,1000
7487,87,degCent,10,0.7238256369426752,0,22,None,66,1,5,False,1000,1000
7488,88,degCent,10,0.725218949044586,0,22,None,66,1,5,False,1000,1000
7489,89,degCent,10,0.7267117834394905,0,22,None,66,1,5,False,1000,1000
7490,85,degCent,10,0.7468152866242038,0,32,None,66,1,5,False,1000,1000
7491,86,degCent,10,0.7469148089171974,0,32,None,66,1,5,False,1000,1000
7492,87,degCent,10,0.7472133757961783,0,32,None,66,1,5,False,1000,1000
7493,88,degCent,10,0.7478105095541401,0,32,None,66,1,5,False,1000,1000
7494,89,degCent,10,0.7485071656050956,0,32,None,66,1,5,False,1000,1000
7495,85,degCent,10,0.7414410828025477,0,13,None,66,1,5,False,1000,1000
7496,86,degCent,10,0.7429339171974523,0,13,None,66,1,5,False,1000,1000
7497,87,degCent,10,0.7437300955414012,0,13,None,66,1,5,False,1000,1000
7498,88,degCent,10,0.7459195859872612,0,13,None,66,1,5,False,1000,1000
7499,89,degCent,10,0.7478105095541401,0,13,None,66,1,5,False,1000,1000
7500,85,degCent,10,0.6726711783439491,0,23,None,66,1,5,False,1000,1000
7501,86,degCent,10,0.6746616242038217,0,23,None,66,1,5,False,1000,1000
7502,87,degCent,10,0.6767515923566879,0,23,None,66,1,5,False,1000,1000
7503,88,degCent,10,0.6789410828025477,0,23,None,66,1,5,False,1000,1000
7504,89,degCent,10,0.6826234076433121,0,23,None,66,1,5,False,1000,1000
7505,85,degCent,10,0.5962380573248408,0,28,None,66,1,5,False,1000,1000
7506,86,degCent,10,0.6172372611464968,0,28,None,66,1,5,False,1000,1000
7507,87,degCent,10,0.634156050955414,0,28,None,66,1,5,False,1000,1000
7508,88,degCent,10,0.6414211783439491,0,28,None,66,1,5,False,1000,1000
7509,89,degCent,10,0.6463972929936306,0,28,None,66,1,5,False,1000,1000
7510,85,degCent,10,0.7308917197452229,0,3,None,66,1,5,False,1000,1000
7511,86,degCent,10,0.7315883757961783,0,3,None,66,1,5,False,1000,1000
7512,87,degCent,10,0.7337778662420382,0,3,None,66,1,5,False,1000,1000
7513,88,degCent,10,0.7342754777070064,0,3,None,66,1,5,False,1000,1000
7514,89,degCent,10,0.7353702229299363,0,3,None,66,1,5,False,1000,1000
7515,85,degCent,10,0.7376592356687898,0,17,None,66,1,5,False,1000,1000
7516,86,degCent,10,0.7386544585987261,0,17,None,66,1,5,False,1000,1000
7517,87,degCent,10,0.7401472929936306,0,17,None,66,1,5,False,1000,1000
7518,88,degCent,10,0.7414410828025477,0,17,None,66,1,5,False,1000,1000
7519,89,degCent,10,0.7417396496815286,0,17,None,66,1,5,False,1000,1000
7520,85,degCent,10,0.7363654458598726,0,21,None,66,1,5,False,1000,1000
7521,86,degCent,10,0.7369625796178344,0,21,None,66,1,5,False,1000,1000
7522,87,degCent,10,0.738953025477707,0,21,None,66,1,5,False,1000,1000
7523,88,degCent,10,0.7402468152866242,0,21,None,66,1,5,False,1000,1000
7524,89,degCent,10,0.7422372611464968,0,21,None,66,1,5,False,1000,1000
7525,85,degCent,10,0.745421974522293,0,24,None,66,1,5,False,1000,1000
7526,86,degCent,10,0.7468152866242038,0,24,None,66,1,5,False,1000,1000
7527,87,degCent,10,0.748109076433121,0,24,None,66,1,5,False,1000,1000
7528,88,degCent,10,0.7504976114649682,0,24,None,66,1,5,False,1000,1000
7529,89,degCent,10,0.7508957006369427,0,24,None,66,1,5,False,1000,1000
7530,85,degCent,10,0.7151671974522293,0,27,None,66,1,5,False,1000,1000
7531,86,degCent,10,0.7169585987261147,0,27,None,66,1,5,False,1000,1000
7532,87,degCent,10,0.7166600318471338,0,27,None,66,1,5,False,1000,1000
7533,88,degCent,10,0.71765525477707,0,27,None,66,1,5,False,1000,1000
7534,89,degCent,10,0.7191480891719745,0,27,None,66,1,5,False,1000,1000
7535,85,degCent,10,0.7182523885350318,0,6,None,66,1,5,False,1000,1000
7536,86,degCent,10,0.7186504777070064,0,6,None,66,1,5,False,1000,1000
7537,87,degCent,10,0.7190485668789809,0,6,None,66,1,5,False,1000,1000
7538,88,degCent,10,0.7194466560509554,0,6,None,66,1,5,False,1000,1000
7539,89,degCent,10,0.7201433121019108,0,6,None,66,1,5,False,1000,1000
7540,85,degCent,10,0.7211385350318471,0,30,None,66,1,5,False,1000,1000
7541,86,degCent,10,0.7237261146496815,0,30,None,66,1,5,False,1000,1000
7542,87,degCent,10,0.725218949044586,0,30,None,66,1,5,False,1000,1000
7543,88,degCent,10,0.7262141719745223,0,30,None,66,1,5,False,1000,1000
7544,89,degCent,10,0.7290007961783439,0,30,None,66,1,5,False,1000,1000
7545,85,degCent,10,0.7379578025477707,0,9,None,66,1,5,False,1000,1000
7546,86,degCent,10,0.7403463375796179,0,9,None,66,1,5,False,1000,1000
7547,87,degCent,10,0.7426353503184714,0,9,None,66,1,5,False,1000,1000
7548,88,degCent,10,0.7450238853503185,0,9,None,66,1,5,False,1000,1000
7549,89,degCent,10,0.7472133757961783,0,9,None,66,1,5,False,1000,1000
7550,85,degCent,10,0.7512937898089171,0,12,None,66,1,5,False,1000,1000
7551,86,degCent,10,0.7525875796178344,0,12,None,66,1,5,False,1000,1000
7552,87,degCent,10,0.7533837579617835,0,12,None,66,1,5,False,1000,1000
7553,88,degCent,10,0.7539808917197452,0,12,None,66,1,5,False,1000,1000
7554,89,degCent,10,0.7559713375796179,0,12,None,66,1,5,False,1000,1000
7555,85,degCent,10,0.7191480891719745,0,25,None,66,1,5,False,1000,1000
7556,86,degCent,10,0.7208399681528662,0,25,None,66,1,5,False,1000,1000
7557,87,degCent,10,0.7238256369426752,0,25,None,66,1,5,False,1000,1000
7558,88,degCent,10,0.7265127388535032,0,25,None,66,1,5,False,1000,1000
7559,89,degCent,10,0.7283041401273885,0,25,None,66,1,5,False,1000,1000
7560,85,degCent,10,0.7025278662420382,0,4,None,66,1,5,False,1000,1000
7561,86,degCent,10,0.705812101910828,0,4,None,66,1,5,False,1000,1000
7562,87,degCent,10,0.7071058917197452,0,4,None,66,1,5,False,1000,1000
7563,88,degCent,10,0.7082006369426752,0,4,None,66,1,5,False,1000,1000
7564,89,degCent,10,0.7099920382165605,0,4,None,66,1,5,False,1000,1000
7565,85,degCent,10,0.7097929936305732,0,0,None,66,1,5,False,1000,1000
7566,86,degCent,10,0.7109872611464968,0,0,None,66,1,5,False,1000,1000
7567,87,degCent,10,0.7121815286624203,0,0,None,66,1,5,False,1000,1000
7568,88,degCent,10,0.7138734076433121,0,0,None,66,1,5,False,1000,1000
7569,89,degCent,10,0.7145700636942676,0,0,None,66,1,5,False,1000,1000
7570,85,degCent,10,0.7231289808917197,0,16,None,66,1,5,False,1000,1000
7571,86,degCent,10,0.7237261146496815,0,16,None,66,1,5,False,1000,1000
7572,87,degCent,10,0.7245222929936306,0,16,None,66,1,5,False,1000,1000
7573,88,degCent,10,0.725218949044586,0,16,None,66,1,5,False,1000,1000
7574,89,degCent,10,0.7259156050955414,0,16,None,66,1,5,False,1000,1000
7575,85,degCent,10,0.6977507961783439,0,8,None,66,1,5,False,1000,1000
7576,86,degCent,10,0.7015326433121019,0,8,None,66,1,5,False,1000,1000
7577,87,degCent,10,0.7048168789808917,0,8,None,66,1,5,False,1000,1000
7578,88,degCent,10,0.7080015923566879,0,8,None,66,1,5,False,1000,1000
7579,89,degCent,10,0.710390127388535,0,8,None,66,1,5,False,1000,1000
7580,85,degCent,10,0.7269108280254777,0,19,None,66,1,5,False,1000,1000
7581,86,degCent,10,0.7295979299363057,0,19,None,66,1,5,False,1000,1000
7582,87,degCent,10,0.7315883757961783,0,19,None,66,1,5,False,1000,1000
7583,88,degCent,10,0.7344745222929936,0,19,None,66,1,5,False,1000,1000
7584,89,degCent,10,0.7360668789808917,0,19,None,66,1,5,False,1000,1000
7585,85,degCent,10,0.734375,0,18,None,66,1,5,False,1000,1000
7586,86,degCent,10,0.7375597133757962,0,18,None,66,1,5,False,1000,1000
7587,87,degCent,10,0.7386544585987261,0,18,None,66,1,5,False,1000,1000
7588,88,degCent,10,0.7404458598726115,0,18,None,66,1,5,False,1000,1000
7589,89,degCent,10,0.7413415605095541,0,18,None,66,1,5,False,1000,1000
7590,90,degCent,10,0.7285031847133758,0,26,None,66,1,5,False,1000,1000
7591,91,degCent,10,0.7289012738853503,0,26,None,66,1,5,False,1000,1000
7592,92,degCent,10,0.7313893312101911,0,26,None,66,1,5,False,1000,1000
7593,93,degCent,10,0.7331807324840764,0,26,None,66,1,5,False,1000,1000
7594,94,degCent,10,0.7342754777070064,0,26,None,66,1,5,False,1000,1000
7595,90,degCent,10,0.7061106687898089,0,2,None,66,1,5,False,1000,1000
7596,91,degCent,10,0.7081011146496815,0,2,None,66,1,5,False,1000,1000
7597,92,degCent,10,0.7092953821656051,0,2,None,66,1,5,False,1000,1000
7598,93,degCent,10,0.7106886942675159,0,2,None,66,1,5,False,1000,1000
7599,94,degCent,10,0.7123805732484076,0,2,None,66,1,5,False,1000,1000
7600,90,degCent,10,0.677547770700637,0,11,None,66,1,5,False,1000,1000
7601,91,degCent,10,0.6806329617834395,0,11,None,66,1,5,False,1000,1000
7602,92,degCent,10,0.6827229299363057,0,11,None,66,1,5,False,1000,1000
7603,93,degCent,10,0.684812898089172,0,11,None,66,1,5,False,1000,1000
7604,94,degCent,10,0.6870023885350318,0,11,None,66,1,5,False,1000,1000
7605,90,degCent,10,0.7470143312101911,0,15,None,66,1,5,False,1000,1000
7606,91,degCent,10,0.7470143312101911,0,15,None,66,1,5,False,1000,1000
7607,92,degCent,10,0.7477109872611465,0,15,None,66,1,5,False,1000,1000
7608,93,degCent,10,0.747312898089172,0,15,None,66,1,5,False,1000,1000
7609,94,degCent,10,0.7479100318471338,0,15,None,66,1,5,False,1000,1000
7610,90,degCent,10,0.7413415605095541,0,17,None,66,1,5,False,1000,1000
7611,91,degCent,10,0.7419386942675159,0,17,None,66,1,5,False,1000,1000
7612,92,degCent,10,0.742734872611465,0,17,None,66,1,5,False,1000,1000
7613,93,degCent,10,0.7448248407643312,0,17,None,66,1,5,False,1000,1000
7614,94,degCent,10,0.7457205414012739,0,17,None,66,1,5,False,1000,1000
7615,90,degCent,10,0.7333797770700637,0,5,None,66,1,5,False,1000,1000
7616,91,degCent,10,0.7357683121019108,0,5,None,66,1,5,False,1000,1000
7617,92,degCent,10,0.7371616242038217,0,5,None,66,1,5,False,1000,1000
7618,93,degCent,10,0.7379578025477707,0,5,None,66,1,5,False,1000,1000
7619,94,degCent,10,0.7391520700636943,0,5,None,66,1,5,False,1000,1000
7620,90,degCent,10,0.7382563694267515,0,10,None,66,1,5,False,1000,1000
7621,91,degCent,10,0.7399482484076433,0,10,None,66,1,5,False,1000,1000
7622,92,degCent,10,0.7406449044585988,0,10,None,66,1,5,False,1000,1000
7623,93,degCent,10,0.7414410828025477,0,10,None,66,1,5,False,1000,1000
7624,94,degCent,10,0.7431329617834395,0,10,None,66,1,5,False,1000,1000
7625,90,degCent,10,0.7120820063694268,0,4,None,66,1,5,False,1000,1000
7626,91,degCent,10,0.7142714968152867,0,4,None,66,1,5,False,1000,1000
7627,92,degCent,10,0.7162619426751592,0,4,None,66,1,5,False,1000,1000
7628,93,degCent,10,0.7173566878980892,0,4,None,66,1,5,False,1000,1000
7629,94,degCent,10,0.7190485668789809,0,4,None,66,1,5,False,1000,1000
7630,90,degCent,10,0.720640923566879,0,20,None,66,1,5,False,1000,1000
7631,91,degCent,10,0.7270103503184714,0,20,None,66,1,5,False,1000,1000
7632,92,degCent,10,0.731687898089172,0,20,None,66,1,5,False,1000,1000
7633,93,degCent,10,0.7350716560509554,0,20,None,66,1,5,False,1000,1000
7634,94,degCent,10,0.7376592356687898,0,20,None,66,1,5,False,1000,1000
7635,90,degCent,10,0.7278065286624203,0,22,None,66,1,5,False,1000,1000
7636,91,degCent,10,0.7299960191082803,0,22,None,66,1,5,False,1000,1000
7637,92,degCent,10,0.7320859872611465,0,22,None,66,1,5,False,1000,1000
7638,93,degCent,10,0.7344745222929936,0,22,None,66,1,5,False,1000,1000
7639,94,degCent,10,0.7366640127388535,0,22,None,66,1,5,False,1000,1000
7640,90,degCent,10,0.6799363057324841,0,23,None,66,1,5,False,1000,1000
7641,91,degCent,10,0.682921974522293,0,23,None,66,1,5,False,1000,1000
7642,92,degCent,10,0.6855095541401274,0,23,None,66,1,5,False,1000,1000
7643,93,degCent,10,0.6890923566878981,0,23,None,66,1,5,False,1000,1000
7644,94,degCent,10,0.6907842356687898,0,23,None,66,1,5,False,1000,1000
7645,90,degCent,10,0.7213375796178344,0,25,None,66,1,5,False,1000,1000
7646,91,degCent,10,0.7246218152866242,0,25,None,66,1,5,False,1000,1000
7647,92,degCent,10,0.7275079617834395,0,25,None,66,1,5,False,1000,1000
7648,93,degCent,10,0.7298964968152867,0,25,None,66,1,5,False,1000,1000
7649,94,degCent,10,0.7322850318471338,0,25,None,66,1,5,False,1000,1000
7650,90,degCent,10,0.7029259554140127,0,14,None,66,1,5,False,1000,1000
7651,91,degCent,10,0.7071058917197452,0,14,None,66,1,5,False,1000,1000
7652,92,degCent,10,0.7093949044585988,0,14,None,66,1,5,False,1000,1000
7653,93,degCent,10,0.7119824840764332,0,14,None,66,1,5,False,1000,1000
7654,94,degCent,10,0.7140724522292994,0,14,None,66,1,5,False,1000,1000
7655,90,degCent,10,0.7507961783439491,0,24,None,66,1,5,False,1000,1000
7656,91,degCent,10,0.7523885350318471,0,24,None,66,1,5,False,1000,1000
7657,92,degCent,10,0.7546775477707006,0,24,None,66,1,5,False,1000,1000
7658,93,degCent,10,0.756468949044586,0,24,None,66,1,5,False,1000,1000
7659,94,degCent,10,0.757265127388535,0,24,None,66,1,5,False,1000,1000
7660,90,degCent,10,0.724422770700637,0,30,None,66,1,5,False,1000,1000
7661,91,degCent,10,0.7275079617834395,0,30,None,66,1,5,False,1000,1000
7662,92,degCent,10,0.7292993630573248,0,30,None,66,1,5,False,1000,1000
7663,93,degCent,10,0.730593152866242,0,30,None,66,1,5,False,1000,1000
7664,94,degCent,10,0.7319864649681529,0,30,None,66,1,5,False,1000,1000
7665,90,degCent,10,0.6097730891719745,0,28,None,66,1,5,False,1000,1000
7666,91,degCent,10,0.632265127388535,0,28,None,66,1,5,False,1000,1000
7667,92,degCent,10,0.6451035031847133,0,28,None,66,1,5,False,1000,1000
7668,93,degCent,10,0.6530652866242038,0,28,None,66,1,5,False,1000,1000
7669,94,degCent,10,0.6572452229299363,0,28,None,66,1,5,False,1000,1000
7670,90,degCent,10,0.7466162420382165,0,9,None,66,1,5,False,1000,1000
7671,91,degCent,10,0.7486066878980892,0,9,None,66,1,5,False,1000,1000
7672,92,degCent,10,0.7494028662420382,0,9,None,66,1,5,False,1000,1000
7673,93,degCent,10,0.7507961783439491,0,9,None,66,1,5,False,1000,1000
7674,94,degCent,10,0.7522890127388535,0,9,None,66,1,5,False,1000,1000
7675,90,degCent,10,0.7368630573248408,0,29,None,66,1,5,False,1000,1000
7676,91,degCent,10,0.737062101910828,0,29,None,66,1,5,False,1000,1000
7677,92,degCent,10,0.7356687898089171,0,29,None,66,1,5,False,1000,1000
7678,93,degCent,10,0.7365644904458599,0,29,None,66,1,5,False,1000,1000
7679,94,degCent,10,0.7369625796178344,0,29,None,66,1,5,False,1000,1000
7680,90,degCent,10,0.7505971337579618,0,32,None,66,1,5,False,1000,1000
7681,91,degCent,10,0.75109474522293,0,32,None,66,1,5,False,1000,1000
7682,92,degCent,10,0.7519904458598726,0,32,None,66,1,5,False,1000,1000
7683,93,degCent,10,0.7525875796178344,0,32,None,66,1,5,False,1000,1000
7684,94,degCent,10,0.7534832802547771,0,32,None,66,1,5,False,1000,1000
7685,90,degCent,10,0.7291003184713376,0,6,None,66,1,5,False,1000,1000
7686,91,degCent,10,0.7295979299363057,0,6,None,66,1,5,False,1000,1000
7687,92,degCent,10,0.7301950636942676,0,6,None,66,1,5,False,1000,1000
7688,93,degCent,10,0.7307921974522293,0,6,None,66,1,5,False,1000,1000
7689,94,degCent,10,0.7312898089171974,0,6,None,66,1,5,False,1000,1000
7690,90,degCent,10,0.7274084394904459,0,16,None,66,1,5,False,1000,1000
7691,91,degCent,10,0.7285031847133758,0,16,None,66,1,5,False,1000,1000
7692,92,degCent,10,0.7289012738853503,0,16,None,66,1,5,False,1000,1000
7693,93,degCent,10,0.7301950636942676,0,16,None,66,1,5,False,1000,1000
7694,94,degCent,10,0.7306926751592356,0,16,None,66,1,5,False,1000,1000
7695,90,degCent,10,0.7079020700636943,0,7,None,66,1,5,False,1000,1000
7696,91,degCent,10,0.710390127388535,0,7,None,66,1,5,False,1000,1000
7697,92,degCent,10,0.7115843949044586,0,7,None,66,1,5,False,1000,1000
7698,93,degCent,10,0.712281050955414,0,7,None,66,1,5,False,1000,1000
7699,94,degCent,10,0.7135748407643312,0,7,None,66,1,5,False,1000,1000
7700,90,degCent,10,0.7366640127388535,0,3,None,66,1,5,False,1000,1000
7701,91,degCent,10,0.7366640127388535,0,3,None,66,1,5,False,1000,1000
7702,92,degCent,10,0.738156847133758,0,3,None,66,1,5,False,1000,1000
7703,93,degCent,10,0.7396496815286624,0,3,None,66,1,5,False,1000,1000
7704,94,degCent,10,0.741640127388535,0,3,None,66,1,5,False,1000,1000
7705,90,degCent,10,0.7376592356687898,0,19,None,66,1,5,False,1000,1000
7706,91,degCent,10,0.7392515923566879,0,19,None,66,1,5,False,1000,1000
7707,92,degCent,10,0.7413415605095541,0,19,None,66,1,5,False,1000,1000
7708,93,degCent,10,0.7430334394904459,0,19,None,66,1,5,False,1000,1000
7709,94,degCent,10,0.7451234076433121,0,19,None,66,1,5,False,1000,1000
7710,90,degCent,10,0.7124800955414012,0,8,None,66,1,5,False,1000,1000
7711,91,degCent,10,0.7153662420382165,0,8,None,66,1,5,False,1000,1000
7712,92,degCent,10,0.7184514331210191,0,8,None,66,1,5,False,1000,1000
7713,93,degCent,10,0.7210390127388535,0,8,None,66,1,5,False,1000,1000
7714,94,degCent,10,0.7235270700636943,0,8,None,66,1,5,False,1000,1000
7715,90,degCent,10,0.723328025477707,0,1,None,66,1,5,False,1000,1000
7716,91,degCent,10,0.7263136942675159,0,1,None,66,1,5,False,1000,1000
7717,92,degCent,10,0.7280055732484076,0,1,None,66,1,5,False,1000,1000
7718,93,degCent,10,0.7295979299363057,0,1,None,66,1,5,False,1000,1000
7719,94,degCent,10,0.7319864649681529,0,1,None,66,1,5,False,1000,1000
7720,90,degCent,10,0.7423367834394905,0,21,None,66,1,5,False,1000,1000
7721,91,degCent,10,0.7448248407643312,0,21,None,66,1,5,False,1000,1000
7722,92,degCent,10,0.7468152866242038,0,21,None,66,1,5,False,1000,1000
7723,93,degCent,10,0.7484076433121019,0,21,None,66,1,5,False,1000,1000
7724,94,degCent,10,0.7494028662420382,0,21,None,66,1,5,False,1000,1000
7725,90,degCent,10,0.7543789808917197,0,12,None,66,1,5,False,1000,1000
7726,91,degCent,10,0.755672770700637,0,12,None,66,1,5,False,1000,1000
7727,92,degCent,10,0.7575636942675159,0,12,None,66,1,5,False,1000,1000
7728,93,degCent,10,0.7587579617834395,0,12,None,66,1,5,False,1000,1000
7729,94,degCent,10,0.7598527070063694,0,12,None,66,1,5,False,1000,1000
7730,90,degCent,10,0.7494028662420382,0,13,None,66,1,5,False,1000,1000
7731,91,degCent,10,0.7511942675159236,0,13,None,66,1,5,False,1000,1000
7732,92,degCent,10,0.7525875796178344,0,13,None,66,1,5,False,1000,1000
7733,93,degCent,10,0.7534832802547771,0,13,None,66,1,5,False,1000,1000
7734,94,degCent,10,0.754578025477707,0,13,None,66,1,5,False,1000,1000
7735,90,degCent,10,0.7182523885350318,0,0,None,66,1,5,False,1000,1000
7736,91,degCent,10,0.7192476114649682,0,0,None,66,1,5,False,1000,1000
7737,92,degCent,10,0.7203423566878981,0,0,None,66,1,5,False,1000,1000
7738,93,degCent,10,0.7219347133757962,0,0,None,66,1,5,False,1000,1000
7739,94,degCent,10,0.7231289808917197,0,0,None,66,1,5,False,1000,1000
7740,95,degCent,10,0.7382563694267515,0,26,None,66,1,5,False,1000,1000
7741,96,degCent,10,0.7393511146496815,0,26,None,66,1,5,False,1000,1000
7742,97,degCent,10,0.740047770700637,0,26,None,66,1,5,False,1000,1000
7743,98,degCent,10,0.7414410828025477,0,26,None,66,1,5,False,1000,1000
7744,99,degCent,10,0.7425358280254777,0,26,None,66,1,5,False,1000,1000
7745,95,degCent,10,0.7387539808917197,0,22,None,66,1,5,False,1000,1000
7746,96,degCent,10,0.7398487261146497,0,22,None,66,1,5,False,1000,1000
7747,97,degCent,10,0.7413415605095541,0,22,None,66,1,5,False,1000,1000
7748,98,degCent,10,0.7423367834394905,0,22,None,66,1,5,False,1000,1000
7749,99,degCent,10,0.7430334394904459,0,22,None,66,1,5,False,1000,1000
7750,95,degCent,10,0.754578025477707,0,32,None,66,1,5,False,1000,1000
7751,96,degCent,10,0.7548765923566879,0,32,None,66,1,5,False,1000,1000
7752,97,degCent,10,0.7555732484076433,0,32,None,66,1,5,False,1000,1000
7753,98,degCent,10,0.7559713375796179,0,32,None,66,1,5,False,1000,1000
7754,99,degCent,10,0.757265127388535,0,32,None,66,1,5,False,1000,1000
7755,95,degCent,10,0.7150676751592356,0,14,None,66,1,5,False,1000,1000
7756,96,degCent,10,0.7185509554140127,0,14,None,66,1,5,False,1000,1000
7757,97,degCent,10,0.7224323248407644,0,14,None,66,1,5,False,1000,1000
7758,98,degCent,10,0.7245222929936306,0,14,None,66,1,5,False,1000,1000
7759,99,degCent,10,0.7253184713375797,0,14,None,66,1,5,False,1000,1000
7760,95,degCent,10,0.7326831210191083,0,25,None,66,1,5,False,1000,1000
7761,96,degCent,10,0.7355692675159236,0,25,None,66,1,5,False,1000,1000
7762,97,degCent,10,0.7377587579617835,0,25,None,66,1,5,False,1000,1000
7763,98,degCent,10,0.7417396496815286,0,25,None,66,1,5,False,1000,1000
7764,99,degCent,10,0.7436305732484076,0,25,None,66,1,5,False,1000,1000
7765,90,degCent,10,0.7391520700636943,0,18,None,66,1,5,False,1000,1000
7766,91,degCent,10,0.740843949044586,0,18,None,66,1,5,False,1000,1000
7767,92,degCent,10,0.7424363057324841,0,18,None,66,1,5,False,1000,1000
7768,93,degCent,10,0.7438296178343949,0,18,None,66,1,5,False,1000,1000
7769,94,degCent,10,0.7451234076433121,0,18,None,66,1,5,False,1000,1000
7770,90,degCent,10,0.7250199044585988,0,27,None,66,1,5,False,1000,1000
7771,91,degCent,10,0.7265127388535032,0,27,None,66,1,5,False,1000,1000
7772,92,degCent,10,0.727109872611465,0,27,None,66,1,5,False,1000,1000
7773,93,degCent,10,0.7284036624203821,0,27,None,66,1,5,False,1000,1000
7774,94,degCent,10,0.728702229299363,0,27,None,66,1,5,False,1000,1000
7775,90,degCent,10,0.7277070063694268,0,31,None,66,1,5,False,1000,1000
7776,91,degCent,10,0.7291998407643312,0,31,None,66,1,5,False,1000,1000
7777,92,degCent,10,0.7309912420382165,0,31,None,66,1,5,False,1000,1000
7778,93,degCent,10,0.7318869426751592,0,31,None,66,1,5,False,1000,1000
7779,94,degCent,10,0.7334792993630573,0,31,None,66,1,5,False,1000,1000
7780,95,degCent,10,0.7441281847133758,0,10,None,66,1,5,False,1000,1000
7781,96,degCent,10,0.7457205414012739,0,10,None,66,1,5,False,1000,1000
7782,97,degCent,10,0.7467157643312102,0,10,None,66,1,5,False,1000,1000
7783,98,degCent,10,0.7476114649681529,0,10,None,66,1,5,False,1000,1000
7784,99,degCent,10,0.7487062101910829,0,10,None,66,1,5,False,1000,1000
7785,95,degCent,10,0.7152667197452229,0,7,None,66,1,5,False,1000,1000
7786,96,degCent,10,0.7172571656050956,0,7,None,66,1,5,False,1000,1000
7787,97,degCent,10,0.7184514331210191,0,7,None,66,1,5,False,1000,1000
7788,98,degCent,10,0.7201433121019108,0,7,None,66,1,5,False,1000,1000
7789,99,degCent,10,0.7213375796178344,0,7,None,66,1,5,False,1000,1000
7790,95,degCent,10,0.6854100318471338,0,11,None,66,1,5,False,1000,1000
7791,96,degCent,10,0.68859474522293,0,11,None,66,1,5,False,1000,1000
7792,97,degCent,10,0.6900875796178344,0,11,None,66,1,5,False,1000,1000
7793,98,degCent,10,0.6914808917197452,0,11,None,66,1,5,False,1000,1000
7794,99,degCent,10,0.6932722929936306,0,11,None,66,1,5,False,1000,1000
7795,95,degCent,10,0.759952229299363,0,12,None,66,1,5,False,1000,1000
7796,96,degCent,10,0.7602507961783439,0,12,None,66,1,5,False,1000,1000
7797,97,degCent,10,0.7615445859872612,0,12,None,66,1,5,False,1000,1000
7798,98,degCent,10,0.7620421974522293,0,12,None,66,1,5,False,1000,1000
7799,99,degCent,10,0.7635350318471338,0,12,None,66,1,5,False,1000,1000
7800,95,degCent,10,0.7527866242038217,0,15,None,66,1,5,False,1000,1000
7801,96,degCent,10,0.7532842356687898,0,15,None,66,1,5,False,1000,1000
7802,97,degCent,10,0.754578025477707,0,15,None,66,1,5,False,1000,1000
7803,98,degCent,10,0.7551751592356688,0,15,None,66,1,5,False,1000,1000
7804,99,degCent,10,0.7550756369426752,0,15,None,66,1,5,False,1000,1000
7805,95,degCent,10,0.7312898089171974,0,20,None,66,1,5,False,1000,1000
7806,96,degCent,10,0.7350716560509554,0,20,None,66,1,5,False,1000,1000
7807,97,degCent,10,0.7398487261146497,0,20,None,66,1,5,False,1000,1000
7808,98,degCent,10,0.7414410828025477,0,20,None,66,1,5,False,1000,1000
7809,99,degCent,10,0.7441281847133758,0,20,None,66,1,5,False,1000,1000
7810,95,degCent,10,0.7308917197452229,0,16,None,66,1,5,False,1000,1000
7811,96,degCent,10,0.7315883757961783,0,16,None,66,1,5,False,1000,1000
7812,97,degCent,10,0.7318869426751592,0,16,None,66,1,5,False,1000,1000
7813,98,degCent,10,0.7320859872611465,0,16,None,66,1,5,False,1000,1000
7814,99,degCent,10,0.7330812101910829,0,16,None,66,1,5,False,1000,1000
7815,95,degCent,10,0.7460191082802548,0,19,None,66,1,5,False,1000,1000
7816,96,degCent,10,0.7477109872611465,0,19,None,66,1,5,False,1000,1000
7817,97,degCent,10,0.7487062101910829,0,19,None,66,1,5,False,1000,1000
7818,98,degCent,10,0.7509952229299363,0,19,None,66,1,5,False,1000,1000
7819,99,degCent,10,0.7521894904458599,0,19,None,66,1,5,False,1000,1000
7820,95,degCent,10,0.741640127388535,0,18,None,66,1,5,False,1000,1000
7821,96,degCent,10,0.7448248407643312,0,18,None,66,1,5,False,1000,1000
7822,97,degCent,10,0.7465167197452229,0,18,None,66,1,5,False,1000,1000
7823,98,degCent,10,0.7472133757961783,0,18,None,66,1,5,False,1000,1000
7824,99,degCent,10,0.7486066878980892,0,18,None,66,1,5,False,1000,1000
7825,95,degCent,10,0.7395501592356688,0,31,None,66,1,5,False,1000,1000
7826,96,degCent,10,0.7395501592356688,0,31,None,66,1,5,False,1000,1000
7827,97,degCent,10,0.7403463375796179,0,31,None,66,1,5,False,1000,1000
7828,98,degCent,10,0.7424363057324841,0,31,None,66,1,5,False,1000,1000
7829,99,degCent,10,0.7437300955414012,0,31,None,66,1,5,False,1000,1000
7830,95,degCent,10,0.7308917197452229,0,1,None,66,1,5,False,1000,1000
7831,96,degCent,10,0.7329816878980892,0,1,None,66,1,5,False,1000,1000
7832,97,degCent,10,0.7337778662420382,0,1,None,66,1,5,False,1000,1000
7833,98,degCent,10,0.734375,0,1,None,66,1,5,False,1000,1000
7834,99,degCent,10,0.7356687898089171,0,1,None,66,1,5,False,1000,1000
7835,95,degCent,10,0.7134753184713376,0,2,None,66,1,5,False,1000,1000
7836,96,degCent,10,0.7147691082802548,0,2,None,66,1,5,False,1000,1000
7837,97,degCent,10,0.7161624203821656,0,2,None,66,1,5,False,1000,1000
7838,98,degCent,10,0.7170581210191083,0,2,None,66,1,5,False,1000,1000
7839,99,degCent,10,0.7182523885350318,0,2,None,66,1,5,False,1000,1000
7840,95,degCent,10,0.7246218152866242,0,0,None,66,1,5,False,1000,1000
7841,96,degCent,10,0.7254179936305732,0,0,None,66,1,5,False,1000,1000
7842,97,degCent,10,0.7266122611464968,0,0,None,66,1,5,False,1000,1000
7843,98,degCent,10,0.7286027070063694,0,0,None,66,1,5,False,1000,1000
7844,99,degCent,10,0.7298964968152867,0,0,None,66,1,5,False,1000,1000
7845,95,degCent,10,0.7226313694267515,0,4,None,66,1,5,False,1000,1000
7846,96,degCent,10,0.7235270700636943,0,4,None,66,1,5,False,1000,1000
7847,97,degCent,10,0.7263136942675159,0,4,None,66,1,5,False,1000,1000
7848,98,degCent,10,0.7272093949044586,0,4,None,66,1,5,False,1000,1000
7849,99,degCent,10,0.7280055732484076,0,4,None,66,1,5,False,1000,1000
7850,95,degCent,10,0.7413415605095541,0,3,None,66,1,5,False,1000,1000
7851,96,degCent,10,0.743531050955414,0,3,None,66,1,5,False,1000,1000
7852,97,degCent,10,0.744327229299363,0,3,None,66,1,5,False,1000,1000
7853,98,degCent,10,0.7461186305732485,0,3,None,66,1,5,False,1000,1000
7854,99,degCent,10,0.7464171974522293,0,3,None,66,1,5,False,1000,1000
7855,95,degCent,10,0.7382563694267515,0,5,None,66,1,5,False,1000,1000
7856,96,degCent,10,0.7405453821656051,0,5,None,66,1,5,False,1000,1000
7857,97,degCent,10,0.7411425159235668,0,5,None,66,1,5,False,1000,1000
7858,98,degCent,10,0.7414410828025477,0,5,None,66,1,5,False,1000,1000
7859,99,degCent,10,0.7424363057324841,0,5,None,66,1,5,False,1000,1000
7860,95,degCent,10,0.7234275477707006,0,8,None,66,1,5,False,1000,1000
7861,96,degCent,10,0.7251194267515924,0,8,None,66,1,5,False,1000,1000
7862,97,degCent,10,0.7269108280254777,0,8,None,66,1,5,False,1000,1000
7863,98,degCent,10,0.7294984076433121,0,8,None,66,1,5,False,1000,1000
7864,99,degCent,10,0.7311902866242038,0,8,None,66,1,5,False,1000,1000
7865,95,degCent,10,0.7536823248407644,0,9,None,66,1,5,False,1000,1000
7866,96,degCent,10,0.7549761146496815,0,9,None,66,1,5,False,1000,1000
7867,97,degCent,10,0.756468949044586,0,9,None,66,1,5,False,1000,1000
7868,98,degCent,10,0.7575636942675159,0,9,None,66,1,5,False,1000,1000
7869,99,degCent,10,0.759156050955414,0,9,None,66,1,5,False,1000,1000
7870,95,degCent,10,0.7573646496815286,0,13,None,66,1,5,False,1000,1000
7871,96,degCent,10,0.7582603503184714,0,13,None,66,1,5,False,1000,1000
7872,97,degCent,10,0.7600517515923567,0,13,None,66,1,5,False,1000,1000
7873,98,degCent,10,0.7598527070063694,0,13,None,66,1,5,False,1000,1000
7874,99,degCent,10,0.7598527070063694,0,13,None,66,1,5,False,1000,1000
7875,95,degCent,10,0.6863057324840764,0,23,None,66,1,5,False,1000,1000
7876,96,degCent,10,0.6892914012738853,0,23,None,66,1,5,False,1000,1000
7877,97,degCent,10,0.6936703821656051,0,23,None,66,1,5,False,1000,1000
7878,98,degCent,10,0.6961584394904459,0,23,None,66,1,5,False,1000,1000
7879,99,degCent,10,0.6984474522292994,0,23,None,66,1,5,False,1000,1000
7880,95,degCent,10,0.6228105095541401,0,28,None,66,1,5,False,1000,1000
7881,96,degCent,10,0.6448049363057324,0,28,None,66,1,5,False,1000,1000
7882,97,degCent,10,0.6565485668789809,0,28,None,66,1,5,False,1000,1000
7883,98,degCent,10,0.6607285031847133,0,28,None,66,1,5,False,1000,1000
7884,99,degCent,10,0.6639132165605095,0,28,None,66,1,5,False,1000,1000
7885,95,degCent,10,0.7453224522292994,0,29,None,66,1,5,False,1000,1000
7886,96,degCent,10,0.7470143312101911,0,29,None,66,1,5,False,1000,1000
7887,97,degCent,10,0.7450238853503185,0,29,None,66,1,5,False,1000,1000
7888,98,degCent,10,0.7438296178343949,0,29,None,66,1,5,False,1000,1000
7889,99,degCent,10,0.7448248407643312,0,29,None,66,1,5,False,1000,1000
7890,95,degCent,10,0.7335788216560509,0,30,None,66,1,5,False,1000,1000
7891,96,degCent,10,0.7353702229299363,0,30,None,66,1,5,False,1000,1000
7892,97,degCent,10,0.7366640127388535,0,30,None,66,1,5,False,1000,1000
7893,98,degCent,10,0.7383558917197452,0,30,None,66,1,5,False,1000,1000
7894,99,degCent,10,0.7403463375796179,0,30,None,66,1,5,False,1000,1000
7895,95,degCent,10,0.7421377388535032,0,6,None,66,1,5,False,1000,1000
7896,96,degCent,10,0.7424363057324841,0,6,None,66,1,5,False,1000,1000
7897,97,degCent,10,0.7424363057324841,0,6,None,66,1,5,False,1000,1000
7898,98,degCent,10,0.7423367834394905,0,6,None,66,1,5,False,1000,1000
7899,99,degCent,10,0.7423367834394905,0,6,None,66,1,5,False,1000,1000
7900,95,degCent,10,0.7493033439490446,0,17,None,66,1,5,False,1000,1000
7901,96,degCent,10,0.7496019108280255,0,17,None,66,1,5,False,1000,1000
7902,97,degCent,10,0.7508957006369427,0,17,None,66,1,5,False,1000,1000
7903,98,degCent,10,0.7517914012738853,0,17,None,66,1,5,False,1000,1000
7904,99,degCent,10,0.7530851910828026,0,17,None,66,1,5,False,1000,1000
7905,95,degCent,10,0.7490047770700637,0,21,None,66,1,5,False,1000,1000
7906,96,degCent,10,0.7496019108280255,0,21,None,66,1,5,False,1000,1000
7907,97,degCent,10,0.7514928343949044,0,21,None,66,1,5,False,1000,1000
7908,98,degCent,10,0.7530851910828026,0,21,None,66,1,5,False,1000,1000
7909,99,degCent,10,0.7535828025477707,0,21,None,66,1,5,False,1000,1000
7910,95,degCent,10,0.7565684713375797,0,24,None,66,1,5,False,1000,1000
7911,96,degCent,10,0.7578622611464968,0,24,None,66,1,5,False,1000,1000
7912,97,degCent,10,0.7606488853503185,0,24,None,66,1,5,False,1000,1000
7913,98,degCent,10,0.7625398089171974,0,24,None,66,1,5,False,1000,1000
7914,99,degCent,10,0.7640326433121019,0,24,None,66,1,5,False,1000,1000
7915,95,degCent,10,0.7346735668789809,0,27,None,66,1,5,False,1000,1000
7916,96,degCent,10,0.7360668789808917,0,27,None,66,1,5,False,1000,1000
7917,97,degCent,10,0.7347730891719745,0,27,None,66,1,5,False,1000,1000
7918,98,degCent,10,0.7358678343949044,0,27,None,66,1,5,False,1000,1000
7919,99,degCent,10,0.7360668789808917,0,27,None,66,1,5,False,1000,1000
7920,100,degCent,10,0.7327826433121019,0,16,None,66,1,5,False,1000,1000
7921,101,degCent,10,0.7337778662420382,0,16,None,66,1,5,False,1000,1000
7922,102,degCent,10,0.7349721337579618,0,16,None,66,1,5,False,1000,1000
7923,103,degCent,10,0.7357683121019108,0,16,None,66,1,5,False,1000,1000
7924,104,degCent,10,0.7360668789808917,0,16,None,66,1,5,False,1000,1000
7925,100,degCent,10,0.7569665605095541,0,32,None,66,1,5,False,1000,1000
7926,101,degCent,10,0.7582603503184714,0,32,None,66,1,5,False,1000,1000
7927,102,degCent,10,0.7592555732484076,0,32,None,66,1,5,False,1000,1000
7928,103,degCent,10,0.7601512738853503,0,32,None,66,1,5,False,1000,1000
7929,104,degCent,10,0.7622412420382165,0,32,None,66,1,5,False,1000,1000
7930,100,degCent,10,0.7401472929936306,0,22,None,66,1,5,False,1000,1000
7931,101,degCent,10,0.7426353503184714,0,22,None,66,1,5,False,1000,1000
7932,102,degCent,10,0.7442277070063694,0,22,None,66,1,5,False,1000,1000
7933,103,degCent,10,0.7450238853503185,0,22,None,66,1,5,False,1000,1000
7934,104,degCent,10,0.7458200636942676,0,22,None,66,1,5,False,1000,1000
7935,100,degCent,10,0.7449243630573248,0,26,None,66,1,5,False,1000,1000
7936,101,degCent,10,0.7452229299363057,0,26,None,66,1,5,False,1000,1000
7937,102,degCent,10,0.7463176751592356,0,26,None,66,1,5,False,1000,1000
7938,103,degCent,10,0.7468152866242038,0,26,None,66,1,5,False,1000,1000
7939,104,degCent,10,0.7484076433121019,0,26,None,66,1,5,False,1000,1000
7940,100,degCent,10,0.740843949044586,0,25,None,66,1,5,False,1000,1000
7941,101,degCent,10,0.7428343949044586,0,25,None,66,1,5,False,1000,1000
7942,102,degCent,10,0.7450238853503185,0,25,None,66,1,5,False,1000,1000
7943,103,degCent,10,0.7474124203821656,0,25,None,66,1,5,False,1000,1000
7944,104,degCent,10,0.7499004777070064,0,25,None,66,1,5,False,1000,1000
7945,100,degCent,10,0.7266122611464968,0,14,None,66,1,5,False,1000,1000
7946,101,degCent,10,0.7288017515923567,0,14,None,66,1,5,False,1000,1000
7947,102,degCent,10,0.7320859872611465,0,14,None,66,1,5,False,1000,1000
7948,103,degCent,10,0.7350716560509554,0,14,None,66,1,5,False,1000,1000
7949,104,degCent,10,0.7380573248407644,0,14,None,66,1,5,False,1000,1000
7950,100,degCent,10,0.7194466560509554,0,7,None,66,1,5,False,1000,1000
7951,101,degCent,10,0.7207404458598726,0,7,None,66,1,5,False,1000,1000
7952,102,degCent,10,0.7232285031847133,0,7,None,66,1,5,False,1000,1000
7953,103,degCent,10,0.7234275477707006,0,7,None,66,1,5,False,1000,1000
7954,104,degCent,10,0.7245222929936306,0,7,None,66,1,5,False,1000,1000
7955,100,degCent,10,0.7640326433121019,0,12,None,66,1,5,False,1000,1000
7956,101,degCent,10,0.7648288216560509,0,12,None,66,1,5,False,1000,1000
7957,102,degCent,10,0.7659235668789809,0,12,None,66,1,5,False,1000,1000
7958,103,degCent,10,0.7669187898089171,0,12,None,66,1,5,False,1000,1000
7959,104,degCent,10,0.7685111464968153,0,12,None,66,1,5,False,1000,1000
7960,100,degCent,10,0.7566679936305732,0,15,None,66,1,5,False,1000,1000
7961,101,degCent,10,0.757265127388535,0,15,None,66,1,5,False,1000,1000
7962,102,degCent,10,0.7578622611464968,0,15,None,66,1,5,False,1000,1000
7963,103,degCent,10,0.7588574840764332,0,15,None,66,1,5,False,1000,1000
7964,104,degCent,10,0.7582603503184714,0,15,None,66,1,5,False,1000,1000
7965,100,degCent,10,0.7378582802547771,0,20,None,66,1,5,False,1000,1000
7966,101,degCent,10,0.7397492038216561,0,20,None,66,1,5,False,1000,1000
7967,102,degCent,10,0.7453224522292994,0,20,None,66,1,5,False,1000,1000
7968,103,degCent,10,0.7472133757961783,0,20,None,66,1,5,False,1000,1000
7969,104,degCent,10,0.7501990445859873,0,20,None,66,1,5,False,1000,1000
7970,100,degCent,10,0.7506966560509554,0,10,None,66,1,5,False,1000,1000
7971,101,degCent,10,0.7507961783439491,0,10,None,66,1,5,False,1000,1000
7972,102,degCent,10,0.7528861464968153,0,10,None,66,1,5,False,1000,1000
7973,103,degCent,10,0.7540804140127388,0,10,None,66,1,5,False,1000,1000
7974,104,degCent,10,0.7553742038216561,0,10,None,66,1,5,False,1000,1000
7975,100,degCent,10,0.6906847133757962,0,11,None,66,1,5,False,1000,1000
7976,101,degCent,10,0.6917794585987261,0,11,None,66,1,5,False,1000,1000
7977,102,degCent,10,0.6933718152866242,0,11,None,66,1,5,False,1000,1000
7978,103,degCent,10,0.6942675159235668,0,11,None,66,1,5,False,1000,1000
7979,104,degCent,10,0.6959593949044586,0,11,None,66,1,5,False,1000,1000
7980,100,degCent,10,0.7542794585987261,0,17,None,66,1,5,False,1000,1000
7981,101,degCent,10,0.7552746815286624,0,17,None,66,1,5,False,1000,1000
7982,102,degCent,10,0.7557722929936306,0,17,None,66,1,5,False,1000,1000
7983,103,degCent,10,0.7565684713375797,0,17,None,66,1,5,False,1000,1000
7984,104,degCent,10,0.7581608280254777,0,17,None,66,1,5,False,1000,1000
7985,100,degCent,10,0.7322850318471338,0,1,None,66,1,5,False,1000,1000
7986,101,degCent,10,0.7338773885350318,0,1,None,66,1,5,False,1000,1000
7987,102,degCent,10,0.7349721337579618,0,1,None,66,1,5,False,1000,1000
7988,103,degCent,10,0.736265923566879,0,1,None,66,1,5,False,1000,1000
7989,104,degCent,10,0.7376592356687898,0,1,None,66,1,5,False,1000,1000
7990,100,degCent,10,0.7182523885350318,0,2,None,66,1,5,False,1000,1000
7991,101,degCent,10,0.7191480891719745,0,2,None,66,1,5,False,1000,1000
7992,102,degCent,10,0.7207404458598726,0,2,None,66,1,5,False,1000,1000
7993,103,degCent,10,0.7213375796178344,0,2,None,66,1,5,False,1000,1000
7994,104,degCent,10,0.7219347133757962,0,2,None,66,1,5,False,1000,1000
7995,100,degCent,10,0.7424363057324841,0,5,None,66,1,5,False,1000,1000
7996,101,degCent,10,0.7438296178343949,0,5,None,66,1,5,False,1000,1000
7997,102,degCent,10,0.7444267515923567,0,5,None,66,1,5,False,1000,1000
7998,103,degCent,10,0.7457205414012739,0,5,None,66,1,5,False,1000,1000
7999,104,degCent,10,0.7465167197452229,0,5,None,66,1,5,False,1000,1000
8000,100,degCent,10,0.7322850318471338,0,4,None,66,1,5,False,1000,1000
8001,101,degCent,10,0.7335788216560509,0,4,None,66,1,5,False,1000,1000
8002,102,degCent,10,0.7338773885350318,0,4,None,66,1,5,False,1000,1000
8003,103,degCent,10,0.73546974522293,0,4,None,66,1,5,False,1000,1000
8004,104,degCent,10,0.7366640127388535,0,4,None,66,1,5,False,1000,1000
8005,100,degCent,10,0.7602507961783439,0,9,None,66,1,5,False,1000,1000
8006,101,degCent,10,0.7615445859872612,0,9,None,66,1,5,False,1000,1000
8007,102,degCent,10,0.7625398089171974,0,9,None,66,1,5,False,1000,1000
8008,103,degCent,10,0.7632364649681529,0,9,None,66,1,5,False,1000,1000
8009,104,degCent,10,0.7646297770700637,0,9,None,66,1,5,False,1000,1000
8010,100,degCent,10,0.7673168789808917,0,13,None,66,1,5,False,1000,1000
8011,101,degCent,10,0.7695063694267515,0,13,None,66,1,5,False,1000,1000
8012,102,degCent,10,0.7691082802547771,0,13,None,66,1,5,False,1000,1000
8013,103,degCent,10,0.769406847133758,0,13,None,66,1,5,False,1000,1000
8014,104,degCent,10,0.7695063694267515,0,13,None,66,1,5,False,1000,1000
8015,100,degCent,10,0.6954617834394905,0,23,None,66,1,5,False,1000,1000
8016,101,degCent,10,0.6967555732484076,0,23,None,66,1,5,False,1000,1000
8017,102,degCent,10,0.6988455414012739,0,23,None,66,1,5,False,1000,1000
8018,103,degCent,10,0.7007364649681529,0,23,None,66,1,5,False,1000,1000
8019,104,degCent,10,0.7032245222929936,0,23,None,66,1,5,False,1000,1000
8020,100,degCent,10,0.6330613057324841,0,28,None,66,1,5,False,1000,1000
8021,101,degCent,10,0.65515525477707,0,28,None,66,1,5,False,1000,1000
8022,102,degCent,10,0.6630175159235668,0,28,None,66,1,5,False,1000,1000
8023,103,degCent,10,0.6681926751592356,0,28,None,66,1,5,False,1000,1000
8024,104,degCent,10,0.67078025477707,0,28,None,66,1,5,False,1000,1000
8025,100,degCent,10,0.7547770700636943,0,29,None,66,1,5,False,1000,1000
8026,101,degCent,10,0.7546775477707006,0,29,None,66,1,5,False,1000,1000
8027,102,degCent,10,0.7548765923566879,0,29,None,66,1,5,False,1000,1000
8028,103,degCent,10,0.7552746815286624,0,29,None,66,1,5,False,1000,1000
8029,104,degCent,10,0.7546775477707006,0,29,None,66,1,5,False,1000,1000
8030,100,degCent,10,0.755672770700637,0,21,None,66,1,5,False,1000,1000
8031,101,degCent,10,0.7573646496815286,0,21,None,66,1,5,False,1000,1000
8032,102,degCent,10,0.7576632165605095,0,21,None,66,1,5,False,1000,1000
8033,103,degCent,10,0.7576632165605095,0,21,None,66,1,5,False,1000,1000
8034,104,degCent,10,0.7582603503184714,0,21,None,66,1,5,False,1000,1000
8035,100,degCent,10,0.7636345541401274,0,24,None,66,1,5,False,1000,1000
8036,101,degCent,10,0.7657245222929936,0,24,None,66,1,5,False,1000,1000
8037,102,degCent,10,0.7658240445859873,0,24,None,66,1,5,False,1000,1000
8038,103,degCent,10,0.7668192675159236,0,24,None,66,1,5,False,1000,1000
8039,104,degCent,10,0.7682125796178344,0,24,None,66,1,5,False,1000,1000
8040,100,degCent,10,0.7307921974522293,0,0,None,66,1,5,False,1000,1000
8041,101,degCent,10,0.7315883757961783,0,0,None,66,1,5,False,1000,1000
8042,102,degCent,10,0.7328821656050956,0,0,None,66,1,5,False,1000,1000
8043,103,degCent,10,0.7348726114649682,0,0,None,66,1,5,False,1000,1000
8044,104,degCent,10,0.736265923566879,0,0,None,66,1,5,False,1000,1000
8045,100,degCent,10,0.7442277070063694,0,30,None,66,1,5,False,1000,1000
8046,101,degCent,10,0.7465167197452229,0,30,None,66,1,5,False,1000,1000
8047,102,degCent,10,0.7469148089171974,0,30,None,66,1,5,False,1000,1000
8048,103,degCent,10,0.7480095541401274,0,30,None,66,1,5,False,1000,1000
8049,104,degCent,10,0.7476114649681529,0,30,None,66,1,5,False,1000,1000
8050,100,degCent,10,0.75109474522293,0,6,None,66,1,5,False,1000,1000
8051,101,degCent,10,0.7505971337579618,0,6,None,66,1,5,False,1000,1000
8052,102,degCent,10,0.7509952229299363,0,6,None,66,1,5,False,1000,1000
8053,103,degCent,10,0.7519904458598726,0,6,None,66,1,5,False,1000,1000
8054,104,degCent,10,0.7520899681528662,0,6,None,66,1,5,False,1000,1000
8055,100,degCent,10,0.7385549363057324,0,27,None,66,1,5,False,1000,1000
8056,101,degCent,10,0.738953025477707,0,27,None,66,1,5,False,1000,1000
8057,102,degCent,10,0.7392515923566879,0,27,None,66,1,5,False,1000,1000
8058,103,degCent,10,0.7401472929936306,0,27,None,66,1,5,False,1000,1000
8059,104,degCent,10,0.7411425159235668,0,27,None,66,1,5,False,1000,1000
8060,100,degCent,10,0.7323845541401274,0,8,None,66,1,5,False,1000,1000
8061,101,degCent,10,0.7341759554140127,0,8,None,66,1,5,False,1000,1000
8062,102,degCent,10,0.7364649681528662,0,8,None,66,1,5,False,1000,1000
8063,103,degCent,10,0.7387539808917197,0,8,None,66,1,5,False,1000,1000
8064,104,degCent,10,0.741640127388535,0,8,None,66,1,5,False,1000,1000
8065,100,degCent,10,0.7480095541401274,0,3,None,66,1,5,False,1000,1000
8066,101,degCent,10,0.7479100318471338,0,3,None,66,1,5,False,1000,1000
8067,102,degCent,10,0.7483081210191083,0,3,None,66,1,5,False,1000,1000
8068,103,degCent,10,0.7483081210191083,0,3,None,66,1,5,False,1000,1000
8069,104,degCent,10,0.7495023885350318,0,3,None,66,1,5,False,1000,1000
8070,100,degCent,10,0.7466162420382165,0,18,None,66,1,5,False,1000,1000
8071,101,degCent,10,0.7488057324840764,0,18,None,66,1,5,False,1000,1000
8072,102,degCent,10,0.7497014331210191,0,18,None,66,1,5,False,1000,1000
8073,103,degCent,10,0.7505971337579618,0,18,None,66,1,5,False,1000,1000
8074,104,degCent,10,0.7505971337579618,0,18,None,66,1,5,False,1000,1000
8075,100,degCent,10,0.7520899681528662,0,19,None,66,1,5,False,1000,1000
8076,101,degCent,10,0.753781847133758,0,19,None,66,1,5,False,1000,1000
8077,102,degCent,10,0.7557722929936306,0,19,None,66,1,5,False,1000,1000
8078,103,degCent,10,0.7557722929936306,0,19,None,66,1,5,False,1000,1000
8079,104,degCent,10,0.7573646496815286,0,19,None,66,1,5,False,1000,1000
8080,100,degCent,10,0.7449243630573248,0,31,None,66,1,5,False,1000,1000
8081,101,degCent,10,0.747312898089172,0,31,None,66,1,5,False,1000,1000
8082,102,degCent,10,0.7479100318471338,0,31,None,66,1,5,False,1000,1000
8083,103,degCent,10,0.7479100318471338,0,31,None,66,1,5,False,1000,1000
8084,104,degCent,10,0.74890525477707,0,31,None,66,1,5,False,1000,1000
11220,105,degCent,10,0.7365644904458599,0,1,None,66,1,5,False,1000,1000
11221,106,degCent,10,0.7374601910828026,0,1,None,66,1,5,False,1000,1000
11222,107,degCent,10,0.7390525477707006,0,1,None,66,1,5,False,1000,1000
11223,108,degCent,10,0.7401472929936306,0,1,None,66,1,5,False,1000,1000
11224,109,degCent,10,0.7409434713375797,0,1,None,66,1,5,False,1000,1000
11225,105,degCent,10,0.7705015923566879,0,13,None,66,1,5,False,1000,1000
11226,106,degCent,10,0.771297770700637,0,13,None,66,1,5,False,1000,1000
11227,107,degCent,10,0.7717953821656051,0,13,None,66,1,5,False,1000,1000
11228,108,degCent,10,0.7722929936305732,0,13,None,66,1,5,False,1000,1000
11229,109,degCent,10,0.7730891719745223,0,13,None,66,1,5,False,1000,1000
11230,105,degCent,10,0.73546974522293,0,16,None,66,1,5,False,1000,1000
11231,106,degCent,10,0.7364649681528662,0,16,None,66,1,5,False,1000,1000
11232,107,degCent,10,0.7386544585987261,0,16,None,66,1,5,False,1000,1000
11233,108,degCent,10,0.7392515923566879,0,16,None,66,1,5,False,1000,1000
11234,109,degCent,10,0.7402468152866242,0,16,None,66,1,5,False,1000,1000
11235,105,degCent,10,0.7345740445859873,0,14,None,66,1,5,False,1000,1000
11236,106,degCent,10,0.738156847133758,0,14,None,66,1,5,False,1000,1000
11237,107,degCent,10,0.7418391719745223,0,14,None,66,1,5,False,1000,1000
11238,108,degCent,10,0.7447253184713376,0,14,None,66,1,5,False,1000,1000
11239,109,degCent,10,0.7466162420382165,0,14,None,66,1,5,False,1000,1000
11240,105,degCent,10,0.7439291401273885,0,22,None,66,1,5,False,1000,1000
11241,106,degCent,10,0.7459195859872612,0,22,None,66,1,5,False,1000,1000
11242,107,degCent,10,0.7470143312101911,0,22,None,66,1,5,False,1000,1000
11243,108,degCent,10,0.7486066878980892,0,22,None,66,1,5,False,1000,1000
11244,109,degCent,10,0.7493033439490446,0,22,None,66,1,5,False,1000,1000
11245,105,degCent,10,0.6988455414012739,0,23,None,66,1,5,False,1000,1000
11246,106,degCent,10,0.7005374203821656,0,23,None,66,1,5,False,1000,1000
11247,107,degCent,10,0.703125,0,23,None,66,1,5,False,1000,1000
11248,108,degCent,10,0.7057125796178344,0,23,None,66,1,5,False,1000,1000
11249,109,degCent,10,0.7079020700636943,0,23,None,66,1,5,False,1000,1000
11250,105,degCent,10,0.7438296178343949,0,25,None,66,1,5,False,1000,1000
11251,106,degCent,10,0.7476114649681529,0,25,None,66,1,5,False,1000,1000
11252,107,degCent,10,0.7506966560509554,0,25,None,66,1,5,False,1000,1000
11253,108,degCent,10,0.751890923566879,0,25,None,66,1,5,False,1000,1000
11254,109,degCent,10,0.7536823248407644,0,25,None,66,1,5,False,1000,1000
11255,105,degCent,10,0.7496019108280255,0,26,None,66,1,5,False,1000,1000
11256,106,degCent,10,0.7498009554140127,0,26,None,66,1,5,False,1000,1000
11257,107,degCent,10,0.7506966560509554,0,26,None,66,1,5,False,1000,1000
11258,108,degCent,10,0.7513933121019108,0,26,None,66,1,5,False,1000,1000
11259,109,degCent,10,0.7519904458598726,0,26,None,66,1,5,False,1000,1000
11260,105,degCent,10,0.7686106687898089,0,24,None,66,1,5,False,1000,1000
11261,106,degCent,10,0.7689092356687898,0,24,None,66,1,5,False,1000,1000
11262,107,degCent,10,0.7704020700636943,0,24,None,66,1,5,False,1000,1000
11263,108,degCent,10,0.7717953821656051,0,24,None,66,1,5,False,1000,1000
11264,109,degCent,10,0.7731886942675159,0,24,None,66,1,5,False,1000,1000
11265,105,degCent,10,0.7547770700636943,0,30,None,66,1,5,False,1000,1000
11266,106,degCent,10,0.7548765923566879,0,30,None,66,1,5,False,1000,1000
11267,107,degCent,10,0.7552746815286624,0,30,None,66,1,5,False,1000,1000
11268,108,degCent,10,0.7550756369426752,0,30,None,66,1,5,False,1000,1000
11269,109,degCent,10,0.7553742038216561,0,30,None,66,1,5,False,1000,1000
11270,105,degCent,10,0.7450238853503185,0,27,None,66,1,5,False,1000,1000
11271,106,degCent,10,0.7459195859872612,0,27,None,66,1,5,False,1000,1000
11272,107,degCent,10,0.7452229299363057,0,27,None,66,1,5,False,1000,1000
11273,108,degCent,10,0.7455214968152867,0,27,None,66,1,5,False,1000,1000
11274,109,degCent,10,0.7458200636942676,0,27,None,66,1,5,False,1000,1000
11275,105,degCent,10,0.7552746815286624,0,31,None,66,1,5,False,1000,1000
11276,106,degCent,10,0.7553742038216561,0,31,None,66,1,5,False,1000,1000
11277,107,degCent,10,0.7553742038216561,0,31,None,66,1,5,False,1000,1000
11278,108,degCent,10,0.7565684713375797,0,31,None,66,1,5,False,1000,1000
11279,109,degCent,10,0.757265127388535,0,31,None,66,1,5,False,1000,1000
11280,105,degCent,10,0.7612460191082803,0,32,None,66,1,5,False,1000,1000
11281,106,degCent,10,0.7619426751592356,0,32,None,66,1,5,False,1000,1000
11282,107,degCent,10,0.7633359872611465,0,32,None,66,1,5,False,1000,1000
11283,108,degCent,10,0.7644307324840764,0,32,None,66,1,5,False,1000,1000
11284,109,degCent,10,0.7651273885350318,0,32,None,66,1,5,False,1000,1000
11285,105,degCent,10,0.7561703821656051,0,6,None,66,1,5,False,1000,1000
11286,106,degCent,10,0.7563694267515924,0,6,None,66,1,5,False,1000,1000
11287,107,degCent,10,0.7567675159235668,0,6,None,66,1,5,False,1000,1000
11288,108,degCent,10,0.7573646496815286,0,6,None,66,1,5,False,1000,1000
11289,109,degCent,10,0.7579617834394905,0,6,None,66,1,5,False,1000,1000
11290,105,degCent,10,0.7222332802547771,0,2,None,66,1,5,False,1000,1000
11291,106,degCent,10,0.724422770700637,0,2,None,66,1,5,False,1000,1000
11292,107,degCent,10,0.7251194267515924,0,2,None,66,1,5,False,1000,1000
11293,108,degCent,10,0.7263136942675159,0,2,None,66,1,5,False,1000,1000
11294,109,degCent,10,0.7284036624203821,0,2,None,66,1,5,False,1000,1000
11295,105,degCent,10,0.7466162420382165,0,5,None,66,1,5,False,1000,1000
11296,106,degCent,10,0.748109076433121,0,5,None,66,1,5,False,1000,1000
11297,107,degCent,10,0.7486066878980892,0,5,None,66,1,5,False,1000,1000
11298,108,degCent,10,0.7493033439490446,0,5,None,66,1,5,False,1000,1000
11299,109,degCent,10,0.7501990445859873,0,5,None,66,1,5,False,1000,1000
11300,105,degCent,10,0.7211385350318471,0,7,None,66,1,5,False,1000,1000
11301,106,degCent,10,0.7230294585987261,0,7,None,66,1,5,False,1000,1000
11302,107,degCent,10,0.724422770700637,0,7,None,66,1,5,False,1000,1000
11303,108,degCent,10,0.726015127388535,0,7,None,66,1,5,False,1000,1000
11304,109,degCent,10,0.7267117834394905,0,7,None,66,1,5,False,1000,1000
11305,105,degCent,10,0.7602507961783439,0,17,None,66,1,5,False,1000,1000
11306,106,degCent,10,0.7607484076433121,0,17,None,66,1,5,False,1000,1000
11307,107,degCent,10,0.7623407643312102,0,17,None,66,1,5,False,1000,1000
11308,108,degCent,10,0.762937898089172,0,17,None,66,1,5,False,1000,1000
11309,109,degCent,10,0.7636345541401274,0,17,None,66,1,5,False,1000,1000
11310,105,degCent,10,0.7678144904458599,0,12,None,66,1,5,False,1000,1000
11311,106,degCent,10,0.768312101910828,0,12,None,66,1,5,False,1000,1000
11312,107,degCent,10,0.7696058917197452,0,12,None,66,1,5,False,1000,1000
11313,108,degCent,10,0.7707006369426752,0,12,None,66,1,5,False,1000,1000
11314,109,degCent,10,0.7706011146496815,0,12,None,66,1,5,False,1000,1000
11315,105,degCent,10,0.7401472929936306,0,20,None,66,1,5,False,1000,1000
11316,106,degCent,10,0.7453224522292994,0,20,None,66,1,5,False,1000,1000
11317,107,degCent,10,0.7496019108280255,0,20,None,66,1,5,False,1000,1000
11318,108,degCent,10,0.7513933121019108,0,20,None,66,1,5,False,1000,1000
11319,109,degCent,10,0.7549761146496815,0,20,None,66,1,5,False,1000,1000
11320,105,degCent,10,0.6374402866242038,0,28,None,66,1,5,False,1000,1000
11321,106,degCent,10,0.6602308917197452,0,28,None,66,1,5,False,1000,1000
11322,107,degCent,10,0.6692874203821656,0,28,None,66,1,5,False,1000,1000
11323,108,degCent,10,0.6747611464968153,0,28,None,66,1,5,False,1000,1000
11324,109,degCent,10,0.6761544585987261,0,28,None,66,1,5,False,1000,1000
11325,105,degCent,10,0.7390525477707006,0,4,None,66,1,5,False,1000,1000
11326,106,degCent,10,0.7406449044585988,0,4,None,66,1,5,False,1000,1000
11327,107,degCent,10,0.7421377388535032,0,4,None,66,1,5,False,1000,1000
11328,108,degCent,10,0.7418391719745223,0,4,None,66,1,5,False,1000,1000
11329,109,degCent,10,0.743531050955414,0,4,None,66,1,5,False,1000,1000
11330,105,degCent,10,0.7500995222929936,0,3,None,66,1,5,False,1000,1000
11331,106,degCent,10,0.7515923566878981,0,3,None,66,1,5,False,1000,1000
11332,107,degCent,10,0.7522890127388535,0,3,None,66,1,5,False,1000,1000
11333,108,degCent,10,0.753781847133758,0,3,None,66,1,5,False,1000,1000
11334,109,degCent,10,0.7536823248407644,0,3,None,66,1,5,False,1000,1000
11335,105,degCent,10,0.7578622611464968,0,10,None,66,1,5,False,1000,1000
11336,106,degCent,10,0.757265127388535,0,10,None,66,1,5,False,1000,1000
11337,107,degCent,10,0.7590565286624203,0,10,None,66,1,5,False,1000,1000
11338,108,degCent,10,0.7601512738853503,0,10,None,66,1,5,False,1000,1000
11339,109,degCent,10,0.7613455414012739,0,10,None,66,1,5,False,1000,1000
11340,105,degCent,10,0.6917794585987261,0,11,None,66,1,5,False,1000,1000
11341,106,degCent,10,0.693968949044586,0,11,None,66,1,5,False,1000,1000
11342,107,degCent,10,0.6952627388535032,0,11,None,66,1,5,False,1000,1000
11343,108,degCent,10,0.697452229299363,0,11,None,66,1,5,False,1000,1000
11344,109,degCent,10,0.6986464968152867,0,11,None,66,1,5,False,1000,1000
11345,105,degCent,10,0.7611464968152867,0,15,None,66,1,5,False,1000,1000
11346,106,degCent,10,0.761046974522293,0,15,None,66,1,5,False,1000,1000
11347,107,degCent,10,0.7615445859872612,0,15,None,66,1,5,False,1000,1000
11348,108,degCent,10,0.7620421974522293,0,15,None,66,1,5,False,1000,1000
11349,109,degCent,10,0.7612460191082803,0,15,None,66,1,5,False,1000,1000
11350,105,degCent,10,0.7507961783439491,0,18,None,66,1,5,False,1000,1000
11351,106,degCent,10,0.7525875796178344,0,18,None,66,1,5,False,1000,1000
11352,107,degCent,10,0.7530851910828026,0,18,None,66,1,5,False,1000,1000
11353,108,degCent,10,0.7540804140127388,0,18,None,66,1,5,False,1000,1000
11354,109,degCent,10,0.7551751592356688,0,18,None,66,1,5,False,1000,1000
11355,105,degCent,10,0.7392515923566879,0,8,None,66,1,5,False,1000,1000
11356,106,degCent,10,0.7412420382165605,0,8,None,66,1,5,False,1000,1000
11357,107,degCent,10,0.7429339171974523,0,8,None,66,1,5,False,1000,1000
11358,108,degCent,10,0.7437300955414012,0,8,None,66,1,5,False,1000,1000
11359,109,degCent,10,0.7447253184713376,0,8,None,66,1,5,False,1000,1000
11360,105,degCent,10,0.7588574840764332,0,19,None,66,1,5,False,1000,1000
11361,106,degCent,10,0.7619426751592356,0,19,None,66,1,5,False,1000,1000
11362,107,degCent,10,0.7631369426751592,0,19,None,66,1,5,False,1000,1000
11363,108,degCent,10,0.7644307324840764,0,19,None,66,1,5,False,1000,1000
11364,109,degCent,10,0.7654259554140127,0,19,None,66,1,5,False,1000,1000
11365,105,degCent,10,0.7577627388535032,0,21,None,66,1,5,False,1000,1000
11366,106,degCent,10,0.7590565286624203,0,21,None,66,1,5,False,1000,1000
11367,107,degCent,10,0.759952229299363,0,21,None,66,1,5,False,1000,1000
11368,108,degCent,10,0.7598527070063694,0,21,None,66,1,5,False,1000,1000
11369,109,degCent,10,0.7604498407643312,0,21,None,66,1,5,False,1000,1000
11370,105,degCent,10,0.7660230891719745,0,9,None,66,1,5,False,1000,1000
11371,106,degCent,10,0.7673168789808917,0,9,None,66,1,5,False,1000,1000
11372,107,degCent,10,0.7679140127388535,0,9,None,66,1,5,False,1000,1000
11373,108,degCent,10,0.7693073248407644,0,9,None,66,1,5,False,1000,1000
11374,109,degCent,10,0.769406847133758,0,9,None,66,1,5,False,1000,1000
11375,105,degCent,10,0.7383558917197452,0,0,None,66,1,5,False,1000,1000
11376,106,degCent,10,0.7397492038216561,0,0,None,66,1,5,False,1000,1000
11377,107,degCent,10,0.7410429936305732,0,0,None,66,1,5,False,1000,1000
11378,108,degCent,10,0.7420382165605095,0,0,None,66,1,5,False,1000,1000
11379,109,degCent,10,0.743531050955414,0,0,None,66,1,5,False,1000,1000
11380,105,degCent,10,0.758359872611465,0,29,None,66,1,5,False,1000,1000
11381,106,degCent,10,0.758359872611465,0,29,None,66,1,5,False,1000,1000
11382,107,degCent,10,0.7576632165605095,0,29,None,66,1,5,False,1000,1000
11383,108,degCent,10,0.7565684713375797,0,29,None,66,1,5,False,1000,1000
11384,109,degCent,10,0.7567675159235668,0,29,None,66,1,5,False,1000,1000
11385,110,degCent,10,0.7386544585987261,0,16,None,66,1,5,False,1000,1000
11386,111,degCent,10,0.7404458598726115,0,16,None,66,1,5,False,1000,1000
11387,112,degCent,10,0.7411425159235668,0,16,None,66,1,5,False,1000,1000
11388,113,degCent,10,0.7413415605095541,0,16,None,66,1,5,False,1000,1000
11389,114,degCent,10,0.7422372611464968,0,16,None,66,1,5,False,1000,1000
11390,110,degCent,10,0.7442277070063694,0,8,None,66,1,5,False,1000,1000
11391,111,degCent,10,0.7456210191082803,0,8,None,66,1,5,False,1000,1000
11392,112,degCent,10,0.7463176751592356,0,8,None,66,1,5,False,1000,1000
11393,113,degCent,10,0.7485071656050956,0,8,None,66,1,5,False,1000,1000
11394,114,degCent,10,0.7504976114649682,0,8,None,66,1,5,False,1000,1000
11395,110,degCent,10,0.7640326433121019,0,32,None,66,1,5,False,1000,1000
11396,111,degCent,10,0.7641321656050956,0,32,None,66,1,5,False,1000,1000
11397,112,degCent,10,0.7642316878980892,0,32,None,66,1,5,False,1000,1000
11398,113,degCent,10,0.7655254777070064,0,32,None,66,1,5,False,1000,1000
11399,114,degCent,10,0.7669187898089171,0,32,None,66,1,5,False,1000,1000
11400,110,degCent,10,0.7661226114649682,0,19,None,66,1,5,False,1000,1000
11401,111,degCent,10,0.7665207006369427,0,19,None,66,1,5,False,1000,1000
11402,112,degCent,10,0.7676154458598726,0,19,None,66,1,5,False,1000,1000
11403,113,degCent,10,0.7685111464968153,0,19,None,66,1,5,False,1000,1000
11404,114,degCent,10,0.7693073248407644,0,19,None,66,1,5,False,1000,1000
11405,110,degCent,10,0.7620421974522293,0,21,None,66,1,5,False,1000,1000
11406,111,degCent,10,0.7624402866242038,0,21,None,66,1,5,False,1000,1000
11407,112,degCent,10,0.7620421974522293,0,21,None,66,1,5,False,1000,1000
11408,113,degCent,10,0.7634355095541401,0,21,None,66,1,5,False,1000,1000
11409,114,degCent,10,0.7638335987261147,0,21,None,66,1,5,False,1000,1000
11410,110,degCent,10,0.6957603503184714,0,11,None,66,1,5,False,1000,1000
11411,111,degCent,10,0.6972531847133758,0,11,None,66,1,5,False,1000,1000
11412,112,degCent,10,0.6992436305732485,0,11,None,66,1,5,False,1000,1000
11413,113,degCent,10,0.7014331210191083,0,11,None,66,1,5,False,1000,1000
11414,114,degCent,10,0.7035230891719745,0,11,None,66,1,5,False,1000,1000
11415,110,degCent,10,0.7223328025477707,0,7,None,66,1,5,False,1000,1000
11416,111,degCent,10,0.7245222929936306,0,7,None,66,1,5,False,1000,1000
11417,112,degCent,10,0.7268113057324841,0,7,None,66,1,5,False,1000,1000
11418,113,degCent,10,0.7284036624203821,0,7,None,66,1,5,False,1000,1000
11419,114,degCent,10,0.7288017515923567,0,7,None,66,1,5,False,1000,1000
11420,110,degCent,10,0.7660230891719745,0,17,None,66,1,5,False,1000,1000
11421,111,degCent,10,0.7664211783439491,0,17,None,66,1,5,False,1000,1000
11422,112,degCent,10,0.7678144904458599,0,17,None,66,1,5,False,1000,1000
11423,113,degCent,10,0.7689092356687898,0,17,None,66,1,5,False,1000,1000
11424,114,degCent,10,0.7686106687898089,0,17,None,66,1,5,False,1000,1000
11425,110,degCent,10,0.7551751592356688,0,18,None,66,1,5,False,1000,1000
11426,111,degCent,10,0.7554737261146497,0,18,None,66,1,5,False,1000,1000
11427,112,degCent,10,0.756468949044586,0,18,None,66,1,5,False,1000,1000
11428,113,degCent,10,0.7573646496815286,0,18,None,66,1,5,False,1000,1000
11429,114,degCent,10,0.758359872611465,0,18,None,66,1,5,False,1000,1000
11430,110,degCent,10,0.745421974522293,0,20,None,66,1,5,False,1000,1000
11431,111,degCent,10,0.7499004777070064,0,20,None,66,1,5,False,1000,1000
11432,112,degCent,10,0.7548765923566879,0,20,None,66,1,5,False,1000,1000
11433,113,degCent,10,0.7558718152866242,0,20,None,66,1,5,False,1000,1000
11434,114,degCent,10,0.7605493630573248,0,20,None,66,1,5,False,1000,1000
11435,110,degCent,10,0.7634355095541401,0,29,None,66,1,5,False,1000,1000
11436,111,degCent,10,0.7631369426751592,0,29,None,66,1,5,False,1000,1000
11437,112,degCent,10,0.7627388535031847,0,29,None,66,1,5,False,1000,1000
11438,113,degCent,10,0.7625398089171974,0,29,None,66,1,5,False,1000,1000
11439,114,degCent,10,0.7623407643312102,0,29,None,66,1,5,False,1000,1000
11440,110,degCent,10,0.738953025477707,0,1,None,66,1,5,False,1000,1000
11441,111,degCent,10,0.7404458598726115,0,1,None,66,1,5,False,1000,1000
11442,112,degCent,10,0.7415406050955414,0,1,None,66,1,5,False,1000,1000
11443,113,degCent,10,0.7424363057324841,0,1,None,66,1,5,False,1000,1000
11444,114,degCent,10,0.7436305732484076,0,1,None,66,1,5,False,1000,1000
11445,110,degCent,10,0.7274084394904459,0,2,None,66,1,5,False,1000,1000
11446,111,degCent,10,0.7291003184713376,0,2,None,66,1,5,False,1000,1000
11447,112,degCent,10,0.7300955414012739,0,2,None,66,1,5,False,1000,1000
11448,113,degCent,10,0.7311902866242038,0,2,None,66,1,5,False,1000,1000
11449,114,degCent,10,0.7311902866242038,0,2,None,66,1,5,False,1000,1000
11450,110,degCent,10,0.7513933121019108,0,5,None,66,1,5,False,1000,1000
11451,111,degCent,10,0.7530851910828026,0,5,None,66,1,5,False,1000,1000
11452,112,degCent,10,0.7541799363057324,0,5,None,66,1,5,False,1000,1000
11453,113,degCent,10,0.7549761146496815,0,5,None,66,1,5,False,1000,1000
11454,114,degCent,10,0.7557722929936306,0,5,None,66,1,5,False,1000,1000
11455,110,degCent,10,0.7023288216560509,0,23,None,66,1,5,False,1000,1000
11456,111,degCent,10,0.7045183121019108,0,23,None,66,1,5,False,1000,1000
11457,112,degCent,10,0.7070063694267515,0,23,None,66,1,5,False,1000,1000
11458,113,degCent,10,0.7081011146496815,0,23,None,66,1,5,False,1000,1000
11459,114,degCent,10,0.711484872611465,0,23,None,66,1,5,False,1000,1000
11460,110,degCent,10,0.7449243630573248,0,4,None,66,1,5,False,1000,1000
11461,111,degCent,10,0.7459195859872612,0,4,None,66,1,5,False,1000,1000
11462,112,degCent,10,0.7466162420382165,0,4,None,66,1,5,False,1000,1000
11463,113,degCent,10,0.7479100318471338,0,4,None,66,1,5,False,1000,1000
11464,114,degCent,10,0.7485071656050956,0,4,None,66,1,5,False,1000,1000
11465,110,degCent,10,0.7721934713375797,0,24,None,66,1,5,False,1000,1000
11466,111,degCent,10,0.7740843949044586,0,24,None,66,1,5,False,1000,1000
11467,112,degCent,10,0.7751791401273885,0,24,None,66,1,5,False,1000,1000
11468,113,degCent,10,0.776671974522293,0,24,None,66,1,5,False,1000,1000
11469,114,degCent,10,0.7772691082802548,0,24,None,66,1,5,False,1000,1000
11470,110,degCent,10,0.7483081210191083,0,27,None,66,1,5,False,1000,1000
11471,111,degCent,10,0.7492038216560509,0,27,None,66,1,5,False,1000,1000
11472,112,degCent,10,0.75,0,27,None,66,1,5,False,1000,1000
11473,113,degCent,10,0.7508957006369427,0,27,None,66,1,5,False,1000,1000
11474,114,degCent,10,0.7515923566878981,0,27,None,66,1,5,False,1000,1000
11475,110,degCent,10,0.7592555732484076,0,30,None,66,1,5,False,1000,1000
11476,111,degCent,10,0.7598527070063694,0,30,None,66,1,5,False,1000,1000
11477,112,degCent,10,0.7609474522292994,0,30,None,66,1,5,False,1000,1000
11478,113,degCent,10,0.7614450636942676,0,30,None,66,1,5,False,1000,1000
11479,114,degCent,10,0.7612460191082803,0,30,None,66,1,5,False,1000,1000
11480,110,degCent,10,0.7589570063694268,0,31,None,66,1,5,False,1000,1000
11481,111,degCent,10,0.759952229299363,0,31,None,66,1,5,False,1000,1000
11482,112,degCent,10,0.7600517515923567,0,31,None,66,1,5,False,1000,1000
11483,113,degCent,10,0.761046974522293,0,31,None,66,1,5,False,1000,1000
11484,114,degCent,10,0.7619426751592356,0,31,None,66,1,5,False,1000,1000
11485,110,degCent,10,0.6414211783439491,0,28,None,66,1,5,False,1000,1000
11486,111,degCent,10,0.6631170382165605,0,28,None,66,1,5,False,1000,1000
11487,112,degCent,10,0.6744625796178344,0,28,None,66,1,5,False,1000,1000
11488,113,degCent,10,0.6787420382165605,0,28,None,66,1,5,False,1000,1000
11489,114,degCent,10,0.681031050955414,0,28,None,66,1,5,False,1000,1000
11490,110,degCent,10,0.7447253184713376,0,0,None,66,1,5,False,1000,1000
11491,111,degCent,10,0.7455214968152867,0,0,None,66,1,5,False,1000,1000
11492,112,degCent,10,0.7465167197452229,0,0,None,66,1,5,False,1000,1000
11493,113,degCent,10,0.7472133757961783,0,0,None,66,1,5,False,1000,1000
11494,114,degCent,10,0.7488057324840764,0,0,None,66,1,5,False,1000,1000
11495,110,degCent,10,0.763734076433121,0,15,None,66,1,5,False,1000,1000
11496,111,degCent,10,0.7636345541401274,0,15,None,66,1,5,False,1000,1000
11497,112,degCent,10,0.7641321656050956,0,15,None,66,1,5,False,1000,1000
11498,113,degCent,10,0.763734076433121,0,15,None,66,1,5,False,1000,1000
11499,114,degCent,10,0.7648288216560509,0,15,None,66,1,5,False,1000,1000
11500,110,degCent,10,0.7640326433121019,0,10,None,66,1,5,False,1000,1000
11501,111,degCent,10,0.7648288216560509,0,10,None,66,1,5,False,1000,1000
11502,112,degCent,10,0.7671178343949044,0,10,None,66,1,5,False,1000,1000
11503,113,degCent,10,0.7678144904458599,0,10,None,66,1,5,False,1000,1000
11504,114,degCent,10,0.7686106687898089,0,10,None,66,1,5,False,1000,1000
11505,110,degCent,10,0.7714968152866242,0,12,None,66,1,5,False,1000,1000
11506,111,degCent,10,0.7725915605095541,0,12,None,66,1,5,False,1000,1000
11507,112,degCent,10,0.7736863057324841,0,12,None,66,1,5,False,1000,1000
11508,113,degCent,10,0.773984872611465,0,12,None,66,1,5,False,1000,1000
11509,114,degCent,10,0.7761743630573248,0,12,None,66,1,5,False,1000,1000
11510,110,degCent,10,0.774781050955414,0,13,None,66,1,5,False,1000,1000
11511,111,degCent,10,0.7749800955414012,0,13,None,66,1,5,False,1000,1000
11512,112,degCent,10,0.7761743630573248,0,13,None,66,1,5,False,1000,1000
11513,113,degCent,10,0.7765724522292994,0,13,None,66,1,5,False,1000,1000
11514,114,degCent,10,0.7782643312101911,0,13,None,66,1,5,False,1000,1000
11515,110,degCent,10,0.7528861464968153,0,3,None,66,1,5,False,1000,1000
11516,111,degCent,10,0.753781847133758,0,3,None,66,1,5,False,1000,1000
11517,112,degCent,10,0.7552746815286624,0,3,None,66,1,5,False,1000,1000
11518,113,degCent,10,0.7559713375796179,0,3,None,66,1,5,False,1000,1000
11519,114,degCent,10,0.7557722929936306,0,3,None,66,1,5,False,1000,1000
11520,110,degCent,10,0.7493033439490446,0,25,None,66,1,5,False,1000,1000
11521,111,degCent,10,0.7522890127388535,0,25,None,66,1,5,False,1000,1000
11522,112,degCent,10,0.7536823248407644,0,25,None,66,1,5,False,1000,1000
11523,113,degCent,10,0.7551751592356688,0,25,None,66,1,5,False,1000,1000
11524,114,degCent,10,0.7577627388535032,0,25,None,66,1,5,False,1000,1000
11525,110,degCent,10,0.7533837579617835,0,26,None,66,1,5,False,1000,1000
11526,111,degCent,10,0.7540804140127388,0,26,None,66,1,5,False,1000,1000
11527,112,degCent,10,0.7547770700636943,0,26,None,66,1,5,False,1000,1000
11528,113,degCent,10,0.7552746815286624,0,26,None,66,1,5,False,1000,1000
11529,114,degCent,10,0.7561703821656051,0,26,None,66,1,5,False,1000,1000
11530,110,degCent,10,0.759156050955414,0,6,None,66,1,5,False,1000,1000
11531,111,degCent,10,0.7595541401273885,0,6,None,66,1,5,False,1000,1000
11532,112,degCent,10,0.7602507961783439,0,6,None,66,1,5,False,1000,1000
11533,113,degCent,10,0.7606488853503185,0,6,None,66,1,5,False,1000,1000
11534,114,degCent,10,0.7615445859872612,0,6,None,66,1,5,False,1000,1000
11535,110,degCent,10,0.7700039808917197,0,9,None,66,1,5,False,1000,1000
11536,111,degCent,10,0.7707006369426752,0,9,None,66,1,5,False,1000,1000
11537,112,degCent,10,0.7718949044585988,0,9,None,66,1,5,False,1000,1000
11538,113,degCent,10,0.7724920382165605,0,9,None,66,1,5,False,1000,1000
11539,114,degCent,10,0.7725915605095541,0,9,None,66,1,5,False,1000,1000
11540,110,degCent,10,0.7477109872611465,0,22,None,66,1,5,False,1000,1000
11541,111,degCent,10,0.7495023885350318,0,22,None,66,1,5,False,1000,1000
11542,112,degCent,10,0.7516918789808917,0,22,None,66,1,5,False,1000,1000
11543,113,degCent,10,0.7524880573248408,0,22,None,66,1,5,False,1000,1000
11544,114,degCent,10,0.7534832802547771,0,22,None,66,1,5,False,1000,1000
11545,110,degCent,10,0.7430334394904459,0,14,None,66,1,5,False,1000,1000
11546,111,degCent,10,0.7453224522292994,0,14,None,66,1,5,False,1000,1000
11547,112,degCent,10,0.7480095541401274,0,14,None,66,1,5,False,1000,1000
11548,113,degCent,10,0.74890525477707,0,14,None,66,1,5,False,1000,1000
11549,114,degCent,10,0.7500995222929936,0,14,None,66,1,5,False,1000,1000
11550,115,degCent,10,0.7693073248407644,0,19,None,66,1,5,False,1000,1000
11551,116,degCent,10,0.7701035031847133,0,19,None,66,1,5,False,1000,1000
11552,117,degCent,10,0.7709992038216561,0,19,None,66,1,5,False,1000,1000
11553,118,degCent,10,0.7718949044585988,0,19,None,66,1,5,False,1000,1000
11554,119,degCent,10,0.7730891719745223,0,19,None,66,1,5,False,1000,1000
11555,115,degCent,10,0.7612460191082803,0,30,None,66,1,5,False,1000,1000
11556,116,degCent,10,0.7633359872611465,0,30,None,66,1,5,False,1000,1000
11557,117,degCent,10,0.7642316878980892,0,30,None,66,1,5,False,1000,1000
11558,118,degCent,10,0.7655254777070064,0,30,None,66,1,5,False,1000,1000
11559,119,degCent,10,0.7661226114649682,0,30,None,66,1,5,False,1000,1000
11560,115,degCent,10,0.7668192675159236,0,31,None,66,1,5,False,1000,1000
11561,116,degCent,10,0.7662221337579618,0,31,None,66,1,5,False,1000,1000
11562,117,degCent,10,0.7661226114649682,0,31,None,66,1,5,False,1000,1000
11563,118,degCent,10,0.7663216560509554,0,31,None,66,1,5,False,1000,1000
11564,119,degCent,10,0.7676154458598726,0,31,None,66,1,5,False,1000,1000
11565,115,degCent,10,0.7813495222929936,0,13,None,66,1,5,False,1000,1000
11566,116,degCent,10,0.7816480891719745,0,13,None,66,1,5,False,1000,1000
11567,117,degCent,10,0.7817476114649682,0,13,None,66,1,5,False,1000,1000
11568,118,degCent,10,0.7824442675159236,0,13,None,66,1,5,False,1000,1000
11569,119,degCent,10,0.7832404458598726,0,13,None,66,1,5,False,1000,1000
11570,115,degCent,10,0.7558718152866242,0,26,None,66,1,5,False,1000,1000
11571,116,degCent,10,0.7558718152866242,0,26,None,66,1,5,False,1000,1000
11572,117,degCent,10,0.7567675159235668,0,26,None,66,1,5,False,1000,1000
11573,118,degCent,10,0.7584593949044586,0,26,None,66,1,5,False,1000,1000
11574,119,degCent,10,0.7585589171974523,0,26,None,66,1,5,False,1000,1000
11575,115,degCent,10,0.741640127388535,0,16,None,66,1,5,False,1000,1000
11576,116,degCent,10,0.743531050955414,0,16,None,66,1,5,False,1000,1000
11577,117,degCent,10,0.7442277070063694,0,16,None,66,1,5,False,1000,1000
11578,118,degCent,10,0.7448248407643312,0,16,None,66,1,5,False,1000,1000
11579,119,degCent,10,0.7456210191082803,0,16,None,66,1,5,False,1000,1000
11580,115,degCent,10,0.7310907643312102,0,2,None,66,1,5,False,1000,1000
11581,116,degCent,10,0.7333797770700637,0,2,None,66,1,5,False,1000,1000
11582,117,degCent,10,0.7345740445859873,0,2,None,66,1,5,False,1000,1000
11583,118,degCent,10,0.7348726114649682,0,2,None,66,1,5,False,1000,1000
11584,119,degCent,10,0.73546974522293,0,2,None,66,1,5,False,1000,1000
11585,115,degCent,10,0.754578025477707,0,5,None,66,1,5,False,1000,1000
11586,116,degCent,10,0.7560708598726115,0,5,None,66,1,5,False,1000,1000
11587,117,degCent,10,0.7570660828025477,0,5,None,66,1,5,False,1000,1000
11588,118,degCent,10,0.7577627388535032,0,5,None,66,1,5,False,1000,1000
11589,119,degCent,10,0.7586584394904459,0,5,None,66,1,5,False,1000,1000
11590,115,degCent,10,0.7237261146496815,0,7,None,66,1,5,False,1000,1000
11591,116,degCent,10,0.7258160828025477,0,7,None,66,1,5,False,1000,1000
11592,117,degCent,10,0.7282046178343949,0,7,None,66,1,5,False,1000,1000
11593,118,degCent,10,0.7282046178343949,0,7,None,66,1,5,False,1000,1000
11594,119,degCent,10,0.7301950636942676,0,7,None,66,1,5,False,1000,1000
11595,115,degCent,10,0.6948646496815286,0,11,None,66,1,5,False,1000,1000
11596,116,degCent,10,0.6971536624203821,0,11,None,66,1,5,False,1000,1000
11597,117,degCent,10,0.6997412420382165,0,11,None,66,1,5,False,1000,1000
11598,118,degCent,10,0.7025278662420382,0,11,None,66,1,5,False,1000,1000
11599,119,degCent,10,0.7045183121019108,0,11,None,66,1,5,False,1000,1000
11600,115,degCent,10,0.7682125796178344,0,15,None,66,1,5,False,1000,1000
11601,116,degCent,10,0.7680135350318471,0,15,None,66,1,5,False,1000,1000
11602,117,degCent,10,0.7677149681528662,0,15,None,66,1,5,False,1000,1000
11603,118,degCent,10,0.7692078025477707,0,15,None,66,1,5,False,1000,1000
11604,119,degCent,10,0.7693073248407644,0,15,None,66,1,5,False,1000,1000
11605,115,degCent,10,0.7562699044585988,0,18,None,66,1,5,False,1000,1000
11606,116,degCent,10,0.7567675159235668,0,18,None,66,1,5,False,1000,1000
11607,117,degCent,10,0.7576632165605095,0,18,None,66,1,5,False,1000,1000
11608,118,degCent,10,0.7586584394904459,0,18,None,66,1,5,False,1000,1000
11609,119,degCent,10,0.7597531847133758,0,18,None,66,1,5,False,1000,1000
11610,115,degCent,10,0.6439092356687898,0,28,None,66,1,5,False,1000,1000
11611,116,degCent,10,0.6693869426751592,0,28,None,66,1,5,False,1000,1000
11612,117,degCent,10,0.6781449044585988,0,28,None,66,1,5,False,1000,1000
11613,118,degCent,10,0.6825238853503185,0,28,None,66,1,5,False,1000,1000
11614,119,degCent,10,0.6852109872611465,0,28,None,66,1,5,False,1000,1000
11615,115,degCent,10,0.74890525477707,0,25,None,66,1,5,False,1000,1000
11616,116,degCent,10,0.7522890127388535,0,25,None,66,1,5,False,1000,1000
11617,117,degCent,10,0.7554737261146497,0,25,None,66,1,5,False,1000,1000
11618,118,degCent,10,0.757265127388535,0,25,None,66,1,5,False,1000,1000
11619,119,degCent,10,0.7590565286624203,0,25,None,66,1,5,False,1000,1000
11620,115,degCent,10,0.7741839171974523,0,12,None,66,1,5,False,1000,1000
11621,116,degCent,10,0.7743829617834395,0,12,None,66,1,5,False,1000,1000
11622,117,degCent,10,0.7758757961783439,0,12,None,66,1,5,False,1000,1000
11623,118,degCent,10,0.7771695859872612,0,12,None,66,1,5,False,1000,1000
11624,119,degCent,10,0.7790605095541401,0,12,None,66,1,5,False,1000,1000
11625,115,degCent,10,0.7681130573248408,0,29,None,66,1,5,False,1000,1000
11626,116,degCent,10,0.7682125796178344,0,29,None,66,1,5,False,1000,1000
11627,117,degCent,10,0.7668192675159236,0,29,None,66,1,5,False,1000,1000
11628,118,degCent,10,0.767515923566879,0,29,None,66,1,5,False,1000,1000
11629,119,degCent,10,0.7672173566878981,0,29,None,66,1,5,False,1000,1000
11630,115,degCent,10,0.7750796178343949,0,9,None,66,1,5,False,1000,1000
11631,116,degCent,10,0.774781050955414,0,9,None,66,1,5,False,1000,1000
11632,117,degCent,10,0.774781050955414,0,9,None,66,1,5,False,1000,1000
11633,118,degCent,10,0.7751791401273885,0,9,None,66,1,5,False,1000,1000
11634,119,degCent,10,0.7761743630573248,0,9,None,66,1,5,False,1000,1000
11635,115,degCent,10,0.7487062101910829,0,14,None,66,1,5,False,1000,1000
11636,116,degCent,10,0.7534832802547771,0,14,None,66,1,5,False,1000,1000
11637,117,degCent,10,0.7550756369426752,0,14,None,66,1,5,False,1000,1000
11638,118,degCent,10,0.7563694267515924,0,14,None,66,1,5,False,1000,1000
11639,119,degCent,10,0.7579617834394905,0,14,None,66,1,5,False,1000,1000
11640,115,degCent,10,0.7488057324840764,0,4,None,66,1,5,False,1000,1000
11641,116,degCent,10,0.7491042993630573,0,4,None,66,1,5,False,1000,1000
11642,117,degCent,10,0.7509952229299363,0,4,None,66,1,5,False,1000,1000
11643,118,degCent,10,0.7514928343949044,0,4,None,66,1,5,False,1000,1000
11644,119,degCent,10,0.753781847133758,0,4,None,66,1,5,False,1000,1000
11645,115,degCent,10,0.7570660828025477,0,3,None,66,1,5,False,1000,1000
11646,116,degCent,10,0.7569665605095541,0,3,None,66,1,5,False,1000,1000
11647,117,degCent,10,0.7577627388535032,0,3,None,66,1,5,False,1000,1000
11648,118,degCent,10,0.7586584394904459,0,3,None,66,1,5,False,1000,1000
11649,119,degCent,10,0.759156050955414,0,3,None,66,1,5,False,1000,1000
11650,115,degCent,10,0.7630374203821656,0,6,None,66,1,5,False,1000,1000
11651,116,degCent,10,0.7623407643312102,0,6,None,66,1,5,False,1000,1000
11652,117,degCent,10,0.7641321656050956,0,6,None,66,1,5,False,1000,1000
11653,118,degCent,10,0.7652269108280255,0,6,None,66,1,5,False,1000,1000
11654,119,degCent,10,0.7668192675159236,0,6,None,66,1,5,False,1000,1000
11655,115,degCent,10,0.7483081210191083,0,8,None,66,1,5,False,1000,1000
11656,116,degCent,10,0.7511942675159236,0,8,None,66,1,5,False,1000,1000
11657,117,degCent,10,0.7525875796178344,0,8,None,66,1,5,False,1000,1000
11658,118,degCent,10,0.7535828025477707,0,8,None,66,1,5,False,1000,1000
11659,119,degCent,10,0.7550756369426752,0,8,None,66,1,5,False,1000,1000
11660,115,degCent,10,0.7674164012738853,0,10,None,66,1,5,False,1000,1000
11661,116,degCent,10,0.7695063694267515,0,10,None,66,1,5,False,1000,1000
11662,117,degCent,10,0.7706011146496815,0,10,None,66,1,5,False,1000,1000
11663,118,degCent,10,0.7715963375796179,0,10,None,66,1,5,False,1000,1000
11664,119,degCent,10,0.7733877388535032,0,10,None,66,1,5,False,1000,1000
11665,115,degCent,10,0.7493033439490446,0,20,None,66,1,5,False,1000,1000
11666,116,degCent,10,0.7530851910828026,0,20,None,66,1,5,False,1000,1000
11667,117,degCent,10,0.7570660828025477,0,20,None,66,1,5,False,1000,1000
11668,118,degCent,10,0.7608479299363057,0,20,None,66,1,5,False,1000,1000
11669,119,degCent,10,0.7649283439490446,0,20,None,66,1,5,False,1000,1000
11670,115,degCent,10,0.7525875796178344,0,22,None,66,1,5,False,1000,1000
11671,116,degCent,10,0.7531847133757962,0,22,None,66,1,5,False,1000,1000
11672,117,degCent,10,0.7552746815286624,0,22,None,66,1,5,False,1000,1000
11673,118,degCent,10,0.7573646496815286,0,22,None,66,1,5,False,1000,1000
11674,119,degCent,10,0.7587579617834395,0,22,None,66,1,5,False,1000,1000
11675,115,degCent,10,0.7063097133757962,0,23,None,66,1,5,False,1000,1000
11676,116,degCent,10,0.707703025477707,0,23,None,66,1,5,False,1000,1000
11677,117,degCent,10,0.7101910828025477,0,23,None,66,1,5,False,1000,1000
11678,118,degCent,10,0.712281050955414,0,23,None,66,1,5,False,1000,1000
11679,119,degCent,10,0.7143710191082803,0,23,None,66,1,5,False,1000,1000
11680,115,degCent,10,0.7644307324840764,0,32,None,66,1,5,False,1000,1000
11681,116,degCent,10,0.7649283439490446,0,32,None,66,1,5,False,1000,1000
11682,117,degCent,10,0.7661226114649682,0,32,None,66,1,5,False,1000,1000
11683,118,degCent,10,0.7676154458598726,0,32,None,66,1,5,False,1000,1000
11684,119,degCent,10,0.7695063694267515,0,32,None,66,1,5,False,1000,1000
11685,115,degCent,10,0.7415406050955414,0,1,None,66,1,5,False,1000,1000
11686,116,degCent,10,0.7428343949044586,0,1,None,66,1,5,False,1000,1000
11687,117,degCent,10,0.7445262738853503,0,1,None,66,1,5,False,1000,1000
11688,118,degCent,10,0.7449243630573248,0,1,None,66,1,5,False,1000,1000
11689,119,degCent,10,0.7456210191082803,0,1,None,66,1,5,False,1000,1000
11690,115,degCent,10,0.7507961783439491,0,0,None,66,1,5,False,1000,1000
11691,116,degCent,10,0.7513933121019108,0,0,None,66,1,5,False,1000,1000
11692,117,degCent,10,0.7521894904458599,0,0,None,66,1,5,False,1000,1000
11693,118,degCent,10,0.7528861464968153,0,0,None,66,1,5,False,1000,1000
11694,119,degCent,10,0.7534832802547771,0,0,None,66,1,5,False,1000,1000
11695,115,degCent,10,0.7726910828025477,0,17,None,66,1,5,False,1000,1000
11696,116,degCent,10,0.7730891719745223,0,17,None,66,1,5,False,1000,1000
11697,117,degCent,10,0.772890127388535,0,17,None,66,1,5,False,1000,1000
11698,118,degCent,10,0.7725915605095541,0,17,None,66,1,5,False,1000,1000
11699,119,degCent,10,0.7732882165605095,0,17,None,66,1,5,False,1000,1000
11700,115,degCent,10,0.7643312101910829,0,21,None,66,1,5,False,1000,1000
11701,116,degCent,10,0.7649283439490446,0,21,None,66,1,5,False,1000,1000
11702,117,degCent,10,0.7654259554140127,0,21,None,66,1,5,False,1000,1000
11703,118,degCent,10,0.7661226114649682,0,21,None,66,1,5,False,1000,1000
11704,119,degCent,10,0.7665207006369427,0,21,None,66,1,5,False,1000,1000
11705,115,degCent,10,0.7762738853503185,0,24,None,66,1,5,False,1000,1000
11706,116,degCent,10,0.7773686305732485,0,24,None,66,1,5,False,1000,1000
11707,117,degCent,10,0.7783638535031847,0,24,None,66,1,5,False,1000,1000
11708,118,degCent,10,0.7798566878980892,0,24,None,66,1,5,False,1000,1000
11709,119,degCent,10,0.7809514331210191,0,24,None,66,1,5,False,1000,1000
11710,115,degCent,10,0.7528861464968153,0,27,None,66,1,5,False,1000,1000
11711,116,degCent,10,0.7541799363057324,0,27,None,66,1,5,False,1000,1000
11712,117,degCent,10,0.7552746815286624,0,27,None,66,1,5,False,1000,1000
11713,118,degCent,10,0.7550756369426752,0,27,None,66,1,5,False,1000,1000
11714,119,degCent,10,0.7554737261146497,0,27,None,66,1,5,False,1000,1000
11715,120,degCent,10,0.7590565286624203,0,26,None,66,1,5,False,1000,1000
11716,121,degCent,10,0.759952229299363,0,26,None,66,1,5,False,1000,1000
11717,122,degCent,10,0.7607484076433121,0,26,None,66,1,5,False,1000,1000
11718,123,degCent,10,0.7615445859872612,0,26,None,66,1,5,False,1000,1000
11719,124,degCent,10,0.761843152866242,0,26,None,66,1,5,False,1000,1000
11720,120,degCent,10,0.7574641719745223,0,22,None,66,1,5,False,1000,1000
11721,121,degCent,10,0.7590565286624203,0,22,None,66,1,5,False,1000,1000
11722,122,degCent,10,0.7607484076433121,0,22,None,66,1,5,False,1000,1000
11723,123,degCent,10,0.761046974522293,0,22,None,66,1,5,False,1000,1000
11724,124,degCent,10,0.7619426751592356,0,22,None,66,1,5,False,1000,1000
11725,120,degCent,10,0.7096934713375797,0,23,None,66,1,5,False,1000,1000
11726,121,degCent,10,0.7121815286624203,0,23,None,66,1,5,False,1000,1000
11727,122,degCent,10,0.7156648089171974,0,23,None,66,1,5,False,1000,1000
11728,123,degCent,10,0.7180533439490446,0,23,None,66,1,5,False,1000,1000
11729,124,degCent,10,0.7200437898089171,0,23,None,66,1,5,False,1000,1000
11730,120,degCent,10,0.7351711783439491,0,2,None,66,1,5,False,1000,1000
11731,121,degCent,10,0.737062101910828,0,2,None,66,1,5,False,1000,1000
11732,122,degCent,10,0.738156847133758,0,2,None,66,1,5,False,1000,1000
11733,123,degCent,10,0.7390525477707006,0,2,None,66,1,5,False,1000,1000
11734,124,degCent,10,0.7393511146496815,0,2,None,66,1,5,False,1000,1000
11735,120,degCent,10,0.772093949044586,0,15,None,66,1,5,False,1000,1000
11736,121,degCent,10,0.7719944267515924,0,15,None,66,1,5,False,1000,1000
11737,122,degCent,10,0.7722929936305732,0,15,None,66,1,5,False,1000,1000
11738,123,degCent,10,0.7726910828025477,0,15,None,66,1,5,False,1000,1000
11739,124,degCent,10,0.772890127388535,0,15,None,66,1,5,False,1000,1000
11740,120,degCent,10,0.7522890127388535,0,20,None,66,1,5,False,1000,1000
11741,121,degCent,10,0.7574641719745223,0,20,None,66,1,5,False,1000,1000
11742,122,degCent,10,0.7626393312101911,0,20,None,66,1,5,False,1000,1000
11743,123,degCent,10,0.7671178343949044,0,20,None,66,1,5,False,1000,1000
11744,124,degCent,10,0.7674164012738853,0,20,None,66,1,5,False,1000,1000
11745,120,degCent,10,0.7588574840764332,0,5,None,66,1,5,False,1000,1000
11746,121,degCent,10,0.7601512738853503,0,5,None,66,1,5,False,1000,1000
11747,122,degCent,10,0.7609474522292994,0,5,None,66,1,5,False,1000,1000
11748,123,degCent,10,0.7605493630573248,0,5,None,66,1,5,False,1000,1000
11749,124,degCent,10,0.7609474522292994,0,5,None,66,1,5,False,1000,1000
11750,120,degCent,10,0.751890923566879,0,4,None,66,1,5,False,1000,1000
11751,121,degCent,10,0.7538813694267515,0,4,None,66,1,5,False,1000,1000
11752,122,degCent,10,0.7554737261146497,0,4,None,66,1,5,False,1000,1000
11753,123,degCent,10,0.7561703821656051,0,4,None,66,1,5,False,1000,1000
11754,124,degCent,10,0.7573646496815286,0,4,None,66,1,5,False,1000,1000
11755,120,degCent,10,0.7543789808917197,0,14,None,66,1,5,False,1000,1000
11756,121,degCent,10,0.7561703821656051,0,14,None,66,1,5,False,1000,1000
11757,122,degCent,10,0.758359872611465,0,14,None,66,1,5,False,1000,1000
11758,123,degCent,10,0.7601512738853503,0,14,None,66,1,5,False,1000,1000
11759,124,degCent,10,0.7615445859872612,0,14,None,66,1,5,False,1000,1000
11760,120,degCent,10,0.7836385350318471,0,13,None,66,1,5,False,1000,1000
11761,121,degCent,10,0.7843351910828026,0,13,None,66,1,5,False,1000,1000
11762,122,degCent,10,0.7836385350318471,0,13,None,66,1,5,False,1000,1000
11763,123,degCent,10,0.7845342356687898,0,13,None,66,1,5,False,1000,1000
11764,124,degCent,10,0.7851313694267515,0,13,None,66,1,5,False,1000,1000
11765,120,degCent,10,0.6458001592356688,0,28,None,66,1,5,False,1000,1000
11766,121,degCent,10,0.6723726114649682,0,28,None,66,1,5,False,1000,1000
11767,122,degCent,10,0.6828224522292994,0,28,None,66,1,5,False,1000,1000
11768,123,degCent,10,0.6878980891719745,0,28,None,66,1,5,False,1000,1000
11769,124,degCent,10,0.6897890127388535,0,28,None,66,1,5,False,1000,1000
11770,120,degCent,10,0.7745820063694268,0,29,None,66,1,5,False,1000,1000
11771,121,degCent,10,0.774781050955414,0,29,None,66,1,5,False,1000,1000
11772,122,degCent,10,0.7741839171974523,0,29,None,66,1,5,False,1000,1000
11773,123,degCent,10,0.7745820063694268,0,29,None,66,1,5,False,1000,1000
11774,124,degCent,10,0.7738853503184714,0,29,None,66,1,5,False,1000,1000
11775,120,degCent,10,0.7718949044585988,0,10,None,66,1,5,False,1000,1000
11776,121,degCent,10,0.7736863057324841,0,10,None,66,1,5,False,1000,1000
11777,122,degCent,10,0.7745820063694268,0,10,None,66,1,5,False,1000,1000
11778,123,degCent,10,0.7758757961783439,0,10,None,66,1,5,False,1000,1000
11779,124,degCent,10,0.7767714968152867,0,10,None,66,1,5,False,1000,1000
11780,120,degCent,10,0.6953622611464968,0,11,None,66,1,5,False,1000,1000
11781,121,degCent,10,0.6979498407643312,0,11,None,66,1,5,False,1000,1000
11782,122,degCent,10,0.6997412420382165,0,11,None,66,1,5,False,1000,1000
11783,123,degCent,10,0.7025278662420382,0,11,None,66,1,5,False,1000,1000
11784,124,degCent,10,0.7045183121019108,0,11,None,66,1,5,False,1000,1000
11785,120,degCent,10,0.7748805732484076,0,17,None,66,1,5,False,1000,1000
11786,121,degCent,10,0.7753781847133758,0,17,None,66,1,5,False,1000,1000
11787,122,degCent,10,0.7753781847133758,0,17,None,66,1,5,False,1000,1000
11788,123,degCent,10,0.775577229299363,0,17,None,66,1,5,False,1000,1000
11789,124,degCent,10,0.7757762738853503,0,17,None,66,1,5,False,1000,1000
11790,120,degCent,10,0.7815485668789809,0,24,None,66,1,5,False,1000,1000
11791,121,degCent,10,0.7821457006369427,0,24,None,66,1,5,False,1000,1000
11792,122,degCent,10,0.7832404458598726,0,24,None,66,1,5,False,1000,1000
11793,123,degCent,10,0.7840366242038217,0,24,None,66,1,5,False,1000,1000
11794,124,degCent,10,0.7854299363057324,0,24,None,66,1,5,False,1000,1000
11795,120,degCent,10,0.7532842356687898,0,8,None,66,1,5,False,1000,1000
11796,121,degCent,10,0.7553742038216561,0,8,None,66,1,5,False,1000,1000
11797,122,degCent,10,0.7575636942675159,0,8,None,66,1,5,False,1000,1000
11798,123,degCent,10,0.7581608280254777,0,8,None,66,1,5,False,1000,1000
11799,124,degCent,10,0.7594546178343949,0,8,None,66,1,5,False,1000,1000
11800,120,degCent,10,0.7731886942675159,0,19,None,66,1,5,False,1000,1000
11801,121,degCent,10,0.774781050955414,0,19,None,66,1,5,False,1000,1000
11802,122,degCent,10,0.775577229299363,0,19,None,66,1,5,False,1000,1000
11803,123,degCent,10,0.776671974522293,0,19,None,66,1,5,False,1000,1000
11804,124,degCent,10,0.777468152866242,0,19,None,66,1,5,False,1000,1000
11805,120,degCent,10,0.7692078025477707,0,21,None,66,1,5,False,1000,1000
11806,121,degCent,10,0.7691082802547771,0,21,None,66,1,5,False,1000,1000
11807,122,degCent,10,0.7706011146496815,0,21,None,66,1,5,False,1000,1000
11808,123,degCent,10,0.7716958598726115,0,21,None,66,1,5,False,1000,1000
11809,124,degCent,10,0.7722929936305732,0,21,None,66,1,5,False,1000,1000
11810,120,degCent,10,0.7787619426751592,0,9,None,66,1,5,False,1000,1000
11811,121,degCent,10,0.7788614649681529,0,9,None,66,1,5,False,1000,1000
11812,122,degCent,10,0.7787619426751592,0,9,None,66,1,5,False,1000,1000
11813,123,degCent,10,0.7794585987261147,0,9,None,66,1,5,False,1000,1000
11814,124,degCent,10,0.7804538216560509,0,9,None,66,1,5,False,1000,1000
11815,120,degCent,10,0.7769705414012739,0,12,None,66,1,5,False,1000,1000
11816,121,degCent,10,0.7790605095541401,0,12,None,66,1,5,False,1000,1000
11817,122,degCent,10,0.7800557324840764,0,12,None,66,1,5,False,1000,1000
11818,123,degCent,10,0.7822452229299363,0,12,None,66,1,5,False,1000,1000
11819,124,degCent,10,0.78234474522293,0,12,None,66,1,5,False,1000,1000
11820,120,degCent,10,0.755672770700637,0,25,None,66,1,5,False,1000,1000
11821,121,degCent,10,0.758359872611465,0,25,None,66,1,5,False,1000,1000
11822,122,degCent,10,0.7602507961783439,0,25,None,66,1,5,False,1000,1000
11823,123,degCent,10,0.7628383757961783,0,25,None,66,1,5,False,1000,1000
11824,124,degCent,10,0.7650278662420382,0,25,None,66,1,5,False,1000,1000
11825,120,degCent,10,0.7246218152866242,0,7,None,66,1,5,False,1000,1000
11826,121,degCent,10,0.7264132165605095,0,7,None,66,1,5,False,1000,1000
11827,122,degCent,10,0.7283041401273885,0,7,None,66,1,5,False,1000,1000
11828,123,degCent,10,0.7306926751592356,0,7,None,66,1,5,False,1000,1000
11829,124,degCent,10,0.7311902866242038,0,7,None,66,1,5,False,1000,1000
11830,120,degCent,10,0.7439291401273885,0,16,None,66,1,5,False,1000,1000
11831,121,degCent,10,0.746218152866242,0,16,None,66,1,5,False,1000,1000
11832,122,degCent,10,0.747312898089172,0,16,None,66,1,5,False,1000,1000
11833,123,degCent,10,0.7479100318471338,0,16,None,66,1,5,False,1000,1000
11834,124,degCent,10,0.7498009554140127,0,16,None,66,1,5,False,1000,1000
11835,120,degCent,10,0.7593550955414012,0,3,None,66,1,5,False,1000,1000
11836,121,degCent,10,0.7603503184713376,0,3,None,66,1,5,False,1000,1000
11837,122,degCent,10,0.7615445859872612,0,3,None,66,1,5,False,1000,1000
11838,123,degCent,10,0.7622412420382165,0,3,None,66,1,5,False,1000,1000
11839,124,degCent,10,0.7630374203821656,0,3,None,66,1,5,False,1000,1000
11840,120,degCent,10,0.7665207006369427,0,32,None,66,1,5,False,1000,1000
11841,121,degCent,10,0.7672173566878981,0,32,None,66,1,5,False,1000,1000
11842,122,degCent,10,0.7690087579617835,0,32,None,66,1,5,False,1000,1000
11843,123,degCent,10,0.7700039808917197,0,32,None,66,1,5,False,1000,1000
11844,124,degCent,10,0.7707006369426752,0,32,None,66,1,5,False,1000,1000
11845,120,degCent,10,0.7417396496815286,0,1,None,66,1,5,False,1000,1000
11846,121,degCent,10,0.7434315286624203,0,1,None,66,1,5,False,1000,1000
11847,122,degCent,10,0.7451234076433121,0,1,None,66,1,5,False,1000,1000
11848,123,degCent,10,0.7455214968152867,0,1,None,66,1,5,False,1000,1000
11849,124,degCent,10,0.747312898089172,0,1,None,66,1,5,False,1000,1000
11850,120,degCent,10,0.7555732484076433,0,0,None,66,1,5,False,1000,1000
11851,121,degCent,10,0.7567675159235668,0,0,None,66,1,5,False,1000,1000
11852,122,degCent,10,0.7576632165605095,0,0,None,66,1,5,False,1000,1000
11853,123,degCent,10,0.7587579617834395,0,0,None,66,1,5,False,1000,1000
11854,124,degCent,10,0.7589570063694268,0,0,None,66,1,5,False,1000,1000
11855,120,degCent,10,0.7708996815286624,0,31,None,66,1,5,False,1000,1000
11856,121,degCent,10,0.7701035031847133,0,31,None,66,1,5,False,1000,1000
11857,122,degCent,10,0.7693073248407644,0,31,None,66,1,5,False,1000,1000
11858,123,degCent,10,0.770203025477707,0,31,None,66,1,5,False,1000,1000
11859,124,degCent,10,0.7708001592356688,0,31,None,66,1,5,False,1000,1000
11860,120,degCent,10,0.7574641719745223,0,18,None,66,1,5,False,1000,1000
11861,121,degCent,10,0.7590565286624203,0,18,None,66,1,5,False,1000,1000
11862,122,degCent,10,0.7606488853503185,0,18,None,66,1,5,False,1000,1000
11863,123,degCent,10,0.7615445859872612,0,18,None,66,1,5,False,1000,1000
11864,124,degCent,10,0.7633359872611465,0,18,None,66,1,5,False,1000,1000
11865,120,degCent,10,0.768312101910828,0,6,None,66,1,5,False,1000,1000
11866,121,degCent,10,0.769406847133758,0,6,None,66,1,5,False,1000,1000
11867,122,degCent,10,0.769406847133758,0,6,None,66,1,5,False,1000,1000
11868,123,degCent,10,0.769406847133758,0,6,None,66,1,5,False,1000,1000
11869,124,degCent,10,0.7697054140127388,0,6,None,66,1,5,False,1000,1000
11870,120,degCent,10,0.7567675159235668,0,27,None,66,1,5,False,1000,1000
11871,121,degCent,10,0.7571656050955414,0,27,None,66,1,5,False,1000,1000
11872,122,degCent,10,0.7586584394904459,0,27,None,66,1,5,False,1000,1000
11873,123,degCent,10,0.7592555732484076,0,27,None,66,1,5,False,1000,1000
11874,124,degCent,10,0.759952229299363,0,27,None,66,1,5,False,1000,1000
11875,120,degCent,10,0.7652269108280255,0,30,None,66,1,5,False,1000,1000
11876,121,degCent,10,0.7674164012738853,0,30,None,66,1,5,False,1000,1000
11877,122,degCent,10,0.7686106687898089,0,30,None,66,1,5,False,1000,1000
11878,123,degCent,10,0.7703025477707006,0,30,None,66,1,5,False,1000,1000
11879,124,degCent,10,0.7705015923566879,0,30,None,66,1,5,False,1000,1000
11880,125,degCent,10,0.7752786624203821,0,15,None,66,1,5,False,1000,1000
11881,126,degCent,10,0.7748805732484076,0,15,None,66,1,5,False,1000,1000
11882,127,degCent,10,0.7753781847133758,0,15,None,66,1,5,False,1000,1000
11883,128,degCent,10,0.7753781847133758,0,15,None,66,1,5,False,1000,1000
11884,129,degCent,10,0.7762738853503185,0,15,None,66,1,5,False,1000,1000
11885,125,degCent,10,0.6954617834394905,0,11,None,66,1,5,False,1000,1000
11886,126,degCent,10,0.6996417197452229,0,11,None,66,1,5,False,1000,1000
11887,127,degCent,10,0.7016321656050956,0,11,None,66,1,5,False,1000,1000
11888,128,degCent,10,0.7039211783439491,0,11,None,66,1,5,False,1000,1000
11889,129,degCent,10,0.7049164012738853,0,11,None,66,1,5,False,1000,1000
11890,125,degCent,10,0.7567675159235668,0,20,None,66,1,5,False,1000,1000
11891,126,degCent,10,0.7617436305732485,0,20,None,66,1,5,False,1000,1000
11892,127,degCent,10,0.76671974522293,0,20,None,66,1,5,False,1000,1000
11893,128,degCent,10,0.768312101910828,0,20,None,66,1,5,False,1000,1000
11894,129,degCent,10,0.7718949044585988,0,20,None,66,1,5,False,1000,1000
11895,125,degCent,10,0.7763734076433121,0,10,None,66,1,5,False,1000,1000
11896,126,degCent,10,0.7770700636942676,0,10,None,66,1,5,False,1000,1000
11897,127,degCent,10,0.778562898089172,0,10,None,66,1,5,False,1000,1000
11898,128,degCent,10,0.7799562101910829,0,10,None,66,1,5,False,1000,1000
11899,129,degCent,10,0.7807523885350318,0,10,None,66,1,5,False,1000,1000
11900,125,degCent,10,0.747312898089172,0,16,None,66,1,5,False,1000,1000
11901,126,degCent,10,0.74890525477707,0,16,None,66,1,5,False,1000,1000
11902,127,degCent,10,0.7504976114649682,0,16,None,66,1,5,False,1000,1000
11903,128,degCent,10,0.7530851910828026,0,16,None,66,1,5,False,1000,1000
11904,129,degCent,10,0.7550756369426752,0,16,None,66,1,5,False,1000,1000
11905,125,degCent,10,0.7250199044585988,0,7,None,66,1,5,False,1000,1000
11906,126,degCent,10,0.7268113057324841,0,7,None,66,1,5,False,1000,1000
11907,127,degCent,10,0.7286027070063694,0,7,None,66,1,5,False,1000,1000
11908,128,degCent,10,0.7301950636942676,0,7,None,66,1,5,False,1000,1000
11909,129,degCent,10,0.7311902866242038,0,7,None,66,1,5,False,1000,1000
11910,125,degCent,10,0.7682125796178344,0,32,None,66,1,5,False,1000,1000
11911,126,degCent,10,0.7688097133757962,0,32,None,66,1,5,False,1000,1000
11912,127,degCent,10,0.7703025477707006,0,32,None,66,1,5,False,1000,1000
11913,128,degCent,10,0.7715963375796179,0,32,None,66,1,5,False,1000,1000
11914,129,degCent,10,0.7727906050955414,0,32,None,66,1,5,False,1000,1000
11915,125,degCent,10,0.7580613057324841,0,22,None,66,1,5,False,1000,1000
11916,126,degCent,10,0.761046974522293,0,22,None,66,1,5,False,1000,1000
11917,127,degCent,10,0.7622412420382165,0,22,None,66,1,5,False,1000,1000
11918,128,degCent,10,0.7638335987261147,0,22,None,66,1,5,False,1000,1000
11919,129,degCent,10,0.7652269108280255,0,22,None,66,1,5,False,1000,1000
11920,125,degCent,10,0.7588574840764332,0,14,None,66,1,5,False,1000,1000
11921,126,degCent,10,0.7619426751592356,0,14,None,66,1,5,False,1000,1000
11922,127,degCent,10,0.7641321656050956,0,14,None,66,1,5,False,1000,1000
11923,128,degCent,10,0.7659235668789809,0,14,None,66,1,5,False,1000,1000
11924,129,degCent,10,0.7666202229299363,0,14,None,66,1,5,False,1000,1000
11925,125,degCent,10,0.7513933121019108,0,25,None,66,1,5,False,1000,1000
11926,126,degCent,10,0.7562699044585988,0,25,None,66,1,5,False,1000,1000
11927,127,degCent,10,0.7615445859872612,0,25,None,66,1,5,False,1000,1000
11928,128,degCent,10,0.7636345541401274,0,25,None,66,1,5,False,1000,1000
11929,129,degCent,10,0.7655254777070064,0,25,None,66,1,5,False,1000,1000
11930,125,degCent,10,0.7620421974522293,0,26,None,66,1,5,False,1000,1000
11931,126,degCent,10,0.7619426751592356,0,26,None,66,1,5,False,1000,1000
11932,127,degCent,10,0.7626393312101911,0,26,None,66,1,5,False,1000,1000
11933,128,degCent,10,0.7631369426751592,0,26,None,66,1,5,False,1000,1000
11934,129,degCent,10,0.7640326433121019,0,26,None,66,1,5,False,1000,1000
11935,125,degCent,10,0.7725915605095541,0,6,None,66,1,5,False,1000,1000
11936,126,degCent,10,0.7730891719745223,0,6,None,66,1,5,False,1000,1000
11937,127,degCent,10,0.7735867834394905,0,6,None,66,1,5,False,1000,1000
11938,128,degCent,10,0.7742834394904459,0,6,None,66,1,5,False,1000,1000
11939,129,degCent,10,0.7746815286624203,0,6,None,66,1,5,False,1000,1000
11940,125,degCent,10,0.7451234076433121,0,1,None,66,1,5,False,1000,1000
11941,126,degCent,10,0.7469148089171974,0,1,None,66,1,5,False,1000,1000
11942,127,degCent,10,0.7483081210191083,0,1,None,66,1,5,False,1000,1000
11943,128,degCent,10,0.74890525477707,0,1,None,66,1,5,False,1000,1000
11944,129,degCent,10,0.7501990445859873,0,1,None,66,1,5,False,1000,1000
11945,125,degCent,10,0.7390525477707006,0,2,None,66,1,5,False,1000,1000
11946,126,degCent,10,0.7403463375796179,0,2,None,66,1,5,False,1000,1000
11947,127,degCent,10,0.7404458598726115,0,2,None,66,1,5,False,1000,1000
11948,128,degCent,10,0.7424363057324841,0,2,None,66,1,5,False,1000,1000
11949,129,degCent,10,0.7439291401273885,0,2,None,66,1,5,False,1000,1000
11950,125,degCent,10,0.7620421974522293,0,5,None,66,1,5,False,1000,1000
11951,126,degCent,10,0.7625398089171974,0,5,None,66,1,5,False,1000,1000
11952,127,degCent,10,0.7638335987261147,0,5,None,66,1,5,False,1000,1000
11953,128,degCent,10,0.7643312101910829,0,5,None,66,1,5,False,1000,1000
11954,129,degCent,10,0.7648288216560509,0,5,None,66,1,5,False,1000,1000
11955,125,degCent,10,0.7557722929936306,0,4,None,66,1,5,False,1000,1000
11956,126,degCent,10,0.759156050955414,0,4,None,66,1,5,False,1000,1000
11957,127,degCent,10,0.7597531847133758,0,4,None,66,1,5,False,1000,1000
11958,128,degCent,10,0.7608479299363057,0,4,None,66,1,5,False,1000,1000
11959,129,degCent,10,0.7632364649681529,0,4,None,66,1,5,False,1000,1000
11960,125,degCent,10,0.78125,0,9,None,66,1,5,False,1000,1000
11961,126,degCent,10,0.7822452229299363,0,9,None,66,1,5,False,1000,1000
11962,127,degCent,10,0.78234474522293,0,9,None,66,1,5,False,1000,1000
11963,128,degCent,10,0.783140923566879,0,9,None,66,1,5,False,1000,1000
11964,129,degCent,10,0.7843351910828026,0,9,None,66,1,5,False,1000,1000
11965,125,degCent,10,0.7143710191082803,0,23,None,66,1,5,False,1000,1000
11966,126,degCent,10,0.7172571656050956,0,23,None,66,1,5,False,1000,1000
11967,127,degCent,10,0.720640923566879,0,23,None,66,1,5,False,1000,1000
11968,128,degCent,10,0.7223328025477707,0,23,None,66,1,5,False,1000,1000
11969,129,degCent,10,0.7247213375796179,0,23,None,66,1,5,False,1000,1000
11970,125,degCent,10,0.6479896496815286,0,28,None,66,1,5,False,1000,1000
11971,126,degCent,10,0.6749601910828026,0,28,None,66,1,5,False,1000,1000
11972,127,degCent,10,0.6874004777070064,0,28,None,66,1,5,False,1000,1000
11973,128,degCent,10,0.6892914012738853,0,28,None,66,1,5,False,1000,1000
11974,129,degCent,10,0.6930732484076433,0,28,None,66,1,5,False,1000,1000
11975,125,degCent,10,0.7787619426751592,0,29,None,66,1,5,False,1000,1000
11976,126,degCent,10,0.7782643312101911,0,29,None,66,1,5,False,1000,1000
11977,127,degCent,10,0.7778662420382165,0,29,None,66,1,5,False,1000,1000
11978,128,degCent,10,0.7772691082802548,0,29,None,66,1,5,False,1000,1000
11979,129,degCent,10,0.7779657643312102,0,29,None,66,1,5,False,1000,1000
11980,125,degCent,10,0.7689092356687898,0,30,None,66,1,5,False,1000,1000
11981,126,degCent,10,0.7714968152866242,0,30,None,66,1,5,False,1000,1000
11982,127,degCent,10,0.7734872611464968,0,30,None,66,1,5,False,1000,1000
11983,128,degCent,10,0.7742834394904459,0,30,None,66,1,5,False,1000,1000
11984,129,degCent,10,0.774781050955414,0,30,None,66,1,5,False,1000,1000
11985,125,degCent,10,0.7862261146496815,0,13,None,66,1,5,False,1000,1000
11986,126,degCent,10,0.7865246815286624,0,13,None,66,1,5,False,1000,1000
11987,127,degCent,10,0.7860270700636943,0,13,None,66,1,5,False,1000,1000
11988,128,degCent,10,0.7866242038216561,0,13,None,66,1,5,False,1000,1000
11989,129,degCent,10,0.7872213375796179,0,13,None,66,1,5,False,1000,1000
11990,125,degCent,10,0.7803542993630573,0,12,None,66,1,5,False,1000,1000
11991,126,degCent,10,0.78234474522293,0,12,None,66,1,5,False,1000,1000
11992,127,degCent,10,0.7827428343949044,0,12,None,66,1,5,False,1000,1000
11993,128,degCent,10,0.7837380573248408,0,12,None,66,1,5,False,1000,1000
11994,129,degCent,10,0.7851313694267515,0,12,None,66,1,5,False,1000,1000
11995,125,degCent,10,0.7611464968152867,0,0,None,66,1,5,False,1000,1000
11996,126,degCent,10,0.7620421974522293,0,0,None,66,1,5,False,1000,1000
11997,127,degCent,10,0.7623407643312102,0,0,None,66,1,5,False,1000,1000
11998,128,degCent,10,0.7626393312101911,0,0,None,66,1,5,False,1000,1000
11999,129,degCent,10,0.7632364649681529,0,0,None,66,1,5,False,1000,1000
12000,125,degCent,10,0.7735867834394905,0,31,None,66,1,5,False,1000,1000
12001,126,degCent,10,0.773984872611465,0,31,None,66,1,5,False,1000,1000
12002,127,degCent,10,0.7740843949044586,0,31,None,66,1,5,False,1000,1000
12003,128,degCent,10,0.774781050955414,0,31,None,66,1,5,False,1000,1000
12004,129,degCent,10,0.774781050955414,0,31,None,66,1,5,False,1000,1000
12005,125,degCent,10,0.7630374203821656,0,3,None,66,1,5,False,1000,1000
12006,126,degCent,10,0.763734076433121,0,3,None,66,1,5,False,1000,1000
12007,127,degCent,10,0.7648288216560509,0,3,None,66,1,5,False,1000,1000
12008,128,degCent,10,0.7657245222929936,0,3,None,66,1,5,False,1000,1000
12009,129,degCent,10,0.7669187898089171,0,3,None,66,1,5,False,1000,1000
12010,125,degCent,10,0.7797571656050956,0,17,None,66,1,5,False,1000,1000
12011,126,degCent,10,0.7805533439490446,0,17,None,66,1,5,False,1000,1000
12012,127,degCent,10,0.7813495222929936,0,17,None,66,1,5,False,1000,1000
12013,128,degCent,10,0.7820461783439491,0,17,None,66,1,5,False,1000,1000
12014,129,degCent,10,0.78234474522293,0,17,None,66,1,5,False,1000,1000
12015,125,degCent,10,0.7849323248407644,0,24,None,66,1,5,False,1000,1000
12016,126,degCent,10,0.7874203821656051,0,24,None,66,1,5,False,1000,1000
12017,127,degCent,10,0.7880175159235668,0,24,None,66,1,5,False,1000,1000
12018,128,degCent,10,0.7891122611464968,0,24,None,66,1,5,False,1000,1000
12019,129,degCent,10,0.7894108280254777,0,24,None,66,1,5,False,1000,1000
12020,125,degCent,10,0.7608479299363057,0,27,None,66,1,5,False,1000,1000
12021,126,degCent,10,0.7623407643312102,0,27,None,66,1,5,False,1000,1000
12022,127,degCent,10,0.7626393312101911,0,27,None,66,1,5,False,1000,1000
12023,128,degCent,10,0.7626393312101911,0,27,None,66,1,5,False,1000,1000
12024,129,degCent,10,0.7632364649681529,0,27,None,66,1,5,False,1000,1000
12025,125,degCent,10,0.761843152866242,0,18,None,66,1,5,False,1000,1000
12026,126,degCent,10,0.7630374203821656,0,18,None,66,1,5,False,1000,1000
12027,127,degCent,10,0.7643312101910829,0,18,None,66,1,5,False,1000,1000
12028,128,degCent,10,0.7658240445859873,0,18,None,66,1,5,False,1000,1000
12029,129,degCent,10,0.7666202229299363,0,18,None,66,1,5,False,1000,1000
12030,125,degCent,10,0.757265127388535,0,8,None,66,1,5,False,1000,1000
12031,126,degCent,10,0.7593550955414012,0,8,None,66,1,5,False,1000,1000
12032,127,degCent,10,0.761046974522293,0,8,None,66,1,5,False,1000,1000
12033,128,degCent,10,0.7626393312101911,0,8,None,66,1,5,False,1000,1000
12034,129,degCent,10,0.7638335987261147,0,8,None,66,1,5,False,1000,1000
12035,125,degCent,10,0.7783638535031847,0,19,None,66,1,5,False,1000,1000
12036,126,degCent,10,0.778562898089172,0,19,None,66,1,5,False,1000,1000
12037,127,degCent,10,0.779359076433121,0,19,None,66,1,5,False,1000,1000
12038,128,degCent,10,0.7802547770700637,0,19,None,66,1,5,False,1000,1000
12039,129,degCent,10,0.7809514331210191,0,19,None,66,1,5,False,1000,1000
12040,125,degCent,10,0.771297770700637,0,21,None,66,1,5,False,1000,1000
12041,126,degCent,10,0.7725915605095541,0,21,None,66,1,5,False,1000,1000
12042,127,degCent,10,0.7729896496815286,0,21,None,66,1,5,False,1000,1000
12043,128,degCent,10,0.7735867834394905,0,21,None,66,1,5,False,1000,1000
12044,129,degCent,10,0.7737858280254777,0,21,None,66,1,5,False,1000,1000
16005,130,degCent,10,0.7458200636942676,0,1,None,66,1,5,False,1000,1000
16006,131,degCent,10,0.7486066878980892,0,1,None,66,1,5,False,1000,1000
16007,132,degCent,10,0.7498009554140127,0,1,None,66,1,5,False,1000,1000
16008,133,degCent,10,0.7508957006369427,0,1,None,66,1,5,False,1000,1000
16009,134,degCent,10,0.7514928343949044,0,1,None,66,1,5,False,1000,1000
16010,130,degCent,10,0.742734872611465,0,2,None,66,1,5,False,1000,1000
16011,131,degCent,10,0.7440286624203821,0,2,None,66,1,5,False,1000,1000
16012,132,degCent,10,0.7457205414012739,0,2,None,66,1,5,False,1000,1000
16013,133,degCent,10,0.7475119426751592,0,2,None,66,1,5,False,1000,1000
16014,134,degCent,10,0.7476114649681529,0,2,None,66,1,5,False,1000,1000
16015,130,degCent,10,0.7893113057324841,0,13,None,66,1,5,False,1000,1000
16016,131,degCent,10,0.7888136942675159,0,13,None,66,1,5,False,1000,1000
16017,132,degCent,10,0.788515127388535,0,13,None,66,1,5,False,1000,1000
16018,133,degCent,10,0.7894108280254777,0,13,None,66,1,5,False,1000,1000
16019,134,degCent,10,0.7888136942675159,0,13,None,66,1,5,False,1000,1000
16020,130,degCent,10,0.7799562101910829,0,15,None,66,1,5,False,1000,1000
16021,131,degCent,10,0.7794585987261147,0,15,None,66,1,5,False,1000,1000
16022,132,degCent,10,0.7789609872611465,0,15,None,66,1,5,False,1000,1000
16023,133,degCent,10,0.7788614649681529,0,15,None,66,1,5,False,1000,1000
16024,134,degCent,10,0.7788614649681529,0,15,None,66,1,5,False,1000,1000
16025,130,degCent,10,0.7528861464968153,0,16,None,66,1,5,False,1000,1000
16026,131,degCent,10,0.7540804140127388,0,16,None,66,1,5,False,1000,1000
16027,132,degCent,10,0.755672770700637,0,16,None,66,1,5,False,1000,1000
16028,133,degCent,10,0.7573646496815286,0,16,None,66,1,5,False,1000,1000
16029,134,degCent,10,0.7589570063694268,0,16,None,66,1,5,False,1000,1000
16030,130,degCent,10,0.6979498407643312,0,11,None,66,1,5,False,1000,1000
16031,131,degCent,10,0.7010350318471338,0,11,None,66,1,5,False,1000,1000
16032,132,degCent,10,0.7040207006369427,0,11,None,66,1,5,False,1000,1000
16033,133,degCent,10,0.7059116242038217,0,11,None,66,1,5,False,1000,1000
16034,134,degCent,10,0.7075039808917197,0,11,None,66,1,5,False,1000,1000
16035,130,degCent,10,0.7635350318471338,0,14,None,66,1,5,False,1000,1000
16036,131,degCent,10,0.7659235668789809,0,14,None,66,1,5,False,1000,1000
16037,132,degCent,10,0.7684116242038217,0,14,None,66,1,5,False,1000,1000
16038,133,degCent,10,0.7699044585987261,0,14,None,66,1,5,False,1000,1000
16039,134,degCent,10,0.7716958598726115,0,14,None,66,1,5,False,1000,1000
16040,130,degCent,10,0.7821457006369427,0,17,None,66,1,5,False,1000,1000
16041,131,degCent,10,0.7827428343949044,0,17,None,66,1,5,False,1000,1000
16042,132,degCent,10,0.7835390127388535,0,17,None,66,1,5,False,1000,1000
16043,133,degCent,10,0.7843351910828026,0,17,None,66,1,5,False,1000,1000
16044,134,degCent,10,0.783937101910828,0,17,None,66,1,5,False,1000,1000
16045,130,degCent,10,0.7626393312101911,0,25,None,66,1,5,False,1000,1000
16046,131,degCent,10,0.7660230891719745,0,25,None,66,1,5,False,1000,1000
16047,132,degCent,10,0.7681130573248408,0,25,None,66,1,5,False,1000,1000
16048,133,degCent,10,0.7699044585987261,0,25,None,66,1,5,False,1000,1000
16049,134,degCent,10,0.7709992038216561,0,25,None,66,1,5,False,1000,1000
16050,130,degCent,10,0.7648288216560509,0,26,None,66,1,5,False,1000,1000
16051,131,degCent,10,0.7635350318471338,0,26,None,66,1,5,False,1000,1000
16052,132,degCent,10,0.7644307324840764,0,26,None,66,1,5,False,1000,1000
16053,133,degCent,10,0.7658240445859873,0,26,None,66,1,5,False,1000,1000
16054,134,degCent,10,0.7662221337579618,0,26,None,66,1,5,False,1000,1000
16055,130,degCent,10,0.7830414012738853,0,12,None,66,1,5,False,1000,1000
16056,131,degCent,10,0.7843351910828026,0,12,None,66,1,5,False,1000,1000
16057,132,degCent,10,0.7854299363057324,0,12,None,66,1,5,False,1000,1000
16058,133,degCent,10,0.7871218152866242,0,12,None,66,1,5,False,1000,1000
16059,134,degCent,10,0.7879179936305732,0,12,None,66,1,5,False,1000,1000
16060,130,degCent,10,0.7893113057324841,0,24,None,66,1,5,False,1000,1000
16061,131,degCent,10,0.7905055732484076,0,24,None,66,1,5,False,1000,1000
16062,132,degCent,10,0.7914012738853503,0,24,None,66,1,5,False,1000,1000
16063,133,degCent,10,0.7911027070063694,0,24,None,66,1,5,False,1000,1000
16064,134,degCent,10,0.7918988853503185,0,24,None,66,1,5,False,1000,1000
16065,130,degCent,10,0.6490843949044586,0,28,None,66,1,5,False,1000,1000
16066,131,degCent,10,0.677547770700637,0,28,None,66,1,5,False,1000,1000
16067,132,degCent,10,0.6904856687898089,0,28,None,66,1,5,False,1000,1000
16068,133,degCent,10,0.693968949044586,0,28,None,66,1,5,False,1000,1000
16069,134,degCent,10,0.6961584394904459,0,28,None,66,1,5,False,1000,1000
16070,130,degCent,10,0.7834394904458599,0,9,None,66,1,5,False,1000,1000
16071,131,degCent,10,0.7840366242038217,0,9,None,66,1,5,False,1000,1000
16072,132,degCent,10,0.7847332802547771,0,9,None,66,1,5,False,1000,1000
16073,133,degCent,10,0.785828025477707,0,9,None,66,1,5,False,1000,1000
16074,134,degCent,10,0.7870222929936306,0,9,None,66,1,5,False,1000,1000
16075,130,degCent,10,0.7816480891719745,0,29,None,66,1,5,False,1000,1000
16076,131,degCent,10,0.7807523885350318,0,29,None,66,1,5,False,1000,1000
16077,132,degCent,10,0.7807523885350318,0,29,None,66,1,5,False,1000,1000
16078,133,degCent,10,0.78125,0,29,None,66,1,5,False,1000,1000
16079,134,degCent,10,0.78125,0,29,None,66,1,5,False,1000,1000
16080,130,degCent,10,0.773984872611465,0,30,None,66,1,5,False,1000,1000
16081,131,degCent,10,0.7752786624203821,0,30,None,66,1,5,False,1000,1000
16082,132,degCent,10,0.7770700636942676,0,30,None,66,1,5,False,1000,1000
16083,133,degCent,10,0.7782643312101911,0,30,None,66,1,5,False,1000,1000
16084,134,degCent,10,0.7795581210191083,0,30,None,66,1,5,False,1000,1000
16085,130,degCent,10,0.7655254777070064,0,27,None,66,1,5,False,1000,1000
16086,131,degCent,10,0.7655254777070064,0,27,None,66,1,5,False,1000,1000
16087,132,degCent,10,0.7658240445859873,0,27,None,66,1,5,False,1000,1000
16088,133,degCent,10,0.7666202229299363,0,27,None,66,1,5,False,1000,1000
16089,134,degCent,10,0.7679140127388535,0,27,None,66,1,5,False,1000,1000
16090,130,degCent,10,0.7247213375796179,0,7,None,66,1,5,False,1000,1000
16091,131,degCent,10,0.7275079617834395,0,7,None,66,1,5,False,1000,1000
16092,132,degCent,10,0.7300955414012739,0,7,None,66,1,5,False,1000,1000
16093,133,degCent,10,0.7315883757961783,0,7,None,66,1,5,False,1000,1000
16094,134,degCent,10,0.7330812101910829,0,7,None,66,1,5,False,1000,1000
16095,130,degCent,10,0.7655254777070064,0,5,None,66,1,5,False,1000,1000
16096,131,degCent,10,0.7663216560509554,0,5,None,66,1,5,False,1000,1000
16097,132,degCent,10,0.7668192675159236,0,5,None,66,1,5,False,1000,1000
16098,133,degCent,10,0.7680135350318471,0,5,None,66,1,5,False,1000,1000
16099,134,degCent,10,0.7681130573248408,0,5,None,66,1,5,False,1000,1000
16100,130,degCent,10,0.7643312101910829,0,0,None,66,1,5,False,1000,1000
16101,131,degCent,10,0.7647292993630573,0,0,None,66,1,5,False,1000,1000
16102,132,degCent,10,0.7652269108280255,0,0,None,66,1,5,False,1000,1000
16103,133,degCent,10,0.7662221337579618,0,0,None,66,1,5,False,1000,1000
16104,134,degCent,10,0.7662221337579618,0,0,None,66,1,5,False,1000,1000
16105,130,degCent,10,0.7607484076433121,0,4,None,66,1,5,False,1000,1000
16106,131,degCent,10,0.7636345541401274,0,4,None,66,1,5,False,1000,1000
16107,132,degCent,10,0.7646297770700637,0,4,None,66,1,5,False,1000,1000
16108,133,degCent,10,0.7655254777070064,0,4,None,66,1,5,False,1000,1000
16109,134,degCent,10,0.7668192675159236,0,4,None,66,1,5,False,1000,1000
16110,130,degCent,10,0.7761743630573248,0,6,None,66,1,5,False,1000,1000
16111,131,degCent,10,0.7770700636942676,0,6,None,66,1,5,False,1000,1000
16112,132,degCent,10,0.7772691082802548,0,6,None,66,1,5,False,1000,1000
16113,133,degCent,10,0.7777667197452229,0,6,None,66,1,5,False,1000,1000
16114,134,degCent,10,0.7781648089171974,0,6,None,66,1,5,False,1000,1000
16115,130,degCent,10,0.7795581210191083,0,10,None,66,1,5,False,1000,1000
16116,131,degCent,10,0.7804538216560509,0,10,None,66,1,5,False,1000,1000
16117,132,degCent,10,0.7816480891719745,0,10,None,66,1,5,False,1000,1000
16118,133,degCent,10,0.7826433121019108,0,10,None,66,1,5,False,1000,1000
16119,134,degCent,10,0.7835390127388535,0,10,None,66,1,5,False,1000,1000
16120,130,degCent,10,0.7603503184713376,0,20,None,66,1,5,False,1000,1000
16121,131,degCent,10,0.7657245222929936,0,20,None,66,1,5,False,1000,1000
16122,132,degCent,10,0.769406847133758,0,20,None,66,1,5,False,1000,1000
16123,133,degCent,10,0.7724920382165605,0,20,None,66,1,5,False,1000,1000
16124,134,degCent,10,0.7760748407643312,0,20,None,66,1,5,False,1000,1000
16125,130,degCent,10,0.7619426751592356,0,22,None,66,1,5,False,1000,1000
16126,131,degCent,10,0.7648288216560509,0,22,None,66,1,5,False,1000,1000
16127,132,degCent,10,0.765625,0,22,None,66,1,5,False,1000,1000
16128,133,degCent,10,0.7671178343949044,0,22,None,66,1,5,False,1000,1000
16129,134,degCent,10,0.7684116242038217,0,22,None,66,1,5,False,1000,1000
16130,130,degCent,10,0.7177547770700637,0,23,None,66,1,5,False,1000,1000
16131,131,degCent,10,0.7213375796178344,0,23,None,66,1,5,False,1000,1000
16132,132,degCent,10,0.7242237261146497,0,23,None,66,1,5,False,1000,1000
16133,133,degCent,10,0.7262141719745223,0,23,None,66,1,5,False,1000,1000
16134,134,degCent,10,0.728702229299363,0,23,None,66,1,5,False,1000,1000
16135,130,degCent,10,0.7693073248407644,0,32,None,66,1,5,False,1000,1000
16136,131,degCent,10,0.7710987261146497,0,32,None,66,1,5,False,1000,1000
16137,132,degCent,10,0.7714968152866242,0,32,None,66,1,5,False,1000,1000
16138,133,degCent,10,0.772093949044586,0,32,None,66,1,5,False,1000,1000
16139,134,degCent,10,0.7742834394904459,0,32,None,66,1,5,False,1000,1000
16140,130,degCent,10,0.7621417197452229,0,8,None,66,1,5,False,1000,1000
16141,131,degCent,10,0.7632364649681529,0,8,None,66,1,5,False,1000,1000
16142,132,degCent,10,0.7654259554140127,0,8,None,66,1,5,False,1000,1000
16143,133,degCent,10,0.7660230891719745,0,8,None,66,1,5,False,1000,1000
16144,134,degCent,10,0.7670183121019108,0,8,None,66,1,5,False,1000,1000
16145,130,degCent,10,0.7676154458598726,0,3,None,66,1,5,False,1000,1000
16146,131,degCent,10,0.7688097133757962,0,3,None,66,1,5,False,1000,1000
16147,132,degCent,10,0.7696058917197452,0,3,None,66,1,5,False,1000,1000
16148,133,degCent,10,0.770203025477707,0,3,None,66,1,5,False,1000,1000
16149,134,degCent,10,0.7715963375796179,0,3,None,66,1,5,False,1000,1000
16150,130,degCent,10,0.7640326433121019,0,18,None,66,1,5,False,1000,1000
16151,131,degCent,10,0.7655254777070064,0,18,None,66,1,5,False,1000,1000
16152,132,degCent,10,0.7672173566878981,0,18,None,66,1,5,False,1000,1000
16153,133,degCent,10,0.7679140127388535,0,18,None,66,1,5,False,1000,1000
16154,134,degCent,10,0.7689092356687898,0,18,None,66,1,5,False,1000,1000
16155,130,degCent,10,0.7813495222929936,0,19,None,66,1,5,False,1000,1000
16156,131,degCent,10,0.78125,0,19,None,66,1,5,False,1000,1000
16157,132,degCent,10,0.7819466560509554,0,19,None,66,1,5,False,1000,1000
16158,133,degCent,10,0.7828423566878981,0,19,None,66,1,5,False,1000,1000
16159,134,degCent,10,0.7832404458598726,0,19,None,66,1,5,False,1000,1000
16160,130,degCent,10,0.7765724522292994,0,31,None,66,1,5,False,1000,1000
16161,131,degCent,10,0.7775676751592356,0,31,None,66,1,5,False,1000,1000
16162,132,degCent,10,0.7772691082802548,0,31,None,66,1,5,False,1000,1000
16163,133,degCent,10,0.7767714968152867,0,31,None,66,1,5,False,1000,1000
16164,134,degCent,10,0.7781648089171974,0,31,None,66,1,5,False,1000,1000
16165,130,degCent,10,0.7772691082802548,0,21,None,66,1,5,False,1000,1000
16166,131,degCent,10,0.7781648089171974,0,21,None,66,1,5,False,1000,1000
16167,132,degCent,10,0.7787619426751592,0,21,None,66,1,5,False,1000,1000
16168,133,degCent,10,0.7798566878980892,0,21,None,66,1,5,False,1000,1000
16169,134,degCent,10,0.7804538216560509,0,21,None,66,1,5,False,1000,1000
16170,135,degCent,10,0.7455214968152867,0,1,None,66,1,5,False,1000,1000
16171,136,degCent,10,0.7476114649681529,0,1,None,66,1,5,False,1000,1000
16172,137,degCent,10,0.7504976114649682,0,1,None,66,1,5,False,1000,1000
16173,138,degCent,10,0.7514928343949044,0,1,None,66,1,5,False,1000,1000
16174,139,degCent,10,0.7528861464968153,0,1,None,66,1,5,False,1000,1000
16175,135,degCent,10,0.7468152866242038,0,2,None,66,1,5,False,1000,1000
16176,136,degCent,10,0.748109076433121,0,2,None,66,1,5,False,1000,1000
16177,137,degCent,10,0.7500995222929936,0,2,None,66,1,5,False,1000,1000
16178,138,degCent,10,0.7501990445859873,0,2,None,66,1,5,False,1000,1000
16179,139,degCent,10,0.7500995222929936,0,2,None,66,1,5,False,1000,1000
16180,135,degCent,10,0.7696058917197452,0,22,None,66,1,5,False,1000,1000
16181,136,degCent,10,0.770203025477707,0,22,None,66,1,5,False,1000,1000
16182,137,degCent,10,0.7723925159235668,0,22,None,66,1,5,False,1000,1000
16183,138,degCent,10,0.7732882165605095,0,22,None,66,1,5,False,1000,1000
16184,139,degCent,10,0.7738853503184714,0,22,None,66,1,5,False,1000,1000
16185,135,degCent,10,0.7230294585987261,0,23,None,66,1,5,False,1000,1000
16186,136,degCent,10,0.7261146496815286,0,23,None,66,1,5,False,1000,1000
16187,137,degCent,10,0.7278065286624203,0,23,None,66,1,5,False,1000,1000
16188,138,degCent,10,0.7299960191082803,0,23,None,66,1,5,False,1000,1000
16189,139,degCent,10,0.7329816878980892,0,23,None,66,1,5,False,1000,1000
16190,135,degCent,10,0.7687101910828026,0,5,None,66,1,5,False,1000,1000
16191,136,degCent,10,0.7691082802547771,0,5,None,66,1,5,False,1000,1000
16192,137,degCent,10,0.7699044585987261,0,5,None,66,1,5,False,1000,1000
16193,138,degCent,10,0.7700039808917197,0,5,None,66,1,5,False,1000,1000
16194,139,degCent,10,0.770203025477707,0,5,None,66,1,5,False,1000,1000
16195,135,degCent,10,0.76671974522293,0,14,None,66,1,5,False,1000,1000
16196,136,degCent,10,0.770203025477707,0,14,None,66,1,5,False,1000,1000
16197,137,degCent,10,0.7725915605095541,0,14,None,66,1,5,False,1000,1000
16198,138,degCent,10,0.7729896496815286,0,14,None,66,1,5,False,1000,1000
16199,139,degCent,10,0.7752786624203821,0,14,None,66,1,5,False,1000,1000
16200,135,degCent,10,0.791202229299363,0,13,None,66,1,5,False,1000,1000
16201,136,degCent,10,0.7915007961783439,0,13,None,66,1,5,False,1000,1000
16202,137,degCent,10,0.7915007961783439,0,13,None,66,1,5,False,1000,1000
16203,138,degCent,10,0.7913017515923567,0,13,None,66,1,5,False,1000,1000
16204,139,degCent,10,0.7916003184713376,0,13,None,66,1,5,False,1000,1000
16205,135,degCent,10,0.7856289808917197,0,12,None,66,1,5,False,1000,1000
16206,136,degCent,10,0.7863256369426752,0,12,None,66,1,5,False,1000,1000
16207,137,degCent,10,0.7881170382165605,0,12,None,66,1,5,False,1000,1000
16208,138,degCent,10,0.7892117834394905,0,12,None,66,1,5,False,1000,1000
16209,139,degCent,10,0.7906050955414012,0,12,None,66,1,5,False,1000,1000
16210,135,degCent,10,0.7654259554140127,0,25,None,66,1,5,False,1000,1000
16211,136,degCent,10,0.7680135350318471,0,25,None,66,1,5,False,1000,1000
16212,137,degCent,10,0.7706011146496815,0,25,None,66,1,5,False,1000,1000
16213,138,degCent,10,0.7723925159235668,0,25,None,66,1,5,False,1000,1000
16214,139,degCent,10,0.7736863057324841,0,25,None,66,1,5,False,1000,1000
16215,135,degCent,10,0.7668192675159236,0,26,None,66,1,5,False,1000,1000
16216,136,degCent,10,0.7661226114649682,0,26,None,66,1,5,False,1000,1000
16217,137,degCent,10,0.7670183121019108,0,26,None,66,1,5,False,1000,1000
16218,138,degCent,10,0.7681130573248408,0,26,None,66,1,5,False,1000,1000
16219,139,degCent,10,0.7687101910828026,0,26,None,66,1,5,False,1000,1000
16220,135,degCent,10,0.7827428343949044,0,15,None,66,1,5,False,1000,1000
16221,136,degCent,10,0.7828423566878981,0,15,None,66,1,5,False,1000,1000
16222,137,degCent,10,0.78234474522293,0,15,None,66,1,5,False,1000,1000
16223,138,degCent,10,0.7824442675159236,0,15,None,66,1,5,False,1000,1000
16224,139,degCent,10,0.7821457006369427,0,15,None,66,1,5,False,1000,1000
16225,135,degCent,10,0.7832404458598726,0,10,None,66,1,5,False,1000,1000
16226,136,degCent,10,0.7844347133757962,0,10,None,66,1,5,False,1000,1000
16227,137,degCent,10,0.7861265923566879,0,10,None,66,1,5,False,1000,1000
16228,138,degCent,10,0.7872213375796179,0,10,None,66,1,5,False,1000,1000
16229,139,degCent,10,0.7882165605095541,0,10,None,66,1,5,False,1000,1000
16230,135,degCent,10,0.6969546178343949,0,11,None,66,1,5,False,1000,1000
16231,136,degCent,10,0.7010350318471338,0,11,None,66,1,5,False,1000,1000
16232,137,degCent,10,0.7040207006369427,0,11,None,66,1,5,False,1000,1000
16233,138,degCent,10,0.7068073248407644,0,11,None,66,1,5,False,1000,1000
16234,139,degCent,10,0.7092953821656051,0,11,None,66,1,5,False,1000,1000
16235,135,degCent,10,0.6501791401273885,0,28,None,66,1,5,False,1000,1000
16236,136,degCent,10,0.6787420382165605,0,28,None,66,1,5,False,1000,1000
16237,137,degCent,10,0.6928742038216561,0,28,None,66,1,5,False,1000,1000
16238,138,degCent,10,0.6968550955414012,0,28,None,66,1,5,False,1000,1000
16239,139,degCent,10,0.6998407643312102,0,28,None,66,1,5,False,1000,1000
16240,135,degCent,10,0.775577229299363,0,30,None,66,1,5,False,1000,1000
16241,136,degCent,10,0.776671974522293,0,30,None,66,1,5,False,1000,1000
16242,137,degCent,10,0.7790605095541401,0,30,None,66,1,5,False,1000,1000
16243,138,degCent,10,0.7800557324840764,0,30,None,66,1,5,False,1000,1000
16244,139,degCent,10,0.7813495222929936,0,30,None,66,1,5,False,1000,1000
16245,135,degCent,10,0.7789609872611465,0,31,None,66,1,5,False,1000,1000
16246,136,degCent,10,0.7800557324840764,0,31,None,66,1,5,False,1000,1000
16247,137,degCent,10,0.7807523885350318,0,31,None,66,1,5,False,1000,1000
16248,138,degCent,10,0.7808519108280255,0,31,None,66,1,5,False,1000,1000
16249,139,degCent,10,0.7802547770700637,0,31,None,66,1,5,False,1000,1000
16250,135,degCent,10,0.7865246815286624,0,17,None,66,1,5,False,1000,1000
16251,136,degCent,10,0.7868232484076433,0,17,None,66,1,5,False,1000,1000
16252,137,degCent,10,0.7870222929936306,0,17,None,66,1,5,False,1000,1000
16253,138,degCent,10,0.7868232484076433,0,17,None,66,1,5,False,1000,1000
16254,139,degCent,10,0.7868232484076433,0,17,None,66,1,5,False,1000,1000
16255,135,degCent,10,0.7931926751592356,0,24,None,66,1,5,False,1000,1000
16256,136,degCent,10,0.7936902866242038,0,24,None,66,1,5,False,1000,1000
16257,137,degCent,10,0.7934912420382165,0,24,None,66,1,5,False,1000,1000
16258,138,degCent,10,0.7939888535031847,0,24,None,66,1,5,False,1000,1000
16259,139,degCent,10,0.794187898089172,0,24,None,66,1,5,False,1000,1000
16260,135,degCent,10,0.7686106687898089,0,27,None,66,1,5,False,1000,1000
16261,136,degCent,10,0.7698049363057324,0,27,None,66,1,5,False,1000,1000
16262,137,degCent,10,0.7701035031847133,0,27,None,66,1,5,False,1000,1000
16263,138,degCent,10,0.7701035031847133,0,27,None,66,1,5,False,1000,1000
16264,139,degCent,10,0.7706011146496815,0,27,None,66,1,5,False,1000,1000
16265,135,degCent,10,0.7871218152866242,0,9,None,66,1,5,False,1000,1000
16266,136,degCent,10,0.7868232484076433,0,9,None,66,1,5,False,1000,1000
16267,137,degCent,10,0.7875199044585988,0,9,None,66,1,5,False,1000,1000
16268,138,degCent,10,0.7886146496815286,0,9,None,66,1,5,False,1000,1000
16269,139,degCent,10,0.7895103503184714,0,9,None,66,1,5,False,1000,1000
16270,135,degCent,10,0.7677149681528662,0,0,None,66,1,5,False,1000,1000
16271,136,degCent,10,0.7676154458598726,0,0,None,66,1,5,False,1000,1000
16272,137,degCent,10,0.7680135350318471,0,0,None,66,1,5,False,1000,1000
16273,138,degCent,10,0.7685111464968153,0,0,None,66,1,5,False,1000,1000
16274,139,degCent,10,0.7690087579617835,0,0,None,66,1,5,False,1000,1000
16275,135,degCent,10,0.7855294585987261,0,29,None,66,1,5,False,1000,1000
16276,136,degCent,10,0.7845342356687898,0,29,None,66,1,5,False,1000,1000
16277,137,degCent,10,0.7853304140127388,0,29,None,66,1,5,False,1000,1000
16278,138,degCent,10,0.7857285031847133,0,29,None,66,1,5,False,1000,1000
16279,139,degCent,10,0.7859275477707006,0,29,None,66,1,5,False,1000,1000
16280,135,degCent,10,0.7668192675159236,0,18,None,66,1,5,False,1000,1000
16281,136,degCent,10,0.7679140127388535,0,18,None,66,1,5,False,1000,1000
16282,137,degCent,10,0.7691082802547771,0,18,None,66,1,5,False,1000,1000
16283,138,degCent,10,0.7703025477707006,0,18,None,66,1,5,False,1000,1000
16284,139,degCent,10,0.7711982484076433,0,18,None,66,1,5,False,1000,1000
16285,135,degCent,10,0.7662221337579618,0,8,None,66,1,5,False,1000,1000
16286,136,degCent,10,0.7670183121019108,0,8,None,66,1,5,False,1000,1000
16287,137,degCent,10,0.767515923566879,0,8,None,66,1,5,False,1000,1000
16288,138,degCent,10,0.7682125796178344,0,8,None,66,1,5,False,1000,1000
16289,139,degCent,10,0.7697054140127388,0,8,None,66,1,5,False,1000,1000
16290,135,degCent,10,0.7841361464968153,0,19,None,66,1,5,False,1000,1000
16291,136,degCent,10,0.7838375796178344,0,19,None,66,1,5,False,1000,1000
16292,137,degCent,10,0.7845342356687898,0,19,None,66,1,5,False,1000,1000
16293,138,degCent,10,0.7852308917197452,0,19,None,66,1,5,False,1000,1000
16294,139,degCent,10,0.7854299363057324,0,19,None,66,1,5,False,1000,1000
16295,135,degCent,10,0.7817476114649682,0,21,None,66,1,5,False,1000,1000
16296,136,degCent,10,0.78234474522293,0,21,None,66,1,5,False,1000,1000
16297,137,degCent,10,0.7828423566878981,0,21,None,66,1,5,False,1000,1000
16298,138,degCent,10,0.7828423566878981,0,21,None,66,1,5,False,1000,1000
16299,139,degCent,10,0.7828423566878981,0,21,None,66,1,5,False,1000,1000
16300,135,degCent,10,0.7651273885350318,0,4,None,66,1,5,False,1000,1000
16301,136,degCent,10,0.7669187898089171,0,4,None,66,1,5,False,1000,1000
16302,137,degCent,10,0.7686106687898089,0,4,None,66,1,5,False,1000,1000
16303,138,degCent,10,0.7698049363057324,0,4,None,66,1,5,False,1000,1000
16304,139,degCent,10,0.7703025477707006,0,4,None,66,1,5,False,1000,1000
16305,135,degCent,10,0.7668192675159236,0,20,None,66,1,5,False,1000,1000
16306,136,degCent,10,0.7708001592356688,0,20,None,66,1,5,False,1000,1000
16307,137,degCent,10,0.773984872611465,0,20,None,66,1,5,False,1000,1000
16308,138,degCent,10,0.7782643312101911,0,20,None,66,1,5,False,1000,1000
16309,139,degCent,10,0.7813495222929936,0,20,None,66,1,5,False,1000,1000
16310,135,degCent,10,0.772093949044586,0,3,None,66,1,5,False,1000,1000
16311,136,degCent,10,0.7726910828025477,0,3,None,66,1,5,False,1000,1000
16312,137,degCent,10,0.7740843949044586,0,3,None,66,1,5,False,1000,1000
16313,138,degCent,10,0.7752786624203821,0,3,None,66,1,5,False,1000,1000
16314,139,degCent,10,0.7767714968152867,0,3,None,66,1,5,False,1000,1000
16315,135,degCent,10,0.7248208598726115,0,7,None,66,1,5,False,1000,1000
16316,136,degCent,10,0.7281050955414012,0,7,None,66,1,5,False,1000,1000
16317,137,degCent,10,0.7310907643312102,0,7,None,66,1,5,False,1000,1000
16318,138,degCent,10,0.7322850318471338,0,7,None,66,1,5,False,1000,1000
16319,139,degCent,10,0.734375,0,7,None,66,1,5,False,1000,1000
16320,135,degCent,10,0.779359076433121,0,6,None,66,1,5,False,1000,1000
16321,136,degCent,10,0.78015525477707,0,6,None,66,1,5,False,1000,1000
16322,137,degCent,10,0.7814490445859873,0,6,None,66,1,5,False,1000,1000
16323,138,degCent,10,0.7819466560509554,0,6,None,66,1,5,False,1000,1000
16324,139,degCent,10,0.7822452229299363,0,6,None,66,1,5,False,1000,1000
16325,135,degCent,10,0.7577627388535032,0,16,None,66,1,5,False,1000,1000
16326,136,degCent,10,0.7580613057324841,0,16,None,66,1,5,False,1000,1000
16327,137,degCent,10,0.7601512738853503,0,16,None,66,1,5,False,1000,1000
16328,138,degCent,10,0.7616441082802548,0,16,None,66,1,5,False,1000,1000
16329,139,degCent,10,0.7627388535031847,0,16,None,66,1,5,False,1000,1000
16330,135,degCent,10,0.7713972929936306,0,32,None,66,1,5,False,1000,1000
16331,136,degCent,10,0.772890127388535,0,32,None,66,1,5,False,1000,1000
16332,137,degCent,10,0.7741839171974523,0,32,None,66,1,5,False,1000,1000
16333,138,degCent,10,0.7756767515923567,0,32,None,66,1,5,False,1000,1000
16334,139,degCent,10,0.7776671974522293,0,32,None,66,1,5,False,1000,1000
16335,140,degCent,10,0.7704020700636943,0,20,None,66,1,5,False,1000,1000
16336,141,degCent,10,0.7762738853503185,0,20,None,66,1,5,False,1000,1000
16337,142,degCent,10,0.7782643312101911,0,20,None,66,1,5,False,1000,1000
16338,143,degCent,10,0.7825437898089171,0,20,None,66,1,5,False,1000,1000
16339,144,degCent,10,0.785031847133758,0,20,None,66,1,5,False,1000,1000
16340,140,degCent,10,0.7466162420382165,0,1,None,66,1,5,False,1000,1000
16341,141,degCent,10,0.7500995222929936,0,1,None,66,1,5,False,1000,1000
16342,142,degCent,10,0.75109474522293,0,1,None,66,1,5,False,1000,1000
16343,143,degCent,10,0.7530851910828026,0,1,None,66,1,5,False,1000,1000
16344,144,degCent,10,0.753781847133758,0,1,None,66,1,5,False,1000,1000
16345,140,degCent,10,0.7521894904458599,0,2,None,66,1,5,False,1000,1000
16346,141,degCent,10,0.7516918789808917,0,2,None,66,1,5,False,1000,1000
16347,142,degCent,10,0.7530851910828026,0,2,None,66,1,5,False,1000,1000
16348,143,degCent,10,0.7540804140127388,0,2,None,66,1,5,False,1000,1000
16349,144,degCent,10,0.7546775477707006,0,2,None,66,1,5,False,1000,1000
16350,140,degCent,10,0.7250199044585988,0,23,None,66,1,5,False,1000,1000
16351,141,degCent,10,0.7278065286624203,0,23,None,66,1,5,False,1000,1000
16352,142,degCent,10,0.7302945859872612,0,23,None,66,1,5,False,1000,1000
16353,143,degCent,10,0.7336783439490446,0,23,None,66,1,5,False,1000,1000
16354,144,degCent,10,0.7365644904458599,0,23,None,66,1,5,False,1000,1000
16355,140,degCent,10,0.772890127388535,0,32,None,66,1,5,False,1000,1000
16356,141,degCent,10,0.7745820063694268,0,32,None,66,1,5,False,1000,1000
16357,142,degCent,10,0.7764729299363057,0,32,None,66,1,5,False,1000,1000
16358,143,degCent,10,0.7775676751592356,0,32,None,66,1,5,False,1000,1000
16359,144,degCent,10,0.7794585987261147,0,32,None,66,1,5,False,1000,1000
16360,140,degCent,10,0.7880175159235668,0,29,None,66,1,5,False,1000,1000
16361,141,degCent,10,0.7879179936305732,0,29,None,66,1,5,False,1000,1000
16362,142,degCent,10,0.7878184713375797,0,29,None,66,1,5,False,1000,1000
16363,143,degCent,10,0.7873208598726115,0,29,None,66,1,5,False,1000,1000
16364,144,degCent,10,0.7883160828025477,0,29,None,66,1,5,False,1000,1000
16365,140,degCent,10,0.7842356687898089,0,15,None,66,1,5,False,1000,1000
16366,141,degCent,10,0.7843351910828026,0,15,None,66,1,5,False,1000,1000
16367,142,degCent,10,0.7842356687898089,0,15,None,66,1,5,False,1000,1000
16368,143,degCent,10,0.7846337579617835,0,15,None,66,1,5,False,1000,1000
16369,144,degCent,10,0.7845342356687898,0,15,None,66,1,5,False,1000,1000
16370,140,degCent,10,0.7860270700636943,0,10,None,66,1,5,False,1000,1000
16371,141,degCent,10,0.7876194267515924,0,10,None,66,1,5,False,1000,1000
16372,142,degCent,10,0.7888136942675159,0,10,None,66,1,5,False,1000,1000
16373,143,degCent,10,0.7894108280254777,0,10,None,66,1,5,False,1000,1000
16374,144,degCent,10,0.7908041401273885,0,10,None,66,1,5,False,1000,1000
16375,140,degCent,10,0.6968550955414012,0,11,None,66,1,5,False,1000,1000
16376,141,degCent,10,0.7015326433121019,0,11,None,66,1,5,False,1000,1000
16377,142,degCent,10,0.7041202229299363,0,11,None,66,1,5,False,1000,1000
16378,143,degCent,10,0.7060111464968153,0,11,None,66,1,5,False,1000,1000
16379,144,degCent,10,0.7086982484076433,0,11,None,66,1,5,False,1000,1000
16380,140,degCent,10,0.7905055732484076,0,17,None,66,1,5,False,1000,1000
16381,141,degCent,10,0.7897093949044586,0,17,None,66,1,5,False,1000,1000
16382,142,degCent,10,0.7897093949044586,0,17,None,66,1,5,False,1000,1000
16383,143,degCent,10,0.7902070063694268,0,17,None,66,1,5,False,1000,1000
16384,144,degCent,10,0.7910031847133758,0,17,None,66,1,5,False,1000,1000
16385,140,degCent,10,0.6528662420382165,0,28,None,66,1,5,False,1000,1000
16386,141,degCent,10,0.6820262738853503,0,28,None,66,1,5,False,1000,1000
16387,142,degCent,10,0.6961584394904459,0,28,None,66,1,5,False,1000,1000
16388,143,degCent,10,0.7011345541401274,0,28,None,66,1,5,False,1000,1000
16389,144,degCent,10,0.7037221337579618,0,28,None,66,1,5,False,1000,1000
16390,140,degCent,10,0.7706011146496815,0,5,None,66,1,5,False,1000,1000
16391,141,degCent,10,0.7719944267515924,0,5,None,66,1,5,False,1000,1000
16392,142,degCent,10,0.7719944267515924,0,5,None,66,1,5,False,1000,1000
16393,143,degCent,10,0.7734872611464968,0,5,None,66,1,5,False,1000,1000
16394,144,degCent,10,0.7738853503184714,0,5,None,66,1,5,False,1000,1000
16395,140,degCent,10,0.7256170382165605,0,7,None,66,1,5,False,1000,1000
16396,141,degCent,10,0.7292993630573248,0,7,None,66,1,5,False,1000,1000
16397,142,degCent,10,0.7322850318471338,0,7,None,66,1,5,False,1000,1000
16398,143,degCent,10,0.7341759554140127,0,7,None,66,1,5,False,1000,1000
16399,144,degCent,10,0.7353702229299363,0,7,None,66,1,5,False,1000,1000
16400,140,degCent,10,0.7907046178343949,0,9,None,66,1,5,False,1000,1000
16401,141,degCent,10,0.7908041401273885,0,9,None,66,1,5,False,1000,1000
16402,142,degCent,10,0.790406050955414,0,9,None,66,1,5,False,1000,1000
16403,143,degCent,10,0.7911027070063694,0,9,None,66,1,5,False,1000,1000
16404,144,degCent,10,0.7917993630573248,0,9,None,66,1,5,False,1000,1000
16405,140,degCent,10,0.7707006369426752,0,14,None,66,1,5,False,1000,1000
16406,141,degCent,10,0.7736863057324841,0,14,None,66,1,5,False,1000,1000
16407,142,degCent,10,0.7756767515923567,0,14,None,66,1,5,False,1000,1000
16408,143,degCent,10,0.7772691082802548,0,14,None,66,1,5,False,1000,1000
16409,144,degCent,10,0.7790605095541401,0,14,None,66,1,5,False,1000,1000
16410,140,degCent,10,0.7695063694267515,0,22,None,66,1,5,False,1000,1000
16411,141,degCent,10,0.7729896496815286,0,22,None,66,1,5,False,1000,1000
16412,142,degCent,10,0.7750796178343949,0,22,None,66,1,5,False,1000,1000
16413,143,degCent,10,0.7757762738853503,0,22,None,66,1,5,False,1000,1000
16414,144,degCent,10,0.7773686305732485,0,22,None,66,1,5,False,1000,1000
16415,140,degCent,10,0.7686106687898089,0,8,None,66,1,5,False,1000,1000
16416,141,degCent,10,0.769406847133758,0,8,None,66,1,5,False,1000,1000
16417,142,degCent,10,0.7711982484076433,0,8,None,66,1,5,False,1000,1000
16418,143,degCent,10,0.7734872611464968,0,8,None,66,1,5,False,1000,1000
16419,144,degCent,10,0.7732882165605095,0,8,None,66,1,5,False,1000,1000
16420,140,degCent,10,0.7700039808917197,0,4,None,66,1,5,False,1000,1000
16421,141,degCent,10,0.7714968152866242,0,4,None,66,1,5,False,1000,1000
16422,142,degCent,10,0.7732882165605095,0,4,None,66,1,5,False,1000,1000
16423,143,degCent,10,0.7731886942675159,0,4,None,66,1,5,False,1000,1000
16424,144,degCent,10,0.7736863057324841,0,4,None,66,1,5,False,1000,1000
16425,140,degCent,10,0.7605493630573248,0,16,None,66,1,5,False,1000,1000
16426,141,degCent,10,0.7622412420382165,0,16,None,66,1,5,False,1000,1000
16427,142,degCent,10,0.7625398089171974,0,16,None,66,1,5,False,1000,1000
16428,143,degCent,10,0.7639331210191083,0,16,None,66,1,5,False,1000,1000
16429,144,degCent,10,0.7647292993630573,0,16,None,66,1,5,False,1000,1000
16430,140,degCent,10,0.7809514331210191,0,31,None,66,1,5,False,1000,1000
16431,141,degCent,10,0.7819466560509554,0,31,None,66,1,5,False,1000,1000
16432,142,degCent,10,0.7818471337579618,0,31,None,66,1,5,False,1000,1000
16433,143,degCent,10,0.7819466560509554,0,31,None,66,1,5,False,1000,1000
16434,144,degCent,10,0.7833399681528662,0,31,None,66,1,5,False,1000,1000
16435,140,degCent,10,0.7677149681528662,0,18,None,66,1,5,False,1000,1000
16436,141,degCent,10,0.7693073248407644,0,18,None,66,1,5,False,1000,1000
16437,142,degCent,10,0.7700039808917197,0,18,None,66,1,5,False,1000,1000
16438,143,degCent,10,0.7715963375796179,0,18,None,66,1,5,False,1000,1000
16439,144,degCent,10,0.7723925159235668,0,18,None,66,1,5,False,1000,1000
16440,140,degCent,10,0.7851313694267515,0,19,None,66,1,5,False,1000,1000
16441,141,degCent,10,0.7848328025477707,0,19,None,66,1,5,False,1000,1000
16442,142,degCent,10,0.7855294585987261,0,19,None,66,1,5,False,1000,1000
16443,143,degCent,10,0.786922770700637,0,19,None,66,1,5,False,1000,1000
16444,144,degCent,10,0.7872213375796179,0,19,None,66,1,5,False,1000,1000
16445,140,degCent,10,0.7847332802547771,0,21,None,66,1,5,False,1000,1000
16446,141,degCent,10,0.7845342356687898,0,21,None,66,1,5,False,1000,1000
16447,142,degCent,10,0.7848328025477707,0,21,None,66,1,5,False,1000,1000
16448,143,degCent,10,0.7857285031847133,0,21,None,66,1,5,False,1000,1000
16449,144,degCent,10,0.7860270700636943,0,21,None,66,1,5,False,1000,1000
16450,140,degCent,10,0.770203025477707,0,0,None,66,1,5,False,1000,1000
16451,141,degCent,10,0.7704020700636943,0,0,None,66,1,5,False,1000,1000
16452,142,degCent,10,0.7709992038216561,0,0,None,66,1,5,False,1000,1000
16453,143,degCent,10,0.772093949044586,0,0,None,66,1,5,False,1000,1000
16454,144,degCent,10,0.7726910828025477,0,0,None,66,1,5,False,1000,1000
16455,140,degCent,10,0.7954816878980892,0,24,None,66,1,5,False,1000,1000
16456,141,degCent,10,0.7945859872611465,0,24,None,66,1,5,False,1000,1000
16457,142,degCent,10,0.7952826433121019,0,24,None,66,1,5,False,1000,1000
16458,143,degCent,10,0.7954816878980892,0,24,None,66,1,5,False,1000,1000
16459,144,degCent,10,0.7951831210191083,0,24,None,66,1,5,False,1000,1000
16460,140,degCent,10,0.7882165605095541,0,12,None,66,1,5,False,1000,1000
16461,141,degCent,10,0.7888136942675159,0,12,None,66,1,5,False,1000,1000
16462,142,degCent,10,0.7903065286624203,0,12,None,66,1,5,False,1000,1000
16463,143,degCent,10,0.7915007961783439,0,12,None,66,1,5,False,1000,1000
16464,144,degCent,10,0.7921974522292994,0,12,None,66,1,5,False,1000,1000
16465,140,degCent,10,0.794187898089172,0,13,None,66,1,5,False,1000,1000
16466,141,degCent,10,0.7945859872611465,0,13,None,66,1,5,False,1000,1000
16467,142,degCent,10,0.7950835987261147,0,13,None,66,1,5,False,1000,1000
16468,143,degCent,10,0.7947850318471338,0,13,None,66,1,5,False,1000,1000
16469,144,degCent,10,0.7942874203821656,0,13,None,66,1,5,False,1000,1000
16470,140,degCent,10,0.777468152866242,0,3,None,66,1,5,False,1000,1000
16471,141,degCent,10,0.7776671974522293,0,3,None,66,1,5,False,1000,1000
16472,142,degCent,10,0.7784633757961783,0,3,None,66,1,5,False,1000,1000
16473,143,degCent,10,0.7794585987261147,0,3,None,66,1,5,False,1000,1000
16474,144,degCent,10,0.7798566878980892,0,3,None,66,1,5,False,1000,1000
16475,140,degCent,10,0.7636345541401274,0,25,None,66,1,5,False,1000,1000
16476,141,degCent,10,0.76671974522293,0,25,None,66,1,5,False,1000,1000
16477,142,degCent,10,0.7687101910828026,0,25,None,66,1,5,False,1000,1000
16478,143,degCent,10,0.7703025477707006,0,25,None,66,1,5,False,1000,1000
16479,144,degCent,10,0.7722929936305732,0,25,None,66,1,5,False,1000,1000
16480,140,degCent,10,0.7674164012738853,0,26,None,66,1,5,False,1000,1000
16481,141,degCent,10,0.7674164012738853,0,26,None,66,1,5,False,1000,1000
16482,142,degCent,10,0.7677149681528662,0,26,None,66,1,5,False,1000,1000
16483,143,degCent,10,0.7680135350318471,0,26,None,66,1,5,False,1000,1000
16484,144,degCent,10,0.7691082802547771,0,26,None,66,1,5,False,1000,1000
16485,145,degCent,10,0.7861265923566879,0,15,None,66,1,5,False,1000,1000
16486,146,degCent,10,0.7859275477707006,0,15,None,66,1,5,False,1000,1000
16487,147,degCent,10,0.7854299363057324,0,15,None,66,1,5,False,1000,1000
16488,148,degCent,10,0.7857285031847133,0,15,None,66,1,5,False,1000,1000
16489,149,degCent,10,0.785828025477707,0,15,None,66,1,5,False,1000,1000
16490,145,degCent,10,0.6952627388535032,0,11,None,66,1,5,False,1000,1000
16491,146,degCent,10,0.7003383757961783,0,11,None,66,1,5,False,1000,1000
16492,147,degCent,10,0.7029259554140127,0,11,None,66,1,5,False,1000,1000
16493,148,degCent,10,0.7059116242038217,0,11,None,66,1,5,False,1000,1000
16494,149,degCent,10,0.7090963375796179,0,11,None,66,1,5,False,1000,1000
16495,145,degCent,10,0.7874203821656051,0,19,None,66,1,5,False,1000,1000
16496,146,degCent,10,0.7872213375796179,0,19,None,66,1,5,False,1000,1000
16497,147,degCent,10,0.7873208598726115,0,19,None,66,1,5,False,1000,1000
16498,148,degCent,10,0.7880175159235668,0,19,None,66,1,5,False,1000,1000
16499,149,degCent,10,0.7889132165605095,0,19,None,66,1,5,False,1000,1000
16500,140,degCent,10,0.7740843949044586,0,27,None,66,1,5,False,1000,1000
16501,141,degCent,10,0.7734872611464968,0,27,None,66,1,5,False,1000,1000
16502,142,degCent,10,0.774781050955414,0,27,None,66,1,5,False,1000,1000
16503,143,degCent,10,0.7752786624203821,0,27,None,66,1,5,False,1000,1000
16504,144,degCent,10,0.7765724522292994,0,27,None,66,1,5,False,1000,1000
16505,140,degCent,10,0.7845342356687898,0,6,None,66,1,5,False,1000,1000
16506,141,degCent,10,0.7845342356687898,0,6,None,66,1,5,False,1000,1000
16507,142,degCent,10,0.7846337579617835,0,6,None,66,1,5,False,1000,1000
16508,143,degCent,10,0.7843351910828026,0,6,None,66,1,5,False,1000,1000
16509,144,degCent,10,0.7848328025477707,0,6,None,66,1,5,False,1000,1000
16510,140,degCent,10,0.7772691082802548,0,30,None,66,1,5,False,1000,1000
16511,141,degCent,10,0.7809514331210191,0,30,None,66,1,5,False,1000,1000
16512,142,degCent,10,0.7816480891719745,0,30,None,66,1,5,False,1000,1000
16513,143,degCent,10,0.7820461783439491,0,30,None,66,1,5,False,1000,1000
16514,144,degCent,10,0.7828423566878981,0,30,None,66,1,5,False,1000,1000
16515,145,degCent,10,0.7919984076433121,0,17,None,66,1,5,False,1000,1000
16516,146,degCent,10,0.7929936305732485,0,17,None,66,1,5,False,1000,1000
16517,147,degCent,10,0.793093152866242,0,17,None,66,1,5,False,1000,1000
16518,148,degCent,10,0.7929936305732485,0,17,None,66,1,5,False,1000,1000
16519,149,degCent,10,0.7925955414012739,0,17,None,66,1,5,False,1000,1000
16520,145,degCent,10,0.7474124203821656,0,1,None,66,1,5,False,1000,1000
16521,146,degCent,10,0.7492038216560509,0,1,None,66,1,5,False,1000,1000
16522,147,degCent,10,0.7521894904458599,0,1,None,66,1,5,False,1000,1000
16523,148,degCent,10,0.7528861464968153,0,1,None,66,1,5,False,1000,1000
16524,149,degCent,10,0.7530851910828026,0,1,None,66,1,5,False,1000,1000
16525,145,degCent,10,0.7554737261146497,0,2,None,66,1,5,False,1000,1000
16526,146,degCent,10,0.7569665605095541,0,2,None,66,1,5,False,1000,1000
16527,147,degCent,10,0.757265127388535,0,2,None,66,1,5,False,1000,1000
16528,148,degCent,10,0.7594546178343949,0,2,None,66,1,5,False,1000,1000
16529,149,degCent,10,0.7606488853503185,0,2,None,66,1,5,False,1000,1000
16530,145,degCent,10,0.7836385350318471,0,21,None,66,1,5,False,1000,1000
16531,146,degCent,10,0.7841361464968153,0,21,None,66,1,5,False,1000,1000
16532,147,degCent,10,0.7855294585987261,0,21,None,66,1,5,False,1000,1000
16533,148,degCent,10,0.7860270700636943,0,21,None,66,1,5,False,1000,1000
16534,149,degCent,10,0.7868232484076433,0,21,None,66,1,5,False,1000,1000
16535,145,degCent,10,0.6548566878980892,0,28,None,66,1,5,False,1000,1000
16536,146,degCent,10,0.6851114649681529,0,28,None,66,1,5,False,1000,1000
16537,147,degCent,10,0.7006369426751592,0,28,None,66,1,5,False,1000,1000
16538,148,degCent,10,0.7047173566878981,0,28,None,66,1,5,False,1000,1000
16539,149,degCent,10,0.7065087579617835,0,28,None,66,1,5,False,1000,1000
16540,145,degCent,10,0.7966759554140127,0,24,None,66,1,5,False,1000,1000
16541,146,degCent,10,0.7964769108280255,0,24,None,66,1,5,False,1000,1000
16542,147,degCent,10,0.7971735668789809,0,24,None,66,1,5,False,1000,1000
16543,148,degCent,10,0.7967754777070064,0,24,None,66,1,5,False,1000,1000
16544,149,degCent,10,0.7975716560509554,0,24,None,66,1,5,False,1000,1000
16545,145,degCent,10,0.7698049363057324,0,18,None,66,1,5,False,1000,1000
16546,146,degCent,10,0.771297770700637,0,18,None,66,1,5,False,1000,1000
16547,147,degCent,10,0.772890127388535,0,18,None,66,1,5,False,1000,1000
16548,148,degCent,10,0.7738853503184714,0,18,None,66,1,5,False,1000,1000
16549,149,degCent,10,0.773984872611465,0,18,None,66,1,5,False,1000,1000
16550,145,degCent,10,0.7778662420382165,0,27,None,66,1,5,False,1000,1000
16551,146,degCent,10,0.7787619426751592,0,27,None,66,1,5,False,1000,1000
16552,147,degCent,10,0.7802547770700637,0,27,None,66,1,5,False,1000,1000
16553,148,degCent,10,0.78125,0,27,None,66,1,5,False,1000,1000
16554,149,degCent,10,0.7820461783439491,0,27,None,66,1,5,False,1000,1000
16555,145,degCent,10,0.7821457006369427,0,31,None,66,1,5,False,1000,1000
16556,146,degCent,10,0.7835390127388535,0,31,None,66,1,5,False,1000,1000
16557,147,degCent,10,0.7840366242038217,0,31,None,66,1,5,False,1000,1000
16558,148,degCent,10,0.7838375796178344,0,31,None,66,1,5,False,1000,1000
16559,149,degCent,10,0.7842356687898089,0,31,None,66,1,5,False,1000,1000
16560,145,degCent,10,0.7806528662420382,0,30,None,66,1,5,False,1000,1000
16561,146,degCent,10,0.7830414012738853,0,30,None,66,1,5,False,1000,1000
16562,147,degCent,10,0.7852308917197452,0,30,None,66,1,5,False,1000,1000
16563,148,degCent,10,0.7866242038216561,0,30,None,66,1,5,False,1000,1000
16564,149,degCent,10,0.7874203821656051,0,30,None,66,1,5,False,1000,1000
16565,145,degCent,10,0.7626393312101911,0,16,None,66,1,5,False,1000,1000
16566,146,degCent,10,0.7647292993630573,0,16,None,66,1,5,False,1000,1000
16567,147,degCent,10,0.7663216560509554,0,16,None,66,1,5,False,1000,1000
16568,148,degCent,10,0.7684116242038217,0,16,None,66,1,5,False,1000,1000
16569,149,degCent,10,0.7688097133757962,0,16,None,66,1,5,False,1000,1000
16570,145,degCent,10,0.7255175159235668,0,7,None,66,1,5,False,1000,1000
16571,146,degCent,10,0.7294984076433121,0,7,None,66,1,5,False,1000,1000
16572,147,degCent,10,0.7330812101910829,0,7,None,66,1,5,False,1000,1000
16573,148,degCent,10,0.7351711783439491,0,7,None,66,1,5,False,1000,1000
16574,149,degCent,10,0.736265923566879,0,7,None,66,1,5,False,1000,1000
16575,145,degCent,10,0.7958797770700637,0,13,None,66,1,5,False,1000,1000
16576,146,degCent,10,0.7971735668789809,0,13,None,66,1,5,False,1000,1000
16577,147,degCent,10,0.7982683121019108,0,13,None,66,1,5,False,1000,1000
16578,148,degCent,10,0.7978702229299363,0,13,None,66,1,5,False,1000,1000
16579,149,degCent,10,0.7973726114649682,0,13,None,66,1,5,False,1000,1000
16580,145,degCent,10,0.7765724522292994,0,14,None,66,1,5,False,1000,1000
16581,146,degCent,10,0.7781648089171974,0,14,None,66,1,5,False,1000,1000
16582,147,degCent,10,0.7790605095541401,0,14,None,66,1,5,False,1000,1000
16583,148,degCent,10,0.7807523885350318,0,14,None,66,1,5,False,1000,1000
16584,149,degCent,10,0.7820461783439491,0,14,None,66,1,5,False,1000,1000
16585,145,degCent,10,0.7691082802547771,0,26,None,66,1,5,False,1000,1000
16586,146,degCent,10,0.7680135350318471,0,26,None,66,1,5,False,1000,1000
16587,147,degCent,10,0.768312101910828,0,26,None,66,1,5,False,1000,1000
16588,148,degCent,10,0.7698049363057324,0,26,None,66,1,5,False,1000,1000
16589,149,degCent,10,0.7707006369426752,0,26,None,66,1,5,False,1000,1000
16590,145,degCent,10,0.7604498407643312,0,25,None,66,1,5,False,1000,1000
16591,146,degCent,10,0.7650278662420382,0,25,None,66,1,5,False,1000,1000
16592,147,degCent,10,0.768312101910828,0,25,None,66,1,5,False,1000,1000
16593,148,degCent,10,0.7695063694267515,0,25,None,66,1,5,False,1000,1000
16594,149,degCent,10,0.7716958598726115,0,25,None,66,1,5,False,1000,1000
16595,145,degCent,10,0.790406050955414,0,12,None,66,1,5,False,1000,1000
16596,146,degCent,10,0.7916003184713376,0,12,None,66,1,5,False,1000,1000
16597,147,degCent,10,0.7929936305732485,0,12,None,66,1,5,False,1000,1000
16598,148,degCent,10,0.7928941082802548,0,12,None,66,1,5,False,1000,1000
16599,149,degCent,10,0.7933917197452229,0,12,None,66,1,5,False,1000,1000
16600,145,degCent,10,0.7895103503184714,0,29,None,66,1,5,False,1000,1000
16601,146,degCent,10,0.7900079617834395,0,29,None,66,1,5,False,1000,1000
16602,147,degCent,10,0.7895103503184714,0,29,None,66,1,5,False,1000,1000
16603,148,degCent,10,0.7907046178343949,0,29,None,66,1,5,False,1000,1000
16604,149,degCent,10,0.7908041401273885,0,29,None,66,1,5,False,1000,1000
16605,145,degCent,10,0.7927945859872612,0,9,None,66,1,5,False,1000,1000
16606,146,degCent,10,0.7929936305732485,0,9,None,66,1,5,False,1000,1000
16607,147,degCent,10,0.7921974522292994,0,9,None,66,1,5,False,1000,1000
16608,148,degCent,10,0.7935907643312102,0,9,None,66,1,5,False,1000,1000
16609,149,degCent,10,0.7940883757961783,0,9,None,66,1,5,False,1000,1000
16610,145,degCent,10,0.7724920382165605,0,5,None,66,1,5,False,1000,1000
16611,146,degCent,10,0.7742834394904459,0,5,None,66,1,5,False,1000,1000
16612,147,degCent,10,0.7756767515923567,0,5,None,66,1,5,False,1000,1000
16613,148,degCent,10,0.7759753184713376,0,5,None,66,1,5,False,1000,1000
16614,149,degCent,10,0.7767714968152867,0,5,None,66,1,5,False,1000,1000
16615,145,degCent,10,0.7745820063694268,0,0,None,66,1,5,False,1000,1000
16616,146,degCent,10,0.7744824840764332,0,0,None,66,1,5,False,1000,1000
16617,147,degCent,10,0.7750796178343949,0,0,None,66,1,5,False,1000,1000
16618,148,degCent,10,0.7762738853503185,0,0,None,66,1,5,False,1000,1000
16619,149,degCent,10,0.7763734076433121,0,0,None,66,1,5,False,1000,1000
16620,145,degCent,10,0.7803542993630573,0,3,None,66,1,5,False,1000,1000
16621,146,degCent,10,0.7806528662420382,0,3,None,66,1,5,False,1000,1000
16622,147,degCent,10,0.7813495222929936,0,3,None,66,1,5,False,1000,1000
16623,148,degCent,10,0.7818471337579618,0,3,None,66,1,5,False,1000,1000
16624,149,degCent,10,0.783140923566879,0,3,None,66,1,5,False,1000,1000
16625,145,degCent,10,0.7721934713375797,0,4,None,66,1,5,False,1000,1000
16626,146,degCent,10,0.7737858280254777,0,4,None,66,1,5,False,1000,1000
16627,147,degCent,10,0.7753781847133758,0,4,None,66,1,5,False,1000,1000
16628,148,degCent,10,0.7765724522292994,0,4,None,66,1,5,False,1000,1000
16629,149,degCent,10,0.7777667197452229,0,4,None,66,1,5,False,1000,1000
16630,145,degCent,10,0.7713972929936306,0,8,None,66,1,5,False,1000,1000
16631,146,degCent,10,0.7724920382165605,0,8,None,66,1,5,False,1000,1000
16632,147,degCent,10,0.7742834394904459,0,8,None,66,1,5,False,1000,1000
16633,148,degCent,10,0.7753781847133758,0,8,None,66,1,5,False,1000,1000
16634,149,degCent,10,0.7756767515923567,0,8,None,66,1,5,False,1000,1000
16635,145,degCent,10,0.7862261146496815,0,6,None,66,1,5,False,1000,1000
16636,146,degCent,10,0.7864251592356688,0,6,None,66,1,5,False,1000,1000
16637,147,degCent,10,0.7876194267515924,0,6,None,66,1,5,False,1000,1000
16638,148,degCent,10,0.7875199044585988,0,6,None,66,1,5,False,1000,1000
16639,149,degCent,10,0.7875199044585988,0,6,None,66,1,5,False,1000,1000
16640,145,degCent,10,0.7908041401273885,0,10,None,66,1,5,False,1000,1000
16641,146,degCent,10,0.7924960191082803,0,10,None,66,1,5,False,1000,1000
16642,147,degCent,10,0.7919984076433121,0,10,None,66,1,5,False,1000,1000
16643,148,degCent,10,0.7929936305732485,0,10,None,66,1,5,False,1000,1000
16644,149,degCent,10,0.7937898089171974,0,10,None,66,1,5,False,1000,1000
16645,145,degCent,10,0.7740843949044586,0,20,None,66,1,5,False,1000,1000
16646,146,degCent,10,0.7794585987261147,0,20,None,66,1,5,False,1000,1000
16647,147,degCent,10,0.7833399681528662,0,20,None,66,1,5,False,1000,1000
16648,148,degCent,10,0.7861265923566879,0,20,None,66,1,5,False,1000,1000
16649,149,degCent,10,0.7902070063694268,0,20,None,66,1,5,False,1000,1000
16650,145,degCent,10,0.7733877388535032,0,22,None,66,1,5,False,1000,1000
16651,146,degCent,10,0.7765724522292994,0,22,None,66,1,5,False,1000,1000
16652,147,degCent,10,0.7786624203821656,0,22,None,66,1,5,False,1000,1000
16653,148,degCent,10,0.7794585987261147,0,22,None,66,1,5,False,1000,1000
16654,149,degCent,10,0.7800557324840764,0,22,None,66,1,5,False,1000,1000
16655,145,degCent,10,0.7277070063694268,0,23,None,66,1,5,False,1000,1000
16656,146,degCent,10,0.7307921974522293,0,23,None,66,1,5,False,1000,1000
16657,147,degCent,10,0.734375,0,23,None,66,1,5,False,1000,1000
16658,148,degCent,10,0.7369625796178344,0,23,None,66,1,5,False,1000,1000
16659,149,degCent,10,0.7394506369426752,0,23,None,66,1,5,False,1000,1000
16660,145,degCent,10,0.7752786624203821,0,32,None,66,1,5,False,1000,1000
16661,146,degCent,10,0.7760748407643312,0,32,None,66,1,5,False,1000,1000
16662,147,degCent,10,0.7768710191082803,0,32,None,66,1,5,False,1000,1000
16663,148,degCent,10,0.7787619426751592,0,32,None,66,1,5,False,1000,1000
16664,149,degCent,10,0.7802547770700637,0,32,None,66,1,5,False,1000,1000
16665,150,degCent,10,0.746218152866242,0,1,None,66,1,5,False,1000,1000
16666,151,degCent,10,0.74890525477707,0,1,None,66,1,5,False,1000,1000
16667,152,degCent,10,0.7513933121019108,0,1,None,66,1,5,False,1000,1000
16668,153,degCent,10,0.7528861464968153,0,1,None,66,1,5,False,1000,1000
16669,154,degCent,10,0.7544785031847133,0,1,None,66,1,5,False,1000,1000
16670,150,degCent,10,0.7584593949044586,0,2,None,66,1,5,False,1000,1000
16671,151,degCent,10,0.7608479299363057,0,2,None,66,1,5,False,1000,1000
16672,152,degCent,10,0.7623407643312102,0,2,None,66,1,5,False,1000,1000
16673,153,degCent,10,0.7634355095541401,0,2,None,66,1,5,False,1000,1000
16674,154,degCent,10,0.7644307324840764,0,2,None,66,1,5,False,1000,1000
16675,150,degCent,10,0.6558519108280255,0,28,None,66,1,5,False,1000,1000
16676,151,degCent,10,0.6890923566878981,0,28,None,66,1,5,False,1000,1000
16677,152,degCent,10,0.7051154458598726,0,28,None,66,1,5,False,1000,1000
16678,153,degCent,10,0.7084992038216561,0,28,None,66,1,5,False,1000,1000
16679,154,degCent,10,0.7111863057324841,0,28,None,66,1,5,False,1000,1000
16680,150,degCent,10,0.7300955414012739,0,23,None,66,1,5,False,1000,1000
16681,151,degCent,10,0.73328025477707,0,23,None,66,1,5,False,1000,1000
16682,152,degCent,10,0.7369625796178344,0,23,None,66,1,5,False,1000,1000
16683,153,degCent,10,0.7397492038216561,0,23,None,66,1,5,False,1000,1000
16684,154,degCent,10,0.7420382165605095,0,23,None,66,1,5,False,1000,1000
16685,150,degCent,10,0.7918988853503185,0,29,None,66,1,5,False,1000,1000
16686,151,degCent,10,0.7924960191082803,0,29,None,66,1,5,False,1000,1000
16687,152,degCent,10,0.7928941082802548,0,29,None,66,1,5,False,1000,1000
16688,153,degCent,10,0.793093152866242,0,29,None,66,1,5,False,1000,1000
16689,154,degCent,10,0.7934912420382165,0,29,None,66,1,5,False,1000,1000
16690,150,degCent,10,0.7880175159235668,0,15,None,66,1,5,False,1000,1000
16691,151,degCent,10,0.7879179936305732,0,15,None,66,1,5,False,1000,1000
16692,152,degCent,10,0.7881170382165605,0,15,None,66,1,5,False,1000,1000
16693,153,degCent,10,0.7881170382165605,0,15,None,66,1,5,False,1000,1000
16694,154,degCent,10,0.7888136942675159,0,15,None,66,1,5,False,1000,1000
16695,150,degCent,10,0.7919984076433121,0,10,None,66,1,5,False,1000,1000
16696,151,degCent,10,0.7935907643312102,0,10,None,66,1,5,False,1000,1000
16697,152,degCent,10,0.7945859872611465,0,10,None,66,1,5,False,1000,1000
16698,153,degCent,10,0.7953821656050956,0,10,None,66,1,5,False,1000,1000
16699,154,degCent,10,0.7962778662420382,0,10,None,66,1,5,False,1000,1000
16700,150,degCent,10,0.7988654458598726,0,13,None,66,1,5,False,1000,1000
16701,151,degCent,10,0.7994625796178344,0,13,None,66,1,5,False,1000,1000
16702,152,degCent,10,0.7997611464968153,0,13,None,66,1,5,False,1000,1000
16703,153,degCent,10,0.7996616242038217,0,13,None,66,1,5,False,1000,1000
16704,154,degCent,10,0.7999601910828026,0,13,None,66,1,5,False,1000,1000
16705,150,degCent,10,0.6943670382165605,0,11,None,66,1,5,False,1000,1000
16706,151,degCent,10,0.7006369426751592,0,11,None,66,1,5,False,1000,1000
16707,152,degCent,10,0.7035230891719745,0,11,None,66,1,5,False,1000,1000
16708,153,degCent,10,0.7065087579617835,0,11,None,66,1,5,False,1000,1000
16709,154,degCent,10,0.708797770700637,0,11,None,66,1,5,False,1000,1000
16710,150,degCent,10,0.7938893312101911,0,17,None,66,1,5,False,1000,1000
16711,151,degCent,10,0.7936902866242038,0,17,None,66,1,5,False,1000,1000
16712,152,degCent,10,0.7945859872611465,0,17,None,66,1,5,False,1000,1000
16713,153,degCent,10,0.7950835987261147,0,17,None,66,1,5,False,1000,1000
16714,154,degCent,10,0.7953821656050956,0,17,None,66,1,5,False,1000,1000
16715,150,degCent,10,0.7984673566878981,0,24,None,66,1,5,False,1000,1000
16716,151,degCent,10,0.7980692675159236,0,24,None,66,1,5,False,1000,1000
16717,152,degCent,10,0.7993630573248408,0,24,None,66,1,5,False,1000,1000
16718,153,degCent,10,0.7990644904458599,0,24,None,66,1,5,False,1000,1000
16719,154,degCent,10,0.7996616242038217,0,24,None,66,1,5,False,1000,1000
16720,150,degCent,10,0.7836385350318471,0,31,None,66,1,5,False,1000,1000
16721,151,degCent,10,0.783937101910828,0,31,None,66,1,5,False,1000,1000
16722,152,degCent,10,0.785828025477707,0,31,None,66,1,5,False,1000,1000
16723,153,degCent,10,0.7857285031847133,0,31,None,66,1,5,False,1000,1000
16724,154,degCent,10,0.7866242038216561,0,31,None,66,1,5,False,1000,1000
16725,150,degCent,10,0.7795581210191083,0,20,None,66,1,5,False,1000,1000
16726,151,degCent,10,0.7838375796178344,0,20,None,66,1,5,False,1000,1000
16727,152,degCent,10,0.7871218152866242,0,20,None,66,1,5,False,1000,1000
16728,153,degCent,10,0.7917993630573248,0,20,None,66,1,5,False,1000,1000
16729,154,degCent,10,0.7937898089171974,0,20,None,66,1,5,False,1000,1000
16730,150,degCent,10,0.7769705414012739,0,32,None,66,1,5,False,1000,1000
16731,151,degCent,10,0.7784633757961783,0,32,None,66,1,5,False,1000,1000
16732,152,degCent,10,0.7790605095541401,0,32,None,66,1,5,False,1000,1000
16733,153,degCent,10,0.7810509554140127,0,32,None,66,1,5,False,1000,1000
16734,154,degCent,10,0.783140923566879,0,32,None,66,1,5,False,1000,1000
16735,150,degCent,10,0.726015127388535,0,7,None,66,1,5,False,1000,1000
16736,151,degCent,10,0.7292993630573248,0,7,None,66,1,5,False,1000,1000
16737,152,degCent,10,0.7325835987261147,0,7,None,66,1,5,False,1000,1000
16738,153,degCent,10,0.7356687898089171,0,7,None,66,1,5,False,1000,1000
16739,154,degCent,10,0.7366640127388535,0,7,None,66,1,5,False,1000,1000
16740,150,degCent,10,0.7856289808917197,0,21,None,66,1,5,False,1000,1000
16741,151,degCent,10,0.7870222929936306,0,21,None,66,1,5,False,1000,1000
16742,152,degCent,10,0.7879179936305732,0,21,None,66,1,5,False,1000,1000
16743,153,degCent,10,0.7884156050955414,0,21,None,66,1,5,False,1000,1000
16744,154,degCent,10,0.7889132165605095,0,21,None,66,1,5,False,1000,1000
16745,150,degCent,10,0.7719944267515924,0,26,None,66,1,5,False,1000,1000
16746,151,degCent,10,0.772093949044586,0,26,None,66,1,5,False,1000,1000
16747,152,degCent,10,0.7726910828025477,0,26,None,66,1,5,False,1000,1000
16748,153,degCent,10,0.7741839171974523,0,26,None,66,1,5,False,1000,1000
16749,154,degCent,10,0.7754777070063694,0,26,None,66,1,5,False,1000,1000
16750,150,degCent,10,0.7798566878980892,0,30,None,66,1,5,False,1000,1000
16751,151,degCent,10,0.7851313694267515,0,30,None,66,1,5,False,1000,1000
16752,152,degCent,10,0.7859275477707006,0,30,None,66,1,5,False,1000,1000
16753,153,degCent,10,0.7876194267515924,0,30,None,66,1,5,False,1000,1000
16754,154,degCent,10,0.7891122611464968,0,30,None,66,1,5,False,1000,1000
16755,150,degCent,10,0.7813495222929936,0,27,None,66,1,5,False,1000,1000
16756,151,degCent,10,0.7822452229299363,0,27,None,66,1,5,False,1000,1000
16757,152,degCent,10,0.7833399681528662,0,27,None,66,1,5,False,1000,1000
16758,153,degCent,10,0.7841361464968153,0,27,None,66,1,5,False,1000,1000
16759,154,degCent,10,0.7851313694267515,0,27,None,66,1,5,False,1000,1000
16760,150,degCent,10,0.7693073248407644,0,25,None,66,1,5,False,1000,1000
16761,151,degCent,10,0.7718949044585988,0,25,None,66,1,5,False,1000,1000
16762,152,degCent,10,0.7743829617834395,0,25,None,66,1,5,False,1000,1000
16763,153,degCent,10,0.7761743630573248,0,25,None,66,1,5,False,1000,1000
16764,154,degCent,10,0.7786624203821656,0,25,None,66,1,5,False,1000,1000
16765,150,degCent,10,0.7933917197452229,0,12,None,66,1,5,False,1000,1000
16766,151,degCent,10,0.7944864649681529,0,12,None,66,1,5,False,1000,1000
16767,152,degCent,10,0.7948845541401274,0,12,None,66,1,5,False,1000,1000
16768,153,degCent,10,0.7953821656050956,0,12,None,66,1,5,False,1000,1000
16769,154,degCent,10,0.7956807324840764,0,12,None,66,1,5,False,1000,1000
16770,150,degCent,10,0.7673168789808917,0,16,None,66,1,5,False,1000,1000
16771,151,degCent,10,0.7688097133757962,0,16,None,66,1,5,False,1000,1000
16772,152,degCent,10,0.7708996815286624,0,16,None,66,1,5,False,1000,1000
16773,153,degCent,10,0.7718949044585988,0,16,None,66,1,5,False,1000,1000
16774,154,degCent,10,0.7730891719745223,0,16,None,66,1,5,False,1000,1000
16775,150,degCent,10,0.7744824840764332,0,8,None,66,1,5,False,1000,1000
16776,151,degCent,10,0.7753781847133758,0,8,None,66,1,5,False,1000,1000
16777,152,degCent,10,0.7781648089171974,0,8,None,66,1,5,False,1000,1000
16778,153,degCent,10,0.7791600318471338,0,8,None,66,1,5,False,1000,1000
16779,154,degCent,10,0.7800557324840764,0,8,None,66,1,5,False,1000,1000
16780,150,degCent,10,0.770203025477707,0,18,None,66,1,5,False,1000,1000
16781,151,degCent,10,0.7713972929936306,0,18,None,66,1,5,False,1000,1000
16782,152,degCent,10,0.7732882165605095,0,18,None,66,1,5,False,1000,1000
16783,153,degCent,10,0.774781050955414,0,18,None,66,1,5,False,1000,1000
16784,154,degCent,10,0.7760748407643312,0,18,None,66,1,5,False,1000,1000
16785,150,degCent,10,0.7898089171974523,0,19,None,66,1,5,False,1000,1000
16786,151,degCent,10,0.7901074840764332,0,19,None,66,1,5,False,1000,1000
16787,152,degCent,10,0.7906050955414012,0,19,None,66,1,5,False,1000,1000
16788,153,degCent,10,0.7908041401273885,0,19,None,66,1,5,False,1000,1000
16789,154,degCent,10,0.7908041401273885,0,19,None,66,1,5,False,1000,1000
16790,150,degCent,10,0.778562898089172,0,0,None,66,1,5,False,1000,1000
16791,151,degCent,10,0.7780652866242038,0,0,None,66,1,5,False,1000,1000
16792,152,degCent,10,0.7786624203821656,0,0,None,66,1,5,False,1000,1000
16793,153,degCent,10,0.7789609872611465,0,0,None,66,1,5,False,1000,1000
16794,154,degCent,10,0.7792595541401274,0,0,None,66,1,5,False,1000,1000
16795,150,degCent,10,0.7838375796178344,0,3,None,66,1,5,False,1000,1000
16796,151,degCent,10,0.7845342356687898,0,3,None,66,1,5,False,1000,1000
16797,152,degCent,10,0.7845342356687898,0,3,None,66,1,5,False,1000,1000
16798,153,degCent,10,0.7859275477707006,0,3,None,66,1,5,False,1000,1000
16799,154,degCent,10,0.7859275477707006,0,3,None,66,1,5,False,1000,1000
16800,150,degCent,10,0.7748805732484076,0,5,None,66,1,5,False,1000,1000
16801,151,degCent,10,0.7761743630573248,0,5,None,66,1,5,False,1000,1000
16802,152,degCent,10,0.7769705414012739,0,5,None,66,1,5,False,1000,1000
16803,153,degCent,10,0.7778662420382165,0,5,None,66,1,5,False,1000,1000
16804,154,degCent,10,0.7795581210191083,0,5,None,66,1,5,False,1000,1000
16805,150,degCent,10,0.7759753184713376,0,4,None,66,1,5,False,1000,1000
16806,151,degCent,10,0.7790605095541401,0,4,None,66,1,5,False,1000,1000
16807,152,degCent,10,0.7796576433121019,0,4,None,66,1,5,False,1000,1000
16808,153,degCent,10,0.7805533439490446,0,4,None,66,1,5,False,1000,1000
16809,154,degCent,10,0.7811504777070064,0,4,None,66,1,5,False,1000,1000
16810,150,degCent,10,0.7888136942675159,0,6,None,66,1,5,False,1000,1000
16811,151,degCent,10,0.7898089171974523,0,6,None,66,1,5,False,1000,1000
16812,152,degCent,10,0.7899084394904459,0,6,None,66,1,5,False,1000,1000
16813,153,degCent,10,0.7903065286624203,0,6,None,66,1,5,False,1000,1000
16814,154,degCent,10,0.7913017515923567,0,6,None,66,1,5,False,1000,1000
16815,150,degCent,10,0.7943869426751592,0,9,None,66,1,5,False,1000,1000
16816,151,degCent,10,0.7947850318471338,0,9,None,66,1,5,False,1000,1000
16817,152,degCent,10,0.7952826433121019,0,9,None,66,1,5,False,1000,1000
16818,153,degCent,10,0.7961783439490446,0,9,None,66,1,5,False,1000,1000
16819,154,degCent,10,0.796875,0,9,None,66,1,5,False,1000,1000
16820,150,degCent,10,0.7764729299363057,0,22,None,66,1,5,False,1000,1000
16821,151,degCent,10,0.778562898089172,0,22,None,66,1,5,False,1000,1000
16822,152,degCent,10,0.7811504777070064,0,22,None,66,1,5,False,1000,1000
16823,153,degCent,10,0.7824442675159236,0,22,None,66,1,5,False,1000,1000
16824,154,degCent,10,0.7842356687898089,0,22,None,66,1,5,False,1000,1000
16825,150,degCent,10,0.7798566878980892,0,14,None,66,1,5,False,1000,1000
16826,151,degCent,10,0.7808519108280255,0,14,None,66,1,5,False,1000,1000
16827,152,degCent,10,0.7825437898089171,0,14,None,66,1,5,False,1000,1000
16828,153,degCent,10,0.7845342356687898,0,14,None,66,1,5,False,1000,1000
16829,154,degCent,10,0.7860270700636943,0,14,None,66,1,5,False,1000,1000
17160,155,degCent,10,0.7763734076433121,0,5,None,66,1,5,False,1000,1000
17161,156,degCent,10,0.7773686305732485,0,5,None,66,1,5,False,1000,1000
17162,157,degCent,10,0.7783638535031847,0,5,None,66,1,5,False,1000,1000
17163,158,degCent,10,0.7797571656050956,0,5,None,66,1,5,False,1000,1000
17164,159,degCent,10,0.7809514331210191,0,5,None,66,1,5,False,1000,1000
17165,155,degCent,10,0.8013535031847133,0,13,None,66,1,5,False,1000,1000
17166,156,degCent,10,0.8017515923566879,0,13,None,66,1,5,False,1000,1000
17167,157,degCent,10,0.8017515923566879,0,13,None,66,1,5,False,1000,1000
17168,158,degCent,10,0.8019506369426752,0,13,None,66,1,5,False,1000,1000
17169,159,degCent,10,0.8016520700636943,0,13,None,66,1,5,False,1000,1000
17170,155,degCent,10,0.7913017515923567,0,15,None,66,1,5,False,1000,1000
17171,156,degCent,10,0.7911027070063694,0,15,None,66,1,5,False,1000,1000
17172,157,degCent,10,0.7905055732484076,0,15,None,66,1,5,False,1000,1000
17173,158,degCent,10,0.7908041401273885,0,15,None,66,1,5,False,1000,1000
17174,159,degCent,10,0.7908041401273885,0,15,None,66,1,5,False,1000,1000
17175,155,degCent,10,0.794187898089172,0,10,None,66,1,5,False,1000,1000
17176,156,degCent,10,0.7954816878980892,0,10,None,66,1,5,False,1000,1000
17177,157,degCent,10,0.7964769108280255,0,10,None,66,1,5,False,1000,1000
17178,158,degCent,10,0.796875,0,10,None,66,1,5,False,1000,1000
17179,159,degCent,10,0.7983678343949044,0,10,None,66,1,5,False,1000,1000
17180,155,degCent,10,0.7695063694267515,0,16,None,66,1,5,False,1000,1000
17181,156,degCent,10,0.7711982484076433,0,16,None,66,1,5,False,1000,1000
17182,157,degCent,10,0.7734872611464968,0,16,None,66,1,5,False,1000,1000
17183,158,degCent,10,0.7751791401273885,0,16,None,66,1,5,False,1000,1000
17184,159,degCent,10,0.7753781847133758,0,16,None,66,1,5,False,1000,1000
17185,155,degCent,10,0.693172770700637,0,11,None,66,1,5,False,1000,1000
17186,156,degCent,10,0.7011345541401274,0,11,None,66,1,5,False,1000,1000
17187,157,degCent,10,0.7029259554140127,0,11,None,66,1,5,False,1000,1000
17188,158,degCent,10,0.7062101910828026,0,11,None,66,1,5,False,1000,1000
17189,159,degCent,10,0.7089968152866242,0,11,None,66,1,5,False,1000,1000
17190,155,degCent,10,0.7821457006369427,0,20,None,66,1,5,False,1000,1000
17191,156,degCent,10,0.7883160828025477,0,20,None,66,1,5,False,1000,1000
17192,157,degCent,10,0.7917993630573248,0,20,None,66,1,5,False,1000,1000
17193,158,degCent,10,0.7959792993630573,0,20,None,66,1,5,False,1000,1000
17194,159,degCent,10,0.7970740445859873,0,20,None,66,1,5,False,1000,1000
17195,155,degCent,10,0.7814490445859873,0,14,None,66,1,5,False,1000,1000
17196,156,degCent,10,0.7836385350318471,0,14,None,66,1,5,False,1000,1000
17197,157,degCent,10,0.785828025477707,0,14,None,66,1,5,False,1000,1000
17198,158,degCent,10,0.7875199044585988,0,14,None,66,1,5,False,1000,1000
17199,159,degCent,10,0.7888136942675159,0,14,None,66,1,5,False,1000,1000
17200,155,degCent,10,0.7773686305732485,0,22,None,66,1,5,False,1000,1000
17201,156,degCent,10,0.7795581210191083,0,22,None,66,1,5,False,1000,1000
17202,157,degCent,10,0.7816480891719745,0,22,None,66,1,5,False,1000,1000
17203,158,degCent,10,0.7838375796178344,0,22,None,66,1,5,False,1000,1000
17204,159,degCent,10,0.7853304140127388,0,22,None,66,1,5,False,1000,1000
17205,155,degCent,10,0.7333797770700637,0,23,None,66,1,5,False,1000,1000
17206,156,degCent,10,0.7373606687898089,0,23,None,66,1,5,False,1000,1000
17207,157,degCent,10,0.7401472929936306,0,23,None,66,1,5,False,1000,1000
17208,158,degCent,10,0.7430334394904459,0,23,None,66,1,5,False,1000,1000
17209,159,degCent,10,0.7440286624203821,0,23,None,66,1,5,False,1000,1000
17210,155,degCent,10,0.7947850318471338,0,17,None,66,1,5,False,1000,1000
17211,156,degCent,10,0.7951831210191083,0,17,None,66,1,5,False,1000,1000
17212,157,degCent,10,0.7965764331210191,0,17,None,66,1,5,False,1000,1000
17213,158,degCent,10,0.7965764331210191,0,17,None,66,1,5,False,1000,1000
17214,159,degCent,10,0.7969745222929936,0,17,None,66,1,5,False,1000,1000
17215,155,degCent,10,0.7655254777070064,0,25,None,66,1,5,False,1000,1000
17216,156,degCent,10,0.7687101910828026,0,25,None,66,1,5,False,1000,1000
17217,157,degCent,10,0.771297770700637,0,25,None,66,1,5,False,1000,1000
17218,158,degCent,10,0.773984872611465,0,25,None,66,1,5,False,1000,1000
17219,159,degCent,10,0.7761743630573248,0,25,None,66,1,5,False,1000,1000
17220,155,degCent,10,0.7741839171974523,0,26,None,66,1,5,False,1000,1000
17221,156,degCent,10,0.7740843949044586,0,26,None,66,1,5,False,1000,1000
17222,157,degCent,10,0.7758757961783439,0,26,None,66,1,5,False,1000,1000
17223,158,degCent,10,0.775577229299363,0,26,None,66,1,5,False,1000,1000
17224,159,degCent,10,0.7771695859872612,0,26,None,66,1,5,False,1000,1000
17225,155,degCent,10,0.794984076433121,0,12,None,66,1,5,False,1000,1000
17226,156,degCent,10,0.7961783439490446,0,12,None,66,1,5,False,1000,1000
17227,157,degCent,10,0.7965764331210191,0,12,None,66,1,5,False,1000,1000
17228,158,degCent,10,0.7973726114649682,0,12,None,66,1,5,False,1000,1000
17229,159,degCent,10,0.7974721337579618,0,12,None,66,1,5,False,1000,1000
17230,155,degCent,10,0.6579418789808917,0,28,None,66,1,5,False,1000,1000
17231,156,degCent,10,0.6936703821656051,0,28,None,66,1,5,False,1000,1000
17232,157,degCent,10,0.710390127388535,0,28,None,66,1,5,False,1000,1000
17233,158,degCent,10,0.7117834394904459,0,28,None,66,1,5,False,1000,1000
17234,159,degCent,10,0.7145700636942676,0,28,None,66,1,5,False,1000,1000
17235,155,degCent,10,0.7963773885350318,0,29,None,66,1,5,False,1000,1000
17236,156,degCent,10,0.7969745222929936,0,29,None,66,1,5,False,1000,1000
17237,157,degCent,10,0.7965764331210191,0,29,None,66,1,5,False,1000,1000
17238,158,degCent,10,0.7965764331210191,0,29,None,66,1,5,False,1000,1000
17239,159,degCent,10,0.7970740445859873,0,29,None,66,1,5,False,1000,1000
17240,155,degCent,10,0.7956807324840764,0,9,None,66,1,5,False,1000,1000
17241,156,degCent,10,0.7965764331210191,0,9,None,66,1,5,False,1000,1000
17242,157,degCent,10,0.7967754777070064,0,9,None,66,1,5,False,1000,1000
17243,158,degCent,10,0.79796974522293,0,9,None,66,1,5,False,1000,1000
17244,159,degCent,10,0.7984673566878981,0,9,None,66,1,5,False,1000,1000
17245,155,degCent,10,0.7835390127388535,0,30,None,66,1,5,False,1000,1000
17246,156,degCent,10,0.7871218152866242,0,30,None,66,1,5,False,1000,1000
17247,157,degCent,10,0.7891122611464968,0,30,None,66,1,5,False,1000,1000
17248,158,degCent,10,0.7908041401273885,0,30,None,66,1,5,False,1000,1000
17249,159,degCent,10,0.7907046178343949,0,30,None,66,1,5,False,1000,1000
17250,155,degCent,10,0.7914012738853503,0,6,None,66,1,5,False,1000,1000
17251,156,degCent,10,0.7921974522292994,0,6,None,66,1,5,False,1000,1000
17252,157,degCent,10,0.7913017515923567,0,6,None,66,1,5,False,1000,1000
17253,158,degCent,10,0.7919984076433121,0,6,None,66,1,5,False,1000,1000
17254,159,degCent,10,0.7927945859872612,0,6,None,66,1,5,False,1000,1000
17255,155,degCent,10,0.7261146496815286,0,7,None,66,1,5,False,1000,1000
17256,156,degCent,10,0.7304936305732485,0,7,None,66,1,5,False,1000,1000
17257,157,degCent,10,0.7331807324840764,0,7,None,66,1,5,False,1000,1000
17258,158,degCent,10,0.7365644904458599,0,7,None,66,1,5,False,1000,1000
17259,159,degCent,10,0.7384554140127388,0,7,None,66,1,5,False,1000,1000
17260,155,degCent,10,0.779359076433121,0,4,None,66,1,5,False,1000,1000
17261,156,degCent,10,0.7805533439490446,0,4,None,66,1,5,False,1000,1000
17262,157,degCent,10,0.7814490445859873,0,4,None,66,1,5,False,1000,1000
17263,158,degCent,10,0.7818471337579618,0,4,None,66,1,5,False,1000,1000
17264,159,degCent,10,0.7834394904458599,0,4,None,66,1,5,False,1000,1000
17265,155,degCent,10,0.7776671974522293,0,32,None,66,1,5,False,1000,1000
17266,156,degCent,10,0.7790605095541401,0,32,None,66,1,5,False,1000,1000
17267,157,degCent,10,0.7811504777070064,0,32,None,66,1,5,False,1000,1000
17268,158,degCent,10,0.7833399681528662,0,32,None,66,1,5,False,1000,1000
17269,159,degCent,10,0.7847332802547771,0,32,None,66,1,5,False,1000,1000
17270,155,degCent,10,0.7849323248407644,0,27,None,66,1,5,False,1000,1000
17271,156,degCent,10,0.7862261146496815,0,27,None,66,1,5,False,1000,1000
17272,157,degCent,10,0.7874203821656051,0,27,None,66,1,5,False,1000,1000
17273,158,degCent,10,0.7876194267515924,0,27,None,66,1,5,False,1000,1000
17274,159,degCent,10,0.7880175159235668,0,27,None,66,1,5,False,1000,1000
17275,155,degCent,10,0.785828025477707,0,31,None,66,1,5,False,1000,1000
17276,156,degCent,10,0.7868232484076433,0,31,None,66,1,5,False,1000,1000
17277,157,degCent,10,0.7864251592356688,0,31,None,66,1,5,False,1000,1000
17278,158,degCent,10,0.7865246815286624,0,31,None,66,1,5,False,1000,1000
17279,159,degCent,10,0.7868232484076433,0,31,None,66,1,5,False,1000,1000
17280,155,degCent,10,0.7456210191082803,0,1,None,66,1,5,False,1000,1000
17281,156,degCent,10,0.7488057324840764,0,1,None,66,1,5,False,1000,1000
17282,157,degCent,10,0.7508957006369427,0,1,None,66,1,5,False,1000,1000
17283,158,degCent,10,0.7523885350318471,0,1,None,66,1,5,False,1000,1000
17284,159,degCent,10,0.7531847133757962,0,1,None,66,1,5,False,1000,1000
17285,155,degCent,10,0.7638335987261147,0,2,None,66,1,5,False,1000,1000
17286,156,degCent,10,0.7653264331210191,0,2,None,66,1,5,False,1000,1000
17287,157,degCent,10,0.7664211783439491,0,2,None,66,1,5,False,1000,1000
17288,158,degCent,10,0.7673168789808917,0,2,None,66,1,5,False,1000,1000
17289,159,degCent,10,0.7669187898089171,0,2,None,66,1,5,False,1000,1000
17290,155,degCent,10,0.7866242038216561,0,3,None,66,1,5,False,1000,1000
17291,156,degCent,10,0.7870222929936306,0,3,None,66,1,5,False,1000,1000
17292,157,degCent,10,0.7873208598726115,0,3,None,66,1,5,False,1000,1000
17293,158,degCent,10,0.7880175159235668,0,3,None,66,1,5,False,1000,1000
17294,159,degCent,10,0.7891122611464968,0,3,None,66,1,5,False,1000,1000
17295,160,degCent,10,0.777468152866242,0,26,None,66,1,5,False,1000,1000
17296,161,degCent,10,0.7763734076433121,0,26,None,66,1,5,False,1000,1000
17297,162,degCent,10,0.776671974522293,0,26,None,66,1,5,False,1000,1000
17298,163,degCent,10,0.7782643312101911,0,26,None,66,1,5,False,1000,1000
17299,164,degCent,10,0.7786624203821656,0,26,None,66,1,5,False,1000,1000
17300,155,degCent,10,0.7768710191082803,0,8,None,66,1,5,False,1000,1000
17301,156,degCent,10,0.7791600318471338,0,8,None,66,1,5,False,1000,1000
17302,157,degCent,10,0.78015525477707,0,8,None,66,1,5,False,1000,1000
17303,158,degCent,10,0.7807523885350318,0,8,None,66,1,5,False,1000,1000
17304,159,degCent,10,0.7820461783439491,0,8,None,66,1,5,False,1000,1000
17305,155,degCent,10,0.773984872611465,0,18,None,66,1,5,False,1000,1000
17306,156,degCent,10,0.776671974522293,0,18,None,66,1,5,False,1000,1000
17307,157,degCent,10,0.7777667197452229,0,18,None,66,1,5,False,1000,1000
17308,158,degCent,10,0.7777667197452229,0,18,None,66,1,5,False,1000,1000
17309,159,degCent,10,0.7784633757961783,0,18,None,66,1,5,False,1000,1000
17310,155,degCent,10,0.791202229299363,0,19,None,66,1,5,False,1000,1000
17311,156,degCent,10,0.7917993630573248,0,19,None,66,1,5,False,1000,1000
17312,157,degCent,10,0.7916998407643312,0,19,None,66,1,5,False,1000,1000
17313,158,degCent,10,0.7924960191082803,0,19,None,66,1,5,False,1000,1000
17314,159,degCent,10,0.7924960191082803,0,19,None,66,1,5,False,1000,1000
17315,155,degCent,10,0.7888136942675159,0,21,None,66,1,5,False,1000,1000
17316,156,degCent,10,0.7892117834394905,0,21,None,66,1,5,False,1000,1000
17317,157,degCent,10,0.7898089171974523,0,21,None,66,1,5,False,1000,1000
17318,158,degCent,10,0.7908041401273885,0,21,None,66,1,5,False,1000,1000
17319,159,degCent,10,0.7913017515923567,0,21,None,66,1,5,False,1000,1000
17320,155,degCent,10,0.7827428343949044,0,0,None,66,1,5,False,1000,1000
17321,156,degCent,10,0.7826433121019108,0,0,None,66,1,5,False,1000,1000
17322,157,degCent,10,0.7822452229299363,0,0,None,66,1,5,False,1000,1000
17323,158,degCent,10,0.78234474522293,0,0,None,66,1,5,False,1000,1000
17324,159,degCent,10,0.7820461783439491,0,0,None,66,1,5,False,1000,1000
17325,155,degCent,10,0.7990644904458599,0,24,None,66,1,5,False,1000,1000
17326,156,degCent,10,0.7993630573248408,0,24,None,66,1,5,False,1000,1000
17327,157,degCent,10,0.8000597133757962,0,24,None,66,1,5,False,1000,1000
17328,158,degCent,10,0.8008558917197452,0,24,None,66,1,5,False,1000,1000
17329,159,degCent,10,0.8010549363057324,0,24,None,66,1,5,False,1000,1000
17330,160,degCent,10,0.7472133757961783,0,1,None,66,1,5,False,1000,1000
17331,161,degCent,10,0.7487062101910829,0,1,None,66,1,5,False,1000,1000
17332,162,degCent,10,0.75109474522293,0,1,None,66,1,5,False,1000,1000
17333,163,degCent,10,0.7520899681528662,0,1,None,66,1,5,False,1000,1000
17334,164,degCent,10,0.752687101910828,0,1,None,66,1,5,False,1000,1000
17335,160,degCent,10,0.7679140127388535,0,2,None,66,1,5,False,1000,1000
17336,161,degCent,10,0.7684116242038217,0,2,None,66,1,5,False,1000,1000
17337,162,degCent,10,0.7689092356687898,0,2,None,66,1,5,False,1000,1000
17338,163,degCent,10,0.7685111464968153,0,2,None,66,1,5,False,1000,1000
17339,164,degCent,10,0.7696058917197452,0,2,None,66,1,5,False,1000,1000
17340,160,degCent,10,0.7770700636942676,0,5,None,66,1,5,False,1000,1000
17341,161,degCent,10,0.7786624203821656,0,5,None,66,1,5,False,1000,1000
17342,162,degCent,10,0.7792595541401274,0,5,None,66,1,5,False,1000,1000
17343,163,degCent,10,0.7802547770700637,0,5,None,66,1,5,False,1000,1000
17344,164,degCent,10,0.7821457006369427,0,5,None,66,1,5,False,1000,1000
17345,160,degCent,10,0.7935907643312102,0,15,None,66,1,5,False,1000,1000
17346,161,degCent,10,0.7923964968152867,0,15,None,66,1,5,False,1000,1000
17347,162,degCent,10,0.7928941082802548,0,15,None,66,1,5,False,1000,1000
17348,163,degCent,10,0.7928941082802548,0,15,None,66,1,5,False,1000,1000
17349,164,degCent,10,0.7926950636942676,0,15,None,66,1,5,False,1000,1000
17350,160,degCent,10,0.7270103503184714,0,7,None,66,1,5,False,1000,1000
17351,161,degCent,10,0.7311902866242038,0,7,None,66,1,5,False,1000,1000
17352,162,degCent,10,0.7350716560509554,0,7,None,66,1,5,False,1000,1000
17353,163,degCent,10,0.7376592356687898,0,7,None,66,1,5,False,1000,1000
17354,164,degCent,10,0.7413415605095541,0,7,None,66,1,5,False,1000,1000
17355,160,degCent,10,0.7960788216560509,0,10,None,66,1,5,False,1000,1000
17356,161,degCent,10,0.7975716560509554,0,10,None,66,1,5,False,1000,1000
17357,162,degCent,10,0.79796974522293,0,10,None,66,1,5,False,1000,1000
17358,163,degCent,10,0.7980692675159236,0,10,None,66,1,5,False,1000,1000
17359,164,degCent,10,0.8004578025477707,0,10,None,66,1,5,False,1000,1000
17360,160,degCent,10,0.7934912420382165,0,6,None,66,1,5,False,1000,1000
17361,161,degCent,10,0.793093152866242,0,6,None,66,1,5,False,1000,1000
17362,162,degCent,10,0.7936902866242038,0,6,None,66,1,5,False,1000,1000
17363,163,degCent,10,0.7938893312101911,0,6,None,66,1,5,False,1000,1000
17364,164,degCent,10,0.794187898089172,0,6,None,66,1,5,False,1000,1000
17365,160,degCent,10,0.7776671974522293,0,22,None,66,1,5,False,1000,1000
17366,161,degCent,10,0.7809514331210191,0,22,None,66,1,5,False,1000,1000
17367,162,degCent,10,0.783140923566879,0,22,None,66,1,5,False,1000,1000
17368,163,degCent,10,0.7861265923566879,0,22,None,66,1,5,False,1000,1000
17369,164,degCent,10,0.7872213375796179,0,22,None,66,1,5,False,1000,1000
17370,160,degCent,10,0.7860270700636943,0,20,None,66,1,5,False,1000,1000
17371,161,degCent,10,0.7905055732484076,0,20,None,66,1,5,False,1000,1000
17372,162,degCent,10,0.7955812101910829,0,20,None,66,1,5,False,1000,1000
17373,163,degCent,10,0.7991640127388535,0,20,None,66,1,5,False,1000,1000
17374,164,degCent,10,0.8002587579617835,0,20,None,66,1,5,False,1000,1000
17375,160,degCent,10,0.7791600318471338,0,32,None,66,1,5,False,1000,1000
17376,161,degCent,10,0.7808519108280255,0,32,None,66,1,5,False,1000,1000
17377,162,degCent,10,0.7827428343949044,0,32,None,66,1,5,False,1000,1000
17378,163,degCent,10,0.7847332802547771,0,32,None,66,1,5,False,1000,1000
17379,164,degCent,10,0.7866242038216561,0,32,None,66,1,5,False,1000,1000
17380,160,degCent,10,0.7741839171974523,0,16,None,66,1,5,False,1000,1000
17381,161,degCent,10,0.7752786624203821,0,16,None,66,1,5,False,1000,1000
17382,162,degCent,10,0.7773686305732485,0,16,None,66,1,5,False,1000,1000
17383,163,degCent,10,0.7783638535031847,0,16,None,66,1,5,False,1000,1000
17384,164,degCent,10,0.779359076433121,0,16,None,66,1,5,False,1000,1000
17385,160,degCent,10,0.8022492038216561,0,13,None,66,1,5,False,1000,1000
17386,161,degCent,10,0.8031449044585988,0,13,None,66,1,5,False,1000,1000
17387,162,degCent,10,0.8044386942675159,0,13,None,66,1,5,False,1000,1000
17388,163,degCent,10,0.8037420382165605,0,13,None,66,1,5,False,1000,1000
17389,164,degCent,10,0.8037420382165605,0,13,None,66,1,5,False,1000,1000
17390,160,degCent,10,0.7960788216560509,0,12,None,66,1,5,False,1000,1000
17391,161,degCent,10,0.7971735668789809,0,12,None,66,1,5,False,1000,1000
17392,162,degCent,10,0.7981687898089171,0,12,None,66,1,5,False,1000,1000
17393,163,degCent,10,0.7985668789808917,0,12,None,66,1,5,False,1000,1000
17394,164,degCent,10,0.7983678343949044,0,12,None,66,1,5,False,1000,1000
17395,160,degCent,10,0.7750796178343949,0,25,None,66,1,5,False,1000,1000
17396,161,degCent,10,0.7776671974522293,0,25,None,66,1,5,False,1000,1000
17397,162,degCent,10,0.7787619426751592,0,25,None,66,1,5,False,1000,1000
17398,163,degCent,10,0.7806528662420382,0,25,None,66,1,5,False,1000,1000
17399,164,degCent,10,0.7821457006369427,0,25,None,66,1,5,False,1000,1000
17400,160,degCent,10,0.7862261146496815,0,14,None,66,1,5,False,1000,1000
17401,161,degCent,10,0.7887141719745223,0,14,None,66,1,5,False,1000,1000
17402,162,degCent,10,0.7894108280254777,0,14,None,66,1,5,False,1000,1000
17403,163,degCent,10,0.7907046178343949,0,14,None,66,1,5,False,1000,1000
17404,164,degCent,10,0.7916003184713376,0,14,None,66,1,5,False,1000,1000
17405,160,degCent,10,0.7342754777070064,0,23,None,66,1,5,False,1000,1000
17406,161,degCent,10,0.7385549363057324,0,23,None,66,1,5,False,1000,1000
17407,162,degCent,10,0.7420382165605095,0,23,None,66,1,5,False,1000,1000
17408,163,degCent,10,0.7438296178343949,0,23,None,66,1,5,False,1000,1000
17409,164,degCent,10,0.745421974522293,0,23,None,66,1,5,False,1000,1000
17410,160,degCent,10,0.7819466560509554,0,4,None,66,1,5,False,1000,1000
17411,161,degCent,10,0.7837380573248408,0,4,None,66,1,5,False,1000,1000
17412,162,degCent,10,0.7861265923566879,0,4,None,66,1,5,False,1000,1000
17413,163,degCent,10,0.7867237261146497,0,4,None,66,1,5,False,1000,1000
17414,164,degCent,10,0.7875199044585988,0,4,None,66,1,5,False,1000,1000
17415,160,degCent,10,0.7859275477707006,0,30,None,66,1,5,False,1000,1000
17416,161,degCent,10,0.7892117834394905,0,30,None,66,1,5,False,1000,1000
17417,162,degCent,10,0.7916003184713376,0,30,None,66,1,5,False,1000,1000
17418,163,degCent,10,0.7935907643312102,0,30,None,66,1,5,False,1000,1000
17419,164,degCent,10,0.7943869426751592,0,30,None,66,1,5,False,1000,1000
17420,160,degCent,10,0.7882165605095541,0,27,None,66,1,5,False,1000,1000
17421,161,degCent,10,0.7890127388535032,0,27,None,66,1,5,False,1000,1000
17422,162,degCent,10,0.7898089171974523,0,27,None,66,1,5,False,1000,1000
17423,163,degCent,10,0.7903065286624203,0,27,None,66,1,5,False,1000,1000
17424,164,degCent,10,0.7916003184713376,0,27,None,66,1,5,False,1000,1000
17425,160,degCent,10,0.6604299363057324,0,28,None,66,1,5,False,1000,1000
17426,161,degCent,10,0.6990445859872612,0,28,None,66,1,5,False,1000,1000
17427,162,degCent,10,0.7138734076433121,0,28,None,66,1,5,False,1000,1000
17428,163,degCent,10,0.7166600318471338,0,28,None,66,1,5,False,1000,1000
17429,164,degCent,10,0.7179538216560509,0,28,None,66,1,5,False,1000,1000
17430,160,degCent,10,0.7845342356687898,0,0,None,66,1,5,False,1000,1000
17431,161,degCent,10,0.783937101910828,0,0,None,66,1,5,False,1000,1000
17432,162,degCent,10,0.7849323248407644,0,0,None,66,1,5,False,1000,1000
17433,163,degCent,10,0.7847332802547771,0,0,None,66,1,5,False,1000,1000
17434,164,degCent,10,0.7851313694267515,0,0,None,66,1,5,False,1000,1000
17435,160,degCent,10,0.7967754777070064,0,9,None,66,1,5,False,1000,1000
17436,161,degCent,10,0.7977707006369427,0,9,None,66,1,5,False,1000,1000
17437,162,degCent,10,0.7978702229299363,0,9,None,66,1,5,False,1000,1000
17438,163,degCent,10,0.7983678343949044,0,9,None,66,1,5,False,1000,1000
17439,164,degCent,10,0.7984673566878981,0,9,None,66,1,5,False,1000,1000
17440,160,degCent,10,0.7966759554140127,0,29,None,66,1,5,False,1000,1000
17441,161,degCent,10,0.7972730891719745,0,29,None,66,1,5,False,1000,1000
17442,162,degCent,10,0.7966759554140127,0,29,None,66,1,5,False,1000,1000
17443,163,degCent,10,0.7962778662420382,0,29,None,66,1,5,False,1000,1000
17444,164,degCent,10,0.7965764331210191,0,29,None,66,1,5,False,1000,1000
17445,160,degCent,10,0.7910031847133758,0,21,None,66,1,5,False,1000,1000
17446,161,degCent,10,0.7914012738853503,0,21,None,66,1,5,False,1000,1000
17447,162,degCent,10,0.7918988853503185,0,21,None,66,1,5,False,1000,1000
17448,163,degCent,10,0.7929936305732485,0,21,None,66,1,5,False,1000,1000
17449,164,degCent,10,0.7934912420382165,0,21,None,66,1,5,False,1000,1000
17450,160,degCent,10,0.6910828025477707,0,11,None,66,1,5,False,1000,1000
17451,161,degCent,10,0.698546974522293,0,11,None,66,1,5,False,1000,1000
17452,162,degCent,10,0.701234076433121,0,11,None,66,1,5,False,1000,1000
17453,163,degCent,10,0.7052149681528662,0,11,None,66,1,5,False,1000,1000
17454,164,degCent,10,0.7092953821656051,0,11,None,66,1,5,False,1000,1000
17455,160,degCent,10,0.796875,0,17,None,66,1,5,False,1000,1000
17456,161,degCent,10,0.7980692675159236,0,17,None,66,1,5,False,1000,1000
17457,162,degCent,10,0.7981687898089171,0,17,None,66,1,5,False,1000,1000
17458,163,degCent,10,0.7980692675159236,0,17,None,66,1,5,False,1000,1000
17459,164,degCent,10,0.7981687898089171,0,17,None,66,1,5,False,1000,1000
17460,160,degCent,10,0.8005573248407644,0,24,None,66,1,5,False,1000,1000
17461,161,degCent,10,0.800656847133758,0,24,None,66,1,5,False,1000,1000
17462,162,degCent,10,0.8015525477707006,0,24,None,66,1,5,False,1000,1000
17463,163,degCent,10,0.8020501592356688,0,24,None,66,1,5,False,1000,1000
17464,164,degCent,10,0.8019506369426752,0,24,None,66,1,5,False,1000,1000
17465,160,degCent,10,0.7789609872611465,0,8,None,66,1,5,False,1000,1000
17466,161,degCent,10,0.7796576433121019,0,8,None,66,1,5,False,1000,1000
17467,162,degCent,10,0.7811504777070064,0,8,None,66,1,5,False,1000,1000
17468,163,degCent,10,0.7830414012738853,0,8,None,66,1,5,False,1000,1000
17469,164,degCent,10,0.7846337579617835,0,8,None,66,1,5,False,1000,1000
17470,160,degCent,10,0.7886146496815286,0,3,None,66,1,5,False,1000,1000
17471,161,degCent,10,0.7890127388535032,0,3,None,66,1,5,False,1000,1000
17472,162,degCent,10,0.7900079617834395,0,3,None,66,1,5,False,1000,1000
17473,163,degCent,10,0.7911027070063694,0,3,None,66,1,5,False,1000,1000
17474,164,degCent,10,0.7917993630573248,0,3,None,66,1,5,False,1000,1000
17475,160,degCent,10,0.7754777070063694,0,18,None,66,1,5,False,1000,1000
17476,161,degCent,10,0.7772691082802548,0,18,None,66,1,5,False,1000,1000
17477,162,degCent,10,0.7780652866242038,0,18,None,66,1,5,False,1000,1000
17478,163,degCent,10,0.778562898089172,0,18,None,66,1,5,False,1000,1000
17479,164,degCent,10,0.779359076433121,0,18,None,66,1,5,False,1000,1000
17480,160,degCent,10,0.7926950636942676,0,19,None,66,1,5,False,1000,1000
17481,161,degCent,10,0.793093152866242,0,19,None,66,1,5,False,1000,1000
17482,162,degCent,10,0.7927945859872612,0,19,None,66,1,5,False,1000,1000
17483,163,degCent,10,0.7938893312101911,0,19,None,66,1,5,False,1000,1000
17484,164,degCent,10,0.7951831210191083,0,19,None,66,1,5,False,1000,1000
17485,160,degCent,10,0.7883160828025477,0,31,None,66,1,5,False,1000,1000
17486,161,degCent,10,0.7888136942675159,0,31,None,66,1,5,False,1000,1000
17487,162,degCent,10,0.7883160828025477,0,31,None,66,1,5,False,1000,1000
17488,163,degCent,10,0.7881170382165605,0,31,None,66,1,5,False,1000,1000
17489,164,degCent,10,0.7887141719745223,0,31,None,66,1,5,False,1000,1000
17490,165,degCent,10,0.7476114649681529,0,1,None,66,1,5,False,1000,1000
17491,166,degCent,10,0.7496019108280255,0,1,None,66,1,5,False,1000,1000
17492,167,degCent,10,0.751890923566879,0,1,None,66,1,5,False,1000,1000
17493,168,degCent,10,0.7529856687898089,0,1,None,66,1,5,False,1000,1000
17494,169,degCent,10,0.7546775477707006,0,1,None,66,1,5,False,1000,1000
17495,165,degCent,10,0.7709992038216561,0,2,None,66,1,5,False,1000,1000
17496,166,degCent,10,0.7706011146496815,0,2,None,66,1,5,False,1000,1000
17497,167,degCent,10,0.7696058917197452,0,2,None,66,1,5,False,1000,1000
17498,168,degCent,10,0.7707006369426752,0,2,None,66,1,5,False,1000,1000
17499,169,degCent,10,0.771297770700637,0,2,None,66,1,5,False,1000,1000
17500,165,degCent,10,0.7797571656050956,0,22,None,66,1,5,False,1000,1000
17501,166,degCent,10,0.7830414012738853,0,22,None,66,1,5,False,1000,1000
17502,167,degCent,10,0.7856289808917197,0,22,None,66,1,5,False,1000,1000
17503,168,degCent,10,0.7880175159235668,0,22,None,66,1,5,False,1000,1000
17504,169,degCent,10,0.7897093949044586,0,22,None,66,1,5,False,1000,1000
17505,165,degCent,10,0.7379578025477707,0,23,None,66,1,5,False,1000,1000
17506,166,degCent,10,0.7407444267515924,0,23,None,66,1,5,False,1000,1000
17507,167,degCent,10,0.7444267515923567,0,23,None,66,1,5,False,1000,1000
17508,168,degCent,10,0.746218152866242,0,23,None,66,1,5,False,1000,1000
17509,169,degCent,10,0.7477109872611465,0,23,None,66,1,5,False,1000,1000
17510,165,degCent,10,0.7780652866242038,0,5,None,66,1,5,False,1000,1000
17511,166,degCent,10,0.78015525477707,0,5,None,66,1,5,False,1000,1000
17512,167,degCent,10,0.78125,0,5,None,66,1,5,False,1000,1000
17513,168,degCent,10,0.7820461783439491,0,5,None,66,1,5,False,1000,1000
17514,169,degCent,10,0.783140923566879,0,5,None,66,1,5,False,1000,1000
17515,165,degCent,10,0.7275079617834395,0,7,None,66,1,5,False,1000,1000
17516,166,degCent,10,0.7318869426751592,0,7,None,66,1,5,False,1000,1000
17517,167,degCent,10,0.7360668789808917,0,7,None,66,1,5,False,1000,1000
17518,168,degCent,10,0.7385549363057324,0,7,None,66,1,5,False,1000,1000
17519,169,degCent,10,0.7412420382165605,0,7,None,66,1,5,False,1000,1000
17520,165,degCent,10,0.78234474522293,0,32,None,66,1,5,False,1000,1000
17521,166,degCent,10,0.7841361464968153,0,32,None,66,1,5,False,1000,1000
17522,167,degCent,10,0.7867237261146497,0,32,None,66,1,5,False,1000,1000
17523,168,degCent,10,0.7882165605095541,0,32,None,66,1,5,False,1000,1000
17524,169,degCent,10,0.7892117834394905,0,32,None,66,1,5,False,1000,1000
17525,165,degCent,10,0.7983678343949044,0,9,None,66,1,5,False,1000,1000
17526,166,degCent,10,0.7984673566878981,0,9,None,66,1,5,False,1000,1000
17527,167,degCent,10,0.7984673566878981,0,9,None,66,1,5,False,1000,1000
17528,168,degCent,10,0.7996616242038217,0,9,None,66,1,5,False,1000,1000
17529,169,degCent,10,0.7998606687898089,0,9,None,66,1,5,False,1000,1000
17530,165,degCent,10,0.7894108280254777,0,14,None,66,1,5,False,1000,1000
17531,166,degCent,10,0.7914012738853503,0,14,None,66,1,5,False,1000,1000
17532,167,degCent,10,0.792296974522293,0,14,None,66,1,5,False,1000,1000
17533,168,degCent,10,0.7939888535031847,0,14,None,66,1,5,False,1000,1000
17534,169,degCent,10,0.7947850318471338,0,14,None,66,1,5,False,1000,1000
17535,165,degCent,10,0.7996616242038217,0,29,None,66,1,5,False,1000,1000
17536,166,degCent,10,0.7992635350318471,0,29,None,66,1,5,False,1000,1000
17537,167,degCent,10,0.8003582802547771,0,29,None,66,1,5,False,1000,1000
17538,168,degCent,10,0.8000597133757962,0,29,None,66,1,5,False,1000,1000
17539,169,degCent,10,0.7994625796178344,0,29,None,66,1,5,False,1000,1000
17540,165,degCent,10,0.7942874203821656,0,15,None,66,1,5,False,1000,1000
17541,166,degCent,10,0.7943869426751592,0,15,None,66,1,5,False,1000,1000
17542,167,degCent,10,0.7936902866242038,0,15,None,66,1,5,False,1000,1000
17543,168,degCent,10,0.7938893312101911,0,15,None,66,1,5,False,1000,1000
17544,169,degCent,10,0.7939888535031847,0,15,None,66,1,5,False,1000,1000
17545,165,degCent,10,0.7970740445859873,0,10,None,66,1,5,False,1000,1000
17546,166,degCent,10,0.7982683121019108,0,10,None,66,1,5,False,1000,1000
17547,167,degCent,10,0.7985668789808917,0,10,None,66,1,5,False,1000,1000
17548,168,degCent,10,0.7997611464968153,0,10,None,66,1,5,False,1000,1000
17549,169,degCent,10,0.8010549363057324,0,10,None,66,1,5,False,1000,1000
17550,165,degCent,10,0.7981687898089171,0,12,None,66,1,5,False,1000,1000
17551,166,degCent,10,0.7989649681528662,0,12,None,66,1,5,False,1000,1000
17552,167,degCent,10,0.8002587579617835,0,12,None,66,1,5,False,1000,1000
17553,168,degCent,10,0.8000597133757962,0,12,None,66,1,5,False,1000,1000
17554,169,degCent,10,0.8004578025477707,0,12,None,66,1,5,False,1000,1000
17555,165,degCent,10,0.7950835987261147,0,6,None,66,1,5,False,1000,1000
17556,166,degCent,10,0.7947850318471338,0,6,None,66,1,5,False,1000,1000
17557,167,degCent,10,0.7952826433121019,0,6,None,66,1,5,False,1000,1000
17558,168,degCent,10,0.7952826433121019,0,6,None,66,1,5,False,1000,1000
17559,169,degCent,10,0.79578025477707,0,6,None,66,1,5,False,1000,1000
17560,165,degCent,10,0.7718949044585988,0,25,None,66,1,5,False,1000,1000
17561,166,degCent,10,0.7761743630573248,0,25,None,66,1,5,False,1000,1000
17562,167,degCent,10,0.7794585987261147,0,25,None,66,1,5,False,1000,1000
17563,168,degCent,10,0.7807523885350318,0,25,None,66,1,5,False,1000,1000
17564,169,degCent,10,0.7824442675159236,0,25,None,66,1,5,False,1000,1000
17565,165,degCent,10,0.802547770700637,0,13,None,66,1,5,False,1000,1000
17566,166,degCent,10,0.8043391719745223,0,13,None,66,1,5,False,1000,1000
17567,167,degCent,10,0.8047372611464968,0,13,None,66,1,5,False,1000,1000
17568,168,degCent,10,0.805234872611465,0,13,None,66,1,5,False,1000,1000
17569,169,degCent,10,0.8049363057324841,0,13,None,66,1,5,False,1000,1000
17570,165,degCent,10,0.7804538216560509,0,26,None,66,1,5,False,1000,1000
17571,166,degCent,10,0.7804538216560509,0,26,None,66,1,5,False,1000,1000
17572,167,degCent,10,0.7799562101910829,0,26,None,66,1,5,False,1000,1000
17573,168,degCent,10,0.7804538216560509,0,26,None,66,1,5,False,1000,1000
17574,169,degCent,10,0.7813495222929936,0,26,None,66,1,5,False,1000,1000
17575,165,degCent,10,0.6897890127388535,0,11,None,66,1,5,False,1000,1000
17576,166,degCent,10,0.6979498407643312,0,11,None,66,1,5,False,1000,1000
17577,167,degCent,10,0.7022292993630573,0,11,None,66,1,5,False,1000,1000
17578,168,degCent,10,0.7062101910828026,0,11,None,66,1,5,False,1000,1000
17579,169,degCent,10,0.7091958598726115,0,11,None,66,1,5,False,1000,1000
17580,165,degCent,10,0.7991640127388535,0,17,None,66,1,5,False,1000,1000
17581,166,degCent,10,0.7994625796178344,0,17,None,66,1,5,False,1000,1000
17582,167,degCent,10,0.7997611464968153,0,17,None,66,1,5,False,1000,1000
17583,168,degCent,10,0.7992635350318471,0,17,None,66,1,5,False,1000,1000
17584,169,degCent,10,0.7994625796178344,0,17,None,66,1,5,False,1000,1000
17585,165,degCent,10,0.7901074840764332,0,20,None,66,1,5,False,1000,1000
17586,166,degCent,10,0.7955812101910829,0,20,None,66,1,5,False,1000,1000
17587,167,degCent,10,0.7983678343949044,0,20,None,66,1,5,False,1000,1000
17588,168,degCent,10,0.801453025477707,0,20,None,66,1,5,False,1000,1000
17589,169,degCent,10,0.8029458598726115,0,20,None,66,1,5,False,1000,1000
17590,165,degCent,10,0.6623208598726115,0,28,None,66,1,5,False,1000,1000
17591,166,degCent,10,0.7041202229299363,0,28,None,66,1,5,False,1000,1000
17592,167,degCent,10,0.7189490445859873,0,28,None,66,1,5,False,1000,1000
17593,168,degCent,10,0.7213375796178344,0,28,None,66,1,5,False,1000,1000
17594,169,degCent,10,0.722531847133758,0,28,None,66,1,5,False,1000,1000
17595,165,degCent,10,0.7758757961783439,0,16,None,66,1,5,False,1000,1000
17596,166,degCent,10,0.7770700636942676,0,16,None,66,1,5,False,1000,1000
17597,167,degCent,10,0.7789609872611465,0,16,None,66,1,5,False,1000,1000
17598,168,degCent,10,0.7807523885350318,0,16,None,66,1,5,False,1000,1000
17599,169,degCent,10,0.7816480891719745,0,16,None,66,1,5,False,1000,1000
17600,165,degCent,10,0.7847332802547771,0,4,None,66,1,5,False,1000,1000
17601,166,degCent,10,0.786922770700637,0,4,None,66,1,5,False,1000,1000
17602,167,degCent,10,0.787718949044586,0,4,None,66,1,5,False,1000,1000
17603,168,degCent,10,0.7883160828025477,0,4,None,66,1,5,False,1000,1000
17604,169,degCent,10,0.7895103503184714,0,4,None,66,1,5,False,1000,1000
17605,165,degCent,10,0.7915007961783439,0,3,None,66,1,5,False,1000,1000
17606,166,degCent,10,0.7919984076433121,0,3,None,66,1,5,False,1000,1000
17607,167,degCent,10,0.7924960191082803,0,3,None,66,1,5,False,1000,1000
17608,168,degCent,10,0.7938893312101911,0,3,None,66,1,5,False,1000,1000
17609,169,degCent,10,0.7946855095541401,0,3,None,66,1,5,False,1000,1000
17610,165,degCent,10,0.7811504777070064,0,8,None,66,1,5,False,1000,1000
17611,166,degCent,10,0.7828423566878981,0,8,None,66,1,5,False,1000,1000
17612,167,degCent,10,0.7851313694267515,0,8,None,66,1,5,False,1000,1000
17613,168,degCent,10,0.7871218152866242,0,8,None,66,1,5,False,1000,1000
17614,169,degCent,10,0.787718949044586,0,8,None,66,1,5,False,1000,1000
17615,165,degCent,10,0.7737858280254777,0,18,None,66,1,5,False,1000,1000
17616,166,degCent,10,0.7761743630573248,0,18,None,66,1,5,False,1000,1000
17617,167,degCent,10,0.777468152866242,0,18,None,66,1,5,False,1000,1000
17618,168,degCent,10,0.7788614649681529,0,18,None,66,1,5,False,1000,1000
17619,169,degCent,10,0.7800557324840764,0,18,None,66,1,5,False,1000,1000
17620,165,degCent,10,0.7931926751592356,0,19,None,66,1,5,False,1000,1000
17621,166,degCent,10,0.794187898089172,0,19,None,66,1,5,False,1000,1000
17622,167,degCent,10,0.7946855095541401,0,19,None,66,1,5,False,1000,1000
17623,168,degCent,10,0.7958797770700637,0,19,None,66,1,5,False,1000,1000
17624,169,degCent,10,0.7960788216560509,0,19,None,66,1,5,False,1000,1000
17625,165,degCent,10,0.7956807324840764,0,21,None,66,1,5,False,1000,1000
17626,166,degCent,10,0.7955812101910829,0,21,None,66,1,5,False,1000,1000
17627,167,degCent,10,0.7960788216560509,0,21,None,66,1,5,False,1000,1000
17628,168,degCent,10,0.7961783439490446,0,21,None,66,1,5,False,1000,1000
17629,169,degCent,10,0.7965764331210191,0,21,None,66,1,5,False,1000,1000
17630,165,degCent,10,0.8024482484076433,0,24,None,66,1,5,False,1000,1000
17631,166,degCent,10,0.8031449044585988,0,24,None,66,1,5,False,1000,1000
17632,167,degCent,10,0.803343949044586,0,24,None,66,1,5,False,1000,1000
17633,168,degCent,10,0.803343949044586,0,24,None,66,1,5,False,1000,1000
17634,169,degCent,10,0.804140127388535,0,24,None,66,1,5,False,1000,1000
17635,165,degCent,10,0.7900079617834395,0,27,None,66,1,5,False,1000,1000
17636,166,degCent,10,0.7910031847133758,0,27,None,66,1,5,False,1000,1000
17637,167,degCent,10,0.7914012738853503,0,27,None,66,1,5,False,1000,1000
17638,168,degCent,10,0.7928941082802548,0,27,None,66,1,5,False,1000,1000
17639,169,degCent,10,0.7928941082802548,0,27,None,66,1,5,False,1000,1000
17640,165,degCent,10,0.7875199044585988,0,0,None,66,1,5,False,1000,1000
17641,166,degCent,10,0.7878184713375797,0,0,None,66,1,5,False,1000,1000
17642,167,degCent,10,0.7875199044585988,0,0,None,66,1,5,False,1000,1000
17643,168,degCent,10,0.7874203821656051,0,0,None,66,1,5,False,1000,1000
17644,169,degCent,10,0.7873208598726115,0,0,None,66,1,5,False,1000,1000
17645,165,degCent,10,0.7903065286624203,0,30,None,66,1,5,False,1000,1000
17646,166,degCent,10,0.793093152866242,0,30,None,66,1,5,False,1000,1000
17647,167,degCent,10,0.7953821656050956,0,30,None,66,1,5,False,1000,1000
17648,168,degCent,10,0.7964769108280255,0,30,None,66,1,5,False,1000,1000
17649,169,degCent,10,0.7972730891719745,0,30,None,66,1,5,False,1000,1000
17650,165,degCent,10,0.7897093949044586,0,31,None,66,1,5,False,1000,1000
17651,166,degCent,10,0.7895103503184714,0,31,None,66,1,5,False,1000,1000
17652,167,degCent,10,0.7895103503184714,0,31,None,66,1,5,False,1000,1000
17653,168,degCent,10,0.7897093949044586,0,31,None,66,1,5,False,1000,1000
17654,169,degCent,10,0.7899084394904459,0,31,None,66,1,5,False,1000,1000
17655,170,degCent,10,0.7937898089171974,0,21,None,66,1,5,False,1000,1000
17656,171,degCent,10,0.7931926751592356,0,21,None,66,1,5,False,1000,1000
17657,172,degCent,10,0.7945859872611465,0,21,None,66,1,5,False,1000,1000
17658,173,degCent,10,0.7950835987261147,0,21,None,66,1,5,False,1000,1000
17659,174,degCent,10,0.7956807324840764,0,21,None,66,1,5,False,1000,1000
17660,170,degCent,10,0.8044386942675159,0,24,None,66,1,5,False,1000,1000
17661,171,degCent,10,0.8039410828025477,0,24,None,66,1,5,False,1000,1000
17662,172,degCent,10,0.8040406050955414,0,24,None,66,1,5,False,1000,1000
17663,173,degCent,10,0.8047372611464968,0,24,None,66,1,5,False,1000,1000
17664,174,degCent,10,0.805234872611465,0,24,None,66,1,5,False,1000,1000
17665,170,degCent,10,0.7926950636942676,0,27,None,66,1,5,False,1000,1000
17666,171,degCent,10,0.7933917197452229,0,27,None,66,1,5,False,1000,1000
17667,172,degCent,10,0.794187898089172,0,27,None,66,1,5,False,1000,1000
17668,173,degCent,10,0.794984076433121,0,27,None,66,1,5,False,1000,1000
17669,174,degCent,10,0.79578025477707,0,27,None,66,1,5,False,1000,1000
17670,170,degCent,10,0.7959792993630573,0,15,None,66,1,5,False,1000,1000
17671,171,degCent,10,0.79578025477707,0,15,None,66,1,5,False,1000,1000
17672,172,degCent,10,0.7956807324840764,0,15,None,66,1,5,False,1000,1000
17673,173,degCent,10,0.7959792993630573,0,15,None,66,1,5,False,1000,1000
17674,174,degCent,10,0.7952826433121019,0,15,None,66,1,5,False,1000,1000
17675,170,degCent,10,0.6875,0,11,None,66,1,5,False,1000,1000
17676,171,degCent,10,0.6950636942675159,0,11,None,66,1,5,False,1000,1000
17677,172,degCent,10,0.7013335987261147,0,11,None,66,1,5,False,1000,1000
17678,173,degCent,10,0.705812101910828,0,11,None,66,1,5,False,1000,1000
17679,174,degCent,10,0.7072054140127388,0,11,None,66,1,5,False,1000,1000
17680,170,degCent,10,0.8002587579617835,0,17,None,66,1,5,False,1000,1000
17681,171,degCent,10,0.8008558917197452,0,17,None,66,1,5,False,1000,1000
17682,172,degCent,10,0.8001592356687898,0,17,None,66,1,5,False,1000,1000
17683,173,degCent,10,0.8011544585987261,0,17,None,66,1,5,False,1000,1000
17684,174,degCent,10,0.8007563694267515,0,17,None,66,1,5,False,1000,1000
17685,170,degCent,10,0.7939888535031847,0,20,None,66,1,5,False,1000,1000
17686,171,degCent,10,0.7993630573248408,0,20,None,66,1,5,False,1000,1000
17687,172,degCent,10,0.8009554140127388,0,20,None,66,1,5,False,1000,1000
17688,173,degCent,10,0.8045382165605095,0,20,None,66,1,5,False,1000,1000
17689,174,degCent,10,0.8050358280254777,0,20,None,66,1,5,False,1000,1000
17690,170,degCent,10,0.7982683121019108,0,10,None,66,1,5,False,1000,1000
17691,171,degCent,10,0.799562101910828,0,10,None,66,1,5,False,1000,1000
17692,172,degCent,10,0.7999601910828026,0,10,None,66,1,5,False,1000,1000
17693,173,degCent,10,0.8011544585987261,0,10,None,66,1,5,False,1000,1000
17694,174,degCent,10,0.8030453821656051,0,10,None,66,1,5,False,1000,1000
17695,170,degCent,10,0.78125,0,22,None,66,1,5,False,1000,1000
17696,171,degCent,10,0.7847332802547771,0,22,None,66,1,5,False,1000,1000
17697,172,degCent,10,0.7873208598726115,0,22,None,66,1,5,False,1000,1000
17698,173,degCent,10,0.7905055732484076,0,22,None,66,1,5,False,1000,1000
17699,174,degCent,10,0.7909036624203821,0,22,None,66,1,5,False,1000,1000
17700,170,degCent,10,0.7835390127388535,0,32,None,66,1,5,False,1000,1000
17701,171,degCent,10,0.785828025477707,0,32,None,66,1,5,False,1000,1000
17702,172,degCent,10,0.7880175159235668,0,32,None,66,1,5,False,1000,1000
17703,173,degCent,10,0.7907046178343949,0,32,None,66,1,5,False,1000,1000
17704,174,degCent,10,0.791202229299363,0,32,None,66,1,5,False,1000,1000
17705,170,degCent,10,0.7780652866242038,0,16,None,66,1,5,False,1000,1000
17706,171,degCent,10,0.7795581210191083,0,16,None,66,1,5,False,1000,1000
17707,172,degCent,10,0.7808519108280255,0,16,None,66,1,5,False,1000,1000
17708,173,degCent,10,0.7829418789808917,0,16,None,66,1,5,False,1000,1000
17709,174,degCent,10,0.7847332802547771,0,16,None,66,1,5,False,1000,1000
17710,170,degCent,10,0.8037420382165605,0,13,None,66,1,5,False,1000,1000
17711,171,degCent,10,0.8051353503184714,0,13,None,66,1,5,False,1000,1000
17712,172,degCent,10,0.8057324840764332,0,13,None,66,1,5,False,1000,1000
17713,173,degCent,10,0.8055334394904459,0,13,None,66,1,5,False,1000,1000
17714,174,degCent,10,0.8064291401273885,0,13,None,66,1,5,False,1000,1000
17715,170,degCent,10,0.7412420382165605,0,23,None,66,1,5,False,1000,1000
17716,171,degCent,10,0.7430334394904459,0,23,None,66,1,5,False,1000,1000
17717,172,degCent,10,0.7466162420382165,0,23,None,66,1,5,False,1000,1000
17718,173,degCent,10,0.7487062101910829,0,23,None,66,1,5,False,1000,1000
17719,174,degCent,10,0.7503980891719745,0,23,None,66,1,5,False,1000,1000
17720,170,degCent,10,0.7670183121019108,0,25,None,66,1,5,False,1000,1000
17721,171,degCent,10,0.7721934713375797,0,25,None,66,1,5,False,1000,1000
17722,172,degCent,10,0.7763734076433121,0,25,None,66,1,5,False,1000,1000
17723,173,degCent,10,0.7794585987261147,0,25,None,66,1,5,False,1000,1000
17724,174,degCent,10,0.7806528662420382,0,25,None,66,1,5,False,1000,1000
17725,170,degCent,10,0.6650079617834395,0,28,None,66,1,5,False,1000,1000
17726,171,degCent,10,0.7084992038216561,0,28,None,66,1,5,False,1000,1000
17727,172,degCent,10,0.7232285031847133,0,28,None,66,1,5,False,1000,1000
17728,173,degCent,10,0.7238256369426752,0,28,None,66,1,5,False,1000,1000
17729,174,degCent,10,0.7269108280254777,0,28,None,66,1,5,False,1000,1000
17730,170,degCent,10,0.7997611464968153,0,29,None,66,1,5,False,1000,1000
17731,171,degCent,10,0.8008558917197452,0,29,None,66,1,5,False,1000,1000
17732,172,degCent,10,0.8004578025477707,0,29,None,66,1,5,False,1000,1000
17733,173,degCent,10,0.8010549363057324,0,29,None,66,1,5,False,1000,1000
17734,174,degCent,10,0.8008558917197452,0,29,None,66,1,5,False,1000,1000
17735,170,degCent,10,0.7996616242038217,0,9,None,66,1,5,False,1000,1000
17736,171,degCent,10,0.8003582802547771,0,9,None,66,1,5,False,1000,1000
17737,172,degCent,10,0.8004578025477707,0,9,None,66,1,5,False,1000,1000
17738,173,degCent,10,0.800656847133758,0,9,None,66,1,5,False,1000,1000
17739,174,degCent,10,0.8012539808917197,0,9,None,66,1,5,False,1000,1000
17740,170,degCent,10,0.779359076433121,0,5,None,66,1,5,False,1000,1000
17741,171,degCent,10,0.7805533439490446,0,5,None,66,1,5,False,1000,1000
17742,172,degCent,10,0.7820461783439491,0,5,None,66,1,5,False,1000,1000
17743,173,degCent,10,0.7835390127388535,0,5,None,66,1,5,False,1000,1000
17744,174,degCent,10,0.7851313694267515,0,5,None,66,1,5,False,1000,1000
17745,170,degCent,10,0.7868232484076433,0,4,None,66,1,5,False,1000,1000
17746,171,degCent,10,0.788515127388535,0,4,None,66,1,5,False,1000,1000
17747,172,degCent,10,0.7892117834394905,0,4,None,66,1,5,False,1000,1000
17748,173,degCent,10,0.7906050955414012,0,4,None,66,1,5,False,1000,1000
17749,174,degCent,10,0.7931926751592356,0,4,None,66,1,5,False,1000,1000
17750,170,degCent,10,0.728702229299363,0,7,None,66,1,5,False,1000,1000
17751,171,degCent,10,0.7335788216560509,0,7,None,66,1,5,False,1000,1000
17752,172,degCent,10,0.7375597133757962,0,7,None,66,1,5,False,1000,1000
17753,173,degCent,10,0.7401472929936306,0,7,None,66,1,5,False,1000,1000
17754,174,degCent,10,0.7423367834394905,0,7,None,66,1,5,False,1000,1000
17755,170,degCent,10,0.796875,0,6,None,66,1,5,False,1000,1000
17756,171,degCent,10,0.7969745222929936,0,6,None,66,1,5,False,1000,1000
17757,172,degCent,10,0.7969745222929936,0,6,None,66,1,5,False,1000,1000
17758,173,degCent,10,0.7967754777070064,0,6,None,66,1,5,False,1000,1000
17759,174,degCent,10,0.7974721337579618,0,6,None,66,1,5,False,1000,1000
17760,170,degCent,10,0.7992635350318471,0,12,None,66,1,5,False,1000,1000
17761,171,degCent,10,0.8005573248407644,0,12,None,66,1,5,False,1000,1000
17762,172,degCent,10,0.8015525477707006,0,12,None,66,1,5,False,1000,1000
17763,173,degCent,10,0.8019506369426752,0,12,None,66,1,5,False,1000,1000
17764,174,degCent,10,0.8018511146496815,0,12,None,66,1,5,False,1000,1000
17765,170,degCent,10,0.7906050955414012,0,14,None,66,1,5,False,1000,1000
17766,171,degCent,10,0.7925955414012739,0,14,None,66,1,5,False,1000,1000
17767,172,degCent,10,0.7938893312101911,0,14,None,66,1,5,False,1000,1000
17768,173,degCent,10,0.7953821656050956,0,14,None,66,1,5,False,1000,1000
17769,174,degCent,10,0.7960788216560509,0,14,None,66,1,5,False,1000,1000
17770,170,degCent,10,0.7770700636942676,0,26,None,66,1,5,False,1000,1000
17771,171,degCent,10,0.7779657643312102,0,26,None,66,1,5,False,1000,1000
17772,172,degCent,10,0.7798566878980892,0,26,None,66,1,5,False,1000,1000
17773,173,degCent,10,0.7802547770700637,0,26,None,66,1,5,False,1000,1000
17774,174,degCent,10,0.78125,0,26,None,66,1,5,False,1000,1000
17775,170,degCent,10,0.7895103503184714,0,30,None,66,1,5,False,1000,1000
17776,171,degCent,10,0.7934912420382165,0,30,None,66,1,5,False,1000,1000
17777,172,degCent,10,0.7966759554140127,0,30,None,66,1,5,False,1000,1000
17778,173,degCent,10,0.7972730891719745,0,30,None,66,1,5,False,1000,1000
17779,174,degCent,10,0.7984673566878981,0,30,None,66,1,5,False,1000,1000
17780,170,degCent,10,0.7830414012738853,0,8,None,66,1,5,False,1000,1000
17781,171,degCent,10,0.7838375796178344,0,8,None,66,1,5,False,1000,1000
17782,172,degCent,10,0.7873208598726115,0,8,None,66,1,5,False,1000,1000
17783,173,degCent,10,0.7888136942675159,0,8,None,66,1,5,False,1000,1000
17784,174,degCent,10,0.7909036624203821,0,8,None,66,1,5,False,1000,1000
17785,170,degCent,10,0.7765724522292994,0,18,None,66,1,5,False,1000,1000
17786,171,degCent,10,0.7787619426751592,0,18,None,66,1,5,False,1000,1000
17787,172,degCent,10,0.7796576433121019,0,18,None,66,1,5,False,1000,1000
17788,173,degCent,10,0.7814490445859873,0,18,None,66,1,5,False,1000,1000
17789,174,degCent,10,0.7824442675159236,0,18,None,66,1,5,False,1000,1000
17790,170,degCent,10,0.7965764331210191,0,19,None,66,1,5,False,1000,1000
17791,171,degCent,10,0.7970740445859873,0,19,None,66,1,5,False,1000,1000
17792,172,degCent,10,0.7974721337579618,0,19,None,66,1,5,False,1000,1000
17793,173,degCent,10,0.7984673566878981,0,19,None,66,1,5,False,1000,1000
17794,174,degCent,10,0.7985668789808917,0,19,None,66,1,5,False,1000,1000
17795,170,degCent,10,0.7913017515923567,0,31,None,66,1,5,False,1000,1000
17796,171,degCent,10,0.7909036624203821,0,31,None,66,1,5,False,1000,1000
17797,172,degCent,10,0.7905055732484076,0,31,None,66,1,5,False,1000,1000
17798,173,degCent,10,0.7909036624203821,0,31,None,66,1,5,False,1000,1000
17799,174,degCent,10,0.7917993630573248,0,31,None,66,1,5,False,1000,1000
17800,170,degCent,10,0.7465167197452229,0,1,None,66,1,5,False,1000,1000
17801,171,degCent,10,0.7494028662420382,0,1,None,66,1,5,False,1000,1000
17802,172,degCent,10,0.7520899681528662,0,1,None,66,1,5,False,1000,1000
17803,173,degCent,10,0.7544785031847133,0,1,None,66,1,5,False,1000,1000
17804,174,degCent,10,0.7550756369426752,0,1,None,66,1,5,False,1000,1000
17805,170,degCent,10,0.7732882165605095,0,2,None,66,1,5,False,1000,1000
17806,171,degCent,10,0.7735867834394905,0,2,None,66,1,5,False,1000,1000
17807,172,degCent,10,0.7735867834394905,0,2,None,66,1,5,False,1000,1000
17808,173,degCent,10,0.7736863057324841,0,2,None,66,1,5,False,1000,1000
17809,174,degCent,10,0.7749800955414012,0,2,None,66,1,5,False,1000,1000
17810,170,degCent,10,0.7883160828025477,0,0,None,66,1,5,False,1000,1000
17811,171,degCent,10,0.7894108280254777,0,0,None,66,1,5,False,1000,1000
17812,172,degCent,10,0.7891122611464968,0,0,None,66,1,5,False,1000,1000
17813,173,degCent,10,0.7891122611464968,0,0,None,66,1,5,False,1000,1000
17814,174,degCent,10,0.7895103503184714,0,0,None,66,1,5,False,1000,1000
17815,170,degCent,10,0.7936902866242038,0,3,None,66,1,5,False,1000,1000
17816,171,degCent,10,0.7944864649681529,0,3,None,66,1,5,False,1000,1000
17817,172,degCent,10,0.794984076433121,0,3,None,66,1,5,False,1000,1000
17818,173,degCent,10,0.7967754777070064,0,3,None,66,1,5,False,1000,1000
17819,174,degCent,10,0.7973726114649682,0,3,None,66,1,5,False,1000,1000
17820,175,degCent,10,0.7925955414012739,0,14,None,66,1,5,False,1000,1000
17821,176,degCent,10,0.7945859872611465,0,14,None,66,1,5,False,1000,1000
17822,177,degCent,10,0.7953821656050956,0,14,None,66,1,5,False,1000,1000
17823,178,degCent,10,0.796875,0,14,None,66,1,5,False,1000,1000
17824,179,degCent,10,0.7977707006369427,0,14,None,66,1,5,False,1000,1000
17825,175,degCent,10,0.7920979299363057,0,30,None,66,1,5,False,1000,1000
17826,176,degCent,10,0.7962778662420382,0,30,None,66,1,5,False,1000,1000
17827,177,degCent,10,0.7973726114649682,0,30,None,66,1,5,False,1000,1000
17828,178,degCent,10,0.798765923566879,0,30,None,66,1,5,False,1000,1000
17829,179,degCent,10,0.7999601910828026,0,30,None,66,1,5,False,1000,1000
17830,175,degCent,10,0.7829418789808917,0,22,None,66,1,5,False,1000,1000
17831,176,degCent,10,0.7876194267515924,0,22,None,66,1,5,False,1000,1000
17832,177,degCent,10,0.7902070063694268,0,22,None,66,1,5,False,1000,1000
17833,178,degCent,10,0.7919984076433121,0,22,None,66,1,5,False,1000,1000
17834,179,degCent,10,0.7932921974522293,0,22,None,66,1,5,False,1000,1000
17835,175,degCent,10,0.7285031847133758,0,7,None,66,1,5,False,1000,1000
17836,176,degCent,10,0.73546974522293,0,7,None,66,1,5,False,1000,1000
17837,177,degCent,10,0.7386544585987261,0,7,None,66,1,5,False,1000,1000
17838,178,degCent,10,0.7420382165605095,0,7,None,66,1,5,False,1000,1000
17839,179,degCent,10,0.7437300955414012,0,7,None,66,1,5,False,1000,1000
17840,175,degCent,10,0.7808519108280255,0,16,None,66,1,5,False,1000,1000
17841,176,degCent,10,0.7820461783439491,0,16,None,66,1,5,False,1000,1000
17842,177,degCent,10,0.7834394904458599,0,16,None,66,1,5,False,1000,1000
17843,178,degCent,10,0.7847332802547771,0,16,None,66,1,5,False,1000,1000
17844,179,degCent,10,0.7859275477707006,0,16,None,66,1,5,False,1000,1000
17845,175,degCent,10,0.7854299363057324,0,32,None,66,1,5,False,1000,1000
17846,176,degCent,10,0.7868232484076433,0,32,None,66,1,5,False,1000,1000
17847,177,degCent,10,0.7892117834394905,0,32,None,66,1,5,False,1000,1000
17848,178,degCent,10,0.7917993630573248,0,32,None,66,1,5,False,1000,1000
17849,179,degCent,10,0.7932921974522293,0,32,None,66,1,5,False,1000,1000
17850,175,degCent,10,0.7965764331210191,0,15,None,66,1,5,False,1000,1000
17851,176,degCent,10,0.7961783439490446,0,15,None,66,1,5,False,1000,1000
17852,177,degCent,10,0.7965764331210191,0,15,None,66,1,5,False,1000,1000
17853,178,degCent,10,0.7958797770700637,0,15,None,66,1,5,False,1000,1000
17854,179,degCent,10,0.7960788216560509,0,15,None,66,1,5,False,1000,1000
17855,175,degCent,10,0.7989649681528662,0,10,None,66,1,5,False,1000,1000
17856,176,degCent,10,0.8004578025477707,0,10,None,66,1,5,False,1000,1000
17857,177,degCent,10,0.8016520700636943,0,10,None,66,1,5,False,1000,1000
17858,178,degCent,10,0.8023487261146497,0,10,None,66,1,5,False,1000,1000
17859,179,degCent,10,0.8037420382165605,0,10,None,66,1,5,False,1000,1000
17860,175,degCent,10,0.7969745222929936,0,6,None,66,1,5,False,1000,1000
17861,176,degCent,10,0.7972730891719745,0,6,None,66,1,5,False,1000,1000
17862,177,degCent,10,0.7989649681528662,0,6,None,66,1,5,False,1000,1000
17863,178,degCent,10,0.7991640127388535,0,6,None,66,1,5,False,1000,1000
17864,179,degCent,10,0.799562101910828,0,6,None,66,1,5,False,1000,1000
17865,175,degCent,10,0.8016520700636943,0,12,None,66,1,5,False,1000,1000
17866,176,degCent,10,0.802547770700637,0,12,None,66,1,5,False,1000,1000
17867,177,degCent,10,0.8032444267515924,0,12,None,66,1,5,False,1000,1000
17868,178,degCent,10,0.8038415605095541,0,12,None,66,1,5,False,1000,1000
17869,179,degCent,10,0.8034434713375797,0,12,None,66,1,5,False,1000,1000
17870,175,degCent,10,0.7791600318471338,0,25,None,66,1,5,False,1000,1000
17871,176,degCent,10,0.7810509554140127,0,25,None,66,1,5,False,1000,1000
17872,177,degCent,10,0.783937101910828,0,25,None,66,1,5,False,1000,1000
17873,178,degCent,10,0.7848328025477707,0,25,None,66,1,5,False,1000,1000
17874,179,degCent,10,0.7866242038216561,0,25,None,66,1,5,False,1000,1000
17875,175,degCent,10,0.7782643312101911,0,26,None,66,1,5,False,1000,1000
17876,176,degCent,10,0.7794585987261147,0,26,None,66,1,5,False,1000,1000
17877,177,degCent,10,0.7805533439490446,0,26,None,66,1,5,False,1000,1000
17878,178,degCent,10,0.7816480891719745,0,26,None,66,1,5,False,1000,1000
17879,179,degCent,10,0.7824442675159236,0,26,None,66,1,5,False,1000,1000
17880,175,degCent,10,0.6871019108280255,0,11,None,66,1,5,False,1000,1000
17881,176,degCent,10,0.6946656050955414,0,11,None,66,1,5,False,1000,1000
17882,177,degCent,10,0.7021297770700637,0,11,None,66,1,5,False,1000,1000
17883,178,degCent,10,0.7056130573248408,0,11,None,66,1,5,False,1000,1000
17884,179,degCent,10,0.7085987261146497,0,11,None,66,1,5,False,1000,1000
17885,175,degCent,10,0.8015525477707006,0,17,None,66,1,5,False,1000,1000
17886,176,degCent,10,0.8017515923566879,0,17,None,66,1,5,False,1000,1000
17887,177,degCent,10,0.801453025477707,0,17,None,66,1,5,False,1000,1000
17888,178,degCent,10,0.8023487261146497,0,17,None,66,1,5,False,1000,1000
17889,179,degCent,10,0.8023487261146497,0,17,None,66,1,5,False,1000,1000
17890,175,degCent,10,0.8071257961783439,0,24,None,66,1,5,False,1000,1000
17891,176,degCent,10,0.806031050955414,0,24,None,66,1,5,False,1000,1000
17892,177,degCent,10,0.8069267515923567,0,24,None,66,1,5,False,1000,1000
17893,178,degCent,10,0.807921974522293,0,24,None,66,1,5,False,1000,1000
17894,179,degCent,10,0.8080214968152867,0,24,None,66,1,5,False,1000,1000
17895,175,degCent,10,0.7745820063694268,0,18,None,66,1,5,False,1000,1000
17896,176,degCent,10,0.7773686305732485,0,18,None,66,1,5,False,1000,1000
17897,177,degCent,10,0.779359076433121,0,18,None,66,1,5,False,1000,1000
17898,178,degCent,10,0.78125,0,18,None,66,1,5,False,1000,1000
17899,179,degCent,10,0.7821457006369427,0,18,None,66,1,5,False,1000,1000
17900,175,degCent,10,0.7970740445859873,0,19,None,66,1,5,False,1000,1000
17901,176,degCent,10,0.7982683121019108,0,19,None,66,1,5,False,1000,1000
17902,177,degCent,10,0.799562101910828,0,19,None,66,1,5,False,1000,1000
17903,178,degCent,10,0.8001592356687898,0,19,None,66,1,5,False,1000,1000
17904,179,degCent,10,0.8000597133757962,0,19,None,66,1,5,False,1000,1000
17905,175,degCent,10,0.7934912420382165,0,31,None,66,1,5,False,1000,1000
17906,176,degCent,10,0.7933917197452229,0,31,None,66,1,5,False,1000,1000
17907,177,degCent,10,0.7927945859872612,0,31,None,66,1,5,False,1000,1000
17908,178,degCent,10,0.7934912420382165,0,31,None,66,1,5,False,1000,1000
17909,179,degCent,10,0.7931926751592356,0,31,None,66,1,5,False,1000,1000
17910,175,degCent,10,0.7946855095541401,0,20,None,66,1,5,False,1000,1000
17911,176,degCent,10,0.801453025477707,0,20,None,66,1,5,False,1000,1000
17912,177,degCent,10,0.8035429936305732,0,20,None,66,1,5,False,1000,1000
17913,178,degCent,10,0.8046377388535032,0,20,None,66,1,5,False,1000,1000
17914,179,degCent,10,0.8063296178343949,0,20,None,66,1,5,False,1000,1000
17915,175,degCent,10,0.745421974522293,0,1,None,66,1,5,False,1000,1000
17916,176,degCent,10,0.7492038216560509,0,1,None,66,1,5,False,1000,1000
17917,177,degCent,10,0.7524880573248408,0,1,None,66,1,5,False,1000,1000
17918,178,degCent,10,0.7538813694267515,0,1,None,66,1,5,False,1000,1000
17919,179,degCent,10,0.7557722929936306,0,1,None,66,1,5,False,1000,1000
17920,175,degCent,10,0.7758757961783439,0,2,None,66,1,5,False,1000,1000
17921,176,degCent,10,0.7751791401273885,0,2,None,66,1,5,False,1000,1000
17922,177,degCent,10,0.7757762738853503,0,2,None,66,1,5,False,1000,1000
17923,178,degCent,10,0.7772691082802548,0,2,None,66,1,5,False,1000,1000
17924,179,degCent,10,0.7768710191082803,0,2,None,66,1,5,False,1000,1000
17925,175,degCent,10,0.7921974522292994,0,0,None,66,1,5,False,1000,1000
17926,176,degCent,10,0.7916998407643312,0,0,None,66,1,5,False,1000,1000
17927,177,degCent,10,0.7916998407643312,0,0,None,66,1,5,False,1000,1000
17928,178,degCent,10,0.7927945859872612,0,0,None,66,1,5,False,1000,1000
17929,179,degCent,10,0.7927945859872612,0,0,None,66,1,5,False,1000,1000
17930,175,degCent,10,0.7953821656050956,0,3,None,66,1,5,False,1000,1000
17931,176,degCent,10,0.7962778662420382,0,3,None,66,1,5,False,1000,1000
17932,177,degCent,10,0.7971735668789809,0,3,None,66,1,5,False,1000,1000
17933,178,degCent,10,0.7981687898089171,0,3,None,66,1,5,False,1000,1000
17934,179,degCent,10,0.7986664012738853,0,3,None,66,1,5,False,1000,1000
17935,175,degCent,10,0.7900079617834395,0,4,None,66,1,5,False,1000,1000
17936,176,degCent,10,0.7906050955414012,0,4,None,66,1,5,False,1000,1000
17937,177,degCent,10,0.7916003184713376,0,4,None,66,1,5,False,1000,1000
17938,178,degCent,10,0.7933917197452229,0,4,None,66,1,5,False,1000,1000
17939,179,degCent,10,0.7955812101910829,0,4,None,66,1,5,False,1000,1000
17940,175,degCent,10,0.7803542993630573,0,5,None,66,1,5,False,1000,1000
17941,176,degCent,10,0.7821457006369427,0,5,None,66,1,5,False,1000,1000
17942,177,degCent,10,0.7837380573248408,0,5,None,66,1,5,False,1000,1000
17943,178,degCent,10,0.7849323248407644,0,5,None,66,1,5,False,1000,1000
17944,179,degCent,10,0.7847332802547771,0,5,None,66,1,5,False,1000,1000
17945,175,degCent,10,0.7868232484076433,0,8,None,66,1,5,False,1000,1000
17946,176,degCent,10,0.7875199044585988,0,8,None,66,1,5,False,1000,1000
17947,177,degCent,10,0.7893113057324841,0,8,None,66,1,5,False,1000,1000
17948,178,degCent,10,0.791202229299363,0,8,None,66,1,5,False,1000,1000
17949,179,degCent,10,0.7923964968152867,0,8,None,66,1,5,False,1000,1000
17950,175,degCent,10,0.8015525477707006,0,9,None,66,1,5,False,1000,1000
17951,176,degCent,10,0.8012539808917197,0,9,None,66,1,5,False,1000,1000
17952,177,degCent,10,0.8020501592356688,0,9,None,66,1,5,False,1000,1000
17953,178,degCent,10,0.8019506369426752,0,9,None,66,1,5,False,1000,1000
17954,179,degCent,10,0.8023487261146497,0,9,None,66,1,5,False,1000,1000
17955,175,degCent,10,0.8050358280254777,0,13,None,66,1,5,False,1000,1000
17956,176,degCent,10,0.8058320063694268,0,13,None,66,1,5,False,1000,1000
17957,177,degCent,10,0.8063296178343949,0,13,None,66,1,5,False,1000,1000
17958,178,degCent,10,0.806827229299363,0,13,None,66,1,5,False,1000,1000
17959,179,degCent,10,0.806827229299363,0,13,None,66,1,5,False,1000,1000
17960,175,degCent,10,0.794187898089172,0,21,None,66,1,5,False,1000,1000
17961,176,degCent,10,0.7944864649681529,0,21,None,66,1,5,False,1000,1000
17962,177,degCent,10,0.7953821656050956,0,21,None,66,1,5,False,1000,1000
17963,178,degCent,10,0.7956807324840764,0,21,None,66,1,5,False,1000,1000
17964,179,degCent,10,0.7964769108280255,0,21,None,66,1,5,False,1000,1000
17965,175,degCent,10,0.7432324840764332,0,23,None,66,1,5,False,1000,1000
17966,176,degCent,10,0.7446257961783439,0,23,None,66,1,5,False,1000,1000
17967,177,degCent,10,0.7484076433121019,0,23,None,66,1,5,False,1000,1000
17968,178,degCent,10,0.7504976114649682,0,23,None,66,1,5,False,1000,1000
17969,179,degCent,10,0.7530851910828026,0,23,None,66,1,5,False,1000,1000
17970,175,degCent,10,0.7951831210191083,0,27,None,66,1,5,False,1000,1000
17971,176,degCent,10,0.7958797770700637,0,27,None,66,1,5,False,1000,1000
17972,177,degCent,10,0.7973726114649682,0,27,None,66,1,5,False,1000,1000
17973,178,degCent,10,0.7976711783439491,0,27,None,66,1,5,False,1000,1000
17974,179,degCent,10,0.7975716560509554,0,27,None,66,1,5,False,1000,1000
17975,175,degCent,10,0.6700835987261147,0,28,None,66,1,5,False,1000,1000
17976,176,degCent,10,0.713077229299363,0,28,None,66,1,5,False,1000,1000
17977,177,degCent,10,0.7258160828025477,0,28,None,66,1,5,False,1000,1000
17978,178,degCent,10,0.727906050955414,0,28,None,66,1,5,False,1000,1000
17979,179,degCent,10,0.7308917197452229,0,28,None,66,1,5,False,1000,1000
17980,175,degCent,10,0.8022492038216561,0,29,None,66,1,5,False,1000,1000
17981,176,degCent,10,0.8023487261146497,0,29,None,66,1,5,False,1000,1000
17982,177,degCent,10,0.8019506369426752,0,29,None,66,1,5,False,1000,1000
17983,178,degCent,10,0.801453025477707,0,29,None,66,1,5,False,1000,1000
17984,179,degCent,10,0.8021496815286624,0,29,None,66,1,5,False,1000,1000
18975,180,degCent,10,0.7450238853503185,0,1,None,66,1,5,False,1000,1000
18976,181,degCent,10,0.74890525477707,0,1,None,66,1,5,False,1000,1000
18977,182,degCent,10,0.7509952229299363,0,1,None,66,1,5,False,1000,1000
18978,183,degCent,10,0.7530851910828026,0,1,None,66,1,5,False,1000,1000
18979,184,degCent,10,0.7552746815286624,0,1,None,66,1,5,False,1000,1000
18980,180,degCent,10,0.777468152866242,0,2,None,66,1,5,False,1000,1000
18981,181,degCent,10,0.7773686305732485,0,2,None,66,1,5,False,1000,1000
18982,182,degCent,10,0.7775676751592356,0,2,None,66,1,5,False,1000,1000
18983,183,degCent,10,0.7782643312101911,0,2,None,66,1,5,False,1000,1000
18984,184,degCent,10,0.7797571656050956,0,2,None,66,1,5,False,1000,1000
18985,180,degCent,10,0.7820461783439491,0,5,None,66,1,5,False,1000,1000
18986,181,degCent,10,0.7835390127388535,0,5,None,66,1,5,False,1000,1000
18987,182,degCent,10,0.7856289808917197,0,5,None,66,1,5,False,1000,1000
18988,183,degCent,10,0.7860270700636943,0,5,None,66,1,5,False,1000,1000
18989,184,degCent,10,0.7872213375796179,0,5,None,66,1,5,False,1000,1000
18990,180,degCent,10,0.8081210191082803,0,13,None,66,1,5,False,1000,1000
18991,181,degCent,10,0.8081210191082803,0,13,None,66,1,5,False,1000,1000
18992,182,degCent,10,0.8088176751592356,0,13,None,66,1,5,False,1000,1000
18993,183,degCent,10,0.8088176751592356,0,13,None,66,1,5,False,1000,1000
18994,184,degCent,10,0.8084195859872612,0,13,None,66,1,5,False,1000,1000
18995,180,degCent,10,0.7824442675159236,0,16,None,66,1,5,False,1000,1000
18996,181,degCent,10,0.783937101910828,0,16,None,66,1,5,False,1000,1000
18997,182,degCent,10,0.7855294585987261,0,16,None,66,1,5,False,1000,1000
18998,183,degCent,10,0.7864251592356688,0,16,None,66,1,5,False,1000,1000
18999,184,degCent,10,0.7879179936305732,0,16,None,66,1,5,False,1000,1000
19000,180,degCent,10,0.8001592356687898,0,19,None,66,1,5,False,1000,1000
19001,181,degCent,10,0.8000597133757962,0,19,None,66,1,5,False,1000,1000
19002,182,degCent,10,0.8008558917197452,0,19,None,66,1,5,False,1000,1000
19003,183,degCent,10,0.8012539808917197,0,19,None,66,1,5,False,1000,1000
19004,184,degCent,10,0.8017515923566879,0,19,None,66,1,5,False,1000,1000
19005,180,degCent,10,0.7955812101910829,0,14,None,66,1,5,False,1000,1000
19006,181,degCent,10,0.7963773885350318,0,14,None,66,1,5,False,1000,1000
19007,182,degCent,10,0.7975716560509554,0,14,None,66,1,5,False,1000,1000
19008,183,degCent,10,0.7977707006369427,0,14,None,66,1,5,False,1000,1000
19009,184,degCent,10,0.7994625796178344,0,14,None,66,1,5,False,1000,1000
19010,180,degCent,10,0.7764729299363057,0,25,None,66,1,5,False,1000,1000
19011,181,degCent,10,0.7802547770700637,0,25,None,66,1,5,False,1000,1000
19012,182,degCent,10,0.7828423566878981,0,25,None,66,1,5,False,1000,1000
19013,183,degCent,10,0.7844347133757962,0,25,None,66,1,5,False,1000,1000
19014,184,degCent,10,0.7859275477707006,0,25,None,66,1,5,False,1000,1000
19015,180,degCent,10,0.8019506369426752,0,17,None,66,1,5,False,1000,1000
19016,181,degCent,10,0.8027468152866242,0,17,None,66,1,5,False,1000,1000
19017,182,degCent,10,0.8030453821656051,0,17,None,66,1,5,False,1000,1000
19018,183,degCent,10,0.8031449044585988,0,17,None,66,1,5,False,1000,1000
19019,184,degCent,10,0.8040406050955414,0,17,None,66,1,5,False,1000,1000
19020,180,degCent,10,0.796875,0,21,None,66,1,5,False,1000,1000
19021,181,degCent,10,0.7971735668789809,0,21,None,66,1,5,False,1000,1000
19022,182,degCent,10,0.7980692675159236,0,21,None,66,1,5,False,1000,1000
19023,183,degCent,10,0.7990644904458599,0,21,None,66,1,5,False,1000,1000
19024,184,degCent,10,0.7996616242038217,0,21,None,66,1,5,False,1000,1000
19025,180,degCent,10,0.7802547770700637,0,26,None,66,1,5,False,1000,1000
19026,181,degCent,10,0.7814490445859873,0,26,None,66,1,5,False,1000,1000
19027,182,degCent,10,0.7819466560509554,0,26,None,66,1,5,False,1000,1000
19028,183,degCent,10,0.7829418789808917,0,26,None,66,1,5,False,1000,1000
19029,184,degCent,10,0.7833399681528662,0,26,None,66,1,5,False,1000,1000
19030,180,degCent,10,0.8022492038216561,0,12,None,66,1,5,False,1000,1000
19031,181,degCent,10,0.8037420382165605,0,12,None,66,1,5,False,1000,1000
19032,182,degCent,10,0.8044386942675159,0,12,None,66,1,5,False,1000,1000
19033,183,degCent,10,0.8044386942675159,0,12,None,66,1,5,False,1000,1000
19034,184,degCent,10,0.8045382165605095,0,12,None,66,1,5,False,1000,1000
19035,180,degCent,10,0.8089171974522293,0,24,None,66,1,5,False,1000,1000
19036,181,degCent,10,0.8086186305732485,0,24,None,66,1,5,False,1000,1000
19037,182,degCent,10,0.8088176751592356,0,24,None,66,1,5,False,1000,1000
19038,183,degCent,10,0.8092157643312102,0,24,None,66,1,5,False,1000,1000
19039,184,degCent,10,0.8093152866242038,0,24,None,66,1,5,False,1000,1000
19040,180,degCent,10,0.6766520700636943,0,28,None,66,1,5,False,1000,1000
19041,181,degCent,10,0.7178542993630573,0,28,None,66,1,5,False,1000,1000
19042,182,degCent,10,0.7315883757961783,0,28,None,66,1,5,False,1000,1000
19043,183,degCent,10,0.7331807324840764,0,28,None,66,1,5,False,1000,1000
19044,184,degCent,10,0.7350716560509554,0,28,None,66,1,5,False,1000,1000
19045,180,degCent,10,0.794187898089172,0,30,None,66,1,5,False,1000,1000
19046,181,degCent,10,0.7977707006369427,0,30,None,66,1,5,False,1000,1000
19047,182,degCent,10,0.7993630573248408,0,30,None,66,1,5,False,1000,1000
19048,183,degCent,10,0.801453025477707,0,30,None,66,1,5,False,1000,1000
19049,184,degCent,10,0.801453025477707,0,30,None,66,1,5,False,1000,1000
19050,180,degCent,10,0.79796974522293,0,27,None,66,1,5,False,1000,1000
19051,181,degCent,10,0.7981687898089171,0,27,None,66,1,5,False,1000,1000
19052,182,degCent,10,0.7989649681528662,0,27,None,66,1,5,False,1000,1000
19053,183,degCent,10,0.7993630573248408,0,27,None,66,1,5,False,1000,1000
19054,184,degCent,10,0.7996616242038217,0,27,None,66,1,5,False,1000,1000
19055,180,degCent,10,0.775577229299363,0,18,None,66,1,5,False,1000,1000
19056,181,degCent,10,0.7772691082802548,0,18,None,66,1,5,False,1000,1000
19057,182,degCent,10,0.7795581210191083,0,18,None,66,1,5,False,1000,1000
19058,183,degCent,10,0.78015525477707,0,18,None,66,1,5,False,1000,1000
19059,184,degCent,10,0.7828423566878981,0,18,None,66,1,5,False,1000,1000
19060,180,degCent,10,0.7945859872611465,0,31,None,66,1,5,False,1000,1000
19061,181,degCent,10,0.7959792993630573,0,31,None,66,1,5,False,1000,1000
19062,182,degCent,10,0.7950835987261147,0,31,None,66,1,5,False,1000,1000
19063,183,degCent,10,0.7948845541401274,0,31,None,66,1,5,False,1000,1000
19064,184,degCent,10,0.7954816878980892,0,31,None,66,1,5,False,1000,1000
19065,180,degCent,10,0.7299960191082803,0,7,None,66,1,5,False,1000,1000
19066,181,degCent,10,0.7359673566878981,0,7,None,66,1,5,False,1000,1000
19067,182,degCent,10,0.7410429936305732,0,7,None,66,1,5,False,1000,1000
19068,183,degCent,10,0.7434315286624203,0,7,None,66,1,5,False,1000,1000
19069,184,degCent,10,0.7457205414012739,0,7,None,66,1,5,False,1000,1000
19070,180,degCent,10,0.6866042993630573,0,11,None,66,1,5,False,1000,1000
19071,181,degCent,10,0.6942675159235668,0,11,None,66,1,5,False,1000,1000
19072,182,degCent,10,0.7025278662420382,0,11,None,66,1,5,False,1000,1000
19073,183,degCent,10,0.7061106687898089,0,11,None,66,1,5,False,1000,1000
19074,184,degCent,10,0.708797770700637,0,11,None,66,1,5,False,1000,1000
19075,180,degCent,10,0.7986664012738853,0,15,None,66,1,5,False,1000,1000
19076,181,degCent,10,0.7982683121019108,0,15,None,66,1,5,False,1000,1000
19077,182,degCent,10,0.7973726114649682,0,15,None,66,1,5,False,1000,1000
19078,183,degCent,10,0.7973726114649682,0,15,None,66,1,5,False,1000,1000
19079,184,degCent,10,0.79796974522293,0,15,None,66,1,5,False,1000,1000
19080,180,degCent,10,0.7931926751592356,0,4,None,66,1,5,False,1000,1000
19081,181,degCent,10,0.7951831210191083,0,4,None,66,1,5,False,1000,1000
19082,182,degCent,10,0.794984076433121,0,4,None,66,1,5,False,1000,1000
19083,183,degCent,10,0.7967754777070064,0,4,None,66,1,5,False,1000,1000
19084,184,degCent,10,0.798765923566879,0,4,None,66,1,5,False,1000,1000
19085,180,degCent,10,0.7991640127388535,0,3,None,66,1,5,False,1000,1000
19086,181,degCent,10,0.7999601910828026,0,3,None,66,1,5,False,1000,1000
19087,182,degCent,10,0.8005573248407644,0,3,None,66,1,5,False,1000,1000
19088,183,degCent,10,0.800656847133758,0,3,None,66,1,5,False,1000,1000
19089,184,degCent,10,0.801453025477707,0,3,None,66,1,5,False,1000,1000
19090,180,degCent,10,0.7994625796178344,0,6,None,66,1,5,False,1000,1000
19091,181,degCent,10,0.7989649681528662,0,6,None,66,1,5,False,1000,1000
19092,182,degCent,10,0.7998606687898089,0,6,None,66,1,5,False,1000,1000
19093,183,degCent,10,0.8000597133757962,0,6,None,66,1,5,False,1000,1000
19094,184,degCent,10,0.8009554140127388,0,6,None,66,1,5,False,1000,1000
19095,180,degCent,10,0.7886146496815286,0,8,None,66,1,5,False,1000,1000
19096,181,degCent,10,0.7905055732484076,0,8,None,66,1,5,False,1000,1000
19097,182,degCent,10,0.7921974522292994,0,8,None,66,1,5,False,1000,1000
19098,183,degCent,10,0.7932921974522293,0,8,None,66,1,5,False,1000,1000
19099,184,degCent,10,0.794187898089172,0,8,None,66,1,5,False,1000,1000
19100,180,degCent,10,0.7969745222929936,0,20,None,66,1,5,False,1000,1000
19101,181,degCent,10,0.8039410828025477,0,20,None,66,1,5,False,1000,1000
19102,182,degCent,10,0.8047372611464968,0,20,None,66,1,5,False,1000,1000
19103,183,degCent,10,0.806827229299363,0,20,None,66,1,5,False,1000,1000
19104,184,degCent,10,0.806827229299363,0,20,None,66,1,5,False,1000,1000
19105,180,degCent,10,0.8001592356687898,0,10,None,66,1,5,False,1000,1000
19106,181,degCent,10,0.8011544585987261,0,10,None,66,1,5,False,1000,1000
19107,182,degCent,10,0.8030453821656051,0,10,None,66,1,5,False,1000,1000
19108,183,degCent,10,0.8039410828025477,0,10,None,66,1,5,False,1000,1000
19109,184,degCent,10,0.8046377388535032,0,10,None,66,1,5,False,1000,1000
19110,180,degCent,10,0.7863256369426752,0,22,None,66,1,5,False,1000,1000
19111,181,degCent,10,0.790406050955414,0,22,None,66,1,5,False,1000,1000
19112,182,degCent,10,0.791202229299363,0,22,None,66,1,5,False,1000,1000
19113,183,degCent,10,0.7932921974522293,0,22,None,66,1,5,False,1000,1000
19114,184,degCent,10,0.7940883757961783,0,22,None,66,1,5,False,1000,1000
19115,180,degCent,10,0.7856289808917197,0,32,None,66,1,5,False,1000,1000
19116,181,degCent,10,0.7873208598726115,0,32,None,66,1,5,False,1000,1000
19117,182,degCent,10,0.7906050955414012,0,32,None,66,1,5,False,1000,1000
19118,183,degCent,10,0.7929936305732485,0,32,None,66,1,5,False,1000,1000
19119,184,degCent,10,0.7944864649681529,0,32,None,66,1,5,False,1000,1000
19120,180,degCent,10,0.7437300955414012,0,23,None,66,1,5,False,1000,1000
19121,181,degCent,10,0.7469148089171974,0,23,None,66,1,5,False,1000,1000
19122,182,degCent,10,0.7496019108280255,0,23,None,66,1,5,False,1000,1000
19123,183,degCent,10,0.7516918789808917,0,23,None,66,1,5,False,1000,1000
19124,184,degCent,10,0.7548765923566879,0,23,None,66,1,5,False,1000,1000
19125,185,degCent,10,0.7841361464968153,0,26,None,66,1,5,False,1000,1000
19126,186,degCent,10,0.7852308917197452,0,26,None,66,1,5,False,1000,1000
19127,187,degCent,10,0.7859275477707006,0,26,None,66,1,5,False,1000,1000
19128,188,degCent,10,0.7867237261146497,0,26,None,66,1,5,False,1000,1000
19129,189,degCent,10,0.7874203821656051,0,26,None,66,1,5,False,1000,1000
19130,180,degCent,10,0.8023487261146497,0,9,None,66,1,5,False,1000,1000
19131,181,degCent,10,0.803343949044586,0,9,None,66,1,5,False,1000,1000
19132,182,degCent,10,0.8031449044585988,0,9,None,66,1,5,False,1000,1000
19133,183,degCent,10,0.803343949044586,0,9,None,66,1,5,False,1000,1000
19134,184,degCent,10,0.8043391719745223,0,9,None,66,1,5,False,1000,1000
19135,180,degCent,10,0.8045382165605095,0,29,None,66,1,5,False,1000,1000
19136,181,degCent,10,0.804140127388535,0,29,None,66,1,5,False,1000,1000
19137,182,degCent,10,0.8039410828025477,0,29,None,66,1,5,False,1000,1000
19138,183,degCent,10,0.8036425159235668,0,29,None,66,1,5,False,1000,1000
19139,184,degCent,10,0.8040406050955414,0,29,None,66,1,5,False,1000,1000
19140,180,degCent,10,0.793093152866242,0,0,None,66,1,5,False,1000,1000
19141,181,degCent,10,0.7936902866242038,0,0,None,66,1,5,False,1000,1000
19142,182,degCent,10,0.7939888535031847,0,0,None,66,1,5,False,1000,1000
19143,183,degCent,10,0.7942874203821656,0,0,None,66,1,5,False,1000,1000
19144,184,degCent,10,0.7944864649681529,0,0,None,66,1,5,False,1000,1000
19145,185,degCent,10,0.7457205414012739,0,1,None,66,1,5,False,1000,1000
19146,186,degCent,10,0.7484076433121019,0,1,None,66,1,5,False,1000,1000
19147,187,degCent,10,0.7511942675159236,0,1,None,66,1,5,False,1000,1000
19148,188,degCent,10,0.7538813694267515,0,1,None,66,1,5,False,1000,1000
19149,189,degCent,10,0.7559713375796179,0,1,None,66,1,5,False,1000,1000
19150,185,degCent,10,0.7828423566878981,0,25,None,66,1,5,False,1000,1000
19151,186,degCent,10,0.7854299363057324,0,25,None,66,1,5,False,1000,1000
19152,187,degCent,10,0.7872213375796179,0,25,None,66,1,5,False,1000,1000
19153,188,degCent,10,0.787718949044586,0,25,None,66,1,5,False,1000,1000
19154,189,degCent,10,0.7893113057324841,0,25,None,66,1,5,False,1000,1000
19155,185,degCent,10,0.8047372611464968,0,29,None,66,1,5,False,1000,1000
19156,186,degCent,10,0.8046377388535032,0,29,None,66,1,5,False,1000,1000
19157,187,degCent,10,0.804140127388535,0,29,None,66,1,5,False,1000,1000
19158,188,degCent,10,0.8055334394904459,0,29,None,66,1,5,False,1000,1000
19159,189,degCent,10,0.8057324840764332,0,29,None,66,1,5,False,1000,1000
19160,185,degCent,10,0.7788614649681529,0,2,None,66,1,5,False,1000,1000
19161,186,degCent,10,0.7791600318471338,0,2,None,66,1,5,False,1000,1000
19162,187,degCent,10,0.7806528662420382,0,2,None,66,1,5,False,1000,1000
19163,188,degCent,10,0.7820461783439491,0,2,None,66,1,5,False,1000,1000
19164,189,degCent,10,0.7821457006369427,0,2,None,66,1,5,False,1000,1000
19165,185,degCent,10,0.7833399681528662,0,5,None,66,1,5,False,1000,1000
19166,186,degCent,10,0.7841361464968153,0,5,None,66,1,5,False,1000,1000
19167,187,degCent,10,0.7865246815286624,0,5,None,66,1,5,False,1000,1000
19168,188,degCent,10,0.7875199044585988,0,5,None,66,1,5,False,1000,1000
19169,189,degCent,10,0.787718949044586,0,5,None,66,1,5,False,1000,1000
19170,185,degCent,10,0.6854100318471338,0,11,None,66,1,5,False,1000,1000
19171,186,degCent,10,0.6955613057324841,0,11,None,66,1,5,False,1000,1000
19172,187,degCent,10,0.7023288216560509,0,11,None,66,1,5,False,1000,1000
19173,188,degCent,10,0.7061106687898089,0,11,None,66,1,5,False,1000,1000
19174,189,degCent,10,0.7085987261146497,0,11,None,66,1,5,False,1000,1000
19175,185,degCent,10,0.803343949044586,0,9,None,66,1,5,False,1000,1000
19176,186,degCent,10,0.8046377388535032,0,9,None,66,1,5,False,1000,1000
19177,187,degCent,10,0.8037420382165605,0,9,None,66,1,5,False,1000,1000
19178,188,degCent,10,0.8042396496815286,0,9,None,66,1,5,False,1000,1000
19179,189,degCent,10,0.8046377388535032,0,9,None,66,1,5,False,1000,1000
19180,185,degCent,10,0.7997611464968153,0,15,None,66,1,5,False,1000,1000
19181,186,degCent,10,0.7989649681528662,0,15,None,66,1,5,False,1000,1000
19182,187,degCent,10,0.7989649681528662,0,15,None,66,1,5,False,1000,1000
19183,188,degCent,10,0.7981687898089171,0,15,None,66,1,5,False,1000,1000
19184,189,degCent,10,0.798765923566879,0,15,None,66,1,5,False,1000,1000
19185,185,degCent,10,0.8024482484076433,0,17,None,66,1,5,False,1000,1000
19186,186,degCent,10,0.8043391719745223,0,17,None,66,1,5,False,1000,1000
19187,187,degCent,10,0.8038415605095541,0,17,None,66,1,5,False,1000,1000
19188,188,degCent,10,0.8057324840764332,0,17,None,66,1,5,False,1000,1000
19189,189,degCent,10,0.8055334394904459,0,17,None,66,1,5,False,1000,1000
19190,185,degCent,10,0.775577229299363,0,18,None,66,1,5,False,1000,1000
19191,186,degCent,10,0.7780652866242038,0,18,None,66,1,5,False,1000,1000
19192,187,degCent,10,0.7797571656050956,0,18,None,66,1,5,False,1000,1000
19193,188,degCent,10,0.7815485668789809,0,18,None,66,1,5,False,1000,1000
19194,189,degCent,10,0.7836385350318471,0,18,None,66,1,5,False,1000,1000
19195,185,degCent,10,0.8086186305732485,0,13,None,66,1,5,False,1000,1000
19196,186,degCent,10,0.8086186305732485,0,13,None,66,1,5,False,1000,1000
19197,187,degCent,10,0.8083200636942676,0,13,None,66,1,5,False,1000,1000
19198,188,degCent,10,0.8086186305732485,0,13,None,66,1,5,False,1000,1000
19199,189,degCent,10,0.8076234076433121,0,13,None,66,1,5,False,1000,1000
19200,185,degCent,10,0.8034434713375797,0,12,None,66,1,5,False,1000,1000
19201,186,degCent,10,0.8046377388535032,0,12,None,66,1,5,False,1000,1000
19202,187,degCent,10,0.8046377388535032,0,12,None,66,1,5,False,1000,1000
19203,188,degCent,10,0.8048367834394905,0,12,None,66,1,5,False,1000,1000
19204,189,degCent,10,0.8064291401273885,0,12,None,66,1,5,False,1000,1000
19205,185,degCent,10,0.8005573248407644,0,19,None,66,1,5,False,1000,1000
19206,186,degCent,10,0.801453025477707,0,19,None,66,1,5,False,1000,1000
19207,187,degCent,10,0.8019506369426752,0,19,None,66,1,5,False,1000,1000
19208,188,degCent,10,0.8024482484076433,0,19,None,66,1,5,False,1000,1000
19209,189,degCent,10,0.8034434713375797,0,19,None,66,1,5,False,1000,1000
19210,185,degCent,10,0.7974721337579618,0,21,None,66,1,5,False,1000,1000
19211,186,degCent,10,0.7975716560509554,0,21,None,66,1,5,False,1000,1000
19212,187,degCent,10,0.798765923566879,0,21,None,66,1,5,False,1000,1000
19213,188,degCent,10,0.7994625796178344,0,21,None,66,1,5,False,1000,1000
19214,189,degCent,10,0.800656847133758,0,21,None,66,1,5,False,1000,1000
19215,185,degCent,10,0.8101114649681529,0,24,None,66,1,5,False,1000,1000
19216,186,degCent,10,0.8102109872611465,0,24,None,66,1,5,False,1000,1000
19217,187,degCent,10,0.8096138535031847,0,24,None,66,1,5,False,1000,1000
19218,188,degCent,10,0.8103105095541401,0,24,None,66,1,5,False,1000,1000
19219,189,degCent,10,0.81140525477707,0,24,None,66,1,5,False,1000,1000
19220,185,degCent,10,0.800656847133758,0,27,None,66,1,5,False,1000,1000
19221,186,degCent,10,0.8015525477707006,0,27,None,66,1,5,False,1000,1000
19222,187,degCent,10,0.8024482484076433,0,27,None,66,1,5,False,1000,1000
19223,188,degCent,10,0.8027468152866242,0,27,None,66,1,5,False,1000,1000
19224,189,degCent,10,0.8020501592356688,0,27,None,66,1,5,False,1000,1000
19225,185,degCent,10,0.7965764331210191,0,30,None,66,1,5,False,1000,1000
19226,186,degCent,10,0.7992635350318471,0,30,None,66,1,5,False,1000,1000
19227,187,degCent,10,0.8018511146496815,0,30,None,66,1,5,False,1000,1000
19228,188,degCent,10,0.8030453821656051,0,30,None,66,1,5,False,1000,1000
19229,189,degCent,10,0.8032444267515924,0,30,None,66,1,5,False,1000,1000
19230,185,degCent,10,0.7964769108280255,0,31,None,66,1,5,False,1000,1000
19231,186,degCent,10,0.7964769108280255,0,31,None,66,1,5,False,1000,1000
19232,187,degCent,10,0.7961783439490446,0,31,None,66,1,5,False,1000,1000
19233,188,degCent,10,0.7964769108280255,0,31,None,66,1,5,False,1000,1000
19234,189,degCent,10,0.7973726114649682,0,31,None,66,1,5,False,1000,1000
19235,185,degCent,10,0.6769506369426752,0,28,None,66,1,5,False,1000,1000
19236,186,degCent,10,0.7223328025477707,0,28,None,66,1,5,False,1000,1000
19237,187,degCent,10,0.7356687898089171,0,28,None,66,1,5,False,1000,1000
19238,188,degCent,10,0.7375597133757962,0,28,None,66,1,5,False,1000,1000
19239,189,degCent,10,0.7379578025477707,0,28,None,66,1,5,False,1000,1000
19240,185,degCent,10,0.7848328025477707,0,16,None,66,1,5,False,1000,1000
19241,186,degCent,10,0.7861265923566879,0,16,None,66,1,5,False,1000,1000
19242,187,degCent,10,0.7879179936305732,0,16,None,66,1,5,False,1000,1000
19243,188,degCent,10,0.7891122611464968,0,16,None,66,1,5,False,1000,1000
19244,189,degCent,10,0.7900079617834395,0,16,None,66,1,5,False,1000,1000
19245,185,degCent,10,0.7308917197452229,0,7,None,66,1,5,False,1000,1000
19246,186,degCent,10,0.7382563694267515,0,7,None,66,1,5,False,1000,1000
19247,187,degCent,10,0.7422372611464968,0,7,None,66,1,5,False,1000,1000
19248,188,degCent,10,0.7451234076433121,0,7,None,66,1,5,False,1000,1000
19249,189,degCent,10,0.7472133757961783,0,7,None,66,1,5,False,1000,1000
19250,185,degCent,10,0.7966759554140127,0,14,None,66,1,5,False,1000,1000
19251,186,degCent,10,0.7970740445859873,0,14,None,66,1,5,False,1000,1000
19252,187,degCent,10,0.79796974522293,0,14,None,66,1,5,False,1000,1000
19253,188,degCent,10,0.7989649681528662,0,14,None,66,1,5,False,1000,1000
19254,189,degCent,10,0.8002587579617835,0,14,None,66,1,5,False,1000,1000
19255,185,degCent,10,0.7954816878980892,0,0,None,66,1,5,False,1000,1000
19256,186,degCent,10,0.79578025477707,0,0,None,66,1,5,False,1000,1000
19257,187,degCent,10,0.7956807324840764,0,0,None,66,1,5,False,1000,1000
19258,188,degCent,10,0.7953821656050956,0,0,None,66,1,5,False,1000,1000
19259,189,degCent,10,0.7958797770700637,0,0,None,66,1,5,False,1000,1000
19260,185,degCent,10,0.8019506369426752,0,3,None,66,1,5,False,1000,1000
19261,186,degCent,10,0.8019506369426752,0,3,None,66,1,5,False,1000,1000
19262,187,degCent,10,0.8026472929936306,0,3,None,66,1,5,False,1000,1000
19263,188,degCent,10,0.8034434713375797,0,3,None,66,1,5,False,1000,1000
19264,189,degCent,10,0.8037420382165605,0,3,None,66,1,5,False,1000,1000
19265,185,degCent,10,0.7996616242038217,0,6,None,66,1,5,False,1000,1000
19266,186,degCent,10,0.7996616242038217,0,6,None,66,1,5,False,1000,1000
19267,187,degCent,10,0.7993630573248408,0,6,None,66,1,5,False,1000,1000
19268,188,degCent,10,0.7997611464968153,0,6,None,66,1,5,False,1000,1000
19269,189,degCent,10,0.7999601910828026,0,6,None,66,1,5,False,1000,1000
19270,185,degCent,10,0.7956807324840764,0,4,None,66,1,5,False,1000,1000
19271,186,degCent,10,0.7966759554140127,0,4,None,66,1,5,False,1000,1000
19272,187,degCent,10,0.79796974522293,0,4,None,66,1,5,False,1000,1000
19273,188,degCent,10,0.7988654458598726,0,4,None,66,1,5,False,1000,1000
19274,189,degCent,10,0.7992635350318471,0,4,None,66,1,5,False,1000,1000
19275,185,degCent,10,0.7909036624203821,0,8,None,66,1,5,False,1000,1000
19276,186,degCent,10,0.792296974522293,0,8,None,66,1,5,False,1000,1000
19277,187,degCent,10,0.7936902866242038,0,8,None,66,1,5,False,1000,1000
19278,188,degCent,10,0.7950835987261147,0,8,None,66,1,5,False,1000,1000
19279,189,degCent,10,0.7951831210191083,0,8,None,66,1,5,False,1000,1000
19280,185,degCent,10,0.8026472929936306,0,10,None,66,1,5,False,1000,1000
19281,186,degCent,10,0.8036425159235668,0,10,None,66,1,5,False,1000,1000
19282,187,degCent,10,0.8038415605095541,0,10,None,66,1,5,False,1000,1000
19283,188,degCent,10,0.8048367834394905,0,10,None,66,1,5,False,1000,1000
19284,189,degCent,10,0.8054339171974523,0,10,None,66,1,5,False,1000,1000
19285,185,degCent,10,0.7999601910828026,0,20,None,66,1,5,False,1000,1000
19286,186,degCent,10,0.8055334394904459,0,20,None,66,1,5,False,1000,1000
19287,187,degCent,10,0.8062300955414012,0,20,None,66,1,5,False,1000,1000
19288,188,degCent,10,0.8075238853503185,0,20,None,66,1,5,False,1000,1000
19289,189,degCent,10,0.807921974522293,0,20,None,66,1,5,False,1000,1000
19290,185,degCent,10,0.7887141719745223,0,22,None,66,1,5,False,1000,1000
19291,186,degCent,10,0.7909036624203821,0,22,None,66,1,5,False,1000,1000
19292,187,degCent,10,0.7916998407643312,0,22,None,66,1,5,False,1000,1000
19293,188,degCent,10,0.7928941082802548,0,22,None,66,1,5,False,1000,1000
19294,189,degCent,10,0.7937898089171974,0,22,None,66,1,5,False,1000,1000
19295,185,degCent,10,0.7456210191082803,0,23,None,66,1,5,False,1000,1000
19296,186,degCent,10,0.7474124203821656,0,23,None,66,1,5,False,1000,1000
19297,187,degCent,10,0.7519904458598726,0,23,None,66,1,5,False,1000,1000
19298,188,degCent,10,0.7544785031847133,0,23,None,66,1,5,False,1000,1000
19299,189,degCent,10,0.7566679936305732,0,23,None,66,1,5,False,1000,1000
19300,185,degCent,10,0.785828025477707,0,32,None,66,1,5,False,1000,1000
19301,186,degCent,10,0.7875199044585988,0,32,None,66,1,5,False,1000,1000
19302,187,degCent,10,0.7901074840764332,0,32,None,66,1,5,False,1000,1000
19303,188,degCent,10,0.7926950636942676,0,32,None,66,1,5,False,1000,1000
19304,189,degCent,10,0.7942874203821656,0,32,None,66,1,5,False,1000,1000
19305,190,degCent,10,0.7467157643312102,0,1,None,66,1,5,False,1000,1000
19306,191,degCent,10,0.7491042993630573,0,1,None,66,1,5,False,1000,1000
19307,192,degCent,10,0.7515923566878981,0,1,None,66,1,5,False,1000,1000
19308,193,degCent,10,0.7541799363057324,0,1,None,66,1,5,False,1000,1000
19309,194,degCent,10,0.7557722929936306,0,1,None,66,1,5,False,1000,1000
19310,190,degCent,10,0.7814490445859873,0,2,None,66,1,5,False,1000,1000
19311,191,degCent,10,0.7811504777070064,0,2,None,66,1,5,False,1000,1000
19312,192,degCent,10,0.7819466560509554,0,2,None,66,1,5,False,1000,1000
19313,193,degCent,10,0.7826433121019108,0,2,None,66,1,5,False,1000,1000
19314,194,degCent,10,0.7833399681528662,0,2,None,66,1,5,False,1000,1000
19315,190,degCent,10,0.6795382165605095,0,28,None,66,1,5,False,1000,1000
19316,191,degCent,10,0.7274084394904459,0,28,None,66,1,5,False,1000,1000
19317,192,degCent,10,0.7403463375796179,0,28,None,66,1,5,False,1000,1000
19318,193,degCent,10,0.7417396496815286,0,28,None,66,1,5,False,1000,1000
19319,194,degCent,10,0.7419386942675159,0,28,None,66,1,5,False,1000,1000
19320,190,degCent,10,0.8065286624203821,0,29,None,66,1,5,False,1000,1000
19321,191,degCent,10,0.8070262738853503,0,29,None,66,1,5,False,1000,1000
19322,192,degCent,10,0.8071257961783439,0,29,None,66,1,5,False,1000,1000
19323,193,degCent,10,0.8069267515923567,0,29,None,66,1,5,False,1000,1000
19324,194,degCent,10,0.8076234076433121,0,29,None,66,1,5,False,1000,1000
19325,190,degCent,10,0.8084195859872612,0,13,None,66,1,5,False,1000,1000
19326,191,degCent,10,0.8086186305732485,0,13,None,66,1,5,False,1000,1000
19327,192,degCent,10,0.8082205414012739,0,13,None,66,1,5,False,1000,1000
19328,193,degCent,10,0.8086186305732485,0,13,None,66,1,5,False,1000,1000
19329,194,degCent,10,0.808718152866242,0,13,None,66,1,5,False,1000,1000
19330,190,degCent,10,0.7844347133757962,0,25,None,66,1,5,False,1000,1000
19331,191,degCent,10,0.7876194267515924,0,25,None,66,1,5,False,1000,1000
19332,192,degCent,10,0.7897093949044586,0,25,None,66,1,5,False,1000,1000
19333,193,degCent,10,0.7909036624203821,0,25,None,66,1,5,False,1000,1000
19334,194,degCent,10,0.7918988853503185,0,25,None,66,1,5,False,1000,1000
19335,190,degCent,10,0.8037420382165605,0,10,None,66,1,5,False,1000,1000
19336,191,degCent,10,0.8045382165605095,0,10,None,66,1,5,False,1000,1000
19337,192,degCent,10,0.8058320063694268,0,10,None,66,1,5,False,1000,1000
19338,193,degCent,10,0.8062300955414012,0,10,None,66,1,5,False,1000,1000
19339,194,degCent,10,0.8061305732484076,0,10,None,66,1,5,False,1000,1000
19340,190,degCent,10,0.7999601910828026,0,15,None,66,1,5,False,1000,1000
19341,191,degCent,10,0.7999601910828026,0,15,None,66,1,5,False,1000,1000
19342,192,degCent,10,0.7992635350318471,0,15,None,66,1,5,False,1000,1000
19343,193,degCent,10,0.8001592356687898,0,15,None,66,1,5,False,1000,1000
19344,194,degCent,10,0.8004578025477707,0,15,None,66,1,5,False,1000,1000
19345,190,degCent,10,0.6861066878980892,0,11,None,66,1,5,False,1000,1000
19346,191,degCent,10,0.6955613057324841,0,11,None,66,1,5,False,1000,1000
19347,192,degCent,10,0.7021297770700637,0,11,None,66,1,5,False,1000,1000
19348,193,degCent,10,0.7057125796178344,0,11,None,66,1,5,False,1000,1000
19349,194,degCent,10,0.7099920382165605,0,11,None,66,1,5,False,1000,1000
19350,190,degCent,10,0.8032444267515924,0,17,None,66,1,5,False,1000,1000
19351,191,degCent,10,0.8053343949044586,0,17,None,66,1,5,False,1000,1000
19352,192,degCent,10,0.8056329617834395,0,17,None,66,1,5,False,1000,1000
19353,193,degCent,10,0.8067277070063694,0,17,None,66,1,5,False,1000,1000
19354,194,degCent,10,0.8069267515923567,0,17,None,66,1,5,False,1000,1000
19355,190,degCent,10,0.7961783439490446,0,31,None,66,1,5,False,1000,1000
19356,191,degCent,10,0.7974721337579618,0,31,None,66,1,5,False,1000,1000
19357,192,degCent,10,0.7976711783439491,0,31,None,66,1,5,False,1000,1000
19358,193,degCent,10,0.7974721337579618,0,31,None,66,1,5,False,1000,1000
19359,194,degCent,10,0.7975716560509554,0,31,None,66,1,5,False,1000,1000
19360,190,degCent,10,0.8010549363057324,0,20,None,66,1,5,False,1000,1000
19361,191,degCent,10,0.8063296178343949,0,20,None,66,1,5,False,1000,1000
19362,192,degCent,10,0.807921974522293,0,20,None,66,1,5,False,1000,1000
19363,193,degCent,10,0.8085191082802548,0,20,None,66,1,5,False,1000,1000
19364,194,degCent,10,0.8090167197452229,0,20,None,66,1,5,False,1000,1000
19365,190,degCent,10,0.8036425159235668,0,3,None,66,1,5,False,1000,1000
19366,191,degCent,10,0.8042396496815286,0,3,None,66,1,5,False,1000,1000
19367,192,degCent,10,0.804140127388535,0,3,None,66,1,5,False,1000,1000
19368,193,degCent,10,0.8040406050955414,0,3,None,66,1,5,False,1000,1000
19369,194,degCent,10,0.8044386942675159,0,3,None,66,1,5,False,1000,1000
19370,190,degCent,10,0.8046377388535032,0,9,None,66,1,5,False,1000,1000
19371,191,degCent,10,0.8053343949044586,0,9,None,66,1,5,False,1000,1000
19372,192,degCent,10,0.8049363057324841,0,9,None,66,1,5,False,1000,1000
19373,193,degCent,10,0.8050358280254777,0,9,None,66,1,5,False,1000,1000
19374,194,degCent,10,0.8049363057324841,0,9,None,66,1,5,False,1000,1000
19375,190,degCent,10,0.7848328025477707,0,5,None,66,1,5,False,1000,1000
19376,191,degCent,10,0.7853304140127388,0,5,None,66,1,5,False,1000,1000
19377,192,degCent,10,0.7873208598726115,0,5,None,66,1,5,False,1000,1000
19378,193,degCent,10,0.7879179936305732,0,5,None,66,1,5,False,1000,1000
19379,194,degCent,10,0.7899084394904459,0,5,None,66,1,5,False,1000,1000
19380,190,degCent,10,0.7844347133757962,0,26,None,66,1,5,False,1000,1000
19381,191,degCent,10,0.7853304140127388,0,26,None,66,1,5,False,1000,1000
19382,192,degCent,10,0.7870222929936306,0,26,None,66,1,5,False,1000,1000
19383,193,degCent,10,0.7878184713375797,0,26,None,66,1,5,False,1000,1000
19384,194,degCent,10,0.7887141719745223,0,26,None,66,1,5,False,1000,1000
19385,190,degCent,10,0.8045382165605095,0,12,None,66,1,5,False,1000,1000
19386,191,degCent,10,0.8055334394904459,0,12,None,66,1,5,False,1000,1000
19387,192,degCent,10,0.8055334394904459,0,12,None,66,1,5,False,1000,1000
19388,193,degCent,10,0.8061305732484076,0,12,None,66,1,5,False,1000,1000
19389,194,degCent,10,0.8062300955414012,0,12,None,66,1,5,False,1000,1000
19390,190,degCent,10,0.8028463375796179,0,27,None,66,1,5,False,1000,1000
19391,191,degCent,10,0.8040406050955414,0,27,None,66,1,5,False,1000,1000
19392,192,degCent,10,0.8042396496815286,0,27,None,66,1,5,False,1000,1000
19393,193,degCent,10,0.8037420382165605,0,27,None,66,1,5,False,1000,1000
19394,194,degCent,10,0.8030453821656051,0,27,None,66,1,5,False,1000,1000
19395,190,degCent,10,0.8015525477707006,0,6,None,66,1,5,False,1000,1000
19396,191,degCent,10,0.8008558917197452,0,6,None,66,1,5,False,1000,1000
19397,192,degCent,10,0.8020501592356688,0,6,None,66,1,5,False,1000,1000
19398,193,degCent,10,0.8020501592356688,0,6,None,66,1,5,False,1000,1000
19399,194,degCent,10,0.8020501592356688,0,6,None,66,1,5,False,1000,1000
19400,190,degCent,10,0.7973726114649682,0,30,None,66,1,5,False,1000,1000
19401,191,degCent,10,0.8010549363057324,0,30,None,66,1,5,False,1000,1000
19402,192,degCent,10,0.8020501592356688,0,30,None,66,1,5,False,1000,1000
19403,193,degCent,10,0.804140127388535,0,30,None,66,1,5,False,1000,1000
19404,194,degCent,10,0.8049363057324841,0,30,None,66,1,5,False,1000,1000
19405,190,degCent,10,0.7897093949044586,0,22,None,66,1,5,False,1000,1000
19406,191,degCent,10,0.7914012738853503,0,22,None,66,1,5,False,1000,1000
19407,192,degCent,10,0.7921974522292994,0,22,None,66,1,5,False,1000,1000
19408,193,degCent,10,0.7937898089171974,0,22,None,66,1,5,False,1000,1000
19409,194,degCent,10,0.7950835987261147,0,22,None,66,1,5,False,1000,1000
19410,190,degCent,10,0.7975716560509554,0,14,None,66,1,5,False,1000,1000
19411,191,degCent,10,0.7991640127388535,0,14,None,66,1,5,False,1000,1000
19412,192,degCent,10,0.8003582802547771,0,14,None,66,1,5,False,1000,1000
19413,193,degCent,10,0.8007563694267515,0,14,None,66,1,5,False,1000,1000
19414,194,degCent,10,0.8018511146496815,0,14,None,66,1,5,False,1000,1000
19415,190,degCent,10,0.776671974522293,0,18,None,66,1,5,False,1000,1000
19416,191,degCent,10,0.7787619426751592,0,18,None,66,1,5,False,1000,1000
19417,192,degCent,10,0.7807523885350318,0,18,None,66,1,5,False,1000,1000
19418,193,degCent,10,0.7825437898089171,0,18,None,66,1,5,False,1000,1000
19419,194,degCent,10,0.7837380573248408,0,18,None,66,1,5,False,1000,1000
19420,190,degCent,10,0.8011544585987261,0,19,None,66,1,5,False,1000,1000
19421,191,degCent,10,0.801453025477707,0,19,None,66,1,5,False,1000,1000
19422,192,degCent,10,0.8020501592356688,0,19,None,66,1,5,False,1000,1000
19423,193,degCent,10,0.8031449044585988,0,19,None,66,1,5,False,1000,1000
19424,194,degCent,10,0.8040406050955414,0,19,None,66,1,5,False,1000,1000
19425,190,degCent,10,0.7976711783439491,0,21,None,66,1,5,False,1000,1000
19426,191,degCent,10,0.7988654458598726,0,21,None,66,1,5,False,1000,1000
19427,192,degCent,10,0.7996616242038217,0,21,None,66,1,5,False,1000,1000
19428,193,degCent,10,0.7999601910828026,0,21,None,66,1,5,False,1000,1000
19429,194,degCent,10,0.8013535031847133,0,21,None,66,1,5,False,1000,1000
19430,190,degCent,10,0.8109076433121019,0,24,None,66,1,5,False,1000,1000
19431,191,degCent,10,0.8108081210191083,0,24,None,66,1,5,False,1000,1000
19432,192,degCent,10,0.8109076433121019,0,24,None,66,1,5,False,1000,1000
19433,193,degCent,10,0.8120023885350318,0,24,None,66,1,5,False,1000,1000
19434,194,degCent,10,0.8122014331210191,0,24,None,66,1,5,False,1000,1000
19435,190,degCent,10,0.747312898089172,0,23,None,66,1,5,False,1000,1000
19436,191,degCent,10,0.7501990445859873,0,23,None,66,1,5,False,1000,1000
19437,192,degCent,10,0.7531847133757962,0,23,None,66,1,5,False,1000,1000
19438,193,degCent,10,0.7561703821656051,0,23,None,66,1,5,False,1000,1000
19439,194,degCent,10,0.7587579617834395,0,23,None,66,1,5,False,1000,1000
19440,190,degCent,10,0.7978702229299363,0,0,None,66,1,5,False,1000,1000
19441,191,degCent,10,0.7975716560509554,0,0,None,66,1,5,False,1000,1000
19442,192,degCent,10,0.7971735668789809,0,0,None,66,1,5,False,1000,1000
19443,193,degCent,10,0.7983678343949044,0,0,None,66,1,5,False,1000,1000
19444,194,degCent,10,0.7981687898089171,0,0,None,66,1,5,False,1000,1000
19445,195,degCent,10,0.7860270700636943,0,25,None,66,1,5,False,1000,1000
19446,196,degCent,10,0.7891122611464968,0,25,None,66,1,5,False,1000,1000
19447,197,degCent,10,0.7907046178343949,0,25,None,66,1,5,False,1000,1000
19448,198,degCent,10,0.7919984076433121,0,25,None,66,1,5,False,1000,1000
19449,199,degCent,10,0.7936902866242038,0,25,None,66,1,5,False,1000,1000
19450,195,degCent,10,0.8110071656050956,0,24,None,66,1,5,False,1000,1000
19451,196,degCent,10,0.8120023885350318,0,24,None,66,1,5,False,1000,1000
19452,197,degCent,10,0.8134952229299363,0,24,None,66,1,5,False,1000,1000
19453,198,degCent,10,0.8127985668789809,0,24,None,66,1,5,False,1000,1000
19454,199,degCent,10,0.8129976114649682,0,24,None,66,1,5,False,1000,1000
19455,190,degCent,10,0.786922770700637,0,32,None,66,1,5,False,1000,1000
19456,191,degCent,10,0.7881170382165605,0,32,None,66,1,5,False,1000,1000
19457,192,degCent,10,0.7907046178343949,0,32,None,66,1,5,False,1000,1000
19458,193,degCent,10,0.7944864649681529,0,32,None,66,1,5,False,1000,1000
19459,194,degCent,10,0.7963773885350318,0,32,None,66,1,5,False,1000,1000
19460,190,degCent,10,0.7978702229299363,0,4,None,66,1,5,False,1000,1000
19461,191,degCent,10,0.7986664012738853,0,4,None,66,1,5,False,1000,1000
19462,192,degCent,10,0.7997611464968153,0,4,None,66,1,5,False,1000,1000
19463,193,degCent,10,0.8002587579617835,0,4,None,66,1,5,False,1000,1000
19464,194,degCent,10,0.8016520700636943,0,4,None,66,1,5,False,1000,1000
19465,190,degCent,10,0.7315883757961783,0,7,None,66,1,5,False,1000,1000
19466,191,degCent,10,0.7393511146496815,0,7,None,66,1,5,False,1000,1000
19467,192,degCent,10,0.7439291401273885,0,7,None,66,1,5,False,1000,1000
19468,193,degCent,10,0.747312898089172,0,7,None,66,1,5,False,1000,1000
19469,194,degCent,10,0.7496019108280255,0,7,None,66,1,5,False,1000,1000
19470,190,degCent,10,0.7856289808917197,0,16,None,66,1,5,False,1000,1000
19471,191,degCent,10,0.7873208598726115,0,16,None,66,1,5,False,1000,1000
19472,192,degCent,10,0.7893113057324841,0,16,None,66,1,5,False,1000,1000
19473,193,degCent,10,0.7907046178343949,0,16,None,66,1,5,False,1000,1000
19474,194,degCent,10,0.7911027070063694,0,16,None,66,1,5,False,1000,1000
19475,190,degCent,10,0.7924960191082803,0,8,None,66,1,5,False,1000,1000
19476,191,degCent,10,0.7934912420382165,0,8,None,66,1,5,False,1000,1000
19477,192,degCent,10,0.7955812101910829,0,8,None,66,1,5,False,1000,1000
19478,193,degCent,10,0.7955812101910829,0,8,None,66,1,5,False,1000,1000
19479,194,degCent,10,0.7970740445859873,0,8,None,66,1,5,False,1000,1000
19480,195,degCent,10,0.6844148089171974,0,11,None,66,1,5,False,1000,1000
19481,196,degCent,10,0.6951632165605095,0,11,None,66,1,5,False,1000,1000
19482,197,degCent,10,0.701234076433121,0,11,None,66,1,5,False,1000,1000
19483,198,degCent,10,0.7057125796178344,0,11,None,66,1,5,False,1000,1000
19484,199,degCent,10,0.709593949044586,0,11,None,66,1,5,False,1000,1000
19485,195,degCent,10,0.7999601910828026,0,15,None,66,1,5,False,1000,1000
19486,196,degCent,10,0.8001592356687898,0,15,None,66,1,5,False,1000,1000
19487,197,degCent,10,0.8001592356687898,0,15,None,66,1,5,False,1000,1000
19488,198,degCent,10,0.8005573248407644,0,15,None,66,1,5,False,1000,1000
19489,199,degCent,10,0.8018511146496815,0,15,None,66,1,5,False,1000,1000
19490,195,degCent,10,0.8044386942675159,0,12,None,66,1,5,False,1000,1000
19491,196,degCent,10,0.8056329617834395,0,12,None,66,1,5,False,1000,1000
19492,197,degCent,10,0.8055334394904459,0,12,None,66,1,5,False,1000,1000
19493,198,degCent,10,0.8066281847133758,0,12,None,66,1,5,False,1000,1000
19494,199,degCent,10,0.8063296178343949,0,12,None,66,1,5,False,1000,1000
19495,195,degCent,10,0.8045382165605095,0,17,None,66,1,5,False,1000,1000
19496,196,degCent,10,0.8062300955414012,0,17,None,66,1,5,False,1000,1000
19497,197,degCent,10,0.806827229299363,0,17,None,66,1,5,False,1000,1000
19498,198,degCent,10,0.8070262738853503,0,17,None,66,1,5,False,1000,1000
19499,199,degCent,10,0.8070262738853503,0,17,None,66,1,5,False,1000,1000
19500,195,degCent,10,0.7978702229299363,0,14,None,66,1,5,False,1000,1000
19501,196,degCent,10,0.7998606687898089,0,14,None,66,1,5,False,1000,1000
19502,197,degCent,10,0.8011544585987261,0,14,None,66,1,5,False,1000,1000
19503,198,degCent,10,0.8021496815286624,0,14,None,66,1,5,False,1000,1000
19504,199,degCent,10,0.8032444267515924,0,14,None,66,1,5,False,1000,1000
19505,195,degCent,10,0.7855294585987261,0,26,None,66,1,5,False,1000,1000
19506,196,degCent,10,0.7873208598726115,0,26,None,66,1,5,False,1000,1000
19507,197,degCent,10,0.7884156050955414,0,26,None,66,1,5,False,1000,1000
19508,198,degCent,10,0.788515127388535,0,26,None,66,1,5,False,1000,1000
19509,199,degCent,10,0.7891122611464968,0,26,None,66,1,5,False,1000,1000
19510,195,degCent,10,0.7956807324840764,0,30,None,66,1,5,False,1000,1000
19511,196,degCent,10,0.800656847133758,0,30,None,66,1,5,False,1000,1000
19512,197,degCent,10,0.8036425159235668,0,30,None,66,1,5,False,1000,1000
19513,198,degCent,10,0.8050358280254777,0,30,None,66,1,5,False,1000,1000
19514,199,degCent,10,0.8064291401273885,0,30,None,66,1,5,False,1000,1000
19515,195,degCent,10,0.7364649681528662,0,7,None,66,1,5,False,1000,1000
19516,196,degCent,10,0.7422372611464968,0,7,None,66,1,5,False,1000,1000
19517,197,degCent,10,0.7470143312101911,0,7,None,66,1,5,False,1000,1000
19518,198,degCent,10,0.7497014331210191,0,7,None,66,1,5,False,1000,1000
19519,199,degCent,10,0.7508957006369427,0,7,None,66,1,5,False,1000,1000
19520,195,degCent,10,0.7875199044585988,0,16,None,66,1,5,False,1000,1000
19521,196,degCent,10,0.7884156050955414,0,16,None,66,1,5,False,1000,1000
19522,197,degCent,10,0.790406050955414,0,16,None,66,1,5,False,1000,1000
19523,198,degCent,10,0.7918988853503185,0,16,None,66,1,5,False,1000,1000
19524,199,degCent,10,0.7935907643312102,0,16,None,66,1,5,False,1000,1000
19525,195,degCent,10,0.746218152866242,0,1,None,66,1,5,False,1000,1000
19526,196,degCent,10,0.7484076433121019,0,1,None,66,1,5,False,1000,1000
19527,197,degCent,10,0.7512937898089171,0,1,None,66,1,5,False,1000,1000
19528,198,degCent,10,0.7535828025477707,0,1,None,66,1,5,False,1000,1000
19529,199,degCent,10,0.7563694267515924,0,1,None,66,1,5,False,1000,1000
19530,195,degCent,10,0.7828423566878981,0,2,None,66,1,5,False,1000,1000
19531,196,degCent,10,0.7825437898089171,0,2,None,66,1,5,False,1000,1000
19532,197,degCent,10,0.7837380573248408,0,2,None,66,1,5,False,1000,1000
19533,198,degCent,10,0.7845342356687898,0,2,None,66,1,5,False,1000,1000
19534,199,degCent,10,0.7851313694267515,0,2,None,66,1,5,False,1000,1000
19535,195,degCent,10,0.785031847133758,0,5,None,66,1,5,False,1000,1000
19536,196,degCent,10,0.7870222929936306,0,5,None,66,1,5,False,1000,1000
19537,197,degCent,10,0.7887141719745223,0,5,None,66,1,5,False,1000,1000
19538,198,degCent,10,0.7902070063694268,0,5,None,66,1,5,False,1000,1000
19539,199,degCent,10,0.7919984076433121,0,5,None,66,1,5,False,1000,1000
19540,195,degCent,10,0.8085191082802548,0,13,None,66,1,5,False,1000,1000
19541,196,degCent,10,0.8091162420382165,0,13,None,66,1,5,False,1000,1000
19542,197,degCent,10,0.8092157643312102,0,13,None,66,1,5,False,1000,1000
19543,198,degCent,10,0.8100119426751592,0,13,None,66,1,5,False,1000,1000
19544,199,degCent,10,0.8097133757961783,0,13,None,66,1,5,False,1000,1000
19545,195,degCent,10,0.8042396496815286,0,27,None,66,1,5,False,1000,1000
19546,196,degCent,10,0.8048367834394905,0,27,None,66,1,5,False,1000,1000
19547,197,degCent,10,0.8058320063694268,0,27,None,66,1,5,False,1000,1000
19548,198,degCent,10,0.8050358280254777,0,27,None,66,1,5,False,1000,1000
19549,199,degCent,10,0.8044386942675159,0,27,None,66,1,5,False,1000,1000
19550,195,degCent,10,0.8000597133757962,0,4,None,66,1,5,False,1000,1000
19551,196,degCent,10,0.8011544585987261,0,4,None,66,1,5,False,1000,1000
19552,197,degCent,10,0.8012539808917197,0,4,None,66,1,5,False,1000,1000
19553,198,degCent,10,0.8029458598726115,0,4,None,66,1,5,False,1000,1000
19554,199,degCent,10,0.8046377388535032,0,4,None,66,1,5,False,1000,1000
19555,195,degCent,10,0.8047372611464968,0,10,None,66,1,5,False,1000,1000
19556,196,degCent,10,0.8062300955414012,0,10,None,66,1,5,False,1000,1000
19557,197,degCent,10,0.806827229299363,0,10,None,66,1,5,False,1000,1000
19558,198,degCent,10,0.8077229299363057,0,10,None,66,1,5,False,1000,1000
19559,199,degCent,10,0.8090167197452229,0,10,None,66,1,5,False,1000,1000
19560,195,degCent,10,0.8031449044585988,0,6,None,66,1,5,False,1000,1000
19561,196,degCent,10,0.8031449044585988,0,6,None,66,1,5,False,1000,1000
19562,197,degCent,10,0.803343949044586,0,6,None,66,1,5,False,1000,1000
19563,198,degCent,10,0.8035429936305732,0,6,None,66,1,5,False,1000,1000
19564,199,degCent,10,0.8034434713375797,0,6,None,66,1,5,False,1000,1000
19565,195,degCent,10,0.8011544585987261,0,20,None,66,1,5,False,1000,1000
19566,196,degCent,10,0.8062300955414012,0,20,None,66,1,5,False,1000,1000
19567,197,degCent,10,0.8080214968152867,0,20,None,66,1,5,False,1000,1000
19568,198,degCent,10,0.8104100318471338,0,20,None,66,1,5,False,1000,1000
19569,199,degCent,10,0.8100119426751592,0,20,None,66,1,5,False,1000,1000
19570,195,degCent,10,0.7916003184713376,0,22,None,66,1,5,False,1000,1000
19571,196,degCent,10,0.7931926751592356,0,22,None,66,1,5,False,1000,1000
19572,197,degCent,10,0.794984076433121,0,22,None,66,1,5,False,1000,1000
19573,198,degCent,10,0.7958797770700637,0,22,None,66,1,5,False,1000,1000
19574,199,degCent,10,0.7966759554140127,0,22,None,66,1,5,False,1000,1000
19575,195,degCent,10,0.7496019108280255,0,23,None,66,1,5,False,1000,1000
19576,196,degCent,10,0.752687101910828,0,23,None,66,1,5,False,1000,1000
19577,197,degCent,10,0.7555732484076433,0,23,None,66,1,5,False,1000,1000
19578,198,degCent,10,0.7589570063694268,0,23,None,66,1,5,False,1000,1000
19579,199,degCent,10,0.7606488853503185,0,23,None,66,1,5,False,1000,1000
19580,195,degCent,10,0.7882165605095541,0,32,None,66,1,5,False,1000,1000
19581,196,degCent,10,0.7903065286624203,0,32,None,66,1,5,False,1000,1000
19582,197,degCent,10,0.7943869426751592,0,32,None,66,1,5,False,1000,1000
19583,198,degCent,10,0.7967754777070064,0,32,None,66,1,5,False,1000,1000
19584,199,degCent,10,0.7984673566878981,0,32,None,66,1,5,False,1000,1000
19585,195,degCent,10,0.7988654458598726,0,31,None,66,1,5,False,1000,1000
19586,196,degCent,10,0.7996616242038217,0,31,None,66,1,5,False,1000,1000
19587,197,degCent,10,0.7990644904458599,0,31,None,66,1,5,False,1000,1000
19588,198,degCent,10,0.8002587579617835,0,31,None,66,1,5,False,1000,1000
19589,199,degCent,10,0.8001592356687898,0,31,None,66,1,5,False,1000,1000
19590,195,degCent,10,0.7942874203821656,0,8,None,66,1,5,False,1000,1000
19591,196,degCent,10,0.7964769108280255,0,8,None,66,1,5,False,1000,1000
19592,197,degCent,10,0.7970740445859873,0,8,None,66,1,5,False,1000,1000
19593,198,degCent,10,0.7983678343949044,0,8,None,66,1,5,False,1000,1000
19594,199,degCent,10,0.7989649681528662,0,8,None,66,1,5,False,1000,1000
19595,195,degCent,10,0.7787619426751592,0,18,None,66,1,5,False,1000,1000
19596,196,degCent,10,0.7806528662420382,0,18,None,66,1,5,False,1000,1000
19597,197,degCent,10,0.7824442675159236,0,18,None,66,1,5,False,1000,1000
19598,198,degCent,10,0.7847332802547771,0,18,None,66,1,5,False,1000,1000
19599,199,degCent,10,0.7866242038216561,0,18,None,66,1,5,False,1000,1000
19600,195,degCent,10,0.802547770700637,0,19,None,66,1,5,False,1000,1000
19601,196,degCent,10,0.8026472929936306,0,19,None,66,1,5,False,1000,1000
19602,197,degCent,10,0.8032444267515924,0,19,None,66,1,5,False,1000,1000
19603,198,degCent,10,0.8042396496815286,0,19,None,66,1,5,False,1000,1000
19604,199,degCent,10,0.8049363057324841,0,19,None,66,1,5,False,1000,1000
19605,195,degCent,10,0.798765923566879,0,21,None,66,1,5,False,1000,1000
19606,196,degCent,10,0.7997611464968153,0,21,None,66,1,5,False,1000,1000
19607,197,degCent,10,0.8016520700636943,0,21,None,66,1,5,False,1000,1000
19608,198,degCent,10,0.8012539808917197,0,21,None,66,1,5,False,1000,1000
19609,199,degCent,10,0.8019506369426752,0,21,None,66,1,5,False,1000,1000
19610,195,degCent,10,0.8083200636942676,0,29,None,66,1,5,False,1000,1000
19611,196,degCent,10,0.8085191082802548,0,29,None,66,1,5,False,1000,1000
19612,197,degCent,10,0.8088176751592356,0,29,None,66,1,5,False,1000,1000
19613,198,degCent,10,0.8088176751592356,0,29,None,66,1,5,False,1000,1000
19614,199,degCent,10,0.8083200636942676,0,29,None,66,1,5,False,1000,1000
19615,195,degCent,10,0.8054339171974523,0,9,None,66,1,5,False,1000,1000
19616,196,degCent,10,0.8054339171974523,0,9,None,66,1,5,False,1000,1000
19617,197,degCent,10,0.8055334394904459,0,9,None,66,1,5,False,1000,1000
19618,198,degCent,10,0.8062300955414012,0,9,None,66,1,5,False,1000,1000
19619,199,degCent,10,0.806031050955414,0,9,None,66,1,5,False,1000,1000
19620,195,degCent,10,0.799562101910828,0,0,None,66,1,5,False,1000,1000
19621,196,degCent,10,0.7988654458598726,0,0,None,66,1,5,False,1000,1000
19622,197,degCent,10,0.8004578025477707,0,0,None,66,1,5,False,1000,1000
19623,198,degCent,10,0.7996616242038217,0,0,None,66,1,5,False,1000,1000
19624,199,degCent,10,0.8002587579617835,0,0,None,66,1,5,False,1000,1000
19625,195,degCent,10,0.8051353503184714,0,3,None,66,1,5,False,1000,1000
19626,196,degCent,10,0.8049363057324841,0,3,None,66,1,5,False,1000,1000
19627,197,degCent,10,0.8044386942675159,0,3,None,66,1,5,False,1000,1000
19628,198,degCent,10,0.8045382165605095,0,3,None,66,1,5,False,1000,1000
19629,199,degCent,10,0.8051353503184714,0,3,None,66,1,5,False,1000,1000
19630,195,degCent,10,0.6798367834394905,0,28,None,66,1,5,False,1000,1000
19631,196,degCent,10,0.73328025477707,0,28,None,66,1,5,False,1000,1000
19632,197,degCent,10,0.7442277070063694,0,28,None,66,1,5,False,1000,1000
19633,198,degCent,10,0.7453224522292994,0,28,None,66,1,5,False,1000,1000
19634,199,degCent,10,0.7449243630573248,0,28,None,66,1,5,False,1000,1000
0,0,betCent,10,0.0995222929936305,0,1,None,66,1,5,False,1000,1000
1,1,betCent,10,0.1663017515923567,0,1,None,66,1,5,False,1000,1000
2,2,betCent,10,0.201234076433121,0,1,None,66,1,5,False,1000,1000
3,3,betCent,10,0.2237261146496815,0,1,None,66,1,5,False,1000,1000
4,4,betCent,10,0.2578622611464968,0,1,None,66,1,5,False,1000,1000
5,0,betCent,10,0.2469148089171974,0,2,None,66,1,5,False,1000,1000
6,1,betCent,10,0.3150875796178344,0,2,None,66,1,5,False,1000,1000
7,2,betCent,10,0.3729100318471338,0,2,None,66,1,5,False,1000,1000
8,3,betCent,10,0.4459593949044586,0,2,None,66,1,5,False,1000,1000
9,4,betCent,10,0.4762141719745223,0,2,None,66,1,5,False,1000,1000
10,0,betCent,10,0.2477109872611465,0,13,None,66,1,5,False,1000,1000
11,1,betCent,10,0.354796974522293,0,13,None,66,1,5,False,1000,1000
12,2,betCent,10,0.4429737261146497,0,13,None,66,1,5,False,1000,1000
13,3,betCent,10,0.487858280254777,0,13,None,66,1,5,False,1000,1000
14,4,betCent,10,0.5217953821656051,0,13,None,66,1,5,False,1000,1000
15,0,betCent,10,0.1914808917197452,0,15,None,66,1,5,False,1000,1000
16,1,betCent,10,0.2552746815286624,0,15,None,66,1,5,False,1000,1000
17,2,betCent,10,0.3346934713375796,0,15,None,66,1,5,False,1000,1000
18,3,betCent,10,0.3897292993630573,0,15,None,66,1,5,False,1000,1000
19,4,betCent,10,0.4209792993630573,0,15,None,66,1,5,False,1000,1000
20,0,betCent,10,0.1522691082802547,0,16,None,66,1,5,False,1000,1000
21,1,betCent,10,0.1656050955414012,0,16,None,66,1,5,False,1000,1000
22,2,betCent,10,0.2304936305732484,0,16,None,66,1,5,False,1000,1000
23,3,betCent,10,0.2964769108280254,0,16,None,66,1,5,False,1000,1000
24,4,betCent,10,0.3233479299363057,0,16,None,66,1,5,False,1000,1000
25,0,betCent,10,0.2384554140127388,0,8,None,66,1,5,False,1000,1000
26,1,betCent,10,0.2244227707006369,0,8,None,66,1,5,False,1000,1000
27,2,betCent,10,0.2638335987261146,0,8,None,66,1,5,False,1000,1000
28,3,betCent,10,0.317078025477707,0,8,None,66,1,5,False,1000,1000
29,4,betCent,10,0.3680334394904458,0,8,None,66,1,5,False,1000,1000
30,0,betCent,10,0.0995222929936305,0,20,None,66,1,5,False,1000,1000
31,1,betCent,10,0.0995222929936305,0,20,None,66,1,5,False,1000,1000
32,2,betCent,10,0.1097730891719745,0,20,None,66,1,5,False,1000,1000
33,3,betCent,10,0.1476910828025477,0,20,None,66,1,5,False,1000,1000
34,4,betCent,10,0.1937699044585987,0,20,None,66,1,5,False,1000,1000
35,0,betCent,10,0.1092754777070063,0,19,None,66,1,5,False,1000,1000
36,1,betCent,10,0.1110668789808917,0,19,None,66,1,5,False,1000,1000
37,2,betCent,10,0.1814291401273885,0,19,None,66,1,5,False,1000,1000
38,3,betCent,10,0.2503980891719745,0,19,None,66,1,5,False,1000,1000
39,4,betCent,10,0.3275278662420382,0,19,None,66,1,5,False,1000,1000
40,0,betCent,10,0.1454020700636942,0,14,None,66,1,5,False,1000,1000
41,1,betCent,10,0.2699044585987261,0,14,None,66,1,5,False,1000,1000
42,2,betCent,10,0.3305135350318471,0,14,None,66,1,5,False,1000,1000
43,3,betCent,10,0.3363853503184713,0,14,None,66,1,5,False,1000,1000
44,4,betCent,10,0.3320063694267516,0,14,None,66,1,5,False,1000,1000
45,0,betCent,10,0.1057921974522293,0,22,None,66,1,5,False,1000,1000
46,1,betCent,10,0.1794386942675159,0,22,None,66,1,5,False,1000,1000
47,2,betCent,10,0.3133957006369426,0,22,None,66,1,5,False,1000,1000
48,3,betCent,10,0.3623606687898089,0,22,None,66,1,5,False,1000,1000
49,4,betCent,10,0.376890923566879,0,22,None,66,1,5,False,1000,1000
50,0,betCent,10,0.3220541401273885,0,23,None,66,1,5,False,1000,1000
51,1,betCent,10,0.4058519108280254,0,23,None,66,1,5,False,1000,1000
52,2,betCent,10,0.357484076433121,0,23,None,66,1,5,False,1000,1000
53,3,betCent,10,0.3204617834394904,0,23,None,66,1,5,False,1000,1000
54,4,betCent,10,0.3274283439490446,0,23,None,66,1,5,False,1000,1000
55,0,betCent,10,0.3443471337579618,0,26,None,66,1,5,False,1000,1000
56,1,betCent,10,0.451234076433121,0,26,None,66,1,5,False,1000,1000
57,2,betCent,10,0.4374004777070063,0,26,None,66,1,5,False,1000,1000
58,3,betCent,10,0.4166998407643312,0,26,None,66,1,5,False,1000,1000
59,4,betCent,10,0.4038614649681528,0,26,None,66,1,5,False,1000,1000
60,0,betCent,10,0.1089769108280254,0,29,None,66,1,5,False,1000,1000
61,1,betCent,10,0.1638136942675159,0,29,None,66,1,5,False,1000,1000
62,2,betCent,10,0.2819466560509554,0,29,None,66,1,5,False,1000,1000
63,3,betCent,10,0.4022691082802547,0,29,None,66,1,5,False,1000,1000
64,4,betCent,10,0.4261544585987261,0,29,None,66,1,5,False,1000,1000
65,0,betCent,10,0.289609872611465,0,28,None,66,1,5,False,1000,1000
66,1,betCent,10,0.3157842356687898,0,28,None,66,1,5,False,1000,1000
67,2,betCent,10,0.3546974522292994,0,28,None,66,1,5,False,1000,1000
68,3,betCent,10,0.4003781847133758,0,28,None,66,1,5,False,1000,1000
69,4,betCent,10,0.425358280254777,0,28,None,66,1,5,False,1000,1000
70,0,betCent,10,0.2067078025477707,0,30,None,66,1,5,False,1000,1000
71,1,betCent,10,0.2250199044585987,0,30,None,66,1,5,False,1000,1000
72,2,betCent,10,0.2034235668789809,0,30,None,66,1,5,False,1000,1000
73,3,betCent,10,0.1912818471337579,0,30,None,66,1,5,False,1000,1000
74,4,betCent,10,0.1997412420382165,0,30,None,66,1,5,False,1000,1000
75,0,betCent,10,0.1926751592356688,0,31,None,66,1,5,False,1000,1000
76,1,betCent,10,0.2951831210191082,0,31,None,66,1,5,False,1000,1000
77,2,betCent,10,0.3221536624203822,0,31,None,66,1,5,False,1000,1000
78,3,betCent,10,0.3617635350318471,0,31,None,66,1,5,False,1000,1000
79,4,betCent,10,0.371218152866242,0,31,None,66,1,5,False,1000,1000
80,0,betCent,10,0.1208200636942675,0,18,None,66,1,5,False,1000,1000
81,1,betCent,10,0.1895899681528662,0,18,None,66,1,5,False,1000,1000
82,2,betCent,10,0.2971735668789809,0,18,None,66,1,5,False,1000,1000
83,3,betCent,10,0.3541998407643312,0,18,None,66,1,5,False,1000,1000
84,4,betCent,10,0.3937101910828025,0,18,None,66,1,5,False,1000,1000
85,0,betCent,10,0.1056926751592356,0,11,None,66,1,5,False,1000,1000
86,1,betCent,10,0.1640127388535031,0,11,None,66,1,5,False,1000,1000
87,2,betCent,10,0.3008558917197452,0,11,None,66,1,5,False,1000,1000
88,3,betCent,10,0.3702229299363057,0,11,None,66,1,5,False,1000,1000
89,4,betCent,10,0.4375995222929936,0,11,None,66,1,5,False,1000,1000
90,0,betCent,10,0.1096735668789808,0,10,None,66,1,5,False,1000,1000
91,1,betCent,10,0.172671178343949,0,10,None,66,1,5,False,1000,1000
92,2,betCent,10,0.3173765923566879,0,10,None,66,1,5,False,1000,1000
93,3,betCent,10,0.3598726114649681,0,10,None,66,1,5,False,1000,1000
94,4,betCent,10,0.383359872611465,0,10,None,66,1,5,False,1000,1000
95,0,betCent,10,0.1780453821656051,0,7,None,66,1,5,False,1000,1000
96,1,betCent,10,0.1801353503184713,0,7,None,66,1,5,False,1000,1000
97,2,betCent,10,0.2426353503184713,0,7,None,66,1,5,False,1000,1000
98,3,betCent,10,0.3832603503184713,0,7,None,66,1,5,False,1000,1000
99,4,betCent,10,0.4498407643312102,0,7,None,66,1,5,False,1000,1000
100,0,betCent,10,0.1071855095541401,0,4,None,66,1,5,False,1000,1000
101,1,betCent,10,0.1535628980891719,0,4,None,66,1,5,False,1000,1000
102,2,betCent,10,0.3395700636942675,0,4,None,66,1,5,False,1000,1000
103,3,betCent,10,0.3808718152866242,0,4,None,66,1,5,False,1000,1000
104,4,betCent,10,0.3604697452229299,0,4,None,66,1,5,False,1000,1000
105,0,betCent,10,0.1305732484076433,0,32,None,66,1,5,False,1000,1000
106,1,betCent,10,0.1655055732484076,0,32,None,66,1,5,False,1000,1000
107,2,betCent,10,0.2055135350318471,0,32,None,66,1,5,False,1000,1000
108,3,betCent,10,0.2679140127388535,0,32,None,66,1,5,False,1000,1000
109,4,betCent,10,0.3181727707006369,0,32,None,66,1,5,False,1000,1000
110,0,betCent,10,0.1731687898089172,0,3,None,66,1,5,False,1000,1000
111,1,betCent,10,0.3742038216560509,0,3,None,66,1,5,False,1000,1000
112,2,betCent,10,0.4173964968152866,0,3,None,66,1,5,False,1000,1000
113,3,betCent,10,0.4260549363057325,0,3,None,66,1,5,False,1000,1000
114,4,betCent,10,0.4288415605095541,0,3,None,66,1,5,False,1000,1000
115,0,betCent,10,0.2498009554140127,0,5,None,66,1,5,False,1000,1000
116,1,betCent,10,0.2768710191082802,0,5,None,66,1,5,False,1000,1000
117,2,betCent,10,0.2875199044585987,0,5,None,66,1,5,False,1000,1000
118,3,betCent,10,0.3596735668789809,0,5,None,66,1,5,False,1000,1000
119,4,betCent,10,0.4284434713375796,0,5,None,66,1,5,False,1000,1000
120,0,betCent,10,0.1031050955414012,0,0,None,66,1,5,False,1000,1000
121,1,betCent,10,0.1744625796178344,0,0,None,66,1,5,False,1000,1000
122,2,betCent,10,0.2482085987261146,0,0,None,66,1,5,False,1000,1000
123,3,betCent,10,0.3076234076433121,0,0,None,66,1,5,False,1000,1000
124,4,betCent,10,0.3573845541401274,0,0,None,66,1,5,False,1000,1000
125,0,betCent,10,0.1765525477707006,0,6,None,66,1,5,False,1000,1000
126,1,betCent,10,0.2085987261146497,0,6,None,66,1,5,False,1000,1000
127,2,betCent,10,0.2482085987261146,0,6,None,66,1,5,False,1000,1000
128,3,betCent,10,0.2617436305732484,0,6,None,66,1,5,False,1000,1000
129,4,betCent,10,0.291202229299363,0,6,None,66,1,5,False,1000,1000
130,0,betCent,10,0.2383558917197452,0,17,None,66,1,5,False,1000,1000
131,1,betCent,10,0.2872213375796178,0,17,None,66,1,5,False,1000,1000
132,2,betCent,10,0.3638535031847134,0,17,None,66,1,5,False,1000,1000
133,3,betCent,10,0.4091361464968153,0,17,None,66,1,5,False,1000,1000
134,4,betCent,10,0.4468550955414013,0,17,None,66,1,5,False,1000,1000
135,0,betCent,10,0.2550756369426751,0,21,None,66,1,5,False,1000,1000
136,1,betCent,10,0.3286226114649681,0,21,None,66,1,5,False,1000,1000
137,2,betCent,10,0.3390724522292994,0,21,None,66,1,5,False,1000,1000
138,3,betCent,10,0.3542993630573248,0,21,None,66,1,5,False,1000,1000
139,4,betCent,10,0.3750995222929936,0,21,None,66,1,5,False,1000,1000
140,0,betCent,10,0.1839171974522293,0,24,None,66,1,5,False,1000,1000
141,1,betCent,10,0.3455414012738853,0,24,None,66,1,5,False,1000,1000
142,2,betCent,10,0.407046178343949,0,24,None,66,1,5,False,1000,1000
143,3,betCent,10,0.4642714968152866,0,24,None,66,1,5,False,1000,1000
144,4,betCent,10,0.4964171974522293,0,24,None,66,1,5,False,1000,1000
145,0,betCent,10,0.1038017515923566,0,27,None,66,1,5,False,1000,1000
146,1,betCent,10,0.1067874203821656,0,27,None,66,1,5,False,1000,1000
147,2,betCent,10,0.113953025477707,0,27,None,66,1,5,False,1000,1000
148,3,betCent,10,0.12390525477707,0,27,None,66,1,5,False,1000,1000
149,4,betCent,10,0.1477906050955414,0,27,None,66,1,5,False,1000,1000
150,0,betCent,10,0.2313893312101911,0,12,None,66,1,5,False,1000,1000
151,1,betCent,10,0.291202229299363,0,12,None,66,1,5,False,1000,1000
152,2,betCent,10,0.3306130573248407,0,12,None,66,1,5,False,1000,1000
153,3,betCent,10,0.4201831210191082,0,12,None,66,1,5,False,1000,1000
154,4,betCent,10,0.4703423566878981,0,12,None,66,1,5,False,1000,1000
155,0,betCent,10,0.0995222929936305,0,9,None,66,1,5,False,1000,1000
156,1,betCent,10,0.1024084394904458,0,9,None,66,1,5,False,1000,1000
157,2,betCent,10,0.1634156050955414,0,9,None,66,1,5,False,1000,1000
158,3,betCent,10,0.188296178343949,0,9,None,66,1,5,False,1000,1000
159,4,betCent,10,0.1986464968152866,0,9,None,66,1,5,False,1000,1000
160,0,betCent,10,0.1133558917197452,0,25,None,66,1,5,False,1000,1000
161,1,betCent,10,0.1771496815286624,0,25,None,66,1,5,False,1000,1000
162,2,betCent,10,0.2240246815286624,0,25,None,66,1,5,False,1000,1000
163,3,betCent,10,0.2754777070063694,0,25,None,66,1,5,False,1000,1000
164,4,betCent,10,0.2827428343949044,0,25,None,66,1,5,False,1000,1000
165,5,betCent,10,0.2706011146496815,0,32,None,66,1,5,False,1000,1000
166,6,betCent,10,0.2783638535031847,0,32,None,66,1,5,False,1000,1000
167,7,betCent,10,0.2992635350318471,0,32,None,66,1,5,False,1000,1000
168,8,betCent,10,0.3056329617834395,0,32,None,66,1,5,False,1000,1000
169,9,betCent,10,0.3108081210191082,0,32,None,66,1,5,False,1000,1000
170,5,betCent,10,0.1880971337579617,0,16,None,66,1,5,False,1000,1000
171,6,betCent,10,0.1912818471337579,0,16,None,66,1,5,False,1000,1000
172,7,betCent,10,0.1916799363057325,0,16,None,66,1,5,False,1000,1000
173,8,betCent,10,0.1915804140127388,0,16,None,66,1,5,False,1000,1000
174,9,betCent,10,0.1921775477707006,0,16,None,66,1,5,False,1000,1000
175,5,betCent,10,0.0995222929936305,0,19,None,66,1,5,False,1000,1000
176,6,betCent,10,0.0995222929936305,0,19,None,66,1,5,False,1000,1000
177,7,betCent,10,0.0995222929936305,0,19,None,66,1,5,False,1000,1000
178,8,betCent,10,0.0995222929936305,0,19,None,66,1,5,False,1000,1000
179,9,betCent,10,0.0995222929936305,0,19,None,66,1,5,False,1000,1000
180,5,betCent,10,0.4164012738853503,0,1,None,66,1,5,False,1000,1000
181,6,betCent,10,0.4296377388535032,0,1,None,66,1,5,False,1000,1000
182,7,betCent,10,0.3973925159235669,0,1,None,66,1,5,False,1000,1000
183,8,betCent,10,0.3559912420382166,0,1,None,66,1,5,False,1000,1000
184,9,betCent,10,0.4142117834394904,0,1,None,66,1,5,False,1000,1000
185,5,betCent,10,0.2575636942675159,0,21,None,66,1,5,False,1000,1000
186,6,betCent,10,0.2890127388535032,0,21,None,66,1,5,False,1000,1000
187,7,betCent,10,0.348328025477707,0,21,None,66,1,5,False,1000,1000
188,8,betCent,10,0.3416600318471338,0,21,None,66,1,5,False,1000,1000
189,9,betCent,10,0.3276273885350318,0,21,None,66,1,5,False,1000,1000
190,5,betCent,10,0.2705015923566879,0,8,None,66,1,5,False,1000,1000
191,6,betCent,10,0.3009554140127388,0,8,None,66,1,5,False,1000,1000
192,7,betCent,10,0.3131966560509554,0,8,None,66,1,5,False,1000,1000
193,8,betCent,10,0.3182722929936306,0,8,None,66,1,5,False,1000,1000
194,9,betCent,10,0.320859872611465,0,8,None,66,1,5,False,1000,1000
195,5,betCent,10,0.1021098726114649,0,24,None,66,1,5,False,1000,1000
196,6,betCent,10,0.0995222929936305,0,24,None,66,1,5,False,1000,1000
197,7,betCent,10,0.0995222929936305,0,24,None,66,1,5,False,1000,1000
198,8,betCent,10,0.1001194267515923,0,24,None,66,1,5,False,1000,1000
199,9,betCent,10,0.1102707006369426,0,24,None,66,1,5,False,1000,1000
200,5,betCent,10,0.2698049363057325,0,27,None,66,1,5,False,1000,1000
201,6,betCent,10,0.2711982484076433,0,27,None,66,1,5,False,1000,1000
202,7,betCent,10,0.2225318471337579,0,27,None,66,1,5,False,1000,1000
203,8,betCent,10,0.1314689490445859,0,27,None,66,1,5,False,1000,1000
204,9,betCent,10,0.1189291401273885,0,27,None,66,1,5,False,1000,1000
205,5,betCent,10,0.0995222929936305,0,31,None,66,1,5,False,1000,1000
206,6,betCent,10,0.0995222929936305,0,31,None,66,1,5,False,1000,1000
207,7,betCent,10,0.0995222929936305,0,31,None,66,1,5,False,1000,1000
208,8,betCent,10,0.0995222929936305,0,31,None,66,1,5,False,1000,1000
209,9,betCent,10,0.0995222929936305,0,31,None,66,1,5,False,1000,1000
210,5,betCent,10,0.1940684713375796,0,30,None,66,1,5,False,1000,1000
211,6,betCent,10,0.1874004777070063,0,30,None,66,1,5,False,1000,1000
212,7,betCent,10,0.1892914012738853,0,30,None,66,1,5,False,1000,1000
213,8,betCent,10,0.1911823248407643,0,30,None,66,1,5,False,1000,1000
214,9,betCent,10,0.192078025477707,0,30,None,66,1,5,False,1000,1000
215,5,betCent,10,0.3756966560509554,0,2,None,66,1,5,False,1000,1000
216,6,betCent,10,0.3850517515923566,0,2,None,66,1,5,False,1000,1000
217,7,betCent,10,0.3866441082802547,0,2,None,66,1,5,False,1000,1000
218,8,betCent,10,0.3870421974522293,0,2,None,66,1,5,False,1000,1000
219,9,betCent,10,0.3862460191082802,0,2,None,66,1,5,False,1000,1000
220,5,betCent,10,0.1834195859872611,0,5,None,66,1,5,False,1000,1000
221,6,betCent,10,0.1821257961783439,0,5,None,66,1,5,False,1000,1000
222,7,betCent,10,0.182921974522293,0,5,None,66,1,5,False,1000,1000
223,8,betCent,10,0.1825238853503184,0,5,None,66,1,5,False,1000,1000
224,9,betCent,10,0.1828224522292993,0,5,None,66,1,5,False,1000,1000
225,5,betCent,10,0.3927149681528662,0,15,None,66,1,5,False,1000,1000
226,6,betCent,10,0.3854498407643312,0,15,None,66,1,5,False,1000,1000
227,7,betCent,10,0.388734076433121,0,15,None,66,1,5,False,1000,1000
228,8,betCent,10,0.3924164012738853,0,15,None,66,1,5,False,1000,1000
229,9,betCent,10,0.3976910828025478,0,15,None,66,1,5,False,1000,1000
230,5,betCent,10,0.4416799363057325,0,7,None,66,1,5,False,1000,1000
231,6,betCent,10,0.4414808917197452,0,7,None,66,1,5,False,1000,1000
232,7,betCent,10,0.432921974522293,0,7,None,66,1,5,False,1000,1000
233,8,betCent,10,0.4221735668789809,0,7,None,66,1,5,False,1000,1000
234,9,betCent,10,0.4129179936305732,0,7,None,66,1,5,False,1000,1000
235,5,betCent,10,0.4340167197452229,0,20,None,66,1,5,False,1000,1000
236,6,betCent,10,0.4518312101910828,0,20,None,66,1,5,False,1000,1000
237,7,betCent,10,0.4818869426751592,0,20,None,66,1,5,False,1000,1000
238,8,betCent,10,0.4556130573248407,0,20,None,66,1,5,False,1000,1000
239,9,betCent,10,0.4525278662420382,0,20,None,66,1,5,False,1000,1000
240,5,betCent,10,0.4384952229299363,0,18,None,66,1,5,False,1000,1000
241,6,betCent,10,0.4007762738853503,0,18,None,66,1,5,False,1000,1000
242,7,betCent,10,0.3767914012738853,0,18,None,66,1,5,False,1000,1000
243,8,betCent,10,0.3708200636942675,0,18,None,66,1,5,False,1000,1000
244,9,betCent,10,0.3689291401273885,0,18,None,66,1,5,False,1000,1000
245,5,betCent,10,0.4837778662420382,0,28,None,66,1,5,False,1000,1000
246,6,betCent,10,0.5143312101910829,0,28,None,66,1,5,False,1000,1000
247,7,betCent,10,0.504578025477707,0,28,None,66,1,5,False,1000,1000
248,8,betCent,10,0.484375,0,28,None,66,1,5,False,1000,1000
249,9,betCent,10,0.4527269108280254,0,28,None,66,1,5,False,1000,1000
250,5,betCent,10,0.3285230891719745,0,13,None,66,1,5,False,1000,1000
251,6,betCent,10,0.3879378980891719,0,13,None,66,1,5,False,1000,1000
252,7,betCent,10,0.4197850318471338,0,13,None,66,1,5,False,1000,1000
253,8,betCent,10,0.4376990445859872,0,13,None,66,1,5,False,1000,1000
254,9,betCent,10,0.4544187898089172,0,13,None,66,1,5,False,1000,1000
255,5,betCent,10,0.0995222929936305,0,26,None,66,1,5,False,1000,1000
256,6,betCent,10,0.0995222929936305,0,26,None,66,1,5,False,1000,1000
257,7,betCent,10,0.1096735668789808,0,26,None,66,1,5,False,1000,1000
258,8,betCent,10,0.1898885350318471,0,26,None,66,1,5,False,1000,1000
259,9,betCent,10,0.2405453821656051,0,26,None,66,1,5,False,1000,1000
260,5,betCent,10,0.3070262738853503,0,12,None,66,1,5,False,1000,1000
261,6,betCent,10,0.2682125796178344,0,12,None,66,1,5,False,1000,1000
262,7,betCent,10,0.2623407643312102,0,12,None,66,1,5,False,1000,1000
263,8,betCent,10,0.2693073248407643,0,12,None,66,1,5,False,1000,1000
264,9,betCent,10,0.2830414012738853,0,12,None,66,1,5,False,1000,1000
265,5,betCent,10,0.2250199044585987,0,25,None,66,1,5,False,1000,1000
266,6,betCent,10,0.1965565286624203,0,25,None,66,1,5,False,1000,1000
267,7,betCent,10,0.2104896496815286,0,25,None,66,1,5,False,1000,1000
268,8,betCent,10,0.243531050955414,0,25,None,66,1,5,False,1000,1000
269,9,betCent,10,0.2500995222929936,0,25,None,66,1,5,False,1000,1000
270,5,betCent,10,0.0995222929936305,0,14,None,66,1,5,False,1000,1000
271,6,betCent,10,0.0995222929936305,0,14,None,66,1,5,False,1000,1000
272,7,betCent,10,0.0995222929936305,0,14,None,66,1,5,False,1000,1000
273,8,betCent,10,0.0995222929936305,0,14,None,66,1,5,False,1000,1000
274,9,betCent,10,0.0995222929936305,0,14,None,66,1,5,False,1000,1000
275,5,betCent,10,0.3346934713375796,0,22,None,66,1,5,False,1000,1000
276,6,betCent,10,0.3285230891719745,0,22,None,66,1,5,False,1000,1000
277,7,betCent,10,0.3048367834394904,0,22,None,66,1,5,False,1000,1000
278,8,betCent,10,0.2784633757961783,0,22,None,66,1,5,False,1000,1000
279,9,betCent,10,0.2698049363057325,0,22,None,66,1,5,False,1000,1000
280,5,betCent,10,0.1988455414012739,0,6,None,66,1,5,False,1000,1000
281,6,betCent,10,0.1969546178343949,0,6,None,66,1,5,False,1000,1000
282,7,betCent,10,0.1860071656050955,0,6,None,66,1,5,False,1000,1000
283,8,betCent,10,0.1677945859872611,0,6,None,66,1,5,False,1000,1000
284,9,betCent,10,0.1434116242038216,0,6,None,66,1,5,False,1000,1000
285,5,betCent,10,0.3388734076433121,0,0,None,66,1,5,False,1000,1000
286,6,betCent,10,0.3312101910828025,0,0,None,66,1,5,False,1000,1000
287,7,betCent,10,0.3157842356687898,0,0,None,66,1,5,False,1000,1000
288,8,betCent,10,0.3007563694267516,0,0,None,66,1,5,False,1000,1000
289,9,betCent,10,0.2934912420382166,0,0,None,66,1,5,False,1000,1000
290,5,betCent,10,0.307921974522293,0,9,None,66,1,5,False,1000,1000
291,6,betCent,10,0.2555732484076433,0,9,None,66,1,5,False,1000,1000
292,7,betCent,10,0.2442277070063694,0,9,None,66,1,5,False,1000,1000
293,8,betCent,10,0.2537818471337579,0,9,None,66,1,5,False,1000,1000
294,9,betCent,10,0.273984872611465,0,9,None,66,1,5,False,1000,1000
295,5,betCent,10,0.2761743630573248,0,29,None,66,1,5,False,1000,1000
296,6,betCent,10,0.2780652866242038,0,29,None,66,1,5,False,1000,1000
297,7,betCent,10,0.2864251592356688,0,29,None,66,1,5,False,1000,1000
298,8,betCent,10,0.2979697452229299,0,29,None,66,1,5,False,1000,1000
299,9,betCent,10,0.3140923566878981,0,29,None,66,1,5,False,1000,1000
300,5,betCent,10,0.3668391719745223,0,23,None,66,1,5,False,1000,1000
301,6,betCent,10,0.3827627388535032,0,23,None,66,1,5,False,1000,1000
302,7,betCent,10,0.3824641719745223,0,23,None,66,1,5,False,1000,1000
303,8,betCent,10,0.3855493630573248,0,23,None,66,1,5,False,1000,1000
304,9,betCent,10,0.3912221337579618,0,23,None,66,1,5,False,1000,1000
305,5,betCent,10,0.3790804140127388,0,4,None,66,1,5,False,1000,1000
306,6,betCent,10,0.4605891719745223,0,4,None,66,1,5,False,1000,1000
307,7,betCent,10,0.4251592356687898,0,4,None,66,1,5,False,1000,1000
308,8,betCent,10,0.3488256369426751,0,4,None,66,1,5,False,1000,1000
309,9,betCent,10,0.3032444267515923,0,4,None,66,1,5,False,1000,1000
310,10,betCent,10,0.0995222929936305,0,30,None,66,1,5,False,1000,1000
311,11,betCent,10,0.0995222929936305,0,30,None,66,1,5,False,1000,1000
312,12,betCent,10,0.0995222929936305,0,30,None,66,1,5,False,1000,1000
313,13,betCent,10,0.0997213375796178,0,30,None,66,1,5,False,1000,1000
314,14,betCent,10,0.1036027070063694,0,30,None,66,1,5,False,1000,1000
315,5,betCent,10,0.4369028662420382,0,10,None,66,1,5,False,1000,1000
316,6,betCent,10,0.4354100318471338,0,10,None,66,1,5,False,1000,1000
317,7,betCent,10,0.4275477707006369,0,10,None,66,1,5,False,1000,1000
318,8,betCent,10,0.4155055732484076,0,10,None,66,1,5,False,1000,1000
319,9,betCent,10,0.4040605095541401,0,10,None,66,1,5,False,1000,1000
320,5,betCent,10,0.4010748407643312,0,11,None,66,1,5,False,1000,1000
321,6,betCent,10,0.3730095541401274,0,11,None,66,1,5,False,1000,1000
322,7,betCent,10,0.3692277070063694,0,11,None,66,1,5,False,1000,1000
323,8,betCent,10,0.381468949044586,0,11,None,66,1,5,False,1000,1000
324,9,betCent,10,0.401671974522293,0,11,None,66,1,5,False,1000,1000
325,5,betCent,10,0.4074442675159235,0,17,None,66,1,5,False,1000,1000
326,6,betCent,10,0.4055533439490446,0,17,None,66,1,5,False,1000,1000
327,7,betCent,10,0.397093949044586,0,17,None,66,1,5,False,1000,1000
328,8,betCent,10,0.3862460191082802,0,17,None,66,1,5,False,1000,1000
329,9,betCent,10,0.3743033439490446,0,17,None,66,1,5,False,1000,1000
330,5,betCent,10,0.3749004777070063,0,3,None,66,1,5,False,1000,1000
331,6,betCent,10,0.3557921974522293,0,3,None,66,1,5,False,1000,1000
332,7,betCent,10,0.3683320063694267,0,3,None,66,1,5,False,1000,1000
333,8,betCent,10,0.3840565286624204,0,3,None,66,1,5,False,1000,1000
334,9,betCent,10,0.3916202229299363,0,3,None,66,1,5,False,1000,1000
335,10,betCent,10,0.423765923566879,0,21,None,66,1,5,False,1000,1000
336,11,betCent,10,0.4163017515923566,0,21,None,66,1,5,False,1000,1000
337,12,betCent,10,0.3492237261146497,0,21,None,66,1,5,False,1000,1000
338,13,betCent,10,0.2650278662420382,0,21,None,66,1,5,False,1000,1000
339,14,betCent,10,0.2202428343949044,0,21,None,66,1,5,False,1000,1000
340,10,betCent,10,0.364749203821656,0,1,None,66,1,5,False,1000,1000
341,11,betCent,10,0.4012738853503185,0,1,None,66,1,5,False,1000,1000
342,12,betCent,10,0.375,0,1,None,66,1,5,False,1000,1000
343,13,betCent,10,0.3222531847133758,0,1,None,66,1,5,False,1000,1000
344,14,betCent,10,0.2803542993630573,0,1,None,66,1,5,False,1000,1000
345,10,betCent,10,0.3175756369426751,0,27,None,66,1,5,False,1000,1000
346,11,betCent,10,0.3136942675159235,0,27,None,66,1,5,False,1000,1000
347,12,betCent,10,0.3067277070063694,0,27,None,66,1,5,False,1000,1000
348,13,betCent,10,0.3024482484076433,0,27,None,66,1,5,False,1000,1000
349,14,betCent,10,0.3008558917197452,0,27,None,66,1,5,False,1000,1000
350,10,betCent,10,0.4220740445859872,0,2,None,66,1,5,False,1000,1000
351,11,betCent,10,0.3834593949044586,0,2,None,66,1,5,False,1000,1000
352,12,betCent,10,0.3832603503184713,0,2,None,66,1,5,False,1000,1000
353,13,betCent,10,0.3838574840764331,0,2,None,66,1,5,False,1000,1000
354,14,betCent,10,0.3840565286624204,0,2,None,66,1,5,False,1000,1000
355,10,betCent,10,0.3600716560509554,0,5,None,66,1,5,False,1000,1000
356,11,betCent,10,0.3680334394904458,0,5,None,66,1,5,False,1000,1000
357,12,betCent,10,0.3605692675159235,0,5,None,66,1,5,False,1000,1000
358,13,betCent,10,0.3519108280254777,0,5,None,66,1,5,False,1000,1000
359,14,betCent,10,0.3371815286624204,0,5,None,66,1,5,False,1000,1000
360,10,betCent,10,0.196656050955414,0,22,None,66,1,5,False,1000,1000
361,11,betCent,10,0.2284036624203821,0,22,None,66,1,5,False,1000,1000
362,12,betCent,10,0.2430334394904458,0,22,None,66,1,5,False,1000,1000
363,13,betCent,10,0.2450238853503184,0,22,None,66,1,5,False,1000,1000
364,14,betCent,10,0.2455214968152866,0,22,None,66,1,5,False,1000,1000
365,10,betCent,10,0.4072452229299363,0,23,None,66,1,5,False,1000,1000
366,11,betCent,10,0.3767914012738853,0,23,None,66,1,5,False,1000,1000
367,12,betCent,10,0.3357882165605095,0,23,None,66,1,5,False,1000,1000
368,13,betCent,10,0.3134952229299363,0,23,None,66,1,5,False,1000,1000
369,14,betCent,10,0.3059315286624204,0,23,None,66,1,5,False,1000,1000
370,10,betCent,10,0.3458399681528662,0,9,None,66,1,5,False,1000,1000
371,11,betCent,10,0.3440485668789809,0,9,None,66,1,5,False,1000,1000
372,12,betCent,10,0.3376791401273885,0,9,None,66,1,5,False,1000,1000
373,13,betCent,10,0.3126990445859872,0,9,None,66,1,5,False,1000,1000
374,14,betCent,10,0.2900079617834395,0,9,None,66,1,5,False,1000,1000
375,10,betCent,10,0.1867038216560509,0,14,None,66,1,5,False,1000,1000
376,11,betCent,10,0.2635350318471338,0,14,None,66,1,5,False,1000,1000
377,12,betCent,10,0.2322850318471337,0,14,None,66,1,5,False,1000,1000
378,13,betCent,10,0.1720740445859872,0,14,None,66,1,5,False,1000,1000
379,14,betCent,10,0.1410230891719745,0,14,None,66,1,5,False,1000,1000
380,10,betCent,10,0.3611664012738853,0,29,None,66,1,5,False,1000,1000
381,11,betCent,10,0.3498208598726114,0,29,None,66,1,5,False,1000,1000
382,12,betCent,10,0.3378781847133758,0,29,None,66,1,5,False,1000,1000
383,13,betCent,10,0.3237460191082802,0,29,None,66,1,5,False,1000,1000
384,14,betCent,10,0.3088176751592357,0,29,None,66,1,5,False,1000,1000
385,10,betCent,10,0.3851512738853503,0,15,None,66,1,5,False,1000,1000
386,11,betCent,10,0.3691281847133758,0,15,None,66,1,5,False,1000,1000
387,12,betCent,10,0.3425557324840764,0,15,None,66,1,5,False,1000,1000
388,13,betCent,10,0.3223527070063694,0,15,None,66,1,5,False,1000,1000
389,14,betCent,10,0.3167794585987261,0,15,None,66,1,5,False,1000,1000
390,10,betCent,10,0.393312101910828,0,10,None,66,1,5,False,1000,1000
391,11,betCent,10,0.4223726114649681,0,10,None,66,1,5,False,1000,1000
392,12,betCent,10,0.442078025477707,0,10,None,66,1,5,False,1000,1000
393,13,betCent,10,0.4452627388535032,0,10,None,66,1,5,False,1000,1000
394,14,betCent,10,0.442078025477707,0,10,None,66,1,5,False,1000,1000
395,10,betCent,10,0.4173964968152866,0,12,None,66,1,5,False,1000,1000
396,11,betCent,10,0.3958996815286624,0,12,None,66,1,5,False,1000,1000
397,12,betCent,10,0.3846536624203822,0,12,None,66,1,5,False,1000,1000
398,13,betCent,10,0.387639331210191,0,12,None,66,1,5,False,1000,1000
399,14,betCent,10,0.3769904458598726,0,12,None,66,1,5,False,1000,1000
400,10,betCent,10,0.293093152866242,0,13,None,66,1,5,False,1000,1000
401,11,betCent,10,0.3226512738853503,0,13,None,66,1,5,False,1000,1000
402,12,betCent,10,0.3360867834394904,0,13,None,66,1,5,False,1000,1000
403,13,betCent,10,0.3347929936305732,0,13,None,66,1,5,False,1000,1000
404,14,betCent,10,0.334593949044586,0,13,None,66,1,5,False,1000,1000
405,10,betCent,10,0.1874004777070063,0,25,None,66,1,5,False,1000,1000
406,11,betCent,10,0.1822253184713375,0,25,None,66,1,5,False,1000,1000
407,12,betCent,10,0.177249203821656,0,25,None,66,1,5,False,1000,1000
408,13,betCent,10,0.1722730891719745,0,25,None,66,1,5,False,1000,1000
409,14,betCent,10,0.1644108280254777,0,25,None,66,1,5,False,1000,1000
410,10,betCent,10,0.1934713375796178,0,26,None,66,1,5,False,1000,1000
411,11,betCent,10,0.1973527070063694,0,26,None,66,1,5,False,1000,1000
412,12,betCent,10,0.1981488853503184,0,26,None,66,1,5,False,1000,1000
413,13,betCent,10,0.1976512738853503,0,26,None,66,1,5,False,1000,1000
414,14,betCent,10,0.199343152866242,0,26,None,66,1,5,False,1000,1000
415,10,betCent,10,0.3968949044585987,0,20,None,66,1,5,False,1000,1000
416,11,betCent,10,0.3911226114649681,0,20,None,66,1,5,False,1000,1000
417,12,betCent,10,0.3963972929936306,0,20,None,66,1,5,False,1000,1000
418,13,betCent,10,0.3993829617834395,0,20,None,66,1,5,False,1000,1000
419,14,betCent,10,0.3990843949044586,0,20,None,66,1,5,False,1000,1000
420,10,betCent,10,0.3871417197452229,0,4,None,66,1,5,False,1000,1000
421,11,betCent,10,0.3524084394904458,0,4,None,66,1,5,False,1000,1000
422,12,betCent,10,0.2970740445859872,0,4,None,66,1,5,False,1000,1000
423,13,betCent,10,0.2550756369426751,0,4,None,66,1,5,False,1000,1000
424,14,betCent,10,0.2274084394904458,0,4,None,66,1,5,False,1000,1000
425,10,betCent,10,0.3899283439490446,0,18,None,66,1,5,False,1000,1000
426,11,betCent,10,0.3719148089171974,0,18,None,66,1,5,False,1000,1000
427,12,betCent,10,0.352109872611465,0,18,None,66,1,5,False,1000,1000
428,13,betCent,10,0.3230493630573248,0,18,None,66,1,5,False,1000,1000
429,14,betCent,10,0.3006568471337579,0,18,None,66,1,5,False,1000,1000
430,10,betCent,10,0.3185708598726114,0,8,None,66,1,5,False,1000,1000
431,11,betCent,10,0.3234474522292994,0,8,None,66,1,5,False,1000,1000
432,12,betCent,10,0.307921974522293,0,8,None,66,1,5,False,1000,1000
433,13,betCent,10,0.2880175159235669,0,8,None,66,1,5,False,1000,1000
434,14,betCent,10,0.2690087579617834,0,8,None,66,1,5,False,1000,1000
435,10,betCent,10,0.1031050955414012,0,19,None,66,1,5,False,1000,1000
436,11,betCent,10,0.1309713375796178,0,19,None,66,1,5,False,1000,1000
437,12,betCent,10,0.1567476114649681,0,19,None,66,1,5,False,1000,1000
438,13,betCent,10,0.17078025477707,0,19,None,66,1,5,False,1000,1000
439,14,betCent,10,0.1775477707006369,0,19,None,66,1,5,False,1000,1000
440,10,betCent,10,0.3175756369426751,0,31,None,66,1,5,False,1000,1000
441,11,betCent,10,0.3214570063694267,0,31,None,66,1,5,False,1000,1000
442,12,betCent,10,0.3193670382165605,0,31,None,66,1,5,False,1000,1000
443,13,betCent,10,0.3356886942675159,0,31,None,66,1,5,False,1000,1000
444,14,betCent,10,0.328921178343949,0,31,None,66,1,5,False,1000,1000
445,10,betCent,10,0.3871417197452229,0,28,None,66,1,5,False,1000,1000
446,11,betCent,10,0.3898288216560509,0,28,None,66,1,5,False,1000,1000
447,12,betCent,10,0.3777866242038216,0,28,None,66,1,5,False,1000,1000
448,13,betCent,10,0.3575835987261146,0,28,None,66,1,5,False,1000,1000
449,14,betCent,10,0.3264331210191082,0,28,None,66,1,5,False,1000,1000
450,10,betCent,10,0.3431528662420382,0,0,None,66,1,5,False,1000,1000
451,11,betCent,10,0.3360867834394904,0,0,None,66,1,5,False,1000,1000
452,12,betCent,10,0.3278264331210191,0,0,None,66,1,5,False,1000,1000
453,13,betCent,10,0.3333001592356688,0,0,None,66,1,5,False,1000,1000
454,14,betCent,10,0.3431528662420382,0,0,None,66,1,5,False,1000,1000
455,10,betCent,10,0.380374203821656,0,7,None,66,1,5,False,1000,1000
456,11,betCent,10,0.3619625796178344,0,7,None,66,1,5,False,1000,1000
457,12,betCent,10,0.3501194267515923,0,7,None,66,1,5,False,1000,1000
458,13,betCent,10,0.3412619426751592,0,7,None,66,1,5,False,1000,1000
459,14,betCent,10,0.3307125796178344,0,7,None,66,1,5,False,1000,1000
460,10,betCent,10,0.1942675159235669,0,16,None,66,1,5,False,1000,1000
461,11,betCent,10,0.2123805732484076,0,16,None,66,1,5,False,1000,1000
462,12,betCent,10,0.2484076433121019,0,16,None,66,1,5,False,1000,1000
463,13,betCent,10,0.2612460191082802,0,16,None,66,1,5,False,1000,1000
464,14,betCent,10,0.2608479299363057,0,16,None,66,1,5,False,1000,1000
465,10,betCent,10,0.2569665605095541,0,32,None,66,1,5,False,1000,1000
466,11,betCent,10,0.2834394904458598,0,32,None,66,1,5,False,1000,1000
467,12,betCent,10,0.296875,0,32,None,66,1,5,False,1000,1000
468,13,betCent,10,0.3036425159235669,0,32,None,66,1,5,False,1000,1000
469,14,betCent,10,0.3067277070063694,0,32,None,66,1,5,False,1000,1000
470,10,betCent,10,0.3487261146496815,0,6,None,66,1,5,False,1000,1000
471,11,betCent,10,0.411624203821656,0,6,None,66,1,5,False,1000,1000
472,12,betCent,10,0.4533240445859872,0,6,None,66,1,5,False,1000,1000
473,13,betCent,10,0.461484872611465,0,6,None,66,1,5,False,1000,1000
474,14,betCent,10,0.4517316878980891,0,6,None,66,1,5,False,1000,1000
475,10,betCent,10,0.3659434713375796,0,11,None,66,1,5,False,1000,1000
476,11,betCent,10,0.3500199044585987,0,11,None,66,1,5,False,1000,1000
477,12,betCent,10,0.3382762738853503,0,11,None,66,1,5,False,1000,1000
478,13,betCent,10,0.3138933121019108,0,11,None,66,1,5,False,1000,1000
479,14,betCent,10,0.3031449044585987,0,11,None,66,1,5,False,1000,1000
480,10,betCent,10,0.3691281847133758,0,3,None,66,1,5,False,1000,1000
481,11,betCent,10,0.3743033439490446,0,3,None,66,1,5,False,1000,1000
482,12,betCent,10,0.3728105095541401,0,3,None,66,1,5,False,1000,1000
483,13,betCent,10,0.3615644904458598,0,3,None,66,1,5,False,1000,1000
484,14,betCent,10,0.3343949044585987,0,3,None,66,1,5,False,1000,1000
485,10,betCent,10,0.3791799363057325,0,17,None,66,1,5,False,1000,1000
486,11,betCent,10,0.3700238853503185,0,17,None,66,1,5,False,1000,1000
487,12,betCent,10,0.366640127388535,0,17,None,66,1,5,False,1000,1000
488,13,betCent,10,0.371218152866242,0,17,None,66,1,5,False,1000,1000
489,14,betCent,10,0.3663415605095541,0,17,None,66,1,5,False,1000,1000
490,10,betCent,10,0.2010350318471337,0,24,None,66,1,5,False,1000,1000
491,11,betCent,10,0.1539609872611465,0,24,None,66,1,5,False,1000,1000
492,12,betCent,10,0.1576433121019108,0,24,None,66,1,5,False,1000,1000
493,13,betCent,10,0.161624203821656,0,24,None,66,1,5,False,1000,1000
494,14,betCent,10,0.1698845541401273,0,24,None,66,1,5,False,1000,1000
990,15,betCent,10,0.4061504777070063,0,1,None,66,1,5,False,1000,1000
991,16,betCent,10,0.3592754777070063,0,1,None,66,1,5,False,1000,1000
992,17,betCent,10,0.29578025477707,0,1,None,66,1,5,False,1000,1000
993,18,betCent,10,0.2829418789808917,0,1,None,66,1,5,False,1000,1000
994,19,betCent,10,0.2829418789808917,0,1,None,66,1,5,False,1000,1000
995,15,betCent,10,0.3646496815286624,0,13,None,66,1,5,False,1000,1000
996,16,betCent,10,0.3551950636942675,0,13,None,66,1,5,False,1000,1000
997,17,betCent,10,0.3455414012738853,0,13,None,66,1,5,False,1000,1000
998,18,betCent,10,0.3381767515923566,0,13,None,66,1,5,False,1000,1000
999,19,betCent,10,0.3473328025477707,0,13,None,66,1,5,False,1000,1000
1000,15,betCent,10,0.3212579617834395,0,16,None,66,1,5,False,1000,1000
1001,16,betCent,10,0.3077229299363057,0,16,None,66,1,5,False,1000,1000
1002,17,betCent,10,0.2871218152866242,0,16,None,66,1,5,False,1000,1000
1003,18,betCent,10,0.2806528662420382,0,16,None,66,1,5,False,1000,1000
1004,19,betCent,10,0.2856289808917197,0,16,None,66,1,5,False,1000,1000
1005,15,betCent,10,0.2628383757961783,0,8,None,66,1,5,False,1000,1000
1006,16,betCent,10,0.2463176751592356,0,8,None,66,1,5,False,1000,1000
1007,17,betCent,10,0.2467157643312102,0,8,None,66,1,5,False,1000,1000
1008,18,betCent,10,0.2552746815286624,0,8,None,66,1,5,False,1000,1000
1009,19,betCent,10,0.2699044585987261,0,8,None,66,1,5,False,1000,1000
1010,15,betCent,10,0.2758757961783439,0,19,None,66,1,5,False,1000,1000
1011,16,betCent,10,0.2396496815286624,0,19,None,66,1,5,False,1000,1000
1012,17,betCent,10,0.2243232484076433,0,19,None,66,1,5,False,1000,1000
1013,18,betCent,10,0.2353702229299363,0,19,None,66,1,5,False,1000,1000
1014,19,betCent,10,0.2600517515923566,0,19,None,66,1,5,False,1000,1000
1015,15,betCent,10,0.2098925159235669,0,22,None,66,1,5,False,1000,1000
1016,16,betCent,10,0.2551751592356688,0,22,None,66,1,5,False,1000,1000
1017,17,betCent,10,0.2674164012738853,0,22,None,66,1,5,False,1000,1000
1018,18,betCent,10,0.2681130573248407,0,22,None,66,1,5,False,1000,1000
1019,19,betCent,10,0.2662221337579618,0,22,None,66,1,5,False,1000,1000
1020,15,betCent,10,0.3440485668789809,0,23,None,66,1,5,False,1000,1000
1021,16,betCent,10,0.3163813694267516,0,23,None,66,1,5,False,1000,1000
1022,17,betCent,10,0.3021496815286624,0,23,None,66,1,5,False,1000,1000
1023,18,betCent,10,0.3994824840764331,0,23,None,66,1,5,False,1000,1000
1024,19,betCent,10,0.394108280254777,0,23,None,66,1,5,False,1000,1000
1025,15,betCent,10,0.318968949044586,0,21,None,66,1,5,False,1000,1000
1026,16,betCent,10,0.2619426751592357,0,21,None,66,1,5,False,1000,1000
1027,17,betCent,10,0.2509952229299363,0,21,None,66,1,5,False,1000,1000
1028,18,betCent,10,0.3328025477707006,0,21,None,66,1,5,False,1000,1000
1029,19,betCent,10,0.3542993630573248,0,21,None,66,1,5,False,1000,1000
1030,15,betCent,10,0.3975915605095541,0,26,None,66,1,5,False,1000,1000
1031,16,betCent,10,0.3546974522292994,0,26,None,66,1,5,False,1000,1000
1032,17,betCent,10,0.3049363057324841,0,26,None,66,1,5,False,1000,1000
1033,18,betCent,10,0.2790605095541401,0,26,None,66,1,5,False,1000,1000
1034,19,betCent,10,0.268312101910828,0,26,None,66,1,5,False,1000,1000
1035,15,betCent,10,0.3478304140127388,0,24,None,66,1,5,False,1000,1000
1036,16,betCent,10,0.3538017515923566,0,24,None,66,1,5,False,1000,1000
1037,17,betCent,10,0.3708200636942675,0,24,None,66,1,5,False,1000,1000
1038,18,betCent,10,0.3831608280254777,0,24,None,66,1,5,False,1000,1000
1039,19,betCent,10,0.3652468152866242,0,24,None,66,1,5,False,1000,1000
1040,15,betCent,10,0.3490246815286624,0,31,None,66,1,5,False,1000,1000
1041,16,betCent,10,0.3144904458598726,0,31,None,66,1,5,False,1000,1000
1042,17,betCent,10,0.3543988853503185,0,31,None,66,1,5,False,1000,1000
1043,18,betCent,10,0.3796775477707006,0,31,None,66,1,5,False,1000,1000
1044,19,betCent,10,0.3816679936305732,0,31,None,66,1,5,False,1000,1000
1045,15,betCent,10,0.2998606687898089,0,32,None,66,1,5,False,1000,1000
1046,16,betCent,10,0.278264331210191,0,32,None,66,1,5,False,1000,1000
1047,17,betCent,10,0.2700039808917197,0,32,None,66,1,5,False,1000,1000
1048,18,betCent,10,0.2693073248407643,0,32,None,66,1,5,False,1000,1000
1049,19,betCent,10,0.2693073248407643,0,32,None,66,1,5,False,1000,1000
1050,15,betCent,10,0.397093949044586,0,2,None,66,1,5,False,1000,1000
1051,16,betCent,10,0.34375,0,2,None,66,1,5,False,1000,1000
1052,17,betCent,10,0.3283240445859872,0,2,None,66,1,5,False,1000,1000
1053,18,betCent,10,0.3147890127388535,0,2,None,66,1,5,False,1000,1000
1054,19,betCent,10,0.3119028662420382,0,2,None,66,1,5,False,1000,1000
1055,15,betCent,10,0.3183718152866242,0,4,None,66,1,5,False,1000,1000
1056,16,betCent,10,0.2935907643312102,0,4,None,66,1,5,False,1000,1000
1057,17,betCent,10,0.2778662420382166,0,4,None,66,1,5,False,1000,1000
1058,18,betCent,10,0.2758757961783439,0,4,None,66,1,5,False,1000,1000
1059,19,betCent,10,0.273984872611465,0,4,None,66,1,5,False,1000,1000
1060,15,betCent,10,0.3443471337579618,0,5,None,66,1,5,False,1000,1000
1061,16,betCent,10,0.3742038216560509,0,5,None,66,1,5,False,1000,1000
1062,17,betCent,10,0.3983877388535032,0,5,None,66,1,5,False,1000,1000
1063,18,betCent,10,0.3812699044585987,0,5,None,66,1,5,False,1000,1000
1064,19,betCent,10,0.3890326433121019,0,5,None,66,1,5,False,1000,1000
1065,15,betCent,10,0.3348925159235669,0,7,None,66,1,5,False,1000,1000
1066,16,betCent,10,0.3241441082802547,0,7,None,66,1,5,False,1000,1000
1067,17,betCent,10,0.3287221337579618,0,7,None,66,1,5,False,1000,1000
1068,18,betCent,10,0.3632563694267516,0,7,None,66,1,5,False,1000,1000
1069,19,betCent,10,0.3980891719745223,0,7,None,66,1,5,False,1000,1000
1070,15,betCent,10,0.3181727707006369,0,15,None,66,1,5,False,1000,1000
1071,16,betCent,10,0.3576831210191082,0,15,None,66,1,5,False,1000,1000
1072,17,betCent,10,0.3789808917197452,0,15,None,66,1,5,False,1000,1000
1073,18,betCent,10,0.3811703821656051,0,15,None,66,1,5,False,1000,1000
1074,19,betCent,10,0.3835589171974522,0,15,None,66,1,5,False,1000,1000
1075,15,betCent,10,0.3384753184713376,0,12,None,66,1,5,False,1000,1000
1076,16,betCent,10,0.4252587579617834,0,12,None,66,1,5,False,1000,1000
1077,17,betCent,10,0.4214769108280254,0,12,None,66,1,5,False,1000,1000
1078,18,betCent,10,0.3969944267515923,0,12,None,66,1,5,False,1000,1000
1079,19,betCent,10,0.3843550955414013,0,12,None,66,1,5,False,1000,1000
1080,15,betCent,10,0.3209593949044586,0,18,None,66,1,5,False,1000,1000
1081,16,betCent,10,0.3148885350318471,0,18,None,66,1,5,False,1000,1000
1082,17,betCent,10,0.3113057324840764,0,18,None,66,1,5,False,1000,1000
1083,18,betCent,10,0.3398686305732484,0,18,None,66,1,5,False,1000,1000
1084,19,betCent,10,0.3781847133757962,0,18,None,66,1,5,False,1000,1000
1085,15,betCent,10,0.3246417197452229,0,20,None,66,1,5,False,1000,1000
1086,16,betCent,10,0.3142914012738853,0,20,None,66,1,5,False,1000,1000
1087,17,betCent,10,0.3287221337579618,0,20,None,66,1,5,False,1000,1000
1088,18,betCent,10,0.3819665605095541,0,20,None,66,1,5,False,1000,1000
1089,19,betCent,10,0.388734076433121,0,20,None,66,1,5,False,1000,1000
1090,15,betCent,10,0.3277269108280254,0,28,None,66,1,5,False,1000,1000
1091,16,betCent,10,0.3097133757961783,0,28,None,66,1,5,False,1000,1000
1092,17,betCent,10,0.2998606687898089,0,28,None,66,1,5,False,1000,1000
1093,18,betCent,10,0.3455414012738853,0,28,None,66,1,5,False,1000,1000
1094,19,betCent,10,0.417296974522293,0,28,None,66,1,5,False,1000,1000
1095,15,betCent,10,0.3536027070063694,0,10,None,66,1,5,False,1000,1000
1096,16,betCent,10,0.4029657643312102,0,10,None,66,1,5,False,1000,1000
1097,17,betCent,10,0.4060509554140127,0,10,None,66,1,5,False,1000,1000
1098,18,betCent,10,0.3744028662420382,0,10,None,66,1,5,False,1000,1000
1099,19,betCent,10,0.3497213375796178,0,10,None,66,1,5,False,1000,1000
1100,15,betCent,10,0.3064291401273885,0,11,None,66,1,5,False,1000,1000
1101,16,betCent,10,0.3294187898089172,0,11,None,66,1,5,False,1000,1000
1102,17,betCent,10,0.3844546178343949,0,11,None,66,1,5,False,1000,1000
1103,18,betCent,10,0.4030652866242038,0,11,None,66,1,5,False,1000,1000
1104,19,betCent,10,0.3855493630573248,0,11,None,66,1,5,False,1000,1000
1105,15,betCent,10,0.3227507961783439,0,3,None,66,1,5,False,1000,1000
1106,16,betCent,10,0.3561902866242038,0,3,None,66,1,5,False,1000,1000
1107,17,betCent,10,0.3912221337579618,0,3,None,66,1,5,False,1000,1000
1108,18,betCent,10,0.3943073248407643,0,3,None,66,1,5,False,1000,1000
1109,19,betCent,10,0.4002786624203822,0,3,None,66,1,5,False,1000,1000
1110,15,betCent,10,0.3269307324840764,0,17,None,66,1,5,False,1000,1000
1111,16,betCent,10,0.3294187898089172,0,17,None,66,1,5,False,1000,1000
1112,17,betCent,10,0.3694267515923566,0,17,None,66,1,5,False,1000,1000
1113,18,betCent,10,0.4247611464968153,0,17,None,66,1,5,False,1000,1000
1114,19,betCent,10,0.4615843949044586,0,17,None,66,1,5,False,1000,1000
1115,15,betCent,10,0.3039410828025478,0,14,None,66,1,5,False,1000,1000
1116,16,betCent,10,0.2953821656050955,0,14,None,66,1,5,False,1000,1000
1117,17,betCent,10,0.2777667197452229,0,14,None,66,1,5,False,1000,1000
1118,18,betCent,10,0.2621417197452229,0,14,None,66,1,5,False,1000,1000
1119,19,betCent,10,0.2611464968152866,0,14,None,66,1,5,False,1000,1000
1120,15,betCent,10,0.309514331210191,0,25,None,66,1,5,False,1000,1000
1121,16,betCent,10,0.2749800955414013,0,25,None,66,1,5,False,1000,1000
1122,17,betCent,10,0.2966759554140127,0,25,None,66,1,5,False,1000,1000
1123,18,betCent,10,0.3166799363057325,0,25,None,66,1,5,False,1000,1000
1124,19,betCent,10,0.3283240445859872,0,25,None,66,1,5,False,1000,1000
1125,15,betCent,10,0.3107085987261146,0,9,None,66,1,5,False,1000,1000
1126,16,betCent,10,0.2775676751592357,0,9,None,66,1,5,False,1000,1000
1127,17,betCent,10,0.2701035031847134,0,9,None,66,1,5,False,1000,1000
1128,18,betCent,10,0.3265326433121019,0,9,None,66,1,5,False,1000,1000
1129,19,betCent,10,0.3541998407643312,0,9,None,66,1,5,False,1000,1000
1130,15,betCent,10,0.3567874203821656,0,29,None,66,1,5,False,1000,1000
1131,16,betCent,10,0.366640127388535,0,29,None,66,1,5,False,1000,1000
1132,17,betCent,10,0.3735071656050955,0,29,None,66,1,5,False,1000,1000
1133,18,betCent,10,0.3764928343949044,0,29,None,66,1,5,False,1000,1000
1134,19,betCent,10,0.3749004777070063,0,29,None,66,1,5,False,1000,1000
1135,15,betCent,10,0.3730095541401274,0,6,None,66,1,5,False,1000,1000
1136,16,betCent,10,0.351015127388535,0,6,None,66,1,5,False,1000,1000
1137,17,betCent,10,0.325139331210191,0,6,None,66,1,5,False,1000,1000
1138,18,betCent,10,0.3030453821656051,0,6,None,66,1,5,False,1000,1000
1139,19,betCent,10,0.2846337579617834,0,6,None,66,1,5,False,1000,1000
1140,15,betCent,10,0.3690286624203822,0,27,None,66,1,5,False,1000,1000
1141,16,betCent,10,0.3781847133757962,0,27,None,66,1,5,False,1000,1000
1142,17,betCent,10,0.3838574840764331,0,27,None,66,1,5,False,1000,1000
1143,18,betCent,10,0.395203025477707,0,27,None,66,1,5,False,1000,1000
1144,19,betCent,10,0.414609872611465,0,27,None,66,1,5,False,1000,1000
1145,15,betCent,10,0.3330015923566879,0,0,None,66,1,5,False,1000,1000
1146,16,betCent,10,0.3232484076433121,0,0,None,66,1,5,False,1000,1000
1147,17,betCent,10,0.3495222929936306,0,0,None,66,1,5,False,1000,1000
1148,18,betCent,10,0.4042595541401274,0,0,None,66,1,5,False,1000,1000
1149,19,betCent,10,0.4594944267515923,0,0,None,66,1,5,False,1000,1000
1150,15,betCent,10,0.2934912420382166,0,30,None,66,1,5,False,1000,1000
1151,16,betCent,10,0.297671178343949,0,30,None,66,1,5,False,1000,1000
1152,17,betCent,10,0.301453025477707,0,30,None,66,1,5,False,1000,1000
1153,18,betCent,10,0.3083200636942675,0,30,None,66,1,5,False,1000,1000
1154,19,betCent,10,0.3133957006369426,0,30,None,66,1,5,False,1000,1000
1155,20,betCent,10,0.3951035031847134,0,31,None,66,1,5,False,1000,1000
1156,21,betCent,10,0.392515923566879,0,31,None,66,1,5,False,1000,1000
1157,22,betCent,10,0.404359076433121,0,31,None,66,1,5,False,1000,1000
1158,23,betCent,10,0.4286425159235669,0,31,None,66,1,5,False,1000,1000
1159,24,betCent,10,0.4684514331210191,0,31,None,66,1,5,False,1000,1000
1160,20,betCent,10,0.3932125796178344,0,15,None,66,1,5,False,1000,1000
1161,21,betCent,10,0.3968949044585987,0,15,None,66,1,5,False,1000,1000
1162,22,betCent,10,0.4046576433121019,0,15,None,66,1,5,False,1000,1000
1163,23,betCent,10,0.4131170382165605,0,15,None,66,1,5,False,1000,1000
1164,24,betCent,10,0.4197850318471338,0,15,None,66,1,5,False,1000,1000
1165,20,betCent,10,0.3962977707006369,0,11,None,66,1,5,False,1000,1000
1166,21,betCent,10,0.3862460191082802,0,11,None,66,1,5,False,1000,1000
1167,22,betCent,10,0.3908240445859872,0,11,None,66,1,5,False,1000,1000
1168,23,betCent,10,0.3962977707006369,0,11,None,66,1,5,False,1000,1000
1169,24,betCent,10,0.4015724522292994,0,11,None,66,1,5,False,1000,1000
1170,20,betCent,10,0.4106289808917197,0,20,None,66,1,5,False,1000,1000
1171,21,betCent,10,0.43640525477707,0,20,None,66,1,5,False,1000,1000
1172,22,betCent,10,0.4674562101910828,0,20,None,66,1,5,False,1000,1000
1173,23,betCent,10,0.4865644904458598,0,20,None,66,1,5,False,1000,1000
1174,24,betCent,10,0.4987062101910828,0,20,None,66,1,5,False,1000,1000
1175,20,betCent,10,0.3889331210191082,0,10,None,66,1,5,False,1000,1000
1176,21,betCent,10,0.4073447452229299,0,10,None,66,1,5,False,1000,1000
1177,22,betCent,10,0.4288415605095541,0,10,None,66,1,5,False,1000,1000
1178,23,betCent,10,0.4500398089171974,0,10,None,66,1,5,False,1000,1000
1179,24,betCent,10,0.4669585987261146,0,10,None,66,1,5,False,1000,1000
1180,20,betCent,10,0.2730891719745223,0,22,None,66,1,5,False,1000,1000
1181,21,betCent,10,0.2751791401273885,0,22,None,66,1,5,False,1000,1000
1182,22,betCent,10,0.2808519108280254,0,22,None,66,1,5,False,1000,1000
1183,23,betCent,10,0.3516122611464968,0,22,None,66,1,5,False,1000,1000
1184,24,betCent,10,0.3865445859872611,0,22,None,66,1,5,False,1000,1000
1185,20,betCent,10,0.2800557324840764,0,32,None,66,1,5,False,1000,1000
1186,21,betCent,10,0.2818471337579618,0,32,None,66,1,5,False,1000,1000
1187,22,betCent,10,0.3256369426751592,0,32,None,66,1,5,False,1000,1000
1188,23,betCent,10,0.375,0,32,None,66,1,5,False,1000,1000
1189,24,betCent,10,0.3958001592356688,0,32,None,66,1,5,False,1000,1000
1190,20,betCent,10,0.3824641719745223,0,16,None,66,1,5,False,1000,1000
1191,21,betCent,10,0.3999800955414013,0,16,None,66,1,5,False,1000,1000
1192,22,betCent,10,0.404359076433121,0,16,None,66,1,5,False,1000,1000
1193,23,betCent,10,0.4091361464968153,0,16,None,66,1,5,False,1000,1000
1194,24,betCent,10,0.4282444267515923,0,16,None,66,1,5,False,1000,1000
1195,20,betCent,10,0.4052547770700637,0,18,None,66,1,5,False,1000,1000
1196,21,betCent,10,0.4137141719745223,0,18,None,66,1,5,False,1000,1000
1197,22,betCent,10,0.4181926751592357,0,18,None,66,1,5,False,1000,1000
1198,23,betCent,10,0.4205812101910828,0,18,None,66,1,5,False,1000,1000
1199,24,betCent,10,0.4242635350318471,0,18,None,66,1,5,False,1000,1000
1200,20,betCent,10,0.434514331210191,0,25,None,66,1,5,False,1000,1000
1201,21,betCent,10,0.3431528662420382,0,25,None,66,1,5,False,1000,1000
1202,22,betCent,10,0.3495222929936306,0,25,None,66,1,5,False,1000,1000
1203,23,betCent,10,0.375,0,25,None,66,1,5,False,1000,1000
1204,24,betCent,10,0.4231687898089172,0,25,None,66,1,5,False,1000,1000
1205,20,betCent,10,0.3787818471337579,0,19,None,66,1,5,False,1000,1000
1206,21,betCent,10,0.3832603503184713,0,19,None,66,1,5,False,1000,1000
1207,22,betCent,10,0.3897292993630573,0,19,None,66,1,5,False,1000,1000
1208,23,betCent,10,0.3992834394904458,0,19,None,66,1,5,False,1000,1000
1209,24,betCent,10,0.4103304140127388,0,19,None,66,1,5,False,1000,1000
1210,20,betCent,10,0.4396894904458598,0,17,None,66,1,5,False,1000,1000
1211,21,betCent,10,0.4503383757961783,0,17,None,66,1,5,False,1000,1000
1212,22,betCent,10,0.4569068471337579,0,17,None,66,1,5,False,1000,1000
1213,23,betCent,10,0.4698447452229299,0,17,None,66,1,5,False,1000,1000
1214,24,betCent,10,0.4884554140127388,0,17,None,66,1,5,False,1000,1000
1215,20,betCent,10,0.3749004777070063,0,24,None,66,1,5,False,1000,1000
1216,21,betCent,10,0.418889331210191,0,24,None,66,1,5,False,1000,1000
1217,22,betCent,10,0.4432722929936306,0,24,None,66,1,5,False,1000,1000
1218,23,betCent,10,0.4408837579617834,0,24,None,66,1,5,False,1000,1000
1219,24,betCent,10,0.448546974522293,0,24,None,66,1,5,False,1000,1000
1220,20,betCent,10,0.3830613057324841,0,6,None,66,1,5,False,1000,1000
1221,21,betCent,10,0.3734076433121019,0,6,None,66,1,5,False,1000,1000
1222,22,betCent,10,0.3669386942675159,0,6,None,66,1,5,False,1000,1000
1223,23,betCent,10,0.3613654458598726,0,6,None,66,1,5,False,1000,1000
1224,24,betCent,10,0.3588773885350318,0,6,None,66,1,5,False,1000,1000
1225,20,betCent,10,0.408140923566879,0,7,None,66,1,5,False,1000,1000
1226,21,betCent,10,0.4102308917197452,0,7,None,66,1,5,False,1000,1000
1227,22,betCent,10,0.4177945859872611,0,7,None,66,1,5,False,1000,1000
1228,23,betCent,10,0.4235668789808917,0,7,None,66,1,5,False,1000,1000
1229,24,betCent,10,0.4324243630573248,0,7,None,66,1,5,False,1000,1000
1230,20,betCent,10,0.4268511146496815,0,12,None,66,1,5,False,1000,1000
1231,21,betCent,10,0.4278463375796178,0,12,None,66,1,5,False,1000,1000
1232,22,betCent,10,0.4457603503184713,0,12,None,66,1,5,False,1000,1000
1233,23,betCent,10,0.4594944267515923,0,12,None,66,1,5,False,1000,1000
1234,24,betCent,10,0.474124203821656,0,12,None,66,1,5,False,1000,1000
1235,20,betCent,10,0.3062300955414013,0,14,None,66,1,5,False,1000,1000
1236,21,betCent,10,0.3116042993630573,0,14,None,66,1,5,False,1000,1000
1237,22,betCent,10,0.2848328025477707,0,14,None,66,1,5,False,1000,1000
1238,23,betCent,10,0.291202229299363,0,14,None,66,1,5,False,1000,1000
1239,24,betCent,10,0.298765923566879,0,14,None,66,1,5,False,1000,1000
1240,20,betCent,10,0.3659434713375796,0,26,None,66,1,5,False,1000,1000
1241,21,betCent,10,0.3632563694267516,0,26,None,66,1,5,False,1000,1000
1242,22,betCent,10,0.3613654458598726,0,26,None,66,1,5,False,1000,1000
1243,23,betCent,10,0.3576831210191082,0,26,None,66,1,5,False,1000,1000
1244,24,betCent,10,0.3584792993630573,0,26,None,66,1,5,False,1000,1000
1245,20,betCent,10,0.3766918789808917,0,30,None,66,1,5,False,1000,1000
1246,21,betCent,10,0.3762937898089172,0,30,None,66,1,5,False,1000,1000
1247,22,betCent,10,0.3848527070063694,0,30,None,66,1,5,False,1000,1000
1248,23,betCent,10,0.4214769108280254,0,30,None,66,1,5,False,1000,1000
1249,24,betCent,10,0.4596934713375796,0,30,None,66,1,5,False,1000,1000
1250,20,betCent,10,0.3798765923566879,0,1,None,66,1,5,False,1000,1000
1251,21,betCent,10,0.3815684713375796,0,1,None,66,1,5,False,1000,1000
1252,22,betCent,10,0.390625,0,1,None,66,1,5,False,1000,1000
1253,23,betCent,10,0.397890127388535,0,1,None,66,1,5,False,1000,1000
1254,24,betCent,10,0.408937101910828,0,1,None,66,1,5,False,1000,1000
1255,20,betCent,10,0.3807722929936306,0,2,None,66,1,5,False,1000,1000
1256,21,betCent,10,0.4289410828025478,0,2,None,66,1,5,False,1000,1000
1257,22,betCent,10,0.4664609872611465,0,2,None,66,1,5,False,1000,1000
1258,23,betCent,10,0.4854697452229299,0,2,None,66,1,5,False,1000,1000
1259,24,betCent,10,0.4880573248407643,0,2,None,66,1,5,False,1000,1000
1260,20,betCent,10,0.4149084394904458,0,0,None,66,1,5,False,1000,1000
1261,21,betCent,10,0.3957006369426751,0,0,None,66,1,5,False,1000,1000
1262,22,betCent,10,0.3937101910828025,0,0,None,66,1,5,False,1000,1000
1263,23,betCent,10,0.3992834394904458,0,0,None,66,1,5,False,1000,1000
1264,24,betCent,10,0.4106289808917197,0,0,None,66,1,5,False,1000,1000
1265,20,betCent,10,0.4327229299363057,0,4,None,66,1,5,False,1000,1000
1266,21,betCent,10,0.3930135350318471,0,4,None,66,1,5,False,1000,1000
1267,22,betCent,10,0.3852507961783439,0,4,None,66,1,5,False,1000,1000
1268,23,betCent,10,0.4030652866242038,0,4,None,66,1,5,False,1000,1000
1269,24,betCent,10,0.4266520700636942,0,4,None,66,1,5,False,1000,1000
1270,20,betCent,10,0.3929140127388535,0,5,None,66,1,5,False,1000,1000
1271,21,betCent,10,0.3911226114649681,0,5,None,66,1,5,False,1000,1000
1272,22,betCent,10,0.3960987261146497,0,5,None,66,1,5,False,1000,1000
1273,23,betCent,10,0.4054538216560509,0,5,None,66,1,5,False,1000,1000
1274,24,betCent,10,0.4173964968152866,0,5,None,66,1,5,False,1000,1000
1275,20,betCent,10,0.4139132165605095,0,8,None,66,1,5,False,1000,1000
1276,21,betCent,10,0.412718949044586,0,8,None,66,1,5,False,1000,1000
1277,22,betCent,10,0.418093152866242,0,8,None,66,1,5,False,1000,1000
1278,23,betCent,10,0.4184912420382166,0,8,None,66,1,5,False,1000,1000
1279,24,betCent,10,0.4246616242038216,0,8,None,66,1,5,False,1000,1000
1280,20,betCent,10,0.4010748407643312,0,3,None,66,1,5,False,1000,1000
1281,21,betCent,10,0.4111265923566879,0,3,None,66,1,5,False,1000,1000
1282,22,betCent,10,0.4242635350318471,0,3,None,66,1,5,False,1000,1000
1283,23,betCent,10,0.442874203821656,0,3,None,66,1,5,False,1000,1000
1284,24,betCent,10,0.4635748407643312,0,3,None,66,1,5,False,1000,1000
1285,20,betCent,10,0.4491441082802547,0,13,None,66,1,5,False,1000,1000
1286,21,betCent,10,0.4269506369426751,0,13,None,66,1,5,False,1000,1000
1287,22,betCent,10,0.4543192675159235,0,13,None,66,1,5,False,1000,1000
1288,23,betCent,10,0.4900477707006369,0,13,None,66,1,5,False,1000,1000
1289,24,betCent,10,0.505672770700637,0,13,None,66,1,5,False,1000,1000
1290,20,betCent,10,0.379578025477707,0,9,None,66,1,5,False,1000,1000
1291,21,betCent,10,0.3777866242038216,0,9,None,66,1,5,False,1000,1000
1292,22,betCent,10,0.3858479299363057,0,9,None,66,1,5,False,1000,1000
1293,23,betCent,10,0.403264331210191,0,9,None,66,1,5,False,1000,1000
1294,24,betCent,10,0.4128184713375796,0,9,None,66,1,5,False,1000,1000
1295,20,betCent,10,0.4082404458598726,0,23,None,66,1,5,False,1000,1000
1296,21,betCent,10,0.4013734076433121,0,23,None,66,1,5,False,1000,1000
1297,22,betCent,10,0.4085390127388535,0,23,None,66,1,5,False,1000,1000
1298,23,betCent,10,0.4164012738853503,0,23,None,66,1,5,False,1000,1000
1299,24,betCent,10,0.4279458598726114,0,23,None,66,1,5,False,1000,1000
1300,20,betCent,10,0.3797770700636942,0,21,None,66,1,5,False,1000,1000
1301,21,betCent,10,0.3869426751592357,0,21,None,66,1,5,False,1000,1000
1302,22,betCent,10,0.4133160828025478,0,21,None,66,1,5,False,1000,1000
1303,23,betCent,10,0.4324243630573248,0,21,None,66,1,5,False,1000,1000
1304,24,betCent,10,0.4479498407643312,0,21,None,66,1,5,False,1000,1000
1305,20,betCent,10,0.4013734076433121,0,27,None,66,1,5,False,1000,1000
1306,21,betCent,10,0.4294386942675159,0,27,None,66,1,5,False,1000,1000
1307,22,betCent,10,0.4157046178343949,0,27,None,66,1,5,False,1000,1000
1308,23,betCent,10,0.440187101910828,0,27,None,66,1,5,False,1000,1000
1309,24,betCent,10,0.4740246815286624,0,27,None,66,1,5,False,1000,1000
1310,20,betCent,10,0.4133160828025478,0,28,None,66,1,5,False,1000,1000
1311,21,betCent,10,0.4436703821656051,0,28,None,66,1,5,False,1000,1000
1312,22,betCent,10,0.4918391719745223,0,28,None,66,1,5,False,1000,1000
1313,23,betCent,10,0.4986066878980891,0,28,None,66,1,5,False,1000,1000
1314,24,betCent,10,0.4909434713375796,0,28,None,66,1,5,False,1000,1000
1315,20,betCent,10,0.4210788216560509,0,29,None,66,1,5,False,1000,1000
1316,21,betCent,10,0.4067476114649681,0,29,None,66,1,5,False,1000,1000
1317,22,betCent,10,0.4009753184713376,0,29,None,66,1,5,False,1000,1000
1318,23,betCent,10,0.4049562101910828,0,29,None,66,1,5,False,1000,1000
1319,24,betCent,10,0.4130175159235669,0,29,None,66,1,5,False,1000,1000
1431,21,betCent,10,0.3931130573248407,0,4,None,66,1,5,False,1000,1000
1470,25,betCent,10,0.4193869426751592,0,26,None,66,1,5,False,1000,1000
1471,26,betCent,10,0.4297372611464968,0,26,None,66,1,5,False,1000,1000
1472,27,betCent,10,0.4513335987261146,0,26,None,66,1,5,False,1000,1000
1473,28,betCent,10,0.4680533439490446,0,26,None,66,1,5,False,1000,1000
1474,29,betCent,10,0.4846735668789809,0,26,None,66,1,5,False,1000,1000
1490,25,betCent,10,0.4163017515923566,0,14,None,66,1,5,False,1000,1000
1491,26,betCent,10,0.4235668789808917,0,14,None,66,1,5,False,1000,1000
1492,27,betCent,10,0.4305334394904458,0,14,None,66,1,5,False,1000,1000
1493,28,betCent,10,0.4378980891719745,0,14,None,66,1,5,False,1000,1000
1494,29,betCent,10,0.4427746815286624,0,14,None,66,1,5,False,1000,1000
1495,25,betCent,10,0.4811902866242038,0,25,None,66,1,5,False,1000,1000
1496,26,betCent,10,0.4998009554140127,0,25,None,66,1,5,False,1000,1000
1497,27,betCent,10,0.5153264331210191,0,25,None,66,1,5,False,1000,1000
1498,28,betCent,10,0.5261743630573248,0,25,None,66,1,5,False,1000,1000
1499,29,betCent,10,0.5334394904458599,0,25,None,66,1,5,False,1000,1000
1500,25,betCent,10,0.4812898089171974,0,7,None,66,1,5,False,1000,1000
1501,26,betCent,10,0.4959195859872611,0,7,None,66,1,5,False,1000,1000
1502,27,betCent,10,0.5048765923566879,0,7,None,66,1,5,False,1000,1000
1503,28,betCent,10,0.51453025477707,0,7,None,66,1,5,False,1000,1000
1504,29,betCent,10,0.5226910828025477,0,7,None,66,1,5,False,1000,1000
1505,25,betCent,10,0.4355095541401274,0,11,None,66,1,5,False,1000,1000
1506,26,betCent,10,0.4424761146496815,0,11,None,66,1,5,False,1000,1000
1507,27,betCent,10,0.4434713375796178,0,11,None,66,1,5,False,1000,1000
1508,28,betCent,10,0.4559116242038216,0,11,None,66,1,5,False,1000,1000
1509,29,betCent,10,0.465764331210191,0,11,None,66,1,5,False,1000,1000
1510,25,betCent,10,0.4440684713375796,0,15,None,66,1,5,False,1000,1000
1511,26,betCent,10,0.4511345541401274,0,15,None,66,1,5,False,1000,1000
1512,27,betCent,10,0.457703025477707,0,15,None,66,1,5,False,1000,1000
1513,28,betCent,10,0.4652667197452229,0,15,None,66,1,5,False,1000,1000
1514,29,betCent,10,0.4763136942675159,0,15,None,66,1,5,False,1000,1000
1515,25,betCent,10,0.5264729299363057,0,17,None,66,1,5,False,1000,1000
1516,26,betCent,10,0.5405055732484076,0,17,None,66,1,5,False,1000,1000
1517,27,betCent,10,0.5553343949044586,0,17,None,66,1,5,False,1000,1000
1518,28,betCent,10,0.5680732484076433,0,17,None,66,1,5,False,1000,1000
1519,29,betCent,10,0.5796178343949044,0,17,None,66,1,5,False,1000,1000
1520,25,betCent,10,0.4975119426751592,0,10,None,66,1,5,False,1000,1000
1521,26,betCent,10,0.5095541401273885,0,10,None,66,1,5,False,1000,1000
1522,27,betCent,10,0.521297770700637,0,10,None,66,1,5,False,1000,1000
1523,28,betCent,10,0.5287619426751592,0,10,None,66,1,5,False,1000,1000
1524,29,betCent,10,0.535828025477707,0,10,None,66,1,5,False,1000,1000
1525,25,betCent,10,0.4045581210191082,0,6,None,66,1,5,False,1000,1000
1526,26,betCent,10,0.4039609872611465,0,6,None,66,1,5,False,1000,1000
1527,27,betCent,10,0.4084394904458598,0,6,None,66,1,5,False,1000,1000
1528,28,betCent,10,0.4141122611464968,0,6,None,66,1,5,False,1000,1000
1529,29,betCent,10,0.4227707006369426,0,6,None,66,1,5,False,1000,1000
1530,25,betCent,10,0.5097531847133758,0,20,None,66,1,5,False,1000,1000
1531,26,betCent,10,0.5242834394904459,0,20,None,66,1,5,False,1000,1000
1532,27,betCent,10,0.5294585987261147,0,20,None,66,1,5,False,1000,1000
1533,28,betCent,10,0.5342356687898089,0,20,None,66,1,5,False,1000,1000
1534,29,betCent,10,0.5368232484076433,0,20,None,66,1,5,False,1000,1000
1535,25,betCent,10,0.4169984076433121,0,32,None,66,1,5,False,1000,1000
1536,26,betCent,10,0.4380971337579618,0,32,None,66,1,5,False,1000,1000
1537,27,betCent,10,0.4522292993630573,0,32,None,66,1,5,False,1000,1000
1538,28,betCent,10,0.4628781847133758,0,32,None,66,1,5,False,1000,1000
1539,29,betCent,10,0.4713375796178344,0,32,None,66,1,5,False,1000,1000
1540,25,betCent,10,0.409733280254777,0,22,None,66,1,5,False,1000,1000
1541,26,betCent,10,0.4158041401273885,0,22,None,66,1,5,False,1000,1000
1542,27,betCent,10,0.4223726114649681,0,22,None,66,1,5,False,1000,1000
1543,28,betCent,10,0.4250597133757962,0,22,None,66,1,5,False,1000,1000
1544,29,betCent,10,0.4324243630573248,0,22,None,66,1,5,False,1000,1000
1545,25,betCent,10,0.4841759554140127,0,12,None,66,1,5,False,1000,1000
1546,26,betCent,10,0.4977109872611465,0,12,None,66,1,5,False,1000,1000
1547,27,betCent,10,0.512937898089172,0,12,None,66,1,5,False,1000,1000
1548,28,betCent,10,0.5310509554140127,0,12,None,66,1,5,False,1000,1000
1549,29,betCent,10,0.54796974522293,0,12,None,66,1,5,False,1000,1000
1550,25,betCent,10,0.4871616242038216,0,16,None,66,1,5,False,1000,1000
1551,26,betCent,10,0.5133359872611465,0,16,None,66,1,5,False,1000,1000
1552,27,betCent,10,0.5173168789808917,0,16,None,66,1,5,False,1000,1000
1553,28,betCent,10,0.5201035031847133,0,16,None,66,1,5,False,1000,1000
1554,29,betCent,10,0.5231886942675159,0,16,None,66,1,5,False,1000,1000
1555,25,betCent,10,0.4535230891719745,0,18,None,66,1,5,False,1000,1000
1556,26,betCent,10,0.464968152866242,0,18,None,66,1,5,False,1000,1000
1557,27,betCent,10,0.4753184713375796,0,18,None,66,1,5,False,1000,1000
1558,28,betCent,10,0.4831807324840764,0,18,None,66,1,5,False,1000,1000
1559,29,betCent,10,0.4931329617834395,0,18,None,66,1,5,False,1000,1000
1560,25,betCent,10,0.4266520700636942,0,19,None,66,1,5,False,1000,1000
1561,26,betCent,10,0.4468550955414013,0,19,None,66,1,5,False,1000,1000
1562,27,betCent,10,0.4673566878980891,0,19,None,66,1,5,False,1000,1000
1563,28,betCent,10,0.4820859872611465,0,19,None,66,1,5,False,1000,1000
1564,29,betCent,10,0.4914410828025478,0,19,None,66,1,5,False,1000,1000
1565,25,betCent,10,0.4533240445859872,0,24,None,66,1,5,False,1000,1000
1566,26,betCent,10,0.480593152866242,0,24,None,66,1,5,False,1000,1000
1567,27,betCent,10,0.5135350318471338,0,24,None,66,1,5,False,1000,1000
1568,28,betCent,10,0.538515127388535,0,24,None,66,1,5,False,1000,1000
1569,29,betCent,10,0.5580214968152867,0,24,None,66,1,5,False,1000,1000
1570,25,betCent,10,0.4629777070063694,0,30,None,66,1,5,False,1000,1000
1571,26,betCent,10,0.4821855095541401,0,30,None,66,1,5,False,1000,1000
1572,27,betCent,10,0.4942277070063694,0,30,None,66,1,5,False,1000,1000
1573,28,betCent,10,0.5003980891719745,0,30,None,66,1,5,False,1000,1000
1574,29,betCent,10,0.5085589171974523,0,30,None,66,1,5,False,1000,1000
1575,25,betCent,10,0.471437101910828,0,31,None,66,1,5,False,1000,1000
1576,26,betCent,10,0.494327229299363,0,31,None,66,1,5,False,1000,1000
1577,27,betCent,10,0.5125398089171974,0,31,None,66,1,5,False,1000,1000
1578,28,betCent,10,0.5259753184713376,0,31,None,66,1,5,False,1000,1000
1579,29,betCent,10,0.5353304140127388,0,31,None,66,1,5,False,1000,1000
1580,25,betCent,10,0.4106289808917197,0,1,None,66,1,5,False,1000,1000
1581,26,betCent,10,0.4206807324840764,0,1,None,66,1,5,False,1000,1000
1582,27,betCent,10,0.4319267515923566,0,1,None,66,1,5,False,1000,1000
1583,28,betCent,10,0.4440684713375796,0,1,None,66,1,5,False,1000,1000
1584,29,betCent,10,0.4568073248407643,0,1,None,66,1,5,False,1000,1000
1585,25,betCent,10,0.4400875796178344,0,0,None,66,1,5,False,1000,1000
1586,26,betCent,10,0.4529259554140127,0,0,None,66,1,5,False,1000,1000
1587,27,betCent,10,0.458499203821656,0,0,None,66,1,5,False,1000,1000
1588,28,betCent,10,0.4639729299363057,0,0,None,66,1,5,False,1000,1000
1589,29,betCent,10,0.4718351910828025,0,0,None,66,1,5,False,1000,1000
1590,25,betCent,10,0.4893511146496815,0,2,None,66,1,5,False,1000,1000
1591,26,betCent,10,0.4921377388535032,0,2,None,66,1,5,False,1000,1000
1592,27,betCent,10,0.495421974522293,0,2,None,66,1,5,False,1000,1000
1593,28,betCent,10,0.4998009554140127,0,2,None,66,1,5,False,1000,1000
1594,29,betCent,10,0.5032842356687898,0,2,None,66,1,5,False,1000,1000
1595,25,betCent,10,0.4697452229299363,0,4,None,66,1,5,False,1000,1000
1596,26,betCent,10,0.4745222929936306,0,4,None,66,1,5,False,1000,1000
1597,27,betCent,10,0.478702229299363,0,4,None,66,1,5,False,1000,1000
1598,28,betCent,10,0.4834792993630573,0,4,None,66,1,5,False,1000,1000
1599,29,betCent,10,0.4895501592356688,0,4,None,66,1,5,False,1000,1000
1600,25,betCent,10,0.4583996815286624,0,3,None,66,1,5,False,1000,1000
1601,26,betCent,10,0.4827826433121019,0,3,None,66,1,5,False,1000,1000
1602,27,betCent,10,0.504578025477707,0,3,None,66,1,5,False,1000,1000
1603,28,betCent,10,0.5243829617834395,0,3,None,66,1,5,False,1000,1000
1604,29,betCent,10,0.5417993630573248,0,3,None,66,1,5,False,1000,1000
1605,25,betCent,10,0.4717356687898089,0,5,None,66,1,5,False,1000,1000
1606,26,betCent,10,0.4884554140127388,0,5,None,66,1,5,False,1000,1000
1607,27,betCent,10,0.5030851910828026,0,5,None,66,1,5,False,1000,1000
1608,28,betCent,10,0.5166202229299363,0,5,None,66,1,5,False,1000,1000
1609,29,betCent,10,0.5265724522292994,0,5,None,66,1,5,False,1000,1000
1610,25,betCent,10,0.4601910828025478,0,8,None,66,1,5,False,1000,1000
1611,26,betCent,10,0.4692476114649681,0,8,None,66,1,5,False,1000,1000
1612,27,betCent,10,0.4759156050955414,0,8,None,66,1,5,False,1000,1000
1613,28,betCent,10,0.4859673566878981,0,8,None,66,1,5,False,1000,1000
1614,29,betCent,10,0.493531050955414,0,8,None,66,1,5,False,1000,1000
1615,25,betCent,10,0.5169187898089171,0,13,None,66,1,5,False,1000,1000
1616,26,betCent,10,0.5204020700636943,0,13,None,66,1,5,False,1000,1000
1617,27,betCent,10,0.5230891719745223,0,13,None,66,1,5,False,1000,1000
1618,28,betCent,10,0.5260748407643312,0,13,None,66,1,5,False,1000,1000
1619,29,betCent,10,0.5314490445859873,0,13,None,66,1,5,False,1000,1000
1620,25,betCent,10,0.4452627388535032,0,9,None,66,1,5,False,1000,1000
1621,26,betCent,10,0.4648686305732484,0,9,None,66,1,5,False,1000,1000
1622,27,betCent,10,0.4842754777070063,0,9,None,66,1,5,False,1000,1000
1623,28,betCent,10,0.5058718152866242,0,9,None,66,1,5,False,1000,1000
1624,29,betCent,10,0.5259753184713376,0,9,None,66,1,5,False,1000,1000
1625,25,betCent,10,0.446656050955414,0,21,None,66,1,5,False,1000,1000
1626,26,betCent,10,0.4670581210191082,0,21,None,66,1,5,False,1000,1000
1627,27,betCent,10,0.4881568471337579,0,21,None,66,1,5,False,1000,1000
1628,28,betCent,10,0.5120421974522293,0,21,None,66,1,5,False,1000,1000
1629,29,betCent,10,0.5311504777070064,0,21,None,66,1,5,False,1000,1000
1630,25,betCent,10,0.427249203821656,0,23,None,66,1,5,False,1000,1000
1631,26,betCent,10,0.4398885350318471,0,23,None,66,1,5,False,1000,1000
1632,27,betCent,10,0.459593949044586,0,23,None,66,1,5,False,1000,1000
1633,28,betCent,10,0.4859673566878981,0,23,None,66,1,5,False,1000,1000
1634,29,betCent,10,0.5084593949044586,0,23,None,66,1,5,False,1000,1000
1635,25,betCent,10,0.5332404458598726,0,27,None,66,1,5,False,1000,1000
1636,26,betCent,10,0.5452826433121019,0,27,None,66,1,5,False,1000,1000
1637,27,betCent,10,0.5459792993630573,0,27,None,66,1,5,False,1000,1000
1638,28,betCent,10,0.5473726114649682,0,27,None,66,1,5,False,1000,1000
1639,29,betCent,10,0.5478702229299363,0,27,None,66,1,5,False,1000,1000
1640,25,betCent,10,0.4809912420382166,0,28,None,66,1,5,False,1000,1000
1641,26,betCent,10,0.4690485668789809,0,28,None,66,1,5,False,1000,1000
1642,27,betCent,10,0.4661624203821656,0,28,None,66,1,5,False,1000,1000
1643,28,betCent,10,0.46765525477707,0,28,None,66,1,5,False,1000,1000
1644,29,betCent,10,0.4713375796178344,0,28,None,66,1,5,False,1000,1000
1645,25,betCent,10,0.4671576433121019,0,29,None,66,1,5,False,1000,1000
1646,26,betCent,10,0.4775079617834395,0,29,None,66,1,5,False,1000,1000
1647,27,betCent,10,0.4866640127388535,0,29,None,66,1,5,False,1000,1000
1648,28,betCent,10,0.4946257961783439,0,29,None,66,1,5,False,1000,1000
1649,29,betCent,10,0.5012937898089171,0,29,None,66,1,5,False,1000,1000
1980,30,betCent,10,0.4661624203821656,0,1,None,66,1,5,False,1000,1000
1981,31,betCent,10,0.4800955414012738,0,1,None,66,1,5,False,1000,1000
1982,32,betCent,10,0.4934315286624204,0,1,None,66,1,5,False,1000,1000
1983,33,betCent,10,0.505672770700637,0,1,None,66,1,5,False,1000,1000
1984,34,betCent,10,0.5189092356687898,0,1,None,66,1,5,False,1000,1000
1985,30,betCent,10,0.5578224522292994,0,13,None,66,1,5,False,1000,1000
1986,31,betCent,10,0.5640923566878981,0,13,None,66,1,5,False,1000,1000
1987,32,betCent,10,0.5711584394904459,0,13,None,66,1,5,False,1000,1000
1988,33,betCent,10,0.5803144904458599,0,13,None,66,1,5,False,1000,1000
1989,34,betCent,10,0.5811106687898089,0,13,None,66,1,5,False,1000,1000
1990,30,betCent,10,0.543093152866242,0,16,None,66,1,5,False,1000,1000
1991,31,betCent,10,0.5464769108280255,0,16,None,66,1,5,False,1000,1000
1992,32,betCent,10,0.552547770700637,0,16,None,66,1,5,False,1000,1000
1993,33,betCent,10,0.5577229299363057,0,16,None,66,1,5,False,1000,1000
1994,34,betCent,10,0.5641918789808917,0,16,None,66,1,5,False,1000,1000
1995,30,betCent,10,0.5240843949044586,0,8,None,66,1,5,False,1000,1000
1996,31,betCent,10,0.5294585987261147,0,8,None,66,1,5,False,1000,1000
1997,32,betCent,10,0.5328423566878981,0,8,None,66,1,5,False,1000,1000
1998,33,betCent,10,0.5388136942675159,0,8,None,66,1,5,False,1000,1000
1999,34,betCent,10,0.5414012738853503,0,8,None,66,1,5,False,1000,1000
2000,30,betCent,10,0.5088574840764332,0,19,None,66,1,5,False,1000,1000
2001,31,betCent,10,0.5162221337579618,0,19,None,66,1,5,False,1000,1000
2002,32,betCent,10,0.5245820063694268,0,19,None,66,1,5,False,1000,1000
2003,33,betCent,10,0.5315485668789809,0,19,None,66,1,5,False,1000,1000
2004,34,betCent,10,0.5380175159235668,0,19,None,66,1,5,False,1000,1000
2005,30,betCent,10,0.5186106687898089,0,23,None,66,1,5,False,1000,1000
2006,31,betCent,10,0.5347332802547771,0,23,None,66,1,5,False,1000,1000
2007,32,betCent,10,0.5483678343949044,0,23,None,66,1,5,False,1000,1000
2008,33,betCent,10,0.5582205414012739,0,23,None,66,1,5,False,1000,1000
2009,34,betCent,10,0.5675756369426752,0,23,None,66,1,5,False,1000,1000
2010,30,betCent,10,0.5400079617834395,0,21,None,66,1,5,False,1000,1000
2011,31,betCent,10,0.5594148089171974,0,21,None,66,1,5,False,1000,1000
2012,32,betCent,10,0.5722531847133758,0,21,None,66,1,5,False,1000,1000
2013,33,betCent,10,0.5780254777070064,0,21,None,66,1,5,False,1000,1000
2014,34,betCent,10,0.5833001592356688,0,21,None,66,1,5,False,1000,1000
2015,30,betCent,10,0.5418988853503185,0,25,None,66,1,5,False,1000,1000
2016,31,betCent,10,0.5477707006369427,0,25,None,66,1,5,False,1000,1000
2017,32,betCent,10,0.5535429936305732,0,25,None,66,1,5,False,1000,1000
2018,33,betCent,10,0.559812898089172,0,25,None,66,1,5,False,1000,1000
2019,34,betCent,10,0.5647890127388535,0,25,None,66,1,5,False,1000,1000
2020,30,betCent,10,0.4997014331210191,0,26,None,66,1,5,False,1000,1000
2021,31,betCent,10,0.5124402866242038,0,26,None,66,1,5,False,1000,1000
2022,32,betCent,10,0.5265724522292994,0,26,None,66,1,5,False,1000,1000
2023,33,betCent,10,0.5345342356687898,0,26,None,66,1,5,False,1000,1000
2024,34,betCent,10,0.5447850318471338,0,26,None,66,1,5,False,1000,1000
2025,30,betCent,10,0.5576234076433121,0,24,None,66,1,5,False,1000,1000
2026,31,betCent,10,0.5758359872611465,0,24,None,66,1,5,False,1000,1000
2027,32,betCent,10,0.5896695859872612,0,24,None,66,1,5,False,1000,1000
2028,33,betCent,10,0.5988256369426752,0,24,None,66,1,5,False,1000,1000
2029,34,betCent,10,0.6041998407643312,0,24,None,66,1,5,False,1000,1000
2030,30,betCent,10,0.5451831210191083,0,29,None,66,1,5,False,1000,1000
2031,31,betCent,10,0.5491640127388535,0,29,None,66,1,5,False,1000,1000
2032,32,betCent,10,0.551453025477707,0,29,None,66,1,5,False,1000,1000
2033,33,betCent,10,0.5547372611464968,0,29,None,66,1,5,False,1000,1000
2034,34,betCent,10,0.5588176751592356,0,29,None,66,1,5,False,1000,1000
2035,30,betCent,10,0.523984872611465,0,30,None,66,1,5,False,1000,1000
2036,31,betCent,10,0.5287619426751592,0,30,None,66,1,5,False,1000,1000
2037,32,betCent,10,0.5307523885350318,0,30,None,66,1,5,False,1000,1000
2038,33,betCent,10,0.5324442675159236,0,30,None,66,1,5,False,1000,1000
2039,34,betCent,10,0.5380175159235668,0,30,None,66,1,5,False,1000,1000
2040,30,betCent,10,0.5378184713375797,0,31,None,66,1,5,False,1000,1000
2041,31,betCent,10,0.5463773885350318,0,31,None,66,1,5,False,1000,1000
2042,32,betCent,10,0.5570262738853503,0,31,None,66,1,5,False,1000,1000
2043,33,betCent,10,0.5680732484076433,0,31,None,66,1,5,False,1000,1000
2044,34,betCent,10,0.5768312101910829,0,31,None,66,1,5,False,1000,1000
2045,30,betCent,10,0.5661823248407644,0,27,None,66,1,5,False,1000,1000
2046,31,betCent,10,0.5678742038216561,0,27,None,66,1,5,False,1000,1000
2047,32,betCent,10,0.570859872611465,0,27,None,66,1,5,False,1000,1000
2048,33,betCent,10,0.5734474522292994,0,27,None,66,1,5,False,1000,1000
2049,34,betCent,10,0.5761345541401274,0,27,None,66,1,5,False,1000,1000
2050,30,betCent,10,0.4863654458598726,0,32,None,66,1,5,False,1000,1000
2051,31,betCent,10,0.4936305732484076,0,32,None,66,1,5,False,1000,1000
2052,32,betCent,10,0.5082603503184714,0,32,None,66,1,5,False,1000,1000
2053,33,betCent,10,0.526671974522293,0,32,None,66,1,5,False,1000,1000
2054,34,betCent,10,0.546875,0,32,None,66,1,5,False,1000,1000
2055,30,betCent,10,0.4481488853503185,0,14,None,66,1,5,False,1000,1000
2056,31,betCent,10,0.453125,0,14,None,66,1,5,False,1000,1000
2057,32,betCent,10,0.4596934713375796,0,14,None,66,1,5,False,1000,1000
2058,33,betCent,10,0.4666600318471338,0,14,None,66,1,5,False,1000,1000
2059,34,betCent,10,0.4726313694267516,0,14,None,66,1,5,False,1000,1000
2060,30,betCent,10,0.5009952229299363,0,6,None,66,1,5,False,1000,1000
2061,31,betCent,10,0.5112460191082803,0,6,None,66,1,5,False,1000,1000
2062,32,betCent,10,0.5197054140127388,0,6,None,66,1,5,False,1000,1000
2063,33,betCent,10,0.5260748407643312,0,6,None,66,1,5,False,1000,1000
2064,34,betCent,10,0.53125,0,6,None,66,1,5,False,1000,1000
2065,30,betCent,10,0.4682523885350318,0,22,None,66,1,5,False,1000,1000
2066,31,betCent,10,0.4835788216560509,0,22,None,66,1,5,False,1000,1000
2067,32,betCent,10,0.4996019108280254,0,22,None,66,1,5,False,1000,1000
2068,33,betCent,10,0.5135350318471338,0,22,None,66,1,5,False,1000,1000
2069,34,betCent,10,0.5267714968152867,0,22,None,66,1,5,False,1000,1000
2070,30,betCent,10,0.5184116242038217,0,2,None,66,1,5,False,1000,1000
2071,31,betCent,10,0.5218949044585988,0,2,None,66,1,5,False,1000,1000
2072,32,betCent,10,0.5264729299363057,0,2,None,66,1,5,False,1000,1000
2073,33,betCent,10,0.5319466560509554,0,2,None,66,1,5,False,1000,1000
2074,34,betCent,10,0.5375199044585988,0,2,None,66,1,5,False,1000,1000
2075,30,betCent,10,0.4857683121019108,0,0,None,66,1,5,False,1000,1000
2076,31,betCent,10,0.490843949044586,0,0,None,66,1,5,False,1000,1000
2077,32,betCent,10,0.4955214968152866,0,0,None,66,1,5,False,1000,1000
2078,33,betCent,10,0.4991042993630573,0,0,None,66,1,5,False,1000,1000
2079,34,betCent,10,0.5027866242038217,0,0,None,66,1,5,False,1000,1000
2080,30,betCent,10,0.5440883757961783,0,3,None,66,1,5,False,1000,1000
2081,31,betCent,10,0.5642914012738853,0,3,None,66,1,5,False,1000,1000
2082,32,betCent,10,0.5801154458598726,0,3,None,66,1,5,False,1000,1000
2083,33,betCent,10,0.5935509554140127,0,3,None,66,1,5,False,1000,1000
2084,34,betCent,10,0.6049960191082803,0,3,None,66,1,5,False,1000,1000
2085,30,betCent,10,0.5256767515923567,0,4,None,66,1,5,False,1000,1000
2086,31,betCent,10,0.5316480891719745,0,4,None,66,1,5,False,1000,1000
2087,32,betCent,10,0.5376194267515924,0,4,None,66,1,5,False,1000,1000
2088,33,betCent,10,0.5432921974522293,0,4,None,66,1,5,False,1000,1000
2089,34,betCent,10,0.54796974522293,0,4,None,66,1,5,False,1000,1000
2090,30,betCent,10,0.5563296178343949,0,5,None,66,1,5,False,1000,1000
2091,31,betCent,10,0.5624004777070064,0,5,None,66,1,5,False,1000,1000
2092,32,betCent,10,0.568172770700637,0,5,None,66,1,5,False,1000,1000
2093,33,betCent,10,0.5736464968152867,0,5,None,66,1,5,False,1000,1000
2094,34,betCent,10,0.5778264331210191,0,5,None,66,1,5,False,1000,1000
2095,30,betCent,10,0.5443869426751592,0,7,None,66,1,5,False,1000,1000
2096,31,betCent,10,0.5496616242038217,0,7,None,66,1,5,False,1000,1000
2097,32,betCent,10,0.5543391719745223,0,7,None,66,1,5,False,1000,1000
2098,33,betCent,10,0.5582205414012739,0,7,None,66,1,5,False,1000,1000
2099,34,betCent,10,0.5627985668789809,0,7,None,66,1,5,False,1000,1000
2100,30,betCent,10,0.5520501592356688,0,9,None,66,1,5,False,1000,1000
2101,31,betCent,10,0.5629976114649682,0,9,None,66,1,5,False,1000,1000
2102,32,betCent,10,0.5702627388535032,0,9,None,66,1,5,False,1000,1000
2103,33,betCent,10,0.5772292993630573,0,9,None,66,1,5,False,1000,1000
2104,34,betCent,10,0.5824044585987261,0,9,None,66,1,5,False,1000,1000
2105,30,betCent,10,0.554140127388535,0,10,None,66,1,5,False,1000,1000
2106,31,betCent,10,0.5592157643312102,0,10,None,66,1,5,False,1000,1000
2107,32,betCent,10,0.5636942675159236,0,10,None,66,1,5,False,1000,1000
2108,33,betCent,10,0.5688694267515924,0,10,None,66,1,5,False,1000,1000
2109,34,betCent,10,0.5728503184713376,0,10,None,66,1,5,False,1000,1000
2110,30,betCent,10,0.4911425159235669,0,11,None,66,1,5,False,1000,1000
2111,31,betCent,10,0.4988057324840764,0,11,None,66,1,5,False,1000,1000
2112,32,betCent,10,0.5077627388535032,0,11,None,66,1,5,False,1000,1000
2113,33,betCent,10,0.51453025477707,0,11,None,66,1,5,False,1000,1000
2114,34,betCent,10,0.5221934713375797,0,11,None,66,1,5,False,1000,1000
2115,30,betCent,10,0.567078025477707,0,12,None,66,1,5,False,1000,1000
2116,31,betCent,10,0.5790207006369427,0,12,None,66,1,5,False,1000,1000
2117,32,betCent,10,0.5897691082802548,0,12,None,66,1,5,False,1000,1000
2118,33,betCent,10,0.5961385350318471,0,12,None,66,1,5,False,1000,1000
2119,34,betCent,10,0.602109872611465,0,12,None,66,1,5,False,1000,1000
2120,30,betCent,10,0.5223925159235668,0,15,None,66,1,5,False,1000,1000
2121,31,betCent,10,0.5289609872611465,0,15,None,66,1,5,False,1000,1000
2122,32,betCent,10,0.5376194267515924,0,15,None,66,1,5,False,1000,1000
2123,33,betCent,10,0.5442874203821656,0,15,None,66,1,5,False,1000,1000
2124,34,betCent,10,0.5515525477707006,0,15,None,66,1,5,False,1000,1000
2125,30,betCent,10,0.5883757961783439,0,17,None,66,1,5,False,1000,1000
2126,31,betCent,10,0.5950437898089171,0,17,None,66,1,5,False,1000,1000
2127,32,betCent,10,0.598328025477707,0,17,None,66,1,5,False,1000,1000
2128,33,betCent,10,0.6026074840764332,0,17,None,66,1,5,False,1000,1000
2129,34,betCent,10,0.6061902866242038,0,17,None,66,1,5,False,1000,1000
2130,30,betCent,10,0.5307523885350318,0,18,None,66,1,5,False,1000,1000
2131,31,betCent,10,0.5373208598726115,0,18,None,66,1,5,False,1000,1000
2132,32,betCent,10,0.5418988853503185,0,18,None,66,1,5,False,1000,1000
2133,33,betCent,10,0.5496616242038217,0,18,None,66,1,5,False,1000,1000
2134,34,betCent,10,0.5534434713375797,0,18,None,66,1,5,False,1000,1000
2135,30,betCent,10,0.5500597133757962,0,20,None,66,1,5,False,1000,1000
2136,31,betCent,10,0.5523487261146497,0,20,None,66,1,5,False,1000,1000
2137,32,betCent,10,0.5566281847133758,0,20,None,66,1,5,False,1000,1000
2138,33,betCent,10,0.5604100318471338,0,20,None,66,1,5,False,1000,1000
2139,34,betCent,10,0.5646894904458599,0,20,None,66,1,5,False,1000,1000
2140,30,betCent,10,0.4782046178343949,0,28,None,66,1,5,False,1000,1000
2141,31,betCent,10,0.4867635350318471,0,28,None,66,1,5,False,1000,1000
2142,32,betCent,10,0.4931329617834395,0,28,None,66,1,5,False,1000,1000
2143,33,betCent,10,0.4996019108280254,0,28,None,66,1,5,False,1000,1000
2144,34,betCent,10,0.5055732484076433,0,28,None,66,1,5,False,1000,1000
2145,35,betCent,10,0.5306528662420382,0,1,None,66,1,5,False,1000,1000
2146,36,betCent,10,0.5508558917197452,0,1,None,66,1,5,False,1000,1000
2147,37,betCent,10,0.5702627388535032,0,1,None,66,1,5,False,1000,1000
2148,38,betCent,10,0.5857882165605095,0,1,None,66,1,5,False,1000,1000
2149,39,betCent,10,0.5949442675159236,0,1,None,66,1,5,False,1000,1000
2150,35,betCent,10,0.5764331210191083,0,2,None,66,1,5,False,1000,1000
2151,36,betCent,10,0.5815087579617835,0,2,None,66,1,5,False,1000,1000
2152,37,betCent,10,0.585390127388535,0,2,None,66,1,5,False,1000,1000
2153,38,betCent,10,0.5892714968152867,0,2,None,66,1,5,False,1000,1000
2154,39,betCent,10,0.59265525477707,0,2,None,66,1,5,False,1000,1000
2155,35,betCent,10,0.5608081210191083,0,23,None,66,1,5,False,1000,1000
2156,36,betCent,10,0.5682722929936306,0,23,None,66,1,5,False,1000,1000
2157,37,betCent,10,0.5759355095541401,0,23,None,66,1,5,False,1000,1000
2158,38,betCent,10,0.5790207006369427,0,23,None,66,1,5,False,1000,1000
2159,39,betCent,10,0.5830015923566879,0,23,None,66,1,5,False,1000,1000
2160,35,betCent,10,0.5107484076433121,0,28,None,66,1,5,False,1000,1000
2161,36,betCent,10,0.5162221337579618,0,28,None,66,1,5,False,1000,1000
2162,37,betCent,10,0.5233877388535032,0,28,None,66,1,5,False,1000,1000
2163,38,betCent,10,0.5300557324840764,0,28,None,66,1,5,False,1000,1000
2164,39,betCent,10,0.5356289808917197,0,28,None,66,1,5,False,1000,1000
2165,35,betCent,10,0.5946457006369427,0,13,None,66,1,5,False,1000,1000
2166,36,betCent,10,0.5992237261146497,0,13,None,66,1,5,False,1000,1000
2167,37,betCent,10,0.6036027070063694,0,13,None,66,1,5,False,1000,1000
2168,38,betCent,10,0.6094745222929936,0,13,None,66,1,5,False,1000,1000
2169,39,betCent,10,0.6160429936305732,0,13,None,66,1,5,False,1000,1000
2170,35,betCent,10,0.5699641719745223,0,15,None,66,1,5,False,1000,1000
2171,36,betCent,10,0.5771297770700637,0,15,None,66,1,5,False,1000,1000
2172,37,betCent,10,0.5835987261146497,0,15,None,66,1,5,False,1000,1000
2173,38,betCent,10,0.5904657643312102,0,15,None,66,1,5,False,1000,1000
2174,39,betCent,10,0.5996218152866242,0,15,None,66,1,5,False,1000,1000
2175,35,betCent,10,0.578125,0,10,None,66,1,5,False,1000,1000
2176,36,betCent,10,0.5829020700636943,0,10,None,66,1,5,False,1000,1000
2177,37,betCent,10,0.586484872611465,0,10,None,66,1,5,False,1000,1000
2178,38,betCent,10,0.5913614649681529,0,10,None,66,1,5,False,1000,1000
2179,39,betCent,10,0.5943471337579618,0,10,None,66,1,5,False,1000,1000
2180,35,betCent,10,0.533140923566879,0,11,None,66,1,5,False,1000,1000
2181,36,betCent,10,0.5418988853503185,0,11,None,66,1,5,False,1000,1000
2182,37,betCent,10,0.5461783439490446,0,11,None,66,1,5,False,1000,1000
2183,38,betCent,10,0.5512539808917197,0,11,None,66,1,5,False,1000,1000
2184,39,betCent,10,0.5565286624203821,0,11,None,66,1,5,False,1000,1000
2185,35,betCent,10,0.5729498407643312,0,20,None,66,1,5,False,1000,1000
2186,36,betCent,10,0.5750398089171974,0,20,None,66,1,5,False,1000,1000
2187,37,betCent,10,0.5779259554140127,0,20,None,66,1,5,False,1000,1000
2188,38,betCent,10,0.5796178343949044,0,20,None,66,1,5,False,1000,1000
2189,39,betCent,10,0.5828025477707006,0,20,None,66,1,5,False,1000,1000
2190,35,betCent,10,0.5840963375796179,0,32,None,66,1,5,False,1000,1000
2191,36,betCent,10,0.5978304140127388,0,32,None,66,1,5,False,1000,1000
2192,37,betCent,10,0.6068869426751592,0,32,None,66,1,5,False,1000,1000
2193,38,betCent,10,0.6162420382165605,0,32,None,66,1,5,False,1000,1000
2194,39,betCent,10,0.6219148089171974,0,32,None,66,1,5,False,1000,1000
2195,35,betCent,10,0.5474721337579618,0,22,None,66,1,5,False,1000,1000
2196,36,betCent,10,0.5544386942675159,0,22,None,66,1,5,False,1000,1000
2197,37,betCent,10,0.5610071656050956,0,22,None,66,1,5,False,1000,1000
2198,38,betCent,10,0.5679737261146497,0,22,None,66,1,5,False,1000,1000
2199,39,betCent,10,0.5774283439490446,0,22,None,66,1,5,False,1000,1000
2200,35,betCent,10,0.6068869426751592,0,17,None,66,1,5,False,1000,1000
2201,36,betCent,10,0.6130573248407644,0,17,None,66,1,5,False,1000,1000
2202,37,betCent,10,0.6174363057324841,0,17,None,66,1,5,False,1000,1000
2203,38,betCent,10,0.6221138535031847,0,17,None,66,1,5,False,1000,1000
2204,39,betCent,10,0.6265923566878981,0,17,None,66,1,5,False,1000,1000
2205,35,betCent,10,0.6049960191082803,0,24,None,66,1,5,False,1000,1000
2206,36,betCent,10,0.6108678343949044,0,24,None,66,1,5,False,1000,1000
2207,37,betCent,10,0.6197253184713376,0,24,None,66,1,5,False,1000,1000
2208,38,betCent,10,0.6290804140127388,0,24,None,66,1,5,False,1000,1000
2209,39,betCent,10,0.6354498407643312,0,24,None,66,1,5,False,1000,1000
2210,35,betCent,10,0.5870820063694268,0,21,None,66,1,5,False,1000,1000
2211,36,betCent,10,0.5927547770700637,0,21,None,66,1,5,False,1000,1000
2212,37,betCent,10,0.5979299363057324,0,21,None,66,1,5,False,1000,1000
2213,38,betCent,10,0.6080812101910829,0,21,None,66,1,5,False,1000,1000
2214,39,betCent,10,0.6190286624203821,0,21,None,66,1,5,False,1000,1000
2215,35,betCent,10,0.5861863057324841,0,27,None,66,1,5,False,1000,1000
2216,36,betCent,10,0.5883757961783439,0,27,None,66,1,5,False,1000,1000
2217,37,betCent,10,0.5894705414012739,0,27,None,66,1,5,False,1000,1000
2218,38,betCent,10,0.5903662420382165,0,27,None,66,1,5,False,1000,1000
2219,39,betCent,10,0.5921576433121019,0,27,None,66,1,5,False,1000,1000
2220,35,betCent,10,0.5791202229299363,0,16,None,66,1,5,False,1000,1000
2221,36,betCent,10,0.5846934713375797,0,16,None,66,1,5,False,1000,1000
2222,37,betCent,10,0.5903662420382165,0,16,None,66,1,5,False,1000,1000
2223,38,betCent,10,0.5971337579617835,0,16,None,66,1,5,False,1000,1000
2224,39,betCent,10,0.6022093949044586,0,16,None,66,1,5,False,1000,1000
2225,35,betCent,10,0.5878781847133758,0,9,None,66,1,5,False,1000,1000
2226,36,betCent,10,0.5911624203821656,0,9,None,66,1,5,False,1000,1000
2227,37,betCent,10,0.5991242038216561,0,9,None,66,1,5,False,1000,1000
2228,38,betCent,10,0.604796974522293,0,9,None,66,1,5,False,1000,1000
2229,39,betCent,10,0.6097730891719745,0,9,None,66,1,5,False,1000,1000
2230,35,betCent,10,0.5147292993630573,0,0,None,66,1,5,False,1000,1000
2231,36,betCent,10,0.5238853503184714,0,0,None,66,1,5,False,1000,1000
2232,37,betCent,10,0.5353304140127388,0,0,None,66,1,5,False,1000,1000
2233,38,betCent,10,0.5462778662420382,0,0,None,66,1,5,False,1000,1000
2234,39,betCent,10,0.5581210191082803,0,0,None,66,1,5,False,1000,1000
2235,35,betCent,10,0.5775278662420382,0,25,None,66,1,5,False,1000,1000
2236,36,betCent,10,0.5832006369426752,0,25,None,66,1,5,False,1000,1000
2237,37,betCent,10,0.5885748407643312,0,25,None,66,1,5,False,1000,1000
2238,38,betCent,10,0.5943471337579618,0,25,None,66,1,5,False,1000,1000
2239,39,betCent,10,0.6005175159235668,0,25,None,66,1,5,False,1000,1000
2240,35,betCent,10,0.574343152866242,0,29,None,66,1,5,False,1000,1000
2241,36,betCent,10,0.5782245222929936,0,29,None,66,1,5,False,1000,1000
2242,37,betCent,10,0.5816082802547771,0,29,None,66,1,5,False,1000,1000
2243,38,betCent,10,0.5839968152866242,0,29,None,66,1,5,False,1000,1000
2244,39,betCent,10,0.5869824840764332,0,29,None,66,1,5,False,1000,1000
2245,35,betCent,10,0.5425955414012739,0,8,None,66,1,5,False,1000,1000
2246,36,betCent,10,0.5461783439490446,0,8,None,66,1,5,False,1000,1000
2247,37,betCent,10,0.5498606687898089,0,8,None,66,1,5,False,1000,1000
2248,38,betCent,10,0.5538415605095541,0,8,None,66,1,5,False,1000,1000
2249,39,betCent,10,0.5588176751592356,0,8,None,66,1,5,False,1000,1000
2250,35,betCent,10,0.6046974522292994,0,3,None,66,1,5,False,1000,1000
2251,36,betCent,10,0.6173367834394905,0,3,None,66,1,5,False,1000,1000
2252,37,betCent,10,0.6303742038216561,0,3,None,66,1,5,False,1000,1000
2253,38,betCent,10,0.6380374203821656,0,3,None,66,1,5,False,1000,1000
2254,39,betCent,10,0.6413216560509554,0,3,None,66,1,5,False,1000,1000
2255,35,betCent,10,0.5421974522292994,0,19,None,66,1,5,False,1000,1000
2256,36,betCent,10,0.5475716560509554,0,19,None,66,1,5,False,1000,1000
2257,37,betCent,10,0.5548367834394905,0,19,None,66,1,5,False,1000,1000
2258,38,betCent,10,0.5599124203821656,0,19,None,66,1,5,False,1000,1000
2259,39,betCent,10,0.5661823248407644,0,19,None,66,1,5,False,1000,1000
2260,35,betCent,10,0.5648885350318471,0,18,None,66,1,5,False,1000,1000
2261,36,betCent,10,0.5700636942675159,0,18,None,66,1,5,False,1000,1000
2262,37,betCent,10,0.5738455414012739,0,18,None,66,1,5,False,1000,1000
2263,38,betCent,10,0.5785230891719745,0,18,None,66,1,5,False,1000,1000
2264,39,betCent,10,0.5826035031847133,0,18,None,66,1,5,False,1000,1000
2265,35,betCent,10,0.570859872611465,0,31,None,66,1,5,False,1000,1000
2266,36,betCent,10,0.57921974522293,0,31,None,66,1,5,False,1000,1000
2267,37,betCent,10,0.5881767515923567,0,31,None,66,1,5,False,1000,1000
2268,38,betCent,10,0.5971337579617835,0,31,None,66,1,5,False,1000,1000
2269,39,betCent,10,0.6041003184713376,0,31,None,66,1,5,False,1000,1000
2270,35,betCent,10,0.5959394904458599,0,5,None,66,1,5,False,1000,1000
2271,36,betCent,10,0.5998208598726115,0,5,None,66,1,5,False,1000,1000
2272,37,betCent,10,0.6057921974522293,0,5,None,66,1,5,False,1000,1000
2273,38,betCent,10,0.6098726114649682,0,5,None,66,1,5,False,1000,1000
2274,39,betCent,10,0.6138535031847133,0,5,None,66,1,5,False,1000,1000
2275,35,betCent,10,0.5630971337579618,0,4,None,66,1,5,False,1000,1000
2276,36,betCent,10,0.5682722929936306,0,4,None,66,1,5,False,1000,1000
2277,37,betCent,10,0.5714570063694268,0,4,None,66,1,5,False,1000,1000
2278,38,betCent,10,0.5760350318471338,0,4,None,66,1,5,False,1000,1000
2279,39,betCent,10,0.5788216560509554,0,4,None,66,1,5,False,1000,1000
2280,35,betCent,10,0.5595143312101911,0,6,None,66,1,5,False,1000,1000
2281,36,betCent,10,0.5631966560509554,0,6,None,66,1,5,False,1000,1000
2282,37,betCent,10,0.5664808917197452,0,6,None,66,1,5,False,1000,1000
2283,38,betCent,10,0.5688694267515924,0,6,None,66,1,5,False,1000,1000
2284,39,betCent,10,0.5707603503184714,0,6,None,66,1,5,False,1000,1000
2285,35,betCent,10,0.5750398089171974,0,7,None,66,1,5,False,1000,1000
2286,36,betCent,10,0.5776273885350318,0,7,None,66,1,5,False,1000,1000
2287,37,betCent,10,0.5799164012738853,0,7,None,66,1,5,False,1000,1000
2288,38,betCent,10,0.5825039808917197,0,7,None,66,1,5,False,1000,1000
2289,39,betCent,10,0.5846934713375797,0,7,None,66,1,5,False,1000,1000
2290,35,betCent,10,0.6008160828025477,0,12,None,66,1,5,False,1000,1000
2291,36,betCent,10,0.6092754777070064,0,12,None,66,1,5,False,1000,1000
2292,37,betCent,10,0.6162420382165605,0,12,None,66,1,5,False,1000,1000
2293,38,betCent,10,0.6227109872611465,0,12,None,66,1,5,False,1000,1000
2294,39,betCent,10,0.6309713375796179,0,12,None,66,1,5,False,1000,1000
2295,35,betCent,10,0.5062699044585988,0,14,None,66,1,5,False,1000,1000
2296,36,betCent,10,0.5144307324840764,0,14,None,66,1,5,False,1000,1000
2297,37,betCent,10,0.5216958598726115,0,14,None,66,1,5,False,1000,1000
2298,38,betCent,10,0.5294585987261147,0,14,None,66,1,5,False,1000,1000
2299,39,betCent,10,0.5365246815286624,0,14,None,66,1,5,False,1000,1000
2300,35,betCent,10,0.5669785031847133,0,26,None,66,1,5,False,1000,1000
2301,36,betCent,10,0.5701632165605095,0,26,None,66,1,5,False,1000,1000
2302,37,betCent,10,0.5736464968152867,0,26,None,66,1,5,False,1000,1000
2303,38,betCent,10,0.5760350318471338,0,26,None,66,1,5,False,1000,1000
2304,39,betCent,10,0.57921974522293,0,26,None,66,1,5,False,1000,1000
2305,35,betCent,10,0.5464769108280255,0,30,None,66,1,5,False,1000,1000
2306,36,betCent,10,0.5501592356687898,0,30,None,66,1,5,False,1000,1000
2307,37,betCent,10,0.5570262738853503,0,30,None,66,1,5,False,1000,1000
2308,38,betCent,10,0.5618033439490446,0,30,None,66,1,5,False,1000,1000
2309,39,betCent,10,0.5665804140127388,0,30,None,66,1,5,False,1000,1000
2310,40,betCent,10,0.6192277070063694,0,21,None,66,1,5,False,1000,1000
2311,41,betCent,10,0.6283837579617835,0,21,None,66,1,5,False,1000,1000
2312,42,betCent,10,0.6367436305732485,0,21,None,66,1,5,False,1000,1000
2313,43,betCent,10,0.6421178343949044,0,21,None,66,1,5,False,1000,1000
2314,44,betCent,10,0.6477906050955414,0,21,None,66,1,5,False,1000,1000
2315,40,betCent,10,0.6031050955414012,0,1,None,66,1,5,False,1000,1000
2316,41,betCent,10,0.6106687898089171,0,1,None,66,1,5,False,1000,1000
2317,42,betCent,10,0.6153463375796179,0,1,None,66,1,5,False,1000,1000
2318,43,betCent,10,0.6171377388535032,0,1,None,66,1,5,False,1000,1000
2319,44,betCent,10,0.6202229299363057,0,1,None,66,1,5,False,1000,1000
2320,40,betCent,10,0.5399084394904459,0,28,None,66,1,5,False,1000,1000
2321,41,betCent,10,0.5451831210191083,0,28,None,66,1,5,False,1000,1000
2322,42,betCent,10,0.5493630573248408,0,28,None,66,1,5,False,1000,1000
2323,43,betCent,10,0.554140127388535,0,28,None,66,1,5,False,1000,1000
2324,44,betCent,10,0.5571257961783439,0,28,None,66,1,5,False,1000,1000
2325,40,betCent,10,0.6249004777070064,0,5,None,66,1,5,False,1000,1000
2326,41,betCent,10,0.627687101910828,0,5,None,66,1,5,False,1000,1000
2327,42,betCent,10,0.6292794585987261,0,5,None,66,1,5,False,1000,1000
2328,43,betCent,10,0.6325636942675159,0,5,None,66,1,5,False,1000,1000
2329,44,betCent,10,0.6343550955414012,0,5,None,66,1,5,False,1000,1000
2330,40,betCent,10,0.5957404458598726,0,20,None,66,1,5,False,1000,1000
2331,41,betCent,10,0.5984275477707006,0,20,None,66,1,5,False,1000,1000
2332,42,betCent,10,0.6000199044585988,0,20,None,66,1,5,False,1000,1000
2333,43,betCent,10,0.6017117834394905,0,20,None,66,1,5,False,1000,1000
2334,44,betCent,10,0.6041998407643312,0,20,None,66,1,5,False,1000,1000
2335,40,betCent,10,0.5987261146496815,0,18,None,66,1,5,False,1000,1000
2336,41,betCent,10,0.6016122611464968,0,18,None,66,1,5,False,1000,1000
2337,42,betCent,10,0.6044984076433121,0,18,None,66,1,5,False,1000,1000
2338,43,betCent,10,0.6076831210191083,0,18,None,66,1,5,False,1000,1000
2339,44,betCent,10,0.613156847133758,0,18,None,66,1,5,False,1000,1000
2340,40,betCent,10,0.568968949044586,0,19,None,66,1,5,False,1000,1000
2341,41,betCent,10,0.5728503184713376,0,19,None,66,1,5,False,1000,1000
2342,42,betCent,10,0.5773288216560509,0,19,None,66,1,5,False,1000,1000
2343,43,betCent,10,0.5831011146496815,0,19,None,66,1,5,False,1000,1000
2344,44,betCent,10,0.5885748407643312,0,19,None,66,1,5,False,1000,1000
2345,40,betCent,10,0.6237062101910829,0,15,None,66,1,5,False,1000,1000
2346,41,betCent,10,0.6273885350318471,0,15,None,66,1,5,False,1000,1000
2347,42,betCent,10,0.631468949044586,0,15,None,66,1,5,False,1000,1000
2348,43,betCent,10,0.6342555732484076,0,15,None,66,1,5,False,1000,1000
2349,44,betCent,10,0.6373407643312102,0,15,None,66,1,5,False,1000,1000
2350,40,betCent,10,0.5829020700636943,0,23,None,66,1,5,False,1000,1000
2351,41,betCent,10,0.5870820063694268,0,23,None,66,1,5,False,1000,1000
2352,42,betCent,10,0.5901671974522293,0,23,None,66,1,5,False,1000,1000
2353,43,betCent,10,0.5935509554140127,0,23,None,66,1,5,False,1000,1000
2354,44,betCent,10,0.597531847133758,0,23,None,66,1,5,False,1000,1000
2355,40,betCent,10,0.5991242038216561,0,22,None,66,1,5,False,1000,1000
2356,41,betCent,10,0.6103702229299363,0,22,None,66,1,5,False,1000,1000
2357,42,betCent,10,0.6179339171974523,0,22,None,66,1,5,False,1000,1000
2358,43,betCent,10,0.6238057324840764,0,22,None,66,1,5,False,1000,1000
2359,44,betCent,10,0.6278861464968153,0,22,None,66,1,5,False,1000,1000
2360,40,betCent,10,0.5962380573248408,0,26,None,66,1,5,False,1000,1000
2361,41,betCent,10,0.5990246815286624,0,26,None,66,1,5,False,1000,1000
2362,42,betCent,10,0.6027070063694268,0,26,None,66,1,5,False,1000,1000
2363,43,betCent,10,0.606687898089172,0,26,None,66,1,5,False,1000,1000
2364,44,betCent,10,0.6099721337579618,0,26,None,66,1,5,False,1000,1000
2365,40,betCent,10,0.5678742038216561,0,8,None,66,1,5,False,1000,1000
2366,41,betCent,10,0.5720541401273885,0,8,None,66,1,5,False,1000,1000
2367,42,betCent,10,0.5750398089171974,0,8,None,66,1,5,False,1000,1000
2368,43,betCent,10,0.5780254777070064,0,8,None,66,1,5,False,1000,1000
2369,44,betCent,10,0.5810111464968153,0,8,None,66,1,5,False,1000,1000
2370,40,betCent,10,0.6394307324840764,0,13,None,66,1,5,False,1000,1000
2371,41,betCent,10,0.6432125796178344,0,13,None,66,1,5,False,1000,1000
2372,42,betCent,10,0.6453025477707006,0,13,None,66,1,5,False,1000,1000
2373,43,betCent,10,0.6469944267515924,0,13,None,66,1,5,False,1000,1000
2374,44,betCent,10,0.6500796178343949,0,13,None,66,1,5,False,1000,1000
2375,40,betCent,10,0.6318670382165605,0,12,None,66,1,5,False,1000,1000
2376,41,betCent,10,0.6419187898089171,0,12,None,66,1,5,False,1000,1000
2377,42,betCent,10,0.6513734076433121,0,12,None,66,1,5,False,1000,1000
2378,43,betCent,10,0.6575437898089171,0,12,None,66,1,5,False,1000,1000
2379,44,betCent,10,0.6624203821656051,0,12,None,66,1,5,False,1000,1000
2380,40,betCent,10,0.6127587579617835,0,9,None,66,1,5,False,1000,1000
2381,41,betCent,10,0.615843949044586,0,9,None,66,1,5,False,1000,1000
2382,42,betCent,10,0.6200238853503185,0,9,None,66,1,5,False,1000,1000
2383,43,betCent,10,0.6226114649681529,0,9,None,66,1,5,False,1000,1000
2384,44,betCent,10,0.6263933121019108,0,9,None,66,1,5,False,1000,1000
2385,40,betCent,10,0.5626990445859873,0,14,None,66,1,5,False,1000,1000
2386,41,betCent,10,0.5684713375796179,0,14,None,66,1,5,False,1000,1000
2387,42,betCent,10,0.571656050955414,0,14,None,66,1,5,False,1000,1000
2388,43,betCent,10,0.5751393312101911,0,14,None,66,1,5,False,1000,1000
2389,44,betCent,10,0.5773288216560509,0,14,None,66,1,5,False,1000,1000
2390,40,betCent,10,0.6044984076433121,0,25,None,66,1,5,False,1000,1000
2391,41,betCent,10,0.6081807324840764,0,25,None,66,1,5,False,1000,1000
2392,42,betCent,10,0.6126592356687898,0,25,None,66,1,5,False,1000,1000
2393,43,betCent,10,0.615047770700637,0,25,None,66,1,5,False,1000,1000
2394,44,betCent,10,0.6184315286624203,0,25,None,66,1,5,False,1000,1000
2395,40,betCent,10,0.609375,0,29,None,66,1,5,False,1000,1000
2396,41,betCent,10,0.6117635350318471,0,29,None,66,1,5,False,1000,1000
2397,42,betCent,10,0.6143511146496815,0,29,None,66,1,5,False,1000,1000
2398,43,betCent,10,0.6174363057324841,0,29,None,66,1,5,False,1000,1000
2399,44,betCent,10,0.6215167197452229,0,29,None,66,1,5,False,1000,1000
2400,40,betCent,10,0.6418192675159236,0,24,None,66,1,5,False,1000,1000
2401,41,betCent,10,0.6460987261146497,0,24,None,66,1,5,False,1000,1000
2402,42,betCent,10,0.651671974522293,0,24,None,66,1,5,False,1000,1000
2403,43,betCent,10,0.6545581210191083,0,24,None,66,1,5,False,1000,1000
2404,44,betCent,10,0.6574442675159236,0,24,None,66,1,5,False,1000,1000
2405,40,betCent,10,0.6078821656050956,0,27,None,66,1,5,False,1000,1000
2406,41,betCent,10,0.6088773885350318,0,27,None,66,1,5,False,1000,1000
2407,42,betCent,10,0.6108678343949044,0,27,None,66,1,5,False,1000,1000
2408,43,betCent,10,0.6128582802547771,0,27,None,66,1,5,False,1000,1000
2409,44,betCent,10,0.6151472929936306,0,27,None,66,1,5,False,1000,1000
2410,40,betCent,10,0.5986265923566879,0,30,None,66,1,5,False,1000,1000
2411,41,betCent,10,0.6054936305732485,0,30,None,66,1,5,False,1000,1000
2412,42,betCent,10,0.61046974522293,0,30,None,66,1,5,False,1000,1000
2413,43,betCent,10,0.6178343949044586,0,30,None,66,1,5,False,1000,1000
2414,44,betCent,10,0.6222133757961783,0,30,None,66,1,5,False,1000,1000
2415,40,betCent,10,0.6092754777070064,0,31,None,66,1,5,False,1000,1000
2416,41,betCent,10,0.6151472929936306,0,31,None,66,1,5,False,1000,1000
2417,42,betCent,10,0.6229100318471338,0,31,None,66,1,5,False,1000,1000
2418,43,betCent,10,0.6272890127388535,0,31,None,66,1,5,False,1000,1000
2419,44,betCent,10,0.6301751592356688,0,31,None,66,1,5,False,1000,1000
2420,40,betCent,10,0.6061902866242038,0,2,None,66,1,5,False,1000,1000
2421,41,betCent,10,0.6083797770700637,0,2,None,66,1,5,False,1000,1000
2422,42,betCent,10,0.6108678343949044,0,2,None,66,1,5,False,1000,1000
2423,43,betCent,10,0.6126592356687898,0,2,None,66,1,5,False,1000,1000
2424,44,betCent,10,0.6136544585987261,0,2,None,66,1,5,False,1000,1000
2425,40,betCent,10,0.5728503184713376,0,0,None,66,1,5,False,1000,1000
2426,41,betCent,10,0.5791202229299363,0,0,None,66,1,5,False,1000,1000
2427,42,betCent,10,0.5844944267515924,0,0,None,66,1,5,False,1000,1000
2428,43,betCent,10,0.5894705414012739,0,0,None,66,1,5,False,1000,1000
2429,44,betCent,10,0.5945461783439491,0,0,None,66,1,5,False,1000,1000
2430,40,betCent,10,0.5748407643312102,0,11,None,66,1,5,False,1000,1000
2431,41,betCent,10,0.5767316878980892,0,11,None,66,1,5,False,1000,1000
2432,42,betCent,10,0.5790207006369427,0,11,None,66,1,5,False,1000,1000
2433,43,betCent,10,0.5803144904458599,0,11,None,66,1,5,False,1000,1000
2434,44,betCent,10,0.581906847133758,0,11,None,66,1,5,False,1000,1000
2435,40,betCent,10,0.6077826433121019,0,10,None,66,1,5,False,1000,1000
2436,41,betCent,10,0.6107683121019108,0,10,None,66,1,5,False,1000,1000
2437,42,betCent,10,0.6141520700636943,0,10,None,66,1,5,False,1000,1000
2438,43,betCent,10,0.6173367834394905,0,10,None,66,1,5,False,1000,1000
2439,44,betCent,10,0.6203224522292994,0,10,None,66,1,5,False,1000,1000
2440,40,betCent,10,0.6350517515923567,0,17,None,66,1,5,False,1000,1000
2441,41,betCent,10,0.6376393312101911,0,17,None,66,1,5,False,1000,1000
2442,42,betCent,10,0.6403264331210191,0,17,None,66,1,5,False,1000,1000
2443,43,betCent,10,0.6419187898089171,0,17,None,66,1,5,False,1000,1000
2444,44,betCent,10,0.6447054140127388,0,17,None,66,1,5,False,1000,1000
2445,40,betCent,10,0.5790207006369427,0,4,None,66,1,5,False,1000,1000
2446,41,betCent,10,0.581906847133758,0,4,None,66,1,5,False,1000,1000
2447,42,betCent,10,0.5835987261146497,0,4,None,66,1,5,False,1000,1000
2448,43,betCent,10,0.5851910828025477,0,4,None,66,1,5,False,1000,1000
2449,44,betCent,10,0.5877786624203821,0,4,None,66,1,5,False,1000,1000
2450,40,betCent,10,0.5859872611464968,0,6,None,66,1,5,False,1000,1000
2451,41,betCent,10,0.5873805732484076,0,6,None,66,1,5,False,1000,1000
2452,42,betCent,10,0.5889729299363057,0,6,None,66,1,5,False,1000,1000
2453,43,betCent,10,0.5901671974522293,0,6,None,66,1,5,False,1000,1000
2454,44,betCent,10,0.5916600318471338,0,6,None,66,1,5,False,1000,1000
2455,40,betCent,10,0.6435111464968153,0,3,None,66,1,5,False,1000,1000
2456,41,betCent,10,0.6480891719745223,0,3,None,66,1,5,False,1000,1000
2457,42,betCent,10,0.6518710191082803,0,3,None,66,1,5,False,1000,1000
2458,43,betCent,10,0.6561504777070064,0,3,None,66,1,5,False,1000,1000
2459,44,betCent,10,0.6580414012738853,0,3,None,66,1,5,False,1000,1000
2460,40,betCent,10,0.5963375796178344,0,7,None,66,1,5,False,1000,1000
2461,41,betCent,10,0.5980294585987261,0,7,None,66,1,5,False,1000,1000
2462,42,betCent,10,0.600218949044586,0,7,None,66,1,5,False,1000,1000
2463,43,betCent,10,0.6019108280254777,0,7,None,66,1,5,False,1000,1000
2464,44,betCent,10,0.6032046178343949,0,7,None,66,1,5,False,1000,1000
2465,40,betCent,10,0.6165406050955414,0,16,None,66,1,5,False,1000,1000
2466,41,betCent,10,0.6221138535031847,0,16,None,66,1,5,False,1000,1000
2467,42,betCent,10,0.6290804140127388,0,16,None,66,1,5,False,1000,1000
2468,43,betCent,10,0.6330613057324841,0,16,None,66,1,5,False,1000,1000
2469,44,betCent,10,0.636843152866242,0,16,None,66,1,5,False,1000,1000
2470,40,betCent,10,0.6366441082802548,0,32,None,66,1,5,False,1000,1000
2471,41,betCent,10,0.6435111464968153,0,32,None,66,1,5,False,1000,1000
2472,42,betCent,10,0.651671974522293,0,32,None,66,1,5,False,1000,1000
2473,43,betCent,10,0.6586385350318471,0,32,None,66,1,5,False,1000,1000
2474,44,betCent,10,0.6660031847133758,0,32,None,66,1,5,False,1000,1000
2475,45,betCent,10,0.622312898089172,0,1,None,66,1,5,False,1000,1000
2476,46,betCent,10,0.6232085987261147,0,1,None,66,1,5,False,1000,1000
2477,47,betCent,10,0.6243033439490446,0,1,None,66,1,5,False,1000,1000
2478,48,betCent,10,0.6259952229299363,0,1,None,66,1,5,False,1000,1000
2479,49,betCent,10,0.6278861464968153,0,1,None,66,1,5,False,1000,1000
2480,45,betCent,10,0.6262937898089171,0,27,None,66,1,5,False,1000,1000
2481,46,betCent,10,0.6282842356687898,0,27,None,66,1,5,False,1000,1000
2482,47,betCent,10,0.6300756369426752,0,27,None,66,1,5,False,1000,1000
2483,48,betCent,10,0.6326632165605095,0,27,None,66,1,5,False,1000,1000
2484,49,betCent,10,0.6334593949044586,0,27,None,66,1,5,False,1000,1000
2485,45,betCent,10,0.621218152866242,0,2,None,66,1,5,False,1000,1000
2486,46,betCent,10,0.6229100318471338,0,2,None,66,1,5,False,1000,1000
2487,47,betCent,10,0.6238057324840764,0,2,None,66,1,5,False,1000,1000
2488,48,betCent,10,0.6252985668789809,0,2,None,66,1,5,False,1000,1000
2489,49,betCent,10,0.6257961783439491,0,2,None,66,1,5,False,1000,1000
2490,45,betCent,10,0.5955414012738853,0,23,None,66,1,5,False,1000,1000
2491,46,betCent,10,0.5991242038216561,0,23,None,66,1,5,False,1000,1000
2492,47,betCent,10,0.6024084394904459,0,23,None,66,1,5,False,1000,1000
2493,48,betCent,10,0.6076831210191083,0,23,None,66,1,5,False,1000,1000
2494,49,betCent,10,0.61046974522293,0,23,None,66,1,5,False,1000,1000
2495,45,betCent,10,0.6338574840764332,0,22,None,66,1,5,False,1000,1000
2496,46,betCent,10,0.6371417197452229,0,22,None,66,1,5,False,1000,1000
2497,47,betCent,10,0.6398288216560509,0,22,None,66,1,5,False,1000,1000
2498,48,betCent,10,0.6423168789808917,0,22,None,66,1,5,False,1000,1000
2499,49,betCent,10,0.6448049363057324,0,22,None,66,1,5,False,1000,1000
2500,45,betCent,10,0.6274880573248408,0,9,None,66,1,5,False,1000,1000
2501,46,betCent,10,0.6334593949044586,0,9,None,66,1,5,False,1000,1000
2502,47,betCent,10,0.6375398089171974,0,9,None,66,1,5,False,1000,1000
2503,48,betCent,10,0.6420183121019108,0,9,None,66,1,5,False,1000,1000
2504,49,betCent,10,0.6476910828025477,0,9,None,66,1,5,False,1000,1000
2505,45,betCent,10,0.6303742038216561,0,29,None,66,1,5,False,1000,1000
2506,46,betCent,10,0.6331608280254777,0,29,None,66,1,5,False,1000,1000
2507,47,betCent,10,0.6353503184713376,0,29,None,66,1,5,False,1000,1000
2508,48,betCent,10,0.6372412420382165,0,29,None,66,1,5,False,1000,1000
2509,49,betCent,10,0.6378383757961783,0,29,None,66,1,5,False,1000,1000
2510,45,betCent,10,0.620421974522293,0,25,None,66,1,5,False,1000,1000
2511,46,betCent,10,0.6232085987261147,0,25,None,66,1,5,False,1000,1000
2512,47,betCent,10,0.6265923566878981,0,25,None,66,1,5,False,1000,1000
2513,48,betCent,10,0.6290804140127388,0,25,None,66,1,5,False,1000,1000
2514,49,betCent,10,0.6319665605095541,0,25,None,66,1,5,False,1000,1000
2515,45,betCent,10,0.6482882165605095,0,15,None,66,1,5,False,1000,1000
2516,46,betCent,10,0.6498805732484076,0,15,None,66,1,5,False,1000,1000
2517,47,betCent,10,0.6528662420382165,0,15,None,66,1,5,False,1000,1000
2518,48,betCent,10,0.6534633757961783,0,15,None,66,1,5,False,1000,1000
2519,49,betCent,10,0.6547571656050956,0,15,None,66,1,5,False,1000,1000
2520,45,betCent,10,0.6259952229299363,0,10,None,66,1,5,False,1000,1000
2521,46,betCent,10,0.6294785031847133,0,10,None,66,1,5,False,1000,1000
2522,47,betCent,10,0.6318670382165605,0,10,None,66,1,5,False,1000,1000
2523,48,betCent,10,0.6358479299363057,0,10,None,66,1,5,False,1000,1000
2524,49,betCent,10,0.6393312101910829,0,10,None,66,1,5,False,1000,1000
2525,45,betCent,10,0.5878781847133758,0,11,None,66,1,5,False,1000,1000
2526,46,betCent,10,0.589171974522293,0,11,None,66,1,5,False,1000,1000
2527,47,betCent,10,0.5900676751592356,0,11,None,66,1,5,False,1000,1000
2528,48,betCent,10,0.5907643312101911,0,11,None,66,1,5,False,1000,1000
2529,49,betCent,10,0.5921576433121019,0,11,None,66,1,5,False,1000,1000
2530,45,betCent,10,0.6491839171974523,0,17,None,66,1,5,False,1000,1000
2531,46,betCent,10,0.6512738853503185,0,17,None,66,1,5,False,1000,1000
2532,47,betCent,10,0.6536624203821656,0,17,None,66,1,5,False,1000,1000
2533,48,betCent,10,0.6564490445859873,0,17,None,66,1,5,False,1000,1000
2534,49,betCent,10,0.6587380573248408,0,17,None,66,1,5,False,1000,1000
2535,45,betCent,10,0.6305732484076433,0,31,None,66,1,5,False,1000,1000
2536,46,betCent,10,0.6339570063694268,0,31,None,66,1,5,False,1000,1000
2537,47,betCent,10,0.6373407643312102,0,31,None,66,1,5,False,1000,1000
2538,48,betCent,10,0.6403264331210191,0,31,None,66,1,5,False,1000,1000
2539,49,betCent,10,0.6441082802547771,0,31,None,66,1,5,False,1000,1000
2540,45,betCent,10,0.6111664012738853,0,20,None,66,1,5,False,1000,1000
2541,46,betCent,10,0.6123606687898089,0,20,None,66,1,5,False,1000,1000
2542,47,betCent,10,0.6135549363057324,0,20,None,66,1,5,False,1000,1000
2543,48,betCent,10,0.6148487261146497,0,20,None,66,1,5,False,1000,1000
2544,49,betCent,10,0.6159434713375797,0,20,None,66,1,5,False,1000,1000
2545,45,betCent,10,0.5549363057324841,0,28,None,66,1,5,False,1000,1000
2546,46,betCent,10,0.5607085987261147,0,28,None,66,1,5,False,1000,1000
2547,47,betCent,10,0.5647890127388535,0,28,None,66,1,5,False,1000,1000
2548,48,betCent,10,0.5663813694267515,0,28,None,66,1,5,False,1000,1000
2549,49,betCent,10,0.5680732484076433,0,28,None,66,1,5,False,1000,1000
2550,45,betCent,10,0.612062101910828,0,26,None,66,1,5,False,1000,1000
2551,46,betCent,10,0.6144506369426752,0,26,None,66,1,5,False,1000,1000
2552,47,betCent,10,0.617734872611465,0,26,None,66,1,5,False,1000,1000
2553,48,betCent,10,0.620421974522293,0,26,None,66,1,5,False,1000,1000
2554,49,betCent,10,0.6229100318471338,0,26,None,66,1,5,False,1000,1000
2555,45,betCent,10,0.5797173566878981,0,14,None,66,1,5,False,1000,1000
2556,46,betCent,10,0.581906847133758,0,14,None,66,1,5,False,1000,1000
2557,47,betCent,10,0.5836982484076433,0,14,None,66,1,5,False,1000,1000
2558,48,betCent,10,0.5851910828025477,0,14,None,66,1,5,False,1000,1000
2559,49,betCent,10,0.5865843949044586,0,14,None,66,1,5,False,1000,1000
2560,45,betCent,10,0.6278861464968153,0,30,None,66,1,5,False,1000,1000
2561,46,betCent,10,0.6340565286624203,0,30,None,66,1,5,False,1000,1000
2562,47,betCent,10,0.637937898089172,0,30,None,66,1,5,False,1000,1000
2563,48,betCent,10,0.6396297770700637,0,30,None,66,1,5,False,1000,1000
2564,49,betCent,10,0.6416202229299363,0,30,None,66,1,5,False,1000,1000
2565,45,betCent,10,0.5873805732484076,0,8,None,66,1,5,False,1000,1000
2566,46,betCent,10,0.5896695859872612,0,8,None,66,1,5,False,1000,1000
2567,47,betCent,10,0.5921576433121019,0,8,None,66,1,5,False,1000,1000
2568,48,betCent,10,0.5944466560509554,0,8,None,66,1,5,False,1000,1000
2569,49,betCent,10,0.5961385350318471,0,8,None,66,1,5,False,1000,1000
2570,45,betCent,10,0.5883757961783439,0,4,None,66,1,5,False,1000,1000
2571,46,betCent,10,0.59265525477707,0,4,None,66,1,5,False,1000,1000
2572,47,betCent,10,0.5959394904458599,0,4,None,66,1,5,False,1000,1000
2573,48,betCent,10,0.5985270700636943,0,4,None,66,1,5,False,1000,1000
2574,49,betCent,10,0.6008160828025477,0,4,None,66,1,5,False,1000,1000
2575,45,betCent,10,0.6358479299363057,0,18,None,66,1,5,False,1000,1000
2576,46,betCent,10,0.6407245222929936,0,18,None,66,1,5,False,1000,1000
2577,47,betCent,10,0.6453025477707006,0,18,None,66,1,5,False,1000,1000
2578,48,betCent,10,0.6495820063694268,0,18,None,66,1,5,False,1000,1000
2579,49,betCent,10,0.6530652866242038,0,18,None,66,1,5,False,1000,1000
2580,45,betCent,10,0.6538614649681529,0,13,None,66,1,5,False,1000,1000
2581,46,betCent,10,0.6570461783439491,0,13,None,66,1,5,False,1000,1000
2582,47,betCent,10,0.6576433121019108,0,13,None,66,1,5,False,1000,1000
2583,48,betCent,10,0.6584394904458599,0,13,None,66,1,5,False,1000,1000
2584,49,betCent,10,0.6601313694267515,0,13,None,66,1,5,False,1000,1000
2585,45,betCent,10,0.6669984076433121,0,12,None,66,1,5,False,1000,1000
2586,46,betCent,10,0.6740644904458599,0,12,None,66,1,5,False,1000,1000
2587,47,betCent,10,0.677547770700637,0,12,None,66,1,5,False,1000,1000
2588,48,betCent,10,0.6812300955414012,0,12,None,66,1,5,False,1000,1000
2589,49,betCent,10,0.6861066878980892,0,12,None,66,1,5,False,1000,1000
2590,45,betCent,10,0.5913614649681529,0,19,None,66,1,5,False,1000,1000
2591,46,betCent,10,0.5980294585987261,0,19,None,66,1,5,False,1000,1000
2592,47,betCent,10,0.6032046178343949,0,19,None,66,1,5,False,1000,1000
2593,48,betCent,10,0.60828025477707,0,19,None,66,1,5,False,1000,1000
2594,49,betCent,10,0.6132563694267515,0,19,None,66,1,5,False,1000,1000
2595,45,betCent,10,0.6481886942675159,0,21,None,66,1,5,False,1000,1000
2596,46,betCent,10,0.6525676751592356,0,21,None,66,1,5,False,1000,1000
2597,47,betCent,10,0.6568471337579618,0,21,None,66,1,5,False,1000,1000
2598,48,betCent,10,0.6590366242038217,0,21,None,66,1,5,False,1000,1000
2599,49,betCent,10,0.6618232484076433,0,21,None,66,1,5,False,1000,1000
2600,45,betCent,10,0.6575437898089171,0,24,None,66,1,5,False,1000,1000
2601,46,betCent,10,0.6607285031847133,0,24,None,66,1,5,False,1000,1000
2602,47,betCent,10,0.6644108280254777,0,24,None,66,1,5,False,1000,1000
2603,48,betCent,10,0.6666003184713376,0,24,None,66,1,5,False,1000,1000
2604,49,betCent,10,0.6700835987261147,0,24,None,66,1,5,False,1000,1000
2605,45,betCent,10,0.6427149681528662,0,5,None,66,1,5,False,1000,1000
2606,46,betCent,10,0.6450039808917197,0,5,None,66,1,5,False,1000,1000
2607,47,betCent,10,0.6474920382165605,0,5,None,66,1,5,False,1000,1000
2608,48,betCent,10,0.6495820063694268,0,5,None,66,1,5,False,1000,1000
2609,49,betCent,10,0.6515724522292994,0,5,None,66,1,5,False,1000,1000
2610,45,betCent,10,0.6008160828025477,0,0,None,66,1,5,False,1000,1000
2611,46,betCent,10,0.603702229299363,0,0,None,66,1,5,False,1000,1000
2612,47,betCent,10,0.6068869426751592,0,0,None,66,1,5,False,1000,1000
2613,48,betCent,10,0.6105692675159236,0,0,None,66,1,5,False,1000,1000
2614,49,betCent,10,0.6130573248407644,0,0,None,66,1,5,False,1000,1000
2615,45,betCent,10,0.6062898089171974,0,6,None,66,1,5,False,1000,1000
2616,46,betCent,10,0.6073845541401274,0,6,None,66,1,5,False,1000,1000
2617,47,betCent,10,0.6079816878980892,0,6,None,66,1,5,False,1000,1000
2618,48,betCent,10,0.6086783439490446,0,6,None,66,1,5,False,1000,1000
2619,49,betCent,10,0.6096735668789809,0,6,None,66,1,5,False,1000,1000
2620,45,betCent,10,0.6593351910828026,0,3,None,66,1,5,False,1000,1000
2621,46,betCent,10,0.6630175159235668,0,3,None,66,1,5,False,1000,1000
2622,47,betCent,10,0.6651074840764332,0,3,None,66,1,5,False,1000,1000
2623,48,betCent,10,0.6686902866242038,0,3,None,66,1,5,False,1000,1000
2624,49,betCent,10,0.6700835987261147,0,3,None,66,1,5,False,1000,1000
2625,45,betCent,10,0.6113654458598726,0,7,None,66,1,5,False,1000,1000
2626,46,betCent,10,0.6122611464968153,0,7,None,66,1,5,False,1000,1000
2627,47,betCent,10,0.6138535031847133,0,7,None,66,1,5,False,1000,1000
2628,48,betCent,10,0.6147492038216561,0,7,None,66,1,5,False,1000,1000
2629,49,betCent,10,0.615843949044586,0,7,None,66,1,5,False,1000,1000
2630,45,betCent,10,0.6544585987261147,0,16,None,66,1,5,False,1000,1000
2631,46,betCent,10,0.65734474522293,0,16,None,66,1,5,False,1000,1000
2632,47,betCent,10,0.6616242038216561,0,16,None,66,1,5,False,1000,1000
2633,48,betCent,10,0.6645103503184714,0,16,None,66,1,5,False,1000,1000
2634,49,betCent,10,0.6664012738853503,0,16,None,66,1,5,False,1000,1000
2635,45,betCent,10,0.6785429936305732,0,32,None,66,1,5,False,1000,1000
2636,46,betCent,10,0.6822253184713376,0,32,None,66,1,5,False,1000,1000
2637,47,betCent,10,0.6845143312101911,0,32,None,66,1,5,False,1000,1000
2638,48,betCent,10,0.6870023885350318,0,32,None,66,1,5,False,1000,1000
2639,49,betCent,10,0.6872014331210191,0,32,None,66,1,5,False,1000,1000
2640,50,betCent,10,0.6298765923566879,0,1,None,66,1,5,False,1000,1000
2641,51,betCent,10,0.6315684713375797,0,1,None,66,1,5,False,1000,1000
2642,52,betCent,10,0.6337579617834395,0,1,None,66,1,5,False,1000,1000
2643,53,betCent,10,0.636046974522293,0,1,None,66,1,5,False,1000,1000
2644,54,betCent,10,0.6378383757961783,0,1,None,66,1,5,False,1000,1000
2645,50,betCent,10,0.6415207006369427,0,27,None,66,1,5,False,1000,1000
2646,51,betCent,10,0.6435111464968153,0,27,None,66,1,5,False,1000,1000
2647,52,betCent,10,0.6447054140127388,0,27,None,66,1,5,False,1000,1000
2648,53,betCent,10,0.6464968152866242,0,27,None,66,1,5,False,1000,1000
2649,54,betCent,10,0.6466958598726115,0,27,None,66,1,5,False,1000,1000
2650,50,betCent,10,0.6630175159235668,0,21,None,66,1,5,False,1000,1000
2651,51,betCent,10,0.6655055732484076,0,21,None,66,1,5,False,1000,1000
2652,52,betCent,10,0.6675955414012739,0,21,None,66,1,5,False,1000,1000
2653,53,betCent,10,0.6708797770700637,0,21,None,66,1,5,False,1000,1000
2654,54,betCent,10,0.6742635350318471,0,21,None,66,1,5,False,1000,1000
2655,50,betCent,10,0.646297770700637,0,22,None,66,1,5,False,1000,1000
2656,51,betCent,10,0.6492834394904459,0,22,None,66,1,5,False,1000,1000
2657,52,betCent,10,0.6528662420382165,0,22,None,66,1,5,False,1000,1000
2658,53,betCent,10,0.6560509554140127,0,22,None,66,1,5,False,1000,1000
2659,54,betCent,10,0.6593351910828026,0,22,None,66,1,5,False,1000,1000
2660,50,betCent,10,0.6100716560509554,0,23,None,66,1,5,False,1000,1000
2661,51,betCent,10,0.613953025477707,0,23,None,66,1,5,False,1000,1000
2662,52,betCent,10,0.6172372611464968,0,23,None,66,1,5,False,1000,1000
2663,53,betCent,10,0.6196257961783439,0,23,None,66,1,5,False,1000,1000
2664,54,betCent,10,0.6220143312101911,0,23,None,66,1,5,False,1000,1000
2665,50,betCent,10,0.6474920382165605,0,29,None,66,1,5,False,1000,1000
2666,51,betCent,10,0.6496815286624203,0,29,None,66,1,5,False,1000,1000
2667,52,betCent,10,0.6509753184713376,0,29,None,66,1,5,False,1000,1000
2668,53,betCent,10,0.6525676751592356,0,29,None,66,1,5,False,1000,1000
2669,54,betCent,10,0.6534633757961783,0,29,None,66,1,5,False,1000,1000
2670,50,betCent,10,0.6313694267515924,0,25,None,66,1,5,False,1000,1000
2671,51,betCent,10,0.6342555732484076,0,25,None,66,1,5,False,1000,1000
2672,52,betCent,10,0.6375398089171974,0,25,None,66,1,5,False,1000,1000
2673,53,betCent,10,0.6402269108280255,0,25,None,66,1,5,False,1000,1000
2674,54,betCent,10,0.6430135350318471,0,25,None,66,1,5,False,1000,1000
2675,50,betCent,10,0.6650079617834395,0,13,None,66,1,5,False,1000,1000
2676,51,betCent,10,0.6675955414012739,0,13,None,66,1,5,False,1000,1000
2677,52,betCent,10,0.6701831210191083,0,13,None,66,1,5,False,1000,1000
2678,53,betCent,10,0.6716759554140127,0,13,None,66,1,5,False,1000,1000
2679,54,betCent,10,0.6735668789808917,0,13,None,66,1,5,False,1000,1000
2680,50,betCent,10,0.6721735668789809,0,24,None,66,1,5,False,1000,1000
2681,51,betCent,10,0.6751592356687898,0,24,None,66,1,5,False,1000,1000
2682,52,betCent,10,0.6784434713375797,0,24,None,66,1,5,False,1000,1000
2683,53,betCent,10,0.6820262738853503,0,24,None,66,1,5,False,1000,1000
2684,54,betCent,10,0.6854100318471338,0,24,None,66,1,5,False,1000,1000
2685,50,betCent,10,0.6907842356687898,0,32,None,66,1,5,False,1000,1000
2686,51,betCent,10,0.6909832802547771,0,32,None,66,1,5,False,1000,1000
2687,52,betCent,10,0.6918789808917197,0,32,None,66,1,5,False,1000,1000
2688,53,betCent,10,0.6938694267515924,0,32,None,66,1,5,False,1000,1000
2689,54,betCent,10,0.694765127388535,0,32,None,66,1,5,False,1000,1000
2690,50,betCent,10,0.6694864649681529,0,16,None,66,1,5,False,1000,1000
2691,51,betCent,10,0.6720740445859873,0,16,None,66,1,5,False,1000,1000
2692,52,betCent,10,0.6739649681528662,0,16,None,66,1,5,False,1000,1000
2693,53,betCent,10,0.674562101910828,0,16,None,66,1,5,False,1000,1000
2694,54,betCent,10,0.6753582802547771,0,16,None,66,1,5,False,1000,1000
2695,50,betCent,10,0.6307722929936306,0,2,None,66,1,5,False,1000,1000
2696,51,betCent,10,0.6323646496815286,0,2,None,66,1,5,False,1000,1000
2697,52,betCent,10,0.6339570063694268,0,2,None,66,1,5,False,1000,1000
2698,53,betCent,10,0.6344546178343949,0,2,None,66,1,5,False,1000,1000
2699,54,betCent,10,0.6361464968152867,0,2,None,66,1,5,False,1000,1000
2700,50,betCent,10,0.6482882165605095,0,9,None,66,1,5,False,1000,1000
2701,51,betCent,10,0.6540605095541401,0,9,None,66,1,5,False,1000,1000
2702,52,betCent,10,0.6591361464968153,0,9,None,66,1,5,False,1000,1000
2703,53,betCent,10,0.664609872611465,0,9,None,66,1,5,False,1000,1000
2704,54,betCent,10,0.6693869426751592,0,9,None,66,1,5,False,1000,1000
2705,50,betCent,10,0.6203224522292994,0,0,None,66,1,5,False,1000,1000
2706,51,betCent,10,0.623109076433121,0,0,None,66,1,5,False,1000,1000
2707,52,betCent,10,0.6263933121019108,0,0,None,66,1,5,False,1000,1000
2708,53,betCent,10,0.6302746815286624,0,0,None,66,1,5,False,1000,1000
2709,54,betCent,10,0.6329617834394905,0,0,None,66,1,5,False,1000,1000
2710,50,betCent,10,0.6448049363057324,0,10,None,66,1,5,False,1000,1000
2711,51,betCent,10,0.6486863057324841,0,10,None,66,1,5,False,1000,1000
2712,52,betCent,10,0.6519705414012739,0,10,None,66,1,5,False,1000,1000
2713,53,betCent,10,0.6542595541401274,0,10,None,66,1,5,False,1000,1000
2714,54,betCent,10,0.6568471337579618,0,10,None,66,1,5,False,1000,1000
2715,50,betCent,10,0.6640127388535032,0,15,None,66,1,5,False,1000,1000
2716,51,betCent,10,0.664609872611465,0,15,None,66,1,5,False,1000,1000
2717,52,betCent,10,0.6659036624203821,0,15,None,66,1,5,False,1000,1000
2718,53,betCent,10,0.6669984076433121,0,15,None,66,1,5,False,1000,1000
2719,54,betCent,10,0.6670979299363057,0,15,None,66,1,5,False,1000,1000
2720,50,betCent,10,0.5984275477707006,0,11,None,66,1,5,False,1000,1000
2721,51,betCent,10,0.5997213375796179,0,11,None,66,1,5,False,1000,1000
2722,52,betCent,10,0.6007165605095541,0,11,None,66,1,5,False,1000,1000
2723,53,betCent,10,0.602906050955414,0,11,None,66,1,5,False,1000,1000
2724,54,betCent,10,0.6034036624203821,0,11,None,66,1,5,False,1000,1000
2725,50,betCent,10,0.6632165605095541,0,17,None,66,1,5,False,1000,1000
2726,51,betCent,10,0.6650079617834395,0,17,None,66,1,5,False,1000,1000
2727,52,betCent,10,0.6666998407643312,0,17,None,66,1,5,False,1000,1000
2728,53,betCent,10,0.6686902866242038,0,17,None,66,1,5,False,1000,1000
2729,54,betCent,10,0.6695859872611465,0,17,None,66,1,5,False,1000,1000
2730,50,betCent,10,0.6234076433121019,0,20,None,66,1,5,False,1000,1000
2731,51,betCent,10,0.6246019108280255,0,20,None,66,1,5,False,1000,1000
2732,52,betCent,10,0.6259952229299363,0,20,None,66,1,5,False,1000,1000
2733,53,betCent,10,0.626890923566879,0,20,None,66,1,5,False,1000,1000
2734,54,betCent,10,0.6290804140127388,0,20,None,66,1,5,False,1000,1000
2735,50,betCent,10,0.5648885350318471,0,28,None,66,1,5,False,1000,1000
2736,51,betCent,10,0.5682722929936306,0,28,None,66,1,5,False,1000,1000
2737,52,betCent,10,0.5706608280254777,0,28,None,66,1,5,False,1000,1000
2738,53,betCent,10,0.5738455414012739,0,28,None,66,1,5,False,1000,1000
2739,54,betCent,10,0.5749402866242038,0,28,None,66,1,5,False,1000,1000
2740,50,betCent,10,0.601015127388535,0,8,None,66,1,5,False,1000,1000
2741,51,betCent,10,0.6023089171974523,0,8,None,66,1,5,False,1000,1000
2742,52,betCent,10,0.6038017515923567,0,8,None,66,1,5,False,1000,1000
2743,53,betCent,10,0.6061902866242038,0,8,None,66,1,5,False,1000,1000
2744,54,betCent,10,0.6069864649681529,0,8,None,66,1,5,False,1000,1000
2745,50,betCent,10,0.6696855095541401,0,18,None,66,1,5,False,1000,1000
2746,51,betCent,10,0.6715764331210191,0,18,None,66,1,5,False,1000,1000
2747,52,betCent,10,0.6738654458598726,0,18,None,66,1,5,False,1000,1000
2748,53,betCent,10,0.6747611464968153,0,18,None,66,1,5,False,1000,1000
2749,54,betCent,10,0.676453025477707,0,18,None,66,1,5,False,1000,1000
2750,50,betCent,10,0.6716759554140127,0,3,None,66,1,5,False,1000,1000
2751,51,betCent,10,0.6741640127388535,0,3,None,66,1,5,False,1000,1000
2752,52,betCent,10,0.676453025477707,0,3,None,66,1,5,False,1000,1000
2753,53,betCent,10,0.6796377388535032,0,3,None,66,1,5,False,1000,1000
2754,54,betCent,10,0.6817277070063694,0,3,None,66,1,5,False,1000,1000
2755,50,betCent,10,0.6191281847133758,0,19,None,66,1,5,False,1000,1000
2756,51,betCent,10,0.6255971337579618,0,19,None,66,1,5,False,1000,1000
2757,52,betCent,10,0.6315684713375797,0,19,None,66,1,5,False,1000,1000
2758,53,betCent,10,0.637937898089172,0,19,None,66,1,5,False,1000,1000
2759,54,betCent,10,0.64171974522293,0,19,None,66,1,5,False,1000,1000
2760,50,betCent,10,0.640625,0,31,None,66,1,5,False,1000,1000
2761,51,betCent,10,0.6438097133757962,0,31,None,66,1,5,False,1000,1000
2762,52,betCent,10,0.6479896496815286,0,31,None,66,1,5,False,1000,1000
2763,53,betCent,10,0.6510748407643312,0,31,None,66,1,5,False,1000,1000
2764,54,betCent,10,0.6530652866242038,0,31,None,66,1,5,False,1000,1000
2765,50,betCent,10,0.6594347133757962,0,5,None,66,1,5,False,1000,1000
2766,51,betCent,10,0.6610270700636943,0,5,None,66,1,5,False,1000,1000
2767,52,betCent,10,0.662718949044586,0,5,None,66,1,5,False,1000,1000
2768,53,betCent,10,0.6645103503184714,0,5,None,66,1,5,False,1000,1000
2769,54,betCent,10,0.6667993630573248,0,5,None,66,1,5,False,1000,1000
2770,50,betCent,10,0.6007165605095541,0,4,None,66,1,5,False,1000,1000
2771,51,betCent,10,0.6050955414012739,0,4,None,66,1,5,False,1000,1000
2772,52,betCent,10,0.607484076433121,0,4,None,66,1,5,False,1000,1000
2773,53,betCent,10,0.6107683121019108,0,4,None,66,1,5,False,1000,1000
2774,54,betCent,10,0.6134554140127388,0,4,None,66,1,5,False,1000,1000
2775,50,betCent,10,0.6219148089171974,0,7,None,66,1,5,False,1000,1000
2776,51,betCent,10,0.6232085987261147,0,7,None,66,1,5,False,1000,1000
2777,52,betCent,10,0.6238057324840764,0,7,None,66,1,5,False,1000,1000
2778,53,betCent,10,0.6246019108280255,0,7,None,66,1,5,False,1000,1000
2779,54,betCent,10,0.6253980891719745,0,7,None,66,1,5,False,1000,1000
2780,50,betCent,10,0.6228105095541401,0,6,None,66,1,5,False,1000,1000
2781,51,betCent,10,0.6242038216560509,0,6,None,66,1,5,False,1000,1000
2782,52,betCent,10,0.6251990445859873,0,6,None,66,1,5,False,1000,1000
2783,53,betCent,10,0.6271894904458599,0,6,None,66,1,5,False,1000,1000
2784,54,betCent,10,0.6279856687898089,0,6,None,66,1,5,False,1000,1000
2785,50,betCent,10,0.6863057324840764,0,12,None,66,1,5,False,1000,1000
2786,51,betCent,10,0.6913813694267515,0,12,None,66,1,5,False,1000,1000
2787,52,betCent,10,0.6956608280254777,0,12,None,66,1,5,False,1000,1000
2788,53,betCent,10,0.6994426751592356,0,12,None,66,1,5,False,1000,1000
2789,54,betCent,10,0.7021297770700637,0,12,None,66,1,5,False,1000,1000
2790,50,betCent,10,0.5906648089171974,0,14,None,66,1,5,False,1000,1000
2791,51,betCent,10,0.5924562101910829,0,14,None,66,1,5,False,1000,1000
2792,52,betCent,10,0.5936504777070064,0,14,None,66,1,5,False,1000,1000
2793,53,betCent,10,0.5954418789808917,0,14,None,66,1,5,False,1000,1000
2794,54,betCent,10,0.5972332802547771,0,14,None,66,1,5,False,1000,1000
2795,50,betCent,10,0.6309713375796179,0,26,None,66,1,5,False,1000,1000
2796,51,betCent,10,0.6348527070063694,0,26,None,66,1,5,False,1000,1000
2797,52,betCent,10,0.6389331210191083,0,26,None,66,1,5,False,1000,1000
2798,53,betCent,10,0.6420183121019108,0,26,None,66,1,5,False,1000,1000
2799,54,betCent,10,0.6447054140127388,0,26,None,66,1,5,False,1000,1000
2800,50,betCent,10,0.6438097133757962,0,30,None,66,1,5,False,1000,1000
2801,51,betCent,10,0.6464968152866242,0,30,None,66,1,5,False,1000,1000
2802,52,betCent,10,0.6481886942675159,0,30,None,66,1,5,False,1000,1000
2803,53,betCent,10,0.6510748407643312,0,30,None,66,1,5,False,1000,1000
2804,54,betCent,10,0.6527667197452229,0,30,None,66,1,5,False,1000,1000
3960,55,betCent,10,0.6422173566878981,0,1,None,66,1,5,False,1000,1000
3961,56,betCent,10,0.6450039808917197,0,1,None,66,1,5,False,1000,1000
3962,57,betCent,10,0.6469944267515924,0,1,None,66,1,5,False,1000,1000
3963,58,betCent,10,0.6488853503184714,0,1,None,66,1,5,False,1000,1000
3964,59,betCent,10,0.6510748407643312,0,1,None,66,1,5,False,1000,1000
3965,55,betCent,10,0.6762539808917197,0,13,None,66,1,5,False,1000,1000
3966,56,betCent,10,0.6790406050955414,0,13,None,66,1,5,False,1000,1000
3967,57,betCent,10,0.6809315286624203,0,13,None,66,1,5,False,1000,1000
3968,58,betCent,10,0.6832205414012739,0,13,None,66,1,5,False,1000,1000
3969,59,betCent,10,0.6853105095541401,0,13,None,66,1,5,False,1000,1000
3970,55,betCent,10,0.6770501592356688,0,15,None,66,1,5,False,1000,1000
3971,56,betCent,10,0.6769506369426752,0,15,None,66,1,5,False,1000,1000
3972,57,betCent,10,0.6786425159235668,0,15,None,66,1,5,False,1000,1000
3973,58,betCent,10,0.6793391719745223,0,15,None,66,1,5,False,1000,1000
3974,59,betCent,10,0.6805334394904459,0,15,None,66,1,5,False,1000,1000
3975,55,betCent,10,0.677547770700637,0,16,None,66,1,5,False,1000,1000
3976,56,betCent,10,0.6790406050955414,0,16,None,66,1,5,False,1000,1000
3977,57,betCent,10,0.6795382165605095,0,16,None,66,1,5,False,1000,1000
3978,58,betCent,10,0.6806329617834395,0,16,None,66,1,5,False,1000,1000
3979,59,betCent,10,0.6819267515923567,0,16,None,66,1,5,False,1000,1000
3980,55,betCent,10,0.611265923566879,0,8,None,66,1,5,False,1000,1000
3981,56,betCent,10,0.6132563694267515,0,8,None,66,1,5,False,1000,1000
3982,57,betCent,10,0.6155453821656051,0,8,None,66,1,5,False,1000,1000
3983,58,betCent,10,0.6181329617834395,0,8,None,66,1,5,False,1000,1000
3984,59,betCent,10,0.6197253184713376,0,8,None,66,1,5,False,1000,1000
3985,55,betCent,10,0.6428144904458599,0,19,None,66,1,5,False,1000,1000
3986,56,betCent,10,0.6481886942675159,0,19,None,66,1,5,False,1000,1000
3987,57,betCent,10,0.6533638535031847,0,19,None,66,1,5,False,1000,1000
3988,58,betCent,10,0.6566480891719745,0,19,None,66,1,5,False,1000,1000
3989,59,betCent,10,0.6603304140127388,0,19,None,66,1,5,False,1000,1000
3990,55,betCent,10,0.6603304140127388,0,22,None,66,1,5,False,1000,1000
3991,56,betCent,10,0.6640127388535032,0,22,None,66,1,5,False,1000,1000
3992,57,betCent,10,0.6661027070063694,0,22,None,66,1,5,False,1000,1000
3993,58,betCent,10,0.6686902866242038,0,22,None,66,1,5,False,1000,1000
3994,59,betCent,10,0.6708797770700637,0,22,None,66,1,5,False,1000,1000
3995,55,betCent,10,0.6031050955414012,0,14,None,66,1,5,False,1000,1000
3996,56,betCent,10,0.6065883757961783,0,14,None,66,1,5,False,1000,1000
3997,57,betCent,10,0.6098726114649682,0,14,None,66,1,5,False,1000,1000
3998,58,betCent,10,0.6134554140127388,0,14,None,66,1,5,False,1000,1000
3999,59,betCent,10,0.6175358280254777,0,14,None,66,1,5,False,1000,1000
4000,55,betCent,10,0.6229100318471338,0,23,None,66,1,5,False,1000,1000
4001,56,betCent,10,0.6254976114649682,0,23,None,66,1,5,False,1000,1000
4002,57,betCent,10,0.6280851910828026,0,23,None,66,1,5,False,1000,1000
4003,58,betCent,10,0.6301751592356688,0,23,None,66,1,5,False,1000,1000
4004,59,betCent,10,0.6332603503184714,0,23,None,66,1,5,False,1000,1000
4005,55,betCent,10,0.6436106687898089,0,25,None,66,1,5,False,1000,1000
4006,56,betCent,10,0.6458001592356688,0,25,None,66,1,5,False,1000,1000
4007,57,betCent,10,0.6481886942675159,0,25,None,66,1,5,False,1000,1000
4008,58,betCent,10,0.6501791401273885,0,25,None,66,1,5,False,1000,1000
4009,59,betCent,10,0.6511743630573248,0,25,None,66,1,5,False,1000,1000
4010,55,betCent,10,0.676453025477707,0,21,None,66,1,5,False,1000,1000
4011,56,betCent,10,0.6785429936305732,0,21,None,66,1,5,False,1000,1000
4012,57,betCent,10,0.6820262738853503,0,21,None,66,1,5,False,1000,1000
4013,58,betCent,10,0.6843152866242038,0,21,None,66,1,5,False,1000,1000
4014,59,betCent,10,0.6861066878980892,0,21,None,66,1,5,False,1000,1000
4015,55,betCent,10,0.6568471337579618,0,26,None,66,1,5,False,1000,1000
4016,56,betCent,10,0.6607285031847133,0,26,None,66,1,5,False,1000,1000
4017,57,betCent,10,0.6633160828025477,0,26,None,66,1,5,False,1000,1000
4018,58,betCent,10,0.664609872611465,0,26,None,66,1,5,False,1000,1000
4019,59,betCent,10,0.666202229299363,0,26,None,66,1,5,False,1000,1000
4020,55,betCent,10,0.7003383757961783,0,12,None,66,1,5,False,1000,1000
4021,56,betCent,10,0.7040207006369427,0,12,None,66,1,5,False,1000,1000
4022,57,betCent,10,0.7073049363057324,0,12,None,66,1,5,False,1000,1000
4023,58,betCent,10,0.710390127388535,0,12,None,66,1,5,False,1000,1000
4024,59,betCent,10,0.7127786624203821,0,12,None,66,1,5,False,1000,1000
4025,55,betCent,10,0.6836186305732485,0,24,None,66,1,5,False,1000,1000
4026,56,betCent,10,0.6875,0,24,None,66,1,5,False,1000,1000
4027,57,betCent,10,0.6911823248407644,0,24,None,66,1,5,False,1000,1000
4028,58,betCent,10,0.6942675159235668,0,24,None,66,1,5,False,1000,1000
4029,59,betCent,10,0.6975517515923567,0,24,None,66,1,5,False,1000,1000
4030,55,betCent,10,0.5671775477707006,0,28,None,66,1,5,False,1000,1000
4031,56,betCent,10,0.5733479299363057,0,28,None,66,1,5,False,1000,1000
4032,57,betCent,10,0.5774283439490446,0,28,None,66,1,5,False,1000,1000
4033,58,betCent,10,0.5811106687898089,0,28,None,66,1,5,False,1000,1000
4034,59,betCent,10,0.5842953821656051,0,28,None,66,1,5,False,1000,1000
4035,55,betCent,10,0.6639132165605095,0,29,None,66,1,5,False,1000,1000
4036,56,betCent,10,0.6653065286624203,0,29,None,66,1,5,False,1000,1000
4037,57,betCent,10,0.6659036624203821,0,29,None,66,1,5,False,1000,1000
4038,58,betCent,10,0.6675955414012739,0,29,None,66,1,5,False,1000,1000
4039,59,betCent,10,0.6686902866242038,0,29,None,66,1,5,False,1000,1000
4040,55,betCent,10,0.6709792993630573,0,9,None,66,1,5,False,1000,1000
4041,56,betCent,10,0.6744625796178344,0,9,None,66,1,5,False,1000,1000
4042,57,betCent,10,0.6776472929936306,0,9,None,66,1,5,False,1000,1000
4043,58,betCent,10,0.6807324840764332,0,9,None,66,1,5,False,1000,1000
4044,59,betCent,10,0.6833200636942676,0,9,None,66,1,5,False,1000,1000
4045,55,betCent,10,0.6541600318471338,0,31,None,66,1,5,False,1000,1000
4046,56,betCent,10,0.658140923566879,0,31,None,66,1,5,False,1000,1000
4047,57,betCent,10,0.6613256369426752,0,31,None,66,1,5,False,1000,1000
4048,58,betCent,10,0.6639132165605095,0,31,None,66,1,5,False,1000,1000
4049,59,betCent,10,0.6657046178343949,0,31,None,66,1,5,False,1000,1000
4050,55,betCent,10,0.6878980891719745,0,18,None,66,1,5,False,1000,1000
4051,56,betCent,10,0.6883957006369427,0,18,None,66,1,5,False,1000,1000
4052,57,betCent,10,0.689390923566879,0,18,None,66,1,5,False,1000,1000
4053,58,betCent,10,0.6911823248407644,0,18,None,66,1,5,False,1000,1000
4054,59,betCent,10,0.692078025477707,0,18,None,66,1,5,False,1000,1000
4055,55,betCent,10,0.6956608280254777,0,32,None,66,1,5,False,1000,1000
4056,56,betCent,10,0.6972531847133758,0,32,None,66,1,5,False,1000,1000
4057,57,betCent,10,0.6979498407643312,0,32,None,66,1,5,False,1000,1000
4058,58,betCent,10,0.6988455414012739,0,32,None,66,1,5,False,1000,1000
4059,59,betCent,10,0.700437898089172,0,32,None,66,1,5,False,1000,1000
4060,55,betCent,10,0.6302746815286624,0,7,None,66,1,5,False,1000,1000
4061,56,betCent,10,0.6320660828025477,0,7,None,66,1,5,False,1000,1000
4062,57,betCent,10,0.633359872611465,0,7,None,66,1,5,False,1000,1000
4063,58,betCent,10,0.6340565286624203,0,7,None,66,1,5,False,1000,1000
4064,59,betCent,10,0.6350517515923567,0,7,None,66,1,5,False,1000,1000
4065,55,betCent,10,0.6414211783439491,0,2,None,66,1,5,False,1000,1000
4066,56,betCent,10,0.6426154458598726,0,2,None,66,1,5,False,1000,1000
4067,57,betCent,10,0.6438097133757962,0,2,None,66,1,5,False,1000,1000
4068,58,betCent,10,0.6451035031847133,0,2,None,66,1,5,False,1000,1000
4069,59,betCent,10,0.6468949044585988,0,2,None,66,1,5,False,1000,1000
4070,55,betCent,10,0.6715764331210191,0,5,None,66,1,5,False,1000,1000
4071,56,betCent,10,0.6741640127388535,0,5,None,66,1,5,False,1000,1000
4072,57,betCent,10,0.6772492038216561,0,5,None,66,1,5,False,1000,1000
4073,58,betCent,10,0.6790406050955414,0,5,None,66,1,5,False,1000,1000
4074,59,betCent,10,0.6803343949044586,0,5,None,66,1,5,False,1000,1000
4075,55,betCent,10,0.6392316878980892,0,0,None,66,1,5,False,1000,1000
4076,56,betCent,10,0.6420183121019108,0,0,None,66,1,5,False,1000,1000
4077,57,betCent,10,0.6431130573248408,0,0,None,66,1,5,False,1000,1000
4078,58,betCent,10,0.6461982484076433,0,0,None,66,1,5,False,1000,1000
4079,59,betCent,10,0.6490843949044586,0,0,None,66,1,5,False,1000,1000
4080,55,betCent,10,0.6615246815286624,0,10,None,66,1,5,False,1000,1000
4081,56,betCent,10,0.6631170382165605,0,10,None,66,1,5,False,1000,1000
4082,57,betCent,10,0.666202229299363,0,10,None,66,1,5,False,1000,1000
4083,58,betCent,10,0.6693869426751592,0,10,None,66,1,5,False,1000,1000
4084,59,betCent,10,0.6714769108280255,0,10,None,66,1,5,False,1000,1000
4085,55,betCent,10,0.6083797770700637,0,11,None,66,1,5,False,1000,1000
4086,56,betCent,10,0.6098726114649682,0,11,None,66,1,5,False,1000,1000
4087,57,betCent,10,0.6111664012738853,0,11,None,66,1,5,False,1000,1000
4088,58,betCent,10,0.613156847133758,0,11,None,66,1,5,False,1000,1000
4089,59,betCent,10,0.615047770700637,0,11,None,66,1,5,False,1000,1000
4090,55,betCent,10,0.6819267515923567,0,3,None,66,1,5,False,1000,1000
4091,56,betCent,10,0.6847133757961783,0,3,None,66,1,5,False,1000,1000
4092,57,betCent,10,0.6872014331210191,0,3,None,66,1,5,False,1000,1000
4093,58,betCent,10,0.6904856687898089,0,3,None,66,1,5,False,1000,1000
4094,59,betCent,10,0.6929737261146497,0,3,None,66,1,5,False,1000,1000
4095,55,betCent,10,0.6748606687898089,0,17,None,66,1,5,False,1000,1000
4096,56,betCent,10,0.6770501592356688,0,17,None,66,1,5,False,1000,1000
4097,57,betCent,10,0.679140127388535,0,17,None,66,1,5,False,1000,1000
4098,58,betCent,10,0.6816281847133758,0,17,None,66,1,5,False,1000,1000
4099,59,betCent,10,0.6830214968152867,0,17,None,66,1,5,False,1000,1000
4100,55,betCent,10,0.6350517515923567,0,20,None,66,1,5,False,1000,1000
4101,56,betCent,10,0.636843152866242,0,20,None,66,1,5,False,1000,1000
4102,57,betCent,10,0.6383359872611465,0,20,None,66,1,5,False,1000,1000
4103,58,betCent,10,0.640625,0,20,None,66,1,5,False,1000,1000
4104,59,betCent,10,0.6418192675159236,0,20,None,66,1,5,False,1000,1000
4105,55,betCent,10,0.6153463375796179,0,4,None,66,1,5,False,1000,1000
4106,56,betCent,10,0.6188296178343949,0,4,None,66,1,5,False,1000,1000
4107,57,betCent,10,0.6213176751592356,0,4,None,66,1,5,False,1000,1000
4108,58,betCent,10,0.6230095541401274,0,4,None,66,1,5,False,1000,1000
4109,59,betCent,10,0.6251990445859873,0,4,None,66,1,5,False,1000,1000
4110,60,betCent,10,0.6909832802547771,0,15,None,66,1,5,False,1000,1000
4111,61,betCent,10,0.6907842356687898,0,15,None,66,1,5,False,1000,1000
4112,62,betCent,10,0.6906847133757962,0,15,None,66,1,5,False,1000,1000
4113,63,betCent,10,0.691281847133758,0,15,None,66,1,5,False,1000,1000
4114,64,betCent,10,0.6921775477707006,0,15,None,66,1,5,False,1000,1000
4115,60,betCent,10,0.6609275477707006,0,19,None,66,1,5,False,1000,1000
4116,61,betCent,10,0.6649084394904459,0,19,None,66,1,5,False,1000,1000
4117,62,betCent,10,0.6683917197452229,0,19,None,66,1,5,False,1000,1000
4118,63,betCent,10,0.6701831210191083,0,19,None,66,1,5,False,1000,1000
4119,64,betCent,10,0.673765923566879,0,19,None,66,1,5,False,1000,1000
4120,55,betCent,10,0.6541600318471338,0,27,None,66,1,5,False,1000,1000
4121,56,betCent,10,0.6558519108280255,0,27,None,66,1,5,False,1000,1000
4122,57,betCent,10,0.6572452229299363,0,27,None,66,1,5,False,1000,1000
4123,58,betCent,10,0.6582404458598726,0,27,None,66,1,5,False,1000,1000
4124,59,betCent,10,0.6593351910828026,0,27,None,66,1,5,False,1000,1000
4125,55,betCent,10,0.6391321656050956,0,6,None,66,1,5,False,1000,1000
4126,56,betCent,10,0.6407245222929936,0,6,None,66,1,5,False,1000,1000
4127,57,betCent,10,0.6420183121019108,0,6,None,66,1,5,False,1000,1000
4128,58,betCent,10,0.6438097133757962,0,6,None,66,1,5,False,1000,1000
4129,59,betCent,10,0.6457006369426752,0,6,None,66,1,5,False,1000,1000
4130,55,betCent,10,0.658937101910828,0,30,None,66,1,5,False,1000,1000
4131,56,betCent,10,0.6598328025477707,0,30,None,66,1,5,False,1000,1000
4132,57,betCent,10,0.6614251592356688,0,30,None,66,1,5,False,1000,1000
4133,58,betCent,10,0.6628184713375797,0,30,None,66,1,5,False,1000,1000
4134,59,betCent,10,0.664609872611465,0,30,None,66,1,5,False,1000,1000
4135,60,betCent,10,0.6215167197452229,0,11,None,66,1,5,False,1000,1000
4136,61,betCent,10,0.6230095541401274,0,11,None,66,1,5,False,1000,1000
4137,62,betCent,10,0.6248009554140127,0,11,None,66,1,5,False,1000,1000
4138,63,betCent,10,0.6261942675159236,0,11,None,66,1,5,False,1000,1000
4139,64,betCent,10,0.6279856687898089,0,11,None,66,1,5,False,1000,1000
4140,60,betCent,10,0.6878980891719745,0,17,None,66,1,5,False,1000,1000
4141,61,betCent,10,0.6890923566878981,0,17,None,66,1,5,False,1000,1000
4142,62,betCent,10,0.6911823248407644,0,17,None,66,1,5,False,1000,1000
4143,63,betCent,10,0.6922770700636943,0,17,None,66,1,5,False,1000,1000
4144,64,betCent,10,0.693968949044586,0,17,None,66,1,5,False,1000,1000
4145,60,betCent,10,0.6557523885350318,0,1,None,66,1,5,False,1000,1000
4146,61,betCent,10,0.6577428343949044,0,1,None,66,1,5,False,1000,1000
4147,62,betCent,10,0.6590366242038217,0,1,None,66,1,5,False,1000,1000
4148,63,betCent,10,0.6611265923566879,0,1,None,66,1,5,False,1000,1000
4149,64,betCent,10,0.6626194267515924,0,1,None,66,1,5,False,1000,1000
4150,60,betCent,10,0.651671974522293,0,2,None,66,1,5,False,1000,1000
4151,61,betCent,10,0.6538614649681529,0,2,None,66,1,5,False,1000,1000
4152,62,betCent,10,0.6558519108280255,0,2,None,66,1,5,False,1000,1000
4153,63,betCent,10,0.6570461783439491,0,2,None,66,1,5,False,1000,1000
4154,64,betCent,10,0.6583399681528662,0,2,None,66,1,5,False,1000,1000
4155,60,betCent,10,0.6889928343949044,0,21,None,66,1,5,False,1000,1000
4156,61,betCent,10,0.6903861464968153,0,21,None,66,1,5,False,1000,1000
4157,62,betCent,10,0.6928742038216561,0,21,None,66,1,5,False,1000,1000
4158,63,betCent,10,0.6950636942675159,0,21,None,66,1,5,False,1000,1000
4159,64,betCent,10,0.6970541401273885,0,21,None,66,1,5,False,1000,1000
4160,60,betCent,10,0.5671775477707006,0,28,None,66,1,5,False,1000,1000
4161,61,betCent,10,0.5761345541401274,0,28,None,66,1,5,False,1000,1000
4162,62,betCent,10,0.5823049363057324,0,28,None,66,1,5,False,1000,1000
4163,63,betCent,10,0.5883757961783439,0,28,None,66,1,5,False,1000,1000
4164,64,betCent,10,0.5923566878980892,0,28,None,66,1,5,False,1000,1000
4165,60,betCent,10,0.6797372611464968,0,29,None,66,1,5,False,1000,1000
4166,61,betCent,10,0.6808320063694268,0,29,None,66,1,5,False,1000,1000
4167,62,betCent,10,0.6817277070063694,0,29,None,66,1,5,False,1000,1000
4168,63,betCent,10,0.6826234076433121,0,29,None,66,1,5,False,1000,1000
4169,64,betCent,10,0.6835191082802548,0,29,None,66,1,5,False,1000,1000
4170,60,betCent,10,0.6954617834394905,0,24,None,66,1,5,False,1000,1000
4171,61,betCent,10,0.6981488853503185,0,24,None,66,1,5,False,1000,1000
4172,62,betCent,10,0.7026273885350318,0,24,None,66,1,5,False,1000,1000
4173,63,betCent,10,0.7055135350318471,0,24,None,66,1,5,False,1000,1000
4174,64,betCent,10,0.7076035031847133,0,24,None,66,1,5,False,1000,1000
4175,60,betCent,10,0.6689888535031847,0,27,None,66,1,5,False,1000,1000
4176,61,betCent,10,0.6708797770700637,0,27,None,66,1,5,False,1000,1000
4177,62,betCent,10,0.6725716560509554,0,27,None,66,1,5,False,1000,1000
4178,63,betCent,10,0.6744625796178344,0,27,None,66,1,5,False,1000,1000
4179,64,betCent,10,0.6760549363057324,0,27,None,66,1,5,False,1000,1000
4180,60,betCent,10,0.6965565286624203,0,18,None,66,1,5,False,1000,1000
4181,61,betCent,10,0.6984474522292994,0,18,None,66,1,5,False,1000,1000
4182,62,betCent,10,0.6999402866242038,0,18,None,66,1,5,False,1000,1000
4183,63,betCent,10,0.701234076433121,0,18,None,66,1,5,False,1000,1000
4184,64,betCent,10,0.7025278662420382,0,18,None,66,1,5,False,1000,1000
4185,60,betCent,10,0.6632165605095541,0,31,None,66,1,5,False,1000,1000
4186,61,betCent,10,0.6655055732484076,0,31,None,66,1,5,False,1000,1000
4187,62,betCent,10,0.6675955414012739,0,31,None,66,1,5,False,1000,1000
4188,63,betCent,10,0.6706807324840764,0,31,None,66,1,5,False,1000,1000
4189,64,betCent,10,0.6727707006369427,0,31,None,66,1,5,False,1000,1000
4190,60,betCent,10,0.620421974522293,0,8,None,66,1,5,False,1000,1000
4191,61,betCent,10,0.6221138535031847,0,8,None,66,1,5,False,1000,1000
4192,62,betCent,10,0.6236066878980892,0,8,None,66,1,5,False,1000,1000
4193,63,betCent,10,0.6263933121019108,0,8,None,66,1,5,False,1000,1000
4194,64,betCent,10,0.6293789808917197,0,8,None,66,1,5,False,1000,1000
4195,60,betCent,10,0.6749601910828026,0,10,None,66,1,5,False,1000,1000
4196,61,betCent,10,0.6776472929936306,0,10,None,66,1,5,False,1000,1000
4197,62,betCent,10,0.6792396496815286,0,10,None,66,1,5,False,1000,1000
4198,63,betCent,10,0.681827229299363,0,10,None,66,1,5,False,1000,1000
4199,64,betCent,10,0.6832205414012739,0,10,None,66,1,5,False,1000,1000
4200,60,betCent,10,0.6565485668789809,0,0,None,66,1,5,False,1000,1000
4201,61,betCent,10,0.6576433121019108,0,0,None,66,1,5,False,1000,1000
4202,62,betCent,10,0.6605294585987261,0,0,None,66,1,5,False,1000,1000
4203,63,betCent,10,0.6626194267515924,0,0,None,66,1,5,False,1000,1000
4204,64,betCent,10,0.6647093949044586,0,0,None,66,1,5,False,1000,1000
4205,60,betCent,10,0.6468949044585988,0,20,None,66,1,5,False,1000,1000
4206,61,betCent,10,0.6483877388535032,0,20,None,66,1,5,False,1000,1000
4207,62,betCent,10,0.6508757961783439,0,20,None,66,1,5,False,1000,1000
4208,63,betCent,10,0.6537619426751592,0,20,None,66,1,5,False,1000,1000
4209,64,betCent,10,0.6564490445859873,0,20,None,66,1,5,False,1000,1000
4210,60,betCent,10,0.6325636942675159,0,23,None,66,1,5,False,1000,1000
4211,61,betCent,10,0.636046974522293,0,23,None,66,1,5,False,1000,1000
4212,62,betCent,10,0.6378383757961783,0,23,None,66,1,5,False,1000,1000
4213,63,betCent,10,0.640625,0,23,None,66,1,5,False,1000,1000
4214,64,betCent,10,0.6434116242038217,0,23,None,66,1,5,False,1000,1000
4215,60,betCent,10,0.6845143312101911,0,5,None,66,1,5,False,1000,1000
4216,61,betCent,10,0.6866042993630573,0,5,None,66,1,5,False,1000,1000
4217,62,betCent,10,0.6877985668789809,0,5,None,66,1,5,False,1000,1000
4218,63,betCent,10,0.6890923566878981,0,5,None,66,1,5,False,1000,1000
4219,64,betCent,10,0.6924761146496815,0,5,None,66,1,5,False,1000,1000
4220,60,betCent,10,0.6728702229299363,0,30,None,66,1,5,False,1000,1000
4221,61,betCent,10,0.6743630573248408,0,30,None,66,1,5,False,1000,1000
4222,62,betCent,10,0.6763535031847133,0,30,None,66,1,5,False,1000,1000
4223,63,betCent,10,0.6781449044585988,0,30,None,66,1,5,False,1000,1000
4224,64,betCent,10,0.6800358280254777,0,30,None,66,1,5,False,1000,1000
4225,60,betCent,10,0.6435111464968153,0,7,None,66,1,5,False,1000,1000
4226,61,betCent,10,0.6448049363057324,0,7,None,66,1,5,False,1000,1000
4227,62,betCent,10,0.6463972929936306,0,7,None,66,1,5,False,1000,1000
4228,63,betCent,10,0.6477906050955414,0,7,None,66,1,5,False,1000,1000
4229,64,betCent,10,0.6490843949044586,0,7,None,66,1,5,False,1000,1000
4230,60,betCent,10,0.6850119426751592,0,16,None,66,1,5,False,1000,1000
4231,61,betCent,10,0.6860071656050956,0,16,None,66,1,5,False,1000,1000
4232,62,betCent,10,0.6870023885350318,0,16,None,66,1,5,False,1000,1000
4233,63,betCent,10,0.6881966560509554,0,16,None,66,1,5,False,1000,1000
4234,64,betCent,10,0.6898885350318471,0,16,None,66,1,5,False,1000,1000
4235,60,betCent,10,0.7037221337579618,0,32,None,66,1,5,False,1000,1000
4236,61,betCent,10,0.7052149681528662,0,32,None,66,1,5,False,1000,1000
4237,62,betCent,10,0.7067078025477707,0,32,None,66,1,5,False,1000,1000
4238,63,betCent,10,0.7085987261146497,0,32,None,66,1,5,False,1000,1000
4239,64,betCent,10,0.7102906050955414,0,32,None,66,1,5,False,1000,1000
4240,60,betCent,10,0.6882961783439491,0,13,None,66,1,5,False,1000,1000
4241,61,betCent,10,0.6913813694267515,0,13,None,66,1,5,False,1000,1000
4242,62,betCent,10,0.693968949044586,0,13,None,66,1,5,False,1000,1000
4243,63,betCent,10,0.6964570063694268,0,13,None,66,1,5,False,1000,1000
4244,64,betCent,10,0.6972531847133758,0,13,None,66,1,5,False,1000,1000
4245,60,betCent,10,0.6529657643312102,0,25,None,66,1,5,False,1000,1000
4246,61,betCent,10,0.6558519108280255,0,25,None,66,1,5,False,1000,1000
4247,62,betCent,10,0.6583399681528662,0,25,None,66,1,5,False,1000,1000
4248,63,betCent,10,0.6610270700636943,0,25,None,66,1,5,False,1000,1000
4249,64,betCent,10,0.6641122611464968,0,25,None,66,1,5,False,1000,1000
4250,60,betCent,10,0.6926751592356688,0,3,None,66,1,5,False,1000,1000
4251,61,betCent,10,0.6955613057324841,0,3,None,66,1,5,False,1000,1000
4252,62,betCent,10,0.6977507961783439,0,3,None,66,1,5,False,1000,1000
4253,63,betCent,10,0.7000398089171974,0,3,None,66,1,5,False,1000,1000
4254,64,betCent,10,0.7021297770700637,0,3,None,66,1,5,False,1000,1000
4255,60,betCent,10,0.6859076433121019,0,9,None,66,1,5,False,1000,1000
4256,61,betCent,10,0.6890923566878981,0,9,None,66,1,5,False,1000,1000
4257,62,betCent,10,0.693172770700637,0,9,None,66,1,5,False,1000,1000
4258,63,betCent,10,0.6967555732484076,0,9,None,66,1,5,False,1000,1000
4259,64,betCent,10,0.6984474522292994,0,9,None,66,1,5,False,1000,1000
4260,60,betCent,10,0.6599323248407644,0,6,None,66,1,5,False,1000,1000
4261,61,betCent,10,0.6621218152866242,0,6,None,66,1,5,False,1000,1000
4262,62,betCent,10,0.6637141719745223,0,6,None,66,1,5,False,1000,1000
4263,63,betCent,10,0.6647093949044586,0,6,None,66,1,5,False,1000,1000
4264,64,betCent,10,0.6660031847133758,0,6,None,66,1,5,False,1000,1000
4265,60,betCent,10,0.669187898089172,0,26,None,66,1,5,False,1000,1000
4266,61,betCent,10,0.6713773885350318,0,26,None,66,1,5,False,1000,1000
4267,62,betCent,10,0.6736664012738853,0,26,None,66,1,5,False,1000,1000
4268,63,betCent,10,0.6763535031847133,0,26,None,66,1,5,False,1000,1000
4269,64,betCent,10,0.678343949044586,0,26,None,66,1,5,False,1000,1000
4270,60,betCent,10,0.7112858280254777,0,12,None,66,1,5,False,1000,1000
4271,61,betCent,10,0.7150676751592356,0,12,None,66,1,5,False,1000,1000
4272,62,betCent,10,0.7178542993630573,0,12,None,66,1,5,False,1000,1000
4273,63,betCent,10,0.7185509554140127,0,12,None,66,1,5,False,1000,1000
4274,64,betCent,10,0.7202428343949044,0,12,None,66,1,5,False,1000,1000
4275,65,betCent,10,0.7068073248407644,0,24,None,66,1,5,False,1000,1000
4276,66,betCent,10,0.7097929936305732,0,24,None,66,1,5,False,1000,1000
4277,67,betCent,10,0.7131767515923567,0,24,None,66,1,5,False,1000,1000
4278,68,betCent,10,0.7166600318471338,0,24,None,66,1,5,False,1000,1000
4279,69,betCent,10,0.7188495222929936,0,24,None,66,1,5,False,1000,1000
4280,65,betCent,10,0.6776472929936306,0,31,None,66,1,5,False,1000,1000
4281,66,betCent,10,0.6789410828025477,0,31,None,66,1,5,False,1000,1000
4282,67,betCent,10,0.6812300955414012,0,31,None,66,1,5,False,1000,1000
4283,68,betCent,10,0.683718152866242,0,31,None,66,1,5,False,1000,1000
4284,69,betCent,10,0.6867038216560509,0,31,None,66,1,5,False,1000,1000
4285,60,betCent,10,0.6164410828025477,0,14,None,66,1,5,False,1000,1000
4286,61,betCent,10,0.6216162420382165,0,14,None,66,1,5,False,1000,1000
4287,62,betCent,10,0.6250995222929936,0,14,None,66,1,5,False,1000,1000
4288,63,betCent,10,0.6294785031847133,0,14,None,66,1,5,False,1000,1000
4289,64,betCent,10,0.6320660828025477,0,14,None,66,1,5,False,1000,1000
4290,60,betCent,10,0.6269904458598726,0,4,None,66,1,5,False,1000,1000
4291,61,betCent,10,0.6311703821656051,0,4,None,66,1,5,False,1000,1000
4292,62,betCent,10,0.6345541401273885,0,4,None,66,1,5,False,1000,1000
4293,63,betCent,10,0.6390326433121019,0,4,None,66,1,5,False,1000,1000
4294,64,betCent,10,0.6428144904458599,0,4,None,66,1,5,False,1000,1000
4295,60,betCent,10,0.6744625796178344,0,22,None,66,1,5,False,1000,1000
4296,61,betCent,10,0.6770501592356688,0,22,None,66,1,5,False,1000,1000
4297,62,betCent,10,0.6785429936305732,0,22,None,66,1,5,False,1000,1000
4298,63,betCent,10,0.6812300955414012,0,22,None,66,1,5,False,1000,1000
4299,64,betCent,10,0.6846138535031847,0,22,None,66,1,5,False,1000,1000
4300,65,betCent,10,0.6663017515923567,0,25,None,66,1,5,False,1000,1000
4301,66,betCent,10,0.6708797770700637,0,25,None,66,1,5,False,1000,1000
4302,67,betCent,10,0.6749601910828026,0,25,None,66,1,5,False,1000,1000
4303,68,betCent,10,0.6781449044585988,0,25,None,66,1,5,False,1000,1000
4304,69,betCent,10,0.6819267515923567,0,25,None,66,1,5,False,1000,1000
4305,65,betCent,10,0.6675955414012739,0,1,None,66,1,5,False,1000,1000
4306,66,betCent,10,0.6689888535031847,0,1,None,66,1,5,False,1000,1000
4307,67,betCent,10,0.6704816878980892,0,1,None,66,1,5,False,1000,1000
4308,68,betCent,10,0.67078025477707,0,1,None,66,1,5,False,1000,1000
4309,69,betCent,10,0.6721735668789809,0,1,None,66,1,5,False,1000,1000
4310,65,betCent,10,0.7049164012738853,0,13,None,66,1,5,False,1000,1000
4311,66,betCent,10,0.707703025477707,0,13,None,66,1,5,False,1000,1000
4312,67,betCent,10,0.7102906050955414,0,13,None,66,1,5,False,1000,1000
4313,68,betCent,10,0.7124800955414012,0,13,None,66,1,5,False,1000,1000
4314,69,betCent,10,0.7140724522292994,0,13,None,66,1,5,False,1000,1000
4315,65,betCent,10,0.7002388535031847,0,21,None,66,1,5,False,1000,1000
4316,66,betCent,10,0.7015326433121019,0,21,None,66,1,5,False,1000,1000
4317,67,betCent,10,0.7040207006369427,0,21,None,66,1,5,False,1000,1000
4318,68,betCent,10,0.7062101910828026,0,21,None,66,1,5,False,1000,1000
4319,69,betCent,10,0.7090963375796179,0,21,None,66,1,5,False,1000,1000
4320,65,betCent,10,0.6797372611464968,0,27,None,66,1,5,False,1000,1000
4321,66,betCent,10,0.6809315286624203,0,27,None,66,1,5,False,1000,1000
4322,67,betCent,10,0.6821257961783439,0,27,None,66,1,5,False,1000,1000
4323,68,betCent,10,0.683718152866242,0,27,None,66,1,5,False,1000,1000
4324,69,betCent,10,0.6845143312101911,0,27,None,66,1,5,False,1000,1000
4325,65,betCent,10,0.6925756369426752,0,29,None,66,1,5,False,1000,1000
4326,66,betCent,10,0.6932722929936306,0,29,None,66,1,5,False,1000,1000
4327,67,betCent,10,0.6935708598726115,0,29,None,66,1,5,False,1000,1000
4328,68,betCent,10,0.6937699044585988,0,29,None,66,1,5,False,1000,1000
4329,69,betCent,10,0.6937699044585988,0,29,None,66,1,5,False,1000,1000
4330,65,betCent,10,0.6630175159235668,0,2,None,66,1,5,False,1000,1000
4331,66,betCent,10,0.6641122611464968,0,2,None,66,1,5,False,1000,1000
4332,67,betCent,10,0.6652070063694268,0,2,None,66,1,5,False,1000,1000
4333,68,betCent,10,0.6663017515923567,0,2,None,66,1,5,False,1000,1000
4334,69,betCent,10,0.6683917197452229,0,2,None,66,1,5,False,1000,1000
4335,65,betCent,10,0.6996417197452229,0,17,None,66,1,5,False,1000,1000
4336,66,betCent,10,0.7015326433121019,0,17,None,66,1,5,False,1000,1000
4337,67,betCent,10,0.7034235668789809,0,17,None,66,1,5,False,1000,1000
4338,68,betCent,10,0.7046178343949044,0,17,None,66,1,5,False,1000,1000
4339,69,betCent,10,0.7066082802547771,0,17,None,66,1,5,False,1000,1000
4340,65,betCent,10,0.5690684713375797,0,28,None,66,1,5,False,1000,1000
4341,66,betCent,10,0.5824044585987261,0,28,None,66,1,5,False,1000,1000
4342,67,betCent,10,0.5897691082802548,0,28,None,66,1,5,False,1000,1000
4343,68,betCent,10,0.5962380573248408,0,28,None,66,1,5,False,1000,1000
4344,69,betCent,10,0.6003184713375797,0,28,None,66,1,5,False,1000,1000
4345,65,betCent,10,0.6968550955414012,0,5,None,66,1,5,False,1000,1000
4346,66,betCent,10,0.6991441082802548,0,5,None,66,1,5,False,1000,1000
4347,67,betCent,10,0.7006369426751592,0,5,None,66,1,5,False,1000,1000
4348,68,betCent,10,0.7028264331210191,0,5,None,66,1,5,False,1000,1000
4349,69,betCent,10,0.7039211783439491,0,5,None,66,1,5,False,1000,1000
4350,65,betCent,10,0.7196457006369427,0,12,None,66,1,5,False,1000,1000
4351,66,betCent,10,0.7217356687898089,0,12,None,66,1,5,False,1000,1000
4352,67,betCent,10,0.7245222929936306,0,12,None,66,1,5,False,1000,1000
4353,68,betCent,10,0.7269108280254777,0,12,None,66,1,5,False,1000,1000
4354,69,betCent,10,0.7285031847133758,0,12,None,66,1,5,False,1000,1000
4355,65,betCent,10,0.6880971337579618,0,26,None,66,1,5,False,1000,1000
4356,66,betCent,10,0.6910828025477707,0,26,None,66,1,5,False,1000,1000
4357,67,betCent,10,0.6926751592356688,0,26,None,66,1,5,False,1000,1000
4358,68,betCent,10,0.6932722929936306,0,26,None,66,1,5,False,1000,1000
4359,69,betCent,10,0.6951632165605095,0,26,None,66,1,5,False,1000,1000
4360,65,betCent,10,0.6808320063694268,0,30,None,66,1,5,False,1000,1000
4361,66,betCent,10,0.6819267515923567,0,30,None,66,1,5,False,1000,1000
4362,67,betCent,10,0.6855095541401274,0,30,None,66,1,5,False,1000,1000
4363,68,betCent,10,0.6872014331210191,0,30,None,66,1,5,False,1000,1000
4364,69,betCent,10,0.6892914012738853,0,30,None,66,1,5,False,1000,1000
4365,65,betCent,10,0.634156050955414,0,11,None,66,1,5,False,1000,1000
4366,66,betCent,10,0.636046974522293,0,11,None,66,1,5,False,1000,1000
4367,67,betCent,10,0.6382364649681529,0,11,None,66,1,5,False,1000,1000
4368,68,betCent,10,0.6404259554140127,0,11,None,66,1,5,False,1000,1000
4369,69,betCent,10,0.6419187898089171,0,11,None,66,1,5,False,1000,1000
4370,65,betCent,10,0.6881966560509554,0,10,None,66,1,5,False,1000,1000
4371,66,betCent,10,0.6917794585987261,0,10,None,66,1,5,False,1000,1000
4372,67,betCent,10,0.6927746815286624,0,10,None,66,1,5,False,1000,1000
4373,68,betCent,10,0.6961584394904459,0,10,None,66,1,5,False,1000,1000
4374,69,betCent,10,0.698546974522293,0,10,None,66,1,5,False,1000,1000
4375,65,betCent,10,0.7013335987261147,0,15,None,66,1,5,False,1000,1000
4376,66,betCent,10,0.7017316878980892,0,15,None,66,1,5,False,1000,1000
4377,67,betCent,10,0.7027269108280255,0,15,None,66,1,5,False,1000,1000
4378,68,betCent,10,0.70421974522293,0,15,None,66,1,5,False,1000,1000
4379,69,betCent,10,0.7048168789808917,0,15,None,66,1,5,False,1000,1000
4380,65,betCent,10,0.6626194267515924,0,20,None,66,1,5,False,1000,1000
4381,66,betCent,10,0.6656050955414012,0,20,None,66,1,5,False,1000,1000
4382,67,betCent,10,0.6690883757961783,0,20,None,66,1,5,False,1000,1000
4383,68,betCent,10,0.6716759554140127,0,20,None,66,1,5,False,1000,1000
4384,69,betCent,10,0.6733678343949044,0,20,None,66,1,5,False,1000,1000
4385,65,betCent,10,0.7024283439490446,0,3,None,66,1,5,False,1000,1000
4386,66,betCent,10,0.7052149681528662,0,3,None,66,1,5,False,1000,1000
4387,67,betCent,10,0.706906847133758,0,3,None,66,1,5,False,1000,1000
4388,68,betCent,10,0.7100915605095541,0,3,None,66,1,5,False,1000,1000
4389,69,betCent,10,0.7128781847133758,0,3,None,66,1,5,False,1000,1000
4390,65,betCent,10,0.645203025477707,0,23,None,66,1,5,False,1000,1000
4391,66,betCent,10,0.6476910828025477,0,23,None,66,1,5,False,1000,1000
4392,67,betCent,10,0.6504777070063694,0,23,None,66,1,5,False,1000,1000
4393,68,betCent,10,0.6526671974522293,0,23,None,66,1,5,False,1000,1000
4394,69,betCent,10,0.654359076433121,0,23,None,66,1,5,False,1000,1000
4395,65,betCent,10,0.6565485668789809,0,7,None,66,1,5,False,1000,1000
4396,66,betCent,10,0.6590366242038217,0,7,None,66,1,5,False,1000,1000
4397,67,betCent,10,0.6613256369426752,0,7,None,66,1,5,False,1000,1000
4398,68,betCent,10,0.6632165605095541,0,7,None,66,1,5,False,1000,1000
4399,69,betCent,10,0.6645103503184714,0,7,None,66,1,5,False,1000,1000
4400,65,betCent,10,0.7157643312101911,0,32,None,66,1,5,False,1000,1000
4401,66,betCent,10,0.7179538216560509,0,32,None,66,1,5,False,1000,1000
4402,67,betCent,10,0.7200437898089171,0,32,None,66,1,5,False,1000,1000
4403,68,betCent,10,0.7216361464968153,0,32,None,66,1,5,False,1000,1000
4404,69,betCent,10,0.7224323248407644,0,32,None,66,1,5,False,1000,1000
4405,65,betCent,10,0.6481886942675159,0,4,None,66,1,5,False,1000,1000
4406,66,betCent,10,0.6527667197452229,0,4,None,66,1,5,False,1000,1000
4407,67,betCent,10,0.6576433121019108,0,4,None,66,1,5,False,1000,1000
4408,68,betCent,10,0.6599323248407644,0,4,None,66,1,5,False,1000,1000
4409,69,betCent,10,0.6625199044585988,0,4,None,66,1,5,False,1000,1000
4410,65,betCent,10,0.669187898089172,0,0,None,66,1,5,False,1000,1000
4411,66,betCent,10,0.6714769108280255,0,0,None,66,1,5,False,1000,1000
4412,67,betCent,10,0.6743630573248408,0,0,None,66,1,5,False,1000,1000
4413,68,betCent,10,0.676453025477707,0,0,None,66,1,5,False,1000,1000
4414,69,betCent,10,0.6776472929936306,0,0,None,66,1,5,False,1000,1000
4415,65,betCent,10,0.6941679936305732,0,16,None,66,1,5,False,1000,1000
4416,66,betCent,10,0.6959593949044586,0,16,None,66,1,5,False,1000,1000
4417,67,betCent,10,0.6965565286624203,0,16,None,66,1,5,False,1000,1000
4418,68,betCent,10,0.6976512738853503,0,16,None,66,1,5,False,1000,1000
4419,69,betCent,10,0.6987460191082803,0,16,None,66,1,5,False,1000,1000
4420,65,betCent,10,0.6291799363057324,0,8,None,66,1,5,False,1000,1000
4421,66,betCent,10,0.632265127388535,0,8,None,66,1,5,False,1000,1000
4422,67,betCent,10,0.636046974522293,0,8,None,66,1,5,False,1000,1000
4423,68,betCent,10,0.638734076433121,0,8,None,66,1,5,False,1000,1000
4424,69,betCent,10,0.6415207006369427,0,8,None,66,1,5,False,1000,1000
4425,65,betCent,10,0.6757563694267515,0,19,None,66,1,5,False,1000,1000
4426,66,betCent,10,0.6790406050955414,0,19,None,66,1,5,False,1000,1000
4427,67,betCent,10,0.6819267515923567,0,19,None,66,1,5,False,1000,1000
4428,68,betCent,10,0.6850119426751592,0,19,None,66,1,5,False,1000,1000
4429,69,betCent,10,0.6883957006369427,0,19,None,66,1,5,False,1000,1000
4430,65,betCent,10,0.7070063694267515,0,18,None,66,1,5,False,1000,1000
4431,66,betCent,10,0.7090963375796179,0,18,None,66,1,5,False,1000,1000
4432,67,betCent,10,0.7105891719745223,0,18,None,66,1,5,False,1000,1000
4433,68,betCent,10,0.7129777070063694,0,18,None,66,1,5,False,1000,1000
4434,69,betCent,10,0.7146695859872612,0,18,None,66,1,5,False,1000,1000
4435,70,betCent,10,0.6827229299363057,0,31,None,66,1,5,False,1000,1000
4436,71,betCent,10,0.6862062101910829,0,31,None,66,1,5,False,1000,1000
4437,72,betCent,10,0.6898885350318471,0,31,None,66,1,5,False,1000,1000
4438,73,betCent,10,0.6924761146496815,0,31,None,66,1,5,False,1000,1000
4439,74,betCent,10,0.6943670382165605,0,31,None,66,1,5,False,1000,1000
4440,65,betCent,10,0.6751592356687898,0,6,None,66,1,5,False,1000,1000
4441,66,betCent,10,0.6766520700636943,0,6,None,66,1,5,False,1000,1000
4442,67,betCent,10,0.6770501592356688,0,6,None,66,1,5,False,1000,1000
4443,68,betCent,10,0.6778463375796179,0,6,None,66,1,5,False,1000,1000
4444,69,betCent,10,0.6787420382165605,0,6,None,66,1,5,False,1000,1000
4445,65,betCent,10,0.7017316878980892,0,9,None,66,1,5,False,1000,1000
4446,66,betCent,10,0.7044187898089171,0,9,None,66,1,5,False,1000,1000
4447,67,betCent,10,0.7074044585987261,0,9,None,66,1,5,False,1000,1000
4448,68,betCent,10,0.710390127388535,0,9,None,66,1,5,False,1000,1000
4449,69,betCent,10,0.7139729299363057,0,9,None,66,1,5,False,1000,1000
4450,65,betCent,10,0.68640525477707,0,22,None,66,1,5,False,1000,1000
4451,66,betCent,10,0.6896894904458599,0,22,None,66,1,5,False,1000,1000
4452,67,betCent,10,0.6926751592356688,0,22,None,66,1,5,False,1000,1000
4453,68,betCent,10,0.6952627388535032,0,22,None,66,1,5,False,1000,1000
4454,69,betCent,10,0.695859872611465,0,22,None,66,1,5,False,1000,1000
4455,65,betCent,10,0.6388335987261147,0,14,None,66,1,5,False,1000,1000
4456,66,betCent,10,0.6446058917197452,0,14,None,66,1,5,False,1000,1000
4457,67,betCent,10,0.6473925159235668,0,14,None,66,1,5,False,1000,1000
4458,68,betCent,10,0.650577229299363,0,14,None,66,1,5,False,1000,1000
4459,69,betCent,10,0.6531648089171974,0,14,None,66,1,5,False,1000,1000
4460,70,betCent,10,0.6871019108280255,0,19,None,66,1,5,False,1000,1000
4461,71,betCent,10,0.6910828025477707,0,19,None,66,1,5,False,1000,1000
4462,72,betCent,10,0.6954617834394905,0,19,None,66,1,5,False,1000,1000
4463,73,betCent,10,0.6977507961783439,0,19,None,66,1,5,False,1000,1000
4464,74,betCent,10,0.7016321656050956,0,19,None,66,1,5,False,1000,1000
4465,70,betCent,10,0.7159633757961783,0,24,None,66,1,5,False,1000,1000
4466,71,betCent,10,0.7181528662420382,0,24,None,66,1,5,False,1000,1000
4467,72,betCent,10,0.721437101910828,0,24,None,66,1,5,False,1000,1000
4468,73,betCent,10,0.724422770700637,0,24,None,66,1,5,False,1000,1000
4469,74,betCent,10,0.7291003184713376,0,24,None,66,1,5,False,1000,1000
4470,70,betCent,10,0.7024283439490446,0,16,None,66,1,5,False,1000,1000
4471,71,betCent,10,0.7039211783439491,0,16,None,66,1,5,False,1000,1000
4472,72,betCent,10,0.7057125796178344,0,16,None,66,1,5,False,1000,1000
4473,73,betCent,10,0.706906847133758,0,16,None,66,1,5,False,1000,1000
4474,74,betCent,10,0.7078025477707006,0,16,None,66,1,5,False,1000,1000
4475,70,betCent,10,0.6967555732484076,0,26,None,66,1,5,False,1000,1000
4476,71,betCent,10,0.6987460191082803,0,26,None,66,1,5,False,1000,1000
4477,72,betCent,10,0.6999402866242038,0,26,None,66,1,5,False,1000,1000
4478,73,betCent,10,0.7015326433121019,0,26,None,66,1,5,False,1000,1000
4479,74,betCent,10,0.7038216560509554,0,26,None,66,1,5,False,1000,1000
4480,70,betCent,10,0.693172770700637,0,30,None,66,1,5,False,1000,1000
4481,71,betCent,10,0.6944665605095541,0,30,None,66,1,5,False,1000,1000
4482,72,betCent,10,0.6955613057324841,0,30,None,66,1,5,False,1000,1000
4483,73,betCent,10,0.6982484076433121,0,30,None,66,1,5,False,1000,1000
4484,74,betCent,10,0.701234076433121,0,30,None,66,1,5,False,1000,1000
4485,70,betCent,10,0.6769506369426752,0,1,None,66,1,5,False,1000,1000
4486,71,betCent,10,0.6784434713375797,0,1,None,66,1,5,False,1000,1000
4487,72,betCent,10,0.6805334394904459,0,1,None,66,1,5,False,1000,1000
4488,73,betCent,10,0.6836186305732485,0,1,None,66,1,5,False,1000,1000
4489,74,betCent,10,0.6868033439490446,0,1,None,66,1,5,False,1000,1000
4490,70,betCent,10,0.7128781847133758,0,13,None,66,1,5,False,1000,1000
4491,71,betCent,10,0.7159633757961783,0,13,None,66,1,5,False,1000,1000
4492,72,betCent,10,0.7183519108280255,0,13,None,66,1,5,False,1000,1000
4493,73,betCent,10,0.7202428343949044,0,13,None,66,1,5,False,1000,1000
4494,74,betCent,10,0.7228304140127388,0,13,None,66,1,5,False,1000,1000
4495,70,betCent,10,0.7106886942675159,0,21,None,66,1,5,False,1000,1000
4496,71,betCent,10,0.7109872611464968,0,21,None,66,1,5,False,1000,1000
4497,72,betCent,10,0.7118829617834395,0,21,None,66,1,5,False,1000,1000
4498,73,betCent,10,0.7137738853503185,0,21,None,66,1,5,False,1000,1000
4499,74,betCent,10,0.716062898089172,0,21,None,66,1,5,False,1000,1000
4500,70,betCent,10,0.6909832802547771,0,27,None,66,1,5,False,1000,1000
4501,71,betCent,10,0.6917794585987261,0,27,None,66,1,5,False,1000,1000
4502,72,betCent,10,0.6928742038216561,0,27,None,66,1,5,False,1000,1000
4503,73,betCent,10,0.6938694267515924,0,27,None,66,1,5,False,1000,1000
4504,74,betCent,10,0.6941679936305732,0,27,None,66,1,5,False,1000,1000
4505,70,betCent,10,0.6840167197452229,0,25,None,66,1,5,False,1000,1000
4506,71,betCent,10,0.6878980891719745,0,25,None,66,1,5,False,1000,1000
4507,72,betCent,10,0.6914808917197452,0,25,None,66,1,5,False,1000,1000
4508,73,betCent,10,0.6943670382165605,0,25,None,66,1,5,False,1000,1000
4509,74,betCent,10,0.6981488853503185,0,25,None,66,1,5,False,1000,1000
4510,70,betCent,10,0.7005374203821656,0,29,None,66,1,5,False,1000,1000
4511,71,betCent,10,0.7019307324840764,0,29,None,66,1,5,False,1000,1000
4512,72,betCent,10,0.70203025477707,0,29,None,66,1,5,False,1000,1000
4513,73,betCent,10,0.7034235668789809,0,29,None,66,1,5,False,1000,1000
4514,74,betCent,10,0.7038216560509554,0,29,None,66,1,5,False,1000,1000
4515,70,betCent,10,0.6716759554140127,0,2,None,66,1,5,False,1000,1000
4516,71,betCent,10,0.6730692675159236,0,2,None,66,1,5,False,1000,1000
4517,72,betCent,10,0.6740644904458599,0,2,None,66,1,5,False,1000,1000
4518,73,betCent,10,0.6757563694267515,0,2,None,66,1,5,False,1000,1000
4519,74,betCent,10,0.6773487261146497,0,2,None,66,1,5,False,1000,1000
4520,70,betCent,10,0.7065087579617835,0,5,None,66,1,5,False,1000,1000
4521,71,betCent,10,0.7083996815286624,0,5,None,66,1,5,False,1000,1000
4522,72,betCent,10,0.7096934713375797,0,5,None,66,1,5,False,1000,1000
4523,73,betCent,10,0.7109872611464968,0,5,None,66,1,5,False,1000,1000
4524,74,betCent,10,0.7116839171974523,0,5,None,66,1,5,False,1000,1000
4525,70,betCent,10,0.6674960191082803,0,7,None,66,1,5,False,1000,1000
4526,71,betCent,10,0.6702826433121019,0,7,None,66,1,5,False,1000,1000
4527,72,betCent,10,0.6732683121019108,0,7,None,66,1,5,False,1000,1000
4528,73,betCent,10,0.6755573248407644,0,7,None,66,1,5,False,1000,1000
4529,74,betCent,10,0.6767515923566879,0,7,None,66,1,5,False,1000,1000
4530,70,betCent,10,0.7133757961783439,0,9,None,66,1,5,False,1000,1000
4531,71,betCent,10,0.714968152866242,0,9,None,66,1,5,False,1000,1000
4532,72,betCent,10,0.7170581210191083,0,9,None,66,1,5,False,1000,1000
4533,73,betCent,10,0.7195461783439491,0,9,None,66,1,5,False,1000,1000
4534,74,betCent,10,0.722531847133758,0,9,None,66,1,5,False,1000,1000
4535,70,betCent,10,0.6468949044585988,0,11,None,66,1,5,False,1000,1000
4536,71,betCent,10,0.648984872611465,0,11,None,66,1,5,False,1000,1000
4537,72,betCent,10,0.6498805732484076,0,11,None,66,1,5,False,1000,1000
4538,73,betCent,10,0.6507762738853503,0,11,None,66,1,5,False,1000,1000
4539,74,betCent,10,0.6519705414012739,0,11,None,66,1,5,False,1000,1000
4540,70,betCent,10,0.7292993630573248,0,12,None,66,1,5,False,1000,1000
4541,71,betCent,10,0.7311902866242038,0,12,None,66,1,5,False,1000,1000
4542,72,betCent,10,0.73328025477707,0,12,None,66,1,5,False,1000,1000
4543,73,betCent,10,0.7355692675159236,0,12,None,66,1,5,False,1000,1000
4544,74,betCent,10,0.737062101910828,0,12,None,66,1,5,False,1000,1000
4545,70,betCent,10,0.7124800955414012,0,15,None,66,1,5,False,1000,1000
4546,71,betCent,10,0.7131767515923567,0,15,None,66,1,5,False,1000,1000
4547,72,betCent,10,0.7136743630573248,0,15,None,66,1,5,False,1000,1000
4548,73,betCent,10,0.714171974522293,0,15,None,66,1,5,False,1000,1000
4549,74,betCent,10,0.7152667197452229,0,15,None,66,1,5,False,1000,1000
4550,70,betCent,10,0.7104896496815286,0,17,None,66,1,5,False,1000,1000
4551,71,betCent,10,0.7117834394904459,0,17,None,66,1,5,False,1000,1000
4552,72,betCent,10,0.7144705414012739,0,17,None,66,1,5,False,1000,1000
4553,73,betCent,10,0.7175557324840764,0,17,None,66,1,5,False,1000,1000
4554,74,betCent,10,0.7189490445859873,0,17,None,66,1,5,False,1000,1000
4555,70,betCent,10,0.716859076433121,0,18,None,66,1,5,False,1000,1000
4556,71,betCent,10,0.7182523885350318,0,18,None,66,1,5,False,1000,1000
4557,72,betCent,10,0.7190485668789809,0,18,None,66,1,5,False,1000,1000
4558,73,betCent,10,0.7196457006369427,0,18,None,66,1,5,False,1000,1000
4559,74,betCent,10,0.7217356687898089,0,18,None,66,1,5,False,1000,1000
4560,70,betCent,10,0.5719546178343949,0,28,None,66,1,5,False,1000,1000
4561,71,betCent,10,0.5870820063694268,0,28,None,66,1,5,False,1000,1000
4562,72,betCent,10,0.5981289808917197,0,28,None,66,1,5,False,1000,1000
4563,73,betCent,10,0.6056926751592356,0,28,None,66,1,5,False,1000,1000
4564,74,betCent,10,0.6113654458598726,0,28,None,66,1,5,False,1000,1000
4565,70,betCent,10,0.6817277070063694,0,0,None,66,1,5,False,1000,1000
4566,71,betCent,10,0.6834195859872612,0,0,None,66,1,5,False,1000,1000
4567,72,betCent,10,0.684812898089172,0,0,None,66,1,5,False,1000,1000
4568,73,betCent,10,0.6860071656050956,0,0,None,66,1,5,False,1000,1000
4569,74,betCent,10,0.6868033439490446,0,0,None,66,1,5,False,1000,1000
4570,70,betCent,10,0.711484872611465,0,3,None,66,1,5,False,1000,1000
4571,71,betCent,10,0.7154657643312102,0,3,None,66,1,5,False,1000,1000
4572,72,betCent,10,0.7184514331210191,0,3,None,66,1,5,False,1000,1000
4573,73,betCent,10,0.7195461783439491,0,3,None,66,1,5,False,1000,1000
4574,74,betCent,10,0.7212380573248408,0,3,None,66,1,5,False,1000,1000
4575,70,betCent,10,0.6872014331210191,0,6,None,66,1,5,False,1000,1000
4576,71,betCent,10,0.6882961783439491,0,6,None,66,1,5,False,1000,1000
4577,72,betCent,10,0.6898885350318471,0,6,None,66,1,5,False,1000,1000
4578,73,betCent,10,0.6916799363057324,0,6,None,66,1,5,False,1000,1000
4579,74,betCent,10,0.6922770700636943,0,6,None,66,1,5,False,1000,1000
4580,70,betCent,10,0.6422173566878981,0,8,None,66,1,5,False,1000,1000
4581,71,betCent,10,0.6471934713375797,0,8,None,66,1,5,False,1000,1000
4582,72,betCent,10,0.6499800955414012,0,8,None,66,1,5,False,1000,1000
4583,73,betCent,10,0.6536624203821656,0,8,None,66,1,5,False,1000,1000
4584,74,betCent,10,0.6593351910828026,0,8,None,66,1,5,False,1000,1000
4585,70,betCent,10,0.70203025477707,0,10,None,66,1,5,False,1000,1000
4586,71,betCent,10,0.7053144904458599,0,10,None,66,1,5,False,1000,1000
4587,72,betCent,10,0.706906847133758,0,10,None,66,1,5,False,1000,1000
4588,73,betCent,10,0.7086982484076433,0,10,None,66,1,5,False,1000,1000
4589,74,betCent,10,0.7091958598726115,0,10,None,66,1,5,False,1000,1000
4590,70,betCent,10,0.6770501592356688,0,20,None,66,1,5,False,1000,1000
4591,71,betCent,10,0.6798367834394905,0,20,None,66,1,5,False,1000,1000
4592,72,betCent,10,0.6822253184713376,0,20,None,66,1,5,False,1000,1000
4593,73,betCent,10,0.6860071656050956,0,20,None,66,1,5,False,1000,1000
4594,74,betCent,10,0.689390923566879,0,20,None,66,1,5,False,1000,1000
4595,70,betCent,10,0.6519705414012739,0,23,None,66,1,5,False,1000,1000
4596,71,betCent,10,0.6542595541401274,0,23,None,66,1,5,False,1000,1000
4597,72,betCent,10,0.6569466560509554,0,23,None,66,1,5,False,1000,1000
4598,73,betCent,10,0.6596337579617835,0,23,None,66,1,5,False,1000,1000
4599,74,betCent,10,0.661922770700637,0,23,None,66,1,5,False,1000,1000
4600,70,betCent,10,0.7236265923566879,0,32,None,66,1,5,False,1000,1000
4601,71,betCent,10,0.726015127388535,0,32,None,66,1,5,False,1000,1000
4602,72,betCent,10,0.7276074840764332,0,32,None,66,1,5,False,1000,1000
4603,73,betCent,10,0.7284036624203821,0,32,None,66,1,5,False,1000,1000
4604,74,betCent,10,0.7300955414012739,0,32,None,66,1,5,False,1000,1000
4605,70,betCent,10,0.6578423566878981,0,14,None,66,1,5,False,1000,1000
4606,71,betCent,10,0.6620222929936306,0,14,None,66,1,5,False,1000,1000
4607,72,betCent,10,0.6644108280254777,0,14,None,66,1,5,False,1000,1000
4608,73,betCent,10,0.6681926751592356,0,14,None,66,1,5,False,1000,1000
4609,74,betCent,10,0.6719745222929936,0,14,None,66,1,5,False,1000,1000
4610,70,betCent,10,0.6637141719745223,0,4,None,66,1,5,False,1000,1000
4611,71,betCent,10,0.6670979299363057,0,4,None,66,1,5,False,1000,1000
4612,72,betCent,10,0.6700835987261147,0,4,None,66,1,5,False,1000,1000
4613,73,betCent,10,0.6731687898089171,0,4,None,66,1,5,False,1000,1000
4614,74,betCent,10,0.6746616242038217,0,4,None,66,1,5,False,1000,1000
4615,70,betCent,10,0.6986464968152867,0,22,None,66,1,5,False,1000,1000
4616,71,betCent,10,0.7014331210191083,0,22,None,66,1,5,False,1000,1000
4617,72,betCent,10,0.7032245222929936,0,22,None,66,1,5,False,1000,1000
4618,73,betCent,10,0.7044187898089171,0,22,None,66,1,5,False,1000,1000
4619,74,betCent,10,0.7074044585987261,0,22,None,66,1,5,False,1000,1000
4620,75,betCent,10,0.6996417197452229,0,25,None,66,1,5,False,1000,1000
4621,76,betCent,10,0.7022292993630573,0,25,None,66,1,5,False,1000,1000
4622,77,betCent,10,0.7059116242038217,0,25,None,66,1,5,False,1000,1000
4623,78,betCent,10,0.7085987261146497,0,25,None,66,1,5,False,1000,1000
4624,79,betCent,10,0.7109872611464968,0,25,None,66,1,5,False,1000,1000
4625,75,betCent,10,0.6890923566878981,0,1,None,66,1,5,False,1000,1000
4626,76,betCent,10,0.692078025477707,0,1,None,66,1,5,False,1000,1000
4627,77,betCent,10,0.6964570063694268,0,1,None,66,1,5,False,1000,1000
4628,78,betCent,10,0.7000398089171974,0,1,None,66,1,5,False,1000,1000
4629,79,betCent,10,0.703125,0,1,None,66,1,5,False,1000,1000
4630,75,betCent,10,0.7242237261146497,0,13,None,66,1,5,False,1000,1000
4631,76,betCent,10,0.7270103503184714,0,13,None,66,1,5,False,1000,1000
4632,77,betCent,10,0.7294984076433121,0,13,None,66,1,5,False,1000,1000
4633,78,betCent,10,0.7307921974522293,0,13,None,66,1,5,False,1000,1000
4634,79,betCent,10,0.7323845541401274,0,13,None,66,1,5,False,1000,1000
4635,75,betCent,10,0.7158638535031847,0,21,None,66,1,5,False,1000,1000
4636,76,betCent,10,0.7188495222929936,0,21,None,66,1,5,False,1000,1000
4637,77,betCent,10,0.7211385350318471,0,21,None,66,1,5,False,1000,1000
4638,78,betCent,10,0.7234275477707006,0,21,None,66,1,5,False,1000,1000
4639,79,betCent,10,0.7254179936305732,0,21,None,66,1,5,False,1000,1000
4640,75,betCent,10,0.6988455414012739,0,27,None,66,1,5,False,1000,1000
4641,76,betCent,10,0.7013335987261147,0,27,None,66,1,5,False,1000,1000
4642,77,betCent,10,0.7024283439490446,0,27,None,66,1,5,False,1000,1000
4643,78,betCent,10,0.7032245222929936,0,27,None,66,1,5,False,1000,1000
4644,79,betCent,10,0.7044187898089171,0,27,None,66,1,5,False,1000,1000
4645,75,betCent,10,0.7126791401273885,0,29,None,66,1,5,False,1000,1000
4646,76,betCent,10,0.712281050955414,0,29,None,66,1,5,False,1000,1000
4647,77,betCent,10,0.7129777070063694,0,29,None,66,1,5,False,1000,1000
4648,78,betCent,10,0.7129777070063694,0,29,None,66,1,5,False,1000,1000
4649,79,betCent,10,0.7132762738853503,0,29,None,66,1,5,False,1000,1000
4650,75,betCent,10,0.6798367834394905,0,2,None,66,1,5,False,1000,1000
4651,76,betCent,10,0.6814291401273885,0,2,None,66,1,5,False,1000,1000
4652,77,betCent,10,0.6828224522292994,0,2,None,66,1,5,False,1000,1000
4653,78,betCent,10,0.6834195859872612,0,2,None,66,1,5,False,1000,1000
4654,79,betCent,10,0.6854100318471338,0,2,None,66,1,5,False,1000,1000
4655,75,betCent,10,0.7243232484076433,0,9,None,66,1,5,False,1000,1000
4656,76,betCent,10,0.7265127388535032,0,9,None,66,1,5,False,1000,1000
4657,77,betCent,10,0.7276074840764332,0,9,None,66,1,5,False,1000,1000
4658,78,betCent,10,0.7299960191082803,0,9,None,66,1,5,False,1000,1000
4659,79,betCent,10,0.7320859872611465,0,9,None,66,1,5,False,1000,1000
4660,75,betCent,10,0.5793192675159236,0,28,None,66,1,5,False,1000,1000
4661,76,betCent,10,0.5972332802547771,0,28,None,66,1,5,False,1000,1000
4662,77,betCent,10,0.6110668789808917,0,28,None,66,1,5,False,1000,1000
4663,78,betCent,10,0.6173367834394905,0,28,None,66,1,5,False,1000,1000
4664,79,betCent,10,0.6226114649681529,0,28,None,66,1,5,False,1000,1000
4665,75,betCent,10,0.7078025477707006,0,22,None,66,1,5,False,1000,1000
4666,76,betCent,10,0.7102906050955414,0,22,None,66,1,5,False,1000,1000
4667,77,betCent,10,0.7115843949044586,0,22,None,66,1,5,False,1000,1000
4668,78,betCent,10,0.7133757961783439,0,22,None,66,1,5,False,1000,1000
4669,79,betCent,10,0.7142714968152867,0,22,None,66,1,5,False,1000,1000
4670,75,betCent,10,0.7156648089171974,0,5,None,66,1,5,False,1000,1000
4671,76,betCent,10,0.7173566878980892,0,5,None,66,1,5,False,1000,1000
4672,77,betCent,10,0.7179538216560509,0,5,None,66,1,5,False,1000,1000
4673,78,betCent,10,0.71984474522293,0,5,None,66,1,5,False,1000,1000
4674,79,betCent,10,0.7216361464968153,0,5,None,66,1,5,False,1000,1000
4675,75,betCent,10,0.7015326433121019,0,6,None,66,1,5,False,1000,1000
4676,76,betCent,10,0.7022292993630573,0,6,None,66,1,5,False,1000,1000
4677,77,betCent,10,0.7033240445859873,0,6,None,66,1,5,False,1000,1000
4678,78,betCent,10,0.7039211783439491,0,6,None,66,1,5,False,1000,1000
4679,79,betCent,10,0.7049164012738853,0,6,None,66,1,5,False,1000,1000
4680,75,betCent,10,0.7371616242038217,0,12,None,66,1,5,False,1000,1000
4681,76,betCent,10,0.7397492038216561,0,12,None,66,1,5,False,1000,1000
4682,77,betCent,10,0.7414410828025477,0,12,None,66,1,5,False,1000,1000
4683,78,betCent,10,0.7430334394904459,0,12,None,66,1,5,False,1000,1000
4684,79,betCent,10,0.7452229299363057,0,12,None,66,1,5,False,1000,1000
4685,75,betCent,10,0.6726711783439491,0,14,None,66,1,5,False,1000,1000
4686,76,betCent,10,0.677547770700637,0,14,None,66,1,5,False,1000,1000
4687,77,betCent,10,0.6812300955414012,0,14,None,66,1,5,False,1000,1000
4688,78,betCent,10,0.6850119426751592,0,14,None,66,1,5,False,1000,1000
4689,79,betCent,10,0.6876990445859873,0,14,None,66,1,5,False,1000,1000
4690,75,betCent,10,0.7070063694267515,0,26,None,66,1,5,False,1000,1000
4691,76,betCent,10,0.7092953821656051,0,26,None,66,1,5,False,1000,1000
4692,77,betCent,10,0.7107882165605095,0,26,None,66,1,5,False,1000,1000
4693,78,betCent,10,0.7110867834394905,0,26,None,66,1,5,False,1000,1000
4694,79,betCent,10,0.7120820063694268,0,26,None,66,1,5,False,1000,1000
4695,75,betCent,10,0.7035230891719745,0,30,None,66,1,5,False,1000,1000
4696,76,betCent,10,0.7049164012738853,0,30,None,66,1,5,False,1000,1000
4697,77,betCent,10,0.7071058917197452,0,30,None,66,1,5,False,1000,1000
4698,78,betCent,10,0.7100915605095541,0,30,None,66,1,5,False,1000,1000
4699,79,betCent,10,0.7116839171974523,0,30,None,66,1,5,False,1000,1000
4700,75,betCent,10,0.7116839171974523,0,16,None,66,1,5,False,1000,1000
4701,76,betCent,10,0.7123805732484076,0,16,None,66,1,5,False,1000,1000
4702,77,betCent,10,0.7136743630573248,0,16,None,66,1,5,False,1000,1000
4703,78,betCent,10,0.7145700636942676,0,16,None,66,1,5,False,1000,1000
4704,79,betCent,10,0.7155652866242038,0,16,None,66,1,5,False,1000,1000
4705,75,betCent,10,0.6847133757961783,0,20,None,66,1,5,False,1000,1000
4706,76,betCent,10,0.6871019108280255,0,20,None,66,1,5,False,1000,1000
4707,77,betCent,10,0.6914808917197452,0,20,None,66,1,5,False,1000,1000
4708,78,betCent,10,0.695859872611465,0,20,None,66,1,5,False,1000,1000
4709,79,betCent,10,0.6973527070063694,0,20,None,66,1,5,False,1000,1000
4710,75,betCent,10,0.7106886942675159,0,10,None,66,1,5,False,1000,1000
4711,76,betCent,10,0.711484872611465,0,10,None,66,1,5,False,1000,1000
4712,77,betCent,10,0.7118829617834395,0,10,None,66,1,5,False,1000,1000
4713,78,betCent,10,0.7150676751592356,0,10,None,66,1,5,False,1000,1000
4714,79,betCent,10,0.7172571656050956,0,10,None,66,1,5,False,1000,1000
4715,75,betCent,10,0.7232285031847133,0,15,None,66,1,5,False,1000,1000
4716,76,betCent,10,0.7237261146496815,0,15,None,66,1,5,False,1000,1000
4717,77,betCent,10,0.7238256369426752,0,15,None,66,1,5,False,1000,1000
4718,78,betCent,10,0.7256170382165605,0,15,None,66,1,5,False,1000,1000
4719,79,betCent,10,0.7268113057324841,0,15,None,66,1,5,False,1000,1000
4720,75,betCent,10,0.6602308917197452,0,23,None,66,1,5,False,1000,1000
4721,76,betCent,10,0.6630175159235668,0,23,None,66,1,5,False,1000,1000
4722,77,betCent,10,0.6655055732484076,0,23,None,66,1,5,False,1000,1000
4723,78,betCent,10,0.6685907643312102,0,23,None,66,1,5,False,1000,1000
4724,79,betCent,10,0.67078025477707,0,23,None,66,1,5,False,1000,1000
4725,75,betCent,10,0.6919785031847133,0,0,None,66,1,5,False,1000,1000
4726,76,betCent,10,0.6930732484076433,0,0,None,66,1,5,False,1000,1000
4727,77,betCent,10,0.693968949044586,0,0,None,66,1,5,False,1000,1000
4728,78,betCent,10,0.6961584394904459,0,0,None,66,1,5,False,1000,1000
4729,79,betCent,10,0.6979498407643312,0,0,None,66,1,5,False,1000,1000
4730,75,betCent,10,0.6832205414012739,0,7,None,66,1,5,False,1000,1000
4731,76,betCent,10,0.6858081210191083,0,7,None,66,1,5,False,1000,1000
4732,77,betCent,10,0.6879976114649682,0,7,None,66,1,5,False,1000,1000
4733,78,betCent,10,0.6887937898089171,0,7,None,66,1,5,False,1000,1000
4734,79,betCent,10,0.6906847133757962,0,7,None,66,1,5,False,1000,1000
4735,75,betCent,10,0.6790406050955414,0,4,None,66,1,5,False,1000,1000
4736,76,betCent,10,0.6832205414012739,0,4,None,66,1,5,False,1000,1000
4737,77,betCent,10,0.6854100318471338,0,4,None,66,1,5,False,1000,1000
4738,78,betCent,10,0.6873009554140127,0,4,None,66,1,5,False,1000,1000
4739,79,betCent,10,0.6905851910828026,0,4,None,66,1,5,False,1000,1000
4740,75,betCent,10,0.7314888535031847,0,32,None,66,1,5,False,1000,1000
4741,76,betCent,10,0.7333797770700637,0,32,None,66,1,5,False,1000,1000
4742,77,betCent,10,0.7339769108280255,0,32,None,66,1,5,False,1000,1000
4743,78,betCent,10,0.7363654458598726,0,32,None,66,1,5,False,1000,1000
4744,79,betCent,10,0.7383558917197452,0,32,None,66,1,5,False,1000,1000
4745,75,betCent,10,0.6559514331210191,0,11,None,66,1,5,False,1000,1000
4746,76,betCent,10,0.6588375796178344,0,11,None,66,1,5,False,1000,1000
4747,77,betCent,10,0.6612261146496815,0,11,None,66,1,5,False,1000,1000
4748,78,betCent,10,0.6637141719745223,0,11,None,66,1,5,False,1000,1000
4749,79,betCent,10,0.6656050955414012,0,11,None,66,1,5,False,1000,1000
4750,75,betCent,10,0.7213375796178344,0,17,None,66,1,5,False,1000,1000
4751,76,betCent,10,0.7230294585987261,0,17,None,66,1,5,False,1000,1000
4752,77,betCent,10,0.7248208598726115,0,17,None,66,1,5,False,1000,1000
4753,78,betCent,10,0.7274084394904459,0,17,None,66,1,5,False,1000,1000
4754,79,betCent,10,0.7283041401273885,0,17,None,66,1,5,False,1000,1000
4755,75,betCent,10,0.7255175159235668,0,24,None,66,1,5,False,1000,1000
4756,76,betCent,10,0.7290007961783439,0,24,None,66,1,5,False,1000,1000
4757,77,betCent,10,0.7323845541401274,0,24,None,66,1,5,False,1000,1000
4758,78,betCent,10,0.7353702229299363,0,24,None,66,1,5,False,1000,1000
4759,79,betCent,10,0.7377587579617835,0,24,None,66,1,5,False,1000,1000
4760,75,betCent,10,0.6624203821656051,0,8,None,66,1,5,False,1000,1000
4761,76,betCent,10,0.6681926751592356,0,8,None,66,1,5,False,1000,1000
4762,77,betCent,10,0.6723726114649682,0,8,None,66,1,5,False,1000,1000
4763,78,betCent,10,0.6779458598726115,0,8,None,66,1,5,False,1000,1000
4764,79,betCent,10,0.6825238853503185,0,8,None,66,1,5,False,1000,1000
4765,75,betCent,10,0.7256170382165605,0,18,None,66,1,5,False,1000,1000
4766,76,betCent,10,0.7266122611464968,0,18,None,66,1,5,False,1000,1000
4767,77,betCent,10,0.7283041401273885,0,18,None,66,1,5,False,1000,1000
4768,78,betCent,10,0.7294984076433121,0,18,None,66,1,5,False,1000,1000
4769,79,betCent,10,0.7307921974522293,0,18,None,66,1,5,False,1000,1000
4770,75,betCent,10,0.7207404458598726,0,3,None,66,1,5,False,1000,1000
4771,76,betCent,10,0.7228304140127388,0,3,None,66,1,5,False,1000,1000
4772,77,betCent,10,0.7235270700636943,0,3,None,66,1,5,False,1000,1000
4773,78,betCent,10,0.7258160828025477,0,3,None,66,1,5,False,1000,1000
4774,79,betCent,10,0.7275079617834395,0,3,None,66,1,5,False,1000,1000
4775,75,betCent,10,0.7038216560509554,0,19,None,66,1,5,False,1000,1000
4776,76,betCent,10,0.7068073248407644,0,19,None,66,1,5,False,1000,1000
4777,77,betCent,10,0.7090963375796179,0,19,None,66,1,5,False,1000,1000
4778,78,betCent,10,0.7112858280254777,0,19,None,66,1,5,False,1000,1000
4779,79,betCent,10,0.7137738853503185,0,19,None,66,1,5,False,1000,1000
4780,75,betCent,10,0.6949641719745223,0,31,None,66,1,5,False,1000,1000
4781,76,betCent,10,0.6969546178343949,0,31,None,66,1,5,False,1000,1000
4782,77,betCent,10,0.6989450636942676,0,31,None,66,1,5,False,1000,1000
4783,78,betCent,10,0.7008359872611465,0,31,None,66,1,5,False,1000,1000
4784,79,betCent,10,0.7036226114649682,0,31,None,66,1,5,False,1000,1000
6765,80,betCent,10,0.7045183121019108,0,1,None,66,1,5,False,1000,1000
6766,81,betCent,10,0.7076035031847133,0,1,None,66,1,5,False,1000,1000
6767,82,betCent,10,0.7108877388535032,0,1,None,66,1,5,False,1000,1000
6768,83,betCent,10,0.7146695859872612,0,1,None,66,1,5,False,1000,1000
6769,84,betCent,10,0.7163614649681529,0,1,None,66,1,5,False,1000,1000
6770,80,betCent,10,0.7351711783439491,0,13,None,66,1,5,False,1000,1000
6771,81,betCent,10,0.7372611464968153,0,13,None,66,1,5,False,1000,1000
6772,82,betCent,10,0.7388535031847133,0,13,None,66,1,5,False,1000,1000
6773,83,betCent,10,0.7398487261146497,0,13,None,66,1,5,False,1000,1000
6774,84,betCent,10,0.7415406050955414,0,13,None,66,1,5,False,1000,1000
6775,80,betCent,10,0.6870023885350318,0,14,None,66,1,5,False,1000,1000
6776,81,betCent,10,0.6907842356687898,0,14,None,66,1,5,False,1000,1000
6777,82,betCent,10,0.693968949044586,0,14,None,66,1,5,False,1000,1000
6778,83,betCent,10,0.6975517515923567,0,14,None,66,1,5,False,1000,1000
6779,84,betCent,10,0.6997412420382165,0,14,None,66,1,5,False,1000,1000
6780,80,betCent,10,0.7128781847133758,0,22,None,66,1,5,False,1000,1000
6781,81,betCent,10,0.7164609872611465,0,22,None,66,1,5,False,1000,1000
6782,82,betCent,10,0.7175557324840764,0,22,None,66,1,5,False,1000,1000
6783,83,betCent,10,0.7194466560509554,0,22,None,66,1,5,False,1000,1000
6784,84,betCent,10,0.7215366242038217,0,22,None,66,1,5,False,1000,1000
6785,80,betCent,10,0.6677945859872612,0,23,None,66,1,5,False,1000,1000
6786,81,betCent,10,0.6701831210191083,0,23,None,66,1,5,False,1000,1000
6787,82,betCent,10,0.6721735668789809,0,23,None,66,1,5,False,1000,1000
6788,83,betCent,10,0.6741640127388535,0,23,None,66,1,5,False,1000,1000
6789,84,betCent,10,0.6752587579617835,0,23,None,66,1,5,False,1000,1000
6790,80,betCent,10,0.7106886942675159,0,25,None,66,1,5,False,1000,1000
6791,81,betCent,10,0.7154657643312102,0,25,None,66,1,5,False,1000,1000
6792,82,betCent,10,0.7161624203821656,0,25,None,66,1,5,False,1000,1000
6793,83,betCent,10,0.7181528662420382,0,25,None,66,1,5,False,1000,1000
6794,84,betCent,10,0.7209394904458599,0,25,None,66,1,5,False,1000,1000
6795,80,betCent,10,0.7276074840764332,0,21,None,66,1,5,False,1000,1000
6796,81,betCent,10,0.7303941082802548,0,21,None,66,1,5,False,1000,1000
6797,82,betCent,10,0.7319864649681529,0,21,None,66,1,5,False,1000,1000
6798,83,betCent,10,0.7341759554140127,0,21,None,66,1,5,False,1000,1000
6799,84,betCent,10,0.73546974522293,0,21,None,66,1,5,False,1000,1000
6800,80,betCent,10,0.7161624203821656,0,26,None,66,1,5,False,1000,1000
6801,81,betCent,10,0.7179538216560509,0,26,None,66,1,5,False,1000,1000
6802,82,betCent,10,0.7188495222929936,0,26,None,66,1,5,False,1000,1000
6803,83,betCent,10,0.7194466560509554,0,26,None,66,1,5,False,1000,1000
6804,84,betCent,10,0.7213375796178344,0,26,None,66,1,5,False,1000,1000
6805,80,betCent,10,0.7221337579617835,0,29,None,66,1,5,False,1000,1000
6806,81,betCent,10,0.7218351910828026,0,29,None,66,1,5,False,1000,1000
6807,82,betCent,10,0.7209394904458599,0,29,None,66,1,5,False,1000,1000
6808,83,betCent,10,0.7207404458598726,0,29,None,66,1,5,False,1000,1000
6809,84,betCent,10,0.7210390127388535,0,29,None,66,1,5,False,1000,1000
6810,80,betCent,10,0.7105891719745223,0,6,None,66,1,5,False,1000,1000
6811,81,betCent,10,0.710390127388535,0,6,None,66,1,5,False,1000,1000
6812,82,betCent,10,0.7108877388535032,0,6,None,66,1,5,False,1000,1000
6813,83,betCent,10,0.7121815286624203,0,6,None,66,1,5,False,1000,1000
6814,84,betCent,10,0.713077229299363,0,6,None,66,1,5,False,1000,1000
6815,80,betCent,10,0.7397492038216561,0,32,None,66,1,5,False,1000,1000
6816,81,betCent,10,0.7418391719745223,0,32,None,66,1,5,False,1000,1000
6817,82,betCent,10,0.7436305732484076,0,32,None,66,1,5,False,1000,1000
6818,83,betCent,10,0.7444267515923567,0,32,None,66,1,5,False,1000,1000
6819,84,betCent,10,0.745421974522293,0,32,None,66,1,5,False,1000,1000
6820,80,betCent,10,0.7174562101910829,0,16,None,66,1,5,False,1000,1000
6821,81,betCent,10,0.7192476114649682,0,16,None,66,1,5,False,1000,1000
6822,82,betCent,10,0.7201433121019108,0,16,None,66,1,5,False,1000,1000
6823,83,betCent,10,0.7208399681528662,0,16,None,66,1,5,False,1000,1000
6824,84,betCent,10,0.7218351910828026,0,16,None,66,1,5,False,1000,1000
6825,80,betCent,10,0.6847133757961783,0,8,None,66,1,5,False,1000,1000
6826,81,betCent,10,0.6890923566878981,0,8,None,66,1,5,False,1000,1000
6827,82,betCent,10,0.6938694267515924,0,8,None,66,1,5,False,1000,1000
6828,83,betCent,10,0.6981488853503185,0,8,None,66,1,5,False,1000,1000
6829,84,betCent,10,0.7016321656050956,0,8,None,66,1,5,False,1000,1000
6830,80,betCent,10,0.7175557324840764,0,19,None,66,1,5,False,1000,1000
6831,81,betCent,10,0.7213375796178344,0,19,None,66,1,5,False,1000,1000
6832,82,betCent,10,0.7246218152866242,0,19,None,66,1,5,False,1000,1000
6833,83,betCent,10,0.7264132165605095,0,19,None,66,1,5,False,1000,1000
6834,84,betCent,10,0.7292993630573248,0,19,None,66,1,5,False,1000,1000
6835,80,betCent,10,0.6891918789808917,0,2,None,66,1,5,False,1000,1000
6836,81,betCent,10,0.6910828025477707,0,2,None,66,1,5,False,1000,1000
6837,82,betCent,10,0.6923765923566879,0,2,None,66,1,5,False,1000,1000
6838,83,betCent,10,0.6937699044585988,0,2,None,66,1,5,False,1000,1000
6839,84,betCent,10,0.6953622611464968,0,2,None,66,1,5,False,1000,1000
6840,80,betCent,10,0.6951632165605095,0,4,None,66,1,5,False,1000,1000
6841,81,betCent,10,0.6983479299363057,0,4,None,66,1,5,False,1000,1000
6842,82,betCent,10,0.7003383757961783,0,4,None,66,1,5,False,1000,1000
6843,83,betCent,10,0.70203025477707,0,4,None,66,1,5,False,1000,1000
6844,84,betCent,10,0.7033240445859873,0,4,None,66,1,5,False,1000,1000
6845,80,betCent,10,0.7288017515923567,0,3,None,66,1,5,False,1000,1000
6846,81,betCent,10,0.7294984076433121,0,3,None,66,1,5,False,1000,1000
6847,82,betCent,10,0.7310907643312102,0,3,None,66,1,5,False,1000,1000
6848,83,betCent,10,0.7326831210191083,0,3,None,66,1,5,False,1000,1000
6849,84,betCent,10,0.7339769108280255,0,3,None,66,1,5,False,1000,1000
6850,80,betCent,10,0.724422770700637,0,5,None,66,1,5,False,1000,1000
6851,81,betCent,10,0.7254179936305732,0,5,None,66,1,5,False,1000,1000
6852,82,betCent,10,0.7275079617834395,0,5,None,66,1,5,False,1000,1000
6853,83,betCent,10,0.7285031847133758,0,5,None,66,1,5,False,1000,1000
6854,84,betCent,10,0.7301950636942676,0,5,None,66,1,5,False,1000,1000
6855,80,betCent,10,0.6948646496815286,0,7,None,66,1,5,False,1000,1000
6856,81,betCent,10,0.6962579617834395,0,7,None,66,1,5,False,1000,1000
6857,82,betCent,10,0.6978503184713376,0,7,None,66,1,5,False,1000,1000
6858,83,betCent,10,0.6990445859872612,0,7,None,66,1,5,False,1000,1000
6859,84,betCent,10,0.7005374203821656,0,7,None,66,1,5,False,1000,1000
6860,80,betCent,10,0.7337778662420382,0,9,None,66,1,5,False,1000,1000
6861,81,betCent,10,0.7361664012738853,0,9,None,66,1,5,False,1000,1000
6862,82,betCent,10,0.738953025477707,0,9,None,66,1,5,False,1000,1000
6863,83,betCent,10,0.7410429936305732,0,9,None,66,1,5,False,1000,1000
6864,84,betCent,10,0.7424363057324841,0,9,None,66,1,5,False,1000,1000
6865,80,betCent,10,0.723328025477707,0,10,None,66,1,5,False,1000,1000
6866,81,betCent,10,0.7246218152866242,0,10,None,66,1,5,False,1000,1000
6867,82,betCent,10,0.7251194267515924,0,10,None,66,1,5,False,1000,1000
6868,83,betCent,10,0.7270103503184714,0,10,None,66,1,5,False,1000,1000
6869,84,betCent,10,0.7289012738853503,0,10,None,66,1,5,False,1000,1000
6870,80,betCent,10,0.6655055732484076,0,11,None,66,1,5,False,1000,1000
6871,81,betCent,10,0.6687898089171974,0,11,None,66,1,5,False,1000,1000
6872,82,betCent,10,0.6715764331210191,0,11,None,66,1,5,False,1000,1000
6873,83,betCent,10,0.6731687898089171,0,11,None,66,1,5,False,1000,1000
6874,84,betCent,10,0.6748606687898089,0,11,None,66,1,5,False,1000,1000
6875,80,betCent,10,0.7452229299363057,0,12,None,66,1,5,False,1000,1000
6876,81,betCent,10,0.7476114649681529,0,12,None,66,1,5,False,1000,1000
6877,82,betCent,10,0.7491042993630573,0,12,None,66,1,5,False,1000,1000
6878,83,betCent,10,0.7515923566878981,0,12,None,66,1,5,False,1000,1000
6879,84,betCent,10,0.752687101910828,0,12,None,66,1,5,False,1000,1000
6880,80,betCent,10,0.7308917197452229,0,15,None,66,1,5,False,1000,1000
6881,81,betCent,10,0.7319864649681529,0,15,None,66,1,5,False,1000,1000
6882,82,betCent,10,0.73328025477707,0,15,None,66,1,5,False,1000,1000
6883,83,betCent,10,0.7337778662420382,0,15,None,66,1,5,False,1000,1000
6884,84,betCent,10,0.7345740445859873,0,15,None,66,1,5,False,1000,1000
6885,80,betCent,10,0.7295979299363057,0,17,None,66,1,5,False,1000,1000
6886,81,betCent,10,0.7310907643312102,0,17,None,66,1,5,False,1000,1000
6887,82,betCent,10,0.7334792993630573,0,17,None,66,1,5,False,1000,1000
6888,83,betCent,10,0.7353702229299363,0,17,None,66,1,5,False,1000,1000
6889,84,betCent,10,0.7368630573248408,0,17,None,66,1,5,False,1000,1000
6890,80,betCent,10,0.7322850318471338,0,18,None,66,1,5,False,1000,1000
6891,81,betCent,10,0.7347730891719745,0,18,None,66,1,5,False,1000,1000
6892,82,betCent,10,0.7359673566878981,0,18,None,66,1,5,False,1000,1000
6893,83,betCent,10,0.7363654458598726,0,18,None,66,1,5,False,1000,1000
6894,84,betCent,10,0.7368630573248408,0,18,None,66,1,5,False,1000,1000
6895,80,betCent,10,0.6988455414012739,0,20,None,66,1,5,False,1000,1000
6896,81,betCent,10,0.7028264331210191,0,20,None,66,1,5,False,1000,1000
6897,82,betCent,10,0.7076035031847133,0,20,None,66,1,5,False,1000,1000
6898,83,betCent,10,0.7115843949044586,0,20,None,66,1,5,False,1000,1000
6899,84,betCent,10,0.7136743630573248,0,20,None,66,1,5,False,1000,1000
6900,80,betCent,10,0.5911624203821656,0,28,None,66,1,5,False,1000,1000
6901,81,betCent,10,0.6091759554140127,0,28,None,66,1,5,False,1000,1000
6902,82,betCent,10,0.622312898089172,0,28,None,66,1,5,False,1000,1000
6903,83,betCent,10,0.629578025477707,0,28,None,66,1,5,False,1000,1000
6904,84,betCent,10,0.6338574840764332,0,28,None,66,1,5,False,1000,1000
6905,80,betCent,10,0.737062101910828,0,24,None,66,1,5,False,1000,1000
6906,81,betCent,10,0.7397492038216561,0,24,None,66,1,5,False,1000,1000
6907,82,betCent,10,0.7432324840764332,0,24,None,66,1,5,False,1000,1000
6908,83,betCent,10,0.7447253184713376,0,24,None,66,1,5,False,1000,1000
6909,84,betCent,10,0.7467157643312102,0,24,None,66,1,5,False,1000,1000
6910,80,betCent,10,0.7086982484076433,0,27,None,66,1,5,False,1000,1000
6911,81,betCent,10,0.7099920382165605,0,27,None,66,1,5,False,1000,1000
6912,82,betCent,10,0.7106886942675159,0,27,None,66,1,5,False,1000,1000
6913,83,betCent,10,0.7111863057324841,0,27,None,66,1,5,False,1000,1000
6914,84,betCent,10,0.7121815286624203,0,27,None,66,1,5,False,1000,1000
6915,80,betCent,10,0.7027269108280255,0,0,None,66,1,5,False,1000,1000
6916,81,betCent,10,0.7049164012738853,0,0,None,66,1,5,False,1000,1000
6917,82,betCent,10,0.7067078025477707,0,0,None,66,1,5,False,1000,1000
6918,83,betCent,10,0.7086982484076433,0,0,None,66,1,5,False,1000,1000
6919,84,betCent,10,0.7099920382165605,0,0,None,66,1,5,False,1000,1000
6920,80,betCent,10,0.7146695859872612,0,30,None,66,1,5,False,1000,1000
6921,81,betCent,10,0.7178542993630573,0,30,None,66,1,5,False,1000,1000
6922,82,betCent,10,0.7203423566878981,0,30,None,66,1,5,False,1000,1000
6923,83,betCent,10,0.7220342356687898,0,30,None,66,1,5,False,1000,1000
6924,84,betCent,10,0.7226313694267515,0,30,None,66,1,5,False,1000,1000
6925,80,betCent,10,0.7092953821656051,0,31,None,66,1,5,False,1000,1000
6926,81,betCent,10,0.7125796178343949,0,31,None,66,1,5,False,1000,1000
6927,82,betCent,10,0.7144705414012739,0,31,None,66,1,5,False,1000,1000
6928,83,betCent,10,0.7164609872611465,0,31,None,66,1,5,False,1000,1000
6929,84,betCent,10,0.7183519108280255,0,31,None,66,1,5,False,1000,1000
6930,85,betCent,10,0.7455214968152867,0,24,None,66,1,5,False,1000,1000
6931,86,betCent,10,0.7471138535031847,0,24,None,66,1,5,False,1000,1000
6932,87,betCent,10,0.74890525477707,0,24,None,66,1,5,False,1000,1000
6933,88,betCent,10,0.75,0,24,None,66,1,5,False,1000,1000
6934,89,betCent,10,0.7521894904458599,0,24,None,66,1,5,False,1000,1000
6935,85,betCent,10,0.7376592356687898,0,21,None,66,1,5,False,1000,1000
6936,86,betCent,10,0.7394506369426752,0,21,None,66,1,5,False,1000,1000
6937,87,betCent,10,0.7405453821656051,0,21,None,66,1,5,False,1000,1000
6938,88,betCent,10,0.7434315286624203,0,21,None,66,1,5,False,1000,1000
6939,89,betCent,10,0.7448248407643312,0,21,None,66,1,5,False,1000,1000
6940,85,betCent,10,0.7174562101910829,0,27,None,66,1,5,False,1000,1000
6941,86,betCent,10,0.71875,0,27,None,66,1,5,False,1000,1000
6942,87,betCent,10,0.7210390127388535,0,27,None,66,1,5,False,1000,1000
6943,88,betCent,10,0.7211385350318471,0,27,None,66,1,5,False,1000,1000
6944,89,betCent,10,0.7220342356687898,0,27,None,66,1,5,False,1000,1000
6945,85,betCent,10,0.7126791401273885,0,20,None,66,1,5,False,1000,1000
6946,86,betCent,10,0.7169585987261147,0,20,None,66,1,5,False,1000,1000
6947,87,betCent,10,0.7195461783439491,0,20,None,66,1,5,False,1000,1000
6948,88,betCent,10,0.7236265923566879,0,20,None,66,1,5,False,1000,1000
6949,89,betCent,10,0.7268113057324841,0,20,None,66,1,5,False,1000,1000
6950,85,betCent,10,0.7228304140127388,0,22,None,66,1,5,False,1000,1000
6951,86,betCent,10,0.7250199044585988,0,22,None,66,1,5,False,1000,1000
6952,87,betCent,10,0.7273089171974523,0,22,None,66,1,5,False,1000,1000
6953,88,betCent,10,0.7292993630573248,0,22,None,66,1,5,False,1000,1000
6954,89,betCent,10,0.730593152866242,0,22,None,66,1,5,False,1000,1000
6955,85,betCent,10,0.7472133757961783,0,32,None,66,1,5,False,1000,1000
6956,86,betCent,10,0.7479100318471338,0,32,None,66,1,5,False,1000,1000
6957,87,betCent,10,0.74890525477707,0,32,None,66,1,5,False,1000,1000
6958,88,betCent,10,0.7497014331210191,0,32,None,66,1,5,False,1000,1000
6959,89,betCent,10,0.7505971337579618,0,32,None,66,1,5,False,1000,1000
6960,85,betCent,10,0.7234275477707006,0,16,None,66,1,5,False,1000,1000
6961,86,betCent,10,0.7240246815286624,0,16,None,66,1,5,False,1000,1000
6962,87,betCent,10,0.7245222929936306,0,16,None,66,1,5,False,1000,1000
6963,88,betCent,10,0.7251194267515924,0,16,None,66,1,5,False,1000,1000
6964,89,betCent,10,0.7259156050955414,0,16,None,66,1,5,False,1000,1000
6965,85,betCent,10,0.7200437898089171,0,25,None,66,1,5,False,1000,1000
6966,86,betCent,10,0.7224323248407644,0,25,None,66,1,5,False,1000,1000
6967,87,betCent,10,0.7254179936305732,0,25,None,66,1,5,False,1000,1000
6968,88,betCent,10,0.7270103503184714,0,25,None,66,1,5,False,1000,1000
6969,89,betCent,10,0.7291998407643312,0,25,None,66,1,5,False,1000,1000
6970,85,betCent,10,0.7450238853503185,0,13,None,66,1,5,False,1000,1000
6971,86,betCent,10,0.746218152866242,0,13,None,66,1,5,False,1000,1000
6972,87,betCent,10,0.7474124203821656,0,13,None,66,1,5,False,1000,1000
6973,88,betCent,10,0.74890525477707,0,13,None,66,1,5,False,1000,1000
6974,89,betCent,10,0.7495023885350318,0,13,None,66,1,5,False,1000,1000
6975,85,betCent,10,0.6749601910828026,0,23,None,66,1,5,False,1000,1000
6976,86,betCent,10,0.6773487261146497,0,23,None,66,1,5,False,1000,1000
6977,87,betCent,10,0.6787420382165605,0,23,None,66,1,5,False,1000,1000
6978,88,betCent,10,0.6813296178343949,0,23,None,66,1,5,False,1000,1000
6979,89,betCent,10,0.6843152866242038,0,23,None,66,1,5,False,1000,1000
6980,85,betCent,10,0.6022093949044586,0,28,None,66,1,5,False,1000,1000
6981,86,betCent,10,0.6205214968152867,0,28,None,66,1,5,False,1000,1000
6982,87,betCent,10,0.6324641719745223,0,28,None,66,1,5,False,1000,1000
6983,88,betCent,10,0.640625,0,28,None,66,1,5,False,1000,1000
6984,89,betCent,10,0.6447054140127388,0,28,None,66,1,5,False,1000,1000
6985,85,betCent,10,0.7306926751592356,0,29,None,66,1,5,False,1000,1000
6986,86,betCent,10,0.7309912420382165,0,29,None,66,1,5,False,1000,1000
6987,87,betCent,10,0.7312898089171974,0,29,None,66,1,5,False,1000,1000
6988,88,betCent,10,0.7314888535031847,0,29,None,66,1,5,False,1000,1000
6989,89,betCent,10,0.7322850318471338,0,29,None,66,1,5,False,1000,1000
6990,85,betCent,10,0.7409434713375797,0,9,None,66,1,5,False,1000,1000
6991,86,betCent,10,0.7436305732484076,0,9,None,66,1,5,False,1000,1000
6992,87,betCent,10,0.7458200636942676,0,9,None,66,1,5,False,1000,1000
6993,88,betCent,10,0.748109076433121,0,9,None,66,1,5,False,1000,1000
6994,89,betCent,10,0.7495023885350318,0,9,None,66,1,5,False,1000,1000
6995,85,betCent,10,0.7301950636942676,0,5,None,66,1,5,False,1000,1000
6996,86,betCent,10,0.7306926751592356,0,5,None,66,1,5,False,1000,1000
6997,87,betCent,10,0.7330812101910829,0,5,None,66,1,5,False,1000,1000
6998,88,betCent,10,0.734375,0,5,None,66,1,5,False,1000,1000
6999,89,betCent,10,0.7358678343949044,0,5,None,66,1,5,False,1000,1000
7000,85,betCent,10,0.7215366242038217,0,6,None,66,1,5,False,1000,1000
7001,86,betCent,10,0.7218351910828026,0,6,None,66,1,5,False,1000,1000
7002,87,betCent,10,0.7228304140127388,0,6,None,66,1,5,False,1000,1000
7003,88,betCent,10,0.7232285031847133,0,6,None,66,1,5,False,1000,1000
7004,89,betCent,10,0.7239251592356688,0,6,None,66,1,5,False,1000,1000
7005,85,betCent,10,0.7018312101910829,0,7,None,66,1,5,False,1000,1000
7006,86,betCent,10,0.7035230891719745,0,7,None,66,1,5,False,1000,1000
7007,87,betCent,10,0.7047173566878981,0,7,None,66,1,5,False,1000,1000
7008,88,betCent,10,0.7060111464968153,0,7,None,66,1,5,False,1000,1000
7009,89,betCent,10,0.706906847133758,0,7,None,66,1,5,False,1000,1000
7010,85,betCent,10,0.751890923566879,0,12,None,66,1,5,False,1000,1000
7011,86,betCent,10,0.7524880573248408,0,12,None,66,1,5,False,1000,1000
7012,87,betCent,10,0.753781847133758,0,12,None,66,1,5,False,1000,1000
7013,88,betCent,10,0.7555732484076433,0,12,None,66,1,5,False,1000,1000
7014,89,betCent,10,0.7566679936305732,0,12,None,66,1,5,False,1000,1000
7015,85,betCent,10,0.7258160828025477,0,26,None,66,1,5,False,1000,1000
7016,86,betCent,10,0.7261146496815286,0,26,None,66,1,5,False,1000,1000
7017,87,betCent,10,0.7267117834394905,0,26,None,66,1,5,False,1000,1000
7018,88,betCent,10,0.727906050955414,0,26,None,66,1,5,False,1000,1000
7019,89,betCent,10,0.7299960191082803,0,26,None,66,1,5,False,1000,1000
7020,85,betCent,10,0.6965565286624203,0,14,None,66,1,5,False,1000,1000
7021,86,betCent,10,0.7008359872611465,0,14,None,66,1,5,False,1000,1000
7022,87,betCent,10,0.7039211783439491,0,14,None,66,1,5,False,1000,1000
7023,88,betCent,10,0.7043192675159236,0,14,None,66,1,5,False,1000,1000
7024,89,betCent,10,0.7076035031847133,0,14,None,66,1,5,False,1000,1000
7025,85,betCent,10,0.723328025477707,0,30,None,66,1,5,False,1000,1000
7026,86,betCent,10,0.7249203821656051,0,30,None,66,1,5,False,1000,1000
7027,87,betCent,10,0.7282046178343949,0,30,None,66,1,5,False,1000,1000
7028,88,betCent,10,0.7294984076433121,0,30,None,66,1,5,False,1000,1000
7029,89,betCent,10,0.7312898089171974,0,30,None,66,1,5,False,1000,1000
7030,85,betCent,10,0.7377587579617835,0,17,None,66,1,5,False,1000,1000
7031,86,betCent,10,0.7393511146496815,0,17,None,66,1,5,False,1000,1000
7032,87,betCent,10,0.7402468152866242,0,17,None,66,1,5,False,1000,1000
7033,88,betCent,10,0.7407444267515924,0,17,None,66,1,5,False,1000,1000
7034,89,betCent,10,0.7419386942675159,0,17,None,66,1,5,False,1000,1000
7035,85,betCent,10,0.7178542993630573,0,1,None,66,1,5,False,1000,1000
7036,86,betCent,10,0.71984474522293,0,1,None,66,1,5,False,1000,1000
7037,87,betCent,10,0.7224323248407644,0,1,None,66,1,5,False,1000,1000
7038,88,betCent,10,0.7247213375796179,0,1,None,66,1,5,False,1000,1000
7039,89,betCent,10,0.7262141719745223,0,1,None,66,1,5,False,1000,1000
7040,85,betCent,10,0.6992436305732485,0,2,None,66,1,5,False,1000,1000
7041,86,betCent,10,0.7010350318471338,0,2,None,66,1,5,False,1000,1000
7042,87,betCent,10,0.7030254777070064,0,2,None,66,1,5,False,1000,1000
7043,88,betCent,10,0.7051154458598726,0,2,None,66,1,5,False,1000,1000
7044,89,betCent,10,0.7063097133757962,0,2,None,66,1,5,False,1000,1000
7045,85,betCent,10,0.7126791401273885,0,0,None,66,1,5,False,1000,1000
7046,86,betCent,10,0.7138734076433121,0,0,None,66,1,5,False,1000,1000
7047,87,betCent,10,0.7150676751592356,0,0,None,66,1,5,False,1000,1000
7048,88,betCent,10,0.7170581210191083,0,0,None,66,1,5,False,1000,1000
7049,89,betCent,10,0.7181528662420382,0,0,None,66,1,5,False,1000,1000
7050,85,betCent,10,0.7023288216560509,0,8,None,66,1,5,False,1000,1000
7051,86,betCent,10,0.7068073248407644,0,8,None,66,1,5,False,1000,1000
7052,87,betCent,10,0.7090963375796179,0,8,None,66,1,5,False,1000,1000
7053,88,betCent,10,0.7115843949044586,0,8,None,66,1,5,False,1000,1000
7054,89,betCent,10,0.7146695859872612,0,8,None,66,1,5,False,1000,1000
7055,85,betCent,10,0.7373606687898089,0,18,None,66,1,5,False,1000,1000
7056,86,betCent,10,0.7375597133757962,0,18,None,66,1,5,False,1000,1000
7057,87,betCent,10,0.7384554140127388,0,18,None,66,1,5,False,1000,1000
7058,88,betCent,10,0.7404458598726115,0,18,None,66,1,5,False,1000,1000
7059,89,betCent,10,0.7429339171974523,0,18,None,66,1,5,False,1000,1000
7060,85,betCent,10,0.7218351910828026,0,31,None,66,1,5,False,1000,1000
7061,86,betCent,10,0.7235270700636943,0,31,None,66,1,5,False,1000,1000
7062,87,betCent,10,0.7238256369426752,0,31,None,66,1,5,False,1000,1000
7063,88,betCent,10,0.7261146496815286,0,31,None,66,1,5,False,1000,1000
7064,89,betCent,10,0.727906050955414,0,31,None,66,1,5,False,1000,1000
7065,85,betCent,10,0.7292993630573248,0,19,None,66,1,5,False,1000,1000
7066,86,betCent,10,0.7317874203821656,0,19,None,66,1,5,False,1000,1000
7067,87,betCent,10,0.734375,0,19,None,66,1,5,False,1000,1000
7068,88,betCent,10,0.7358678343949044,0,19,None,66,1,5,False,1000,1000
7069,89,betCent,10,0.7385549363057324,0,19,None,66,1,5,False,1000,1000
7070,85,betCent,10,0.7043192675159236,0,4,None,66,1,5,False,1000,1000
7071,86,betCent,10,0.7064092356687898,0,4,None,66,1,5,False,1000,1000
7072,87,betCent,10,0.7083001592356688,0,4,None,66,1,5,False,1000,1000
7073,88,betCent,10,0.7094944267515924,0,4,None,66,1,5,False,1000,1000
7074,89,betCent,10,0.712281050955414,0,4,None,66,1,5,False,1000,1000
7075,85,betCent,10,0.7330812101910829,0,3,None,66,1,5,False,1000,1000
7076,86,betCent,10,0.7352707006369427,0,3,None,66,1,5,False,1000,1000
7077,87,betCent,10,0.7367635350318471,0,3,None,66,1,5,False,1000,1000
7078,88,betCent,10,0.7373606687898089,0,3,None,66,1,5,False,1000,1000
7079,89,betCent,10,0.7390525477707006,0,3,None,66,1,5,False,1000,1000
7080,85,betCent,10,0.729796974522293,0,10,None,66,1,5,False,1000,1000
7081,86,betCent,10,0.7317874203821656,0,10,None,66,1,5,False,1000,1000
7082,87,betCent,10,0.7340764331210191,0,10,None,66,1,5,False,1000,1000
7083,88,betCent,10,0.7366640127388535,0,10,None,66,1,5,False,1000,1000
7084,89,betCent,10,0.7377587579617835,0,10,None,66,1,5,False,1000,1000
7085,85,betCent,10,0.7383558917197452,0,15,None,66,1,5,False,1000,1000
7086,86,betCent,10,0.7393511146496815,0,15,None,66,1,5,False,1000,1000
7087,87,betCent,10,0.7401472929936306,0,15,None,66,1,5,False,1000,1000
7088,88,betCent,10,0.740843949044586,0,15,None,66,1,5,False,1000,1000
7089,89,betCent,10,0.7413415605095541,0,15,None,66,1,5,False,1000,1000
7090,85,betCent,10,0.6760549363057324,0,11,None,66,1,5,False,1000,1000
7091,86,betCent,10,0.6770501592356688,0,11,None,66,1,5,False,1000,1000
7092,87,betCent,10,0.6801353503184714,0,11,None,66,1,5,False,1000,1000
7093,88,betCent,10,0.6812300955414012,0,11,None,66,1,5,False,1000,1000
7094,89,betCent,10,0.6839171974522293,0,11,None,66,1,5,False,1000,1000
7095,90,betCent,10,0.7317874203821656,0,30,None,66,1,5,False,1000,1000
7096,91,betCent,10,0.73328025477707,0,30,None,66,1,5,False,1000,1000
7097,92,betCent,10,0.7352707006369427,0,30,None,66,1,5,False,1000,1000
7098,93,betCent,10,0.7365644904458599,0,30,None,66,1,5,False,1000,1000
7099,94,betCent,10,0.7375597133757962,0,30,None,66,1,5,False,1000,1000
7100,90,betCent,10,0.7268113057324841,0,1,None,66,1,5,False,1000,1000
7101,91,betCent,10,0.7281050955414012,0,1,None,66,1,5,False,1000,1000
7102,92,betCent,10,0.7301950636942676,0,1,None,66,1,5,False,1000,1000
7103,93,betCent,10,0.7325835987261147,0,1,None,66,1,5,False,1000,1000
7104,94,betCent,10,0.7336783439490446,0,1,None,66,1,5,False,1000,1000
7105,90,betCent,10,0.728702229299363,0,22,None,66,1,5,False,1000,1000
7106,91,betCent,10,0.732484076433121,0,22,None,66,1,5,False,1000,1000
7107,92,betCent,10,0.7347730891719745,0,22,None,66,1,5,False,1000,1000
7108,93,betCent,10,0.7361664012738853,0,22,None,66,1,5,False,1000,1000
7109,94,betCent,10,0.7384554140127388,0,22,None,66,1,5,False,1000,1000
7110,90,betCent,10,0.682921974522293,0,23,None,66,1,5,False,1000,1000
7111,91,betCent,10,0.6841162420382165,0,23,None,66,1,5,False,1000,1000
7112,92,betCent,10,0.6871019108280255,0,23,None,66,1,5,False,1000,1000
7113,93,betCent,10,0.690187101910828,0,23,None,66,1,5,False,1000,1000
7114,94,betCent,10,0.6923765923566879,0,23,None,66,1,5,False,1000,1000
7115,90,betCent,10,0.7282046178343949,0,16,None,66,1,5,False,1000,1000
7116,91,betCent,10,0.7285031847133758,0,16,None,66,1,5,False,1000,1000
7117,92,betCent,10,0.7293988853503185,0,16,None,66,1,5,False,1000,1000
7118,93,betCent,10,0.7304936305732485,0,16,None,66,1,5,False,1000,1000
7119,94,betCent,10,0.731687898089172,0,16,None,66,1,5,False,1000,1000
7120,90,betCent,10,0.7515923566878981,0,32,None,66,1,5,False,1000,1000
7121,91,betCent,10,0.751890923566879,0,32,None,66,1,5,False,1000,1000
7122,92,betCent,10,0.7528861464968153,0,32,None,66,1,5,False,1000,1000
7123,93,betCent,10,0.7531847133757962,0,32,None,66,1,5,False,1000,1000
7124,94,betCent,10,0.7547770700636943,0,32,None,66,1,5,False,1000,1000
7125,90,betCent,10,0.7084992038216561,0,14,None,66,1,5,False,1000,1000
7126,91,betCent,10,0.7123805732484076,0,14,None,66,1,5,False,1000,1000
7127,92,betCent,10,0.7166600318471338,0,14,None,66,1,5,False,1000,1000
7128,93,betCent,10,0.7186504777070064,0,14,None,66,1,5,False,1000,1000
7129,94,betCent,10,0.7211385350318471,0,14,None,66,1,5,False,1000,1000
7130,90,betCent,10,0.7395501592356688,0,29,None,66,1,5,False,1000,1000
7131,91,betCent,10,0.7402468152866242,0,29,None,66,1,5,False,1000,1000
7132,92,betCent,10,0.7396496815286624,0,29,None,66,1,5,False,1000,1000
7133,93,betCent,10,0.7390525477707006,0,29,None,66,1,5,False,1000,1000
7134,94,betCent,10,0.7396496815286624,0,29,None,66,1,5,False,1000,1000
7135,90,betCent,10,0.751890923566879,0,13,None,66,1,5,False,1000,1000
7136,91,betCent,10,0.753781847133758,0,13,None,66,1,5,False,1000,1000
7137,92,betCent,10,0.7555732484076433,0,13,None,66,1,5,False,1000,1000
7138,93,betCent,10,0.7561703821656051,0,13,None,66,1,5,False,1000,1000
7139,94,betCent,10,0.7566679936305732,0,13,None,66,1,5,False,1000,1000
7140,90,betCent,10,0.7311902866242038,0,6,None,66,1,5,False,1000,1000
7141,91,betCent,10,0.7320859872611465,0,6,None,66,1,5,False,1000,1000
7142,92,betCent,10,0.7319864649681529,0,6,None,66,1,5,False,1000,1000
7143,93,betCent,10,0.7333797770700637,0,6,None,66,1,5,False,1000,1000
7144,94,betCent,10,0.7337778662420382,0,6,None,66,1,5,False,1000,1000
7145,90,betCent,10,0.7286027070063694,0,25,None,66,1,5,False,1000,1000
7146,91,betCent,10,0.7298964968152867,0,25,None,66,1,5,False,1000,1000
7147,92,betCent,10,0.7314888535031847,0,25,None,66,1,5,False,1000,1000
7148,93,betCent,10,0.734375,0,25,None,66,1,5,False,1000,1000
7149,94,betCent,10,0.7373606687898089,0,25,None,66,1,5,False,1000,1000
7150,90,betCent,10,0.73328025477707,0,26,None,66,1,5,False,1000,1000
7151,91,betCent,10,0.7352707006369427,0,26,None,66,1,5,False,1000,1000
7152,92,betCent,10,0.7358678343949044,0,26,None,66,1,5,False,1000,1000
7153,93,betCent,10,0.738953025477707,0,26,None,66,1,5,False,1000,1000
7154,94,betCent,10,0.7399482484076433,0,26,None,66,1,5,False,1000,1000
7155,90,betCent,10,0.752687101910828,0,24,None,66,1,5,False,1000,1000
7156,91,betCent,10,0.7525875796178344,0,24,None,66,1,5,False,1000,1000
7157,92,betCent,10,0.754578025477707,0,24,None,66,1,5,False,1000,1000
7158,93,betCent,10,0.756468949044586,0,24,None,66,1,5,False,1000,1000
7159,94,betCent,10,0.7579617834394905,0,24,None,66,1,5,False,1000,1000
7160,90,betCent,10,0.7171576433121019,0,8,None,66,1,5,False,1000,1000
7161,91,betCent,10,0.7200437898089171,0,8,None,66,1,5,False,1000,1000
7162,92,betCent,10,0.7219347133757962,0,8,None,66,1,5,False,1000,1000
7163,93,betCent,10,0.7240246815286624,0,8,None,66,1,5,False,1000,1000
7164,94,betCent,10,0.7254179936305732,0,8,None,66,1,5,False,1000,1000
7165,90,betCent,10,0.7398487261146497,0,19,None,66,1,5,False,1000,1000
7166,91,betCent,10,0.741640127388535,0,19,None,66,1,5,False,1000,1000
7167,92,betCent,10,0.7444267515923567,0,19,None,66,1,5,False,1000,1000
7168,93,betCent,10,0.7465167197452229,0,19,None,66,1,5,False,1000,1000
7169,94,betCent,10,0.7479100318471338,0,19,None,66,1,5,False,1000,1000
7170,90,betCent,10,0.7433320063694268,0,21,None,66,1,5,False,1000,1000
7171,91,betCent,10,0.7457205414012739,0,21,None,66,1,5,False,1000,1000
7172,92,betCent,10,0.7480095541401274,0,21,None,66,1,5,False,1000,1000
7173,93,betCent,10,0.7496019108280255,0,21,None,66,1,5,False,1000,1000
7174,94,betCent,10,0.7511942675159236,0,21,None,66,1,5,False,1000,1000
7175,90,betCent,10,0.7326831210191083,0,31,None,66,1,5,False,1000,1000
7176,91,betCent,10,0.7333797770700637,0,31,None,66,1,5,False,1000,1000
7177,92,betCent,10,0.7333797770700637,0,31,None,66,1,5,False,1000,1000
7178,93,betCent,10,0.7353702229299363,0,31,None,66,1,5,False,1000,1000
7179,94,betCent,10,0.7369625796178344,0,31,None,66,1,5,False,1000,1000
7180,90,betCent,10,0.7278065286624203,0,27,None,66,1,5,False,1000,1000
7181,91,betCent,10,0.7283041401273885,0,27,None,66,1,5,False,1000,1000
7182,92,betCent,10,0.728702229299363,0,27,None,66,1,5,False,1000,1000
7183,93,betCent,10,0.7290007961783439,0,27,None,66,1,5,False,1000,1000
7184,94,betCent,10,0.7304936305732485,0,27,None,66,1,5,False,1000,1000
7185,90,betCent,10,0.7078025477707006,0,2,None,66,1,5,False,1000,1000
7186,91,betCent,10,0.7099920382165605,0,2,None,66,1,5,False,1000,1000
7187,92,betCent,10,0.7120820063694268,0,2,None,66,1,5,False,1000,1000
7188,93,betCent,10,0.7124800955414012,0,2,None,66,1,5,False,1000,1000
7189,94,betCent,10,0.7145700636942676,0,2,None,66,1,5,False,1000,1000
7190,90,betCent,10,0.7207404458598726,0,0,None,66,1,5,False,1000,1000
7191,91,betCent,10,0.7216361464968153,0,0,None,66,1,5,False,1000,1000
7192,92,betCent,10,0.7226313694267515,0,0,None,66,1,5,False,1000,1000
7193,93,betCent,10,0.7240246815286624,0,0,None,66,1,5,False,1000,1000
7194,94,betCent,10,0.725218949044586,0,0,None,66,1,5,False,1000,1000
7195,90,betCent,10,0.7396496815286624,0,3,None,66,1,5,False,1000,1000
7196,91,betCent,10,0.7418391719745223,0,3,None,66,1,5,False,1000,1000
7197,92,betCent,10,0.7434315286624203,0,3,None,66,1,5,False,1000,1000
7198,93,betCent,10,0.7451234076433121,0,3,None,66,1,5,False,1000,1000
7199,94,betCent,10,0.7467157643312102,0,3,None,66,1,5,False,1000,1000
7200,90,betCent,10,0.7153662420382165,0,4,None,66,1,5,False,1000,1000
7201,91,betCent,10,0.7171576433121019,0,4,None,66,1,5,False,1000,1000
7202,92,betCent,10,0.7191480891719745,0,4,None,66,1,5,False,1000,1000
7203,93,betCent,10,0.7208399681528662,0,4,None,66,1,5,False,1000,1000
7204,94,betCent,10,0.7230294585987261,0,4,None,66,1,5,False,1000,1000
7205,90,betCent,10,0.7366640127388535,0,5,None,66,1,5,False,1000,1000
7206,91,betCent,10,0.7382563694267515,0,5,None,66,1,5,False,1000,1000
7207,92,betCent,10,0.7393511146496815,0,5,None,66,1,5,False,1000,1000
7208,93,betCent,10,0.7406449044585988,0,5,None,66,1,5,False,1000,1000
7209,94,betCent,10,0.7418391719745223,0,5,None,66,1,5,False,1000,1000
7210,90,betCent,10,0.7106886942675159,0,7,None,66,1,5,False,1000,1000
7211,91,betCent,10,0.7127786624203821,0,7,None,66,1,5,False,1000,1000
7212,92,betCent,10,0.7138734076433121,0,7,None,66,1,5,False,1000,1000
7213,93,betCent,10,0.7150676751592356,0,7,None,66,1,5,False,1000,1000
7214,94,betCent,10,0.7163614649681529,0,7,None,66,1,5,False,1000,1000
7215,90,betCent,10,0.7498009554140127,0,9,None,66,1,5,False,1000,1000
7216,91,betCent,10,0.7504976114649682,0,9,None,66,1,5,False,1000,1000
7217,92,betCent,10,0.7516918789808917,0,9,None,66,1,5,False,1000,1000
7218,93,betCent,10,0.7536823248407644,0,9,None,66,1,5,False,1000,1000
7219,94,betCent,10,0.7551751592356688,0,9,None,66,1,5,False,1000,1000
7220,90,betCent,10,0.7406449044585988,0,10,None,66,1,5,False,1000,1000
7221,91,betCent,10,0.7411425159235668,0,10,None,66,1,5,False,1000,1000
7222,92,betCent,10,0.7430334394904459,0,10,None,66,1,5,False,1000,1000
7223,93,betCent,10,0.7445262738853503,0,10,None,66,1,5,False,1000,1000
7224,94,betCent,10,0.746218152866242,0,10,None,66,1,5,False,1000,1000
7225,90,betCent,10,0.6828224522292994,0,11,None,66,1,5,False,1000,1000
7226,91,betCent,10,0.6857085987261147,0,11,None,66,1,5,False,1000,1000
7227,92,betCent,10,0.6875995222929936,0,11,None,66,1,5,False,1000,1000
7228,93,betCent,10,0.6896894904458599,0,11,None,66,1,5,False,1000,1000
7229,94,betCent,10,0.6917794585987261,0,11,None,66,1,5,False,1000,1000
7230,90,betCent,10,0.7579617834394905,0,12,None,66,1,5,False,1000,1000
7231,91,betCent,10,0.7581608280254777,0,12,None,66,1,5,False,1000,1000
7232,92,betCent,10,0.759156050955414,0,12,None,66,1,5,False,1000,1000
7233,93,betCent,10,0.7602507961783439,0,12,None,66,1,5,False,1000,1000
7234,94,betCent,10,0.7612460191082803,0,12,None,66,1,5,False,1000,1000
7235,90,betCent,10,0.7472133757961783,0,15,None,66,1,5,False,1000,1000
7236,91,betCent,10,0.747312898089172,0,15,None,66,1,5,False,1000,1000
7237,92,betCent,10,0.7479100318471338,0,15,None,66,1,5,False,1000,1000
7238,93,betCent,10,0.7487062101910829,0,15,None,66,1,5,False,1000,1000
7239,94,betCent,10,0.7495023885350318,0,15,None,66,1,5,False,1000,1000
7240,90,betCent,10,0.7456210191082803,0,17,None,66,1,5,False,1000,1000
7241,91,betCent,10,0.7466162420382165,0,17,None,66,1,5,False,1000,1000
7242,92,betCent,10,0.7467157643312102,0,17,None,66,1,5,False,1000,1000
7243,93,betCent,10,0.7487062101910829,0,17,None,66,1,5,False,1000,1000
7244,94,betCent,10,0.7492038216560509,0,17,None,66,1,5,False,1000,1000
7245,90,betCent,10,0.7419386942675159,0,18,None,66,1,5,False,1000,1000
7246,91,betCent,10,0.7447253184713376,0,18,None,66,1,5,False,1000,1000
7247,92,betCent,10,0.7453224522292994,0,18,None,66,1,5,False,1000,1000
7248,93,betCent,10,0.7470143312101911,0,18,None,66,1,5,False,1000,1000
7249,94,betCent,10,0.7478105095541401,0,18,None,66,1,5,False,1000,1000
7250,90,betCent,10,0.7222332802547771,0,20,None,66,1,5,False,1000,1000
7251,91,betCent,10,0.7281050955414012,0,20,None,66,1,5,False,1000,1000
7252,92,betCent,10,0.7330812101910829,0,20,None,66,1,5,False,1000,1000
7253,93,betCent,10,0.7356687898089171,0,20,None,66,1,5,False,1000,1000
7254,94,betCent,10,0.7375597133757962,0,20,None,66,1,5,False,1000,1000
7255,90,betCent,10,0.6151472929936306,0,28,None,66,1,5,False,1000,1000
7256,91,betCent,10,0.633359872611465,0,28,None,66,1,5,False,1000,1000
7257,92,betCent,10,0.6460987261146497,0,28,None,66,1,5,False,1000,1000
7258,93,betCent,10,0.6522691082802548,0,28,None,66,1,5,False,1000,1000
7259,94,betCent,10,0.6559514331210191,0,28,None,66,1,5,False,1000,1000
7260,95,betCent,10,0.7318869426751592,0,1,None,66,1,5,False,1000,1000
7261,96,betCent,10,0.7330812101910829,0,1,None,66,1,5,False,1000,1000
7262,97,betCent,10,0.7335788216560509,0,1,None,66,1,5,False,1000,1000
7263,98,betCent,10,0.734375,0,1,None,66,1,5,False,1000,1000
7264,99,betCent,10,0.7344745222929936,0,1,None,66,1,5,False,1000,1000
7265,95,betCent,10,0.714968152866242,0,2,None,66,1,5,False,1000,1000
7266,96,betCent,10,0.7166600318471338,0,2,None,66,1,5,False,1000,1000
7267,97,betCent,10,0.7181528662420382,0,2,None,66,1,5,False,1000,1000
7268,98,betCent,10,0.7195461783439491,0,2,None,66,1,5,False,1000,1000
7269,99,betCent,10,0.7207404458598726,0,2,None,66,1,5,False,1000,1000
7270,95,betCent,10,0.6891918789808917,0,23,None,66,1,5,False,1000,1000
7271,96,betCent,10,0.6924761146496815,0,23,None,66,1,5,False,1000,1000
7272,97,betCent,10,0.6949641719745223,0,23,None,66,1,5,False,1000,1000
7273,98,betCent,10,0.697452229299363,0,23,None,66,1,5,False,1000,1000
7274,99,betCent,10,0.6995421974522293,0,23,None,66,1,5,False,1000,1000
7275,95,betCent,10,0.6281847133757962,0,28,None,66,1,5,False,1000,1000
7276,96,betCent,10,0.6472929936305732,0,28,None,66,1,5,False,1000,1000
7277,97,betCent,10,0.6553542993630573,0,28,None,66,1,5,False,1000,1000
7278,98,betCent,10,0.6610270700636943,0,28,None,66,1,5,False,1000,1000
7279,99,betCent,10,0.663515127388535,0,28,None,66,1,5,False,1000,1000
7280,95,betCent,10,0.7491042993630573,0,29,None,66,1,5,False,1000,1000
7281,96,betCent,10,0.7485071656050956,0,29,None,66,1,5,False,1000,1000
7282,97,betCent,10,0.7484076433121019,0,29,None,66,1,5,False,1000,1000
7283,98,betCent,10,0.7479100318471338,0,29,None,66,1,5,False,1000,1000
7284,99,betCent,10,0.7478105095541401,0,29,None,66,1,5,False,1000,1000
7285,95,betCent,10,0.7617436305732485,0,13,None,66,1,5,False,1000,1000
7286,96,betCent,10,0.7623407643312102,0,13,None,66,1,5,False,1000,1000
7287,97,betCent,10,0.7628383757961783,0,13,None,66,1,5,False,1000,1000
7288,98,betCent,10,0.762937898089172,0,13,None,66,1,5,False,1000,1000
7289,99,betCent,10,0.7626393312101911,0,13,None,66,1,5,False,1000,1000
7290,95,betCent,10,0.6899880573248408,0,11,None,66,1,5,False,1000,1000
7291,96,betCent,10,0.6923765923566879,0,11,None,66,1,5,False,1000,1000
7292,97,betCent,10,0.6937699044585988,0,11,None,66,1,5,False,1000,1000
7293,98,betCent,10,0.695859872611465,0,11,None,66,1,5,False,1000,1000
7294,99,betCent,10,0.6969546178343949,0,11,None,66,1,5,False,1000,1000
7295,95,betCent,10,0.7328821656050956,0,20,None,66,1,5,False,1000,1000
7296,96,betCent,10,0.736265923566879,0,20,None,66,1,5,False,1000,1000
7297,97,betCent,10,0.7412420382165605,0,20,None,66,1,5,False,1000,1000
7298,98,betCent,10,0.7423367834394905,0,20,None,66,1,5,False,1000,1000
7299,99,betCent,10,0.7447253184713376,0,20,None,66,1,5,False,1000,1000
7300,95,betCent,10,0.7380573248407644,0,30,None,66,1,5,False,1000,1000
7301,96,betCent,10,0.7388535031847133,0,30,None,66,1,5,False,1000,1000
7302,97,betCent,10,0.7398487261146497,0,30,None,66,1,5,False,1000,1000
7303,98,betCent,10,0.7418391719745223,0,30,None,66,1,5,False,1000,1000
7304,99,betCent,10,0.7437300955414012,0,30,None,66,1,5,False,1000,1000
7305,95,betCent,10,0.7555732484076433,0,32,None,66,1,5,False,1000,1000
7306,96,betCent,10,0.7558718152866242,0,32,None,66,1,5,False,1000,1000
7307,97,betCent,10,0.7570660828025477,0,32,None,66,1,5,False,1000,1000
7308,98,betCent,10,0.758359872611465,0,32,None,66,1,5,False,1000,1000
7309,99,betCent,10,0.7590565286624203,0,32,None,66,1,5,False,1000,1000
7310,95,betCent,10,0.7164609872611465,0,7,None,66,1,5,False,1000,1000
7311,96,betCent,10,0.7177547770700637,0,7,None,66,1,5,False,1000,1000
7312,97,betCent,10,0.71875,0,7,None,66,1,5,False,1000,1000
7313,98,betCent,10,0.7193471337579618,0,7,None,66,1,5,False,1000,1000
7314,99,betCent,10,0.7202428343949044,0,7,None,66,1,5,False,1000,1000
7315,95,betCent,10,0.7367635350318471,0,22,None,66,1,5,False,1000,1000
7316,96,betCent,10,0.7392515923566879,0,22,None,66,1,5,False,1000,1000
7317,97,betCent,10,0.7410429936305732,0,22,None,66,1,5,False,1000,1000
7318,98,betCent,10,0.7422372611464968,0,22,None,66,1,5,False,1000,1000
7319,99,betCent,10,0.743531050955414,0,22,None,66,1,5,False,1000,1000
7320,95,betCent,10,0.7202428343949044,0,14,None,66,1,5,False,1000,1000
7321,96,betCent,10,0.7235270700636943,0,14,None,66,1,5,False,1000,1000
7322,97,betCent,10,0.7255175159235668,0,14,None,66,1,5,False,1000,1000
7323,98,betCent,10,0.7280055732484076,0,14,None,66,1,5,False,1000,1000
7324,99,betCent,10,0.7294984076433121,0,14,None,66,1,5,False,1000,1000
7325,95,betCent,10,0.7349721337579618,0,25,None,66,1,5,False,1000,1000
7326,96,betCent,10,0.7369625796178344,0,25,None,66,1,5,False,1000,1000
7327,97,betCent,10,0.7398487261146497,0,25,None,66,1,5,False,1000,1000
7328,98,betCent,10,0.742734872611465,0,25,None,66,1,5,False,1000,1000
7329,99,betCent,10,0.7446257961783439,0,25,None,66,1,5,False,1000,1000
7330,95,betCent,10,0.7555732484076433,0,9,None,66,1,5,False,1000,1000
7331,96,betCent,10,0.7574641719745223,0,9,None,66,1,5,False,1000,1000
7332,97,betCent,10,0.7582603503184714,0,9,None,66,1,5,False,1000,1000
7333,98,betCent,10,0.7601512738853503,0,9,None,66,1,5,False,1000,1000
7334,99,betCent,10,0.7611464968152867,0,9,None,66,1,5,False,1000,1000
7335,95,betCent,10,0.7438296178343949,0,26,None,66,1,5,False,1000,1000
7336,96,betCent,10,0.7450238853503185,0,26,None,66,1,5,False,1000,1000
7337,97,betCent,10,0.7447253184713376,0,26,None,66,1,5,False,1000,1000
7338,98,betCent,10,0.745421974522293,0,26,None,66,1,5,False,1000,1000
7339,99,betCent,10,0.7469148089171974,0,26,None,66,1,5,False,1000,1000
7340,95,betCent,10,0.7602507961783439,0,12,None,66,1,5,False,1000,1000
7341,96,betCent,10,0.7614450636942676,0,12,None,66,1,5,False,1000,1000
7342,97,betCent,10,0.7622412420382165,0,12,None,66,1,5,False,1000,1000
7343,98,betCent,10,0.7626393312101911,0,12,None,66,1,5,False,1000,1000
7344,99,betCent,10,0.7642316878980892,0,12,None,66,1,5,False,1000,1000
7345,95,betCent,10,0.7487062101910829,0,17,None,66,1,5,False,1000,1000
7346,96,betCent,10,0.7503980891719745,0,17,None,66,1,5,False,1000,1000
7347,97,betCent,10,0.7520899681528662,0,17,None,66,1,5,False,1000,1000
7348,98,betCent,10,0.752687101910828,0,17,None,66,1,5,False,1000,1000
7349,99,betCent,10,0.7535828025477707,0,17,None,66,1,5,False,1000,1000
7350,95,betCent,10,0.756468949044586,0,24,None,66,1,5,False,1000,1000
7351,96,betCent,10,0.7586584394904459,0,24,None,66,1,5,False,1000,1000
7352,97,betCent,10,0.7608479299363057,0,24,None,66,1,5,False,1000,1000
7353,98,betCent,10,0.7632364649681529,0,24,None,66,1,5,False,1000,1000
7354,99,betCent,10,0.7642316878980892,0,24,None,66,1,5,False,1000,1000
7355,95,betCent,10,0.75109474522293,0,21,None,66,1,5,False,1000,1000
7356,96,betCent,10,0.752687101910828,0,21,None,66,1,5,False,1000,1000
7357,97,betCent,10,0.7539808917197452,0,21,None,66,1,5,False,1000,1000
7358,98,betCent,10,0.7548765923566879,0,21,None,66,1,5,False,1000,1000
7359,99,betCent,10,0.7563694267515924,0,21,None,66,1,5,False,1000,1000
7360,95,betCent,10,0.7345740445859873,0,27,None,66,1,5,False,1000,1000
7361,96,betCent,10,0.73546974522293,0,27,None,66,1,5,False,1000,1000
7362,97,betCent,10,0.7353702229299363,0,27,None,66,1,5,False,1000,1000
7363,98,betCent,10,0.7376592356687898,0,27,None,66,1,5,False,1000,1000
7364,99,betCent,10,0.7383558917197452,0,27,None,66,1,5,False,1000,1000
7365,95,betCent,10,0.7300955414012739,0,16,None,66,1,5,False,1000,1000
7366,96,betCent,10,0.731687898089172,0,16,None,66,1,5,False,1000,1000
7367,97,betCent,10,0.7321855095541401,0,16,None,66,1,5,False,1000,1000
7368,98,betCent,10,0.7328821656050956,0,16,None,66,1,5,False,1000,1000
7369,99,betCent,10,0.73328025477707,0,16,None,66,1,5,False,1000,1000
7370,95,betCent,10,0.7245222929936306,0,4,None,66,1,5,False,1000,1000
7371,96,betCent,10,0.7269108280254777,0,4,None,66,1,5,False,1000,1000
7372,97,betCent,10,0.7283041401273885,0,4,None,66,1,5,False,1000,1000
7373,98,betCent,10,0.7293988853503185,0,4,None,66,1,5,False,1000,1000
7374,99,betCent,10,0.7303941082802548,0,4,None,66,1,5,False,1000,1000
7375,95,betCent,10,0.7418391719745223,0,5,None,66,1,5,False,1000,1000
7376,96,betCent,10,0.7436305732484076,0,5,None,66,1,5,False,1000,1000
7377,97,betCent,10,0.7442277070063694,0,5,None,66,1,5,False,1000,1000
7378,98,betCent,10,0.746218152866242,0,5,None,66,1,5,False,1000,1000
7379,99,betCent,10,0.7466162420382165,0,5,None,66,1,5,False,1000,1000
7380,95,betCent,10,0.7419386942675159,0,6,None,66,1,5,False,1000,1000
7381,96,betCent,10,0.7424363057324841,0,6,None,66,1,5,False,1000,1000
7382,97,betCent,10,0.7424363057324841,0,6,None,66,1,5,False,1000,1000
7383,98,betCent,10,0.7424363057324841,0,6,None,66,1,5,False,1000,1000
7384,99,betCent,10,0.7431329617834395,0,6,None,66,1,5,False,1000,1000
7385,95,betCent,10,0.7264132165605095,0,0,None,66,1,5,False,1000,1000
7386,96,betCent,10,0.7276074840764332,0,0,None,66,1,5,False,1000,1000
7387,97,betCent,10,0.7290007961783439,0,0,None,66,1,5,False,1000,1000
7388,98,betCent,10,0.7306926751592356,0,0,None,66,1,5,False,1000,1000
7389,99,betCent,10,0.7321855095541401,0,0,None,66,1,5,False,1000,1000
7390,95,betCent,10,0.7530851910828026,0,15,None,66,1,5,False,1000,1000
7391,96,betCent,10,0.753781847133758,0,15,None,66,1,5,False,1000,1000
7392,97,betCent,10,0.754578025477707,0,15,None,66,1,5,False,1000,1000
7393,98,betCent,10,0.7549761146496815,0,15,None,66,1,5,False,1000,1000
7394,99,betCent,10,0.7540804140127388,0,15,None,66,1,5,False,1000,1000
7395,95,betCent,10,0.7463176751592356,0,10,None,66,1,5,False,1000,1000
7396,96,betCent,10,0.7469148089171974,0,10,None,66,1,5,False,1000,1000
7397,97,betCent,10,0.748109076433121,0,10,None,66,1,5,False,1000,1000
7398,98,betCent,10,0.7490047770700637,0,10,None,66,1,5,False,1000,1000
7399,99,betCent,10,0.75,0,10,None,66,1,5,False,1000,1000
7400,95,betCent,10,0.7255175159235668,0,8,None,66,1,5,False,1000,1000
7401,96,betCent,10,0.7278065286624203,0,8,None,66,1,5,False,1000,1000
7402,97,betCent,10,0.7302945859872612,0,8,None,66,1,5,False,1000,1000
7403,98,betCent,10,0.7318869426751592,0,8,None,66,1,5,False,1000,1000
7404,99,betCent,10,0.7342754777070064,0,8,None,66,1,5,False,1000,1000
7405,95,betCent,10,0.7463176751592356,0,18,None,66,1,5,False,1000,1000
7406,96,betCent,10,0.7469148089171974,0,18,None,66,1,5,False,1000,1000
7407,97,betCent,10,0.748109076433121,0,18,None,66,1,5,False,1000,1000
7408,98,betCent,10,0.7497014331210191,0,18,None,66,1,5,False,1000,1000
7409,99,betCent,10,0.7507961783439491,0,18,None,66,1,5,False,1000,1000
7410,95,betCent,10,0.7465167197452229,0,3,None,66,1,5,False,1000,1000
7411,96,betCent,10,0.7471138535031847,0,3,None,66,1,5,False,1000,1000
7412,97,betCent,10,0.7486066878980892,0,3,None,66,1,5,False,1000,1000
7413,98,betCent,10,0.7492038216560509,0,3,None,66,1,5,False,1000,1000
7414,99,betCent,10,0.7500995222929936,0,3,None,66,1,5,False,1000,1000
7415,95,betCent,10,0.7483081210191083,0,19,None,66,1,5,False,1000,1000
7416,96,betCent,10,0.7498009554140127,0,19,None,66,1,5,False,1000,1000
7417,97,betCent,10,0.7506966560509554,0,19,None,66,1,5,False,1000,1000
7418,98,betCent,10,0.7525875796178344,0,19,None,66,1,5,False,1000,1000
7419,99,betCent,10,0.7541799363057324,0,19,None,66,1,5,False,1000,1000
7420,95,betCent,10,0.7372611464968153,0,31,None,66,1,5,False,1000,1000
7421,96,betCent,10,0.7386544585987261,0,31,None,66,1,5,False,1000,1000
7422,97,betCent,10,0.7397492038216561,0,31,None,66,1,5,False,1000,1000
7423,98,betCent,10,0.7411425159235668,0,31,None,66,1,5,False,1000,1000
7424,99,betCent,10,0.7415406050955414,0,31,None,66,1,5,False,1000,1000
7425,100,betCent,10,0.7346735668789809,0,1,None,66,1,5,False,1000,1000
7426,101,betCent,10,0.7350716560509554,0,1,None,66,1,5,False,1000,1000
7427,102,betCent,10,0.7366640127388535,0,1,None,66,1,5,False,1000,1000
7428,103,betCent,10,0.7380573248407644,0,1,None,66,1,5,False,1000,1000
7429,104,betCent,10,0.738953025477707,0,1,None,66,1,5,False,1000,1000
7430,100,betCent,10,0.7410429936305732,0,22,None,66,1,5,False,1000,1000
7431,101,betCent,10,0.7428343949044586,0,22,None,66,1,5,False,1000,1000
7432,102,betCent,10,0.7447253184713376,0,22,None,66,1,5,False,1000,1000
7433,103,betCent,10,0.7455214968152867,0,22,None,66,1,5,False,1000,1000
7434,104,betCent,10,0.7461186305732485,0,22,None,66,1,5,False,1000,1000
7435,100,betCent,10,0.695859872611465,0,23,None,66,1,5,False,1000,1000
7436,101,betCent,10,0.6989450636942676,0,23,None,66,1,5,False,1000,1000
7437,102,betCent,10,0.7010350318471338,0,23,None,66,1,5,False,1000,1000
7438,103,betCent,10,0.7029259554140127,0,23,None,66,1,5,False,1000,1000
7439,104,betCent,10,0.7065087579617835,0,23,None,66,1,5,False,1000,1000
7440,100,betCent,10,0.7595541401273885,0,32,None,66,1,5,False,1000,1000
7441,101,betCent,10,0.7598527070063694,0,32,None,66,1,5,False,1000,1000
7442,102,betCent,10,0.7609474522292994,0,32,None,66,1,5,False,1000,1000
7443,103,betCent,10,0.762937898089172,0,32,None,66,1,5,False,1000,1000
7444,104,betCent,10,0.763734076433121,0,32,None,66,1,5,False,1000,1000
7445,100,betCent,10,0.7563694267515924,0,29,None,66,1,5,False,1000,1000
7446,101,betCent,10,0.7562699044585988,0,29,None,66,1,5,False,1000,1000
7447,102,betCent,10,0.7553742038216561,0,29,None,66,1,5,False,1000,1000
7448,103,betCent,10,0.7546775477707006,0,29,None,66,1,5,False,1000,1000
7449,104,betCent,10,0.7549761146496815,0,29,None,66,1,5,False,1000,1000
7450,100,betCent,10,0.7288017515923567,0,14,None,66,1,5,False,1000,1000
7451,101,betCent,10,0.7327826433121019,0,14,None,66,1,5,False,1000,1000
7452,102,betCent,10,0.7352707006369427,0,14,None,66,1,5,False,1000,1000
7453,103,betCent,10,0.738156847133758,0,14,None,66,1,5,False,1000,1000
7454,104,betCent,10,0.7402468152866242,0,14,None,66,1,5,False,1000,1000
7455,100,betCent,10,0.7676154458598726,0,13,None,66,1,5,False,1000,1000
7456,101,betCent,10,0.7677149681528662,0,13,None,66,1,5,False,1000,1000
7457,102,betCent,10,0.7677149681528662,0,13,None,66,1,5,False,1000,1000
7458,103,betCent,10,0.7682125796178344,0,13,None,66,1,5,False,1000,1000
7459,104,betCent,10,0.7690087579617835,0,13,None,66,1,5,False,1000,1000
7460,100,betCent,10,0.7505971337579618,0,6,None,66,1,5,False,1000,1000
7461,101,betCent,10,0.7507961783439491,0,6,None,66,1,5,False,1000,1000
7462,102,betCent,10,0.7512937898089171,0,6,None,66,1,5,False,1000,1000
7463,103,betCent,10,0.7516918789808917,0,6,None,66,1,5,False,1000,1000
7464,104,betCent,10,0.7516918789808917,0,6,None,66,1,5,False,1000,1000
7465,100,betCent,10,0.7482085987261147,0,26,None,66,1,5,False,1000,1000
7466,101,betCent,10,0.748109076433121,0,26,None,66,1,5,False,1000,1000
7467,102,betCent,10,0.74890525477707,0,26,None,66,1,5,False,1000,1000
7468,103,betCent,10,0.7494028662420382,0,26,None,66,1,5,False,1000,1000
7469,104,betCent,10,0.7504976114649682,0,26,None,66,1,5,False,1000,1000
7470,100,betCent,10,0.7403463375796179,0,25,None,66,1,5,False,1000,1000
7471,101,betCent,10,0.7430334394904459,0,25,None,66,1,5,False,1000,1000
7472,102,betCent,10,0.746218152866242,0,25,None,66,1,5,False,1000,1000
7473,103,betCent,10,0.748109076433121,0,25,None,66,1,5,False,1000,1000
7474,104,betCent,10,0.7496019108280255,0,25,None,66,1,5,False,1000,1000
7475,100,betCent,10,0.7557722929936306,0,21,None,66,1,5,False,1000,1000
7476,101,betCent,10,0.7569665605095541,0,21,None,66,1,5,False,1000,1000
7477,102,betCent,10,0.7574641719745223,0,21,None,66,1,5,False,1000,1000
7478,103,betCent,10,0.7585589171974523,0,21,None,66,1,5,False,1000,1000
7479,104,betCent,10,0.759156050955414,0,21,None,66,1,5,False,1000,1000
7480,100,betCent,10,0.7196457006369427,0,2,None,66,1,5,False,1000,1000
7481,101,betCent,10,0.7219347133757962,0,2,None,66,1,5,False,1000,1000
7482,102,betCent,10,0.7226313694267515,0,2,None,66,1,5,False,1000,1000
7483,103,betCent,10,0.7236265923566879,0,2,None,66,1,5,False,1000,1000
7484,104,betCent,10,0.7247213375796179,0,2,None,66,1,5,False,1000,1000
7485,100,betCent,10,0.7458200636942676,0,5,None,66,1,5,False,1000,1000
7486,101,betCent,10,0.7470143312101911,0,5,None,66,1,5,False,1000,1000
7487,102,betCent,10,0.7488057324840764,0,5,None,66,1,5,False,1000,1000
7488,103,betCent,10,0.75,0,5,None,66,1,5,False,1000,1000
7489,104,betCent,10,0.7508957006369427,0,5,None,66,1,5,False,1000,1000
7490,100,betCent,10,0.7201433121019108,0,7,None,66,1,5,False,1000,1000
7491,101,betCent,10,0.7218351910828026,0,7,None,66,1,5,False,1000,1000
7492,102,betCent,10,0.7230294585987261,0,7,None,66,1,5,False,1000,1000
7493,103,betCent,10,0.7237261146496815,0,7,None,66,1,5,False,1000,1000
7494,104,betCent,10,0.7250199044585988,0,7,None,66,1,5,False,1000,1000
7495,100,betCent,10,0.762937898089172,0,9,None,66,1,5,False,1000,1000
7496,101,betCent,10,0.7636345541401274,0,9,None,66,1,5,False,1000,1000
7497,102,betCent,10,0.7644307324840764,0,9,None,66,1,5,False,1000,1000
7498,103,betCent,10,0.7658240445859873,0,9,None,66,1,5,False,1000,1000
7499,104,betCent,10,0.7661226114649682,0,9,None,66,1,5,False,1000,1000
7500,100,betCent,10,0.7549761146496815,0,10,None,66,1,5,False,1000,1000
7501,101,betCent,10,0.7549761146496815,0,10,None,66,1,5,False,1000,1000
7502,102,betCent,10,0.7563694267515924,0,10,None,66,1,5,False,1000,1000
7503,103,betCent,10,0.7575636942675159,0,10,None,66,1,5,False,1000,1000
7504,104,betCent,10,0.7584593949044586,0,10,None,66,1,5,False,1000,1000
7505,100,betCent,10,0.6929737261146497,0,11,None,66,1,5,False,1000,1000
7506,101,betCent,10,0.6954617834394905,0,11,None,66,1,5,False,1000,1000
7507,102,betCent,10,0.6962579617834395,0,11,None,66,1,5,False,1000,1000
7508,103,betCent,10,0.6978503184713376,0,11,None,66,1,5,False,1000,1000
7509,104,betCent,10,0.6990445859872612,0,11,None,66,1,5,False,1000,1000
7510,100,betCent,10,0.757265127388535,0,15,None,66,1,5,False,1000,1000
7511,101,betCent,10,0.7579617834394905,0,15,None,66,1,5,False,1000,1000
7512,102,betCent,10,0.7587579617834395,0,15,None,66,1,5,False,1000,1000
7513,103,betCent,10,0.7589570063694268,0,15,None,66,1,5,False,1000,1000
7514,104,betCent,10,0.7589570063694268,0,15,None,66,1,5,False,1000,1000
7515,100,betCent,10,0.7650278662420382,0,12,None,66,1,5,False,1000,1000
7516,101,betCent,10,0.7653264331210191,0,12,None,66,1,5,False,1000,1000
7517,102,betCent,10,0.7661226114649682,0,12,None,66,1,5,False,1000,1000
7518,103,betCent,10,0.7678144904458599,0,12,None,66,1,5,False,1000,1000
7519,104,betCent,10,0.7689092356687898,0,12,None,66,1,5,False,1000,1000
7520,100,betCent,10,0.7573646496815286,0,17,None,66,1,5,False,1000,1000
7521,101,betCent,10,0.7581608280254777,0,17,None,66,1,5,False,1000,1000
7522,102,betCent,10,0.758359872611465,0,17,None,66,1,5,False,1000,1000
7523,103,betCent,10,0.759156050955414,0,17,None,66,1,5,False,1000,1000
7524,104,betCent,10,0.7597531847133758,0,17,None,66,1,5,False,1000,1000
7525,100,betCent,10,0.7394506369426752,0,20,None,66,1,5,False,1000,1000
7526,101,betCent,10,0.7410429936305732,0,20,None,66,1,5,False,1000,1000
7527,102,betCent,10,0.744327229299363,0,20,None,66,1,5,False,1000,1000
7528,103,betCent,10,0.7484076433121019,0,20,None,66,1,5,False,1000,1000
7529,104,betCent,10,0.7517914012738853,0,20,None,66,1,5,False,1000,1000
7530,100,betCent,10,0.7345740445859873,0,8,None,66,1,5,False,1000,1000
7531,101,betCent,10,0.7358678343949044,0,8,None,66,1,5,False,1000,1000
7532,102,betCent,10,0.7383558917197452,0,8,None,66,1,5,False,1000,1000
7533,103,betCent,10,0.7406449044585988,0,8,None,66,1,5,False,1000,1000
7534,104,betCent,10,0.7421377388535032,0,8,None,66,1,5,False,1000,1000
7535,100,betCent,10,0.7311902866242038,0,4,None,66,1,5,False,1000,1000
7536,101,betCent,10,0.7330812101910829,0,4,None,66,1,5,False,1000,1000
7537,102,betCent,10,0.7337778662420382,0,4,None,66,1,5,False,1000,1000
7538,103,betCent,10,0.7356687898089171,0,4,None,66,1,5,False,1000,1000
7539,104,betCent,10,0.7367635350318471,0,4,None,66,1,5,False,1000,1000
7540,100,betCent,10,0.7328821656050956,0,16,None,66,1,5,False,1000,1000
7541,101,betCent,10,0.7333797770700637,0,16,None,66,1,5,False,1000,1000
7542,102,betCent,10,0.7346735668789809,0,16,None,66,1,5,False,1000,1000
7543,103,betCent,10,0.7353702229299363,0,16,None,66,1,5,False,1000,1000
7544,104,betCent,10,0.7363654458598726,0,16,None,66,1,5,False,1000,1000
7545,100,betCent,10,0.7504976114649682,0,18,None,66,1,5,False,1000,1000
7546,101,betCent,10,0.7512937898089171,0,18,None,66,1,5,False,1000,1000
7547,102,betCent,10,0.752687101910828,0,18,None,66,1,5,False,1000,1000
7548,103,betCent,10,0.7530851910828026,0,18,None,66,1,5,False,1000,1000
7549,104,betCent,10,0.7543789808917197,0,18,None,66,1,5,False,1000,1000
7550,100,betCent,10,0.7547770700636943,0,19,None,66,1,5,False,1000,1000
7551,101,betCent,10,0.7566679936305732,0,19,None,66,1,5,False,1000,1000
7552,102,betCent,10,0.758359872611465,0,19,None,66,1,5,False,1000,1000
7553,103,betCent,10,0.7601512738853503,0,19,None,66,1,5,False,1000,1000
7554,104,betCent,10,0.7614450636942676,0,19,None,66,1,5,False,1000,1000
7555,100,betCent,10,0.6344546178343949,0,28,None,66,1,5,False,1000,1000
7556,101,betCent,10,0.6541600318471338,0,28,None,66,1,5,False,1000,1000
7557,102,betCent,10,0.6624203821656051,0,28,None,66,1,5,False,1000,1000
7558,103,betCent,10,0.6684912420382165,0,28,None,66,1,5,False,1000,1000
7559,104,betCent,10,0.6701831210191083,0,28,None,66,1,5,False,1000,1000
7560,100,betCent,10,0.7507961783439491,0,3,None,66,1,5,False,1000,1000
7561,101,betCent,10,0.7514928343949044,0,3,None,66,1,5,False,1000,1000
7562,102,betCent,10,0.7516918789808917,0,3,None,66,1,5,False,1000,1000
7563,103,betCent,10,0.7525875796178344,0,3,None,66,1,5,False,1000,1000
7564,104,betCent,10,0.752687101910828,0,3,None,66,1,5,False,1000,1000
7565,100,betCent,10,0.7636345541401274,0,24,None,66,1,5,False,1000,1000
7566,101,betCent,10,0.7658240445859873,0,24,None,66,1,5,False,1000,1000
7567,102,betCent,10,0.7660230891719745,0,24,None,66,1,5,False,1000,1000
7568,103,betCent,10,0.7666202229299363,0,24,None,66,1,5,False,1000,1000
7569,104,betCent,10,0.7679140127388535,0,24,None,66,1,5,False,1000,1000
7570,100,betCent,10,0.7329816878980892,0,0,None,66,1,5,False,1000,1000
7571,101,betCent,10,0.7340764331210191,0,0,None,66,1,5,False,1000,1000
7572,102,betCent,10,0.7351711783439491,0,0,None,66,1,5,False,1000,1000
7573,103,betCent,10,0.7364649681528662,0,0,None,66,1,5,False,1000,1000
7574,104,betCent,10,0.7380573248407644,0,0,None,66,1,5,False,1000,1000
7575,100,betCent,10,0.7390525477707006,0,27,None,66,1,5,False,1000,1000
7576,101,betCent,10,0.7404458598726115,0,27,None,66,1,5,False,1000,1000
7577,102,betCent,10,0.7411425159235668,0,27,None,66,1,5,False,1000,1000
7578,103,betCent,10,0.7420382165605095,0,27,None,66,1,5,False,1000,1000
7579,104,betCent,10,0.7428343949044586,0,27,None,66,1,5,False,1000,1000
7580,100,betCent,10,0.7490047770700637,0,30,None,66,1,5,False,1000,1000
7581,101,betCent,10,0.7498009554140127,0,30,None,66,1,5,False,1000,1000
7582,102,betCent,10,0.7500995222929936,0,30,None,66,1,5,False,1000,1000
7583,103,betCent,10,0.7506966560509554,0,30,None,66,1,5,False,1000,1000
7584,104,betCent,10,0.7512937898089171,0,30,None,66,1,5,False,1000,1000
7585,100,betCent,10,0.7488057324840764,0,31,None,66,1,5,False,1000,1000
7586,101,betCent,10,0.7495023885350318,0,31,None,66,1,5,False,1000,1000
7587,102,betCent,10,0.7497014331210191,0,31,None,66,1,5,False,1000,1000
7588,103,betCent,10,0.7502985668789809,0,31,None,66,1,5,False,1000,1000
7589,104,betCent,10,0.7508957006369427,0,31,None,66,1,5,False,1000,1000
10395,105,betCent,10,0.7368630573248408,0,1,None,66,1,5,False,1000,1000
10396,106,betCent,10,0.7392515923566879,0,1,None,66,1,5,False,1000,1000
10397,107,betCent,10,0.7402468152866242,0,1,None,66,1,5,False,1000,1000
10398,108,betCent,10,0.7410429936305732,0,1,None,66,1,5,False,1000,1000
10399,109,betCent,10,0.7419386942675159,0,1,None,66,1,5,False,1000,1000
10400,105,betCent,10,0.7243232484076433,0,2,None,66,1,5,False,1000,1000
10401,106,betCent,10,0.7257165605095541,0,2,None,66,1,5,False,1000,1000
10402,107,betCent,10,0.726015127388535,0,2,None,66,1,5,False,1000,1000
10403,108,betCent,10,0.7278065286624203,0,2,None,66,1,5,False,1000,1000
10404,109,betCent,10,0.7285031847133758,0,2,None,66,1,5,False,1000,1000
10405,105,betCent,10,0.7500995222929936,0,5,None,66,1,5,False,1000,1000
10406,106,betCent,10,0.7514928343949044,0,5,None,66,1,5,False,1000,1000
10407,107,betCent,10,0.752687101910828,0,5,None,66,1,5,False,1000,1000
10408,108,betCent,10,0.7528861464968153,0,5,None,66,1,5,False,1000,1000
10409,109,betCent,10,0.7541799363057324,0,5,None,66,1,5,False,1000,1000
10410,105,betCent,10,0.7615445859872612,0,10,None,66,1,5,False,1000,1000
10411,106,betCent,10,0.7622412420382165,0,10,None,66,1,5,False,1000,1000
10412,107,betCent,10,0.7631369426751592,0,10,None,66,1,5,False,1000,1000
10413,108,betCent,10,0.7641321656050956,0,10,None,66,1,5,False,1000,1000
10414,109,betCent,10,0.7657245222929936,0,10,None,66,1,5,False,1000,1000
10415,105,betCent,10,0.7624402866242038,0,15,None,66,1,5,False,1000,1000
10416,106,betCent,10,0.7620421974522293,0,15,None,66,1,5,False,1000,1000
10417,107,betCent,10,0.7624402866242038,0,15,None,66,1,5,False,1000,1000
10418,108,betCent,10,0.7628383757961783,0,15,None,66,1,5,False,1000,1000
10419,109,betCent,10,0.7631369426751592,0,15,None,66,1,5,False,1000,1000
10420,105,betCent,10,0.73546974522293,0,16,None,66,1,5,False,1000,1000
10421,106,betCent,10,0.737062101910828,0,16,None,66,1,5,False,1000,1000
10422,107,betCent,10,0.7383558917197452,0,16,None,66,1,5,False,1000,1000
10423,108,betCent,10,0.7395501592356688,0,16,None,66,1,5,False,1000,1000
10424,109,betCent,10,0.7405453821656051,0,16,None,66,1,5,False,1000,1000
10425,105,betCent,10,0.6948646496815286,0,11,None,66,1,5,False,1000,1000
10426,106,betCent,10,0.6973527070063694,0,11,None,66,1,5,False,1000,1000
10427,107,betCent,10,0.6986464968152867,0,11,None,66,1,5,False,1000,1000
10428,108,betCent,10,0.7005374203821656,0,11,None,66,1,5,False,1000,1000
10429,109,betCent,10,0.7017316878980892,0,11,None,66,1,5,False,1000,1000
10430,105,betCent,10,0.7391520700636943,0,8,None,66,1,5,False,1000,1000
10431,106,betCent,10,0.7418391719745223,0,8,None,66,1,5,False,1000,1000
10432,107,betCent,10,0.743531050955414,0,8,None,66,1,5,False,1000,1000
10433,108,betCent,10,0.7453224522292994,0,8,None,66,1,5,False,1000,1000
10434,109,betCent,10,0.7472133757961783,0,8,None,66,1,5,False,1000,1000
10435,105,betCent,10,0.7414410828025477,0,20,None,66,1,5,False,1000,1000
10436,106,betCent,10,0.7478105095541401,0,20,None,66,1,5,False,1000,1000
10437,107,betCent,10,0.7504976114649682,0,20,None,66,1,5,False,1000,1000
10438,108,betCent,10,0.7533837579617835,0,20,None,66,1,5,False,1000,1000
10439,109,betCent,10,0.756468949044586,0,20,None,66,1,5,False,1000,1000
10440,105,betCent,10,0.7620421974522293,0,19,None,66,1,5,False,1000,1000
10441,106,betCent,10,0.762937898089172,0,19,None,66,1,5,False,1000,1000
10442,107,betCent,10,0.7647292993630573,0,19,None,66,1,5,False,1000,1000
10443,108,betCent,10,0.765625,0,19,None,66,1,5,False,1000,1000
10444,109,betCent,10,0.7662221337579618,0,19,None,66,1,5,False,1000,1000
10445,105,betCent,10,0.7014331210191083,0,23,None,66,1,5,False,1000,1000
10446,106,betCent,10,0.7032245222929936,0,23,None,66,1,5,False,1000,1000
10447,107,betCent,10,0.7059116242038217,0,23,None,66,1,5,False,1000,1000
10448,108,betCent,10,0.707703025477707,0,23,None,66,1,5,False,1000,1000
10449,109,betCent,10,0.709593949044586,0,23,None,66,1,5,False,1000,1000
10450,105,betCent,10,0.7636345541401274,0,17,None,66,1,5,False,1000,1000
10451,106,betCent,10,0.7638335987261147,0,17,None,66,1,5,False,1000,1000
10452,107,betCent,10,0.7644307324840764,0,17,None,66,1,5,False,1000,1000
10453,108,betCent,10,0.7650278662420382,0,17,None,66,1,5,False,1000,1000
10454,109,betCent,10,0.7661226114649682,0,17,None,66,1,5,False,1000,1000
10455,105,betCent,10,0.7587579617834395,0,21,None,66,1,5,False,1000,1000
10456,106,betCent,10,0.7592555732484076,0,21,None,66,1,5,False,1000,1000
10457,107,betCent,10,0.7601512738853503,0,21,None,66,1,5,False,1000,1000
10458,108,betCent,10,0.7608479299363057,0,21,None,66,1,5,False,1000,1000
10459,109,betCent,10,0.7617436305732485,0,21,None,66,1,5,False,1000,1000
10460,105,betCent,10,0.7452229299363057,0,25,None,66,1,5,False,1000,1000
10461,106,betCent,10,0.7478105095541401,0,25,None,66,1,5,False,1000,1000
10462,107,betCent,10,0.7500995222929936,0,25,None,66,1,5,False,1000,1000
10463,108,betCent,10,0.7521894904458599,0,25,None,66,1,5,False,1000,1000
10464,109,betCent,10,0.7539808917197452,0,25,None,66,1,5,False,1000,1000
10465,105,betCent,10,0.7504976114649682,0,26,None,66,1,5,False,1000,1000
10466,106,betCent,10,0.7509952229299363,0,26,None,66,1,5,False,1000,1000
10467,107,betCent,10,0.7524880573248408,0,26,None,66,1,5,False,1000,1000
10468,108,betCent,10,0.7530851910828026,0,26,None,66,1,5,False,1000,1000
10469,109,betCent,10,0.7541799363057324,0,26,None,66,1,5,False,1000,1000
10470,105,betCent,10,0.7695063694267515,0,24,None,66,1,5,False,1000,1000
10471,106,betCent,10,0.7697054140127388,0,24,None,66,1,5,False,1000,1000
10472,107,betCent,10,0.7715963375796179,0,24,None,66,1,5,False,1000,1000
10473,108,betCent,10,0.7723925159235668,0,24,None,66,1,5,False,1000,1000
10474,109,betCent,10,0.7729896496815286,0,24,None,66,1,5,False,1000,1000
10475,105,betCent,10,0.6385350318471338,0,28,None,66,1,5,False,1000,1000
10476,106,betCent,10,0.6597332802547771,0,28,None,66,1,5,False,1000,1000
10477,107,betCent,10,0.6682921974522293,0,28,None,66,1,5,False,1000,1000
10478,108,betCent,10,0.6735668789808917,0,28,None,66,1,5,False,1000,1000
10479,109,betCent,10,0.6759554140127388,0,28,None,66,1,5,False,1000,1000
10480,105,betCent,10,0.753781847133758,0,3,None,66,1,5,False,1000,1000
10481,106,betCent,10,0.7544785031847133,0,3,None,66,1,5,False,1000,1000
10482,107,betCent,10,0.7544785031847133,0,3,None,66,1,5,False,1000,1000
10483,108,betCent,10,0.7559713375796179,0,3,None,66,1,5,False,1000,1000
10484,109,betCent,10,0.7562699044585988,0,3,None,66,1,5,False,1000,1000
10485,105,betCent,10,0.7605493630573248,0,29,None,66,1,5,False,1000,1000
10486,106,betCent,10,0.7601512738853503,0,29,None,66,1,5,False,1000,1000
10487,107,betCent,10,0.7608479299363057,0,29,None,66,1,5,False,1000,1000
10488,108,betCent,10,0.7602507961783439,0,29,None,66,1,5,False,1000,1000
10489,109,betCent,10,0.7594546178343949,0,29,None,66,1,5,False,1000,1000
10490,105,betCent,10,0.7573646496815286,0,30,None,66,1,5,False,1000,1000
10491,106,betCent,10,0.7598527070063694,0,30,None,66,1,5,False,1000,1000
10492,107,betCent,10,0.759156050955414,0,30,None,66,1,5,False,1000,1000
10493,108,betCent,10,0.7590565286624203,0,30,None,66,1,5,False,1000,1000
10494,109,betCent,10,0.759156050955414,0,30,None,66,1,5,False,1000,1000
10495,105,betCent,10,0.7684116242038217,0,12,None,66,1,5,False,1000,1000
10496,106,betCent,10,0.7690087579617835,0,12,None,66,1,5,False,1000,1000
10497,107,betCent,10,0.7705015923566879,0,12,None,66,1,5,False,1000,1000
10498,108,betCent,10,0.7711982484076433,0,12,None,66,1,5,False,1000,1000
10499,109,betCent,10,0.772890127388535,0,12,None,66,1,5,False,1000,1000
10500,105,betCent,10,0.7721934713375797,0,13,None,66,1,5,False,1000,1000
10501,106,betCent,10,0.7733877388535032,0,13,None,66,1,5,False,1000,1000
10502,107,betCent,10,0.7731886942675159,0,13,None,66,1,5,False,1000,1000
10503,108,betCent,10,0.7742834394904459,0,13,None,66,1,5,False,1000,1000
10504,109,betCent,10,0.7753781847133758,0,13,None,66,1,5,False,1000,1000
10505,105,betCent,10,0.7395501592356688,0,0,None,66,1,5,False,1000,1000
10506,106,betCent,10,0.7407444267515924,0,0,None,66,1,5,False,1000,1000
10507,107,betCent,10,0.7419386942675159,0,0,None,66,1,5,False,1000,1000
10508,108,betCent,10,0.7428343949044586,0,0,None,66,1,5,False,1000,1000
10509,109,betCent,10,0.7434315286624203,0,0,None,66,1,5,False,1000,1000
10510,105,betCent,10,0.7686106687898089,0,9,None,66,1,5,False,1000,1000
10511,106,betCent,10,0.769406847133758,0,9,None,66,1,5,False,1000,1000
10512,107,betCent,10,0.7695063694267515,0,9,None,66,1,5,False,1000,1000
10513,108,betCent,10,0.7701035031847133,0,9,None,66,1,5,False,1000,1000
10514,109,betCent,10,0.7698049363057324,0,9,None,66,1,5,False,1000,1000
10515,105,betCent,10,0.7551751592356688,0,6,None,66,1,5,False,1000,1000
10516,106,betCent,10,0.7555732484076433,0,6,None,66,1,5,False,1000,1000
10517,107,betCent,10,0.7560708598726115,0,6,None,66,1,5,False,1000,1000
10518,108,betCent,10,0.7570660828025477,0,6,None,66,1,5,False,1000,1000
10519,109,betCent,10,0.7563694267515924,0,6,None,66,1,5,False,1000,1000
10520,105,betCent,10,0.7371616242038217,0,14,None,66,1,5,False,1000,1000
10521,106,betCent,10,0.7409434713375797,0,14,None,66,1,5,False,1000,1000
10522,107,betCent,10,0.7444267515923567,0,14,None,66,1,5,False,1000,1000
10523,108,betCent,10,0.7467157643312102,0,14,None,66,1,5,False,1000,1000
10524,109,betCent,10,0.747312898089172,0,14,None,66,1,5,False,1000,1000
10525,105,betCent,10,0.7447253184713376,0,22,None,66,1,5,False,1000,1000
10526,106,betCent,10,0.7467157643312102,0,22,None,66,1,5,False,1000,1000
10527,107,betCent,10,0.7484076433121019,0,22,None,66,1,5,False,1000,1000
10528,108,betCent,10,0.7493033439490446,0,22,None,66,1,5,False,1000,1000
10529,109,betCent,10,0.75,0,22,None,66,1,5,False,1000,1000
10530,110,betCent,10,0.7496019108280255,0,25,None,66,1,5,False,1000,1000
10531,111,betCent,10,0.7536823248407644,0,25,None,66,1,5,False,1000,1000
10532,112,betCent,10,0.7539808917197452,0,25,None,66,1,5,False,1000,1000
10533,113,betCent,10,0.7553742038216561,0,25,None,66,1,5,False,1000,1000
10534,114,betCent,10,0.7574641719745223,0,25,None,66,1,5,False,1000,1000
10535,105,betCent,10,0.7444267515923567,0,27,None,66,1,5,False,1000,1000
10536,106,betCent,10,0.7465167197452229,0,27,None,66,1,5,False,1000,1000
10537,107,betCent,10,0.7470143312101911,0,27,None,66,1,5,False,1000,1000
10538,108,betCent,10,0.7471138535031847,0,27,None,66,1,5,False,1000,1000
10539,109,betCent,10,0.7476114649681529,0,27,None,66,1,5,False,1000,1000
10540,105,betCent,10,0.7525875796178344,0,18,None,66,1,5,False,1000,1000
10541,106,betCent,10,0.7532842356687898,0,18,None,66,1,5,False,1000,1000
10542,107,betCent,10,0.754578025477707,0,18,None,66,1,5,False,1000,1000
10543,108,betCent,10,0.7568670382165605,0,18,None,66,1,5,False,1000,1000
10544,109,betCent,10,0.757265127388535,0,18,None,66,1,5,False,1000,1000
10545,105,betCent,10,0.7543789808917197,0,31,None,66,1,5,False,1000,1000
10546,106,betCent,10,0.7559713375796179,0,31,None,66,1,5,False,1000,1000
10547,107,betCent,10,0.756468949044586,0,31,None,66,1,5,False,1000,1000
10548,108,betCent,10,0.7573646496815286,0,31,None,66,1,5,False,1000,1000
10549,109,betCent,10,0.7573646496815286,0,31,None,66,1,5,False,1000,1000
10550,105,betCent,10,0.7232285031847133,0,7,None,66,1,5,False,1000,1000
10551,106,betCent,10,0.7255175159235668,0,7,None,66,1,5,False,1000,1000
10552,107,betCent,10,0.7263136942675159,0,7,None,66,1,5,False,1000,1000
10553,108,betCent,10,0.7276074840764332,0,7,None,66,1,5,False,1000,1000
10554,109,betCent,10,0.727906050955414,0,7,None,66,1,5,False,1000,1000
10555,105,betCent,10,0.738953025477707,0,4,None,66,1,5,False,1000,1000
10556,106,betCent,10,0.7402468152866242,0,4,None,66,1,5,False,1000,1000
10557,107,betCent,10,0.7410429936305732,0,4,None,66,1,5,False,1000,1000
10558,108,betCent,10,0.7417396496815286,0,4,None,66,1,5,False,1000,1000
10559,109,betCent,10,0.7431329617834395,0,4,None,66,1,5,False,1000,1000
10560,105,betCent,10,0.7622412420382165,0,32,None,66,1,5,False,1000,1000
10561,106,betCent,10,0.762937898089172,0,32,None,66,1,5,False,1000,1000
10562,107,betCent,10,0.7648288216560509,0,32,None,66,1,5,False,1000,1000
10563,108,betCent,10,0.7659235668789809,0,32,None,66,1,5,False,1000,1000
10564,109,betCent,10,0.7665207006369427,0,32,None,66,1,5,False,1000,1000
10565,110,betCent,10,0.7727906050955414,0,24,None,66,1,5,False,1000,1000
10566,111,betCent,10,0.7742834394904459,0,24,None,66,1,5,False,1000,1000
10567,112,betCent,10,0.7757762738853503,0,24,None,66,1,5,False,1000,1000
10568,113,betCent,10,0.7769705414012739,0,24,None,66,1,5,False,1000,1000
10569,114,betCent,10,0.7772691082802548,0,24,None,66,1,5,False,1000,1000
10570,110,betCent,10,0.761046974522293,0,31,None,66,1,5,False,1000,1000
10571,111,betCent,10,0.7609474522292994,0,31,None,66,1,5,False,1000,1000
10572,112,betCent,10,0.7612460191082803,0,31,None,66,1,5,False,1000,1000
10573,113,betCent,10,0.761843152866242,0,31,None,66,1,5,False,1000,1000
10574,114,betCent,10,0.7621417197452229,0,31,None,66,1,5,False,1000,1000
10575,110,betCent,10,0.7688097133757962,0,17,None,66,1,5,False,1000,1000
10576,111,betCent,10,0.7696058917197452,0,17,None,66,1,5,False,1000,1000
10577,112,betCent,10,0.7707006369426752,0,17,None,66,1,5,False,1000,1000
10578,113,betCent,10,0.7707006369426752,0,17,None,66,1,5,False,1000,1000
10579,114,betCent,10,0.771297770700637,0,17,None,66,1,5,False,1000,1000
10580,110,betCent,10,0.7542794585987261,0,26,None,66,1,5,False,1000,1000
10581,111,betCent,10,0.7559713375796179,0,26,None,66,1,5,False,1000,1000
10582,112,betCent,10,0.7562699044585988,0,26,None,66,1,5,False,1000,1000
10583,113,betCent,10,0.7568670382165605,0,26,None,66,1,5,False,1000,1000
10584,114,betCent,10,0.758359872611465,0,26,None,66,1,5,False,1000,1000
10585,110,betCent,10,0.7708996815286624,0,12,None,66,1,5,False,1000,1000
10586,111,betCent,10,0.7718949044585988,0,12,None,66,1,5,False,1000,1000
10587,112,betCent,10,0.7729896496815286,0,12,None,66,1,5,False,1000,1000
10588,113,betCent,10,0.7736863057324841,0,12,None,66,1,5,False,1000,1000
10589,114,betCent,10,0.7749800955414012,0,12,None,66,1,5,False,1000,1000
10590,110,betCent,10,0.7616441082802548,0,30,None,66,1,5,False,1000,1000
10591,111,betCent,10,0.7623407643312102,0,30,None,66,1,5,False,1000,1000
10592,112,betCent,10,0.7623407643312102,0,30,None,66,1,5,False,1000,1000
10593,113,betCent,10,0.7623407643312102,0,30,None,66,1,5,False,1000,1000
10594,114,betCent,10,0.7628383757961783,0,30,None,66,1,5,False,1000,1000
10595,110,betCent,10,0.7563694267515924,0,18,None,66,1,5,False,1000,1000
10596,111,betCent,10,0.7568670382165605,0,18,None,66,1,5,False,1000,1000
10597,112,betCent,10,0.7580613057324841,0,18,None,66,1,5,False,1000,1000
10598,113,betCent,10,0.7589570063694268,0,18,None,66,1,5,False,1000,1000
10599,114,betCent,10,0.7603503184713376,0,18,None,66,1,5,False,1000,1000
10600,110,betCent,10,0.7670183121019108,0,19,None,66,1,5,False,1000,1000
10601,111,betCent,10,0.7677149681528662,0,19,None,66,1,5,False,1000,1000
10602,112,betCent,10,0.7693073248407644,0,19,None,66,1,5,False,1000,1000
10603,113,betCent,10,0.7709992038216561,0,19,None,66,1,5,False,1000,1000
10604,114,betCent,10,0.7715963375796179,0,19,None,66,1,5,False,1000,1000
10605,110,betCent,10,0.7659235668789809,0,10,None,66,1,5,False,1000,1000
10606,111,betCent,10,0.7674164012738853,0,10,None,66,1,5,False,1000,1000
10607,112,betCent,10,0.7688097133757962,0,10,None,66,1,5,False,1000,1000
10608,113,betCent,10,0.7701035031847133,0,10,None,66,1,5,False,1000,1000
10609,114,betCent,10,0.7711982484076433,0,10,None,66,1,5,False,1000,1000
10610,110,betCent,10,0.6968550955414012,0,11,None,66,1,5,False,1000,1000
10611,111,betCent,10,0.6990445859872612,0,11,None,66,1,5,False,1000,1000
10612,112,betCent,10,0.7009355095541401,0,11,None,66,1,5,False,1000,1000
10613,113,betCent,10,0.703125,0,11,None,66,1,5,False,1000,1000
10614,114,betCent,10,0.7054140127388535,0,11,None,66,1,5,False,1000,1000
10615,110,betCent,10,0.7659235668789809,0,15,None,66,1,5,False,1000,1000
10616,111,betCent,10,0.7661226114649682,0,15,None,66,1,5,False,1000,1000
10617,112,betCent,10,0.7665207006369427,0,15,None,66,1,5,False,1000,1000
10618,113,betCent,10,0.76671974522293,0,15,None,66,1,5,False,1000,1000
10619,114,betCent,10,0.7671178343949044,0,15,None,66,1,5,False,1000,1000
10620,110,betCent,10,0.7453224522292994,0,20,None,66,1,5,False,1000,1000
10621,111,betCent,10,0.7517914012738853,0,20,None,66,1,5,False,1000,1000
10622,112,betCent,10,0.755672770700637,0,20,None,66,1,5,False,1000,1000
10623,113,betCent,10,0.756468949044586,0,20,None,66,1,5,False,1000,1000
10624,114,betCent,10,0.7609474522292994,0,20,None,66,1,5,False,1000,1000
10625,110,betCent,10,0.744327229299363,0,14,None,66,1,5,False,1000,1000
10626,111,betCent,10,0.7464171974522293,0,14,None,66,1,5,False,1000,1000
10627,112,betCent,10,0.7490047770700637,0,14,None,66,1,5,False,1000,1000
10628,113,betCent,10,0.7508957006369427,0,14,None,66,1,5,False,1000,1000
10629,114,betCent,10,0.7522890127388535,0,14,None,66,1,5,False,1000,1000
10630,110,betCent,10,0.7486066878980892,0,22,None,66,1,5,False,1000,1000
10631,111,betCent,10,0.7506966560509554,0,22,None,66,1,5,False,1000,1000
10632,112,betCent,10,0.7520899681528662,0,22,None,66,1,5,False,1000,1000
10633,113,betCent,10,0.7527866242038217,0,22,None,66,1,5,False,1000,1000
10634,114,betCent,10,0.7542794585987261,0,22,None,66,1,5,False,1000,1000
10635,110,betCent,10,0.7243232484076433,0,7,None,66,1,5,False,1000,1000
10636,111,betCent,10,0.7258160828025477,0,7,None,66,1,5,False,1000,1000
10637,112,betCent,10,0.7268113057324841,0,7,None,66,1,5,False,1000,1000
10638,113,betCent,10,0.727906050955414,0,7,None,66,1,5,False,1000,1000
10639,114,betCent,10,0.7288017515923567,0,7,None,66,1,5,False,1000,1000
10640,110,betCent,10,0.7596536624203821,0,6,None,66,1,5,False,1000,1000
10641,111,betCent,10,0.7595541401273885,0,6,None,66,1,5,False,1000,1000
10642,112,betCent,10,0.7600517515923567,0,6,None,66,1,5,False,1000,1000
10643,113,betCent,10,0.7609474522292994,0,6,None,66,1,5,False,1000,1000
10644,114,betCent,10,0.7612460191082803,0,6,None,66,1,5,False,1000,1000
10645,110,betCent,10,0.7394506369426752,0,16,None,66,1,5,False,1000,1000
10646,111,betCent,10,0.7415406050955414,0,16,None,66,1,5,False,1000,1000
10647,112,betCent,10,0.7417396496815286,0,16,None,66,1,5,False,1000,1000
10648,113,betCent,10,0.7429339171974523,0,16,None,66,1,5,False,1000,1000
10649,114,betCent,10,0.7436305732484076,0,16,None,66,1,5,False,1000,1000
10650,110,betCent,10,0.7642316878980892,0,32,None,66,1,5,False,1000,1000
10651,111,betCent,10,0.7651273885350318,0,32,None,66,1,5,False,1000,1000
10652,112,betCent,10,0.7670183121019108,0,32,None,66,1,5,False,1000,1000
10653,113,betCent,10,0.7673168789808917,0,32,None,66,1,5,False,1000,1000
10654,114,betCent,10,0.7679140127388535,0,32,None,66,1,5,False,1000,1000
10655,110,betCent,10,0.7411425159235668,0,1,None,66,1,5,False,1000,1000
10656,111,betCent,10,0.7424363057324841,0,1,None,66,1,5,False,1000,1000
10657,112,betCent,10,0.742734872611465,0,1,None,66,1,5,False,1000,1000
10658,113,betCent,10,0.7430334394904459,0,1,None,66,1,5,False,1000,1000
10659,114,betCent,10,0.7444267515923567,0,1,None,66,1,5,False,1000,1000
10660,110,betCent,10,0.7275079617834395,0,2,None,66,1,5,False,1000,1000
10661,111,betCent,10,0.7292993630573248,0,2,None,66,1,5,False,1000,1000
10662,112,betCent,10,0.730593152866242,0,2,None,66,1,5,False,1000,1000
10663,113,betCent,10,0.7313893312101911,0,2,None,66,1,5,False,1000,1000
10664,114,betCent,10,0.7321855095541401,0,2,None,66,1,5,False,1000,1000
10665,110,betCent,10,0.7550756369426752,0,5,None,66,1,5,False,1000,1000
10666,111,betCent,10,0.7561703821656051,0,5,None,66,1,5,False,1000,1000
10667,112,betCent,10,0.756468949044586,0,5,None,66,1,5,False,1000,1000
10668,113,betCent,10,0.7574641719745223,0,5,None,66,1,5,False,1000,1000
10669,114,betCent,10,0.7582603503184714,0,5,None,66,1,5,False,1000,1000
10670,110,betCent,10,0.7568670382165605,0,3,None,66,1,5,False,1000,1000
10671,111,betCent,10,0.7577627388535032,0,3,None,66,1,5,False,1000,1000
10672,112,betCent,10,0.7581608280254777,0,3,None,66,1,5,False,1000,1000
10673,113,betCent,10,0.7590565286624203,0,3,None,66,1,5,False,1000,1000
10674,114,betCent,10,0.7603503184713376,0,3,None,66,1,5,False,1000,1000
10675,110,betCent,10,0.7461186305732485,0,8,None,66,1,5,False,1000,1000
10676,111,betCent,10,0.7461186305732485,0,8,None,66,1,5,False,1000,1000
10677,112,betCent,10,0.7491042993630573,0,8,None,66,1,5,False,1000,1000
10678,113,betCent,10,0.7513933121019108,0,8,None,66,1,5,False,1000,1000
10679,114,betCent,10,0.752687101910828,0,8,None,66,1,5,False,1000,1000
10680,110,betCent,10,0.7751791401273885,0,13,None,66,1,5,False,1000,1000
10681,111,betCent,10,0.7754777070063694,0,13,None,66,1,5,False,1000,1000
10682,112,betCent,10,0.7765724522292994,0,13,None,66,1,5,False,1000,1000
10683,113,betCent,10,0.7768710191082803,0,13,None,66,1,5,False,1000,1000
10684,114,betCent,10,0.777468152866242,0,13,None,66,1,5,False,1000,1000
10685,110,betCent,10,0.7716958598726115,0,9,None,66,1,5,False,1000,1000
10686,111,betCent,10,0.7717953821656051,0,9,None,66,1,5,False,1000,1000
10687,112,betCent,10,0.7731886942675159,0,9,None,66,1,5,False,1000,1000
10688,113,betCent,10,0.772890127388535,0,9,None,66,1,5,False,1000,1000
10689,114,betCent,10,0.7732882165605095,0,9,None,66,1,5,False,1000,1000
10690,110,betCent,10,0.7621417197452229,0,21,None,66,1,5,False,1000,1000
10691,111,betCent,10,0.7627388535031847,0,21,None,66,1,5,False,1000,1000
10692,112,betCent,10,0.7633359872611465,0,21,None,66,1,5,False,1000,1000
10693,113,betCent,10,0.7646297770700637,0,21,None,66,1,5,False,1000,1000
10694,114,betCent,10,0.7652269108280255,0,21,None,66,1,5,False,1000,1000
10695,110,betCent,10,0.7509952229299363,0,27,None,66,1,5,False,1000,1000
10696,111,betCent,10,0.7500995222929936,0,27,None,66,1,5,False,1000,1000
10697,112,betCent,10,0.75109474522293,0,27,None,66,1,5,False,1000,1000
10698,113,betCent,10,0.7522890127388535,0,27,None,66,1,5,False,1000,1000
10699,114,betCent,10,0.7530851910828026,0,27,None,66,1,5,False,1000,1000
10700,110,betCent,10,0.6410230891719745,0,28,None,66,1,5,False,1000,1000
10701,111,betCent,10,0.6615246815286624,0,28,None,66,1,5,False,1000,1000
10702,112,betCent,10,0.6727707006369427,0,28,None,66,1,5,False,1000,1000
10703,113,betCent,10,0.6753582802547771,0,28,None,66,1,5,False,1000,1000
10704,114,betCent,10,0.6797372611464968,0,28,None,66,1,5,False,1000,1000
10705,110,betCent,10,0.7646297770700637,0,29,None,66,1,5,False,1000,1000
10706,111,betCent,10,0.7648288216560509,0,29,None,66,1,5,False,1000,1000
10707,112,betCent,10,0.7644307324840764,0,29,None,66,1,5,False,1000,1000
10708,113,betCent,10,0.7647292993630573,0,29,None,66,1,5,False,1000,1000
10709,114,betCent,10,0.7650278662420382,0,29,None,66,1,5,False,1000,1000
10710,110,betCent,10,0.7460191082802548,0,0,None,66,1,5,False,1000,1000
10711,111,betCent,10,0.746218152866242,0,0,None,66,1,5,False,1000,1000
10712,112,betCent,10,0.7469148089171974,0,0,None,66,1,5,False,1000,1000
10713,113,betCent,10,0.7477109872611465,0,0,None,66,1,5,False,1000,1000
10714,114,betCent,10,0.7483081210191083,0,0,None,66,1,5,False,1000,1000
10715,110,betCent,10,0.7438296178343949,0,4,None,66,1,5,False,1000,1000
10716,111,betCent,10,0.7447253184713376,0,4,None,66,1,5,False,1000,1000
10717,112,betCent,10,0.7455214968152867,0,4,None,66,1,5,False,1000,1000
10718,113,betCent,10,0.7470143312101911,0,4,None,66,1,5,False,1000,1000
10719,114,betCent,10,0.7491042993630573,0,4,None,66,1,5,False,1000,1000
10720,110,betCent,10,0.7038216560509554,0,23,None,66,1,5,False,1000,1000
10721,111,betCent,10,0.7065087579617835,0,23,None,66,1,5,False,1000,1000
10722,112,betCent,10,0.7089968152866242,0,23,None,66,1,5,False,1000,1000
10723,113,betCent,10,0.7110867834394905,0,23,None,66,1,5,False,1000,1000
10724,114,betCent,10,0.7135748407643312,0,23,None,66,1,5,False,1000,1000
10725,115,betCent,10,0.7777667197452229,0,24,None,66,1,5,False,1000,1000
10726,116,betCent,10,0.779359076433121,0,24,None,66,1,5,False,1000,1000
10727,117,betCent,10,0.7810509554140127,0,24,None,66,1,5,False,1000,1000
10728,118,betCent,10,0.7820461783439491,0,24,None,66,1,5,False,1000,1000
10729,119,betCent,10,0.7829418789808917,0,24,None,66,1,5,False,1000,1000
10730,115,betCent,10,0.7635350318471338,0,31,None,66,1,5,False,1000,1000
10731,116,betCent,10,0.7636345541401274,0,31,None,66,1,5,False,1000,1000
10732,117,betCent,10,0.76453025477707,0,31,None,66,1,5,False,1000,1000
10733,118,betCent,10,0.7651273885350318,0,31,None,66,1,5,False,1000,1000
10734,119,betCent,10,0.76671974522293,0,31,None,66,1,5,False,1000,1000
10735,115,betCent,10,0.7539808917197452,0,27,None,66,1,5,False,1000,1000
10736,116,betCent,10,0.7551751592356688,0,27,None,66,1,5,False,1000,1000
10737,117,betCent,10,0.7561703821656051,0,27,None,66,1,5,False,1000,1000
10738,118,betCent,10,0.7565684713375797,0,27,None,66,1,5,False,1000,1000
10739,119,betCent,10,0.7565684713375797,0,27,None,66,1,5,False,1000,1000
10740,115,betCent,10,0.6447054140127388,0,28,None,66,1,5,False,1000,1000
10741,116,betCent,10,0.6668988853503185,0,28,None,66,1,5,False,1000,1000
10742,117,betCent,10,0.6772492038216561,0,28,None,66,1,5,False,1000,1000
10743,118,betCent,10,0.6784434713375797,0,28,None,66,1,5,False,1000,1000
10744,119,betCent,10,0.6824243630573248,0,28,None,66,1,5,False,1000,1000
10745,115,betCent,10,0.7542794585987261,0,25,None,66,1,5,False,1000,1000
10746,116,betCent,10,0.7563694267515924,0,25,None,66,1,5,False,1000,1000
10747,117,betCent,10,0.7586584394904459,0,25,None,66,1,5,False,1000,1000
10748,118,betCent,10,0.7598527070063694,0,25,None,66,1,5,False,1000,1000
10749,119,betCent,10,0.7616441082802548,0,25,None,66,1,5,False,1000,1000
10750,115,betCent,10,0.7753781847133758,0,9,None,66,1,5,False,1000,1000
10751,116,betCent,10,0.7743829617834395,0,9,None,66,1,5,False,1000,1000
10752,117,betCent,10,0.7749800955414012,0,9,None,66,1,5,False,1000,1000
10753,118,betCent,10,0.7746815286624203,0,9,None,66,1,5,False,1000,1000
10754,119,betCent,10,0.7750796178343949,0,9,None,66,1,5,False,1000,1000
10755,115,betCent,10,0.7690087579617835,0,29,None,66,1,5,False,1000,1000
10756,116,betCent,10,0.7688097133757962,0,29,None,66,1,5,False,1000,1000
10757,117,betCent,10,0.7685111464968153,0,29,None,66,1,5,False,1000,1000
10758,118,betCent,10,0.7685111464968153,0,29,None,66,1,5,False,1000,1000
10759,119,betCent,10,0.7686106687898089,0,29,None,66,1,5,False,1000,1000
10760,115,betCent,10,0.7313893312101911,0,2,None,66,1,5,False,1000,1000
10761,116,betCent,10,0.7331807324840764,0,2,None,66,1,5,False,1000,1000
10762,117,betCent,10,0.7350716560509554,0,2,None,66,1,5,False,1000,1000
10763,118,betCent,10,0.7364649681528662,0,2,None,66,1,5,False,1000,1000
10764,119,betCent,10,0.7373606687898089,0,2,None,66,1,5,False,1000,1000
10765,115,betCent,10,0.7802547770700637,0,13,None,66,1,5,False,1000,1000
10766,116,betCent,10,0.7806528662420382,0,13,None,66,1,5,False,1000,1000
10767,117,betCent,10,0.7811504777070064,0,13,None,66,1,5,False,1000,1000
10768,118,betCent,10,0.7820461783439491,0,13,None,66,1,5,False,1000,1000
10769,119,betCent,10,0.7822452229299363,0,13,None,66,1,5,False,1000,1000
10770,115,betCent,10,0.7421377388535032,0,16,None,66,1,5,False,1000,1000
10771,116,betCent,10,0.7432324840764332,0,16,None,66,1,5,False,1000,1000
10772,117,betCent,10,0.7453224522292994,0,16,None,66,1,5,False,1000,1000
10773,118,betCent,10,0.7458200636942676,0,16,None,66,1,5,False,1000,1000
10774,119,betCent,10,0.7470143312101911,0,16,None,66,1,5,False,1000,1000
10775,115,betCent,10,0.7582603503184714,0,5,None,66,1,5,False,1000,1000
10776,116,betCent,10,0.7595541401273885,0,5,None,66,1,5,False,1000,1000
10777,117,betCent,10,0.761046974522293,0,5,None,66,1,5,False,1000,1000
10778,118,betCent,10,0.7614450636942676,0,5,None,66,1,5,False,1000,1000
10779,119,betCent,10,0.7624402866242038,0,5,None,66,1,5,False,1000,1000
10780,115,betCent,10,0.7748805732484076,0,12,None,66,1,5,False,1000,1000
10781,116,betCent,10,0.7768710191082803,0,12,None,66,1,5,False,1000,1000
10782,117,betCent,10,0.7775676751592356,0,12,None,66,1,5,False,1000,1000
10783,118,betCent,10,0.7789609872611465,0,12,None,66,1,5,False,1000,1000
10784,119,betCent,10,0.7795581210191083,0,12,None,66,1,5,False,1000,1000
10785,115,betCent,10,0.7588574840764332,0,26,None,66,1,5,False,1000,1000
10786,116,betCent,10,0.7594546178343949,0,26,None,66,1,5,False,1000,1000
10787,117,betCent,10,0.7601512738853503,0,26,None,66,1,5,False,1000,1000
10788,118,betCent,10,0.761046974522293,0,26,None,66,1,5,False,1000,1000
10789,119,betCent,10,0.761046974522293,0,26,None,66,1,5,False,1000,1000
10790,115,betCent,10,0.7654259554140127,0,30,None,66,1,5,False,1000,1000
10791,116,betCent,10,0.7668192675159236,0,30,None,66,1,5,False,1000,1000
10792,117,betCent,10,0.7669187898089171,0,30,None,66,1,5,False,1000,1000
10793,118,betCent,10,0.7670183121019108,0,30,None,66,1,5,False,1000,1000
10794,119,betCent,10,0.7684116242038217,0,30,None,66,1,5,False,1000,1000
10795,115,betCent,10,0.7681130573248408,0,15,None,66,1,5,False,1000,1000
10796,116,betCent,10,0.7676154458598726,0,15,None,66,1,5,False,1000,1000
10797,117,betCent,10,0.768312101910828,0,15,None,66,1,5,False,1000,1000
10798,118,betCent,10,0.7692078025477707,0,15,None,66,1,5,False,1000,1000
10799,119,betCent,10,0.7703025477707006,0,15,None,66,1,5,False,1000,1000
10800,115,betCent,10,0.75,0,14,None,66,1,5,False,1000,1000
10801,116,betCent,10,0.7536823248407644,0,14,None,66,1,5,False,1000,1000
10802,117,betCent,10,0.7549761146496815,0,14,None,66,1,5,False,1000,1000
10803,118,betCent,10,0.7560708598726115,0,14,None,66,1,5,False,1000,1000
10804,119,betCent,10,0.7577627388535032,0,14,None,66,1,5,False,1000,1000
10805,115,betCent,10,0.7247213375796179,0,7,None,66,1,5,False,1000,1000
10806,116,betCent,10,0.7272093949044586,0,7,None,66,1,5,False,1000,1000
10807,117,betCent,10,0.7286027070063694,0,7,None,66,1,5,False,1000,1000
10808,118,betCent,10,0.7298964968152867,0,7,None,66,1,5,False,1000,1000
10809,119,betCent,10,0.7315883757961783,0,7,None,66,1,5,False,1000,1000
10810,115,betCent,10,0.6988455414012739,0,11,None,66,1,5,False,1000,1000
10811,116,betCent,10,0.7003383757961783,0,11,None,66,1,5,False,1000,1000
10812,117,betCent,10,0.7025278662420382,0,11,None,66,1,5,False,1000,1000
10813,118,betCent,10,0.7045183121019108,0,11,None,66,1,5,False,1000,1000
10814,119,betCent,10,0.7065087579617835,0,11,None,66,1,5,False,1000,1000
10815,115,betCent,10,0.7731886942675159,0,17,None,66,1,5,False,1000,1000
10816,116,betCent,10,0.7732882165605095,0,17,None,66,1,5,False,1000,1000
10817,117,betCent,10,0.7735867834394905,0,17,None,66,1,5,False,1000,1000
10818,118,betCent,10,0.7750796178343949,0,17,None,66,1,5,False,1000,1000
10819,119,betCent,10,0.7751791401273885,0,17,None,66,1,5,False,1000,1000
10820,115,betCent,10,0.7709992038216561,0,19,None,66,1,5,False,1000,1000
10821,116,betCent,10,0.7725915605095541,0,19,None,66,1,5,False,1000,1000
10822,117,betCent,10,0.7736863057324841,0,19,None,66,1,5,False,1000,1000
10823,118,betCent,10,0.7742834394904459,0,19,None,66,1,5,False,1000,1000
10824,119,betCent,10,0.7741839171974523,0,19,None,66,1,5,False,1000,1000
10825,115,betCent,10,0.7570660828025477,0,18,None,66,1,5,False,1000,1000
10826,116,betCent,10,0.7577627388535032,0,18,None,66,1,5,False,1000,1000
10827,117,betCent,10,0.7585589171974523,0,18,None,66,1,5,False,1000,1000
10828,118,betCent,10,0.7606488853503185,0,18,None,66,1,5,False,1000,1000
10829,119,betCent,10,0.7614450636942676,0,18,None,66,1,5,False,1000,1000
10830,115,betCent,10,0.7650278662420382,0,21,None,66,1,5,False,1000,1000
10831,116,betCent,10,0.7653264331210191,0,21,None,66,1,5,False,1000,1000
10832,117,betCent,10,0.7653264331210191,0,21,None,66,1,5,False,1000,1000
10833,118,betCent,10,0.7668192675159236,0,21,None,66,1,5,False,1000,1000
10834,119,betCent,10,0.7673168789808917,0,21,None,66,1,5,False,1000,1000
10835,115,betCent,10,0.7425358280254777,0,1,None,66,1,5,False,1000,1000
10836,116,betCent,10,0.7436305732484076,0,1,None,66,1,5,False,1000,1000
10837,117,betCent,10,0.745421974522293,0,1,None,66,1,5,False,1000,1000
10838,118,betCent,10,0.745421974522293,0,1,None,66,1,5,False,1000,1000
10839,119,betCent,10,0.7471138535031847,0,1,None,66,1,5,False,1000,1000
10840,115,betCent,10,0.7508957006369427,0,0,None,66,1,5,False,1000,1000
10841,116,betCent,10,0.7511942675159236,0,0,None,66,1,5,False,1000,1000
10842,117,betCent,10,0.7529856687898089,0,0,None,66,1,5,False,1000,1000
10843,118,betCent,10,0.7536823248407644,0,0,None,66,1,5,False,1000,1000
10844,119,betCent,10,0.7552746815286624,0,0,None,66,1,5,False,1000,1000
10845,115,betCent,10,0.7604498407643312,0,3,None,66,1,5,False,1000,1000
10846,116,betCent,10,0.761046974522293,0,3,None,66,1,5,False,1000,1000
10847,117,betCent,10,0.7609474522292994,0,3,None,66,1,5,False,1000,1000
10848,118,betCent,10,0.7626393312101911,0,3,None,66,1,5,False,1000,1000
10849,119,betCent,10,0.7633359872611465,0,3,None,66,1,5,False,1000,1000
10850,115,betCent,10,0.7634355095541401,0,6,None,66,1,5,False,1000,1000
10851,116,betCent,10,0.7647292993630573,0,6,None,66,1,5,False,1000,1000
10852,117,betCent,10,0.7647292993630573,0,6,None,66,1,5,False,1000,1000
10853,118,betCent,10,0.7648288216560509,0,6,None,66,1,5,False,1000,1000
10854,119,betCent,10,0.765625,0,6,None,66,1,5,False,1000,1000
10855,115,betCent,10,0.7467157643312102,0,4,None,66,1,5,False,1000,1000
10856,116,betCent,10,0.7480095541401274,0,4,None,66,1,5,False,1000,1000
10857,117,betCent,10,0.7495023885350318,0,4,None,66,1,5,False,1000,1000
10858,118,betCent,10,0.7513933121019108,0,4,None,66,1,5,False,1000,1000
10859,119,betCent,10,0.7528861464968153,0,4,None,66,1,5,False,1000,1000
10860,115,betCent,10,0.75,0,8,None,66,1,5,False,1000,1000
10861,116,betCent,10,0.751890923566879,0,8,None,66,1,5,False,1000,1000
10862,117,betCent,10,0.7538813694267515,0,8,None,66,1,5,False,1000,1000
10863,118,betCent,10,0.7554737261146497,0,8,None,66,1,5,False,1000,1000
10864,119,betCent,10,0.7560708598726115,0,8,None,66,1,5,False,1000,1000
10865,115,betCent,10,0.7690087579617835,0,10,None,66,1,5,False,1000,1000
10866,116,betCent,10,0.7710987261146497,0,10,None,66,1,5,False,1000,1000
10867,117,betCent,10,0.7726910828025477,0,10,None,66,1,5,False,1000,1000
10868,118,betCent,10,0.774781050955414,0,10,None,66,1,5,False,1000,1000
10869,119,betCent,10,0.7759753184713376,0,10,None,66,1,5,False,1000,1000
10870,115,betCent,10,0.75,0,20,None,66,1,5,False,1000,1000
10871,116,betCent,10,0.7543789808917197,0,20,None,66,1,5,False,1000,1000
10872,117,betCent,10,0.7603503184713376,0,20,None,66,1,5,False,1000,1000
10873,118,betCent,10,0.7604498407643312,0,20,None,66,1,5,False,1000,1000
10874,119,betCent,10,0.7658240445859873,0,20,None,66,1,5,False,1000,1000
10875,115,betCent,10,0.7521894904458599,0,22,None,66,1,5,False,1000,1000
10876,116,betCent,10,0.7538813694267515,0,22,None,66,1,5,False,1000,1000
10877,117,betCent,10,0.7558718152866242,0,22,None,66,1,5,False,1000,1000
10878,118,betCent,10,0.7582603503184714,0,22,None,66,1,5,False,1000,1000
10879,119,betCent,10,0.7590565286624203,0,22,None,66,1,5,False,1000,1000
10880,115,betCent,10,0.7086982484076433,0,23,None,66,1,5,False,1000,1000
10881,116,betCent,10,0.7106886942675159,0,23,None,66,1,5,False,1000,1000
10882,117,betCent,10,0.7132762738853503,0,23,None,66,1,5,False,1000,1000
10883,118,betCent,10,0.7156648089171974,0,23,None,66,1,5,False,1000,1000
10884,119,betCent,10,0.7185509554140127,0,23,None,66,1,5,False,1000,1000
10885,115,betCent,10,0.7661226114649682,0,32,None,66,1,5,False,1000,1000
10886,116,betCent,10,0.7674164012738853,0,32,None,66,1,5,False,1000,1000
10887,117,betCent,10,0.7681130573248408,0,32,None,66,1,5,False,1000,1000
10888,118,betCent,10,0.7704020700636943,0,32,None,66,1,5,False,1000,1000
10889,119,betCent,10,0.7709992038216561,0,32,None,66,1,5,False,1000,1000
10890,120,betCent,10,0.7356687898089171,0,2,None,66,1,5,False,1000,1000
10891,121,betCent,10,0.7385549363057324,0,2,None,66,1,5,False,1000,1000
10892,122,betCent,10,0.7383558917197452,0,2,None,66,1,5,False,1000,1000
10893,123,betCent,10,0.7388535031847133,0,2,None,66,1,5,False,1000,1000
10894,124,betCent,10,0.7398487261146497,0,2,None,66,1,5,False,1000,1000
10895,120,betCent,10,0.7736863057324841,0,29,None,66,1,5,False,1000,1000
10896,121,betCent,10,0.7732882165605095,0,29,None,66,1,5,False,1000,1000
10897,122,betCent,10,0.7745820063694268,0,29,None,66,1,5,False,1000,1000
10898,123,betCent,10,0.7740843949044586,0,29,None,66,1,5,False,1000,1000
10899,124,betCent,10,0.7741839171974523,0,29,None,66,1,5,False,1000,1000
10900,120,betCent,10,0.6463972929936306,0,28,None,66,1,5,False,1000,1000
10901,121,betCent,10,0.6714769108280255,0,28,None,66,1,5,False,1000,1000
10902,122,betCent,10,0.6822253184713376,0,28,None,66,1,5,False,1000,1000
10903,123,betCent,10,0.6842157643312102,0,28,None,66,1,5,False,1000,1000
10904,124,betCent,10,0.6883957006369427,0,28,None,66,1,5,False,1000,1000
10905,120,betCent,10,0.7715963375796179,0,15,None,66,1,5,False,1000,1000
10906,121,betCent,10,0.7709992038216561,0,15,None,66,1,5,False,1000,1000
10907,122,betCent,10,0.7710987261146497,0,15,None,66,1,5,False,1000,1000
10908,123,betCent,10,0.7715963375796179,0,15,None,66,1,5,False,1000,1000
10909,124,betCent,10,0.7725915605095541,0,15,None,66,1,5,False,1000,1000
10910,120,betCent,10,0.783937101910828,0,13,None,66,1,5,False,1000,1000
10911,121,betCent,10,0.7845342356687898,0,13,None,66,1,5,False,1000,1000
10912,122,betCent,10,0.7848328025477707,0,13,None,66,1,5,False,1000,1000
10913,123,betCent,10,0.7851313694267515,0,13,None,66,1,5,False,1000,1000
10914,124,betCent,10,0.7853304140127388,0,13,None,66,1,5,False,1000,1000
10915,120,betCent,10,0.7567675159235668,0,25,None,66,1,5,False,1000,1000
10916,121,betCent,10,0.7594546178343949,0,25,None,66,1,5,False,1000,1000
10917,122,betCent,10,0.761843152866242,0,25,None,66,1,5,False,1000,1000
10918,123,betCent,10,0.763734076433121,0,25,None,66,1,5,False,1000,1000
10919,124,betCent,10,0.7647292993630573,0,25,None,66,1,5,False,1000,1000
10920,120,betCent,10,0.6992436305732485,0,11,None,66,1,5,False,1000,1000
10921,121,betCent,10,0.7016321656050956,0,11,None,66,1,5,False,1000,1000
10922,122,betCent,10,0.7032245222929936,0,11,None,66,1,5,False,1000,1000
10923,123,betCent,10,0.7061106687898089,0,11,None,66,1,5,False,1000,1000
10924,124,betCent,10,0.7091958598726115,0,11,None,66,1,5,False,1000,1000
10925,120,betCent,10,0.777468152866242,0,17,None,66,1,5,False,1000,1000
10926,121,betCent,10,0.7771695859872612,0,17,None,66,1,5,False,1000,1000
10927,122,betCent,10,0.7779657643312102,0,17,None,66,1,5,False,1000,1000
10928,123,betCent,10,0.7783638535031847,0,17,None,66,1,5,False,1000,1000
10929,124,betCent,10,0.7779657643312102,0,17,None,66,1,5,False,1000,1000
10930,120,betCent,10,0.7784633757961783,0,9,None,66,1,5,False,1000,1000
10931,121,betCent,10,0.778562898089172,0,9,None,66,1,5,False,1000,1000
10932,122,betCent,10,0.7796576433121019,0,9,None,66,1,5,False,1000,1000
10933,123,betCent,10,0.7795581210191083,0,9,None,66,1,5,False,1000,1000
10934,124,betCent,10,0.7795581210191083,0,9,None,66,1,5,False,1000,1000
10935,120,betCent,10,0.7588574840764332,0,27,None,66,1,5,False,1000,1000
10936,121,betCent,10,0.759156050955414,0,27,None,66,1,5,False,1000,1000
10937,122,betCent,10,0.7593550955414012,0,27,None,66,1,5,False,1000,1000
10938,123,betCent,10,0.7602507961783439,0,27,None,66,1,5,False,1000,1000
10939,124,betCent,10,0.7607484076433121,0,27,None,66,1,5,False,1000,1000
10940,120,betCent,10,0.7455214968152867,0,16,None,66,1,5,False,1000,1000
10941,121,betCent,10,0.7483081210191083,0,16,None,66,1,5,False,1000,1000
10942,122,betCent,10,0.7492038216560509,0,16,None,66,1,5,False,1000,1000
10943,123,betCent,10,0.7505971337579618,0,16,None,66,1,5,False,1000,1000
10944,124,betCent,10,0.751890923566879,0,16,None,66,1,5,False,1000,1000
10945,120,betCent,10,0.7533837579617835,0,20,None,66,1,5,False,1000,1000
10946,121,betCent,10,0.7576632165605095,0,20,None,66,1,5,False,1000,1000
10947,122,betCent,10,0.7631369426751592,0,20,None,66,1,5,False,1000,1000
10948,123,betCent,10,0.7658240445859873,0,20,None,66,1,5,False,1000,1000
10949,124,betCent,10,0.7678144904458599,0,20,None,66,1,5,False,1000,1000
10950,120,betCent,10,0.7745820063694268,0,10,None,66,1,5,False,1000,1000
10951,121,betCent,10,0.7758757961783439,0,10,None,66,1,5,False,1000,1000
10952,122,betCent,10,0.776671974522293,0,10,None,66,1,5,False,1000,1000
10953,123,betCent,10,0.7773686305732485,0,10,None,66,1,5,False,1000,1000
10954,124,betCent,10,0.7789609872611465,0,10,None,66,1,5,False,1000,1000
10955,120,betCent,10,0.758359872611465,0,22,None,66,1,5,False,1000,1000
10956,121,betCent,10,0.7612460191082803,0,22,None,66,1,5,False,1000,1000
10957,122,betCent,10,0.7627388535031847,0,22,None,66,1,5,False,1000,1000
10958,123,betCent,10,0.7640326433121019,0,22,None,66,1,5,False,1000,1000
10959,124,betCent,10,0.7644307324840764,0,22,None,66,1,5,False,1000,1000
10960,120,betCent,10,0.7132762738853503,0,23,None,66,1,5,False,1000,1000
10961,121,betCent,10,0.7158638535031847,0,23,None,66,1,5,False,1000,1000
10962,122,betCent,10,0.7181528662420382,0,23,None,66,1,5,False,1000,1000
10963,123,betCent,10,0.7201433121019108,0,23,None,66,1,5,False,1000,1000
10964,124,betCent,10,0.7230294585987261,0,23,None,66,1,5,False,1000,1000
10965,120,betCent,10,0.7669187898089171,0,32,None,66,1,5,False,1000,1000
10966,121,betCent,10,0.7689092356687898,0,32,None,66,1,5,False,1000,1000
10967,122,betCent,10,0.7706011146496815,0,32,None,66,1,5,False,1000,1000
10968,123,betCent,10,0.7714968152866242,0,32,None,66,1,5,False,1000,1000
10969,124,betCent,10,0.7726910828025477,0,32,None,66,1,5,False,1000,1000
10970,120,betCent,10,0.7460191082802548,0,1,None,66,1,5,False,1000,1000
10971,121,betCent,10,0.7461186305732485,0,1,None,66,1,5,False,1000,1000
10972,122,betCent,10,0.747312898089172,0,1,None,66,1,5,False,1000,1000
10973,123,betCent,10,0.7496019108280255,0,1,None,66,1,5,False,1000,1000
10974,124,betCent,10,0.75,0,1,None,66,1,5,False,1000,1000
10975,120,betCent,10,0.7685111464968153,0,21,None,66,1,5,False,1000,1000
10976,121,betCent,10,0.7689092356687898,0,21,None,66,1,5,False,1000,1000
10977,122,betCent,10,0.7697054140127388,0,21,None,66,1,5,False,1000,1000
10978,123,betCent,10,0.7709992038216561,0,21,None,66,1,5,False,1000,1000
10979,124,betCent,10,0.7714968152866242,0,21,None,66,1,5,False,1000,1000
10980,120,betCent,10,0.7817476114649682,0,24,None,66,1,5,False,1000,1000
10981,121,betCent,10,0.7827428343949044,0,24,None,66,1,5,False,1000,1000
10982,122,betCent,10,0.7837380573248408,0,24,None,66,1,5,False,1000,1000
10983,123,betCent,10,0.7856289808917197,0,24,None,66,1,5,False,1000,1000
10984,124,betCent,10,0.7868232484076433,0,24,None,66,1,5,False,1000,1000
10985,120,betCent,10,0.7574641719745223,0,0,None,66,1,5,False,1000,1000
10986,121,betCent,10,0.7589570063694268,0,0,None,66,1,5,False,1000,1000
10987,122,betCent,10,0.7593550955414012,0,0,None,66,1,5,False,1000,1000
10988,123,betCent,10,0.7605493630573248,0,0,None,66,1,5,False,1000,1000
10989,124,betCent,10,0.7611464968152867,0,0,None,66,1,5,False,1000,1000
10990,120,betCent,10,0.761046974522293,0,5,None,66,1,5,False,1000,1000
10991,121,betCent,10,0.7620421974522293,0,5,None,66,1,5,False,1000,1000
10992,122,betCent,10,0.7620421974522293,0,5,None,66,1,5,False,1000,1000
10993,123,betCent,10,0.7628383757961783,0,5,None,66,1,5,False,1000,1000
10994,124,betCent,10,0.762937898089172,0,5,None,66,1,5,False,1000,1000
10995,120,betCent,10,0.7522890127388535,0,4,None,66,1,5,False,1000,1000
10996,121,betCent,10,0.7539808917197452,0,4,None,66,1,5,False,1000,1000
10997,122,betCent,10,0.7546775477707006,0,4,None,66,1,5,False,1000,1000
10998,123,betCent,10,0.7573646496815286,0,4,None,66,1,5,False,1000,1000
10999,124,betCent,10,0.7586584394904459,0,4,None,66,1,5,False,1000,1000
11000,120,betCent,10,0.7671178343949044,0,6,None,66,1,5,False,1000,1000
11001,121,betCent,10,0.7684116242038217,0,6,None,66,1,5,False,1000,1000
11002,122,betCent,10,0.7686106687898089,0,6,None,66,1,5,False,1000,1000
11003,123,betCent,10,0.7696058917197452,0,6,None,66,1,5,False,1000,1000
11004,124,betCent,10,0.7698049363057324,0,6,None,66,1,5,False,1000,1000
11005,120,betCent,10,0.7251194267515924,0,7,None,66,1,5,False,1000,1000
11006,121,betCent,10,0.7283041401273885,0,7,None,66,1,5,False,1000,1000
11007,122,betCent,10,0.7299960191082803,0,7,None,66,1,5,False,1000,1000
11008,123,betCent,10,0.7307921974522293,0,7,None,66,1,5,False,1000,1000
11009,124,betCent,10,0.7315883757961783,0,7,None,66,1,5,False,1000,1000
11010,120,betCent,10,0.7539808917197452,0,14,None,66,1,5,False,1000,1000
11011,121,betCent,10,0.7562699044585988,0,14,None,66,1,5,False,1000,1000
11012,122,betCent,10,0.758359872611465,0,14,None,66,1,5,False,1000,1000
11013,123,betCent,10,0.7606488853503185,0,14,None,66,1,5,False,1000,1000
11014,124,betCent,10,0.7621417197452229,0,14,None,66,1,5,False,1000,1000
11015,120,betCent,10,0.7786624203821656,0,12,None,66,1,5,False,1000,1000
11016,121,betCent,10,0.7800557324840764,0,12,None,66,1,5,False,1000,1000
11017,122,betCent,10,0.7814490445859873,0,12,None,66,1,5,False,1000,1000
11018,123,betCent,10,0.7821457006369427,0,12,None,66,1,5,False,1000,1000
11019,124,betCent,10,0.7827428343949044,0,12,None,66,1,5,False,1000,1000
11020,120,betCent,10,0.761046974522293,0,26,None,66,1,5,False,1000,1000
11021,121,betCent,10,0.7617436305732485,0,26,None,66,1,5,False,1000,1000
11022,122,betCent,10,0.7623407643312102,0,26,None,66,1,5,False,1000,1000
11023,123,betCent,10,0.762937898089172,0,26,None,66,1,5,False,1000,1000
11024,124,betCent,10,0.7632364649681529,0,26,None,66,1,5,False,1000,1000
11025,120,betCent,10,0.7673168789808917,0,30,None,66,1,5,False,1000,1000
11026,121,betCent,10,0.7698049363057324,0,30,None,66,1,5,False,1000,1000
11027,122,betCent,10,0.7718949044585988,0,30,None,66,1,5,False,1000,1000
11028,123,betCent,10,0.7722929936305732,0,30,None,66,1,5,False,1000,1000
11029,124,betCent,10,0.7735867834394905,0,30,None,66,1,5,False,1000,1000
11030,120,betCent,10,0.7557722929936306,0,8,None,66,1,5,False,1000,1000
11031,121,betCent,10,0.7579617834394905,0,8,None,66,1,5,False,1000,1000
11032,122,betCent,10,0.7590565286624203,0,8,None,66,1,5,False,1000,1000
11033,123,betCent,10,0.7597531847133758,0,8,None,66,1,5,False,1000,1000
11034,124,betCent,10,0.7604498407643312,0,8,None,66,1,5,False,1000,1000
11035,120,betCent,10,0.759156050955414,0,18,None,66,1,5,False,1000,1000
11036,121,betCent,10,0.7606488853503185,0,18,None,66,1,5,False,1000,1000
11037,122,betCent,10,0.761843152866242,0,18,None,66,1,5,False,1000,1000
11038,123,betCent,10,0.7632364649681529,0,18,None,66,1,5,False,1000,1000
11039,124,betCent,10,0.7640326433121019,0,18,None,66,1,5,False,1000,1000
11040,120,betCent,10,0.7631369426751592,0,3,None,66,1,5,False,1000,1000
11041,121,betCent,10,0.7644307324840764,0,3,None,66,1,5,False,1000,1000
11042,122,betCent,10,0.7657245222929936,0,3,None,66,1,5,False,1000,1000
11043,123,betCent,10,0.7663216560509554,0,3,None,66,1,5,False,1000,1000
11044,124,betCent,10,0.7673168789808917,0,3,None,66,1,5,False,1000,1000
11045,120,betCent,10,0.7690087579617835,0,31,None,66,1,5,False,1000,1000
11046,121,betCent,10,0.768312101910828,0,31,None,66,1,5,False,1000,1000
11047,122,betCent,10,0.7697054140127388,0,31,None,66,1,5,False,1000,1000
11048,123,betCent,10,0.7704020700636943,0,31,None,66,1,5,False,1000,1000
11049,124,betCent,10,0.7703025477707006,0,31,None,66,1,5,False,1000,1000
11050,120,betCent,10,0.7756767515923567,0,19,None,66,1,5,False,1000,1000
11051,121,betCent,10,0.7757762738853503,0,19,None,66,1,5,False,1000,1000
11052,122,betCent,10,0.7763734076433121,0,19,None,66,1,5,False,1000,1000
11053,123,betCent,10,0.7771695859872612,0,19,None,66,1,5,False,1000,1000
11054,124,betCent,10,0.778562898089172,0,19,None,66,1,5,False,1000,1000
11055,125,betCent,10,0.7622412420382165,0,18,None,66,1,5,False,1000,1000
11056,126,betCent,10,0.7641321656050956,0,18,None,66,1,5,False,1000,1000
11057,127,betCent,10,0.7654259554140127,0,18,None,66,1,5,False,1000,1000
11058,128,betCent,10,0.7673168789808917,0,18,None,66,1,5,False,1000,1000
11059,129,betCent,10,0.7679140127388535,0,18,None,66,1,5,False,1000,1000
11060,125,betCent,10,0.7391520700636943,0,2,None,66,1,5,False,1000,1000
11061,126,betCent,10,0.7412420382165605,0,2,None,66,1,5,False,1000,1000
11062,127,betCent,10,0.7419386942675159,0,2,None,66,1,5,False,1000,1000
11063,128,betCent,10,0.7434315286624203,0,2,None,66,1,5,False,1000,1000
11064,129,betCent,10,0.7445262738853503,0,2,None,66,1,5,False,1000,1000
11065,125,betCent,10,0.7649283439490446,0,5,None,66,1,5,False,1000,1000
11066,126,betCent,10,0.7660230891719745,0,5,None,66,1,5,False,1000,1000
11067,127,betCent,10,0.7659235668789809,0,5,None,66,1,5,False,1000,1000
11068,128,betCent,10,0.7665207006369427,0,5,None,66,1,5,False,1000,1000
11069,129,betCent,10,0.76671974522293,0,5,None,66,1,5,False,1000,1000
11070,125,betCent,10,0.7604498407643312,0,22,None,66,1,5,False,1000,1000
11071,126,betCent,10,0.7623407643312102,0,22,None,66,1,5,False,1000,1000
11072,127,betCent,10,0.7638335987261147,0,22,None,66,1,5,False,1000,1000
11073,128,betCent,10,0.7660230891719745,0,22,None,66,1,5,False,1000,1000
11074,129,betCent,10,0.7678144904458599,0,22,None,66,1,5,False,1000,1000
11075,125,betCent,10,0.7589570063694268,0,8,None,66,1,5,False,1000,1000
11076,126,betCent,10,0.7597531847133758,0,8,None,66,1,5,False,1000,1000
11077,127,betCent,10,0.7621417197452229,0,8,None,66,1,5,False,1000,1000
11078,128,betCent,10,0.7635350318471338,0,8,None,66,1,5,False,1000,1000
11079,129,betCent,10,0.7644307324840764,0,8,None,66,1,5,False,1000,1000
11080,125,betCent,10,0.7180533439490446,0,23,None,66,1,5,False,1000,1000
11081,126,betCent,10,0.720640923566879,0,23,None,66,1,5,False,1000,1000
11082,127,betCent,10,0.722531847133758,0,23,None,66,1,5,False,1000,1000
11083,128,betCent,10,0.7245222929936306,0,23,None,66,1,5,False,1000,1000
11084,129,betCent,10,0.7267117834394905,0,23,None,66,1,5,False,1000,1000
11085,125,betCent,10,0.7259156050955414,0,7,None,66,1,5,False,1000,1000
11086,126,betCent,10,0.7278065286624203,0,7,None,66,1,5,False,1000,1000
11087,127,betCent,10,0.7295979299363057,0,7,None,66,1,5,False,1000,1000
11088,128,betCent,10,0.7311902866242038,0,7,None,66,1,5,False,1000,1000
11089,129,betCent,10,0.7326831210191083,0,7,None,66,1,5,False,1000,1000
11090,125,betCent,10,0.7500995222929936,0,16,None,66,1,5,False,1000,1000
11091,126,betCent,10,0.7520899681528662,0,16,None,66,1,5,False,1000,1000
11092,127,betCent,10,0.7540804140127388,0,16,None,66,1,5,False,1000,1000
11093,128,betCent,10,0.7553742038216561,0,16,None,66,1,5,False,1000,1000
11094,129,betCent,10,0.756468949044586,0,16,None,66,1,5,False,1000,1000
11095,125,betCent,10,0.7696058917197452,0,32,None,66,1,5,False,1000,1000
11096,126,betCent,10,0.7706011146496815,0,32,None,66,1,5,False,1000,1000
11097,127,betCent,10,0.7716958598726115,0,32,None,66,1,5,False,1000,1000
11098,128,betCent,10,0.772890127388535,0,32,None,66,1,5,False,1000,1000
11099,129,betCent,10,0.7740843949044586,0,32,None,66,1,5,False,1000,1000
11100,125,betCent,10,0.758359872611465,0,14,None,66,1,5,False,1000,1000
11101,126,betCent,10,0.7611464968152867,0,14,None,66,1,5,False,1000,1000
11102,127,betCent,10,0.7640326433121019,0,14,None,66,1,5,False,1000,1000
11103,128,betCent,10,0.7677149681528662,0,14,None,66,1,5,False,1000,1000
11104,129,betCent,10,0.7695063694267515,0,14,None,66,1,5,False,1000,1000
11105,125,betCent,10,0.7824442675159236,0,12,None,66,1,5,False,1000,1000
11106,126,betCent,10,0.7838375796178344,0,12,None,66,1,5,False,1000,1000
11107,127,betCent,10,0.7849323248407644,0,12,None,66,1,5,False,1000,1000
11108,128,betCent,10,0.7861265923566879,0,12,None,66,1,5,False,1000,1000
11109,129,betCent,10,0.7870222929936306,0,12,None,66,1,5,False,1000,1000
11110,125,betCent,10,0.7714968152866242,0,6,None,66,1,5,False,1000,1000
11111,126,betCent,10,0.772093949044586,0,6,None,66,1,5,False,1000,1000
11112,127,betCent,10,0.7729896496815286,0,6,None,66,1,5,False,1000,1000
11113,128,betCent,10,0.7733877388535032,0,6,None,66,1,5,False,1000,1000
11114,129,betCent,10,0.7733877388535032,0,6,None,66,1,5,False,1000,1000
11115,125,betCent,10,0.7883160828025477,0,13,None,66,1,5,False,1000,1000
11116,126,betCent,10,0.7875199044585988,0,13,None,66,1,5,False,1000,1000
11117,127,betCent,10,0.7882165605095541,0,13,None,66,1,5,False,1000,1000
11118,128,betCent,10,0.7884156050955414,0,13,None,66,1,5,False,1000,1000
11119,129,betCent,10,0.7881170382165605,0,13,None,66,1,5,False,1000,1000
11120,125,betCent,10,0.7604498407643312,0,25,None,66,1,5,False,1000,1000
11121,126,betCent,10,0.7633359872611465,0,25,None,66,1,5,False,1000,1000
11122,127,betCent,10,0.7654259554140127,0,25,None,66,1,5,False,1000,1000
11123,128,betCent,10,0.7660230891719745,0,25,None,66,1,5,False,1000,1000
11124,129,betCent,10,0.767515923566879,0,25,None,66,1,5,False,1000,1000
11125,125,betCent,10,0.761843152866242,0,26,None,66,1,5,False,1000,1000
11126,126,betCent,10,0.7627388535031847,0,26,None,66,1,5,False,1000,1000
11127,127,betCent,10,0.7630374203821656,0,26,None,66,1,5,False,1000,1000
11128,128,betCent,10,0.7632364649681529,0,26,None,66,1,5,False,1000,1000
11129,129,betCent,10,0.7652269108280255,0,26,None,66,1,5,False,1000,1000
11130,125,betCent,10,0.7753781847133758,0,15,None,66,1,5,False,1000,1000
11131,126,betCent,10,0.7741839171974523,0,15,None,66,1,5,False,1000,1000
11132,127,betCent,10,0.7751791401273885,0,15,None,66,1,5,False,1000,1000
11133,128,betCent,10,0.775577229299363,0,15,None,66,1,5,False,1000,1000
11134,129,betCent,10,0.7753781847133758,0,15,None,66,1,5,False,1000,1000
11135,125,betCent,10,0.7780652866242038,0,10,None,66,1,5,False,1000,1000
11136,126,betCent,10,0.7796576433121019,0,10,None,66,1,5,False,1000,1000
11137,127,betCent,10,0.7810509554140127,0,10,None,66,1,5,False,1000,1000
11138,128,betCent,10,0.78234474522293,0,10,None,66,1,5,False,1000,1000
11139,129,betCent,10,0.7829418789808917,0,10,None,66,1,5,False,1000,1000
11140,125,betCent,10,0.7576632165605095,0,20,None,66,1,5,False,1000,1000
11141,126,betCent,10,0.7617436305732485,0,20,None,66,1,5,False,1000,1000
11142,127,betCent,10,0.7659235668789809,0,20,None,66,1,5,False,1000,1000
11143,128,betCent,10,0.7700039808917197,0,20,None,66,1,5,False,1000,1000
11144,129,betCent,10,0.7722929936305732,0,20,None,66,1,5,False,1000,1000
11145,125,betCent,10,0.7578622611464968,0,4,None,66,1,5,False,1000,1000
11146,126,betCent,10,0.7608479299363057,0,4,None,66,1,5,False,1000,1000
11147,127,betCent,10,0.7613455414012739,0,4,None,66,1,5,False,1000,1000
11148,128,betCent,10,0.7627388535031847,0,4,None,66,1,5,False,1000,1000
11149,129,betCent,10,0.7624402866242038,0,4,None,66,1,5,False,1000,1000
11150,125,betCent,10,0.6503781847133758,0,28,None,66,1,5,False,1000,1000
11151,126,betCent,10,0.6725716560509554,0,28,None,66,1,5,False,1000,1000
11152,127,betCent,10,0.6847133757961783,0,28,None,66,1,5,False,1000,1000
11153,128,betCent,10,0.6886942675159236,0,28,None,66,1,5,False,1000,1000
11154,129,betCent,10,0.691281847133758,0,28,None,66,1,5,False,1000,1000
11155,125,betCent,10,0.7714968152866242,0,30,None,66,1,5,False,1000,1000
11156,126,betCent,10,0.7737858280254777,0,30,None,66,1,5,False,1000,1000
11157,127,betCent,10,0.7756767515923567,0,30,None,66,1,5,False,1000,1000
11158,128,betCent,10,0.7771695859872612,0,30,None,66,1,5,False,1000,1000
11159,129,betCent,10,0.7775676751592356,0,30,None,66,1,5,False,1000,1000
11160,125,betCent,10,0.7623407643312102,0,27,None,66,1,5,False,1000,1000
11161,126,betCent,10,0.7627388535031847,0,27,None,66,1,5,False,1000,1000
11162,127,betCent,10,0.7639331210191083,0,27,None,66,1,5,False,1000,1000
11163,128,betCent,10,0.7641321656050956,0,27,None,66,1,5,False,1000,1000
11164,129,betCent,10,0.7642316878980892,0,27,None,66,1,5,False,1000,1000
11165,125,betCent,10,0.7732882165605095,0,31,None,66,1,5,False,1000,1000
11166,126,betCent,10,0.7743829617834395,0,31,None,66,1,5,False,1000,1000
11167,127,betCent,10,0.774781050955414,0,31,None,66,1,5,False,1000,1000
11168,128,betCent,10,0.7751791401273885,0,31,None,66,1,5,False,1000,1000
11169,129,betCent,10,0.775577229299363,0,31,None,66,1,5,False,1000,1000
11170,125,betCent,10,0.7452229299363057,0,1,None,66,1,5,False,1000,1000
11171,126,betCent,10,0.7478105095541401,0,1,None,66,1,5,False,1000,1000
11172,127,betCent,10,0.7496019108280255,0,1,None,66,1,5,False,1000,1000
11173,128,betCent,10,0.7512937898089171,0,1,None,66,1,5,False,1000,1000
11174,129,betCent,10,0.751890923566879,0,1,None,66,1,5,False,1000,1000
11175,125,betCent,10,0.7786624203821656,0,19,None,66,1,5,False,1000,1000
11176,126,betCent,10,0.7794585987261147,0,19,None,66,1,5,False,1000,1000
11177,127,betCent,10,0.7805533439490446,0,19,None,66,1,5,False,1000,1000
11178,128,betCent,10,0.78125,0,19,None,66,1,5,False,1000,1000
11179,129,betCent,10,0.78234474522293,0,19,None,66,1,5,False,1000,1000
11180,125,betCent,10,0.7724920382165605,0,21,None,66,1,5,False,1000,1000
11181,126,betCent,10,0.7731886942675159,0,21,None,66,1,5,False,1000,1000
11182,127,betCent,10,0.7741839171974523,0,21,None,66,1,5,False,1000,1000
11183,128,betCent,10,0.7750796178343949,0,21,None,66,1,5,False,1000,1000
11184,129,betCent,10,0.7746815286624203,0,21,None,66,1,5,False,1000,1000
11185,125,betCent,10,0.7819466560509554,0,9,None,66,1,5,False,1000,1000
11186,126,betCent,10,0.7827428343949044,0,9,None,66,1,5,False,1000,1000
11187,127,betCent,10,0.7832404458598726,0,9,None,66,1,5,False,1000,1000
11188,128,betCent,10,0.7837380573248408,0,9,None,66,1,5,False,1000,1000
11189,129,betCent,10,0.7840366242038217,0,9,None,66,1,5,False,1000,1000
11190,125,betCent,10,0.7616441082802548,0,0,None,66,1,5,False,1000,1000
11191,126,betCent,10,0.7624402866242038,0,0,None,66,1,5,False,1000,1000
11192,127,betCent,10,0.7636345541401274,0,0,None,66,1,5,False,1000,1000
11193,128,betCent,10,0.7646297770700637,0,0,None,66,1,5,False,1000,1000
11194,129,betCent,10,0.7653264331210191,0,0,None,66,1,5,False,1000,1000
11195,125,betCent,10,0.7791600318471338,0,29,None,66,1,5,False,1000,1000
11196,126,betCent,10,0.778562898089172,0,29,None,66,1,5,False,1000,1000
11197,127,betCent,10,0.7791600318471338,0,29,None,66,1,5,False,1000,1000
11198,128,betCent,10,0.778562898089172,0,29,None,66,1,5,False,1000,1000
11199,129,betCent,10,0.7782643312101911,0,29,None,66,1,5,False,1000,1000
11200,125,betCent,10,0.6997412420382165,0,11,None,66,1,5,False,1000,1000
11201,126,betCent,10,0.7022292993630573,0,11,None,66,1,5,False,1000,1000
11202,127,betCent,10,0.7053144904458599,0,11,None,66,1,5,False,1000,1000
11203,128,betCent,10,0.707703025477707,0,11,None,66,1,5,False,1000,1000
11204,129,betCent,10,0.709593949044586,0,11,None,66,1,5,False,1000,1000
11205,125,betCent,10,0.7815485668789809,0,17,None,66,1,5,False,1000,1000
11206,126,betCent,10,0.7813495222929936,0,17,None,66,1,5,False,1000,1000
11207,127,betCent,10,0.7815485668789809,0,17,None,66,1,5,False,1000,1000
11208,128,betCent,10,0.7814490445859873,0,17,None,66,1,5,False,1000,1000
11209,129,betCent,10,0.78234474522293,0,17,None,66,1,5,False,1000,1000
11210,125,betCent,10,0.7673168789808917,0,3,None,66,1,5,False,1000,1000
11211,126,betCent,10,0.7682125796178344,0,3,None,66,1,5,False,1000,1000
11212,127,betCent,10,0.7690087579617835,0,3,None,66,1,5,False,1000,1000
11213,128,betCent,10,0.7693073248407644,0,3,None,66,1,5,False,1000,1000
11214,129,betCent,10,0.7700039808917197,0,3,None,66,1,5,False,1000,1000
11215,125,betCent,10,0.7856289808917197,0,24,None,66,1,5,False,1000,1000
11216,126,betCent,10,0.7870222929936306,0,24,None,66,1,5,False,1000,1000
11217,127,betCent,10,0.7890127388535032,0,24,None,66,1,5,False,1000,1000
11218,128,betCent,10,0.7893113057324841,0,24,None,66,1,5,False,1000,1000
11219,129,betCent,10,0.7891122611464968,0,24,None,66,1,5,False,1000,1000
14850,130,betCent,10,0.7469148089171974,0,1,None,66,1,5,False,1000,1000
14851,131,betCent,10,0.7487062101910829,0,1,None,66,1,5,False,1000,1000
14852,132,betCent,10,0.7504976114649682,0,1,None,66,1,5,False,1000,1000
14853,133,betCent,10,0.7514928343949044,0,1,None,66,1,5,False,1000,1000
14854,134,betCent,10,0.7529856687898089,0,1,None,66,1,5,False,1000,1000
14855,130,betCent,10,0.7442277070063694,0,2,None,66,1,5,False,1000,1000
14856,131,betCent,10,0.7463176751592356,0,2,None,66,1,5,False,1000,1000
14857,132,betCent,10,0.7475119426751592,0,2,None,66,1,5,False,1000,1000
14858,133,betCent,10,0.7485071656050956,0,2,None,66,1,5,False,1000,1000
14859,134,betCent,10,0.7485071656050956,0,2,None,66,1,5,False,1000,1000
14860,130,betCent,10,0.7673168789808917,0,5,None,66,1,5,False,1000,1000
14861,131,betCent,10,0.768312101910828,0,5,None,66,1,5,False,1000,1000
14862,132,betCent,10,0.7688097133757962,0,5,None,66,1,5,False,1000,1000
14863,133,betCent,10,0.7695063694267515,0,5,None,66,1,5,False,1000,1000
14864,134,betCent,10,0.7698049363057324,0,5,None,66,1,5,False,1000,1000
14865,130,betCent,10,0.7913017515923567,0,13,None,66,1,5,False,1000,1000
14866,131,betCent,10,0.7913017515923567,0,13,None,66,1,5,False,1000,1000
14867,132,betCent,10,0.791202229299363,0,13,None,66,1,5,False,1000,1000
14868,133,betCent,10,0.7902070063694268,0,13,None,66,1,5,False,1000,1000
14869,134,betCent,10,0.7903065286624203,0,13,None,66,1,5,False,1000,1000
14870,130,betCent,10,0.6999402866242038,0,11,None,66,1,5,False,1000,1000
14871,131,betCent,10,0.7033240445859873,0,11,None,66,1,5,False,1000,1000
14872,132,betCent,10,0.7066082802547771,0,11,None,66,1,5,False,1000,1000
14873,133,betCent,10,0.7090963375796179,0,11,None,66,1,5,False,1000,1000
14874,134,betCent,10,0.7099920382165605,0,11,None,66,1,5,False,1000,1000
14875,130,betCent,10,0.7633359872611465,0,20,None,66,1,5,False,1000,1000
14876,131,betCent,10,0.7668192675159236,0,20,None,66,1,5,False,1000,1000
14877,132,betCent,10,0.7718949044585988,0,20,None,66,1,5,False,1000,1000
14878,133,betCent,10,0.7740843949044586,0,20,None,66,1,5,False,1000,1000
14879,134,betCent,10,0.7772691082802548,0,20,None,66,1,5,False,1000,1000
14880,130,betCent,10,0.7627388535031847,0,14,None,66,1,5,False,1000,1000
14881,131,betCent,10,0.7671178343949044,0,14,None,66,1,5,False,1000,1000
14882,132,betCent,10,0.769406847133758,0,14,None,66,1,5,False,1000,1000
14883,133,betCent,10,0.7707006369426752,0,14,None,66,1,5,False,1000,1000
14884,134,betCent,10,0.7721934713375797,0,14,None,66,1,5,False,1000,1000
14885,130,betCent,10,0.7641321656050956,0,22,None,66,1,5,False,1000,1000
14886,131,betCent,10,0.7657245222929936,0,22,None,66,1,5,False,1000,1000
14887,132,betCent,10,0.7676154458598726,0,22,None,66,1,5,False,1000,1000
14888,133,betCent,10,0.7687101910828026,0,22,None,66,1,5,False,1000,1000
14889,134,betCent,10,0.7701035031847133,0,22,None,66,1,5,False,1000,1000
14890,130,betCent,10,0.7837380573248408,0,17,None,66,1,5,False,1000,1000
14891,131,betCent,10,0.7844347133757962,0,17,None,66,1,5,False,1000,1000
14892,132,betCent,10,0.7845342356687898,0,17,None,66,1,5,False,1000,1000
14893,133,betCent,10,0.7848328025477707,0,17,None,66,1,5,False,1000,1000
14894,134,betCent,10,0.785031847133758,0,17,None,66,1,5,False,1000,1000
14895,130,betCent,10,0.7760748407643312,0,21,None,66,1,5,False,1000,1000
14896,131,betCent,10,0.776671974522293,0,21,None,66,1,5,False,1000,1000
14897,132,betCent,10,0.7775676751592356,0,21,None,66,1,5,False,1000,1000
14898,133,betCent,10,0.778562898089172,0,21,None,66,1,5,False,1000,1000
14899,134,betCent,10,0.7788614649681529,0,21,None,66,1,5,False,1000,1000
14900,130,betCent,10,0.7607484076433121,0,25,None,66,1,5,False,1000,1000
14901,131,betCent,10,0.7640326433121019,0,25,None,66,1,5,False,1000,1000
14902,132,betCent,10,0.7658240445859873,0,25,None,66,1,5,False,1000,1000
14903,133,betCent,10,0.7676154458598726,0,25,None,66,1,5,False,1000,1000
14904,134,betCent,10,0.7701035031847133,0,25,None,66,1,5,False,1000,1000
14905,130,betCent,10,0.763734076433121,0,26,None,66,1,5,False,1000,1000
14906,131,betCent,10,0.7639331210191083,0,26,None,66,1,5,False,1000,1000
14907,132,betCent,10,0.7651273885350318,0,26,None,66,1,5,False,1000,1000
14908,133,betCent,10,0.7665207006369427,0,26,None,66,1,5,False,1000,1000
14909,134,betCent,10,0.7671178343949044,0,26,None,66,1,5,False,1000,1000
14910,130,betCent,10,0.7852308917197452,0,12,None,66,1,5,False,1000,1000
14911,131,betCent,10,0.7865246815286624,0,12,None,66,1,5,False,1000,1000
14912,132,betCent,10,0.7876194267515924,0,12,None,66,1,5,False,1000,1000
14913,133,betCent,10,0.7888136942675159,0,12,None,66,1,5,False,1000,1000
14914,134,betCent,10,0.7892117834394905,0,12,None,66,1,5,False,1000,1000
14915,130,betCent,10,0.7892117834394905,0,24,None,66,1,5,False,1000,1000
14916,131,betCent,10,0.7900079617834395,0,24,None,66,1,5,False,1000,1000
14917,132,betCent,10,0.7910031847133758,0,24,None,66,1,5,False,1000,1000
14918,133,betCent,10,0.7916003184713376,0,24,None,66,1,5,False,1000,1000
14919,134,betCent,10,0.7914012738853503,0,24,None,66,1,5,False,1000,1000
14920,130,betCent,10,0.6506767515923567,0,28,None,66,1,5,False,1000,1000
14921,131,betCent,10,0.6768511146496815,0,28,None,66,1,5,False,1000,1000
14922,132,betCent,10,0.6870023885350318,0,28,None,66,1,5,False,1000,1000
14923,133,betCent,10,0.6933718152866242,0,28,None,66,1,5,False,1000,1000
14924,134,betCent,10,0.6960589171974523,0,28,None,66,1,5,False,1000,1000
14925,130,betCent,10,0.7826433121019108,0,29,None,66,1,5,False,1000,1000
14926,131,betCent,10,0.7826433121019108,0,29,None,66,1,5,False,1000,1000
14927,132,betCent,10,0.78234474522293,0,29,None,66,1,5,False,1000,1000
14928,133,betCent,10,0.7828423566878981,0,29,None,66,1,5,False,1000,1000
14929,134,betCent,10,0.7832404458598726,0,29,None,66,1,5,False,1000,1000
14930,130,betCent,10,0.7856289808917197,0,9,None,66,1,5,False,1000,1000
14931,131,betCent,10,0.7861265923566879,0,9,None,66,1,5,False,1000,1000
14932,132,betCent,10,0.7864251592356688,0,9,None,66,1,5,False,1000,1000
14933,133,betCent,10,0.786922770700637,0,9,None,66,1,5,False,1000,1000
14934,134,betCent,10,0.7872213375796179,0,9,None,66,1,5,False,1000,1000
14935,130,betCent,10,0.7761743630573248,0,30,None,66,1,5,False,1000,1000
14936,131,betCent,10,0.7772691082802548,0,30,None,66,1,5,False,1000,1000
14937,132,betCent,10,0.7781648089171974,0,30,None,66,1,5,False,1000,1000
14938,133,betCent,10,0.7805533439490446,0,30,None,66,1,5,False,1000,1000
14939,134,betCent,10,0.7814490445859873,0,30,None,66,1,5,False,1000,1000
14940,130,betCent,10,0.7750796178343949,0,6,None,66,1,5,False,1000,1000
14941,131,betCent,10,0.7765724522292994,0,6,None,66,1,5,False,1000,1000
14942,132,betCent,10,0.7770700636942676,0,6,None,66,1,5,False,1000,1000
14943,133,betCent,10,0.7772691082802548,0,6,None,66,1,5,False,1000,1000
14944,134,betCent,10,0.7783638535031847,0,6,None,66,1,5,False,1000,1000
14945,130,betCent,10,0.7759753184713376,0,31,None,66,1,5,False,1000,1000
14946,131,betCent,10,0.777468152866242,0,31,None,66,1,5,False,1000,1000
14947,132,betCent,10,0.7778662420382165,0,31,None,66,1,5,False,1000,1000
14948,133,betCent,10,0.7779657643312102,0,31,None,66,1,5,False,1000,1000
14949,134,betCent,10,0.7788614649681529,0,31,None,66,1,5,False,1000,1000
14950,130,betCent,10,0.76671974522293,0,27,None,66,1,5,False,1000,1000
14951,131,betCent,10,0.7663216560509554,0,27,None,66,1,5,False,1000,1000
14952,132,betCent,10,0.7666202229299363,0,27,None,66,1,5,False,1000,1000
14953,133,betCent,10,0.7674164012738853,0,27,None,66,1,5,False,1000,1000
14954,134,betCent,10,0.7682125796178344,0,27,None,66,1,5,False,1000,1000
14955,130,betCent,10,0.7811504777070064,0,10,None,66,1,5,False,1000,1000
14956,131,betCent,10,0.7826433121019108,0,10,None,66,1,5,False,1000,1000
14957,132,betCent,10,0.7836385350318471,0,10,None,66,1,5,False,1000,1000
14958,133,betCent,10,0.7842356687898089,0,10,None,66,1,5,False,1000,1000
14959,134,betCent,10,0.7848328025477707,0,10,None,66,1,5,False,1000,1000
14960,130,betCent,10,0.7789609872611465,0,15,None,66,1,5,False,1000,1000
14961,131,betCent,10,0.778562898089172,0,15,None,66,1,5,False,1000,1000
14962,132,betCent,10,0.7784633757961783,0,15,None,66,1,5,False,1000,1000
14963,133,betCent,10,0.7783638535031847,0,15,None,66,1,5,False,1000,1000
14964,134,betCent,10,0.7782643312101911,0,15,None,66,1,5,False,1000,1000
14965,130,betCent,10,0.7707006369426752,0,3,None,66,1,5,False,1000,1000
14966,131,betCent,10,0.7714968152866242,0,3,None,66,1,5,False,1000,1000
14967,132,betCent,10,0.7724920382165605,0,3,None,66,1,5,False,1000,1000
14968,133,betCent,10,0.7726910828025477,0,3,None,66,1,5,False,1000,1000
14969,134,betCent,10,0.7730891719745223,0,3,None,66,1,5,False,1000,1000
14970,130,betCent,10,0.7549761146496815,0,16,None,66,1,5,False,1000,1000
14971,131,betCent,10,0.7559713375796179,0,16,None,66,1,5,False,1000,1000
14972,132,betCent,10,0.7577627388535032,0,16,None,66,1,5,False,1000,1000
14973,133,betCent,10,0.7590565286624203,0,16,None,66,1,5,False,1000,1000
14974,134,betCent,10,0.7597531847133758,0,16,None,66,1,5,False,1000,1000
14975,130,betCent,10,0.7603503184713376,0,8,None,66,1,5,False,1000,1000
14976,131,betCent,10,0.7630374203821656,0,8,None,66,1,5,False,1000,1000
14977,132,betCent,10,0.7643312101910829,0,8,None,66,1,5,False,1000,1000
14978,133,betCent,10,0.7653264331210191,0,8,None,66,1,5,False,1000,1000
14979,134,betCent,10,0.7666202229299363,0,8,None,66,1,5,False,1000,1000
14980,130,betCent,10,0.7819466560509554,0,19,None,66,1,5,False,1000,1000
14981,131,betCent,10,0.7825437898089171,0,19,None,66,1,5,False,1000,1000
14982,132,betCent,10,0.7836385350318471,0,19,None,66,1,5,False,1000,1000
14983,133,betCent,10,0.7843351910828026,0,19,None,66,1,5,False,1000,1000
14984,134,betCent,10,0.7847332802547771,0,19,None,66,1,5,False,1000,1000
14985,130,betCent,10,0.7662221337579618,0,18,None,66,1,5,False,1000,1000
14986,131,betCent,10,0.7672173566878981,0,18,None,66,1,5,False,1000,1000
14987,132,betCent,10,0.7692078025477707,0,18,None,66,1,5,False,1000,1000
14988,133,betCent,10,0.770203025477707,0,18,None,66,1,5,False,1000,1000
14989,134,betCent,10,0.7710987261146497,0,18,None,66,1,5,False,1000,1000
14990,130,betCent,10,0.7229299363057324,0,23,None,66,1,5,False,1000,1000
14991,131,betCent,10,0.7243232484076433,0,23,None,66,1,5,False,1000,1000
14992,132,betCent,10,0.7269108280254777,0,23,None,66,1,5,False,1000,1000
14993,133,betCent,10,0.7286027070063694,0,23,None,66,1,5,False,1000,1000
14994,134,betCent,10,0.7317874203821656,0,23,None,66,1,5,False,1000,1000
14995,130,betCent,10,0.7654259554140127,0,0,None,66,1,5,False,1000,1000
14996,131,betCent,10,0.7659235668789809,0,0,None,66,1,5,False,1000,1000
14997,132,betCent,10,0.7673168789808917,0,0,None,66,1,5,False,1000,1000
14998,133,betCent,10,0.7680135350318471,0,0,None,66,1,5,False,1000,1000
14999,134,betCent,10,0.768312101910828,0,0,None,66,1,5,False,1000,1000
15000,135,betCent,10,0.7652269108280255,0,25,None,66,1,5,False,1000,1000
15001,136,betCent,10,0.7684116242038217,0,25,None,66,1,5,False,1000,1000
15002,137,betCent,10,0.7706011146496815,0,25,None,66,1,5,False,1000,1000
15003,138,betCent,10,0.7729896496815286,0,25,None,66,1,5,False,1000,1000
15004,139,betCent,10,0.7744824840764332,0,25,None,66,1,5,False,1000,1000
15005,135,betCent,10,0.779359076433121,0,31,None,66,1,5,False,1000,1000
15006,136,betCent,10,0.7797571656050956,0,31,None,66,1,5,False,1000,1000
15007,137,betCent,10,0.7804538216560509,0,31,None,66,1,5,False,1000,1000
15008,138,betCent,10,0.7802547770700637,0,31,None,66,1,5,False,1000,1000
15009,139,betCent,10,0.7806528662420382,0,31,None,66,1,5,False,1000,1000
15010,130,betCent,10,0.7268113057324841,0,7,None,66,1,5,False,1000,1000
15011,131,betCent,10,0.7282046178343949,0,7,None,66,1,5,False,1000,1000
15012,132,betCent,10,0.7299960191082803,0,7,None,66,1,5,False,1000,1000
15013,133,betCent,10,0.7318869426751592,0,7,None,66,1,5,False,1000,1000
15014,134,betCent,10,0.7330812101910829,0,7,None,66,1,5,False,1000,1000
15015,130,betCent,10,0.7601512738853503,0,4,None,66,1,5,False,1000,1000
15016,131,betCent,10,0.7643312101910829,0,4,None,66,1,5,False,1000,1000
15017,132,betCent,10,0.76453025477707,0,4,None,66,1,5,False,1000,1000
15018,133,betCent,10,0.7648288216560509,0,4,None,66,1,5,False,1000,1000
15019,134,betCent,10,0.7651273885350318,0,4,None,66,1,5,False,1000,1000
15020,130,betCent,10,0.7708001592356688,0,32,None,66,1,5,False,1000,1000
15021,131,betCent,10,0.7713972929936306,0,32,None,66,1,5,False,1000,1000
15022,132,betCent,10,0.7729896496815286,0,32,None,66,1,5,False,1000,1000
15023,133,betCent,10,0.7736863057324841,0,32,None,66,1,5,False,1000,1000
15024,134,betCent,10,0.775577229299363,0,32,None,66,1,5,False,1000,1000
15025,135,betCent,10,0.7475119426751592,0,1,None,66,1,5,False,1000,1000
15026,136,betCent,10,0.7494028662420382,0,1,None,66,1,5,False,1000,1000
15027,137,betCent,10,0.7517914012738853,0,1,None,66,1,5,False,1000,1000
15028,138,betCent,10,0.7534832802547771,0,1,None,66,1,5,False,1000,1000
15029,139,betCent,10,0.7541799363057324,0,1,None,66,1,5,False,1000,1000
15030,135,betCent,10,0.7935907643312102,0,13,None,66,1,5,False,1000,1000
15031,136,betCent,10,0.7940883757961783,0,13,None,66,1,5,False,1000,1000
15032,137,betCent,10,0.7939888535031847,0,13,None,66,1,5,False,1000,1000
15033,138,betCent,10,0.7932921974522293,0,13,None,66,1,5,False,1000,1000
15034,139,betCent,10,0.792296974522293,0,13,None,66,1,5,False,1000,1000
15035,135,betCent,10,0.7709992038216561,0,27,None,66,1,5,False,1000,1000
15036,136,betCent,10,0.7716958598726115,0,27,None,66,1,5,False,1000,1000
15037,137,betCent,10,0.7722929936305732,0,27,None,66,1,5,False,1000,1000
15038,138,betCent,10,0.7725915605095541,0,27,None,66,1,5,False,1000,1000
15039,139,betCent,10,0.7727906050955414,0,27,None,66,1,5,False,1000,1000
15040,135,betCent,10,0.7870222929936306,0,29,None,66,1,5,False,1000,1000
15041,136,betCent,10,0.7859275477707006,0,29,None,66,1,5,False,1000,1000
15042,137,betCent,10,0.786922770700637,0,29,None,66,1,5,False,1000,1000
15043,138,betCent,10,0.7863256369426752,0,29,None,66,1,5,False,1000,1000
15044,139,betCent,10,0.7868232484076433,0,29,None,66,1,5,False,1000,1000
15045,135,betCent,10,0.7480095541401274,0,2,None,66,1,5,False,1000,1000
15046,136,betCent,10,0.75,0,2,None,66,1,5,False,1000,1000
15047,137,betCent,10,0.7517914012738853,0,2,None,66,1,5,False,1000,1000
15048,138,betCent,10,0.7519904458598726,0,2,None,66,1,5,False,1000,1000
15049,139,betCent,10,0.7525875796178344,0,2,None,66,1,5,False,1000,1000
15050,135,betCent,10,0.7880175159235668,0,9,None,66,1,5,False,1000,1000
15051,136,betCent,10,0.7889132165605095,0,9,None,66,1,5,False,1000,1000
15052,137,betCent,10,0.7891122611464968,0,9,None,66,1,5,False,1000,1000
15053,138,betCent,10,0.7900079617834395,0,9,None,66,1,5,False,1000,1000
15054,139,betCent,10,0.790406050955414,0,9,None,66,1,5,False,1000,1000
15055,135,betCent,10,0.7893113057324841,0,17,None,66,1,5,False,1000,1000
15056,136,betCent,10,0.7893113057324841,0,17,None,66,1,5,False,1000,1000
15057,137,betCent,10,0.7891122611464968,0,17,None,66,1,5,False,1000,1000
15058,138,betCent,10,0.7891122611464968,0,17,None,66,1,5,False,1000,1000
15059,139,betCent,10,0.7891122611464968,0,17,None,66,1,5,False,1000,1000
15060,135,betCent,10,0.6504777070063694,0,28,None,66,1,5,False,1000,1000
15061,136,betCent,10,0.678343949044586,0,28,None,66,1,5,False,1000,1000
15062,137,betCent,10,0.6907842356687898,0,28,None,66,1,5,False,1000,1000
15063,138,betCent,10,0.6961584394904459,0,28,None,66,1,5,False,1000,1000
15064,139,betCent,10,0.6992436305732485,0,28,None,66,1,5,False,1000,1000
15065,135,betCent,10,0.7641321656050956,0,8,None,66,1,5,False,1000,1000
15066,136,betCent,10,0.7660230891719745,0,8,None,66,1,5,False,1000,1000
15067,137,betCent,10,0.7672173566878981,0,8,None,66,1,5,False,1000,1000
15068,138,betCent,10,0.7679140127388535,0,8,None,66,1,5,False,1000,1000
15069,139,betCent,10,0.7693073248407644,0,8,None,66,1,5,False,1000,1000
15070,135,betCent,10,0.7692078025477707,0,18,None,66,1,5,False,1000,1000
15071,136,betCent,10,0.7704020700636943,0,18,None,66,1,5,False,1000,1000
15072,137,betCent,10,0.7714968152866242,0,18,None,66,1,5,False,1000,1000
15073,138,betCent,10,0.7718949044585988,0,18,None,66,1,5,False,1000,1000
15074,139,betCent,10,0.772890127388535,0,18,None,66,1,5,False,1000,1000
15075,135,betCent,10,0.7674164012738853,0,20,None,66,1,5,False,1000,1000
15076,136,betCent,10,0.771297770700637,0,20,None,66,1,5,False,1000,1000
15077,137,betCent,10,0.7760748407643312,0,20,None,66,1,5,False,1000,1000
15078,138,betCent,10,0.7791600318471338,0,20,None,66,1,5,False,1000,1000
15079,139,betCent,10,0.7821457006369427,0,20,None,66,1,5,False,1000,1000
15080,135,betCent,10,0.7838375796178344,0,10,None,66,1,5,False,1000,1000
15081,136,betCent,10,0.785031847133758,0,10,None,66,1,5,False,1000,1000
15082,137,betCent,10,0.7865246815286624,0,10,None,66,1,5,False,1000,1000
15083,138,betCent,10,0.7875199044585988,0,10,None,66,1,5,False,1000,1000
15084,139,betCent,10,0.7879179936305732,0,10,None,66,1,5,False,1000,1000
15085,135,betCent,10,0.700437898089172,0,11,None,66,1,5,False,1000,1000
15086,136,betCent,10,0.7038216560509554,0,11,None,66,1,5,False,1000,1000
15087,137,betCent,10,0.7071058917197452,0,11,None,66,1,5,False,1000,1000
15088,138,betCent,10,0.7089968152866242,0,11,None,66,1,5,False,1000,1000
15089,139,betCent,10,0.7115843949044586,0,11,None,66,1,5,False,1000,1000
15090,135,betCent,10,0.7815485668789809,0,15,None,66,1,5,False,1000,1000
15091,136,betCent,10,0.7809514331210191,0,15,None,66,1,5,False,1000,1000
15092,137,betCent,10,0.7808519108280255,0,15,None,66,1,5,False,1000,1000
15093,138,betCent,10,0.7811504777070064,0,15,None,66,1,5,False,1000,1000
15094,139,betCent,10,0.7817476114649682,0,15,None,66,1,5,False,1000,1000
15095,135,betCent,10,0.7680135350318471,0,22,None,66,1,5,False,1000,1000
15096,136,betCent,10,0.7705015923566879,0,22,None,66,1,5,False,1000,1000
15097,137,betCent,10,0.7709992038216561,0,22,None,66,1,5,False,1000,1000
15098,138,betCent,10,0.7719944267515924,0,22,None,66,1,5,False,1000,1000
15099,139,betCent,10,0.7735867834394905,0,22,None,66,1,5,False,1000,1000
15100,135,betCent,10,0.7249203821656051,0,23,None,66,1,5,False,1000,1000
15101,136,betCent,10,0.7277070063694268,0,23,None,66,1,5,False,1000,1000
15102,137,betCent,10,0.7301950636942676,0,23,None,66,1,5,False,1000,1000
15103,138,betCent,10,0.7323845541401274,0,23,None,66,1,5,False,1000,1000
15104,139,betCent,10,0.7347730891719745,0,23,None,66,1,5,False,1000,1000
15105,135,betCent,10,0.783140923566879,0,19,None,66,1,5,False,1000,1000
15106,136,betCent,10,0.7845342356687898,0,19,None,66,1,5,False,1000,1000
15107,137,betCent,10,0.7848328025477707,0,19,None,66,1,5,False,1000,1000
15108,138,betCent,10,0.7857285031847133,0,19,None,66,1,5,False,1000,1000
15109,139,betCent,10,0.7866242038216561,0,19,None,66,1,5,False,1000,1000
15110,135,betCent,10,0.7799562101910829,0,21,None,66,1,5,False,1000,1000
15111,136,betCent,10,0.7807523885350318,0,21,None,66,1,5,False,1000,1000
15112,137,betCent,10,0.78125,0,21,None,66,1,5,False,1000,1000
15113,138,betCent,10,0.7819466560509554,0,21,None,66,1,5,False,1000,1000
15114,139,betCent,10,0.7825437898089171,0,21,None,66,1,5,False,1000,1000
15115,135,betCent,10,0.7686106687898089,0,0,None,66,1,5,False,1000,1000
15116,136,betCent,10,0.7690087579617835,0,0,None,66,1,5,False,1000,1000
15117,137,betCent,10,0.7699044585987261,0,0,None,66,1,5,False,1000,1000
15118,138,betCent,10,0.7711982484076433,0,0,None,66,1,5,False,1000,1000
15119,139,betCent,10,0.7716958598726115,0,0,None,66,1,5,False,1000,1000
15120,135,betCent,10,0.7918988853503185,0,24,None,66,1,5,False,1000,1000
15121,136,betCent,10,0.7929936305732485,0,24,None,66,1,5,False,1000,1000
15122,137,betCent,10,0.7935907643312102,0,24,None,66,1,5,False,1000,1000
15123,138,betCent,10,0.7935907643312102,0,24,None,66,1,5,False,1000,1000
15124,139,betCent,10,0.7933917197452229,0,24,None,66,1,5,False,1000,1000
15125,135,betCent,10,0.7710987261146497,0,5,None,66,1,5,False,1000,1000
15126,136,betCent,10,0.7715963375796179,0,5,None,66,1,5,False,1000,1000
15127,137,betCent,10,0.7716958598726115,0,5,None,66,1,5,False,1000,1000
15128,138,betCent,10,0.7719944267515924,0,5,None,66,1,5,False,1000,1000
15129,139,betCent,10,0.7732882165605095,0,5,None,66,1,5,False,1000,1000
15130,135,betCent,10,0.7660230891719745,0,4,None,66,1,5,False,1000,1000
15131,136,betCent,10,0.7678144904458599,0,4,None,66,1,5,False,1000,1000
15132,137,betCent,10,0.7681130573248408,0,4,None,66,1,5,False,1000,1000
15133,138,betCent,10,0.7680135350318471,0,4,None,66,1,5,False,1000,1000
15134,139,betCent,10,0.7703025477707006,0,4,None,66,1,5,False,1000,1000
15135,135,betCent,10,0.787718949044586,0,12,None,66,1,5,False,1000,1000
15136,136,betCent,10,0.7891122611464968,0,12,None,66,1,5,False,1000,1000
15137,137,betCent,10,0.7897093949044586,0,12,None,66,1,5,False,1000,1000
15138,138,betCent,10,0.7910031847133758,0,12,None,66,1,5,False,1000,1000
15139,139,betCent,10,0.7920979299363057,0,12,None,66,1,5,False,1000,1000
15140,135,betCent,10,0.7674164012738853,0,14,None,66,1,5,False,1000,1000
15141,136,betCent,10,0.771297770700637,0,14,None,66,1,5,False,1000,1000
15142,137,betCent,10,0.772890127388535,0,14,None,66,1,5,False,1000,1000
15143,138,betCent,10,0.7740843949044586,0,14,None,66,1,5,False,1000,1000
15144,139,betCent,10,0.7757762738853503,0,14,None,66,1,5,False,1000,1000
15145,135,betCent,10,0.7681130573248408,0,26,None,66,1,5,False,1000,1000
15146,136,betCent,10,0.7678144904458599,0,26,None,66,1,5,False,1000,1000
15147,137,betCent,10,0.7696058917197452,0,26,None,66,1,5,False,1000,1000
15148,138,betCent,10,0.7704020700636943,0,26,None,66,1,5,False,1000,1000
15149,139,betCent,10,0.7708001592356688,0,26,None,66,1,5,False,1000,1000
15150,135,betCent,10,0.7775676751592356,0,30,None,66,1,5,False,1000,1000
15151,136,betCent,10,0.7795581210191083,0,30,None,66,1,5,False,1000,1000
15152,137,betCent,10,0.7802547770700637,0,30,None,66,1,5,False,1000,1000
15153,138,betCent,10,0.7817476114649682,0,30,None,66,1,5,False,1000,1000
15154,139,betCent,10,0.7826433121019108,0,30,None,66,1,5,False,1000,1000
15155,135,betCent,10,0.7795581210191083,0,6,None,66,1,5,False,1000,1000
15156,136,betCent,10,0.78125,0,6,None,66,1,5,False,1000,1000
15157,137,betCent,10,0.7815485668789809,0,6,None,66,1,5,False,1000,1000
15158,138,betCent,10,0.7820461783439491,0,6,None,66,1,5,False,1000,1000
15159,139,betCent,10,0.7819466560509554,0,6,None,66,1,5,False,1000,1000
15160,135,betCent,10,0.7740843949044586,0,3,None,66,1,5,False,1000,1000
15161,136,betCent,10,0.7745820063694268,0,3,None,66,1,5,False,1000,1000
15162,137,betCent,10,0.7754777070063694,0,3,None,66,1,5,False,1000,1000
15163,138,betCent,10,0.7750796178343949,0,3,None,66,1,5,False,1000,1000
15164,139,betCent,10,0.7762738853503185,0,3,None,66,1,5,False,1000,1000
15165,135,betCent,10,0.7258160828025477,0,7,None,66,1,5,False,1000,1000
15166,136,betCent,10,0.7294984076433121,0,7,None,66,1,5,False,1000,1000
15167,137,betCent,10,0.7310907643312102,0,7,None,66,1,5,False,1000,1000
15168,138,betCent,10,0.7326831210191083,0,7,None,66,1,5,False,1000,1000
15169,139,betCent,10,0.7340764331210191,0,7,None,66,1,5,False,1000,1000
15170,135,betCent,10,0.7585589171974523,0,16,None,66,1,5,False,1000,1000
15171,136,betCent,10,0.759952229299363,0,16,None,66,1,5,False,1000,1000
15172,137,betCent,10,0.7602507961783439,0,16,None,66,1,5,False,1000,1000
15173,138,betCent,10,0.7617436305732485,0,16,None,66,1,5,False,1000,1000
15174,139,betCent,10,0.7624402866242038,0,16,None,66,1,5,False,1000,1000
15175,135,betCent,10,0.7726910828025477,0,32,None,66,1,5,False,1000,1000
15176,136,betCent,10,0.7737858280254777,0,32,None,66,1,5,False,1000,1000
15177,137,betCent,10,0.7746815286624203,0,32,None,66,1,5,False,1000,1000
15178,138,betCent,10,0.775577229299363,0,32,None,66,1,5,False,1000,1000
15179,139,betCent,10,0.7772691082802548,0,32,None,66,1,5,False,1000,1000
15180,140,betCent,10,0.7474124203821656,0,1,None,66,1,5,False,1000,1000
15181,141,betCent,10,0.7507961783439491,0,1,None,66,1,5,False,1000,1000
15182,142,betCent,10,0.7519904458598726,0,1,None,66,1,5,False,1000,1000
15183,143,betCent,10,0.7531847133757962,0,1,None,66,1,5,False,1000,1000
15184,144,betCent,10,0.7546775477707006,0,1,None,66,1,5,False,1000,1000
15185,140,betCent,10,0.78234474522293,0,21,None,66,1,5,False,1000,1000
15186,141,betCent,10,0.7822452229299363,0,21,None,66,1,5,False,1000,1000
15187,142,betCent,10,0.7840366242038217,0,21,None,66,1,5,False,1000,1000
15188,143,betCent,10,0.7840366242038217,0,21,None,66,1,5,False,1000,1000
15189,144,betCent,10,0.7849323248407644,0,21,None,66,1,5,False,1000,1000
15190,140,betCent,10,0.7514928343949044,0,2,None,66,1,5,False,1000,1000
15191,141,betCent,10,0.753781847133758,0,2,None,66,1,5,False,1000,1000
15192,142,betCent,10,0.7552746815286624,0,2,None,66,1,5,False,1000,1000
15193,143,betCent,10,0.7562699044585988,0,2,None,66,1,5,False,1000,1000
15194,144,betCent,10,0.756468949044586,0,2,None,66,1,5,False,1000,1000
15195,140,betCent,10,0.7713972929936306,0,22,None,66,1,5,False,1000,1000
15196,141,betCent,10,0.7741839171974523,0,22,None,66,1,5,False,1000,1000
15197,142,betCent,10,0.7752786624203821,0,22,None,66,1,5,False,1000,1000
15198,143,betCent,10,0.7763734076433121,0,22,None,66,1,5,False,1000,1000
15199,144,betCent,10,0.7776671974522293,0,22,None,66,1,5,False,1000,1000
15200,140,betCent,10,0.7282046178343949,0,23,None,66,1,5,False,1000,1000
15201,141,betCent,10,0.730593152866242,0,23,None,66,1,5,False,1000,1000
15202,142,betCent,10,0.7326831210191083,0,23,None,66,1,5,False,1000,1000
15203,143,betCent,10,0.7357683121019108,0,23,None,66,1,5,False,1000,1000
15204,144,betCent,10,0.7376592356687898,0,23,None,66,1,5,False,1000,1000
15205,140,betCent,10,0.7891122611464968,0,29,None,66,1,5,False,1000,1000
15206,141,betCent,10,0.7878184713375797,0,29,None,66,1,5,False,1000,1000
15207,142,betCent,10,0.7883160828025477,0,29,None,66,1,5,False,1000,1000
15208,143,betCent,10,0.7884156050955414,0,29,None,66,1,5,False,1000,1000
15209,144,betCent,10,0.7887141719745223,0,29,None,66,1,5,False,1000,1000
15210,140,betCent,10,0.7905055732484076,0,9,None,66,1,5,False,1000,1000
15211,141,betCent,10,0.7914012738853503,0,9,None,66,1,5,False,1000,1000
15212,142,betCent,10,0.7916003184713376,0,9,None,66,1,5,False,1000,1000
15213,143,betCent,10,0.7920979299363057,0,9,None,66,1,5,False,1000,1000
15214,144,betCent,10,0.7923964968152867,0,9,None,66,1,5,False,1000,1000
15215,140,betCent,10,0.7954816878980892,0,13,None,66,1,5,False,1000,1000
15216,141,betCent,10,0.79578025477707,0,13,None,66,1,5,False,1000,1000
15217,142,betCent,10,0.7960788216560509,0,13,None,66,1,5,False,1000,1000
15218,143,betCent,10,0.7961783439490446,0,13,None,66,1,5,False,1000,1000
15219,144,betCent,10,0.7956807324840764,0,13,None,66,1,5,False,1000,1000
15220,140,betCent,10,0.7673168789808917,0,25,None,66,1,5,False,1000,1000
15221,141,betCent,10,0.7701035031847133,0,25,None,66,1,5,False,1000,1000
15222,142,betCent,10,0.772093949044586,0,25,None,66,1,5,False,1000,1000
15223,143,betCent,10,0.7745820063694268,0,25,None,66,1,5,False,1000,1000
15224,144,betCent,10,0.7763734076433121,0,25,None,66,1,5,False,1000,1000
15225,140,betCent,10,0.7915007961783439,0,17,None,66,1,5,False,1000,1000
15226,141,betCent,10,0.7919984076433121,0,17,None,66,1,5,False,1000,1000
15227,142,betCent,10,0.7915007961783439,0,17,None,66,1,5,False,1000,1000
15228,143,betCent,10,0.7915007961783439,0,17,None,66,1,5,False,1000,1000
15229,144,betCent,10,0.792296974522293,0,17,None,66,1,5,False,1000,1000
15230,140,betCent,10,0.7944864649681529,0,24,None,66,1,5,False,1000,1000
15231,141,betCent,10,0.7938893312101911,0,24,None,66,1,5,False,1000,1000
15232,142,betCent,10,0.7946855095541401,0,24,None,66,1,5,False,1000,1000
15233,143,betCent,10,0.7947850318471338,0,24,None,66,1,5,False,1000,1000
15234,144,betCent,10,0.7953821656050956,0,24,None,66,1,5,False,1000,1000
15235,140,betCent,10,0.7814490445859873,0,31,None,66,1,5,False,1000,1000
15236,141,betCent,10,0.7808519108280255,0,31,None,66,1,5,False,1000,1000
15237,142,betCent,10,0.7818471337579618,0,31,None,66,1,5,False,1000,1000
15238,143,betCent,10,0.7817476114649682,0,31,None,66,1,5,False,1000,1000
15239,144,betCent,10,0.7817476114649682,0,31,None,66,1,5,False,1000,1000
15240,140,betCent,10,0.7704020700636943,0,20,None,66,1,5,False,1000,1000
15241,141,betCent,10,0.7746815286624203,0,20,None,66,1,5,False,1000,1000
15242,142,betCent,10,0.7805533439490446,0,20,None,66,1,5,False,1000,1000
15243,143,betCent,10,0.7837380573248408,0,20,None,66,1,5,False,1000,1000
15244,144,betCent,10,0.7863256369426752,0,20,None,66,1,5,False,1000,1000
15245,140,betCent,10,0.6528662420382165,0,28,None,66,1,5,False,1000,1000
15246,141,betCent,10,0.6811305732484076,0,28,None,66,1,5,False,1000,1000
15247,142,betCent,10,0.6946656050955414,0,28,None,66,1,5,False,1000,1000
15248,143,betCent,10,0.6994426751592356,0,28,None,66,1,5,False,1000,1000
15249,144,betCent,10,0.7008359872611465,0,28,None,66,1,5,False,1000,1000
15250,140,betCent,10,0.7734872611464968,0,5,None,66,1,5,False,1000,1000
15251,141,betCent,10,0.7737858280254777,0,5,None,66,1,5,False,1000,1000
15252,142,betCent,10,0.7749800955414012,0,5,None,66,1,5,False,1000,1000
15253,143,betCent,10,0.7756767515923567,0,5,None,66,1,5,False,1000,1000
15254,144,betCent,10,0.7761743630573248,0,5,None,66,1,5,False,1000,1000
15255,140,betCent,10,0.7699044585987261,0,14,None,66,1,5,False,1000,1000
15256,141,betCent,10,0.7748805732484076,0,14,None,66,1,5,False,1000,1000
15257,142,betCent,10,0.7763734076433121,0,14,None,66,1,5,False,1000,1000
15258,143,betCent,10,0.7784633757961783,0,14,None,66,1,5,False,1000,1000
15259,144,betCent,10,0.7799562101910829,0,14,None,66,1,5,False,1000,1000
15260,140,betCent,10,0.7689092356687898,0,26,None,66,1,5,False,1000,1000
15261,141,betCent,10,0.7691082802547771,0,26,None,66,1,5,False,1000,1000
15262,142,betCent,10,0.7709992038216561,0,26,None,66,1,5,False,1000,1000
15263,143,betCent,10,0.7719944267515924,0,26,None,66,1,5,False,1000,1000
15264,144,betCent,10,0.7722929936305732,0,26,None,66,1,5,False,1000,1000
15265,140,betCent,10,0.7903065286624203,0,12,None,66,1,5,False,1000,1000
15266,141,betCent,10,0.7916998407643312,0,12,None,66,1,5,False,1000,1000
15267,142,betCent,10,0.7921974522292994,0,12,None,66,1,5,False,1000,1000
15268,143,betCent,10,0.7925955414012739,0,12,None,66,1,5,False,1000,1000
15269,144,betCent,10,0.7939888535031847,0,12,None,66,1,5,False,1000,1000
15270,140,betCent,10,0.7672173566878981,0,8,None,66,1,5,False,1000,1000
15271,141,betCent,10,0.7684116242038217,0,8,None,66,1,5,False,1000,1000
15272,142,betCent,10,0.7699044585987261,0,8,None,66,1,5,False,1000,1000
15273,143,betCent,10,0.7709992038216561,0,8,None,66,1,5,False,1000,1000
15274,144,betCent,10,0.7724920382165605,0,8,None,66,1,5,False,1000,1000
15275,140,betCent,10,0.7708001592356688,0,18,None,66,1,5,False,1000,1000
15276,141,betCent,10,0.7717953821656051,0,18,None,66,1,5,False,1000,1000
15277,142,betCent,10,0.7734872611464968,0,18,None,66,1,5,False,1000,1000
15278,143,betCent,10,0.7744824840764332,0,18,None,66,1,5,False,1000,1000
15279,144,betCent,10,0.7753781847133758,0,18,None,66,1,5,False,1000,1000
15280,140,betCent,10,0.7722929936305732,0,0,None,66,1,5,False,1000,1000
15281,141,betCent,10,0.7729896496815286,0,0,None,66,1,5,False,1000,1000
15282,142,betCent,10,0.7733877388535032,0,0,None,66,1,5,False,1000,1000
15283,143,betCent,10,0.7752786624203821,0,0,None,66,1,5,False,1000,1000
15284,144,betCent,10,0.7750796178343949,0,0,None,66,1,5,False,1000,1000
15285,140,betCent,10,0.7860270700636943,0,19,None,66,1,5,False,1000,1000
15286,141,betCent,10,0.7874203821656051,0,19,None,66,1,5,False,1000,1000
15287,142,betCent,10,0.7873208598726115,0,19,None,66,1,5,False,1000,1000
15288,143,betCent,10,0.787718949044586,0,19,None,66,1,5,False,1000,1000
15289,144,betCent,10,0.7883160828025477,0,19,None,66,1,5,False,1000,1000
15290,140,betCent,10,0.7746815286624203,0,27,None,66,1,5,False,1000,1000
15291,141,betCent,10,0.7751791401273885,0,27,None,66,1,5,False,1000,1000
15292,142,betCent,10,0.7759753184713376,0,27,None,66,1,5,False,1000,1000
15293,143,betCent,10,0.7778662420382165,0,27,None,66,1,5,False,1000,1000
15294,144,betCent,10,0.7780652866242038,0,27,None,66,1,5,False,1000,1000
15295,140,betCent,10,0.7843351910828026,0,6,None,66,1,5,False,1000,1000
15296,141,betCent,10,0.7848328025477707,0,6,None,66,1,5,False,1000,1000
15297,142,betCent,10,0.785828025477707,0,6,None,66,1,5,False,1000,1000
15298,143,betCent,10,0.7859275477707006,0,6,None,66,1,5,False,1000,1000
15299,144,betCent,10,0.7863256369426752,0,6,None,66,1,5,False,1000,1000
15300,140,betCent,10,0.7798566878980892,0,30,None,66,1,5,False,1000,1000
15301,141,betCent,10,0.7817476114649682,0,30,None,66,1,5,False,1000,1000
15302,142,betCent,10,0.783140923566879,0,30,None,66,1,5,False,1000,1000
15303,143,betCent,10,0.7841361464968153,0,30,None,66,1,5,False,1000,1000
15304,144,betCent,10,0.7846337579617835,0,30,None,66,1,5,False,1000,1000
15305,140,betCent,10,0.7603503184713376,0,16,None,66,1,5,False,1000,1000
15306,141,betCent,10,0.7621417197452229,0,16,None,66,1,5,False,1000,1000
15307,142,betCent,10,0.7636345541401274,0,16,None,66,1,5,False,1000,1000
15308,143,betCent,10,0.7648288216560509,0,16,None,66,1,5,False,1000,1000
15309,144,betCent,10,0.7669187898089171,0,16,None,66,1,5,False,1000,1000
15310,140,betCent,10,0.7256170382165605,0,7,None,66,1,5,False,1000,1000
15311,141,betCent,10,0.7280055732484076,0,7,None,66,1,5,False,1000,1000
15312,142,betCent,10,0.7308917197452229,0,7,None,66,1,5,False,1000,1000
15313,143,betCent,10,0.7337778662420382,0,7,None,66,1,5,False,1000,1000
15314,144,betCent,10,0.7355692675159236,0,7,None,66,1,5,False,1000,1000
15315,140,betCent,10,0.774781050955414,0,32,None,66,1,5,False,1000,1000
15316,141,betCent,10,0.7754777070063694,0,32,None,66,1,5,False,1000,1000
15317,142,betCent,10,0.7775676751592356,0,32,None,66,1,5,False,1000,1000
15318,143,betCent,10,0.7789609872611465,0,32,None,66,1,5,False,1000,1000
15319,144,betCent,10,0.78125,0,32,None,66,1,5,False,1000,1000
15320,140,betCent,10,0.7698049363057324,0,4,None,66,1,5,False,1000,1000
15321,141,betCent,10,0.772093949044586,0,4,None,66,1,5,False,1000,1000
15322,142,betCent,10,0.7738853503184714,0,4,None,66,1,5,False,1000,1000
15323,143,betCent,10,0.7740843949044586,0,4,None,66,1,5,False,1000,1000
15324,144,betCent,10,0.7749800955414012,0,4,None,66,1,5,False,1000,1000
15325,140,betCent,10,0.7773686305732485,0,3,None,66,1,5,False,1000,1000
15326,141,betCent,10,0.7777667197452229,0,3,None,66,1,5,False,1000,1000
15327,142,betCent,10,0.7789609872611465,0,3,None,66,1,5,False,1000,1000
15328,143,betCent,10,0.7799562101910829,0,3,None,66,1,5,False,1000,1000
15329,144,betCent,10,0.7803542993630573,0,3,None,66,1,5,False,1000,1000
15330,140,betCent,10,0.7007364649681529,0,11,None,66,1,5,False,1000,1000
15331,141,betCent,10,0.7041202229299363,0,11,None,66,1,5,False,1000,1000
15332,142,betCent,10,0.7073049363057324,0,11,None,66,1,5,False,1000,1000
15333,143,betCent,10,0.7098925159235668,0,11,None,66,1,5,False,1000,1000
15334,144,betCent,10,0.7126791401273885,0,11,None,66,1,5,False,1000,1000
15335,140,betCent,10,0.7868232484076433,0,10,None,66,1,5,False,1000,1000
15336,141,betCent,10,0.7889132165605095,0,10,None,66,1,5,False,1000,1000
15337,142,betCent,10,0.789609872611465,0,10,None,66,1,5,False,1000,1000
15338,143,betCent,10,0.7902070063694268,0,10,None,66,1,5,False,1000,1000
15339,144,betCent,10,0.7914012738853503,0,10,None,66,1,5,False,1000,1000
15340,140,betCent,10,0.7829418789808917,0,15,None,66,1,5,False,1000,1000
15341,141,betCent,10,0.7833399681528662,0,15,None,66,1,5,False,1000,1000
15342,142,betCent,10,0.7829418789808917,0,15,None,66,1,5,False,1000,1000
15343,143,betCent,10,0.783937101910828,0,15,None,66,1,5,False,1000,1000
15344,144,betCent,10,0.783937101910828,0,15,None,66,1,5,False,1000,1000
15345,145,betCent,10,0.7817476114649682,0,30,None,66,1,5,False,1000,1000
15346,146,betCent,10,0.7851313694267515,0,30,None,66,1,5,False,1000,1000
15347,147,betCent,10,0.7864251592356688,0,30,None,66,1,5,False,1000,1000
15348,148,betCent,10,0.7870222929936306,0,30,None,66,1,5,False,1000,1000
15349,149,betCent,10,0.7887141719745223,0,30,None,66,1,5,False,1000,1000
15350,145,betCent,10,0.775577229299363,0,20,None,66,1,5,False,1000,1000
15351,146,betCent,10,0.7811504777070064,0,20,None,66,1,5,False,1000,1000
15352,147,betCent,10,0.7842356687898089,0,20,None,66,1,5,False,1000,1000
15353,148,betCent,10,0.7881170382165605,0,20,None,66,1,5,False,1000,1000
15354,149,betCent,10,0.7913017515923567,0,20,None,66,1,5,False,1000,1000
15355,145,betCent,10,0.7737858280254777,0,22,None,66,1,5,False,1000,1000
15356,146,betCent,10,0.7763734076433121,0,22,None,66,1,5,False,1000,1000
15357,147,betCent,10,0.7787619426751592,0,22,None,66,1,5,False,1000,1000
15358,148,betCent,10,0.7803542993630573,0,22,None,66,1,5,False,1000,1000
15359,149,betCent,10,0.7816480891719745,0,22,None,66,1,5,False,1000,1000
15360,145,betCent,10,0.7652269108280255,0,16,None,66,1,5,False,1000,1000
15361,146,betCent,10,0.7665207006369427,0,16,None,66,1,5,False,1000,1000
15362,147,betCent,10,0.7680135350318471,0,16,None,66,1,5,False,1000,1000
15363,148,betCent,10,0.768312101910828,0,16,None,66,1,5,False,1000,1000
15364,149,betCent,10,0.7700039808917197,0,16,None,66,1,5,False,1000,1000
15365,145,betCent,10,0.7751791401273885,0,14,None,66,1,5,False,1000,1000
15366,146,betCent,10,0.7783638535031847,0,14,None,66,1,5,False,1000,1000
15367,147,betCent,10,0.7804538216560509,0,14,None,66,1,5,False,1000,1000
15368,148,betCent,10,0.7811504777070064,0,14,None,66,1,5,False,1000,1000
15369,149,betCent,10,0.7832404458598726,0,14,None,66,1,5,False,1000,1000
15370,145,betCent,10,0.7849323248407644,0,15,None,66,1,5,False,1000,1000
15371,146,betCent,10,0.7845342356687898,0,15,None,66,1,5,False,1000,1000
15372,147,betCent,10,0.785031847133758,0,15,None,66,1,5,False,1000,1000
15373,148,betCent,10,0.7856289808917197,0,15,None,66,1,5,False,1000,1000
15374,149,betCent,10,0.7861265923566879,0,15,None,66,1,5,False,1000,1000
15375,145,betCent,10,0.790406050955414,0,10,None,66,1,5,False,1000,1000
15376,146,betCent,10,0.792296974522293,0,10,None,66,1,5,False,1000,1000
15377,147,betCent,10,0.7943869426751592,0,10,None,66,1,5,False,1000,1000
15378,148,betCent,10,0.7944864649681529,0,10,None,66,1,5,False,1000,1000
15379,149,betCent,10,0.79578025477707,0,10,None,66,1,5,False,1000,1000
15380,145,betCent,10,0.7024283439490446,0,11,None,66,1,5,False,1000,1000
15381,146,betCent,10,0.7065087579617835,0,11,None,66,1,5,False,1000,1000
15382,147,betCent,10,0.7088972929936306,0,11,None,66,1,5,False,1000,1000
15383,148,betCent,10,0.7112858280254777,0,11,None,66,1,5,False,1000,1000
15384,149,betCent,10,0.7138734076433121,0,11,None,66,1,5,False,1000,1000
15385,145,betCent,10,0.7921974522292994,0,17,None,66,1,5,False,1000,1000
15386,146,betCent,10,0.793093152866242,0,17,None,66,1,5,False,1000,1000
15387,147,betCent,10,0.7934912420382165,0,17,None,66,1,5,False,1000,1000
15388,148,betCent,10,0.7932921974522293,0,17,None,66,1,5,False,1000,1000
15389,149,betCent,10,0.7929936305732485,0,17,None,66,1,5,False,1000,1000
15390,145,betCent,10,0.7718949044585988,0,18,None,66,1,5,False,1000,1000
15391,146,betCent,10,0.773984872611465,0,18,None,66,1,5,False,1000,1000
15392,147,betCent,10,0.7751791401273885,0,18,None,66,1,5,False,1000,1000
15393,148,betCent,10,0.7753781847133758,0,18,None,66,1,5,False,1000,1000
15394,149,betCent,10,0.7760748407643312,0,18,None,66,1,5,False,1000,1000
15395,145,betCent,10,0.7829418789808917,0,31,None,66,1,5,False,1000,1000
15396,146,betCent,10,0.7830414012738853,0,31,None,66,1,5,False,1000,1000
15397,147,betCent,10,0.7840366242038217,0,31,None,66,1,5,False,1000,1000
15398,148,betCent,10,0.7841361464968153,0,31,None,66,1,5,False,1000,1000
15399,149,betCent,10,0.783937101910828,0,31,None,66,1,5,False,1000,1000
15400,145,betCent,10,0.7868232484076433,0,19,None,66,1,5,False,1000,1000
15401,146,betCent,10,0.7873208598726115,0,19,None,66,1,5,False,1000,1000
15402,147,betCent,10,0.7878184713375797,0,19,None,66,1,5,False,1000,1000
15403,148,betCent,10,0.7888136942675159,0,19,None,66,1,5,False,1000,1000
15404,149,betCent,10,0.7894108280254777,0,19,None,66,1,5,False,1000,1000
15405,145,betCent,10,0.7964769108280255,0,24,None,66,1,5,False,1000,1000
15406,146,betCent,10,0.7962778662420382,0,24,None,66,1,5,False,1000,1000
15407,147,betCent,10,0.7964769108280255,0,24,None,66,1,5,False,1000,1000
15408,148,betCent,10,0.796875,0,24,None,66,1,5,False,1000,1000
15409,149,betCent,10,0.7969745222929936,0,24,None,66,1,5,False,1000,1000
15410,145,betCent,10,0.7773686305732485,0,32,None,66,1,5,False,1000,1000
15411,146,betCent,10,0.7780652866242038,0,32,None,66,1,5,False,1000,1000
15412,147,betCent,10,0.7780652866242038,0,32,None,66,1,5,False,1000,1000
15413,148,betCent,10,0.7805533439490446,0,32,None,66,1,5,False,1000,1000
15414,149,betCent,10,0.78234474522293,0,32,None,66,1,5,False,1000,1000
15415,145,betCent,10,0.725218949044586,0,7,None,66,1,5,False,1000,1000
15416,146,betCent,10,0.7290007961783439,0,7,None,66,1,5,False,1000,1000
15417,147,betCent,10,0.7315883757961783,0,7,None,66,1,5,False,1000,1000
15418,148,betCent,10,0.7333797770700637,0,7,None,66,1,5,False,1000,1000
15419,149,betCent,10,0.73546974522293,0,7,None,66,1,5,False,1000,1000
15420,145,betCent,10,0.7476114649681529,0,1,None,66,1,5,False,1000,1000
15421,146,betCent,10,0.7495023885350318,0,1,None,66,1,5,False,1000,1000
15422,147,betCent,10,0.7508957006369427,0,1,None,66,1,5,False,1000,1000
15423,148,betCent,10,0.7521894904458599,0,1,None,66,1,5,False,1000,1000
15424,149,betCent,10,0.7553742038216561,0,1,None,66,1,5,False,1000,1000
15425,145,betCent,10,0.7558718152866242,0,2,None,66,1,5,False,1000,1000
15426,146,betCent,10,0.7567675159235668,0,2,None,66,1,5,False,1000,1000
15427,147,betCent,10,0.758359872611465,0,2,None,66,1,5,False,1000,1000
15428,148,betCent,10,0.7589570063694268,0,2,None,66,1,5,False,1000,1000
15429,149,betCent,10,0.7605493630573248,0,2,None,66,1,5,False,1000,1000
15430,145,betCent,10,0.7741839171974523,0,5,None,66,1,5,False,1000,1000
15431,146,betCent,10,0.7750796178343949,0,5,None,66,1,5,False,1000,1000
15432,147,betCent,10,0.7769705414012739,0,5,None,66,1,5,False,1000,1000
15433,148,betCent,10,0.7776671974522293,0,5,None,66,1,5,False,1000,1000
15434,149,betCent,10,0.7783638535031847,0,5,None,66,1,5,False,1000,1000
15435,145,betCent,10,0.7736863057324841,0,4,None,66,1,5,False,1000,1000
15436,146,betCent,10,0.7752786624203821,0,4,None,66,1,5,False,1000,1000
15437,147,betCent,10,0.7768710191082803,0,4,None,66,1,5,False,1000,1000
15438,148,betCent,10,0.777468152866242,0,4,None,66,1,5,False,1000,1000
15439,149,betCent,10,0.7788614649681529,0,4,None,66,1,5,False,1000,1000
15440,145,betCent,10,0.7704020700636943,0,8,None,66,1,5,False,1000,1000
15441,146,betCent,10,0.7718949044585988,0,8,None,66,1,5,False,1000,1000
15442,147,betCent,10,0.7735867834394905,0,8,None,66,1,5,False,1000,1000
15443,148,betCent,10,0.774781050955414,0,8,None,66,1,5,False,1000,1000
15444,149,betCent,10,0.7758757961783439,0,8,None,66,1,5,False,1000,1000
15445,145,betCent,10,0.7833399681528662,0,21,None,66,1,5,False,1000,1000
15446,146,betCent,10,0.7851313694267515,0,21,None,66,1,5,False,1000,1000
15447,147,betCent,10,0.7853304140127388,0,21,None,66,1,5,False,1000,1000
15448,148,betCent,10,0.7859275477707006,0,21,None,66,1,5,False,1000,1000
15449,149,betCent,10,0.7873208598726115,0,21,None,66,1,5,False,1000,1000
15450,145,betCent,10,0.7926950636942676,0,9,None,66,1,5,False,1000,1000
15451,146,betCent,10,0.7943869426751592,0,9,None,66,1,5,False,1000,1000
15452,147,betCent,10,0.7939888535031847,0,9,None,66,1,5,False,1000,1000
15453,148,betCent,10,0.7942874203821656,0,9,None,66,1,5,False,1000,1000
15454,149,betCent,10,0.7945859872611465,0,9,None,66,1,5,False,1000,1000
15455,145,betCent,10,0.7304936305732485,0,23,None,66,1,5,False,1000,1000
15456,146,betCent,10,0.7336783439490446,0,23,None,66,1,5,False,1000,1000
15457,147,betCent,10,0.7368630573248408,0,23,None,66,1,5,False,1000,1000
15458,148,betCent,10,0.7393511146496815,0,23,None,66,1,5,False,1000,1000
15459,149,betCent,10,0.741640127388535,0,23,None,66,1,5,False,1000,1000
15460,145,betCent,10,0.7786624203821656,0,27,None,66,1,5,False,1000,1000
15461,146,betCent,10,0.7800557324840764,0,27,None,66,1,5,False,1000,1000
15462,147,betCent,10,0.7810509554140127,0,27,None,66,1,5,False,1000,1000
15463,148,betCent,10,0.7815485668789809,0,27,None,66,1,5,False,1000,1000
15464,149,betCent,10,0.7818471337579618,0,27,None,66,1,5,False,1000,1000
15465,145,betCent,10,0.7913017515923567,0,29,None,66,1,5,False,1000,1000
15466,146,betCent,10,0.7901074840764332,0,29,None,66,1,5,False,1000,1000
15467,147,betCent,10,0.791202229299363,0,29,None,66,1,5,False,1000,1000
15468,148,betCent,10,0.7916003184713376,0,29,None,66,1,5,False,1000,1000
15469,149,betCent,10,0.7916003184713376,0,29,None,66,1,5,False,1000,1000
15470,145,betCent,10,0.792296974522293,0,12,None,66,1,5,False,1000,1000
15471,146,betCent,10,0.7943869426751592,0,12,None,66,1,5,False,1000,1000
15472,147,betCent,10,0.7952826433121019,0,12,None,66,1,5,False,1000,1000
15473,148,betCent,10,0.7958797770700637,0,12,None,66,1,5,False,1000,1000
15474,149,betCent,10,0.7967754777070064,0,12,None,66,1,5,False,1000,1000
15475,145,betCent,10,0.7860270700636943,0,6,None,66,1,5,False,1000,1000
15476,146,betCent,10,0.7871218152866242,0,6,None,66,1,5,False,1000,1000
15477,147,betCent,10,0.7881170382165605,0,6,None,66,1,5,False,1000,1000
15478,148,betCent,10,0.7890127388535032,0,6,None,66,1,5,False,1000,1000
15479,149,betCent,10,0.7895103503184714,0,6,None,66,1,5,False,1000,1000
15480,145,betCent,10,0.7984673566878981,0,13,None,66,1,5,False,1000,1000
15481,146,betCent,10,0.798765923566879,0,13,None,66,1,5,False,1000,1000
15482,147,betCent,10,0.7988654458598726,0,13,None,66,1,5,False,1000,1000
15483,148,betCent,10,0.7992635350318471,0,13,None,66,1,5,False,1000,1000
15484,149,betCent,10,0.7985668789808917,0,13,None,66,1,5,False,1000,1000
15485,145,betCent,10,0.7669187898089171,0,25,None,66,1,5,False,1000,1000
15486,146,betCent,10,0.7696058917197452,0,25,None,66,1,5,False,1000,1000
15487,147,betCent,10,0.7721934713375797,0,25,None,66,1,5,False,1000,1000
15488,148,betCent,10,0.7743829617834395,0,25,None,66,1,5,False,1000,1000
15489,149,betCent,10,0.7756767515923567,0,25,None,66,1,5,False,1000,1000
15490,145,betCent,10,0.7722929936305732,0,26,None,66,1,5,False,1000,1000
15491,146,betCent,10,0.7733877388535032,0,26,None,66,1,5,False,1000,1000
15492,147,betCent,10,0.7740843949044586,0,26,None,66,1,5,False,1000,1000
15493,148,betCent,10,0.7744824840764332,0,26,None,66,1,5,False,1000,1000
15494,149,betCent,10,0.774781050955414,0,26,None,66,1,5,False,1000,1000
15495,145,betCent,10,0.7758757961783439,0,0,None,66,1,5,False,1000,1000
15496,146,betCent,10,0.7765724522292994,0,0,None,66,1,5,False,1000,1000
15497,147,betCent,10,0.7779657643312102,0,0,None,66,1,5,False,1000,1000
15498,148,betCent,10,0.7786624203821656,0,0,None,66,1,5,False,1000,1000
15499,149,betCent,10,0.7787619426751592,0,0,None,66,1,5,False,1000,1000
15500,145,betCent,10,0.7809514331210191,0,3,None,66,1,5,False,1000,1000
15501,146,betCent,10,0.7815485668789809,0,3,None,66,1,5,False,1000,1000
15502,147,betCent,10,0.7827428343949044,0,3,None,66,1,5,False,1000,1000
15503,148,betCent,10,0.7837380573248408,0,3,None,66,1,5,False,1000,1000
15504,149,betCent,10,0.7848328025477707,0,3,None,66,1,5,False,1000,1000
15505,145,betCent,10,0.6552547770700637,0,28,None,66,1,5,False,1000,1000
15506,146,betCent,10,0.6842157643312102,0,28,None,66,1,5,False,1000,1000
15507,147,betCent,10,0.6996417197452229,0,28,None,66,1,5,False,1000,1000
15508,148,betCent,10,0.7024283439490446,0,28,None,66,1,5,False,1000,1000
15509,149,betCent,10,0.7063097133757962,0,28,None,66,1,5,False,1000,1000
15510,150,betCent,10,0.7721934713375797,0,26,None,66,1,5,False,1000,1000
15511,151,betCent,10,0.7725915605095541,0,26,None,66,1,5,False,1000,1000
15512,152,betCent,10,0.7733877388535032,0,26,None,66,1,5,False,1000,1000
15513,153,betCent,10,0.773984872611465,0,26,None,66,1,5,False,1000,1000
15514,154,betCent,10,0.7750796178343949,0,26,None,66,1,5,False,1000,1000
15515,150,betCent,10,0.7589570063694268,0,2,None,66,1,5,False,1000,1000
15516,151,betCent,10,0.7619426751592356,0,2,None,66,1,5,False,1000,1000
15517,152,betCent,10,0.7633359872611465,0,2,None,66,1,5,False,1000,1000
15518,153,betCent,10,0.7649283439490446,0,2,None,66,1,5,False,1000,1000
15519,154,betCent,10,0.7657245222929936,0,2,None,66,1,5,False,1000,1000
15520,150,betCent,10,0.7761743630573248,0,22,None,66,1,5,False,1000,1000
15521,151,betCent,10,0.7792595541401274,0,22,None,66,1,5,False,1000,1000
15522,152,betCent,10,0.7809514331210191,0,22,None,66,1,5,False,1000,1000
15523,153,betCent,10,0.7828423566878981,0,22,None,66,1,5,False,1000,1000
15524,154,betCent,10,0.7844347133757962,0,22,None,66,1,5,False,1000,1000
15525,150,betCent,10,0.7758757961783439,0,5,None,66,1,5,False,1000,1000
15526,151,betCent,10,0.7767714968152867,0,5,None,66,1,5,False,1000,1000
15527,152,betCent,10,0.7782643312101911,0,5,None,66,1,5,False,1000,1000
15528,153,betCent,10,0.78015525477707,0,5,None,66,1,5,False,1000,1000
15529,154,betCent,10,0.78015525477707,0,5,None,66,1,5,False,1000,1000
15530,150,betCent,10,0.7792595541401274,0,14,None,66,1,5,False,1000,1000
15531,151,betCent,10,0.7806528662420382,0,14,None,66,1,5,False,1000,1000
15532,152,betCent,10,0.7828423566878981,0,14,None,66,1,5,False,1000,1000
15533,153,betCent,10,0.7843351910828026,0,14,None,66,1,5,False,1000,1000
15534,154,betCent,10,0.7859275477707006,0,14,None,66,1,5,False,1000,1000
15535,150,betCent,10,0.7653264331210191,0,25,None,66,1,5,False,1000,1000
15536,151,betCent,10,0.7691082802547771,0,25,None,66,1,5,False,1000,1000
15537,152,betCent,10,0.7707006369426752,0,25,None,66,1,5,False,1000,1000
15538,153,betCent,10,0.7733877388535032,0,25,None,66,1,5,False,1000,1000
15539,154,betCent,10,0.7752786624203821,0,25,None,66,1,5,False,1000,1000
15540,150,betCent,10,0.7997611464968153,0,13,None,66,1,5,False,1000,1000
15541,151,betCent,10,0.8011544585987261,0,13,None,66,1,5,False,1000,1000
15542,152,betCent,10,0.8010549363057324,0,13,None,66,1,5,False,1000,1000
15543,153,betCent,10,0.8011544585987261,0,13,None,66,1,5,False,1000,1000
15544,154,betCent,10,0.8008558917197452,0,13,None,66,1,5,False,1000,1000
15545,150,betCent,10,0.7953821656050956,0,12,None,66,1,5,False,1000,1000
15546,151,betCent,10,0.796875,0,12,None,66,1,5,False,1000,1000
15547,152,betCent,10,0.796875,0,12,None,66,1,5,False,1000,1000
15548,153,betCent,10,0.7976711783439491,0,12,None,66,1,5,False,1000,1000
15549,154,betCent,10,0.7985668789808917,0,12,None,66,1,5,False,1000,1000
15550,150,betCent,10,0.7860270700636943,0,21,None,66,1,5,False,1000,1000
15551,151,betCent,10,0.7879179936305732,0,21,None,66,1,5,False,1000,1000
15552,152,betCent,10,0.7887141719745223,0,21,None,66,1,5,False,1000,1000
15553,153,betCent,10,0.7889132165605095,0,21,None,66,1,5,False,1000,1000
15554,154,betCent,10,0.7901074840764332,0,21,None,66,1,5,False,1000,1000
15555,150,betCent,10,0.7326831210191083,0,23,None,66,1,5,False,1000,1000
15556,151,betCent,10,0.7359673566878981,0,23,None,66,1,5,False,1000,1000
15557,152,betCent,10,0.7388535031847133,0,23,None,66,1,5,False,1000,1000
15558,153,betCent,10,0.7413415605095541,0,23,None,66,1,5,False,1000,1000
15559,154,betCent,10,0.7429339171974523,0,23,None,66,1,5,False,1000,1000
15560,150,betCent,10,0.7859275477707006,0,30,None,66,1,5,False,1000,1000
15561,151,betCent,10,0.7872213375796179,0,30,None,66,1,5,False,1000,1000
15562,152,betCent,10,0.7890127388535032,0,30,None,66,1,5,False,1000,1000
15563,153,betCent,10,0.7902070063694268,0,30,None,66,1,5,False,1000,1000
15564,154,betCent,10,0.7914012738853503,0,30,None,66,1,5,False,1000,1000
15565,150,betCent,10,0.7821457006369427,0,27,None,66,1,5,False,1000,1000
15566,151,betCent,10,0.7832404458598726,0,27,None,66,1,5,False,1000,1000
15567,152,betCent,10,0.7844347133757962,0,27,None,66,1,5,False,1000,1000
15568,153,betCent,10,0.7847332802547771,0,27,None,66,1,5,False,1000,1000
15569,154,betCent,10,0.7854299363057324,0,27,None,66,1,5,False,1000,1000
15570,150,betCent,10,0.7927945859872612,0,29,None,66,1,5,False,1000,1000
15571,151,betCent,10,0.7926950636942676,0,29,None,66,1,5,False,1000,1000
15572,152,betCent,10,0.793093152866242,0,29,None,66,1,5,False,1000,1000
15573,153,betCent,10,0.7942874203821656,0,29,None,66,1,5,False,1000,1000
15574,154,betCent,10,0.794984076433121,0,29,None,66,1,5,False,1000,1000
15575,150,betCent,10,0.7942874203821656,0,9,None,66,1,5,False,1000,1000
15576,151,betCent,10,0.7947850318471338,0,9,None,66,1,5,False,1000,1000
15577,152,betCent,10,0.7955812101910829,0,9,None,66,1,5,False,1000,1000
15578,153,betCent,10,0.7963773885350318,0,9,None,66,1,5,False,1000,1000
15579,154,betCent,10,0.7963773885350318,0,9,None,66,1,5,False,1000,1000
15580,150,betCent,10,0.7250199044585988,0,7,None,66,1,5,False,1000,1000
15581,151,betCent,10,0.7292993630573248,0,7,None,66,1,5,False,1000,1000
15582,152,betCent,10,0.7318869426751592,0,7,None,66,1,5,False,1000,1000
15583,153,betCent,10,0.7348726114649682,0,7,None,66,1,5,False,1000,1000
15584,154,betCent,10,0.737062101910828,0,7,None,66,1,5,False,1000,1000
15585,150,betCent,10,0.7693073248407644,0,16,None,66,1,5,False,1000,1000
15586,151,betCent,10,0.7701035031847133,0,16,None,66,1,5,False,1000,1000
15587,152,betCent,10,0.7722929936305732,0,16,None,66,1,5,False,1000,1000
15588,153,betCent,10,0.7734872611464968,0,16,None,66,1,5,False,1000,1000
15589,154,betCent,10,0.7738853503184714,0,16,None,66,1,5,False,1000,1000
15590,150,betCent,10,0.7891122611464968,0,6,None,66,1,5,False,1000,1000
15591,151,betCent,10,0.790406050955414,0,6,None,66,1,5,False,1000,1000
15592,152,betCent,10,0.7907046178343949,0,6,None,66,1,5,False,1000,1000
15593,153,betCent,10,0.7918988853503185,0,6,None,66,1,5,False,1000,1000
15594,154,betCent,10,0.7925955414012739,0,6,None,66,1,5,False,1000,1000
15595,150,betCent,10,0.7792595541401274,0,32,None,66,1,5,False,1000,1000
15596,151,betCent,10,0.7794585987261147,0,32,None,66,1,5,False,1000,1000
15597,152,betCent,10,0.7807523885350318,0,32,None,66,1,5,False,1000,1000
15598,153,betCent,10,0.7827428343949044,0,32,None,66,1,5,False,1000,1000
15599,154,betCent,10,0.7841361464968153,0,32,None,66,1,5,False,1000,1000
15600,150,betCent,10,0.7878184713375797,0,15,None,66,1,5,False,1000,1000
15601,151,betCent,10,0.7876194267515924,0,15,None,66,1,5,False,1000,1000
15602,152,betCent,10,0.7875199044585988,0,15,None,66,1,5,False,1000,1000
15603,153,betCent,10,0.787718949044586,0,15,None,66,1,5,False,1000,1000
15604,154,betCent,10,0.7888136942675159,0,15,None,66,1,5,False,1000,1000
15605,150,betCent,10,0.7938893312101911,0,10,None,66,1,5,False,1000,1000
15606,151,betCent,10,0.7947850318471338,0,10,None,66,1,5,False,1000,1000
15607,152,betCent,10,0.7959792993630573,0,10,None,66,1,5,False,1000,1000
15608,153,betCent,10,0.7967754777070064,0,10,None,66,1,5,False,1000,1000
15609,154,betCent,10,0.7972730891719745,0,10,None,66,1,5,False,1000,1000
15610,150,betCent,10,0.774781050955414,0,18,None,66,1,5,False,1000,1000
15611,151,betCent,10,0.7759753184713376,0,18,None,66,1,5,False,1000,1000
15612,152,betCent,10,0.7767714968152867,0,18,None,66,1,5,False,1000,1000
15613,153,betCent,10,0.7773686305732485,0,18,None,66,1,5,False,1000,1000
15614,154,betCent,10,0.7789609872611465,0,18,None,66,1,5,False,1000,1000
15615,150,betCent,10,0.7733877388535032,0,8,None,66,1,5,False,1000,1000
15616,151,betCent,10,0.775577229299363,0,8,None,66,1,5,False,1000,1000
15617,152,betCent,10,0.776671974522293,0,8,None,66,1,5,False,1000,1000
15618,153,betCent,10,0.7784633757961783,0,8,None,66,1,5,False,1000,1000
15619,154,betCent,10,0.7802547770700637,0,8,None,66,1,5,False,1000,1000
15620,150,betCent,10,0.7846337579617835,0,31,None,66,1,5,False,1000,1000
15621,151,betCent,10,0.7846337579617835,0,31,None,66,1,5,False,1000,1000
15622,152,betCent,10,0.7857285031847133,0,31,None,66,1,5,False,1000,1000
15623,153,betCent,10,0.7862261146496815,0,31,None,66,1,5,False,1000,1000
15624,154,betCent,10,0.7867237261146497,0,31,None,66,1,5,False,1000,1000
15625,150,betCent,10,0.789609872611465,0,19,None,66,1,5,False,1000,1000
15626,151,betCent,10,0.7898089171974523,0,19,None,66,1,5,False,1000,1000
15627,152,betCent,10,0.7908041401273885,0,19,None,66,1,5,False,1000,1000
15628,153,betCent,10,0.7911027070063694,0,19,None,66,1,5,False,1000,1000
15629,154,betCent,10,0.7914012738853503,0,19,None,66,1,5,False,1000,1000
15630,150,betCent,10,0.7811504777070064,0,20,None,66,1,5,False,1000,1000
15631,151,betCent,10,0.7851313694267515,0,20,None,66,1,5,False,1000,1000
15632,152,betCent,10,0.7884156050955414,0,20,None,66,1,5,False,1000,1000
15633,153,betCent,10,0.7921974522292994,0,20,None,66,1,5,False,1000,1000
15634,154,betCent,10,0.79578025477707,0,20,None,66,1,5,False,1000,1000
15635,150,betCent,10,0.7748805732484076,0,4,None,66,1,5,False,1000,1000
15636,151,betCent,10,0.7764729299363057,0,4,None,66,1,5,False,1000,1000
15637,152,betCent,10,0.7784633757961783,0,4,None,66,1,5,False,1000,1000
15638,153,betCent,10,0.7794585987261147,0,4,None,66,1,5,False,1000,1000
15639,154,betCent,10,0.7816480891719745,0,4,None,66,1,5,False,1000,1000
15640,150,betCent,10,0.7474124203821656,0,1,None,66,1,5,False,1000,1000
15641,151,betCent,10,0.7500995222929936,0,1,None,66,1,5,False,1000,1000
15642,152,betCent,10,0.7516918789808917,0,1,None,66,1,5,False,1000,1000
15643,153,betCent,10,0.7532842356687898,0,1,None,66,1,5,False,1000,1000
15644,154,betCent,10,0.7538813694267515,0,1,None,66,1,5,False,1000,1000
15645,150,betCent,10,0.6582404458598726,0,28,None,66,1,5,False,1000,1000
15646,151,betCent,10,0.6892914012738853,0,28,None,66,1,5,False,1000,1000
15647,152,betCent,10,0.7033240445859873,0,28,None,66,1,5,False,1000,1000
15648,153,betCent,10,0.7073049363057324,0,28,None,66,1,5,False,1000,1000
15649,154,betCent,10,0.7100915605095541,0,28,None,66,1,5,False,1000,1000
15650,150,betCent,10,0.7803542993630573,0,0,None,66,1,5,False,1000,1000
15651,151,betCent,10,0.7810509554140127,0,0,None,66,1,5,False,1000,1000
15652,152,betCent,10,0.7815485668789809,0,0,None,66,1,5,False,1000,1000
15653,153,betCent,10,0.78234474522293,0,0,None,66,1,5,False,1000,1000
15654,154,betCent,10,0.7822452229299363,0,0,None,66,1,5,False,1000,1000
15655,150,betCent,10,0.6971536624203821,0,11,None,66,1,5,False,1000,1000
15656,151,betCent,10,0.7028264331210191,0,11,None,66,1,5,False,1000,1000
15657,152,betCent,10,0.7048168789808917,0,11,None,66,1,5,False,1000,1000
15658,153,betCent,10,0.7090963375796179,0,11,None,66,1,5,False,1000,1000
15659,154,betCent,10,0.7111863057324841,0,11,None,66,1,5,False,1000,1000
15660,150,betCent,10,0.7938893312101911,0,17,None,66,1,5,False,1000,1000
15661,151,betCent,10,0.7944864649681529,0,17,None,66,1,5,False,1000,1000
15662,152,betCent,10,0.7958797770700637,0,17,None,66,1,5,False,1000,1000
15663,153,betCent,10,0.7956807324840764,0,17,None,66,1,5,False,1000,1000
15664,154,betCent,10,0.7952826433121019,0,17,None,66,1,5,False,1000,1000
15665,150,betCent,10,0.7857285031847133,0,3,None,66,1,5,False,1000,1000
15666,151,betCent,10,0.7855294585987261,0,3,None,66,1,5,False,1000,1000
15667,152,betCent,10,0.7861265923566879,0,3,None,66,1,5,False,1000,1000
15668,153,betCent,10,0.785828025477707,0,3,None,66,1,5,False,1000,1000
15669,154,betCent,10,0.7872213375796179,0,3,None,66,1,5,False,1000,1000
15670,150,betCent,10,0.7993630573248408,0,24,None,66,1,5,False,1000,1000
15671,151,betCent,10,0.7998606687898089,0,24,None,66,1,5,False,1000,1000
15672,152,betCent,10,0.7994625796178344,0,24,None,66,1,5,False,1000,1000
15673,153,betCent,10,0.8000597133757962,0,24,None,66,1,5,False,1000,1000
15674,154,betCent,10,0.8003582802547771,0,24,None,66,1,5,False,1000,1000
16005,155,betCent,10,0.7469148089171974,0,1,None,66,1,5,False,1000,1000
16006,156,betCent,10,0.7497014331210191,0,1,None,66,1,5,False,1000,1000
16007,157,betCent,10,0.7507961783439491,0,1,None,66,1,5,False,1000,1000
16008,158,betCent,10,0.7515923566878981,0,1,None,66,1,5,False,1000,1000
16009,159,betCent,10,0.7520899681528662,0,1,None,66,1,5,False,1000,1000
16010,155,betCent,10,0.7639331210191083,0,2,None,66,1,5,False,1000,1000
16011,156,betCent,10,0.7658240445859873,0,2,None,66,1,5,False,1000,1000
16012,157,betCent,10,0.7670183121019108,0,2,None,66,1,5,False,1000,1000
16013,158,betCent,10,0.7669187898089171,0,2,None,66,1,5,False,1000,1000
16014,159,betCent,10,0.7674164012738853,0,2,None,66,1,5,False,1000,1000
16015,155,betCent,10,0.8023487261146497,0,13,None,66,1,5,False,1000,1000
16016,156,betCent,10,0.8028463375796179,0,13,None,66,1,5,False,1000,1000
16017,157,betCent,10,0.8032444267515924,0,13,None,66,1,5,False,1000,1000
16018,158,betCent,10,0.8031449044585988,0,13,None,66,1,5,False,1000,1000
16019,159,betCent,10,0.8030453821656051,0,13,None,66,1,5,False,1000,1000
16020,155,betCent,10,0.7907046178343949,0,15,None,66,1,5,False,1000,1000
16021,156,betCent,10,0.7900079617834395,0,15,None,66,1,5,False,1000,1000
16022,157,betCent,10,0.7898089171974523,0,15,None,66,1,5,False,1000,1000
16023,158,betCent,10,0.789609872611465,0,15,None,66,1,5,False,1000,1000
16024,159,betCent,10,0.7899084394904459,0,15,None,66,1,5,False,1000,1000
16025,155,betCent,10,0.7951831210191083,0,10,None,66,1,5,False,1000,1000
16026,156,betCent,10,0.7965764331210191,0,10,None,66,1,5,False,1000,1000
16027,157,betCent,10,0.7972730891719745,0,10,None,66,1,5,False,1000,1000
16028,158,betCent,10,0.7984673566878981,0,10,None,66,1,5,False,1000,1000
16029,159,betCent,10,0.7996616242038217,0,10,None,66,1,5,False,1000,1000
16030,155,betCent,10,0.7708996815286624,0,16,None,66,1,5,False,1000,1000
16031,156,betCent,10,0.7718949044585988,0,16,None,66,1,5,False,1000,1000
16032,157,betCent,10,0.7738853503184714,0,16,None,66,1,5,False,1000,1000
16033,158,betCent,10,0.7753781847133758,0,16,None,66,1,5,False,1000,1000
16034,159,betCent,10,0.7759753184713376,0,16,None,66,1,5,False,1000,1000
16035,155,betCent,10,0.6963574840764332,0,11,None,66,1,5,False,1000,1000
16036,156,betCent,10,0.70203025477707,0,11,None,66,1,5,False,1000,1000
16037,157,betCent,10,0.7049164012738853,0,11,None,66,1,5,False,1000,1000
16038,158,betCent,10,0.7085987261146497,0,11,None,66,1,5,False,1000,1000
16039,159,betCent,10,0.7118829617834395,0,11,None,66,1,5,False,1000,1000
16040,155,betCent,10,0.7771695859872612,0,8,None,66,1,5,False,1000,1000
16041,156,betCent,10,0.7789609872611465,0,8,None,66,1,5,False,1000,1000
16042,157,betCent,10,0.7803542993630573,0,8,None,66,1,5,False,1000,1000
16043,158,betCent,10,0.7819466560509554,0,8,None,66,1,5,False,1000,1000
16044,159,betCent,10,0.7836385350318471,0,8,None,66,1,5,False,1000,1000
16045,155,betCent,10,0.7838375796178344,0,20,None,66,1,5,False,1000,1000
16046,156,betCent,10,0.7882165605095541,0,20,None,66,1,5,False,1000,1000
16047,157,betCent,10,0.7917993630573248,0,20,None,66,1,5,False,1000,1000
16048,158,betCent,10,0.7964769108280255,0,20,None,66,1,5,False,1000,1000
16049,159,betCent,10,0.7973726114649682,0,20,None,66,1,5,False,1000,1000
16050,155,betCent,10,0.7909036624203821,0,19,None,66,1,5,False,1000,1000
16051,156,betCent,10,0.7913017515923567,0,19,None,66,1,5,False,1000,1000
16052,157,betCent,10,0.7923964968152867,0,19,None,66,1,5,False,1000,1000
16053,158,betCent,10,0.7932921974522293,0,19,None,66,1,5,False,1000,1000
16054,159,betCent,10,0.794187898089172,0,19,None,66,1,5,False,1000,1000
16055,155,betCent,10,0.7351711783439491,0,23,None,66,1,5,False,1000,1000
16056,156,betCent,10,0.7385549363057324,0,23,None,66,1,5,False,1000,1000
16057,157,betCent,10,0.7417396496815286,0,23,None,66,1,5,False,1000,1000
16058,158,betCent,10,0.7432324840764332,0,23,None,66,1,5,False,1000,1000
16059,159,betCent,10,0.7450238853503185,0,23,None,66,1,5,False,1000,1000
16060,155,betCent,10,0.7732882165605095,0,25,None,66,1,5,False,1000,1000
16061,156,betCent,10,0.7746815286624203,0,25,None,66,1,5,False,1000,1000
16062,157,betCent,10,0.7767714968152867,0,25,None,66,1,5,False,1000,1000
16063,158,betCent,10,0.779359076433121,0,25,None,66,1,5,False,1000,1000
16064,159,betCent,10,0.7809514331210191,0,25,None,66,1,5,False,1000,1000
16065,155,betCent,10,0.6614251592356688,0,28,None,66,1,5,False,1000,1000
16066,156,betCent,10,0.6940684713375797,0,28,None,66,1,5,False,1000,1000
16067,157,betCent,10,0.7080015923566879,0,28,None,66,1,5,False,1000,1000
16068,158,betCent,10,0.7129777070063694,0,28,None,66,1,5,False,1000,1000
16069,159,betCent,10,0.7148686305732485,0,28,None,66,1,5,False,1000,1000
16070,155,betCent,10,0.794984076433121,0,29,None,66,1,5,False,1000,1000
16071,156,betCent,10,0.7955812101910829,0,29,None,66,1,5,False,1000,1000
16072,157,betCent,10,0.7963773885350318,0,29,None,66,1,5,False,1000,1000
16073,158,betCent,10,0.7966759554140127,0,29,None,66,1,5,False,1000,1000
16074,159,betCent,10,0.7972730891719745,0,29,None,66,1,5,False,1000,1000
16075,155,betCent,10,0.7960788216560509,0,9,None,66,1,5,False,1000,1000
16076,156,betCent,10,0.7963773885350318,0,9,None,66,1,5,False,1000,1000
16077,157,betCent,10,0.7973726114649682,0,9,None,66,1,5,False,1000,1000
16078,158,betCent,10,0.7982683121019108,0,9,None,66,1,5,False,1000,1000
16079,159,betCent,10,0.7985668789808917,0,9,None,66,1,5,False,1000,1000
16080,155,betCent,10,0.7789609872611465,0,18,None,66,1,5,False,1000,1000
16081,156,betCent,10,0.7792595541401274,0,18,None,66,1,5,False,1000,1000
16082,157,betCent,10,0.7795581210191083,0,18,None,66,1,5,False,1000,1000
16083,158,betCent,10,0.7807523885350318,0,18,None,66,1,5,False,1000,1000
16084,159,betCent,10,0.7813495222929936,0,18,None,66,1,5,False,1000,1000
16085,155,betCent,10,0.7853304140127388,0,31,None,66,1,5,False,1000,1000
16086,156,betCent,10,0.7868232484076433,0,31,None,66,1,5,False,1000,1000
16087,157,betCent,10,0.786922770700637,0,31,None,66,1,5,False,1000,1000
16088,158,betCent,10,0.788515127388535,0,31,None,66,1,5,False,1000,1000
16089,159,betCent,10,0.7886146496815286,0,31,None,66,1,5,False,1000,1000
16090,155,betCent,10,0.7804538216560509,0,32,None,66,1,5,False,1000,1000
16091,156,betCent,10,0.7821457006369427,0,32,None,66,1,5,False,1000,1000
16092,157,betCent,10,0.7830414012738853,0,32,None,66,1,5,False,1000,1000
16093,158,betCent,10,0.7841361464968153,0,32,None,66,1,5,False,1000,1000
16094,159,betCent,10,0.7853304140127388,0,32,None,66,1,5,False,1000,1000
16095,155,betCent,10,0.7884156050955414,0,3,None,66,1,5,False,1000,1000
16096,156,betCent,10,0.7887141719745223,0,3,None,66,1,5,False,1000,1000
16097,157,betCent,10,0.7893113057324841,0,3,None,66,1,5,False,1000,1000
16098,158,betCent,10,0.7897093949044586,0,3,None,66,1,5,False,1000,1000
16099,159,betCent,10,0.7909036624203821,0,3,None,66,1,5,False,1000,1000
16100,155,betCent,10,0.7833399681528662,0,0,None,66,1,5,False,1000,1000
16101,156,betCent,10,0.7844347133757962,0,0,None,66,1,5,False,1000,1000
16102,157,betCent,10,0.783140923566879,0,0,None,66,1,5,False,1000,1000
16103,158,betCent,10,0.7834394904458599,0,0,None,66,1,5,False,1000,1000
16104,159,betCent,10,0.7846337579617835,0,0,None,66,1,5,False,1000,1000
16105,155,betCent,10,0.7767714968152867,0,5,None,66,1,5,False,1000,1000
16106,156,betCent,10,0.778562898089172,0,5,None,66,1,5,False,1000,1000
16107,157,betCent,10,0.7792595541401274,0,5,None,66,1,5,False,1000,1000
16108,158,betCent,10,0.7816480891719745,0,5,None,66,1,5,False,1000,1000
16109,159,betCent,10,0.7824442675159236,0,5,None,66,1,5,False,1000,1000
16110,155,betCent,10,0.791202229299363,0,6,None,66,1,5,False,1000,1000
16111,156,betCent,10,0.7921974522292994,0,6,None,66,1,5,False,1000,1000
16112,157,betCent,10,0.7925955414012739,0,6,None,66,1,5,False,1000,1000
16113,158,betCent,10,0.7931926751592356,0,6,None,66,1,5,False,1000,1000
16114,159,betCent,10,0.7940883757961783,0,6,None,66,1,5,False,1000,1000
16115,155,betCent,10,0.7237261146496815,0,7,None,66,1,5,False,1000,1000
16116,156,betCent,10,0.7286027070063694,0,7,None,66,1,5,False,1000,1000
16117,157,betCent,10,0.7317874203821656,0,7,None,66,1,5,False,1000,1000
16118,158,betCent,10,0.7336783439490446,0,7,None,66,1,5,False,1000,1000
16119,159,betCent,10,0.7372611464968153,0,7,None,66,1,5,False,1000,1000
16120,155,betCent,10,0.7967754777070064,0,12,None,66,1,5,False,1000,1000
16121,156,betCent,10,0.79796974522293,0,12,None,66,1,5,False,1000,1000
16122,157,betCent,10,0.7986664012738853,0,12,None,66,1,5,False,1000,1000
16123,158,betCent,10,0.7982683121019108,0,12,None,66,1,5,False,1000,1000
16124,159,betCent,10,0.7991640127388535,0,12,None,66,1,5,False,1000,1000
16125,155,betCent,10,0.7740843949044586,0,26,None,66,1,5,False,1000,1000
16126,156,betCent,10,0.7745820063694268,0,26,None,66,1,5,False,1000,1000
16127,157,betCent,10,0.7750796178343949,0,26,None,66,1,5,False,1000,1000
16128,158,betCent,10,0.7764729299363057,0,26,None,66,1,5,False,1000,1000
16129,159,betCent,10,0.7775676751592356,0,26,None,66,1,5,False,1000,1000
16130,155,betCent,10,0.7864251592356688,0,30,None,66,1,5,False,1000,1000
16131,156,betCent,10,0.7894108280254777,0,30,None,66,1,5,False,1000,1000
16132,157,betCent,10,0.7914012738853503,0,30,None,66,1,5,False,1000,1000
16133,158,betCent,10,0.792296974522293,0,30,None,66,1,5,False,1000,1000
16134,159,betCent,10,0.7938893312101911,0,30,None,66,1,5,False,1000,1000
16135,155,betCent,10,0.7825437898089171,0,14,None,66,1,5,False,1000,1000
16136,156,betCent,10,0.7848328025477707,0,14,None,66,1,5,False,1000,1000
16137,157,betCent,10,0.7866242038216561,0,14,None,66,1,5,False,1000,1000
16138,158,betCent,10,0.788515127388535,0,14,None,66,1,5,False,1000,1000
16139,159,betCent,10,0.7894108280254777,0,14,None,66,1,5,False,1000,1000
16140,155,betCent,10,0.7759753184713376,0,4,None,66,1,5,False,1000,1000
16141,156,betCent,10,0.7772691082802548,0,4,None,66,1,5,False,1000,1000
16142,157,betCent,10,0.78015525477707,0,4,None,66,1,5,False,1000,1000
16143,158,betCent,10,0.7826433121019108,0,4,None,66,1,5,False,1000,1000
16144,159,betCent,10,0.7827428343949044,0,4,None,66,1,5,False,1000,1000
16145,155,betCent,10,0.7780652866242038,0,22,None,66,1,5,False,1000,1000
16146,156,betCent,10,0.7802547770700637,0,22,None,66,1,5,False,1000,1000
16147,157,betCent,10,0.78234474522293,0,22,None,66,1,5,False,1000,1000
16148,158,betCent,10,0.7845342356687898,0,22,None,66,1,5,False,1000,1000
16149,159,betCent,10,0.7856289808917197,0,22,None,66,1,5,False,1000,1000
16150,155,betCent,10,0.7954816878980892,0,17,None,66,1,5,False,1000,1000
16151,156,betCent,10,0.7960788216560509,0,17,None,66,1,5,False,1000,1000
16152,157,betCent,10,0.7970740445859873,0,17,None,66,1,5,False,1000,1000
16153,158,betCent,10,0.7970740445859873,0,17,None,66,1,5,False,1000,1000
16154,159,betCent,10,0.7967754777070064,0,17,None,66,1,5,False,1000,1000
16155,155,betCent,10,0.7886146496815286,0,21,None,66,1,5,False,1000,1000
16156,156,betCent,10,0.7898089171974523,0,21,None,66,1,5,False,1000,1000
16157,157,betCent,10,0.7910031847133758,0,21,None,66,1,5,False,1000,1000
16158,158,betCent,10,0.7915007961783439,0,21,None,66,1,5,False,1000,1000
16159,159,betCent,10,0.7916998407643312,0,21,None,66,1,5,False,1000,1000
16160,155,betCent,10,0.8005573248407644,0,24,None,66,1,5,False,1000,1000
16161,156,betCent,10,0.8008558917197452,0,24,None,66,1,5,False,1000,1000
16162,157,betCent,10,0.8009554140127388,0,24,None,66,1,5,False,1000,1000
16163,158,betCent,10,0.8021496815286624,0,24,None,66,1,5,False,1000,1000
16164,159,betCent,10,0.8026472929936306,0,24,None,66,1,5,False,1000,1000
16165,155,betCent,10,0.7861265923566879,0,27,None,66,1,5,False,1000,1000
16166,156,betCent,10,0.7867237261146497,0,27,None,66,1,5,False,1000,1000
16167,157,betCent,10,0.7876194267515924,0,27,None,66,1,5,False,1000,1000
16168,158,betCent,10,0.7878184713375797,0,27,None,66,1,5,False,1000,1000
16169,159,betCent,10,0.7880175159235668,0,27,None,66,1,5,False,1000,1000
16170,160,betCent,10,0.7804538216560509,0,22,None,66,1,5,False,1000,1000
16171,161,betCent,10,0.7829418789808917,0,22,None,66,1,5,False,1000,1000
16172,162,betCent,10,0.7847332802547771,0,22,None,66,1,5,False,1000,1000
16173,163,betCent,10,0.7868232484076433,0,22,None,66,1,5,False,1000,1000
16174,164,betCent,10,0.788515127388535,0,22,None,66,1,5,False,1000,1000
16175,160,betCent,10,0.7765724522292994,0,25,None,66,1,5,False,1000,1000
16176,161,betCent,10,0.7783638535031847,0,25,None,66,1,5,False,1000,1000
16177,162,betCent,10,0.78125,0,25,None,66,1,5,False,1000,1000
16178,163,betCent,10,0.783140923566879,0,25,None,66,1,5,False,1000,1000
16179,164,betCent,10,0.7847332802547771,0,25,None,66,1,5,False,1000,1000
16180,160,betCent,10,0.7864251592356688,0,14,None,66,1,5,False,1000,1000
16181,161,betCent,10,0.7878184713375797,0,14,None,66,1,5,False,1000,1000
16182,162,betCent,10,0.7887141719745223,0,14,None,66,1,5,False,1000,1000
16183,163,betCent,10,0.7900079617834395,0,14,None,66,1,5,False,1000,1000
16184,164,betCent,10,0.7915007961783439,0,14,None,66,1,5,False,1000,1000
16185,160,betCent,10,0.7780652866242038,0,26,None,66,1,5,False,1000,1000
16186,161,betCent,10,0.7777667197452229,0,26,None,66,1,5,False,1000,1000
16187,162,betCent,10,0.778562898089172,0,26,None,66,1,5,False,1000,1000
16188,163,betCent,10,0.7798566878980892,0,26,None,66,1,5,False,1000,1000
16189,164,betCent,10,0.7808519108280255,0,26,None,66,1,5,False,1000,1000
16190,160,betCent,10,0.78125,0,32,None,66,1,5,False,1000,1000
16191,161,betCent,10,0.7833399681528662,0,32,None,66,1,5,False,1000,1000
16192,162,betCent,10,0.7854299363057324,0,32,None,66,1,5,False,1000,1000
16193,163,betCent,10,0.7859275477707006,0,32,None,66,1,5,False,1000,1000
16194,164,betCent,10,0.7873208598726115,0,32,None,66,1,5,False,1000,1000
16195,160,betCent,10,0.7925955414012739,0,15,None,66,1,5,False,1000,1000
16196,161,betCent,10,0.7917993630573248,0,15,None,66,1,5,False,1000,1000
16197,162,betCent,10,0.7923964968152867,0,15,None,66,1,5,False,1000,1000
16198,163,betCent,10,0.7916003184713376,0,15,None,66,1,5,False,1000,1000
16199,164,betCent,10,0.7916003184713376,0,15,None,66,1,5,False,1000,1000
16200,160,betCent,10,0.7972730891719745,0,10,None,66,1,5,False,1000,1000
16201,161,betCent,10,0.7984673566878981,0,10,None,66,1,5,False,1000,1000
16202,162,betCent,10,0.7990644904458599,0,10,None,66,1,5,False,1000,1000
16203,163,betCent,10,0.800656847133758,0,10,None,66,1,5,False,1000,1000
16204,164,betCent,10,0.801453025477707,0,10,None,66,1,5,False,1000,1000
16205,160,betCent,10,0.6951632165605095,0,11,None,66,1,5,False,1000,1000
16206,161,betCent,10,0.7021297770700637,0,11,None,66,1,5,False,1000,1000
16207,162,betCent,10,0.7052149681528662,0,11,None,66,1,5,False,1000,1000
16208,163,betCent,10,0.7096934713375797,0,11,None,66,1,5,False,1000,1000
16209,164,betCent,10,0.7116839171974523,0,11,None,66,1,5,False,1000,1000
16210,160,betCent,10,0.7976711783439491,0,17,None,66,1,5,False,1000,1000
16211,161,betCent,10,0.7982683121019108,0,17,None,66,1,5,False,1000,1000
16212,162,betCent,10,0.7986664012738853,0,17,None,66,1,5,False,1000,1000
16213,163,betCent,10,0.7982683121019108,0,17,None,66,1,5,False,1000,1000
16214,164,betCent,10,0.79796974522293,0,17,None,66,1,5,False,1000,1000
16215,160,betCent,10,0.775577229299363,0,16,None,66,1,5,False,1000,1000
16216,161,betCent,10,0.776671974522293,0,16,None,66,1,5,False,1000,1000
16217,162,betCent,10,0.7784633757961783,0,16,None,66,1,5,False,1000,1000
16218,163,betCent,10,0.7787619426751592,0,16,None,66,1,5,False,1000,1000
16219,164,betCent,10,0.7803542993630573,0,16,None,66,1,5,False,1000,1000
16220,160,betCent,10,0.7250199044585988,0,7,None,66,1,5,False,1000,1000
16221,161,betCent,10,0.7296974522292994,0,7,None,66,1,5,False,1000,1000
16222,162,betCent,10,0.7334792993630573,0,7,None,66,1,5,False,1000,1000
16223,163,betCent,10,0.7353702229299363,0,7,None,66,1,5,False,1000,1000
16224,164,betCent,10,0.738156847133758,0,7,None,66,1,5,False,1000,1000
16225,160,betCent,10,0.7929936305732485,0,6,None,66,1,5,False,1000,1000
16226,161,betCent,10,0.7935907643312102,0,6,None,66,1,5,False,1000,1000
16227,162,betCent,10,0.794984076433121,0,6,None,66,1,5,False,1000,1000
16228,163,betCent,10,0.7945859872611465,0,6,None,66,1,5,False,1000,1000
16229,164,betCent,10,0.7946855095541401,0,6,None,66,1,5,False,1000,1000
16230,160,betCent,10,0.7464171974522293,0,1,None,66,1,5,False,1000,1000
16231,161,betCent,10,0.7491042993630573,0,1,None,66,1,5,False,1000,1000
16232,162,betCent,10,0.7513933121019108,0,1,None,66,1,5,False,1000,1000
16233,163,betCent,10,0.7528861464968153,0,1,None,66,1,5,False,1000,1000
16234,164,betCent,10,0.7533837579617835,0,1,None,66,1,5,False,1000,1000
16235,160,betCent,10,0.7671178343949044,0,2,None,66,1,5,False,1000,1000
16236,161,betCent,10,0.768312101910828,0,2,None,66,1,5,False,1000,1000
16237,162,betCent,10,0.7679140127388535,0,2,None,66,1,5,False,1000,1000
16238,163,betCent,10,0.7686106687898089,0,2,None,66,1,5,False,1000,1000
16239,164,betCent,10,0.7696058917197452,0,2,None,66,1,5,False,1000,1000
16240,160,betCent,10,0.7787619426751592,0,5,None,66,1,5,False,1000,1000
16241,161,betCent,10,0.7809514331210191,0,5,None,66,1,5,False,1000,1000
16242,162,betCent,10,0.7822452229299363,0,5,None,66,1,5,False,1000,1000
16243,163,betCent,10,0.7832404458598726,0,5,None,66,1,5,False,1000,1000
16244,164,betCent,10,0.7844347133757962,0,5,None,66,1,5,False,1000,1000
16245,160,betCent,10,0.6651074840764332,0,28,None,66,1,5,False,1000,1000
16246,161,betCent,10,0.6979498407643312,0,28,None,66,1,5,False,1000,1000
16247,162,betCent,10,0.7105891719745223,0,28,None,66,1,5,False,1000,1000
16248,163,betCent,10,0.7161624203821656,0,28,None,66,1,5,False,1000,1000
16249,164,betCent,10,0.71875,0,28,None,66,1,5,False,1000,1000
16250,160,betCent,10,0.7984673566878981,0,9,None,66,1,5,False,1000,1000
16251,161,betCent,10,0.7983678343949044,0,9,None,66,1,5,False,1000,1000
16252,162,betCent,10,0.7993630573248408,0,9,None,66,1,5,False,1000,1000
16253,163,betCent,10,0.7994625796178344,0,9,None,66,1,5,False,1000,1000
16254,164,betCent,10,0.8001592356687898,0,9,None,66,1,5,False,1000,1000
16255,160,betCent,10,0.7969745222929936,0,29,None,66,1,5,False,1000,1000
16256,161,betCent,10,0.7975716560509554,0,29,None,66,1,5,False,1000,1000
16257,162,betCent,10,0.7974721337579618,0,29,None,66,1,5,False,1000,1000
16258,163,betCent,10,0.79796974522293,0,29,None,66,1,5,False,1000,1000
16259,164,betCent,10,0.7991640127388535,0,29,None,66,1,5,False,1000,1000
16260,160,betCent,10,0.8042396496815286,0,13,None,66,1,5,False,1000,1000
16261,161,betCent,10,0.8043391719745223,0,13,None,66,1,5,False,1000,1000
16262,162,betCent,10,0.8042396496815286,0,13,None,66,1,5,False,1000,1000
16263,163,betCent,10,0.803343949044586,0,13,None,66,1,5,False,1000,1000
16264,164,betCent,10,0.8038415605095541,0,13,None,66,1,5,False,1000,1000
16265,160,betCent,10,0.7977707006369427,0,12,None,66,1,5,False,1000,1000
16266,161,betCent,10,0.7986664012738853,0,12,None,66,1,5,False,1000,1000
16267,162,betCent,10,0.8001592356687898,0,12,None,66,1,5,False,1000,1000
16268,163,betCent,10,0.8005573248407644,0,12,None,66,1,5,False,1000,1000
16269,164,betCent,10,0.8015525477707006,0,12,None,66,1,5,False,1000,1000
16270,160,betCent,10,0.7873208598726115,0,20,None,66,1,5,False,1000,1000
16271,161,betCent,10,0.7925955414012739,0,20,None,66,1,5,False,1000,1000
16272,162,betCent,10,0.7942874203821656,0,20,None,66,1,5,False,1000,1000
16273,163,betCent,10,0.79796974522293,0,20,None,66,1,5,False,1000,1000
16274,164,betCent,10,0.8005573248407644,0,20,None,66,1,5,False,1000,1000
16275,160,betCent,10,0.7902070063694268,0,3,None,66,1,5,False,1000,1000
16276,161,betCent,10,0.7913017515923567,0,3,None,66,1,5,False,1000,1000
16277,162,betCent,10,0.7916003184713376,0,3,None,66,1,5,False,1000,1000
16278,163,betCent,10,0.7918988853503185,0,3,None,66,1,5,False,1000,1000
16279,164,betCent,10,0.7920979299363057,0,3,None,66,1,5,False,1000,1000
16280,160,betCent,10,0.7371616242038217,0,23,None,66,1,5,False,1000,1000
16281,161,betCent,10,0.7412420382165605,0,23,None,66,1,5,False,1000,1000
16282,162,betCent,10,0.7436305732484076,0,23,None,66,1,5,False,1000,1000
16283,163,betCent,10,0.7456210191082803,0,23,None,66,1,5,False,1000,1000
16284,164,betCent,10,0.7470143312101911,0,23,None,66,1,5,False,1000,1000
16285,160,betCent,10,0.7809514331210191,0,4,None,66,1,5,False,1000,1000
16286,161,betCent,10,0.7824442675159236,0,4,None,66,1,5,False,1000,1000
16287,162,betCent,10,0.7843351910828026,0,4,None,66,1,5,False,1000,1000
16288,163,betCent,10,0.785828025477707,0,4,None,66,1,5,False,1000,1000
16289,164,betCent,10,0.787718949044586,0,4,None,66,1,5,False,1000,1000
16290,160,betCent,10,0.7783638535031847,0,8,None,66,1,5,False,1000,1000
16291,161,betCent,10,0.7807523885350318,0,8,None,66,1,5,False,1000,1000
16292,162,betCent,10,0.7825437898089171,0,8,None,66,1,5,False,1000,1000
16293,163,betCent,10,0.7854299363057324,0,8,None,66,1,5,False,1000,1000
16294,164,betCent,10,0.7866242038216561,0,8,None,66,1,5,False,1000,1000
16295,160,betCent,10,0.778562898089172,0,18,None,66,1,5,False,1000,1000
16296,161,betCent,10,0.7803542993630573,0,18,None,66,1,5,False,1000,1000
16297,162,betCent,10,0.7817476114649682,0,18,None,66,1,5,False,1000,1000
16298,163,betCent,10,0.78125,0,18,None,66,1,5,False,1000,1000
16299,164,betCent,10,0.7819466560509554,0,18,None,66,1,5,False,1000,1000
16300,160,betCent,10,0.794187898089172,0,19,None,66,1,5,False,1000,1000
16301,161,betCent,10,0.7946855095541401,0,19,None,66,1,5,False,1000,1000
16302,162,betCent,10,0.7950835987261147,0,19,None,66,1,5,False,1000,1000
16303,163,betCent,10,0.7962778662420382,0,19,None,66,1,5,False,1000,1000
16304,164,betCent,10,0.7974721337579618,0,19,None,66,1,5,False,1000,1000
16305,160,betCent,10,0.7926950636942676,0,21,None,66,1,5,False,1000,1000
16306,161,betCent,10,0.7935907643312102,0,21,None,66,1,5,False,1000,1000
16307,162,betCent,10,0.7947850318471338,0,21,None,66,1,5,False,1000,1000
16308,163,betCent,10,0.794984076433121,0,21,None,66,1,5,False,1000,1000
16309,164,betCent,10,0.7952826433121019,0,21,None,66,1,5,False,1000,1000
16310,160,betCent,10,0.7870222929936306,0,0,None,66,1,5,False,1000,1000
16311,161,betCent,10,0.786922770700637,0,0,None,66,1,5,False,1000,1000
16312,162,betCent,10,0.786922770700637,0,0,None,66,1,5,False,1000,1000
16313,163,betCent,10,0.7870222929936306,0,0,None,66,1,5,False,1000,1000
16314,164,betCent,10,0.7879179936305732,0,0,None,66,1,5,False,1000,1000
16315,160,betCent,10,0.8017515923566879,0,24,None,66,1,5,False,1000,1000
16316,161,betCent,10,0.8029458598726115,0,24,None,66,1,5,False,1000,1000
16317,162,betCent,10,0.8036425159235668,0,24,None,66,1,5,False,1000,1000
16318,163,betCent,10,0.8037420382165605,0,24,None,66,1,5,False,1000,1000
16319,164,betCent,10,0.8038415605095541,0,24,None,66,1,5,False,1000,1000
16320,160,betCent,10,0.7882165605095541,0,27,None,66,1,5,False,1000,1000
16321,161,betCent,10,0.7893113057324841,0,27,None,66,1,5,False,1000,1000
16322,162,betCent,10,0.7900079617834395,0,27,None,66,1,5,False,1000,1000
16323,163,betCent,10,0.7908041401273885,0,27,None,66,1,5,False,1000,1000
16324,164,betCent,10,0.7909036624203821,0,27,None,66,1,5,False,1000,1000
16325,160,betCent,10,0.790406050955414,0,30,None,66,1,5,False,1000,1000
16326,161,betCent,10,0.7931926751592356,0,30,None,66,1,5,False,1000,1000
16327,162,betCent,10,0.7954816878980892,0,30,None,66,1,5,False,1000,1000
16328,163,betCent,10,0.7964769108280255,0,30,None,66,1,5,False,1000,1000
16329,164,betCent,10,0.796875,0,30,None,66,1,5,False,1000,1000
16330,160,betCent,10,0.7878184713375797,0,31,None,66,1,5,False,1000,1000
16331,161,betCent,10,0.787718949044586,0,31,None,66,1,5,False,1000,1000
16332,162,betCent,10,0.788515127388535,0,31,None,66,1,5,False,1000,1000
16333,163,betCent,10,0.7893113057324841,0,31,None,66,1,5,False,1000,1000
16334,164,betCent,10,0.7911027070063694,0,31,None,66,1,5,False,1000,1000
16335,165,betCent,10,0.7929936305732485,0,15,None,66,1,5,False,1000,1000
16336,166,betCent,10,0.793093152866242,0,15,None,66,1,5,False,1000,1000
16337,167,betCent,10,0.7935907643312102,0,15,None,66,1,5,False,1000,1000
16338,168,betCent,10,0.7932921974522293,0,15,None,66,1,5,False,1000,1000
16339,169,betCent,10,0.7928941082802548,0,15,None,66,1,5,False,1000,1000
16340,165,betCent,10,0.7981687898089171,0,10,None,66,1,5,False,1000,1000
16341,166,betCent,10,0.7994625796178344,0,10,None,66,1,5,False,1000,1000
16342,167,betCent,10,0.8004578025477707,0,10,None,66,1,5,False,1000,1000
16343,168,betCent,10,0.8012539808917197,0,10,None,66,1,5,False,1000,1000
16344,169,betCent,10,0.8017515923566879,0,10,None,66,1,5,False,1000,1000
16345,165,betCent,10,0.7834394904458599,0,32,None,66,1,5,False,1000,1000
16346,166,betCent,10,0.7853304140127388,0,32,None,66,1,5,False,1000,1000
16347,167,betCent,10,0.7870222929936306,0,32,None,66,1,5,False,1000,1000
16348,168,betCent,10,0.7884156050955414,0,32,None,66,1,5,False,1000,1000
16349,169,betCent,10,0.7891122611464968,0,32,None,66,1,5,False,1000,1000
16350,165,betCent,10,0.7775676751592356,0,16,None,66,1,5,False,1000,1000
16351,166,betCent,10,0.7796576433121019,0,16,None,66,1,5,False,1000,1000
16352,167,betCent,10,0.7808519108280255,0,16,None,66,1,5,False,1000,1000
16353,168,betCent,10,0.7827428343949044,0,16,None,66,1,5,False,1000,1000
16354,169,betCent,10,0.783937101910828,0,16,None,66,1,5,False,1000,1000
16355,165,betCent,10,0.7789609872611465,0,25,None,66,1,5,False,1000,1000
16356,166,betCent,10,0.7813495222929936,0,25,None,66,1,5,False,1000,1000
16357,167,betCent,10,0.7834394904458599,0,25,None,66,1,5,False,1000,1000
16358,168,betCent,10,0.785031847133758,0,25,None,66,1,5,False,1000,1000
16359,169,betCent,10,0.7856289808917197,0,25,None,66,1,5,False,1000,1000
16360,165,betCent,10,0.6954617834394905,0,11,None,66,1,5,False,1000,1000
16361,166,betCent,10,0.7019307324840764,0,11,None,66,1,5,False,1000,1000
16362,167,betCent,10,0.7057125796178344,0,11,None,66,1,5,False,1000,1000
16363,168,betCent,10,0.7109872611464968,0,11,None,66,1,5,False,1000,1000
16364,169,betCent,10,0.7124800955414012,0,11,None,66,1,5,False,1000,1000
16365,165,betCent,10,0.7984673566878981,0,17,None,66,1,5,False,1000,1000
16366,166,betCent,10,0.7983678343949044,0,17,None,66,1,5,False,1000,1000
16367,167,betCent,10,0.7991640127388535,0,17,None,66,1,5,False,1000,1000
16368,168,betCent,10,0.7992635350318471,0,17,None,66,1,5,False,1000,1000
16369,169,betCent,10,0.7994625796178344,0,17,None,66,1,5,False,1000,1000
16370,165,betCent,10,0.7455214968152867,0,1,None,66,1,5,False,1000,1000
16371,166,betCent,10,0.7492038216560509,0,1,None,66,1,5,False,1000,1000
16372,167,betCent,10,0.7503980891719745,0,1,None,66,1,5,False,1000,1000
16373,168,betCent,10,0.7532842356687898,0,1,None,66,1,5,False,1000,1000
16374,169,betCent,10,0.7548765923566879,0,1,None,66,1,5,False,1000,1000
16375,165,betCent,10,0.7700039808917197,0,2,None,66,1,5,False,1000,1000
16376,166,betCent,10,0.7703025477707006,0,2,None,66,1,5,False,1000,1000
16377,167,betCent,10,0.7703025477707006,0,2,None,66,1,5,False,1000,1000
16378,168,betCent,10,0.7714968152866242,0,2,None,66,1,5,False,1000,1000
16379,169,betCent,10,0.7726910828025477,0,2,None,66,1,5,False,1000,1000
16380,165,betCent,10,0.8061305732484076,0,13,None,66,1,5,False,1000,1000
16381,166,betCent,10,0.8055334394904459,0,13,None,66,1,5,False,1000,1000
16382,167,betCent,10,0.8058320063694268,0,13,None,66,1,5,False,1000,1000
16383,168,betCent,10,0.8059315286624203,0,13,None,66,1,5,False,1000,1000
16384,169,betCent,10,0.8061305732484076,0,13,None,66,1,5,False,1000,1000
16385,165,betCent,10,0.7923964968152867,0,21,None,66,1,5,False,1000,1000
16386,166,betCent,10,0.7927945859872612,0,21,None,66,1,5,False,1000,1000
16387,167,betCent,10,0.7942874203821656,0,21,None,66,1,5,False,1000,1000
16388,168,betCent,10,0.7950835987261147,0,21,None,66,1,5,False,1000,1000
16389,169,betCent,10,0.7958797770700637,0,21,None,66,1,5,False,1000,1000
16390,165,betCent,10,0.8002587579617835,0,9,None,66,1,5,False,1000,1000
16391,166,betCent,10,0.8001592356687898,0,9,None,66,1,5,False,1000,1000
16392,167,betCent,10,0.8009554140127388,0,9,None,66,1,5,False,1000,1000
16393,168,betCent,10,0.8012539808917197,0,9,None,66,1,5,False,1000,1000
16394,169,betCent,10,0.8016520700636943,0,9,None,66,1,5,False,1000,1000
16395,165,betCent,10,0.7396496815286624,0,23,None,66,1,5,False,1000,1000
16396,166,betCent,10,0.7431329617834395,0,23,None,66,1,5,False,1000,1000
16397,167,betCent,10,0.7461186305732485,0,23,None,66,1,5,False,1000,1000
16398,168,betCent,10,0.7478105095541401,0,23,None,66,1,5,False,1000,1000
16399,169,betCent,10,0.7492038216560509,0,23,None,66,1,5,False,1000,1000
16400,165,betCent,10,0.7983678343949044,0,29,None,66,1,5,False,1000,1000
16401,166,betCent,10,0.7983678343949044,0,29,None,66,1,5,False,1000,1000
16402,167,betCent,10,0.799562101910828,0,29,None,66,1,5,False,1000,1000
16403,168,betCent,10,0.800656847133758,0,29,None,66,1,5,False,1000,1000
16404,169,betCent,10,0.8008558917197452,0,29,None,66,1,5,False,1000,1000
16405,165,betCent,10,0.7804538216560509,0,5,None,66,1,5,False,1000,1000
16406,166,betCent,10,0.7819466560509554,0,5,None,66,1,5,False,1000,1000
16407,167,betCent,10,0.7816480891719745,0,5,None,66,1,5,False,1000,1000
16408,168,betCent,10,0.7836385350318471,0,5,None,66,1,5,False,1000,1000
16409,169,betCent,10,0.7845342356687898,0,5,None,66,1,5,False,1000,1000
16410,165,betCent,10,0.7947850318471338,0,6,None,66,1,5,False,1000,1000
16411,166,betCent,10,0.7954816878980892,0,6,None,66,1,5,False,1000,1000
16412,167,betCent,10,0.7959792993630573,0,6,None,66,1,5,False,1000,1000
16413,168,betCent,10,0.7964769108280255,0,6,None,66,1,5,False,1000,1000
16414,169,betCent,10,0.7971735668789809,0,6,None,66,1,5,False,1000,1000
16415,165,betCent,10,0.7255175159235668,0,7,None,66,1,5,False,1000,1000
16416,166,betCent,10,0.7314888535031847,0,7,None,66,1,5,False,1000,1000
16417,167,betCent,10,0.7350716560509554,0,7,None,66,1,5,False,1000,1000
16418,168,betCent,10,0.7383558917197452,0,7,None,66,1,5,False,1000,1000
16419,169,betCent,10,0.7409434713375797,0,7,None,66,1,5,False,1000,1000
16420,165,betCent,10,0.8001592356687898,0,12,None,66,1,5,False,1000,1000
16421,166,betCent,10,0.8009554140127388,0,12,None,66,1,5,False,1000,1000
16422,167,betCent,10,0.8011544585987261,0,12,None,66,1,5,False,1000,1000
16423,168,betCent,10,0.8018511146496815,0,12,None,66,1,5,False,1000,1000
16424,169,betCent,10,0.8017515923566879,0,12,None,66,1,5,False,1000,1000
16425,165,betCent,10,0.7803542993630573,0,26,None,66,1,5,False,1000,1000
16426,166,betCent,10,0.7808519108280255,0,26,None,66,1,5,False,1000,1000
16427,167,betCent,10,0.7804538216560509,0,26,None,66,1,5,False,1000,1000
16428,168,betCent,10,0.7821457006369427,0,26,None,66,1,5,False,1000,1000
16429,169,betCent,10,0.7825437898089171,0,26,None,66,1,5,False,1000,1000
16430,165,betCent,10,0.7807523885350318,0,18,None,66,1,5,False,1000,1000
16431,166,betCent,10,0.7824442675159236,0,18,None,66,1,5,False,1000,1000
16432,167,betCent,10,0.7834394904458599,0,18,None,66,1,5,False,1000,1000
16433,168,betCent,10,0.7841361464968153,0,18,None,66,1,5,False,1000,1000
16434,169,betCent,10,0.7849323248407644,0,18,None,66,1,5,False,1000,1000
16435,165,betCent,10,0.7806528662420382,0,8,None,66,1,5,False,1000,1000
16436,166,betCent,10,0.7822452229299363,0,8,None,66,1,5,False,1000,1000
16437,167,betCent,10,0.7846337579617835,0,8,None,66,1,5,False,1000,1000
16438,168,betCent,10,0.7871218152866242,0,8,None,66,1,5,False,1000,1000
16439,169,betCent,10,0.7890127388535032,0,8,None,66,1,5,False,1000,1000
16440,165,betCent,10,0.7915007961783439,0,20,None,66,1,5,False,1000,1000
16441,166,betCent,10,0.7964769108280255,0,20,None,66,1,5,False,1000,1000
16442,167,betCent,10,0.7993630573248408,0,20,None,66,1,5,False,1000,1000
16443,168,betCent,10,0.801453025477707,0,20,None,66,1,5,False,1000,1000
16444,169,betCent,10,0.803343949044586,0,20,None,66,1,5,False,1000,1000
16445,165,betCent,10,0.796875,0,19,None,66,1,5,False,1000,1000
16446,166,betCent,10,0.7971735668789809,0,19,None,66,1,5,False,1000,1000
16447,167,betCent,10,0.7973726114649682,0,19,None,66,1,5,False,1000,1000
16448,168,betCent,10,0.7983678343949044,0,19,None,66,1,5,False,1000,1000
16449,169,betCent,10,0.7985668789808917,0,19,None,66,1,5,False,1000,1000
16450,165,betCent,10,0.7878184713375797,0,14,None,66,1,5,False,1000,1000
16451,166,betCent,10,0.7902070063694268,0,14,None,66,1,5,False,1000,1000
16452,167,betCent,10,0.7907046178343949,0,14,None,66,1,5,False,1000,1000
16453,168,betCent,10,0.7920979299363057,0,14,None,66,1,5,False,1000,1000
16454,169,betCent,10,0.7928941082802548,0,14,None,66,1,5,False,1000,1000
16455,165,betCent,10,0.78125,0,22,None,66,1,5,False,1000,1000
16456,166,betCent,10,0.7834394904458599,0,22,None,66,1,5,False,1000,1000
16457,167,betCent,10,0.785828025477707,0,22,None,66,1,5,False,1000,1000
16458,168,betCent,10,0.788515127388535,0,22,None,66,1,5,False,1000,1000
16459,169,betCent,10,0.7905055732484076,0,22,None,66,1,5,False,1000,1000
16460,165,betCent,10,0.7817476114649682,0,4,None,66,1,5,False,1000,1000
16461,166,betCent,10,0.7832404458598726,0,4,None,66,1,5,False,1000,1000
16462,167,betCent,10,0.7861265923566879,0,4,None,66,1,5,False,1000,1000
16463,168,betCent,10,0.7883160828025477,0,4,None,66,1,5,False,1000,1000
16464,169,betCent,10,0.7910031847133758,0,4,None,66,1,5,False,1000,1000
16465,165,betCent,10,0.8045382165605095,0,24,None,66,1,5,False,1000,1000
16466,166,betCent,10,0.8044386942675159,0,24,None,66,1,5,False,1000,1000
16467,167,betCent,10,0.8047372611464968,0,24,None,66,1,5,False,1000,1000
16468,168,betCent,10,0.8050358280254777,0,24,None,66,1,5,False,1000,1000
16469,169,betCent,10,0.8046377388535032,0,24,None,66,1,5,False,1000,1000
16470,165,betCent,10,0.7940883757961783,0,30,None,66,1,5,False,1000,1000
16471,166,betCent,10,0.7965764331210191,0,30,None,66,1,5,False,1000,1000
16472,167,betCent,10,0.79796974522293,0,30,None,66,1,5,False,1000,1000
16473,168,betCent,10,0.7989649681528662,0,30,None,66,1,5,False,1000,1000
16474,169,betCent,10,0.7984673566878981,0,30,None,66,1,5,False,1000,1000
16475,165,betCent,10,0.7909036624203821,0,27,None,66,1,5,False,1000,1000
16476,166,betCent,10,0.7914012738853503,0,27,None,66,1,5,False,1000,1000
16477,167,betCent,10,0.7915007961783439,0,27,None,66,1,5,False,1000,1000
16478,168,betCent,10,0.7925955414012739,0,27,None,66,1,5,False,1000,1000
16479,169,betCent,10,0.7928941082802548,0,27,None,66,1,5,False,1000,1000
16480,165,betCent,10,0.7884156050955414,0,31,None,66,1,5,False,1000,1000
16481,166,betCent,10,0.7892117834394905,0,31,None,66,1,5,False,1000,1000
16482,167,betCent,10,0.789609872611465,0,31,None,66,1,5,False,1000,1000
16483,168,betCent,10,0.7908041401273885,0,31,None,66,1,5,False,1000,1000
16484,169,betCent,10,0.7921974522292994,0,31,None,66,1,5,False,1000,1000
16485,165,betCent,10,0.7931926751592356,0,3,None,66,1,5,False,1000,1000
16486,166,betCent,10,0.7939888535031847,0,3,None,66,1,5,False,1000,1000
16487,167,betCent,10,0.794187898089172,0,3,None,66,1,5,False,1000,1000
16488,168,betCent,10,0.7943869426751592,0,3,None,66,1,5,False,1000,1000
16489,169,betCent,10,0.7947850318471338,0,3,None,66,1,5,False,1000,1000
16490,165,betCent,10,0.6701831210191083,0,28,None,66,1,5,False,1000,1000
16491,166,betCent,10,0.7033240445859873,0,28,None,66,1,5,False,1000,1000
16492,167,betCent,10,0.7144705414012739,0,28,None,66,1,5,False,1000,1000
16493,168,betCent,10,0.7194466560509554,0,28,None,66,1,5,False,1000,1000
16494,169,betCent,10,0.7211385350318471,0,28,None,66,1,5,False,1000,1000
16495,165,betCent,10,0.7891122611464968,0,0,None,66,1,5,False,1000,1000
16496,166,betCent,10,0.788515127388535,0,0,None,66,1,5,False,1000,1000
16497,167,betCent,10,0.7893113057324841,0,0,None,66,1,5,False,1000,1000
16498,168,betCent,10,0.7899084394904459,0,0,None,66,1,5,False,1000,1000
16499,169,betCent,10,0.7906050955414012,0,0,None,66,1,5,False,1000,1000
16500,170,betCent,10,0.7818471337579618,0,26,None,66,1,5,False,1000,1000
16501,171,betCent,10,0.7819466560509554,0,26,None,66,1,5,False,1000,1000
16502,172,betCent,10,0.7824442675159236,0,26,None,66,1,5,False,1000,1000
16503,173,betCent,10,0.7836385350318471,0,26,None,66,1,5,False,1000,1000
16504,174,betCent,10,0.7846337579617835,0,26,None,66,1,5,False,1000,1000
16505,170,betCent,10,0.7815485668789809,0,25,None,66,1,5,False,1000,1000
16506,171,betCent,10,0.7830414012738853,0,25,None,66,1,5,False,1000,1000
16507,172,betCent,10,0.7846337579617835,0,25,None,66,1,5,False,1000,1000
16508,173,betCent,10,0.7854299363057324,0,25,None,66,1,5,False,1000,1000
16509,174,betCent,10,0.7866242038216561,0,25,None,66,1,5,False,1000,1000
16510,170,betCent,10,0.746218152866242,0,1,None,66,1,5,False,1000,1000
16511,171,betCent,10,0.7490047770700637,0,1,None,66,1,5,False,1000,1000
16512,172,betCent,10,0.7524880573248408,0,1,None,66,1,5,False,1000,1000
16513,173,betCent,10,0.7538813694267515,0,1,None,66,1,5,False,1000,1000
16514,174,betCent,10,0.7553742038216561,0,1,None,66,1,5,False,1000,1000
16515,170,betCent,10,0.7846337579617835,0,32,None,66,1,5,False,1000,1000
16516,171,betCent,10,0.7866242038216561,0,32,None,66,1,5,False,1000,1000
16517,172,betCent,10,0.7883160828025477,0,32,None,66,1,5,False,1000,1000
16518,173,betCent,10,0.7889132165605095,0,32,None,66,1,5,False,1000,1000
16519,174,betCent,10,0.7913017515923567,0,32,None,66,1,5,False,1000,1000
16520,170,betCent,10,0.8062300955414012,0,13,None,66,1,5,False,1000,1000
16521,171,betCent,10,0.8062300955414012,0,13,None,66,1,5,False,1000,1000
16522,172,betCent,10,0.8055334394904459,0,13,None,66,1,5,False,1000,1000
16523,173,betCent,10,0.8065286624203821,0,13,None,66,1,5,False,1000,1000
16524,174,betCent,10,0.8070262738853503,0,13,None,66,1,5,False,1000,1000
16525,170,betCent,10,0.7806528662420382,0,16,None,66,1,5,False,1000,1000
16526,171,betCent,10,0.7833399681528662,0,16,None,66,1,5,False,1000,1000
16527,172,betCent,10,0.7849323248407644,0,16,None,66,1,5,False,1000,1000
16528,173,betCent,10,0.7861265923566879,0,16,None,66,1,5,False,1000,1000
16529,174,betCent,10,0.786922770700637,0,16,None,66,1,5,False,1000,1000
16530,170,betCent,10,0.7424363057324841,0,23,None,66,1,5,False,1000,1000
16531,171,betCent,10,0.7449243630573248,0,23,None,66,1,5,False,1000,1000
16532,172,betCent,10,0.7476114649681529,0,23,None,66,1,5,False,1000,1000
16533,173,betCent,10,0.7490047770700637,0,23,None,66,1,5,False,1000,1000
16534,174,betCent,10,0.7502985668789809,0,23,None,66,1,5,False,1000,1000
16535,170,betCent,10,0.8059315286624203,0,24,None,66,1,5,False,1000,1000
16536,171,betCent,10,0.8067277070063694,0,24,None,66,1,5,False,1000,1000
16537,172,betCent,10,0.806031050955414,0,24,None,66,1,5,False,1000,1000
16538,173,betCent,10,0.8070262738853503,0,24,None,66,1,5,False,1000,1000
16539,174,betCent,10,0.8072253184713376,0,24,None,66,1,5,False,1000,1000
16540,170,betCent,10,0.7934912420382165,0,27,None,66,1,5,False,1000,1000
16541,171,betCent,10,0.7939888535031847,0,27,None,66,1,5,False,1000,1000
16542,172,betCent,10,0.7945859872611465,0,27,None,66,1,5,False,1000,1000
16543,173,betCent,10,0.7948845541401274,0,27,None,66,1,5,False,1000,1000
16544,174,betCent,10,0.7951831210191083,0,27,None,66,1,5,False,1000,1000
16545,170,betCent,10,0.7960788216560509,0,30,None,66,1,5,False,1000,1000
16546,171,betCent,10,0.798765923566879,0,30,None,66,1,5,False,1000,1000
16547,172,betCent,10,0.7994625796178344,0,30,None,66,1,5,False,1000,1000
16548,173,betCent,10,0.7992635350318471,0,30,None,66,1,5,False,1000,1000
16549,174,betCent,10,0.7999601910828026,0,30,None,66,1,5,False,1000,1000
16550,170,betCent,10,0.791202229299363,0,31,None,66,1,5,False,1000,1000
16551,171,betCent,10,0.7907046178343949,0,31,None,66,1,5,False,1000,1000
16552,172,betCent,10,0.7916003184713376,0,31,None,66,1,5,False,1000,1000
16553,173,betCent,10,0.7921974522292994,0,31,None,66,1,5,False,1000,1000
16554,174,betCent,10,0.7928941082802548,0,31,None,66,1,5,False,1000,1000
16555,170,betCent,10,0.7967754777070064,0,19,None,66,1,5,False,1000,1000
16556,171,betCent,10,0.7974721337579618,0,19,None,66,1,5,False,1000,1000
16557,172,betCent,10,0.7985668789808917,0,19,None,66,1,5,False,1000,1000
16558,173,betCent,10,0.7993630573248408,0,19,None,66,1,5,False,1000,1000
16559,174,betCent,10,0.8002587579617835,0,19,None,66,1,5,False,1000,1000
16560,170,betCent,10,0.7826433121019108,0,8,None,66,1,5,False,1000,1000
16561,171,betCent,10,0.7856289808917197,0,8,None,66,1,5,False,1000,1000
16562,172,betCent,10,0.7880175159235668,0,8,None,66,1,5,False,1000,1000
16563,173,betCent,10,0.7898089171974523,0,8,None,66,1,5,False,1000,1000
16564,174,betCent,10,0.7908041401273885,0,8,None,66,1,5,False,1000,1000
16565,170,betCent,10,0.7932921974522293,0,21,None,66,1,5,False,1000,1000
16566,171,betCent,10,0.7934912420382165,0,21,None,66,1,5,False,1000,1000
16567,172,betCent,10,0.7940883757961783,0,21,None,66,1,5,False,1000,1000
16568,173,betCent,10,0.7960788216560509,0,21,None,66,1,5,False,1000,1000
16569,174,betCent,10,0.7969745222929936,0,21,None,66,1,5,False,1000,1000
16570,170,betCent,10,0.7902070063694268,0,14,None,66,1,5,False,1000,1000
16571,171,betCent,10,0.7921974522292994,0,14,None,66,1,5,False,1000,1000
16572,172,betCent,10,0.794187898089172,0,14,None,66,1,5,False,1000,1000
16573,173,betCent,10,0.7945859872611465,0,14,None,66,1,5,False,1000,1000
16574,174,betCent,10,0.7959792993630573,0,14,None,66,1,5,False,1000,1000
16575,170,betCent,10,0.7830414012738853,0,22,None,66,1,5,False,1000,1000
16576,171,betCent,10,0.7865246815286624,0,22,None,66,1,5,False,1000,1000
16577,172,betCent,10,0.788515127388535,0,22,None,66,1,5,False,1000,1000
16578,173,betCent,10,0.7903065286624203,0,22,None,66,1,5,False,1000,1000
16579,174,betCent,10,0.7917993630573248,0,22,None,66,1,5,False,1000,1000
16580,170,betCent,10,0.7962778662420382,0,6,None,66,1,5,False,1000,1000
16581,171,betCent,10,0.7974721337579618,0,6,None,66,1,5,False,1000,1000
16582,172,betCent,10,0.7975716560509554,0,6,None,66,1,5,False,1000,1000
16583,173,betCent,10,0.7978702229299363,0,6,None,66,1,5,False,1000,1000
16584,174,betCent,10,0.7988654458598726,0,6,None,66,1,5,False,1000,1000
16585,170,betCent,10,0.8000597133757962,0,29,None,66,1,5,False,1000,1000
16586,171,betCent,10,0.7999601910828026,0,29,None,66,1,5,False,1000,1000
16587,172,betCent,10,0.8010549363057324,0,29,None,66,1,5,False,1000,1000
16588,173,betCent,10,0.8009554140127388,0,29,None,66,1,5,False,1000,1000
16589,174,betCent,10,0.8008558917197452,0,29,None,66,1,5,False,1000,1000
16590,170,betCent,10,0.7726910828025477,0,2,None,66,1,5,False,1000,1000
16591,171,betCent,10,0.7731886942675159,0,2,None,66,1,5,False,1000,1000
16592,172,betCent,10,0.7729896496815286,0,2,None,66,1,5,False,1000,1000
16593,173,betCent,10,0.7737858280254777,0,2,None,66,1,5,False,1000,1000
16594,174,betCent,10,0.7749800955414012,0,2,None,66,1,5,False,1000,1000
16595,170,betCent,10,0.7951831210191083,0,3,None,66,1,5,False,1000,1000
16596,171,betCent,10,0.794984076433121,0,3,None,66,1,5,False,1000,1000
16597,172,betCent,10,0.7956807324840764,0,3,None,66,1,5,False,1000,1000
16598,173,betCent,10,0.7958797770700637,0,3,None,66,1,5,False,1000,1000
16599,174,betCent,10,0.7961783439490446,0,3,None,66,1,5,False,1000,1000
16600,170,betCent,10,0.7856289808917197,0,4,None,66,1,5,False,1000,1000
16601,171,betCent,10,0.7886146496815286,0,4,None,66,1,5,False,1000,1000
16602,172,betCent,10,0.7901074840764332,0,4,None,66,1,5,False,1000,1000
16603,173,betCent,10,0.7918988853503185,0,4,None,66,1,5,False,1000,1000
16604,174,betCent,10,0.7935907643312102,0,4,None,66,1,5,False,1000,1000
16605,170,betCent,10,0.792296974522293,0,0,None,66,1,5,False,1000,1000
16606,171,betCent,10,0.793093152866242,0,0,None,66,1,5,False,1000,1000
16607,172,betCent,10,0.7927945859872612,0,0,None,66,1,5,False,1000,1000
16608,173,betCent,10,0.7929936305732485,0,0,None,66,1,5,False,1000,1000
16609,174,betCent,10,0.7931926751592356,0,0,None,66,1,5,False,1000,1000
16610,170,betCent,10,0.7809514331210191,0,5,None,66,1,5,False,1000,1000
16611,171,betCent,10,0.7826433121019108,0,5,None,66,1,5,False,1000,1000
16612,172,betCent,10,0.7835390127388535,0,5,None,66,1,5,False,1000,1000
16613,173,betCent,10,0.785031847133758,0,5,None,66,1,5,False,1000,1000
16614,174,betCent,10,0.785828025477707,0,5,None,66,1,5,False,1000,1000
16615,170,betCent,10,0.727906050955414,0,7,None,66,1,5,False,1000,1000
16616,171,betCent,10,0.7321855095541401,0,7,None,66,1,5,False,1000,1000
16617,172,betCent,10,0.7379578025477707,0,7,None,66,1,5,False,1000,1000
16618,173,betCent,10,0.7404458598726115,0,7,None,66,1,5,False,1000,1000
16619,174,betCent,10,0.7433320063694268,0,7,None,66,1,5,False,1000,1000
16620,170,betCent,10,0.8015525477707006,0,9,None,66,1,5,False,1000,1000
16621,171,betCent,10,0.8017515923566879,0,9,None,66,1,5,False,1000,1000
16622,172,betCent,10,0.8023487261146497,0,9,None,66,1,5,False,1000,1000
16623,173,betCent,10,0.8034434713375797,0,9,None,66,1,5,False,1000,1000
16624,174,betCent,10,0.8026472929936306,0,9,None,66,1,5,False,1000,1000
16625,170,betCent,10,0.798765923566879,0,10,None,66,1,5,False,1000,1000
16626,171,betCent,10,0.7998606687898089,0,10,None,66,1,5,False,1000,1000
16627,172,betCent,10,0.8012539808917197,0,10,None,66,1,5,False,1000,1000
16628,173,betCent,10,0.8022492038216561,0,10,None,66,1,5,False,1000,1000
16629,174,betCent,10,0.8024482484076433,0,10,None,66,1,5,False,1000,1000
16630,170,betCent,10,0.6934713375796179,0,11,None,66,1,5,False,1000,1000
16631,171,betCent,10,0.7011345541401274,0,11,None,66,1,5,False,1000,1000
16632,172,betCent,10,0.7051154458598726,0,11,None,66,1,5,False,1000,1000
16633,173,betCent,10,0.7090963375796179,0,11,None,66,1,5,False,1000,1000
16634,174,betCent,10,0.7118829617834395,0,11,None,66,1,5,False,1000,1000
16635,170,betCent,10,0.7945859872611465,0,15,None,66,1,5,False,1000,1000
16636,171,betCent,10,0.7942874203821656,0,15,None,66,1,5,False,1000,1000
16637,172,betCent,10,0.7948845541401274,0,15,None,66,1,5,False,1000,1000
16638,173,betCent,10,0.7951831210191083,0,15,None,66,1,5,False,1000,1000
16639,174,betCent,10,0.7942874203821656,0,15,None,66,1,5,False,1000,1000
16640,170,betCent,10,0.8008558917197452,0,12,None,66,1,5,False,1000,1000
16641,171,betCent,10,0.8022492038216561,0,12,None,66,1,5,False,1000,1000
16642,172,betCent,10,0.8026472929936306,0,12,None,66,1,5,False,1000,1000
16643,173,betCent,10,0.8034434713375797,0,12,None,66,1,5,False,1000,1000
16644,174,betCent,10,0.8039410828025477,0,12,None,66,1,5,False,1000,1000
16645,170,betCent,10,0.7989649681528662,0,17,None,66,1,5,False,1000,1000
16646,171,betCent,10,0.7996616242038217,0,17,None,66,1,5,False,1000,1000
16647,172,betCent,10,0.8002587579617835,0,17,None,66,1,5,False,1000,1000
16648,173,betCent,10,0.8004578025477707,0,17,None,66,1,5,False,1000,1000
16649,174,betCent,10,0.8002587579617835,0,17,None,66,1,5,False,1000,1000
16650,170,betCent,10,0.7795581210191083,0,18,None,66,1,5,False,1000,1000
16651,171,betCent,10,0.7811504777070064,0,18,None,66,1,5,False,1000,1000
16652,172,betCent,10,0.7813495222929936,0,18,None,66,1,5,False,1000,1000
16653,173,betCent,10,0.7835390127388535,0,18,None,66,1,5,False,1000,1000
16654,174,betCent,10,0.7852308917197452,0,18,None,66,1,5,False,1000,1000
16655,170,betCent,10,0.7945859872611465,0,20,None,66,1,5,False,1000,1000
16656,171,betCent,10,0.7985668789808917,0,20,None,66,1,5,False,1000,1000
16657,172,betCent,10,0.8021496815286624,0,20,None,66,1,5,False,1000,1000
16658,173,betCent,10,0.8042396496815286,0,20,None,66,1,5,False,1000,1000
16659,174,betCent,10,0.8050358280254777,0,20,None,66,1,5,False,1000,1000
16660,170,betCent,10,0.6765525477707006,0,28,None,66,1,5,False,1000,1000
16661,171,betCent,10,0.7072054140127388,0,28,None,66,1,5,False,1000,1000
16662,172,betCent,10,0.7175557324840764,0,28,None,66,1,5,False,1000,1000
16663,173,betCent,10,0.7209394904458599,0,28,None,66,1,5,False,1000,1000
16664,174,betCent,10,0.7236265923566879,0,28,None,66,1,5,False,1000,1000
16665,175,betCent,10,0.7453224522292994,0,1,None,66,1,5,False,1000,1000
16666,176,betCent,10,0.7497014331210191,0,1,None,66,1,5,False,1000,1000
16667,177,betCent,10,0.7525875796178344,0,1,None,66,1,5,False,1000,1000
16668,178,betCent,10,0.7549761146496815,0,1,None,66,1,5,False,1000,1000
16669,179,betCent,10,0.7570660828025477,0,1,None,66,1,5,False,1000,1000
16670,175,betCent,10,0.775577229299363,0,2,None,66,1,5,False,1000,1000
16671,176,betCent,10,0.7750796178343949,0,2,None,66,1,5,False,1000,1000
16672,177,betCent,10,0.7751791401273885,0,2,None,66,1,5,False,1000,1000
16673,178,betCent,10,0.7761743630573248,0,2,None,66,1,5,False,1000,1000
16674,179,betCent,10,0.7773686305732485,0,2,None,66,1,5,False,1000,1000
16675,175,betCent,10,0.7449243630573248,0,23,None,66,1,5,False,1000,1000
16676,176,betCent,10,0.7464171974522293,0,23,None,66,1,5,False,1000,1000
16677,177,betCent,10,0.7492038216560509,0,23,None,66,1,5,False,1000,1000
16678,178,betCent,10,0.7512937898089171,0,23,None,66,1,5,False,1000,1000
16679,179,betCent,10,0.7529856687898089,0,23,None,66,1,5,False,1000,1000
16680,175,betCent,10,0.682921974522293,0,28,None,66,1,5,False,1000,1000
16681,176,betCent,10,0.7116839171974523,0,28,None,66,1,5,False,1000,1000
16682,177,betCent,10,0.7212380573248408,0,28,None,66,1,5,False,1000,1000
16683,178,betCent,10,0.7242237261146497,0,28,None,66,1,5,False,1000,1000
16684,179,betCent,10,0.7268113057324841,0,28,None,66,1,5,False,1000,1000
16685,175,betCent,10,0.8021496815286624,0,29,None,66,1,5,False,1000,1000
16686,176,betCent,10,0.8024482484076433,0,29,None,66,1,5,False,1000,1000
16687,177,betCent,10,0.8024482484076433,0,29,None,66,1,5,False,1000,1000
16688,178,betCent,10,0.8023487261146497,0,29,None,66,1,5,False,1000,1000
16689,179,betCent,10,0.8023487261146497,0,29,None,66,1,5,False,1000,1000
16690,175,betCent,10,0.7950835987261147,0,0,None,66,1,5,False,1000,1000
16691,176,betCent,10,0.7948845541401274,0,0,None,66,1,5,False,1000,1000
16692,177,betCent,10,0.7948845541401274,0,0,None,66,1,5,False,1000,1000
16693,178,betCent,10,0.7948845541401274,0,0,None,66,1,5,False,1000,1000
16694,179,betCent,10,0.7952826433121019,0,0,None,66,1,5,False,1000,1000
16695,175,betCent,10,0.7926950636942676,0,30,None,66,1,5,False,1000,1000
16696,176,betCent,10,0.7965764331210191,0,30,None,66,1,5,False,1000,1000
16697,177,betCent,10,0.7985668789808917,0,30,None,66,1,5,False,1000,1000
16698,178,betCent,10,0.8001592356687898,0,30,None,66,1,5,False,1000,1000
16699,179,betCent,10,0.8003582802547771,0,30,None,66,1,5,False,1000,1000
16700,175,betCent,10,0.7822452229299363,0,5,None,66,1,5,False,1000,1000
16701,176,betCent,10,0.7835390127388535,0,5,None,66,1,5,False,1000,1000
16702,177,betCent,10,0.7851313694267515,0,5,None,66,1,5,False,1000,1000
16703,178,betCent,10,0.7861265923566879,0,5,None,66,1,5,False,1000,1000
16704,179,betCent,10,0.786922770700637,0,5,None,66,1,5,False,1000,1000
16705,175,betCent,10,0.7865246815286624,0,32,None,66,1,5,False,1000,1000
16706,176,betCent,10,0.7876194267515924,0,32,None,66,1,5,False,1000,1000
16707,177,betCent,10,0.7897093949044586,0,32,None,66,1,5,False,1000,1000
16708,178,betCent,10,0.7910031847133758,0,32,None,66,1,5,False,1000,1000
16709,179,betCent,10,0.7933917197452229,0,32,None,66,1,5,False,1000,1000
16710,175,betCent,10,0.7834394904458599,0,16,None,66,1,5,False,1000,1000
16711,176,betCent,10,0.7857285031847133,0,16,None,66,1,5,False,1000,1000
16712,177,betCent,10,0.7871218152866242,0,16,None,66,1,5,False,1000,1000
16713,178,betCent,10,0.7887141719745223,0,16,None,66,1,5,False,1000,1000
16714,179,betCent,10,0.7887141719745223,0,16,None,66,1,5,False,1000,1000
16715,175,betCent,10,0.7301950636942676,0,7,None,66,1,5,False,1000,1000
16716,176,betCent,10,0.7344745222929936,0,7,None,66,1,5,False,1000,1000
16717,177,betCent,10,0.7395501592356688,0,7,None,66,1,5,False,1000,1000
16718,178,betCent,10,0.7421377388535032,0,7,None,66,1,5,False,1000,1000
16719,179,betCent,10,0.7448248407643312,0,7,None,66,1,5,False,1000,1000
16720,175,betCent,10,0.7928941082802548,0,14,None,66,1,5,False,1000,1000
16721,176,betCent,10,0.7940883757961783,0,14,None,66,1,5,False,1000,1000
16722,177,betCent,10,0.79578025477707,0,14,None,66,1,5,False,1000,1000
16723,178,betCent,10,0.7962778662420382,0,14,None,66,1,5,False,1000,1000
16724,179,betCent,10,0.7975716560509554,0,14,None,66,1,5,False,1000,1000
16725,175,betCent,10,0.7849323248407644,0,22,None,66,1,5,False,1000,1000
16726,176,betCent,10,0.7882165605095541,0,22,None,66,1,5,False,1000,1000
16727,177,betCent,10,0.7900079617834395,0,22,None,66,1,5,False,1000,1000
16728,178,betCent,10,0.791202229299363,0,22,None,66,1,5,False,1000,1000
16729,179,betCent,10,0.7923964968152867,0,22,None,66,1,5,False,1000,1000
16730,175,betCent,10,0.8030453821656051,0,9,None,66,1,5,False,1000,1000
16731,176,betCent,10,0.8036425159235668,0,9,None,66,1,5,False,1000,1000
16732,177,betCent,10,0.8050358280254777,0,9,None,66,1,5,False,1000,1000
16733,178,betCent,10,0.804140127388535,0,9,None,66,1,5,False,1000,1000
16734,179,betCent,10,0.8042396496815286,0,9,None,66,1,5,False,1000,1000
16735,175,betCent,10,0.806827229299363,0,13,None,66,1,5,False,1000,1000
16736,176,betCent,10,0.806031050955414,0,13,None,66,1,5,False,1000,1000
16737,177,betCent,10,0.8061305732484076,0,13,None,66,1,5,False,1000,1000
16738,178,betCent,10,0.8063296178343949,0,13,None,66,1,5,False,1000,1000
16739,179,betCent,10,0.8072253184713376,0,13,None,66,1,5,False,1000,1000
16740,175,betCent,10,0.7829418789808917,0,25,None,66,1,5,False,1000,1000
16741,176,betCent,10,0.7846337579617835,0,25,None,66,1,5,False,1000,1000
16742,177,betCent,10,0.7867237261146497,0,25,None,66,1,5,False,1000,1000
16743,178,betCent,10,0.7882165605095541,0,25,None,66,1,5,False,1000,1000
16744,179,betCent,10,0.7902070063694268,0,25,None,66,1,5,False,1000,1000
16745,175,betCent,10,0.8023487261146497,0,12,None,66,1,5,False,1000,1000
16746,176,betCent,10,0.8036425159235668,0,12,None,66,1,5,False,1000,1000
16747,177,betCent,10,0.8037420382165605,0,12,None,66,1,5,False,1000,1000
16748,178,betCent,10,0.8050358280254777,0,12,None,66,1,5,False,1000,1000
16749,179,betCent,10,0.8048367834394905,0,12,None,66,1,5,False,1000,1000
16750,175,betCent,10,0.7993630573248408,0,6,None,66,1,5,False,1000,1000
16751,176,betCent,10,0.7991640127388535,0,6,None,66,1,5,False,1000,1000
16752,177,betCent,10,0.7998606687898089,0,6,None,66,1,5,False,1000,1000
16753,178,betCent,10,0.7997611464968153,0,6,None,66,1,5,False,1000,1000
16754,179,betCent,10,0.8000597133757962,0,6,None,66,1,5,False,1000,1000
16755,175,betCent,10,0.7851313694267515,0,26,None,66,1,5,False,1000,1000
16756,176,betCent,10,0.7842356687898089,0,26,None,66,1,5,False,1000,1000
16757,177,betCent,10,0.7845342356687898,0,26,None,66,1,5,False,1000,1000
16758,178,betCent,10,0.7864251592356688,0,26,None,66,1,5,False,1000,1000
16759,179,betCent,10,0.7875199044585988,0,26,None,66,1,5,False,1000,1000
16760,175,betCent,10,0.8080214968152867,0,24,None,66,1,5,False,1000,1000
16761,176,betCent,10,0.8078224522292994,0,24,None,66,1,5,False,1000,1000
16762,177,betCent,10,0.8075238853503185,0,24,None,66,1,5,False,1000,1000
16763,178,betCent,10,0.8084195859872612,0,24,None,66,1,5,False,1000,1000
16764,179,betCent,10,0.8086186305732485,0,24,None,66,1,5,False,1000,1000
16765,175,betCent,10,0.7859275477707006,0,8,None,66,1,5,False,1000,1000
16766,176,betCent,10,0.7881170382165605,0,8,None,66,1,5,False,1000,1000
16767,177,betCent,10,0.7902070063694268,0,8,None,66,1,5,False,1000,1000
16768,178,betCent,10,0.7919984076433121,0,8,None,66,1,5,False,1000,1000
16769,179,betCent,10,0.7928941082802548,0,8,None,66,1,5,False,1000,1000
16770,175,betCent,10,0.8002587579617835,0,19,None,66,1,5,False,1000,1000
16771,176,betCent,10,0.8000597133757962,0,19,None,66,1,5,False,1000,1000
16772,177,betCent,10,0.8009554140127388,0,19,None,66,1,5,False,1000,1000
16773,178,betCent,10,0.8022492038216561,0,19,None,66,1,5,False,1000,1000
16774,179,betCent,10,0.8030453821656051,0,19,None,66,1,5,False,1000,1000
16775,175,betCent,10,0.7952826433121019,0,21,None,66,1,5,False,1000,1000
16776,176,betCent,10,0.7948845541401274,0,21,None,66,1,5,False,1000,1000
16777,177,betCent,10,0.7963773885350318,0,21,None,66,1,5,False,1000,1000
16778,178,betCent,10,0.7974721337579618,0,21,None,66,1,5,False,1000,1000
16779,179,betCent,10,0.7976711783439491,0,21,None,66,1,5,False,1000,1000
16780,175,betCent,10,0.7964769108280255,0,20,None,66,1,5,False,1000,1000
16781,176,betCent,10,0.8026472929936306,0,20,None,66,1,5,False,1000,1000
16782,177,betCent,10,0.8051353503184714,0,20,None,66,1,5,False,1000,1000
16783,178,betCent,10,0.8058320063694268,0,20,None,66,1,5,False,1000,1000
16784,179,betCent,10,0.8078224522292994,0,20,None,66,1,5,False,1000,1000
16785,175,betCent,10,0.7876194267515924,0,4,None,66,1,5,False,1000,1000
16786,176,betCent,10,0.7907046178343949,0,4,None,66,1,5,False,1000,1000
16787,177,betCent,10,0.7916003184713376,0,4,None,66,1,5,False,1000,1000
16788,178,betCent,10,0.7927945859872612,0,4,None,66,1,5,False,1000,1000
16789,179,betCent,10,0.7950835987261147,0,4,None,66,1,5,False,1000,1000
16790,175,betCent,10,0.7822452229299363,0,18,None,66,1,5,False,1000,1000
16791,176,betCent,10,0.7829418789808917,0,18,None,66,1,5,False,1000,1000
16792,177,betCent,10,0.7842356687898089,0,18,None,66,1,5,False,1000,1000
16793,178,betCent,10,0.7852308917197452,0,18,None,66,1,5,False,1000,1000
16794,179,betCent,10,0.7859275477707006,0,18,None,66,1,5,False,1000,1000
16795,175,betCent,10,0.79578025477707,0,27,None,66,1,5,False,1000,1000
16796,176,betCent,10,0.7961783439490446,0,27,None,66,1,5,False,1000,1000
16797,177,betCent,10,0.7973726114649682,0,27,None,66,1,5,False,1000,1000
16798,178,betCent,10,0.7974721337579618,0,27,None,66,1,5,False,1000,1000
16799,179,betCent,10,0.7972730891719745,0,27,None,66,1,5,False,1000,1000
16800,175,betCent,10,0.7932921974522293,0,31,None,66,1,5,False,1000,1000
16801,176,betCent,10,0.7933917197452229,0,31,None,66,1,5,False,1000,1000
16802,177,betCent,10,0.7933917197452229,0,31,None,66,1,5,False,1000,1000
16803,178,betCent,10,0.794187898089172,0,31,None,66,1,5,False,1000,1000
16804,179,betCent,10,0.7935907643312102,0,31,None,66,1,5,False,1000,1000
16805,175,betCent,10,0.6990445859872612,0,11,None,66,1,5,False,1000,1000
16806,176,betCent,10,0.7032245222929936,0,11,None,66,1,5,False,1000,1000
16807,177,betCent,10,0.708797770700637,0,11,None,66,1,5,False,1000,1000
16808,178,betCent,10,0.712281050955414,0,11,None,66,1,5,False,1000,1000
16809,179,betCent,10,0.7150676751592356,0,11,None,66,1,5,False,1000,1000
16810,175,betCent,10,0.8005573248407644,0,17,None,66,1,5,False,1000,1000
16811,176,betCent,10,0.8007563694267515,0,17,None,66,1,5,False,1000,1000
16812,177,betCent,10,0.8018511146496815,0,17,None,66,1,5,False,1000,1000
16813,178,betCent,10,0.8011544585987261,0,17,None,66,1,5,False,1000,1000
16814,179,betCent,10,0.8022492038216561,0,17,None,66,1,5,False,1000,1000
16815,175,betCent,10,0.7999601910828026,0,10,None,66,1,5,False,1000,1000
16816,176,betCent,10,0.8010549363057324,0,10,None,66,1,5,False,1000,1000
16817,177,betCent,10,0.8020501592356688,0,10,None,66,1,5,False,1000,1000
16818,178,betCent,10,0.802547770700637,0,10,None,66,1,5,False,1000,1000
16819,179,betCent,10,0.8036425159235668,0,10,None,66,1,5,False,1000,1000
16820,175,betCent,10,0.79578025477707,0,15,None,66,1,5,False,1000,1000
16821,176,betCent,10,0.7952826433121019,0,15,None,66,1,5,False,1000,1000
16822,177,betCent,10,0.7950835987261147,0,15,None,66,1,5,False,1000,1000
16823,178,betCent,10,0.7946855095541401,0,15,None,66,1,5,False,1000,1000
16824,179,betCent,10,0.7960788216560509,0,15,None,66,1,5,False,1000,1000
16825,175,betCent,10,0.7969745222929936,0,3,None,66,1,5,False,1000,1000
16826,176,betCent,10,0.7973726114649682,0,3,None,66,1,5,False,1000,1000
16827,177,betCent,10,0.7978702229299363,0,3,None,66,1,5,False,1000,1000
16828,178,betCent,10,0.7985668789808917,0,3,None,66,1,5,False,1000,1000
16829,179,betCent,10,0.7985668789808917,0,3,None,66,1,5,False,1000,1000
17820,180,betCent,10,0.7455214968152867,0,1,None,66,1,5,False,1000,1000
17821,181,betCent,10,0.7499004777070064,0,1,None,66,1,5,False,1000,1000
17822,182,betCent,10,0.7524880573248408,0,1,None,66,1,5,False,1000,1000
17823,183,betCent,10,0.7544785031847133,0,1,None,66,1,5,False,1000,1000
17824,184,betCent,10,0.7562699044585988,0,1,None,66,1,5,False,1000,1000
17825,180,betCent,10,0.7975716560509554,0,15,None,66,1,5,False,1000,1000
17826,181,betCent,10,0.7978702229299363,0,15,None,66,1,5,False,1000,1000
17827,182,betCent,10,0.7976711783439491,0,15,None,66,1,5,False,1000,1000
17828,183,betCent,10,0.7976711783439491,0,15,None,66,1,5,False,1000,1000
17829,184,betCent,10,0.7978702229299363,0,15,None,66,1,5,False,1000,1000
17830,180,betCent,10,0.8021496815286624,0,10,None,66,1,5,False,1000,1000
17831,181,betCent,10,0.8021496815286624,0,10,None,66,1,5,False,1000,1000
17832,182,betCent,10,0.8036425159235668,0,10,None,66,1,5,False,1000,1000
17833,183,betCent,10,0.8049363057324841,0,10,None,66,1,5,False,1000,1000
17834,184,betCent,10,0.805234872611465,0,10,None,66,1,5,False,1000,1000
17835,180,betCent,10,0.7853304140127388,0,16,None,66,1,5,False,1000,1000
17836,181,betCent,10,0.7879179936305732,0,16,None,66,1,5,False,1000,1000
17837,182,betCent,10,0.7898089171974523,0,16,None,66,1,5,False,1000,1000
17838,183,betCent,10,0.7905055732484076,0,16,None,66,1,5,False,1000,1000
17839,184,betCent,10,0.7903065286624203,0,16,None,66,1,5,False,1000,1000
17840,180,betCent,10,0.6927746815286624,0,11,None,66,1,5,False,1000,1000
17841,181,betCent,10,0.6984474522292994,0,11,None,66,1,5,False,1000,1000
17842,182,betCent,10,0.7049164012738853,0,11,None,66,1,5,False,1000,1000
17843,183,betCent,10,0.7089968152866242,0,11,None,66,1,5,False,1000,1000
17844,184,betCent,10,0.7131767515923567,0,11,None,66,1,5,False,1000,1000
17845,180,betCent,10,0.7899084394904459,0,8,None,66,1,5,False,1000,1000
17846,181,betCent,10,0.7915007961783439,0,8,None,66,1,5,False,1000,1000
17847,182,betCent,10,0.7938893312101911,0,8,None,66,1,5,False,1000,1000
17848,183,betCent,10,0.7951831210191083,0,8,None,66,1,5,False,1000,1000
17849,184,betCent,10,0.7962778662420382,0,8,None,66,1,5,False,1000,1000
17850,180,betCent,10,0.7992635350318471,0,20,None,66,1,5,False,1000,1000
17851,181,betCent,10,0.8042396496815286,0,20,None,66,1,5,False,1000,1000
17852,182,betCent,10,0.8059315286624203,0,20,None,66,1,5,False,1000,1000
17853,183,betCent,10,0.8067277070063694,0,20,None,66,1,5,False,1000,1000
17854,184,betCent,10,0.8072253184713376,0,20,None,66,1,5,False,1000,1000
17855,180,betCent,10,0.8016520700636943,0,19,None,66,1,5,False,1000,1000
17856,181,betCent,10,0.8015525477707006,0,19,None,66,1,5,False,1000,1000
17857,182,betCent,10,0.8032444267515924,0,19,None,66,1,5,False,1000,1000
17858,183,betCent,10,0.8034434713375797,0,19,None,66,1,5,False,1000,1000
17859,184,betCent,10,0.8038415605095541,0,19,None,66,1,5,False,1000,1000
17860,180,betCent,10,0.7870222929936306,0,22,None,66,1,5,False,1000,1000
17861,181,betCent,10,0.7892117834394905,0,22,None,66,1,5,False,1000,1000
17862,182,betCent,10,0.7910031847133758,0,22,None,66,1,5,False,1000,1000
17863,183,betCent,10,0.7927945859872612,0,22,None,66,1,5,False,1000,1000
17864,184,betCent,10,0.7938893312101911,0,22,None,66,1,5,False,1000,1000
17865,180,betCent,10,0.8012539808917197,0,17,None,66,1,5,False,1000,1000
17866,181,betCent,10,0.8016520700636943,0,17,None,66,1,5,False,1000,1000
17867,182,betCent,10,0.8026472929936306,0,17,None,66,1,5,False,1000,1000
17868,183,betCent,10,0.8032444267515924,0,17,None,66,1,5,False,1000,1000
17869,184,betCent,10,0.8035429936305732,0,17,None,66,1,5,False,1000,1000
17870,180,betCent,10,0.7976711783439491,0,21,None,66,1,5,False,1000,1000
17871,181,betCent,10,0.7975716560509554,0,21,None,66,1,5,False,1000,1000
17872,182,betCent,10,0.7988654458598726,0,21,None,66,1,5,False,1000,1000
17873,183,betCent,10,0.7992635350318471,0,21,None,66,1,5,False,1000,1000
17874,184,betCent,10,0.7996616242038217,0,21,None,66,1,5,False,1000,1000
17875,180,betCent,10,0.7805533439490446,0,25,None,66,1,5,False,1000,1000
17876,181,betCent,10,0.7827428343949044,0,25,None,66,1,5,False,1000,1000
17877,182,betCent,10,0.7846337579617835,0,25,None,66,1,5,False,1000,1000
17878,183,betCent,10,0.7873208598726115,0,25,None,66,1,5,False,1000,1000
17879,184,betCent,10,0.7890127388535032,0,25,None,66,1,5,False,1000,1000
17880,180,betCent,10,0.6820262738853503,0,28,None,66,1,5,False,1000,1000
17881,181,betCent,10,0.716859076433121,0,28,None,66,1,5,False,1000,1000
17882,182,betCent,10,0.7268113057324841,0,28,None,66,1,5,False,1000,1000
17883,183,betCent,10,0.7294984076433121,0,28,None,66,1,5,False,1000,1000
17884,184,betCent,10,0.7325835987261147,0,28,None,66,1,5,False,1000,1000
17885,180,betCent,10,0.808718152866242,0,24,None,66,1,5,False,1000,1000
17886,181,betCent,10,0.8094148089171974,0,24,None,66,1,5,False,1000,1000
17887,182,betCent,10,0.8093152866242038,0,24,None,66,1,5,False,1000,1000
17888,183,betCent,10,0.8100119426751592,0,24,None,66,1,5,False,1000,1000
17889,184,betCent,10,0.809812898089172,0,24,None,66,1,5,False,1000,1000
17890,180,betCent,10,0.8043391719745223,0,29,None,66,1,5,False,1000,1000
17891,181,betCent,10,0.8037420382165605,0,29,None,66,1,5,False,1000,1000
17892,182,betCent,10,0.803343949044586,0,29,None,66,1,5,False,1000,1000
17893,183,betCent,10,0.8035429936305732,0,29,None,66,1,5,False,1000,1000
17894,184,betCent,10,0.8042396496815286,0,29,None,66,1,5,False,1000,1000
17895,180,betCent,10,0.8053343949044586,0,9,None,66,1,5,False,1000,1000
17896,181,betCent,10,0.8049363057324841,0,9,None,66,1,5,False,1000,1000
17897,182,betCent,10,0.8048367834394905,0,9,None,66,1,5,False,1000,1000
17898,183,betCent,10,0.805234872611465,0,9,None,66,1,5,False,1000,1000
17899,184,betCent,10,0.8053343949044586,0,9,None,66,1,5,False,1000,1000
17900,180,betCent,10,0.7872213375796179,0,32,None,66,1,5,False,1000,1000
17901,181,betCent,10,0.7894108280254777,0,32,None,66,1,5,False,1000,1000
17902,182,betCent,10,0.7902070063694268,0,32,None,66,1,5,False,1000,1000
17903,183,betCent,10,0.7929936305732485,0,32,None,66,1,5,False,1000,1000
17904,184,betCent,10,0.7945859872611465,0,32,None,66,1,5,False,1000,1000
17905,180,betCent,10,0.7965764331210191,0,27,None,66,1,5,False,1000,1000
17906,181,betCent,10,0.7970740445859873,0,27,None,66,1,5,False,1000,1000
17907,182,betCent,10,0.7985668789808917,0,27,None,66,1,5,False,1000,1000
17908,183,betCent,10,0.7993630573248408,0,27,None,66,1,5,False,1000,1000
17909,184,betCent,10,0.7993630573248408,0,27,None,66,1,5,False,1000,1000
17910,180,betCent,10,0.7810509554140127,0,18,None,66,1,5,False,1000,1000
17911,181,betCent,10,0.7821457006369427,0,18,None,66,1,5,False,1000,1000
17912,182,betCent,10,0.7842356687898089,0,18,None,66,1,5,False,1000,1000
17913,183,betCent,10,0.7857285031847133,0,18,None,66,1,5,False,1000,1000
17914,184,betCent,10,0.7867237261146497,0,18,None,66,1,5,False,1000,1000
17915,180,betCent,10,0.7956807324840764,0,31,None,66,1,5,False,1000,1000
17916,181,betCent,10,0.7963773885350318,0,31,None,66,1,5,False,1000,1000
17917,182,betCent,10,0.7952826433121019,0,31,None,66,1,5,False,1000,1000
17918,183,betCent,10,0.7962778662420382,0,31,None,66,1,5,False,1000,1000
17919,184,betCent,10,0.7959792993630573,0,31,None,66,1,5,False,1000,1000
17920,180,betCent,10,0.7776671974522293,0,2,None,66,1,5,False,1000,1000
17921,181,betCent,10,0.7763734076433121,0,2,None,66,1,5,False,1000,1000
17922,182,betCent,10,0.7772691082802548,0,2,None,66,1,5,False,1000,1000
17923,183,betCent,10,0.7792595541401274,0,2,None,66,1,5,False,1000,1000
17924,184,betCent,10,0.7798566878980892,0,2,None,66,1,5,False,1000,1000
17925,180,betCent,10,0.8096138535031847,0,13,None,66,1,5,False,1000,1000
17926,181,betCent,10,0.808718152866242,0,13,None,66,1,5,False,1000,1000
17927,182,betCent,10,0.8089171974522293,0,13,None,66,1,5,False,1000,1000
17928,183,betCent,10,0.8091162420382165,0,13,None,66,1,5,False,1000,1000
17929,184,betCent,10,0.8085191082802548,0,13,None,66,1,5,False,1000,1000
17930,180,betCent,10,0.798765923566879,0,3,None,66,1,5,False,1000,1000
17931,181,betCent,10,0.7996616242038217,0,3,None,66,1,5,False,1000,1000
17932,182,betCent,10,0.8002587579617835,0,3,None,66,1,5,False,1000,1000
17933,183,betCent,10,0.8008558917197452,0,3,None,66,1,5,False,1000,1000
17934,184,betCent,10,0.8018511146496815,0,3,None,66,1,5,False,1000,1000
17935,180,betCent,10,0.7455214968152867,0,23,None,66,1,5,False,1000,1000
17936,181,betCent,10,0.7484076433121019,0,23,None,66,1,5,False,1000,1000
17937,182,betCent,10,0.7509952229299363,0,23,None,66,1,5,False,1000,1000
17938,183,betCent,10,0.7531847133757962,0,23,None,66,1,5,False,1000,1000
17939,184,betCent,10,0.7553742038216561,0,23,None,66,1,5,False,1000,1000
17940,180,betCent,10,0.7967754777070064,0,0,None,66,1,5,False,1000,1000
17941,181,betCent,10,0.7970740445859873,0,0,None,66,1,5,False,1000,1000
17942,182,betCent,10,0.7964769108280255,0,0,None,66,1,5,False,1000,1000
17943,183,betCent,10,0.7966759554140127,0,0,None,66,1,5,False,1000,1000
17944,184,betCent,10,0.7966759554140127,0,0,None,66,1,5,False,1000,1000
17945,180,betCent,10,0.7929936305732485,0,4,None,66,1,5,False,1000,1000
17946,181,betCent,10,0.7945859872611465,0,4,None,66,1,5,False,1000,1000
17947,182,betCent,10,0.7959792993630573,0,4,None,66,1,5,False,1000,1000
17948,183,betCent,10,0.796875,0,4,None,66,1,5,False,1000,1000
17949,184,betCent,10,0.7984673566878981,0,4,None,66,1,5,False,1000,1000
17950,180,betCent,10,0.7834394904458599,0,5,None,66,1,5,False,1000,1000
17951,181,betCent,10,0.7846337579617835,0,5,None,66,1,5,False,1000,1000
17952,182,betCent,10,0.7856289808917197,0,5,None,66,1,5,False,1000,1000
17953,183,betCent,10,0.7863256369426752,0,5,None,66,1,5,False,1000,1000
17954,184,betCent,10,0.787718949044586,0,5,None,66,1,5,False,1000,1000
17955,180,betCent,10,0.729796974522293,0,7,None,66,1,5,False,1000,1000
17956,181,betCent,10,0.7363654458598726,0,7,None,66,1,5,False,1000,1000
17957,182,betCent,10,0.7410429936305732,0,7,None,66,1,5,False,1000,1000
17958,183,betCent,10,0.7428343949044586,0,7,None,66,1,5,False,1000,1000
17959,184,betCent,10,0.7457205414012739,0,7,None,66,1,5,False,1000,1000
17960,180,betCent,10,0.799562101910828,0,6,None,66,1,5,False,1000,1000
17961,181,betCent,10,0.8002587579617835,0,6,None,66,1,5,False,1000,1000
17962,182,betCent,10,0.7998606687898089,0,6,None,66,1,5,False,1000,1000
17963,183,betCent,10,0.8002587579617835,0,6,None,66,1,5,False,1000,1000
17964,184,betCent,10,0.8004578025477707,0,6,None,66,1,5,False,1000,1000
17965,180,betCent,10,0.7937898089171974,0,14,None,66,1,5,False,1000,1000
17966,181,betCent,10,0.79578025477707,0,14,None,66,1,5,False,1000,1000
17967,182,betCent,10,0.7967754777070064,0,14,None,66,1,5,False,1000,1000
17968,183,betCent,10,0.7984673566878981,0,14,None,66,1,5,False,1000,1000
17969,184,betCent,10,0.798765923566879,0,14,None,66,1,5,False,1000,1000
17970,180,betCent,10,0.8039410828025477,0,12,None,66,1,5,False,1000,1000
17971,181,betCent,10,0.8050358280254777,0,12,None,66,1,5,False,1000,1000
17972,182,betCent,10,0.8055334394904459,0,12,None,66,1,5,False,1000,1000
17973,183,betCent,10,0.806031050955414,0,12,None,66,1,5,False,1000,1000
17974,184,betCent,10,0.806827229299363,0,12,None,66,1,5,False,1000,1000
17975,180,betCent,10,0.7837380573248408,0,26,None,66,1,5,False,1000,1000
17976,181,betCent,10,0.785031847133758,0,26,None,66,1,5,False,1000,1000
17977,182,betCent,10,0.7854299363057324,0,26,None,66,1,5,False,1000,1000
17978,183,betCent,10,0.7864251592356688,0,26,None,66,1,5,False,1000,1000
17979,184,betCent,10,0.7874203821656051,0,26,None,66,1,5,False,1000,1000
17980,180,betCent,10,0.7980692675159236,0,30,None,66,1,5,False,1000,1000
17981,181,betCent,10,0.799562101910828,0,30,None,66,1,5,False,1000,1000
17982,182,betCent,10,0.8011544585987261,0,30,None,66,1,5,False,1000,1000
17983,183,betCent,10,0.8024482484076433,0,30,None,66,1,5,False,1000,1000
17984,184,betCent,10,0.8022492038216561,0,30,None,66,1,5,False,1000,1000
17985,185,betCent,10,0.8037420382165605,0,19,None,66,1,5,False,1000,1000
17986,186,betCent,10,0.8036425159235668,0,19,None,66,1,5,False,1000,1000
17987,187,betCent,10,0.8045382165605095,0,19,None,66,1,5,False,1000,1000
17988,188,betCent,10,0.8050358280254777,0,19,None,66,1,5,False,1000,1000
17989,189,betCent,10,0.8050358280254777,0,19,None,66,1,5,False,1000,1000
17990,185,betCent,10,0.7464171974522293,0,1,None,66,1,5,False,1000,1000
17991,186,betCent,10,0.7499004777070064,0,1,None,66,1,5,False,1000,1000
17992,187,betCent,10,0.7524880573248408,0,1,None,66,1,5,False,1000,1000
17993,188,betCent,10,0.7546775477707006,0,1,None,66,1,5,False,1000,1000
17994,189,betCent,10,0.7558718152866242,0,1,None,66,1,5,False,1000,1000
17995,185,betCent,10,0.7972730891719745,0,21,None,66,1,5,False,1000,1000
17996,186,betCent,10,0.79796974522293,0,21,None,66,1,5,False,1000,1000
17997,187,betCent,10,0.7989649681528662,0,21,None,66,1,5,False,1000,1000
17998,188,betCent,10,0.8001592356687898,0,21,None,66,1,5,False,1000,1000
17999,189,betCent,10,0.8001592356687898,0,21,None,66,1,5,False,1000,1000
18000,185,betCent,10,0.6902866242038217,0,11,None,66,1,5,False,1000,1000
18001,186,betCent,10,0.6970541401273885,0,11,None,66,1,5,False,1000,1000
18002,187,betCent,10,0.7026273885350318,0,11,None,66,1,5,False,1000,1000
18003,188,betCent,10,0.708797770700637,0,11,None,66,1,5,False,1000,1000
18004,189,betCent,10,0.7110867834394905,0,11,None,66,1,5,False,1000,1000
18005,185,betCent,10,0.7986664012738853,0,15,None,66,1,5,False,1000,1000
18006,186,betCent,10,0.7985668789808917,0,15,None,66,1,5,False,1000,1000
18007,187,betCent,10,0.7983678343949044,0,15,None,66,1,5,False,1000,1000
18008,188,betCent,10,0.7986664012738853,0,15,None,66,1,5,False,1000,1000
18009,189,betCent,10,0.7989649681528662,0,15,None,66,1,5,False,1000,1000
18010,185,betCent,10,0.8026472929936306,0,17,None,66,1,5,False,1000,1000
18011,186,betCent,10,0.8039410828025477,0,17,None,66,1,5,False,1000,1000
18012,187,betCent,10,0.8047372611464968,0,17,None,66,1,5,False,1000,1000
18013,188,betCent,10,0.8055334394904459,0,17,None,66,1,5,False,1000,1000
18014,189,betCent,10,0.8058320063694268,0,17,None,66,1,5,False,1000,1000
18015,185,betCent,10,0.7806528662420382,0,18,None,66,1,5,False,1000,1000
18016,186,betCent,10,0.7817476114649682,0,18,None,66,1,5,False,1000,1000
18017,187,betCent,10,0.7838375796178344,0,18,None,66,1,5,False,1000,1000
18018,188,betCent,10,0.7847332802547771,0,18,None,66,1,5,False,1000,1000
18019,189,betCent,10,0.7860270700636943,0,18,None,66,1,5,False,1000,1000
18020,185,betCent,10,0.6838176751592356,0,28,None,66,1,5,False,1000,1000
18021,186,betCent,10,0.7224323248407644,0,28,None,66,1,5,False,1000,1000
18022,187,betCent,10,0.7315883757961783,0,28,None,66,1,5,False,1000,1000
18023,188,betCent,10,0.7342754777070064,0,28,None,66,1,5,False,1000,1000
18024,189,betCent,10,0.7366640127388535,0,28,None,66,1,5,False,1000,1000
18025,185,betCent,10,0.7843351910828026,0,5,None,66,1,5,False,1000,1000
18026,186,betCent,10,0.7856289808917197,0,5,None,66,1,5,False,1000,1000
18027,187,betCent,10,0.7876194267515924,0,5,None,66,1,5,False,1000,1000
18028,188,betCent,10,0.7881170382165605,0,5,None,66,1,5,False,1000,1000
18029,189,betCent,10,0.7902070063694268,0,5,None,66,1,5,False,1000,1000
18030,185,betCent,10,0.731687898089172,0,7,None,66,1,5,False,1000,1000
18031,186,betCent,10,0.7375597133757962,0,7,None,66,1,5,False,1000,1000
18032,187,betCent,10,0.7419386942675159,0,7,None,66,1,5,False,1000,1000
18033,188,betCent,10,0.745421974522293,0,7,None,66,1,5,False,1000,1000
18034,189,betCent,10,0.747312898089172,0,7,None,66,1,5,False,1000,1000
18035,185,betCent,10,0.7878184713375797,0,16,None,66,1,5,False,1000,1000
18036,186,betCent,10,0.7892117834394905,0,16,None,66,1,5,False,1000,1000
18037,187,betCent,10,0.7913017515923567,0,16,None,66,1,5,False,1000,1000
18038,188,betCent,10,0.7923964968152867,0,16,None,66,1,5,False,1000,1000
18039,189,betCent,10,0.7927945859872612,0,16,None,66,1,5,False,1000,1000
18040,185,betCent,10,0.7916998407643312,0,8,None,66,1,5,False,1000,1000
18041,186,betCent,10,0.7929936305732485,0,8,None,66,1,5,False,1000,1000
18042,187,betCent,10,0.7954816878980892,0,8,None,66,1,5,False,1000,1000
18043,188,betCent,10,0.7978702229299363,0,8,None,66,1,5,False,1000,1000
18044,189,betCent,10,0.7986664012738853,0,8,None,66,1,5,False,1000,1000
18045,185,betCent,10,0.7952826433121019,0,4,None,66,1,5,False,1000,1000
18046,186,betCent,10,0.7965764331210191,0,4,None,66,1,5,False,1000,1000
18047,187,betCent,10,0.7980692675159236,0,4,None,66,1,5,False,1000,1000
18048,188,betCent,10,0.7988654458598726,0,4,None,66,1,5,False,1000,1000
18049,189,betCent,10,0.7996616242038217,0,4,None,66,1,5,False,1000,1000
18050,185,betCent,10,0.8020501592356688,0,20,None,66,1,5,False,1000,1000
18051,186,betCent,10,0.8058320063694268,0,20,None,66,1,5,False,1000,1000
18052,187,betCent,10,0.8075238853503185,0,20,None,66,1,5,False,1000,1000
18053,188,betCent,10,0.8086186305732485,0,20,None,66,1,5,False,1000,1000
18054,189,betCent,10,0.8084195859872612,0,20,None,66,1,5,False,1000,1000
18055,185,betCent,10,0.8037420382165605,0,10,None,66,1,5,False,1000,1000
18056,186,betCent,10,0.8037420382165605,0,10,None,66,1,5,False,1000,1000
18057,187,betCent,10,0.8046377388535032,0,10,None,66,1,5,False,1000,1000
18058,188,betCent,10,0.8064291401273885,0,10,None,66,1,5,False,1000,1000
18059,189,betCent,10,0.807921974522293,0,10,None,66,1,5,False,1000,1000
18060,185,betCent,10,0.7477109872611465,0,23,None,66,1,5,False,1000,1000
18061,186,betCent,10,0.7505971337579618,0,23,None,66,1,5,False,1000,1000
18062,187,betCent,10,0.7529856687898089,0,23,None,66,1,5,False,1000,1000
18063,188,betCent,10,0.7555732484076433,0,23,None,66,1,5,False,1000,1000
18064,189,betCent,10,0.7573646496815286,0,23,None,66,1,5,False,1000,1000
18065,185,betCent,10,0.7880175159235668,0,32,None,66,1,5,False,1000,1000
18066,186,betCent,10,0.7902070063694268,0,32,None,66,1,5,False,1000,1000
18067,187,betCent,10,0.7927945859872612,0,32,None,66,1,5,False,1000,1000
18068,188,betCent,10,0.7950835987261147,0,32,None,66,1,5,False,1000,1000
18069,189,betCent,10,0.7966759554140127,0,32,None,66,1,5,False,1000,1000
18070,185,betCent,10,0.7880175159235668,0,22,None,66,1,5,False,1000,1000
18071,186,betCent,10,0.7906050955414012,0,22,None,66,1,5,False,1000,1000
18072,187,betCent,10,0.7920979299363057,0,22,None,66,1,5,False,1000,1000
18073,188,betCent,10,0.7937898089171974,0,22,None,66,1,5,False,1000,1000
18074,189,betCent,10,0.7948845541401274,0,22,None,66,1,5,False,1000,1000
18075,185,betCent,10,0.7836385350318471,0,26,None,66,1,5,False,1000,1000
18076,186,betCent,10,0.7848328025477707,0,26,None,66,1,5,False,1000,1000
18077,187,betCent,10,0.7856289808917197,0,26,None,66,1,5,False,1000,1000
18078,188,betCent,10,0.7860270700636943,0,26,None,66,1,5,False,1000,1000
18079,189,betCent,10,0.7872213375796179,0,26,None,66,1,5,False,1000,1000
18080,185,betCent,10,0.8003582802547771,0,6,None,66,1,5,False,1000,1000
18081,186,betCent,10,0.8004578025477707,0,6,None,66,1,5,False,1000,1000
18082,187,betCent,10,0.8004578025477707,0,6,None,66,1,5,False,1000,1000
18083,188,betCent,10,0.7996616242038217,0,6,None,66,1,5,False,1000,1000
18084,189,betCent,10,0.8002587579617835,0,6,None,66,1,5,False,1000,1000
18085,185,betCent,10,0.7959792993630573,0,14,None,66,1,5,False,1000,1000
18086,186,betCent,10,0.7972730891719745,0,14,None,66,1,5,False,1000,1000
18087,187,betCent,10,0.7981687898089171,0,14,None,66,1,5,False,1000,1000
18088,188,betCent,10,0.7992635350318471,0,14,None,66,1,5,False,1000,1000
18089,189,betCent,10,0.8010549363057324,0,14,None,66,1,5,False,1000,1000
18090,185,betCent,10,0.8059315286624203,0,29,None,66,1,5,False,1000,1000
18091,186,betCent,10,0.8049363057324841,0,29,None,66,1,5,False,1000,1000
18092,187,betCent,10,0.8049363057324841,0,29,None,66,1,5,False,1000,1000
18093,188,betCent,10,0.8048367834394905,0,29,None,66,1,5,False,1000,1000
18094,189,betCent,10,0.8056329617834395,0,29,None,66,1,5,False,1000,1000
18095,185,betCent,10,0.8091162420382165,0,13,None,66,1,5,False,1000,1000
18096,186,betCent,10,0.8084195859872612,0,13,None,66,1,5,False,1000,1000
18097,187,betCent,10,0.8088176751592356,0,13,None,66,1,5,False,1000,1000
18098,188,betCent,10,0.8085191082802548,0,13,None,66,1,5,False,1000,1000
18099,189,betCent,10,0.8090167197452229,0,13,None,66,1,5,False,1000,1000
18100,185,betCent,10,0.8062300955414012,0,9,None,66,1,5,False,1000,1000
18101,186,betCent,10,0.8064291401273885,0,9,None,66,1,5,False,1000,1000
18102,187,betCent,10,0.8056329617834395,0,9,None,66,1,5,False,1000,1000
18103,188,betCent,10,0.806031050955414,0,9,None,66,1,5,False,1000,1000
18104,189,betCent,10,0.8066281847133758,0,9,None,66,1,5,False,1000,1000
18105,185,betCent,10,0.8051353503184714,0,12,None,66,1,5,False,1000,1000
18106,186,betCent,10,0.8058320063694268,0,12,None,66,1,5,False,1000,1000
18107,187,betCent,10,0.8062300955414012,0,12,None,66,1,5,False,1000,1000
18108,188,betCent,10,0.8063296178343949,0,12,None,66,1,5,False,1000,1000
18109,189,betCent,10,0.8069267515923567,0,12,None,66,1,5,False,1000,1000
18110,185,betCent,10,0.7857285031847133,0,25,None,66,1,5,False,1000,1000
18111,186,betCent,10,0.786922770700637,0,25,None,66,1,5,False,1000,1000
18112,187,betCent,10,0.7892117834394905,0,25,None,66,1,5,False,1000,1000
18113,188,betCent,10,0.7908041401273885,0,25,None,66,1,5,False,1000,1000
18114,189,betCent,10,0.792296974522293,0,25,None,66,1,5,False,1000,1000
18115,185,betCent,10,0.8104100318471338,0,24,None,66,1,5,False,1000,1000
18116,186,betCent,10,0.8107085987261147,0,24,None,66,1,5,False,1000,1000
18117,187,betCent,10,0.8116042993630573,0,24,None,66,1,5,False,1000,1000
18118,188,betCent,10,0.8119028662420382,0,24,None,66,1,5,False,1000,1000
18119,189,betCent,10,0.8115047770700637,0,24,None,66,1,5,False,1000,1000
18120,185,betCent,10,0.8000597133757962,0,27,None,66,1,5,False,1000,1000
18121,186,betCent,10,0.8001592356687898,0,27,None,66,1,5,False,1000,1000
18122,187,betCent,10,0.8005573248407644,0,27,None,66,1,5,False,1000,1000
18123,188,betCent,10,0.8009554140127388,0,27,None,66,1,5,False,1000,1000
18124,189,betCent,10,0.8010549363057324,0,27,None,66,1,5,False,1000,1000
18125,185,betCent,10,0.796875,0,30,None,66,1,5,False,1000,1000
18126,186,betCent,10,0.7993630573248408,0,30,None,66,1,5,False,1000,1000
18127,187,betCent,10,0.8016520700636943,0,30,None,66,1,5,False,1000,1000
18128,188,betCent,10,0.8038415605095541,0,30,None,66,1,5,False,1000,1000
18129,189,betCent,10,0.8046377388535032,0,30,None,66,1,5,False,1000,1000
18130,185,betCent,10,0.7969745222929936,0,31,None,66,1,5,False,1000,1000
18131,186,betCent,10,0.7973726114649682,0,31,None,66,1,5,False,1000,1000
18132,187,betCent,10,0.7975716560509554,0,31,None,66,1,5,False,1000,1000
18133,188,betCent,10,0.7976711783439491,0,31,None,66,1,5,False,1000,1000
18134,189,betCent,10,0.7984673566878981,0,31,None,66,1,5,False,1000,1000
18135,185,betCent,10,0.7783638535031847,0,2,None,66,1,5,False,1000,1000
18136,186,betCent,10,0.7790605095541401,0,2,None,66,1,5,False,1000,1000
18137,187,betCent,10,0.7798566878980892,0,2,None,66,1,5,False,1000,1000
18138,188,betCent,10,0.7814490445859873,0,2,None,66,1,5,False,1000,1000
18139,189,betCent,10,0.7814490445859873,0,2,None,66,1,5,False,1000,1000
18140,185,betCent,10,0.7984673566878981,0,0,None,66,1,5,False,1000,1000
18141,186,betCent,10,0.798765923566879,0,0,None,66,1,5,False,1000,1000
18142,187,betCent,10,0.7983678343949044,0,0,None,66,1,5,False,1000,1000
18143,188,betCent,10,0.7982683121019108,0,0,None,66,1,5,False,1000,1000
18144,189,betCent,10,0.7988654458598726,0,0,None,66,1,5,False,1000,1000
18145,185,betCent,10,0.8019506369426752,0,3,None,66,1,5,False,1000,1000
18146,186,betCent,10,0.8028463375796179,0,3,None,66,1,5,False,1000,1000
18147,187,betCent,10,0.8032444267515924,0,3,None,66,1,5,False,1000,1000
18148,188,betCent,10,0.8036425159235668,0,3,None,66,1,5,False,1000,1000
18149,189,betCent,10,0.8043391719745223,0,3,None,66,1,5,False,1000,1000
18150,190,betCent,10,0.7958797770700637,0,30,None,66,1,5,False,1000,1000
18151,191,betCent,10,0.7994625796178344,0,30,None,66,1,5,False,1000,1000
18152,192,betCent,10,0.8032444267515924,0,30,None,66,1,5,False,1000,1000
18153,193,betCent,10,0.8057324840764332,0,30,None,66,1,5,False,1000,1000
18154,194,betCent,10,0.8065286624203821,0,30,None,66,1,5,False,1000,1000
18155,190,betCent,10,0.7342754777070064,0,7,None,66,1,5,False,1000,1000
18156,191,betCent,10,0.7399482484076433,0,7,None,66,1,5,False,1000,1000
18157,192,betCent,10,0.7442277070063694,0,7,None,66,1,5,False,1000,1000
18158,193,betCent,10,0.7472133757961783,0,7,None,66,1,5,False,1000,1000
18159,194,betCent,10,0.7494028662420382,0,7,None,66,1,5,False,1000,1000
18160,190,betCent,10,0.7891122611464968,0,16,None,66,1,5,False,1000,1000
18161,191,betCent,10,0.7905055732484076,0,16,None,66,1,5,False,1000,1000
18162,192,betCent,10,0.7919984076433121,0,16,None,66,1,5,False,1000,1000
18163,193,betCent,10,0.7936902866242038,0,16,None,66,1,5,False,1000,1000
18164,194,betCent,10,0.7940883757961783,0,16,None,66,1,5,False,1000,1000
18165,190,betCent,10,0.7880175159235668,0,32,None,66,1,5,False,1000,1000
18166,191,betCent,10,0.790406050955414,0,32,None,66,1,5,False,1000,1000
18167,192,betCent,10,0.7934912420382165,0,32,None,66,1,5,False,1000,1000
18168,193,betCent,10,0.7952826433121019,0,32,None,66,1,5,False,1000,1000
18169,194,betCent,10,0.7975716560509554,0,32,None,66,1,5,False,1000,1000
18170,190,betCent,10,0.7988654458598726,0,15,None,66,1,5,False,1000,1000
18171,191,betCent,10,0.7986664012738853,0,15,None,66,1,5,False,1000,1000
18172,192,betCent,10,0.7982683121019108,0,15,None,66,1,5,False,1000,1000
18173,193,betCent,10,0.7993630573248408,0,15,None,66,1,5,False,1000,1000
18174,194,betCent,10,0.7997611464968153,0,15,None,66,1,5,False,1000,1000
18175,190,betCent,10,0.8042396496815286,0,10,None,66,1,5,False,1000,1000
18176,191,betCent,10,0.8054339171974523,0,10,None,66,1,5,False,1000,1000
18177,192,betCent,10,0.8058320063694268,0,10,None,66,1,5,False,1000,1000
18178,193,betCent,10,0.8070262738853503,0,10,None,66,1,5,False,1000,1000
18179,194,betCent,10,0.8075238853503185,0,10,None,66,1,5,False,1000,1000
18180,190,betCent,10,0.7878184713375797,0,26,None,66,1,5,False,1000,1000
18181,191,betCent,10,0.7880175159235668,0,26,None,66,1,5,False,1000,1000
18182,192,betCent,10,0.7899084394904459,0,26,None,66,1,5,False,1000,1000
18183,193,betCent,10,0.790406050955414,0,26,None,66,1,5,False,1000,1000
18184,194,betCent,10,0.791202229299363,0,26,None,66,1,5,False,1000,1000
18185,190,betCent,10,0.6903861464968153,0,11,None,66,1,5,False,1000,1000
18186,191,betCent,10,0.6977507961783439,0,11,None,66,1,5,False,1000,1000
18187,192,betCent,10,0.7045183121019108,0,11,None,66,1,5,False,1000,1000
18188,193,betCent,10,0.7089968152866242,0,11,None,66,1,5,False,1000,1000
18189,194,betCent,10,0.713077229299363,0,11,None,66,1,5,False,1000,1000
18190,190,betCent,10,0.804140127388535,0,17,None,66,1,5,False,1000,1000
18191,191,betCent,10,0.8058320063694268,0,17,None,66,1,5,False,1000,1000
18192,192,betCent,10,0.8057324840764332,0,17,None,66,1,5,False,1000,1000
18193,193,betCent,10,0.8063296178343949,0,17,None,66,1,5,False,1000,1000
18194,194,betCent,10,0.8066281847133758,0,17,None,66,1,5,False,1000,1000
18195,190,betCent,10,0.8104100318471338,0,24,None,66,1,5,False,1000,1000
18196,191,betCent,10,0.8117038216560509,0,24,None,66,1,5,False,1000,1000
18197,192,betCent,10,0.8125995222929936,0,24,None,66,1,5,False,1000,1000
18198,193,betCent,10,0.8125,0,24,None,66,1,5,False,1000,1000
18199,194,betCent,10,0.8125,0,24,None,66,1,5,False,1000,1000
18200,190,betCent,10,0.8039410828025477,0,19,None,66,1,5,False,1000,1000
18201,191,betCent,10,0.8053343949044586,0,19,None,66,1,5,False,1000,1000
18202,192,betCent,10,0.8054339171974523,0,19,None,66,1,5,False,1000,1000
18203,193,betCent,10,0.8061305732484076,0,19,None,66,1,5,False,1000,1000
18204,194,betCent,10,0.8063296178343949,0,19,None,66,1,5,False,1000,1000
18205,190,betCent,10,0.7820461783439491,0,18,None,66,1,5,False,1000,1000
18206,191,betCent,10,0.7834394904458599,0,18,None,66,1,5,False,1000,1000
18207,192,betCent,10,0.7843351910828026,0,18,None,66,1,5,False,1000,1000
18208,193,betCent,10,0.7856289808917197,0,18,None,66,1,5,False,1000,1000
18209,194,betCent,10,0.7867237261146497,0,18,None,66,1,5,False,1000,1000
18210,190,betCent,10,0.7989649681528662,0,31,None,66,1,5,False,1000,1000
18211,191,betCent,10,0.7992635350318471,0,31,None,66,1,5,False,1000,1000
18212,192,betCent,10,0.7988654458598726,0,31,None,66,1,5,False,1000,1000
18213,193,betCent,10,0.7990644904458599,0,31,None,66,1,5,False,1000,1000
18214,194,betCent,10,0.8005573248407644,0,31,None,66,1,5,False,1000,1000
18215,190,betCent,10,0.805234872611465,0,20,None,66,1,5,False,1000,1000
18216,191,betCent,10,0.8070262738853503,0,20,None,66,1,5,False,1000,1000
18217,192,betCent,10,0.8085191082802548,0,20,None,66,1,5,False,1000,1000
18218,193,betCent,10,0.8093152866242038,0,20,None,66,1,5,False,1000,1000
18219,194,betCent,10,0.8081210191082803,0,20,None,66,1,5,False,1000,1000
18220,190,betCent,10,0.7970740445859873,0,14,None,66,1,5,False,1000,1000
18221,191,betCent,10,0.798765923566879,0,14,None,66,1,5,False,1000,1000
18222,192,betCent,10,0.7990644904458599,0,14,None,66,1,5,False,1000,1000
18223,193,betCent,10,0.8001592356687898,0,14,None,66,1,5,False,1000,1000
18224,194,betCent,10,0.8016520700636943,0,14,None,66,1,5,False,1000,1000
18225,190,betCent,10,0.8011544585987261,0,6,None,66,1,5,False,1000,1000
18226,191,betCent,10,0.8017515923566879,0,6,None,66,1,5,False,1000,1000
18227,192,betCent,10,0.8015525477707006,0,6,None,66,1,5,False,1000,1000
18228,193,betCent,10,0.8010549363057324,0,6,None,66,1,5,False,1000,1000
18229,194,betCent,10,0.8010549363057324,0,6,None,66,1,5,False,1000,1000
18230,190,betCent,10,0.787718949044586,0,22,None,66,1,5,False,1000,1000
18231,191,betCent,10,0.7897093949044586,0,22,None,66,1,5,False,1000,1000
18232,192,betCent,10,0.7917993630573248,0,22,None,66,1,5,False,1000,1000
18233,193,betCent,10,0.7939888535031847,0,22,None,66,1,5,False,1000,1000
18234,194,betCent,10,0.7944864649681529,0,22,None,66,1,5,False,1000,1000
18235,190,betCent,10,0.7777667197452229,0,25,None,66,1,5,False,1000,1000
18236,191,betCent,10,0.7817476114649682,0,25,None,66,1,5,False,1000,1000
18237,192,betCent,10,0.7847332802547771,0,25,None,66,1,5,False,1000,1000
18238,193,betCent,10,0.7883160828025477,0,25,None,66,1,5,False,1000,1000
18239,194,betCent,10,0.7900079617834395,0,25,None,66,1,5,False,1000,1000
18240,190,betCent,10,0.8057324840764332,0,12,None,66,1,5,False,1000,1000
18241,191,betCent,10,0.8077229299363057,0,12,None,66,1,5,False,1000,1000
18242,192,betCent,10,0.8067277070063694,0,12,None,66,1,5,False,1000,1000
18243,193,betCent,10,0.8077229299363057,0,12,None,66,1,5,False,1000,1000
18244,194,betCent,10,0.8081210191082803,0,12,None,66,1,5,False,1000,1000
18245,190,betCent,10,0.7482085987261147,0,1,None,66,1,5,False,1000,1000
18246,191,betCent,10,0.7512937898089171,0,1,None,66,1,5,False,1000,1000
18247,192,betCent,10,0.7531847133757962,0,1,None,66,1,5,False,1000,1000
18248,193,betCent,10,0.7558718152866242,0,1,None,66,1,5,False,1000,1000
18249,194,betCent,10,0.7567675159235668,0,1,None,66,1,5,False,1000,1000
18250,190,betCent,10,0.7799562101910829,0,2,None,66,1,5,False,1000,1000
18251,191,betCent,10,0.7817476114649682,0,2,None,66,1,5,False,1000,1000
18252,192,betCent,10,0.7828423566878981,0,2,None,66,1,5,False,1000,1000
18253,193,betCent,10,0.7832404458598726,0,2,None,66,1,5,False,1000,1000
18254,194,betCent,10,0.7833399681528662,0,2,None,66,1,5,False,1000,1000
18255,190,betCent,10,0.8001592356687898,0,0,None,66,1,5,False,1000,1000
18256,191,betCent,10,0.7992635350318471,0,0,None,66,1,5,False,1000,1000
18257,192,betCent,10,0.799562101910828,0,0,None,66,1,5,False,1000,1000
18258,193,betCent,10,0.7999601910828026,0,0,None,66,1,5,False,1000,1000
18259,194,betCent,10,0.8000597133757962,0,0,None,66,1,5,False,1000,1000
18260,190,betCent,10,0.8036425159235668,0,3,None,66,1,5,False,1000,1000
18261,191,betCent,10,0.8034434713375797,0,3,None,66,1,5,False,1000,1000
18262,192,betCent,10,0.8039410828025477,0,3,None,66,1,5,False,1000,1000
18263,193,betCent,10,0.8044386942675159,0,3,None,66,1,5,False,1000,1000
18264,194,betCent,10,0.805234872611465,0,3,None,66,1,5,False,1000,1000
18265,190,betCent,10,0.7980692675159236,0,4,None,66,1,5,False,1000,1000
18266,191,betCent,10,0.799562101910828,0,4,None,66,1,5,False,1000,1000
18267,192,betCent,10,0.8007563694267515,0,4,None,66,1,5,False,1000,1000
18268,193,betCent,10,0.8012539808917197,0,4,None,66,1,5,False,1000,1000
18269,194,betCent,10,0.8023487261146497,0,4,None,66,1,5,False,1000,1000
18270,190,betCent,10,0.7848328025477707,0,5,None,66,1,5,False,1000,1000
18271,191,betCent,10,0.7859275477707006,0,5,None,66,1,5,False,1000,1000
18272,192,betCent,10,0.7880175159235668,0,5,None,66,1,5,False,1000,1000
18273,193,betCent,10,0.7893113057324841,0,5,None,66,1,5,False,1000,1000
18274,194,betCent,10,0.7902070063694268,0,5,None,66,1,5,False,1000,1000
18275,190,betCent,10,0.7926950636942676,0,8,None,66,1,5,False,1000,1000
18276,191,betCent,10,0.7950835987261147,0,8,None,66,1,5,False,1000,1000
18277,192,betCent,10,0.7965764331210191,0,8,None,66,1,5,False,1000,1000
18278,193,betCent,10,0.7981687898089171,0,8,None,66,1,5,False,1000,1000
18279,194,betCent,10,0.7991640127388535,0,8,None,66,1,5,False,1000,1000
18280,190,betCent,10,0.806827229299363,0,9,None,66,1,5,False,1000,1000
18281,191,betCent,10,0.806827229299363,0,9,None,66,1,5,False,1000,1000
18282,192,betCent,10,0.8063296178343949,0,9,None,66,1,5,False,1000,1000
18283,193,betCent,10,0.8075238853503185,0,9,None,66,1,5,False,1000,1000
18284,194,betCent,10,0.8080214968152867,0,9,None,66,1,5,False,1000,1000
18285,190,betCent,10,0.8096138535031847,0,13,None,66,1,5,False,1000,1000
18286,191,betCent,10,0.8099124203821656,0,13,None,66,1,5,False,1000,1000
18287,192,betCent,10,0.8099124203821656,0,13,None,66,1,5,False,1000,1000
18288,193,betCent,10,0.8100119426751592,0,13,None,66,1,5,False,1000,1000
18289,194,betCent,10,0.8094148089171974,0,13,None,66,1,5,False,1000,1000
18290,190,betCent,10,0.7483081210191083,0,23,None,66,1,5,False,1000,1000
18291,191,betCent,10,0.7522890127388535,0,23,None,66,1,5,False,1000,1000
18292,192,betCent,10,0.7544785031847133,0,23,None,66,1,5,False,1000,1000
18293,193,betCent,10,0.7565684713375797,0,23,None,66,1,5,False,1000,1000
18294,194,betCent,10,0.759156050955414,0,23,None,66,1,5,False,1000,1000
18295,190,betCent,10,0.7975716560509554,0,21,None,66,1,5,False,1000,1000
18296,191,betCent,10,0.7988654458598726,0,21,None,66,1,5,False,1000,1000
18297,192,betCent,10,0.7999601910828026,0,21,None,66,1,5,False,1000,1000
18298,193,betCent,10,0.8008558917197452,0,21,None,66,1,5,False,1000,1000
18299,194,betCent,10,0.8009554140127388,0,21,None,66,1,5,False,1000,1000
18300,190,betCent,10,0.6897890127388535,0,28,None,66,1,5,False,1000,1000
18301,191,betCent,10,0.7268113057324841,0,28,None,66,1,5,False,1000,1000
18302,192,betCent,10,0.7364649681528662,0,28,None,66,1,5,False,1000,1000
18303,193,betCent,10,0.7380573248407644,0,28,None,66,1,5,False,1000,1000
18304,194,betCent,10,0.7396496815286624,0,28,None,66,1,5,False,1000,1000
18305,190,betCent,10,0.802547770700637,0,27,None,66,1,5,False,1000,1000
18306,191,betCent,10,0.8034434713375797,0,27,None,66,1,5,False,1000,1000
18307,192,betCent,10,0.8029458598726115,0,27,None,66,1,5,False,1000,1000
18308,193,betCent,10,0.8032444267515924,0,27,None,66,1,5,False,1000,1000
18309,194,betCent,10,0.8035429936305732,0,27,None,66,1,5,False,1000,1000
18310,190,betCent,10,0.8077229299363057,0,29,None,66,1,5,False,1000,1000
18311,191,betCent,10,0.8065286624203821,0,29,None,66,1,5,False,1000,1000
18312,192,betCent,10,0.8067277070063694,0,29,None,66,1,5,False,1000,1000
18313,193,betCent,10,0.8066281847133758,0,29,None,66,1,5,False,1000,1000
18314,194,betCent,10,0.8072253184713376,0,29,None,66,1,5,False,1000,1000
18315,195,betCent,10,0.7477109872611465,0,1,None,66,1,5,False,1000,1000
18316,196,betCent,10,0.7502985668789809,0,1,None,66,1,5,False,1000,1000
18317,197,betCent,10,0.7527866242038217,0,1,None,66,1,5,False,1000,1000
18318,198,betCent,10,0.7547770700636943,0,1,None,66,1,5,False,1000,1000
18319,199,betCent,10,0.7563694267515924,0,1,None,66,1,5,False,1000,1000
18320,195,betCent,10,0.8086186305732485,0,29,None,66,1,5,False,1000,1000
18321,196,betCent,10,0.8090167197452229,0,29,None,66,1,5,False,1000,1000
18322,197,betCent,10,0.8089171974522293,0,29,None,66,1,5,False,1000,1000
18323,198,betCent,10,0.8092157643312102,0,29,None,66,1,5,False,1000,1000
18324,199,betCent,10,0.8091162420382165,0,29,None,66,1,5,False,1000,1000
18325,195,betCent,10,0.8123009554140127,0,13,None,66,1,5,False,1000,1000
18326,196,betCent,10,0.8122014331210191,0,13,None,66,1,5,False,1000,1000
18327,197,betCent,10,0.8119028662420382,0,13,None,66,1,5,False,1000,1000
18328,198,betCent,10,0.8123009554140127,0,13,None,66,1,5,False,1000,1000
18329,199,betCent,10,0.8122014331210191,0,13,None,66,1,5,False,1000,1000
18330,195,betCent,10,0.7887141719745223,0,26,None,66,1,5,False,1000,1000
18331,196,betCent,10,0.7903065286624203,0,26,None,66,1,5,False,1000,1000
18332,197,betCent,10,0.7917993630573248,0,26,None,66,1,5,False,1000,1000
18333,198,betCent,10,0.7919984076433121,0,26,None,66,1,5,False,1000,1000
18334,199,betCent,10,0.7918988853503185,0,26,None,66,1,5,False,1000,1000
18335,195,betCent,10,0.7903065286624203,0,16,None,66,1,5,False,1000,1000
18336,196,betCent,10,0.7915007961783439,0,16,None,66,1,5,False,1000,1000
18337,197,betCent,10,0.7939888535031847,0,16,None,66,1,5,False,1000,1000
18338,198,betCent,10,0.7945859872611465,0,16,None,66,1,5,False,1000,1000
18339,199,betCent,10,0.7955812101910829,0,16,None,66,1,5,False,1000,1000
18340,195,betCent,10,0.7815485668789809,0,2,None,66,1,5,False,1000,1000
18341,196,betCent,10,0.7832404458598726,0,2,None,66,1,5,False,1000,1000
18342,197,betCent,10,0.783140923566879,0,2,None,66,1,5,False,1000,1000
18343,198,betCent,10,0.7847332802547771,0,2,None,66,1,5,False,1000,1000
18344,199,betCent,10,0.7851313694267515,0,2,None,66,1,5,False,1000,1000
18345,195,betCent,10,0.7857285031847133,0,5,None,66,1,5,False,1000,1000
18346,196,betCent,10,0.7873208598726115,0,5,None,66,1,5,False,1000,1000
18347,197,betCent,10,0.7895103503184714,0,5,None,66,1,5,False,1000,1000
18348,198,betCent,10,0.7905055732484076,0,5,None,66,1,5,False,1000,1000
18349,199,betCent,10,0.7914012738853503,0,5,None,66,1,5,False,1000,1000
18350,195,betCent,10,0.7350716560509554,0,7,None,66,1,5,False,1000,1000
18351,196,betCent,10,0.7411425159235668,0,7,None,66,1,5,False,1000,1000
18352,197,betCent,10,0.7458200636942676,0,7,None,66,1,5,False,1000,1000
18353,198,betCent,10,0.7482085987261147,0,7,None,66,1,5,False,1000,1000
18354,199,betCent,10,0.7508957006369427,0,7,None,66,1,5,False,1000,1000
18355,195,betCent,10,0.6878980891719745,0,11,None,66,1,5,False,1000,1000
18356,196,betCent,10,0.696656050955414,0,11,None,66,1,5,False,1000,1000
18357,197,betCent,10,0.7044187898089171,0,11,None,66,1,5,False,1000,1000
18358,198,betCent,10,0.7089968152866242,0,11,None,66,1,5,False,1000,1000
18359,199,betCent,10,0.7128781847133758,0,11,None,66,1,5,False,1000,1000
18360,195,betCent,10,0.799562101910828,0,15,None,66,1,5,False,1000,1000
18361,196,betCent,10,0.799562101910828,0,15,None,66,1,5,False,1000,1000
18362,197,betCent,10,0.7993630573248408,0,15,None,66,1,5,False,1000,1000
18363,198,betCent,10,0.7999601910828026,0,15,None,66,1,5,False,1000,1000
18364,199,betCent,10,0.8009554140127388,0,15,None,66,1,5,False,1000,1000
18365,195,betCent,10,0.6960589171974523,0,28,None,66,1,5,False,1000,1000
18366,196,betCent,10,0.7301950636942676,0,28,None,66,1,5,False,1000,1000
18367,197,betCent,10,0.7393511146496815,0,28,None,66,1,5,False,1000,1000
18368,198,betCent,10,0.7406449044585988,0,28,None,66,1,5,False,1000,1000
18369,199,betCent,10,0.744327229299363,0,28,None,66,1,5,False,1000,1000
18370,195,betCent,10,0.8040406050955414,0,10,None,66,1,5,False,1000,1000
18371,196,betCent,10,0.8053343949044586,0,10,None,66,1,5,False,1000,1000
18372,197,betCent,10,0.8076234076433121,0,10,None,66,1,5,False,1000,1000
18373,198,betCent,10,0.8080214968152867,0,10,None,66,1,5,False,1000,1000
18374,199,betCent,10,0.8088176751592356,0,10,None,66,1,5,False,1000,1000
18375,195,betCent,10,0.7500995222929936,0,23,None,66,1,5,False,1000,1000
18376,196,betCent,10,0.7535828025477707,0,23,None,66,1,5,False,1000,1000
18377,197,betCent,10,0.7563694267515924,0,23,None,66,1,5,False,1000,1000
18378,198,betCent,10,0.7577627388535032,0,23,None,66,1,5,False,1000,1000
18379,199,betCent,10,0.7605493630573248,0,23,None,66,1,5,False,1000,1000
18380,195,betCent,10,0.8018511146496815,0,0,None,66,1,5,False,1000,1000
18381,196,betCent,10,0.8023487261146497,0,0,None,66,1,5,False,1000,1000
18382,197,betCent,10,0.8022492038216561,0,0,None,66,1,5,False,1000,1000
18383,198,betCent,10,0.802547770700637,0,0,None,66,1,5,False,1000,1000
18384,199,betCent,10,0.8024482484076433,0,0,None,66,1,5,False,1000,1000
18385,195,betCent,10,0.7900079617834395,0,32,None,66,1,5,False,1000,1000
18386,196,betCent,10,0.7916998407643312,0,32,None,66,1,5,False,1000,1000
18387,197,betCent,10,0.7955812101910829,0,32,None,66,1,5,False,1000,1000
18388,198,betCent,10,0.7976711783439491,0,32,None,66,1,5,False,1000,1000
18389,199,betCent,10,0.7993630573248408,0,32,None,66,1,5,False,1000,1000
18390,195,betCent,10,0.7983678343949044,0,14,None,66,1,5,False,1000,1000
18391,196,betCent,10,0.7998606687898089,0,14,None,66,1,5,False,1000,1000
18392,197,betCent,10,0.800656847133758,0,14,None,66,1,5,False,1000,1000
18393,198,betCent,10,0.8022492038216561,0,14,None,66,1,5,False,1000,1000
18394,199,betCent,10,0.8027468152866242,0,14,None,66,1,5,False,1000,1000
18395,195,betCent,10,0.7910031847133758,0,22,None,66,1,5,False,1000,1000
18396,196,betCent,10,0.7923964968152867,0,22,None,66,1,5,False,1000,1000
18397,197,betCent,10,0.7943869426751592,0,22,None,66,1,5,False,1000,1000
18398,198,betCent,10,0.7956807324840764,0,22,None,66,1,5,False,1000,1000
18399,199,betCent,10,0.7974721337579618,0,22,None,66,1,5,False,1000,1000
18400,195,betCent,10,0.8064291401273885,0,9,None,66,1,5,False,1000,1000
18401,196,betCent,10,0.8071257961783439,0,9,None,66,1,5,False,1000,1000
18402,197,betCent,10,0.8076234076433121,0,9,None,66,1,5,False,1000,1000
18403,198,betCent,10,0.8083200636942676,0,9,None,66,1,5,False,1000,1000
18404,199,betCent,10,0.8088176751592356,0,9,None,66,1,5,False,1000,1000
18405,195,betCent,10,0.8071257961783439,0,12,None,66,1,5,False,1000,1000
18406,196,betCent,10,0.8077229299363057,0,12,None,66,1,5,False,1000,1000
18407,197,betCent,10,0.8083200636942676,0,12,None,66,1,5,False,1000,1000
18408,198,betCent,10,0.807921974522293,0,12,None,66,1,5,False,1000,1000
18409,199,betCent,10,0.8084195859872612,0,12,None,66,1,5,False,1000,1000
18410,195,betCent,10,0.7890127388535032,0,25,None,66,1,5,False,1000,1000
18411,196,betCent,10,0.7907046178343949,0,25,None,66,1,5,False,1000,1000
18412,197,betCent,10,0.7916003184713376,0,25,None,66,1,5,False,1000,1000
18413,198,betCent,10,0.7927945859872612,0,25,None,66,1,5,False,1000,1000
18414,199,betCent,10,0.7945859872611465,0,25,None,66,1,5,False,1000,1000
18415,195,betCent,10,0.8044386942675159,0,17,None,66,1,5,False,1000,1000
18416,196,betCent,10,0.8064291401273885,0,17,None,66,1,5,False,1000,1000
18417,197,betCent,10,0.8071257961783439,0,17,None,66,1,5,False,1000,1000
18418,198,betCent,10,0.8069267515923567,0,17,None,66,1,5,False,1000,1000
18419,199,betCent,10,0.807921974522293,0,17,None,66,1,5,False,1000,1000
18420,195,betCent,10,0.799562101910828,0,21,None,66,1,5,False,1000,1000
18421,196,betCent,10,0.8003582802547771,0,21,None,66,1,5,False,1000,1000
18422,197,betCent,10,0.8016520700636943,0,21,None,66,1,5,False,1000,1000
18423,198,betCent,10,0.8019506369426752,0,21,None,66,1,5,False,1000,1000
18424,199,betCent,10,0.8027468152866242,0,21,None,66,1,5,False,1000,1000
18425,195,betCent,10,0.8128980891719745,0,24,None,66,1,5,False,1000,1000
18426,196,betCent,10,0.8144904458598726,0,24,None,66,1,5,False,1000,1000
18427,197,betCent,10,0.8148885350318471,0,24,None,66,1,5,False,1000,1000
18428,198,betCent,10,0.8148885350318471,0,24,None,66,1,5,False,1000,1000
18429,199,betCent,10,0.8144904458598726,0,24,None,66,1,5,False,1000,1000
18430,195,betCent,10,0.8000597133757962,0,30,None,66,1,5,False,1000,1000
18431,196,betCent,10,0.8040406050955414,0,30,None,66,1,5,False,1000,1000
18432,197,betCent,10,0.8063296178343949,0,30,None,66,1,5,False,1000,1000
18433,198,betCent,10,0.8064291401273885,0,30,None,66,1,5,False,1000,1000
18434,199,betCent,10,0.8070262738853503,0,30,None,66,1,5,False,1000,1000
18435,195,betCent,10,0.8027468152866242,0,6,None,66,1,5,False,1000,1000
18436,196,betCent,10,0.8024482484076433,0,6,None,66,1,5,False,1000,1000
18437,197,betCent,10,0.8030453821656051,0,6,None,66,1,5,False,1000,1000
18438,198,betCent,10,0.803343949044586,0,6,None,66,1,5,False,1000,1000
18439,199,betCent,10,0.8035429936305732,0,6,None,66,1,5,False,1000,1000
18440,195,betCent,10,0.8042396496815286,0,27,None,66,1,5,False,1000,1000
18441,196,betCent,10,0.8037420382165605,0,27,None,66,1,5,False,1000,1000
18442,197,betCent,10,0.8047372611464968,0,27,None,66,1,5,False,1000,1000
18443,198,betCent,10,0.8046377388535032,0,27,None,66,1,5,False,1000,1000
18444,199,betCent,10,0.8045382165605095,0,27,None,66,1,5,False,1000,1000
18445,195,betCent,10,0.7948845541401274,0,8,None,66,1,5,False,1000,1000
18446,196,betCent,10,0.7967754777070064,0,8,None,66,1,5,False,1000,1000
18447,197,betCent,10,0.7985668789808917,0,8,None,66,1,5,False,1000,1000
18448,198,betCent,10,0.798765923566879,0,8,None,66,1,5,False,1000,1000
18449,199,betCent,10,0.8001592356687898,0,8,None,66,1,5,False,1000,1000
18450,195,betCent,10,0.7815485668789809,0,18,None,66,1,5,False,1000,1000
18451,196,betCent,10,0.783937101910828,0,18,None,66,1,5,False,1000,1000
18452,197,betCent,10,0.785031847133758,0,18,None,66,1,5,False,1000,1000
18453,198,betCent,10,0.7861265923566879,0,18,None,66,1,5,False,1000,1000
18454,199,betCent,10,0.7881170382165605,0,18,None,66,1,5,False,1000,1000
18455,195,betCent,10,0.8056329617834395,0,19,None,66,1,5,False,1000,1000
18456,196,betCent,10,0.8061305732484076,0,19,None,66,1,5,False,1000,1000
18457,197,betCent,10,0.806031050955414,0,19,None,66,1,5,False,1000,1000
18458,198,betCent,10,0.8066281847133758,0,19,None,66,1,5,False,1000,1000
18459,199,betCent,10,0.8073248407643312,0,19,None,66,1,5,False,1000,1000
18460,195,betCent,10,0.8012539808917197,0,31,None,66,1,5,False,1000,1000
18461,196,betCent,10,0.8013535031847133,0,31,None,66,1,5,False,1000,1000
18462,197,betCent,10,0.8001592356687898,0,31,None,66,1,5,False,1000,1000
18463,198,betCent,10,0.8000597133757962,0,31,None,66,1,5,False,1000,1000
18464,199,betCent,10,0.8011544585987261,0,31,None,66,1,5,False,1000,1000
18465,195,betCent,10,0.8005573248407644,0,4,None,66,1,5,False,1000,1000
18466,196,betCent,10,0.8028463375796179,0,4,None,66,1,5,False,1000,1000
18467,197,betCent,10,0.804140127388535,0,4,None,66,1,5,False,1000,1000
18468,198,betCent,10,0.8051353503184714,0,4,None,66,1,5,False,1000,1000
18469,199,betCent,10,0.8053343949044586,0,4,None,66,1,5,False,1000,1000
18470,195,betCent,10,0.8058320063694268,0,3,None,66,1,5,False,1000,1000
18471,196,betCent,10,0.8059315286624203,0,3,None,66,1,5,False,1000,1000
18472,197,betCent,10,0.8063296178343949,0,3,None,66,1,5,False,1000,1000
18473,198,betCent,10,0.8067277070063694,0,3,None,66,1,5,False,1000,1000
18474,199,betCent,10,0.8071257961783439,0,3,None,66,1,5,False,1000,1000
18475,195,betCent,10,0.8044386942675159,0,20,None,66,1,5,False,1000,1000
18476,196,betCent,10,0.8075238853503185,0,20,None,66,1,5,False,1000,1000
18477,197,betCent,10,0.8092157643312102,0,20,None,66,1,5,False,1000,1000
18478,198,betCent,10,0.8088176751592356,0,20,None,66,1,5,False,1000,1000
18479,199,betCent,10,0.8093152866242038,0,20,None,66,1,5,False,1000,1000
0,0,unweighted_fl,10,0.2041202229299363,0,0,None,66,1,5,False,1000,1000
1,1,unweighted_fl,10,0.3129976114649681,0,0,None,66,1,5,False,1000,1000
2,2,unweighted_fl,10,0.3928144904458598,0,0,None,66,1,5,False,1000,1000
3,3,unweighted_fl,10,0.4004777070063694,0,0,None,66,1,5,False,1000,1000
4,4,unweighted_fl,10,0.3927149681528662,0,0,None,66,1,5,False,1000,1000
5,0,unweighted_fl,10,0.2970740445859872,0,1,None,66,1,5,False,1000,1000
6,1,unweighted_fl,10,0.272093949044586,0,1,None,66,1,5,False,1000,1000
7,2,unweighted_fl,10,0.2678144904458598,0,1,None,66,1,5,False,1000,1000
8,3,unweighted_fl,10,0.2897093949044586,0,1,None,66,1,5,False,1000,1000
9,4,unweighted_fl,10,0.3210589171974522,0,1,None,66,1,5,False,1000,1000
10,0,unweighted_fl,10,0.1976512738853503,0,3,None,66,1,5,False,1000,1000
11,1,unweighted_fl,10,0.2795581210191082,0,3,None,66,1,5,False,1000,1000
12,2,unweighted_fl,10,0.3460390127388535,0,3,None,66,1,5,False,1000,1000
13,3,unweighted_fl,10,0.3826632165605095,0,3,None,66,1,5,False,1000,1000
14,4,unweighted_fl,10,0.4244625796178344,0,3,None,66,1,5,False,1000,1000
15,0,unweighted_fl,10,0.1177348726114649,0,2,None,66,1,5,False,1000,1000
16,1,unweighted_fl,10,0.1975517515923567,0,2,None,66,1,5,False,1000,1000
17,2,unweighted_fl,10,0.2517914012738853,0,2,None,66,1,5,False,1000,1000
18,3,unweighted_fl,10,0.3194665605095541,0,2,None,66,1,5,False,1000,1000
19,4,unweighted_fl,10,0.386046974522293,0,2,None,66,1,5,False,1000,1000
20,0,unweighted_fl,10,0.2331807324840764,0,5,None,66,1,5,False,1000,1000
21,1,unweighted_fl,10,0.3066281847133758,0,5,None,66,1,5,False,1000,1000
22,2,unweighted_fl,10,0.3631568471337579,0,5,None,66,1,5,False,1000,1000
23,3,unweighted_fl,10,0.4004777070063694,0,5,None,66,1,5,False,1000,1000
24,4,unweighted_fl,10,0.4213773885350318,0,5,None,66,1,5,False,1000,1000
25,0,unweighted_fl,10,0.1649084394904458,0,4,None,66,1,5,False,1000,1000
26,1,unweighted_fl,10,0.2860270700636942,0,4,None,66,1,5,False,1000,1000
27,2,unweighted_fl,10,0.3317078025477707,0,4,None,66,1,5,False,1000,1000
28,3,unweighted_fl,10,0.3157842356687898,0,4,None,66,1,5,False,1000,1000
29,4,unweighted_fl,10,0.2982683121019108,0,4,None,66,1,5,False,1000,1000
30,0,unweighted_fl,10,0.107484076433121,0,6,None,66,1,5,False,1000,1000
31,1,unweighted_fl,10,0.1929737261146497,0,6,None,66,1,5,False,1000,1000
32,2,unweighted_fl,10,0.2459195859872611,0,6,None,66,1,5,False,1000,1000
33,3,unweighted_fl,10,0.2842356687898089,0,6,None,66,1,5,False,1000,1000
34,4,unweighted_fl,10,0.3093152866242038,0,6,None,66,1,5,False,1000,1000
35,0,unweighted_fl,10,0.1722730891719745,0,7,None,66,1,5,False,1000,1000
36,1,unweighted_fl,10,0.2569665605095541,0,7,None,66,1,5,False,1000,1000
37,2,unweighted_fl,10,0.3541003184713376,0,7,None,66,1,5,False,1000,1000
38,3,unweighted_fl,10,0.3802746815286624,0,7,None,66,1,5,False,1000,1000
39,4,unweighted_fl,10,0.4026671974522293,0,7,None,66,1,5,False,1000,1000
40,0,unweighted_fl,10,0.2357683121019108,0,8,None,66,1,5,False,1000,1000
41,1,unweighted_fl,10,0.2560708598726114,0,8,None,66,1,5,False,1000,1000
42,2,unweighted_fl,10,0.2442277070063694,0,8,None,66,1,5,False,1000,1000
43,3,unweighted_fl,10,0.2431329617834395,0,8,None,66,1,5,False,1000,1000
44,4,unweighted_fl,10,0.2579617834394904,0,8,None,66,1,5,False,1000,1000
45,0,unweighted_fl,10,0.2026273885350318,0,9,None,66,1,5,False,1000,1000
46,1,unweighted_fl,10,0.203921178343949,0,9,None,66,1,5,False,1000,1000
47,2,unweighted_fl,10,0.2532842356687898,0,9,None,66,1,5,False,1000,1000
48,3,unweighted_fl,10,0.268312101910828,0,9,None,66,1,5,False,1000,1000
49,4,unweighted_fl,10,0.2786624203821656,0,9,None,66,1,5,False,1000,1000
50,0,unweighted_fl,10,0.1024084394904458,0,10,None,66,1,5,False,1000,1000
51,1,unweighted_fl,10,0.2313893312101911,0,10,None,66,1,5,False,1000,1000
52,2,unweighted_fl,10,0.2760748407643312,0,10,None,66,1,5,False,1000,1000
53,3,unweighted_fl,10,0.2915007961783439,0,10,None,66,1,5,False,1000,1000
54,4,unweighted_fl,10,0.3119028662420382,0,10,None,66,1,5,False,1000,1000
55,0,unweighted_fl,10,0.1973527070063694,0,11,None,66,1,5,False,1000,1000
56,1,unweighted_fl,10,0.2036226114649681,0,11,None,66,1,5,False,1000,1000
57,2,unweighted_fl,10,0.2688097133757962,0,11,None,66,1,5,False,1000,1000
58,3,unweighted_fl,10,0.3404657643312102,0,11,None,66,1,5,False,1000,1000
59,4,unweighted_fl,10,0.3844546178343949,0,11,None,66,1,5,False,1000,1000
60,0,unweighted_fl,10,0.2465167197452229,0,12,None,66,1,5,False,1000,1000
61,1,unweighted_fl,10,0.3167794585987261,0,12,None,66,1,5,False,1000,1000
62,2,unweighted_fl,10,0.3105095541401274,0,12,None,66,1,5,False,1000,1000
63,3,unweighted_fl,10,0.3210589171974522,0,12,None,66,1,5,False,1000,1000
64,4,unweighted_fl,10,0.3576831210191082,0,12,None,66,1,5,False,1000,1000
65,0,unweighted_fl,10,0.1420183121019108,0,14,None,66,1,5,False,1000,1000
66,1,unweighted_fl,10,0.2668192675159235,0,14,None,66,1,5,False,1000,1000
67,2,unweighted_fl,10,0.3013535031847134,0,14,None,66,1,5,False,1000,1000
68,3,unweighted_fl,10,0.3102109872611465,0,14,None,66,1,5,False,1000,1000
69,4,unweighted_fl,10,0.3131966560509554,0,14,None,66,1,5,False,1000,1000
70,0,unweighted_fl,10,0.1572452229299363,0,13,None,66,1,5,False,1000,1000
71,1,unweighted_fl,10,0.2095939490445859,0,13,None,66,1,5,False,1000,1000
72,2,unweighted_fl,10,0.2825437898089172,0,13,None,66,1,5,False,1000,1000
73,3,unweighted_fl,10,0.3465366242038216,0,13,None,66,1,5,False,1000,1000
74,4,unweighted_fl,10,0.3916202229299363,0,13,None,66,1,5,False,1000,1000
75,0,unweighted_fl,10,0.0995222929936305,0,16,None,66,1,5,False,1000,1000
76,1,unweighted_fl,10,0.0996218152866242,0,16,None,66,1,5,False,1000,1000
77,2,unweighted_fl,10,0.1361464968152866,0,16,None,66,1,5,False,1000,1000
78,3,unweighted_fl,10,0.2167595541401273,0,16,None,66,1,5,False,1000,1000
79,4,unweighted_fl,10,0.2817476114649681,0,16,None,66,1,5,False,1000,1000
80,0,unweighted_fl,10,0.1649084394904458,0,15,None,66,1,5,False,1000,1000
81,1,unweighted_fl,10,0.2291003184713375,0,15,None,66,1,5,False,1000,1000
82,2,unweighted_fl,10,0.3128980891719745,0,15,None,66,1,5,False,1000,1000
83,3,unweighted_fl,10,0.3982882165605095,0,15,None,66,1,5,False,1000,1000
84,4,unweighted_fl,10,0.4297372611464968,0,15,None,66,1,5,False,1000,1000
85,0,unweighted_fl,10,0.2328821656050955,0,18,None,66,1,5,False,1000,1000
86,1,unweighted_fl,10,0.2380573248407643,0,18,None,66,1,5,False,1000,1000
87,2,unweighted_fl,10,0.2428343949044586,0,18,None,66,1,5,False,1000,1000
88,3,unweighted_fl,10,0.2517914012738853,0,18,None,66,1,5,False,1000,1000
89,4,unweighted_fl,10,0.3011544585987261,0,18,None,66,1,5,False,1000,1000
90,0,unweighted_fl,10,0.2298964968152866,0,17,None,66,1,5,False,1000,1000
91,1,unweighted_fl,10,0.2798566878980891,0,17,None,66,1,5,False,1000,1000
92,2,unweighted_fl,10,0.3473328025477707,0,17,None,66,1,5,False,1000,1000
93,3,unweighted_fl,10,0.4224721337579618,0,17,None,66,1,5,False,1000,1000
94,4,unweighted_fl,10,0.4664609872611465,0,17,None,66,1,5,False,1000,1000
95,0,unweighted_fl,10,0.0995222929936305,0,20,None,66,1,5,False,1000,1000
96,1,unweighted_fl,10,0.0995222929936305,0,20,None,66,1,5,False,1000,1000
97,2,unweighted_fl,10,0.0995222929936305,0,20,None,66,1,5,False,1000,1000
98,3,unweighted_fl,10,0.1007165605095541,0,20,None,66,1,5,False,1000,1000
99,4,unweighted_fl,10,0.1352507961783439,0,20,None,66,1,5,False,1000,1000
100,0,unweighted_fl,10,0.0995222929936305,0,19,None,66,1,5,False,1000,1000
101,1,unweighted_fl,10,0.1004179936305732,0,19,None,66,1,5,False,1000,1000
102,2,unweighted_fl,10,0.2302945859872611,0,19,None,66,1,5,False,1000,1000
103,3,unweighted_fl,10,0.3368829617834395,0,19,None,66,1,5,False,1000,1000
104,4,unweighted_fl,10,0.384952229299363,0,19,None,66,1,5,False,1000,1000
105,0,unweighted_fl,10,0.1114649681528662,0,21,None,66,1,5,False,1000,1000
106,1,unweighted_fl,10,0.2269108280254777,0,21,None,66,1,5,False,1000,1000
107,2,unweighted_fl,10,0.3302149681528662,0,21,None,66,1,5,False,1000,1000
108,3,unweighted_fl,10,0.3675358280254777,0,21,None,66,1,5,False,1000,1000
109,4,unweighted_fl,10,0.375,0,21,None,66,1,5,False,1000,1000
110,0,unweighted_fl,10,0.224124203821656,0,22,None,66,1,5,False,1000,1000
111,1,unweighted_fl,10,0.3558917197452229,0,22,None,66,1,5,False,1000,1000
112,2,unweighted_fl,10,0.4456608280254777,0,22,None,66,1,5,False,1000,1000
113,3,unweighted_fl,10,0.4105294585987261,0,22,None,66,1,5,False,1000,1000
114,4,unweighted_fl,10,0.3786823248407643,0,22,None,66,1,5,False,1000,1000
115,0,unweighted_fl,10,0.192078025477707,0,23,None,66,1,5,False,1000,1000
116,1,unweighted_fl,10,0.4347133757961783,0,23,None,66,1,5,False,1000,1000
117,2,unweighted_fl,10,0.4914410828025478,0,23,None,66,1,5,False,1000,1000
118,3,unweighted_fl,10,0.4833797770700637,0,23,None,66,1,5,False,1000,1000
119,4,unweighted_fl,10,0.4653662420382166,0,23,None,66,1,5,False,1000,1000
120,0,unweighted_fl,10,0.2465167197452229,0,24,None,66,1,5,False,1000,1000
121,1,unweighted_fl,10,0.4103304140127388,0,24,None,66,1,5,False,1000,1000
122,2,unweighted_fl,10,0.4618829617834395,0,24,None,66,1,5,False,1000,1000
123,3,unweighted_fl,10,0.4762141719745223,0,24,None,66,1,5,False,1000,1000
124,4,unweighted_fl,10,0.4873606687898089,0,24,None,66,1,5,False,1000,1000
125,0,unweighted_fl,10,0.2104896496815286,0,26,None,66,1,5,False,1000,1000
126,1,unweighted_fl,10,0.3196656050955414,0,26,None,66,1,5,False,1000,1000
127,2,unweighted_fl,10,0.3584792993630573,0,26,None,66,1,5,False,1000,1000
128,3,unweighted_fl,10,0.356389331210191,0,26,None,66,1,5,False,1000,1000
129,4,unweighted_fl,10,0.3473328025477707,0,26,None,66,1,5,False,1000,1000
130,0,unweighted_fl,10,0.1666998407643312,0,25,None,66,1,5,False,1000,1000
131,1,unweighted_fl,10,0.1369426751592356,0,25,None,66,1,5,False,1000,1000
132,2,unweighted_fl,10,0.1725716560509554,0,25,None,66,1,5,False,1000,1000
133,3,unweighted_fl,10,0.2486066878980891,0,25,None,66,1,5,False,1000,1000
134,4,unweighted_fl,10,0.3012539808917197,0,25,None,66,1,5,False,1000,1000
135,0,unweighted_fl,10,0.1931727707006369,0,28,None,66,1,5,False,1000,1000
136,1,unweighted_fl,10,0.3408638535031847,0,28,None,66,1,5,False,1000,1000
137,2,unweighted_fl,10,0.3750995222929936,0,28,None,66,1,5,False,1000,1000
138,3,unweighted_fl,10,0.384952229299363,0,28,None,66,1,5,False,1000,1000
139,4,unweighted_fl,10,0.3885350318471338,0,28,None,66,1,5,False,1000,1000
140,0,unweighted_fl,10,0.0995222929936305,0,27,None,66,1,5,False,1000,1000
141,1,unweighted_fl,10,0.0999203821656051,0,27,None,66,1,5,False,1000,1000
142,2,unweighted_fl,10,0.1059912420382165,0,27,None,66,1,5,False,1000,1000
143,3,unweighted_fl,10,0.1503781847133758,0,27,None,66,1,5,False,1000,1000
144,4,unweighted_fl,10,0.2036226114649681,0,27,None,66,1,5,False,1000,1000
145,0,unweighted_fl,10,0.2653264331210191,0,29,None,66,1,5,False,1000,1000
146,1,unweighted_fl,10,0.3377786624203822,0,29,None,66,1,5,False,1000,1000
147,2,unweighted_fl,10,0.3676353503184713,0,29,None,66,1,5,False,1000,1000
148,3,unweighted_fl,10,0.4002786624203822,0,29,None,66,1,5,False,1000,1000
149,4,unweighted_fl,10,0.424562101910828,0,29,None,66,1,5,False,1000,1000
150,0,unweighted_fl,10,0.2064092356687898,0,30,None,66,1,5,False,1000,1000
151,1,unweighted_fl,10,0.244327229299363,0,30,None,66,1,5,False,1000,1000
152,2,unweighted_fl,10,0.3086186305732484,0,30,None,66,1,5,False,1000,1000
153,3,unweighted_fl,10,0.4292396496815286,0,30,None,66,1,5,False,1000,1000
154,4,unweighted_fl,10,0.4467555732484076,0,30,None,66,1,5,False,1000,1000
155,0,unweighted_fl,10,0.1142515923566879,0,32,None,66,1,5,False,1000,1000
156,1,unweighted_fl,10,0.1720740445859872,0,32,None,66,1,5,False,1000,1000
157,2,unweighted_fl,10,0.2792595541401274,0,32,None,66,1,5,False,1000,1000
158,3,unweighted_fl,10,0.3303144904458598,0,32,None,66,1,5,False,1000,1000
159,4,unweighted_fl,10,0.3499203821656051,0,32,None,66,1,5,False,1000,1000
160,0,unweighted_fl,10,0.0995222929936305,0,31,None,66,1,5,False,1000,1000
161,1,unweighted_fl,10,0.1048964968152866,0,31,None,66,1,5,False,1000,1000
162,2,unweighted_fl,10,0.2357683121019108,0,31,None,66,1,5,False,1000,1000
163,3,unweighted_fl,10,0.2830414012738853,0,31,None,66,1,5,False,1000,1000
164,4,unweighted_fl,10,0.3325039808917197,0,31,None,66,1,5,False,1000,1000
165,5,unweighted_fl,10,0.0995222929936305,0,0,None,66,1,5,False,1000,1000
166,6,unweighted_fl,10,0.0995222929936305,0,0,None,66,1,5,False,1000,1000
167,7,unweighted_fl,10,0.0995222929936305,0,0,None,66,1,5,False,1000,1000
168,8,unweighted_fl,10,0.1525676751592356,0,0,None,66,1,5,False,1000,1000
169,9,unweighted_fl,10,0.0995222929936305,0,0,None,66,1,5,False,1000,1000
170,5,unweighted_fl,10,0.0995222929936305,0,2,None,66,1,5,False,1000,1000
171,6,unweighted_fl,10,0.0995222929936305,0,2,None,66,1,5,False,1000,1000
172,7,unweighted_fl,10,0.0995222929936305,0,2,None,66,1,5,False,1000,1000
173,8,unweighted_fl,10,0.0995222929936305,0,2,None,66,1,5,False,1000,1000
174,9,unweighted_fl,10,0.0995222929936305,0,2,None,66,1,5,False,1000,1000
175,5,unweighted_fl,10,0.0995222929936305,0,1,None,66,1,5,False,1000,1000
176,6,unweighted_fl,10,0.0995222929936305,0,1,None,66,1,5,False,1000,1000
177,7,unweighted_fl,10,0.0995222929936305,0,1,None,66,1,5,False,1000,1000
178,8,unweighted_fl,10,0.0995222929936305,0,1,None,66,1,5,False,1000,1000
179,9,unweighted_fl,10,0.0995222929936305,0,1,None,66,1,5,False,1000,1000
180,5,unweighted_fl,10,0.0995222929936305,0,3,None,66,1,5,False,1000,1000
181,6,unweighted_fl,10,0.0995222929936305,0,3,None,66,1,5,False,1000,1000
182,7,unweighted_fl,10,0.0995222929936305,0,3,None,66,1,5,False,1000,1000
183,8,unweighted_fl,10,0.0995222929936305,0,3,None,66,1,5,False,1000,1000
184,9,unweighted_fl,10,0.0995222929936305,0,3,None,66,1,5,False,1000,1000
185,5,unweighted_fl,10,0.0995222929936305,0,4,None,66,1,5,False,1000,1000
186,6,unweighted_fl,10,0.0995222929936305,0,4,None,66,1,5,False,1000,1000
187,7,unweighted_fl,10,0.0995222929936305,0,4,None,66,1,5,False,1000,1000
188,8,unweighted_fl,10,0.0995222929936305,0,4,None,66,1,5,False,1000,1000
189,9,unweighted_fl,10,0.0995222929936305,0,4,None,66,1,5,False,1000,1000
190,5,unweighted_fl,10,0.0995222929936305,0,5,None,66,1,5,False,1000,1000
191,6,unweighted_fl,10,0.0995222929936305,0,5,None,66,1,5,False,1000,1000
192,7,unweighted_fl,10,0.0995222929936305,0,5,None,66,1,5,False,1000,1000
193,8,unweighted_fl,10,0.0995222929936305,0,5,None,66,1,5,False,1000,1000
194,9,unweighted_fl,10,0.0995222929936305,0,5,None,66,1,5,False,1000,1000
195,5,unweighted_fl,10,0.0995222929936305,0,7,None,66,1,5,False,1000,1000
196,6,unweighted_fl,10,0.0995222929936305,0,7,None,66,1,5,False,1000,1000
197,7,unweighted_fl,10,0.0995222929936305,0,7,None,66,1,5,False,1000,1000
198,8,unweighted_fl,10,0.0995222929936305,0,7,None,66,1,5,False,1000,1000
199,9,unweighted_fl,10,0.0995222929936305,0,7,None,66,1,5,False,1000,1000
200,5,unweighted_fl,10,0.0995222929936305,0,6,None,66,1,5,False,1000,1000
201,6,unweighted_fl,10,0.0995222929936305,0,6,None,66,1,5,False,1000,1000
202,7,unweighted_fl,10,0.0995222929936305,0,6,None,66,1,5,False,1000,1000
203,8,unweighted_fl,10,0.0995222929936305,0,6,None,66,1,5,False,1000,1000
204,9,unweighted_fl,10,0.0995222929936305,0,6,None,66,1,5,False,1000,1000
205,5,unweighted_fl,10,0.0995222929936305,0,9,None,66,1,5,False,1000,1000
206,6,unweighted_fl,10,0.0995222929936305,0,9,None,66,1,5,False,1000,1000
207,7,unweighted_fl,10,0.0995222929936305,0,9,None,66,1,5,False,1000,1000
208,8,unweighted_fl,10,0.0995222929936305,0,9,None,66,1,5,False,1000,1000
209,9,unweighted_fl,10,0.0995222929936305,0,9,None,66,1,5,False,1000,1000
210,5,unweighted_fl,10,0.0995222929936305,0,8,None,66,1,5,False,1000,1000
211,6,unweighted_fl,10,0.0995222929936305,0,8,None,66,1,5,False,1000,1000
212,7,unweighted_fl,10,0.0995222929936305,0,8,None,66,1,5,False,1000,1000
213,8,unweighted_fl,10,0.0995222929936305,0,8,None,66,1,5,False,1000,1000
214,9,unweighted_fl,10,0.0995222929936305,0,8,None,66,1,5,False,1000,1000
215,5,unweighted_fl,10,0.0995222929936305,0,11,None,66,1,5,False,1000,1000
216,6,unweighted_fl,10,0.0995222929936305,0,11,None,66,1,5,False,1000,1000
217,7,unweighted_fl,10,0.0995222929936305,0,11,None,66,1,5,False,1000,1000
218,8,unweighted_fl,10,0.0995222929936305,0,11,None,66,1,5,False,1000,1000
219,9,unweighted_fl,10,0.0995222929936305,0,11,None,66,1,5,False,1000,1000
220,5,unweighted_fl,10,0.0995222929936305,0,10,None,66,1,5,False,1000,1000
221,6,unweighted_fl,10,0.0995222929936305,0,10,None,66,1,5,False,1000,1000
222,7,unweighted_fl,10,0.0995222929936305,0,10,None,66,1,5,False,1000,1000
223,8,unweighted_fl,10,0.0995222929936305,0,10,None,66,1,5,False,1000,1000
224,9,unweighted_fl,10,0.0995222929936305,0,10,None,66,1,5,False,1000,1000
225,5,unweighted_fl,10,0.0995222929936305,0,13,None,66,1,5,False,1000,1000
226,6,unweighted_fl,10,0.0995222929936305,0,13,None,66,1,5,False,1000,1000
227,7,unweighted_fl,10,0.0995222929936305,0,13,None,66,1,5,False,1000,1000
228,8,unweighted_fl,10,0.0995222929936305,0,13,None,66,1,5,False,1000,1000
229,9,unweighted_fl,10,0.0995222929936305,0,13,None,66,1,5,False,1000,1000
230,5,unweighted_fl,10,0.0995222929936305,0,12,None,66,1,5,False,1000,1000
231,6,unweighted_fl,10,0.0995222929936305,0,12,None,66,1,5,False,1000,1000
232,7,unweighted_fl,10,0.0995222929936305,0,12,None,66,1,5,False,1000,1000
233,8,unweighted_fl,10,0.0995222929936305,0,12,None,66,1,5,False,1000,1000
234,9,unweighted_fl,10,0.0995222929936305,0,12,None,66,1,5,False,1000,1000
235,5,unweighted_fl,10,0.0995222929936305,0,14,None,66,1,5,False,1000,1000
236,6,unweighted_fl,10,0.0995222929936305,0,14,None,66,1,5,False,1000,1000
237,7,unweighted_fl,10,0.0995222929936305,0,14,None,66,1,5,False,1000,1000
238,8,unweighted_fl,10,0.0995222929936305,0,14,None,66,1,5,False,1000,1000
239,9,unweighted_fl,10,0.0995222929936305,0,14,None,66,1,5,False,1000,1000
240,5,unweighted_fl,10,0.0995222929936305,0,15,None,66,1,5,False,1000,1000
241,6,unweighted_fl,10,0.0995222929936305,0,15,None,66,1,5,False,1000,1000
242,7,unweighted_fl,10,0.0995222929936305,0,15,None,66,1,5,False,1000,1000
243,8,unweighted_fl,10,0.0995222929936305,0,15,None,66,1,5,False,1000,1000
244,9,unweighted_fl,10,0.0995222929936305,0,15,None,66,1,5,False,1000,1000
245,5,unweighted_fl,10,0.0995222929936305,0,17,None,66,1,5,False,1000,1000
246,6,unweighted_fl,10,0.0995222929936305,0,17,None,66,1,5,False,1000,1000
247,7,unweighted_fl,10,0.0995222929936305,0,17,None,66,1,5,False,1000,1000
248,8,unweighted_fl,10,0.0995222929936305,0,17,None,66,1,5,False,1000,1000
249,9,unweighted_fl,10,0.0995222929936305,0,17,None,66,1,5,False,1000,1000
250,5,unweighted_fl,10,0.0995222929936305,0,16,None,66,1,5,False,1000,1000
251,6,unweighted_fl,10,0.0995222929936305,0,16,None,66,1,5,False,1000,1000
252,7,unweighted_fl,10,0.0995222929936305,0,16,None,66,1,5,False,1000,1000
253,8,unweighted_fl,10,0.0995222929936305,0,16,None,66,1,5,False,1000,1000
254,9,unweighted_fl,10,0.0995222929936305,0,16,None,66,1,5,False,1000,1000
255,5,unweighted_fl,10,0.0995222929936305,0,18,None,66,1,5,False,1000,1000
256,6,unweighted_fl,10,0.0995222929936305,0,18,None,66,1,5,False,1000,1000
257,7,unweighted_fl,10,0.0995222929936305,0,18,None,66,1,5,False,1000,1000
258,8,unweighted_fl,10,0.0995222929936305,0,18,None,66,1,5,False,1000,1000
259,9,unweighted_fl,10,0.0995222929936305,0,18,None,66,1,5,False,1000,1000
260,5,unweighted_fl,10,0.0995222929936305,0,20,None,66,1,5,False,1000,1000
261,6,unweighted_fl,10,0.0995222929936305,0,20,None,66,1,5,False,1000,1000
262,7,unweighted_fl,10,0.0995222929936305,0,20,None,66,1,5,False,1000,1000
263,8,unweighted_fl,10,0.0995222929936305,0,20,None,66,1,5,False,1000,1000
264,9,unweighted_fl,10,0.0995222929936305,0,20,None,66,1,5,False,1000,1000
265,5,unweighted_fl,10,0.0995222929936305,0,21,None,66,1,5,False,1000,1000
266,6,unweighted_fl,10,0.0995222929936305,0,21,None,66,1,5,False,1000,1000
267,7,unweighted_fl,10,0.0995222929936305,0,21,None,66,1,5,False,1000,1000
268,8,unweighted_fl,10,0.0995222929936305,0,21,None,66,1,5,False,1000,1000
269,9,unweighted_fl,10,0.0995222929936305,0,21,None,66,1,5,False,1000,1000
270,5,unweighted_fl,10,0.0995222929936305,0,19,None,66,1,5,False,1000,1000
271,6,unweighted_fl,10,0.0995222929936305,0,19,None,66,1,5,False,1000,1000
272,7,unweighted_fl,10,0.0995222929936305,0,19,None,66,1,5,False,1000,1000
273,8,unweighted_fl,10,0.0995222929936305,0,19,None,66,1,5,False,1000,1000
274,9,unweighted_fl,10,0.0995222929936305,0,19,None,66,1,5,False,1000,1000
275,5,unweighted_fl,10,0.0995222929936305,0,22,None,66,1,5,False,1000,1000
276,6,unweighted_fl,10,0.0995222929936305,0,22,None,66,1,5,False,1000,1000
277,7,unweighted_fl,10,0.0995222929936305,0,22,None,66,1,5,False,1000,1000
278,8,unweighted_fl,10,0.0995222929936305,0,22,None,66,1,5,False,1000,1000
279,9,unweighted_fl,10,0.0995222929936305,0,22,None,66,1,5,False,1000,1000
280,5,unweighted_fl,10,0.0995222929936305,0,24,None,66,1,5,False,1000,1000
281,6,unweighted_fl,10,0.0995222929936305,0,24,None,66,1,5,False,1000,1000
282,7,unweighted_fl,10,0.0995222929936305,0,24,None,66,1,5,False,1000,1000
283,8,unweighted_fl,10,0.0995222929936305,0,24,None,66,1,5,False,1000,1000
284,9,unweighted_fl,10,0.0995222929936305,0,24,None,66,1,5,False,1000,1000
285,5,unweighted_fl,10,0.0995222929936305,0,23,None,66,1,5,False,1000,1000
286,6,unweighted_fl,10,0.0995222929936305,0,23,None,66,1,5,False,1000,1000
287,7,unweighted_fl,10,0.0995222929936305,0,23,None,66,1,5,False,1000,1000
288,8,unweighted_fl,10,0.0995222929936305,0,23,None,66,1,5,False,1000,1000
289,9,unweighted_fl,10,0.0995222929936305,0,23,None,66,1,5,False,1000,1000
290,5,unweighted_fl,10,0.0995222929936305,0,25,None,66,1,5,False,1000,1000
291,6,unweighted_fl,10,0.0995222929936305,0,25,None,66,1,5,False,1000,1000
292,7,unweighted_fl,10,0.0995222929936305,0,25,None,66,1,5,False,1000,1000
293,8,unweighted_fl,10,0.0995222929936305,0,25,None,66,1,5,False,1000,1000
294,9,unweighted_fl,10,0.0995222929936305,0,25,None,66,1,5,False,1000,1000
295,5,unweighted_fl,10,0.0995222929936305,0,27,None,66,1,5,False,1000,1000
296,6,unweighted_fl,10,0.0995222929936305,0,27,None,66,1,5,False,1000,1000
297,7,unweighted_fl,10,0.0995222929936305,0,27,None,66,1,5,False,1000,1000
298,8,unweighted_fl,10,0.0995222929936305,0,27,None,66,1,5,False,1000,1000
299,9,unweighted_fl,10,0.0995222929936305,0,27,None,66,1,5,False,1000,1000
300,5,unweighted_fl,10,0.0995222929936305,0,26,None,66,1,5,False,1000,1000
301,6,unweighted_fl,10,0.0995222929936305,0,26,None,66,1,5,False,1000,1000
302,7,unweighted_fl,10,0.0995222929936305,0,26,None,66,1,5,False,1000,1000
303,8,unweighted_fl,10,0.0995222929936305,0,26,None,66,1,5,False,1000,1000
304,9,unweighted_fl,10,0.0995222929936305,0,26,None,66,1,5,False,1000,1000
305,5,unweighted_fl,10,0.0995222929936305,0,28,None,66,1,5,False,1000,1000
306,6,unweighted_fl,10,0.0995222929936305,0,28,None,66,1,5,False,1000,1000
307,7,unweighted_fl,10,0.0995222929936305,0,28,None,66,1,5,False,1000,1000
308,8,unweighted_fl,10,0.0995222929936305,0,28,None,66,1,5,False,1000,1000
309,9,unweighted_fl,10,0.0995222929936305,0,28,None,66,1,5,False,1000,1000
310,5,unweighted_fl,10,0.0995222929936305,0,29,None,66,1,5,False,1000,1000
311,6,unweighted_fl,10,0.0995222929936305,0,29,None,66,1,5,False,1000,1000
312,7,unweighted_fl,10,0.0995222929936305,0,29,None,66,1,5,False,1000,1000
313,8,unweighted_fl,10,0.0995222929936305,0,29,None,66,1,5,False,1000,1000
314,9,unweighted_fl,10,0.0995222929936305,0,29,None,66,1,5,False,1000,1000
315,5,unweighted_fl,10,0.0995222929936305,0,31,None,66,1,5,False,1000,1000
316,6,unweighted_fl,10,0.0995222929936305,0,31,None,66,1,5,False,1000,1000
317,7,unweighted_fl,10,0.0995222929936305,0,31,None,66,1,5,False,1000,1000
318,8,unweighted_fl,10,0.0995222929936305,0,31,None,66,1,5,False,1000,1000
319,9,unweighted_fl,10,0.0995222929936305,0,31,None,66,1,5,False,1000,1000
320,5,unweighted_fl,10,0.0995222929936305,0,30,None,66,1,5,False,1000,1000
321,6,unweighted_fl,10,0.0995222929936305,0,30,None,66,1,5,False,1000,1000
322,7,unweighted_fl,10,0.0995222929936305,0,30,None,66,1,5,False,1000,1000
323,8,unweighted_fl,10,0.0995222929936305,0,30,None,66,1,5,False,1000,1000
324,9,unweighted_fl,10,0.0995222929936305,0,30,None,66,1,5,False,1000,1000
325,5,unweighted_fl,10,0.0995222929936305,0,32,None,66,1,5,False,1000,1000
326,6,unweighted_fl,10,0.0995222929936305,0,32,None,66,1,5,False,1000,1000
327,7,unweighted_fl,10,0.0995222929936305,0,32,None,66,1,5,False,1000,1000
328,8,unweighted_fl,10,0.0995222929936305,0,32,None,66,1,5,False,1000,1000
329,9,unweighted_fl,10,0.0995222929936305,0,32,None,66,1,5,False,1000,1000
330,10,unweighted_fl,10,0.0995222929936305,0,1,None,66,1,5,False,1000,1000
331,11,unweighted_fl,10,0.0995222929936305,0,1,None,66,1,5,False,1000,1000
332,12,unweighted_fl,10,0.0995222929936305,0,1,None,66,1,5,False,1000,1000
333,13,unweighted_fl,10,0.0995222929936305,0,1,None,66,1,5,False,1000,1000
334,14,unweighted_fl,10,0.0995222929936305,0,1,None,66,1,5,False,1000,1000
335,10,unweighted_fl,10,0.0995222929936305,0,0,None,66,1,5,False,1000,1000
336,11,unweighted_fl,10,0.0995222929936305,0,0,None,66,1,5,False,1000,1000
337,12,unweighted_fl,10,0.0995222929936305,0,0,None,66,1,5,False,1000,1000
338,13,unweighted_fl,10,0.0995222929936305,0,0,None,66,1,5,False,1000,1000
339,14,unweighted_fl,10,0.0995222929936305,0,0,None,66,1,5,False,1000,1000
340,10,unweighted_fl,10,0.0995222929936305,0,2,None,66,1,5,False,1000,1000
341,11,unweighted_fl,10,0.0995222929936305,0,2,None,66,1,5,False,1000,1000
342,12,unweighted_fl,10,0.0995222929936305,0,2,None,66,1,5,False,1000,1000
343,13,unweighted_fl,10,0.0995222929936305,0,2,None,66,1,5,False,1000,1000
344,14,unweighted_fl,10,0.0995222929936305,0,2,None,66,1,5,False,1000,1000
345,10,unweighted_fl,10,0.0995222929936305,0,3,None,66,1,5,False,1000,1000
346,11,unweighted_fl,10,0.0995222929936305,0,3,None,66,1,5,False,1000,1000
347,12,unweighted_fl,10,0.0995222929936305,0,3,None,66,1,5,False,1000,1000
348,13,unweighted_fl,10,0.0995222929936305,0,3,None,66,1,5,False,1000,1000
349,14,unweighted_fl,10,0.0995222929936305,0,3,None,66,1,5,False,1000,1000
350,10,unweighted_fl,10,0.0995222929936305,0,4,None,66,1,5,False,1000,1000
351,11,unweighted_fl,10,0.0995222929936305,0,4,None,66,1,5,False,1000,1000
352,12,unweighted_fl,10,0.0995222929936305,0,4,None,66,1,5,False,1000,1000
353,13,unweighted_fl,10,0.0995222929936305,0,4,None,66,1,5,False,1000,1000
354,14,unweighted_fl,10,0.0995222929936305,0,4,None,66,1,5,False,1000,1000
355,10,unweighted_fl,10,0.0995222929936305,0,6,None,66,1,5,False,1000,1000
356,11,unweighted_fl,10,0.0995222929936305,0,6,None,66,1,5,False,1000,1000
357,12,unweighted_fl,10,0.0995222929936305,0,6,None,66,1,5,False,1000,1000
358,13,unweighted_fl,10,0.0995222929936305,0,6,None,66,1,5,False,1000,1000
359,14,unweighted_fl,10,0.0995222929936305,0,6,None,66,1,5,False,1000,1000
360,10,unweighted_fl,10,0.0995222929936305,0,5,None,66,1,5,False,1000,1000
361,11,unweighted_fl,10,0.0995222929936305,0,5,None,66,1,5,False,1000,1000
362,12,unweighted_fl,10,0.0995222929936305,0,5,None,66,1,5,False,1000,1000
363,13,unweighted_fl,10,0.0995222929936305,0,5,None,66,1,5,False,1000,1000
364,14,unweighted_fl,10,0.0995222929936305,0,5,None,66,1,5,False,1000,1000
365,10,unweighted_fl,10,0.0995222929936305,0,8,None,66,1,5,False,1000,1000
366,11,unweighted_fl,10,0.0995222929936305,0,8,None,66,1,5,False,1000,1000
367,12,unweighted_fl,10,0.0995222929936305,0,8,None,66,1,5,False,1000,1000
368,13,unweighted_fl,10,0.0995222929936305,0,8,None,66,1,5,False,1000,1000
369,14,unweighted_fl,10,0.0995222929936305,0,8,None,66,1,5,False,1000,1000
370,10,unweighted_fl,10,0.0995222929936305,0,7,None,66,1,5,False,1000,1000
371,11,unweighted_fl,10,0.0995222929936305,0,7,None,66,1,5,False,1000,1000
372,12,unweighted_fl,10,0.0995222929936305,0,7,None,66,1,5,False,1000,1000
373,13,unweighted_fl,10,0.0995222929936305,0,7,None,66,1,5,False,1000,1000
374,14,unweighted_fl,10,0.0995222929936305,0,7,None,66,1,5,False,1000,1000
375,10,unweighted_fl,10,0.0995222929936305,0,9,None,66,1,5,False,1000,1000
376,11,unweighted_fl,10,0.0995222929936305,0,9,None,66,1,5,False,1000,1000
377,12,unweighted_fl,10,0.0995222929936305,0,9,None,66,1,5,False,1000,1000
378,13,unweighted_fl,10,0.0995222929936305,0,9,None,66,1,5,False,1000,1000
379,14,unweighted_fl,10,0.0995222929936305,0,9,None,66,1,5,False,1000,1000
380,10,unweighted_fl,10,0.0995222929936305,0,10,None,66,1,5,False,1000,1000
381,11,unweighted_fl,10,0.0995222929936305,0,10,None,66,1,5,False,1000,1000
382,12,unweighted_fl,10,0.0995222929936305,0,10,None,66,1,5,False,1000,1000
383,13,unweighted_fl,10,0.0995222929936305,0,10,None,66,1,5,False,1000,1000
384,14,unweighted_fl,10,0.0995222929936305,0,10,None,66,1,5,False,1000,1000
385,10,unweighted_fl,10,0.0995222929936305,0,11,None,66,1,5,False,1000,1000
386,11,unweighted_fl,10,0.0995222929936305,0,11,None,66,1,5,False,1000,1000
387,12,unweighted_fl,10,0.0995222929936305,0,11,None,66,1,5,False,1000,1000
388,13,unweighted_fl,10,0.0995222929936305,0,11,None,66,1,5,False,1000,1000
389,14,unweighted_fl,10,0.0995222929936305,0,11,None,66,1,5,False,1000,1000
390,10,unweighted_fl,10,0.0995222929936305,0,12,None,66,1,5,False,1000,1000
391,11,unweighted_fl,10,0.0995222929936305,0,12,None,66,1,5,False,1000,1000
392,12,unweighted_fl,10,0.0995222929936305,0,12,None,66,1,5,False,1000,1000
393,13,unweighted_fl,10,0.0995222929936305,0,12,None,66,1,5,False,1000,1000
394,14,unweighted_fl,10,0.0995222929936305,0,12,None,66,1,5,False,1000,1000
395,10,unweighted_fl,10,0.0995222929936305,0,13,None,66,1,5,False,1000,1000
396,11,unweighted_fl,10,0.0995222929936305,0,13,None,66,1,5,False,1000,1000
397,12,unweighted_fl,10,0.0995222929936305,0,13,None,66,1,5,False,1000,1000
398,13,unweighted_fl,10,0.0995222929936305,0,13,None,66,1,5,False,1000,1000
399,14,unweighted_fl,10,0.0995222929936305,0,13,None,66,1,5,False,1000,1000
400,10,unweighted_fl,10,0.0995222929936305,0,14,None,66,1,5,False,1000,1000
401,11,unweighted_fl,10,0.0995222929936305,0,14,None,66,1,5,False,1000,1000
402,12,unweighted_fl,10,0.0995222929936305,0,14,None,66,1,5,False,1000,1000
403,13,unweighted_fl,10,0.0995222929936305,0,14,None,66,1,5,False,1000,1000
404,14,unweighted_fl,10,0.0995222929936305,0,14,None,66,1,5,False,1000,1000
405,10,unweighted_fl,10,0.0995222929936305,0,15,None,66,1,5,False,1000,1000
406,11,unweighted_fl,10,0.0995222929936305,0,15,None,66,1,5,False,1000,1000
407,12,unweighted_fl,10,0.0995222929936305,0,15,None,66,1,5,False,1000,1000
408,13,unweighted_fl,10,0.0995222929936305,0,15,None,66,1,5,False,1000,1000
409,14,unweighted_fl,10,0.1034036624203821,0,15,None,66,1,5,False,1000,1000
410,10,unweighted_fl,10,0.0995222929936305,0,16,None,66,1,5,False,1000,1000
411,11,unweighted_fl,10,0.0995222929936305,0,16,None,66,1,5,False,1000,1000
412,12,unweighted_fl,10,0.0995222929936305,0,16,None,66,1,5,False,1000,1000
413,13,unweighted_fl,10,0.0995222929936305,0,16,None,66,1,5,False,1000,1000
414,14,unweighted_fl,10,0.0995222929936305,0,16,None,66,1,5,False,1000,1000
415,10,unweighted_fl,10,0.0995222929936305,0,17,None,66,1,5,False,1000,1000
416,11,unweighted_fl,10,0.0995222929936305,0,17,None,66,1,5,False,1000,1000
417,12,unweighted_fl,10,0.0995222929936305,0,17,None,66,1,5,False,1000,1000
418,13,unweighted_fl,10,0.0995222929936305,0,17,None,66,1,5,False,1000,1000
419,14,unweighted_fl,10,0.0995222929936305,0,17,None,66,1,5,False,1000,1000
420,10,unweighted_fl,10,0.0995222929936305,0,19,None,66,1,5,False,1000,1000
421,11,unweighted_fl,10,0.0995222929936305,0,19,None,66,1,5,False,1000,1000
422,12,unweighted_fl,10,0.106389331210191,0,19,None,66,1,5,False,1000,1000
423,13,unweighted_fl,10,0.0995222929936305,0,19,None,66,1,5,False,1000,1000
424,14,unweighted_fl,10,0.0995222929936305,0,19,None,66,1,5,False,1000,1000
425,10,unweighted_fl,10,0.0995222929936305,0,18,None,66,1,5,False,1000,1000
426,11,unweighted_fl,10,0.0995222929936305,0,18,None,66,1,5,False,1000,1000
427,12,unweighted_fl,10,0.0995222929936305,0,18,None,66,1,5,False,1000,1000
428,13,unweighted_fl,10,0.0995222929936305,0,18,None,66,1,5,False,1000,1000
429,14,unweighted_fl,10,0.0995222929936305,0,18,None,66,1,5,False,1000,1000
430,10,unweighted_fl,10,0.0995222929936305,0,21,None,66,1,5,False,1000,1000
431,11,unweighted_fl,10,0.0995222929936305,0,21,None,66,1,5,False,1000,1000
432,12,unweighted_fl,10,0.0995222929936305,0,21,None,66,1,5,False,1000,1000
433,13,unweighted_fl,10,0.0995222929936305,0,21,None,66,1,5,False,1000,1000
434,14,unweighted_fl,10,0.0995222929936305,0,21,None,66,1,5,False,1000,1000
435,10,unweighted_fl,10,0.0995222929936305,0,20,None,66,1,5,False,1000,1000
436,11,unweighted_fl,10,0.0995222929936305,0,20,None,66,1,5,False,1000,1000
437,12,unweighted_fl,10,0.1469944267515923,0,20,None,66,1,5,False,1000,1000
438,13,unweighted_fl,10,0.0995222929936305,0,20,None,66,1,5,False,1000,1000
439,14,unweighted_fl,10,0.0995222929936305,0,20,None,66,1,5,False,1000,1000
440,10,unweighted_fl,10,0.0995222929936305,0,23,None,66,1,5,False,1000,1000
441,11,unweighted_fl,10,0.0995222929936305,0,23,None,66,1,5,False,1000,1000
442,12,unweighted_fl,10,0.0995222929936305,0,23,None,66,1,5,False,1000,1000
443,13,unweighted_fl,10,0.0995222929936305,0,23,None,66,1,5,False,1000,1000
444,14,unweighted_fl,10,0.0995222929936305,0,23,None,66,1,5,False,1000,1000
445,10,unweighted_fl,10,0.0995222929936305,0,22,None,66,1,5,False,1000,1000
446,11,unweighted_fl,10,0.0995222929936305,0,22,None,66,1,5,False,1000,1000
447,12,unweighted_fl,10,0.0995222929936305,0,22,None,66,1,5,False,1000,1000
448,13,unweighted_fl,10,0.0995222929936305,0,22,None,66,1,5,False,1000,1000
449,14,unweighted_fl,10,0.0995222929936305,0,22,None,66,1,5,False,1000,1000
450,10,unweighted_fl,10,0.0995222929936305,0,24,None,66,1,5,False,1000,1000
451,11,unweighted_fl,10,0.0995222929936305,0,24,None,66,1,5,False,1000,1000
452,12,unweighted_fl,10,0.0995222929936305,0,24,None,66,1,5,False,1000,1000
453,13,unweighted_fl,10,0.0995222929936305,0,24,None,66,1,5,False,1000,1000
454,14,unweighted_fl,10,0.0995222929936305,0,24,None,66,1,5,False,1000,1000
455,10,unweighted_fl,10,0.0995222929936305,0,25,None,66,1,5,False,1000,1000
456,11,unweighted_fl,10,0.0995222929936305,0,25,None,66,1,5,False,1000,1000
457,12,unweighted_fl,10,0.0995222929936305,0,25,None,66,1,5,False,1000,1000
458,13,unweighted_fl,10,0.0995222929936305,0,25,None,66,1,5,False,1000,1000
459,14,unweighted_fl,10,0.0995222929936305,0,25,None,66,1,5,False,1000,1000
460,10,unweighted_fl,10,0.0995222929936305,0,26,None,66,1,5,False,1000,1000
461,11,unweighted_fl,10,0.0995222929936305,0,26,None,66,1,5,False,1000,1000
462,12,unweighted_fl,10,0.0995222929936305,0,26,None,66,1,5,False,1000,1000
463,13,unweighted_fl,10,0.0995222929936305,0,26,None,66,1,5,False,1000,1000
464,14,unweighted_fl,10,0.0995222929936305,0,26,None,66,1,5,False,1000,1000
465,10,unweighted_fl,10,0.0995222929936305,0,27,None,66,1,5,False,1000,1000
466,11,unweighted_fl,10,0.0995222929936305,0,27,None,66,1,5,False,1000,1000
467,12,unweighted_fl,10,0.0995222929936305,0,27,None,66,1,5,False,1000,1000
468,13,unweighted_fl,10,0.0995222929936305,0,27,None,66,1,5,False,1000,1000
469,14,unweighted_fl,10,0.0995222929936305,0,27,None,66,1,5,False,1000,1000
470,10,unweighted_fl,10,0.0995222929936305,0,28,None,66,1,5,False,1000,1000
471,11,unweighted_fl,10,0.0995222929936305,0,28,None,66,1,5,False,1000,1000
472,12,unweighted_fl,10,0.0995222929936305,0,28,None,66,1,5,False,1000,1000
473,13,unweighted_fl,10,0.0995222929936305,0,28,None,66,1,5,False,1000,1000
474,14,unweighted_fl,10,0.0995222929936305,0,28,None,66,1,5,False,1000,1000
475,10,unweighted_fl,10,0.0995222929936305,0,29,None,66,1,5,False,1000,1000
476,11,unweighted_fl,10,0.0995222929936305,0,29,None,66,1,5,False,1000,1000
477,12,unweighted_fl,10,0.0995222929936305,0,29,None,66,1,5,False,1000,1000
478,13,unweighted_fl,10,0.0995222929936305,0,29,None,66,1,5,False,1000,1000
479,14,unweighted_fl,10,0.0995222929936305,0,29,None,66,1,5,False,1000,1000
480,10,unweighted_fl,10,0.0995222929936305,0,30,None,66,1,5,False,1000,1000
481,11,unweighted_fl,10,0.0995222929936305,0,30,None,66,1,5,False,1000,1000
482,12,unweighted_fl,10,0.0995222929936305,0,30,None,66,1,5,False,1000,1000
483,13,unweighted_fl,10,0.0995222929936305,0,30,None,66,1,5,False,1000,1000
484,14,unweighted_fl,10,0.0995222929936305,0,30,None,66,1,5,False,1000,1000
485,10,unweighted_fl,10,0.0995222929936305,0,31,None,66,1,5,False,1000,1000
486,11,unweighted_fl,10,0.0995222929936305,0,31,None,66,1,5,False,1000,1000
487,12,unweighted_fl,10,0.0995222929936305,0,31,None,66,1,5,False,1000,1000
488,13,unweighted_fl,10,0.0995222929936305,0,31,None,66,1,5,False,1000,1000
489,14,unweighted_fl,10,0.0995222929936305,0,31,None,66,1,5,False,1000,1000
490,10,unweighted_fl,10,0.0995222929936305,0,32,None,66,1,5,False,1000,1000
491,11,unweighted_fl,10,0.0995222929936305,0,32,None,66,1,5,False,1000,1000
492,12,unweighted_fl,10,0.0995222929936305,0,32,None,66,1,5,False,1000,1000
493,13,unweighted_fl,10,0.0995222929936305,0,32,None,66,1,5,False,1000,1000
494,14,unweighted_fl,10,0.0995222929936305,0,32,None,66,1,5,False,1000,1000
495,15,unweighted_fl,10,0.0995222929936305,0,1,None,66,1,5,False,1000,1000
496,16,unweighted_fl,10,0.0995222929936305,0,1,None,66,1,5,False,1000,1000
497,17,unweighted_fl,10,0.0995222929936305,0,1,None,66,1,5,False,1000,1000
498,18,unweighted_fl,10,0.0995222929936305,0,1,None,66,1,5,False,1000,1000
499,19,unweighted_fl,10,0.0995222929936305,0,1,None,66,1,5,False,1000,1000
500,15,unweighted_fl,10,0.0995222929936305,0,0,None,66,1,5,False,1000,1000
501,16,unweighted_fl,10,0.0995222929936305,0,0,None,66,1,5,False,1000,1000
502,17,unweighted_fl,10,0.0995222929936305,0,0,None,66,1,5,False,1000,1000
503,18,unweighted_fl,10,0.0995222929936305,0,0,None,66,1,5,False,1000,1000
504,19,unweighted_fl,10,0.0995222929936305,0,0,None,66,1,5,False,1000,1000
505,15,unweighted_fl,10,0.0995222929936305,0,2,None,66,1,5,False,1000,1000
506,16,unweighted_fl,10,0.0995222929936305,0,2,None,66,1,5,False,1000,1000
507,17,unweighted_fl,10,0.0995222929936305,0,2,None,66,1,5,False,1000,1000
508,18,unweighted_fl,10,0.0995222929936305,0,2,None,66,1,5,False,1000,1000
509,19,unweighted_fl,10,0.0995222929936305,0,2,None,66,1,5,False,1000,1000
510,15,unweighted_fl,10,0.0995222929936305,0,4,None,66,1,5,False,1000,1000
511,16,unweighted_fl,10,0.0995222929936305,0,4,None,66,1,5,False,1000,1000
512,17,unweighted_fl,10,0.0995222929936305,0,4,None,66,1,5,False,1000,1000
513,18,unweighted_fl,10,0.0995222929936305,0,4,None,66,1,5,False,1000,1000
514,19,unweighted_fl,10,0.0995222929936305,0,4,None,66,1,5,False,1000,1000
515,15,unweighted_fl,10,0.0995222929936305,0,3,None,66,1,5,False,1000,1000
516,16,unweighted_fl,10,0.0995222929936305,0,3,None,66,1,5,False,1000,1000
517,17,unweighted_fl,10,0.0995222929936305,0,3,None,66,1,5,False,1000,1000
518,18,unweighted_fl,10,0.0995222929936305,0,3,None,66,1,5,False,1000,1000
519,19,unweighted_fl,10,0.0995222929936305,0,3,None,66,1,5,False,1000,1000
520,15,unweighted_fl,10,0.0995222929936305,0,5,None,66,1,5,False,1000,1000
521,16,unweighted_fl,10,0.0995222929936305,0,5,None,66,1,5,False,1000,1000
522,17,unweighted_fl,10,0.0995222929936305,0,5,None,66,1,5,False,1000,1000
523,18,unweighted_fl,10,0.0995222929936305,0,5,None,66,1,5,False,1000,1000
524,19,unweighted_fl,10,0.0995222929936305,0,5,None,66,1,5,False,1000,1000
525,15,unweighted_fl,10,0.0995222929936305,0,7,None,66,1,5,False,1000,1000
526,16,unweighted_fl,10,0.0995222929936305,0,7,None,66,1,5,False,1000,1000
527,17,unweighted_fl,10,0.0995222929936305,0,7,None,66,1,5,False,1000,1000
528,18,unweighted_fl,10,0.0995222929936305,0,7,None,66,1,5,False,1000,1000
529,19,unweighted_fl,10,0.0995222929936305,0,7,None,66,1,5,False,1000,1000
530,15,unweighted_fl,10,0.0995222929936305,0,6,None,66,1,5,False,1000,1000
531,16,unweighted_fl,10,0.0995222929936305,0,6,None,66,1,5,False,1000,1000
532,17,unweighted_fl,10,0.0995222929936305,0,6,None,66,1,5,False,1000,1000
533,18,unweighted_fl,10,0.0995222929936305,0,6,None,66,1,5,False,1000,1000
534,19,unweighted_fl,10,0.0995222929936305,0,6,None,66,1,5,False,1000,1000
535,15,unweighted_fl,10,0.0995222929936305,0,8,None,66,1,5,False,1000,1000
536,16,unweighted_fl,10,0.0995222929936305,0,8,None,66,1,5,False,1000,1000
537,17,unweighted_fl,10,0.0995222929936305,0,8,None,66,1,5,False,1000,1000
538,18,unweighted_fl,10,0.0995222929936305,0,8,None,66,1,5,False,1000,1000
539,19,unweighted_fl,10,0.0995222929936305,0,8,None,66,1,5,False,1000,1000
540,15,unweighted_fl,10,0.0995222929936305,0,10,None,66,1,5,False,1000,1000
541,16,unweighted_fl,10,0.0995222929936305,0,10,None,66,1,5,False,1000,1000
542,17,unweighted_fl,10,0.0995222929936305,0,10,None,66,1,5,False,1000,1000
543,18,unweighted_fl,10,0.0995222929936305,0,10,None,66,1,5,False,1000,1000
544,19,unweighted_fl,10,0.0995222929936305,0,10,None,66,1,5,False,1000,1000
545,15,unweighted_fl,10,0.0995222929936305,0,11,None,66,1,5,False,1000,1000
546,16,unweighted_fl,10,0.0995222929936305,0,11,None,66,1,5,False,1000,1000
547,17,unweighted_fl,10,0.0995222929936305,0,11,None,66,1,5,False,1000,1000
548,18,unweighted_fl,10,0.0995222929936305,0,11,None,66,1,5,False,1000,1000
549,19,unweighted_fl,10,0.0995222929936305,0,11,None,66,1,5,False,1000,1000
550,15,unweighted_fl,10,0.0995222929936305,0,9,None,66,1,5,False,1000,1000
551,16,unweighted_fl,10,0.0995222929936305,0,9,None,66,1,5,False,1000,1000
552,17,unweighted_fl,10,0.0995222929936305,0,9,None,66,1,5,False,1000,1000
553,18,unweighted_fl,10,0.0995222929936305,0,9,None,66,1,5,False,1000,1000
554,19,unweighted_fl,10,0.0995222929936305,0,9,None,66,1,5,False,1000,1000
555,15,unweighted_fl,10,0.0995222929936305,0,13,None,66,1,5,False,1000,1000
556,16,unweighted_fl,10,0.0995222929936305,0,13,None,66,1,5,False,1000,1000
557,17,unweighted_fl,10,0.0995222929936305,0,13,None,66,1,5,False,1000,1000
558,18,unweighted_fl,10,0.0995222929936305,0,13,None,66,1,5,False,1000,1000
559,19,unweighted_fl,10,0.0995222929936305,0,13,None,66,1,5,False,1000,1000
560,15,unweighted_fl,10,0.0995222929936305,0,12,None,66,1,5,False,1000,1000
561,16,unweighted_fl,10,0.0995222929936305,0,12,None,66,1,5,False,1000,1000
562,17,unweighted_fl,10,0.0995222929936305,0,12,None,66,1,5,False,1000,1000
563,18,unweighted_fl,10,0.0995222929936305,0,12,None,66,1,5,False,1000,1000
564,19,unweighted_fl,10,0.0995222929936305,0,12,None,66,1,5,False,1000,1000
565,15,unweighted_fl,10,0.0995222929936305,0,15,None,66,1,5,False,1000,1000
566,16,unweighted_fl,10,0.0995222929936305,0,15,None,66,1,5,False,1000,1000
567,17,unweighted_fl,10,0.0995222929936305,0,15,None,66,1,5,False,1000,1000
568,18,unweighted_fl,10,0.0995222929936305,0,15,None,66,1,5,False,1000,1000
569,19,unweighted_fl,10,0.0995222929936305,0,15,None,66,1,5,False,1000,1000
570,15,unweighted_fl,10,0.0995222929936305,0,14,None,66,1,5,False,1000,1000
571,16,unweighted_fl,10,0.0995222929936305,0,14,None,66,1,5,False,1000,1000
572,17,unweighted_fl,10,0.0995222929936305,0,14,None,66,1,5,False,1000,1000
573,18,unweighted_fl,10,0.0995222929936305,0,14,None,66,1,5,False,1000,1000
574,19,unweighted_fl,10,0.0995222929936305,0,14,None,66,1,5,False,1000,1000
575,15,unweighted_fl,10,0.0995222929936305,0,16,None,66,1,5,False,1000,1000
576,16,unweighted_fl,10,0.0995222929936305,0,16,None,66,1,5,False,1000,1000
577,17,unweighted_fl,10,0.0995222929936305,0,16,None,66,1,5,False,1000,1000
578,18,unweighted_fl,10,0.0995222929936305,0,16,None,66,1,5,False,1000,1000
579,19,unweighted_fl,10,0.0995222929936305,0,16,None,66,1,5,False,1000,1000
580,15,unweighted_fl,10,0.0995222929936305,0,18,None,66,1,5,False,1000,1000
581,16,unweighted_fl,10,0.0995222929936305,0,18,None,66,1,5,False,1000,1000
582,17,unweighted_fl,10,0.0995222929936305,0,18,None,66,1,5,False,1000,1000
583,18,unweighted_fl,10,0.0995222929936305,0,18,None,66,1,5,False,1000,1000
584,19,unweighted_fl,10,0.0995222929936305,0,18,None,66,1,5,False,1000,1000
585,15,unweighted_fl,10,0.0995222929936305,0,17,None,66,1,5,False,1000,1000
586,16,unweighted_fl,10,0.0995222929936305,0,17,None,66,1,5,False,1000,1000
587,17,unweighted_fl,10,0.0995222929936305,0,17,None,66,1,5,False,1000,1000
588,18,unweighted_fl,10,0.0995222929936305,0,17,None,66,1,5,False,1000,1000
589,19,unweighted_fl,10,0.0995222929936305,0,17,None,66,1,5,False,1000,1000
590,15,unweighted_fl,10,0.0995222929936305,0,19,None,66,1,5,False,1000,1000
591,16,unweighted_fl,10,0.0995222929936305,0,19,None,66,1,5,False,1000,1000
592,17,unweighted_fl,10,0.0995222929936305,0,19,None,66,1,5,False,1000,1000
593,18,unweighted_fl,10,0.0995222929936305,0,19,None,66,1,5,False,1000,1000
594,19,unweighted_fl,10,0.0995222929936305,0,19,None,66,1,5,False,1000,1000
595,15,unweighted_fl,10,0.0995222929936305,0,21,None,66,1,5,False,1000,1000
596,16,unweighted_fl,10,0.0995222929936305,0,21,None,66,1,5,False,1000,1000
597,17,unweighted_fl,10,0.0995222929936305,0,21,None,66,1,5,False,1000,1000
598,18,unweighted_fl,10,0.0995222929936305,0,21,None,66,1,5,False,1000,1000
599,19,unweighted_fl,10,0.0995222929936305,0,21,None,66,1,5,False,1000,1000
600,15,unweighted_fl,10,0.0995222929936305,0,22,None,66,1,5,False,1000,1000
601,16,unweighted_fl,10,0.0995222929936305,0,22,None,66,1,5,False,1000,1000
602,17,unweighted_fl,10,0.0995222929936305,0,22,None,66,1,5,False,1000,1000
603,18,unweighted_fl,10,0.0995222929936305,0,22,None,66,1,5,False,1000,1000
604,19,unweighted_fl,10,0.0995222929936305,0,22,None,66,1,5,False,1000,1000
605,15,unweighted_fl,10,0.0995222929936305,0,20,None,66,1,5,False,1000,1000
606,16,unweighted_fl,10,0.0995222929936305,0,20,None,66,1,5,False,1000,1000
607,17,unweighted_fl,10,0.0995222929936305,0,20,None,66,1,5,False,1000,1000
608,18,unweighted_fl,10,0.0995222929936305,0,20,None,66,1,5,False,1000,1000
609,19,unweighted_fl,10,0.0995222929936305,0,20,None,66,1,5,False,1000,1000
610,15,unweighted_fl,10,0.0995222929936305,0,23,None,66,1,5,False,1000,1000
611,16,unweighted_fl,10,0.0995222929936305,0,23,None,66,1,5,False,1000,1000
612,17,unweighted_fl,10,0.0995222929936305,0,23,None,66,1,5,False,1000,1000
613,18,unweighted_fl,10,0.0995222929936305,0,23,None,66,1,5,False,1000,1000
614,19,unweighted_fl,10,0.0995222929936305,0,23,None,66,1,5,False,1000,1000
615,15,unweighted_fl,10,0.0995222929936305,0,24,None,66,1,5,False,1000,1000
616,16,unweighted_fl,10,0.0995222929936305,0,24,None,66,1,5,False,1000,1000
617,17,unweighted_fl,10,0.0995222929936305,0,24,None,66,1,5,False,1000,1000
618,18,unweighted_fl,10,0.0995222929936305,0,24,None,66,1,5,False,1000,1000
619,19,unweighted_fl,10,0.0995222929936305,0,24,None,66,1,5,False,1000,1000
620,15,unweighted_fl,10,0.0995222929936305,0,25,None,66,1,5,False,1000,1000
621,16,unweighted_fl,10,0.0995222929936305,0,25,None,66,1,5,False,1000,1000
622,17,unweighted_fl,10,0.0995222929936305,0,25,None,66,1,5,False,1000,1000
623,18,unweighted_fl,10,0.0995222929936305,0,25,None,66,1,5,False,1000,1000
624,19,unweighted_fl,10,0.0995222929936305,0,25,None,66,1,5,False,1000,1000
625,15,unweighted_fl,10,0.0995222929936305,0,26,None,66,1,5,False,1000,1000
626,16,unweighted_fl,10,0.0995222929936305,0,26,None,66,1,5,False,1000,1000
627,17,unweighted_fl,10,0.0995222929936305,0,26,None,66,1,5,False,1000,1000
628,18,unweighted_fl,10,0.0995222929936305,0,26,None,66,1,5,False,1000,1000
629,19,unweighted_fl,10,0.0995222929936305,0,26,None,66,1,5,False,1000,1000
630,15,unweighted_fl,10,0.0995222929936305,0,27,None,66,1,5,False,1000,1000
631,16,unweighted_fl,10,0.0995222929936305,0,27,None,66,1,5,False,1000,1000
632,17,unweighted_fl,10,0.0995222929936305,0,27,None,66,1,5,False,1000,1000
633,18,unweighted_fl,10,0.0995222929936305,0,27,None,66,1,5,False,1000,1000
634,19,unweighted_fl,10,0.0995222929936305,0,27,None,66,1,5,False,1000,1000
635,15,unweighted_fl,10,0.0995222929936305,0,29,None,66,1,5,False,1000,1000
636,16,unweighted_fl,10,0.0995222929936305,0,29,None,66,1,5,False,1000,1000
637,17,unweighted_fl,10,0.0995222929936305,0,29,None,66,1,5,False,1000,1000
638,18,unweighted_fl,10,0.0995222929936305,0,29,None,66,1,5,False,1000,1000
639,19,unweighted_fl,10,0.0995222929936305,0,29,None,66,1,5,False,1000,1000
640,15,unweighted_fl,10,0.0995222929936305,0,28,None,66,1,5,False,1000,1000
641,16,unweighted_fl,10,0.0995222929936305,0,28,None,66,1,5,False,1000,1000
642,17,unweighted_fl,10,0.0995222929936305,0,28,None,66,1,5,False,1000,1000
643,18,unweighted_fl,10,0.0995222929936305,0,28,None,66,1,5,False,1000,1000
644,19,unweighted_fl,10,0.0995222929936305,0,28,None,66,1,5,False,1000,1000
645,15,unweighted_fl,10,0.0995222929936305,0,30,None,66,1,5,False,1000,1000
646,16,unweighted_fl,10,0.0995222929936305,0,30,None,66,1,5,False,1000,1000
647,17,unweighted_fl,10,0.0995222929936305,0,30,None,66,1,5,False,1000,1000
648,18,unweighted_fl,10,0.0995222929936305,0,30,None,66,1,5,False,1000,1000
649,19,unweighted_fl,10,0.0995222929936305,0,30,None,66,1,5,False,1000,1000
650,15,unweighted_fl,10,0.0995222929936305,0,32,None,66,1,5,False,1000,1000
651,16,unweighted_fl,10,0.0995222929936305,0,32,None,66,1,5,False,1000,1000
652,17,unweighted_fl,10,0.0995222929936305,0,32,None,66,1,5,False,1000,1000
653,18,unweighted_fl,10,0.0995222929936305,0,32,None,66,1,5,False,1000,1000
654,19,unweighted_fl,10,0.0995222929936305,0,32,None,66,1,5,False,1000,1000
655,15,unweighted_fl,10,0.0995222929936305,0,31,None,66,1,5,False,1000,1000
656,16,unweighted_fl,10,0.0995222929936305,0,31,None,66,1,5,False,1000,1000
657,17,unweighted_fl,10,0.0995222929936305,0,31,None,66,1,5,False,1000,1000
658,18,unweighted_fl,10,0.0995222929936305,0,31,None,66,1,5,False,1000,1000
659,19,unweighted_fl,10,0.0995222929936305,0,31,None,66,1,5,False,1000,1000
660,20,unweighted_fl,10,0.0995222929936305,0,0,None,66,1,5,False,1000,1000
661,21,unweighted_fl,10,0.0996218152866242,0,0,None,66,1,5,False,1000,1000
662,22,unweighted_fl,10,0.0995222929936305,0,0,None,66,1,5,False,1000,1000
663,23,unweighted_fl,10,0.0995222929936305,0,0,None,66,1,5,False,1000,1000
664,24,unweighted_fl,10,0.0995222929936305,0,0,None,66,1,5,False,1000,1000
665,20,unweighted_fl,10,0.0995222929936305,0,2,None,66,1,5,False,1000,1000
666,21,unweighted_fl,10,0.0995222929936305,0,2,None,66,1,5,False,1000,1000
667,22,unweighted_fl,10,0.0995222929936305,0,2,None,66,1,5,False,1000,1000
668,23,unweighted_fl,10,0.0995222929936305,0,2,None,66,1,5,False,1000,1000
669,24,unweighted_fl,10,0.0995222929936305,0,2,None,66,1,5,False,1000,1000
670,20,unweighted_fl,10,0.0995222929936305,0,1,None,66,1,5,False,1000,1000
671,21,unweighted_fl,10,0.0995222929936305,0,1,None,66,1,5,False,1000,1000
672,22,unweighted_fl,10,0.0995222929936305,0,1,None,66,1,5,False,1000,1000
673,23,unweighted_fl,10,0.0995222929936305,0,1,None,66,1,5,False,1000,1000
674,24,unweighted_fl,10,0.0995222929936305,0,1,None,66,1,5,False,1000,1000
675,20,unweighted_fl,10,0.0995222929936305,0,3,None,66,1,5,False,1000,1000
676,21,unweighted_fl,10,0.0995222929936305,0,3,None,66,1,5,False,1000,1000
677,22,unweighted_fl,10,0.0995222929936305,0,3,None,66,1,5,False,1000,1000
678,23,unweighted_fl,10,0.0995222929936305,0,3,None,66,1,5,False,1000,1000
679,24,unweighted_fl,10,0.0995222929936305,0,3,None,66,1,5,False,1000,1000
680,20,unweighted_fl,10,0.0995222929936305,0,5,None,66,1,5,False,1000,1000
681,21,unweighted_fl,10,0.0995222929936305,0,5,None,66,1,5,False,1000,1000
682,22,unweighted_fl,10,0.0995222929936305,0,5,None,66,1,5,False,1000,1000
683,23,unweighted_fl,10,0.0995222929936305,0,5,None,66,1,5,False,1000,1000
684,24,unweighted_fl,10,0.0995222929936305,0,5,None,66,1,5,False,1000,1000
685,20,unweighted_fl,10,0.0995222929936305,0,6,None,66,1,5,False,1000,1000
686,21,unweighted_fl,10,0.0995222929936305,0,6,None,66,1,5,False,1000,1000
687,22,unweighted_fl,10,0.0995222929936305,0,6,None,66,1,5,False,1000,1000
688,23,unweighted_fl,10,0.0995222929936305,0,6,None,66,1,5,False,1000,1000
689,24,unweighted_fl,10,0.0995222929936305,0,6,None,66,1,5,False,1000,1000
690,20,unweighted_fl,10,0.0995222929936305,0,4,None,66,1,5,False,1000,1000
691,21,unweighted_fl,10,0.0995222929936305,0,4,None,66,1,5,False,1000,1000
692,22,unweighted_fl,10,0.0995222929936305,0,4,None,66,1,5,False,1000,1000
693,23,unweighted_fl,10,0.0995222929936305,0,4,None,66,1,5,False,1000,1000
694,24,unweighted_fl,10,0.1319665605095541,0,4,None,66,1,5,False,1000,1000
695,20,unweighted_fl,10,0.0995222929936305,0,7,None,66,1,5,False,1000,1000
696,21,unweighted_fl,10,0.0995222929936305,0,7,None,66,1,5,False,1000,1000
697,22,unweighted_fl,10,0.0995222929936305,0,7,None,66,1,5,False,1000,1000
698,23,unweighted_fl,10,0.0995222929936305,0,7,None,66,1,5,False,1000,1000
699,24,unweighted_fl,10,0.0995222929936305,0,7,None,66,1,5,False,1000,1000
700,20,unweighted_fl,10,0.0995222929936305,0,8,None,66,1,5,False,1000,1000
701,21,unweighted_fl,10,0.0995222929936305,0,8,None,66,1,5,False,1000,1000
702,22,unweighted_fl,10,0.0995222929936305,0,8,None,66,1,5,False,1000,1000
703,23,unweighted_fl,10,0.0995222929936305,0,8,None,66,1,5,False,1000,1000
704,24,unweighted_fl,10,0.0995222929936305,0,8,None,66,1,5,False,1000,1000
705,20,unweighted_fl,10,0.0995222929936305,0,9,None,66,1,5,False,1000,1000
706,21,unweighted_fl,10,0.0995222929936305,0,9,None,66,1,5,False,1000,1000
707,22,unweighted_fl,10,0.0995222929936305,0,9,None,66,1,5,False,1000,1000
708,23,unweighted_fl,10,0.0995222929936305,0,9,None,66,1,5,False,1000,1000
709,24,unweighted_fl,10,0.0995222929936305,0,9,None,66,1,5,False,1000,1000
710,20,unweighted_fl,10,0.0995222929936305,0,11,None,66,1,5,False,1000,1000
711,21,unweighted_fl,10,0.0995222929936305,0,11,None,66,1,5,False,1000,1000
712,22,unweighted_fl,10,0.0995222929936305,0,11,None,66,1,5,False,1000,1000
713,23,unweighted_fl,10,0.0995222929936305,0,11,None,66,1,5,False,1000,1000
714,24,unweighted_fl,10,0.0995222929936305,0,11,None,66,1,5,False,1000,1000
715,20,unweighted_fl,10,0.0995222929936305,0,12,None,66,1,5,False,1000,1000
716,21,unweighted_fl,10,0.0995222929936305,0,12,None,66,1,5,False,1000,1000
717,22,unweighted_fl,10,0.0995222929936305,0,12,None,66,1,5,False,1000,1000
718,23,unweighted_fl,10,0.0995222929936305,0,12,None,66,1,5,False,1000,1000
719,24,unweighted_fl,10,0.0995222929936305,0,12,None,66,1,5,False,1000,1000
720,20,unweighted_fl,10,0.0995222929936305,0,10,None,66,1,5,False,1000,1000
721,21,unweighted_fl,10,0.0995222929936305,0,10,None,66,1,5,False,1000,1000
722,22,unweighted_fl,10,0.0995222929936305,0,10,None,66,1,5,False,1000,1000
723,23,unweighted_fl,10,0.0995222929936305,0,10,None,66,1,5,False,1000,1000
724,24,unweighted_fl,10,0.0995222929936305,0,10,None,66,1,5,False,1000,1000
725,20,unweighted_fl,10,0.0995222929936305,0,13,None,66,1,5,False,1000,1000
726,21,unweighted_fl,10,0.0995222929936305,0,13,None,66,1,5,False,1000,1000
727,22,unweighted_fl,10,0.0995222929936305,0,13,None,66,1,5,False,1000,1000
728,23,unweighted_fl,10,0.0995222929936305,0,13,None,66,1,5,False,1000,1000
729,24,unweighted_fl,10,0.0995222929936305,0,13,None,66,1,5,False,1000,1000
730,20,unweighted_fl,10,0.0995222929936305,0,15,None,66,1,5,False,1000,1000
731,21,unweighted_fl,10,0.0995222929936305,0,15,None,66,1,5,False,1000,1000
732,22,unweighted_fl,10,0.0995222929936305,0,15,None,66,1,5,False,1000,1000
733,23,unweighted_fl,10,0.0995222929936305,0,15,None,66,1,5,False,1000,1000
734,24,unweighted_fl,10,0.0995222929936305,0,15,None,66,1,5,False,1000,1000
735,20,unweighted_fl,10,0.0995222929936305,0,16,None,66,1,5,False,1000,1000
736,21,unweighted_fl,10,0.0995222929936305,0,16,None,66,1,5,False,1000,1000
737,22,unweighted_fl,10,0.0995222929936305,0,16,None,66,1,5,False,1000,1000
738,23,unweighted_fl,10,0.0995222929936305,0,16,None,66,1,5,False,1000,1000
739,24,unweighted_fl,10,0.0995222929936305,0,16,None,66,1,5,False,1000,1000
740,20,unweighted_fl,10,0.0995222929936305,0,14,None,66,1,5,False,1000,1000
741,21,unweighted_fl,10,0.0995222929936305,0,14,None,66,1,5,False,1000,1000
742,22,unweighted_fl,10,0.0995222929936305,0,14,None,66,1,5,False,1000,1000
743,23,unweighted_fl,10,0.0995222929936305,0,14,None,66,1,5,False,1000,1000
744,24,unweighted_fl,10,0.0995222929936305,0,14,None,66,1,5,False,1000,1000
745,20,unweighted_fl,10,0.0995222929936305,0,17,None,66,1,5,False,1000,1000
746,21,unweighted_fl,10,0.0995222929936305,0,17,None,66,1,5,False,1000,1000
747,22,unweighted_fl,10,0.0995222929936305,0,17,None,66,1,5,False,1000,1000
748,23,unweighted_fl,10,0.0995222929936305,0,17,None,66,1,5,False,1000,1000
749,24,unweighted_fl,10,0.1413216560509554,0,17,None,66,1,5,False,1000,1000
750,20,unweighted_fl,10,0.0995222929936305,0,19,None,66,1,5,False,1000,1000
751,21,unweighted_fl,10,0.0995222929936305,0,19,None,66,1,5,False,1000,1000
752,22,unweighted_fl,10,0.0995222929936305,0,19,None,66,1,5,False,1000,1000
753,23,unweighted_fl,10,0.0995222929936305,0,19,None,66,1,5,False,1000,1000
754,24,unweighted_fl,10,0.0995222929936305,0,19,None,66,1,5,False,1000,1000
755,20,unweighted_fl,10,0.0995222929936305,0,18,None,66,1,5,False,1000,1000
756,21,unweighted_fl,10,0.0995222929936305,0,18,None,66,1,5,False,1000,1000
757,22,unweighted_fl,10,0.0995222929936305,0,18,None,66,1,5,False,1000,1000
758,23,unweighted_fl,10,0.0995222929936305,0,18,None,66,1,5,False,1000,1000
759,24,unweighted_fl,10,0.0995222929936305,0,18,None,66,1,5,False,1000,1000
760,20,unweighted_fl,10,0.0997213375796178,0,20,None,66,1,5,False,1000,1000
761,21,unweighted_fl,10,0.0995222929936305,0,20,None,66,1,5,False,1000,1000
762,22,unweighted_fl,10,0.0995222929936305,0,20,None,66,1,5,False,1000,1000
763,23,unweighted_fl,10,0.0995222929936305,0,20,None,66,1,5,False,1000,1000
764,24,unweighted_fl,10,0.0995222929936305,0,20,None,66,1,5,False,1000,1000
765,20,unweighted_fl,10,0.0995222929936305,0,22,None,66,1,5,False,1000,1000
766,21,unweighted_fl,10,0.0995222929936305,0,22,None,66,1,5,False,1000,1000
767,22,unweighted_fl,10,0.0995222929936305,0,22,None,66,1,5,False,1000,1000
768,23,unweighted_fl,10,0.0995222929936305,0,22,None,66,1,5,False,1000,1000
769,24,unweighted_fl,10,0.0995222929936305,0,22,None,66,1,5,False,1000,1000
770,20,unweighted_fl,10,0.0995222929936305,0,23,None,66,1,5,False,1000,1000
771,21,unweighted_fl,10,0.0995222929936305,0,23,None,66,1,5,False,1000,1000
772,22,unweighted_fl,10,0.0995222929936305,0,23,None,66,1,5,False,1000,1000
773,23,unweighted_fl,10,0.0995222929936305,0,23,None,66,1,5,False,1000,1000
774,24,unweighted_fl,10,0.0995222929936305,0,23,None,66,1,5,False,1000,1000
775,20,unweighted_fl,10,0.0995222929936305,0,21,None,66,1,5,False,1000,1000
776,21,unweighted_fl,10,0.0995222929936305,0,21,None,66,1,5,False,1000,1000
777,22,unweighted_fl,10,0.0995222929936305,0,21,None,66,1,5,False,1000,1000
778,23,unweighted_fl,10,0.0995222929936305,0,21,None,66,1,5,False,1000,1000
779,24,unweighted_fl,10,0.0995222929936305,0,21,None,66,1,5,False,1000,1000
780,20,unweighted_fl,10,0.0995222929936305,0,24,None,66,1,5,False,1000,1000
781,21,unweighted_fl,10,0.0995222929936305,0,24,None,66,1,5,False,1000,1000
782,22,unweighted_fl,10,0.0995222929936305,0,24,None,66,1,5,False,1000,1000
783,23,unweighted_fl,10,0.0995222929936305,0,24,None,66,1,5,False,1000,1000
784,24,unweighted_fl,10,0.0995222929936305,0,24,None,66,1,5,False,1000,1000
785,20,unweighted_fl,10,0.0995222929936305,0,26,None,66,1,5,False,1000,1000
786,21,unweighted_fl,10,0.0995222929936305,0,26,None,66,1,5,False,1000,1000
787,22,unweighted_fl,10,0.0995222929936305,0,26,None,66,1,5,False,1000,1000
788,23,unweighted_fl,10,0.0995222929936305,0,26,None,66,1,5,False,1000,1000
789,24,unweighted_fl,10,0.0995222929936305,0,26,None,66,1,5,False,1000,1000
790,20,unweighted_fl,10,0.0995222929936305,0,27,None,66,1,5,False,1000,1000
791,21,unweighted_fl,10,0.0995222929936305,0,27,None,66,1,5,False,1000,1000
792,22,unweighted_fl,10,0.0995222929936305,0,27,None,66,1,5,False,1000,1000
793,23,unweighted_fl,10,0.0995222929936305,0,27,None,66,1,5,False,1000,1000
794,24,unweighted_fl,10,0.0995222929936305,0,27,None,66,1,5,False,1000,1000
795,20,unweighted_fl,10,0.0995222929936305,0,25,None,66,1,5,False,1000,1000
796,21,unweighted_fl,10,0.0995222929936305,0,25,None,66,1,5,False,1000,1000
797,22,unweighted_fl,10,0.0995222929936305,0,25,None,66,1,5,False,1000,1000
798,23,unweighted_fl,10,0.0995222929936305,0,25,None,66,1,5,False,1000,1000
799,24,unweighted_fl,10,0.0995222929936305,0,25,None,66,1,5,False,1000,1000
800,20,unweighted_fl,10,0.0995222929936305,0,28,None,66,1,5,False,1000,1000
801,21,unweighted_fl,10,0.0995222929936305,0,28,None,66,1,5,False,1000,1000
802,22,unweighted_fl,10,0.0995222929936305,0,28,None,66,1,5,False,1000,1000
803,23,unweighted_fl,10,0.0995222929936305,0,28,None,66,1,5,False,1000,1000
804,24,unweighted_fl,10,0.0995222929936305,0,28,None,66,1,5,False,1000,1000
805,20,unweighted_fl,10,0.0995222929936305,0,30,None,66,1,5,False,1000,1000
806,21,unweighted_fl,10,0.0995222929936305,0,30,None,66,1,5,False,1000,1000
807,22,unweighted_fl,10,0.0995222929936305,0,30,None,66,1,5,False,1000,1000
808,23,unweighted_fl,10,0.0995222929936305,0,30,None,66,1,5,False,1000,1000
809,24,unweighted_fl,10,0.0995222929936305,0,30,None,66,1,5,False,1000,1000
810,20,unweighted_fl,10,0.0995222929936305,0,31,None,66,1,5,False,1000,1000
811,21,unweighted_fl,10,0.0995222929936305,0,31,None,66,1,5,False,1000,1000
812,22,unweighted_fl,10,0.0995222929936305,0,31,None,66,1,5,False,1000,1000
813,23,unweighted_fl,10,0.0995222929936305,0,31,None,66,1,5,False,1000,1000
814,24,unweighted_fl,10,0.0995222929936305,0,31,None,66,1,5,False,1000,1000
815,20,unweighted_fl,10,0.1625199044585987,0,29,None,66,1,5,False,1000,1000
816,21,unweighted_fl,10,0.0995222929936305,0,29,None,66,1,5,False,1000,1000
817,22,unweighted_fl,10,0.0995222929936305,0,29,None,66,1,5,False,1000,1000
818,23,unweighted_fl,10,0.0995222929936305,0,29,None,66,1,5,False,1000,1000
819,24,unweighted_fl,10,0.0995222929936305,0,29,None,66,1,5,False,1000,1000
820,20,unweighted_fl,10,0.0995222929936305,0,32,None,66,1,5,False,1000,1000
821,21,unweighted_fl,10,0.0995222929936305,0,32,None,66,1,5,False,1000,1000
822,22,unweighted_fl,10,0.0995222929936305,0,32,None,66,1,5,False,1000,1000
823,23,unweighted_fl,10,0.0995222929936305,0,32,None,66,1,5,False,1000,1000
824,24,unweighted_fl,10,0.0995222929936305,0,32,None,66,1,5,False,1000,1000
825,25,unweighted_fl,10,0.0995222929936305,0,1,None,66,1,5,False,1000,1000
826,26,unweighted_fl,10,0.0995222929936305,0,1,None,66,1,5,False,1000,1000
827,27,unweighted_fl,10,0.0995222929936305,0,1,None,66,1,5,False,1000,1000
828,28,unweighted_fl,10,0.1307722929936305,0,1,None,66,1,5,False,1000,1000
829,29,unweighted_fl,10,0.0995222929936305,0,1,None,66,1,5,False,1000,1000
830,25,unweighted_fl,10,0.0995222929936305,0,2,None,66,1,5,False,1000,1000
831,26,unweighted_fl,10,0.0995222929936305,0,2,None,66,1,5,False,1000,1000
832,27,unweighted_fl,10,0.0995222929936305,0,2,None,66,1,5,False,1000,1000
833,28,unweighted_fl,10,0.0995222929936305,0,2,None,66,1,5,False,1000,1000
834,29,unweighted_fl,10,0.0995222929936305,0,2,None,66,1,5,False,1000,1000
835,25,unweighted_fl,10,0.0995222929936305,0,0,None,66,1,5,False,1000,1000
836,26,unweighted_fl,10,0.0995222929936305,0,0,None,66,1,5,False,1000,1000
837,27,unweighted_fl,10,0.0995222929936305,0,0,None,66,1,5,False,1000,1000
838,28,unweighted_fl,10,0.0995222929936305,0,0,None,66,1,5,False,1000,1000
839,29,unweighted_fl,10,0.0995222929936305,0,0,None,66,1,5,False,1000,1000
840,25,unweighted_fl,10,0.0995222929936305,0,3,None,66,1,5,False,1000,1000
841,26,unweighted_fl,10,0.0995222929936305,0,3,None,66,1,5,False,1000,1000
842,27,unweighted_fl,10,0.0995222929936305,0,3,None,66,1,5,False,1000,1000
843,28,unweighted_fl,10,0.0995222929936305,0,3,None,66,1,5,False,1000,1000
844,29,unweighted_fl,10,0.0995222929936305,0,3,None,66,1,5,False,1000,1000
845,25,unweighted_fl,10,0.0995222929936305,0,5,None,66,1,5,False,1000,1000
846,26,unweighted_fl,10,0.0995222929936305,0,5,None,66,1,5,False,1000,1000
847,27,unweighted_fl,10,0.0995222929936305,0,5,None,66,1,5,False,1000,1000
848,28,unweighted_fl,10,0.0995222929936305,0,5,None,66,1,5,False,1000,1000
849,29,unweighted_fl,10,0.0995222929936305,0,5,None,66,1,5,False,1000,1000
850,25,unweighted_fl,10,0.0995222929936305,0,4,None,66,1,5,False,1000,1000
851,26,unweighted_fl,10,0.0995222929936305,0,4,None,66,1,5,False,1000,1000
852,27,unweighted_fl,10,0.0995222929936305,0,4,None,66,1,5,False,1000,1000
853,28,unweighted_fl,10,0.0995222929936305,0,4,None,66,1,5,False,1000,1000
854,29,unweighted_fl,10,0.0995222929936305,0,4,None,66,1,5,False,1000,1000
855,25,unweighted_fl,10,0.0995222929936305,0,6,None,66,1,5,False,1000,1000
856,26,unweighted_fl,10,0.0995222929936305,0,6,None,66,1,5,False,1000,1000
857,27,unweighted_fl,10,0.0995222929936305,0,6,None,66,1,5,False,1000,1000
858,28,unweighted_fl,10,0.0995222929936305,0,6,None,66,1,5,False,1000,1000
859,29,unweighted_fl,10,0.0995222929936305,0,6,None,66,1,5,False,1000,1000
860,25,unweighted_fl,10,0.0995222929936305,0,8,None,66,1,5,False,1000,1000
861,26,unweighted_fl,10,0.0995222929936305,0,8,None,66,1,5,False,1000,1000
862,27,unweighted_fl,10,0.0995222929936305,0,8,None,66,1,5,False,1000,1000
863,28,unweighted_fl,10,0.0995222929936305,0,8,None,66,1,5,False,1000,1000
864,29,unweighted_fl,10,0.0995222929936305,0,8,None,66,1,5,False,1000,1000
865,25,unweighted_fl,10,0.0995222929936305,0,9,None,66,1,5,False,1000,1000
866,26,unweighted_fl,10,0.0995222929936305,0,9,None,66,1,5,False,1000,1000
867,27,unweighted_fl,10,0.0995222929936305,0,9,None,66,1,5,False,1000,1000
868,28,unweighted_fl,10,0.0995222929936305,0,9,None,66,1,5,False,1000,1000
869,29,unweighted_fl,10,0.0995222929936305,0,9,None,66,1,5,False,1000,1000
870,25,unweighted_fl,10,0.0995222929936305,0,7,None,66,1,5,False,1000,1000
871,26,unweighted_fl,10,0.0995222929936305,0,7,None,66,1,5,False,1000,1000
872,27,unweighted_fl,10,0.0995222929936305,0,7,None,66,1,5,False,1000,1000
873,28,unweighted_fl,10,0.0995222929936305,0,7,None,66,1,5,False,1000,1000
874,29,unweighted_fl,10,0.0995222929936305,0,7,None,66,1,5,False,1000,1000
875,25,unweighted_fl,10,0.0995222929936305,0,10,None,66,1,5,False,1000,1000
876,26,unweighted_fl,10,0.0995222929936305,0,10,None,66,1,5,False,1000,1000
877,27,unweighted_fl,10,0.0995222929936305,0,10,None,66,1,5,False,1000,1000
878,28,unweighted_fl,10,0.0995222929936305,0,10,None,66,1,5,False,1000,1000
879,29,unweighted_fl,10,0.0995222929936305,0,10,None,66,1,5,False,1000,1000
880,25,unweighted_fl,10,0.0995222929936305,0,11,None,66,1,5,False,1000,1000
881,26,unweighted_fl,10,0.0995222929936305,0,11,None,66,1,5,False,1000,1000
882,27,unweighted_fl,10,0.0995222929936305,0,11,None,66,1,5,False,1000,1000
883,28,unweighted_fl,10,0.0995222929936305,0,11,None,66,1,5,False,1000,1000
884,29,unweighted_fl,10,0.0995222929936305,0,11,None,66,1,5,False,1000,1000
885,25,unweighted_fl,10,0.0995222929936305,0,12,None,66,1,5,False,1000,1000
886,26,unweighted_fl,10,0.0997213375796178,0,12,None,66,1,5,False,1000,1000
887,27,unweighted_fl,10,0.0995222929936305,0,12,None,66,1,5,False,1000,1000
888,28,unweighted_fl,10,0.0995222929936305,0,12,None,66,1,5,False,1000,1000
889,29,unweighted_fl,10,0.0995222929936305,0,12,None,66,1,5,False,1000,1000
890,25,unweighted_fl,10,0.0995222929936305,0,14,None,66,1,5,False,1000,1000
891,26,unweighted_fl,10,0.0995222929936305,0,14,None,66,1,5,False,1000,1000
892,27,unweighted_fl,10,0.0995222929936305,0,14,None,66,1,5,False,1000,1000
893,28,unweighted_fl,10,0.0995222929936305,0,14,None,66,1,5,False,1000,1000
894,29,unweighted_fl,10,0.0995222929936305,0,14,None,66,1,5,False,1000,1000
895,25,unweighted_fl,10,0.1003184713375796,0,15,None,66,1,5,False,1000,1000
896,26,unweighted_fl,10,0.0995222929936305,0,15,None,66,1,5,False,1000,1000
897,27,unweighted_fl,10,0.0995222929936305,0,15,None,66,1,5,False,1000,1000
898,28,unweighted_fl,10,0.0995222929936305,0,15,None,66,1,5,False,1000,1000
899,29,unweighted_fl,10,0.0995222929936305,0,15,None,66,1,5,False,1000,1000
900,25,unweighted_fl,10,0.0995222929936305,0,13,None,66,1,5,False,1000,1000
901,26,unweighted_fl,10,0.0995222929936305,0,13,None,66,1,5,False,1000,1000
902,27,unweighted_fl,10,0.0995222929936305,0,13,None,66,1,5,False,1000,1000
903,28,unweighted_fl,10,0.0995222929936305,0,13,None,66,1,5,False,1000,1000
904,29,unweighted_fl,10,0.0995222929936305,0,13,None,66,1,5,False,1000,1000
905,25,unweighted_fl,10,0.0995222929936305,0,16,None,66,1,5,False,1000,1000
906,26,unweighted_fl,10,0.0995222929936305,0,16,None,66,1,5,False,1000,1000
907,27,unweighted_fl,10,0.0995222929936305,0,16,None,66,1,5,False,1000,1000
908,28,unweighted_fl,10,0.0995222929936305,0,16,None,66,1,5,False,1000,1000
909,29,unweighted_fl,10,0.0995222929936305,0,16,None,66,1,5,False,1000,1000
910,25,unweighted_fl,10,0.1315684713375796,0,18,None,66,1,5,False,1000,1000
911,26,unweighted_fl,10,0.0995222929936305,0,18,None,66,1,5,False,1000,1000
912,27,unweighted_fl,10,0.0995222929936305,0,18,None,66,1,5,False,1000,1000
913,28,unweighted_fl,10,0.0995222929936305,0,18,None,66,1,5,False,1000,1000
914,29,unweighted_fl,10,0.0995222929936305,0,18,None,66,1,5,False,1000,1000
915,25,unweighted_fl,10,0.0995222929936305,0,17,None,66,1,5,False,1000,1000
916,26,unweighted_fl,10,0.0995222929936305,0,17,None,66,1,5,False,1000,1000
917,27,unweighted_fl,10,0.0995222929936305,0,17,None,66,1,5,False,1000,1000
918,28,unweighted_fl,10,0.1203224522292993,0,17,None,66,1,5,False,1000,1000
919,29,unweighted_fl,10,0.0995222929936305,0,17,None,66,1,5,False,1000,1000
920,25,unweighted_fl,10,0.0995222929936305,0,19,None,66,1,5,False,1000,1000
921,26,unweighted_fl,10,0.0995222929936305,0,19,None,66,1,5,False,1000,1000
922,27,unweighted_fl,10,0.0995222929936305,0,19,None,66,1,5,False,1000,1000
923,28,unweighted_fl,10,0.1006170382165605,0,19,None,66,1,5,False,1000,1000
924,29,unweighted_fl,10,0.0995222929936305,0,19,None,66,1,5,False,1000,1000
925,25,unweighted_fl,10,0.0995222929936305,0,21,None,66,1,5,False,1000,1000
926,26,unweighted_fl,10,0.0995222929936305,0,21,None,66,1,5,False,1000,1000
927,27,unweighted_fl,10,0.0995222929936305,0,21,None,66,1,5,False,1000,1000
928,28,unweighted_fl,10,0.0995222929936305,0,21,None,66,1,5,False,1000,1000
929,29,unweighted_fl,10,0.0995222929936305,0,21,None,66,1,5,False,1000,1000
930,25,unweighted_fl,10,0.0995222929936305,0,22,None,66,1,5,False,1000,1000
931,26,unweighted_fl,10,0.0995222929936305,0,22,None,66,1,5,False,1000,1000
932,27,unweighted_fl,10,0.0995222929936305,0,22,None,66,1,5,False,1000,1000
933,28,unweighted_fl,10,0.1968550955414012,0,22,None,66,1,5,False,1000,1000
934,29,unweighted_fl,10,0.0995222929936305,0,22,None,66,1,5,False,1000,1000
935,25,unweighted_fl,10,0.0995222929936305,0,20,None,66,1,5,False,1000,1000
936,26,unweighted_fl,10,0.0995222929936305,0,20,None,66,1,5,False,1000,1000
937,27,unweighted_fl,10,0.0995222929936305,0,20,None,66,1,5,False,1000,1000
938,28,unweighted_fl,10,0.0995222929936305,0,20,None,66,1,5,False,1000,1000
939,29,unweighted_fl,10,0.0995222929936305,0,20,None,66,1,5,False,1000,1000
940,25,unweighted_fl,10,0.0995222929936305,0,23,None,66,1,5,False,1000,1000
941,26,unweighted_fl,10,0.0995222929936305,0,23,None,66,1,5,False,1000,1000
942,27,unweighted_fl,10,0.0995222929936305,0,23,None,66,1,5,False,1000,1000
943,28,unweighted_fl,10,0.0995222929936305,0,23,None,66,1,5,False,1000,1000
944,29,unweighted_fl,10,0.0995222929936305,0,23,None,66,1,5,False,1000,1000
945,25,unweighted_fl,10,0.0995222929936305,0,25,None,66,1,5,False,1000,1000
946,26,unweighted_fl,10,0.0995222929936305,0,25,None,66,1,5,False,1000,1000
947,27,unweighted_fl,10,0.0995222929936305,0,25,None,66,1,5,False,1000,1000
948,28,unweighted_fl,10,0.0995222929936305,0,25,None,66,1,5,False,1000,1000
949,29,unweighted_fl,10,0.0995222929936305,0,25,None,66,1,5,False,1000,1000
950,25,unweighted_fl,10,0.0995222929936305,0,24,None,66,1,5,False,1000,1000
951,26,unweighted_fl,10,0.0995222929936305,0,24,None,66,1,5,False,1000,1000
952,27,unweighted_fl,10,0.0995222929936305,0,24,None,66,1,5,False,1000,1000
953,28,unweighted_fl,10,0.1017117834394904,0,24,None,66,1,5,False,1000,1000
954,29,unweighted_fl,10,0.0995222929936305,0,24,None,66,1,5,False,1000,1000
955,25,unweighted_fl,10,0.0995222929936305,0,26,None,66,1,5,False,1000,1000
956,26,unweighted_fl,10,0.0995222929936305,0,26,None,66,1,5,False,1000,1000
957,27,unweighted_fl,10,0.0995222929936305,0,26,None,66,1,5,False,1000,1000
958,28,unweighted_fl,10,0.0995222929936305,0,26,None,66,1,5,False,1000,1000
959,29,unweighted_fl,10,0.0995222929936305,0,26,None,66,1,5,False,1000,1000
960,25,unweighted_fl,10,0.1568471337579617,0,28,None,66,1,5,False,1000,1000
961,26,unweighted_fl,10,0.0995222929936305,0,28,None,66,1,5,False,1000,1000
962,27,unweighted_fl,10,0.0995222929936305,0,28,None,66,1,5,False,1000,1000
963,28,unweighted_fl,10,0.0995222929936305,0,28,None,66,1,5,False,1000,1000
964,29,unweighted_fl,10,0.0995222929936305,0,28,None,66,1,5,False,1000,1000
965,25,unweighted_fl,10,0.0995222929936305,0,29,None,66,1,5,False,1000,1000
966,26,unweighted_fl,10,0.0995222929936305,0,29,None,66,1,5,False,1000,1000
967,27,unweighted_fl,10,0.0995222929936305,0,29,None,66,1,5,False,1000,1000
968,28,unweighted_fl,10,0.0995222929936305,0,29,None,66,1,5,False,1000,1000
969,29,unweighted_fl,10,0.0995222929936305,0,29,None,66,1,5,False,1000,1000
970,25,unweighted_fl,10,0.0995222929936305,0,27,None,66,1,5,False,1000,1000
971,26,unweighted_fl,10,0.0995222929936305,0,27,None,66,1,5,False,1000,1000
972,27,unweighted_fl,10,0.0995222929936305,0,27,None,66,1,5,False,1000,1000
973,28,unweighted_fl,10,0.0995222929936305,0,27,None,66,1,5,False,1000,1000
974,29,unweighted_fl,10,0.0995222929936305,0,27,None,66,1,5,False,1000,1000
975,25,unweighted_fl,10,0.0995222929936305,0,30,None,66,1,5,False,1000,1000
976,26,unweighted_fl,10,0.0995222929936305,0,30,None,66,1,5,False,1000,1000
977,27,unweighted_fl,10,0.0995222929936305,0,30,None,66,1,5,False,1000,1000
978,28,unweighted_fl,10,0.0995222929936305,0,30,None,66,1,5,False,1000,1000
979,29,unweighted_fl,10,0.0995222929936305,0,30,None,66,1,5,False,1000,1000
980,25,unweighted_fl,10,0.0995222929936305,0,32,None,66,1,5,False,1000,1000
981,26,unweighted_fl,10,0.0995222929936305,0,32,None,66,1,5,False,1000,1000
982,27,unweighted_fl,10,0.0995222929936305,0,32,None,66,1,5,False,1000,1000
983,28,unweighted_fl,10,0.0995222929936305,0,32,None,66,1,5,False,1000,1000
984,29,unweighted_fl,10,0.0995222929936305,0,32,None,66,1,5,False,1000,1000
985,25,unweighted_fl,10,0.0995222929936305,0,31,None,66,1,5,False,1000,1000
986,26,unweighted_fl,10,0.0995222929936305,0,31,None,66,1,5,False,1000,1000
987,27,unweighted_fl,10,0.0995222929936305,0,31,None,66,1,5,False,1000,1000
988,28,unweighted_fl,10,0.0995222929936305,0,31,None,66,1,5,False,1000,1000
989,29,unweighted_fl,10,0.0995222929936305,0,31,None,66,1,5,False,1000,1000
1320,30,unweighted_fl,10,0.0995222929936305,0,0,None,66,1,5,False,1000,1000
1321,31,unweighted_fl,10,0.0995222929936305,0,0,None,66,1,5,False,1000,1000
1322,32,unweighted_fl,10,0.0995222929936305,0,0,None,66,1,5,False,1000,1000
1323,33,unweighted_fl,10,0.0995222929936305,0,0,None,66,1,5,False,1000,1000
1324,34,unweighted_fl,10,0.0995222929936305,0,0,None,66,1,5,False,1000,1000
1325,30,unweighted_fl,10,0.0995222929936305,0,1,None,66,1,5,False,1000,1000
1326,31,unweighted_fl,10,0.0995222929936305,0,1,None,66,1,5,False,1000,1000
1327,32,unweighted_fl,10,0.1476910828025477,0,1,None,66,1,5,False,1000,1000
1328,33,unweighted_fl,10,0.0995222929936305,0,1,None,66,1,5,False,1000,1000
1329,34,unweighted_fl,10,0.0995222929936305,0,1,None,66,1,5,False,1000,1000
1330,30,unweighted_fl,10,0.0995222929936305,0,3,None,66,1,5,False,1000,1000
1331,31,unweighted_fl,10,0.0995222929936305,0,3,None,66,1,5,False,1000,1000
1332,32,unweighted_fl,10,0.0995222929936305,0,3,None,66,1,5,False,1000,1000
1333,33,unweighted_fl,10,0.0995222929936305,0,3,None,66,1,5,False,1000,1000
1334,34,unweighted_fl,10,0.0995222929936305,0,3,None,66,1,5,False,1000,1000
1335,30,unweighted_fl,10,0.0995222929936305,0,2,None,66,1,5,False,1000,1000
1336,31,unweighted_fl,10,0.0995222929936305,0,2,None,66,1,5,False,1000,1000
1337,32,unweighted_fl,10,0.0995222929936305,0,2,None,66,1,5,False,1000,1000
1338,33,unweighted_fl,10,0.0995222929936305,0,2,None,66,1,5,False,1000,1000
1339,34,unweighted_fl,10,0.0995222929936305,0,2,None,66,1,5,False,1000,1000
1340,30,unweighted_fl,10,0.0995222929936305,0,4,None,66,1,5,False,1000,1000
1341,31,unweighted_fl,10,0.0995222929936305,0,4,None,66,1,5,False,1000,1000
1342,32,unweighted_fl,10,0.0995222929936305,0,4,None,66,1,5,False,1000,1000
1343,33,unweighted_fl,10,0.0995222929936305,0,4,None,66,1,5,False,1000,1000
1344,34,unweighted_fl,10,0.0995222929936305,0,4,None,66,1,5,False,1000,1000
1345,30,unweighted_fl,10,0.0995222929936305,0,5,None,66,1,5,False,1000,1000
1346,31,unweighted_fl,10,0.0995222929936305,0,5,None,66,1,5,False,1000,1000
1347,32,unweighted_fl,10,0.0995222929936305,0,5,None,66,1,5,False,1000,1000
1348,33,unweighted_fl,10,0.0995222929936305,0,5,None,66,1,5,False,1000,1000
1349,34,unweighted_fl,10,0.0995222929936305,0,5,None,66,1,5,False,1000,1000
1350,30,unweighted_fl,10,0.0995222929936305,0,6,None,66,1,5,False,1000,1000
1351,31,unweighted_fl,10,0.0995222929936305,0,6,None,66,1,5,False,1000,1000
1352,32,unweighted_fl,10,0.0995222929936305,0,6,None,66,1,5,False,1000,1000
1353,33,unweighted_fl,10,0.0995222929936305,0,6,None,66,1,5,False,1000,1000
1354,34,unweighted_fl,10,0.0995222929936305,0,6,None,66,1,5,False,1000,1000
1355,30,unweighted_fl,10,0.0995222929936305,0,8,None,66,1,5,False,1000,1000
1356,31,unweighted_fl,10,0.0995222929936305,0,8,None,66,1,5,False,1000,1000
1357,32,unweighted_fl,10,0.1178343949044586,0,8,None,66,1,5,False,1000,1000
1358,33,unweighted_fl,10,0.0995222929936305,0,8,None,66,1,5,False,1000,1000
1359,34,unweighted_fl,10,0.0995222929936305,0,8,None,66,1,5,False,1000,1000
1360,30,unweighted_fl,10,0.0995222929936305,0,7,None,66,1,5,False,1000,1000
1361,31,unweighted_fl,10,0.0995222929936305,0,7,None,66,1,5,False,1000,1000
1362,32,unweighted_fl,10,0.0995222929936305,0,7,None,66,1,5,False,1000,1000
1363,33,unweighted_fl,10,0.0995222929936305,0,7,None,66,1,5,False,1000,1000
1364,34,unweighted_fl,10,0.0995222929936305,0,7,None,66,1,5,False,1000,1000
1365,30,unweighted_fl,10,0.0995222929936305,0,10,None,66,1,5,False,1000,1000
1366,31,unweighted_fl,10,0.0995222929936305,0,10,None,66,1,5,False,1000,1000
1367,32,unweighted_fl,10,0.0995222929936305,0,10,None,66,1,5,False,1000,1000
1368,33,unweighted_fl,10,0.0995222929936305,0,10,None,66,1,5,False,1000,1000
1369,34,unweighted_fl,10,0.0995222929936305,0,10,None,66,1,5,False,1000,1000
1370,30,unweighted_fl,10,0.0995222929936305,0,9,None,66,1,5,False,1000,1000
1371,31,unweighted_fl,10,0.0995222929936305,0,9,None,66,1,5,False,1000,1000
1372,32,unweighted_fl,10,0.0995222929936305,0,9,None,66,1,5,False,1000,1000
1373,33,unweighted_fl,10,0.0995222929936305,0,9,None,66,1,5,False,1000,1000
1374,34,unweighted_fl,10,0.0995222929936305,0,9,None,66,1,5,False,1000,1000
1375,30,unweighted_fl,10,0.0995222929936305,0,11,None,66,1,5,False,1000,1000
1376,31,unweighted_fl,10,0.0995222929936305,0,11,None,66,1,5,False,1000,1000
1377,32,unweighted_fl,10,0.0995222929936305,0,11,None,66,1,5,False,1000,1000
1378,33,unweighted_fl,10,0.0995222929936305,0,11,None,66,1,5,False,1000,1000
1379,34,unweighted_fl,10,0.0995222929936305,0,11,None,66,1,5,False,1000,1000
1380,30,unweighted_fl,10,0.0995222929936305,0,12,None,66,1,5,False,1000,1000
1381,31,unweighted_fl,10,0.0995222929936305,0,12,None,66,1,5,False,1000,1000
1382,32,unweighted_fl,10,0.1100716560509554,0,12,None,66,1,5,False,1000,1000
1383,33,unweighted_fl,10,0.1494824840764331,0,12,None,66,1,5,False,1000,1000
1384,34,unweighted_fl,10,0.0995222929936305,0,12,None,66,1,5,False,1000,1000
1385,30,unweighted_fl,10,0.0995222929936305,0,13,None,66,1,5,False,1000,1000
1386,31,unweighted_fl,10,0.0995222929936305,0,13,None,66,1,5,False,1000,1000
1387,32,unweighted_fl,10,0.0995222929936305,0,13,None,66,1,5,False,1000,1000
1388,33,unweighted_fl,10,0.0995222929936305,0,13,None,66,1,5,False,1000,1000
1389,34,unweighted_fl,10,0.0995222929936305,0,13,None,66,1,5,False,1000,1000
1390,30,unweighted_fl,10,0.0995222929936305,0,14,None,66,1,5,False,1000,1000
1391,31,unweighted_fl,10,0.0995222929936305,0,14,None,66,1,5,False,1000,1000
1392,32,unweighted_fl,10,0.0995222929936305,0,14,None,66,1,5,False,1000,1000
1393,33,unweighted_fl,10,0.0995222929936305,0,14,None,66,1,5,False,1000,1000
1394,34,unweighted_fl,10,0.1910828025477707,0,14,None,66,1,5,False,1000,1000
1395,30,unweighted_fl,10,0.0995222929936305,0,15,None,66,1,5,False,1000,1000
1396,31,unweighted_fl,10,0.0995222929936305,0,15,None,66,1,5,False,1000,1000
1397,32,unweighted_fl,10,0.0995222929936305,0,15,None,66,1,5,False,1000,1000
1398,33,unweighted_fl,10,0.0995222929936305,0,15,None,66,1,5,False,1000,1000
1399,34,unweighted_fl,10,0.0995222929936305,0,15,None,66,1,5,False,1000,1000
1400,30,unweighted_fl,10,0.0995222929936305,0,16,None,66,1,5,False,1000,1000
1401,31,unweighted_fl,10,0.0995222929936305,0,16,None,66,1,5,False,1000,1000
1402,32,unweighted_fl,10,0.0995222929936305,0,16,None,66,1,5,False,1000,1000
1403,33,unweighted_fl,10,0.0995222929936305,0,16,None,66,1,5,False,1000,1000
1404,34,unweighted_fl,10,0.0995222929936305,0,16,None,66,1,5,False,1000,1000
1405,30,unweighted_fl,10,0.1476910828025477,0,17,None,66,1,5,False,1000,1000
1406,31,unweighted_fl,10,0.0995222929936305,0,17,None,66,1,5,False,1000,1000
1407,32,unweighted_fl,10,0.1001194267515923,0,17,None,66,1,5,False,1000,1000
1408,33,unweighted_fl,10,0.0995222929936305,0,17,None,66,1,5,False,1000,1000
1409,34,unweighted_fl,10,0.0995222929936305,0,17,None,66,1,5,False,1000,1000
1410,30,unweighted_fl,10,0.0995222929936305,0,18,None,66,1,5,False,1000,1000
1411,31,unweighted_fl,10,0.0995222929936305,0,18,None,66,1,5,False,1000,1000
1412,32,unweighted_fl,10,0.0995222929936305,0,18,None,66,1,5,False,1000,1000
1413,33,unweighted_fl,10,0.0995222929936305,0,18,None,66,1,5,False,1000,1000
1414,34,unweighted_fl,10,0.0995222929936305,0,18,None,66,1,5,False,1000,1000
1415,30,unweighted_fl,10,0.0995222929936305,0,20,None,66,1,5,False,1000,1000
1416,31,unweighted_fl,10,0.0995222929936305,0,20,None,66,1,5,False,1000,1000
1417,32,unweighted_fl,10,0.0995222929936305,0,20,None,66,1,5,False,1000,1000
1418,33,unweighted_fl,10,0.0995222929936305,0,20,None,66,1,5,False,1000,1000
1419,34,unweighted_fl,10,0.0995222929936305,0,20,None,66,1,5,False,1000,1000
1420,30,unweighted_fl,10,0.0995222929936305,0,19,None,66,1,5,False,1000,1000
1421,31,unweighted_fl,10,0.0995222929936305,0,19,None,66,1,5,False,1000,1000
1422,32,unweighted_fl,10,0.0995222929936305,0,19,None,66,1,5,False,1000,1000
1423,33,unweighted_fl,10,0.1079816878980891,0,19,None,66,1,5,False,1000,1000
1424,34,unweighted_fl,10,0.0995222929936305,0,19,None,66,1,5,False,1000,1000
1425,30,unweighted_fl,10,0.0995222929936305,0,21,None,66,1,5,False,1000,1000
1426,31,unweighted_fl,10,0.0995222929936305,0,21,None,66,1,5,False,1000,1000
1427,32,unweighted_fl,10,0.0995222929936305,0,21,None,66,1,5,False,1000,1000
1428,33,unweighted_fl,10,0.0995222929936305,0,21,None,66,1,5,False,1000,1000
1429,34,unweighted_fl,10,0.0995222929936305,0,21,None,66,1,5,False,1000,1000
1430,30,unweighted_fl,10,0.0995222929936305,0,22,None,66,1,5,False,1000,1000
1431,31,unweighted_fl,10,0.0995222929936305,0,22,None,66,1,5,False,1000,1000
1432,32,unweighted_fl,10,0.0995222929936305,0,22,None,66,1,5,False,1000,1000
1433,33,unweighted_fl,10,0.0995222929936305,0,22,None,66,1,5,False,1000,1000
1434,34,unweighted_fl,10,0.1117635350318471,0,22,None,66,1,5,False,1000,1000
1435,30,unweighted_fl,10,0.0995222929936305,0,23,None,66,1,5,False,1000,1000
1436,31,unweighted_fl,10,0.0995222929936305,0,23,None,66,1,5,False,1000,1000
1437,32,unweighted_fl,10,0.0995222929936305,0,23,None,66,1,5,False,1000,1000
1438,33,unweighted_fl,10,0.0995222929936305,0,23,None,66,1,5,False,1000,1000
1439,34,unweighted_fl,10,0.0995222929936305,0,23,None,66,1,5,False,1000,1000
1440,30,unweighted_fl,10,0.0995222929936305,0,24,None,66,1,5,False,1000,1000
1441,31,unweighted_fl,10,0.1127587579617834,0,24,None,66,1,5,False,1000,1000
1442,32,unweighted_fl,10,0.0995222929936305,0,24,None,66,1,5,False,1000,1000
1443,33,unweighted_fl,10,0.0995222929936305,0,24,None,66,1,5,False,1000,1000
1444,34,unweighted_fl,10,0.0995222929936305,0,24,None,66,1,5,False,1000,1000
1445,30,unweighted_fl,10,0.0995222929936305,0,25,None,66,1,5,False,1000,1000
1446,31,unweighted_fl,10,0.0995222929936305,0,25,None,66,1,5,False,1000,1000
1447,32,unweighted_fl,10,0.0995222929936305,0,25,None,66,1,5,False,1000,1000
1448,33,unweighted_fl,10,0.0995222929936305,0,25,None,66,1,5,False,1000,1000
1449,34,unweighted_fl,10,0.0995222929936305,0,25,None,66,1,5,False,1000,1000
1450,30,unweighted_fl,10,0.0995222929936305,0,26,None,66,1,5,False,1000,1000
1451,31,unweighted_fl,10,0.0995222929936305,0,26,None,66,1,5,False,1000,1000
1452,32,unweighted_fl,10,0.0995222929936305,0,26,None,66,1,5,False,1000,1000
1453,33,unweighted_fl,10,0.0995222929936305,0,26,None,66,1,5,False,1000,1000
1454,34,unweighted_fl,10,0.0995222929936305,0,26,None,66,1,5,False,1000,1000
1455,30,unweighted_fl,10,0.0995222929936305,0,28,None,66,1,5,False,1000,1000
1456,31,unweighted_fl,10,0.0995222929936305,0,28,None,66,1,5,False,1000,1000
1457,32,unweighted_fl,10,0.1915804140127388,0,28,None,66,1,5,False,1000,1000
1458,33,unweighted_fl,10,0.0995222929936305,0,28,None,66,1,5,False,1000,1000
1459,34,unweighted_fl,10,0.0995222929936305,0,28,None,66,1,5,False,1000,1000
1460,30,unweighted_fl,10,0.0995222929936305,0,27,None,66,1,5,False,1000,1000
1461,31,unweighted_fl,10,0.0995222929936305,0,27,None,66,1,5,False,1000,1000
1462,32,unweighted_fl,10,0.0995222929936305,0,27,None,66,1,5,False,1000,1000
1463,33,unweighted_fl,10,0.0995222929936305,0,27,None,66,1,5,False,1000,1000
1464,34,unweighted_fl,10,0.0995222929936305,0,27,None,66,1,5,False,1000,1000
1465,30,unweighted_fl,10,0.0995222929936305,0,29,None,66,1,5,False,1000,1000
1466,31,unweighted_fl,10,0.0995222929936305,0,29,None,66,1,5,False,1000,1000
1467,32,unweighted_fl,10,0.0995222929936305,0,29,None,66,1,5,False,1000,1000
1468,33,unweighted_fl,10,0.0995222929936305,0,29,None,66,1,5,False,1000,1000
1469,34,unweighted_fl,10,0.0995222929936305,0,29,None,66,1,5,False,1000,1000
1470,30,unweighted_fl,10,0.0995222929936305,0,30,None,66,1,5,False,1000,1000
1471,31,unweighted_fl,10,0.0995222929936305,0,30,None,66,1,5,False,1000,1000
1472,32,unweighted_fl,10,0.0998208598726114,0,30,None,66,1,5,False,1000,1000
1473,33,unweighted_fl,10,0.0995222929936305,0,30,None,66,1,5,False,1000,1000
1474,34,unweighted_fl,10,0.0995222929936305,0,30,None,66,1,5,False,1000,1000
1475,30,unweighted_fl,10,0.0995222929936305,0,31,None,66,1,5,False,1000,1000
1476,31,unweighted_fl,10,0.0995222929936305,0,31,None,66,1,5,False,1000,1000
1477,32,unweighted_fl,10,0.0995222929936305,0,31,None,66,1,5,False,1000,1000
1478,33,unweighted_fl,10,0.0995222929936305,0,31,None,66,1,5,False,1000,1000
1479,34,unweighted_fl,10,0.0995222929936305,0,31,None,66,1,5,False,1000,1000
1480,30,unweighted_fl,10,0.0995222929936305,0,32,None,66,1,5,False,1000,1000
1481,31,unweighted_fl,10,0.0995222929936305,0,32,None,66,1,5,False,1000,1000
1482,32,unweighted_fl,10,0.0995222929936305,0,32,None,66,1,5,False,1000,1000
1483,33,unweighted_fl,10,0.0995222929936305,0,32,None,66,1,5,False,1000,1000
1484,34,unweighted_fl,10,0.0995222929936305,0,32,None,66,1,5,False,1000,1000
1485,35,unweighted_fl,10,0.0995222929936305,0,0,None,66,1,5,False,1000,1000
1486,36,unweighted_fl,10,0.0995222929936305,0,0,None,66,1,5,False,1000,1000
1487,37,unweighted_fl,10,0.0995222929936305,0,0,None,66,1,5,False,1000,1000
1488,38,unweighted_fl,10,0.0995222929936305,0,0,None,66,1,5,False,1000,1000
1489,39,unweighted_fl,10,0.0995222929936305,0,0,None,66,1,5,False,1000,1000
1490,35,unweighted_fl,10,0.0995222929936305,0,1,None,66,1,5,False,1000,1000
1491,36,unweighted_fl,10,0.0995222929936305,0,1,None,66,1,5,False,1000,1000
1492,37,unweighted_fl,10,0.0995222929936305,0,1,None,66,1,5,False,1000,1000
1493,38,unweighted_fl,10,0.0995222929936305,0,1,None,66,1,5,False,1000,1000
1494,39,unweighted_fl,10,0.0995222929936305,0,1,None,66,1,5,False,1000,1000
1495,35,unweighted_fl,10,0.0995222929936305,0,2,None,66,1,5,False,1000,1000
1496,36,unweighted_fl,10,0.0995222929936305,0,2,None,66,1,5,False,1000,1000
1497,37,unweighted_fl,10,0.0995222929936305,0,2,None,66,1,5,False,1000,1000
1498,38,unweighted_fl,10,0.0995222929936305,0,2,None,66,1,5,False,1000,1000
1499,39,unweighted_fl,10,0.0995222929936305,0,2,None,66,1,5,False,1000,1000
1500,35,unweighted_fl,10,0.0995222929936305,0,3,None,66,1,5,False,1000,1000
1501,36,unweighted_fl,10,0.0995222929936305,0,3,None,66,1,5,False,1000,1000
1502,37,unweighted_fl,10,0.0995222929936305,0,3,None,66,1,5,False,1000,1000
1503,38,unweighted_fl,10,0.0995222929936305,0,3,None,66,1,5,False,1000,1000
1504,39,unweighted_fl,10,0.0995222929936305,0,3,None,66,1,5,False,1000,1000
1505,35,unweighted_fl,10,0.0995222929936305,0,4,None,66,1,5,False,1000,1000
1506,36,unweighted_fl,10,0.0995222929936305,0,4,None,66,1,5,False,1000,1000
1507,37,unweighted_fl,10,0.0995222929936305,0,4,None,66,1,5,False,1000,1000
1508,38,unweighted_fl,10,0.0995222929936305,0,4,None,66,1,5,False,1000,1000
1509,39,unweighted_fl,10,0.0995222929936305,0,4,None,66,1,5,False,1000,1000
1510,35,unweighted_fl,10,0.0995222929936305,0,6,None,66,1,5,False,1000,1000
1511,36,unweighted_fl,10,0.0995222929936305,0,6,None,66,1,5,False,1000,1000
1512,37,unweighted_fl,10,0.0995222929936305,0,6,None,66,1,5,False,1000,1000
1513,38,unweighted_fl,10,0.1881966560509554,0,6,None,66,1,5,False,1000,1000
1514,39,unweighted_fl,10,0.0995222929936305,0,6,None,66,1,5,False,1000,1000
1515,35,unweighted_fl,10,0.0995222929936305,0,5,None,66,1,5,False,1000,1000
1516,36,unweighted_fl,10,0.0995222929936305,0,5,None,66,1,5,False,1000,1000
1517,37,unweighted_fl,10,0.0995222929936305,0,5,None,66,1,5,False,1000,1000
1518,38,unweighted_fl,10,0.0995222929936305,0,5,None,66,1,5,False,1000,1000
1519,39,unweighted_fl,10,0.0995222929936305,0,5,None,66,1,5,False,1000,1000
1520,35,unweighted_fl,10,0.0995222929936305,0,8,None,66,1,5,False,1000,1000
1521,36,unweighted_fl,10,0.0995222929936305,0,8,None,66,1,5,False,1000,1000
1522,37,unweighted_fl,10,0.1744625796178344,0,8,None,66,1,5,False,1000,1000
1523,38,unweighted_fl,10,0.0995222929936305,0,8,None,66,1,5,False,1000,1000
1524,39,unweighted_fl,10,0.0995222929936305,0,8,None,66,1,5,False,1000,1000
1525,35,unweighted_fl,10,0.0995222929936305,0,7,None,66,1,5,False,1000,1000
1526,36,unweighted_fl,10,0.0995222929936305,0,7,None,66,1,5,False,1000,1000
1527,37,unweighted_fl,10,0.0995222929936305,0,7,None,66,1,5,False,1000,1000
1528,38,unweighted_fl,10,0.0995222929936305,0,7,None,66,1,5,False,1000,1000
1529,39,unweighted_fl,10,0.0995222929936305,0,7,None,66,1,5,False,1000,1000
1530,35,unweighted_fl,10,0.0995222929936305,0,10,None,66,1,5,False,1000,1000
1531,36,unweighted_fl,10,0.0995222929936305,0,10,None,66,1,5,False,1000,1000
1532,37,unweighted_fl,10,0.0995222929936305,0,10,None,66,1,5,False,1000,1000
1533,38,unweighted_fl,10,0.0995222929936305,0,10,None,66,1,5,False,1000,1000
1534,39,unweighted_fl,10,0.0995222929936305,0,10,None,66,1,5,False,1000,1000
1535,35,unweighted_fl,10,0.0995222929936305,0,9,None,66,1,5,False,1000,1000
1536,36,unweighted_fl,10,0.1538614649681528,0,9,None,66,1,5,False,1000,1000
1537,37,unweighted_fl,10,0.1653065286624203,0,9,None,66,1,5,False,1000,1000
1538,38,unweighted_fl,10,0.1089769108280254,0,9,None,66,1,5,False,1000,1000
1539,39,unweighted_fl,10,0.0995222929936305,0,9,None,66,1,5,False,1000,1000
1540,35,unweighted_fl,10,0.0995222929936305,0,12,None,66,1,5,False,1000,1000
1541,36,unweighted_fl,10,0.0995222929936305,0,12,None,66,1,5,False,1000,1000
1542,37,unweighted_fl,10,0.0995222929936305,0,12,None,66,1,5,False,1000,1000
1543,38,unweighted_fl,10,0.0995222929936305,0,12,None,66,1,5,False,1000,1000
1544,39,unweighted_fl,10,0.0995222929936305,0,12,None,66,1,5,False,1000,1000
1545,35,unweighted_fl,10,0.0995222929936305,0,11,None,66,1,5,False,1000,1000
1546,36,unweighted_fl,10,0.0995222929936305,0,11,None,66,1,5,False,1000,1000
1547,37,unweighted_fl,10,0.0995222929936305,0,11,None,66,1,5,False,1000,1000
1548,38,unweighted_fl,10,0.0995222929936305,0,11,None,66,1,5,False,1000,1000
1549,39,unweighted_fl,10,0.0995222929936305,0,11,None,66,1,5,False,1000,1000
1550,35,unweighted_fl,10,0.0995222929936305,0,14,None,66,1,5,False,1000,1000
1551,36,unweighted_fl,10,0.0995222929936305,0,14,None,66,1,5,False,1000,1000
1552,37,unweighted_fl,10,0.0995222929936305,0,14,None,66,1,5,False,1000,1000
1553,38,unweighted_fl,10,0.0995222929936305,0,14,None,66,1,5,False,1000,1000
1554,39,unweighted_fl,10,0.1747611464968153,0,14,None,66,1,5,False,1000,1000
1555,35,unweighted_fl,10,0.0995222929936305,0,13,None,66,1,5,False,1000,1000
1556,36,unweighted_fl,10,0.0995222929936305,0,13,None,66,1,5,False,1000,1000
1557,37,unweighted_fl,10,0.0995222929936305,0,13,None,66,1,5,False,1000,1000
1558,38,unweighted_fl,10,0.0995222929936305,0,13,None,66,1,5,False,1000,1000
1559,39,unweighted_fl,10,0.0995222929936305,0,13,None,66,1,5,False,1000,1000
1560,35,unweighted_fl,10,0.0995222929936305,0,16,None,66,1,5,False,1000,1000
1561,36,unweighted_fl,10,0.0995222929936305,0,16,None,66,1,5,False,1000,1000
1562,37,unweighted_fl,10,0.0995222929936305,0,16,None,66,1,5,False,1000,1000
1563,38,unweighted_fl,10,0.0995222929936305,0,16,None,66,1,5,False,1000,1000
1564,39,unweighted_fl,10,0.0996218152866242,0,16,None,66,1,5,False,1000,1000
1565,35,unweighted_fl,10,0.0995222929936305,0,15,None,66,1,5,False,1000,1000
1566,36,unweighted_fl,10,0.0995222929936305,0,15,None,66,1,5,False,1000,1000
1567,37,unweighted_fl,10,0.1423168789808917,0,15,None,66,1,5,False,1000,1000
1568,38,unweighted_fl,10,0.0995222929936305,0,15,None,66,1,5,False,1000,1000
1569,39,unweighted_fl,10,0.0995222929936305,0,15,None,66,1,5,False,1000,1000
1570,35,unweighted_fl,10,0.0995222929936305,0,18,None,66,1,5,False,1000,1000
1571,36,unweighted_fl,10,0.0995222929936305,0,18,None,66,1,5,False,1000,1000
1572,37,unweighted_fl,10,0.0995222929936305,0,18,None,66,1,5,False,1000,1000
1573,38,unweighted_fl,10,0.0995222929936305,0,18,None,66,1,5,False,1000,1000
1574,39,unweighted_fl,10,0.0995222929936305,0,18,None,66,1,5,False,1000,1000
1575,35,unweighted_fl,10,0.0995222929936305,0,17,None,66,1,5,False,1000,1000
1576,36,unweighted_fl,10,0.0995222929936305,0,17,None,66,1,5,False,1000,1000
1577,37,unweighted_fl,10,0.1577428343949044,0,17,None,66,1,5,False,1000,1000
1578,38,unweighted_fl,10,0.0995222929936305,0,17,None,66,1,5,False,1000,1000
1579,39,unweighted_fl,10,0.0995222929936305,0,17,None,66,1,5,False,1000,1000
1580,35,unweighted_fl,10,0.0995222929936305,0,19,None,66,1,5,False,1000,1000
1581,36,unweighted_fl,10,0.0995222929936305,0,19,None,66,1,5,False,1000,1000
1582,37,unweighted_fl,10,0.0995222929936305,0,19,None,66,1,5,False,1000,1000
1583,38,unweighted_fl,10,0.0995222929936305,0,19,None,66,1,5,False,1000,1000
1584,39,unweighted_fl,10,0.0995222929936305,0,19,None,66,1,5,False,1000,1000
1585,35,unweighted_fl,10,0.0995222929936305,0,20,None,66,1,5,False,1000,1000
1586,36,unweighted_fl,10,0.0995222929936305,0,20,None,66,1,5,False,1000,1000
1587,37,unweighted_fl,10,0.0995222929936305,0,20,None,66,1,5,False,1000,1000
1588,38,unweighted_fl,10,0.0995222929936305,0,20,None,66,1,5,False,1000,1000
1589,39,unweighted_fl,10,0.0995222929936305,0,20,None,66,1,5,False,1000,1000
1590,35,unweighted_fl,10,0.0995222929936305,0,21,None,66,1,5,False,1000,1000
1591,36,unweighted_fl,10,0.0995222929936305,0,21,None,66,1,5,False,1000,1000
1592,37,unweighted_fl,10,0.0995222929936305,0,21,None,66,1,5,False,1000,1000
1593,38,unweighted_fl,10,0.0995222929936305,0,21,None,66,1,5,False,1000,1000
1594,39,unweighted_fl,10,0.0995222929936305,0,21,None,66,1,5,False,1000,1000
1595,35,unweighted_fl,10,0.0995222929936305,0,22,None,66,1,5,False,1000,1000
1596,36,unweighted_fl,10,0.0995222929936305,0,22,None,66,1,5,False,1000,1000
1597,37,unweighted_fl,10,0.0995222929936305,0,22,None,66,1,5,False,1000,1000
1598,38,unweighted_fl,10,0.0995222929936305,0,22,None,66,1,5,False,1000,1000
1599,39,unweighted_fl,10,0.1941679936305732,0,22,None,66,1,5,False,1000,1000
1600,35,unweighted_fl,10,0.0995222929936305,0,23,None,66,1,5,False,1000,1000
1601,36,unweighted_fl,10,0.0995222929936305,0,23,None,66,1,5,False,1000,1000
1602,37,unweighted_fl,10,0.0995222929936305,0,23,None,66,1,5,False,1000,1000
1603,38,unweighted_fl,10,0.0995222929936305,0,23,None,66,1,5,False,1000,1000
1604,39,unweighted_fl,10,0.0995222929936305,0,23,None,66,1,5,False,1000,1000
1605,35,unweighted_fl,10,0.1755573248407643,0,25,None,66,1,5,False,1000,1000
1606,36,unweighted_fl,10,0.0995222929936305,0,25,None,66,1,5,False,1000,1000
1607,37,unweighted_fl,10,0.0995222929936305,0,25,None,66,1,5,False,1000,1000
1608,38,unweighted_fl,10,0.0995222929936305,0,25,None,66,1,5,False,1000,1000
1609,39,unweighted_fl,10,0.0995222929936305,0,25,None,66,1,5,False,1000,1000
1610,35,unweighted_fl,10,0.0995222929936305,0,24,None,66,1,5,False,1000,1000
1611,36,unweighted_fl,10,0.0995222929936305,0,24,None,66,1,5,False,1000,1000
1612,37,unweighted_fl,10,0.0995222929936305,0,24,None,66,1,5,False,1000,1000
1613,38,unweighted_fl,10,0.0995222929936305,0,24,None,66,1,5,False,1000,1000
1614,39,unweighted_fl,10,0.0995222929936305,0,24,None,66,1,5,False,1000,1000
1615,35,unweighted_fl,10,0.0995222929936305,0,27,None,66,1,5,False,1000,1000
1616,36,unweighted_fl,10,0.0995222929936305,0,27,None,66,1,5,False,1000,1000
1617,37,unweighted_fl,10,0.0995222929936305,0,27,None,66,1,5,False,1000,1000
1618,38,unweighted_fl,10,0.0995222929936305,0,27,None,66,1,5,False,1000,1000
1619,39,unweighted_fl,10,0.0995222929936305,0,27,None,66,1,5,False,1000,1000
1620,35,unweighted_fl,10,0.0995222929936305,0,26,None,66,1,5,False,1000,1000
1621,36,unweighted_fl,10,0.0995222929936305,0,26,None,66,1,5,False,1000,1000
1622,37,unweighted_fl,10,0.0995222929936305,0,26,None,66,1,5,False,1000,1000
1623,38,unweighted_fl,10,0.0995222929936305,0,26,None,66,1,5,False,1000,1000
1624,39,unweighted_fl,10,0.0995222929936305,0,26,None,66,1,5,False,1000,1000
1625,35,unweighted_fl,10,0.0995222929936305,0,29,None,66,1,5,False,1000,1000
1626,36,unweighted_fl,10,0.0995222929936305,0,29,None,66,1,5,False,1000,1000
1627,37,unweighted_fl,10,0.0995222929936305,0,29,None,66,1,5,False,1000,1000
1628,38,unweighted_fl,10,0.0995222929936305,0,29,None,66,1,5,False,1000,1000
1629,39,unweighted_fl,10,0.1897890127388535,0,29,None,66,1,5,False,1000,1000
1630,35,unweighted_fl,10,0.0995222929936305,0,28,None,66,1,5,False,1000,1000
1631,36,unweighted_fl,10,0.0995222929936305,0,28,None,66,1,5,False,1000,1000
1632,37,unweighted_fl,10,0.0995222929936305,0,28,None,66,1,5,False,1000,1000
1633,38,unweighted_fl,10,0.0995222929936305,0,28,None,66,1,5,False,1000,1000
1634,39,unweighted_fl,10,0.0995222929936305,0,28,None,66,1,5,False,1000,1000
1635,35,unweighted_fl,10,0.0995222929936305,0,30,None,66,1,5,False,1000,1000
1636,36,unweighted_fl,10,0.0995222929936305,0,30,None,66,1,5,False,1000,1000
1637,37,unweighted_fl,10,0.0995222929936305,0,30,None,66,1,5,False,1000,1000
1638,38,unweighted_fl,10,0.0995222929936305,0,30,None,66,1,5,False,1000,1000
1639,39,unweighted_fl,10,0.0995222929936305,0,30,None,66,1,5,False,1000,1000
1640,35,unweighted_fl,10,0.0995222929936305,0,31,None,66,1,5,False,1000,1000
1641,36,unweighted_fl,10,0.1195262738853503,0,31,None,66,1,5,False,1000,1000
1642,37,unweighted_fl,10,0.1490843949044586,0,31,None,66,1,5,False,1000,1000
1643,38,unweighted_fl,10,0.0995222929936305,0,31,None,66,1,5,False,1000,1000
1644,39,unweighted_fl,10,0.0995222929936305,0,31,None,66,1,5,False,1000,1000
1645,35,unweighted_fl,10,0.0995222929936305,0,32,None,66,1,5,False,1000,1000
1646,36,unweighted_fl,10,0.0995222929936305,0,32,None,66,1,5,False,1000,1000
1647,37,unweighted_fl,10,0.0995222929936305,0,32,None,66,1,5,False,1000,1000
1648,38,unweighted_fl,10,0.0995222929936305,0,32,None,66,1,5,False,1000,1000
1649,39,unweighted_fl,10,0.0995222929936305,0,32,None,66,1,5,False,1000,1000
1650,40,unweighted_fl,10,0.0995222929936305,0,0,None,66,1,5,False,1000,1000
1651,41,unweighted_fl,10,0.0995222929936305,0,0,None,66,1,5,False,1000,1000
1652,42,unweighted_fl,10,0.0995222929936305,0,0,None,66,1,5,False,1000,1000
1653,43,unweighted_fl,10,0.0995222929936305,0,0,None,66,1,5,False,1000,1000
1654,44,unweighted_fl,10,0.0995222929936305,0,0,None,66,1,5,False,1000,1000
1655,40,unweighted_fl,10,0.0995222929936305,0,1,None,66,1,5,False,1000,1000
1656,41,unweighted_fl,10,0.0995222929936305,0,1,None,66,1,5,False,1000,1000
1657,42,unweighted_fl,10,0.0995222929936305,0,1,None,66,1,5,False,1000,1000
1658,43,unweighted_fl,10,0.0995222929936305,0,1,None,66,1,5,False,1000,1000
1659,44,unweighted_fl,10,0.0995222929936305,0,1,None,66,1,5,False,1000,1000
1660,40,unweighted_fl,10,0.0995222929936305,0,2,None,66,1,5,False,1000,1000
1661,41,unweighted_fl,10,0.0995222929936305,0,2,None,66,1,5,False,1000,1000
1662,42,unweighted_fl,10,0.0995222929936305,0,2,None,66,1,5,False,1000,1000
1663,43,unweighted_fl,10,0.0995222929936305,0,2,None,66,1,5,False,1000,1000
1664,44,unweighted_fl,10,0.0995222929936305,0,2,None,66,1,5,False,1000,1000
1665,40,unweighted_fl,10,0.0995222929936305,0,3,None,66,1,5,False,1000,1000
1666,41,unweighted_fl,10,0.0995222929936305,0,3,None,66,1,5,False,1000,1000
1667,42,unweighted_fl,10,0.0995222929936305,0,3,None,66,1,5,False,1000,1000
1668,43,unweighted_fl,10,0.0995222929936305,0,3,None,66,1,5,False,1000,1000
1669,44,unweighted_fl,10,0.0995222929936305,0,3,None,66,1,5,False,1000,1000
1670,40,unweighted_fl,10,0.1315684713375796,0,5,None,66,1,5,False,1000,1000
1671,41,unweighted_fl,10,0.0995222929936305,0,5,None,66,1,5,False,1000,1000
1672,42,unweighted_fl,10,0.0995222929936305,0,5,None,66,1,5,False,1000,1000
1673,43,unweighted_fl,10,0.0995222929936305,0,5,None,66,1,5,False,1000,1000
1674,44,unweighted_fl,10,0.0995222929936305,0,5,None,66,1,5,False,1000,1000
1675,40,unweighted_fl,10,0.0995222929936305,0,4,None,66,1,5,False,1000,1000
1676,41,unweighted_fl,10,0.1666998407643312,0,4,None,66,1,5,False,1000,1000
1677,42,unweighted_fl,10,0.0995222929936305,0,4,None,66,1,5,False,1000,1000
1678,43,unweighted_fl,10,0.0995222929936305,0,4,None,66,1,5,False,1000,1000
1679,44,unweighted_fl,10,0.0995222929936305,0,4,None,66,1,5,False,1000,1000
1680,40,unweighted_fl,10,0.0995222929936305,0,7,None,66,1,5,False,1000,1000
1681,41,unweighted_fl,10,0.0995222929936305,0,7,None,66,1,5,False,1000,1000
1682,42,unweighted_fl,10,0.0995222929936305,0,7,None,66,1,5,False,1000,1000
1683,43,unweighted_fl,10,0.0995222929936305,0,7,None,66,1,5,False,1000,1000
1684,44,unweighted_fl,10,0.0995222929936305,0,7,None,66,1,5,False,1000,1000
1685,40,unweighted_fl,10,0.0995222929936305,0,6,None,66,1,5,False,1000,1000
1686,41,unweighted_fl,10,0.0995222929936305,0,6,None,66,1,5,False,1000,1000
1687,42,unweighted_fl,10,0.0995222929936305,0,6,None,66,1,5,False,1000,1000
1688,43,unweighted_fl,10,0.0995222929936305,0,6,None,66,1,5,False,1000,1000
1689,44,unweighted_fl,10,0.0995222929936305,0,6,None,66,1,5,False,1000,1000
1690,40,unweighted_fl,10,0.0995222929936305,0,9,None,66,1,5,False,1000,1000
1691,41,unweighted_fl,10,0.0995222929936305,0,9,None,66,1,5,False,1000,1000
1692,42,unweighted_fl,10,0.0995222929936305,0,9,None,66,1,5,False,1000,1000
1693,43,unweighted_fl,10,0.0995222929936305,0,9,None,66,1,5,False,1000,1000
1694,44,unweighted_fl,10,0.0995222929936305,0,9,None,66,1,5,False,1000,1000
1695,40,unweighted_fl,10,0.0995222929936305,0,8,None,66,1,5,False,1000,1000
1696,41,unweighted_fl,10,0.0995222929936305,0,8,None,66,1,5,False,1000,1000
1697,42,unweighted_fl,10,0.0995222929936305,0,8,None,66,1,5,False,1000,1000
1698,43,unweighted_fl,10,0.0995222929936305,0,8,None,66,1,5,False,1000,1000
1699,44,unweighted_fl,10,0.0995222929936305,0,8,None,66,1,5,False,1000,1000
1700,40,unweighted_fl,10,0.0995222929936305,0,10,None,66,1,5,False,1000,1000
1701,41,unweighted_fl,10,0.0995222929936305,0,10,None,66,1,5,False,1000,1000
1702,42,unweighted_fl,10,0.0995222929936305,0,10,None,66,1,5,False,1000,1000
1703,43,unweighted_fl,10,0.0995222929936305,0,10,None,66,1,5,False,1000,1000
1704,44,unweighted_fl,10,0.0995222929936305,0,10,None,66,1,5,False,1000,1000
1705,40,unweighted_fl,10,0.0995222929936305,0,11,None,66,1,5,False,1000,1000
1706,41,unweighted_fl,10,0.0995222929936305,0,11,None,66,1,5,False,1000,1000
1707,42,unweighted_fl,10,0.0995222929936305,0,11,None,66,1,5,False,1000,1000
1708,43,unweighted_fl,10,0.0995222929936305,0,11,None,66,1,5,False,1000,1000
1709,44,unweighted_fl,10,0.0995222929936305,0,11,None,66,1,5,False,1000,1000
1710,40,unweighted_fl,10,0.0995222929936305,0,12,None,66,1,5,False,1000,1000
1711,41,unweighted_fl,10,0.0995222929936305,0,12,None,66,1,5,False,1000,1000
1712,42,unweighted_fl,10,0.0995222929936305,0,12,None,66,1,5,False,1000,1000
1713,43,unweighted_fl,10,0.0995222929936305,0,12,None,66,1,5,False,1000,1000
1714,44,unweighted_fl,10,0.0995222929936305,0,12,None,66,1,5,False,1000,1000
1715,40,unweighted_fl,10,0.1670979299363057,0,13,None,66,1,5,False,1000,1000
1716,41,unweighted_fl,10,0.0995222929936305,0,13,None,66,1,5,False,1000,1000
1717,42,unweighted_fl,10,0.0995222929936305,0,13,None,66,1,5,False,1000,1000
1718,43,unweighted_fl,10,0.0995222929936305,0,13,None,66,1,5,False,1000,1000
1719,44,unweighted_fl,10,0.0995222929936305,0,13,None,66,1,5,False,1000,1000
1720,40,unweighted_fl,10,0.0995222929936305,0,14,None,66,1,5,False,1000,1000
1721,41,unweighted_fl,10,0.0995222929936305,0,14,None,66,1,5,False,1000,1000
1722,42,unweighted_fl,10,0.0995222929936305,0,14,None,66,1,5,False,1000,1000
1723,43,unweighted_fl,10,0.0995222929936305,0,14,None,66,1,5,False,1000,1000
1724,44,unweighted_fl,10,0.1983479299363057,0,14,None,66,1,5,False,1000,1000
1725,40,unweighted_fl,10,0.0995222929936305,0,15,None,66,1,5,False,1000,1000
1726,41,unweighted_fl,10,0.0995222929936305,0,15,None,66,1,5,False,1000,1000
1727,42,unweighted_fl,10,0.0995222929936305,0,15,None,66,1,5,False,1000,1000
1728,43,unweighted_fl,10,0.0995222929936305,0,15,None,66,1,5,False,1000,1000
1729,44,unweighted_fl,10,0.0995222929936305,0,15,None,66,1,5,False,1000,1000
1730,40,unweighted_fl,10,0.1470939490445859,0,16,None,66,1,5,False,1000,1000
1731,41,unweighted_fl,10,0.0995222929936305,0,16,None,66,1,5,False,1000,1000
1732,42,unweighted_fl,10,0.0995222929936305,0,16,None,66,1,5,False,1000,1000
1733,43,unweighted_fl,10,0.0995222929936305,0,16,None,66,1,5,False,1000,1000
1734,44,unweighted_fl,10,0.0995222929936305,0,16,None,66,1,5,False,1000,1000
1735,40,unweighted_fl,10,0.0995222929936305,0,18,None,66,1,5,False,1000,1000
1736,41,unweighted_fl,10,0.0995222929936305,0,18,None,66,1,5,False,1000,1000
1737,42,unweighted_fl,10,0.0995222929936305,0,18,None,66,1,5,False,1000,1000
1738,43,unweighted_fl,10,0.0995222929936305,0,18,None,66,1,5,False,1000,1000
1739,44,unweighted_fl,10,0.0995222929936305,0,18,None,66,1,5,False,1000,1000
1740,40,unweighted_fl,10,0.0995222929936305,0,17,None,66,1,5,False,1000,1000
1741,41,unweighted_fl,10,0.0995222929936305,0,17,None,66,1,5,False,1000,1000
1742,42,unweighted_fl,10,0.0995222929936305,0,17,None,66,1,5,False,1000,1000
1743,43,unweighted_fl,10,0.0995222929936305,0,17,None,66,1,5,False,1000,1000
1744,44,unweighted_fl,10,0.0995222929936305,0,17,None,66,1,5,False,1000,1000
1745,40,unweighted_fl,10,0.0995222929936305,0,19,None,66,1,5,False,1000,1000
1746,41,unweighted_fl,10,0.0995222929936305,0,19,None,66,1,5,False,1000,1000
1747,42,unweighted_fl,10,0.0995222929936305,0,19,None,66,1,5,False,1000,1000
1748,43,unweighted_fl,10,0.0995222929936305,0,19,None,66,1,5,False,1000,1000
1749,44,unweighted_fl,10,0.0995222929936305,0,19,None,66,1,5,False,1000,1000
1750,40,unweighted_fl,10,0.0995222929936305,0,20,None,66,1,5,False,1000,1000
1751,41,unweighted_fl,10,0.0995222929936305,0,20,None,66,1,5,False,1000,1000
1752,42,unweighted_fl,10,0.0995222929936305,0,20,None,66,1,5,False,1000,1000
1753,43,unweighted_fl,10,0.0995222929936305,0,20,None,66,1,5,False,1000,1000
1754,44,unweighted_fl,10,0.0995222929936305,0,20,None,66,1,5,False,1000,1000
1755,40,unweighted_fl,10,0.0995222929936305,0,21,None,66,1,5,False,1000,1000
1756,41,unweighted_fl,10,0.0995222929936305,0,21,None,66,1,5,False,1000,1000
1757,42,unweighted_fl,10,0.0995222929936305,0,21,None,66,1,5,False,1000,1000
1758,43,unweighted_fl,10,0.0995222929936305,0,21,None,66,1,5,False,1000,1000
1759,44,unweighted_fl,10,0.0995222929936305,0,21,None,66,1,5,False,1000,1000
1760,40,unweighted_fl,10,0.0995222929936305,0,22,None,66,1,5,False,1000,1000
1761,41,unweighted_fl,10,0.0995222929936305,0,22,None,66,1,5,False,1000,1000
1762,42,unweighted_fl,10,0.0995222929936305,0,22,None,66,1,5,False,1000,1000
1763,43,unweighted_fl,10,0.0995222929936305,0,22,None,66,1,5,False,1000,1000
1764,44,unweighted_fl,10,0.0995222929936305,0,22,None,66,1,5,False,1000,1000
1765,40,unweighted_fl,10,0.0995222929936305,0,23,None,66,1,5,False,1000,1000
1766,41,unweighted_fl,10,0.0995222929936305,0,23,None,66,1,5,False,1000,1000
1767,42,unweighted_fl,10,0.0995222929936305,0,23,None,66,1,5,False,1000,1000
1768,43,unweighted_fl,10,0.0995222929936305,0,23,None,66,1,5,False,1000,1000
1769,44,unweighted_fl,10,0.0995222929936305,0,23,None,66,1,5,False,1000,1000
1770,40,unweighted_fl,10,0.0995222929936305,0,24,None,66,1,5,False,1000,1000
1771,41,unweighted_fl,10,0.0995222929936305,0,24,None,66,1,5,False,1000,1000
1772,42,unweighted_fl,10,0.0995222929936305,0,24,None,66,1,5,False,1000,1000
1773,43,unweighted_fl,10,0.0995222929936305,0,24,None,66,1,5,False,1000,1000
1774,44,unweighted_fl,10,0.0995222929936305,0,24,None,66,1,5,False,1000,1000
1775,40,unweighted_fl,10,0.0995222929936305,0,25,None,66,1,5,False,1000,1000
1776,41,unweighted_fl,10,0.0995222929936305,0,25,None,66,1,5,False,1000,1000
1777,42,unweighted_fl,10,0.0995222929936305,0,25,None,66,1,5,False,1000,1000
1778,43,unweighted_fl,10,0.0995222929936305,0,25,None,66,1,5,False,1000,1000
1779,44,unweighted_fl,10,0.0995222929936305,0,25,None,66,1,5,False,1000,1000
1780,40,unweighted_fl,10,0.0995222929936305,0,27,None,66,1,5,False,1000,1000
1781,41,unweighted_fl,10,0.0995222929936305,0,27,None,66,1,5,False,1000,1000
1782,42,unweighted_fl,10,0.0995222929936305,0,27,None,66,1,5,False,1000,1000
1783,43,unweighted_fl,10,0.0995222929936305,0,27,None,66,1,5,False,1000,1000
1784,44,unweighted_fl,10,0.0995222929936305,0,27,None,66,1,5,False,1000,1000
1785,40,unweighted_fl,10,0.0995222929936305,0,26,None,66,1,5,False,1000,1000
1786,41,unweighted_fl,10,0.0995222929936305,0,26,None,66,1,5,False,1000,1000
1787,42,unweighted_fl,10,0.0995222929936305,0,26,None,66,1,5,False,1000,1000
1788,43,unweighted_fl,10,0.0995222929936305,0,26,None,66,1,5,False,1000,1000
1789,44,unweighted_fl,10,0.0995222929936305,0,26,None,66,1,5,False,1000,1000
1790,40,unweighted_fl,10,0.0995222929936305,0,28,None,66,1,5,False,1000,1000
1791,41,unweighted_fl,10,0.0995222929936305,0,28,None,66,1,5,False,1000,1000
1792,42,unweighted_fl,10,0.0995222929936305,0,28,None,66,1,5,False,1000,1000
1793,43,unweighted_fl,10,0.0995222929936305,0,28,None,66,1,5,False,1000,1000
1794,44,unweighted_fl,10,0.0995222929936305,0,28,None,66,1,5,False,1000,1000
1795,40,unweighted_fl,10,0.0995222929936305,0,29,None,66,1,5,False,1000,1000
1796,41,unweighted_fl,10,0.0995222929936305,0,29,None,66,1,5,False,1000,1000
1797,42,unweighted_fl,10,0.0995222929936305,0,29,None,66,1,5,False,1000,1000
1798,43,unweighted_fl,10,0.0995222929936305,0,29,None,66,1,5,False,1000,1000
1799,44,unweighted_fl,10,0.0995222929936305,0,29,None,66,1,5,False,1000,1000
1800,40,unweighted_fl,10,0.0995222929936305,0,30,None,66,1,5,False,1000,1000
1801,41,unweighted_fl,10,0.0995222929936305,0,30,None,66,1,5,False,1000,1000
1802,42,unweighted_fl,10,0.0995222929936305,0,30,None,66,1,5,False,1000,1000
1803,43,unweighted_fl,10,0.0995222929936305,0,30,None,66,1,5,False,1000,1000
1804,44,unweighted_fl,10,0.0995222929936305,0,30,None,66,1,5,False,1000,1000
1805,40,unweighted_fl,10,0.0995222929936305,0,32,None,66,1,5,False,1000,1000
1806,41,unweighted_fl,10,0.0995222929936305,0,32,None,66,1,5,False,1000,1000
1807,42,unweighted_fl,10,0.0995222929936305,0,32,None,66,1,5,False,1000,1000
1808,43,unweighted_fl,10,0.0995222929936305,0,32,None,66,1,5,False,1000,1000
1809,44,unweighted_fl,10,0.0995222929936305,0,32,None,66,1,5,False,1000,1000
1810,40,unweighted_fl,10,0.0995222929936305,0,31,None,66,1,5,False,1000,1000
1811,41,unweighted_fl,10,0.0995222929936305,0,31,None,66,1,5,False,1000,1000
1812,42,unweighted_fl,10,0.0995222929936305,0,31,None,66,1,5,False,1000,1000
1813,43,unweighted_fl,10,0.0995222929936305,0,31,None,66,1,5,False,1000,1000
1814,44,unweighted_fl,10,0.0995222929936305,0,31,None,66,1,5,False,1000,1000
1815,45,unweighted_fl,10,0.0995222929936305,0,1,None,66,1,5,False,1000,1000
1816,46,unweighted_fl,10,0.0995222929936305,0,1,None,66,1,5,False,1000,1000
1817,47,unweighted_fl,10,0.0995222929936305,0,1,None,66,1,5,False,1000,1000
1818,48,unweighted_fl,10,0.0995222929936305,0,1,None,66,1,5,False,1000,1000
1819,49,unweighted_fl,10,0.0995222929936305,0,1,None,66,1,5,False,1000,1000
1820,45,unweighted_fl,10,0.0995222929936305,0,0,None,66,1,5,False,1000,1000
1821,46,unweighted_fl,10,0.0995222929936305,0,0,None,66,1,5,False,1000,1000
1822,47,unweighted_fl,10,0.0995222929936305,0,0,None,66,1,5,False,1000,1000
1823,48,unweighted_fl,10,0.0995222929936305,0,0,None,66,1,5,False,1000,1000
1824,49,unweighted_fl,10,0.0995222929936305,0,0,None,66,1,5,False,1000,1000
1825,45,unweighted_fl,10,0.0995222929936305,0,2,None,66,1,5,False,1000,1000
1826,46,unweighted_fl,10,0.0995222929936305,0,2,None,66,1,5,False,1000,1000
1827,47,unweighted_fl,10,0.0995222929936305,0,2,None,66,1,5,False,1000,1000
1828,48,unweighted_fl,10,0.0995222929936305,0,2,None,66,1,5,False,1000,1000
1829,49,unweighted_fl,10,0.0995222929936305,0,2,None,66,1,5,False,1000,1000
1830,45,unweighted_fl,10,0.0995222929936305,0,3,None,66,1,5,False,1000,1000
1831,46,unweighted_fl,10,0.0995222929936305,0,3,None,66,1,5,False,1000,1000
1832,47,unweighted_fl,10,0.0995222929936305,0,3,None,66,1,5,False,1000,1000
1833,48,unweighted_fl,10,0.0995222929936305,0,3,None,66,1,5,False,1000,1000
1834,49,unweighted_fl,10,0.0995222929936305,0,3,None,66,1,5,False,1000,1000
1835,45,unweighted_fl,10,0.0995222929936305,0,5,None,66,1,5,False,1000,1000
1836,46,unweighted_fl,10,0.0995222929936305,0,5,None,66,1,5,False,1000,1000
1837,47,unweighted_fl,10,0.0995222929936305,0,5,None,66,1,5,False,1000,1000
1838,48,unweighted_fl,10,0.0995222929936305,0,5,None,66,1,5,False,1000,1000
1839,49,unweighted_fl,10,0.0995222929936305,0,5,None,66,1,5,False,1000,1000
1840,45,unweighted_fl,10,0.1490843949044586,0,4,None,66,1,5,False,1000,1000
1841,46,unweighted_fl,10,0.0995222929936305,0,4,None,66,1,5,False,1000,1000
1842,47,unweighted_fl,10,0.0995222929936305,0,4,None,66,1,5,False,1000,1000
1843,48,unweighted_fl,10,0.0995222929936305,0,4,None,66,1,5,False,1000,1000
1844,49,unweighted_fl,10,0.0995222929936305,0,4,None,66,1,5,False,1000,1000
1845,45,unweighted_fl,10,0.1030055732484076,0,6,None,66,1,5,False,1000,1000
1846,46,unweighted_fl,10,0.0995222929936305,0,6,None,66,1,5,False,1000,1000
1847,47,unweighted_fl,10,0.0995222929936305,0,6,None,66,1,5,False,1000,1000
1848,48,unweighted_fl,10,0.0995222929936305,0,6,None,66,1,5,False,1000,1000
1849,49,unweighted_fl,10,0.1254976114649681,0,6,None,66,1,5,False,1000,1000
1850,45,unweighted_fl,10,0.0995222929936305,0,7,None,66,1,5,False,1000,1000
1851,46,unweighted_fl,10,0.0995222929936305,0,7,None,66,1,5,False,1000,1000
1852,47,unweighted_fl,10,0.0995222929936305,0,7,None,66,1,5,False,1000,1000
1853,48,unweighted_fl,10,0.0995222929936305,0,7,None,66,1,5,False,1000,1000
1854,49,unweighted_fl,10,0.0995222929936305,0,7,None,66,1,5,False,1000,1000
1855,45,unweighted_fl,10,0.0995222929936305,0,8,None,66,1,5,False,1000,1000
1856,46,unweighted_fl,10,0.0995222929936305,0,8,None,66,1,5,False,1000,1000
1857,47,unweighted_fl,10,0.0995222929936305,0,8,None,66,1,5,False,1000,1000
1858,48,unweighted_fl,10,0.0995222929936305,0,8,None,66,1,5,False,1000,1000
1859,49,unweighted_fl,10,0.0995222929936305,0,8,None,66,1,5,False,1000,1000
1860,45,unweighted_fl,10,0.0995222929936305,0,9,None,66,1,5,False,1000,1000
1861,46,unweighted_fl,10,0.0995222929936305,0,9,None,66,1,5,False,1000,1000
1862,47,unweighted_fl,10,0.0995222929936305,0,9,None,66,1,5,False,1000,1000
1863,48,unweighted_fl,10,0.0995222929936305,0,9,None,66,1,5,False,1000,1000
1864,49,unweighted_fl,10,0.0995222929936305,0,9,None,66,1,5,False,1000,1000
1865,45,unweighted_fl,10,0.0995222929936305,0,10,None,66,1,5,False,1000,1000
1866,46,unweighted_fl,10,0.0995222929936305,0,10,None,66,1,5,False,1000,1000
1867,47,unweighted_fl,10,0.0995222929936305,0,10,None,66,1,5,False,1000,1000
1868,48,unweighted_fl,10,0.0995222929936305,0,10,None,66,1,5,False,1000,1000
1869,49,unweighted_fl,10,0.0995222929936305,0,10,None,66,1,5,False,1000,1000
1870,45,unweighted_fl,10,0.0995222929936305,0,11,None,66,1,5,False,1000,1000
1871,46,unweighted_fl,10,0.0995222929936305,0,11,None,66,1,5,False,1000,1000
1872,47,unweighted_fl,10,0.0995222929936305,0,11,None,66,1,5,False,1000,1000
1873,48,unweighted_fl,10,0.0995222929936305,0,11,None,66,1,5,False,1000,1000
1874,49,unweighted_fl,10,0.0995222929936305,0,11,None,66,1,5,False,1000,1000
1875,45,unweighted_fl,10,0.0995222929936305,0,12,None,66,1,5,False,1000,1000
1876,46,unweighted_fl,10,0.0995222929936305,0,12,None,66,1,5,False,1000,1000
1877,47,unweighted_fl,10,0.0995222929936305,0,12,None,66,1,5,False,1000,1000
1878,48,unweighted_fl,10,0.0995222929936305,0,12,None,66,1,5,False,1000,1000
1879,49,unweighted_fl,10,0.0995222929936305,0,12,None,66,1,5,False,1000,1000
1880,45,unweighted_fl,10,0.0995222929936305,0,13,None,66,1,5,False,1000,1000
1881,46,unweighted_fl,10,0.0995222929936305,0,13,None,66,1,5,False,1000,1000
1882,47,unweighted_fl,10,0.0995222929936305,0,13,None,66,1,5,False,1000,1000
1883,48,unweighted_fl,10,0.0995222929936305,0,13,None,66,1,5,False,1000,1000
1884,49,unweighted_fl,10,0.0995222929936305,0,13,None,66,1,5,False,1000,1000
1885,45,unweighted_fl,10,0.0995222929936305,0,14,None,66,1,5,False,1000,1000
1886,46,unweighted_fl,10,0.1835191082802547,0,14,None,66,1,5,False,1000,1000
1887,47,unweighted_fl,10,0.0995222929936305,0,14,None,66,1,5,False,1000,1000
1888,48,unweighted_fl,10,0.0995222929936305,0,14,None,66,1,5,False,1000,1000
1889,49,unweighted_fl,10,0.1388335987261146,0,14,None,66,1,5,False,1000,1000
1890,45,unweighted_fl,10,0.0995222929936305,0,15,None,66,1,5,False,1000,1000
1891,46,unweighted_fl,10,0.0995222929936305,0,15,None,66,1,5,False,1000,1000
1892,47,unweighted_fl,10,0.0995222929936305,0,15,None,66,1,5,False,1000,1000
1893,48,unweighted_fl,10,0.0995222929936305,0,15,None,66,1,5,False,1000,1000
1894,49,unweighted_fl,10,0.0995222929936305,0,15,None,66,1,5,False,1000,1000
1895,45,unweighted_fl,10,0.0995222929936305,0,16,None,66,1,5,False,1000,1000
1896,46,unweighted_fl,10,0.0995222929936305,0,16,None,66,1,5,False,1000,1000
1897,47,unweighted_fl,10,0.0995222929936305,0,16,None,66,1,5,False,1000,1000
1898,48,unweighted_fl,10,0.1511743630573248,0,16,None,66,1,5,False,1000,1000
1899,49,unweighted_fl,10,0.0995222929936305,0,16,None,66,1,5,False,1000,1000
1900,45,unweighted_fl,10,0.0995222929936305,0,17,None,66,1,5,False,1000,1000
1901,46,unweighted_fl,10,0.0995222929936305,0,17,None,66,1,5,False,1000,1000
1902,47,unweighted_fl,10,0.0995222929936305,0,17,None,66,1,5,False,1000,1000
1903,48,unweighted_fl,10,0.0995222929936305,0,17,None,66,1,5,False,1000,1000
1904,49,unweighted_fl,10,0.0995222929936305,0,17,None,66,1,5,False,1000,1000
1905,45,unweighted_fl,10,0.0995222929936305,0,18,None,66,1,5,False,1000,1000
1906,46,unweighted_fl,10,0.0995222929936305,0,18,None,66,1,5,False,1000,1000
1907,47,unweighted_fl,10,0.0995222929936305,0,18,None,66,1,5,False,1000,1000
1908,48,unweighted_fl,10,0.0995222929936305,0,18,None,66,1,5,False,1000,1000
1909,49,unweighted_fl,10,0.0995222929936305,0,18,None,66,1,5,False,1000,1000
1910,45,unweighted_fl,10,0.0995222929936305,0,19,None,66,1,5,False,1000,1000
1911,46,unweighted_fl,10,0.0995222929936305,0,19,None,66,1,5,False,1000,1000
1912,47,unweighted_fl,10,0.0995222929936305,0,19,None,66,1,5,False,1000,1000
1913,48,unweighted_fl,10,0.0995222929936305,0,19,None,66,1,5,False,1000,1000
1914,49,unweighted_fl,10,0.0995222929936305,0,19,None,66,1,5,False,1000,1000
1915,45,unweighted_fl,10,0.0995222929936305,0,20,None,66,1,5,False,1000,1000
1916,46,unweighted_fl,10,0.0995222929936305,0,20,None,66,1,5,False,1000,1000
1917,47,unweighted_fl,10,0.0995222929936305,0,20,None,66,1,5,False,1000,1000
1918,48,unweighted_fl,10,0.0995222929936305,0,20,None,66,1,5,False,1000,1000
1919,49,unweighted_fl,10,0.0995222929936305,0,20,None,66,1,5,False,1000,1000
1920,45,unweighted_fl,10,0.0995222929936305,0,21,None,66,1,5,False,1000,1000
1921,46,unweighted_fl,10,0.0995222929936305,0,21,None,66,1,5,False,1000,1000
1922,47,unweighted_fl,10,0.0995222929936305,0,21,None,66,1,5,False,1000,1000
1923,48,unweighted_fl,10,0.0995222929936305,0,21,None,66,1,5,False,1000,1000
1924,49,unweighted_fl,10,0.0995222929936305,0,21,None,66,1,5,False,1000,1000
1925,45,unweighted_fl,10,0.0995222929936305,0,22,None,66,1,5,False,1000,1000
1926,46,unweighted_fl,10,0.0995222929936305,0,22,None,66,1,5,False,1000,1000
1927,47,unweighted_fl,10,0.0995222929936305,0,22,None,66,1,5,False,1000,1000
1928,48,unweighted_fl,10,0.0995222929936305,0,22,None,66,1,5,False,1000,1000
1929,49,unweighted_fl,10,0.0995222929936305,0,22,None,66,1,5,False,1000,1000
1930,45,unweighted_fl,10,0.0995222929936305,0,23,None,66,1,5,False,1000,1000
1931,46,unweighted_fl,10,0.0995222929936305,0,23,None,66,1,5,False,1000,1000
1932,47,unweighted_fl,10,0.0995222929936305,0,23,None,66,1,5,False,1000,1000
1933,48,unweighted_fl,10,0.0995222929936305,0,23,None,66,1,5,False,1000,1000
1934,49,unweighted_fl,10,0.0995222929936305,0,23,None,66,1,5,False,1000,1000
1935,45,unweighted_fl,10,0.0995222929936305,0,24,None,66,1,5,False,1000,1000
1936,46,unweighted_fl,10,0.0995222929936305,0,24,None,66,1,5,False,1000,1000
1937,47,unweighted_fl,10,0.0995222929936305,0,24,None,66,1,5,False,1000,1000
1938,48,unweighted_fl,10,0.0995222929936305,0,24,None,66,1,5,False,1000,1000
1939,49,unweighted_fl,10,0.0995222929936305,0,24,None,66,1,5,False,1000,1000
1940,45,unweighted_fl,10,0.0995222929936305,0,25,None,66,1,5,False,1000,1000
1941,46,unweighted_fl,10,0.1399283439490445,0,25,None,66,1,5,False,1000,1000
1942,47,unweighted_fl,10,0.1187300955414012,0,25,None,66,1,5,False,1000,1000
1943,48,unweighted_fl,10,0.1041998407643312,0,25,None,66,1,5,False,1000,1000
1944,49,unweighted_fl,10,0.0995222929936305,0,25,None,66,1,5,False,1000,1000
1945,45,unweighted_fl,10,0.0995222929936305,0,26,None,66,1,5,False,1000,1000
1946,46,unweighted_fl,10,0.0995222929936305,0,26,None,66,1,5,False,1000,1000
1947,47,unweighted_fl,10,0.0995222929936305,0,26,None,66,1,5,False,1000,1000
1948,48,unweighted_fl,10,0.0995222929936305,0,26,None,66,1,5,False,1000,1000
1949,49,unweighted_fl,10,0.0995222929936305,0,26,None,66,1,5,False,1000,1000
1950,45,unweighted_fl,10,0.0995222929936305,0,27,None,66,1,5,False,1000,1000
1951,46,unweighted_fl,10,0.0995222929936305,0,27,None,66,1,5,False,1000,1000
1952,47,unweighted_fl,10,0.0995222929936305,0,27,None,66,1,5,False,1000,1000
1953,48,unweighted_fl,10,0.0995222929936305,0,27,None,66,1,5,False,1000,1000
1954,49,unweighted_fl,10,0.0995222929936305,0,27,None,66,1,5,False,1000,1000
1955,45,unweighted_fl,10,0.0995222929936305,0,28,None,66,1,5,False,1000,1000
1956,46,unweighted_fl,10,0.0995222929936305,0,28,None,66,1,5,False,1000,1000
1957,47,unweighted_fl,10,0.0995222929936305,0,28,None,66,1,5,False,1000,1000
1958,48,unweighted_fl,10,0.0995222929936305,0,28,None,66,1,5,False,1000,1000
1959,49,unweighted_fl,10,0.0995222929936305,0,28,None,66,1,5,False,1000,1000
1960,45,unweighted_fl,10,0.0995222929936305,0,29,None,66,1,5,False,1000,1000
1961,46,unweighted_fl,10,0.0995222929936305,0,29,None,66,1,5,False,1000,1000
1962,47,unweighted_fl,10,0.0995222929936305,0,29,None,66,1,5,False,1000,1000
1963,48,unweighted_fl,10,0.0995222929936305,0,29,None,66,1,5,False,1000,1000
1964,49,unweighted_fl,10,0.0995222929936305,0,29,None,66,1,5,False,1000,1000
1965,45,unweighted_fl,10,0.0995222929936305,0,30,None,66,1,5,False,1000,1000
1966,46,unweighted_fl,10,0.0995222929936305,0,30,None,66,1,5,False,1000,1000
1967,47,unweighted_fl,10,0.0995222929936305,0,30,None,66,1,5,False,1000,1000
1968,48,unweighted_fl,10,0.1651074840764331,0,30,None,66,1,5,False,1000,1000
1969,49,unweighted_fl,10,0.0995222929936305,0,30,None,66,1,5,False,1000,1000
1970,45,unweighted_fl,10,0.1723726114649681,0,32,None,66,1,5,False,1000,1000
1971,46,unweighted_fl,10,0.0995222929936305,0,32,None,66,1,5,False,1000,1000
1972,47,unweighted_fl,10,0.0995222929936305,0,32,None,66,1,5,False,1000,1000
1973,48,unweighted_fl,10,0.0995222929936305,0,32,None,66,1,5,False,1000,1000
1974,49,unweighted_fl,10,0.0995222929936305,0,32,None,66,1,5,False,1000,1000
1975,45,unweighted_fl,10,0.0995222929936305,0,31,None,66,1,5,False,1000,1000
1976,46,unweighted_fl,10,0.0995222929936305,0,31,None,66,1,5,False,1000,1000
1977,47,unweighted_fl,10,0.0995222929936305,0,31,None,66,1,5,False,1000,1000
1978,48,unweighted_fl,10,0.0995222929936305,0,31,None,66,1,5,False,1000,1000
1979,49,unweighted_fl,10,0.0995222929936305,0,31,None,66,1,5,False,1000,1000
1980,50,unweighted_fl,10,0.1104697452229299,0,1,None,66,1,5,False,1000,1000
1981,51,unweighted_fl,10,0.0995222929936305,0,1,None,66,1,5,False,1000,1000
1982,52,unweighted_fl,10,0.0995222929936305,0,1,None,66,1,5,False,1000,1000
1983,53,unweighted_fl,10,0.0995222929936305,0,1,None,66,1,5,False,1000,1000
1984,54,unweighted_fl,10,0.0995222929936305,0,1,None,66,1,5,False,1000,1000
1985,50,unweighted_fl,10,0.0995222929936305,0,0,None,66,1,5,False,1000,1000
1986,51,unweighted_fl,10,0.0995222929936305,0,0,None,66,1,5,False,1000,1000
1987,52,unweighted_fl,10,0.0995222929936305,0,0,None,66,1,5,False,1000,1000
1988,53,unweighted_fl,10,0.0995222929936305,0,0,None,66,1,5,False,1000,1000
1989,54,unweighted_fl,10,0.0995222929936305,0,0,None,66,1,5,False,1000,1000
1990,50,unweighted_fl,10,0.1048964968152866,0,3,None,66,1,5,False,1000,1000
1991,51,unweighted_fl,10,0.0995222929936305,0,3,None,66,1,5,False,1000,1000
1992,52,unweighted_fl,10,0.0995222929936305,0,3,None,66,1,5,False,1000,1000
1993,53,unweighted_fl,10,0.0995222929936305,0,3,None,66,1,5,False,1000,1000
1994,54,unweighted_fl,10,0.0995222929936305,0,3,None,66,1,5,False,1000,1000
1995,50,unweighted_fl,10,0.0995222929936305,0,2,None,66,1,5,False,1000,1000
1996,51,unweighted_fl,10,0.1922770700636942,0,2,None,66,1,5,False,1000,1000
1997,52,unweighted_fl,10,0.0995222929936305,0,2,None,66,1,5,False,1000,1000
1998,53,unweighted_fl,10,0.0995222929936305,0,2,None,66,1,5,False,1000,1000
1999,54,unweighted_fl,10,0.0995222929936305,0,2,None,66,1,5,False,1000,1000
2000,50,unweighted_fl,10,0.0995222929936305,0,4,None,66,1,5,False,1000,1000
2001,51,unweighted_fl,10,0.0995222929936305,0,4,None,66,1,5,False,1000,1000
2002,52,unweighted_fl,10,0.0995222929936305,0,4,None,66,1,5,False,1000,1000
2003,53,unweighted_fl,10,0.0995222929936305,0,4,None,66,1,5,False,1000,1000
2004,54,unweighted_fl,10,0.0995222929936305,0,4,None,66,1,5,False,1000,1000
2005,50,unweighted_fl,10,0.0995222929936305,0,6,None,66,1,5,False,1000,1000
2006,51,unweighted_fl,10,0.0995222929936305,0,6,None,66,1,5,False,1000,1000
2007,52,unweighted_fl,10,0.0995222929936305,0,6,None,66,1,5,False,1000,1000
2008,53,unweighted_fl,10,0.0995222929936305,0,6,None,66,1,5,False,1000,1000
2009,54,unweighted_fl,10,0.2235270700636942,0,6,None,66,1,5,False,1000,1000
2010,50,unweighted_fl,10,0.0995222929936305,0,5,None,66,1,5,False,1000,1000
2011,51,unweighted_fl,10,0.0995222929936305,0,5,None,66,1,5,False,1000,1000
2012,52,unweighted_fl,10,0.0995222929936305,0,5,None,66,1,5,False,1000,1000
2013,53,unweighted_fl,10,0.0995222929936305,0,5,None,66,1,5,False,1000,1000
2014,54,unweighted_fl,10,0.0995222929936305,0,5,None,66,1,5,False,1000,1000
2015,50,unweighted_fl,10,0.0995222929936305,0,7,None,66,1,5,False,1000,1000
2016,51,unweighted_fl,10,0.1211186305732484,0,7,None,66,1,5,False,1000,1000
2017,52,unweighted_fl,10,0.0995222929936305,0,7,None,66,1,5,False,1000,1000
2018,53,unweighted_fl,10,0.0995222929936305,0,7,None,66,1,5,False,1000,1000
2019,54,unweighted_fl,10,0.0995222929936305,0,7,None,66,1,5,False,1000,1000
2020,50,unweighted_fl,10,0.0995222929936305,0,9,None,66,1,5,False,1000,1000
2021,51,unweighted_fl,10,0.0995222929936305,0,9,None,66,1,5,False,1000,1000
2022,52,unweighted_fl,10,0.0995222929936305,0,9,None,66,1,5,False,1000,1000
2023,53,unweighted_fl,10,0.0995222929936305,0,9,None,66,1,5,False,1000,1000
2024,54,unweighted_fl,10,0.0995222929936305,0,9,None,66,1,5,False,1000,1000
2025,50,unweighted_fl,10,0.0995222929936305,0,8,None,66,1,5,False,1000,1000
2026,51,unweighted_fl,10,0.0995222929936305,0,8,None,66,1,5,False,1000,1000
2027,52,unweighted_fl,10,0.0995222929936305,0,8,None,66,1,5,False,1000,1000
2028,53,unweighted_fl,10,0.0995222929936305,0,8,None,66,1,5,False,1000,1000
2029,54,unweighted_fl,10,0.0995222929936305,0,8,None,66,1,5,False,1000,1000
2030,50,unweighted_fl,10,0.0995222929936305,0,10,None,66,1,5,False,1000,1000
2031,51,unweighted_fl,10,0.0995222929936305,0,10,None,66,1,5,False,1000,1000
2032,52,unweighted_fl,10,0.0995222929936305,0,10,None,66,1,5,False,1000,1000
2033,53,unweighted_fl,10,0.0995222929936305,0,10,None,66,1,5,False,1000,1000
2034,54,unweighted_fl,10,0.0995222929936305,0,10,None,66,1,5,False,1000,1000
2035,50,unweighted_fl,10,0.0995222929936305,0,12,None,66,1,5,False,1000,1000
2036,51,unweighted_fl,10,0.1123606687898089,0,12,None,66,1,5,False,1000,1000
2037,52,unweighted_fl,10,0.0995222929936305,0,12,None,66,1,5,False,1000,1000
2038,53,unweighted_fl,10,0.0995222929936305,0,12,None,66,1,5,False,1000,1000
2039,54,unweighted_fl,10,0.0995222929936305,0,12,None,66,1,5,False,1000,1000
2040,50,unweighted_fl,10,0.0995222929936305,0,13,None,66,1,5,False,1000,1000
2041,51,unweighted_fl,10,0.1005175159235668,0,13,None,66,1,5,False,1000,1000
2042,52,unweighted_fl,10,0.0995222929936305,0,13,None,66,1,5,False,1000,1000
2043,53,unweighted_fl,10,0.0995222929936305,0,13,None,66,1,5,False,1000,1000
2044,54,unweighted_fl,10,0.0995222929936305,0,13,None,66,1,5,False,1000,1000
2045,50,unweighted_fl,10,0.0995222929936305,0,11,None,66,1,5,False,1000,1000
2046,51,unweighted_fl,10,0.0995222929936305,0,11,None,66,1,5,False,1000,1000
2047,52,unweighted_fl,10,0.0995222929936305,0,11,None,66,1,5,False,1000,1000
2048,53,unweighted_fl,10,0.0995222929936305,0,11,None,66,1,5,False,1000,1000
2049,54,unweighted_fl,10,0.0995222929936305,0,11,None,66,1,5,False,1000,1000
2050,50,unweighted_fl,10,0.0995222929936305,0,14,None,66,1,5,False,1000,1000
2051,51,unweighted_fl,10,0.1637141719745223,0,14,None,66,1,5,False,1000,1000
2052,52,unweighted_fl,10,0.0995222929936305,0,14,None,66,1,5,False,1000,1000
2053,53,unweighted_fl,10,0.0995222929936305,0,14,None,66,1,5,False,1000,1000
2054,54,unweighted_fl,10,0.0995222929936305,0,14,None,66,1,5,False,1000,1000
2055,50,unweighted_fl,10,0.0995222929936305,0,16,None,66,1,5,False,1000,1000
2056,51,unweighted_fl,10,0.0995222929936305,0,16,None,66,1,5,False,1000,1000
2057,52,unweighted_fl,10,0.0995222929936305,0,16,None,66,1,5,False,1000,1000
2058,53,unweighted_fl,10,0.0995222929936305,0,16,None,66,1,5,False,1000,1000
2059,54,unweighted_fl,10,0.0995222929936305,0,16,None,66,1,5,False,1000,1000
2060,50,unweighted_fl,10,0.0995222929936305,0,17,None,66,1,5,False,1000,1000
2061,51,unweighted_fl,10,0.0995222929936305,0,17,None,66,1,5,False,1000,1000
2062,52,unweighted_fl,10,0.0995222929936305,0,17,None,66,1,5,False,1000,1000
2063,53,unweighted_fl,10,0.0995222929936305,0,17,None,66,1,5,False,1000,1000
2064,54,unweighted_fl,10,0.0995222929936305,0,17,None,66,1,5,False,1000,1000
2065,50,unweighted_fl,10,0.0995222929936305,0,15,None,66,1,5,False,1000,1000
2066,51,unweighted_fl,10,0.0995222929936305,0,15,None,66,1,5,False,1000,1000
2067,52,unweighted_fl,10,0.0995222929936305,0,15,None,66,1,5,False,1000,1000
2068,53,unweighted_fl,10,0.0995222929936305,0,15,None,66,1,5,False,1000,1000
2069,54,unweighted_fl,10,0.0995222929936305,0,15,None,66,1,5,False,1000,1000
2070,50,unweighted_fl,10,0.0995222929936305,0,18,None,66,1,5,False,1000,1000
2071,51,unweighted_fl,10,0.0995222929936305,0,18,None,66,1,5,False,1000,1000
2072,52,unweighted_fl,10,0.0995222929936305,0,18,None,66,1,5,False,1000,1000
2073,53,unweighted_fl,10,0.0995222929936305,0,18,None,66,1,5,False,1000,1000
2074,54,unweighted_fl,10,0.0995222929936305,0,18,None,66,1,5,False,1000,1000
2075,50,unweighted_fl,10,0.0995222929936305,0,20,None,66,1,5,False,1000,1000
2076,51,unweighted_fl,10,0.0995222929936305,0,20,None,66,1,5,False,1000,1000
2077,52,unweighted_fl,10,0.0995222929936305,0,20,None,66,1,5,False,1000,1000
2078,53,unweighted_fl,10,0.0995222929936305,0,20,None,66,1,5,False,1000,1000
2079,54,unweighted_fl,10,0.0995222929936305,0,20,None,66,1,5,False,1000,1000
2080,50,unweighted_fl,10,0.0995222929936305,0,21,None,66,1,5,False,1000,1000
2081,51,unweighted_fl,10,0.0995222929936305,0,21,None,66,1,5,False,1000,1000
2082,52,unweighted_fl,10,0.0995222929936305,0,21,None,66,1,5,False,1000,1000
2083,53,unweighted_fl,10,0.0995222929936305,0,21,None,66,1,5,False,1000,1000
2084,54,unweighted_fl,10,0.0995222929936305,0,21,None,66,1,5,False,1000,1000
2085,50,unweighted_fl,10,0.0995222929936305,0,19,None,66,1,5,False,1000,1000
2086,51,unweighted_fl,10,0.0995222929936305,0,19,None,66,1,5,False,1000,1000
2087,52,unweighted_fl,10,0.0995222929936305,0,19,None,66,1,5,False,1000,1000
2088,53,unweighted_fl,10,0.0995222929936305,0,19,None,66,1,5,False,1000,1000
2089,54,unweighted_fl,10,0.0995222929936305,0,19,None,66,1,5,False,1000,1000
2090,50,unweighted_fl,10,0.0995222929936305,0,22,None,66,1,5,False,1000,1000
2091,51,unweighted_fl,10,0.0995222929936305,0,22,None,66,1,5,False,1000,1000
2092,52,unweighted_fl,10,0.0995222929936305,0,22,None,66,1,5,False,1000,1000
2093,53,unweighted_fl,10,0.0995222929936305,0,22,None,66,1,5,False,1000,1000
2094,54,unweighted_fl,10,0.0995222929936305,0,22,None,66,1,5,False,1000,1000
2095,50,unweighted_fl,10,0.0995222929936305,0,23,None,66,1,5,False,1000,1000
2096,51,unweighted_fl,10,0.0995222929936305,0,23,None,66,1,5,False,1000,1000
2097,52,unweighted_fl,10,0.0995222929936305,0,23,None,66,1,5,False,1000,1000
2098,53,unweighted_fl,10,0.0995222929936305,0,23,None,66,1,5,False,1000,1000
2099,54,unweighted_fl,10,0.0995222929936305,0,23,None,66,1,5,False,1000,1000
2100,50,unweighted_fl,10,0.0995222929936305,0,24,None,66,1,5,False,1000,1000
2101,51,unweighted_fl,10,0.0995222929936305,0,24,None,66,1,5,False,1000,1000
2102,52,unweighted_fl,10,0.0995222929936305,0,24,None,66,1,5,False,1000,1000
2103,53,unweighted_fl,10,0.0995222929936305,0,24,None,66,1,5,False,1000,1000
2104,54,unweighted_fl,10,0.0995222929936305,0,24,None,66,1,5,False,1000,1000
2105,50,unweighted_fl,10,0.0995222929936305,0,25,None,66,1,5,False,1000,1000
2106,51,unweighted_fl,10,0.0995222929936305,0,25,None,66,1,5,False,1000,1000
2107,52,unweighted_fl,10,0.0995222929936305,0,25,None,66,1,5,False,1000,1000
2108,53,unweighted_fl,10,0.1203224522292993,0,25,None,66,1,5,False,1000,1000
2109,54,unweighted_fl,10,0.1688893312101911,0,25,None,66,1,5,False,1000,1000
2110,50,unweighted_fl,10,0.0995222929936305,0,26,None,66,1,5,False,1000,1000
2111,51,unweighted_fl,10,0.0995222929936305,0,26,None,66,1,5,False,1000,1000
2112,52,unweighted_fl,10,0.0995222929936305,0,26,None,66,1,5,False,1000,1000
2113,53,unweighted_fl,10,0.0995222929936305,0,26,None,66,1,5,False,1000,1000
2114,54,unweighted_fl,10,0.0995222929936305,0,26,None,66,1,5,False,1000,1000
2115,50,unweighted_fl,10,0.0995222929936305,0,28,None,66,1,5,False,1000,1000
2116,51,unweighted_fl,10,0.0995222929936305,0,28,None,66,1,5,False,1000,1000
2117,52,unweighted_fl,10,0.0995222929936305,0,28,None,66,1,5,False,1000,1000
2118,53,unweighted_fl,10,0.0995222929936305,0,28,None,66,1,5,False,1000,1000
2119,54,unweighted_fl,10,0.0995222929936305,0,28,None,66,1,5,False,1000,1000
2120,50,unweighted_fl,10,0.0995222929936305,0,29,None,66,1,5,False,1000,1000
2121,51,unweighted_fl,10,0.0995222929936305,0,29,None,66,1,5,False,1000,1000
2122,52,unweighted_fl,10,0.0995222929936305,0,29,None,66,1,5,False,1000,1000
2123,53,unweighted_fl,10,0.0995222929936305,0,29,None,66,1,5,False,1000,1000
2124,54,unweighted_fl,10,0.0995222929936305,0,29,None,66,1,5,False,1000,1000
2125,50,unweighted_fl,10,0.0995222929936305,0,27,None,66,1,5,False,1000,1000
2126,51,unweighted_fl,10,0.0995222929936305,0,27,None,66,1,5,False,1000,1000
2127,52,unweighted_fl,10,0.0995222929936305,0,27,None,66,1,5,False,1000,1000
2128,53,unweighted_fl,10,0.0995222929936305,0,27,None,66,1,5,False,1000,1000
2129,54,unweighted_fl,10,0.0995222929936305,0,27,None,66,1,5,False,1000,1000
2130,50,unweighted_fl,10,0.0995222929936305,0,30,None,66,1,5,False,1000,1000
2131,51,unweighted_fl,10,0.0995222929936305,0,30,None,66,1,5,False,1000,1000
2132,52,unweighted_fl,10,0.0995222929936305,0,30,None,66,1,5,False,1000,1000
2133,53,unweighted_fl,10,0.0995222929936305,0,30,None,66,1,5,False,1000,1000
2134,54,unweighted_fl,10,0.0995222929936305,0,30,None,66,1,5,False,1000,1000
2135,50,unweighted_fl,10,0.0995222929936305,0,32,None,66,1,5,False,1000,1000
2136,51,unweighted_fl,10,0.0995222929936305,0,32,None,66,1,5,False,1000,1000
2137,52,unweighted_fl,10,0.0995222929936305,0,32,None,66,1,5,False,1000,1000
2138,53,unweighted_fl,10,0.0995222929936305,0,32,None,66,1,5,False,1000,1000
2139,54,unweighted_fl,10,0.0995222929936305,0,32,None,66,1,5,False,1000,1000
2140,50,unweighted_fl,10,0.0995222929936305,0,31,None,66,1,5,False,1000,1000
2141,51,unweighted_fl,10,0.1027070063694267,0,31,None,66,1,5,False,1000,1000
2142,52,unweighted_fl,10,0.0995222929936305,0,31,None,66,1,5,False,1000,1000
2143,53,unweighted_fl,10,0.0995222929936305,0,31,None,66,1,5,False,1000,1000
2144,54,unweighted_fl,10,0.0995222929936305,0,31,None,66,1,5,False,1000,1000
2475,55,unweighted_fl,10,0.0995222929936305,0,1,None,66,1,5,False,1000,1000
2476,56,unweighted_fl,10,0.0995222929936305,0,1,None,66,1,5,False,1000,1000
2477,57,unweighted_fl,10,0.0995222929936305,0,1,None,66,1,5,False,1000,1000
2478,58,unweighted_fl,10,0.0995222929936305,0,1,None,66,1,5,False,1000,1000
2479,59,unweighted_fl,10,0.0995222929936305,0,1,None,66,1,5,False,1000,1000
2480,55,unweighted_fl,10,0.0995222929936305,0,2,None,66,1,5,False,1000,1000
2481,56,unweighted_fl,10,0.0995222929936305,0,2,None,66,1,5,False,1000,1000
2482,57,unweighted_fl,10,0.0995222929936305,0,2,None,66,1,5,False,1000,1000
2483,58,unweighted_fl,10,0.0995222929936305,0,2,None,66,1,5,False,1000,1000
2484,59,unweighted_fl,10,0.0995222929936305,0,2,None,66,1,5,False,1000,1000
2485,55,unweighted_fl,10,0.0995222929936305,0,0,None,66,1,5,False,1000,1000
2486,56,unweighted_fl,10,0.0995222929936305,0,0,None,66,1,5,False,1000,1000
2487,57,unweighted_fl,10,0.0995222929936305,0,0,None,66,1,5,False,1000,1000
2488,58,unweighted_fl,10,0.0995222929936305,0,0,None,66,1,5,False,1000,1000
2489,59,unweighted_fl,10,0.0995222929936305,0,0,None,66,1,5,False,1000,1000
2490,55,unweighted_fl,10,0.0995222929936305,0,3,None,66,1,5,False,1000,1000
2491,56,unweighted_fl,10,0.0995222929936305,0,3,None,66,1,5,False,1000,1000
2492,57,unweighted_fl,10,0.0995222929936305,0,3,None,66,1,5,False,1000,1000
2493,58,unweighted_fl,10,0.0995222929936305,0,3,None,66,1,5,False,1000,1000
2494,59,unweighted_fl,10,0.0995222929936305,0,3,None,66,1,5,False,1000,1000
2495,55,unweighted_fl,10,0.0995222929936305,0,5,None,66,1,5,False,1000,1000
2496,56,unweighted_fl,10,0.1552547770700637,0,5,None,66,1,5,False,1000,1000
2497,57,unweighted_fl,10,0.0995222929936305,0,5,None,66,1,5,False,1000,1000
2498,58,unweighted_fl,10,0.0995222929936305,0,5,None,66,1,5,False,1000,1000
2499,59,unweighted_fl,10,0.0995222929936305,0,5,None,66,1,5,False,1000,1000
2500,55,unweighted_fl,10,0.0995222929936305,0,4,None,66,1,5,False,1000,1000
2501,56,unweighted_fl,10,0.0995222929936305,0,4,None,66,1,5,False,1000,1000
2502,57,unweighted_fl,10,0.0995222929936305,0,4,None,66,1,5,False,1000,1000
2503,58,unweighted_fl,10,0.0995222929936305,0,4,None,66,1,5,False,1000,1000
2504,59,unweighted_fl,10,0.0995222929936305,0,4,None,66,1,5,False,1000,1000
2505,55,unweighted_fl,10,0.0995222929936305,0,6,None,66,1,5,False,1000,1000
2506,56,unweighted_fl,10,0.0995222929936305,0,6,None,66,1,5,False,1000,1000
2507,57,unweighted_fl,10,0.0995222929936305,0,6,None,66,1,5,False,1000,1000
2508,58,unweighted_fl,10,0.0995222929936305,0,6,None,66,1,5,False,1000,1000
2509,59,unweighted_fl,10,0.0995222929936305,0,6,None,66,1,5,False,1000,1000
2510,55,unweighted_fl,10,0.0995222929936305,0,8,None,66,1,5,False,1000,1000
2511,56,unweighted_fl,10,0.0995222929936305,0,8,None,66,1,5,False,1000,1000
2512,57,unweighted_fl,10,0.0995222929936305,0,8,None,66,1,5,False,1000,1000
2513,58,unweighted_fl,10,0.1019108280254777,0,8,None,66,1,5,False,1000,1000
2514,59,unweighted_fl,10,0.0995222929936305,0,8,None,66,1,5,False,1000,1000
2515,55,unweighted_fl,10,0.0995222929936305,0,7,None,66,1,5,False,1000,1000
2516,56,unweighted_fl,10,0.0995222929936305,0,7,None,66,1,5,False,1000,1000
2517,57,unweighted_fl,10,0.0995222929936305,0,7,None,66,1,5,False,1000,1000
2518,58,unweighted_fl,10,0.1393312101910828,0,7,None,66,1,5,False,1000,1000
2519,59,unweighted_fl,10,0.0995222929936305,0,7,None,66,1,5,False,1000,1000
2520,55,unweighted_fl,10,0.0995222929936305,0,9,None,66,1,5,False,1000,1000
2521,56,unweighted_fl,10,0.0995222929936305,0,9,None,66,1,5,False,1000,1000
2522,57,unweighted_fl,10,0.0995222929936305,0,9,None,66,1,5,False,1000,1000
2523,58,unweighted_fl,10,0.0995222929936305,0,9,None,66,1,5,False,1000,1000
2524,59,unweighted_fl,10,0.0995222929936305,0,9,None,66,1,5,False,1000,1000
2525,55,unweighted_fl,10,0.0995222929936305,0,11,None,66,1,5,False,1000,1000
2526,56,unweighted_fl,10,0.0995222929936305,0,11,None,66,1,5,False,1000,1000
2527,57,unweighted_fl,10,0.0995222929936305,0,11,None,66,1,5,False,1000,1000
2528,58,unweighted_fl,10,0.0995222929936305,0,11,None,66,1,5,False,1000,1000
2529,59,unweighted_fl,10,0.0995222929936305,0,11,None,66,1,5,False,1000,1000
2530,55,unweighted_fl,10,0.0995222929936305,0,10,None,66,1,5,False,1000,1000
2531,56,unweighted_fl,10,0.0995222929936305,0,10,None,66,1,5,False,1000,1000
2532,57,unweighted_fl,10,0.0995222929936305,0,10,None,66,1,5,False,1000,1000
2533,58,unweighted_fl,10,0.0995222929936305,0,10,None,66,1,5,False,1000,1000
2534,59,unweighted_fl,10,0.0995222929936305,0,10,None,66,1,5,False,1000,1000
2535,55,unweighted_fl,10,0.0995222929936305,0,12,None,66,1,5,False,1000,1000
2536,56,unweighted_fl,10,0.0995222929936305,0,12,None,66,1,5,False,1000,1000
2537,57,unweighted_fl,10,0.0995222929936305,0,12,None,66,1,5,False,1000,1000
2538,58,unweighted_fl,10,0.0995222929936305,0,12,None,66,1,5,False,1000,1000
2539,59,unweighted_fl,10,0.0995222929936305,0,12,None,66,1,5,False,1000,1000
2540,55,unweighted_fl,10,0.0995222929936305,0,14,None,66,1,5,False,1000,1000
2541,56,unweighted_fl,10,0.0995222929936305,0,14,None,66,1,5,False,1000,1000
2542,57,unweighted_fl,10,0.0995222929936305,0,14,None,66,1,5,False,1000,1000
2543,58,unweighted_fl,10,0.0995222929936305,0,14,None,66,1,5,False,1000,1000
2544,59,unweighted_fl,10,0.0995222929936305,0,14,None,66,1,5,False,1000,1000
2545,55,unweighted_fl,10,0.0995222929936305,0,13,None,66,1,5,False,1000,1000
2546,56,unweighted_fl,10,0.1363455414012739,0,13,None,66,1,5,False,1000,1000
2547,57,unweighted_fl,10,0.0995222929936305,0,13,None,66,1,5,False,1000,1000
2548,58,unweighted_fl,10,0.0995222929936305,0,13,None,66,1,5,False,1000,1000
2549,59,unweighted_fl,10,0.0995222929936305,0,13,None,66,1,5,False,1000,1000
2550,55,unweighted_fl,10,0.0995222929936305,0,15,None,66,1,5,False,1000,1000
2551,56,unweighted_fl,10,0.0995222929936305,0,15,None,66,1,5,False,1000,1000
2552,57,unweighted_fl,10,0.0995222929936305,0,15,None,66,1,5,False,1000,1000
2553,58,unweighted_fl,10,0.0995222929936305,0,15,None,66,1,5,False,1000,1000
2554,59,unweighted_fl,10,0.0995222929936305,0,15,None,66,1,5,False,1000,1000
2555,55,unweighted_fl,10,0.0995222929936305,0,17,None,66,1,5,False,1000,1000
2556,56,unweighted_fl,10,0.0995222929936305,0,17,None,66,1,5,False,1000,1000
2557,57,unweighted_fl,10,0.0995222929936305,0,17,None,66,1,5,False,1000,1000
2558,58,unweighted_fl,10,0.0995222929936305,0,17,None,66,1,5,False,1000,1000
2559,59,unweighted_fl,10,0.0995222929936305,0,17,None,66,1,5,False,1000,1000
2560,55,unweighted_fl,10,0.0995222929936305,0,16,None,66,1,5,False,1000,1000
2561,56,unweighted_fl,10,0.18640525477707,0,16,None,66,1,5,False,1000,1000
2562,57,unweighted_fl,10,0.1742635350318471,0,16,None,66,1,5,False,1000,1000
2563,58,unweighted_fl,10,0.0995222929936305,0,16,None,66,1,5,False,1000,1000
2564,59,unweighted_fl,10,0.0995222929936305,0,16,None,66,1,5,False,1000,1000
2565,55,unweighted_fl,10,0.0995222929936305,0,18,None,66,1,5,False,1000,1000
2566,56,unweighted_fl,10,0.0995222929936305,0,18,None,66,1,5,False,1000,1000
2567,57,unweighted_fl,10,0.0995222929936305,0,18,None,66,1,5,False,1000,1000
2568,58,unweighted_fl,10,0.0995222929936305,0,18,None,66,1,5,False,1000,1000
2569,59,unweighted_fl,10,0.0995222929936305,0,18,None,66,1,5,False,1000,1000
2570,55,unweighted_fl,10,0.0995222929936305,0,20,None,66,1,5,False,1000,1000
2571,56,unweighted_fl,10,0.0995222929936305,0,20,None,66,1,5,False,1000,1000
2572,57,unweighted_fl,10,0.0995222929936305,0,20,None,66,1,5,False,1000,1000
2573,58,unweighted_fl,10,0.0995222929936305,0,20,None,66,1,5,False,1000,1000
2574,59,unweighted_fl,10,0.0995222929936305,0,20,None,66,1,5,False,1000,1000
2575,55,unweighted_fl,10,0.0995222929936305,0,19,None,66,1,5,False,1000,1000
2576,56,unweighted_fl,10,0.0995222929936305,0,19,None,66,1,5,False,1000,1000
2577,57,unweighted_fl,10,0.0995222929936305,0,19,None,66,1,5,False,1000,1000
2578,58,unweighted_fl,10,0.0995222929936305,0,19,None,66,1,5,False,1000,1000
2579,59,unweighted_fl,10,0.0995222929936305,0,19,None,66,1,5,False,1000,1000
2580,55,unweighted_fl,10,0.0995222929936305,0,21,None,66,1,5,False,1000,1000
2581,56,unweighted_fl,10,0.0995222929936305,0,21,None,66,1,5,False,1000,1000
2582,57,unweighted_fl,10,0.0995222929936305,0,21,None,66,1,5,False,1000,1000
2583,58,unweighted_fl,10,0.0995222929936305,0,21,None,66,1,5,False,1000,1000
2584,59,unweighted_fl,10,0.0995222929936305,0,21,None,66,1,5,False,1000,1000
2585,55,unweighted_fl,10,0.0995222929936305,0,23,None,66,1,5,False,1000,1000
2586,56,unweighted_fl,10,0.0995222929936305,0,23,None,66,1,5,False,1000,1000
2587,57,unweighted_fl,10,0.0995222929936305,0,23,None,66,1,5,False,1000,1000
2588,58,unweighted_fl,10,0.0995222929936305,0,23,None,66,1,5,False,1000,1000
2589,59,unweighted_fl,10,0.0995222929936305,0,23,None,66,1,5,False,1000,1000
2590,55,unweighted_fl,10,0.0995222929936305,0,22,None,66,1,5,False,1000,1000
2591,56,unweighted_fl,10,0.0995222929936305,0,22,None,66,1,5,False,1000,1000
2592,57,unweighted_fl,10,0.0995222929936305,0,22,None,66,1,5,False,1000,1000
2593,58,unweighted_fl,10,0.0995222929936305,0,22,None,66,1,5,False,1000,1000
2594,59,unweighted_fl,10,0.0995222929936305,0,22,None,66,1,5,False,1000,1000
2595,55,unweighted_fl,10,0.0995222929936305,0,24,None,66,1,5,False,1000,1000
2596,56,unweighted_fl,10,0.0995222929936305,0,24,None,66,1,5,False,1000,1000
2597,57,unweighted_fl,10,0.0995222929936305,0,24,None,66,1,5,False,1000,1000
2598,58,unweighted_fl,10,0.0995222929936305,0,24,None,66,1,5,False,1000,1000
2599,59,unweighted_fl,10,0.0995222929936305,0,24,None,66,1,5,False,1000,1000
2600,55,unweighted_fl,10,0.0995222929936305,0,25,None,66,1,5,False,1000,1000
2601,56,unweighted_fl,10,0.0995222929936305,0,25,None,66,1,5,False,1000,1000
2602,57,unweighted_fl,10,0.0995222929936305,0,25,None,66,1,5,False,1000,1000
2603,58,unweighted_fl,10,0.0995222929936305,0,25,None,66,1,5,False,1000,1000
2604,59,unweighted_fl,10,0.1009156050955414,0,25,None,66,1,5,False,1000,1000
2605,55,unweighted_fl,10,0.0995222929936305,0,26,None,66,1,5,False,1000,1000
2606,56,unweighted_fl,10,0.0995222929936305,0,26,None,66,1,5,False,1000,1000
2607,57,unweighted_fl,10,0.0995222929936305,0,26,None,66,1,5,False,1000,1000
2608,58,unweighted_fl,10,0.0995222929936305,0,26,None,66,1,5,False,1000,1000
2609,59,unweighted_fl,10,0.0995222929936305,0,26,None,66,1,5,False,1000,1000
2610,55,unweighted_fl,10,0.0995222929936305,0,27,None,66,1,5,False,1000,1000
2611,56,unweighted_fl,10,0.0995222929936305,0,27,None,66,1,5,False,1000,1000
2612,57,unweighted_fl,10,0.0995222929936305,0,27,None,66,1,5,False,1000,1000
2613,58,unweighted_fl,10,0.0995222929936305,0,27,None,66,1,5,False,1000,1000
2614,59,unweighted_fl,10,0.0995222929936305,0,27,None,66,1,5,False,1000,1000
2615,55,unweighted_fl,10,0.0995222929936305,0,28,None,66,1,5,False,1000,1000
2616,56,unweighted_fl,10,0.0995222929936305,0,28,None,66,1,5,False,1000,1000
2617,57,unweighted_fl,10,0.0995222929936305,0,28,None,66,1,5,False,1000,1000
2618,58,unweighted_fl,10,0.0995222929936305,0,28,None,66,1,5,False,1000,1000
2619,59,unweighted_fl,10,0.0995222929936305,0,28,None,66,1,5,False,1000,1000
2620,55,unweighted_fl,10,0.0995222929936305,0,30,None,66,1,5,False,1000,1000
2621,56,unweighted_fl,10,0.0995222929936305,0,30,None,66,1,5,False,1000,1000
2622,57,unweighted_fl,10,0.0995222929936305,0,30,None,66,1,5,False,1000,1000
2623,58,unweighted_fl,10,0.0995222929936305,0,30,None,66,1,5,False,1000,1000
2624,59,unweighted_fl,10,0.0995222929936305,0,30,None,66,1,5,False,1000,1000
2625,55,unweighted_fl,10,0.0995222929936305,0,29,None,66,1,5,False,1000,1000
2626,56,unweighted_fl,10,0.0995222929936305,0,29,None,66,1,5,False,1000,1000
2627,57,unweighted_fl,10,0.0995222929936305,0,29,None,66,1,5,False,1000,1000
2628,58,unweighted_fl,10,0.0995222929936305,0,29,None,66,1,5,False,1000,1000
2629,59,unweighted_fl,10,0.0995222929936305,0,29,None,66,1,5,False,1000,1000
2630,55,unweighted_fl,10,0.0995222929936305,0,31,None,66,1,5,False,1000,1000
2631,56,unweighted_fl,10,0.0995222929936305,0,31,None,66,1,5,False,1000,1000
2632,57,unweighted_fl,10,0.0995222929936305,0,31,None,66,1,5,False,1000,1000
2633,58,unweighted_fl,10,0.0995222929936305,0,31,None,66,1,5,False,1000,1000
2634,59,unweighted_fl,10,0.0995222929936305,0,31,None,66,1,5,False,1000,1000
2635,55,unweighted_fl,10,0.0995222929936305,0,32,None,66,1,5,False,1000,1000
2636,56,unweighted_fl,10,0.1549562101910828,0,32,None,66,1,5,False,1000,1000
2637,57,unweighted_fl,10,0.0995222929936305,0,32,None,66,1,5,False,1000,1000
2638,58,unweighted_fl,10,0.0995222929936305,0,32,None,66,1,5,False,1000,1000
2639,59,unweighted_fl,10,0.0995222929936305,0,32,None,66,1,5,False,1000,1000
2640,60,unweighted_fl,10,0.0995222929936305,0,0,None,66,1,5,False,1000,1000
2641,61,unweighted_fl,10,0.0995222929936305,0,0,None,66,1,5,False,1000,1000
2642,62,unweighted_fl,10,0.0995222929936305,0,0,None,66,1,5,False,1000,1000
2643,63,unweighted_fl,10,0.0995222929936305,0,0,None,66,1,5,False,1000,1000
2644,64,unweighted_fl,10,0.0995222929936305,0,0,None,66,1,5,False,1000,1000
2645,60,unweighted_fl,10,0.0995222929936305,0,1,None,66,1,5,False,1000,1000
2646,61,unweighted_fl,10,0.0995222929936305,0,1,None,66,1,5,False,1000,1000
2647,62,unweighted_fl,10,0.0995222929936305,0,1,None,66,1,5,False,1000,1000
2648,63,unweighted_fl,10,0.0995222929936305,0,1,None,66,1,5,False,1000,1000
2649,64,unweighted_fl,10,0.0995222929936305,0,1,None,66,1,5,False,1000,1000
2650,60,unweighted_fl,10,0.0995222929936305,0,2,None,66,1,5,False,1000,1000
2651,61,unweighted_fl,10,0.0995222929936305,0,2,None,66,1,5,False,1000,1000
2652,62,unweighted_fl,10,0.0995222929936305,0,2,None,66,1,5,False,1000,1000
2653,63,unweighted_fl,10,0.0995222929936305,0,2,None,66,1,5,False,1000,1000
2654,64,unweighted_fl,10,0.0995222929936305,0,2,None,66,1,5,False,1000,1000
2655,60,unweighted_fl,10,0.0995222929936305,0,4,None,66,1,5,False,1000,1000
2656,61,unweighted_fl,10,0.0995222929936305,0,4,None,66,1,5,False,1000,1000
2657,62,unweighted_fl,10,0.0995222929936305,0,4,None,66,1,5,False,1000,1000
2658,63,unweighted_fl,10,0.0995222929936305,0,4,None,66,1,5,False,1000,1000
2659,64,unweighted_fl,10,0.0995222929936305,0,4,None,66,1,5,False,1000,1000
2660,60,unweighted_fl,10,0.0995222929936305,0,3,None,66,1,5,False,1000,1000
2661,61,unweighted_fl,10,0.0995222929936305,0,3,None,66,1,5,False,1000,1000
2662,62,unweighted_fl,10,0.0995222929936305,0,3,None,66,1,5,False,1000,1000
2663,63,unweighted_fl,10,0.0995222929936305,0,3,None,66,1,5,False,1000,1000
2664,64,unweighted_fl,10,0.0995222929936305,0,3,None,66,1,5,False,1000,1000
2665,60,unweighted_fl,10,0.0995222929936305,0,5,None,66,1,5,False,1000,1000
2666,61,unweighted_fl,10,0.0995222929936305,0,5,None,66,1,5,False,1000,1000
2667,62,unweighted_fl,10,0.0995222929936305,0,5,None,66,1,5,False,1000,1000
2668,63,unweighted_fl,10,0.0995222929936305,0,5,None,66,1,5,False,1000,1000
2669,64,unweighted_fl,10,0.0995222929936305,0,5,None,66,1,5,False,1000,1000
2670,60,unweighted_fl,10,0.0995222929936305,0,7,None,66,1,5,False,1000,1000
2671,61,unweighted_fl,10,0.0995222929936305,0,7,None,66,1,5,False,1000,1000
2672,62,unweighted_fl,10,0.0995222929936305,0,7,None,66,1,5,False,1000,1000
2673,63,unweighted_fl,10,0.0995222929936305,0,7,None,66,1,5,False,1000,1000
2674,64,unweighted_fl,10,0.1436106687898089,0,7,None,66,1,5,False,1000,1000
2675,60,unweighted_fl,10,0.0995222929936305,0,6,None,66,1,5,False,1000,1000
2676,61,unweighted_fl,10,0.0995222929936305,0,6,None,66,1,5,False,1000,1000
2677,62,unweighted_fl,10,0.0995222929936305,0,6,None,66,1,5,False,1000,1000
2678,63,unweighted_fl,10,0.0995222929936305,0,6,None,66,1,5,False,1000,1000
2679,64,unweighted_fl,10,0.0995222929936305,0,6,None,66,1,5,False,1000,1000
2680,60,unweighted_fl,10,0.0995222929936305,0,8,None,66,1,5,False,1000,1000
2681,61,unweighted_fl,10,0.0995222929936305,0,8,None,66,1,5,False,1000,1000
2682,62,unweighted_fl,10,0.0995222929936305,0,8,None,66,1,5,False,1000,1000
2683,63,unweighted_fl,10,0.1903861464968153,0,8,None,66,1,5,False,1000,1000
2684,64,unweighted_fl,10,0.0995222929936305,0,8,None,66,1,5,False,1000,1000
2685,60,unweighted_fl,10,0.0995222929936305,0,10,None,66,1,5,False,1000,1000
2686,61,unweighted_fl,10,0.0995222929936305,0,10,None,66,1,5,False,1000,1000
2687,62,unweighted_fl,10,0.0995222929936305,0,10,None,66,1,5,False,1000,1000
2688,63,unweighted_fl,10,0.0995222929936305,0,10,None,66,1,5,False,1000,1000
2689,64,unweighted_fl,10,0.0995222929936305,0,10,None,66,1,5,False,1000,1000
2690,60,unweighted_fl,10,0.0995222929936305,0,9,None,66,1,5,False,1000,1000
2691,61,unweighted_fl,10,0.0995222929936305,0,9,None,66,1,5,False,1000,1000
2692,62,unweighted_fl,10,0.0995222929936305,0,9,None,66,1,5,False,1000,1000
2693,63,unweighted_fl,10,0.0995222929936305,0,9,None,66,1,5,False,1000,1000
2694,64,unweighted_fl,10,0.0995222929936305,0,9,None,66,1,5,False,1000,1000
2695,60,unweighted_fl,10,0.0995222929936305,0,11,None,66,1,5,False,1000,1000
2696,61,unweighted_fl,10,0.0995222929936305,0,11,None,66,1,5,False,1000,1000
2697,62,unweighted_fl,10,0.0995222929936305,0,11,None,66,1,5,False,1000,1000
2698,63,unweighted_fl,10,0.0995222929936305,0,11,None,66,1,5,False,1000,1000
2699,64,unweighted_fl,10,0.0995222929936305,0,11,None,66,1,5,False,1000,1000
2700,60,unweighted_fl,10,0.0998208598726114,0,12,None,66,1,5,False,1000,1000
2701,61,unweighted_fl,10,0.0995222929936305,0,12,None,66,1,5,False,1000,1000
2702,62,unweighted_fl,10,0.0995222929936305,0,12,None,66,1,5,False,1000,1000
2703,63,unweighted_fl,10,0.0995222929936305,0,12,None,66,1,5,False,1000,1000
2704,64,unweighted_fl,10,0.0995222929936305,0,12,None,66,1,5,False,1000,1000
2705,60,unweighted_fl,10,0.0995222929936305,0,13,None,66,1,5,False,1000,1000
2706,61,unweighted_fl,10,0.0995222929936305,0,13,None,66,1,5,False,1000,1000
2707,62,unweighted_fl,10,0.0995222929936305,0,13,None,66,1,5,False,1000,1000
2708,63,unweighted_fl,10,0.0995222929936305,0,13,None,66,1,5,False,1000,1000
2709,64,unweighted_fl,10,0.0995222929936305,0,13,None,66,1,5,False,1000,1000
2710,60,unweighted_fl,10,0.0995222929936305,0,14,None,66,1,5,False,1000,1000
2711,61,unweighted_fl,10,0.0995222929936305,0,14,None,66,1,5,False,1000,1000
2712,62,unweighted_fl,10,0.0995222929936305,0,14,None,66,1,5,False,1000,1000
2713,63,unweighted_fl,10,0.0995222929936305,0,14,None,66,1,5,False,1000,1000
2714,64,unweighted_fl,10,0.0995222929936305,0,14,None,66,1,5,False,1000,1000
2715,60,unweighted_fl,10,0.0995222929936305,0,15,None,66,1,5,False,1000,1000
2716,61,unweighted_fl,10,0.0995222929936305,0,15,None,66,1,5,False,1000,1000
2717,62,unweighted_fl,10,0.0995222929936305,0,15,None,66,1,5,False,1000,1000
2718,63,unweighted_fl,10,0.0995222929936305,0,15,None,66,1,5,False,1000,1000
2719,64,unweighted_fl,10,0.0995222929936305,0,15,None,66,1,5,False,1000,1000
2720,60,unweighted_fl,10,0.0995222929936305,0,17,None,66,1,5,False,1000,1000
2721,61,unweighted_fl,10,0.0995222929936305,0,17,None,66,1,5,False,1000,1000
2722,62,unweighted_fl,10,0.0995222929936305,0,17,None,66,1,5,False,1000,1000
2723,63,unweighted_fl,10,0.0995222929936305,0,17,None,66,1,5,False,1000,1000
2724,64,unweighted_fl,10,0.0995222929936305,0,17,None,66,1,5,False,1000,1000
2725,60,unweighted_fl,10,0.0995222929936305,0,16,None,66,1,5,False,1000,1000
2726,61,unweighted_fl,10,0.1834195859872611,0,16,None,66,1,5,False,1000,1000
2727,62,unweighted_fl,10,0.1534633757961783,0,16,None,66,1,5,False,1000,1000
2728,63,unweighted_fl,10,0.0995222929936305,0,16,None,66,1,5,False,1000,1000
2729,64,unweighted_fl,10,0.0995222929936305,0,16,None,66,1,5,False,1000,1000
2730,60,unweighted_fl,10,0.0995222929936305,0,18,None,66,1,5,False,1000,1000
2731,61,unweighted_fl,10,0.0995222929936305,0,18,None,66,1,5,False,1000,1000
2732,62,unweighted_fl,10,0.0995222929936305,0,18,None,66,1,5,False,1000,1000
2733,63,unweighted_fl,10,0.0995222929936305,0,18,None,66,1,5,False,1000,1000
2734,64,unweighted_fl,10,0.0995222929936305,0,18,None,66,1,5,False,1000,1000
2735,60,unweighted_fl,10,0.0995222929936305,0,19,None,66,1,5,False,1000,1000
2736,61,unweighted_fl,10,0.0995222929936305,0,19,None,66,1,5,False,1000,1000
2737,62,unweighted_fl,10,0.0995222929936305,0,19,None,66,1,5,False,1000,1000
2738,63,unweighted_fl,10,0.0995222929936305,0,19,None,66,1,5,False,1000,1000
2739,64,unweighted_fl,10,0.1124601910828025,0,19,None,66,1,5,False,1000,1000
2740,60,unweighted_fl,10,0.0995222929936305,0,20,None,66,1,5,False,1000,1000
2741,61,unweighted_fl,10,0.0995222929936305,0,20,None,66,1,5,False,1000,1000
2742,62,unweighted_fl,10,0.0995222929936305,0,20,None,66,1,5,False,1000,1000
2743,63,unweighted_fl,10,0.0995222929936305,0,20,None,66,1,5,False,1000,1000
2744,64,unweighted_fl,10,0.0995222929936305,0,20,None,66,1,5,False,1000,1000
2745,60,unweighted_fl,10,0.0995222929936305,0,21,None,66,1,5,False,1000,1000
2746,61,unweighted_fl,10,0.1246019108280254,0,21,None,66,1,5,False,1000,1000
2747,62,unweighted_fl,10,0.0995222929936305,0,21,None,66,1,5,False,1000,1000
2748,63,unweighted_fl,10,0.0995222929936305,0,21,None,66,1,5,False,1000,1000
2749,64,unweighted_fl,10,0.0995222929936305,0,21,None,66,1,5,False,1000,1000
2750,60,unweighted_fl,10,0.0995222929936305,0,22,None,66,1,5,False,1000,1000
2751,61,unweighted_fl,10,0.0995222929936305,0,22,None,66,1,5,False,1000,1000
2752,62,unweighted_fl,10,0.0995222929936305,0,22,None,66,1,5,False,1000,1000
2753,63,unweighted_fl,10,0.0995222929936305,0,22,None,66,1,5,False,1000,1000
2754,64,unweighted_fl,10,0.0995222929936305,0,22,None,66,1,5,False,1000,1000
2755,60,unweighted_fl,10,0.0995222929936305,0,24,None,66,1,5,False,1000,1000
2756,61,unweighted_fl,10,0.0995222929936305,0,24,None,66,1,5,False,1000,1000
2757,62,unweighted_fl,10,0.0995222929936305,0,24,None,66,1,5,False,1000,1000
2758,63,unweighted_fl,10,0.0995222929936305,0,24,None,66,1,5,False,1000,1000
2759,64,unweighted_fl,10,0.0995222929936305,0,24,None,66,1,5,False,1000,1000
2760,60,unweighted_fl,10,0.0995222929936305,0,23,None,66,1,5,False,1000,1000
2761,61,unweighted_fl,10,0.0995222929936305,0,23,None,66,1,5,False,1000,1000
2762,62,unweighted_fl,10,0.0995222929936305,0,23,None,66,1,5,False,1000,1000
2763,63,unweighted_fl,10,0.0995222929936305,0,23,None,66,1,5,False,1000,1000
2764,64,unweighted_fl,10,0.0995222929936305,0,23,None,66,1,5,False,1000,1000
2765,60,unweighted_fl,10,0.0995222929936305,0,25,None,66,1,5,False,1000,1000
2766,61,unweighted_fl,10,0.0995222929936305,0,25,None,66,1,5,False,1000,1000
2767,62,unweighted_fl,10,0.0995222929936305,0,25,None,66,1,5,False,1000,1000
2768,63,unweighted_fl,10,0.0995222929936305,0,25,None,66,1,5,False,1000,1000
2769,64,unweighted_fl,10,0.0995222929936305,0,25,None,66,1,5,False,1000,1000
2770,60,unweighted_fl,10,0.0995222929936305,0,27,None,66,1,5,False,1000,1000
2771,61,unweighted_fl,10,0.0995222929936305,0,27,None,66,1,5,False,1000,1000
2772,62,unweighted_fl,10,0.0995222929936305,0,27,None,66,1,5,False,1000,1000
2773,63,unweighted_fl,10,0.0995222929936305,0,27,None,66,1,5,False,1000,1000
2774,64,unweighted_fl,10,0.0995222929936305,0,27,None,66,1,5,False,1000,1000
2775,60,unweighted_fl,10,0.0995222929936305,0,26,None,66,1,5,False,1000,1000
2776,61,unweighted_fl,10,0.0995222929936305,0,26,None,66,1,5,False,1000,1000
2777,62,unweighted_fl,10,0.0995222929936305,0,26,None,66,1,5,False,1000,1000
2778,63,unweighted_fl,10,0.0995222929936305,0,26,None,66,1,5,False,1000,1000
2779,64,unweighted_fl,10,0.0995222929936305,0,26,None,66,1,5,False,1000,1000
2780,60,unweighted_fl,10,0.0995222929936305,0,28,None,66,1,5,False,1000,1000
2781,61,unweighted_fl,10,0.0995222929936305,0,28,None,66,1,5,False,1000,1000
2782,62,unweighted_fl,10,0.0995222929936305,0,28,None,66,1,5,False,1000,1000
2783,63,unweighted_fl,10,0.0995222929936305,0,28,None,66,1,5,False,1000,1000
2784,64,unweighted_fl,10,0.0995222929936305,0,28,None,66,1,5,False,1000,1000
2785,60,unweighted_fl,10,0.0995222929936305,0,29,None,66,1,5,False,1000,1000
2786,61,unweighted_fl,10,0.0995222929936305,0,29,None,66,1,5,False,1000,1000
2787,62,unweighted_fl,10,0.0995222929936305,0,29,None,66,1,5,False,1000,1000
2788,63,unweighted_fl,10,0.0995222929936305,0,29,None,66,1,5,False,1000,1000
2789,64,unweighted_fl,10,0.0995222929936305,0,29,None,66,1,5,False,1000,1000
2790,60,unweighted_fl,10,0.0995222929936305,0,30,None,66,1,5,False,1000,1000
2791,61,unweighted_fl,10,0.0995222929936305,0,30,None,66,1,5,False,1000,1000
2792,62,unweighted_fl,10,0.0995222929936305,0,30,None,66,1,5,False,1000,1000
2793,63,unweighted_fl,10,0.0995222929936305,0,30,None,66,1,5,False,1000,1000
2794,64,unweighted_fl,10,0.1763535031847133,0,30,None,66,1,5,False,1000,1000
2795,60,unweighted_fl,10,0.0995222929936305,0,32,None,66,1,5,False,1000,1000
2796,61,unweighted_fl,10,0.0995222929936305,0,32,None,66,1,5,False,1000,1000
2797,62,unweighted_fl,10,0.0995222929936305,0,32,None,66,1,5,False,1000,1000
2798,63,unweighted_fl,10,0.0995222929936305,0,32,None,66,1,5,False,1000,1000
2799,64,unweighted_fl,10,0.0995222929936305,0,32,None,66,1,5,False,1000,1000
2800,60,unweighted_fl,10,0.0995222929936305,0,31,None,66,1,5,False,1000,1000
2801,61,unweighted_fl,10,0.1151472929936305,0,31,None,66,1,5,False,1000,1000
2802,62,unweighted_fl,10,0.0995222929936305,0,31,None,66,1,5,False,1000,1000
2803,63,unweighted_fl,10,0.0995222929936305,0,31,None,66,1,5,False,1000,1000
2804,64,unweighted_fl,10,0.0995222929936305,0,31,None,66,1,5,False,1000,1000
2805,65,unweighted_fl,10,0.0995222929936305,0,0,None,66,1,5,False,1000,1000
2806,66,unweighted_fl,10,0.0995222929936305,0,0,None,66,1,5,False,1000,1000
2807,67,unweighted_fl,10,0.0995222929936305,0,0,None,66,1,5,False,1000,1000
2808,68,unweighted_fl,10,0.0995222929936305,0,0,None,66,1,5,False,1000,1000
2809,69,unweighted_fl,10,0.0995222929936305,0,0,None,66,1,5,False,1000,1000
2810,65,unweighted_fl,10,0.0995222929936305,0,1,None,66,1,5,False,1000,1000
2811,66,unweighted_fl,10,0.0995222929936305,0,1,None,66,1,5,False,1000,1000
2812,67,unweighted_fl,10,0.0995222929936305,0,1,None,66,1,5,False,1000,1000
2813,68,unweighted_fl,10,0.0995222929936305,0,1,None,66,1,5,False,1000,1000
2814,69,unweighted_fl,10,0.0995222929936305,0,1,None,66,1,5,False,1000,1000
2815,65,unweighted_fl,10,0.0995222929936305,0,2,None,66,1,5,False,1000,1000
2816,66,unweighted_fl,10,0.0995222929936305,0,2,None,66,1,5,False,1000,1000
2817,67,unweighted_fl,10,0.0995222929936305,0,2,None,66,1,5,False,1000,1000
2818,68,unweighted_fl,10,0.0995222929936305,0,2,None,66,1,5,False,1000,1000
2819,69,unweighted_fl,10,0.0995222929936305,0,2,None,66,1,5,False,1000,1000
2820,65,unweighted_fl,10,0.0995222929936305,0,4,None,66,1,5,False,1000,1000
2821,66,unweighted_fl,10,0.0995222929936305,0,4,None,66,1,5,False,1000,1000
2822,67,unweighted_fl,10,0.0995222929936305,0,4,None,66,1,5,False,1000,1000
2823,68,unweighted_fl,10,0.0995222929936305,0,4,None,66,1,5,False,1000,1000
2824,69,unweighted_fl,10,0.0995222929936305,0,4,None,66,1,5,False,1000,1000
2825,65,unweighted_fl,10,0.0995222929936305,0,3,None,66,1,5,False,1000,1000
2826,66,unweighted_fl,10,0.0995222929936305,0,3,None,66,1,5,False,1000,1000
2827,67,unweighted_fl,10,0.0995222929936305,0,3,None,66,1,5,False,1000,1000
2828,68,unweighted_fl,10,0.0995222929936305,0,3,None,66,1,5,False,1000,1000
2829,69,unweighted_fl,10,0.0995222929936305,0,3,None,66,1,5,False,1000,1000
2830,65,unweighted_fl,10,0.0995222929936305,0,5,None,66,1,5,False,1000,1000
2831,66,unweighted_fl,10,0.0995222929936305,0,5,None,66,1,5,False,1000,1000
2832,67,unweighted_fl,10,0.1034036624203821,0,5,None,66,1,5,False,1000,1000
2833,68,unweighted_fl,10,0.0995222929936305,0,5,None,66,1,5,False,1000,1000
2834,69,unweighted_fl,10,0.0995222929936305,0,5,None,66,1,5,False,1000,1000
2835,65,unweighted_fl,10,0.0995222929936305,0,6,None,66,1,5,False,1000,1000
2836,66,unweighted_fl,10,0.0995222929936305,0,6,None,66,1,5,False,1000,1000
2837,67,unweighted_fl,10,0.0995222929936305,0,6,None,66,1,5,False,1000,1000
2838,68,unweighted_fl,10,0.0995222929936305,0,6,None,66,1,5,False,1000,1000
2839,69,unweighted_fl,10,0.0995222929936305,0,6,None,66,1,5,False,1000,1000
2840,65,unweighted_fl,10,0.0995222929936305,0,7,None,66,1,5,False,1000,1000
2841,66,unweighted_fl,10,0.0995222929936305,0,7,None,66,1,5,False,1000,1000
2842,67,unweighted_fl,10,0.0995222929936305,0,7,None,66,1,5,False,1000,1000
2843,68,unweighted_fl,10,0.0995222929936305,0,7,None,66,1,5,False,1000,1000
2844,69,unweighted_fl,10,0.0995222929936305,0,7,None,66,1,5,False,1000,1000
2845,65,unweighted_fl,10,0.0995222929936305,0,9,None,66,1,5,False,1000,1000
2846,66,unweighted_fl,10,0.0995222929936305,0,9,None,66,1,5,False,1000,1000
2847,67,unweighted_fl,10,0.0995222929936305,0,9,None,66,1,5,False,1000,1000
2848,68,unweighted_fl,10,0.0995222929936305,0,9,None,66,1,5,False,1000,1000
2849,69,unweighted_fl,10,0.0995222929936305,0,9,None,66,1,5,False,1000,1000
2850,65,unweighted_fl,10,0.0995222929936305,0,8,None,66,1,5,False,1000,1000
2851,66,unweighted_fl,10,0.0995222929936305,0,8,None,66,1,5,False,1000,1000
2852,67,unweighted_fl,10,0.0995222929936305,0,8,None,66,1,5,False,1000,1000
2853,68,unweighted_fl,10,0.0995222929936305,0,8,None,66,1,5,False,1000,1000
2854,69,unweighted_fl,10,0.0995222929936305,0,8,None,66,1,5,False,1000,1000
2855,65,unweighted_fl,10,0.0995222929936305,0,10,None,66,1,5,False,1000,1000
2856,66,unweighted_fl,10,0.0995222929936305,0,10,None,66,1,5,False,1000,1000
2857,67,unweighted_fl,10,0.0995222929936305,0,10,None,66,1,5,False,1000,1000
2858,68,unweighted_fl,10,0.0995222929936305,0,10,None,66,1,5,False,1000,1000
2859,69,unweighted_fl,10,0.0995222929936305,0,10,None,66,1,5,False,1000,1000
2860,65,unweighted_fl,10,0.1226114649681528,0,12,None,66,1,5,False,1000,1000
2861,66,unweighted_fl,10,0.0995222929936305,0,12,None,66,1,5,False,1000,1000
2862,67,unweighted_fl,10,0.0995222929936305,0,12,None,66,1,5,False,1000,1000
2863,68,unweighted_fl,10,0.0995222929936305,0,12,None,66,1,5,False,1000,1000
2864,69,unweighted_fl,10,0.0995222929936305,0,12,None,66,1,5,False,1000,1000
2865,65,unweighted_fl,10,0.0995222929936305,0,11,None,66,1,5,False,1000,1000
2866,66,unweighted_fl,10,0.0995222929936305,0,11,None,66,1,5,False,1000,1000
2867,67,unweighted_fl,10,0.0995222929936305,0,11,None,66,1,5,False,1000,1000
2868,68,unweighted_fl,10,0.0995222929936305,0,11,None,66,1,5,False,1000,1000
2869,69,unweighted_fl,10,0.0995222929936305,0,11,None,66,1,5,False,1000,1000
2870,65,unweighted_fl,10,0.0995222929936305,0,13,None,66,1,5,False,1000,1000
2871,66,unweighted_fl,10,0.0995222929936305,0,13,None,66,1,5,False,1000,1000
2872,67,unweighted_fl,10,0.0995222929936305,0,13,None,66,1,5,False,1000,1000
2873,68,unweighted_fl,10,0.0995222929936305,0,13,None,66,1,5,False,1000,1000
2874,69,unweighted_fl,10,0.0995222929936305,0,13,None,66,1,5,False,1000,1000
2875,65,unweighted_fl,10,0.0995222929936305,0,14,None,66,1,5,False,1000,1000
2876,66,unweighted_fl,10,0.0995222929936305,0,14,None,66,1,5,False,1000,1000
2877,67,unweighted_fl,10,0.1134554140127388,0,14,None,66,1,5,False,1000,1000
2878,68,unweighted_fl,10,0.0995222929936305,0,14,None,66,1,5,False,1000,1000
2879,69,unweighted_fl,10,0.0995222929936305,0,14,None,66,1,5,False,1000,1000
2880,65,unweighted_fl,10,0.0995222929936305,0,15,None,66,1,5,False,1000,1000
2881,66,unweighted_fl,10,0.0995222929936305,0,15,None,66,1,5,False,1000,1000
2882,67,unweighted_fl,10,0.0995222929936305,0,15,None,66,1,5,False,1000,1000
2883,68,unweighted_fl,10,0.0995222929936305,0,15,None,66,1,5,False,1000,1000
2884,69,unweighted_fl,10,0.0995222929936305,0,15,None,66,1,5,False,1000,1000
2885,65,unweighted_fl,10,0.0995222929936305,0,17,None,66,1,5,False,1000,1000
2886,66,unweighted_fl,10,0.0995222929936305,0,17,None,66,1,5,False,1000,1000
2887,67,unweighted_fl,10,0.0995222929936305,0,17,None,66,1,5,False,1000,1000
2888,68,unweighted_fl,10,0.1060907643312101,0,17,None,66,1,5,False,1000,1000
2889,69,unweighted_fl,10,0.0995222929936305,0,17,None,66,1,5,False,1000,1000
2890,65,unweighted_fl,10,0.1402269108280254,0,16,None,66,1,5,False,1000,1000
2891,66,unweighted_fl,10,0.0996218152866242,0,16,None,66,1,5,False,1000,1000
2892,67,unweighted_fl,10,0.1866042993630573,0,16,None,66,1,5,False,1000,1000
2893,68,unweighted_fl,10,0.0995222929936305,0,16,None,66,1,5,False,1000,1000
2894,69,unweighted_fl,10,0.0995222929936305,0,16,None,66,1,5,False,1000,1000
2895,65,unweighted_fl,10,0.0995222929936305,0,18,None,66,1,5,False,1000,1000
2896,66,unweighted_fl,10,0.0995222929936305,0,18,None,66,1,5,False,1000,1000
2897,67,unweighted_fl,10,0.0995222929936305,0,18,None,66,1,5,False,1000,1000
2898,68,unweighted_fl,10,0.0995222929936305,0,18,None,66,1,5,False,1000,1000
2899,69,unweighted_fl,10,0.0995222929936305,0,18,None,66,1,5,False,1000,1000
2900,65,unweighted_fl,10,0.0995222929936305,0,19,None,66,1,5,False,1000,1000
2901,66,unweighted_fl,10,0.0995222929936305,0,19,None,66,1,5,False,1000,1000
2902,67,unweighted_fl,10,0.0995222929936305,0,19,None,66,1,5,False,1000,1000
2903,68,unweighted_fl,10,0.0995222929936305,0,19,None,66,1,5,False,1000,1000
2904,69,unweighted_fl,10,0.1288813694267516,0,19,None,66,1,5,False,1000,1000
2905,65,unweighted_fl,10,0.0995222929936305,0,20,None,66,1,5,False,1000,1000
2906,66,unweighted_fl,10,0.0995222929936305,0,20,None,66,1,5,False,1000,1000
2907,67,unweighted_fl,10,0.0995222929936305,0,20,None,66,1,5,False,1000,1000
2908,68,unweighted_fl,10,0.0995222929936305,0,20,None,66,1,5,False,1000,1000
2909,69,unweighted_fl,10,0.0995222929936305,0,20,None,66,1,5,False,1000,1000
2910,65,unweighted_fl,10,0.0995222929936305,0,22,None,66,1,5,False,1000,1000
2911,66,unweighted_fl,10,0.0995222929936305,0,22,None,66,1,5,False,1000,1000
2912,67,unweighted_fl,10,0.0995222929936305,0,22,None,66,1,5,False,1000,1000
2913,68,unweighted_fl,10,0.0995222929936305,0,22,None,66,1,5,False,1000,1000
2914,69,unweighted_fl,10,0.0995222929936305,0,22,None,66,1,5,False,1000,1000
2915,65,unweighted_fl,10,0.0995222929936305,0,21,None,66,1,5,False,1000,1000
2916,66,unweighted_fl,10,0.0995222929936305,0,21,None,66,1,5,False,1000,1000
2917,67,unweighted_fl,10,0.0995222929936305,0,21,None,66,1,5,False,1000,1000
2918,68,unweighted_fl,10,0.1225119426751592,0,21,None,66,1,5,False,1000,1000
2919,69,unweighted_fl,10,0.0995222929936305,0,21,None,66,1,5,False,1000,1000
2920,65,unweighted_fl,10,0.0995222929936305,0,23,None,66,1,5,False,1000,1000
2921,66,unweighted_fl,10,0.0995222929936305,0,23,None,66,1,5,False,1000,1000
2922,67,unweighted_fl,10,0.0995222929936305,0,23,None,66,1,5,False,1000,1000
2923,68,unweighted_fl,10,0.0995222929936305,0,23,None,66,1,5,False,1000,1000
2924,69,unweighted_fl,10,0.0995222929936305,0,23,None,66,1,5,False,1000,1000
2925,65,unweighted_fl,10,0.0995222929936305,0,25,None,66,1,5,False,1000,1000
2926,66,unweighted_fl,10,0.0995222929936305,0,25,None,66,1,5,False,1000,1000
2927,67,unweighted_fl,10,0.0995222929936305,0,25,None,66,1,5,False,1000,1000
2928,68,unweighted_fl,10,0.0995222929936305,0,25,None,66,1,5,False,1000,1000
2929,69,unweighted_fl,10,0.0995222929936305,0,25,None,66,1,5,False,1000,1000
2930,65,unweighted_fl,10,0.0995222929936305,0,24,None,66,1,5,False,1000,1000
2931,66,unweighted_fl,10,0.0995222929936305,0,24,None,66,1,5,False,1000,1000
2932,67,unweighted_fl,10,0.0995222929936305,0,24,None,66,1,5,False,1000,1000
2933,68,unweighted_fl,10,0.0995222929936305,0,24,None,66,1,5,False,1000,1000
2934,69,unweighted_fl,10,0.0995222929936305,0,24,None,66,1,5,False,1000,1000
2935,65,unweighted_fl,10,0.0995222929936305,0,26,None,66,1,5,False,1000,1000
2936,66,unweighted_fl,10,0.0995222929936305,0,26,None,66,1,5,False,1000,1000
2937,67,unweighted_fl,10,0.0995222929936305,0,26,None,66,1,5,False,1000,1000
2938,68,unweighted_fl,10,0.0995222929936305,0,26,None,66,1,5,False,1000,1000
2939,69,unweighted_fl,10,0.0995222929936305,0,26,None,66,1,5,False,1000,1000
2940,65,unweighted_fl,10,0.0995222929936305,0,28,None,66,1,5,False,1000,1000
2941,66,unweighted_fl,10,0.0995222929936305,0,28,None,66,1,5,False,1000,1000
2942,67,unweighted_fl,10,0.0995222929936305,0,28,None,66,1,5,False,1000,1000
2943,68,unweighted_fl,10,0.0995222929936305,0,28,None,66,1,5,False,1000,1000
2944,69,unweighted_fl,10,0.0995222929936305,0,28,None,66,1,5,False,1000,1000
2945,65,unweighted_fl,10,0.0995222929936305,0,27,None,66,1,5,False,1000,1000
2946,66,unweighted_fl,10,0.0995222929936305,0,27,None,66,1,5,False,1000,1000
2947,67,unweighted_fl,10,0.0995222929936305,0,27,None,66,1,5,False,1000,1000
2948,68,unweighted_fl,10,0.0995222929936305,0,27,None,66,1,5,False,1000,1000
2949,69,unweighted_fl,10,0.0995222929936305,0,27,None,66,1,5,False,1000,1000
2950,65,unweighted_fl,10,0.1197253184713375,0,29,None,66,1,5,False,1000,1000
2951,66,unweighted_fl,10,0.0995222929936305,0,29,None,66,1,5,False,1000,1000
2952,67,unweighted_fl,10,0.0995222929936305,0,29,None,66,1,5,False,1000,1000
2953,68,unweighted_fl,10,0.0995222929936305,0,29,None,66,1,5,False,1000,1000
2954,69,unweighted_fl,10,0.0995222929936305,0,29,None,66,1,5,False,1000,1000
2955,65,unweighted_fl,10,0.0995222929936305,0,31,None,66,1,5,False,1000,1000
2956,66,unweighted_fl,10,0.0995222929936305,0,31,None,66,1,5,False,1000,1000
2957,67,unweighted_fl,10,0.0995222929936305,0,31,None,66,1,5,False,1000,1000
2958,68,unweighted_fl,10,0.0995222929936305,0,31,None,66,1,5,False,1000,1000
2959,69,unweighted_fl,10,0.0995222929936305,0,31,None,66,1,5,False,1000,1000
2960,65,unweighted_fl,10,0.0995222929936305,0,30,None,66,1,5,False,1000,1000
2961,66,unweighted_fl,10,0.0995222929936305,0,30,None,66,1,5,False,1000,1000
2962,67,unweighted_fl,10,0.0995222929936305,0,30,None,66,1,5,False,1000,1000
2963,68,unweighted_fl,10,0.0995222929936305,0,30,None,66,1,5,False,1000,1000
2964,69,unweighted_fl,10,0.1754578025477707,0,30,None,66,1,5,False,1000,1000
2965,65,unweighted_fl,10,0.0995222929936305,0,32,None,66,1,5,False,1000,1000
2966,66,unweighted_fl,10,0.0995222929936305,0,32,None,66,1,5,False,1000,1000
2967,67,unweighted_fl,10,0.0995222929936305,0,32,None,66,1,5,False,1000,1000
2968,68,unweighted_fl,10,0.0995222929936305,0,32,None,66,1,5,False,1000,1000
2969,69,unweighted_fl,10,0.0995222929936305,0,32,None,66,1,5,False,1000,1000
2970,70,unweighted_fl,10,0.0995222929936305,0,1,None,66,1,5,False,1000,1000
2971,71,unweighted_fl,10,0.0995222929936305,0,1,None,66,1,5,False,1000,1000
2972,72,unweighted_fl,10,0.0995222929936305,0,1,None,66,1,5,False,1000,1000
2973,73,unweighted_fl,10,0.0995222929936305,0,1,None,66,1,5,False,1000,1000
2974,74,unweighted_fl,10,0.0995222929936305,0,1,None,66,1,5,False,1000,1000
2975,70,unweighted_fl,10,0.0995222929936305,0,2,None,66,1,5,False,1000,1000
2976,71,unweighted_fl,10,0.0995222929936305,0,2,None,66,1,5,False,1000,1000
2977,72,unweighted_fl,10,0.0995222929936305,0,2,None,66,1,5,False,1000,1000
2978,73,unweighted_fl,10,0.0995222929936305,0,2,None,66,1,5,False,1000,1000
2979,74,unweighted_fl,10,0.0995222929936305,0,2,None,66,1,5,False,1000,1000
2980,70,unweighted_fl,10,0.0995222929936305,0,0,None,66,1,5,False,1000,1000
2981,71,unweighted_fl,10,0.0995222929936305,0,0,None,66,1,5,False,1000,1000
2982,72,unweighted_fl,10,0.0995222929936305,0,0,None,66,1,5,False,1000,1000
2983,73,unweighted_fl,10,0.0995222929936305,0,0,None,66,1,5,False,1000,1000
2984,74,unweighted_fl,10,0.0995222929936305,0,0,None,66,1,5,False,1000,1000
2985,70,unweighted_fl,10,0.0995222929936305,0,3,None,66,1,5,False,1000,1000
2986,71,unweighted_fl,10,0.1343550955414012,0,3,None,66,1,5,False,1000,1000
2987,72,unweighted_fl,10,0.0995222929936305,0,3,None,66,1,5,False,1000,1000
2988,73,unweighted_fl,10,0.0995222929936305,0,3,None,66,1,5,False,1000,1000
2989,74,unweighted_fl,10,0.0995222929936305,0,3,None,66,1,5,False,1000,1000
2990,70,unweighted_fl,10,0.0995222929936305,0,5,None,66,1,5,False,1000,1000
2991,71,unweighted_fl,10,0.0995222929936305,0,5,None,66,1,5,False,1000,1000
2992,72,unweighted_fl,10,0.1822253184713375,0,5,None,66,1,5,False,1000,1000
2993,73,unweighted_fl,10,0.0995222929936305,0,5,None,66,1,5,False,1000,1000
2994,74,unweighted_fl,10,0.0995222929936305,0,5,None,66,1,5,False,1000,1000
2995,70,unweighted_fl,10,0.0995222929936305,0,4,None,66,1,5,False,1000,1000
2996,71,unweighted_fl,10,0.0995222929936305,0,4,None,66,1,5,False,1000,1000
2997,72,unweighted_fl,10,0.0995222929936305,0,4,None,66,1,5,False,1000,1000
2998,73,unweighted_fl,10,0.0995222929936305,0,4,None,66,1,5,False,1000,1000
2999,74,unweighted_fl,10,0.0995222929936305,0,4,None,66,1,5,False,1000,1000
3000,70,unweighted_fl,10,0.0995222929936305,0,6,None,66,1,5,False,1000,1000
3001,71,unweighted_fl,10,0.0995222929936305,0,6,None,66,1,5,False,1000,1000
3002,72,unweighted_fl,10,0.0995222929936305,0,6,None,66,1,5,False,1000,1000
3003,73,unweighted_fl,10,0.0995222929936305,0,6,None,66,1,5,False,1000,1000
3004,74,unweighted_fl,10,0.0995222929936305,0,6,None,66,1,5,False,1000,1000
3005,70,unweighted_fl,10,0.0995222929936305,0,7,None,66,1,5,False,1000,1000
3006,71,unweighted_fl,10,0.0995222929936305,0,7,None,66,1,5,False,1000,1000
3007,72,unweighted_fl,10,0.0995222929936305,0,7,None,66,1,5,False,1000,1000
3008,73,unweighted_fl,10,0.0995222929936305,0,7,None,66,1,5,False,1000,1000
3009,74,unweighted_fl,10,0.0995222929936305,0,7,None,66,1,5,False,1000,1000
3010,70,unweighted_fl,10,0.0995222929936305,0,8,None,66,1,5,False,1000,1000
3011,71,unweighted_fl,10,0.0995222929936305,0,8,None,66,1,5,False,1000,1000
3012,72,unweighted_fl,10,0.0995222929936305,0,8,None,66,1,5,False,1000,1000
3013,73,unweighted_fl,10,0.0995222929936305,0,8,None,66,1,5,False,1000,1000
3014,74,unweighted_fl,10,0.0995222929936305,0,8,None,66,1,5,False,1000,1000
3015,70,unweighted_fl,10,0.0995222929936305,0,10,None,66,1,5,False,1000,1000
3016,71,unweighted_fl,10,0.0995222929936305,0,10,None,66,1,5,False,1000,1000
3017,72,unweighted_fl,10,0.0995222929936305,0,10,None,66,1,5,False,1000,1000
3018,73,unweighted_fl,10,0.0995222929936305,0,10,None,66,1,5,False,1000,1000
3019,74,unweighted_fl,10,0.0995222929936305,0,10,None,66,1,5,False,1000,1000
3020,70,unweighted_fl,10,0.0995222929936305,0,9,None,66,1,5,False,1000,1000
3021,71,unweighted_fl,10,0.0995222929936305,0,9,None,66,1,5,False,1000,1000
3022,72,unweighted_fl,10,0.0995222929936305,0,9,None,66,1,5,False,1000,1000
3023,73,unweighted_fl,10,0.0995222929936305,0,9,None,66,1,5,False,1000,1000
3024,74,unweighted_fl,10,0.0995222929936305,0,9,None,66,1,5,False,1000,1000
3025,70,unweighted_fl,10,0.0995222929936305,0,11,None,66,1,5,False,1000,1000
3026,71,unweighted_fl,10,0.0995222929936305,0,11,None,66,1,5,False,1000,1000
3027,72,unweighted_fl,10,0.0995222929936305,0,11,None,66,1,5,False,1000,1000
3028,73,unweighted_fl,10,0.0995222929936305,0,11,None,66,1,5,False,1000,1000
3029,74,unweighted_fl,10,0.0995222929936305,0,11,None,66,1,5,False,1000,1000
3030,70,unweighted_fl,10,0.1054936305732484,0,12,None,66,1,5,False,1000,1000
3031,71,unweighted_fl,10,0.0995222929936305,0,12,None,66,1,5,False,1000,1000
3032,72,unweighted_fl,10,0.0995222929936305,0,12,None,66,1,5,False,1000,1000
3033,73,unweighted_fl,10,0.0995222929936305,0,12,None,66,1,5,False,1000,1000
3034,74,unweighted_fl,10,0.0995222929936305,0,12,None,66,1,5,False,1000,1000
3035,70,unweighted_fl,10,0.0995222929936305,0,13,None,66,1,5,False,1000,1000
3036,71,unweighted_fl,10,0.0995222929936305,0,13,None,66,1,5,False,1000,1000
3037,72,unweighted_fl,10,0.1382364649681528,0,13,None,66,1,5,False,1000,1000
3038,73,unweighted_fl,10,0.0995222929936305,0,13,None,66,1,5,False,1000,1000
3039,74,unweighted_fl,10,0.0995222929936305,0,13,None,66,1,5,False,1000,1000
3040,70,unweighted_fl,10,0.0995222929936305,0,15,None,66,1,5,False,1000,1000
3041,71,unweighted_fl,10,0.0995222929936305,0,15,None,66,1,5,False,1000,1000
3042,72,unweighted_fl,10,0.0995222929936305,0,15,None,66,1,5,False,1000,1000
3043,73,unweighted_fl,10,0.0995222929936305,0,15,None,66,1,5,False,1000,1000
3044,74,unweighted_fl,10,0.0995222929936305,0,15,None,66,1,5,False,1000,1000
3045,70,unweighted_fl,10,0.0995222929936305,0,14,None,66,1,5,False,1000,1000
3046,71,unweighted_fl,10,0.0995222929936305,0,14,None,66,1,5,False,1000,1000
3047,72,unweighted_fl,10,0.145203025477707,0,14,None,66,1,5,False,1000,1000
3048,73,unweighted_fl,10,0.0995222929936305,0,14,None,66,1,5,False,1000,1000
3049,74,unweighted_fl,10,0.0995222929936305,0,14,None,66,1,5,False,1000,1000
3050,70,unweighted_fl,10,0.0998208598726114,0,16,None,66,1,5,False,1000,1000
3051,71,unweighted_fl,10,0.0995222929936305,0,16,None,66,1,5,False,1000,1000
3052,72,unweighted_fl,10,0.1934713375796178,0,16,None,66,1,5,False,1000,1000
3053,73,unweighted_fl,10,0.1255971337579617,0,16,None,66,1,5,False,1000,1000
3054,74,unweighted_fl,10,0.0995222929936305,0,16,None,66,1,5,False,1000,1000
3055,70,unweighted_fl,10,0.0995222929936305,0,18,None,66,1,5,False,1000,1000
3056,71,unweighted_fl,10,0.0995222929936305,0,18,None,66,1,5,False,1000,1000
3057,72,unweighted_fl,10,0.0995222929936305,0,18,None,66,1,5,False,1000,1000
3058,73,unweighted_fl,10,0.0995222929936305,0,18,None,66,1,5,False,1000,1000
3059,74,unweighted_fl,10,0.0995222929936305,0,18,None,66,1,5,False,1000,1000
3060,70,unweighted_fl,10,0.0995222929936305,0,17,None,66,1,5,False,1000,1000
3061,71,unweighted_fl,10,0.0995222929936305,0,17,None,66,1,5,False,1000,1000
3062,72,unweighted_fl,10,0.0995222929936305,0,17,None,66,1,5,False,1000,1000
3063,73,unweighted_fl,10,0.1849124203821656,0,17,None,66,1,5,False,1000,1000
3064,74,unweighted_fl,10,0.0995222929936305,0,17,None,66,1,5,False,1000,1000
3065,70,unweighted_fl,10,0.0995222929936305,0,19,None,66,1,5,False,1000,1000
3066,71,unweighted_fl,10,0.0995222929936305,0,19,None,66,1,5,False,1000,1000
3067,72,unweighted_fl,10,0.0995222929936305,0,19,None,66,1,5,False,1000,1000
3068,73,unweighted_fl,10,0.0995222929936305,0,19,None,66,1,5,False,1000,1000
3069,74,unweighted_fl,10,0.1458996815286624,0,19,None,66,1,5,False,1000,1000
3070,70,unweighted_fl,10,0.0995222929936305,0,21,None,66,1,5,False,1000,1000
3071,71,unweighted_fl,10,0.0995222929936305,0,21,None,66,1,5,False,1000,1000
3072,72,unweighted_fl,10,0.0995222929936305,0,21,None,66,1,5,False,1000,1000
3073,73,unweighted_fl,10,0.0995222929936305,0,21,None,66,1,5,False,1000,1000
3074,74,unweighted_fl,10,0.0995222929936305,0,21,None,66,1,5,False,1000,1000
3075,70,unweighted_fl,10,0.0995222929936305,0,20,None,66,1,5,False,1000,1000
3076,71,unweighted_fl,10,0.0995222929936305,0,20,None,66,1,5,False,1000,1000
3077,72,unweighted_fl,10,0.0995222929936305,0,20,None,66,1,5,False,1000,1000
3078,73,unweighted_fl,10,0.0995222929936305,0,20,None,66,1,5,False,1000,1000
3079,74,unweighted_fl,10,0.0995222929936305,0,20,None,66,1,5,False,1000,1000
3080,70,unweighted_fl,10,0.0995222929936305,0,22,None,66,1,5,False,1000,1000
3081,71,unweighted_fl,10,0.0995222929936305,0,22,None,66,1,5,False,1000,1000
3082,72,unweighted_fl,10,0.0995222929936305,0,22,None,66,1,5,False,1000,1000
3083,73,unweighted_fl,10,0.0995222929936305,0,22,None,66,1,5,False,1000,1000
3084,74,unweighted_fl,10,0.0995222929936305,0,22,None,66,1,5,False,1000,1000
3085,70,unweighted_fl,10,0.0995222929936305,0,23,None,66,1,5,False,1000,1000
3086,71,unweighted_fl,10,0.0995222929936305,0,23,None,66,1,5,False,1000,1000
3087,72,unweighted_fl,10,0.0995222929936305,0,23,None,66,1,5,False,1000,1000
3088,73,unweighted_fl,10,0.0995222929936305,0,23,None,66,1,5,False,1000,1000
3089,74,unweighted_fl,10,0.0995222929936305,0,23,None,66,1,5,False,1000,1000
3090,70,unweighted_fl,10,0.0995222929936305,0,24,None,66,1,5,False,1000,1000
3091,71,unweighted_fl,10,0.0995222929936305,0,24,None,66,1,5,False,1000,1000
3092,72,unweighted_fl,10,0.0995222929936305,0,24,None,66,1,5,False,1000,1000
3093,73,unweighted_fl,10,0.0995222929936305,0,24,None,66,1,5,False,1000,1000
3094,74,unweighted_fl,10,0.0995222929936305,0,24,None,66,1,5,False,1000,1000
3095,70,unweighted_fl,10,0.0995222929936305,0,25,None,66,1,5,False,1000,1000
3096,71,unweighted_fl,10,0.0995222929936305,0,25,None,66,1,5,False,1000,1000
3097,72,unweighted_fl,10,0.0995222929936305,0,25,None,66,1,5,False,1000,1000
3098,73,unweighted_fl,10,0.0995222929936305,0,25,None,66,1,5,False,1000,1000
3099,74,unweighted_fl,10,0.0995222929936305,0,25,None,66,1,5,False,1000,1000
3100,70,unweighted_fl,10,0.0995222929936305,0,26,None,66,1,5,False,1000,1000
3101,71,unweighted_fl,10,0.0995222929936305,0,26,None,66,1,5,False,1000,1000
3102,72,unweighted_fl,10,0.0995222929936305,0,26,None,66,1,5,False,1000,1000
3103,73,unweighted_fl,10,0.0995222929936305,0,26,None,66,1,5,False,1000,1000
3104,74,unweighted_fl,10,0.0995222929936305,0,26,None,66,1,5,False,1000,1000
3105,70,unweighted_fl,10,0.0995222929936305,0,28,None,66,1,5,False,1000,1000
3106,71,unweighted_fl,10,0.0995222929936305,0,28,None,66,1,5,False,1000,1000
3107,72,unweighted_fl,10,0.0995222929936305,0,28,None,66,1,5,False,1000,1000
3108,73,unweighted_fl,10,0.0995222929936305,0,28,None,66,1,5,False,1000,1000
3109,74,unweighted_fl,10,0.0995222929936305,0,28,None,66,1,5,False,1000,1000
3110,70,unweighted_fl,10,0.0995222929936305,0,27,None,66,1,5,False,1000,1000
3111,71,unweighted_fl,10,0.0995222929936305,0,27,None,66,1,5,False,1000,1000
3112,72,unweighted_fl,10,0.0995222929936305,0,27,None,66,1,5,False,1000,1000
3113,73,unweighted_fl,10,0.0995222929936305,0,27,None,66,1,5,False,1000,1000
3114,74,unweighted_fl,10,0.0995222929936305,0,27,None,66,1,5,False,1000,1000
3115,70,unweighted_fl,10,0.0995222929936305,0,29,None,66,1,5,False,1000,1000
3116,71,unweighted_fl,10,0.0995222929936305,0,29,None,66,1,5,False,1000,1000
3117,72,unweighted_fl,10,0.0995222929936305,0,29,None,66,1,5,False,1000,1000
3118,73,unweighted_fl,10,0.0995222929936305,0,29,None,66,1,5,False,1000,1000
3119,74,unweighted_fl,10,0.0995222929936305,0,29,None,66,1,5,False,1000,1000
3120,70,unweighted_fl,10,0.0995222929936305,0,31,None,66,1,5,False,1000,1000
3121,71,unweighted_fl,10,0.1080812101910828,0,31,None,66,1,5,False,1000,1000
3122,72,unweighted_fl,10,0.0995222929936305,0,31,None,66,1,5,False,1000,1000
3123,73,unweighted_fl,10,0.0995222929936305,0,31,None,66,1,5,False,1000,1000
3124,74,unweighted_fl,10,0.0995222929936305,0,31,None,66,1,5,False,1000,1000
3125,70,unweighted_fl,10,0.0995222929936305,0,30,None,66,1,5,False,1000,1000
3126,71,unweighted_fl,10,0.0995222929936305,0,30,None,66,1,5,False,1000,1000
3127,72,unweighted_fl,10,0.0995222929936305,0,30,None,66,1,5,False,1000,1000
3128,73,unweighted_fl,10,0.0995222929936305,0,30,None,66,1,5,False,1000,1000
3129,74,unweighted_fl,10,0.0995222929936305,0,30,None,66,1,5,False,1000,1000
3130,70,unweighted_fl,10,0.0995222929936305,0,32,None,66,1,5,False,1000,1000
3131,71,unweighted_fl,10,0.0995222929936305,0,32,None,66,1,5,False,1000,1000
3132,72,unweighted_fl,10,0.1181329617834394,0,32,None,66,1,5,False,1000,1000
3133,73,unweighted_fl,10,0.0995222929936305,0,32,None,66,1,5,False,1000,1000
3134,74,unweighted_fl,10,0.0995222929936305,0,32,None,66,1,5,False,1000,1000
3135,75,unweighted_fl,10,0.1123606687898089,0,1,None,66,1,5,False,1000,1000
3136,76,unweighted_fl,10,0.0995222929936305,0,1,None,66,1,5,False,1000,1000
3137,77,unweighted_fl,10,0.0995222929936305,0,1,None,66,1,5,False,1000,1000
3138,78,unweighted_fl,10,0.0995222929936305,0,1,None,66,1,5,False,1000,1000
3139,79,unweighted_fl,10,0.0995222929936305,0,1,None,66,1,5,False,1000,1000
3140,75,unweighted_fl,10,0.0995222929936305,0,2,None,66,1,5,False,1000,1000
3141,76,unweighted_fl,10,0.0995222929936305,0,2,None,66,1,5,False,1000,1000
3142,77,unweighted_fl,10,0.0995222929936305,0,2,None,66,1,5,False,1000,1000
3143,78,unweighted_fl,10,0.0995222929936305,0,2,None,66,1,5,False,1000,1000
3144,79,unweighted_fl,10,0.0995222929936305,0,2,None,66,1,5,False,1000,1000
3145,75,unweighted_fl,10,0.0995222929936305,0,0,None,66,1,5,False,1000,1000
3146,76,unweighted_fl,10,0.0995222929936305,0,0,None,66,1,5,False,1000,1000
3147,77,unweighted_fl,10,0.0995222929936305,0,0,None,66,1,5,False,1000,1000
3148,78,unweighted_fl,10,0.0995222929936305,0,0,None,66,1,5,False,1000,1000
3149,79,unweighted_fl,10,0.0995222929936305,0,0,None,66,1,5,False,1000,1000
3150,75,unweighted_fl,10,0.0995222929936305,0,3,None,66,1,5,False,1000,1000
3151,76,unweighted_fl,10,0.0995222929936305,0,3,None,66,1,5,False,1000,1000
3152,77,unweighted_fl,10,0.1573447452229299,0,3,None,66,1,5,False,1000,1000
3153,78,unweighted_fl,10,0.0995222929936305,0,3,None,66,1,5,False,1000,1000
3154,79,unweighted_fl,10,0.0995222929936305,0,3,None,66,1,5,False,1000,1000
3155,75,unweighted_fl,10,0.0995222929936305,0,4,None,66,1,5,False,1000,1000
3156,76,unweighted_fl,10,0.0995222929936305,0,4,None,66,1,5,False,1000,1000
3157,77,unweighted_fl,10,0.0995222929936305,0,4,None,66,1,5,False,1000,1000
3158,78,unweighted_fl,10,0.0995222929936305,0,4,None,66,1,5,False,1000,1000
3159,79,unweighted_fl,10,0.0995222929936305,0,4,None,66,1,5,False,1000,1000
3160,75,unweighted_fl,10,0.0995222929936305,0,5,None,66,1,5,False,1000,1000
3161,76,unweighted_fl,10,0.0995222929936305,0,5,None,66,1,5,False,1000,1000
3162,77,unweighted_fl,10,0.181031050955414,0,5,None,66,1,5,False,1000,1000
3163,78,unweighted_fl,10,0.0995222929936305,0,5,None,66,1,5,False,1000,1000
3164,79,unweighted_fl,10,0.0995222929936305,0,5,None,66,1,5,False,1000,1000
3165,75,unweighted_fl,10,0.0995222929936305,0,7,None,66,1,5,False,1000,1000
3166,76,unweighted_fl,10,0.0995222929936305,0,7,None,66,1,5,False,1000,1000
3167,77,unweighted_fl,10,0.0995222929936305,0,7,None,66,1,5,False,1000,1000
3168,78,unweighted_fl,10,0.0995222929936305,0,7,None,66,1,5,False,1000,1000
3169,79,unweighted_fl,10,0.0995222929936305,0,7,None,66,1,5,False,1000,1000
3170,75,unweighted_fl,10,0.0995222929936305,0,6,None,66,1,5,False,1000,1000
3171,76,unweighted_fl,10,0.0995222929936305,0,6,None,66,1,5,False,1000,1000
3172,77,unweighted_fl,10,0.0995222929936305,0,6,None,66,1,5,False,1000,1000
3173,78,unweighted_fl,10,0.0995222929936305,0,6,None,66,1,5,False,1000,1000
3174,79,unweighted_fl,10,0.0995222929936305,0,6,None,66,1,5,False,1000,1000
3175,75,unweighted_fl,10,0.0995222929936305,0,8,None,66,1,5,False,1000,1000
3176,76,unweighted_fl,10,0.0995222929936305,0,8,None,66,1,5,False,1000,1000
3177,77,unweighted_fl,10,0.0995222929936305,0,8,None,66,1,5,False,1000,1000
3178,78,unweighted_fl,10,0.0995222929936305,0,8,None,66,1,5,False,1000,1000
3179,79,unweighted_fl,10,0.0995222929936305,0,8,None,66,1,5,False,1000,1000
3180,75,unweighted_fl,10,0.0995222929936305,0,10,None,66,1,5,False,1000,1000
3181,76,unweighted_fl,10,0.0995222929936305,0,10,None,66,1,5,False,1000,1000
3182,77,unweighted_fl,10,0.0995222929936305,0,10,None,66,1,5,False,1000,1000
3183,78,unweighted_fl,10,0.0995222929936305,0,10,None,66,1,5,False,1000,1000
3184,79,unweighted_fl,10,0.0995222929936305,0,10,None,66,1,5,False,1000,1000
3185,75,unweighted_fl,10,0.1391321656050955,0,11,None,66,1,5,False,1000,1000
3186,76,unweighted_fl,10,0.0995222929936305,0,11,None,66,1,5,False,1000,1000
3187,77,unweighted_fl,10,0.0995222929936305,0,11,None,66,1,5,False,1000,1000
3188,78,unweighted_fl,10,0.0995222929936305,0,11,None,66,1,5,False,1000,1000
3189,79,unweighted_fl,10,0.0995222929936305,0,11,None,66,1,5,False,1000,1000
3190,75,unweighted_fl,10,0.0995222929936305,0,9,None,66,1,5,False,1000,1000
3191,76,unweighted_fl,10,0.0995222929936305,0,9,None,66,1,5,False,1000,1000
3192,77,unweighted_fl,10,0.0995222929936305,0,9,None,66,1,5,False,1000,1000
3193,78,unweighted_fl,10,0.0995222929936305,0,9,None,66,1,5,False,1000,1000
3194,79,unweighted_fl,10,0.0995222929936305,0,9,None,66,1,5,False,1000,1000
3195,75,unweighted_fl,10,0.0995222929936305,0,12,None,66,1,5,False,1000,1000
3196,76,unweighted_fl,10,0.0995222929936305,0,12,None,66,1,5,False,1000,1000
3197,77,unweighted_fl,10,0.0995222929936305,0,12,None,66,1,5,False,1000,1000
3198,78,unweighted_fl,10,0.0995222929936305,0,12,None,66,1,5,False,1000,1000
3199,79,unweighted_fl,10,0.0995222929936305,0,12,None,66,1,5,False,1000,1000
3200,75,unweighted_fl,10,0.0995222929936305,0,14,None,66,1,5,False,1000,1000
3201,76,unweighted_fl,10,0.0995222929936305,0,14,None,66,1,5,False,1000,1000
3202,77,unweighted_fl,10,0.1678941082802547,0,14,None,66,1,5,False,1000,1000
3203,78,unweighted_fl,10,0.0995222929936305,0,14,None,66,1,5,False,1000,1000
3204,79,unweighted_fl,10,0.0995222929936305,0,14,None,66,1,5,False,1000,1000
3205,75,unweighted_fl,10,0.0995222929936305,0,13,None,66,1,5,False,1000,1000
3206,76,unweighted_fl,10,0.0995222929936305,0,13,None,66,1,5,False,1000,1000
3207,77,unweighted_fl,10,0.1830214968152866,0,13,None,66,1,5,False,1000,1000
3208,78,unweighted_fl,10,0.0995222929936305,0,13,None,66,1,5,False,1000,1000
3209,79,unweighted_fl,10,0.0995222929936305,0,13,None,66,1,5,False,1000,1000
3210,75,unweighted_fl,10,0.0995222929936305,0,15,None,66,1,5,False,1000,1000
3211,76,unweighted_fl,10,0.0995222929936305,0,15,None,66,1,5,False,1000,1000
3212,77,unweighted_fl,10,0.0995222929936305,0,15,None,66,1,5,False,1000,1000
3213,78,unweighted_fl,10,0.0995222929936305,0,15,None,66,1,5,False,1000,1000
3214,79,unweighted_fl,10,0.1318670382165605,0,15,None,66,1,5,False,1000,1000
3215,75,unweighted_fl,10,0.0995222929936305,0,17,None,66,1,5,False,1000,1000
3216,76,unweighted_fl,10,0.0995222929936305,0,17,None,66,1,5,False,1000,1000
3217,77,unweighted_fl,10,0.0995222929936305,0,17,None,66,1,5,False,1000,1000
3218,78,unweighted_fl,10,0.0995222929936305,0,17,None,66,1,5,False,1000,1000
3219,79,unweighted_fl,10,0.0995222929936305,0,17,None,66,1,5,False,1000,1000
3220,75,unweighted_fl,10,0.0995222929936305,0,18,None,66,1,5,False,1000,1000
3221,76,unweighted_fl,10,0.0995222929936305,0,18,None,66,1,5,False,1000,1000
3222,77,unweighted_fl,10,0.0995222929936305,0,18,None,66,1,5,False,1000,1000
3223,78,unweighted_fl,10,0.0995222929936305,0,18,None,66,1,5,False,1000,1000
3224,79,unweighted_fl,10,0.0995222929936305,0,18,None,66,1,5,False,1000,1000
3225,75,unweighted_fl,10,0.0995222929936305,0,16,None,66,1,5,False,1000,1000
3226,76,unweighted_fl,10,0.0995222929936305,0,16,None,66,1,5,False,1000,1000
3227,77,unweighted_fl,10,0.1495820063694267,0,16,None,66,1,5,False,1000,1000
3228,78,unweighted_fl,10,0.176453025477707,0,16,None,66,1,5,False,1000,1000
3229,79,unweighted_fl,10,0.0995222929936305,0,16,None,66,1,5,False,1000,1000
3230,75,unweighted_fl,10,0.0995222929936305,0,19,None,66,1,5,False,1000,1000
3231,76,unweighted_fl,10,0.0995222929936305,0,19,None,66,1,5,False,1000,1000
3232,77,unweighted_fl,10,0.0995222929936305,0,19,None,66,1,5,False,1000,1000
3233,78,unweighted_fl,10,0.0995222929936305,0,19,None,66,1,5,False,1000,1000
3234,79,unweighted_fl,10,0.154359076433121,0,19,None,66,1,5,False,1000,1000
3235,75,unweighted_fl,10,0.0995222929936305,0,21,None,66,1,5,False,1000,1000
3236,76,unweighted_fl,10,0.0995222929936305,0,21,None,66,1,5,False,1000,1000
3237,77,unweighted_fl,10,0.0995222929936305,0,21,None,66,1,5,False,1000,1000
3238,78,unweighted_fl,10,0.1415207006369426,0,21,None,66,1,5,False,1000,1000
3239,79,unweighted_fl,10,0.0995222929936305,0,21,None,66,1,5,False,1000,1000
3240,75,unweighted_fl,10,0.0995222929936305,0,20,None,66,1,5,False,1000,1000
3241,76,unweighted_fl,10,0.0995222929936305,0,20,None,66,1,5,False,1000,1000
3242,77,unweighted_fl,10,0.0995222929936305,0,20,None,66,1,5,False,1000,1000
3243,78,unweighted_fl,10,0.0995222929936305,0,20,None,66,1,5,False,1000,1000
3244,79,unweighted_fl,10,0.0995222929936305,0,20,None,66,1,5,False,1000,1000
3245,75,unweighted_fl,10,0.0995222929936305,0,22,None,66,1,5,False,1000,1000
3246,76,unweighted_fl,10,0.0995222929936305,0,22,None,66,1,5,False,1000,1000
3247,77,unweighted_fl,10,0.0995222929936305,0,22,None,66,1,5,False,1000,1000
3248,78,unweighted_fl,10,0.0995222929936305,0,22,None,66,1,5,False,1000,1000
3249,79,unweighted_fl,10,0.0995222929936305,0,22,None,66,1,5,False,1000,1000
3250,75,unweighted_fl,10,0.0995222929936305,0,24,None,66,1,5,False,1000,1000
3251,76,unweighted_fl,10,0.0995222929936305,0,24,None,66,1,5,False,1000,1000
3252,77,unweighted_fl,10,0.0995222929936305,0,24,None,66,1,5,False,1000,1000
3253,78,unweighted_fl,10,0.0995222929936305,0,24,None,66,1,5,False,1000,1000
3254,79,unweighted_fl,10,0.0995222929936305,0,24,None,66,1,5,False,1000,1000
3255,75,unweighted_fl,10,0.0995222929936305,0,23,None,66,1,5,False,1000,1000
3256,76,unweighted_fl,10,0.0995222929936305,0,23,None,66,1,5,False,1000,1000
3257,77,unweighted_fl,10,0.0995222929936305,0,23,None,66,1,5,False,1000,1000
3258,78,unweighted_fl,10,0.0995222929936305,0,23,None,66,1,5,False,1000,1000
3259,79,unweighted_fl,10,0.0995222929936305,0,23,None,66,1,5,False,1000,1000
3260,75,unweighted_fl,10,0.0995222929936305,0,25,None,66,1,5,False,1000,1000
3261,76,unweighted_fl,10,0.0995222929936305,0,25,None,66,1,5,False,1000,1000
3262,77,unweighted_fl,10,0.0995222929936305,0,25,None,66,1,5,False,1000,1000
3263,78,unweighted_fl,10,0.0995222929936305,0,25,None,66,1,5,False,1000,1000
3264,79,unweighted_fl,10,0.0995222929936305,0,25,None,66,1,5,False,1000,1000
3265,75,unweighted_fl,10,0.0995222929936305,0,26,None,66,1,5,False,1000,1000
3266,76,unweighted_fl,10,0.0995222929936305,0,26,None,66,1,5,False,1000,1000
3267,77,unweighted_fl,10,0.0995222929936305,0,26,None,66,1,5,False,1000,1000
3268,78,unweighted_fl,10,0.0995222929936305,0,26,None,66,1,5,False,1000,1000
3269,79,unweighted_fl,10,0.0995222929936305,0,26,None,66,1,5,False,1000,1000
3270,75,unweighted_fl,10,0.0995222929936305,0,27,None,66,1,5,False,1000,1000
3271,76,unweighted_fl,10,0.0995222929936305,0,27,None,66,1,5,False,1000,1000
3272,77,unweighted_fl,10,0.0995222929936305,0,27,None,66,1,5,False,1000,1000
3273,78,unweighted_fl,10,0.0995222929936305,0,27,None,66,1,5,False,1000,1000
3274,79,unweighted_fl,10,0.0995222929936305,0,27,None,66,1,5,False,1000,1000
3275,75,unweighted_fl,10,0.0995222929936305,0,29,None,66,1,5,False,1000,1000
3276,76,unweighted_fl,10,0.0995222929936305,0,29,None,66,1,5,False,1000,1000
3277,77,unweighted_fl,10,0.0995222929936305,0,29,None,66,1,5,False,1000,1000
3278,78,unweighted_fl,10,0.0995222929936305,0,29,None,66,1,5,False,1000,1000
3279,79,unweighted_fl,10,0.0995222929936305,0,29,None,66,1,5,False,1000,1000
3280,75,unweighted_fl,10,0.0995222929936305,0,30,None,66,1,5,False,1000,1000
3281,76,unweighted_fl,10,0.0995222929936305,0,30,None,66,1,5,False,1000,1000
3282,77,unweighted_fl,10,0.0995222929936305,0,30,None,66,1,5,False,1000,1000
3283,78,unweighted_fl,10,0.0995222929936305,0,30,None,66,1,5,False,1000,1000
3284,79,unweighted_fl,10,0.0995222929936305,0,30,None,66,1,5,False,1000,1000
3285,75,unweighted_fl,10,0.0995222929936305,0,28,None,66,1,5,False,1000,1000
3286,76,unweighted_fl,10,0.0995222929936305,0,28,None,66,1,5,False,1000,1000
3287,77,unweighted_fl,10,0.0995222929936305,0,28,None,66,1,5,False,1000,1000
3288,78,unweighted_fl,10,0.0995222929936305,0,28,None,66,1,5,False,1000,1000
3289,79,unweighted_fl,10,0.0995222929936305,0,28,None,66,1,5,False,1000,1000
3290,75,unweighted_fl,10,0.0995222929936305,0,31,None,66,1,5,False,1000,1000
3291,76,unweighted_fl,10,0.1056926751592356,0,31,None,66,1,5,False,1000,1000
3292,77,unweighted_fl,10,0.0995222929936305,0,31,None,66,1,5,False,1000,1000
3293,78,unweighted_fl,10,0.0995222929936305,0,31,None,66,1,5,False,1000,1000
3294,79,unweighted_fl,10,0.0995222929936305,0,31,None,66,1,5,False,1000,1000
3295,75,unweighted_fl,10,0.0995222929936305,0,32,None,66,1,5,False,1000,1000
3296,76,unweighted_fl,10,0.0995222929936305,0,32,None,66,1,5,False,1000,1000
3297,77,unweighted_fl,10,0.1750597133757961,0,32,None,66,1,5,False,1000,1000
3298,78,unweighted_fl,10,0.0995222929936305,0,32,None,66,1,5,False,1000,1000
3299,79,unweighted_fl,10,0.0995222929936305,0,32,None,66,1,5,False,1000,1000
3630,80,unweighted_fl,10,0.0995222929936305,0,0,None,66,1,5,False,1000,1000
3631,81,unweighted_fl,10,0.0995222929936305,0,0,None,66,1,5,False,1000,1000
3632,82,unweighted_fl,10,0.0995222929936305,0,0,None,66,1,5,False,1000,1000
3633,83,unweighted_fl,10,0.0995222929936305,0,0,None,66,1,5,False,1000,1000
3634,84,unweighted_fl,10,0.0995222929936305,0,0,None,66,1,5,False,1000,1000
3635,80,unweighted_fl,10,0.1302746815286624,0,1,None,66,1,5,False,1000,1000
3636,81,unweighted_fl,10,0.0995222929936305,0,1,None,66,1,5,False,1000,1000
3637,82,unweighted_fl,10,0.0995222929936305,0,1,None,66,1,5,False,1000,1000
3638,83,unweighted_fl,10,0.0995222929936305,0,1,None,66,1,5,False,1000,1000
3639,84,unweighted_fl,10,0.0995222929936305,0,1,None,66,1,5,False,1000,1000
3640,80,unweighted_fl,10,0.0995222929936305,0,2,None,66,1,5,False,1000,1000
3641,81,unweighted_fl,10,0.0995222929936305,0,2,None,66,1,5,False,1000,1000
3642,82,unweighted_fl,10,0.0995222929936305,0,2,None,66,1,5,False,1000,1000
3643,83,unweighted_fl,10,0.0995222929936305,0,2,None,66,1,5,False,1000,1000
3644,84,unweighted_fl,10,0.0995222929936305,0,2,None,66,1,5,False,1000,1000
3645,80,unweighted_fl,10,0.0995222929936305,0,3,None,66,1,5,False,1000,1000
3646,81,unweighted_fl,10,0.0995222929936305,0,3,None,66,1,5,False,1000,1000
3647,82,unweighted_fl,10,0.1046974522292993,0,3,None,66,1,5,False,1000,1000
3648,83,unweighted_fl,10,0.0995222929936305,0,3,None,66,1,5,False,1000,1000
3649,84,unweighted_fl,10,0.0995222929936305,0,3,None,66,1,5,False,1000,1000
3650,80,unweighted_fl,10,0.0995222929936305,0,4,None,66,1,5,False,1000,1000
3651,81,unweighted_fl,10,0.0995222929936305,0,4,None,66,1,5,False,1000,1000
3652,82,unweighted_fl,10,0.0995222929936305,0,4,None,66,1,5,False,1000,1000
3653,83,unweighted_fl,10,0.0995222929936305,0,4,None,66,1,5,False,1000,1000
3654,84,unweighted_fl,10,0.0995222929936305,0,4,None,66,1,5,False,1000,1000
3655,80,unweighted_fl,10,0.0995222929936305,0,6,None,66,1,5,False,1000,1000
3656,81,unweighted_fl,10,0.0995222929936305,0,6,None,66,1,5,False,1000,1000
3657,82,unweighted_fl,10,0.0995222929936305,0,6,None,66,1,5,False,1000,1000
3658,83,unweighted_fl,10,0.0995222929936305,0,6,None,66,1,5,False,1000,1000
3659,84,unweighted_fl,10,0.0995222929936305,0,6,None,66,1,5,False,1000,1000
3660,80,unweighted_fl,10,0.0995222929936305,0,7,None,66,1,5,False,1000,1000
3661,81,unweighted_fl,10,0.0995222929936305,0,7,None,66,1,5,False,1000,1000
3662,82,unweighted_fl,10,0.0995222929936305,0,7,None,66,1,5,False,1000,1000
3663,83,unweighted_fl,10,0.0995222929936305,0,7,None,66,1,5,False,1000,1000
3664,84,unweighted_fl,10,0.0995222929936305,0,7,None,66,1,5,False,1000,1000
3665,80,unweighted_fl,10,0.0995222929936305,0,5,None,66,1,5,False,1000,1000
3666,81,unweighted_fl,10,0.0995222929936305,0,5,None,66,1,5,False,1000,1000
3667,82,unweighted_fl,10,0.0995222929936305,0,5,None,66,1,5,False,1000,1000
3668,83,unweighted_fl,10,0.101015127388535,0,5,None,66,1,5,False,1000,1000
3669,84,unweighted_fl,10,0.0995222929936305,0,5,None,66,1,5,False,1000,1000
3670,80,unweighted_fl,10,0.0995222929936305,0,8,None,66,1,5,False,1000,1000
3671,81,unweighted_fl,10,0.0995222929936305,0,8,None,66,1,5,False,1000,1000
3672,82,unweighted_fl,10,0.0995222929936305,0,8,None,66,1,5,False,1000,1000
3673,83,unweighted_fl,10,0.0995222929936305,0,8,None,66,1,5,False,1000,1000
3674,84,unweighted_fl,10,0.0995222929936305,0,8,None,66,1,5,False,1000,1000
3675,80,unweighted_fl,10,0.0995222929936305,0,10,None,66,1,5,False,1000,1000
3676,81,unweighted_fl,10,0.0995222929936305,0,10,None,66,1,5,False,1000,1000
3677,82,unweighted_fl,10,0.0995222929936305,0,10,None,66,1,5,False,1000,1000
3678,83,unweighted_fl,10,0.0995222929936305,0,10,None,66,1,5,False,1000,1000
3679,84,unweighted_fl,10,0.0995222929936305,0,10,None,66,1,5,False,1000,1000
3680,80,unweighted_fl,10,0.0995222929936305,0,9,None,66,1,5,False,1000,1000
3681,81,unweighted_fl,10,0.0995222929936305,0,9,None,66,1,5,False,1000,1000
3682,82,unweighted_fl,10,0.0995222929936305,0,9,None,66,1,5,False,1000,1000
3683,83,unweighted_fl,10,0.0995222929936305,0,9,None,66,1,5,False,1000,1000
3684,84,unweighted_fl,10,0.0995222929936305,0,9,None,66,1,5,False,1000,1000
3685,80,unweighted_fl,10,0.1116640127388535,0,11,None,66,1,5,False,1000,1000
3686,81,unweighted_fl,10,0.0995222929936305,0,11,None,66,1,5,False,1000,1000
3687,82,unweighted_fl,10,0.0995222929936305,0,11,None,66,1,5,False,1000,1000
3688,83,unweighted_fl,10,0.0995222929936305,0,11,None,66,1,5,False,1000,1000
3689,84,unweighted_fl,10,0.0995222929936305,0,11,None,66,1,5,False,1000,1000
3690,80,unweighted_fl,10,0.0995222929936305,0,13,None,66,1,5,False,1000,1000
3691,81,unweighted_fl,10,0.0995222929936305,0,13,None,66,1,5,False,1000,1000
3692,82,unweighted_fl,10,0.1803343949044586,0,13,None,66,1,5,False,1000,1000
3693,83,unweighted_fl,10,0.0995222929936305,0,13,None,66,1,5,False,1000,1000
3694,84,unweighted_fl,10,0.0995222929936305,0,13,None,66,1,5,False,1000,1000
3695,80,unweighted_fl,10,0.0995222929936305,0,12,None,66,1,5,False,1000,1000
3696,81,unweighted_fl,10,0.0995222929936305,0,12,None,66,1,5,False,1000,1000
3697,82,unweighted_fl,10,0.0995222929936305,0,12,None,66,1,5,False,1000,1000
3698,83,unweighted_fl,10,0.0995222929936305,0,12,None,66,1,5,False,1000,1000
3699,84,unweighted_fl,10,0.0995222929936305,0,12,None,66,1,5,False,1000,1000
3700,80,unweighted_fl,10,0.0995222929936305,0,14,None,66,1,5,False,1000,1000
3701,81,unweighted_fl,10,0.0995222929936305,0,14,None,66,1,5,False,1000,1000
3702,82,unweighted_fl,10,0.1820262738853503,0,14,None,66,1,5,False,1000,1000
3703,83,unweighted_fl,10,0.0997213375796178,0,14,None,66,1,5,False,1000,1000
3704,84,unweighted_fl,10,0.0995222929936305,0,14,None,66,1,5,False,1000,1000
3705,80,unweighted_fl,10,0.0995222929936305,0,16,None,66,1,5,False,1000,1000
3706,81,unweighted_fl,10,0.0995222929936305,0,16,None,66,1,5,False,1000,1000
3707,82,unweighted_fl,10,0.1133558917197452,0,16,None,66,1,5,False,1000,1000
3708,83,unweighted_fl,10,0.1853105095541401,0,16,None,66,1,5,False,1000,1000
3709,84,unweighted_fl,10,0.1112659235668789,0,16,None,66,1,5,False,1000,1000
3710,80,unweighted_fl,10,0.0995222929936305,0,17,None,66,1,5,False,1000,1000
3711,81,unweighted_fl,10,0.0995222929936305,0,17,None,66,1,5,False,1000,1000
3712,82,unweighted_fl,10,0.0995222929936305,0,17,None,66,1,5,False,1000,1000
3713,83,unweighted_fl,10,0.0995222929936305,0,17,None,66,1,5,False,1000,1000
3714,84,unweighted_fl,10,0.0995222929936305,0,17,None,66,1,5,False,1000,1000
3715,80,unweighted_fl,10,0.0995222929936305,0,15,None,66,1,5,False,1000,1000
3716,81,unweighted_fl,10,0.0995222929936305,0,15,None,66,1,5,False,1000,1000
3717,82,unweighted_fl,10,0.0995222929936305,0,15,None,66,1,5,False,1000,1000
3718,83,unweighted_fl,10,0.0995222929936305,0,15,None,66,1,5,False,1000,1000
3719,84,unweighted_fl,10,0.1658041401273885,0,15,None,66,1,5,False,1000,1000
3720,80,unweighted_fl,10,0.0995222929936305,0,18,None,66,1,5,False,1000,1000
3721,81,unweighted_fl,10,0.0995222929936305,0,18,None,66,1,5,False,1000,1000
3722,82,unweighted_fl,10,0.0995222929936305,0,18,None,66,1,5,False,1000,1000
3723,83,unweighted_fl,10,0.0995222929936305,0,18,None,66,1,5,False,1000,1000
3724,84,unweighted_fl,10,0.0995222929936305,0,18,None,66,1,5,False,1000,1000
3725,80,unweighted_fl,10,0.0995222929936305,0,20,None,66,1,5,False,1000,1000
3726,81,unweighted_fl,10,0.0995222929936305,0,20,None,66,1,5,False,1000,1000
3727,82,unweighted_fl,10,0.0995222929936305,0,20,None,66,1,5,False,1000,1000
3728,83,unweighted_fl,10,0.0995222929936305,0,20,None,66,1,5,False,1000,1000
3729,84,unweighted_fl,10,0.0995222929936305,0,20,None,66,1,5,False,1000,1000
3730,80,unweighted_fl,10,0.0995222929936305,0,19,None,66,1,5,False,1000,1000
3731,81,unweighted_fl,10,0.0995222929936305,0,19,None,66,1,5,False,1000,1000
3732,82,unweighted_fl,10,0.0995222929936305,0,19,None,66,1,5,False,1000,1000
3733,83,unweighted_fl,10,0.0995222929936305,0,19,None,66,1,5,False,1000,1000
3734,84,unweighted_fl,10,0.1490843949044586,0,19,None,66,1,5,False,1000,1000
3735,80,unweighted_fl,10,0.0995222929936305,0,21,None,66,1,5,False,1000,1000
3736,81,unweighted_fl,10,0.0995222929936305,0,21,None,66,1,5,False,1000,1000
3737,82,unweighted_fl,10,0.0995222929936305,0,21,None,66,1,5,False,1000,1000
3738,83,unweighted_fl,10,0.0995222929936305,0,21,None,66,1,5,False,1000,1000
3739,84,unweighted_fl,10,0.1304737261146497,0,21,None,66,1,5,False,1000,1000
3740,80,unweighted_fl,10,0.0995222929936305,0,23,None,66,1,5,False,1000,1000
3741,81,unweighted_fl,10,0.0995222929936305,0,23,None,66,1,5,False,1000,1000
3742,82,unweighted_fl,10,0.0995222929936305,0,23,None,66,1,5,False,1000,1000
3743,83,unweighted_fl,10,0.0995222929936305,0,23,None,66,1,5,False,1000,1000
3744,84,unweighted_fl,10,0.1094745222929936,0,23,None,66,1,5,False,1000,1000
3745,80,unweighted_fl,10,0.0995222929936305,0,24,None,66,1,5,False,1000,1000
3746,81,unweighted_fl,10,0.0995222929936305,0,24,None,66,1,5,False,1000,1000
3747,82,unweighted_fl,10,0.0995222929936305,0,24,None,66,1,5,False,1000,1000
3748,83,unweighted_fl,10,0.0995222929936305,0,24,None,66,1,5,False,1000,1000
3749,84,unweighted_fl,10,0.0995222929936305,0,24,None,66,1,5,False,1000,1000
3750,80,unweighted_fl,10,0.0995222929936305,0,22,None,66,1,5,False,1000,1000
3751,81,unweighted_fl,10,0.0995222929936305,0,22,None,66,1,5,False,1000,1000
3752,82,unweighted_fl,10,0.0995222929936305,0,22,None,66,1,5,False,1000,1000
3753,83,unweighted_fl,10,0.0995222929936305,0,22,None,66,1,5,False,1000,1000
3754,84,unweighted_fl,10,0.0995222929936305,0,22,None,66,1,5,False,1000,1000
3755,80,unweighted_fl,10,0.0995222929936305,0,25,None,66,1,5,False,1000,1000
3756,81,unweighted_fl,10,0.0995222929936305,0,25,None,66,1,5,False,1000,1000
3757,82,unweighted_fl,10,0.0995222929936305,0,25,None,66,1,5,False,1000,1000
3758,83,unweighted_fl,10,0.0995222929936305,0,25,None,66,1,5,False,1000,1000
3759,84,unweighted_fl,10,0.0995222929936305,0,25,None,66,1,5,False,1000,1000
3760,80,unweighted_fl,10,0.0995222929936305,0,26,None,66,1,5,False,1000,1000
3761,81,unweighted_fl,10,0.0995222929936305,0,26,None,66,1,5,False,1000,1000
3762,82,unweighted_fl,10,0.0995222929936305,0,26,None,66,1,5,False,1000,1000
3763,83,unweighted_fl,10,0.0995222929936305,0,26,None,66,1,5,False,1000,1000
3764,84,unweighted_fl,10,0.0995222929936305,0,26,None,66,1,5,False,1000,1000
3765,80,unweighted_fl,10,0.0995222929936305,0,27,None,66,1,5,False,1000,1000
3766,81,unweighted_fl,10,0.0995222929936305,0,27,None,66,1,5,False,1000,1000
3767,82,unweighted_fl,10,0.0995222929936305,0,27,None,66,1,5,False,1000,1000
3768,83,unweighted_fl,10,0.0995222929936305,0,27,None,66,1,5,False,1000,1000
3769,84,unweighted_fl,10,0.0995222929936305,0,27,None,66,1,5,False,1000,1000
3770,80,unweighted_fl,10,0.0995222929936305,0,29,None,66,1,5,False,1000,1000
3771,81,unweighted_fl,10,0.0995222929936305,0,29,None,66,1,5,False,1000,1000
3772,82,unweighted_fl,10,0.0995222929936305,0,29,None,66,1,5,False,1000,1000
3773,83,unweighted_fl,10,0.0995222929936305,0,29,None,66,1,5,False,1000,1000
3774,84,unweighted_fl,10,0.0995222929936305,0,29,None,66,1,5,False,1000,1000
3775,80,unweighted_fl,10,0.0995222929936305,0,30,None,66,1,5,False,1000,1000
3776,81,unweighted_fl,10,0.0995222929936305,0,30,None,66,1,5,False,1000,1000
3777,82,unweighted_fl,10,0.0995222929936305,0,30,None,66,1,5,False,1000,1000
3778,83,unweighted_fl,10,0.0995222929936305,0,30,None,66,1,5,False,1000,1000
3779,84,unweighted_fl,10,0.0995222929936305,0,30,None,66,1,5,False,1000,1000
3780,80,unweighted_fl,10,0.0995222929936305,0,31,None,66,1,5,False,1000,1000
3781,81,unweighted_fl,10,0.0995222929936305,0,31,None,66,1,5,False,1000,1000
3782,82,unweighted_fl,10,0.0995222929936305,0,31,None,66,1,5,False,1000,1000
3783,83,unweighted_fl,10,0.0995222929936305,0,31,None,66,1,5,False,1000,1000
3784,84,unweighted_fl,10,0.0995222929936305,0,31,None,66,1,5,False,1000,1000
3785,80,unweighted_fl,10,0.0995222929936305,0,28,None,66,1,5,False,1000,1000
3786,81,unweighted_fl,10,0.0995222929936305,0,28,None,66,1,5,False,1000,1000
3787,82,unweighted_fl,10,0.0995222929936305,0,28,None,66,1,5,False,1000,1000
3788,83,unweighted_fl,10,0.0995222929936305,0,28,None,66,1,5,False,1000,1000
3789,84,unweighted_fl,10,0.0995222929936305,0,28,None,66,1,5,False,1000,1000
3790,80,unweighted_fl,10,0.0995222929936305,0,32,None,66,1,5,False,1000,1000
3791,81,unweighted_fl,10,0.0995222929936305,0,32,None,66,1,5,False,1000,1000
3792,82,unweighted_fl,10,0.1750597133757961,0,32,None,66,1,5,False,1000,1000
3793,83,unweighted_fl,10,0.0995222929936305,0,32,None,66,1,5,False,1000,1000
3794,84,unweighted_fl,10,0.0995222929936305,0,32,None,66,1,5,False,1000,1000
3795,85,unweighted_fl,10,0.1456011146496815,0,1,None,66,1,5,False,1000,1000
3796,86,unweighted_fl,10,0.0995222929936305,0,1,None,66,1,5,False,1000,1000
3797,87,unweighted_fl,10,0.0995222929936305,0,1,None,66,1,5,False,1000,1000
3798,88,unweighted_fl,10,0.0995222929936305,0,1,None,66,1,5,False,1000,1000
3799,89,unweighted_fl,10,0.0995222929936305,0,1,None,66,1,5,False,1000,1000
3800,85,unweighted_fl,10,0.0995222929936305,0,2,None,66,1,5,False,1000,1000
3801,86,unweighted_fl,10,0.0995222929936305,0,2,None,66,1,5,False,1000,1000
3802,87,unweighted_fl,10,0.1008160828025477,0,2,None,66,1,5,False,1000,1000
3803,88,unweighted_fl,10,0.0995222929936305,0,2,None,66,1,5,False,1000,1000
3804,89,unweighted_fl,10,0.0995222929936305,0,2,None,66,1,5,False,1000,1000
3805,85,unweighted_fl,10,0.0995222929936305,0,3,None,66,1,5,False,1000,1000
3806,86,unweighted_fl,10,0.0995222929936305,0,3,None,66,1,5,False,1000,1000
3807,87,unweighted_fl,10,0.1412221337579617,0,3,None,66,1,5,False,1000,1000
3808,88,unweighted_fl,10,0.0995222929936305,0,3,None,66,1,5,False,1000,1000
3809,89,unweighted_fl,10,0.0995222929936305,0,3,None,66,1,5,False,1000,1000
3810,85,unweighted_fl,10,0.0995222929936305,0,0,None,66,1,5,False,1000,1000
3811,86,unweighted_fl,10,0.0995222929936305,0,0,None,66,1,5,False,1000,1000
3812,87,unweighted_fl,10,0.0995222929936305,0,0,None,66,1,5,False,1000,1000
3813,88,unweighted_fl,10,0.0995222929936305,0,0,None,66,1,5,False,1000,1000
3814,89,unweighted_fl,10,0.0995222929936305,0,0,None,66,1,5,False,1000,1000
3815,85,unweighted_fl,10,0.0995222929936305,0,4,None,66,1,5,False,1000,1000
3816,86,unweighted_fl,10,0.0995222929936305,0,4,None,66,1,5,False,1000,1000
3817,87,unweighted_fl,10,0.0995222929936305,0,4,None,66,1,5,False,1000,1000
3818,88,unweighted_fl,10,0.0995222929936305,0,4,None,66,1,5,False,1000,1000
3819,89,unweighted_fl,10,0.0995222929936305,0,4,None,66,1,5,False,1000,1000
3820,85,unweighted_fl,10,0.0995222929936305,0,5,None,66,1,5,False,1000,1000
3821,86,unweighted_fl,10,0.0995222929936305,0,5,None,66,1,5,False,1000,1000
3822,87,unweighted_fl,10,0.0995222929936305,0,5,None,66,1,5,False,1000,1000
3823,88,unweighted_fl,10,0.1668988853503184,0,5,None,66,1,5,False,1000,1000
3824,89,unweighted_fl,10,0.1484872611464968,0,5,None,66,1,5,False,1000,1000
3825,85,unweighted_fl,10,0.0995222929936305,0,6,None,66,1,5,False,1000,1000
3826,86,unweighted_fl,10,0.0995222929936305,0,6,None,66,1,5,False,1000,1000
3827,87,unweighted_fl,10,0.0995222929936305,0,6,None,66,1,5,False,1000,1000
3828,88,unweighted_fl,10,0.0995222929936305,0,6,None,66,1,5,False,1000,1000
3829,89,unweighted_fl,10,0.0995222929936305,0,6,None,66,1,5,False,1000,1000
3830,85,unweighted_fl,10,0.0995222929936305,0,7,None,66,1,5,False,1000,1000
3831,86,unweighted_fl,10,0.0995222929936305,0,7,None,66,1,5,False,1000,1000
3832,87,unweighted_fl,10,0.0995222929936305,0,7,None,66,1,5,False,1000,1000
3833,88,unweighted_fl,10,0.0995222929936305,0,7,None,66,1,5,False,1000,1000
3834,89,unweighted_fl,10,0.0995222929936305,0,7,None,66,1,5,False,1000,1000
3835,85,unweighted_fl,10,0.0995222929936305,0,8,None,66,1,5,False,1000,1000
3836,86,unweighted_fl,10,0.0995222929936305,0,8,None,66,1,5,False,1000,1000
3837,87,unweighted_fl,10,0.0995222929936305,0,8,None,66,1,5,False,1000,1000
3838,88,unweighted_fl,10,0.0995222929936305,0,8,None,66,1,5,False,1000,1000
3839,89,unweighted_fl,10,0.0995222929936305,0,8,None,66,1,5,False,1000,1000
3840,85,unweighted_fl,10,0.0995222929936305,0,10,None,66,1,5,False,1000,1000
3841,86,unweighted_fl,10,0.0995222929936305,0,10,None,66,1,5,False,1000,1000
3842,87,unweighted_fl,10,0.0995222929936305,0,10,None,66,1,5,False,1000,1000
3843,88,unweighted_fl,10,0.0995222929936305,0,10,None,66,1,5,False,1000,1000
3844,89,unweighted_fl,10,0.0995222929936305,0,10,None,66,1,5,False,1000,1000
3845,85,unweighted_fl,10,0.0995222929936305,0,11,None,66,1,5,False,1000,1000
3846,86,unweighted_fl,10,0.0995222929936305,0,11,None,66,1,5,False,1000,1000
3847,87,unweighted_fl,10,0.0995222929936305,0,11,None,66,1,5,False,1000,1000
3848,88,unweighted_fl,10,0.0995222929936305,0,11,None,66,1,5,False,1000,1000
3849,89,unweighted_fl,10,0.1087778662420382,0,11,None,66,1,5,False,1000,1000
3850,85,unweighted_fl,10,0.0995222929936305,0,9,None,66,1,5,False,1000,1000
3851,86,unweighted_fl,10,0.0995222929936305,0,9,None,66,1,5,False,1000,1000
3852,87,unweighted_fl,10,0.0995222929936305,0,9,None,66,1,5,False,1000,1000
3853,88,unweighted_fl,10,0.0995222929936305,0,9,None,66,1,5,False,1000,1000
3854,89,unweighted_fl,10,0.0995222929936305,0,9,None,66,1,5,False,1000,1000
3855,85,unweighted_fl,10,0.0995222929936305,0,12,None,66,1,5,False,1000,1000
3856,86,unweighted_fl,10,0.0995222929936305,0,12,None,66,1,5,False,1000,1000
3857,87,unweighted_fl,10,0.0995222929936305,0,12,None,66,1,5,False,1000,1000
3858,88,unweighted_fl,10,0.0995222929936305,0,12,None,66,1,5,False,1000,1000
3859,89,unweighted_fl,10,0.0995222929936305,0,12,None,66,1,5,False,1000,1000
3860,85,unweighted_fl,10,0.0995222929936305,0,14,None,66,1,5,False,1000,1000
3861,86,unweighted_fl,10,0.0995222929936305,0,14,None,66,1,5,False,1000,1000
3862,87,unweighted_fl,10,0.1720740445859872,0,14,None,66,1,5,False,1000,1000
3863,88,unweighted_fl,10,0.0996218152866242,0,14,None,66,1,5,False,1000,1000
3864,89,unweighted_fl,10,0.0995222929936305,0,14,None,66,1,5,False,1000,1000
3865,85,unweighted_fl,10,0.0995222929936305,0,13,None,66,1,5,False,1000,1000
3866,86,unweighted_fl,10,0.0995222929936305,0,13,None,66,1,5,False,1000,1000
3867,87,unweighted_fl,10,0.1440087579617834,0,13,None,66,1,5,False,1000,1000
3868,88,unweighted_fl,10,0.0995222929936305,0,13,None,66,1,5,False,1000,1000
3869,89,unweighted_fl,10,0.0995222929936305,0,13,None,66,1,5,False,1000,1000
3870,85,unweighted_fl,10,0.0995222929936305,0,15,None,66,1,5,False,1000,1000
3871,86,unweighted_fl,10,0.0995222929936305,0,15,None,66,1,5,False,1000,1000
3872,87,unweighted_fl,10,0.0995222929936305,0,15,None,66,1,5,False,1000,1000
3873,88,unweighted_fl,10,0.0995222929936305,0,15,None,66,1,5,False,1000,1000
3874,89,unweighted_fl,10,0.1917794585987261,0,15,None,66,1,5,False,1000,1000
3875,85,unweighted_fl,10,0.0995222929936305,0,17,None,66,1,5,False,1000,1000
3876,86,unweighted_fl,10,0.0995222929936305,0,17,None,66,1,5,False,1000,1000
3877,87,unweighted_fl,10,0.0995222929936305,0,17,None,66,1,5,False,1000,1000
3878,88,unweighted_fl,10,0.0995222929936305,0,17,None,66,1,5,False,1000,1000
3879,89,unweighted_fl,10,0.0995222929936305,0,17,None,66,1,5,False,1000,1000
3880,85,unweighted_fl,10,0.0995222929936305,0,16,None,66,1,5,False,1000,1000
3881,86,unweighted_fl,10,0.0995222929936305,0,16,None,66,1,5,False,1000,1000
3882,87,unweighted_fl,10,0.0998208598726114,0,16,None,66,1,5,False,1000,1000
3883,88,unweighted_fl,10,0.190187101910828,0,16,None,66,1,5,False,1000,1000
3884,89,unweighted_fl,10,0.1487858280254777,0,16,None,66,1,5,False,1000,1000
3885,85,unweighted_fl,10,0.0995222929936305,0,18,None,66,1,5,False,1000,1000
3886,86,unweighted_fl,10,0.0995222929936305,0,18,None,66,1,5,False,1000,1000
3887,87,unweighted_fl,10,0.0995222929936305,0,18,None,66,1,5,False,1000,1000
3888,88,unweighted_fl,10,0.0995222929936305,0,18,None,66,1,5,False,1000,1000
3889,89,unweighted_fl,10,0.0995222929936305,0,18,None,66,1,5,False,1000,1000
3890,85,unweighted_fl,10,0.0995222929936305,0,20,None,66,1,5,False,1000,1000
3891,86,unweighted_fl,10,0.0995222929936305,0,20,None,66,1,5,False,1000,1000
3892,87,unweighted_fl,10,0.0995222929936305,0,20,None,66,1,5,False,1000,1000
3893,88,unweighted_fl,10,0.0995222929936305,0,20,None,66,1,5,False,1000,1000
3894,89,unweighted_fl,10,0.0995222929936305,0,20,None,66,1,5,False,1000,1000
3895,85,unweighted_fl,10,0.0995222929936305,0,19,None,66,1,5,False,1000,1000
3896,86,unweighted_fl,10,0.0995222929936305,0,19,None,66,1,5,False,1000,1000
3897,87,unweighted_fl,10,0.0995222929936305,0,19,None,66,1,5,False,1000,1000
3898,88,unweighted_fl,10,0.0995222929936305,0,19,None,66,1,5,False,1000,1000
3899,89,unweighted_fl,10,0.1377388535031847,0,19,None,66,1,5,False,1000,1000
3900,85,unweighted_fl,10,0.0995222929936305,0,21,None,66,1,5,False,1000,1000
3901,86,unweighted_fl,10,0.0995222929936305,0,21,None,66,1,5,False,1000,1000
3902,87,unweighted_fl,10,0.0995222929936305,0,21,None,66,1,5,False,1000,1000
3903,88,unweighted_fl,10,0.0995222929936305,0,21,None,66,1,5,False,1000,1000
3904,89,unweighted_fl,10,0.0995222929936305,0,21,None,66,1,5,False,1000,1000
3905,85,unweighted_fl,10,0.0995222929936305,0,23,None,66,1,5,False,1000,1000
3906,86,unweighted_fl,10,0.0995222929936305,0,23,None,66,1,5,False,1000,1000
3907,87,unweighted_fl,10,0.0995222929936305,0,23,None,66,1,5,False,1000,1000
3908,88,unweighted_fl,10,0.0995222929936305,0,23,None,66,1,5,False,1000,1000
3909,89,unweighted_fl,10,0.1158439490445859,0,23,None,66,1,5,False,1000,1000
3910,85,unweighted_fl,10,0.0995222929936305,0,22,None,66,1,5,False,1000,1000
3911,86,unweighted_fl,10,0.0995222929936305,0,22,None,66,1,5,False,1000,1000
3912,87,unweighted_fl,10,0.0995222929936305,0,22,None,66,1,5,False,1000,1000
3913,88,unweighted_fl,10,0.0995222929936305,0,22,None,66,1,5,False,1000,1000
3914,89,unweighted_fl,10,0.0995222929936305,0,22,None,66,1,5,False,1000,1000
3915,85,unweighted_fl,10,0.0995222929936305,0,24,None,66,1,5,False,1000,1000
3916,86,unweighted_fl,10,0.0995222929936305,0,24,None,66,1,5,False,1000,1000
3917,87,unweighted_fl,10,0.0995222929936305,0,24,None,66,1,5,False,1000,1000
3918,88,unweighted_fl,10,0.0995222929936305,0,24,None,66,1,5,False,1000,1000
3919,89,unweighted_fl,10,0.0995222929936305,0,24,None,66,1,5,False,1000,1000
3920,85,unweighted_fl,10,0.0995222929936305,0,26,None,66,1,5,False,1000,1000
3921,86,unweighted_fl,10,0.0995222929936305,0,26,None,66,1,5,False,1000,1000
3922,87,unweighted_fl,10,0.0995222929936305,0,26,None,66,1,5,False,1000,1000
3923,88,unweighted_fl,10,0.0995222929936305,0,26,None,66,1,5,False,1000,1000
3924,89,unweighted_fl,10,0.0995222929936305,0,26,None,66,1,5,False,1000,1000
3925,85,unweighted_fl,10,0.0995222929936305,0,25,None,66,1,5,False,1000,1000
3926,86,unweighted_fl,10,0.0995222929936305,0,25,None,66,1,5,False,1000,1000
3927,87,unweighted_fl,10,0.0995222929936305,0,25,None,66,1,5,False,1000,1000
3928,88,unweighted_fl,10,0.0995222929936305,0,25,None,66,1,5,False,1000,1000
3929,89,unweighted_fl,10,0.0995222929936305,0,25,None,66,1,5,False,1000,1000
3930,85,unweighted_fl,10,0.0995222929936305,0,27,None,66,1,5,False,1000,1000
3931,86,unweighted_fl,10,0.0995222929936305,0,27,None,66,1,5,False,1000,1000
3932,87,unweighted_fl,10,0.0995222929936305,0,27,None,66,1,5,False,1000,1000
3933,88,unweighted_fl,10,0.0995222929936305,0,27,None,66,1,5,False,1000,1000
3934,89,unweighted_fl,10,0.0995222929936305,0,27,None,66,1,5,False,1000,1000
3935,85,unweighted_fl,10,0.0995222929936305,0,29,None,66,1,5,False,1000,1000
3936,86,unweighted_fl,10,0.0995222929936305,0,29,None,66,1,5,False,1000,1000
3937,87,unweighted_fl,10,0.0995222929936305,0,29,None,66,1,5,False,1000,1000
3938,88,unweighted_fl,10,0.0995222929936305,0,29,None,66,1,5,False,1000,1000
3939,89,unweighted_fl,10,0.0995222929936305,0,29,None,66,1,5,False,1000,1000
3940,85,unweighted_fl,10,0.0995222929936305,0,30,None,66,1,5,False,1000,1000
3941,86,unweighted_fl,10,0.0995222929936305,0,30,None,66,1,5,False,1000,1000
3942,87,unweighted_fl,10,0.0995222929936305,0,30,None,66,1,5,False,1000,1000
3943,88,unweighted_fl,10,0.0995222929936305,0,30,None,66,1,5,False,1000,1000
3944,89,unweighted_fl,10,0.0995222929936305,0,30,None,66,1,5,False,1000,1000
3945,85,unweighted_fl,10,0.0995222929936305,0,28,None,66,1,5,False,1000,1000
3946,86,unweighted_fl,10,0.0995222929936305,0,28,None,66,1,5,False,1000,1000
3947,87,unweighted_fl,10,0.0995222929936305,0,28,None,66,1,5,False,1000,1000
3948,88,unweighted_fl,10,0.0995222929936305,0,28,None,66,1,5,False,1000,1000
3949,89,unweighted_fl,10,0.0995222929936305,0,28,None,66,1,5,False,1000,1000
3950,85,unweighted_fl,10,0.0995222929936305,0,31,None,66,1,5,False,1000,1000
3951,86,unweighted_fl,10,0.0995222929936305,0,31,None,66,1,5,False,1000,1000
3952,87,unweighted_fl,10,0.0995222929936305,0,31,None,66,1,5,False,1000,1000
3953,88,unweighted_fl,10,0.0995222929936305,0,31,None,66,1,5,False,1000,1000
3954,89,unweighted_fl,10,0.0995222929936305,0,31,None,66,1,5,False,1000,1000
3955,85,unweighted_fl,10,0.0995222929936305,0,32,None,66,1,5,False,1000,1000
3956,86,unweighted_fl,10,0.0995222929936305,0,32,None,66,1,5,False,1000,1000
3957,87,unweighted_fl,10,0.1473925159235669,0,32,None,66,1,5,False,1000,1000
3958,88,unweighted_fl,10,0.0995222929936305,0,32,None,66,1,5,False,1000,1000
3959,89,unweighted_fl,10,0.0995222929936305,0,32,None,66,1,5,False,1000,1000
3960,90,unweighted_fl,10,0.0995222929936305,0,0,None,66,1,5,False,1000,1000
3961,91,unweighted_fl,10,0.0995222929936305,0,0,None,66,1,5,False,1000,1000
3962,92,unweighted_fl,10,0.0995222929936305,0,0,None,66,1,5,False,1000,1000
3963,93,unweighted_fl,10,0.0995222929936305,0,0,None,66,1,5,False,1000,1000
3964,94,unweighted_fl,10,0.0995222929936305,0,0,None,66,1,5,False,1000,1000
3965,90,unweighted_fl,10,0.0995222929936305,0,2,None,66,1,5,False,1000,1000
3966,91,unweighted_fl,10,0.0995222929936305,0,2,None,66,1,5,False,1000,1000
3967,92,unweighted_fl,10,0.1332603503184713,0,2,None,66,1,5,False,1000,1000
3968,93,unweighted_fl,10,0.0995222929936305,0,2,None,66,1,5,False,1000,1000
3969,94,unweighted_fl,10,0.0995222929936305,0,2,None,66,1,5,False,1000,1000
3970,90,unweighted_fl,10,0.1594347133757961,0,1,None,66,1,5,False,1000,1000
3971,91,unweighted_fl,10,0.0995222929936305,0,1,None,66,1,5,False,1000,1000
3972,92,unweighted_fl,10,0.0995222929936305,0,1,None,66,1,5,False,1000,1000
3973,93,unweighted_fl,10,0.0995222929936305,0,1,None,66,1,5,False,1000,1000
3974,94,unweighted_fl,10,0.0995222929936305,0,1,None,66,1,5,False,1000,1000
3975,90,unweighted_fl,10,0.0995222929936305,0,3,None,66,1,5,False,1000,1000
3976,91,unweighted_fl,10,0.0995222929936305,0,3,None,66,1,5,False,1000,1000
3977,92,unweighted_fl,10,0.1461982484076433,0,3,None,66,1,5,False,1000,1000
3978,93,unweighted_fl,10,0.0995222929936305,0,3,None,66,1,5,False,1000,1000
3979,94,unweighted_fl,10,0.0995222929936305,0,3,None,66,1,5,False,1000,1000
3980,90,unweighted_fl,10,0.0995222929936305,0,5,None,66,1,5,False,1000,1000
3981,91,unweighted_fl,10,0.0995222929936305,0,5,None,66,1,5,False,1000,1000
3982,92,unweighted_fl,10,0.0995222929936305,0,5,None,66,1,5,False,1000,1000
3983,93,unweighted_fl,10,0.1454020700636942,0,5,None,66,1,5,False,1000,1000
3984,94,unweighted_fl,10,0.1121616242038216,0,5,None,66,1,5,False,1000,1000
3985,90,unweighted_fl,10,0.0995222929936305,0,4,None,66,1,5,False,1000,1000
3986,91,unweighted_fl,10,0.0995222929936305,0,4,None,66,1,5,False,1000,1000
3987,92,unweighted_fl,10,0.0995222929936305,0,4,None,66,1,5,False,1000,1000
3988,93,unweighted_fl,10,0.0995222929936305,0,4,None,66,1,5,False,1000,1000
3989,94,unweighted_fl,10,0.0995222929936305,0,4,None,66,1,5,False,1000,1000
3990,90,unweighted_fl,10,0.0995222929936305,0,6,None,66,1,5,False,1000,1000
3991,91,unweighted_fl,10,0.0995222929936305,0,6,None,66,1,5,False,1000,1000
3992,92,unweighted_fl,10,0.0995222929936305,0,6,None,66,1,5,False,1000,1000
3993,93,unweighted_fl,10,0.0995222929936305,0,6,None,66,1,5,False,1000,1000
3994,94,unweighted_fl,10,0.0995222929936305,0,6,None,66,1,5,False,1000,1000
3995,90,unweighted_fl,10,0.0995222929936305,0,8,None,66,1,5,False,1000,1000
3996,91,unweighted_fl,10,0.0995222929936305,0,8,None,66,1,5,False,1000,1000
3997,92,unweighted_fl,10,0.0995222929936305,0,8,None,66,1,5,False,1000,1000
3998,93,unweighted_fl,10,0.0995222929936305,0,8,None,66,1,5,False,1000,1000
3999,94,unweighted_fl,10,0.0995222929936305,0,8,None,66,1,5,False,1000,1000
4000,90,unweighted_fl,10,0.0995222929936305,0,9,None,66,1,5,False,1000,1000
4001,91,unweighted_fl,10,0.0995222929936305,0,9,None,66,1,5,False,1000,1000
4002,92,unweighted_fl,10,0.0995222929936305,0,9,None,66,1,5,False,1000,1000
4003,93,unweighted_fl,10,0.0995222929936305,0,9,None,66,1,5,False,1000,1000
4004,94,unweighted_fl,10,0.0995222929936305,0,9,None,66,1,5,False,1000,1000
4005,90,unweighted_fl,10,0.0995222929936305,0,7,None,66,1,5,False,1000,1000
4006,91,unweighted_fl,10,0.0995222929936305,0,7,None,66,1,5,False,1000,1000
4007,92,unweighted_fl,10,0.0995222929936305,0,7,None,66,1,5,False,1000,1000
4008,93,unweighted_fl,10,0.0995222929936305,0,7,None,66,1,5,False,1000,1000
4009,94,unweighted_fl,10,0.0995222929936305,0,7,None,66,1,5,False,1000,1000
4010,90,unweighted_fl,10,0.0995222929936305,0,10,None,66,1,5,False,1000,1000
4011,91,unweighted_fl,10,0.0995222929936305,0,10,None,66,1,5,False,1000,1000
4012,92,unweighted_fl,10,0.0995222929936305,0,10,None,66,1,5,False,1000,1000
4013,93,unweighted_fl,10,0.0995222929936305,0,10,None,66,1,5,False,1000,1000
4014,94,unweighted_fl,10,0.0995222929936305,0,10,None,66,1,5,False,1000,1000
4015,90,unweighted_fl,10,0.0995222929936305,0,12,None,66,1,5,False,1000,1000
4016,91,unweighted_fl,10,0.0995222929936305,0,12,None,66,1,5,False,1000,1000
4017,92,unweighted_fl,10,0.0995222929936305,0,12,None,66,1,5,False,1000,1000
4018,93,unweighted_fl,10,0.0995222929936305,0,12,None,66,1,5,False,1000,1000
4019,94,unweighted_fl,10,0.0995222929936305,0,12,None,66,1,5,False,1000,1000
4020,90,unweighted_fl,10,0.0995222929936305,0,11,None,66,1,5,False,1000,1000
4021,91,unweighted_fl,10,0.0995222929936305,0,11,None,66,1,5,False,1000,1000
4022,92,unweighted_fl,10,0.0995222929936305,0,11,None,66,1,5,False,1000,1000
4023,93,unweighted_fl,10,0.0995222929936305,0,11,None,66,1,5,False,1000,1000
4024,94,unweighted_fl,10,0.1283837579617834,0,11,None,66,1,5,False,1000,1000
4025,90,unweighted_fl,10,0.0995222929936305,0,13,None,66,1,5,False,1000,1000
4026,91,unweighted_fl,10,0.0995222929936305,0,13,None,66,1,5,False,1000,1000
4027,92,unweighted_fl,10,0.0995222929936305,0,13,None,66,1,5,False,1000,1000
4028,93,unweighted_fl,10,0.1027070063694267,0,13,None,66,1,5,False,1000,1000
4029,94,unweighted_fl,10,0.0995222929936305,0,13,None,66,1,5,False,1000,1000
4030,90,unweighted_fl,10,0.0995222929936305,0,15,None,66,1,5,False,1000,1000
4031,91,unweighted_fl,10,0.0995222929936305,0,15,None,66,1,5,False,1000,1000
4032,92,unweighted_fl,10,0.0995222929936305,0,15,None,66,1,5,False,1000,1000
4033,93,unweighted_fl,10,0.0995222929936305,0,15,None,66,1,5,False,1000,1000
4034,94,unweighted_fl,10,0.1861066878980891,0,15,None,66,1,5,False,1000,1000
4035,90,unweighted_fl,10,0.0995222929936305,0,16,None,66,1,5,False,1000,1000
4036,91,unweighted_fl,10,0.1129578025477707,0,16,None,66,1,5,False,1000,1000
4037,92,unweighted_fl,10,0.1000199044585987,0,16,None,66,1,5,False,1000,1000
4038,93,unweighted_fl,10,0.1917794585987261,0,16,None,66,1,5,False,1000,1000
4039,94,unweighted_fl,10,0.1665007961783439,0,16,None,66,1,5,False,1000,1000
4040,90,unweighted_fl,10,0.0995222929936305,0,14,None,66,1,5,False,1000,1000
4041,91,unweighted_fl,10,0.0995222929936305,0,14,None,66,1,5,False,1000,1000
4042,92,unweighted_fl,10,0.1803343949044586,0,14,None,66,1,5,False,1000,1000
4043,93,unweighted_fl,10,0.1132563694267515,0,14,None,66,1,5,False,1000,1000
4044,94,unweighted_fl,10,0.0995222929936305,0,14,None,66,1,5,False,1000,1000
4045,90,unweighted_fl,10,0.0995222929936305,0,17,None,66,1,5,False,1000,1000
4046,91,unweighted_fl,10,0.0995222929936305,0,17,None,66,1,5,False,1000,1000
4047,92,unweighted_fl,10,0.0995222929936305,0,17,None,66,1,5,False,1000,1000
4048,93,unweighted_fl,10,0.0995222929936305,0,17,None,66,1,5,False,1000,1000
4049,94,unweighted_fl,10,0.0995222929936305,0,17,None,66,1,5,False,1000,1000
4050,90,unweighted_fl,10,0.0995222929936305,0,19,None,66,1,5,False,1000,1000
4051,91,unweighted_fl,10,0.0995222929936305,0,19,None,66,1,5,False,1000,1000
4052,92,unweighted_fl,10,0.0995222929936305,0,19,None,66,1,5,False,1000,1000
4053,93,unweighted_fl,10,0.0995222929936305,0,19,None,66,1,5,False,1000,1000
4054,94,unweighted_fl,10,0.1273885350318471,0,19,None,66,1,5,False,1000,1000
4055,90,unweighted_fl,10,0.0995222929936305,0,20,None,66,1,5,False,1000,1000
4056,91,unweighted_fl,10,0.0995222929936305,0,20,None,66,1,5,False,1000,1000
4057,92,unweighted_fl,10,0.0995222929936305,0,20,None,66,1,5,False,1000,1000
4058,93,unweighted_fl,10,0.0995222929936305,0,20,None,66,1,5,False,1000,1000
4059,94,unweighted_fl,10,0.0995222929936305,0,20,None,66,1,5,False,1000,1000
4060,90,unweighted_fl,10,0.0995222929936305,0,18,None,66,1,5,False,1000,1000
4061,91,unweighted_fl,10,0.0995222929936305,0,18,None,66,1,5,False,1000,1000
4062,92,unweighted_fl,10,0.0995222929936305,0,18,None,66,1,5,False,1000,1000
4063,93,unweighted_fl,10,0.0995222929936305,0,18,None,66,1,5,False,1000,1000
4064,94,unweighted_fl,10,0.0995222929936305,0,18,None,66,1,5,False,1000,1000
4065,90,unweighted_fl,10,0.0995222929936305,0,21,None,66,1,5,False,1000,1000
4066,91,unweighted_fl,10,0.0995222929936305,0,21,None,66,1,5,False,1000,1000
4067,92,unweighted_fl,10,0.0995222929936305,0,21,None,66,1,5,False,1000,1000
4068,93,unweighted_fl,10,0.0995222929936305,0,21,None,66,1,5,False,1000,1000
4069,94,unweighted_fl,10,0.0995222929936305,0,21,None,66,1,5,False,1000,1000
4070,90,unweighted_fl,10,0.0995222929936305,0,23,None,66,1,5,False,1000,1000
4071,91,unweighted_fl,10,0.0995222929936305,0,23,None,66,1,5,False,1000,1000
4072,92,unweighted_fl,10,0.0995222929936305,0,23,None,66,1,5,False,1000,1000
4073,93,unweighted_fl,10,0.0996218152866242,0,23,None,66,1,5,False,1000,1000
4074,94,unweighted_fl,10,0.1071855095541401,0,23,None,66,1,5,False,1000,1000
4075,90,unweighted_fl,10,0.0995222929936305,0,24,None,66,1,5,False,1000,1000
4076,91,unweighted_fl,10,0.0995222929936305,0,24,None,66,1,5,False,1000,1000
4077,92,unweighted_fl,10,0.0995222929936305,0,24,None,66,1,5,False,1000,1000
4078,93,unweighted_fl,10,0.0995222929936305,0,24,None,66,1,5,False,1000,1000
4079,94,unweighted_fl,10,0.0995222929936305,0,24,None,66,1,5,False,1000,1000
4080,90,unweighted_fl,10,0.0995222929936305,0,22,None,66,1,5,False,1000,1000
4081,91,unweighted_fl,10,0.0995222929936305,0,22,None,66,1,5,False,1000,1000
4082,92,unweighted_fl,10,0.0995222929936305,0,22,None,66,1,5,False,1000,1000
4083,93,unweighted_fl,10,0.0995222929936305,0,22,None,66,1,5,False,1000,1000
4084,94,unweighted_fl,10,0.0995222929936305,0,22,None,66,1,5,False,1000,1000
4085,90,unweighted_fl,10,0.0995222929936305,0,25,None,66,1,5,False,1000,1000
4086,91,unweighted_fl,10,0.0995222929936305,0,25,None,66,1,5,False,1000,1000
4087,92,unweighted_fl,10,0.0995222929936305,0,25,None,66,1,5,False,1000,1000
4088,93,unweighted_fl,10,0.0995222929936305,0,25,None,66,1,5,False,1000,1000
4089,94,unweighted_fl,10,0.0995222929936305,0,25,None,66,1,5,False,1000,1000
4090,90,unweighted_fl,10,0.0995222929936305,0,27,None,66,1,5,False,1000,1000
4091,91,unweighted_fl,10,0.0995222929936305,0,27,None,66,1,5,False,1000,1000
4092,92,unweighted_fl,10,0.0995222929936305,0,27,None,66,1,5,False,1000,1000
4093,93,unweighted_fl,10,0.0995222929936305,0,27,None,66,1,5,False,1000,1000
4094,94,unweighted_fl,10,0.0995222929936305,0,27,None,66,1,5,False,1000,1000
4095,90,unweighted_fl,10,0.0995222929936305,0,28,None,66,1,5,False,1000,1000
4096,91,unweighted_fl,10,0.0995222929936305,0,28,None,66,1,5,False,1000,1000
4097,92,unweighted_fl,10,0.0995222929936305,0,28,None,66,1,5,False,1000,1000
4098,93,unweighted_fl,10,0.0995222929936305,0,28,None,66,1,5,False,1000,1000
4099,94,unweighted_fl,10,0.0995222929936305,0,28,None,66,1,5,False,1000,1000
4100,90,unweighted_fl,10,0.0995222929936305,0,26,None,66,1,5,False,1000,1000
4101,91,unweighted_fl,10,0.0995222929936305,0,26,None,66,1,5,False,1000,1000
4102,92,unweighted_fl,10,0.0995222929936305,0,26,None,66,1,5,False,1000,1000
4103,93,unweighted_fl,10,0.0995222929936305,0,26,None,66,1,5,False,1000,1000
4104,94,unweighted_fl,10,0.0995222929936305,0,26,None,66,1,5,False,1000,1000
4105,90,unweighted_fl,10,0.0995222929936305,0,29,None,66,1,5,False,1000,1000
4106,91,unweighted_fl,10,0.0995222929936305,0,29,None,66,1,5,False,1000,1000
4107,92,unweighted_fl,10,0.0995222929936305,0,29,None,66,1,5,False,1000,1000
4108,93,unweighted_fl,10,0.0995222929936305,0,29,None,66,1,5,False,1000,1000
4109,94,unweighted_fl,10,0.0995222929936305,0,29,None,66,1,5,False,1000,1000
4110,90,unweighted_fl,10,0.0995222929936305,0,30,None,66,1,5,False,1000,1000
4111,91,unweighted_fl,10,0.0995222929936305,0,30,None,66,1,5,False,1000,1000
4112,92,unweighted_fl,10,0.0995222929936305,0,30,None,66,1,5,False,1000,1000
4113,93,unweighted_fl,10,0.0995222929936305,0,30,None,66,1,5,False,1000,1000
4114,94,unweighted_fl,10,0.0995222929936305,0,30,None,66,1,5,False,1000,1000
4115,90,unweighted_fl,10,0.0995222929936305,0,31,None,66,1,5,False,1000,1000
4116,91,unweighted_fl,10,0.0995222929936305,0,31,None,66,1,5,False,1000,1000
4117,92,unweighted_fl,10,0.0995222929936305,0,31,None,66,1,5,False,1000,1000
4118,93,unweighted_fl,10,0.0995222929936305,0,31,None,66,1,5,False,1000,1000
4119,94,unweighted_fl,10,0.0995222929936305,0,31,None,66,1,5,False,1000,1000
4120,90,unweighted_fl,10,0.0995222929936305,0,32,None,66,1,5,False,1000,1000
4121,91,unweighted_fl,10,0.0995222929936305,0,32,None,66,1,5,False,1000,1000
4122,92,unweighted_fl,10,0.0995222929936305,0,32,None,66,1,5,False,1000,1000
4123,93,unweighted_fl,10,0.1194267515923566,0,32,None,66,1,5,False,1000,1000
4124,94,unweighted_fl,10,0.0995222929936305,0,32,None,66,1,5,False,1000,1000
4125,95,unweighted_fl,10,0.0995222929936305,0,0,None,66,1,5,False,1000,1000
4126,96,unweighted_fl,10,0.0995222929936305,0,0,None,66,1,5,False,1000,1000
4127,97,unweighted_fl,10,0.0995222929936305,0,0,None,66,1,5,False,1000,1000
4128,98,unweighted_fl,10,0.0995222929936305,0,0,None,66,1,5,False,1000,1000
4129,99,unweighted_fl,10,0.0995222929936305,0,0,None,66,1,5,False,1000,1000
4130,95,unweighted_fl,10,0.1694864649681528,0,1,None,66,1,5,False,1000,1000
4131,96,unweighted_fl,10,0.0995222929936305,0,1,None,66,1,5,False,1000,1000
4132,97,unweighted_fl,10,0.0995222929936305,0,1,None,66,1,5,False,1000,1000
4133,98,unweighted_fl,10,0.0995222929936305,0,1,None,66,1,5,False,1000,1000
4134,99,unweighted_fl,10,0.0995222929936305,0,1,None,66,1,5,False,1000,1000
4135,95,unweighted_fl,10,0.0995222929936305,0,2,None,66,1,5,False,1000,1000
4136,96,unweighted_fl,10,0.0995222929936305,0,2,None,66,1,5,False,1000,1000
4137,97,unweighted_fl,10,0.1321656050955414,0,2,None,66,1,5,False,1000,1000
4138,98,unweighted_fl,10,0.0995222929936305,0,2,None,66,1,5,False,1000,1000
4139,99,unweighted_fl,10,0.0995222929936305,0,2,None,66,1,5,False,1000,1000
4140,95,unweighted_fl,10,0.0995222929936305,0,4,None,66,1,5,False,1000,1000
4141,96,unweighted_fl,10,0.0995222929936305,0,4,None,66,1,5,False,1000,1000
4142,97,unweighted_fl,10,0.0995222929936305,0,4,None,66,1,5,False,1000,1000
4143,98,unweighted_fl,10,0.0995222929936305,0,4,None,66,1,5,False,1000,1000
4144,99,unweighted_fl,10,0.0995222929936305,0,4,None,66,1,5,False,1000,1000
4145,95,unweighted_fl,10,0.0995222929936305,0,3,None,66,1,5,False,1000,1000
4146,96,unweighted_fl,10,0.0995222929936305,0,3,None,66,1,5,False,1000,1000
4147,97,unweighted_fl,10,0.1797372611464968,0,3,None,66,1,5,False,1000,1000
4148,98,unweighted_fl,10,0.0995222929936305,0,3,None,66,1,5,False,1000,1000
4149,99,unweighted_fl,10,0.0995222929936305,0,3,None,66,1,5,False,1000,1000
4150,95,unweighted_fl,10,0.0995222929936305,0,5,None,66,1,5,False,1000,1000
4151,96,unweighted_fl,10,0.0995222929936305,0,5,None,66,1,5,False,1000,1000
4152,97,unweighted_fl,10,0.0995222929936305,0,5,None,66,1,5,False,1000,1000
4153,98,unweighted_fl,10,0.2026273885350318,0,5,None,66,1,5,False,1000,1000
4154,99,unweighted_fl,10,0.1298765923566879,0,5,None,66,1,5,False,1000,1000
4155,95,unweighted_fl,10,0.0995222929936305,0,6,None,66,1,5,False,1000,1000
4156,96,unweighted_fl,10,0.0995222929936305,0,6,None,66,1,5,False,1000,1000
4157,97,unweighted_fl,10,0.0995222929936305,0,6,None,66,1,5,False,1000,1000
4158,98,unweighted_fl,10,0.0995222929936305,0,6,None,66,1,5,False,1000,1000
4159,99,unweighted_fl,10,0.0995222929936305,0,6,None,66,1,5,False,1000,1000
4160,95,unweighted_fl,10,0.0995222929936305,0,7,None,66,1,5,False,1000,1000
4161,96,unweighted_fl,10,0.0995222929936305,0,7,None,66,1,5,False,1000,1000
4162,97,unweighted_fl,10,0.0995222929936305,0,7,None,66,1,5,False,1000,1000
4163,98,unweighted_fl,10,0.0995222929936305,0,7,None,66,1,5,False,1000,1000
4164,99,unweighted_fl,10,0.0995222929936305,0,7,None,66,1,5,False,1000,1000
4165,95,unweighted_fl,10,0.0995222929936305,0,8,None,66,1,5,False,1000,1000
4166,96,unweighted_fl,10,0.0995222929936305,0,8,None,66,1,5,False,1000,1000
4167,97,unweighted_fl,10,0.0995222929936305,0,8,None,66,1,5,False,1000,1000
4168,98,unweighted_fl,10,0.0995222929936305,0,8,None,66,1,5,False,1000,1000
4169,99,unweighted_fl,10,0.1363455414012739,0,8,None,66,1,5,False,1000,1000
4170,95,unweighted_fl,10,0.0995222929936305,0,9,None,66,1,5,False,1000,1000
4171,96,unweighted_fl,10,0.0995222929936305,0,9,None,66,1,5,False,1000,1000
4172,97,unweighted_fl,10,0.0995222929936305,0,9,None,66,1,5,False,1000,1000
4173,98,unweighted_fl,10,0.0995222929936305,0,9,None,66,1,5,False,1000,1000
4174,99,unweighted_fl,10,0.0995222929936305,0,9,None,66,1,5,False,1000,1000
4175,95,unweighted_fl,10,0.0995222929936305,0,11,None,66,1,5,False,1000,1000
4176,96,unweighted_fl,10,0.0995222929936305,0,11,None,66,1,5,False,1000,1000
4177,97,unweighted_fl,10,0.0995222929936305,0,11,None,66,1,5,False,1000,1000
4178,98,unweighted_fl,10,0.0995222929936305,0,11,None,66,1,5,False,1000,1000
4179,99,unweighted_fl,10,0.1340565286624203,0,11,None,66,1,5,False,1000,1000
4180,95,unweighted_fl,10,0.0995222929936305,0,10,None,66,1,5,False,1000,1000
4181,96,unweighted_fl,10,0.0995222929936305,0,10,None,66,1,5,False,1000,1000
4182,97,unweighted_fl,10,0.0995222929936305,0,10,None,66,1,5,False,1000,1000
4183,98,unweighted_fl,10,0.0995222929936305,0,10,None,66,1,5,False,1000,1000
4184,99,unweighted_fl,10,0.0995222929936305,0,10,None,66,1,5,False,1000,1000
4185,95,unweighted_fl,10,0.0995222929936305,0,12,None,66,1,5,False,1000,1000
4186,96,unweighted_fl,10,0.0995222929936305,0,12,None,66,1,5,False,1000,1000
4187,97,unweighted_fl,10,0.0995222929936305,0,12,None,66,1,5,False,1000,1000
4188,98,unweighted_fl,10,0.0995222929936305,0,12,None,66,1,5,False,1000,1000
4189,99,unweighted_fl,10,0.0995222929936305,0,12,None,66,1,5,False,1000,1000
4190,95,unweighted_fl,10,0.0995222929936305,0,13,None,66,1,5,False,1000,1000
4191,96,unweighted_fl,10,0.0995222929936305,0,13,None,66,1,5,False,1000,1000
4192,97,unweighted_fl,10,0.0995222929936305,0,13,None,66,1,5,False,1000,1000
4193,98,unweighted_fl,10,0.143312101910828,0,13,None,66,1,5,False,1000,1000
4194,99,unweighted_fl,10,0.0995222929936305,0,13,None,66,1,5,False,1000,1000
4195,95,unweighted_fl,10,0.0995222929936305,0,14,None,66,1,5,False,1000,1000
4196,96,unweighted_fl,10,0.0995222929936305,0,14,None,66,1,5,False,1000,1000
4197,97,unweighted_fl,10,0.1836186305732484,0,14,None,66,1,5,False,1000,1000
4198,98,unweighted_fl,10,0.1385350318471337,0,14,None,66,1,5,False,1000,1000
4199,99,unweighted_fl,10,0.0995222929936305,0,14,None,66,1,5,False,1000,1000
4200,95,unweighted_fl,10,0.0995222929936305,0,15,None,66,1,5,False,1000,1000
4201,96,unweighted_fl,10,0.0995222929936305,0,15,None,66,1,5,False,1000,1000
4202,97,unweighted_fl,10,0.0995222929936305,0,15,None,66,1,5,False,1000,1000
4203,98,unweighted_fl,10,0.0995222929936305,0,15,None,66,1,5,False,1000,1000
4204,99,unweighted_fl,10,0.1931727707006369,0,15,None,66,1,5,False,1000,1000
4205,95,unweighted_fl,10,0.0995222929936305,0,16,None,66,1,5,False,1000,1000
4206,96,unweighted_fl,10,0.0995222929936305,0,16,None,66,1,5,False,1000,1000
4207,97,unweighted_fl,10,0.0995222929936305,0,16,None,66,1,5,False,1000,1000
4208,98,unweighted_fl,10,0.1944665605095541,0,16,None,66,1,5,False,1000,1000
4209,99,unweighted_fl,10,0.1819267515923567,0,16,None,66,1,5,False,1000,1000
4210,95,unweighted_fl,10,0.0995222929936305,0,18,None,66,1,5,False,1000,1000
4211,96,unweighted_fl,10,0.0995222929936305,0,18,None,66,1,5,False,1000,1000
4212,97,unweighted_fl,10,0.0995222929936305,0,18,None,66,1,5,False,1000,1000
4213,98,unweighted_fl,10,0.0995222929936305,0,18,None,66,1,5,False,1000,1000
4214,99,unweighted_fl,10,0.0995222929936305,0,18,None,66,1,5,False,1000,1000
4215,95,unweighted_fl,10,0.0995222929936305,0,17,None,66,1,5,False,1000,1000
4216,96,unweighted_fl,10,0.0995222929936305,0,17,None,66,1,5,False,1000,1000
4217,97,unweighted_fl,10,0.0995222929936305,0,17,None,66,1,5,False,1000,1000
4218,98,unweighted_fl,10,0.0995222929936305,0,17,None,66,1,5,False,1000,1000
4219,99,unweighted_fl,10,0.0995222929936305,0,17,None,66,1,5,False,1000,1000
4220,95,unweighted_fl,10,0.0995222929936305,0,19,None,66,1,5,False,1000,1000
4221,96,unweighted_fl,10,0.0995222929936305,0,19,None,66,1,5,False,1000,1000
4222,97,unweighted_fl,10,0.0995222929936305,0,19,None,66,1,5,False,1000,1000
4223,98,unweighted_fl,10,0.0995222929936305,0,19,None,66,1,5,False,1000,1000
4224,99,unweighted_fl,10,0.1016122611464968,0,19,None,66,1,5,False,1000,1000
4225,95,unweighted_fl,10,0.0995222929936305,0,20,None,66,1,5,False,1000,1000
4226,96,unweighted_fl,10,0.0995222929936305,0,20,None,66,1,5,False,1000,1000
4227,97,unweighted_fl,10,0.0995222929936305,0,20,None,66,1,5,False,1000,1000
4228,98,unweighted_fl,10,0.0995222929936305,0,20,None,66,1,5,False,1000,1000
4229,99,unweighted_fl,10,0.0995222929936305,0,20,None,66,1,5,False,1000,1000
4230,95,unweighted_fl,10,0.0995222929936305,0,21,None,66,1,5,False,1000,1000
4231,96,unweighted_fl,10,0.0995222929936305,0,21,None,66,1,5,False,1000,1000
4232,97,unweighted_fl,10,0.0995222929936305,0,21,None,66,1,5,False,1000,1000
4233,98,unweighted_fl,10,0.0995222929936305,0,21,None,66,1,5,False,1000,1000
4234,99,unweighted_fl,10,0.0995222929936305,0,21,None,66,1,5,False,1000,1000
4235,95,unweighted_fl,10,0.0995222929936305,0,22,None,66,1,5,False,1000,1000
4236,96,unweighted_fl,10,0.0995222929936305,0,22,None,66,1,5,False,1000,1000
4237,97,unweighted_fl,10,0.0995222929936305,0,22,None,66,1,5,False,1000,1000
4238,98,unweighted_fl,10,0.0995222929936305,0,22,None,66,1,5,False,1000,1000
4239,99,unweighted_fl,10,0.0995222929936305,0,22,None,66,1,5,False,1000,1000
4240,95,unweighted_fl,10,0.0995222929936305,0,23,None,66,1,5,False,1000,1000
4241,96,unweighted_fl,10,0.0995222929936305,0,23,None,66,1,5,False,1000,1000
4242,97,unweighted_fl,10,0.0995222929936305,0,23,None,66,1,5,False,1000,1000
4243,98,unweighted_fl,10,0.1124601910828025,0,23,None,66,1,5,False,1000,1000
4244,99,unweighted_fl,10,0.1014132165605095,0,23,None,66,1,5,False,1000,1000
4245,95,unweighted_fl,10,0.0995222929936305,0,25,None,66,1,5,False,1000,1000
4246,96,unweighted_fl,10,0.0995222929936305,0,25,None,66,1,5,False,1000,1000
4247,97,unweighted_fl,10,0.0995222929936305,0,25,None,66,1,5,False,1000,1000
4248,98,unweighted_fl,10,0.0995222929936305,0,25,None,66,1,5,False,1000,1000
4249,99,unweighted_fl,10,0.0995222929936305,0,25,None,66,1,5,False,1000,1000
4250,95,unweighted_fl,10,0.0995222929936305,0,26,None,66,1,5,False,1000,1000
4251,96,unweighted_fl,10,0.0995222929936305,0,26,None,66,1,5,False,1000,1000
4252,97,unweighted_fl,10,0.0995222929936305,0,26,None,66,1,5,False,1000,1000
4253,98,unweighted_fl,10,0.0995222929936305,0,26,None,66,1,5,False,1000,1000
4254,99,unweighted_fl,10,0.1009156050955414,0,26,None,66,1,5,False,1000,1000
4255,95,unweighted_fl,10,0.0995222929936305,0,24,None,66,1,5,False,1000,1000
4256,96,unweighted_fl,10,0.0995222929936305,0,24,None,66,1,5,False,1000,1000
4257,97,unweighted_fl,10,0.0995222929936305,0,24,None,66,1,5,False,1000,1000
4258,98,unweighted_fl,10,0.0995222929936305,0,24,None,66,1,5,False,1000,1000
4259,99,unweighted_fl,10,0.0995222929936305,0,24,None,66,1,5,False,1000,1000
4260,95,unweighted_fl,10,0.0995222929936305,0,27,None,66,1,5,False,1000,1000
4261,96,unweighted_fl,10,0.0995222929936305,0,27,None,66,1,5,False,1000,1000
4262,97,unweighted_fl,10,0.0995222929936305,0,27,None,66,1,5,False,1000,1000
4263,98,unweighted_fl,10,0.0995222929936305,0,27,None,66,1,5,False,1000,1000
4264,99,unweighted_fl,10,0.0995222929936305,0,27,None,66,1,5,False,1000,1000
4265,95,unweighted_fl,10,0.0995222929936305,0,28,None,66,1,5,False,1000,1000
4266,96,unweighted_fl,10,0.0995222929936305,0,28,None,66,1,5,False,1000,1000
4267,97,unweighted_fl,10,0.0995222929936305,0,28,None,66,1,5,False,1000,1000
4268,98,unweighted_fl,10,0.0995222929936305,0,28,None,66,1,5,False,1000,1000
4269,99,unweighted_fl,10,0.0995222929936305,0,28,None,66,1,5,False,1000,1000
4270,95,unweighted_fl,10,0.0995222929936305,0,29,None,66,1,5,False,1000,1000
4271,96,unweighted_fl,10,0.0995222929936305,0,29,None,66,1,5,False,1000,1000
4272,97,unweighted_fl,10,0.0995222929936305,0,29,None,66,1,5,False,1000,1000
4273,98,unweighted_fl,10,0.0995222929936305,0,29,None,66,1,5,False,1000,1000
4274,99,unweighted_fl,10,0.0995222929936305,0,29,None,66,1,5,False,1000,1000
4275,95,unweighted_fl,10,0.0995222929936305,0,30,None,66,1,5,False,1000,1000
4276,96,unweighted_fl,10,0.0995222929936305,0,30,None,66,1,5,False,1000,1000
4277,97,unweighted_fl,10,0.0995222929936305,0,30,None,66,1,5,False,1000,1000
4278,98,unweighted_fl,10,0.0995222929936305,0,30,None,66,1,5,False,1000,1000
4279,99,unweighted_fl,10,0.0995222929936305,0,30,None,66,1,5,False,1000,1000
4280,95,unweighted_fl,10,0.0995222929936305,0,31,None,66,1,5,False,1000,1000
4281,96,unweighted_fl,10,0.0995222929936305,0,31,None,66,1,5,False,1000,1000
4282,97,unweighted_fl,10,0.0995222929936305,0,31,None,66,1,5,False,1000,1000
4283,98,unweighted_fl,10,0.0995222929936305,0,31,None,66,1,5,False,1000,1000
4284,99,unweighted_fl,10,0.0995222929936305,0,31,None,66,1,5,False,1000,1000
4285,95,unweighted_fl,10,0.0995222929936305,0,32,None,66,1,5,False,1000,1000
4286,96,unweighted_fl,10,0.0995222929936305,0,32,None,66,1,5,False,1000,1000
4287,97,unweighted_fl,10,0.0995222929936305,0,32,None,66,1,5,False,1000,1000
4288,98,unweighted_fl,10,0.1463972929936305,0,32,None,66,1,5,False,1000,1000
4289,99,unweighted_fl,10,0.0995222929936305,0,32,None,66,1,5,False,1000,1000
4290,100,unweighted_fl,10,0.1639132165605095,0,1,None,66,1,5,False,1000,1000
4291,101,unweighted_fl,10,0.0995222929936305,0,1,None,66,1,5,False,1000,1000
4292,102,unweighted_fl,10,0.0995222929936305,0,1,None,66,1,5,False,1000,1000
4293,103,unweighted_fl,10,0.0995222929936305,0,1,None,66,1,5,False,1000,1000
4294,104,unweighted_fl,10,0.0995222929936305,0,1,None,66,1,5,False,1000,1000
4295,100,unweighted_fl,10,0.0995222929936305,0,0,None,66,1,5,False,1000,1000
4296,101,unweighted_fl,10,0.0995222929936305,0,0,None,66,1,5,False,1000,1000
4297,102,unweighted_fl,10,0.0995222929936305,0,0,None,66,1,5,False,1000,1000
4298,103,unweighted_fl,10,0.0995222929936305,0,0,None,66,1,5,False,1000,1000
4299,104,unweighted_fl,10,0.0995222929936305,0,0,None,66,1,5,False,1000,1000
4300,100,unweighted_fl,10,0.0995222929936305,0,2,None,66,1,5,False,1000,1000
4301,101,unweighted_fl,10,0.0995222929936305,0,2,None,66,1,5,False,1000,1000
4302,102,unweighted_fl,10,0.1411226114649681,0,2,None,66,1,5,False,1000,1000
4303,103,unweighted_fl,10,0.0995222929936305,0,2,None,66,1,5,False,1000,1000
4304,104,unweighted_fl,10,0.0995222929936305,0,2,None,66,1,5,False,1000,1000
4305,100,unweighted_fl,10,0.0995222929936305,0,3,None,66,1,5,False,1000,1000
4306,101,unweighted_fl,10,0.0995222929936305,0,3,None,66,1,5,False,1000,1000
4307,102,unweighted_fl,10,0.1674960191082802,0,3,None,66,1,5,False,1000,1000
4308,103,unweighted_fl,10,0.1181329617834394,0,3,None,66,1,5,False,1000,1000
4309,104,unweighted_fl,10,0.0995222929936305,0,3,None,66,1,5,False,1000,1000
4310,100,unweighted_fl,10,0.0995222929936305,0,4,None,66,1,5,False,1000,1000
4311,101,unweighted_fl,10,0.1207205414012738,0,4,None,66,1,5,False,1000,1000
4312,102,unweighted_fl,10,0.0995222929936305,0,4,None,66,1,5,False,1000,1000
4313,103,unweighted_fl,10,0.0995222929936305,0,4,None,66,1,5,False,1000,1000
4314,104,unweighted_fl,10,0.0995222929936305,0,4,None,66,1,5,False,1000,1000
4315,100,unweighted_fl,10,0.0995222929936305,0,5,None,66,1,5,False,1000,1000
4316,101,unweighted_fl,10,0.0995222929936305,0,5,None,66,1,5,False,1000,1000
4317,102,unweighted_fl,10,0.0995222929936305,0,5,None,66,1,5,False,1000,1000
4318,103,unweighted_fl,10,0.2502985668789809,0,5,None,66,1,5,False,1000,1000
4319,104,unweighted_fl,10,0.175358280254777,0,5,None,66,1,5,False,1000,1000
4320,100,unweighted_fl,10,0.0995222929936305,0,6,None,66,1,5,False,1000,1000
4321,101,unweighted_fl,10,0.0995222929936305,0,6,None,66,1,5,False,1000,1000
4322,102,unweighted_fl,10,0.0995222929936305,0,6,None,66,1,5,False,1000,1000
4323,103,unweighted_fl,10,0.0995222929936305,0,6,None,66,1,5,False,1000,1000
4324,104,unweighted_fl,10,0.0995222929936305,0,6,None,66,1,5,False,1000,1000
4325,100,unweighted_fl,10,0.0995222929936305,0,7,None,66,1,5,False,1000,1000
4326,101,unweighted_fl,10,0.0995222929936305,0,7,None,66,1,5,False,1000,1000
4327,102,unweighted_fl,10,0.0995222929936305,0,7,None,66,1,5,False,1000,1000
4328,103,unweighted_fl,10,0.0995222929936305,0,7,None,66,1,5,False,1000,1000
4329,104,unweighted_fl,10,0.0995222929936305,0,7,None,66,1,5,False,1000,1000
4330,100,unweighted_fl,10,0.0995222929936305,0,8,None,66,1,5,False,1000,1000
4331,101,unweighted_fl,10,0.0995222929936305,0,8,None,66,1,5,False,1000,1000
4332,102,unweighted_fl,10,0.0995222929936305,0,8,None,66,1,5,False,1000,1000
4333,103,unweighted_fl,10,0.0995222929936305,0,8,None,66,1,5,False,1000,1000
4334,104,unweighted_fl,10,0.159733280254777,0,8,None,66,1,5,False,1000,1000
4335,100,unweighted_fl,10,0.0995222929936305,0,9,None,66,1,5,False,1000,1000
4336,101,unweighted_fl,10,0.0995222929936305,0,9,None,66,1,5,False,1000,1000
4337,102,unweighted_fl,10,0.0995222929936305,0,9,None,66,1,5,False,1000,1000
4338,103,unweighted_fl,10,0.0995222929936305,0,9,None,66,1,5,False,1000,1000
4339,104,unweighted_fl,10,0.0995222929936305,0,9,None,66,1,5,False,1000,1000
4340,100,unweighted_fl,10,0.0995222929936305,0,10,None,66,1,5,False,1000,1000
4341,101,unweighted_fl,10,0.0995222929936305,0,10,None,66,1,5,False,1000,1000
4342,102,unweighted_fl,10,0.0995222929936305,0,10,None,66,1,5,False,1000,1000
4343,103,unweighted_fl,10,0.0995222929936305,0,10,None,66,1,5,False,1000,1000
4344,104,unweighted_fl,10,0.0995222929936305,0,10,None,66,1,5,False,1000,1000
4345,100,unweighted_fl,10,0.0995222929936305,0,11,None,66,1,5,False,1000,1000
4346,101,unweighted_fl,10,0.0995222929936305,0,11,None,66,1,5,False,1000,1000
4347,102,unweighted_fl,10,0.0995222929936305,0,11,None,66,1,5,False,1000,1000
4348,103,unweighted_fl,10,0.0995222929936305,0,11,None,66,1,5,False,1000,1000
4349,104,unweighted_fl,10,0.1315684713375796,0,11,None,66,1,5,False,1000,1000
4350,100,unweighted_fl,10,0.0995222929936305,0,12,None,66,1,5,False,1000,1000
4351,101,unweighted_fl,10,0.0995222929936305,0,12,None,66,1,5,False,1000,1000
4352,102,unweighted_fl,10,0.0995222929936305,0,12,None,66,1,5,False,1000,1000
4353,103,unweighted_fl,10,0.0995222929936305,0,12,None,66,1,5,False,1000,1000
4354,104,unweighted_fl,10,0.0995222929936305,0,12,None,66,1,5,False,1000,1000
4355,100,unweighted_fl,10,0.0995222929936305,0,14,None,66,1,5,False,1000,1000
4356,101,unweighted_fl,10,0.0995222929936305,0,14,None,66,1,5,False,1000,1000
4357,102,unweighted_fl,10,0.1861066878980891,0,14,None,66,1,5,False,1000,1000
4358,103,unweighted_fl,10,0.1571457006369426,0,14,None,66,1,5,False,1000,1000
4359,104,unweighted_fl,10,0.1047969745222929,0,14,None,66,1,5,False,1000,1000
4360,100,unweighted_fl,10,0.0995222929936305,0,13,None,66,1,5,False,1000,1000
4361,101,unweighted_fl,10,0.0995222929936305,0,13,None,66,1,5,False,1000,1000
4362,102,unweighted_fl,10,0.0995222929936305,0,13,None,66,1,5,False,1000,1000
4363,103,unweighted_fl,10,0.1534633757961783,0,13,None,66,1,5,False,1000,1000
4364,104,unweighted_fl,10,0.0995222929936305,0,13,None,66,1,5,False,1000,1000
4365,100,unweighted_fl,10,0.0995222929936305,0,15,None,66,1,5,False,1000,1000
4366,101,unweighted_fl,10,0.0995222929936305,0,15,None,66,1,5,False,1000,1000
4367,102,unweighted_fl,10,0.0995222929936305,0,15,None,66,1,5,False,1000,1000
4368,103,unweighted_fl,10,0.0995222929936305,0,15,None,66,1,5,False,1000,1000
4369,104,unweighted_fl,10,0.1922770700636942,0,15,None,66,1,5,False,1000,1000
4370,100,unweighted_fl,10,0.0995222929936305,0,16,None,66,1,5,False,1000,1000
4371,101,unweighted_fl,10,0.1302746815286624,0,16,None,66,1,5,False,1000,1000
4372,102,unweighted_fl,10,0.0996218152866242,0,16,None,66,1,5,False,1000,1000
4373,103,unweighted_fl,10,0.1949641719745223,0,16,None,66,1,5,False,1000,1000
4374,104,unweighted_fl,10,0.1860071656050955,0,16,None,66,1,5,False,1000,1000
4375,100,unweighted_fl,10,0.0995222929936305,0,17,None,66,1,5,False,1000,1000
4376,101,unweighted_fl,10,0.0995222929936305,0,17,None,66,1,5,False,1000,1000
4377,102,unweighted_fl,10,0.0995222929936305,0,17,None,66,1,5,False,1000,1000
4378,103,unweighted_fl,10,0.0995222929936305,0,17,None,66,1,5,False,1000,1000
4379,104,unweighted_fl,10,0.0995222929936305,0,17,None,66,1,5,False,1000,1000
4380,100,unweighted_fl,10,0.0995222929936305,0,18,None,66,1,5,False,1000,1000
4381,101,unweighted_fl,10,0.0995222929936305,0,18,None,66,1,5,False,1000,1000
4382,102,unweighted_fl,10,0.0995222929936305,0,18,None,66,1,5,False,1000,1000
4383,103,unweighted_fl,10,0.0995222929936305,0,18,None,66,1,5,False,1000,1000
4384,104,unweighted_fl,10,0.0995222929936305,0,18,None,66,1,5,False,1000,1000
4385,100,unweighted_fl,10,0.0995222929936305,0,19,None,66,1,5,False,1000,1000
4386,101,unweighted_fl,10,0.0995222929936305,0,19,None,66,1,5,False,1000,1000
4387,102,unweighted_fl,10,0.0995222929936305,0,19,None,66,1,5,False,1000,1000
4388,103,unweighted_fl,10,0.0995222929936305,0,19,None,66,1,5,False,1000,1000
4389,104,unweighted_fl,10,0.125796178343949,0,19,None,66,1,5,False,1000,1000
4390,100,unweighted_fl,10,0.0995222929936305,0,20,None,66,1,5,False,1000,1000
4391,101,unweighted_fl,10,0.0995222929936305,0,20,None,66,1,5,False,1000,1000
4392,102,unweighted_fl,10,0.0995222929936305,0,20,None,66,1,5,False,1000,1000
4393,103,unweighted_fl,10,0.0995222929936305,0,20,None,66,1,5,False,1000,1000
4394,104,unweighted_fl,10,0.0995222929936305,0,20,None,66,1,5,False,1000,1000
4395,100,unweighted_fl,10,0.0995222929936305,0,21,None,66,1,5,False,1000,1000
4396,101,unweighted_fl,10,0.0995222929936305,0,21,None,66,1,5,False,1000,1000
4397,102,unweighted_fl,10,0.0995222929936305,0,21,None,66,1,5,False,1000,1000
4398,103,unweighted_fl,10,0.0995222929936305,0,21,None,66,1,5,False,1000,1000
4399,104,unweighted_fl,10,0.0995222929936305,0,21,None,66,1,5,False,1000,1000
4400,100,unweighted_fl,10,0.0995222929936305,0,22,None,66,1,5,False,1000,1000
4401,101,unweighted_fl,10,0.0995222929936305,0,22,None,66,1,5,False,1000,1000
4402,102,unweighted_fl,10,0.0995222929936305,0,22,None,66,1,5,False,1000,1000
4403,103,unweighted_fl,10,0.0995222929936305,0,22,None,66,1,5,False,1000,1000
4404,104,unweighted_fl,10,0.0995222929936305,0,22,None,66,1,5,False,1000,1000
4405,100,unweighted_fl,10,0.0995222929936305,0,23,None,66,1,5,False,1000,1000
4406,101,unweighted_fl,10,0.0995222929936305,0,23,None,66,1,5,False,1000,1000
4407,102,unweighted_fl,10,0.0995222929936305,0,23,None,66,1,5,False,1000,1000
4408,103,unweighted_fl,10,0.1000199044585987,0,23,None,66,1,5,False,1000,1000
4409,104,unweighted_fl,10,0.1092754777070063,0,23,None,66,1,5,False,1000,1000
4410,100,unweighted_fl,10,0.0995222929936305,0,24,None,66,1,5,False,1000,1000
4411,101,unweighted_fl,10,0.0995222929936305,0,24,None,66,1,5,False,1000,1000
4412,102,unweighted_fl,10,0.0995222929936305,0,24,None,66,1,5,False,1000,1000
4413,103,unweighted_fl,10,0.0995222929936305,0,24,None,66,1,5,False,1000,1000
4414,104,unweighted_fl,10,0.0995222929936305,0,24,None,66,1,5,False,1000,1000
4415,100,unweighted_fl,10,0.0995222929936305,0,25,None,66,1,5,False,1000,1000
4416,101,unweighted_fl,10,0.0995222929936305,0,25,None,66,1,5,False,1000,1000
4417,102,unweighted_fl,10,0.0995222929936305,0,25,None,66,1,5,False,1000,1000
4418,103,unweighted_fl,10,0.0995222929936305,0,25,None,66,1,5,False,1000,1000
4419,104,unweighted_fl,10,0.0995222929936305,0,25,None,66,1,5,False,1000,1000
4420,100,unweighted_fl,10,0.0995222929936305,0,26,None,66,1,5,False,1000,1000
4421,101,unweighted_fl,10,0.0995222929936305,0,26,None,66,1,5,False,1000,1000
4422,102,unweighted_fl,10,0.0995222929936305,0,26,None,66,1,5,False,1000,1000
4423,103,unweighted_fl,10,0.0995222929936305,0,26,None,66,1,5,False,1000,1000
4424,104,unweighted_fl,10,0.0995222929936305,0,26,None,66,1,5,False,1000,1000
4425,100,unweighted_fl,10,0.1141520700636942,0,27,None,66,1,5,False,1000,1000
4426,101,unweighted_fl,10,0.0995222929936305,0,27,None,66,1,5,False,1000,1000
4427,102,unweighted_fl,10,0.0995222929936305,0,27,None,66,1,5,False,1000,1000
4428,103,unweighted_fl,10,0.0995222929936305,0,27,None,66,1,5,False,1000,1000
4429,104,unweighted_fl,10,0.0995222929936305,0,27,None,66,1,5,False,1000,1000
4430,100,unweighted_fl,10,0.0995222929936305,0,29,None,66,1,5,False,1000,1000
4431,101,unweighted_fl,10,0.0995222929936305,0,29,None,66,1,5,False,1000,1000
4432,102,unweighted_fl,10,0.0995222929936305,0,29,None,66,1,5,False,1000,1000
4433,103,unweighted_fl,10,0.0995222929936305,0,29,None,66,1,5,False,1000,1000
4434,104,unweighted_fl,10,0.0995222929936305,0,29,None,66,1,5,False,1000,1000
4435,100,unweighted_fl,10,0.0995222929936305,0,28,None,66,1,5,False,1000,1000
4436,101,unweighted_fl,10,0.0995222929936305,0,28,None,66,1,5,False,1000,1000
4437,102,unweighted_fl,10,0.0995222929936305,0,28,None,66,1,5,False,1000,1000
4438,103,unweighted_fl,10,0.0995222929936305,0,28,None,66,1,5,False,1000,1000
4439,104,unweighted_fl,10,0.0995222929936305,0,28,None,66,1,5,False,1000,1000
4440,100,unweighted_fl,10,0.0995222929936305,0,30,None,66,1,5,False,1000,1000
4441,101,unweighted_fl,10,0.0995222929936305,0,30,None,66,1,5,False,1000,1000
4442,102,unweighted_fl,10,0.0995222929936305,0,30,None,66,1,5,False,1000,1000
4443,103,unweighted_fl,10,0.0995222929936305,0,30,None,66,1,5,False,1000,1000
4444,104,unweighted_fl,10,0.0995222929936305,0,30,None,66,1,5,False,1000,1000
4445,100,unweighted_fl,10,0.1000199044585987,0,31,None,66,1,5,False,1000,1000
4446,101,unweighted_fl,10,0.0995222929936305,0,31,None,66,1,5,False,1000,1000
4447,102,unweighted_fl,10,0.0995222929936305,0,31,None,66,1,5,False,1000,1000
4448,103,unweighted_fl,10,0.0995222929936305,0,31,None,66,1,5,False,1000,1000
4449,104,unweighted_fl,10,0.0995222929936305,0,31,None,66,1,5,False,1000,1000
4450,100,unweighted_fl,10,0.0995222929936305,0,32,None,66,1,5,False,1000,1000
4451,101,unweighted_fl,10,0.0995222929936305,0,32,None,66,1,5,False,1000,1000
4452,102,unweighted_fl,10,0.0995222929936305,0,32,None,66,1,5,False,1000,1000
4453,103,unweighted_fl,10,0.1628184713375796,0,32,None,66,1,5,False,1000,1000
4454,104,unweighted_fl,10,0.0995222929936305,0,32,None,66,1,5,False,1000,1000
5445,105,unweighted_fl,10,0.0995222929936305,0,0,None,66,1,5,False,1000,1000
5446,106,unweighted_fl,10,0.0995222929936305,0,0,None,66,1,5,False,1000,1000
5447,107,unweighted_fl,10,0.0995222929936305,0,0,None,66,1,5,False,1000,1000
5448,108,unweighted_fl,10,0.0995222929936305,0,0,None,66,1,5,False,1000,1000
5449,109,unweighted_fl,10,0.0995222929936305,0,0,None,66,1,5,False,1000,1000
5450,105,unweighted_fl,10,0.1716759554140127,0,1,None,66,1,5,False,1000,1000
5451,106,unweighted_fl,10,0.0995222929936305,0,1,None,66,1,5,False,1000,1000
5452,107,unweighted_fl,10,0.0995222929936305,0,1,None,66,1,5,False,1000,1000
5453,108,unweighted_fl,10,0.0995222929936305,0,1,None,66,1,5,False,1000,1000
5454,109,unweighted_fl,10,0.0995222929936305,0,1,None,66,1,5,False,1000,1000
5455,105,unweighted_fl,10,0.0995222929936305,0,2,None,66,1,5,False,1000,1000
5456,106,unweighted_fl,10,0.0995222929936305,0,2,None,66,1,5,False,1000,1000
5457,107,unweighted_fl,10,0.1698845541401273,0,2,None,66,1,5,False,1000,1000
5458,108,unweighted_fl,10,0.0995222929936305,0,2,None,66,1,5,False,1000,1000
5459,109,unweighted_fl,10,0.0995222929936305,0,2,None,66,1,5,False,1000,1000
5460,105,unweighted_fl,10,0.0995222929936305,0,3,None,66,1,5,False,1000,1000
5461,106,unweighted_fl,10,0.0995222929936305,0,3,None,66,1,5,False,1000,1000
5462,107,unweighted_fl,10,0.1854100318471337,0,3,None,66,1,5,False,1000,1000
5463,108,unweighted_fl,10,0.1151472929936305,0,3,None,66,1,5,False,1000,1000
5464,109,unweighted_fl,10,0.0995222929936305,0,3,None,66,1,5,False,1000,1000
5465,105,unweighted_fl,10,0.0995222929936305,0,4,None,66,1,5,False,1000,1000
5466,106,unweighted_fl,10,0.1564490445859872,0,4,None,66,1,5,False,1000,1000
5467,107,unweighted_fl,10,0.0995222929936305,0,4,None,66,1,5,False,1000,1000
5468,108,unweighted_fl,10,0.0995222929936305,0,4,None,66,1,5,False,1000,1000
5469,109,unweighted_fl,10,0.0995222929936305,0,4,None,66,1,5,False,1000,1000
5470,105,unweighted_fl,10,0.0995222929936305,0,5,None,66,1,5,False,1000,1000
5471,106,unweighted_fl,10,0.0995222929936305,0,5,None,66,1,5,False,1000,1000
5472,107,unweighted_fl,10,0.0995222929936305,0,5,None,66,1,5,False,1000,1000
5473,108,unweighted_fl,10,0.234375,0,5,None,66,1,5,False,1000,1000
5474,109,unweighted_fl,10,0.1754578025477707,0,5,None,66,1,5,False,1000,1000
5475,105,unweighted_fl,10,0.0995222929936305,0,6,None,66,1,5,False,1000,1000
5476,106,unweighted_fl,10,0.0995222929936305,0,6,None,66,1,5,False,1000,1000
5477,107,unweighted_fl,10,0.0995222929936305,0,6,None,66,1,5,False,1000,1000
5478,108,unweighted_fl,10,0.0995222929936305,0,6,None,66,1,5,False,1000,1000
5479,109,unweighted_fl,10,0.0995222929936305,0,6,None,66,1,5,False,1000,1000
5480,105,unweighted_fl,10,0.0995222929936305,0,8,None,66,1,5,False,1000,1000
5481,106,unweighted_fl,10,0.0995222929936305,0,8,None,66,1,5,False,1000,1000
5482,107,unweighted_fl,10,0.0995222929936305,0,8,None,66,1,5,False,1000,1000
5483,108,unweighted_fl,10,0.0995222929936305,0,8,None,66,1,5,False,1000,1000
5484,109,unweighted_fl,10,0.1704816878980891,0,8,None,66,1,5,False,1000,1000
5485,105,unweighted_fl,10,0.0995222929936305,0,7,None,66,1,5,False,1000,1000
5486,106,unweighted_fl,10,0.0995222929936305,0,7,None,66,1,5,False,1000,1000
5487,107,unweighted_fl,10,0.0995222929936305,0,7,None,66,1,5,False,1000,1000
5488,108,unweighted_fl,10,0.0995222929936305,0,7,None,66,1,5,False,1000,1000
5489,109,unweighted_fl,10,0.0995222929936305,0,7,None,66,1,5,False,1000,1000
5490,105,unweighted_fl,10,0.0995222929936305,0,9,None,66,1,5,False,1000,1000
5491,106,unweighted_fl,10,0.0995222929936305,0,9,None,66,1,5,False,1000,1000
5492,107,unweighted_fl,10,0.0995222929936305,0,9,None,66,1,5,False,1000,1000
5493,108,unweighted_fl,10,0.0995222929936305,0,9,None,66,1,5,False,1000,1000
5494,109,unweighted_fl,10,0.0995222929936305,0,9,None,66,1,5,False,1000,1000
5495,105,unweighted_fl,10,0.0995222929936305,0,10,None,66,1,5,False,1000,1000
5496,106,unweighted_fl,10,0.0995222929936305,0,10,None,66,1,5,False,1000,1000
5497,107,unweighted_fl,10,0.0995222929936305,0,10,None,66,1,5,False,1000,1000
5498,108,unweighted_fl,10,0.0995222929936305,0,10,None,66,1,5,False,1000,1000
5499,109,unweighted_fl,10,0.0995222929936305,0,10,None,66,1,5,False,1000,1000
5500,105,unweighted_fl,10,0.0995222929936305,0,11,None,66,1,5,False,1000,1000
5501,106,unweighted_fl,10,0.0995222929936305,0,11,None,66,1,5,False,1000,1000
5502,107,unweighted_fl,10,0.0995222929936305,0,11,None,66,1,5,False,1000,1000
5503,108,unweighted_fl,10,0.1038017515923566,0,11,None,66,1,5,False,1000,1000
5504,109,unweighted_fl,10,0.1261942675159235,0,11,None,66,1,5,False,1000,1000
5505,105,unweighted_fl,10,0.0995222929936305,0,12,None,66,1,5,False,1000,1000
5506,106,unweighted_fl,10,0.0995222929936305,0,12,None,66,1,5,False,1000,1000
5507,107,unweighted_fl,10,0.0995222929936305,0,12,None,66,1,5,False,1000,1000
5508,108,unweighted_fl,10,0.0995222929936305,0,12,None,66,1,5,False,1000,1000
5509,109,unweighted_fl,10,0.0995222929936305,0,12,None,66,1,5,False,1000,1000
5510,105,unweighted_fl,10,0.0995222929936305,0,13,None,66,1,5,False,1000,1000
5511,106,unweighted_fl,10,0.0995222929936305,0,13,None,66,1,5,False,1000,1000
5512,107,unweighted_fl,10,0.0995222929936305,0,13,None,66,1,5,False,1000,1000
5513,108,unweighted_fl,10,0.1716759554140127,0,13,None,66,1,5,False,1000,1000
5514,109,unweighted_fl,10,0.0995222929936305,0,13,None,66,1,5,False,1000,1000
5515,105,unweighted_fl,10,0.0995222929936305,0,14,None,66,1,5,False,1000,1000
5516,106,unweighted_fl,10,0.0995222929936305,0,14,None,66,1,5,False,1000,1000
5517,107,unweighted_fl,10,0.188296178343949,0,14,None,66,1,5,False,1000,1000
5518,108,unweighted_fl,10,0.1731687898089172,0,14,None,66,1,5,False,1000,1000
5519,109,unweighted_fl,10,0.1488853503184713,0,14,None,66,1,5,False,1000,1000
5520,105,unweighted_fl,10,0.0995222929936305,0,15,None,66,1,5,False,1000,1000
5521,106,unweighted_fl,10,0.0995222929936305,0,15,None,66,1,5,False,1000,1000
5522,107,unweighted_fl,10,0.0995222929936305,0,15,None,66,1,5,False,1000,1000
5523,108,unweighted_fl,10,0.0995222929936305,0,15,None,66,1,5,False,1000,1000
5524,109,unweighted_fl,10,0.1798367834394904,0,15,None,66,1,5,False,1000,1000
5525,105,unweighted_fl,10,0.0995222929936305,0,16,None,66,1,5,False,1000,1000
5526,106,unweighted_fl,10,0.1006170382165605,0,16,None,66,1,5,False,1000,1000
5527,107,unweighted_fl,10,0.0996218152866242,0,16,None,66,1,5,False,1000,1000
5528,108,unweighted_fl,10,0.1945660828025477,0,16,None,66,1,5,False,1000,1000
5529,109,unweighted_fl,10,0.1889928343949044,0,16,None,66,1,5,False,1000,1000
5530,105,unweighted_fl,10,0.0995222929936305,0,17,None,66,1,5,False,1000,1000
5531,106,unweighted_fl,10,0.0995222929936305,0,17,None,66,1,5,False,1000,1000
5532,107,unweighted_fl,10,0.0995222929936305,0,17,None,66,1,5,False,1000,1000
5533,108,unweighted_fl,10,0.0995222929936305,0,17,None,66,1,5,False,1000,1000
5534,109,unweighted_fl,10,0.1204219745222929,0,17,None,66,1,5,False,1000,1000
5535,105,unweighted_fl,10,0.0995222929936305,0,18,None,66,1,5,False,1000,1000
5536,106,unweighted_fl,10,0.0995222929936305,0,18,None,66,1,5,False,1000,1000
5537,107,unweighted_fl,10,0.0995222929936305,0,18,None,66,1,5,False,1000,1000
5538,108,unweighted_fl,10,0.0995222929936305,0,18,None,66,1,5,False,1000,1000
5539,109,unweighted_fl,10,0.0995222929936305,0,18,None,66,1,5,False,1000,1000
5540,105,unweighted_fl,10,0.0995222929936305,0,19,None,66,1,5,False,1000,1000
5541,106,unweighted_fl,10,0.0995222929936305,0,19,None,66,1,5,False,1000,1000
5542,107,unweighted_fl,10,0.0995222929936305,0,19,None,66,1,5,False,1000,1000
5543,108,unweighted_fl,10,0.0995222929936305,0,19,None,66,1,5,False,1000,1000
5544,109,unweighted_fl,10,0.1184315286624203,0,19,None,66,1,5,False,1000,1000
5545,105,unweighted_fl,10,0.0995222929936305,0,21,None,66,1,5,False,1000,1000
5546,106,unweighted_fl,10,0.0995222929936305,0,21,None,66,1,5,False,1000,1000
5547,107,unweighted_fl,10,0.0995222929936305,0,21,None,66,1,5,False,1000,1000
5548,108,unweighted_fl,10,0.0995222929936305,0,21,None,66,1,5,False,1000,1000
5549,109,unweighted_fl,10,0.0995222929936305,0,21,None,66,1,5,False,1000,1000
5550,105,unweighted_fl,10,0.0995222929936305,0,22,None,66,1,5,False,1000,1000
5551,106,unweighted_fl,10,0.0995222929936305,0,22,None,66,1,5,False,1000,1000
5552,107,unweighted_fl,10,0.0995222929936305,0,22,None,66,1,5,False,1000,1000
5553,108,unweighted_fl,10,0.0995222929936305,0,22,None,66,1,5,False,1000,1000
5554,109,unweighted_fl,10,0.0995222929936305,0,22,None,66,1,5,False,1000,1000
5555,105,unweighted_fl,10,0.0995222929936305,0,20,None,66,1,5,False,1000,1000
5556,106,unweighted_fl,10,0.0995222929936305,0,20,None,66,1,5,False,1000,1000
5557,107,unweighted_fl,10,0.0995222929936305,0,20,None,66,1,5,False,1000,1000
5558,108,unweighted_fl,10,0.0995222929936305,0,20,None,66,1,5,False,1000,1000
5559,109,unweighted_fl,10,0.0995222929936305,0,20,None,66,1,5,False,1000,1000
5560,105,unweighted_fl,10,0.0995222929936305,0,23,None,66,1,5,False,1000,1000
5561,106,unweighted_fl,10,0.0995222929936305,0,23,None,66,1,5,False,1000,1000
5562,107,unweighted_fl,10,0.0995222929936305,0,23,None,66,1,5,False,1000,1000
5563,108,unweighted_fl,10,0.1040007961783439,0,23,None,66,1,5,False,1000,1000
5564,109,unweighted_fl,10,0.109375,0,23,None,66,1,5,False,1000,1000
5565,105,unweighted_fl,10,0.0995222929936305,0,24,None,66,1,5,False,1000,1000
5566,106,unweighted_fl,10,0.0995222929936305,0,24,None,66,1,5,False,1000,1000
5567,107,unweighted_fl,10,0.0995222929936305,0,24,None,66,1,5,False,1000,1000
5568,108,unweighted_fl,10,0.0995222929936305,0,24,None,66,1,5,False,1000,1000
5569,109,unweighted_fl,10,0.0995222929936305,0,24,None,66,1,5,False,1000,1000
5570,105,unweighted_fl,10,0.1298765923566879,0,26,None,66,1,5,False,1000,1000
5571,106,unweighted_fl,10,0.0995222929936305,0,26,None,66,1,5,False,1000,1000
5572,107,unweighted_fl,10,0.0995222929936305,0,26,None,66,1,5,False,1000,1000
5573,108,unweighted_fl,10,0.0995222929936305,0,26,None,66,1,5,False,1000,1000
5574,109,unweighted_fl,10,0.0995222929936305,0,26,None,66,1,5,False,1000,1000
5575,105,unweighted_fl,10,0.0995222929936305,0,25,None,66,1,5,False,1000,1000
5576,106,unweighted_fl,10,0.0995222929936305,0,25,None,66,1,5,False,1000,1000
5577,107,unweighted_fl,10,0.0995222929936305,0,25,None,66,1,5,False,1000,1000
5578,108,unweighted_fl,10,0.0995222929936305,0,25,None,66,1,5,False,1000,1000
5579,109,unweighted_fl,10,0.0995222929936305,0,25,None,66,1,5,False,1000,1000
5580,105,unweighted_fl,10,0.0995222929936305,0,27,None,66,1,5,False,1000,1000
5581,106,unweighted_fl,10,0.0995222929936305,0,27,None,66,1,5,False,1000,1000
5582,107,unweighted_fl,10,0.0995222929936305,0,27,None,66,1,5,False,1000,1000
5583,108,unweighted_fl,10,0.0995222929936305,0,27,None,66,1,5,False,1000,1000
5584,109,unweighted_fl,10,0.0995222929936305,0,27,None,66,1,5,False,1000,1000
5585,105,unweighted_fl,10,0.0995222929936305,0,28,None,66,1,5,False,1000,1000
5586,106,unweighted_fl,10,0.0995222929936305,0,28,None,66,1,5,False,1000,1000
5587,107,unweighted_fl,10,0.0995222929936305,0,28,None,66,1,5,False,1000,1000
5588,108,unweighted_fl,10,0.0995222929936305,0,28,None,66,1,5,False,1000,1000
5589,109,unweighted_fl,10,0.0995222929936305,0,28,None,66,1,5,False,1000,1000
5590,105,unweighted_fl,10,0.0995222929936305,0,29,None,66,1,5,False,1000,1000
5591,106,unweighted_fl,10,0.0995222929936305,0,29,None,66,1,5,False,1000,1000
5592,107,unweighted_fl,10,0.1370421974522293,0,29,None,66,1,5,False,1000,1000
5593,108,unweighted_fl,10,0.0995222929936305,0,29,None,66,1,5,False,1000,1000
5594,109,unweighted_fl,10,0.0995222929936305,0,29,None,66,1,5,False,1000,1000
5595,105,unweighted_fl,10,0.0995222929936305,0,30,None,66,1,5,False,1000,1000
5596,106,unweighted_fl,10,0.0995222929936305,0,30,None,66,1,5,False,1000,1000
5597,107,unweighted_fl,10,0.0995222929936305,0,30,None,66,1,5,False,1000,1000
5598,108,unweighted_fl,10,0.0995222929936305,0,30,None,66,1,5,False,1000,1000
5599,109,unweighted_fl,10,0.0995222929936305,0,30,None,66,1,5,False,1000,1000
5600,105,unweighted_fl,10,0.1059912420382165,0,31,None,66,1,5,False,1000,1000
5601,106,unweighted_fl,10,0.0995222929936305,0,31,None,66,1,5,False,1000,1000
5602,107,unweighted_fl,10,0.0995222929936305,0,31,None,66,1,5,False,1000,1000
5603,108,unweighted_fl,10,0.0995222929936305,0,31,None,66,1,5,False,1000,1000
5604,109,unweighted_fl,10,0.0995222929936305,0,31,None,66,1,5,False,1000,1000
5605,105,unweighted_fl,10,0.0995222929936305,0,32,None,66,1,5,False,1000,1000
5606,106,unweighted_fl,10,0.0995222929936305,0,32,None,66,1,5,False,1000,1000
5607,107,unweighted_fl,10,0.0995222929936305,0,32,None,66,1,5,False,1000,1000
5608,108,unweighted_fl,10,0.1717754777070063,0,32,None,66,1,5,False,1000,1000
5609,109,unweighted_fl,10,0.0995222929936305,0,32,None,66,1,5,False,1000,1000
5610,110,unweighted_fl,10,0.1830214968152866,0,1,None,66,1,5,False,1000,1000
5611,111,unweighted_fl,10,0.0995222929936305,0,1,None,66,1,5,False,1000,1000
5612,112,unweighted_fl,10,0.0995222929936305,0,1,None,66,1,5,False,1000,1000
5613,113,unweighted_fl,10,0.0995222929936305,0,1,None,66,1,5,False,1000,1000
5614,114,unweighted_fl,10,0.0995222929936305,0,1,None,66,1,5,False,1000,1000
5615,110,unweighted_fl,10,0.0995222929936305,0,2,None,66,1,5,False,1000,1000
5616,111,unweighted_fl,10,0.0995222929936305,0,2,None,66,1,5,False,1000,1000
5617,112,unweighted_fl,10,0.1623208598726114,0,2,None,66,1,5,False,1000,1000
5618,113,unweighted_fl,10,0.0995222929936305,0,2,None,66,1,5,False,1000,1000
5619,114,unweighted_fl,10,0.0995222929936305,0,2,None,66,1,5,False,1000,1000
5620,110,unweighted_fl,10,0.0995222929936305,0,0,None,66,1,5,False,1000,1000
5621,111,unweighted_fl,10,0.0995222929936305,0,0,None,66,1,5,False,1000,1000
5622,112,unweighted_fl,10,0.0995222929936305,0,0,None,66,1,5,False,1000,1000
5623,113,unweighted_fl,10,0.0995222929936305,0,0,None,66,1,5,False,1000,1000
5624,114,unweighted_fl,10,0.0995222929936305,0,0,None,66,1,5,False,1000,1000
5625,110,unweighted_fl,10,0.0995222929936305,0,3,None,66,1,5,False,1000,1000
5626,111,unweighted_fl,10,0.0995222929936305,0,3,None,66,1,5,False,1000,1000
5627,112,unweighted_fl,10,0.1852109872611465,0,3,None,66,1,5,False,1000,1000
5628,113,unweighted_fl,10,0.1382364649681528,0,3,None,66,1,5,False,1000,1000
5629,114,unweighted_fl,10,0.0995222929936305,0,3,None,66,1,5,False,1000,1000
5630,110,unweighted_fl,10,0.0995222929936305,0,4,None,66,1,5,False,1000,1000
5631,111,unweighted_fl,10,0.1710788216560509,0,4,None,66,1,5,False,1000,1000
5632,112,unweighted_fl,10,0.0995222929936305,0,4,None,66,1,5,False,1000,1000
5633,113,unweighted_fl,10,0.0995222929936305,0,4,None,66,1,5,False,1000,1000
5634,114,unweighted_fl,10,0.0995222929936305,0,4,None,66,1,5,False,1000,1000
5635,110,unweighted_fl,10,0.0995222929936305,0,5,None,66,1,5,False,1000,1000
5636,111,unweighted_fl,10,0.0995222929936305,0,5,None,66,1,5,False,1000,1000
5637,112,unweighted_fl,10,0.0995222929936305,0,5,None,66,1,5,False,1000,1000
5638,113,unweighted_fl,10,0.2022292993630573,0,5,None,66,1,5,False,1000,1000
5639,114,unweighted_fl,10,0.1814291401273885,0,5,None,66,1,5,False,1000,1000
5640,110,unweighted_fl,10,0.0995222929936305,0,6,None,66,1,5,False,1000,1000
5641,111,unweighted_fl,10,0.0995222929936305,0,6,None,66,1,5,False,1000,1000
5642,112,unweighted_fl,10,0.0995222929936305,0,6,None,66,1,5,False,1000,1000
5643,113,unweighted_fl,10,0.0995222929936305,0,6,None,66,1,5,False,1000,1000
5644,114,unweighted_fl,10,0.0995222929936305,0,6,None,66,1,5,False,1000,1000
5645,110,unweighted_fl,10,0.0995222929936305,0,7,None,66,1,5,False,1000,1000
5646,111,unweighted_fl,10,0.0995222929936305,0,7,None,66,1,5,False,1000,1000
5647,112,unweighted_fl,10,0.0995222929936305,0,7,None,66,1,5,False,1000,1000
5648,113,unweighted_fl,10,0.0995222929936305,0,7,None,66,1,5,False,1000,1000
5649,114,unweighted_fl,10,0.0995222929936305,0,7,None,66,1,5,False,1000,1000
5650,110,unweighted_fl,10,0.0995222929936305,0,8,None,66,1,5,False,1000,1000
5651,111,unweighted_fl,10,0.0995222929936305,0,8,None,66,1,5,False,1000,1000
5652,112,unweighted_fl,10,0.0995222929936305,0,8,None,66,1,5,False,1000,1000
5653,113,unweighted_fl,10,0.0995222929936305,0,8,None,66,1,5,False,1000,1000
5654,114,unweighted_fl,10,0.1808320063694267,0,8,None,66,1,5,False,1000,1000
5655,110,unweighted_fl,10,0.0995222929936305,0,9,None,66,1,5,False,1000,1000
5656,111,unweighted_fl,10,0.0995222929936305,0,9,None,66,1,5,False,1000,1000
5657,112,unweighted_fl,10,0.0995222929936305,0,9,None,66,1,5,False,1000,1000
5658,113,unweighted_fl,10,0.0995222929936305,0,9,None,66,1,5,False,1000,1000
5659,114,unweighted_fl,10,0.0995222929936305,0,9,None,66,1,5,False,1000,1000
5660,110,unweighted_fl,10,0.0995222929936305,0,10,None,66,1,5,False,1000,1000
5661,111,unweighted_fl,10,0.0995222929936305,0,10,None,66,1,5,False,1000,1000
5662,112,unweighted_fl,10,0.0995222929936305,0,10,None,66,1,5,False,1000,1000
5663,113,unweighted_fl,10,0.0995222929936305,0,10,None,66,1,5,False,1000,1000
5664,114,unweighted_fl,10,0.0995222929936305,0,10,None,66,1,5,False,1000,1000
5665,110,unweighted_fl,10,0.0995222929936305,0,11,None,66,1,5,False,1000,1000
5666,111,unweighted_fl,10,0.0995222929936305,0,11,None,66,1,5,False,1000,1000
5667,112,unweighted_fl,10,0.0995222929936305,0,11,None,66,1,5,False,1000,1000
5668,113,unweighted_fl,10,0.1168391719745222,0,11,None,66,1,5,False,1000,1000
5669,114,unweighted_fl,10,0.1230095541401273,0,11,None,66,1,5,False,1000,1000
5670,110,unweighted_fl,10,0.0995222929936305,0,12,None,66,1,5,False,1000,1000
5671,111,unweighted_fl,10,0.0995222929936305,0,12,None,66,1,5,False,1000,1000
5672,112,unweighted_fl,10,0.0995222929936305,0,12,None,66,1,5,False,1000,1000
5673,113,unweighted_fl,10,0.0995222929936305,0,12,None,66,1,5,False,1000,1000
5674,114,unweighted_fl,10,0.0995222929936305,0,12,None,66,1,5,False,1000,1000
5675,110,unweighted_fl,10,0.0995222929936305,0,13,None,66,1,5,False,1000,1000
5676,111,unweighted_fl,10,0.0995222929936305,0,13,None,66,1,5,False,1000,1000
5677,112,unweighted_fl,10,0.0995222929936305,0,13,None,66,1,5,False,1000,1000
5678,113,unweighted_fl,10,0.1722730891719745,0,13,None,66,1,5,False,1000,1000
5679,114,unweighted_fl,10,0.0995222929936305,0,13,None,66,1,5,False,1000,1000
5680,110,unweighted_fl,10,0.0995222929936305,0,15,None,66,1,5,False,1000,1000
5681,111,unweighted_fl,10,0.0995222929936305,0,15,None,66,1,5,False,1000,1000
5682,112,unweighted_fl,10,0.0995222929936305,0,15,None,66,1,5,False,1000,1000
5683,113,unweighted_fl,10,0.0995222929936305,0,15,None,66,1,5,False,1000,1000
5684,114,unweighted_fl,10,0.1919785031847133,0,15,None,66,1,5,False,1000,1000
5685,110,unweighted_fl,10,0.0995222929936305,0,14,None,66,1,5,False,1000,1000
5686,111,unweighted_fl,10,0.0995222929936305,0,14,None,66,1,5,False,1000,1000
5687,112,unweighted_fl,10,0.188296178343949,0,14,None,66,1,5,False,1000,1000
5688,113,unweighted_fl,10,0.1814291401273885,0,14,None,66,1,5,False,1000,1000
5689,114,unweighted_fl,10,0.1631170382165605,0,14,None,66,1,5,False,1000,1000
5690,110,unweighted_fl,10,0.0995222929936305,0,16,None,66,1,5,False,1000,1000
5691,111,unweighted_fl,10,0.1218152866242038,0,16,None,66,1,5,False,1000,1000
5692,112,unweighted_fl,10,0.103702229299363,0,16,None,66,1,5,False,1000,1000
5693,113,unweighted_fl,10,0.194765127388535,0,16,None,66,1,5,False,1000,1000
5694,114,unweighted_fl,10,0.1902866242038216,0,16,None,66,1,5,False,1000,1000
5695,110,unweighted_fl,10,0.0995222929936305,0,17,None,66,1,5,False,1000,1000
5696,111,unweighted_fl,10,0.0995222929936305,0,17,None,66,1,5,False,1000,1000
5697,112,unweighted_fl,10,0.0995222929936305,0,17,None,66,1,5,False,1000,1000
5698,113,unweighted_fl,10,0.0995222929936305,0,17,None,66,1,5,False,1000,1000
5699,114,unweighted_fl,10,0.0996218152866242,0,17,None,66,1,5,False,1000,1000
5700,110,unweighted_fl,10,0.0995222929936305,0,18,None,66,1,5,False,1000,1000
5701,111,unweighted_fl,10,0.0995222929936305,0,18,None,66,1,5,False,1000,1000
5702,112,unweighted_fl,10,0.0995222929936305,0,18,None,66,1,5,False,1000,1000
5703,113,unweighted_fl,10,0.0995222929936305,0,18,None,66,1,5,False,1000,1000
5704,114,unweighted_fl,10,0.0995222929936305,0,18,None,66,1,5,False,1000,1000
5705,110,unweighted_fl,10,0.0995222929936305,0,19,None,66,1,5,False,1000,1000
5706,111,unweighted_fl,10,0.0995222929936305,0,19,None,66,1,5,False,1000,1000
5707,112,unweighted_fl,10,0.0995222929936305,0,19,None,66,1,5,False,1000,1000
5708,113,unweighted_fl,10,0.0995222929936305,0,19,None,66,1,5,False,1000,1000
5709,114,unweighted_fl,10,0.1335589171974522,0,19,None,66,1,5,False,1000,1000
5710,110,unweighted_fl,10,0.0995222929936305,0,20,None,66,1,5,False,1000,1000
5711,111,unweighted_fl,10,0.0995222929936305,0,20,None,66,1,5,False,1000,1000
5712,112,unweighted_fl,10,0.0995222929936305,0,20,None,66,1,5,False,1000,1000
5713,113,unweighted_fl,10,0.0995222929936305,0,20,None,66,1,5,False,1000,1000
5714,114,unweighted_fl,10,0.0995222929936305,0,20,None,66,1,5,False,1000,1000
5715,110,unweighted_fl,10,0.0995222929936305,0,21,None,66,1,5,False,1000,1000
5716,111,unweighted_fl,10,0.0995222929936305,0,21,None,66,1,5,False,1000,1000
5717,112,unweighted_fl,10,0.0995222929936305,0,21,None,66,1,5,False,1000,1000
5718,113,unweighted_fl,10,0.0995222929936305,0,21,None,66,1,5,False,1000,1000
5719,114,unweighted_fl,10,0.0995222929936305,0,21,None,66,1,5,False,1000,1000
5720,110,unweighted_fl,10,0.0995222929936305,0,22,None,66,1,5,False,1000,1000
5721,111,unweighted_fl,10,0.0995222929936305,0,22,None,66,1,5,False,1000,1000
5722,112,unweighted_fl,10,0.0995222929936305,0,22,None,66,1,5,False,1000,1000
5723,113,unweighted_fl,10,0.0995222929936305,0,22,None,66,1,5,False,1000,1000
5724,114,unweighted_fl,10,0.0995222929936305,0,22,None,66,1,5,False,1000,1000
5725,110,unweighted_fl,10,0.0995222929936305,0,23,None,66,1,5,False,1000,1000
5726,111,unweighted_fl,10,0.0995222929936305,0,23,None,66,1,5,False,1000,1000
5727,112,unweighted_fl,10,0.0995222929936305,0,23,None,66,1,5,False,1000,1000
5728,113,unweighted_fl,10,0.1097730891719745,0,23,None,66,1,5,False,1000,1000
5729,114,unweighted_fl,10,0.10828025477707,0,23,None,66,1,5,False,1000,1000
5730,110,unweighted_fl,10,0.0995222929936305,0,24,None,66,1,5,False,1000,1000
5731,111,unweighted_fl,10,0.0995222929936305,0,24,None,66,1,5,False,1000,1000
5732,112,unweighted_fl,10,0.0995222929936305,0,24,None,66,1,5,False,1000,1000
5733,113,unweighted_fl,10,0.0995222929936305,0,24,None,66,1,5,False,1000,1000
5734,114,unweighted_fl,10,0.0995222929936305,0,24,None,66,1,5,False,1000,1000
5735,110,unweighted_fl,10,0.0999203821656051,0,25,None,66,1,5,False,1000,1000
5736,111,unweighted_fl,10,0.0995222929936305,0,25,None,66,1,5,False,1000,1000
5737,112,unweighted_fl,10,0.0995222929936305,0,25,None,66,1,5,False,1000,1000
5738,113,unweighted_fl,10,0.0995222929936305,0,25,None,66,1,5,False,1000,1000
5739,114,unweighted_fl,10,0.0995222929936305,0,25,None,66,1,5,False,1000,1000
5740,110,unweighted_fl,10,0.0995222929936305,0,26,None,66,1,5,False,1000,1000
5741,111,unweighted_fl,10,0.0995222929936305,0,26,None,66,1,5,False,1000,1000
5742,112,unweighted_fl,10,0.0995222929936305,0,26,None,66,1,5,False,1000,1000
5743,113,unweighted_fl,10,0.0995222929936305,0,26,None,66,1,5,False,1000,1000
5744,114,unweighted_fl,10,0.0995222929936305,0,26,None,66,1,5,False,1000,1000
5745,110,unweighted_fl,10,0.1012141719745222,0,27,None,66,1,5,False,1000,1000
5746,111,unweighted_fl,10,0.0995222929936305,0,27,None,66,1,5,False,1000,1000
5747,112,unweighted_fl,10,0.0995222929936305,0,27,None,66,1,5,False,1000,1000
5748,113,unweighted_fl,10,0.0995222929936305,0,27,None,66,1,5,False,1000,1000
5749,114,unweighted_fl,10,0.0995222929936305,0,27,None,66,1,5,False,1000,1000
5750,110,unweighted_fl,10,0.0995222929936305,0,28,None,66,1,5,False,1000,1000
5751,111,unweighted_fl,10,0.0995222929936305,0,28,None,66,1,5,False,1000,1000
5752,112,unweighted_fl,10,0.0995222929936305,0,28,None,66,1,5,False,1000,1000
5753,113,unweighted_fl,10,0.0995222929936305,0,28,None,66,1,5,False,1000,1000
5754,114,unweighted_fl,10,0.0995222929936305,0,28,None,66,1,5,False,1000,1000
5755,110,unweighted_fl,10,0.0995222929936305,0,29,None,66,1,5,False,1000,1000
5756,111,unweighted_fl,10,0.0995222929936305,0,29,None,66,1,5,False,1000,1000
5757,112,unweighted_fl,10,0.0995222929936305,0,29,None,66,1,5,False,1000,1000
5758,113,unweighted_fl,10,0.0995222929936305,0,29,None,66,1,5,False,1000,1000
5759,114,unweighted_fl,10,0.0995222929936305,0,29,None,66,1,5,False,1000,1000
5760,110,unweighted_fl,10,0.0995222929936305,0,31,None,66,1,5,False,1000,1000
5761,111,unweighted_fl,10,0.0995222929936305,0,31,None,66,1,5,False,1000,1000
5762,112,unweighted_fl,10,0.0995222929936305,0,31,None,66,1,5,False,1000,1000
5763,113,unweighted_fl,10,0.0995222929936305,0,31,None,66,1,5,False,1000,1000
5764,114,unweighted_fl,10,0.0995222929936305,0,31,None,66,1,5,False,1000,1000
5765,110,unweighted_fl,10,0.0995222929936305,0,30,None,66,1,5,False,1000,1000
5766,111,unweighted_fl,10,0.0995222929936305,0,30,None,66,1,5,False,1000,1000
5767,112,unweighted_fl,10,0.0995222929936305,0,30,None,66,1,5,False,1000,1000
5768,113,unweighted_fl,10,0.0995222929936305,0,30,None,66,1,5,False,1000,1000
5769,114,unweighted_fl,10,0.0995222929936305,0,30,None,66,1,5,False,1000,1000
5770,110,unweighted_fl,10,0.0995222929936305,0,32,None,66,1,5,False,1000,1000
5771,111,unweighted_fl,10,0.0995222929936305,0,32,None,66,1,5,False,1000,1000
5772,112,unweighted_fl,10,0.0995222929936305,0,32,None,66,1,5,False,1000,1000
5773,113,unweighted_fl,10,0.1748606687898089,0,32,None,66,1,5,False,1000,1000
5774,114,unweighted_fl,10,0.1083797770700636,0,32,None,66,1,5,False,1000,1000
5775,115,unweighted_fl,10,0.0995222929936305,0,0,None,66,1,5,False,1000,1000
5776,116,unweighted_fl,10,0.0995222929936305,0,0,None,66,1,5,False,1000,1000
5777,117,unweighted_fl,10,0.0995222929936305,0,0,None,66,1,5,False,1000,1000
5778,118,unweighted_fl,10,0.0995222929936305,0,0,None,66,1,5,False,1000,1000
5779,119,unweighted_fl,10,0.0995222929936305,0,0,None,66,1,5,False,1000,1000
5780,115,unweighted_fl,10,0.0995222929936305,0,2,None,66,1,5,False,1000,1000
5781,116,unweighted_fl,10,0.0995222929936305,0,2,None,66,1,5,False,1000,1000
5782,117,unweighted_fl,10,0.174562101910828,0,2,None,66,1,5,False,1000,1000
5783,118,unweighted_fl,10,0.1042993630573248,0,2,None,66,1,5,False,1000,1000
5784,119,unweighted_fl,10,0.0995222929936305,0,2,None,66,1,5,False,1000,1000
5785,115,unweighted_fl,10,0.1804339171974522,0,1,None,66,1,5,False,1000,1000
5786,116,unweighted_fl,10,0.1033041401273885,0,1,None,66,1,5,False,1000,1000
5787,117,unweighted_fl,10,0.0995222929936305,0,1,None,66,1,5,False,1000,1000
5788,118,unweighted_fl,10,0.0995222929936305,0,1,None,66,1,5,False,1000,1000
5789,119,unweighted_fl,10,0.0995222929936305,0,1,None,66,1,5,False,1000,1000
5790,115,unweighted_fl,10,0.0995222929936305,0,3,None,66,1,5,False,1000,1000
5791,116,unweighted_fl,10,0.0995222929936305,0,3,None,66,1,5,False,1000,1000
5792,117,unweighted_fl,10,0.1070859872611465,0,3,None,66,1,5,False,1000,1000
5793,118,unweighted_fl,10,0.1737659235668789,0,3,None,66,1,5,False,1000,1000
5794,119,unweighted_fl,10,0.1167396496815286,0,3,None,66,1,5,False,1000,1000
5795,115,unweighted_fl,10,0.0995222929936305,0,4,None,66,1,5,False,1000,1000
5796,116,unweighted_fl,10,0.1812300955414012,0,4,None,66,1,5,False,1000,1000
5797,117,unweighted_fl,10,0.1035031847133758,0,4,None,66,1,5,False,1000,1000
5798,118,unweighted_fl,10,0.0995222929936305,0,4,None,66,1,5,False,1000,1000
5799,119,unweighted_fl,10,0.0995222929936305,0,4,None,66,1,5,False,1000,1000
5800,115,unweighted_fl,10,0.0995222929936305,0,5,None,66,1,5,False,1000,1000
5801,116,unweighted_fl,10,0.0995222929936305,0,5,None,66,1,5,False,1000,1000
5802,117,unweighted_fl,10,0.0995222929936305,0,5,None,66,1,5,False,1000,1000
5803,118,unweighted_fl,10,0.1878980891719745,0,5,None,66,1,5,False,1000,1000
5804,119,unweighted_fl,10,0.1869028662420382,0,5,None,66,1,5,False,1000,1000
5805,115,unweighted_fl,10,0.0995222929936305,0,7,None,66,1,5,False,1000,1000
5806,116,unweighted_fl,10,0.0995222929936305,0,7,None,66,1,5,False,1000,1000
5807,117,unweighted_fl,10,0.0995222929936305,0,7,None,66,1,5,False,1000,1000
5808,118,unweighted_fl,10,0.0995222929936305,0,7,None,66,1,5,False,1000,1000
5809,119,unweighted_fl,10,0.0995222929936305,0,7,None,66,1,5,False,1000,1000
5810,115,unweighted_fl,10,0.0995222929936305,0,6,None,66,1,5,False,1000,1000
5811,116,unweighted_fl,10,0.0995222929936305,0,6,None,66,1,5,False,1000,1000
5812,117,unweighted_fl,10,0.0995222929936305,0,6,None,66,1,5,False,1000,1000
5813,118,unweighted_fl,10,0.0995222929936305,0,6,None,66,1,5,False,1000,1000
5814,119,unweighted_fl,10,0.0995222929936305,0,6,None,66,1,5,False,1000,1000
5815,115,unweighted_fl,10,0.0995222929936305,0,8,None,66,1,5,False,1000,1000
5816,116,unweighted_fl,10,0.0995222929936305,0,8,None,66,1,5,False,1000,1000
5817,117,unweighted_fl,10,0.0995222929936305,0,8,None,66,1,5,False,1000,1000
5818,118,unweighted_fl,10,0.0995222929936305,0,8,None,66,1,5,False,1000,1000
5819,119,unweighted_fl,10,0.1824243630573248,0,8,None,66,1,5,False,1000,1000
5820,115,unweighted_fl,10,0.0995222929936305,0,9,None,66,1,5,False,1000,1000
5821,116,unweighted_fl,10,0.0995222929936305,0,9,None,66,1,5,False,1000,1000
5822,117,unweighted_fl,10,0.0995222929936305,0,9,None,66,1,5,False,1000,1000
5823,118,unweighted_fl,10,0.0995222929936305,0,9,None,66,1,5,False,1000,1000
5824,119,unweighted_fl,10,0.0995222929936305,0,9,None,66,1,5,False,1000,1000
5825,115,unweighted_fl,10,0.0995222929936305,0,10,None,66,1,5,False,1000,1000
5826,116,unweighted_fl,10,0.0995222929936305,0,10,None,66,1,5,False,1000,1000
5827,117,unweighted_fl,10,0.0995222929936305,0,10,None,66,1,5,False,1000,1000
5828,118,unweighted_fl,10,0.0995222929936305,0,10,None,66,1,5,False,1000,1000
5829,119,unweighted_fl,10,0.0995222929936305,0,10,None,66,1,5,False,1000,1000
5830,115,unweighted_fl,10,0.0995222929936305,0,12,None,66,1,5,False,1000,1000
5831,116,unweighted_fl,10,0.0995222929936305,0,12,None,66,1,5,False,1000,1000
5832,117,unweighted_fl,10,0.0995222929936305,0,12,None,66,1,5,False,1000,1000
5833,118,unweighted_fl,10,0.0995222929936305,0,12,None,66,1,5,False,1000,1000
5834,119,unweighted_fl,10,0.0995222929936305,0,12,None,66,1,5,False,1000,1000
5835,115,unweighted_fl,10,0.0995222929936305,0,11,None,66,1,5,False,1000,1000
5836,116,unweighted_fl,10,0.0995222929936305,0,11,None,66,1,5,False,1000,1000
5837,117,unweighted_fl,10,0.0995222929936305,0,11,None,66,1,5,False,1000,1000
5838,118,unweighted_fl,10,0.1254976114649681,0,11,None,66,1,5,False,1000,1000
5839,119,unweighted_fl,10,0.1205214968152866,0,11,None,66,1,5,False,1000,1000
5840,115,unweighted_fl,10,0.0995222929936305,0,13,None,66,1,5,False,1000,1000
5841,116,unweighted_fl,10,0.0995222929936305,0,13,None,66,1,5,False,1000,1000
5842,117,unweighted_fl,10,0.0995222929936305,0,13,None,66,1,5,False,1000,1000
5843,118,unweighted_fl,10,0.1797372611464968,0,13,None,66,1,5,False,1000,1000
5844,119,unweighted_fl,10,0.1170382165605095,0,13,None,66,1,5,False,1000,1000
5845,115,unweighted_fl,10,0.0995222929936305,0,14,None,66,1,5,False,1000,1000
5846,116,unweighted_fl,10,0.0995222929936305,0,14,None,66,1,5,False,1000,1000
5847,117,unweighted_fl,10,0.1890923566878981,0,14,None,66,1,5,False,1000,1000
5848,118,unweighted_fl,10,0.1868033439490445,0,14,None,66,1,5,False,1000,1000
5849,119,unweighted_fl,10,0.1783439490445859,0,14,None,66,1,5,False,1000,1000
5850,115,unweighted_fl,10,0.0995222929936305,0,15,None,66,1,5,False,1000,1000
5851,116,unweighted_fl,10,0.0995222929936305,0,15,None,66,1,5,False,1000,1000
5852,117,unweighted_fl,10,0.0995222929936305,0,15,None,66,1,5,False,1000,1000
5853,118,unweighted_fl,10,0.0995222929936305,0,15,None,66,1,5,False,1000,1000
5854,119,unweighted_fl,10,0.1900875796178344,0,15,None,66,1,5,False,1000,1000
5855,115,unweighted_fl,10,0.0995222929936305,0,17,None,66,1,5,False,1000,1000
5856,116,unweighted_fl,10,0.0995222929936305,0,17,None,66,1,5,False,1000,1000
5857,117,unweighted_fl,10,0.0995222929936305,0,17,None,66,1,5,False,1000,1000
5858,118,unweighted_fl,10,0.0995222929936305,0,17,None,66,1,5,False,1000,1000
5859,119,unweighted_fl,10,0.1582404458598726,0,17,None,66,1,5,False,1000,1000
5860,115,unweighted_fl,10,0.0995222929936305,0,18,None,66,1,5,False,1000,1000
5861,116,unweighted_fl,10,0.0995222929936305,0,18,None,66,1,5,False,1000,1000
5862,117,unweighted_fl,10,0.0995222929936305,0,18,None,66,1,5,False,1000,1000
5863,118,unweighted_fl,10,0.0995222929936305,0,18,None,66,1,5,False,1000,1000
5864,119,unweighted_fl,10,0.0995222929936305,0,18,None,66,1,5,False,1000,1000
5865,115,unweighted_fl,10,0.0995222929936305,0,16,None,66,1,5,False,1000,1000
5866,116,unweighted_fl,10,0.0995222929936305,0,16,None,66,1,5,False,1000,1000
5867,117,unweighted_fl,10,0.103702229299363,0,16,None,66,1,5,False,1000,1000
5868,118,unweighted_fl,10,0.1941679936305732,0,16,None,66,1,5,False,1000,1000
5869,119,unweighted_fl,10,0.1924761146496815,0,16,None,66,1,5,False,1000,1000
5870,115,unweighted_fl,10,0.0995222929936305,0,19,None,66,1,5,False,1000,1000
5871,116,unweighted_fl,10,0.0995222929936305,0,19,None,66,1,5,False,1000,1000
5872,117,unweighted_fl,10,0.0995222929936305,0,19,None,66,1,5,False,1000,1000
5873,118,unweighted_fl,10,0.0995222929936305,0,19,None,66,1,5,False,1000,1000
5874,119,unweighted_fl,10,0.1445063694267516,0,19,None,66,1,5,False,1000,1000
5875,115,unweighted_fl,10,0.0995222929936305,0,20,None,66,1,5,False,1000,1000
5876,116,unweighted_fl,10,0.0995222929936305,0,20,None,66,1,5,False,1000,1000
5877,117,unweighted_fl,10,0.0995222929936305,0,20,None,66,1,5,False,1000,1000
5878,118,unweighted_fl,10,0.0995222929936305,0,20,None,66,1,5,False,1000,1000
5879,119,unweighted_fl,10,0.0995222929936305,0,20,None,66,1,5,False,1000,1000
5880,115,unweighted_fl,10,0.0995222929936305,0,21,None,66,1,5,False,1000,1000
5881,116,unweighted_fl,10,0.0995222929936305,0,21,None,66,1,5,False,1000,1000
5882,117,unweighted_fl,10,0.0995222929936305,0,21,None,66,1,5,False,1000,1000
5883,118,unweighted_fl,10,0.0995222929936305,0,21,None,66,1,5,False,1000,1000
5884,119,unweighted_fl,10,0.0995222929936305,0,21,None,66,1,5,False,1000,1000
5885,115,unweighted_fl,10,0.0995222929936305,0,22,None,66,1,5,False,1000,1000
5886,116,unweighted_fl,10,0.0995222929936305,0,22,None,66,1,5,False,1000,1000
5887,117,unweighted_fl,10,0.0995222929936305,0,22,None,66,1,5,False,1000,1000
5888,118,unweighted_fl,10,0.0995222929936305,0,22,None,66,1,5,False,1000,1000
5889,119,unweighted_fl,10,0.0995222929936305,0,22,None,66,1,5,False,1000,1000
5890,115,unweighted_fl,10,0.0995222929936305,0,23,None,66,1,5,False,1000,1000
5891,116,unweighted_fl,10,0.0995222929936305,0,23,None,66,1,5,False,1000,1000
5892,117,unweighted_fl,10,0.0995222929936305,0,23,None,66,1,5,False,1000,1000
5893,118,unweighted_fl,10,0.1152468152866242,0,23,None,66,1,5,False,1000,1000
5894,119,unweighted_fl,10,0.1081807324840764,0,23,None,66,1,5,False,1000,1000
5895,115,unweighted_fl,10,0.1105692675159235,0,25,None,66,1,5,False,1000,1000
5896,116,unweighted_fl,10,0.0995222929936305,0,25,None,66,1,5,False,1000,1000
5897,117,unweighted_fl,10,0.0995222929936305,0,25,None,66,1,5,False,1000,1000
5898,118,unweighted_fl,10,0.0995222929936305,0,25,None,66,1,5,False,1000,1000
5899,119,unweighted_fl,10,0.0995222929936305,0,25,None,66,1,5,False,1000,1000
5900,115,unweighted_fl,10,0.1293789808917197,0,26,None,66,1,5,False,1000,1000
5901,116,unweighted_fl,10,0.0995222929936305,0,26,None,66,1,5,False,1000,1000
5902,117,unweighted_fl,10,0.0995222929936305,0,26,None,66,1,5,False,1000,1000
5903,118,unweighted_fl,10,0.0995222929936305,0,26,None,66,1,5,False,1000,1000
5904,119,unweighted_fl,10,0.0995222929936305,0,26,None,66,1,5,False,1000,1000
5905,115,unweighted_fl,10,0.0995222929936305,0,24,None,66,1,5,False,1000,1000
5906,116,unweighted_fl,10,0.0995222929936305,0,24,None,66,1,5,False,1000,1000
5907,117,unweighted_fl,10,0.0995222929936305,0,24,None,66,1,5,False,1000,1000
5908,118,unweighted_fl,10,0.0995222929936305,0,24,None,66,1,5,False,1000,1000
5909,119,unweighted_fl,10,0.0995222929936305,0,24,None,66,1,5,False,1000,1000
5910,115,unweighted_fl,10,0.1293789808917197,0,27,None,66,1,5,False,1000,1000
5911,116,unweighted_fl,10,0.0995222929936305,0,27,None,66,1,5,False,1000,1000
5912,117,unweighted_fl,10,0.0995222929936305,0,27,None,66,1,5,False,1000,1000
5913,118,unweighted_fl,10,0.0995222929936305,0,27,None,66,1,5,False,1000,1000
5914,119,unweighted_fl,10,0.0995222929936305,0,27,None,66,1,5,False,1000,1000
5915,115,unweighted_fl,10,0.0995222929936305,0,29,None,66,1,5,False,1000,1000
5916,116,unweighted_fl,10,0.0995222929936305,0,29,None,66,1,5,False,1000,1000
5917,117,unweighted_fl,10,0.1419187898089172,0,29,None,66,1,5,False,1000,1000
5918,118,unweighted_fl,10,0.0995222929936305,0,29,None,66,1,5,False,1000,1000
5919,119,unweighted_fl,10,0.0995222929936305,0,29,None,66,1,5,False,1000,1000
5920,115,unweighted_fl,10,0.0995222929936305,0,28,None,66,1,5,False,1000,1000
5921,116,unweighted_fl,10,0.0995222929936305,0,28,None,66,1,5,False,1000,1000
5922,117,unweighted_fl,10,0.0995222929936305,0,28,None,66,1,5,False,1000,1000
5923,118,unweighted_fl,10,0.0995222929936305,0,28,None,66,1,5,False,1000,1000
5924,119,unweighted_fl,10,0.0995222929936305,0,28,None,66,1,5,False,1000,1000
5925,115,unweighted_fl,10,0.0995222929936305,0,30,None,66,1,5,False,1000,1000
5926,116,unweighted_fl,10,0.0995222929936305,0,30,None,66,1,5,False,1000,1000
5927,117,unweighted_fl,10,0.0995222929936305,0,30,None,66,1,5,False,1000,1000
5928,118,unweighted_fl,10,0.0995222929936305,0,30,None,66,1,5,False,1000,1000
5929,119,unweighted_fl,10,0.0995222929936305,0,30,None,66,1,5,False,1000,1000
5930,115,unweighted_fl,10,0.0995222929936305,0,32,None,66,1,5,False,1000,1000
5931,116,unweighted_fl,10,0.0995222929936305,0,32,None,66,1,5,False,1000,1000
5932,117,unweighted_fl,10,0.0995222929936305,0,32,None,66,1,5,False,1000,1000
5933,118,unweighted_fl,10,0.181827229299363,0,32,None,66,1,5,False,1000,1000
5934,119,unweighted_fl,10,0.1383359872611465,0,32,None,66,1,5,False,1000,1000
5935,115,unweighted_fl,10,0.1182324840764331,0,31,None,66,1,5,False,1000,1000
5936,116,unweighted_fl,10,0.1064888535031847,0,31,None,66,1,5,False,1000,1000
5937,117,unweighted_fl,10,0.0995222929936305,0,31,None,66,1,5,False,1000,1000
5938,118,unweighted_fl,10,0.0995222929936305,0,31,None,66,1,5,False,1000,1000
5939,119,unweighted_fl,10,0.0995222929936305,0,31,None,66,1,5,False,1000,1000
5940,120,unweighted_fl,10,0.0995222929936305,0,0,None,66,1,5,False,1000,1000
5941,121,unweighted_fl,10,0.0995222929936305,0,0,None,66,1,5,False,1000,1000
5942,122,unweighted_fl,10,0.0995222929936305,0,0,None,66,1,5,False,1000,1000
5943,123,unweighted_fl,10,0.0995222929936305,0,0,None,66,1,5,False,1000,1000
5944,124,unweighted_fl,10,0.0995222929936305,0,0,None,66,1,5,False,1000,1000
5945,120,unweighted_fl,10,0.0995222929936305,0,2,None,66,1,5,False,1000,1000
5946,121,unweighted_fl,10,0.0995222929936305,0,2,None,66,1,5,False,1000,1000
5947,122,unweighted_fl,10,0.1741640127388535,0,2,None,66,1,5,False,1000,1000
5948,123,unweighted_fl,10,0.1177348726114649,0,2,None,66,1,5,False,1000,1000
5949,124,unweighted_fl,10,0.0995222929936305,0,2,None,66,1,5,False,1000,1000
5950,120,unweighted_fl,10,0.1917794585987261,0,1,None,66,1,5,False,1000,1000
5951,121,unweighted_fl,10,0.1262937898089172,0,1,None,66,1,5,False,1000,1000
5952,122,unweighted_fl,10,0.0995222929936305,0,1,None,66,1,5,False,1000,1000
5953,123,unweighted_fl,10,0.0995222929936305,0,1,None,66,1,5,False,1000,1000
5954,124,unweighted_fl,10,0.0995222929936305,0,1,None,66,1,5,False,1000,1000
5955,120,unweighted_fl,10,0.0995222929936305,0,3,None,66,1,5,False,1000,1000
5956,121,unweighted_fl,10,0.0995222929936305,0,3,None,66,1,5,False,1000,1000
5957,122,unweighted_fl,10,0.1849124203821656,0,3,None,66,1,5,False,1000,1000
5958,123,unweighted_fl,10,0.1652070063694267,0,3,None,66,1,5,False,1000,1000
5959,124,unweighted_fl,10,0.1378383757961783,0,3,None,66,1,5,False,1000,1000
5960,120,unweighted_fl,10,0.0995222929936305,0,5,None,66,1,5,False,1000,1000
5961,121,unweighted_fl,10,0.0995222929936305,0,5,None,66,1,5,False,1000,1000
5962,122,unweighted_fl,10,0.0995222929936305,0,5,None,66,1,5,False,1000,1000
5963,123,unweighted_fl,10,0.1878980891719745,0,5,None,66,1,5,False,1000,1000
5964,124,unweighted_fl,10,0.1906847133757961,0,5,None,66,1,5,False,1000,1000
5965,120,unweighted_fl,10,0.0995222929936305,0,6,None,66,1,5,False,1000,1000
5966,121,unweighted_fl,10,0.0995222929936305,0,6,None,66,1,5,False,1000,1000
5967,122,unweighted_fl,10,0.0995222929936305,0,6,None,66,1,5,False,1000,1000
5968,123,unweighted_fl,10,0.0995222929936305,0,6,None,66,1,5,False,1000,1000
5969,124,unweighted_fl,10,0.0995222929936305,0,6,None,66,1,5,False,1000,1000
5970,120,unweighted_fl,10,0.0995222929936305,0,4,None,66,1,5,False,1000,1000
5971,121,unweighted_fl,10,0.185609076433121,0,4,None,66,1,5,False,1000,1000
5972,122,unweighted_fl,10,0.134952229299363,0,4,None,66,1,5,False,1000,1000
5973,123,unweighted_fl,10,0.0995222929936305,0,4,None,66,1,5,False,1000,1000
5974,124,unweighted_fl,10,0.0995222929936305,0,4,None,66,1,5,False,1000,1000
5975,120,unweighted_fl,10,0.0995222929936305,0,7,None,66,1,5,False,1000,1000
5976,121,unweighted_fl,10,0.0995222929936305,0,7,None,66,1,5,False,1000,1000
5977,122,unweighted_fl,10,0.0995222929936305,0,7,None,66,1,5,False,1000,1000
5978,123,unweighted_fl,10,0.0995222929936305,0,7,None,66,1,5,False,1000,1000
5979,124,unweighted_fl,10,0.0995222929936305,0,7,None,66,1,5,False,1000,1000
5980,120,unweighted_fl,10,0.0995222929936305,0,8,None,66,1,5,False,1000,1000
5981,121,unweighted_fl,10,0.0995222929936305,0,8,None,66,1,5,False,1000,1000
5982,122,unweighted_fl,10,0.0995222929936305,0,8,None,66,1,5,False,1000,1000
5983,123,unweighted_fl,10,0.0995222929936305,0,8,None,66,1,5,False,1000,1000
5984,124,unweighted_fl,10,0.1690883757961783,0,8,None,66,1,5,False,1000,1000
5985,120,unweighted_fl,10,0.0995222929936305,0,9,None,66,1,5,False,1000,1000
5986,121,unweighted_fl,10,0.0995222929936305,0,9,None,66,1,5,False,1000,1000
5987,122,unweighted_fl,10,0.0995222929936305,0,9,None,66,1,5,False,1000,1000
5988,123,unweighted_fl,10,0.0995222929936305,0,9,None,66,1,5,False,1000,1000
5989,124,unweighted_fl,10,0.0995222929936305,0,9,None,66,1,5,False,1000,1000
5990,120,unweighted_fl,10,0.0995222929936305,0,11,None,66,1,5,False,1000,1000
5991,121,unweighted_fl,10,0.0995222929936305,0,11,None,66,1,5,False,1000,1000
5992,122,unweighted_fl,10,0.1019108280254777,0,11,None,66,1,5,False,1000,1000
5993,123,unweighted_fl,10,0.1298765923566879,0,11,None,66,1,5,False,1000,1000
5994,124,unweighted_fl,10,0.1136544585987261,0,11,None,66,1,5,False,1000,1000
5995,120,unweighted_fl,10,0.0995222929936305,0,12,None,66,1,5,False,1000,1000
5996,121,unweighted_fl,10,0.0995222929936305,0,12,None,66,1,5,False,1000,1000
5997,122,unweighted_fl,10,0.0995222929936305,0,12,None,66,1,5,False,1000,1000
5998,123,unweighted_fl,10,0.0995222929936305,0,12,None,66,1,5,False,1000,1000
5999,124,unweighted_fl,10,0.0995222929936305,0,12,None,66,1,5,False,1000,1000
6000,120,unweighted_fl,10,0.0995222929936305,0,10,None,66,1,5,False,1000,1000
6001,121,unweighted_fl,10,0.0995222929936305,0,10,None,66,1,5,False,1000,1000
6002,122,unweighted_fl,10,0.0995222929936305,0,10,None,66,1,5,False,1000,1000
6003,123,unweighted_fl,10,0.0995222929936305,0,10,None,66,1,5,False,1000,1000
6004,124,unweighted_fl,10,0.0995222929936305,0,10,None,66,1,5,False,1000,1000
6005,120,unweighted_fl,10,0.0995222929936305,0,13,None,66,1,5,False,1000,1000
6006,121,unweighted_fl,10,0.0995222929936305,0,13,None,66,1,5,False,1000,1000
6007,122,unweighted_fl,10,0.0995222929936305,0,13,None,66,1,5,False,1000,1000
6008,123,unweighted_fl,10,0.1824243630573248,0,13,None,66,1,5,False,1000,1000
6009,124,unweighted_fl,10,0.1390326433121019,0,13,None,66,1,5,False,1000,1000
6010,120,unweighted_fl,10,0.0995222929936305,0,15,None,66,1,5,False,1000,1000
6011,121,unweighted_fl,10,0.0995222929936305,0,15,None,66,1,5,False,1000,1000
6012,122,unweighted_fl,10,0.0995222929936305,0,15,None,66,1,5,False,1000,1000
6013,123,unweighted_fl,10,0.0995222929936305,0,15,None,66,1,5,False,1000,1000
6014,124,unweighted_fl,10,0.1889928343949044,0,15,None,66,1,5,False,1000,1000
6015,120,unweighted_fl,10,0.0995222929936305,0,14,None,66,1,5,False,1000,1000
6016,121,unweighted_fl,10,0.0997213375796178,0,14,None,66,1,5,False,1000,1000
6017,122,unweighted_fl,10,0.1869028662420382,0,14,None,66,1,5,False,1000,1000
6018,123,unweighted_fl,10,0.1875,0,14,None,66,1,5,False,1000,1000
6019,124,unweighted_fl,10,0.1840167197452229,0,14,None,66,1,5,False,1000,1000
6020,120,unweighted_fl,10,0.0995222929936305,0,16,None,66,1,5,False,1000,1000
6021,121,unweighted_fl,10,0.101015127388535,0,16,None,66,1,5,False,1000,1000
6022,122,unweighted_fl,10,0.1132563694267515,0,16,None,66,1,5,False,1000,1000
6023,123,unweighted_fl,10,0.1941679936305732,0,16,None,66,1,5,False,1000,1000
6024,124,unweighted_fl,10,0.1936703821656051,0,16,None,66,1,5,False,1000,1000
6025,120,unweighted_fl,10,0.0995222929936305,0,17,None,66,1,5,False,1000,1000
6026,121,unweighted_fl,10,0.0995222929936305,0,17,None,66,1,5,False,1000,1000
6027,122,unweighted_fl,10,0.0995222929936305,0,17,None,66,1,5,False,1000,1000
6028,123,unweighted_fl,10,0.0995222929936305,0,17,None,66,1,5,False,1000,1000
6029,124,unweighted_fl,10,0.1473925159235669,0,17,None,66,1,5,False,1000,1000
6030,120,unweighted_fl,10,0.0995222929936305,0,18,None,66,1,5,False,1000,1000
6031,121,unweighted_fl,10,0.0995222929936305,0,18,None,66,1,5,False,1000,1000
6032,122,unweighted_fl,10,0.0995222929936305,0,18,None,66,1,5,False,1000,1000
6033,123,unweighted_fl,10,0.0995222929936305,0,18,None,66,1,5,False,1000,1000
6034,124,unweighted_fl,10,0.0995222929936305,0,18,None,66,1,5,False,1000,1000
6035,120,unweighted_fl,10,0.0995222929936305,0,20,None,66,1,5,False,1000,1000
6036,121,unweighted_fl,10,0.0995222929936305,0,20,None,66,1,5,False,1000,1000
6037,122,unweighted_fl,10,0.0995222929936305,0,20,None,66,1,5,False,1000,1000
6038,123,unweighted_fl,10,0.0995222929936305,0,20,None,66,1,5,False,1000,1000
6039,124,unweighted_fl,10,0.0995222929936305,0,20,None,66,1,5,False,1000,1000
6040,120,unweighted_fl,10,0.0995222929936305,0,19,None,66,1,5,False,1000,1000
6041,121,unweighted_fl,10,0.0995222929936305,0,19,None,66,1,5,False,1000,1000
6042,122,unweighted_fl,10,0.0995222929936305,0,19,None,66,1,5,False,1000,1000
6043,123,unweighted_fl,10,0.0995222929936305,0,19,None,66,1,5,False,1000,1000
6044,124,unweighted_fl,10,0.1514729299363057,0,19,None,66,1,5,False,1000,1000
6045,120,unweighted_fl,10,0.0995222929936305,0,21,None,66,1,5,False,1000,1000
6046,121,unweighted_fl,10,0.0995222929936305,0,21,None,66,1,5,False,1000,1000
6047,122,unweighted_fl,10,0.0995222929936305,0,21,None,66,1,5,False,1000,1000
6048,123,unweighted_fl,10,0.0995222929936305,0,21,None,66,1,5,False,1000,1000
6049,124,unweighted_fl,10,0.0995222929936305,0,21,None,66,1,5,False,1000,1000
6050,120,unweighted_fl,10,0.0995222929936305,0,23,None,66,1,5,False,1000,1000
6051,121,unweighted_fl,10,0.0995222929936305,0,23,None,66,1,5,False,1000,1000
6052,122,unweighted_fl,10,0.1039012738853503,0,23,None,66,1,5,False,1000,1000
6053,123,unweighted_fl,10,0.1110668789808917,0,23,None,66,1,5,False,1000,1000
6054,124,unweighted_fl,10,0.1015127388535031,0,23,None,66,1,5,False,1000,1000
6055,120,unweighted_fl,10,0.0995222929936305,0,22,None,66,1,5,False,1000,1000
6056,121,unweighted_fl,10,0.0995222929936305,0,22,None,66,1,5,False,1000,1000
6057,122,unweighted_fl,10,0.0995222929936305,0,22,None,66,1,5,False,1000,1000
6058,123,unweighted_fl,10,0.0995222929936305,0,22,None,66,1,5,False,1000,1000
6059,124,unweighted_fl,10,0.0995222929936305,0,22,None,66,1,5,False,1000,1000
6060,120,unweighted_fl,10,0.0995222929936305,0,24,None,66,1,5,False,1000,1000
6061,121,unweighted_fl,10,0.0995222929936305,0,24,None,66,1,5,False,1000,1000
6062,122,unweighted_fl,10,0.0995222929936305,0,24,None,66,1,5,False,1000,1000
6063,123,unweighted_fl,10,0.0995222929936305,0,24,None,66,1,5,False,1000,1000
6064,124,unweighted_fl,10,0.0995222929936305,0,24,None,66,1,5,False,1000,1000
6065,120,unweighted_fl,10,0.1299761146496815,0,25,None,66,1,5,False,1000,1000
6066,121,unweighted_fl,10,0.0995222929936305,0,25,None,66,1,5,False,1000,1000
6067,122,unweighted_fl,10,0.0995222929936305,0,25,None,66,1,5,False,1000,1000
6068,123,unweighted_fl,10,0.0995222929936305,0,25,None,66,1,5,False,1000,1000
6069,124,unweighted_fl,10,0.0995222929936305,0,25,None,66,1,5,False,1000,1000
6070,120,unweighted_fl,10,0.1453025477707006,0,27,None,66,1,5,False,1000,1000
6071,121,unweighted_fl,10,0.0995222929936305,0,27,None,66,1,5,False,1000,1000
6072,122,unweighted_fl,10,0.0995222929936305,0,27,None,66,1,5,False,1000,1000
6073,123,unweighted_fl,10,0.0995222929936305,0,27,None,66,1,5,False,1000,1000
6074,124,unweighted_fl,10,0.0995222929936305,0,27,None,66,1,5,False,1000,1000
6075,120,unweighted_fl,10,0.0995222929936305,0,26,None,66,1,5,False,1000,1000
6076,121,unweighted_fl,10,0.0995222929936305,0,26,None,66,1,5,False,1000,1000
6077,122,unweighted_fl,10,0.0995222929936305,0,26,None,66,1,5,False,1000,1000
6078,123,unweighted_fl,10,0.0995222929936305,0,26,None,66,1,5,False,1000,1000
6079,124,unweighted_fl,10,0.0995222929936305,0,26,None,66,1,5,False,1000,1000
6080,120,unweighted_fl,10,0.0995222929936305,0,28,None,66,1,5,False,1000,1000
6081,121,unweighted_fl,10,0.0995222929936305,0,28,None,66,1,5,False,1000,1000
6082,122,unweighted_fl,10,0.0995222929936305,0,28,None,66,1,5,False,1000,1000
6083,123,unweighted_fl,10,0.0995222929936305,0,28,None,66,1,5,False,1000,1000
6084,124,unweighted_fl,10,0.0995222929936305,0,28,None,66,1,5,False,1000,1000
6085,120,unweighted_fl,10,0.0995222929936305,0,29,None,66,1,5,False,1000,1000
6086,121,unweighted_fl,10,0.0995222929936305,0,29,None,66,1,5,False,1000,1000
6087,122,unweighted_fl,10,0.144108280254777,0,29,None,66,1,5,False,1000,1000
6088,123,unweighted_fl,10,0.0995222929936305,0,29,None,66,1,5,False,1000,1000
6089,124,unweighted_fl,10,0.0995222929936305,0,29,None,66,1,5,False,1000,1000
6090,120,unweighted_fl,10,0.0995222929936305,0,30,None,66,1,5,False,1000,1000
6091,121,unweighted_fl,10,0.0995222929936305,0,30,None,66,1,5,False,1000,1000
6092,122,unweighted_fl,10,0.0995222929936305,0,30,None,66,1,5,False,1000,1000
6093,123,unweighted_fl,10,0.0995222929936305,0,30,None,66,1,5,False,1000,1000
6094,124,unweighted_fl,10,0.0995222929936305,0,30,None,66,1,5,False,1000,1000
6095,120,unweighted_fl,10,0.1361464968152866,0,31,None,66,1,5,False,1000,1000
6096,121,unweighted_fl,10,0.0995222929936305,0,31,None,66,1,5,False,1000,1000
6097,122,unweighted_fl,10,0.0995222929936305,0,31,None,66,1,5,False,1000,1000
6098,123,unweighted_fl,10,0.0995222929936305,0,31,None,66,1,5,False,1000,1000
6099,124,unweighted_fl,10,0.0995222929936305,0,31,None,66,1,5,False,1000,1000
6100,120,unweighted_fl,10,0.0995222929936305,0,32,None,66,1,5,False,1000,1000
6101,121,unweighted_fl,10,0.0995222929936305,0,32,None,66,1,5,False,1000,1000
6102,122,unweighted_fl,10,0.1269904458598726,0,32,None,66,1,5,False,1000,1000
6103,123,unweighted_fl,10,0.1798367834394904,0,32,None,66,1,5,False,1000,1000
6104,124,unweighted_fl,10,0.1458996815286624,0,32,None,66,1,5,False,1000,1000
6105,125,unweighted_fl,10,0.1831210191082802,0,1,None,66,1,5,False,1000,1000
6106,126,unweighted_fl,10,0.1460987261146497,0,1,None,66,1,5,False,1000,1000
6107,127,unweighted_fl,10,0.0995222929936305,0,1,None,66,1,5,False,1000,1000
6108,128,unweighted_fl,10,0.0995222929936305,0,1,None,66,1,5,False,1000,1000
6109,129,unweighted_fl,10,0.0995222929936305,0,1,None,66,1,5,False,1000,1000
6110,125,unweighted_fl,10,0.0995222929936305,0,0,None,66,1,5,False,1000,1000
6111,126,unweighted_fl,10,0.0995222929936305,0,0,None,66,1,5,False,1000,1000
6112,127,unweighted_fl,10,0.0995222929936305,0,0,None,66,1,5,False,1000,1000
6113,128,unweighted_fl,10,0.0995222929936305,0,0,None,66,1,5,False,1000,1000
6114,129,unweighted_fl,10,0.0995222929936305,0,0,None,66,1,5,False,1000,1000
6115,125,unweighted_fl,10,0.0995222929936305,0,2,None,66,1,5,False,1000,1000
6116,126,unweighted_fl,10,0.0996218152866242,0,2,None,66,1,5,False,1000,1000
6117,127,unweighted_fl,10,0.1765525477707006,0,2,None,66,1,5,False,1000,1000
6118,128,unweighted_fl,10,0.1319665605095541,0,2,None,66,1,5,False,1000,1000
6119,129,unweighted_fl,10,0.0995222929936305,0,2,None,66,1,5,False,1000,1000
6120,125,unweighted_fl,10,0.0995222929936305,0,3,None,66,1,5,False,1000,1000
6121,126,unweighted_fl,10,0.0995222929936305,0,3,None,66,1,5,False,1000,1000
6122,127,unweighted_fl,10,0.1858081210191083,0,3,None,66,1,5,False,1000,1000
6123,128,unweighted_fl,10,0.1828224522292993,0,3,None,66,1,5,False,1000,1000
6124,129,unweighted_fl,10,0.166202229299363,0,3,None,66,1,5,False,1000,1000
6125,125,unweighted_fl,10,0.0995222929936305,0,4,None,66,1,5,False,1000,1000
6126,126,unweighted_fl,10,0.1825238853503184,0,4,None,66,1,5,False,1000,1000
6127,127,unweighted_fl,10,0.1383359872611465,0,4,None,66,1,5,False,1000,1000
6128,128,unweighted_fl,10,0.0995222929936305,0,4,None,66,1,5,False,1000,1000
6129,129,unweighted_fl,10,0.0995222929936305,0,4,None,66,1,5,False,1000,1000
6130,125,unweighted_fl,10,0.0995222929936305,0,5,None,66,1,5,False,1000,1000
6131,126,unweighted_fl,10,0.0995222929936305,0,5,None,66,1,5,False,1000,1000
6132,127,unweighted_fl,10,0.0995222929936305,0,5,None,66,1,5,False,1000,1000
6133,128,unweighted_fl,10,0.1876990445859872,0,5,None,66,1,5,False,1000,1000
6134,129,unweighted_fl,10,0.1927746815286624,0,5,None,66,1,5,False,1000,1000
6135,125,unweighted_fl,10,0.0995222929936305,0,6,None,66,1,5,False,1000,1000
6136,126,unweighted_fl,10,0.0995222929936305,0,6,None,66,1,5,False,1000,1000
6137,127,unweighted_fl,10,0.0995222929936305,0,6,None,66,1,5,False,1000,1000
6138,128,unweighted_fl,10,0.0995222929936305,0,6,None,66,1,5,False,1000,1000
6139,129,unweighted_fl,10,0.0995222929936305,0,6,None,66,1,5,False,1000,1000
6140,125,unweighted_fl,10,0.0995222929936305,0,8,None,66,1,5,False,1000,1000
6141,126,unweighted_fl,10,0.0995222929936305,0,8,None,66,1,5,False,1000,1000
6142,127,unweighted_fl,10,0.0995222929936305,0,8,None,66,1,5,False,1000,1000
6143,128,unweighted_fl,10,0.0995222929936305,0,8,None,66,1,5,False,1000,1000
6144,129,unweighted_fl,10,0.169984076433121,0,8,None,66,1,5,False,1000,1000
6145,125,unweighted_fl,10,0.0995222929936305,0,7,None,66,1,5,False,1000,1000
6146,126,unweighted_fl,10,0.0995222929936305,0,7,None,66,1,5,False,1000,1000
6147,127,unweighted_fl,10,0.0995222929936305,0,7,None,66,1,5,False,1000,1000
6148,128,unweighted_fl,10,0.0995222929936305,0,7,None,66,1,5,False,1000,1000
6149,129,unweighted_fl,10,0.0995222929936305,0,7,None,66,1,5,False,1000,1000
6150,125,unweighted_fl,10,0.0995222929936305,0,9,None,66,1,5,False,1000,1000
6151,126,unweighted_fl,10,0.0995222929936305,0,9,None,66,1,5,False,1000,1000
6152,127,unweighted_fl,10,0.0995222929936305,0,9,None,66,1,5,False,1000,1000
6153,128,unweighted_fl,10,0.0995222929936305,0,9,None,66,1,5,False,1000,1000
6154,129,unweighted_fl,10,0.0995222929936305,0,9,None,66,1,5,False,1000,1000
6155,125,unweighted_fl,10,0.0995222929936305,0,10,None,66,1,5,False,1000,1000
6156,126,unweighted_fl,10,0.0995222929936305,0,10,None,66,1,5,False,1000,1000
6157,127,unweighted_fl,10,0.0995222929936305,0,10,None,66,1,5,False,1000,1000
6158,128,unweighted_fl,10,0.0995222929936305,0,10,None,66,1,5,False,1000,1000
6159,129,unweighted_fl,10,0.0995222929936305,0,10,None,66,1,5,False,1000,1000
6160,125,unweighted_fl,10,0.0995222929936305,0,11,None,66,1,5,False,1000,1000
6161,126,unweighted_fl,10,0.0995222929936305,0,11,None,66,1,5,False,1000,1000
6162,127,unweighted_fl,10,0.1090764331210191,0,11,None,66,1,5,False,1000,1000
6163,128,unweighted_fl,10,0.1301751592356688,0,11,None,66,1,5,False,1000,1000
6164,129,unweighted_fl,10,0.1141520700636942,0,11,None,66,1,5,False,1000,1000
6165,125,unweighted_fl,10,0.0995222929936305,0,12,None,66,1,5,False,1000,1000
6166,126,unweighted_fl,10,0.0995222929936305,0,12,None,66,1,5,False,1000,1000
6167,127,unweighted_fl,10,0.0995222929936305,0,12,None,66,1,5,False,1000,1000
6168,128,unweighted_fl,10,0.0995222929936305,0,12,None,66,1,5,False,1000,1000
6169,129,unweighted_fl,10,0.0995222929936305,0,12,None,66,1,5,False,1000,1000
6170,125,unweighted_fl,10,0.0995222929936305,0,13,None,66,1,5,False,1000,1000
6171,126,unweighted_fl,10,0.0995222929936305,0,13,None,66,1,5,False,1000,1000
6172,127,unweighted_fl,10,0.0995222929936305,0,13,None,66,1,5,False,1000,1000
6173,128,unweighted_fl,10,0.1849124203821656,0,13,None,66,1,5,False,1000,1000
6174,129,unweighted_fl,10,0.1531648089171974,0,13,None,66,1,5,False,1000,1000
6175,125,unweighted_fl,10,0.0995222929936305,0,14,None,66,1,5,False,1000,1000
6176,126,unweighted_fl,10,0.1266918789808917,0,14,None,66,1,5,False,1000,1000
6177,127,unweighted_fl,10,0.1855095541401273,0,14,None,66,1,5,False,1000,1000
6178,128,unweighted_fl,10,0.1873009554140127,0,14,None,66,1,5,False,1000,1000
6179,129,unweighted_fl,10,0.18640525477707,0,14,None,66,1,5,False,1000,1000
6180,125,unweighted_fl,10,0.0995222929936305,0,15,None,66,1,5,False,1000,1000
6181,126,unweighted_fl,10,0.0995222929936305,0,15,None,66,1,5,False,1000,1000
6182,127,unweighted_fl,10,0.0995222929936305,0,15,None,66,1,5,False,1000,1000
6183,128,unweighted_fl,10,0.1177348726114649,0,15,None,66,1,5,False,1000,1000
6184,129,unweighted_fl,10,0.1874004777070063,0,15,None,66,1,5,False,1000,1000
6185,125,unweighted_fl,10,0.0995222929936305,0,17,None,66,1,5,False,1000,1000
6186,126,unweighted_fl,10,0.0995222929936305,0,17,None,66,1,5,False,1000,1000
6187,127,unweighted_fl,10,0.0995222929936305,0,17,None,66,1,5,False,1000,1000
6188,128,unweighted_fl,10,0.0995222929936305,0,17,None,66,1,5,False,1000,1000
6189,129,unweighted_fl,10,0.1743630573248407,0,17,None,66,1,5,False,1000,1000
6190,125,unweighted_fl,10,0.0995222929936305,0,16,None,66,1,5,False,1000,1000
6191,126,unweighted_fl,10,0.0995222929936305,0,16,None,66,1,5,False,1000,1000
6192,127,unweighted_fl,10,0.1515724522292993,0,16,None,66,1,5,False,1000,1000
6193,128,unweighted_fl,10,0.1951632165605095,0,16,None,66,1,5,False,1000,1000
6194,129,unweighted_fl,10,0.1945660828025477,0,16,None,66,1,5,False,1000,1000
6195,125,unweighted_fl,10,0.0995222929936305,0,18,None,66,1,5,False,1000,1000
6196,126,unweighted_fl,10,0.0995222929936305,0,18,None,66,1,5,False,1000,1000
6197,127,unweighted_fl,10,0.0995222929936305,0,18,None,66,1,5,False,1000,1000
6198,128,unweighted_fl,10,0.0995222929936305,0,18,None,66,1,5,False,1000,1000
6199,129,unweighted_fl,10,0.0995222929936305,0,18,None,66,1,5,False,1000,1000
6200,125,unweighted_fl,10,0.0995222929936305,0,19,None,66,1,5,False,1000,1000
6201,126,unweighted_fl,10,0.0995222929936305,0,19,None,66,1,5,False,1000,1000
6202,127,unweighted_fl,10,0.0995222929936305,0,19,None,66,1,5,False,1000,1000
6203,128,unweighted_fl,10,0.0995222929936305,0,19,None,66,1,5,False,1000,1000
6204,129,unweighted_fl,10,0.1511743630573248,0,19,None,66,1,5,False,1000,1000
6205,125,unweighted_fl,10,0.0995222929936305,0,20,None,66,1,5,False,1000,1000
6206,126,unweighted_fl,10,0.0995222929936305,0,20,None,66,1,5,False,1000,1000
6207,127,unweighted_fl,10,0.0995222929936305,0,20,None,66,1,5,False,1000,1000
6208,128,unweighted_fl,10,0.0995222929936305,0,20,None,66,1,5,False,1000,1000
6209,129,unweighted_fl,10,0.0995222929936305,0,20,None,66,1,5,False,1000,1000
6210,125,unweighted_fl,10,0.0995222929936305,0,21,None,66,1,5,False,1000,1000
6211,126,unweighted_fl,10,0.0995222929936305,0,21,None,66,1,5,False,1000,1000
6212,127,unweighted_fl,10,0.0995222929936305,0,21,None,66,1,5,False,1000,1000
6213,128,unweighted_fl,10,0.0995222929936305,0,21,None,66,1,5,False,1000,1000
6214,129,unweighted_fl,10,0.0995222929936305,0,21,None,66,1,5,False,1000,1000
6215,125,unweighted_fl,10,0.0995222929936305,0,22,None,66,1,5,False,1000,1000
6216,126,unweighted_fl,10,0.0995222929936305,0,22,None,66,1,5,False,1000,1000
6217,127,unweighted_fl,10,0.0995222929936305,0,22,None,66,1,5,False,1000,1000
6218,128,unweighted_fl,10,0.0995222929936305,0,22,None,66,1,5,False,1000,1000
6219,129,unweighted_fl,10,0.0995222929936305,0,22,None,66,1,5,False,1000,1000
6220,125,unweighted_fl,10,0.0995222929936305,0,23,None,66,1,5,False,1000,1000
6221,126,unweighted_fl,10,0.0995222929936305,0,23,None,66,1,5,False,1000,1000
6222,127,unweighted_fl,10,0.114749203821656,0,23,None,66,1,5,False,1000,1000
6223,128,unweighted_fl,10,0.1085788216560509,0,23,None,66,1,5,False,1000,1000
6224,129,unweighted_fl,10,0.0998208598726114,0,23,None,66,1,5,False,1000,1000
6225,125,unweighted_fl,10,0.0995222929936305,0,24,None,66,1,5,False,1000,1000
6226,126,unweighted_fl,10,0.0995222929936305,0,24,None,66,1,5,False,1000,1000
6227,127,unweighted_fl,10,0.0995222929936305,0,24,None,66,1,5,False,1000,1000
6228,128,unweighted_fl,10,0.0995222929936305,0,24,None,66,1,5,False,1000,1000
6229,129,unweighted_fl,10,0.0995222929936305,0,24,None,66,1,5,False,1000,1000
6230,125,unweighted_fl,10,0.1442078025477707,0,26,None,66,1,5,False,1000,1000
6231,126,unweighted_fl,10,0.0995222929936305,0,26,None,66,1,5,False,1000,1000
6232,127,unweighted_fl,10,0.0995222929936305,0,26,None,66,1,5,False,1000,1000
6233,128,unweighted_fl,10,0.0995222929936305,0,26,None,66,1,5,False,1000,1000
6234,129,unweighted_fl,10,0.1266918789808917,0,26,None,66,1,5,False,1000,1000
6235,125,unweighted_fl,10,0.1289808917197452,0,25,None,66,1,5,False,1000,1000
6236,126,unweighted_fl,10,0.0995222929936305,0,25,None,66,1,5,False,1000,1000
6237,127,unweighted_fl,10,0.0995222929936305,0,25,None,66,1,5,False,1000,1000
6238,128,unweighted_fl,10,0.0995222929936305,0,25,None,66,1,5,False,1000,1000
6239,129,unweighted_fl,10,0.0995222929936305,0,25,None,66,1,5,False,1000,1000
6240,125,unweighted_fl,10,0.1035031847133758,0,27,None,66,1,5,False,1000,1000
6241,126,unweighted_fl,10,0.0995222929936305,0,27,None,66,1,5,False,1000,1000
6242,127,unweighted_fl,10,0.0995222929936305,0,27,None,66,1,5,False,1000,1000
6243,128,unweighted_fl,10,0.0995222929936305,0,27,None,66,1,5,False,1000,1000
6244,129,unweighted_fl,10,0.0995222929936305,0,27,None,66,1,5,False,1000,1000
6245,125,unweighted_fl,10,0.0995222929936305,0,28,None,66,1,5,False,1000,1000
6246,126,unweighted_fl,10,0.0995222929936305,0,28,None,66,1,5,False,1000,1000
6247,127,unweighted_fl,10,0.0995222929936305,0,28,None,66,1,5,False,1000,1000
6248,128,unweighted_fl,10,0.0995222929936305,0,28,None,66,1,5,False,1000,1000
6249,129,unweighted_fl,10,0.0995222929936305,0,28,None,66,1,5,False,1000,1000
6250,125,unweighted_fl,10,0.0995222929936305,0,29,None,66,1,5,False,1000,1000
6251,126,unweighted_fl,10,0.0995222929936305,0,29,None,66,1,5,False,1000,1000
6252,127,unweighted_fl,10,0.1015127388535031,0,29,None,66,1,5,False,1000,1000
6253,128,unweighted_fl,10,0.0995222929936305,0,29,None,66,1,5,False,1000,1000
6254,129,unweighted_fl,10,0.0995222929936305,0,29,None,66,1,5,False,1000,1000
6255,125,unweighted_fl,10,0.0995222929936305,0,30,None,66,1,5,False,1000,1000
6256,126,unweighted_fl,10,0.0995222929936305,0,30,None,66,1,5,False,1000,1000
6257,127,unweighted_fl,10,0.0995222929936305,0,30,None,66,1,5,False,1000,1000
6258,128,unweighted_fl,10,0.0995222929936305,0,30,None,66,1,5,False,1000,1000
6259,129,unweighted_fl,10,0.0995222929936305,0,30,None,66,1,5,False,1000,1000
6260,125,unweighted_fl,10,0.1742635350318471,0,31,None,66,1,5,False,1000,1000
6261,126,unweighted_fl,10,0.1069864649681528,0,31,None,66,1,5,False,1000,1000
6262,127,unweighted_fl,10,0.0995222929936305,0,31,None,66,1,5,False,1000,1000
6263,128,unweighted_fl,10,0.0995222929936305,0,31,None,66,1,5,False,1000,1000
6264,129,unweighted_fl,10,0.0995222929936305,0,31,None,66,1,5,False,1000,1000
6265,125,unweighted_fl,10,0.0995222929936305,0,32,None,66,1,5,False,1000,1000
6266,126,unweighted_fl,10,0.0995222929936305,0,32,None,66,1,5,False,1000,1000
6267,127,unweighted_fl,10,0.1058917197452229,0,32,None,66,1,5,False,1000,1000
6268,128,unweighted_fl,10,0.1868033439490445,0,32,None,66,1,5,False,1000,1000
6269,129,unweighted_fl,10,0.1647093949044586,0,32,None,66,1,5,False,1000,1000
8085,130,unweighted_fl,10,0.0995222929936305,0,0,None,66,1,5,False,1000,1000
8086,131,unweighted_fl,10,0.0995222929936305,0,0,None,66,1,5,False,1000,1000
8087,132,unweighted_fl,10,0.0995222929936305,0,0,None,66,1,5,False,1000,1000
8088,133,unweighted_fl,10,0.0995222929936305,0,0,None,66,1,5,False,1000,1000
8089,134,unweighted_fl,10,0.0995222929936305,0,0,None,66,1,5,False,1000,1000
8090,130,unweighted_fl,10,0.1823248407643312,0,1,None,66,1,5,False,1000,1000
8091,131,unweighted_fl,10,0.1571457006369426,0,1,None,66,1,5,False,1000,1000
8092,132,unweighted_fl,10,0.1159434713375796,0,1,None,66,1,5,False,1000,1000
8093,133,unweighted_fl,10,0.0995222929936305,0,1,None,66,1,5,False,1000,1000
8094,134,unweighted_fl,10,0.0995222929936305,0,1,None,66,1,5,False,1000,1000
8095,130,unweighted_fl,10,0.0995222929936305,0,2,None,66,1,5,False,1000,1000
8096,131,unweighted_fl,10,0.1006170382165605,0,2,None,66,1,5,False,1000,1000
8097,132,unweighted_fl,10,0.183718152866242,0,2,None,66,1,5,False,1000,1000
8098,133,unweighted_fl,10,0.1491839171974522,0,2,None,66,1,5,False,1000,1000
8099,134,unweighted_fl,10,0.1126592356687898,0,2,None,66,1,5,False,1000,1000
8100,130,unweighted_fl,10,0.0995222929936305,0,4,None,66,1,5,False,1000,1000
8101,131,unweighted_fl,10,0.1869028662420382,0,4,None,66,1,5,False,1000,1000
8102,132,unweighted_fl,10,0.174562101910828,0,4,None,66,1,5,False,1000,1000
8103,133,unweighted_fl,10,0.1397292993630573,0,4,None,66,1,5,False,1000,1000
8104,134,unweighted_fl,10,0.1011146496815286,0,4,None,66,1,5,False,1000,1000
8105,130,unweighted_fl,10,0.0995222929936305,0,3,None,66,1,5,False,1000,1000
8106,131,unweighted_fl,10,0.0995222929936305,0,3,None,66,1,5,False,1000,1000
8107,132,unweighted_fl,10,0.18640525477707,0,3,None,66,1,5,False,1000,1000
8108,133,unweighted_fl,10,0.227906050955414,0,3,None,66,1,5,False,1000,1000
8109,134,unweighted_fl,10,0.1769506369426751,0,3,None,66,1,5,False,1000,1000
8110,130,unweighted_fl,10,0.0995222929936305,0,5,None,66,1,5,False,1000,1000
8111,131,unweighted_fl,10,0.0995222929936305,0,5,None,66,1,5,False,1000,1000
8112,132,unweighted_fl,10,0.0995222929936305,0,5,None,66,1,5,False,1000,1000
8113,133,unweighted_fl,10,0.1877985668789809,0,5,None,66,1,5,False,1000,1000
8114,134,unweighted_fl,10,0.1998407643312102,0,5,None,66,1,5,False,1000,1000
8115,130,unweighted_fl,10,0.0995222929936305,0,6,None,66,1,5,False,1000,1000
8116,131,unweighted_fl,10,0.0995222929936305,0,6,None,66,1,5,False,1000,1000
8117,132,unweighted_fl,10,0.0995222929936305,0,6,None,66,1,5,False,1000,1000
8118,133,unweighted_fl,10,0.0995222929936305,0,6,None,66,1,5,False,1000,1000
8119,134,unweighted_fl,10,0.0995222929936305,0,6,None,66,1,5,False,1000,1000
8120,130,unweighted_fl,10,0.0995222929936305,0,7,None,66,1,5,False,1000,1000
8121,131,unweighted_fl,10,0.0995222929936305,0,7,None,66,1,5,False,1000,1000
8122,132,unweighted_fl,10,0.0995222929936305,0,7,None,66,1,5,False,1000,1000
8123,133,unweighted_fl,10,0.0995222929936305,0,7,None,66,1,5,False,1000,1000
8124,134,unweighted_fl,10,0.0995222929936305,0,7,None,66,1,5,False,1000,1000
8125,130,unweighted_fl,10,0.0995222929936305,0,9,None,66,1,5,False,1000,1000
8126,131,unweighted_fl,10,0.0995222929936305,0,9,None,66,1,5,False,1000,1000
8127,132,unweighted_fl,10,0.0995222929936305,0,9,None,66,1,5,False,1000,1000
8128,133,unweighted_fl,10,0.0995222929936305,0,9,None,66,1,5,False,1000,1000
8129,134,unweighted_fl,10,0.0995222929936305,0,9,None,66,1,5,False,1000,1000
8130,130,unweighted_fl,10,0.0995222929936305,0,8,None,66,1,5,False,1000,1000
8131,131,unweighted_fl,10,0.0995222929936305,0,8,None,66,1,5,False,1000,1000
8132,132,unweighted_fl,10,0.0995222929936305,0,8,None,66,1,5,False,1000,1000
8133,133,unweighted_fl,10,0.0995222929936305,0,8,None,66,1,5,False,1000,1000
8134,134,unweighted_fl,10,0.1615246815286624,0,8,None,66,1,5,False,1000,1000
8135,130,unweighted_fl,10,0.0995222929936305,0,10,None,66,1,5,False,1000,1000
8136,131,unweighted_fl,10,0.0995222929936305,0,10,None,66,1,5,False,1000,1000
8137,132,unweighted_fl,10,0.0995222929936305,0,10,None,66,1,5,False,1000,1000
8138,133,unweighted_fl,10,0.0995222929936305,0,10,None,66,1,5,False,1000,1000
8139,134,unweighted_fl,10,0.0995222929936305,0,10,None,66,1,5,False,1000,1000
8140,130,unweighted_fl,10,0.0995222929936305,0,11,None,66,1,5,False,1000,1000
8141,131,unweighted_fl,10,0.1038017515923566,0,11,None,66,1,5,False,1000,1000
8142,132,unweighted_fl,10,0.128483280254777,0,11,None,66,1,5,False,1000,1000
8143,133,unweighted_fl,10,0.122014331210191,0,11,None,66,1,5,False,1000,1000
8144,134,unweighted_fl,10,0.1059912420382165,0,11,None,66,1,5,False,1000,1000
8145,130,unweighted_fl,10,0.0995222929936305,0,12,None,66,1,5,False,1000,1000
8146,131,unweighted_fl,10,0.0995222929936305,0,12,None,66,1,5,False,1000,1000
8147,132,unweighted_fl,10,0.0995222929936305,0,12,None,66,1,5,False,1000,1000
8148,133,unweighted_fl,10,0.0995222929936305,0,12,None,66,1,5,False,1000,1000
8149,134,unweighted_fl,10,0.0995222929936305,0,12,None,66,1,5,False,1000,1000
8150,130,unweighted_fl,10,0.0995222929936305,0,14,None,66,1,5,False,1000,1000
8151,131,unweighted_fl,10,0.181031050955414,0,14,None,66,1,5,False,1000,1000
8152,132,unweighted_fl,10,0.181827229299363,0,14,None,66,1,5,False,1000,1000
8153,133,unweighted_fl,10,0.1859076433121019,0,14,None,66,1,5,False,1000,1000
8154,134,unweighted_fl,10,0.1867038216560509,0,14,None,66,1,5,False,1000,1000
8155,130,unweighted_fl,10,0.0995222929936305,0,13,None,66,1,5,False,1000,1000
8156,131,unweighted_fl,10,0.0995222929936305,0,13,None,66,1,5,False,1000,1000
8157,132,unweighted_fl,10,0.1241042993630573,0,13,None,66,1,5,False,1000,1000
8158,133,unweighted_fl,10,0.1866042993630573,0,13,None,66,1,5,False,1000,1000
8159,134,unweighted_fl,10,0.1647093949044586,0,13,None,66,1,5,False,1000,1000
8160,130,unweighted_fl,10,0.0995222929936305,0,15,None,66,1,5,False,1000,1000
8161,131,unweighted_fl,10,0.0995222929936305,0,15,None,66,1,5,False,1000,1000
8162,132,unweighted_fl,10,0.0995222929936305,0,15,None,66,1,5,False,1000,1000
8163,133,unweighted_fl,10,0.1428144904458598,0,15,None,66,1,5,False,1000,1000
8164,134,unweighted_fl,10,0.1857085987261146,0,15,None,66,1,5,False,1000,1000
8165,130,unweighted_fl,10,0.0995222929936305,0,17,None,66,1,5,False,1000,1000
8166,131,unweighted_fl,10,0.0995222929936305,0,17,None,66,1,5,False,1000,1000
8167,132,unweighted_fl,10,0.0995222929936305,0,17,None,66,1,5,False,1000,1000
8168,133,unweighted_fl,10,0.0995222929936305,0,17,None,66,1,5,False,1000,1000
8169,134,unweighted_fl,10,0.1696855095541401,0,17,None,66,1,5,False,1000,1000
8170,130,unweighted_fl,10,0.0995222929936305,0,16,None,66,1,5,False,1000,1000
8171,131,unweighted_fl,10,0.1030055732484076,0,16,None,66,1,5,False,1000,1000
8172,132,unweighted_fl,10,0.1806329617834395,0,16,None,66,1,5,False,1000,1000
8173,133,unweighted_fl,10,0.1959593949044586,0,16,None,66,1,5,False,1000,1000
8174,134,unweighted_fl,10,0.1950636942675159,0,16,None,66,1,5,False,1000,1000
8175,130,unweighted_fl,10,0.0995222929936305,0,18,None,66,1,5,False,1000,1000
8176,131,unweighted_fl,10,0.0995222929936305,0,18,None,66,1,5,False,1000,1000
8177,132,unweighted_fl,10,0.0995222929936305,0,18,None,66,1,5,False,1000,1000
8178,133,unweighted_fl,10,0.0995222929936305,0,18,None,66,1,5,False,1000,1000
8179,134,unweighted_fl,10,0.0995222929936305,0,18,None,66,1,5,False,1000,1000
8180,130,unweighted_fl,10,0.0995222929936305,0,19,None,66,1,5,False,1000,1000
8181,131,unweighted_fl,10,0.0995222929936305,0,19,None,66,1,5,False,1000,1000
8182,132,unweighted_fl,10,0.0995222929936305,0,19,None,66,1,5,False,1000,1000
8183,133,unweighted_fl,10,0.0995222929936305,0,19,None,66,1,5,False,1000,1000
8184,134,unweighted_fl,10,0.1490843949044586,0,19,None,66,1,5,False,1000,1000
8185,130,unweighted_fl,10,0.0995222929936305,0,20,None,66,1,5,False,1000,1000
8186,131,unweighted_fl,10,0.0995222929936305,0,20,None,66,1,5,False,1000,1000
8187,132,unweighted_fl,10,0.0995222929936305,0,20,None,66,1,5,False,1000,1000
8188,133,unweighted_fl,10,0.0995222929936305,0,20,None,66,1,5,False,1000,1000
8189,134,unweighted_fl,10,0.0995222929936305,0,20,None,66,1,5,False,1000,1000
8190,130,unweighted_fl,10,0.0995222929936305,0,22,None,66,1,5,False,1000,1000
8191,131,unweighted_fl,10,0.0995222929936305,0,22,None,66,1,5,False,1000,1000
8192,132,unweighted_fl,10,0.0995222929936305,0,22,None,66,1,5,False,1000,1000
8193,133,unweighted_fl,10,0.0995222929936305,0,22,None,66,1,5,False,1000,1000
8194,134,unweighted_fl,10,0.0995222929936305,0,22,None,66,1,5,False,1000,1000
8195,130,unweighted_fl,10,0.0995222929936305,0,21,None,66,1,5,False,1000,1000
8196,131,unweighted_fl,10,0.0995222929936305,0,21,None,66,1,5,False,1000,1000
8197,132,unweighted_fl,10,0.0995222929936305,0,21,None,66,1,5,False,1000,1000
8198,133,unweighted_fl,10,0.0995222929936305,0,21,None,66,1,5,False,1000,1000
8199,134,unweighted_fl,10,0.0996218152866242,0,21,None,66,1,5,False,1000,1000
8200,130,unweighted_fl,10,0.0995222929936305,0,23,None,66,1,5,False,1000,1000
8201,131,unweighted_fl,10,0.0995222929936305,0,23,None,66,1,5,False,1000,1000
8202,132,unweighted_fl,10,0.1143511146496815,0,23,None,66,1,5,False,1000,1000
8203,133,unweighted_fl,10,0.1102707006369426,0,23,None,66,1,5,False,1000,1000
8204,134,unweighted_fl,10,0.103702229299363,0,23,None,66,1,5,False,1000,1000
8205,130,unweighted_fl,10,0.0995222929936305,0,24,None,66,1,5,False,1000,1000
8206,131,unweighted_fl,10,0.0995222929936305,0,24,None,66,1,5,False,1000,1000
8207,132,unweighted_fl,10,0.0995222929936305,0,24,None,66,1,5,False,1000,1000
8208,133,unweighted_fl,10,0.0995222929936305,0,24,None,66,1,5,False,1000,1000
8209,134,unweighted_fl,10,0.0995222929936305,0,24,None,66,1,5,False,1000,1000
8210,130,unweighted_fl,10,0.1273885350318471,0,25,None,66,1,5,False,1000,1000
8211,131,unweighted_fl,10,0.0995222929936305,0,25,None,66,1,5,False,1000,1000
8212,132,unweighted_fl,10,0.0995222929936305,0,25,None,66,1,5,False,1000,1000
8213,133,unweighted_fl,10,0.0995222929936305,0,25,None,66,1,5,False,1000,1000
8214,134,unweighted_fl,10,0.0995222929936305,0,25,None,66,1,5,False,1000,1000
8215,130,unweighted_fl,10,0.1451035031847133,0,27,None,66,1,5,False,1000,1000
8216,131,unweighted_fl,10,0.0995222929936305,0,27,None,66,1,5,False,1000,1000
8217,132,unweighted_fl,10,0.0995222929936305,0,27,None,66,1,5,False,1000,1000
8218,133,unweighted_fl,10,0.0995222929936305,0,27,None,66,1,5,False,1000,1000
8219,134,unweighted_fl,10,0.0995222929936305,0,27,None,66,1,5,False,1000,1000
8220,130,unweighted_fl,10,0.0995222929936305,0,26,None,66,1,5,False,1000,1000
8221,131,unweighted_fl,10,0.0995222929936305,0,26,None,66,1,5,False,1000,1000
8222,132,unweighted_fl,10,0.0995222929936305,0,26,None,66,1,5,False,1000,1000
8223,133,unweighted_fl,10,0.0995222929936305,0,26,None,66,1,5,False,1000,1000
8224,134,unweighted_fl,10,0.1141520700636942,0,26,None,66,1,5,False,1000,1000
8225,130,unweighted_fl,10,0.0995222929936305,0,28,None,66,1,5,False,1000,1000
8226,131,unweighted_fl,10,0.0995222929936305,0,28,None,66,1,5,False,1000,1000
8227,132,unweighted_fl,10,0.0995222929936305,0,28,None,66,1,5,False,1000,1000
8228,133,unweighted_fl,10,0.0995222929936305,0,28,None,66,1,5,False,1000,1000
8229,134,unweighted_fl,10,0.0995222929936305,0,28,None,66,1,5,False,1000,1000
8230,130,unweighted_fl,10,0.0995222929936305,0,29,None,66,1,5,False,1000,1000
8231,131,unweighted_fl,10,0.0995222929936305,0,29,None,66,1,5,False,1000,1000
8232,132,unweighted_fl,10,0.1025079617834394,0,29,None,66,1,5,False,1000,1000
8233,133,unweighted_fl,10,0.0995222929936305,0,29,None,66,1,5,False,1000,1000
8234,134,unweighted_fl,10,0.0995222929936305,0,29,None,66,1,5,False,1000,1000
8235,130,unweighted_fl,10,0.0995222929936305,0,30,None,66,1,5,False,1000,1000
8236,131,unweighted_fl,10,0.0995222929936305,0,30,None,66,1,5,False,1000,1000
8237,132,unweighted_fl,10,0.0995222929936305,0,30,None,66,1,5,False,1000,1000
8238,133,unweighted_fl,10,0.0995222929936305,0,30,None,66,1,5,False,1000,1000
8239,134,unweighted_fl,10,0.0995222929936305,0,30,None,66,1,5,False,1000,1000
8240,130,unweighted_fl,10,0.0995222929936305,0,32,None,66,1,5,False,1000,1000
8241,131,unweighted_fl,10,0.0995222929936305,0,32,None,66,1,5,False,1000,1000
8242,132,unweighted_fl,10,0.1336584394904458,0,32,None,66,1,5,False,1000,1000
8243,133,unweighted_fl,10,0.1883957006369426,0,32,None,66,1,5,False,1000,1000
8244,134,unweighted_fl,10,0.1727707006369426,0,32,None,66,1,5,False,1000,1000
8245,130,unweighted_fl,10,0.1593351910828025,0,31,None,66,1,5,False,1000,1000
8246,131,unweighted_fl,10,0.1244028662420382,0,31,None,66,1,5,False,1000,1000
8247,132,unweighted_fl,10,0.1050955414012738,0,31,None,66,1,5,False,1000,1000
8248,133,unweighted_fl,10,0.0995222929936305,0,31,None,66,1,5,False,1000,1000
8249,134,unweighted_fl,10,0.0995222929936305,0,31,None,66,1,5,False,1000,1000
8250,135,unweighted_fl,10,0.0995222929936305,0,0,None,66,1,5,False,1000,1000
8251,136,unweighted_fl,10,0.0995222929936305,0,0,None,66,1,5,False,1000,1000
8252,137,unweighted_fl,10,0.0995222929936305,0,0,None,66,1,5,False,1000,1000
8253,138,unweighted_fl,10,0.0995222929936305,0,0,None,66,1,5,False,1000,1000
8254,139,unweighted_fl,10,0.0995222929936305,0,0,None,66,1,5,False,1000,1000
8255,135,unweighted_fl,10,0.1800358280254777,0,1,None,66,1,5,False,1000,1000
8256,136,unweighted_fl,10,0.1667993630573248,0,1,None,66,1,5,False,1000,1000
8257,137,unweighted_fl,10,0.1437101910828025,0,1,None,66,1,5,False,1000,1000
8258,138,unweighted_fl,10,0.1137539808917197,0,1,None,66,1,5,False,1000,1000
8259,139,unweighted_fl,10,0.0995222929936305,0,1,None,66,1,5,False,1000,1000
8260,135,unweighted_fl,10,0.0995222929936305,0,2,None,66,1,5,False,1000,1000
8261,136,unweighted_fl,10,0.1644108280254777,0,2,None,66,1,5,False,1000,1000
8262,137,unweighted_fl,10,0.1847133757961783,0,2,None,66,1,5,False,1000,1000
8263,138,unweighted_fl,10,0.1577428343949044,0,2,None,66,1,5,False,1000,1000
8264,139,unweighted_fl,10,0.1323646496815286,0,2,None,66,1,5,False,1000,1000
8265,135,unweighted_fl,10,0.0995222929936305,0,4,None,66,1,5,False,1000,1000
8266,136,unweighted_fl,10,0.185609076433121,0,4,None,66,1,5,False,1000,1000
8267,137,unweighted_fl,10,0.183718152866242,0,4,None,66,1,5,False,1000,1000
8268,138,unweighted_fl,10,0.1693869426751592,0,4,None,66,1,5,False,1000,1000
8269,139,unweighted_fl,10,0.1429140127388535,0,4,None,66,1,5,False,1000,1000
8270,135,unweighted_fl,10,0.0995222929936305,0,3,None,66,1,5,False,1000,1000
8271,136,unweighted_fl,10,0.0995222929936305,0,3,None,66,1,5,False,1000,1000
8272,137,unweighted_fl,10,0.1984474522292993,0,3,None,66,1,5,False,1000,1000
8273,138,unweighted_fl,10,0.2262141719745223,0,3,None,66,1,5,False,1000,1000
8274,139,unweighted_fl,10,0.1854100318471337,0,3,None,66,1,5,False,1000,1000
8275,135,unweighted_fl,10,0.0995222929936305,0,5,None,66,1,5,False,1000,1000
8276,136,unweighted_fl,10,0.0995222929936305,0,5,None,66,1,5,False,1000,1000
8277,137,unweighted_fl,10,0.0998208598726114,0,5,None,66,1,5,False,1000,1000
8278,138,unweighted_fl,10,0.1871019108280254,0,5,None,66,1,5,False,1000,1000
8279,139,unweighted_fl,10,0.2172571656050955,0,5,None,66,1,5,False,1000,1000
8280,135,unweighted_fl,10,0.0995222929936305,0,6,None,66,1,5,False,1000,1000
8281,136,unweighted_fl,10,0.0995222929936305,0,6,None,66,1,5,False,1000,1000
8282,137,unweighted_fl,10,0.0995222929936305,0,6,None,66,1,5,False,1000,1000
8283,138,unweighted_fl,10,0.0995222929936305,0,6,None,66,1,5,False,1000,1000
8284,139,unweighted_fl,10,0.0995222929936305,0,6,None,66,1,5,False,1000,1000
8285,135,unweighted_fl,10,0.0995222929936305,0,7,None,66,1,5,False,1000,1000
8286,136,unweighted_fl,10,0.0995222929936305,0,7,None,66,1,5,False,1000,1000
8287,137,unweighted_fl,10,0.0995222929936305,0,7,None,66,1,5,False,1000,1000
8288,138,unweighted_fl,10,0.0995222929936305,0,7,None,66,1,5,False,1000,1000
8289,139,unweighted_fl,10,0.0995222929936305,0,7,None,66,1,5,False,1000,1000
8290,135,unweighted_fl,10,0.0995222929936305,0,9,None,66,1,5,False,1000,1000
8291,136,unweighted_fl,10,0.0995222929936305,0,9,None,66,1,5,False,1000,1000
8292,137,unweighted_fl,10,0.0995222929936305,0,9,None,66,1,5,False,1000,1000
8293,138,unweighted_fl,10,0.0995222929936305,0,9,None,66,1,5,False,1000,1000
8294,139,unweighted_fl,10,0.0995222929936305,0,9,None,66,1,5,False,1000,1000
8295,135,unweighted_fl,10,0.0995222929936305,0,8,None,66,1,5,False,1000,1000
8296,136,unweighted_fl,10,0.0995222929936305,0,8,None,66,1,5,False,1000,1000
8297,137,unweighted_fl,10,0.0995222929936305,0,8,None,66,1,5,False,1000,1000
8298,138,unweighted_fl,10,0.0995222929936305,0,8,None,66,1,5,False,1000,1000
8299,139,unweighted_fl,10,0.1473925159235669,0,8,None,66,1,5,False,1000,1000
8300,135,unweighted_fl,10,0.0995222929936305,0,10,None,66,1,5,False,1000,1000
8301,136,unweighted_fl,10,0.0995222929936305,0,10,None,66,1,5,False,1000,1000
8302,137,unweighted_fl,10,0.0995222929936305,0,10,None,66,1,5,False,1000,1000
8303,138,unweighted_fl,10,0.0995222929936305,0,10,None,66,1,5,False,1000,1000
8304,139,unweighted_fl,10,0.0995222929936305,0,10,None,66,1,5,False,1000,1000
8305,135,unweighted_fl,10,0.0995222929936305,0,11,None,66,1,5,False,1000,1000
8306,136,unweighted_fl,10,0.1132563694267515,0,11,None,66,1,5,False,1000,1000
8307,137,unweighted_fl,10,0.128483280254777,0,11,None,66,1,5,False,1000,1000
8308,138,unweighted_fl,10,0.122014331210191,0,11,None,66,1,5,False,1000,1000
8309,139,unweighted_fl,10,0.1081807324840764,0,11,None,66,1,5,False,1000,1000
8310,135,unweighted_fl,10,0.1002189490445859,0,12,None,66,1,5,False,1000,1000
8311,136,unweighted_fl,10,0.0995222929936305,0,12,None,66,1,5,False,1000,1000
8312,137,unweighted_fl,10,0.0995222929936305,0,12,None,66,1,5,False,1000,1000
8313,138,unweighted_fl,10,0.0995222929936305,0,12,None,66,1,5,False,1000,1000
8314,139,unweighted_fl,10,0.0995222929936305,0,12,None,66,1,5,False,1000,1000
8315,135,unweighted_fl,10,0.0995222929936305,0,14,None,66,1,5,False,1000,1000
8316,136,unweighted_fl,10,0.1648089171974522,0,14,None,66,1,5,False,1000,1000
8317,137,unweighted_fl,10,0.1773487261146497,0,14,None,66,1,5,False,1000,1000
8318,138,unweighted_fl,10,0.182921974522293,0,14,None,66,1,5,False,1000,1000
8319,139,unweighted_fl,10,0.1850119426751592,0,14,None,66,1,5,False,1000,1000
8320,135,unweighted_fl,10,0.0995222929936305,0,13,None,66,1,5,False,1000,1000
8321,136,unweighted_fl,10,0.0995222929936305,0,13,None,66,1,5,False,1000,1000
8322,137,unweighted_fl,10,0.1446058917197452,0,13,None,66,1,5,False,1000,1000
8323,138,unweighted_fl,10,0.1884952229299363,0,13,None,66,1,5,False,1000,1000
8324,139,unweighted_fl,10,0.1730692675159235,0,13,None,66,1,5,False,1000,1000
8325,135,unweighted_fl,10,0.0995222929936305,0,15,None,66,1,5,False,1000,1000
8326,136,unweighted_fl,10,0.0995222929936305,0,15,None,66,1,5,False,1000,1000
8327,137,unweighted_fl,10,0.0995222929936305,0,15,None,66,1,5,False,1000,1000
8328,138,unweighted_fl,10,0.1015127388535031,0,15,None,66,1,5,False,1000,1000
8329,139,unweighted_fl,10,0.1720740445859872,0,15,None,66,1,5,False,1000,1000
8330,135,unweighted_fl,10,0.101811305732484,0,16,None,66,1,5,False,1000,1000
8331,136,unweighted_fl,10,0.1117635350318471,0,16,None,66,1,5,False,1000,1000
8332,137,unweighted_fl,10,0.190187101910828,0,16,None,66,1,5,False,1000,1000
8333,138,unweighted_fl,10,0.1960589171974522,0,16,None,66,1,5,False,1000,1000
8334,139,unweighted_fl,10,0.195561305732484,0,16,None,66,1,5,False,1000,1000
8335,135,unweighted_fl,10,0.0995222929936305,0,17,None,66,1,5,False,1000,1000
8336,136,unweighted_fl,10,0.0995222929936305,0,17,None,66,1,5,False,1000,1000
8337,137,unweighted_fl,10,0.0995222929936305,0,17,None,66,1,5,False,1000,1000
8338,138,unweighted_fl,10,0.1000199044585987,0,17,None,66,1,5,False,1000,1000
8339,139,unweighted_fl,10,0.1720740445859872,0,17,None,66,1,5,False,1000,1000
8340,135,unweighted_fl,10,0.0995222929936305,0,19,None,66,1,5,False,1000,1000
8341,136,unweighted_fl,10,0.0995222929936305,0,19,None,66,1,5,False,1000,1000
8342,137,unweighted_fl,10,0.0995222929936305,0,19,None,66,1,5,False,1000,1000
8343,138,unweighted_fl,10,0.1208200636942675,0,19,None,66,1,5,False,1000,1000
8344,139,unweighted_fl,10,0.123109076433121,0,19,None,66,1,5,False,1000,1000
8345,135,unweighted_fl,10,0.0995222929936305,0,18,None,66,1,5,False,1000,1000
8346,136,unweighted_fl,10,0.0995222929936305,0,18,None,66,1,5,False,1000,1000
8347,137,unweighted_fl,10,0.0995222929936305,0,18,None,66,1,5,False,1000,1000
8348,138,unweighted_fl,10,0.0995222929936305,0,18,None,66,1,5,False,1000,1000
8349,139,unweighted_fl,10,0.0995222929936305,0,18,None,66,1,5,False,1000,1000
8350,135,unweighted_fl,10,0.0995222929936305,0,20,None,66,1,5,False,1000,1000
8351,136,unweighted_fl,10,0.0995222929936305,0,20,None,66,1,5,False,1000,1000
8352,137,unweighted_fl,10,0.0995222929936305,0,20,None,66,1,5,False,1000,1000
8353,138,unweighted_fl,10,0.0995222929936305,0,20,None,66,1,5,False,1000,1000
8354,139,unweighted_fl,10,0.0995222929936305,0,20,None,66,1,5,False,1000,1000
8355,135,unweighted_fl,10,0.0995222929936305,0,22,None,66,1,5,False,1000,1000
8356,136,unweighted_fl,10,0.0995222929936305,0,22,None,66,1,5,False,1000,1000
8357,137,unweighted_fl,10,0.0995222929936305,0,22,None,66,1,5,False,1000,1000
8358,138,unweighted_fl,10,0.0995222929936305,0,22,None,66,1,5,False,1000,1000
8359,139,unweighted_fl,10,0.110967356687898,0,22,None,66,1,5,False,1000,1000
8360,135,unweighted_fl,10,0.0995222929936305,0,21,None,66,1,5,False,1000,1000
8361,136,unweighted_fl,10,0.0995222929936305,0,21,None,66,1,5,False,1000,1000
8362,137,unweighted_fl,10,0.0995222929936305,0,21,None,66,1,5,False,1000,1000
8363,138,unweighted_fl,10,0.0995222929936305,0,21,None,66,1,5,False,1000,1000
8364,139,unweighted_fl,10,0.1214171974522293,0,21,None,66,1,5,False,1000,1000
8365,135,unweighted_fl,10,0.0995222929936305,0,23,None,66,1,5,False,1000,1000
8366,136,unweighted_fl,10,0.0999203821656051,0,23,None,66,1,5,False,1000,1000
8367,137,unweighted_fl,10,0.1131568471337579,0,23,None,66,1,5,False,1000,1000
8368,138,unweighted_fl,10,0.1078821656050955,0,23,None,66,1,5,False,1000,1000
8369,139,unweighted_fl,10,0.1038017515923566,0,23,None,66,1,5,False,1000,1000
8370,135,unweighted_fl,10,0.0995222929936305,0,24,None,66,1,5,False,1000,1000
8371,136,unweighted_fl,10,0.0995222929936305,0,24,None,66,1,5,False,1000,1000
8372,137,unweighted_fl,10,0.0995222929936305,0,24,None,66,1,5,False,1000,1000
8373,138,unweighted_fl,10,0.0995222929936305,0,24,None,66,1,5,False,1000,1000
8374,139,unweighted_fl,10,0.0995222929936305,0,24,None,66,1,5,False,1000,1000
8375,135,unweighted_fl,10,0.122014331210191,0,25,None,66,1,5,False,1000,1000
8376,136,unweighted_fl,10,0.0995222929936305,0,25,None,66,1,5,False,1000,1000
8377,137,unweighted_fl,10,0.0995222929936305,0,25,None,66,1,5,False,1000,1000
8378,138,unweighted_fl,10,0.0995222929936305,0,25,None,66,1,5,False,1000,1000
8379,139,unweighted_fl,10,0.1015127388535031,0,25,None,66,1,5,False,1000,1000
8380,135,unweighted_fl,10,0.1041998407643312,0,27,None,66,1,5,False,1000,1000
8381,136,unweighted_fl,10,0.0995222929936305,0,27,None,66,1,5,False,1000,1000
8382,137,unweighted_fl,10,0.0995222929936305,0,27,None,66,1,5,False,1000,1000
8383,138,unweighted_fl,10,0.0995222929936305,0,27,None,66,1,5,False,1000,1000
8384,139,unweighted_fl,10,0.0995222929936305,0,27,None,66,1,5,False,1000,1000
8385,135,unweighted_fl,10,0.1003184713375796,0,26,None,66,1,5,False,1000,1000
8386,136,unweighted_fl,10,0.0995222929936305,0,26,None,66,1,5,False,1000,1000
8387,137,unweighted_fl,10,0.0995222929936305,0,26,None,66,1,5,False,1000,1000
8388,138,unweighted_fl,10,0.1308718152866242,0,26,None,66,1,5,False,1000,1000
8389,139,unweighted_fl,10,0.168093152866242,0,26,None,66,1,5,False,1000,1000
8390,135,unweighted_fl,10,0.0995222929936305,0,28,None,66,1,5,False,1000,1000
8391,136,unweighted_fl,10,0.0995222929936305,0,28,None,66,1,5,False,1000,1000
8392,137,unweighted_fl,10,0.0995222929936305,0,28,None,66,1,5,False,1000,1000
8393,138,unweighted_fl,10,0.0995222929936305,0,28,None,66,1,5,False,1000,1000
8394,139,unweighted_fl,10,0.0995222929936305,0,28,None,66,1,5,False,1000,1000
8395,135,unweighted_fl,10,0.0995222929936305,0,29,None,66,1,5,False,1000,1000
8396,136,unweighted_fl,10,0.0995222929936305,0,29,None,66,1,5,False,1000,1000
8397,137,unweighted_fl,10,0.1097730891719745,0,29,None,66,1,5,False,1000,1000
8398,138,unweighted_fl,10,0.0995222929936305,0,29,None,66,1,5,False,1000,1000
8399,139,unweighted_fl,10,0.0995222929936305,0,29,None,66,1,5,False,1000,1000
8400,135,unweighted_fl,10,0.0995222929936305,0,30,None,66,1,5,False,1000,1000
8401,136,unweighted_fl,10,0.0995222929936305,0,30,None,66,1,5,False,1000,1000
8402,137,unweighted_fl,10,0.0995222929936305,0,30,None,66,1,5,False,1000,1000
8403,138,unweighted_fl,10,0.0995222929936305,0,30,None,66,1,5,False,1000,1000
8404,139,unweighted_fl,10,0.122014331210191,0,30,None,66,1,5,False,1000,1000
8405,135,unweighted_fl,10,0.0995222929936305,0,32,None,66,1,5,False,1000,1000
8406,136,unweighted_fl,10,0.0995222929936305,0,32,None,66,1,5,False,1000,1000
8407,137,unweighted_fl,10,0.174562101910828,0,32,None,66,1,5,False,1000,1000
8408,138,unweighted_fl,10,0.1883957006369426,0,32,None,66,1,5,False,1000,1000
8409,139,unweighted_fl,10,0.1758558917197452,0,32,None,66,1,5,False,1000,1000
8410,135,unweighted_fl,10,0.1320660828025477,0,31,None,66,1,5,False,1000,1000
8411,136,unweighted_fl,10,0.103702229299363,0,31,None,66,1,5,False,1000,1000
8412,137,unweighted_fl,10,0.0996218152866242,0,31,None,66,1,5,False,1000,1000
8413,138,unweighted_fl,10,0.0995222929936305,0,31,None,66,1,5,False,1000,1000
8414,139,unweighted_fl,10,0.0995222929936305,0,31,None,66,1,5,False,1000,1000
8415,140,unweighted_fl,10,0.0995222929936305,0,0,None,66,1,5,False,1000,1000
8416,141,unweighted_fl,10,0.0995222929936305,0,0,None,66,1,5,False,1000,1000
8417,142,unweighted_fl,10,0.0995222929936305,0,0,None,66,1,5,False,1000,1000
8418,143,unweighted_fl,10,0.0995222929936305,0,0,None,66,1,5,False,1000,1000
8419,144,unweighted_fl,10,0.0995222929936305,0,0,None,66,1,5,False,1000,1000
8420,140,unweighted_fl,10,0.1877985668789809,0,1,None,66,1,5,False,1000,1000
8421,141,unweighted_fl,10,0.1725716560509554,0,1,None,66,1,5,False,1000,1000
8422,142,unweighted_fl,10,0.1619227707006369,0,1,None,66,1,5,False,1000,1000
8423,143,unweighted_fl,10,0.1463972929936305,0,1,None,66,1,5,False,1000,1000
8424,144,unweighted_fl,10,0.1297770700636942,0,1,None,66,1,5,False,1000,1000
8425,140,unweighted_fl,10,0.0995222929936305,0,2,None,66,1,5,False,1000,1000
8426,141,unweighted_fl,10,0.1879976114649681,0,2,None,66,1,5,False,1000,1000
8427,142,unweighted_fl,10,0.1874004777070063,0,2,None,66,1,5,False,1000,1000
8428,143,unweighted_fl,10,0.1679936305732484,0,2,None,66,1,5,False,1000,1000
8429,144,unweighted_fl,10,0.1496815286624203,0,2,None,66,1,5,False,1000,1000
8430,140,unweighted_fl,10,0.0995222929936305,0,3,None,66,1,5,False,1000,1000
8431,141,unweighted_fl,10,0.1208200636942675,0,3,None,66,1,5,False,1000,1000
8432,142,unweighted_fl,10,0.2315883757961783,0,3,None,66,1,5,False,1000,1000
8433,143,unweighted_fl,10,0.2143710191082802,0,3,None,66,1,5,False,1000,1000
8434,144,unweighted_fl,10,0.1891918789808917,0,3,None,66,1,5,False,1000,1000
8435,140,unweighted_fl,10,0.1199243630573248,0,4,None,66,1,5,False,1000,1000
8436,141,unweighted_fl,10,0.1826234076433121,0,4,None,66,1,5,False,1000,1000
8437,142,unweighted_fl,10,0.1865047770700637,0,4,None,66,1,5,False,1000,1000
8438,143,unweighted_fl,10,0.1826234076433121,0,4,None,66,1,5,False,1000,1000
8439,144,unweighted_fl,10,0.1724721337579617,0,4,None,66,1,5,False,1000,1000
8440,140,unweighted_fl,10,0.0995222929936305,0,6,None,66,1,5,False,1000,1000
8441,141,unweighted_fl,10,0.0995222929936305,0,6,None,66,1,5,False,1000,1000
8442,142,unweighted_fl,10,0.0995222929936305,0,6,None,66,1,5,False,1000,1000
8443,143,unweighted_fl,10,0.0995222929936305,0,6,None,66,1,5,False,1000,1000
8444,144,unweighted_fl,10,0.1191281847133758,0,6,None,66,1,5,False,1000,1000
8445,140,unweighted_fl,10,0.0995222929936305,0,5,None,66,1,5,False,1000,1000
8446,141,unweighted_fl,10,0.0995222929936305,0,5,None,66,1,5,False,1000,1000
8447,142,unweighted_fl,10,0.1329617834394904,0,5,None,66,1,5,False,1000,1000
8448,143,unweighted_fl,10,0.1888933121019108,0,5,None,66,1,5,False,1000,1000
8449,144,unweighted_fl,10,0.2366640127388535,0,5,None,66,1,5,False,1000,1000
8450,140,unweighted_fl,10,0.0995222929936305,0,7,None,66,1,5,False,1000,1000
8451,141,unweighted_fl,10,0.0995222929936305,0,7,None,66,1,5,False,1000,1000
8452,142,unweighted_fl,10,0.0995222929936305,0,7,None,66,1,5,False,1000,1000
8453,143,unweighted_fl,10,0.0995222929936305,0,7,None,66,1,5,False,1000,1000
8454,144,unweighted_fl,10,0.0995222929936305,0,7,None,66,1,5,False,1000,1000
8455,140,unweighted_fl,10,0.0995222929936305,0,8,None,66,1,5,False,1000,1000
8456,141,unweighted_fl,10,0.0995222929936305,0,8,None,66,1,5,False,1000,1000
8457,142,unweighted_fl,10,0.0995222929936305,0,8,None,66,1,5,False,1000,1000
8458,143,unweighted_fl,10,0.0995222929936305,0,8,None,66,1,5,False,1000,1000
8459,144,unweighted_fl,10,0.1342555732484076,0,8,None,66,1,5,False,1000,1000
8460,140,unweighted_fl,10,0.0995222929936305,0,9,None,66,1,5,False,1000,1000
8461,141,unweighted_fl,10,0.0995222929936305,0,9,None,66,1,5,False,1000,1000
8462,142,unweighted_fl,10,0.0995222929936305,0,9,None,66,1,5,False,1000,1000
8463,143,unweighted_fl,10,0.0995222929936305,0,9,None,66,1,5,False,1000,1000
8464,144,unweighted_fl,10,0.0995222929936305,0,9,None,66,1,5,False,1000,1000
8465,140,unweighted_fl,10,0.0995222929936305,0,10,None,66,1,5,False,1000,1000
8466,141,unweighted_fl,10,0.0995222929936305,0,10,None,66,1,5,False,1000,1000
8467,142,unweighted_fl,10,0.0995222929936305,0,10,None,66,1,5,False,1000,1000
8468,143,unweighted_fl,10,0.0995222929936305,0,10,None,66,1,5,False,1000,1000
8469,144,unweighted_fl,10,0.0995222929936305,0,10,None,66,1,5,False,1000,1000
8470,140,unweighted_fl,10,0.0995222929936305,0,11,None,66,1,5,False,1000,1000
8471,141,unweighted_fl,10,0.1260947452229299,0,11,None,66,1,5,False,1000,1000
8472,142,unweighted_fl,10,0.127687101910828,0,11,None,66,1,5,False,1000,1000
8473,143,unweighted_fl,10,0.1176353503184713,0,11,None,66,1,5,False,1000,1000
8474,144,unweighted_fl,10,0.1069864649681528,0,11,None,66,1,5,False,1000,1000
8475,140,unweighted_fl,10,0.0995222929936305,0,13,None,66,1,5,False,1000,1000
8476,141,unweighted_fl,10,0.0995222929936305,0,13,None,66,1,5,False,1000,1000
8477,142,unweighted_fl,10,0.1690883757961783,0,13,None,66,1,5,False,1000,1000
8478,143,unweighted_fl,10,0.1893909235668789,0,13,None,66,1,5,False,1000,1000
8479,144,unweighted_fl,10,0.1790406050955414,0,13,None,66,1,5,False,1000,1000
8480,140,unweighted_fl,10,0.1227109872611465,0,12,None,66,1,5,False,1000,1000
8481,141,unweighted_fl,10,0.0995222929936305,0,12,None,66,1,5,False,1000,1000
8482,142,unweighted_fl,10,0.0995222929936305,0,12,None,66,1,5,False,1000,1000
8483,143,unweighted_fl,10,0.0995222929936305,0,12,None,66,1,5,False,1000,1000
8484,144,unweighted_fl,10,0.0995222929936305,0,12,None,66,1,5,False,1000,1000
8485,140,unweighted_fl,10,0.0995222929936305,0,14,None,66,1,5,False,1000,1000
8486,141,unweighted_fl,10,0.1808320063694267,0,14,None,66,1,5,False,1000,1000
8487,142,unweighted_fl,10,0.1746616242038216,0,14,None,66,1,5,False,1000,1000
8488,143,unweighted_fl,10,0.1776472929936305,0,14,None,66,1,5,False,1000,1000
8489,144,unweighted_fl,10,0.181031050955414,0,14,None,66,1,5,False,1000,1000
8490,140,unweighted_fl,10,0.0995222929936305,0,15,None,66,1,5,False,1000,1000
8491,141,unweighted_fl,10,0.0995222929936305,0,15,None,66,1,5,False,1000,1000
8492,142,unweighted_fl,10,0.0995222929936305,0,15,None,66,1,5,False,1000,1000
8493,143,unweighted_fl,10,0.1455015923566879,0,15,None,66,1,5,False,1000,1000
8494,144,unweighted_fl,10,0.1761544585987261,0,15,None,66,1,5,False,1000,1000
8495,140,unweighted_fl,10,0.1350517515923567,0,16,None,66,1,5,False,1000,1000
8496,141,unweighted_fl,10,0.1590366242038216,0,16,None,66,1,5,False,1000,1000
8497,142,unweighted_fl,10,0.1941679936305732,0,16,None,66,1,5,False,1000,1000
8498,143,unweighted_fl,10,0.196656050955414,0,16,None,66,1,5,False,1000,1000
8499,144,unweighted_fl,10,0.1960589171974522,0,16,None,66,1,5,False,1000,1000
8500,140,unweighted_fl,10,0.0995222929936305,0,17,None,66,1,5,False,1000,1000
8501,141,unweighted_fl,10,0.0995222929936305,0,17,None,66,1,5,False,1000,1000
8502,142,unweighted_fl,10,0.0995222929936305,0,17,None,66,1,5,False,1000,1000
8503,143,unweighted_fl,10,0.1021098726114649,0,17,None,66,1,5,False,1000,1000
8504,144,unweighted_fl,10,0.1682921974522293,0,17,None,66,1,5,False,1000,1000
8505,140,unweighted_fl,10,0.0995222929936305,0,18,None,66,1,5,False,1000,1000
8506,141,unweighted_fl,10,0.0995222929936305,0,18,None,66,1,5,False,1000,1000
8507,142,unweighted_fl,10,0.0995222929936305,0,18,None,66,1,5,False,1000,1000
8508,143,unweighted_fl,10,0.0995222929936305,0,18,None,66,1,5,False,1000,1000
8509,144,unweighted_fl,10,0.0995222929936305,0,18,None,66,1,5,False,1000,1000
8510,140,unweighted_fl,10,0.1002189490445859,0,20,None,66,1,5,False,1000,1000
8511,141,unweighted_fl,10,0.0995222929936305,0,20,None,66,1,5,False,1000,1000
8512,142,unweighted_fl,10,0.0995222929936305,0,20,None,66,1,5,False,1000,1000
8513,143,unweighted_fl,10,0.0995222929936305,0,20,None,66,1,5,False,1000,1000
8514,144,unweighted_fl,10,0.0995222929936305,0,20,None,66,1,5,False,1000,1000
8515,140,unweighted_fl,10,0.0995222929936305,0,19,None,66,1,5,False,1000,1000
8516,141,unweighted_fl,10,0.0995222929936305,0,19,None,66,1,5,False,1000,1000
8517,142,unweighted_fl,10,0.0995222929936305,0,19,None,66,1,5,False,1000,1000
8518,143,unweighted_fl,10,0.1333598726114649,0,19,None,66,1,5,False,1000,1000
8519,144,unweighted_fl,10,0.1180334394904458,0,19,None,66,1,5,False,1000,1000
8520,140,unweighted_fl,10,0.0995222929936305,0,21,None,66,1,5,False,1000,1000
8521,141,unweighted_fl,10,0.0995222929936305,0,21,None,66,1,5,False,1000,1000
8522,142,unweighted_fl,10,0.0995222929936305,0,21,None,66,1,5,False,1000,1000
8523,143,unweighted_fl,10,0.0999203821656051,0,21,None,66,1,5,False,1000,1000
8524,144,unweighted_fl,10,0.1397292993630573,0,21,None,66,1,5,False,1000,1000
8525,140,unweighted_fl,10,0.0995222929936305,0,22,None,66,1,5,False,1000,1000
8526,141,unweighted_fl,10,0.0995222929936305,0,22,None,66,1,5,False,1000,1000
8527,142,unweighted_fl,10,0.0995222929936305,0,22,None,66,1,5,False,1000,1000
8528,143,unweighted_fl,10,0.0995222929936305,0,22,None,66,1,5,False,1000,1000
8529,144,unweighted_fl,10,0.1346536624203821,0,22,None,66,1,5,False,1000,1000
8530,140,unweighted_fl,10,0.0995222929936305,0,23,None,66,1,5,False,1000,1000
8531,141,unweighted_fl,10,0.1092754777070063,0,23,None,66,1,5,False,1000,1000
8532,142,unweighted_fl,10,0.1103702229299363,0,23,None,66,1,5,False,1000,1000
8533,143,unweighted_fl,10,0.1069864649681528,0,23,None,66,1,5,False,1000,1000
8534,144,unweighted_fl,10,0.1035031847133758,0,23,None,66,1,5,False,1000,1000
8535,140,unweighted_fl,10,0.1186305732484076,0,25,None,66,1,5,False,1000,1000
8536,141,unweighted_fl,10,0.0995222929936305,0,25,None,66,1,5,False,1000,1000
8537,142,unweighted_fl,10,0.0995222929936305,0,25,None,66,1,5,False,1000,1000
8538,143,unweighted_fl,10,0.1046974522292993,0,25,None,66,1,5,False,1000,1000
8539,144,unweighted_fl,10,0.1252985668789809,0,25,None,66,1,5,False,1000,1000
8540,140,unweighted_fl,10,0.0995222929936305,0,24,None,66,1,5,False,1000,1000
8541,141,unweighted_fl,10,0.0995222929936305,0,24,None,66,1,5,False,1000,1000
8542,142,unweighted_fl,10,0.0995222929936305,0,24,None,66,1,5,False,1000,1000
8543,143,unweighted_fl,10,0.0995222929936305,0,24,None,66,1,5,False,1000,1000
8544,144,unweighted_fl,10,0.0995222929936305,0,24,None,66,1,5,False,1000,1000
8545,140,unweighted_fl,10,0.1423168789808917,0,26,None,66,1,5,False,1000,1000
8546,141,unweighted_fl,10,0.0995222929936305,0,26,None,66,1,5,False,1000,1000
8547,142,unweighted_fl,10,0.0995222929936305,0,26,None,66,1,5,False,1000,1000
8548,143,unweighted_fl,10,0.1114649681528662,0,26,None,66,1,5,False,1000,1000
8549,144,unweighted_fl,10,0.1533638535031847,0,26,None,66,1,5,False,1000,1000
8550,140,unweighted_fl,10,0.1075835987261146,0,27,None,66,1,5,False,1000,1000
8551,141,unweighted_fl,10,0.0995222929936305,0,27,None,66,1,5,False,1000,1000
8552,142,unweighted_fl,10,0.0995222929936305,0,27,None,66,1,5,False,1000,1000
8553,143,unweighted_fl,10,0.0995222929936305,0,27,None,66,1,5,False,1000,1000
8554,144,unweighted_fl,10,0.0995222929936305,0,27,None,66,1,5,False,1000,1000
8555,140,unweighted_fl,10,0.0995222929936305,0,28,None,66,1,5,False,1000,1000
8556,141,unweighted_fl,10,0.0995222929936305,0,28,None,66,1,5,False,1000,1000
8557,142,unweighted_fl,10,0.0995222929936305,0,28,None,66,1,5,False,1000,1000
8558,143,unweighted_fl,10,0.0995222929936305,0,28,None,66,1,5,False,1000,1000
8559,144,unweighted_fl,10,0.1123606687898089,0,28,None,66,1,5,False,1000,1000
8560,140,unweighted_fl,10,0.0995222929936305,0,29,None,66,1,5,False,1000,1000
8561,141,unweighted_fl,10,0.0995222929936305,0,29,None,66,1,5,False,1000,1000
8562,142,unweighted_fl,10,0.1096735668789808,0,29,None,66,1,5,False,1000,1000
8563,143,unweighted_fl,10,0.0995222929936305,0,29,None,66,1,5,False,1000,1000
8564,144,unweighted_fl,10,0.0995222929936305,0,29,None,66,1,5,False,1000,1000
8565,140,unweighted_fl,10,0.0995222929936305,0,30,None,66,1,5,False,1000,1000
8566,141,unweighted_fl,10,0.0995222929936305,0,30,None,66,1,5,False,1000,1000
8567,142,unweighted_fl,10,0.0995222929936305,0,30,None,66,1,5,False,1000,1000
8568,143,unweighted_fl,10,0.10828025477707,0,30,None,66,1,5,False,1000,1000
8569,144,unweighted_fl,10,0.2208399681528662,0,30,None,66,1,5,False,1000,1000
8570,140,unweighted_fl,10,0.0995222929936305,0,32,None,66,1,5,False,1000,1000
8571,141,unweighted_fl,10,0.0995222929936305,0,32,None,66,1,5,False,1000,1000
8572,142,unweighted_fl,10,0.1814291401273885,0,32,None,66,1,5,False,1000,1000
8573,143,unweighted_fl,10,0.1892914012738853,0,32,None,66,1,5,False,1000,1000
8574,144,unweighted_fl,10,0.1814291401273885,0,32,None,66,1,5,False,1000,1000
8575,140,unweighted_fl,10,0.1309713375796178,0,31,None,66,1,5,False,1000,1000
8576,141,unweighted_fl,10,0.1181329617834394,0,31,None,66,1,5,False,1000,1000
8577,142,unweighted_fl,10,0.1113654458598726,0,31,None,66,1,5,False,1000,1000
8578,143,unweighted_fl,10,0.1076831210191082,0,31,None,66,1,5,False,1000,1000
8579,144,unweighted_fl,10,0.1049960191082802,0,31,None,66,1,5,False,1000,1000
8580,145,unweighted_fl,10,0.0995222929936305,0,0,None,66,1,5,False,1000,1000
8581,146,unweighted_fl,10,0.0995222929936305,0,0,None,66,1,5,False,1000,1000
8582,147,unweighted_fl,10,0.0995222929936305,0,0,None,66,1,5,False,1000,1000
8583,148,unweighted_fl,10,0.0995222929936305,0,0,None,66,1,5,False,1000,1000
8584,149,unweighted_fl,10,0.0995222929936305,0,0,None,66,1,5,False,1000,1000
8585,145,unweighted_fl,10,0.1938694267515923,0,1,None,66,1,5,False,1000,1000
8586,146,unweighted_fl,10,0.1771496815286624,0,1,None,66,1,5,False,1000,1000
8587,147,unweighted_fl,10,0.1703821656050955,0,1,None,66,1,5,False,1000,1000
8588,148,unweighted_fl,10,0.1633160828025477,0,1,None,66,1,5,False,1000,1000
8589,149,unweighted_fl,10,0.1576433121019108,0,1,None,66,1,5,False,1000,1000
8590,145,unweighted_fl,10,0.0995222929936305,0,2,None,66,1,5,False,1000,1000
8591,146,unweighted_fl,10,0.1939689490445859,0,2,None,66,1,5,False,1000,1000
8592,147,unweighted_fl,10,0.1899880573248407,0,2,None,66,1,5,False,1000,1000
8593,148,unweighted_fl,10,0.1767515923566879,0,2,None,66,1,5,False,1000,1000
8594,149,unweighted_fl,10,0.1638136942675159,0,2,None,66,1,5,False,1000,1000
8595,145,unweighted_fl,10,0.1582404458598726,0,4,None,66,1,5,False,1000,1000
8596,146,unweighted_fl,10,0.1775477707006369,0,4,None,66,1,5,False,1000,1000
8597,147,unweighted_fl,10,0.1848128980891719,0,4,None,66,1,5,False,1000,1000
8598,148,unweighted_fl,10,0.18640525477707,0,4,None,66,1,5,False,1000,1000
8599,149,unweighted_fl,10,0.1842157643312102,0,4,None,66,1,5,False,1000,1000
8600,145,unweighted_fl,10,0.0995222929936305,0,3,None,66,1,5,False,1000,1000
8601,146,unweighted_fl,10,0.1871019108280254,0,3,None,66,1,5,False,1000,1000
8602,147,unweighted_fl,10,0.2213375796178344,0,3,None,66,1,5,False,1000,1000
8603,148,unweighted_fl,10,0.2059116242038216,0,3,None,66,1,5,False,1000,1000
8604,149,unweighted_fl,10,0.1917794585987261,0,3,None,66,1,5,False,1000,1000
8605,145,unweighted_fl,10,0.0995222929936305,0,5,None,66,1,5,False,1000,1000
8606,146,unweighted_fl,10,0.0995222929936305,0,5,None,66,1,5,False,1000,1000
8607,147,unweighted_fl,10,0.1717754777070063,0,5,None,66,1,5,False,1000,1000
8608,148,unweighted_fl,10,0.1889928343949044,0,5,None,66,1,5,False,1000,1000
8609,149,unweighted_fl,10,0.2544785031847134,0,5,None,66,1,5,False,1000,1000
8610,145,unweighted_fl,10,0.0995222929936305,0,6,None,66,1,5,False,1000,1000
8611,146,unweighted_fl,10,0.0995222929936305,0,6,None,66,1,5,False,1000,1000
8612,147,unweighted_fl,10,0.0995222929936305,0,6,None,66,1,5,False,1000,1000
8613,148,unweighted_fl,10,0.0996218152866242,0,6,None,66,1,5,False,1000,1000
8614,149,unweighted_fl,10,0.1402269108280254,0,6,None,66,1,5,False,1000,1000
8615,145,unweighted_fl,10,0.0995222929936305,0,7,None,66,1,5,False,1000,1000
8616,146,unweighted_fl,10,0.0995222929936305,0,7,None,66,1,5,False,1000,1000
8617,147,unweighted_fl,10,0.0995222929936305,0,7,None,66,1,5,False,1000,1000
8618,148,unweighted_fl,10,0.0995222929936305,0,7,None,66,1,5,False,1000,1000
8619,149,unweighted_fl,10,0.0995222929936305,0,7,None,66,1,5,False,1000,1000
8620,145,unweighted_fl,10,0.0995222929936305,0,9,None,66,1,5,False,1000,1000
8621,146,unweighted_fl,10,0.0995222929936305,0,9,None,66,1,5,False,1000,1000
8622,147,unweighted_fl,10,0.0995222929936305,0,9,None,66,1,5,False,1000,1000
8623,148,unweighted_fl,10,0.0995222929936305,0,9,None,66,1,5,False,1000,1000
8624,149,unweighted_fl,10,0.0995222929936305,0,9,None,66,1,5,False,1000,1000
8625,145,unweighted_fl,10,0.0995222929936305,0,8,None,66,1,5,False,1000,1000
8626,146,unweighted_fl,10,0.0995222929936305,0,8,None,66,1,5,False,1000,1000
8627,147,unweighted_fl,10,0.0995222929936305,0,8,None,66,1,5,False,1000,1000
8628,148,unweighted_fl,10,0.0995222929936305,0,8,None,66,1,5,False,1000,1000
8629,149,unweighted_fl,10,0.1271894904458598,0,8,None,66,1,5,False,1000,1000
8630,145,unweighted_fl,10,0.0995222929936305,0,10,None,66,1,5,False,1000,1000
8631,146,unweighted_fl,10,0.0995222929936305,0,10,None,66,1,5,False,1000,1000
8632,147,unweighted_fl,10,0.0995222929936305,0,10,None,66,1,5,False,1000,1000
8633,148,unweighted_fl,10,0.0995222929936305,0,10,None,66,1,5,False,1000,1000
8634,149,unweighted_fl,10,0.0995222929936305,0,10,None,66,1,5,False,1000,1000
8635,145,unweighted_fl,10,0.1230095541401273,0,11,None,66,1,5,False,1000,1000
8636,146,unweighted_fl,10,0.1278861464968153,0,11,None,66,1,5,False,1000,1000
8637,147,unweighted_fl,10,0.1226114649681528,0,11,None,66,1,5,False,1000,1000
8638,148,unweighted_fl,10,0.1118630573248407,0,11,None,66,1,5,False,1000,1000
8639,149,unweighted_fl,10,0.1049960191082802,0,11,None,66,1,5,False,1000,1000
8640,145,unweighted_fl,10,0.1345541401273885,0,12,None,66,1,5,False,1000,1000
8641,146,unweighted_fl,10,0.0995222929936305,0,12,None,66,1,5,False,1000,1000
8642,147,unweighted_fl,10,0.0995222929936305,0,12,None,66,1,5,False,1000,1000
8643,148,unweighted_fl,10,0.0995222929936305,0,12,None,66,1,5,False,1000,1000
8644,149,unweighted_fl,10,0.0995222929936305,0,12,None,66,1,5,False,1000,1000
8645,145,unweighted_fl,10,0.1004179936305732,0,14,None,66,1,5,False,1000,1000
8646,146,unweighted_fl,10,0.1782444267515923,0,14,None,66,1,5,False,1000,1000
8647,147,unweighted_fl,10,0.1700835987261146,0,14,None,66,1,5,False,1000,1000
8648,148,unweighted_fl,10,0.1729697452229299,0,14,None,66,1,5,False,1000,1000
8649,149,unweighted_fl,10,0.1760549363057325,0,14,None,66,1,5,False,1000,1000
8650,145,unweighted_fl,10,0.0995222929936305,0,13,None,66,1,5,False,1000,1000
8651,146,unweighted_fl,10,0.0995222929936305,0,13,None,66,1,5,False,1000,1000
8652,147,unweighted_fl,10,0.1823248407643312,0,13,None,66,1,5,False,1000,1000
8653,148,unweighted_fl,10,0.1900875796178344,0,13,None,66,1,5,False,1000,1000
8654,149,unweighted_fl,10,0.1827229299363057,0,13,None,66,1,5,False,1000,1000
8655,145,unweighted_fl,10,0.0995222929936305,0,15,None,66,1,5,False,1000,1000
8656,146,unweighted_fl,10,0.0995222929936305,0,15,None,66,1,5,False,1000,1000
8657,147,unweighted_fl,10,0.1177348726114649,0,15,None,66,1,5,False,1000,1000
8658,148,unweighted_fl,10,0.1609275477707006,0,15,None,66,1,5,False,1000,1000
8659,149,unweighted_fl,10,0.1756568471337579,0,15,None,66,1,5,False,1000,1000
8660,145,unweighted_fl,10,0.1380374203821656,0,16,None,66,1,5,False,1000,1000
8661,146,unweighted_fl,10,0.1852109872611465,0,16,None,66,1,5,False,1000,1000
8662,147,unweighted_fl,10,0.1953622611464968,0,16,None,66,1,5,False,1000,1000
8663,148,unweighted_fl,10,0.1967555732484076,0,16,None,66,1,5,False,1000,1000
8664,149,unweighted_fl,10,0.1968550955414012,0,16,None,66,1,5,False,1000,1000
8665,145,unweighted_fl,10,0.0995222929936305,0,17,None,66,1,5,False,1000,1000
8666,146,unweighted_fl,10,0.0995222929936305,0,17,None,66,1,5,False,1000,1000
8667,147,unweighted_fl,10,0.0995222929936305,0,17,None,66,1,5,False,1000,1000
8668,148,unweighted_fl,10,0.1004179936305732,0,17,None,66,1,5,False,1000,1000
8669,149,unweighted_fl,10,0.1422173566878981,0,17,None,66,1,5,False,1000,1000
8670,145,unweighted_fl,10,0.0995222929936305,0,19,None,66,1,5,False,1000,1000
8671,146,unweighted_fl,10,0.0995222929936305,0,19,None,66,1,5,False,1000,1000
8672,147,unweighted_fl,10,0.1050955414012738,0,19,None,66,1,5,False,1000,1000
8673,148,unweighted_fl,10,0.1328622611464968,0,19,None,66,1,5,False,1000,1000
8674,149,unweighted_fl,10,0.1108678343949044,0,19,None,66,1,5,False,1000,1000
8675,145,unweighted_fl,10,0.0995222929936305,0,18,None,66,1,5,False,1000,1000
8676,146,unweighted_fl,10,0.0995222929936305,0,18,None,66,1,5,False,1000,1000
8677,147,unweighted_fl,10,0.0995222929936305,0,18,None,66,1,5,False,1000,1000
8678,148,unweighted_fl,10,0.0995222929936305,0,18,None,66,1,5,False,1000,1000
8679,149,unweighted_fl,10,0.0995222929936305,0,18,None,66,1,5,False,1000,1000
8680,145,unweighted_fl,10,0.0995222929936305,0,20,None,66,1,5,False,1000,1000
8681,146,unweighted_fl,10,0.0997213375796178,0,20,None,66,1,5,False,1000,1000
8682,147,unweighted_fl,10,0.0995222929936305,0,20,None,66,1,5,False,1000,1000
8683,148,unweighted_fl,10,0.0995222929936305,0,20,None,66,1,5,False,1000,1000
8684,149,unweighted_fl,10,0.0995222929936305,0,20,None,66,1,5,False,1000,1000
8685,145,unweighted_fl,10,0.0995222929936305,0,22,None,66,1,5,False,1000,1000
8686,146,unweighted_fl,10,0.0995222929936305,0,22,None,66,1,5,False,1000,1000
8687,147,unweighted_fl,10,0.0995222929936305,0,22,None,66,1,5,False,1000,1000
8688,148,unweighted_fl,10,0.1148487261146496,0,22,None,66,1,5,False,1000,1000
8689,149,unweighted_fl,10,0.1464968152866242,0,22,None,66,1,5,False,1000,1000
8690,145,unweighted_fl,10,0.0995222929936305,0,21,None,66,1,5,False,1000,1000
8691,146,unweighted_fl,10,0.0995222929936305,0,21,None,66,1,5,False,1000,1000
8692,147,unweighted_fl,10,0.0995222929936305,0,21,None,66,1,5,False,1000,1000
8693,148,unweighted_fl,10,0.1241042993630573,0,21,None,66,1,5,False,1000,1000
8694,149,unweighted_fl,10,0.1502786624203821,0,21,None,66,1,5,False,1000,1000
8695,145,unweighted_fl,10,0.1021098726114649,0,23,None,66,1,5,False,1000,1000
8696,146,unweighted_fl,10,0.1124601910828025,0,23,None,66,1,5,False,1000,1000
8697,147,unweighted_fl,10,0.1096735668789808,0,23,None,66,1,5,False,1000,1000
8698,148,unweighted_fl,10,0.106389331210191,0,23,None,66,1,5,False,1000,1000
8699,149,unweighted_fl,10,0.1030055732484076,0,23,None,66,1,5,False,1000,1000
8700,145,unweighted_fl,10,0.0995222929936305,0,24,None,66,1,5,False,1000,1000
8701,146,unweighted_fl,10,0.0995222929936305,0,24,None,66,1,5,False,1000,1000
8702,147,unweighted_fl,10,0.0995222929936305,0,24,None,66,1,5,False,1000,1000
8703,148,unweighted_fl,10,0.0995222929936305,0,24,None,66,1,5,False,1000,1000
8704,149,unweighted_fl,10,0.0995222929936305,0,24,None,66,1,5,False,1000,1000
8705,145,unweighted_fl,10,0.1121616242038216,0,25,None,66,1,5,False,1000,1000
8706,146,unweighted_fl,10,0.1160429936305732,0,25,None,66,1,5,False,1000,1000
8707,147,unweighted_fl,10,0.1347531847133758,0,25,None,66,1,5,False,1000,1000
8708,148,unweighted_fl,10,0.1496815286624203,0,25,None,66,1,5,False,1000,1000
8709,149,unweighted_fl,10,0.1607285031847133,0,25,None,66,1,5,False,1000,1000
8710,145,unweighted_fl,10,0.1367436305732484,0,27,None,66,1,5,False,1000,1000
8711,146,unweighted_fl,10,0.0995222929936305,0,27,None,66,1,5,False,1000,1000
8712,147,unweighted_fl,10,0.0995222929936305,0,27,None,66,1,5,False,1000,1000
8713,148,unweighted_fl,10,0.0995222929936305,0,27,None,66,1,5,False,1000,1000
8714,149,unweighted_fl,10,0.0995222929936305,0,27,None,66,1,5,False,1000,1000
8715,145,unweighted_fl,10,0.1475915605095541,0,26,None,66,1,5,False,1000,1000
8716,146,unweighted_fl,10,0.1039012738853503,0,26,None,66,1,5,False,1000,1000
8717,147,unweighted_fl,10,0.1015127388535031,0,26,None,66,1,5,False,1000,1000
8718,148,unweighted_fl,10,0.1324641719745223,0,26,None,66,1,5,False,1000,1000
8719,149,unweighted_fl,10,0.1584394904458598,0,26,None,66,1,5,False,1000,1000
8720,145,unweighted_fl,10,0.0995222929936305,0,28,None,66,1,5,False,1000,1000
8721,146,unweighted_fl,10,0.0995222929936305,0,28,None,66,1,5,False,1000,1000
8722,147,unweighted_fl,10,0.0995222929936305,0,28,None,66,1,5,False,1000,1000
8723,148,unweighted_fl,10,0.101015127388535,0,28,None,66,1,5,False,1000,1000
8724,149,unweighted_fl,10,0.1351512738853503,0,28,None,66,1,5,False,1000,1000
8725,145,unweighted_fl,10,0.0995222929936305,0,29,None,66,1,5,False,1000,1000
8726,146,unweighted_fl,10,0.0995222929936305,0,29,None,66,1,5,False,1000,1000
8727,147,unweighted_fl,10,0.1293789808917197,0,29,None,66,1,5,False,1000,1000
8728,148,unweighted_fl,10,0.0995222929936305,0,29,None,66,1,5,False,1000,1000
8729,149,unweighted_fl,10,0.0995222929936305,0,29,None,66,1,5,False,1000,1000
8730,145,unweighted_fl,10,0.0995222929936305,0,30,None,66,1,5,False,1000,1000
8731,146,unweighted_fl,10,0.0997213375796178,0,30,None,66,1,5,False,1000,1000
8732,147,unweighted_fl,10,0.1188296178343949,0,30,None,66,1,5,False,1000,1000
8733,148,unweighted_fl,10,0.1648089171974522,0,30,None,66,1,5,False,1000,1000
8734,149,unweighted_fl,10,0.2254179936305732,0,30,None,66,1,5,False,1000,1000
8735,145,unweighted_fl,10,0.0995222929936305,0,32,None,66,1,5,False,1000,1000
8736,146,unweighted_fl,10,0.1202229299363057,0,32,None,66,1,5,False,1000,1000
8737,147,unweighted_fl,10,0.1840167197452229,0,32,None,66,1,5,False,1000,1000
8738,148,unweighted_fl,10,0.1953622611464968,0,32,None,66,1,5,False,1000,1000
8739,149,unweighted_fl,10,0.2072054140127388,0,32,None,66,1,5,False,1000,1000
8740,145,unweighted_fl,10,0.1268909235668789,0,31,None,66,1,5,False,1000,1000
8741,146,unweighted_fl,10,0.1183320063694267,0,31,None,66,1,5,False,1000,1000
8742,147,unweighted_fl,10,0.1182324840764331,0,31,None,66,1,5,False,1000,1000
8743,148,unweighted_fl,10,0.1183320063694267,0,31,None,66,1,5,False,1000,1000
8744,149,unweighted_fl,10,0.1175358280254777,0,31,None,66,1,5,False,1000,1000
8745,150,unweighted_fl,10,0.0995222929936305,0,0,None,66,1,5,False,1000,1000
8746,151,unweighted_fl,10,0.0995222929936305,0,0,None,66,1,5,False,1000,1000
8747,152,unweighted_fl,10,0.0995222929936305,0,0,None,66,1,5,False,1000,1000
8748,153,unweighted_fl,10,0.0995222929936305,0,0,None,66,1,5,False,1000,1000
8749,154,unweighted_fl,10,0.0995222929936305,0,0,None,66,1,5,False,1000,1000
8750,150,unweighted_fl,10,0.1888933121019108,0,1,None,66,1,5,False,1000,1000
8751,151,unweighted_fl,10,0.1892914012738853,0,1,None,66,1,5,False,1000,1000
8752,152,unweighted_fl,10,0.1763535031847133,0,1,None,66,1,5,False,1000,1000
8753,153,unweighted_fl,10,0.1729697452229299,0,1,None,66,1,5,False,1000,1000
8754,154,unweighted_fl,10,0.1705812101910828,0,1,None,66,1,5,False,1000,1000
8755,150,unweighted_fl,10,0.1164410828025477,0,2,None,66,1,5,False,1000,1000
8756,151,unweighted_fl,10,0.1954617834394904,0,2,None,66,1,5,False,1000,1000
8757,152,unweighted_fl,10,0.1922770700636942,0,2,None,66,1,5,False,1000,1000
8758,153,unweighted_fl,10,0.1842157643312102,0,2,None,66,1,5,False,1000,1000
8759,154,unweighted_fl,10,0.1754578025477707,0,2,None,66,1,5,False,1000,1000
8760,150,unweighted_fl,10,0.1649084394904458,0,4,None,66,1,5,False,1000,1000
8761,151,unweighted_fl,10,0.1730692675159235,0,4,None,66,1,5,False,1000,1000
8762,152,unweighted_fl,10,0.1796377388535031,0,4,None,66,1,5,False,1000,1000
8763,153,unweighted_fl,10,0.1843152866242038,0,4,None,66,1,5,False,1000,1000
8764,154,unweighted_fl,10,0.1854100318471337,0,4,None,66,1,5,False,1000,1000
8765,150,unweighted_fl,10,0.1268909235668789,0,3,None,66,1,5,False,1000,1000
8766,151,unweighted_fl,10,0.2045183121019108,0,3,None,66,1,5,False,1000,1000
8767,152,unweighted_fl,10,0.2067078025477707,0,3,None,66,1,5,False,1000,1000
8768,153,unweighted_fl,10,0.2006369426751592,0,3,None,66,1,5,False,1000,1000
8769,154,unweighted_fl,10,0.1937699044585987,0,3,None,66,1,5,False,1000,1000
8770,150,unweighted_fl,10,0.0995222929936305,0,5,None,66,1,5,False,1000,1000
8771,151,unweighted_fl,10,0.1053941082802547,0,5,None,66,1,5,False,1000,1000
8772,152,unweighted_fl,10,0.1752587579617834,0,5,None,66,1,5,False,1000,1000
8773,153,unweighted_fl,10,0.1889928343949044,0,5,None,66,1,5,False,1000,1000
8774,154,unweighted_fl,10,0.2562699044585987,0,5,None,66,1,5,False,1000,1000
8775,150,unweighted_fl,10,0.0995222929936305,0,6,None,66,1,5,False,1000,1000
8776,151,unweighted_fl,10,0.0995222929936305,0,6,None,66,1,5,False,1000,1000
8777,152,unweighted_fl,10,0.0995222929936305,0,6,None,66,1,5,False,1000,1000
8778,153,unweighted_fl,10,0.12390525477707,0,6,None,66,1,5,False,1000,1000
8779,154,unweighted_fl,10,0.152468152866242,0,6,None,66,1,5,False,1000,1000
8780,150,unweighted_fl,10,0.0995222929936305,0,7,None,66,1,5,False,1000,1000
8781,151,unweighted_fl,10,0.0995222929936305,0,7,None,66,1,5,False,1000,1000
8782,152,unweighted_fl,10,0.0995222929936305,0,7,None,66,1,5,False,1000,1000
8783,153,unweighted_fl,10,0.0995222929936305,0,7,None,66,1,5,False,1000,1000
8784,154,unweighted_fl,10,0.0995222929936305,0,7,None,66,1,5,False,1000,1000
8785,150,unweighted_fl,10,0.0995222929936305,0,9,None,66,1,5,False,1000,1000
8786,151,unweighted_fl,10,0.0995222929936305,0,9,None,66,1,5,False,1000,1000
8787,152,unweighted_fl,10,0.0995222929936305,0,9,None,66,1,5,False,1000,1000
8788,153,unweighted_fl,10,0.0995222929936305,0,9,None,66,1,5,False,1000,1000
8789,154,unweighted_fl,10,0.0995222929936305,0,9,None,66,1,5,False,1000,1000
8790,150,unweighted_fl,10,0.0995222929936305,0,8,None,66,1,5,False,1000,1000
8791,151,unweighted_fl,10,0.0995222929936305,0,8,None,66,1,5,False,1000,1000
8792,152,unweighted_fl,10,0.0995222929936305,0,8,None,66,1,5,False,1000,1000
8793,153,unweighted_fl,10,0.0997213375796178,0,8,None,66,1,5,False,1000,1000
8794,154,unweighted_fl,10,0.1177348726114649,0,8,None,66,1,5,False,1000,1000
8795,150,unweighted_fl,10,0.1038017515923566,0,10,None,66,1,5,False,1000,1000
8796,151,unweighted_fl,10,0.0995222929936305,0,10,None,66,1,5,False,1000,1000
8797,152,unweighted_fl,10,0.0995222929936305,0,10,None,66,1,5,False,1000,1000
8798,153,unweighted_fl,10,0.0995222929936305,0,10,None,66,1,5,False,1000,1000
8799,154,unweighted_fl,10,0.0995222929936305,0,10,None,66,1,5,False,1000,1000
8800,150,unweighted_fl,10,0.1253980891719745,0,12,None,66,1,5,False,1000,1000
8801,151,unweighted_fl,10,0.0995222929936305,0,12,None,66,1,5,False,1000,1000
8802,152,unweighted_fl,10,0.0995222929936305,0,12,None,66,1,5,False,1000,1000
8803,153,unweighted_fl,10,0.0995222929936305,0,12,None,66,1,5,False,1000,1000
8804,154,unweighted_fl,10,0.0995222929936305,0,12,None,66,1,5,False,1000,1000
8805,150,unweighted_fl,10,0.1335589171974522,0,11,None,66,1,5,False,1000,1000
8806,151,unweighted_fl,10,0.1217157643312101,0,11,None,66,1,5,False,1000,1000
8807,152,unweighted_fl,10,0.1134554140127388,0,11,None,66,1,5,False,1000,1000
8808,153,unweighted_fl,10,0.107484076433121,0,11,None,66,1,5,False,1000,1000
8809,154,unweighted_fl,10,0.1041003184713375,0,11,None,66,1,5,False,1000,1000
8810,150,unweighted_fl,10,0.0995222929936305,0,13,None,66,1,5,False,1000,1000
8811,151,unweighted_fl,10,0.129578025477707,0,13,None,66,1,5,False,1000,1000
8812,152,unweighted_fl,10,0.1839171974522293,0,13,None,66,1,5,False,1000,1000
8813,153,unweighted_fl,10,0.1905851910828025,0,13,None,66,1,5,False,1000,1000
8814,154,unweighted_fl,10,0.1888933121019108,0,13,None,66,1,5,False,1000,1000
8815,150,unweighted_fl,10,0.1246019108280254,0,14,None,66,1,5,False,1000,1000
8816,151,unweighted_fl,10,0.1713773885350318,0,14,None,66,1,5,False,1000,1000
8817,152,unweighted_fl,10,0.1664012738853503,0,14,None,66,1,5,False,1000,1000
8818,153,unweighted_fl,10,0.1690883757961783,0,14,None,66,1,5,False,1000,1000
8819,154,unweighted_fl,10,0.17078025477707,0,14,None,66,1,5,False,1000,1000
8820,150,unweighted_fl,10,0.0995222929936305,0,15,None,66,1,5,False,1000,1000
8821,151,unweighted_fl,10,0.0995222929936305,0,15,None,66,1,5,False,1000,1000
8822,152,unweighted_fl,10,0.1265923566878981,0,15,None,66,1,5,False,1000,1000
8823,153,unweighted_fl,10,0.1574442675159235,0,15,None,66,1,5,False,1000,1000
8824,154,unweighted_fl,10,0.1698845541401273,0,15,None,66,1,5,False,1000,1000
8825,150,unweighted_fl,10,0.0995222929936305,0,17,None,66,1,5,False,1000,1000
8826,151,unweighted_fl,10,0.0995222929936305,0,17,None,66,1,5,False,1000,1000
8827,152,unweighted_fl,10,0.0995222929936305,0,17,None,66,1,5,False,1000,1000
8828,153,unweighted_fl,10,0.1067874203821656,0,17,None,66,1,5,False,1000,1000
8829,154,unweighted_fl,10,0.1344546178343949,0,17,None,66,1,5,False,1000,1000
8830,150,unweighted_fl,10,0.1248009554140127,0,16,None,66,1,5,False,1000,1000
8831,151,unweighted_fl,10,0.1933718152866242,0,16,None,66,1,5,False,1000,1000
8832,152,unweighted_fl,10,0.1961584394904458,0,16,None,66,1,5,False,1000,1000
8833,153,unweighted_fl,10,0.1972531847133758,0,16,None,66,1,5,False,1000,1000
8834,154,unweighted_fl,10,0.1975517515923567,0,16,None,66,1,5,False,1000,1000
8835,150,unweighted_fl,10,0.0995222929936305,0,18,None,66,1,5,False,1000,1000
8836,151,unweighted_fl,10,0.0995222929936305,0,18,None,66,1,5,False,1000,1000
8837,152,unweighted_fl,10,0.0995222929936305,0,18,None,66,1,5,False,1000,1000
8838,153,unweighted_fl,10,0.0995222929936305,0,18,None,66,1,5,False,1000,1000
8839,154,unweighted_fl,10,0.0995222929936305,0,18,None,66,1,5,False,1000,1000
8840,150,unweighted_fl,10,0.1043988853503184,0,20,None,66,1,5,False,1000,1000
8841,151,unweighted_fl,10,0.0995222929936305,0,20,None,66,1,5,False,1000,1000
8842,152,unweighted_fl,10,0.0995222929936305,0,20,None,66,1,5,False,1000,1000
8843,153,unweighted_fl,10,0.0995222929936305,0,20,None,66,1,5,False,1000,1000
8844,154,unweighted_fl,10,0.0995222929936305,0,20,None,66,1,5,False,1000,1000
8845,150,unweighted_fl,10,0.0995222929936305,0,19,None,66,1,5,False,1000,1000
8846,151,unweighted_fl,10,0.0995222929936305,0,19,None,66,1,5,False,1000,1000
8847,152,unweighted_fl,10,0.1328622611464968,0,19,None,66,1,5,False,1000,1000
8848,153,unweighted_fl,10,0.1164410828025477,0,19,None,66,1,5,False,1000,1000
8849,154,unweighted_fl,10,0.1085788216560509,0,19,None,66,1,5,False,1000,1000
8850,150,unweighted_fl,10,0.0995222929936305,0,21,None,66,1,5,False,1000,1000
8851,151,unweighted_fl,10,0.0995222929936305,0,21,None,66,1,5,False,1000,1000
8852,152,unweighted_fl,10,0.1172372611464968,0,21,None,66,1,5,False,1000,1000
8853,153,unweighted_fl,10,0.1383359872611465,0,21,None,66,1,5,False,1000,1000
8854,154,unweighted_fl,10,0.1526671974522293,0,21,None,66,1,5,False,1000,1000
8855,150,unweighted_fl,10,0.0995222929936305,0,22,None,66,1,5,False,1000,1000
8856,151,unweighted_fl,10,0.0995222929936305,0,22,None,66,1,5,False,1000,1000
8857,152,unweighted_fl,10,0.1136544585987261,0,22,None,66,1,5,False,1000,1000
8858,153,unweighted_fl,10,0.136843152866242,0,22,None,66,1,5,False,1000,1000
8859,154,unweighted_fl,10,0.1542595541401273,0,22,None,66,1,5,False,1000,1000
8860,150,unweighted_fl,10,0.112062101910828,0,23,None,66,1,5,False,1000,1000
8861,151,unweighted_fl,10,0.1097730891719745,0,23,None,66,1,5,False,1000,1000
8862,152,unweighted_fl,10,0.1068869426751592,0,23,None,66,1,5,False,1000,1000
8863,153,unweighted_fl,10,0.1047969745222929,0,23,None,66,1,5,False,1000,1000
8864,154,unweighted_fl,10,0.1038017515923566,0,23,None,66,1,5,False,1000,1000
8865,150,unweighted_fl,10,0.1086783439490445,0,25,None,66,1,5,False,1000,1000
8866,151,unweighted_fl,10,0.1425159235668789,0,25,None,66,1,5,False,1000,1000
8867,152,unweighted_fl,10,0.1553542993630573,0,25,None,66,1,5,False,1000,1000
8868,153,unweighted_fl,10,0.1647093949044586,0,25,None,66,1,5,False,1000,1000
8869,154,unweighted_fl,10,0.1716759554140127,0,25,None,66,1,5,False,1000,1000
8870,150,unweighted_fl,10,0.0995222929936305,0,24,None,66,1,5,False,1000,1000
8871,151,unweighted_fl,10,0.0995222929936305,0,24,None,66,1,5,False,1000,1000
8872,152,unweighted_fl,10,0.0995222929936305,0,24,None,66,1,5,False,1000,1000
8873,153,unweighted_fl,10,0.0995222929936305,0,24,None,66,1,5,False,1000,1000
8874,154,unweighted_fl,10,0.0995222929936305,0,24,None,66,1,5,False,1000,1000
8875,150,unweighted_fl,10,0.1549562101910828,0,26,None,66,1,5,False,1000,1000
8876,151,unweighted_fl,10,0.1255971337579617,0,26,None,66,1,5,False,1000,1000
8877,152,unweighted_fl,10,0.1442078025477707,0,26,None,66,1,5,False,1000,1000
8878,153,unweighted_fl,10,0.1681926751592356,0,26,None,66,1,5,False,1000,1000
8879,154,unweighted_fl,10,0.1824243630573248,0,26,None,66,1,5,False,1000,1000
8880,150,unweighted_fl,10,0.1350517515923567,0,27,None,66,1,5,False,1000,1000
8881,151,unweighted_fl,10,0.0995222929936305,0,27,None,66,1,5,False,1000,1000
8882,152,unweighted_fl,10,0.0995222929936305,0,27,None,66,1,5,False,1000,1000
8883,153,unweighted_fl,10,0.0995222929936305,0,27,None,66,1,5,False,1000,1000
8884,154,unweighted_fl,10,0.0995222929936305,0,27,None,66,1,5,False,1000,1000
8885,150,unweighted_fl,10,0.0995222929936305,0,28,None,66,1,5,False,1000,1000
8886,151,unweighted_fl,10,0.0995222929936305,0,28,None,66,1,5,False,1000,1000
8887,152,unweighted_fl,10,0.1009156050955414,0,28,None,66,1,5,False,1000,1000
8888,153,unweighted_fl,10,0.1307722929936305,0,28,None,66,1,5,False,1000,1000
8889,154,unweighted_fl,10,0.1793391719745223,0,28,None,66,1,5,False,1000,1000
8890,150,unweighted_fl,10,0.1143511146496815,0,30,None,66,1,5,False,1000,1000
8891,151,unweighted_fl,10,0.133061305732484,0,30,None,66,1,5,False,1000,1000
8892,152,unweighted_fl,10,0.1432125796178344,0,30,None,66,1,5,False,1000,1000
8893,153,unweighted_fl,10,0.2099920382165605,0,30,None,66,1,5,False,1000,1000
8894,154,unweighted_fl,10,0.2126791401273885,0,30,None,66,1,5,False,1000,1000
8895,150,unweighted_fl,10,0.0995222929936305,0,29,None,66,1,5,False,1000,1000
8896,151,unweighted_fl,10,0.1004179936305732,0,29,None,66,1,5,False,1000,1000
8897,152,unweighted_fl,10,0.136843152866242,0,29,None,66,1,5,False,1000,1000
8898,153,unweighted_fl,10,0.0995222929936305,0,29,None,66,1,5,False,1000,1000
8899,154,unweighted_fl,10,0.0995222929936305,0,29,None,66,1,5,False,1000,1000
8900,150,unweighted_fl,10,0.1171377388535031,0,31,None,66,1,5,False,1000,1000
8901,151,unweighted_fl,10,0.114749203821656,0,31,None,66,1,5,False,1000,1000
8902,152,unweighted_fl,10,0.1162420382165605,0,31,None,66,1,5,False,1000,1000
8903,153,unweighted_fl,10,0.1177348726114649,0,31,None,66,1,5,False,1000,1000
8904,154,unweighted_fl,10,0.1199243630573248,0,31,None,66,1,5,False,1000,1000
8905,150,unweighted_fl,10,0.1045979299363057,0,32,None,66,1,5,False,1000,1000
8906,151,unweighted_fl,10,0.1771496815286624,0,32,None,66,1,5,False,1000,1000
8907,152,unweighted_fl,10,0.216859076433121,0,32,None,66,1,5,False,1000,1000
8908,153,unweighted_fl,10,0.2212380573248407,0,32,None,66,1,5,False,1000,1000
8909,154,unweighted_fl,10,0.2180533439490445,0,32,None,66,1,5,False,1000,1000
11550,155,unweighted_fl,10,0.1197253184713375,0,0,None,66,1,5,False,1000,1000
11551,156,unweighted_fl,10,0.1051950636942675,0,0,None,66,1,5,False,1000,1000
11552,157,unweighted_fl,10,0.1001194267515923,0,0,None,66,1,5,False,1000,1000
11553,158,unweighted_fl,10,0.0995222929936305,0,0,None,66,1,5,False,1000,1000
11554,159,unweighted_fl,10,0.0995222929936305,0,0,None,66,1,5,False,1000,1000
11555,155,unweighted_fl,10,0.175358280254777,0,1,None,66,1,5,False,1000,1000
11556,156,unweighted_fl,10,0.1921775477707006,0,1,None,66,1,5,False,1000,1000
11557,157,unweighted_fl,10,0.192078025477707,0,1,None,66,1,5,False,1000,1000
11558,158,unweighted_fl,10,0.1895899681528662,0,1,None,66,1,5,False,1000,1000
11559,159,unweighted_fl,10,0.1858081210191083,0,1,None,66,1,5,False,1000,1000
11560,155,unweighted_fl,10,0.2047173566878981,0,2,None,66,1,5,False,1000,1000
11561,156,unweighted_fl,10,0.2086982484076433,0,2,None,66,1,5,False,1000,1000
11562,157,unweighted_fl,10,0.1941679936305732,0,2,None,66,1,5,False,1000,1000
11563,158,unweighted_fl,10,0.1902866242038216,0,2,None,66,1,5,False,1000,1000
11564,159,unweighted_fl,10,0.1863057324840764,0,2,None,66,1,5,False,1000,1000
11565,155,unweighted_fl,10,0.1653065286624203,0,3,None,66,1,5,False,1000,1000
11566,156,unweighted_fl,10,0.1969546178343949,0,3,None,66,1,5,False,1000,1000
11567,157,unweighted_fl,10,0.198546974522293,0,3,None,66,1,5,False,1000,1000
11568,158,unweighted_fl,10,0.1949641719745223,0,3,None,66,1,5,False,1000,1000
11569,159,unweighted_fl,10,0.1935708598726114,0,3,None,66,1,5,False,1000,1000
11570,155,unweighted_fl,10,0.1636146496815286,0,4,None,66,1,5,False,1000,1000
11571,156,unweighted_fl,10,0.1688893312101911,0,4,None,66,1,5,False,1000,1000
11572,157,unweighted_fl,10,0.1739649681528662,0,4,None,66,1,5,False,1000,1000
11573,158,unweighted_fl,10,0.1769506369426751,0,4,None,66,1,5,False,1000,1000
11574,159,unweighted_fl,10,0.1797372611464968,0,4,None,66,1,5,False,1000,1000
11575,155,unweighted_fl,10,0.0999203821656051,0,5,None,66,1,5,False,1000,1000
11576,156,unweighted_fl,10,0.1588375796178344,0,5,None,66,1,5,False,1000,1000
11577,157,unweighted_fl,10,0.1830214968152866,0,5,None,66,1,5,False,1000,1000
11578,158,unweighted_fl,10,0.1969546178343949,0,5,None,66,1,5,False,1000,1000
11579,159,unweighted_fl,10,0.238953025477707,0,5,None,66,1,5,False,1000,1000
11580,155,unweighted_fl,10,0.0995222929936305,0,6,None,66,1,5,False,1000,1000
11581,156,unweighted_fl,10,0.1001194267515923,0,6,None,66,1,5,False,1000,1000
11582,157,unweighted_fl,10,0.1205214968152866,0,6,None,66,1,5,False,1000,1000
11583,158,unweighted_fl,10,0.1466958598726114,0,6,None,66,1,5,False,1000,1000
11584,159,unweighted_fl,10,0.1752587579617834,0,6,None,66,1,5,False,1000,1000
11585,155,unweighted_fl,10,0.1092754777070063,0,8,None,66,1,5,False,1000,1000
11586,156,unweighted_fl,10,0.1097730891719745,0,8,None,66,1,5,False,1000,1000
11587,157,unweighted_fl,10,0.1112659235668789,0,8,None,66,1,5,False,1000,1000
11588,158,unweighted_fl,10,0.1146496815286624,0,8,None,66,1,5,False,1000,1000
11589,159,unweighted_fl,10,0.1258957006369426,0,8,None,66,1,5,False,1000,1000
11590,155,unweighted_fl,10,0.1004179936305732,0,7,None,66,1,5,False,1000,1000
11591,156,unweighted_fl,10,0.0996218152866242,0,7,None,66,1,5,False,1000,1000
11592,157,unweighted_fl,10,0.0995222929936305,0,7,None,66,1,5,False,1000,1000
11593,158,unweighted_fl,10,0.0995222929936305,0,7,None,66,1,5,False,1000,1000
11594,159,unweighted_fl,10,0.0995222929936305,0,7,None,66,1,5,False,1000,1000
11595,155,unweighted_fl,10,0.1048964968152866,0,9,None,66,1,5,False,1000,1000
11596,156,unweighted_fl,10,0.1026074840764331,0,9,None,66,1,5,False,1000,1000
11597,157,unweighted_fl,10,0.1033041401273885,0,9,None,66,1,5,False,1000,1000
11598,158,unweighted_fl,10,0.1205214968152866,0,9,None,66,1,5,False,1000,1000
11599,159,unweighted_fl,10,0.1436106687898089,0,9,None,66,1,5,False,1000,1000
11600,155,unweighted_fl,10,0.1256966560509554,0,10,None,66,1,5,False,1000,1000
11601,156,unweighted_fl,10,0.1183320063694267,0,10,None,66,1,5,False,1000,1000
11602,157,unweighted_fl,10,0.1061902866242038,0,10,None,66,1,5,False,1000,1000
11603,158,unweighted_fl,10,0.1001194267515923,0,10,None,66,1,5,False,1000,1000
11604,159,unweighted_fl,10,0.0993232484076433,0,10,None,66,1,5,False,1000,1000
11605,155,unweighted_fl,10,0.1272890127388535,0,11,None,66,1,5,False,1000,1000
11606,156,unweighted_fl,10,0.1277866242038216,0,11,None,66,1,5,False,1000,1000
11607,157,unweighted_fl,10,0.1262937898089172,0,11,None,66,1,5,False,1000,1000
11608,158,unweighted_fl,10,0.1267914012738853,0,11,None,66,1,5,False,1000,1000
11609,159,unweighted_fl,10,0.1273885350318471,0,11,None,66,1,5,False,1000,1000
11610,155,unweighted_fl,10,0.1143511146496815,0,12,None,66,1,5,False,1000,1000
11611,156,unweighted_fl,10,0.1071855095541401,0,12,None,66,1,5,False,1000,1000
11612,157,unweighted_fl,10,0.1011146496815286,0,12,None,66,1,5,False,1000,1000
11613,158,unweighted_fl,10,0.0999203821656051,0,12,None,66,1,5,False,1000,1000
11614,159,unweighted_fl,10,0.0995222929936305,0,12,None,66,1,5,False,1000,1000
11615,155,unweighted_fl,10,0.0999203821656051,0,13,None,66,1,5,False,1000,1000
11616,156,unweighted_fl,10,0.1644108280254777,0,13,None,66,1,5,False,1000,1000
11617,157,unweighted_fl,10,0.1855095541401273,0,13,None,66,1,5,False,1000,1000
11618,158,unweighted_fl,10,0.1903861464968153,0,13,None,66,1,5,False,1000,1000
11619,159,unweighted_fl,10,0.1911823248407643,0,13,None,66,1,5,False,1000,1000
11620,155,unweighted_fl,10,0.1388335987261146,0,14,None,66,1,5,False,1000,1000
11621,156,unweighted_fl,10,0.1657046178343949,0,14,None,66,1,5,False,1000,1000
11622,157,unweighted_fl,10,0.1623208598726114,0,14,None,66,1,5,False,1000,1000
11623,158,unweighted_fl,10,0.1637141719745223,0,14,None,66,1,5,False,1000,1000
11624,159,unweighted_fl,10,0.1650079617834395,0,14,None,66,1,5,False,1000,1000
11625,155,unweighted_fl,10,0.1053941082802547,0,15,None,66,1,5,False,1000,1000
11626,156,unweighted_fl,10,0.1262937898089172,0,15,None,66,1,5,False,1000,1000
11627,157,unweighted_fl,10,0.1507762738853503,0,15,None,66,1,5,False,1000,1000
11628,158,unweighted_fl,10,0.1637141719745223,0,15,None,66,1,5,False,1000,1000
11629,159,unweighted_fl,10,0.1712778662420382,0,15,None,66,1,5,False,1000,1000
11630,155,unweighted_fl,10,0.1027070063694267,0,17,None,66,1,5,False,1000,1000
11631,156,unweighted_fl,10,0.1048964968152866,0,17,None,66,1,5,False,1000,1000
11632,157,unweighted_fl,10,0.1604299363057325,0,17,None,66,1,5,False,1000,1000
11633,158,unweighted_fl,10,0.1532643312101911,0,17,None,66,1,5,False,1000,1000
11634,159,unweighted_fl,10,0.1503781847133758,0,17,None,66,1,5,False,1000,1000
11635,155,unweighted_fl,10,0.1816281847133758,0,16,None,66,1,5,False,1000,1000
11636,156,unweighted_fl,10,0.1951632165605095,0,16,None,66,1,5,False,1000,1000
11637,157,unweighted_fl,10,0.1964570063694267,0,16,None,66,1,5,False,1000,1000
11638,158,unweighted_fl,10,0.1971536624203821,0,16,None,66,1,5,False,1000,1000
11639,159,unweighted_fl,10,0.1976512738853503,0,16,None,66,1,5,False,1000,1000
11640,155,unweighted_fl,10,0.0995222929936305,0,18,None,66,1,5,False,1000,1000
11641,156,unweighted_fl,10,0.0995222929936305,0,18,None,66,1,5,False,1000,1000
11642,157,unweighted_fl,10,0.0995222929936305,0,18,None,66,1,5,False,1000,1000
11643,158,unweighted_fl,10,0.0995222929936305,0,18,None,66,1,5,False,1000,1000
11644,159,unweighted_fl,10,0.0995222929936305,0,18,None,66,1,5,False,1000,1000
11645,155,unweighted_fl,10,0.0995222929936305,0,19,None,66,1,5,False,1000,1000
11646,156,unweighted_fl,10,0.1270899681528662,0,19,None,66,1,5,False,1000,1000
11647,157,unweighted_fl,10,0.1162420382165605,0,19,None,66,1,5,False,1000,1000
11648,158,unweighted_fl,10,0.1089769108280254,0,19,None,66,1,5,False,1000,1000
11649,159,unweighted_fl,10,0.1034036624203821,0,19,None,66,1,5,False,1000,1000
11650,155,unweighted_fl,10,0.0995222929936305,0,20,None,66,1,5,False,1000,1000
11651,156,unweighted_fl,10,0.1280851910828025,0,20,None,66,1,5,False,1000,1000
11652,157,unweighted_fl,10,0.0995222929936305,0,20,None,66,1,5,False,1000,1000
11653,158,unweighted_fl,10,0.0995222929936305,0,20,None,66,1,5,False,1000,1000
11654,159,unweighted_fl,10,0.0995222929936305,0,20,None,66,1,5,False,1000,1000
11655,155,unweighted_fl,10,0.0996218152866242,0,21,None,66,1,5,False,1000,1000
11656,156,unweighted_fl,10,0.1169386942675159,0,21,None,66,1,5,False,1000,1000
11657,157,unweighted_fl,10,0.1333598726114649,0,21,None,66,1,5,False,1000,1000
11658,158,unweighted_fl,10,0.1458001592356688,0,21,None,66,1,5,False,1000,1000
11659,159,unweighted_fl,10,0.1517714968152866,0,21,None,66,1,5,False,1000,1000
11660,155,unweighted_fl,10,0.0995222929936305,0,22,None,66,1,5,False,1000,1000
11661,156,unweighted_fl,10,0.1123606687898089,0,22,None,66,1,5,False,1000,1000
11662,157,unweighted_fl,10,0.1309713375796178,0,22,None,66,1,5,False,1000,1000
11663,158,unweighted_fl,10,0.1457006369426751,0,22,None,66,1,5,False,1000,1000
11664,159,unweighted_fl,10,0.1534633757961783,0,22,None,66,1,5,False,1000,1000
11665,155,unweighted_fl,10,0.1165406050955414,0,23,None,66,1,5,False,1000,1000
11666,156,unweighted_fl,10,0.106389331210191,0,23,None,66,1,5,False,1000,1000
11667,157,unweighted_fl,10,0.110967356687898,0,23,None,66,1,5,False,1000,1000
11668,158,unweighted_fl,10,0.1183320063694267,0,23,None,66,1,5,False,1000,1000
11669,159,unweighted_fl,10,0.1196257961783439,0,23,None,66,1,5,False,1000,1000
11670,155,unweighted_fl,10,0.1005175159235668,0,24,None,66,1,5,False,1000,1000
11671,156,unweighted_fl,10,0.0995222929936305,0,24,None,66,1,5,False,1000,1000
11672,157,unweighted_fl,10,0.1001194267515923,0,24,None,66,1,5,False,1000,1000
11673,158,unweighted_fl,10,0.1108678343949044,0,24,None,66,1,5,False,1000,1000
11674,159,unweighted_fl,10,0.1277866242038216,0,24,None,66,1,5,False,1000,1000
11675,155,unweighted_fl,10,0.1388335987261146,0,25,None,66,1,5,False,1000,1000
11676,156,unweighted_fl,10,0.1695859872611465,0,25,None,66,1,5,False,1000,1000
11677,157,unweighted_fl,10,0.174562101910828,0,25,None,66,1,5,False,1000,1000
11678,158,unweighted_fl,10,0.1771496815286624,0,25,None,66,1,5,False,1000,1000
11679,159,unweighted_fl,10,0.1794386942675159,0,25,None,66,1,5,False,1000,1000
11680,155,unweighted_fl,10,0.134156050955414,0,26,None,66,1,5,False,1000,1000
11681,156,unweighted_fl,10,0.143312101910828,0,26,None,66,1,5,False,1000,1000
11682,157,unweighted_fl,10,0.1601313694267516,0,26,None,66,1,5,False,1000,1000
11683,158,unweighted_fl,10,0.172671178343949,0,26,None,66,1,5,False,1000,1000
11684,159,unweighted_fl,10,0.1796377388535031,0,26,None,66,1,5,False,1000,1000
11685,155,unweighted_fl,10,0.1243033439490445,0,28,None,66,1,5,False,1000,1000
11686,156,unweighted_fl,10,0.123109076433121,0,28,None,66,1,5,False,1000,1000
11687,157,unweighted_fl,10,0.1568471337579617,0,28,None,66,1,5,False,1000,1000
11688,158,unweighted_fl,10,0.1781449044585987,0,28,None,66,1,5,False,1000,1000
11689,159,unweighted_fl,10,0.1827229299363057,0,28,None,66,1,5,False,1000,1000
11690,155,unweighted_fl,10,0.136843152866242,0,27,None,66,1,5,False,1000,1000
11691,156,unweighted_fl,10,0.0995222929936305,0,27,None,66,1,5,False,1000,1000
11692,157,unweighted_fl,10,0.0995222929936305,0,27,None,66,1,5,False,1000,1000
11693,158,unweighted_fl,10,0.0995222929936305,0,27,None,66,1,5,False,1000,1000
11694,159,unweighted_fl,10,0.0995222929936305,0,27,None,66,1,5,False,1000,1000
11695,155,unweighted_fl,10,0.1278861464968153,0,29,None,66,1,5,False,1000,1000
11696,156,unweighted_fl,10,0.1260947452229299,0,29,None,66,1,5,False,1000,1000
11697,157,unweighted_fl,10,0.1438097133757961,0,29,None,66,1,5,False,1000,1000
11698,158,unweighted_fl,10,0.1078821656050955,0,29,None,66,1,5,False,1000,1000
11699,159,unweighted_fl,10,0.1001194267515923,0,29,None,66,1,5,False,1000,1000
11700,155,unweighted_fl,10,0.1279856687898089,0,30,None,66,1,5,False,1000,1000
11701,156,unweighted_fl,10,0.1398288216560509,0,30,None,66,1,5,False,1000,1000
11702,157,unweighted_fl,10,0.1954617834394904,0,30,None,66,1,5,False,1000,1000
11703,158,unweighted_fl,10,0.2081011146496815,0,30,None,66,1,5,False,1000,1000
11704,159,unweighted_fl,10,0.2059116242038216,0,30,None,66,1,5,False,1000,1000
11705,155,unweighted_fl,10,0.1289808917197452,0,31,None,66,1,5,False,1000,1000
11706,156,unweighted_fl,10,0.1519705414012739,0,31,None,66,1,5,False,1000,1000
11707,157,unweighted_fl,10,0.1526671974522293,0,31,None,66,1,5,False,1000,1000
11708,158,unweighted_fl,10,0.1563495222929936,0,31,None,66,1,5,False,1000,1000
11709,159,unweighted_fl,10,0.1776472929936305,0,31,None,66,1,5,False,1000,1000
11710,155,unweighted_fl,10,0.1370421974522293,0,32,None,66,1,5,False,1000,1000
11711,156,unweighted_fl,10,0.1960589171974522,0,32,None,66,1,5,False,1000,1000
11712,157,unweighted_fl,10,0.2115843949044586,0,32,None,66,1,5,False,1000,1000
11713,158,unweighted_fl,10,0.211186305732484,0,32,None,66,1,5,False,1000,1000
11714,159,unweighted_fl,10,0.207703025477707,0,32,None,66,1,5,False,1000,1000
11715,160,unweighted_fl,10,0.1364450636942675,0,0,None,66,1,5,False,1000,1000
11716,161,unweighted_fl,10,0.1443073248407643,0,0,None,66,1,5,False,1000,1000
11717,162,unweighted_fl,10,0.1499800955414012,0,0,None,66,1,5,False,1000,1000
11718,163,unweighted_fl,10,0.1581409235668789,0,0,None,66,1,5,False,1000,1000
11719,164,unweighted_fl,10,0.1675955414012739,0,0,None,66,1,5,False,1000,1000
11720,160,unweighted_fl,10,0.163515127388535,0,1,None,66,1,5,False,1000,1000
11721,161,unweighted_fl,10,0.1749601910828025,0,1,None,66,1,5,False,1000,1000
11722,162,unweighted_fl,10,0.1848128980891719,0,1,None,66,1,5,False,1000,1000
11723,163,unweighted_fl,10,0.1874004777070063,0,1,None,66,1,5,False,1000,1000
11724,164,unweighted_fl,10,0.1876990445859872,0,1,None,66,1,5,False,1000,1000
11725,160,unweighted_fl,10,0.2138734076433121,0,2,None,66,1,5,False,1000,1000
11726,161,unweighted_fl,10,0.2235270700636942,0,2,None,66,1,5,False,1000,1000
11727,162,unweighted_fl,10,0.2226313694267516,0,2,None,66,1,5,False,1000,1000
11728,163,unweighted_fl,10,0.2184514331210191,0,2,None,66,1,5,False,1000,1000
11729,164,unweighted_fl,10,0.2140724522292993,0,2,None,66,1,5,False,1000,1000
11730,160,unweighted_fl,10,0.1804339171974522,0,3,None,66,1,5,False,1000,1000
11731,161,unweighted_fl,10,0.1900875796178344,0,3,None,66,1,5,False,1000,1000
11732,162,unweighted_fl,10,0.1910828025477707,0,3,None,66,1,5,False,1000,1000
11733,163,unweighted_fl,10,0.190983280254777,0,3,None,66,1,5,False,1000,1000
11734,164,unweighted_fl,10,0.1902866242038216,0,3,None,66,1,5,False,1000,1000
11735,160,unweighted_fl,10,0.1587380573248407,0,4,None,66,1,5,False,1000,1000
11736,161,unweighted_fl,10,0.1630175159235669,0,4,None,66,1,5,False,1000,1000
11737,162,unweighted_fl,10,0.1666998407643312,0,4,None,66,1,5,False,1000,1000
11738,163,unweighted_fl,10,0.1696855095541401,0,4,None,66,1,5,False,1000,1000
11739,164,unweighted_fl,10,0.1717754777070063,0,4,None,66,1,5,False,1000,1000
11740,160,unweighted_fl,10,0.1306727707006369,0,6,None,66,1,5,False,1000,1000
11741,161,unweighted_fl,10,0.1410230891719745,0,6,None,66,1,5,False,1000,1000
11742,162,unweighted_fl,10,0.1574442675159235,0,6,None,66,1,5,False,1000,1000
11743,163,unweighted_fl,10,0.1889928343949044,0,6,None,66,1,5,False,1000,1000
11744,164,unweighted_fl,10,0.213077229299363,0,6,None,66,1,5,False,1000,1000
11745,160,unweighted_fl,10,0.171875,0,5,None,66,1,5,False,1000,1000
11746,161,unweighted_fl,10,0.1979498407643312,0,5,None,66,1,5,False,1000,1000
11747,162,unweighted_fl,10,0.2082006369426751,0,5,None,66,1,5,False,1000,1000
11748,163,unweighted_fl,10,0.2065087579617834,0,5,None,66,1,5,False,1000,1000
11749,164,unweighted_fl,10,0.1968550955414012,0,5,None,66,1,5,False,1000,1000
11750,160,unweighted_fl,10,0.1230095541401273,0,7,None,66,1,5,False,1000,1000
11751,161,unweighted_fl,10,0.1226114649681528,0,7,None,66,1,5,False,1000,1000
11752,162,unweighted_fl,10,0.1218152866242038,0,7,None,66,1,5,False,1000,1000
11753,163,unweighted_fl,10,0.1213176751592356,0,7,None,66,1,5,False,1000,1000
11754,164,unweighted_fl,10,0.1209195859872611,0,7,None,66,1,5,False,1000,1000
11755,160,unweighted_fl,10,0.1376393312101911,0,9,None,66,1,5,False,1000,1000
11756,161,unweighted_fl,10,0.1572452229299363,0,9,None,66,1,5,False,1000,1000
11757,162,unweighted_fl,10,0.1703821656050955,0,9,None,66,1,5,False,1000,1000
11758,163,unweighted_fl,10,0.1782444267515923,0,9,None,66,1,5,False,1000,1000
11759,164,unweighted_fl,10,0.1821257961783439,0,9,None,66,1,5,False,1000,1000
11760,160,unweighted_fl,10,0.1226114649681528,0,8,None,66,1,5,False,1000,1000
11761,161,unweighted_fl,10,0.1230095541401273,0,8,None,66,1,5,False,1000,1000
11762,162,unweighted_fl,10,0.1216162420382165,0,8,None,66,1,5,False,1000,1000
11763,163,unweighted_fl,10,0.122014331210191,0,8,None,66,1,5,False,1000,1000
11764,164,unweighted_fl,10,0.1244028662420382,0,8,None,66,1,5,False,1000,1000
11765,160,unweighted_fl,10,0.1195262738853503,0,10,None,66,1,5,False,1000,1000
11766,161,unweighted_fl,10,0.12390525477707,0,10,None,66,1,5,False,1000,1000
11767,162,unweighted_fl,10,0.1264928343949044,0,10,None,66,1,5,False,1000,1000
11768,163,unweighted_fl,10,0.1252985668789809,0,10,None,66,1,5,False,1000,1000
11769,164,unweighted_fl,10,0.1256966560509554,0,10,None,66,1,5,False,1000,1000
11770,160,unweighted_fl,10,0.1356488853503184,0,11,None,66,1,5,False,1000,1000
11771,161,unweighted_fl,10,0.1358479299363057,0,11,None,66,1,5,False,1000,1000
11772,162,unweighted_fl,10,0.1354498407643312,0,11,None,66,1,5,False,1000,1000
11773,163,unweighted_fl,10,0.1353503184713375,0,11,None,66,1,5,False,1000,1000
11774,164,unweighted_fl,10,0.1324641719745223,0,11,None,66,1,5,False,1000,1000
11775,160,unweighted_fl,10,0.1490843949044586,0,12,None,66,1,5,False,1000,1000
11776,161,unweighted_fl,10,0.1222133757961783,0,12,None,66,1,5,False,1000,1000
11777,162,unweighted_fl,10,0.1187300955414012,0,12,None,66,1,5,False,1000,1000
11778,163,unweighted_fl,10,0.1159434713375796,0,12,None,66,1,5,False,1000,1000
11779,164,unweighted_fl,10,0.1146496815286624,0,12,None,66,1,5,False,1000,1000
11780,160,unweighted_fl,10,0.1456011146496815,0,14,None,66,1,5,False,1000,1000
11781,161,unweighted_fl,10,0.1559514331210191,0,14,None,66,1,5,False,1000,1000
11782,162,unweighted_fl,10,0.1548566878980891,0,14,None,66,1,5,False,1000,1000
11783,163,unweighted_fl,10,0.1557523885350318,0,14,None,66,1,5,False,1000,1000
11784,164,unweighted_fl,10,0.1561504777070063,0,14,None,66,1,5,False,1000,1000
11785,160,unweighted_fl,10,0.1537619426751592,0,13,None,66,1,5,False,1000,1000
11786,161,unweighted_fl,10,0.1774482484076433,0,13,None,66,1,5,False,1000,1000
11787,162,unweighted_fl,10,0.1862062101910828,0,13,None,66,1,5,False,1000,1000
11788,163,unweighted_fl,10,0.1902866242038216,0,13,None,66,1,5,False,1000,1000
11789,164,unweighted_fl,10,0.1918789808917197,0,13,None,66,1,5,False,1000,1000
11790,160,unweighted_fl,10,0.1417197452229299,0,15,None,66,1,5,False,1000,1000
11791,161,unweighted_fl,10,0.1577428343949044,0,15,None,66,1,5,False,1000,1000
11792,162,unweighted_fl,10,0.1706807324840764,0,15,None,66,1,5,False,1000,1000
11793,163,unweighted_fl,10,0.1784434713375796,0,15,None,66,1,5,False,1000,1000
11794,164,unweighted_fl,10,0.1828224522292993,0,15,None,66,1,5,False,1000,1000
11795,160,unweighted_fl,10,0.1964570063694267,0,16,None,66,1,5,False,1000,1000
11796,161,unweighted_fl,10,0.1958598726114649,0,16,None,66,1,5,False,1000,1000
11797,162,unweighted_fl,10,0.1961584394904458,0,16,None,66,1,5,False,1000,1000
11798,163,unweighted_fl,10,0.1968550955414012,0,16,None,66,1,5,False,1000,1000
11799,164,unweighted_fl,10,0.1970541401273885,0,16,None,66,1,5,False,1000,1000
11800,160,unweighted_fl,10,0.1566480891719745,0,17,None,66,1,5,False,1000,1000
11801,161,unweighted_fl,10,0.2075039808917197,0,17,None,66,1,5,False,1000,1000
11802,162,unweighted_fl,10,0.2159633757961783,0,17,None,66,1,5,False,1000,1000
11803,163,unweighted_fl,10,0.2087977707006369,0,17,None,66,1,5,False,1000,1000
11804,164,unweighted_fl,10,0.2080015923566879,0,17,None,66,1,5,False,1000,1000
11805,160,unweighted_fl,10,0.1221138535031847,0,19,None,66,1,5,False,1000,1000
11806,161,unweighted_fl,10,0.1159434713375796,0,19,None,66,1,5,False,1000,1000
11807,162,unweighted_fl,10,0.1049960191082802,0,19,None,66,1,5,False,1000,1000
11808,163,unweighted_fl,10,0.1047969745222929,0,19,None,66,1,5,False,1000,1000
11809,164,unweighted_fl,10,0.1015127388535031,0,19,None,66,1,5,False,1000,1000
11810,160,unweighted_fl,10,0.1024084394904458,0,18,None,66,1,5,False,1000,1000
11811,161,unweighted_fl,10,0.0995222929936305,0,18,None,66,1,5,False,1000,1000
11812,162,unweighted_fl,10,0.0995222929936305,0,18,None,66,1,5,False,1000,1000
11813,163,unweighted_fl,10,0.0995222929936305,0,18,None,66,1,5,False,1000,1000
11814,164,unweighted_fl,10,0.0995222929936305,0,18,None,66,1,5,False,1000,1000
11815,160,unweighted_fl,10,0.1302746815286624,0,20,None,66,1,5,False,1000,1000
11816,161,unweighted_fl,10,0.136046974522293,0,20,None,66,1,5,False,1000,1000
11817,162,unweighted_fl,10,0.1116640127388535,0,20,None,66,1,5,False,1000,1000
11818,163,unweighted_fl,10,0.1162420382165605,0,20,None,66,1,5,False,1000,1000
11819,164,unweighted_fl,10,0.1226114649681528,0,20,None,66,1,5,False,1000,1000
11820,160,unweighted_fl,10,0.1410230891719745,0,22,None,66,1,5,False,1000,1000
11821,161,unweighted_fl,10,0.1467953821656051,0,22,None,66,1,5,False,1000,1000
11822,162,unweighted_fl,10,0.1425159235668789,0,22,None,66,1,5,False,1000,1000
11823,163,unweighted_fl,10,0.1471934713375796,0,22,None,66,1,5,False,1000,1000
11824,164,unweighted_fl,10,0.1504777070063694,0,22,None,66,1,5,False,1000,1000
11825,160,unweighted_fl,10,0.1419187898089172,0,21,None,66,1,5,False,1000,1000
11826,161,unweighted_fl,10,0.1435111464968153,0,21,None,66,1,5,False,1000,1000
11827,162,unweighted_fl,10,0.1403264331210191,0,21,None,66,1,5,False,1000,1000
11828,163,unweighted_fl,10,0.1447054140127388,0,21,None,66,1,5,False,1000,1000
11829,164,unweighted_fl,10,0.1472929936305732,0,21,None,66,1,5,False,1000,1000
11830,160,unweighted_fl,10,0.1373407643312102,0,23,None,66,1,5,False,1000,1000
11831,161,unweighted_fl,10,0.1304737261146497,0,23,None,66,1,5,False,1000,1000
11832,162,unweighted_fl,10,0.1256966560509554,0,23,None,66,1,5,False,1000,1000
11833,163,unweighted_fl,10,0.1264928343949044,0,23,None,66,1,5,False,1000,1000
11834,164,unweighted_fl,10,0.1253980891719745,0,23,None,66,1,5,False,1000,1000
11835,160,unweighted_fl,10,0.1435111464968153,0,24,None,66,1,5,False,1000,1000
11836,161,unweighted_fl,10,0.1569466560509554,0,24,None,66,1,5,False,1000,1000
11837,162,unweighted_fl,10,0.1656050955414012,0,24,None,66,1,5,False,1000,1000
11838,163,unweighted_fl,10,0.1716759554140127,0,24,None,66,1,5,False,1000,1000
11839,164,unweighted_fl,10,0.1773487261146497,0,24,None,66,1,5,False,1000,1000
11840,160,unweighted_fl,10,0.1630175159235669,0,25,None,66,1,5,False,1000,1000
11841,161,unweighted_fl,10,0.1759554140127388,0,25,None,66,1,5,False,1000,1000
11842,162,unweighted_fl,10,0.1771496815286624,0,25,None,66,1,5,False,1000,1000
11843,163,unweighted_fl,10,0.1788415605095541,0,25,None,66,1,5,False,1000,1000
11844,164,unweighted_fl,10,0.1795382165605095,0,25,None,66,1,5,False,1000,1000
11845,160,unweighted_fl,10,0.1343550955414012,0,27,None,66,1,5,False,1000,1000
11846,161,unweighted_fl,10,0.122014331210191,0,27,None,66,1,5,False,1000,1000
11847,162,unweighted_fl,10,0.1058917197452229,0,27,None,66,1,5,False,1000,1000
11848,163,unweighted_fl,10,0.0996218152866242,0,27,None,66,1,5,False,1000,1000
11849,164,unweighted_fl,10,0.0995222929936305,0,27,None,66,1,5,False,1000,1000
11850,160,unweighted_fl,10,0.1292794585987261,0,26,None,66,1,5,False,1000,1000
11851,161,unweighted_fl,10,0.1405254777070063,0,26,None,66,1,5,False,1000,1000
11852,162,unweighted_fl,10,0.1498805732484076,0,26,None,66,1,5,False,1000,1000
11853,163,unweighted_fl,10,0.15625,0,26,None,66,1,5,False,1000,1000
11854,164,unweighted_fl,10,0.1591361464968153,0,26,None,66,1,5,False,1000,1000
11855,160,unweighted_fl,10,0.1567476114649681,0,28,None,66,1,5,False,1000,1000
11856,161,unweighted_fl,10,0.1821257961783439,0,28,None,66,1,5,False,1000,1000
11857,162,unweighted_fl,10,0.1994426751592356,0,28,None,66,1,5,False,1000,1000
11858,163,unweighted_fl,10,0.2169585987261146,0,28,None,66,1,5,False,1000,1000
11859,164,unweighted_fl,10,0.2290007961783439,0,28,None,66,1,5,False,1000,1000
11860,160,unweighted_fl,10,0.1194267515923566,0,29,None,66,1,5,False,1000,1000
11861,161,unweighted_fl,10,0.1207205414012738,0,29,None,66,1,5,False,1000,1000
11862,162,unweighted_fl,10,0.1296775477707006,0,29,None,66,1,5,False,1000,1000
11863,163,unweighted_fl,10,0.1268909235668789,0,29,None,66,1,5,False,1000,1000
11864,164,unweighted_fl,10,0.1261942675159235,0,29,None,66,1,5,False,1000,1000
11865,160,unweighted_fl,10,0.1613256369426751,0,30,None,66,1,5,False,1000,1000
11866,161,unweighted_fl,10,0.1929737261146497,0,30,None,66,1,5,False,1000,1000
11867,162,unweighted_fl,10,0.2008359872611465,0,30,None,66,1,5,False,1000,1000
11868,163,unweighted_fl,10,0.1992436305732484,0,30,None,66,1,5,False,1000,1000
11869,164,unweighted_fl,10,0.1991441082802547,0,30,None,66,1,5,False,1000,1000
11870,160,unweighted_fl,10,0.174562101910828,0,32,None,66,1,5,False,1000,1000
11871,161,unweighted_fl,10,0.1919785031847133,0,32,None,66,1,5,False,1000,1000
11872,162,unweighted_fl,10,0.1980493630573248,0,32,None,66,1,5,False,1000,1000
11873,163,unweighted_fl,10,0.1972531847133758,0,32,None,66,1,5,False,1000,1000
11874,164,unweighted_fl,10,0.1954617834394904,0,32,None,66,1,5,False,1000,1000
11875,160,unweighted_fl,10,0.1631170382165605,0,31,None,66,1,5,False,1000,1000
11876,161,unweighted_fl,10,0.1695859872611465,0,31,None,66,1,5,False,1000,1000
11877,162,unweighted_fl,10,0.1761544585987261,0,31,None,66,1,5,False,1000,1000
11878,163,unweighted_fl,10,0.1995421974522293,0,31,None,66,1,5,False,1000,1000
11879,164,unweighted_fl,10,0.2284036624203821,0,31,None,66,1,5,False,1000,1000
11880,165,unweighted_fl,10,0.1984474522292993,0,0,None,66,1,5,False,1000,1000
11881,166,unweighted_fl,10,0.1960589171974522,0,0,None,66,1,5,False,1000,1000
11882,167,unweighted_fl,10,0.1929737261146497,0,0,None,66,1,5,False,1000,1000
11883,168,unweighted_fl,10,0.1943670382165605,0,0,None,66,1,5,False,1000,1000
11884,169,unweighted_fl,10,0.1945660828025477,0,0,None,66,1,5,False,1000,1000
11885,165,unweighted_fl,10,0.1668988853503184,0,1,None,66,1,5,False,1000,1000
11886,166,unweighted_fl,10,0.1598328025477707,0,1,None,66,1,5,False,1000,1000
11887,167,unweighted_fl,10,0.1617237261146497,0,1,None,66,1,5,False,1000,1000
11888,168,unweighted_fl,10,0.1621218152866242,0,1,None,66,1,5,False,1000,1000
11889,169,unweighted_fl,10,0.1617237261146497,0,1,None,66,1,5,False,1000,1000
11890,165,unweighted_fl,10,0.208499203821656,0,2,None,66,1,5,False,1000,1000
11891,166,unweighted_fl,10,0.2073049363057325,0,2,None,66,1,5,False,1000,1000
11892,167,unweighted_fl,10,0.210390127388535,0,2,None,66,1,5,False,1000,1000
11893,168,unweighted_fl,10,0.2126791401273885,0,2,None,66,1,5,False,1000,1000
11894,169,unweighted_fl,10,0.2134753184713375,0,2,None,66,1,5,False,1000,1000
11895,165,unweighted_fl,10,0.1797372611464968,0,3,None,66,1,5,False,1000,1000
11896,166,unweighted_fl,10,0.1844148089171974,0,3,None,66,1,5,False,1000,1000
11897,167,unweighted_fl,10,0.1850119426751592,0,3,None,66,1,5,False,1000,1000
11898,168,unweighted_fl,10,0.1857085987261146,0,3,None,66,1,5,False,1000,1000
11899,169,unweighted_fl,10,0.1845143312101911,0,3,None,66,1,5,False,1000,1000
11900,165,unweighted_fl,10,0.1703821656050955,0,4,None,66,1,5,False,1000,1000
11901,166,unweighted_fl,10,0.1542595541401273,0,4,None,66,1,5,False,1000,1000
11902,167,unweighted_fl,10,0.1577428343949044,0,4,None,66,1,5,False,1000,1000
11903,168,unweighted_fl,10,0.1599323248407643,0,4,None,66,1,5,False,1000,1000
11904,169,unweighted_fl,10,0.1612261146496815,0,4,None,66,1,5,False,1000,1000
11905,165,unweighted_fl,10,0.1914808917197452,0,5,None,66,1,5,False,1000,1000
11906,166,unweighted_fl,10,0.1923765923566879,0,5,None,66,1,5,False,1000,1000
11907,167,unweighted_fl,10,0.196656050955414,0,5,None,66,1,5,False,1000,1000
11908,168,unweighted_fl,10,0.2082006369426751,0,5,None,66,1,5,False,1000,1000
11909,169,unweighted_fl,10,0.2086982484076433,0,5,None,66,1,5,False,1000,1000
11910,165,unweighted_fl,10,0.1733678343949044,0,6,None,66,1,5,False,1000,1000
11911,166,unweighted_fl,10,0.2015326433121019,0,6,None,66,1,5,False,1000,1000
11912,167,unweighted_fl,10,0.2224323248407643,0,6,None,66,1,5,False,1000,1000
11913,168,unweighted_fl,10,0.2376592356687898,0,6,None,66,1,5,False,1000,1000
11914,169,unweighted_fl,10,0.243531050955414,0,6,None,66,1,5,False,1000,1000
11915,165,unweighted_fl,10,0.1518710191082802,0,7,None,66,1,5,False,1000,1000
11916,166,unweighted_fl,10,0.1554538216560509,0,7,None,66,1,5,False,1000,1000
11917,167,unweighted_fl,10,0.1537619426751592,0,7,None,66,1,5,False,1000,1000
11918,168,unweighted_fl,10,0.1514729299363057,0,7,None,66,1,5,False,1000,1000
11919,169,unweighted_fl,10,0.1482882165605095,0,7,None,66,1,5,False,1000,1000
11920,165,unweighted_fl,10,0.1509753184713375,0,8,None,66,1,5,False,1000,1000
11921,166,unweighted_fl,10,0.1350517515923567,0,8,None,66,1,5,False,1000,1000
11922,167,unweighted_fl,10,0.109375,0,8,None,66,1,5,False,1000,1000
11923,168,unweighted_fl,10,0.1090764331210191,0,8,None,66,1,5,False,1000,1000
11924,169,unweighted_fl,10,0.1083797770700636,0,8,None,66,1,5,False,1000,1000
11925,165,unweighted_fl,10,0.1849124203821656,0,10,None,66,1,5,False,1000,1000
11926,166,unweighted_fl,10,0.171875,0,10,None,66,1,5,False,1000,1000
11927,167,unweighted_fl,10,0.1644108280254777,0,10,None,66,1,5,False,1000,1000
11928,168,unweighted_fl,10,0.1604299363057325,0,10,None,66,1,5,False,1000,1000
11929,169,unweighted_fl,10,0.1611265923566879,0,10,None,66,1,5,False,1000,1000
11930,165,unweighted_fl,10,0.1678941082802547,0,9,None,66,1,5,False,1000,1000
11931,166,unweighted_fl,10,0.1713773885350318,0,9,None,66,1,5,False,1000,1000
11932,167,unweighted_fl,10,0.1743630573248407,0,9,None,66,1,5,False,1000,1000
11933,168,unweighted_fl,10,0.1743630573248407,0,9,None,66,1,5,False,1000,1000
11934,169,unweighted_fl,10,0.1756568471337579,0,9,None,66,1,5,False,1000,1000
11935,165,unweighted_fl,10,0.1554538216560509,0,11,None,66,1,5,False,1000,1000
11936,166,unweighted_fl,10,0.1520700636942675,0,11,None,66,1,5,False,1000,1000
11937,167,unweighted_fl,10,0.1491839171974522,0,11,None,66,1,5,False,1000,1000
11938,168,unweighted_fl,10,0.1484872611464968,0,11,None,66,1,5,False,1000,1000
11939,169,unweighted_fl,10,0.1499800955414012,0,11,None,66,1,5,False,1000,1000
11940,165,unweighted_fl,10,0.1730692675159235,0,12,None,66,1,5,False,1000,1000
11941,166,unweighted_fl,10,0.1705812101910828,0,12,None,66,1,5,False,1000,1000
11942,167,unweighted_fl,10,0.166202229299363,0,12,None,66,1,5,False,1000,1000
11943,168,unweighted_fl,10,0.1673964968152866,0,12,None,66,1,5,False,1000,1000
11944,169,unweighted_fl,10,0.1696855095541401,0,12,None,66,1,5,False,1000,1000
11945,165,unweighted_fl,10,0.1883957006369426,0,13,None,66,1,5,False,1000,1000
11946,166,unweighted_fl,10,0.1975517515923567,0,13,None,66,1,5,False,1000,1000
11947,167,unweighted_fl,10,0.1950636942675159,0,13,None,66,1,5,False,1000,1000
11948,168,unweighted_fl,10,0.1874004777070063,0,13,None,66,1,5,False,1000,1000
11949,169,unweighted_fl,10,0.1890923566878981,0,13,None,66,1,5,False,1000,1000
11950,165,unweighted_fl,10,0.1439092356687898,0,14,None,66,1,5,False,1000,1000
11951,166,unweighted_fl,10,0.147890127388535,0,14,None,66,1,5,False,1000,1000
11952,167,unweighted_fl,10,0.1469944267515923,0,14,None,66,1,5,False,1000,1000
11953,168,unweighted_fl,10,0.1468949044585987,0,14,None,66,1,5,False,1000,1000
11954,169,unweighted_fl,10,0.1465963375796178,0,14,None,66,1,5,False,1000,1000
11955,165,unweighted_fl,10,0.1413216560509554,0,15,None,66,1,5,False,1000,1000
11956,166,unweighted_fl,10,0.1482882165605095,0,15,None,66,1,5,False,1000,1000
11957,167,unweighted_fl,10,0.1539609872611465,0,15,None,66,1,5,False,1000,1000
11958,168,unweighted_fl,10,0.157046178343949,0,15,None,66,1,5,False,1000,1000
11959,169,unweighted_fl,10,0.1596337579617834,0,15,None,66,1,5,False,1000,1000
11960,165,unweighted_fl,10,0.1971536624203821,0,16,None,66,1,5,False,1000,1000
11961,166,unweighted_fl,10,0.1959593949044586,0,16,None,66,1,5,False,1000,1000
11962,167,unweighted_fl,10,0.1964570063694267,0,16,None,66,1,5,False,1000,1000
11963,168,unweighted_fl,10,0.1964570063694267,0,16,None,66,1,5,False,1000,1000
11964,169,unweighted_fl,10,0.1964570063694267,0,16,None,66,1,5,False,1000,1000
11965,165,unweighted_fl,10,0.2056130573248407,0,17,None,66,1,5,False,1000,1000
11966,166,unweighted_fl,10,0.2143710191082802,0,17,None,66,1,5,False,1000,1000
11967,167,unweighted_fl,10,0.2127786624203821,0,17,None,66,1,5,False,1000,1000
11968,168,unweighted_fl,10,0.2032245222929936,0,17,None,66,1,5,False,1000,1000
11969,169,unweighted_fl,10,0.2021297770700637,0,17,None,66,1,5,False,1000,1000
11970,165,unweighted_fl,10,0.1201234076433121,0,19,None,66,1,5,False,1000,1000
11971,166,unweighted_fl,10,0.1086783439490445,0,19,None,66,1,5,False,1000,1000
11972,167,unweighted_fl,10,0.106389331210191,0,19,None,66,1,5,False,1000,1000
11973,168,unweighted_fl,10,0.1066878980891719,0,19,None,66,1,5,False,1000,1000
11974,169,unweighted_fl,10,0.1163415605095541,0,19,None,66,1,5,False,1000,1000
11975,165,unweighted_fl,10,0.1484872611464968,0,18,None,66,1,5,False,1000,1000
11976,166,unweighted_fl,10,0.13953025477707,0,18,None,66,1,5,False,1000,1000
11977,167,unweighted_fl,10,0.1285828025477707,0,18,None,66,1,5,False,1000,1000
11978,168,unweighted_fl,10,0.1213176751592356,0,18,None,66,1,5,False,1000,1000
11979,169,unweighted_fl,10,0.1152468152866242,0,18,None,66,1,5,False,1000,1000
11980,165,unweighted_fl,10,0.2016321656050955,0,20,None,66,1,5,False,1000,1000
11981,166,unweighted_fl,10,0.210390127388535,0,20,None,66,1,5,False,1000,1000
11982,167,unweighted_fl,10,0.2081011146496815,0,20,None,66,1,5,False,1000,1000
11983,168,unweighted_fl,10,0.1979498407643312,0,20,None,66,1,5,False,1000,1000
11984,169,unweighted_fl,10,0.1934713375796178,0,20,None,66,1,5,False,1000,1000
11985,165,unweighted_fl,10,0.143312101910828,0,21,None,66,1,5,False,1000,1000
11986,166,unweighted_fl,10,0.1504777070063694,0,21,None,66,1,5,False,1000,1000
11987,167,unweighted_fl,10,0.154359076433121,0,21,None,66,1,5,False,1000,1000
11988,168,unweighted_fl,10,0.1554538216560509,0,21,None,66,1,5,False,1000,1000
11989,169,unweighted_fl,10,0.1558519108280254,0,21,None,66,1,5,False,1000,1000
11990,165,unweighted_fl,10,0.1438097133757961,0,22,None,66,1,5,False,1000,1000
11991,166,unweighted_fl,10,0.1521695859872611,0,22,None,66,1,5,False,1000,1000
11992,167,unweighted_fl,10,0.1575437898089172,0,22,None,66,1,5,False,1000,1000
11993,168,unweighted_fl,10,0.1598328025477707,0,22,None,66,1,5,False,1000,1000
11994,169,unweighted_fl,10,0.1610270700636942,0,22,None,66,1,5,False,1000,1000
11995,165,unweighted_fl,10,0.1328622611464968,0,23,None,66,1,5,False,1000,1000
11996,166,unweighted_fl,10,0.1450039808917197,0,23,None,66,1,5,False,1000,1000
11997,167,unweighted_fl,10,0.1476910828025477,0,23,None,66,1,5,False,1000,1000
11998,168,unweighted_fl,10,0.1470939490445859,0,23,None,66,1,5,False,1000,1000
11999,169,unweighted_fl,10,0.1470939490445859,0,23,None,66,1,5,False,1000,1000
12000,165,unweighted_fl,10,0.1714769108280254,0,24,None,66,1,5,False,1000,1000
12001,166,unweighted_fl,10,0.177249203821656,0,24,None,66,1,5,False,1000,1000
12002,167,unweighted_fl,10,0.179140127388535,0,24,None,66,1,5,False,1000,1000
12003,168,unweighted_fl,10,0.1794386942675159,0,24,None,66,1,5,False,1000,1000
12004,169,unweighted_fl,10,0.179936305732484,0,24,None,66,1,5,False,1000,1000
12005,165,unweighted_fl,10,0.1431130573248407,0,26,None,66,1,5,False,1000,1000
12006,166,unweighted_fl,10,0.1409235668789809,0,26,None,66,1,5,False,1000,1000
12007,167,unweighted_fl,10,0.1437101910828025,0,26,None,66,1,5,False,1000,1000
12008,168,unweighted_fl,10,0.1462977707006369,0,26,None,66,1,5,False,1000,1000
12009,169,unweighted_fl,10,0.147890127388535,0,26,None,66,1,5,False,1000,1000
12010,165,unweighted_fl,10,0.1739649681528662,0,25,None,66,1,5,False,1000,1000
12011,166,unweighted_fl,10,0.1778463375796178,0,25,None,66,1,5,False,1000,1000
12012,167,unweighted_fl,10,0.1780453821656051,0,25,None,66,1,5,False,1000,1000
12013,168,unweighted_fl,10,0.1783439490445859,0,25,None,66,1,5,False,1000,1000
12014,169,unweighted_fl,10,0.1779458598726114,0,25,None,66,1,5,False,1000,1000
12015,165,unweighted_fl,10,0.1789410828025477,0,27,None,66,1,5,False,1000,1000
12016,166,unweighted_fl,10,0.1607285031847133,0,27,None,66,1,5,False,1000,1000
12017,167,unweighted_fl,10,0.1455015923566879,0,27,None,66,1,5,False,1000,1000
12018,168,unweighted_fl,10,0.1353503184713375,0,27,None,66,1,5,False,1000,1000
12019,169,unweighted_fl,10,0.1292794585987261,0,27,None,66,1,5,False,1000,1000
12020,165,unweighted_fl,10,0.1948646496815286,0,28,None,66,1,5,False,1000,1000
12021,166,unweighted_fl,10,0.2074044585987261,0,28,None,66,1,5,False,1000,1000
12022,167,unweighted_fl,10,0.2145700636942675,0,28,None,66,1,5,False,1000,1000
12023,168,unweighted_fl,10,0.2201433121019108,0,28,None,66,1,5,False,1000,1000
12024,169,unweighted_fl,10,0.2227308917197452,0,28,None,66,1,5,False,1000,1000
12025,165,unweighted_fl,10,0.1964570063694267,0,30,None,66,1,5,False,1000,1000
12026,166,unweighted_fl,10,0.1957603503184713,0,30,None,66,1,5,False,1000,1000
12027,167,unweighted_fl,10,0.1971536624203821,0,30,None,66,1,5,False,1000,1000
12028,168,unweighted_fl,10,0.1968550955414012,0,30,None,66,1,5,False,1000,1000
12029,169,unweighted_fl,10,0.1964570063694267,0,30,None,66,1,5,False,1000,1000
12030,165,unweighted_fl,10,0.1884952229299363,0,29,None,66,1,5,False,1000,1000
12031,166,unweighted_fl,10,0.1790406050955414,0,29,None,66,1,5,False,1000,1000
12032,167,unweighted_fl,10,0.1769506369426751,0,29,None,66,1,5,False,1000,1000
12033,168,unweighted_fl,10,0.1715764331210191,0,29,None,66,1,5,False,1000,1000
12034,169,unweighted_fl,10,0.17078025477707,0,29,None,66,1,5,False,1000,1000
12035,165,unweighted_fl,10,0.2314888535031847,0,31,None,66,1,5,False,1000,1000
12036,166,unweighted_fl,10,0.2107882165605095,0,31,None,66,1,5,False,1000,1000
12037,167,unweighted_fl,10,0.1954617834394904,0,31,None,66,1,5,False,1000,1000
12038,168,unweighted_fl,10,0.1940684713375796,0,31,None,66,1,5,False,1000,1000
12039,169,unweighted_fl,10,0.1946656050955414,0,31,None,66,1,5,False,1000,1000
12040,165,unweighted_fl,10,0.1787420382165605,0,32,None,66,1,5,False,1000,1000
12041,166,unweighted_fl,10,0.1827229299363057,0,32,None,66,1,5,False,1000,1000
12042,167,unweighted_fl,10,0.1850119426751592,0,32,None,66,1,5,False,1000,1000
12043,168,unweighted_fl,10,0.1858081210191083,0,32,None,66,1,5,False,1000,1000
12044,169,unweighted_fl,10,0.1851114649681528,0,32,None,66,1,5,False,1000,1000
12045,170,unweighted_fl,10,0.2053144904458598,0,0,None,66,1,5,False,1000,1000
12046,171,unweighted_fl,10,0.2001393312101911,0,0,None,66,1,5,False,1000,1000
12047,172,unweighted_fl,10,0.1979498407643312,0,0,None,66,1,5,False,1000,1000
12048,173,unweighted_fl,10,0.196656050955414,0,0,None,66,1,5,False,1000,1000
12049,174,unweighted_fl,10,0.1969546178343949,0,0,None,66,1,5,False,1000,1000
12050,170,unweighted_fl,10,0.2266122611464968,0,1,None,66,1,5,False,1000,1000
12051,171,unweighted_fl,10,0.1904856687898089,0,1,None,66,1,5,False,1000,1000
12052,172,unweighted_fl,10,0.1885947452229299,0,1,None,66,1,5,False,1000,1000
12053,173,unweighted_fl,10,0.1886942675159235,0,1,None,66,1,5,False,1000,1000
12054,174,unweighted_fl,10,0.190187101910828,0,1,None,66,1,5,False,1000,1000
12055,170,unweighted_fl,10,0.2064092356687898,0,2,None,66,1,5,False,1000,1000
12056,171,unweighted_fl,10,0.1996417197452229,0,2,None,66,1,5,False,1000,1000
12057,172,unweighted_fl,10,0.2001393312101911,0,2,None,66,1,5,False,1000,1000
12058,173,unweighted_fl,10,0.2005374203821656,0,2,None,66,1,5,False,1000,1000
12059,174,unweighted_fl,10,0.2008359872611465,0,2,None,66,1,5,False,1000,1000
12060,170,unweighted_fl,10,0.1780453821656051,0,3,None,66,1,5,False,1000,1000
12061,171,unweighted_fl,10,0.1801353503184713,0,3,None,66,1,5,False,1000,1000
12062,172,unweighted_fl,10,0.1802348726114649,0,3,None,66,1,5,False,1000,1000
12063,173,unweighted_fl,10,0.1814291401273885,0,3,None,66,1,5,False,1000,1000
12064,174,unweighted_fl,10,0.1827229299363057,0,3,None,66,1,5,False,1000,1000
12065,170,unweighted_fl,10,0.1915804140127388,0,4,None,66,1,5,False,1000,1000
12066,171,unweighted_fl,10,0.1854100318471337,0,4,None,66,1,5,False,1000,1000
12067,172,unweighted_fl,10,0.179936305732484,0,4,None,66,1,5,False,1000,1000
12068,173,unweighted_fl,10,0.1742635350318471,0,4,None,66,1,5,False,1000,1000
12069,174,unweighted_fl,10,0.1704816878980891,0,4,None,66,1,5,False,1000,1000
12070,170,unweighted_fl,10,0.2095939490445859,0,6,None,66,1,5,False,1000,1000
12071,171,unweighted_fl,10,0.2153662420382165,0,6,None,66,1,5,False,1000,1000
12072,172,unweighted_fl,10,0.2196457006369426,0,6,None,66,1,5,False,1000,1000
12073,173,unweighted_fl,10,0.2237261146496815,0,6,None,66,1,5,False,1000,1000
12074,174,unweighted_fl,10,0.2258160828025477,0,6,None,66,1,5,False,1000,1000
12075,170,unweighted_fl,10,0.1941679936305732,0,5,None,66,1,5,False,1000,1000
12076,171,unweighted_fl,10,0.1886942675159235,0,5,None,66,1,5,False,1000,1000
12077,172,unweighted_fl,10,0.1841162420382165,0,5,None,66,1,5,False,1000,1000
12078,173,unweighted_fl,10,0.1852109872611465,0,5,None,66,1,5,False,1000,1000
12079,174,unweighted_fl,10,0.1868033439490445,0,5,None,66,1,5,False,1000,1000
12080,170,unweighted_fl,10,0.1992436305732484,0,7,None,66,1,5,False,1000,1000
12081,171,unweighted_fl,10,0.1981488853503184,0,7,None,66,1,5,False,1000,1000
12082,172,unweighted_fl,10,0.1977507961783439,0,7,None,66,1,5,False,1000,1000
12083,173,unweighted_fl,10,0.196656050955414,0,7,None,66,1,5,False,1000,1000
12084,174,unweighted_fl,10,0.1945660828025477,0,7,None,66,1,5,False,1000,1000
12085,170,unweighted_fl,10,0.1786425159235669,0,8,None,66,1,5,False,1000,1000
12086,171,unweighted_fl,10,0.1731687898089172,0,8,None,66,1,5,False,1000,1000
12087,172,unweighted_fl,10,0.1552547770700637,0,8,None,66,1,5,False,1000,1000
12088,173,unweighted_fl,10,0.1460987261146497,0,8,None,66,1,5,False,1000,1000
12089,174,unweighted_fl,10,0.1421178343949044,0,8,None,66,1,5,False,1000,1000
12090,170,unweighted_fl,10,0.1816281847133758,0,9,None,66,1,5,False,1000,1000
12091,171,unweighted_fl,10,0.1740644904458598,0,9,None,66,1,5,False,1000,1000
12092,172,unweighted_fl,10,0.1743630573248407,0,9,None,66,1,5,False,1000,1000
12093,173,unweighted_fl,10,0.1757563694267516,0,9,None,66,1,5,False,1000,1000
12094,174,unweighted_fl,10,0.1774482484076433,0,9,None,66,1,5,False,1000,1000
12095,170,unweighted_fl,10,0.2008359872611465,0,10,None,66,1,5,False,1000,1000
12096,171,unweighted_fl,10,0.1932722929936305,0,10,None,66,1,5,False,1000,1000
12097,172,unweighted_fl,10,0.1924761146496815,0,10,None,66,1,5,False,1000,1000
12098,173,unweighted_fl,10,0.1926751592356688,0,10,None,66,1,5,False,1000,1000
12099,174,unweighted_fl,10,0.1939689490445859,0,10,None,66,1,5,False,1000,1000
12100,170,unweighted_fl,10,0.2037221337579617,0,11,None,66,1,5,False,1000,1000
12101,171,unweighted_fl,10,0.2040207006369426,0,11,None,66,1,5,False,1000,1000
12102,172,unweighted_fl,10,0.203921178343949,0,11,None,66,1,5,False,1000,1000
12103,173,unweighted_fl,10,0.2049164012738853,0,11,None,66,1,5,False,1000,1000
12104,174,unweighted_fl,10,0.2060111464968153,0,11,None,66,1,5,False,1000,1000
12105,170,unweighted_fl,10,0.1845143312101911,0,12,None,66,1,5,False,1000,1000
12106,171,unweighted_fl,10,0.182921974522293,0,12,None,66,1,5,False,1000,1000
12107,172,unweighted_fl,10,0.1863057324840764,0,12,None,66,1,5,False,1000,1000
12108,173,unweighted_fl,10,0.1904856687898089,0,12,None,66,1,5,False,1000,1000
12109,174,unweighted_fl,10,0.1994426751592356,0,12,None,66,1,5,False,1000,1000
12110,170,unweighted_fl,10,0.1916799363057325,0,13,None,66,1,5,False,1000,1000
12111,171,unweighted_fl,10,0.1888933121019108,0,13,None,66,1,5,False,1000,1000
12112,172,unweighted_fl,10,0.1936703821656051,0,13,None,66,1,5,False,1000,1000
12113,173,unweighted_fl,10,0.1973527070063694,0,13,None,66,1,5,False,1000,1000
12114,174,unweighted_fl,10,0.1977507961783439,0,13,None,66,1,5,False,1000,1000
12115,170,unweighted_fl,10,0.2029259554140127,0,14,None,66,1,5,False,1000,1000
12116,171,unweighted_fl,10,0.1932722929936305,0,14,None,66,1,5,False,1000,1000
12117,172,unweighted_fl,10,0.1869028662420382,0,14,None,66,1,5,False,1000,1000
12118,173,unweighted_fl,10,0.1851114649681528,0,14,None,66,1,5,False,1000,1000
12119,174,unweighted_fl,10,0.1898885350318471,0,14,None,66,1,5,False,1000,1000
12120,170,unweighted_fl,10,0.1790406050955414,0,15,None,66,1,5,False,1000,1000
12121,171,unweighted_fl,10,0.1498805732484076,0,15,None,66,1,5,False,1000,1000
12122,172,unweighted_fl,10,0.144108280254777,0,15,None,66,1,5,False,1000,1000
12123,173,unweighted_fl,10,0.1466958598726114,0,15,None,66,1,5,False,1000,1000
12124,174,unweighted_fl,10,0.1487858280254777,0,15,None,66,1,5,False,1000,1000
12125,170,unweighted_fl,10,0.199343152866242,0,16,None,66,1,5,False,1000,1000
12126,171,unweighted_fl,10,0.1958598726114649,0,16,None,66,1,5,False,1000,1000
12127,172,unweighted_fl,10,0.1960589171974522,0,16,None,66,1,5,False,1000,1000
12128,173,unweighted_fl,10,0.1962579617834395,0,16,None,66,1,5,False,1000,1000
12129,174,unweighted_fl,10,0.1963574840764331,0,16,None,66,1,5,False,1000,1000
12130,170,unweighted_fl,10,0.2088972929936305,0,17,None,66,1,5,False,1000,1000
12131,171,unweighted_fl,10,0.2099920382165605,0,17,None,66,1,5,False,1000,1000
12132,172,unweighted_fl,10,0.2072054140127388,0,17,None,66,1,5,False,1000,1000
12133,173,unweighted_fl,10,0.2010350318471337,0,17,None,66,1,5,False,1000,1000
12134,174,unweighted_fl,10,0.1982484076433121,0,17,None,66,1,5,False,1000,1000
12135,170,unweighted_fl,10,0.1823248407643312,0,18,None,66,1,5,False,1000,1000
12136,171,unweighted_fl,10,0.1792396496815286,0,18,None,66,1,5,False,1000,1000
12137,172,unweighted_fl,10,0.1797372611464968,0,18,None,66,1,5,False,1000,1000
12138,173,unweighted_fl,10,0.1833200636942675,0,18,None,66,1,5,False,1000,1000
12139,174,unweighted_fl,10,0.1854100318471337,0,18,None,66,1,5,False,1000,1000
12140,170,unweighted_fl,10,0.2062101910828025,0,19,None,66,1,5,False,1000,1000
12141,171,unweighted_fl,10,0.1889928343949044,0,19,None,66,1,5,False,1000,1000
12142,172,unweighted_fl,10,0.1914808917197452,0,19,None,66,1,5,False,1000,1000
12143,173,unweighted_fl,10,0.194765127388535,0,19,None,66,1,5,False,1000,1000
12144,174,unweighted_fl,10,0.2013335987261146,0,19,None,66,1,5,False,1000,1000
12145,170,unweighted_fl,10,0.2032245222929936,0,20,None,66,1,5,False,1000,1000
12146,171,unweighted_fl,10,0.2003383757961783,0,20,None,66,1,5,False,1000,1000
12147,172,unweighted_fl,10,0.2067078025477707,0,20,None,66,1,5,False,1000,1000
12148,173,unweighted_fl,10,0.2135748407643312,0,20,None,66,1,5,False,1000,1000
12149,174,unweighted_fl,10,0.2163614649681528,0,20,None,66,1,5,False,1000,1000
12150,170,unweighted_fl,10,0.1921775477707006,0,21,None,66,1,5,False,1000,1000
12151,171,unweighted_fl,10,0.1924761146496815,0,21,None,66,1,5,False,1000,1000
12152,172,unweighted_fl,10,0.2013335987261146,0,21,None,66,1,5,False,1000,1000
12153,173,unweighted_fl,10,0.2145700636942675,0,21,None,66,1,5,False,1000,1000
12154,174,unweighted_fl,10,0.2285031847133758,0,21,None,66,1,5,False,1000,1000
12155,170,unweighted_fl,10,0.1514729299363057,0,22,None,66,1,5,False,1000,1000
12156,171,unweighted_fl,10,0.1405254777070063,0,22,None,66,1,5,False,1000,1000
12157,172,unweighted_fl,10,0.143312101910828,0,22,None,66,1,5,False,1000,1000
12158,173,unweighted_fl,10,0.1454020700636942,0,22,None,66,1,5,False,1000,1000
12159,174,unweighted_fl,10,0.1492834394904458,0,22,None,66,1,5,False,1000,1000
12160,170,unweighted_fl,10,0.1859076433121019,0,23,None,66,1,5,False,1000,1000
12161,171,unweighted_fl,10,0.1725716560509554,0,23,None,66,1,5,False,1000,1000
12162,172,unweighted_fl,10,0.1788415605095541,0,23,None,66,1,5,False,1000,1000
12163,173,unweighted_fl,10,0.2011345541401273,0,23,None,66,1,5,False,1000,1000
12164,174,unweighted_fl,10,0.2266122611464968,0,23,None,66,1,5,False,1000,1000
12165,170,unweighted_fl,10,0.1775477707006369,0,24,None,66,1,5,False,1000,1000
12166,171,unweighted_fl,10,0.1757563694267516,0,24,None,66,1,5,False,1000,1000
12167,172,unweighted_fl,10,0.1770501592356688,0,24,None,66,1,5,False,1000,1000
12168,173,unweighted_fl,10,0.181031050955414,0,24,None,66,1,5,False,1000,1000
12169,174,unweighted_fl,10,0.1854100318471337,0,24,None,66,1,5,False,1000,1000
12170,170,unweighted_fl,10,0.1779458598726114,0,25,None,66,1,5,False,1000,1000
12171,171,unweighted_fl,10,0.1765525477707006,0,25,None,66,1,5,False,1000,1000
12172,172,unweighted_fl,10,0.1769506369426751,0,25,None,66,1,5,False,1000,1000
12173,173,unweighted_fl,10,0.1774482484076433,0,25,None,66,1,5,False,1000,1000
12174,174,unweighted_fl,10,0.1782444267515923,0,25,None,66,1,5,False,1000,1000
12175,170,unweighted_fl,10,0.2147691082802547,0,26,None,66,1,5,False,1000,1000
12176,171,unweighted_fl,10,0.2048168789808917,0,26,None,66,1,5,False,1000,1000
12177,172,unweighted_fl,10,0.1917794585987261,0,26,None,66,1,5,False,1000,1000
12178,173,unweighted_fl,10,0.1865047770700637,0,26,None,66,1,5,False,1000,1000
12179,174,unweighted_fl,10,0.18640525477707,0,26,None,66,1,5,False,1000,1000
12180,170,unweighted_fl,10,0.194765127388535,0,27,None,66,1,5,False,1000,1000
12181,171,unweighted_fl,10,0.1927746815286624,0,27,None,66,1,5,False,1000,1000
12182,172,unweighted_fl,10,0.1921775477707006,0,27,None,66,1,5,False,1000,1000
12183,173,unweighted_fl,10,0.1921775477707006,0,27,None,66,1,5,False,1000,1000
12184,174,unweighted_fl,10,0.1932722929936305,0,27,None,66,1,5,False,1000,1000
12185,170,unweighted_fl,10,0.2094944267515923,0,28,None,66,1,5,False,1000,1000
12186,171,unweighted_fl,10,0.2114848726114649,0,28,None,66,1,5,False,1000,1000
12187,172,unweighted_fl,10,0.2132762738853503,0,28,None,66,1,5,False,1000,1000
12188,173,unweighted_fl,10,0.2135748407643312,0,28,None,66,1,5,False,1000,1000
12189,174,unweighted_fl,10,0.2139729299363057,0,28,None,66,1,5,False,1000,1000
12190,170,unweighted_fl,10,0.2043192675159235,0,29,None,66,1,5,False,1000,1000
12191,171,unweighted_fl,10,0.199343152866242,0,29,None,66,1,5,False,1000,1000
12192,172,unweighted_fl,10,0.1960589171974522,0,29,None,66,1,5,False,1000,1000
12193,173,unweighted_fl,10,0.1957603503184713,0,29,None,66,1,5,False,1000,1000
12194,174,unweighted_fl,10,0.1949641719745223,0,29,None,66,1,5,False,1000,1000
12195,170,unweighted_fl,10,0.2010350318471337,0,30,None,66,1,5,False,1000,1000
12196,171,unweighted_fl,10,0.1957603503184713,0,30,None,66,1,5,False,1000,1000
12197,172,unweighted_fl,10,0.1960589171974522,0,30,None,66,1,5,False,1000,1000
12198,173,unweighted_fl,10,0.1957603503184713,0,30,None,66,1,5,False,1000,1000
12199,174,unweighted_fl,10,0.1958598726114649,0,30,None,66,1,5,False,1000,1000
12200,170,unweighted_fl,10,0.232484076433121,0,31,None,66,1,5,False,1000,1000
12201,171,unweighted_fl,10,0.2326831210191083,0,31,None,66,1,5,False,1000,1000
12202,172,unweighted_fl,10,0.2145700636942675,0,31,None,66,1,5,False,1000,1000
12203,173,unweighted_fl,10,0.2088972929936305,0,31,None,66,1,5,False,1000,1000
12204,174,unweighted_fl,10,0.2072054140127388,0,31,None,66,1,5,False,1000,1000
12205,170,unweighted_fl,10,0.1806329617834395,0,32,None,66,1,5,False,1000,1000
12206,171,unweighted_fl,10,0.1776472929936305,0,32,None,66,1,5,False,1000,1000
12207,172,unweighted_fl,10,0.1786425159235669,0,32,None,66,1,5,False,1000,1000
12208,173,unweighted_fl,10,0.1793391719745223,0,32,None,66,1,5,False,1000,1000
12209,174,unweighted_fl,10,0.1806329617834395,0,32,None,66,1,5,False,1000,1000
12210,175,unweighted_fl,10,0.2075039808917197,0,0,None,66,1,5,False,1000,1000
12211,176,unweighted_fl,10,0.2051154458598726,0,0,None,66,1,5,False,1000,1000
12212,177,unweighted_fl,10,0.2023288216560509,0,0,None,66,1,5,False,1000,1000
12213,178,unweighted_fl,10,0.2035230891719745,0,0,None,66,1,5,False,1000,1000
12214,179,unweighted_fl,10,0.2049164012738853,0,0,None,66,1,5,False,1000,1000
12215,175,unweighted_fl,10,0.2261146496815286,0,1,None,66,1,5,False,1000,1000
12216,176,unweighted_fl,10,0.2376592356687898,0,1,None,66,1,5,False,1000,1000
12217,177,unweighted_fl,10,0.24890525477707,0,1,None,66,1,5,False,1000,1000
12218,178,unweighted_fl,10,0.243531050955414,0,1,None,66,1,5,False,1000,1000
12219,179,unweighted_fl,10,0.2317874203821656,0,1,None,66,1,5,False,1000,1000
12220,175,unweighted_fl,10,0.2047173566878981,0,2,None,66,1,5,False,1000,1000
12221,176,unweighted_fl,10,0.1983479299363057,0,2,None,66,1,5,False,1000,1000
12222,177,unweighted_fl,10,0.1987460191082802,0,2,None,66,1,5,False,1000,1000
12223,178,unweighted_fl,10,0.1988455414012739,0,2,None,66,1,5,False,1000,1000
12224,179,unweighted_fl,10,0.1990445859872611,0,2,None,66,1,5,False,1000,1000
12225,175,unweighted_fl,10,0.1844148089171974,0,3,None,66,1,5,False,1000,1000
12226,176,unweighted_fl,10,0.1835191082802547,0,3,None,66,1,5,False,1000,1000
12227,177,unweighted_fl,10,0.188296178343949,0,3,None,66,1,5,False,1000,1000
12228,178,unweighted_fl,10,0.1923765923566879,0,3,None,66,1,5,False,1000,1000
12229,179,unweighted_fl,10,0.1949641719745223,0,3,None,66,1,5,False,1000,1000
12230,175,unweighted_fl,10,0.1961584394904458,0,4,None,66,1,5,False,1000,1000
12231,176,unweighted_fl,10,0.1940684713375796,0,4,None,66,1,5,False,1000,1000
12232,177,unweighted_fl,10,0.1930732484076433,0,4,None,66,1,5,False,1000,1000
12233,178,unweighted_fl,10,0.1932722929936305,0,4,None,66,1,5,False,1000,1000
12234,179,unweighted_fl,10,0.1940684713375796,0,4,None,66,1,5,False,1000,1000
12235,175,unweighted_fl,10,0.1921775477707006,0,5,None,66,1,5,False,1000,1000
12236,176,unweighted_fl,10,0.190187101910828,0,5,None,66,1,5,False,1000,1000
12237,177,unweighted_fl,10,0.1869028662420382,0,5,None,66,1,5,False,1000,1000
12238,178,unweighted_fl,10,0.1867038216560509,0,5,None,66,1,5,False,1000,1000
12239,179,unweighted_fl,10,0.1890923566878981,0,5,None,66,1,5,False,1000,1000
12240,175,unweighted_fl,10,0.2119824840764331,0,6,None,66,1,5,False,1000,1000
12241,176,unweighted_fl,10,0.213077229299363,0,6,None,66,1,5,False,1000,1000
12242,177,unweighted_fl,10,0.2120820063694267,0,6,None,66,1,5,False,1000,1000
12243,178,unweighted_fl,10,0.2125796178343949,0,6,None,66,1,5,False,1000,1000
12244,179,unweighted_fl,10,0.2115843949044586,0,6,None,66,1,5,False,1000,1000
12245,175,unweighted_fl,10,0.2085987261146497,0,7,None,66,1,5,False,1000,1000
12246,176,unweighted_fl,10,0.207703025477707,0,7,None,66,1,5,False,1000,1000
12247,177,unweighted_fl,10,0.2069068471337579,0,7,None,66,1,5,False,1000,1000
12248,178,unweighted_fl,10,0.2051154458598726,0,7,None,66,1,5,False,1000,1000
12249,179,unweighted_fl,10,0.2034235668789809,0,7,None,66,1,5,False,1000,1000
12250,175,unweighted_fl,10,0.2258160828025477,0,8,None,66,1,5,False,1000,1000
12251,176,unweighted_fl,10,0.1846138535031847,0,8,None,66,1,5,False,1000,1000
12252,177,unweighted_fl,10,0.1816281847133758,0,8,None,66,1,5,False,1000,1000
12253,178,unweighted_fl,10,0.1806329617834395,0,8,None,66,1,5,False,1000,1000
12254,179,unweighted_fl,10,0.1835191082802547,0,8,None,66,1,5,False,1000,1000
12255,175,unweighted_fl,10,0.1862062101910828,0,9,None,66,1,5,False,1000,1000
12256,176,unweighted_fl,10,0.1843152866242038,0,9,None,66,1,5,False,1000,1000
12257,177,unweighted_fl,10,0.1852109872611465,0,9,None,66,1,5,False,1000,1000
12258,178,unweighted_fl,10,0.1887937898089172,0,9,None,66,1,5,False,1000,1000
12259,179,unweighted_fl,10,0.1930732484076433,0,9,None,66,1,5,False,1000,1000
12260,175,unweighted_fl,10,0.2053144904458598,0,10,None,66,1,5,False,1000,1000
12261,176,unweighted_fl,10,0.2009355095541401,0,10,None,66,1,5,False,1000,1000
12262,177,unweighted_fl,10,0.198546974522293,0,10,None,66,1,5,False,1000,1000
12263,178,unweighted_fl,10,0.199343152866242,0,10,None,66,1,5,False,1000,1000
12264,179,unweighted_fl,10,0.2010350318471337,0,10,None,66,1,5,False,1000,1000
12265,175,unweighted_fl,10,0.2110867834394904,0,11,None,66,1,5,False,1000,1000
12266,176,unweighted_fl,10,0.2102906050955414,0,11,None,66,1,5,False,1000,1000
12267,177,unweighted_fl,10,0.2108877388535031,0,11,None,66,1,5,False,1000,1000
12268,178,unweighted_fl,10,0.2098925159235669,0,11,None,66,1,5,False,1000,1000
12269,179,unweighted_fl,10,0.2073049363057325,0,11,None,66,1,5,False,1000,1000
12270,175,unweighted_fl,10,0.1911823248407643,0,12,None,66,1,5,False,1000,1000
12271,176,unweighted_fl,10,0.1917794585987261,0,12,None,66,1,5,False,1000,1000
12272,177,unweighted_fl,10,0.1939689490445859,0,12,None,66,1,5,False,1000,1000
12273,178,unweighted_fl,10,0.2100915605095541,0,12,None,66,1,5,False,1000,1000
12274,179,unweighted_fl,10,0.1958598726114649,0,12,None,66,1,5,False,1000,1000
12275,175,unweighted_fl,10,0.2151671974522293,0,14,None,66,1,5,False,1000,1000
12276,176,unweighted_fl,10,0.2147691082802547,0,14,None,66,1,5,False,1000,1000
12277,177,unweighted_fl,10,0.2161624203821656,0,14,None,66,1,5,False,1000,1000
12278,178,unweighted_fl,10,0.214968152866242,0,14,None,66,1,5,False,1000,1000
12279,179,unweighted_fl,10,0.2128781847133758,0,14,None,66,1,5,False,1000,1000
12280,175,unweighted_fl,10,0.2391520700636942,0,13,None,66,1,5,False,1000,1000
12281,176,unweighted_fl,10,0.1835191082802547,0,13,None,66,1,5,False,1000,1000
12282,177,unweighted_fl,10,0.1904856687898089,0,13,None,66,1,5,False,1000,1000
12283,178,unweighted_fl,10,0.1961584394904458,0,13,None,66,1,5,False,1000,1000
12284,179,unweighted_fl,10,0.1862062101910828,0,13,None,66,1,5,False,1000,1000
12285,175,unweighted_fl,10,0.2154657643312102,0,15,None,66,1,5,False,1000,1000
12286,176,unweighted_fl,10,0.2172571656050955,0,15,None,66,1,5,False,1000,1000
12287,177,unweighted_fl,10,0.2193471337579617,0,15,None,66,1,5,False,1000,1000
12288,178,unweighted_fl,10,0.2198447452229299,0,15,None,66,1,5,False,1000,1000
12289,179,unweighted_fl,10,0.2200437898089172,0,15,None,66,1,5,False,1000,1000
12290,175,unweighted_fl,10,0.2029259554140127,0,16,None,66,1,5,False,1000,1000
12291,176,unweighted_fl,10,0.1972531847133758,0,16,None,66,1,5,False,1000,1000
12292,177,unweighted_fl,10,0.1987460191082802,0,16,None,66,1,5,False,1000,1000
12293,178,unweighted_fl,10,0.1990445859872611,0,16,None,66,1,5,False,1000,1000
12294,179,unweighted_fl,10,0.2009355095541401,0,16,None,66,1,5,False,1000,1000
12295,175,unweighted_fl,10,0.2094944267515923,0,17,None,66,1,5,False,1000,1000
12296,176,unweighted_fl,10,0.2076035031847133,0,17,None,66,1,5,False,1000,1000
12297,177,unweighted_fl,10,0.2055135350318471,0,17,None,66,1,5,False,1000,1000
12298,178,unweighted_fl,10,0.2046178343949044,0,17,None,66,1,5,False,1000,1000
12299,179,unweighted_fl,10,0.2070063694267516,0,17,None,66,1,5,False,1000,1000
12300,175,unweighted_fl,10,0.2354697452229299,0,18,None,66,1,5,False,1000,1000
12301,176,unweighted_fl,10,0.2167595541401273,0,18,None,66,1,5,False,1000,1000
12302,177,unweighted_fl,10,0.1935708598726114,0,18,None,66,1,5,False,1000,1000
12303,178,unweighted_fl,10,0.2005374203821656,0,18,None,66,1,5,False,1000,1000
12304,179,unweighted_fl,10,0.1921775477707006,0,18,None,66,1,5,False,1000,1000
12305,175,unweighted_fl,10,0.2151671974522293,0,19,None,66,1,5,False,1000,1000
12306,176,unweighted_fl,10,0.2096934713375796,0,19,None,66,1,5,False,1000,1000
12307,177,unweighted_fl,10,0.2101910828025477,0,19,None,66,1,5,False,1000,1000
12308,178,unweighted_fl,10,0.2061106687898089,0,19,None,66,1,5,False,1000,1000
12309,179,unweighted_fl,10,0.2055135350318471,0,19,None,66,1,5,False,1000,1000
12310,175,unweighted_fl,10,0.2067078025477707,0,20,None,66,1,5,False,1000,1000
12311,176,unweighted_fl,10,0.2027269108280254,0,20,None,66,1,5,False,1000,1000
12312,177,unweighted_fl,10,0.2047173566878981,0,20,None,66,1,5,False,1000,1000
12313,178,unweighted_fl,10,0.2183519108280254,0,20,None,66,1,5,False,1000,1000
12314,179,unweighted_fl,10,0.2025278662420382,0,20,None,66,1,5,False,1000,1000
12315,175,unweighted_fl,10,0.2147691082802547,0,21,None,66,1,5,False,1000,1000
12316,176,unweighted_fl,10,0.2161624203821656,0,21,None,66,1,5,False,1000,1000
12317,177,unweighted_fl,10,0.2224323248407643,0,21,None,66,1,5,False,1000,1000
12318,178,unweighted_fl,10,0.2101910828025477,0,21,None,66,1,5,False,1000,1000
12319,179,unweighted_fl,10,0.2082006369426751,0,21,None,66,1,5,False,1000,1000
12320,175,unweighted_fl,10,0.2163614649681528,0,22,None,66,1,5,False,1000,1000
12321,176,unweighted_fl,10,0.2191480891719745,0,22,None,66,1,5,False,1000,1000
12322,177,unweighted_fl,10,0.2246218152866242,0,22,None,66,1,5,False,1000,1000
12323,178,unweighted_fl,10,0.2408439490445859,0,22,None,66,1,5,False,1000,1000
12324,179,unweighted_fl,10,0.1803343949044586,0,22,None,66,1,5,False,1000,1000
12325,175,unweighted_fl,10,0.2131767515923567,0,23,None,66,1,5,False,1000,1000
12326,176,unweighted_fl,10,0.2146695859872611,0,23,None,66,1,5,False,1000,1000
12327,177,unweighted_fl,10,0.2159633757961783,0,23,None,66,1,5,False,1000,1000
12328,178,unweighted_fl,10,0.2286027070063694,0,23,None,66,1,5,False,1000,1000
12329,179,unweighted_fl,10,0.222233280254777,0,23,None,66,1,5,False,1000,1000
12330,175,unweighted_fl,10,0.1876990445859872,0,24,None,66,1,5,False,1000,1000
12331,176,unweighted_fl,10,0.1865047770700637,0,24,None,66,1,5,False,1000,1000
12332,177,unweighted_fl,10,0.1929737261146497,0,24,None,66,1,5,False,1000,1000
12333,178,unweighted_fl,10,0.1999402866242038,0,24,None,66,1,5,False,1000,1000
12334,179,unweighted_fl,10,0.2098925159235669,0,24,None,66,1,5,False,1000,1000
12335,175,unweighted_fl,10,0.1876990445859872,0,25,None,66,1,5,False,1000,1000
12336,176,unweighted_fl,10,0.1817277070063694,0,25,None,66,1,5,False,1000,1000
12337,177,unweighted_fl,10,0.1845143312101911,0,25,None,66,1,5,False,1000,1000
12338,178,unweighted_fl,10,0.1875,0,25,None,66,1,5,False,1000,1000
12339,179,unweighted_fl,10,0.1923765923566879,0,25,None,66,1,5,False,1000,1000
12340,175,unweighted_fl,10,0.2001393312101911,0,27,None,66,1,5,False,1000,1000
12341,176,unweighted_fl,10,0.1969546178343949,0,27,None,66,1,5,False,1000,1000
12342,177,unweighted_fl,10,0.1982484076433121,0,27,None,66,1,5,False,1000,1000
12343,178,unweighted_fl,10,0.1996417197452229,0,27,None,66,1,5,False,1000,1000
12344,179,unweighted_fl,10,0.2018312101910828,0,27,None,66,1,5,False,1000,1000
12345,175,unweighted_fl,10,0.2124800955414012,0,26,None,66,1,5,False,1000,1000
12346,176,unweighted_fl,10,0.2153662420382165,0,26,None,66,1,5,False,1000,1000
12347,177,unweighted_fl,10,0.2159633757961783,0,26,None,66,1,5,False,1000,1000
12348,178,unweighted_fl,10,0.2147691082802547,0,26,None,66,1,5,False,1000,1000
12349,179,unweighted_fl,10,0.2126791401273885,0,26,None,66,1,5,False,1000,1000
12350,175,unweighted_fl,10,0.2108877388535031,0,28,None,66,1,5,False,1000,1000
12351,176,unweighted_fl,10,0.2098925159235669,0,28,None,66,1,5,False,1000,1000
12352,177,unweighted_fl,10,0.2073049363057325,0,28,None,66,1,5,False,1000,1000
12353,178,unweighted_fl,10,0.2076035031847133,0,28,None,66,1,5,False,1000,1000
12354,179,unweighted_fl,10,0.2073049363057325,0,28,None,66,1,5,False,1000,1000
12355,175,unweighted_fl,10,0.207703025477707,0,29,None,66,1,5,False,1000,1000
12356,176,unweighted_fl,10,0.2047173566878981,0,29,None,66,1,5,False,1000,1000
12357,177,unweighted_fl,10,0.2040207006369426,0,29,None,66,1,5,False,1000,1000
12358,178,unweighted_fl,10,0.2026273885350318,0,29,None,66,1,5,False,1000,1000
12359,179,unweighted_fl,10,0.2007364649681528,0,29,None,66,1,5,False,1000,1000
12360,175,unweighted_fl,10,0.2040207006369426,0,30,None,66,1,5,False,1000,1000
12361,176,unweighted_fl,10,0.2013335987261146,0,30,None,66,1,5,False,1000,1000
12362,177,unweighted_fl,10,0.1988455414012739,0,30,None,66,1,5,False,1000,1000
12363,178,unweighted_fl,10,0.1990445859872611,0,30,None,66,1,5,False,1000,1000
12364,179,unweighted_fl,10,0.1995421974522293,0,30,None,66,1,5,False,1000,1000
12365,175,unweighted_fl,10,0.2255175159235669,0,31,None,66,1,5,False,1000,1000
12366,176,unweighted_fl,10,0.2155652866242038,0,31,None,66,1,5,False,1000,1000
12367,177,unweighted_fl,10,0.211186305732484,0,31,None,66,1,5,False,1000,1000
12368,178,unweighted_fl,10,0.207703025477707,0,31,None,66,1,5,False,1000,1000
12369,179,unweighted_fl,10,0.2065087579617834,0,31,None,66,1,5,False,1000,1000
12370,175,unweighted_fl,10,0.1870023885350318,0,32,None,66,1,5,False,1000,1000
12371,176,unweighted_fl,10,0.183718152866242,0,32,None,66,1,5,False,1000,1000
12372,177,unweighted_fl,10,0.1843152866242038,0,32,None,66,1,5,False,1000,1000
12373,178,unweighted_fl,10,0.1893909235668789,0,32,None,66,1,5,False,1000,1000
12374,179,unweighted_fl,10,0.1936703821656051,0,32,None,66,1,5,False,1000,1000
15840,180,unweighted_fl,10,0.2108877388535031,0,1,None,66,1,5,False,1000,1000
15841,181,unweighted_fl,10,0.2116839171974522,0,1,None,66,1,5,False,1000,1000
15842,182,unweighted_fl,10,0.211186305732484,0,1,None,66,1,5,False,1000,1000
15843,183,unweighted_fl,10,0.2140724522292993,0,1,None,66,1,5,False,1000,1000
15844,184,unweighted_fl,10,0.214968152866242,0,1,None,66,1,5,False,1000,1000
15845,180,unweighted_fl,10,0.207703025477707,0,0,None,66,1,5,False,1000,1000
15846,181,unweighted_fl,10,0.2076035031847133,0,0,None,66,1,5,False,1000,1000
15847,182,unweighted_fl,10,0.2152667197452229,0,0,None,66,1,5,False,1000,1000
15848,183,unweighted_fl,10,0.2183519108280254,0,0,None,66,1,5,False,1000,1000
15849,184,unweighted_fl,10,0.2079020700636942,0,0,None,66,1,5,False,1000,1000
15850,180,unweighted_fl,10,0.2043192675159235,0,2,None,66,1,5,False,1000,1000
15851,181,unweighted_fl,10,0.2034235668789809,0,2,None,66,1,5,False,1000,1000
15852,182,unweighted_fl,10,0.2034235668789809,0,2,None,66,1,5,False,1000,1000
15853,183,unweighted_fl,10,0.2041202229299363,0,2,None,66,1,5,False,1000,1000
15854,184,unweighted_fl,10,0.2043192675159235,0,2,None,66,1,5,False,1000,1000
15855,180,unweighted_fl,10,0.2466162420382165,0,3,None,66,1,5,False,1000,1000
15856,181,unweighted_fl,10,0.1986464968152866,0,3,None,66,1,5,False,1000,1000
15857,182,unweighted_fl,10,0.1996417197452229,0,3,None,66,1,5,False,1000,1000
15858,183,unweighted_fl,10,0.2027269108280254,0,3,None,66,1,5,False,1000,1000
15859,184,unweighted_fl,10,0.203921178343949,0,3,None,66,1,5,False,1000,1000
15860,180,unweighted_fl,10,0.2229299363057325,0,4,None,66,1,5,False,1000,1000
15861,181,unweighted_fl,10,0.2296974522292993,0,4,None,66,1,5,False,1000,1000
15862,182,unweighted_fl,10,0.203125,0,4,None,66,1,5,False,1000,1000
15863,183,unweighted_fl,10,0.2026273885350318,0,4,None,66,1,5,False,1000,1000
15864,184,unweighted_fl,10,0.2048168789808917,0,4,None,66,1,5,False,1000,1000
15865,180,unweighted_fl,10,0.2267117834394904,0,5,None,66,1,5,False,1000,1000
15866,181,unweighted_fl,10,0.2013335987261146,0,5,None,66,1,5,False,1000,1000
15867,182,unweighted_fl,10,0.2110867834394904,0,5,None,66,1,5,False,1000,1000
15868,183,unweighted_fl,10,0.1977507961783439,0,5,None,66,1,5,False,1000,1000
15869,184,unweighted_fl,10,0.1976512738853503,0,5,None,66,1,5,False,1000,1000
15870,180,unweighted_fl,10,0.208499203821656,0,6,None,66,1,5,False,1000,1000
15871,181,unweighted_fl,10,0.207703025477707,0,6,None,66,1,5,False,1000,1000
15872,182,unweighted_fl,10,0.2093949044585987,0,6,None,66,1,5,False,1000,1000
15873,183,unweighted_fl,10,0.2147691082802547,0,6,None,66,1,5,False,1000,1000
15874,184,unweighted_fl,10,0.2162619426751592,0,6,None,66,1,5,False,1000,1000
15875,180,unweighted_fl,10,0.2073049363057325,0,7,None,66,1,5,False,1000,1000
15876,181,unweighted_fl,10,0.2060111464968153,0,7,None,66,1,5,False,1000,1000
15877,182,unweighted_fl,10,0.2088972929936305,0,7,None,66,1,5,False,1000,1000
15878,183,unweighted_fl,10,0.2108877388535031,0,7,None,66,1,5,False,1000,1000
15879,184,unweighted_fl,10,0.2115843949044586,0,7,None,66,1,5,False,1000,1000
15880,180,unweighted_fl,10,0.21765525477707,0,8,None,66,1,5,False,1000,1000
15881,181,unweighted_fl,10,0.2448248407643312,0,8,None,66,1,5,False,1000,1000
15882,182,unweighted_fl,10,0.214968152866242,0,8,None,66,1,5,False,1000,1000
15883,183,unweighted_fl,10,0.2089968152866242,0,8,None,66,1,5,False,1000,1000
15884,184,unweighted_fl,10,0.2151671974522293,0,8,None,66,1,5,False,1000,1000
15885,180,unweighted_fl,10,0.2052149681528662,0,10,None,66,1,5,False,1000,1000
15886,181,unweighted_fl,10,0.2071058917197452,0,10,None,66,1,5,False,1000,1000
15887,182,unweighted_fl,10,0.2076035031847133,0,10,None,66,1,5,False,1000,1000
15888,183,unweighted_fl,10,0.2093949044585987,0,10,None,66,1,5,False,1000,1000
15889,184,unweighted_fl,10,0.2109872611464968,0,10,None,66,1,5,False,1000,1000
15890,180,unweighted_fl,10,0.1967555732484076,0,9,None,66,1,5,False,1000,1000
15891,181,unweighted_fl,10,0.2006369426751592,0,9,None,66,1,5,False,1000,1000
15892,182,unweighted_fl,10,0.2019307324840764,0,9,None,66,1,5,False,1000,1000
15893,183,unweighted_fl,10,0.2074044585987261,0,9,None,66,1,5,False,1000,1000
15894,184,unweighted_fl,10,0.2099920382165605,0,9,None,66,1,5,False,1000,1000
15895,180,unweighted_fl,10,0.2055135350318471,0,11,None,66,1,5,False,1000,1000
15896,181,unweighted_fl,10,0.2069068471337579,0,11,None,66,1,5,False,1000,1000
15897,182,unweighted_fl,10,0.2091958598726114,0,11,None,66,1,5,False,1000,1000
15898,183,unweighted_fl,10,0.2090963375796178,0,11,None,66,1,5,False,1000,1000
15899,184,unweighted_fl,10,0.2082006369426751,0,11,None,66,1,5,False,1000,1000
15900,180,unweighted_fl,10,0.2334792993630573,0,12,None,66,1,5,False,1000,1000
15901,181,unweighted_fl,10,0.2183519108280254,0,12,None,66,1,5,False,1000,1000
15902,182,unweighted_fl,10,0.2010350318471337,0,12,None,66,1,5,False,1000,1000
15903,183,unweighted_fl,10,0.2052149681528662,0,12,None,66,1,5,False,1000,1000
15904,184,unweighted_fl,10,0.2081011146496815,0,12,None,66,1,5,False,1000,1000
15905,180,unweighted_fl,10,0.2175557324840764,0,13,None,66,1,5,False,1000,1000
15906,181,unweighted_fl,10,0.2190485668789809,0,13,None,66,1,5,False,1000,1000
15907,182,unweighted_fl,10,0.2277070063694267,0,13,None,66,1,5,False,1000,1000
15908,183,unweighted_fl,10,0.1965565286624203,0,13,None,66,1,5,False,1000,1000
15909,184,unweighted_fl,10,0.1968550955414012,0,13,None,66,1,5,False,1000,1000
15910,180,unweighted_fl,10,0.2062101910828025,0,14,None,66,1,5,False,1000,1000
15911,181,unweighted_fl,10,0.2089968152866242,0,14,None,66,1,5,False,1000,1000
15912,182,unweighted_fl,10,0.2091958598726114,0,14,None,66,1,5,False,1000,1000
15913,183,unweighted_fl,10,0.2081011146496815,0,14,None,66,1,5,False,1000,1000
15914,184,unweighted_fl,10,0.2096934713375796,0,14,None,66,1,5,False,1000,1000
15915,180,unweighted_fl,10,0.207703025477707,0,15,None,66,1,5,False,1000,1000
15916,181,unweighted_fl,10,0.210390127388535,0,15,None,66,1,5,False,1000,1000
15917,182,unweighted_fl,10,0.2121815286624203,0,15,None,66,1,5,False,1000,1000
15918,183,unweighted_fl,10,0.2134753184713375,0,15,None,66,1,5,False,1000,1000
15919,184,unweighted_fl,10,0.213077229299363,0,15,None,66,1,5,False,1000,1000
15920,180,unweighted_fl,10,0.203921178343949,0,16,None,66,1,5,False,1000,1000
15921,181,unweighted_fl,10,0.2047173566878981,0,16,None,66,1,5,False,1000,1000
15922,182,unweighted_fl,10,0.2044187898089172,0,16,None,66,1,5,False,1000,1000
15923,183,unweighted_fl,10,0.2064092356687898,0,16,None,66,1,5,False,1000,1000
15924,184,unweighted_fl,10,0.2073049363057325,0,16,None,66,1,5,False,1000,1000
15925,180,unweighted_fl,10,0.2083001592356688,0,17,None,66,1,5,False,1000,1000
15926,181,unweighted_fl,10,0.2112858280254777,0,17,None,66,1,5,False,1000,1000
15927,182,unweighted_fl,10,0.2131767515923567,0,17,None,66,1,5,False,1000,1000
15928,183,unweighted_fl,10,0.2180533439490445,0,17,None,66,1,5,False,1000,1000
15929,184,unweighted_fl,10,0.2261146496815286,0,17,None,66,1,5,False,1000,1000
15930,180,unweighted_fl,10,0.2142714968152866,0,18,None,66,1,5,False,1000,1000
15931,181,unweighted_fl,10,0.2154657643312102,0,18,None,66,1,5,False,1000,1000
15932,182,unweighted_fl,10,0.2249203821656051,0,18,None,66,1,5,False,1000,1000
15933,183,unweighted_fl,10,0.2387539808917197,0,18,None,66,1,5,False,1000,1000
15934,184,unweighted_fl,10,0.2088972929936305,0,18,None,66,1,5,False,1000,1000
15935,180,unweighted_fl,10,0.2047173566878981,0,19,None,66,1,5,False,1000,1000
15936,181,unweighted_fl,10,0.2061106687898089,0,19,None,66,1,5,False,1000,1000
15937,182,unweighted_fl,10,0.2042197452229299,0,19,None,66,1,5,False,1000,1000
15938,183,unweighted_fl,10,0.2048168789808917,0,19,None,66,1,5,False,1000,1000
15939,184,unweighted_fl,10,0.2047173566878981,0,19,None,66,1,5,False,1000,1000
15940,180,unweighted_fl,10,0.2075039808917197,0,20,None,66,1,5,False,1000,1000
15941,181,unweighted_fl,10,0.2165605095541401,0,20,None,66,1,5,False,1000,1000
15942,182,unweighted_fl,10,0.2164609872611465,0,20,None,66,1,5,False,1000,1000
15943,183,unweighted_fl,10,0.2154657643312102,0,20,None,66,1,5,False,1000,1000
15944,184,unweighted_fl,10,0.2033240445859872,0,20,None,66,1,5,False,1000,1000
15945,180,unweighted_fl,10,0.214968152866242,0,21,None,66,1,5,False,1000,1000
15946,181,unweighted_fl,10,0.2056130573248407,0,21,None,66,1,5,False,1000,1000
15947,182,unweighted_fl,10,0.2051154458598726,0,21,None,66,1,5,False,1000,1000
15948,183,unweighted_fl,10,0.203921178343949,0,21,None,66,1,5,False,1000,1000
15949,184,unweighted_fl,10,0.2009355095541401,0,21,None,66,1,5,False,1000,1000
15950,180,unweighted_fl,10,0.208499203821656,0,23,None,66,1,5,False,1000,1000
15951,181,unweighted_fl,10,0.2223328025477707,0,23,None,66,1,5,False,1000,1000
15952,182,unweighted_fl,10,0.226811305732484,0,23,None,66,1,5,False,1000,1000
15953,183,unweighted_fl,10,0.2177547770700637,0,23,None,66,1,5,False,1000,1000
15954,184,unweighted_fl,10,0.2162619426751592,0,23,None,66,1,5,False,1000,1000
15955,180,unweighted_fl,10,0.2105891719745223,0,22,None,66,1,5,False,1000,1000
15956,181,unweighted_fl,10,0.2194466560509554,0,22,None,66,1,5,False,1000,1000
15957,182,unweighted_fl,10,0.2128781847133758,0,22,None,66,1,5,False,1000,1000
15958,183,unweighted_fl,10,0.214171974522293,0,22,None,66,1,5,False,1000,1000
15959,184,unweighted_fl,10,0.2560708598726114,0,22,None,66,1,5,False,1000,1000
15960,180,unweighted_fl,10,0.2406449044585987,0,24,None,66,1,5,False,1000,1000
15961,181,unweighted_fl,10,0.2068073248407643,0,24,None,66,1,5,False,1000,1000
15962,182,unweighted_fl,10,0.2171576433121019,0,24,None,66,1,5,False,1000,1000
15963,183,unweighted_fl,10,0.2217356687898089,0,24,None,66,1,5,False,1000,1000
15964,184,unweighted_fl,10,0.2247213375796178,0,24,None,66,1,5,False,1000,1000
15965,180,unweighted_fl,10,0.2385549363057325,0,25,None,66,1,5,False,1000,1000
15966,181,unweighted_fl,10,0.1988455414012739,0,25,None,66,1,5,False,1000,1000
15967,182,unweighted_fl,10,0.2008359872611465,0,25,None,66,1,5,False,1000,1000
15968,183,unweighted_fl,10,0.203921178343949,0,25,None,66,1,5,False,1000,1000
15969,184,unweighted_fl,10,0.2067078025477707,0,25,None,66,1,5,False,1000,1000
15970,180,unweighted_fl,10,0.2065087579617834,0,26,None,66,1,5,False,1000,1000
15971,181,unweighted_fl,10,0.2090963375796178,0,26,None,66,1,5,False,1000,1000
15972,182,unweighted_fl,10,0.2115843949044586,0,26,None,66,1,5,False,1000,1000
15973,183,unweighted_fl,10,0.2101910828025477,0,26,None,66,1,5,False,1000,1000
15974,184,unweighted_fl,10,0.2112858280254777,0,26,None,66,1,5,False,1000,1000
15975,180,unweighted_fl,10,0.2055135350318471,0,27,None,66,1,5,False,1000,1000
15976,181,unweighted_fl,10,0.205812101910828,0,27,None,66,1,5,False,1000,1000
15977,182,unweighted_fl,10,0.2100915605095541,0,27,None,66,1,5,False,1000,1000
15978,183,unweighted_fl,10,0.2225318471337579,0,27,None,66,1,5,False,1000,1000
15979,184,unweighted_fl,10,0.2021297770700637,0,27,None,66,1,5,False,1000,1000
15980,180,unweighted_fl,10,0.2073049363057325,0,28,None,66,1,5,False,1000,1000
15981,181,unweighted_fl,10,0.2099920382165605,0,28,None,66,1,5,False,1000,1000
15982,182,unweighted_fl,10,0.2101910828025477,0,28,None,66,1,5,False,1000,1000
15983,183,unweighted_fl,10,0.2137738853503184,0,28,None,66,1,5,False,1000,1000
15984,184,unweighted_fl,10,0.2201433121019108,0,28,None,66,1,5,False,1000,1000
15985,180,unweighted_fl,10,0.2073049363057325,0,29,None,66,1,5,False,1000,1000
15986,181,unweighted_fl,10,0.2056130573248407,0,29,None,66,1,5,False,1000,1000
15987,182,unweighted_fl,10,0.2080015923566879,0,29,None,66,1,5,False,1000,1000
15988,183,unweighted_fl,10,0.2116839171974522,0,29,None,66,1,5,False,1000,1000
15989,184,unweighted_fl,10,0.2100915605095541,0,29,None,66,1,5,False,1000,1000
15990,180,unweighted_fl,10,0.2056130573248407,0,30,None,66,1,5,False,1000,1000
15991,181,unweighted_fl,10,0.2052149681528662,0,30,None,66,1,5,False,1000,1000
15992,182,unweighted_fl,10,0.2070063694267516,0,30,None,66,1,5,False,1000,1000
15993,183,unweighted_fl,10,0.2078025477707006,0,30,None,66,1,5,False,1000,1000
15994,184,unweighted_fl,10,0.2098925159235669,0,30,None,66,1,5,False,1000,1000
15995,180,unweighted_fl,10,0.2108877388535031,0,31,None,66,1,5,False,1000,1000
15996,181,unweighted_fl,10,0.2083001592356688,0,31,None,66,1,5,False,1000,1000
15997,182,unweighted_fl,10,0.2097929936305732,0,31,None,66,1,5,False,1000,1000
15998,183,unweighted_fl,10,0.2113853503184713,0,31,None,66,1,5,False,1000,1000
15999,184,unweighted_fl,10,0.2135748407643312,0,31,None,66,1,5,False,1000,1000
16000,180,unweighted_fl,10,0.1960589171974522,0,32,None,66,1,5,False,1000,1000
16001,181,unweighted_fl,10,0.2000398089171974,0,32,None,66,1,5,False,1000,1000
16002,182,unweighted_fl,10,0.2055135350318471,0,32,None,66,1,5,False,1000,1000
16003,183,unweighted_fl,10,0.2092953821656051,0,32,None,66,1,5,False,1000,1000
16004,184,unweighted_fl,10,0.1999402866242038,0,32,None,66,1,5,False,1000,1000
16005,185,unweighted_fl,10,0.2224323248407643,0,0,None,66,1,5,False,1000,1000
16006,186,unweighted_fl,10,0.2183519108280254,0,0,None,66,1,5,False,1000,1000
16007,187,unweighted_fl,10,0.2109872611464968,0,0,None,66,1,5,False,1000,1000
16008,188,unweighted_fl,10,0.2139729299363057,0,0,None,66,1,5,False,1000,1000
16009,189,unweighted_fl,10,0.2170581210191083,0,0,None,66,1,5,False,1000,1000
16010,185,unweighted_fl,10,0.2145700636942675,0,1,None,66,1,5,False,1000,1000
16011,186,unweighted_fl,10,0.2142714968152866,0,1,None,66,1,5,False,1000,1000
16012,187,unweighted_fl,10,0.2188495222929936,0,1,None,66,1,5,False,1000,1000
16013,188,unweighted_fl,10,0.222233280254777,0,1,None,66,1,5,False,1000,1000
16014,189,unweighted_fl,10,0.223328025477707,0,1,None,66,1,5,False,1000,1000
16015,185,unweighted_fl,10,0.2147691082802547,0,2,None,66,1,5,False,1000,1000
16016,186,unweighted_fl,10,0.2143710191082802,0,2,None,66,1,5,False,1000,1000
16017,187,unweighted_fl,10,0.2137738853503184,0,2,None,66,1,5,False,1000,1000
16018,188,unweighted_fl,10,0.2138734076433121,0,2,None,66,1,5,False,1000,1000
16019,189,unweighted_fl,10,0.2161624203821656,0,2,None,66,1,5,False,1000,1000
16020,185,unweighted_fl,10,0.2160628980891719,0,3,None,66,1,5,False,1000,1000
16021,186,unweighted_fl,10,0.2280055732484076,0,3,None,66,1,5,False,1000,1000
16022,187,unweighted_fl,10,0.2404458598726114,0,3,None,66,1,5,False,1000,1000
16023,188,unweighted_fl,10,0.2221337579617834,0,3,None,66,1,5,False,1000,1000
16024,189,unweighted_fl,10,0.219546178343949,0,3,None,66,1,5,False,1000,1000
16025,185,unweighted_fl,10,0.2164609872611465,0,4,None,66,1,5,False,1000,1000
16026,186,unweighted_fl,10,0.2192476114649681,0,4,None,66,1,5,False,1000,1000
16027,187,unweighted_fl,10,0.2213375796178344,0,4,None,66,1,5,False,1000,1000
16028,188,unweighted_fl,10,0.250796178343949,0,4,None,66,1,5,False,1000,1000
16029,189,unweighted_fl,10,0.2570660828025478,0,4,None,66,1,5,False,1000,1000
16030,185,unweighted_fl,10,0.2147691082802547,0,5,None,66,1,5,False,1000,1000
16031,186,unweighted_fl,10,0.2428343949044586,0,5,None,66,1,5,False,1000,1000
16032,187,unweighted_fl,10,0.2022292993630573,0,5,None,66,1,5,False,1000,1000
16033,188,unweighted_fl,10,0.2038216560509554,0,5,None,66,1,5,False,1000,1000
16034,189,unweighted_fl,10,0.2064092356687898,0,5,None,66,1,5,False,1000,1000
16035,185,unweighted_fl,10,0.219546178343949,0,6,None,66,1,5,False,1000,1000
16036,186,unweighted_fl,10,0.206608280254777,0,6,None,66,1,5,False,1000,1000
16037,187,unweighted_fl,10,0.2041202229299363,0,6,None,66,1,5,False,1000,1000
16038,188,unweighted_fl,10,0.2021297770700637,0,6,None,66,1,5,False,1000,1000
16039,189,unweighted_fl,10,0.2008359872611465,0,6,None,66,1,5,False,1000,1000
16040,185,unweighted_fl,10,0.2146695859872611,0,7,None,66,1,5,False,1000,1000
16041,186,unweighted_fl,10,0.2162619426751592,0,7,None,66,1,5,False,1000,1000
16042,187,unweighted_fl,10,0.2166600318471337,0,7,None,66,1,5,False,1000,1000
16043,188,unweighted_fl,10,0.2171576433121019,0,7,None,66,1,5,False,1000,1000
16044,189,unweighted_fl,10,0.2208399681528662,0,7,None,66,1,5,False,1000,1000
16045,185,unweighted_fl,10,0.2254179936305732,0,8,None,66,1,5,False,1000,1000
16046,186,unweighted_fl,10,0.2281050955414012,0,8,None,66,1,5,False,1000,1000
16047,187,unweighted_fl,10,0.2183519108280254,0,8,None,66,1,5,False,1000,1000
16048,188,unweighted_fl,10,0.2254179936305732,0,8,None,66,1,5,False,1000,1000
16049,189,unweighted_fl,10,0.2537818471337579,0,8,None,66,1,5,False,1000,1000
16050,185,unweighted_fl,10,0.2358678343949044,0,9,None,66,1,5,False,1000,1000
16051,186,unweighted_fl,10,0.2135748407643312,0,9,None,66,1,5,False,1000,1000
16052,187,unweighted_fl,10,0.2081011146496815,0,9,None,66,1,5,False,1000,1000
16053,188,unweighted_fl,10,0.2055135350318471,0,9,None,66,1,5,False,1000,1000
16054,189,unweighted_fl,10,0.2038216560509554,0,9,None,66,1,5,False,1000,1000
16055,185,unweighted_fl,10,0.2126791401273885,0,10,None,66,1,5,False,1000,1000
16056,186,unweighted_fl,10,0.2104896496815286,0,10,None,66,1,5,False,1000,1000
16057,187,unweighted_fl,10,0.2184514331210191,0,10,None,66,1,5,False,1000,1000
16058,188,unweighted_fl,10,0.2451234076433121,0,10,None,66,1,5,False,1000,1000
16059,189,unweighted_fl,10,0.2652269108280254,0,10,None,66,1,5,False,1000,1000
16060,185,unweighted_fl,10,0.2156648089171974,0,11,None,66,1,5,False,1000,1000
16061,186,unweighted_fl,10,0.216859076433121,0,11,None,66,1,5,False,1000,1000
16062,187,unweighted_fl,10,0.2160628980891719,0,11,None,66,1,5,False,1000,1000
16063,188,unweighted_fl,10,0.2162619426751592,0,11,None,66,1,5,False,1000,1000
16064,189,unweighted_fl,10,0.2190485668789809,0,11,None,66,1,5,False,1000,1000
16065,185,unweighted_fl,10,0.232484076433121,0,12,None,66,1,5,False,1000,1000
16066,186,unweighted_fl,10,0.2369625796178344,0,12,None,66,1,5,False,1000,1000
16067,187,unweighted_fl,10,0.2136743630573248,0,12,None,66,1,5,False,1000,1000
16068,188,unweighted_fl,10,0.2248208598726114,0,12,None,66,1,5,False,1000,1000
16069,189,unweighted_fl,10,0.2754777070063694,0,12,None,66,1,5,False,1000,1000
16070,185,unweighted_fl,10,0.2148686305732484,0,14,None,66,1,5,False,1000,1000
16071,186,unweighted_fl,10,0.2145700636942675,0,14,None,66,1,5,False,1000,1000
16072,187,unweighted_fl,10,0.214171974522293,0,14,None,66,1,5,False,1000,1000
16073,188,unweighted_fl,10,0.2179538216560509,0,14,None,66,1,5,False,1000,1000
16074,189,unweighted_fl,10,0.2204418789808917,0,14,None,66,1,5,False,1000,1000
16075,185,unweighted_fl,10,0.2114848726114649,0,13,None,66,1,5,False,1000,1000
16076,186,unweighted_fl,10,0.2112858280254777,0,13,None,66,1,5,False,1000,1000
16077,187,unweighted_fl,10,0.2129777070063694,0,13,None,66,1,5,False,1000,1000
16078,188,unweighted_fl,10,0.2153662420382165,0,13,None,66,1,5,False,1000,1000
16079,189,unweighted_fl,10,0.2440286624203821,0,13,None,66,1,5,False,1000,1000
16080,185,unweighted_fl,10,0.2180533439490445,0,15,None,66,1,5,False,1000,1000
16081,186,unweighted_fl,10,0.2177547770700637,0,15,None,66,1,5,False,1000,1000
16082,187,unweighted_fl,10,0.2177547770700637,0,15,None,66,1,5,False,1000,1000
16083,188,unweighted_fl,10,0.2189490445859872,0,15,None,66,1,5,False,1000,1000
16084,189,unweighted_fl,10,0.2240246815286624,0,15,None,66,1,5,False,1000,1000
16085,185,unweighted_fl,10,0.2145700636942675,0,16,None,66,1,5,False,1000,1000
16086,186,unweighted_fl,10,0.2144705414012739,0,16,None,66,1,5,False,1000,1000
16087,187,unweighted_fl,10,0.2165605095541401,0,16,None,66,1,5,False,1000,1000
16088,188,unweighted_fl,10,0.2191480891719745,0,16,None,66,1,5,False,1000,1000
16089,189,unweighted_fl,10,0.2217356687898089,0,16,None,66,1,5,False,1000,1000
16090,185,unweighted_fl,10,0.2251194267515923,0,17,None,66,1,5,False,1000,1000
16091,186,unweighted_fl,10,0.226811305732484,0,17,None,66,1,5,False,1000,1000
16092,187,unweighted_fl,10,0.2289012738853503,0,17,None,66,1,5,False,1000,1000
16093,188,unweighted_fl,10,0.2274084394904458,0,17,None,66,1,5,False,1000,1000
16094,189,unweighted_fl,10,0.2254179936305732,0,17,None,66,1,5,False,1000,1000
16095,185,unweighted_fl,10,0.2116839171974522,0,18,None,66,1,5,False,1000,1000
16096,186,unweighted_fl,10,0.2123805732484076,0,18,None,66,1,5,False,1000,1000
16097,187,unweighted_fl,10,0.2123805732484076,0,18,None,66,1,5,False,1000,1000
16098,188,unweighted_fl,10,0.2150676751592356,0,18,None,66,1,5,False,1000,1000
16099,189,unweighted_fl,10,0.2181528662420382,0,18,None,66,1,5,False,1000,1000
16100,185,unweighted_fl,10,0.2098925159235669,0,19,None,66,1,5,False,1000,1000
16101,186,unweighted_fl,10,0.2072054140127388,0,19,None,66,1,5,False,1000,1000
16102,187,unweighted_fl,10,0.2078025477707006,0,19,None,66,1,5,False,1000,1000
16103,188,unweighted_fl,10,0.2126791401273885,0,19,None,66,1,5,False,1000,1000
16104,189,unweighted_fl,10,0.2119824840764331,0,19,None,66,1,5,False,1000,1000
16105,185,unweighted_fl,10,0.2117834394904458,0,20,None,66,1,5,False,1000,1000
16106,186,unweighted_fl,10,0.2157643312101911,0,20,None,66,1,5,False,1000,1000
16107,187,unweighted_fl,10,0.2185509554140127,0,20,None,66,1,5,False,1000,1000
16108,188,unweighted_fl,10,0.2248208598726114,0,20,None,66,1,5,False,1000,1000
16109,189,unweighted_fl,10,0.2264132165605095,0,20,None,66,1,5,False,1000,1000
16110,185,unweighted_fl,10,0.2078025477707006,0,21,None,66,1,5,False,1000,1000
16111,186,unweighted_fl,10,0.2051154458598726,0,21,None,66,1,5,False,1000,1000
16112,187,unweighted_fl,10,0.2068073248407643,0,21,None,66,1,5,False,1000,1000
16113,188,unweighted_fl,10,0.2061106687898089,0,21,None,66,1,5,False,1000,1000
16114,189,unweighted_fl,10,0.2448248407643312,0,21,None,66,1,5,False,1000,1000
16115,185,unweighted_fl,10,0.2172571656050955,0,22,None,66,1,5,False,1000,1000
16116,186,unweighted_fl,10,0.2135748407643312,0,22,None,66,1,5,False,1000,1000
16117,187,unweighted_fl,10,0.2170581210191083,0,22,None,66,1,5,False,1000,1000
16118,188,unweighted_fl,10,0.2568670382165605,0,22,None,66,1,5,False,1000,1000
16119,189,unweighted_fl,10,0.2078025477707006,0,22,None,66,1,5,False,1000,1000
16120,185,unweighted_fl,10,0.2262141719745223,0,23,None,66,1,5,False,1000,1000
16121,186,unweighted_fl,10,0.2307921974522293,0,23,None,66,1,5,False,1000,1000
16122,187,unweighted_fl,10,0.2273089171974522,0,23,None,66,1,5,False,1000,1000
16123,188,unweighted_fl,10,0.2291998407643312,0,23,None,66,1,5,False,1000,1000
16124,189,unweighted_fl,10,0.2665207006369426,0,23,None,66,1,5,False,1000,1000
16125,185,unweighted_fl,10,0.2250199044585987,0,24,None,66,1,5,False,1000,1000
16126,186,unweighted_fl,10,0.2659235668789809,0,24,None,66,1,5,False,1000,1000
16127,187,unweighted_fl,10,0.2450238853503184,0,24,None,66,1,5,False,1000,1000
16128,188,unweighted_fl,10,0.2425358280254777,0,24,None,66,1,5,False,1000,1000
16129,189,unweighted_fl,10,0.2469148089171974,0,24,None,66,1,5,False,1000,1000
16130,185,unweighted_fl,10,0.2184514331210191,0,25,None,66,1,5,False,1000,1000
16131,186,unweighted_fl,10,0.2261146496815286,0,25,None,66,1,5,False,1000,1000
16132,187,unweighted_fl,10,0.2455214968152866,0,25,None,66,1,5,False,1000,1000
16133,188,unweighted_fl,10,0.2246218152866242,0,25,None,66,1,5,False,1000,1000
16134,189,unweighted_fl,10,0.2254179936305732,0,25,None,66,1,5,False,1000,1000
16135,185,unweighted_fl,10,0.2144705414012739,0,26,None,66,1,5,False,1000,1000
16136,186,unweighted_fl,10,0.2142714968152866,0,26,None,66,1,5,False,1000,1000
16137,187,unweighted_fl,10,0.212281050955414,0,26,None,66,1,5,False,1000,1000
16138,188,unweighted_fl,10,0.2138734076433121,0,26,None,66,1,5,False,1000,1000
16139,189,unweighted_fl,10,0.2151671974522293,0,26,None,66,1,5,False,1000,1000
16140,185,unweighted_fl,10,0.2183519108280254,0,27,None,66,1,5,False,1000,1000
16141,186,unweighted_fl,10,0.2298964968152866,0,27,None,66,1,5,False,1000,1000
16142,187,unweighted_fl,10,0.2144705414012739,0,27,None,66,1,5,False,1000,1000
16143,188,unweighted_fl,10,0.2110867834394904,0,27,None,66,1,5,False,1000,1000
16144,189,unweighted_fl,10,0.2134753184713375,0,27,None,66,1,5,False,1000,1000
16145,185,unweighted_fl,10,0.2202428343949044,0,28,None,66,1,5,False,1000,1000
16146,186,unweighted_fl,10,0.2244227707006369,0,28,None,66,1,5,False,1000,1000
16147,187,unweighted_fl,10,0.2310907643312102,0,28,None,66,1,5,False,1000,1000
16148,188,unweighted_fl,10,0.2327826433121019,0,28,None,66,1,5,False,1000,1000
16149,189,unweighted_fl,10,0.2341759554140127,0,28,None,66,1,5,False,1000,1000
16150,185,unweighted_fl,10,0.2211385350318471,0,29,None,66,1,5,False,1000,1000
16151,186,unweighted_fl,10,0.205812101910828,0,29,None,66,1,5,False,1000,1000
16152,187,unweighted_fl,10,0.2047173566878981,0,29,None,66,1,5,False,1000,1000
16153,188,unweighted_fl,10,0.2215366242038216,0,29,None,66,1,5,False,1000,1000
16154,189,unweighted_fl,10,0.250796178343949,0,29,None,66,1,5,False,1000,1000
16155,185,unweighted_fl,10,0.2181528662420382,0,30,None,66,1,5,False,1000,1000
16156,186,unweighted_fl,10,0.2204418789808917,0,30,None,66,1,5,False,1000,1000
16157,187,unweighted_fl,10,0.224124203821656,0,30,None,66,1,5,False,1000,1000
16158,188,unweighted_fl,10,0.2289012738853503,0,30,None,66,1,5,False,1000,1000
16159,189,unweighted_fl,10,0.2292993630573248,0,30,None,66,1,5,False,1000,1000
16160,185,unweighted_fl,10,0.2109872611464968,0,31,None,66,1,5,False,1000,1000
16161,186,unweighted_fl,10,0.2139729299363057,0,31,None,66,1,5,False,1000,1000
16162,187,unweighted_fl,10,0.2181528662420382,0,31,None,66,1,5,False,1000,1000
16163,188,unweighted_fl,10,0.2194466560509554,0,31,None,66,1,5,False,1000,1000
16164,189,unweighted_fl,10,0.2219347133757961,0,31,None,66,1,5,False,1000,1000
16165,185,unweighted_fl,10,0.2217356687898089,0,32,None,66,1,5,False,1000,1000
16166,186,unweighted_fl,10,0.2061106687898089,0,32,None,66,1,5,False,1000,1000
16167,187,unweighted_fl,10,0.2056130573248407,0,32,None,66,1,5,False,1000,1000
16168,188,unweighted_fl,10,0.2096934713375796,0,32,None,66,1,5,False,1000,1000
16169,189,unweighted_fl,10,0.2120820063694267,0,32,None,66,1,5,False,1000,1000
16170,190,unweighted_fl,10,0.2310907643312102,0,0,None,66,1,5,False,1000,1000
16171,191,unweighted_fl,10,0.2190485668789809,0,0,None,66,1,5,False,1000,1000
16172,192,unweighted_fl,10,0.2220342356687898,0,0,None,66,1,5,False,1000,1000
16173,193,unweighted_fl,10,0.2278065286624203,0,0,None,66,1,5,False,1000,1000
16174,194,unweighted_fl,10,0.2493033439490445,0,0,None,66,1,5,False,1000,1000
16175,190,unweighted_fl,10,0.2224323248407643,0,1,None,66,1,5,False,1000,1000
16176,191,unweighted_fl,10,0.2254179936305732,0,1,None,66,1,5,False,1000,1000
16177,192,unweighted_fl,10,0.282046178343949,0,1,None,66,1,5,False,1000,1000
16178,193,unweighted_fl,10,0.2289012738853503,0,1,None,66,1,5,False,1000,1000
16179,194,unweighted_fl,10,0.2247213375796178,0,1,None,66,1,5,False,1000,1000
16180,190,unweighted_fl,10,0.2237261146496815,0,2,None,66,1,5,False,1000,1000
16181,191,unweighted_fl,10,0.226015127388535,0,2,None,66,1,5,False,1000,1000
16182,192,unweighted_fl,10,0.2254179936305732,0,2,None,66,1,5,False,1000,1000
16183,193,unweighted_fl,10,0.226811305732484,0,2,None,66,1,5,False,1000,1000
16184,194,unweighted_fl,10,0.2274084394904458,0,2,None,66,1,5,False,1000,1000
16185,190,unweighted_fl,10,0.2194466560509554,0,3,None,66,1,5,False,1000,1000
16186,191,unweighted_fl,10,0.2204418789808917,0,3,None,66,1,5,False,1000,1000
16187,192,unweighted_fl,10,0.2226313694267516,0,3,None,66,1,5,False,1000,1000
16188,193,unweighted_fl,10,0.2283041401273885,0,3,None,66,1,5,False,1000,1000
16189,194,unweighted_fl,10,0.2786624203821656,0,3,None,66,1,5,False,1000,1000
16190,190,unweighted_fl,10,0.2240246815286624,0,4,None,66,1,5,False,1000,1000
16191,191,unweighted_fl,10,0.224124203821656,0,4,None,66,1,5,False,1000,1000
16192,192,unweighted_fl,10,0.239749203821656,0,4,None,66,1,5,False,1000,1000
16193,193,unweighted_fl,10,0.2695063694267516,0,4,None,66,1,5,False,1000,1000
16194,194,unweighted_fl,10,0.2203423566878981,0,4,None,66,1,5,False,1000,1000
16195,190,unweighted_fl,10,0.235171178343949,0,5,None,66,1,5,False,1000,1000
16196,191,unweighted_fl,10,0.2119824840764331,0,5,None,66,1,5,False,1000,1000
16197,192,unweighted_fl,10,0.2225318471337579,0,5,None,66,1,5,False,1000,1000
16198,193,unweighted_fl,10,0.2495023885350318,0,5,None,66,1,5,False,1000,1000
16199,194,unweighted_fl,10,0.2440286624203821,0,5,None,66,1,5,False,1000,1000
16200,190,unweighted_fl,10,0.2133757961783439,0,6,None,66,1,5,False,1000,1000
16201,191,unweighted_fl,10,0.2116839171974522,0,6,None,66,1,5,False,1000,1000
16202,192,unweighted_fl,10,0.2159633757961783,0,6,None,66,1,5,False,1000,1000
16203,193,unweighted_fl,10,0.2364649681528662,0,6,None,66,1,5,False,1000,1000
16204,194,unweighted_fl,10,0.2538813694267516,0,6,None,66,1,5,False,1000,1000
16205,190,unweighted_fl,10,0.2250199044585987,0,7,None,66,1,5,False,1000,1000
16206,191,unweighted_fl,10,0.2226313694267516,0,7,None,66,1,5,False,1000,1000
16207,192,unweighted_fl,10,0.2239251592356688,0,7,None,66,1,5,False,1000,1000
16208,193,unweighted_fl,10,0.2254179936305732,0,7,None,66,1,5,False,1000,1000
16209,194,unweighted_fl,10,0.2282046178343949,0,7,None,66,1,5,False,1000,1000
16210,190,unweighted_fl,10,0.2190485668789809,0,8,None,66,1,5,False,1000,1000
16211,191,unweighted_fl,10,0.2220342356687898,0,8,None,66,1,5,False,1000,1000
16212,192,unweighted_fl,10,0.2252189490445859,0,8,None,66,1,5,False,1000,1000
16213,193,unweighted_fl,10,0.2303941082802547,0,8,None,66,1,5,False,1000,1000
16214,194,unweighted_fl,10,0.2603503184713376,0,8,None,66,1,5,False,1000,1000
16215,190,unweighted_fl,10,0.2158638535031847,0,9,None,66,1,5,False,1000,1000
16216,191,unweighted_fl,10,0.2388535031847133,0,9,None,66,1,5,False,1000,1000
16217,192,unweighted_fl,10,0.2367635350318471,0,9,None,66,1,5,False,1000,1000
16218,193,unweighted_fl,10,0.2773686305732484,0,9,None,66,1,5,False,1000,1000
16219,194,unweighted_fl,10,0.2843351910828025,0,9,None,66,1,5,False,1000,1000
16220,190,unweighted_fl,10,0.2411425159235669,0,10,None,66,1,5,False,1000,1000
16221,191,unweighted_fl,10,0.2629378980891719,0,10,None,66,1,5,False,1000,1000
16222,192,unweighted_fl,10,0.2191480891719745,0,10,None,66,1,5,False,1000,1000
16223,193,unweighted_fl,10,0.2218351910828025,0,10,None,66,1,5,False,1000,1000
16224,194,unweighted_fl,10,0.2235270700636942,0,10,None,66,1,5,False,1000,1000
16225,190,unweighted_fl,10,0.239749203821656,0,12,None,66,1,5,False,1000,1000
16226,191,unweighted_fl,10,0.2638335987261146,0,12,None,66,1,5,False,1000,1000
16227,192,unweighted_fl,10,0.3120023885350318,0,12,None,66,1,5,False,1000,1000
16228,193,unweighted_fl,10,0.2816480891719745,0,12,None,66,1,5,False,1000,1000
16229,194,unweighted_fl,10,0.2883160828025478,0,12,None,66,1,5,False,1000,1000
16230,190,unweighted_fl,10,0.2256170382165605,0,11,None,66,1,5,False,1000,1000
16231,191,unweighted_fl,10,0.2269108280254777,0,11,None,66,1,5,False,1000,1000
16232,192,unweighted_fl,10,0.2276074840764331,0,11,None,66,1,5,False,1000,1000
16233,193,unweighted_fl,10,0.2312898089171974,0,11,None,66,1,5,False,1000,1000
16234,194,unweighted_fl,10,0.2580613057324841,0,11,None,66,1,5,False,1000,1000
16235,190,unweighted_fl,10,0.2184514331210191,0,13,None,66,1,5,False,1000,1000
16236,191,unweighted_fl,10,0.2192476114649681,0,13,None,66,1,5,False,1000,1000
16237,192,unweighted_fl,10,0.2191480891719745,0,13,None,66,1,5,False,1000,1000
16238,193,unweighted_fl,10,0.2202428343949044,0,13,None,66,1,5,False,1000,1000
16239,194,unweighted_fl,10,0.2206409235668789,0,13,None,66,1,5,False,1000,1000
16240,190,unweighted_fl,10,0.2247213375796178,0,14,None,66,1,5,False,1000,1000
16241,191,unweighted_fl,10,0.2249203821656051,0,14,None,66,1,5,False,1000,1000
16242,192,unweighted_fl,10,0.2277070063694267,0,14,None,66,1,5,False,1000,1000
16243,193,unweighted_fl,10,0.2851313694267516,0,14,None,66,1,5,False,1000,1000
16244,194,unweighted_fl,10,0.2398487261146497,0,14,None,66,1,5,False,1000,1000
16245,190,unweighted_fl,10,0.2306926751592356,0,15,None,66,1,5,False,1000,1000
16246,191,unweighted_fl,10,0.2311902866242038,0,15,None,66,1,5,False,1000,1000
16247,192,unweighted_fl,10,0.2400477707006369,0,15,None,66,1,5,False,1000,1000
16248,193,unweighted_fl,10,0.3116042993630573,0,15,None,66,1,5,False,1000,1000
16249,194,unweighted_fl,10,0.2875199044585987,0,15,None,66,1,5,False,1000,1000
16250,190,unweighted_fl,10,0.2227308917197452,0,16,None,66,1,5,False,1000,1000
16251,191,unweighted_fl,10,0.2267117834394904,0,16,None,66,1,5,False,1000,1000
16252,192,unweighted_fl,10,0.2291003184713375,0,16,None,66,1,5,False,1000,1000
16253,193,unweighted_fl,10,0.2329816878980891,0,16,None,66,1,5,False,1000,1000
16254,194,unweighted_fl,10,0.2355692675159235,0,16,None,66,1,5,False,1000,1000
16255,190,unweighted_fl,10,0.2223328025477707,0,17,None,66,1,5,False,1000,1000
16256,191,unweighted_fl,10,0.2242237261146497,0,17,None,66,1,5,False,1000,1000
16257,192,unweighted_fl,10,0.2261146496815286,0,17,None,66,1,5,False,1000,1000
16258,193,unweighted_fl,10,0.2291003184713375,0,17,None,66,1,5,False,1000,1000
16259,194,unweighted_fl,10,0.2568670382165605,0,17,None,66,1,5,False,1000,1000
16260,190,unweighted_fl,10,0.2185509554140127,0,18,None,66,1,5,False,1000,1000
16261,191,unweighted_fl,10,0.2188495222929936,0,18,None,66,1,5,False,1000,1000
16262,192,unweighted_fl,10,0.2217356687898089,0,18,None,66,1,5,False,1000,1000
16263,193,unweighted_fl,10,0.2455214968152866,0,18,None,66,1,5,False,1000,1000
16264,194,unweighted_fl,10,0.2738853503184713,0,18,None,66,1,5,False,1000,1000
16265,190,unweighted_fl,10,0.2181528662420382,0,19,None,66,1,5,False,1000,1000
16266,191,unweighted_fl,10,0.2165605095541401,0,19,None,66,1,5,False,1000,1000
16267,192,unweighted_fl,10,0.2226313694267516,0,19,None,66,1,5,False,1000,1000
16268,193,unweighted_fl,10,0.2775676751592357,0,19,None,66,1,5,False,1000,1000
16269,194,unweighted_fl,10,0.2165605095541401,0,19,None,66,1,5,False,1000,1000
16270,190,unweighted_fl,10,0.2209394904458598,0,20,None,66,1,5,False,1000,1000
16271,191,unweighted_fl,10,0.2265127388535031,0,20,None,66,1,5,False,1000,1000
16272,192,unweighted_fl,10,0.229796974522293,0,20,None,66,1,5,False,1000,1000
16273,193,unweighted_fl,10,0.2318869426751592,0,20,None,66,1,5,False,1000,1000
16274,194,unweighted_fl,10,0.2339769108280254,0,20,None,66,1,5,False,1000,1000
16275,190,unweighted_fl,10,0.2144705414012739,0,21,None,66,1,5,False,1000,1000
16276,191,unweighted_fl,10,0.2225318471337579,0,21,None,66,1,5,False,1000,1000
16277,192,unweighted_fl,10,0.237062101910828,0,21,None,66,1,5,False,1000,1000
16278,193,unweighted_fl,10,0.2070063694267516,0,21,None,66,1,5,False,1000,1000
16279,194,unweighted_fl,10,0.2153662420382165,0,21,None,66,1,5,False,1000,1000
16280,190,unweighted_fl,10,0.2212380573248407,0,22,None,66,1,5,False,1000,1000
16281,191,unweighted_fl,10,0.2535828025477707,0,22,None,66,1,5,False,1000,1000
16282,192,unweighted_fl,10,0.2172571656050955,0,22,None,66,1,5,False,1000,1000
16283,193,unweighted_fl,10,0.2139729299363057,0,22,None,66,1,5,False,1000,1000
16284,194,unweighted_fl,10,0.2157643312101911,0,22,None,66,1,5,False,1000,1000
16285,190,unweighted_fl,10,0.2403463375796178,0,23,None,66,1,5,False,1000,1000
16286,191,unweighted_fl,10,0.2511942675159235,0,23,None,66,1,5,False,1000,1000
16287,192,unweighted_fl,10,0.2315883757961783,0,23,None,66,1,5,False,1000,1000
16288,193,unweighted_fl,10,0.2374601910828025,0,23,None,66,1,5,False,1000,1000
16289,194,unweighted_fl,10,0.2669187898089172,0,23,None,66,1,5,False,1000,1000
16290,190,unweighted_fl,10,0.2342754777070063,0,24,None,66,1,5,False,1000,1000
16291,191,unweighted_fl,10,0.2428343949044586,0,24,None,66,1,5,False,1000,1000
16292,192,unweighted_fl,10,0.2899084394904458,0,24,None,66,1,5,False,1000,1000
16293,193,unweighted_fl,10,0.2593550955414013,0,24,None,66,1,5,False,1000,1000
16294,194,unweighted_fl,10,0.250796178343949,0,24,None,66,1,5,False,1000,1000
16295,190,unweighted_fl,10,0.2255175159235669,0,25,None,66,1,5,False,1000,1000
16296,191,unweighted_fl,10,0.2282046178343949,0,25,None,66,1,5,False,1000,1000
16297,192,unweighted_fl,10,0.2316878980891719,0,25,None,66,1,5,False,1000,1000
16298,193,unweighted_fl,10,0.2353702229299363,0,25,None,66,1,5,False,1000,1000
16299,194,unweighted_fl,10,0.2420382165605095,0,25,None,66,1,5,False,1000,1000
16300,190,unweighted_fl,10,0.21765525477707,0,26,None,66,1,5,False,1000,1000
16301,191,unweighted_fl,10,0.2182523885350318,0,26,None,66,1,5,False,1000,1000
16302,192,unweighted_fl,10,0.2242237261146497,0,26,None,66,1,5,False,1000,1000
16303,193,unweighted_fl,10,0.2861265923566879,0,26,None,66,1,5,False,1000,1000
16304,194,unweighted_fl,10,0.2293988853503184,0,26,None,66,1,5,False,1000,1000
16305,190,unweighted_fl,10,0.237062101910828,0,27,None,66,1,5,False,1000,1000
16306,191,unweighted_fl,10,0.2373606687898089,0,27,None,66,1,5,False,1000,1000
16307,192,unweighted_fl,10,0.2789609872611465,0,27,None,66,1,5,False,1000,1000
16308,193,unweighted_fl,10,0.2410429936305732,0,27,None,66,1,5,False,1000,1000
16309,194,unweighted_fl,10,0.2341759554140127,0,27,None,66,1,5,False,1000,1000
16310,190,unweighted_fl,10,0.2339769108280254,0,28,None,66,1,5,False,1000,1000
16311,191,unweighted_fl,10,0.2225318471337579,0,28,None,66,1,5,False,1000,1000
16312,192,unweighted_fl,10,0.2231289808917197,0,28,None,66,1,5,False,1000,1000
16313,193,unweighted_fl,10,0.2498009554140127,0,28,None,66,1,5,False,1000,1000
16314,194,unweighted_fl,10,0.2738853503184713,0,28,None,66,1,5,False,1000,1000
16315,190,unweighted_fl,10,0.2152667197452229,0,29,None,66,1,5,False,1000,1000
16316,191,unweighted_fl,10,0.234375,0,29,None,66,1,5,False,1000,1000
16317,192,unweighted_fl,10,0.2578622611464968,0,29,None,66,1,5,False,1000,1000
16318,193,unweighted_fl,10,0.2255175159235669,0,29,None,66,1,5,False,1000,1000
16319,194,unweighted_fl,10,0.2234275477707006,0,29,None,66,1,5,False,1000,1000
16320,190,unweighted_fl,10,0.2194466560509554,0,31,None,66,1,5,False,1000,1000
16321,191,unweighted_fl,10,0.2227308917197452,0,31,None,66,1,5,False,1000,1000
16322,192,unweighted_fl,10,0.2262141719745223,0,31,None,66,1,5,False,1000,1000
16323,193,unweighted_fl,10,0.2670183121019108,0,31,None,66,1,5,False,1000,1000
16324,194,unweighted_fl,10,0.2655254777070063,0,31,None,66,1,5,False,1000,1000
16325,190,unweighted_fl,10,0.235171178343949,0,30,None,66,1,5,False,1000,1000
16326,191,unweighted_fl,10,0.2225318471337579,0,30,None,66,1,5,False,1000,1000
16327,192,unweighted_fl,10,0.2223328025477707,0,30,None,66,1,5,False,1000,1000
16328,193,unweighted_fl,10,0.224124203821656,0,30,None,66,1,5,False,1000,1000
16329,194,unweighted_fl,10,0.2246218152866242,0,30,None,66,1,5,False,1000,1000
16330,190,unweighted_fl,10,0.2221337579617834,0,32,None,66,1,5,False,1000,1000
16331,191,unweighted_fl,10,0.2251194267515923,0,32,None,66,1,5,False,1000,1000
16332,192,unweighted_fl,10,0.2252189490445859,0,32,None,66,1,5,False,1000,1000
16333,193,unweighted_fl,10,0.258359872611465,0,32,None,66,1,5,False,1000,1000
16334,194,unweighted_fl,10,0.291202229299363,0,32,None,66,1,5,False,1000,1000
16335,195,unweighted_fl,10,0.3459394904458598,0,0,None,66,1,5,False,1000,1000
16336,196,unweighted_fl,10,0.3322054140127388,0,0,None,66,1,5,False,1000,1000
16337,197,unweighted_fl,10,0.3057324840764331,0,0,None,66,1,5,False,1000,1000
16338,198,unweighted_fl,10,0.3099124203821656,0,0,None,66,1,5,False,1000,1000
16339,199,unweighted_fl,10,0.3206608280254777,0,0,None,66,1,5,False,1000,1000
16340,195,unweighted_fl,10,0.2326831210191083,0,1,None,66,1,5,False,1000,1000
16341,196,unweighted_fl,10,0.2334792993630573,0,1,None,66,1,5,False,1000,1000
16342,197,unweighted_fl,10,0.2401472929936305,0,1,None,66,1,5,False,1000,1000
16343,198,unweighted_fl,10,0.2594546178343949,0,1,None,66,1,5,False,1000,1000
16344,199,unweighted_fl,10,0.2955812101910828,0,1,None,66,1,5,False,1000,1000
16345,195,unweighted_fl,10,0.2933917197452229,0,2,None,66,1,5,False,1000,1000
16346,196,unweighted_fl,10,0.2929936305732484,0,2,None,66,1,5,False,1000,1000
16347,197,unweighted_fl,10,0.2870222929936306,0,2,None,66,1,5,False,1000,1000
16348,198,unweighted_fl,10,0.273984872611465,0,2,None,66,1,5,False,1000,1000
16349,199,unweighted_fl,10,0.2582603503184713,0,2,None,66,1,5,False,1000,1000
16350,195,unweighted_fl,10,0.2698049363057325,0,3,None,66,1,5,False,1000,1000
16351,196,unweighted_fl,10,0.2440286624203821,0,3,None,66,1,5,False,1000,1000
16352,197,unweighted_fl,10,0.2943869426751592,0,3,None,66,1,5,False,1000,1000
16353,198,unweighted_fl,10,0.34375,0,3,None,66,1,5,False,1000,1000
16354,199,unweighted_fl,10,0.3560907643312102,0,3,None,66,1,5,False,1000,1000
16355,195,unweighted_fl,10,0.2280055732484076,0,4,None,66,1,5,False,1000,1000
16356,196,unweighted_fl,10,0.2209394904458598,0,4,None,66,1,5,False,1000,1000
16357,197,unweighted_fl,10,0.2234275477707006,0,4,None,66,1,5,False,1000,1000
16358,198,unweighted_fl,10,0.2266122611464968,0,4,None,66,1,5,False,1000,1000
16359,199,unweighted_fl,10,0.2309912420382165,0,4,None,66,1,5,False,1000,1000
16360,195,unweighted_fl,10,0.2659235668789809,0,5,None,66,1,5,False,1000,1000
16361,196,unweighted_fl,10,0.2264132165605095,0,5,None,66,1,5,False,1000,1000
16362,197,unweighted_fl,10,0.2262141719745223,0,5,None,66,1,5,False,1000,1000
16363,198,unweighted_fl,10,0.2513933121019108,0,5,None,66,1,5,False,1000,1000
16364,199,unweighted_fl,10,0.2853304140127388,0,5,None,66,1,5,False,1000,1000
16365,195,unweighted_fl,10,0.2803542993630573,0,6,None,66,1,5,False,1000,1000
16366,196,unweighted_fl,10,0.3058320063694267,0,6,None,66,1,5,False,1000,1000
16367,197,unweighted_fl,10,0.2611464968152866,0,6,None,66,1,5,False,1000,1000
16368,198,unweighted_fl,10,0.2298964968152866,0,6,None,66,1,5,False,1000,1000
16369,199,unweighted_fl,10,0.2240246815286624,0,6,None,66,1,5,False,1000,1000
16370,195,unweighted_fl,10,0.2818471337579618,0,7,None,66,1,5,False,1000,1000
16371,196,unweighted_fl,10,0.2568670382165605,0,7,None,66,1,5,False,1000,1000
16372,197,unweighted_fl,10,0.2515923566878981,0,7,None,66,1,5,False,1000,1000
16373,198,unweighted_fl,10,0.2639331210191082,0,7,None,66,1,5,False,1000,1000
16374,199,unweighted_fl,10,0.289609872611465,0,7,None,66,1,5,False,1000,1000
16375,195,unweighted_fl,10,0.2479100318471337,0,8,None,66,1,5,False,1000,1000
16376,196,unweighted_fl,10,0.2292993630573248,0,8,None,66,1,5,False,1000,1000
16377,197,unweighted_fl,10,0.2373606687898089,0,8,None,66,1,5,False,1000,1000
16378,198,unweighted_fl,10,0.2509952229299363,0,8,None,66,1,5,False,1000,1000
16379,199,unweighted_fl,10,0.2727906050955414,0,8,None,66,1,5,False,1000,1000
16380,195,unweighted_fl,10,0.2234275477707006,0,9,None,66,1,5,False,1000,1000
16381,196,unweighted_fl,10,0.2197452229299363,0,9,None,66,1,5,False,1000,1000
16382,197,unweighted_fl,10,0.2388535031847133,0,9,None,66,1,5,False,1000,1000
16383,198,unweighted_fl,10,0.2647292993630573,0,9,None,66,1,5,False,1000,1000
16384,199,unweighted_fl,10,0.2944864649681528,0,9,None,66,1,5,False,1000,1000
16385,195,unweighted_fl,10,0.2913017515923566,0,10,None,66,1,5,False,1000,1000
16386,196,unweighted_fl,10,0.2447253184713375,0,10,None,66,1,5,False,1000,1000
16387,197,unweighted_fl,10,0.2390525477707006,0,10,None,66,1,5,False,1000,1000
16388,198,unweighted_fl,10,0.2499004777070063,0,10,None,66,1,5,False,1000,1000
16389,199,unweighted_fl,10,0.2731886942675159,0,10,None,66,1,5,False,1000,1000
16390,195,unweighted_fl,10,0.293093152866242,0,12,None,66,1,5,False,1000,1000
16391,196,unweighted_fl,10,0.2988654458598726,0,12,None,66,1,5,False,1000,1000
16392,197,unweighted_fl,10,0.3083200636942675,0,12,None,66,1,5,False,1000,1000
16393,198,unweighted_fl,10,0.3588773885350318,0,12,None,66,1,5,False,1000,1000
16394,199,unweighted_fl,10,0.395999203821656,0,12,None,66,1,5,False,1000,1000
16395,195,unweighted_fl,10,0.2444267515923567,0,11,None,66,1,5,False,1000,1000
16396,196,unweighted_fl,10,0.2275079617834395,0,11,None,66,1,5,False,1000,1000
16397,197,unweighted_fl,10,0.2274084394904458,0,11,None,66,1,5,False,1000,1000
16398,198,unweighted_fl,10,0.2285031847133758,0,11,None,66,1,5,False,1000,1000
16399,199,unweighted_fl,10,0.2307921974522293,0,11,None,66,1,5,False,1000,1000
16400,195,unweighted_fl,10,0.2843351910828025,0,13,None,66,1,5,False,1000,1000
16401,196,unweighted_fl,10,0.2833399681528662,0,13,None,66,1,5,False,1000,1000
16402,197,unweighted_fl,10,0.2849323248407643,0,13,None,66,1,5,False,1000,1000
16403,198,unweighted_fl,10,0.2905055732484076,0,13,None,66,1,5,False,1000,1000
16404,199,unweighted_fl,10,0.2994625796178344,0,13,None,66,1,5,False,1000,1000
16405,195,unweighted_fl,10,0.2325835987261146,0,14,None,66,1,5,False,1000,1000
16406,196,unweighted_fl,10,0.2244227707006369,0,14,None,66,1,5,False,1000,1000
16407,197,unweighted_fl,10,0.2267117834394904,0,14,None,66,1,5,False,1000,1000
16408,198,unweighted_fl,10,0.2292993630573248,0,14,None,66,1,5,False,1000,1000
16409,199,unweighted_fl,10,0.2338773885350318,0,14,None,66,1,5,False,1000,1000
16410,195,unweighted_fl,10,0.2859275477707006,0,15,None,66,1,5,False,1000,1000
16411,196,unweighted_fl,10,0.324343152866242,0,15,None,66,1,5,False,1000,1000
16412,197,unweighted_fl,10,0.3348925159235669,0,15,None,66,1,5,False,1000,1000
16413,198,unweighted_fl,10,0.3310111464968153,0,15,None,66,1,5,False,1000,1000
16414,199,unweighted_fl,10,0.3253383757961783,0,15,None,66,1,5,False,1000,1000
16415,195,unweighted_fl,10,0.292296974522293,0,16,None,66,1,5,False,1000,1000
16416,196,unweighted_fl,10,0.2923964968152866,0,16,None,66,1,5,False,1000,1000
16417,197,unweighted_fl,10,0.2888136942675159,0,16,None,66,1,5,False,1000,1000
16418,198,unweighted_fl,10,0.2834394904458598,0,16,None,66,1,5,False,1000,1000
16419,199,unweighted_fl,10,0.2822452229299363,0,16,None,66,1,5,False,1000,1000
16420,195,unweighted_fl,10,0.2641321656050955,0,17,None,66,1,5,False,1000,1000
16421,196,unweighted_fl,10,0.2758757961783439,0,17,None,66,1,5,False,1000,1000
16422,197,unweighted_fl,10,0.2927945859872611,0,17,None,66,1,5,False,1000,1000
16423,198,unweighted_fl,10,0.3070262738853503,0,17,None,66,1,5,False,1000,1000
16424,199,unweighted_fl,10,0.3165804140127388,0,17,None,66,1,5,False,1000,1000
16425,195,unweighted_fl,10,0.2249203821656051,0,18,None,66,1,5,False,1000,1000
16426,196,unweighted_fl,10,0.2191480891719745,0,18,None,66,1,5,False,1000,1000
16427,197,unweighted_fl,10,0.2209394904458598,0,18,None,66,1,5,False,1000,1000
16428,198,unweighted_fl,10,0.2261146496815286,0,18,None,66,1,5,False,1000,1000
16429,199,unweighted_fl,10,0.2318869426751592,0,18,None,66,1,5,False,1000,1000
16430,195,unweighted_fl,10,0.2202428343949044,0,19,None,66,1,5,False,1000,1000
16431,196,unweighted_fl,10,0.2172571656050955,0,19,None,66,1,5,False,1000,1000
16432,197,unweighted_fl,10,0.2211385350318471,0,19,None,66,1,5,False,1000,1000
16433,198,unweighted_fl,10,0.2331807324840764,0,19,None,66,1,5,False,1000,1000
16434,199,unweighted_fl,10,0.2543789808917197,0,19,None,66,1,5,False,1000,1000
16435,195,unweighted_fl,10,0.2861265923566879,0,20,None,66,1,5,False,1000,1000
16436,196,unweighted_fl,10,0.2856289808917197,0,20,None,66,1,5,False,1000,1000
16437,197,unweighted_fl,10,0.2771695859872611,0,20,None,66,1,5,False,1000,1000
16438,198,unweighted_fl,10,0.2665207006369426,0,20,None,66,1,5,False,1000,1000
16439,199,unweighted_fl,10,0.2605493630573248,0,20,None,66,1,5,False,1000,1000
16440,195,unweighted_fl,10,0.2177547770700637,0,21,None,66,1,5,False,1000,1000
16441,196,unweighted_fl,10,0.2299960191082802,0,21,None,66,1,5,False,1000,1000
16442,197,unweighted_fl,10,0.2926950636942675,0,21,None,66,1,5,False,1000,1000
16443,198,unweighted_fl,10,0.3531050955414013,0,21,None,66,1,5,False,1000,1000
16444,199,unweighted_fl,10,0.3751990445859872,0,21,None,66,1,5,False,1000,1000
16445,195,unweighted_fl,10,0.2884156050955414,0,23,None,66,1,5,False,1000,1000
16446,196,unweighted_fl,10,0.2875199044585987,0,23,None,66,1,5,False,1000,1000
16447,197,unweighted_fl,10,0.2958797770700637,0,23,None,66,1,5,False,1000,1000
16448,198,unweighted_fl,10,0.3135947452229299,0,23,None,66,1,5,False,1000,1000
16449,199,unweighted_fl,10,0.3938097133757962,0,23,None,66,1,5,False,1000,1000
16450,195,unweighted_fl,10,0.2201433121019108,0,22,None,66,1,5,False,1000,1000
16451,196,unweighted_fl,10,0.2306926751592356,0,22,None,66,1,5,False,1000,1000
16452,197,unweighted_fl,10,0.2703025477707006,0,22,None,66,1,5,False,1000,1000
16453,198,unweighted_fl,10,0.2936902866242038,0,22,None,66,1,5,False,1000,1000
16454,199,unweighted_fl,10,0.2998606687898089,0,22,None,66,1,5,False,1000,1000
16455,195,unweighted_fl,10,0.2437300955414012,0,24,None,66,1,5,False,1000,1000
16456,196,unweighted_fl,10,0.2470143312101911,0,24,None,66,1,5,False,1000,1000
16457,197,unweighted_fl,10,0.2605493630573248,0,24,None,66,1,5,False,1000,1000
16458,198,unweighted_fl,10,0.2978702229299363,0,24,None,66,1,5,False,1000,1000
16459,199,unweighted_fl,10,0.4017714968152866,0,24,None,66,1,5,False,1000,1000
16460,195,unweighted_fl,10,0.2734872611464968,0,25,None,66,1,5,False,1000,1000
16461,196,unweighted_fl,10,0.2407444267515923,0,25,None,66,1,5,False,1000,1000
16462,197,unweighted_fl,10,0.2398487261146497,0,25,None,66,1,5,False,1000,1000
16463,198,unweighted_fl,10,0.2495023885350318,0,25,None,66,1,5,False,1000,1000
16464,199,unweighted_fl,10,0.2613455414012738,0,25,None,66,1,5,False,1000,1000
16465,195,unweighted_fl,10,0.24890525477707,0,26,None,66,1,5,False,1000,1000
16466,196,unweighted_fl,10,0.2754777070063694,0,26,None,66,1,5,False,1000,1000
16467,197,unweighted_fl,10,0.3077229299363057,0,26,None,66,1,5,False,1000,1000
16468,198,unweighted_fl,10,0.3174761146496815,0,26,None,66,1,5,False,1000,1000
16469,199,unweighted_fl,10,0.3230493630573248,0,26,None,66,1,5,False,1000,1000
16470,195,unweighted_fl,10,0.2984673566878981,0,27,None,66,1,5,False,1000,1000
16471,196,unweighted_fl,10,0.3231488853503185,0,27,None,66,1,5,False,1000,1000
16472,197,unweighted_fl,10,0.3433519108280254,0,27,None,66,1,5,False,1000,1000
16473,198,unweighted_fl,10,0.3526074840764331,0,27,None,66,1,5,False,1000,1000
16474,199,unweighted_fl,10,0.3561902866242038,0,27,None,66,1,5,False,1000,1000
16475,195,unweighted_fl,10,0.2429339171974522,0,28,None,66,1,5,False,1000,1000
16476,196,unweighted_fl,10,0.2419386942675159,0,28,None,66,1,5,False,1000,1000
16477,197,unweighted_fl,10,0.2706011146496815,0,28,None,66,1,5,False,1000,1000
16478,198,unweighted_fl,10,0.2921974522292994,0,28,None,66,1,5,False,1000,1000
16479,199,unweighted_fl,10,0.3013535031847134,0,28,None,66,1,5,False,1000,1000
16480,195,unweighted_fl,10,0.3072253184713376,0,29,None,66,1,5,False,1000,1000
16481,196,unweighted_fl,10,0.2641321656050955,0,29,None,66,1,5,False,1000,1000
16482,197,unweighted_fl,10,0.237062101910828,0,29,None,66,1,5,False,1000,1000
16483,198,unweighted_fl,10,0.235171178343949,0,29,None,66,1,5,False,1000,1000
16484,199,unweighted_fl,10,0.2403463375796178,0,29,None,66,1,5,False,1000,1000
16485,195,unweighted_fl,10,0.2816480891719745,0,30,None,66,1,5,False,1000,1000
16486,196,unweighted_fl,10,0.2661226114649681,0,30,None,66,1,5,False,1000,1000
16487,197,unweighted_fl,10,0.2498009554140127,0,30,None,66,1,5,False,1000,1000
16488,198,unweighted_fl,10,0.2503980891719745,0,30,None,66,1,5,False,1000,1000
16489,199,unweighted_fl,10,0.2655254777070063,0,30,None,66,1,5,False,1000,1000
16490,195,unweighted_fl,10,0.2453224522292993,0,31,None,66,1,5,False,1000,1000
16491,196,unweighted_fl,10,0.2387539808917197,0,31,None,66,1,5,False,1000,1000
16492,197,unweighted_fl,10,0.3094148089171974,0,31,None,66,1,5,False,1000,1000
16493,198,unweighted_fl,10,0.3504179936305732,0,31,None,66,1,5,False,1000,1000
16494,199,unweighted_fl,10,0.3613654458598726,0,31,None,66,1,5,False,1000,1000
16495,195,unweighted_fl,10,0.2230294585987261,0,32,None,66,1,5,False,1000,1000
16496,196,unweighted_fl,10,0.2200437898089172,0,32,None,66,1,5,False,1000,1000
16497,197,unweighted_fl,10,0.2231289808917197,0,32,None,66,1,5,False,1000,1000
16498,198,unweighted_fl,10,0.2341759554140127,0,32,None,66,1,5,False,1000,1000
16499,199,unweighted_fl,10,0.2589570063694267,0,32,None,66,1,5,False,1000,1000
0,0,random,10,0.2469148089171974,0,2,None,66,1,5,False,1000,1000
1,1,random,10,0.3150875796178344,0,2,None,66,1,5,False,1000,1000
2,2,random,10,0.3729100318471338,0,2,None,66,1,5,False,1000,1000
3,3,random,10,0.4459593949044586,0,2,None,66,1,5,False,1000,1000
4,4,random,10,0.4762141719745223,0,2,None,66,1,5,False,1000,1000
5,0,random,10,0.2498009554140127,0,5,None,66,1,5,False,1000,1000
6,1,random,10,0.2768710191082802,0,5,None,66,1,5,False,1000,1000
7,2,random,10,0.2875199044585987,0,5,None,66,1,5,False,1000,1000
8,3,random,10,0.3596735668789809,0,5,None,66,1,5,False,1000,1000
9,4,random,10,0.4284434713375796,0,5,None,66,1,5,False,1000,1000
10,0,random,10,0.2477109872611465,0,13,None,66,1,5,False,1000,1000
11,1,random,10,0.354796974522293,0,13,None,66,1,5,False,1000,1000
12,2,random,10,0.4429737261146497,0,13,None,66,1,5,False,1000,1000
13,3,random,10,0.487858280254777,0,13,None,66,1,5,False,1000,1000
14,4,random,10,0.5216958598726115,0,13,None,66,1,5,False,1000,1000
15,0,random,10,0.1914808917197452,0,15,None,66,1,5,False,1000,1000
16,1,random,10,0.2552746815286624,0,15,None,66,1,5,False,1000,1000
17,2,random,10,0.3346934713375796,0,15,None,66,1,5,False,1000,1000
18,3,random,10,0.3897292993630573,0,15,None,66,1,5,False,1000,1000
19,4,random,10,0.4209792993630573,0,15,None,66,1,5,False,1000,1000
20,0,random,10,0.1096735668789808,0,10,None,66,1,5,False,1000,1000
21,1,random,10,0.172671178343949,0,10,None,66,1,5,False,1000,1000
22,2,random,10,0.3173765923566879,0,10,None,66,1,5,False,1000,1000
23,3,random,10,0.3599721337579618,0,10,None,66,1,5,False,1000,1000
24,4,random,10,0.3832603503184713,0,10,None,66,1,5,False,1000,1000
25,0,random,10,0.1056926751592356,0,11,None,66,1,5,False,1000,1000
26,1,random,10,0.1640127388535031,0,11,None,66,1,5,False,1000,1000
27,2,random,10,0.3008558917197452,0,11,None,66,1,5,False,1000,1000
28,3,random,10,0.3702229299363057,0,11,None,66,1,5,False,1000,1000
29,4,random,10,0.4375995222929936,0,11,None,66,1,5,False,1000,1000
30,0,random,10,0.0995222929936305,0,20,None,66,1,5,False,1000,1000
31,1,random,10,0.0995222929936305,0,20,None,66,1,5,False,1000,1000
32,2,random,10,0.1097730891719745,0,20,None,66,1,5,False,1000,1000
33,3,random,10,0.1476910828025477,0,20,None,66,1,5,False,1000,1000
34,4,random,10,0.1937699044585987,0,20,None,66,1,5,False,1000,1000
35,0,random,10,0.3443471337579618,0,26,None,66,1,5,False,1000,1000
36,1,random,10,0.451234076433121,0,26,None,66,1,5,False,1000,1000
37,2,random,10,0.4374004777070063,0,26,None,66,1,5,False,1000,1000
38,3,random,10,0.4166003184713376,0,26,None,66,1,5,False,1000,1000
39,4,random,10,0.4038614649681528,0,26,None,66,1,5,False,1000,1000
40,0,random,10,0.2383558917197452,0,17,None,66,1,5,False,1000,1000
41,1,random,10,0.2871218152866242,0,17,None,66,1,5,False,1000,1000
42,2,random,10,0.3638535031847134,0,17,None,66,1,5,False,1000,1000
43,3,random,10,0.4092356687898089,0,17,None,66,1,5,False,1000,1000
44,4,random,10,0.4468550955414013,0,17,None,66,1,5,False,1000,1000
45,0,random,10,0.2550756369426751,0,21,None,66,1,5,False,1000,1000
46,1,random,10,0.3286226114649681,0,21,None,66,1,5,False,1000,1000
47,2,random,10,0.3390724522292994,0,21,None,66,1,5,False,1000,1000
48,3,random,10,0.3542993630573248,0,21,None,66,1,5,False,1000,1000
49,4,random,10,0.3750995222929936,0,21,None,66,1,5,False,1000,1000
50,0,random,10,0.1133558917197452,0,25,None,66,1,5,False,1000,1000
51,1,random,10,0.1771496815286624,0,25,None,66,1,5,False,1000,1000
52,2,random,10,0.2240246815286624,0,25,None,66,1,5,False,1000,1000
53,3,random,10,0.2754777070063694,0,25,None,66,1,5,False,1000,1000
54,4,random,10,0.2827428343949044,0,25,None,66,1,5,False,1000,1000
55,0,random,10,0.2313893312101911,0,12,None,66,1,5,False,1000,1000
56,1,random,10,0.291202229299363,0,12,None,66,1,5,False,1000,1000
57,2,random,10,0.3306130573248407,0,12,None,66,1,5,False,1000,1000
58,3,random,10,0.4201831210191082,0,12,None,66,1,5,False,1000,1000
59,4,random,10,0.4703423566878981,0,12,None,66,1,5,False,1000,1000
60,0,random,10,0.1839171974522293,0,24,None,66,1,5,False,1000,1000
61,1,random,10,0.3455414012738853,0,24,None,66,1,5,False,1000,1000
62,2,random,10,0.407046178343949,0,24,None,66,1,5,False,1000,1000
63,3,random,10,0.4642714968152866,0,24,None,66,1,5,False,1000,1000
64,4,random,10,0.4964171974522293,0,24,None,66,1,5,False,1000,1000
65,0,random,10,0.289609872611465,0,28,None,66,1,5,False,1000,1000
66,1,random,10,0.3157842356687898,0,28,None,66,1,5,False,1000,1000
67,2,random,10,0.3546974522292994,0,28,None,66,1,5,False,1000,1000
68,3,random,10,0.4003781847133758,0,28,None,66,1,5,False,1000,1000
69,4,random,10,0.425358280254777,0,28,None,66,1,5,False,1000,1000
70,0,random,10,0.1731687898089172,0,3,None,66,1,5,False,1000,1000
71,1,random,10,0.3742038216560509,0,3,None,66,1,5,False,1000,1000
72,2,random,10,0.4173964968152866,0,3,None,66,1,5,False,1000,1000
73,3,random,10,0.4260549363057325,0,3,None,66,1,5,False,1000,1000
74,4,random,10,0.4288415605095541,0,3,None,66,1,5,False,1000,1000
75,0,random,10,0.1089769108280254,0,29,None,66,1,5,False,1000,1000
76,1,random,10,0.1638136942675159,0,29,None,66,1,5,False,1000,1000
77,2,random,10,0.2819466560509554,0,29,None,66,1,5,False,1000,1000
78,3,random,10,0.4021695859872611,0,29,None,66,1,5,False,1000,1000
79,4,random,10,0.4260549363057325,0,29,None,66,1,5,False,1000,1000
80,0,random,10,0.0995222929936305,0,9,None,66,1,5,False,1000,1000
81,1,random,10,0.1024084394904458,0,9,None,66,1,5,False,1000,1000
82,2,random,10,0.1634156050955414,0,9,None,66,1,5,False,1000,1000
83,3,random,10,0.188296178343949,0,9,None,66,1,5,False,1000,1000
84,4,random,10,0.1986464968152866,0,9,None,66,1,5,False,1000,1000
85,0,random,10,0.2067078025477707,0,30,None,66,1,5,False,1000,1000
86,1,random,10,0.2250199044585987,0,30,None,66,1,5,False,1000,1000
87,2,random,10,0.2034235668789809,0,30,None,66,1,5,False,1000,1000
88,3,random,10,0.1912818471337579,0,30,None,66,1,5,False,1000,1000
89,4,random,10,0.1997412420382165,0,30,None,66,1,5,False,1000,1000
90,0,random,10,0.1765525477707006,0,6,None,66,1,5,False,1000,1000
91,1,random,10,0.2085987261146497,0,6,None,66,1,5,False,1000,1000
92,2,random,10,0.2482085987261146,0,6,None,66,1,5,False,1000,1000
93,3,random,10,0.2617436305732484,0,6,None,66,1,5,False,1000,1000
94,4,random,10,0.291202229299363,0,6,None,66,1,5,False,1000,1000
95,0,random,10,0.1305732484076433,0,32,None,66,1,5,False,1000,1000
96,1,random,10,0.1655055732484076,0,32,None,66,1,5,False,1000,1000
97,2,random,10,0.2055135350318471,0,32,None,66,1,5,False,1000,1000
98,3,random,10,0.2679140127388535,0,32,None,66,1,5,False,1000,1000
99,4,random,10,0.3181727707006369,0,32,None,66,1,5,False,1000,1000
100,0,random,10,0.1780453821656051,0,7,None,66,1,5,False,1000,1000
101,1,random,10,0.1801353503184713,0,7,None,66,1,5,False,1000,1000
102,2,random,10,0.2426353503184713,0,7,None,66,1,5,False,1000,1000
103,3,random,10,0.3832603503184713,0,7,None,66,1,5,False,1000,1000
104,4,random,10,0.4498407643312102,0,7,None,66,1,5,False,1000,1000
105,0,random,10,0.1038017515923566,0,27,None,66,1,5,False,1000,1000
106,1,random,10,0.1067874203821656,0,27,None,66,1,5,False,1000,1000
107,2,random,10,0.113953025477707,0,27,None,66,1,5,False,1000,1000
108,3,random,10,0.12390525477707,0,27,None,66,1,5,False,1000,1000
109,4,random,10,0.1477906050955414,0,27,None,66,1,5,False,1000,1000
110,0,random,10,0.1208200636942675,0,18,None,66,1,5,False,1000,1000
111,1,random,10,0.1895899681528662,0,18,None,66,1,5,False,1000,1000
112,2,random,10,0.2971735668789809,0,18,None,66,1,5,False,1000,1000
113,3,random,10,0.3541998407643312,0,18,None,66,1,5,False,1000,1000
114,4,random,10,0.3937101910828025,0,18,None,66,1,5,False,1000,1000
115,0,random,10,0.1926751592356688,0,31,None,66,1,5,False,1000,1000
116,1,random,10,0.2951831210191082,0,31,None,66,1,5,False,1000,1000
117,2,random,10,0.3221536624203822,0,31,None,66,1,5,False,1000,1000
118,3,random,10,0.3617635350318471,0,31,None,66,1,5,False,1000,1000
119,4,random,10,0.371218152866242,0,31,None,66,1,5,False,1000,1000
120,0,random,10,0.0995222929936305,0,1,None,66,1,5,False,1000,1000
121,1,random,10,0.1663017515923567,0,1,None,66,1,5,False,1000,1000
122,2,random,10,0.201234076433121,0,1,None,66,1,5,False,1000,1000
123,3,random,10,0.2237261146496815,0,1,None,66,1,5,False,1000,1000
124,4,random,10,0.2578622611464968,0,1,None,66,1,5,False,1000,1000
125,0,random,10,0.2384554140127388,0,8,None,66,1,5,False,1000,1000
126,1,random,10,0.2244227707006369,0,8,None,66,1,5,False,1000,1000
127,2,random,10,0.2638335987261146,0,8,None,66,1,5,False,1000,1000
128,3,random,10,0.317078025477707,0,8,None,66,1,5,False,1000,1000
129,4,random,10,0.3680334394904458,0,8,None,66,1,5,False,1000,1000
130,0,random,10,0.1522691082802547,0,16,None,66,1,5,False,1000,1000
131,1,random,10,0.1657046178343949,0,16,None,66,1,5,False,1000,1000
132,2,random,10,0.2304936305732484,0,16,None,66,1,5,False,1000,1000
133,3,random,10,0.296875,0,16,None,66,1,5,False,1000,1000
134,4,random,10,0.323546974522293,0,16,None,66,1,5,False,1000,1000
135,0,random,10,0.1092754777070063,0,19,None,66,1,5,False,1000,1000
136,1,random,10,0.1110668789808917,0,19,None,66,1,5,False,1000,1000
137,2,random,10,0.1811305732484076,0,19,None,66,1,5,False,1000,1000
138,3,random,10,0.2498009554140127,0,19,None,66,1,5,False,1000,1000
139,4,random,10,0.32703025477707,0,19,None,66,1,5,False,1000,1000
140,0,random,10,0.1057921974522293,0,22,None,66,1,5,False,1000,1000
141,1,random,10,0.1794386942675159,0,22,None,66,1,5,False,1000,1000
142,2,random,10,0.3133957006369426,0,22,None,66,1,5,False,1000,1000
143,3,random,10,0.3623606687898089,0,22,None,66,1,5,False,1000,1000
144,4,random,10,0.376890923566879,0,22,None,66,1,5,False,1000,1000
145,0,random,10,0.1454020700636942,0,14,None,66,1,5,False,1000,1000
146,1,random,10,0.2699044585987261,0,14,None,66,1,5,False,1000,1000
147,2,random,10,0.3305135350318471,0,14,None,66,1,5,False,1000,1000
148,3,random,10,0.3363853503184713,0,14,None,66,1,5,False,1000,1000
149,4,random,10,0.3320063694267516,0,14,None,66,1,5,False,1000,1000
150,0,random,10,0.1071855095541401,0,4,None,66,1,5,False,1000,1000
151,1,random,10,0.1535628980891719,0,4,None,66,1,5,False,1000,1000
152,2,random,10,0.3395700636942675,0,4,None,66,1,5,False,1000,1000
153,3,random,10,0.3806727707006369,0,4,None,66,1,5,False,1000,1000
154,4,random,10,0.3603702229299363,0,4,None,66,1,5,False,1000,1000
155,0,random,10,0.1031050955414012,0,0,None,66,1,5,False,1000,1000
156,1,random,10,0.174562101910828,0,0,None,66,1,5,False,1000,1000
157,2,random,10,0.2482085987261146,0,0,None,66,1,5,False,1000,1000
158,3,random,10,0.3076234076433121,0,0,None,66,1,5,False,1000,1000
159,4,random,10,0.3578821656050955,0,0,None,66,1,5,False,1000,1000
160,0,random,10,0.3220541401273885,0,23,None,66,1,5,False,1000,1000
161,1,random,10,0.4058519108280254,0,23,None,66,1,5,False,1000,1000
162,2,random,10,0.357484076433121,0,23,None,66,1,5,False,1000,1000
163,3,random,10,0.3204617834394904,0,23,None,66,1,5,False,1000,1000
164,4,random,10,0.3276273885350318,0,23,None,66,1,5,False,1000,1000
165,5,random,10,0.3682324840764331,0,26,None,66,1,5,False,1000,1000
166,6,random,10,0.3292197452229299,0,26,None,66,1,5,False,1000,1000
167,7,random,10,0.2883160828025478,0,26,None,66,1,5,False,1000,1000
168,8,random,10,0.2797571656050955,0,26,None,66,1,5,False,1000,1000
169,9,random,10,0.2757762738853503,0,26,None,66,1,5,False,1000,1000
170,5,random,10,0.3475318471337579,0,16,None,66,1,5,False,1000,1000
171,6,random,10,0.3766918789808917,0,16,None,66,1,5,False,1000,1000
172,7,random,10,0.4057523885350318,0,16,None,66,1,5,False,1000,1000
173,8,random,10,0.4249601910828025,0,16,None,66,1,5,False,1000,1000
174,9,random,10,0.4445660828025478,0,16,None,66,1,5,False,1000,1000
175,5,random,10,0.2825437898089172,0,1,None,66,1,5,False,1000,1000
176,6,random,10,0.2407444267515923,0,1,None,66,1,5,False,1000,1000
177,7,random,10,0.2209394904458598,0,1,None,66,1,5,False,1000,1000
178,8,random,10,0.214968152866242,0,1,None,66,1,5,False,1000,1000
179,9,random,10,0.2159633757961783,0,1,None,66,1,5,False,1000,1000
180,5,random,10,0.4829816878980891,0,2,None,66,1,5,False,1000,1000
181,6,random,10,0.4855692675159235,0,2,None,66,1,5,False,1000,1000
182,7,random,10,0.4802945859872611,0,2,None,66,1,5,False,1000,1000
183,8,random,10,0.4751194267515923,0,2,None,66,1,5,False,1000,1000
184,9,random,10,0.46875,0,2,None,66,1,5,False,1000,1000
185,5,random,10,0.3522093949044586,0,7,None,66,1,5,False,1000,1000
186,6,random,10,0.3735071656050955,0,7,None,66,1,5,False,1000,1000
187,7,random,10,0.3816679936305732,0,7,None,66,1,5,False,1000,1000
188,8,random,10,0.3908240445859872,0,7,None,66,1,5,False,1000,1000
189,9,random,10,0.3982882165605095,0,7,None,66,1,5,False,1000,1000
190,5,random,10,0.3648487261146497,0,11,None,66,1,5,False,1000,1000
191,6,random,10,0.3542993630573248,0,11,None,66,1,5,False,1000,1000
192,7,random,10,0.3566878980891719,0,11,None,66,1,5,False,1000,1000
193,8,random,10,0.3325039808917197,0,11,None,66,1,5,False,1000,1000
194,9,random,10,0.300358280254777,0,11,None,66,1,5,False,1000,1000
195,5,random,10,0.1696855095541401,0,15,None,66,1,5,False,1000,1000
196,6,random,10,0.2019307324840764,0,15,None,66,1,5,False,1000,1000
197,7,random,10,0.2491042993630573,0,15,None,66,1,5,False,1000,1000
198,8,random,10,0.2773686305732484,0,15,None,66,1,5,False,1000,1000
199,9,random,10,0.2948845541401274,0,15,None,66,1,5,False,1000,1000
200,5,random,10,0.4335191082802547,0,18,None,66,1,5,False,1000,1000
201,6,random,10,0.4848726114649681,0,18,None,66,1,5,False,1000,1000
202,7,random,10,0.4967157643312102,0,18,None,66,1,5,False,1000,1000
203,8,random,10,0.4968152866242038,0,18,None,66,1,5,False,1000,1000
204,9,random,10,0.4910429936305732,0,18,None,66,1,5,False,1000,1000
205,5,random,10,0.4613853503184713,0,5,None,66,1,5,False,1000,1000
206,6,random,10,0.4740246815286624,0,5,None,66,1,5,False,1000,1000
207,7,random,10,0.4790007961783439,0,5,None,66,1,5,False,1000,1000
208,8,random,10,0.4830812101910828,0,5,None,66,1,5,False,1000,1000
209,9,random,10,0.4858678343949044,0,5,None,66,1,5,False,1000,1000
210,5,random,10,0.3937101910828025,0,8,None,66,1,5,False,1000,1000
211,6,random,10,0.4205812101910828,0,8,None,66,1,5,False,1000,1000
212,7,random,10,0.42078025477707,0,8,None,66,1,5,False,1000,1000
213,8,random,10,0.411624203821656,0,8,None,66,1,5,False,1000,1000
214,9,random,10,0.4048566878980891,0,8,None,66,1,5,False,1000,1000
215,5,random,10,0.1006170382165605,0,10,None,66,1,5,False,1000,1000
216,6,random,10,0.201234076433121,0,10,None,66,1,5,False,1000,1000
217,7,random,10,0.2923964968152866,0,10,None,66,1,5,False,1000,1000
218,8,random,10,0.2902070063694267,0,10,None,66,1,5,False,1000,1000
219,9,random,10,0.2663216560509554,0,10,None,66,1,5,False,1000,1000
220,5,random,10,0.3963972929936306,0,20,None,66,1,5,False,1000,1000
221,6,random,10,0.4203821656050955,0,20,None,66,1,5,False,1000,1000
222,7,random,10,0.4082404458598726,0,20,None,66,1,5,False,1000,1000
223,8,random,10,0.4202826433121019,0,20,None,66,1,5,False,1000,1000
224,9,random,10,0.4277468152866242,0,20,None,66,1,5,False,1000,1000
225,5,random,10,0.2953821656050955,0,4,None,66,1,5,False,1000,1000
226,6,random,10,0.2201433121019108,0,4,None,66,1,5,False,1000,1000
227,7,random,10,0.1976512738853503,0,4,None,66,1,5,False,1000,1000
228,8,random,10,0.1982484076433121,0,4,None,66,1,5,False,1000,1000
229,9,random,10,0.198546974522293,0,4,None,66,1,5,False,1000,1000
230,5,random,10,0.3590764331210191,0,22,None,66,1,5,False,1000,1000
231,6,random,10,0.3438495222929936,0,22,None,66,1,5,False,1000,1000
232,7,random,10,0.3305135350318471,0,22,None,66,1,5,False,1000,1000
233,8,random,10,0.3361863057324841,0,22,None,66,1,5,False,1000,1000
234,9,random,10,0.3598726114649681,0,22,None,66,1,5,False,1000,1000
235,5,random,10,0.3146894904458598,0,23,None,66,1,5,False,1000,1000
236,6,random,10,0.3315087579617834,0,23,None,66,1,5,False,1000,1000
237,7,random,10,0.3843550955414013,0,23,None,66,1,5,False,1000,1000
238,8,random,10,0.4600915605095541,0,23,None,66,1,5,False,1000,1000
239,9,random,10,0.4678542993630573,0,23,None,66,1,5,False,1000,1000
240,5,random,10,0.28125,0,32,None,66,1,5,False,1000,1000
241,6,random,10,0.2880175159235669,0,32,None,66,1,5,False,1000,1000
242,7,random,10,0.2953821656050955,0,32,None,66,1,5,False,1000,1000
243,8,random,10,0.3067277070063694,0,32,None,66,1,5,False,1000,1000
244,9,random,10,0.3124004777070063,0,32,None,66,1,5,False,1000,1000
245,5,random,10,0.2805533439490446,0,25,None,66,1,5,False,1000,1000
246,6,random,10,0.2898089171974522,0,25,None,66,1,5,False,1000,1000
247,7,random,10,0.321656050955414,0,25,None,66,1,5,False,1000,1000
248,8,random,10,0.382265127388535,0,25,None,66,1,5,False,1000,1000
249,9,random,10,0.43640525477707,0,25,None,66,1,5,False,1000,1000
250,5,random,10,0.3076234076433121,0,14,None,66,1,5,False,1000,1000
251,6,random,10,0.274781050955414,0,14,None,66,1,5,False,1000,1000
252,7,random,10,0.2562699044585987,0,14,None,66,1,5,False,1000,1000
253,8,random,10,0.2514928343949044,0,14,None,66,1,5,False,1000,1000
254,9,random,10,0.2560708598726114,0,14,None,66,1,5,False,1000,1000
255,5,random,10,0.5366242038216561,0,13,None,66,1,5,False,1000,1000
256,6,random,10,0.5426950636942676,0,13,None,66,1,5,False,1000,1000
257,7,random,10,0.5456807324840764,0,13,None,66,1,5,False,1000,1000
258,8,random,10,0.542296974522293,0,13,None,66,1,5,False,1000,1000
259,9,random,10,0.5354299363057324,0,13,None,66,1,5,False,1000,1000
260,5,random,10,0.3102109872611465,0,12,None,66,1,5,False,1000,1000
261,6,random,10,0.3255374203821656,0,12,None,66,1,5,False,1000,1000
262,7,random,10,0.388734076433121,0,12,None,66,1,5,False,1000,1000
263,8,random,10,0.3885350318471338,0,12,None,66,1,5,False,1000,1000
264,9,random,10,0.4067476114649681,0,12,None,66,1,5,False,1000,1000
265,5,random,10,0.2991640127388535,0,19,None,66,1,5,False,1000,1000
266,6,random,10,0.2482085987261146,0,19,None,66,1,5,False,1000,1000
267,7,random,10,0.2409434713375796,0,19,None,66,1,5,False,1000,1000
268,8,random,10,0.2404458598726114,0,19,None,66,1,5,False,1000,1000
269,9,random,10,0.2346735668789809,0,19,None,66,1,5,False,1000,1000
270,5,random,10,0.3875398089171974,0,31,None,66,1,5,False,1000,1000
271,6,random,10,0.4624800955414013,0,31,None,66,1,5,False,1000,1000
272,7,random,10,0.528562898089172,0,31,None,66,1,5,False,1000,1000
273,8,random,10,0.5534434713375797,0,31,None,66,1,5,False,1000,1000
274,9,random,10,0.564390923566879,0,31,None,66,1,5,False,1000,1000
275,5,random,10,0.4165007961783439,0,28,None,66,1,5,False,1000,1000
276,6,random,10,0.4527269108280254,0,28,None,66,1,5,False,1000,1000
277,7,random,10,0.4625796178343949,0,28,None,66,1,5,False,1000,1000
278,8,random,10,0.4686504777070063,0,28,None,66,1,5,False,1000,1000
279,9,random,10,0.4710390127388535,0,28,None,66,1,5,False,1000,1000
280,5,random,10,0.0995222929936305,0,3,None,66,1,5,False,1000,1000
281,6,random,10,0.0995222929936305,0,3,None,66,1,5,False,1000,1000
282,7,random,10,0.2036226114649681,0,3,None,66,1,5,False,1000,1000
283,8,random,10,0.2547770700636942,0,3,None,66,1,5,False,1000,1000
284,9,random,10,0.2359673566878981,0,3,None,66,1,5,False,1000,1000
285,5,random,10,0.3347929936305732,0,30,None,66,1,5,False,1000,1000
286,6,random,10,0.400577229299363,0,30,None,66,1,5,False,1000,1000
287,7,random,10,0.4232683121019108,0,30,None,66,1,5,False,1000,1000
288,8,random,10,0.455812101910828,0,30,None,66,1,5,False,1000,1000
289,9,random,10,0.4873606687898089,0,30,None,66,1,5,False,1000,1000
290,5,random,10,0.1926751592356688,0,6,None,66,1,5,False,1000,1000
291,6,random,10,0.2555732484076433,0,6,None,66,1,5,False,1000,1000
292,7,random,10,0.3138933121019108,0,6,None,66,1,5,False,1000,1000
293,8,random,10,0.3443471337579618,0,6,None,66,1,5,False,1000,1000
294,9,random,10,0.3507165605095541,0,6,None,66,1,5,False,1000,1000
295,10,random,10,0.261843152866242,0,26,None,66,1,5,False,1000,1000
296,11,random,10,0.26453025477707,0,26,None,66,1,5,False,1000,1000
297,12,random,10,0.2607484076433121,0,26,None,66,1,5,False,1000,1000
298,13,random,10,0.2498009554140127,0,26,None,66,1,5,False,1000,1000
299,14,random,10,0.2314888535031847,0,26,None,66,1,5,False,1000,1000
300,5,random,10,0.338077229299363,0,9,None,66,1,5,False,1000,1000
301,6,random,10,0.3122014331210191,0,9,None,66,1,5,False,1000,1000
302,7,random,10,0.3040406050955414,0,9,None,66,1,5,False,1000,1000
303,8,random,10,0.3506170382165605,0,9,None,66,1,5,False,1000,1000
304,9,random,10,0.3973925159235669,0,9,None,66,1,5,False,1000,1000
305,5,random,10,0.0995222929936305,0,0,None,66,1,5,False,1000,1000
306,6,random,10,0.0995222929936305,0,0,None,66,1,5,False,1000,1000
307,7,random,10,0.0995222929936305,0,0,None,66,1,5,False,1000,1000
308,8,random,10,0.0995222929936305,0,0,None,66,1,5,False,1000,1000
309,9,random,10,0.0995222929936305,0,0,None,66,1,5,False,1000,1000
310,5,random,10,0.2093949044585987,0,29,None,66,1,5,False,1000,1000
311,6,random,10,0.2203423566878981,0,29,None,66,1,5,False,1000,1000
312,7,random,10,0.2641321656050955,0,29,None,66,1,5,False,1000,1000
313,8,random,10,0.3058320063694267,0,29,None,66,1,5,False,1000,1000
314,9,random,10,0.3542993630573248,0,29,None,66,1,5,False,1000,1000
315,5,random,10,0.4605891719745223,0,17,None,66,1,5,False,1000,1000
316,6,random,10,0.4738256369426751,0,17,None,66,1,5,False,1000,1000
317,7,random,10,0.470640923566879,0,17,None,66,1,5,False,1000,1000
318,8,random,10,0.4573049363057325,0,17,None,66,1,5,False,1000,1000
319,9,random,10,0.4556130573248407,0,17,None,66,1,5,False,1000,1000
320,5,random,10,0.3412619426751592,0,21,None,66,1,5,False,1000,1000
321,6,random,10,0.3444466560509554,0,21,None,66,1,5,False,1000,1000
322,7,random,10,0.3599721337579618,0,21,None,66,1,5,False,1000,1000
323,8,random,10,0.3687300955414013,0,21,None,66,1,5,False,1000,1000
324,9,random,10,0.3828622611464968,0,21,None,66,1,5,False,1000,1000
325,5,random,10,0.2469148089171974,0,24,None,66,1,5,False,1000,1000
326,6,random,10,0.2543789808917197,0,24,None,66,1,5,False,1000,1000
327,7,random,10,0.2601512738853503,0,24,None,66,1,5,False,1000,1000
328,8,random,10,0.2661226114649681,0,24,None,66,1,5,False,1000,1000
329,9,random,10,0.2713972929936306,0,24,None,66,1,5,False,1000,1000
330,5,random,10,0.3775875796178344,0,27,None,66,1,5,False,1000,1000
331,6,random,10,0.3854498407643312,0,27,None,66,1,5,False,1000,1000
332,7,random,10,0.3976910828025478,0,27,None,66,1,5,False,1000,1000
333,8,random,10,0.4103304140127388,0,27,None,66,1,5,False,1000,1000
334,9,random,10,0.4296377388535032,0,27,None,66,1,5,False,1000,1000
335,10,random,10,0.3837579617834395,0,22,None,66,1,5,False,1000,1000
336,11,random,10,0.4167993630573248,0,22,None,66,1,5,False,1000,1000
337,12,random,10,0.4747213375796178,0,22,None,66,1,5,False,1000,1000
338,13,random,10,0.5273686305732485,0,22,None,66,1,5,False,1000,1000
339,14,random,10,0.5459792993630573,0,22,None,66,1,5,False,1000,1000
340,10,random,10,0.2577627388535032,0,32,None,66,1,5,False,1000,1000
341,11,random,10,0.2601512738853503,0,32,None,66,1,5,False,1000,1000
342,12,random,10,0.2604498407643312,0,32,None,66,1,5,False,1000,1000
343,13,random,10,0.2557722929936306,0,32,None,66,1,5,False,1000,1000
344,14,random,10,0.2480095541401273,0,32,None,66,1,5,False,1000,1000
345,10,random,10,0.4575039808917197,0,16,None,66,1,5,False,1000,1000
346,11,random,10,0.4750199044585987,0,16,None,66,1,5,False,1000,1000
347,12,random,10,0.5379179936305732,0,16,None,66,1,5,False,1000,1000
348,13,random,10,0.5589171974522293,0,16,None,66,1,5,False,1000,1000
349,14,random,10,0.5633957006369427,0,16,None,66,1,5,False,1000,1000
350,10,random,10,0.384952229299363,0,14,None,66,1,5,False,1000,1000
351,11,random,10,0.4047571656050955,0,14,None,66,1,5,False,1000,1000
352,12,random,10,0.3977906050955414,0,14,None,66,1,5,False,1000,1000
353,13,random,10,0.3821656050955414,0,14,None,66,1,5,False,1000,1000
354,14,random,10,0.3999800955414013,0,14,None,66,1,5,False,1000,1000
355,10,random,10,0.4615843949044586,0,25,None,66,1,5,False,1000,1000
356,11,random,10,0.4696457006369426,0,25,None,66,1,5,False,1000,1000
357,12,random,10,0.4834792993630573,0,25,None,66,1,5,False,1000,1000
358,13,random,10,0.4915406050955414,0,25,None,66,1,5,False,1000,1000
359,14,random,10,0.5067675159235668,0,25,None,66,1,5,False,1000,1000
360,10,random,10,0.1879976114649681,0,10,None,66,1,5,False,1000,1000
361,11,random,10,0.1553542993630573,0,10,None,66,1,5,False,1000,1000
362,12,random,10,0.1027070063694267,0,10,None,66,1,5,False,1000,1000
363,13,random,10,0.0995222929936305,0,10,None,66,1,5,False,1000,1000
364,14,random,10,0.1014132165605095,0,10,None,66,1,5,False,1000,1000
365,10,random,10,0.4405851910828025,0,7,None,66,1,5,False,1000,1000
366,11,random,10,0.4421775477707006,0,7,None,66,1,5,False,1000,1000
367,12,random,10,0.4481488853503185,0,7,None,66,1,5,False,1000,1000
368,13,random,10,0.478702229299363,0,7,None,66,1,5,False,1000,1000
369,14,random,10,0.4988057324840764,0,7,None,66,1,5,False,1000,1000
370,10,random,10,0.3871417197452229,0,11,None,66,1,5,False,1000,1000
371,11,random,10,0.3357882165605095,0,11,None,66,1,5,False,1000,1000
372,12,random,10,0.3097133757961783,0,11,None,66,1,5,False,1000,1000
373,13,random,10,0.2992635350318471,0,11,None,66,1,5,False,1000,1000
374,14,random,10,0.3002587579617834,0,11,None,66,1,5,False,1000,1000
375,10,random,10,0.2846337579617834,0,15,None,66,1,5,False,1000,1000
376,11,random,10,0.2967754777070063,0,15,None,66,1,5,False,1000,1000
377,12,random,10,0.3076234076433121,0,15,None,66,1,5,False,1000,1000
378,13,random,10,0.3130971337579618,0,15,None,66,1,5,False,1000,1000
379,14,random,10,0.3174761146496815,0,15,None,66,1,5,False,1000,1000
380,10,random,10,0.4499402866242038,0,12,None,66,1,5,False,1000,1000
381,11,random,10,0.5020899681528662,0,12,None,66,1,5,False,1000,1000
382,12,random,10,0.5084593949044586,0,12,None,66,1,5,False,1000,1000
383,13,random,10,0.5127388535031847,0,12,None,66,1,5,False,1000,1000
384,14,random,10,0.5213972929936306,0,12,None,66,1,5,False,1000,1000
385,10,random,10,0.2257165605095541,0,20,None,66,1,5,False,1000,1000
386,11,random,10,0.2502985668789809,0,20,None,66,1,5,False,1000,1000
387,12,random,10,0.2624402866242038,0,20,None,66,1,5,False,1000,1000
388,13,random,10,0.2797571656050955,0,20,None,66,1,5,False,1000,1000
389,14,random,10,0.3045382165605095,0,20,None,66,1,5,False,1000,1000
390,10,random,10,0.4661624203821656,0,17,None,66,1,5,False,1000,1000
391,11,random,10,0.5073646496815286,0,17,None,66,1,5,False,1000,1000
392,12,random,10,0.5719546178343949,0,17,None,66,1,5,False,1000,1000
393,13,random,10,0.6081807324840764,0,17,None,66,1,5,False,1000,1000
394,14,random,10,0.6217157643312102,0,17,None,66,1,5,False,1000,1000
395,10,random,10,0.4904458598726114,0,5,None,66,1,5,False,1000,1000
396,11,random,10,0.4974124203821656,0,5,None,66,1,5,False,1000,1000
397,12,random,10,0.5038813694267515,0,5,None,66,1,5,False,1000,1000
398,13,random,10,0.5092555732484076,0,5,None,66,1,5,False,1000,1000
399,14,random,10,0.5203025477707006,0,5,None,66,1,5,False,1000,1000
400,10,random,10,0.3590764331210191,0,4,None,66,1,5,False,1000,1000
401,11,random,10,0.3154856687898089,0,4,None,66,1,5,False,1000,1000
402,12,random,10,0.2355692675159235,0,4,None,66,1,5,False,1000,1000
403,13,random,10,0.2044187898089172,0,4,None,66,1,5,False,1000,1000
404,14,random,10,0.2013335987261146,0,4,None,66,1,5,False,1000,1000
405,10,random,10,0.5539410828025477,0,9,None,66,1,5,False,1000,1000
406,11,random,10,0.5329418789808917,0,9,None,66,1,5,False,1000,1000
407,12,random,10,0.4949243630573248,0,9,None,66,1,5,False,1000,1000
408,13,random,10,0.5035828025477707,0,9,None,66,1,5,False,1000,1000
409,14,random,10,0.5282643312101911,0,9,None,66,1,5,False,1000,1000
410,10,random,10,0.4545183121019108,0,8,None,66,1,5,False,1000,1000
411,11,random,10,0.5042794585987261,0,8,None,66,1,5,False,1000,1000
412,12,random,10,0.5371218152866242,0,8,None,66,1,5,False,1000,1000
413,13,random,10,0.5333399681528662,0,8,None,66,1,5,False,1000,1000
414,14,random,10,0.5340366242038217,0,8,None,66,1,5,False,1000,1000
415,10,random,10,0.538515127388535,0,13,None,66,1,5,False,1000,1000
416,11,random,10,0.5279657643312102,0,13,None,66,1,5,False,1000,1000
417,12,random,10,0.5134355095541401,0,13,None,66,1,5,False,1000,1000
418,13,random,10,0.4999004777070063,0,13,None,66,1,5,False,1000,1000
419,14,random,10,0.4871616242038216,0,13,None,66,1,5,False,1000,1000
420,10,random,10,0.4465565286624204,0,23,None,66,1,5,False,1000,1000
421,11,random,10,0.4561106687898089,0,23,None,66,1,5,False,1000,1000
422,12,random,10,0.4860668789808917,0,23,None,66,1,5,False,1000,1000
423,13,random,10,0.5250796178343949,0,23,None,66,1,5,False,1000,1000
424,14,random,10,0.5426950636942676,0,23,None,66,1,5,False,1000,1000
425,10,random,10,0.0995222929936305,0,28,None,66,1,5,False,1000,1000
426,11,random,10,0.0995222929936305,0,28,None,66,1,5,False,1000,1000
427,12,random,10,0.1292794585987261,0,28,None,66,1,5,False,1000,1000
428,13,random,10,0.1988455414012739,0,28,None,66,1,5,False,1000,1000
429,14,random,10,0.1944665605095541,0,28,None,66,1,5,False,1000,1000
430,10,random,10,0.4821855095541401,0,29,None,66,1,5,False,1000,1000
431,11,random,10,0.5621019108280255,0,29,None,66,1,5,False,1000,1000
432,12,random,10,0.5960390127388535,0,29,None,66,1,5,False,1000,1000
433,13,random,10,0.5927547770700637,0,29,None,66,1,5,False,1000,1000
434,14,random,10,0.5760350318471338,0,29,None,66,1,5,False,1000,1000
435,10,random,10,0.351015127388535,0,19,None,66,1,5,False,1000,1000
436,11,random,10,0.3588773885350318,0,19,None,66,1,5,False,1000,1000
437,12,random,10,0.3622611464968153,0,19,None,66,1,5,False,1000,1000
438,13,random,10,0.3747014331210191,0,19,None,66,1,5,False,1000,1000
439,14,random,10,0.3877388535031847,0,19,None,66,1,5,False,1000,1000
440,10,random,10,0.3703224522292994,0,21,None,66,1,5,False,1000,1000
441,11,random,10,0.3711186305732484,0,21,None,66,1,5,False,1000,1000
442,12,random,10,0.3909235668789809,0,21,None,66,1,5,False,1000,1000
443,13,random,10,0.4208797770700637,0,21,None,66,1,5,False,1000,1000
444,14,random,10,0.4448646496815286,0,21,None,66,1,5,False,1000,1000
445,10,random,10,0.487858280254777,0,6,None,66,1,5,False,1000,1000
446,11,random,10,0.4979100318471338,0,6,None,66,1,5,False,1000,1000
447,12,random,10,0.5007961783439491,0,6,None,66,1,5,False,1000,1000
448,13,random,10,0.5003980891719745,0,6,None,66,1,5,False,1000,1000
449,14,random,10,0.487858280254777,0,6,None,66,1,5,False,1000,1000
450,10,random,10,0.4804936305732484,0,30,None,66,1,5,False,1000,1000
451,11,random,10,0.5105493630573248,0,30,None,66,1,5,False,1000,1000
452,12,random,10,0.5271695859872612,0,30,None,66,1,5,False,1000,1000
453,13,random,10,0.541202229299363,0,30,None,66,1,5,False,1000,1000
454,14,random,10,0.5630971337579618,0,30,None,66,1,5,False,1000,1000
455,10,random,10,0.3818670382165605,0,24,None,66,1,5,False,1000,1000
456,11,random,10,0.4386942675159235,0,24,None,66,1,5,False,1000,1000
457,12,random,10,0.4216759554140127,0,24,None,66,1,5,False,1000,1000
458,13,random,10,0.372014331210191,0,24,None,66,1,5,False,1000,1000
459,14,random,10,0.3596735668789809,0,24,None,66,1,5,False,1000,1000
460,10,random,10,0.5640923566878981,0,18,None,66,1,5,False,1000,1000
461,11,random,10,0.5682722929936306,0,18,None,66,1,5,False,1000,1000
462,12,random,10,0.5789211783439491,0,18,None,66,1,5,False,1000,1000
463,13,random,10,0.5868829617834395,0,18,None,66,1,5,False,1000,1000
464,14,random,10,0.5949442675159236,0,18,None,66,1,5,False,1000,1000
465,10,random,10,0.5688694267515924,0,31,None,66,1,5,False,1000,1000
466,11,random,10,0.5813097133757962,0,31,None,66,1,5,False,1000,1000
467,12,random,10,0.5927547770700637,0,31,None,66,1,5,False,1000,1000
468,13,random,10,0.6032046178343949,0,31,None,66,1,5,False,1000,1000
469,14,random,10,0.6136544585987261,0,31,None,66,1,5,False,1000,1000
470,10,random,10,0.6009156050955414,0,27,None,66,1,5,False,1000,1000
471,11,random,10,0.6098726114649682,0,27,None,66,1,5,False,1000,1000
472,12,random,10,0.6110668789808917,0,27,None,66,1,5,False,1000,1000
473,13,random,10,0.6107683121019108,0,27,None,66,1,5,False,1000,1000
474,14,random,10,0.6111664012738853,0,27,None,66,1,5,False,1000,1000
475,10,random,10,0.3496218152866242,0,1,None,66,1,5,False,1000,1000
476,11,random,10,0.3157842356687898,0,1,None,66,1,5,False,1000,1000
477,12,random,10,0.284733280254777,0,1,None,66,1,5,False,1000,1000
478,13,random,10,0.2586584394904458,0,1,None,66,1,5,False,1000,1000
479,14,random,10,0.2377587579617834,0,1,None,66,1,5,False,1000,1000
480,10,random,10,0.4693471337579618,0,2,None,66,1,5,False,1000,1000
481,11,random,10,0.4740246815286624,0,2,None,66,1,5,False,1000,1000
482,12,random,10,0.4849721337579618,0,2,None,66,1,5,False,1000,1000
483,13,random,10,0.5059713375796179,0,2,None,66,1,5,False,1000,1000
484,14,random,10,0.5291600318471338,0,2,None,66,1,5,False,1000,1000
485,10,random,10,0.2441281847133758,0,3,None,66,1,5,False,1000,1000
486,11,random,10,0.3065286624203822,0,3,None,66,1,5,False,1000,1000
487,12,random,10,0.3320063694267516,0,3,None,66,1,5,False,1000,1000
488,13,random,10,0.3323049363057325,0,3,None,66,1,5,False,1000,1000
489,14,random,10,0.3627587579617834,0,3,None,66,1,5,False,1000,1000
490,10,random,10,0.1926751592356688,0,0,None,66,1,5,False,1000,1000
491,11,random,10,0.1986464968152866,0,0,None,66,1,5,False,1000,1000
492,12,random,10,0.1990445859872611,0,0,None,66,1,5,False,1000,1000
493,13,random,10,0.1990445859872611,0,0,None,66,1,5,False,1000,1000
494,14,random,10,0.1991441082802547,0,0,None,66,1,5,False,1000,1000
990,15,random,10,0.5373208598726115,0,5,None,66,1,5,False,1000,1000
991,16,random,10,0.5588176751592356,0,5,None,66,1,5,False,1000,1000
992,17,random,10,0.5746417197452229,0,5,None,66,1,5,False,1000,1000
993,18,random,10,0.5858877388535032,0,5,None,66,1,5,False,1000,1000
994,19,random,10,0.595640923566879,0,5,None,66,1,5,False,1000,1000
995,15,random,10,0.4772093949044586,0,13,None,66,1,5,False,1000,1000
996,16,random,10,0.4601910828025478,0,13,None,66,1,5,False,1000,1000
997,17,random,10,0.4445660828025478,0,13,None,66,1,5,False,1000,1000
998,18,random,10,0.432921974522293,0,13,None,66,1,5,False,1000,1000
999,19,random,10,0.4378980891719745,0,13,None,66,1,5,False,1000,1000
1000,15,random,10,0.2841361464968153,0,15,None,66,1,5,False,1000,1000
1001,16,random,10,0.2900079617834395,0,15,None,66,1,5,False,1000,1000
1002,17,random,10,0.2953821656050955,0,15,None,66,1,5,False,1000,1000
1003,18,random,10,0.2971735668789809,0,15,None,66,1,5,False,1000,1000
1004,19,random,10,0.299562101910828,0,15,None,66,1,5,False,1000,1000
1005,15,random,10,0.2458200636942675,0,10,None,66,1,5,False,1000,1000
1006,16,random,10,0.2630374203821656,0,10,None,66,1,5,False,1000,1000
1007,17,random,10,0.26453025477707,0,10,None,66,1,5,False,1000,1000
1008,18,random,10,0.2593550955414013,0,10,None,66,1,5,False,1000,1000
1009,19,random,10,0.2548765923566879,0,10,None,66,1,5,False,1000,1000
1010,15,random,10,0.5734474522292994,0,16,None,66,1,5,False,1000,1000
1011,16,random,10,0.5879777070063694,0,16,None,66,1,5,False,1000,1000
1012,17,random,10,0.6003184713375797,0,16,None,66,1,5,False,1000,1000
1013,18,random,10,0.6106687898089171,0,16,None,66,1,5,False,1000,1000
1014,19,random,10,0.620421974522293,0,16,None,66,1,5,False,1000,1000
1015,15,random,10,0.5165207006369427,0,11,None,66,1,5,False,1000,1000
1016,16,random,10,0.4895501592356688,0,11,None,66,1,5,False,1000,1000
1017,17,random,10,0.4974124203821656,0,11,None,66,1,5,False,1000,1000
1018,18,random,10,0.5206011146496815,0,11,None,66,1,5,False,1000,1000
1019,19,random,10,0.5416003184713376,0,11,None,66,1,5,False,1000,1000
1020,15,random,10,0.3394705414012738,0,20,None,66,1,5,False,1000,1000
1021,16,random,10,0.3874402866242038,0,20,None,66,1,5,False,1000,1000
1022,17,random,10,0.3902269108280254,0,20,None,66,1,5,False,1000,1000
1023,18,random,10,0.4069466560509554,0,20,None,66,1,5,False,1000,1000
1024,19,random,10,0.4274482484076433,0,20,None,66,1,5,False,1000,1000
1025,15,random,10,0.5638933121019108,0,14,None,66,1,5,False,1000,1000
1026,16,random,10,0.5751393312101911,0,14,None,66,1,5,False,1000,1000
1027,17,random,10,0.5797173566878981,0,14,None,66,1,5,False,1000,1000
1028,18,random,10,0.5826035031847133,0,14,None,66,1,5,False,1000,1000
1029,19,random,10,0.5836982484076433,0,14,None,66,1,5,False,1000,1000
1030,15,random,10,0.5480692675159236,0,22,None,66,1,5,False,1000,1000
1031,16,random,10,0.5576234076433121,0,22,None,66,1,5,False,1000,1000
1032,17,random,10,0.5676751592356688,0,22,None,66,1,5,False,1000,1000
1033,18,random,10,0.5790207006369427,0,22,None,66,1,5,False,1000,1000
1034,19,random,10,0.5904657643312102,0,22,None,66,1,5,False,1000,1000
1035,15,random,10,0.5292595541401274,0,23,None,66,1,5,False,1000,1000
1036,16,random,10,0.544187898089172,0,23,None,66,1,5,False,1000,1000
1037,17,random,10,0.556827229299363,0,23,None,66,1,5,False,1000,1000
1038,18,random,10,0.5624004777070064,0,23,None,66,1,5,False,1000,1000
1039,19,random,10,0.5698646496815286,0,23,None,66,1,5,False,1000,1000
1040,15,random,10,0.6265923566878981,0,17,None,66,1,5,False,1000,1000
1041,16,random,10,0.6296775477707006,0,17,None,66,1,5,False,1000,1000
1042,17,random,10,0.6282842356687898,0,17,None,66,1,5,False,1000,1000
1043,18,random,10,0.628781847133758,0,17,None,66,1,5,False,1000,1000
1044,19,random,10,0.6299761146496815,0,17,None,66,1,5,False,1000,1000
1045,15,random,10,0.4848726114649681,0,24,None,66,1,5,False,1000,1000
1046,16,random,10,0.4328224522292994,0,24,None,66,1,5,False,1000,1000
1047,17,random,10,0.4204816878980891,0,24,None,66,1,5,False,1000,1000
1048,18,random,10,0.4864649681528662,0,24,None,66,1,5,False,1000,1000
1049,19,random,10,0.5250796178343949,0,24,None,66,1,5,False,1000,1000
1050,15,random,10,0.5463773885350318,0,25,None,66,1,5,False,1000,1000
1051,16,random,10,0.5659832802547771,0,25,None,66,1,5,False,1000,1000
1052,17,random,10,0.5798168789808917,0,25,None,66,1,5,False,1000,1000
1053,18,random,10,0.5879777070063694,0,25,None,66,1,5,False,1000,1000
1054,19,random,10,0.5969347133757962,0,25,None,66,1,5,False,1000,1000
1055,15,random,10,0.5977308917197452,0,12,None,66,1,5,False,1000,1000
1056,16,random,10,0.5912619426751592,0,12,None,66,1,5,False,1000,1000
1057,17,random,10,0.5951433121019108,0,12,None,66,1,5,False,1000,1000
1058,18,random,10,0.5991242038216561,0,12,None,66,1,5,False,1000,1000
1059,19,random,10,0.6050955414012739,0,12,None,66,1,5,False,1000,1000
1060,15,random,10,0.515625,0,6,None,66,1,5,False,1000,1000
1061,16,random,10,0.4856687898089172,0,6,None,66,1,5,False,1000,1000
1062,17,random,10,0.4372014331210191,0,6,None,66,1,5,False,1000,1000
1063,18,random,10,0.3920183121019108,0,6,None,66,1,5,False,1000,1000
1064,19,random,10,0.3486265923566879,0,6,None,66,1,5,False,1000,1000
1065,15,random,10,0.4500398089171974,0,26,None,66,1,5,False,1000,1000
1066,16,random,10,0.3651472929936306,0,26,None,66,1,5,False,1000,1000
1067,17,random,10,0.3429538216560509,0,26,None,66,1,5,False,1000,1000
1068,18,random,10,0.3453423566878981,0,26,None,66,1,5,False,1000,1000
1069,19,random,10,0.3541998407643312,0,26,None,66,1,5,False,1000,1000
1070,15,random,10,0.6302746815286624,0,27,None,66,1,5,False,1000,1000
1071,16,random,10,0.6335589171974523,0,27,None,66,1,5,False,1000,1000
1072,17,random,10,0.6351512738853503,0,27,None,66,1,5,False,1000,1000
1073,18,random,10,0.6378383757961783,0,27,None,66,1,5,False,1000,1000
1074,19,random,10,0.6407245222929936,0,27,None,66,1,5,False,1000,1000
1075,15,random,10,0.6145501592356688,0,30,None,66,1,5,False,1000,1000
1076,16,random,10,0.6123606687898089,0,30,None,66,1,5,False,1000,1000
1077,17,random,10,0.6126592356687898,0,30,None,66,1,5,False,1000,1000
1078,18,random,10,0.6140525477707006,0,30,None,66,1,5,False,1000,1000
1079,19,random,10,0.6169386942675159,0,30,None,66,1,5,False,1000,1000
1080,15,random,10,0.2000398089171974,0,28,None,66,1,5,False,1000,1000
1081,16,random,10,0.2419386942675159,0,28,None,66,1,5,False,1000,1000
1082,17,random,10,0.2900079617834395,0,28,None,66,1,5,False,1000,1000
1083,18,random,10,0.3241441082802547,0,28,None,66,1,5,False,1000,1000
1084,19,random,10,0.3373805732484076,0,28,None,66,1,5,False,1000,1000
1085,15,random,10,0.5630971337579618,0,9,None,66,1,5,False,1000,1000
1086,16,random,10,0.5638933121019108,0,9,None,66,1,5,False,1000,1000
1087,17,random,10,0.5705613057324841,0,9,None,66,1,5,False,1000,1000
1088,18,random,10,0.5787221337579618,0,9,None,66,1,5,False,1000,1000
1089,19,random,10,0.5890724522292994,0,9,None,66,1,5,False,1000,1000
1090,15,random,10,0.2364649681528662,0,0,None,66,1,5,False,1000,1000
1091,16,random,10,0.284733280254777,0,0,None,66,1,5,False,1000,1000
1092,17,random,10,0.3149880573248407,0,0,None,66,1,5,False,1000,1000
1093,18,random,10,0.3429538216560509,0,0,None,66,1,5,False,1000,1000
1094,19,random,10,0.3541998407643312,0,0,None,66,1,5,False,1000,1000
1095,15,random,10,0.6097730891719745,0,29,None,66,1,5,False,1000,1000
1096,16,random,10,0.5868829617834395,0,29,None,66,1,5,False,1000,1000
1097,17,random,10,0.5807125796178344,0,29,None,66,1,5,False,1000,1000
1098,18,random,10,0.580812101910828,0,29,None,66,1,5,False,1000,1000
1099,19,random,10,0.5831011146496815,0,29,None,66,1,5,False,1000,1000
1100,15,random,10,0.4463574840764331,0,4,None,66,1,5,False,1000,1000
1101,16,random,10,0.4367038216560509,0,4,None,66,1,5,False,1000,1000
1102,17,random,10,0.4527269108280254,0,4,None,66,1,5,False,1000,1000
1103,18,random,10,0.4754179936305732,0,4,None,66,1,5,False,1000,1000
1104,19,random,10,0.5008957006369427,0,4,None,66,1,5,False,1000,1000
1105,15,random,10,0.241640127388535,0,32,None,66,1,5,False,1000,1000
1106,16,random,10,0.2303941082802547,0,32,None,66,1,5,False,1000,1000
1107,17,random,10,0.2226313694267516,0,32,None,66,1,5,False,1000,1000
1108,18,random,10,0.2156648089171974,0,32,None,66,1,5,False,1000,1000
1109,19,random,10,0.2098925159235669,0,32,None,66,1,5,False,1000,1000
1110,15,random,10,0.5378184713375797,0,7,None,66,1,5,False,1000,1000
1111,16,random,10,0.5444864649681529,0,7,None,66,1,5,False,1000,1000
1112,17,random,10,0.5528463375796179,0,7,None,66,1,5,False,1000,1000
1113,18,random,10,0.5621019108280255,0,7,None,66,1,5,False,1000,1000
1114,19,random,10,0.5687699044585988,0,7,None,66,1,5,False,1000,1000
1115,15,random,10,0.2570660828025478,0,1,None,66,1,5,False,1000,1000
1116,16,random,10,0.2235270700636942,0,1,None,66,1,5,False,1000,1000
1117,17,random,10,0.1638136942675159,0,1,None,66,1,5,False,1000,1000
1118,18,random,10,0.1450039808917197,0,1,None,66,1,5,False,1000,1000
1119,19,random,10,0.1598328025477707,0,1,None,66,1,5,False,1000,1000
1120,15,random,10,0.5417993630573248,0,2,None,66,1,5,False,1000,1000
1121,16,random,10,0.5467754777070064,0,2,None,66,1,5,False,1000,1000
1122,17,random,10,0.5471735668789809,0,2,None,66,1,5,False,1000,1000
1123,18,random,10,0.5486664012738853,0,2,None,66,1,5,False,1000,1000
1124,19,random,10,0.5507563694267515,0,2,None,66,1,5,False,1000,1000
1125,15,random,10,0.6194267515923567,0,31,None,66,1,5,False,1000,1000
1126,16,random,10,0.6296775477707006,0,31,None,66,1,5,False,1000,1000
1127,17,random,10,0.6381369426751592,0,31,None,66,1,5,False,1000,1000
1128,18,random,10,0.6463972929936306,0,31,None,66,1,5,False,1000,1000
1129,19,random,10,0.6555533439490446,0,31,None,66,1,5,False,1000,1000
1130,15,random,10,0.3518113057324841,0,3,None,66,1,5,False,1000,1000
1131,16,random,10,0.3542993630573248,0,3,None,66,1,5,False,1000,1000
1132,17,random,10,0.4086385350318471,0,3,None,66,1,5,False,1000,1000
1133,18,random,10,0.3991839171974522,0,3,None,66,1,5,False,1000,1000
1134,19,random,10,0.370421974522293,0,3,None,66,1,5,False,1000,1000
1135,15,random,10,0.6265923566878981,0,18,None,66,1,5,False,1000,1000
1136,16,random,10,0.6336584394904459,0,18,None,66,1,5,False,1000,1000
1137,17,random,10,0.6400278662420382,0,18,None,66,1,5,False,1000,1000
1138,18,random,10,0.6458996815286624,0,18,None,66,1,5,False,1000,1000
1139,19,random,10,0.6526671974522293,0,18,None,66,1,5,False,1000,1000
1140,15,random,10,0.5584195859872612,0,8,None,66,1,5,False,1000,1000
1141,16,random,10,0.5609076433121019,0,8,None,66,1,5,False,1000,1000
1142,17,random,10,0.5648885350318471,0,8,None,66,1,5,False,1000,1000
1143,18,random,10,0.5700636942675159,0,8,None,66,1,5,False,1000,1000
1144,19,random,10,0.57703025477707,0,8,None,66,1,5,False,1000,1000
1145,15,random,10,0.3787818471337579,0,19,None,66,1,5,False,1000,1000
1146,16,random,10,0.377687101910828,0,19,None,66,1,5,False,1000,1000
1147,17,random,10,0.3922173566878981,0,19,None,66,1,5,False,1000,1000
1148,18,random,10,0.4085390127388535,0,19,None,66,1,5,False,1000,1000
1149,19,random,10,0.4262539808917197,0,19,None,66,1,5,False,1000,1000
1150,15,random,10,0.4015724522292994,0,21,None,66,1,5,False,1000,1000
1151,16,random,10,0.4215764331210191,0,21,None,66,1,5,False,1000,1000
1152,17,random,10,0.440187101910828,0,21,None,66,1,5,False,1000,1000
1153,18,random,10,0.4585987261146497,0,21,None,66,1,5,False,1000,1000
1154,19,random,10,0.4768113057324841,0,21,None,66,1,5,False,1000,1000
1155,20,random,10,0.6261942675159236,0,30,None,66,1,5,False,1000,1000
1156,21,random,10,0.6255971337579618,0,30,None,66,1,5,False,1000,1000
1157,22,random,10,0.6259952229299363,0,30,None,66,1,5,False,1000,1000
1158,23,random,10,0.6269904458598726,0,30,None,66,1,5,False,1000,1000
1159,24,random,10,0.6292794585987261,0,30,None,66,1,5,False,1000,1000
1160,20,random,10,0.6041003184713376,0,25,None,66,1,5,False,1000,1000
1161,21,random,10,0.6080812101910829,0,25,None,66,1,5,False,1000,1000
1162,22,random,10,0.6138535031847133,0,25,None,66,1,5,False,1000,1000
1163,23,random,10,0.6178343949044586,0,25,None,66,1,5,False,1000,1000
1164,24,random,10,0.6216162420382165,0,25,None,66,1,5,False,1000,1000
1165,20,random,10,0.5755374203821656,0,14,None,66,1,5,False,1000,1000
1166,21,random,10,0.5780254777070064,0,14,None,66,1,5,False,1000,1000
1167,22,random,10,0.5799164012738853,0,14,None,66,1,5,False,1000,1000
1168,23,random,10,0.5824044585987261,0,14,None,66,1,5,False,1000,1000
1169,24,random,10,0.5851910828025477,0,14,None,66,1,5,False,1000,1000
1170,20,random,10,0.3655453821656051,0,26,None,66,1,5,False,1000,1000
1171,21,random,10,0.3559912420382166,0,26,None,66,1,5,False,1000,1000
1172,22,random,10,0.3596735668789809,0,26,None,66,1,5,False,1000,1000
1173,23,random,10,0.3700238853503185,0,26,None,66,1,5,False,1000,1000
1174,24,random,10,0.3851512738853503,0,26,None,66,1,5,False,1000,1000
1175,20,random,10,0.5365246815286624,0,11,None,66,1,5,False,1000,1000
1176,21,random,10,0.493531050955414,0,11,None,66,1,5,False,1000,1000
1177,22,random,10,0.4518312101910828,0,11,None,66,1,5,False,1000,1000
1178,23,random,10,0.4408837579617834,0,11,None,66,1,5,False,1000,1000
1179,24,random,10,0.4465565286624204,0,11,None,66,1,5,False,1000,1000
1180,20,random,10,0.4679538216560509,0,12,None,66,1,5,False,1000,1000
1181,21,random,10,0.4216759554140127,0,12,None,66,1,5,False,1000,1000
1182,22,random,10,0.383359872611465,0,12,None,66,1,5,False,1000,1000
1183,23,random,10,0.3559912420382166,0,12,None,66,1,5,False,1000,1000
1184,24,random,10,0.3389729299363057,0,12,None,66,1,5,False,1000,1000
1185,20,random,10,0.265625,0,15,None,66,1,5,False,1000,1000
1186,21,random,10,0.2699044585987261,0,15,None,66,1,5,False,1000,1000
1187,22,random,10,0.2730891719745223,0,15,None,66,1,5,False,1000,1000
1188,23,random,10,0.2741839171974522,0,15,None,66,1,5,False,1000,1000
1189,24,random,10,0.274781050955414,0,15,None,66,1,5,False,1000,1000
1190,20,random,10,0.3780851910828025,0,1,None,66,1,5,False,1000,1000
1191,21,random,10,0.4052547770700637,0,1,None,66,1,5,False,1000,1000
1192,22,random,10,0.294984076433121,0,1,None,66,1,5,False,1000,1000
1193,23,random,10,0.2337778662420382,0,1,None,66,1,5,False,1000,1000
1194,24,random,10,0.2286027070063694,0,1,None,66,1,5,False,1000,1000
1195,20,random,10,0.554140127388535,0,9,None,66,1,5,False,1000,1000
1196,21,random,10,0.4161027070063694,0,9,None,66,1,5,False,1000,1000
1197,22,random,10,0.3752985668789809,0,9,None,66,1,5,False,1000,1000
1198,23,random,10,0.3741042993630573,0,9,None,66,1,5,False,1000,1000
1199,24,random,10,0.3819665605095541,0,9,None,66,1,5,False,1000,1000
1200,20,random,10,0.3462380573248407,0,13,None,66,1,5,False,1000,1000
1201,21,random,10,0.3542993630573248,0,13,None,66,1,5,False,1000,1000
1202,22,random,10,0.3579816878980891,0,13,None,66,1,5,False,1000,1000
1203,23,random,10,0.3558917197452229,0,13,None,66,1,5,False,1000,1000
1204,24,random,10,0.3596735668789809,0,13,None,66,1,5,False,1000,1000
1205,20,random,10,0.353702229299363,0,28,None,66,1,5,False,1000,1000
1206,21,random,10,0.3672372611464968,0,28,None,66,1,5,False,1000,1000
1207,22,random,10,0.3367834394904458,0,28,None,66,1,5,False,1000,1000
1208,23,random,10,0.2854299363057325,0,28,None,66,1,5,False,1000,1000
1209,24,random,10,0.2619426751592357,0,28,None,66,1,5,False,1000,1000
1210,20,random,10,0.3312101910828025,0,29,None,66,1,5,False,1000,1000
1211,21,random,10,0.3309116242038216,0,29,None,66,1,5,False,1000,1000
1212,22,random,10,0.3370820063694267,0,29,None,66,1,5,False,1000,1000
1213,23,random,10,0.3564888535031847,0,29,None,66,1,5,False,1000,1000
1214,24,random,10,0.3752985668789809,0,29,None,66,1,5,False,1000,1000
1215,20,random,10,0.6241042993630573,0,16,None,66,1,5,False,1000,1000
1216,21,random,10,0.6335589171974523,0,16,None,66,1,5,False,1000,1000
1217,22,random,10,0.63953025477707,0,16,None,66,1,5,False,1000,1000
1218,23,random,10,0.6471934713375797,0,16,None,66,1,5,False,1000,1000
1219,24,random,10,0.6529657643312102,0,16,None,66,1,5,False,1000,1000
1220,20,random,10,0.5788216560509554,0,7,None,66,1,5,False,1000,1000
1221,21,random,10,0.5416998407643312,0,7,None,66,1,5,False,1000,1000
1222,22,random,10,0.5040804140127388,0,7,None,66,1,5,False,1000,1000
1223,23,random,10,0.4837778662420382,0,7,None,66,1,5,False,1000,1000
1224,24,random,10,0.4682523885350318,0,7,None,66,1,5,False,1000,1000
1225,20,random,10,0.1789410828025477,0,4,None,66,1,5,False,1000,1000
1226,21,random,10,0.2308917197452229,0,4,None,66,1,5,False,1000,1000
1227,22,random,10,0.2625398089171974,0,4,None,66,1,5,False,1000,1000
1228,23,random,10,0.2725915605095541,0,4,None,66,1,5,False,1000,1000
1229,24,random,10,0.263734076433121,0,4,None,66,1,5,False,1000,1000
1230,20,random,10,0.269108280254777,0,10,None,66,1,5,False,1000,1000
1231,21,random,10,0.2630374203821656,0,10,None,66,1,5,False,1000,1000
1232,22,random,10,0.2581608280254777,0,10,None,66,1,5,False,1000,1000
1233,23,random,10,0.2506966560509554,0,10,None,66,1,5,False,1000,1000
1234,24,random,10,0.2385549363057325,0,10,None,66,1,5,False,1000,1000
1235,20,random,10,0.4608877388535032,0,20,None,66,1,5,False,1000,1000
1236,21,random,10,0.4784036624203822,0,20,None,66,1,5,False,1000,1000
1237,22,random,10,0.5094546178343949,0,20,None,66,1,5,False,1000,1000
1238,23,random,10,0.5262738853503185,0,20,None,66,1,5,False,1000,1000
1239,24,random,10,0.5364251592356688,0,20,None,66,1,5,False,1000,1000
1240,20,random,10,0.5701632165605095,0,22,None,66,1,5,False,1000,1000
1241,21,random,10,0.5757364649681529,0,22,None,66,1,5,False,1000,1000
1242,22,random,10,0.5830015923566879,0,22,None,66,1,5,False,1000,1000
1243,23,random,10,0.5940485668789809,0,22,None,66,1,5,False,1000,1000
1244,24,random,10,0.603702229299363,0,22,None,66,1,5,False,1000,1000
1245,20,random,10,0.3094148089171974,0,23,None,66,1,5,False,1000,1000
1246,21,random,10,0.275577229299363,0,23,None,66,1,5,False,1000,1000
1247,22,random,10,0.2361664012738853,0,23,None,66,1,5,False,1000,1000
1248,23,random,10,0.2202428343949044,0,23,None,66,1,5,False,1000,1000
1249,24,random,10,0.2295979299363057,0,23,None,66,1,5,False,1000,1000
1250,20,random,10,0.2152667197452229,0,32,None,66,1,5,False,1000,1000
1251,21,random,10,0.2528861464968153,0,32,None,66,1,5,False,1000,1000
1252,22,random,10,0.2708001592356688,0,32,None,66,1,5,False,1000,1000
1253,23,random,10,0.2714968152866242,0,32,None,66,1,5,False,1000,1000
1254,24,random,10,0.2727906050955414,0,32,None,66,1,5,False,1000,1000
1255,20,random,10,0.6321656050955414,0,17,None,66,1,5,False,1000,1000
1256,21,random,10,0.6342555732484076,0,17,None,66,1,5,False,1000,1000
1257,22,random,10,0.6377388535031847,0,17,None,66,1,5,False,1000,1000
1258,23,random,10,0.6427149681528662,0,17,None,66,1,5,False,1000,1000
1259,24,random,10,0.6472929936305732,0,17,None,66,1,5,False,1000,1000
1260,20,random,10,0.5547372611464968,0,24,None,66,1,5,False,1000,1000
1261,21,random,10,0.5290605095541401,0,24,None,66,1,5,False,1000,1000
1262,22,random,10,0.4948248407643312,0,24,None,66,1,5,False,1000,1000
1263,23,random,10,0.4982085987261146,0,24,None,66,1,5,False,1000,1000
1264,24,random,10,0.5208001592356688,0,24,None,66,1,5,False,1000,1000
1265,20,random,10,0.5403065286624203,0,2,None,66,1,5,False,1000,1000
1266,21,random,10,0.5351313694267515,0,2,None,66,1,5,False,1000,1000
1267,22,random,10,0.5342356687898089,0,2,None,66,1,5,False,1000,1000
1268,23,random,10,0.5335390127388535,0,2,None,66,1,5,False,1000,1000
1269,24,random,10,0.5318471337579618,0,2,None,66,1,5,False,1000,1000
1270,20,random,10,0.3280254777070063,0,3,None,66,1,5,False,1000,1000
1271,21,random,10,0.293889331210191,0,3,None,66,1,5,False,1000,1000
1272,22,random,10,0.3342953821656051,0,3,None,66,1,5,False,1000,1000
1273,23,random,10,0.353702229299363,0,3,None,66,1,5,False,1000,1000
1274,24,random,10,0.3103105095541401,0,3,None,66,1,5,False,1000,1000
1275,20,random,10,0.3241441082802547,0,5,None,66,1,5,False,1000,1000
1276,21,random,10,0.3286226114649681,0,5,None,66,1,5,False,1000,1000
1277,22,random,10,0.331608280254777,0,5,None,66,1,5,False,1000,1000
1278,23,random,10,0.3417595541401274,0,5,None,66,1,5,False,1000,1000
1279,24,random,10,0.3674363057324841,0,5,None,66,1,5,False,1000,1000
1280,20,random,10,0.3698248407643312,0,0,None,66,1,5,False,1000,1000
1281,21,random,10,0.3540007961783439,0,0,None,66,1,5,False,1000,1000
1282,22,random,10,0.3900278662420382,0,0,None,66,1,5,False,1000,1000
1283,23,random,10,0.401671974522293,0,0,None,66,1,5,False,1000,1000
1284,24,random,10,0.3782842356687898,0,0,None,66,1,5,False,1000,1000
1285,20,random,10,0.575437898089172,0,6,None,66,1,5,False,1000,1000
1286,21,random,10,0.519406847133758,0,6,None,66,1,5,False,1000,1000
1287,22,random,10,0.4999004777070063,0,6,None,66,1,5,False,1000,1000
1288,23,random,10,0.5009952229299363,0,6,None,66,1,5,False,1000,1000
1289,24,random,10,0.5107484076433121,0,6,None,66,1,5,False,1000,1000
1290,20,random,10,0.395999203821656,0,19,None,66,1,5,False,1000,1000
1291,21,random,10,0.3916202229299363,0,19,None,66,1,5,False,1000,1000
1292,22,random,10,0.4147093949044586,0,19,None,66,1,5,False,1000,1000
1293,23,random,10,0.4375995222929936,0,19,None,66,1,5,False,1000,1000
1294,24,random,10,0.4601910828025478,0,19,None,66,1,5,False,1000,1000
1295,20,random,10,0.3824641719745223,0,21,None,66,1,5,False,1000,1000
1296,21,random,10,0.3722133757961783,0,21,None,66,1,5,False,1000,1000
1297,22,random,10,0.3922173566878981,0,21,None,66,1,5,False,1000,1000
1298,23,random,10,0.4169984076433121,0,21,None,66,1,5,False,1000,1000
1299,24,random,10,0.4348128980891719,0,21,None,66,1,5,False,1000,1000
1300,20,random,10,0.57703025477707,0,8,None,66,1,5,False,1000,1000
1301,21,random,10,0.5490644904458599,0,8,None,66,1,5,False,1000,1000
1302,22,random,10,0.535828025477707,0,8,None,66,1,5,False,1000,1000
1303,23,random,10,0.5291600318471338,0,8,None,66,1,5,False,1000,1000
1304,24,random,10,0.5306528662420382,0,8,None,66,1,5,False,1000,1000
1305,20,random,10,0.5562300955414012,0,18,None,66,1,5,False,1000,1000
1306,21,random,10,0.5551353503184714,0,18,None,66,1,5,False,1000,1000
1307,22,random,10,0.560609076433121,0,18,None,66,1,5,False,1000,1000
1308,23,random,10,0.5668789808917197,0,18,None,66,1,5,False,1000,1000
1309,24,random,10,0.5757364649681529,0,18,None,66,1,5,False,1000,1000
1310,20,random,10,0.6232085987261147,0,27,None,66,1,5,False,1000,1000
1311,21,random,10,0.6038017515923567,0,27,None,66,1,5,False,1000,1000
1312,22,random,10,0.5917595541401274,0,27,None,66,1,5,False,1000,1000
1313,23,random,10,0.5895700636942676,0,27,None,66,1,5,False,1000,1000
1314,24,random,10,0.5912619426751592,0,27,None,66,1,5,False,1000,1000
1315,20,random,10,0.5729498407643312,0,31,None,66,1,5,False,1000,1000
1316,21,random,10,0.5625995222929936,0,31,None,66,1,5,False,1000,1000
1317,22,random,10,0.568172770700637,0,31,None,66,1,5,False,1000,1000
1318,23,random,10,0.5789211783439491,0,31,None,66,1,5,False,1000,1000
1319,24,random,10,0.589968152866242,0,31,None,66,1,5,False,1000,1000
1485,25,random,10,0.541202229299363,0,17,None,66,1,5,False,1000,1000
1486,26,random,10,0.5493630573248408,0,17,None,66,1,5,False,1000,1000
1487,27,random,10,0.5638933121019108,0,17,None,66,1,5,False,1000,1000
1488,28,random,10,0.5746417197452229,0,17,None,66,1,5,False,1000,1000
1489,29,random,10,0.5861863057324841,0,17,None,66,1,5,False,1000,1000
1490,25,random,10,0.5553343949044586,0,22,None,66,1,5,False,1000,1000
1491,26,random,10,0.5629976114649682,0,22,None,66,1,5,False,1000,1000
1492,27,random,10,0.5719546178343949,0,22,None,66,1,5,False,1000,1000
1493,28,random,10,0.5802149681528662,0,22,None,66,1,5,False,1000,1000
1494,29,random,10,0.5919585987261147,0,22,None,66,1,5,False,1000,1000
1495,25,random,10,0.4072452229299363,0,26,None,66,1,5,False,1000,1000
1496,26,random,10,0.3713176751592357,0,26,None,66,1,5,False,1000,1000
1497,27,random,10,0.3621616242038216,0,26,None,66,1,5,False,1000,1000
1498,28,random,10,0.360171178343949,0,26,None,66,1,5,False,1000,1000
1499,29,random,10,0.3615644904458598,0,26,None,66,1,5,False,1000,1000
1500,25,random,10,0.6523686305732485,0,16,None,66,1,5,False,1000,1000
1501,26,random,10,0.6570461783439491,0,16,None,66,1,5,False,1000,1000
1502,27,random,10,0.6613256369426752,0,16,None,66,1,5,False,1000,1000
1503,28,random,10,0.664609872611465,0,16,None,66,1,5,False,1000,1000
1504,29,random,10,0.6688893312101911,0,16,None,66,1,5,False,1000,1000
1505,25,random,10,0.2651273885350318,0,10,None,66,1,5,False,1000,1000
1506,26,random,10,0.2568670382165605,0,10,None,66,1,5,False,1000,1000
1507,27,random,10,0.2438296178343949,0,10,None,66,1,5,False,1000,1000
1508,28,random,10,0.2309912420382165,0,10,None,66,1,5,False,1000,1000
1509,29,random,10,0.2201433121019108,0,10,None,66,1,5,False,1000,1000
1510,25,random,10,0.2769705414012738,0,11,None,66,1,5,False,1000,1000
1511,26,random,10,0.2425358280254777,0,11,None,66,1,5,False,1000,1000
1512,27,random,10,0.2197452229299363,0,11,None,66,1,5,False,1000,1000
1513,28,random,10,0.2042197452229299,0,11,None,66,1,5,False,1000,1000
1514,29,random,10,0.1943670382165605,0,11,None,66,1,5,False,1000,1000
1515,25,random,10,0.272890127388535,0,15,None,66,1,5,False,1000,1000
1516,26,random,10,0.2712977707006369,0,15,None,66,1,5,False,1000,1000
1517,27,random,10,0.2686106687898089,0,15,None,66,1,5,False,1000,1000
1518,28,random,10,0.2655254777070063,0,15,None,66,1,5,False,1000,1000
1519,29,random,10,0.2627388535031847,0,15,None,66,1,5,False,1000,1000
1520,25,random,10,0.5333399681528662,0,20,None,66,1,5,False,1000,1000
1521,26,random,10,0.5355294585987261,0,20,None,66,1,5,False,1000,1000
1522,27,random,10,0.5402070063694268,0,20,None,66,1,5,False,1000,1000
1523,28,random,10,0.5475716560509554,0,20,None,66,1,5,False,1000,1000
1524,29,random,10,0.5516520700636943,0,20,None,66,1,5,False,1000,1000
1525,25,random,10,0.2658240445859872,0,1,None,66,1,5,False,1000,1000
1526,26,random,10,0.2807523885350318,0,1,None,66,1,5,False,1000,1000
1527,27,random,10,0.2998606687898089,0,1,None,66,1,5,False,1000,1000
1528,28,random,10,0.3180732484076433,0,1,None,66,1,5,False,1000,1000
1529,29,random,10,0.3416600318471338,0,1,None,66,1,5,False,1000,1000
1530,25,random,10,0.3581807324840764,0,2,None,66,1,5,False,1000,1000
1531,26,random,10,0.3460390127388535,0,2,None,66,1,5,False,1000,1000
1532,27,random,10,0.349124203821656,0,2,None,66,1,5,False,1000,1000
1533,28,random,10,0.3649482484076433,0,2,None,66,1,5,False,1000,1000
1534,29,random,10,0.3866441082802547,0,2,None,66,1,5,False,1000,1000
1535,25,random,10,0.3626592356687898,0,5,None,66,1,5,False,1000,1000
1536,26,random,10,0.3449442675159235,0,5,None,66,1,5,False,1000,1000
1537,27,random,10,0.3404657643312102,0,5,None,66,1,5,False,1000,1000
1538,28,random,10,0.3259355095541401,0,5,None,66,1,5,False,1000,1000
1539,29,random,10,0.3939092356687898,0,5,None,66,1,5,False,1000,1000
1540,25,random,10,0.571656050955414,0,6,None,66,1,5,False,1000,1000
1541,26,random,10,0.5646894904458599,0,6,None,66,1,5,False,1000,1000
1542,27,random,10,0.5720541401273885,0,6,None,66,1,5,False,1000,1000
1543,28,random,10,0.5731488853503185,0,6,None,66,1,5,False,1000,1000
1544,29,random,10,0.5763335987261147,0,6,None,66,1,5,False,1000,1000
1545,25,random,10,0.3713176751592357,0,12,None,66,1,5,False,1000,1000
1546,26,random,10,0.3414609872611465,0,12,None,66,1,5,False,1000,1000
1547,27,random,10,0.3509156050955414,0,12,None,66,1,5,False,1000,1000
1548,28,random,10,0.3385748407643312,0,12,None,66,1,5,False,1000,1000
1549,29,random,10,0.3250398089171974,0,12,None,66,1,5,False,1000,1000
1550,25,random,10,0.3448447452229299,0,13,None,66,1,5,False,1000,1000
1551,26,random,10,0.3405652866242038,0,13,None,66,1,5,False,1000,1000
1552,27,random,10,0.3369824840764331,0,13,None,66,1,5,False,1000,1000
1553,28,random,10,0.3329020700636942,0,13,None,66,1,5,False,1000,1000
1554,29,random,10,0.3264331210191082,0,13,None,66,1,5,False,1000,1000
1555,25,random,10,0.5563296178343949,0,14,None,66,1,5,False,1000,1000
1556,26,random,10,0.5615047770700637,0,14,None,66,1,5,False,1000,1000
1557,27,random,10,0.5666799363057324,0,14,None,66,1,5,False,1000,1000
1558,28,random,10,0.571656050955414,0,14,None,66,1,5,False,1000,1000
1559,29,random,10,0.573546974522293,0,14,None,66,1,5,False,1000,1000
1560,25,random,10,0.4101313694267516,0,25,None,66,1,5,False,1000,1000
1561,26,random,10,0.3938097133757962,0,25,None,66,1,5,False,1000,1000
1562,27,random,10,0.3892316878980891,0,25,None,66,1,5,False,1000,1000
1563,28,random,10,0.40625,0,25,None,66,1,5,False,1000,1000
1564,29,random,10,0.4685509554140127,0,25,None,66,1,5,False,1000,1000
1565,25,random,10,0.5960390127388535,0,24,None,66,1,5,False,1000,1000
1566,26,random,10,0.5977308917197452,0,24,None,66,1,5,False,1000,1000
1567,27,random,10,0.6031050955414012,0,24,None,66,1,5,False,1000,1000
1568,28,random,10,0.613953025477707,0,24,None,66,1,5,False,1000,1000
1569,29,random,10,0.6198248407643312,0,24,None,66,1,5,False,1000,1000
1570,25,random,10,0.6069864649681529,0,30,None,66,1,5,False,1000,1000
1571,26,random,10,0.6034036624203821,0,30,None,66,1,5,False,1000,1000
1572,27,random,10,0.6018113057324841,0,30,None,66,1,5,False,1000,1000
1573,28,random,10,0.602109872611465,0,30,None,66,1,5,False,1000,1000
1574,29,random,10,0.6032046178343949,0,30,None,66,1,5,False,1000,1000
1575,25,random,10,0.2738853503184713,0,28,None,66,1,5,False,1000,1000
1576,26,random,10,0.2953821656050955,0,28,None,66,1,5,False,1000,1000
1577,27,random,10,0.3377786624203822,0,28,None,66,1,5,False,1000,1000
1578,28,random,10,0.3605692675159235,0,28,None,66,1,5,False,1000,1000
1579,29,random,10,0.4131170382165605,0,28,None,66,1,5,False,1000,1000
1580,25,random,10,0.395999203821656,0,3,None,66,1,5,False,1000,1000
1581,26,random,10,0.3779856687898089,0,3,None,66,1,5,False,1000,1000
1582,27,random,10,0.3811703821656051,0,3,None,66,1,5,False,1000,1000
1583,28,random,10,0.392515923566879,0,3,None,66,1,5,False,1000,1000
1584,29,random,10,0.4091361464968153,0,3,None,66,1,5,False,1000,1000
1585,25,random,10,0.5148288216560509,0,29,None,66,1,5,False,1000,1000
1586,26,random,10,0.4443670382165605,0,29,None,66,1,5,False,1000,1000
1587,27,random,10,0.4152070063694267,0,29,None,66,1,5,False,1000,1000
1588,28,random,10,0.4050557324840764,0,29,None,66,1,5,False,1000,1000
1589,29,random,10,0.4068471337579618,0,29,None,66,1,5,False,1000,1000
1590,25,random,10,0.4090366242038216,0,9,None,66,1,5,False,1000,1000
1591,26,random,10,0.3946058917197452,0,9,None,66,1,5,False,1000,1000
1592,27,random,10,0.4015724522292994,0,9,None,66,1,5,False,1000,1000
1593,28,random,10,0.4355095541401274,0,9,None,66,1,5,False,1000,1000
1594,29,random,10,0.4776074840764331,0,9,None,66,1,5,False,1000,1000
1595,25,random,10,0.3752985668789809,0,8,None,66,1,5,False,1000,1000
1596,26,random,10,0.3236464968152866,0,8,None,66,1,5,False,1000,1000
1597,27,random,10,0.3111066878980891,0,8,None,66,1,5,False,1000,1000
1598,28,random,10,0.3335987261146497,0,8,None,66,1,5,False,1000,1000
1599,29,random,10,0.3883359872611465,0,8,None,66,1,5,False,1000,1000
1600,25,random,10,0.556827229299363,0,19,None,66,1,5,False,1000,1000
1601,26,random,10,0.5677746815286624,0,19,None,66,1,5,False,1000,1000
1602,27,random,10,0.5739450636942676,0,19,None,66,1,5,False,1000,1000
1603,28,random,10,0.5814092356687898,0,19,None,66,1,5,False,1000,1000
1604,29,random,10,0.5876791401273885,0,19,None,66,1,5,False,1000,1000
1605,25,random,10,0.336484872611465,0,21,None,66,1,5,False,1000,1000
1606,26,random,10,0.3703224522292994,0,21,None,66,1,5,False,1000,1000
1607,27,random,10,0.3721138535031847,0,21,None,66,1,5,False,1000,1000
1608,28,random,10,0.3912221337579618,0,21,None,66,1,5,False,1000,1000
1609,29,random,10,0.4066480891719745,0,21,None,66,1,5,False,1000,1000
1610,25,random,10,0.5782245222929936,0,18,None,66,1,5,False,1000,1000
1611,26,random,10,0.5854896496815286,0,18,None,66,1,5,False,1000,1000
1612,27,random,10,0.5888734076433121,0,18,None,66,1,5,False,1000,1000
1613,28,random,10,0.5958399681528662,0,18,None,66,1,5,False,1000,1000
1614,29,random,10,0.6011146496815286,0,18,None,66,1,5,False,1000,1000
1615,25,random,10,0.5705613057324841,0,27,None,66,1,5,False,1000,1000
1616,26,random,10,0.568968949044586,0,27,None,66,1,5,False,1000,1000
1617,27,random,10,0.5695660828025477,0,27,None,66,1,5,False,1000,1000
1618,28,random,10,0.5709593949044586,0,27,None,66,1,5,False,1000,1000
1619,29,random,10,0.5765326433121019,0,27,None,66,1,5,False,1000,1000
1620,25,random,10,0.554140127388535,0,31,None,66,1,5,False,1000,1000
1621,26,random,10,0.5558320063694268,0,31,None,66,1,5,False,1000,1000
1622,27,random,10,0.5622014331210191,0,31,None,66,1,5,False,1000,1000
1623,28,random,10,0.5723527070063694,0,31,None,66,1,5,False,1000,1000
1624,29,random,10,0.5816082802547771,0,31,None,66,1,5,False,1000,1000
1625,25,random,10,0.306031050955414,0,23,None,66,1,5,False,1000,1000
1626,26,random,10,0.3809713375796178,0,23,None,66,1,5,False,1000,1000
1627,27,random,10,0.3934116242038216,0,23,None,66,1,5,False,1000,1000
1628,28,random,10,0.4056528662420382,0,23,None,66,1,5,False,1000,1000
1629,29,random,10,0.4171974522292994,0,23,None,66,1,5,False,1000,1000
1630,25,random,10,0.3455414012738853,0,0,None,66,1,5,False,1000,1000
1631,26,random,10,0.2966759554140127,0,0,None,66,1,5,False,1000,1000
1632,27,random,10,0.3144904458598726,0,0,None,66,1,5,False,1000,1000
1633,28,random,10,0.3287221337579618,0,0,None,66,1,5,False,1000,1000
1634,29,random,10,0.3201632165605095,0,0,None,66,1,5,False,1000,1000
1635,25,random,10,0.2991640127388535,0,7,None,66,1,5,False,1000,1000
1636,26,random,10,0.3006568471337579,0,7,None,66,1,5,False,1000,1000
1637,27,random,10,0.2996616242038216,0,7,None,66,1,5,False,1000,1000
1638,28,random,10,0.3093152866242038,0,7,None,66,1,5,False,1000,1000
1639,29,random,10,0.34375,0,7,None,66,1,5,False,1000,1000
1640,25,random,10,0.5236863057324841,0,4,None,66,1,5,False,1000,1000
1641,26,random,10,0.4450636942675159,0,4,None,66,1,5,False,1000,1000
1642,27,random,10,0.4349124203821656,0,4,None,66,1,5,False,1000,1000
1643,28,random,10,0.4524283439490446,0,4,None,66,1,5,False,1000,1000
1644,29,random,10,0.4758160828025478,0,4,None,66,1,5,False,1000,1000
1645,25,random,10,0.2859275477707006,0,32,None,66,1,5,False,1000,1000
1646,26,random,10,0.3016520700636942,0,32,None,66,1,5,False,1000,1000
1647,27,random,10,0.3204617834394904,0,32,None,66,1,5,False,1000,1000
1648,28,random,10,0.3389729299363057,0,32,None,66,1,5,False,1000,1000
1649,29,random,10,0.3662420382165605,0,32,None,66,1,5,False,1000,1000
1980,30,random,10,0.2587579617834395,0,15,None,66,1,5,False,1000,1000
1981,31,random,10,0.255374203821656,0,15,None,66,1,5,False,1000,1000
1982,32,random,10,0.2535828025477707,0,15,None,66,1,5,False,1000,1000
1983,33,random,10,0.2549761146496815,0,15,None,66,1,5,False,1000,1000
1984,34,random,10,0.2620421974522293,0,15,None,66,1,5,False,1000,1000
1985,30,random,10,0.2491042993630573,0,10,None,66,1,5,False,1000,1000
1986,31,random,10,0.2402468152866242,0,10,None,66,1,5,False,1000,1000
1987,32,random,10,0.2405453821656051,0,10,None,66,1,5,False,1000,1000
1988,33,random,10,0.2565684713375796,0,10,None,66,1,5,False,1000,1000
1989,34,random,10,0.2765724522292994,0,10,None,66,1,5,False,1000,1000
1990,30,random,10,0.6668988853503185,0,16,None,66,1,5,False,1000,1000
1991,31,random,10,0.6714769108280255,0,16,None,66,1,5,False,1000,1000
1992,32,random,10,0.6749601910828026,0,16,None,66,1,5,False,1000,1000
1993,33,random,10,0.6803343949044586,0,16,None,66,1,5,False,1000,1000
1994,34,random,10,0.682921974522293,0,16,None,66,1,5,False,1000,1000
1995,30,random,10,0.2265127388535031,0,11,None,66,1,5,False,1000,1000
1996,31,random,10,0.2095939490445859,0,11,None,66,1,5,False,1000,1000
1997,32,random,10,0.1998407643312102,0,11,None,66,1,5,False,1000,1000
1998,33,random,10,0.1944665605095541,0,11,None,66,1,5,False,1000,1000
1999,34,random,10,0.1924761146496815,0,11,None,66,1,5,False,1000,1000
2000,30,random,10,0.550656847133758,0,20,None,66,1,5,False,1000,1000
2001,31,random,10,0.5558320063694268,0,20,None,66,1,5,False,1000,1000
2002,32,random,10,0.5600119426751592,0,20,None,66,1,5,False,1000,1000
2003,33,random,10,0.5617038216560509,0,20,None,66,1,5,False,1000,1000
2004,34,random,10,0.565187101910828,0,20,None,66,1,5,False,1000,1000
2005,30,random,10,0.5784235668789809,0,19,None,66,1,5,False,1000,1000
2006,31,random,10,0.5876791401273885,0,19,None,66,1,5,False,1000,1000
2007,32,random,10,0.5935509554140127,0,19,None,66,1,5,False,1000,1000
2008,33,random,10,0.5989251592356688,0,19,None,66,1,5,False,1000,1000
2009,34,random,10,0.6043988853503185,0,19,None,66,1,5,False,1000,1000
2010,30,random,10,0.6170382165605095,0,17,None,66,1,5,False,1000,1000
2011,31,random,10,0.6230095541401274,0,17,None,66,1,5,False,1000,1000
2012,32,random,10,0.6280851910828026,0,17,None,66,1,5,False,1000,1000
2013,33,random,10,0.6318670382165605,0,17,None,66,1,5,False,1000,1000
2014,34,random,10,0.6382364649681529,0,17,None,66,1,5,False,1000,1000
2015,30,random,10,0.5580214968152867,0,25,None,66,1,5,False,1000,1000
2016,31,random,10,0.5636942675159236,0,25,None,66,1,5,False,1000,1000
2017,32,random,10,0.5701632165605095,0,25,None,66,1,5,False,1000,1000
2018,33,random,10,0.5766321656050956,0,25,None,66,1,5,False,1000,1000
2019,34,random,10,0.5822054140127388,0,25,None,66,1,5,False,1000,1000
2020,30,random,10,0.3995820063694267,0,26,None,66,1,5,False,1000,1000
2021,31,random,10,0.3846536624203822,0,26,None,66,1,5,False,1000,1000
2022,32,random,10,0.3352906050955414,0,26,None,66,1,5,False,1000,1000
2023,33,random,10,0.3590764331210191,0,26,None,66,1,5,False,1000,1000
2024,34,random,10,0.3707205414012738,0,26,None,66,1,5,False,1000,1000
2025,30,random,10,0.3863455414012738,0,12,None,66,1,5,False,1000,1000
2026,31,random,10,0.337281050955414,0,12,None,66,1,5,False,1000,1000
2027,32,random,10,0.3163813694267516,0,12,None,66,1,5,False,1000,1000
2028,33,random,10,0.3202627388535032,0,12,None,66,1,5,False,1000,1000
2029,34,random,10,0.3829617834394904,0,12,None,66,1,5,False,1000,1000
2030,30,random,10,0.585390127388535,0,24,None,66,1,5,False,1000,1000
2031,31,random,10,0.5898686305732485,0,24,None,66,1,5,False,1000,1000
2032,32,random,10,0.6003184713375797,0,24,None,66,1,5,False,1000,1000
2033,33,random,10,0.6100716560509554,0,24,None,66,1,5,False,1000,1000
2034,34,random,10,0.6194267515923567,0,24,None,66,1,5,False,1000,1000
2035,30,random,10,0.5875796178343949,0,30,None,66,1,5,False,1000,1000
2036,31,random,10,0.5832006369426752,0,30,None,66,1,5,False,1000,1000
2037,32,random,10,0.5813097133757962,0,30,None,66,1,5,False,1000,1000
2038,33,random,10,0.5791202229299363,0,30,None,66,1,5,False,1000,1000
2039,34,random,10,0.5791202229299363,0,30,None,66,1,5,False,1000,1000
2040,30,random,10,0.5235867834394905,0,31,None,66,1,5,False,1000,1000
2041,31,random,10,0.5079617834394905,0,31,None,66,1,5,False,1000,1000
2042,32,random,10,0.5210987261146497,0,31,None,66,1,5,False,1000,1000
2043,33,random,10,0.5330414012738853,0,31,None,66,1,5,False,1000,1000
2044,34,random,10,0.5425955414012739,0,31,None,66,1,5,False,1000,1000
2045,30,random,10,0.6034036624203821,0,18,None,66,1,5,False,1000,1000
2046,31,random,10,0.6067874203821656,0,18,None,66,1,5,False,1000,1000
2047,32,random,10,0.6122611464968153,0,18,None,66,1,5,False,1000,1000
2048,33,random,10,0.6174363057324841,0,18,None,66,1,5,False,1000,1000
2049,34,random,10,0.6233081210191083,0,18,None,66,1,5,False,1000,1000
2050,30,random,10,0.4268511146496815,0,32,None,66,1,5,False,1000,1000
2051,31,random,10,0.4533240445859872,0,32,None,66,1,5,False,1000,1000
2052,32,random,10,0.4691480891719745,0,32,None,66,1,5,False,1000,1000
2053,33,random,10,0.4762141719745223,0,32,None,66,1,5,False,1000,1000
2054,34,random,10,0.482484076433121,0,32,None,66,1,5,False,1000,1000
2055,30,random,10,0.4637738853503185,0,7,None,66,1,5,False,1000,1000
2056,31,random,10,0.4367038216560509,0,7,None,66,1,5,False,1000,1000
2057,32,random,10,0.4217754777070063,0,7,None,66,1,5,False,1000,1000
2058,33,random,10,0.418093152866242,0,7,None,66,1,5,False,1000,1000
2059,34,random,10,0.4204816878980891,0,7,None,66,1,5,False,1000,1000
2060,30,random,10,0.5705613057324841,0,22,None,66,1,5,False,1000,1000
2061,31,random,10,0.57921974522293,0,22,None,66,1,5,False,1000,1000
2062,32,random,10,0.5877786624203821,0,22,None,66,1,5,False,1000,1000
2063,33,random,10,0.5961385350318471,0,22,None,66,1,5,False,1000,1000
2064,34,random,10,0.6061902866242038,0,22,None,66,1,5,False,1000,1000
2065,30,random,10,0.5510549363057324,0,14,None,66,1,5,False,1000,1000
2066,31,random,10,0.558718152866242,0,14,None,66,1,5,False,1000,1000
2067,32,random,10,0.5609076433121019,0,14,None,66,1,5,False,1000,1000
2068,33,random,10,0.5647890127388535,0,14,None,66,1,5,False,1000,1000
2069,34,random,10,0.5684713375796179,0,14,None,66,1,5,False,1000,1000
2070,30,random,10,0.3055334394904458,0,1,None,66,1,5,False,1000,1000
2071,31,random,10,0.3120023885350318,0,1,None,66,1,5,False,1000,1000
2072,32,random,10,0.3228503184713376,0,1,None,66,1,5,False,1000,1000
2073,33,random,10,0.3752985668789809,0,1,None,66,1,5,False,1000,1000
2074,34,random,10,0.4166003184713376,0,1,None,66,1,5,False,1000,1000
2075,30,random,10,0.3045382165605095,0,2,None,66,1,5,False,1000,1000
2076,31,random,10,0.3001592356687898,0,2,None,66,1,5,False,1000,1000
2077,32,random,10,0.3069267515923566,0,2,None,66,1,5,False,1000,1000
2078,33,random,10,0.3194665605095541,0,2,None,66,1,5,False,1000,1000
2079,34,random,10,0.3448447452229299,0,2,None,66,1,5,False,1000,1000
2080,30,random,10,0.3318073248407643,0,8,None,66,1,5,False,1000,1000
2081,31,random,10,0.292296974522293,0,8,None,66,1,5,False,1000,1000
2082,32,random,10,0.2940883757961783,0,8,None,66,1,5,False,1000,1000
2083,33,random,10,0.3164808917197452,0,8,None,66,1,5,False,1000,1000
2084,34,random,10,0.3349920382165605,0,8,None,66,1,5,False,1000,1000
2085,30,random,10,0.487062101910828,0,9,None,66,1,5,False,1000,1000
2086,31,random,10,0.5144307324840764,0,9,None,66,1,5,False,1000,1000
2087,32,random,10,0.5308519108280255,0,9,None,66,1,5,False,1000,1000
2088,33,random,10,0.538515127388535,0,9,None,66,1,5,False,1000,1000
2089,34,random,10,0.5445859872611465,0,9,None,66,1,5,False,1000,1000
2090,30,random,10,0.331608280254777,0,13,None,66,1,5,False,1000,1000
2091,31,random,10,0.3302149681528662,0,13,None,66,1,5,False,1000,1000
2092,32,random,10,0.3311106687898089,0,13,None,66,1,5,False,1000,1000
2093,33,random,10,0.3361863057324841,0,13,None,66,1,5,False,1000,1000
2094,34,random,10,0.3449442675159235,0,13,None,66,1,5,False,1000,1000
2095,30,random,10,0.3057324840764331,0,21,None,66,1,5,False,1000,1000
2096,31,random,10,0.3282245222929936,0,21,None,66,1,5,False,1000,1000
2097,32,random,10,0.3733081210191082,0,21,None,66,1,5,False,1000,1000
2098,33,random,10,0.3922173566878981,0,21,None,66,1,5,False,1000,1000
2099,34,random,10,0.4090366242038216,0,21,None,66,1,5,False,1000,1000
2100,30,random,10,0.5463773885350318,0,27,None,66,1,5,False,1000,1000
2101,31,random,10,0.5561305732484076,0,27,None,66,1,5,False,1000,1000
2102,32,random,10,0.5613057324840764,0,27,None,66,1,5,False,1000,1000
2103,33,random,10,0.5627985668789809,0,27,None,66,1,5,False,1000,1000
2104,34,random,10,0.5639928343949044,0,27,None,66,1,5,False,1000,1000
2105,30,random,10,0.3560907643312102,0,28,None,66,1,5,False,1000,1000
2106,31,random,10,0.4314291401273885,0,28,None,66,1,5,False,1000,1000
2107,32,random,10,0.4677547770700637,0,28,None,66,1,5,False,1000,1000
2108,33,random,10,0.4951234076433121,0,28,None,66,1,5,False,1000,1000
2109,34,random,10,0.4918391719745223,0,28,None,66,1,5,False,1000,1000
2110,30,random,10,0.4900477707006369,0,29,None,66,1,5,False,1000,1000
2111,31,random,10,0.4991042993630573,0,29,None,66,1,5,False,1000,1000
2112,32,random,10,0.5050756369426752,0,29,None,66,1,5,False,1000,1000
2113,33,random,10,0.5124402866242038,0,29,None,66,1,5,False,1000,1000
2114,34,random,10,0.5198049363057324,0,29,None,66,1,5,False,1000,1000
2115,30,random,10,0.2712977707006369,0,23,None,66,1,5,False,1000,1000
2116,31,random,10,0.3000597133757962,0,23,None,66,1,5,False,1000,1000
2117,32,random,10,0.383359872611465,0,23,None,66,1,5,False,1000,1000
2118,33,random,10,0.3993829617834395,0,23,None,66,1,5,False,1000,1000
2119,34,random,10,0.4090366242038216,0,23,None,66,1,5,False,1000,1000
2120,30,random,10,0.5482683121019108,0,4,None,66,1,5,False,1000,1000
2121,31,random,10,0.5459792993630573,0,4,None,66,1,5,False,1000,1000
2122,32,random,10,0.555234872611465,0,4,None,66,1,5,False,1000,1000
2123,33,random,10,0.5630971337579618,0,4,None,66,1,5,False,1000,1000
2124,34,random,10,0.5678742038216561,0,4,None,66,1,5,False,1000,1000
2125,30,random,10,0.4308320063694267,0,0,None,66,1,5,False,1000,1000
2126,31,random,10,0.4044585987261146,0,0,None,66,1,5,False,1000,1000
2127,32,random,10,0.4093351910828025,0,0,None,66,1,5,False,1000,1000
2128,33,random,10,0.4469546178343949,0,0,None,66,1,5,False,1000,1000
2129,34,random,10,0.4242635350318471,0,0,None,66,1,5,False,1000,1000
2130,30,random,10,0.3796775477707006,0,5,None,66,1,5,False,1000,1000
2131,31,random,10,0.348328025477707,0,5,None,66,1,5,False,1000,1000
2132,32,random,10,0.3246417197452229,0,5,None,66,1,5,False,1000,1000
2133,33,random,10,0.3374800955414013,0,5,None,66,1,5,False,1000,1000
2134,34,random,10,0.3977906050955414,0,5,None,66,1,5,False,1000,1000
2135,30,random,10,0.414609872611465,0,3,None,66,1,5,False,1000,1000
2136,31,random,10,0.4044585987261146,0,3,None,66,1,5,False,1000,1000
2137,32,random,10,0.4209792993630573,0,3,None,66,1,5,False,1000,1000
2138,33,random,10,0.4435708598726114,0,3,None,66,1,5,False,1000,1000
2139,34,random,10,0.4710390127388535,0,3,None,66,1,5,False,1000,1000
2140,30,random,10,0.5588176751592356,0,6,None,66,1,5,False,1000,1000
2141,31,random,10,0.5400079617834395,0,6,None,66,1,5,False,1000,1000
2142,32,random,10,0.5424960191082803,0,6,None,66,1,5,False,1000,1000
2143,33,random,10,0.5439888535031847,0,6,None,66,1,5,False,1000,1000
2144,34,random,10,0.5455812101910829,0,6,None,66,1,5,False,1000,1000
2145,35,random,10,0.3912221337579618,0,1,None,66,1,5,False,1000,1000
2146,36,random,10,0.3979896496815286,0,1,None,66,1,5,False,1000,1000
2147,37,random,10,0.4102308917197452,0,1,None,66,1,5,False,1000,1000
2148,38,random,10,0.4211783439490446,0,1,None,66,1,5,False,1000,1000
2149,39,random,10,0.4290406050955414,0,1,None,66,1,5,False,1000,1000
2150,35,random,10,0.4223726114649681,0,2,None,66,1,5,False,1000,1000
2151,36,random,10,0.4551154458598726,0,2,None,66,1,5,False,1000,1000
2152,37,random,10,0.4769108280254777,0,2,None,66,1,5,False,1000,1000
2153,38,random,10,0.4834792993630573,0,2,None,66,1,5,False,1000,1000
2154,39,random,10,0.482484076433121,0,2,None,66,1,5,False,1000,1000
2155,35,random,10,0.4412818471337579,0,28,None,66,1,5,False,1000,1000
2156,36,random,10,0.4749203821656051,0,28,None,66,1,5,False,1000,1000
2157,37,random,10,0.5022890127388535,0,28,None,66,1,5,False,1000,1000
2158,38,random,10,0.4947253184713376,0,28,None,66,1,5,False,1000,1000
2159,39,random,10,0.4713375796178344,0,28,None,66,1,5,False,1000,1000
2160,35,random,10,0.4454617834394904,0,29,None,66,1,5,False,1000,1000
2161,36,random,10,0.4469546178343949,0,29,None,66,1,5,False,1000,1000
2162,37,random,10,0.4568073248407643,0,29,None,66,1,5,False,1000,1000
2163,38,random,10,0.4675557324840764,0,29,None,66,1,5,False,1000,1000
2164,39,random,10,0.4773089171974522,0,29,None,66,1,5,False,1000,1000
2165,35,random,10,0.4809912420382166,0,16,None,66,1,5,False,1000,1000
2166,36,random,10,0.5154259554140127,0,16,None,66,1,5,False,1000,1000
2167,37,random,10,0.517515923566879,0,16,None,66,1,5,False,1000,1000
2168,38,random,10,0.5185111464968153,0,16,None,66,1,5,False,1000,1000
2169,39,random,10,0.5205015923566879,0,16,None,66,1,5,False,1000,1000
2170,35,random,10,0.4650676751592357,0,7,None,66,1,5,False,1000,1000
2171,36,random,10,0.4777070063694267,0,7,None,66,1,5,False,1000,1000
2172,37,random,10,0.4855692675159235,0,7,None,66,1,5,False,1000,1000
2173,38,random,10,0.4952229299363057,0,7,None,66,1,5,False,1000,1000
2174,39,random,10,0.501890923566879,0,7,None,66,1,5,False,1000,1000
2175,35,random,10,0.4604896496815286,0,32,None,66,1,5,False,1000,1000
2176,36,random,10,0.4728304140127388,0,32,None,66,1,5,False,1000,1000
2177,37,random,10,0.4811902866242038,0,32,None,66,1,5,False,1000,1000
2178,38,random,10,0.4881568471337579,0,32,None,66,1,5,False,1000,1000
2179,39,random,10,0.4922372611464968,0,32,None,66,1,5,False,1000,1000
2180,35,random,10,0.2770700636942675,0,15,None,66,1,5,False,1000,1000
2181,36,random,10,0.2835390127388535,0,15,None,66,1,5,False,1000,1000
2182,37,random,10,0.2940883757961783,0,15,None,66,1,5,False,1000,1000
2183,38,random,10,0.3241441082802547,0,15,None,66,1,5,False,1000,1000
2184,39,random,10,0.3447452229299363,0,15,None,66,1,5,False,1000,1000
2185,35,random,10,0.2797571656050955,0,10,None,66,1,5,False,1000,1000
2186,36,random,10,0.2891122611464968,0,10,None,66,1,5,False,1000,1000
2187,37,random,10,0.2966759554140127,0,10,None,66,1,5,False,1000,1000
2188,38,random,10,0.2986664012738853,0,10,None,66,1,5,False,1000,1000
2189,39,random,10,0.3046377388535032,0,10,None,66,1,5,False,1000,1000
2190,35,random,10,0.4620820063694267,0,13,None,66,1,5,False,1000,1000
2191,36,random,10,0.4880573248407643,0,13,None,66,1,5,False,1000,1000
2192,37,random,10,0.4987062101910828,0,13,None,66,1,5,False,1000,1000
2193,38,random,10,0.5005971337579618,0,13,None,66,1,5,False,1000,1000
2194,39,random,10,0.5019904458598726,0,13,None,66,1,5,False,1000,1000
2195,35,random,10,0.5874800955414012,0,25,None,66,1,5,False,1000,1000
2196,36,random,10,0.5903662420382165,0,25,None,66,1,5,False,1000,1000
2197,37,random,10,0.5931528662420382,0,25,None,66,1,5,False,1000,1000
2198,38,random,10,0.5979299363057324,0,25,None,66,1,5,False,1000,1000
2199,39,random,10,0.6007165605095541,0,25,None,66,1,5,False,1000,1000
2200,35,random,10,0.2914012738853503,0,11,None,66,1,5,False,1000,1000
2201,36,random,10,0.2406449044585987,0,11,None,66,1,5,False,1000,1000
2202,37,random,10,0.2215366242038216,0,11,None,66,1,5,False,1000,1000
2203,38,random,10,0.2133757961783439,0,11,None,66,1,5,False,1000,1000
2204,39,random,10,0.2142714968152866,0,11,None,66,1,5,False,1000,1000
2205,35,random,10,0.6403264331210191,0,17,None,66,1,5,False,1000,1000
2206,36,random,10,0.644406847133758,0,17,None,66,1,5,False,1000,1000
2207,37,random,10,0.6480891719745223,0,17,None,66,1,5,False,1000,1000
2208,38,random,10,0.651671974522293,0,17,None,66,1,5,False,1000,1000
2209,39,random,10,0.6557523885350318,0,17,None,66,1,5,False,1000,1000
2210,35,random,10,0.496218152866242,0,24,None,66,1,5,False,1000,1000
2211,36,random,10,0.511843152866242,0,24,None,66,1,5,False,1000,1000
2212,37,random,10,0.5399084394904459,0,24,None,66,1,5,False,1000,1000
2213,38,random,10,0.5683718152866242,0,24,None,66,1,5,False,1000,1000
2214,39,random,10,0.5919585987261147,0,24,None,66,1,5,False,1000,1000
2215,35,random,10,0.5718550955414012,0,20,None,66,1,5,False,1000,1000
2216,36,random,10,0.5749402866242038,0,20,None,66,1,5,False,1000,1000
2217,37,random,10,0.5779259554140127,0,20,None,66,1,5,False,1000,1000
2218,38,random,10,0.5811106687898089,0,20,None,66,1,5,False,1000,1000
2219,39,random,10,0.5830015923566879,0,20,None,66,1,5,False,1000,1000
2220,35,random,10,0.4834792993630573,0,9,None,66,1,5,False,1000,1000
2221,36,random,10,0.5114450636942676,0,9,None,66,1,5,False,1000,1000
2222,37,random,10,0.5276671974522293,0,9,None,66,1,5,False,1000,1000
2223,38,random,10,0.537718949044586,0,9,None,66,1,5,False,1000,1000
2224,39,random,10,0.5444864649681529,0,9,None,66,1,5,False,1000,1000
2225,35,random,10,0.5570262738853503,0,14,None,66,1,5,False,1000,1000
2226,36,random,10,0.5613057324840764,0,14,None,66,1,5,False,1000,1000
2227,37,random,10,0.5630971337579618,0,14,None,66,1,5,False,1000,1000
2228,38,random,10,0.5674761146496815,0,14,None,66,1,5,False,1000,1000
2229,39,random,10,0.5701632165605095,0,14,None,66,1,5,False,1000,1000
2230,35,random,10,0.5586186305732485,0,22,None,66,1,5,False,1000,1000
2231,36,random,10,0.5680732484076433,0,22,None,66,1,5,False,1000,1000
2232,37,random,10,0.5771297770700637,0,22,None,66,1,5,False,1000,1000
2233,38,random,10,0.5871815286624203,0,22,None,66,1,5,False,1000,1000
2234,39,random,10,0.5944466560509554,0,22,None,66,1,5,False,1000,1000
2235,35,random,10,0.5090565286624203,0,26,None,66,1,5,False,1000,1000
2236,36,random,10,0.5190087579617835,0,26,None,66,1,5,False,1000,1000
2237,37,random,10,0.5315485668789809,0,26,None,66,1,5,False,1000,1000
2238,38,random,10,0.5426950636942676,0,26,None,66,1,5,False,1000,1000
2239,39,random,10,0.5513535031847133,0,26,None,66,1,5,False,1000,1000
2240,35,random,10,0.4050557324840764,0,12,None,66,1,5,False,1000,1000
2241,36,random,10,0.4241640127388535,0,12,None,66,1,5,False,1000,1000
2242,37,random,10,0.4148089171974522,0,12,None,66,1,5,False,1000,1000
2243,38,random,10,0.4170979299363057,0,12,None,66,1,5,False,1000,1000
2244,39,random,10,0.4335191082802547,0,12,None,66,1,5,False,1000,1000
2245,35,random,10,0.556827229299363,0,30,None,66,1,5,False,1000,1000
2246,36,random,10,0.5406050955414012,0,30,None,66,1,5,False,1000,1000
2247,37,random,10,0.54578025477707,0,30,None,66,1,5,False,1000,1000
2248,38,random,10,0.5524482484076433,0,30,None,66,1,5,False,1000,1000
2249,39,random,10,0.5543391719745223,0,30,None,66,1,5,False,1000,1000
2250,35,random,10,0.4715366242038216,0,27,None,66,1,5,False,1000,1000
2251,36,random,10,0.497014331210191,0,27,None,66,1,5,False,1000,1000
2252,37,random,10,0.5176154458598726,0,27,None,66,1,5,False,1000,1000
2253,38,random,10,0.5313495222929936,0,27,None,66,1,5,False,1000,1000
2254,39,random,10,0.5405055732484076,0,27,None,66,1,5,False,1000,1000
2255,35,random,10,0.3736066878980891,0,21,None,66,1,5,False,1000,1000
2256,36,random,10,0.3812699044585987,0,21,None,66,1,5,False,1000,1000
2257,37,random,10,0.3987858280254777,0,21,None,66,1,5,False,1000,1000
2258,38,random,10,0.422671178343949,0,21,None,66,1,5,False,1000,1000
2259,39,random,10,0.4369028662420382,0,21,None,66,1,5,False,1000,1000
2260,35,random,10,0.4187898089171974,0,5,None,66,1,5,False,1000,1000
2261,36,random,10,0.4091361464968153,0,5,None,66,1,5,False,1000,1000
2262,37,random,10,0.4167993630573248,0,5,None,66,1,5,False,1000,1000
2263,38,random,10,0.4313296178343949,0,5,None,66,1,5,False,1000,1000
2264,39,random,10,0.4507364649681528,0,5,None,66,1,5,False,1000,1000
2265,35,random,10,0.4890525477707006,0,6,None,66,1,5,False,1000,1000
2266,36,random,10,0.4857683121019108,0,6,None,66,1,5,False,1000,1000
2267,37,random,10,0.4932324840764331,0,6,None,66,1,5,False,1000,1000
2268,38,random,10,0.5030851910828026,0,6,None,66,1,5,False,1000,1000
2269,39,random,10,0.5108479299363057,0,6,None,66,1,5,False,1000,1000
2270,35,random,10,0.4105294585987261,0,4,None,66,1,5,False,1000,1000
2271,36,random,10,0.3692277070063694,0,4,None,66,1,5,False,1000,1000
2272,37,random,10,0.3393710191082802,0,4,None,66,1,5,False,1000,1000
2273,38,random,10,0.3471337579617834,0,4,None,66,1,5,False,1000,1000
2274,39,random,10,0.3696257961783439,0,4,None,66,1,5,False,1000,1000
2275,35,random,10,0.4242635350318471,0,0,None,66,1,5,False,1000,1000
2276,36,random,10,0.4163017515923566,0,0,None,66,1,5,False,1000,1000
2277,37,random,10,0.4222730891719745,0,0,None,66,1,5,False,1000,1000
2278,38,random,10,0.4326234076433121,0,0,None,66,1,5,False,1000,1000
2279,39,random,10,0.4456608280254777,0,0,None,66,1,5,False,1000,1000
2280,35,random,10,0.4088375796178344,0,23,None,66,1,5,False,1000,1000
2281,36,random,10,0.4174960191082802,0,23,None,66,1,5,False,1000,1000
2282,37,random,10,0.425358280254777,0,23,None,66,1,5,False,1000,1000
2283,38,random,10,0.4317277070063694,0,23,None,66,1,5,False,1000,1000
2284,39,random,10,0.4394904458598726,0,23,None,66,1,5,False,1000,1000
2285,35,random,10,0.4588972929936306,0,8,None,66,1,5,False,1000,1000
2286,36,random,10,0.4194864649681528,0,8,None,66,1,5,False,1000,1000
2287,37,random,10,0.4217754777070063,0,8,None,66,1,5,False,1000,1000
2288,38,random,10,0.419984076433121,0,8,None,66,1,5,False,1000,1000
2289,39,random,10,0.4175955414012738,0,8,None,66,1,5,False,1000,1000
2290,35,random,10,0.580015923566879,0,18,None,66,1,5,False,1000,1000
2291,36,random,10,0.5563296178343949,0,18,None,66,1,5,False,1000,1000
2292,37,random,10,0.5591162420382165,0,18,None,66,1,5,False,1000,1000
2293,38,random,10,0.5649880573248408,0,18,None,66,1,5,False,1000,1000
2294,39,random,10,0.5691679936305732,0,18,None,66,1,5,False,1000,1000
2295,35,random,10,0.3922173566878981,0,3,None,66,1,5,False,1000,1000
2296,36,random,10,0.3893312101910828,0,3,None,66,1,5,False,1000,1000
2297,37,random,10,0.4009753184713376,0,3,None,66,1,5,False,1000,1000
2298,38,random,10,0.4174960191082802,0,3,None,66,1,5,False,1000,1000
2299,39,random,10,0.4347133757961783,0,3,None,66,1,5,False,1000,1000
2300,35,random,10,0.523984872611465,0,19,None,66,1,5,False,1000,1000
2301,36,random,10,0.5325437898089171,0,19,None,66,1,5,False,1000,1000
2302,37,random,10,0.5417993630573248,0,19,None,66,1,5,False,1000,1000
2303,38,random,10,0.5513535031847133,0,19,None,66,1,5,False,1000,1000
2304,39,random,10,0.5596138535031847,0,19,None,66,1,5,False,1000,1000
2305,35,random,10,0.5376194267515924,0,31,None,66,1,5,False,1000,1000
2306,36,random,10,0.5425955414012739,0,31,None,66,1,5,False,1000,1000
2307,37,random,10,0.5526472929936306,0,31,None,66,1,5,False,1000,1000
2308,38,random,10,0.5611066878980892,0,31,None,66,1,5,False,1000,1000
2309,39,random,10,0.5703622611464968,0,31,None,66,1,5,False,1000,1000
2310,40,random,10,0.4314291401273885,0,1,None,66,1,5,False,1000,1000
2311,41,random,10,0.4419785031847134,0,1,None,66,1,5,False,1000,1000
2312,42,random,10,0.4525278662420382,0,1,None,66,1,5,False,1000,1000
2313,43,random,10,0.4624800955414013,0,1,None,66,1,5,False,1000,1000
2314,44,random,10,0.4768113057324841,0,1,None,66,1,5,False,1000,1000
2315,40,random,10,0.5400079617834395,0,22,None,66,1,5,False,1000,1000
2316,41,random,10,0.5492635350318471,0,22,None,66,1,5,False,1000,1000
2317,42,random,10,0.560609076433121,0,22,None,66,1,5,False,1000,1000
2318,43,random,10,0.5703622611464968,0,22,None,66,1,5,False,1000,1000
2319,44,random,10,0.5794187898089171,0,22,None,66,1,5,False,1000,1000
2320,40,random,10,0.4703423566878981,0,8,None,66,1,5,False,1000,1000
2321,41,random,10,0.4586982484076433,0,8,None,66,1,5,False,1000,1000
2322,42,random,10,0.4618829617834395,0,8,None,66,1,5,False,1000,1000
2323,43,random,10,0.4694466560509554,0,8,None,66,1,5,False,1000,1000
2324,44,random,10,0.478702229299363,0,8,None,66,1,5,False,1000,1000
2325,40,random,10,0.4483479299363057,0,23,None,66,1,5,False,1000,1000
2326,41,random,10,0.4623805732484076,0,23,None,66,1,5,False,1000,1000
2327,42,random,10,0.4812898089171974,0,23,None,66,1,5,False,1000,1000
2328,43,random,10,0.5022890127388535,0,23,None,66,1,5,False,1000,1000
2329,44,random,10,0.5182125796178344,0,23,None,66,1,5,False,1000,1000
2330,40,random,10,0.5544386942675159,0,14,None,66,1,5,False,1000,1000
2331,41,random,10,0.557921974522293,0,14,None,66,1,5,False,1000,1000
2332,42,random,10,0.560609076433121,0,14,None,66,1,5,False,1000,1000
2333,43,random,10,0.5640923566878981,0,14,None,66,1,5,False,1000,1000
2334,44,random,10,0.5669785031847133,0,14,None,66,1,5,False,1000,1000
2335,40,random,10,0.5191082802547771,0,29,None,66,1,5,False,1000,1000
2336,41,random,10,0.5243829617834395,0,29,None,66,1,5,False,1000,1000
2337,42,random,10,0.5303542993630573,0,29,None,66,1,5,False,1000,1000
2338,43,random,10,0.5359275477707006,0,29,None,66,1,5,False,1000,1000
2339,44,random,10,0.5414012738853503,0,29,None,66,1,5,False,1000,1000
2340,40,random,10,0.5218949044585988,0,13,None,66,1,5,False,1000,1000
2341,41,random,10,0.5275676751592356,0,13,None,66,1,5,False,1000,1000
2342,42,random,10,0.5318471337579618,0,13,None,66,1,5,False,1000,1000
2343,43,random,10,0.5365246815286624,0,13,None,66,1,5,False,1000,1000
2344,44,random,10,0.5413017515923567,0,13,None,66,1,5,False,1000,1000
2345,40,random,10,0.5885748407643312,0,25,None,66,1,5,False,1000,1000
2346,41,random,10,0.591062898089172,0,25,None,66,1,5,False,1000,1000
2347,42,random,10,0.5931528662420382,0,25,None,66,1,5,False,1000,1000
2348,43,random,10,0.5966361464968153,0,25,None,66,1,5,False,1000,1000
2349,44,random,10,0.5995222929936306,0,25,None,66,1,5,False,1000,1000
2350,40,random,10,0.4980095541401274,0,26,None,66,1,5,False,1000,1000
2351,41,random,10,0.5142316878980892,0,26,None,66,1,5,False,1000,1000
2352,42,random,10,0.5305533439490446,0,26,None,66,1,5,False,1000,1000
2353,43,random,10,0.542296974522293,0,26,None,66,1,5,False,1000,1000
2354,44,random,10,0.5512539808917197,0,26,None,66,1,5,False,1000,1000
2355,40,random,10,0.522890127388535,0,19,None,66,1,5,False,1000,1000
2356,41,random,10,0.5303542993630573,0,19,None,66,1,5,False,1000,1000
2357,42,random,10,0.5383160828025477,0,19,None,66,1,5,False,1000,1000
2358,43,random,10,0.5463773885350318,0,19,None,66,1,5,False,1000,1000
2359,44,random,10,0.5519506369426752,0,19,None,66,1,5,False,1000,1000
2360,40,random,10,0.4232683121019108,0,21,None,66,1,5,False,1000,1000
2361,41,random,10,0.4415804140127388,0,21,None,66,1,5,False,1000,1000
2362,42,random,10,0.4593949044585987,0,21,None,66,1,5,False,1000,1000
2363,43,random,10,0.4772093949044586,0,21,None,66,1,5,False,1000,1000
2364,44,random,10,0.4952229299363057,0,21,None,66,1,5,False,1000,1000
2365,40,random,10,0.5241839171974523,0,30,None,66,1,5,False,1000,1000
2366,41,random,10,0.5315485668789809,0,30,None,66,1,5,False,1000,1000
2367,42,random,10,0.535031847133758,0,30,None,66,1,5,False,1000,1000
2368,43,random,10,0.5373208598726115,0,30,None,66,1,5,False,1000,1000
2369,44,random,10,0.5424960191082803,0,30,None,66,1,5,False,1000,1000
2370,40,random,10,0.542296974522293,0,27,None,66,1,5,False,1000,1000
2371,41,random,10,0.5442874203821656,0,27,None,66,1,5,False,1000,1000
2372,42,random,10,0.5467754777070064,0,27,None,66,1,5,False,1000,1000
2373,43,random,10,0.54796974522293,0,27,None,66,1,5,False,1000,1000
2374,44,random,10,0.5493630573248408,0,27,None,66,1,5,False,1000,1000
2375,40,random,10,0.5032842356687898,0,31,None,66,1,5,False,1000,1000
2376,41,random,10,0.5195063694267515,0,31,None,66,1,5,False,1000,1000
2377,42,random,10,0.5289609872611465,0,31,None,66,1,5,False,1000,1000
2378,43,random,10,0.5379179936305732,0,31,None,66,1,5,False,1000,1000
2379,44,random,10,0.5470740445859873,0,31,None,66,1,5,False,1000,1000
2380,40,random,10,0.5313495222929936,0,16,None,66,1,5,False,1000,1000
2381,41,random,10,0.5372213375796179,0,16,None,66,1,5,False,1000,1000
2382,42,random,10,0.544187898089172,0,16,None,66,1,5,False,1000,1000
2383,43,random,10,0.5478702229299363,0,16,None,66,1,5,False,1000,1000
2384,44,random,10,0.5504578025477707,0,16,None,66,1,5,False,1000,1000
2385,40,random,10,0.5076632165605095,0,6,None,66,1,5,False,1000,1000
2386,41,random,10,0.5116441082802548,0,6,None,66,1,5,False,1000,1000
2387,42,random,10,0.5173168789808917,0,6,None,66,1,5,False,1000,1000
2388,43,random,10,0.5243829617834395,0,6,None,66,1,5,False,1000,1000
2389,44,random,10,0.5320461783439491,0,6,None,66,1,5,False,1000,1000
2390,40,random,10,0.4931329617834395,0,32,None,66,1,5,False,1000,1000
2391,41,random,10,0.4976114649681528,0,32,None,66,1,5,False,1000,1000
2392,42,random,10,0.5017914012738853,0,32,None,66,1,5,False,1000,1000
2393,43,random,10,0.5063694267515924,0,32,None,66,1,5,False,1000,1000
2394,44,random,10,0.5109474522292994,0,32,None,66,1,5,False,1000,1000
2395,40,random,10,0.4918391719745223,0,2,None,66,1,5,False,1000,1000
2396,41,random,10,0.4936305732484076,0,2,None,66,1,5,False,1000,1000
2397,42,random,10,0.497014331210191,0,2,None,66,1,5,False,1000,1000
2398,43,random,10,0.4999004777070063,0,2,None,66,1,5,False,1000,1000
2399,44,random,10,0.5030851910828026,0,2,None,66,1,5,False,1000,1000
2400,40,random,10,0.4581011146496815,0,0,None,66,1,5,False,1000,1000
2401,41,random,10,0.4638734076433121,0,0,None,66,1,5,False,1000,1000
2402,42,random,10,0.4692476114649681,0,0,None,66,1,5,False,1000,1000
2403,43,random,10,0.476015127388535,0,0,None,66,1,5,False,1000,1000
2404,44,random,10,0.4817874203821656,0,0,None,66,1,5,False,1000,1000
2405,40,random,10,0.4588972929936306,0,4,None,66,1,5,False,1000,1000
2406,41,random,10,0.4654657643312102,0,4,None,66,1,5,False,1000,1000
2407,42,random,10,0.4720342356687898,0,4,None,66,1,5,False,1000,1000
2408,43,random,10,0.4757165605095541,0,4,None,66,1,5,False,1000,1000
2409,44,random,10,0.4801950636942675,0,4,None,66,1,5,False,1000,1000
2410,40,random,10,0.4754179936305732,0,5,None,66,1,5,False,1000,1000
2411,41,random,10,0.4930334394904458,0,5,None,66,1,5,False,1000,1000
2412,42,random,10,0.5075636942675159,0,5,None,66,1,5,False,1000,1000
2413,43,random,10,0.5192078025477707,0,5,None,66,1,5,False,1000,1000
2414,44,random,10,0.5316480891719745,0,5,None,66,1,5,False,1000,1000
2415,40,random,10,0.5198049363057324,0,7,None,66,1,5,False,1000,1000
2416,41,random,10,0.5258757961783439,0,7,None,66,1,5,False,1000,1000
2417,42,random,10,0.5313495222929936,0,7,None,66,1,5,False,1000,1000
2418,43,random,10,0.5373208598726115,0,7,None,66,1,5,False,1000,1000
2419,44,random,10,0.5427945859872612,0,7,None,66,1,5,False,1000,1000
2420,40,random,10,0.5295581210191083,0,9,None,66,1,5,False,1000,1000
2421,41,random,10,0.5417993630573248,0,9,None,66,1,5,False,1000,1000
2422,42,random,10,0.5511544585987261,0,9,None,66,1,5,False,1000,1000
2423,43,random,10,0.5623009554140127,0,9,None,66,1,5,False,1000,1000
2424,44,random,10,0.5714570063694268,0,9,None,66,1,5,False,1000,1000
2425,40,random,10,0.3040406050955414,0,10,None,66,1,5,False,1000,1000
2426,41,random,10,0.3127985668789809,0,10,None,66,1,5,False,1000,1000
2427,42,random,10,0.3237460191082802,0,10,None,66,1,5,False,1000,1000
2428,43,random,10,0.3378781847133758,0,10,None,66,1,5,False,1000,1000
2429,44,random,10,0.3470342356687898,0,10,None,66,1,5,False,1000,1000
2430,40,random,10,0.3435509554140127,0,15,None,66,1,5,False,1000,1000
2431,41,random,10,0.3486265923566879,0,15,None,66,1,5,False,1000,1000
2432,42,random,10,0.3527070063694267,0,15,None,66,1,5,False,1000,1000
2433,43,random,10,0.3553941082802547,0,15,None,66,1,5,False,1000,1000
2434,44,random,10,0.3603702229299363,0,15,None,66,1,5,False,1000,1000
2435,40,random,10,0.4710390127388535,0,12,None,66,1,5,False,1000,1000
2436,41,random,10,0.4886544585987261,0,12,None,66,1,5,False,1000,1000
2437,42,random,10,0.5080613057324841,0,12,None,66,1,5,False,1000,1000
2438,43,random,10,0.5265724522292994,0,12,None,66,1,5,False,1000,1000
2439,44,random,10,0.544187898089172,0,12,None,66,1,5,False,1000,1000
2440,40,random,10,0.5990246815286624,0,18,None,66,1,5,False,1000,1000
2441,41,random,10,0.6016122611464968,0,18,None,66,1,5,False,1000,1000
2442,42,random,10,0.6068869426751592,0,18,None,66,1,5,False,1000,1000
2443,43,random,10,0.6089769108280255,0,18,None,66,1,5,False,1000,1000
2444,44,random,10,0.6128582802547771,0,18,None,66,1,5,False,1000,1000
2445,40,random,10,0.4591958598726114,0,20,None,66,1,5,False,1000,1000
2446,41,random,10,0.4685509554140127,0,20,None,66,1,5,False,1000,1000
2447,42,random,10,0.4803941082802547,0,20,None,66,1,5,False,1000,1000
2448,43,random,10,0.4875597133757962,0,20,None,66,1,5,False,1000,1000
2449,44,random,10,0.4915406050955414,0,20,None,66,1,5,False,1000,1000
2450,40,random,10,0.4769108280254777,0,28,None,66,1,5,False,1000,1000
2451,41,random,10,0.461484872611465,0,28,None,66,1,5,False,1000,1000
2452,42,random,10,0.4580015923566879,0,28,None,66,1,5,False,1000,1000
2453,43,random,10,0.4599920382165605,0,28,None,66,1,5,False,1000,1000
2454,44,random,10,0.4640724522292994,0,28,None,66,1,5,False,1000,1000
2455,40,random,10,0.2969745222929936,0,11,None,66,1,5,False,1000,1000
2456,41,random,10,0.2690087579617834,0,11,None,66,1,5,False,1000,1000
2457,42,random,10,0.2670183121019108,0,11,None,66,1,5,False,1000,1000
2458,43,random,10,0.2813495222929936,0,11,None,66,1,5,False,1000,1000
2459,44,random,10,0.3603702229299363,0,11,None,66,1,5,False,1000,1000
2460,40,random,10,0.6538614649681529,0,17,None,66,1,5,False,1000,1000
2461,41,random,10,0.6579418789808917,0,17,None,66,1,5,False,1000,1000
2462,42,random,10,0.6601313694267515,0,17,None,66,1,5,False,1000,1000
2463,43,random,10,0.6637141719745223,0,17,None,66,1,5,False,1000,1000
2464,44,random,10,0.6659036624203821,0,17,None,66,1,5,False,1000,1000
2465,40,random,10,0.4145103503184713,0,3,None,66,1,5,False,1000,1000
2466,41,random,10,0.4273487261146497,0,3,None,66,1,5,False,1000,1000
2467,42,random,10,0.4470541401273885,0,3,None,66,1,5,False,1000,1000
2468,43,random,10,0.4664609872611465,0,3,None,66,1,5,False,1000,1000
2469,44,random,10,0.4863654458598726,0,3,None,66,1,5,False,1000,1000
2470,40,random,10,0.479796974522293,0,24,None,66,1,5,False,1000,1000
2471,41,random,10,0.5,0,24,None,66,1,5,False,1000,1000
2472,42,random,10,0.5244824840764332,0,24,None,66,1,5,False,1000,1000
2473,43,random,10,0.5507563694267515,0,24,None,66,1,5,False,1000,1000
2474,44,random,10,0.5731488853503185,0,24,None,66,1,5,False,1000,1000
2475,45,random,10,0.4789012738853503,0,1,None,66,1,5,False,1000,1000
2476,46,random,10,0.4953224522292994,0,1,None,66,1,5,False,1000,1000
2477,47,random,10,0.5098527070063694,0,1,None,66,1,5,False,1000,1000
2478,48,random,10,0.5262738853503185,0,1,None,66,1,5,False,1000,1000
2479,49,random,10,0.544187898089172,0,1,None,66,1,5,False,1000,1000
2480,45,random,10,0.5153264331210191,0,2,None,66,1,5,False,1000,1000
2481,46,random,10,0.5189092356687898,0,2,None,66,1,5,False,1000,1000
2482,47,random,10,0.5244824840764332,0,2,None,66,1,5,False,1000,1000
2483,48,random,10,0.5306528662420382,0,2,None,66,1,5,False,1000,1000
2484,49,random,10,0.5356289808917197,0,2,None,66,1,5,False,1000,1000
2485,45,random,10,0.585390127388535,0,22,None,66,1,5,False,1000,1000
2486,46,random,10,0.5931528662420382,0,22,None,66,1,5,False,1000,1000
2487,47,random,10,0.6012141719745223,0,22,None,66,1,5,False,1000,1000
2488,48,random,10,0.6091759554140127,0,22,None,66,1,5,False,1000,1000
2489,49,random,10,0.6164410828025477,0,22,None,66,1,5,False,1000,1000
2490,45,random,10,0.5231886942675159,0,23,None,66,1,5,False,1000,1000
2491,46,random,10,0.5380175159235668,0,23,None,66,1,5,False,1000,1000
2492,47,random,10,0.5483678343949044,0,23,None,66,1,5,False,1000,1000
2493,48,random,10,0.558718152866242,0,23,None,66,1,5,False,1000,1000
2494,49,random,10,0.5654856687898089,0,23,None,66,1,5,False,1000,1000
2495,45,random,10,0.5538415605095541,0,16,None,66,1,5,False,1000,1000
2496,46,random,10,0.5594148089171974,0,16,None,66,1,5,False,1000,1000
2497,47,random,10,0.5650875796178344,0,16,None,66,1,5,False,1000,1000
2498,48,random,10,0.5714570063694268,0,16,None,66,1,5,False,1000,1000
2499,49,random,10,0.5758359872611465,0,16,None,66,1,5,False,1000,1000
2500,45,random,10,0.5093550955414012,0,32,None,66,1,5,False,1000,1000
2501,46,random,10,0.5176154458598726,0,32,None,66,1,5,False,1000,1000
2502,47,random,10,0.5334394904458599,0,32,None,66,1,5,False,1000,1000
2503,48,random,10,0.5536425159235668,0,32,None,66,1,5,False,1000,1000
2504,49,random,10,0.5698646496815286,0,32,None,66,1,5,False,1000,1000
2505,45,random,10,0.3656449044585987,0,15,None,66,1,5,False,1000,1000
2506,46,random,10,0.3719148089171974,0,15,None,66,1,5,False,1000,1000
2507,47,random,10,0.379578025477707,0,15,None,66,1,5,False,1000,1000
2508,48,random,10,0.3877388535031847,0,15,None,66,1,5,False,1000,1000
2509,49,random,10,0.3953025477707006,0,15,None,66,1,5,False,1000,1000
2510,45,random,10,0.3505175159235669,0,10,None,66,1,5,False,1000,1000
2511,46,random,10,0.3557921974522293,0,10,None,66,1,5,False,1000,1000
2512,47,random,10,0.3726114649681528,0,10,None,66,1,5,False,1000,1000
2513,48,random,10,0.3828622611464968,0,10,None,66,1,5,False,1000,1000
2514,49,random,10,0.3963972929936306,0,10,None,66,1,5,False,1000,1000
2515,45,random,10,0.5620023885350318,0,13,None,66,1,5,False,1000,1000
2516,46,random,10,0.569765127388535,0,13,None,66,1,5,False,1000,1000
2517,47,random,10,0.5721536624203821,0,13,None,66,1,5,False,1000,1000
2518,48,random,10,0.5775278662420382,0,13,None,66,1,5,False,1000,1000
2519,49,random,10,0.5843949044585988,0,13,None,66,1,5,False,1000,1000
2520,45,random,10,0.5947452229299363,0,25,None,66,1,5,False,1000,1000
2521,46,random,10,0.5965366242038217,0,25,None,66,1,5,False,1000,1000
2522,47,random,10,0.599422770700637,0,25,None,66,1,5,False,1000,1000
2523,48,random,10,0.6023089171974523,0,25,None,66,1,5,False,1000,1000
2524,49,random,10,0.6049960191082803,0,25,None,66,1,5,False,1000,1000
2525,45,random,10,0.3299164012738853,0,11,None,66,1,5,False,1000,1000
2526,46,random,10,0.3388734076433121,0,11,None,66,1,5,False,1000,1000
2527,47,random,10,0.3729100318471338,0,11,None,66,1,5,False,1000,1000
2528,48,random,10,0.3605692675159235,0,11,None,66,1,5,False,1000,1000
2529,49,random,10,0.3609673566878981,0,11,None,66,1,5,False,1000,1000
2530,45,random,10,0.5236863057324841,0,20,None,66,1,5,False,1000,1000
2531,46,random,10,0.5275676751592356,0,20,None,66,1,5,False,1000,1000
2532,47,random,10,0.5321457006369427,0,20,None,66,1,5,False,1000,1000
2533,48,random,10,0.537718949044586,0,20,None,66,1,5,False,1000,1000
2534,49,random,10,0.5424960191082803,0,20,None,66,1,5,False,1000,1000
2535,45,random,10,0.4828821656050955,0,28,None,66,1,5,False,1000,1000
2536,46,random,10,0.4879578025477707,0,28,None,66,1,5,False,1000,1000
2537,47,random,10,0.4948248407643312,0,28,None,66,1,5,False,1000,1000
2538,48,random,10,0.5000995222929936,0,28,None,66,1,5,False,1000,1000
2539,49,random,10,0.5050756369426752,0,28,None,66,1,5,False,1000,1000
2540,45,random,10,0.6631170382165605,0,17,None,66,1,5,False,1000,1000
2541,46,random,10,0.6659036624203821,0,17,None,66,1,5,False,1000,1000
2542,47,random,10,0.6677945859872612,0,17,None,66,1,5,False,1000,1000
2543,48,random,10,0.6703821656050956,0,17,None,66,1,5,False,1000,1000
2544,49,random,10,0.6721735668789809,0,17,None,66,1,5,False,1000,1000
2545,45,random,10,0.4969148089171974,0,21,None,66,1,5,False,1000,1000
2546,46,random,10,0.5184116242038217,0,21,None,66,1,5,False,1000,1000
2547,47,random,10,0.5354299363057324,0,21,None,66,1,5,False,1000,1000
2548,48,random,10,0.5554339171974523,0,21,None,66,1,5,False,1000,1000
2549,49,random,10,0.5691679936305732,0,21,None,66,1,5,False,1000,1000
2550,45,random,10,0.5161226114649682,0,24,None,66,1,5,False,1000,1000
2551,46,random,10,0.5444864649681529,0,24,None,66,1,5,False,1000,1000
2552,47,random,10,0.5668789808917197,0,24,None,66,1,5,False,1000,1000
2553,48,random,10,0.5879777070063694,0,24,None,66,1,5,False,1000,1000
2554,49,random,10,0.6064888535031847,0,24,None,66,1,5,False,1000,1000
2555,45,random,10,0.5663813694267515,0,27,None,66,1,5,False,1000,1000
2556,46,random,10,0.5693670382165605,0,27,None,66,1,5,False,1000,1000
2557,47,random,10,0.572452229299363,0,27,None,66,1,5,False,1000,1000
2558,48,random,10,0.5741441082802548,0,27,None,66,1,5,False,1000,1000
2559,49,random,10,0.5757364649681529,0,27,None,66,1,5,False,1000,1000
2560,45,random,10,0.5562300955414012,0,29,None,66,1,5,False,1000,1000
2561,46,random,10,0.5593152866242038,0,29,None,66,1,5,False,1000,1000
2562,47,random,10,0.5644904458598726,0,29,None,66,1,5,False,1000,1000
2563,48,random,10,0.5690684713375797,0,29,None,66,1,5,False,1000,1000
2564,49,random,10,0.574343152866242,0,29,None,66,1,5,False,1000,1000
2565,45,random,10,0.5665804140127388,0,9,None,66,1,5,False,1000,1000
2566,46,random,10,0.5739450636942676,0,9,None,66,1,5,False,1000,1000
2567,47,random,10,0.584593949044586,0,9,None,66,1,5,False,1000,1000
2568,48,random,10,0.5896695859872612,0,9,None,66,1,5,False,1000,1000
2569,49,random,10,0.5960390127388535,0,9,None,66,1,5,False,1000,1000
2570,45,random,10,0.5502587579617835,0,7,None,66,1,5,False,1000,1000
2571,46,random,10,0.553343949044586,0,7,None,66,1,5,False,1000,1000
2572,47,random,10,0.5564291401273885,0,7,None,66,1,5,False,1000,1000
2573,48,random,10,0.5602109872611465,0,7,None,66,1,5,False,1000,1000
2574,49,random,10,0.5631966560509554,0,7,None,66,1,5,False,1000,1000
2575,45,random,10,0.4995023885350318,0,4,None,66,1,5,False,1000,1000
2576,46,random,10,0.5078622611464968,0,4,None,66,1,5,False,1000,1000
2577,47,random,10,0.5180135350318471,0,4,None,66,1,5,False,1000,1000
2578,48,random,10,0.5254777070063694,0,4,None,66,1,5,False,1000,1000
2579,49,random,10,0.53015525477707,0,4,None,66,1,5,False,1000,1000
2580,45,random,10,0.5485668789808917,0,12,None,66,1,5,False,1000,1000
2581,46,random,10,0.5624004777070064,0,12,None,66,1,5,False,1000,1000
2582,47,random,10,0.5778264331210191,0,12,None,66,1,5,False,1000,1000
2583,48,random,10,0.5902667197452229,0,12,None,66,1,5,False,1000,1000
2584,49,random,10,0.5996218152866242,0,12,None,66,1,5,False,1000,1000
2585,45,random,10,0.557921974522293,0,14,None,66,1,5,False,1000,1000
2586,46,random,10,0.5604100318471338,0,14,None,66,1,5,False,1000,1000
2587,47,random,10,0.5638933121019108,0,14,None,66,1,5,False,1000,1000
2588,48,random,10,0.5658837579617835,0,14,None,66,1,5,False,1000,1000
2589,49,random,10,0.5678742038216561,0,14,None,66,1,5,False,1000,1000
2590,45,random,10,0.5492635350318471,0,26,None,66,1,5,False,1000,1000
2591,46,random,10,0.5597133757961783,0,26,None,66,1,5,False,1000,1000
2592,47,random,10,0.5680732484076433,0,26,None,66,1,5,False,1000,1000
2593,48,random,10,0.57703025477707,0,26,None,66,1,5,False,1000,1000
2594,49,random,10,0.584593949044586,0,26,None,66,1,5,False,1000,1000
2595,45,random,10,0.5381170382165605,0,30,None,66,1,5,False,1000,1000
2596,46,random,10,0.5426950636942676,0,30,None,66,1,5,False,1000,1000
2597,47,random,10,0.5473726114649682,0,30,None,66,1,5,False,1000,1000
2598,48,random,10,0.5535429936305732,0,30,None,66,1,5,False,1000,1000
2599,49,random,10,0.5591162420382165,0,30,None,66,1,5,False,1000,1000
2600,45,random,10,0.5082603503184714,0,8,None,66,1,5,False,1000,1000
2601,46,random,10,0.5119426751592356,0,8,None,66,1,5,False,1000,1000
2602,47,random,10,0.5193073248407644,0,8,None,66,1,5,False,1000,1000
2603,48,random,10,0.5233877388535032,0,8,None,66,1,5,False,1000,1000
2604,49,random,10,0.5300557324840764,0,8,None,66,1,5,False,1000,1000
2605,45,random,10,0.5464769108280255,0,18,None,66,1,5,False,1000,1000
2606,46,random,10,0.5489649681528662,0,18,None,66,1,5,False,1000,1000
2607,47,random,10,0.5545382165605095,0,18,None,66,1,5,False,1000,1000
2608,48,random,10,0.5592157643312102,0,18,None,66,1,5,False,1000,1000
2609,49,random,10,0.5654856687898089,0,18,None,66,1,5,False,1000,1000
2610,45,random,10,0.5453821656050956,0,31,None,66,1,5,False,1000,1000
2611,46,random,10,0.5521496815286624,0,31,None,66,1,5,False,1000,1000
2612,47,random,10,0.5619028662420382,0,31,None,66,1,5,False,1000,1000
2613,48,random,10,0.5728503184713376,0,31,None,66,1,5,False,1000,1000
2614,49,random,10,0.5825039808917197,0,31,None,66,1,5,False,1000,1000
2615,45,random,10,0.5284633757961783,0,19,None,66,1,5,False,1000,1000
2616,46,random,10,0.535828025477707,0,19,None,66,1,5,False,1000,1000
2617,47,random,10,0.5415007961783439,0,19,None,66,1,5,False,1000,1000
2618,48,random,10,0.5492635350318471,0,19,None,66,1,5,False,1000,1000
2619,49,random,10,0.553343949044586,0,19,None,66,1,5,False,1000,1000
2620,45,random,10,0.502687101910828,0,0,None,66,1,5,False,1000,1000
2621,46,random,10,0.5071656050955414,0,0,None,66,1,5,False,1000,1000
2622,47,random,10,0.5135350318471338,0,0,None,66,1,5,False,1000,1000
2623,48,random,10,0.5235867834394905,0,0,None,66,1,5,False,1000,1000
2624,49,random,10,0.5291600318471338,0,0,None,66,1,5,False,1000,1000
2625,45,random,10,0.4625796178343949,0,3,None,66,1,5,False,1000,1000
2626,46,random,10,0.484375,0,3,None,66,1,5,False,1000,1000
2627,47,random,10,0.5054737261146497,0,3,None,66,1,5,False,1000,1000
2628,48,random,10,0.5219944267515924,0,3,None,66,1,5,False,1000,1000
2629,49,random,10,0.5400079617834395,0,3,None,66,1,5,False,1000,1000
2630,45,random,10,0.5675756369426752,0,5,None,66,1,5,False,1000,1000
2631,46,random,10,0.5769307324840764,0,5,None,66,1,5,False,1000,1000
2632,47,random,10,0.5842953821656051,0,5,None,66,1,5,False,1000,1000
2633,48,random,10,0.5907643312101911,0,5,None,66,1,5,False,1000,1000
2634,49,random,10,0.5966361464968153,0,5,None,66,1,5,False,1000,1000
2635,45,random,10,0.5368232484076433,0,6,None,66,1,5,False,1000,1000
2636,46,random,10,0.5398089171974523,0,6,None,66,1,5,False,1000,1000
2637,47,random,10,0.5450835987261147,0,6,None,66,1,5,False,1000,1000
2638,48,random,10,0.5511544585987261,0,6,None,66,1,5,False,1000,1000
2639,49,random,10,0.556031050955414,0,6,None,66,1,5,False,1000,1000
2640,50,random,10,0.5677746815286624,0,1,None,66,1,5,False,1000,1000
2641,51,random,10,0.5801154458598726,0,1,None,66,1,5,False,1000,1000
2642,52,random,10,0.5902667197452229,0,1,None,66,1,5,False,1000,1000
2643,53,random,10,0.5945461783439491,0,1,None,66,1,5,False,1000,1000
2644,54,random,10,0.5972332802547771,0,1,None,66,1,5,False,1000,1000
2645,50,random,10,0.5796178343949044,0,2,None,66,1,5,False,1000,1000
2646,51,random,10,0.5823049363057324,0,2,None,66,1,5,False,1000,1000
2647,52,random,10,0.5850915605095541,0,2,None,66,1,5,False,1000,1000
2648,53,random,10,0.5890724522292994,0,2,None,66,1,5,False,1000,1000
2649,54,random,10,0.5916600318471338,0,2,None,66,1,5,False,1000,1000
2650,50,random,10,0.5745421974522293,0,21,None,66,1,5,False,1000,1000
2651,51,random,10,0.5896695859872612,0,21,None,66,1,5,False,1000,1000
2652,52,random,10,0.6012141719745223,0,21,None,66,1,5,False,1000,1000
2653,53,random,10,0.6141520700636943,0,21,None,66,1,5,False,1000,1000
2654,54,random,10,0.6217157643312102,0,21,None,66,1,5,False,1000,1000
2655,50,random,10,0.5050756369426752,0,28,None,66,1,5,False,1000,1000
2656,51,random,10,0.5132364649681529,0,28,None,66,1,5,False,1000,1000
2657,52,random,10,0.5210987261146497,0,28,None,66,1,5,False,1000,1000
2658,53,random,10,0.5272691082802548,0,28,None,66,1,5,False,1000,1000
2659,54,random,10,0.5315485668789809,0,28,None,66,1,5,False,1000,1000
2660,50,random,10,0.5866839171974523,0,29,None,66,1,5,False,1000,1000
2661,51,random,10,0.5902667197452229,0,29,None,66,1,5,False,1000,1000
2662,52,random,10,0.5935509554140127,0,29,None,66,1,5,False,1000,1000
2663,53,random,10,0.5976313694267515,0,29,None,66,1,5,False,1000,1000
2664,54,random,10,0.6023089171974523,0,29,None,66,1,5,False,1000,1000
2665,50,random,10,0.4040605095541401,0,15,None,66,1,5,False,1000,1000
2666,51,random,10,0.4103304140127388,0,15,None,66,1,5,False,1000,1000
2667,52,random,10,0.4165007961783439,0,15,None,66,1,5,False,1000,1000
2668,53,random,10,0.419984076433121,0,15,None,66,1,5,False,1000,1000
2669,54,random,10,0.4232683121019108,0,15,None,66,1,5,False,1000,1000
2670,50,random,10,0.5993232484076433,0,13,None,66,1,5,False,1000,1000
2671,51,random,10,0.6075835987261147,0,13,None,66,1,5,False,1000,1000
2672,52,random,10,0.6153463375796179,0,13,None,66,1,5,False,1000,1000
2673,53,random,10,0.6236066878980892,0,13,None,66,1,5,False,1000,1000
2674,54,random,10,0.6291799363057324,0,13,None,66,1,5,False,1000,1000
2675,50,random,10,0.6018113057324841,0,25,None,66,1,5,False,1000,1000
2676,51,random,10,0.6048964968152867,0,25,None,66,1,5,False,1000,1000
2677,52,random,10,0.6073845541401274,0,25,None,66,1,5,False,1000,1000
2678,53,random,10,0.6092754777070064,0,25,None,66,1,5,False,1000,1000
2679,54,random,10,0.6119625796178344,0,25,None,66,1,5,False,1000,1000
2680,50,random,10,0.5848925159235668,0,18,None,66,1,5,False,1000,1000
2681,51,random,10,0.5902667197452229,0,18,None,66,1,5,False,1000,1000
2682,52,random,10,0.595640923566879,0,18,None,66,1,5,False,1000,1000
2683,53,random,10,0.6013136942675159,0,18,None,66,1,5,False,1000,1000
2684,54,random,10,0.6070859872611465,0,18,None,66,1,5,False,1000,1000
2685,50,random,10,0.5391122611464968,0,19,None,66,1,5,False,1000,1000
2686,51,random,10,0.5439888535031847,0,19,None,66,1,5,False,1000,1000
2687,52,random,10,0.5524482484076433,0,19,None,66,1,5,False,1000,1000
2688,53,random,10,0.5599124203821656,0,19,None,66,1,5,False,1000,1000
2689,54,random,10,0.5664808917197452,0,19,None,66,1,5,False,1000,1000
2690,50,random,10,0.5826035031847133,0,31,None,66,1,5,False,1000,1000
2691,51,random,10,0.5916600318471338,0,31,None,66,1,5,False,1000,1000
2692,52,random,10,0.6008160828025477,0,31,None,66,1,5,False,1000,1000
2693,53,random,10,0.6086783439490446,0,31,None,66,1,5,False,1000,1000
2694,54,random,10,0.6146496815286624,0,31,None,66,1,5,False,1000,1000
2695,50,random,10,0.5943471337579618,0,9,None,66,1,5,False,1000,1000
2696,51,random,10,0.5999203821656051,0,9,None,66,1,5,False,1000,1000
2697,52,random,10,0.6038017515923567,0,9,None,66,1,5,False,1000,1000
2698,53,random,10,0.6076831210191083,0,9,None,66,1,5,False,1000,1000
2699,54,random,10,0.6107683121019108,0,9,None,66,1,5,False,1000,1000
2700,50,random,10,0.5590167197452229,0,14,None,66,1,5,False,1000,1000
2701,51,random,10,0.5619028662420382,0,14,None,66,1,5,False,1000,1000
2702,52,random,10,0.5639928343949044,0,14,None,66,1,5,False,1000,1000
2703,53,random,10,0.5654856687898089,0,14,None,66,1,5,False,1000,1000
2704,54,random,10,0.5682722929936306,0,14,None,66,1,5,False,1000,1000
2705,50,random,10,0.5760350318471338,0,26,None,66,1,5,False,1000,1000
2706,51,random,10,0.5849920382165605,0,26,None,66,1,5,False,1000,1000
2707,52,random,10,0.5915605095541401,0,26,None,66,1,5,False,1000,1000
2708,53,random,10,0.5990246815286624,0,26,None,66,1,5,False,1000,1000
2709,54,random,10,0.6032046178343949,0,26,None,66,1,5,False,1000,1000
2710,50,random,10,0.5962380573248408,0,12,None,66,1,5,False,1000,1000
2711,51,random,10,0.6048964968152867,0,12,None,66,1,5,False,1000,1000
2712,52,random,10,0.6114649681528662,0,12,None,66,1,5,False,1000,1000
2713,53,random,10,0.615843949044586,0,12,None,66,1,5,False,1000,1000
2714,54,random,10,0.6197253184713376,0,12,None,66,1,5,False,1000,1000
2715,50,random,10,0.569765127388535,0,30,None,66,1,5,False,1000,1000
2716,51,random,10,0.5758359872611465,0,30,None,66,1,5,False,1000,1000
2717,52,random,10,0.5804140127388535,0,30,None,66,1,5,False,1000,1000
2718,53,random,10,0.5879777070063694,0,30,None,66,1,5,False,1000,1000
2719,54,random,10,0.5928542993630573,0,30,None,66,1,5,False,1000,1000
2720,50,random,10,0.5914609872611465,0,27,None,66,1,5,False,1000,1000
2721,51,random,10,0.5945461783439491,0,27,None,66,1,5,False,1000,1000
2722,52,random,10,0.5950437898089171,0,27,None,66,1,5,False,1000,1000
2723,53,random,10,0.5974323248407644,0,27,None,66,1,5,False,1000,1000
2724,54,random,10,0.6000199044585988,0,27,None,66,1,5,False,1000,1000
2725,50,random,10,0.5683718152866242,0,7,None,66,1,5,False,1000,1000
2726,51,random,10,0.5705613057324841,0,7,None,66,1,5,False,1000,1000
2727,52,random,10,0.5728503184713376,0,7,None,66,1,5,False,1000,1000
2728,53,random,10,0.5758359872611465,0,7,None,66,1,5,False,1000,1000
2729,54,random,10,0.5785230891719745,0,7,None,66,1,5,False,1000,1000
2730,50,random,10,0.5769307324840764,0,16,None,66,1,5,False,1000,1000
2731,51,random,10,0.582703025477707,0,16,None,66,1,5,False,1000,1000
2732,52,random,10,0.5883757961783439,0,16,None,66,1,5,False,1000,1000
2733,53,random,10,0.5945461783439491,0,16,None,66,1,5,False,1000,1000
2734,54,random,10,0.6007165605095541,0,16,None,66,1,5,False,1000,1000
2735,50,random,10,0.6042993630573248,0,5,None,66,1,5,False,1000,1000
2736,51,random,10,0.6091759554140127,0,5,None,66,1,5,False,1000,1000
2737,52,random,10,0.6115644904458599,0,5,None,66,1,5,False,1000,1000
2738,53,random,10,0.6141520700636943,0,5,None,66,1,5,False,1000,1000
2739,54,random,10,0.6173367834394905,0,5,None,66,1,5,False,1000,1000
2740,50,random,10,0.3862460191082802,0,11,None,66,1,5,False,1000,1000
2741,51,random,10,0.3643511146496815,0,11,None,66,1,5,False,1000,1000
2742,52,random,10,0.3562898089171974,0,11,None,66,1,5,False,1000,1000
2743,53,random,10,0.3681329617834395,0,11,None,66,1,5,False,1000,1000
2744,54,random,10,0.3797770700636942,0,11,None,66,1,5,False,1000,1000
2745,50,random,10,0.6704816878980892,0,17,None,66,1,5,False,1000,1000
2746,51,random,10,0.6734673566878981,0,17,None,66,1,5,False,1000,1000
2747,52,random,10,0.6759554140127388,0,17,None,66,1,5,False,1000,1000
2748,53,random,10,0.6766520700636943,0,17,None,66,1,5,False,1000,1000
2749,54,random,10,0.6786425159235668,0,17,None,66,1,5,False,1000,1000
2750,50,random,10,0.5866839171974523,0,24,None,66,1,5,False,1000,1000
2751,51,random,10,0.6036027070063694,0,24,None,66,1,5,False,1000,1000
2752,52,random,10,0.6156449044585988,0,24,None,66,1,5,False,1000,1000
2753,53,random,10,0.6244028662420382,0,24,None,66,1,5,False,1000,1000
2754,54,random,10,0.6310708598726115,0,24,None,66,1,5,False,1000,1000
2755,50,random,10,0.5424960191082803,0,0,None,66,1,5,False,1000,1000
2756,51,random,10,0.5522492038216561,0,0,None,66,1,5,False,1000,1000
2757,52,random,10,0.5596138535031847,0,0,None,66,1,5,False,1000,1000
2758,53,random,10,0.5680732484076433,0,0,None,66,1,5,False,1000,1000
2759,54,random,10,0.5739450636942676,0,0,None,66,1,5,False,1000,1000
2760,50,random,10,0.518312101910828,0,3,None,66,1,5,False,1000,1000
2761,51,random,10,0.5343351910828026,0,3,None,66,1,5,False,1000,1000
2762,52,random,10,0.5502587579617835,0,3,None,66,1,5,False,1000,1000
2763,53,random,10,0.5676751592356688,0,3,None,66,1,5,False,1000,1000
2764,54,random,10,0.5869824840764332,0,3,None,66,1,5,False,1000,1000
2765,50,random,10,0.5665804140127388,0,6,None,66,1,5,False,1000,1000
2766,51,random,10,0.5676751592356688,0,6,None,66,1,5,False,1000,1000
2767,52,random,10,0.5712579617834395,0,6,None,66,1,5,False,1000,1000
2768,53,random,10,0.5761345541401274,0,6,None,66,1,5,False,1000,1000
2769,54,random,10,0.5799164012738853,0,6,None,66,1,5,False,1000,1000
2770,50,random,10,0.5509554140127388,0,4,None,66,1,5,False,1000,1000
2771,51,random,10,0.5561305732484076,0,4,None,66,1,5,False,1000,1000
2772,52,random,10,0.5602109872611465,0,4,None,66,1,5,False,1000,1000
2773,53,random,10,0.5637937898089171,0,4,None,66,1,5,False,1000,1000
2774,54,random,10,0.567078025477707,0,4,None,66,1,5,False,1000,1000
2775,50,random,10,0.5375199044585988,0,8,None,66,1,5,False,1000,1000
2776,51,random,10,0.5384156050955414,0,8,None,66,1,5,False,1000,1000
2777,52,random,10,0.543093152866242,0,8,None,66,1,5,False,1000,1000
2778,53,random,10,0.5462778662420382,0,8,None,66,1,5,False,1000,1000
2779,54,random,10,0.5502587579617835,0,8,None,66,1,5,False,1000,1000
2780,50,random,10,0.3964968152866242,0,10,None,66,1,5,False,1000,1000
2781,51,random,10,0.4087380573248407,0,10,None,66,1,5,False,1000,1000
2782,52,random,10,0.4221735668789809,0,10,None,66,1,5,False,1000,1000
2783,53,random,10,0.4349124203821656,0,10,None,66,1,5,False,1000,1000
2784,54,random,10,0.4478503184713376,0,10,None,66,1,5,False,1000,1000
2785,50,random,10,0.5481687898089171,0,20,None,66,1,5,False,1000,1000
2786,51,random,10,0.5515525477707006,0,20,None,66,1,5,False,1000,1000
2787,52,random,10,0.554140127388535,0,20,None,66,1,5,False,1000,1000
2788,53,random,10,0.5577229299363057,0,20,None,66,1,5,False,1000,1000
2789,54,random,10,0.56140525477707,0,20,None,66,1,5,False,1000,1000
2790,50,random,10,0.605593152866242,0,22,None,66,1,5,False,1000,1000
2791,51,random,10,0.611265923566879,0,22,None,66,1,5,False,1000,1000
2792,52,random,10,0.6162420382165605,0,22,None,66,1,5,False,1000,1000
2793,53,random,10,0.6194267515923567,0,22,None,66,1,5,False,1000,1000
2794,54,random,10,0.6242038216560509,0,22,None,66,1,5,False,1000,1000
2795,50,random,10,0.5682722929936306,0,23,None,66,1,5,False,1000,1000
2796,51,random,10,0.5726512738853503,0,23,None,66,1,5,False,1000,1000
2797,52,random,10,0.5768312101910829,0,23,None,66,1,5,False,1000,1000
2798,53,random,10,0.5810111464968153,0,23,None,66,1,5,False,1000,1000
2799,54,random,10,0.5839968152866242,0,23,None,66,1,5,False,1000,1000
2800,50,random,10,0.5729498407643312,0,32,None,66,1,5,False,1000,1000
2801,51,random,10,0.5824044585987261,0,32,None,66,1,5,False,1000,1000
2802,52,random,10,0.5911624203821656,0,32,None,66,1,5,False,1000,1000
2803,53,random,10,0.5967356687898089,0,32,None,66,1,5,False,1000,1000
2804,54,random,10,0.604796974522293,0,32,None,66,1,5,False,1000,1000
3960,55,random,10,0.5991242038216561,0,1,None,66,1,5,False,1000,1000
3961,56,random,10,0.6022093949044586,0,1,None,66,1,5,False,1000,1000
3962,57,random,10,0.6040007961783439,0,1,None,66,1,5,False,1000,1000
3963,58,random,10,0.60828025477707,0,1,None,66,1,5,False,1000,1000
3964,59,random,10,0.6100716560509554,0,1,None,66,1,5,False,1000,1000
3965,55,random,10,0.6035031847133758,0,2,None,66,1,5,False,1000,1000
3966,56,random,10,0.605593152866242,0,2,None,66,1,5,False,1000,1000
3967,57,random,10,0.6071855095541401,0,2,None,66,1,5,False,1000,1000
3968,58,random,10,0.6088773885350318,0,2,None,66,1,5,False,1000,1000
3969,59,random,10,0.6106687898089171,0,2,None,66,1,5,False,1000,1000
3970,55,random,10,0.6234076433121019,0,5,None,66,1,5,False,1000,1000
3971,56,random,10,0.6274880573248408,0,5,None,66,1,5,False,1000,1000
3972,57,random,10,0.6293789808917197,0,5,None,66,1,5,False,1000,1000
3973,58,random,10,0.6324641719745223,0,5,None,66,1,5,False,1000,1000
3974,59,random,10,0.6353503184713376,0,5,None,66,1,5,False,1000,1000
3975,55,random,10,0.6316679936305732,0,13,None,66,1,5,False,1000,1000
3976,56,random,10,0.6366441082802548,0,13,None,66,1,5,False,1000,1000
3977,57,random,10,0.6385350318471338,0,13,None,66,1,5,False,1000,1000
3978,58,random,10,0.6415207006369427,0,13,None,66,1,5,False,1000,1000
3979,59,random,10,0.6427149681528662,0,13,None,66,1,5,False,1000,1000
3980,55,random,10,0.3942078025477707,0,11,None,66,1,5,False,1000,1000
3981,56,random,10,0.3742038216560509,0,11,None,66,1,5,False,1000,1000
3982,57,random,10,0.3856488853503185,0,11,None,66,1,5,False,1000,1000
3983,58,random,10,0.3986863057324841,0,11,None,66,1,5,False,1000,1000
3984,59,random,10,0.4071457006369426,0,11,None,66,1,5,False,1000,1000
3985,55,random,10,0.5824044585987261,0,20,None,66,1,5,False,1000,1000
3986,56,random,10,0.5842953821656051,0,20,None,66,1,5,False,1000,1000
3987,57,random,10,0.5867834394904459,0,20,None,66,1,5,False,1000,1000
3988,58,random,10,0.5896695859872612,0,20,None,66,1,5,False,1000,1000
3989,59,random,10,0.5924562101910829,0,20,None,66,1,5,False,1000,1000
3990,55,random,10,0.6213176751592356,0,22,None,66,1,5,False,1000,1000
3991,56,random,10,0.6241042993630573,0,22,None,66,1,5,False,1000,1000
3992,57,random,10,0.6274880573248408,0,22,None,66,1,5,False,1000,1000
3993,58,random,10,0.6290804140127388,0,22,None,66,1,5,False,1000,1000
3994,59,random,10,0.6310708598726115,0,22,None,66,1,5,False,1000,1000
3995,55,random,10,0.569765127388535,0,14,None,66,1,5,False,1000,1000
3996,56,random,10,0.5717555732484076,0,14,None,66,1,5,False,1000,1000
3997,57,random,10,0.5738455414012739,0,14,None,66,1,5,False,1000,1000
3998,58,random,10,0.5758359872611465,0,14,None,66,1,5,False,1000,1000
3999,59,random,10,0.5784235668789809,0,14,None,66,1,5,False,1000,1000
4000,55,random,10,0.6779458598726115,0,17,None,66,1,5,False,1000,1000
4001,56,random,10,0.6794386942675159,0,17,None,66,1,5,False,1000,1000
4002,57,random,10,0.6799363057324841,0,17,None,66,1,5,False,1000,1000
4003,58,random,10,0.6820262738853503,0,17,None,66,1,5,False,1000,1000
4004,59,random,10,0.683718152866242,0,17,None,66,1,5,False,1000,1000
4005,55,random,10,0.6250995222929936,0,21,None,66,1,5,False,1000,1000
4006,56,random,10,0.6330613057324841,0,21,None,66,1,5,False,1000,1000
4007,57,random,10,0.6361464968152867,0,21,None,66,1,5,False,1000,1000
4008,58,random,10,0.6389331210191083,0,21,None,66,1,5,False,1000,1000
4009,59,random,10,0.6418192675159236,0,21,None,66,1,5,False,1000,1000
4010,55,random,10,0.6116640127388535,0,25,None,66,1,5,False,1000,1000
4011,56,random,10,0.613156847133758,0,25,None,66,1,5,False,1000,1000
4012,57,random,10,0.6155453821656051,0,25,None,66,1,5,False,1000,1000
4013,58,random,10,0.617734872611465,0,25,None,66,1,5,False,1000,1000
4014,59,random,10,0.6196257961783439,0,25,None,66,1,5,False,1000,1000
4015,55,random,10,0.6080812101910829,0,26,None,66,1,5,False,1000,1000
4016,56,random,10,0.6103702229299363,0,26,None,66,1,5,False,1000,1000
4017,57,random,10,0.613953025477707,0,26,None,66,1,5,False,1000,1000
4018,58,random,10,0.6152468152866242,0,26,None,66,1,5,False,1000,1000
4019,59,random,10,0.6182324840764332,0,26,None,66,1,5,False,1000,1000
4020,55,random,10,0.6171377388535032,0,12,None,66,1,5,False,1000,1000
4021,56,random,10,0.6228105095541401,0,12,None,66,1,5,False,1000,1000
4022,57,random,10,0.6267914012738853,0,12,None,66,1,5,False,1000,1000
4023,58,random,10,0.6321656050955414,0,12,None,66,1,5,False,1000,1000
4024,59,random,10,0.6373407643312102,0,12,None,66,1,5,False,1000,1000
4025,55,random,10,0.6263933121019108,0,24,None,66,1,5,False,1000,1000
4026,56,random,10,0.6337579617834395,0,24,None,66,1,5,False,1000,1000
4027,57,random,10,0.6389331210191083,0,24,None,66,1,5,False,1000,1000
4028,58,random,10,0.6434116242038217,0,24,None,66,1,5,False,1000,1000
4029,59,random,10,0.649781050955414,0,24,None,66,1,5,False,1000,1000
4030,55,random,10,0.5315485668789809,0,28,None,66,1,5,False,1000,1000
4031,56,random,10,0.5357285031847133,0,28,None,66,1,5,False,1000,1000
4032,57,random,10,0.5398089171974523,0,28,None,66,1,5,False,1000,1000
4033,58,random,10,0.5434912420382165,0,28,None,66,1,5,False,1000,1000
4034,59,random,10,0.5464769108280255,0,28,None,66,1,5,False,1000,1000
4035,55,random,10,0.6110668789808917,0,29,None,66,1,5,False,1000,1000
4036,56,random,10,0.615047770700637,0,29,None,66,1,5,False,1000,1000
4037,57,random,10,0.6176353503184714,0,29,None,66,1,5,False,1000,1000
4038,58,random,10,0.6197253184713376,0,29,None,66,1,5,False,1000,1000
4039,59,random,10,0.6220143312101911,0,29,None,66,1,5,False,1000,1000
4040,55,random,10,0.6108678343949044,0,9,None,66,1,5,False,1000,1000
4041,56,random,10,0.6143511146496815,0,9,None,66,1,5,False,1000,1000
4042,57,random,10,0.616640127388535,0,9,None,66,1,5,False,1000,1000
4043,58,random,10,0.6186305732484076,0,9,None,66,1,5,False,1000,1000
4044,59,random,10,0.6208200636942676,0,9,None,66,1,5,False,1000,1000
4045,55,random,10,0.5906648089171974,0,30,None,66,1,5,False,1000,1000
4046,56,random,10,0.5960390127388535,0,30,None,66,1,5,False,1000,1000
4047,57,random,10,0.6008160828025477,0,30,None,66,1,5,False,1000,1000
4048,58,random,10,0.606687898089172,0,30,None,66,1,5,False,1000,1000
4049,59,random,10,0.6111664012738853,0,30,None,66,1,5,False,1000,1000
4050,55,random,10,0.5987261146496815,0,6,None,66,1,5,False,1000,1000
4051,56,random,10,0.5974323248407644,0,6,None,66,1,5,False,1000,1000
4052,57,random,10,0.5981289808917197,0,6,None,66,1,5,False,1000,1000
4053,58,random,10,0.5995222929936306,0,6,None,66,1,5,False,1000,1000
4054,59,random,10,0.6012141719745223,0,6,None,66,1,5,False,1000,1000
4055,55,random,10,0.5984275477707006,0,31,None,66,1,5,False,1000,1000
4056,56,random,10,0.6073845541401274,0,31,None,66,1,5,False,1000,1000
4057,57,random,10,0.6134554140127388,0,31,None,66,1,5,False,1000,1000
4058,58,random,10,0.6189291401273885,0,31,None,66,1,5,False,1000,1000
4059,59,random,10,0.6227109872611465,0,31,None,66,1,5,False,1000,1000
4060,55,random,10,0.6106687898089171,0,27,None,66,1,5,False,1000,1000
4061,56,random,10,0.6124601910828026,0,27,None,66,1,5,False,1000,1000
4062,57,random,10,0.6145501592356688,0,27,None,66,1,5,False,1000,1000
4063,58,random,10,0.6167396496815286,0,27,None,66,1,5,False,1000,1000
4064,59,random,10,0.6178343949044586,0,27,None,66,1,5,False,1000,1000
4065,55,random,10,0.5852906050955414,0,7,None,66,1,5,False,1000,1000
4066,56,random,10,0.5867834394904459,0,7,None,66,1,5,False,1000,1000
4067,57,random,10,0.5888734076433121,0,7,None,66,1,5,False,1000,1000
4068,58,random,10,0.5903662420382165,0,7,None,66,1,5,False,1000,1000
4069,59,random,10,0.5929538216560509,0,7,None,66,1,5,False,1000,1000
4070,55,random,10,0.6111664012738853,0,32,None,66,1,5,False,1000,1000
4071,56,random,10,0.619327229299363,0,32,None,66,1,5,False,1000,1000
4072,57,random,10,0.6263933121019108,0,32,None,66,1,5,False,1000,1000
4073,58,random,10,0.6327627388535032,0,32,None,66,1,5,False,1000,1000
4074,59,random,10,0.6416202229299363,0,32,None,66,1,5,False,1000,1000
4075,55,random,10,0.6030055732484076,0,16,None,66,1,5,False,1000,1000
4076,56,random,10,0.61046974522293,0,16,None,66,1,5,False,1000,1000
4077,57,random,10,0.6167396496815286,0,16,None,66,1,5,False,1000,1000
4078,58,random,10,0.6232085987261147,0,16,None,66,1,5,False,1000,1000
4079,59,random,10,0.6286823248407644,0,16,None,66,1,5,False,1000,1000
4080,55,random,10,0.5618033439490446,0,8,None,66,1,5,False,1000,1000
4081,56,random,10,0.5656847133757962,0,8,None,66,1,5,False,1000,1000
4082,57,random,10,0.5694665605095541,0,8,None,66,1,5,False,1000,1000
4083,58,random,10,0.5741441082802548,0,8,None,66,1,5,False,1000,1000
4084,59,random,10,0.5763335987261147,0,8,None,66,1,5,False,1000,1000
4085,55,random,10,0.5592157643312102,0,19,None,66,1,5,False,1000,1000
4086,56,random,10,0.567078025477707,0,19,None,66,1,5,False,1000,1000
4087,57,random,10,0.5730493630573248,0,19,None,66,1,5,False,1000,1000
4088,58,random,10,0.5802149681528662,0,19,None,66,1,5,False,1000,1000
4089,59,random,10,0.5854896496815286,0,19,None,66,1,5,False,1000,1000
4090,55,random,10,0.5992237261146497,0,18,None,66,1,5,False,1000,1000
4091,56,random,10,0.6049960191082803,0,18,None,66,1,5,False,1000,1000
4092,57,random,10,0.609375,0,18,None,66,1,5,False,1000,1000
4093,58,random,10,0.6155453821656051,0,18,None,66,1,5,False,1000,1000
4094,59,random,10,0.6190286624203821,0,18,None,66,1,5,False,1000,1000
4095,55,random,10,0.5769307324840764,0,4,None,66,1,5,False,1000,1000
4096,56,random,10,0.5780254777070064,0,4,None,66,1,5,False,1000,1000
4097,57,random,10,0.5793192675159236,0,4,None,66,1,5,False,1000,1000
4098,58,random,10,0.5811106687898089,0,4,None,66,1,5,False,1000,1000
4099,59,random,10,0.5821058917197452,0,4,None,66,1,5,False,1000,1000
4100,55,random,10,0.5812101910828026,0,0,None,66,1,5,False,1000,1000
4101,56,random,10,0.5861863057324841,0,0,None,66,1,5,False,1000,1000
4102,57,random,10,0.5913614649681529,0,0,None,66,1,5,False,1000,1000
4103,58,random,10,0.59484474522293,0,0,None,66,1,5,False,1000,1000
4104,59,random,10,0.5993232484076433,0,0,None,66,1,5,False,1000,1000
4105,55,random,10,0.5852906050955414,0,23,None,66,1,5,False,1000,1000
4106,56,random,10,0.5875796178343949,0,23,None,66,1,5,False,1000,1000
4107,57,random,10,0.5905652866242038,0,23,None,66,1,5,False,1000,1000
4108,58,random,10,0.5936504777070064,0,23,None,66,1,5,False,1000,1000
4109,59,random,10,0.5968351910828026,0,23,None,66,1,5,False,1000,1000
4110,55,random,10,0.4482484076433121,0,10,None,66,1,5,False,1000,1000
4111,56,random,10,0.4616839171974522,0,10,None,66,1,5,False,1000,1000
4112,57,random,10,0.4736265923566879,0,10,None,66,1,5,False,1000,1000
4113,58,random,10,0.4868630573248407,0,10,None,66,1,5,False,1000,1000
4114,59,random,10,0.4976114649681528,0,10,None,66,1,5,False,1000,1000
4115,55,random,10,0.429140127388535,0,15,None,66,1,5,False,1000,1000
4116,56,random,10,0.4324243630573248,0,15,None,66,1,5,False,1000,1000
4117,57,random,10,0.4361066878980891,0,15,None,66,1,5,False,1000,1000
4118,58,random,10,0.4391918789808917,0,15,None,66,1,5,False,1000,1000
4119,59,random,10,0.442874203821656,0,15,None,66,1,5,False,1000,1000
4120,55,random,10,0.557921974522293,0,3,None,66,1,5,False,1000,1000
4121,56,random,10,0.5751393312101911,0,3,None,66,1,5,False,1000,1000
4122,57,random,10,0.5950437898089171,0,3,None,66,1,5,False,1000,1000
4123,58,random,10,0.6115644904458599,0,3,None,66,1,5,False,1000,1000
4124,59,random,10,0.6240047770700637,0,3,None,66,1,5,False,1000,1000
4125,60,random,10,0.6161425159235668,0,30,None,66,1,5,False,1000,1000
4126,61,random,10,0.6202229299363057,0,30,None,66,1,5,False,1000,1000
4127,62,random,10,0.6245023885350318,0,30,None,66,1,5,False,1000,1000
4128,63,random,10,0.6275875796178344,0,30,None,66,1,5,False,1000,1000
4129,64,random,10,0.6298765923566879,0,30,None,66,1,5,False,1000,1000
4130,60,random,10,0.6100716560509554,0,1,None,66,1,5,False,1000,1000
4131,61,random,10,0.6100716560509554,0,1,None,66,1,5,False,1000,1000
4132,62,random,10,0.6116640127388535,0,1,None,66,1,5,False,1000,1000
4133,63,random,10,0.612062101910828,0,1,None,66,1,5,False,1000,1000
4134,64,random,10,0.6144506369426752,0,1,None,66,1,5,False,1000,1000
4135,60,random,10,0.6458996815286624,0,21,None,66,1,5,False,1000,1000
4136,61,random,10,0.6481886942675159,0,21,None,66,1,5,False,1000,1000
4137,62,random,10,0.6504777070063694,0,21,None,66,1,5,False,1000,1000
4138,63,random,10,0.6526671974522293,0,21,None,66,1,5,False,1000,1000
4139,64,random,10,0.6547571656050956,0,21,None,66,1,5,False,1000,1000
4140,60,random,10,0.6264928343949044,0,27,None,66,1,5,False,1000,1000
4141,61,random,10,0.6262937898089171,0,27,None,66,1,5,False,1000,1000
4142,62,random,10,0.6271894904458599,0,27,None,66,1,5,False,1000,1000
4143,63,random,10,0.6270899681528662,0,27,None,66,1,5,False,1000,1000
4144,64,random,10,0.6288813694267515,0,27,None,66,1,5,False,1000,1000
4145,60,random,10,0.6252985668789809,0,22,None,66,1,5,False,1000,1000
4146,61,random,10,0.6282842356687898,0,22,None,66,1,5,False,1000,1000
4147,62,random,10,0.6297770700636943,0,22,None,66,1,5,False,1000,1000
4148,63,random,10,0.6317675159235668,0,22,None,66,1,5,False,1000,1000
4149,64,random,10,0.6350517515923567,0,22,None,66,1,5,False,1000,1000
4150,60,random,10,0.5992237261146497,0,23,None,66,1,5,False,1000,1000
4151,61,random,10,0.6017117834394905,0,23,None,66,1,5,False,1000,1000
4152,62,random,10,0.6046974522292994,0,23,None,66,1,5,False,1000,1000
4153,63,random,10,0.6070859872611465,0,23,None,66,1,5,False,1000,1000
4154,64,random,10,0.6095740445859873,0,23,None,66,1,5,False,1000,1000
4155,60,random,10,0.6309713375796179,0,16,None,66,1,5,False,1000,1000
4156,61,random,10,0.634952229299363,0,16,None,66,1,5,False,1000,1000
4157,62,random,10,0.6380374203821656,0,16,None,66,1,5,False,1000,1000
4158,63,random,10,0.6419187898089171,0,16,None,66,1,5,False,1000,1000
4159,64,random,10,0.6445063694267515,0,16,None,66,1,5,False,1000,1000
4160,60,random,10,0.6520700636942676,0,32,None,66,1,5,False,1000,1000
4161,61,random,10,0.6554538216560509,0,32,None,66,1,5,False,1000,1000
4162,62,random,10,0.6592356687898089,0,32,None,66,1,5,False,1000,1000
4163,63,random,10,0.6612261146496815,0,32,None,66,1,5,False,1000,1000
4164,64,random,10,0.6616242038216561,0,32,None,66,1,5,False,1000,1000
4165,60,random,10,0.5776273885350318,0,14,None,66,1,5,False,1000,1000
4166,61,random,10,0.580015923566879,0,14,None,66,1,5,False,1000,1000
4167,62,random,10,0.5829020700636943,0,14,None,66,1,5,False,1000,1000
4168,63,random,10,0.5861863057324841,0,14,None,66,1,5,False,1000,1000
4169,64,random,10,0.5896695859872612,0,14,None,66,1,5,False,1000,1000
4170,60,random,10,0.6299761146496815,0,29,None,66,1,5,False,1000,1000
4171,61,random,10,0.632265127388535,0,29,None,66,1,5,False,1000,1000
4172,62,random,10,0.6339570063694268,0,29,None,66,1,5,False,1000,1000
4173,63,random,10,0.6353503184713376,0,29,None,66,1,5,False,1000,1000
4174,64,random,10,0.6370421974522293,0,29,None,66,1,5,False,1000,1000
4175,60,random,10,0.6182324840764332,0,25,None,66,1,5,False,1000,1000
4176,61,random,10,0.6199243630573248,0,25,None,66,1,5,False,1000,1000
4177,62,random,10,0.6221138535031847,0,25,None,66,1,5,False,1000,1000
4178,63,random,10,0.6244028662420382,0,25,None,66,1,5,False,1000,1000
4179,64,random,10,0.62609474522293,0,25,None,66,1,5,False,1000,1000
4180,60,random,10,0.6081807324840764,0,6,None,66,1,5,False,1000,1000
4181,61,random,10,0.6085788216560509,0,6,None,66,1,5,False,1000,1000
4182,62,random,10,0.6096735668789809,0,6,None,66,1,5,False,1000,1000
4183,63,random,10,0.61046974522293,0,6,None,66,1,5,False,1000,1000
4184,64,random,10,0.6113654458598726,0,6,None,66,1,5,False,1000,1000
4185,60,random,10,0.6220143312101911,0,26,None,66,1,5,False,1000,1000
4186,61,random,10,0.6230095541401274,0,26,None,66,1,5,False,1000,1000
4187,62,random,10,0.6256966560509554,0,26,None,66,1,5,False,1000,1000
4188,63,random,10,0.6275875796178344,0,26,None,66,1,5,False,1000,1000
4189,64,random,10,0.628781847133758,0,26,None,66,1,5,False,1000,1000
4190,60,random,10,0.6571457006369427,0,24,None,66,1,5,False,1000,1000
4191,61,random,10,0.6594347133757962,0,24,None,66,1,5,False,1000,1000
4192,62,random,10,0.6603304140127388,0,24,None,66,1,5,False,1000,1000
4193,63,random,10,0.660828025477707,0,24,None,66,1,5,False,1000,1000
4194,64,random,10,0.662718949044586,0,24,None,66,1,5,False,1000,1000
4195,60,random,10,0.5877786624203821,0,19,None,66,1,5,False,1000,1000
4196,61,random,10,0.5927547770700637,0,19,None,66,1,5,False,1000,1000
4197,62,random,10,0.597531847133758,0,19,None,66,1,5,False,1000,1000
4198,63,random,10,0.6015127388535032,0,19,None,66,1,5,False,1000,1000
4199,64,random,10,0.6052945859872612,0,19,None,66,1,5,False,1000,1000
4200,60,random,10,0.5821058917197452,0,8,None,66,1,5,False,1000,1000
4201,61,random,10,0.5861863057324841,0,8,None,66,1,5,False,1000,1000
4202,62,random,10,0.588077229299363,0,8,None,66,1,5,False,1000,1000
4203,63,random,10,0.589968152866242,0,8,None,66,1,5,False,1000,1000
4204,64,random,10,0.5923566878980892,0,8,None,66,1,5,False,1000,1000
4205,60,random,10,0.6206210191082803,0,31,None,66,1,5,False,1000,1000
4206,61,random,10,0.6247014331210191,0,31,None,66,1,5,False,1000,1000
4207,62,random,10,0.6279856687898089,0,31,None,66,1,5,False,1000,1000
4208,63,random,10,0.6300756369426752,0,31,None,66,1,5,False,1000,1000
4209,64,random,10,0.631468949044586,0,31,None,66,1,5,False,1000,1000
4210,60,random,10,0.6445063694267515,0,13,None,66,1,5,False,1000,1000
4211,61,random,10,0.6459992038216561,0,13,None,66,1,5,False,1000,1000
4212,62,random,10,0.6469944267515924,0,13,None,66,1,5,False,1000,1000
4213,63,random,10,0.647890127388535,0,13,None,66,1,5,False,1000,1000
4214,64,random,10,0.6490843949044586,0,13,None,66,1,5,False,1000,1000
4215,60,random,10,0.6157444267515924,0,2,None,66,1,5,False,1000,1000
4216,61,random,10,0.6163415605095541,0,2,None,66,1,5,False,1000,1000
4217,62,random,10,0.6172372611464968,0,2,None,66,1,5,False,1000,1000
4218,63,random,10,0.6179339171974523,0,2,None,66,1,5,False,1000,1000
4219,64,random,10,0.6195262738853503,0,2,None,66,1,5,False,1000,1000
4220,60,random,10,0.6036027070063694,0,0,None,66,1,5,False,1000,1000
4221,61,random,10,0.6080812101910829,0,0,None,66,1,5,False,1000,1000
4222,62,random,10,0.6100716560509554,0,0,None,66,1,5,False,1000,1000
4223,63,random,10,0.6117635350318471,0,0,None,66,1,5,False,1000,1000
4224,64,random,10,0.6157444267515924,0,0,None,66,1,5,False,1000,1000
4225,60,random,10,0.5751393312101911,0,3,None,66,1,5,False,1000,1000
4226,61,random,10,0.5985270700636943,0,3,None,66,1,5,False,1000,1000
4227,62,random,10,0.6175358280254777,0,3,None,66,1,5,False,1000,1000
4228,63,random,10,0.6337579617834395,0,3,None,66,1,5,False,1000,1000
4229,64,random,10,0.6400278662420382,0,3,None,66,1,5,False,1000,1000
4230,60,random,10,0.5829020700636943,0,4,None,66,1,5,False,1000,1000
4231,61,random,10,0.5842953821656051,0,4,None,66,1,5,False,1000,1000
4232,62,random,10,0.5854896496815286,0,4,None,66,1,5,False,1000,1000
4233,63,random,10,0.587281050955414,0,4,None,66,1,5,False,1000,1000
4234,64,random,10,0.5883757961783439,0,4,None,66,1,5,False,1000,1000
4235,60,random,10,0.6327627388535032,0,5,None,66,1,5,False,1000,1000
4236,61,random,10,0.6358479299363057,0,5,None,66,1,5,False,1000,1000
4237,62,random,10,0.6377388535031847,0,5,None,66,1,5,False,1000,1000
4238,63,random,10,0.6404259554140127,0,5,None,66,1,5,False,1000,1000
4239,64,random,10,0.6416202229299363,0,5,None,66,1,5,False,1000,1000
4240,60,random,10,0.5945461783439491,0,7,None,66,1,5,False,1000,1000
4241,61,random,10,0.5947452229299363,0,7,None,66,1,5,False,1000,1000
4242,62,random,10,0.5959394904458599,0,7,None,66,1,5,False,1000,1000
4243,63,random,10,0.5978304140127388,0,7,None,66,1,5,False,1000,1000
4244,64,random,10,0.5991242038216561,0,7,None,66,1,5,False,1000,1000
4245,60,random,10,0.6243033439490446,0,9,None,66,1,5,False,1000,1000
4246,61,random,10,0.6275875796178344,0,9,None,66,1,5,False,1000,1000
4247,62,random,10,0.6302746815286624,0,9,None,66,1,5,False,1000,1000
4248,63,random,10,0.6327627388535032,0,9,None,66,1,5,False,1000,1000
4249,64,random,10,0.6365445859872612,0,9,None,66,1,5,False,1000,1000
4250,60,random,10,0.4869625796178344,0,10,None,66,1,5,False,1000,1000
4251,61,random,10,0.4979100318471338,0,10,None,66,1,5,False,1000,1000
4252,62,random,10,0.5080613057324841,0,10,None,66,1,5,False,1000,1000
4253,63,random,10,0.517515923566879,0,10,None,66,1,5,False,1000,1000
4254,64,random,10,0.525577229299363,0,10,None,66,1,5,False,1000,1000
4255,60,random,10,0.401671974522293,0,11,None,66,1,5,False,1000,1000
4256,61,random,10,0.4035628980891719,0,11,None,66,1,5,False,1000,1000
4257,62,random,10,0.4045581210191082,0,11,None,66,1,5,False,1000,1000
4258,63,random,10,0.4074442675159235,0,11,None,66,1,5,False,1000,1000
4259,64,random,10,0.4103304140127388,0,11,None,66,1,5,False,1000,1000
4260,60,random,10,0.6414211783439491,0,12,None,66,1,5,False,1000,1000
4261,61,random,10,0.6466958598726115,0,12,None,66,1,5,False,1000,1000
4262,62,random,10,0.6521695859872612,0,12,None,66,1,5,False,1000,1000
4263,63,random,10,0.6574442675159236,0,12,None,66,1,5,False,1000,1000
4264,64,random,10,0.662718949044586,0,12,None,66,1,5,False,1000,1000
4265,60,random,10,0.4477507961783439,0,15,None,66,1,5,False,1000,1000
4266,61,random,10,0.4515326433121019,0,15,None,66,1,5,False,1000,1000
4267,62,random,10,0.4559116242038216,0,15,None,66,1,5,False,1000,1000
4268,63,random,10,0.4588972929936306,0,15,None,66,1,5,False,1000,1000
4269,64,random,10,0.4616839171974522,0,15,None,66,1,5,False,1000,1000
4270,60,random,10,0.5474721337579618,0,17,None,66,1,5,False,1000,1000
4271,61,random,10,0.5637937898089171,0,17,None,66,1,5,False,1000,1000
4272,62,random,10,0.575437898089172,0,17,None,66,1,5,False,1000,1000
4273,63,random,10,0.5847929936305732,0,17,None,66,1,5,False,1000,1000
4274,64,random,10,0.5935509554140127,0,17,None,66,1,5,False,1000,1000
4275,60,random,10,0.6182324840764332,0,18,None,66,1,5,False,1000,1000
4276,61,random,10,0.6221138535031847,0,18,None,66,1,5,False,1000,1000
4277,62,random,10,0.627687101910828,0,18,None,66,1,5,False,1000,1000
4278,63,random,10,0.6315684713375797,0,18,None,66,1,5,False,1000,1000
4279,64,random,10,0.6374402866242038,0,18,None,66,1,5,False,1000,1000
4280,60,random,10,0.5985270700636943,0,20,None,66,1,5,False,1000,1000
4281,61,random,10,0.5999203821656051,0,20,None,66,1,5,False,1000,1000
4282,62,random,10,0.602109872611465,0,20,None,66,1,5,False,1000,1000
4283,63,random,10,0.6031050955414012,0,20,None,66,1,5,False,1000,1000
4284,64,random,10,0.6034036624203821,0,20,None,66,1,5,False,1000,1000
4285,60,random,10,0.5427945859872612,0,28,None,66,1,5,False,1000,1000
4286,61,random,10,0.5460788216560509,0,28,None,66,1,5,False,1000,1000
4287,62,random,10,0.5494625796178344,0,28,None,66,1,5,False,1000,1000
4288,63,random,10,0.5517515923566879,0,28,None,66,1,5,False,1000,1000
4289,64,random,10,0.5547372611464968,0,28,None,66,1,5,False,1000,1000
4290,65,random,10,0.6153463375796179,0,1,None,66,1,5,False,1000,1000
4291,66,random,10,0.6159434713375797,0,1,None,66,1,5,False,1000,1000
4292,67,random,10,0.6178343949044586,0,1,None,66,1,5,False,1000,1000
4293,68,random,10,0.6197253184713376,0,1,None,66,1,5,False,1000,1000
4294,69,random,10,0.620421974522293,0,1,None,66,1,5,False,1000,1000
4295,65,random,10,0.6201234076433121,0,2,None,66,1,5,False,1000,1000
4296,66,random,10,0.6216162420382165,0,2,None,66,1,5,False,1000,1000
4297,67,random,10,0.6230095541401274,0,2,None,66,1,5,False,1000,1000
4298,68,random,10,0.6247014331210191,0,2,None,66,1,5,False,1000,1000
4299,69,random,10,0.6263933121019108,0,2,None,66,1,5,False,1000,1000
4300,65,random,10,0.552547770700637,0,28,None,66,1,5,False,1000,1000
4301,66,random,10,0.5545382165605095,0,28,None,66,1,5,False,1000,1000
4302,67,random,10,0.5574243630573248,0,28,None,66,1,5,False,1000,1000
4303,68,random,10,0.5595143312101911,0,28,None,66,1,5,False,1000,1000
4304,69,random,10,0.5623009554140127,0,28,None,66,1,5,False,1000,1000
4305,65,random,10,0.6447054140127388,0,29,None,66,1,5,False,1000,1000
4306,66,random,10,0.6457006369426752,0,29,None,66,1,5,False,1000,1000
4307,67,random,10,0.6475915605095541,0,29,None,66,1,5,False,1000,1000
4308,68,random,10,0.6486863057324841,0,29,None,66,1,5,False,1000,1000
4309,69,random,10,0.6495820063694268,0,29,None,66,1,5,False,1000,1000
4310,65,random,10,0.6500796178343949,0,13,None,66,1,5,False,1000,1000
4311,66,random,10,0.6509753184713376,0,13,None,66,1,5,False,1000,1000
4312,67,random,10,0.6512738853503185,0,13,None,66,1,5,False,1000,1000
4313,68,random,10,0.652468152866242,0,13,None,66,1,5,False,1000,1000
4314,69,random,10,0.6536624203821656,0,13,None,66,1,5,False,1000,1000
4315,65,random,10,0.4656648089171974,0,15,None,66,1,5,False,1000,1000
4316,66,random,10,0.4692476114649681,0,15,None,66,1,5,False,1000,1000
4317,67,random,10,0.4754179936305732,0,15,None,66,1,5,False,1000,1000
4318,68,random,10,0.4808917197452229,0,15,None,66,1,5,False,1000,1000
4319,69,random,10,0.4877587579617834,0,15,None,66,1,5,False,1000,1000
4320,65,random,10,0.5219944267515924,0,10,None,66,1,5,False,1000,1000
4321,66,random,10,0.5307523885350318,0,10,None,66,1,5,False,1000,1000
4322,67,random,10,0.5379179936305732,0,10,None,66,1,5,False,1000,1000
4323,68,random,10,0.544187898089172,0,10,None,66,1,5,False,1000,1000
4324,69,random,10,0.5510549363057324,0,10,None,66,1,5,False,1000,1000
4325,65,random,10,0.4153065286624204,0,11,None,66,1,5,False,1000,1000
4326,66,random,10,0.4193869426751592,0,11,None,66,1,5,False,1000,1000
4327,67,random,10,0.4262539808917197,0,11,None,66,1,5,False,1000,1000
4328,68,random,10,0.432921974522293,0,11,None,66,1,5,False,1000,1000
4329,69,random,10,0.4442675159235669,0,11,None,66,1,5,False,1000,1000
4330,65,random,10,0.611265923566879,0,20,None,66,1,5,False,1000,1000
4331,66,random,10,0.6122611464968153,0,20,None,66,1,5,False,1000,1000
4332,67,random,10,0.6135549363057324,0,20,None,66,1,5,False,1000,1000
4333,68,random,10,0.6138535031847133,0,20,None,66,1,5,False,1000,1000
4334,69,random,10,0.613953025477707,0,20,None,66,1,5,False,1000,1000
4335,65,random,10,0.6178343949044586,0,3,None,66,1,5,False,1000,1000
4336,66,random,10,0.6371417197452229,0,3,None,66,1,5,False,1000,1000
4337,67,random,10,0.6457006369426752,0,3,None,66,1,5,False,1000,1000
4338,68,random,10,0.6476910828025477,0,3,None,66,1,5,False,1000,1000
4339,69,random,10,0.6525676751592356,0,3,None,66,1,5,False,1000,1000
4340,65,random,10,0.6469944267515924,0,5,None,66,1,5,False,1000,1000
4341,66,random,10,0.6469944267515924,0,5,None,66,1,5,False,1000,1000
4342,67,random,10,0.6481886942675159,0,5,None,66,1,5,False,1000,1000
4343,68,random,10,0.6500796178343949,0,5,None,66,1,5,False,1000,1000
4344,69,random,10,0.6522691082802548,0,5,None,66,1,5,False,1000,1000
4345,65,random,10,0.6684912420382165,0,32,None,66,1,5,False,1000,1000
4346,66,random,10,0.6693869426751592,0,32,None,66,1,5,False,1000,1000
4347,67,random,10,0.669187898089172,0,32,None,66,1,5,False,1000,1000
4348,68,random,10,0.6692874203821656,0,32,None,66,1,5,False,1000,1000
4349,69,random,10,0.6704816878980892,0,32,None,66,1,5,False,1000,1000
4350,65,random,10,0.6269904458598726,0,25,None,66,1,5,False,1000,1000
4351,66,random,10,0.6289808917197452,0,25,None,66,1,5,False,1000,1000
4352,67,random,10,0.6304737261146497,0,25,None,66,1,5,False,1000,1000
4353,68,random,10,0.6320660828025477,0,25,None,66,1,5,False,1000,1000
4354,69,random,10,0.6337579617834395,0,25,None,66,1,5,False,1000,1000
4355,65,random,10,0.6401273885350318,0,9,None,66,1,5,False,1000,1000
4356,66,random,10,0.6431130573248408,0,9,None,66,1,5,False,1000,1000
4357,67,random,10,0.6459992038216561,0,9,None,66,1,5,False,1000,1000
4358,68,random,10,0.6496815286624203,0,9,None,66,1,5,False,1000,1000
4359,69,random,10,0.6546576433121019,0,9,None,66,1,5,False,1000,1000
4360,65,random,10,0.6604299363057324,0,12,None,66,1,5,False,1000,1000
4361,66,random,10,0.6634156050955414,0,12,None,66,1,5,False,1000,1000
4362,67,random,10,0.667296974522293,0,12,None,66,1,5,False,1000,1000
4363,68,random,10,0.67078025477707,0,12,None,66,1,5,False,1000,1000
4364,69,random,10,0.6735668789808917,0,12,None,66,1,5,False,1000,1000
4365,65,random,10,0.6191281847133758,0,6,None,66,1,5,False,1000,1000
4366,66,random,10,0.6197253184713376,0,6,None,66,1,5,False,1000,1000
4367,67,random,10,0.620421974522293,0,6,None,66,1,5,False,1000,1000
4368,68,random,10,0.6207205414012739,0,6,None,66,1,5,False,1000,1000
4369,69,random,10,0.6216162420382165,0,6,None,66,1,5,False,1000,1000
4370,65,random,10,0.6370421974522293,0,26,None,66,1,5,False,1000,1000
4371,66,random,10,0.6377388535031847,0,26,None,66,1,5,False,1000,1000
4372,67,random,10,0.6396297770700637,0,26,None,66,1,5,False,1000,1000
4373,68,random,10,0.6411226114649682,0,26,None,66,1,5,False,1000,1000
4374,69,random,10,0.642515923566879,0,26,None,66,1,5,False,1000,1000
4375,65,random,10,0.5780254777070064,0,17,None,66,1,5,False,1000,1000
4376,66,random,10,0.5870820063694268,0,17,None,66,1,5,False,1000,1000
4377,67,random,10,0.5930533439490446,0,17,None,66,1,5,False,1000,1000
4378,68,random,10,0.5995222929936306,0,17,None,66,1,5,False,1000,1000
4379,69,random,10,0.606687898089172,0,17,None,66,1,5,False,1000,1000
4380,65,random,10,0.6584394904458599,0,21,None,66,1,5,False,1000,1000
4381,66,random,10,0.6594347133757962,0,21,None,66,1,5,False,1000,1000
4382,67,random,10,0.6616242038216561,0,21,None,66,1,5,False,1000,1000
4383,68,random,10,0.6622213375796179,0,21,None,66,1,5,False,1000,1000
4384,69,random,10,0.6638136942675159,0,21,None,66,1,5,False,1000,1000
4385,65,random,10,0.6070859872611465,0,19,None,66,1,5,False,1000,1000
4386,66,random,10,0.6103702229299363,0,19,None,66,1,5,False,1000,1000
4387,67,random,10,0.6141520700636943,0,19,None,66,1,5,False,1000,1000
4388,68,random,10,0.6173367834394905,0,19,None,66,1,5,False,1000,1000
4389,69,random,10,0.621218152866242,0,19,None,66,1,5,False,1000,1000
4390,65,random,10,0.6474920382165605,0,18,None,66,1,5,False,1000,1000
4391,66,random,10,0.6504777070063694,0,18,None,66,1,5,False,1000,1000
4392,67,random,10,0.6537619426751592,0,18,None,66,1,5,False,1000,1000
4393,68,random,10,0.6557523885350318,0,18,None,66,1,5,False,1000,1000
4394,69,random,10,0.658140923566879,0,18,None,66,1,5,False,1000,1000
4395,65,random,10,0.6116640127388535,0,23,None,66,1,5,False,1000,1000
4396,66,random,10,0.6145501592356688,0,23,None,66,1,5,False,1000,1000
4397,67,random,10,0.6178343949044586,0,23,None,66,1,5,False,1000,1000
4398,68,random,10,0.6201234076433121,0,23,None,66,1,5,False,1000,1000
4399,69,random,10,0.622312898089172,0,23,None,66,1,5,False,1000,1000
4400,65,random,10,0.665406050955414,0,24,None,66,1,5,False,1000,1000
4401,66,random,10,0.6669984076433121,0,24,None,66,1,5,False,1000,1000
4402,67,random,10,0.6674960191082803,0,24,None,66,1,5,False,1000,1000
4403,68,random,10,0.6697850318471338,0,24,None,66,1,5,False,1000,1000
4404,69,random,10,0.6723726114649682,0,24,None,66,1,5,False,1000,1000
4405,65,random,10,0.63953025477707,0,27,None,66,1,5,False,1000,1000
4406,66,random,10,0.6400278662420382,0,27,None,66,1,5,False,1000,1000
4407,67,random,10,0.6403264331210191,0,27,None,66,1,5,False,1000,1000
4408,68,random,10,0.6411226114649682,0,27,None,66,1,5,False,1000,1000
4409,69,random,10,0.6416202229299363,0,27,None,66,1,5,False,1000,1000
4410,65,random,10,0.6226114649681529,0,0,None,66,1,5,False,1000,1000
4411,66,random,10,0.6240047770700637,0,0,None,66,1,5,False,1000,1000
4412,67,random,10,0.6256966560509554,0,0,None,66,1,5,False,1000,1000
4413,68,random,10,0.6274880573248408,0,0,None,66,1,5,False,1000,1000
4414,69,random,10,0.6297770700636943,0,0,None,66,1,5,False,1000,1000
4415,65,random,10,0.6267914012738853,0,30,None,66,1,5,False,1000,1000
4416,66,random,10,0.6294785031847133,0,30,None,66,1,5,False,1000,1000
4417,67,random,10,0.6317675159235668,0,30,None,66,1,5,False,1000,1000
4418,68,random,10,0.6340565286624203,0,30,None,66,1,5,False,1000,1000
4419,69,random,10,0.6362460191082803,0,30,None,66,1,5,False,1000,1000
4420,65,random,10,0.6326632165605095,0,31,None,66,1,5,False,1000,1000
4421,66,random,10,0.6343550955414012,0,31,None,66,1,5,False,1000,1000
4422,67,random,10,0.6357484076433121,0,31,None,66,1,5,False,1000,1000
4423,68,random,10,0.6381369426751592,0,31,None,66,1,5,False,1000,1000
4424,69,random,10,0.6397292993630573,0,31,None,66,1,5,False,1000,1000
4425,65,random,10,0.5900676751592356,0,14,None,66,1,5,False,1000,1000
4426,66,random,10,0.5939490445859873,0,14,None,66,1,5,False,1000,1000
4427,67,random,10,0.5967356687898089,0,14,None,66,1,5,False,1000,1000
4428,68,random,10,0.598328025477707,0,14,None,66,1,5,False,1000,1000
4429,69,random,10,0.601015127388535,0,14,None,66,1,5,False,1000,1000
4430,65,random,10,0.6374402866242038,0,22,None,66,1,5,False,1000,1000
4431,66,random,10,0.6388335987261147,0,22,None,66,1,5,False,1000,1000
4432,67,random,10,0.6403264331210191,0,22,None,66,1,5,False,1000,1000
4433,68,random,10,0.6419187898089171,0,22,None,66,1,5,False,1000,1000
4434,69,random,10,0.6438097133757962,0,22,None,66,1,5,False,1000,1000
4435,65,random,10,0.5935509554140127,0,4,None,66,1,5,False,1000,1000
4436,66,random,10,0.5957404458598726,0,4,None,66,1,5,False,1000,1000
4437,67,random,10,0.5986265923566879,0,4,None,66,1,5,False,1000,1000
4438,68,random,10,0.6011146496815286,0,4,None,66,1,5,False,1000,1000
4439,69,random,10,0.6027070063694268,0,4,None,66,1,5,False,1000,1000
4440,65,random,10,0.6005175159235668,0,7,None,66,1,5,False,1000,1000
4441,66,random,10,0.601015127388535,0,7,None,66,1,5,False,1000,1000
4442,67,random,10,0.6013136942675159,0,7,None,66,1,5,False,1000,1000
4443,68,random,10,0.6020103503184714,0,7,None,66,1,5,False,1000,1000
4444,69,random,10,0.6032046178343949,0,7,None,66,1,5,False,1000,1000
4445,65,random,10,0.595640923566879,0,8,None,66,1,5,False,1000,1000
4446,66,random,10,0.5968351910828026,0,8,None,66,1,5,False,1000,1000
4447,67,random,10,0.5978304140127388,0,8,None,66,1,5,False,1000,1000
4448,68,random,10,0.6004179936305732,0,8,None,66,1,5,False,1000,1000
4449,69,random,10,0.6019108280254777,0,8,None,66,1,5,False,1000,1000
4450,65,random,10,0.6485867834394905,0,16,None,66,1,5,False,1000,1000
4451,66,random,10,0.6500796178343949,0,16,None,66,1,5,False,1000,1000
4452,67,random,10,0.6529657643312102,0,16,None,66,1,5,False,1000,1000
4453,68,random,10,0.6544585987261147,0,16,None,66,1,5,False,1000,1000
4454,69,random,10,0.65734474522293,0,16,None,66,1,5,False,1000,1000
4455,70,random,10,0.6364450636942676,0,25,None,66,1,5,False,1000,1000
4456,71,random,10,0.6370421974522293,0,25,None,66,1,5,False,1000,1000
4457,72,random,10,0.6380374203821656,0,25,None,66,1,5,False,1000,1000
4458,73,random,10,0.6400278662420382,0,25,None,66,1,5,False,1000,1000
4459,74,random,10,0.6412221337579618,0,25,None,66,1,5,False,1000,1000
4460,70,random,10,0.4974124203821656,0,15,None,66,1,5,False,1000,1000
4461,71,random,10,0.5052746815286624,0,15,None,66,1,5,False,1000,1000
4462,72,random,10,0.5147292993630573,0,15,None,66,1,5,False,1000,1000
4463,73,random,10,0.5223925159235668,0,15,None,66,1,5,False,1000,1000
4464,74,random,10,0.5298566878980892,0,15,None,66,1,5,False,1000,1000
4465,70,random,10,0.4548168789808917,0,11,None,66,1,5,False,1000,1000
4466,71,random,10,0.4605891719745223,0,11,None,66,1,5,False,1000,1000
4467,72,random,10,0.4694466560509554,0,11,None,66,1,5,False,1000,1000
4468,73,random,10,0.4762141719745223,0,11,None,66,1,5,False,1000,1000
4469,74,random,10,0.4827826433121019,0,11,None,66,1,5,False,1000,1000
4470,70,random,10,0.6230095541401274,0,1,None,66,1,5,False,1000,1000
4471,71,random,10,0.6243033439490446,0,1,None,66,1,5,False,1000,1000
4472,72,random,10,0.626890923566879,0,1,None,66,1,5,False,1000,1000
4473,73,random,10,0.6275875796178344,0,1,None,66,1,5,False,1000,1000
4474,74,random,10,0.6303742038216561,0,1,None,66,1,5,False,1000,1000
4475,70,random,10,0.6275875796178344,0,2,None,66,1,5,False,1000,1000
4476,71,random,10,0.6299761146496815,0,2,None,66,1,5,False,1000,1000
4477,72,random,10,0.630672770700637,0,2,None,66,1,5,False,1000,1000
4478,73,random,10,0.6320660828025477,0,2,None,66,1,5,False,1000,1000
4479,74,random,10,0.6337579617834395,0,2,None,66,1,5,False,1000,1000
4480,70,random,10,0.6546576433121019,0,13,None,66,1,5,False,1000,1000
4481,71,random,10,0.6559514331210191,0,13,None,66,1,5,False,1000,1000
4482,72,random,10,0.6567476114649682,0,13,None,66,1,5,False,1000,1000
4483,73,random,10,0.6575437898089171,0,13,None,66,1,5,False,1000,1000
4484,74,random,10,0.658937101910828,0,13,None,66,1,5,False,1000,1000
4485,70,random,10,0.6568471337579618,0,9,None,66,1,5,False,1000,1000
4486,71,random,10,0.660031847133758,0,9,None,66,1,5,False,1000,1000
4487,72,random,10,0.6641122611464968,0,9,None,66,1,5,False,1000,1000
4488,73,random,10,0.6660031847133758,0,9,None,66,1,5,False,1000,1000
4489,74,random,10,0.6681926751592356,0,9,None,66,1,5,False,1000,1000
4490,70,random,10,0.5508558917197452,0,28,None,66,1,5,False,1000,1000
4491,71,random,10,0.5549363057324841,0,28,None,66,1,5,False,1000,1000
4492,72,random,10,0.5582205414012739,0,28,None,66,1,5,False,1000,1000
4493,73,random,10,0.5608081210191083,0,28,None,66,1,5,False,1000,1000
4494,74,random,10,0.5641918789808917,0,28,None,66,1,5,False,1000,1000
4495,70,random,10,0.6568471337579618,0,29,None,66,1,5,False,1000,1000
4496,71,random,10,0.6572452229299363,0,29,None,66,1,5,False,1000,1000
4497,72,random,10,0.6572452229299363,0,29,None,66,1,5,False,1000,1000
4498,73,random,10,0.6580414012738853,0,29,None,66,1,5,False,1000,1000
4499,74,random,10,0.6586385350318471,0,29,None,66,1,5,False,1000,1000
4500,70,random,10,0.5521496815286624,0,10,None,66,1,5,False,1000,1000
4501,71,random,10,0.5567277070063694,0,10,None,66,1,5,False,1000,1000
4502,72,random,10,0.5610071656050956,0,10,None,66,1,5,False,1000,1000
4503,73,random,10,0.5640923566878981,0,10,None,66,1,5,False,1000,1000
4504,74,random,10,0.5682722929936306,0,10,None,66,1,5,False,1000,1000
4505,70,random,10,0.6213176751592356,0,20,None,66,1,5,False,1000,1000
4506,71,random,10,0.6214171974522293,0,20,None,66,1,5,False,1000,1000
4507,72,random,10,0.6218152866242038,0,20,None,66,1,5,False,1000,1000
4508,73,random,10,0.6222133757961783,0,20,None,66,1,5,False,1000,1000
4509,74,random,10,0.6228105095541401,0,20,None,66,1,5,False,1000,1000
4510,70,random,10,0.637937898089172,0,0,None,66,1,5,False,1000,1000
4511,71,random,10,0.6388335987261147,0,0,None,66,1,5,False,1000,1000
4512,72,random,10,0.6400278662420382,0,0,None,66,1,5,False,1000,1000
4513,73,random,10,0.6405254777070064,0,0,None,66,1,5,False,1000,1000
4514,74,random,10,0.6422173566878981,0,0,None,66,1,5,False,1000,1000
4515,70,random,10,0.6240047770700637,0,23,None,66,1,5,False,1000,1000
4516,71,random,10,0.6253980891719745,0,23,None,66,1,5,False,1000,1000
4517,72,random,10,0.626890923566879,0,23,None,66,1,5,False,1000,1000
4518,73,random,10,0.6283837579617835,0,23,None,66,1,5,False,1000,1000
4519,74,random,10,0.6294785031847133,0,23,None,66,1,5,False,1000,1000
4520,70,random,10,0.6468949044585988,0,22,None,66,1,5,False,1000,1000
4521,71,random,10,0.6483877388535032,0,22,None,66,1,5,False,1000,1000
4522,72,random,10,0.649781050955414,0,22,None,66,1,5,False,1000,1000
4523,73,random,10,0.6506767515923567,0,22,None,66,1,5,False,1000,1000
4524,74,random,10,0.6525676751592356,0,22,None,66,1,5,False,1000,1000
4525,70,random,10,0.6415207006369427,0,31,None,66,1,5,False,1000,1000
4526,71,random,10,0.6421178343949044,0,31,None,66,1,5,False,1000,1000
4527,72,random,10,0.6438097133757962,0,31,None,66,1,5,False,1000,1000
4528,73,random,10,0.646297770700637,0,31,None,66,1,5,False,1000,1000
4529,74,random,10,0.6480891719745223,0,31,None,66,1,5,False,1000,1000
4530,70,random,10,0.6629179936305732,0,18,None,66,1,5,False,1000,1000
4531,71,random,10,0.6651074840764332,0,18,None,66,1,5,False,1000,1000
4532,72,random,10,0.6660031847133758,0,18,None,66,1,5,False,1000,1000
4533,73,random,10,0.6670979299363057,0,18,None,66,1,5,False,1000,1000
4534,74,random,10,0.6686902866242038,0,18,None,66,1,5,False,1000,1000
4535,70,random,10,0.6027070063694268,0,8,None,66,1,5,False,1000,1000
4536,71,random,10,0.6034036624203821,0,8,None,66,1,5,False,1000,1000
4537,72,random,10,0.6051950636942676,0,8,None,66,1,5,False,1000,1000
4538,73,random,10,0.6059912420382165,0,8,None,66,1,5,False,1000,1000
4539,74,random,10,0.6062898089171974,0,8,None,66,1,5,False,1000,1000
4540,70,random,10,0.6250995222929936,0,19,None,66,1,5,False,1000,1000
4541,71,random,10,0.6272890127388535,0,19,None,66,1,5,False,1000,1000
4542,72,random,10,0.6302746815286624,0,19,None,66,1,5,False,1000,1000
4543,73,random,10,0.6325636942675159,0,19,None,66,1,5,False,1000,1000
4544,74,random,10,0.6351512738853503,0,19,None,66,1,5,False,1000,1000
4545,70,random,10,0.5990246815286624,0,17,None,66,1,5,False,1000,1000
4546,71,random,10,0.6057921974522293,0,17,None,66,1,5,False,1000,1000
4547,72,random,10,0.6128582802547771,0,17,None,66,1,5,False,1000,1000
4548,73,random,10,0.615843949044586,0,17,None,66,1,5,False,1000,1000
4549,74,random,10,0.6195262738853503,0,17,None,66,1,5,False,1000,1000
4550,70,random,10,0.6663017515923567,0,21,None,66,1,5,False,1000,1000
4551,71,random,10,0.6668988853503185,0,21,None,66,1,5,False,1000,1000
4552,72,random,10,0.6675955414012739,0,21,None,66,1,5,False,1000,1000
4553,73,random,10,0.6690883757961783,0,21,None,66,1,5,False,1000,1000
4554,74,random,10,0.6715764331210191,0,21,None,66,1,5,False,1000,1000
4555,70,random,10,0.6709792993630573,0,24,None,66,1,5,False,1000,1000
4556,71,random,10,0.6732683121019108,0,24,None,66,1,5,False,1000,1000
4557,72,random,10,0.6757563694267515,0,24,None,66,1,5,False,1000,1000
4558,73,random,10,0.6768511146496815,0,24,None,66,1,5,False,1000,1000
4559,74,random,10,0.6788415605095541,0,24,None,66,1,5,False,1000,1000
4560,70,random,10,0.6476910828025477,0,27,None,66,1,5,False,1000,1000
4561,71,random,10,0.6487858280254777,0,27,None,66,1,5,False,1000,1000
4562,72,random,10,0.6491839171974523,0,27,None,66,1,5,False,1000,1000
4563,73,random,10,0.6501791401273885,0,27,None,66,1,5,False,1000,1000
4564,74,random,10,0.6504777070063694,0,27,None,66,1,5,False,1000,1000
4565,70,random,10,0.6522691082802548,0,5,None,66,1,5,False,1000,1000
4566,71,random,10,0.6538614649681529,0,5,None,66,1,5,False,1000,1000
4567,72,random,10,0.6548566878980892,0,5,None,66,1,5,False,1000,1000
4568,73,random,10,0.65625,0,5,None,66,1,5,False,1000,1000
4569,74,random,10,0.6567476114649682,0,5,None,66,1,5,False,1000,1000
4570,70,random,10,0.6096735668789809,0,4,None,66,1,5,False,1000,1000
4571,71,random,10,0.6133558917197452,0,4,None,66,1,5,False,1000,1000
4572,72,random,10,0.6161425159235668,0,4,None,66,1,5,False,1000,1000
4573,73,random,10,0.6176353503184714,0,4,None,66,1,5,False,1000,1000
4574,74,random,10,0.620421974522293,0,4,None,66,1,5,False,1000,1000
4575,70,random,10,0.6720740445859873,0,12,None,66,1,5,False,1000,1000
4576,71,random,10,0.6749601910828026,0,12,None,66,1,5,False,1000,1000
4577,72,random,10,0.6788415605095541,0,12,None,66,1,5,False,1000,1000
4578,73,random,10,0.6807324840764332,0,12,None,66,1,5,False,1000,1000
4579,74,random,10,0.6827229299363057,0,12,None,66,1,5,False,1000,1000
4580,70,random,10,0.6018113057324841,0,14,None,66,1,5,False,1000,1000
4581,71,random,10,0.6053941082802548,0,14,None,66,1,5,False,1000,1000
4582,72,random,10,0.6078821656050956,0,14,None,66,1,5,False,1000,1000
4583,73,random,10,0.6106687898089171,0,14,None,66,1,5,False,1000,1000
4584,74,random,10,0.6137539808917197,0,14,None,66,1,5,False,1000,1000
4585,70,random,10,0.6424164012738853,0,26,None,66,1,5,False,1000,1000
4586,71,random,10,0.6437101910828026,0,26,None,66,1,5,False,1000,1000
4587,72,random,10,0.6455015923566879,0,26,None,66,1,5,False,1000,1000
4588,73,random,10,0.6474920382165605,0,26,None,66,1,5,False,1000,1000
4589,74,random,10,0.6490843949044586,0,26,None,66,1,5,False,1000,1000
4590,70,random,10,0.6427149681528662,0,30,None,66,1,5,False,1000,1000
4591,71,random,10,0.6434116242038217,0,30,None,66,1,5,False,1000,1000
4592,72,random,10,0.6453025477707006,0,30,None,66,1,5,False,1000,1000
4593,73,random,10,0.6467953821656051,0,30,None,66,1,5,False,1000,1000
4594,74,random,10,0.6481886942675159,0,30,None,66,1,5,False,1000,1000
4595,70,random,10,0.6290804140127388,0,6,None,66,1,5,False,1000,1000
4596,71,random,10,0.6289808917197452,0,6,None,66,1,5,False,1000,1000
4597,72,random,10,0.6290804140127388,0,6,None,66,1,5,False,1000,1000
4598,73,random,10,0.6298765923566879,0,6,None,66,1,5,False,1000,1000
4599,74,random,10,0.6302746815286624,0,6,None,66,1,5,False,1000,1000
4600,70,random,10,0.6457006369426752,0,3,None,66,1,5,False,1000,1000
4601,71,random,10,0.6531648089171974,0,3,None,66,1,5,False,1000,1000
4602,72,random,10,0.6565485668789809,0,3,None,66,1,5,False,1000,1000
4603,73,random,10,0.6590366242038217,0,3,None,66,1,5,False,1000,1000
4604,74,random,10,0.6603304140127388,0,3,None,66,1,5,False,1000,1000
4605,70,random,10,0.6067874203821656,0,7,None,66,1,5,False,1000,1000
4606,71,random,10,0.60828025477707,0,7,None,66,1,5,False,1000,1000
4607,72,random,10,0.6094745222929936,0,7,None,66,1,5,False,1000,1000
4608,73,random,10,0.6099721337579618,0,7,None,66,1,5,False,1000,1000
4609,74,random,10,0.6105692675159236,0,7,None,66,1,5,False,1000,1000
4610,70,random,10,0.676453025477707,0,32,None,66,1,5,False,1000,1000
4611,71,random,10,0.6759554140127388,0,32,None,66,1,5,False,1000,1000
4612,72,random,10,0.6762539808917197,0,32,None,66,1,5,False,1000,1000
4613,73,random,10,0.6761544585987261,0,32,None,66,1,5,False,1000,1000
4614,74,random,10,0.6763535031847133,0,32,None,66,1,5,False,1000,1000
4615,70,random,10,0.6645103503184714,0,16,None,66,1,5,False,1000,1000
4616,71,random,10,0.6660031847133758,0,16,None,66,1,5,False,1000,1000
4617,72,random,10,0.6661027070063694,0,16,None,66,1,5,False,1000,1000
4618,73,random,10,0.6674960191082803,0,16,None,66,1,5,False,1000,1000
4619,74,random,10,0.6689888535031847,0,16,None,66,1,5,False,1000,1000
4620,75,random,10,0.6313694267515924,0,1,None,66,1,5,False,1000,1000
4621,76,random,10,0.6326632165605095,0,1,None,66,1,5,False,1000,1000
4622,77,random,10,0.6348527070063694,0,1,None,66,1,5,False,1000,1000
4623,78,random,10,0.6357484076433121,0,1,None,66,1,5,False,1000,1000
4624,79,random,10,0.6383359872611465,0,1,None,66,1,5,False,1000,1000
4625,75,random,10,0.6738654458598726,0,21,None,66,1,5,False,1000,1000
4626,76,random,10,0.6755573248407644,0,21,None,66,1,5,False,1000,1000
4627,77,random,10,0.6773487261146497,0,21,None,66,1,5,False,1000,1000
4628,78,random,10,0.6792396496815286,0,21,None,66,1,5,False,1000,1000
4629,79,random,10,0.6806329617834395,0,21,None,66,1,5,False,1000,1000
4630,75,random,10,0.658140923566879,0,27,None,66,1,5,False,1000,1000
4631,76,random,10,0.658140923566879,0,27,None,66,1,5,False,1000,1000
4632,77,random,10,0.6592356687898089,0,27,None,66,1,5,False,1000,1000
4633,78,random,10,0.6603304140127388,0,27,None,66,1,5,False,1000,1000
4634,79,random,10,0.6607285031847133,0,27,None,66,1,5,False,1000,1000
4635,75,random,10,0.6578423566878981,0,22,None,66,1,5,False,1000,1000
4636,76,random,10,0.6583399681528662,0,22,None,66,1,5,False,1000,1000
4637,77,random,10,0.6597332802547771,0,22,None,66,1,5,False,1000,1000
4638,78,random,10,0.660828025477707,0,22,None,66,1,5,False,1000,1000
4639,79,random,10,0.6617237261146497,0,22,None,66,1,5,False,1000,1000
4640,75,random,10,0.6308718152866242,0,23,None,66,1,5,False,1000,1000
4641,76,random,10,0.6329617834394905,0,23,None,66,1,5,False,1000,1000
4642,77,random,10,0.6343550955414012,0,23,None,66,1,5,False,1000,1000
4643,78,random,10,0.6366441082802548,0,23,None,66,1,5,False,1000,1000
4644,79,random,10,0.6393312101910829,0,23,None,66,1,5,False,1000,1000
4645,75,random,10,0.6659036624203821,0,29,None,66,1,5,False,1000,1000
4646,76,random,10,0.6659036624203821,0,29,None,66,1,5,False,1000,1000
4647,77,random,10,0.6666998407643312,0,29,None,66,1,5,False,1000,1000
4648,78,random,10,0.667296974522293,0,29,None,66,1,5,False,1000,1000
4649,79,random,10,0.6673964968152867,0,29,None,66,1,5,False,1000,1000
4650,75,random,10,0.6614251592356688,0,13,None,66,1,5,False,1000,1000
4651,76,random,10,0.6626194267515924,0,13,None,66,1,5,False,1000,1000
4652,77,random,10,0.663515127388535,0,13,None,66,1,5,False,1000,1000
4653,78,random,10,0.664609872611465,0,13,None,66,1,5,False,1000,1000
4654,79,random,10,0.665406050955414,0,13,None,66,1,5,False,1000,1000
4655,75,random,10,0.6441082802547771,0,25,None,66,1,5,False,1000,1000
4656,76,random,10,0.6447054140127388,0,25,None,66,1,5,False,1000,1000
4657,77,random,10,0.6463972929936306,0,25,None,66,1,5,False,1000,1000
4658,78,random,10,0.6476910828025477,0,25,None,66,1,5,False,1000,1000
4659,79,random,10,0.6488853503184714,0,25,None,66,1,5,False,1000,1000
4660,75,random,10,0.6795382165605095,0,24,None,66,1,5,False,1000,1000
4661,76,random,10,0.6807324840764332,0,24,None,66,1,5,False,1000,1000
4662,77,random,10,0.6830214968152867,0,24,None,66,1,5,False,1000,1000
4663,78,random,10,0.6865047770700637,0,24,None,66,1,5,False,1000,1000
4664,79,random,10,0.6890923566878981,0,24,None,66,1,5,False,1000,1000
4665,75,random,10,0.6473925159235668,0,31,None,66,1,5,False,1000,1000
4666,76,random,10,0.6488853503184714,0,31,None,66,1,5,False,1000,1000
4667,77,random,10,0.6508757961783439,0,31,None,66,1,5,False,1000,1000
4668,78,random,10,0.6517714968152867,0,31,None,66,1,5,False,1000,1000
4669,79,random,10,0.6544585987261147,0,31,None,66,1,5,False,1000,1000
4670,75,random,10,0.613953025477707,0,14,None,66,1,5,False,1000,1000
4671,76,random,10,0.6164410828025477,0,14,None,66,1,5,False,1000,1000
4672,77,random,10,0.6190286624203821,0,14,None,66,1,5,False,1000,1000
4673,78,random,10,0.6229100318471338,0,14,None,66,1,5,False,1000,1000
4674,79,random,10,0.6251990445859873,0,14,None,66,1,5,False,1000,1000
4675,75,random,10,0.6374402866242038,0,6,None,66,1,5,False,1000,1000
4676,76,random,10,0.637937898089172,0,6,None,66,1,5,False,1000,1000
4677,77,random,10,0.6384355095541401,0,6,None,66,1,5,False,1000,1000
4678,78,random,10,0.6390326433121019,0,6,None,66,1,5,False,1000,1000
4679,79,random,10,0.6401273885350318,0,6,None,66,1,5,False,1000,1000
4680,75,random,10,0.6471934713375797,0,30,None,66,1,5,False,1000,1000
4681,76,random,10,0.6499800955414012,0,30,None,66,1,5,False,1000,1000
4682,77,random,10,0.6513734076433121,0,30,None,66,1,5,False,1000,1000
4683,78,random,10,0.6522691082802548,0,30,None,66,1,5,False,1000,1000
4684,79,random,10,0.6537619426751592,0,30,None,66,1,5,False,1000,1000
4685,75,random,10,0.6500796178343949,0,26,None,66,1,5,False,1000,1000
4686,76,random,10,0.6523686305732485,0,26,None,66,1,5,False,1000,1000
4687,77,random,10,0.6529657643312102,0,26,None,66,1,5,False,1000,1000
4688,78,random,10,0.6540605095541401,0,26,None,66,1,5,False,1000,1000
4689,79,random,10,0.6553542993630573,0,26,None,66,1,5,False,1000,1000
4690,75,random,10,0.6071855095541401,0,8,None,66,1,5,False,1000,1000
4691,76,random,10,0.6087778662420382,0,8,None,66,1,5,False,1000,1000
4692,77,random,10,0.6102707006369427,0,8,None,66,1,5,False,1000,1000
4693,78,random,10,0.6114649681528662,0,8,None,66,1,5,False,1000,1000
4694,79,random,10,0.6125597133757962,0,8,None,66,1,5,False,1000,1000
4695,75,random,10,0.6705812101910829,0,16,None,66,1,5,False,1000,1000
4696,76,random,10,0.6711783439490446,0,16,None,66,1,5,False,1000,1000
4697,77,random,10,0.6727707006369427,0,16,None,66,1,5,False,1000,1000
4698,78,random,10,0.6736664012738853,0,16,None,66,1,5,False,1000,1000
4699,79,random,10,0.6740644904458599,0,16,None,66,1,5,False,1000,1000
4700,75,random,10,0.6380374203821656,0,19,None,66,1,5,False,1000,1000
4701,76,random,10,0.6407245222929936,0,19,None,66,1,5,False,1000,1000
4702,77,random,10,0.6427149681528662,0,19,None,66,1,5,False,1000,1000
4703,78,random,10,0.6459992038216561,0,19,None,66,1,5,False,1000,1000
4704,79,random,10,0.6479896496815286,0,19,None,66,1,5,False,1000,1000
4705,75,random,10,0.634156050955414,0,2,None,66,1,5,False,1000,1000
4706,76,random,10,0.6363455414012739,0,2,None,66,1,5,False,1000,1000
4707,77,random,10,0.6377388535031847,0,2,None,66,1,5,False,1000,1000
4708,78,random,10,0.6382364649681529,0,2,None,66,1,5,False,1000,1000
4709,79,random,10,0.6401273885350318,0,2,None,66,1,5,False,1000,1000
4710,75,random,10,0.649781050955414,0,0,None,66,1,5,False,1000,1000
4711,76,random,10,0.6501791401273885,0,0,None,66,1,5,False,1000,1000
4712,77,random,10,0.6508757961783439,0,0,None,66,1,5,False,1000,1000
4713,78,random,10,0.6508757961783439,0,0,None,66,1,5,False,1000,1000
4714,79,random,10,0.651671974522293,0,0,None,66,1,5,False,1000,1000
4715,75,random,10,0.6591361464968153,0,3,None,66,1,5,False,1000,1000
4716,76,random,10,0.6632165605095541,0,3,None,66,1,5,False,1000,1000
4717,77,random,10,0.6648089171974523,0,3,None,66,1,5,False,1000,1000
4718,78,random,10,0.6664012738853503,0,3,None,66,1,5,False,1000,1000
4719,79,random,10,0.6666003184713376,0,3,None,66,1,5,False,1000,1000
4720,75,random,10,0.6621218152866242,0,5,None,66,1,5,False,1000,1000
4721,76,random,10,0.6622213375796179,0,5,None,66,1,5,False,1000,1000
4722,77,random,10,0.6629179936305732,0,5,None,66,1,5,False,1000,1000
4723,78,random,10,0.6631170382165605,0,5,None,66,1,5,False,1000,1000
4724,79,random,10,0.6642117834394905,0,5,None,66,1,5,False,1000,1000
4725,75,random,10,0.6683917197452229,0,9,None,66,1,5,False,1000,1000
4726,76,random,10,0.67078025477707,0,9,None,66,1,5,False,1000,1000
4727,77,random,10,0.6723726114649682,0,9,None,66,1,5,False,1000,1000
4728,78,random,10,0.6734673566878981,0,9,None,66,1,5,False,1000,1000
4729,79,random,10,0.6751592356687898,0,9,None,66,1,5,False,1000,1000
4730,75,random,10,0.4887539808917197,0,11,None,66,1,5,False,1000,1000
4731,76,random,10,0.4929339171974522,0,11,None,66,1,5,False,1000,1000
4732,77,random,10,0.4968152866242038,0,11,None,66,1,5,False,1000,1000
4733,78,random,10,0.4995023885350318,0,11,None,66,1,5,False,1000,1000
4734,79,random,10,0.5005971337579618,0,11,None,66,1,5,False,1000,1000
4735,75,random,10,0.5692675159235668,0,10,None,66,1,5,False,1000,1000
4736,76,random,10,0.5723527070063694,0,10,None,66,1,5,False,1000,1000
4737,77,random,10,0.5731488853503185,0,10,None,66,1,5,False,1000,1000
4738,78,random,10,0.576234076433121,0,10,None,66,1,5,False,1000,1000
4739,79,random,10,0.5789211783439491,0,10,None,66,1,5,False,1000,1000
4740,75,random,10,0.6801353503184714,0,12,None,66,1,5,False,1000,1000
4741,76,random,10,0.6835191082802548,0,12,None,66,1,5,False,1000,1000
4742,77,random,10,0.6852109872611465,0,12,None,66,1,5,False,1000,1000
4743,78,random,10,0.6881966560509554,0,12,None,66,1,5,False,1000,1000
4744,79,random,10,0.6911823248407644,0,12,None,66,1,5,False,1000,1000
4745,75,random,10,0.5390127388535032,0,15,None,66,1,5,False,1000,1000
4746,76,random,10,0.5473726114649682,0,15,None,66,1,5,False,1000,1000
4747,77,random,10,0.5519506369426752,0,15,None,66,1,5,False,1000,1000
4748,78,random,10,0.5596138535031847,0,15,None,66,1,5,False,1000,1000
4749,79,random,10,0.5659832802547771,0,15,None,66,1,5,False,1000,1000
4750,75,random,10,0.6141520700636943,0,17,None,66,1,5,False,1000,1000
4751,76,random,10,0.6196257961783439,0,17,None,66,1,5,False,1000,1000
4752,77,random,10,0.6224124203821656,0,17,None,66,1,5,False,1000,1000
4753,78,random,10,0.6254976114649682,0,17,None,66,1,5,False,1000,1000
4754,79,random,10,0.6293789808917197,0,17,None,66,1,5,False,1000,1000
4755,75,random,10,0.6742635350318471,0,18,None,66,1,5,False,1000,1000
4756,76,random,10,0.674562101910828,0,18,None,66,1,5,False,1000,1000
4757,77,random,10,0.6752587579617835,0,18,None,66,1,5,False,1000,1000
4758,78,random,10,0.6763535031847133,0,18,None,66,1,5,False,1000,1000
4759,79,random,10,0.6772492038216561,0,18,None,66,1,5,False,1000,1000
4760,75,random,10,0.6301751592356688,0,20,None,66,1,5,False,1000,1000
4761,76,random,10,0.6305732484076433,0,20,None,66,1,5,False,1000,1000
4762,77,random,10,0.6303742038216561,0,20,None,66,1,5,False,1000,1000
4763,78,random,10,0.6312699044585988,0,20,None,66,1,5,False,1000,1000
4764,79,random,10,0.6317675159235668,0,20,None,66,1,5,False,1000,1000
4765,75,random,10,0.5485668789808917,0,28,None,66,1,5,False,1000,1000
4766,76,random,10,0.5535429936305732,0,28,None,66,1,5,False,1000,1000
4767,77,random,10,0.5580214968152867,0,28,None,66,1,5,False,1000,1000
4768,78,random,10,0.5620023885350318,0,28,None,66,1,5,False,1000,1000
4769,79,random,10,0.5658837579617835,0,28,None,66,1,5,False,1000,1000
4770,75,random,10,0.6117635350318471,0,7,None,66,1,5,False,1000,1000
4771,76,random,10,0.613156847133758,0,7,None,66,1,5,False,1000,1000
4772,77,random,10,0.6143511146496815,0,7,None,66,1,5,False,1000,1000
4773,78,random,10,0.6154458598726115,0,7,None,66,1,5,False,1000,1000
4774,79,random,10,0.6171377388535032,0,7,None,66,1,5,False,1000,1000
4775,75,random,10,0.6275875796178344,0,4,None,66,1,5,False,1000,1000
4776,76,random,10,0.6291799363057324,0,4,None,66,1,5,False,1000,1000
4777,77,random,10,0.6315684713375797,0,4,None,66,1,5,False,1000,1000
4778,78,random,10,0.6355493630573248,0,4,None,66,1,5,False,1000,1000
4779,79,random,10,0.6370421974522293,0,4,None,66,1,5,False,1000,1000
4780,75,random,10,0.6886942675159236,0,32,None,66,1,5,False,1000,1000
4781,76,random,10,0.6880971337579618,0,32,None,66,1,5,False,1000,1000
4782,77,random,10,0.6877985668789809,0,32,None,66,1,5,False,1000,1000
4783,78,random,10,0.6879976114649682,0,32,None,66,1,5,False,1000,1000
4784,79,random,10,0.6882961783439491,0,32,None,66,1,5,False,1000,1000
6765,80,random,10,0.6396297770700637,0,1,None,66,1,5,False,1000,1000
6766,81,random,10,0.6416202229299363,0,1,None,66,1,5,False,1000,1000
6767,82,random,10,0.6428144904458599,0,1,None,66,1,5,False,1000,1000
6768,83,random,10,0.6448049363057324,0,1,None,66,1,5,False,1000,1000
6769,84,random,10,0.646297770700637,0,1,None,66,1,5,False,1000,1000
6770,80,random,10,0.64171974522293,0,2,None,66,1,5,False,1000,1000
6771,81,random,10,0.6430135350318471,0,2,None,66,1,5,False,1000,1000
6772,82,random,10,0.6443073248407644,0,2,None,66,1,5,False,1000,1000
6773,83,random,10,0.6450039808917197,0,2,None,66,1,5,False,1000,1000
6774,84,random,10,0.6469944267515924,0,2,None,66,1,5,False,1000,1000
6775,80,random,10,0.6697850318471338,0,5,None,66,1,5,False,1000,1000
6776,81,random,10,0.6716759554140127,0,5,None,66,1,5,False,1000,1000
6777,82,random,10,0.6708797770700637,0,5,None,66,1,5,False,1000,1000
6778,83,random,10,0.6711783439490446,0,5,None,66,1,5,False,1000,1000
6779,84,random,10,0.6722730891719745,0,5,None,66,1,5,False,1000,1000
6780,80,random,10,0.6668988853503185,0,13,None,66,1,5,False,1000,1000
6781,81,random,10,0.6678941082802548,0,13,None,66,1,5,False,1000,1000
6782,82,random,10,0.6685907643312102,0,13,None,66,1,5,False,1000,1000
6783,83,random,10,0.6692874203821656,0,13,None,66,1,5,False,1000,1000
6784,84,random,10,0.6706807324840764,0,13,None,66,1,5,False,1000,1000
6785,80,random,10,0.5741441082802548,0,15,None,66,1,5,False,1000,1000
6786,81,random,10,0.5795183121019108,0,15,None,66,1,5,False,1000,1000
6787,82,random,10,0.5828025477707006,0,15,None,66,1,5,False,1000,1000
6788,83,random,10,0.5865843949044586,0,15,None,66,1,5,False,1000,1000
6789,84,random,10,0.5915605095541401,0,15,None,66,1,5,False,1000,1000
6790,80,random,10,0.5817078025477707,0,10,None,66,1,5,False,1000,1000
6791,81,random,10,0.5831011146496815,0,10,None,66,1,5,False,1000,1000
6792,82,random,10,0.5860867834394905,0,10,None,66,1,5,False,1000,1000
6793,83,random,10,0.5889729299363057,0,10,None,66,1,5,False,1000,1000
6794,84,random,10,0.5901671974522293,0,10,None,66,1,5,False,1000,1000
6795,80,random,10,0.5039808917197452,0,11,None,66,1,5,False,1000,1000
6796,81,random,10,0.5051751592356688,0,11,None,66,1,5,False,1000,1000
6797,82,random,10,0.5076632165605095,0,11,None,66,1,5,False,1000,1000
6798,83,random,10,0.5108479299363057,0,11,None,66,1,5,False,1000,1000
6799,84,random,10,0.5142316878980892,0,11,None,66,1,5,False,1000,1000
6800,80,random,10,0.6393312101910829,0,20,None,66,1,5,False,1000,1000
6801,81,random,10,0.6386345541401274,0,20,None,66,1,5,False,1000,1000
6802,82,random,10,0.6392316878980892,0,20,None,66,1,5,False,1000,1000
6803,83,random,10,0.6394307324840764,0,20,None,66,1,5,False,1000,1000
6804,84,random,10,0.6400278662420382,0,20,None,66,1,5,False,1000,1000
6805,80,random,10,0.6402269108280255,0,23,None,66,1,5,False,1000,1000
6806,81,random,10,0.6421178343949044,0,23,None,66,1,5,False,1000,1000
6807,82,random,10,0.6437101910828026,0,23,None,66,1,5,False,1000,1000
6808,83,random,10,0.645203025477707,0,23,None,66,1,5,False,1000,1000
6809,84,random,10,0.6461982484076433,0,23,None,66,1,5,False,1000,1000
6810,80,random,10,0.6252985668789809,0,17,None,66,1,5,False,1000,1000
6811,81,random,10,0.6281847133757962,0,17,None,66,1,5,False,1000,1000
6812,82,random,10,0.6308718152866242,0,17,None,66,1,5,False,1000,1000
6813,83,random,10,0.6340565286624203,0,17,None,66,1,5,False,1000,1000
6814,84,random,10,0.6365445859872612,0,17,None,66,1,5,False,1000,1000
6815,80,random,10,0.6840167197452229,0,21,None,66,1,5,False,1000,1000
6816,81,random,10,0.6855095541401274,0,21,None,66,1,5,False,1000,1000
6817,82,random,10,0.68640525477707,0,21,None,66,1,5,False,1000,1000
6818,83,random,10,0.6872014331210191,0,21,None,66,1,5,False,1000,1000
6819,84,random,10,0.689390923566879,0,21,None,66,1,5,False,1000,1000
6820,80,random,10,0.6529657643312102,0,25,None,66,1,5,False,1000,1000
6821,81,random,10,0.6537619426751592,0,25,None,66,1,5,False,1000,1000
6822,82,random,10,0.6540605095541401,0,25,None,66,1,5,False,1000,1000
6823,83,random,10,0.6557523885350318,0,25,None,66,1,5,False,1000,1000
6824,84,random,10,0.6572452229299363,0,25,None,66,1,5,False,1000,1000
6825,80,random,10,0.6889928343949044,0,24,None,66,1,5,False,1000,1000
6826,81,random,10,0.6915804140127388,0,24,None,66,1,5,False,1000,1000
6827,82,random,10,0.6934713375796179,0,24,None,66,1,5,False,1000,1000
6828,83,random,10,0.6951632165605095,0,24,None,66,1,5,False,1000,1000
6829,84,random,10,0.6973527070063694,0,24,None,66,1,5,False,1000,1000
6830,80,random,10,0.5488654458598726,0,28,None,66,1,5,False,1000,1000
6831,81,random,10,0.5549363057324841,0,28,None,66,1,5,False,1000,1000
6832,82,random,10,0.5609076433121019,0,28,None,66,1,5,False,1000,1000
6833,83,random,10,0.566281847133758,0,28,None,66,1,5,False,1000,1000
6834,84,random,10,0.5712579617834395,0,28,None,66,1,5,False,1000,1000
6835,80,random,10,0.6692874203821656,0,3,None,66,1,5,False,1000,1000
6836,81,random,10,0.6709792993630573,0,3,None,66,1,5,False,1000,1000
6837,82,random,10,0.671875,0,3,None,66,1,5,False,1000,1000
6838,83,random,10,0.6730692675159236,0,3,None,66,1,5,False,1000,1000
6839,84,random,10,0.6740644904458599,0,3,None,66,1,5,False,1000,1000
6840,80,random,10,0.673765923566879,0,29,None,66,1,5,False,1000,1000
6841,81,random,10,0.6746616242038217,0,29,None,66,1,5,False,1000,1000
6842,82,random,10,0.6755573248407644,0,29,None,66,1,5,False,1000,1000
6843,83,random,10,0.6765525477707006,0,29,None,66,1,5,False,1000,1000
6844,84,random,10,0.6780453821656051,0,29,None,66,1,5,False,1000,1000
6845,80,random,10,0.6597332802547771,0,30,None,66,1,5,False,1000,1000
6846,81,random,10,0.6613256369426752,0,30,None,66,1,5,False,1000,1000
6847,82,random,10,0.6622213375796179,0,30,None,66,1,5,False,1000,1000
6848,83,random,10,0.6630175159235668,0,30,None,66,1,5,False,1000,1000
6849,84,random,10,0.6644108280254777,0,30,None,66,1,5,False,1000,1000
6850,80,random,10,0.6544585987261147,0,31,None,66,1,5,False,1000,1000
6851,81,random,10,0.6560509554140127,0,31,None,66,1,5,False,1000,1000
6852,82,random,10,0.6571457006369427,0,31,None,66,1,5,False,1000,1000
6853,83,random,10,0.658937101910828,0,31,None,66,1,5,False,1000,1000
6854,84,random,10,0.6606289808917197,0,31,None,66,1,5,False,1000,1000
6855,80,random,10,0.667296974522293,0,27,None,66,1,5,False,1000,1000
6856,81,random,10,0.6677945859872612,0,27,None,66,1,5,False,1000,1000
6857,82,random,10,0.6679936305732485,0,27,None,66,1,5,False,1000,1000
6858,83,random,10,0.6684912420382165,0,27,None,66,1,5,False,1000,1000
6859,84,random,10,0.6685907643312102,0,27,None,66,1,5,False,1000,1000
6860,80,random,10,0.6205214968152867,0,7,None,66,1,5,False,1000,1000
6861,81,random,10,0.6226114649681529,0,7,None,66,1,5,False,1000,1000
6862,82,random,10,0.6234076433121019,0,7,None,66,1,5,False,1000,1000
6863,83,random,10,0.62390525477707,0,7,None,66,1,5,False,1000,1000
6864,84,random,10,0.6246019108280255,0,7,None,66,1,5,False,1000,1000
6865,80,random,10,0.6938694267515924,0,32,None,66,1,5,False,1000,1000
6866,81,random,10,0.6933718152866242,0,32,None,66,1,5,False,1000,1000
6867,82,random,10,0.692078025477707,0,32,None,66,1,5,False,1000,1000
6868,83,random,10,0.6924761146496815,0,32,None,66,1,5,False,1000,1000
6869,84,random,10,0.693172770700637,0,32,None,66,1,5,False,1000,1000
6870,80,random,10,0.643312101910828,0,4,None,66,1,5,False,1000,1000
6871,81,random,10,0.6442078025477707,0,4,None,66,1,5,False,1000,1000
6872,82,random,10,0.6465963375796179,0,4,None,66,1,5,False,1000,1000
6873,83,random,10,0.6490843949044586,0,4,None,66,1,5,False,1000,1000
6874,84,random,10,0.6492834394904459,0,4,None,66,1,5,False,1000,1000
6875,80,random,10,0.6597332802547771,0,0,None,66,1,5,False,1000,1000
6876,81,random,10,0.6586385350318471,0,0,None,66,1,5,False,1000,1000
6877,82,random,10,0.6591361464968153,0,0,None,66,1,5,False,1000,1000
6878,83,random,10,0.6598328025477707,0,0,None,66,1,5,False,1000,1000
6879,84,random,10,0.6617237261146497,0,0,None,66,1,5,False,1000,1000
6880,80,random,10,0.678343949044586,0,16,None,66,1,5,False,1000,1000
6881,81,random,10,0.6788415605095541,0,16,None,66,1,5,False,1000,1000
6882,82,random,10,0.6788415605095541,0,16,None,66,1,5,False,1000,1000
6883,83,random,10,0.6794386942675159,0,16,None,66,1,5,False,1000,1000
6884,84,random,10,0.6807324840764332,0,16,None,66,1,5,False,1000,1000
6885,80,random,10,0.613156847133758,0,8,None,66,1,5,False,1000,1000
6886,81,random,10,0.6152468152866242,0,8,None,66,1,5,False,1000,1000
6887,82,random,10,0.6170382165605095,0,8,None,66,1,5,False,1000,1000
6888,83,random,10,0.618531050955414,0,8,None,66,1,5,False,1000,1000
6889,84,random,10,0.6189291401273885,0,8,None,66,1,5,False,1000,1000
6890,80,random,10,0.681827229299363,0,18,None,66,1,5,False,1000,1000
6891,81,random,10,0.6820262738853503,0,18,None,66,1,5,False,1000,1000
6892,82,random,10,0.682921974522293,0,18,None,66,1,5,False,1000,1000
6893,83,random,10,0.6833200636942676,0,18,None,66,1,5,False,1000,1000
6894,84,random,10,0.6846138535031847,0,18,None,66,1,5,False,1000,1000
6895,80,random,10,0.6501791401273885,0,19,None,66,1,5,False,1000,1000
6896,81,random,10,0.6523686305732485,0,19,None,66,1,5,False,1000,1000
6897,82,random,10,0.6538614649681529,0,19,None,66,1,5,False,1000,1000
6898,83,random,10,0.6559514331210191,0,19,None,66,1,5,False,1000,1000
6899,84,random,10,0.6571457006369427,0,19,None,66,1,5,False,1000,1000
6900,80,random,10,0.6248009554140127,0,14,None,66,1,5,False,1000,1000
6901,81,random,10,0.6284832802547771,0,14,None,66,1,5,False,1000,1000
6902,82,random,10,0.6311703821656051,0,14,None,66,1,5,False,1000,1000
6903,83,random,10,0.6329617834394905,0,14,None,66,1,5,False,1000,1000
6904,84,random,10,0.6350517515923567,0,14,None,66,1,5,False,1000,1000
6905,80,random,10,0.6767515923566879,0,9,None,66,1,5,False,1000,1000
6906,81,random,10,0.6788415605095541,0,9,None,66,1,5,False,1000,1000
6907,82,random,10,0.6806329617834395,0,9,None,66,1,5,False,1000,1000
6908,83,random,10,0.6830214968152867,0,9,None,66,1,5,False,1000,1000
6909,84,random,10,0.6840167197452229,0,9,None,66,1,5,False,1000,1000
6910,80,random,10,0.6664012738853503,0,22,None,66,1,5,False,1000,1000
6911,81,random,10,0.667296974522293,0,22,None,66,1,5,False,1000,1000
6912,82,random,10,0.6684912420382165,0,22,None,66,1,5,False,1000,1000
6913,83,random,10,0.6694864649681529,0,22,None,66,1,5,False,1000,1000
6914,84,random,10,0.6704816878980892,0,22,None,66,1,5,False,1000,1000
6915,85,random,10,0.650577229299363,0,19,None,66,1,5,False,1000,1000
6916,86,random,10,0.653562898089172,0,19,None,66,1,5,False,1000,1000
6917,87,random,10,0.6567476114649682,0,19,None,66,1,5,False,1000,1000
6918,88,random,10,0.6586385350318471,0,19,None,66,1,5,False,1000,1000
6919,89,random,10,0.6602308917197452,0,19,None,66,1,5,False,1000,1000
6920,85,random,10,0.6613256369426752,0,31,None,66,1,5,False,1000,1000
6921,86,random,10,0.6622213375796179,0,31,None,66,1,5,False,1000,1000
6922,87,random,10,0.6633160828025477,0,31,None,66,1,5,False,1000,1000
6923,88,random,10,0.664609872611465,0,31,None,66,1,5,False,1000,1000
6924,89,random,10,0.6669984076433121,0,31,None,66,1,5,False,1000,1000
6925,80,random,10,0.6872014331210191,0,12,None,66,1,5,False,1000,1000
6926,81,random,10,0.691281847133758,0,12,None,66,1,5,False,1000,1000
6927,82,random,10,0.6942675159235668,0,12,None,66,1,5,False,1000,1000
6928,83,random,10,0.6962579617834395,0,12,None,66,1,5,False,1000,1000
6929,84,random,10,0.6979498407643312,0,12,None,66,1,5,False,1000,1000
6930,80,random,10,0.6482882165605095,0,6,None,66,1,5,False,1000,1000
6931,81,random,10,0.6487858280254777,0,6,None,66,1,5,False,1000,1000
6932,82,random,10,0.6490843949044586,0,6,None,66,1,5,False,1000,1000
6933,83,random,10,0.6499800955414012,0,6,None,66,1,5,False,1000,1000
6934,84,random,10,0.6504777070063694,0,6,None,66,1,5,False,1000,1000
6935,80,random,10,0.663515127388535,0,26,None,66,1,5,False,1000,1000
6936,81,random,10,0.6644108280254777,0,26,None,66,1,5,False,1000,1000
6937,82,random,10,0.6664012738853503,0,26,None,66,1,5,False,1000,1000
6938,83,random,10,0.6678941082802548,0,26,None,66,1,5,False,1000,1000
6939,84,random,10,0.6690883757961783,0,26,None,66,1,5,False,1000,1000
6940,85,random,10,0.6847133757961783,0,29,None,66,1,5,False,1000,1000
6941,86,random,10,0.6855095541401274,0,29,None,66,1,5,False,1000,1000
6942,87,random,10,0.6862062101910829,0,29,None,66,1,5,False,1000,1000
6943,88,random,10,0.6868033439490446,0,29,None,66,1,5,False,1000,1000
6944,89,random,10,0.6871019108280255,0,29,None,66,1,5,False,1000,1000
6945,85,random,10,0.6477906050955414,0,1,None,66,1,5,False,1000,1000
6946,86,random,10,0.6482882165605095,0,1,None,66,1,5,False,1000,1000
6947,87,random,10,0.6496815286624203,0,1,None,66,1,5,False,1000,1000
6948,88,random,10,0.6510748407643312,0,1,None,66,1,5,False,1000,1000
6949,89,random,10,0.6529657643312102,0,1,None,66,1,5,False,1000,1000
6950,85,random,10,0.6924761146496815,0,21,None,66,1,5,False,1000,1000
6951,86,random,10,0.6945660828025477,0,21,None,66,1,5,False,1000,1000
6952,87,random,10,0.6959593949044586,0,21,None,66,1,5,False,1000,1000
6953,88,random,10,0.6978503184713376,0,21,None,66,1,5,False,1000,1000
6954,89,random,10,0.6991441082802548,0,21,None,66,1,5,False,1000,1000
6955,85,random,10,0.6994426751592356,0,24,None,66,1,5,False,1000,1000
6956,86,random,10,0.7015326433121019,0,24,None,66,1,5,False,1000,1000
6957,87,random,10,0.7023288216560509,0,24,None,66,1,5,False,1000,1000
6958,88,random,10,0.705015923566879,0,24,None,66,1,5,False,1000,1000
6959,89,random,10,0.7080015923566879,0,24,None,66,1,5,False,1000,1000
6960,85,random,10,0.6335589171974523,0,2,None,66,1,5,False,1000,1000
6961,86,random,10,0.6351512738853503,0,2,None,66,1,5,False,1000,1000
6962,87,random,10,0.6362460191082803,0,2,None,66,1,5,False,1000,1000
6963,88,random,10,0.6377388535031847,0,2,None,66,1,5,False,1000,1000
6964,89,random,10,0.6388335987261147,0,2,None,66,1,5,False,1000,1000
6965,85,random,10,0.5447850318471338,0,11,None,66,1,5,False,1000,1000
6966,86,random,10,0.553343949044586,0,11,None,66,1,5,False,1000,1000
6967,87,random,10,0.5605095541401274,0,11,None,66,1,5,False,1000,1000
6968,88,random,10,0.5657842356687898,0,11,None,66,1,5,False,1000,1000
6969,89,random,10,0.5711584394904459,0,11,None,66,1,5,False,1000,1000
6970,85,random,10,0.5997213375796179,0,15,None,66,1,5,False,1000,1000
6971,86,random,10,0.6001194267515924,0,15,None,66,1,5,False,1000,1000
6972,87,random,10,0.6023089171974523,0,15,None,66,1,5,False,1000,1000
6973,88,random,10,0.6058917197452229,0,15,None,66,1,5,False,1000,1000
6974,89,random,10,0.6076831210191083,0,15,None,66,1,5,False,1000,1000
6975,85,random,10,0.6863057324840764,0,17,None,66,1,5,False,1000,1000
6976,86,random,10,0.68640525477707,0,17,None,66,1,5,False,1000,1000
6977,87,random,10,0.6868033439490446,0,17,None,66,1,5,False,1000,1000
6978,88,random,10,0.68640525477707,0,17,None,66,1,5,False,1000,1000
6979,89,random,10,0.6865047770700637,0,17,None,66,1,5,False,1000,1000
6980,85,random,10,0.6833200636942676,0,18,None,66,1,5,False,1000,1000
6981,86,random,10,0.683718152866242,0,18,None,66,1,5,False,1000,1000
6982,87,random,10,0.6840167197452229,0,18,None,66,1,5,False,1000,1000
6983,88,random,10,0.6841162420382165,0,18,None,66,1,5,False,1000,1000
6984,89,random,10,0.6844148089171974,0,18,None,66,1,5,False,1000,1000
6985,85,random,10,0.6822253184713376,0,13,None,66,1,5,False,1000,1000
6986,86,random,10,0.6827229299363057,0,13,None,66,1,5,False,1000,1000
6987,87,random,10,0.6844148089171974,0,13,None,66,1,5,False,1000,1000
6988,88,random,10,0.6852109872611465,0,13,None,66,1,5,False,1000,1000
6989,89,random,10,0.6858081210191083,0,13,None,66,1,5,False,1000,1000
6990,85,random,10,0.6582404458598726,0,25,None,66,1,5,False,1000,1000
6991,86,random,10,0.6593351910828026,0,25,None,66,1,5,False,1000,1000
6992,87,random,10,0.6602308917197452,0,25,None,66,1,5,False,1000,1000
6993,88,random,10,0.6616242038216561,0,25,None,66,1,5,False,1000,1000
6994,89,random,10,0.6624203821656051,0,25,None,66,1,5,False,1000,1000
6995,85,random,10,0.6723726114649682,0,26,None,66,1,5,False,1000,1000
6996,86,random,10,0.6731687898089171,0,26,None,66,1,5,False,1000,1000
6997,87,random,10,0.6736664012738853,0,26,None,66,1,5,False,1000,1000
6998,88,random,10,0.6753582802547771,0,26,None,66,1,5,False,1000,1000
6999,89,random,10,0.6766520700636943,0,26,None,66,1,5,False,1000,1000
7000,85,random,10,0.7016321656050956,0,12,None,66,1,5,False,1000,1000
7001,86,random,10,0.7033240445859873,0,12,None,66,1,5,False,1000,1000
7002,87,random,10,0.7049164012738853,0,12,None,66,1,5,False,1000,1000
7003,88,random,10,0.7056130573248408,0,12,None,66,1,5,False,1000,1000
7004,89,random,10,0.7061106687898089,0,12,None,66,1,5,False,1000,1000
7005,85,random,10,0.6161425159235668,0,8,None,66,1,5,False,1000,1000
7006,86,random,10,0.6186305732484076,0,8,None,66,1,5,False,1000,1000
7007,87,random,10,0.6194267515923567,0,8,None,66,1,5,False,1000,1000
7008,88,random,10,0.6202229299363057,0,8,None,66,1,5,False,1000,1000
7009,89,random,10,0.6209195859872612,0,8,None,66,1,5,False,1000,1000
7010,85,random,10,0.6146496815286624,0,4,None,66,1,5,False,1000,1000
7011,86,random,10,0.615843949044586,0,4,None,66,1,5,False,1000,1000
7012,87,random,10,0.6159434713375797,0,4,None,66,1,5,False,1000,1000
7013,88,random,10,0.6175358280254777,0,4,None,66,1,5,False,1000,1000
7014,89,random,10,0.6199243630573248,0,4,None,66,1,5,False,1000,1000
7015,85,random,10,0.5906648089171974,0,10,None,66,1,5,False,1000,1000
7016,86,random,10,0.59265525477707,0,10,None,66,1,5,False,1000,1000
7017,87,random,10,0.5958399681528662,0,10,None,66,1,5,False,1000,1000
7018,88,random,10,0.5981289808917197,0,10,None,66,1,5,False,1000,1000
7019,89,random,10,0.6009156050955414,0,10,None,66,1,5,False,1000,1000
7020,85,random,10,0.6336584394904459,0,20,None,66,1,5,False,1000,1000
7021,86,random,10,0.6329617834394905,0,20,None,66,1,5,False,1000,1000
7022,87,random,10,0.6343550955414012,0,20,None,66,1,5,False,1000,1000
7023,88,random,10,0.6347531847133758,0,20,None,66,1,5,False,1000,1000
7024,89,random,10,0.6347531847133758,0,20,None,66,1,5,False,1000,1000
7025,85,random,10,0.6389331210191083,0,23,None,66,1,5,False,1000,1000
7026,86,random,10,0.63953025477707,0,23,None,66,1,5,False,1000,1000
7027,87,random,10,0.6405254777070064,0,23,None,66,1,5,False,1000,1000
7028,88,random,10,0.6419187898089171,0,23,None,66,1,5,False,1000,1000
7029,89,random,10,0.6435111464968153,0,23,None,66,1,5,False,1000,1000
7030,85,random,10,0.6633160828025477,0,5,None,66,1,5,False,1000,1000
7031,86,random,10,0.6642117834394905,0,5,None,66,1,5,False,1000,1000
7032,87,random,10,0.6660031847133758,0,5,None,66,1,5,False,1000,1000
7033,88,random,10,0.6671974522292994,0,5,None,66,1,5,False,1000,1000
7034,89,random,10,0.6674960191082803,0,5,None,66,1,5,False,1000,1000
7035,85,random,10,0.6787420382165605,0,16,None,66,1,5,False,1000,1000
7036,86,random,10,0.6789410828025477,0,16,None,66,1,5,False,1000,1000
7037,87,random,10,0.6794386942675159,0,16,None,66,1,5,False,1000,1000
7038,88,random,10,0.6795382165605095,0,16,None,66,1,5,False,1000,1000
7039,89,random,10,0.6798367834394905,0,16,None,66,1,5,False,1000,1000
7040,85,random,10,0.6257961783439491,0,7,None,66,1,5,False,1000,1000
7041,86,random,10,0.6266918789808917,0,7,None,66,1,5,False,1000,1000
7042,87,random,10,0.6269904458598726,0,7,None,66,1,5,False,1000,1000
7043,88,random,10,0.6285828025477707,0,7,None,66,1,5,False,1000,1000
7044,89,random,10,0.6298765923566879,0,7,None,66,1,5,False,1000,1000
7045,85,random,10,0.6824243630573248,0,32,None,66,1,5,False,1000,1000
7046,86,random,10,0.6826234076433121,0,32,None,66,1,5,False,1000,1000
7047,87,random,10,0.6833200636942676,0,32,None,66,1,5,False,1000,1000
7048,88,random,10,0.6835191082802548,0,32,None,66,1,5,False,1000,1000
7049,89,random,10,0.6847133757961783,0,32,None,66,1,5,False,1000,1000
7050,85,random,10,0.6815286624203821,0,9,None,66,1,5,False,1000,1000
7051,86,random,10,0.6822253184713376,0,9,None,66,1,5,False,1000,1000
7052,87,random,10,0.6840167197452229,0,9,None,66,1,5,False,1000,1000
7053,88,random,10,0.6847133757961783,0,9,None,66,1,5,False,1000,1000
7054,89,random,10,0.685609076433121,0,9,None,66,1,5,False,1000,1000
7055,85,random,10,0.6311703821656051,0,14,None,66,1,5,False,1000,1000
7056,86,random,10,0.6344546178343949,0,14,None,66,1,5,False,1000,1000
7057,87,random,10,0.636843152866242,0,14,None,66,1,5,False,1000,1000
7058,88,random,10,0.6399283439490446,0,14,None,66,1,5,False,1000,1000
7059,89,random,10,0.6416202229299363,0,14,None,66,1,5,False,1000,1000
7060,85,random,10,0.6697850318471338,0,22,None,66,1,5,False,1000,1000
7061,86,random,10,0.6702826433121019,0,22,None,66,1,5,False,1000,1000
7062,87,random,10,0.6714769108280255,0,22,None,66,1,5,False,1000,1000
7063,88,random,10,0.6714769108280255,0,22,None,66,1,5,False,1000,1000
7064,89,random,10,0.6722730891719745,0,22,None,66,1,5,False,1000,1000
7065,85,random,10,0.6753582802547771,0,27,None,66,1,5,False,1000,1000
7066,86,random,10,0.6767515923566879,0,27,None,66,1,5,False,1000,1000
7067,87,random,10,0.6777468152866242,0,27,None,66,1,5,False,1000,1000
7068,88,random,10,0.678343949044586,0,27,None,66,1,5,False,1000,1000
7069,89,random,10,0.6787420382165605,0,27,None,66,1,5,False,1000,1000
7070,85,random,10,0.6517714968152867,0,6,None,66,1,5,False,1000,1000
7071,86,random,10,0.6521695859872612,0,6,None,66,1,5,False,1000,1000
7072,87,random,10,0.6531648089171974,0,6,None,66,1,5,False,1000,1000
7073,88,random,10,0.6538614649681529,0,6,None,66,1,5,False,1000,1000
7074,89,random,10,0.6546576433121019,0,6,None,66,1,5,False,1000,1000
7075,85,random,10,0.6714769108280255,0,30,None,66,1,5,False,1000,1000
7076,86,random,10,0.6726711783439491,0,30,None,66,1,5,False,1000,1000
7077,87,random,10,0.6733678343949044,0,30,None,66,1,5,False,1000,1000
7078,88,random,10,0.6735668789808917,0,30,None,66,1,5,False,1000,1000
7079,89,random,10,0.6746616242038217,0,30,None,66,1,5,False,1000,1000
7080,85,random,10,0.680234872611465,0,3,None,66,1,5,False,1000,1000
7081,86,random,10,0.6792396496815286,0,3,None,66,1,5,False,1000,1000
7082,87,random,10,0.6796377388535032,0,3,None,66,1,5,False,1000,1000
7083,88,random,10,0.6797372611464968,0,3,None,66,1,5,False,1000,1000
7084,89,random,10,0.6800358280254777,0,3,None,66,1,5,False,1000,1000
7085,85,random,10,0.6652070063694268,0,0,None,66,1,5,False,1000,1000
7086,86,random,10,0.6650079617834395,0,0,None,66,1,5,False,1000,1000
7087,87,random,10,0.6652070063694268,0,0,None,66,1,5,False,1000,1000
7088,88,random,10,0.6657046178343949,0,0,None,66,1,5,False,1000,1000
7089,89,random,10,0.6663017515923567,0,0,None,66,1,5,False,1000,1000
7090,85,random,10,0.5757364649681529,0,28,None,66,1,5,False,1000,1000
7091,86,random,10,0.5798168789808917,0,28,None,66,1,5,False,1000,1000
7092,87,random,10,0.5828025477707006,0,28,None,66,1,5,False,1000,1000
7093,88,random,10,0.5866839171974523,0,28,None,66,1,5,False,1000,1000
7094,89,random,10,0.5889729299363057,0,28,None,66,1,5,False,1000,1000
7095,90,random,10,0.6642117834394905,0,25,None,66,1,5,False,1000,1000
7096,91,random,10,0.666202229299363,0,25,None,66,1,5,False,1000,1000
7097,92,random,10,0.6670979299363057,0,25,None,66,1,5,False,1000,1000
7098,93,random,10,0.6679936305732485,0,25,None,66,1,5,False,1000,1000
7099,94,random,10,0.669187898089172,0,25,None,66,1,5,False,1000,1000
7100,90,random,10,0.6548566878980892,0,1,None,66,1,5,False,1000,1000
7101,91,random,10,0.6564490445859873,0,1,None,66,1,5,False,1000,1000
7102,92,random,10,0.6578423566878981,0,1,None,66,1,5,False,1000,1000
7103,93,random,10,0.6596337579617835,0,1,None,66,1,5,False,1000,1000
7104,94,random,10,0.6609275477707006,0,1,None,66,1,5,False,1000,1000
7105,90,random,10,0.6937699044585988,0,13,None,66,1,5,False,1000,1000
7106,91,random,10,0.694765127388535,0,13,None,66,1,5,False,1000,1000
7107,92,random,10,0.6955613057324841,0,13,None,66,1,5,False,1000,1000
7108,93,random,10,0.6964570063694268,0,13,None,66,1,5,False,1000,1000
7109,94,random,10,0.6978503184713376,0,13,None,66,1,5,False,1000,1000
7110,90,random,10,0.6790406050955414,0,16,None,66,1,5,False,1000,1000
7111,91,random,10,0.6799363057324841,0,16,None,66,1,5,False,1000,1000
7112,92,random,10,0.6812300955414012,0,16,None,66,1,5,False,1000,1000
7113,93,random,10,0.6808320063694268,0,16,None,66,1,5,False,1000,1000
7114,94,random,10,0.6816281847133758,0,16,None,66,1,5,False,1000,1000
7115,90,random,10,0.6610270700636943,0,19,None,66,1,5,False,1000,1000
7116,91,random,10,0.6616242038216561,0,19,None,66,1,5,False,1000,1000
7117,92,random,10,0.6629179936305732,0,19,None,66,1,5,False,1000,1000
7118,93,random,10,0.6652070063694268,0,19,None,66,1,5,False,1000,1000
7119,94,random,10,0.6682921974522293,0,19,None,66,1,5,False,1000,1000
7120,90,random,10,0.7016321656050956,0,21,None,66,1,5,False,1000,1000
7121,91,random,10,0.7029259554140127,0,21,None,66,1,5,False,1000,1000
7122,92,random,10,0.7048168789808917,0,21,None,66,1,5,False,1000,1000
7123,93,random,10,0.7056130573248408,0,21,None,66,1,5,False,1000,1000
7124,94,random,10,0.7062101910828026,0,21,None,66,1,5,False,1000,1000
7125,90,random,10,0.7094944267515924,0,24,None,66,1,5,False,1000,1000
7126,91,random,10,0.7105891719745223,0,24,None,66,1,5,False,1000,1000
7127,92,random,10,0.7117834394904459,0,24,None,66,1,5,False,1000,1000
7128,93,random,10,0.7132762738853503,0,24,None,66,1,5,False,1000,1000
7129,94,random,10,0.7145700636942676,0,24,None,66,1,5,False,1000,1000
7130,90,random,10,0.68640525477707,0,29,None,66,1,5,False,1000,1000
7131,91,random,10,0.6877985668789809,0,29,None,66,1,5,False,1000,1000
7132,92,random,10,0.6878980891719745,0,29,None,66,1,5,False,1000,1000
7133,93,random,10,0.6881966560509554,0,29,None,66,1,5,False,1000,1000
7134,94,random,10,0.6890923566878981,0,29,None,66,1,5,False,1000,1000
7135,90,random,10,0.6852109872611465,0,27,None,66,1,5,False,1000,1000
7136,91,random,10,0.6851114649681529,0,27,None,66,1,5,False,1000,1000
7137,92,random,10,0.6852109872611465,0,27,None,66,1,5,False,1000,1000
7138,93,random,10,0.6858081210191083,0,27,None,66,1,5,False,1000,1000
7139,94,random,10,0.6860071656050956,0,27,None,66,1,5,False,1000,1000
7140,90,random,10,0.6663017515923567,0,31,None,66,1,5,False,1000,1000
7141,91,random,10,0.6666998407643312,0,31,None,66,1,5,False,1000,1000
7142,92,random,10,0.669187898089172,0,31,None,66,1,5,False,1000,1000
7143,93,random,10,0.6706807324840764,0,31,None,66,1,5,False,1000,1000
7144,94,random,10,0.6717754777070064,0,31,None,66,1,5,False,1000,1000
7145,90,random,10,0.6329617834394905,0,14,None,66,1,5,False,1000,1000
7146,91,random,10,0.636046974522293,0,14,None,66,1,5,False,1000,1000
7147,92,random,10,0.6397292993630573,0,14,None,66,1,5,False,1000,1000
7148,93,random,10,0.6415207006369427,0,14,None,66,1,5,False,1000,1000
7149,94,random,10,0.6431130573248408,0,14,None,66,1,5,False,1000,1000
7150,90,random,10,0.679140127388535,0,26,None,66,1,5,False,1000,1000
7151,91,random,10,0.6807324840764332,0,26,None,66,1,5,False,1000,1000
7152,92,random,10,0.681827229299363,0,26,None,66,1,5,False,1000,1000
7153,93,random,10,0.6827229299363057,0,26,None,66,1,5,False,1000,1000
7154,94,random,10,0.6843152866242038,0,26,None,66,1,5,False,1000,1000
7155,90,random,10,0.6843152866242038,0,30,None,66,1,5,False,1000,1000
7156,91,random,10,0.6852109872611465,0,30,None,66,1,5,False,1000,1000
7157,92,random,10,0.6869028662420382,0,30,None,66,1,5,False,1000,1000
7158,93,random,10,0.6879976114649682,0,30,None,66,1,5,False,1000,1000
7159,94,random,10,0.6897890127388535,0,30,None,66,1,5,False,1000,1000
7160,90,random,10,0.6445063694267515,0,2,None,66,1,5,False,1000,1000
7161,91,random,10,0.6458996815286624,0,2,None,66,1,5,False,1000,1000
7162,92,random,10,0.6461982484076433,0,2,None,66,1,5,False,1000,1000
7163,93,random,10,0.6469944267515924,0,2,None,66,1,5,False,1000,1000
7164,94,random,10,0.6484872611464968,0,2,None,66,1,5,False,1000,1000
7165,90,random,10,0.6755573248407644,0,5,None,66,1,5,False,1000,1000
7166,91,random,10,0.6758558917197452,0,5,None,66,1,5,False,1000,1000
7167,92,random,10,0.676453025477707,0,5,None,66,1,5,False,1000,1000
7168,93,random,10,0.6772492038216561,0,5,None,66,1,5,False,1000,1000
7169,94,random,10,0.6786425159235668,0,5,None,66,1,5,False,1000,1000
7170,90,random,10,0.6311703821656051,0,7,None,66,1,5,False,1000,1000
7171,91,random,10,0.6320660828025477,0,7,None,66,1,5,False,1000,1000
7172,92,random,10,0.6323646496815286,0,7,None,66,1,5,False,1000,1000
7173,93,random,10,0.6337579617834395,0,7,None,66,1,5,False,1000,1000
7174,94,random,10,0.6344546178343949,0,7,None,66,1,5,False,1000,1000
7175,90,random,10,0.6863057324840764,0,9,None,66,1,5,False,1000,1000
7176,91,random,10,0.6882961783439491,0,9,None,66,1,5,False,1000,1000
7177,92,random,10,0.6899880573248408,0,9,None,66,1,5,False,1000,1000
7178,93,random,10,0.6905851910828026,0,9,None,66,1,5,False,1000,1000
7179,94,random,10,0.6916799363057324,0,9,None,66,1,5,False,1000,1000
7180,90,random,10,0.5741441082802548,0,11,None,66,1,5,False,1000,1000
7181,91,random,10,0.5783240445859873,0,11,None,66,1,5,False,1000,1000
7182,92,random,10,0.5802149681528662,0,11,None,66,1,5,False,1000,1000
7183,93,random,10,0.5812101910828026,0,11,None,66,1,5,False,1000,1000
7184,94,random,10,0.5822054140127388,0,11,None,66,1,5,False,1000,1000
7185,90,random,10,0.6180334394904459,0,15,None,66,1,5,False,1000,1000
7186,91,random,10,0.6211186305732485,0,15,None,66,1,5,False,1000,1000
7187,92,random,10,0.6219148089171974,0,15,None,66,1,5,False,1000,1000
7188,93,random,10,0.6229100318471338,0,15,None,66,1,5,False,1000,1000
7189,94,random,10,0.6258957006369427,0,15,None,66,1,5,False,1000,1000
7190,90,random,10,0.7074044585987261,0,12,None,66,1,5,False,1000,1000
7191,91,random,10,0.7090963375796179,0,12,None,66,1,5,False,1000,1000
7192,92,random,10,0.709593949044586,0,12,None,66,1,5,False,1000,1000
7193,93,random,10,0.7097929936305732,0,12,None,66,1,5,False,1000,1000
7194,94,random,10,0.7104896496815286,0,12,None,66,1,5,False,1000,1000
7195,90,random,10,0.6932722929936306,0,17,None,66,1,5,False,1000,1000
7196,91,random,10,0.6941679936305732,0,17,None,66,1,5,False,1000,1000
7197,92,random,10,0.6935708598726115,0,17,None,66,1,5,False,1000,1000
7198,93,random,10,0.6932722929936306,0,17,None,66,1,5,False,1000,1000
7199,94,random,10,0.6938694267515924,0,17,None,66,1,5,False,1000,1000
7200,90,random,10,0.6840167197452229,0,18,None,66,1,5,False,1000,1000
7201,91,random,10,0.6841162420382165,0,18,None,66,1,5,False,1000,1000
7202,92,random,10,0.6855095541401274,0,18,None,66,1,5,False,1000,1000
7203,93,random,10,0.6862062101910829,0,18,None,66,1,5,False,1000,1000
7204,94,random,10,0.6865047770700637,0,18,None,66,1,5,False,1000,1000
7205,90,random,10,0.5908638535031847,0,28,None,66,1,5,False,1000,1000
7206,91,random,10,0.591859076433121,0,28,None,66,1,5,False,1000,1000
7207,92,random,10,0.5940485668789809,0,28,None,66,1,5,False,1000,1000
7208,93,random,10,0.5959394904458599,0,28,None,66,1,5,False,1000,1000
7209,94,random,10,0.5979299363057324,0,28,None,66,1,5,False,1000,1000
7210,90,random,10,0.6708797770700637,0,0,None,66,1,5,False,1000,1000
7211,91,random,10,0.6696855095541401,0,0,None,66,1,5,False,1000,1000
7212,92,random,10,0.6703821656050956,0,0,None,66,1,5,False,1000,1000
7213,93,random,10,0.67078025477707,0,0,None,66,1,5,False,1000,1000
7214,94,random,10,0.671875,0,0,None,66,1,5,False,1000,1000
7215,90,random,10,0.6819267515923567,0,3,None,66,1,5,False,1000,1000
7216,91,random,10,0.6813296178343949,0,3,None,66,1,5,False,1000,1000
7217,92,random,10,0.682921974522293,0,3,None,66,1,5,False,1000,1000
7218,93,random,10,0.6820262738853503,0,3,None,66,1,5,False,1000,1000
7219,94,random,10,0.6834195859872612,0,3,None,66,1,5,False,1000,1000
7220,90,random,10,0.6173367834394905,0,4,None,66,1,5,False,1000,1000
7221,91,random,10,0.6183320063694268,0,4,None,66,1,5,False,1000,1000
7222,92,random,10,0.6198248407643312,0,4,None,66,1,5,False,1000,1000
7223,93,random,10,0.6219148089171974,0,4,None,66,1,5,False,1000,1000
7224,94,random,10,0.6234076433121019,0,4,None,66,1,5,False,1000,1000
7225,90,random,10,0.6567476114649682,0,6,None,66,1,5,False,1000,1000
7226,91,random,10,0.6570461783439491,0,6,None,66,1,5,False,1000,1000
7227,92,random,10,0.65734474522293,0,6,None,66,1,5,False,1000,1000
7228,93,random,10,0.6585390127388535,0,6,None,66,1,5,False,1000,1000
7229,94,random,10,0.6592356687898089,0,6,None,66,1,5,False,1000,1000
7230,90,random,10,0.6161425159235668,0,8,None,66,1,5,False,1000,1000
7231,91,random,10,0.6184315286624203,0,8,None,66,1,5,False,1000,1000
7232,92,random,10,0.6202229299363057,0,8,None,66,1,5,False,1000,1000
7233,93,random,10,0.6222133757961783,0,8,None,66,1,5,False,1000,1000
7234,94,random,10,0.6228105095541401,0,8,None,66,1,5,False,1000,1000
7235,90,random,10,0.602109872611465,0,10,None,66,1,5,False,1000,1000
7236,91,random,10,0.6061902866242038,0,10,None,66,1,5,False,1000,1000
7237,92,random,10,0.6090764331210191,0,10,None,66,1,5,False,1000,1000
7238,93,random,10,0.6119625796178344,0,10,None,66,1,5,False,1000,1000
7239,94,random,10,0.6160429936305732,0,10,None,66,1,5,False,1000,1000
7240,90,random,10,0.6358479299363057,0,20,None,66,1,5,False,1000,1000
7241,91,random,10,0.6359474522292994,0,20,None,66,1,5,False,1000,1000
7242,92,random,10,0.6358479299363057,0,20,None,66,1,5,False,1000,1000
7243,93,random,10,0.6354498407643312,0,20,None,66,1,5,False,1000,1000
7244,94,random,10,0.6359474522292994,0,20,None,66,1,5,False,1000,1000
7245,90,random,10,0.6722730891719745,0,22,None,66,1,5,False,1000,1000
7246,91,random,10,0.6730692675159236,0,22,None,66,1,5,False,1000,1000
7247,92,random,10,0.673765923566879,0,22,None,66,1,5,False,1000,1000
7248,93,random,10,0.6744625796178344,0,22,None,66,1,5,False,1000,1000
7249,94,random,10,0.6757563694267515,0,22,None,66,1,5,False,1000,1000
7250,90,random,10,0.6259952229299363,0,23,None,66,1,5,False,1000,1000
7251,91,random,10,0.6270899681528662,0,23,None,66,1,5,False,1000,1000
7252,92,random,10,0.6288813694267515,0,23,None,66,1,5,False,1000,1000
7253,93,random,10,0.6300756369426752,0,23,None,66,1,5,False,1000,1000
7254,94,random,10,0.6309713375796179,0,23,None,66,1,5,False,1000,1000
7255,90,random,10,0.6875,0,32,None,66,1,5,False,1000,1000
7256,91,random,10,0.6875,0,32,None,66,1,5,False,1000,1000
7257,92,random,10,0.6877985668789809,0,32,None,66,1,5,False,1000,1000
7258,93,random,10,0.6884952229299363,0,32,None,66,1,5,False,1000,1000
7259,94,random,10,0.6888933121019108,0,32,None,66,1,5,False,1000,1000
7260,95,random,10,0.661922770700637,0,1,None,66,1,5,False,1000,1000
7261,96,random,10,0.6637141719745223,0,1,None,66,1,5,False,1000,1000
7262,97,random,10,0.6656050955414012,0,1,None,66,1,5,False,1000,1000
7263,98,random,10,0.6676950636942676,0,1,None,66,1,5,False,1000,1000
7264,99,random,10,0.6683917197452229,0,1,None,66,1,5,False,1000,1000
7265,95,random,10,0.6496815286624203,0,2,None,66,1,5,False,1000,1000
7266,96,random,10,0.6506767515923567,0,2,None,66,1,5,False,1000,1000
7267,97,random,10,0.6513734076433121,0,2,None,66,1,5,False,1000,1000
7268,98,random,10,0.6528662420382165,0,2,None,66,1,5,False,1000,1000
7269,99,random,10,0.6534633757961783,0,2,None,66,1,5,False,1000,1000
7270,95,random,10,0.6289808917197452,0,23,None,66,1,5,False,1000,1000
7271,96,random,10,0.6296775477707006,0,23,None,66,1,5,False,1000,1000
7272,97,random,10,0.630672770700637,0,23,None,66,1,5,False,1000,1000
7273,98,random,10,0.6317675159235668,0,23,None,66,1,5,False,1000,1000
7274,99,random,10,0.6336584394904459,0,23,None,66,1,5,False,1000,1000
7275,95,random,10,0.699343152866242,0,13,None,66,1,5,False,1000,1000
7276,96,random,10,0.7005374203821656,0,13,None,66,1,5,False,1000,1000
7277,97,random,10,0.7014331210191083,0,13,None,66,1,5,False,1000,1000
7278,98,random,10,0.7014331210191083,0,13,None,66,1,5,False,1000,1000
7279,99,random,10,0.7032245222929936,0,13,None,66,1,5,False,1000,1000
7280,95,random,10,0.6700835987261147,0,25,None,66,1,5,False,1000,1000
7281,96,random,10,0.6716759554140127,0,25,None,66,1,5,False,1000,1000
7282,97,random,10,0.6739649681528662,0,25,None,66,1,5,False,1000,1000
7283,98,random,10,0.6755573248407644,0,25,None,66,1,5,False,1000,1000
7284,99,random,10,0.6766520700636943,0,25,None,66,1,5,False,1000,1000
7285,95,random,10,0.6321656050955414,0,15,None,66,1,5,False,1000,1000
7286,96,random,10,0.6338574840764332,0,15,None,66,1,5,False,1000,1000
7287,97,random,10,0.636046974522293,0,15,None,66,1,5,False,1000,1000
7288,98,random,10,0.6380374203821656,0,15,None,66,1,5,False,1000,1000
7289,99,random,10,0.6404259554140127,0,15,None,66,1,5,False,1000,1000
7290,95,random,10,0.6160429936305732,0,10,None,66,1,5,False,1000,1000
7291,96,random,10,0.6187300955414012,0,10,None,66,1,5,False,1000,1000
7292,97,random,10,0.6203224522292994,0,10,None,66,1,5,False,1000,1000
7293,98,random,10,0.6228105095541401,0,10,None,66,1,5,False,1000,1000
7294,99,random,10,0.6240047770700637,0,10,None,66,1,5,False,1000,1000
7295,95,random,10,0.5866839171974523,0,11,None,66,1,5,False,1000,1000
7296,96,random,10,0.5878781847133758,0,11,None,66,1,5,False,1000,1000
7297,97,random,10,0.5894705414012739,0,11,None,66,1,5,False,1000,1000
7298,98,random,10,0.5909633757961783,0,11,None,66,1,5,False,1000,1000
7299,99,random,10,0.59265525477707,0,11,None,66,1,5,False,1000,1000
7300,95,random,10,0.6712778662420382,0,31,None,66,1,5,False,1000,1000
7301,96,random,10,0.6722730891719745,0,31,None,66,1,5,False,1000,1000
7302,97,random,10,0.6733678343949044,0,31,None,66,1,5,False,1000,1000
7303,98,random,10,0.6749601910828026,0,31,None,66,1,5,False,1000,1000
7304,99,random,10,0.676453025477707,0,31,None,66,1,5,False,1000,1000
7305,95,random,10,0.6386345541401274,0,20,None,66,1,5,False,1000,1000
7306,96,random,10,0.6376393312101911,0,20,None,66,1,5,False,1000,1000
7307,97,random,10,0.6371417197452229,0,20,None,66,1,5,False,1000,1000
7308,98,random,10,0.6375398089171974,0,20,None,66,1,5,False,1000,1000
7309,99,random,10,0.6391321656050956,0,20,None,66,1,5,False,1000,1000
7310,95,random,10,0.6803343949044586,0,5,None,66,1,5,False,1000,1000
7311,96,random,10,0.6814291401273885,0,5,None,66,1,5,False,1000,1000
7312,97,random,10,0.6822253184713376,0,5,None,66,1,5,False,1000,1000
7313,98,random,10,0.6835191082802548,0,5,None,66,1,5,False,1000,1000
7314,99,random,10,0.6855095541401274,0,5,None,66,1,5,False,1000,1000
7315,95,random,10,0.6884952229299363,0,32,None,66,1,5,False,1000,1000
7316,96,random,10,0.689390923566879,0,32,None,66,1,5,False,1000,1000
7317,97,random,10,0.6891918789808917,0,32,None,66,1,5,False,1000,1000
7318,98,random,10,0.6903861464968153,0,32,None,66,1,5,False,1000,1000
7319,99,random,10,0.6910828025477707,0,32,None,66,1,5,False,1000,1000
7320,95,random,10,0.6218152866242038,0,4,None,66,1,5,False,1000,1000
7321,96,random,10,0.6237062101910829,0,4,None,66,1,5,False,1000,1000
7322,97,random,10,0.6256966560509554,0,4,None,66,1,5,False,1000,1000
7323,98,random,10,0.6272890127388535,0,4,None,66,1,5,False,1000,1000
7324,99,random,10,0.629578025477707,0,4,None,66,1,5,False,1000,1000
7325,95,random,10,0.6364450636942676,0,14,None,66,1,5,False,1000,1000
7326,96,random,10,0.6401273885350318,0,14,None,66,1,5,False,1000,1000
7327,97,random,10,0.6424164012738853,0,14,None,66,1,5,False,1000,1000
7328,98,random,10,0.6445063694267515,0,14,None,66,1,5,False,1000,1000
7329,99,random,10,0.6463972929936306,0,14,None,66,1,5,False,1000,1000
7330,95,random,10,0.6744625796178344,0,22,None,66,1,5,False,1000,1000
7331,96,random,10,0.6746616242038217,0,22,None,66,1,5,False,1000,1000
7332,97,random,10,0.675656847133758,0,22,None,66,1,5,False,1000,1000
7333,98,random,10,0.6769506369426752,0,22,None,66,1,5,False,1000,1000
7334,99,random,10,0.6772492038216561,0,22,None,66,1,5,False,1000,1000
7335,95,random,10,0.6865047770700637,0,26,None,66,1,5,False,1000,1000
7336,96,random,10,0.6877985668789809,0,26,None,66,1,5,False,1000,1000
7337,97,random,10,0.6887937898089171,0,26,None,66,1,5,False,1000,1000
7338,98,random,10,0.6903861464968153,0,26,None,66,1,5,False,1000,1000
7339,99,random,10,0.6909832802547771,0,26,None,66,1,5,False,1000,1000
7340,95,random,10,0.7124800955414012,0,12,None,66,1,5,False,1000,1000
7341,96,random,10,0.7133757961783439,0,12,None,66,1,5,False,1000,1000
7342,97,random,10,0.7140724522292994,0,12,None,66,1,5,False,1000,1000
7343,98,random,10,0.7148686305732485,0,12,None,66,1,5,False,1000,1000
7344,99,random,10,0.7147691082802548,0,12,None,66,1,5,False,1000,1000
7345,95,random,10,0.6955613057324841,0,30,None,66,1,5,False,1000,1000
7346,96,random,10,0.6968550955414012,0,30,None,66,1,5,False,1000,1000
7347,97,random,10,0.6982484076433121,0,30,None,66,1,5,False,1000,1000
7348,98,random,10,0.6986464968152867,0,30,None,66,1,5,False,1000,1000
7349,99,random,10,0.6999402866242038,0,30,None,66,1,5,False,1000,1000
7350,95,random,10,0.6604299363057324,0,6,None,66,1,5,False,1000,1000
7351,96,random,10,0.6606289808917197,0,6,None,66,1,5,False,1000,1000
7352,97,random,10,0.6611265923566879,0,6,None,66,1,5,False,1000,1000
7353,98,random,10,0.6617237261146497,0,6,None,66,1,5,False,1000,1000
7354,99,random,10,0.6622213375796179,0,6,None,66,1,5,False,1000,1000
7355,95,random,10,0.6826234076433121,0,16,None,66,1,5,False,1000,1000
7356,96,random,10,0.6840167197452229,0,16,None,66,1,5,False,1000,1000
7357,97,random,10,0.6839171974522293,0,16,None,66,1,5,False,1000,1000
7358,98,random,10,0.6842157643312102,0,16,None,66,1,5,False,1000,1000
7359,99,random,10,0.6849124203821656,0,16,None,66,1,5,False,1000,1000
7360,95,random,10,0.634952229299363,0,7,None,66,1,5,False,1000,1000
7361,96,random,10,0.6358479299363057,0,7,None,66,1,5,False,1000,1000
7362,97,random,10,0.6365445859872612,0,7,None,66,1,5,False,1000,1000
7363,98,random,10,0.6369426751592356,0,7,None,66,1,5,False,1000,1000
7364,99,random,10,0.637937898089172,0,7,None,66,1,5,False,1000,1000
7365,95,random,10,0.5988256369426752,0,28,None,66,1,5,False,1000,1000
7366,96,random,10,0.6008160828025477,0,28,None,66,1,5,False,1000,1000
7367,97,random,10,0.6019108280254777,0,28,None,66,1,5,False,1000,1000
7368,98,random,10,0.6031050955414012,0,28,None,66,1,5,False,1000,1000
7369,99,random,10,0.6051950636942676,0,28,None,66,1,5,False,1000,1000
7370,95,random,10,0.6846138535031847,0,3,None,66,1,5,False,1000,1000
7371,96,random,10,0.6841162420382165,0,3,None,66,1,5,False,1000,1000
7372,97,random,10,0.6841162420382165,0,3,None,66,1,5,False,1000,1000
7373,98,random,10,0.6836186305732485,0,3,None,66,1,5,False,1000,1000
7374,99,random,10,0.684812898089172,0,3,None,66,1,5,False,1000,1000
7375,95,random,10,0.6925756369426752,0,9,None,66,1,5,False,1000,1000
7376,96,random,10,0.6936703821656051,0,9,None,66,1,5,False,1000,1000
7377,97,random,10,0.6959593949044586,0,9,None,66,1,5,False,1000,1000
7378,98,random,10,0.6975517515923567,0,9,None,66,1,5,False,1000,1000
7379,99,random,10,0.6998407643312102,0,9,None,66,1,5,False,1000,1000
7380,95,random,10,0.6930732484076433,0,29,None,66,1,5,False,1000,1000
7381,96,random,10,0.6937699044585988,0,29,None,66,1,5,False,1000,1000
7382,97,random,10,0.6940684713375797,0,29,None,66,1,5,False,1000,1000
7383,98,random,10,0.6945660828025477,0,29,None,66,1,5,False,1000,1000
7384,99,random,10,0.6944665605095541,0,29,None,66,1,5,False,1000,1000
7385,95,random,10,0.6758558917197452,0,0,None,66,1,5,False,1000,1000
7386,96,random,10,0.6755573248407644,0,0,None,66,1,5,False,1000,1000
7387,97,random,10,0.6755573248407644,0,0,None,66,1,5,False,1000,1000
7388,98,random,10,0.6754578025477707,0,0,None,66,1,5,False,1000,1000
7389,99,random,10,0.6761544585987261,0,0,None,66,1,5,False,1000,1000
7390,100,random,10,0.6925756369426752,0,26,None,66,1,5,False,1000,1000
7391,101,random,10,0.6933718152866242,0,26,None,66,1,5,False,1000,1000
7392,102,random,10,0.6948646496815286,0,26,None,66,1,5,False,1000,1000
7393,103,random,10,0.6952627388535032,0,26,None,66,1,5,False,1000,1000
7394,104,random,10,0.6962579617834395,0,26,None,66,1,5,False,1000,1000
7395,100,random,10,0.6412221337579618,0,14,None,66,1,5,False,1000,1000
7396,101,random,10,0.6448049363057324,0,14,None,66,1,5,False,1000,1000
7397,102,random,10,0.646297770700637,0,14,None,66,1,5,False,1000,1000
7398,103,random,10,0.647890127388535,0,14,None,66,1,5,False,1000,1000
7399,104,random,10,0.6495820063694268,0,14,None,66,1,5,False,1000,1000
7400,100,random,10,0.6778463375796179,0,25,None,66,1,5,False,1000,1000
7401,101,random,10,0.6785429936305732,0,25,None,66,1,5,False,1000,1000
7402,102,random,10,0.6804339171974523,0,25,None,66,1,5,False,1000,1000
7403,103,random,10,0.6809315286624203,0,25,None,66,1,5,False,1000,1000
7404,104,random,10,0.6835191082802548,0,25,None,66,1,5,False,1000,1000
7405,95,random,10,0.6851114649681529,0,18,None,66,1,5,False,1000,1000
7406,96,random,10,0.6862062101910829,0,18,None,66,1,5,False,1000,1000
7407,97,random,10,0.6873009554140127,0,18,None,66,1,5,False,1000,1000
7408,98,random,10,0.6882961783439491,0,18,None,66,1,5,False,1000,1000
7409,99,random,10,0.6891918789808917,0,18,None,66,1,5,False,1000,1000
7410,95,random,10,0.615843949044586,0,8,None,66,1,5,False,1000,1000
7411,96,random,10,0.6182324840764332,0,8,None,66,1,5,False,1000,1000
7412,97,random,10,0.6191281847133758,0,8,None,66,1,5,False,1000,1000
7413,98,random,10,0.6210191082802548,0,8,None,66,1,5,False,1000,1000
7414,99,random,10,0.6216162420382165,0,8,None,66,1,5,False,1000,1000
7415,95,random,10,0.6611265923566879,0,19,None,66,1,5,False,1000,1000
7416,96,random,10,0.663515127388535,0,19,None,66,1,5,False,1000,1000
7417,97,random,10,0.6663017515923567,0,19,None,66,1,5,False,1000,1000
7418,98,random,10,0.6670979299363057,0,19,None,66,1,5,False,1000,1000
7419,99,random,10,0.6689888535031847,0,19,None,66,1,5,False,1000,1000
7420,95,random,10,0.7085987261146497,0,21,None,66,1,5,False,1000,1000
7421,96,random,10,0.7092953821656051,0,21,None,66,1,5,False,1000,1000
7422,97,random,10,0.7100915605095541,0,21,None,66,1,5,False,1000,1000
7423,98,random,10,0.7102906050955414,0,21,None,66,1,5,False,1000,1000
7424,99,random,10,0.7117834394904459,0,21,None,66,1,5,False,1000,1000
7425,95,random,10,0.6982484076433121,0,17,None,66,1,5,False,1000,1000
7426,96,random,10,0.6988455414012739,0,17,None,66,1,5,False,1000,1000
7427,97,random,10,0.7003383757961783,0,17,None,66,1,5,False,1000,1000
7428,98,random,10,0.7011345541401274,0,17,None,66,1,5,False,1000,1000
7429,99,random,10,0.7016321656050956,0,17,None,66,1,5,False,1000,1000
7430,95,random,10,0.7154657643312102,0,24,None,66,1,5,False,1000,1000
7431,96,random,10,0.716859076433121,0,24,None,66,1,5,False,1000,1000
7432,97,random,10,0.7177547770700637,0,24,None,66,1,5,False,1000,1000
7433,98,random,10,0.7182523885350318,0,24,None,66,1,5,False,1000,1000
7434,99,random,10,0.7191480891719745,0,24,None,66,1,5,False,1000,1000
7435,95,random,10,0.693172770700637,0,27,None,66,1,5,False,1000,1000
7436,96,random,10,0.6928742038216561,0,27,None,66,1,5,False,1000,1000
7437,97,random,10,0.6930732484076433,0,27,None,66,1,5,False,1000,1000
7438,98,random,10,0.6929737261146497,0,27,None,66,1,5,False,1000,1000
7439,99,random,10,0.693968949044586,0,27,None,66,1,5,False,1000,1000
7440,100,random,10,0.6759554140127388,0,22,None,66,1,5,False,1000,1000
7441,101,random,10,0.6771496815286624,0,22,None,66,1,5,False,1000,1000
7442,102,random,10,0.6779458598726115,0,22,None,66,1,5,False,1000,1000
7443,103,random,10,0.6792396496815286,0,22,None,66,1,5,False,1000,1000
7444,104,random,10,0.6804339171974523,0,22,None,66,1,5,False,1000,1000
7445,100,random,10,0.6902866242038217,0,32,None,66,1,5,False,1000,1000
7446,101,random,10,0.6908837579617835,0,32,None,66,1,5,False,1000,1000
7447,102,random,10,0.6907842356687898,0,32,None,66,1,5,False,1000,1000
7448,103,random,10,0.6914808917197452,0,32,None,66,1,5,False,1000,1000
7449,104,random,10,0.6932722929936306,0,32,None,66,1,5,False,1000,1000
7450,100,random,10,0.6858081210191083,0,16,None,66,1,5,False,1000,1000
7451,101,random,10,0.6867038216560509,0,16,None,66,1,5,False,1000,1000
7452,102,random,10,0.6867038216560509,0,16,None,66,1,5,False,1000,1000
7453,103,random,10,0.6872014331210191,0,16,None,66,1,5,False,1000,1000
7454,104,random,10,0.6875995222929936,0,16,None,66,1,5,False,1000,1000
7455,100,random,10,0.6694864649681529,0,1,None,66,1,5,False,1000,1000
7456,101,random,10,0.6713773885350318,0,1,None,66,1,5,False,1000,1000
7457,102,random,10,0.6719745222929936,0,1,None,66,1,5,False,1000,1000
7458,103,random,10,0.67296974522293,0,1,None,66,1,5,False,1000,1000
7459,104,random,10,0.6740644904458599,0,1,None,66,1,5,False,1000,1000
7460,100,random,10,0.6164410828025477,0,8,None,66,1,5,False,1000,1000
7461,101,random,10,0.6178343949044586,0,8,None,66,1,5,False,1000,1000
7462,102,random,10,0.6198248407643312,0,8,None,66,1,5,False,1000,1000
7463,103,random,10,0.6201234076433121,0,8,None,66,1,5,False,1000,1000
7464,104,random,10,0.6216162420382165,0,8,None,66,1,5,False,1000,1000
7465,100,random,10,0.7044187898089171,0,13,None,66,1,5,False,1000,1000
7466,101,random,10,0.7053144904458599,0,13,None,66,1,5,False,1000,1000
7467,102,random,10,0.7067078025477707,0,13,None,66,1,5,False,1000,1000
7468,103,random,10,0.7076035031847133,0,13,None,66,1,5,False,1000,1000
7469,104,random,10,0.7081011146496815,0,13,None,66,1,5,False,1000,1000
7470,100,random,10,0.6339570063694268,0,23,None,66,1,5,False,1000,1000
7471,101,random,10,0.6345541401273885,0,23,None,66,1,5,False,1000,1000
7472,102,random,10,0.636046974522293,0,23,None,66,1,5,False,1000,1000
7473,103,random,10,0.6374402866242038,0,23,None,66,1,5,False,1000,1000
7474,104,random,10,0.6376393312101911,0,23,None,66,1,5,False,1000,1000
7475,100,random,10,0.6950636942675159,0,29,None,66,1,5,False,1000,1000
7476,101,random,10,0.6952627388535032,0,29,None,66,1,5,False,1000,1000
7477,102,random,10,0.695859872611465,0,29,None,66,1,5,False,1000,1000
7478,103,random,10,0.6955613057324841,0,29,None,66,1,5,False,1000,1000
7479,104,random,10,0.6953622611464968,0,29,None,66,1,5,False,1000,1000
7480,100,random,10,0.6615246815286624,0,19,None,66,1,5,False,1000,1000
7481,101,random,10,0.6649084394904459,0,19,None,66,1,5,False,1000,1000
7482,102,random,10,0.6669984076433121,0,19,None,66,1,5,False,1000,1000
7483,103,random,10,0.6690883757961783,0,19,None,66,1,5,False,1000,1000
7484,104,random,10,0.6713773885350318,0,19,None,66,1,5,False,1000,1000
7485,100,random,10,0.7138734076433121,0,21,None,66,1,5,False,1000,1000
7486,101,random,10,0.7146695859872612,0,21,None,66,1,5,False,1000,1000
7487,102,random,10,0.7146695859872612,0,21,None,66,1,5,False,1000,1000
7488,103,random,10,0.7150676751592356,0,21,None,66,1,5,False,1000,1000
7489,104,random,10,0.7158638535031847,0,21,None,66,1,5,False,1000,1000
7490,100,random,10,0.6846138535031847,0,5,None,66,1,5,False,1000,1000
7491,101,random,10,0.6853105095541401,0,5,None,66,1,5,False,1000,1000
7492,102,random,10,0.6867038216560509,0,5,None,66,1,5,False,1000,1000
7493,103,random,10,0.6877985668789809,0,5,None,66,1,5,False,1000,1000
7494,104,random,10,0.6884952229299363,0,5,None,66,1,5,False,1000,1000
7495,100,random,10,0.6273885350318471,0,4,None,66,1,5,False,1000,1000
7496,101,random,10,0.6286823248407644,0,4,None,66,1,5,False,1000,1000
7497,102,random,10,0.6311703821656051,0,4,None,66,1,5,False,1000,1000
7498,103,random,10,0.6316679936305732,0,4,None,66,1,5,False,1000,1000
7499,104,random,10,0.6343550955414012,0,4,None,66,1,5,False,1000,1000
7500,100,random,10,0.6389331210191083,0,7,None,66,1,5,False,1000,1000
7501,101,random,10,0.6401273885350318,0,7,None,66,1,5,False,1000,1000
7502,102,random,10,0.6419187898089171,0,7,None,66,1,5,False,1000,1000
7503,103,random,10,0.6420183121019108,0,7,None,66,1,5,False,1000,1000
7504,104,random,10,0.6427149681528662,0,7,None,66,1,5,False,1000,1000
7505,100,random,10,0.6978503184713376,0,9,None,66,1,5,False,1000,1000
7506,101,random,10,0.6995421974522293,0,9,None,66,1,5,False,1000,1000
7507,102,random,10,0.7018312101910829,0,9,None,66,1,5,False,1000,1000
7508,103,random,10,0.7033240445859873,0,9,None,66,1,5,False,1000,1000
7509,104,random,10,0.7047173566878981,0,9,None,66,1,5,False,1000,1000
7510,100,random,10,0.6245023885350318,0,10,None,66,1,5,False,1000,1000
7511,101,random,10,0.6256966560509554,0,10,None,66,1,5,False,1000,1000
7512,102,random,10,0.6288813694267515,0,10,None,66,1,5,False,1000,1000
7513,103,random,10,0.6309713375796179,0,10,None,66,1,5,False,1000,1000
7514,104,random,10,0.6316679936305732,0,10,None,66,1,5,False,1000,1000
7515,100,random,10,0.7158638535031847,0,12,None,66,1,5,False,1000,1000
7516,101,random,10,0.7159633757961783,0,12,None,66,1,5,False,1000,1000
7517,102,random,10,0.7167595541401274,0,12,None,66,1,5,False,1000,1000
7518,103,random,10,0.7200437898089171,0,12,None,66,1,5,False,1000,1000
7519,104,random,10,0.7204418789808917,0,12,None,66,1,5,False,1000,1000
7520,100,random,10,0.6439092356687898,0,15,None,66,1,5,False,1000,1000
7521,101,random,10,0.6447054140127388,0,15,None,66,1,5,False,1000,1000
7522,102,random,10,0.6459992038216561,0,15,None,66,1,5,False,1000,1000
7523,103,random,10,0.647093949044586,0,15,None,66,1,5,False,1000,1000
7524,104,random,10,0.6481886942675159,0,15,None,66,1,5,False,1000,1000
7525,100,random,10,0.6414211783439491,0,20,None,66,1,5,False,1000,1000
7526,101,random,10,0.6421178343949044,0,20,None,66,1,5,False,1000,1000
7527,102,random,10,0.6426154458598726,0,20,None,66,1,5,False,1000,1000
7528,103,random,10,0.6440087579617835,0,20,None,66,1,5,False,1000,1000
7529,104,random,10,0.6442078025477707,0,20,None,66,1,5,False,1000,1000
7530,100,random,10,0.6063893312101911,0,28,None,66,1,5,False,1000,1000
7531,101,random,10,0.6072850318471338,0,28,None,66,1,5,False,1000,1000
7532,102,random,10,0.6085788216560509,0,28,None,66,1,5,False,1000,1000
7533,103,random,10,0.6099721337579618,0,28,None,66,1,5,False,1000,1000
7534,104,random,10,0.6107683121019108,0,28,None,66,1,5,False,1000,1000
7535,100,random,10,0.595640923566879,0,11,None,66,1,5,False,1000,1000
7536,101,random,10,0.5966361464968153,0,11,None,66,1,5,False,1000,1000
7537,102,random,10,0.5970342356687898,0,11,None,66,1,5,False,1000,1000
7538,103,random,10,0.5977308917197452,0,11,None,66,1,5,False,1000,1000
7539,104,random,10,0.598328025477707,0,11,None,66,1,5,False,1000,1000
7540,100,random,10,0.7052149681528662,0,17,None,66,1,5,False,1000,1000
7541,101,random,10,0.7061106687898089,0,17,None,66,1,5,False,1000,1000
7542,102,random,10,0.7071058917197452,0,17,None,66,1,5,False,1000,1000
7543,103,random,10,0.7078025477707006,0,17,None,66,1,5,False,1000,1000
7544,104,random,10,0.7086982484076433,0,17,None,66,1,5,False,1000,1000
7545,100,random,10,0.7208399681528662,0,24,None,66,1,5,False,1000,1000
7546,101,random,10,0.7223328025477707,0,24,None,66,1,5,False,1000,1000
7547,102,random,10,0.7239251592356688,0,24,None,66,1,5,False,1000,1000
7548,103,random,10,0.7245222929936306,0,24,None,66,1,5,False,1000,1000
7549,104,random,10,0.7253184713375797,0,24,None,66,1,5,False,1000,1000
7550,100,random,10,0.7007364649681529,0,30,None,66,1,5,False,1000,1000
7551,101,random,10,0.7006369426751592,0,30,None,66,1,5,False,1000,1000
7552,102,random,10,0.7014331210191083,0,30,None,66,1,5,False,1000,1000
7553,103,random,10,0.70203025477707,0,30,None,66,1,5,False,1000,1000
7554,104,random,10,0.7033240445859873,0,30,None,66,1,5,False,1000,1000
7555,100,random,10,0.6628184713375797,0,6,None,66,1,5,False,1000,1000
7556,101,random,10,0.6633160828025477,0,6,None,66,1,5,False,1000,1000
7557,102,random,10,0.6637141719745223,0,6,None,66,1,5,False,1000,1000
7558,103,random,10,0.664609872611465,0,6,None,66,1,5,False,1000,1000
7559,104,random,10,0.6658041401273885,0,6,None,66,1,5,False,1000,1000
7560,100,random,10,0.6880971337579618,0,18,None,66,1,5,False,1000,1000
7561,101,random,10,0.6877985668789809,0,18,None,66,1,5,False,1000,1000
7562,102,random,10,0.6886942675159236,0,18,None,66,1,5,False,1000,1000
7563,103,random,10,0.6902866242038217,0,18,None,66,1,5,False,1000,1000
7564,104,random,10,0.6909832802547771,0,18,None,66,1,5,False,1000,1000
7565,100,random,10,0.6996417197452229,0,27,None,66,1,5,False,1000,1000
7566,101,random,10,0.7006369426751592,0,27,None,66,1,5,False,1000,1000
7567,102,random,10,0.700437898089172,0,27,None,66,1,5,False,1000,1000
7568,103,random,10,0.701234076433121,0,27,None,66,1,5,False,1000,1000
7569,104,random,10,0.7015326433121019,0,27,None,66,1,5,False,1000,1000
7570,100,random,10,0.6761544585987261,0,31,None,66,1,5,False,1000,1000
7571,101,random,10,0.6766520700636943,0,31,None,66,1,5,False,1000,1000
7572,102,random,10,0.6776472929936306,0,31,None,66,1,5,False,1000,1000
7573,103,random,10,0.678343949044586,0,31,None,66,1,5,False,1000,1000
7574,104,random,10,0.6793391719745223,0,31,None,66,1,5,False,1000,1000
7575,100,random,10,0.6534633757961783,0,2,None,66,1,5,False,1000,1000
7576,101,random,10,0.6550557324840764,0,2,None,66,1,5,False,1000,1000
7577,102,random,10,0.65625,0,2,None,66,1,5,False,1000,1000
7578,103,random,10,0.6579418789808917,0,2,None,66,1,5,False,1000,1000
7579,104,random,10,0.6587380573248408,0,2,None,66,1,5,False,1000,1000
7580,100,random,10,0.6794386942675159,0,0,None,66,1,5,False,1000,1000
7581,101,random,10,0.6798367834394905,0,0,None,66,1,5,False,1000,1000
7582,102,random,10,0.678343949044586,0,0,None,66,1,5,False,1000,1000
7583,103,random,10,0.6792396496815286,0,0,None,66,1,5,False,1000,1000
7584,104,random,10,0.6803343949044586,0,0,None,66,1,5,False,1000,1000
7585,100,random,10,0.6853105095541401,0,3,None,66,1,5,False,1000,1000
7586,101,random,10,0.6853105095541401,0,3,None,66,1,5,False,1000,1000
7587,102,random,10,0.6862062101910829,0,3,None,66,1,5,False,1000,1000
7588,103,random,10,0.6876990445859873,0,3,None,66,1,5,False,1000,1000
7589,104,random,10,0.68859474522293,0,3,None,66,1,5,False,1000,1000
10395,105,random,10,0.673765923566879,0,1,None,66,1,5,False,1000,1000
10396,106,random,10,0.6765525477707006,0,1,None,66,1,5,False,1000,1000
10397,107,random,10,0.6789410828025477,0,1,None,66,1,5,False,1000,1000
10398,108,random,10,0.6797372611464968,0,1,None,66,1,5,False,1000,1000
10399,109,random,10,0.6807324840764332,0,1,None,66,1,5,False,1000,1000
10400,105,random,10,0.6578423566878981,0,2,None,66,1,5,False,1000,1000
10401,106,random,10,0.6598328025477707,0,2,None,66,1,5,False,1000,1000
10402,107,random,10,0.6604299363057324,0,2,None,66,1,5,False,1000,1000
10403,108,random,10,0.6607285031847133,0,2,None,66,1,5,False,1000,1000
10404,109,random,10,0.6614251592356688,0,2,None,66,1,5,False,1000,1000
10405,105,random,10,0.6873009554140127,0,5,None,66,1,5,False,1000,1000
10406,106,random,10,0.6879976114649682,0,5,None,66,1,5,False,1000,1000
10407,107,random,10,0.6886942675159236,0,5,None,66,1,5,False,1000,1000
10408,108,random,10,0.6898885350318471,0,5,None,66,1,5,False,1000,1000
10409,109,random,10,0.6909832802547771,0,5,None,66,1,5,False,1000,1000
10410,105,random,10,0.7081011146496815,0,13,None,66,1,5,False,1000,1000
10411,106,random,10,0.7099920382165605,0,13,None,66,1,5,False,1000,1000
10412,107,random,10,0.7106886942675159,0,13,None,66,1,5,False,1000,1000
10413,108,random,10,0.7107882165605095,0,13,None,66,1,5,False,1000,1000
10414,109,random,10,0.7108877388535032,0,13,None,66,1,5,False,1000,1000
10415,105,random,10,0.6507762738853503,0,15,None,66,1,5,False,1000,1000
10416,106,random,10,0.6511743630573248,0,15,None,66,1,5,False,1000,1000
10417,107,random,10,0.651671974522293,0,15,None,66,1,5,False,1000,1000
10418,108,random,10,0.6529657643312102,0,15,None,66,1,5,False,1000,1000
10419,109,random,10,0.6533638535031847,0,15,None,66,1,5,False,1000,1000
10420,105,random,10,0.630672770700637,0,10,None,66,1,5,False,1000,1000
10421,106,random,10,0.6324641719745223,0,10,None,66,1,5,False,1000,1000
10422,107,random,10,0.6347531847133758,0,10,None,66,1,5,False,1000,1000
10423,108,random,10,0.6372412420382165,0,10,None,66,1,5,False,1000,1000
10424,109,random,10,0.63953025477707,0,10,None,66,1,5,False,1000,1000
10425,105,random,10,0.6009156050955414,0,11,None,66,1,5,False,1000,1000
10426,106,random,10,0.6009156050955414,0,11,None,66,1,5,False,1000,1000
10427,107,random,10,0.6030055732484076,0,11,None,66,1,5,False,1000,1000
10428,108,random,10,0.6035031847133758,0,11,None,66,1,5,False,1000,1000
10429,109,random,10,0.6041003184713376,0,11,None,66,1,5,False,1000,1000
10430,105,random,10,0.6461982484076433,0,20,None,66,1,5,False,1000,1000
10431,106,random,10,0.6471934713375797,0,20,None,66,1,5,False,1000,1000
10432,107,random,10,0.6477906050955414,0,20,None,66,1,5,False,1000,1000
10433,108,random,10,0.6490843949044586,0,20,None,66,1,5,False,1000,1000
10434,109,random,10,0.6503781847133758,0,20,None,66,1,5,False,1000,1000
10435,105,random,10,0.6458001592356688,0,14,None,66,1,5,False,1000,1000
10436,106,random,10,0.648984872611465,0,14,None,66,1,5,False,1000,1000
10437,107,random,10,0.6502786624203821,0,14,None,66,1,5,False,1000,1000
10438,108,random,10,0.6513734076433121,0,14,None,66,1,5,False,1000,1000
10439,109,random,10,0.6547571656050956,0,14,None,66,1,5,False,1000,1000
10440,105,random,10,0.6788415605095541,0,22,None,66,1,5,False,1000,1000
10441,106,random,10,0.6797372611464968,0,22,None,66,1,5,False,1000,1000
10442,107,random,10,0.681827229299363,0,22,None,66,1,5,False,1000,1000
10443,108,random,10,0.6820262738853503,0,22,None,66,1,5,False,1000,1000
10444,109,random,10,0.6833200636942676,0,22,None,66,1,5,False,1000,1000
10445,105,random,10,0.6382364649681529,0,23,None,66,1,5,False,1000,1000
10446,106,random,10,0.6388335987261147,0,23,None,66,1,5,False,1000,1000
10447,107,random,10,0.63953025477707,0,23,None,66,1,5,False,1000,1000
10448,108,random,10,0.6409235668789809,0,23,None,66,1,5,False,1000,1000
10449,109,random,10,0.6419187898089171,0,23,None,66,1,5,False,1000,1000
10450,105,random,10,0.7038216560509554,0,9,None,66,1,5,False,1000,1000
10451,106,random,10,0.7062101910828026,0,9,None,66,1,5,False,1000,1000
10452,107,random,10,0.7078025477707006,0,9,None,66,1,5,False,1000,1000
10453,108,random,10,0.7089968152866242,0,9,None,66,1,5,False,1000,1000
10454,109,random,10,0.7105891719745223,0,9,None,66,1,5,False,1000,1000
10455,105,random,10,0.7194466560509554,0,12,None,66,1,5,False,1000,1000
10456,106,random,10,0.7202428343949044,0,12,None,66,1,5,False,1000,1000
10457,107,random,10,0.7217356687898089,0,12,None,66,1,5,False,1000,1000
10458,108,random,10,0.7226313694267515,0,12,None,66,1,5,False,1000,1000
10459,109,random,10,0.7232285031847133,0,12,None,66,1,5,False,1000,1000
10460,105,random,10,0.683718152866242,0,25,None,66,1,5,False,1000,1000
10461,106,random,10,0.6841162420382165,0,25,None,66,1,5,False,1000,1000
10462,107,random,10,0.6858081210191083,0,25,None,66,1,5,False,1000,1000
10463,108,random,10,0.6868033439490446,0,25,None,66,1,5,False,1000,1000
10464,109,random,10,0.6873009554140127,0,25,None,66,1,5,False,1000,1000
10465,105,random,10,0.7107882165605095,0,17,None,66,1,5,False,1000,1000
10466,106,random,10,0.7124800955414012,0,17,None,66,1,5,False,1000,1000
10467,107,random,10,0.7135748407643312,0,17,None,66,1,5,False,1000,1000
10468,108,random,10,0.7144705414012739,0,17,None,66,1,5,False,1000,1000
10469,109,random,10,0.7151671974522293,0,17,None,66,1,5,False,1000,1000
10470,105,random,10,0.7046178343949044,0,27,None,66,1,5,False,1000,1000
10471,106,random,10,0.7048168789808917,0,27,None,66,1,5,False,1000,1000
10472,107,random,10,0.7048168789808917,0,27,None,66,1,5,False,1000,1000
10473,108,random,10,0.705812101910828,0,27,None,66,1,5,False,1000,1000
10474,109,random,10,0.7064092356687898,0,27,None,66,1,5,False,1000,1000
10475,105,random,10,0.6666998407643312,0,6,None,66,1,5,False,1000,1000
10476,106,random,10,0.6671974522292994,0,6,None,66,1,5,False,1000,1000
10477,107,random,10,0.6677945859872612,0,6,None,66,1,5,False,1000,1000
10478,108,random,10,0.6682921974522293,0,6,None,66,1,5,False,1000,1000
10479,109,random,10,0.669187898089172,0,6,None,66,1,5,False,1000,1000
10480,105,random,10,0.6986464968152867,0,26,None,66,1,5,False,1000,1000
10481,106,random,10,0.6995421974522293,0,26,None,66,1,5,False,1000,1000
10482,107,random,10,0.7000398089171974,0,26,None,66,1,5,False,1000,1000
10483,108,random,10,0.7006369426751592,0,26,None,66,1,5,False,1000,1000
10484,109,random,10,0.7018312101910829,0,26,None,66,1,5,False,1000,1000
10485,105,random,10,0.7075039808917197,0,30,None,66,1,5,False,1000,1000
10486,106,random,10,0.7082006369426752,0,30,None,66,1,5,False,1000,1000
10487,107,random,10,0.708797770700637,0,30,None,66,1,5,False,1000,1000
10488,108,random,10,0.7097929936305732,0,30,None,66,1,5,False,1000,1000
10489,109,random,10,0.709593949044586,0,30,None,66,1,5,False,1000,1000
10490,105,random,10,0.6804339171974523,0,31,None,66,1,5,False,1000,1000
10491,106,random,10,0.6806329617834395,0,31,None,66,1,5,False,1000,1000
10492,107,random,10,0.681031050955414,0,31,None,66,1,5,False,1000,1000
10493,108,random,10,0.6823248407643312,0,31,None,66,1,5,False,1000,1000
10494,109,random,10,0.6830214968152867,0,31,None,66,1,5,False,1000,1000
10495,105,random,10,0.6117635350318471,0,28,None,66,1,5,False,1000,1000
10496,106,random,10,0.6140525477707006,0,28,None,66,1,5,False,1000,1000
10497,107,random,10,0.6147492038216561,0,28,None,66,1,5,False,1000,1000
10498,108,random,10,0.6161425159235668,0,28,None,66,1,5,False,1000,1000
10499,109,random,10,0.6171377388535032,0,28,None,66,1,5,False,1000,1000
10500,105,random,10,0.7017316878980892,0,29,None,66,1,5,False,1000,1000
10501,106,random,10,0.7024283439490446,0,29,None,66,1,5,False,1000,1000
10502,107,random,10,0.7017316878980892,0,29,None,66,1,5,False,1000,1000
10503,108,random,10,0.7006369426751592,0,29,None,66,1,5,False,1000,1000
10504,109,random,10,0.7007364649681529,0,29,None,66,1,5,False,1000,1000
10505,105,random,10,0.6869028662420382,0,3,None,66,1,5,False,1000,1000
10506,106,random,10,0.6873009554140127,0,3,None,66,1,5,False,1000,1000
10507,107,random,10,0.6884952229299363,0,3,None,66,1,5,False,1000,1000
10508,108,random,10,0.6891918789808917,0,3,None,66,1,5,False,1000,1000
10509,109,random,10,0.6908837579617835,0,3,None,66,1,5,False,1000,1000
10510,105,random,10,0.6438097133757962,0,7,None,66,1,5,False,1000,1000
10511,106,random,10,0.6447054140127388,0,7,None,66,1,5,False,1000,1000
10512,107,random,10,0.6456011146496815,0,7,None,66,1,5,False,1000,1000
10513,108,random,10,0.6463972929936306,0,7,None,66,1,5,False,1000,1000
10514,109,random,10,0.6471934713375797,0,7,None,66,1,5,False,1000,1000
10515,105,random,10,0.6921775477707006,0,32,None,66,1,5,False,1000,1000
10516,106,random,10,0.6925756369426752,0,32,None,66,1,5,False,1000,1000
10517,107,random,10,0.6929737261146497,0,32,None,66,1,5,False,1000,1000
10518,108,random,10,0.6934713375796179,0,32,None,66,1,5,False,1000,1000
10519,109,random,10,0.6945660828025477,0,32,None,66,1,5,False,1000,1000
10520,105,random,10,0.6189291401273885,0,8,None,66,1,5,False,1000,1000
10521,106,random,10,0.6205214968152867,0,8,None,66,1,5,False,1000,1000
10522,107,random,10,0.6205214968152867,0,8,None,66,1,5,False,1000,1000
10523,108,random,10,0.6220143312101911,0,8,None,66,1,5,False,1000,1000
10524,109,random,10,0.6236066878980892,0,8,None,66,1,5,False,1000,1000
10525,105,random,10,0.6324641719745223,0,4,None,66,1,5,False,1000,1000
10526,106,random,10,0.6340565286624203,0,4,None,66,1,5,False,1000,1000
10527,107,random,10,0.6353503184713376,0,4,None,66,1,5,False,1000,1000
10528,108,random,10,0.6362460191082803,0,4,None,66,1,5,False,1000,1000
10529,109,random,10,0.6380374203821656,0,4,None,66,1,5,False,1000,1000
10530,105,random,10,0.6887937898089171,0,16,None,66,1,5,False,1000,1000
10531,106,random,10,0.6892914012738853,0,16,None,66,1,5,False,1000,1000
10532,107,random,10,0.6898885350318471,0,16,None,66,1,5,False,1000,1000
10533,108,random,10,0.690187101910828,0,16,None,66,1,5,False,1000,1000
10534,109,random,10,0.6902866242038217,0,16,None,66,1,5,False,1000,1000
10535,105,random,10,0.6905851910828026,0,18,None,66,1,5,False,1000,1000
10536,106,random,10,0.6906847133757962,0,18,None,66,1,5,False,1000,1000
10537,107,random,10,0.6913813694267515,0,18,None,66,1,5,False,1000,1000
10538,108,random,10,0.6923765923566879,0,18,None,66,1,5,False,1000,1000
10539,109,random,10,0.6925756369426752,0,18,None,66,1,5,False,1000,1000
10540,110,random,10,0.6830214968152867,0,26,None,66,1,5,False,1000,1000
10541,111,random,10,0.6836186305732485,0,26,None,66,1,5,False,1000,1000
10542,112,random,10,0.6847133757961783,0,26,None,66,1,5,False,1000,1000
10543,113,random,10,0.6863057324840764,0,26,None,66,1,5,False,1000,1000
10544,114,random,10,0.6874004777070064,0,26,None,66,1,5,False,1000,1000
10545,105,random,10,0.6674960191082803,0,19,None,66,1,5,False,1000,1000
10546,106,random,10,0.669984076433121,0,19,None,66,1,5,False,1000,1000
10547,107,random,10,0.6715764331210191,0,19,None,66,1,5,False,1000,1000
10548,108,random,10,0.6730692675159236,0,19,None,66,1,5,False,1000,1000
10549,109,random,10,0.6752587579617835,0,19,None,66,1,5,False,1000,1000
10550,105,random,10,0.7190485668789809,0,21,None,66,1,5,False,1000,1000
10551,106,random,10,0.7207404458598726,0,21,None,66,1,5,False,1000,1000
10552,107,random,10,0.7220342356687898,0,21,None,66,1,5,False,1000,1000
10553,108,random,10,0.723328025477707,0,21,None,66,1,5,False,1000,1000
10554,109,random,10,0.7242237261146497,0,21,None,66,1,5,False,1000,1000
10555,105,random,10,0.6838176751592356,0,0,None,66,1,5,False,1000,1000
10556,106,random,10,0.6833200636942676,0,0,None,66,1,5,False,1000,1000
10557,107,random,10,0.6831210191082803,0,0,None,66,1,5,False,1000,1000
10558,108,random,10,0.6830214968152867,0,0,None,66,1,5,False,1000,1000
10559,109,random,10,0.6839171974522293,0,0,None,66,1,5,False,1000,1000
10560,105,random,10,0.7261146496815286,0,24,None,66,1,5,False,1000,1000
10561,106,random,10,0.7269108280254777,0,24,None,66,1,5,False,1000,1000
10562,107,random,10,0.7276074840764332,0,24,None,66,1,5,False,1000,1000
10563,108,random,10,0.7283041401273885,0,24,None,66,1,5,False,1000,1000
10564,109,random,10,0.729796974522293,0,24,None,66,1,5,False,1000,1000
10565,110,random,10,0.6761544585987261,0,1,None,66,1,5,False,1000,1000
10566,111,random,10,0.6804339171974523,0,1,None,66,1,5,False,1000,1000
10567,112,random,10,0.6827229299363057,0,1,None,66,1,5,False,1000,1000
10568,113,random,10,0.684812898089172,0,1,None,66,1,5,False,1000,1000
10569,114,random,10,0.6871019108280255,0,1,None,66,1,5,False,1000,1000
10570,110,random,10,0.7200437898089171,0,21,None,66,1,5,False,1000,1000
10571,111,random,10,0.7199442675159236,0,21,None,66,1,5,False,1000,1000
10572,112,random,10,0.721437101910828,0,21,None,66,1,5,False,1000,1000
10573,113,random,10,0.723328025477707,0,21,None,66,1,5,False,1000,1000
10574,114,random,10,0.7238256369426752,0,21,None,66,1,5,False,1000,1000
10575,110,random,10,0.6874004777070064,0,5,None,66,1,5,False,1000,1000
10576,111,random,10,0.6874004777070064,0,5,None,66,1,5,False,1000,1000
10577,112,random,10,0.6873009554140127,0,5,None,66,1,5,False,1000,1000
10578,113,random,10,0.6877985668789809,0,5,None,66,1,5,False,1000,1000
10579,114,random,10,0.6872014331210191,0,5,None,66,1,5,False,1000,1000
10580,110,random,10,0.6576433121019108,0,15,None,66,1,5,False,1000,1000
10581,111,random,10,0.658140923566879,0,15,None,66,1,5,False,1000,1000
10582,112,random,10,0.6585390127388535,0,15,None,66,1,5,False,1000,1000
10583,113,random,10,0.658937101910828,0,15,None,66,1,5,False,1000,1000
10584,114,random,10,0.6596337579617835,0,15,None,66,1,5,False,1000,1000
10585,110,random,10,0.679140127388535,0,19,None,66,1,5,False,1000,1000
10586,111,random,10,0.681031050955414,0,19,None,66,1,5,False,1000,1000
10587,112,random,10,0.6828224522292994,0,19,None,66,1,5,False,1000,1000
10588,113,random,10,0.6841162420382165,0,19,None,66,1,5,False,1000,1000
10589,114,random,10,0.6862062101910829,0,19,None,66,1,5,False,1000,1000
10590,110,random,10,0.7013335987261147,0,18,None,66,1,5,False,1000,1000
10591,111,random,10,0.703125,0,18,None,66,1,5,False,1000,1000
10592,112,random,10,0.7056130573248408,0,18,None,66,1,5,False,1000,1000
10593,113,random,10,0.7071058917197452,0,18,None,66,1,5,False,1000,1000
10594,114,random,10,0.7074044585987261,0,18,None,66,1,5,False,1000,1000
10595,110,random,10,0.7119824840764332,0,13,None,66,1,5,False,1000,1000
10596,111,random,10,0.7123805732484076,0,13,None,66,1,5,False,1000,1000
10597,112,random,10,0.7128781847133758,0,13,None,66,1,5,False,1000,1000
10598,113,random,10,0.7140724522292994,0,13,None,66,1,5,False,1000,1000
10599,114,random,10,0.7144705414012739,0,13,None,66,1,5,False,1000,1000
10600,110,random,10,0.7068073248407644,0,12,None,66,1,5,False,1000,1000
10601,111,random,10,0.7090963375796179,0,12,None,66,1,5,False,1000,1000
10602,112,random,10,0.7097929936305732,0,12,None,66,1,5,False,1000,1000
10603,113,random,10,0.7107882165605095,0,12,None,66,1,5,False,1000,1000
10604,114,random,10,0.7111863057324841,0,12,None,66,1,5,False,1000,1000
10605,110,random,10,0.6334593949044586,0,14,None,66,1,5,False,1000,1000
10606,111,random,10,0.6364450636942676,0,14,None,66,1,5,False,1000,1000
10607,112,random,10,0.6381369426751592,0,14,None,66,1,5,False,1000,1000
10608,113,random,10,0.6393312101910829,0,14,None,66,1,5,False,1000,1000
10609,114,random,10,0.6419187898089171,0,14,None,66,1,5,False,1000,1000
10610,110,random,10,0.6873009554140127,0,25,None,66,1,5,False,1000,1000
10611,111,random,10,0.6882961783439491,0,25,None,66,1,5,False,1000,1000
10612,112,random,10,0.6899880573248408,0,25,None,66,1,5,False,1000,1000
10613,113,random,10,0.6914808917197452,0,25,None,66,1,5,False,1000,1000
10614,114,random,10,0.6925756369426752,0,25,None,66,1,5,False,1000,1000
10615,110,random,10,0.6972531847133758,0,27,None,66,1,5,False,1000,1000
10616,111,random,10,0.6977507961783439,0,27,None,66,1,5,False,1000,1000
10617,112,random,10,0.6981488853503185,0,27,None,66,1,5,False,1000,1000
10618,113,random,10,0.6982484076433121,0,27,None,66,1,5,False,1000,1000
10619,114,random,10,0.6982484076433121,0,27,None,66,1,5,False,1000,1000
10620,110,random,10,0.6822253184713376,0,30,None,66,1,5,False,1000,1000
10621,111,random,10,0.6822253184713376,0,30,None,66,1,5,False,1000,1000
10622,112,random,10,0.6824243630573248,0,30,None,66,1,5,False,1000,1000
10623,113,random,10,0.683718152866242,0,30,None,66,1,5,False,1000,1000
10624,114,random,10,0.6841162420382165,0,30,None,66,1,5,False,1000,1000
10625,110,random,10,0.5923566878980892,0,28,None,66,1,5,False,1000,1000
10626,111,random,10,0.5976313694267515,0,28,None,66,1,5,False,1000,1000
10627,112,random,10,0.6007165605095541,0,28,None,66,1,5,False,1000,1000
10628,113,random,10,0.6043988853503185,0,28,None,66,1,5,False,1000,1000
10629,114,random,10,0.6063893312101911,0,28,None,66,1,5,False,1000,1000
10630,110,random,10,0.683718152866242,0,31,None,66,1,5,False,1000,1000
10631,111,random,10,0.6842157643312102,0,31,None,66,1,5,False,1000,1000
10632,112,random,10,0.6845143312101911,0,31,None,66,1,5,False,1000,1000
10633,113,random,10,0.6847133757961783,0,31,None,66,1,5,False,1000,1000
10634,114,random,10,0.6853105095541401,0,31,None,66,1,5,False,1000,1000
10635,110,random,10,0.7017316878980892,0,29,None,66,1,5,False,1000,1000
10636,111,random,10,0.7022292993630573,0,29,None,66,1,5,False,1000,1000
10637,112,random,10,0.7022292993630573,0,29,None,66,1,5,False,1000,1000
10638,113,random,10,0.7021297770700637,0,29,None,66,1,5,False,1000,1000
10639,114,random,10,0.7028264331210191,0,29,None,66,1,5,False,1000,1000
10640,110,random,10,0.7139729299363057,0,9,None,66,1,5,False,1000,1000
10641,111,random,10,0.7150676751592356,0,9,None,66,1,5,False,1000,1000
10642,112,random,10,0.7165605095541401,0,9,None,66,1,5,False,1000,1000
10643,113,random,10,0.7181528662420382,0,9,None,66,1,5,False,1000,1000
10644,114,random,10,0.71875,0,9,None,66,1,5,False,1000,1000
10645,110,random,10,0.6192277070063694,0,11,None,66,1,5,False,1000,1000
10646,111,random,10,0.618531050955414,0,11,None,66,1,5,False,1000,1000
10647,112,random,10,0.618531050955414,0,11,None,66,1,5,False,1000,1000
10648,113,random,10,0.6189291401273885,0,11,None,66,1,5,False,1000,1000
10649,114,random,10,0.6199243630573248,0,11,None,66,1,5,False,1000,1000
10650,110,random,10,0.684812898089172,0,17,None,66,1,5,False,1000,1000
10651,111,random,10,0.685609076433121,0,17,None,66,1,5,False,1000,1000
10652,112,random,10,0.6850119426751592,0,17,None,66,1,5,False,1000,1000
10653,113,random,10,0.6858081210191083,0,17,None,66,1,5,False,1000,1000
10654,114,random,10,0.6861066878980892,0,17,None,66,1,5,False,1000,1000
10655,110,random,10,0.7039211783439491,0,24,None,66,1,5,False,1000,1000
10656,111,random,10,0.7038216560509554,0,24,None,66,1,5,False,1000,1000
10657,112,random,10,0.7038216560509554,0,24,None,66,1,5,False,1000,1000
10658,113,random,10,0.7053144904458599,0,24,None,66,1,5,False,1000,1000
10659,114,random,10,0.7056130573248408,0,24,None,66,1,5,False,1000,1000
10660,110,random,10,0.6492834394904459,0,7,None,66,1,5,False,1000,1000
10661,111,random,10,0.6491839171974523,0,7,None,66,1,5,False,1000,1000
10662,112,random,10,0.6498805732484076,0,7,None,66,1,5,False,1000,1000
10663,113,random,10,0.6501791401273885,0,7,None,66,1,5,False,1000,1000
10664,114,random,10,0.6512738853503185,0,7,None,66,1,5,False,1000,1000
10665,110,random,10,0.6882961783439491,0,16,None,66,1,5,False,1000,1000
10666,111,random,10,0.6892914012738853,0,16,None,66,1,5,False,1000,1000
10667,112,random,10,0.690187101910828,0,16,None,66,1,5,False,1000,1000
10668,113,random,10,0.6906847133757962,0,16,None,66,1,5,False,1000,1000
10669,114,random,10,0.6914808917197452,0,16,None,66,1,5,False,1000,1000
10670,110,random,10,0.6615246815286624,0,2,None,66,1,5,False,1000,1000
10671,111,random,10,0.6613256369426752,0,2,None,66,1,5,False,1000,1000
10672,112,random,10,0.6628184713375797,0,2,None,66,1,5,False,1000,1000
10673,113,random,10,0.6633160828025477,0,2,None,66,1,5,False,1000,1000
10674,114,random,10,0.6648089171974523,0,2,None,66,1,5,False,1000,1000
10675,110,random,10,0.6852109872611465,0,0,None,66,1,5,False,1000,1000
10676,111,random,10,0.6852109872611465,0,0,None,66,1,5,False,1000,1000
10677,112,random,10,0.6852109872611465,0,0,None,66,1,5,False,1000,1000
10678,113,random,10,0.6861066878980892,0,0,None,66,1,5,False,1000,1000
10679,114,random,10,0.6867038216560509,0,0,None,66,1,5,False,1000,1000
10680,110,random,10,0.6849124203821656,0,3,None,66,1,5,False,1000,1000
10681,111,random,10,0.6825238853503185,0,3,None,66,1,5,False,1000,1000
10682,112,random,10,0.6813296178343949,0,3,None,66,1,5,False,1000,1000
10683,113,random,10,0.6811305732484076,0,3,None,66,1,5,False,1000,1000
10684,114,random,10,0.681031050955414,0,3,None,66,1,5,False,1000,1000
10685,110,random,10,0.6700835987261147,0,6,None,66,1,5,False,1000,1000
10686,111,random,10,0.6705812101910829,0,6,None,66,1,5,False,1000,1000
10687,112,random,10,0.6711783439490446,0,6,None,66,1,5,False,1000,1000
10688,113,random,10,0.6715764331210191,0,6,None,66,1,5,False,1000,1000
10689,114,random,10,0.6724721337579618,0,6,None,66,1,5,False,1000,1000
10690,110,random,10,0.6422173566878981,0,4,None,66,1,5,False,1000,1000
10691,111,random,10,0.6442078025477707,0,4,None,66,1,5,False,1000,1000
10692,112,random,10,0.6456011146496815,0,4,None,66,1,5,False,1000,1000
10693,113,random,10,0.6480891719745223,0,4,None,66,1,5,False,1000,1000
10694,114,random,10,0.6493829617834395,0,4,None,66,1,5,False,1000,1000
10695,110,random,10,0.625,0,8,None,66,1,5,False,1000,1000
10696,111,random,10,0.6255971337579618,0,8,None,66,1,5,False,1000,1000
10697,112,random,10,0.6289808917197452,0,8,None,66,1,5,False,1000,1000
10698,113,random,10,0.6311703821656051,0,8,None,66,1,5,False,1000,1000
10699,114,random,10,0.6325636942675159,0,8,None,66,1,5,False,1000,1000
10700,110,random,10,0.6415207006369427,0,10,None,66,1,5,False,1000,1000
10701,111,random,10,0.6440087579617835,0,10,None,66,1,5,False,1000,1000
10702,112,random,10,0.6464968152866242,0,10,None,66,1,5,False,1000,1000
10703,113,random,10,0.6480891719745223,0,10,None,66,1,5,False,1000,1000
10704,114,random,10,0.6501791401273885,0,10,None,66,1,5,False,1000,1000
10705,110,random,10,0.6526671974522293,0,20,None,66,1,5,False,1000,1000
10706,111,random,10,0.6539609872611465,0,20,None,66,1,5,False,1000,1000
10707,112,random,10,0.6552547770700637,0,20,None,66,1,5,False,1000,1000
10708,113,random,10,0.6554538216560509,0,20,None,66,1,5,False,1000,1000
10709,114,random,10,0.6570461783439491,0,20,None,66,1,5,False,1000,1000
10710,110,random,10,0.6843152866242038,0,22,None,66,1,5,False,1000,1000
10711,111,random,10,0.6849124203821656,0,22,None,66,1,5,False,1000,1000
10712,112,random,10,0.6863057324840764,0,22,None,66,1,5,False,1000,1000
10713,113,random,10,0.6873009554140127,0,22,None,66,1,5,False,1000,1000
10714,114,random,10,0.6878980891719745,0,22,None,66,1,5,False,1000,1000
10715,110,random,10,0.6436106687898089,0,23,None,66,1,5,False,1000,1000
10716,111,random,10,0.6439092356687898,0,23,None,66,1,5,False,1000,1000
10717,112,random,10,0.6457006369426752,0,23,None,66,1,5,False,1000,1000
10718,113,random,10,0.6472929936305732,0,23,None,66,1,5,False,1000,1000
10719,114,random,10,0.6483877388535032,0,23,None,66,1,5,False,1000,1000
10720,110,random,10,0.6948646496815286,0,32,None,66,1,5,False,1000,1000
10721,111,random,10,0.6950636942675159,0,32,None,66,1,5,False,1000,1000
10722,112,random,10,0.6957603503184714,0,32,None,66,1,5,False,1000,1000
10723,113,random,10,0.6965565286624203,0,32,None,66,1,5,False,1000,1000
10724,114,random,10,0.6971536624203821,0,32,None,66,1,5,False,1000,1000
10725,115,random,10,0.6778463375796179,0,1,None,66,1,5,False,1000,1000
10726,116,random,10,0.6814291401273885,0,1,None,66,1,5,False,1000,1000
10727,117,random,10,0.6839171974522293,0,1,None,66,1,5,False,1000,1000
10728,118,random,10,0.68640525477707,0,1,None,66,1,5,False,1000,1000
10729,119,random,10,0.6871019108280255,0,1,None,66,1,5,False,1000,1000
10730,115,random,10,0.6521695859872612,0,2,None,66,1,5,False,1000,1000
10731,116,random,10,0.6533638535031847,0,2,None,66,1,5,False,1000,1000
10732,117,random,10,0.6541600318471338,0,2,None,66,1,5,False,1000,1000
10733,118,random,10,0.6550557324840764,0,2,None,66,1,5,False,1000,1000
10734,119,random,10,0.6563495222929936,0,2,None,66,1,5,False,1000,1000
10735,115,random,10,0.6499800955414012,0,23,None,66,1,5,False,1000,1000
10736,116,random,10,0.6511743630573248,0,23,None,66,1,5,False,1000,1000
10737,117,random,10,0.652468152866242,0,23,None,66,1,5,False,1000,1000
10738,118,random,10,0.6536624203821656,0,23,None,66,1,5,False,1000,1000
10739,119,random,10,0.65515525477707,0,23,None,66,1,5,False,1000,1000
10740,115,random,10,0.5848925159235668,0,28,None,66,1,5,False,1000,1000
10741,116,random,10,0.5886743630573248,0,28,None,66,1,5,False,1000,1000
10742,117,random,10,0.5915605095541401,0,28,None,66,1,5,False,1000,1000
10743,118,random,10,0.5936504777070064,0,28,None,66,1,5,False,1000,1000
10744,119,random,10,0.5957404458598726,0,28,None,66,1,5,False,1000,1000
10745,115,random,10,0.7146695859872612,0,13,None,66,1,5,False,1000,1000
10746,116,random,10,0.714968152866242,0,13,None,66,1,5,False,1000,1000
10747,117,random,10,0.7155652866242038,0,13,None,66,1,5,False,1000,1000
10748,118,random,10,0.7170581210191083,0,13,None,66,1,5,False,1000,1000
10749,119,random,10,0.7174562101910829,0,13,None,66,1,5,False,1000,1000
10750,115,random,10,0.6544585987261147,0,10,None,66,1,5,False,1000,1000
10751,116,random,10,0.65625,0,10,None,66,1,5,False,1000,1000
10752,117,random,10,0.6580414012738853,0,10,None,66,1,5,False,1000,1000
10753,118,random,10,0.6603304140127388,0,10,None,66,1,5,False,1000,1000
10754,119,random,10,0.6628184713375797,0,10,None,66,1,5,False,1000,1000
10755,115,random,10,0.6663017515923567,0,15,None,66,1,5,False,1000,1000
10756,116,random,10,0.6664012738853503,0,15,None,66,1,5,False,1000,1000
10757,117,random,10,0.6671974522292994,0,15,None,66,1,5,False,1000,1000
10758,118,random,10,0.6673964968152867,0,15,None,66,1,5,False,1000,1000
10759,119,random,10,0.6674960191082803,0,15,None,66,1,5,False,1000,1000
10760,115,random,10,0.6243033439490446,0,11,None,66,1,5,False,1000,1000
10761,116,random,10,0.6249004777070064,0,11,None,66,1,5,False,1000,1000
10762,117,random,10,0.6250995222929936,0,11,None,66,1,5,False,1000,1000
10763,118,random,10,0.6259952229299363,0,11,None,66,1,5,False,1000,1000
10764,119,random,10,0.6266918789808917,0,11,None,66,1,5,False,1000,1000
10765,115,random,10,0.6787420382165605,0,17,None,66,1,5,False,1000,1000
10766,116,random,10,0.6786425159235668,0,17,None,66,1,5,False,1000,1000
10767,117,random,10,0.6787420382165605,0,17,None,66,1,5,False,1000,1000
10768,118,random,10,0.6795382165605095,0,17,None,66,1,5,False,1000,1000
10769,119,random,10,0.6811305732484076,0,17,None,66,1,5,False,1000,1000
10770,115,random,10,0.693968949044586,0,24,None,66,1,5,False,1000,1000
10771,116,random,10,0.696656050955414,0,24,None,66,1,5,False,1000,1000
10772,117,random,10,0.696656050955414,0,24,None,66,1,5,False,1000,1000
10773,118,random,10,0.6975517515923567,0,24,None,66,1,5,False,1000,1000
10774,119,random,10,0.6987460191082803,0,24,None,66,1,5,False,1000,1000
10775,115,random,10,0.6903861464968153,0,5,None,66,1,5,False,1000,1000
10776,116,random,10,0.690187101910828,0,5,None,66,1,5,False,1000,1000
10777,117,random,10,0.6905851910828026,0,5,None,66,1,5,False,1000,1000
10778,118,random,10,0.6907842356687898,0,5,None,66,1,5,False,1000,1000
10779,119,random,10,0.6907842356687898,0,5,None,66,1,5,False,1000,1000
10780,115,random,10,0.6838176751592356,0,26,None,66,1,5,False,1000,1000
10781,116,random,10,0.6850119426751592,0,26,None,66,1,5,False,1000,1000
10782,117,random,10,0.6861066878980892,0,26,None,66,1,5,False,1000,1000
10783,118,random,10,0.6872014331210191,0,26,None,66,1,5,False,1000,1000
10784,119,random,10,0.6886942675159236,0,26,None,66,1,5,False,1000,1000
10785,115,random,10,0.7092953821656051,0,12,None,66,1,5,False,1000,1000
10786,116,random,10,0.7102906050955414,0,12,None,66,1,5,False,1000,1000
10787,117,random,10,0.7117834394904459,0,12,None,66,1,5,False,1000,1000
10788,118,random,10,0.7121815286624203,0,12,None,66,1,5,False,1000,1000
10789,119,random,10,0.7134753184713376,0,12,None,66,1,5,False,1000,1000
10790,115,random,10,0.701234076433121,0,27,None,66,1,5,False,1000,1000
10791,116,random,10,0.7016321656050956,0,27,None,66,1,5,False,1000,1000
10792,117,random,10,0.7016321656050956,0,27,None,66,1,5,False,1000,1000
10793,118,random,10,0.7022292993630573,0,27,None,66,1,5,False,1000,1000
10794,119,random,10,0.7022292993630573,0,27,None,66,1,5,False,1000,1000
10795,115,random,10,0.6731687898089171,0,6,None,66,1,5,False,1000,1000
10796,116,random,10,0.6738654458598726,0,6,None,66,1,5,False,1000,1000
10797,117,random,10,0.6746616242038217,0,6,None,66,1,5,False,1000,1000
10798,118,random,10,0.6754578025477707,0,6,None,66,1,5,False,1000,1000
10799,119,random,10,0.6758558917197452,0,6,None,66,1,5,False,1000,1000
10800,115,random,10,0.6849124203821656,0,30,None,66,1,5,False,1000,1000
10801,116,random,10,0.6857085987261147,0,30,None,66,1,5,False,1000,1000
10802,117,random,10,0.6863057324840764,0,30,None,66,1,5,False,1000,1000
10803,118,random,10,0.6867038216560509,0,30,None,66,1,5,False,1000,1000
10804,119,random,10,0.6871019108280255,0,30,None,66,1,5,False,1000,1000
10805,115,random,10,0.6883957006369427,0,22,None,66,1,5,False,1000,1000
10806,116,random,10,0.6896894904458599,0,22,None,66,1,5,False,1000,1000
10807,117,random,10,0.6904856687898089,0,22,None,66,1,5,False,1000,1000
10808,118,random,10,0.6913813694267515,0,22,None,66,1,5,False,1000,1000
10809,119,random,10,0.6921775477707006,0,22,None,66,1,5,False,1000,1000
10810,115,random,10,0.6950636942675159,0,32,None,66,1,5,False,1000,1000
10811,116,random,10,0.6961584394904459,0,32,None,66,1,5,False,1000,1000
10812,117,random,10,0.697452229299363,0,32,None,66,1,5,False,1000,1000
10813,118,random,10,0.698546974522293,0,32,None,66,1,5,False,1000,1000
10814,119,random,10,0.6995421974522293,0,32,None,66,1,5,False,1000,1000
10815,115,random,10,0.6545581210191083,0,7,None,66,1,5,False,1000,1000
10816,116,random,10,0.6553542993630573,0,7,None,66,1,5,False,1000,1000
10817,117,random,10,0.6570461783439491,0,7,None,66,1,5,False,1000,1000
10818,118,random,10,0.6574442675159236,0,7,None,66,1,5,False,1000,1000
10819,119,random,10,0.6576433121019108,0,7,None,66,1,5,False,1000,1000
10820,115,random,10,0.7028264331210191,0,21,None,66,1,5,False,1000,1000
10821,116,random,10,0.7035230891719745,0,21,None,66,1,5,False,1000,1000
10822,117,random,10,0.7048168789808917,0,21,None,66,1,5,False,1000,1000
10823,118,random,10,0.7065087579617835,0,21,None,66,1,5,False,1000,1000
10824,119,random,10,0.7074044585987261,0,21,None,66,1,5,False,1000,1000
10825,115,random,10,0.6923765923566879,0,16,None,66,1,5,False,1000,1000
10826,116,random,10,0.6927746815286624,0,16,None,66,1,5,False,1000,1000
10827,117,random,10,0.6925756369426752,0,16,None,66,1,5,False,1000,1000
10828,118,random,10,0.6930732484076433,0,16,None,66,1,5,False,1000,1000
10829,119,random,10,0.6933718152866242,0,16,None,66,1,5,False,1000,1000
10830,115,random,10,0.716859076433121,0,9,None,66,1,5,False,1000,1000
10831,116,random,10,0.7178542993630573,0,9,None,66,1,5,False,1000,1000
10832,117,random,10,0.7185509554140127,0,9,None,66,1,5,False,1000,1000
10833,118,random,10,0.7201433121019108,0,9,None,66,1,5,False,1000,1000
10834,119,random,10,0.721437101910828,0,9,None,66,1,5,False,1000,1000
10835,115,random,10,0.6880971337579618,0,0,None,66,1,5,False,1000,1000
10836,116,random,10,0.6882961783439491,0,0,None,66,1,5,False,1000,1000
10837,117,random,10,0.6886942675159236,0,0,None,66,1,5,False,1000,1000
10838,118,random,10,0.6886942675159236,0,0,None,66,1,5,False,1000,1000
10839,119,random,10,0.6892914012738853,0,0,None,66,1,5,False,1000,1000
10840,115,random,10,0.6383359872611465,0,14,None,66,1,5,False,1000,1000
10841,116,random,10,0.6413216560509554,0,14,None,66,1,5,False,1000,1000
10842,117,random,10,0.6437101910828026,0,14,None,66,1,5,False,1000,1000
10843,118,random,10,0.6456011146496815,0,14,None,66,1,5,False,1000,1000
10844,119,random,10,0.6469944267515924,0,14,None,66,1,5,False,1000,1000
10845,115,random,10,0.6924761146496815,0,25,None,66,1,5,False,1000,1000
10846,116,random,10,0.693172770700637,0,25,None,66,1,5,False,1000,1000
10847,117,random,10,0.6945660828025477,0,25,None,66,1,5,False,1000,1000
10848,118,random,10,0.694765127388535,0,25,None,66,1,5,False,1000,1000
10849,119,random,10,0.6960589171974523,0,25,None,66,1,5,False,1000,1000
10850,115,random,10,0.703125,0,29,None,66,1,5,False,1000,1000
10851,116,random,10,0.7034235668789809,0,29,None,66,1,5,False,1000,1000
10852,117,random,10,0.7033240445859873,0,29,None,66,1,5,False,1000,1000
10853,118,random,10,0.703125,0,29,None,66,1,5,False,1000,1000
10854,119,random,10,0.7027269108280255,0,29,None,66,1,5,False,1000,1000
10855,115,random,10,0.7052149681528662,0,18,None,66,1,5,False,1000,1000
10856,116,random,10,0.7076035031847133,0,18,None,66,1,5,False,1000,1000
10857,117,random,10,0.7088972929936306,0,18,None,66,1,5,False,1000,1000
10858,118,random,10,0.7104896496815286,0,18,None,66,1,5,False,1000,1000
10859,119,random,10,0.711484872611465,0,18,None,66,1,5,False,1000,1000
10860,115,random,10,0.6235071656050956,0,8,None,66,1,5,False,1000,1000
10861,116,random,10,0.6256966560509554,0,8,None,66,1,5,False,1000,1000
10862,117,random,10,0.6278861464968153,0,8,None,66,1,5,False,1000,1000
10863,118,random,10,0.6316679936305732,0,8,None,66,1,5,False,1000,1000
10864,119,random,10,0.6330613057324841,0,8,None,66,1,5,False,1000,1000
10865,115,random,10,0.6861066878980892,0,19,None,66,1,5,False,1000,1000
10866,116,random,10,0.6873009554140127,0,19,None,66,1,5,False,1000,1000
10867,117,random,10,0.6878980891719745,0,19,None,66,1,5,False,1000,1000
10868,118,random,10,0.6891918789808917,0,19,None,66,1,5,False,1000,1000
10869,119,random,10,0.6906847133757962,0,19,None,66,1,5,False,1000,1000
10870,115,random,10,0.68640525477707,0,31,None,66,1,5,False,1000,1000
10871,116,random,10,0.6869028662420382,0,31,None,66,1,5,False,1000,1000
10872,117,random,10,0.6878980891719745,0,31,None,66,1,5,False,1000,1000
10873,118,random,10,0.6889928343949044,0,31,None,66,1,5,False,1000,1000
10874,119,random,10,0.6896894904458599,0,31,None,66,1,5,False,1000,1000
10875,115,random,10,0.6476910828025477,0,4,None,66,1,5,False,1000,1000
10876,116,random,10,0.6494824840764332,0,4,None,66,1,5,False,1000,1000
10877,117,random,10,0.6518710191082803,0,4,None,66,1,5,False,1000,1000
10878,118,random,10,0.6546576433121019,0,4,None,66,1,5,False,1000,1000
10879,119,random,10,0.6565485668789809,0,4,None,66,1,5,False,1000,1000
10880,115,random,10,0.6812300955414012,0,3,None,66,1,5,False,1000,1000
10881,116,random,10,0.6813296178343949,0,3,None,66,1,5,False,1000,1000
10882,117,random,10,0.681827229299363,0,3,None,66,1,5,False,1000,1000
10883,118,random,10,0.6813296178343949,0,3,None,66,1,5,False,1000,1000
10884,119,random,10,0.6824243630573248,0,3,None,66,1,5,False,1000,1000
10885,115,random,10,0.647093949044586,0,20,None,66,1,5,False,1000,1000
10886,116,random,10,0.6477906050955414,0,20,None,66,1,5,False,1000,1000
10887,117,random,10,0.6487858280254777,0,20,None,66,1,5,False,1000,1000
10888,118,random,10,0.6496815286624203,0,20,None,66,1,5,False,1000,1000
10889,119,random,10,0.650577229299363,0,20,None,66,1,5,False,1000,1000
10890,120,random,10,0.6770501592356688,0,1,None,66,1,5,False,1000,1000
10891,121,random,10,0.6806329617834395,0,1,None,66,1,5,False,1000,1000
10892,122,random,10,0.6830214968152867,0,1,None,66,1,5,False,1000,1000
10893,123,random,10,0.6851114649681529,0,1,None,66,1,5,False,1000,1000
10894,124,random,10,0.6877985668789809,0,1,None,66,1,5,False,1000,1000
10895,120,random,10,0.6990445859872612,0,21,None,66,1,5,False,1000,1000
10896,121,random,10,0.6996417197452229,0,21,None,66,1,5,False,1000,1000
10897,122,random,10,0.7003383757961783,0,21,None,66,1,5,False,1000,1000
10898,123,random,10,0.7010350318471338,0,21,None,66,1,5,False,1000,1000
10899,124,random,10,0.7025278662420382,0,21,None,66,1,5,False,1000,1000
10900,120,random,10,0.705812101910828,0,27,None,66,1,5,False,1000,1000
10901,121,random,10,0.7067078025477707,0,27,None,66,1,5,False,1000,1000
10902,122,random,10,0.706906847133758,0,27,None,66,1,5,False,1000,1000
10903,123,random,10,0.7078025477707006,0,27,None,66,1,5,False,1000,1000
10904,124,random,10,0.7079020700636943,0,27,None,66,1,5,False,1000,1000
10905,120,random,10,0.6859076433121019,0,30,None,66,1,5,False,1000,1000
10906,121,random,10,0.6875,0,30,None,66,1,5,False,1000,1000
10907,122,random,10,0.6881966560509554,0,30,None,66,1,5,False,1000,1000
10908,123,random,10,0.68859474522293,0,30,None,66,1,5,False,1000,1000
10909,124,random,10,0.6898885350318471,0,30,None,66,1,5,False,1000,1000
10910,120,random,10,0.6466958598726115,0,20,None,66,1,5,False,1000,1000
10911,121,random,10,0.6488853503184714,0,20,None,66,1,5,False,1000,1000
10912,122,random,10,0.6501791401273885,0,20,None,66,1,5,False,1000,1000
10913,123,random,10,0.6508757961783439,0,20,None,66,1,5,False,1000,1000
10914,124,random,10,0.6520700636942676,0,20,None,66,1,5,False,1000,1000
10915,120,random,10,0.6934713375796179,0,22,None,66,1,5,False,1000,1000
10916,121,random,10,0.6942675159235668,0,22,None,66,1,5,False,1000,1000
10917,122,random,10,0.694765127388535,0,22,None,66,1,5,False,1000,1000
10918,123,random,10,0.6954617834394905,0,22,None,66,1,5,False,1000,1000
10919,124,random,10,0.6955613057324841,0,22,None,66,1,5,False,1000,1000
10920,120,random,10,0.6564490445859873,0,23,None,66,1,5,False,1000,1000
10921,121,random,10,0.6580414012738853,0,23,None,66,1,5,False,1000,1000
10922,122,random,10,0.6590366242038217,0,23,None,66,1,5,False,1000,1000
10923,123,random,10,0.6597332802547771,0,23,None,66,1,5,False,1000,1000
10924,124,random,10,0.6597332802547771,0,23,None,66,1,5,False,1000,1000
10925,120,random,10,0.6523686305732485,0,2,None,66,1,5,False,1000,1000
10926,121,random,10,0.6536624203821656,0,2,None,66,1,5,False,1000,1000
10927,122,random,10,0.6546576433121019,0,2,None,66,1,5,False,1000,1000
10928,123,random,10,0.6558519108280255,0,2,None,66,1,5,False,1000,1000
10929,124,random,10,0.6571457006369427,0,2,None,66,1,5,False,1000,1000
10930,120,random,10,0.6900875796178344,0,5,None,66,1,5,False,1000,1000
10931,121,random,10,0.6907842356687898,0,5,None,66,1,5,False,1000,1000
10932,122,random,10,0.691281847133758,0,5,None,66,1,5,False,1000,1000
10933,123,random,10,0.6919785031847133,0,5,None,66,1,5,False,1000,1000
10934,124,random,10,0.6928742038216561,0,5,None,66,1,5,False,1000,1000
10935,120,random,10,0.6906847133757962,0,16,None,66,1,5,False,1000,1000
10936,121,random,10,0.6911823248407644,0,16,None,66,1,5,False,1000,1000
10937,122,random,10,0.6928742038216561,0,16,None,66,1,5,False,1000,1000
10938,123,random,10,0.693172770700637,0,16,None,66,1,5,False,1000,1000
10939,124,random,10,0.6938694267515924,0,16,None,66,1,5,False,1000,1000
10940,120,random,10,0.6584394904458599,0,7,None,66,1,5,False,1000,1000
10941,121,random,10,0.6593351910828026,0,7,None,66,1,5,False,1000,1000
10942,122,random,10,0.6601313694267515,0,7,None,66,1,5,False,1000,1000
10943,123,random,10,0.6607285031847133,0,7,None,66,1,5,False,1000,1000
10944,124,random,10,0.6613256369426752,0,7,None,66,1,5,False,1000,1000
10945,120,random,10,0.6975517515923567,0,32,None,66,1,5,False,1000,1000
10946,121,random,10,0.698546974522293,0,32,None,66,1,5,False,1000,1000
10947,122,random,10,0.6997412420382165,0,32,None,66,1,5,False,1000,1000
10948,123,random,10,0.7011345541401274,0,32,None,66,1,5,False,1000,1000
10949,124,random,10,0.7010350318471338,0,32,None,66,1,5,False,1000,1000
10950,120,random,10,0.6423168789808917,0,14,None,66,1,5,False,1000,1000
10951,121,random,10,0.6451035031847133,0,14,None,66,1,5,False,1000,1000
10952,122,random,10,0.6474920382165605,0,14,None,66,1,5,False,1000,1000
10953,123,random,10,0.6490843949044586,0,14,None,66,1,5,False,1000,1000
10954,124,random,10,0.6503781847133758,0,14,None,66,1,5,False,1000,1000
10955,120,random,10,0.7210390127388535,0,9,None,66,1,5,False,1000,1000
10956,121,random,10,0.7223328025477707,0,9,None,66,1,5,False,1000,1000
10957,122,random,10,0.7243232484076433,0,9,None,66,1,5,False,1000,1000
10958,123,random,10,0.7247213375796179,0,9,None,66,1,5,False,1000,1000
10959,124,random,10,0.7255175159235668,0,9,None,66,1,5,False,1000,1000
10960,120,random,10,0.705015923566879,0,29,None,66,1,5,False,1000,1000
10961,121,random,10,0.7049164012738853,0,29,None,66,1,5,False,1000,1000
10962,122,random,10,0.7049164012738853,0,29,None,66,1,5,False,1000,1000
10963,123,random,10,0.705015923566879,0,29,None,66,1,5,False,1000,1000
10964,124,random,10,0.705015923566879,0,29,None,66,1,5,False,1000,1000
10965,120,random,10,0.6812300955414012,0,17,None,66,1,5,False,1000,1000
10966,121,random,10,0.6819267515923567,0,17,None,66,1,5,False,1000,1000
10967,122,random,10,0.6822253184713376,0,17,None,66,1,5,False,1000,1000
10968,123,random,10,0.6838176751592356,0,17,None,66,1,5,False,1000,1000
10969,124,random,10,0.6843152866242038,0,17,None,66,1,5,False,1000,1000
10970,120,random,10,0.6975517515923567,0,24,None,66,1,5,False,1000,1000
10971,121,random,10,0.697452229299363,0,24,None,66,1,5,False,1000,1000
10972,122,random,10,0.6978503184713376,0,24,None,66,1,5,False,1000,1000
10973,123,random,10,0.6992436305732485,0,24,None,66,1,5,False,1000,1000
10974,124,random,10,0.7009355095541401,0,24,None,66,1,5,False,1000,1000
10975,120,random,10,0.630672770700637,0,8,None,66,1,5,False,1000,1000
10976,121,random,10,0.6335589171974523,0,8,None,66,1,5,False,1000,1000
10977,122,random,10,0.6350517515923567,0,8,None,66,1,5,False,1000,1000
10978,123,random,10,0.6357484076433121,0,8,None,66,1,5,False,1000,1000
10979,124,random,10,0.6371417197452229,0,8,None,66,1,5,False,1000,1000
10980,120,random,10,0.7090963375796179,0,18,None,66,1,5,False,1000,1000
10981,121,random,10,0.7115843949044586,0,18,None,66,1,5,False,1000,1000
10982,122,random,10,0.7123805732484076,0,18,None,66,1,5,False,1000,1000
10983,123,random,10,0.7140724522292994,0,18,None,66,1,5,False,1000,1000
10984,124,random,10,0.7150676751592356,0,18,None,66,1,5,False,1000,1000
10985,120,random,10,0.6907842356687898,0,31,None,66,1,5,False,1000,1000
10986,121,random,10,0.6915804140127388,0,31,None,66,1,5,False,1000,1000
10987,122,random,10,0.6927746815286624,0,31,None,66,1,5,False,1000,1000
10988,123,random,10,0.6937699044585988,0,31,None,66,1,5,False,1000,1000
10989,124,random,10,0.6949641719745223,0,31,None,66,1,5,False,1000,1000
10990,120,random,10,0.6917794585987261,0,19,None,66,1,5,False,1000,1000
10991,121,random,10,0.692078025477707,0,19,None,66,1,5,False,1000,1000
10992,122,random,10,0.6932722929936306,0,19,None,66,1,5,False,1000,1000
10993,123,random,10,0.6943670382165605,0,19,None,66,1,5,False,1000,1000
10994,124,random,10,0.6949641719745223,0,19,None,66,1,5,False,1000,1000
10995,120,random,10,0.5804140127388535,0,28,None,66,1,5,False,1000,1000
10996,121,random,10,0.5848925159235668,0,28,None,66,1,5,False,1000,1000
10997,122,random,10,0.588077229299363,0,28,None,66,1,5,False,1000,1000
10998,123,random,10,0.5904657643312102,0,28,None,66,1,5,False,1000,1000
10999,124,random,10,0.5942476114649682,0,28,None,66,1,5,False,1000,1000
11000,120,random,10,0.6914808917197452,0,0,None,66,1,5,False,1000,1000
11001,121,random,10,0.6913813694267515,0,0,None,66,1,5,False,1000,1000
11002,122,random,10,0.6913813694267515,0,0,None,66,1,5,False,1000,1000
11003,123,random,10,0.6914808917197452,0,0,None,66,1,5,False,1000,1000
11004,124,random,10,0.6917794585987261,0,0,None,66,1,5,False,1000,1000
11005,120,random,10,0.6626194267515924,0,10,None,66,1,5,False,1000,1000
11006,121,random,10,0.6650079617834395,0,10,None,66,1,5,False,1000,1000
11007,122,random,10,0.6666003184713376,0,10,None,66,1,5,False,1000,1000
11008,123,random,10,0.6676950636942676,0,10,None,66,1,5,False,1000,1000
11009,124,random,10,0.6682921974522293,0,10,None,66,1,5,False,1000,1000
11010,120,random,10,0.6292794585987261,0,11,None,66,1,5,False,1000,1000
11011,121,random,10,0.629578025477707,0,11,None,66,1,5,False,1000,1000
11012,122,random,10,0.6309713375796179,0,11,None,66,1,5,False,1000,1000
11013,123,random,10,0.6327627388535032,0,11,None,66,1,5,False,1000,1000
11014,124,random,10,0.6337579617834395,0,11,None,66,1,5,False,1000,1000
11015,120,random,10,0.6526671974522293,0,4,None,66,1,5,False,1000,1000
11016,121,random,10,0.6537619426751592,0,4,None,66,1,5,False,1000,1000
11017,122,random,10,0.6575437898089171,0,4,None,66,1,5,False,1000,1000
11018,123,random,10,0.6592356687898089,0,4,None,66,1,5,False,1000,1000
11019,124,random,10,0.6598328025477707,0,4,None,66,1,5,False,1000,1000
11020,120,random,10,0.6750597133757962,0,15,None,66,1,5,False,1000,1000
11021,121,random,10,0.6752587579617835,0,15,None,66,1,5,False,1000,1000
11022,122,random,10,0.6753582802547771,0,15,None,66,1,5,False,1000,1000
11023,123,random,10,0.6757563694267515,0,15,None,66,1,5,False,1000,1000
11024,124,random,10,0.6758558917197452,0,15,None,66,1,5,False,1000,1000
11025,120,random,10,0.6767515923566879,0,6,None,66,1,5,False,1000,1000
11026,121,random,10,0.6772492038216561,0,6,None,66,1,5,False,1000,1000
11027,122,random,10,0.677547770700637,0,6,None,66,1,5,False,1000,1000
11028,123,random,10,0.678343949044586,0,6,None,66,1,5,False,1000,1000
11029,124,random,10,0.6785429936305732,0,6,None,66,1,5,False,1000,1000
11030,120,random,10,0.682921974522293,0,3,None,66,1,5,False,1000,1000
11031,121,random,10,0.6841162420382165,0,3,None,66,1,5,False,1000,1000
11032,122,random,10,0.6841162420382165,0,3,None,66,1,5,False,1000,1000
11033,123,random,10,0.6859076433121019,0,3,None,66,1,5,False,1000,1000
11034,124,random,10,0.6867038216560509,0,3,None,66,1,5,False,1000,1000
11035,120,random,10,0.7098925159235668,0,12,None,66,1,5,False,1000,1000
11036,121,random,10,0.7110867834394905,0,12,None,66,1,5,False,1000,1000
11037,122,random,10,0.7127786624203821,0,12,None,66,1,5,False,1000,1000
11038,123,random,10,0.7145700636942676,0,12,None,66,1,5,False,1000,1000
11039,124,random,10,0.7154657643312102,0,12,None,66,1,5,False,1000,1000
11040,120,random,10,0.71765525477707,0,13,None,66,1,5,False,1000,1000
11041,121,random,10,0.7172571656050956,0,13,None,66,1,5,False,1000,1000
11042,122,random,10,0.7180533439490446,0,13,None,66,1,5,False,1000,1000
11043,123,random,10,0.7185509554140127,0,13,None,66,1,5,False,1000,1000
11044,124,random,10,0.7192476114649682,0,13,None,66,1,5,False,1000,1000
11045,120,random,10,0.6955613057324841,0,25,None,66,1,5,False,1000,1000
11046,121,random,10,0.6967555732484076,0,25,None,66,1,5,False,1000,1000
11047,122,random,10,0.6984474522292994,0,25,None,66,1,5,False,1000,1000
11048,123,random,10,0.6999402866242038,0,25,None,66,1,5,False,1000,1000
11049,124,random,10,0.7010350318471338,0,25,None,66,1,5,False,1000,1000
11050,120,random,10,0.6871019108280255,0,26,None,66,1,5,False,1000,1000
11051,121,random,10,0.6892914012738853,0,26,None,66,1,5,False,1000,1000
11052,122,random,10,0.689390923566879,0,26,None,66,1,5,False,1000,1000
11053,123,random,10,0.6906847133757962,0,26,None,66,1,5,False,1000,1000
11054,124,random,10,0.6918789808917197,0,26,None,66,1,5,False,1000,1000
11055,125,random,10,0.7121815286624203,0,27,None,66,1,5,False,1000,1000
11056,126,random,10,0.7124800955414012,0,27,None,66,1,5,False,1000,1000
11057,127,random,10,0.7125796178343949,0,27,None,66,1,5,False,1000,1000
11058,128,random,10,0.7126791401273885,0,27,None,66,1,5,False,1000,1000
11059,129,random,10,0.7140724522292994,0,27,None,66,1,5,False,1000,1000
11060,125,random,10,0.6767515923566879,0,1,None,66,1,5,False,1000,1000
11061,126,random,10,0.6808320063694268,0,1,None,66,1,5,False,1000,1000
11062,127,random,10,0.6841162420382165,0,1,None,66,1,5,False,1000,1000
11063,128,random,10,0.685609076433121,0,1,None,66,1,5,False,1000,1000
11064,129,random,10,0.68859474522293,0,1,None,66,1,5,False,1000,1000
11065,125,random,10,0.6613256369426752,0,23,None,66,1,5,False,1000,1000
11066,126,random,10,0.6617237261146497,0,23,None,66,1,5,False,1000,1000
11067,127,random,10,0.662718949044586,0,23,None,66,1,5,False,1000,1000
11068,128,random,10,0.663515127388535,0,23,None,66,1,5,False,1000,1000
11069,129,random,10,0.6649084394904459,0,23,None,66,1,5,False,1000,1000
11070,125,random,10,0.7029259554140127,0,21,None,66,1,5,False,1000,1000
11071,126,random,10,0.7044187898089171,0,21,None,66,1,5,False,1000,1000
11072,127,random,10,0.7063097133757962,0,21,None,66,1,5,False,1000,1000
11073,128,random,10,0.7067078025477707,0,21,None,66,1,5,False,1000,1000
11074,129,random,10,0.7080015923566879,0,21,None,66,1,5,False,1000,1000
11075,125,random,10,0.6697850318471338,0,10,None,66,1,5,False,1000,1000
11076,126,random,10,0.6705812101910829,0,10,None,66,1,5,False,1000,1000
11077,127,random,10,0.6720740445859873,0,10,None,66,1,5,False,1000,1000
11078,128,random,10,0.6742635350318471,0,10,None,66,1,5,False,1000,1000
11079,129,random,10,0.6751592356687898,0,10,None,66,1,5,False,1000,1000
11080,125,random,10,0.6819267515923567,0,15,None,66,1,5,False,1000,1000
11081,126,random,10,0.6821257961783439,0,15,None,66,1,5,False,1000,1000
11082,127,random,10,0.6821257961783439,0,15,None,66,1,5,False,1000,1000
11083,128,random,10,0.6821257961783439,0,15,None,66,1,5,False,1000,1000
11084,129,random,10,0.6822253184713376,0,15,None,66,1,5,False,1000,1000
11085,125,random,10,0.6849124203821656,0,17,None,66,1,5,False,1000,1000
11086,126,random,10,0.6859076433121019,0,17,None,66,1,5,False,1000,1000
11087,127,random,10,0.6866042993630573,0,17,None,66,1,5,False,1000,1000
11088,128,random,10,0.6868033439490446,0,17,None,66,1,5,False,1000,1000
11089,129,random,10,0.6871019108280255,0,17,None,66,1,5,False,1000,1000
11090,125,random,10,0.6787420382165605,0,6,None,66,1,5,False,1000,1000
11091,126,random,10,0.679140127388535,0,6,None,66,1,5,False,1000,1000
11092,127,random,10,0.6797372611464968,0,6,None,66,1,5,False,1000,1000
11093,128,random,10,0.6804339171974523,0,6,None,66,1,5,False,1000,1000
11094,129,random,10,0.6806329617834395,0,6,None,66,1,5,False,1000,1000
11095,125,random,10,0.6319665605095541,0,8,None,66,1,5,False,1000,1000
11096,126,random,10,0.6337579617834395,0,8,None,66,1,5,False,1000,1000
11097,127,random,10,0.6357484076433121,0,8,None,66,1,5,False,1000,1000
11098,128,random,10,0.6380374203821656,0,8,None,66,1,5,False,1000,1000
11099,129,random,10,0.6398288216560509,0,8,None,66,1,5,False,1000,1000
11100,125,random,10,0.6532643312101911,0,20,None,66,1,5,False,1000,1000
11101,126,random,10,0.6541600318471338,0,20,None,66,1,5,False,1000,1000
11102,127,random,10,0.6544585987261147,0,20,None,66,1,5,False,1000,1000
11103,128,random,10,0.6544585987261147,0,20,None,66,1,5,False,1000,1000
11104,129,random,10,0.6560509554140127,0,20,None,66,1,5,False,1000,1000
11105,125,random,10,0.6984474522292994,0,32,None,66,1,5,False,1000,1000
11106,126,random,10,0.6997412420382165,0,32,None,66,1,5,False,1000,1000
11107,127,random,10,0.7009355095541401,0,32,None,66,1,5,False,1000,1000
11108,128,random,10,0.7016321656050956,0,32,None,66,1,5,False,1000,1000
11109,129,random,10,0.7032245222929936,0,32,None,66,1,5,False,1000,1000
11110,125,random,10,0.6961584394904459,0,22,None,66,1,5,False,1000,1000
11111,126,random,10,0.6970541401273885,0,22,None,66,1,5,False,1000,1000
11112,127,random,10,0.697452229299363,0,22,None,66,1,5,False,1000,1000
11113,128,random,10,0.6977507961783439,0,22,None,66,1,5,False,1000,1000
11114,129,random,10,0.6989450636942676,0,22,None,66,1,5,False,1000,1000
11115,125,random,10,0.6923765923566879,0,5,None,66,1,5,False,1000,1000
11116,126,random,10,0.6923765923566879,0,5,None,66,1,5,False,1000,1000
11117,127,random,10,0.6928742038216561,0,5,None,66,1,5,False,1000,1000
11118,128,random,10,0.6930732484076433,0,5,None,66,1,5,False,1000,1000
11119,129,random,10,0.6943670382165605,0,5,None,66,1,5,False,1000,1000
11120,125,random,10,0.6930732484076433,0,16,None,66,1,5,False,1000,1000
11121,126,random,10,0.6937699044585988,0,16,None,66,1,5,False,1000,1000
11122,127,random,10,0.6950636942675159,0,16,None,66,1,5,False,1000,1000
11123,128,random,10,0.6956608280254777,0,16,None,66,1,5,False,1000,1000
11124,129,random,10,0.6953622611464968,0,16,None,66,1,5,False,1000,1000
11125,125,random,10,0.6617237261146497,0,7,None,66,1,5,False,1000,1000
11126,126,random,10,0.6623208598726115,0,7,None,66,1,5,False,1000,1000
11127,127,random,10,0.6632165605095541,0,7,None,66,1,5,False,1000,1000
11128,128,random,10,0.6639132165605095,0,7,None,66,1,5,False,1000,1000
11129,129,random,10,0.6643113057324841,0,7,None,66,1,5,False,1000,1000
11130,125,random,10,0.6557523885350318,0,4,None,66,1,5,False,1000,1000
11131,126,random,10,0.6576433121019108,0,4,None,66,1,5,False,1000,1000
11132,127,random,10,0.660031847133758,0,4,None,66,1,5,False,1000,1000
11133,128,random,10,0.6625199044585988,0,4,None,66,1,5,False,1000,1000
11134,129,random,10,0.6639132165605095,0,4,None,66,1,5,False,1000,1000
11135,125,random,10,0.6347531847133758,0,11,None,66,1,5,False,1000,1000
11136,126,random,10,0.6357484076433121,0,11,None,66,1,5,False,1000,1000
11137,127,random,10,0.6375398089171974,0,11,None,66,1,5,False,1000,1000
11138,128,random,10,0.6386345541401274,0,11,None,66,1,5,False,1000,1000
11139,129,random,10,0.6399283439490446,0,11,None,66,1,5,False,1000,1000
11140,125,random,10,0.7115843949044586,0,12,None,66,1,5,False,1000,1000
11141,126,random,10,0.7129777070063694,0,12,None,66,1,5,False,1000,1000
11142,127,random,10,0.7153662420382165,0,12,None,66,1,5,False,1000,1000
11143,128,random,10,0.716062898089172,0,12,None,66,1,5,False,1000,1000
11144,129,random,10,0.7171576433121019,0,12,None,66,1,5,False,1000,1000
11145,125,random,10,0.71984474522293,0,13,None,66,1,5,False,1000,1000
11146,126,random,10,0.7197452229299363,0,13,None,66,1,5,False,1000,1000
11147,127,random,10,0.7203423566878981,0,13,None,66,1,5,False,1000,1000
11148,128,random,10,0.7208399681528662,0,13,None,66,1,5,False,1000,1000
11149,129,random,10,0.721437101910828,0,13,None,66,1,5,False,1000,1000
11150,125,random,10,0.6910828025477707,0,26,None,66,1,5,False,1000,1000
11151,126,random,10,0.6923765923566879,0,26,None,66,1,5,False,1000,1000
11152,127,random,10,0.6930732484076433,0,26,None,66,1,5,False,1000,1000
11153,128,random,10,0.6941679936305732,0,26,None,66,1,5,False,1000,1000
11154,129,random,10,0.6954617834394905,0,26,None,66,1,5,False,1000,1000
11155,125,random,10,0.6986464968152867,0,24,None,66,1,5,False,1000,1000
11156,126,random,10,0.7005374203821656,0,24,None,66,1,5,False,1000,1000
11157,127,random,10,0.7016321656050956,0,24,None,66,1,5,False,1000,1000
11158,128,random,10,0.7022292993630573,0,24,None,66,1,5,False,1000,1000
11159,129,random,10,0.7041202229299363,0,24,None,66,1,5,False,1000,1000
11160,125,random,10,0.7120820063694268,0,18,None,66,1,5,False,1000,1000
11161,126,random,10,0.7145700636942676,0,18,None,66,1,5,False,1000,1000
11162,127,random,10,0.7167595541401274,0,18,None,66,1,5,False,1000,1000
11163,128,random,10,0.7178542993630573,0,18,None,66,1,5,False,1000,1000
11164,129,random,10,0.7188495222929936,0,18,None,66,1,5,False,1000,1000
11165,125,random,10,0.6959593949044586,0,31,None,66,1,5,False,1000,1000
11166,126,random,10,0.697452229299363,0,31,None,66,1,5,False,1000,1000
11167,127,random,10,0.6991441082802548,0,31,None,66,1,5,False,1000,1000
11168,128,random,10,0.6999402866242038,0,31,None,66,1,5,False,1000,1000
11169,129,random,10,0.7018312101910829,0,31,None,66,1,5,False,1000,1000
11170,125,random,10,0.696656050955414,0,19,None,66,1,5,False,1000,1000
11171,126,random,10,0.6965565286624203,0,19,None,66,1,5,False,1000,1000
11172,127,random,10,0.6973527070063694,0,19,None,66,1,5,False,1000,1000
11173,128,random,10,0.6996417197452229,0,19,None,66,1,5,False,1000,1000
11174,129,random,10,0.700437898089172,0,19,None,66,1,5,False,1000,1000
11175,125,random,10,0.6879976114649682,0,30,None,66,1,5,False,1000,1000
11176,126,random,10,0.6887937898089171,0,30,None,66,1,5,False,1000,1000
11177,127,random,10,0.689390923566879,0,30,None,66,1,5,False,1000,1000
11178,128,random,10,0.6910828025477707,0,30,None,66,1,5,False,1000,1000
11179,129,random,10,0.6918789808917197,0,30,None,66,1,5,False,1000,1000
11180,125,random,10,0.5793192675159236,0,28,None,66,1,5,False,1000,1000
11181,126,random,10,0.5847929936305732,0,28,None,66,1,5,False,1000,1000
11182,127,random,10,0.588077229299363,0,28,None,66,1,5,False,1000,1000
11183,128,random,10,0.591062898089172,0,28,None,66,1,5,False,1000,1000
11184,129,random,10,0.59484474522293,0,28,None,66,1,5,False,1000,1000
11185,125,random,10,0.6583399681528662,0,2,None,66,1,5,False,1000,1000
11186,126,random,10,0.6592356687898089,0,2,None,66,1,5,False,1000,1000
11187,127,random,10,0.6597332802547771,0,2,None,66,1,5,False,1000,1000
11188,128,random,10,0.6602308917197452,0,2,None,66,1,5,False,1000,1000
11189,129,random,10,0.6612261146496815,0,2,None,66,1,5,False,1000,1000
11190,125,random,10,0.6937699044585988,0,0,None,66,1,5,False,1000,1000
11191,126,random,10,0.6933718152866242,0,0,None,66,1,5,False,1000,1000
11192,127,random,10,0.6940684713375797,0,0,None,66,1,5,False,1000,1000
11193,128,random,10,0.693968949044586,0,0,None,66,1,5,False,1000,1000
11194,129,random,10,0.6942675159235668,0,0,None,66,1,5,False,1000,1000
11195,125,random,10,0.6850119426751592,0,3,None,66,1,5,False,1000,1000
11196,126,random,10,0.6861066878980892,0,3,None,66,1,5,False,1000,1000
11197,127,random,10,0.6875995222929936,0,3,None,66,1,5,False,1000,1000
11198,128,random,10,0.6875995222929936,0,3,None,66,1,5,False,1000,1000
11199,129,random,10,0.6889928343949044,0,3,None,66,1,5,False,1000,1000
11200,125,random,10,0.6458001592356688,0,14,None,66,1,5,False,1000,1000
11201,126,random,10,0.6487858280254777,0,14,None,66,1,5,False,1000,1000
11202,127,random,10,0.6492834394904459,0,14,None,66,1,5,False,1000,1000
11203,128,random,10,0.6508757961783439,0,14,None,66,1,5,False,1000,1000
11204,129,random,10,0.6529657643312102,0,14,None,66,1,5,False,1000,1000
11205,125,random,10,0.7253184713375797,0,9,None,66,1,5,False,1000,1000
11206,126,random,10,0.727109872611465,0,9,None,66,1,5,False,1000,1000
11207,127,random,10,0.727906050955414,0,9,None,66,1,5,False,1000,1000
11208,128,random,10,0.7288017515923567,0,9,None,66,1,5,False,1000,1000
11209,129,random,10,0.7309912420382165,0,9,None,66,1,5,False,1000,1000
11210,125,random,10,0.7008359872611465,0,25,None,66,1,5,False,1000,1000
11211,126,random,10,0.7017316878980892,0,25,None,66,1,5,False,1000,1000
11212,127,random,10,0.7030254777070064,0,25,None,66,1,5,False,1000,1000
11213,128,random,10,0.7036226114649682,0,25,None,66,1,5,False,1000,1000
11214,129,random,10,0.7048168789808917,0,25,None,66,1,5,False,1000,1000
11215,125,random,10,0.7071058917197452,0,29,None,66,1,5,False,1000,1000
11216,126,random,10,0.7067078025477707,0,29,None,66,1,5,False,1000,1000
11217,127,random,10,0.7064092356687898,0,29,None,66,1,5,False,1000,1000
11218,128,random,10,0.7071058917197452,0,29,None,66,1,5,False,1000,1000
11219,129,random,10,0.7072054140127388,0,29,None,66,1,5,False,1000,1000
11550,130,random,10,0.678343949044586,0,1,None,66,1,5,False,1000,1000
11551,131,random,10,0.6821257961783439,0,1,None,66,1,5,False,1000,1000
11552,132,random,10,0.6853105095541401,0,1,None,66,1,5,False,1000,1000
11553,133,random,10,0.6876990445859873,0,1,None,66,1,5,False,1000,1000
11554,134,random,10,0.689390923566879,0,1,None,66,1,5,False,1000,1000
11555,130,random,10,0.6605294585987261,0,2,None,66,1,5,False,1000,1000
11556,131,random,10,0.6604299363057324,0,2,None,66,1,5,False,1000,1000
11557,132,random,10,0.6617237261146497,0,2,None,66,1,5,False,1000,1000
11558,133,random,10,0.6628184713375797,0,2,None,66,1,5,False,1000,1000
11559,134,random,10,0.6632165605095541,0,2,None,66,1,5,False,1000,1000
11560,130,random,10,0.6940684713375797,0,5,None,66,1,5,False,1000,1000
11561,131,random,10,0.6934713375796179,0,5,None,66,1,5,False,1000,1000
11562,132,random,10,0.6943670382165605,0,5,None,66,1,5,False,1000,1000
11563,133,random,10,0.6950636942675159,0,5,None,66,1,5,False,1000,1000
11564,134,random,10,0.6952627388535032,0,5,None,66,1,5,False,1000,1000
11565,130,random,10,0.6867038216560509,0,15,None,66,1,5,False,1000,1000
11566,131,random,10,0.6872014331210191,0,15,None,66,1,5,False,1000,1000
11567,132,random,10,0.6870023885350318,0,15,None,66,1,5,False,1000,1000
11568,133,random,10,0.6877985668789809,0,15,None,66,1,5,False,1000,1000
11569,134,random,10,0.6884952229299363,0,15,None,66,1,5,False,1000,1000
11570,130,random,10,0.6945660828025477,0,16,None,66,1,5,False,1000,1000
11571,131,random,10,0.694765127388535,0,16,None,66,1,5,False,1000,1000
11572,132,random,10,0.6957603503184714,0,16,None,66,1,5,False,1000,1000
11573,133,random,10,0.6964570063694268,0,16,None,66,1,5,False,1000,1000
11574,134,random,10,0.6963574840764332,0,16,None,66,1,5,False,1000,1000
11575,130,random,10,0.6414211783439491,0,11,None,66,1,5,False,1000,1000
11576,131,random,10,0.6421178343949044,0,11,None,66,1,5,False,1000,1000
11577,132,random,10,0.6423168789808917,0,11,None,66,1,5,False,1000,1000
11578,133,random,10,0.6438097133757962,0,11,None,66,1,5,False,1000,1000
11579,134,random,10,0.6448049363057324,0,11,None,66,1,5,False,1000,1000
11580,130,random,10,0.7034235668789809,0,19,None,66,1,5,False,1000,1000
11581,131,random,10,0.7038216560509554,0,19,None,66,1,5,False,1000,1000
11582,132,random,10,0.7051154458598726,0,19,None,66,1,5,False,1000,1000
11583,133,random,10,0.7066082802547771,0,19,None,66,1,5,False,1000,1000
11584,134,random,10,0.7079020700636943,0,19,None,66,1,5,False,1000,1000
11585,130,random,10,0.6493829617834395,0,14,None,66,1,5,False,1000,1000
11586,131,random,10,0.652468152866242,0,14,None,66,1,5,False,1000,1000
11587,132,random,10,0.6542595541401274,0,14,None,66,1,5,False,1000,1000
11588,133,random,10,0.6547571656050956,0,14,None,66,1,5,False,1000,1000
11589,134,random,10,0.6568471337579618,0,14,None,66,1,5,False,1000,1000
11590,130,random,10,0.7049164012738853,0,21,None,66,1,5,False,1000,1000
11591,131,random,10,0.7055135350318471,0,21,None,66,1,5,False,1000,1000
11592,132,random,10,0.7063097133757962,0,21,None,66,1,5,False,1000,1000
11593,133,random,10,0.7075039808917197,0,21,None,66,1,5,False,1000,1000
11594,134,random,10,0.7083001592356688,0,21,None,66,1,5,False,1000,1000
11595,130,random,10,0.68859474522293,0,17,None,66,1,5,False,1000,1000
11596,131,random,10,0.6895899681528662,0,17,None,66,1,5,False,1000,1000
11597,132,random,10,0.6904856687898089,0,17,None,66,1,5,False,1000,1000
11598,133,random,10,0.6906847133757962,0,17,None,66,1,5,False,1000,1000
11599,134,random,10,0.6916799363057324,0,17,None,66,1,5,False,1000,1000
11600,130,random,10,0.7040207006369427,0,25,None,66,1,5,False,1000,1000
11601,131,random,10,0.7053144904458599,0,25,None,66,1,5,False,1000,1000
11602,132,random,10,0.7076035031847133,0,25,None,66,1,5,False,1000,1000
11603,133,random,10,0.7081011146496815,0,25,None,66,1,5,False,1000,1000
11604,134,random,10,0.7094944267515924,0,25,None,66,1,5,False,1000,1000
11605,130,random,10,0.6942675159235668,0,26,None,66,1,5,False,1000,1000
11606,131,random,10,0.6950636942675159,0,26,None,66,1,5,False,1000,1000
11607,132,random,10,0.6953622611464968,0,26,None,66,1,5,False,1000,1000
11608,133,random,10,0.6963574840764332,0,26,None,66,1,5,False,1000,1000
11609,134,random,10,0.6973527070063694,0,26,None,66,1,5,False,1000,1000
11610,130,random,10,0.7034235668789809,0,24,None,66,1,5,False,1000,1000
11611,131,random,10,0.7048168789808917,0,24,None,66,1,5,False,1000,1000
11612,132,random,10,0.7062101910828026,0,24,None,66,1,5,False,1000,1000
11613,133,random,10,0.7076035031847133,0,24,None,66,1,5,False,1000,1000
11614,134,random,10,0.7083996815286624,0,24,None,66,1,5,False,1000,1000
11615,130,random,10,0.5788216560509554,0,28,None,66,1,5,False,1000,1000
11616,131,random,10,0.5841958598726115,0,28,None,66,1,5,False,1000,1000
11617,132,random,10,0.5886743630573248,0,28,None,66,1,5,False,1000,1000
11618,133,random,10,0.5935509554140127,0,28,None,66,1,5,False,1000,1000
11619,134,random,10,0.5985270700636943,0,28,None,66,1,5,False,1000,1000
11620,130,random,10,0.7274084394904459,0,9,None,66,1,5,False,1000,1000
11621,131,random,10,0.7283041401273885,0,9,None,66,1,5,False,1000,1000
11622,132,random,10,0.7293988853503185,0,9,None,66,1,5,False,1000,1000
11623,133,random,10,0.7308917197452229,0,9,None,66,1,5,False,1000,1000
11624,134,random,10,0.7322850318471338,0,9,None,66,1,5,False,1000,1000
11625,130,random,10,0.7097929936305732,0,29,None,66,1,5,False,1000,1000
11626,131,random,10,0.7098925159235668,0,29,None,66,1,5,False,1000,1000
11627,132,random,10,0.7098925159235668,0,29,None,66,1,5,False,1000,1000
11628,133,random,10,0.7100915605095541,0,29,None,66,1,5,False,1000,1000
11629,134,random,10,0.7104896496815286,0,29,None,66,1,5,False,1000,1000
11630,130,random,10,0.6907842356687898,0,30,None,66,1,5,False,1000,1000
11631,131,random,10,0.6916799363057324,0,30,None,66,1,5,False,1000,1000
11632,132,random,10,0.6923765923566879,0,30,None,66,1,5,False,1000,1000
11633,133,random,10,0.6936703821656051,0,30,None,66,1,5,False,1000,1000
11634,134,random,10,0.6946656050955414,0,30,None,66,1,5,False,1000,1000
11635,130,random,10,0.7174562101910829,0,27,None,66,1,5,False,1000,1000
11636,131,random,10,0.7178542993630573,0,27,None,66,1,5,False,1000,1000
11637,132,random,10,0.7196457006369427,0,27,None,66,1,5,False,1000,1000
11638,133,random,10,0.7202428343949044,0,27,None,66,1,5,False,1000,1000
11639,134,random,10,0.7215366242038217,0,27,None,66,1,5,False,1000,1000
11640,130,random,10,0.7172571656050956,0,18,None,66,1,5,False,1000,1000
11641,131,random,10,0.7202428343949044,0,18,None,66,1,5,False,1000,1000
11642,132,random,10,0.7222332802547771,0,18,None,66,1,5,False,1000,1000
11643,133,random,10,0.724422770700637,0,18,None,66,1,5,False,1000,1000
11644,134,random,10,0.727109872611465,0,18,None,66,1,5,False,1000,1000
11645,130,random,10,0.7028264331210191,0,31,None,66,1,5,False,1000,1000
11646,131,random,10,0.7037221337579618,0,31,None,66,1,5,False,1000,1000
11647,132,random,10,0.7055135350318471,0,31,None,66,1,5,False,1000,1000
11648,133,random,10,0.7068073248407644,0,31,None,66,1,5,False,1000,1000
11649,134,random,10,0.7090963375796179,0,31,None,66,1,5,False,1000,1000
11650,130,random,10,0.6636146496815286,0,7,None,66,1,5,False,1000,1000
11651,131,random,10,0.6641122611464968,0,7,None,66,1,5,False,1000,1000
11652,132,random,10,0.6651074840764332,0,7,None,66,1,5,False,1000,1000
11653,133,random,10,0.6660031847133758,0,7,None,66,1,5,False,1000,1000
11654,134,random,10,0.6663017515923567,0,7,None,66,1,5,False,1000,1000
11655,130,random,10,0.713077229299363,0,12,None,66,1,5,False,1000,1000
11656,131,random,10,0.7147691082802548,0,12,None,66,1,5,False,1000,1000
11657,132,random,10,0.7157643312101911,0,12,None,66,1,5,False,1000,1000
11658,133,random,10,0.7177547770700637,0,12,None,66,1,5,False,1000,1000
11659,134,random,10,0.7185509554140127,0,12,None,66,1,5,False,1000,1000
11660,130,random,10,0.7222332802547771,0,13,None,66,1,5,False,1000,1000
11661,131,random,10,0.7231289808917197,0,13,None,66,1,5,False,1000,1000
11662,132,random,10,0.7239251592356688,0,13,None,66,1,5,False,1000,1000
11663,133,random,10,0.724422770700637,0,13,None,66,1,5,False,1000,1000
11664,134,random,10,0.7250199044585988,0,13,None,66,1,5,False,1000,1000
11665,130,random,10,0.6811305732484076,0,6,None,66,1,5,False,1000,1000
11666,131,random,10,0.6807324840764332,0,6,None,66,1,5,False,1000,1000
11667,132,random,10,0.6812300955414012,0,6,None,66,1,5,False,1000,1000
11668,133,random,10,0.6812300955414012,0,6,None,66,1,5,False,1000,1000
11669,134,random,10,0.6814291401273885,0,6,None,66,1,5,False,1000,1000
11670,130,random,10,0.6867038216560509,0,3,None,66,1,5,False,1000,1000
11671,131,random,10,0.6887937898089171,0,3,None,66,1,5,False,1000,1000
11672,132,random,10,0.6896894904458599,0,3,None,66,1,5,False,1000,1000
11673,133,random,10,0.6908837579617835,0,3,None,66,1,5,False,1000,1000
11674,134,random,10,0.6919785031847133,0,3,None,66,1,5,False,1000,1000
11675,130,random,10,0.6359474522292994,0,8,None,66,1,5,False,1000,1000
11676,131,random,10,0.6375398089171974,0,8,None,66,1,5,False,1000,1000
11677,132,random,10,0.6391321656050956,0,8,None,66,1,5,False,1000,1000
11678,133,random,10,0.6403264331210191,0,8,None,66,1,5,False,1000,1000
11679,134,random,10,0.6410230891719745,0,8,None,66,1,5,False,1000,1000
11680,130,random,10,0.6751592356687898,0,10,None,66,1,5,False,1000,1000
11681,131,random,10,0.6763535031847133,0,10,None,66,1,5,False,1000,1000
11682,132,random,10,0.677547770700637,0,10,None,66,1,5,False,1000,1000
11683,133,random,10,0.6787420382165605,0,10,None,66,1,5,False,1000,1000
11684,134,random,10,0.6801353503184714,0,10,None,66,1,5,False,1000,1000
11685,130,random,10,0.6992436305732485,0,22,None,66,1,5,False,1000,1000
11686,131,random,10,0.6991441082802548,0,22,None,66,1,5,False,1000,1000
11687,132,random,10,0.6998407643312102,0,22,None,66,1,5,False,1000,1000
11688,133,random,10,0.7009355095541401,0,22,None,66,1,5,False,1000,1000
11689,134,random,10,0.7013335987261147,0,22,None,66,1,5,False,1000,1000
11690,130,random,10,0.6576433121019108,0,20,None,66,1,5,False,1000,1000
11691,131,random,10,0.6571457006369427,0,20,None,66,1,5,False,1000,1000
11692,132,random,10,0.6584394904458599,0,20,None,66,1,5,False,1000,1000
11693,133,random,10,0.6606289808917197,0,20,None,66,1,5,False,1000,1000
11694,134,random,10,0.6615246815286624,0,20,None,66,1,5,False,1000,1000
11695,130,random,10,0.6998407643312102,0,32,None,66,1,5,False,1000,1000
11696,131,random,10,0.7017316878980892,0,32,None,66,1,5,False,1000,1000
11697,132,random,10,0.7027269108280255,0,32,None,66,1,5,False,1000,1000
11698,133,random,10,0.7039211783439491,0,32,None,66,1,5,False,1000,1000
11699,134,random,10,0.7048168789808917,0,32,None,66,1,5,False,1000,1000
11700,130,random,10,0.6597332802547771,0,4,None,66,1,5,False,1000,1000
11701,131,random,10,0.6610270700636943,0,4,None,66,1,5,False,1000,1000
11702,132,random,10,0.662718949044586,0,4,None,66,1,5,False,1000,1000
11703,133,random,10,0.6649084394904459,0,4,None,66,1,5,False,1000,1000
11704,134,random,10,0.6665007961783439,0,4,None,66,1,5,False,1000,1000
11705,130,random,10,0.6664012738853503,0,23,None,66,1,5,False,1000,1000
11706,131,random,10,0.6678941082802548,0,23,None,66,1,5,False,1000,1000
11707,132,random,10,0.6687898089171974,0,23,None,66,1,5,False,1000,1000
11708,133,random,10,0.6695859872611465,0,23,None,66,1,5,False,1000,1000
11709,134,random,10,0.6705812101910829,0,23,None,66,1,5,False,1000,1000
11710,130,random,10,0.6970541401273885,0,0,None,66,1,5,False,1000,1000
11711,131,random,10,0.6967555732484076,0,0,None,66,1,5,False,1000,1000
11712,132,random,10,0.6962579617834395,0,0,None,66,1,5,False,1000,1000
11713,133,random,10,0.6959593949044586,0,0,None,66,1,5,False,1000,1000
11714,134,random,10,0.6960589171974523,0,0,None,66,1,5,False,1000,1000
11715,135,random,10,0.7023288216560509,0,26,None,66,1,5,False,1000,1000
11716,136,random,10,0.7036226114649682,0,26,None,66,1,5,False,1000,1000
11717,137,random,10,0.7039211783439491,0,26,None,66,1,5,False,1000,1000
11718,138,random,10,0.7052149681528662,0,26,None,66,1,5,False,1000,1000
11719,139,random,10,0.7057125796178344,0,26,None,66,1,5,False,1000,1000
11720,135,random,10,0.7046178343949044,0,32,None,66,1,5,False,1000,1000
11721,136,random,10,0.7060111464968153,0,32,None,66,1,5,False,1000,1000
11722,137,random,10,0.7061106687898089,0,32,None,66,1,5,False,1000,1000
11723,138,random,10,0.707703025477707,0,32,None,66,1,5,False,1000,1000
11724,139,random,10,0.7083001592356688,0,32,None,66,1,5,False,1000,1000
11725,135,random,10,0.6874004777070064,0,22,None,66,1,5,False,1000,1000
11726,136,random,10,0.6872014331210191,0,22,None,66,1,5,False,1000,1000
11727,137,random,10,0.6878980891719745,0,22,None,66,1,5,False,1000,1000
11728,138,random,10,0.6883957006369427,0,22,None,66,1,5,False,1000,1000
11729,139,random,10,0.6891918789808917,0,22,None,66,1,5,False,1000,1000
11730,135,random,10,0.6891918789808917,0,6,None,66,1,5,False,1000,1000
11731,136,random,10,0.6895899681528662,0,6,None,66,1,5,False,1000,1000
11732,137,random,10,0.6896894904458599,0,6,None,66,1,5,False,1000,1000
11733,138,random,10,0.6897890127388535,0,6,None,66,1,5,False,1000,1000
11734,139,random,10,0.6902866242038217,0,6,None,66,1,5,False,1000,1000
11735,135,random,10,0.6486863057324841,0,11,None,66,1,5,False,1000,1000
11736,136,random,10,0.6488853503184714,0,11,None,66,1,5,False,1000,1000
11737,137,random,10,0.6495820063694268,0,11,None,66,1,5,False,1000,1000
11738,138,random,10,0.6501791401273885,0,11,None,66,1,5,False,1000,1000
11739,139,random,10,0.6510748407643312,0,11,None,66,1,5,False,1000,1000
11740,135,random,10,0.6638136942675159,0,7,None,66,1,5,False,1000,1000
11741,136,random,10,0.664609872611465,0,7,None,66,1,5,False,1000,1000
11742,137,random,10,0.6655055732484076,0,7,None,66,1,5,False,1000,1000
11743,138,random,10,0.6659036624203821,0,7,None,66,1,5,False,1000,1000
11744,139,random,10,0.666202229299363,0,7,None,66,1,5,False,1000,1000
11745,135,random,10,0.6935708598726115,0,17,None,66,1,5,False,1000,1000
11746,136,random,10,0.6944665605095541,0,17,None,66,1,5,False,1000,1000
11747,137,random,10,0.6937699044585988,0,17,None,66,1,5,False,1000,1000
11748,138,random,10,0.6948646496815286,0,17,None,66,1,5,False,1000,1000
11749,139,random,10,0.695859872611465,0,17,None,66,1,5,False,1000,1000
11750,135,random,10,0.663515127388535,0,20,None,66,1,5,False,1000,1000
11751,136,random,10,0.663515127388535,0,20,None,66,1,5,False,1000,1000
11752,137,random,10,0.6639132165605095,0,20,None,66,1,5,False,1000,1000
11753,138,random,10,0.6645103503184714,0,20,None,66,1,5,False,1000,1000
11754,139,random,10,0.6656050955414012,0,20,None,66,1,5,False,1000,1000
11755,135,random,10,0.6826234076433121,0,25,None,66,1,5,False,1000,1000
11756,136,random,10,0.6847133757961783,0,25,None,66,1,5,False,1000,1000
11757,137,random,10,0.6862062101910829,0,25,None,66,1,5,False,1000,1000
11758,138,random,10,0.6879976114649682,0,25,None,66,1,5,False,1000,1000
11759,139,random,10,0.6877985668789809,0,25,None,66,1,5,False,1000,1000
11760,135,random,10,0.6832205414012739,0,14,None,66,1,5,False,1000,1000
11761,136,random,10,0.684812898089172,0,14,None,66,1,5,False,1000,1000
11762,137,random,10,0.6868033439490446,0,14,None,66,1,5,False,1000,1000
11763,138,random,10,0.6897890127388535,0,14,None,66,1,5,False,1000,1000
11764,139,random,10,0.6923765923566879,0,14,None,66,1,5,False,1000,1000
11765,135,random,10,0.7333797770700637,0,24,None,66,1,5,False,1000,1000
11766,136,random,10,0.7336783439490446,0,24,None,66,1,5,False,1000,1000
11767,137,random,10,0.7341759554140127,0,24,None,66,1,5,False,1000,1000
11768,138,random,10,0.7361664012738853,0,24,None,66,1,5,False,1000,1000
11769,139,random,10,0.7366640127388535,0,24,None,66,1,5,False,1000,1000
11770,135,random,10,0.7232285031847133,0,30,None,66,1,5,False,1000,1000
11771,136,random,10,0.7248208598726115,0,30,None,66,1,5,False,1000,1000
11772,137,random,10,0.7267117834394905,0,30,None,66,1,5,False,1000,1000
11773,138,random,10,0.7269108280254777,0,30,None,66,1,5,False,1000,1000
11774,139,random,10,0.7276074840764332,0,30,None,66,1,5,False,1000,1000
11775,135,random,10,0.7035230891719745,0,31,None,66,1,5,False,1000,1000
11776,136,random,10,0.7046178343949044,0,31,None,66,1,5,False,1000,1000
11777,137,random,10,0.705812101910828,0,31,None,66,1,5,False,1000,1000
11778,138,random,10,0.7066082802547771,0,31,None,66,1,5,False,1000,1000
11779,139,random,10,0.7076035031847133,0,31,None,66,1,5,False,1000,1000
11780,135,random,10,0.6897890127388535,0,15,None,66,1,5,False,1000,1000
11781,136,random,10,0.6897890127388535,0,15,None,66,1,5,False,1000,1000
11782,137,random,10,0.6895899681528662,0,15,None,66,1,5,False,1000,1000
11783,138,random,10,0.689390923566879,0,15,None,66,1,5,False,1000,1000
11784,139,random,10,0.6899880573248408,0,15,None,66,1,5,False,1000,1000
11785,135,random,10,0.6824243630573248,0,10,None,66,1,5,False,1000,1000
11786,136,random,10,0.6830214968152867,0,10,None,66,1,5,False,1000,1000
11787,137,random,10,0.6838176751592356,0,10,None,66,1,5,False,1000,1000
11788,138,random,10,0.6845143312101911,0,10,None,66,1,5,False,1000,1000
11789,139,random,10,0.6853105095541401,0,10,None,66,1,5,False,1000,1000
11790,135,random,10,0.697452229299363,0,16,None,66,1,5,False,1000,1000
11791,136,random,10,0.6969546178343949,0,16,None,66,1,5,False,1000,1000
11792,137,random,10,0.6977507961783439,0,16,None,66,1,5,False,1000,1000
11793,138,random,10,0.6977507961783439,0,16,None,66,1,5,False,1000,1000
11794,139,random,10,0.6977507961783439,0,16,None,66,1,5,False,1000,1000
11795,135,random,10,0.7208399681528662,0,18,None,66,1,5,False,1000,1000
11796,136,random,10,0.7210390127388535,0,18,None,66,1,5,False,1000,1000
11797,137,random,10,0.7209394904458599,0,18,None,66,1,5,False,1000,1000
11798,138,random,10,0.7215366242038217,0,18,None,66,1,5,False,1000,1000
11799,139,random,10,0.7223328025477707,0,18,None,66,1,5,False,1000,1000
11800,135,random,10,0.7075039808917197,0,19,None,66,1,5,False,1000,1000
11801,136,random,10,0.7092953821656051,0,19,None,66,1,5,False,1000,1000
11802,137,random,10,0.7101910828025477,0,19,None,66,1,5,False,1000,1000
11803,138,random,10,0.7109872611464968,0,19,None,66,1,5,False,1000,1000
11804,139,random,10,0.711484872611465,0,19,None,66,1,5,False,1000,1000
11805,135,random,10,0.7183519108280255,0,12,None,66,1,5,False,1000,1000
11806,136,random,10,0.7193471337579618,0,12,None,66,1,5,False,1000,1000
11807,137,random,10,0.7199442675159236,0,12,None,66,1,5,False,1000,1000
11808,138,random,10,0.7212380573248408,0,12,None,66,1,5,False,1000,1000
11809,139,random,10,0.7221337579617835,0,12,None,66,1,5,False,1000,1000
11810,135,random,10,0.6898885350318471,0,1,None,66,1,5,False,1000,1000
11811,136,random,10,0.6915804140127388,0,1,None,66,1,5,False,1000,1000
11812,137,random,10,0.6924761146496815,0,1,None,66,1,5,False,1000,1000
11813,138,random,10,0.6933718152866242,0,1,None,66,1,5,False,1000,1000
11814,139,random,10,0.6950636942675159,0,1,None,66,1,5,False,1000,1000
11815,135,random,10,0.660031847133758,0,2,None,66,1,5,False,1000,1000
11816,136,random,10,0.6609275477707006,0,2,None,66,1,5,False,1000,1000
11817,137,random,10,0.6620222929936306,0,2,None,66,1,5,False,1000,1000
11818,138,random,10,0.6634156050955414,0,2,None,66,1,5,False,1000,1000
11819,139,random,10,0.6640127388535032,0,2,None,66,1,5,False,1000,1000
11820,135,random,10,0.6973527070063694,0,3,None,66,1,5,False,1000,1000
11821,136,random,10,0.6973527070063694,0,3,None,66,1,5,False,1000,1000
11822,137,random,10,0.6978503184713376,0,3,None,66,1,5,False,1000,1000
11823,138,random,10,0.6980493630573248,0,3,None,66,1,5,False,1000,1000
11824,139,random,10,0.6987460191082803,0,3,None,66,1,5,False,1000,1000
11825,135,random,10,0.6972531847133758,0,0,None,66,1,5,False,1000,1000
11826,136,random,10,0.6975517515923567,0,0,None,66,1,5,False,1000,1000
11827,137,random,10,0.6965565286624203,0,0,None,66,1,5,False,1000,1000
11828,138,random,10,0.6973527070063694,0,0,None,66,1,5,False,1000,1000
11829,139,random,10,0.6973527070063694,0,0,None,66,1,5,False,1000,1000
11830,135,random,10,0.6961584394904459,0,5,None,66,1,5,False,1000,1000
11831,136,random,10,0.6960589171974523,0,5,None,66,1,5,False,1000,1000
11832,137,random,10,0.6965565286624203,0,5,None,66,1,5,False,1000,1000
11833,138,random,10,0.6973527070063694,0,5,None,66,1,5,False,1000,1000
11834,139,random,10,0.6977507961783439,0,5,None,66,1,5,False,1000,1000
11835,135,random,10,0.682921974522293,0,4,None,66,1,5,False,1000,1000
11836,136,random,10,0.6859076433121019,0,4,None,66,1,5,False,1000,1000
11837,137,random,10,0.6880971337579618,0,4,None,66,1,5,False,1000,1000
11838,138,random,10,0.6898885350318471,0,4,None,66,1,5,False,1000,1000
11839,139,random,10,0.691281847133758,0,4,None,66,1,5,False,1000,1000
11840,135,random,10,0.714171974522293,0,9,None,66,1,5,False,1000,1000
11841,136,random,10,0.7162619426751592,0,9,None,66,1,5,False,1000,1000
11842,137,random,10,0.7171576433121019,0,9,None,66,1,5,False,1000,1000
11843,138,random,10,0.7172571656050956,0,9,None,66,1,5,False,1000,1000
11844,139,random,10,0.7188495222929936,0,9,None,66,1,5,False,1000,1000
11845,135,random,10,0.6603304140127388,0,8,None,66,1,5,False,1000,1000
11846,136,random,10,0.6611265923566879,0,8,None,66,1,5,False,1000,1000
11847,137,random,10,0.6614251592356688,0,8,None,66,1,5,False,1000,1000
11848,138,random,10,0.6628184713375797,0,8,None,66,1,5,False,1000,1000
11849,139,random,10,0.6629179936305732,0,8,None,66,1,5,False,1000,1000
11850,135,random,10,0.7079020700636943,0,13,None,66,1,5,False,1000,1000
11851,136,random,10,0.7079020700636943,0,13,None,66,1,5,False,1000,1000
11852,137,random,10,0.7092953821656051,0,13,None,66,1,5,False,1000,1000
11853,138,random,10,0.7102906050955414,0,13,None,66,1,5,False,1000,1000
11854,139,random,10,0.7109872611464968,0,13,None,66,1,5,False,1000,1000
11855,135,random,10,0.722531847133758,0,21,None,66,1,5,False,1000,1000
11856,136,random,10,0.722531847133758,0,21,None,66,1,5,False,1000,1000
11857,137,random,10,0.7239251592356688,0,21,None,66,1,5,False,1000,1000
11858,138,random,10,0.7253184713375797,0,21,None,66,1,5,False,1000,1000
11859,139,random,10,0.7259156050955414,0,21,None,66,1,5,False,1000,1000
11860,135,random,10,0.6712778662420382,0,23,None,66,1,5,False,1000,1000
11861,136,random,10,0.6723726114649682,0,23,None,66,1,5,False,1000,1000
11862,137,random,10,0.6730692675159236,0,23,None,66,1,5,False,1000,1000
11863,138,random,10,0.6738654458598726,0,23,None,66,1,5,False,1000,1000
11864,139,random,10,0.6746616242038217,0,23,None,66,1,5,False,1000,1000
11865,135,random,10,0.5677746815286624,0,28,None,66,1,5,False,1000,1000
11866,136,random,10,0.5747412420382165,0,28,None,66,1,5,False,1000,1000
11867,137,random,10,0.5816082802547771,0,28,None,66,1,5,False,1000,1000
11868,138,random,10,0.5874800955414012,0,28,None,66,1,5,False,1000,1000
11869,139,random,10,0.5929538216560509,0,28,None,66,1,5,False,1000,1000
11870,135,random,10,0.7218351910828026,0,27,None,66,1,5,False,1000,1000
11871,136,random,10,0.7221337579617835,0,27,None,66,1,5,False,1000,1000
11872,137,random,10,0.7230294585987261,0,27,None,66,1,5,False,1000,1000
11873,138,random,10,0.7236265923566879,0,27,None,66,1,5,False,1000,1000
11874,139,random,10,0.7241242038216561,0,27,None,66,1,5,False,1000,1000
11875,135,random,10,0.7223328025477707,0,29,None,66,1,5,False,1000,1000
11876,136,random,10,0.721437101910828,0,29,None,66,1,5,False,1000,1000
11877,137,random,10,0.7219347133757962,0,29,None,66,1,5,False,1000,1000
11878,138,random,10,0.7219347133757962,0,29,None,66,1,5,False,1000,1000
11879,139,random,10,0.7221337579617835,0,29,None,66,1,5,False,1000,1000
11880,140,random,10,0.6972531847133758,0,1,None,66,1,5,False,1000,1000
11881,141,random,10,0.6989450636942676,0,1,None,66,1,5,False,1000,1000
11882,142,random,10,0.7003383757961783,0,1,None,66,1,5,False,1000,1000
11883,143,random,10,0.7005374203821656,0,1,None,66,1,5,False,1000,1000
11884,144,random,10,0.7014331210191083,0,1,None,66,1,5,False,1000,1000
11885,140,random,10,0.6670979299363057,0,2,None,66,1,5,False,1000,1000
11886,141,random,10,0.6673964968152867,0,2,None,66,1,5,False,1000,1000
11887,142,random,10,0.6686902866242038,0,2,None,66,1,5,False,1000,1000
11888,143,random,10,0.6696855095541401,0,2,None,66,1,5,False,1000,1000
11889,144,random,10,0.6696855095541401,0,2,None,66,1,5,False,1000,1000
11890,140,random,10,0.5603105095541401,0,28,None,66,1,5,False,1000,1000
11891,141,random,10,0.5680732484076433,0,28,None,66,1,5,False,1000,1000
11892,142,random,10,0.5777269108280255,0,28,None,66,1,5,False,1000,1000
11893,143,random,10,0.5829020700636943,0,28,None,66,1,5,False,1000,1000
11894,144,random,10,0.589968152866242,0,28,None,66,1,5,False,1000,1000
11895,140,random,10,0.713077229299363,0,13,None,66,1,5,False,1000,1000
11896,141,random,10,0.7134753184713376,0,13,None,66,1,5,False,1000,1000
11897,142,random,10,0.7143710191082803,0,13,None,66,1,5,False,1000,1000
11898,143,random,10,0.7153662420382165,0,13,None,66,1,5,False,1000,1000
11899,144,random,10,0.7161624203821656,0,13,None,66,1,5,False,1000,1000
11900,140,random,10,0.7085987261146497,0,26,None,66,1,5,False,1000,1000
11901,141,random,10,0.7089968152866242,0,26,None,66,1,5,False,1000,1000
11902,142,random,10,0.7098925159235668,0,26,None,66,1,5,False,1000,1000
11903,143,random,10,0.7100915605095541,0,26,None,66,1,5,False,1000,1000
11904,144,random,10,0.7107882165605095,0,26,None,66,1,5,False,1000,1000
11905,140,random,10,0.6929737261146497,0,15,None,66,1,5,False,1000,1000
11906,141,random,10,0.6928742038216561,0,15,None,66,1,5,False,1000,1000
11907,142,random,10,0.6926751592356688,0,15,None,66,1,5,False,1000,1000
11908,143,random,10,0.6925756369426752,0,15,None,66,1,5,False,1000,1000
11909,144,random,10,0.6926751592356688,0,15,None,66,1,5,False,1000,1000
11910,140,random,10,0.6582404458598726,0,11,None,66,1,5,False,1000,1000
11911,141,random,10,0.6585390127388535,0,11,None,66,1,5,False,1000,1000
11912,142,random,10,0.658140923566879,0,11,None,66,1,5,False,1000,1000
11913,143,random,10,0.6584394904458599,0,11,None,66,1,5,False,1000,1000
11914,144,random,10,0.6587380573248408,0,11,None,66,1,5,False,1000,1000
11915,140,random,10,0.711484872611465,0,29,None,66,1,5,False,1000,1000
11916,141,random,10,0.7106886942675159,0,29,None,66,1,5,False,1000,1000
11917,142,random,10,0.7107882165605095,0,29,None,66,1,5,False,1000,1000
11918,143,random,10,0.7112858280254777,0,29,None,66,1,5,False,1000,1000
11919,144,random,10,0.7111863057324841,0,29,None,66,1,5,False,1000,1000
11920,140,random,10,0.6857085987261147,0,14,None,66,1,5,False,1000,1000
11921,141,random,10,0.6876990445859873,0,14,None,66,1,5,False,1000,1000
11922,142,random,10,0.6894904458598726,0,14,None,66,1,5,False,1000,1000
11923,143,random,10,0.6906847133757962,0,14,None,66,1,5,False,1000,1000
11924,144,random,10,0.6928742038216561,0,14,None,66,1,5,False,1000,1000
11925,140,random,10,0.716062898089172,0,9,None,66,1,5,False,1000,1000
11926,141,random,10,0.7174562101910829,0,9,None,66,1,5,False,1000,1000
11927,142,random,10,0.716859076433121,0,9,None,66,1,5,False,1000,1000
11928,143,random,10,0.7174562101910829,0,9,None,66,1,5,False,1000,1000
11929,144,random,10,0.71875,0,9,None,66,1,5,False,1000,1000
11930,140,random,10,0.7226313694267515,0,12,None,66,1,5,False,1000,1000
11931,141,random,10,0.7230294585987261,0,12,None,66,1,5,False,1000,1000
11932,142,random,10,0.7243232484076433,0,12,None,66,1,5,False,1000,1000
11933,143,random,10,0.7256170382165605,0,12,None,66,1,5,False,1000,1000
11934,144,random,10,0.7262141719745223,0,12,None,66,1,5,False,1000,1000
11935,140,random,10,0.6859076433121019,0,25,None,66,1,5,False,1000,1000
11936,141,random,10,0.6891918789808917,0,25,None,66,1,5,False,1000,1000
11937,142,random,10,0.6904856687898089,0,25,None,66,1,5,False,1000,1000
11938,143,random,10,0.6916799363057324,0,25,None,66,1,5,False,1000,1000
11939,144,random,10,0.6928742038216561,0,25,None,66,1,5,False,1000,1000
11940,140,random,10,0.7010350318471338,0,16,None,66,1,5,False,1000,1000
11941,141,random,10,0.7013335987261147,0,16,None,66,1,5,False,1000,1000
11942,142,random,10,0.7023288216560509,0,16,None,66,1,5,False,1000,1000
11943,143,random,10,0.7022292993630573,0,16,None,66,1,5,False,1000,1000
11944,144,random,10,0.7023288216560509,0,16,None,66,1,5,False,1000,1000
11945,140,random,10,0.6779458598726115,0,7,None,66,1,5,False,1000,1000
11946,141,random,10,0.6792396496815286,0,7,None,66,1,5,False,1000,1000
11947,142,random,10,0.6801353503184714,0,7,None,66,1,5,False,1000,1000
11948,143,random,10,0.681031050955414,0,7,None,66,1,5,False,1000,1000
11949,144,random,10,0.6815286624203821,0,7,None,66,1,5,False,1000,1000
11950,140,random,10,0.7134753184713376,0,19,None,66,1,5,False,1000,1000
11951,141,random,10,0.7150676751592356,0,19,None,66,1,5,False,1000,1000
11952,142,random,10,0.7154657643312102,0,19,None,66,1,5,False,1000,1000
11953,143,random,10,0.7169585987261147,0,19,None,66,1,5,False,1000,1000
11954,144,random,10,0.7184514331210191,0,19,None,66,1,5,False,1000,1000
11955,140,random,10,0.6987460191082803,0,17,None,66,1,5,False,1000,1000
11956,141,random,10,0.7001393312101911,0,17,None,66,1,5,False,1000,1000
11957,142,random,10,0.7007364649681529,0,17,None,66,1,5,False,1000,1000
11958,143,random,10,0.7019307324840764,0,17,None,66,1,5,False,1000,1000
11959,144,random,10,0.7025278662420382,0,17,None,66,1,5,False,1000,1000
11960,140,random,10,0.7274084394904459,0,21,None,66,1,5,False,1000,1000
11961,141,random,10,0.7289012738853503,0,21,None,66,1,5,False,1000,1000
11962,142,random,10,0.7295979299363057,0,21,None,66,1,5,False,1000,1000
11963,143,random,10,0.7299960191082803,0,21,None,66,1,5,False,1000,1000
11964,144,random,10,0.7314888535031847,0,21,None,66,1,5,False,1000,1000
11965,140,random,10,0.7355692675159236,0,24,None,66,1,5,False,1000,1000
11966,141,random,10,0.7364649681528662,0,24,None,66,1,5,False,1000,1000
11967,142,random,10,0.737062101910828,0,24,None,66,1,5,False,1000,1000
11968,143,random,10,0.7376592356687898,0,24,None,66,1,5,False,1000,1000
11969,144,random,10,0.7386544585987261,0,24,None,66,1,5,False,1000,1000
11970,140,random,10,0.7071058917197452,0,31,None,66,1,5,False,1000,1000
11971,141,random,10,0.7081011146496815,0,31,None,66,1,5,False,1000,1000
11972,142,random,10,0.7090963375796179,0,31,None,66,1,5,False,1000,1000
11973,143,random,10,0.7100915605095541,0,31,None,66,1,5,False,1000,1000
11974,144,random,10,0.7109872611464968,0,31,None,66,1,5,False,1000,1000
11975,140,random,10,0.7235270700636943,0,18,None,66,1,5,False,1000,1000
11976,141,random,10,0.7239251592356688,0,18,None,66,1,5,False,1000,1000
11977,142,random,10,0.7247213375796179,0,18,None,66,1,5,False,1000,1000
11978,143,random,10,0.7250199044585988,0,18,None,66,1,5,False,1000,1000
11979,144,random,10,0.7254179936305732,0,18,None,66,1,5,False,1000,1000
11980,140,random,10,0.6984474522292994,0,5,None,66,1,5,False,1000,1000
11981,141,random,10,0.6996417197452229,0,5,None,66,1,5,False,1000,1000
11982,142,random,10,0.6999402866242038,0,5,None,66,1,5,False,1000,1000
11983,143,random,10,0.7001393312101911,0,5,None,66,1,5,False,1000,1000
11984,144,random,10,0.7008359872611465,0,5,None,66,1,5,False,1000,1000
11985,140,random,10,0.7276074840764332,0,30,None,66,1,5,False,1000,1000
11986,141,random,10,0.7284036624203821,0,30,None,66,1,5,False,1000,1000
11987,142,random,10,0.7291998407643312,0,30,None,66,1,5,False,1000,1000
11988,143,random,10,0.7299960191082803,0,30,None,66,1,5,False,1000,1000
11989,144,random,10,0.7308917197452229,0,30,None,66,1,5,False,1000,1000
11990,140,random,10,0.7245222929936306,0,27,None,66,1,5,False,1000,1000
11991,141,random,10,0.7248208598726115,0,27,None,66,1,5,False,1000,1000
11992,142,random,10,0.7251194267515924,0,27,None,66,1,5,False,1000,1000
11993,143,random,10,0.7257165605095541,0,27,None,66,1,5,False,1000,1000
11994,144,random,10,0.7259156050955414,0,27,None,66,1,5,False,1000,1000
11995,140,random,10,0.7008359872611465,0,0,None,66,1,5,False,1000,1000
11996,141,random,10,0.7010350318471338,0,0,None,66,1,5,False,1000,1000
11997,142,random,10,0.701234076433121,0,0,None,66,1,5,False,1000,1000
11998,143,random,10,0.7025278662420382,0,0,None,66,1,5,False,1000,1000
11999,144,random,10,0.7028264331210191,0,0,None,66,1,5,False,1000,1000
12000,140,random,10,0.685609076433121,0,4,None,66,1,5,False,1000,1000
12001,141,random,10,0.6895899681528662,0,4,None,66,1,5,False,1000,1000
12002,142,random,10,0.6919785031847133,0,4,None,66,1,5,False,1000,1000
12003,143,random,10,0.6942675159235668,0,4,None,66,1,5,False,1000,1000
12004,144,random,10,0.6962579617834395,0,4,None,66,1,5,False,1000,1000
12005,140,random,10,0.7009355095541401,0,3,None,66,1,5,False,1000,1000
12006,141,random,10,0.7006369426751592,0,3,None,66,1,5,False,1000,1000
12007,142,random,10,0.701234076433121,0,3,None,66,1,5,False,1000,1000
12008,143,random,10,0.7017316878980892,0,3,None,66,1,5,False,1000,1000
12009,144,random,10,0.7022292993630573,0,3,None,66,1,5,False,1000,1000
12010,140,random,10,0.6970541401273885,0,6,None,66,1,5,False,1000,1000
12011,141,random,10,0.6963574840764332,0,6,None,66,1,5,False,1000,1000
12012,142,random,10,0.6967555732484076,0,6,None,66,1,5,False,1000,1000
12013,143,random,10,0.6976512738853503,0,6,None,66,1,5,False,1000,1000
12014,144,random,10,0.697452229299363,0,6,None,66,1,5,False,1000,1000
12015,140,random,10,0.6944665605095541,0,10,None,66,1,5,False,1000,1000
12016,141,random,10,0.6970541401273885,0,10,None,66,1,5,False,1000,1000
12017,142,random,10,0.6988455414012739,0,10,None,66,1,5,False,1000,1000
12018,143,random,10,0.6989450636942676,0,10,None,66,1,5,False,1000,1000
12019,144,random,10,0.6995421974522293,0,10,None,66,1,5,False,1000,1000
12020,140,random,10,0.6711783439490446,0,8,None,66,1,5,False,1000,1000
12021,141,random,10,0.6724721337579618,0,8,None,66,1,5,False,1000,1000
12022,142,random,10,0.6731687898089171,0,8,None,66,1,5,False,1000,1000
12023,143,random,10,0.6732683121019108,0,8,None,66,1,5,False,1000,1000
12024,144,random,10,0.6739649681528662,0,8,None,66,1,5,False,1000,1000
12025,140,random,10,0.6877985668789809,0,20,None,66,1,5,False,1000,1000
12026,141,random,10,0.6883957006369427,0,20,None,66,1,5,False,1000,1000
12027,142,random,10,0.6902866242038217,0,20,None,66,1,5,False,1000,1000
12028,143,random,10,0.6922770700636943,0,20,None,66,1,5,False,1000,1000
12029,144,random,10,0.6954617834394905,0,20,None,66,1,5,False,1000,1000
12030,140,random,10,0.6761544585987261,0,23,None,66,1,5,False,1000,1000
12031,141,random,10,0.6776472929936306,0,23,None,66,1,5,False,1000,1000
12032,142,random,10,0.6787420382165605,0,23,None,66,1,5,False,1000,1000
12033,143,random,10,0.6793391719745223,0,23,None,66,1,5,False,1000,1000
12034,144,random,10,0.6806329617834395,0,23,None,66,1,5,False,1000,1000
12035,140,random,10,0.7062101910828026,0,22,None,66,1,5,False,1000,1000
12036,141,random,10,0.7072054140127388,0,22,None,66,1,5,False,1000,1000
12037,142,random,10,0.7079020700636943,0,22,None,66,1,5,False,1000,1000
12038,143,random,10,0.7082006369426752,0,22,None,66,1,5,False,1000,1000
12039,144,random,10,0.7094944267515924,0,22,None,66,1,5,False,1000,1000
12040,140,random,10,0.71984474522293,0,32,None,66,1,5,False,1000,1000
12041,141,random,10,0.7205414012738853,0,32,None,66,1,5,False,1000,1000
12042,142,random,10,0.7215366242038217,0,32,None,66,1,5,False,1000,1000
12043,143,random,10,0.7222332802547771,0,32,None,66,1,5,False,1000,1000
12044,144,random,10,0.7231289808917197,0,32,None,66,1,5,False,1000,1000
12045,145,random,10,0.7023288216560509,0,1,None,66,1,5,False,1000,1000
12046,146,random,10,0.7033240445859873,0,1,None,66,1,5,False,1000,1000
12047,147,random,10,0.7037221337579618,0,1,None,66,1,5,False,1000,1000
12048,148,random,10,0.7040207006369427,0,1,None,66,1,5,False,1000,1000
12049,149,random,10,0.7045183121019108,0,1,None,66,1,5,False,1000,1000
12050,145,random,10,0.6714769108280255,0,2,None,66,1,5,False,1000,1000
12051,146,random,10,0.6733678343949044,0,2,None,66,1,5,False,1000,1000
12052,147,random,10,0.6733678343949044,0,2,None,66,1,5,False,1000,1000
12053,148,random,10,0.6743630573248408,0,2,None,66,1,5,False,1000,1000
12054,149,random,10,0.6750597133757962,0,2,None,66,1,5,False,1000,1000
12055,145,random,10,0.6814291401273885,0,23,None,66,1,5,False,1000,1000
12056,146,random,10,0.682921974522293,0,23,None,66,1,5,False,1000,1000
12057,147,random,10,0.6843152866242038,0,23,None,66,1,5,False,1000,1000
12058,148,random,10,0.6858081210191083,0,23,None,66,1,5,False,1000,1000
12059,149,random,10,0.6873009554140127,0,23,None,66,1,5,False,1000,1000
12060,145,random,10,0.5585191082802548,0,28,None,66,1,5,False,1000,1000
12061,146,random,10,0.5671775477707006,0,28,None,66,1,5,False,1000,1000
12062,147,random,10,0.5785230891719745,0,28,None,66,1,5,False,1000,1000
12063,148,random,10,0.5873805732484076,0,28,None,66,1,5,False,1000,1000
12064,149,random,10,0.595640923566879,0,28,None,66,1,5,False,1000,1000
12065,145,random,10,0.7173566878980892,0,29,None,66,1,5,False,1000,1000
12066,146,random,10,0.7164609872611465,0,29,None,66,1,5,False,1000,1000
12067,147,random,10,0.7157643312101911,0,29,None,66,1,5,False,1000,1000
12068,148,random,10,0.7154657643312102,0,29,None,66,1,5,False,1000,1000
12069,149,random,10,0.7157643312101911,0,29,None,66,1,5,False,1000,1000
12070,145,random,10,0.701234076433121,0,5,None,66,1,5,False,1000,1000
12071,146,random,10,0.7019307324840764,0,5,None,66,1,5,False,1000,1000
12072,147,random,10,0.7024283439490446,0,5,None,66,1,5,False,1000,1000
12073,148,random,10,0.7034235668789809,0,5,None,66,1,5,False,1000,1000
12074,149,random,10,0.7041202229299363,0,5,None,66,1,5,False,1000,1000
12075,145,random,10,0.7062101910828026,0,20,None,66,1,5,False,1000,1000
12076,146,random,10,0.7093949044585988,0,20,None,66,1,5,False,1000,1000
12077,147,random,10,0.7111863057324841,0,20,None,66,1,5,False,1000,1000
12078,148,random,10,0.7133757961783439,0,20,None,66,1,5,False,1000,1000
12079,149,random,10,0.7150676751592356,0,20,None,66,1,5,False,1000,1000
12080,145,random,10,0.7256170382165605,0,32,None,66,1,5,False,1000,1000
12081,146,random,10,0.7258160828025477,0,32,None,66,1,5,False,1000,1000
12082,147,random,10,0.7270103503184714,0,32,None,66,1,5,False,1000,1000
12083,148,random,10,0.7282046178343949,0,32,None,66,1,5,False,1000,1000
12084,149,random,10,0.7289012738853503,0,32,None,66,1,5,False,1000,1000
12085,145,random,10,0.6904856687898089,0,25,None,66,1,5,False,1000,1000
12086,146,random,10,0.6917794585987261,0,25,None,66,1,5,False,1000,1000
12087,147,random,10,0.6937699044585988,0,25,None,66,1,5,False,1000,1000
12088,148,random,10,0.6955613057324841,0,25,None,66,1,5,False,1000,1000
12089,149,random,10,0.6970541401273885,0,25,None,66,1,5,False,1000,1000
12090,145,random,10,0.7177547770700637,0,9,None,66,1,5,False,1000,1000
12091,146,random,10,0.7182523885350318,0,9,None,66,1,5,False,1000,1000
12092,147,random,10,0.7203423566878981,0,9,None,66,1,5,False,1000,1000
12093,148,random,10,0.7201433121019108,0,9,None,66,1,5,False,1000,1000
12094,149,random,10,0.7207404458598726,0,9,None,66,1,5,False,1000,1000
12095,145,random,10,0.6852109872611465,0,14,None,66,1,5,False,1000,1000
12096,146,random,10,0.6874004777070064,0,14,None,66,1,5,False,1000,1000
12097,147,random,10,0.6897890127388535,0,14,None,66,1,5,False,1000,1000
12098,148,random,10,0.6906847133757962,0,14,None,66,1,5,False,1000,1000
12099,149,random,10,0.692078025477707,0,14,None,66,1,5,False,1000,1000
12100,145,random,10,0.7146695859872612,0,22,None,66,1,5,False,1000,1000
12101,146,random,10,0.716062898089172,0,22,None,66,1,5,False,1000,1000
12102,147,random,10,0.7162619426751592,0,22,None,66,1,5,False,1000,1000
12103,148,random,10,0.7172571656050956,0,22,None,66,1,5,False,1000,1000
12104,149,random,10,0.7178542993630573,0,22,None,66,1,5,False,1000,1000
12105,145,random,10,0.712281050955414,0,26,None,66,1,5,False,1000,1000
12106,146,random,10,0.7127786624203821,0,26,None,66,1,5,False,1000,1000
12107,147,random,10,0.7129777070063694,0,26,None,66,1,5,False,1000,1000
12108,148,random,10,0.7138734076433121,0,26,None,66,1,5,False,1000,1000
12109,149,random,10,0.7142714968152867,0,26,None,66,1,5,False,1000,1000
12110,145,random,10,0.7304936305732485,0,30,None,66,1,5,False,1000,1000
12111,146,random,10,0.7307921974522293,0,30,None,66,1,5,False,1000,1000
12112,147,random,10,0.7313893312101911,0,30,None,66,1,5,False,1000,1000
12113,148,random,10,0.7330812101910829,0,30,None,66,1,5,False,1000,1000
12114,149,random,10,0.7344745222929936,0,30,None,66,1,5,False,1000,1000
12115,145,random,10,0.7003383757961783,0,6,None,66,1,5,False,1000,1000
12116,146,random,10,0.7008359872611465,0,6,None,66,1,5,False,1000,1000
12117,147,random,10,0.7014331210191083,0,6,None,66,1,5,False,1000,1000
12118,148,random,10,0.7018312101910829,0,6,None,66,1,5,False,1000,1000
12119,149,random,10,0.7024283439490446,0,6,None,66,1,5,False,1000,1000
12120,145,random,10,0.6852109872611465,0,7,None,66,1,5,False,1000,1000
12121,146,random,10,0.685609076433121,0,7,None,66,1,5,False,1000,1000
12122,147,random,10,0.6855095541401274,0,7,None,66,1,5,False,1000,1000
12123,148,random,10,0.6867038216560509,0,7,None,66,1,5,False,1000,1000
12124,149,random,10,0.6873009554140127,0,7,None,66,1,5,False,1000,1000
12125,145,random,10,0.7301950636942676,0,21,None,66,1,5,False,1000,1000
12126,146,random,10,0.7315883757961783,0,21,None,66,1,5,False,1000,1000
12127,147,random,10,0.7326831210191083,0,21,None,66,1,5,False,1000,1000
12128,148,random,10,0.7345740445859873,0,21,None,66,1,5,False,1000,1000
12129,149,random,10,0.7356687898089171,0,21,None,66,1,5,False,1000,1000
12130,145,random,10,0.7106886942675159,0,31,None,66,1,5,False,1000,1000
12131,146,random,10,0.712281050955414,0,31,None,66,1,5,False,1000,1000
12132,147,random,10,0.7128781847133758,0,31,None,66,1,5,False,1000,1000
12133,148,random,10,0.714171974522293,0,31,None,66,1,5,False,1000,1000
12134,149,random,10,0.7153662420382165,0,31,None,66,1,5,False,1000,1000
12135,145,random,10,0.7256170382165605,0,27,None,66,1,5,False,1000,1000
12136,146,random,10,0.7258160828025477,0,27,None,66,1,5,False,1000,1000
12137,147,random,10,0.7265127388535032,0,27,None,66,1,5,False,1000,1000
12138,148,random,10,0.7262141719745223,0,27,None,66,1,5,False,1000,1000
12139,149,random,10,0.727109872611465,0,27,None,66,1,5,False,1000,1000
12140,145,random,10,0.7194466560509554,0,13,None,66,1,5,False,1000,1000
12141,146,random,10,0.7197452229299363,0,13,None,66,1,5,False,1000,1000
12142,147,random,10,0.7212380573248408,0,13,None,66,1,5,False,1000,1000
12143,148,random,10,0.7215366242038217,0,13,None,66,1,5,False,1000,1000
12144,149,random,10,0.7221337579617835,0,13,None,66,1,5,False,1000,1000
12145,145,random,10,0.7267117834394905,0,12,None,66,1,5,False,1000,1000
12146,146,random,10,0.7268113057324841,0,12,None,66,1,5,False,1000,1000
12147,147,random,10,0.7280055732484076,0,12,None,66,1,5,False,1000,1000
12148,148,random,10,0.7289012738853503,0,12,None,66,1,5,False,1000,1000
12149,149,random,10,0.7286027070063694,0,12,None,66,1,5,False,1000,1000
12150,145,random,10,0.6878980891719745,0,4,None,66,1,5,False,1000,1000
12151,146,random,10,0.6921775477707006,0,4,None,66,1,5,False,1000,1000
12152,147,random,10,0.695859872611465,0,4,None,66,1,5,False,1000,1000
12153,148,random,10,0.6971536624203821,0,4,None,66,1,5,False,1000,1000
12154,149,random,10,0.6994426751592356,0,4,None,66,1,5,False,1000,1000
12155,145,random,10,0.70421974522293,0,0,None,66,1,5,False,1000,1000
12156,146,random,10,0.7039211783439491,0,0,None,66,1,5,False,1000,1000
12157,147,random,10,0.7045183121019108,0,0,None,66,1,5,False,1000,1000
12158,148,random,10,0.7054140127388535,0,0,None,66,1,5,False,1000,1000
12159,149,random,10,0.7068073248407644,0,0,None,66,1,5,False,1000,1000
12160,145,random,10,0.7044187898089171,0,16,None,66,1,5,False,1000,1000
12161,146,random,10,0.7054140127388535,0,16,None,66,1,5,False,1000,1000
12162,147,random,10,0.7052149681528662,0,16,None,66,1,5,False,1000,1000
12163,148,random,10,0.7052149681528662,0,16,None,66,1,5,False,1000,1000
12164,149,random,10,0.7056130573248408,0,16,None,66,1,5,False,1000,1000
12165,145,random,10,0.6742635350318471,0,8,None,66,1,5,False,1000,1000
12166,146,random,10,0.6751592356687898,0,8,None,66,1,5,False,1000,1000
12167,147,random,10,0.6749601910828026,0,8,None,66,1,5,False,1000,1000
12168,148,random,10,0.6758558917197452,0,8,None,66,1,5,False,1000,1000
12169,149,random,10,0.675656847133758,0,8,None,66,1,5,False,1000,1000
12170,145,random,10,0.7203423566878981,0,19,None,66,1,5,False,1000,1000
12171,146,random,10,0.7216361464968153,0,19,None,66,1,5,False,1000,1000
12172,147,random,10,0.7228304140127388,0,19,None,66,1,5,False,1000,1000
12173,148,random,10,0.7247213375796179,0,19,None,66,1,5,False,1000,1000
12174,149,random,10,0.726015127388535,0,19,None,66,1,5,False,1000,1000
12175,145,random,10,0.7275079617834395,0,18,None,66,1,5,False,1000,1000
12176,146,random,10,0.7280055732484076,0,18,None,66,1,5,False,1000,1000
12177,147,random,10,0.7286027070063694,0,18,None,66,1,5,False,1000,1000
12178,148,random,10,0.7290007961783439,0,18,None,66,1,5,False,1000,1000
12179,149,random,10,0.7300955414012739,0,18,None,66,1,5,False,1000,1000
12180,145,random,10,0.6964570063694268,0,15,None,66,1,5,False,1000,1000
12181,146,random,10,0.6959593949044586,0,15,None,66,1,5,False,1000,1000
12182,147,random,10,0.6963574840764332,0,15,None,66,1,5,False,1000,1000
12183,148,random,10,0.6968550955414012,0,15,None,66,1,5,False,1000,1000
12184,149,random,10,0.6971536624203821,0,15,None,66,1,5,False,1000,1000
12185,145,random,10,0.7046178343949044,0,10,None,66,1,5,False,1000,1000
12186,146,random,10,0.7051154458598726,0,10,None,66,1,5,False,1000,1000
12187,147,random,10,0.7061106687898089,0,10,None,66,1,5,False,1000,1000
12188,148,random,10,0.7075039808917197,0,10,None,66,1,5,False,1000,1000
12189,149,random,10,0.7090963375796179,0,10,None,66,1,5,False,1000,1000
12190,145,random,10,0.6655055732484076,0,11,None,66,1,5,False,1000,1000
12191,146,random,10,0.6644108280254777,0,11,None,66,1,5,False,1000,1000
12192,147,random,10,0.664609872611465,0,11,None,66,1,5,False,1000,1000
12193,148,random,10,0.6649084394904459,0,11,None,66,1,5,False,1000,1000
12194,149,random,10,0.664609872611465,0,11,None,66,1,5,False,1000,1000
12195,145,random,10,0.705812101910828,0,17,None,66,1,5,False,1000,1000
12196,146,random,10,0.7061106687898089,0,17,None,66,1,5,False,1000,1000
12197,147,random,10,0.7068073248407644,0,17,None,66,1,5,False,1000,1000
12198,148,random,10,0.7070063694267515,0,17,None,66,1,5,False,1000,1000
12199,149,random,10,0.7072054140127388,0,17,None,66,1,5,False,1000,1000
12200,145,random,10,0.7378582802547771,0,24,None,66,1,5,False,1000,1000
12201,146,random,10,0.7383558917197452,0,24,None,66,1,5,False,1000,1000
12202,147,random,10,0.7384554140127388,0,24,None,66,1,5,False,1000,1000
12203,148,random,10,0.7393511146496815,0,24,None,66,1,5,False,1000,1000
12204,149,random,10,0.7399482484076433,0,24,None,66,1,5,False,1000,1000
12205,145,random,10,0.7034235668789809,0,3,None,66,1,5,False,1000,1000
12206,146,random,10,0.7039211783439491,0,3,None,66,1,5,False,1000,1000
12207,147,random,10,0.7046178343949044,0,3,None,66,1,5,False,1000,1000
12208,148,random,10,0.7060111464968153,0,3,None,66,1,5,False,1000,1000
12209,149,random,10,0.7075039808917197,0,3,None,66,1,5,False,1000,1000
12210,150,random,10,0.7336783439490446,0,30,None,66,1,5,False,1000,1000
12211,151,random,10,0.7347730891719745,0,30,None,66,1,5,False,1000,1000
12212,152,random,10,0.7360668789808917,0,30,None,66,1,5,False,1000,1000
12213,153,random,10,0.737062101910828,0,30,None,66,1,5,False,1000,1000
12214,154,random,10,0.738156847133758,0,30,None,66,1,5,False,1000,1000
12215,150,random,10,0.7068073248407644,0,1,None,66,1,5,False,1000,1000
12216,151,random,10,0.7066082802547771,0,1,None,66,1,5,False,1000,1000
12217,152,random,10,0.7076035031847133,0,1,None,66,1,5,False,1000,1000
12218,153,random,10,0.7083996815286624,0,1,None,66,1,5,False,1000,1000
12219,154,random,10,0.7082006369426752,0,1,None,66,1,5,False,1000,1000
12220,150,random,10,0.7365644904458599,0,21,None,66,1,5,False,1000,1000
12221,151,random,10,0.7372611464968153,0,21,None,66,1,5,False,1000,1000
12222,152,random,10,0.7373606687898089,0,21,None,66,1,5,False,1000,1000
12223,153,random,10,0.7393511146496815,0,21,None,66,1,5,False,1000,1000
12224,154,random,10,0.7406449044585988,0,21,None,66,1,5,False,1000,1000
12225,150,random,10,0.7278065286624203,0,27,None,66,1,5,False,1000,1000
12226,151,random,10,0.7280055732484076,0,27,None,66,1,5,False,1000,1000
12227,152,random,10,0.7286027070063694,0,27,None,66,1,5,False,1000,1000
12228,153,random,10,0.7288017515923567,0,27,None,66,1,5,False,1000,1000
12229,154,random,10,0.7283041401273885,0,27,None,66,1,5,False,1000,1000
12230,150,random,10,0.6744625796178344,0,2,None,66,1,5,False,1000,1000
12231,151,random,10,0.6758558917197452,0,2,None,66,1,5,False,1000,1000
12232,152,random,10,0.6755573248407644,0,2,None,66,1,5,False,1000,1000
12233,153,random,10,0.6771496815286624,0,2,None,66,1,5,False,1000,1000
12234,154,random,10,0.6782444267515924,0,2,None,66,1,5,False,1000,1000
12235,150,random,10,0.7048168789808917,0,5,None,66,1,5,False,1000,1000
12236,151,random,10,0.7052149681528662,0,5,None,66,1,5,False,1000,1000
12237,152,random,10,0.7052149681528662,0,5,None,66,1,5,False,1000,1000
12238,153,random,10,0.7052149681528662,0,5,None,66,1,5,False,1000,1000
12239,154,random,10,0.705812101910828,0,5,None,66,1,5,False,1000,1000
12240,150,random,10,0.7159633757961783,0,22,None,66,1,5,False,1000,1000
12241,151,random,10,0.716859076433121,0,22,None,66,1,5,False,1000,1000
12242,152,random,10,0.7174562101910829,0,22,None,66,1,5,False,1000,1000
12243,153,random,10,0.7188495222929936,0,22,None,66,1,5,False,1000,1000
12244,154,random,10,0.7202428343949044,0,22,None,66,1,5,False,1000,1000
12245,150,random,10,0.7084992038216561,0,16,None,66,1,5,False,1000,1000
12246,151,random,10,0.7085987261146497,0,16,None,66,1,5,False,1000,1000
12247,152,random,10,0.7081011146496815,0,16,None,66,1,5,False,1000,1000
12248,153,random,10,0.707703025477707,0,16,None,66,1,5,False,1000,1000
12249,154,random,10,0.7080015923566879,0,16,None,66,1,5,False,1000,1000
12250,150,random,10,0.6874004777070064,0,14,None,66,1,5,False,1000,1000
12251,151,random,10,0.6899880573248408,0,14,None,66,1,5,False,1000,1000
12252,152,random,10,0.6915804140127388,0,14,None,66,1,5,False,1000,1000
12253,153,random,10,0.6924761146496815,0,14,None,66,1,5,False,1000,1000
12254,154,random,10,0.693968949044586,0,14,None,66,1,5,False,1000,1000
12255,150,random,10,0.7220342356687898,0,9,None,66,1,5,False,1000,1000
12256,151,random,10,0.7231289808917197,0,9,None,66,1,5,False,1000,1000
12257,152,random,10,0.7235270700636943,0,9,None,66,1,5,False,1000,1000
12258,153,random,10,0.7236265923566879,0,9,None,66,1,5,False,1000,1000
12259,154,random,10,0.7248208598726115,0,9,None,66,1,5,False,1000,1000
12260,150,random,10,0.7194466560509554,0,29,None,66,1,5,False,1000,1000
12261,151,random,10,0.7192476114649682,0,29,None,66,1,5,False,1000,1000
12262,152,random,10,0.7192476114649682,0,29,None,66,1,5,False,1000,1000
12263,153,random,10,0.7188495222929936,0,29,None,66,1,5,False,1000,1000
12264,154,random,10,0.7182523885350318,0,29,None,66,1,5,False,1000,1000
12265,150,random,10,0.7292993630573248,0,12,None,66,1,5,False,1000,1000
12266,151,random,10,0.7291003184713376,0,12,None,66,1,5,False,1000,1000
12267,152,random,10,0.7299960191082803,0,12,None,66,1,5,False,1000,1000
12268,153,random,10,0.7301950636942676,0,12,None,66,1,5,False,1000,1000
12269,154,random,10,0.7303941082802548,0,12,None,66,1,5,False,1000,1000
12270,150,random,10,0.7046178343949044,0,6,None,66,1,5,False,1000,1000
12271,151,random,10,0.7046178343949044,0,6,None,66,1,5,False,1000,1000
12272,152,random,10,0.7047173566878981,0,6,None,66,1,5,False,1000,1000
12273,153,random,10,0.7054140127388535,0,6,None,66,1,5,False,1000,1000
12274,154,random,10,0.7051154458598726,0,6,None,66,1,5,False,1000,1000
12275,150,random,10,0.724422770700637,0,13,None,66,1,5,False,1000,1000
12276,151,random,10,0.7249203821656051,0,13,None,66,1,5,False,1000,1000
12277,152,random,10,0.7243232484076433,0,13,None,66,1,5,False,1000,1000
12278,153,random,10,0.7251194267515924,0,13,None,66,1,5,False,1000,1000
12279,154,random,10,0.7256170382165605,0,13,None,66,1,5,False,1000,1000
12280,150,random,10,0.6941679936305732,0,25,None,66,1,5,False,1000,1000
12281,151,random,10,0.6963574840764332,0,25,None,66,1,5,False,1000,1000
12282,152,random,10,0.6989450636942676,0,25,None,66,1,5,False,1000,1000
12283,153,random,10,0.7011345541401274,0,25,None,66,1,5,False,1000,1000
12284,154,random,10,0.7026273885350318,0,25,None,66,1,5,False,1000,1000
12285,150,random,10,0.7147691082802548,0,26,None,66,1,5,False,1000,1000
12286,151,random,10,0.7157643312101911,0,26,None,66,1,5,False,1000,1000
12287,152,random,10,0.7163614649681529,0,26,None,66,1,5,False,1000,1000
12288,153,random,10,0.7170581210191083,0,26,None,66,1,5,False,1000,1000
12289,154,random,10,0.7181528662420382,0,26,None,66,1,5,False,1000,1000
12290,150,random,10,0.7002388535031847,0,20,None,66,1,5,False,1000,1000
12291,151,random,10,0.7029259554140127,0,20,None,66,1,5,False,1000,1000
12292,152,random,10,0.7051154458598726,0,20,None,66,1,5,False,1000,1000
12293,153,random,10,0.7073049363057324,0,20,None,66,1,5,False,1000,1000
12294,154,random,10,0.710390127388535,0,20,None,66,1,5,False,1000,1000
12295,150,random,10,0.732484076433121,0,18,None,66,1,5,False,1000,1000
12296,151,random,10,0.734375,0,18,None,66,1,5,False,1000,1000
12297,152,random,10,0.7349721337579618,0,18,None,66,1,5,False,1000,1000
12298,153,random,10,0.7350716560509554,0,18,None,66,1,5,False,1000,1000
12299,154,random,10,0.7351711783439491,0,18,None,66,1,5,False,1000,1000
12300,150,random,10,0.6767515923566879,0,8,None,66,1,5,False,1000,1000
12301,151,random,10,0.6767515923566879,0,8,None,66,1,5,False,1000,1000
12302,152,random,10,0.6776472929936306,0,8,None,66,1,5,False,1000,1000
12303,153,random,10,0.6773487261146497,0,8,None,66,1,5,False,1000,1000
12304,154,random,10,0.6778463375796179,0,8,None,66,1,5,False,1000,1000
12305,150,random,10,0.7276074840764332,0,19,None,66,1,5,False,1000,1000
12306,151,random,10,0.7298964968152867,0,19,None,66,1,5,False,1000,1000
12307,152,random,10,0.7307921974522293,0,19,None,66,1,5,False,1000,1000
12308,153,random,10,0.732484076433121,0,19,None,66,1,5,False,1000,1000
12309,154,random,10,0.7338773885350318,0,19,None,66,1,5,False,1000,1000
12310,150,random,10,0.7150676751592356,0,31,None,66,1,5,False,1000,1000
12311,151,random,10,0.7154657643312102,0,31,None,66,1,5,False,1000,1000
12312,152,random,10,0.7155652866242038,0,31,None,66,1,5,False,1000,1000
12313,153,random,10,0.7169585987261147,0,31,None,66,1,5,False,1000,1000
12314,154,random,10,0.7183519108280255,0,31,None,66,1,5,False,1000,1000
12315,150,random,10,0.5628980891719745,0,28,None,66,1,5,False,1000,1000
12316,151,random,10,0.5720541401273885,0,28,None,66,1,5,False,1000,1000
12317,152,random,10,0.5824044585987261,0,28,None,66,1,5,False,1000,1000
12318,153,random,10,0.5907643312101911,0,28,None,66,1,5,False,1000,1000
12319,154,random,10,0.5998208598726115,0,28,None,66,1,5,False,1000,1000
12320,150,random,10,0.68859474522293,0,23,None,66,1,5,False,1000,1000
12321,151,random,10,0.689390923566879,0,23,None,66,1,5,False,1000,1000
12322,152,random,10,0.690187101910828,0,23,None,66,1,5,False,1000,1000
12323,153,random,10,0.6910828025477707,0,23,None,66,1,5,False,1000,1000
12324,154,random,10,0.6919785031847133,0,23,None,66,1,5,False,1000,1000
12325,150,random,10,0.7061106687898089,0,0,None,66,1,5,False,1000,1000
12326,151,random,10,0.7076035031847133,0,0,None,66,1,5,False,1000,1000
12327,152,random,10,0.7084992038216561,0,0,None,66,1,5,False,1000,1000
12328,153,random,10,0.7101910828025477,0,0,None,66,1,5,False,1000,1000
12329,154,random,10,0.7106886942675159,0,0,None,66,1,5,False,1000,1000
12330,150,random,10,0.6909832802547771,0,7,None,66,1,5,False,1000,1000
12331,151,random,10,0.6916799363057324,0,7,None,66,1,5,False,1000,1000
12332,152,random,10,0.691281847133758,0,7,None,66,1,5,False,1000,1000
12333,153,random,10,0.6921775477707006,0,7,None,66,1,5,False,1000,1000
12334,154,random,10,0.6930732484076433,0,7,None,66,1,5,False,1000,1000
12335,150,random,10,0.6927746815286624,0,4,None,66,1,5,False,1000,1000
12336,151,random,10,0.6960589171974523,0,4,None,66,1,5,False,1000,1000
12337,152,random,10,0.6992436305732485,0,4,None,66,1,5,False,1000,1000
12338,153,random,10,0.7023288216560509,0,4,None,66,1,5,False,1000,1000
12339,154,random,10,0.7034235668789809,0,4,None,66,1,5,False,1000,1000
12340,150,random,10,0.7277070063694268,0,32,None,66,1,5,False,1000,1000
12341,151,random,10,0.7291003184713376,0,32,None,66,1,5,False,1000,1000
12342,152,random,10,0.7304936305732485,0,32,None,66,1,5,False,1000,1000
12343,153,random,10,0.7311902866242038,0,32,None,66,1,5,False,1000,1000
12344,154,random,10,0.7334792993630573,0,32,None,66,1,5,False,1000,1000
12345,150,random,10,0.7000398089171974,0,15,None,66,1,5,False,1000,1000
12346,151,random,10,0.7009355095541401,0,15,None,66,1,5,False,1000,1000
12347,152,random,10,0.701234076433121,0,15,None,66,1,5,False,1000,1000
12348,153,random,10,0.7018312101910829,0,15,None,66,1,5,False,1000,1000
12349,154,random,10,0.70203025477707,0,15,None,66,1,5,False,1000,1000
12350,150,random,10,0.7086982484076433,0,10,None,66,1,5,False,1000,1000
12351,151,random,10,0.7092953821656051,0,10,None,66,1,5,False,1000,1000
12352,152,random,10,0.7106886942675159,0,10,None,66,1,5,False,1000,1000
12353,153,random,10,0.7117834394904459,0,10,None,66,1,5,False,1000,1000
12354,154,random,10,0.7133757961783439,0,10,None,66,1,5,False,1000,1000
12355,150,random,10,0.6695859872611465,0,11,None,66,1,5,False,1000,1000
12356,151,random,10,0.6679936305732485,0,11,None,66,1,5,False,1000,1000
12357,152,random,10,0.6673964968152867,0,11,None,66,1,5,False,1000,1000
12358,153,random,10,0.6684912420382165,0,11,None,66,1,5,False,1000,1000
12359,154,random,10,0.6687898089171974,0,11,None,66,1,5,False,1000,1000
12360,150,random,10,0.7089968152866242,0,17,None,66,1,5,False,1000,1000
12361,151,random,10,0.7093949044585988,0,17,None,66,1,5,False,1000,1000
12362,152,random,10,0.7094944267515924,0,17,None,66,1,5,False,1000,1000
12363,153,random,10,0.7094944267515924,0,17,None,66,1,5,False,1000,1000
12364,154,random,10,0.7093949044585988,0,17,None,66,1,5,False,1000,1000
12365,150,random,10,0.7066082802547771,0,3,None,66,1,5,False,1000,1000
12366,151,random,10,0.707703025477707,0,3,None,66,1,5,False,1000,1000
12367,152,random,10,0.7082006369426752,0,3,None,66,1,5,False,1000,1000
12368,153,random,10,0.7090963375796179,0,3,None,66,1,5,False,1000,1000
12369,154,random,10,0.7104896496815286,0,3,None,66,1,5,False,1000,1000
12370,150,random,10,0.7383558917197452,0,24,None,66,1,5,False,1000,1000
12371,151,random,10,0.7394506369426752,0,24,None,66,1,5,False,1000,1000
12372,152,random,10,0.7399482484076433,0,24,None,66,1,5,False,1000,1000
12373,153,random,10,0.7417396496815286,0,24,None,66,1,5,False,1000,1000
12374,154,random,10,0.7430334394904459,0,24,None,66,1,5,False,1000,1000
13365,155,random,10,0.7078025477707006,0,1,None,66,1,5,False,1000,1000
13366,156,random,10,0.7081011146496815,0,1,None,66,1,5,False,1000,1000
13367,157,random,10,0.7086982484076433,0,1,None,66,1,5,False,1000,1000
13368,158,random,10,0.7091958598726115,0,1,None,66,1,5,False,1000,1000
13369,159,random,10,0.7090963375796179,0,1,None,66,1,5,False,1000,1000
13370,155,random,10,0.677547770700637,0,2,None,66,1,5,False,1000,1000
13371,156,random,10,0.6786425159235668,0,2,None,66,1,5,False,1000,1000
13372,157,random,10,0.6804339171974523,0,2,None,66,1,5,False,1000,1000
13373,158,random,10,0.681031050955414,0,2,None,66,1,5,False,1000,1000
13374,159,random,10,0.6822253184713376,0,2,None,66,1,5,False,1000,1000
13375,155,random,10,0.7068073248407644,0,5,None,66,1,5,False,1000,1000
13376,156,random,10,0.7074044585987261,0,5,None,66,1,5,False,1000,1000
13377,157,random,10,0.7082006369426752,0,5,None,66,1,5,False,1000,1000
13378,158,random,10,0.7083001592356688,0,5,None,66,1,5,False,1000,1000
13379,159,random,10,0.7093949044585988,0,5,None,66,1,5,False,1000,1000
13380,155,random,10,0.7259156050955414,0,13,None,66,1,5,False,1000,1000
13381,156,random,10,0.7272093949044586,0,13,None,66,1,5,False,1000,1000
13382,157,random,10,0.7280055732484076,0,13,None,66,1,5,False,1000,1000
13383,158,random,10,0.7280055732484076,0,13,None,66,1,5,False,1000,1000
13384,159,random,10,0.7284036624203821,0,13,None,66,1,5,False,1000,1000
13385,155,random,10,0.7101910828025477,0,16,None,66,1,5,False,1000,1000
13386,156,random,10,0.7098925159235668,0,16,None,66,1,5,False,1000,1000
13387,157,random,10,0.7098925159235668,0,16,None,66,1,5,False,1000,1000
13388,158,random,10,0.710390127388535,0,16,None,66,1,5,False,1000,1000
13389,159,random,10,0.7106886942675159,0,16,None,66,1,5,False,1000,1000
13390,155,random,10,0.6916799363057324,0,14,None,66,1,5,False,1000,1000
13391,156,random,10,0.6927746815286624,0,14,None,66,1,5,False,1000,1000
13392,157,random,10,0.6946656050955414,0,14,None,66,1,5,False,1000,1000
13393,158,random,10,0.6971536624203821,0,14,None,66,1,5,False,1000,1000
13394,159,random,10,0.6986464968152867,0,14,None,66,1,5,False,1000,1000
13395,155,random,10,0.7106886942675159,0,17,None,66,1,5,False,1000,1000
13396,156,random,10,0.7115843949044586,0,17,None,66,1,5,False,1000,1000
13397,157,random,10,0.7123805732484076,0,17,None,66,1,5,False,1000,1000
13398,158,random,10,0.7133757961783439,0,17,None,66,1,5,False,1000,1000
13399,159,random,10,0.7137738853503185,0,17,None,66,1,5,False,1000,1000
13400,155,random,10,0.6980493630573248,0,25,None,66,1,5,False,1000,1000
13401,156,random,10,0.6997412420382165,0,25,None,66,1,5,False,1000,1000
13402,157,random,10,0.7009355095541401,0,25,None,66,1,5,False,1000,1000
13403,158,random,10,0.7039211783439491,0,25,None,66,1,5,False,1000,1000
13404,159,random,10,0.7049164012738853,0,25,None,66,1,5,False,1000,1000
13405,155,random,10,0.7177547770700637,0,26,None,66,1,5,False,1000,1000
13406,156,random,10,0.7175557324840764,0,26,None,66,1,5,False,1000,1000
13407,157,random,10,0.7175557324840764,0,26,None,66,1,5,False,1000,1000
13408,158,random,10,0.7178542993630573,0,26,None,66,1,5,False,1000,1000
13409,159,random,10,0.71875,0,26,None,66,1,5,False,1000,1000
13410,155,random,10,0.7310907643312102,0,12,None,66,1,5,False,1000,1000
13411,156,random,10,0.7308917197452229,0,12,None,66,1,5,False,1000,1000
13412,157,random,10,0.7313893312101911,0,12,None,66,1,5,False,1000,1000
13413,158,random,10,0.7325835987261147,0,12,None,66,1,5,False,1000,1000
13414,159,random,10,0.7334792993630573,0,12,None,66,1,5,False,1000,1000
13415,155,random,10,0.7399482484076433,0,24,None,66,1,5,False,1000,1000
13416,156,random,10,0.7415406050955414,0,24,None,66,1,5,False,1000,1000
13417,157,random,10,0.7434315286624203,0,24,None,66,1,5,False,1000,1000
13418,158,random,10,0.7452229299363057,0,24,None,66,1,5,False,1000,1000
13419,159,random,10,0.7467157643312102,0,24,None,66,1,5,False,1000,1000
13420,155,random,10,0.7202428343949044,0,29,None,66,1,5,False,1000,1000
13421,156,random,10,0.7205414012738853,0,29,None,66,1,5,False,1000,1000
13422,157,random,10,0.7202428343949044,0,29,None,66,1,5,False,1000,1000
13423,158,random,10,0.7202428343949044,0,29,None,66,1,5,False,1000,1000
13424,159,random,10,0.7202428343949044,0,29,None,66,1,5,False,1000,1000
13425,155,random,10,0.7247213375796179,0,9,None,66,1,5,False,1000,1000
13426,156,random,10,0.7257165605095541,0,9,None,66,1,5,False,1000,1000
13427,157,random,10,0.7265127388535032,0,9,None,66,1,5,False,1000,1000
13428,158,random,10,0.7276074840764332,0,9,None,66,1,5,False,1000,1000
13429,159,random,10,0.728702229299363,0,9,None,66,1,5,False,1000,1000
13430,155,random,10,0.7379578025477707,0,30,None,66,1,5,False,1000,1000
13431,156,random,10,0.7391520700636943,0,30,None,66,1,5,False,1000,1000
13432,157,random,10,0.7391520700636943,0,30,None,66,1,5,False,1000,1000
13433,158,random,10,0.7399482484076433,0,30,None,66,1,5,False,1000,1000
13434,159,random,10,0.7413415605095541,0,30,None,66,1,5,False,1000,1000
13435,155,random,10,0.71765525477707,0,31,None,66,1,5,False,1000,1000
13436,156,random,10,0.7172571656050956,0,31,None,66,1,5,False,1000,1000
13437,157,random,10,0.7186504777070064,0,31,None,66,1,5,False,1000,1000
13438,158,random,10,0.71984474522293,0,31,None,66,1,5,False,1000,1000
13439,159,random,10,0.7211385350318471,0,31,None,66,1,5,False,1000,1000
13440,155,random,10,0.728702229299363,0,27,None,66,1,5,False,1000,1000
13441,156,random,10,0.7291003184713376,0,27,None,66,1,5,False,1000,1000
13442,157,random,10,0.7291003184713376,0,27,None,66,1,5,False,1000,1000
13443,158,random,10,0.7291998407643312,0,27,None,66,1,5,False,1000,1000
13444,159,random,10,0.730593152866242,0,27,None,66,1,5,False,1000,1000
13445,155,random,10,0.6978503184713376,0,7,None,66,1,5,False,1000,1000
13446,156,random,10,0.6981488853503185,0,7,None,66,1,5,False,1000,1000
13447,157,random,10,0.698546974522293,0,7,None,66,1,5,False,1000,1000
13448,158,random,10,0.6991441082802548,0,7,None,66,1,5,False,1000,1000
13449,159,random,10,0.6995421974522293,0,7,None,66,1,5,False,1000,1000
13450,155,random,10,0.7039211783439491,0,20,None,66,1,5,False,1000,1000
13451,156,random,10,0.709593949044586,0,20,None,66,1,5,False,1000,1000
13452,157,random,10,0.7101910828025477,0,20,None,66,1,5,False,1000,1000
13453,158,random,10,0.7129777070063694,0,20,None,66,1,5,False,1000,1000
13454,159,random,10,0.7159633757961783,0,20,None,66,1,5,False,1000,1000
13455,155,random,10,0.7071058917197452,0,6,None,66,1,5,False,1000,1000
13456,156,random,10,0.7078025477707006,0,6,None,66,1,5,False,1000,1000
13457,157,random,10,0.7080015923566879,0,6,None,66,1,5,False,1000,1000
13458,158,random,10,0.708797770700637,0,6,None,66,1,5,False,1000,1000
13459,159,random,10,0.7092953821656051,0,6,None,66,1,5,False,1000,1000
13460,155,random,10,0.7189490445859873,0,22,None,66,1,5,False,1000,1000
13461,156,random,10,0.7202428343949044,0,22,None,66,1,5,False,1000,1000
13462,157,random,10,0.7224323248407644,0,22,None,66,1,5,False,1000,1000
13463,158,random,10,0.7232285031847133,0,22,None,66,1,5,False,1000,1000
13464,159,random,10,0.7249203821656051,0,22,None,66,1,5,False,1000,1000
13465,155,random,10,0.6940684713375797,0,23,None,66,1,5,False,1000,1000
13466,156,random,10,0.6949641719745223,0,23,None,66,1,5,False,1000,1000
13467,157,random,10,0.6956608280254777,0,23,None,66,1,5,False,1000,1000
13468,158,random,10,0.6965565286624203,0,23,None,66,1,5,False,1000,1000
13469,159,random,10,0.6981488853503185,0,23,None,66,1,5,False,1000,1000
13470,155,random,10,0.7318869426751592,0,32,None,66,1,5,False,1000,1000
13471,156,random,10,0.7331807324840764,0,32,None,66,1,5,False,1000,1000
13472,157,random,10,0.7355692675159236,0,32,None,66,1,5,False,1000,1000
13473,158,random,10,0.7359673566878981,0,32,None,66,1,5,False,1000,1000
13474,159,random,10,0.7360668789808917,0,32,None,66,1,5,False,1000,1000
13475,155,random,10,0.7134753184713376,0,10,None,66,1,5,False,1000,1000
13476,156,random,10,0.7146695859872612,0,10,None,66,1,5,False,1000,1000
13477,157,random,10,0.7153662420382165,0,10,None,66,1,5,False,1000,1000
13478,158,random,10,0.7157643312101911,0,10,None,66,1,5,False,1000,1000
13479,159,random,10,0.716859076433121,0,10,None,66,1,5,False,1000,1000
13480,155,random,10,0.6962579617834395,0,4,None,66,1,5,False,1000,1000
13481,156,random,10,0.6997412420382165,0,4,None,66,1,5,False,1000,1000
13482,157,random,10,0.7032245222929936,0,4,None,66,1,5,False,1000,1000
13483,158,random,10,0.7044187898089171,0,4,None,66,1,5,False,1000,1000
13484,159,random,10,0.7066082802547771,0,4,None,66,1,5,False,1000,1000
13485,155,random,10,0.6739649681528662,0,11,None,66,1,5,False,1000,1000
13486,156,random,10,0.67296974522293,0,11,None,66,1,5,False,1000,1000
13487,157,random,10,0.6720740445859873,0,11,None,66,1,5,False,1000,1000
13488,158,random,10,0.6715764331210191,0,11,None,66,1,5,False,1000,1000
13489,159,random,10,0.6715764331210191,0,11,None,66,1,5,False,1000,1000
13490,155,random,10,0.7048168789808917,0,15,None,66,1,5,False,1000,1000
13491,156,random,10,0.7048168789808917,0,15,None,66,1,5,False,1000,1000
13492,157,random,10,0.7049164012738853,0,15,None,66,1,5,False,1000,1000
13493,158,random,10,0.7048168789808917,0,15,None,66,1,5,False,1000,1000
13494,159,random,10,0.7045183121019108,0,15,None,66,1,5,False,1000,1000
13495,155,random,10,0.6778463375796179,0,8,None,66,1,5,False,1000,1000
13496,156,random,10,0.678343949044586,0,8,None,66,1,5,False,1000,1000
13497,157,random,10,0.6788415605095541,0,8,None,66,1,5,False,1000,1000
13498,158,random,10,0.6797372611464968,0,8,None,66,1,5,False,1000,1000
13499,159,random,10,0.6796377388535032,0,8,None,66,1,5,False,1000,1000
13500,155,random,10,0.7364649681528662,0,18,None,66,1,5,False,1000,1000
13501,156,random,10,0.7375597133757962,0,18,None,66,1,5,False,1000,1000
13502,157,random,10,0.7388535031847133,0,18,None,66,1,5,False,1000,1000
13503,158,random,10,0.7388535031847133,0,18,None,66,1,5,False,1000,1000
13504,159,random,10,0.7398487261146497,0,18,None,66,1,5,False,1000,1000
13505,155,random,10,0.7406449044585988,0,21,None,66,1,5,False,1000,1000
13506,156,random,10,0.7418391719745223,0,21,None,66,1,5,False,1000,1000
13507,157,random,10,0.7434315286624203,0,21,None,66,1,5,False,1000,1000
13508,158,random,10,0.7440286624203821,0,21,None,66,1,5,False,1000,1000
13509,159,random,10,0.7444267515923567,0,21,None,66,1,5,False,1000,1000
13510,155,random,10,0.7355692675159236,0,19,None,66,1,5,False,1000,1000
13511,156,random,10,0.7366640127388535,0,19,None,66,1,5,False,1000,1000
13512,157,random,10,0.7375597133757962,0,19,None,66,1,5,False,1000,1000
13513,158,random,10,0.7390525477707006,0,19,None,66,1,5,False,1000,1000
13514,159,random,10,0.740047770700637,0,19,None,66,1,5,False,1000,1000
13515,155,random,10,0.7090963375796179,0,0,None,66,1,5,False,1000,1000
13516,156,random,10,0.7101910828025477,0,0,None,66,1,5,False,1000,1000
13517,157,random,10,0.7110867834394905,0,0,None,66,1,5,False,1000,1000
13518,158,random,10,0.711484872611465,0,0,None,66,1,5,False,1000,1000
13519,159,random,10,0.7120820063694268,0,0,None,66,1,5,False,1000,1000
13520,155,random,10,0.7092953821656051,0,3,None,66,1,5,False,1000,1000
13521,156,random,10,0.7101910828025477,0,3,None,66,1,5,False,1000,1000
13522,157,random,10,0.7107882165605095,0,3,None,66,1,5,False,1000,1000
13523,158,random,10,0.7118829617834395,0,3,None,66,1,5,False,1000,1000
13524,159,random,10,0.7127786624203821,0,3,None,66,1,5,False,1000,1000
13525,155,random,10,0.5649880573248408,0,28,None,66,1,5,False,1000,1000
13526,156,random,10,0.5756369426751592,0,28,None,66,1,5,False,1000,1000
13527,157,random,10,0.5839968152866242,0,28,None,66,1,5,False,1000,1000
13528,158,random,10,0.5943471337579618,0,28,None,66,1,5,False,1000,1000
13529,159,random,10,0.6033041401273885,0,28,None,66,1,5,False,1000,1000
13530,160,random,10,0.7255175159235668,0,22,None,66,1,5,False,1000,1000
13531,161,random,10,0.7272093949044586,0,22,None,66,1,5,False,1000,1000
13532,162,random,10,0.7284036624203821,0,22,None,66,1,5,False,1000,1000
13533,163,random,10,0.7299960191082803,0,22,None,66,1,5,False,1000,1000
13534,164,random,10,0.7299960191082803,0,22,None,66,1,5,False,1000,1000
13535,160,random,10,0.6955613057324841,0,14,None,66,1,5,False,1000,1000
13536,161,random,10,0.6995421974522293,0,14,None,66,1,5,False,1000,1000
13537,162,random,10,0.7013335987261147,0,14,None,66,1,5,False,1000,1000
13538,163,random,10,0.7022292993630573,0,14,None,66,1,5,False,1000,1000
13539,164,random,10,0.7037221337579618,0,14,None,66,1,5,False,1000,1000
13540,160,random,10,0.7409434713375797,0,30,None,66,1,5,False,1000,1000
13541,161,random,10,0.7415406050955414,0,30,None,66,1,5,False,1000,1000
13542,162,random,10,0.7431329617834395,0,30,None,66,1,5,False,1000,1000
13543,163,random,10,0.7442277070063694,0,30,None,66,1,5,False,1000,1000
13544,164,random,10,0.7448248407643312,0,30,None,66,1,5,False,1000,1000
13545,160,random,10,0.7169585987261147,0,16,None,66,1,5,False,1000,1000
13546,161,random,10,0.7162619426751592,0,16,None,66,1,5,False,1000,1000
13547,162,random,10,0.7169585987261147,0,16,None,66,1,5,False,1000,1000
13548,163,random,10,0.7172571656050956,0,16,None,66,1,5,False,1000,1000
13549,164,random,10,0.7171576433121019,0,16,None,66,1,5,False,1000,1000
13550,160,random,10,0.7009355095541401,0,7,None,66,1,5,False,1000,1000
13551,161,random,10,0.7011345541401274,0,7,None,66,1,5,False,1000,1000
13552,162,random,10,0.7017316878980892,0,7,None,66,1,5,False,1000,1000
13553,163,random,10,0.7023288216560509,0,7,None,66,1,5,False,1000,1000
13554,164,random,10,0.7022292993630573,0,7,None,66,1,5,False,1000,1000
13555,160,random,10,0.7293988853503185,0,32,None,66,1,5,False,1000,1000
13556,161,random,10,0.7296974522292994,0,32,None,66,1,5,False,1000,1000
13557,162,random,10,0.7306926751592356,0,32,None,66,1,5,False,1000,1000
13558,163,random,10,0.7317874203821656,0,32,None,66,1,5,False,1000,1000
13559,164,random,10,0.7323845541401274,0,32,None,66,1,5,False,1000,1000
13560,160,random,10,0.711484872611465,0,1,None,66,1,5,False,1000,1000
13561,161,random,10,0.7120820063694268,0,1,None,66,1,5,False,1000,1000
13562,162,random,10,0.7128781847133758,0,1,None,66,1,5,False,1000,1000
13563,163,random,10,0.7129777070063694,0,1,None,66,1,5,False,1000,1000
13564,164,random,10,0.713077229299363,0,1,None,66,1,5,False,1000,1000
13565,160,random,10,0.681827229299363,0,2,None,66,1,5,False,1000,1000
13566,161,random,10,0.6831210191082803,0,2,None,66,1,5,False,1000,1000
13567,162,random,10,0.6845143312101911,0,2,None,66,1,5,False,1000,1000
13568,163,random,10,0.6854100318471338,0,2,None,66,1,5,False,1000,1000
13569,164,random,10,0.6868033439490446,0,2,None,66,1,5,False,1000,1000
13570,160,random,10,0.7148686305732485,0,5,None,66,1,5,False,1000,1000
13571,161,random,10,0.7163614649681529,0,5,None,66,1,5,False,1000,1000
13572,162,random,10,0.7173566878980892,0,5,None,66,1,5,False,1000,1000
13573,163,random,10,0.71765525477707,0,5,None,66,1,5,False,1000,1000
13574,164,random,10,0.7185509554140127,0,5,None,66,1,5,False,1000,1000
13575,160,random,10,0.6930732484076433,0,23,None,66,1,5,False,1000,1000
13576,161,random,10,0.6940684713375797,0,23,None,66,1,5,False,1000,1000
13577,162,random,10,0.6952627388535032,0,23,None,66,1,5,False,1000,1000
13578,163,random,10,0.6964570063694268,0,23,None,66,1,5,False,1000,1000
13579,164,random,10,0.6971536624203821,0,23,None,66,1,5,False,1000,1000
13580,160,random,10,0.5684713375796179,0,28,None,66,1,5,False,1000,1000
13581,161,random,10,0.5791202229299363,0,28,None,66,1,5,False,1000,1000
13582,162,random,10,0.5884753184713376,0,28,None,66,1,5,False,1000,1000
13583,163,random,10,0.5981289808917197,0,28,None,66,1,5,False,1000,1000
13584,164,random,10,0.6063893312101911,0,28,None,66,1,5,False,1000,1000
13585,160,random,10,0.7342754777070064,0,12,None,66,1,5,False,1000,1000
13586,161,random,10,0.7351711783439491,0,12,None,66,1,5,False,1000,1000
13587,162,random,10,0.7367635350318471,0,12,None,66,1,5,False,1000,1000
13588,163,random,10,0.7372611464968153,0,12,None,66,1,5,False,1000,1000
13589,164,random,10,0.738156847133758,0,12,None,66,1,5,False,1000,1000
13590,160,random,10,0.7094944267515924,0,6,None,66,1,5,False,1000,1000
13591,161,random,10,0.7117834394904459,0,6,None,66,1,5,False,1000,1000
13592,162,random,10,0.7117834394904459,0,6,None,66,1,5,False,1000,1000
13593,163,random,10,0.7115843949044586,0,6,None,66,1,5,False,1000,1000
13594,164,random,10,0.7121815286624203,0,6,None,66,1,5,False,1000,1000
13595,160,random,10,0.731687898089172,0,13,None,66,1,5,False,1000,1000
13596,161,random,10,0.7314888535031847,0,13,None,66,1,5,False,1000,1000
13597,162,random,10,0.7310907643312102,0,13,None,66,1,5,False,1000,1000
13598,163,random,10,0.7318869426751592,0,13,None,66,1,5,False,1000,1000
13599,164,random,10,0.7321855095541401,0,13,None,66,1,5,False,1000,1000
13600,160,random,10,0.71984474522293,0,26,None,66,1,5,False,1000,1000
13601,161,random,10,0.7208399681528662,0,26,None,66,1,5,False,1000,1000
13602,162,random,10,0.7217356687898089,0,26,None,66,1,5,False,1000,1000
13603,163,random,10,0.722531847133758,0,26,None,66,1,5,False,1000,1000
13604,164,random,10,0.7231289808917197,0,26,None,66,1,5,False,1000,1000
13605,160,random,10,0.7047173566878981,0,25,None,66,1,5,False,1000,1000
13606,161,random,10,0.7074044585987261,0,25,None,66,1,5,False,1000,1000
13607,162,random,10,0.7097929936305732,0,25,None,66,1,5,False,1000,1000
13608,163,random,10,0.7110867834394905,0,25,None,66,1,5,False,1000,1000
13609,164,random,10,0.7123805732484076,0,25,None,66,1,5,False,1000,1000
13610,160,random,10,0.7218351910828026,0,15,None,66,1,5,False,1000,1000
13611,161,random,10,0.7218351910828026,0,15,None,66,1,5,False,1000,1000
13612,162,random,10,0.7219347133757962,0,15,None,66,1,5,False,1000,1000
13613,163,random,10,0.7222332802547771,0,15,None,66,1,5,False,1000,1000
13614,164,random,10,0.7218351910828026,0,15,None,66,1,5,False,1000,1000
13615,160,random,10,0.7128781847133758,0,10,None,66,1,5,False,1000,1000
13616,161,random,10,0.7137738853503185,0,10,None,66,1,5,False,1000,1000
13617,162,random,10,0.7137738853503185,0,10,None,66,1,5,False,1000,1000
13618,163,random,10,0.7155652866242038,0,10,None,66,1,5,False,1000,1000
13619,164,random,10,0.716859076433121,0,10,None,66,1,5,False,1000,1000
13620,160,random,10,0.6820262738853503,0,11,None,66,1,5,False,1000,1000
13621,161,random,10,0.6823248407643312,0,11,None,66,1,5,False,1000,1000
13622,162,random,10,0.6832205414012739,0,11,None,66,1,5,False,1000,1000
13623,163,random,10,0.6831210191082803,0,11,None,66,1,5,False,1000,1000
13624,164,random,10,0.6835191082802548,0,11,None,66,1,5,False,1000,1000
13625,160,random,10,0.7322850318471338,0,19,None,66,1,5,False,1000,1000
13626,161,random,10,0.7337778662420382,0,19,None,66,1,5,False,1000,1000
13627,162,random,10,0.7349721337579618,0,19,None,66,1,5,False,1000,1000
13628,163,random,10,0.7375597133757962,0,19,None,66,1,5,False,1000,1000
13629,164,random,10,0.7396496815286624,0,19,None,66,1,5,False,1000,1000
13630,160,random,10,0.6795382165605095,0,8,None,66,1,5,False,1000,1000
13631,161,random,10,0.6793391719745223,0,8,None,66,1,5,False,1000,1000
13632,162,random,10,0.6793391719745223,0,8,None,66,1,5,False,1000,1000
13633,163,random,10,0.6800358280254777,0,8,None,66,1,5,False,1000,1000
13634,164,random,10,0.6803343949044586,0,8,None,66,1,5,False,1000,1000
13635,160,random,10,0.6940684713375797,0,4,None,66,1,5,False,1000,1000
13636,161,random,10,0.6961584394904459,0,4,None,66,1,5,False,1000,1000
13637,162,random,10,0.6961584394904459,0,4,None,66,1,5,False,1000,1000
13638,163,random,10,0.696656050955414,0,4,None,66,1,5,False,1000,1000
13639,164,random,10,0.698546974522293,0,4,None,66,1,5,False,1000,1000
13640,160,random,10,0.6946656050955414,0,20,None,66,1,5,False,1000,1000
13641,161,random,10,0.6952627388535032,0,20,None,66,1,5,False,1000,1000
13642,162,random,10,0.6976512738853503,0,20,None,66,1,5,False,1000,1000
13643,163,random,10,0.6994426751592356,0,20,None,66,1,5,False,1000,1000
13644,164,random,10,0.7018312101910829,0,20,None,66,1,5,False,1000,1000
13645,160,random,10,0.7154657643312102,0,3,None,66,1,5,False,1000,1000
13646,161,random,10,0.714968152866242,0,3,None,66,1,5,False,1000,1000
13647,162,random,10,0.7156648089171974,0,3,None,66,1,5,False,1000,1000
13648,163,random,10,0.7165605095541401,0,3,None,66,1,5,False,1000,1000
13649,164,random,10,0.7165605095541401,0,3,None,66,1,5,False,1000,1000
13650,160,random,10,0.7253184713375797,0,18,None,66,1,5,False,1000,1000
13651,161,random,10,0.7251194267515924,0,18,None,66,1,5,False,1000,1000
13652,162,random,10,0.7261146496815286,0,18,None,66,1,5,False,1000,1000
13653,163,random,10,0.7257165605095541,0,18,None,66,1,5,False,1000,1000
13654,164,random,10,0.7263136942675159,0,18,None,66,1,5,False,1000,1000
13655,160,random,10,0.7309912420382165,0,27,None,66,1,5,False,1000,1000
13656,161,random,10,0.7314888535031847,0,27,None,66,1,5,False,1000,1000
13657,162,random,10,0.7315883757961783,0,27,None,66,1,5,False,1000,1000
13658,163,random,10,0.7317874203821656,0,27,None,66,1,5,False,1000,1000
13659,164,random,10,0.7319864649681529,0,27,None,66,1,5,False,1000,1000
13660,160,random,10,0.7189490445859873,0,31,None,66,1,5,False,1000,1000
13661,161,random,10,0.7204418789808917,0,31,None,66,1,5,False,1000,1000
13662,162,random,10,0.7219347133757962,0,31,None,66,1,5,False,1000,1000
13663,163,random,10,0.722531847133758,0,31,None,66,1,5,False,1000,1000
13664,164,random,10,0.7246218152866242,0,31,None,66,1,5,False,1000,1000
13665,160,random,10,0.7274084394904459,0,9,None,66,1,5,False,1000,1000
13666,161,random,10,0.7282046178343949,0,9,None,66,1,5,False,1000,1000
13667,162,random,10,0.7289012738853503,0,9,None,66,1,5,False,1000,1000
13668,163,random,10,0.729796974522293,0,9,None,66,1,5,False,1000,1000
13669,164,random,10,0.7320859872611465,0,9,None,66,1,5,False,1000,1000
13670,160,random,10,0.7266122611464968,0,29,None,66,1,5,False,1000,1000
13671,161,random,10,0.7254179936305732,0,29,None,66,1,5,False,1000,1000
13672,162,random,10,0.725218949044586,0,29,None,66,1,5,False,1000,1000
13673,163,random,10,0.7248208598726115,0,29,None,66,1,5,False,1000,1000
13674,164,random,10,0.7243232484076433,0,29,None,66,1,5,False,1000,1000
13675,160,random,10,0.7090963375796179,0,0,None,66,1,5,False,1000,1000
13676,161,random,10,0.7100915605095541,0,0,None,66,1,5,False,1000,1000
13677,162,random,10,0.7105891719745223,0,0,None,66,1,5,False,1000,1000
13678,163,random,10,0.7112858280254777,0,0,None,66,1,5,False,1000,1000
13679,164,random,10,0.7102906050955414,0,0,None,66,1,5,False,1000,1000
13680,160,random,10,0.7275079617834395,0,17,None,66,1,5,False,1000,1000
13681,161,random,10,0.7272093949044586,0,17,None,66,1,5,False,1000,1000
13682,162,random,10,0.728702229299363,0,17,None,66,1,5,False,1000,1000
13683,163,random,10,0.7288017515923567,0,17,None,66,1,5,False,1000,1000
13684,164,random,10,0.7291003184713376,0,17,None,66,1,5,False,1000,1000
13685,160,random,10,0.7374601910828026,0,21,None,66,1,5,False,1000,1000
13686,161,random,10,0.7391520700636943,0,21,None,66,1,5,False,1000,1000
13687,162,random,10,0.7404458598726115,0,21,None,66,1,5,False,1000,1000
13688,163,random,10,0.7418391719745223,0,21,None,66,1,5,False,1000,1000
13689,164,random,10,0.7431329617834395,0,21,None,66,1,5,False,1000,1000
13690,160,random,10,0.7466162420382165,0,24,None,66,1,5,False,1000,1000
13691,161,random,10,0.7471138535031847,0,24,None,66,1,5,False,1000,1000
13692,162,random,10,0.74890525477707,0,24,None,66,1,5,False,1000,1000
13693,163,random,10,0.7497014331210191,0,24,None,66,1,5,False,1000,1000
13694,164,random,10,0.7502985668789809,0,24,None,66,1,5,False,1000,1000
13695,165,random,10,0.725218949044586,0,26,None,66,1,5,False,1000,1000
13696,166,random,10,0.7259156050955414,0,26,None,66,1,5,False,1000,1000
13697,167,random,10,0.7266122611464968,0,26,None,66,1,5,False,1000,1000
13698,168,random,10,0.7269108280254777,0,26,None,66,1,5,False,1000,1000
13699,169,random,10,0.7276074840764332,0,26,None,66,1,5,False,1000,1000
13700,165,random,10,0.7437300955414012,0,30,None,66,1,5,False,1000,1000
13701,166,random,10,0.7453224522292994,0,30,None,66,1,5,False,1000,1000
13702,167,random,10,0.746218152866242,0,30,None,66,1,5,False,1000,1000
13703,168,random,10,0.7469148089171974,0,30,None,66,1,5,False,1000,1000
13704,169,random,10,0.7479100318471338,0,30,None,66,1,5,False,1000,1000
13705,165,random,10,0.723328025477707,0,31,None,66,1,5,False,1000,1000
13706,166,random,10,0.7250199044585988,0,31,None,66,1,5,False,1000,1000
13707,167,random,10,0.7258160828025477,0,31,None,66,1,5,False,1000,1000
13708,168,random,10,0.7262141719745223,0,31,None,66,1,5,False,1000,1000
13709,169,random,10,0.7267117834394905,0,31,None,66,1,5,False,1000,1000
13710,165,random,10,0.7000398089171974,0,14,None,66,1,5,False,1000,1000
13711,166,random,10,0.7032245222929936,0,14,None,66,1,5,False,1000,1000
13712,167,random,10,0.7045183121019108,0,14,None,66,1,5,False,1000,1000
13713,168,random,10,0.7061106687898089,0,14,None,66,1,5,False,1000,1000
13714,169,random,10,0.7073049363057324,0,14,None,66,1,5,False,1000,1000
13715,165,random,10,0.7078025477707006,0,25,None,66,1,5,False,1000,1000
13716,166,random,10,0.710390127388535,0,25,None,66,1,5,False,1000,1000
13717,167,random,10,0.7119824840764332,0,25,None,66,1,5,False,1000,1000
13718,168,random,10,0.7142714968152867,0,25,None,66,1,5,False,1000,1000
13719,169,random,10,0.7151671974522293,0,25,None,66,1,5,False,1000,1000
13720,165,random,10,0.7286027070063694,0,29,None,66,1,5,False,1000,1000
13721,166,random,10,0.7280055732484076,0,29,None,66,1,5,False,1000,1000
13722,167,random,10,0.727109872611465,0,29,None,66,1,5,False,1000,1000
13723,168,random,10,0.7262141719745223,0,29,None,66,1,5,False,1000,1000
13724,169,random,10,0.727109872611465,0,29,None,66,1,5,False,1000,1000
13725,165,random,10,0.7136743630573248,0,1,None,66,1,5,False,1000,1000
13726,166,random,10,0.7133757961783439,0,1,None,66,1,5,False,1000,1000
13727,167,random,10,0.7148686305732485,0,1,None,66,1,5,False,1000,1000
13728,168,random,10,0.7147691082802548,0,1,None,66,1,5,False,1000,1000
13729,169,random,10,0.7144705414012739,0,1,None,66,1,5,False,1000,1000
13730,165,random,10,0.7310907643312102,0,32,None,66,1,5,False,1000,1000
13731,166,random,10,0.7322850318471338,0,32,None,66,1,5,False,1000,1000
13732,167,random,10,0.7327826433121019,0,32,None,66,1,5,False,1000,1000
13733,168,random,10,0.7337778662420382,0,32,None,66,1,5,False,1000,1000
13734,169,random,10,0.7335788216560509,0,32,None,66,1,5,False,1000,1000
13735,165,random,10,0.729796974522293,0,22,None,66,1,5,False,1000,1000
13736,166,random,10,0.7308917197452229,0,22,None,66,1,5,False,1000,1000
13737,167,random,10,0.7317874203821656,0,22,None,66,1,5,False,1000,1000
13738,168,random,10,0.732484076433121,0,22,None,66,1,5,False,1000,1000
13739,169,random,10,0.7325835987261147,0,22,None,66,1,5,False,1000,1000
13740,165,random,10,0.7139729299363057,0,6,None,66,1,5,False,1000,1000
13741,166,random,10,0.7151671974522293,0,6,None,66,1,5,False,1000,1000
13742,167,random,10,0.7151671974522293,0,6,None,66,1,5,False,1000,1000
13743,168,random,10,0.7148686305732485,0,6,None,66,1,5,False,1000,1000
13744,169,random,10,0.714968152866242,0,6,None,66,1,5,False,1000,1000
13745,165,random,10,0.7356687898089171,0,13,None,66,1,5,False,1000,1000
13746,166,random,10,0.7359673566878981,0,13,None,66,1,5,False,1000,1000
13747,167,random,10,0.7360668789808917,0,13,None,66,1,5,False,1000,1000
13748,168,random,10,0.7355692675159236,0,13,None,66,1,5,False,1000,1000
13749,169,random,10,0.7360668789808917,0,13,None,66,1,5,False,1000,1000
13750,165,random,10,0.6884952229299363,0,23,None,66,1,5,False,1000,1000
13751,166,random,10,0.6895899681528662,0,23,None,66,1,5,False,1000,1000
13752,167,random,10,0.6907842356687898,0,23,None,66,1,5,False,1000,1000
13753,168,random,10,0.692078025477707,0,23,None,66,1,5,False,1000,1000
13754,169,random,10,0.6935708598726115,0,23,None,66,1,5,False,1000,1000
13755,165,random,10,0.7490047770700637,0,24,None,66,1,5,False,1000,1000
13756,166,random,10,0.7504976114649682,0,24,None,66,1,5,False,1000,1000
13757,167,random,10,0.7509952229299363,0,24,None,66,1,5,False,1000,1000
13758,168,random,10,0.7516918789808917,0,24,None,66,1,5,False,1000,1000
13759,169,random,10,0.752687101910828,0,24,None,66,1,5,False,1000,1000
13760,165,random,10,0.7330812101910829,0,27,None,66,1,5,False,1000,1000
13761,166,random,10,0.7335788216560509,0,27,None,66,1,5,False,1000,1000
13762,167,random,10,0.7345740445859873,0,27,None,66,1,5,False,1000,1000
13763,168,random,10,0.7353702229299363,0,27,None,66,1,5,False,1000,1000
13764,169,random,10,0.7360668789808917,0,27,None,66,1,5,False,1000,1000
13765,165,random,10,0.7371616242038217,0,19,None,66,1,5,False,1000,1000
13766,166,random,10,0.738953025477707,0,19,None,66,1,5,False,1000,1000
13767,167,random,10,0.7399482484076433,0,19,None,66,1,5,False,1000,1000
13768,168,random,10,0.7422372611464968,0,19,None,66,1,5,False,1000,1000
13769,169,random,10,0.7421377388535032,0,19,None,66,1,5,False,1000,1000
13770,165,random,10,0.744327229299363,0,21,None,66,1,5,False,1000,1000
13771,166,random,10,0.7457205414012739,0,21,None,66,1,5,False,1000,1000
13772,167,random,10,0.7472133757961783,0,21,None,66,1,5,False,1000,1000
13773,168,random,10,0.7491042993630573,0,21,None,66,1,5,False,1000,1000
13774,169,random,10,0.7496019108280255,0,21,None,66,1,5,False,1000,1000
13775,165,random,10,0.7171576433121019,0,16,None,66,1,5,False,1000,1000
13776,166,random,10,0.71765525477707,0,16,None,66,1,5,False,1000,1000
13777,167,random,10,0.7171576433121019,0,16,None,66,1,5,False,1000,1000
13778,168,random,10,0.716859076433121,0,16,None,66,1,5,False,1000,1000
13779,169,random,10,0.7169585987261147,0,16,None,66,1,5,False,1000,1000
13780,165,random,10,0.6803343949044586,0,8,None,66,1,5,False,1000,1000
13781,166,random,10,0.6800358280254777,0,8,None,66,1,5,False,1000,1000
13782,167,random,10,0.6794386942675159,0,8,None,66,1,5,False,1000,1000
13783,168,random,10,0.6795382165605095,0,8,None,66,1,5,False,1000,1000
13784,169,random,10,0.6800358280254777,0,8,None,66,1,5,False,1000,1000
13785,165,random,10,0.6867038216560509,0,2,None,66,1,5,False,1000,1000
13786,166,random,10,0.6884952229299363,0,2,None,66,1,5,False,1000,1000
13787,167,random,10,0.6905851910828026,0,2,None,66,1,5,False,1000,1000
13788,168,random,10,0.6916799363057324,0,2,None,66,1,5,False,1000,1000
13789,169,random,10,0.6927746815286624,0,2,None,66,1,5,False,1000,1000
13790,165,random,10,0.7136743630573248,0,0,None,66,1,5,False,1000,1000
13791,166,random,10,0.7140724522292994,0,0,None,66,1,5,False,1000,1000
13792,167,random,10,0.7140724522292994,0,0,None,66,1,5,False,1000,1000
13793,168,random,10,0.7137738853503185,0,0,None,66,1,5,False,1000,1000
13794,169,random,10,0.713077229299363,0,0,None,66,1,5,False,1000,1000
13795,165,random,10,0.7184514331210191,0,3,None,66,1,5,False,1000,1000
13796,166,random,10,0.7194466560509554,0,3,None,66,1,5,False,1000,1000
13797,167,random,10,0.7195461783439491,0,3,None,66,1,5,False,1000,1000
13798,168,random,10,0.71984474522293,0,3,None,66,1,5,False,1000,1000
13799,169,random,10,0.7204418789808917,0,3,None,66,1,5,False,1000,1000
13800,165,random,10,0.6983479299363057,0,4,None,66,1,5,False,1000,1000
13801,166,random,10,0.7002388535031847,0,4,None,66,1,5,False,1000,1000
13802,167,random,10,0.7018312101910829,0,4,None,66,1,5,False,1000,1000
13803,168,random,10,0.7016321656050956,0,4,None,66,1,5,False,1000,1000
13804,169,random,10,0.7034235668789809,0,4,None,66,1,5,False,1000,1000
13805,165,random,10,0.7173566878980892,0,5,None,66,1,5,False,1000,1000
13806,166,random,10,0.7182523885350318,0,5,None,66,1,5,False,1000,1000
13807,167,random,10,0.7196457006369427,0,5,None,66,1,5,False,1000,1000
13808,168,random,10,0.7204418789808917,0,5,None,66,1,5,False,1000,1000
13809,169,random,10,0.7213375796178344,0,5,None,66,1,5,False,1000,1000
13810,165,random,10,0.7047173566878981,0,7,None,66,1,5,False,1000,1000
13811,166,random,10,0.705015923566879,0,7,None,66,1,5,False,1000,1000
13812,167,random,10,0.7054140127388535,0,7,None,66,1,5,False,1000,1000
13813,168,random,10,0.7064092356687898,0,7,None,66,1,5,False,1000,1000
13814,169,random,10,0.7066082802547771,0,7,None,66,1,5,False,1000,1000
13815,165,random,10,0.7307921974522293,0,9,None,66,1,5,False,1000,1000
13816,166,random,10,0.7328821656050956,0,9,None,66,1,5,False,1000,1000
13817,167,random,10,0.7334792993630573,0,9,None,66,1,5,False,1000,1000
13818,168,random,10,0.7345740445859873,0,9,None,66,1,5,False,1000,1000
13819,169,random,10,0.7352707006369427,0,9,None,66,1,5,False,1000,1000
13820,165,random,10,0.7177547770700637,0,10,None,66,1,5,False,1000,1000
13821,166,random,10,0.7189490445859873,0,10,None,66,1,5,False,1000,1000
13822,167,random,10,0.7197452229299363,0,10,None,66,1,5,False,1000,1000
13823,168,random,10,0.7218351910828026,0,10,None,66,1,5,False,1000,1000
13824,169,random,10,0.7235270700636943,0,10,None,66,1,5,False,1000,1000
13825,165,random,10,0.6847133757961783,0,11,None,66,1,5,False,1000,1000
13826,166,random,10,0.6839171974522293,0,11,None,66,1,5,False,1000,1000
13827,167,random,10,0.6850119426751592,0,11,None,66,1,5,False,1000,1000
13828,168,random,10,0.6861066878980892,0,11,None,66,1,5,False,1000,1000
13829,169,random,10,0.68640525477707,0,11,None,66,1,5,False,1000,1000
13830,165,random,10,0.7390525477707006,0,12,None,66,1,5,False,1000,1000
13831,166,random,10,0.7399482484076433,0,12,None,66,1,5,False,1000,1000
13832,167,random,10,0.741640127388535,0,12,None,66,1,5,False,1000,1000
13833,168,random,10,0.7422372611464968,0,12,None,66,1,5,False,1000,1000
13834,169,random,10,0.7424363057324841,0,12,None,66,1,5,False,1000,1000
13835,165,random,10,0.7283041401273885,0,15,None,66,1,5,False,1000,1000
13836,166,random,10,0.7277070063694268,0,15,None,66,1,5,False,1000,1000
13837,167,random,10,0.7276074840764332,0,15,None,66,1,5,False,1000,1000
13838,168,random,10,0.7276074840764332,0,15,None,66,1,5,False,1000,1000
13839,169,random,10,0.7273089171974523,0,15,None,66,1,5,False,1000,1000
13840,165,random,10,0.7302945859872612,0,17,None,66,1,5,False,1000,1000
13841,166,random,10,0.7310907643312102,0,17,None,66,1,5,False,1000,1000
13842,167,random,10,0.7323845541401274,0,17,None,66,1,5,False,1000,1000
13843,168,random,10,0.7327826433121019,0,17,None,66,1,5,False,1000,1000
13844,169,random,10,0.7333797770700637,0,17,None,66,1,5,False,1000,1000
13845,165,random,10,0.7272093949044586,0,18,None,66,1,5,False,1000,1000
13846,166,random,10,0.7285031847133758,0,18,None,66,1,5,False,1000,1000
13847,167,random,10,0.7288017515923567,0,18,None,66,1,5,False,1000,1000
13848,168,random,10,0.7296974522292994,0,18,None,66,1,5,False,1000,1000
13849,169,random,10,0.7300955414012739,0,18,None,66,1,5,False,1000,1000
13850,165,random,10,0.6996417197452229,0,20,None,66,1,5,False,1000,1000
13851,166,random,10,0.7021297770700637,0,20,None,66,1,5,False,1000,1000
13852,167,random,10,0.7039211783439491,0,20,None,66,1,5,False,1000,1000
13853,168,random,10,0.7064092356687898,0,20,None,66,1,5,False,1000,1000
13854,169,random,10,0.7088972929936306,0,20,None,66,1,5,False,1000,1000
13855,165,random,10,0.573546974522293,0,28,None,66,1,5,False,1000,1000
13856,166,random,10,0.5857882165605095,0,28,None,66,1,5,False,1000,1000
13857,167,random,10,0.5969347133757962,0,28,None,66,1,5,False,1000,1000
13858,168,random,10,0.6060907643312102,0,28,None,66,1,5,False,1000,1000
13859,169,random,10,0.6168391719745223,0,28,None,66,1,5,False,1000,1000
13860,170,random,10,0.7151671974522293,0,1,None,66,1,5,False,1000,1000
13861,171,random,10,0.7156648089171974,0,1,None,66,1,5,False,1000,1000
13862,172,random,10,0.7153662420382165,0,1,None,66,1,5,False,1000,1000
13863,173,random,10,0.7156648089171974,0,1,None,66,1,5,False,1000,1000
13864,174,random,10,0.7155652866242038,0,1,None,66,1,5,False,1000,1000
13865,170,random,10,0.6919785031847133,0,2,None,66,1,5,False,1000,1000
13866,171,random,10,0.693968949044586,0,2,None,66,1,5,False,1000,1000
13867,172,random,10,0.6945660828025477,0,2,None,66,1,5,False,1000,1000
13868,173,random,10,0.6953622611464968,0,2,None,66,1,5,False,1000,1000
13869,174,random,10,0.6967555732484076,0,2,None,66,1,5,False,1000,1000
13870,170,random,10,0.5820063694267515,0,28,None,66,1,5,False,1000,1000
13871,171,random,10,0.5925557324840764,0,28,None,66,1,5,False,1000,1000
13872,172,random,10,0.6025079617834395,0,28,None,66,1,5,False,1000,1000
13873,173,random,10,0.6125597133757962,0,28,None,66,1,5,False,1000,1000
13874,174,random,10,0.6225119426751592,0,28,None,66,1,5,False,1000,1000
13875,170,random,10,0.689390923566879,0,23,None,66,1,5,False,1000,1000
13876,171,random,10,0.6910828025477707,0,23,None,66,1,5,False,1000,1000
13877,172,random,10,0.6922770700636943,0,23,None,66,1,5,False,1000,1000
13878,173,random,10,0.6933718152866242,0,23,None,66,1,5,False,1000,1000
13879,174,random,10,0.6946656050955414,0,23,None,66,1,5,False,1000,1000
13880,170,random,10,0.730593152866242,0,15,None,66,1,5,False,1000,1000
13881,171,random,10,0.7313893312101911,0,15,None,66,1,5,False,1000,1000
13882,172,random,10,0.7310907643312102,0,15,None,66,1,5,False,1000,1000
13883,173,random,10,0.7313893312101911,0,15,None,66,1,5,False,1000,1000
13884,174,random,10,0.7311902866242038,0,15,None,66,1,5,False,1000,1000
13885,170,random,10,0.7235270700636943,0,10,None,66,1,5,False,1000,1000
13886,171,random,10,0.724422770700637,0,10,None,66,1,5,False,1000,1000
13887,172,random,10,0.725218949044586,0,10,None,66,1,5,False,1000,1000
13888,173,random,10,0.7262141719745223,0,10,None,66,1,5,False,1000,1000
13889,174,random,10,0.7273089171974523,0,10,None,66,1,5,False,1000,1000
13890,170,random,10,0.7410429936305732,0,13,None,66,1,5,False,1000,1000
13891,171,random,10,0.7407444267515924,0,13,None,66,1,5,False,1000,1000
13892,172,random,10,0.7401472929936306,0,13,None,66,1,5,False,1000,1000
13893,173,random,10,0.7407444267515924,0,13,None,66,1,5,False,1000,1000
13894,174,random,10,0.7421377388535032,0,13,None,66,1,5,False,1000,1000
13895,170,random,10,0.6881966560509554,0,11,None,66,1,5,False,1000,1000
13896,171,random,10,0.6882961783439491,0,11,None,66,1,5,False,1000,1000
13897,172,random,10,0.6886942675159236,0,11,None,66,1,5,False,1000,1000
13898,173,random,10,0.6894904458598726,0,11,None,66,1,5,False,1000,1000
13899,174,random,10,0.6903861464968153,0,11,None,66,1,5,False,1000,1000
13900,170,random,10,0.7080015923566879,0,20,None,66,1,5,False,1000,1000
13901,171,random,10,0.7101910828025477,0,20,None,66,1,5,False,1000,1000
13902,172,random,10,0.7144705414012739,0,20,None,66,1,5,False,1000,1000
13903,173,random,10,0.7172571656050956,0,20,None,66,1,5,False,1000,1000
13904,174,random,10,0.7191480891719745,0,20,None,66,1,5,False,1000,1000
13905,170,random,10,0.7466162420382165,0,30,None,66,1,5,False,1000,1000
13906,171,random,10,0.7487062101910829,0,30,None,66,1,5,False,1000,1000
13907,172,random,10,0.7501990445859873,0,30,None,66,1,5,False,1000,1000
13908,173,random,10,0.7505971337579618,0,30,None,66,1,5,False,1000,1000
13909,174,random,10,0.75109474522293,0,30,None,66,1,5,False,1000,1000
13910,170,random,10,0.7326831210191083,0,32,None,66,1,5,False,1000,1000
13911,171,random,10,0.7335788216560509,0,32,None,66,1,5,False,1000,1000
13912,172,random,10,0.734375,0,32,None,66,1,5,False,1000,1000
13913,173,random,10,0.7350716560509554,0,32,None,66,1,5,False,1000,1000
13914,174,random,10,0.7352707006369427,0,32,None,66,1,5,False,1000,1000
13915,170,random,10,0.7023288216560509,0,4,None,66,1,5,False,1000,1000
13916,171,random,10,0.7032245222929936,0,4,None,66,1,5,False,1000,1000
13917,172,random,10,0.7049164012738853,0,4,None,66,1,5,False,1000,1000
13918,173,random,10,0.7055135350318471,0,4,None,66,1,5,False,1000,1000
13919,174,random,10,0.7063097133757962,0,4,None,66,1,5,False,1000,1000
13920,170,random,10,0.708797770700637,0,7,None,66,1,5,False,1000,1000
13921,171,random,10,0.7088972929936306,0,7,None,66,1,5,False,1000,1000
13922,172,random,10,0.7088972929936306,0,7,None,66,1,5,False,1000,1000
13923,173,random,10,0.7092953821656051,0,7,None,66,1,5,False,1000,1000
13924,174,random,10,0.7092953821656051,0,7,None,66,1,5,False,1000,1000
13925,170,random,10,0.7179538216560509,0,16,None,66,1,5,False,1000,1000
13926,171,random,10,0.7181528662420382,0,16,None,66,1,5,False,1000,1000
13927,172,random,10,0.7180533439490446,0,16,None,66,1,5,False,1000,1000
13928,173,random,10,0.7175557324840764,0,16,None,66,1,5,False,1000,1000
13929,174,random,10,0.7169585987261147,0,16,None,66,1,5,False,1000,1000
13930,170,random,10,0.7059116242038217,0,14,None,66,1,5,False,1000,1000
13931,171,random,10,0.7099920382165605,0,14,None,66,1,5,False,1000,1000
13932,172,random,10,0.7096934713375797,0,14,None,66,1,5,False,1000,1000
13933,173,random,10,0.7124800955414012,0,14,None,66,1,5,False,1000,1000
13934,174,random,10,0.7139729299363057,0,14,None,66,1,5,False,1000,1000
13935,170,random,10,0.7334792993630573,0,22,None,66,1,5,False,1000,1000
13936,171,random,10,0.7342754777070064,0,22,None,66,1,5,False,1000,1000
13937,172,random,10,0.7357683121019108,0,22,None,66,1,5,False,1000,1000
13938,173,random,10,0.7366640127388535,0,22,None,66,1,5,False,1000,1000
13939,174,random,10,0.7378582802547771,0,22,None,66,1,5,False,1000,1000
13940,170,random,10,0.7119824840764332,0,25,None,66,1,5,False,1000,1000
13941,171,random,10,0.7147691082802548,0,25,None,66,1,5,False,1000,1000
13942,172,random,10,0.7173566878980892,0,25,None,66,1,5,False,1000,1000
13943,173,random,10,0.7191480891719745,0,25,None,66,1,5,False,1000,1000
13944,174,random,10,0.7203423566878981,0,25,None,66,1,5,False,1000,1000
13945,170,random,10,0.7303941082802548,0,26,None,66,1,5,False,1000,1000
13946,171,random,10,0.7307921974522293,0,26,None,66,1,5,False,1000,1000
13947,172,random,10,0.7309912420382165,0,26,None,66,1,5,False,1000,1000
13948,173,random,10,0.7308917197452229,0,26,None,66,1,5,False,1000,1000
13949,174,random,10,0.7313893312101911,0,26,None,66,1,5,False,1000,1000
13950,170,random,10,0.7434315286624203,0,12,None,66,1,5,False,1000,1000
13951,171,random,10,0.7440286624203821,0,12,None,66,1,5,False,1000,1000
13952,172,random,10,0.7444267515923567,0,12,None,66,1,5,False,1000,1000
13953,173,random,10,0.7451234076433121,0,12,None,66,1,5,False,1000,1000
13954,174,random,10,0.7458200636942676,0,12,None,66,1,5,False,1000,1000
13955,170,random,10,0.7348726114649682,0,17,None,66,1,5,False,1000,1000
13956,171,random,10,0.7341759554140127,0,17,None,66,1,5,False,1000,1000
13957,172,random,10,0.7342754777070064,0,17,None,66,1,5,False,1000,1000
13958,173,random,10,0.7344745222929936,0,17,None,66,1,5,False,1000,1000
13959,174,random,10,0.7351711783439491,0,17,None,66,1,5,False,1000,1000
13960,170,random,10,0.7524880573248408,0,24,None,66,1,5,False,1000,1000
13961,171,random,10,0.7530851910828026,0,24,None,66,1,5,False,1000,1000
13962,172,random,10,0.7540804140127388,0,24,None,66,1,5,False,1000,1000
13963,173,random,10,0.7552746815286624,0,24,None,66,1,5,False,1000,1000
13964,174,random,10,0.7557722929936306,0,24,None,66,1,5,False,1000,1000
13965,170,random,10,0.7222332802547771,0,5,None,66,1,5,False,1000,1000
13966,171,random,10,0.7230294585987261,0,5,None,66,1,5,False,1000,1000
13967,172,random,10,0.7242237261146497,0,5,None,66,1,5,False,1000,1000
13968,173,random,10,0.7243232484076433,0,5,None,66,1,5,False,1000,1000
13969,174,random,10,0.7251194267515924,0,5,None,66,1,5,False,1000,1000
13970,170,random,10,0.723328025477707,0,3,None,66,1,5,False,1000,1000
13971,171,random,10,0.7222332802547771,0,3,None,66,1,5,False,1000,1000
13972,172,random,10,0.7226313694267515,0,3,None,66,1,5,False,1000,1000
13973,173,random,10,0.723328025477707,0,3,None,66,1,5,False,1000,1000
13974,174,random,10,0.7234275477707006,0,3,None,66,1,5,False,1000,1000
13975,170,random,10,0.7183519108280255,0,6,None,66,1,5,False,1000,1000
13976,171,random,10,0.7196457006369427,0,6,None,66,1,5,False,1000,1000
13977,172,random,10,0.7200437898089171,0,6,None,66,1,5,False,1000,1000
13978,173,random,10,0.7207404458598726,0,6,None,66,1,5,False,1000,1000
13979,174,random,10,0.721437101910828,0,6,None,66,1,5,False,1000,1000
13980,170,random,10,0.7351711783439491,0,9,None,66,1,5,False,1000,1000
13981,171,random,10,0.7358678343949044,0,9,None,66,1,5,False,1000,1000
13982,172,random,10,0.7368630573248408,0,9,None,66,1,5,False,1000,1000
13983,173,random,10,0.7380573248407644,0,9,None,66,1,5,False,1000,1000
13984,174,random,10,0.7392515923566879,0,9,None,66,1,5,False,1000,1000
13985,170,random,10,0.7313893312101911,0,29,None,66,1,5,False,1000,1000
13986,171,random,10,0.7331807324840764,0,29,None,66,1,5,False,1000,1000
13987,172,random,10,0.7329816878980892,0,29,None,66,1,5,False,1000,1000
13988,173,random,10,0.7320859872611465,0,29,None,66,1,5,False,1000,1000
13989,174,random,10,0.732484076433121,0,29,None,66,1,5,False,1000,1000
13990,170,random,10,0.7154657643312102,0,0,None,66,1,5,False,1000,1000
13991,171,random,10,0.7159633757961783,0,0,None,66,1,5,False,1000,1000
13992,172,random,10,0.716062898089172,0,0,None,66,1,5,False,1000,1000
13993,173,random,10,0.7151671974522293,0,0,None,66,1,5,False,1000,1000
13994,174,random,10,0.7151671974522293,0,0,None,66,1,5,False,1000,1000
13995,175,random,10,0.7339769108280255,0,26,None,66,1,5,False,1000,1000
13996,176,random,10,0.7344745222929936,0,26,None,66,1,5,False,1000,1000
13997,177,random,10,0.736265923566879,0,26,None,66,1,5,False,1000,1000
13998,178,random,10,0.7363654458598726,0,26,None,66,1,5,False,1000,1000
13999,179,random,10,0.7368630573248408,0,26,None,66,1,5,False,1000,1000
14000,170,random,10,0.738953025477707,0,19,None,66,1,5,False,1000,1000
14001,171,random,10,0.7399482484076433,0,19,None,66,1,5,False,1000,1000
14002,172,random,10,0.7421377388535032,0,19,None,66,1,5,False,1000,1000
14003,173,random,10,0.7434315286624203,0,19,None,66,1,5,False,1000,1000
14004,174,random,10,0.7444267515923567,0,19,None,66,1,5,False,1000,1000
14005,170,random,10,0.6792396496815286,0,8,None,66,1,5,False,1000,1000
14006,171,random,10,0.6799363057324841,0,8,None,66,1,5,False,1000,1000
14007,172,random,10,0.6799363057324841,0,8,None,66,1,5,False,1000,1000
14008,173,random,10,0.6805334394904459,0,8,None,66,1,5,False,1000,1000
14009,174,random,10,0.681031050955414,0,8,None,66,1,5,False,1000,1000
14010,170,random,10,0.7449243630573248,0,21,None,66,1,5,False,1000,1000
14011,171,random,10,0.7459195859872612,0,21,None,66,1,5,False,1000,1000
14012,172,random,10,0.7476114649681529,0,21,None,66,1,5,False,1000,1000
14013,173,random,10,0.748109076433121,0,21,None,66,1,5,False,1000,1000
14014,174,random,10,0.7491042993630573,0,21,None,66,1,5,False,1000,1000
14015,170,random,10,0.7309912420382165,0,18,None,66,1,5,False,1000,1000
14016,171,random,10,0.7308917197452229,0,18,None,66,1,5,False,1000,1000
14017,172,random,10,0.7319864649681529,0,18,None,66,1,5,False,1000,1000
14018,173,random,10,0.7314888535031847,0,18,None,66,1,5,False,1000,1000
14019,174,random,10,0.7325835987261147,0,18,None,66,1,5,False,1000,1000
14020,170,random,10,0.7360668789808917,0,27,None,66,1,5,False,1000,1000
14021,171,random,10,0.7365644904458599,0,27,None,66,1,5,False,1000,1000
14022,172,random,10,0.7369625796178344,0,27,None,66,1,5,False,1000,1000
14023,173,random,10,0.737062101910828,0,27,None,66,1,5,False,1000,1000
14024,174,random,10,0.7371616242038217,0,27,None,66,1,5,False,1000,1000
14025,170,random,10,0.7258160828025477,0,31,None,66,1,5,False,1000,1000
14026,171,random,10,0.7269108280254777,0,31,None,66,1,5,False,1000,1000
14027,172,random,10,0.7281050955414012,0,31,None,66,1,5,False,1000,1000
14028,173,random,10,0.7288017515923567,0,31,None,66,1,5,False,1000,1000
14029,174,random,10,0.7289012738853503,0,31,None,66,1,5,False,1000,1000
14030,175,random,10,0.7379578025477707,0,22,None,66,1,5,False,1000,1000
14031,176,random,10,0.7385549363057324,0,22,None,66,1,5,False,1000,1000
14032,177,random,10,0.7387539808917197,0,22,None,66,1,5,False,1000,1000
14033,178,random,10,0.7403463375796179,0,22,None,66,1,5,False,1000,1000
14034,179,random,10,0.7413415605095541,0,22,None,66,1,5,False,1000,1000
14035,175,random,10,0.7342754777070064,0,32,None,66,1,5,False,1000,1000
14036,176,random,10,0.7351711783439491,0,32,None,66,1,5,False,1000,1000
14037,177,random,10,0.736265923566879,0,32,None,66,1,5,False,1000,1000
14038,178,random,10,0.736265923566879,0,32,None,66,1,5,False,1000,1000
14039,179,random,10,0.7364649681528662,0,32,None,66,1,5,False,1000,1000
14040,175,random,10,0.7100915605095541,0,14,None,66,1,5,False,1000,1000
14041,176,random,10,0.7132762738853503,0,14,None,66,1,5,False,1000,1000
14042,177,random,10,0.7150676751592356,0,14,None,66,1,5,False,1000,1000
14043,178,random,10,0.7173566878980892,0,14,None,66,1,5,False,1000,1000
14044,179,random,10,0.7193471337579618,0,14,None,66,1,5,False,1000,1000
14045,175,random,10,0.7172571656050956,0,25,None,66,1,5,False,1000,1000
14046,176,random,10,0.71875,0,25,None,66,1,5,False,1000,1000
14047,177,random,10,0.720640923566879,0,25,None,66,1,5,False,1000,1000
14048,178,random,10,0.7223328025477707,0,25,None,66,1,5,False,1000,1000
14049,179,random,10,0.7230294585987261,0,25,None,66,1,5,False,1000,1000
14050,175,random,10,0.7191480891719745,0,16,None,66,1,5,False,1000,1000
14051,176,random,10,0.7188495222929936,0,16,None,66,1,5,False,1000,1000
14052,177,random,10,0.7189490445859873,0,16,None,66,1,5,False,1000,1000
14053,178,random,10,0.7182523885350318,0,16,None,66,1,5,False,1000,1000
14054,179,random,10,0.7179538216560509,0,16,None,66,1,5,False,1000,1000
14055,175,random,10,0.7133757961783439,0,7,None,66,1,5,False,1000,1000
14056,176,random,10,0.7137738853503185,0,7,None,66,1,5,False,1000,1000
14057,177,random,10,0.7138734076433121,0,7,None,66,1,5,False,1000,1000
14058,178,random,10,0.7143710191082803,0,7,None,66,1,5,False,1000,1000
14059,179,random,10,0.7143710191082803,0,7,None,66,1,5,False,1000,1000
14060,175,random,10,0.7267117834394905,0,10,None,66,1,5,False,1000,1000
14061,176,random,10,0.7273089171974523,0,10,None,66,1,5,False,1000,1000
14062,177,random,10,0.7276074840764332,0,10,None,66,1,5,False,1000,1000
14063,178,random,10,0.729796974522293,0,10,None,66,1,5,False,1000,1000
14064,179,random,10,0.7309912420382165,0,10,None,66,1,5,False,1000,1000
14065,175,random,10,0.6914808917197452,0,11,None,66,1,5,False,1000,1000
14066,176,random,10,0.6909832802547771,0,11,None,66,1,5,False,1000,1000
14067,177,random,10,0.6909832802547771,0,11,None,66,1,5,False,1000,1000
14068,178,random,10,0.6909832802547771,0,11,None,66,1,5,False,1000,1000
14069,179,random,10,0.692078025477707,0,11,None,66,1,5,False,1000,1000
14070,175,random,10,0.7463176751592356,0,12,None,66,1,5,False,1000,1000
14071,176,random,10,0.7460191082802548,0,12,None,66,1,5,False,1000,1000
14072,177,random,10,0.7471138535031847,0,12,None,66,1,5,False,1000,1000
14073,178,random,10,0.7478105095541401,0,12,None,66,1,5,False,1000,1000
14074,179,random,10,0.7482085987261147,0,12,None,66,1,5,False,1000,1000
14075,175,random,10,0.736265923566879,0,15,None,66,1,5,False,1000,1000
14076,176,random,10,0.7366640127388535,0,15,None,66,1,5,False,1000,1000
14077,177,random,10,0.7366640127388535,0,15,None,66,1,5,False,1000,1000
14078,178,random,10,0.7364649681528662,0,15,None,66,1,5,False,1000,1000
14079,179,random,10,0.7365644904458599,0,15,None,66,1,5,False,1000,1000
14080,175,random,10,0.7376592356687898,0,17,None,66,1,5,False,1000,1000
14081,176,random,10,0.7384554140127388,0,17,None,66,1,5,False,1000,1000
14082,177,random,10,0.738953025477707,0,17,None,66,1,5,False,1000,1000
14083,178,random,10,0.7395501592356688,0,17,None,66,1,5,False,1000,1000
14084,179,random,10,0.740047770700637,0,17,None,66,1,5,False,1000,1000
14085,175,random,10,0.7336783439490446,0,18,None,66,1,5,False,1000,1000
14086,176,random,10,0.7342754777070064,0,18,None,66,1,5,False,1000,1000
14087,177,random,10,0.7341759554140127,0,18,None,66,1,5,False,1000,1000
14088,178,random,10,0.7346735668789809,0,18,None,66,1,5,False,1000,1000
14089,179,random,10,0.73546974522293,0,18,None,66,1,5,False,1000,1000
14090,175,random,10,0.7096934713375797,0,20,None,66,1,5,False,1000,1000
14091,176,random,10,0.7135748407643312,0,20,None,66,1,5,False,1000,1000
14092,177,random,10,0.7162619426751592,0,20,None,66,1,5,False,1000,1000
14093,178,random,10,0.7204418789808917,0,20,None,66,1,5,False,1000,1000
14094,179,random,10,0.7220342356687898,0,20,None,66,1,5,False,1000,1000
14095,175,random,10,0.5841958598726115,0,28,None,66,1,5,False,1000,1000
14096,176,random,10,0.5959394904458599,0,28,None,66,1,5,False,1000,1000
14097,177,random,10,0.6088773885350318,0,28,None,66,1,5,False,1000,1000
14098,178,random,10,0.6192277070063694,0,28,None,66,1,5,False,1000,1000
14099,179,random,10,0.6300756369426752,0,28,None,66,1,5,False,1000,1000
14100,175,random,10,0.6798367834394905,0,8,None,66,1,5,False,1000,1000
14101,176,random,10,0.6806329617834395,0,8,None,66,1,5,False,1000,1000
14102,177,random,10,0.681031050955414,0,8,None,66,1,5,False,1000,1000
14103,178,random,10,0.6817277070063694,0,8,None,66,1,5,False,1000,1000
14104,179,random,10,0.6826234076433121,0,8,None,66,1,5,False,1000,1000
14105,175,random,10,0.7253184713375797,0,3,None,66,1,5,False,1000,1000
14106,176,random,10,0.7249203821656051,0,3,None,66,1,5,False,1000,1000
14107,177,random,10,0.7246218152866242,0,3,None,66,1,5,False,1000,1000
14108,178,random,10,0.7250199044585988,0,3,None,66,1,5,False,1000,1000
14109,179,random,10,0.7261146496815286,0,3,None,66,1,5,False,1000,1000
14110,175,random,10,0.7415406050955414,0,19,None,66,1,5,False,1000,1000
14111,176,random,10,0.7423367834394905,0,19,None,66,1,5,False,1000,1000
14112,177,random,10,0.7447253184713376,0,19,None,66,1,5,False,1000,1000
14113,178,random,10,0.7460191082802548,0,19,None,66,1,5,False,1000,1000
14114,179,random,10,0.7468152866242038,0,19,None,66,1,5,False,1000,1000
14115,175,random,10,0.7487062101910829,0,21,None,66,1,5,False,1000,1000
14116,176,random,10,0.7495023885350318,0,21,None,66,1,5,False,1000,1000
14117,177,random,10,0.7504976114649682,0,21,None,66,1,5,False,1000,1000
14118,178,random,10,0.75109474522293,0,21,None,66,1,5,False,1000,1000
14119,179,random,10,0.7521894904458599,0,21,None,66,1,5,False,1000,1000
14120,175,random,10,0.7162619426751592,0,1,None,66,1,5,False,1000,1000
14121,176,random,10,0.7175557324840764,0,1,None,66,1,5,False,1000,1000
14122,177,random,10,0.7170581210191083,0,1,None,66,1,5,False,1000,1000
14123,178,random,10,0.7172571656050956,0,1,None,66,1,5,False,1000,1000
14124,179,random,10,0.7175557324840764,0,1,None,66,1,5,False,1000,1000
14125,175,random,10,0.6964570063694268,0,2,None,66,1,5,False,1000,1000
14126,176,random,10,0.6973527070063694,0,2,None,66,1,5,False,1000,1000
14127,177,random,10,0.6986464968152867,0,2,None,66,1,5,False,1000,1000
14128,178,random,10,0.7000398089171974,0,2,None,66,1,5,False,1000,1000
14129,179,random,10,0.701234076433121,0,2,None,66,1,5,False,1000,1000
14130,175,random,10,0.723328025477707,0,5,None,66,1,5,False,1000,1000
14131,176,random,10,0.7245222929936306,0,5,None,66,1,5,False,1000,1000
14132,177,random,10,0.7247213375796179,0,5,None,66,1,5,False,1000,1000
14133,178,random,10,0.725218949044586,0,5,None,66,1,5,False,1000,1000
14134,179,random,10,0.7265127388535032,0,5,None,66,1,5,False,1000,1000
14135,175,random,10,0.7054140127388535,0,4,None,66,1,5,False,1000,1000
14136,176,random,10,0.7071058917197452,0,4,None,66,1,5,False,1000,1000
14137,177,random,10,0.707703025477707,0,4,None,66,1,5,False,1000,1000
14138,178,random,10,0.7093949044585988,0,4,None,66,1,5,False,1000,1000
14139,179,random,10,0.7092953821656051,0,4,None,66,1,5,False,1000,1000
14140,175,random,10,0.7442277070063694,0,13,None,66,1,5,False,1000,1000
14141,176,random,10,0.7445262738853503,0,13,None,66,1,5,False,1000,1000
14142,177,random,10,0.7446257961783439,0,13,None,66,1,5,False,1000,1000
14143,178,random,10,0.745421974522293,0,13,None,66,1,5,False,1000,1000
14144,179,random,10,0.7460191082802548,0,13,None,66,1,5,False,1000,1000
14145,175,random,10,0.7391520700636943,0,9,None,66,1,5,False,1000,1000
14146,176,random,10,0.7395501592356688,0,9,None,66,1,5,False,1000,1000
14147,177,random,10,0.7409434713375797,0,9,None,66,1,5,False,1000,1000
14148,178,random,10,0.7419386942675159,0,9,None,66,1,5,False,1000,1000
14149,179,random,10,0.7436305732484076,0,9,None,66,1,5,False,1000,1000
14150,175,random,10,0.6922770700636943,0,23,None,66,1,5,False,1000,1000
14151,176,random,10,0.6941679936305732,0,23,None,66,1,5,False,1000,1000
14152,177,random,10,0.6945660828025477,0,23,None,66,1,5,False,1000,1000
14153,178,random,10,0.6951632165605095,0,23,None,66,1,5,False,1000,1000
14154,179,random,10,0.6963574840764332,0,23,None,66,1,5,False,1000,1000
14155,175,random,10,0.7361664012738853,0,29,None,66,1,5,False,1000,1000
14156,176,random,10,0.7366640127388535,0,29,None,66,1,5,False,1000,1000
14157,177,random,10,0.7357683121019108,0,29,None,66,1,5,False,1000,1000
14158,178,random,10,0.7355692675159236,0,29,None,66,1,5,False,1000,1000
14159,179,random,10,0.7353702229299363,0,29,None,66,1,5,False,1000,1000
14160,175,random,10,0.7550756369426752,0,24,None,66,1,5,False,1000,1000
14161,176,random,10,0.7555732484076433,0,24,None,66,1,5,False,1000,1000
14162,177,random,10,0.7571656050955414,0,24,None,66,1,5,False,1000,1000
14163,178,random,10,0.758359872611465,0,24,None,66,1,5,False,1000,1000
14164,179,random,10,0.7588574840764332,0,24,None,66,1,5,False,1000,1000
14165,175,random,10,0.7300955414012739,0,31,None,66,1,5,False,1000,1000
14166,176,random,10,0.7308917197452229,0,31,None,66,1,5,False,1000,1000
14167,177,random,10,0.7311902866242038,0,31,None,66,1,5,False,1000,1000
14168,178,random,10,0.7320859872611465,0,31,None,66,1,5,False,1000,1000
14169,179,random,10,0.7328821656050956,0,31,None,66,1,5,False,1000,1000
14170,175,random,10,0.71765525477707,0,0,None,66,1,5,False,1000,1000
14171,176,random,10,0.7174562101910829,0,0,None,66,1,5,False,1000,1000
14172,177,random,10,0.7170581210191083,0,0,None,66,1,5,False,1000,1000
14173,178,random,10,0.7167595541401274,0,0,None,66,1,5,False,1000,1000
14174,179,random,10,0.716859076433121,0,0,None,66,1,5,False,1000,1000
14175,175,random,10,0.7220342356687898,0,6,None,66,1,5,False,1000,1000
14176,176,random,10,0.7230294585987261,0,6,None,66,1,5,False,1000,1000
14177,177,random,10,0.7236265923566879,0,6,None,66,1,5,False,1000,1000
14178,178,random,10,0.7235270700636943,0,6,None,66,1,5,False,1000,1000
14179,179,random,10,0.7241242038216561,0,6,None,66,1,5,False,1000,1000
14180,175,random,10,0.7377587579617835,0,27,None,66,1,5,False,1000,1000
14181,176,random,10,0.7380573248407644,0,27,None,66,1,5,False,1000,1000
14182,177,random,10,0.7392515923566879,0,27,None,66,1,5,False,1000,1000
14183,178,random,10,0.7398487261146497,0,27,None,66,1,5,False,1000,1000
14184,179,random,10,0.7397492038216561,0,27,None,66,1,5,False,1000,1000
14185,175,random,10,0.7514928343949044,0,30,None,66,1,5,False,1000,1000
14186,176,random,10,0.7514928343949044,0,30,None,66,1,5,False,1000,1000
14187,177,random,10,0.7523885350318471,0,30,None,66,1,5,False,1000,1000
14188,178,random,10,0.7533837579617835,0,30,None,66,1,5,False,1000,1000
14189,179,random,10,0.7531847133757962,0,30,None,66,1,5,False,1000,1000
16005,180,random,10,0.7169585987261147,0,1,None,66,1,5,False,1000,1000
16006,181,random,10,0.7175557324840764,0,1,None,66,1,5,False,1000,1000
16007,182,random,10,0.71765525477707,0,1,None,66,1,5,False,1000,1000
16008,183,random,10,0.7175557324840764,0,1,None,66,1,5,False,1000,1000
16009,184,random,10,0.7177547770700637,0,1,None,66,1,5,False,1000,1000
16010,180,random,10,0.7493033439490446,0,13,None,66,1,5,False,1000,1000
16011,181,random,10,0.7501990445859873,0,13,None,66,1,5,False,1000,1000
16012,182,random,10,0.7499004777070064,0,13,None,66,1,5,False,1000,1000
16013,183,random,10,0.7505971337579618,0,13,None,66,1,5,False,1000,1000
16014,184,random,10,0.7503980891719745,0,13,None,66,1,5,False,1000,1000
16015,180,random,10,0.7193471337579618,0,16,None,66,1,5,False,1000,1000
16016,181,random,10,0.7197452229299363,0,16,None,66,1,5,False,1000,1000
16017,182,random,10,0.71984474522293,0,16,None,66,1,5,False,1000,1000
16018,183,random,10,0.7194466560509554,0,16,None,66,1,5,False,1000,1000
16019,184,random,10,0.7196457006369427,0,16,None,66,1,5,False,1000,1000
16020,180,random,10,0.6815286624203821,0,8,None,66,1,5,False,1000,1000
16021,181,random,10,0.6820262738853503,0,8,None,66,1,5,False,1000,1000
16022,182,random,10,0.6825238853503185,0,8,None,66,1,5,False,1000,1000
16023,183,random,10,0.6836186305732485,0,8,None,66,1,5,False,1000,1000
16024,184,random,10,0.6836186305732485,0,8,None,66,1,5,False,1000,1000
16025,180,random,10,0.7433320063694268,0,19,None,66,1,5,False,1000,1000
16026,181,random,10,0.744327229299363,0,19,None,66,1,5,False,1000,1000
16027,182,random,10,0.7468152866242038,0,19,None,66,1,5,False,1000,1000
16028,183,random,10,0.7478105095541401,0,19,None,66,1,5,False,1000,1000
16029,184,random,10,0.7484076433121019,0,19,None,66,1,5,False,1000,1000
16030,180,random,10,0.7413415605095541,0,22,None,66,1,5,False,1000,1000
16031,181,random,10,0.7424363057324841,0,22,None,66,1,5,False,1000,1000
16032,182,random,10,0.7429339171974523,0,22,None,66,1,5,False,1000,1000
16033,183,random,10,0.743531050955414,0,22,None,66,1,5,False,1000,1000
16034,184,random,10,0.7446257961783439,0,22,None,66,1,5,False,1000,1000
16035,180,random,10,0.7146695859872612,0,14,None,66,1,5,False,1000,1000
16036,181,random,10,0.71765525477707,0,14,None,66,1,5,False,1000,1000
16037,182,random,10,0.7196457006369427,0,14,None,66,1,5,False,1000,1000
16038,183,random,10,0.7226313694267515,0,14,None,66,1,5,False,1000,1000
16039,184,random,10,0.7236265923566879,0,14,None,66,1,5,False,1000,1000
16040,180,random,10,0.6945660828025477,0,23,None,66,1,5,False,1000,1000
16041,181,random,10,0.6959593949044586,0,23,None,66,1,5,False,1000,1000
16042,182,random,10,0.6973527070063694,0,23,None,66,1,5,False,1000,1000
16043,183,random,10,0.6979498407643312,0,23,None,66,1,5,False,1000,1000
16044,184,random,10,0.6997412420382165,0,23,None,66,1,5,False,1000,1000
16045,180,random,10,0.7207404458598726,0,25,None,66,1,5,False,1000,1000
16046,181,random,10,0.723328025477707,0,25,None,66,1,5,False,1000,1000
16047,182,random,10,0.7242237261146497,0,25,None,66,1,5,False,1000,1000
16048,183,random,10,0.7257165605095541,0,25,None,66,1,5,False,1000,1000
16049,184,random,10,0.7267117834394905,0,25,None,66,1,5,False,1000,1000
16050,180,random,10,0.7387539808917197,0,29,None,66,1,5,False,1000,1000
16051,181,random,10,0.738156847133758,0,29,None,66,1,5,False,1000,1000
16052,182,random,10,0.7390525477707006,0,29,None,66,1,5,False,1000,1000
16053,183,random,10,0.7392515923566879,0,29,None,66,1,5,False,1000,1000
16054,184,random,10,0.7388535031847133,0,29,None,66,1,5,False,1000,1000
16055,180,random,10,0.753781847133758,0,30,None,66,1,5,False,1000,1000
16056,181,random,10,0.7543789808917197,0,30,None,66,1,5,False,1000,1000
16057,182,random,10,0.7551751592356688,0,30,None,66,1,5,False,1000,1000
16058,183,random,10,0.7554737261146497,0,30,None,66,1,5,False,1000,1000
16059,184,random,10,0.7555732484076433,0,30,None,66,1,5,False,1000,1000
16060,180,random,10,0.7331807324840764,0,31,None,66,1,5,False,1000,1000
16061,181,random,10,0.73328025477707,0,31,None,66,1,5,False,1000,1000
16062,182,random,10,0.7330812101910829,0,31,None,66,1,5,False,1000,1000
16063,183,random,10,0.7337778662420382,0,31,None,66,1,5,False,1000,1000
16064,184,random,10,0.7358678343949044,0,31,None,66,1,5,False,1000,1000
16065,180,random,10,0.7371616242038217,0,32,None,66,1,5,False,1000,1000
16066,181,random,10,0.7380573248407644,0,32,None,66,1,5,False,1000,1000
16067,182,random,10,0.7385549363057324,0,32,None,66,1,5,False,1000,1000
16068,183,random,10,0.7398487261146497,0,32,None,66,1,5,False,1000,1000
16069,184,random,10,0.7404458598726115,0,32,None,66,1,5,False,1000,1000
16070,180,random,10,0.7007364649681529,0,2,None,66,1,5,False,1000,1000
16071,181,random,10,0.7021297770700637,0,2,None,66,1,5,False,1000,1000
16072,182,random,10,0.7033240445859873,0,2,None,66,1,5,False,1000,1000
16073,183,random,10,0.7035230891719745,0,2,None,66,1,5,False,1000,1000
16074,184,random,10,0.7041202229299363,0,2,None,66,1,5,False,1000,1000
16075,180,random,10,0.7186504777070064,0,0,None,66,1,5,False,1000,1000
16076,181,random,10,0.7180533439490446,0,0,None,66,1,5,False,1000,1000
16077,182,random,10,0.7177547770700637,0,0,None,66,1,5,False,1000,1000
16078,183,random,10,0.7183519108280255,0,0,None,66,1,5,False,1000,1000
16079,184,random,10,0.7186504777070064,0,0,None,66,1,5,False,1000,1000
16080,180,random,10,0.7268113057324841,0,3,None,66,1,5,False,1000,1000
16081,181,random,10,0.7268113057324841,0,3,None,66,1,5,False,1000,1000
16082,182,random,10,0.7273089171974523,0,3,None,66,1,5,False,1000,1000
16083,183,random,10,0.727109872611465,0,3,None,66,1,5,False,1000,1000
16084,184,random,10,0.727906050955414,0,3,None,66,1,5,False,1000,1000
16085,180,random,10,0.7266122611464968,0,5,None,66,1,5,False,1000,1000
16086,181,random,10,0.727906050955414,0,5,None,66,1,5,False,1000,1000
16087,182,random,10,0.7284036624203821,0,5,None,66,1,5,False,1000,1000
16088,183,random,10,0.7288017515923567,0,5,None,66,1,5,False,1000,1000
16089,184,random,10,0.7298964968152867,0,5,None,66,1,5,False,1000,1000
16090,180,random,10,0.7088972929936306,0,4,None,66,1,5,False,1000,1000
16091,181,random,10,0.7107882165605095,0,4,None,66,1,5,False,1000,1000
16092,182,random,10,0.711484872611465,0,4,None,66,1,5,False,1000,1000
16093,183,random,10,0.7131767515923567,0,4,None,66,1,5,False,1000,1000
16094,184,random,10,0.7140724522292994,0,4,None,66,1,5,False,1000,1000
16095,180,random,10,0.7174562101910829,0,7,None,66,1,5,False,1000,1000
16096,181,random,10,0.7178542993630573,0,7,None,66,1,5,False,1000,1000
16097,182,random,10,0.7180533439490446,0,7,None,66,1,5,False,1000,1000
16098,183,random,10,0.7183519108280255,0,7,None,66,1,5,False,1000,1000
16099,184,random,10,0.7188495222929936,0,7,None,66,1,5,False,1000,1000
16100,180,random,10,0.7441281847133758,0,9,None,66,1,5,False,1000,1000
16101,181,random,10,0.7457205414012739,0,9,None,66,1,5,False,1000,1000
16102,182,random,10,0.7461186305732485,0,9,None,66,1,5,False,1000,1000
16103,183,random,10,0.7474124203821656,0,9,None,66,1,5,False,1000,1000
16104,184,random,10,0.747312898089172,0,9,None,66,1,5,False,1000,1000
16105,180,random,10,0.7300955414012739,0,10,None,66,1,5,False,1000,1000
16106,181,random,10,0.7311902866242038,0,10,None,66,1,5,False,1000,1000
16107,182,random,10,0.731687898089172,0,10,None,66,1,5,False,1000,1000
16108,183,random,10,0.7326831210191083,0,10,None,66,1,5,False,1000,1000
16109,184,random,10,0.7342754777070064,0,10,None,66,1,5,False,1000,1000
16110,180,random,10,0.6945660828025477,0,11,None,66,1,5,False,1000,1000
16111,181,random,10,0.6934713375796179,0,11,None,66,1,5,False,1000,1000
16112,182,random,10,0.6936703821656051,0,11,None,66,1,5,False,1000,1000
16113,183,random,10,0.6934713375796179,0,11,None,66,1,5,False,1000,1000
16114,184,random,10,0.6945660828025477,0,11,None,66,1,5,False,1000,1000
16115,180,random,10,0.7405453821656051,0,15,None,66,1,5,False,1000,1000
16116,181,random,10,0.7404458598726115,0,15,None,66,1,5,False,1000,1000
16117,182,random,10,0.7407444267515924,0,15,None,66,1,5,False,1000,1000
16118,183,random,10,0.7414410828025477,0,15,None,66,1,5,False,1000,1000
16119,184,random,10,0.7412420382165605,0,15,None,66,1,5,False,1000,1000
16120,180,random,10,0.7352707006369427,0,18,None,66,1,5,False,1000,1000
16121,181,random,10,0.7355692675159236,0,18,None,66,1,5,False,1000,1000
16122,182,random,10,0.7368630573248408,0,18,None,66,1,5,False,1000,1000
16123,183,random,10,0.737062101910828,0,18,None,66,1,5,False,1000,1000
16124,184,random,10,0.7377587579617835,0,18,None,66,1,5,False,1000,1000
16125,180,random,10,0.7142714968152867,0,20,None,66,1,5,False,1000,1000
16126,181,random,10,0.7171576433121019,0,20,None,66,1,5,False,1000,1000
16127,182,random,10,0.7204418789808917,0,20,None,66,1,5,False,1000,1000
16128,183,random,10,0.7243232484076433,0,20,None,66,1,5,False,1000,1000
16129,184,random,10,0.7278065286624203,0,20,None,66,1,5,False,1000,1000
16130,180,random,10,0.5877786624203821,0,28,None,66,1,5,False,1000,1000
16131,181,random,10,0.6008160828025477,0,28,None,66,1,5,False,1000,1000
16132,182,random,10,0.613953025477707,0,28,None,66,1,5,False,1000,1000
16133,183,random,10,0.6241042993630573,0,28,None,66,1,5,False,1000,1000
16134,184,random,10,0.6357484076433121,0,28,None,66,1,5,False,1000,1000
16135,180,random,10,0.7403463375796179,0,17,None,66,1,5,False,1000,1000
16136,181,random,10,0.7407444267515924,0,17,None,66,1,5,False,1000,1000
16137,182,random,10,0.7418391719745223,0,17,None,66,1,5,False,1000,1000
16138,183,random,10,0.7424363057324841,0,17,None,66,1,5,False,1000,1000
16139,184,random,10,0.7423367834394905,0,17,None,66,1,5,False,1000,1000
16140,180,random,10,0.7531847133757962,0,21,None,66,1,5,False,1000,1000
16141,181,random,10,0.753781847133758,0,21,None,66,1,5,False,1000,1000
16142,182,random,10,0.7552746815286624,0,21,None,66,1,5,False,1000,1000
16143,183,random,10,0.7562699044585988,0,21,None,66,1,5,False,1000,1000
16144,184,random,10,0.7566679936305732,0,21,None,66,1,5,False,1000,1000
16145,180,random,10,0.7567675159235668,0,24,None,66,1,5,False,1000,1000
16146,181,random,10,0.758359872611465,0,24,None,66,1,5,False,1000,1000
16147,182,random,10,0.759156050955414,0,24,None,66,1,5,False,1000,1000
16148,183,random,10,0.7600517515923567,0,24,None,66,1,5,False,1000,1000
16149,184,random,10,0.7613455414012739,0,24,None,66,1,5,False,1000,1000
16150,180,random,10,0.740843949044586,0,27,None,66,1,5,False,1000,1000
16151,181,random,10,0.7413415605095541,0,27,None,66,1,5,False,1000,1000
16152,182,random,10,0.7415406050955414,0,27,None,66,1,5,False,1000,1000
16153,183,random,10,0.7421377388535032,0,27,None,66,1,5,False,1000,1000
16154,184,random,10,0.7423367834394905,0,27,None,66,1,5,False,1000,1000
16155,180,random,10,0.7264132165605095,0,6,None,66,1,5,False,1000,1000
16156,181,random,10,0.7274084394904459,0,6,None,66,1,5,False,1000,1000
16157,182,random,10,0.7277070063694268,0,6,None,66,1,5,False,1000,1000
16158,183,random,10,0.7280055732484076,0,6,None,66,1,5,False,1000,1000
16159,184,random,10,0.7283041401273885,0,6,None,66,1,5,False,1000,1000
16160,180,random,10,0.7486066878980892,0,12,None,66,1,5,False,1000,1000
16161,181,random,10,0.7498009554140127,0,12,None,66,1,5,False,1000,1000
16162,182,random,10,0.7500995222929936,0,12,None,66,1,5,False,1000,1000
16163,183,random,10,0.7503980891719745,0,12,None,66,1,5,False,1000,1000
16164,184,random,10,0.7509952229299363,0,12,None,66,1,5,False,1000,1000
16165,180,random,10,0.7396496815286624,0,26,None,66,1,5,False,1000,1000
16166,181,random,10,0.7397492038216561,0,26,None,66,1,5,False,1000,1000
16167,182,random,10,0.7398487261146497,0,26,None,66,1,5,False,1000,1000
16168,183,random,10,0.7399482484076433,0,26,None,66,1,5,False,1000,1000
16169,184,random,10,0.7399482484076433,0,26,None,66,1,5,False,1000,1000
16170,185,random,10,0.7186504777070064,0,1,None,66,1,5,False,1000,1000
16171,186,random,10,0.7191480891719745,0,1,None,66,1,5,False,1000,1000
16172,187,random,10,0.7196457006369427,0,1,None,66,1,5,False,1000,1000
16173,188,random,10,0.7199442675159236,0,1,None,66,1,5,False,1000,1000
16174,189,random,10,0.720640923566879,0,1,None,66,1,5,False,1000,1000
16175,185,random,10,0.7426353503184714,0,19,None,66,1,5,False,1000,1000
16176,186,random,10,0.7448248407643312,0,19,None,66,1,5,False,1000,1000
16177,187,random,10,0.7456210191082803,0,19,None,66,1,5,False,1000,1000
16178,188,random,10,0.7475119426751592,0,19,None,66,1,5,False,1000,1000
16179,189,random,10,0.7487062101910829,0,19,None,66,1,5,False,1000,1000
16180,185,random,10,0.7543789808917197,0,21,None,66,1,5,False,1000,1000
16181,186,random,10,0.7555732484076433,0,21,None,66,1,5,False,1000,1000
16182,187,random,10,0.7563694267515924,0,21,None,66,1,5,False,1000,1000
16183,188,random,10,0.7568670382165605,0,21,None,66,1,5,False,1000,1000
16184,189,random,10,0.7570660828025477,0,21,None,66,1,5,False,1000,1000
16185,185,random,10,0.7527866242038217,0,24,None,66,1,5,False,1000,1000
16186,186,random,10,0.7539808917197452,0,24,None,66,1,5,False,1000,1000
16187,187,random,10,0.7547770700636943,0,24,None,66,1,5,False,1000,1000
16188,188,random,10,0.7553742038216561,0,24,None,66,1,5,False,1000,1000
16189,189,random,10,0.7561703821656051,0,24,None,66,1,5,False,1000,1000
16190,185,random,10,0.7218351910828026,0,31,None,66,1,5,False,1000,1000
16191,186,random,10,0.7218351910828026,0,31,None,66,1,5,False,1000,1000
16192,187,random,10,0.7224323248407644,0,31,None,66,1,5,False,1000,1000
16193,188,random,10,0.7223328025477707,0,31,None,66,1,5,False,1000,1000
16194,189,random,10,0.7237261146496815,0,31,None,66,1,5,False,1000,1000
16195,185,random,10,0.7464171974522293,0,27,None,66,1,5,False,1000,1000
16196,186,random,10,0.7469148089171974,0,27,None,66,1,5,False,1000,1000
16197,187,random,10,0.7456210191082803,0,27,None,66,1,5,False,1000,1000
16198,188,random,10,0.7458200636942676,0,27,None,66,1,5,False,1000,1000
16199,189,random,10,0.7459195859872612,0,27,None,66,1,5,False,1000,1000
16200,185,random,10,0.6803343949044586,0,8,None,66,1,5,False,1000,1000
16201,186,random,10,0.6809315286624203,0,8,None,66,1,5,False,1000,1000
16202,187,random,10,0.6811305732484076,0,8,None,66,1,5,False,1000,1000
16203,188,random,10,0.681827229299363,0,8,None,66,1,5,False,1000,1000
16204,189,random,10,0.6832205414012739,0,8,None,66,1,5,False,1000,1000
16205,185,random,10,0.6968550955414012,0,23,None,66,1,5,False,1000,1000
16206,186,random,10,0.6972531847133758,0,23,None,66,1,5,False,1000,1000
16207,187,random,10,0.6980493630573248,0,23,None,66,1,5,False,1000,1000
16208,188,random,10,0.6990445859872612,0,23,None,66,1,5,False,1000,1000
16209,189,random,10,0.7006369426751592,0,23,None,66,1,5,False,1000,1000
16210,185,random,10,0.7558718152866242,0,30,None,66,1,5,False,1000,1000
16211,186,random,10,0.7561703821656051,0,30,None,66,1,5,False,1000,1000
16212,187,random,10,0.7568670382165605,0,30,None,66,1,5,False,1000,1000
16213,188,random,10,0.7570660828025477,0,30,None,66,1,5,False,1000,1000
16214,189,random,10,0.7570660828025477,0,30,None,66,1,5,False,1000,1000
16215,185,random,10,0.7202428343949044,0,14,None,66,1,5,False,1000,1000
16216,186,random,10,0.7235270700636943,0,14,None,66,1,5,False,1000,1000
16217,187,random,10,0.7247213375796179,0,14,None,66,1,5,False,1000,1000
16218,188,random,10,0.7264132165605095,0,14,None,66,1,5,False,1000,1000
16219,189,random,10,0.7282046178343949,0,14,None,66,1,5,False,1000,1000
16220,185,random,10,0.7270103503184714,0,22,None,66,1,5,False,1000,1000
16221,186,random,10,0.727906050955414,0,22,None,66,1,5,False,1000,1000
16222,187,random,10,0.729796974522293,0,22,None,66,1,5,False,1000,1000
16223,188,random,10,0.7308917197452229,0,22,None,66,1,5,False,1000,1000
16224,189,random,10,0.7323845541401274,0,22,None,66,1,5,False,1000,1000
16225,185,random,10,0.7421377388535032,0,29,None,66,1,5,False,1000,1000
16226,186,random,10,0.7420382165605095,0,29,None,66,1,5,False,1000,1000
16227,187,random,10,0.7425358280254777,0,29,None,66,1,5,False,1000,1000
16228,188,random,10,0.7424363057324841,0,29,None,66,1,5,False,1000,1000
16229,189,random,10,0.7423367834394905,0,29,None,66,1,5,False,1000,1000
16230,185,random,10,0.7054140127388535,0,2,None,66,1,5,False,1000,1000
16231,186,random,10,0.7072054140127388,0,2,None,66,1,5,False,1000,1000
16232,187,random,10,0.7082006369426752,0,2,None,66,1,5,False,1000,1000
16233,188,random,10,0.7083001592356688,0,2,None,66,1,5,False,1000,1000
16234,189,random,10,0.7084992038216561,0,2,None,66,1,5,False,1000,1000
16235,185,random,10,0.730593152866242,0,5,None,66,1,5,False,1000,1000
16236,186,random,10,0.7314888535031847,0,5,None,66,1,5,False,1000,1000
16237,187,random,10,0.732484076433121,0,5,None,66,1,5,False,1000,1000
16238,188,random,10,0.7328821656050956,0,5,None,66,1,5,False,1000,1000
16239,189,random,10,0.7334792993630573,0,5,None,66,1,5,False,1000,1000
16240,185,random,10,0.7182523885350318,0,0,None,66,1,5,False,1000,1000
16241,186,random,10,0.7177547770700637,0,0,None,66,1,5,False,1000,1000
16242,187,random,10,0.7186504777070064,0,0,None,66,1,5,False,1000,1000
16243,188,random,10,0.7193471337579618,0,0,None,66,1,5,False,1000,1000
16244,189,random,10,0.7194466560509554,0,0,None,66,1,5,False,1000,1000
16245,185,random,10,0.7487062101910829,0,9,None,66,1,5,False,1000,1000
16246,186,random,10,0.7493033439490446,0,9,None,66,1,5,False,1000,1000
16247,187,random,10,0.75,0,9,None,66,1,5,False,1000,1000
16248,188,random,10,0.7498009554140127,0,9,None,66,1,5,False,1000,1000
16249,189,random,10,0.7509952229299363,0,9,None,66,1,5,False,1000,1000
16250,185,random,10,0.744327229299363,0,17,None,66,1,5,False,1000,1000
16251,186,random,10,0.7445262738853503,0,17,None,66,1,5,False,1000,1000
16252,187,random,10,0.7448248407643312,0,17,None,66,1,5,False,1000,1000
16253,188,random,10,0.7450238853503185,0,17,None,66,1,5,False,1000,1000
16254,189,random,10,0.7458200636942676,0,17,None,66,1,5,False,1000,1000
16255,185,random,10,0.7309912420382165,0,20,None,66,1,5,False,1000,1000
16256,186,random,10,0.7336783439490446,0,20,None,66,1,5,False,1000,1000
16257,187,random,10,0.7353702229299363,0,20,None,66,1,5,False,1000,1000
16258,188,random,10,0.737062101910828,0,20,None,66,1,5,False,1000,1000
16259,189,random,10,0.7392515923566879,0,20,None,66,1,5,False,1000,1000
16260,185,random,10,0.738156847133758,0,18,None,66,1,5,False,1000,1000
16261,186,random,10,0.7392515923566879,0,18,None,66,1,5,False,1000,1000
16262,187,random,10,0.7401472929936306,0,18,None,66,1,5,False,1000,1000
16263,188,random,10,0.740047770700637,0,18,None,66,1,5,False,1000,1000
16264,189,random,10,0.740843949044586,0,18,None,66,1,5,False,1000,1000
16265,185,random,10,0.5997213375796179,0,28,None,66,1,5,False,1000,1000
16266,186,random,10,0.6157444267515924,0,28,None,66,1,5,False,1000,1000
16267,187,random,10,0.6317675159235668,0,28,None,66,1,5,False,1000,1000
16268,188,random,10,0.6430135350318471,0,28,None,66,1,5,False,1000,1000
16269,189,random,10,0.650577229299363,0,28,None,66,1,5,False,1000,1000
16270,185,random,10,0.7340764331210191,0,10,None,66,1,5,False,1000,1000
16271,186,random,10,0.7352707006369427,0,10,None,66,1,5,False,1000,1000
16272,187,random,10,0.7366640127388535,0,10,None,66,1,5,False,1000,1000
16273,188,random,10,0.7374601910828026,0,10,None,66,1,5,False,1000,1000
16274,189,random,10,0.7382563694267515,0,10,None,66,1,5,False,1000,1000
16275,185,random,10,0.7015326433121019,0,11,None,66,1,5,False,1000,1000
16276,186,random,10,0.7016321656050956,0,11,None,66,1,5,False,1000,1000
16277,187,random,10,0.7008359872611465,0,11,None,66,1,5,False,1000,1000
16278,188,random,10,0.7005374203821656,0,11,None,66,1,5,False,1000,1000
16279,189,random,10,0.7000398089171974,0,11,None,66,1,5,False,1000,1000
16280,185,random,10,0.7138734076433121,0,4,None,66,1,5,False,1000,1000
16281,186,random,10,0.7165605095541401,0,4,None,66,1,5,False,1000,1000
16282,187,random,10,0.7178542993630573,0,4,None,66,1,5,False,1000,1000
16283,188,random,10,0.7191480891719745,0,4,None,66,1,5,False,1000,1000
16284,189,random,10,0.7201433121019108,0,4,None,66,1,5,False,1000,1000
16285,185,random,10,0.7431329617834395,0,15,None,66,1,5,False,1000,1000
16286,186,random,10,0.7434315286624203,0,15,None,66,1,5,False,1000,1000
16287,187,random,10,0.743531050955414,0,15,None,66,1,5,False,1000,1000
16288,188,random,10,0.7436305732484076,0,15,None,66,1,5,False,1000,1000
16289,189,random,10,0.743531050955414,0,15,None,66,1,5,False,1000,1000
16290,185,random,10,0.7211385350318471,0,16,None,66,1,5,False,1000,1000
16291,186,random,10,0.7223328025477707,0,16,None,66,1,5,False,1000,1000
16292,187,random,10,0.7230294585987261,0,16,None,66,1,5,False,1000,1000
16293,188,random,10,0.7231289808917197,0,16,None,66,1,5,False,1000,1000
16294,189,random,10,0.7246218152866242,0,16,None,66,1,5,False,1000,1000
16295,185,random,10,0.725218949044586,0,7,None,66,1,5,False,1000,1000
16296,186,random,10,0.7255175159235668,0,7,None,66,1,5,False,1000,1000
16297,187,random,10,0.7262141719745223,0,7,None,66,1,5,False,1000,1000
16298,188,random,10,0.7265127388535032,0,7,None,66,1,5,False,1000,1000
16299,189,random,10,0.7274084394904459,0,7,None,66,1,5,False,1000,1000
16300,185,random,10,0.7409434713375797,0,32,None,66,1,5,False,1000,1000
16301,186,random,10,0.7410429936305732,0,32,None,66,1,5,False,1000,1000
16302,187,random,10,0.742734872611465,0,32,None,66,1,5,False,1000,1000
16303,188,random,10,0.7441281847133758,0,32,None,66,1,5,False,1000,1000
16304,189,random,10,0.7457205414012739,0,32,None,66,1,5,False,1000,1000
16305,185,random,10,0.7293988853503185,0,6,None,66,1,5,False,1000,1000
16306,186,random,10,0.7294984076433121,0,6,None,66,1,5,False,1000,1000
16307,187,random,10,0.7293988853503185,0,6,None,66,1,5,False,1000,1000
16308,188,random,10,0.7294984076433121,0,6,None,66,1,5,False,1000,1000
16309,189,random,10,0.7302945859872612,0,6,None,66,1,5,False,1000,1000
16310,185,random,10,0.7303941082802548,0,3,None,66,1,5,False,1000,1000
16311,186,random,10,0.7308917197452229,0,3,None,66,1,5,False,1000,1000
16312,187,random,10,0.7307921974522293,0,3,None,66,1,5,False,1000,1000
16313,188,random,10,0.7310907643312102,0,3,None,66,1,5,False,1000,1000
16314,189,random,10,0.7311902866242038,0,3,None,66,1,5,False,1000,1000
16315,185,random,10,0.7538813694267515,0,13,None,66,1,5,False,1000,1000
16316,186,random,10,0.7532842356687898,0,13,None,66,1,5,False,1000,1000
16317,187,random,10,0.7532842356687898,0,13,None,66,1,5,False,1000,1000
16318,188,random,10,0.7532842356687898,0,13,None,66,1,5,False,1000,1000
16319,189,random,10,0.753781847133758,0,13,None,66,1,5,False,1000,1000
16320,185,random,10,0.7521894904458599,0,12,None,66,1,5,False,1000,1000
16321,186,random,10,0.7530851910828026,0,12,None,66,1,5,False,1000,1000
16322,187,random,10,0.7525875796178344,0,12,None,66,1,5,False,1000,1000
16323,188,random,10,0.7536823248407644,0,12,None,66,1,5,False,1000,1000
16324,189,random,10,0.7543789808917197,0,12,None,66,1,5,False,1000,1000
16325,185,random,10,0.7278065286624203,0,25,None,66,1,5,False,1000,1000
16326,186,random,10,0.7281050955414012,0,25,None,66,1,5,False,1000,1000
16327,187,random,10,0.7291003184713376,0,25,None,66,1,5,False,1000,1000
16328,188,random,10,0.7296974522292994,0,25,None,66,1,5,False,1000,1000
16329,189,random,10,0.7303941082802548,0,25,None,66,1,5,False,1000,1000
16330,185,random,10,0.7409434713375797,0,26,None,66,1,5,False,1000,1000
16331,186,random,10,0.7404458598726115,0,26,None,66,1,5,False,1000,1000
16332,187,random,10,0.7405453821656051,0,26,None,66,1,5,False,1000,1000
16333,188,random,10,0.7414410828025477,0,26,None,66,1,5,False,1000,1000
16334,189,random,10,0.7420382165605095,0,26,None,66,1,5,False,1000,1000
16335,190,random,10,0.7208399681528662,0,1,None,66,1,5,False,1000,1000
16336,191,random,10,0.722531847133758,0,1,None,66,1,5,False,1000,1000
16337,192,random,10,0.7229299363057324,0,1,None,66,1,5,False,1000,1000
16338,193,random,10,0.7239251592356688,0,1,None,66,1,5,False,1000,1000
16339,194,random,10,0.7242237261146497,0,1,None,66,1,5,False,1000,1000
16340,190,random,10,0.7082006369426752,0,2,None,66,1,5,False,1000,1000
16341,191,random,10,0.7096934713375797,0,2,None,66,1,5,False,1000,1000
16342,192,random,10,0.7106886942675159,0,2,None,66,1,5,False,1000,1000
16343,193,random,10,0.7117834394904459,0,2,None,66,1,5,False,1000,1000
16344,194,random,10,0.7125796178343949,0,2,None,66,1,5,False,1000,1000
16345,190,random,10,0.7335788216560509,0,22,None,66,1,5,False,1000,1000
16346,191,random,10,0.7348726114649682,0,22,None,66,1,5,False,1000,1000
16347,192,random,10,0.737062101910828,0,22,None,66,1,5,False,1000,1000
16348,193,random,10,0.7391520700636943,0,22,None,66,1,5,False,1000,1000
16349,194,random,10,0.7402468152866242,0,22,None,66,1,5,False,1000,1000
16350,190,random,10,0.7000398089171974,0,23,None,66,1,5,False,1000,1000
16351,191,random,10,0.7011345541401274,0,23,None,66,1,5,False,1000,1000
16352,192,random,10,0.7027269108280255,0,23,None,66,1,5,False,1000,1000
16353,193,random,10,0.7033240445859873,0,23,None,66,1,5,False,1000,1000
16354,194,random,10,0.7044187898089171,0,23,None,66,1,5,False,1000,1000
16355,190,random,10,0.720640923566879,0,16,None,66,1,5,False,1000,1000
16356,191,random,10,0.7212380573248408,0,16,None,66,1,5,False,1000,1000
16357,192,random,10,0.7217356687898089,0,16,None,66,1,5,False,1000,1000
16358,193,random,10,0.723328025477707,0,16,None,66,1,5,False,1000,1000
16359,194,random,10,0.7243232484076433,0,16,None,66,1,5,False,1000,1000
16360,190,random,10,0.7438296178343949,0,32,None,66,1,5,False,1000,1000
16361,191,random,10,0.7463176751592356,0,32,None,66,1,5,False,1000,1000
16362,192,random,10,0.7486066878980892,0,32,None,66,1,5,False,1000,1000
16363,193,random,10,0.7496019108280255,0,32,None,66,1,5,False,1000,1000
16364,194,random,10,0.7508957006369427,0,32,None,66,1,5,False,1000,1000
16365,190,random,10,0.7458200636942676,0,29,None,66,1,5,False,1000,1000
16366,191,random,10,0.7451234076433121,0,29,None,66,1,5,False,1000,1000
16367,192,random,10,0.7458200636942676,0,29,None,66,1,5,False,1000,1000
16368,193,random,10,0.745421974522293,0,29,None,66,1,5,False,1000,1000
16369,194,random,10,0.7455214968152867,0,29,None,66,1,5,False,1000,1000
16370,190,random,10,0.7456210191082803,0,15,None,66,1,5,False,1000,1000
16371,191,random,10,0.745421974522293,0,15,None,66,1,5,False,1000,1000
16372,192,random,10,0.7461186305732485,0,15,None,66,1,5,False,1000,1000
16373,193,random,10,0.7457205414012739,0,15,None,66,1,5,False,1000,1000
16374,194,random,10,0.7459195859872612,0,15,None,66,1,5,False,1000,1000
16375,190,random,10,0.7394506369426752,0,10,None,66,1,5,False,1000,1000
16376,191,random,10,0.7398487261146497,0,10,None,66,1,5,False,1000,1000
16377,192,random,10,0.7414410828025477,0,10,None,66,1,5,False,1000,1000
16378,193,random,10,0.7425358280254777,0,10,None,66,1,5,False,1000,1000
16379,194,random,10,0.7439291401273885,0,10,None,66,1,5,False,1000,1000
16380,190,random,10,0.7005374203821656,0,11,None,66,1,5,False,1000,1000
16381,191,random,10,0.7006369426751592,0,11,None,66,1,5,False,1000,1000
16382,192,random,10,0.7006369426751592,0,11,None,66,1,5,False,1000,1000
16383,193,random,10,0.6997412420382165,0,11,None,66,1,5,False,1000,1000
16384,194,random,10,0.6990445859872612,0,11,None,66,1,5,False,1000,1000
16385,190,random,10,0.7465167197452229,0,17,None,66,1,5,False,1000,1000
16386,191,random,10,0.7472133757961783,0,17,None,66,1,5,False,1000,1000
16387,192,random,10,0.7478105095541401,0,17,None,66,1,5,False,1000,1000
16388,193,random,10,0.7490047770700637,0,17,None,66,1,5,False,1000,1000
16389,194,random,10,0.7496019108280255,0,17,None,66,1,5,False,1000,1000
16390,190,random,10,0.6836186305732485,0,8,None,66,1,5,False,1000,1000
16391,191,random,10,0.6836186305732485,0,8,None,66,1,5,False,1000,1000
16392,192,random,10,0.6838176751592356,0,8,None,66,1,5,False,1000,1000
16393,193,random,10,0.6846138535031847,0,8,None,66,1,5,False,1000,1000
16394,194,random,10,0.685609076433121,0,8,None,66,1,5,False,1000,1000
16395,190,random,10,0.7398487261146497,0,18,None,66,1,5,False,1000,1000
16396,191,random,10,0.740843949044586,0,18,None,66,1,5,False,1000,1000
16397,192,random,10,0.7426353503184714,0,18,None,66,1,5,False,1000,1000
16398,193,random,10,0.7431329617834395,0,18,None,66,1,5,False,1000,1000
16399,194,random,10,0.7437300955414012,0,18,None,66,1,5,False,1000,1000
16400,190,random,10,0.7397492038216561,0,20,None,66,1,5,False,1000,1000
16401,191,random,10,0.7411425159235668,0,20,None,66,1,5,False,1000,1000
16402,192,random,10,0.7429339171974523,0,20,None,66,1,5,False,1000,1000
16403,193,random,10,0.7445262738853503,0,20,None,66,1,5,False,1000,1000
16404,194,random,10,0.7446257961783439,0,20,None,66,1,5,False,1000,1000
16405,190,random,10,0.6022093949044586,0,28,None,66,1,5,False,1000,1000
16406,191,random,10,0.6191281847133758,0,28,None,66,1,5,False,1000,1000
16407,192,random,10,0.6361464968152867,0,28,None,66,1,5,False,1000,1000
16408,193,random,10,0.647093949044586,0,28,None,66,1,5,False,1000,1000
16409,194,random,10,0.6539609872611465,0,28,None,66,1,5,False,1000,1000
16410,190,random,10,0.7342754777070064,0,5,None,66,1,5,False,1000,1000
16411,191,random,10,0.7341759554140127,0,5,None,66,1,5,False,1000,1000
16412,192,random,10,0.7344745222929936,0,5,None,66,1,5,False,1000,1000
16413,193,random,10,0.73546974522293,0,5,None,66,1,5,False,1000,1000
16414,194,random,10,0.7355692675159236,0,5,None,66,1,5,False,1000,1000
16415,190,random,10,0.7163614649681529,0,4,None,66,1,5,False,1000,1000
16416,191,random,10,0.71875,0,4,None,66,1,5,False,1000,1000
16417,192,random,10,0.720640923566879,0,4,None,66,1,5,False,1000,1000
16418,193,random,10,0.7210390127388535,0,4,None,66,1,5,False,1000,1000
16419,194,random,10,0.7226313694267515,0,4,None,66,1,5,False,1000,1000
16420,190,random,10,0.7275079617834395,0,7,None,66,1,5,False,1000,1000
16421,191,random,10,0.7281050955414012,0,7,None,66,1,5,False,1000,1000
16422,192,random,10,0.7289012738853503,0,7,None,66,1,5,False,1000,1000
16423,193,random,10,0.7298964968152867,0,7,None,66,1,5,False,1000,1000
16424,194,random,10,0.7300955414012739,0,7,None,66,1,5,False,1000,1000
16425,190,random,10,0.7257165605095541,0,14,None,66,1,5,False,1000,1000
16426,191,random,10,0.7276074840764332,0,14,None,66,1,5,False,1000,1000
16427,192,random,10,0.7294984076433121,0,14,None,66,1,5,False,1000,1000
16428,193,random,10,0.7315883757961783,0,14,None,66,1,5,False,1000,1000
16429,194,random,10,0.7329816878980892,0,14,None,66,1,5,False,1000,1000
16430,190,random,10,0.747312898089172,0,19,None,66,1,5,False,1000,1000
16431,191,random,10,0.7482085987261147,0,19,None,66,1,5,False,1000,1000
16432,192,random,10,0.7499004777070064,0,19,None,66,1,5,False,1000,1000
16433,193,random,10,0.7512937898089171,0,19,None,66,1,5,False,1000,1000
16434,194,random,10,0.75109474522293,0,19,None,66,1,5,False,1000,1000
16435,190,random,10,0.7498009554140127,0,21,None,66,1,5,False,1000,1000
16436,191,random,10,0.7505971337579618,0,21,None,66,1,5,False,1000,1000
16437,192,random,10,0.7527866242038217,0,21,None,66,1,5,False,1000,1000
16438,193,random,10,0.7534832802547771,0,21,None,66,1,5,False,1000,1000
16439,194,random,10,0.7542794585987261,0,21,None,66,1,5,False,1000,1000
16440,190,random,10,0.755672770700637,0,24,None,66,1,5,False,1000,1000
16441,191,random,10,0.7561703821656051,0,24,None,66,1,5,False,1000,1000
16442,192,random,10,0.7557722929936306,0,24,None,66,1,5,False,1000,1000
16443,193,random,10,0.757265127388535,0,24,None,66,1,5,False,1000,1000
16444,194,random,10,0.7576632165605095,0,24,None,66,1,5,False,1000,1000
16445,190,random,10,0.7195461783439491,0,0,None,66,1,5,False,1000,1000
16446,191,random,10,0.71984474522293,0,0,None,66,1,5,False,1000,1000
16447,192,random,10,0.7190485668789809,0,0,None,66,1,5,False,1000,1000
16448,193,random,10,0.71984474522293,0,0,None,66,1,5,False,1000,1000
16449,194,random,10,0.7199442675159236,0,0,None,66,1,5,False,1000,1000
16450,190,random,10,0.7382563694267515,0,27,None,66,1,5,False,1000,1000
16451,191,random,10,0.7386544585987261,0,27,None,66,1,5,False,1000,1000
16452,192,random,10,0.7395501592356688,0,27,None,66,1,5,False,1000,1000
16453,193,random,10,0.7395501592356688,0,27,None,66,1,5,False,1000,1000
16454,194,random,10,0.7397492038216561,0,27,None,66,1,5,False,1000,1000
16455,190,random,10,0.7576632165605095,0,30,None,66,1,5,False,1000,1000
16456,191,random,10,0.7577627388535032,0,30,None,66,1,5,False,1000,1000
16457,192,random,10,0.7581608280254777,0,30,None,66,1,5,False,1000,1000
16458,193,random,10,0.7576632165605095,0,30,None,66,1,5,False,1000,1000
16459,194,random,10,0.7582603503184714,0,30,None,66,1,5,False,1000,1000
16460,190,random,10,0.7272093949044586,0,31,None,66,1,5,False,1000,1000
16461,191,random,10,0.7266122611464968,0,31,None,66,1,5,False,1000,1000
16462,192,random,10,0.7273089171974523,0,31,None,66,1,5,False,1000,1000
16463,193,random,10,0.7276074840764332,0,31,None,66,1,5,False,1000,1000
16464,194,random,10,0.7280055732484076,0,31,None,66,1,5,False,1000,1000
16465,190,random,10,0.7314888535031847,0,6,None,66,1,5,False,1000,1000
16466,191,random,10,0.7312898089171974,0,6,None,66,1,5,False,1000,1000
16467,192,random,10,0.7310907643312102,0,6,None,66,1,5,False,1000,1000
16468,193,random,10,0.7307921974522293,0,6,None,66,1,5,False,1000,1000
16469,194,random,10,0.7310907643312102,0,6,None,66,1,5,False,1000,1000
16470,190,random,10,0.7573646496815286,0,13,None,66,1,5,False,1000,1000
16471,191,random,10,0.7573646496815286,0,13,None,66,1,5,False,1000,1000
16472,192,random,10,0.7571656050955414,0,13,None,66,1,5,False,1000,1000
16473,193,random,10,0.7574641719745223,0,13,None,66,1,5,False,1000,1000
16474,194,random,10,0.7576632165605095,0,13,None,66,1,5,False,1000,1000
16475,190,random,10,0.7348726114649682,0,3,None,66,1,5,False,1000,1000
16476,191,random,10,0.7347730891719745,0,3,None,66,1,5,False,1000,1000
16477,192,random,10,0.7350716560509554,0,3,None,66,1,5,False,1000,1000
16478,193,random,10,0.7358678343949044,0,3,None,66,1,5,False,1000,1000
16479,194,random,10,0.7360668789808917,0,3,None,66,1,5,False,1000,1000
16480,190,random,10,0.7417396496815286,0,26,None,66,1,5,False,1000,1000
16481,191,random,10,0.7426353503184714,0,26,None,66,1,5,False,1000,1000
16482,192,random,10,0.7436305732484076,0,26,None,66,1,5,False,1000,1000
16483,193,random,10,0.7439291401273885,0,26,None,66,1,5,False,1000,1000
16484,194,random,10,0.7434315286624203,0,26,None,66,1,5,False,1000,1000
16485,195,random,10,0.7588574840764332,0,24,None,66,1,5,False,1000,1000
16486,196,random,10,0.7593550955414012,0,24,None,66,1,5,False,1000,1000
16487,197,random,10,0.7597531847133758,0,24,None,66,1,5,False,1000,1000
16488,198,random,10,0.7600517515923567,0,24,None,66,1,5,False,1000,1000
16489,199,random,10,0.7605493630573248,0,24,None,66,1,5,False,1000,1000
16490,195,random,10,0.7288017515923567,0,31,None,66,1,5,False,1000,1000
16491,196,random,10,0.7299960191082803,0,31,None,66,1,5,False,1000,1000
16492,197,random,10,0.7309912420382165,0,31,None,66,1,5,False,1000,1000
16493,198,random,10,0.7306926751592356,0,31,None,66,1,5,False,1000,1000
16494,199,random,10,0.7307921974522293,0,31,None,66,1,5,False,1000,1000
16495,190,random,10,0.7555732484076433,0,12,None,66,1,5,False,1000,1000
16496,191,random,10,0.7544785031847133,0,12,None,66,1,5,False,1000,1000
16497,192,random,10,0.7550756369426752,0,12,None,66,1,5,False,1000,1000
16498,193,random,10,0.7546775477707006,0,12,None,66,1,5,False,1000,1000
16499,194,random,10,0.7549761146496815,0,12,None,66,1,5,False,1000,1000
16500,190,random,10,0.7527866242038217,0,9,None,66,1,5,False,1000,1000
16501,191,random,10,0.7533837579617835,0,9,None,66,1,5,False,1000,1000
16502,192,random,10,0.7532842356687898,0,9,None,66,1,5,False,1000,1000
16503,193,random,10,0.7535828025477707,0,9,None,66,1,5,False,1000,1000
16504,194,random,10,0.7533837579617835,0,9,None,66,1,5,False,1000,1000
16505,190,random,10,0.7314888535031847,0,25,None,66,1,5,False,1000,1000
16506,191,random,10,0.7317874203821656,0,25,None,66,1,5,False,1000,1000
16507,192,random,10,0.7323845541401274,0,25,None,66,1,5,False,1000,1000
16508,193,random,10,0.7333797770700637,0,25,None,66,1,5,False,1000,1000
16509,194,random,10,0.7335788216560509,0,25,None,66,1,5,False,1000,1000
16510,195,random,10,0.7478105095541401,0,32,None,66,1,5,False,1000,1000
16511,196,random,10,0.7499004777070064,0,32,None,66,1,5,False,1000,1000
16512,197,random,10,0.7516918789808917,0,32,None,66,1,5,False,1000,1000
16513,198,random,10,0.7530851910828026,0,32,None,66,1,5,False,1000,1000
16514,199,random,10,0.753781847133758,0,32,None,66,1,5,False,1000,1000
16515,195,random,10,0.759952229299363,0,30,None,66,1,5,False,1000,1000
16516,196,random,10,0.7601512738853503,0,30,None,66,1,5,False,1000,1000
16517,197,random,10,0.7608479299363057,0,30,None,66,1,5,False,1000,1000
16518,198,random,10,0.7612460191082803,0,30,None,66,1,5,False,1000,1000
16519,199,random,10,0.7616441082802548,0,30,None,66,1,5,False,1000,1000
16520,195,random,10,0.7433320063694268,0,26,None,66,1,5,False,1000,1000
16521,196,random,10,0.744327229299363,0,26,None,66,1,5,False,1000,1000
16522,197,random,10,0.7448248407643312,0,26,None,66,1,5,False,1000,1000
16523,198,random,10,0.7450238853503185,0,26,None,66,1,5,False,1000,1000
16524,199,random,10,0.7455214968152867,0,26,None,66,1,5,False,1000,1000
16525,195,random,10,0.7254179936305732,0,1,None,66,1,5,False,1000,1000
16526,196,random,10,0.7265127388535032,0,1,None,66,1,5,False,1000,1000
16527,197,random,10,0.7267117834394905,0,1,None,66,1,5,False,1000,1000
16528,198,random,10,0.7270103503184714,0,1,None,66,1,5,False,1000,1000
16529,199,random,10,0.7278065286624203,0,1,None,66,1,5,False,1000,1000
16530,195,random,10,0.7604498407643312,0,13,None,66,1,5,False,1000,1000
16531,196,random,10,0.7596536624203821,0,13,None,66,1,5,False,1000,1000
16532,197,random,10,0.7606488853503185,0,13,None,66,1,5,False,1000,1000
16533,198,random,10,0.7611464968152867,0,13,None,66,1,5,False,1000,1000
16534,199,random,10,0.7614450636942676,0,13,None,66,1,5,False,1000,1000
16535,195,random,10,0.75109474522293,0,21,None,66,1,5,False,1000,1000
16536,196,random,10,0.7516918789808917,0,21,None,66,1,5,False,1000,1000
16537,197,random,10,0.7530851910828026,0,21,None,66,1,5,False,1000,1000
16538,198,random,10,0.7553742038216561,0,21,None,66,1,5,False,1000,1000
16539,199,random,10,0.7560708598726115,0,21,None,66,1,5,False,1000,1000
16540,195,random,10,0.7033240445859873,0,23,None,66,1,5,False,1000,1000
16541,196,random,10,0.703125,0,23,None,66,1,5,False,1000,1000
16542,197,random,10,0.705015923566879,0,23,None,66,1,5,False,1000,1000
16543,198,random,10,0.7059116242038217,0,23,None,66,1,5,False,1000,1000
16544,199,random,10,0.7064092356687898,0,23,None,66,1,5,False,1000,1000
16545,195,random,10,0.7392515923566879,0,27,None,66,1,5,False,1000,1000
16546,196,random,10,0.7391520700636943,0,27,None,66,1,5,False,1000,1000
16547,197,random,10,0.740047770700637,0,27,None,66,1,5,False,1000,1000
16548,198,random,10,0.7406449044585988,0,27,None,66,1,5,False,1000,1000
16549,199,random,10,0.7404458598726115,0,27,None,66,1,5,False,1000,1000
16550,195,random,10,0.7100915605095541,0,2,None,66,1,5,False,1000,1000
16551,196,random,10,0.7115843949044586,0,2,None,66,1,5,False,1000,1000
16552,197,random,10,0.7131767515923567,0,2,None,66,1,5,False,1000,1000
16553,198,random,10,0.7137738853503185,0,2,None,66,1,5,False,1000,1000
16554,199,random,10,0.7144705414012739,0,2,None,66,1,5,False,1000,1000
16555,195,random,10,0.7372611464968153,0,5,None,66,1,5,False,1000,1000
16556,196,random,10,0.7369625796178344,0,5,None,66,1,5,False,1000,1000
16557,197,random,10,0.7376592356687898,0,5,None,66,1,5,False,1000,1000
16558,198,random,10,0.7386544585987261,0,5,None,66,1,5,False,1000,1000
16559,199,random,10,0.7394506369426752,0,5,None,66,1,5,False,1000,1000
16560,195,random,10,0.7288017515923567,0,7,None,66,1,5,False,1000,1000
16561,196,random,10,0.7290007961783439,0,7,None,66,1,5,False,1000,1000
16562,197,random,10,0.7292993630573248,0,7,None,66,1,5,False,1000,1000
16563,198,random,10,0.7296974522292994,0,7,None,66,1,5,False,1000,1000
16564,199,random,10,0.7303941082802548,0,7,None,66,1,5,False,1000,1000
16565,195,random,10,0.7425358280254777,0,10,None,66,1,5,False,1000,1000
16566,196,random,10,0.7441281847133758,0,10,None,66,1,5,False,1000,1000
16567,197,random,10,0.746218152866242,0,10,None,66,1,5,False,1000,1000
16568,198,random,10,0.7482085987261147,0,10,None,66,1,5,False,1000,1000
16569,199,random,10,0.7485071656050956,0,10,None,66,1,5,False,1000,1000
16570,195,random,10,0.697452229299363,0,11,None,66,1,5,False,1000,1000
16571,196,random,10,0.6984474522292994,0,11,None,66,1,5,False,1000,1000
16572,197,random,10,0.6988455414012739,0,11,None,66,1,5,False,1000,1000
16573,198,random,10,0.6990445859872612,0,11,None,66,1,5,False,1000,1000
16574,199,random,10,0.6991441082802548,0,11,None,66,1,5,False,1000,1000
16575,195,random,10,0.7559713375796179,0,12,None,66,1,5,False,1000,1000
16576,196,random,10,0.7559713375796179,0,12,None,66,1,5,False,1000,1000
16577,197,random,10,0.7567675159235668,0,12,None,66,1,5,False,1000,1000
16578,198,random,10,0.7578622611464968,0,12,None,66,1,5,False,1000,1000
16579,199,random,10,0.7575636942675159,0,12,None,66,1,5,False,1000,1000
16580,195,random,10,0.7465167197452229,0,15,None,66,1,5,False,1000,1000
16581,196,random,10,0.7465167197452229,0,15,None,66,1,5,False,1000,1000
16582,197,random,10,0.7475119426751592,0,15,None,66,1,5,False,1000,1000
16583,198,random,10,0.7477109872611465,0,15,None,66,1,5,False,1000,1000
16584,199,random,10,0.7476114649681529,0,15,None,66,1,5,False,1000,1000
16585,195,random,10,0.7507961783439491,0,17,None,66,1,5,False,1000,1000
16586,196,random,10,0.7511942675159236,0,17,None,66,1,5,False,1000,1000
16587,197,random,10,0.7511942675159236,0,17,None,66,1,5,False,1000,1000
16588,198,random,10,0.7519904458598726,0,17,None,66,1,5,False,1000,1000
16589,199,random,10,0.7524880573248408,0,17,None,66,1,5,False,1000,1000
16590,195,random,10,0.7457205414012739,0,20,None,66,1,5,False,1000,1000
16591,196,random,10,0.7455214968152867,0,20,None,66,1,5,False,1000,1000
16592,197,random,10,0.7465167197452229,0,20,None,66,1,5,False,1000,1000
16593,198,random,10,0.7471138535031847,0,20,None,66,1,5,False,1000,1000
16594,199,random,10,0.7485071656050956,0,20,None,66,1,5,False,1000,1000
16595,195,random,10,0.6003184713375797,0,28,None,66,1,5,False,1000,1000
16596,196,random,10,0.6201234076433121,0,28,None,66,1,5,False,1000,1000
16597,197,random,10,0.6380374203821656,0,28,None,66,1,5,False,1000,1000
16598,198,random,10,0.6479896496815286,0,28,None,66,1,5,False,1000,1000
16599,199,random,10,0.65734474522293,0,28,None,66,1,5,False,1000,1000
16600,195,random,10,0.7350716560509554,0,25,None,66,1,5,False,1000,1000
16601,196,random,10,0.7356687898089171,0,25,None,66,1,5,False,1000,1000
16602,197,random,10,0.7365644904458599,0,25,None,66,1,5,False,1000,1000
16603,198,random,10,0.7374601910828026,0,25,None,66,1,5,False,1000,1000
16604,199,random,10,0.7380573248407644,0,25,None,66,1,5,False,1000,1000
16605,195,random,10,0.7379578025477707,0,3,None,66,1,5,False,1000,1000
16606,196,random,10,0.7387539808917197,0,3,None,66,1,5,False,1000,1000
16607,197,random,10,0.7393511146496815,0,3,None,66,1,5,False,1000,1000
16608,198,random,10,0.7395501592356688,0,3,None,66,1,5,False,1000,1000
16609,199,random,10,0.7407444267515924,0,3,None,66,1,5,False,1000,1000
16610,195,random,10,0.730593152866242,0,14,None,66,1,5,False,1000,1000
16611,196,random,10,0.7327826433121019,0,14,None,66,1,5,False,1000,1000
16612,197,random,10,0.7338773885350318,0,14,None,66,1,5,False,1000,1000
16613,198,random,10,0.7351711783439491,0,14,None,66,1,5,False,1000,1000
16614,199,random,10,0.7375597133757962,0,14,None,66,1,5,False,1000,1000
16615,195,random,10,0.7334792993630573,0,6,None,66,1,5,False,1000,1000
16616,196,random,10,0.73328025477707,0,6,None,66,1,5,False,1000,1000
16617,197,random,10,0.7327826433121019,0,6,None,66,1,5,False,1000,1000
16618,198,random,10,0.7330812101910829,0,6,None,66,1,5,False,1000,1000
16619,199,random,10,0.7333797770700637,0,6,None,66,1,5,False,1000,1000
16620,195,random,10,0.7363654458598726,0,22,None,66,1,5,False,1000,1000
16621,196,random,10,0.7385549363057324,0,22,None,66,1,5,False,1000,1000
16622,197,random,10,0.7396496815286624,0,22,None,66,1,5,False,1000,1000
16623,198,random,10,0.7411425159235668,0,22,None,66,1,5,False,1000,1000
16624,199,random,10,0.7442277070063694,0,22,None,66,1,5,False,1000,1000
16625,195,random,10,0.7475119426751592,0,29,None,66,1,5,False,1000,1000
16626,196,random,10,0.7478105095541401,0,29,None,66,1,5,False,1000,1000
16627,197,random,10,0.7485071656050956,0,29,None,66,1,5,False,1000,1000
16628,198,random,10,0.7484076433121019,0,29,None,66,1,5,False,1000,1000
16629,199,random,10,0.7486066878980892,0,29,None,66,1,5,False,1000,1000
16630,195,random,10,0.755672770700637,0,9,None,66,1,5,False,1000,1000
16631,196,random,10,0.7550756369426752,0,9,None,66,1,5,False,1000,1000
16632,197,random,10,0.7552746815286624,0,9,None,66,1,5,False,1000,1000
16633,198,random,10,0.7559713375796179,0,9,None,66,1,5,False,1000,1000
16634,199,random,10,0.7568670382165605,0,9,None,66,1,5,False,1000,1000
16635,195,random,10,0.7189490445859873,0,4,None,66,1,5,False,1000,1000
16636,196,random,10,0.720640923566879,0,4,None,66,1,5,False,1000,1000
16637,197,random,10,0.7223328025477707,0,4,None,66,1,5,False,1000,1000
16638,198,random,10,0.7247213375796179,0,4,None,66,1,5,False,1000,1000
16639,199,random,10,0.7258160828025477,0,4,None,66,1,5,False,1000,1000
16640,195,random,10,0.7199442675159236,0,0,None,66,1,5,False,1000,1000
16641,196,random,10,0.7201433121019108,0,0,None,66,1,5,False,1000,1000
16642,197,random,10,0.7201433121019108,0,0,None,66,1,5,False,1000,1000
16643,198,random,10,0.7207404458598726,0,0,None,66,1,5,False,1000,1000
16644,199,random,10,0.7211385350318471,0,0,None,66,1,5,False,1000,1000
16645,195,random,10,0.6862062101910829,0,8,None,66,1,5,False,1000,1000
16646,196,random,10,0.6869028662420382,0,8,None,66,1,5,False,1000,1000
16647,197,random,10,0.6883957006369427,0,8,None,66,1,5,False,1000,1000
16648,198,random,10,0.689390923566879,0,8,None,66,1,5,False,1000,1000
16649,199,random,10,0.6911823248407644,0,8,None,66,1,5,False,1000,1000
16650,195,random,10,0.7211385350318471,0,16,None,66,1,5,False,1000,1000
16651,196,random,10,0.7212380573248408,0,16,None,66,1,5,False,1000,1000
16652,197,random,10,0.7226313694267515,0,16,None,66,1,5,False,1000,1000
16653,198,random,10,0.7238256369426752,0,16,None,66,1,5,False,1000,1000
16654,199,random,10,0.7254179936305732,0,16,None,66,1,5,False,1000,1000
16655,195,random,10,0.7411425159235668,0,18,None,66,1,5,False,1000,1000
16656,196,random,10,0.7421377388535032,0,18,None,66,1,5,False,1000,1000
16657,197,random,10,0.743531050955414,0,18,None,66,1,5,False,1000,1000
16658,198,random,10,0.7441281847133758,0,18,None,66,1,5,False,1000,1000
16659,199,random,10,0.7458200636942676,0,18,None,66,1,5,False,1000,1000
16660,195,random,10,0.7500995222929936,0,19,None,66,1,5,False,1000,1000
16661,196,random,10,0.7523885350318471,0,19,None,66,1,5,False,1000,1000
16662,197,random,10,0.7529856687898089,0,19,None,66,1,5,False,1000,1000
16663,198,random,10,0.7533837579617835,0,19,None,66,1,5,False,1000,1000
16664,199,random,10,0.7541799363057324,0,19,None,66,1,5,False,1000,1000
0,0,weighted,10,0.1957603503184713,0,1,None,66,1,5,False,1000,1000
1,1,weighted,10,0.2638335987261146,0,1,None,66,1,5,False,1000,1000
2,2,weighted,10,0.2536823248407643,0,1,None,66,1,5,False,1000,1000
3,3,weighted,10,0.2453224522292993,0,1,None,66,1,5,False,1000,1000
4,4,weighted,10,0.2458200636942675,0,1,None,66,1,5,False,1000,1000
5,0,weighted,10,0.1024084394904458,0,13,None,66,1,5,False,1000,1000
6,1,weighted,10,0.1019108280254777,0,13,None,66,1,5,False,1000,1000
7,2,weighted,10,0.1013136942675159,0,13,None,66,1,5,False,1000,1000
8,3,weighted,10,0.1003184713375796,0,13,None,66,1,5,False,1000,1000
9,4,weighted,10,0.0999203821656051,0,13,None,66,1,5,False,1000,1000
10,0,weighted,10,0.1210191082802547,0,16,None,66,1,5,False,1000,1000
11,1,weighted,10,0.3121019108280254,0,16,None,66,1,5,False,1000,1000
12,2,weighted,10,0.4352109872611465,0,16,None,66,1,5,False,1000,1000
13,3,weighted,10,0.5328423566878981,0,16,None,66,1,5,False,1000,1000
14,4,weighted,10,0.5604100318471338,0,16,None,66,1,5,False,1000,1000
15,0,weighted,10,0.3400676751592357,0,8,None,66,1,5,False,1000,1000
16,1,weighted,10,0.3865445859872611,0,8,None,66,1,5,False,1000,1000
17,2,weighted,10,0.462281050955414,0,8,None,66,1,5,False,1000,1000
18,3,weighted,10,0.5149283439490446,0,8,None,66,1,5,False,1000,1000
19,4,weighted,10,0.5306528662420382,0,8,None,66,1,5,False,1000,1000
20,0,weighted,10,0.1183320063694267,0,19,None,66,1,5,False,1000,1000
21,1,weighted,10,0.210390127388535,0,19,None,66,1,5,False,1000,1000
22,2,weighted,10,0.3047372611464968,0,19,None,66,1,5,False,1000,1000
23,3,weighted,10,0.3375796178343949,0,19,None,66,1,5,False,1000,1000
24,4,weighted,10,0.4039609872611465,0,19,None,66,1,5,False,1000,1000
25,0,weighted,10,0.1499800955414012,0,22,None,66,1,5,False,1000,1000
26,1,weighted,10,0.2802547770700637,0,22,None,66,1,5,False,1000,1000
27,2,weighted,10,0.3244426751592357,0,22,None,66,1,5,False,1000,1000
28,3,weighted,10,0.3665406050955414,0,22,None,66,1,5,False,1000,1000
29,4,weighted,10,0.4083399681528662,0,22,None,66,1,5,False,1000,1000
30,0,weighted,10,0.0593152866242038,0,23,None,66,1,5,False,1000,1000
31,1,weighted,10,0.0950437898089172,0,23,None,66,1,5,False,1000,1000
32,2,weighted,10,0.221437101910828,0,23,None,66,1,5,False,1000,1000
33,3,weighted,10,0.3356886942675159,0,23,None,66,1,5,False,1000,1000
34,4,weighted,10,0.4000796178343949,0,23,None,66,1,5,False,1000,1000
35,0,weighted,10,0.1019108280254777,0,25,None,66,1,5,False,1000,1000
36,1,weighted,10,0.1254976114649681,0,25,None,66,1,5,False,1000,1000
37,2,weighted,10,0.159733280254777,0,25,None,66,1,5,False,1000,1000
38,3,weighted,10,0.1785429936305732,0,25,None,66,1,5,False,1000,1000
39,4,weighted,10,0.1876990445859872,0,25,None,66,1,5,False,1000,1000
40,0,weighted,10,0.1218152866242038,0,21,None,66,1,5,False,1000,1000
41,1,weighted,10,0.1462977707006369,0,21,None,66,1,5,False,1000,1000
42,2,weighted,10,0.1830214968152866,0,21,None,66,1,5,False,1000,1000
43,3,weighted,10,0.1981488853503184,0,21,None,66,1,5,False,1000,1000
44,4,weighted,10,0.1905851910828025,0,21,None,66,1,5,False,1000,1000
45,0,weighted,10,0.2026273885350318,0,29,None,66,1,5,False,1000,1000
46,1,weighted,10,0.1959593949044586,0,29,None,66,1,5,False,1000,1000
47,2,weighted,10,0.2367635350318471,0,29,None,66,1,5,False,1000,1000
48,3,weighted,10,0.2533837579617834,0,29,None,66,1,5,False,1000,1000
49,4,weighted,10,0.2394506369426751,0,29,None,66,1,5,False,1000,1000
50,0,weighted,10,0.2492038216560509,0,24,None,66,1,5,False,1000,1000
51,1,weighted,10,0.3015525477707006,0,24,None,66,1,5,False,1000,1000
52,2,weighted,10,0.3570859872611465,0,24,None,66,1,5,False,1000,1000
53,3,weighted,10,0.4054538216560509,0,24,None,66,1,5,False,1000,1000
54,4,weighted,10,0.4222730891719745,0,24,None,66,1,5,False,1000,1000
55,0,weighted,10,0.1246019108280254,0,27,None,66,1,5,False,1000,1000
56,1,weighted,10,0.2931926751592357,0,27,None,66,1,5,False,1000,1000
57,2,weighted,10,0.3690286624203822,0,27,None,66,1,5,False,1000,1000
58,3,weighted,10,0.3953025477707006,0,27,None,66,1,5,False,1000,1000
59,4,weighted,10,0.4095342356687898,0,27,None,66,1,5,False,1000,1000
60,0,weighted,10,0.0995222929936305,0,31,None,66,1,5,False,1000,1000
61,1,weighted,10,0.0995222929936305,0,31,None,66,1,5,False,1000,1000
62,2,weighted,10,0.1041998407643312,0,31,None,66,1,5,False,1000,1000
63,3,weighted,10,0.1777468152866242,0,31,None,66,1,5,False,1000,1000
64,4,weighted,10,0.2537818471337579,0,31,None,66,1,5,False,1000,1000
65,0,weighted,10,0.2029259554140127,0,32,None,66,1,5,False,1000,1000
66,1,weighted,10,0.2505971337579618,0,32,None,66,1,5,False,1000,1000
67,2,weighted,10,0.3029458598726114,0,32,None,66,1,5,False,1000,1000
68,3,weighted,10,0.3614649681528662,0,32,None,66,1,5,False,1000,1000
69,4,weighted,10,0.4079418789808917,0,32,None,66,1,5,False,1000,1000
70,0,weighted,10,0.0952428343949044,0,2,None,66,1,5,False,1000,1000
71,1,weighted,10,0.0957404458598726,0,2,None,66,1,5,False,1000,1000
72,2,weighted,10,0.0957404458598726,0,2,None,66,1,5,False,1000,1000
73,3,weighted,10,0.0961385350318471,0,2,None,66,1,5,False,1000,1000
74,4,weighted,10,0.0969347133757961,0,2,None,66,1,5,False,1000,1000
75,0,weighted,10,0.1714769108280254,0,0,None,66,1,5,False,1000,1000
76,1,weighted,10,0.2259156050955414,0,0,None,66,1,5,False,1000,1000
77,2,weighted,10,0.3173765923566879,0,0,None,66,1,5,False,1000,1000
78,3,weighted,10,0.3966958598726114,0,0,None,66,1,5,False,1000,1000
79,4,weighted,10,0.4365047770700637,0,0,None,66,1,5,False,1000,1000
80,0,weighted,10,0.1041998407643312,0,3,None,66,1,5,False,1000,1000
81,1,weighted,10,0.121218152866242,0,3,None,66,1,5,False,1000,1000
82,2,weighted,10,0.107484076433121,0,3,None,66,1,5,False,1000,1000
83,3,weighted,10,0.1011146496815286,0,3,None,66,1,5,False,1000,1000
84,4,weighted,10,0.0999203821656051,0,3,None,66,1,5,False,1000,1000
85,0,weighted,10,0.283937101910828,0,9,None,66,1,5,False,1000,1000
86,1,weighted,10,0.300358280254777,0,9,None,66,1,5,False,1000,1000
87,2,weighted,10,0.5660828025477707,0,9,None,66,1,5,False,1000,1000
88,3,weighted,10,0.6201234076433121,0,9,None,66,1,5,False,1000,1000
89,4,weighted,10,0.6359474522292994,0,9,None,66,1,5,False,1000,1000
90,0,weighted,10,0.3361863057324841,0,10,None,66,1,5,False,1000,1000
91,1,weighted,10,0.3934116242038216,0,10,None,66,1,5,False,1000,1000
92,2,weighted,10,0.4178941082802547,0,10,None,66,1,5,False,1000,1000
93,3,weighted,10,0.440187101910828,0,10,None,66,1,5,False,1000,1000
94,4,weighted,10,0.5600119426751592,0,10,None,66,1,5,False,1000,1000
95,0,weighted,10,0.1148487261146496,0,15,None,66,1,5,False,1000,1000
96,1,weighted,10,0.1933718152866242,0,15,None,66,1,5,False,1000,1000
97,2,weighted,10,0.2477109872611465,0,15,None,66,1,5,False,1000,1000
98,3,weighted,10,0.2932921974522293,0,15,None,66,1,5,False,1000,1000
99,4,weighted,10,0.3414609872611465,0,15,None,66,1,5,False,1000,1000
100,0,weighted,10,0.1542595541401273,0,11,None,66,1,5,False,1000,1000
101,1,weighted,10,0.1059912420382165,0,11,None,66,1,5,False,1000,1000
102,2,weighted,10,0.0996218152866242,0,11,None,66,1,5,False,1000,1000
103,3,weighted,10,0.0995222929936305,0,11,None,66,1,5,False,1000,1000
104,4,weighted,10,0.0995222929936305,0,11,None,66,1,5,False,1000,1000
105,0,weighted,10,0.192078025477707,0,17,None,66,1,5,False,1000,1000
106,1,weighted,10,0.2533837579617834,0,17,None,66,1,5,False,1000,1000
107,2,weighted,10,0.2427348726114649,0,17,None,66,1,5,False,1000,1000
108,3,weighted,10,0.2358678343949044,0,17,None,66,1,5,False,1000,1000
109,4,weighted,10,0.2578622611464968,0,17,None,66,1,5,False,1000,1000
110,0,weighted,10,0.0996218152866242,0,20,None,66,1,5,False,1000,1000
111,1,weighted,10,0.0995222929936305,0,20,None,66,1,5,False,1000,1000
112,2,weighted,10,0.0995222929936305,0,20,None,66,1,5,False,1000,1000
113,3,weighted,10,0.0995222929936305,0,20,None,66,1,5,False,1000,1000
114,4,weighted,10,0.0995222929936305,0,20,None,66,1,5,False,1000,1000
115,0,weighted,10,0.2032245222929936,0,18,None,66,1,5,False,1000,1000
116,1,weighted,10,0.2333797770700637,0,18,None,66,1,5,False,1000,1000
117,2,weighted,10,0.2304936305732484,0,18,None,66,1,5,False,1000,1000
118,3,weighted,10,0.2208399681528662,0,18,None,66,1,5,False,1000,1000
119,4,weighted,10,0.2072054140127388,0,18,None,66,1,5,False,1000,1000
120,0,weighted,10,0.2291003184713375,0,28,None,66,1,5,False,1000,1000
121,1,weighted,10,0.3402667197452229,0,28,None,66,1,5,False,1000,1000
122,2,weighted,10,0.4174960191082802,0,28,None,66,1,5,False,1000,1000
123,3,weighted,10,0.4462579617834395,0,28,None,66,1,5,False,1000,1000
124,4,weighted,10,0.453125,0,28,None,66,1,5,False,1000,1000
125,0,weighted,10,0.3255374203821656,0,5,None,66,1,5,False,1000,1000
126,1,weighted,10,0.3708200636942675,0,5,None,66,1,5,False,1000,1000
127,2,weighted,10,0.3511146496815286,0,5,None,66,1,5,False,1000,1000
128,3,weighted,10,0.360171178343949,0,5,None,66,1,5,False,1000,1000
129,4,weighted,10,0.3875398089171974,0,5,None,66,1,5,False,1000,1000
130,0,weighted,10,0.1054936305732484,0,4,None,66,1,5,False,1000,1000
131,1,weighted,10,0.2082006369426751,0,4,None,66,1,5,False,1000,1000
132,2,weighted,10,0.250796178343949,0,4,None,66,1,5,False,1000,1000
133,3,weighted,10,0.2558718152866242,0,4,None,66,1,5,False,1000,1000
134,4,weighted,10,0.242436305732484,0,4,None,66,1,5,False,1000,1000
135,0,weighted,10,0.1084792993630573,0,6,None,66,1,5,False,1000,1000
136,1,weighted,10,0.1528662420382165,0,6,None,66,1,5,False,1000,1000
137,2,weighted,10,0.2576632165605095,0,6,None,66,1,5,False,1000,1000
138,3,weighted,10,0.3140923566878981,0,6,None,66,1,5,False,1000,1000
139,4,weighted,10,0.4073447452229299,0,6,None,66,1,5,False,1000,1000
140,0,weighted,10,0.2577627388535032,0,12,None,66,1,5,False,1000,1000
141,1,weighted,10,0.3141918789808917,0,12,None,66,1,5,False,1000,1000
142,2,weighted,10,0.3930135350318471,0,12,None,66,1,5,False,1000,1000
143,3,weighted,10,0.4399880573248407,0,12,None,66,1,5,False,1000,1000
144,4,weighted,10,0.4934315286624204,0,12,None,66,1,5,False,1000,1000
145,0,weighted,10,0.1769506369426751,0,7,None,66,1,5,False,1000,1000
146,1,weighted,10,0.2202428343949044,0,7,None,66,1,5,False,1000,1000
147,2,weighted,10,0.2973726114649681,0,7,None,66,1,5,False,1000,1000
148,3,weighted,10,0.3218550955414013,0,7,None,66,1,5,False,1000,1000
149,4,weighted,10,0.3411624203821656,0,7,None,66,1,5,False,1000,1000
150,0,weighted,10,0.2075039808917197,0,14,None,66,1,5,False,1000,1000
151,1,weighted,10,0.32703025477707,0,14,None,66,1,5,False,1000,1000
152,2,weighted,10,0.3447452229299363,0,14,None,66,1,5,False,1000,1000
153,3,weighted,10,0.3652468152866242,0,14,None,66,1,5,False,1000,1000
154,4,weighted,10,0.397890127388535,0,14,None,66,1,5,False,1000,1000
155,0,weighted,10,0.1857085987261146,0,26,None,66,1,5,False,1000,1000
156,1,weighted,10,0.2759753184713376,0,26,None,66,1,5,False,1000,1000
157,2,weighted,10,0.3086186305732484,0,26,None,66,1,5,False,1000,1000
158,3,weighted,10,0.3651472929936306,0,26,None,66,1,5,False,1000,1000
159,4,weighted,10,0.3987858280254777,0,26,None,66,1,5,False,1000,1000
160,0,weighted,10,0.1794386942675159,0,30,None,66,1,5,False,1000,1000
161,1,weighted,10,0.2237261146496815,0,30,None,66,1,5,False,1000,1000
162,2,weighted,10,0.2338773885350318,0,30,None,66,1,5,False,1000,1000
163,3,weighted,10,0.2107882165605095,0,30,None,66,1,5,False,1000,1000
164,4,weighted,10,0.1848128980891719,0,30,None,66,1,5,False,1000,1000
165,5,weighted,10,0.2422372611464968,0,17,None,66,1,5,False,1000,1000
166,6,weighted,10,0.2405453821656051,0,17,None,66,1,5,False,1000,1000
167,7,weighted,10,0.2395501592356688,0,17,None,66,1,5,False,1000,1000
168,8,weighted,10,0.238953025477707,0,17,None,66,1,5,False,1000,1000
169,9,weighted,10,0.2383558917197452,0,17,None,66,1,5,False,1000,1000
170,5,weighted,10,0.1041003184713375,0,18,None,66,1,5,False,1000,1000
171,6,weighted,10,0.1293789808917197,0,18,None,66,1,5,False,1000,1000
172,7,weighted,10,0.1564490445859872,0,18,None,66,1,5,False,1000,1000
173,8,weighted,10,0.17078025477707,0,18,None,66,1,5,False,1000,1000
174,9,weighted,10,0.181031050955414,0,18,None,66,1,5,False,1000,1000
175,5,weighted,10,0.23328025477707,0,20,None,66,1,5,False,1000,1000
176,6,weighted,10,0.2418391719745223,0,20,None,66,1,5,False,1000,1000
177,7,weighted,10,0.2492038216560509,0,20,None,66,1,5,False,1000,1000
178,8,weighted,10,0.2561703821656051,0,20,None,66,1,5,False,1000,1000
179,9,weighted,10,0.2624402866242038,0,20,None,66,1,5,False,1000,1000
180,5,weighted,10,0.2234275477707006,0,1,None,66,1,5,False,1000,1000
181,6,weighted,10,0.2282046178343949,0,1,None,66,1,5,False,1000,1000
182,7,weighted,10,0.2264132165605095,0,1,None,66,1,5,False,1000,1000
183,8,weighted,10,0.2412420382165605,0,1,None,66,1,5,False,1000,1000
184,9,weighted,10,0.2275079617834395,0,1,None,66,1,5,False,1000,1000
185,5,weighted,10,0.4002786624203822,0,28,None,66,1,5,False,1000,1000
186,6,weighted,10,0.3863455414012738,0,28,None,66,1,5,False,1000,1000
187,7,weighted,10,0.3586783439490446,0,28,None,66,1,5,False,1000,1000
188,8,weighted,10,0.3470342356687898,0,28,None,66,1,5,False,1000,1000
189,9,weighted,10,0.3651472929936306,0,28,None,66,1,5,False,1000,1000
190,5,weighted,10,0.3050358280254777,0,5,None,66,1,5,False,1000,1000
191,6,weighted,10,0.2975716560509554,0,5,None,66,1,5,False,1000,1000
192,7,weighted,10,0.3119028662420382,0,5,None,66,1,5,False,1000,1000
193,8,weighted,10,0.3109076433121019,0,5,None,66,1,5,False,1000,1000
194,9,weighted,10,0.3029458598726114,0,5,None,66,1,5,False,1000,1000
195,5,weighted,10,0.424562101910828,0,10,None,66,1,5,False,1000,1000
196,6,weighted,10,0.4712380573248407,0,10,None,66,1,5,False,1000,1000
197,7,weighted,10,0.5371218152866242,0,10,None,66,1,5,False,1000,1000
198,8,weighted,10,0.5588176751592356,0,10,None,66,1,5,False,1000,1000
199,9,weighted,10,0.5748407643312102,0,10,None,66,1,5,False,1000,1000
200,5,weighted,10,0.494327229299363,0,11,None,66,1,5,False,1000,1000
201,6,weighted,10,0.4860668789808917,0,11,None,66,1,5,False,1000,1000
202,7,weighted,10,0.4587977707006369,0,11,None,66,1,5,False,1000,1000
203,8,weighted,10,0.3805732484076433,0,11,None,66,1,5,False,1000,1000
204,9,weighted,10,0.3204617834394904,0,11,None,66,1,5,False,1000,1000
205,5,weighted,10,0.4433718152866242,0,15,None,66,1,5,False,1000,1000
206,6,weighted,10,0.4137141719745223,0,15,None,66,1,5,False,1000,1000
207,7,weighted,10,0.3762937898089172,0,15,None,66,1,5,False,1000,1000
208,8,weighted,10,0.3742038216560509,0,15,None,66,1,5,False,1000,1000
209,9,weighted,10,0.3711186305732484,0,15,None,66,1,5,False,1000,1000
210,5,weighted,10,0.0995222929936305,0,32,None,66,1,5,False,1000,1000
211,6,weighted,10,0.0995222929936305,0,32,None,66,1,5,False,1000,1000
212,7,weighted,10,0.0995222929936305,0,32,None,66,1,5,False,1000,1000
213,8,weighted,10,0.0995222929936305,0,32,None,66,1,5,False,1000,1000
214,9,weighted,10,0.0995222929936305,0,32,None,66,1,5,False,1000,1000
215,5,weighted,10,0.3247412420382166,0,26,None,66,1,5,False,1000,1000
216,6,weighted,10,0.3870421974522293,0,26,None,66,1,5,False,1000,1000
217,7,weighted,10,0.4375,0,26,None,66,1,5,False,1000,1000
218,8,weighted,10,0.4621815286624204,0,26,None,66,1,5,False,1000,1000
219,9,weighted,10,0.4735270700636942,0,26,None,66,1,5,False,1000,1000
220,5,weighted,10,0.5208996815286624,0,13,None,66,1,5,False,1000,1000
221,6,weighted,10,0.519406847133758,0,13,None,66,1,5,False,1000,1000
222,7,weighted,10,0.5169187898089171,0,13,None,66,1,5,False,1000,1000
223,8,weighted,10,0.5157245222929936,0,13,None,66,1,5,False,1000,1000
224,9,weighted,10,0.5135350318471338,0,13,None,66,1,5,False,1000,1000
225,5,weighted,10,0.0995222929936305,0,6,None,66,1,5,False,1000,1000
226,6,weighted,10,0.0995222929936305,0,6,None,66,1,5,False,1000,1000
227,7,weighted,10,0.0995222929936305,0,6,None,66,1,5,False,1000,1000
228,8,weighted,10,0.0995222929936305,0,6,None,66,1,5,False,1000,1000
229,9,weighted,10,0.0995222929936305,0,6,None,66,1,5,False,1000,1000
230,5,weighted,10,0.3938097133757962,0,12,None,66,1,5,False,1000,1000
231,6,weighted,10,0.4015724522292994,0,12,None,66,1,5,False,1000,1000
232,7,weighted,10,0.3852507961783439,0,12,None,66,1,5,False,1000,1000
233,8,weighted,10,0.3409633757961783,0,12,None,66,1,5,False,1000,1000
234,9,weighted,10,0.4326234076433121,0,12,None,66,1,5,False,1000,1000
235,5,weighted,10,0.1169386942675159,0,7,None,66,1,5,False,1000,1000
236,6,weighted,10,0.1708797770700637,0,7,None,66,1,5,False,1000,1000
237,7,weighted,10,0.1911823248407643,0,7,None,66,1,5,False,1000,1000
238,8,weighted,10,0.1944665605095541,0,7,None,66,1,5,False,1000,1000
239,9,weighted,10,0.1938694267515923,0,7,None,66,1,5,False,1000,1000
240,5,weighted,10,0.341859076433121,0,8,None,66,1,5,False,1000,1000
241,6,weighted,10,0.3236464968152866,0,8,None,66,1,5,False,1000,1000
242,7,weighted,10,0.3181727707006369,0,8,None,66,1,5,False,1000,1000
243,8,weighted,10,0.2983678343949044,0,8,None,66,1,5,False,1000,1000
244,9,weighted,10,0.3072253184713376,0,8,None,66,1,5,False,1000,1000
245,5,weighted,10,0.37390525477707,0,16,None,66,1,5,False,1000,1000
246,6,weighted,10,0.3721138535031847,0,16,None,66,1,5,False,1000,1000
247,7,weighted,10,0.4234673566878981,0,16,None,66,1,5,False,1000,1000
248,8,weighted,10,0.4464570063694267,0,16,None,66,1,5,False,1000,1000
249,9,weighted,10,0.5059713375796179,0,16,None,66,1,5,False,1000,1000
250,5,weighted,10,0.6488853503184714,0,25,None,66,1,5,False,1000,1000
251,6,weighted,10,0.6180334394904459,0,25,None,66,1,5,False,1000,1000
252,7,weighted,10,0.6056926751592356,0,25,None,66,1,5,False,1000,1000
253,8,weighted,10,0.6009156050955414,0,25,None,66,1,5,False,1000,1000
254,9,weighted,10,0.6011146496815286,0,25,None,66,1,5,False,1000,1000
255,5,weighted,10,0.647890127388535,0,9,None,66,1,5,False,1000,1000
256,6,weighted,10,0.6567476114649682,0,9,None,66,1,5,False,1000,1000
257,7,weighted,10,0.6642117834394905,0,9,None,66,1,5,False,1000,1000
258,8,weighted,10,0.677547770700637,0,9,None,66,1,5,False,1000,1000
259,9,weighted,10,0.6934713375796179,0,9,None,66,1,5,False,1000,1000
260,5,weighted,10,0.6184315286624203,0,29,None,66,1,5,False,1000,1000
261,6,weighted,10,0.6079816878980892,0,29,None,66,1,5,False,1000,1000
262,7,weighted,10,0.6070859872611465,0,29,None,66,1,5,False,1000,1000
263,8,weighted,10,0.6077826433121019,0,29,None,66,1,5,False,1000,1000
264,9,weighted,10,0.6090764331210191,0,29,None,66,1,5,False,1000,1000
265,5,weighted,10,0.4149084394904458,0,2,None,66,1,5,False,1000,1000
266,6,weighted,10,0.4066480891719745,0,2,None,66,1,5,False,1000,1000
267,7,weighted,10,0.4000796178343949,0,2,None,66,1,5,False,1000,1000
268,8,weighted,10,0.394108280254777,0,2,None,66,1,5,False,1000,1000
269,9,weighted,10,0.3872412420382166,0,2,None,66,1,5,False,1000,1000
270,5,weighted,10,0.1758558917197452,0,3,None,66,1,5,False,1000,1000
271,6,weighted,10,0.1765525477707006,0,3,None,66,1,5,False,1000,1000
272,7,weighted,10,0.1785429936305732,0,3,None,66,1,5,False,1000,1000
273,8,weighted,10,0.1808320063694267,0,3,None,66,1,5,False,1000,1000
274,9,weighted,10,0.1828224522292993,0,3,None,66,1,5,False,1000,1000
275,5,weighted,10,0.1795382165605095,0,19,None,66,1,5,False,1000,1000
276,6,weighted,10,0.1934713375796178,0,19,None,66,1,5,False,1000,1000
277,7,weighted,10,0.2033240445859872,0,19,None,66,1,5,False,1000,1000
278,8,weighted,10,0.208499203821656,0,19,None,66,1,5,False,1000,1000
279,9,weighted,10,0.2178542993630573,0,19,None,66,1,5,False,1000,1000
280,5,weighted,10,0.4178941082802547,0,21,None,66,1,5,False,1000,1000
281,6,weighted,10,0.4147093949044586,0,21,None,66,1,5,False,1000,1000
282,7,weighted,10,0.4057523885350318,0,21,None,66,1,5,False,1000,1000
283,8,weighted,10,0.3956011146496815,0,21,None,66,1,5,False,1000,1000
284,9,weighted,10,0.3857484076433121,0,21,None,66,1,5,False,1000,1000
285,5,weighted,10,0.2798566878980891,0,24,None,66,1,5,False,1000,1000
286,6,weighted,10,0.3288216560509554,0,24,None,66,1,5,False,1000,1000
287,7,weighted,10,0.3370820063694267,0,24,None,66,1,5,False,1000,1000
288,8,weighted,10,0.333499203821656,0,24,None,66,1,5,False,1000,1000
289,9,weighted,10,0.3427547770700637,0,24,None,66,1,5,False,1000,1000
290,5,weighted,10,0.3100119426751592,0,27,None,66,1,5,False,1000,1000
291,6,weighted,10,0.3071257961783439,0,27,None,66,1,5,False,1000,1000
292,7,weighted,10,0.3059315286624204,0,27,None,66,1,5,False,1000,1000
293,8,weighted,10,0.3101114649681528,0,27,None,66,1,5,False,1000,1000
294,9,weighted,10,0.3401671974522293,0,27,None,66,1,5,False,1000,1000
295,5,weighted,10,0.0995222929936305,0,30,None,66,1,5,False,1000,1000
296,6,weighted,10,0.0995222929936305,0,30,None,66,1,5,False,1000,1000
297,7,weighted,10,0.0995222929936305,0,30,None,66,1,5,False,1000,1000
298,8,weighted,10,0.0995222929936305,0,30,None,66,1,5,False,1000,1000
299,9,weighted,10,0.0995222929936305,0,30,None,66,1,5,False,1000,1000
300,5,weighted,10,0.0995222929936305,0,31,None,66,1,5,False,1000,1000
301,6,weighted,10,0.0995222929936305,0,31,None,66,1,5,False,1000,1000
302,7,weighted,10,0.0995222929936305,0,31,None,66,1,5,False,1000,1000
303,8,weighted,10,0.0995222929936305,0,31,None,66,1,5,False,1000,1000
304,9,weighted,10,0.0995222929936305,0,31,None,66,1,5,False,1000,1000
305,5,weighted,10,0.1146496815286624,0,22,None,66,1,5,False,1000,1000
306,6,weighted,10,0.0997213375796178,0,22,None,66,1,5,False,1000,1000
307,7,weighted,10,0.1019108280254777,0,22,None,66,1,5,False,1000,1000
308,8,weighted,10,0.1264928343949044,0,22,None,66,1,5,False,1000,1000
309,9,weighted,10,0.2029259554140127,0,22,None,66,1,5,False,1000,1000
310,5,weighted,10,0.6319665605095541,0,14,None,66,1,5,False,1000,1000
311,6,weighted,10,0.5812101910828026,0,14,None,66,1,5,False,1000,1000
312,7,weighted,10,0.558718152866242,0,14,None,66,1,5,False,1000,1000
313,8,weighted,10,0.5561305732484076,0,14,None,66,1,5,False,1000,1000
314,9,weighted,10,0.5617038216560509,0,14,None,66,1,5,False,1000,1000
315,5,weighted,10,0.3438495222929936,0,0,None,66,1,5,False,1000,1000
316,6,weighted,10,0.4139132165605095,0,0,None,66,1,5,False,1000,1000
317,7,weighted,10,0.4464570063694267,0,0,None,66,1,5,False,1000,1000
318,8,weighted,10,0.4640724522292994,0,0,None,66,1,5,False,1000,1000
319,9,weighted,10,0.4538216560509554,0,0,None,66,1,5,False,1000,1000
320,5,weighted,10,0.0995222929936305,0,4,None,66,1,5,False,1000,1000
321,6,weighted,10,0.0995222929936305,0,4,None,66,1,5,False,1000,1000
322,7,weighted,10,0.0995222929936305,0,4,None,66,1,5,False,1000,1000
323,8,weighted,10,0.0995222929936305,0,4,None,66,1,5,False,1000,1000
324,9,weighted,10,0.0995222929936305,0,4,None,66,1,5,False,1000,1000
325,5,weighted,10,0.0995222929936305,0,23,None,66,1,5,False,1000,1000
326,6,weighted,10,0.0995222929936305,0,23,None,66,1,5,False,1000,1000
327,7,weighted,10,0.0995222929936305,0,23,None,66,1,5,False,1000,1000
328,8,weighted,10,0.0995222929936305,0,23,None,66,1,5,False,1000,1000
329,9,weighted,10,0.0995222929936305,0,23,None,66,1,5,False,1000,1000
330,10,weighted,10,0.447452229299363,0,16,None,66,1,5,False,1000,1000
331,11,weighted,10,0.4969148089171974,0,16,None,66,1,5,False,1000,1000
332,12,weighted,10,0.529359076433121,0,16,None,66,1,5,False,1000,1000
333,13,weighted,10,0.5470740445859873,0,16,None,66,1,5,False,1000,1000
334,14,weighted,10,0.5632961783439491,0,16,None,66,1,5,False,1000,1000
335,10,weighted,10,0.3509156050955414,0,18,None,66,1,5,False,1000,1000
336,11,weighted,10,0.308718152866242,0,18,None,66,1,5,False,1000,1000
337,12,weighted,10,0.2697054140127388,0,18,None,66,1,5,False,1000,1000
338,13,weighted,10,0.2442277070063694,0,18,None,66,1,5,False,1000,1000
339,14,weighted,10,0.2296974522292993,0,18,None,66,1,5,False,1000,1000
340,10,weighted,10,0.4244625796178344,0,19,None,66,1,5,False,1000,1000
341,11,weighted,10,0.3462380573248407,0,19,None,66,1,5,False,1000,1000
342,12,weighted,10,0.29578025477707,0,19,None,66,1,5,False,1000,1000
343,13,weighted,10,0.2851313694267516,0,19,None,66,1,5,False,1000,1000
344,14,weighted,10,0.2884156050955414,0,19,None,66,1,5,False,1000,1000
345,10,weighted,10,0.2442277070063694,0,1,None,66,1,5,False,1000,1000
346,11,weighted,10,0.2137738853503184,0,1,None,66,1,5,False,1000,1000
347,12,weighted,10,0.181031050955414,0,1,None,66,1,5,False,1000,1000
348,13,weighted,10,0.1557523885350318,0,1,None,66,1,5,False,1000,1000
349,14,weighted,10,0.140625,0,1,None,66,1,5,False,1000,1000
350,10,weighted,10,0.422671178343949,0,2,None,66,1,5,False,1000,1000
351,11,weighted,10,0.4094347133757962,0,2,None,66,1,5,False,1000,1000
352,12,weighted,10,0.3958001592356688,0,2,None,66,1,5,False,1000,1000
353,13,weighted,10,0.379578025477707,0,2,None,66,1,5,False,1000,1000
354,14,weighted,10,0.3654458598726114,0,2,None,66,1,5,False,1000,1000
355,10,weighted,10,0.3943073248407643,0,8,None,66,1,5,False,1000,1000
356,11,weighted,10,0.4023686305732484,0,8,None,66,1,5,False,1000,1000
357,12,weighted,10,0.4138136942675159,0,8,None,66,1,5,False,1000,1000
358,13,weighted,10,0.4198845541401274,0,8,None,66,1,5,False,1000,1000
359,14,weighted,10,0.4359076433121019,0,8,None,66,1,5,False,1000,1000
360,10,weighted,10,0.3710191082802547,0,21,None,66,1,5,False,1000,1000
361,11,weighted,10,0.375,0,21,None,66,1,5,False,1000,1000
362,12,weighted,10,0.3764928343949044,0,21,None,66,1,5,False,1000,1000
363,13,weighted,10,0.3766918789808917,0,21,None,66,1,5,False,1000,1000
364,14,weighted,10,0.3687300955414013,0,21,None,66,1,5,False,1000,1000
365,10,weighted,10,0.6909832802547771,0,9,None,66,1,5,False,1000,1000
366,11,weighted,10,0.7027269108280255,0,9,None,66,1,5,False,1000,1000
367,12,weighted,10,0.7134753184713376,0,9,None,66,1,5,False,1000,1000
368,13,weighted,10,0.724422770700637,0,9,None,66,1,5,False,1000,1000
369,14,weighted,10,0.7348726114649682,0,9,None,66,1,5,False,1000,1000
370,10,weighted,10,0.0995222929936305,0,23,None,66,1,5,False,1000,1000
371,11,weighted,10,0.0995222929936305,0,23,None,66,1,5,False,1000,1000
372,12,weighted,10,0.0995222929936305,0,23,None,66,1,5,False,1000,1000
373,13,weighted,10,0.0995222929936305,0,23,None,66,1,5,False,1000,1000
374,14,weighted,10,0.0995222929936305,0,23,None,66,1,5,False,1000,1000
375,10,weighted,10,0.2927945859872611,0,28,None,66,1,5,False,1000,1000
376,11,weighted,10,0.2934912420382166,0,28,None,66,1,5,False,1000,1000
377,12,weighted,10,0.3557921974522293,0,28,None,66,1,5,False,1000,1000
378,13,weighted,10,0.3760947452229299,0,28,None,66,1,5,False,1000,1000
379,14,weighted,10,0.3934116242038216,0,28,None,66,1,5,False,1000,1000
380,10,weighted,10,0.648984872611465,0,29,None,66,1,5,False,1000,1000
381,11,weighted,10,0.6435111464968153,0,29,None,66,1,5,False,1000,1000
382,12,weighted,10,0.6432125796178344,0,29,None,66,1,5,False,1000,1000
383,13,weighted,10,0.6446058917197452,0,29,None,66,1,5,False,1000,1000
384,14,weighted,10,0.6460987261146497,0,29,None,66,1,5,False,1000,1000
385,10,weighted,10,0.0995222929936305,0,20,None,66,1,5,False,1000,1000
386,11,weighted,10,0.0995222929936305,0,20,None,66,1,5,False,1000,1000
387,12,weighted,10,0.0995222929936305,0,20,None,66,1,5,False,1000,1000
388,13,weighted,10,0.0995222929936305,0,20,None,66,1,5,False,1000,1000
389,14,weighted,10,0.0995222929936305,0,20,None,66,1,5,False,1000,1000
390,10,weighted,10,0.5224920382165605,0,15,None,66,1,5,False,1000,1000
391,11,weighted,10,0.5221934713375797,0,15,None,66,1,5,False,1000,1000
392,12,weighted,10,0.5273686305732485,0,15,None,66,1,5,False,1000,1000
393,13,weighted,10,0.5340366242038217,0,15,None,66,1,5,False,1000,1000
394,14,weighted,10,0.537718949044586,0,15,None,66,1,5,False,1000,1000
395,10,weighted,10,0.4206807324840764,0,22,None,66,1,5,False,1000,1000
396,11,weighted,10,0.4836783439490446,0,22,None,66,1,5,False,1000,1000
397,12,weighted,10,0.4808917197452229,0,22,None,66,1,5,False,1000,1000
398,13,weighted,10,0.4571058917197452,0,22,None,66,1,5,False,1000,1000
399,14,weighted,10,0.4183917197452229,0,22,None,66,1,5,False,1000,1000
400,10,weighted,10,0.0995222929936305,0,32,None,66,1,5,False,1000,1000
401,11,weighted,10,0.0995222929936305,0,32,None,66,1,5,False,1000,1000
402,12,weighted,10,0.0995222929936305,0,32,None,66,1,5,False,1000,1000
403,13,weighted,10,0.1046974522292993,0,32,None,66,1,5,False,1000,1000
404,14,weighted,10,0.1248009554140127,0,32,None,66,1,5,False,1000,1000
405,10,weighted,10,0.5443869426751592,0,11,None,66,1,5,False,1000,1000
406,11,weighted,10,0.4426751592356688,0,11,None,66,1,5,False,1000,1000
407,12,weighted,10,0.4040605095541401,0,11,None,66,1,5,False,1000,1000
408,13,weighted,10,0.3829617834394904,0,11,None,66,1,5,False,1000,1000
409,14,weighted,10,0.364749203821656,0,11,None,66,1,5,False,1000,1000
410,10,weighted,10,0.5611066878980892,0,10,None,66,1,5,False,1000,1000
411,11,weighted,10,0.5763335987261147,0,10,None,66,1,5,False,1000,1000
412,12,weighted,10,0.5862858280254777,0,10,None,66,1,5,False,1000,1000
413,13,weighted,10,0.598328025477707,0,10,None,66,1,5,False,1000,1000
414,14,weighted,10,0.6069864649681529,0,10,None,66,1,5,False,1000,1000
415,10,weighted,10,0.3177746815286624,0,17,None,66,1,5,False,1000,1000
416,11,weighted,10,0.3115047770700637,0,17,None,66,1,5,False,1000,1000
417,12,weighted,10,0.3059315286624204,0,17,None,66,1,5,False,1000,1000
418,13,weighted,10,0.3015525477707006,0,17,None,66,1,5,False,1000,1000
419,14,weighted,10,0.2978702229299363,0,17,None,66,1,5,False,1000,1000
420,10,weighted,10,0.529359076433121,0,13,None,66,1,5,False,1000,1000
421,11,weighted,10,0.5177149681528662,0,13,None,66,1,5,False,1000,1000
422,12,weighted,10,0.5032842356687898,0,13,None,66,1,5,False,1000,1000
423,13,weighted,10,0.4854697452229299,0,13,None,66,1,5,False,1000,1000
424,14,weighted,10,0.462281050955414,0,13,None,66,1,5,False,1000,1000
425,10,weighted,10,0.7028264331210191,0,25,None,66,1,5,False,1000,1000
426,11,weighted,10,0.6859076433121019,0,25,None,66,1,5,False,1000,1000
427,12,weighted,10,0.680234872611465,0,25,None,66,1,5,False,1000,1000
428,13,weighted,10,0.6768511146496815,0,25,None,66,1,5,False,1000,1000
429,14,weighted,10,0.6758558917197452,0,25,None,66,1,5,False,1000,1000
430,10,weighted,10,0.2254179936305732,0,3,None,66,1,5,False,1000,1000
431,11,weighted,10,0.2194466560509554,0,3,None,66,1,5,False,1000,1000
432,12,weighted,10,0.2194466560509554,0,3,None,66,1,5,False,1000,1000
433,13,weighted,10,0.2240246815286624,0,3,None,66,1,5,False,1000,1000
434,14,weighted,10,0.2285031847133758,0,3,None,66,1,5,False,1000,1000
435,10,weighted,10,0.336484872611465,0,24,None,66,1,5,False,1000,1000
436,11,weighted,10,0.3238455414012738,0,24,None,66,1,5,False,1000,1000
437,12,weighted,10,0.2975716560509554,0,24,None,66,1,5,False,1000,1000
438,13,weighted,10,0.3054339171974522,0,24,None,66,1,5,False,1000,1000
439,14,weighted,10,0.3656449044585987,0,24,None,66,1,5,False,1000,1000
440,10,weighted,10,0.3775875796178344,0,27,None,66,1,5,False,1000,1000
441,11,weighted,10,0.3936106687898089,0,27,None,66,1,5,False,1000,1000
442,12,weighted,10,0.3687300955414013,0,27,None,66,1,5,False,1000,1000
443,13,weighted,10,0.3141918789808917,0,27,None,66,1,5,False,1000,1000
444,14,weighted,10,0.2980692675159235,0,27,None,66,1,5,False,1000,1000
445,10,weighted,10,0.4123208598726114,0,0,None,66,1,5,False,1000,1000
446,11,weighted,10,0.5304538216560509,0,0,None,66,1,5,False,1000,1000
447,12,weighted,10,0.5660828025477707,0,0,None,66,1,5,False,1000,1000
448,13,weighted,10,0.5527468152866242,0,0,None,66,1,5,False,1000,1000
449,14,weighted,10,0.5383160828025477,0,0,None,66,1,5,False,1000,1000
450,10,weighted,10,0.2632364649681528,0,31,None,66,1,5,False,1000,1000
451,11,weighted,10,0.199343152866242,0,31,None,66,1,5,False,1000,1000
452,12,weighted,10,0.1897890127388535,0,31,None,66,1,5,False,1000,1000
453,13,weighted,10,0.1889928343949044,0,31,None,66,1,5,False,1000,1000
454,14,weighted,10,0.1877985668789809,0,31,None,66,1,5,False,1000,1000
455,10,weighted,10,0.3196656050955414,0,5,None,66,1,5,False,1000,1000
456,11,weighted,10,0.3128980891719745,0,5,None,66,1,5,False,1000,1000
457,12,weighted,10,0.3202627388535032,0,5,None,66,1,5,False,1000,1000
458,13,weighted,10,0.3004578025477707,0,5,None,66,1,5,False,1000,1000
459,14,weighted,10,0.2678144904458598,0,5,None,66,1,5,False,1000,1000
460,10,weighted,10,0.1244028662420382,0,4,None,66,1,5,False,1000,1000
461,11,weighted,10,0.2256170382165605,0,4,None,66,1,5,False,1000,1000
462,12,weighted,10,0.2900079617834395,0,4,None,66,1,5,False,1000,1000
463,13,weighted,10,0.2945859872611465,0,4,None,66,1,5,False,1000,1000
464,14,weighted,10,0.2748805732484076,0,4,None,66,1,5,False,1000,1000
465,10,weighted,10,0.2478105095541401,0,6,None,66,1,5,False,1000,1000
466,11,weighted,10,0.3034434713375796,0,6,None,66,1,5,False,1000,1000
467,12,weighted,10,0.3439490445859872,0,6,None,66,1,5,False,1000,1000
468,13,weighted,10,0.3688296178343949,0,6,None,66,1,5,False,1000,1000
469,14,weighted,10,0.3874402866242038,0,6,None,66,1,5,False,1000,1000
470,10,weighted,10,0.4765127388535032,0,7,None,66,1,5,False,1000,1000
471,11,weighted,10,0.4208797770700637,0,7,None,66,1,5,False,1000,1000
472,12,weighted,10,0.398984872611465,0,7,None,66,1,5,False,1000,1000
473,13,weighted,10,0.3966958598726114,0,7,None,66,1,5,False,1000,1000
474,14,weighted,10,0.4027667197452229,0,7,None,66,1,5,False,1000,1000
475,10,weighted,10,0.6623208598726115,0,14,None,66,1,5,False,1000,1000
476,11,weighted,10,0.65625,0,14,None,66,1,5,False,1000,1000
477,12,weighted,10,0.6571457006369427,0,14,None,66,1,5,False,1000,1000
478,13,weighted,10,0.6560509554140127,0,14,None,66,1,5,False,1000,1000
479,14,weighted,10,0.6575437898089171,0,14,None,66,1,5,False,1000,1000
480,10,weighted,10,0.3717157643312102,0,12,None,66,1,5,False,1000,1000
481,11,weighted,10,0.4064490445859872,0,12,None,66,1,5,False,1000,1000
482,12,weighted,10,0.4427746815286624,0,12,None,66,1,5,False,1000,1000
483,13,weighted,10,0.4872611464968153,0,12,None,66,1,5,False,1000,1000
484,14,weighted,10,0.5152269108280255,0,12,None,66,1,5,False,1000,1000
485,10,weighted,10,0.5280652866242038,0,26,None,66,1,5,False,1000,1000
486,11,weighted,10,0.4936305732484076,0,26,None,66,1,5,False,1000,1000
487,12,weighted,10,0.459593949044586,0,26,None,66,1,5,False,1000,1000
488,13,weighted,10,0.4392914012738853,0,26,None,66,1,5,False,1000,1000
489,14,weighted,10,0.4238654458598726,0,26,None,66,1,5,False,1000,1000
490,10,weighted,10,0.1041003184713375,0,30,None,66,1,5,False,1000,1000
491,11,weighted,10,0.1016122611464968,0,30,None,66,1,5,False,1000,1000
492,12,weighted,10,0.1016122611464968,0,30,None,66,1,5,False,1000,1000
493,13,weighted,10,0.1035031847133758,0,30,None,66,1,5,False,1000,1000
494,14,weighted,10,0.1106687898089172,0,30,None,66,1,5,False,1000,1000
495,15,weighted,10,0.3191679936305732,0,21,None,66,1,5,False,1000,1000
496,16,weighted,10,0.3137937898089172,0,21,None,66,1,5,False,1000,1000
497,17,weighted,10,0.3075238853503185,0,21,None,66,1,5,False,1000,1000
498,18,weighted,10,0.3023487261146497,0,21,None,66,1,5,False,1000,1000
499,19,weighted,10,0.302249203821656,0,21,None,66,1,5,False,1000,1000
500,15,weighted,10,0.2725915605095541,0,1,None,66,1,5,False,1000,1000
501,16,weighted,10,0.2883160828025478,0,1,None,66,1,5,False,1000,1000
502,17,weighted,10,0.3419585987261146,0,1,None,66,1,5,False,1000,1000
503,18,weighted,10,0.3668391719745223,0,1,None,66,1,5,False,1000,1000
504,19,weighted,10,0.3465366242038216,0,1,None,66,1,5,False,1000,1000
505,15,weighted,10,0.5198049363057324,0,2,None,66,1,5,False,1000,1000
506,16,weighted,10,0.5042794585987261,0,2,None,66,1,5,False,1000,1000
507,17,weighted,10,0.4875597133757962,0,2,None,66,1,5,False,1000,1000
508,18,weighted,10,0.4728304140127388,0,2,None,66,1,5,False,1000,1000
509,19,weighted,10,0.4570063694267516,0,2,None,66,1,5,False,1000,1000
510,15,weighted,10,0.377687101910828,0,28,None,66,1,5,False,1000,1000
511,16,weighted,10,0.3780851910828025,0,28,None,66,1,5,False,1000,1000
512,17,weighted,10,0.3948049363057325,0,28,None,66,1,5,False,1000,1000
513,18,weighted,10,0.4210788216560509,0,28,None,66,1,5,False,1000,1000
514,19,weighted,10,0.4461584394904458,0,28,None,66,1,5,False,1000,1000
515,15,weighted,10,0.3660429936305732,0,17,None,66,1,5,False,1000,1000
516,16,weighted,10,0.3599721337579618,0,17,None,66,1,5,False,1000,1000
517,17,weighted,10,0.3501194267515923,0,17,None,66,1,5,False,1000,1000
518,18,weighted,10,0.3375796178343949,0,17,None,66,1,5,False,1000,1000
519,19,weighted,10,0.3238455414012738,0,17,None,66,1,5,False,1000,1000
520,15,weighted,10,0.2770700636942675,0,20,None,66,1,5,False,1000,1000
521,16,weighted,10,0.2893113057324841,0,20,None,66,1,5,False,1000,1000
522,17,weighted,10,0.3012539808917197,0,20,None,66,1,5,False,1000,1000
523,18,weighted,10,0.3105095541401274,0,20,None,66,1,5,False,1000,1000
524,19,weighted,10,0.3203622611464968,0,20,None,66,1,5,False,1000,1000
525,15,weighted,10,0.2014331210191083,0,23,None,66,1,5,False,1000,1000
526,16,weighted,10,0.2377587579617834,0,23,None,66,1,5,False,1000,1000
527,17,weighted,10,0.2322850318471337,0,23,None,66,1,5,False,1000,1000
528,18,weighted,10,0.2275079617834395,0,23,None,66,1,5,False,1000,1000
529,19,weighted,10,0.2409434713375796,0,23,None,66,1,5,False,1000,1000
530,15,weighted,10,0.259156050955414,0,5,None,66,1,5,False,1000,1000
531,16,weighted,10,0.2628383757961783,0,5,None,66,1,5,False,1000,1000
532,17,weighted,10,0.2400477707006369,0,5,None,66,1,5,False,1000,1000
533,18,weighted,10,0.2457205414012739,0,5,None,66,1,5,False,1000,1000
534,19,weighted,10,0.2413415605095541,0,5,None,66,1,5,False,1000,1000
535,15,weighted,10,0.5052746815286624,0,32,None,66,1,5,False,1000,1000
536,16,weighted,10,0.4958200636942675,0,32,None,66,1,5,False,1000,1000
537,17,weighted,10,0.473328025477707,0,32,None,66,1,5,False,1000,1000
538,18,weighted,10,0.4476512738853503,0,32,None,66,1,5,False,1000,1000
539,19,weighted,10,0.4235668789808917,0,32,None,66,1,5,False,1000,1000
540,15,weighted,10,0.56359474522293,0,22,None,66,1,5,False,1000,1000
541,16,weighted,10,0.4903463375796178,0,22,None,66,1,5,False,1000,1000
542,17,weighted,10,0.4561106687898089,0,22,None,66,1,5,False,1000,1000
543,18,weighted,10,0.4628781847133758,0,22,None,66,1,5,False,1000,1000
544,19,weighted,10,0.4900477707006369,0,22,None,66,1,5,False,1000,1000
545,15,weighted,10,0.5230891719745223,0,26,None,66,1,5,False,1000,1000
546,16,weighted,10,0.470640923566879,0,26,None,66,1,5,False,1000,1000
547,17,weighted,10,0.4387937898089172,0,26,None,66,1,5,False,1000,1000
548,18,weighted,10,0.4248606687898089,0,26,None,66,1,5,False,1000,1000
549,19,weighted,10,0.418889331210191,0,26,None,66,1,5,False,1000,1000
550,15,weighted,10,0.4601910828025478,0,6,None,66,1,5,False,1000,1000
551,16,weighted,10,0.4399880573248407,0,6,None,66,1,5,False,1000,1000
552,17,weighted,10,0.4319267515923566,0,6,None,66,1,5,False,1000,1000
553,18,weighted,10,0.4686504777070063,0,6,None,66,1,5,False,1000,1000
554,19,weighted,10,0.5125398089171974,0,6,None,66,1,5,False,1000,1000
555,15,weighted,10,0.4530254777070063,0,7,None,66,1,5,False,1000,1000
556,16,weighted,10,0.4421775477707006,0,7,None,66,1,5,False,1000,1000
557,17,weighted,10,0.4489450636942675,0,7,None,66,1,5,False,1000,1000
558,18,weighted,10,0.4537221337579618,0,7,None,66,1,5,False,1000,1000
559,19,weighted,10,0.4708399681528662,0,7,None,66,1,5,False,1000,1000
560,15,weighted,10,0.5838972929936306,0,13,None,66,1,5,False,1000,1000
561,16,weighted,10,0.5688694267515924,0,13,None,66,1,5,False,1000,1000
562,17,weighted,10,0.5526472929936306,0,13,None,66,1,5,False,1000,1000
563,18,weighted,10,0.5395103503184714,0,13,None,66,1,5,False,1000,1000
564,19,weighted,10,0.5287619426751592,0,13,None,66,1,5,False,1000,1000
565,15,weighted,10,0.4690485668789809,0,12,None,66,1,5,False,1000,1000
566,16,weighted,10,0.5002985668789809,0,12,None,66,1,5,False,1000,1000
567,17,weighted,10,0.5259753184713376,0,12,None,66,1,5,False,1000,1000
568,18,weighted,10,0.5459792993630573,0,12,None,66,1,5,False,1000,1000
569,19,weighted,10,0.5605095541401274,0,12,None,66,1,5,False,1000,1000
570,15,weighted,10,0.7299960191082803,0,9,None,66,1,5,False,1000,1000
571,16,weighted,10,0.7369625796178344,0,9,None,66,1,5,False,1000,1000
572,17,weighted,10,0.7442277070063694,0,9,None,66,1,5,False,1000,1000
573,18,weighted,10,0.7520899681528662,0,9,None,66,1,5,False,1000,1000
574,19,weighted,10,0.7577627388535032,0,9,None,66,1,5,False,1000,1000
575,15,weighted,10,0.703125,0,14,None,66,1,5,False,1000,1000
576,16,weighted,10,0.7001393312101911,0,14,None,66,1,5,False,1000,1000
577,17,weighted,10,0.7013335987261147,0,14,None,66,1,5,False,1000,1000
578,18,weighted,10,0.7039211783439491,0,14,None,66,1,5,False,1000,1000
579,19,weighted,10,0.7037221337579618,0,14,None,66,1,5,False,1000,1000
580,15,weighted,10,0.7317874203821656,0,25,None,66,1,5,False,1000,1000
581,16,weighted,10,0.7089968152866242,0,25,None,66,1,5,False,1000,1000
582,17,weighted,10,0.7001393312101911,0,25,None,66,1,5,False,1000,1000
583,18,weighted,10,0.696656050955414,0,25,None,66,1,5,False,1000,1000
584,19,weighted,10,0.6954617834394905,0,25,None,66,1,5,False,1000,1000
585,15,weighted,10,0.6794386942675159,0,29,None,66,1,5,False,1000,1000
586,16,weighted,10,0.6800358280254777,0,29,None,66,1,5,False,1000,1000
587,17,weighted,10,0.6814291401273885,0,29,None,66,1,5,False,1000,1000
588,18,weighted,10,0.6835191082802548,0,29,None,66,1,5,False,1000,1000
589,19,weighted,10,0.6851114649681529,0,29,None,66,1,5,False,1000,1000
590,15,weighted,10,0.2924960191082802,0,24,None,66,1,5,False,1000,1000
591,16,weighted,10,0.3318073248407643,0,24,None,66,1,5,False,1000,1000
592,17,weighted,10,0.4168988853503185,0,24,None,66,1,5,False,1000,1000
593,18,weighted,10,0.3865445859872611,0,24,None,66,1,5,False,1000,1000
594,19,weighted,10,0.3839570063694267,0,24,None,66,1,5,False,1000,1000
595,15,weighted,10,0.3396695859872611,0,27,None,66,1,5,False,1000,1000
596,16,weighted,10,0.3168789808917197,0,27,None,66,1,5,False,1000,1000
597,17,weighted,10,0.3008558917197452,0,27,None,66,1,5,False,1000,1000
598,18,weighted,10,0.2883160828025478,0,27,None,66,1,5,False,1000,1000
599,19,weighted,10,0.2845342356687898,0,27,None,66,1,5,False,1000,1000
600,15,weighted,10,0.2874203821656051,0,30,None,66,1,5,False,1000,1000
601,16,weighted,10,0.2700039808917197,0,30,None,66,1,5,False,1000,1000
602,17,weighted,10,0.2612460191082802,0,30,None,66,1,5,False,1000,1000
603,18,weighted,10,0.2792595541401274,0,30,None,66,1,5,False,1000,1000
604,19,weighted,10,0.2828423566878981,0,30,None,66,1,5,False,1000,1000
605,15,weighted,10,0.252687101910828,0,31,None,66,1,5,False,1000,1000
606,16,weighted,10,0.2223328025477707,0,31,None,66,1,5,False,1000,1000
607,17,weighted,10,0.2184514331210191,0,31,None,66,1,5,False,1000,1000
608,18,weighted,10,0.2271098726114649,0,31,None,66,1,5,False,1000,1000
609,19,weighted,10,0.2358678343949044,0,31,None,66,1,5,False,1000,1000
610,15,weighted,10,0.5723527070063694,0,0,None,66,1,5,False,1000,1000
611,16,weighted,10,0.645203025477707,0,0,None,66,1,5,False,1000,1000
612,17,weighted,10,0.6251990445859873,0,0,None,66,1,5,False,1000,1000
613,18,weighted,10,0.5936504777070064,0,0,None,66,1,5,False,1000,1000
614,19,weighted,10,0.5772292993630573,0,0,None,66,1,5,False,1000,1000
615,15,weighted,10,0.4471536624203822,0,8,None,66,1,5,False,1000,1000
616,16,weighted,10,0.4678542993630573,0,8,None,66,1,5,False,1000,1000
617,17,weighted,10,0.4911425159235669,0,8,None,66,1,5,False,1000,1000
618,18,weighted,10,0.5119426751592356,0,8,None,66,1,5,False,1000,1000
619,19,weighted,10,0.5303542993630573,0,8,None,66,1,5,False,1000,1000
620,15,weighted,10,0.5509554140127388,0,16,None,66,1,5,False,1000,1000
621,16,weighted,10,0.5673765923566879,0,16,None,66,1,5,False,1000,1000
622,17,weighted,10,0.5831011146496815,0,16,None,66,1,5,False,1000,1000
623,18,weighted,10,0.5985270700636943,0,16,None,66,1,5,False,1000,1000
624,19,weighted,10,0.6124601910828026,0,16,None,66,1,5,False,1000,1000
625,15,weighted,10,0.4701433121019108,0,19,None,66,1,5,False,1000,1000
626,16,weighted,10,0.4933320063694267,0,19,None,66,1,5,False,1000,1000
627,17,weighted,10,0.5100517515923567,0,19,None,66,1,5,False,1000,1000
628,18,weighted,10,0.5189092356687898,0,19,None,66,1,5,False,1000,1000
629,19,weighted,10,0.5282643312101911,0,19,None,66,1,5,False,1000,1000
630,15,weighted,10,0.400577229299363,0,18,None,66,1,5,False,1000,1000
631,16,weighted,10,0.3901273885350318,0,18,None,66,1,5,False,1000,1000
632,17,weighted,10,0.3854498407643312,0,18,None,66,1,5,False,1000,1000
633,18,weighted,10,0.3835589171974522,0,18,None,66,1,5,False,1000,1000
634,19,weighted,10,0.3836584394904458,0,18,None,66,1,5,False,1000,1000
635,15,weighted,10,0.2068073248407643,0,3,None,66,1,5,False,1000,1000
636,16,weighted,10,0.2043192675159235,0,3,None,66,1,5,False,1000,1000
637,17,weighted,10,0.2071058917197452,0,3,None,66,1,5,False,1000,1000
638,18,weighted,10,0.2158638535031847,0,3,None,66,1,5,False,1000,1000
639,19,weighted,10,0.2276074840764331,0,3,None,66,1,5,False,1000,1000
640,15,weighted,10,0.3109076433121019,0,4,None,66,1,5,False,1000,1000
641,16,weighted,10,0.3215565286624204,0,4,None,66,1,5,False,1000,1000
642,17,weighted,10,0.2898089171974522,0,4,None,66,1,5,False,1000,1000
643,18,weighted,10,0.2657245222929936,0,4,None,66,1,5,False,1000,1000
644,19,weighted,10,0.2596536624203822,0,4,None,66,1,5,False,1000,1000
645,15,weighted,10,0.60828025477707,0,10,None,66,1,5,False,1000,1000
646,16,weighted,10,0.6163415605095541,0,10,None,66,1,5,False,1000,1000
647,17,weighted,10,0.6229100318471338,0,10,None,66,1,5,False,1000,1000
648,18,weighted,10,0.629578025477707,0,10,None,66,1,5,False,1000,1000
649,19,weighted,10,0.6385350318471338,0,10,None,66,1,5,False,1000,1000
650,15,weighted,10,0.572452229299363,0,11,None,66,1,5,False,1000,1000
651,16,weighted,10,0.5057722929936306,0,11,None,66,1,5,False,1000,1000
652,17,weighted,10,0.4619824840764331,0,11,None,66,1,5,False,1000,1000
653,18,weighted,10,0.4362062101910828,0,11,None,66,1,5,False,1000,1000
654,19,weighted,10,0.4204816878980891,0,11,None,66,1,5,False,1000,1000
655,15,weighted,10,0.6079816878980892,0,15,None,66,1,5,False,1000,1000
656,16,weighted,10,0.6110668789808917,0,15,None,66,1,5,False,1000,1000
657,17,weighted,10,0.613953025477707,0,15,None,66,1,5,False,1000,1000
658,18,weighted,10,0.6168391719745223,0,15,None,66,1,5,False,1000,1000
659,19,weighted,10,0.6197253184713376,0,15,None,66,1,5,False,1000,1000
660,20,weighted,10,0.6373407643312102,0,15,None,66,1,5,False,1000,1000
661,21,weighted,10,0.6385350318471338,0,15,None,66,1,5,False,1000,1000
662,22,weighted,10,0.6416202229299363,0,15,None,66,1,5,False,1000,1000
663,23,weighted,10,0.6431130573248408,0,15,None,66,1,5,False,1000,1000
664,24,weighted,10,0.6442078025477707,0,15,None,66,1,5,False,1000,1000
665,20,weighted,10,0.6356488853503185,0,10,None,66,1,5,False,1000,1000
666,21,weighted,10,0.6446058917197452,0,10,None,66,1,5,False,1000,1000
667,22,weighted,10,0.6510748407643312,0,10,None,66,1,5,False,1000,1000
668,23,weighted,10,0.6552547770700637,0,10,None,66,1,5,False,1000,1000
669,24,weighted,10,0.6641122611464968,0,10,None,66,1,5,False,1000,1000
670,20,weighted,10,0.5885748407643312,0,11,None,66,1,5,False,1000,1000
671,21,weighted,10,0.5452826433121019,0,11,None,66,1,5,False,1000,1000
672,22,weighted,10,0.5114450636942676,0,11,None,66,1,5,False,1000,1000
673,23,weighted,10,0.4791998407643312,0,11,None,66,1,5,False,1000,1000
674,24,weighted,10,0.4547173566878981,0,11,None,66,1,5,False,1000,1000
675,20,weighted,10,0.345640923566879,0,17,None,66,1,5,False,1000,1000
676,21,weighted,10,0.3303144904458598,0,17,None,66,1,5,False,1000,1000
677,22,weighted,10,0.309514331210191,0,17,None,66,1,5,False,1000,1000
678,23,weighted,10,0.3108081210191082,0,17,None,66,1,5,False,1000,1000
679,24,weighted,10,0.310609076433121,0,17,None,66,1,5,False,1000,1000
680,20,weighted,10,0.3815684713375796,0,24,None,66,1,5,False,1000,1000
681,21,weighted,10,0.3807722929936306,0,24,None,66,1,5,False,1000,1000
682,22,weighted,10,0.395999203821656,0,24,None,66,1,5,False,1000,1000
683,23,weighted,10,0.4096337579617834,0,24,None,66,1,5,False,1000,1000
684,24,weighted,10,0.4185907643312102,0,24,None,66,1,5,False,1000,1000
685,20,weighted,10,0.2833399681528662,0,31,None,66,1,5,False,1000,1000
686,21,weighted,10,0.2723925159235669,0,31,None,66,1,5,False,1000,1000
687,22,weighted,10,0.266421178343949,0,31,None,66,1,5,False,1000,1000
688,23,weighted,10,0.2670183121019108,0,31,None,66,1,5,False,1000,1000
689,24,weighted,10,0.2746815286624204,0,31,None,66,1,5,False,1000,1000
690,20,weighted,10,0.2690087579617834,0,20,None,66,1,5,False,1000,1000
691,21,weighted,10,0.2741839171974522,0,20,None,66,1,5,False,1000,1000
692,22,weighted,10,0.2818471337579618,0,20,None,66,1,5,False,1000,1000
693,23,weighted,10,0.2906050955414013,0,20,None,66,1,5,False,1000,1000
694,24,weighted,10,0.3036425159235669,0,20,None,66,1,5,False,1000,1000
695,20,weighted,10,0.4343152866242038,0,1,None,66,1,5,False,1000,1000
696,21,weighted,10,0.375,0,1,None,66,1,5,False,1000,1000
697,22,weighted,10,0.3774880573248407,0,1,None,66,1,5,False,1000,1000
698,23,weighted,10,0.4161027070063694,0,1,None,66,1,5,False,1000,1000
699,24,weighted,10,0.4451632165605095,0,1,None,66,1,5,False,1000,1000
700,20,weighted,10,0.5663813694267515,0,2,None,66,1,5,False,1000,1000
701,21,weighted,10,0.5554339171974523,0,2,None,66,1,5,False,1000,1000
702,22,weighted,10,0.5368232484076433,0,2,None,66,1,5,False,1000,1000
703,23,weighted,10,0.5150278662420382,0,2,None,66,1,5,False,1000,1000
704,24,weighted,10,0.4928343949044586,0,2,None,66,1,5,False,1000,1000
705,20,weighted,10,0.3273288216560509,0,27,None,66,1,5,False,1000,1000
706,21,weighted,10,0.3432523885350318,0,27,None,66,1,5,False,1000,1000
707,22,weighted,10,0.3570859872611465,0,27,None,66,1,5,False,1000,1000
708,23,weighted,10,0.3415605095541401,0,27,None,66,1,5,False,1000,1000
709,24,weighted,10,0.3544984076433121,0,27,None,66,1,5,False,1000,1000
710,20,weighted,10,0.7507961783439491,0,9,None,66,1,5,False,1000,1000
711,21,weighted,10,0.7567675159235668,0,9,None,66,1,5,False,1000,1000
712,22,weighted,10,0.762937898089172,0,9,None,66,1,5,False,1000,1000
713,23,weighted,10,0.7691082802547771,0,9,None,66,1,5,False,1000,1000
714,24,weighted,10,0.7722929936305732,0,9,None,66,1,5,False,1000,1000
715,20,weighted,10,0.418093152866242,0,28,None,66,1,5,False,1000,1000
716,21,weighted,10,0.4427746815286624,0,28,None,66,1,5,False,1000,1000
717,22,weighted,10,0.4784036624203822,0,28,None,66,1,5,False,1000,1000
718,23,weighted,10,0.5065684713375797,0,28,None,66,1,5,False,1000,1000
719,24,weighted,10,0.5269705414012739,0,28,None,66,1,5,False,1000,1000
720,20,weighted,10,0.6960589171974523,0,29,None,66,1,5,False,1000,1000
721,21,weighted,10,0.6977507961783439,0,29,None,66,1,5,False,1000,1000
722,22,weighted,10,0.7003383757961783,0,29,None,66,1,5,False,1000,1000
723,23,weighted,10,0.700437898089172,0,29,None,66,1,5,False,1000,1000
724,24,weighted,10,0.7014331210191083,0,29,None,66,1,5,False,1000,1000
725,20,weighted,10,0.3586783439490446,0,30,None,66,1,5,False,1000,1000
726,21,weighted,10,0.3615644904458598,0,30,None,66,1,5,False,1000,1000
727,22,weighted,10,0.3575835987261146,0,30,None,66,1,5,False,1000,1000
728,23,weighted,10,0.3375796178343949,0,30,None,66,1,5,False,1000,1000
729,24,weighted,10,0.3236464968152866,0,30,None,66,1,5,False,1000,1000
730,20,weighted,10,0.753781847133758,0,14,None,66,1,5,False,1000,1000
731,21,weighted,10,0.7528861464968153,0,14,None,66,1,5,False,1000,1000
732,22,weighted,10,0.7528861464968153,0,14,None,66,1,5,False,1000,1000
733,23,weighted,10,0.7531847133757962,0,14,None,66,1,5,False,1000,1000
734,24,weighted,10,0.7530851910828026,0,14,None,66,1,5,False,1000,1000
735,20,weighted,10,0.6338574840764332,0,22,None,66,1,5,False,1000,1000
736,21,weighted,10,0.6308718152866242,0,22,None,66,1,5,False,1000,1000
737,22,weighted,10,0.6411226114649682,0,22,None,66,1,5,False,1000,1000
738,23,weighted,10,0.6430135350318471,0,22,None,66,1,5,False,1000,1000
739,24,weighted,10,0.6464968152866242,0,22,None,66,1,5,False,1000,1000
740,20,weighted,10,0.6042993630573248,0,16,None,66,1,5,False,1000,1000
741,21,weighted,10,0.616640127388535,0,16,None,66,1,5,False,1000,1000
742,22,weighted,10,0.62609474522293,0,16,None,66,1,5,False,1000,1000
743,23,weighted,10,0.6319665605095541,0,16,None,66,1,5,False,1000,1000
744,24,weighted,10,0.6378383757961783,0,16,None,66,1,5,False,1000,1000
745,20,weighted,10,0.4192874203821656,0,23,None,66,1,5,False,1000,1000
746,21,weighted,10,0.4202826433121019,0,23,None,66,1,5,False,1000,1000
747,22,weighted,10,0.3926154458598726,0,23,None,66,1,5,False,1000,1000
748,23,weighted,10,0.3568869426751592,0,23,None,66,1,5,False,1000,1000
749,24,weighted,10,0.3338972929936306,0,23,None,66,1,5,False,1000,1000
750,20,weighted,10,0.5857882165605095,0,7,None,66,1,5,False,1000,1000
751,21,weighted,10,0.5877786624203821,0,7,None,66,1,5,False,1000,1000
752,22,weighted,10,0.5912619426751592,0,7,None,66,1,5,False,1000,1000
753,23,weighted,10,0.595640923566879,0,7,None,66,1,5,False,1000,1000
754,24,weighted,10,0.6001194267515924,0,7,None,66,1,5,False,1000,1000
755,20,weighted,10,0.4269506369426751,0,32,None,66,1,5,False,1000,1000
756,21,weighted,10,0.3942078025477707,0,32,None,66,1,5,False,1000,1000
757,22,weighted,10,0.3811703821656051,0,32,None,66,1,5,False,1000,1000
758,23,weighted,10,0.3765923566878981,0,32,None,66,1,5,False,1000,1000
759,24,weighted,10,0.3752985668789809,0,32,None,66,1,5,False,1000,1000
760,20,weighted,10,0.3473328025477707,0,4,None,66,1,5,False,1000,1000
761,21,weighted,10,0.3802746815286624,0,4,None,66,1,5,False,1000,1000
762,22,weighted,10,0.4682523885350318,0,4,None,66,1,5,False,1000,1000
763,23,weighted,10,0.5522492038216561,0,4,None,66,1,5,False,1000,1000
764,24,weighted,10,0.5728503184713376,0,4,None,66,1,5,False,1000,1000
765,20,weighted,10,0.5531449044585988,0,8,None,66,1,5,False,1000,1000
766,21,weighted,10,0.5608081210191083,0,8,None,66,1,5,False,1000,1000
767,22,weighted,10,0.5723527070063694,0,8,None,66,1,5,False,1000,1000
768,23,weighted,10,0.5801154458598726,0,8,None,66,1,5,False,1000,1000
769,24,weighted,10,0.5855891719745223,0,8,None,66,1,5,False,1000,1000
770,20,weighted,10,0.5027866242038217,0,18,None,66,1,5,False,1000,1000
771,21,weighted,10,0.470640923566879,0,18,None,66,1,5,False,1000,1000
772,22,weighted,10,0.4581011146496815,0,18,None,66,1,5,False,1000,1000
773,23,weighted,10,0.453125,0,18,None,66,1,5,False,1000,1000
774,24,weighted,10,0.4525278662420382,0,18,None,66,1,5,False,1000,1000
775,20,weighted,10,0.5485668789808917,0,19,None,66,1,5,False,1000,1000
776,21,weighted,10,0.5603105095541401,0,19,None,66,1,5,False,1000,1000
777,22,weighted,10,0.5722531847133758,0,19,None,66,1,5,False,1000,1000
778,23,weighted,10,0.5803144904458599,0,19,None,66,1,5,False,1000,1000
779,24,weighted,10,0.5893710191082803,0,19,None,66,1,5,False,1000,1000
780,20,weighted,10,0.2737858280254777,0,21,None,66,1,5,False,1000,1000
781,21,weighted,10,0.270203025477707,0,21,None,66,1,5,False,1000,1000
782,22,weighted,10,0.2652269108280254,0,21,None,66,1,5,False,1000,1000
783,23,weighted,10,0.2651273885350318,0,21,None,66,1,5,False,1000,1000
784,24,weighted,10,0.272093949044586,0,21,None,66,1,5,False,1000,1000
785,20,weighted,10,0.3692277070063694,0,5,None,66,1,5,False,1000,1000
786,21,weighted,10,0.4075437898089172,0,5,None,66,1,5,False,1000,1000
787,22,weighted,10,0.4481488853503185,0,5,None,66,1,5,False,1000,1000
788,23,weighted,10,0.4686504777070063,0,5,None,66,1,5,False,1000,1000
789,24,weighted,10,0.4707404458598726,0,5,None,66,1,5,False,1000,1000
790,20,weighted,10,0.6863057324840764,0,0,None,66,1,5,False,1000,1000
791,21,weighted,10,0.6675955414012739,0,0,None,66,1,5,False,1000,1000
792,22,weighted,10,0.628781847133758,0,0,None,66,1,5,False,1000,1000
793,23,weighted,10,0.6191281847133758,0,0,None,66,1,5,False,1000,1000
794,24,weighted,10,0.6227109872611465,0,0,None,66,1,5,False,1000,1000
795,20,weighted,10,0.5420979299363057,0,6,None,66,1,5,False,1000,1000
796,21,weighted,10,0.5798168789808917,0,6,None,66,1,5,False,1000,1000
797,22,weighted,10,0.567078025477707,0,6,None,66,1,5,False,1000,1000
798,23,weighted,10,0.5398089171974523,0,6,None,66,1,5,False,1000,1000
799,24,weighted,10,0.5211982484076433,0,6,None,66,1,5,False,1000,1000
800,20,weighted,10,0.5451831210191083,0,12,None,66,1,5,False,1000,1000
801,21,weighted,10,0.5645899681528662,0,12,None,66,1,5,False,1000,1000
802,22,weighted,10,0.580015923566879,0,12,None,66,1,5,False,1000,1000
803,23,weighted,10,0.5935509554140127,0,12,None,66,1,5,False,1000,1000
804,24,weighted,10,0.604796974522293,0,12,None,66,1,5,False,1000,1000
805,20,weighted,10,0.6230095541401274,0,13,None,66,1,5,False,1000,1000
806,21,weighted,10,0.6061902866242038,0,13,None,66,1,5,False,1000,1000
807,22,weighted,10,0.5922571656050956,0,13,None,66,1,5,False,1000,1000
808,23,weighted,10,0.582703025477707,0,13,None,66,1,5,False,1000,1000
809,24,weighted,10,0.5733479299363057,0,13,None,66,1,5,False,1000,1000
810,20,weighted,10,0.7530851910828026,0,25,None,66,1,5,False,1000,1000
811,21,weighted,10,0.7445262738853503,0,25,None,66,1,5,False,1000,1000
812,22,weighted,10,0.7409434713375797,0,25,None,66,1,5,False,1000,1000
813,23,weighted,10,0.7397492038216561,0,25,None,66,1,5,False,1000,1000
814,24,weighted,10,0.7398487261146497,0,25,None,66,1,5,False,1000,1000
815,20,weighted,10,0.2592555732484076,0,3,None,66,1,5,False,1000,1000
816,21,weighted,10,0.2575636942675159,0,3,None,66,1,5,False,1000,1000
817,22,weighted,10,0.262639331210191,0,3,None,66,1,5,False,1000,1000
818,23,weighted,10,0.2552746815286624,0,3,None,66,1,5,False,1000,1000
819,24,weighted,10,0.2597531847133758,0,3,None,66,1,5,False,1000,1000
820,20,weighted,10,0.5296576433121019,0,26,None,66,1,5,False,1000,1000
821,21,weighted,10,0.522890127388535,0,26,None,66,1,5,False,1000,1000
822,22,weighted,10,0.5230891719745223,0,26,None,66,1,5,False,1000,1000
823,23,weighted,10,0.526671974522293,0,26,None,66,1,5,False,1000,1000
824,24,weighted,10,0.5308519108280255,0,26,None,66,1,5,False,1000,1000
825,25,weighted,10,0.3744028662420382,0,30,None,66,1,5,False,1000,1000
826,26,weighted,10,0.3526074840764331,0,30,None,66,1,5,False,1000,1000
827,27,weighted,10,0.3200636942675159,0,30,None,66,1,5,False,1000,1000
828,28,weighted,10,0.2972730891719745,0,30,None,66,1,5,False,1000,1000
829,29,weighted,10,0.2837380573248407,0,30,None,66,1,5,False,1000,1000
830,25,weighted,10,0.604796974522293,0,26,None,66,1,5,False,1000,1000
831,26,weighted,10,0.5734474522292994,0,26,None,66,1,5,False,1000,1000
832,27,weighted,10,0.5658837579617835,0,26,None,66,1,5,False,1000,1000
833,28,weighted,10,0.5646894904458599,0,26,None,66,1,5,False,1000,1000
834,29,weighted,10,0.5667794585987261,0,26,None,66,1,5,False,1000,1000
835,25,weighted,10,0.5936504777070064,0,12,None,66,1,5,False,1000,1000
836,26,weighted,10,0.6086783439490446,0,12,None,66,1,5,False,1000,1000
837,27,weighted,10,0.6199243630573248,0,12,None,66,1,5,False,1000,1000
838,28,weighted,10,0.6293789808917197,0,12,None,66,1,5,False,1000,1000
839,29,weighted,10,0.6385350318471338,0,12,None,66,1,5,False,1000,1000
840,25,weighted,10,0.5198049363057324,0,1,None,66,1,5,False,1000,1000
841,26,weighted,10,0.5259753184713376,0,1,None,66,1,5,False,1000,1000
842,27,weighted,10,0.5372213375796179,0,1,None,66,1,5,False,1000,1000
843,28,weighted,10,0.54796974522293,0,1,None,66,1,5,False,1000,1000
844,29,weighted,10,0.5618033439490446,0,1,None,66,1,5,False,1000,1000
845,25,weighted,10,0.6013136942675159,0,13,None,66,1,5,False,1000,1000
846,26,weighted,10,0.6217157643312102,0,13,None,66,1,5,False,1000,1000
847,27,weighted,10,0.6271894904458599,0,13,None,66,1,5,False,1000,1000
848,28,weighted,10,0.62609474522293,0,13,None,66,1,5,False,1000,1000
849,29,weighted,10,0.6221138535031847,0,13,None,66,1,5,False,1000,1000
850,25,weighted,10,0.2951831210191082,0,21,None,66,1,5,False,1000,1000
851,26,weighted,10,0.3314092356687898,0,21,None,66,1,5,False,1000,1000
852,27,weighted,10,0.3801751592356688,0,21,None,66,1,5,False,1000,1000
853,28,weighted,10,0.3995820063694267,0,21,None,66,1,5,False,1000,1000
854,29,weighted,10,0.4042595541401274,0,21,None,66,1,5,False,1000,1000
855,25,weighted,10,0.3544984076433121,0,27,None,66,1,5,False,1000,1000
856,26,weighted,10,0.3707205414012738,0,27,None,66,1,5,False,1000,1000
857,27,weighted,10,0.386843152866242,0,27,None,66,1,5,False,1000,1000
858,28,weighted,10,0.3900278662420382,0,27,None,66,1,5,False,1000,1000
859,29,weighted,10,0.3974920382165605,0,27,None,66,1,5,False,1000,1000
860,25,weighted,10,0.6256966560509554,0,2,None,66,1,5,False,1000,1000
861,26,weighted,10,0.6219148089171974,0,2,None,66,1,5,False,1000,1000
862,27,weighted,10,0.6096735668789809,0,2,None,66,1,5,False,1000,1000
863,28,weighted,10,0.5895700636942676,0,2,None,66,1,5,False,1000,1000
864,29,weighted,10,0.5604100318471338,0,2,None,66,1,5,False,1000,1000
865,25,weighted,10,0.7582603503184714,0,14,None,66,1,5,False,1000,1000
866,26,weighted,10,0.7578622611464968,0,14,None,66,1,5,False,1000,1000
867,27,weighted,10,0.757265127388535,0,14,None,66,1,5,False,1000,1000
868,28,weighted,10,0.757265127388535,0,14,None,66,1,5,False,1000,1000
869,29,weighted,10,0.7574641719745223,0,14,None,66,1,5,False,1000,1000
870,25,weighted,10,0.7658240445859873,0,25,None,66,1,5,False,1000,1000
871,26,weighted,10,0.763734076433121,0,25,None,66,1,5,False,1000,1000
872,27,weighted,10,0.7631369426751592,0,25,None,66,1,5,False,1000,1000
873,28,weighted,10,0.7622412420382165,0,25,None,66,1,5,False,1000,1000
874,29,weighted,10,0.7628383757961783,0,25,None,66,1,5,False,1000,1000
875,25,weighted,10,0.7655254777070064,0,9,None,66,1,5,False,1000,1000
876,26,weighted,10,0.7708001592356688,0,9,None,66,1,5,False,1000,1000
877,27,weighted,10,0.7748805732484076,0,9,None,66,1,5,False,1000,1000
878,28,weighted,10,0.778562898089172,0,9,None,66,1,5,False,1000,1000
879,29,weighted,10,0.78125,0,9,None,66,1,5,False,1000,1000
880,25,weighted,10,0.7082006369426752,0,29,None,66,1,5,False,1000,1000
881,26,weighted,10,0.7092953821656051,0,29,None,66,1,5,False,1000,1000
882,27,weighted,10,0.7100915605095541,0,29,None,66,1,5,False,1000,1000
883,28,weighted,10,0.7112858280254777,0,29,None,66,1,5,False,1000,1000
884,29,weighted,10,0.7121815286624203,0,29,None,66,1,5,False,1000,1000
885,25,weighted,10,0.4849721337579618,0,23,None,66,1,5,False,1000,1000
886,26,weighted,10,0.4511345541401274,0,23,None,66,1,5,False,1000,1000
887,27,weighted,10,0.4247611464968153,0,23,None,66,1,5,False,1000,1000
888,28,weighted,10,0.416202229299363,0,23,None,66,1,5,False,1000,1000
889,29,weighted,10,0.412718949044586,0,23,None,66,1,5,False,1000,1000
890,25,weighted,10,0.6923765923566879,0,22,None,66,1,5,False,1000,1000
891,26,weighted,10,0.6866042993630573,0,22,None,66,1,5,False,1000,1000
892,27,weighted,10,0.6863057324840764,0,22,None,66,1,5,False,1000,1000
893,28,weighted,10,0.6863057324840764,0,22,None,66,1,5,False,1000,1000
894,29,weighted,10,0.68859474522293,0,22,None,66,1,5,False,1000,1000
895,25,weighted,10,0.5050756369426752,0,5,None,66,1,5,False,1000,1000
896,26,weighted,10,0.5070660828025477,0,5,None,66,1,5,False,1000,1000
897,27,weighted,10,0.5117436305732485,0,5,None,66,1,5,False,1000,1000
898,28,weighted,10,0.5208001592356688,0,5,None,66,1,5,False,1000,1000
899,29,weighted,10,0.5270700636942676,0,5,None,66,1,5,False,1000,1000
900,25,weighted,10,0.6420183121019108,0,6,None,66,1,5,False,1000,1000
901,26,weighted,10,0.5784235668789809,0,6,None,66,1,5,False,1000,1000
902,27,weighted,10,0.5607085987261147,0,6,None,66,1,5,False,1000,1000
903,28,weighted,10,0.556827229299363,0,6,None,66,1,5,False,1000,1000
904,29,weighted,10,0.5581210191082803,0,6,None,66,1,5,False,1000,1000
905,25,weighted,10,0.661922770700637,0,10,None,66,1,5,False,1000,1000
906,26,weighted,10,0.6677945859872612,0,10,None,66,1,5,False,1000,1000
907,27,weighted,10,0.6726711783439491,0,10,None,66,1,5,False,1000,1000
908,28,weighted,10,0.6799363057324841,0,10,None,66,1,5,False,1000,1000
909,29,weighted,10,0.6853105095541401,0,10,None,66,1,5,False,1000,1000
910,25,weighted,10,0.6675955414012739,0,15,None,66,1,5,False,1000,1000
911,26,weighted,10,0.669187898089172,0,15,None,66,1,5,False,1000,1000
912,27,weighted,10,0.6706807324840764,0,15,None,66,1,5,False,1000,1000
913,28,weighted,10,0.6722730891719745,0,15,None,66,1,5,False,1000,1000
914,29,weighted,10,0.6734673566878981,0,15,None,66,1,5,False,1000,1000
915,25,weighted,10,0.6089769108280255,0,11,None,66,1,5,False,1000,1000
916,26,weighted,10,0.5503582802547771,0,11,None,66,1,5,False,1000,1000
917,27,weighted,10,0.5013933121019108,0,11,None,66,1,5,False,1000,1000
918,28,weighted,10,0.4613853503184713,0,11,None,66,1,5,False,1000,1000
919,29,weighted,10,0.4317277070063694,0,11,None,66,1,5,False,1000,1000
920,25,weighted,10,0.3829617834394904,0,17,None,66,1,5,False,1000,1000
921,26,weighted,10,0.3756966560509554,0,17,None,66,1,5,False,1000,1000
922,27,weighted,10,0.3787818471337579,0,17,None,66,1,5,False,1000,1000
923,28,weighted,10,0.3838574840764331,0,17,None,66,1,5,False,1000,1000
924,29,weighted,10,0.3902269108280254,0,17,None,66,1,5,False,1000,1000
925,25,weighted,10,0.413515127388535,0,24,None,66,1,5,False,1000,1000
926,26,weighted,10,0.4219745222929936,0,24,None,66,1,5,False,1000,1000
927,27,weighted,10,0.4299363057324841,0,24,None,66,1,5,False,1000,1000
928,28,weighted,10,0.4407842356687898,0,24,None,66,1,5,False,1000,1000
929,29,weighted,10,0.4530254777070063,0,24,None,66,1,5,False,1000,1000
930,25,weighted,10,0.6162420382165605,0,19,None,66,1,5,False,1000,1000
931,26,weighted,10,0.6215167197452229,0,19,None,66,1,5,False,1000,1000
932,27,weighted,10,0.6234076433121019,0,19,None,66,1,5,False,1000,1000
933,28,weighted,10,0.6238057324840764,0,19,None,66,1,5,False,1000,1000
934,29,weighted,10,0.6257961783439491,0,19,None,66,1,5,False,1000,1000
935,25,weighted,10,0.5784235668789809,0,18,None,66,1,5,False,1000,1000
936,26,weighted,10,0.5673765923566879,0,18,None,66,1,5,False,1000,1000
937,27,weighted,10,0.5644904458598726,0,18,None,66,1,5,False,1000,1000
938,28,weighted,10,0.5652866242038217,0,18,None,66,1,5,False,1000,1000
939,29,weighted,10,0.5661823248407644,0,18,None,66,1,5,False,1000,1000
940,25,weighted,10,0.3479299363057325,0,31,None,66,1,5,False,1000,1000
941,26,weighted,10,0.3481289808917197,0,31,None,66,1,5,False,1000,1000
942,27,weighted,10,0.3551950636942675,0,31,None,66,1,5,False,1000,1000
943,28,weighted,10,0.3665406050955414,0,31,None,66,1,5,False,1000,1000
944,29,weighted,10,0.3762937898089172,0,31,None,66,1,5,False,1000,1000
945,25,weighted,10,0.5833001592356688,0,20,None,66,1,5,False,1000,1000
946,26,weighted,10,0.5911624203821656,0,20,None,66,1,5,False,1000,1000
947,27,weighted,10,0.5955414012738853,0,20,None,66,1,5,False,1000,1000
948,28,weighted,10,0.6043988853503185,0,20,None,66,1,5,False,1000,1000
949,29,weighted,10,0.5769307324840764,0,20,None,66,1,5,False,1000,1000
950,25,weighted,10,0.7178542993630573,0,0,None,66,1,5,False,1000,1000
951,26,weighted,10,0.6732683121019108,0,0,None,66,1,5,False,1000,1000
952,27,weighted,10,0.6618232484076433,0,0,None,66,1,5,False,1000,1000
953,28,weighted,10,0.661922770700637,0,0,None,66,1,5,False,1000,1000
954,29,weighted,10,0.6642117834394905,0,0,None,66,1,5,False,1000,1000
955,25,weighted,10,0.5375199044585988,0,28,None,66,1,5,False,1000,1000
956,26,weighted,10,0.5590167197452229,0,28,None,66,1,5,False,1000,1000
957,27,weighted,10,0.5717555732484076,0,28,None,66,1,5,False,1000,1000
958,28,weighted,10,0.5785230891719745,0,28,None,66,1,5,False,1000,1000
959,29,weighted,10,0.5815087579617835,0,28,None,66,1,5,False,1000,1000
960,25,weighted,10,0.322452229299363,0,3,None,66,1,5,False,1000,1000
961,26,weighted,10,0.3169785031847134,0,3,None,66,1,5,False,1000,1000
962,27,weighted,10,0.3116042993630573,0,3,None,66,1,5,False,1000,1000
963,28,weighted,10,0.2927945859872611,0,3,None,66,1,5,False,1000,1000
964,29,weighted,10,0.2798566878980891,0,3,None,66,1,5,False,1000,1000
965,25,weighted,10,0.4397890127388535,0,4,None,66,1,5,False,1000,1000
966,26,weighted,10,0.5718550955414012,0,4,None,66,1,5,False,1000,1000
967,27,weighted,10,0.6119625796178344,0,4,None,66,1,5,False,1000,1000
968,28,weighted,10,0.6034036624203821,0,4,None,66,1,5,False,1000,1000
969,29,weighted,10,0.5980294585987261,0,4,None,66,1,5,False,1000,1000
970,25,weighted,10,0.50109474522293,0,32,None,66,1,5,False,1000,1000
971,26,weighted,10,0.4821855095541401,0,32,None,66,1,5,False,1000,1000
972,27,weighted,10,0.4818869426751592,0,32,None,66,1,5,False,1000,1000
973,28,weighted,10,0.4900477707006369,0,32,None,66,1,5,False,1000,1000
974,29,weighted,10,0.5014928343949044,0,32,None,66,1,5,False,1000,1000
975,25,weighted,10,0.6075835987261147,0,7,None,66,1,5,False,1000,1000
976,26,weighted,10,0.6097730891719745,0,7,None,66,1,5,False,1000,1000
977,27,weighted,10,0.6127587579617835,0,7,None,66,1,5,False,1000,1000
978,28,weighted,10,0.6148487261146497,0,7,None,66,1,5,False,1000,1000
979,29,weighted,10,0.6173367834394905,0,7,None,66,1,5,False,1000,1000
980,25,weighted,10,0.6343550955414012,0,16,None,66,1,5,False,1000,1000
981,26,weighted,10,0.6403264331210191,0,16,None,66,1,5,False,1000,1000
982,27,weighted,10,0.6456011146496815,0,16,None,66,1,5,False,1000,1000
983,28,weighted,10,0.6509753184713376,0,16,None,66,1,5,False,1000,1000
984,29,weighted,10,0.6563495222929936,0,16,None,66,1,5,False,1000,1000
985,25,weighted,10,0.5842953821656051,0,8,None,66,1,5,False,1000,1000
986,26,weighted,10,0.5896695859872612,0,8,None,66,1,5,False,1000,1000
987,27,weighted,10,0.5936504777070064,0,8,None,66,1,5,False,1000,1000
988,28,weighted,10,0.5996218152866242,0,8,None,66,1,5,False,1000,1000
989,29,weighted,10,0.6046974522292994,0,8,None,66,1,5,False,1000,1000
1109,29,weighted,10,0.5979299363057324,0,4,None,66,1,5,False,1000,1000
1485,30,weighted,10,0.6152468152866242,0,1,None,66,1,5,False,1000,1000
1486,31,weighted,10,0.6271894904458599,0,1,None,66,1,5,False,1000,1000
1487,32,weighted,10,0.6381369426751592,0,1,None,66,1,5,False,1000,1000
1488,33,weighted,10,0.6457006369426752,0,1,None,66,1,5,False,1000,1000
1489,34,weighted,10,0.6520700636942676,0,1,None,66,1,5,False,1000,1000
1490,30,weighted,10,0.6656050955414012,0,2,None,66,1,5,False,1000,1000
1491,31,weighted,10,0.6560509554140127,0,2,None,66,1,5,False,1000,1000
1492,32,weighted,10,0.6454020700636943,0,2,None,66,1,5,False,1000,1000
1493,33,weighted,10,0.6270899681528662,0,2,None,66,1,5,False,1000,1000
1494,34,weighted,10,0.60828025477707,0,2,None,66,1,5,False,1000,1000
1495,30,weighted,10,0.6746616242038217,0,13,None,66,1,5,False,1000,1000
1496,31,weighted,10,0.6648089171974523,0,13,None,66,1,5,False,1000,1000
1497,32,weighted,10,0.6597332802547771,0,13,None,66,1,5,False,1000,1000
1498,33,weighted,10,0.6544585987261147,0,13,None,66,1,5,False,1000,1000
1499,34,weighted,10,0.6511743630573248,0,13,None,66,1,5,False,1000,1000
1500,30,weighted,10,0.6847133757961783,0,15,None,66,1,5,False,1000,1000
1501,31,weighted,10,0.6851114649681529,0,15,None,66,1,5,False,1000,1000
1502,32,weighted,10,0.6865047770700637,0,15,None,66,1,5,False,1000,1000
1503,33,weighted,10,0.6875995222929936,0,15,None,66,1,5,False,1000,1000
1504,34,weighted,10,0.6886942675159236,0,15,None,66,1,5,False,1000,1000
1505,30,weighted,10,0.6805334394904459,0,10,None,66,1,5,False,1000,1000
1506,31,weighted,10,0.6866042993630573,0,10,None,66,1,5,False,1000,1000
1507,32,weighted,10,0.6906847133757962,0,10,None,66,1,5,False,1000,1000
1508,33,weighted,10,0.6938694267515924,0,10,None,66,1,5,False,1000,1000
1509,34,weighted,10,0.6963574840764332,0,10,None,66,1,5,False,1000,1000
1510,30,weighted,10,0.6522691082802548,0,16,None,66,1,5,False,1000,1000
1511,31,weighted,10,0.6574442675159236,0,16,None,66,1,5,False,1000,1000
1512,32,weighted,10,0.662718949044586,0,16,None,66,1,5,False,1000,1000
1513,33,weighted,10,0.6677945859872612,0,16,None,66,1,5,False,1000,1000
1514,34,weighted,10,0.6722730891719745,0,16,None,66,1,5,False,1000,1000
1515,30,weighted,10,0.6126592356687898,0,11,None,66,1,5,False,1000,1000
1516,31,weighted,10,0.5557324840764332,0,11,None,66,1,5,False,1000,1000
1517,32,weighted,10,0.5079617834394905,0,11,None,66,1,5,False,1000,1000
1518,33,weighted,10,0.4704418789808917,0,11,None,66,1,5,False,1000,1000
1519,34,weighted,10,0.4421775477707006,0,11,None,66,1,5,False,1000,1000
1520,30,weighted,10,0.6117635350318471,0,20,None,66,1,5,False,1000,1000
1521,31,weighted,10,0.6032046178343949,0,20,None,66,1,5,False,1000,1000
1522,32,weighted,10,0.5711584394904459,0,20,None,66,1,5,False,1000,1000
1523,33,weighted,10,0.555234872611465,0,20,None,66,1,5,False,1000,1000
1524,34,weighted,10,0.5415007961783439,0,20,None,66,1,5,False,1000,1000
1525,30,weighted,10,0.6020103503184714,0,8,None,66,1,5,False,1000,1000
1526,31,weighted,10,0.6065883757961783,0,8,None,66,1,5,False,1000,1000
1527,32,weighted,10,0.6115644904458599,0,8,None,66,1,5,False,1000,1000
1528,33,weighted,10,0.6162420382165605,0,8,None,66,1,5,False,1000,1000
1529,34,weighted,10,0.6213176751592356,0,8,None,66,1,5,False,1000,1000
1530,30,weighted,10,0.6369426751592356,0,19,None,66,1,5,False,1000,1000
1531,31,weighted,10,0.6370421974522293,0,19,None,66,1,5,False,1000,1000
1532,32,weighted,10,0.6381369426751592,0,19,None,66,1,5,False,1000,1000
1533,33,weighted,10,0.6383359872611465,0,19,None,66,1,5,False,1000,1000
1534,34,weighted,10,0.6392316878980892,0,19,None,66,1,5,False,1000,1000
1535,30,weighted,10,0.7827428343949044,0,25,None,66,1,5,False,1000,1000
1536,31,weighted,10,0.7795581210191083,0,25,None,66,1,5,False,1000,1000
1537,32,weighted,10,0.7783638535031847,0,25,None,66,1,5,False,1000,1000
1538,33,weighted,10,0.7784633757961783,0,25,None,66,1,5,False,1000,1000
1539,34,weighted,10,0.778562898089172,0,25,None,66,1,5,False,1000,1000
1540,30,weighted,10,0.4275477707006369,0,17,None,66,1,5,False,1000,1000
1541,31,weighted,10,0.4277468152866242,0,17,None,66,1,5,False,1000,1000
1542,32,weighted,10,0.4322253184713376,0,17,None,66,1,5,False,1000,1000
1543,33,weighted,10,0.4354100318471338,0,17,None,66,1,5,False,1000,1000
1544,34,weighted,10,0.4385947452229299,0,17,None,66,1,5,False,1000,1000
1545,30,weighted,10,0.3301154458598726,0,21,None,66,1,5,False,1000,1000
1546,31,weighted,10,0.4056528662420382,0,21,None,66,1,5,False,1000,1000
1547,32,weighted,10,0.442874203821656,0,21,None,66,1,5,False,1000,1000
1548,33,weighted,10,0.4381966560509554,0,21,None,66,1,5,False,1000,1000
1549,34,weighted,10,0.4397890127388535,0,21,None,66,1,5,False,1000,1000
1550,30,weighted,10,0.5993232484076433,0,28,None,66,1,5,False,1000,1000
1551,31,weighted,10,0.6022093949044586,0,28,None,66,1,5,False,1000,1000
1552,32,weighted,10,0.6031050955414012,0,28,None,66,1,5,False,1000,1000
1553,33,weighted,10,0.6045979299363057,0,28,None,66,1,5,False,1000,1000
1554,34,weighted,10,0.6068869426751592,0,28,None,66,1,5,False,1000,1000
1555,30,weighted,10,0.4530254777070063,0,24,None,66,1,5,False,1000,1000
1556,31,weighted,10,0.4663614649681528,0,24,None,66,1,5,False,1000,1000
1557,32,weighted,10,0.479796974522293,0,24,None,66,1,5,False,1000,1000
1558,33,weighted,10,0.4913415605095541,0,24,None,66,1,5,False,1000,1000
1559,34,weighted,10,0.5021894904458599,0,24,None,66,1,5,False,1000,1000
1560,30,weighted,10,0.7759753184713376,0,9,None,66,1,5,False,1000,1000
1561,31,weighted,10,0.7807523885350318,0,9,None,66,1,5,False,1000,1000
1562,32,weighted,10,0.7835390127388535,0,9,None,66,1,5,False,1000,1000
1563,33,weighted,10,0.7860270700636943,0,9,None,66,1,5,False,1000,1000
1564,34,weighted,10,0.7892117834394905,0,9,None,66,1,5,False,1000,1000
1565,30,weighted,10,0.7137738853503185,0,29,None,66,1,5,False,1000,1000
1566,31,weighted,10,0.7154657643312102,0,29,None,66,1,5,False,1000,1000
1567,32,weighted,10,0.7162619426751592,0,29,None,66,1,5,False,1000,1000
1568,33,weighted,10,0.7174562101910829,0,29,None,66,1,5,False,1000,1000
1569,34,weighted,10,0.71875,0,29,None,66,1,5,False,1000,1000
1570,30,weighted,10,0.6149482484076433,0,18,None,66,1,5,False,1000,1000
1571,31,weighted,10,0.5987261146496815,0,18,None,66,1,5,False,1000,1000
1572,32,weighted,10,0.5928542993630573,0,18,None,66,1,5,False,1000,1000
1573,33,weighted,10,0.5913614649681529,0,18,None,66,1,5,False,1000,1000
1574,34,weighted,10,0.5914609872611465,0,18,None,66,1,5,False,1000,1000
1575,30,weighted,10,0.3963972929936306,0,27,None,66,1,5,False,1000,1000
1576,31,weighted,10,0.4045581210191082,0,27,None,66,1,5,False,1000,1000
1577,32,weighted,10,0.4136146496815286,0,27,None,66,1,5,False,1000,1000
1578,33,weighted,10,0.4230692675159235,0,27,None,66,1,5,False,1000,1000
1579,34,weighted,10,0.4303343949044586,0,27,None,66,1,5,False,1000,1000
1580,30,weighted,10,0.384952229299363,0,31,None,66,1,5,False,1000,1000
1581,31,weighted,10,0.391421178343949,0,31,None,66,1,5,False,1000,1000
1582,32,weighted,10,0.4015724522292994,0,31,None,66,1,5,False,1000,1000
1583,33,weighted,10,0.4095342356687898,0,31,None,66,1,5,False,1000,1000
1584,34,weighted,10,0.4164012738853503,0,31,None,66,1,5,False,1000,1000
1585,30,weighted,10,0.5739450636942676,0,32,None,66,1,5,False,1000,1000
1586,31,weighted,10,0.5714570063694268,0,32,None,66,1,5,False,1000,1000
1587,32,weighted,10,0.5749402866242038,0,32,None,66,1,5,False,1000,1000
1588,33,weighted,10,0.5791202229299363,0,32,None,66,1,5,False,1000,1000
1589,34,weighted,10,0.5844944267515924,0,32,None,66,1,5,False,1000,1000
1590,30,weighted,10,0.3697253184713376,0,3,None,66,1,5,False,1000,1000
1591,31,weighted,10,0.3476313694267516,0,3,None,66,1,5,False,1000,1000
1592,32,weighted,10,0.3396695859872611,0,3,None,66,1,5,False,1000,1000
1593,33,weighted,10,0.3202627388535032,0,3,None,66,1,5,False,1000,1000
1594,34,weighted,10,0.2950835987261146,0,3,None,66,1,5,False,1000,1000
1595,30,weighted,10,0.54578025477707,0,5,None,66,1,5,False,1000,1000
1596,31,weighted,10,0.5596138535031847,0,5,None,66,1,5,False,1000,1000
1597,32,weighted,10,0.5749402866242038,0,5,None,66,1,5,False,1000,1000
1598,33,weighted,10,0.5928542993630573,0,5,None,66,1,5,False,1000,1000
1599,34,weighted,10,0.6057921974522293,0,5,None,66,1,5,False,1000,1000
1600,30,weighted,10,0.6334593949044586,0,6,None,66,1,5,False,1000,1000
1601,31,weighted,10,0.5977308917197452,0,6,None,66,1,5,False,1000,1000
1602,32,weighted,10,0.5924562101910829,0,6,None,66,1,5,False,1000,1000
1603,33,weighted,10,0.5955414012738853,0,6,None,66,1,5,False,1000,1000
1604,34,weighted,10,0.6030055732484076,0,6,None,66,1,5,False,1000,1000
1605,30,weighted,10,0.6286823248407644,0,7,None,66,1,5,False,1000,1000
1606,31,weighted,10,0.6286823248407644,0,7,None,66,1,5,False,1000,1000
1607,32,weighted,10,0.629578025477707,0,7,None,66,1,5,False,1000,1000
1608,33,weighted,10,0.6307722929936306,0,7,None,66,1,5,False,1000,1000
1609,34,weighted,10,0.6307722929936306,0,7,None,66,1,5,False,1000,1000
1610,30,weighted,10,0.6378383757961783,0,12,None,66,1,5,False,1000,1000
1611,31,weighted,10,0.6500796178343949,0,12,None,66,1,5,False,1000,1000
1612,32,weighted,10,0.6552547770700637,0,12,None,66,1,5,False,1000,1000
1613,33,weighted,10,0.6630175159235668,0,12,None,66,1,5,False,1000,1000
1614,34,weighted,10,0.668093152866242,0,12,None,66,1,5,False,1000,1000
1615,30,weighted,10,0.4297372611464968,0,30,None,66,1,5,False,1000,1000
1616,31,weighted,10,0.3755971337579618,0,30,None,66,1,5,False,1000,1000
1617,32,weighted,10,0.3349920382165605,0,30,None,66,1,5,False,1000,1000
1618,33,weighted,10,0.3085191082802547,0,30,None,66,1,5,False,1000,1000
1619,34,weighted,10,0.2956807324840764,0,30,None,66,1,5,False,1000,1000
1620,30,weighted,10,0.6194267515923567,0,26,None,66,1,5,False,1000,1000
1621,31,weighted,10,0.6103702229299363,0,26,None,66,1,5,False,1000,1000
1622,32,weighted,10,0.60828025477707,0,26,None,66,1,5,False,1000,1000
1623,33,weighted,10,0.6079816878980892,0,26,None,66,1,5,False,1000,1000
1624,34,weighted,10,0.6084792993630573,0,26,None,66,1,5,False,1000,1000
1625,30,weighted,10,0.777468152866242,0,14,None,66,1,5,False,1000,1000
1626,31,weighted,10,0.7777667197452229,0,14,None,66,1,5,False,1000,1000
1627,32,weighted,10,0.7777667197452229,0,14,None,66,1,5,False,1000,1000
1628,33,weighted,10,0.7778662420382165,0,14,None,66,1,5,False,1000,1000
1629,34,weighted,10,0.778562898089172,0,14,None,66,1,5,False,1000,1000
1630,30,weighted,10,0.7158638535031847,0,22,None,66,1,5,False,1000,1000
1631,31,weighted,10,0.7110867834394905,0,22,None,66,1,5,False,1000,1000
1632,32,weighted,10,0.7117834394904459,0,22,None,66,1,5,False,1000,1000
1633,33,weighted,10,0.7161624203821656,0,22,None,66,1,5,False,1000,1000
1634,34,weighted,10,0.7172571656050956,0,22,None,66,1,5,False,1000,1000
1635,30,weighted,10,0.5210987261146497,0,4,None,66,1,5,False,1000,1000
1636,31,weighted,10,0.634156050955414,0,4,None,66,1,5,False,1000,1000
1637,32,weighted,10,0.6424164012738853,0,4,None,66,1,5,False,1000,1000
1638,33,weighted,10,0.6328622611464968,0,4,None,66,1,5,False,1000,1000
1639,34,weighted,10,0.6315684713375797,0,4,None,66,1,5,False,1000,1000
1640,30,weighted,10,0.7338773885350318,0,0,None,66,1,5,False,1000,1000
1641,31,weighted,10,0.7147691082802548,0,0,None,66,1,5,False,1000,1000
1642,32,weighted,10,0.7089968152866242,0,0,None,66,1,5,False,1000,1000
1643,33,weighted,10,0.7089968152866242,0,0,None,66,1,5,False,1000,1000
1644,34,weighted,10,0.7098925159235668,0,0,None,66,1,5,False,1000,1000
1645,30,weighted,10,0.5459792993630573,0,23,None,66,1,5,False,1000,1000
1646,31,weighted,10,0.5191082802547771,0,23,None,66,1,5,False,1000,1000
1647,32,weighted,10,0.5233877388535032,0,23,None,66,1,5,False,1000,1000
1648,33,weighted,10,0.5352308917197452,0,23,None,66,1,5,False,1000,1000
1649,34,weighted,10,0.5500597133757962,0,23,None,66,1,5,False,1000,1000
1650,35,weighted,10,0.6571457006369427,0,26,None,66,1,5,False,1000,1000
1651,36,weighted,10,0.6458996815286624,0,26,None,66,1,5,False,1000,1000
1652,37,weighted,10,0.6449044585987261,0,26,None,66,1,5,False,1000,1000
1653,38,weighted,10,0.6464968152866242,0,26,None,66,1,5,False,1000,1000
1654,39,weighted,10,0.6467953821656051,0,26,None,66,1,5,False,1000,1000
1655,35,weighted,10,0.6981488853503185,0,15,None,66,1,5,False,1000,1000
1656,36,weighted,10,0.6986464968152867,0,15,None,66,1,5,False,1000,1000
1657,37,weighted,10,0.6996417197452229,0,15,None,66,1,5,False,1000,1000
1658,38,weighted,10,0.7006369426751592,0,15,None,66,1,5,False,1000,1000
1659,39,weighted,10,0.7016321656050956,0,15,None,66,1,5,False,1000,1000
1660,35,weighted,10,0.6088773885350318,0,11,None,66,1,5,False,1000,1000
1661,36,weighted,10,0.5565286624203821,0,11,None,66,1,5,False,1000,1000
1662,37,weighted,10,0.5176154458598726,0,11,None,66,1,5,False,1000,1000
1663,38,weighted,10,0.488953025477707,0,11,None,66,1,5,False,1000,1000
1664,39,weighted,10,0.4615843949044586,0,11,None,66,1,5,False,1000,1000
1665,35,weighted,10,0.4756170382165605,0,17,None,66,1,5,False,1000,1000
1666,36,weighted,10,0.4774084394904458,0,17,None,66,1,5,False,1000,1000
1667,37,weighted,10,0.478702229299363,0,17,None,66,1,5,False,1000,1000
1668,38,weighted,10,0.4807921974522293,0,17,None,66,1,5,False,1000,1000
1669,39,weighted,10,0.4830812101910828,0,17,None,66,1,5,False,1000,1000
1670,35,weighted,10,0.6270899681528662,0,18,None,66,1,5,False,1000,1000
1671,36,weighted,10,0.6170382165605095,0,18,None,66,1,5,False,1000,1000
1672,37,weighted,10,0.6089769108280255,0,18,None,66,1,5,False,1000,1000
1673,38,weighted,10,0.6068869426751592,0,18,None,66,1,5,False,1000,1000
1674,39,weighted,10,0.6054936305732485,0,18,None,66,1,5,False,1000,1000
1675,35,weighted,10,0.626890923566879,0,5,None,66,1,5,False,1000,1000
1676,36,weighted,10,0.6388335987261147,0,5,None,66,1,5,False,1000,1000
1677,37,weighted,10,0.6493829617834395,0,5,None,66,1,5,False,1000,1000
1678,38,weighted,10,0.6575437898089171,0,5,None,66,1,5,False,1000,1000
1679,39,weighted,10,0.6681926751592356,0,5,None,66,1,5,False,1000,1000
1680,35,weighted,10,0.6954617834394905,0,10,None,66,1,5,False,1000,1000
1681,36,weighted,10,0.6970541401273885,0,10,None,66,1,5,False,1000,1000
1682,37,weighted,10,0.7008359872611465,0,10,None,66,1,5,False,1000,1000
1683,38,weighted,10,0.7036226114649682,0,10,None,66,1,5,False,1000,1000
1684,39,weighted,10,0.705812101910828,0,10,None,66,1,5,False,1000,1000
1685,35,weighted,10,0.6076831210191083,0,4,None,66,1,5,False,1000,1000
1686,36,weighted,10,0.674562101910828,0,4,None,66,1,5,False,1000,1000
1687,37,weighted,10,0.6698845541401274,0,4,None,66,1,5,False,1000,1000
1688,38,weighted,10,0.6638136942675159,0,4,None,66,1,5,False,1000,1000
1689,39,weighted,10,0.6661027070063694,0,4,None,66,1,5,False,1000,1000
1690,35,weighted,10,0.632265127388535,0,20,None,66,1,5,False,1000,1000
1691,36,weighted,10,0.600218949044586,0,20,None,66,1,5,False,1000,1000
1692,37,weighted,10,0.5780254777070064,0,20,None,66,1,5,False,1000,1000
1693,38,weighted,10,0.5626990445859873,0,20,None,66,1,5,False,1000,1000
1694,39,weighted,10,0.5463773885350318,0,20,None,66,1,5,False,1000,1000
1695,35,weighted,10,0.7432324840764332,0,22,None,66,1,5,False,1000,1000
1696,36,weighted,10,0.7430334394904459,0,22,None,66,1,5,False,1000,1000
1697,37,weighted,10,0.7418391719745223,0,22,None,66,1,5,False,1000,1000
1698,38,weighted,10,0.7425358280254777,0,22,None,66,1,5,False,1000,1000
1699,39,weighted,10,0.7431329617834395,0,22,None,66,1,5,False,1000,1000
1700,35,weighted,10,0.6526671974522293,0,23,None,66,1,5,False,1000,1000
1701,36,weighted,10,0.6258957006369427,0,23,None,66,1,5,False,1000,1000
1702,37,weighted,10,0.6264928343949044,0,23,None,66,1,5,False,1000,1000
1703,38,weighted,10,0.6346536624203821,0,23,None,66,1,5,False,1000,1000
1704,39,weighted,10,0.6411226114649682,0,23,None,66,1,5,False,1000,1000
1705,35,weighted,10,0.7053144904458599,0,13,None,66,1,5,False,1000,1000
1706,36,weighted,10,0.7029259554140127,0,13,None,66,1,5,False,1000,1000
1707,37,weighted,10,0.6984474522292994,0,13,None,66,1,5,False,1000,1000
1708,38,weighted,10,0.6955613057324841,0,13,None,66,1,5,False,1000,1000
1709,39,weighted,10,0.6936703821656051,0,13,None,66,1,5,False,1000,1000
1710,35,weighted,10,0.6751592356687898,0,12,None,66,1,5,False,1000,1000
1711,36,weighted,10,0.681827229299363,0,12,None,66,1,5,False,1000,1000
1712,37,weighted,10,0.6858081210191083,0,12,None,66,1,5,False,1000,1000
1713,38,weighted,10,0.6907842356687898,0,12,None,66,1,5,False,1000,1000
1714,39,weighted,10,0.6956608280254777,0,12,None,66,1,5,False,1000,1000
1715,35,weighted,10,0.6480891719745223,0,19,None,66,1,5,False,1000,1000
1716,36,weighted,10,0.648984872611465,0,19,None,66,1,5,False,1000,1000
1717,37,weighted,10,0.6487858280254777,0,19,None,66,1,5,False,1000,1000
1718,38,weighted,10,0.6499800955414012,0,19,None,66,1,5,False,1000,1000
1719,39,weighted,10,0.6492834394904459,0,19,None,66,1,5,False,1000,1000
1720,35,weighted,10,0.3760947452229299,0,21,None,66,1,5,False,1000,1000
1721,36,weighted,10,0.4626791401273885,0,21,None,66,1,5,False,1000,1000
1722,37,weighted,10,0.4726313694267516,0,21,None,66,1,5,False,1000,1000
1723,38,weighted,10,0.5020899681528662,0,21,None,66,1,5,False,1000,1000
1724,39,weighted,10,0.5336385350318471,0,21,None,66,1,5,False,1000,1000
1725,35,weighted,10,0.7881170382165605,0,25,None,66,1,5,False,1000,1000
1726,36,weighted,10,0.7864251592356688,0,25,None,66,1,5,False,1000,1000
1727,37,weighted,10,0.7860270700636943,0,25,None,66,1,5,False,1000,1000
1728,38,weighted,10,0.785828025477707,0,25,None,66,1,5,False,1000,1000
1729,39,weighted,10,0.7855294585987261,0,25,None,66,1,5,False,1000,1000
1730,35,weighted,10,0.78015525477707,0,14,None,66,1,5,False,1000,1000
1731,36,weighted,10,0.7811504777070064,0,14,None,66,1,5,False,1000,1000
1732,37,weighted,10,0.78125,0,14,None,66,1,5,False,1000,1000
1733,38,weighted,10,0.7816480891719745,0,14,None,66,1,5,False,1000,1000
1734,39,weighted,10,0.78125,0,14,None,66,1,5,False,1000,1000
1735,35,weighted,10,0.502687101910828,0,24,None,66,1,5,False,1000,1000
1736,36,weighted,10,0.5117436305732485,0,24,None,66,1,5,False,1000,1000
1737,37,weighted,10,0.5208996815286624,0,24,None,66,1,5,False,1000,1000
1738,38,weighted,10,0.5283638535031847,0,24,None,66,1,5,False,1000,1000
1739,39,weighted,10,0.5336385350318471,0,24,None,66,1,5,False,1000,1000
1740,35,weighted,10,0.4277468152866242,0,27,None,66,1,5,False,1000,1000
1741,36,weighted,10,0.4371019108280254,0,27,None,66,1,5,False,1000,1000
1742,37,weighted,10,0.4499402866242038,0,27,None,66,1,5,False,1000,1000
1743,38,weighted,10,0.4639729299363057,0,27,None,66,1,5,False,1000,1000
1744,39,weighted,10,0.4784036624203822,0,27,None,66,1,5,False,1000,1000
1745,35,weighted,10,0.4394904458598726,0,30,None,66,1,5,False,1000,1000
1746,36,weighted,10,0.3866441082802547,0,30,None,66,1,5,False,1000,1000
1747,37,weighted,10,0.3974920382165605,0,30,None,66,1,5,False,1000,1000
1748,38,weighted,10,0.4019705414012738,0,30,None,66,1,5,False,1000,1000
1749,39,weighted,10,0.4046576433121019,0,30,None,66,1,5,False,1000,1000
1750,35,weighted,10,0.433718152866242,0,31,None,66,1,5,False,1000,1000
1751,36,weighted,10,0.4402866242038216,0,31,None,66,1,5,False,1000,1000
1752,37,weighted,10,0.4445660828025478,0,31,None,66,1,5,False,1000,1000
1753,38,weighted,10,0.4505374203821656,0,31,None,66,1,5,False,1000,1000
1754,39,weighted,10,0.4572054140127388,0,31,None,66,1,5,False,1000,1000
1755,35,weighted,10,0.6226114649681529,0,28,None,66,1,5,False,1000,1000
1756,36,weighted,10,0.6246019108280255,0,28,None,66,1,5,False,1000,1000
1757,37,weighted,10,0.6264928343949044,0,28,None,66,1,5,False,1000,1000
1758,38,weighted,10,0.6300756369426752,0,28,None,66,1,5,False,1000,1000
1759,39,weighted,10,0.6326632165605095,0,28,None,66,1,5,False,1000,1000
1760,35,weighted,10,0.720640923566879,0,29,None,66,1,5,False,1000,1000
1761,36,weighted,10,0.7216361464968153,0,29,None,66,1,5,False,1000,1000
1762,37,weighted,10,0.7228304140127388,0,29,None,66,1,5,False,1000,1000
1763,38,weighted,10,0.7240246815286624,0,29,None,66,1,5,False,1000,1000
1764,39,weighted,10,0.7249203821656051,0,29,None,66,1,5,False,1000,1000
1765,35,weighted,10,0.7837380573248408,0,9,None,66,1,5,False,1000,1000
1766,36,weighted,10,0.7861265923566879,0,9,None,66,1,5,False,1000,1000
1767,37,weighted,10,0.7893113057324841,0,9,None,66,1,5,False,1000,1000
1768,38,weighted,10,0.7915007961783439,0,9,None,66,1,5,False,1000,1000
1769,39,weighted,10,0.7926950636942676,0,9,None,66,1,5,False,1000,1000
1770,35,weighted,10,0.6067874203821656,0,32,None,66,1,5,False,1000,1000
1771,36,weighted,10,0.6062898089171974,0,32,None,66,1,5,False,1000,1000
1772,37,weighted,10,0.6099721337579618,0,32,None,66,1,5,False,1000,1000
1773,38,weighted,10,0.6117635350318471,0,32,None,66,1,5,False,1000,1000
1774,39,weighted,10,0.6143511146496815,0,32,None,66,1,5,False,1000,1000
1775,35,weighted,10,0.6798367834394905,0,6,None,66,1,5,False,1000,1000
1776,36,weighted,10,0.6590366242038217,0,6,None,66,1,5,False,1000,1000
1777,37,weighted,10,0.6626194267515924,0,6,None,66,1,5,False,1000,1000
1778,38,weighted,10,0.6684912420382165,0,6,None,66,1,5,False,1000,1000
1779,39,weighted,10,0.6711783439490446,0,6,None,66,1,5,False,1000,1000
1780,35,weighted,10,0.705015923566879,0,2,None,66,1,5,False,1000,1000
1781,36,weighted,10,0.6960589171974523,0,2,None,66,1,5,False,1000,1000
1782,37,weighted,10,0.6840167197452229,0,2,None,66,1,5,False,1000,1000
1783,38,weighted,10,0.6763535031847133,0,2,None,66,1,5,False,1000,1000
1784,39,weighted,10,0.6644108280254777,0,2,None,66,1,5,False,1000,1000
1785,35,weighted,10,0.3958996815286624,0,3,None,66,1,5,False,1000,1000
1786,36,weighted,10,0.3609673566878981,0,3,None,66,1,5,False,1000,1000
1787,37,weighted,10,0.3512141719745223,0,3,None,66,1,5,False,1000,1000
1788,38,weighted,10,0.3410628980891719,0,3,None,66,1,5,False,1000,1000
1789,39,weighted,10,0.3245421974522293,0,3,None,66,1,5,False,1000,1000
1790,35,weighted,10,0.6835191082802548,0,1,None,66,1,5,False,1000,1000
1791,36,weighted,10,0.6889928343949044,0,1,None,66,1,5,False,1000,1000
1792,37,weighted,10,0.6924761146496815,0,1,None,66,1,5,False,1000,1000
1793,38,weighted,10,0.6973527070063694,0,1,None,66,1,5,False,1000,1000
1794,39,weighted,10,0.7007364649681529,0,1,None,66,1,5,False,1000,1000
1795,35,weighted,10,0.7356687898089171,0,0,None,66,1,5,False,1000,1000
1796,36,weighted,10,0.7231289808917197,0,0,None,66,1,5,False,1000,1000
1797,37,weighted,10,0.7219347133757962,0,0,None,66,1,5,False,1000,1000
1798,38,weighted,10,0.722531847133758,0,0,None,66,1,5,False,1000,1000
1799,39,weighted,10,0.7247213375796179,0,0,None,66,1,5,False,1000,1000
1800,35,weighted,10,0.6174363057324841,0,8,None,66,1,5,False,1000,1000
1801,36,weighted,10,0.6215167197452229,0,8,None,66,1,5,False,1000,1000
1802,37,weighted,10,0.6244028662420382,0,8,None,66,1,5,False,1000,1000
1803,38,weighted,10,0.6281847133757962,0,8,None,66,1,5,False,1000,1000
1804,39,weighted,10,0.6318670382165605,0,8,None,66,1,5,False,1000,1000
1805,35,weighted,10,0.6421178343949044,0,7,None,66,1,5,False,1000,1000
1806,36,weighted,10,0.6429140127388535,0,7,None,66,1,5,False,1000,1000
1807,37,weighted,10,0.6442078025477707,0,7,None,66,1,5,False,1000,1000
1808,38,weighted,10,0.6440087579617835,0,7,None,66,1,5,False,1000,1000
1809,39,weighted,10,0.6446058917197452,0,7,None,66,1,5,False,1000,1000
1810,35,weighted,10,0.6673964968152867,0,16,None,66,1,5,False,1000,1000
1811,36,weighted,10,0.6717754777070064,0,16,None,66,1,5,False,1000,1000
1812,37,weighted,10,0.6751592356687898,0,16,None,66,1,5,False,1000,1000
1813,38,weighted,10,0.6790406050955414,0,16,None,66,1,5,False,1000,1000
1814,39,weighted,10,0.6831210191082803,0,16,None,66,1,5,False,1000,1000
1815,40,weighted,10,0.792296974522293,0,25,None,66,1,5,False,1000,1000
1816,41,weighted,10,0.7929936305732485,0,25,None,66,1,5,False,1000,1000
1817,42,weighted,10,0.7921974522292994,0,25,None,66,1,5,False,1000,1000
1818,43,weighted,10,0.7917993630573248,0,25,None,66,1,5,False,1000,1000
1819,44,weighted,10,0.7920979299363057,0,25,None,66,1,5,False,1000,1000
1820,40,weighted,10,0.5330414012738853,0,24,None,66,1,5,False,1000,1000
1821,41,weighted,10,0.5392117834394905,0,24,None,66,1,5,False,1000,1000
1822,42,weighted,10,0.5405055732484076,0,24,None,66,1,5,False,1000,1000
1823,43,weighted,10,0.544187898089172,0,24,None,66,1,5,False,1000,1000
1824,44,weighted,10,0.5477707006369427,0,24,None,66,1,5,False,1000,1000
1825,40,weighted,10,0.7131767515923567,0,1,None,66,1,5,False,1000,1000
1826,41,weighted,10,0.7185509554140127,0,1,None,66,1,5,False,1000,1000
1827,42,weighted,10,0.7191480891719745,0,1,None,66,1,5,False,1000,1000
1828,43,weighted,10,0.7204418789808917,0,1,None,66,1,5,False,1000,1000
1829,44,weighted,10,0.7213375796178344,0,1,None,66,1,5,False,1000,1000
1830,40,weighted,10,0.7254179936305732,0,13,None,66,1,5,False,1000,1000
1831,41,weighted,10,0.7240246815286624,0,13,None,66,1,5,False,1000,1000
1832,42,weighted,10,0.7224323248407644,0,13,None,66,1,5,False,1000,1000
1833,43,weighted,10,0.7219347133757962,0,13,None,66,1,5,False,1000,1000
1834,44,weighted,10,0.7216361464968153,0,13,None,66,1,5,False,1000,1000
1835,40,weighted,10,0.724422770700637,0,29,None,66,1,5,False,1000,1000
1836,41,weighted,10,0.7254179936305732,0,29,None,66,1,5,False,1000,1000
1837,42,weighted,10,0.7264132165605095,0,29,None,66,1,5,False,1000,1000
1838,43,weighted,10,0.7281050955414012,0,29,None,66,1,5,False,1000,1000
1839,44,weighted,10,0.729796974522293,0,29,None,66,1,5,False,1000,1000
1840,40,weighted,10,0.4807921974522293,0,27,None,66,1,5,False,1000,1000
1841,41,weighted,10,0.494327229299363,0,27,None,66,1,5,False,1000,1000
1842,42,weighted,10,0.5096536624203821,0,27,None,66,1,5,False,1000,1000
1843,43,weighted,10,0.5213972929936306,0,27,None,66,1,5,False,1000,1000
1844,44,weighted,10,0.5329418789808917,0,27,None,66,1,5,False,1000,1000
1845,40,weighted,10,0.7558718152866242,0,22,None,66,1,5,False,1000,1000
1846,41,weighted,10,0.755672770700637,0,22,None,66,1,5,False,1000,1000
1847,42,weighted,10,0.7560708598726115,0,22,None,66,1,5,False,1000,1000
1848,43,weighted,10,0.7551751592356688,0,22,None,66,1,5,False,1000,1000
1849,44,weighted,10,0.7554737261146497,0,22,None,66,1,5,False,1000,1000
1850,40,weighted,10,0.4799960191082802,0,31,None,66,1,5,False,1000,1000
1851,41,weighted,10,0.4848726114649681,0,31,None,66,1,5,False,1000,1000
1852,42,weighted,10,0.4906449044585987,0,31,None,66,1,5,False,1000,1000
1853,43,weighted,10,0.4977109872611465,0,31,None,66,1,5,False,1000,1000
1854,44,weighted,10,0.5040804140127388,0,31,None,66,1,5,False,1000,1000
1855,40,weighted,10,0.6404259554140127,0,8,None,66,1,5,False,1000,1000
1856,41,weighted,10,0.6421178343949044,0,8,None,66,1,5,False,1000,1000
1857,42,weighted,10,0.6437101910828026,0,8,None,66,1,5,False,1000,1000
1858,43,weighted,10,0.6472929936305732,0,8,None,66,1,5,False,1000,1000
1859,44,weighted,10,0.648984872611465,0,8,None,66,1,5,False,1000,1000
1860,40,weighted,10,0.6582404458598726,0,19,None,66,1,5,False,1000,1000
1861,41,weighted,10,0.6593351910828026,0,19,None,66,1,5,False,1000,1000
1862,42,weighted,10,0.6612261146496815,0,19,None,66,1,5,False,1000,1000
1863,43,weighted,10,0.6623208598726115,0,19,None,66,1,5,False,1000,1000
1864,44,weighted,10,0.6631170382165605,0,19,None,66,1,5,False,1000,1000
1865,40,weighted,10,0.4538216560509554,0,21,None,66,1,5,False,1000,1000
1866,41,weighted,10,0.4953224522292994,0,21,None,66,1,5,False,1000,1000
1867,42,weighted,10,0.5296576433121019,0,21,None,66,1,5,False,1000,1000
1868,43,weighted,10,0.5559315286624203,0,21,None,66,1,5,False,1000,1000
1869,44,weighted,10,0.5566281847133758,0,21,None,66,1,5,False,1000,1000
1870,40,weighted,10,0.6823248407643312,0,16,None,66,1,5,False,1000,1000
1871,41,weighted,10,0.68640525477707,0,16,None,66,1,5,False,1000,1000
1872,42,weighted,10,0.6890923566878981,0,16,None,66,1,5,False,1000,1000
1873,43,weighted,10,0.6924761146496815,0,16,None,66,1,5,False,1000,1000
1874,44,weighted,10,0.696656050955414,0,16,None,66,1,5,False,1000,1000
1875,40,weighted,10,0.6378383757961783,0,32,None,66,1,5,False,1000,1000
1876,41,weighted,10,0.633359872611465,0,32,None,66,1,5,False,1000,1000
1877,42,weighted,10,0.6353503184713376,0,32,None,66,1,5,False,1000,1000
1878,43,weighted,10,0.6382364649681529,0,32,None,66,1,5,False,1000,1000
1879,44,weighted,10,0.6392316878980892,0,32,None,66,1,5,False,1000,1000
1880,40,weighted,10,0.6846138535031847,0,23,None,66,1,5,False,1000,1000
1881,41,weighted,10,0.6740644904458599,0,23,None,66,1,5,False,1000,1000
1882,42,weighted,10,0.6759554140127388,0,23,None,66,1,5,False,1000,1000
1883,43,weighted,10,0.6782444267515924,0,23,None,66,1,5,False,1000,1000
1884,44,weighted,10,0.6803343949044586,0,23,None,66,1,5,False,1000,1000
1885,40,weighted,10,0.7915007961783439,0,14,None,66,1,5,False,1000,1000
1886,41,weighted,10,0.7920979299363057,0,14,None,66,1,5,False,1000,1000
1887,42,weighted,10,0.792296974522293,0,14,None,66,1,5,False,1000,1000
1888,43,weighted,10,0.7939888535031847,0,14,None,66,1,5,False,1000,1000
1889,44,weighted,10,0.7938893312101911,0,14,None,66,1,5,False,1000,1000
1890,40,weighted,10,0.7194466560509554,0,6,None,66,1,5,False,1000,1000
1891,41,weighted,10,0.7097929936305732,0,6,None,66,1,5,False,1000,1000
1892,42,weighted,10,0.7113853503184714,0,6,None,66,1,5,False,1000,1000
1893,43,weighted,10,0.7143710191082803,0,6,None,66,1,5,False,1000,1000
1894,44,weighted,10,0.7163614649681529,0,6,None,66,1,5,False,1000,1000
1895,40,weighted,10,0.6770501592356688,0,26,None,66,1,5,False,1000,1000
1896,41,weighted,10,0.6746616242038217,0,26,None,66,1,5,False,1000,1000
1897,42,weighted,10,0.6740644904458599,0,26,None,66,1,5,False,1000,1000
1898,43,weighted,10,0.674562101910828,0,26,None,66,1,5,False,1000,1000
1899,44,weighted,10,0.6733678343949044,0,26,None,66,1,5,False,1000,1000
1900,40,weighted,10,0.4975119426751592,0,30,None,66,1,5,False,1000,1000
1901,41,weighted,10,0.4679538216560509,0,30,None,66,1,5,False,1000,1000
1902,42,weighted,10,0.4608877388535032,0,30,None,66,1,5,False,1000,1000
1903,43,weighted,10,0.4588972929936306,0,30,None,66,1,5,False,1000,1000
1904,44,weighted,10,0.4589968152866242,0,30,None,66,1,5,False,1000,1000
1905,40,weighted,10,0.7193471337579618,0,2,None,66,1,5,False,1000,1000
1906,41,weighted,10,0.7100915605095541,0,2,None,66,1,5,False,1000,1000
1907,42,weighted,10,0.6995421974522293,0,2,None,66,1,5,False,1000,1000
1908,43,weighted,10,0.6919785031847133,0,2,None,66,1,5,False,1000,1000
1909,44,weighted,10,0.6833200636942676,0,2,None,66,1,5,False,1000,1000
1910,40,weighted,10,0.4141122611464968,0,3,None,66,1,5,False,1000,1000
1911,41,weighted,10,0.3771894904458598,0,3,None,66,1,5,False,1000,1000
1912,42,weighted,10,0.3634554140127388,0,3,None,66,1,5,False,1000,1000
1913,43,weighted,10,0.3554936305732484,0,3,None,66,1,5,False,1000,1000
1914,44,weighted,10,0.3487261146496815,0,3,None,66,1,5,False,1000,1000
1915,40,weighted,10,0.7505971337579618,0,0,None,66,1,5,False,1000,1000
1916,41,weighted,10,0.7392515923566879,0,0,None,66,1,5,False,1000,1000
1917,42,weighted,10,0.7379578025477707,0,0,None,66,1,5,False,1000,1000
1918,43,weighted,10,0.7409434713375797,0,0,None,66,1,5,False,1000,1000
1919,44,weighted,10,0.7407444267515924,0,0,None,66,1,5,False,1000,1000
1920,40,weighted,10,0.6656050955414012,0,4,None,66,1,5,False,1000,1000
1921,41,weighted,10,0.7048168789808917,0,4,None,66,1,5,False,1000,1000
1922,42,weighted,10,0.6982484076433121,0,4,None,66,1,5,False,1000,1000
1923,43,weighted,10,0.6953622611464968,0,4,None,66,1,5,False,1000,1000
1924,44,weighted,10,0.6967555732484076,0,4,None,66,1,5,False,1000,1000
1925,40,weighted,10,0.6603304140127388,0,7,None,66,1,5,False,1000,1000
1926,41,weighted,10,0.6594347133757962,0,7,None,66,1,5,False,1000,1000
1927,42,weighted,10,0.6601313694267515,0,7,None,66,1,5,False,1000,1000
1928,43,weighted,10,0.6607285031847133,0,7,None,66,1,5,False,1000,1000
1929,44,weighted,10,0.6611265923566879,0,7,None,66,1,5,False,1000,1000
1930,40,weighted,10,0.680234872611465,0,5,None,66,1,5,False,1000,1000
1931,41,weighted,10,0.6894904458598726,0,5,None,66,1,5,False,1000,1000
1932,42,weighted,10,0.6950636942675159,0,5,None,66,1,5,False,1000,1000
1933,43,weighted,10,0.7002388535031847,0,5,None,66,1,5,False,1000,1000
1934,44,weighted,10,0.7043192675159236,0,5,None,66,1,5,False,1000,1000
1935,40,weighted,10,0.7892117834394905,0,9,None,66,1,5,False,1000,1000
1936,41,weighted,10,0.7924960191082803,0,9,None,66,1,5,False,1000,1000
1937,42,weighted,10,0.7934912420382165,0,9,None,66,1,5,False,1000,1000
1938,43,weighted,10,0.7945859872611465,0,9,None,66,1,5,False,1000,1000
1939,44,weighted,10,0.7959792993630573,0,9,None,66,1,5,False,1000,1000
1940,40,weighted,10,0.7054140127388535,0,10,None,66,1,5,False,1000,1000
1941,41,weighted,10,0.7076035031847133,0,10,None,66,1,5,False,1000,1000
1942,42,weighted,10,0.7094944267515924,0,10,None,66,1,5,False,1000,1000
1943,43,weighted,10,0.7121815286624203,0,10,None,66,1,5,False,1000,1000
1944,44,weighted,10,0.7143710191082803,0,10,None,66,1,5,False,1000,1000
1945,40,weighted,10,0.6111664012738853,0,11,None,66,1,5,False,1000,1000
1946,41,weighted,10,0.5896695859872612,0,11,None,66,1,5,False,1000,1000
1947,42,weighted,10,0.5719546178343949,0,11,None,66,1,5,False,1000,1000
1948,43,weighted,10,0.5594148089171974,0,11,None,66,1,5,False,1000,1000
1949,44,weighted,10,0.5485668789808917,0,11,None,66,1,5,False,1000,1000
1950,40,weighted,10,0.7066082802547771,0,15,None,66,1,5,False,1000,1000
1951,41,weighted,10,0.7072054140127388,0,15,None,66,1,5,False,1000,1000
1952,42,weighted,10,0.7083996815286624,0,15,None,66,1,5,False,1000,1000
1953,43,weighted,10,0.7090963375796179,0,15,None,66,1,5,False,1000,1000
1954,44,weighted,10,0.7107882165605095,0,15,None,66,1,5,False,1000,1000
1955,40,weighted,10,0.51671974522293,0,17,None,66,1,5,False,1000,1000
1956,41,weighted,10,0.5173168789808917,0,17,None,66,1,5,False,1000,1000
1957,42,weighted,10,0.5203025477707006,0,17,None,66,1,5,False,1000,1000
1958,43,weighted,10,0.5233877388535032,0,17,None,66,1,5,False,1000,1000
1959,44,weighted,10,0.5273686305732485,0,17,None,66,1,5,False,1000,1000
1960,40,weighted,10,0.7016321656050956,0,12,None,66,1,5,False,1000,1000
1961,41,weighted,10,0.7061106687898089,0,12,None,66,1,5,False,1000,1000
1962,42,weighted,10,0.7082006369426752,0,12,None,66,1,5,False,1000,1000
1963,43,weighted,10,0.7118829617834395,0,12,None,66,1,5,False,1000,1000
1964,44,weighted,10,0.7154657643312102,0,12,None,66,1,5,False,1000,1000
1965,40,weighted,10,0.6465963375796179,0,20,None,66,1,5,False,1000,1000
1966,41,weighted,10,0.617734872611465,0,20,None,66,1,5,False,1000,1000
1967,42,weighted,10,0.5961385350318471,0,20,None,66,1,5,False,1000,1000
1968,43,weighted,10,0.5778264331210191,0,20,None,66,1,5,False,1000,1000
1969,44,weighted,10,0.5611066878980892,0,20,None,66,1,5,False,1000,1000
1970,40,weighted,10,0.6199243630573248,0,18,None,66,1,5,False,1000,1000
1971,41,weighted,10,0.6181329617834395,0,18,None,66,1,5,False,1000,1000
1972,42,weighted,10,0.615843949044586,0,18,None,66,1,5,False,1000,1000
1973,43,weighted,10,0.6147492038216561,0,18,None,66,1,5,False,1000,1000
1974,44,weighted,10,0.6157444267515924,0,18,None,66,1,5,False,1000,1000
1975,40,weighted,10,0.6442078025477707,0,28,None,66,1,5,False,1000,1000
1976,41,weighted,10,0.647093949044586,0,28,None,66,1,5,False,1000,1000
1977,42,weighted,10,0.6486863057324841,0,28,None,66,1,5,False,1000,1000
1978,43,weighted,10,0.6517714968152867,0,28,None,66,1,5,False,1000,1000
1979,44,weighted,10,0.6534633757961783,0,28,None,66,1,5,False,1000,1000
1980,45,weighted,10,0.7344745222929936,0,1,None,66,1,5,False,1000,1000
1981,46,weighted,10,0.7356687898089171,0,1,None,66,1,5,False,1000,1000
1982,47,weighted,10,0.7371616242038217,0,1,None,66,1,5,False,1000,1000
1983,48,weighted,10,0.7383558917197452,0,1,None,66,1,5,False,1000,1000
1984,49,weighted,10,0.7394506369426752,0,1,None,66,1,5,False,1000,1000
1985,45,weighted,10,0.7352707006369427,0,2,None,66,1,5,False,1000,1000
1986,46,weighted,10,0.728702229299363,0,2,None,66,1,5,False,1000,1000
1987,47,weighted,10,0.7177547770700637,0,2,None,66,1,5,False,1000,1000
1988,48,weighted,10,0.7120820063694268,0,2,None,66,1,5,False,1000,1000
1989,49,weighted,10,0.706906847133758,0,2,None,66,1,5,False,1000,1000
1990,45,weighted,10,0.6631170382165605,0,28,None,66,1,5,False,1000,1000
1991,46,weighted,10,0.6652070063694268,0,28,None,66,1,5,False,1000,1000
1992,47,weighted,10,0.6659036624203821,0,28,None,66,1,5,False,1000,1000
1993,48,weighted,10,0.6681926751592356,0,28,None,66,1,5,False,1000,1000
1994,49,weighted,10,0.6690883757961783,0,28,None,66,1,5,False,1000,1000
1995,45,weighted,10,0.7261146496815286,0,29,None,66,1,5,False,1000,1000
1996,46,weighted,10,0.7273089171974523,0,29,None,66,1,5,False,1000,1000
1997,47,weighted,10,0.7282046178343949,0,29,None,66,1,5,False,1000,1000
1998,48,weighted,10,0.7299960191082803,0,29,None,66,1,5,False,1000,1000
1999,49,weighted,10,0.731687898089172,0,29,None,66,1,5,False,1000,1000
2000,45,weighted,10,0.7174562101910829,0,5,None,66,1,5,False,1000,1000
2001,46,weighted,10,0.7208399681528662,0,5,None,66,1,5,False,1000,1000
2002,47,weighted,10,0.7248208598726115,0,5,None,66,1,5,False,1000,1000
2003,48,weighted,10,0.7272093949044586,0,5,None,66,1,5,False,1000,1000
2004,49,weighted,10,0.7293988853503185,0,5,None,66,1,5,False,1000,1000
2005,45,weighted,10,0.5338375796178344,0,30,None,66,1,5,False,1000,1000
2006,46,weighted,10,0.5170183121019108,0,30,None,66,1,5,False,1000,1000
2007,47,weighted,10,0.5138335987261147,0,30,None,66,1,5,False,1000,1000
2008,48,weighted,10,0.5144307324840764,0,30,None,66,1,5,False,1000,1000
2009,49,weighted,10,0.5159235668789809,0,30,None,66,1,5,False,1000,1000
2010,45,weighted,10,0.7937898089171974,0,9,None,66,1,5,False,1000,1000
2011,46,weighted,10,0.7948845541401274,0,9,None,66,1,5,False,1000,1000
2012,47,weighted,10,0.7959792993630573,0,9,None,66,1,5,False,1000,1000
2013,48,weighted,10,0.796875,0,9,None,66,1,5,False,1000,1000
2014,49,weighted,10,0.7985668789808917,0,9,None,66,1,5,False,1000,1000
2015,45,weighted,10,0.7988654458598726,0,14,None,66,1,5,False,1000,1000
2016,46,weighted,10,0.798765923566879,0,14,None,66,1,5,False,1000,1000
2017,47,weighted,10,0.7998606687898089,0,14,None,66,1,5,False,1000,1000
2018,48,weighted,10,0.8009554140127388,0,14,None,66,1,5,False,1000,1000
2019,49,weighted,10,0.8017515923566879,0,14,None,66,1,5,False,1000,1000
2020,45,weighted,10,0.714968152866242,0,15,None,66,1,5,False,1000,1000
2021,46,weighted,10,0.7156648089171974,0,15,None,66,1,5,False,1000,1000
2022,47,weighted,10,0.7159633757961783,0,15,None,66,1,5,False,1000,1000
2023,48,weighted,10,0.716859076433121,0,15,None,66,1,5,False,1000,1000
2024,49,weighted,10,0.71765525477707,0,15,None,66,1,5,False,1000,1000
2025,45,weighted,10,0.6015127388535032,0,11,None,66,1,5,False,1000,1000
2026,46,weighted,10,0.5641918789808917,0,11,None,66,1,5,False,1000,1000
2027,47,weighted,10,0.5392117834394905,0,11,None,66,1,5,False,1000,1000
2028,48,weighted,10,0.517515923566879,0,11,None,66,1,5,False,1000,1000
2029,49,weighted,10,0.4991042993630573,0,11,None,66,1,5,False,1000,1000
2030,45,weighted,10,0.7366640127388535,0,13,None,66,1,5,False,1000,1000
2031,46,weighted,10,0.7360668789808917,0,13,None,66,1,5,False,1000,1000
2032,47,weighted,10,0.7363654458598726,0,13,None,66,1,5,False,1000,1000
2033,48,weighted,10,0.7363654458598726,0,13,None,66,1,5,False,1000,1000
2034,49,weighted,10,0.7367635350318471,0,13,None,66,1,5,False,1000,1000
2035,45,weighted,10,0.7211385350318471,0,12,None,66,1,5,False,1000,1000
2036,46,weighted,10,0.7219347133757962,0,12,None,66,1,5,False,1000,1000
2037,47,weighted,10,0.7220342356687898,0,12,None,66,1,5,False,1000,1000
2038,48,weighted,10,0.7249203821656051,0,12,None,66,1,5,False,1000,1000
2039,49,weighted,10,0.7264132165605095,0,12,None,66,1,5,False,1000,1000
2040,45,weighted,10,0.796875,0,25,None,66,1,5,False,1000,1000
2041,46,weighted,10,0.7962778662420382,0,25,None,66,1,5,False,1000,1000
2042,47,weighted,10,0.794984076433121,0,25,None,66,1,5,False,1000,1000
2043,48,weighted,10,0.7942874203821656,0,25,None,66,1,5,False,1000,1000
2044,49,weighted,10,0.7940883757961783,0,25,None,66,1,5,False,1000,1000
2045,45,weighted,10,0.7072054140127388,0,26,None,66,1,5,False,1000,1000
2046,46,weighted,10,0.7054140127388535,0,26,None,66,1,5,False,1000,1000
2047,47,weighted,10,0.7051154458598726,0,26,None,66,1,5,False,1000,1000
2048,48,weighted,10,0.7044187898089171,0,26,None,66,1,5,False,1000,1000
2049,49,weighted,10,0.7049164012738853,0,26,None,66,1,5,False,1000,1000
2050,45,weighted,10,0.5180135350318471,0,31,None,66,1,5,False,1000,1000
2051,46,weighted,10,0.523984872611465,0,31,None,66,1,5,False,1000,1000
2052,47,weighted,10,0.5292595541401274,0,31,None,66,1,5,False,1000,1000
2053,48,weighted,10,0.5349323248407644,0,31,None,66,1,5,False,1000,1000
2054,49,weighted,10,0.5411027070063694,0,31,None,66,1,5,False,1000,1000
2055,45,weighted,10,0.7318869426751592,0,6,None,66,1,5,False,1000,1000
2056,46,weighted,10,0.7281050955414012,0,6,None,66,1,5,False,1000,1000
2057,47,weighted,10,0.7295979299363057,0,6,None,66,1,5,False,1000,1000
2058,48,weighted,10,0.7291003184713376,0,6,None,66,1,5,False,1000,1000
2059,49,weighted,10,0.728702229299363,0,6,None,66,1,5,False,1000,1000
2060,45,weighted,10,0.4346138535031847,0,3,None,66,1,5,False,1000,1000
2061,46,weighted,10,0.3894307324840764,0,3,None,66,1,5,False,1000,1000
2062,47,weighted,10,0.3746019108280254,0,3,None,66,1,5,False,1000,1000
2063,48,weighted,10,0.3660429936305732,0,3,None,66,1,5,False,1000,1000
2064,49,weighted,10,0.3594745222929936,0,3,None,66,1,5,False,1000,1000
2065,45,weighted,10,0.3955015923566879,0,20,None,66,1,5,False,1000,1000
2066,46,weighted,10,0.4487460191082802,0,20,None,66,1,5,False,1000,1000
2067,47,weighted,10,0.5065684713375797,0,20,None,66,1,5,False,1000,1000
2068,48,weighted,10,0.5578224522292994,0,20,None,66,1,5,False,1000,1000
2069,49,weighted,10,0.5881767515923567,0,20,None,66,1,5,False,1000,1000
2070,45,weighted,10,0.7133757961783439,0,10,None,66,1,5,False,1000,1000
2071,46,weighted,10,0.7144705414012739,0,10,None,66,1,5,False,1000,1000
2072,47,weighted,10,0.7165605095541401,0,10,None,66,1,5,False,1000,1000
2073,48,weighted,10,0.7182523885350318,0,10,None,66,1,5,False,1000,1000
2074,49,weighted,10,0.7211385350318471,0,10,None,66,1,5,False,1000,1000
2075,45,weighted,10,0.7689092356687898,0,22,None,66,1,5,False,1000,1000
2076,46,weighted,10,0.7670183121019108,0,22,None,66,1,5,False,1000,1000
2077,47,weighted,10,0.7673168789808917,0,22,None,66,1,5,False,1000,1000
2078,48,weighted,10,0.7677149681528662,0,22,None,66,1,5,False,1000,1000
2079,49,weighted,10,0.7672173566878981,0,22,None,66,1,5,False,1000,1000
2080,45,weighted,10,0.6961584394904459,0,23,None,66,1,5,False,1000,1000
2081,46,weighted,10,0.6930732484076433,0,23,None,66,1,5,False,1000,1000
2082,47,weighted,10,0.6943670382165605,0,23,None,66,1,5,False,1000,1000
2083,48,weighted,10,0.6968550955414012,0,23,None,66,1,5,False,1000,1000
2084,49,weighted,10,0.6980493630573248,0,23,None,66,1,5,False,1000,1000
2085,45,weighted,10,0.6548566878980892,0,8,None,66,1,5,False,1000,1000
2086,46,weighted,10,0.6553542993630573,0,8,None,66,1,5,False,1000,1000
2087,47,weighted,10,0.6564490445859873,0,8,None,66,1,5,False,1000,1000
2088,48,weighted,10,0.6585390127388535,0,8,None,66,1,5,False,1000,1000
2089,49,weighted,10,0.660828025477707,0,8,None,66,1,5,False,1000,1000
2090,45,weighted,10,0.7644307324840764,0,0,None,66,1,5,False,1000,1000
2091,46,weighted,10,0.7589570063694268,0,0,None,66,1,5,False,1000,1000
2092,47,weighted,10,0.7586584394904459,0,0,None,66,1,5,False,1000,1000
2093,48,weighted,10,0.7590565286624203,0,0,None,66,1,5,False,1000,1000
2094,49,weighted,10,0.7588574840764332,0,0,None,66,1,5,False,1000,1000
2095,45,weighted,10,0.693968949044586,0,16,None,66,1,5,False,1000,1000
2096,46,weighted,10,0.6973527070063694,0,16,None,66,1,5,False,1000,1000
2097,47,weighted,10,0.6996417197452229,0,16,None,66,1,5,False,1000,1000
2098,48,weighted,10,0.7024283439490446,0,16,None,66,1,5,False,1000,1000
2099,49,weighted,10,0.705015923566879,0,16,None,66,1,5,False,1000,1000
2100,45,weighted,10,0.6381369426751592,0,18,None,66,1,5,False,1000,1000
2101,46,weighted,10,0.6380374203821656,0,18,None,66,1,5,False,1000,1000
2102,47,weighted,10,0.6369426751592356,0,18,None,66,1,5,False,1000,1000
2103,48,weighted,10,0.6362460191082803,0,18,None,66,1,5,False,1000,1000
2104,49,weighted,10,0.6355493630573248,0,18,None,66,1,5,False,1000,1000
2105,45,weighted,10,0.6727707006369427,0,19,None,66,1,5,False,1000,1000
2106,46,weighted,10,0.6741640127388535,0,19,None,66,1,5,False,1000,1000
2107,47,weighted,10,0.6746616242038217,0,19,None,66,1,5,False,1000,1000
2108,48,weighted,10,0.6771496815286624,0,19,None,66,1,5,False,1000,1000
2109,49,weighted,10,0.6784434713375797,0,19,None,66,1,5,False,1000,1000
2110,45,weighted,10,0.5601114649681529,0,17,None,66,1,5,False,1000,1000
2111,46,weighted,10,0.5619028662420382,0,17,None,66,1,5,False,1000,1000
2112,47,weighted,10,0.5632961783439491,0,17,None,66,1,5,False,1000,1000
2113,48,weighted,10,0.5659832802547771,0,17,None,66,1,5,False,1000,1000
2114,49,weighted,10,0.5680732484076433,0,17,None,66,1,5,False,1000,1000
2115,45,weighted,10,0.4640724522292994,0,21,None,66,1,5,False,1000,1000
2116,46,weighted,10,0.5474721337579618,0,21,None,66,1,5,False,1000,1000
2117,47,weighted,10,0.5771297770700637,0,21,None,66,1,5,False,1000,1000
2118,48,weighted,10,0.5780254777070064,0,21,None,66,1,5,False,1000,1000
2119,49,weighted,10,0.5744426751592356,0,21,None,66,1,5,False,1000,1000
2120,45,weighted,10,0.5499601910828026,0,24,None,66,1,5,False,1000,1000
2121,46,weighted,10,0.5528463375796179,0,24,None,66,1,5,False,1000,1000
2122,47,weighted,10,0.5553343949044586,0,24,None,66,1,5,False,1000,1000
2123,48,weighted,10,0.5586186305732485,0,24,None,66,1,5,False,1000,1000
2124,49,weighted,10,0.5640923566878981,0,24,None,66,1,5,False,1000,1000
2125,45,weighted,10,0.5318471337579618,0,27,None,66,1,5,False,1000,1000
2126,46,weighted,10,0.5461783439490446,0,27,None,66,1,5,False,1000,1000
2127,47,weighted,10,0.5561305732484076,0,27,None,66,1,5,False,1000,1000
2128,48,weighted,10,0.5648885350318471,0,27,None,66,1,5,False,1000,1000
2129,49,weighted,10,0.5727507961783439,0,27,None,66,1,5,False,1000,1000
2130,50,weighted,10,0.7982683121019108,0,25,None,66,1,5,False,1000,1000
2131,51,weighted,10,0.7967754777070064,0,25,None,66,1,5,False,1000,1000
2132,52,weighted,10,0.7959792993630573,0,25,None,66,1,5,False,1000,1000
2133,53,weighted,10,0.7961783439490446,0,25,None,66,1,5,False,1000,1000
2134,54,weighted,10,0.7956807324840764,0,25,None,66,1,5,False,1000,1000
2135,45,weighted,10,0.6685907643312102,0,7,None,66,1,5,False,1000,1000
2136,46,weighted,10,0.6674960191082803,0,7,None,66,1,5,False,1000,1000
2137,47,weighted,10,0.6675955414012739,0,7,None,66,1,5,False,1000,1000
2138,48,weighted,10,0.6679936305732485,0,7,None,66,1,5,False,1000,1000
2139,49,weighted,10,0.6684912420382165,0,7,None,66,1,5,False,1000,1000
2140,45,weighted,10,0.6554538216560509,0,32,None,66,1,5,False,1000,1000
2141,46,weighted,10,0.6549562101910829,0,32,None,66,1,5,False,1000,1000
2142,47,weighted,10,0.6550557324840764,0,32,None,66,1,5,False,1000,1000
2143,48,weighted,10,0.6576433121019108,0,32,None,66,1,5,False,1000,1000
2144,49,weighted,10,0.6587380573248408,0,32,None,66,1,5,False,1000,1000
2145,45,weighted,10,0.6963574840764332,0,4,None,66,1,5,False,1000,1000
2146,46,weighted,10,0.7204418789808917,0,4,None,66,1,5,False,1000,1000
2147,47,weighted,10,0.714968152866242,0,4,None,66,1,5,False,1000,1000
2148,48,weighted,10,0.7135748407643312,0,4,None,66,1,5,False,1000,1000
2149,49,weighted,10,0.7134753184713376,0,4,None,66,1,5,False,1000,1000
2150,50,weighted,10,0.569765127388535,0,24,None,66,1,5,False,1000,1000
2151,51,weighted,10,0.5785230891719745,0,24,None,66,1,5,False,1000,1000
2152,52,weighted,10,0.5855891719745223,0,24,None,66,1,5,False,1000,1000
2153,53,weighted,10,0.5929538216560509,0,24,None,66,1,5,False,1000,1000
2154,54,weighted,10,0.601015127388535,0,24,None,66,1,5,False,1000,1000
2155,50,weighted,10,0.5628980891719745,0,31,None,66,1,5,False,1000,1000
2156,51,weighted,10,0.5720541401273885,0,31,None,66,1,5,False,1000,1000
2157,52,weighted,10,0.5810111464968153,0,31,None,66,1,5,False,1000,1000
2158,53,weighted,10,0.5902667197452229,0,31,None,66,1,5,False,1000,1000
2159,54,weighted,10,0.5980294585987261,0,31,None,66,1,5,False,1000,1000
2160,50,weighted,10,0.7482085987261147,0,1,None,66,1,5,False,1000,1000
2161,51,weighted,10,0.7496019108280255,0,1,None,66,1,5,False,1000,1000
2162,52,weighted,10,0.7502985668789809,0,1,None,66,1,5,False,1000,1000
2163,53,weighted,10,0.75109474522293,0,1,None,66,1,5,False,1000,1000
2164,54,weighted,10,0.75109474522293,0,1,None,66,1,5,False,1000,1000
2165,50,weighted,10,0.7506966560509554,0,13,None,66,1,5,False,1000,1000
2166,51,weighted,10,0.7515923566878981,0,13,None,66,1,5,False,1000,1000
2167,52,weighted,10,0.752687101910828,0,13,None,66,1,5,False,1000,1000
2168,53,weighted,10,0.7521894904458599,0,13,None,66,1,5,False,1000,1000
2169,54,weighted,10,0.751890923566879,0,13,None,66,1,5,False,1000,1000
2170,50,weighted,10,0.4988057324840764,0,21,None,66,1,5,False,1000,1000
2171,51,weighted,10,0.5644904458598726,0,21,None,66,1,5,False,1000,1000
2172,52,weighted,10,0.5835987261146497,0,21,None,66,1,5,False,1000,1000
2173,53,weighted,10,0.5838972929936306,0,21,None,66,1,5,False,1000,1000
2174,54,weighted,10,0.5806130573248408,0,21,None,66,1,5,False,1000,1000
2175,50,weighted,10,0.580015923566879,0,27,None,66,1,5,False,1000,1000
2176,51,weighted,10,0.5863853503184714,0,27,None,66,1,5,False,1000,1000
2177,52,weighted,10,0.5932523885350318,0,27,None,66,1,5,False,1000,1000
2178,53,weighted,10,0.5974323248407644,0,27,None,66,1,5,False,1000,1000
2179,54,weighted,10,0.5995222929936306,0,27,None,66,1,5,False,1000,1000
2180,50,weighted,10,0.7552746815286624,0,2,None,66,1,5,False,1000,1000
2181,51,weighted,10,0.7499004777070064,0,2,None,66,1,5,False,1000,1000
2182,52,weighted,10,0.7433320063694268,0,2,None,66,1,5,False,1000,1000
2183,53,weighted,10,0.7363654458598726,0,2,None,66,1,5,False,1000,1000
2184,54,weighted,10,0.729796974522293,0,2,None,66,1,5,False,1000,1000
2185,50,weighted,10,0.5998208598726115,0,17,None,66,1,5,False,1000,1000
2186,51,weighted,10,0.6016122611464968,0,17,None,66,1,5,False,1000,1000
2187,52,weighted,10,0.603702229299363,0,17,None,66,1,5,False,1000,1000
2188,53,weighted,10,0.6046974522292994,0,17,None,66,1,5,False,1000,1000
2189,54,weighted,10,0.6054936305732485,0,17,None,66,1,5,False,1000,1000
2190,50,weighted,10,0.6761544585987261,0,28,None,66,1,5,False,1000,1000
2191,51,weighted,10,0.6766520700636943,0,28,None,66,1,5,False,1000,1000
2192,52,weighted,10,0.6776472929936306,0,28,None,66,1,5,False,1000,1000
2193,53,weighted,10,0.6773487261146497,0,28,None,66,1,5,False,1000,1000
2194,54,weighted,10,0.679140127388535,0,28,None,66,1,5,False,1000,1000
2195,50,weighted,10,0.7346735668789809,0,5,None,66,1,5,False,1000,1000
2196,51,weighted,10,0.7358678343949044,0,5,None,66,1,5,False,1000,1000
2197,52,weighted,10,0.7379578025477707,0,5,None,66,1,5,False,1000,1000
2198,53,weighted,10,0.7415406050955414,0,5,None,66,1,5,False,1000,1000
2199,54,weighted,10,0.7417396496815286,0,5,None,66,1,5,False,1000,1000
2200,50,weighted,10,0.729796974522293,0,12,None,66,1,5,False,1000,1000
2201,51,weighted,10,0.730593152866242,0,12,None,66,1,5,False,1000,1000
2202,52,weighted,10,0.7320859872611465,0,12,None,66,1,5,False,1000,1000
2203,53,weighted,10,0.7346735668789809,0,12,None,66,1,5,False,1000,1000
2204,54,weighted,10,0.7363654458598726,0,12,None,66,1,5,False,1000,1000
2205,50,weighted,10,0.7230294585987261,0,26,None,66,1,5,False,1000,1000
2206,51,weighted,10,0.7223328025477707,0,26,None,66,1,5,False,1000,1000
2207,52,weighted,10,0.7226313694267515,0,26,None,66,1,5,False,1000,1000
2208,53,weighted,10,0.7222332802547771,0,26,None,66,1,5,False,1000,1000
2209,54,weighted,10,0.7226313694267515,0,26,None,66,1,5,False,1000,1000
2210,50,weighted,10,0.6003184713375797,0,30,None,66,1,5,False,1000,1000
2211,51,weighted,10,0.5920581210191083,0,30,None,66,1,5,False,1000,1000
2212,52,weighted,10,0.5906648089171974,0,30,None,66,1,5,False,1000,1000
2213,53,weighted,10,0.5913614649681529,0,30,None,66,1,5,False,1000,1000
2214,54,weighted,10,0.5927547770700637,0,30,None,66,1,5,False,1000,1000
2215,50,weighted,10,0.6428144904458599,0,18,None,66,1,5,False,1000,1000
2216,51,weighted,10,0.6419187898089171,0,18,None,66,1,5,False,1000,1000
2217,52,weighted,10,0.64171974522293,0,18,None,66,1,5,False,1000,1000
2218,53,weighted,10,0.6423168789808917,0,18,None,66,1,5,False,1000,1000
2219,54,weighted,10,0.6415207006369427,0,18,None,66,1,5,False,1000,1000
2220,50,weighted,10,0.6859076433121019,0,19,None,66,1,5,False,1000,1000
2221,51,weighted,10,0.6857085987261147,0,19,None,66,1,5,False,1000,1000
2222,52,weighted,10,0.6857085987261147,0,19,None,66,1,5,False,1000,1000
2223,53,weighted,10,0.6877985668789809,0,19,None,66,1,5,False,1000,1000
2224,54,weighted,10,0.6897890127388535,0,19,None,66,1,5,False,1000,1000
2225,50,weighted,10,0.5980294585987261,0,11,None,66,1,5,False,1000,1000
2226,51,weighted,10,0.5826035031847133,0,11,None,66,1,5,False,1000,1000
2227,52,weighted,10,0.5711584394904459,0,11,None,66,1,5,False,1000,1000
2228,53,weighted,10,0.56140525477707,0,11,None,66,1,5,False,1000,1000
2229,54,weighted,10,0.5515525477707006,0,11,None,66,1,5,False,1000,1000
2230,50,weighted,10,0.7199442675159236,0,15,None,66,1,5,False,1000,1000
2231,51,weighted,10,0.7209394904458599,0,15,None,66,1,5,False,1000,1000
2232,52,weighted,10,0.7220342356687898,0,15,None,66,1,5,False,1000,1000
2233,53,weighted,10,0.7229299363057324,0,15,None,66,1,5,False,1000,1000
2234,54,weighted,10,0.7234275477707006,0,15,None,66,1,5,False,1000,1000
2235,50,weighted,10,0.8030453821656051,0,14,None,66,1,5,False,1000,1000
2236,51,weighted,10,0.804140127388535,0,14,None,66,1,5,False,1000,1000
2237,52,weighted,10,0.8054339171974523,0,14,None,66,1,5,False,1000,1000
2238,53,weighted,10,0.8051353503184714,0,14,None,66,1,5,False,1000,1000
2239,54,weighted,10,0.8044386942675159,0,14,None,66,1,5,False,1000,1000
2240,50,weighted,10,0.7262141719745223,0,29,None,66,1,5,False,1000,1000
2241,51,weighted,10,0.7284036624203821,0,29,None,66,1,5,False,1000,1000
2242,52,weighted,10,0.7304936305732485,0,29,None,66,1,5,False,1000,1000
2243,53,weighted,10,0.7321855095541401,0,29,None,66,1,5,False,1000,1000
2244,54,weighted,10,0.7337778662420382,0,29,None,66,1,5,False,1000,1000
2245,50,weighted,10,0.7956807324840764,0,9,None,66,1,5,False,1000,1000
2246,51,weighted,10,0.7967754777070064,0,9,None,66,1,5,False,1000,1000
2247,52,weighted,10,0.7988654458598726,0,9,None,66,1,5,False,1000,1000
2248,53,weighted,10,0.8000597133757962,0,9,None,66,1,5,False,1000,1000
2249,54,weighted,10,0.8012539808917197,0,9,None,66,1,5,False,1000,1000
2250,50,weighted,10,0.7027269108280255,0,16,None,66,1,5,False,1000,1000
2251,51,weighted,10,0.7053144904458599,0,16,None,66,1,5,False,1000,1000
2252,52,weighted,10,0.7083996815286624,0,16,None,66,1,5,False,1000,1000
2253,53,weighted,10,0.7110867834394905,0,16,None,66,1,5,False,1000,1000
2254,54,weighted,10,0.7134753184713376,0,16,None,66,1,5,False,1000,1000
2255,50,weighted,10,0.6779458598726115,0,7,None,66,1,5,False,1000,1000
2256,51,weighted,10,0.6778463375796179,0,7,None,66,1,5,False,1000,1000
2257,52,weighted,10,0.6781449044585988,0,7,None,66,1,5,False,1000,1000
2258,53,weighted,10,0.6788415605095541,0,7,None,66,1,5,False,1000,1000
2259,54,weighted,10,0.6794386942675159,0,7,None,66,1,5,False,1000,1000
2260,50,weighted,10,0.7676154458598726,0,0,None,66,1,5,False,1000,1000
2261,51,weighted,10,0.7643312101910829,0,0,None,66,1,5,False,1000,1000
2262,52,weighted,10,0.7641321656050956,0,0,None,66,1,5,False,1000,1000
2263,53,weighted,10,0.762937898089172,0,0,None,66,1,5,False,1000,1000
2264,54,weighted,10,0.7635350318471338,0,0,None,66,1,5,False,1000,1000
2265,50,weighted,10,0.4682523885350318,0,3,None,66,1,5,False,1000,1000
2266,51,weighted,10,0.4096337579617834,0,3,None,66,1,5,False,1000,1000
2267,52,weighted,10,0.3879378980891719,0,3,None,66,1,5,False,1000,1000
2268,53,weighted,10,0.3759952229299363,0,3,None,66,1,5,False,1000,1000
2269,54,weighted,10,0.3679339171974522,0,3,None,66,1,5,False,1000,1000
2270,50,weighted,10,0.71875,0,4,None,66,1,5,False,1000,1000
2271,51,weighted,10,0.7268113057324841,0,4,None,66,1,5,False,1000,1000
2272,52,weighted,10,0.7232285031847133,0,4,None,66,1,5,False,1000,1000
2273,53,weighted,10,0.7190485668789809,0,4,None,66,1,5,False,1000,1000
2274,54,weighted,10,0.7194466560509554,0,4,None,66,1,5,False,1000,1000
2275,50,weighted,10,0.7465167197452229,0,6,None,66,1,5,False,1000,1000
2276,51,weighted,10,0.7442277070063694,0,6,None,66,1,5,False,1000,1000
2277,52,weighted,10,0.7442277070063694,0,6,None,66,1,5,False,1000,1000
2278,53,weighted,10,0.7445262738853503,0,6,None,66,1,5,False,1000,1000
2279,54,weighted,10,0.7444267515923567,0,6,None,66,1,5,False,1000,1000
2280,50,weighted,10,0.6683917197452229,0,8,None,66,1,5,False,1000,1000
2281,51,weighted,10,0.6670979299363057,0,8,None,66,1,5,False,1000,1000
2282,52,weighted,10,0.6677945859872612,0,8,None,66,1,5,False,1000,1000
2283,53,weighted,10,0.6692874203821656,0,8,None,66,1,5,False,1000,1000
2284,54,weighted,10,0.6708797770700637,0,8,None,66,1,5,False,1000,1000
2285,50,weighted,10,0.7177547770700637,0,10,None,66,1,5,False,1000,1000
2286,51,weighted,10,0.7199442675159236,0,10,None,66,1,5,False,1000,1000
2287,52,weighted,10,0.723328025477707,0,10,None,66,1,5,False,1000,1000
2288,53,weighted,10,0.7259156050955414,0,10,None,66,1,5,False,1000,1000
2289,54,weighted,10,0.727906050955414,0,10,None,66,1,5,False,1000,1000
2290,50,weighted,10,0.6979498407643312,0,20,None,66,1,5,False,1000,1000
2291,51,weighted,10,0.6760549363057324,0,20,None,66,1,5,False,1000,1000
2292,52,weighted,10,0.6577428343949044,0,20,None,66,1,5,False,1000,1000
2293,53,weighted,10,0.6420183121019108,0,20,None,66,1,5,False,1000,1000
2294,54,weighted,10,0.6245023885350318,0,20,None,66,1,5,False,1000,1000
2295,50,weighted,10,0.7777667197452229,0,22,None,66,1,5,False,1000,1000
2296,51,weighted,10,0.7772691082802548,0,22,None,66,1,5,False,1000,1000
2297,52,weighted,10,0.7772691082802548,0,22,None,66,1,5,False,1000,1000
2298,53,weighted,10,0.7771695859872612,0,22,None,66,1,5,False,1000,1000
2299,54,weighted,10,0.7760748407643312,0,22,None,66,1,5,False,1000,1000
2300,50,weighted,10,0.6705812101910829,0,32,None,66,1,5,False,1000,1000
2301,51,weighted,10,0.6697850318471338,0,32,None,66,1,5,False,1000,1000
2302,52,weighted,10,0.6709792993630573,0,32,None,66,1,5,False,1000,1000
2303,53,weighted,10,0.6724721337579618,0,32,None,66,1,5,False,1000,1000
2304,54,weighted,10,0.6753582802547771,0,32,None,66,1,5,False,1000,1000
2305,50,weighted,10,0.714968152866242,0,23,None,66,1,5,False,1000,1000
2306,51,weighted,10,0.7124800955414012,0,23,None,66,1,5,False,1000,1000
2307,52,weighted,10,0.7135748407643312,0,23,None,66,1,5,False,1000,1000
2308,53,weighted,10,0.7153662420382165,0,23,None,66,1,5,False,1000,1000
2309,54,weighted,10,0.7173566878980892,0,23,None,66,1,5,False,1000,1000
3300,55,weighted,10,0.7578622611464968,0,1,None,66,1,5,False,1000,1000
3301,56,weighted,10,0.7576632165605095,0,1,None,66,1,5,False,1000,1000
3302,57,weighted,10,0.7573646496815286,0,1,None,66,1,5,False,1000,1000
3303,58,weighted,10,0.7579617834394905,0,1,None,66,1,5,False,1000,1000
3304,59,weighted,10,0.7585589171974523,0,1,None,66,1,5,False,1000,1000
3305,55,weighted,10,0.7634355095541401,0,2,None,66,1,5,False,1000,1000
3306,56,weighted,10,0.7569665605095541,0,2,None,66,1,5,False,1000,1000
3307,57,weighted,10,0.7497014331210191,0,2,None,66,1,5,False,1000,1000
3308,58,weighted,10,0.7426353503184714,0,2,None,66,1,5,False,1000,1000
3309,59,weighted,10,0.7371616242038217,0,2,None,66,1,5,False,1000,1000
3310,55,weighted,10,0.748109076433121,0,5,None,66,1,5,False,1000,1000
3311,56,weighted,10,0.75,0,5,None,66,1,5,False,1000,1000
3312,57,weighted,10,0.7515923566878981,0,5,None,66,1,5,False,1000,1000
3313,58,weighted,10,0.7527866242038217,0,5,None,66,1,5,False,1000,1000
3314,59,weighted,10,0.7546775477707006,0,5,None,66,1,5,False,1000,1000
3315,55,weighted,10,0.759952229299363,0,13,None,66,1,5,False,1000,1000
3316,56,weighted,10,0.7600517515923567,0,13,None,66,1,5,False,1000,1000
3317,57,weighted,10,0.759952229299363,0,13,None,66,1,5,False,1000,1000
3318,58,weighted,10,0.7603503184713376,0,13,None,66,1,5,False,1000,1000
3319,59,weighted,10,0.7603503184713376,0,13,None,66,1,5,False,1000,1000
3320,55,weighted,10,0.7241242038216561,0,15,None,66,1,5,False,1000,1000
3321,56,weighted,10,0.7257165605095541,0,15,None,66,1,5,False,1000,1000
3322,57,weighted,10,0.7270103503184714,0,15,None,66,1,5,False,1000,1000
3323,58,weighted,10,0.7283041401273885,0,15,None,66,1,5,False,1000,1000
3324,59,weighted,10,0.7286027070063694,0,15,None,66,1,5,False,1000,1000
3325,55,weighted,10,0.5884753184713376,0,11,None,66,1,5,False,1000,1000
3326,56,weighted,10,0.5775278662420382,0,11,None,66,1,5,False,1000,1000
3327,57,weighted,10,0.5673765923566879,0,11,None,66,1,5,False,1000,1000
3328,58,weighted,10,0.5596138535031847,0,11,None,66,1,5,False,1000,1000
3329,59,weighted,10,0.552547770700637,0,11,None,66,1,5,False,1000,1000
3330,55,weighted,10,0.6962579617834395,0,19,None,66,1,5,False,1000,1000
3331,56,weighted,10,0.6978503184713376,0,19,None,66,1,5,False,1000,1000
3332,57,weighted,10,0.7000398089171974,0,19,None,66,1,5,False,1000,1000
3333,58,weighted,10,0.7013335987261147,0,19,None,66,1,5,False,1000,1000
3334,59,weighted,10,0.7021297770700637,0,19,None,66,1,5,False,1000,1000
3335,55,weighted,10,0.8065286624203821,0,14,None,66,1,5,False,1000,1000
3336,56,weighted,10,0.8070262738853503,0,14,None,66,1,5,False,1000,1000
3337,57,weighted,10,0.8072253184713376,0,14,None,66,1,5,False,1000,1000
3338,58,weighted,10,0.8067277070063694,0,14,None,66,1,5,False,1000,1000
3339,59,weighted,10,0.8066281847133758,0,14,None,66,1,5,False,1000,1000
3340,55,weighted,10,0.8021496815286624,0,25,None,66,1,5,False,1000,1000
3341,56,weighted,10,0.8030453821656051,0,25,None,66,1,5,False,1000,1000
3342,57,weighted,10,0.8021496815286624,0,25,None,66,1,5,False,1000,1000
3343,58,weighted,10,0.7999601910828026,0,25,None,66,1,5,False,1000,1000
3344,59,weighted,10,0.800656847133758,0,25,None,66,1,5,False,1000,1000
3345,55,weighted,10,0.7346735668789809,0,26,None,66,1,5,False,1000,1000
3346,56,weighted,10,0.73546974522293,0,26,None,66,1,5,False,1000,1000
3347,57,weighted,10,0.7357683121019108,0,26,None,66,1,5,False,1000,1000
3348,58,weighted,10,0.7355692675159236,0,26,None,66,1,5,False,1000,1000
3349,59,weighted,10,0.73546974522293,0,26,None,66,1,5,False,1000,1000
3350,55,weighted,10,0.7409434713375797,0,12,None,66,1,5,False,1000,1000
3351,56,weighted,10,0.7442277070063694,0,12,None,66,1,5,False,1000,1000
3352,57,weighted,10,0.7458200636942676,0,12,None,66,1,5,False,1000,1000
3353,58,weighted,10,0.747312898089172,0,12,None,66,1,5,False,1000,1000
3354,59,weighted,10,0.7501990445859873,0,12,None,66,1,5,False,1000,1000
3355,55,weighted,10,0.6828224522292994,0,28,None,66,1,5,False,1000,1000
3356,56,weighted,10,0.6840167197452229,0,28,None,66,1,5,False,1000,1000
3357,57,weighted,10,0.684812898089172,0,28,None,66,1,5,False,1000,1000
3358,58,weighted,10,0.6847133757961783,0,28,None,66,1,5,False,1000,1000
3359,59,weighted,10,0.6860071656050956,0,28,None,66,1,5,False,1000,1000
3360,55,weighted,10,0.7245222929936306,0,29,None,66,1,5,False,1000,1000
3361,56,weighted,10,0.7273089171974523,0,29,None,66,1,5,False,1000,1000
3362,57,weighted,10,0.7299960191082803,0,29,None,66,1,5,False,1000,1000
3363,58,weighted,10,0.7315883757961783,0,29,None,66,1,5,False,1000,1000
3364,59,weighted,10,0.7329816878980892,0,29,None,66,1,5,False,1000,1000
3365,55,weighted,10,0.7985668789808917,0,9,None,66,1,5,False,1000,1000
3366,56,weighted,10,0.7996616242038217,0,9,None,66,1,5,False,1000,1000
3367,57,weighted,10,0.8009554140127388,0,9,None,66,1,5,False,1000,1000
3368,58,weighted,10,0.803343949044586,0,9,None,66,1,5,False,1000,1000
3369,59,weighted,10,0.8048367834394905,0,9,None,66,1,5,False,1000,1000
3370,55,weighted,10,0.669984076433121,0,30,None,66,1,5,False,1000,1000
3371,56,weighted,10,0.6563495222929936,0,30,None,66,1,5,False,1000,1000
3372,57,weighted,10,0.6567476114649682,0,30,None,66,1,5,False,1000,1000
3373,58,weighted,10,0.6571457006369427,0,30,None,66,1,5,False,1000,1000
3374,59,weighted,10,0.6593351910828026,0,30,None,66,1,5,False,1000,1000
3375,55,weighted,10,0.6207205414012739,0,31,None,66,1,5,False,1000,1000
3376,56,weighted,10,0.6249004777070064,0,31,None,66,1,5,False,1000,1000
3377,57,weighted,10,0.627687101910828,0,31,None,66,1,5,False,1000,1000
3378,58,weighted,10,0.6325636942675159,0,31,None,66,1,5,False,1000,1000
3379,59,weighted,10,0.6367436305732485,0,31,None,66,1,5,False,1000,1000
3380,55,weighted,10,0.648984872611465,0,18,None,66,1,5,False,1000,1000
3381,56,weighted,10,0.6476910828025477,0,18,None,66,1,5,False,1000,1000
3382,57,weighted,10,0.6484872611464968,0,18,None,66,1,5,False,1000,1000
3383,58,weighted,10,0.6479896496815286,0,18,None,66,1,5,False,1000,1000
3384,59,weighted,10,0.6486863057324841,0,18,None,66,1,5,False,1000,1000
3385,55,weighted,10,0.4953224522292994,0,3,None,66,1,5,False,1000,1000
3386,56,weighted,10,0.4395899681528662,0,3,None,66,1,5,False,1000,1000
3387,57,weighted,10,0.4068471337579618,0,3,None,66,1,5,False,1000,1000
3388,58,weighted,10,0.3926154458598726,0,3,None,66,1,5,False,1000,1000
3389,59,weighted,10,0.381468949044586,0,3,None,66,1,5,False,1000,1000
3390,55,weighted,10,0.7744824840764332,0,0,None,66,1,5,False,1000,1000
3391,56,weighted,10,0.772093949044586,0,0,None,66,1,5,False,1000,1000
3392,57,weighted,10,0.7707006369426752,0,0,None,66,1,5,False,1000,1000
3393,58,weighted,10,0.7708001592356688,0,0,None,66,1,5,False,1000,1000
3394,59,weighted,10,0.7696058917197452,0,0,None,66,1,5,False,1000,1000
3395,55,weighted,10,0.7536823248407644,0,6,None,66,1,5,False,1000,1000
3396,56,weighted,10,0.751890923566879,0,6,None,66,1,5,False,1000,1000
3397,57,weighted,10,0.7519904458598726,0,6,None,66,1,5,False,1000,1000
3398,58,weighted,10,0.7521894904458599,0,6,None,66,1,5,False,1000,1000
3399,59,weighted,10,0.7512937898089171,0,6,None,66,1,5,False,1000,1000
3400,55,weighted,10,0.7256170382165605,0,10,None,66,1,5,False,1000,1000
3401,56,weighted,10,0.7276074840764332,0,10,None,66,1,5,False,1000,1000
3402,57,weighted,10,0.7296974522292994,0,10,None,66,1,5,False,1000,1000
3403,58,weighted,10,0.7325835987261147,0,10,None,66,1,5,False,1000,1000
3404,59,weighted,10,0.7350716560509554,0,10,None,66,1,5,False,1000,1000
3405,55,weighted,10,0.785031847133758,0,22,None,66,1,5,False,1000,1000
3406,56,weighted,10,0.7849323248407644,0,22,None,66,1,5,False,1000,1000
3407,57,weighted,10,0.7838375796178344,0,22,None,66,1,5,False,1000,1000
3408,58,weighted,10,0.7825437898089171,0,22,None,66,1,5,False,1000,1000
3409,59,weighted,10,0.7816480891719745,0,22,None,66,1,5,False,1000,1000
3410,55,weighted,10,0.4980095541401274,0,20,None,66,1,5,False,1000,1000
3411,56,weighted,10,0.5718550955414012,0,20,None,66,1,5,False,1000,1000
3412,57,weighted,10,0.6103702229299363,0,20,None,66,1,5,False,1000,1000
3413,58,weighted,10,0.6267914012738853,0,20,None,66,1,5,False,1000,1000
3414,59,weighted,10,0.634952229299363,0,20,None,66,1,5,False,1000,1000
3415,55,weighted,10,0.7345740445859873,0,23,None,66,1,5,False,1000,1000
3416,56,weighted,10,0.7310907643312102,0,23,None,66,1,5,False,1000,1000
3417,57,weighted,10,0.7303941082802548,0,23,None,66,1,5,False,1000,1000
3418,58,weighted,10,0.7311902866242038,0,23,None,66,1,5,False,1000,1000
3419,59,weighted,10,0.7318869426751592,0,23,None,66,1,5,False,1000,1000
3420,55,weighted,10,0.7115843949044586,0,16,None,66,1,5,False,1000,1000
3421,56,weighted,10,0.7135748407643312,0,16,None,66,1,5,False,1000,1000
3422,57,weighted,10,0.7167595541401274,0,16,None,66,1,5,False,1000,1000
3423,58,weighted,10,0.7197452229299363,0,16,None,66,1,5,False,1000,1000
3424,59,weighted,10,0.7226313694267515,0,16,None,66,1,5,False,1000,1000
3425,55,weighted,10,0.6801353503184714,0,8,None,66,1,5,False,1000,1000
3426,56,weighted,10,0.679140127388535,0,8,None,66,1,5,False,1000,1000
3427,57,weighted,10,0.6796377388535032,0,8,None,66,1,5,False,1000,1000
3428,58,weighted,10,0.6803343949044586,0,8,None,66,1,5,False,1000,1000
3429,59,weighted,10,0.6814291401273885,0,8,None,66,1,5,False,1000,1000
3430,55,weighted,10,0.6382364649681529,0,17,None,66,1,5,False,1000,1000
3431,56,weighted,10,0.6405254777070064,0,17,None,66,1,5,False,1000,1000
3432,57,weighted,10,0.6422173566878981,0,17,None,66,1,5,False,1000,1000
3433,58,weighted,10,0.6443073248407644,0,17,None,66,1,5,False,1000,1000
3434,59,weighted,10,0.647093949044586,0,17,None,66,1,5,False,1000,1000
3435,55,weighted,10,0.5569267515923567,0,21,None,66,1,5,False,1000,1000
3436,56,weighted,10,0.6157444267515924,0,21,None,66,1,5,False,1000,1000
3437,57,weighted,10,0.6210191082802548,0,21,None,66,1,5,False,1000,1000
3438,58,weighted,10,0.6170382165605095,0,21,None,66,1,5,False,1000,1000
3439,59,weighted,10,0.611265923566879,0,21,None,66,1,5,False,1000,1000
3440,55,weighted,10,0.607484076433121,0,24,None,66,1,5,False,1000,1000
3441,56,weighted,10,0.6125597133757962,0,24,None,66,1,5,False,1000,1000
3442,57,weighted,10,0.6196257961783439,0,24,None,66,1,5,False,1000,1000
3443,58,weighted,10,0.6254976114649682,0,24,None,66,1,5,False,1000,1000
3444,59,weighted,10,0.6294785031847133,0,24,None,66,1,5,False,1000,1000
3445,55,weighted,10,0.6065883757961783,0,27,None,66,1,5,False,1000,1000
3446,56,weighted,10,0.6111664012738853,0,27,None,66,1,5,False,1000,1000
3447,57,weighted,10,0.6159434713375797,0,27,None,66,1,5,False,1000,1000
3448,58,weighted,10,0.6181329617834395,0,27,None,66,1,5,False,1000,1000
3449,59,weighted,10,0.6208200636942676,0,27,None,66,1,5,False,1000,1000
3450,60,weighted,10,0.8051353503184714,0,25,None,66,1,5,False,1000,1000
3451,61,weighted,10,0.8040406050955414,0,25,None,66,1,5,False,1000,1000
3452,62,weighted,10,0.8034434713375797,0,25,None,66,1,5,False,1000,1000
3453,63,weighted,10,0.8031449044585988,0,25,None,66,1,5,False,1000,1000
3454,64,weighted,10,0.8035429936305732,0,25,None,66,1,5,False,1000,1000
3455,55,weighted,10,0.6932722929936306,0,7,None,66,1,5,False,1000,1000
3456,56,weighted,10,0.6933718152866242,0,7,None,66,1,5,False,1000,1000
3457,57,weighted,10,0.6944665605095541,0,7,None,66,1,5,False,1000,1000
3458,58,weighted,10,0.6943670382165605,0,7,None,66,1,5,False,1000,1000
3459,59,weighted,10,0.6943670382165605,0,7,None,66,1,5,False,1000,1000
3460,55,weighted,10,0.7314888535031847,0,4,None,66,1,5,False,1000,1000
3461,56,weighted,10,0.732484076433121,0,4,None,66,1,5,False,1000,1000
3462,57,weighted,10,0.7300955414012739,0,4,None,66,1,5,False,1000,1000
3463,58,weighted,10,0.7278065286624203,0,4,None,66,1,5,False,1000,1000
3464,59,weighted,10,0.7283041401273885,0,4,None,66,1,5,False,1000,1000
3465,55,weighted,10,0.6924761146496815,0,32,None,66,1,5,False,1000,1000
3466,56,weighted,10,0.6889928343949044,0,32,None,66,1,5,False,1000,1000
3467,57,weighted,10,0.6894904458598726,0,32,None,66,1,5,False,1000,1000
3468,58,weighted,10,0.6900875796178344,0,32,None,66,1,5,False,1000,1000
3469,59,weighted,10,0.6905851910828026,0,32,None,66,1,5,False,1000,1000
3470,60,weighted,10,0.637937898089172,0,24,None,66,1,5,False,1000,1000
3471,61,weighted,10,0.6410230891719745,0,24,None,66,1,5,False,1000,1000
3472,62,weighted,10,0.6431130573248408,0,24,None,66,1,5,False,1000,1000
3473,63,weighted,10,0.6449044585987261,0,24,None,66,1,5,False,1000,1000
3474,64,weighted,10,0.6465963375796179,0,24,None,66,1,5,False,1000,1000
3475,60,weighted,10,0.6569466560509554,0,31,None,66,1,5,False,1000,1000
3476,61,weighted,10,0.6612261146496815,0,31,None,66,1,5,False,1000,1000
3477,62,weighted,10,0.6671974522292994,0,31,None,66,1,5,False,1000,1000
3478,63,weighted,10,0.6695859872611465,0,31,None,66,1,5,False,1000,1000
3479,64,weighted,10,0.6741640127388535,0,31,None,66,1,5,False,1000,1000
3480,60,weighted,10,0.6664012738853503,0,17,None,66,1,5,False,1000,1000
3481,61,weighted,10,0.6674960191082803,0,17,None,66,1,5,False,1000,1000
3482,62,weighted,10,0.6675955414012739,0,17,None,66,1,5,False,1000,1000
3483,63,weighted,10,0.6673964968152867,0,17,None,66,1,5,False,1000,1000
3484,64,weighted,10,0.6671974522292994,0,17,None,66,1,5,False,1000,1000
3485,60,weighted,10,0.7458200636942676,0,26,None,66,1,5,False,1000,1000
3486,61,weighted,10,0.7464171974522293,0,26,None,66,1,5,False,1000,1000
3487,62,weighted,10,0.7470143312101911,0,26,None,66,1,5,False,1000,1000
3488,63,weighted,10,0.7477109872611465,0,26,None,66,1,5,False,1000,1000
3489,64,weighted,10,0.7482085987261147,0,26,None,66,1,5,False,1000,1000
3490,60,weighted,10,0.7570660828025477,0,12,None,66,1,5,False,1000,1000
3491,61,weighted,10,0.7589570063694268,0,12,None,66,1,5,False,1000,1000
3492,62,weighted,10,0.7606488853503185,0,12,None,66,1,5,False,1000,1000
3493,63,weighted,10,0.7633359872611465,0,12,None,66,1,5,False,1000,1000
3494,64,weighted,10,0.7653264331210191,0,12,None,66,1,5,False,1000,1000
3495,60,weighted,10,0.6894904458598726,0,30,None,66,1,5,False,1000,1000
3496,61,weighted,10,0.6876990445859873,0,30,None,66,1,5,False,1000,1000
3497,62,weighted,10,0.6875995222929936,0,30,None,66,1,5,False,1000,1000
3498,63,weighted,10,0.6883957006369427,0,30,None,66,1,5,False,1000,1000
3499,64,weighted,10,0.6881966560509554,0,30,None,66,1,5,False,1000,1000
3500,60,weighted,10,0.7057125796178344,0,19,None,66,1,5,False,1000,1000
3501,61,weighted,10,0.707703025477707,0,19,None,66,1,5,False,1000,1000
3502,62,weighted,10,0.7111863057324841,0,19,None,66,1,5,False,1000,1000
3503,63,weighted,10,0.7123805732484076,0,19,None,66,1,5,False,1000,1000
3504,64,weighted,10,0.7125796178343949,0,19,None,66,1,5,False,1000,1000
3505,60,weighted,10,0.6553542993630573,0,18,None,66,1,5,False,1000,1000
3506,61,weighted,10,0.6552547770700637,0,18,None,66,1,5,False,1000,1000
3507,62,weighted,10,0.6541600318471338,0,18,None,66,1,5,False,1000,1000
3508,63,weighted,10,0.6538614649681529,0,18,None,66,1,5,False,1000,1000
3509,64,weighted,10,0.6553542993630573,0,18,None,66,1,5,False,1000,1000
3510,60,weighted,10,0.7151671974522293,0,20,None,66,1,5,False,1000,1000
3511,61,weighted,10,0.700437898089172,0,20,None,66,1,5,False,1000,1000
3512,62,weighted,10,0.6858081210191083,0,20,None,66,1,5,False,1000,1000
3513,63,weighted,10,0.6712778662420382,0,20,None,66,1,5,False,1000,1000
3514,64,weighted,10,0.6590366242038217,0,20,None,66,1,5,False,1000,1000
3515,60,weighted,10,0.5886743630573248,0,11,None,66,1,5,False,1000,1000
3516,61,weighted,10,0.5785230891719745,0,11,None,66,1,5,False,1000,1000
3517,62,weighted,10,0.5699641719745223,0,11,None,66,1,5,False,1000,1000
3518,63,weighted,10,0.5621019108280255,0,11,None,66,1,5,False,1000,1000
3519,64,weighted,10,0.5549363057324841,0,11,None,66,1,5,False,1000,1000
3520,60,weighted,10,0.730593152866242,0,10,None,66,1,5,False,1000,1000
3521,61,weighted,10,0.7334792993630573,0,10,None,66,1,5,False,1000,1000
3522,62,weighted,10,0.7364649681528662,0,10,None,66,1,5,False,1000,1000
3523,63,weighted,10,0.7390525477707006,0,10,None,66,1,5,False,1000,1000
3524,64,weighted,10,0.7406449044585988,0,10,None,66,1,5,False,1000,1000
3525,60,weighted,10,0.7306926751592356,0,15,None,66,1,5,False,1000,1000
3526,61,weighted,10,0.7329816878980892,0,15,None,66,1,5,False,1000,1000
3527,62,weighted,10,0.7333797770700637,0,15,None,66,1,5,False,1000,1000
3528,63,weighted,10,0.7349721337579618,0,15,None,66,1,5,False,1000,1000
3529,64,weighted,10,0.7350716560509554,0,15,None,66,1,5,False,1000,1000
3530,60,weighted,10,0.7199442675159236,0,16,None,66,1,5,False,1000,1000
3531,61,weighted,10,0.7219347133757962,0,16,None,66,1,5,False,1000,1000
3532,62,weighted,10,0.7256170382165605,0,16,None,66,1,5,False,1000,1000
3533,63,weighted,10,0.727109872611465,0,16,None,66,1,5,False,1000,1000
3534,64,weighted,10,0.7303941082802548,0,16,None,66,1,5,False,1000,1000
3535,60,weighted,10,0.7584593949044586,0,6,None,66,1,5,False,1000,1000
3536,61,weighted,10,0.7586584394904459,0,6,None,66,1,5,False,1000,1000
3537,62,weighted,10,0.7587579617834395,0,6,None,66,1,5,False,1000,1000
3538,63,weighted,10,0.7586584394904459,0,6,None,66,1,5,False,1000,1000
3539,64,weighted,10,0.759156050955414,0,6,None,66,1,5,False,1000,1000
3540,60,weighted,10,0.7015326433121019,0,32,None,66,1,5,False,1000,1000
3541,61,weighted,10,0.7007364649681529,0,32,None,66,1,5,False,1000,1000
3542,62,weighted,10,0.7018312101910829,0,32,None,66,1,5,False,1000,1000
3543,63,weighted,10,0.7019307324840764,0,32,None,66,1,5,False,1000,1000
3544,64,weighted,10,0.7033240445859873,0,32,None,66,1,5,False,1000,1000
3545,60,weighted,10,0.7017316878980892,0,7,None,66,1,5,False,1000,1000
3546,61,weighted,10,0.7024283439490446,0,7,None,66,1,5,False,1000,1000
3547,62,weighted,10,0.7027269108280255,0,7,None,66,1,5,False,1000,1000
3548,63,weighted,10,0.7036226114649682,0,7,None,66,1,5,False,1000,1000
3549,64,weighted,10,0.7032245222929936,0,7,None,66,1,5,False,1000,1000
3550,60,weighted,10,0.8097133757961783,0,14,None,66,1,5,False,1000,1000
3551,61,weighted,10,0.8100119426751592,0,14,None,66,1,5,False,1000,1000
3552,62,weighted,10,0.8103105095541401,0,14,None,66,1,5,False,1000,1000
3553,63,weighted,10,0.810609076433121,0,14,None,66,1,5,False,1000,1000
3554,64,weighted,10,0.8103105095541401,0,14,None,66,1,5,False,1000,1000
3555,60,weighted,10,0.7889132165605095,0,22,None,66,1,5,False,1000,1000
3556,61,weighted,10,0.7878184713375797,0,22,None,66,1,5,False,1000,1000
3557,62,weighted,10,0.7867237261146497,0,22,None,66,1,5,False,1000,1000
3558,63,weighted,10,0.7861265923566879,0,22,None,66,1,5,False,1000,1000
3559,64,weighted,10,0.7852308917197452,0,22,None,66,1,5,False,1000,1000
3560,60,weighted,10,0.7640326433121019,0,1,None,66,1,5,False,1000,1000
3561,61,weighted,10,0.7636345541401274,0,1,None,66,1,5,False,1000,1000
3562,62,weighted,10,0.7639331210191083,0,1,None,66,1,5,False,1000,1000
3563,63,weighted,10,0.7647292993630573,0,1,None,66,1,5,False,1000,1000
3564,64,weighted,10,0.7653264331210191,0,1,None,66,1,5,False,1000,1000
3565,60,weighted,10,0.7708001592356688,0,2,None,66,1,5,False,1000,1000
3566,61,weighted,10,0.7639331210191083,0,2,None,66,1,5,False,1000,1000
3567,62,weighted,10,0.7581608280254777,0,2,None,66,1,5,False,1000,1000
3568,63,weighted,10,0.7529856687898089,0,2,None,66,1,5,False,1000,1000
3569,64,weighted,10,0.7478105095541401,0,2,None,66,1,5,False,1000,1000
3570,60,weighted,10,0.7787619426751592,0,0,None,66,1,5,False,1000,1000
3571,61,weighted,10,0.7762738853503185,0,0,None,66,1,5,False,1000,1000
3572,62,weighted,10,0.7762738853503185,0,0,None,66,1,5,False,1000,1000
3573,63,weighted,10,0.7752786624203821,0,0,None,66,1,5,False,1000,1000
3574,64,weighted,10,0.773984872611465,0,0,None,66,1,5,False,1000,1000
3575,60,weighted,10,0.7379578025477707,0,4,None,66,1,5,False,1000,1000
3576,61,weighted,10,0.7373606687898089,0,4,None,66,1,5,False,1000,1000
3577,62,weighted,10,0.7357683121019108,0,4,None,66,1,5,False,1000,1000
3578,63,weighted,10,0.7341759554140127,0,4,None,66,1,5,False,1000,1000
3579,64,weighted,10,0.7340764331210191,0,4,None,66,1,5,False,1000,1000
3580,60,weighted,10,0.5208001592356688,0,3,None,66,1,5,False,1000,1000
3581,61,weighted,10,0.4704418789808917,0,3,None,66,1,5,False,1000,1000
3582,62,weighted,10,0.4374004777070063,0,3,None,66,1,5,False,1000,1000
3583,63,weighted,10,0.4128184713375796,0,3,None,66,1,5,False,1000,1000
3584,64,weighted,10,0.4006767515923566,0,3,None,66,1,5,False,1000,1000
3585,60,weighted,10,0.7590565286624203,0,5,None,66,1,5,False,1000,1000
3586,61,weighted,10,0.7596536624203821,0,5,None,66,1,5,False,1000,1000
3587,62,weighted,10,0.7605493630573248,0,5,None,66,1,5,False,1000,1000
3588,63,weighted,10,0.761843152866242,0,5,None,66,1,5,False,1000,1000
3589,64,weighted,10,0.7625398089171974,0,5,None,66,1,5,False,1000,1000
3590,60,weighted,10,0.6907842356687898,0,8,None,66,1,5,False,1000,1000
3591,61,weighted,10,0.6904856687898089,0,8,None,66,1,5,False,1000,1000
3592,62,weighted,10,0.6916799363057324,0,8,None,66,1,5,False,1000,1000
3593,63,weighted,10,0.6926751592356688,0,8,None,66,1,5,False,1000,1000
3594,64,weighted,10,0.6949641719745223,0,8,None,66,1,5,False,1000,1000
3595,60,weighted,10,0.7686106687898089,0,13,None,66,1,5,False,1000,1000
3596,61,weighted,10,0.7684116242038217,0,13,None,66,1,5,False,1000,1000
3597,62,weighted,10,0.7689092356687898,0,13,None,66,1,5,False,1000,1000
3598,63,weighted,10,0.7687101910828026,0,13,None,66,1,5,False,1000,1000
3599,64,weighted,10,0.7685111464968153,0,13,None,66,1,5,False,1000,1000
3600,60,weighted,10,0.8023487261146497,0,9,None,66,1,5,False,1000,1000
3601,61,weighted,10,0.8037420382165605,0,9,None,66,1,5,False,1000,1000
3602,62,weighted,10,0.8056329617834395,0,9,None,66,1,5,False,1000,1000
3603,63,weighted,10,0.806827229299363,0,9,None,66,1,5,False,1000,1000
3604,64,weighted,10,0.8086186305732485,0,9,None,66,1,5,False,1000,1000
3605,60,weighted,10,0.7388535031847133,0,23,None,66,1,5,False,1000,1000
3606,61,weighted,10,0.7368630573248408,0,23,None,66,1,5,False,1000,1000
3607,62,weighted,10,0.7388535031847133,0,23,None,66,1,5,False,1000,1000
3608,63,weighted,10,0.7384554140127388,0,23,None,66,1,5,False,1000,1000
3609,64,weighted,10,0.7390525477707006,0,23,None,66,1,5,False,1000,1000
3610,60,weighted,10,0.5970342356687898,0,21,None,66,1,5,False,1000,1000
3611,61,weighted,10,0.644406847133758,0,21,None,66,1,5,False,1000,1000
3612,62,weighted,10,0.6437101910828026,0,21,None,66,1,5,False,1000,1000
3613,63,weighted,10,0.64171974522293,0,21,None,66,1,5,False,1000,1000
3614,64,weighted,10,0.6384355095541401,0,21,None,66,1,5,False,1000,1000
3615,60,weighted,10,0.6890923566878981,0,28,None,66,1,5,False,1000,1000
3616,61,weighted,10,0.689390923566879,0,28,None,66,1,5,False,1000,1000
3617,62,weighted,10,0.6905851910828026,0,28,None,66,1,5,False,1000,1000
3618,63,weighted,10,0.6915804140127388,0,28,None,66,1,5,False,1000,1000
3619,64,weighted,10,0.6918789808917197,0,28,None,66,1,5,False,1000,1000
3620,60,weighted,10,0.6265923566878981,0,27,None,66,1,5,False,1000,1000
3621,61,weighted,10,0.6284832802547771,0,27,None,66,1,5,False,1000,1000
3622,62,weighted,10,0.6297770700636943,0,27,None,66,1,5,False,1000,1000
3623,63,weighted,10,0.6312699044585988,0,27,None,66,1,5,False,1000,1000
3624,64,weighted,10,0.6337579617834395,0,27,None,66,1,5,False,1000,1000
3625,60,weighted,10,0.725218949044586,0,29,None,66,1,5,False,1000,1000
3626,61,weighted,10,0.7269108280254777,0,29,None,66,1,5,False,1000,1000
3627,62,weighted,10,0.7293988853503185,0,29,None,66,1,5,False,1000,1000
3628,63,weighted,10,0.7311902866242038,0,29,None,66,1,5,False,1000,1000
3629,64,weighted,10,0.7335788216560509,0,29,None,66,1,5,False,1000,1000
3630,65,weighted,10,0.7688097133757962,0,1,None,66,1,5,False,1000,1000
3631,66,weighted,10,0.7691082802547771,0,1,None,66,1,5,False,1000,1000
3632,67,weighted,10,0.7703025477707006,0,1,None,66,1,5,False,1000,1000
3633,68,weighted,10,0.7708996815286624,0,1,None,66,1,5,False,1000,1000
3634,69,weighted,10,0.7713972929936306,0,1,None,66,1,5,False,1000,1000
3635,65,weighted,10,0.7754777070063694,0,2,None,66,1,5,False,1000,1000
3636,66,weighted,10,0.7700039808917197,0,2,None,66,1,5,False,1000,1000
3637,67,weighted,10,0.76453025477707,0,2,None,66,1,5,False,1000,1000
3638,68,weighted,10,0.7587579617834395,0,2,None,66,1,5,False,1000,1000
3639,69,weighted,10,0.7555732484076433,0,2,None,66,1,5,False,1000,1000
3640,65,weighted,10,0.7517914012738853,0,23,None,66,1,5,False,1000,1000
3641,66,weighted,10,0.75,0,23,None,66,1,5,False,1000,1000
3642,67,weighted,10,0.7512937898089171,0,23,None,66,1,5,False,1000,1000
3643,68,weighted,10,0.7515923566878981,0,23,None,66,1,5,False,1000,1000
3644,69,weighted,10,0.7513933121019108,0,23,None,66,1,5,False,1000,1000
3645,65,weighted,10,0.6963574840764332,0,28,None,66,1,5,False,1000,1000
3646,66,weighted,10,0.6972531847133758,0,28,None,66,1,5,False,1000,1000
3647,67,weighted,10,0.6977507961783439,0,28,None,66,1,5,False,1000,1000
3648,68,weighted,10,0.6998407643312102,0,28,None,66,1,5,False,1000,1000
3649,69,weighted,10,0.6996417197452229,0,28,None,66,1,5,False,1000,1000
3650,65,weighted,10,0.727109872611465,0,29,None,66,1,5,False,1000,1000
3651,66,weighted,10,0.728702229299363,0,29,None,66,1,5,False,1000,1000
3652,67,weighted,10,0.7292993630573248,0,29,None,66,1,5,False,1000,1000
3653,68,weighted,10,0.7320859872611465,0,29,None,66,1,5,False,1000,1000
3654,69,weighted,10,0.7334792993630573,0,29,None,66,1,5,False,1000,1000
3655,65,weighted,10,0.7679140127388535,0,5,None,66,1,5,False,1000,1000
3656,66,weighted,10,0.7691082802547771,0,5,None,66,1,5,False,1000,1000
3657,67,weighted,10,0.7699044585987261,0,5,None,66,1,5,False,1000,1000
3658,68,weighted,10,0.7710987261146497,0,5,None,66,1,5,False,1000,1000
3659,69,weighted,10,0.7725915605095541,0,5,None,66,1,5,False,1000,1000
3660,65,weighted,10,0.7207404458598726,0,20,None,66,1,5,False,1000,1000
3661,66,weighted,10,0.708797770700637,0,20,None,66,1,5,False,1000,1000
3662,67,weighted,10,0.6956608280254777,0,20,None,66,1,5,False,1000,1000
3663,68,weighted,10,0.6822253184713376,0,20,None,66,1,5,False,1000,1000
3664,69,weighted,10,0.6717754777070064,0,20,None,66,1,5,False,1000,1000
3665,65,weighted,10,0.7421377388535032,0,4,None,66,1,5,False,1000,1000
3666,66,weighted,10,0.7426353503184714,0,4,None,66,1,5,False,1000,1000
3667,67,weighted,10,0.7393511146496815,0,4,None,66,1,5,False,1000,1000
3668,68,weighted,10,0.7385549363057324,0,4,None,66,1,5,False,1000,1000
3669,69,weighted,10,0.7390525477707006,0,4,None,66,1,5,False,1000,1000
3670,65,weighted,10,0.7104896496815286,0,32,None,66,1,5,False,1000,1000
3671,66,weighted,10,0.7102906050955414,0,32,None,66,1,5,False,1000,1000
3672,67,weighted,10,0.7118829617834395,0,32,None,66,1,5,False,1000,1000
3673,68,weighted,10,0.7131767515923567,0,32,None,66,1,5,False,1000,1000
3674,69,weighted,10,0.7126791401273885,0,32,None,66,1,5,False,1000,1000
3675,65,weighted,10,0.5856886942675159,0,11,None,66,1,5,False,1000,1000
3676,66,weighted,10,0.5782245222929936,0,11,None,66,1,5,False,1000,1000
3677,67,weighted,10,0.570859872611465,0,11,None,66,1,5,False,1000,1000
3678,68,weighted,10,0.564390923566879,0,11,None,66,1,5,False,1000,1000
3679,69,weighted,10,0.5583200636942676,0,11,None,66,1,5,False,1000,1000
3680,65,weighted,10,0.7298964968152867,0,16,None,66,1,5,False,1000,1000
3681,66,weighted,10,0.7326831210191083,0,16,None,66,1,5,False,1000,1000
3682,67,weighted,10,0.7345740445859873,0,16,None,66,1,5,False,1000,1000
3683,68,weighted,10,0.7376592356687898,0,16,None,66,1,5,False,1000,1000
3684,69,weighted,10,0.7390525477707006,0,16,None,66,1,5,False,1000,1000
3685,65,weighted,10,0.7100915605095541,0,7,None,66,1,5,False,1000,1000
3686,66,weighted,10,0.7102906050955414,0,7,None,66,1,5,False,1000,1000
3687,67,weighted,10,0.7107882165605095,0,7,None,66,1,5,False,1000,1000
3688,68,weighted,10,0.7117834394904459,0,7,None,66,1,5,False,1000,1000
3689,69,weighted,10,0.7121815286624203,0,7,None,66,1,5,False,1000,1000
3690,65,weighted,10,0.7040207006369427,0,8,None,66,1,5,False,1000,1000
3691,66,weighted,10,0.705812101910828,0,8,None,66,1,5,False,1000,1000
3692,67,weighted,10,0.7085987261146497,0,8,None,66,1,5,False,1000,1000
3693,68,weighted,10,0.7109872611464968,0,8,None,66,1,5,False,1000,1000
3694,69,weighted,10,0.7119824840764332,0,8,None,66,1,5,False,1000,1000
3695,65,weighted,10,0.7908041401273885,0,22,None,66,1,5,False,1000,1000
3696,66,weighted,10,0.7911027070063694,0,22,None,66,1,5,False,1000,1000
3697,67,weighted,10,0.7905055732484076,0,22,None,66,1,5,False,1000,1000
3698,68,weighted,10,0.7902070063694268,0,22,None,66,1,5,False,1000,1000
3699,69,weighted,10,0.7892117834394905,0,22,None,66,1,5,False,1000,1000
3700,65,weighted,10,0.8137937898089171,0,14,None,66,1,5,False,1000,1000
3701,66,weighted,10,0.8137937898089171,0,14,None,66,1,5,False,1000,1000
3702,67,weighted,10,0.8131966560509554,0,14,None,66,1,5,False,1000,1000
3703,68,weighted,10,0.8125,0,14,None,66,1,5,False,1000,1000
3704,69,weighted,10,0.8119028662420382,0,14,None,66,1,5,False,1000,1000
3705,65,weighted,10,0.8063296178343949,0,9,None,66,1,5,False,1000,1000
3706,66,weighted,10,0.8083200636942676,0,9,None,66,1,5,False,1000,1000
3707,67,weighted,10,0.8090167197452229,0,9,None,66,1,5,False,1000,1000
3708,68,weighted,10,0.8100119426751592,0,9,None,66,1,5,False,1000,1000
3709,69,weighted,10,0.8115047770700637,0,9,None,66,1,5,False,1000,1000
3710,65,weighted,10,0.6886942675159236,0,17,None,66,1,5,False,1000,1000
3711,66,weighted,10,0.6878980891719745,0,17,None,66,1,5,False,1000,1000
3712,67,weighted,10,0.6876990445859873,0,17,None,66,1,5,False,1000,1000
3713,68,weighted,10,0.6868033439490446,0,17,None,66,1,5,False,1000,1000
3714,69,weighted,10,0.6862062101910829,0,17,None,66,1,5,False,1000,1000
3715,65,weighted,10,0.7070063694267515,0,30,None,66,1,5,False,1000,1000
3716,66,weighted,10,0.7060111464968153,0,30,None,66,1,5,False,1000,1000
3717,67,weighted,10,0.7065087579617835,0,30,None,66,1,5,False,1000,1000
3718,68,weighted,10,0.7073049363057324,0,30,None,66,1,5,False,1000,1000
3719,69,weighted,10,0.7080015923566879,0,30,None,66,1,5,False,1000,1000
3720,65,weighted,10,0.6698845541401274,0,18,None,66,1,5,False,1000,1000
3721,66,weighted,10,0.6664012738853503,0,18,None,66,1,5,False,1000,1000
3722,67,weighted,10,0.6653065286624203,0,18,None,66,1,5,False,1000,1000
3723,68,weighted,10,0.6670979299363057,0,18,None,66,1,5,False,1000,1000
3724,69,weighted,10,0.6681926751592356,0,18,None,66,1,5,False,1000,1000
3725,65,weighted,10,0.6428144904458599,0,27,None,66,1,5,False,1000,1000
3726,66,weighted,10,0.6445063694267515,0,27,None,66,1,5,False,1000,1000
3727,67,weighted,10,0.6475915605095541,0,27,None,66,1,5,False,1000,1000
3728,68,weighted,10,0.6502786624203821,0,27,None,66,1,5,False,1000,1000
3729,69,weighted,10,0.6527667197452229,0,27,None,66,1,5,False,1000,1000
3730,65,weighted,10,0.68640525477707,0,31,None,66,1,5,False,1000,1000
3731,66,weighted,10,0.6887937898089171,0,31,None,66,1,5,False,1000,1000
3732,67,weighted,10,0.6911823248407644,0,31,None,66,1,5,False,1000,1000
3733,68,weighted,10,0.693968949044586,0,31,None,66,1,5,False,1000,1000
3734,69,weighted,10,0.6949641719745223,0,31,None,66,1,5,False,1000,1000
3735,65,weighted,10,0.7203423566878981,0,19,None,66,1,5,False,1000,1000
3736,66,weighted,10,0.7212380573248408,0,19,None,66,1,5,False,1000,1000
3737,67,weighted,10,0.7222332802547771,0,19,None,66,1,5,False,1000,1000
3738,68,weighted,10,0.723328025477707,0,19,None,66,1,5,False,1000,1000
3739,69,weighted,10,0.723328025477707,0,19,None,66,1,5,False,1000,1000
3740,65,weighted,10,0.6513734076433121,0,21,None,66,1,5,False,1000,1000
3741,66,weighted,10,0.671875,0,21,None,66,1,5,False,1000,1000
3742,67,weighted,10,0.6674960191082803,0,21,None,66,1,5,False,1000,1000
3743,68,weighted,10,0.6674960191082803,0,21,None,66,1,5,False,1000,1000
3744,69,weighted,10,0.6645103503184714,0,21,None,66,1,5,False,1000,1000
3745,65,weighted,10,0.7828423566878981,0,0,None,66,1,5,False,1000,1000
3746,66,weighted,10,0.7813495222929936,0,0,None,66,1,5,False,1000,1000
3747,67,weighted,10,0.7808519108280255,0,0,None,66,1,5,False,1000,1000
3748,68,weighted,10,0.7803542993630573,0,0,None,66,1,5,False,1000,1000
3749,69,weighted,10,0.7802547770700637,0,0,None,66,1,5,False,1000,1000
3750,65,weighted,10,0.6523686305732485,0,24,None,66,1,5,False,1000,1000
3751,66,weighted,10,0.6541600318471338,0,24,None,66,1,5,False,1000,1000
3752,67,weighted,10,0.6554538216560509,0,24,None,66,1,5,False,1000,1000
3753,68,weighted,10,0.65734474522293,0,24,None,66,1,5,False,1000,1000
3754,69,weighted,10,0.6593351910828026,0,24,None,66,1,5,False,1000,1000
3755,65,weighted,10,0.76453025477707,0,6,None,66,1,5,False,1000,1000
3756,66,weighted,10,0.7647292993630573,0,6,None,66,1,5,False,1000,1000
3757,67,weighted,10,0.7654259554140127,0,6,None,66,1,5,False,1000,1000
3758,68,weighted,10,0.7658240445859873,0,6,None,66,1,5,False,1000,1000
3759,69,weighted,10,0.7654259554140127,0,6,None,66,1,5,False,1000,1000
3760,65,weighted,10,0.7686106687898089,0,12,None,66,1,5,False,1000,1000
3761,66,weighted,10,0.7701035031847133,0,12,None,66,1,5,False,1000,1000
3762,67,weighted,10,0.7709992038216561,0,12,None,66,1,5,False,1000,1000
3763,68,weighted,10,0.7726910828025477,0,12,None,66,1,5,False,1000,1000
3764,69,weighted,10,0.773984872611465,0,12,None,66,1,5,False,1000,1000
3765,65,weighted,10,0.7797571656050956,0,13,None,66,1,5,False,1000,1000
3766,66,weighted,10,0.7788614649681529,0,13,None,66,1,5,False,1000,1000
3767,67,weighted,10,0.7784633757961783,0,13,None,66,1,5,False,1000,1000
3768,68,weighted,10,0.7779657643312102,0,13,None,66,1,5,False,1000,1000
3769,69,weighted,10,0.7777667197452229,0,13,None,66,1,5,False,1000,1000
3770,65,weighted,10,0.8083200636942676,0,25,None,66,1,5,False,1000,1000
3771,66,weighted,10,0.8078224522292994,0,25,None,66,1,5,False,1000,1000
3772,67,weighted,10,0.8073248407643312,0,25,None,66,1,5,False,1000,1000
3773,68,weighted,10,0.8066281847133758,0,25,None,66,1,5,False,1000,1000
3774,69,weighted,10,0.806827229299363,0,25,None,66,1,5,False,1000,1000
3775,65,weighted,10,0.7550756369426752,0,26,None,66,1,5,False,1000,1000
3776,66,weighted,10,0.7562699044585988,0,26,None,66,1,5,False,1000,1000
3777,67,weighted,10,0.756468949044586,0,26,None,66,1,5,False,1000,1000
3778,68,weighted,10,0.7563694267515924,0,26,None,66,1,5,False,1000,1000
3779,69,weighted,10,0.7569665605095541,0,26,None,66,1,5,False,1000,1000
3780,70,weighted,10,0.7246218152866242,0,30,None,66,1,5,False,1000,1000
3781,71,weighted,10,0.7249203821656051,0,30,None,66,1,5,False,1000,1000
3782,72,weighted,10,0.7264132165605095,0,30,None,66,1,5,False,1000,1000
3783,73,weighted,10,0.7269108280254777,0,30,None,66,1,5,False,1000,1000
3784,74,weighted,10,0.7269108280254777,0,30,None,66,1,5,False,1000,1000
3785,65,weighted,10,0.7340764331210191,0,10,None,66,1,5,False,1000,1000
3786,66,weighted,10,0.7369625796178344,0,10,None,66,1,5,False,1000,1000
3787,67,weighted,10,0.7388535031847133,0,10,None,66,1,5,False,1000,1000
3788,68,weighted,10,0.7419386942675159,0,10,None,66,1,5,False,1000,1000
3789,69,weighted,10,0.7439291401273885,0,10,None,66,1,5,False,1000,1000
3790,65,weighted,10,0.7358678343949044,0,15,None,66,1,5,False,1000,1000
3791,66,weighted,10,0.7366640127388535,0,15,None,66,1,5,False,1000,1000
3792,67,weighted,10,0.7384554140127388,0,15,None,66,1,5,False,1000,1000
3793,68,weighted,10,0.7387539808917197,0,15,None,66,1,5,False,1000,1000
3794,69,weighted,10,0.7412420382165605,0,15,None,66,1,5,False,1000,1000
3795,65,weighted,10,0.5597133757961783,0,3,None,66,1,5,False,1000,1000
3796,66,weighted,10,0.5201035031847133,0,3,None,66,1,5,False,1000,1000
3797,67,weighted,10,0.4868630573248407,0,3,None,66,1,5,False,1000,1000
3798,68,weighted,10,0.4642714968152866,0,3,None,66,1,5,False,1000,1000
3799,69,weighted,10,0.4450636942675159,0,3,None,66,1,5,False,1000,1000
3800,70,weighted,10,0.7742834394904459,0,1,None,66,1,5,False,1000,1000
3801,71,weighted,10,0.774781050955414,0,1,None,66,1,5,False,1000,1000
3802,72,weighted,10,0.7753781847133758,0,1,None,66,1,5,False,1000,1000
3803,73,weighted,10,0.7749800955414012,0,1,None,66,1,5,False,1000,1000
3804,74,weighted,10,0.7761743630573248,0,1,None,66,1,5,False,1000,1000
3805,70,weighted,10,0.674562101910828,0,21,None,66,1,5,False,1000,1000
3806,71,weighted,10,0.6781449044585988,0,21,None,66,1,5,False,1000,1000
3807,72,weighted,10,0.6765525477707006,0,21,None,66,1,5,False,1000,1000
3808,73,weighted,10,0.6762539808917197,0,21,None,66,1,5,False,1000,1000
3809,74,weighted,10,0.674562101910828,0,21,None,66,1,5,False,1000,1000
3810,70,weighted,10,0.7818471337579618,0,2,None,66,1,5,False,1000,1000
3811,71,weighted,10,0.7777667197452229,0,2,None,66,1,5,False,1000,1000
3812,72,weighted,10,0.7721934713375797,0,2,None,66,1,5,False,1000,1000
3813,73,weighted,10,0.7689092356687898,0,2,None,66,1,5,False,1000,1000
3814,74,weighted,10,0.7652269108280255,0,2,None,66,1,5,False,1000,1000
3815,70,weighted,10,0.7377587579617835,0,15,None,66,1,5,False,1000,1000
3816,71,weighted,10,0.7399482484076433,0,15,None,66,1,5,False,1000,1000
3817,72,weighted,10,0.7403463375796179,0,15,None,66,1,5,False,1000,1000
3818,73,weighted,10,0.7428343949044586,0,15,None,66,1,5,False,1000,1000
3819,74,weighted,10,0.7432324840764332,0,15,None,66,1,5,False,1000,1000
3820,70,weighted,10,0.7931926751592356,0,22,None,66,1,5,False,1000,1000
3821,71,weighted,10,0.7928941082802548,0,22,None,66,1,5,False,1000,1000
3822,72,weighted,10,0.7927945859872612,0,22,None,66,1,5,False,1000,1000
3823,73,weighted,10,0.7927945859872612,0,22,None,66,1,5,False,1000,1000
3824,74,weighted,10,0.7934912420382165,0,22,None,66,1,5,False,1000,1000
3825,70,weighted,10,0.7563694267515924,0,23,None,66,1,5,False,1000,1000
3826,71,weighted,10,0.7559713375796179,0,23,None,66,1,5,False,1000,1000
3827,72,weighted,10,0.7562699044585988,0,23,None,66,1,5,False,1000,1000
3828,73,weighted,10,0.7560708598726115,0,23,None,66,1,5,False,1000,1000
3829,74,weighted,10,0.7577627388535032,0,23,None,66,1,5,False,1000,1000
3830,70,weighted,10,0.773984872611465,0,5,None,66,1,5,False,1000,1000
3831,71,weighted,10,0.7743829617834395,0,5,None,66,1,5,False,1000,1000
3832,72,weighted,10,0.7763734076433121,0,5,None,66,1,5,False,1000,1000
3833,73,weighted,10,0.7773686305732485,0,5,None,66,1,5,False,1000,1000
3834,74,weighted,10,0.7782643312101911,0,5,None,66,1,5,False,1000,1000
3835,70,weighted,10,0.7397492038216561,0,16,None,66,1,5,False,1000,1000
3836,71,weighted,10,0.7424363057324841,0,16,None,66,1,5,False,1000,1000
3837,72,weighted,10,0.7449243630573248,0,16,None,66,1,5,False,1000,1000
3838,73,weighted,10,0.7471138535031847,0,16,None,66,1,5,False,1000,1000
3839,74,weighted,10,0.7509952229299363,0,16,None,66,1,5,False,1000,1000
3840,70,weighted,10,0.7217356687898089,0,7,None,66,1,5,False,1000,1000
3841,71,weighted,10,0.722531847133758,0,7,None,66,1,5,False,1000,1000
3842,72,weighted,10,0.7229299363057324,0,7,None,66,1,5,False,1000,1000
3843,73,weighted,10,0.7228304140127388,0,7,None,66,1,5,False,1000,1000
3844,74,weighted,10,0.7234275477707006,0,7,None,66,1,5,False,1000,1000
3845,70,weighted,10,0.7220342356687898,0,32,None,66,1,5,False,1000,1000
3846,71,weighted,10,0.7218351910828026,0,32,None,66,1,5,False,1000,1000
3847,72,weighted,10,0.7213375796178344,0,32,None,66,1,5,False,1000,1000
3848,73,weighted,10,0.7209394904458599,0,32,None,66,1,5,False,1000,1000
3849,74,weighted,10,0.7221337579617835,0,32,None,66,1,5,False,1000,1000
3850,70,weighted,10,0.7388535031847133,0,10,None,66,1,5,False,1000,1000
3851,71,weighted,10,0.7417396496815286,0,10,None,66,1,5,False,1000,1000
3852,72,weighted,10,0.7441281847133758,0,10,None,66,1,5,False,1000,1000
3853,73,weighted,10,0.7476114649681529,0,10,None,66,1,5,False,1000,1000
3854,74,weighted,10,0.7501990445859873,0,10,None,66,1,5,False,1000,1000
3855,70,weighted,10,0.8154856687898089,0,14,None,66,1,5,False,1000,1000
3856,71,weighted,10,0.8158837579617835,0,14,None,66,1,5,False,1000,1000
3857,72,weighted,10,0.8154856687898089,0,14,None,66,1,5,False,1000,1000
3858,73,weighted,10,0.8148885350318471,0,14,None,66,1,5,False,1000,1000
3859,74,weighted,10,0.8142914012738853,0,14,None,66,1,5,False,1000,1000
3860,70,weighted,10,0.8097133757961783,0,9,None,66,1,5,False,1000,1000
3861,71,weighted,10,0.8108081210191083,0,9,None,66,1,5,False,1000,1000
3862,72,weighted,10,0.81140525477707,0,9,None,66,1,5,False,1000,1000
3863,73,weighted,10,0.8126990445859873,0,9,None,66,1,5,False,1000,1000
3864,74,weighted,10,0.8132961783439491,0,9,None,66,1,5,False,1000,1000
3865,70,weighted,10,0.7242237261146497,0,29,None,66,1,5,False,1000,1000
3866,71,weighted,10,0.7267117834394905,0,29,None,66,1,5,False,1000,1000
3867,72,weighted,10,0.729796974522293,0,29,None,66,1,5,False,1000,1000
3868,73,weighted,10,0.7335788216560509,0,29,None,66,1,5,False,1000,1000
3869,74,weighted,10,0.7359673566878981,0,29,None,66,1,5,False,1000,1000
3870,70,weighted,10,0.7770700636942676,0,12,None,66,1,5,False,1000,1000
3871,71,weighted,10,0.7780652866242038,0,12,None,66,1,5,False,1000,1000
3872,72,weighted,10,0.7786624203821656,0,12,None,66,1,5,False,1000,1000
3873,73,weighted,10,0.78015525477707,0,12,None,66,1,5,False,1000,1000
3874,74,weighted,10,0.7825437898089171,0,12,None,66,1,5,False,1000,1000
3875,70,weighted,10,0.7719944267515924,0,6,None,66,1,5,False,1000,1000
3876,71,weighted,10,0.7718949044585988,0,6,None,66,1,5,False,1000,1000
3877,72,weighted,10,0.7717953821656051,0,6,None,66,1,5,False,1000,1000
3878,73,weighted,10,0.771297770700637,0,6,None,66,1,5,False,1000,1000
3879,74,weighted,10,0.7715963375796179,0,6,None,66,1,5,False,1000,1000
3880,70,weighted,10,0.7845342356687898,0,13,None,66,1,5,False,1000,1000
3881,71,weighted,10,0.7828423566878981,0,13,None,66,1,5,False,1000,1000
3882,72,weighted,10,0.7824442675159236,0,13,None,66,1,5,False,1000,1000
3883,73,weighted,10,0.7820461783439491,0,13,None,66,1,5,False,1000,1000
3884,74,weighted,10,0.7815485668789809,0,13,None,66,1,5,False,1000,1000
3885,70,weighted,10,0.8089171974522293,0,25,None,66,1,5,False,1000,1000
3886,71,weighted,10,0.808718152866242,0,25,None,66,1,5,False,1000,1000
3887,72,weighted,10,0.8072253184713376,0,25,None,66,1,5,False,1000,1000
3888,73,weighted,10,0.8082205414012739,0,25,None,66,1,5,False,1000,1000
3889,74,weighted,10,0.8080214968152867,0,25,None,66,1,5,False,1000,1000
3890,70,weighted,10,0.7630374203821656,0,26,None,66,1,5,False,1000,1000
3891,71,weighted,10,0.7636345541401274,0,26,None,66,1,5,False,1000,1000
3892,72,weighted,10,0.76453025477707,0,26,None,66,1,5,False,1000,1000
3893,73,weighted,10,0.7653264331210191,0,26,None,66,1,5,False,1000,1000
3894,74,weighted,10,0.7658240445859873,0,26,None,66,1,5,False,1000,1000
3895,70,weighted,10,0.5860867834394905,0,11,None,66,1,5,False,1000,1000
3896,71,weighted,10,0.5814092356687898,0,11,None,66,1,5,False,1000,1000
3897,72,weighted,10,0.5755374203821656,0,11,None,66,1,5,False,1000,1000
3898,73,weighted,10,0.5703622611464968,0,11,None,66,1,5,False,1000,1000
3899,74,weighted,10,0.5650875796178344,0,11,None,66,1,5,False,1000,1000
3900,70,weighted,10,0.6943670382165605,0,17,None,66,1,5,False,1000,1000
3901,71,weighted,10,0.6935708598726115,0,17,None,66,1,5,False,1000,1000
3902,72,weighted,10,0.6946656050955414,0,17,None,66,1,5,False,1000,1000
3903,73,weighted,10,0.6953622611464968,0,17,None,66,1,5,False,1000,1000
3904,74,weighted,10,0.6956608280254777,0,17,None,66,1,5,False,1000,1000
3905,70,weighted,10,0.6661027070063694,0,24,None,66,1,5,False,1000,1000
3906,71,weighted,10,0.668093152866242,0,24,None,66,1,5,False,1000,1000
3907,72,weighted,10,0.6709792993630573,0,24,None,66,1,5,False,1000,1000
3908,73,weighted,10,0.6721735668789809,0,24,None,66,1,5,False,1000,1000
3909,74,weighted,10,0.6742635350318471,0,24,None,66,1,5,False,1000,1000
3910,70,weighted,10,0.7296974522292994,0,19,None,66,1,5,False,1000,1000
3911,71,weighted,10,0.7308917197452229,0,19,None,66,1,5,False,1000,1000
3912,72,weighted,10,0.7320859872611465,0,19,None,66,1,5,False,1000,1000
3913,73,weighted,10,0.7322850318471338,0,19,None,66,1,5,False,1000,1000
3914,74,weighted,10,0.7331807324840764,0,19,None,66,1,5,False,1000,1000
3915,70,weighted,10,0.7196457006369427,0,8,None,66,1,5,False,1000,1000
3916,71,weighted,10,0.7194466560509554,0,8,None,66,1,5,False,1000,1000
3917,72,weighted,10,0.7207404458598726,0,8,None,66,1,5,False,1000,1000
3918,73,weighted,10,0.7238256369426752,0,8,None,66,1,5,False,1000,1000
3919,74,weighted,10,0.7242237261146497,0,8,None,66,1,5,False,1000,1000
3920,70,weighted,10,0.7266122611464968,0,20,None,66,1,5,False,1000,1000
3921,71,weighted,10,0.716859076433121,0,20,None,66,1,5,False,1000,1000
3922,72,weighted,10,0.7065087579617835,0,20,None,66,1,5,False,1000,1000
3923,73,weighted,10,0.6973527070063694,0,20,None,66,1,5,False,1000,1000
3924,74,weighted,10,0.6859076433121019,0,20,None,66,1,5,False,1000,1000
3925,70,weighted,10,0.7470143312101911,0,4,None,66,1,5,False,1000,1000
3926,71,weighted,10,0.7455214968152867,0,4,None,66,1,5,False,1000,1000
3927,72,weighted,10,0.744327229299363,0,4,None,66,1,5,False,1000,1000
3928,73,weighted,10,0.7447253184713376,0,4,None,66,1,5,False,1000,1000
3929,74,weighted,10,0.7444267515923567,0,4,None,66,1,5,False,1000,1000
3930,70,weighted,10,0.7849323248407644,0,0,None,66,1,5,False,1000,1000
3931,71,weighted,10,0.7842356687898089,0,0,None,66,1,5,False,1000,1000
3932,72,weighted,10,0.7832404458598726,0,0,None,66,1,5,False,1000,1000
3933,73,weighted,10,0.7835390127388535,0,0,None,66,1,5,False,1000,1000
3934,74,weighted,10,0.7827428343949044,0,0,None,66,1,5,False,1000,1000
3935,70,weighted,10,0.5591162420382165,0,3,None,66,1,5,False,1000,1000
3936,71,weighted,10,0.5245820063694268,0,3,None,66,1,5,False,1000,1000
3937,72,weighted,10,0.4930334394904458,0,3,None,66,1,5,False,1000,1000
3938,73,weighted,10,0.470640923566879,0,3,None,66,1,5,False,1000,1000
3939,74,weighted,10,0.4545183121019108,0,3,None,66,1,5,False,1000,1000
3940,70,weighted,10,0.701234076433121,0,28,None,66,1,5,False,1000,1000
3941,71,weighted,10,0.7015326433121019,0,28,None,66,1,5,False,1000,1000
3942,72,weighted,10,0.7033240445859873,0,28,None,66,1,5,False,1000,1000
3943,73,weighted,10,0.7044187898089171,0,28,None,66,1,5,False,1000,1000
3944,74,weighted,10,0.7068073248407644,0,28,None,66,1,5,False,1000,1000
3945,70,weighted,10,0.6787420382165605,0,18,None,66,1,5,False,1000,1000
3946,71,weighted,10,0.6761544585987261,0,18,None,66,1,5,False,1000,1000
3947,72,weighted,10,0.675656847133758,0,18,None,66,1,5,False,1000,1000
3948,73,weighted,10,0.6765525477707006,0,18,None,66,1,5,False,1000,1000
3949,74,weighted,10,0.6774482484076433,0,18,None,66,1,5,False,1000,1000
3950,70,weighted,10,0.6542595541401274,0,27,None,66,1,5,False,1000,1000
3951,71,weighted,10,0.6580414012738853,0,27,None,66,1,5,False,1000,1000
3952,72,weighted,10,0.6596337579617835,0,27,None,66,1,5,False,1000,1000
3953,73,weighted,10,0.6623208598726115,0,27,None,66,1,5,False,1000,1000
3954,74,weighted,10,0.6645103503184714,0,27,None,66,1,5,False,1000,1000
3955,70,weighted,10,0.7065087579617835,0,31,None,66,1,5,False,1000,1000
3956,71,weighted,10,0.707703025477707,0,31,None,66,1,5,False,1000,1000
3957,72,weighted,10,0.7102906050955414,0,31,None,66,1,5,False,1000,1000
3958,73,weighted,10,0.7126791401273885,0,31,None,66,1,5,False,1000,1000
3959,74,weighted,10,0.7143710191082803,0,31,None,66,1,5,False,1000,1000
3960,75,weighted,10,0.7948845541401274,0,22,None,66,1,5,False,1000,1000
3961,76,weighted,10,0.794187898089172,0,22,None,66,1,5,False,1000,1000
3962,77,weighted,10,0.7943869426751592,0,22,None,66,1,5,False,1000,1000
3963,78,weighted,10,0.7938893312101911,0,22,None,66,1,5,False,1000,1000
3964,79,weighted,10,0.7935907643312102,0,22,None,66,1,5,False,1000,1000
3965,75,weighted,10,0.7458200636942676,0,10,None,66,1,5,False,1000,1000
3966,76,weighted,10,0.7492038216560509,0,10,None,66,1,5,False,1000,1000
3967,77,weighted,10,0.7505971337579618,0,10,None,66,1,5,False,1000,1000
3968,78,weighted,10,0.751890923566879,0,10,None,66,1,5,False,1000,1000
3969,79,weighted,10,0.7540804140127388,0,10,None,66,1,5,False,1000,1000
3970,75,weighted,10,0.5686703821656051,0,11,None,66,1,5,False,1000,1000
3971,76,weighted,10,0.5570262738853503,0,11,None,66,1,5,False,1000,1000
3972,77,weighted,10,0.5475716560509554,0,11,None,66,1,5,False,1000,1000
3973,78,weighted,10,0.5382165605095541,0,11,None,66,1,5,False,1000,1000
3974,79,weighted,10,0.5294585987261147,0,11,None,66,1,5,False,1000,1000
3975,75,weighted,10,0.7459195859872612,0,15,None,66,1,5,False,1000,1000
3976,76,weighted,10,0.7463176751592356,0,15,None,66,1,5,False,1000,1000
3977,77,weighted,10,0.747312898089172,0,15,None,66,1,5,False,1000,1000
3978,78,weighted,10,0.7493033439490446,0,15,None,66,1,5,False,1000,1000
3979,79,weighted,10,0.75,0,15,None,66,1,5,False,1000,1000
3980,75,weighted,10,0.7356687898089171,0,20,None,66,1,5,False,1000,1000
3981,76,weighted,10,0.727109872611465,0,20,None,66,1,5,False,1000,1000
3982,77,weighted,10,0.7172571656050956,0,20,None,66,1,5,False,1000,1000
3983,78,weighted,10,0.7110867834394905,0,20,None,66,1,5,False,1000,1000
3984,79,weighted,10,0.7011345541401274,0,20,None,66,1,5,False,1000,1000
3985,75,weighted,10,0.7405453821656051,0,19,None,66,1,5,False,1000,1000
3986,76,weighted,10,0.7419386942675159,0,19,None,66,1,5,False,1000,1000
3987,77,weighted,10,0.7420382165605095,0,19,None,66,1,5,False,1000,1000
3988,78,weighted,10,0.7446257961783439,0,19,None,66,1,5,False,1000,1000
3989,79,weighted,10,0.7457205414012739,0,19,None,66,1,5,False,1000,1000
3990,75,weighted,10,0.6977507961783439,0,18,None,66,1,5,False,1000,1000
3991,76,weighted,10,0.6963574840764332,0,18,None,66,1,5,False,1000,1000
3992,77,weighted,10,0.6961584394904459,0,18,None,66,1,5,False,1000,1000
3993,78,weighted,10,0.697452229299363,0,18,None,66,1,5,False,1000,1000
3994,79,weighted,10,0.6973527070063694,0,18,None,66,1,5,False,1000,1000
3995,75,weighted,10,0.6878980891719745,0,21,None,66,1,5,False,1000,1000
3996,76,weighted,10,0.6857085987261147,0,21,None,66,1,5,False,1000,1000
3997,77,weighted,10,0.6847133757961783,0,21,None,66,1,5,False,1000,1000
3998,78,weighted,10,0.6846138535031847,0,21,None,66,1,5,False,1000,1000
3999,79,weighted,10,0.6822253184713376,0,21,None,66,1,5,False,1000,1000
4000,75,weighted,10,0.7126791401273885,0,17,None,66,1,5,False,1000,1000
4001,76,weighted,10,0.713077229299363,0,17,None,66,1,5,False,1000,1000
4002,77,weighted,10,0.7137738853503185,0,17,None,66,1,5,False,1000,1000
4003,78,weighted,10,0.7136743630573248,0,17,None,66,1,5,False,1000,1000
4004,79,weighted,10,0.7136743630573248,0,17,None,66,1,5,False,1000,1000
4005,75,weighted,10,0.6816281847133758,0,24,None,66,1,5,False,1000,1000
4006,76,weighted,10,0.682921974522293,0,24,None,66,1,5,False,1000,1000
4007,77,weighted,10,0.6857085987261147,0,24,None,66,1,5,False,1000,1000
4008,78,weighted,10,0.6872014331210191,0,24,None,66,1,5,False,1000,1000
4009,79,weighted,10,0.6894904458598726,0,24,None,66,1,5,False,1000,1000
4010,75,weighted,10,0.7775676751592356,0,1,None,66,1,5,False,1000,1000
4011,76,weighted,10,0.7779657643312102,0,1,None,66,1,5,False,1000,1000
4012,77,weighted,10,0.7778662420382165,0,1,None,66,1,5,False,1000,1000
4013,78,weighted,10,0.7783638535031847,0,1,None,66,1,5,False,1000,1000
4014,79,weighted,10,0.7779657643312102,0,1,None,66,1,5,False,1000,1000
4015,75,weighted,10,0.6787420382165605,0,27,None,66,1,5,False,1000,1000
4016,76,weighted,10,0.6828224522292994,0,27,None,66,1,5,False,1000,1000
4017,77,weighted,10,0.6860071656050956,0,27,None,66,1,5,False,1000,1000
4018,78,weighted,10,0.6888933121019108,0,27,None,66,1,5,False,1000,1000
4019,79,weighted,10,0.6899880573248408,0,27,None,66,1,5,False,1000,1000
4020,75,weighted,10,0.78234474522293,0,2,None,66,1,5,False,1000,1000
4021,76,weighted,10,0.7805533439490446,0,2,None,66,1,5,False,1000,1000
4022,77,weighted,10,0.7746815286624203,0,2,None,66,1,5,False,1000,1000
4023,78,weighted,10,0.7717953821656051,0,2,None,66,1,5,False,1000,1000
4024,79,weighted,10,0.7681130573248408,0,2,None,66,1,5,False,1000,1000
4025,75,weighted,10,0.5874800955414012,0,3,None,66,1,5,False,1000,1000
4026,76,weighted,10,0.556827229299363,0,3,None,66,1,5,False,1000,1000
4027,77,weighted,10,0.5324442675159236,0,3,None,66,1,5,False,1000,1000
4028,78,weighted,10,0.5105493630573248,0,3,None,66,1,5,False,1000,1000
4029,79,weighted,10,0.4936305732484076,0,3,None,66,1,5,False,1000,1000
4030,75,weighted,10,0.7535828025477707,0,4,None,66,1,5,False,1000,1000
4031,76,weighted,10,0.751890923566879,0,4,None,66,1,5,False,1000,1000
4032,77,weighted,10,0.7513933121019108,0,4,None,66,1,5,False,1000,1000
4033,78,weighted,10,0.75109474522293,0,4,None,66,1,5,False,1000,1000
4034,79,weighted,10,0.7508957006369427,0,4,None,66,1,5,False,1000,1000
4035,75,weighted,10,0.7791600318471338,0,5,None,66,1,5,False,1000,1000
4036,76,weighted,10,0.7802547770700637,0,5,None,66,1,5,False,1000,1000
4037,77,weighted,10,0.7807523885350318,0,5,None,66,1,5,False,1000,1000
4038,78,weighted,10,0.7822452229299363,0,5,None,66,1,5,False,1000,1000
4039,79,weighted,10,0.7827428343949044,0,5,None,66,1,5,False,1000,1000
4040,75,weighted,10,0.732484076433121,0,8,None,66,1,5,False,1000,1000
4041,76,weighted,10,0.7336783439490446,0,8,None,66,1,5,False,1000,1000
4042,77,weighted,10,0.7340764331210191,0,8,None,66,1,5,False,1000,1000
4043,78,weighted,10,0.7339769108280255,0,8,None,66,1,5,False,1000,1000
4044,79,weighted,10,0.7353702229299363,0,8,None,66,1,5,False,1000,1000
4045,75,weighted,10,0.7856289808917197,0,13,None,66,1,5,False,1000,1000
4046,76,weighted,10,0.7844347133757962,0,13,None,66,1,5,False,1000,1000
4047,77,weighted,10,0.7840366242038217,0,13,None,66,1,5,False,1000,1000
4048,78,weighted,10,0.7834394904458599,0,13,None,66,1,5,False,1000,1000
4049,79,weighted,10,0.7834394904458599,0,13,None,66,1,5,False,1000,1000
4050,75,weighted,10,0.8120023885350318,0,9,None,66,1,5,False,1000,1000
4051,76,weighted,10,0.8125,0,9,None,66,1,5,False,1000,1000
4052,77,weighted,10,0.8137937898089171,0,9,None,66,1,5,False,1000,1000
4053,78,weighted,10,0.8144904458598726,0,9,None,66,1,5,False,1000,1000
4054,79,weighted,10,0.8148885350318471,0,9,None,66,1,5,False,1000,1000
4055,75,weighted,10,0.7633359872611465,0,23,None,66,1,5,False,1000,1000
4056,76,weighted,10,0.7634355095541401,0,23,None,66,1,5,False,1000,1000
4057,77,weighted,10,0.7631369426751592,0,23,None,66,1,5,False,1000,1000
4058,78,weighted,10,0.7631369426751592,0,23,None,66,1,5,False,1000,1000
4059,79,weighted,10,0.7635350318471338,0,23,None,66,1,5,False,1000,1000
4060,75,weighted,10,0.7057125796178344,0,28,None,66,1,5,False,1000,1000
4061,76,weighted,10,0.7078025477707006,0,28,None,66,1,5,False,1000,1000
4062,77,weighted,10,0.7101910828025477,0,28,None,66,1,5,False,1000,1000
4063,78,weighted,10,0.7133757961783439,0,28,None,66,1,5,False,1000,1000
4064,79,weighted,10,0.7159633757961783,0,28,None,66,1,5,False,1000,1000
4065,75,weighted,10,0.7249203821656051,0,29,None,66,1,5,False,1000,1000
4066,76,weighted,10,0.7283041401273885,0,29,None,66,1,5,False,1000,1000
4067,77,weighted,10,0.7308917197452229,0,29,None,66,1,5,False,1000,1000
4068,78,weighted,10,0.7333797770700637,0,29,None,66,1,5,False,1000,1000
4069,79,weighted,10,0.7351711783439491,0,29,None,66,1,5,False,1000,1000
4070,75,weighted,10,0.7387539808917197,0,30,None,66,1,5,False,1000,1000
4071,76,weighted,10,0.7395501592356688,0,30,None,66,1,5,False,1000,1000
4072,77,weighted,10,0.7392515923566879,0,30,None,66,1,5,False,1000,1000
4073,78,weighted,10,0.7392515923566879,0,30,None,66,1,5,False,1000,1000
4074,79,weighted,10,0.7395501592356688,0,30,None,66,1,5,False,1000,1000
4075,75,weighted,10,0.7759753184713376,0,6,None,66,1,5,False,1000,1000
4076,76,weighted,10,0.7760748407643312,0,6,None,66,1,5,False,1000,1000
4077,77,weighted,10,0.7761743630573248,0,6,None,66,1,5,False,1000,1000
4078,78,weighted,10,0.7764729299363057,0,6,None,66,1,5,False,1000,1000
4079,79,weighted,10,0.7763734076433121,0,6,None,66,1,5,False,1000,1000
4080,75,weighted,10,0.7275079617834395,0,31,None,66,1,5,False,1000,1000
4081,76,weighted,10,0.7290007961783439,0,31,None,66,1,5,False,1000,1000
4082,77,weighted,10,0.7303941082802548,0,31,None,66,1,5,False,1000,1000
4083,78,weighted,10,0.7317874203821656,0,31,None,66,1,5,False,1000,1000
4084,79,weighted,10,0.7333797770700637,0,31,None,66,1,5,False,1000,1000
4085,75,weighted,10,0.7312898089171974,0,7,None,66,1,5,False,1000,1000
4086,76,weighted,10,0.7309912420382165,0,7,None,66,1,5,False,1000,1000
4087,77,weighted,10,0.7323845541401274,0,7,None,66,1,5,False,1000,1000
4088,78,weighted,10,0.7329816878980892,0,7,None,66,1,5,False,1000,1000
4089,79,weighted,10,0.7330812101910829,0,7,None,66,1,5,False,1000,1000
4090,75,weighted,10,0.7863256369426752,0,0,None,66,1,5,False,1000,1000
4091,76,weighted,10,0.7844347133757962,0,0,None,66,1,5,False,1000,1000
4092,77,weighted,10,0.7845342356687898,0,0,None,66,1,5,False,1000,1000
4093,78,weighted,10,0.7844347133757962,0,0,None,66,1,5,False,1000,1000
4094,79,weighted,10,0.7836385350318471,0,0,None,66,1,5,False,1000,1000
4095,75,weighted,10,0.8176751592356688,0,14,None,66,1,5,False,1000,1000
4096,76,weighted,10,0.8182722929936306,0,14,None,66,1,5,False,1000,1000
4097,77,weighted,10,0.8173765923566879,0,14,None,66,1,5,False,1000,1000
4098,78,weighted,10,0.817078025477707,0,14,None,66,1,5,False,1000,1000
4099,79,weighted,10,0.8169785031847133,0,14,None,66,1,5,False,1000,1000
4100,75,weighted,10,0.7834394904458599,0,12,None,66,1,5,False,1000,1000
4101,76,weighted,10,0.7851313694267515,0,12,None,66,1,5,False,1000,1000
4102,77,weighted,10,0.7853304140127388,0,12,None,66,1,5,False,1000,1000
4103,78,weighted,10,0.7861265923566879,0,12,None,66,1,5,False,1000,1000
4104,79,weighted,10,0.7871218152866242,0,12,None,66,1,5,False,1000,1000
4105,75,weighted,10,0.7689092356687898,0,26,None,66,1,5,False,1000,1000
4106,76,weighted,10,0.7719944267515924,0,26,None,66,1,5,False,1000,1000
4107,77,weighted,10,0.7731886942675159,0,26,None,66,1,5,False,1000,1000
4108,78,weighted,10,0.772890127388535,0,26,None,66,1,5,False,1000,1000
4109,79,weighted,10,0.7738853503184714,0,26,None,66,1,5,False,1000,1000
4110,75,weighted,10,0.8129976114649682,0,25,None,66,1,5,False,1000,1000
4111,76,weighted,10,0.8123009554140127,0,25,None,66,1,5,False,1000,1000
4112,77,weighted,10,0.8120023885350318,0,25,None,66,1,5,False,1000,1000
4113,78,weighted,10,0.8119028662420382,0,25,None,66,1,5,False,1000,1000
4114,79,weighted,10,0.8113057324840764,0,25,None,66,1,5,False,1000,1000
4115,75,weighted,10,0.74890525477707,0,16,None,66,1,5,False,1000,1000
4116,76,weighted,10,0.7515923566878981,0,16,None,66,1,5,False,1000,1000
4117,77,weighted,10,0.7542794585987261,0,16,None,66,1,5,False,1000,1000
4118,78,weighted,10,0.7560708598726115,0,16,None,66,1,5,False,1000,1000
4119,79,weighted,10,0.7587579617834395,0,16,None,66,1,5,False,1000,1000
4120,75,weighted,10,0.7351711783439491,0,32,None,66,1,5,False,1000,1000
4121,76,weighted,10,0.7353702229299363,0,32,None,66,1,5,False,1000,1000
4122,77,weighted,10,0.7353702229299363,0,32,None,66,1,5,False,1000,1000
4123,78,weighted,10,0.7355692675159236,0,32,None,66,1,5,False,1000,1000
4124,79,weighted,10,0.7357683121019108,0,32,None,66,1,5,False,1000,1000
5940,80,weighted,10,0.7803542993630573,0,1,None,66,1,5,False,1000,1000
5941,81,weighted,10,0.7807523885350318,0,1,None,66,1,5,False,1000,1000
5942,82,weighted,10,0.7807523885350318,0,1,None,66,1,5,False,1000,1000
5943,83,weighted,10,0.7804538216560509,0,1,None,66,1,5,False,1000,1000
5944,84,weighted,10,0.7803542993630573,0,1,None,66,1,5,False,1000,1000
5945,80,weighted,10,0.7832404458598726,0,2,None,66,1,5,False,1000,1000
5946,81,weighted,10,0.7815485668789809,0,2,None,66,1,5,False,1000,1000
5947,82,weighted,10,0.7761743630573248,0,2,None,66,1,5,False,1000,1000
5948,83,weighted,10,0.7738853503184714,0,2,None,66,1,5,False,1000,1000
5949,84,weighted,10,0.7708001592356688,0,2,None,66,1,5,False,1000,1000
5950,80,weighted,10,0.7836385350318471,0,5,None,66,1,5,False,1000,1000
5951,81,weighted,10,0.7848328025477707,0,5,None,66,1,5,False,1000,1000
5952,82,weighted,10,0.7853304140127388,0,5,None,66,1,5,False,1000,1000
5953,83,weighted,10,0.7862261146496815,0,5,None,66,1,5,False,1000,1000
5954,84,weighted,10,0.7871218152866242,0,5,None,66,1,5,False,1000,1000
5955,80,weighted,10,0.7870222929936306,0,13,None,66,1,5,False,1000,1000
5956,81,weighted,10,0.7860270700636943,0,13,None,66,1,5,False,1000,1000
5957,82,weighted,10,0.785031847133758,0,13,None,66,1,5,False,1000,1000
5958,83,weighted,10,0.7853304140127388,0,13,None,66,1,5,False,1000,1000
5959,84,weighted,10,0.7857285031847133,0,13,None,66,1,5,False,1000,1000
5960,80,weighted,10,0.7585589171974523,0,16,None,66,1,5,False,1000,1000
5961,81,weighted,10,0.7606488853503185,0,16,None,66,1,5,False,1000,1000
5962,82,weighted,10,0.7621417197452229,0,16,None,66,1,5,False,1000,1000
5963,83,weighted,10,0.7650278662420382,0,16,None,66,1,5,False,1000,1000
5964,84,weighted,10,0.7664211783439491,0,16,None,66,1,5,False,1000,1000
5965,80,weighted,10,0.7404458598726115,0,8,None,66,1,5,False,1000,1000
5966,81,weighted,10,0.7398487261146497,0,8,None,66,1,5,False,1000,1000
5967,82,weighted,10,0.7404458598726115,0,8,None,66,1,5,False,1000,1000
5968,83,weighted,10,0.7402468152866242,0,8,None,66,1,5,False,1000,1000
5969,84,weighted,10,0.740047770700637,0,8,None,66,1,5,False,1000,1000
5970,80,weighted,10,0.7439291401273885,0,20,None,66,1,5,False,1000,1000
5971,81,weighted,10,0.7382563694267515,0,20,None,66,1,5,False,1000,1000
5972,82,weighted,10,0.7321855095541401,0,20,None,66,1,5,False,1000,1000
5973,83,weighted,10,0.7250199044585988,0,20,None,66,1,5,False,1000,1000
5974,84,weighted,10,0.7186504777070064,0,20,None,66,1,5,False,1000,1000
5975,80,weighted,10,0.7506966560509554,0,19,None,66,1,5,False,1000,1000
5976,81,weighted,10,0.7519904458598726,0,19,None,66,1,5,False,1000,1000
5977,82,weighted,10,0.7527866242038217,0,19,None,66,1,5,False,1000,1000
5978,83,weighted,10,0.7536823248407644,0,19,None,66,1,5,False,1000,1000
5979,84,weighted,10,0.7557722929936306,0,19,None,66,1,5,False,1000,1000
5980,80,weighted,10,0.7969745222929936,0,22,None,66,1,5,False,1000,1000
5981,81,weighted,10,0.7961783439490446,0,22,None,66,1,5,False,1000,1000
5982,82,weighted,10,0.7961783439490446,0,22,None,66,1,5,False,1000,1000
5983,83,weighted,10,0.7959792993630573,0,22,None,66,1,5,False,1000,1000
5984,84,weighted,10,0.7960788216560509,0,22,None,66,1,5,False,1000,1000
5985,80,weighted,10,0.8182722929936306,0,14,None,66,1,5,False,1000,1000
5986,81,weighted,10,0.8184713375796179,0,14,None,66,1,5,False,1000,1000
5987,82,weighted,10,0.817078025477707,0,14,None,66,1,5,False,1000,1000
5988,83,weighted,10,0.8174761146496815,0,14,None,66,1,5,False,1000,1000
5989,84,weighted,10,0.8167794585987261,0,14,None,66,1,5,False,1000,1000
5990,80,weighted,10,0.7703025477707006,0,23,None,66,1,5,False,1000,1000
5991,81,weighted,10,0.7698049363057324,0,23,None,66,1,5,False,1000,1000
5992,82,weighted,10,0.771297770700637,0,23,None,66,1,5,False,1000,1000
5993,83,weighted,10,0.7708001592356688,0,23,None,66,1,5,False,1000,1000
5994,84,weighted,10,0.7708001592356688,0,23,None,66,1,5,False,1000,1000
5995,80,weighted,10,0.6982484076433121,0,21,None,66,1,5,False,1000,1000
5996,81,weighted,10,0.6952627388535032,0,21,None,66,1,5,False,1000,1000
5997,82,weighted,10,0.6935708598726115,0,21,None,66,1,5,False,1000,1000
5998,83,weighted,10,0.6928742038216561,0,21,None,66,1,5,False,1000,1000
5999,84,weighted,10,0.6927746815286624,0,21,None,66,1,5,False,1000,1000
6000,80,weighted,10,0.8142914012738853,0,25,None,66,1,5,False,1000,1000
6001,81,weighted,10,0.8149880573248408,0,25,None,66,1,5,False,1000,1000
6002,82,weighted,10,0.8152866242038217,0,25,None,66,1,5,False,1000,1000
6003,83,weighted,10,0.8149880573248408,0,25,None,66,1,5,False,1000,1000
6004,84,weighted,10,0.8147890127388535,0,25,None,66,1,5,False,1000,1000
6005,80,weighted,10,0.7752786624203821,0,26,None,66,1,5,False,1000,1000
6006,81,weighted,10,0.7761743630573248,0,26,None,66,1,5,False,1000,1000
6007,82,weighted,10,0.7777667197452229,0,26,None,66,1,5,False,1000,1000
6008,83,weighted,10,0.7777667197452229,0,26,None,66,1,5,False,1000,1000
6009,84,weighted,10,0.778562898089172,0,26,None,66,1,5,False,1000,1000
6010,80,weighted,10,0.7891122611464968,0,12,None,66,1,5,False,1000,1000
6011,81,weighted,10,0.7886146496815286,0,12,None,66,1,5,False,1000,1000
6012,82,weighted,10,0.7898089171974523,0,12,None,66,1,5,False,1000,1000
6013,83,weighted,10,0.7909036624203821,0,12,None,66,1,5,False,1000,1000
6014,84,weighted,10,0.7917993630573248,0,12,None,66,1,5,False,1000,1000
6015,80,weighted,10,0.7101910828025477,0,28,None,66,1,5,False,1000,1000
6016,81,weighted,10,0.7129777070063694,0,28,None,66,1,5,False,1000,1000
6017,82,weighted,10,0.716062898089172,0,28,None,66,1,5,False,1000,1000
6018,83,weighted,10,0.7192476114649682,0,28,None,66,1,5,False,1000,1000
6019,84,weighted,10,0.7231289808917197,0,28,None,66,1,5,False,1000,1000
6020,80,weighted,10,0.7249203821656051,0,29,None,66,1,5,False,1000,1000
6021,81,weighted,10,0.7283041401273885,0,29,None,66,1,5,False,1000,1000
6022,82,weighted,10,0.7315883757961783,0,29,None,66,1,5,False,1000,1000
6023,83,weighted,10,0.7342754777070064,0,29,None,66,1,5,False,1000,1000
6024,84,weighted,10,0.736265923566879,0,29,None,66,1,5,False,1000,1000
6025,80,weighted,10,0.81359474522293,0,9,None,66,1,5,False,1000,1000
6026,81,weighted,10,0.8144904458598726,0,9,None,66,1,5,False,1000,1000
6027,82,weighted,10,0.815187101910828,0,9,None,66,1,5,False,1000,1000
6028,83,weighted,10,0.8158837579617835,0,9,None,66,1,5,False,1000,1000
6029,84,weighted,10,0.817078025477707,0,9,None,66,1,5,False,1000,1000
6030,80,weighted,10,0.7797571656050956,0,6,None,66,1,5,False,1000,1000
6031,81,weighted,10,0.7804538216560509,0,6,None,66,1,5,False,1000,1000
6032,82,weighted,10,0.7803542993630573,0,6,None,66,1,5,False,1000,1000
6033,83,weighted,10,0.7806528662420382,0,6,None,66,1,5,False,1000,1000
6034,84,weighted,10,0.7811504777070064,0,6,None,66,1,5,False,1000,1000
6035,80,weighted,10,0.7189490445859873,0,18,None,66,1,5,False,1000,1000
6036,81,weighted,10,0.7177547770700637,0,18,None,66,1,5,False,1000,1000
6037,82,weighted,10,0.7182523885350318,0,18,None,66,1,5,False,1000,1000
6038,83,weighted,10,0.7183519108280255,0,18,None,66,1,5,False,1000,1000
6039,84,weighted,10,0.7183519108280255,0,18,None,66,1,5,False,1000,1000
6040,80,weighted,10,0.7461186305732485,0,32,None,66,1,5,False,1000,1000
6041,81,weighted,10,0.7458200636942676,0,32,None,66,1,5,False,1000,1000
6042,82,weighted,10,0.7457205414012739,0,32,None,66,1,5,False,1000,1000
6043,83,weighted,10,0.7452229299363057,0,32,None,66,1,5,False,1000,1000
6044,84,weighted,10,0.7455214968152867,0,32,None,66,1,5,False,1000,1000
6045,80,weighted,10,0.7410429936305732,0,7,None,66,1,5,False,1000,1000
6046,81,weighted,10,0.741640127388535,0,7,None,66,1,5,False,1000,1000
6047,82,weighted,10,0.7409434713375797,0,7,None,66,1,5,False,1000,1000
6048,83,weighted,10,0.740843949044586,0,7,None,66,1,5,False,1000,1000
6049,84,weighted,10,0.7413415605095541,0,7,None,66,1,5,False,1000,1000
6050,80,weighted,10,0.7280055732484076,0,17,None,66,1,5,False,1000,1000
6051,81,weighted,10,0.7275079617834395,0,17,None,66,1,5,False,1000,1000
6052,82,weighted,10,0.7276074840764332,0,17,None,66,1,5,False,1000,1000
6053,83,weighted,10,0.7286027070063694,0,17,None,66,1,5,False,1000,1000
6054,84,weighted,10,0.728702229299363,0,17,None,66,1,5,False,1000,1000
6055,80,weighted,10,0.7580613057324841,0,4,None,66,1,5,False,1000,1000
6056,81,weighted,10,0.7555732484076433,0,4,None,66,1,5,False,1000,1000
6057,82,weighted,10,0.7563694267515924,0,4,None,66,1,5,False,1000,1000
6058,83,weighted,10,0.7558718152866242,0,4,None,66,1,5,False,1000,1000
6059,84,weighted,10,0.7558718152866242,0,4,None,66,1,5,False,1000,1000
6060,80,weighted,10,0.6013136942675159,0,3,None,66,1,5,False,1000,1000
6061,81,weighted,10,0.5745421974522293,0,3,None,66,1,5,False,1000,1000
6062,82,weighted,10,0.5593152866242038,0,3,None,66,1,5,False,1000,1000
6063,83,weighted,10,0.544187898089172,0,3,None,66,1,5,False,1000,1000
6064,84,weighted,10,0.5289609872611465,0,3,None,66,1,5,False,1000,1000
6065,80,weighted,10,0.7492038216560509,0,10,None,66,1,5,False,1000,1000
6066,81,weighted,10,0.7513933121019108,0,10,None,66,1,5,False,1000,1000
6067,82,weighted,10,0.753781847133758,0,10,None,66,1,5,False,1000,1000
6068,83,weighted,10,0.7547770700636943,0,10,None,66,1,5,False,1000,1000
6069,84,weighted,10,0.7559713375796179,0,10,None,66,1,5,False,1000,1000
6070,80,weighted,10,0.5932523885350318,0,11,None,66,1,5,False,1000,1000
6071,81,weighted,10,0.5889729299363057,0,11,None,66,1,5,False,1000,1000
6072,82,weighted,10,0.5858877388535032,0,11,None,66,1,5,False,1000,1000
6073,83,weighted,10,0.5830015923566879,0,11,None,66,1,5,False,1000,1000
6074,84,weighted,10,0.5793192675159236,0,11,None,66,1,5,False,1000,1000
6075,80,weighted,10,0.7450238853503185,0,15,None,66,1,5,False,1000,1000
6076,81,weighted,10,0.7466162420382165,0,15,None,66,1,5,False,1000,1000
6077,82,weighted,10,0.7493033439490446,0,15,None,66,1,5,False,1000,1000
6078,83,weighted,10,0.7511942675159236,0,15,None,66,1,5,False,1000,1000
6079,84,weighted,10,0.7523885350318471,0,15,None,66,1,5,False,1000,1000
6080,80,weighted,10,0.6955613057324841,0,24,None,66,1,5,False,1000,1000
6081,81,weighted,10,0.6953622611464968,0,24,None,66,1,5,False,1000,1000
6082,82,weighted,10,0.6982484076433121,0,24,None,66,1,5,False,1000,1000
6083,83,weighted,10,0.6996417197452229,0,24,None,66,1,5,False,1000,1000
6084,84,weighted,10,0.7009355095541401,0,24,None,66,1,5,False,1000,1000
6085,80,weighted,10,0.7034235668789809,0,27,None,66,1,5,False,1000,1000
6086,81,weighted,10,0.703125,0,27,None,66,1,5,False,1000,1000
6087,82,weighted,10,0.7049164012738853,0,27,None,66,1,5,False,1000,1000
6088,83,weighted,10,0.7048168789808917,0,27,None,66,1,5,False,1000,1000
6089,84,weighted,10,0.7056130573248408,0,27,None,66,1,5,False,1000,1000
6090,80,weighted,10,0.7882165605095541,0,0,None,66,1,5,False,1000,1000
6091,81,weighted,10,0.7859275477707006,0,0,None,66,1,5,False,1000,1000
6092,82,weighted,10,0.7864251592356688,0,0,None,66,1,5,False,1000,1000
6093,83,weighted,10,0.7860270700636943,0,0,None,66,1,5,False,1000,1000
6094,84,weighted,10,0.7860270700636943,0,0,None,66,1,5,False,1000,1000
6095,80,weighted,10,0.7500995222929936,0,30,None,66,1,5,False,1000,1000
6096,81,weighted,10,0.7503980891719745,0,30,None,66,1,5,False,1000,1000
6097,82,weighted,10,0.7492038216560509,0,30,None,66,1,5,False,1000,1000
6098,83,weighted,10,0.75,0,30,None,66,1,5,False,1000,1000
6099,84,weighted,10,0.7507961783439491,0,30,None,66,1,5,False,1000,1000
6100,80,weighted,10,0.7404458598726115,0,31,None,66,1,5,False,1000,1000
6101,81,weighted,10,0.7414410828025477,0,31,None,66,1,5,False,1000,1000
6102,82,weighted,10,0.742734872611465,0,31,None,66,1,5,False,1000,1000
6103,83,weighted,10,0.7437300955414012,0,31,None,66,1,5,False,1000,1000
6104,84,weighted,10,0.7441281847133758,0,31,None,66,1,5,False,1000,1000
6105,85,weighted,10,0.7036226114649682,0,24,None,66,1,5,False,1000,1000
6106,86,weighted,10,0.7046178343949044,0,24,None,66,1,5,False,1000,1000
6107,87,weighted,10,0.7054140127388535,0,24,None,66,1,5,False,1000,1000
6108,88,weighted,10,0.7066082802547771,0,24,None,66,1,5,False,1000,1000
6109,89,weighted,10,0.706906847133758,0,24,None,66,1,5,False,1000,1000
6110,85,weighted,10,0.7066082802547771,0,21,None,66,1,5,False,1000,1000
6111,86,weighted,10,0.7056130573248408,0,21,None,66,1,5,False,1000,1000
6112,87,weighted,10,0.7038216560509554,0,21,None,66,1,5,False,1000,1000
6113,88,weighted,10,0.7033240445859873,0,21,None,66,1,5,False,1000,1000
6114,89,weighted,10,0.7034235668789809,0,21,None,66,1,5,False,1000,1000
6115,85,weighted,10,0.7822452229299363,0,1,None,66,1,5,False,1000,1000
6116,86,weighted,10,0.7822452229299363,0,1,None,66,1,5,False,1000,1000
6117,87,weighted,10,0.7826433121019108,0,1,None,66,1,5,False,1000,1000
6118,88,weighted,10,0.7836385350318471,0,1,None,66,1,5,False,1000,1000
6119,89,weighted,10,0.7840366242038217,0,1,None,66,1,5,False,1000,1000
6120,85,weighted,10,0.7151671974522293,0,27,None,66,1,5,False,1000,1000
6121,86,weighted,10,0.7145700636942676,0,27,None,66,1,5,False,1000,1000
6122,87,weighted,10,0.7162619426751592,0,27,None,66,1,5,False,1000,1000
6123,88,weighted,10,0.716062898089172,0,27,None,66,1,5,False,1000,1000
6124,89,weighted,10,0.7156648089171974,0,27,None,66,1,5,False,1000,1000
6125,85,weighted,10,0.7855294585987261,0,2,None,66,1,5,False,1000,1000
6126,86,weighted,10,0.7822452229299363,0,2,None,66,1,5,False,1000,1000
6127,87,weighted,10,0.7790605095541401,0,2,None,66,1,5,False,1000,1000
6128,88,weighted,10,0.7757762738853503,0,2,None,66,1,5,False,1000,1000
6129,89,weighted,10,0.7722929936305732,0,2,None,66,1,5,False,1000,1000
6130,85,weighted,10,0.5712579617834395,0,11,None,66,1,5,False,1000,1000
6131,86,weighted,10,0.5624004777070064,0,11,None,66,1,5,False,1000,1000
6132,87,weighted,10,0.5556329617834395,0,11,None,66,1,5,False,1000,1000
6133,88,weighted,10,0.5477707006369427,0,11,None,66,1,5,False,1000,1000
6134,89,weighted,10,0.5423964968152867,0,11,None,66,1,5,False,1000,1000
6135,85,weighted,10,0.7374601910828026,0,17,None,66,1,5,False,1000,1000
6136,86,weighted,10,0.7376592356687898,0,17,None,66,1,5,False,1000,1000
6137,87,weighted,10,0.7385549363057324,0,17,None,66,1,5,False,1000,1000
6138,88,weighted,10,0.7390525477707006,0,17,None,66,1,5,False,1000,1000
6139,89,weighted,10,0.7396496815286624,0,17,None,66,1,5,False,1000,1000
6140,85,weighted,10,0.7893113057324841,0,5,None,66,1,5,False,1000,1000
6141,86,weighted,10,0.7892117834394905,0,5,None,66,1,5,False,1000,1000
6142,87,weighted,10,0.7893113057324841,0,5,None,66,1,5,False,1000,1000
6143,88,weighted,10,0.7902070063694268,0,5,None,66,1,5,False,1000,1000
6144,89,weighted,10,0.7903065286624203,0,5,None,66,1,5,False,1000,1000
6145,85,weighted,10,0.7661226114649682,0,16,None,66,1,5,False,1000,1000
6146,86,weighted,10,0.767515923566879,0,16,None,66,1,5,False,1000,1000
6147,87,weighted,10,0.769406847133758,0,16,None,66,1,5,False,1000,1000
6148,88,weighted,10,0.7709992038216561,0,16,None,66,1,5,False,1000,1000
6149,89,weighted,10,0.7719944267515924,0,16,None,66,1,5,False,1000,1000
6150,85,weighted,10,0.7338773885350318,0,18,None,66,1,5,False,1000,1000
6151,86,weighted,10,0.7311902866242038,0,18,None,66,1,5,False,1000,1000
6152,87,weighted,10,0.730593152866242,0,18,None,66,1,5,False,1000,1000
6153,88,weighted,10,0.7311902866242038,0,18,None,66,1,5,False,1000,1000
6154,89,weighted,10,0.7315883757961783,0,18,None,66,1,5,False,1000,1000
6155,85,weighted,10,0.7577627388535032,0,19,None,66,1,5,False,1000,1000
6156,86,weighted,10,0.7587579617834395,0,19,None,66,1,5,False,1000,1000
6157,87,weighted,10,0.7611464968152867,0,19,None,66,1,5,False,1000,1000
6158,88,weighted,10,0.7621417197452229,0,19,None,66,1,5,False,1000,1000
6159,89,weighted,10,0.7634355095541401,0,19,None,66,1,5,False,1000,1000
6160,85,weighted,10,0.7916003184713376,0,13,None,66,1,5,False,1000,1000
6161,86,weighted,10,0.7901074840764332,0,13,None,66,1,5,False,1000,1000
6162,87,weighted,10,0.7903065286624203,0,13,None,66,1,5,False,1000,1000
6163,88,weighted,10,0.7897093949044586,0,13,None,66,1,5,False,1000,1000
6164,89,weighted,10,0.7893113057324841,0,13,None,66,1,5,False,1000,1000
6165,85,weighted,10,0.7933917197452229,0,12,None,66,1,5,False,1000,1000
6166,86,weighted,10,0.7943869426751592,0,12,None,66,1,5,False,1000,1000
6167,87,weighted,10,0.7945859872611465,0,12,None,66,1,5,False,1000,1000
6168,88,weighted,10,0.79578025477707,0,12,None,66,1,5,False,1000,1000
6169,89,weighted,10,0.7958797770700637,0,12,None,66,1,5,False,1000,1000
6170,85,weighted,10,0.8217555732484076,0,14,None,66,1,5,False,1000,1000
6171,86,weighted,10,0.8220541401273885,0,14,None,66,1,5,False,1000,1000
6172,87,weighted,10,0.8213574840764332,0,14,None,66,1,5,False,1000,1000
6173,88,weighted,10,0.8212579617834395,0,14,None,66,1,5,False,1000,1000
6174,89,weighted,10,0.8200636942675159,0,14,None,66,1,5,False,1000,1000
6175,85,weighted,10,0.8159832802547771,0,9,None,66,1,5,False,1000,1000
6176,86,weighted,10,0.8171775477707006,0,9,None,66,1,5,False,1000,1000
6177,87,weighted,10,0.8173765923566879,0,9,None,66,1,5,False,1000,1000
6178,88,weighted,10,0.8179737261146497,0,9,None,66,1,5,False,1000,1000
6179,89,weighted,10,0.8183718152866242,0,9,None,66,1,5,False,1000,1000
6180,85,weighted,10,0.8153861464968153,0,25,None,66,1,5,False,1000,1000
6181,86,weighted,10,0.8169785031847133,0,25,None,66,1,5,False,1000,1000
6182,87,weighted,10,0.8192675159235668,0,25,None,66,1,5,False,1000,1000
6183,88,weighted,10,0.8204617834394905,0,25,None,66,1,5,False,1000,1000
6184,89,weighted,10,0.8210589171974523,0,25,None,66,1,5,False,1000,1000
6185,85,weighted,10,0.7191480891719745,0,29,None,66,1,5,False,1000,1000
6186,86,weighted,10,0.7251194267515924,0,29,None,66,1,5,False,1000,1000
6187,87,weighted,10,0.7291003184713376,0,29,None,66,1,5,False,1000,1000
6188,88,weighted,10,0.7331807324840764,0,29,None,66,1,5,False,1000,1000
6189,89,weighted,10,0.7366640127388535,0,29,None,66,1,5,False,1000,1000
6190,85,weighted,10,0.7791600318471338,0,26,None,66,1,5,False,1000,1000
6191,86,weighted,10,0.7803542993630573,0,26,None,66,1,5,False,1000,1000
6192,87,weighted,10,0.7802547770700637,0,26,None,66,1,5,False,1000,1000
6193,88,weighted,10,0.7803542993630573,0,26,None,66,1,5,False,1000,1000
6194,89,weighted,10,0.7810509554140127,0,26,None,66,1,5,False,1000,1000
6195,85,weighted,10,0.7449243630573248,0,7,None,66,1,5,False,1000,1000
6196,86,weighted,10,0.7441281847133758,0,7,None,66,1,5,False,1000,1000
6197,87,weighted,10,0.7449243630573248,0,7,None,66,1,5,False,1000,1000
6198,88,weighted,10,0.7456210191082803,0,7,None,66,1,5,False,1000,1000
6199,89,weighted,10,0.7467157643312102,0,7,None,66,1,5,False,1000,1000
6200,85,weighted,10,0.7575636942675159,0,30,None,66,1,5,False,1000,1000
6201,86,weighted,10,0.7570660828025477,0,30,None,66,1,5,False,1000,1000
6202,87,weighted,10,0.7566679936305732,0,30,None,66,1,5,False,1000,1000
6203,88,weighted,10,0.7566679936305732,0,30,None,66,1,5,False,1000,1000
6204,89,weighted,10,0.7570660828025477,0,30,None,66,1,5,False,1000,1000
6205,85,weighted,10,0.7480095541401274,0,31,None,66,1,5,False,1000,1000
6206,86,weighted,10,0.74890525477707,0,31,None,66,1,5,False,1000,1000
6207,87,weighted,10,0.7499004777070064,0,31,None,66,1,5,False,1000,1000
6208,88,weighted,10,0.7508957006369427,0,31,None,66,1,5,False,1000,1000
6209,89,weighted,10,0.7507961783439491,0,31,None,66,1,5,False,1000,1000
6210,85,weighted,10,0.7469148089171974,0,15,None,66,1,5,False,1000,1000
6211,86,weighted,10,0.7493033439490446,0,15,None,66,1,5,False,1000,1000
6212,87,weighted,10,0.7515923566878981,0,15,None,66,1,5,False,1000,1000
6213,88,weighted,10,0.7550756369426752,0,15,None,66,1,5,False,1000,1000
6214,89,weighted,10,0.7558718152866242,0,15,None,66,1,5,False,1000,1000
6215,85,weighted,10,0.7136743630573248,0,28,None,66,1,5,False,1000,1000
6216,86,weighted,10,0.7175557324840764,0,28,None,66,1,5,False,1000,1000
6217,87,weighted,10,0.7223328025477707,0,28,None,66,1,5,False,1000,1000
6218,88,weighted,10,0.7248208598726115,0,28,None,66,1,5,False,1000,1000
6219,89,weighted,10,0.7278065286624203,0,28,None,66,1,5,False,1000,1000
6220,85,weighted,10,0.6054936305732485,0,3,None,66,1,5,False,1000,1000
6221,86,weighted,10,0.5796178343949044,0,3,None,66,1,5,False,1000,1000
6222,87,weighted,10,0.5639928343949044,0,3,None,66,1,5,False,1000,1000
6223,88,weighted,10,0.5503582802547771,0,3,None,66,1,5,False,1000,1000
6224,89,weighted,10,0.5372213375796179,0,3,None,66,1,5,False,1000,1000
6225,85,weighted,10,0.7887141719745223,0,0,None,66,1,5,False,1000,1000
6226,86,weighted,10,0.7891122611464968,0,0,None,66,1,5,False,1000,1000
6227,87,weighted,10,0.7887141719745223,0,0,None,66,1,5,False,1000,1000
6228,88,weighted,10,0.7886146496815286,0,0,None,66,1,5,False,1000,1000
6229,89,weighted,10,0.7881170382165605,0,0,None,66,1,5,False,1000,1000
6230,85,weighted,10,0.7655254777070064,0,4,None,66,1,5,False,1000,1000
6231,86,weighted,10,0.7644307324840764,0,4,None,66,1,5,False,1000,1000
6232,87,weighted,10,0.7636345541401274,0,4,None,66,1,5,False,1000,1000
6233,88,weighted,10,0.7642316878980892,0,4,None,66,1,5,False,1000,1000
6234,89,weighted,10,0.7628383757961783,0,4,None,66,1,5,False,1000,1000
6235,85,weighted,10,0.7834394904458599,0,6,None,66,1,5,False,1000,1000
6236,86,weighted,10,0.7836385350318471,0,6,None,66,1,5,False,1000,1000
6237,87,weighted,10,0.7836385350318471,0,6,None,66,1,5,False,1000,1000
6238,88,weighted,10,0.7841361464968153,0,6,None,66,1,5,False,1000,1000
6239,89,weighted,10,0.7847332802547771,0,6,None,66,1,5,False,1000,1000
6240,85,weighted,10,0.7444267515923567,0,8,None,66,1,5,False,1000,1000
6241,86,weighted,10,0.7452229299363057,0,8,None,66,1,5,False,1000,1000
6242,87,weighted,10,0.7455214968152867,0,8,None,66,1,5,False,1000,1000
6243,88,weighted,10,0.7456210191082803,0,8,None,66,1,5,False,1000,1000
6244,89,weighted,10,0.7464171974522293,0,8,None,66,1,5,False,1000,1000
6245,85,weighted,10,0.7527866242038217,0,10,None,66,1,5,False,1000,1000
6246,86,weighted,10,0.7546775477707006,0,10,None,66,1,5,False,1000,1000
6247,87,weighted,10,0.7549761146496815,0,10,None,66,1,5,False,1000,1000
6248,88,weighted,10,0.7567675159235668,0,10,None,66,1,5,False,1000,1000
6249,89,weighted,10,0.7584593949044586,0,10,None,66,1,5,False,1000,1000
6250,85,weighted,10,0.752687101910828,0,20,None,66,1,5,False,1000,1000
6251,86,weighted,10,0.7460191082802548,0,20,None,66,1,5,False,1000,1000
6252,87,weighted,10,0.7417396496815286,0,20,None,66,1,5,False,1000,1000
6253,88,weighted,10,0.7377587579617835,0,20,None,66,1,5,False,1000,1000
6254,89,weighted,10,0.7304936305732485,0,20,None,66,1,5,False,1000,1000
6255,85,weighted,10,0.7970740445859873,0,22,None,66,1,5,False,1000,1000
6256,86,weighted,10,0.7970740445859873,0,22,None,66,1,5,False,1000,1000
6257,87,weighted,10,0.7967754777070064,0,22,None,66,1,5,False,1000,1000
6258,88,weighted,10,0.7966759554140127,0,22,None,66,1,5,False,1000,1000
6259,89,weighted,10,0.7974721337579618,0,22,None,66,1,5,False,1000,1000
6260,85,weighted,10,0.7746815286624203,0,23,None,66,1,5,False,1000,1000
6261,86,weighted,10,0.7744824840764332,0,23,None,66,1,5,False,1000,1000
6262,87,weighted,10,0.7753781847133758,0,23,None,66,1,5,False,1000,1000
6263,88,weighted,10,0.7758757961783439,0,23,None,66,1,5,False,1000,1000
6264,89,weighted,10,0.7754777070063694,0,23,None,66,1,5,False,1000,1000
6265,85,weighted,10,0.7507961783439491,0,32,None,66,1,5,False,1000,1000
6266,86,weighted,10,0.7503980891719745,0,32,None,66,1,5,False,1000,1000
6267,87,weighted,10,0.7501990445859873,0,32,None,66,1,5,False,1000,1000
6268,88,weighted,10,0.7501990445859873,0,32,None,66,1,5,False,1000,1000
6269,89,weighted,10,0.7502985668789809,0,32,None,66,1,5,False,1000,1000
6270,90,weighted,10,0.7847332802547771,0,1,None,66,1,5,False,1000,1000
6271,91,weighted,10,0.7855294585987261,0,1,None,66,1,5,False,1000,1000
6272,92,weighted,10,0.7857285031847133,0,1,None,66,1,5,False,1000,1000
6273,93,weighted,10,0.7856289808917197,0,1,None,66,1,5,False,1000,1000
6274,94,weighted,10,0.785828025477707,0,1,None,66,1,5,False,1000,1000
6275,90,weighted,10,0.7876194267515924,0,2,None,66,1,5,False,1000,1000
6276,91,weighted,10,0.7835390127388535,0,2,None,66,1,5,False,1000,1000
6277,92,weighted,10,0.7797571656050956,0,2,None,66,1,5,False,1000,1000
6278,93,weighted,10,0.7767714968152867,0,2,None,66,1,5,False,1000,1000
6279,94,weighted,10,0.7731886942675159,0,2,None,66,1,5,False,1000,1000
6280,90,weighted,10,0.7173566878980892,0,28,None,66,1,5,False,1000,1000
6281,91,weighted,10,0.7227308917197452,0,28,None,66,1,5,False,1000,1000
6282,92,weighted,10,0.727109872611465,0,28,None,66,1,5,False,1000,1000
6283,93,weighted,10,0.7299960191082803,0,28,None,66,1,5,False,1000,1000
6284,94,weighted,10,0.7342754777070064,0,28,None,66,1,5,False,1000,1000
6285,90,weighted,10,0.7388535031847133,0,20,None,66,1,5,False,1000,1000
6286,91,weighted,10,0.7551751592356688,0,20,None,66,1,5,False,1000,1000
6287,92,weighted,10,0.757265127388535,0,20,None,66,1,5,False,1000,1000
6288,93,weighted,10,0.7532842356687898,0,20,None,66,1,5,False,1000,1000
6289,94,weighted,10,0.7448248407643312,0,20,None,66,1,5,False,1000,1000
6290,90,weighted,10,0.7806528662420382,0,23,None,66,1,5,False,1000,1000
6291,91,weighted,10,0.7809514331210191,0,23,None,66,1,5,False,1000,1000
6292,92,weighted,10,0.7815485668789809,0,23,None,66,1,5,False,1000,1000
6293,93,weighted,10,0.7819466560509554,0,23,None,66,1,5,False,1000,1000
6294,94,weighted,10,0.7818471337579618,0,23,None,66,1,5,False,1000,1000
6295,90,weighted,10,0.7218351910828026,0,29,None,66,1,5,False,1000,1000
6296,91,weighted,10,0.727109872611465,0,29,None,66,1,5,False,1000,1000
6297,92,weighted,10,0.7309912420382165,0,29,None,66,1,5,False,1000,1000
6298,93,weighted,10,0.7346735668789809,0,29,None,66,1,5,False,1000,1000
6299,94,weighted,10,0.7383558917197452,0,29,None,66,1,5,False,1000,1000
6300,90,weighted,10,0.7098925159235668,0,24,None,66,1,5,False,1000,1000
6301,91,weighted,10,0.7109872611464968,0,24,None,66,1,5,False,1000,1000
6302,92,weighted,10,0.7119824840764332,0,24,None,66,1,5,False,1000,1000
6303,93,weighted,10,0.714171974522293,0,24,None,66,1,5,False,1000,1000
6304,94,weighted,10,0.7156648089171974,0,24,None,66,1,5,False,1000,1000
6305,90,weighted,10,0.7907046178343949,0,0,None,66,1,5,False,1000,1000
6306,91,weighted,10,0.7907046178343949,0,0,None,66,1,5,False,1000,1000
6307,92,weighted,10,0.7911027070063694,0,0,None,66,1,5,False,1000,1000
6308,93,weighted,10,0.7905055732484076,0,0,None,66,1,5,False,1000,1000
6309,94,weighted,10,0.7905055732484076,0,0,None,66,1,5,False,1000,1000
6310,90,weighted,10,0.7543789808917197,0,31,None,66,1,5,False,1000,1000
6311,91,weighted,10,0.7547770700636943,0,31,None,66,1,5,False,1000,1000
6312,92,weighted,10,0.7558718152866242,0,31,None,66,1,5,False,1000,1000
6313,93,weighted,10,0.756468949044586,0,31,None,66,1,5,False,1000,1000
6314,94,weighted,10,0.7569665605095541,0,31,None,66,1,5,False,1000,1000
6315,90,weighted,10,0.7927945859872612,0,5,None,66,1,5,False,1000,1000
6316,91,weighted,10,0.7934912420382165,0,5,None,66,1,5,False,1000,1000
6317,92,weighted,10,0.7935907643312102,0,5,None,66,1,5,False,1000,1000
6318,93,weighted,10,0.7940883757961783,0,5,None,66,1,5,False,1000,1000
6319,94,weighted,10,0.7945859872611465,0,5,None,66,1,5,False,1000,1000
6320,90,weighted,10,0.7595541401273885,0,32,None,66,1,5,False,1000,1000
6321,91,weighted,10,0.7593550955414012,0,32,None,66,1,5,False,1000,1000
6322,92,weighted,10,0.7602507961783439,0,32,None,66,1,5,False,1000,1000
6323,93,weighted,10,0.7602507961783439,0,32,None,66,1,5,False,1000,1000
6324,94,weighted,10,0.7602507961783439,0,32,None,66,1,5,False,1000,1000
6325,90,weighted,10,0.7948845541401274,0,13,None,66,1,5,False,1000,1000
6326,91,weighted,10,0.7937898089171974,0,13,None,66,1,5,False,1000,1000
6327,92,weighted,10,0.7939888535031847,0,13,None,66,1,5,False,1000,1000
6328,93,weighted,10,0.7938893312101911,0,13,None,66,1,5,False,1000,1000
6329,94,weighted,10,0.7940883757961783,0,13,None,66,1,5,False,1000,1000
6330,90,weighted,10,0.7976711783439491,0,12,None,66,1,5,False,1000,1000
6331,91,weighted,10,0.7983678343949044,0,12,None,66,1,5,False,1000,1000
6332,92,weighted,10,0.7975716560509554,0,12,None,66,1,5,False,1000,1000
6333,93,weighted,10,0.7985668789808917,0,12,None,66,1,5,False,1000,1000
6334,94,weighted,10,0.7989649681528662,0,12,None,66,1,5,False,1000,1000
6335,90,weighted,10,0.8167794585987261,0,25,None,66,1,5,False,1000,1000
6336,91,weighted,10,0.8182722929936306,0,25,None,66,1,5,False,1000,1000
6337,92,weighted,10,0.8198646496815286,0,25,None,66,1,5,False,1000,1000
6338,93,weighted,10,0.8205613057324841,0,25,None,66,1,5,False,1000,1000
6339,94,weighted,10,0.8217555732484076,0,25,None,66,1,5,False,1000,1000
6340,90,weighted,10,0.7832404458598726,0,26,None,66,1,5,False,1000,1000
6341,91,weighted,10,0.7840366242038217,0,26,None,66,1,5,False,1000,1000
6342,92,weighted,10,0.7847332802547771,0,26,None,66,1,5,False,1000,1000
6343,93,weighted,10,0.7852308917197452,0,26,None,66,1,5,False,1000,1000
6344,94,weighted,10,0.7856289808917197,0,26,None,66,1,5,False,1000,1000
6345,90,weighted,10,0.7647292993630573,0,30,None,66,1,5,False,1000,1000
6346,91,weighted,10,0.7634355095541401,0,30,None,66,1,5,False,1000,1000
6347,92,weighted,10,0.7625398089171974,0,30,None,66,1,5,False,1000,1000
6348,93,weighted,10,0.762937898089172,0,30,None,66,1,5,False,1000,1000
6349,94,weighted,10,0.7627388535031847,0,30,None,66,1,5,False,1000,1000
6350,90,weighted,10,0.7236265923566879,0,27,None,66,1,5,False,1000,1000
6351,91,weighted,10,0.7232285031847133,0,27,None,66,1,5,False,1000,1000
6352,92,weighted,10,0.7234275477707006,0,27,None,66,1,5,False,1000,1000
6353,93,weighted,10,0.7235270700636943,0,27,None,66,1,5,False,1000,1000
6354,94,weighted,10,0.723328025477707,0,27,None,66,1,5,False,1000,1000
6355,90,weighted,10,0.7710987261146497,0,16,None,66,1,5,False,1000,1000
6356,91,weighted,10,0.7725915605095541,0,16,None,66,1,5,False,1000,1000
6357,92,weighted,10,0.772890127388535,0,16,None,66,1,5,False,1000,1000
6358,93,weighted,10,0.7740843949044586,0,16,None,66,1,5,False,1000,1000
6359,94,weighted,10,0.7760748407643312,0,16,None,66,1,5,False,1000,1000
6360,90,weighted,10,0.7491042993630573,0,7,None,66,1,5,False,1000,1000
6361,91,weighted,10,0.7490047770700637,0,7,None,66,1,5,False,1000,1000
6362,92,weighted,10,0.74890525477707,0,7,None,66,1,5,False,1000,1000
6363,93,weighted,10,0.7499004777070064,0,7,None,66,1,5,False,1000,1000
6364,94,weighted,10,0.7494028662420382,0,7,None,66,1,5,False,1000,1000
6365,90,weighted,10,0.7486066878980892,0,8,None,66,1,5,False,1000,1000
6366,91,weighted,10,0.7499004777070064,0,8,None,66,1,5,False,1000,1000
6367,92,weighted,10,0.7514928343949044,0,8,None,66,1,5,False,1000,1000
6368,93,weighted,10,0.7520899681528662,0,8,None,66,1,5,False,1000,1000
6369,94,weighted,10,0.7529856687898089,0,8,None,66,1,5,False,1000,1000
6370,90,weighted,10,0.7452229299363057,0,18,None,66,1,5,False,1000,1000
6371,91,weighted,10,0.7447253184713376,0,18,None,66,1,5,False,1000,1000
6372,92,weighted,10,0.7441281847133758,0,18,None,66,1,5,False,1000,1000
6373,93,weighted,10,0.743531050955414,0,18,None,66,1,5,False,1000,1000
6374,94,weighted,10,0.7429339171974523,0,18,None,66,1,5,False,1000,1000
6375,90,weighted,10,0.7664211783439491,0,19,None,66,1,5,False,1000,1000
6376,91,weighted,10,0.7676154458598726,0,19,None,66,1,5,False,1000,1000
6377,92,weighted,10,0.7684116242038217,0,19,None,66,1,5,False,1000,1000
6378,93,weighted,10,0.7690087579617835,0,19,None,66,1,5,False,1000,1000
6379,94,weighted,10,0.7693073248407644,0,19,None,66,1,5,False,1000,1000
6380,90,weighted,10,0.7147691082802548,0,21,None,66,1,5,False,1000,1000
6381,91,weighted,10,0.7125796178343949,0,21,None,66,1,5,False,1000,1000
6382,92,weighted,10,0.7121815286624203,0,21,None,66,1,5,False,1000,1000
6383,93,weighted,10,0.7115843949044586,0,21,None,66,1,5,False,1000,1000
6384,94,weighted,10,0.7116839171974523,0,21,None,66,1,5,False,1000,1000
6385,90,weighted,10,0.7491042993630573,0,17,None,66,1,5,False,1000,1000
6386,91,weighted,10,0.7487062101910829,0,17,None,66,1,5,False,1000,1000
6387,92,weighted,10,0.7491042993630573,0,17,None,66,1,5,False,1000,1000
6388,93,weighted,10,0.7495023885350318,0,17,None,66,1,5,False,1000,1000
6389,94,weighted,10,0.7487062101910829,0,17,None,66,1,5,False,1000,1000
6390,90,weighted,10,0.7691082802547771,0,4,None,66,1,5,False,1000,1000
6391,91,weighted,10,0.7686106687898089,0,4,None,66,1,5,False,1000,1000
6392,92,weighted,10,0.770203025477707,0,4,None,66,1,5,False,1000,1000
6393,93,weighted,10,0.7696058917197452,0,4,None,66,1,5,False,1000,1000
6394,94,weighted,10,0.7696058917197452,0,4,None,66,1,5,False,1000,1000
6395,90,weighted,10,0.7574641719745223,0,10,None,66,1,5,False,1000,1000
6396,91,weighted,10,0.758359872611465,0,10,None,66,1,5,False,1000,1000
6397,92,weighted,10,0.7601512738853503,0,10,None,66,1,5,False,1000,1000
6398,93,weighted,10,0.7615445859872612,0,10,None,66,1,5,False,1000,1000
6399,94,weighted,10,0.7628383757961783,0,10,None,66,1,5,False,1000,1000
6400,90,weighted,10,0.6096735668789809,0,3,None,66,1,5,False,1000,1000
6401,91,weighted,10,0.5934514331210191,0,3,None,66,1,5,False,1000,1000
6402,92,weighted,10,0.5822054140127388,0,3,None,66,1,5,False,1000,1000
6403,93,weighted,10,0.5722531847133758,0,3,None,66,1,5,False,1000,1000
6404,94,weighted,10,0.5622014331210191,0,3,None,66,1,5,False,1000,1000
6405,90,weighted,10,0.6034036624203821,0,11,None,66,1,5,False,1000,1000
6406,91,weighted,10,0.6003184713375797,0,11,None,66,1,5,False,1000,1000
6407,92,weighted,10,0.5966361464968153,0,11,None,66,1,5,False,1000,1000
6408,93,weighted,10,0.5939490445859873,0,11,None,66,1,5,False,1000,1000
6409,94,weighted,10,0.5916600318471338,0,11,None,66,1,5,False,1000,1000
6410,90,weighted,10,0.7573646496815286,0,15,None,66,1,5,False,1000,1000
6411,91,weighted,10,0.7594546178343949,0,15,None,66,1,5,False,1000,1000
6412,92,weighted,10,0.7613455414012739,0,15,None,66,1,5,False,1000,1000
6413,93,weighted,10,0.763734076433121,0,15,None,66,1,5,False,1000,1000
6414,94,weighted,10,0.7652269108280255,0,15,None,66,1,5,False,1000,1000
6415,90,weighted,10,0.8183718152866242,0,9,None,66,1,5,False,1000,1000
6416,91,weighted,10,0.8180732484076433,0,9,None,66,1,5,False,1000,1000
6417,92,weighted,10,0.8191679936305732,0,9,None,66,1,5,False,1000,1000
6418,93,weighted,10,0.819765127388535,0,9,None,66,1,5,False,1000,1000
6419,94,weighted,10,0.8203622611464968,0,9,None,66,1,5,False,1000,1000
6420,90,weighted,10,0.7876194267515924,0,6,None,66,1,5,False,1000,1000
6421,91,weighted,10,0.7880175159235668,0,6,None,66,1,5,False,1000,1000
6422,92,weighted,10,0.7878184713375797,0,6,None,66,1,5,False,1000,1000
6423,93,weighted,10,0.788515127388535,0,6,None,66,1,5,False,1000,1000
6424,94,weighted,10,0.7883160828025477,0,6,None,66,1,5,False,1000,1000
6425,90,weighted,10,0.823546974522293,0,14,None,66,1,5,False,1000,1000
6426,91,weighted,10,0.8238455414012739,0,14,None,66,1,5,False,1000,1000
6427,92,weighted,10,0.8238455414012739,0,14,None,66,1,5,False,1000,1000
6428,93,weighted,10,0.8234474522292994,0,14,None,66,1,5,False,1000,1000
6429,94,weighted,10,0.8223527070063694,0,14,None,66,1,5,False,1000,1000
6430,90,weighted,10,0.8020501592356688,0,22,None,66,1,5,False,1000,1000
6431,91,weighted,10,0.8018511146496815,0,22,None,66,1,5,False,1000,1000
6432,92,weighted,10,0.8009554140127388,0,22,None,66,1,5,False,1000,1000
6433,93,weighted,10,0.8007563694267515,0,22,None,66,1,5,False,1000,1000
6434,94,weighted,10,0.8010549363057324,0,22,None,66,1,5,False,1000,1000
6435,95,weighted,10,0.7707006369426752,0,19,None,66,1,5,False,1000,1000
6436,96,weighted,10,0.7717953821656051,0,19,None,66,1,5,False,1000,1000
6437,97,weighted,10,0.772890127388535,0,19,None,66,1,5,False,1000,1000
6438,98,weighted,10,0.7729896496815286,0,19,None,66,1,5,False,1000,1000
6439,99,weighted,10,0.772890127388535,0,19,None,66,1,5,False,1000,1000
6440,95,weighted,10,0.7874203821656051,0,1,None,66,1,5,False,1000,1000
6441,96,weighted,10,0.7880175159235668,0,1,None,66,1,5,False,1000,1000
6442,97,weighted,10,0.787718949044586,0,1,None,66,1,5,False,1000,1000
6443,98,weighted,10,0.7867237261146497,0,1,None,66,1,5,False,1000,1000
6444,99,weighted,10,0.7867237261146497,0,1,None,66,1,5,False,1000,1000
6445,95,weighted,10,0.7232285031847133,0,21,None,66,1,5,False,1000,1000
6446,96,weighted,10,0.7220342356687898,0,21,None,66,1,5,False,1000,1000
6447,97,weighted,10,0.7209394904458599,0,21,None,66,1,5,False,1000,1000
6448,98,weighted,10,0.720640923566879,0,21,None,66,1,5,False,1000,1000
6449,99,weighted,10,0.7202428343949044,0,21,None,66,1,5,False,1000,1000
6450,95,weighted,10,0.7899084394904459,0,2,None,66,1,5,False,1000,1000
6451,96,weighted,10,0.7872213375796179,0,2,None,66,1,5,False,1000,1000
6452,97,weighted,10,0.7806528662420382,0,2,None,66,1,5,False,1000,1000
6453,98,weighted,10,0.7781648089171974,0,2,None,66,1,5,False,1000,1000
6454,99,weighted,10,0.7760748407643312,0,2,None,66,1,5,False,1000,1000
6455,95,weighted,10,0.5942476114649682,0,11,None,66,1,5,False,1000,1000
6456,96,weighted,10,0.5888734076433121,0,11,None,66,1,5,False,1000,1000
6457,97,weighted,10,0.5830015923566879,0,11,None,66,1,5,False,1000,1000
6458,98,weighted,10,0.5786226114649682,0,11,None,66,1,5,False,1000,1000
6459,99,weighted,10,0.5728503184713376,0,11,None,66,1,5,False,1000,1000
6460,95,weighted,10,0.7577627388535032,0,15,None,66,1,5,False,1000,1000
6461,96,weighted,10,0.7601512738853503,0,15,None,66,1,5,False,1000,1000
6462,97,weighted,10,0.7640326433121019,0,15,None,66,1,5,False,1000,1000
6463,98,weighted,10,0.7644307324840764,0,15,None,66,1,5,False,1000,1000
6464,99,weighted,10,0.7662221337579618,0,15,None,66,1,5,False,1000,1000
6465,95,weighted,10,0.7541799363057324,0,17,None,66,1,5,False,1000,1000
6466,96,weighted,10,0.7534832802547771,0,17,None,66,1,5,False,1000,1000
6467,97,weighted,10,0.7536823248407644,0,17,None,66,1,5,False,1000,1000
6468,98,weighted,10,0.7533837579617835,0,17,None,66,1,5,False,1000,1000
6469,99,weighted,10,0.7536823248407644,0,17,None,66,1,5,False,1000,1000
6470,95,weighted,10,0.7513933121019108,0,18,None,66,1,5,False,1000,1000
6471,96,weighted,10,0.7497014331210191,0,18,None,66,1,5,False,1000,1000
6472,97,weighted,10,0.7493033439490446,0,18,None,66,1,5,False,1000,1000
6473,98,weighted,10,0.7498009554140127,0,18,None,66,1,5,False,1000,1000
6474,99,weighted,10,0.7497014331210191,0,18,None,66,1,5,False,1000,1000
6475,95,weighted,10,0.7223328025477707,0,28,None,66,1,5,False,1000,1000
6476,96,weighted,10,0.7263136942675159,0,28,None,66,1,5,False,1000,1000
6477,97,weighted,10,0.7314888535031847,0,28,None,66,1,5,False,1000,1000
6478,98,weighted,10,0.73546974522293,0,28,None,66,1,5,False,1000,1000
6479,99,weighted,10,0.738953025477707,0,28,None,66,1,5,False,1000,1000
6480,95,weighted,10,0.7166600318471338,0,29,None,66,1,5,False,1000,1000
6481,96,weighted,10,0.7238256369426752,0,29,None,66,1,5,False,1000,1000
6482,97,weighted,10,0.7289012738853503,0,29,None,66,1,5,False,1000,1000
6483,98,weighted,10,0.7334792993630573,0,29,None,66,1,5,False,1000,1000
6484,99,weighted,10,0.7385549363057324,0,29,None,66,1,5,False,1000,1000
6485,95,weighted,10,0.8188694267515924,0,9,None,66,1,5,False,1000,1000
6486,96,weighted,10,0.819765127388535,0,9,None,66,1,5,False,1000,1000
6487,97,weighted,10,0.820859872611465,0,9,None,66,1,5,False,1000,1000
6488,98,weighted,10,0.8212579617834395,0,9,None,66,1,5,False,1000,1000
6489,99,weighted,10,0.8223527070063694,0,9,None,66,1,5,False,1000,1000
6490,95,weighted,10,0.7605493630573248,0,10,None,66,1,5,False,1000,1000
6491,96,weighted,10,0.7620421974522293,0,10,None,66,1,5,False,1000,1000
6492,97,weighted,10,0.7634355095541401,0,10,None,66,1,5,False,1000,1000
6493,98,weighted,10,0.7651273885350318,0,10,None,66,1,5,False,1000,1000
6494,99,weighted,10,0.7661226114649682,0,10,None,66,1,5,False,1000,1000
6495,95,weighted,10,0.7524880573248408,0,8,None,66,1,5,False,1000,1000
6496,96,weighted,10,0.7546775477707006,0,8,None,66,1,5,False,1000,1000
6497,97,weighted,10,0.755672770700637,0,8,None,66,1,5,False,1000,1000
6498,98,weighted,10,0.7566679936305732,0,8,None,66,1,5,False,1000,1000
6499,99,weighted,10,0.7573646496815286,0,8,None,66,1,5,False,1000,1000
6500,95,weighted,10,0.783937101910828,0,23,None,66,1,5,False,1000,1000
6501,96,weighted,10,0.7843351910828026,0,23,None,66,1,5,False,1000,1000
6502,97,weighted,10,0.7853304140127388,0,23,None,66,1,5,False,1000,1000
6503,98,weighted,10,0.785828025477707,0,23,None,66,1,5,False,1000,1000
6504,99,weighted,10,0.7859275477707006,0,23,None,66,1,5,False,1000,1000
6505,95,weighted,10,0.7971735668789809,0,5,None,66,1,5,False,1000,1000
6506,96,weighted,10,0.7981687898089171,0,5,None,66,1,5,False,1000,1000
6507,97,weighted,10,0.7974721337579618,0,5,None,66,1,5,False,1000,1000
6508,98,weighted,10,0.7974721337579618,0,5,None,66,1,5,False,1000,1000
6509,99,weighted,10,0.7983678343949044,0,5,None,66,1,5,False,1000,1000
6510,95,weighted,10,0.7750796178343949,0,16,None,66,1,5,False,1000,1000
6511,96,weighted,10,0.7775676751592356,0,16,None,66,1,5,False,1000,1000
6512,97,weighted,10,0.7796576433121019,0,16,None,66,1,5,False,1000,1000
6513,98,weighted,10,0.7818471337579618,0,16,None,66,1,5,False,1000,1000
6514,99,weighted,10,0.7826433121019108,0,16,None,66,1,5,False,1000,1000
6515,95,weighted,10,0.7569665605095541,0,7,None,66,1,5,False,1000,1000
6516,96,weighted,10,0.757265127388535,0,7,None,66,1,5,False,1000,1000
6517,97,weighted,10,0.757265127388535,0,7,None,66,1,5,False,1000,1000
6518,98,weighted,10,0.7577627388535032,0,7,None,66,1,5,False,1000,1000
6519,99,weighted,10,0.7589570063694268,0,7,None,66,1,5,False,1000,1000
6520,95,weighted,10,0.7636345541401274,0,32,None,66,1,5,False,1000,1000
6521,96,weighted,10,0.7634355095541401,0,32,None,66,1,5,False,1000,1000
6522,97,weighted,10,0.7633359872611465,0,32,None,66,1,5,False,1000,1000
6523,98,weighted,10,0.7635350318471338,0,32,None,66,1,5,False,1000,1000
6524,99,weighted,10,0.7636345541401274,0,32,None,66,1,5,False,1000,1000
6525,95,weighted,10,0.7984673566878981,0,13,None,66,1,5,False,1000,1000
6526,96,weighted,10,0.7972730891719745,0,13,None,66,1,5,False,1000,1000
6527,97,weighted,10,0.7978702229299363,0,13,None,66,1,5,False,1000,1000
6528,98,weighted,10,0.7978702229299363,0,13,None,66,1,5,False,1000,1000
6529,99,weighted,10,0.7978702229299363,0,13,None,66,1,5,False,1000,1000
6530,95,weighted,10,0.8155851910828026,0,25,None,66,1,5,False,1000,1000
6531,96,weighted,10,0.8183718152866242,0,25,None,66,1,5,False,1000,1000
6532,97,weighted,10,0.8205613057324841,0,25,None,66,1,5,False,1000,1000
6533,98,weighted,10,0.8226512738853503,0,25,None,66,1,5,False,1000,1000
6534,99,weighted,10,0.8239450636942676,0,25,None,66,1,5,False,1000,1000
6535,95,weighted,10,0.8238455414012739,0,14,None,66,1,5,False,1000,1000
6536,96,weighted,10,0.8241441082802548,0,14,None,66,1,5,False,1000,1000
6537,97,weighted,10,0.8239450636942676,0,14,None,66,1,5,False,1000,1000
6538,98,weighted,10,0.823546974522293,0,14,None,66,1,5,False,1000,1000
6539,99,weighted,10,0.8223527070063694,0,14,None,66,1,5,False,1000,1000
6540,95,weighted,10,0.8044386942675159,0,22,None,66,1,5,False,1000,1000
6541,96,weighted,10,0.8045382165605095,0,22,None,66,1,5,False,1000,1000
6542,97,weighted,10,0.8039410828025477,0,22,None,66,1,5,False,1000,1000
6543,98,weighted,10,0.8035429936305732,0,22,None,66,1,5,False,1000,1000
6544,99,weighted,10,0.8032444267515924,0,22,None,66,1,5,False,1000,1000
6545,95,weighted,10,0.7771695859872612,0,4,None,66,1,5,False,1000,1000
6546,96,weighted,10,0.7767714968152867,0,4,None,66,1,5,False,1000,1000
6547,97,weighted,10,0.7758757961783439,0,4,None,66,1,5,False,1000,1000
6548,98,weighted,10,0.7761743630573248,0,4,None,66,1,5,False,1000,1000
6549,99,weighted,10,0.7763734076433121,0,4,None,66,1,5,False,1000,1000
6550,95,weighted,10,0.6070859872611465,0,3,None,66,1,5,False,1000,1000
6551,96,weighted,10,0.5999203821656051,0,3,None,66,1,5,False,1000,1000
6552,97,weighted,10,0.5924562101910829,0,3,None,66,1,5,False,1000,1000
6553,98,weighted,10,0.5849920382165605,0,3,None,66,1,5,False,1000,1000
6554,99,weighted,10,0.5790207006369427,0,3,None,66,1,5,False,1000,1000
6555,95,weighted,10,0.7684116242038217,0,20,None,66,1,5,False,1000,1000
6556,96,weighted,10,0.7633359872611465,0,20,None,66,1,5,False,1000,1000
6557,97,weighted,10,0.7604498407643312,0,20,None,66,1,5,False,1000,1000
6558,98,weighted,10,0.7541799363057324,0,20,None,66,1,5,False,1000,1000
6559,99,weighted,10,0.7498009554140127,0,20,None,66,1,5,False,1000,1000
6560,95,weighted,10,0.7181528662420382,0,24,None,66,1,5,False,1000,1000
6561,96,weighted,10,0.7188495222929936,0,24,None,66,1,5,False,1000,1000
6562,97,weighted,10,0.7200437898089171,0,24,None,66,1,5,False,1000,1000
6563,98,weighted,10,0.7211385350318471,0,24,None,66,1,5,False,1000,1000
6564,99,weighted,10,0.7223328025477707,0,24,None,66,1,5,False,1000,1000
6565,95,weighted,10,0.7306926751592356,0,27,None,66,1,5,False,1000,1000
6566,96,weighted,10,0.7299960191082803,0,27,None,66,1,5,False,1000,1000
6567,97,weighted,10,0.7306926751592356,0,27,None,66,1,5,False,1000,1000
6568,98,weighted,10,0.7304936305732485,0,27,None,66,1,5,False,1000,1000
6569,99,weighted,10,0.7293988853503185,0,27,None,66,1,5,False,1000,1000
6570,95,weighted,10,0.7951831210191083,0,0,None,66,1,5,False,1000,1000
6571,96,weighted,10,0.7953821656050956,0,0,None,66,1,5,False,1000,1000
6572,97,weighted,10,0.7953821656050956,0,0,None,66,1,5,False,1000,1000
6573,98,weighted,10,0.7955812101910829,0,0,None,66,1,5,False,1000,1000
6574,99,weighted,10,0.7962778662420382,0,0,None,66,1,5,False,1000,1000
6575,95,weighted,10,0.758359872611465,0,31,None,66,1,5,False,1000,1000
6576,96,weighted,10,0.7588574840764332,0,31,None,66,1,5,False,1000,1000
6577,97,weighted,10,0.7598527070063694,0,31,None,66,1,5,False,1000,1000
6578,98,weighted,10,0.7603503184713376,0,31,None,66,1,5,False,1000,1000
6579,99,weighted,10,0.761046974522293,0,31,None,66,1,5,False,1000,1000
6580,95,weighted,10,0.7699044585987261,0,30,None,66,1,5,False,1000,1000
6581,96,weighted,10,0.7674164012738853,0,30,None,66,1,5,False,1000,1000
6582,97,weighted,10,0.767515923566879,0,30,None,66,1,5,False,1000,1000
6583,98,weighted,10,0.7677149681528662,0,30,None,66,1,5,False,1000,1000
6584,99,weighted,10,0.7674164012738853,0,30,None,66,1,5,False,1000,1000
6585,95,weighted,10,0.7914012738853503,0,6,None,66,1,5,False,1000,1000
6586,96,weighted,10,0.7918988853503185,0,6,None,66,1,5,False,1000,1000
6587,97,weighted,10,0.7919984076433121,0,6,None,66,1,5,False,1000,1000
6588,98,weighted,10,0.792296974522293,0,6,None,66,1,5,False,1000,1000
6589,99,weighted,10,0.7927945859872612,0,6,None,66,1,5,False,1000,1000
6590,95,weighted,10,0.7998606687898089,0,12,None,66,1,5,False,1000,1000
6591,96,weighted,10,0.7996616242038217,0,12,None,66,1,5,False,1000,1000
6592,97,weighted,10,0.8000597133757962,0,12,None,66,1,5,False,1000,1000
6593,98,weighted,10,0.8015525477707006,0,12,None,66,1,5,False,1000,1000
6594,99,weighted,10,0.802547770700637,0,12,None,66,1,5,False,1000,1000
6595,95,weighted,10,0.7863256369426752,0,26,None,66,1,5,False,1000,1000
6596,96,weighted,10,0.7878184713375797,0,26,None,66,1,5,False,1000,1000
6597,97,weighted,10,0.7886146496815286,0,26,None,66,1,5,False,1000,1000
6598,98,weighted,10,0.7893113057324841,0,26,None,66,1,5,False,1000,1000
6599,99,weighted,10,0.7900079617834395,0,26,None,66,1,5,False,1000,1000
6600,100,weighted,10,0.788515127388535,0,1,None,66,1,5,False,1000,1000
6601,101,weighted,10,0.7884156050955414,0,1,None,66,1,5,False,1000,1000
6602,102,weighted,10,0.7882165605095541,0,1,None,66,1,5,False,1000,1000
6603,103,weighted,10,0.7883160828025477,0,1,None,66,1,5,False,1000,1000
6604,104,weighted,10,0.7887141719745223,0,1,None,66,1,5,False,1000,1000
6605,100,weighted,10,0.7142714968152867,0,29,None,66,1,5,False,1000,1000
6606,101,weighted,10,0.722531847133758,0,29,None,66,1,5,False,1000,1000
6607,102,weighted,10,0.7280055732484076,0,29,None,66,1,5,False,1000,1000
6608,103,weighted,10,0.7342754777070064,0,29,None,66,1,5,False,1000,1000
6609,104,weighted,10,0.7386544585987261,0,29,None,66,1,5,False,1000,1000
6610,100,weighted,10,0.7830414012738853,0,16,None,66,1,5,False,1000,1000
6611,101,weighted,10,0.7846337579617835,0,16,None,66,1,5,False,1000,1000
6612,102,weighted,10,0.7859275477707006,0,16,None,66,1,5,False,1000,1000
6613,103,weighted,10,0.7868232484076433,0,16,None,66,1,5,False,1000,1000
6614,104,weighted,10,0.7883160828025477,0,16,None,66,1,5,False,1000,1000
6615,100,weighted,10,0.8251393312101911,0,14,None,66,1,5,False,1000,1000
6616,101,weighted,10,0.8255374203821656,0,14,None,66,1,5,False,1000,1000
6617,102,weighted,10,0.8253383757961783,0,14,None,66,1,5,False,1000,1000
6618,103,weighted,10,0.8244426751592356,0,14,None,66,1,5,False,1000,1000
6619,104,weighted,10,0.8234474522292994,0,14,None,66,1,5,False,1000,1000
6620,100,weighted,10,0.7901074840764332,0,26,None,66,1,5,False,1000,1000
6621,101,weighted,10,0.7925955414012739,0,26,None,66,1,5,False,1000,1000
6622,102,weighted,10,0.7928941082802548,0,26,None,66,1,5,False,1000,1000
6623,103,weighted,10,0.7937898089171974,0,26,None,66,1,5,False,1000,1000
6624,104,weighted,10,0.7945859872611465,0,26,None,66,1,5,False,1000,1000
6625,100,weighted,10,0.7341759554140127,0,27,None,66,1,5,False,1000,1000
6626,101,weighted,10,0.7340764331210191,0,27,None,66,1,5,False,1000,1000
6627,102,weighted,10,0.7322850318471338,0,27,None,66,1,5,False,1000,1000
6628,103,weighted,10,0.7329816878980892,0,27,None,66,1,5,False,1000,1000
6629,104,weighted,10,0.7318869426751592,0,27,None,66,1,5,False,1000,1000
6630,100,weighted,10,0.7767714968152867,0,30,None,66,1,5,False,1000,1000
6631,101,weighted,10,0.774781050955414,0,30,None,66,1,5,False,1000,1000
6632,102,weighted,10,0.7742834394904459,0,30,None,66,1,5,False,1000,1000
6633,103,weighted,10,0.7750796178343949,0,30,None,66,1,5,False,1000,1000
6634,104,weighted,10,0.7752786624203821,0,30,None,66,1,5,False,1000,1000
6635,100,weighted,10,0.7993630573248408,0,13,None,66,1,5,False,1000,1000
6636,101,weighted,10,0.7993630573248408,0,13,None,66,1,5,False,1000,1000
6637,102,weighted,10,0.7999601910828026,0,13,None,66,1,5,False,1000,1000
6638,103,weighted,10,0.800656847133758,0,13,None,66,1,5,False,1000,1000
6639,104,weighted,10,0.8009554140127388,0,13,None,66,1,5,False,1000,1000
6640,100,weighted,10,0.8163813694267515,0,25,None,66,1,5,False,1000,1000
6641,101,weighted,10,0.8192675159235668,0,25,None,66,1,5,False,1000,1000
6642,102,weighted,10,0.8203622611464968,0,25,None,66,1,5,False,1000,1000
6643,103,weighted,10,0.822452229299363,0,25,None,66,1,5,False,1000,1000
6644,104,weighted,10,0.8234474522292994,0,25,None,66,1,5,False,1000,1000
6645,100,weighted,10,0.7936902866242038,0,2,None,66,1,5,False,1000,1000
6646,101,weighted,10,0.7916003184713376,0,2,None,66,1,5,False,1000,1000
6647,102,weighted,10,0.7862261146496815,0,2,None,66,1,5,False,1000,1000
6648,103,weighted,10,0.7821457006369427,0,2,None,66,1,5,False,1000,1000
6649,104,weighted,10,0.7796576433121019,0,2,None,66,1,5,False,1000,1000
6650,100,weighted,10,0.8000597133757962,0,5,None,66,1,5,False,1000,1000
6651,101,weighted,10,0.8005573248407644,0,5,None,66,1,5,False,1000,1000
6652,102,weighted,10,0.8001592356687898,0,5,None,66,1,5,False,1000,1000
6653,103,weighted,10,0.799562101910828,0,5,None,66,1,5,False,1000,1000
6654,104,weighted,10,0.7990644904458599,0,5,None,66,1,5,False,1000,1000
6655,100,weighted,10,0.7634355095541401,0,7,None,66,1,5,False,1000,1000
6656,101,weighted,10,0.7632364649681529,0,7,None,66,1,5,False,1000,1000
6657,102,weighted,10,0.7635350318471338,0,7,None,66,1,5,False,1000,1000
6658,103,weighted,10,0.7640326433121019,0,7,None,66,1,5,False,1000,1000
6659,104,weighted,10,0.7640326433121019,0,7,None,66,1,5,False,1000,1000
6660,100,weighted,10,0.6264928343949044,0,11,None,66,1,5,False,1000,1000
6661,101,weighted,10,0.6234076433121019,0,11,None,66,1,5,False,1000,1000
6662,102,weighted,10,0.6202229299363057,0,11,None,66,1,5,False,1000,1000
6663,103,weighted,10,0.6171377388535032,0,11,None,66,1,5,False,1000,1000
6664,104,weighted,10,0.615047770700637,0,11,None,66,1,5,False,1000,1000
6665,100,weighted,10,0.8204617834394905,0,9,None,66,1,5,False,1000,1000
6666,101,weighted,10,0.8207603503184714,0,9,None,66,1,5,False,1000,1000
6667,102,weighted,10,0.8220541401273885,0,9,None,66,1,5,False,1000,1000
6668,103,weighted,10,0.8233479299363057,0,9,None,66,1,5,False,1000,1000
6669,104,weighted,10,0.8232484076433121,0,9,None,66,1,5,False,1000,1000
6670,100,weighted,10,0.7687101910828026,0,15,None,66,1,5,False,1000,1000
6671,101,weighted,10,0.7709992038216561,0,15,None,66,1,5,False,1000,1000
6672,102,weighted,10,0.772093949044586,0,15,None,66,1,5,False,1000,1000
6673,103,weighted,10,0.7732882165605095,0,15,None,66,1,5,False,1000,1000
6674,104,weighted,10,0.774781050955414,0,15,None,66,1,5,False,1000,1000
6675,100,weighted,10,0.8022492038216561,0,12,None,66,1,5,False,1000,1000
6676,101,weighted,10,0.8029458598726115,0,12,None,66,1,5,False,1000,1000
6677,102,weighted,10,0.8035429936305732,0,12,None,66,1,5,False,1000,1000
6678,103,weighted,10,0.8043391719745223,0,12,None,66,1,5,False,1000,1000
6679,104,weighted,10,0.8049363057324841,0,12,None,66,1,5,False,1000,1000
6680,100,weighted,10,0.7261146496815286,0,28,None,66,1,5,False,1000,1000
6681,101,weighted,10,0.732484076433121,0,28,None,66,1,5,False,1000,1000
6682,102,weighted,10,0.7363654458598726,0,28,None,66,1,5,False,1000,1000
6683,103,weighted,10,0.7412420382165605,0,28,None,66,1,5,False,1000,1000
6684,104,weighted,10,0.7452229299363057,0,28,None,66,1,5,False,1000,1000
6685,100,weighted,10,0.7587579617834395,0,17,None,66,1,5,False,1000,1000
6686,101,weighted,10,0.7580613057324841,0,17,None,66,1,5,False,1000,1000
6687,102,weighted,10,0.7579617834394905,0,17,None,66,1,5,False,1000,1000
6688,103,weighted,10,0.7581608280254777,0,17,None,66,1,5,False,1000,1000
6689,104,weighted,10,0.758359872611465,0,17,None,66,1,5,False,1000,1000
6690,100,weighted,10,0.7826433121019108,0,4,None,66,1,5,False,1000,1000
6691,101,weighted,10,0.7827428343949044,0,4,None,66,1,5,False,1000,1000
6692,102,weighted,10,0.7824442675159236,0,4,None,66,1,5,False,1000,1000
6693,103,weighted,10,0.7822452229299363,0,4,None,66,1,5,False,1000,1000
6694,104,weighted,10,0.7814490445859873,0,4,None,66,1,5,False,1000,1000
6695,100,weighted,10,0.7943869426751592,0,6,None,66,1,5,False,1000,1000
6696,101,weighted,10,0.7947850318471338,0,6,None,66,1,5,False,1000,1000
6697,102,weighted,10,0.7950835987261147,0,6,None,66,1,5,False,1000,1000
6698,103,weighted,10,0.7951831210191083,0,6,None,66,1,5,False,1000,1000
6699,104,weighted,10,0.7950835987261147,0,6,None,66,1,5,False,1000,1000
6700,100,weighted,10,0.765625,0,10,None,66,1,5,False,1000,1000
6701,101,weighted,10,0.7672173566878981,0,10,None,66,1,5,False,1000,1000
6702,102,weighted,10,0.7685111464968153,0,10,None,66,1,5,False,1000,1000
6703,103,weighted,10,0.7696058917197452,0,10,None,66,1,5,False,1000,1000
6704,104,weighted,10,0.7700039808917197,0,10,None,66,1,5,False,1000,1000
6705,100,weighted,10,0.7671178343949044,0,20,None,66,1,5,False,1000,1000
6706,101,weighted,10,0.772890127388535,0,20,None,66,1,5,False,1000,1000
6707,102,weighted,10,0.7705015923566879,0,20,None,66,1,5,False,1000,1000
6708,103,weighted,10,0.7689092356687898,0,20,None,66,1,5,False,1000,1000
6709,104,weighted,10,0.7632364649681529,0,20,None,66,1,5,False,1000,1000
6710,100,weighted,10,0.8045382165605095,0,22,None,66,1,5,False,1000,1000
6711,101,weighted,10,0.8051353503184714,0,22,None,66,1,5,False,1000,1000
6712,102,weighted,10,0.8039410828025477,0,22,None,66,1,5,False,1000,1000
6713,103,weighted,10,0.8043391719745223,0,22,None,66,1,5,False,1000,1000
6714,104,weighted,10,0.8053343949044586,0,22,None,66,1,5,False,1000,1000
6715,100,weighted,10,0.7894108280254777,0,23,None,66,1,5,False,1000,1000
6716,101,weighted,10,0.7898089171974523,0,23,None,66,1,5,False,1000,1000
6717,102,weighted,10,0.7905055732484076,0,23,None,66,1,5,False,1000,1000
6718,103,weighted,10,0.7916003184713376,0,23,None,66,1,5,False,1000,1000
6719,104,weighted,10,0.7919984076433121,0,23,None,66,1,5,False,1000,1000
6720,100,weighted,10,0.7690087579617835,0,32,None,66,1,5,False,1000,1000
6721,101,weighted,10,0.7682125796178344,0,32,None,66,1,5,False,1000,1000
6722,102,weighted,10,0.7684116242038217,0,32,None,66,1,5,False,1000,1000
6723,103,weighted,10,0.7685111464968153,0,32,None,66,1,5,False,1000,1000
6724,104,weighted,10,0.7691082802547771,0,32,None,66,1,5,False,1000,1000
6725,100,weighted,10,0.7563694267515924,0,8,None,66,1,5,False,1000,1000
6726,101,weighted,10,0.7567675159235668,0,8,None,66,1,5,False,1000,1000
6727,102,weighted,10,0.7582603503184714,0,8,None,66,1,5,False,1000,1000
6728,103,weighted,10,0.7598527070063694,0,8,None,66,1,5,False,1000,1000
6729,104,weighted,10,0.7607484076433121,0,8,None,66,1,5,False,1000,1000
6730,100,weighted,10,0.7568670382165605,0,18,None,66,1,5,False,1000,1000
6731,101,weighted,10,0.7565684713375797,0,18,None,66,1,5,False,1000,1000
6732,102,weighted,10,0.7562699044585988,0,18,None,66,1,5,False,1000,1000
6733,103,weighted,10,0.7566679936305732,0,18,None,66,1,5,False,1000,1000
6734,104,weighted,10,0.7565684713375797,0,18,None,66,1,5,False,1000,1000
6735,100,weighted,10,0.6123606687898089,0,3,None,66,1,5,False,1000,1000
6736,101,weighted,10,0.6133558917197452,0,3,None,66,1,5,False,1000,1000
6737,102,weighted,10,0.6088773885350318,0,3,None,66,1,5,False,1000,1000
6738,103,weighted,10,0.604796974522293,0,3,None,66,1,5,False,1000,1000
6739,104,weighted,10,0.5996218152866242,0,3,None,66,1,5,False,1000,1000
6740,100,weighted,10,0.7652269108280255,0,31,None,66,1,5,False,1000,1000
6741,101,weighted,10,0.7658240445859873,0,31,None,66,1,5,False,1000,1000
6742,102,weighted,10,0.765625,0,31,None,66,1,5,False,1000,1000
6743,103,weighted,10,0.7678144904458599,0,31,None,66,1,5,False,1000,1000
6744,104,weighted,10,0.7677149681528662,0,31,None,66,1,5,False,1000,1000
6745,100,weighted,10,0.7759753184713376,0,19,None,66,1,5,False,1000,1000
6746,101,weighted,10,0.7764729299363057,0,19,None,66,1,5,False,1000,1000
6747,102,weighted,10,0.7768710191082803,0,19,None,66,1,5,False,1000,1000
6748,103,weighted,10,0.7783638535031847,0,19,None,66,1,5,False,1000,1000
6749,104,weighted,10,0.7787619426751592,0,19,None,66,1,5,False,1000,1000
6750,100,weighted,10,0.7304936305732485,0,21,None,66,1,5,False,1000,1000
6751,101,weighted,10,0.7303941082802548,0,21,None,66,1,5,False,1000,1000
6752,102,weighted,10,0.7309912420382165,0,21,None,66,1,5,False,1000,1000
6753,103,weighted,10,0.7302945859872612,0,21,None,66,1,5,False,1000,1000
6754,104,weighted,10,0.7299960191082803,0,21,None,66,1,5,False,1000,1000
6755,100,weighted,10,0.7984673566878981,0,0,None,66,1,5,False,1000,1000
6756,101,weighted,10,0.7986664012738853,0,0,None,66,1,5,False,1000,1000
6757,102,weighted,10,0.7992635350318471,0,0,None,66,1,5,False,1000,1000
6758,103,weighted,10,0.7991640127388535,0,0,None,66,1,5,False,1000,1000
6759,104,weighted,10,0.7985668789808917,0,0,None,66,1,5,False,1000,1000
6760,100,weighted,10,0.7261146496815286,0,24,None,66,1,5,False,1000,1000
6761,101,weighted,10,0.727906050955414,0,24,None,66,1,5,False,1000,1000
6762,102,weighted,10,0.7300955414012739,0,24,None,66,1,5,False,1000,1000
6763,103,weighted,10,0.7312898089171974,0,24,None,66,1,5,False,1000,1000
6764,104,weighted,10,0.7331807324840764,0,24,None,66,1,5,False,1000,1000
9405,105,weighted,10,0.7905055732484076,0,1,None,66,1,5,False,1000,1000
9406,106,weighted,10,0.7908041401273885,0,1,None,66,1,5,False,1000,1000
9407,107,weighted,10,0.7907046178343949,0,1,None,66,1,5,False,1000,1000
9408,108,weighted,10,0.7911027070063694,0,1,None,66,1,5,False,1000,1000
9409,109,weighted,10,0.791202229299363,0,1,None,66,1,5,False,1000,1000
9410,105,weighted,10,0.800656847133758,0,13,None,66,1,5,False,1000,1000
9411,106,weighted,10,0.8011544585987261,0,13,None,66,1,5,False,1000,1000
9412,107,weighted,10,0.8031449044585988,0,13,None,66,1,5,False,1000,1000
9413,108,weighted,10,0.8031449044585988,0,13,None,66,1,5,False,1000,1000
9414,109,weighted,10,0.8036425159235668,0,13,None,66,1,5,False,1000,1000
9415,105,weighted,10,0.7824442675159236,0,19,None,66,1,5,False,1000,1000
9416,106,weighted,10,0.783140923566879,0,19,None,66,1,5,False,1000,1000
9417,107,weighted,10,0.7830414012738853,0,19,None,66,1,5,False,1000,1000
9418,108,weighted,10,0.7827428343949044,0,19,None,66,1,5,False,1000,1000
9419,109,weighted,10,0.7832404458598726,0,19,None,66,1,5,False,1000,1000
9420,105,weighted,10,0.79578025477707,0,23,None,66,1,5,False,1000,1000
9421,106,weighted,10,0.7959792993630573,0,23,None,66,1,5,False,1000,1000
9422,107,weighted,10,0.7955812101910829,0,23,None,66,1,5,False,1000,1000
9423,108,weighted,10,0.7959792993630573,0,23,None,66,1,5,False,1000,1000
9424,109,weighted,10,0.7969745222929936,0,23,None,66,1,5,False,1000,1000
9425,105,weighted,10,0.7391520700636943,0,21,None,66,1,5,False,1000,1000
9426,106,weighted,10,0.7387539808917197,0,21,None,66,1,5,False,1000,1000
9427,107,weighted,10,0.7383558917197452,0,21,None,66,1,5,False,1000,1000
9428,108,weighted,10,0.738953025477707,0,21,None,66,1,5,False,1000,1000
9429,109,weighted,10,0.7395501592356688,0,21,None,66,1,5,False,1000,1000
9430,105,weighted,10,0.8146894904458599,0,25,None,66,1,5,False,1000,1000
9431,106,weighted,10,0.8200636942675159,0,25,None,66,1,5,False,1000,1000
9432,107,weighted,10,0.8220541401273885,0,25,None,66,1,5,False,1000,1000
9433,108,weighted,10,0.8236464968152867,0,25,None,66,1,5,False,1000,1000
9434,109,weighted,10,0.8255374203821656,0,25,None,66,1,5,False,1000,1000
9435,105,weighted,10,0.7940883757961783,0,26,None,66,1,5,False,1000,1000
9436,106,weighted,10,0.7943869426751592,0,26,None,66,1,5,False,1000,1000
9437,107,weighted,10,0.7945859872611465,0,26,None,66,1,5,False,1000,1000
9438,108,weighted,10,0.7952826433121019,0,26,None,66,1,5,False,1000,1000
9439,109,weighted,10,0.7953821656050956,0,26,None,66,1,5,False,1000,1000
9440,105,weighted,10,0.7382563694267515,0,24,None,66,1,5,False,1000,1000
9441,106,weighted,10,0.740843949044586,0,24,None,66,1,5,False,1000,1000
9442,107,weighted,10,0.7430334394904459,0,24,None,66,1,5,False,1000,1000
9443,108,weighted,10,0.7447253184713376,0,24,None,66,1,5,False,1000,1000
9444,109,weighted,10,0.7467157643312102,0,24,None,66,1,5,False,1000,1000
9445,105,weighted,10,0.7123805732484076,0,29,None,66,1,5,False,1000,1000
9446,106,weighted,10,0.7213375796178344,0,29,None,66,1,5,False,1000,1000
9447,107,weighted,10,0.7268113057324841,0,29,None,66,1,5,False,1000,1000
9448,108,weighted,10,0.7330812101910829,0,29,None,66,1,5,False,1000,1000
9449,109,weighted,10,0.7376592356687898,0,29,None,66,1,5,False,1000,1000
9450,105,weighted,10,0.7815485668789809,0,30,None,66,1,5,False,1000,1000
9451,106,weighted,10,0.7794585987261147,0,30,None,66,1,5,False,1000,1000
9452,107,weighted,10,0.7795581210191083,0,30,None,66,1,5,False,1000,1000
9453,108,weighted,10,0.7784633757961783,0,30,None,66,1,5,False,1000,1000
9454,109,weighted,10,0.7789609872611465,0,30,None,66,1,5,False,1000,1000
9455,105,weighted,10,0.7704020700636943,0,31,None,66,1,5,False,1000,1000
9456,106,weighted,10,0.7715963375796179,0,31,None,66,1,5,False,1000,1000
9457,107,weighted,10,0.7723925159235668,0,31,None,66,1,5,False,1000,1000
9458,108,weighted,10,0.7724920382165605,0,31,None,66,1,5,False,1000,1000
9459,109,weighted,10,0.7731886942675159,0,31,None,66,1,5,False,1000,1000
9460,105,weighted,10,0.7368630573248408,0,27,None,66,1,5,False,1000,1000
9461,106,weighted,10,0.7360668789808917,0,27,None,66,1,5,False,1000,1000
9462,107,weighted,10,0.7359673566878981,0,27,None,66,1,5,False,1000,1000
9463,108,weighted,10,0.7367635350318471,0,27,None,66,1,5,False,1000,1000
9464,109,weighted,10,0.7366640127388535,0,27,None,66,1,5,False,1000,1000
9465,105,weighted,10,0.7767714968152867,0,32,None,66,1,5,False,1000,1000
9466,106,weighted,10,0.7762738853503185,0,32,None,66,1,5,False,1000,1000
9467,107,weighted,10,0.7758757961783439,0,32,None,66,1,5,False,1000,1000
9468,108,weighted,10,0.775577229299363,0,32,None,66,1,5,False,1000,1000
9469,109,weighted,10,0.7749800955414012,0,32,None,66,1,5,False,1000,1000
9470,105,weighted,10,0.794984076433121,0,2,None,66,1,5,False,1000,1000
9471,106,weighted,10,0.793093152866242,0,2,None,66,1,5,False,1000,1000
9472,107,weighted,10,0.7890127388535032,0,2,None,66,1,5,False,1000,1000
9473,108,weighted,10,0.7848328025477707,0,2,None,66,1,5,False,1000,1000
9474,109,weighted,10,0.7808519108280255,0,2,None,66,1,5,False,1000,1000
9475,105,weighted,10,0.801453025477707,0,0,None,66,1,5,False,1000,1000
9476,106,weighted,10,0.8019506369426752,0,0,None,66,1,5,False,1000,1000
9477,107,weighted,10,0.801453025477707,0,0,None,66,1,5,False,1000,1000
9478,108,weighted,10,0.802547770700637,0,0,None,66,1,5,False,1000,1000
9479,109,weighted,10,0.8030453821656051,0,0,None,66,1,5,False,1000,1000
9480,105,weighted,10,0.6075835987261147,0,3,None,66,1,5,False,1000,1000
9481,106,weighted,10,0.6155453821656051,0,3,None,66,1,5,False,1000,1000
9482,107,weighted,10,0.6163415605095541,0,3,None,66,1,5,False,1000,1000
9483,108,weighted,10,0.6129578025477707,0,3,None,66,1,5,False,1000,1000
9484,109,weighted,10,0.6096735668789809,0,3,None,66,1,5,False,1000,1000
9485,105,weighted,10,0.8020501592356688,0,5,None,66,1,5,False,1000,1000
9486,106,weighted,10,0.8019506369426752,0,5,None,66,1,5,False,1000,1000
9487,107,weighted,10,0.801453025477707,0,5,None,66,1,5,False,1000,1000
9488,108,weighted,10,0.8008558917197452,0,5,None,66,1,5,False,1000,1000
9489,109,weighted,10,0.8011544585987261,0,5,None,66,1,5,False,1000,1000
9490,105,weighted,10,0.7862261146496815,0,4,None,66,1,5,False,1000,1000
9491,106,weighted,10,0.7875199044585988,0,4,None,66,1,5,False,1000,1000
9492,107,weighted,10,0.7867237261146497,0,4,None,66,1,5,False,1000,1000
9493,108,weighted,10,0.786922770700637,0,4,None,66,1,5,False,1000,1000
9494,109,weighted,10,0.7864251592356688,0,4,None,66,1,5,False,1000,1000
9495,105,weighted,10,0.7708001592356688,0,10,None,66,1,5,False,1000,1000
9496,106,weighted,10,0.7711982484076433,0,10,None,66,1,5,False,1000,1000
9497,107,weighted,10,0.7713972929936306,0,10,None,66,1,5,False,1000,1000
9498,108,weighted,10,0.7719944267515924,0,10,None,66,1,5,False,1000,1000
9499,109,weighted,10,0.7713972929936306,0,10,None,66,1,5,False,1000,1000
9500,105,weighted,10,0.6468949044585988,0,11,None,66,1,5,False,1000,1000
9501,106,weighted,10,0.6442078025477707,0,11,None,66,1,5,False,1000,1000
9502,107,weighted,10,0.6403264331210191,0,11,None,66,1,5,False,1000,1000
9503,108,weighted,10,0.637937898089172,0,11,None,66,1,5,False,1000,1000
9504,109,weighted,10,0.6353503184713376,0,11,None,66,1,5,False,1000,1000
9505,105,weighted,10,0.8070262738853503,0,12,None,66,1,5,False,1000,1000
9506,106,weighted,10,0.8074243630573248,0,12,None,66,1,5,False,1000,1000
9507,107,weighted,10,0.8082205414012739,0,12,None,66,1,5,False,1000,1000
9508,108,weighted,10,0.8082205414012739,0,12,None,66,1,5,False,1000,1000
9509,109,weighted,10,0.8082205414012739,0,12,None,66,1,5,False,1000,1000
9510,105,weighted,10,0.7730891719745223,0,15,None,66,1,5,False,1000,1000
9511,106,weighted,10,0.7765724522292994,0,15,None,66,1,5,False,1000,1000
9512,107,weighted,10,0.7777667197452229,0,15,None,66,1,5,False,1000,1000
9513,108,weighted,10,0.7796576433121019,0,15,None,66,1,5,False,1000,1000
9514,109,weighted,10,0.7799562101910829,0,15,None,66,1,5,False,1000,1000
9515,105,weighted,10,0.7650278662420382,0,17,None,66,1,5,False,1000,1000
9516,106,weighted,10,0.76453025477707,0,17,None,66,1,5,False,1000,1000
9517,107,weighted,10,0.7643312101910829,0,17,None,66,1,5,False,1000,1000
9518,108,weighted,10,0.7647292993630573,0,17,None,66,1,5,False,1000,1000
9519,109,weighted,10,0.7650278662420382,0,17,None,66,1,5,False,1000,1000
9520,105,weighted,10,0.7708001592356688,0,20,None,66,1,5,False,1000,1000
9521,106,weighted,10,0.7761743630573248,0,20,None,66,1,5,False,1000,1000
9522,107,weighted,10,0.7749800955414012,0,20,None,66,1,5,False,1000,1000
9523,108,weighted,10,0.7734872611464968,0,20,None,66,1,5,False,1000,1000
9524,109,weighted,10,0.7689092356687898,0,20,None,66,1,5,False,1000,1000
9525,105,weighted,10,0.7622412420382165,0,18,None,66,1,5,False,1000,1000
9526,106,weighted,10,0.7630374203821656,0,18,None,66,1,5,False,1000,1000
9527,107,weighted,10,0.7627388535031847,0,18,None,66,1,5,False,1000,1000
9528,108,weighted,10,0.7620421974522293,0,18,None,66,1,5,False,1000,1000
9529,109,weighted,10,0.7619426751592356,0,18,None,66,1,5,False,1000,1000
9530,105,weighted,10,0.7318869426751592,0,28,None,66,1,5,False,1000,1000
9531,106,weighted,10,0.7379578025477707,0,28,None,66,1,5,False,1000,1000
9532,107,weighted,10,0.7432324840764332,0,28,None,66,1,5,False,1000,1000
9533,108,weighted,10,0.7472133757961783,0,28,None,66,1,5,False,1000,1000
9534,109,weighted,10,0.7524880573248408,0,28,None,66,1,5,False,1000,1000
9535,105,weighted,10,0.8225517515923567,0,9,None,66,1,5,False,1000,1000
9536,106,weighted,10,0.8234474522292994,0,9,None,66,1,5,False,1000,1000
9537,107,weighted,10,0.8233479299363057,0,9,None,66,1,5,False,1000,1000
9538,108,weighted,10,0.8236464968152867,0,9,None,66,1,5,False,1000,1000
9539,109,weighted,10,0.8240445859872612,0,9,None,66,1,5,False,1000,1000
9540,105,weighted,10,0.7977707006369427,0,6,None,66,1,5,False,1000,1000
9541,106,weighted,10,0.7980692675159236,0,6,None,66,1,5,False,1000,1000
9542,107,weighted,10,0.7986664012738853,0,6,None,66,1,5,False,1000,1000
9543,108,weighted,10,0.7990644904458599,0,6,None,66,1,5,False,1000,1000
9544,109,weighted,10,0.7992635350318471,0,6,None,66,1,5,False,1000,1000
9545,105,weighted,10,0.8064291401273885,0,22,None,66,1,5,False,1000,1000
9546,106,weighted,10,0.806827229299363,0,22,None,66,1,5,False,1000,1000
9547,107,weighted,10,0.8061305732484076,0,22,None,66,1,5,False,1000,1000
9548,108,weighted,10,0.8059315286624203,0,22,None,66,1,5,False,1000,1000
9549,109,weighted,10,0.8058320063694268,0,22,None,66,1,5,False,1000,1000
9550,105,weighted,10,0.828125,0,14,None,66,1,5,False,1000,1000
9551,106,weighted,10,0.8278264331210191,0,14,None,66,1,5,False,1000,1000
9552,107,weighted,10,0.8276273885350318,0,14,None,66,1,5,False,1000,1000
9553,108,weighted,10,0.8263335987261147,0,14,None,66,1,5,False,1000,1000
9554,109,weighted,10,0.8263335987261147,0,14,None,66,1,5,False,1000,1000
9555,105,weighted,10,0.7708996815286624,0,7,None,66,1,5,False,1000,1000
9556,106,weighted,10,0.7703025477707006,0,7,None,66,1,5,False,1000,1000
9557,107,weighted,10,0.7701035031847133,0,7,None,66,1,5,False,1000,1000
9558,108,weighted,10,0.7704020700636943,0,7,None,66,1,5,False,1000,1000
9559,109,weighted,10,0.7706011146496815,0,7,None,66,1,5,False,1000,1000
9560,105,weighted,10,0.7608479299363057,0,8,None,66,1,5,False,1000,1000
9561,106,weighted,10,0.7620421974522293,0,8,None,66,1,5,False,1000,1000
9562,107,weighted,10,0.7640326433121019,0,8,None,66,1,5,False,1000,1000
9563,108,weighted,10,0.7648288216560509,0,8,None,66,1,5,False,1000,1000
9564,109,weighted,10,0.7652269108280255,0,8,None,66,1,5,False,1000,1000
9565,105,weighted,10,0.7878184713375797,0,16,None,66,1,5,False,1000,1000
9566,106,weighted,10,0.7892117834394905,0,16,None,66,1,5,False,1000,1000
9567,107,weighted,10,0.7907046178343949,0,16,None,66,1,5,False,1000,1000
9568,108,weighted,10,0.7920979299363057,0,16,None,66,1,5,False,1000,1000
9569,109,weighted,10,0.7928941082802548,0,16,None,66,1,5,False,1000,1000
9570,110,weighted,10,0.7862261146496815,0,30,None,66,1,5,False,1000,1000
9571,111,weighted,10,0.785031847133758,0,30,None,66,1,5,False,1000,1000
9572,112,weighted,10,0.7847332802547771,0,30,None,66,1,5,False,1000,1000
9573,113,weighted,10,0.7842356687898089,0,30,None,66,1,5,False,1000,1000
9574,114,weighted,10,0.7854299363057324,0,30,None,66,1,5,False,1000,1000
9575,110,weighted,10,0.8085191082802548,0,22,None,66,1,5,False,1000,1000
9576,111,weighted,10,0.807921974522293,0,22,None,66,1,5,False,1000,1000
9577,112,weighted,10,0.8076234076433121,0,22,None,66,1,5,False,1000,1000
9578,113,weighted,10,0.8086186305732485,0,22,None,66,1,5,False,1000,1000
9579,114,weighted,10,0.8082205414012739,0,22,None,66,1,5,False,1000,1000
9580,110,weighted,10,0.8134952229299363,0,25,None,66,1,5,False,1000,1000
9581,111,weighted,10,0.8213574840764332,0,25,None,66,1,5,False,1000,1000
9582,112,weighted,10,0.8233479299363057,0,25,None,66,1,5,False,1000,1000
9583,113,weighted,10,0.8256369426751592,0,25,None,66,1,5,False,1000,1000
9584,114,weighted,10,0.8265326433121019,0,25,None,66,1,5,False,1000,1000
9585,110,weighted,10,0.8285230891719745,0,14,None,66,1,5,False,1000,1000
9586,111,weighted,10,0.8288216560509554,0,14,None,66,1,5,False,1000,1000
9587,112,weighted,10,0.8277269108280255,0,14,None,66,1,5,False,1000,1000
9588,113,weighted,10,0.8279259554140127,0,14,None,66,1,5,False,1000,1000
9589,114,weighted,10,0.8279259554140127,0,14,None,66,1,5,False,1000,1000
9590,110,weighted,10,0.771297770700637,0,10,None,66,1,5,False,1000,1000
9591,111,weighted,10,0.7721934713375797,0,10,None,66,1,5,False,1000,1000
9592,112,weighted,10,0.7722929936305732,0,10,None,66,1,5,False,1000,1000
9593,113,weighted,10,0.7722929936305732,0,10,None,66,1,5,False,1000,1000
9594,114,weighted,10,0.7725915605095541,0,10,None,66,1,5,False,1000,1000
9595,110,weighted,10,0.6503781847133758,0,11,None,66,1,5,False,1000,1000
9596,111,weighted,10,0.647093949044586,0,11,None,66,1,5,False,1000,1000
9597,112,weighted,10,0.6416202229299363,0,11,None,66,1,5,False,1000,1000
9598,113,weighted,10,0.6370421974522293,0,11,None,66,1,5,False,1000,1000
9599,114,weighted,10,0.6336584394904459,0,11,None,66,1,5,False,1000,1000
9600,110,weighted,10,0.773984872611465,0,15,None,66,1,5,False,1000,1000
9601,111,weighted,10,0.7763734076433121,0,15,None,66,1,5,False,1000,1000
9602,112,weighted,10,0.7780652866242038,0,15,None,66,1,5,False,1000,1000
9603,113,weighted,10,0.7789609872611465,0,15,None,66,1,5,False,1000,1000
9604,114,weighted,10,0.7806528662420382,0,15,None,66,1,5,False,1000,1000
9605,110,weighted,10,0.7718949044585988,0,17,None,66,1,5,False,1000,1000
9606,111,weighted,10,0.7725915605095541,0,17,None,66,1,5,False,1000,1000
9607,112,weighted,10,0.7716958598726115,0,17,None,66,1,5,False,1000,1000
9608,113,weighted,10,0.7714968152866242,0,17,None,66,1,5,False,1000,1000
9609,114,weighted,10,0.7716958598726115,0,17,None,66,1,5,False,1000,1000
9610,110,weighted,10,0.7769705414012739,0,20,None,66,1,5,False,1000,1000
9611,111,weighted,10,0.7833399681528662,0,20,None,66,1,5,False,1000,1000
9612,112,weighted,10,0.7829418789808917,0,20,None,66,1,5,False,1000,1000
9613,113,weighted,10,0.7792595541401274,0,20,None,66,1,5,False,1000,1000
9614,114,weighted,10,0.776671974522293,0,20,None,66,1,5,False,1000,1000
9615,110,weighted,10,0.7780652866242038,0,32,None,66,1,5,False,1000,1000
9616,111,weighted,10,0.7770700636942676,0,32,None,66,1,5,False,1000,1000
9617,112,weighted,10,0.7762738853503185,0,32,None,66,1,5,False,1000,1000
9618,113,weighted,10,0.7758757961783439,0,32,None,66,1,5,False,1000,1000
9619,114,weighted,10,0.7761743630573248,0,32,None,66,1,5,False,1000,1000
9620,110,weighted,10,0.7769705414012739,0,7,None,66,1,5,False,1000,1000
9621,111,weighted,10,0.7769705414012739,0,7,None,66,1,5,False,1000,1000
9622,112,weighted,10,0.7773686305732485,0,7,None,66,1,5,False,1000,1000
9623,113,weighted,10,0.778562898089172,0,7,None,66,1,5,False,1000,1000
9624,114,weighted,10,0.7794585987261147,0,7,None,66,1,5,False,1000,1000
9625,110,weighted,10,0.7932921974522293,0,16,None,66,1,5,False,1000,1000
9626,111,weighted,10,0.7945859872611465,0,16,None,66,1,5,False,1000,1000
9627,112,weighted,10,0.7954816878980892,0,16,None,66,1,5,False,1000,1000
9628,113,weighted,10,0.7960788216560509,0,16,None,66,1,5,False,1000,1000
9629,114,weighted,10,0.7964769108280255,0,16,None,66,1,5,False,1000,1000
9630,110,weighted,10,0.7742834394904459,0,31,None,66,1,5,False,1000,1000
9631,111,weighted,10,0.7756767515923567,0,31,None,66,1,5,False,1000,1000
9632,112,weighted,10,0.7767714968152867,0,31,None,66,1,5,False,1000,1000
9633,113,weighted,10,0.7778662420382165,0,31,None,66,1,5,False,1000,1000
9634,114,weighted,10,0.7782643312101911,0,31,None,66,1,5,False,1000,1000
9635,110,weighted,10,0.7727906050955414,0,18,None,66,1,5,False,1000,1000
9636,111,weighted,10,0.7721934713375797,0,18,None,66,1,5,False,1000,1000
9637,112,weighted,10,0.771297770700637,0,18,None,66,1,5,False,1000,1000
9638,113,weighted,10,0.7706011146496815,0,18,None,66,1,5,False,1000,1000
9639,114,weighted,10,0.7705015923566879,0,18,None,66,1,5,False,1000,1000
9640,110,weighted,10,0.7853304140127388,0,19,None,66,1,5,False,1000,1000
9641,111,weighted,10,0.785828025477707,0,19,None,66,1,5,False,1000,1000
9642,112,weighted,10,0.7862261146496815,0,19,None,66,1,5,False,1000,1000
9643,113,weighted,10,0.7860270700636943,0,19,None,66,1,5,False,1000,1000
9644,114,weighted,10,0.7860270700636943,0,19,None,66,1,5,False,1000,1000
9645,110,weighted,10,0.75,0,24,None,66,1,5,False,1000,1000
9646,111,weighted,10,0.7516918789808917,0,24,None,66,1,5,False,1000,1000
9647,112,weighted,10,0.7534832802547771,0,24,None,66,1,5,False,1000,1000
9648,113,weighted,10,0.7557722929936306,0,24,None,66,1,5,False,1000,1000
9649,114,weighted,10,0.7579617834394905,0,24,None,66,1,5,False,1000,1000
9650,110,weighted,10,0.8102109872611465,0,12,None,66,1,5,False,1000,1000
9651,111,weighted,10,0.8094148089171974,0,12,None,66,1,5,False,1000,1000
9652,112,weighted,10,0.8096138535031847,0,12,None,66,1,5,False,1000,1000
9653,113,weighted,10,0.8096138535031847,0,12,None,66,1,5,False,1000,1000
9654,114,weighted,10,0.8101114649681529,0,12,None,66,1,5,False,1000,1000
9655,110,weighted,10,0.8026472929936306,0,6,None,66,1,5,False,1000,1000
9656,111,weighted,10,0.8030453821656051,0,6,None,66,1,5,False,1000,1000
9657,112,weighted,10,0.8031449044585988,0,6,None,66,1,5,False,1000,1000
9658,113,weighted,10,0.8036425159235668,0,6,None,66,1,5,False,1000,1000
9659,114,weighted,10,0.8035429936305732,0,6,None,66,1,5,False,1000,1000
9660,110,weighted,10,0.7959792993630573,0,26,None,66,1,5,False,1000,1000
9661,111,weighted,10,0.7973726114649682,0,26,None,66,1,5,False,1000,1000
9662,112,weighted,10,0.79796974522293,0,26,None,66,1,5,False,1000,1000
9663,113,weighted,10,0.7984673566878981,0,26,None,66,1,5,False,1000,1000
9664,114,weighted,10,0.799562101910828,0,26,None,66,1,5,False,1000,1000
9665,110,weighted,10,0.7937898089171974,0,1,None,66,1,5,False,1000,1000
9666,111,weighted,10,0.7936902866242038,0,1,None,66,1,5,False,1000,1000
9667,112,weighted,10,0.7935907643312102,0,1,None,66,1,5,False,1000,1000
9668,113,weighted,10,0.7937898089171974,0,1,None,66,1,5,False,1000,1000
9669,114,weighted,10,0.7944864649681529,0,1,None,66,1,5,False,1000,1000
9670,110,weighted,10,0.7962778662420382,0,2,None,66,1,5,False,1000,1000
9671,111,weighted,10,0.7963773885350318,0,2,None,66,1,5,False,1000,1000
9672,112,weighted,10,0.7908041401273885,0,2,None,66,1,5,False,1000,1000
9673,113,weighted,10,0.7865246815286624,0,2,None,66,1,5,False,1000,1000
9674,114,weighted,10,0.7826433121019108,0,2,None,66,1,5,False,1000,1000
9675,110,weighted,10,0.8035429936305732,0,5,None,66,1,5,False,1000,1000
9676,111,weighted,10,0.803343949044586,0,5,None,66,1,5,False,1000,1000
9677,112,weighted,10,0.8035429936305732,0,5,None,66,1,5,False,1000,1000
9678,113,weighted,10,0.803343949044586,0,5,None,66,1,5,False,1000,1000
9679,114,weighted,10,0.8038415605095541,0,5,None,66,1,5,False,1000,1000
9680,110,weighted,10,0.6051950636942676,0,3,None,66,1,5,False,1000,1000
9681,111,weighted,10,0.6173367834394905,0,3,None,66,1,5,False,1000,1000
9682,112,weighted,10,0.6206210191082803,0,3,None,66,1,5,False,1000,1000
9683,113,weighted,10,0.6206210191082803,0,3,None,66,1,5,False,1000,1000
9684,114,weighted,10,0.6189291401273885,0,3,None,66,1,5,False,1000,1000
9685,110,weighted,10,0.7634355095541401,0,8,None,66,1,5,False,1000,1000
9686,111,weighted,10,0.7655254777070064,0,8,None,66,1,5,False,1000,1000
9687,112,weighted,10,0.7670183121019108,0,8,None,66,1,5,False,1000,1000
9688,113,weighted,10,0.7678144904458599,0,8,None,66,1,5,False,1000,1000
9689,114,weighted,10,0.7696058917197452,0,8,None,66,1,5,False,1000,1000
9690,110,weighted,10,0.8043391719745223,0,13,None,66,1,5,False,1000,1000
9691,111,weighted,10,0.8038415605095541,0,13,None,66,1,5,False,1000,1000
9692,112,weighted,10,0.8045382165605095,0,13,None,66,1,5,False,1000,1000
9693,113,weighted,10,0.8057324840764332,0,13,None,66,1,5,False,1000,1000
9694,114,weighted,10,0.8058320063694268,0,13,None,66,1,5,False,1000,1000
9695,110,weighted,10,0.8241441082802548,0,9,None,66,1,5,False,1000,1000
9696,111,weighted,10,0.8245421974522293,0,9,None,66,1,5,False,1000,1000
9697,112,weighted,10,0.8245421974522293,0,9,None,66,1,5,False,1000,1000
9698,113,weighted,10,0.8242436305732485,0,9,None,66,1,5,False,1000,1000
9699,114,weighted,10,0.8242436305732485,0,9,None,66,1,5,False,1000,1000
9700,110,weighted,10,0.7468152866242038,0,21,None,66,1,5,False,1000,1000
9701,111,weighted,10,0.7444267515923567,0,21,None,66,1,5,False,1000,1000
9702,112,weighted,10,0.7437300955414012,0,21,None,66,1,5,False,1000,1000
9703,113,weighted,10,0.7431329617834395,0,21,None,66,1,5,False,1000,1000
9704,114,weighted,10,0.743531050955414,0,21,None,66,1,5,False,1000,1000
9705,110,weighted,10,0.7409434713375797,0,27,None,66,1,5,False,1000,1000
9706,111,weighted,10,0.7418391719745223,0,27,None,66,1,5,False,1000,1000
9707,112,weighted,10,0.7413415605095541,0,27,None,66,1,5,False,1000,1000
9708,113,weighted,10,0.7410429936305732,0,27,None,66,1,5,False,1000,1000
9709,114,weighted,10,0.7415406050955414,0,27,None,66,1,5,False,1000,1000
9710,110,weighted,10,0.740047770700637,0,28,None,66,1,5,False,1000,1000
9711,111,weighted,10,0.7467157643312102,0,28,None,66,1,5,False,1000,1000
9712,112,weighted,10,0.7512937898089171,0,28,None,66,1,5,False,1000,1000
9713,113,weighted,10,0.7568670382165605,0,28,None,66,1,5,False,1000,1000
9714,114,weighted,10,0.7609474522292994,0,28,None,66,1,5,False,1000,1000
9715,110,weighted,10,0.7098925159235668,0,29,None,66,1,5,False,1000,1000
9716,111,weighted,10,0.7186504777070064,0,29,None,66,1,5,False,1000,1000
9717,112,weighted,10,0.7263136942675159,0,29,None,66,1,5,False,1000,1000
9718,113,weighted,10,0.7317874203821656,0,29,None,66,1,5,False,1000,1000
9719,114,weighted,10,0.7368630573248408,0,29,None,66,1,5,False,1000,1000
9720,110,weighted,10,0.7909036624203821,0,4,None,66,1,5,False,1000,1000
9721,111,weighted,10,0.7916003184713376,0,4,None,66,1,5,False,1000,1000
9722,112,weighted,10,0.7913017515923567,0,4,None,66,1,5,False,1000,1000
9723,113,weighted,10,0.7918988853503185,0,4,None,66,1,5,False,1000,1000
9724,114,weighted,10,0.7921974522292994,0,4,None,66,1,5,False,1000,1000
9725,110,weighted,10,0.8058320063694268,0,0,None,66,1,5,False,1000,1000
9726,111,weighted,10,0.8062300955414012,0,0,None,66,1,5,False,1000,1000
9727,112,weighted,10,0.8067277070063694,0,0,None,66,1,5,False,1000,1000
9728,113,weighted,10,0.8059315286624203,0,0,None,66,1,5,False,1000,1000
9729,114,weighted,10,0.8067277070063694,0,0,None,66,1,5,False,1000,1000
9730,110,weighted,10,0.7981687898089171,0,23,None,66,1,5,False,1000,1000
9731,111,weighted,10,0.7980692675159236,0,23,None,66,1,5,False,1000,1000
9732,112,weighted,10,0.7992635350318471,0,23,None,66,1,5,False,1000,1000
9733,113,weighted,10,0.7998606687898089,0,23,None,66,1,5,False,1000,1000
9734,114,weighted,10,0.8000597133757962,0,23,None,66,1,5,False,1000,1000
9735,115,weighted,10,0.7528861464968153,0,21,None,66,1,5,False,1000,1000
9736,116,weighted,10,0.7506966560509554,0,21,None,66,1,5,False,1000,1000
9737,117,weighted,10,0.7498009554140127,0,21,None,66,1,5,False,1000,1000
9738,118,weighted,10,0.7495023885350318,0,21,None,66,1,5,False,1000,1000
9739,119,weighted,10,0.7498009554140127,0,21,None,66,1,5,False,1000,1000
9740,115,weighted,10,0.7632364649681529,0,24,None,66,1,5,False,1000,1000
9741,116,weighted,10,0.7633359872611465,0,24,None,66,1,5,False,1000,1000
9742,117,weighted,10,0.76453025477707,0,24,None,66,1,5,False,1000,1000
9743,118,weighted,10,0.7660230891719745,0,24,None,66,1,5,False,1000,1000
9744,119,weighted,10,0.7668192675159236,0,24,None,66,1,5,False,1000,1000
9745,115,weighted,10,0.7808519108280255,0,31,None,66,1,5,False,1000,1000
9746,116,weighted,10,0.7821457006369427,0,31,None,66,1,5,False,1000,1000
9747,117,weighted,10,0.7836385350318471,0,31,None,66,1,5,False,1000,1000
9748,118,weighted,10,0.7844347133757962,0,31,None,66,1,5,False,1000,1000
9749,119,weighted,10,0.7856289808917197,0,31,None,66,1,5,False,1000,1000
9750,115,weighted,10,0.7439291401273885,0,27,None,66,1,5,False,1000,1000
9751,116,weighted,10,0.7436305732484076,0,27,None,66,1,5,False,1000,1000
9752,117,weighted,10,0.7438296178343949,0,27,None,66,1,5,False,1000,1000
9753,118,weighted,10,0.7438296178343949,0,27,None,66,1,5,False,1000,1000
9754,119,weighted,10,0.7439291401273885,0,27,None,66,1,5,False,1000,1000
9755,115,weighted,10,0.7751791401273885,0,17,None,66,1,5,False,1000,1000
9756,116,weighted,10,0.7763734076433121,0,17,None,66,1,5,False,1000,1000
9757,117,weighted,10,0.7760748407643312,0,17,None,66,1,5,False,1000,1000
9758,118,weighted,10,0.7756767515923567,0,17,None,66,1,5,False,1000,1000
9759,119,weighted,10,0.7763734076433121,0,17,None,66,1,5,False,1000,1000
9760,115,weighted,10,0.7476114649681529,0,28,None,66,1,5,False,1000,1000
9761,116,weighted,10,0.7533837579617835,0,28,None,66,1,5,False,1000,1000
9762,117,weighted,10,0.7588574840764332,0,28,None,66,1,5,False,1000,1000
9763,118,weighted,10,0.762937898089172,0,28,None,66,1,5,False,1000,1000
9764,119,weighted,10,0.7676154458598726,0,28,None,66,1,5,False,1000,1000
9765,115,weighted,10,0.8134952229299363,0,25,None,66,1,5,False,1000,1000
9766,116,weighted,10,0.8210589171974523,0,25,None,66,1,5,False,1000,1000
9767,117,weighted,10,0.8250398089171974,0,25,None,66,1,5,False,1000,1000
9768,118,weighted,10,0.8269307324840764,0,25,None,66,1,5,False,1000,1000
9769,119,weighted,10,0.828125,0,25,None,66,1,5,False,1000,1000
9770,115,weighted,10,0.8245421974522293,0,9,None,66,1,5,False,1000,1000
9771,116,weighted,10,0.8248407643312102,0,9,None,66,1,5,False,1000,1000
9772,117,weighted,10,0.8246417197452229,0,9,None,66,1,5,False,1000,1000
9773,118,weighted,10,0.8246417197452229,0,9,None,66,1,5,False,1000,1000
9774,119,weighted,10,0.8249402866242038,0,9,None,66,1,5,False,1000,1000
9775,115,weighted,10,0.7128781847133758,0,29,None,66,1,5,False,1000,1000
9776,116,weighted,10,0.721437101910828,0,29,None,66,1,5,False,1000,1000
9777,117,weighted,10,0.7272093949044586,0,29,None,66,1,5,False,1000,1000
9778,118,weighted,10,0.7333797770700637,0,29,None,66,1,5,False,1000,1000
9779,119,weighted,10,0.7382563694267515,0,29,None,66,1,5,False,1000,1000
9780,115,weighted,10,0.8027468152866242,0,26,None,66,1,5,False,1000,1000
9781,116,weighted,10,0.8029458598726115,0,26,None,66,1,5,False,1000,1000
9782,117,weighted,10,0.8031449044585988,0,26,None,66,1,5,False,1000,1000
9783,118,weighted,10,0.8038415605095541,0,26,None,66,1,5,False,1000,1000
9784,119,weighted,10,0.8034434713375797,0,26,None,66,1,5,False,1000,1000
9785,115,weighted,10,0.7909036624203821,0,30,None,66,1,5,False,1000,1000
9786,116,weighted,10,0.7888136942675159,0,30,None,66,1,5,False,1000,1000
9787,117,weighted,10,0.7884156050955414,0,30,None,66,1,5,False,1000,1000
9788,118,weighted,10,0.7899084394904459,0,30,None,66,1,5,False,1000,1000
9789,119,weighted,10,0.7899084394904459,0,30,None,66,1,5,False,1000,1000
9790,115,weighted,10,0.7983678343949044,0,16,None,66,1,5,False,1000,1000
9791,116,weighted,10,0.7986664012738853,0,16,None,66,1,5,False,1000,1000
9792,117,weighted,10,0.7984673566878981,0,16,None,66,1,5,False,1000,1000
9793,118,weighted,10,0.798765923566879,0,16,None,66,1,5,False,1000,1000
9794,119,weighted,10,0.8003582802547771,0,16,None,66,1,5,False,1000,1000
9795,115,weighted,10,0.7674164012738853,0,8,None,66,1,5,False,1000,1000
9796,116,weighted,10,0.7689092356687898,0,8,None,66,1,5,False,1000,1000
9797,117,weighted,10,0.7708996815286624,0,8,None,66,1,5,False,1000,1000
9798,118,weighted,10,0.7709992038216561,0,8,None,66,1,5,False,1000,1000
9799,119,weighted,10,0.7713972929936306,0,8,None,66,1,5,False,1000,1000
9800,115,weighted,10,0.7887141719745223,0,19,None,66,1,5,False,1000,1000
9801,116,weighted,10,0.7894108280254777,0,19,None,66,1,5,False,1000,1000
9802,117,weighted,10,0.7892117834394905,0,19,None,66,1,5,False,1000,1000
9803,118,weighted,10,0.7898089171974523,0,19,None,66,1,5,False,1000,1000
9804,119,weighted,10,0.790406050955414,0,19,None,66,1,5,False,1000,1000
9805,115,weighted,10,0.7772691082802548,0,18,None,66,1,5,False,1000,1000
9806,116,weighted,10,0.7770700636942676,0,18,None,66,1,5,False,1000,1000
9807,117,weighted,10,0.7764729299363057,0,18,None,66,1,5,False,1000,1000
9808,118,weighted,10,0.7761743630573248,0,18,None,66,1,5,False,1000,1000
9809,119,weighted,10,0.7758757961783439,0,18,None,66,1,5,False,1000,1000
9810,115,weighted,10,0.8317078025477707,0,14,None,66,1,5,False,1000,1000
9811,116,weighted,10,0.8305135350318471,0,14,None,66,1,5,False,1000,1000
9812,117,weighted,10,0.8307125796178344,0,14,None,66,1,5,False,1000,1000
9813,118,weighted,10,0.830015923566879,0,14,None,66,1,5,False,1000,1000
9814,119,weighted,10,0.8295183121019108,0,14,None,66,1,5,False,1000,1000
9815,115,weighted,10,0.8091162420382165,0,22,None,66,1,5,False,1000,1000
9816,116,weighted,10,0.808718152866242,0,22,None,66,1,5,False,1000,1000
9817,117,weighted,10,0.8089171974522293,0,22,None,66,1,5,False,1000,1000
9818,118,weighted,10,0.809812898089172,0,22,None,66,1,5,False,1000,1000
9819,119,weighted,10,0.8103105095541401,0,22,None,66,1,5,False,1000,1000
9820,115,weighted,10,0.8024482484076433,0,23,None,66,1,5,False,1000,1000
9821,116,weighted,10,0.8029458598726115,0,23,None,66,1,5,False,1000,1000
9822,117,weighted,10,0.8029458598726115,0,23,None,66,1,5,False,1000,1000
9823,118,weighted,10,0.8037420382165605,0,23,None,66,1,5,False,1000,1000
9824,119,weighted,10,0.8037420382165605,0,23,None,66,1,5,False,1000,1000
9825,115,weighted,10,0.7813495222929936,0,32,None,66,1,5,False,1000,1000
9826,116,weighted,10,0.78125,0,32,None,66,1,5,False,1000,1000
9827,117,weighted,10,0.7809514331210191,0,32,None,66,1,5,False,1000,1000
9828,118,weighted,10,0.7813495222929936,0,32,None,66,1,5,False,1000,1000
9829,119,weighted,10,0.7807523885350318,0,32,None,66,1,5,False,1000,1000
9830,115,weighted,10,0.7837380573248408,0,7,None,66,1,5,False,1000,1000
9831,116,weighted,10,0.7836385350318471,0,7,None,66,1,5,False,1000,1000
9832,117,weighted,10,0.783937101910828,0,7,None,66,1,5,False,1000,1000
9833,118,weighted,10,0.7847332802547771,0,7,None,66,1,5,False,1000,1000
9834,119,weighted,10,0.7860270700636943,0,7,None,66,1,5,False,1000,1000
9835,115,weighted,10,0.7958797770700637,0,1,None,66,1,5,False,1000,1000
9836,116,weighted,10,0.7961783439490446,0,1,None,66,1,5,False,1000,1000
9837,117,weighted,10,0.7969745222929936,0,1,None,66,1,5,False,1000,1000
9838,118,weighted,10,0.7967754777070064,0,1,None,66,1,5,False,1000,1000
9839,119,weighted,10,0.7964769108280255,0,1,None,66,1,5,False,1000,1000
9840,115,weighted,10,0.7985668789808917,0,2,None,66,1,5,False,1000,1000
9841,116,weighted,10,0.7994625796178344,0,2,None,66,1,5,False,1000,1000
9842,117,weighted,10,0.7938893312101911,0,2,None,66,1,5,False,1000,1000
9843,118,weighted,10,0.7913017515923567,0,2,None,66,1,5,False,1000,1000
9844,119,weighted,10,0.7857285031847133,0,2,None,66,1,5,False,1000,1000
9845,115,weighted,10,0.8048367834394905,0,5,None,66,1,5,False,1000,1000
9846,116,weighted,10,0.8050358280254777,0,5,None,66,1,5,False,1000,1000
9847,117,weighted,10,0.8046377388535032,0,5,None,66,1,5,False,1000,1000
9848,118,weighted,10,0.8050358280254777,0,5,None,66,1,5,False,1000,1000
9849,119,weighted,10,0.8056329617834395,0,5,None,66,1,5,False,1000,1000
9850,115,weighted,10,0.8072253184713376,0,6,None,66,1,5,False,1000,1000
9851,116,weighted,10,0.8067277070063694,0,6,None,66,1,5,False,1000,1000
9852,117,weighted,10,0.8071257961783439,0,6,None,66,1,5,False,1000,1000
9853,118,weighted,10,0.8080214968152867,0,6,None,66,1,5,False,1000,1000
9854,119,weighted,10,0.8072253184713376,0,6,None,66,1,5,False,1000,1000
9855,115,weighted,10,0.8121019108280255,0,12,None,66,1,5,False,1000,1000
9856,116,weighted,10,0.8117038216560509,0,12,None,66,1,5,False,1000,1000
9857,117,weighted,10,0.8113057324840764,0,12,None,66,1,5,False,1000,1000
9858,118,weighted,10,0.8112062101910829,0,12,None,66,1,5,False,1000,1000
9859,119,weighted,10,0.8109076433121019,0,12,None,66,1,5,False,1000,1000
9860,115,weighted,10,0.8064291401273885,0,13,None,66,1,5,False,1000,1000
9861,116,weighted,10,0.8074243630573248,0,13,None,66,1,5,False,1000,1000
9862,117,weighted,10,0.8084195859872612,0,13,None,66,1,5,False,1000,1000
9863,118,weighted,10,0.8090167197452229,0,13,None,66,1,5,False,1000,1000
9864,119,weighted,10,0.8101114649681529,0,13,None,66,1,5,False,1000,1000
9865,115,weighted,10,0.8081210191082803,0,0,None,66,1,5,False,1000,1000
9866,116,weighted,10,0.8090167197452229,0,0,None,66,1,5,False,1000,1000
9867,117,weighted,10,0.8089171974522293,0,0,None,66,1,5,False,1000,1000
9868,118,weighted,10,0.8094148089171974,0,0,None,66,1,5,False,1000,1000
9869,119,weighted,10,0.8093152866242038,0,0,None,66,1,5,False,1000,1000
9870,115,weighted,10,0.7893113057324841,0,20,None,66,1,5,False,1000,1000
9871,116,weighted,10,0.7880175159235668,0,20,None,66,1,5,False,1000,1000
9872,117,weighted,10,0.7852308917197452,0,20,None,66,1,5,False,1000,1000
9873,118,weighted,10,0.7810509554140127,0,20,None,66,1,5,False,1000,1000
9874,119,weighted,10,0.7775676751592356,0,20,None,66,1,5,False,1000,1000
9875,115,weighted,10,0.7959792993630573,0,4,None,66,1,5,False,1000,1000
9876,116,weighted,10,0.7967754777070064,0,4,None,66,1,5,False,1000,1000
9877,117,weighted,10,0.7959792993630573,0,4,None,66,1,5,False,1000,1000
9878,118,weighted,10,0.7955812101910829,0,4,None,66,1,5,False,1000,1000
9879,119,weighted,10,0.7956807324840764,0,4,None,66,1,5,False,1000,1000
9880,115,weighted,10,0.5988256369426752,0,3,None,66,1,5,False,1000,1000
9881,116,weighted,10,0.6137539808917197,0,3,None,66,1,5,False,1000,1000
9882,117,weighted,10,0.6219148089171974,0,3,None,66,1,5,False,1000,1000
9883,118,weighted,10,0.6245023885350318,0,3,None,66,1,5,False,1000,1000
9884,119,weighted,10,0.6256966560509554,0,3,None,66,1,5,False,1000,1000
9885,115,weighted,10,0.7726910828025477,0,10,None,66,1,5,False,1000,1000
9886,116,weighted,10,0.7735867834394905,0,10,None,66,1,5,False,1000,1000
9887,117,weighted,10,0.7740843949044586,0,10,None,66,1,5,False,1000,1000
9888,118,weighted,10,0.7738853503184714,0,10,None,66,1,5,False,1000,1000
9889,119,weighted,10,0.773984872611465,0,10,None,66,1,5,False,1000,1000
9890,115,weighted,10,0.6789410828025477,0,11,None,66,1,5,False,1000,1000
9891,116,weighted,10,0.6763535031847133,0,11,None,66,1,5,False,1000,1000
9892,117,weighted,10,0.673765923566879,0,11,None,66,1,5,False,1000,1000
9893,118,weighted,10,0.6716759554140127,0,11,None,66,1,5,False,1000,1000
9894,119,weighted,10,0.6694864649681529,0,11,None,66,1,5,False,1000,1000
9895,115,weighted,10,0.774781050955414,0,15,None,66,1,5,False,1000,1000
9896,116,weighted,10,0.7772691082802548,0,15,None,66,1,5,False,1000,1000
9897,117,weighted,10,0.7790605095541401,0,15,None,66,1,5,False,1000,1000
9898,118,weighted,10,0.7815485668789809,0,15,None,66,1,5,False,1000,1000
9899,119,weighted,10,0.7822452229299363,0,15,None,66,1,5,False,1000,1000
9900,120,weighted,10,0.79578025477707,0,30,None,66,1,5,False,1000,1000
9901,121,weighted,10,0.7942874203821656,0,30,None,66,1,5,False,1000,1000
9902,122,weighted,10,0.7942874203821656,0,30,None,66,1,5,False,1000,1000
9903,123,weighted,10,0.7950835987261147,0,30,None,66,1,5,False,1000,1000
9904,124,weighted,10,0.7952826433121019,0,30,None,66,1,5,False,1000,1000
9905,120,weighted,10,0.7984673566878981,0,1,None,66,1,5,False,1000,1000
9906,121,weighted,10,0.79796974522293,0,1,None,66,1,5,False,1000,1000
9907,122,weighted,10,0.7988654458598726,0,1,None,66,1,5,False,1000,1000
9908,123,weighted,10,0.7980692675159236,0,1,None,66,1,5,False,1000,1000
9909,124,weighted,10,0.7989649681528662,0,1,None,66,1,5,False,1000,1000
9910,120,weighted,10,0.754578025477707,0,21,None,66,1,5,False,1000,1000
9911,121,weighted,10,0.7539808917197452,0,21,None,66,1,5,False,1000,1000
9912,122,weighted,10,0.7529856687898089,0,21,None,66,1,5,False,1000,1000
9913,123,weighted,10,0.7530851910828026,0,21,None,66,1,5,False,1000,1000
9914,124,weighted,10,0.7525875796178344,0,21,None,66,1,5,False,1000,1000
9915,120,weighted,10,0.7450238853503185,0,27,None,66,1,5,False,1000,1000
9916,121,weighted,10,0.7455214968152867,0,27,None,66,1,5,False,1000,1000
9917,122,weighted,10,0.7451234076433121,0,27,None,66,1,5,False,1000,1000
9918,123,weighted,10,0.7461186305732485,0,27,None,66,1,5,False,1000,1000
9919,124,weighted,10,0.7463176751592356,0,27,None,66,1,5,False,1000,1000
9920,120,weighted,10,0.8007563694267515,0,2,None,66,1,5,False,1000,1000
9921,121,weighted,10,0.8005573248407644,0,2,None,66,1,5,False,1000,1000
9922,122,weighted,10,0.7953821656050956,0,2,None,66,1,5,False,1000,1000
9923,123,weighted,10,0.7928941082802548,0,2,None,66,1,5,False,1000,1000
9924,124,weighted,10,0.7883160828025477,0,2,None,66,1,5,False,1000,1000
9925,120,weighted,10,0.792296974522293,0,20,None,66,1,5,False,1000,1000
9926,121,weighted,10,0.792296974522293,0,20,None,66,1,5,False,1000,1000
9927,122,weighted,10,0.7892117834394905,0,20,None,66,1,5,False,1000,1000
9928,123,weighted,10,0.785828025477707,0,20,None,66,1,5,False,1000,1000
9929,124,weighted,10,0.7819466560509554,0,20,None,66,1,5,False,1000,1000
9930,120,weighted,10,0.7974721337579618,0,4,None,66,1,5,False,1000,1000
9931,121,weighted,10,0.798765923566879,0,4,None,66,1,5,False,1000,1000
9932,122,weighted,10,0.7981687898089171,0,4,None,66,1,5,False,1000,1000
9933,123,weighted,10,0.7992635350318471,0,4,None,66,1,5,False,1000,1000
9934,124,weighted,10,0.7988654458598726,0,4,None,66,1,5,False,1000,1000
9935,120,weighted,10,0.8122014331210191,0,22,None,66,1,5,False,1000,1000
9936,121,weighted,10,0.8116042993630573,0,22,None,66,1,5,False,1000,1000
9937,122,weighted,10,0.8117038216560509,0,22,None,66,1,5,False,1000,1000
9938,123,weighted,10,0.8122014331210191,0,22,None,66,1,5,False,1000,1000
9939,124,weighted,10,0.8126990445859873,0,22,None,66,1,5,False,1000,1000
9940,120,weighted,10,0.8045382165605095,0,23,None,66,1,5,False,1000,1000
9941,121,weighted,10,0.8045382165605095,0,23,None,66,1,5,False,1000,1000
9942,122,weighted,10,0.8044386942675159,0,23,None,66,1,5,False,1000,1000
9943,123,weighted,10,0.8048367834394905,0,23,None,66,1,5,False,1000,1000
9944,124,weighted,10,0.8055334394904459,0,23,None,66,1,5,False,1000,1000
9945,120,weighted,10,0.8061305732484076,0,5,None,66,1,5,False,1000,1000
9946,121,weighted,10,0.8056329617834395,0,5,None,66,1,5,False,1000,1000
9947,122,weighted,10,0.806827229299363,0,5,None,66,1,5,False,1000,1000
9948,123,weighted,10,0.8076234076433121,0,5,None,66,1,5,False,1000,1000
9949,124,weighted,10,0.8076234076433121,0,5,None,66,1,5,False,1000,1000
9950,120,weighted,10,0.7916998407643312,0,7,None,66,1,5,False,1000,1000
9951,121,weighted,10,0.7916003184713376,0,7,None,66,1,5,False,1000,1000
9952,122,weighted,10,0.7920979299363057,0,7,None,66,1,5,False,1000,1000
9953,123,weighted,10,0.7921974522292994,0,7,None,66,1,5,False,1000,1000
9954,124,weighted,10,0.7928941082802548,0,7,None,66,1,5,False,1000,1000
9955,120,weighted,10,0.8007563694267515,0,16,None,66,1,5,False,1000,1000
9956,121,weighted,10,0.8017515923566879,0,16,None,66,1,5,False,1000,1000
9957,122,weighted,10,0.803343949044586,0,16,None,66,1,5,False,1000,1000
9958,123,weighted,10,0.8044386942675159,0,16,None,66,1,5,False,1000,1000
9959,124,weighted,10,0.8057324840764332,0,16,None,66,1,5,False,1000,1000
9960,120,weighted,10,0.7853304140127388,0,32,None,66,1,5,False,1000,1000
9961,121,weighted,10,0.7861265923566879,0,32,None,66,1,5,False,1000,1000
9962,122,weighted,10,0.7862261146496815,0,32,None,66,1,5,False,1000,1000
9963,123,weighted,10,0.7859275477707006,0,32,None,66,1,5,False,1000,1000
9964,124,weighted,10,0.7859275477707006,0,32,None,66,1,5,False,1000,1000
9965,120,weighted,10,0.8326035031847133,0,14,None,66,1,5,False,1000,1000
9966,121,weighted,10,0.830812101910828,0,14,None,66,1,5,False,1000,1000
9967,122,weighted,10,0.8305135350318471,0,14,None,66,1,5,False,1000,1000
9968,123,weighted,10,0.8305135350318471,0,14,None,66,1,5,False,1000,1000
9969,124,weighted,10,0.8299164012738853,0,14,None,66,1,5,False,1000,1000
9970,120,weighted,10,0.8256369426751592,0,9,None,66,1,5,False,1000,1000
9971,121,weighted,10,0.8246417197452229,0,9,None,66,1,5,False,1000,1000
9972,122,weighted,10,0.8249402866242038,0,9,None,66,1,5,False,1000,1000
9973,123,weighted,10,0.8253383757961783,0,9,None,66,1,5,False,1000,1000
9974,124,weighted,10,0.8256369426751592,0,9,None,66,1,5,False,1000,1000
9975,120,weighted,10,0.7118829617834395,0,29,None,66,1,5,False,1000,1000
9976,121,weighted,10,0.7210390127388535,0,29,None,66,1,5,False,1000,1000
9977,122,weighted,10,0.7286027070063694,0,29,None,66,1,5,False,1000,1000
9978,123,weighted,10,0.7331807324840764,0,29,None,66,1,5,False,1000,1000
9979,124,weighted,10,0.7390525477707006,0,29,None,66,1,5,False,1000,1000
9980,120,weighted,10,0.7789609872611465,0,15,None,66,1,5,False,1000,1000
9981,121,weighted,10,0.7811504777070064,0,15,None,66,1,5,False,1000,1000
9982,122,weighted,10,0.7824442675159236,0,15,None,66,1,5,False,1000,1000
9983,123,weighted,10,0.7840366242038217,0,15,None,66,1,5,False,1000,1000
9984,124,weighted,10,0.7862261146496815,0,15,None,66,1,5,False,1000,1000
9985,120,weighted,10,0.7750796178343949,0,10,None,66,1,5,False,1000,1000
9986,121,weighted,10,0.7759753184713376,0,10,None,66,1,5,False,1000,1000
9987,122,weighted,10,0.7760748407643312,0,10,None,66,1,5,False,1000,1000
9988,123,weighted,10,0.7762738853503185,0,10,None,66,1,5,False,1000,1000
9989,124,weighted,10,0.7764729299363057,0,10,None,66,1,5,False,1000,1000
9990,120,weighted,10,0.8125995222929936,0,12,None,66,1,5,False,1000,1000
9991,121,weighted,10,0.8128980891719745,0,12,None,66,1,5,False,1000,1000
9992,122,weighted,10,0.8129976114649682,0,12,None,66,1,5,False,1000,1000
9993,123,weighted,10,0.8131966560509554,0,12,None,66,1,5,False,1000,1000
9994,124,weighted,10,0.8136942675159236,0,12,None,66,1,5,False,1000,1000
9995,120,weighted,10,0.8085191082802548,0,6,None,66,1,5,False,1000,1000
9996,121,weighted,10,0.8102109872611465,0,6,None,66,1,5,False,1000,1000
9997,122,weighted,10,0.8108081210191083,0,6,None,66,1,5,False,1000,1000
9998,123,weighted,10,0.8105095541401274,0,6,None,66,1,5,False,1000,1000
9999,124,weighted,10,0.8112062101910829,0,6,None,66,1,5,False,1000,1000
10000,120,weighted,10,0.808718152866242,0,13,None,66,1,5,False,1000,1000
10001,121,weighted,10,0.810609076433121,0,13,None,66,1,5,False,1000,1000
10002,122,weighted,10,0.81140525477707,0,13,None,66,1,5,False,1000,1000
10003,123,weighted,10,0.8121019108280255,0,13,None,66,1,5,False,1000,1000
10004,124,weighted,10,0.8134952229299363,0,13,None,66,1,5,False,1000,1000
10005,120,weighted,10,0.81359474522293,0,25,None,66,1,5,False,1000,1000
10006,121,weighted,10,0.8211584394904459,0,25,None,66,1,5,False,1000,1000
10007,122,weighted,10,0.825437898089172,0,25,None,66,1,5,False,1000,1000
10008,123,weighted,10,0.8276273885350318,0,25,None,66,1,5,False,1000,1000
10009,124,weighted,10,0.8298168789808917,0,25,None,66,1,5,False,1000,1000
10010,120,weighted,10,0.8046377388535032,0,26,None,66,1,5,False,1000,1000
10011,121,weighted,10,0.8056329617834395,0,26,None,66,1,5,False,1000,1000
10012,122,weighted,10,0.8058320063694268,0,26,None,66,1,5,False,1000,1000
10013,123,weighted,10,0.8061305732484076,0,26,None,66,1,5,False,1000,1000
10014,124,weighted,10,0.8065286624203821,0,26,None,66,1,5,False,1000,1000
10015,120,weighted,10,0.6832205414012739,0,11,None,66,1,5,False,1000,1000
10016,121,weighted,10,0.6801353503184714,0,11,None,66,1,5,False,1000,1000
10017,122,weighted,10,0.6771496815286624,0,11,None,66,1,5,False,1000,1000
10018,123,weighted,10,0.6734673566878981,0,11,None,66,1,5,False,1000,1000
10019,124,weighted,10,0.6713773885350318,0,11,None,66,1,5,False,1000,1000
10020,120,weighted,10,0.7811504777070064,0,17,None,66,1,5,False,1000,1000
10021,121,weighted,10,0.7810509554140127,0,17,None,66,1,5,False,1000,1000
10022,122,weighted,10,0.7811504777070064,0,17,None,66,1,5,False,1000,1000
10023,123,weighted,10,0.7811504777070064,0,17,None,66,1,5,False,1000,1000
10024,124,weighted,10,0.7817476114649682,0,17,None,66,1,5,False,1000,1000
10025,120,weighted,10,0.7707006369426752,0,24,None,66,1,5,False,1000,1000
10026,121,weighted,10,0.7722929936305732,0,24,None,66,1,5,False,1000,1000
10027,122,weighted,10,0.7736863057324841,0,24,None,66,1,5,False,1000,1000
10028,123,weighted,10,0.7746815286624203,0,24,None,66,1,5,False,1000,1000
10029,124,weighted,10,0.7754777070063694,0,24,None,66,1,5,False,1000,1000
10030,120,weighted,10,0.7705015923566879,0,8,None,66,1,5,False,1000,1000
10031,121,weighted,10,0.771297770700637,0,8,None,66,1,5,False,1000,1000
10032,122,weighted,10,0.7715963375796179,0,8,None,66,1,5,False,1000,1000
10033,123,weighted,10,0.7725915605095541,0,8,None,66,1,5,False,1000,1000
10034,124,weighted,10,0.7731886942675159,0,8,None,66,1,5,False,1000,1000
10035,120,weighted,10,0.7808519108280255,0,18,None,66,1,5,False,1000,1000
10036,121,weighted,10,0.7808519108280255,0,18,None,66,1,5,False,1000,1000
10037,122,weighted,10,0.7807523885350318,0,18,None,66,1,5,False,1000,1000
10038,123,weighted,10,0.7805533439490446,0,18,None,66,1,5,False,1000,1000
10039,124,weighted,10,0.7802547770700637,0,18,None,66,1,5,False,1000,1000
10040,120,weighted,10,0.5984275477707006,0,3,None,66,1,5,False,1000,1000
10041,121,weighted,10,0.6154458598726115,0,3,None,66,1,5,False,1000,1000
10042,122,weighted,10,0.6241042993630573,0,3,None,66,1,5,False,1000,1000
10043,123,weighted,10,0.6279856687898089,0,3,None,66,1,5,False,1000,1000
10044,124,weighted,10,0.6307722929936306,0,3,None,66,1,5,False,1000,1000
10045,120,weighted,10,0.7926950636942676,0,19,None,66,1,5,False,1000,1000
10046,121,weighted,10,0.7928941082802548,0,19,None,66,1,5,False,1000,1000
10047,122,weighted,10,0.7925955414012739,0,19,None,66,1,5,False,1000,1000
10048,123,weighted,10,0.7926950636942676,0,19,None,66,1,5,False,1000,1000
10049,124,weighted,10,0.7932921974522293,0,19,None,66,1,5,False,1000,1000
10050,120,weighted,10,0.7881170382165605,0,31,None,66,1,5,False,1000,1000
10051,121,weighted,10,0.7887141719745223,0,31,None,66,1,5,False,1000,1000
10052,122,weighted,10,0.7895103503184714,0,31,None,66,1,5,False,1000,1000
10053,123,weighted,10,0.7903065286624203,0,31,None,66,1,5,False,1000,1000
10054,124,weighted,10,0.7910031847133758,0,31,None,66,1,5,False,1000,1000
10055,120,weighted,10,0.751890923566879,0,28,None,66,1,5,False,1000,1000
10056,121,weighted,10,0.7585589171974523,0,28,None,66,1,5,False,1000,1000
10057,122,weighted,10,0.7650278662420382,0,28,None,66,1,5,False,1000,1000
10058,123,weighted,10,0.7699044585987261,0,28,None,66,1,5,False,1000,1000
10059,124,weighted,10,0.7735867834394905,0,28,None,66,1,5,False,1000,1000
10060,120,weighted,10,0.8113057324840764,0,0,None,66,1,5,False,1000,1000
10061,121,weighted,10,0.8118033439490446,0,0,None,66,1,5,False,1000,1000
10062,122,weighted,10,0.8118033439490446,0,0,None,66,1,5,False,1000,1000
10063,123,weighted,10,0.8125,0,0,None,66,1,5,False,1000,1000
10064,124,weighted,10,0.8128980891719745,0,0,None,66,1,5,False,1000,1000
10065,125,weighted,10,0.783140923566879,0,18,None,66,1,5,False,1000,1000
10066,126,weighted,10,0.7832404458598726,0,18,None,66,1,5,False,1000,1000
10067,127,weighted,10,0.7832404458598726,0,18,None,66,1,5,False,1000,1000
10068,128,weighted,10,0.7833399681528662,0,18,None,66,1,5,False,1000,1000
10069,129,weighted,10,0.7830414012738853,0,18,None,66,1,5,False,1000,1000
10070,125,weighted,10,0.8013535031847133,0,2,None,66,1,5,False,1000,1000
10071,126,weighted,10,0.8020501592356688,0,2,None,66,1,5,False,1000,1000
10072,127,weighted,10,0.7965764331210191,0,2,None,66,1,5,False,1000,1000
10073,128,weighted,10,0.7948845541401274,0,2,None,66,1,5,False,1000,1000
10074,129,weighted,10,0.7913017515923567,0,2,None,66,1,5,False,1000,1000
10075,125,weighted,10,0.8083200636942676,0,5,None,66,1,5,False,1000,1000
10076,126,weighted,10,0.8093152866242038,0,5,None,66,1,5,False,1000,1000
10077,127,weighted,10,0.8097133757961783,0,5,None,66,1,5,False,1000,1000
10078,128,weighted,10,0.8100119426751592,0,5,None,66,1,5,False,1000,1000
10079,129,weighted,10,0.8100119426751592,0,5,None,66,1,5,False,1000,1000
10080,125,weighted,10,0.8137937898089171,0,22,None,66,1,5,False,1000,1000
10081,126,weighted,10,0.8132961783439491,0,22,None,66,1,5,False,1000,1000
10082,127,weighted,10,0.8134952229299363,0,22,None,66,1,5,False,1000,1000
10083,128,weighted,10,0.8137937898089171,0,22,None,66,1,5,False,1000,1000
10084,129,weighted,10,0.8139928343949044,0,22,None,66,1,5,False,1000,1000
10085,125,weighted,10,0.7738853503184714,0,8,None,66,1,5,False,1000,1000
10086,126,weighted,10,0.7745820063694268,0,8,None,66,1,5,False,1000,1000
10087,127,weighted,10,0.7757762738853503,0,8,None,66,1,5,False,1000,1000
10088,128,weighted,10,0.7760748407643312,0,8,None,66,1,5,False,1000,1000
10089,129,weighted,10,0.7768710191082803,0,8,None,66,1,5,False,1000,1000
10090,125,weighted,10,0.8054339171974523,0,16,None,66,1,5,False,1000,1000
10091,126,weighted,10,0.8064291401273885,0,16,None,66,1,5,False,1000,1000
10092,127,weighted,10,0.8075238853503185,0,16,None,66,1,5,False,1000,1000
10093,128,weighted,10,0.8084195859872612,0,16,None,66,1,5,False,1000,1000
10094,129,weighted,10,0.8092157643312102,0,16,None,66,1,5,False,1000,1000
10095,125,weighted,10,0.7983678343949044,0,7,None,66,1,5,False,1000,1000
10096,126,weighted,10,0.7990644904458599,0,7,None,66,1,5,False,1000,1000
10097,127,weighted,10,0.7988654458598726,0,7,None,66,1,5,False,1000,1000
10098,128,weighted,10,0.7994625796178344,0,7,None,66,1,5,False,1000,1000
10099,129,weighted,10,0.799562101910828,0,7,None,66,1,5,False,1000,1000
10100,125,weighted,10,0.7924960191082803,0,32,None,66,1,5,False,1000,1000
10101,126,weighted,10,0.7925955414012739,0,32,None,66,1,5,False,1000,1000
10102,127,weighted,10,0.7921974522292994,0,32,None,66,1,5,False,1000,1000
10103,128,weighted,10,0.7924960191082803,0,32,None,66,1,5,False,1000,1000
10104,129,weighted,10,0.792296974522293,0,32,None,66,1,5,False,1000,1000
10105,125,weighted,10,0.8341958598726115,0,14,None,66,1,5,False,1000,1000
10106,126,weighted,10,0.8329020700636943,0,14,None,66,1,5,False,1000,1000
10107,127,weighted,10,0.832703025477707,0,14,None,66,1,5,False,1000,1000
10108,128,weighted,10,0.8317078025477707,0,14,None,66,1,5,False,1000,1000
10109,129,weighted,10,0.831906847133758,0,14,None,66,1,5,False,1000,1000
10110,125,weighted,10,0.7859275477707006,0,15,None,66,1,5,False,1000,1000
10111,126,weighted,10,0.7882165605095541,0,15,None,66,1,5,False,1000,1000
10112,127,weighted,10,0.7894108280254777,0,15,None,66,1,5,False,1000,1000
10113,128,weighted,10,0.7919984076433121,0,15,None,66,1,5,False,1000,1000
10114,129,weighted,10,0.793093152866242,0,15,None,66,1,5,False,1000,1000
10115,125,weighted,10,0.7778662420382165,0,10,None,66,1,5,False,1000,1000
10116,126,weighted,10,0.7789609872611465,0,10,None,66,1,5,False,1000,1000
10117,127,weighted,10,0.7789609872611465,0,10,None,66,1,5,False,1000,1000
10118,128,weighted,10,0.7796576433121019,0,10,None,66,1,5,False,1000,1000
10119,129,weighted,10,0.7790605095541401,0,10,None,66,1,5,False,1000,1000
10120,125,weighted,10,0.8176751592356688,0,25,None,66,1,5,False,1000,1000
10121,126,weighted,10,0.8244426751592356,0,25,None,66,1,5,False,1000,1000
10122,127,weighted,10,0.8276273885350318,0,25,None,66,1,5,False,1000,1000
10123,128,weighted,10,0.8286226114649682,0,25,None,66,1,5,False,1000,1000
10124,129,weighted,10,0.830015923566879,0,25,None,66,1,5,False,1000,1000
10125,125,weighted,10,0.8123009554140127,0,6,None,66,1,5,False,1000,1000
10126,126,weighted,10,0.8122014331210191,0,6,None,66,1,5,False,1000,1000
10127,127,weighted,10,0.8125,0,6,None,66,1,5,False,1000,1000
10128,128,weighted,10,0.8132961783439491,0,6,None,66,1,5,False,1000,1000
10129,129,weighted,10,0.81359474522293,0,6,None,66,1,5,False,1000,1000
10130,125,weighted,10,0.808718152866242,0,26,None,66,1,5,False,1000,1000
10131,126,weighted,10,0.8101114649681529,0,26,None,66,1,5,False,1000,1000
10132,127,weighted,10,0.8108081210191083,0,26,None,66,1,5,False,1000,1000
10133,128,weighted,10,0.8113057324840764,0,26,None,66,1,5,False,1000,1000
10134,129,weighted,10,0.8126990445859873,0,26,None,66,1,5,False,1000,1000
10135,125,weighted,10,0.7083001592356688,0,11,None,66,1,5,False,1000,1000
10136,126,weighted,10,0.7038216560509554,0,11,None,66,1,5,False,1000,1000
10137,127,weighted,10,0.6986464968152867,0,11,None,66,1,5,False,1000,1000
10138,128,weighted,10,0.6942675159235668,0,11,None,66,1,5,False,1000,1000
10139,129,weighted,10,0.6899880573248408,0,11,None,66,1,5,False,1000,1000
10140,125,weighted,10,0.7833399681528662,0,17,None,66,1,5,False,1000,1000
10141,126,weighted,10,0.7835390127388535,0,17,None,66,1,5,False,1000,1000
10142,127,weighted,10,0.7832404458598726,0,17,None,66,1,5,False,1000,1000
10143,128,weighted,10,0.783937101910828,0,17,None,66,1,5,False,1000,1000
10144,129,weighted,10,0.7845342356687898,0,17,None,66,1,5,False,1000,1000
10145,125,weighted,10,0.7963773885350318,0,20,None,66,1,5,False,1000,1000
10146,126,weighted,10,0.7958797770700637,0,20,None,66,1,5,False,1000,1000
10147,127,weighted,10,0.7943869426751592,0,20,None,66,1,5,False,1000,1000
10148,128,weighted,10,0.7915007961783439,0,20,None,66,1,5,False,1000,1000
10149,129,weighted,10,0.7872213375796179,0,20,None,66,1,5,False,1000,1000
10150,125,weighted,10,0.7581608280254777,0,28,None,66,1,5,False,1000,1000
10151,126,weighted,10,0.7655254777070064,0,28,None,66,1,5,False,1000,1000
10152,127,weighted,10,0.7708996815286624,0,28,None,66,1,5,False,1000,1000
10153,128,weighted,10,0.7753781847133758,0,28,None,66,1,5,False,1000,1000
10154,129,weighted,10,0.7805533439490446,0,28,None,66,1,5,False,1000,1000
10155,125,weighted,10,0.5932523885350318,0,3,None,66,1,5,False,1000,1000
10156,126,weighted,10,0.6125597133757962,0,3,None,66,1,5,False,1000,1000
10157,127,weighted,10,0.6218152866242038,0,3,None,66,1,5,False,1000,1000
10158,128,weighted,10,0.6271894904458599,0,3,None,66,1,5,False,1000,1000
10159,129,weighted,10,0.6315684713375797,0,3,None,66,1,5,False,1000,1000
10160,125,weighted,10,0.8003582802547771,0,1,None,66,1,5,False,1000,1000
10161,126,weighted,10,0.8001592356687898,0,1,None,66,1,5,False,1000,1000
10162,127,weighted,10,0.8010549363057324,0,1,None,66,1,5,False,1000,1000
10163,128,weighted,10,0.8011544585987261,0,1,None,66,1,5,False,1000,1000
10164,129,weighted,10,0.8013535031847133,0,1,None,66,1,5,False,1000,1000
10165,125,weighted,10,0.8108081210191083,0,13,None,66,1,5,False,1000,1000
10166,126,weighted,10,0.8121019108280255,0,13,None,66,1,5,False,1000,1000
10167,127,weighted,10,0.8131966560509554,0,13,None,66,1,5,False,1000,1000
10168,128,weighted,10,0.8141918789808917,0,13,None,66,1,5,False,1000,1000
10169,129,weighted,10,0.8150875796178344,0,13,None,66,1,5,False,1000,1000
10170,125,weighted,10,0.8149880573248408,0,12,None,66,1,5,False,1000,1000
10171,126,weighted,10,0.8146894904458599,0,12,None,66,1,5,False,1000,1000
10172,127,weighted,10,0.8145899681528662,0,12,None,66,1,5,False,1000,1000
10173,128,weighted,10,0.8148885350318471,0,12,None,66,1,5,False,1000,1000
10174,129,weighted,10,0.8155851910828026,0,12,None,66,1,5,False,1000,1000
10175,125,weighted,10,0.8077229299363057,0,23,None,66,1,5,False,1000,1000
10176,126,weighted,10,0.8074243630573248,0,23,None,66,1,5,False,1000,1000
10177,127,weighted,10,0.8081210191082803,0,23,None,66,1,5,False,1000,1000
10178,128,weighted,10,0.8081210191082803,0,23,None,66,1,5,False,1000,1000
10179,129,weighted,10,0.8083200636942676,0,23,None,66,1,5,False,1000,1000
10180,125,weighted,10,0.7996616242038217,0,4,None,66,1,5,False,1000,1000
10181,126,weighted,10,0.7998606687898089,0,4,None,66,1,5,False,1000,1000
10182,127,weighted,10,0.8008558917197452,0,4,None,66,1,5,False,1000,1000
10183,128,weighted,10,0.8001592356687898,0,4,None,66,1,5,False,1000,1000
10184,129,weighted,10,0.7997611464968153,0,4,None,66,1,5,False,1000,1000
10185,125,weighted,10,0.710390127388535,0,29,None,66,1,5,False,1000,1000
10186,126,weighted,10,0.7210390127388535,0,29,None,66,1,5,False,1000,1000
10187,127,weighted,10,0.7277070063694268,0,29,None,66,1,5,False,1000,1000
10188,128,weighted,10,0.7330812101910829,0,29,None,66,1,5,False,1000,1000
10189,129,weighted,10,0.7380573248407644,0,29,None,66,1,5,False,1000,1000
10190,125,weighted,10,0.825437898089172,0,9,None,66,1,5,False,1000,1000
10191,126,weighted,10,0.8249402866242038,0,9,None,66,1,5,False,1000,1000
10192,127,weighted,10,0.8257364649681529,0,9,None,66,1,5,False,1000,1000
10193,128,weighted,10,0.8257364649681529,0,9,None,66,1,5,False,1000,1000
10194,129,weighted,10,0.8250398089171974,0,9,None,66,1,5,False,1000,1000
10195,125,weighted,10,0.7469148089171974,0,27,None,66,1,5,False,1000,1000
10196,126,weighted,10,0.7471138535031847,0,27,None,66,1,5,False,1000,1000
10197,127,weighted,10,0.7480095541401274,0,27,None,66,1,5,False,1000,1000
10198,128,weighted,10,0.7486066878980892,0,27,None,66,1,5,False,1000,1000
10199,129,weighted,10,0.7503980891719745,0,27,None,66,1,5,False,1000,1000
10200,125,weighted,10,0.798765923566879,0,30,None,66,1,5,False,1000,1000
10201,126,weighted,10,0.7982683121019108,0,30,None,66,1,5,False,1000,1000
10202,127,weighted,10,0.7982683121019108,0,30,None,66,1,5,False,1000,1000
10203,128,weighted,10,0.7978702229299363,0,30,None,66,1,5,False,1000,1000
10204,129,weighted,10,0.7981687898089171,0,30,None,66,1,5,False,1000,1000
10205,125,weighted,10,0.7945859872611465,0,31,None,66,1,5,False,1000,1000
10206,126,weighted,10,0.7948845541401274,0,31,None,66,1,5,False,1000,1000
10207,127,weighted,10,0.7951831210191083,0,31,None,66,1,5,False,1000,1000
10208,128,weighted,10,0.7956807324840764,0,31,None,66,1,5,False,1000,1000
10209,129,weighted,10,0.7960788216560509,0,31,None,66,1,5,False,1000,1000
10210,125,weighted,10,0.7976711783439491,0,19,None,66,1,5,False,1000,1000
10211,126,weighted,10,0.7985668789808917,0,19,None,66,1,5,False,1000,1000
10212,127,weighted,10,0.7981687898089171,0,19,None,66,1,5,False,1000,1000
10213,128,weighted,10,0.7988654458598726,0,19,None,66,1,5,False,1000,1000
10214,129,weighted,10,0.7990644904458599,0,19,None,66,1,5,False,1000,1000
10215,125,weighted,10,0.7595541401273885,0,21,None,66,1,5,False,1000,1000
10216,126,weighted,10,0.7582603503184714,0,21,None,66,1,5,False,1000,1000
10217,127,weighted,10,0.7575636942675159,0,21,None,66,1,5,False,1000,1000
10218,128,weighted,10,0.7569665605095541,0,21,None,66,1,5,False,1000,1000
10219,129,weighted,10,0.756468949044586,0,21,None,66,1,5,False,1000,1000
10220,125,weighted,10,0.7797571656050956,0,24,None,66,1,5,False,1000,1000
10221,126,weighted,10,0.7813495222929936,0,24,None,66,1,5,False,1000,1000
10222,127,weighted,10,0.7818471337579618,0,24,None,66,1,5,False,1000,1000
10223,128,weighted,10,0.7825437898089171,0,24,None,66,1,5,False,1000,1000
10224,129,weighted,10,0.783140923566879,0,24,None,66,1,5,False,1000,1000
10225,125,weighted,10,0.8140923566878981,0,0,None,66,1,5,False,1000,1000
10226,126,weighted,10,0.814390923566879,0,0,None,66,1,5,False,1000,1000
10227,127,weighted,10,0.8153861464968153,0,0,None,66,1,5,False,1000,1000
10228,128,weighted,10,0.8153861464968153,0,0,None,66,1,5,False,1000,1000
10229,129,weighted,10,0.8160828025477707,0,0,None,66,1,5,False,1000,1000
13695,130,weighted,10,0.8016520700636943,0,1,None,66,1,5,False,1000,1000
13696,131,weighted,10,0.8022492038216561,0,1,None,66,1,5,False,1000,1000
13697,132,weighted,10,0.8017515923566879,0,1,None,66,1,5,False,1000,1000
13698,133,weighted,10,0.8017515923566879,0,1,None,66,1,5,False,1000,1000
13699,134,weighted,10,0.8020501592356688,0,1,None,66,1,5,False,1000,1000
13700,130,weighted,10,0.8097133757961783,0,16,None,66,1,5,False,1000,1000
13701,131,weighted,10,0.8110071656050956,0,16,None,66,1,5,False,1000,1000
13702,132,weighted,10,0.8110071656050956,0,16,None,66,1,5,False,1000,1000
13703,133,weighted,10,0.8129976114649682,0,16,None,66,1,5,False,1000,1000
13704,134,weighted,10,0.8139928343949044,0,16,None,66,1,5,False,1000,1000
13705,130,weighted,10,0.7753781847133758,0,8,None,66,1,5,False,1000,1000
13706,131,weighted,10,0.7777667197452229,0,8,None,66,1,5,False,1000,1000
13707,132,weighted,10,0.7791600318471338,0,8,None,66,1,5,False,1000,1000
13708,133,weighted,10,0.7803542993630573,0,8,None,66,1,5,False,1000,1000
13709,134,weighted,10,0.7807523885350318,0,8,None,66,1,5,False,1000,1000
13710,130,weighted,10,0.8021496815286624,0,19,None,66,1,5,False,1000,1000
13711,131,weighted,10,0.8021496815286624,0,19,None,66,1,5,False,1000,1000
13712,132,weighted,10,0.8022492038216561,0,19,None,66,1,5,False,1000,1000
13713,133,weighted,10,0.8024482484076433,0,19,None,66,1,5,False,1000,1000
13714,134,weighted,10,0.8029458598726115,0,19,None,66,1,5,False,1000,1000
13715,130,weighted,10,0.8352906050955414,0,14,None,66,1,5,False,1000,1000
13716,131,weighted,10,0.8347929936305732,0,14,None,66,1,5,False,1000,1000
13717,132,weighted,10,0.8339968152866242,0,14,None,66,1,5,False,1000,1000
13718,133,weighted,10,0.8331011146496815,0,14,None,66,1,5,False,1000,1000
13719,134,weighted,10,0.8332006369426752,0,14,None,66,1,5,False,1000,1000
13720,130,weighted,10,0.8161823248407644,0,22,None,66,1,5,False,1000,1000
13721,131,weighted,10,0.8157842356687898,0,22,None,66,1,5,False,1000,1000
13722,132,weighted,10,0.8158837579617835,0,22,None,66,1,5,False,1000,1000
13723,133,weighted,10,0.8158837579617835,0,22,None,66,1,5,False,1000,1000
13724,134,weighted,10,0.8161823248407644,0,22,None,66,1,5,False,1000,1000
13725,130,weighted,10,0.8094148089171974,0,23,None,66,1,5,False,1000,1000
13726,131,weighted,10,0.8092157643312102,0,23,None,66,1,5,False,1000,1000
13727,132,weighted,10,0.8100119426751592,0,23,None,66,1,5,False,1000,1000
13728,133,weighted,10,0.8107085987261147,0,23,None,66,1,5,False,1000,1000
13729,134,weighted,10,0.8104100318471338,0,23,None,66,1,5,False,1000,1000
13730,130,weighted,10,0.7659235668789809,0,21,None,66,1,5,False,1000,1000
13731,131,weighted,10,0.7648288216560509,0,21,None,66,1,5,False,1000,1000
13732,132,weighted,10,0.7633359872611465,0,21,None,66,1,5,False,1000,1000
13733,133,weighted,10,0.7622412420382165,0,21,None,66,1,5,False,1000,1000
13734,134,weighted,10,0.7620421974522293,0,21,None,66,1,5,False,1000,1000
13735,130,weighted,10,0.8138933121019108,0,25,None,66,1,5,False,1000,1000
13736,131,weighted,10,0.8227507961783439,0,25,None,66,1,5,False,1000,1000
13737,132,weighted,10,0.8283240445859873,0,25,None,66,1,5,False,1000,1000
13738,133,weighted,10,0.8295183121019108,0,25,None,66,1,5,False,1000,1000
13739,134,weighted,10,0.8320063694267515,0,25,None,66,1,5,False,1000,1000
13740,130,weighted,10,0.8095143312101911,0,26,None,66,1,5,False,1000,1000
13741,131,weighted,10,0.8121019108280255,0,26,None,66,1,5,False,1000,1000
13742,132,weighted,10,0.8120023885350318,0,26,None,66,1,5,False,1000,1000
13743,133,weighted,10,0.8117038216560509,0,26,None,66,1,5,False,1000,1000
13744,134,weighted,10,0.8131966560509554,0,26,None,66,1,5,False,1000,1000
13745,130,weighted,10,0.7876194267515924,0,24,None,66,1,5,False,1000,1000
13746,131,weighted,10,0.7886146496815286,0,24,None,66,1,5,False,1000,1000
13747,132,weighted,10,0.788515127388535,0,24,None,66,1,5,False,1000,1000
13748,133,weighted,10,0.7890127388535032,0,24,None,66,1,5,False,1000,1000
13749,134,weighted,10,0.790406050955414,0,24,None,66,1,5,False,1000,1000
13750,130,weighted,10,0.8020501592356688,0,30,None,66,1,5,False,1000,1000
13751,131,weighted,10,0.8013535031847133,0,30,None,66,1,5,False,1000,1000
13752,132,weighted,10,0.8017515923566879,0,30,None,66,1,5,False,1000,1000
13753,133,weighted,10,0.8028463375796179,0,30,None,66,1,5,False,1000,1000
13754,134,weighted,10,0.8028463375796179,0,30,None,66,1,5,False,1000,1000
13755,130,weighted,10,0.8154856687898089,0,6,None,66,1,5,False,1000,1000
13756,131,weighted,10,0.815187101910828,0,6,None,66,1,5,False,1000,1000
13757,132,weighted,10,0.8164808917197452,0,6,None,66,1,5,False,1000,1000
13758,133,weighted,10,0.8160828025477707,0,6,None,66,1,5,False,1000,1000
13759,134,weighted,10,0.8167794585987261,0,6,None,66,1,5,False,1000,1000
13760,130,weighted,10,0.7993630573248408,0,31,None,66,1,5,False,1000,1000
13761,131,weighted,10,0.7998606687898089,0,31,None,66,1,5,False,1000,1000
13762,132,weighted,10,0.8000597133757962,0,31,None,66,1,5,False,1000,1000
13763,133,weighted,10,0.8005573248407644,0,31,None,66,1,5,False,1000,1000
13764,134,weighted,10,0.8005573248407644,0,31,None,66,1,5,False,1000,1000
13765,130,weighted,10,0.74890525477707,0,27,None,66,1,5,False,1000,1000
13766,131,weighted,10,0.7488057324840764,0,27,None,66,1,5,False,1000,1000
13767,132,weighted,10,0.7498009554140127,0,27,None,66,1,5,False,1000,1000
13768,133,weighted,10,0.75109474522293,0,27,None,66,1,5,False,1000,1000
13769,134,weighted,10,0.7527866242038217,0,27,None,66,1,5,False,1000,1000
13770,130,weighted,10,0.8034434713375797,0,2,None,66,1,5,False,1000,1000
13771,131,weighted,10,0.804140127388535,0,2,None,66,1,5,False,1000,1000
13772,132,weighted,10,0.7993630573248408,0,2,None,66,1,5,False,1000,1000
13773,133,weighted,10,0.7974721337579618,0,2,None,66,1,5,False,1000,1000
13774,134,weighted,10,0.7936902866242038,0,2,None,66,1,5,False,1000,1000
13775,130,weighted,10,0.8113057324840764,0,5,None,66,1,5,False,1000,1000
13776,131,weighted,10,0.8122014331210191,0,5,None,66,1,5,False,1000,1000
13777,132,weighted,10,0.8122014331210191,0,5,None,66,1,5,False,1000,1000
13778,133,weighted,10,0.8123009554140127,0,5,None,66,1,5,False,1000,1000
13779,134,weighted,10,0.8120023885350318,0,5,None,66,1,5,False,1000,1000
13780,130,weighted,10,0.5810111464968153,0,3,None,66,1,5,False,1000,1000
13781,131,weighted,10,0.6026074840764332,0,3,None,66,1,5,False,1000,1000
13782,132,weighted,10,0.6144506369426752,0,3,None,66,1,5,False,1000,1000
13783,133,weighted,10,0.6202229299363057,0,3,None,66,1,5,False,1000,1000
13784,134,weighted,10,0.6248009554140127,0,3,None,66,1,5,False,1000,1000
13785,130,weighted,10,0.7829418789808917,0,10,None,66,1,5,False,1000,1000
13786,131,weighted,10,0.7820461783439491,0,10,None,66,1,5,False,1000,1000
13787,132,weighted,10,0.7818471337579618,0,10,None,66,1,5,False,1000,1000
13788,133,weighted,10,0.7824442675159236,0,10,None,66,1,5,False,1000,1000
13789,134,weighted,10,0.7825437898089171,0,10,None,66,1,5,False,1000,1000
13790,130,weighted,10,0.7272093949044586,0,11,None,66,1,5,False,1000,1000
13791,131,weighted,10,0.7227308917197452,0,11,None,66,1,5,False,1000,1000
13792,132,weighted,10,0.7182523885350318,0,11,None,66,1,5,False,1000,1000
13793,133,weighted,10,0.7151671974522293,0,11,None,66,1,5,False,1000,1000
13794,134,weighted,10,0.7119824840764332,0,11,None,66,1,5,False,1000,1000
13795,130,weighted,10,0.789609872611465,0,15,None,66,1,5,False,1000,1000
13796,131,weighted,10,0.7919984076433121,0,15,None,66,1,5,False,1000,1000
13797,132,weighted,10,0.7936902866242038,0,15,None,66,1,5,False,1000,1000
13798,133,weighted,10,0.7956807324840764,0,15,None,66,1,5,False,1000,1000
13799,134,weighted,10,0.7967754777070064,0,15,None,66,1,5,False,1000,1000
13800,130,weighted,10,0.7880175159235668,0,17,None,66,1,5,False,1000,1000
13801,131,weighted,10,0.787718949044586,0,17,None,66,1,5,False,1000,1000
13802,132,weighted,10,0.787718949044586,0,17,None,66,1,5,False,1000,1000
13803,133,weighted,10,0.7879179936305732,0,17,None,66,1,5,False,1000,1000
13804,134,weighted,10,0.7889132165605095,0,17,None,66,1,5,False,1000,1000
13805,130,weighted,10,0.7991640127388535,0,20,None,66,1,5,False,1000,1000
13806,131,weighted,10,0.7992635350318471,0,20,None,66,1,5,False,1000,1000
13807,132,weighted,10,0.796875,0,20,None,66,1,5,False,1000,1000
13808,133,weighted,10,0.7939888535031847,0,20,None,66,1,5,False,1000,1000
13809,134,weighted,10,0.7911027070063694,0,20,None,66,1,5,False,1000,1000
13810,130,weighted,10,0.7873208598726115,0,18,None,66,1,5,False,1000,1000
13811,131,weighted,10,0.7864251592356688,0,18,None,66,1,5,False,1000,1000
13812,132,weighted,10,0.7865246815286624,0,18,None,66,1,5,False,1000,1000
13813,133,weighted,10,0.786922770700637,0,18,None,66,1,5,False,1000,1000
13814,134,weighted,10,0.7868232484076433,0,18,None,66,1,5,False,1000,1000
13815,130,weighted,10,0.7640326433121019,0,28,None,66,1,5,False,1000,1000
13816,131,weighted,10,0.7704020700636943,0,28,None,66,1,5,False,1000,1000
13817,132,weighted,10,0.7757762738853503,0,28,None,66,1,5,False,1000,1000
13818,133,weighted,10,0.7805533439490446,0,28,None,66,1,5,False,1000,1000
13819,134,weighted,10,0.7843351910828026,0,28,None,66,1,5,False,1000,1000
13820,130,weighted,10,0.81140525477707,0,13,None,66,1,5,False,1000,1000
13821,131,weighted,10,0.8136942675159236,0,13,None,66,1,5,False,1000,1000
13822,132,weighted,10,0.8134952229299363,0,13,None,66,1,5,False,1000,1000
13823,133,weighted,10,0.8146894904458599,0,13,None,66,1,5,False,1000,1000
13824,134,weighted,10,0.814390923566879,0,13,None,66,1,5,False,1000,1000
13825,130,weighted,10,0.8165804140127388,0,12,None,66,1,5,False,1000,1000
13826,131,weighted,10,0.8168789808917197,0,12,None,66,1,5,False,1000,1000
13827,132,weighted,10,0.817078025477707,0,12,None,66,1,5,False,1000,1000
13828,133,weighted,10,0.8176751592356688,0,12,None,66,1,5,False,1000,1000
13829,134,weighted,10,0.8186703821656051,0,12,None,66,1,5,False,1000,1000
13830,130,weighted,10,0.8260350318471338,0,9,None,66,1,5,False,1000,1000
13831,131,weighted,10,0.8261345541401274,0,9,None,66,1,5,False,1000,1000
13832,132,weighted,10,0.825437898089172,0,9,None,66,1,5,False,1000,1000
13833,133,weighted,10,0.8258359872611465,0,9,None,66,1,5,False,1000,1000
13834,134,weighted,10,0.825437898089172,0,9,None,66,1,5,False,1000,1000
13835,130,weighted,10,0.7034235668789809,0,29,None,66,1,5,False,1000,1000
13836,131,weighted,10,0.7161624203821656,0,29,None,66,1,5,False,1000,1000
13837,132,weighted,10,0.7237261146496815,0,29,None,66,1,5,False,1000,1000
13838,133,weighted,10,0.7300955414012739,0,29,None,66,1,5,False,1000,1000
13839,134,weighted,10,0.7357683121019108,0,29,None,66,1,5,False,1000,1000
13840,130,weighted,10,0.8168789808917197,0,0,None,66,1,5,False,1000,1000
13841,131,weighted,10,0.8173765923566879,0,0,None,66,1,5,False,1000,1000
13842,132,weighted,10,0.8180732484076433,0,0,None,66,1,5,False,1000,1000
13843,133,weighted,10,0.8186703821656051,0,0,None,66,1,5,False,1000,1000
13844,134,weighted,10,0.8188694267515924,0,0,None,66,1,5,False,1000,1000
13845,130,weighted,10,0.8054339171974523,0,7,None,66,1,5,False,1000,1000
13846,131,weighted,10,0.8050358280254777,0,7,None,66,1,5,False,1000,1000
13847,132,weighted,10,0.8048367834394905,0,7,None,66,1,5,False,1000,1000
13848,133,weighted,10,0.8043391719745223,0,7,None,66,1,5,False,1000,1000
13849,134,weighted,10,0.8042396496815286,0,7,None,66,1,5,False,1000,1000
13850,130,weighted,10,0.8037420382165605,0,4,None,66,1,5,False,1000,1000
13851,131,weighted,10,0.8043391719745223,0,4,None,66,1,5,False,1000,1000
13852,132,weighted,10,0.8045382165605095,0,4,None,66,1,5,False,1000,1000
13853,133,weighted,10,0.8039410828025477,0,4,None,66,1,5,False,1000,1000
13854,134,weighted,10,0.8051353503184714,0,4,None,66,1,5,False,1000,1000
13855,130,weighted,10,0.7970740445859873,0,32,None,66,1,5,False,1000,1000
13856,131,weighted,10,0.7967754777070064,0,32,None,66,1,5,False,1000,1000
13857,132,weighted,10,0.7970740445859873,0,32,None,66,1,5,False,1000,1000
13858,133,weighted,10,0.796875,0,32,None,66,1,5,False,1000,1000
13859,134,weighted,10,0.7966759554140127,0,32,None,66,1,5,False,1000,1000
13860,135,weighted,10,0.8125,0,25,None,66,1,5,False,1000,1000
13861,136,weighted,10,0.8217555732484076,0,25,None,66,1,5,False,1000,1000
13862,137,weighted,10,0.8284235668789809,0,25,None,66,1,5,False,1000,1000
13863,138,weighted,10,0.8309116242038217,0,25,None,66,1,5,False,1000,1000
13864,139,weighted,10,0.8328025477707006,0,25,None,66,1,5,False,1000,1000
13865,135,weighted,10,0.8029458598726115,0,1,None,66,1,5,False,1000,1000
13866,136,weighted,10,0.803343949044586,0,1,None,66,1,5,False,1000,1000
13867,137,weighted,10,0.8026472929936306,0,1,None,66,1,5,False,1000,1000
13868,138,weighted,10,0.8035429936305732,0,1,None,66,1,5,False,1000,1000
13869,139,weighted,10,0.8044386942675159,0,1,None,66,1,5,False,1000,1000
13870,135,weighted,10,0.7076035031847133,0,29,None,66,1,5,False,1000,1000
13871,136,weighted,10,0.7185509554140127,0,29,None,66,1,5,False,1000,1000
13872,137,weighted,10,0.725218949044586,0,29,None,66,1,5,False,1000,1000
13873,138,weighted,10,0.7306926751592356,0,29,None,66,1,5,False,1000,1000
13874,139,weighted,10,0.7373606687898089,0,29,None,66,1,5,False,1000,1000
13875,135,weighted,10,0.805234872611465,0,2,None,66,1,5,False,1000,1000
13876,136,weighted,10,0.8049363057324841,0,2,None,66,1,5,False,1000,1000
13877,137,weighted,10,0.8011544585987261,0,2,None,66,1,5,False,1000,1000
13878,138,weighted,10,0.7993630573248408,0,2,None,66,1,5,False,1000,1000
13879,139,weighted,10,0.7951831210191083,0,2,None,66,1,5,False,1000,1000
13880,135,weighted,10,0.8263335987261147,0,9,None,66,1,5,False,1000,1000
13881,136,weighted,10,0.826234076433121,0,9,None,66,1,5,False,1000,1000
13882,137,weighted,10,0.8263335987261147,0,9,None,66,1,5,False,1000,1000
13883,138,weighted,10,0.8255374203821656,0,9,None,66,1,5,False,1000,1000
13884,139,weighted,10,0.8256369426751592,0,9,None,66,1,5,False,1000,1000
13885,135,weighted,10,0.8134952229299363,0,13,None,66,1,5,False,1000,1000
13886,136,weighted,10,0.8158837579617835,0,13,None,66,1,5,False,1000,1000
13887,137,weighted,10,0.8155851910828026,0,13,None,66,1,5,False,1000,1000
13888,138,weighted,10,0.8160828025477707,0,13,None,66,1,5,False,1000,1000
13889,139,weighted,10,0.8158837579617835,0,13,None,66,1,5,False,1000,1000
13890,135,weighted,10,0.7697054140127388,0,28,None,66,1,5,False,1000,1000
13891,136,weighted,10,0.7754777070063694,0,28,None,66,1,5,False,1000,1000
13892,137,weighted,10,0.7809514331210191,0,28,None,66,1,5,False,1000,1000
13893,138,weighted,10,0.7840366242038217,0,28,None,66,1,5,False,1000,1000
13894,139,weighted,10,0.7890127388535032,0,28,None,66,1,5,False,1000,1000
13895,135,weighted,10,0.8150875796178344,0,5,None,66,1,5,False,1000,1000
13896,136,weighted,10,0.8144904458598726,0,5,None,66,1,5,False,1000,1000
13897,137,weighted,10,0.8152866242038217,0,5,None,66,1,5,False,1000,1000
13898,138,weighted,10,0.8146894904458599,0,5,None,66,1,5,False,1000,1000
13899,139,weighted,10,0.8148885350318471,0,5,None,66,1,5,False,1000,1000
13900,135,weighted,10,0.8191679936305732,0,12,None,66,1,5,False,1000,1000
13901,136,weighted,10,0.818968949044586,0,12,None,66,1,5,False,1000,1000
13902,137,weighted,10,0.8195660828025477,0,12,None,66,1,5,False,1000,1000
13903,138,weighted,10,0.8200636942675159,0,12,None,66,1,5,False,1000,1000
13904,139,weighted,10,0.8205613057324841,0,12,None,66,1,5,False,1000,1000
13905,135,weighted,10,0.8132961783439491,0,26,None,66,1,5,False,1000,1000
13906,136,weighted,10,0.814390923566879,0,26,None,66,1,5,False,1000,1000
13907,137,weighted,10,0.8142914012738853,0,26,None,66,1,5,False,1000,1000
13908,138,weighted,10,0.8144904458598726,0,26,None,66,1,5,False,1000,1000
13909,139,weighted,10,0.8147890127388535,0,26,None,66,1,5,False,1000,1000
13910,135,weighted,10,0.8142914012738853,0,16,None,66,1,5,False,1000,1000
13911,136,weighted,10,0.815187101910828,0,16,None,66,1,5,False,1000,1000
13912,137,weighted,10,0.8156847133757962,0,16,None,66,1,5,False,1000,1000
13913,138,weighted,10,0.8165804140127388,0,16,None,66,1,5,False,1000,1000
13914,139,weighted,10,0.8169785031847133,0,16,None,66,1,5,False,1000,1000
13915,135,weighted,10,0.807921974522293,0,7,None,66,1,5,False,1000,1000
13916,136,weighted,10,0.8080214968152867,0,7,None,66,1,5,False,1000,1000
13917,137,weighted,10,0.8083200636942676,0,7,None,66,1,5,False,1000,1000
13918,138,weighted,10,0.8085191082802548,0,7,None,66,1,5,False,1000,1000
13919,139,weighted,10,0.8090167197452229,0,7,None,66,1,5,False,1000,1000
13920,135,weighted,10,0.7911027070063694,0,15,None,66,1,5,False,1000,1000
13921,136,weighted,10,0.7914012738853503,0,15,None,66,1,5,False,1000,1000
13922,137,weighted,10,0.7944864649681529,0,15,None,66,1,5,False,1000,1000
13923,138,weighted,10,0.7960788216560509,0,15,None,66,1,5,False,1000,1000
13924,139,weighted,10,0.7975716560509554,0,15,None,66,1,5,False,1000,1000
13925,135,weighted,10,0.7502985668789809,0,11,None,66,1,5,False,1000,1000
13926,136,weighted,10,0.7457205414012739,0,11,None,66,1,5,False,1000,1000
13927,137,weighted,10,0.7419386942675159,0,11,None,66,1,5,False,1000,1000
13928,138,weighted,10,0.7386544585987261,0,11,None,66,1,5,False,1000,1000
13929,139,weighted,10,0.7357683121019108,0,11,None,66,1,5,False,1000,1000
13930,135,weighted,10,0.836484872611465,0,14,None,66,1,5,False,1000,1000
13931,136,weighted,10,0.8358877388535032,0,14,None,66,1,5,False,1000,1000
13932,137,weighted,10,0.834593949044586,0,14,None,66,1,5,False,1000,1000
13933,138,weighted,10,0.8340963375796179,0,14,None,66,1,5,False,1000,1000
13934,139,weighted,10,0.8340963375796179,0,14,None,66,1,5,False,1000,1000
13935,135,weighted,10,0.7932921974522293,0,17,None,66,1,5,False,1000,1000
13936,136,weighted,10,0.7935907643312102,0,17,None,66,1,5,False,1000,1000
13937,137,weighted,10,0.7929936305732485,0,17,None,66,1,5,False,1000,1000
13938,138,weighted,10,0.7927945859872612,0,17,None,66,1,5,False,1000,1000
13939,139,weighted,10,0.7921974522292994,0,17,None,66,1,5,False,1000,1000
13940,135,weighted,10,0.7713972929936306,0,21,None,66,1,5,False,1000,1000
13941,136,weighted,10,0.7684116242038217,0,21,None,66,1,5,False,1000,1000
13942,137,weighted,10,0.7673168789808917,0,21,None,66,1,5,False,1000,1000
13943,138,weighted,10,0.7660230891719745,0,21,None,66,1,5,False,1000,1000
13944,139,weighted,10,0.7649283439490446,0,21,None,66,1,5,False,1000,1000
13945,135,weighted,10,0.8067277070063694,0,4,None,66,1,5,False,1000,1000
13946,136,weighted,10,0.8078224522292994,0,4,None,66,1,5,False,1000,1000
13947,137,weighted,10,0.8070262738853503,0,4,None,66,1,5,False,1000,1000
13948,138,weighted,10,0.8065286624203821,0,4,None,66,1,5,False,1000,1000
13949,139,weighted,10,0.8064291401273885,0,4,None,66,1,5,False,1000,1000
13950,135,weighted,10,0.8187699044585988,0,6,None,66,1,5,False,1000,1000
13951,136,weighted,10,0.8194665605095541,0,6,None,66,1,5,False,1000,1000
13952,137,weighted,10,0.8205613057324841,0,6,None,66,1,5,False,1000,1000
13953,138,weighted,10,0.8202627388535032,0,6,None,66,1,5,False,1000,1000
13954,139,weighted,10,0.8199641719745223,0,6,None,66,1,5,False,1000,1000
13955,135,weighted,10,0.8050358280254777,0,20,None,66,1,5,False,1000,1000
13956,136,weighted,10,0.8032444267515924,0,20,None,66,1,5,False,1000,1000
13957,137,weighted,10,0.8017515923566879,0,20,None,66,1,5,False,1000,1000
13958,138,weighted,10,0.7978702229299363,0,20,None,66,1,5,False,1000,1000
13959,139,weighted,10,0.7951831210191083,0,20,None,66,1,5,False,1000,1000
13960,135,weighted,10,0.7835390127388535,0,10,None,66,1,5,False,1000,1000
13961,136,weighted,10,0.7841361464968153,0,10,None,66,1,5,False,1000,1000
13962,137,weighted,10,0.7842356687898089,0,10,None,66,1,5,False,1000,1000
13963,138,weighted,10,0.7846337579617835,0,10,None,66,1,5,False,1000,1000
13964,139,weighted,10,0.7853304140127388,0,10,None,66,1,5,False,1000,1000
13965,135,weighted,10,0.8169785031847133,0,22,None,66,1,5,False,1000,1000
13966,136,weighted,10,0.8173765923566879,0,22,None,66,1,5,False,1000,1000
13967,137,weighted,10,0.8171775477707006,0,22,None,66,1,5,False,1000,1000
13968,138,weighted,10,0.8171775477707006,0,22,None,66,1,5,False,1000,1000
13969,139,weighted,10,0.816281847133758,0,22,None,66,1,5,False,1000,1000
13970,135,weighted,10,0.8124004777070064,0,23,None,66,1,5,False,1000,1000
13971,136,weighted,10,0.8118033439490446,0,23,None,66,1,5,False,1000,1000
13972,137,weighted,10,0.8124004777070064,0,23,None,66,1,5,False,1000,1000
13973,138,weighted,10,0.8121019108280255,0,23,None,66,1,5,False,1000,1000
13974,139,weighted,10,0.8124004777070064,0,23,None,66,1,5,False,1000,1000
13975,135,weighted,10,0.7993630573248408,0,32,None,66,1,5,False,1000,1000
13976,136,weighted,10,0.7990644904458599,0,32,None,66,1,5,False,1000,1000
13977,137,weighted,10,0.7994625796178344,0,32,None,66,1,5,False,1000,1000
13978,138,weighted,10,0.799562101910828,0,32,None,66,1,5,False,1000,1000
13979,139,weighted,10,0.7996616242038217,0,32,None,66,1,5,False,1000,1000
13980,135,weighted,10,0.792296974522293,0,24,None,66,1,5,False,1000,1000
13981,136,weighted,10,0.7929936305732485,0,24,None,66,1,5,False,1000,1000
13982,137,weighted,10,0.7935907643312102,0,24,None,66,1,5,False,1000,1000
13983,138,weighted,10,0.7936902866242038,0,24,None,66,1,5,False,1000,1000
13984,139,weighted,10,0.793093152866242,0,24,None,66,1,5,False,1000,1000
13985,135,weighted,10,0.752687101910828,0,27,None,66,1,5,False,1000,1000
13986,136,weighted,10,0.7543789808917197,0,27,None,66,1,5,False,1000,1000
13987,137,weighted,10,0.7560708598726115,0,27,None,66,1,5,False,1000,1000
13988,138,weighted,10,0.7571656050955414,0,27,None,66,1,5,False,1000,1000
13989,139,weighted,10,0.7588574840764332,0,27,None,66,1,5,False,1000,1000
13990,135,weighted,10,0.8206608280254777,0,0,None,66,1,5,False,1000,1000
13991,136,weighted,10,0.8212579617834395,0,0,None,66,1,5,False,1000,1000
13992,137,weighted,10,0.8214570063694268,0,0,None,66,1,5,False,1000,1000
13993,138,weighted,10,0.8219546178343949,0,0,None,66,1,5,False,1000,1000
13994,139,weighted,10,0.8221536624203821,0,0,None,66,1,5,False,1000,1000
13995,135,weighted,10,0.8077229299363057,0,30,None,66,1,5,False,1000,1000
13996,136,weighted,10,0.805234872611465,0,30,None,66,1,5,False,1000,1000
13997,137,weighted,10,0.8045382165605095,0,30,None,66,1,5,False,1000,1000
13998,138,weighted,10,0.8051353503184714,0,30,None,66,1,5,False,1000,1000
13999,139,weighted,10,0.8049363057324841,0,30,None,66,1,5,False,1000,1000
14000,135,weighted,10,0.7795581210191083,0,8,None,66,1,5,False,1000,1000
14001,136,weighted,10,0.7811504777070064,0,8,None,66,1,5,False,1000,1000
14002,137,weighted,10,0.78234474522293,0,8,None,66,1,5,False,1000,1000
14003,138,weighted,10,0.7825437898089171,0,8,None,66,1,5,False,1000,1000
14004,139,weighted,10,0.7827428343949044,0,8,None,66,1,5,False,1000,1000
14005,135,weighted,10,0.7901074840764332,0,18,None,66,1,5,False,1000,1000
14006,136,weighted,10,0.7897093949044586,0,18,None,66,1,5,False,1000,1000
14007,137,weighted,10,0.7899084394904459,0,18,None,66,1,5,False,1000,1000
14008,138,weighted,10,0.7900079617834395,0,18,None,66,1,5,False,1000,1000
14009,139,weighted,10,0.7905055732484076,0,18,None,66,1,5,False,1000,1000
14010,135,weighted,10,0.5750398089171974,0,3,None,66,1,5,False,1000,1000
14011,136,weighted,10,0.5979299363057324,0,3,None,66,1,5,False,1000,1000
14012,137,weighted,10,0.6106687898089171,0,3,None,66,1,5,False,1000,1000
14013,138,weighted,10,0.6161425159235668,0,3,None,66,1,5,False,1000,1000
14014,139,weighted,10,0.6199243630573248,0,3,None,66,1,5,False,1000,1000
14015,135,weighted,10,0.8056329617834395,0,19,None,66,1,5,False,1000,1000
14016,136,weighted,10,0.806031050955414,0,19,None,66,1,5,False,1000,1000
14017,137,weighted,10,0.8063296178343949,0,19,None,66,1,5,False,1000,1000
14018,138,weighted,10,0.8066281847133758,0,19,None,66,1,5,False,1000,1000
14019,139,weighted,10,0.8059315286624203,0,19,None,66,1,5,False,1000,1000
14020,135,weighted,10,0.8015525477707006,0,31,None,66,1,5,False,1000,1000
14021,136,weighted,10,0.8021496815286624,0,31,None,66,1,5,False,1000,1000
14022,137,weighted,10,0.802547770700637,0,31,None,66,1,5,False,1000,1000
14023,138,weighted,10,0.8027468152866242,0,31,None,66,1,5,False,1000,1000
14024,139,weighted,10,0.8034434713375797,0,31,None,66,1,5,False,1000,1000
14025,140,weighted,10,0.8040406050955414,0,1,None,66,1,5,False,1000,1000
14026,141,weighted,10,0.8047372611464968,0,1,None,66,1,5,False,1000,1000
14027,142,weighted,10,0.8051353503184714,0,1,None,66,1,5,False,1000,1000
14028,143,weighted,10,0.8061305732484076,0,1,None,66,1,5,False,1000,1000
14029,144,weighted,10,0.8066281847133758,0,1,None,66,1,5,False,1000,1000
14030,140,weighted,10,0.8182722929936306,0,22,None,66,1,5,False,1000,1000
14031,141,weighted,10,0.8179737261146497,0,22,None,66,1,5,False,1000,1000
14032,142,weighted,10,0.8177746815286624,0,22,None,66,1,5,False,1000,1000
14033,143,weighted,10,0.8171775477707006,0,22,None,66,1,5,False,1000,1000
14034,144,weighted,10,0.8167794585987261,0,22,None,66,1,5,False,1000,1000
14035,140,weighted,10,0.7833399681528662,0,8,None,66,1,5,False,1000,1000
14036,141,weighted,10,0.7842356687898089,0,8,None,66,1,5,False,1000,1000
14037,142,weighted,10,0.7842356687898089,0,8,None,66,1,5,False,1000,1000
14038,143,weighted,10,0.7855294585987261,0,8,None,66,1,5,False,1000,1000
14039,144,weighted,10,0.7866242038216561,0,8,None,66,1,5,False,1000,1000
14040,140,weighted,10,0.8147890127388535,0,23,None,66,1,5,False,1000,1000
14041,141,weighted,10,0.8153861464968153,0,23,None,66,1,5,False,1000,1000
14042,142,weighted,10,0.8152866242038217,0,23,None,66,1,5,False,1000,1000
14043,143,weighted,10,0.8157842356687898,0,23,None,66,1,5,False,1000,1000
14044,144,weighted,10,0.8148885350318471,0,23,None,66,1,5,False,1000,1000
14045,140,weighted,10,0.818172770700637,0,16,None,66,1,5,False,1000,1000
14046,141,weighted,10,0.8179737261146497,0,16,None,66,1,5,False,1000,1000
14047,142,weighted,10,0.818172770700637,0,16,None,66,1,5,False,1000,1000
14048,143,weighted,10,0.8194665605095541,0,16,None,66,1,5,False,1000,1000
14049,144,weighted,10,0.8199641719745223,0,16,None,66,1,5,False,1000,1000
14050,140,weighted,10,0.802547770700637,0,32,None,66,1,5,False,1000,1000
14051,141,weighted,10,0.8036425159235668,0,32,None,66,1,5,False,1000,1000
14052,142,weighted,10,0.8038415605095541,0,32,None,66,1,5,False,1000,1000
14053,143,weighted,10,0.8038415605095541,0,32,None,66,1,5,False,1000,1000
14054,144,weighted,10,0.8034434713375797,0,32,None,66,1,5,False,1000,1000
14055,140,weighted,10,0.8363853503184714,0,14,None,66,1,5,False,1000,1000
14056,141,weighted,10,0.835390127388535,0,14,None,66,1,5,False,1000,1000
14057,142,weighted,10,0.8347929936305732,0,14,None,66,1,5,False,1000,1000
14058,143,weighted,10,0.8346934713375797,0,14,None,66,1,5,False,1000,1000
14059,144,weighted,10,0.8342953821656051,0,14,None,66,1,5,False,1000,1000
14060,140,weighted,10,0.7001393312101911,0,29,None,66,1,5,False,1000,1000
14061,141,weighted,10,0.7137738853503185,0,29,None,66,1,5,False,1000,1000
14062,142,weighted,10,0.7209394904458599,0,29,None,66,1,5,False,1000,1000
14063,143,weighted,10,0.7273089171974523,0,29,None,66,1,5,False,1000,1000
14064,144,weighted,10,0.7351711783439491,0,29,None,66,1,5,False,1000,1000
14065,140,weighted,10,0.8145899681528662,0,13,None,66,1,5,False,1000,1000
14066,141,weighted,10,0.8165804140127388,0,13,None,66,1,5,False,1000,1000
14067,142,weighted,10,0.8174761146496815,0,13,None,66,1,5,False,1000,1000
14068,143,weighted,10,0.8168789808917197,0,13,None,66,1,5,False,1000,1000
14069,144,weighted,10,0.8166799363057324,0,13,None,66,1,5,False,1000,1000
14070,140,weighted,10,0.8112062101910829,0,25,None,66,1,5,False,1000,1000
14071,141,weighted,10,0.8217555732484076,0,25,None,66,1,5,False,1000,1000
14072,142,weighted,10,0.8285230891719745,0,25,None,66,1,5,False,1000,1000
14073,143,weighted,10,0.8311106687898089,0,25,None,66,1,5,False,1000,1000
14074,144,weighted,10,0.8335987261146497,0,25,None,66,1,5,False,1000,1000
14075,140,weighted,10,0.8171775477707006,0,26,None,66,1,5,False,1000,1000
14076,141,weighted,10,0.8171775477707006,0,26,None,66,1,5,False,1000,1000
14077,142,weighted,10,0.8179737261146497,0,26,None,66,1,5,False,1000,1000
14078,143,weighted,10,0.8176751592356688,0,26,None,66,1,5,False,1000,1000
14079,144,weighted,10,0.818172770700637,0,26,None,66,1,5,False,1000,1000
14080,140,weighted,10,0.8084195859872612,0,19,None,66,1,5,False,1000,1000
14081,141,weighted,10,0.8084195859872612,0,19,None,66,1,5,False,1000,1000
14082,142,weighted,10,0.808718152866242,0,19,None,66,1,5,False,1000,1000
14083,143,weighted,10,0.8086186305732485,0,19,None,66,1,5,False,1000,1000
14084,144,weighted,10,0.8086186305732485,0,19,None,66,1,5,False,1000,1000
14085,140,weighted,10,0.772093949044586,0,21,None,66,1,5,False,1000,1000
14086,141,weighted,10,0.7711982484076433,0,21,None,66,1,5,False,1000,1000
14087,142,weighted,10,0.7695063694267515,0,21,None,66,1,5,False,1000,1000
14088,143,weighted,10,0.7685111464968153,0,21,None,66,1,5,False,1000,1000
14089,144,weighted,10,0.7676154458598726,0,21,None,66,1,5,False,1000,1000
14090,140,weighted,10,0.7971735668789809,0,24,None,66,1,5,False,1000,1000
14091,141,weighted,10,0.7963773885350318,0,24,None,66,1,5,False,1000,1000
14092,142,weighted,10,0.7962778662420382,0,24,None,66,1,5,False,1000,1000
14093,143,weighted,10,0.7965764331210191,0,24,None,66,1,5,False,1000,1000
14094,144,weighted,10,0.7970740445859873,0,24,None,66,1,5,False,1000,1000
14095,140,weighted,10,0.8053343949044586,0,31,None,66,1,5,False,1000,1000
14096,141,weighted,10,0.8053343949044586,0,31,None,66,1,5,False,1000,1000
14097,142,weighted,10,0.8053343949044586,0,31,None,66,1,5,False,1000,1000
14098,143,weighted,10,0.8049363057324841,0,31,None,66,1,5,False,1000,1000
14099,144,weighted,10,0.8051353503184714,0,31,None,66,1,5,False,1000,1000
14100,140,weighted,10,0.7578622611464968,0,27,None,66,1,5,False,1000,1000
14101,141,weighted,10,0.759156050955414,0,27,None,66,1,5,False,1000,1000
14102,142,weighted,10,0.7603503184713376,0,27,None,66,1,5,False,1000,1000
14103,143,weighted,10,0.7612460191082803,0,27,None,66,1,5,False,1000,1000
14104,144,weighted,10,0.7619426751592356,0,27,None,66,1,5,False,1000,1000
14105,140,weighted,10,0.8222531847133758,0,6,None,66,1,5,False,1000,1000
14106,141,weighted,10,0.822452229299363,0,6,None,66,1,5,False,1000,1000
14107,142,weighted,10,0.822452229299363,0,6,None,66,1,5,False,1000,1000
14108,143,weighted,10,0.8219546178343949,0,6,None,66,1,5,False,1000,1000
14109,144,weighted,10,0.8214570063694268,0,6,None,66,1,5,False,1000,1000
14110,140,weighted,10,0.8107085987261147,0,30,None,66,1,5,False,1000,1000
14111,141,weighted,10,0.8095143312101911,0,30,None,66,1,5,False,1000,1000
14112,142,weighted,10,0.8102109872611465,0,30,None,66,1,5,False,1000,1000
14113,143,weighted,10,0.8086186305732485,0,30,None,66,1,5,False,1000,1000
14114,144,weighted,10,0.8085191082802548,0,30,None,66,1,5,False,1000,1000
14115,140,weighted,10,0.8058320063694268,0,2,None,66,1,5,False,1000,1000
14116,141,weighted,10,0.8077229299363057,0,2,None,66,1,5,False,1000,1000
14117,142,weighted,10,0.8029458598726115,0,2,None,66,1,5,False,1000,1000
14118,143,weighted,10,0.8001592356687898,0,2,None,66,1,5,False,1000,1000
14119,144,weighted,10,0.7973726114649682,0,2,None,66,1,5,False,1000,1000
14120,140,weighted,10,0.8237460191082803,0,0,None,66,1,5,False,1000,1000
14121,141,weighted,10,0.8242436305732485,0,0,None,66,1,5,False,1000,1000
14122,142,weighted,10,0.8236464968152867,0,0,None,66,1,5,False,1000,1000
14123,143,weighted,10,0.8244426751592356,0,0,None,66,1,5,False,1000,1000
14124,144,weighted,10,0.8245421974522293,0,0,None,66,1,5,False,1000,1000
14125,140,weighted,10,0.5709593949044586,0,3,None,66,1,5,False,1000,1000
14126,141,weighted,10,0.5955414012738853,0,3,None,66,1,5,False,1000,1000
14127,142,weighted,10,0.607484076433121,0,3,None,66,1,5,False,1000,1000
14128,143,weighted,10,0.6134554140127388,0,3,None,66,1,5,False,1000,1000
14129,144,weighted,10,0.6188296178343949,0,3,None,66,1,5,False,1000,1000
14130,140,weighted,10,0.8086186305732485,0,4,None,66,1,5,False,1000,1000
14131,141,weighted,10,0.808718152866242,0,4,None,66,1,5,False,1000,1000
14132,142,weighted,10,0.8089171974522293,0,4,None,66,1,5,False,1000,1000
14133,143,weighted,10,0.8097133757961783,0,4,None,66,1,5,False,1000,1000
14134,144,weighted,10,0.809812898089172,0,4,None,66,1,5,False,1000,1000
14135,140,weighted,10,0.8173765923566879,0,5,None,66,1,5,False,1000,1000
14136,141,weighted,10,0.8174761146496815,0,5,None,66,1,5,False,1000,1000
14137,142,weighted,10,0.817078025477707,0,5,None,66,1,5,False,1000,1000
14138,143,weighted,10,0.8172770700636943,0,5,None,66,1,5,False,1000,1000
14139,144,weighted,10,0.8174761146496815,0,5,None,66,1,5,False,1000,1000
14140,140,weighted,10,0.8121019108280255,0,7,None,66,1,5,False,1000,1000
14141,141,weighted,10,0.8119028662420382,0,7,None,66,1,5,False,1000,1000
14142,142,weighted,10,0.8121019108280255,0,7,None,66,1,5,False,1000,1000
14143,143,weighted,10,0.8126990445859873,0,7,None,66,1,5,False,1000,1000
14144,144,weighted,10,0.8125,0,7,None,66,1,5,False,1000,1000
14145,140,weighted,10,0.82703025477707,0,9,None,66,1,5,False,1000,1000
14146,141,weighted,10,0.8266321656050956,0,9,None,66,1,5,False,1000,1000
14147,142,weighted,10,0.826234076433121,0,9,None,66,1,5,False,1000,1000
14148,143,weighted,10,0.826234076433121,0,9,None,66,1,5,False,1000,1000
14149,144,weighted,10,0.8261345541401274,0,9,None,66,1,5,False,1000,1000
14150,140,weighted,10,0.787718949044586,0,10,None,66,1,5,False,1000,1000
14151,141,weighted,10,0.7887141719745223,0,10,None,66,1,5,False,1000,1000
14152,142,weighted,10,0.7891122611464968,0,10,None,66,1,5,False,1000,1000
14153,143,weighted,10,0.7889132165605095,0,10,None,66,1,5,False,1000,1000
14154,144,weighted,10,0.7893113057324841,0,10,None,66,1,5,False,1000,1000
14155,140,weighted,10,0.7602507961783439,0,11,None,66,1,5,False,1000,1000
14156,141,weighted,10,0.7577627388535032,0,11,None,66,1,5,False,1000,1000
14157,142,weighted,10,0.7543789808917197,0,11,None,66,1,5,False,1000,1000
14158,143,weighted,10,0.7521894904458599,0,11,None,66,1,5,False,1000,1000
14159,144,weighted,10,0.7492038216560509,0,11,None,66,1,5,False,1000,1000
14160,140,weighted,10,0.8200636942675159,0,12,None,66,1,5,False,1000,1000
14161,141,weighted,10,0.8202627388535032,0,12,None,66,1,5,False,1000,1000
14162,142,weighted,10,0.8214570063694268,0,12,None,66,1,5,False,1000,1000
14163,143,weighted,10,0.8219546178343949,0,12,None,66,1,5,False,1000,1000
14164,144,weighted,10,0.8218550955414012,0,12,None,66,1,5,False,1000,1000
14165,140,weighted,10,0.794984076433121,0,15,None,66,1,5,False,1000,1000
14166,141,weighted,10,0.7959792993630573,0,15,None,66,1,5,False,1000,1000
14167,142,weighted,10,0.79796974522293,0,15,None,66,1,5,False,1000,1000
14168,143,weighted,10,0.7997611464968153,0,15,None,66,1,5,False,1000,1000
14169,144,weighted,10,0.8015525477707006,0,15,None,66,1,5,False,1000,1000
14170,140,weighted,10,0.7936902866242038,0,17,None,66,1,5,False,1000,1000
14171,141,weighted,10,0.7939888535031847,0,17,None,66,1,5,False,1000,1000
14172,142,weighted,10,0.7944864649681529,0,17,None,66,1,5,False,1000,1000
14173,143,weighted,10,0.7945859872611465,0,17,None,66,1,5,False,1000,1000
14174,144,weighted,10,0.7951831210191083,0,17,None,66,1,5,False,1000,1000
14175,140,weighted,10,0.7920979299363057,0,18,None,66,1,5,False,1000,1000
14176,141,weighted,10,0.7923964968152867,0,18,None,66,1,5,False,1000,1000
14177,142,weighted,10,0.7919984076433121,0,18,None,66,1,5,False,1000,1000
14178,143,weighted,10,0.7915007961783439,0,18,None,66,1,5,False,1000,1000
14179,144,weighted,10,0.7921974522292994,0,18,None,66,1,5,False,1000,1000
14180,140,weighted,10,0.8053343949044586,0,20,None,66,1,5,False,1000,1000
14181,141,weighted,10,0.8050358280254777,0,20,None,66,1,5,False,1000,1000
14182,142,weighted,10,0.8046377388535032,0,20,None,66,1,5,False,1000,1000
14183,143,weighted,10,0.8016520700636943,0,20,None,66,1,5,False,1000,1000
14184,144,weighted,10,0.7999601910828026,0,20,None,66,1,5,False,1000,1000
14185,140,weighted,10,0.7745820063694268,0,28,None,66,1,5,False,1000,1000
14186,141,weighted,10,0.779359076433121,0,28,None,66,1,5,False,1000,1000
14187,142,weighted,10,0.7853304140127388,0,28,None,66,1,5,False,1000,1000
14188,143,weighted,10,0.7892117834394905,0,28,None,66,1,5,False,1000,1000
14189,144,weighted,10,0.7933917197452229,0,28,None,66,1,5,False,1000,1000
14190,145,weighted,10,0.8075238853503185,0,1,None,66,1,5,False,1000,1000
14191,146,weighted,10,0.8083200636942676,0,1,None,66,1,5,False,1000,1000
14192,147,weighted,10,0.8084195859872612,0,1,None,66,1,5,False,1000,1000
14193,148,weighted,10,0.8099124203821656,0,1,None,66,1,5,False,1000,1000
14194,149,weighted,10,0.8103105095541401,0,1,None,66,1,5,False,1000,1000
14195,145,weighted,10,0.8080214968152867,0,2,None,66,1,5,False,1000,1000
14196,146,weighted,10,0.8111066878980892,0,2,None,66,1,5,False,1000,1000
14197,147,weighted,10,0.805234872611465,0,2,None,66,1,5,False,1000,1000
14198,148,weighted,10,0.8023487261146497,0,2,None,66,1,5,False,1000,1000
14199,149,weighted,10,0.7997611464968153,0,2,None,66,1,5,False,1000,1000
14200,145,weighted,10,0.8157842356687898,0,23,None,66,1,5,False,1000,1000
14201,146,weighted,10,0.8169785031847133,0,23,None,66,1,5,False,1000,1000
14202,147,weighted,10,0.8178742038216561,0,23,None,66,1,5,False,1000,1000
14203,148,weighted,10,0.8175756369426752,0,23,None,66,1,5,False,1000,1000
14204,149,weighted,10,0.8177746815286624,0,23,None,66,1,5,False,1000,1000
14205,145,weighted,10,0.796875,0,15,None,66,1,5,False,1000,1000
14206,146,weighted,10,0.7997611464968153,0,15,None,66,1,5,False,1000,1000
14207,147,weighted,10,0.8012539808917197,0,15,None,66,1,5,False,1000,1000
14208,148,weighted,10,0.8029458598726115,0,15,None,66,1,5,False,1000,1000
14209,149,weighted,10,0.8034434713375797,0,15,None,66,1,5,False,1000,1000
14210,145,weighted,10,0.789609872611465,0,10,None,66,1,5,False,1000,1000
14211,146,weighted,10,0.7901074840764332,0,10,None,66,1,5,False,1000,1000
14212,147,weighted,10,0.7909036624203821,0,10,None,66,1,5,False,1000,1000
14213,148,weighted,10,0.7920979299363057,0,10,None,66,1,5,False,1000,1000
14214,149,weighted,10,0.7918988853503185,0,10,None,66,1,5,False,1000,1000
14215,145,weighted,10,0.8153861464968153,0,13,None,66,1,5,False,1000,1000
14216,146,weighted,10,0.8187699044585988,0,13,None,66,1,5,False,1000,1000
14217,147,weighted,10,0.8187699044585988,0,13,None,66,1,5,False,1000,1000
14218,148,weighted,10,0.8187699044585988,0,13,None,66,1,5,False,1000,1000
14219,149,weighted,10,0.8185708598726115,0,13,None,66,1,5,False,1000,1000
14220,145,weighted,10,0.7693073248407644,0,11,None,66,1,5,False,1000,1000
14221,146,weighted,10,0.7642316878980892,0,11,None,66,1,5,False,1000,1000
14222,147,weighted,10,0.7619426751592356,0,11,None,66,1,5,False,1000,1000
14223,148,weighted,10,0.7581608280254777,0,11,None,66,1,5,False,1000,1000
14224,149,weighted,10,0.7550756369426752,0,11,None,66,1,5,False,1000,1000
14225,145,weighted,10,0.809812898089172,0,20,None,66,1,5,False,1000,1000
14226,146,weighted,10,0.8095143312101911,0,20,None,66,1,5,False,1000,1000
14227,147,weighted,10,0.8085191082802548,0,20,None,66,1,5,False,1000,1000
14228,148,weighted,10,0.8057324840764332,0,20,None,66,1,5,False,1000,1000
14229,149,weighted,10,0.8039410828025477,0,20,None,66,1,5,False,1000,1000
14230,145,weighted,10,0.8191679936305732,0,5,None,66,1,5,False,1000,1000
14231,146,weighted,10,0.8184713375796179,0,5,None,66,1,5,False,1000,1000
14232,147,weighted,10,0.8179737261146497,0,5,None,66,1,5,False,1000,1000
14233,148,weighted,10,0.8184713375796179,0,5,None,66,1,5,False,1000,1000
14234,149,weighted,10,0.8185708598726115,0,5,None,66,1,5,False,1000,1000
14235,145,weighted,10,0.8139928343949044,0,30,None,66,1,5,False,1000,1000
14236,146,weighted,10,0.8124004777070064,0,30,None,66,1,5,False,1000,1000
14237,147,weighted,10,0.8119028662420382,0,30,None,66,1,5,False,1000,1000
14238,148,weighted,10,0.8112062101910829,0,30,None,66,1,5,False,1000,1000
14239,149,weighted,10,0.8108081210191083,0,30,None,66,1,5,False,1000,1000
14240,145,weighted,10,0.8107085987261147,0,25,None,66,1,5,False,1000,1000
14241,146,weighted,10,0.8228503184713376,0,25,None,66,1,5,False,1000,1000
14242,147,weighted,10,0.8289211783439491,0,25,None,66,1,5,False,1000,1000
14243,148,weighted,10,0.8317078025477707,0,25,None,66,1,5,False,1000,1000
14244,149,weighted,10,0.8342953821656051,0,25,None,66,1,5,False,1000,1000
14245,145,weighted,10,0.8369824840764332,0,14,None,66,1,5,False,1000,1000
14246,146,weighted,10,0.8357882165605095,0,14,None,66,1,5,False,1000,1000
14247,147,weighted,10,0.8360867834394905,0,14,None,66,1,5,False,1000,1000
14248,148,weighted,10,0.8362858280254777,0,14,None,66,1,5,False,1000,1000
14249,149,weighted,10,0.8362858280254777,0,14,None,66,1,5,False,1000,1000
14250,145,weighted,10,0.8198646496815286,0,22,None,66,1,5,False,1000,1000
14251,146,weighted,10,0.8196656050955414,0,22,None,66,1,5,False,1000,1000
14252,147,weighted,10,0.8188694267515924,0,22,None,66,1,5,False,1000,1000
14253,148,weighted,10,0.8183718152866242,0,22,None,66,1,5,False,1000,1000
14254,149,weighted,10,0.8179737261146497,0,22,None,66,1,5,False,1000,1000
14255,145,weighted,10,0.8225517515923567,0,12,None,66,1,5,False,1000,1000
14256,146,weighted,10,0.8226512738853503,0,12,None,66,1,5,False,1000,1000
14257,147,weighted,10,0.8226512738853503,0,12,None,66,1,5,False,1000,1000
14258,148,weighted,10,0.8237460191082803,0,12,None,66,1,5,False,1000,1000
14259,149,weighted,10,0.8240445859872612,0,12,None,66,1,5,False,1000,1000
14260,145,weighted,10,0.8255374203821656,0,6,None,66,1,5,False,1000,1000
14261,146,weighted,10,0.8259355095541401,0,6,None,66,1,5,False,1000,1000
14262,147,weighted,10,0.8258359872611465,0,6,None,66,1,5,False,1000,1000
14263,148,weighted,10,0.8256369426751592,0,6,None,66,1,5,False,1000,1000
14264,149,weighted,10,0.8246417197452229,0,6,None,66,1,5,False,1000,1000
14265,145,weighted,10,0.8182722929936306,0,26,None,66,1,5,False,1000,1000
14266,146,weighted,10,0.8183718152866242,0,26,None,66,1,5,False,1000,1000
14267,147,weighted,10,0.8190684713375797,0,26,None,66,1,5,False,1000,1000
14268,148,weighted,10,0.8200636942675159,0,26,None,66,1,5,False,1000,1000
14269,149,weighted,10,0.8195660828025477,0,26,None,66,1,5,False,1000,1000
14270,145,weighted,10,0.7992635350318471,0,17,None,66,1,5,False,1000,1000
14271,146,weighted,10,0.7986664012738853,0,17,None,66,1,5,False,1000,1000
14272,147,weighted,10,0.7992635350318471,0,17,None,66,1,5,False,1000,1000
14273,148,weighted,10,0.7986664012738853,0,17,None,66,1,5,False,1000,1000
14274,149,weighted,10,0.7989649681528662,0,17,None,66,1,5,False,1000,1000
14275,145,weighted,10,0.7996616242038217,0,24,None,66,1,5,False,1000,1000
14276,146,weighted,10,0.7997611464968153,0,24,None,66,1,5,False,1000,1000
14277,147,weighted,10,0.8002587579617835,0,24,None,66,1,5,False,1000,1000
14278,148,weighted,10,0.8000597133757962,0,24,None,66,1,5,False,1000,1000
14279,149,weighted,10,0.8005573248407644,0,24,None,66,1,5,False,1000,1000
14280,145,weighted,10,0.810609076433121,0,19,None,66,1,5,False,1000,1000
14281,146,weighted,10,0.8099124203821656,0,19,None,66,1,5,False,1000,1000
14282,147,weighted,10,0.8094148089171974,0,19,None,66,1,5,False,1000,1000
14283,148,weighted,10,0.8099124203821656,0,19,None,66,1,5,False,1000,1000
14284,149,weighted,10,0.8099124203821656,0,19,None,66,1,5,False,1000,1000
14285,145,weighted,10,0.7763734076433121,0,21,None,66,1,5,False,1000,1000
14286,146,weighted,10,0.7751791401273885,0,21,None,66,1,5,False,1000,1000
14287,147,weighted,10,0.7737858280254777,0,21,None,66,1,5,False,1000,1000
14288,148,weighted,10,0.7736863057324841,0,21,None,66,1,5,False,1000,1000
14289,149,weighted,10,0.7723925159235668,0,21,None,66,1,5,False,1000,1000
14290,145,weighted,10,0.7961783439490446,0,18,None,66,1,5,False,1000,1000
14291,146,weighted,10,0.7969745222929936,0,18,None,66,1,5,False,1000,1000
14292,147,weighted,10,0.7964769108280255,0,18,None,66,1,5,False,1000,1000
14293,148,weighted,10,0.7962778662420382,0,18,None,66,1,5,False,1000,1000
14294,149,weighted,10,0.7962778662420382,0,18,None,66,1,5,False,1000,1000
14295,145,weighted,10,0.7613455414012739,0,27,None,66,1,5,False,1000,1000
14296,146,weighted,10,0.7627388535031847,0,27,None,66,1,5,False,1000,1000
14297,147,weighted,10,0.7631369426751592,0,27,None,66,1,5,False,1000,1000
14298,148,weighted,10,0.7641321656050956,0,27,None,66,1,5,False,1000,1000
14299,149,weighted,10,0.765625,0,27,None,66,1,5,False,1000,1000
14300,145,weighted,10,0.8064291401273885,0,31,None,66,1,5,False,1000,1000
14301,146,weighted,10,0.8081210191082803,0,31,None,66,1,5,False,1000,1000
14302,147,weighted,10,0.8074243630573248,0,31,None,66,1,5,False,1000,1000
14303,148,weighted,10,0.8069267515923567,0,31,None,66,1,5,False,1000,1000
14304,149,weighted,10,0.8069267515923567,0,31,None,66,1,5,False,1000,1000
14305,145,weighted,10,0.779359076433121,0,28,None,66,1,5,False,1000,1000
14306,146,weighted,10,0.7868232484076433,0,28,None,66,1,5,False,1000,1000
14307,147,weighted,10,0.7917993630573248,0,28,None,66,1,5,False,1000,1000
14308,148,weighted,10,0.7969745222929936,0,28,None,66,1,5,False,1000,1000
14309,149,weighted,10,0.7998606687898089,0,28,None,66,1,5,False,1000,1000
14310,145,weighted,10,0.5585191082802548,0,3,None,66,1,5,False,1000,1000
14311,146,weighted,10,0.5866839171974523,0,3,None,66,1,5,False,1000,1000
14312,147,weighted,10,0.598328025477707,0,3,None,66,1,5,False,1000,1000
14313,148,weighted,10,0.6060907643312102,0,3,None,66,1,5,False,1000,1000
14314,149,weighted,10,0.6117635350318471,0,3,None,66,1,5,False,1000,1000
14315,145,weighted,10,0.8264331210191083,0,9,None,66,1,5,False,1000,1000
14316,146,weighted,10,0.8266321656050956,0,9,None,66,1,5,False,1000,1000
14317,147,weighted,10,0.8269307324840764,0,9,None,66,1,5,False,1000,1000
14318,148,weighted,10,0.8269307324840764,0,9,None,66,1,5,False,1000,1000
14319,149,weighted,10,0.8272292993630573,0,9,None,66,1,5,False,1000,1000
14320,145,weighted,10,0.6977507961783439,0,29,None,66,1,5,False,1000,1000
14321,146,weighted,10,0.7123805732484076,0,29,None,66,1,5,False,1000,1000
14322,147,weighted,10,0.7210390127388535,0,29,None,66,1,5,False,1000,1000
14323,148,weighted,10,0.7264132165605095,0,29,None,66,1,5,False,1000,1000
14324,149,weighted,10,0.7348726114649682,0,29,None,66,1,5,False,1000,1000
14325,145,weighted,10,0.8276273885350318,0,0,None,66,1,5,False,1000,1000
14326,146,weighted,10,0.8272292993630573,0,0,None,66,1,5,False,1000,1000
14327,147,weighted,10,0.8269307324840764,0,0,None,66,1,5,False,1000,1000
14328,148,weighted,10,0.8267316878980892,0,0,None,66,1,5,False,1000,1000
14329,149,weighted,10,0.8265326433121019,0,0,None,66,1,5,False,1000,1000
14330,145,weighted,10,0.8034434713375797,0,32,None,66,1,5,False,1000,1000
14331,146,weighted,10,0.8039410828025477,0,32,None,66,1,5,False,1000,1000
14332,147,weighted,10,0.8038415605095541,0,32,None,66,1,5,False,1000,1000
14333,148,weighted,10,0.8040406050955414,0,32,None,66,1,5,False,1000,1000
14334,149,weighted,10,0.8038415605095541,0,32,None,66,1,5,False,1000,1000
14335,145,weighted,10,0.8116042993630573,0,4,None,66,1,5,False,1000,1000
14336,146,weighted,10,0.8116042993630573,0,4,None,66,1,5,False,1000,1000
14337,147,weighted,10,0.8116042993630573,0,4,None,66,1,5,False,1000,1000
14338,148,weighted,10,0.8110071656050956,0,4,None,66,1,5,False,1000,1000
14339,149,weighted,10,0.8109076433121019,0,4,None,66,1,5,False,1000,1000
14340,145,weighted,10,0.8168789808917197,0,7,None,66,1,5,False,1000,1000
14341,146,weighted,10,0.8176751592356688,0,7,None,66,1,5,False,1000,1000
14342,147,weighted,10,0.8180732484076433,0,7,None,66,1,5,False,1000,1000
14343,148,weighted,10,0.8174761146496815,0,7,None,66,1,5,False,1000,1000
14344,149,weighted,10,0.8175756369426752,0,7,None,66,1,5,False,1000,1000
14345,145,weighted,10,0.7857285031847133,0,8,None,66,1,5,False,1000,1000
14346,146,weighted,10,0.7866242038216561,0,8,None,66,1,5,False,1000,1000
14347,147,weighted,10,0.7870222929936306,0,8,None,66,1,5,False,1000,1000
14348,148,weighted,10,0.788515127388535,0,8,None,66,1,5,False,1000,1000
14349,149,weighted,10,0.7892117834394905,0,8,None,66,1,5,False,1000,1000
14350,145,weighted,10,0.8198646496815286,0,16,None,66,1,5,False,1000,1000
14351,146,weighted,10,0.8206608280254777,0,16,None,66,1,5,False,1000,1000
14352,147,weighted,10,0.8206608280254777,0,16,None,66,1,5,False,1000,1000
14353,148,weighted,10,0.8207603503184714,0,16,None,66,1,5,False,1000,1000
14354,149,weighted,10,0.8215565286624203,0,16,None,66,1,5,False,1000,1000
14355,150,weighted,10,0.8093152866242038,0,25,None,66,1,5,False,1000,1000
14356,151,weighted,10,0.8222531847133758,0,25,None,66,1,5,False,1000,1000
14357,152,weighted,10,0.8299164012738853,0,25,None,66,1,5,False,1000,1000
14358,153,weighted,10,0.833797770700637,0,25,None,66,1,5,False,1000,1000
14359,154,weighted,10,0.8361863057324841,0,25,None,66,1,5,False,1000,1000
14360,150,weighted,10,0.798765923566879,0,17,None,66,1,5,False,1000,1000
14361,151,weighted,10,0.7989649681528662,0,17,None,66,1,5,False,1000,1000
14362,152,weighted,10,0.799562101910828,0,17,None,66,1,5,False,1000,1000
14363,153,weighted,10,0.799562101910828,0,17,None,66,1,5,False,1000,1000
14364,154,weighted,10,0.7997611464968153,0,17,None,66,1,5,False,1000,1000
14365,150,weighted,10,0.8368829617834395,0,14,None,66,1,5,False,1000,1000
14366,151,weighted,10,0.8365843949044586,0,14,None,66,1,5,False,1000,1000
14367,152,weighted,10,0.8358877388535032,0,14,None,66,1,5,False,1000,1000
14368,153,weighted,10,0.8365843949044586,0,14,None,66,1,5,False,1000,1000
14369,154,weighted,10,0.837281050955414,0,14,None,66,1,5,False,1000,1000
14370,150,weighted,10,0.8241441082802548,0,12,None,66,1,5,False,1000,1000
14371,151,weighted,10,0.8237460191082803,0,12,None,66,1,5,False,1000,1000
14372,152,weighted,10,0.8251393312101911,0,12,None,66,1,5,False,1000,1000
14373,153,weighted,10,0.8250398089171974,0,12,None,66,1,5,False,1000,1000
14374,154,weighted,10,0.8249402866242038,0,12,None,66,1,5,False,1000,1000
14375,150,weighted,10,0.822452229299363,0,26,None,66,1,5,False,1000,1000
14376,151,weighted,10,0.822452229299363,0,26,None,66,1,5,False,1000,1000
14377,152,weighted,10,0.8220541401273885,0,26,None,66,1,5,False,1000,1000
14378,153,weighted,10,0.8223527070063694,0,26,None,66,1,5,False,1000,1000
14379,154,weighted,10,0.8228503184713376,0,26,None,66,1,5,False,1000,1000
14380,150,weighted,10,0.8198646496815286,0,7,None,66,1,5,False,1000,1000
14381,151,weighted,10,0.8194665605095541,0,7,None,66,1,5,False,1000,1000
14382,152,weighted,10,0.8195660828025477,0,7,None,66,1,5,False,1000,1000
14383,153,weighted,10,0.8200636942675159,0,7,None,66,1,5,False,1000,1000
14384,154,weighted,10,0.8201632165605095,0,7,None,66,1,5,False,1000,1000
14385,150,weighted,10,0.8095143312101911,0,1,None,66,1,5,False,1000,1000
14386,151,weighted,10,0.8111066878980892,0,1,None,66,1,5,False,1000,1000
14387,152,weighted,10,0.8127985668789809,0,1,None,66,1,5,False,1000,1000
14388,153,weighted,10,0.8125995222929936,0,1,None,66,1,5,False,1000,1000
14389,154,weighted,10,0.8134952229299363,0,1,None,66,1,5,False,1000,1000
14390,150,weighted,10,0.8089171974522293,0,2,None,66,1,5,False,1000,1000
14391,151,weighted,10,0.8132961783439491,0,2,None,66,1,5,False,1000,1000
14392,152,weighted,10,0.8070262738853503,0,2,None,66,1,5,False,1000,1000
14393,153,weighted,10,0.8053343949044586,0,2,None,66,1,5,False,1000,1000
14394,154,weighted,10,0.8030453821656051,0,2,None,66,1,5,False,1000,1000
14395,150,weighted,10,0.8207603503184714,0,5,None,66,1,5,False,1000,1000
14396,151,weighted,10,0.819765127388535,0,5,None,66,1,5,False,1000,1000
14397,152,weighted,10,0.8199641719745223,0,5,None,66,1,5,False,1000,1000
14398,153,weighted,10,0.8196656050955414,0,5,None,66,1,5,False,1000,1000
14399,154,weighted,10,0.8195660828025477,0,5,None,66,1,5,False,1000,1000
14400,150,weighted,10,0.8276273885350318,0,9,None,66,1,5,False,1000,1000
14401,151,weighted,10,0.8277269108280255,0,9,None,66,1,5,False,1000,1000
14402,152,weighted,10,0.828125,0,9,None,66,1,5,False,1000,1000
14403,153,weighted,10,0.8278264331210191,0,9,None,66,1,5,False,1000,1000
14404,154,weighted,10,0.8278264331210191,0,9,None,66,1,5,False,1000,1000
14405,150,weighted,10,0.8182722929936306,0,13,None,66,1,5,False,1000,1000
14406,151,weighted,10,0.8204617834394905,0,13,None,66,1,5,False,1000,1000
14407,152,weighted,10,0.8207603503184714,0,13,None,66,1,5,False,1000,1000
14408,153,weighted,10,0.8205613057324841,0,13,None,66,1,5,False,1000,1000
14409,154,weighted,10,0.8206608280254777,0,13,None,66,1,5,False,1000,1000
14410,150,weighted,10,0.7835390127388535,0,28,None,66,1,5,False,1000,1000
14411,151,weighted,10,0.7915007961783439,0,28,None,66,1,5,False,1000,1000
14412,152,weighted,10,0.796875,0,28,None,66,1,5,False,1000,1000
14413,153,weighted,10,0.801453025477707,0,28,None,66,1,5,False,1000,1000
14414,154,weighted,10,0.8059315286624203,0,28,None,66,1,5,False,1000,1000
14415,150,weighted,10,0.7011345541401274,0,29,None,66,1,5,False,1000,1000
14416,151,weighted,10,0.7139729299363057,0,29,None,66,1,5,False,1000,1000
14417,152,weighted,10,0.7231289808917197,0,29,None,66,1,5,False,1000,1000
14418,153,weighted,10,0.7301950636942676,0,29,None,66,1,5,False,1000,1000
14419,154,weighted,10,0.7374601910828026,0,29,None,66,1,5,False,1000,1000
14420,150,weighted,10,0.8144904458598726,0,20,None,66,1,5,False,1000,1000
14421,151,weighted,10,0.8117038216560509,0,20,None,66,1,5,False,1000,1000
14422,152,weighted,10,0.8093152866242038,0,20,None,66,1,5,False,1000,1000
14423,153,weighted,10,0.8057324840764332,0,20,None,66,1,5,False,1000,1000
14424,154,weighted,10,0.8032444267515924,0,20,None,66,1,5,False,1000,1000
14425,150,weighted,10,0.8278264331210191,0,6,None,66,1,5,False,1000,1000
14426,151,weighted,10,0.8276273885350318,0,6,None,66,1,5,False,1000,1000
14427,152,weighted,10,0.8282245222929936,0,6,None,66,1,5,False,1000,1000
14428,153,weighted,10,0.828125,0,6,None,66,1,5,False,1000,1000
14429,154,weighted,10,0.8271297770700637,0,6,None,66,1,5,False,1000,1000
14430,150,weighted,10,0.8205613057324841,0,22,None,66,1,5,False,1000,1000
14431,151,weighted,10,0.8206608280254777,0,22,None,66,1,5,False,1000,1000
14432,152,weighted,10,0.8202627388535032,0,22,None,66,1,5,False,1000,1000
14433,153,weighted,10,0.8199641719745223,0,22,None,66,1,5,False,1000,1000
14434,154,weighted,10,0.8193670382165605,0,22,None,66,1,5,False,1000,1000
14435,150,weighted,10,0.8062300955414012,0,32,None,66,1,5,False,1000,1000
14436,151,weighted,10,0.8056329617834395,0,32,None,66,1,5,False,1000,1000
14437,152,weighted,10,0.806031050955414,0,32,None,66,1,5,False,1000,1000
14438,153,weighted,10,0.8064291401273885,0,32,None,66,1,5,False,1000,1000
14439,154,weighted,10,0.806827229299363,0,32,None,66,1,5,False,1000,1000
14440,150,weighted,10,0.818968949044586,0,23,None,66,1,5,False,1000,1000
14441,151,weighted,10,0.8198646496815286,0,23,None,66,1,5,False,1000,1000
14442,152,weighted,10,0.8196656050955414,0,23,None,66,1,5,False,1000,1000
14443,153,weighted,10,0.8194665605095541,0,23,None,66,1,5,False,1000,1000
14444,154,weighted,10,0.8193670382165605,0,23,None,66,1,5,False,1000,1000
14445,150,weighted,10,0.8223527070063694,0,16,None,66,1,5,False,1000,1000
14446,151,weighted,10,0.8227507961783439,0,16,None,66,1,5,False,1000,1000
14447,152,weighted,10,0.8227507961783439,0,16,None,66,1,5,False,1000,1000
14448,153,weighted,10,0.8232484076433121,0,16,None,66,1,5,False,1000,1000
14449,154,weighted,10,0.8240445859872612,0,16,None,66,1,5,False,1000,1000
14450,150,weighted,10,0.8004578025477707,0,18,None,66,1,5,False,1000,1000
14451,151,weighted,10,0.8004578025477707,0,18,None,66,1,5,False,1000,1000
14452,152,weighted,10,0.8007563694267515,0,18,None,66,1,5,False,1000,1000
14453,153,weighted,10,0.7997611464968153,0,18,None,66,1,5,False,1000,1000
14454,154,weighted,10,0.7983678343949044,0,18,None,66,1,5,False,1000,1000
14455,150,weighted,10,0.7888136942675159,0,8,None,66,1,5,False,1000,1000
14456,151,weighted,10,0.7897093949044586,0,8,None,66,1,5,False,1000,1000
14457,152,weighted,10,0.791202229299363,0,8,None,66,1,5,False,1000,1000
14458,153,weighted,10,0.7916998407643312,0,8,None,66,1,5,False,1000,1000
14459,154,weighted,10,0.7932921974522293,0,8,None,66,1,5,False,1000,1000
14460,150,weighted,10,0.8127985668789809,0,19,None,66,1,5,False,1000,1000
14461,151,weighted,10,0.8129976114649682,0,19,None,66,1,5,False,1000,1000
14462,152,weighted,10,0.8124004777070064,0,19,None,66,1,5,False,1000,1000
14463,153,weighted,10,0.8123009554140127,0,19,None,66,1,5,False,1000,1000
14464,154,weighted,10,0.8125995222929936,0,19,None,66,1,5,False,1000,1000
14465,150,weighted,10,0.7798566878980892,0,21,None,66,1,5,False,1000,1000
14466,151,weighted,10,0.7782643312101911,0,21,None,66,1,5,False,1000,1000
14467,152,weighted,10,0.7775676751592356,0,21,None,66,1,5,False,1000,1000
14468,153,weighted,10,0.7764729299363057,0,21,None,66,1,5,False,1000,1000
14469,154,weighted,10,0.7761743630573248,0,21,None,66,1,5,False,1000,1000
14470,150,weighted,10,0.8141918789808917,0,4,None,66,1,5,False,1000,1000
14471,151,weighted,10,0.8144904458598726,0,4,None,66,1,5,False,1000,1000
14472,152,weighted,10,0.8146894904458599,0,4,None,66,1,5,False,1000,1000
14473,153,weighted,10,0.8138933121019108,0,4,None,66,1,5,False,1000,1000
14474,154,weighted,10,0.8131966560509554,0,4,None,66,1,5,False,1000,1000
14475,150,weighted,10,0.5478702229299363,0,3,None,66,1,5,False,1000,1000
14476,151,weighted,10,0.5782245222929936,0,3,None,66,1,5,False,1000,1000
14477,152,weighted,10,0.5914609872611465,0,3,None,66,1,5,False,1000,1000
14478,153,weighted,10,0.6003184713375797,0,3,None,66,1,5,False,1000,1000
14479,154,weighted,10,0.6051950636942676,0,3,None,66,1,5,False,1000,1000
14480,150,weighted,10,0.7803542993630573,0,11,None,66,1,5,False,1000,1000
14481,151,weighted,10,0.777468152866242,0,11,None,66,1,5,False,1000,1000
14482,152,weighted,10,0.7742834394904459,0,11,None,66,1,5,False,1000,1000
14483,153,weighted,10,0.7716958598726115,0,11,None,66,1,5,False,1000,1000
14484,154,weighted,10,0.7682125796178344,0,11,None,66,1,5,False,1000,1000
14485,150,weighted,10,0.7935907643312102,0,10,None,66,1,5,False,1000,1000
14486,151,weighted,10,0.7934912420382165,0,10,None,66,1,5,False,1000,1000
14487,152,weighted,10,0.7950835987261147,0,10,None,66,1,5,False,1000,1000
14488,153,weighted,10,0.7966759554140127,0,10,None,66,1,5,False,1000,1000
14489,154,weighted,10,0.7970740445859873,0,10,None,66,1,5,False,1000,1000
14490,150,weighted,10,0.7996616242038217,0,15,None,66,1,5,False,1000,1000
14491,151,weighted,10,0.8022492038216561,0,15,None,66,1,5,False,1000,1000
14492,152,weighted,10,0.8034434713375797,0,15,None,66,1,5,False,1000,1000
14493,153,weighted,10,0.8046377388535032,0,15,None,66,1,5,False,1000,1000
14494,154,weighted,10,0.8049363057324841,0,15,None,66,1,5,False,1000,1000
14495,150,weighted,10,0.8044386942675159,0,24,None,66,1,5,False,1000,1000
14496,151,weighted,10,0.8043391719745223,0,24,None,66,1,5,False,1000,1000
14497,152,weighted,10,0.8039410828025477,0,24,None,66,1,5,False,1000,1000
14498,153,weighted,10,0.8040406050955414,0,24,None,66,1,5,False,1000,1000
14499,154,weighted,10,0.8044386942675159,0,24,None,66,1,5,False,1000,1000
14500,150,weighted,10,0.8294187898089171,0,0,None,66,1,5,False,1000,1000
14501,151,weighted,10,0.8284235668789809,0,0,None,66,1,5,False,1000,1000
14502,152,weighted,10,0.8279259554140127,0,0,None,66,1,5,False,1000,1000
14503,153,weighted,10,0.8286226114649682,0,0,None,66,1,5,False,1000,1000
14504,154,weighted,10,0.8273288216560509,0,0,None,66,1,5,False,1000,1000
14505,150,weighted,10,0.7633359872611465,0,27,None,66,1,5,False,1000,1000
14506,151,weighted,10,0.7640326433121019,0,27,None,66,1,5,False,1000,1000
14507,152,weighted,10,0.7658240445859873,0,27,None,66,1,5,False,1000,1000
14508,153,weighted,10,0.7673168789808917,0,27,None,66,1,5,False,1000,1000
14509,154,weighted,10,0.7689092356687898,0,27,None,66,1,5,False,1000,1000
14510,150,weighted,10,0.809812898089172,0,31,None,66,1,5,False,1000,1000
14511,151,weighted,10,0.8102109872611465,0,31,None,66,1,5,False,1000,1000
14512,152,weighted,10,0.8097133757961783,0,31,None,66,1,5,False,1000,1000
14513,153,weighted,10,0.8102109872611465,0,31,None,66,1,5,False,1000,1000
14514,154,weighted,10,0.8103105095541401,0,31,None,66,1,5,False,1000,1000
14515,150,weighted,10,0.8154856687898089,0,30,None,66,1,5,False,1000,1000
14516,151,weighted,10,0.8129976114649682,0,30,None,66,1,5,False,1000,1000
14517,152,weighted,10,0.8129976114649682,0,30,None,66,1,5,False,1000,1000
14518,153,weighted,10,0.8126990445859873,0,30,None,66,1,5,False,1000,1000
14519,154,weighted,10,0.8125995222929936,0,30,None,66,1,5,False,1000,1000
14594,154,weighted,10,0.8239450636942676,0,16,None,66,1,5,False,1000,1000
14654,154,weighted,10,0.828125,0,9,None,66,1,5,False,1000,1000
14850,155,weighted,10,0.8005573248407644,0,15,None,66,1,5,False,1000,1000
14851,156,weighted,10,0.8029458598726115,0,15,None,66,1,5,False,1000,1000
14852,157,weighted,10,0.8048367834394905,0,15,None,66,1,5,False,1000,1000
14853,158,weighted,10,0.8058320063694268,0,15,None,66,1,5,False,1000,1000
14854,159,weighted,10,0.8062300955414012,0,15,None,66,1,5,False,1000,1000
14855,155,weighted,10,0.7984673566878981,0,10,None,66,1,5,False,1000,1000
14856,156,weighted,10,0.7988654458598726,0,10,None,66,1,5,False,1000,1000
14857,157,weighted,10,0.7993630573248408,0,10,None,66,1,5,False,1000,1000
14858,158,weighted,10,0.8001592356687898,0,10,None,66,1,5,False,1000,1000
14859,159,weighted,10,0.8010549363057324,0,10,None,66,1,5,False,1000,1000
14860,155,weighted,10,0.824343152866242,0,16,None,66,1,5,False,1000,1000
14861,156,weighted,10,0.8242436305732485,0,16,None,66,1,5,False,1000,1000
14862,157,weighted,10,0.8249402866242038,0,16,None,66,1,5,False,1000,1000
14863,158,weighted,10,0.8260350318471338,0,16,None,66,1,5,False,1000,1000
14864,159,weighted,10,0.8265326433121019,0,16,None,66,1,5,False,1000,1000
14865,155,weighted,10,0.7866242038216561,0,11,None,66,1,5,False,1000,1000
14866,156,weighted,10,0.7836385350318471,0,11,None,66,1,5,False,1000,1000
14867,157,weighted,10,0.7811504777070064,0,11,None,66,1,5,False,1000,1000
14868,158,weighted,10,0.7791600318471338,0,11,None,66,1,5,False,1000,1000
14869,159,weighted,10,0.7761743630573248,0,11,None,66,1,5,False,1000,1000
14870,155,weighted,10,0.8166799363057324,0,20,None,66,1,5,False,1000,1000
14871,156,weighted,10,0.8144904458598726,0,20,None,66,1,5,False,1000,1000
14872,157,weighted,10,0.8120023885350318,0,20,None,66,1,5,False,1000,1000
14873,158,weighted,10,0.8095143312101911,0,20,None,66,1,5,False,1000,1000
14874,159,weighted,10,0.8066281847133758,0,20,None,66,1,5,False,1000,1000
14875,155,weighted,10,0.8154856687898089,0,19,None,66,1,5,False,1000,1000
14876,156,weighted,10,0.815187101910828,0,19,None,66,1,5,False,1000,1000
14877,157,weighted,10,0.8148885350318471,0,19,None,66,1,5,False,1000,1000
14878,158,weighted,10,0.8147890127388535,0,19,None,66,1,5,False,1000,1000
14879,159,weighted,10,0.8147890127388535,0,19,None,66,1,5,False,1000,1000
14880,155,weighted,10,0.8365843949044586,0,14,None,66,1,5,False,1000,1000
14881,156,weighted,10,0.8371815286624203,0,14,None,66,1,5,False,1000,1000
14882,157,weighted,10,0.8365843949044586,0,14,None,66,1,5,False,1000,1000
14883,158,weighted,10,0.836484872611465,0,14,None,66,1,5,False,1000,1000
14884,159,weighted,10,0.8365843949044586,0,14,None,66,1,5,False,1000,1000
14885,155,weighted,10,0.8213574840764332,0,22,None,66,1,5,False,1000,1000
14886,156,weighted,10,0.8217555732484076,0,22,None,66,1,5,False,1000,1000
14887,157,weighted,10,0.8218550955414012,0,22,None,66,1,5,False,1000,1000
14888,158,weighted,10,0.8203622611464968,0,22,None,66,1,5,False,1000,1000
14889,159,weighted,10,0.8199641719745223,0,22,None,66,1,5,False,1000,1000
14890,155,weighted,10,0.8078224522292994,0,25,None,66,1,5,False,1000,1000
14891,156,weighted,10,0.8226512738853503,0,25,None,66,1,5,False,1000,1000
14892,157,weighted,10,0.830812101910828,0,25,None,66,1,5,False,1000,1000
14893,158,weighted,10,0.8339968152866242,0,25,None,66,1,5,False,1000,1000
14894,159,weighted,10,0.836484872611465,0,25,None,66,1,5,False,1000,1000
14895,155,weighted,10,0.8241441082802548,0,26,None,66,1,5,False,1000,1000
14896,156,weighted,10,0.8242436305732485,0,26,None,66,1,5,False,1000,1000
14897,157,weighted,10,0.8241441082802548,0,26,None,66,1,5,False,1000,1000
14898,158,weighted,10,0.8246417197452229,0,26,None,66,1,5,False,1000,1000
14899,159,weighted,10,0.824343152866242,0,26,None,66,1,5,False,1000,1000
14900,155,weighted,10,0.8250398089171974,0,12,None,66,1,5,False,1000,1000
14901,156,weighted,10,0.8253383757961783,0,12,None,66,1,5,False,1000,1000
14902,157,weighted,10,0.8265326433121019,0,12,None,66,1,5,False,1000,1000
14903,158,weighted,10,0.8261345541401274,0,12,None,66,1,5,False,1000,1000
14904,159,weighted,10,0.8261345541401274,0,12,None,66,1,5,False,1000,1000
14905,155,weighted,10,0.8187699044585988,0,30,None,66,1,5,False,1000,1000
14906,156,weighted,10,0.816281847133758,0,30,None,66,1,5,False,1000,1000
14907,157,weighted,10,0.8150875796178344,0,30,None,66,1,5,False,1000,1000
14908,158,weighted,10,0.8144904458598726,0,30,None,66,1,5,False,1000,1000
14909,159,weighted,10,0.8140923566878981,0,30,None,66,1,5,False,1000,1000
14910,155,weighted,10,0.8117038216560509,0,31,None,66,1,5,False,1000,1000
14911,156,weighted,10,0.8125,0,31,None,66,1,5,False,1000,1000
14912,157,weighted,10,0.8122014331210191,0,31,None,66,1,5,False,1000,1000
14913,158,weighted,10,0.8120023885350318,0,31,None,66,1,5,False,1000,1000
14914,159,weighted,10,0.8127985668789809,0,31,None,66,1,5,False,1000,1000
14915,155,weighted,10,0.8030453821656051,0,18,None,66,1,5,False,1000,1000
14916,156,weighted,10,0.8017515923566879,0,18,None,66,1,5,False,1000,1000
14917,157,weighted,10,0.8018511146496815,0,18,None,66,1,5,False,1000,1000
14918,158,weighted,10,0.8020501592356688,0,18,None,66,1,5,False,1000,1000
14919,159,weighted,10,0.8019506369426752,0,18,None,66,1,5,False,1000,1000
14920,155,weighted,10,0.8093152866242038,0,32,None,66,1,5,False,1000,1000
14921,156,weighted,10,0.8097133757961783,0,32,None,66,1,5,False,1000,1000
14922,157,weighted,10,0.8095143312101911,0,32,None,66,1,5,False,1000,1000
14923,158,weighted,10,0.8097133757961783,0,32,None,66,1,5,False,1000,1000
14924,159,weighted,10,0.8099124203821656,0,32,None,66,1,5,False,1000,1000
14925,155,weighted,10,0.8213574840764332,0,7,None,66,1,5,False,1000,1000
14926,156,weighted,10,0.8223527070063694,0,7,None,66,1,5,False,1000,1000
14927,157,weighted,10,0.8225517515923567,0,7,None,66,1,5,False,1000,1000
14928,158,weighted,10,0.8221536624203821,0,7,None,66,1,5,False,1000,1000
14929,159,weighted,10,0.8225517515923567,0,7,None,66,1,5,False,1000,1000
14930,155,weighted,10,0.8306130573248408,0,6,None,66,1,5,False,1000,1000
14931,156,weighted,10,0.8302149681528662,0,6,None,66,1,5,False,1000,1000
14932,157,weighted,10,0.8299164012738853,0,6,None,66,1,5,False,1000,1000
14933,158,weighted,10,0.830015923566879,0,6,None,66,1,5,False,1000,1000
14934,159,weighted,10,0.82921974522293,0,6,None,66,1,5,False,1000,1000
14935,155,weighted,10,0.8122014331210191,0,1,None,66,1,5,False,1000,1000
14936,156,weighted,10,0.8137937898089171,0,1,None,66,1,5,False,1000,1000
14937,157,weighted,10,0.8144904458598726,0,1,None,66,1,5,False,1000,1000
14938,158,weighted,10,0.8147890127388535,0,1,None,66,1,5,False,1000,1000
14939,159,weighted,10,0.8142914012738853,0,1,None,66,1,5,False,1000,1000
14940,155,weighted,10,0.8117038216560509,0,2,None,66,1,5,False,1000,1000
14941,156,weighted,10,0.8155851910828026,0,2,None,66,1,5,False,1000,1000
14942,157,weighted,10,0.8086186305732485,0,2,None,66,1,5,False,1000,1000
14943,158,weighted,10,0.8071257961783439,0,2,None,66,1,5,False,1000,1000
14944,159,weighted,10,0.804140127388535,0,2,None,66,1,5,False,1000,1000
14945,155,weighted,10,0.8233479299363057,0,5,None,66,1,5,False,1000,1000
14946,156,weighted,10,0.8226512738853503,0,5,None,66,1,5,False,1000,1000
14947,157,weighted,10,0.8222531847133758,0,5,None,66,1,5,False,1000,1000
14948,158,weighted,10,0.8222531847133758,0,5,None,66,1,5,False,1000,1000
14949,159,weighted,10,0.821656050955414,0,5,None,66,1,5,False,1000,1000
14950,155,weighted,10,0.5399084394904459,0,3,None,66,1,5,False,1000,1000
14951,156,weighted,10,0.5736464968152867,0,3,None,66,1,5,False,1000,1000
14952,157,weighted,10,0.5855891719745223,0,3,None,66,1,5,False,1000,1000
14953,158,weighted,10,0.5952428343949044,0,3,None,66,1,5,False,1000,1000
14954,159,weighted,10,0.5998208598726115,0,3,None,66,1,5,False,1000,1000
14955,155,weighted,10,0.8287221337579618,0,9,None,66,1,5,False,1000,1000
14956,156,weighted,10,0.8288216560509554,0,9,None,66,1,5,False,1000,1000
14957,157,weighted,10,0.8279259554140127,0,9,None,66,1,5,False,1000,1000
14958,158,weighted,10,0.8282245222929936,0,9,None,66,1,5,False,1000,1000
14959,159,weighted,10,0.8278264331210191,0,9,None,66,1,5,False,1000,1000
14960,155,weighted,10,0.7929936305732485,0,8,None,66,1,5,False,1000,1000
14961,156,weighted,10,0.7935907643312102,0,8,None,66,1,5,False,1000,1000
14962,157,weighted,10,0.7940883757961783,0,8,None,66,1,5,False,1000,1000
14963,158,weighted,10,0.7956807324840764,0,8,None,66,1,5,False,1000,1000
14964,159,weighted,10,0.796875,0,8,None,66,1,5,False,1000,1000
14965,155,weighted,10,0.821656050955414,0,13,None,66,1,5,False,1000,1000
14966,156,weighted,10,0.8233479299363057,0,13,None,66,1,5,False,1000,1000
14967,157,weighted,10,0.8228503184713376,0,13,None,66,1,5,False,1000,1000
14968,158,weighted,10,0.8225517515923567,0,13,None,66,1,5,False,1000,1000
14969,159,weighted,10,0.8230493630573248,0,13,None,66,1,5,False,1000,1000
14970,155,weighted,10,0.7878184713375797,0,28,None,66,1,5,False,1000,1000
14971,156,weighted,10,0.7970740445859873,0,28,None,66,1,5,False,1000,1000
14972,157,weighted,10,0.8027468152866242,0,28,None,66,1,5,False,1000,1000
14973,158,weighted,10,0.8071257961783439,0,28,None,66,1,5,False,1000,1000
14974,159,weighted,10,0.810609076433121,0,28,None,66,1,5,False,1000,1000
14975,155,weighted,10,0.6998407643312102,0,29,None,66,1,5,False,1000,1000
14976,156,weighted,10,0.7126791401273885,0,29,None,66,1,5,False,1000,1000
14977,157,weighted,10,0.7217356687898089,0,29,None,66,1,5,False,1000,1000
14978,158,weighted,10,0.7304936305732485,0,29,None,66,1,5,False,1000,1000
14979,159,weighted,10,0.7394506369426752,0,29,None,66,1,5,False,1000,1000
14980,155,weighted,10,0.817078025477707,0,4,None,66,1,5,False,1000,1000
14981,156,weighted,10,0.8176751592356688,0,4,None,66,1,5,False,1000,1000
14982,157,weighted,10,0.8172770700636943,0,4,None,66,1,5,False,1000,1000
14983,158,weighted,10,0.8173765923566879,0,4,None,66,1,5,False,1000,1000
14984,159,weighted,10,0.8173765923566879,0,4,None,66,1,5,False,1000,1000
14985,155,weighted,10,0.8223527070063694,0,23,None,66,1,5,False,1000,1000
14986,156,weighted,10,0.8225517515923567,0,23,None,66,1,5,False,1000,1000
14987,157,weighted,10,0.8232484076433121,0,23,None,66,1,5,False,1000,1000
14988,158,weighted,10,0.8231488853503185,0,23,None,66,1,5,False,1000,1000
14989,159,weighted,10,0.8238455414012739,0,23,None,66,1,5,False,1000,1000
14990,155,weighted,10,0.832703025477707,0,0,None,66,1,5,False,1000,1000
14991,156,weighted,10,0.8318073248407644,0,0,None,66,1,5,False,1000,1000
14992,157,weighted,10,0.8303144904458599,0,0,None,66,1,5,False,1000,1000
14993,158,weighted,10,0.8299164012738853,0,0,None,66,1,5,False,1000,1000
14994,159,weighted,10,0.8299164012738853,0,0,None,66,1,5,False,1000,1000
14995,155,weighted,10,0.8011544585987261,0,17,None,66,1,5,False,1000,1000
14996,156,weighted,10,0.8012539808917197,0,17,None,66,1,5,False,1000,1000
14997,157,weighted,10,0.8012539808917197,0,17,None,66,1,5,False,1000,1000
14998,158,weighted,10,0.8007563694267515,0,17,None,66,1,5,False,1000,1000
14999,159,weighted,10,0.8013535031847133,0,17,None,66,1,5,False,1000,1000
15000,155,weighted,10,0.7859275477707006,0,21,None,66,1,5,False,1000,1000
15001,156,weighted,10,0.7832404458598726,0,21,None,66,1,5,False,1000,1000
15002,157,weighted,10,0.7817476114649682,0,21,None,66,1,5,False,1000,1000
15003,158,weighted,10,0.7809514331210191,0,21,None,66,1,5,False,1000,1000
15004,159,weighted,10,0.7807523885350318,0,21,None,66,1,5,False,1000,1000
15005,155,weighted,10,0.8092157643312102,0,24,None,66,1,5,False,1000,1000
15006,156,weighted,10,0.8088176751592356,0,24,None,66,1,5,False,1000,1000
15007,157,weighted,10,0.8082205414012739,0,24,None,66,1,5,False,1000,1000
15008,158,weighted,10,0.8073248407643312,0,24,None,66,1,5,False,1000,1000
15009,159,weighted,10,0.8074243630573248,0,24,None,66,1,5,False,1000,1000
15010,160,weighted,10,0.8240445859872612,0,26,None,66,1,5,False,1000,1000
15011,161,weighted,10,0.824343152866242,0,26,None,66,1,5,False,1000,1000
15012,162,weighted,10,0.8244426751592356,0,26,None,66,1,5,False,1000,1000
15013,163,weighted,10,0.8252388535031847,0,26,None,66,1,5,False,1000,1000
15014,164,weighted,10,0.8250398089171974,0,26,None,66,1,5,False,1000,1000
15015,155,weighted,10,0.7659235668789809,0,27,None,66,1,5,False,1000,1000
15016,156,weighted,10,0.7680135350318471,0,27,None,66,1,5,False,1000,1000
15017,157,weighted,10,0.7692078025477707,0,27,None,66,1,5,False,1000,1000
15018,158,weighted,10,0.7698049363057324,0,27,None,66,1,5,False,1000,1000
15019,159,weighted,10,0.7709992038216561,0,27,None,66,1,5,False,1000,1000
15020,160,weighted,10,0.8277269108280255,0,16,None,66,1,5,False,1000,1000
15021,161,weighted,10,0.8273288216560509,0,16,None,66,1,5,False,1000,1000
15022,162,weighted,10,0.8279259554140127,0,16,None,66,1,5,False,1000,1000
15023,163,weighted,10,0.8280254777070064,0,16,None,66,1,5,False,1000,1000
15024,164,weighted,10,0.8289211783439491,0,16,None,66,1,5,False,1000,1000
15025,160,weighted,10,0.8125,0,32,None,66,1,5,False,1000,1000
15026,161,weighted,10,0.8121019108280255,0,32,None,66,1,5,False,1000,1000
15027,162,weighted,10,0.8125,0,32,None,66,1,5,False,1000,1000
15028,163,weighted,10,0.8125995222929936,0,32,None,66,1,5,False,1000,1000
15029,164,weighted,10,0.8131966560509554,0,32,None,66,1,5,False,1000,1000
15030,160,weighted,10,0.8072253184713376,0,25,None,66,1,5,False,1000,1000
15031,161,weighted,10,0.8238455414012739,0,25,None,66,1,5,False,1000,1000
15032,162,weighted,10,0.8309116242038217,0,25,None,66,1,5,False,1000,1000
15033,163,weighted,10,0.8351910828025477,0,25,None,66,1,5,False,1000,1000
15034,164,weighted,10,0.8386743630573248,0,25,None,66,1,5,False,1000,1000
15035,160,weighted,10,0.8241441082802548,0,7,None,66,1,5,False,1000,1000
15036,161,weighted,10,0.8249402866242038,0,7,None,66,1,5,False,1000,1000
15037,162,weighted,10,0.8248407643312102,0,7,None,66,1,5,False,1000,1000
15038,163,weighted,10,0.8245421974522293,0,7,None,66,1,5,False,1000,1000
15039,164,weighted,10,0.824343152866242,0,7,None,66,1,5,False,1000,1000
15040,160,weighted,10,0.8027468152866242,0,10,None,66,1,5,False,1000,1000
15041,161,weighted,10,0.8034434713375797,0,10,None,66,1,5,False,1000,1000
15042,162,weighted,10,0.804140127388535,0,10,None,66,1,5,False,1000,1000
15043,163,weighted,10,0.8030453821656051,0,10,None,66,1,5,False,1000,1000
15044,164,weighted,10,0.8030453821656051,0,10,None,66,1,5,False,1000,1000
15045,160,weighted,10,0.7967754777070064,0,11,None,66,1,5,False,1000,1000
15046,161,weighted,10,0.7928941082802548,0,11,None,66,1,5,False,1000,1000
15047,162,weighted,10,0.7894108280254777,0,11,None,66,1,5,False,1000,1000
15048,163,weighted,10,0.786922770700637,0,11,None,66,1,5,False,1000,1000
15049,164,weighted,10,0.7842356687898089,0,11,None,66,1,5,False,1000,1000
15050,160,weighted,10,0.8273288216560509,0,12,None,66,1,5,False,1000,1000
15051,161,weighted,10,0.8275278662420382,0,12,None,66,1,5,False,1000,1000
15052,162,weighted,10,0.8271297770700637,0,12,None,66,1,5,False,1000,1000
15053,163,weighted,10,0.8279259554140127,0,12,None,66,1,5,False,1000,1000
15054,164,weighted,10,0.8282245222929936,0,12,None,66,1,5,False,1000,1000
15055,160,weighted,10,0.8013535031847133,0,15,None,66,1,5,False,1000,1000
15056,161,weighted,10,0.803343949044586,0,15,None,66,1,5,False,1000,1000
15057,162,weighted,10,0.8047372611464968,0,15,None,66,1,5,False,1000,1000
15058,163,weighted,10,0.8071257961783439,0,15,None,66,1,5,False,1000,1000
15059,164,weighted,10,0.8080214968152867,0,15,None,66,1,5,False,1000,1000
15060,160,weighted,10,0.8188694267515924,0,20,None,66,1,5,False,1000,1000
15061,161,weighted,10,0.8185708598726115,0,20,None,66,1,5,False,1000,1000
15062,162,weighted,10,0.8142914012738853,0,20,None,66,1,5,False,1000,1000
15063,163,weighted,10,0.8120023885350318,0,20,None,66,1,5,False,1000,1000
15064,164,weighted,10,0.8107085987261147,0,20,None,66,1,5,False,1000,1000
15065,160,weighted,10,0.821656050955414,0,30,None,66,1,5,False,1000,1000
15066,161,weighted,10,0.8180732484076433,0,30,None,66,1,5,False,1000,1000
15067,162,weighted,10,0.8166799363057324,0,30,None,66,1,5,False,1000,1000
15068,163,weighted,10,0.8158837579617835,0,30,None,66,1,5,False,1000,1000
15069,164,weighted,10,0.8160828025477707,0,30,None,66,1,5,False,1000,1000
15070,160,weighted,10,0.8171775477707006,0,19,None,66,1,5,False,1000,1000
15071,161,weighted,10,0.8179737261146497,0,19,None,66,1,5,False,1000,1000
15072,162,weighted,10,0.8175756369426752,0,19,None,66,1,5,False,1000,1000
15073,163,weighted,10,0.8176751592356688,0,19,None,66,1,5,False,1000,1000
15074,164,weighted,10,0.8176751592356688,0,19,None,66,1,5,False,1000,1000
15075,160,weighted,10,0.8056329617834395,0,18,None,66,1,5,False,1000,1000
15076,161,weighted,10,0.8047372611464968,0,18,None,66,1,5,False,1000,1000
15077,162,weighted,10,0.8046377388535032,0,18,None,66,1,5,False,1000,1000
15078,163,weighted,10,0.8047372611464968,0,18,None,66,1,5,False,1000,1000
15079,164,weighted,10,0.8051353503184714,0,18,None,66,1,5,False,1000,1000
15080,160,weighted,10,0.81359474522293,0,31,None,66,1,5,False,1000,1000
15081,161,weighted,10,0.8146894904458599,0,31,None,66,1,5,False,1000,1000
15082,162,weighted,10,0.8146894904458599,0,31,None,66,1,5,False,1000,1000
15083,163,weighted,10,0.8149880573248408,0,31,None,66,1,5,False,1000,1000
15084,164,weighted,10,0.8150875796178344,0,31,None,66,1,5,False,1000,1000
15085,160,weighted,10,0.8370820063694268,0,14,None,66,1,5,False,1000,1000
15086,161,weighted,10,0.8375796178343949,0,14,None,66,1,5,False,1000,1000
15087,162,weighted,10,0.8370820063694268,0,14,None,66,1,5,False,1000,1000
15088,163,weighted,10,0.837281050955414,0,14,None,66,1,5,False,1000,1000
15089,164,weighted,10,0.8365843949044586,0,14,None,66,1,5,False,1000,1000
15090,160,weighted,10,0.8314092356687898,0,6,None,66,1,5,False,1000,1000
15091,161,weighted,10,0.8324044585987261,0,6,None,66,1,5,False,1000,1000
15092,162,weighted,10,0.8322054140127388,0,6,None,66,1,5,False,1000,1000
15093,163,weighted,10,0.8315087579617835,0,6,None,66,1,5,False,1000,1000
15094,164,weighted,10,0.830812101910828,0,6,None,66,1,5,False,1000,1000
15095,160,weighted,10,0.8228503184713376,0,22,None,66,1,5,False,1000,1000
15096,161,weighted,10,0.8220541401273885,0,22,None,66,1,5,False,1000,1000
15097,162,weighted,10,0.8222531847133758,0,22,None,66,1,5,False,1000,1000
15098,163,weighted,10,0.8211584394904459,0,22,None,66,1,5,False,1000,1000
15099,164,weighted,10,0.820859872611465,0,22,None,66,1,5,False,1000,1000
15100,160,weighted,10,0.8039410828025477,0,17,None,66,1,5,False,1000,1000
15101,161,weighted,10,0.8030453821656051,0,17,None,66,1,5,False,1000,1000
15102,162,weighted,10,0.8028463375796179,0,17,None,66,1,5,False,1000,1000
15103,163,weighted,10,0.8036425159235668,0,17,None,66,1,5,False,1000,1000
15104,164,weighted,10,0.803343949044586,0,17,None,66,1,5,False,1000,1000
15105,160,weighted,10,0.8125995222929936,0,24,None,66,1,5,False,1000,1000
15106,161,weighted,10,0.8113057324840764,0,24,None,66,1,5,False,1000,1000
15107,162,weighted,10,0.8111066878980892,0,24,None,66,1,5,False,1000,1000
15108,163,weighted,10,0.8111066878980892,0,24,None,66,1,5,False,1000,1000
15109,164,weighted,10,0.8112062101910829,0,24,None,66,1,5,False,1000,1000
15110,160,weighted,10,0.8145899681528662,0,1,None,66,1,5,False,1000,1000
15111,161,weighted,10,0.8160828025477707,0,1,None,66,1,5,False,1000,1000
15112,162,weighted,10,0.8161823248407644,0,1,None,66,1,5,False,1000,1000
15113,163,weighted,10,0.8164808917197452,0,1,None,66,1,5,False,1000,1000
15114,164,weighted,10,0.8165804140127388,0,1,None,66,1,5,False,1000,1000
15115,160,weighted,10,0.8126990445859873,0,2,None,66,1,5,False,1000,1000
15116,161,weighted,10,0.8176751592356688,0,2,None,66,1,5,False,1000,1000
15117,162,weighted,10,0.8095143312101911,0,2,None,66,1,5,False,1000,1000
15118,163,weighted,10,0.8094148089171974,0,2,None,66,1,5,False,1000,1000
15119,164,weighted,10,0.8055334394904459,0,2,None,66,1,5,False,1000,1000
15120,160,weighted,10,0.8342953821656051,0,0,None,66,1,5,False,1000,1000
15121,161,weighted,10,0.8328025477707006,0,0,None,66,1,5,False,1000,1000
15122,162,weighted,10,0.8322054140127388,0,0,None,66,1,5,False,1000,1000
15123,163,weighted,10,0.8314092356687898,0,0,None,66,1,5,False,1000,1000
15124,164,weighted,10,0.8316082802547771,0,0,None,66,1,5,False,1000,1000
15125,160,weighted,10,0.5287619426751592,0,3,None,66,1,5,False,1000,1000
15126,161,weighted,10,0.5649880573248408,0,3,None,66,1,5,False,1000,1000
15127,162,weighted,10,0.5780254777070064,0,3,None,66,1,5,False,1000,1000
15128,163,weighted,10,0.5846934713375797,0,3,None,66,1,5,False,1000,1000
15129,164,weighted,10,0.5919585987261147,0,3,None,66,1,5,False,1000,1000
15130,160,weighted,10,0.8194665605095541,0,4,None,66,1,5,False,1000,1000
15131,161,weighted,10,0.818968949044586,0,4,None,66,1,5,False,1000,1000
15132,162,weighted,10,0.8188694267515924,0,4,None,66,1,5,False,1000,1000
15133,163,weighted,10,0.8180732484076433,0,4,None,66,1,5,False,1000,1000
15134,164,weighted,10,0.818172770700637,0,4,None,66,1,5,False,1000,1000
15135,160,weighted,10,0.8253383757961783,0,5,None,66,1,5,False,1000,1000
15136,161,weighted,10,0.8238455414012739,0,5,None,66,1,5,False,1000,1000
15137,162,weighted,10,0.8236464968152867,0,5,None,66,1,5,False,1000,1000
15138,163,weighted,10,0.8234474522292994,0,5,None,66,1,5,False,1000,1000
15139,164,weighted,10,0.823546974522293,0,5,None,66,1,5,False,1000,1000
15140,160,weighted,10,0.7950835987261147,0,8,None,66,1,5,False,1000,1000
15141,161,weighted,10,0.7951831210191083,0,8,None,66,1,5,False,1000,1000
15142,162,weighted,10,0.7971735668789809,0,8,None,66,1,5,False,1000,1000
15143,163,weighted,10,0.7983678343949044,0,8,None,66,1,5,False,1000,1000
15144,164,weighted,10,0.7986664012738853,0,8,None,66,1,5,False,1000,1000
15145,160,weighted,10,0.8289211783439491,0,9,None,66,1,5,False,1000,1000
15146,161,weighted,10,0.82921974522293,0,9,None,66,1,5,False,1000,1000
15147,162,weighted,10,0.8285230891719745,0,9,None,66,1,5,False,1000,1000
15148,163,weighted,10,0.8276273885350318,0,9,None,66,1,5,False,1000,1000
15149,164,weighted,10,0.8283240445859873,0,9,None,66,1,5,False,1000,1000
15150,160,weighted,10,0.8219546178343949,0,13,None,66,1,5,False,1000,1000
15151,161,weighted,10,0.8240445859872612,0,13,None,66,1,5,False,1000,1000
15152,162,weighted,10,0.8241441082802548,0,13,None,66,1,5,False,1000,1000
15153,163,weighted,10,0.8239450636942676,0,13,None,66,1,5,False,1000,1000
15154,164,weighted,10,0.8244426751592356,0,13,None,66,1,5,False,1000,1000
15155,160,weighted,10,0.787718949044586,0,21,None,66,1,5,False,1000,1000
15156,161,weighted,10,0.7857285031847133,0,21,None,66,1,5,False,1000,1000
15157,162,weighted,10,0.7830414012738853,0,21,None,66,1,5,False,1000,1000
15158,163,weighted,10,0.7834394904458599,0,21,None,66,1,5,False,1000,1000
15159,164,weighted,10,0.7822452229299363,0,21,None,66,1,5,False,1000,1000
15160,160,weighted,10,0.8258359872611465,0,23,None,66,1,5,False,1000,1000
15161,161,weighted,10,0.8261345541401274,0,23,None,66,1,5,False,1000,1000
15162,162,weighted,10,0.8266321656050956,0,23,None,66,1,5,False,1000,1000
15163,163,weighted,10,0.8266321656050956,0,23,None,66,1,5,False,1000,1000
15164,164,weighted,10,0.8266321656050956,0,23,None,66,1,5,False,1000,1000
15165,160,weighted,10,0.7688097133757962,0,27,None,66,1,5,False,1000,1000
15166,161,weighted,10,0.7699044585987261,0,27,None,66,1,5,False,1000,1000
15167,162,weighted,10,0.7711982484076433,0,27,None,66,1,5,False,1000,1000
15168,163,weighted,10,0.7730891719745223,0,27,None,66,1,5,False,1000,1000
15169,164,weighted,10,0.7753781847133758,0,27,None,66,1,5,False,1000,1000
15170,160,weighted,10,0.793093152866242,0,28,None,66,1,5,False,1000,1000
15171,161,weighted,10,0.8023487261146497,0,28,None,66,1,5,False,1000,1000
15172,162,weighted,10,0.806827229299363,0,28,None,66,1,5,False,1000,1000
15173,163,weighted,10,0.8107085987261147,0,28,None,66,1,5,False,1000,1000
15174,164,weighted,10,0.8127985668789809,0,28,None,66,1,5,False,1000,1000
15175,160,weighted,10,0.6999402866242038,0,29,None,66,1,5,False,1000,1000
15176,161,weighted,10,0.711484872611465,0,29,None,66,1,5,False,1000,1000
15177,162,weighted,10,0.7203423566878981,0,29,None,66,1,5,False,1000,1000
15178,163,weighted,10,0.7308917197452229,0,29,None,66,1,5,False,1000,1000
15179,164,weighted,10,0.7394506369426752,0,29,None,66,1,5,False,1000,1000
15180,165,weighted,10,0.8172770700636943,0,1,None,66,1,5,False,1000,1000
15181,166,weighted,10,0.8178742038216561,0,1,None,66,1,5,False,1000,1000
15182,167,weighted,10,0.8183718152866242,0,1,None,66,1,5,False,1000,1000
15183,168,weighted,10,0.8193670382165605,0,1,None,66,1,5,False,1000,1000
15184,169,weighted,10,0.8194665605095541,0,1,None,66,1,5,False,1000,1000
15185,165,weighted,10,0.8284235668789809,0,23,None,66,1,5,False,1000,1000
15186,166,weighted,10,0.8291202229299363,0,23,None,66,1,5,False,1000,1000
15187,167,weighted,10,0.8299164012738853,0,23,None,66,1,5,False,1000,1000
15188,168,weighted,10,0.8291202229299363,0,23,None,66,1,5,False,1000,1000
15189,169,weighted,10,0.8289211783439491,0,23,None,66,1,5,False,1000,1000
15190,165,weighted,10,0.7970740445859873,0,28,None,66,1,5,False,1000,1000
15191,166,weighted,10,0.805234872611465,0,28,None,66,1,5,False,1000,1000
15192,167,weighted,10,0.8107085987261147,0,28,None,66,1,5,False,1000,1000
15193,168,weighted,10,0.8140923566878981,0,28,None,66,1,5,False,1000,1000
15194,169,weighted,10,0.817078025477707,0,28,None,66,1,5,False,1000,1000
15195,165,weighted,10,0.6983479299363057,0,29,None,66,1,5,False,1000,1000
15196,166,weighted,10,0.7098925159235668,0,29,None,66,1,5,False,1000,1000
15197,167,weighted,10,0.7195461783439491,0,29,None,66,1,5,False,1000,1000
15198,168,weighted,10,0.7306926751592356,0,29,None,66,1,5,False,1000,1000
15199,169,weighted,10,0.7422372611464968,0,29,None,66,1,5,False,1000,1000
15200,165,weighted,10,0.8037420382165605,0,10,None,66,1,5,False,1000,1000
15201,166,weighted,10,0.8047372611464968,0,10,None,66,1,5,False,1000,1000
15202,167,weighted,10,0.8044386942675159,0,10,None,66,1,5,False,1000,1000
15203,168,weighted,10,0.8047372611464968,0,10,None,66,1,5,False,1000,1000
15204,169,weighted,10,0.8047372611464968,0,10,None,66,1,5,False,1000,1000
15205,165,weighted,10,0.8019506369426752,0,15,None,66,1,5,False,1000,1000
15206,166,weighted,10,0.8051353503184714,0,15,None,66,1,5,False,1000,1000
15207,167,weighted,10,0.807921974522293,0,15,None,66,1,5,False,1000,1000
15208,168,weighted,10,0.8096138535031847,0,15,None,66,1,5,False,1000,1000
15209,169,weighted,10,0.8108081210191083,0,15,None,66,1,5,False,1000,1000
15210,165,weighted,10,0.8249402866242038,0,13,None,66,1,5,False,1000,1000
15211,166,weighted,10,0.8253383757961783,0,13,None,66,1,5,False,1000,1000
15212,167,weighted,10,0.8257364649681529,0,13,None,66,1,5,False,1000,1000
15213,168,weighted,10,0.8258359872611465,0,13,None,66,1,5,False,1000,1000
15214,169,weighted,10,0.8263335987261147,0,13,None,66,1,5,False,1000,1000
15215,165,weighted,10,0.8075238853503185,0,11,None,66,1,5,False,1000,1000
15216,166,weighted,10,0.8024482484076433,0,11,None,66,1,5,False,1000,1000
15217,167,weighted,10,0.7989649681528662,0,11,None,66,1,5,False,1000,1000
15218,168,weighted,10,0.7967754777070064,0,11,None,66,1,5,False,1000,1000
15219,169,weighted,10,0.7938893312101911,0,11,None,66,1,5,False,1000,1000
15220,165,weighted,10,0.8250398089171974,0,26,None,66,1,5,False,1000,1000
15221,166,weighted,10,0.8261345541401274,0,26,None,66,1,5,False,1000,1000
15222,167,weighted,10,0.8256369426751592,0,26,None,66,1,5,False,1000,1000
15223,168,weighted,10,0.8263335987261147,0,26,None,66,1,5,False,1000,1000
15224,169,weighted,10,0.8256369426751592,0,26,None,66,1,5,False,1000,1000
15225,165,weighted,10,0.8138933121019108,0,32,None,66,1,5,False,1000,1000
15226,166,weighted,10,0.8142914012738853,0,32,None,66,1,5,False,1000,1000
15227,167,weighted,10,0.8137937898089171,0,32,None,66,1,5,False,1000,1000
15228,168,weighted,10,0.8142914012738853,0,32,None,66,1,5,False,1000,1000
15229,169,weighted,10,0.8146894904458599,0,32,None,66,1,5,False,1000,1000
15230,165,weighted,10,0.8298168789808917,0,16,None,66,1,5,False,1000,1000
15231,166,weighted,10,0.830015923566879,0,16,None,66,1,5,False,1000,1000
15232,167,weighted,10,0.8303144904458599,0,16,None,66,1,5,False,1000,1000
15233,168,weighted,10,0.8303144904458599,0,16,None,66,1,5,False,1000,1000
15234,169,weighted,10,0.8307125796178344,0,16,None,66,1,5,False,1000,1000
15235,165,weighted,10,0.826234076433121,0,7,None,66,1,5,False,1000,1000
15236,166,weighted,10,0.8273288216560509,0,7,None,66,1,5,False,1000,1000
15237,167,weighted,10,0.8268312101910829,0,7,None,66,1,5,False,1000,1000
15238,168,weighted,10,0.8269307324840764,0,7,None,66,1,5,False,1000,1000
15239,169,weighted,10,0.8263335987261147,0,7,None,66,1,5,False,1000,1000
15240,165,weighted,10,0.8366839171974523,0,14,None,66,1,5,False,1000,1000
15241,166,weighted,10,0.8373805732484076,0,14,None,66,1,5,False,1000,1000
15242,167,weighted,10,0.8369824840764332,0,14,None,66,1,5,False,1000,1000
15243,168,weighted,10,0.837281050955414,0,14,None,66,1,5,False,1000,1000
15244,169,weighted,10,0.8378781847133758,0,14,None,66,1,5,False,1000,1000
15245,165,weighted,10,0.8233479299363057,0,22,None,66,1,5,False,1000,1000
15246,166,weighted,10,0.8217555732484076,0,22,None,66,1,5,False,1000,1000
15247,167,weighted,10,0.8209593949044586,0,22,None,66,1,5,False,1000,1000
15248,168,weighted,10,0.8205613057324841,0,22,None,66,1,5,False,1000,1000
15249,169,weighted,10,0.8203622611464968,0,22,None,66,1,5,False,1000,1000
15250,165,weighted,10,0.8288216560509554,0,9,None,66,1,5,False,1000,1000
15251,166,weighted,10,0.8287221337579618,0,9,None,66,1,5,False,1000,1000
15252,167,weighted,10,0.8284235668789809,0,9,None,66,1,5,False,1000,1000
15253,168,weighted,10,0.8279259554140127,0,9,None,66,1,5,False,1000,1000
15254,169,weighted,10,0.8282245222929936,0,9,None,66,1,5,False,1000,1000
15255,165,weighted,10,0.8295183121019108,0,12,None,66,1,5,False,1000,1000
15256,166,weighted,10,0.8297173566878981,0,12,None,66,1,5,False,1000,1000
15257,167,weighted,10,0.8294187898089171,0,12,None,66,1,5,False,1000,1000
15258,168,weighted,10,0.8296178343949044,0,12,None,66,1,5,False,1000,1000
15259,169,weighted,10,0.8298168789808917,0,12,None,66,1,5,False,1000,1000
15260,165,weighted,10,0.8045382165605095,0,25,None,66,1,5,False,1000,1000
15261,166,weighted,10,0.823546974522293,0,25,None,66,1,5,False,1000,1000
15262,167,weighted,10,0.8312101910828026,0,25,None,66,1,5,False,1000,1000
15263,168,weighted,10,0.8354896496815286,0,25,None,66,1,5,False,1000,1000
15264,169,weighted,10,0.8383757961783439,0,25,None,66,1,5,False,1000,1000
15265,165,weighted,10,0.8244426751592356,0,30,None,66,1,5,False,1000,1000
15266,166,weighted,10,0.8206608280254777,0,30,None,66,1,5,False,1000,1000
15267,167,weighted,10,0.8188694267515924,0,30,None,66,1,5,False,1000,1000
15268,168,weighted,10,0.8191679936305732,0,30,None,66,1,5,False,1000,1000
15269,169,weighted,10,0.8191679936305732,0,30,None,66,1,5,False,1000,1000
15270,165,weighted,10,0.8051353503184714,0,17,None,66,1,5,False,1000,1000
15271,166,weighted,10,0.8056329617834395,0,17,None,66,1,5,False,1000,1000
15272,167,weighted,10,0.8062300955414012,0,17,None,66,1,5,False,1000,1000
15273,168,weighted,10,0.8057324840764332,0,17,None,66,1,5,False,1000,1000
15274,169,weighted,10,0.8069267515923567,0,17,None,66,1,5,False,1000,1000
15275,165,weighted,10,0.7907046178343949,0,21,None,66,1,5,False,1000,1000
15276,166,weighted,10,0.7867237261146497,0,21,None,66,1,5,False,1000,1000
15277,167,weighted,10,0.7857285031847133,0,21,None,66,1,5,False,1000,1000
15278,168,weighted,10,0.7854299363057324,0,21,None,66,1,5,False,1000,1000
15279,169,weighted,10,0.7855294585987261,0,21,None,66,1,5,False,1000,1000
15280,165,weighted,10,0.8160828025477707,0,24,None,66,1,5,False,1000,1000
15281,166,weighted,10,0.814390923566879,0,24,None,66,1,5,False,1000,1000
15282,167,weighted,10,0.8146894904458599,0,24,None,66,1,5,False,1000,1000
15283,168,weighted,10,0.8149880573248408,0,24,None,66,1,5,False,1000,1000
15284,169,weighted,10,0.8158837579617835,0,24,None,66,1,5,False,1000,1000
15285,165,weighted,10,0.772093949044586,0,27,None,66,1,5,False,1000,1000
15286,166,weighted,10,0.7744824840764332,0,27,None,66,1,5,False,1000,1000
15287,167,weighted,10,0.7758757961783439,0,27,None,66,1,5,False,1000,1000
15288,168,weighted,10,0.7771695859872612,0,27,None,66,1,5,False,1000,1000
15289,169,weighted,10,0.7792595541401274,0,27,None,66,1,5,False,1000,1000
15290,165,weighted,10,0.8131966560509554,0,2,None,66,1,5,False,1000,1000
15291,166,weighted,10,0.8176751592356688,0,2,None,66,1,5,False,1000,1000
15292,167,weighted,10,0.8111066878980892,0,2,None,66,1,5,False,1000,1000
15293,168,weighted,10,0.8105095541401274,0,2,None,66,1,5,False,1000,1000
15294,169,weighted,10,0.8056329617834395,0,2,None,66,1,5,False,1000,1000
15295,165,weighted,10,0.8267316878980892,0,5,None,66,1,5,False,1000,1000
15296,166,weighted,10,0.8260350318471338,0,5,None,66,1,5,False,1000,1000
15297,167,weighted,10,0.8261345541401274,0,5,None,66,1,5,False,1000,1000
15298,168,weighted,10,0.8257364649681529,0,5,None,66,1,5,False,1000,1000
15299,169,weighted,10,0.8258359872611465,0,5,None,66,1,5,False,1000,1000
15300,165,weighted,10,0.8375796178343949,0,0,None,66,1,5,False,1000,1000
15301,166,weighted,10,0.8342953821656051,0,0,None,66,1,5,False,1000,1000
15302,167,weighted,10,0.8342953821656051,0,0,None,66,1,5,False,1000,1000
15303,168,weighted,10,0.8350915605095541,0,0,None,66,1,5,False,1000,1000
15304,169,weighted,10,0.8339968152866242,0,0,None,66,1,5,False,1000,1000
15305,165,weighted,10,0.8329020700636943,0,6,None,66,1,5,False,1000,1000
15306,166,weighted,10,0.8333996815286624,0,6,None,66,1,5,False,1000,1000
15307,167,weighted,10,0.8334992038216561,0,6,None,66,1,5,False,1000,1000
15308,168,weighted,10,0.8329020700636943,0,6,None,66,1,5,False,1000,1000
15309,169,weighted,10,0.8326035031847133,0,6,None,66,1,5,False,1000,1000
15310,165,weighted,10,0.7984673566878981,0,8,None,66,1,5,False,1000,1000
15311,166,weighted,10,0.7991640127388535,0,8,None,66,1,5,False,1000,1000
15312,167,weighted,10,0.8001592356687898,0,8,None,66,1,5,False,1000,1000
15313,168,weighted,10,0.8009554140127388,0,8,None,66,1,5,False,1000,1000
15314,169,weighted,10,0.8016520700636943,0,8,None,66,1,5,False,1000,1000
15315,165,weighted,10,0.8072253184713376,0,18,None,66,1,5,False,1000,1000
15316,166,weighted,10,0.8059315286624203,0,18,None,66,1,5,False,1000,1000
15317,167,weighted,10,0.8073248407643312,0,18,None,66,1,5,False,1000,1000
15318,168,weighted,10,0.8066281847133758,0,18,None,66,1,5,False,1000,1000
15319,169,weighted,10,0.806031050955414,0,18,None,66,1,5,False,1000,1000
15320,165,weighted,10,0.8176751592356688,0,31,None,66,1,5,False,1000,1000
15321,166,weighted,10,0.8174761146496815,0,31,None,66,1,5,False,1000,1000
15322,167,weighted,10,0.818172770700637,0,31,None,66,1,5,False,1000,1000
15323,168,weighted,10,0.818172770700637,0,31,None,66,1,5,False,1000,1000
15324,169,weighted,10,0.8185708598726115,0,31,None,66,1,5,False,1000,1000
15325,165,weighted,10,0.8183718152866242,0,19,None,66,1,5,False,1000,1000
15326,166,weighted,10,0.8190684713375797,0,19,None,66,1,5,False,1000,1000
15327,167,weighted,10,0.8196656050955414,0,19,None,66,1,5,False,1000,1000
15328,168,weighted,10,0.8194665605095541,0,19,None,66,1,5,False,1000,1000
15329,169,weighted,10,0.8202627388535032,0,19,None,66,1,5,False,1000,1000
15330,165,weighted,10,0.8211584394904459,0,4,None,66,1,5,False,1000,1000
15331,166,weighted,10,0.8215565286624203,0,4,None,66,1,5,False,1000,1000
15332,167,weighted,10,0.8217555732484076,0,4,None,66,1,5,False,1000,1000
15333,168,weighted,10,0.8212579617834395,0,4,None,66,1,5,False,1000,1000
15334,169,weighted,10,0.8212579617834395,0,4,None,66,1,5,False,1000,1000
15335,165,weighted,10,0.8205613057324841,0,20,None,66,1,5,False,1000,1000
15336,166,weighted,10,0.8205613057324841,0,20,None,66,1,5,False,1000,1000
15337,167,weighted,10,0.8164808917197452,0,20,None,66,1,5,False,1000,1000
15338,168,weighted,10,0.8156847133757962,0,20,None,66,1,5,False,1000,1000
15339,169,weighted,10,0.8133957006369427,0,20,None,66,1,5,False,1000,1000
15340,165,weighted,10,0.5208001592356688,0,3,None,66,1,5,False,1000,1000
15341,166,weighted,10,0.5588176751592356,0,3,None,66,1,5,False,1000,1000
15342,167,weighted,10,0.5711584394904459,0,3,None,66,1,5,False,1000,1000
15343,168,weighted,10,0.5783240445859873,0,3,None,66,1,5,False,1000,1000
15344,169,weighted,10,0.5851910828025477,0,3,None,66,1,5,False,1000,1000
15345,170,weighted,10,0.774781050955414,0,27,None,66,1,5,False,1000,1000
15346,171,weighted,10,0.7768710191082803,0,27,None,66,1,5,False,1000,1000
15347,172,weighted,10,0.7779657643312102,0,27,None,66,1,5,False,1000,1000
15348,173,weighted,10,0.78015525477707,0,27,None,66,1,5,False,1000,1000
15349,174,weighted,10,0.7816480891719745,0,27,None,66,1,5,False,1000,1000
15350,170,weighted,10,0.8204617834394905,0,31,None,66,1,5,False,1000,1000
15351,171,weighted,10,0.819765127388535,0,31,None,66,1,5,False,1000,1000
15352,172,weighted,10,0.819765127388535,0,31,None,66,1,5,False,1000,1000
15353,173,weighted,10,0.8200636942675159,0,31,None,66,1,5,False,1000,1000
15354,174,weighted,10,0.820859872611465,0,31,None,66,1,5,False,1000,1000
15355,170,weighted,10,0.8195660828025477,0,1,None,66,1,5,False,1000,1000
15356,171,weighted,10,0.8206608280254777,0,1,None,66,1,5,False,1000,1000
15357,172,weighted,10,0.8219546178343949,0,1,None,66,1,5,False,1000,1000
15358,173,weighted,10,0.8223527070063694,0,1,None,66,1,5,False,1000,1000
15359,174,weighted,10,0.8222531847133758,0,1,None,66,1,5,False,1000,1000
15360,170,weighted,10,0.8248407643312102,0,30,None,66,1,5,False,1000,1000
15361,171,weighted,10,0.8230493630573248,0,30,None,66,1,5,False,1000,1000
15362,172,weighted,10,0.8214570063694268,0,30,None,66,1,5,False,1000,1000
15363,173,weighted,10,0.8210589171974523,0,30,None,66,1,5,False,1000,1000
15364,174,weighted,10,0.8201632165605095,0,30,None,66,1,5,False,1000,1000
15365,170,weighted,10,0.825437898089172,0,20,None,66,1,5,False,1000,1000
15366,171,weighted,10,0.8248407643312102,0,20,None,66,1,5,False,1000,1000
15367,172,weighted,10,0.8234474522292994,0,20,None,66,1,5,False,1000,1000
15368,173,weighted,10,0.8196656050955414,0,20,None,66,1,5,False,1000,1000
15369,174,weighted,10,0.818172770700637,0,20,None,66,1,5,False,1000,1000
15370,170,weighted,10,0.8245421974522293,0,22,None,66,1,5,False,1000,1000
15371,171,weighted,10,0.823546974522293,0,22,None,66,1,5,False,1000,1000
15372,172,weighted,10,0.8219546178343949,0,22,None,66,1,5,False,1000,1000
15373,173,weighted,10,0.8214570063694268,0,22,None,66,1,5,False,1000,1000
15374,174,weighted,10,0.8207603503184714,0,22,None,66,1,5,False,1000,1000
15375,170,weighted,10,0.830015923566879,0,23,None,66,1,5,False,1000,1000
15376,171,weighted,10,0.8313097133757962,0,23,None,66,1,5,False,1000,1000
15377,172,weighted,10,0.8323049363057324,0,23,None,66,1,5,False,1000,1000
15378,173,weighted,10,0.8317078025477707,0,23,None,66,1,5,False,1000,1000
15379,174,weighted,10,0.8318073248407644,0,23,None,66,1,5,False,1000,1000
15380,170,weighted,10,0.8149880573248408,0,2,None,66,1,5,False,1000,1000
15381,171,weighted,10,0.8192675159235668,0,2,None,66,1,5,False,1000,1000
15382,172,weighted,10,0.8129976114649682,0,2,None,66,1,5,False,1000,1000
15383,173,weighted,10,0.8120023885350318,0,2,None,66,1,5,False,1000,1000
15384,174,weighted,10,0.808718152866242,0,2,None,66,1,5,False,1000,1000
15385,170,weighted,10,0.8278264331210191,0,5,None,66,1,5,False,1000,1000
15386,171,weighted,10,0.82703025477707,0,5,None,66,1,5,False,1000,1000
15387,172,weighted,10,0.8268312101910829,0,5,None,66,1,5,False,1000,1000
15388,173,weighted,10,0.82703025477707,0,5,None,66,1,5,False,1000,1000
15389,174,weighted,10,0.8268312101910829,0,5,None,66,1,5,False,1000,1000
15390,170,weighted,10,0.8169785031847133,0,32,None,66,1,5,False,1000,1000
15391,171,weighted,10,0.8171775477707006,0,32,None,66,1,5,False,1000,1000
15392,172,weighted,10,0.8168789808917197,0,32,None,66,1,5,False,1000,1000
15393,173,weighted,10,0.8161823248407644,0,32,None,66,1,5,False,1000,1000
15394,174,weighted,10,0.8160828025477707,0,32,None,66,1,5,False,1000,1000
15395,170,weighted,10,0.8306130573248408,0,12,None,66,1,5,False,1000,1000
15396,171,weighted,10,0.8313097133757962,0,12,None,66,1,5,False,1000,1000
15397,172,weighted,10,0.8314092356687898,0,12,None,66,1,5,False,1000,1000
15398,173,weighted,10,0.8311106687898089,0,12,None,66,1,5,False,1000,1000
15399,174,weighted,10,0.8316082802547771,0,12,None,66,1,5,False,1000,1000
15400,170,weighted,10,0.8343949044585988,0,6,None,66,1,5,False,1000,1000
15401,171,weighted,10,0.834593949044586,0,6,None,66,1,5,False,1000,1000
15402,172,weighted,10,0.8343949044585988,0,6,None,66,1,5,False,1000,1000
15403,173,weighted,10,0.8340963375796179,0,6,None,66,1,5,False,1000,1000
15404,174,weighted,10,0.8335987261146497,0,6,None,66,1,5,False,1000,1000
15405,170,weighted,10,0.8238455414012739,0,13,None,66,1,5,False,1000,1000
15406,171,weighted,10,0.8239450636942676,0,13,None,66,1,5,False,1000,1000
15407,172,weighted,10,0.8259355095541401,0,13,None,66,1,5,False,1000,1000
15408,173,weighted,10,0.8267316878980892,0,13,None,66,1,5,False,1000,1000
15409,174,weighted,10,0.8269307324840764,0,13,None,66,1,5,False,1000,1000
15410,170,weighted,10,0.8269307324840764,0,26,None,66,1,5,False,1000,1000
15411,171,weighted,10,0.8266321656050956,0,26,None,66,1,5,False,1000,1000
15412,172,weighted,10,0.8274283439490446,0,26,None,66,1,5,False,1000,1000
15413,173,weighted,10,0.8279259554140127,0,26,None,66,1,5,False,1000,1000
15414,174,weighted,10,0.8283240445859873,0,26,None,66,1,5,False,1000,1000
15415,170,weighted,10,0.8070262738853503,0,17,None,66,1,5,False,1000,1000
15416,171,weighted,10,0.8081210191082803,0,17,None,66,1,5,False,1000,1000
15417,172,weighted,10,0.8078224522292994,0,17,None,66,1,5,False,1000,1000
15418,173,weighted,10,0.8081210191082803,0,17,None,66,1,5,False,1000,1000
15419,174,weighted,10,0.8088176751592356,0,17,None,66,1,5,False,1000,1000
15420,170,weighted,10,0.8192675159235668,0,24,None,66,1,5,False,1000,1000
15421,171,weighted,10,0.8187699044585988,0,24,None,66,1,5,False,1000,1000
15422,172,weighted,10,0.8179737261146497,0,24,None,66,1,5,False,1000,1000
15423,173,weighted,10,0.8175756369426752,0,24,None,66,1,5,False,1000,1000
15424,174,weighted,10,0.8172770700636943,0,24,None,66,1,5,False,1000,1000
15425,170,weighted,10,0.8021496815286624,0,28,None,66,1,5,False,1000,1000
15426,171,weighted,10,0.8096138535031847,0,28,None,66,1,5,False,1000,1000
15427,172,weighted,10,0.81359474522293,0,28,None,66,1,5,False,1000,1000
15428,173,weighted,10,0.8172770700636943,0,28,None,66,1,5,False,1000,1000
15429,174,weighted,10,0.8213574840764332,0,28,None,66,1,5,False,1000,1000
15430,170,weighted,10,0.8331011146496815,0,16,None,66,1,5,False,1000,1000
15431,171,weighted,10,0.8340963375796179,0,16,None,66,1,5,False,1000,1000
15432,172,weighted,10,0.8341958598726115,0,16,None,66,1,5,False,1000,1000
15433,173,weighted,10,0.8336982484076433,0,16,None,66,1,5,False,1000,1000
15434,174,weighted,10,0.8331011146496815,0,16,None,66,1,5,False,1000,1000
15435,170,weighted,10,0.8302149681528662,0,7,None,66,1,5,False,1000,1000
15436,171,weighted,10,0.8307125796178344,0,7,None,66,1,5,False,1000,1000
15437,172,weighted,10,0.8296178343949044,0,7,None,66,1,5,False,1000,1000
15438,173,weighted,10,0.8288216560509554,0,7,None,66,1,5,False,1000,1000
15439,174,weighted,10,0.8290207006369427,0,7,None,66,1,5,False,1000,1000
15440,170,weighted,10,0.800656847133758,0,8,None,66,1,5,False,1000,1000
15441,171,weighted,10,0.8013535031847133,0,8,None,66,1,5,False,1000,1000
15442,172,weighted,10,0.802547770700637,0,8,None,66,1,5,False,1000,1000
15443,173,weighted,10,0.8034434713375797,0,8,None,66,1,5,False,1000,1000
15444,174,weighted,10,0.8039410828025477,0,8,None,66,1,5,False,1000,1000
15445,170,weighted,10,0.8092157643312102,0,18,None,66,1,5,False,1000,1000
15446,171,weighted,10,0.807921974522293,0,18,None,66,1,5,False,1000,1000
15447,172,weighted,10,0.8082205414012739,0,18,None,66,1,5,False,1000,1000
15448,173,weighted,10,0.8086186305732485,0,18,None,66,1,5,False,1000,1000
15449,174,weighted,10,0.8085191082802548,0,18,None,66,1,5,False,1000,1000
15450,170,weighted,10,0.8200636942675159,0,19,None,66,1,5,False,1000,1000
15451,171,weighted,10,0.8214570063694268,0,19,None,66,1,5,False,1000,1000
15452,172,weighted,10,0.8214570063694268,0,19,None,66,1,5,False,1000,1000
15453,173,weighted,10,0.8214570063694268,0,19,None,66,1,5,False,1000,1000
15454,174,weighted,10,0.8215565286624203,0,19,None,66,1,5,False,1000,1000
15455,170,weighted,10,0.7895103503184714,0,21,None,66,1,5,False,1000,1000
15456,171,weighted,10,0.7876194267515924,0,21,None,66,1,5,False,1000,1000
15457,172,weighted,10,0.7855294585987261,0,21,None,66,1,5,False,1000,1000
15458,173,weighted,10,0.785031847133758,0,21,None,66,1,5,False,1000,1000
15459,174,weighted,10,0.785828025477707,0,21,None,66,1,5,False,1000,1000
15460,170,weighted,10,0.8047372611464968,0,10,None,66,1,5,False,1000,1000
15461,171,weighted,10,0.8063296178343949,0,10,None,66,1,5,False,1000,1000
15462,172,weighted,10,0.8058320063694268,0,10,None,66,1,5,False,1000,1000
15463,173,weighted,10,0.8059315286624203,0,10,None,66,1,5,False,1000,1000
15464,174,weighted,10,0.806031050955414,0,10,None,66,1,5,False,1000,1000
15465,170,weighted,10,0.8140923566878981,0,11,None,66,1,5,False,1000,1000
15466,171,weighted,10,0.8104100318471338,0,11,None,66,1,5,False,1000,1000
15467,172,weighted,10,0.8069267515923567,0,11,None,66,1,5,False,1000,1000
15468,173,weighted,10,0.8022492038216561,0,11,None,66,1,5,False,1000,1000
15469,174,weighted,10,0.800656847133758,0,11,None,66,1,5,False,1000,1000
15470,170,weighted,10,0.8219546178343949,0,4,None,66,1,5,False,1000,1000
15471,171,weighted,10,0.8221536624203821,0,4,None,66,1,5,False,1000,1000
15472,172,weighted,10,0.8220541401273885,0,4,None,66,1,5,False,1000,1000
15473,173,weighted,10,0.8213574840764332,0,4,None,66,1,5,False,1000,1000
15474,174,weighted,10,0.8214570063694268,0,4,None,66,1,5,False,1000,1000
15475,170,weighted,10,0.8017515923566879,0,15,None,66,1,5,False,1000,1000
15476,171,weighted,10,0.8056329617834395,0,15,None,66,1,5,False,1000,1000
15477,172,weighted,10,0.8081210191082803,0,15,None,66,1,5,False,1000,1000
15478,173,weighted,10,0.8118033439490446,0,15,None,66,1,5,False,1000,1000
15479,174,weighted,10,0.8136942675159236,0,15,None,66,1,5,False,1000,1000
15480,170,weighted,10,0.8377786624203821,0,0,None,66,1,5,False,1000,1000
15481,171,weighted,10,0.8356886942675159,0,0,None,66,1,5,False,1000,1000
15482,172,weighted,10,0.8354896496815286,0,0,None,66,1,5,False,1000,1000
15483,173,weighted,10,0.835390127388535,0,0,None,66,1,5,False,1000,1000
15484,174,weighted,10,0.8350915605095541,0,0,None,66,1,5,False,1000,1000
15485,170,weighted,10,0.5238853503184714,0,3,None,66,1,5,False,1000,1000
15486,171,weighted,10,0.560609076433121,0,3,None,66,1,5,False,1000,1000
15487,172,weighted,10,0.5737460191082803,0,3,None,66,1,5,False,1000,1000
15488,173,weighted,10,0.5812101910828026,0,3,None,66,1,5,False,1000,1000
15489,174,weighted,10,0.5866839171974523,0,3,None,66,1,5,False,1000,1000
15490,170,weighted,10,0.8289211783439491,0,9,None,66,1,5,False,1000,1000
15491,171,weighted,10,0.8283240445859873,0,9,None,66,1,5,False,1000,1000
15492,172,weighted,10,0.828125,0,9,None,66,1,5,False,1000,1000
15493,173,weighted,10,0.8278264331210191,0,9,None,66,1,5,False,1000,1000
15494,174,weighted,10,0.8273288216560509,0,9,None,66,1,5,False,1000,1000
15495,170,weighted,10,0.8370820063694268,0,14,None,66,1,5,False,1000,1000
15496,171,weighted,10,0.8383757961783439,0,14,None,66,1,5,False,1000,1000
15497,172,weighted,10,0.8375796178343949,0,14,None,66,1,5,False,1000,1000
15498,173,weighted,10,0.838077229299363,0,14,None,66,1,5,False,1000,1000
15499,174,weighted,10,0.8387738853503185,0,14,None,66,1,5,False,1000,1000
15500,170,weighted,10,0.8096138535031847,0,25,None,66,1,5,False,1000,1000
15501,171,weighted,10,0.8261345541401274,0,25,None,66,1,5,False,1000,1000
15502,172,weighted,10,0.833797770700637,0,25,None,66,1,5,False,1000,1000
15503,173,weighted,10,0.8369824840764332,0,25,None,66,1,5,False,1000,1000
15504,174,weighted,10,0.8394705414012739,0,25,None,66,1,5,False,1000,1000
15505,170,weighted,10,0.6907842356687898,0,29,None,66,1,5,False,1000,1000
15506,171,weighted,10,0.7049164012738853,0,29,None,66,1,5,False,1000,1000
15507,172,weighted,10,0.7155652866242038,0,29,None,66,1,5,False,1000,1000
15508,173,weighted,10,0.7276074840764332,0,29,None,66,1,5,False,1000,1000
15509,174,weighted,10,0.7397492038216561,0,29,None,66,1,5,False,1000,1000
15510,175,weighted,10,0.8344944267515924,0,16,None,66,1,5,False,1000,1000
15511,176,weighted,10,0.8354896496815286,0,16,None,66,1,5,False,1000,1000
15512,177,weighted,10,0.8352906050955414,0,16,None,66,1,5,False,1000,1000
15513,178,weighted,10,0.8354896496815286,0,16,None,66,1,5,False,1000,1000
15514,179,weighted,10,0.8354896496815286,0,16,None,66,1,5,False,1000,1000
15515,175,weighted,10,0.8180732484076433,0,32,None,66,1,5,False,1000,1000
15516,176,weighted,10,0.8185708598726115,0,32,None,66,1,5,False,1000,1000
15517,177,weighted,10,0.818968949044586,0,32,None,66,1,5,False,1000,1000
15518,178,weighted,10,0.8190684713375797,0,32,None,66,1,5,False,1000,1000
15519,179,weighted,10,0.8187699044585988,0,32,None,66,1,5,False,1000,1000
15520,175,weighted,10,0.822452229299363,0,1,None,66,1,5,False,1000,1000
15521,176,weighted,10,0.8232484076433121,0,1,None,66,1,5,False,1000,1000
15522,177,weighted,10,0.8240445859872612,0,1,None,66,1,5,False,1000,1000
15523,178,weighted,10,0.8245421974522293,0,1,None,66,1,5,False,1000,1000
15524,179,weighted,10,0.8248407643312102,0,1,None,66,1,5,False,1000,1000
15525,175,weighted,10,0.8166799363057324,0,2,None,66,1,5,False,1000,1000
15526,176,weighted,10,0.8203622611464968,0,2,None,66,1,5,False,1000,1000
15527,177,weighted,10,0.81359474522293,0,2,None,66,1,5,False,1000,1000
15528,178,weighted,10,0.8126990445859873,0,2,None,66,1,5,False,1000,1000
15529,179,weighted,10,0.8100119426751592,0,2,None,66,1,5,False,1000,1000
15530,175,weighted,10,0.8322054140127388,0,23,None,66,1,5,False,1000,1000
15531,176,weighted,10,0.8328025477707006,0,23,None,66,1,5,False,1000,1000
15532,177,weighted,10,0.8332006369426752,0,23,None,66,1,5,False,1000,1000
15533,178,weighted,10,0.8328025477707006,0,23,None,66,1,5,False,1000,1000
15534,179,weighted,10,0.8330015923566879,0,23,None,66,1,5,False,1000,1000
15535,175,weighted,10,0.7765724522292994,0,27,None,66,1,5,False,1000,1000
15536,176,weighted,10,0.7790605095541401,0,27,None,66,1,5,False,1000,1000
15537,177,weighted,10,0.7809514331210191,0,27,None,66,1,5,False,1000,1000
15538,178,weighted,10,0.7825437898089171,0,27,None,66,1,5,False,1000,1000
15539,179,weighted,10,0.7836385350318471,0,27,None,66,1,5,False,1000,1000
15540,175,weighted,10,0.8046377388535032,0,28,None,66,1,5,False,1000,1000
15541,176,weighted,10,0.8137937898089171,0,28,None,66,1,5,False,1000,1000
15542,177,weighted,10,0.8167794585987261,0,28,None,66,1,5,False,1000,1000
15543,178,weighted,10,0.8211584394904459,0,28,None,66,1,5,False,1000,1000
15544,179,weighted,10,0.8249402866242038,0,28,None,66,1,5,False,1000,1000
15545,175,weighted,10,0.6913813694267515,0,29,None,66,1,5,False,1000,1000
15546,176,weighted,10,0.7094944267515924,0,29,None,66,1,5,False,1000,1000
15547,177,weighted,10,0.71875,0,29,None,66,1,5,False,1000,1000
15548,178,weighted,10,0.7321855095541401,0,29,None,66,1,5,False,1000,1000
15549,179,weighted,10,0.7441281847133758,0,29,None,66,1,5,False,1000,1000
15550,175,weighted,10,0.8072253184713376,0,15,None,66,1,5,False,1000,1000
15551,176,weighted,10,0.810609076433121,0,15,None,66,1,5,False,1000,1000
15552,177,weighted,10,0.8132961783439491,0,15,None,66,1,5,False,1000,1000
15553,178,weighted,10,0.8149880573248408,0,15,None,66,1,5,False,1000,1000
15554,179,weighted,10,0.8169785031847133,0,15,None,66,1,5,False,1000,1000
15555,175,weighted,10,0.8067277070063694,0,10,None,66,1,5,False,1000,1000
15556,176,weighted,10,0.8069267515923567,0,10,None,66,1,5,False,1000,1000
15557,177,weighted,10,0.8070262738853503,0,10,None,66,1,5,False,1000,1000
15558,178,weighted,10,0.806827229299363,0,10,None,66,1,5,False,1000,1000
15559,179,weighted,10,0.8076234076433121,0,10,None,66,1,5,False,1000,1000
15560,175,weighted,10,0.8172770700636943,0,11,None,66,1,5,False,1000,1000
15561,176,weighted,10,0.8148885350318471,0,11,None,66,1,5,False,1000,1000
15562,177,weighted,10,0.8127985668789809,0,11,None,66,1,5,False,1000,1000
15563,178,weighted,10,0.8101114649681529,0,11,None,66,1,5,False,1000,1000
15564,179,weighted,10,0.8072253184713376,0,11,None,66,1,5,False,1000,1000
15565,175,weighted,10,0.8089171974522293,0,17,None,66,1,5,False,1000,1000
15566,176,weighted,10,0.8086186305732485,0,17,None,66,1,5,False,1000,1000
15567,177,weighted,10,0.8092157643312102,0,17,None,66,1,5,False,1000,1000
15568,178,weighted,10,0.8097133757961783,0,17,None,66,1,5,False,1000,1000
15569,179,weighted,10,0.8095143312101911,0,17,None,66,1,5,False,1000,1000
15570,175,weighted,10,0.8261345541401274,0,20,None,66,1,5,False,1000,1000
15571,176,weighted,10,0.8247412420382165,0,20,None,66,1,5,False,1000,1000
15572,177,weighted,10,0.8215565286624203,0,20,None,66,1,5,False,1000,1000
15573,178,weighted,10,0.8192675159235668,0,20,None,66,1,5,False,1000,1000
15574,179,weighted,10,0.8182722929936306,0,20,None,66,1,5,False,1000,1000
15575,175,weighted,10,0.8028463375796179,0,8,None,66,1,5,False,1000,1000
15576,176,weighted,10,0.8039410828025477,0,8,None,66,1,5,False,1000,1000
15577,177,weighted,10,0.8056329617834395,0,8,None,66,1,5,False,1000,1000
15578,178,weighted,10,0.8066281847133758,0,8,None,66,1,5,False,1000,1000
15579,179,weighted,10,0.807921974522293,0,8,None,66,1,5,False,1000,1000
15580,175,weighted,10,0.8107085987261147,0,18,None,66,1,5,False,1000,1000
15581,176,weighted,10,0.8093152866242038,0,18,None,66,1,5,False,1000,1000
15582,177,weighted,10,0.8093152866242038,0,18,None,66,1,5,False,1000,1000
15583,178,weighted,10,0.8090167197452229,0,18,None,66,1,5,False,1000,1000
15584,179,weighted,10,0.8086186305732485,0,18,None,66,1,5,False,1000,1000
15585,175,weighted,10,0.5077627388535032,0,3,None,66,1,5,False,1000,1000
15586,176,weighted,10,0.5470740445859873,0,3,None,66,1,5,False,1000,1000
15587,177,weighted,10,0.5608081210191083,0,3,None,66,1,5,False,1000,1000
15588,178,weighted,10,0.5682722929936306,0,3,None,66,1,5,False,1000,1000
15589,179,weighted,10,0.573546974522293,0,3,None,66,1,5,False,1000,1000
15590,175,weighted,10,0.8218550955414012,0,31,None,66,1,5,False,1000,1000
15591,176,weighted,10,0.8220541401273885,0,31,None,66,1,5,False,1000,1000
15592,177,weighted,10,0.821656050955414,0,31,None,66,1,5,False,1000,1000
15593,178,weighted,10,0.8222531847133758,0,31,None,66,1,5,False,1000,1000
15594,179,weighted,10,0.8221536624203821,0,31,None,66,1,5,False,1000,1000
15595,175,weighted,10,0.808718152866242,0,25,None,66,1,5,False,1000,1000
15596,176,weighted,10,0.8277269108280255,0,25,None,66,1,5,False,1000,1000
15597,177,weighted,10,0.8354896496815286,0,25,None,66,1,5,False,1000,1000
15598,178,weighted,10,0.8388734076433121,0,25,None,66,1,5,False,1000,1000
15599,179,weighted,10,0.8408638535031847,0,25,None,66,1,5,False,1000,1000
15600,175,weighted,10,0.828125,0,9,None,66,1,5,False,1000,1000
15601,176,weighted,10,0.8283240445859873,0,9,None,66,1,5,False,1000,1000
15602,177,weighted,10,0.8273288216560509,0,9,None,66,1,5,False,1000,1000
15603,178,weighted,10,0.8271297770700637,0,9,None,66,1,5,False,1000,1000
15604,179,weighted,10,0.8274283439490446,0,9,None,66,1,5,False,1000,1000
15605,175,weighted,10,0.8255374203821656,0,22,None,66,1,5,False,1000,1000
15606,176,weighted,10,0.8247412420382165,0,22,None,66,1,5,False,1000,1000
15607,177,weighted,10,0.8227507961783439,0,22,None,66,1,5,False,1000,1000
15608,178,weighted,10,0.8223527070063694,0,22,None,66,1,5,False,1000,1000
15609,179,weighted,10,0.8223527070063694,0,22,None,66,1,5,False,1000,1000
15610,175,weighted,10,0.8277269108280255,0,13,None,66,1,5,False,1000,1000
15611,176,weighted,10,0.8274283439490446,0,13,None,66,1,5,False,1000,1000
15612,177,weighted,10,0.8273288216560509,0,13,None,66,1,5,False,1000,1000
15613,178,weighted,10,0.8283240445859873,0,13,None,66,1,5,False,1000,1000
15614,179,weighted,10,0.82921974522293,0,13,None,66,1,5,False,1000,1000
15615,175,weighted,10,0.8289211783439491,0,5,None,66,1,5,False,1000,1000
15616,176,weighted,10,0.8288216560509554,0,5,None,66,1,5,False,1000,1000
15617,177,weighted,10,0.8279259554140127,0,5,None,66,1,5,False,1000,1000
15618,178,weighted,10,0.8279259554140127,0,5,None,66,1,5,False,1000,1000
15619,179,weighted,10,0.8273288216560509,0,5,None,66,1,5,False,1000,1000
15620,175,weighted,10,0.8225517515923567,0,4,None,66,1,5,False,1000,1000
15621,176,weighted,10,0.8231488853503185,0,4,None,66,1,5,False,1000,1000
15622,177,weighted,10,0.8232484076433121,0,4,None,66,1,5,False,1000,1000
15623,178,weighted,10,0.8232484076433121,0,4,None,66,1,5,False,1000,1000
15624,179,weighted,10,0.8230493630573248,0,4,None,66,1,5,False,1000,1000
15625,175,weighted,10,0.8357882165605095,0,6,None,66,1,5,False,1000,1000
15626,176,weighted,10,0.8361863057324841,0,6,None,66,1,5,False,1000,1000
15627,177,weighted,10,0.8354896496815286,0,6,None,66,1,5,False,1000,1000
15628,178,weighted,10,0.835390127388535,0,6,None,66,1,5,False,1000,1000
15629,179,weighted,10,0.8352906050955414,0,6,None,66,1,5,False,1000,1000
15630,175,weighted,10,0.8321058917197452,0,7,None,66,1,5,False,1000,1000
15631,176,weighted,10,0.8320063694267515,0,7,None,66,1,5,False,1000,1000
15632,177,weighted,10,0.8317078025477707,0,7,None,66,1,5,False,1000,1000
15633,178,weighted,10,0.8318073248407644,0,7,None,66,1,5,False,1000,1000
15634,179,weighted,10,0.831906847133758,0,7,None,66,1,5,False,1000,1000
15635,175,weighted,10,0.8389729299363057,0,14,None,66,1,5,False,1000,1000
15636,176,weighted,10,0.839171974522293,0,14,None,66,1,5,False,1000,1000
15637,177,weighted,10,0.8382762738853503,0,14,None,66,1,5,False,1000,1000
15638,178,weighted,10,0.8390724522292994,0,14,None,66,1,5,False,1000,1000
15639,179,weighted,10,0.8385748407643312,0,14,None,66,1,5,False,1000,1000
15640,175,weighted,10,0.8309116242038217,0,12,None,66,1,5,False,1000,1000
15641,176,weighted,10,0.8318073248407644,0,12,None,66,1,5,False,1000,1000
15642,177,weighted,10,0.831906847133758,0,12,None,66,1,5,False,1000,1000
15643,178,weighted,10,0.8322054140127388,0,12,None,66,1,5,False,1000,1000
15644,179,weighted,10,0.8333996815286624,0,12,None,66,1,5,False,1000,1000
15645,175,weighted,10,0.8303144904458599,0,26,None,66,1,5,False,1000,1000
15646,176,weighted,10,0.8316082802547771,0,26,None,66,1,5,False,1000,1000
15647,177,weighted,10,0.8321058917197452,0,26,None,66,1,5,False,1000,1000
15648,178,weighted,10,0.8322054140127388,0,26,None,66,1,5,False,1000,1000
15649,179,weighted,10,0.8328025477707006,0,26,None,66,1,5,False,1000,1000
15650,175,weighted,10,0.8266321656050956,0,30,None,66,1,5,False,1000,1000
15651,176,weighted,10,0.8253383757961783,0,30,None,66,1,5,False,1000,1000
15652,177,weighted,10,0.8247412420382165,0,30,None,66,1,5,False,1000,1000
15653,178,weighted,10,0.8245421974522293,0,30,None,66,1,5,False,1000,1000
15654,179,weighted,10,0.8239450636942676,0,30,None,66,1,5,False,1000,1000
15655,175,weighted,10,0.8236464968152867,0,19,None,66,1,5,False,1000,1000
15656,176,weighted,10,0.8231488853503185,0,19,None,66,1,5,False,1000,1000
15657,177,weighted,10,0.8238455414012739,0,19,None,66,1,5,False,1000,1000
15658,178,weighted,10,0.8231488853503185,0,19,None,66,1,5,False,1000,1000
15659,179,weighted,10,0.8226512738853503,0,19,None,66,1,5,False,1000,1000
15660,175,weighted,10,0.7918988853503185,0,21,None,66,1,5,False,1000,1000
15661,176,weighted,10,0.7890127388535032,0,21,None,66,1,5,False,1000,1000
15662,177,weighted,10,0.7890127388535032,0,21,None,66,1,5,False,1000,1000
15663,178,weighted,10,0.7891122611464968,0,21,None,66,1,5,False,1000,1000
15664,179,weighted,10,0.7898089171974523,0,21,None,66,1,5,False,1000,1000
15665,175,weighted,10,0.8393710191082803,0,0,None,66,1,5,False,1000,1000
15666,176,weighted,10,0.8385748407643312,0,0,None,66,1,5,False,1000,1000
15667,177,weighted,10,0.8376791401273885,0,0,None,66,1,5,False,1000,1000
15668,178,weighted,10,0.837281050955414,0,0,None,66,1,5,False,1000,1000
15669,179,weighted,10,0.8369824840764332,0,0,None,66,1,5,False,1000,1000
15670,175,weighted,10,0.8209593949044586,0,24,None,66,1,5,False,1000,1000
15671,176,weighted,10,0.8202627388535032,0,24,None,66,1,5,False,1000,1000
15672,177,weighted,10,0.8192675159235668,0,24,None,66,1,5,False,1000,1000
15673,178,weighted,10,0.8200636942675159,0,24,None,66,1,5,False,1000,1000
15674,179,weighted,10,0.8207603503184714,0,24,None,66,1,5,False,1000,1000
16665,180,weighted,10,0.8250398089171974,0,1,None,66,1,5,False,1000,1000
16666,181,weighted,10,0.8259355095541401,0,1,None,66,1,5,False,1000,1000
16667,182,weighted,10,0.8261345541401274,0,1,None,66,1,5,False,1000,1000
16668,183,weighted,10,0.82703025477707,0,1,None,66,1,5,False,1000,1000
16669,184,weighted,10,0.8274283439490446,0,1,None,66,1,5,False,1000,1000
16670,180,weighted,10,0.8173765923566879,0,2,None,66,1,5,False,1000,1000
16671,181,weighted,10,0.8204617834394905,0,2,None,66,1,5,False,1000,1000
16672,182,weighted,10,0.8144904458598726,0,2,None,66,1,5,False,1000,1000
16673,183,weighted,10,0.8150875796178344,0,2,None,66,1,5,False,1000,1000
16674,184,weighted,10,0.8110071656050956,0,2,None,66,1,5,False,1000,1000
16675,180,weighted,10,0.8301154458598726,0,5,None,66,1,5,False,1000,1000
16676,181,weighted,10,0.8298168789808917,0,5,None,66,1,5,False,1000,1000
16677,182,weighted,10,0.82921974522293,0,5,None,66,1,5,False,1000,1000
16678,183,weighted,10,0.8288216560509554,0,5,None,66,1,5,False,1000,1000
16679,184,weighted,10,0.8286226114649682,0,5,None,66,1,5,False,1000,1000
16680,180,weighted,10,0.8260350318471338,0,13,None,66,1,5,False,1000,1000
16681,181,weighted,10,0.8276273885350318,0,13,None,66,1,5,False,1000,1000
16682,182,weighted,10,0.8293192675159236,0,13,None,66,1,5,False,1000,1000
16683,183,weighted,10,0.82921974522293,0,13,None,66,1,5,False,1000,1000
16684,184,weighted,10,0.82921974522293,0,13,None,66,1,5,False,1000,1000
16685,180,weighted,10,0.8073248407643312,0,15,None,66,1,5,False,1000,1000
16686,181,weighted,10,0.8108081210191083,0,15,None,66,1,5,False,1000,1000
16687,182,weighted,10,0.8131966560509554,0,15,None,66,1,5,False,1000,1000
16688,183,weighted,10,0.8176751592356688,0,15,None,66,1,5,False,1000,1000
16689,184,weighted,10,0.8193670382165605,0,15,None,66,1,5,False,1000,1000
16690,180,weighted,10,0.8086186305732485,0,10,None,66,1,5,False,1000,1000
16691,181,weighted,10,0.8088176751592356,0,10,None,66,1,5,False,1000,1000
16692,182,weighted,10,0.808718152866242,0,10,None,66,1,5,False,1000,1000
16693,183,weighted,10,0.8092157643312102,0,10,None,66,1,5,False,1000,1000
16694,184,weighted,10,0.8094148089171974,0,10,None,66,1,5,False,1000,1000
16695,180,weighted,10,0.820859872611465,0,11,None,66,1,5,False,1000,1000
16696,181,weighted,10,0.8178742038216561,0,11,None,66,1,5,False,1000,1000
16697,182,weighted,10,0.816281847133758,0,11,None,66,1,5,False,1000,1000
16698,183,weighted,10,0.8146894904458599,0,11,None,66,1,5,False,1000,1000
16699,184,weighted,10,0.8124004777070064,0,11,None,66,1,5,False,1000,1000
16700,180,weighted,10,0.8265326433121019,0,20,None,66,1,5,False,1000,1000
16701,181,weighted,10,0.8260350318471338,0,20,None,66,1,5,False,1000,1000
16702,182,weighted,10,0.8237460191082803,0,20,None,66,1,5,False,1000,1000
16703,183,weighted,10,0.8212579617834395,0,20,None,66,1,5,False,1000,1000
16704,184,weighted,10,0.8185708598726115,0,20,None,66,1,5,False,1000,1000
16705,180,weighted,10,0.8257364649681529,0,22,None,66,1,5,False,1000,1000
16706,181,weighted,10,0.8250398089171974,0,22,None,66,1,5,False,1000,1000
16707,182,weighted,10,0.8238455414012739,0,22,None,66,1,5,False,1000,1000
16708,183,weighted,10,0.8233479299363057,0,22,None,66,1,5,False,1000,1000
16709,184,weighted,10,0.8229498407643312,0,22,None,66,1,5,False,1000,1000
16710,180,weighted,10,0.8396695859872612,0,14,None,66,1,5,False,1000,1000
16711,181,weighted,10,0.8403662420382165,0,14,None,66,1,5,False,1000,1000
16712,182,weighted,10,0.839171974522293,0,14,None,66,1,5,False,1000,1000
16713,183,weighted,10,0.8390724522292994,0,14,None,66,1,5,False,1000,1000
16714,184,weighted,10,0.8383757961783439,0,14,None,66,1,5,False,1000,1000
16715,180,weighted,10,0.7955812101910829,0,25,None,66,1,5,False,1000,1000
16716,181,weighted,10,0.8255374203821656,0,25,None,66,1,5,False,1000,1000
16717,182,weighted,10,0.8341958598726115,0,25,None,66,1,5,False,1000,1000
16718,183,weighted,10,0.8396695859872612,0,25,None,66,1,5,False,1000,1000
16719,184,weighted,10,0.8430533439490446,0,25,None,66,1,5,False,1000,1000
16720,180,weighted,10,0.8329020700636943,0,26,None,66,1,5,False,1000,1000
16721,181,weighted,10,0.8334992038216561,0,26,None,66,1,5,False,1000,1000
16722,182,weighted,10,0.8343949044585988,0,26,None,66,1,5,False,1000,1000
16723,183,weighted,10,0.8335987261146497,0,26,None,66,1,5,False,1000,1000
16724,184,weighted,10,0.8333996815286624,0,26,None,66,1,5,False,1000,1000
16725,180,weighted,10,0.8325039808917197,0,12,None,66,1,5,False,1000,1000
16726,181,weighted,10,0.8335987261146497,0,12,None,66,1,5,False,1000,1000
16727,182,weighted,10,0.8333001592356688,0,12,None,66,1,5,False,1000,1000
16728,183,weighted,10,0.8341958598726115,0,12,None,66,1,5,False,1000,1000
16729,184,weighted,10,0.8352906050955414,0,12,None,66,1,5,False,1000,1000
16730,180,weighted,10,0.8059315286624203,0,28,None,66,1,5,False,1000,1000
16731,181,weighted,10,0.8152866242038217,0,28,None,66,1,5,False,1000,1000
16732,182,weighted,10,0.8202627388535032,0,28,None,66,1,5,False,1000,1000
16733,183,weighted,10,0.8246417197452229,0,28,None,66,1,5,False,1000,1000
16734,184,weighted,10,0.8277269108280255,0,28,None,66,1,5,False,1000,1000
16735,180,weighted,10,0.6862062101910829,0,29,None,66,1,5,False,1000,1000
16736,181,weighted,10,0.70203025477707,0,29,None,66,1,5,False,1000,1000
16737,182,weighted,10,0.7138734076433121,0,29,None,66,1,5,False,1000,1000
16738,183,weighted,10,0.7295979299363057,0,29,None,66,1,5,False,1000,1000
16739,184,weighted,10,0.7407444267515924,0,29,None,66,1,5,False,1000,1000
16740,180,weighted,10,0.8287221337579618,0,9,None,66,1,5,False,1000,1000
16741,181,weighted,10,0.8280254777070064,0,9,None,66,1,5,False,1000,1000
16742,182,weighted,10,0.8275278662420382,0,9,None,66,1,5,False,1000,1000
16743,183,weighted,10,0.8272292993630573,0,9,None,66,1,5,False,1000,1000
16744,184,weighted,10,0.8276273885350318,0,9,None,66,1,5,False,1000,1000
16745,180,weighted,10,0.8302149681528662,0,30,None,66,1,5,False,1000,1000
16746,181,weighted,10,0.8282245222929936,0,30,None,66,1,5,False,1000,1000
16747,182,weighted,10,0.8271297770700637,0,30,None,66,1,5,False,1000,1000
16748,183,weighted,10,0.8260350318471338,0,30,None,66,1,5,False,1000,1000
16749,184,weighted,10,0.8256369426751592,0,30,None,66,1,5,False,1000,1000
16750,180,weighted,10,0.8226512738853503,0,31,None,66,1,5,False,1000,1000
16751,181,weighted,10,0.8228503184713376,0,31,None,66,1,5,False,1000,1000
16752,182,weighted,10,0.823546974522293,0,31,None,66,1,5,False,1000,1000
16753,183,weighted,10,0.8238455414012739,0,31,None,66,1,5,False,1000,1000
16754,184,weighted,10,0.823546974522293,0,31,None,66,1,5,False,1000,1000
16755,180,weighted,10,0.8369824840764332,0,6,None,66,1,5,False,1000,1000
16756,181,weighted,10,0.8368829617834395,0,6,None,66,1,5,False,1000,1000
16757,182,weighted,10,0.8370820063694268,0,6,None,66,1,5,False,1000,1000
16758,183,weighted,10,0.8365843949044586,0,6,None,66,1,5,False,1000,1000
16759,184,weighted,10,0.8360867834394905,0,6,None,66,1,5,False,1000,1000
16760,180,weighted,10,0.4994028662420382,0,3,None,66,1,5,False,1000,1000
16761,181,weighted,10,0.5426950636942676,0,3,None,66,1,5,False,1000,1000
16762,182,weighted,10,0.5540406050955414,0,3,None,66,1,5,False,1000,1000
16763,183,weighted,10,0.5620023885350318,0,3,None,66,1,5,False,1000,1000
16764,184,weighted,10,0.5684713375796179,0,3,None,66,1,5,False,1000,1000
16765,180,weighted,10,0.8323049363057324,0,7,None,66,1,5,False,1000,1000
16766,181,weighted,10,0.8317078025477707,0,7,None,66,1,5,False,1000,1000
16767,182,weighted,10,0.8316082802547771,0,7,None,66,1,5,False,1000,1000
16768,183,weighted,10,0.8323049363057324,0,7,None,66,1,5,False,1000,1000
16769,184,weighted,10,0.8321058917197452,0,7,None,66,1,5,False,1000,1000
16770,180,weighted,10,0.8198646496815286,0,32,None,66,1,5,False,1000,1000
16771,181,weighted,10,0.8201632165605095,0,32,None,66,1,5,False,1000,1000
16772,182,weighted,10,0.8206608280254777,0,32,None,66,1,5,False,1000,1000
16773,183,weighted,10,0.8213574840764332,0,32,None,66,1,5,False,1000,1000
16774,184,weighted,10,0.820859872611465,0,32,None,66,1,5,False,1000,1000
16775,180,weighted,10,0.8360867834394905,0,16,None,66,1,5,False,1000,1000
16776,181,weighted,10,0.8366839171974523,0,16,None,66,1,5,False,1000,1000
16777,182,weighted,10,0.837281050955414,0,16,None,66,1,5,False,1000,1000
16778,183,weighted,10,0.8371815286624203,0,16,None,66,1,5,False,1000,1000
16779,184,weighted,10,0.8367834394904459,0,16,None,66,1,5,False,1000,1000
16780,180,weighted,10,0.8051353503184714,0,8,None,66,1,5,False,1000,1000
16781,181,weighted,10,0.8059315286624203,0,8,None,66,1,5,False,1000,1000
16782,182,weighted,10,0.8075238853503185,0,8,None,66,1,5,False,1000,1000
16783,183,weighted,10,0.8085191082802548,0,8,None,66,1,5,False,1000,1000
16784,184,weighted,10,0.8095143312101911,0,8,None,66,1,5,False,1000,1000
16785,180,weighted,10,0.8103105095541401,0,18,None,66,1,5,False,1000,1000
16786,181,weighted,10,0.8105095541401274,0,18,None,66,1,5,False,1000,1000
16787,182,weighted,10,0.8109076433121019,0,18,None,66,1,5,False,1000,1000
16788,183,weighted,10,0.8097133757961783,0,18,None,66,1,5,False,1000,1000
16789,184,weighted,10,0.8089171974522293,0,18,None,66,1,5,False,1000,1000
16790,180,weighted,10,0.824343152866242,0,19,None,66,1,5,False,1000,1000
16791,181,weighted,10,0.8250398089171974,0,19,None,66,1,5,False,1000,1000
16792,182,weighted,10,0.8249402866242038,0,19,None,66,1,5,False,1000,1000
16793,183,weighted,10,0.8251393312101911,0,19,None,66,1,5,False,1000,1000
16794,184,weighted,10,0.8252388535031847,0,19,None,66,1,5,False,1000,1000
16795,180,weighted,10,0.8227507961783439,0,4,None,66,1,5,False,1000,1000
16796,181,weighted,10,0.8228503184713376,0,4,None,66,1,5,False,1000,1000
16797,182,weighted,10,0.8232484076433121,0,4,None,66,1,5,False,1000,1000
16798,183,weighted,10,0.8241441082802548,0,4,None,66,1,5,False,1000,1000
16799,184,weighted,10,0.8241441082802548,0,4,None,66,1,5,False,1000,1000
16800,180,weighted,10,0.8402667197452229,0,0,None,66,1,5,False,1000,1000
16801,181,weighted,10,0.839171974522293,0,0,None,66,1,5,False,1000,1000
16802,182,weighted,10,0.8389729299363057,0,0,None,66,1,5,False,1000,1000
16803,183,weighted,10,0.8388734076433121,0,0,None,66,1,5,False,1000,1000
16804,184,weighted,10,0.8382762738853503,0,0,None,66,1,5,False,1000,1000
16805,180,weighted,10,0.8344944267515924,0,23,None,66,1,5,False,1000,1000
16806,181,weighted,10,0.8354896496815286,0,23,None,66,1,5,False,1000,1000
16807,182,weighted,10,0.8356886942675159,0,23,None,66,1,5,False,1000,1000
16808,183,weighted,10,0.8347929936305732,0,23,None,66,1,5,False,1000,1000
16809,184,weighted,10,0.8346934713375797,0,23,None,66,1,5,False,1000,1000
16810,180,weighted,10,0.810609076433121,0,17,None,66,1,5,False,1000,1000
16811,181,weighted,10,0.8097133757961783,0,17,None,66,1,5,False,1000,1000
16812,182,weighted,10,0.8103105095541401,0,17,None,66,1,5,False,1000,1000
16813,183,weighted,10,0.8117038216560509,0,17,None,66,1,5,False,1000,1000
16814,184,weighted,10,0.81140525477707,0,17,None,66,1,5,False,1000,1000
16815,180,weighted,10,0.7943869426751592,0,21,None,66,1,5,False,1000,1000
16816,181,weighted,10,0.7927945859872612,0,21,None,66,1,5,False,1000,1000
16817,182,weighted,10,0.7923964968152867,0,21,None,66,1,5,False,1000,1000
16818,183,weighted,10,0.7932921974522293,0,21,None,66,1,5,False,1000,1000
16819,184,weighted,10,0.7927945859872612,0,21,None,66,1,5,False,1000,1000
16820,180,weighted,10,0.8244426751592356,0,24,None,66,1,5,False,1000,1000
16821,181,weighted,10,0.8223527070063694,0,24,None,66,1,5,False,1000,1000
16822,182,weighted,10,0.8225517515923567,0,24,None,66,1,5,False,1000,1000
16823,183,weighted,10,0.8219546178343949,0,24,None,66,1,5,False,1000,1000
16824,184,weighted,10,0.8220541401273885,0,24,None,66,1,5,False,1000,1000
16825,180,weighted,10,0.7791600318471338,0,27,None,66,1,5,False,1000,1000
16826,181,weighted,10,0.7798566878980892,0,27,None,66,1,5,False,1000,1000
16827,182,weighted,10,0.7822452229299363,0,27,None,66,1,5,False,1000,1000
16828,183,weighted,10,0.7844347133757962,0,27,None,66,1,5,False,1000,1000
16829,184,weighted,10,0.7857285031847133,0,27,None,66,1,5,False,1000,1000
16830,185,weighted,10,0.831906847133758,0,26,None,66,1,5,False,1000,1000
16831,186,weighted,10,0.8320063694267515,0,26,None,66,1,5,False,1000,1000
16832,187,weighted,10,0.8336982484076433,0,26,None,66,1,5,False,1000,1000
16833,188,weighted,10,0.8333996815286624,0,26,None,66,1,5,False,1000,1000
16834,189,weighted,10,0.8332006369426752,0,26,None,66,1,5,False,1000,1000
16835,185,weighted,10,0.8265326433121019,0,22,None,66,1,5,False,1000,1000
16836,186,weighted,10,0.8253383757961783,0,22,None,66,1,5,False,1000,1000
16837,187,weighted,10,0.8244426751592356,0,22,None,66,1,5,False,1000,1000
16838,188,weighted,10,0.8234474522292994,0,22,None,66,1,5,False,1000,1000
16839,189,weighted,10,0.8233479299363057,0,22,None,66,1,5,False,1000,1000
16840,185,weighted,10,0.8382762738853503,0,14,None,66,1,5,False,1000,1000
16841,186,weighted,10,0.8402667197452229,0,14,None,66,1,5,False,1000,1000
16842,187,weighted,10,0.8409633757961783,0,14,None,66,1,5,False,1000,1000
16843,188,weighted,10,0.8408638535031847,0,14,None,66,1,5,False,1000,1000
16844,189,weighted,10,0.8405652866242038,0,14,None,66,1,5,False,1000,1000
16845,185,weighted,10,0.794187898089172,0,25,None,66,1,5,False,1000,1000
16846,186,weighted,10,0.8255374203821656,0,25,None,66,1,5,False,1000,1000
16847,187,weighted,10,0.8348925159235668,0,25,None,66,1,5,False,1000,1000
16848,188,weighted,10,0.8395700636942676,0,25,None,66,1,5,False,1000,1000
16849,189,weighted,10,0.8432523885350318,0,25,None,66,1,5,False,1000,1000
16850,185,weighted,10,0.8086186305732485,0,15,None,66,1,5,False,1000,1000
16851,186,weighted,10,0.8125,0,15,None,66,1,5,False,1000,1000
16852,187,weighted,10,0.8159832802547771,0,15,None,66,1,5,False,1000,1000
16853,188,weighted,10,0.8199641719745223,0,15,None,66,1,5,False,1000,1000
16854,189,weighted,10,0.8221536624203821,0,15,None,66,1,5,False,1000,1000
16855,185,weighted,10,0.8282245222929936,0,20,None,66,1,5,False,1000,1000
16856,186,weighted,10,0.8274283439490446,0,20,None,66,1,5,False,1000,1000
16857,187,weighted,10,0.8245421974522293,0,20,None,66,1,5,False,1000,1000
16858,188,weighted,10,0.8229498407643312,0,20,None,66,1,5,False,1000,1000
16859,189,weighted,10,0.8214570063694268,0,20,None,66,1,5,False,1000,1000
16860,185,weighted,10,0.8264331210191083,0,1,None,66,1,5,False,1000,1000
16861,186,weighted,10,0.8275278662420382,0,1,None,66,1,5,False,1000,1000
16862,187,weighted,10,0.8284235668789809,0,1,None,66,1,5,False,1000,1000
16863,188,weighted,10,0.8283240445859873,0,1,None,66,1,5,False,1000,1000
16864,189,weighted,10,0.8288216560509554,0,1,None,66,1,5,False,1000,1000
16865,185,weighted,10,0.8188694267515924,0,2,None,66,1,5,False,1000,1000
16866,186,weighted,10,0.8195660828025477,0,2,None,66,1,5,False,1000,1000
16867,187,weighted,10,0.8157842356687898,0,2,None,66,1,5,False,1000,1000
16868,188,weighted,10,0.8157842356687898,0,2,None,66,1,5,False,1000,1000
16869,189,weighted,10,0.8112062101910829,0,2,None,66,1,5,False,1000,1000
16870,185,weighted,10,0.8312101910828026,0,5,None,66,1,5,False,1000,1000
16871,186,weighted,10,0.8306130573248408,0,5,None,66,1,5,False,1000,1000
16872,187,weighted,10,0.830812101910828,0,5,None,66,1,5,False,1000,1000
16873,188,weighted,10,0.8305135350318471,0,5,None,66,1,5,False,1000,1000
16874,189,weighted,10,0.8298168789808917,0,5,None,66,1,5,False,1000,1000
16875,185,weighted,10,0.8234474522292994,0,4,None,66,1,5,False,1000,1000
16876,186,weighted,10,0.8240445859872612,0,4,None,66,1,5,False,1000,1000
16877,187,weighted,10,0.823546974522293,0,4,None,66,1,5,False,1000,1000
16878,188,weighted,10,0.824343152866242,0,4,None,66,1,5,False,1000,1000
16879,189,weighted,10,0.8248407643312102,0,4,None,66,1,5,False,1000,1000
16880,185,weighted,10,0.8375796178343949,0,23,None,66,1,5,False,1000,1000
16881,186,weighted,10,0.8378781847133758,0,23,None,66,1,5,False,1000,1000
16882,187,weighted,10,0.838077229299363,0,23,None,66,1,5,False,1000,1000
16883,188,weighted,10,0.8378781847133758,0,23,None,66,1,5,False,1000,1000
16884,189,weighted,10,0.8373805732484076,0,23,None,66,1,5,False,1000,1000
16885,185,weighted,10,0.8285230891719745,0,9,None,66,1,5,False,1000,1000
16886,186,weighted,10,0.8285230891719745,0,9,None,66,1,5,False,1000,1000
16887,187,weighted,10,0.8285230891719745,0,9,None,66,1,5,False,1000,1000
16888,188,weighted,10,0.8285230891719745,0,9,None,66,1,5,False,1000,1000
16889,189,weighted,10,0.8277269108280255,0,9,None,66,1,5,False,1000,1000
16890,185,weighted,10,0.8081210191082803,0,28,None,66,1,5,False,1000,1000
16891,186,weighted,10,0.8178742038216561,0,28,None,66,1,5,False,1000,1000
16892,187,weighted,10,0.8237460191082803,0,28,None,66,1,5,False,1000,1000
16893,188,weighted,10,0.8275278662420382,0,28,None,66,1,5,False,1000,1000
16894,189,weighted,10,0.8301154458598726,0,28,None,66,1,5,False,1000,1000
16895,185,weighted,10,0.6836186305732485,0,29,None,66,1,5,False,1000,1000
16896,186,weighted,10,0.700437898089172,0,29,None,66,1,5,False,1000,1000
16897,187,weighted,10,0.7127786624203821,0,29,None,66,1,5,False,1000,1000
16898,188,weighted,10,0.7291998407643312,0,29,None,66,1,5,False,1000,1000
16899,189,weighted,10,0.7428343949044586,0,29,None,66,1,5,False,1000,1000
16900,185,weighted,10,0.8264331210191083,0,24,None,66,1,5,False,1000,1000
16901,186,weighted,10,0.8245421974522293,0,24,None,66,1,5,False,1000,1000
16902,187,weighted,10,0.824343152866242,0,24,None,66,1,5,False,1000,1000
16903,188,weighted,10,0.8233479299363057,0,24,None,66,1,5,False,1000,1000
16904,189,weighted,10,0.8237460191082803,0,24,None,66,1,5,False,1000,1000
16905,185,weighted,10,0.8302149681528662,0,30,None,66,1,5,False,1000,1000
16906,186,weighted,10,0.82703025477707,0,30,None,66,1,5,False,1000,1000
16907,187,weighted,10,0.82703025477707,0,30,None,66,1,5,False,1000,1000
16908,188,weighted,10,0.8265326433121019,0,30,None,66,1,5,False,1000,1000
16909,189,weighted,10,0.825437898089172,0,30,None,66,1,5,False,1000,1000
16910,185,weighted,10,0.8238455414012739,0,31,None,66,1,5,False,1000,1000
16911,186,weighted,10,0.8245421974522293,0,31,None,66,1,5,False,1000,1000
16912,187,weighted,10,0.8248407643312102,0,31,None,66,1,5,False,1000,1000
16913,188,weighted,10,0.8250398089171974,0,31,None,66,1,5,False,1000,1000
16914,189,weighted,10,0.8250398089171974,0,31,None,66,1,5,False,1000,1000
16915,185,weighted,10,0.7802547770700637,0,27,None,66,1,5,False,1000,1000
16916,186,weighted,10,0.78234474522293,0,27,None,66,1,5,False,1000,1000
16917,187,weighted,10,0.7851313694267515,0,27,None,66,1,5,False,1000,1000
16918,188,weighted,10,0.7863256369426752,0,27,None,66,1,5,False,1000,1000
16919,189,weighted,10,0.7880175159235668,0,27,None,66,1,5,False,1000,1000
16920,185,weighted,10,0.8336982484076433,0,7,None,66,1,5,False,1000,1000
16921,186,weighted,10,0.8340963375796179,0,7,None,66,1,5,False,1000,1000
16922,187,weighted,10,0.8341958598726115,0,7,None,66,1,5,False,1000,1000
16923,188,weighted,10,0.8343949044585988,0,7,None,66,1,5,False,1000,1000
16924,189,weighted,10,0.8348925159235668,0,7,None,66,1,5,False,1000,1000
16925,185,weighted,10,0.8390724522292994,0,6,None,66,1,5,False,1000,1000
16926,186,weighted,10,0.8384753184713376,0,6,None,66,1,5,False,1000,1000
16927,187,weighted,10,0.8375796178343949,0,6,None,66,1,5,False,1000,1000
16928,188,weighted,10,0.8370820063694268,0,6,None,66,1,5,False,1000,1000
16929,189,weighted,10,0.8369824840764332,0,6,None,66,1,5,False,1000,1000
16930,185,weighted,10,0.8376791401273885,0,16,None,66,1,5,False,1000,1000
16931,186,weighted,10,0.8385748407643312,0,16,None,66,1,5,False,1000,1000
16932,187,weighted,10,0.8393710191082803,0,16,None,66,1,5,False,1000,1000
16933,188,weighted,10,0.8387738853503185,0,16,None,66,1,5,False,1000,1000
16934,189,weighted,10,0.8386743630573248,0,16,None,66,1,5,False,1000,1000
16935,185,weighted,10,0.8210589171974523,0,32,None,66,1,5,False,1000,1000
16936,186,weighted,10,0.8214570063694268,0,32,None,66,1,5,False,1000,1000
16937,187,weighted,10,0.8217555732484076,0,32,None,66,1,5,False,1000,1000
16938,188,weighted,10,0.8219546178343949,0,32,None,66,1,5,False,1000,1000
16939,189,weighted,10,0.8213574840764332,0,32,None,66,1,5,False,1000,1000
16940,185,weighted,10,0.8334992038216561,0,12,None,66,1,5,False,1000,1000
16941,186,weighted,10,0.8346934713375797,0,12,None,66,1,5,False,1000,1000
16942,187,weighted,10,0.835390127388535,0,12,None,66,1,5,False,1000,1000
16943,188,weighted,10,0.8360867834394905,0,12,None,66,1,5,False,1000,1000
16944,189,weighted,10,0.8367834394904459,0,12,None,66,1,5,False,1000,1000
16945,185,weighted,10,0.8271297770700637,0,13,None,66,1,5,False,1000,1000
16946,186,weighted,10,0.8284235668789809,0,13,None,66,1,5,False,1000,1000
16947,187,weighted,10,0.8297173566878981,0,13,None,66,1,5,False,1000,1000
16948,188,weighted,10,0.8305135350318471,0,13,None,66,1,5,False,1000,1000
16949,189,weighted,10,0.8305135350318471,0,13,None,66,1,5,False,1000,1000
16950,185,weighted,10,0.8416600318471338,0,0,None,66,1,5,False,1000,1000
16951,186,weighted,10,0.8404657643312102,0,0,None,66,1,5,False,1000,1000
16952,187,weighted,10,0.8394705414012739,0,0,None,66,1,5,False,1000,1000
16953,188,weighted,10,0.8394705414012739,0,0,None,66,1,5,False,1000,1000
16954,189,weighted,10,0.8388734076433121,0,0,None,66,1,5,False,1000,1000
16955,185,weighted,10,0.8108081210191083,0,10,None,66,1,5,False,1000,1000
16956,186,weighted,10,0.8101114649681529,0,10,None,66,1,5,False,1000,1000
16957,187,weighted,10,0.8111066878980892,0,10,None,66,1,5,False,1000,1000
16958,188,weighted,10,0.8113057324840764,0,10,None,66,1,5,False,1000,1000
16959,189,weighted,10,0.8116042993630573,0,10,None,66,1,5,False,1000,1000
16960,185,weighted,10,0.8230493630573248,0,11,None,66,1,5,False,1000,1000
16961,186,weighted,10,0.8204617834394905,0,11,None,66,1,5,False,1000,1000
16962,187,weighted,10,0.8184713375796179,0,11,None,66,1,5,False,1000,1000
16963,188,weighted,10,0.8177746815286624,0,11,None,66,1,5,False,1000,1000
16964,189,weighted,10,0.8165804140127388,0,11,None,66,1,5,False,1000,1000
16965,185,weighted,10,0.8117038216560509,0,17,None,66,1,5,False,1000,1000
16966,186,weighted,10,0.8125,0,17,None,66,1,5,False,1000,1000
16967,187,weighted,10,0.8126990445859873,0,17,None,66,1,5,False,1000,1000
16968,188,weighted,10,0.81359474522293,0,17,None,66,1,5,False,1000,1000
16969,189,weighted,10,0.8131966560509554,0,17,None,66,1,5,False,1000,1000
16970,185,weighted,10,0.4993033439490446,0,3,None,66,1,5,False,1000,1000
16971,186,weighted,10,0.5416003184713376,0,3,None,66,1,5,False,1000,1000
16972,187,weighted,10,0.553343949044586,0,3,None,66,1,5,False,1000,1000
16973,188,weighted,10,0.5613057324840764,0,3,None,66,1,5,False,1000,1000
16974,189,weighted,10,0.5674761146496815,0,3,None,66,1,5,False,1000,1000
16975,190,weighted,10,0.8362858280254777,0,14,None,66,1,5,False,1000,1000
16976,191,weighted,10,0.8384753184713376,0,14,None,66,1,5,False,1000,1000
16977,192,weighted,10,0.8404657643312102,0,14,None,66,1,5,False,1000,1000
16978,193,weighted,10,0.8405652866242038,0,14,None,66,1,5,False,1000,1000
16979,194,weighted,10,0.8406648089171974,0,14,None,66,1,5,False,1000,1000
16980,185,weighted,10,0.8056329617834395,0,8,None,66,1,5,False,1000,1000
16981,186,weighted,10,0.8073248407643312,0,8,None,66,1,5,False,1000,1000
16982,187,weighted,10,0.8088176751592356,0,8,None,66,1,5,False,1000,1000
16983,188,weighted,10,0.8104100318471338,0,8,None,66,1,5,False,1000,1000
16984,189,weighted,10,0.8105095541401274,0,8,None,66,1,5,False,1000,1000
16985,185,weighted,10,0.8125995222929936,0,18,None,66,1,5,False,1000,1000
16986,186,weighted,10,0.8111066878980892,0,18,None,66,1,5,False,1000,1000
16987,187,weighted,10,0.810609076433121,0,18,None,66,1,5,False,1000,1000
16988,188,weighted,10,0.810609076433121,0,18,None,66,1,5,False,1000,1000
16989,189,weighted,10,0.8108081210191083,0,18,None,66,1,5,False,1000,1000
16990,185,weighted,10,0.8247412420382165,0,19,None,66,1,5,False,1000,1000
16991,186,weighted,10,0.825437898089172,0,19,None,66,1,5,False,1000,1000
16992,187,weighted,10,0.8260350318471338,0,19,None,66,1,5,False,1000,1000
16993,188,weighted,10,0.8260350318471338,0,19,None,66,1,5,False,1000,1000
16994,189,weighted,10,0.826234076433121,0,19,None,66,1,5,False,1000,1000
16995,185,weighted,10,0.7964769108280255,0,21,None,66,1,5,False,1000,1000
16996,186,weighted,10,0.7954816878980892,0,21,None,66,1,5,False,1000,1000
16997,187,weighted,10,0.7962778662420382,0,21,None,66,1,5,False,1000,1000
16998,188,weighted,10,0.7951831210191083,0,21,None,66,1,5,False,1000,1000
16999,189,weighted,10,0.7947850318471338,0,21,None,66,1,5,False,1000,1000
17000,190,weighted,10,0.8321058917197452,0,30,None,66,1,5,False,1000,1000
17001,191,weighted,10,0.82921974522293,0,30,None,66,1,5,False,1000,1000
17002,192,weighted,10,0.8283240445859873,0,30,None,66,1,5,False,1000,1000
17003,193,weighted,10,0.8284235668789809,0,30,None,66,1,5,False,1000,1000
17004,194,weighted,10,0.828125,0,30,None,66,1,5,False,1000,1000
17005,190,weighted,10,0.8267316878980892,0,22,None,66,1,5,False,1000,1000
17006,191,weighted,10,0.8258359872611465,0,22,None,66,1,5,False,1000,1000
17007,192,weighted,10,0.8249402866242038,0,22,None,66,1,5,False,1000,1000
17008,193,weighted,10,0.8248407643312102,0,22,None,66,1,5,False,1000,1000
17009,194,weighted,10,0.8248407643312102,0,22,None,66,1,5,False,1000,1000
17010,190,weighted,10,0.823546974522293,0,32,None,66,1,5,False,1000,1000
17011,191,weighted,10,0.824343152866242,0,32,None,66,1,5,False,1000,1000
17012,192,weighted,10,0.8246417197452229,0,32,None,66,1,5,False,1000,1000
17013,193,weighted,10,0.8237460191082803,0,32,None,66,1,5,False,1000,1000
17014,194,weighted,10,0.8232484076433121,0,32,None,66,1,5,False,1000,1000
17015,190,weighted,10,0.8392714968152867,0,16,None,66,1,5,False,1000,1000
17016,191,weighted,10,0.8403662420382165,0,16,None,66,1,5,False,1000,1000
17017,192,weighted,10,0.8409633757961783,0,16,None,66,1,5,False,1000,1000
17018,193,weighted,10,0.8411624203821656,0,16,None,66,1,5,False,1000,1000
17019,194,weighted,10,0.8405652866242038,0,16,None,66,1,5,False,1000,1000
17020,190,weighted,10,0.8260350318471338,0,19,None,66,1,5,False,1000,1000
17021,191,weighted,10,0.8271297770700637,0,19,None,66,1,5,False,1000,1000
17022,192,weighted,10,0.8264331210191083,0,19,None,66,1,5,False,1000,1000
17023,193,weighted,10,0.8263335987261147,0,19,None,66,1,5,False,1000,1000
17024,194,weighted,10,0.8265326433121019,0,19,None,66,1,5,False,1000,1000
17025,190,weighted,10,0.8282245222929936,0,24,None,66,1,5,False,1000,1000
17026,191,weighted,10,0.8272292993630573,0,24,None,66,1,5,False,1000,1000
17027,192,weighted,10,0.8263335987261147,0,24,None,66,1,5,False,1000,1000
17028,193,weighted,10,0.8264331210191083,0,24,None,66,1,5,False,1000,1000
17029,194,weighted,10,0.8269307324840764,0,24,None,66,1,5,False,1000,1000
17030,190,weighted,10,0.8276273885350318,0,1,None,66,1,5,False,1000,1000
17031,191,weighted,10,0.82921974522293,0,1,None,66,1,5,False,1000,1000
17032,192,weighted,10,0.8298168789808917,0,1,None,66,1,5,False,1000,1000
17033,193,weighted,10,0.8303144904458599,0,1,None,66,1,5,False,1000,1000
17034,194,weighted,10,0.830812101910828,0,1,None,66,1,5,False,1000,1000
17035,190,weighted,10,0.8095143312101911,0,8,None,66,1,5,False,1000,1000
17036,191,weighted,10,0.8099124203821656,0,8,None,66,1,5,False,1000,1000
17037,192,weighted,10,0.8112062101910829,0,8,None,66,1,5,False,1000,1000
17038,193,weighted,10,0.8117038216560509,0,8,None,66,1,5,False,1000,1000
17039,194,weighted,10,0.81359474522293,0,8,None,66,1,5,False,1000,1000
17040,190,weighted,10,0.7978702229299363,0,21,None,66,1,5,False,1000,1000
17041,191,weighted,10,0.7952826433121019,0,21,None,66,1,5,False,1000,1000
17042,192,weighted,10,0.7962778662420382,0,21,None,66,1,5,False,1000,1000
17043,193,weighted,10,0.7951831210191083,0,21,None,66,1,5,False,1000,1000
17044,194,weighted,10,0.7956807324840764,0,21,None,66,1,5,False,1000,1000
17045,190,weighted,10,0.8387738853503185,0,23,None,66,1,5,False,1000,1000
17046,191,weighted,10,0.8388734076433121,0,23,None,66,1,5,False,1000,1000
17047,192,weighted,10,0.8389729299363057,0,23,None,66,1,5,False,1000,1000
17048,193,weighted,10,0.8390724522292994,0,23,None,66,1,5,False,1000,1000
17049,194,weighted,10,0.8392714968152867,0,23,None,66,1,5,False,1000,1000
17050,190,weighted,10,0.6887937898089171,0,29,None,66,1,5,False,1000,1000
17051,191,weighted,10,0.7060111464968153,0,29,None,66,1,5,False,1000,1000
17052,192,weighted,10,0.7172571656050956,0,29,None,66,1,5,False,1000,1000
17053,193,weighted,10,0.7342754777070064,0,29,None,66,1,5,False,1000,1000
17054,194,weighted,10,0.7474124203821656,0,29,None,66,1,5,False,1000,1000
17055,190,weighted,10,0.8321058917197452,0,13,None,66,1,5,False,1000,1000
17056,191,weighted,10,0.8305135350318471,0,13,None,66,1,5,False,1000,1000
17057,192,weighted,10,0.8317078025477707,0,13,None,66,1,5,False,1000,1000
17058,193,weighted,10,0.8332006369426752,0,13,None,66,1,5,False,1000,1000
17059,194,weighted,10,0.8332006369426752,0,13,None,66,1,5,False,1000,1000
17060,190,weighted,10,0.839171974522293,0,6,None,66,1,5,False,1000,1000
17061,191,weighted,10,0.8389729299363057,0,6,None,66,1,5,False,1000,1000
17062,192,weighted,10,0.8384753184713376,0,6,None,66,1,5,False,1000,1000
17063,193,weighted,10,0.8373805732484076,0,6,None,66,1,5,False,1000,1000
17064,194,weighted,10,0.8377786624203821,0,6,None,66,1,5,False,1000,1000
17065,190,weighted,10,0.7892117834394905,0,25,None,66,1,5,False,1000,1000
17066,191,weighted,10,0.8264331210191083,0,25,None,66,1,5,False,1000,1000
17067,192,weighted,10,0.8358877388535032,0,25,None,66,1,5,False,1000,1000
17068,193,weighted,10,0.8401671974522293,0,25,None,66,1,5,False,1000,1000
17069,194,weighted,10,0.8440485668789809,0,25,None,66,1,5,False,1000,1000
17070,190,weighted,10,0.8336982484076433,0,26,None,66,1,5,False,1000,1000
17071,191,weighted,10,0.8332006369426752,0,26,None,66,1,5,False,1000,1000
17072,192,weighted,10,0.8343949044585988,0,26,None,66,1,5,False,1000,1000
17073,193,weighted,10,0.834593949044586,0,26,None,66,1,5,False,1000,1000
17074,194,weighted,10,0.835390127388535,0,26,None,66,1,5,False,1000,1000
17075,190,weighted,10,0.8240445859872612,0,31,None,66,1,5,False,1000,1000
17076,191,weighted,10,0.8248407643312102,0,31,None,66,1,5,False,1000,1000
17077,192,weighted,10,0.8263335987261147,0,31,None,66,1,5,False,1000,1000
17078,193,weighted,10,0.8267316878980892,0,31,None,66,1,5,False,1000,1000
17079,194,weighted,10,0.8267316878980892,0,31,None,66,1,5,False,1000,1000
17080,190,weighted,10,0.7857285031847133,0,27,None,66,1,5,False,1000,1000
17081,191,weighted,10,0.7868232484076433,0,27,None,66,1,5,False,1000,1000
17082,192,weighted,10,0.7881170382165605,0,27,None,66,1,5,False,1000,1000
17083,193,weighted,10,0.7892117834394905,0,27,None,66,1,5,False,1000,1000
17084,194,weighted,10,0.7905055732484076,0,27,None,66,1,5,False,1000,1000
17085,190,weighted,10,0.8202627388535032,0,2,None,66,1,5,False,1000,1000
17086,191,weighted,10,0.8210589171974523,0,2,None,66,1,5,False,1000,1000
17087,192,weighted,10,0.8167794585987261,0,2,None,66,1,5,False,1000,1000
17088,193,weighted,10,0.8167794585987261,0,2,None,66,1,5,False,1000,1000
17089,194,weighted,10,0.81140525477707,0,2,None,66,1,5,False,1000,1000
17090,190,weighted,10,0.8421576433121019,0,0,None,66,1,5,False,1000,1000
17091,191,weighted,10,0.841062898089172,0,0,None,66,1,5,False,1000,1000
17092,192,weighted,10,0.841062898089172,0,0,None,66,1,5,False,1000,1000
17093,193,weighted,10,0.8411624203821656,0,0,None,66,1,5,False,1000,1000
17094,194,weighted,10,0.8403662420382165,0,0,None,66,1,5,False,1000,1000
17095,190,weighted,10,0.492734872611465,0,3,None,66,1,5,False,1000,1000
17096,191,weighted,10,0.5386146496815286,0,3,None,66,1,5,False,1000,1000
17097,192,weighted,10,0.5493630573248408,0,3,None,66,1,5,False,1000,1000
17098,193,weighted,10,0.5563296178343949,0,3,None,66,1,5,False,1000,1000
17099,194,weighted,10,0.5616042993630573,0,3,None,66,1,5,False,1000,1000
17100,190,weighted,10,0.8221536624203821,0,4,None,66,1,5,False,1000,1000
17101,191,weighted,10,0.8242436305732485,0,4,None,66,1,5,False,1000,1000
17102,192,weighted,10,0.8242436305732485,0,4,None,66,1,5,False,1000,1000
17103,193,weighted,10,0.8256369426751592,0,4,None,66,1,5,False,1000,1000
17104,194,weighted,10,0.826234076433121,0,4,None,66,1,5,False,1000,1000
17105,190,weighted,10,0.8331011146496815,0,5,None,66,1,5,False,1000,1000
17106,191,weighted,10,0.8324044585987261,0,5,None,66,1,5,False,1000,1000
17107,192,weighted,10,0.831906847133758,0,5,None,66,1,5,False,1000,1000
17108,193,weighted,10,0.8314092356687898,0,5,None,66,1,5,False,1000,1000
17109,194,weighted,10,0.8310111464968153,0,5,None,66,1,5,False,1000,1000
17110,190,weighted,10,0.8346934713375797,0,7,None,66,1,5,False,1000,1000
17111,191,weighted,10,0.8350915605095541,0,7,None,66,1,5,False,1000,1000
17112,192,weighted,10,0.8351910828025477,0,7,None,66,1,5,False,1000,1000
17113,193,weighted,10,0.835390127388535,0,7,None,66,1,5,False,1000,1000
17114,194,weighted,10,0.8354896496815286,0,7,None,66,1,5,False,1000,1000
17115,190,weighted,10,0.8128980891719745,0,10,None,66,1,5,False,1000,1000
17116,191,weighted,10,0.81359474522293,0,10,None,66,1,5,False,1000,1000
17117,192,weighted,10,0.8141918789808917,0,10,None,66,1,5,False,1000,1000
17118,193,weighted,10,0.8147890127388535,0,10,None,66,1,5,False,1000,1000
17119,194,weighted,10,0.8148885350318471,0,10,None,66,1,5,False,1000,1000
17120,190,weighted,10,0.8291202229299363,0,9,None,66,1,5,False,1000,1000
17121,191,weighted,10,0.8290207006369427,0,9,None,66,1,5,False,1000,1000
17122,192,weighted,10,0.8293192675159236,0,9,None,66,1,5,False,1000,1000
17123,193,weighted,10,0.8288216560509554,0,9,None,66,1,5,False,1000,1000
17124,194,weighted,10,0.8284235668789809,0,9,None,66,1,5,False,1000,1000
17125,190,weighted,10,0.8250398089171974,0,11,None,66,1,5,False,1000,1000
17126,191,weighted,10,0.823546974522293,0,11,None,66,1,5,False,1000,1000
17127,192,weighted,10,0.820859872611465,0,11,None,66,1,5,False,1000,1000
17128,193,weighted,10,0.8206608280254777,0,11,None,66,1,5,False,1000,1000
17129,194,weighted,10,0.8190684713375797,0,11,None,66,1,5,False,1000,1000
17130,190,weighted,10,0.8350915605095541,0,12,None,66,1,5,False,1000,1000
17131,191,weighted,10,0.8360867834394905,0,12,None,66,1,5,False,1000,1000
17132,192,weighted,10,0.8370820063694268,0,12,None,66,1,5,False,1000,1000
17133,193,weighted,10,0.8374800955414012,0,12,None,66,1,5,False,1000,1000
17134,194,weighted,10,0.8374800955414012,0,12,None,66,1,5,False,1000,1000
17135,190,weighted,10,0.8100119426751592,0,15,None,66,1,5,False,1000,1000
17136,191,weighted,10,0.8146894904458599,0,15,None,66,1,5,False,1000,1000
17137,192,weighted,10,0.8188694267515924,0,15,None,66,1,5,False,1000,1000
17138,193,weighted,10,0.8217555732484076,0,15,None,66,1,5,False,1000,1000
17139,194,weighted,10,0.8237460191082803,0,15,None,66,1,5,False,1000,1000
17140,190,weighted,10,0.8168789808917197,0,17,None,66,1,5,False,1000,1000
17141,191,weighted,10,0.8169785031847133,0,17,None,66,1,5,False,1000,1000
17142,192,weighted,10,0.8174761146496815,0,17,None,66,1,5,False,1000,1000
17143,193,weighted,10,0.8178742038216561,0,17,None,66,1,5,False,1000,1000
17144,194,weighted,10,0.8177746815286624,0,17,None,66,1,5,False,1000,1000
17145,190,weighted,10,0.8149880573248408,0,18,None,66,1,5,False,1000,1000
17146,191,weighted,10,0.8136942675159236,0,18,None,66,1,5,False,1000,1000
17147,192,weighted,10,0.8131966560509554,0,18,None,66,1,5,False,1000,1000
17148,193,weighted,10,0.8130971337579618,0,18,None,66,1,5,False,1000,1000
17149,194,weighted,10,0.81359474522293,0,18,None,66,1,5,False,1000,1000
17150,190,weighted,10,0.8108081210191083,0,28,None,66,1,5,False,1000,1000
17151,191,weighted,10,0.8201632165605095,0,28,None,66,1,5,False,1000,1000
17152,192,weighted,10,0.8259355095541401,0,28,None,66,1,5,False,1000,1000
17153,193,weighted,10,0.8291202229299363,0,28,None,66,1,5,False,1000,1000
17154,194,weighted,10,0.8322054140127388,0,28,None,66,1,5,False,1000,1000
17155,190,weighted,10,0.8311106687898089,0,20,None,66,1,5,False,1000,1000
17156,191,weighted,10,0.8297173566878981,0,20,None,66,1,5,False,1000,1000
17157,192,weighted,10,0.8269307324840764,0,20,None,66,1,5,False,1000,1000
17158,193,weighted,10,0.8245421974522293,0,20,None,66,1,5,False,1000,1000
17159,194,weighted,10,0.8226512738853503,0,20,None,66,1,5,False,1000,1000
17160,195,weighted,10,0.8298168789808917,0,1,None,66,1,5,False,1000,1000
17161,196,weighted,10,0.8316082802547771,0,1,None,66,1,5,False,1000,1000
17162,197,weighted,10,0.8310111464968153,0,1,None,66,1,5,False,1000,1000
17163,198,weighted,10,0.8317078025477707,0,1,None,66,1,5,False,1000,1000
17164,199,weighted,10,0.8317078025477707,0,1,None,66,1,5,False,1000,1000
17165,195,weighted,10,0.819765127388535,0,2,None,66,1,5,False,1000,1000
17166,196,weighted,10,0.8217555732484076,0,2,None,66,1,5,False,1000,1000
17167,197,weighted,10,0.817078025477707,0,2,None,66,1,5,False,1000,1000
17168,198,weighted,10,0.8173765923566879,0,2,None,66,1,5,False,1000,1000
17169,199,weighted,10,0.8130971337579618,0,2,None,66,1,5,False,1000,1000
17170,195,weighted,10,0.8134952229299363,0,28,None,66,1,5,False,1000,1000
17171,196,weighted,10,0.8239450636942676,0,28,None,66,1,5,False,1000,1000
17172,197,weighted,10,0.82921974522293,0,28,None,66,1,5,False,1000,1000
17173,198,weighted,10,0.8323049363057324,0,28,None,66,1,5,False,1000,1000
17174,199,weighted,10,0.8338972929936306,0,28,None,66,1,5,False,1000,1000
17175,195,weighted,10,0.6709792993630573,0,29,None,66,1,5,False,1000,1000
17176,196,weighted,10,0.7032245222929936,0,29,None,66,1,5,False,1000,1000
17177,197,weighted,10,0.7061106687898089,0,29,None,66,1,5,False,1000,1000
17178,198,weighted,10,0.7294984076433121,0,29,None,66,1,5,False,1000,1000
17179,199,weighted,10,0.7474124203821656,0,29,None,66,1,5,False,1000,1000
17180,195,weighted,10,0.814390923566879,0,15,None,66,1,5,False,1000,1000
17181,196,weighted,10,0.8183718152866242,0,15,None,66,1,5,False,1000,1000
17182,197,weighted,10,0.8217555732484076,0,15,None,66,1,5,False,1000,1000
17183,198,weighted,10,0.8247412420382165,0,15,None,66,1,5,False,1000,1000
17184,199,weighted,10,0.8266321656050956,0,15,None,66,1,5,False,1000,1000
17185,195,weighted,10,0.8144904458598726,0,10,None,66,1,5,False,1000,1000
17186,196,weighted,10,0.8154856687898089,0,10,None,66,1,5,False,1000,1000
17187,197,weighted,10,0.8161823248407644,0,10,None,66,1,5,False,1000,1000
17188,198,weighted,10,0.8163813694267515,0,10,None,66,1,5,False,1000,1000
17189,199,weighted,10,0.8164808917197452,0,10,None,66,1,5,False,1000,1000
17190,195,weighted,10,0.8299164012738853,0,13,None,66,1,5,False,1000,1000
17191,196,weighted,10,0.8299164012738853,0,13,None,66,1,5,False,1000,1000
17192,197,weighted,10,0.8316082802547771,0,13,None,66,1,5,False,1000,1000
17193,198,weighted,10,0.8321058917197452,0,13,None,66,1,5,False,1000,1000
17194,199,weighted,10,0.8332006369426752,0,13,None,66,1,5,False,1000,1000
17195,195,weighted,10,0.8294187898089171,0,11,None,66,1,5,False,1000,1000
17196,196,weighted,10,0.8296178343949044,0,11,None,66,1,5,False,1000,1000
17197,197,weighted,10,0.8267316878980892,0,11,None,66,1,5,False,1000,1000
17198,198,weighted,10,0.8252388535031847,0,11,None,66,1,5,False,1000,1000
17199,199,weighted,10,0.8234474522292994,0,11,None,66,1,5,False,1000,1000
17200,195,weighted,10,0.824343152866242,0,32,None,66,1,5,False,1000,1000
17201,196,weighted,10,0.8245421974522293,0,32,None,66,1,5,False,1000,1000
17202,197,weighted,10,0.8244426751592356,0,32,None,66,1,5,False,1000,1000
17203,198,weighted,10,0.8236464968152867,0,32,None,66,1,5,False,1000,1000
17204,199,weighted,10,0.8244426751592356,0,32,None,66,1,5,False,1000,1000
17205,195,weighted,10,0.8414609872611465,0,16,None,66,1,5,False,1000,1000
17206,196,weighted,10,0.8414609872611465,0,16,None,66,1,5,False,1000,1000
17207,197,weighted,10,0.8425557324840764,0,16,None,66,1,5,False,1000,1000
17208,198,weighted,10,0.8422571656050956,0,16,None,66,1,5,False,1000,1000
17209,199,weighted,10,0.8425557324840764,0,16,None,66,1,5,False,1000,1000
17210,195,weighted,10,0.8261345541401274,0,22,None,66,1,5,False,1000,1000
17211,196,weighted,10,0.8258359872611465,0,22,None,66,1,5,False,1000,1000
17212,197,weighted,10,0.825437898089172,0,22,None,66,1,5,False,1000,1000
17213,198,weighted,10,0.8251393312101911,0,22,None,66,1,5,False,1000,1000
17214,199,weighted,10,0.8247412420382165,0,22,None,66,1,5,False,1000,1000
17215,195,weighted,10,0.8298168789808917,0,9,None,66,1,5,False,1000,1000
17216,196,weighted,10,0.8291202229299363,0,9,None,66,1,5,False,1000,1000
17217,197,weighted,10,0.82921974522293,0,9,None,66,1,5,False,1000,1000
17218,198,weighted,10,0.8288216560509554,0,9,None,66,1,5,False,1000,1000
17219,199,weighted,10,0.8277269108280255,0,9,None,66,1,5,False,1000,1000
17220,195,weighted,10,0.7847332802547771,0,25,None,66,1,5,False,1000,1000
17221,196,weighted,10,0.8271297770700637,0,25,None,66,1,5,False,1000,1000
17222,197,weighted,10,0.8367834394904459,0,25,None,66,1,5,False,1000,1000
17223,198,weighted,10,0.8412619426751592,0,25,None,66,1,5,False,1000,1000
17224,199,weighted,10,0.8433519108280255,0,25,None,66,1,5,False,1000,1000
17225,195,weighted,10,0.8194665605095541,0,17,None,66,1,5,False,1000,1000
17226,196,weighted,10,0.8195660828025477,0,17,None,66,1,5,False,1000,1000
17227,197,weighted,10,0.8195660828025477,0,17,None,66,1,5,False,1000,1000
17228,198,weighted,10,0.8194665605095541,0,17,None,66,1,5,False,1000,1000
17229,199,weighted,10,0.8191679936305732,0,17,None,66,1,5,False,1000,1000
17230,195,weighted,10,0.8111066878980892,0,8,None,66,1,5,False,1000,1000
17231,196,weighted,10,0.8122014331210191,0,8,None,66,1,5,False,1000,1000
17232,197,weighted,10,0.8134952229299363,0,8,None,66,1,5,False,1000,1000
17233,198,weighted,10,0.8140923566878981,0,8,None,66,1,5,False,1000,1000
17234,199,weighted,10,0.8153861464968153,0,8,None,66,1,5,False,1000,1000
17235,195,weighted,10,0.8257364649681529,0,31,None,66,1,5,False,1000,1000
17236,196,weighted,10,0.826234076433121,0,31,None,66,1,5,False,1000,1000
17237,197,weighted,10,0.82703025477707,0,31,None,66,1,5,False,1000,1000
17238,198,weighted,10,0.8274283439490446,0,31,None,66,1,5,False,1000,1000
17239,199,weighted,10,0.8279259554140127,0,31,None,66,1,5,False,1000,1000
17240,195,weighted,10,0.8163813694267515,0,18,None,66,1,5,False,1000,1000
17241,196,weighted,10,0.8160828025477707,0,18,None,66,1,5,False,1000,1000
17242,197,weighted,10,0.8161823248407644,0,18,None,66,1,5,False,1000,1000
17243,198,weighted,10,0.8157842356687898,0,18,None,66,1,5,False,1000,1000
17244,199,weighted,10,0.8149880573248408,0,18,None,66,1,5,False,1000,1000
17245,195,weighted,10,0.7880175159235668,0,27,None,66,1,5,False,1000,1000
17246,196,weighted,10,0.7894108280254777,0,27,None,66,1,5,False,1000,1000
17247,197,weighted,10,0.7908041401273885,0,27,None,66,1,5,False,1000,1000
17248,198,weighted,10,0.792296974522293,0,27,None,66,1,5,False,1000,1000
17249,199,weighted,10,0.7921974522292994,0,27,None,66,1,5,False,1000,1000
17250,195,weighted,10,0.8400676751592356,0,23,None,66,1,5,False,1000,1000
17251,196,weighted,10,0.8394705414012739,0,23,None,66,1,5,False,1000,1000
17252,197,weighted,10,0.8398686305732485,0,23,None,66,1,5,False,1000,1000
17253,198,weighted,10,0.839968152866242,0,23,None,66,1,5,False,1000,1000
17254,199,weighted,10,0.8404657643312102,0,23,None,66,1,5,False,1000,1000
17255,195,weighted,10,0.8271297770700637,0,19,None,66,1,5,False,1000,1000
17256,196,weighted,10,0.8277269108280255,0,19,None,66,1,5,False,1000,1000
17257,197,weighted,10,0.8272292993630573,0,19,None,66,1,5,False,1000,1000
17258,198,weighted,10,0.8272292993630573,0,19,None,66,1,5,False,1000,1000
17259,199,weighted,10,0.8273288216560509,0,19,None,66,1,5,False,1000,1000
17260,195,weighted,10,0.8035429936305732,0,21,None,66,1,5,False,1000,1000
17261,196,weighted,10,0.7997611464968153,0,21,None,66,1,5,False,1000,1000
17262,197,weighted,10,0.7989649681528662,0,21,None,66,1,5,False,1000,1000
17263,198,weighted,10,0.7994625796178344,0,21,None,66,1,5,False,1000,1000
17264,199,weighted,10,0.8012539808917197,0,21,None,66,1,5,False,1000,1000
17265,195,weighted,10,0.8454418789808917,0,0,None,66,1,5,False,1000,1000
17266,196,weighted,10,0.8431528662420382,0,0,None,66,1,5,False,1000,1000
17267,197,weighted,10,0.8423566878980892,0,0,None,66,1,5,False,1000,1000
17268,198,weighted,10,0.8424562101910829,0,0,None,66,1,5,False,1000,1000
17269,199,weighted,10,0.8417595541401274,0,0,None,66,1,5,False,1000,1000
17270,195,weighted,10,0.8305135350318471,0,24,None,66,1,5,False,1000,1000
17271,196,weighted,10,0.830015923566879,0,24,None,66,1,5,False,1000,1000
17272,197,weighted,10,0.8290207006369427,0,24,None,66,1,5,False,1000,1000
17273,198,weighted,10,0.8291202229299363,0,24,None,66,1,5,False,1000,1000
17274,199,weighted,10,0.8289211783439491,0,24,None,66,1,5,False,1000,1000
17275,195,weighted,10,0.8367834394904459,0,20,None,66,1,5,False,1000,1000
17276,196,weighted,10,0.834593949044586,0,20,None,66,1,5,False,1000,1000
17277,197,weighted,10,0.8328025477707006,0,20,None,66,1,5,False,1000,1000
17278,198,weighted,10,0.8313097133757962,0,20,None,66,1,5,False,1000,1000
17279,199,weighted,10,0.8304140127388535,0,20,None,66,1,5,False,1000,1000
17280,195,weighted,10,0.4788017515923566,0,3,None,66,1,5,False,1000,1000
17281,196,weighted,10,0.5288614649681529,0,3,None,66,1,5,False,1000,1000
17282,197,weighted,10,0.5409036624203821,0,3,None,66,1,5,False,1000,1000
17283,198,weighted,10,0.5470740445859873,0,3,None,66,1,5,False,1000,1000
17284,199,weighted,10,0.5526472929936306,0,3,None,66,1,5,False,1000,1000
17285,195,weighted,10,0.8348925159235668,0,5,None,66,1,5,False,1000,1000
17286,196,weighted,10,0.8341958598726115,0,5,None,66,1,5,False,1000,1000
17287,197,weighted,10,0.8343949044585988,0,5,None,66,1,5,False,1000,1000
17288,198,weighted,10,0.8334992038216561,0,5,None,66,1,5,False,1000,1000
17289,199,weighted,10,0.8329020700636943,0,5,None,66,1,5,False,1000,1000
17290,195,weighted,10,0.8202627388535032,0,4,None,66,1,5,False,1000,1000
17291,196,weighted,10,0.8219546178343949,0,4,None,66,1,5,False,1000,1000
17292,197,weighted,10,0.8239450636942676,0,4,None,66,1,5,False,1000,1000
17293,198,weighted,10,0.8249402866242038,0,4,None,66,1,5,False,1000,1000
17294,199,weighted,10,0.8259355095541401,0,4,None,66,1,5,False,1000,1000
17295,195,weighted,10,0.8356886942675159,0,7,None,66,1,5,False,1000,1000
17296,196,weighted,10,0.8355891719745223,0,7,None,66,1,5,False,1000,1000
17297,197,weighted,10,0.8351910828025477,0,7,None,66,1,5,False,1000,1000
17298,198,weighted,10,0.8356886942675159,0,7,None,66,1,5,False,1000,1000
17299,199,weighted,10,0.836484872611465,0,7,None,66,1,5,False,1000,1000
17300,195,weighted,10,0.8400676751592356,0,6,None,66,1,5,False,1000,1000
17301,196,weighted,10,0.8398686305732485,0,6,None,66,1,5,False,1000,1000
17302,197,weighted,10,0.8394705414012739,0,6,None,66,1,5,False,1000,1000
17303,198,weighted,10,0.8384753184713376,0,6,None,66,1,5,False,1000,1000
17304,199,weighted,10,0.8384753184713376,0,6,None,66,1,5,False,1000,1000
17305,195,weighted,10,0.8371815286624203,0,12,None,66,1,5,False,1000,1000
17306,196,weighted,10,0.8379777070063694,0,12,None,66,1,5,False,1000,1000
17307,197,weighted,10,0.838077229299363,0,12,None,66,1,5,False,1000,1000
17308,198,weighted,10,0.8387738853503185,0,12,None,66,1,5,False,1000,1000
17309,199,weighted,10,0.8387738853503185,0,12,None,66,1,5,False,1000,1000
17310,195,weighted,10,0.8341958598726115,0,14,None,66,1,5,False,1000,1000
17311,196,weighted,10,0.8383757961783439,0,14,None,66,1,5,False,1000,1000
17312,197,weighted,10,0.839968152866242,0,14,None,66,1,5,False,1000,1000
17313,198,weighted,10,0.8400676751592356,0,14,None,66,1,5,False,1000,1000
17314,199,weighted,10,0.8413614649681529,0,14,None,66,1,5,False,1000,1000
17315,195,weighted,10,0.8355891719745223,0,26,None,66,1,5,False,1000,1000
17316,196,weighted,10,0.8373805732484076,0,26,None,66,1,5,False,1000,1000
17317,197,weighted,10,0.8362858280254777,0,26,None,66,1,5,False,1000,1000
17318,198,weighted,10,0.8368829617834395,0,26,None,66,1,5,False,1000,1000
17319,199,weighted,10,0.8370820063694268,0,26,None,66,1,5,False,1000,1000
17320,195,weighted,10,0.8339968152866242,0,30,None,66,1,5,False,1000,1000
17321,196,weighted,10,0.8306130573248408,0,30,None,66,1,5,False,1000,1000
17322,197,weighted,10,0.8298168789808917,0,30,None,66,1,5,False,1000,1000
17323,198,weighted,10,0.8297173566878981,0,30,None,66,1,5,False,1000,1000
17324,199,weighted,10,0.8295183121019108,0,30,None,66,1,5,False,1000,1000
0,0,unweighted,10,0.2161624203821656,0,16,None,66,1,5,False,1000,1000
1,1,unweighted,10,0.3348925159235669,0,16,None,66,1,5,False,1000,1000
2,2,unweighted,10,0.3972929936305732,0,16,None,66,1,5,False,1000,1000
3,3,unweighted,10,0.4940286624203822,0,16,None,66,1,5,False,1000,1000
4,4,unweighted,10,0.5419984076433121,0,16,None,66,1,5,False,1000,1000
5,0,unweighted,10,0.0995222929936305,0,20,None,66,1,5,False,1000,1000
6,1,unweighted,10,0.0995222929936305,0,20,None,66,1,5,False,1000,1000
7,2,unweighted,10,0.0995222929936305,0,20,None,66,1,5,False,1000,1000
8,3,unweighted,10,0.0995222929936305,0,20,None,66,1,5,False,1000,1000
9,4,unweighted,10,0.0995222929936305,0,20,None,66,1,5,False,1000,1000
10,0,unweighted,10,0.1908837579617834,0,19,None,66,1,5,False,1000,1000
11,1,unweighted,10,0.2177547770700637,0,19,None,66,1,5,False,1000,1000
12,2,unweighted,10,0.3057324840764331,0,19,None,66,1,5,False,1000,1000
13,3,unweighted,10,0.4061504777070063,0,19,None,66,1,5,False,1000,1000
14,4,unweighted,10,0.4875597133757962,0,19,None,66,1,5,False,1000,1000
15,0,unweighted,10,0.2486066878980891,0,14,None,66,1,5,False,1000,1000
16,1,unweighted,10,0.2948845541401274,0,14,None,66,1,5,False,1000,1000
17,2,unweighted,10,0.3857484076433121,0,14,None,66,1,5,False,1000,1000
18,3,unweighted,10,0.4211783439490446,0,14,None,66,1,5,False,1000,1000
19,4,unweighted,10,0.431031050955414,0,14,None,66,1,5,False,1000,1000
20,0,unweighted,10,0.1100716560509554,0,22,None,66,1,5,False,1000,1000
21,1,unweighted,10,0.2239251592356688,0,22,None,66,1,5,False,1000,1000
22,2,unweighted,10,0.3188694267515923,0,22,None,66,1,5,False,1000,1000
23,3,unweighted,10,0.4157046178343949,0,22,None,66,1,5,False,1000,1000
24,4,unweighted,10,0.4670581210191082,0,22,None,66,1,5,False,1000,1000
25,0,unweighted,10,0.1572452229299363,0,26,None,66,1,5,False,1000,1000
26,1,unweighted,10,0.10828025477707,0,26,None,66,1,5,False,1000,1000
27,2,unweighted,10,0.1353503184713375,0,26,None,66,1,5,False,1000,1000
28,3,unweighted,10,0.169984076433121,0,26,None,66,1,5,False,1000,1000
29,4,unweighted,10,0.1857085987261146,0,26,None,66,1,5,False,1000,1000
30,0,unweighted,10,0.1140525477707006,0,30,None,66,1,5,False,1000,1000
31,1,unweighted,10,0.1442078025477707,0,30,None,66,1,5,False,1000,1000
32,2,unweighted,10,0.1732683121019108,0,30,None,66,1,5,False,1000,1000
33,3,unweighted,10,0.2380573248407643,0,30,None,66,1,5,False,1000,1000
34,4,unweighted,10,0.2924960191082802,0,30,None,66,1,5,False,1000,1000
35,0,unweighted,10,0.1189291401273885,0,6,None,66,1,5,False,1000,1000
36,1,unweighted,10,0.1560509554140127,0,6,None,66,1,5,False,1000,1000
37,2,unweighted,10,0.2308917197452229,0,6,None,66,1,5,False,1000,1000
38,3,unweighted,10,0.2548765923566879,0,6,None,66,1,5,False,1000,1000
39,4,unweighted,10,0.2821457006369426,0,6,None,66,1,5,False,1000,1000
40,0,unweighted,10,0.1020103503184713,0,18,None,66,1,5,False,1000,1000
41,1,unweighted,10,0.1036027070063694,0,18,None,66,1,5,False,1000,1000
42,2,unweighted,10,0.1209195859872611,0,18,None,66,1,5,False,1000,1000
43,3,unweighted,10,0.1652070063694267,0,18,None,66,1,5,False,1000,1000
44,4,unweighted,10,0.1927746815286624,0,18,None,66,1,5,False,1000,1000
45,0,unweighted,10,0.2018312101910828,0,31,None,66,1,5,False,1000,1000
46,1,unweighted,10,0.2200437898089172,0,31,None,66,1,5,False,1000,1000
47,2,unweighted,10,0.2533837579617834,0,31,None,66,1,5,False,1000,1000
48,3,unweighted,10,0.2741839171974522,0,31,None,66,1,5,False,1000,1000
49,4,unweighted,10,0.3025477707006369,0,31,None,66,1,5,False,1000,1000
50,0,unweighted,10,0.1888933121019108,0,7,None,66,1,5,False,1000,1000
51,1,unweighted,10,0.2377587579617834,0,7,None,66,1,5,False,1000,1000
52,2,unweighted,10,0.2718949044585987,0,7,None,66,1,5,False,1000,1000
53,3,unweighted,10,0.3556926751592357,0,7,None,66,1,5,False,1000,1000
54,4,unweighted,10,0.4144108280254777,0,7,None,66,1,5,False,1000,1000
55,0,unweighted,10,0.1649084394904458,0,32,None,66,1,5,False,1000,1000
56,1,unweighted,10,0.1902866242038216,0,32,None,66,1,5,False,1000,1000
57,2,unweighted,10,0.1944665605095541,0,32,None,66,1,5,False,1000,1000
58,3,unweighted,10,0.2309912420382165,0,32,None,66,1,5,False,1000,1000
59,4,unweighted,10,0.2849323248407643,0,32,None,66,1,5,False,1000,1000
60,0,unweighted,10,0.0995222929936305,0,1,None,66,1,5,False,1000,1000
61,1,unweighted,10,0.0995222929936305,0,1,None,66,1,5,False,1000,1000
62,2,unweighted,10,0.1000199044585987,0,1,None,66,1,5,False,1000,1000
63,3,unweighted,10,0.1351512738853503,0,1,None,66,1,5,False,1000,1000
64,4,unweighted,10,0.1979498407643312,0,1,None,66,1,5,False,1000,1000
65,0,unweighted,10,0.0950437898089172,0,2,None,66,1,5,False,1000,1000
66,1,unweighted,10,0.0966361464968152,0,2,None,66,1,5,False,1000,1000
67,2,unweighted,10,0.0989251592356687,0,2,None,66,1,5,False,1000,1000
68,3,unweighted,10,0.1006170382165605,0,2,None,66,1,5,False,1000,1000
69,4,unweighted,10,0.1009156050955414,0,2,None,66,1,5,False,1000,1000
70,0,unweighted,10,0.1001194267515923,0,0,None,66,1,5,False,1000,1000
71,1,unweighted,10,0.1196257961783439,0,0,None,66,1,5,False,1000,1000
72,2,unweighted,10,0.1593351910828025,0,0,None,66,1,5,False,1000,1000
73,3,unweighted,10,0.2074044585987261,0,0,None,66,1,5,False,1000,1000
74,4,unweighted,10,0.2717953821656051,0,0,None,66,1,5,False,1000,1000
75,0,unweighted,10,0.0790207006369426,0,3,None,66,1,5,False,1000,1000
76,1,unweighted,10,0.0784235668789808,0,3,None,66,1,5,False,1000,1000
77,2,unweighted,10,0.0759355095541401,0,3,None,66,1,5,False,1000,1000
78,3,unweighted,10,0.0745421974522293,0,3,None,66,1,5,False,1000,1000
79,4,unweighted,10,0.0894705414012738,0,3,None,66,1,5,False,1000,1000
80,0,unweighted,10,0.1086783439490445,0,4,None,66,1,5,False,1000,1000
81,1,unweighted,10,0.1133558917197452,0,4,None,66,1,5,False,1000,1000
82,2,unweighted,10,0.1762539808917197,0,4,None,66,1,5,False,1000,1000
83,3,unweighted,10,0.257265127388535,0,4,None,66,1,5,False,1000,1000
84,4,unweighted,10,0.2932921974522293,0,4,None,66,1,5,False,1000,1000
85,0,unweighted,10,0.2404458598726114,0,5,None,66,1,5,False,1000,1000
86,1,unweighted,10,0.3670382165605095,0,5,None,66,1,5,False,1000,1000
87,2,unweighted,10,0.4131170382165605,0,5,None,66,1,5,False,1000,1000
88,3,unweighted,10,0.4336186305732484,0,5,None,66,1,5,False,1000,1000
89,4,unweighted,10,0.4388933121019108,0,5,None,66,1,5,False,1000,1000
90,0,unweighted,10,0.26453025477707,0,8,None,66,1,5,False,1000,1000
91,1,unweighted,10,0.3690286624203822,0,8,None,66,1,5,False,1000,1000
92,2,unweighted,10,0.4280453821656051,0,8,None,66,1,5,False,1000,1000
93,3,unweighted,10,0.4339171974522293,0,8,None,66,1,5,False,1000,1000
94,4,unweighted,10,0.4454617834394904,0,8,None,66,1,5,False,1000,1000
95,0,unweighted,10,0.0556329617834394,0,13,None,66,1,5,False,1000,1000
96,1,unweighted,10,0.0787221337579617,0,13,None,66,1,5,False,1000,1000
97,2,unweighted,10,0.1065883757961783,0,13,None,66,1,5,False,1000,1000
98,3,unweighted,10,0.1202229299363057,0,13,None,66,1,5,False,1000,1000
99,4,unweighted,10,0.1242038216560509,0,13,None,66,1,5,False,1000,1000
100,0,unweighted,10,0.1399283439490445,0,23,None,66,1,5,False,1000,1000
101,1,unweighted,10,0.2019307324840764,0,23,None,66,1,5,False,1000,1000
102,2,unweighted,10,0.3047372611464968,0,23,None,66,1,5,False,1000,1000
103,3,unweighted,10,0.3581807324840764,0,23,None,66,1,5,False,1000,1000
104,4,unweighted,10,0.3683320063694267,0,23,None,66,1,5,False,1000,1000
105,0,unweighted,10,0.0995222929936305,0,29,None,66,1,5,False,1000,1000
106,1,unweighted,10,0.0995222929936305,0,29,None,66,1,5,False,1000,1000
107,2,unweighted,10,0.0995222929936305,0,29,None,66,1,5,False,1000,1000
108,3,unweighted,10,0.0995222929936305,0,29,None,66,1,5,False,1000,1000
109,4,unweighted,10,0.0995222929936305,0,29,None,66,1,5,False,1000,1000
110,0,unweighted,10,0.3193670382165605,0,28,None,66,1,5,False,1000,1000
111,1,unweighted,10,0.3564888535031847,0,28,None,66,1,5,False,1000,1000
112,2,unweighted,10,0.3808718152866242,0,28,None,66,1,5,False,1000,1000
113,3,unweighted,10,0.4119227707006369,0,28,None,66,1,5,False,1000,1000
114,4,unweighted,10,0.4168988853503185,0,28,None,66,1,5,False,1000,1000
115,0,unweighted,10,0.1057921974522293,0,11,None,66,1,5,False,1000,1000
116,1,unweighted,10,0.1173367834394904,0,11,None,66,1,5,False,1000,1000
117,2,unweighted,10,0.15515525477707,0,11,None,66,1,5,False,1000,1000
118,3,unweighted,10,0.1795382165605095,0,11,None,66,1,5,False,1000,1000
119,4,unweighted,10,0.1824243630573248,0,11,None,66,1,5,False,1000,1000
120,0,unweighted,10,0.3996815286624204,0,10,None,66,1,5,False,1000,1000
121,1,unweighted,10,0.4827826433121019,0,10,None,66,1,5,False,1000,1000
122,2,unweighted,10,0.4700437898089172,0,10,None,66,1,5,False,1000,1000
123,3,unweighted,10,0.4685509554140127,0,10,None,66,1,5,False,1000,1000
124,4,unweighted,10,0.5496616242038217,0,10,None,66,1,5,False,1000,1000
125,0,unweighted,10,0.2317874203821656,0,15,None,66,1,5,False,1000,1000
126,1,unweighted,10,0.2933917197452229,0,15,None,66,1,5,False,1000,1000
127,2,unweighted,10,0.3035429936305732,0,15,None,66,1,5,False,1000,1000
128,3,unweighted,10,0.303343949044586,0,15,None,66,1,5,False,1000,1000
129,4,unweighted,10,0.3081210191082802,0,15,None,66,1,5,False,1000,1000
130,0,unweighted,10,0.224124203821656,0,9,None,66,1,5,False,1000,1000
131,1,unweighted,10,0.339171974522293,0,9,None,66,1,5,False,1000,1000
132,2,unweighted,10,0.6014132165605095,0,9,None,66,1,5,False,1000,1000
133,3,unweighted,10,0.6267914012738853,0,9,None,66,1,5,False,1000,1000
134,4,unweighted,10,0.6403264331210191,0,9,None,66,1,5,False,1000,1000
135,0,unweighted,10,0.3624601910828025,0,12,None,66,1,5,False,1000,1000
136,1,unweighted,10,0.3288216560509554,0,12,None,66,1,5,False,1000,1000
137,2,unweighted,10,0.3632563694267516,0,12,None,66,1,5,False,1000,1000
138,3,unweighted,10,0.458499203821656,0,12,None,66,1,5,False,1000,1000
139,4,unweighted,10,0.5087579617834395,0,12,None,66,1,5,False,1000,1000
140,0,unweighted,10,0.0995222929936305,0,25,None,66,1,5,False,1000,1000
141,1,unweighted,10,0.0995222929936305,0,25,None,66,1,5,False,1000,1000
142,2,unweighted,10,0.1003184713375796,0,25,None,66,1,5,False,1000,1000
143,3,unweighted,10,0.1035031847133758,0,25,None,66,1,5,False,1000,1000
144,4,unweighted,10,0.1179339171974522,0,25,None,66,1,5,False,1000,1000
145,0,unweighted,10,0.1572452229299363,0,17,None,66,1,5,False,1000,1000
146,1,unweighted,10,0.1567476114649681,0,17,None,66,1,5,False,1000,1000
147,2,unweighted,10,0.1948646496815286,0,17,None,66,1,5,False,1000,1000
148,3,unweighted,10,0.2240246815286624,0,17,None,66,1,5,False,1000,1000
149,4,unweighted,10,0.2231289808917197,0,17,None,66,1,5,False,1000,1000
150,0,unweighted,10,0.198546974522293,0,24,None,66,1,5,False,1000,1000
151,1,unweighted,10,0.3818670382165605,0,24,None,66,1,5,False,1000,1000
152,2,unweighted,10,0.4368033439490446,0,24,None,66,1,5,False,1000,1000
153,3,unweighted,10,0.4607882165605095,0,24,None,66,1,5,False,1000,1000
154,4,unweighted,10,0.443968949044586,0,24,None,66,1,5,False,1000,1000
155,0,unweighted,10,0.1200238853503184,0,21,None,66,1,5,False,1000,1000
156,1,unweighted,10,0.1492834394904458,0,21,None,66,1,5,False,1000,1000
157,2,unweighted,10,0.1792396496815286,0,21,None,66,1,5,False,1000,1000
158,3,unweighted,10,0.2004378980891719,0,21,None,66,1,5,False,1000,1000
159,4,unweighted,10,0.2115843949044586,0,21,None,66,1,5,False,1000,1000
160,0,unweighted,10,0.2505971337579618,0,27,None,66,1,5,False,1000,1000
161,1,unweighted,10,0.2730891719745223,0,27,None,66,1,5,False,1000,1000
162,2,unweighted,10,0.3152866242038216,0,27,None,66,1,5,False,1000,1000
163,3,unweighted,10,0.3736066878980891,0,27,None,66,1,5,False,1000,1000
164,4,unweighted,10,0.4433718152866242,0,27,None,66,1,5,False,1000,1000
165,5,unweighted,10,0.0995222929936305,0,22,None,66,1,5,False,1000,1000
166,6,unweighted,10,0.0995222929936305,0,22,None,66,1,5,False,1000,1000
167,7,unweighted,10,0.0995222929936305,0,22,None,66,1,5,False,1000,1000
168,8,unweighted,10,0.0996218152866242,0,22,None,66,1,5,False,1000,1000
169,9,unweighted,10,0.101811305732484,0,22,None,66,1,5,False,1000,1000
170,5,unweighted,10,0.1409235668789809,0,15,None,66,1,5,False,1000,1000
171,6,unweighted,10,0.1996417197452229,0,15,None,66,1,5,False,1000,1000
172,7,unweighted,10,0.272890127388535,0,15,None,66,1,5,False,1000,1000
173,8,unweighted,10,0.3110071656050955,0,15,None,66,1,5,False,1000,1000
174,9,unweighted,10,0.3747014331210191,0,15,None,66,1,5,False,1000,1000
175,5,unweighted,10,0.0995222929936305,0,20,None,66,1,5,False,1000,1000
176,6,unweighted,10,0.0995222929936305,0,20,None,66,1,5,False,1000,1000
177,7,unweighted,10,0.0995222929936305,0,20,None,66,1,5,False,1000,1000
178,8,unweighted,10,0.0995222929936305,0,20,None,66,1,5,False,1000,1000
179,9,unweighted,10,0.0995222929936305,0,20,None,66,1,5,False,1000,1000
180,5,unweighted,10,0.2776671974522293,0,26,None,66,1,5,False,1000,1000
181,6,unweighted,10,0.3459394904458598,0,26,None,66,1,5,False,1000,1000
182,7,unweighted,10,0.2490047770700637,0,26,None,66,1,5,False,1000,1000
183,8,unweighted,10,0.1951632165605095,0,26,None,66,1,5,False,1000,1000
184,9,unweighted,10,0.195561305732484,0,26,None,66,1,5,False,1000,1000
185,5,unweighted,10,0.1195262738853503,0,12,None,66,1,5,False,1000,1000
186,6,unweighted,10,0.1678941082802547,0,12,None,66,1,5,False,1000,1000
187,7,unweighted,10,0.1833200636942675,0,12,None,66,1,5,False,1000,1000
188,8,unweighted,10,0.1917794585987261,0,12,None,66,1,5,False,1000,1000
189,9,unweighted,10,0.192078025477707,0,12,None,66,1,5,False,1000,1000
190,5,unweighted,10,0.1180334394904458,0,10,None,66,1,5,False,1000,1000
191,6,unweighted,10,0.1711783439490445,0,10,None,66,1,5,False,1000,1000
192,7,unweighted,10,0.1884952229299363,0,10,None,66,1,5,False,1000,1000
193,8,unweighted,10,0.2369625796178344,0,10,None,66,1,5,False,1000,1000
194,9,unweighted,10,0.2740843949044586,0,10,None,66,1,5,False,1000,1000
195,5,unweighted,10,0.1000199044585987,0,11,None,66,1,5,False,1000,1000
196,6,unweighted,10,0.0995222929936305,0,11,None,66,1,5,False,1000,1000
197,7,unweighted,10,0.0995222929936305,0,11,None,66,1,5,False,1000,1000
198,8,unweighted,10,0.0995222929936305,0,11,None,66,1,5,False,1000,1000
199,9,unweighted,10,0.0995222929936305,0,11,None,66,1,5,False,1000,1000
200,5,unweighted,10,0.0995222929936305,0,25,None,66,1,5,False,1000,1000
201,6,unweighted,10,0.0995222929936305,0,25,None,66,1,5,False,1000,1000
202,7,unweighted,10,0.0995222929936305,0,25,None,66,1,5,False,1000,1000
203,8,unweighted,10,0.1047969745222929,0,25,None,66,1,5,False,1000,1000
204,9,unweighted,10,0.1482882165605095,0,25,None,66,1,5,False,1000,1000
205,5,unweighted,10,0.1958598726114649,0,14,None,66,1,5,False,1000,1000
206,6,unweighted,10,0.2825437898089172,0,14,None,66,1,5,False,1000,1000
207,7,unweighted,10,0.294984076433121,0,14,None,66,1,5,False,1000,1000
208,8,unweighted,10,0.306031050955414,0,14,None,66,1,5,False,1000,1000
209,9,unweighted,10,0.3191679936305732,0,14,None,66,1,5,False,1000,1000
210,5,unweighted,10,0.0995222929936305,0,17,None,66,1,5,False,1000,1000
211,6,unweighted,10,0.0995222929936305,0,17,None,66,1,5,False,1000,1000
212,7,unweighted,10,0.0995222929936305,0,17,None,66,1,5,False,1000,1000
213,8,unweighted,10,0.0995222929936305,0,17,None,66,1,5,False,1000,1000
214,9,unweighted,10,0.0995222929936305,0,17,None,66,1,5,False,1000,1000
215,5,unweighted,10,0.0995222929936305,0,24,None,66,1,5,False,1000,1000
216,6,unweighted,10,0.0996218152866242,0,24,None,66,1,5,False,1000,1000
217,7,unweighted,10,0.1350517515923567,0,24,None,66,1,5,False,1000,1000
218,8,unweighted,10,0.2301950636942675,0,24,None,66,1,5,False,1000,1000
219,9,unweighted,10,0.2986664012738853,0,24,None,66,1,5,False,1000,1000
220,5,unweighted,10,0.2053144904458598,0,30,None,66,1,5,False,1000,1000
221,6,unweighted,10,0.1884952229299363,0,30,None,66,1,5,False,1000,1000
222,7,unweighted,10,0.1801353503184713,0,30,None,66,1,5,False,1000,1000
223,8,unweighted,10,0.1721735668789809,0,30,None,66,1,5,False,1000,1000
224,9,unweighted,10,0.1613256369426751,0,30,None,66,1,5,False,1000,1000
225,5,unweighted,10,0.1840167197452229,0,31,None,66,1,5,False,1000,1000
226,6,unweighted,10,0.2026273885350318,0,31,None,66,1,5,False,1000,1000
227,7,unweighted,10,0.2228304140127388,0,31,None,66,1,5,False,1000,1000
228,8,unweighted,10,0.2197452229299363,0,31,None,66,1,5,False,1000,1000
229,9,unweighted,10,0.2042197452229299,0,31,None,66,1,5,False,1000,1000
230,5,unweighted,10,0.0996218152866242,0,7,None,66,1,5,False,1000,1000
231,6,unweighted,10,0.1253980891719745,0,7,None,66,1,5,False,1000,1000
232,7,unweighted,10,0.1600318471337579,0,7,None,66,1,5,False,1000,1000
233,8,unweighted,10,0.1776472929936305,0,7,None,66,1,5,False,1000,1000
234,9,unweighted,10,0.1870023885350318,0,7,None,66,1,5,False,1000,1000
235,5,unweighted,10,0.0995222929936305,0,6,None,66,1,5,False,1000,1000
236,6,unweighted,10,0.0995222929936305,0,6,None,66,1,5,False,1000,1000
237,7,unweighted,10,0.0995222929936305,0,6,None,66,1,5,False,1000,1000
238,8,unweighted,10,0.0995222929936305,0,6,None,66,1,5,False,1000,1000
239,9,unweighted,10,0.0995222929936305,0,6,None,66,1,5,False,1000,1000
240,5,unweighted,10,0.2017316878980891,0,16,None,66,1,5,False,1000,1000
241,6,unweighted,10,0.2594546178343949,0,16,None,66,1,5,False,1000,1000
242,7,unweighted,10,0.2612460191082802,0,16,None,66,1,5,False,1000,1000
243,8,unweighted,10,0.2923964968152866,0,16,None,66,1,5,False,1000,1000
244,9,unweighted,10,0.4204816878980891,0,16,None,66,1,5,False,1000,1000
245,5,unweighted,10,0.0995222929936305,0,32,None,66,1,5,False,1000,1000
246,6,unweighted,10,0.0995222929936305,0,32,None,66,1,5,False,1000,1000
247,7,unweighted,10,0.177249203821656,0,32,None,66,1,5,False,1000,1000
248,8,unweighted,10,0.0995222929936305,0,32,None,66,1,5,False,1000,1000
249,9,unweighted,10,0.0995222929936305,0,32,None,66,1,5,False,1000,1000
250,5,unweighted,10,0.0998208598726114,0,19,None,66,1,5,False,1000,1000
251,6,unweighted,10,0.1034036624203821,0,19,None,66,1,5,False,1000,1000
252,7,unweighted,10,0.1624203821656051,0,19,None,66,1,5,False,1000,1000
253,8,unweighted,10,0.2292993630573248,0,19,None,66,1,5,False,1000,1000
254,9,unweighted,10,0.2503980891719745,0,19,None,66,1,5,False,1000,1000
255,5,unweighted,10,0.0995222929936305,0,18,None,66,1,5,False,1000,1000
256,6,unweighted,10,0.0995222929936305,0,18,None,66,1,5,False,1000,1000
257,7,unweighted,10,0.0995222929936305,0,18,None,66,1,5,False,1000,1000
258,8,unweighted,10,0.1021098726114649,0,18,None,66,1,5,False,1000,1000
259,9,unweighted,10,0.1255971337579617,0,18,None,66,1,5,False,1000,1000
260,5,unweighted,10,0.1526671974522293,0,1,None,66,1,5,False,1000,1000
261,6,unweighted,10,0.1402269108280254,0,1,None,66,1,5,False,1000,1000
262,7,unweighted,10,0.1308718152866242,0,1,None,66,1,5,False,1000,1000
263,8,unweighted,10,0.1297770700636942,0,1,None,66,1,5,False,1000,1000
264,9,unweighted,10,0.1242038216560509,0,1,None,66,1,5,False,1000,1000
265,5,unweighted,10,0.1075835987261146,0,2,None,66,1,5,False,1000,1000
266,6,unweighted,10,0.110171178343949,0,2,None,66,1,5,False,1000,1000
267,7,unweighted,10,0.1064888535031847,0,2,None,66,1,5,False,1000,1000
268,8,unweighted,10,0.1024084394904458,0,2,None,66,1,5,False,1000,1000
269,9,unweighted,10,0.0997213375796178,0,2,None,66,1,5,False,1000,1000
270,5,unweighted,10,0.0995222929936305,0,3,None,66,1,5,False,1000,1000
271,6,unweighted,10,0.0995222929936305,0,3,None,66,1,5,False,1000,1000
272,7,unweighted,10,0.0995222929936305,0,3,None,66,1,5,False,1000,1000
273,8,unweighted,10,0.0995222929936305,0,3,None,66,1,5,False,1000,1000
274,9,unweighted,10,0.0995222929936305,0,3,None,66,1,5,False,1000,1000
275,5,unweighted,10,0.0995222929936305,0,4,None,66,1,5,False,1000,1000
276,6,unweighted,10,0.0995222929936305,0,4,None,66,1,5,False,1000,1000
277,7,unweighted,10,0.0995222929936305,0,4,None,66,1,5,False,1000,1000
278,8,unweighted,10,0.0995222929936305,0,4,None,66,1,5,False,1000,1000
279,9,unweighted,10,0.0995222929936305,0,4,None,66,1,5,False,1000,1000
280,5,unweighted,10,0.0995222929936305,0,0,None,66,1,5,False,1000,1000
281,6,unweighted,10,0.0995222929936305,0,0,None,66,1,5,False,1000,1000
282,7,unweighted,10,0.0995222929936305,0,0,None,66,1,5,False,1000,1000
283,8,unweighted,10,0.1935708598726114,0,0,None,66,1,5,False,1000,1000
284,9,unweighted,10,0.1131568471337579,0,0,None,66,1,5,False,1000,1000
285,5,unweighted,10,0.1561504777070063,0,5,None,66,1,5,False,1000,1000
286,6,unweighted,10,0.1173367834394904,0,5,None,66,1,5,False,1000,1000
287,7,unweighted,10,0.165406050955414,0,5,None,66,1,5,False,1000,1000
288,8,unweighted,10,0.1867038216560509,0,5,None,66,1,5,False,1000,1000
289,9,unweighted,10,0.1339570063694267,0,5,None,66,1,5,False,1000,1000
290,5,unweighted,10,0.2715963375796178,0,8,None,66,1,5,False,1000,1000
291,6,unweighted,10,0.2404458598726114,0,8,None,66,1,5,False,1000,1000
292,7,unweighted,10,0.2608479299363057,0,8,None,66,1,5,False,1000,1000
293,8,unweighted,10,0.2608479299363057,0,8,None,66,1,5,False,1000,1000
294,9,unweighted,10,0.2688097133757962,0,8,None,66,1,5,False,1000,1000
295,5,unweighted,10,0.3225517515923566,0,9,None,66,1,5,False,1000,1000
296,6,unweighted,10,0.2616441082802547,0,9,None,66,1,5,False,1000,1000
297,7,unweighted,10,0.3699243630573248,0,9,None,66,1,5,False,1000,1000
298,8,unweighted,10,0.4263535031847134,0,9,None,66,1,5,False,1000,1000
299,9,unweighted,10,0.4882563694267516,0,9,None,66,1,5,False,1000,1000
300,5,unweighted,10,0.0995222929936305,0,13,None,66,1,5,False,1000,1000
301,6,unweighted,10,0.0995222929936305,0,13,None,66,1,5,False,1000,1000
302,7,unweighted,10,0.0995222929936305,0,13,None,66,1,5,False,1000,1000
303,8,unweighted,10,0.0995222929936305,0,13,None,66,1,5,False,1000,1000
304,9,unweighted,10,0.0995222929936305,0,13,None,66,1,5,False,1000,1000
305,5,unweighted,10,0.0995222929936305,0,23,None,66,1,5,False,1000,1000
306,6,unweighted,10,0.0995222929936305,0,23,None,66,1,5,False,1000,1000
307,7,unweighted,10,0.0995222929936305,0,23,None,66,1,5,False,1000,1000
308,8,unweighted,10,0.0995222929936305,0,23,None,66,1,5,False,1000,1000
309,9,unweighted,10,0.0995222929936305,0,23,None,66,1,5,False,1000,1000
310,5,unweighted,10,0.0995222929936305,0,21,None,66,1,5,False,1000,1000
311,6,unweighted,10,0.0995222929936305,0,21,None,66,1,5,False,1000,1000
312,7,unweighted,10,0.0995222929936305,0,21,None,66,1,5,False,1000,1000
313,8,unweighted,10,0.0995222929936305,0,21,None,66,1,5,False,1000,1000
314,9,unweighted,10,0.0995222929936305,0,21,None,66,1,5,False,1000,1000
315,5,unweighted,10,0.2797571656050955,0,28,None,66,1,5,False,1000,1000
316,6,unweighted,10,0.3037420382165605,0,28,None,66,1,5,False,1000,1000
317,7,unweighted,10,0.2905055732484076,0,28,None,66,1,5,False,1000,1000
318,8,unweighted,10,0.2832404458598726,0,28,None,66,1,5,False,1000,1000
319,9,unweighted,10,0.2779657643312102,0,28,None,66,1,5,False,1000,1000
320,5,unweighted,10,0.2543789808917197,0,27,None,66,1,5,False,1000,1000
321,6,unweighted,10,0.2587579617834395,0,27,None,66,1,5,False,1000,1000
322,7,unweighted,10,0.2547770700636942,0,27,None,66,1,5,False,1000,1000
323,8,unweighted,10,0.2463176751592356,0,27,None,66,1,5,False,1000,1000
324,9,unweighted,10,0.2365644904458598,0,27,None,66,1,5,False,1000,1000
325,5,unweighted,10,0.2642316878980891,0,29,None,66,1,5,False,1000,1000
326,6,unweighted,10,0.2890127388535032,0,29,None,66,1,5,False,1000,1000
327,7,unweighted,10,0.3096138535031847,0,29,None,66,1,5,False,1000,1000
328,8,unweighted,10,0.3440485668789809,0,29,None,66,1,5,False,1000,1000
329,9,unweighted,10,0.395999203821656,0,29,None,66,1,5,False,1000,1000
330,10,unweighted,10,0.0995222929936305,0,15,None,66,1,5,False,1000,1000
331,11,unweighted,10,0.1150477707006369,0,15,None,66,1,5,False,1000,1000
332,12,unweighted,10,0.1565485668789809,0,15,None,66,1,5,False,1000,1000
333,13,unweighted,10,0.1934713375796178,0,15,None,66,1,5,False,1000,1000
334,14,unweighted,10,0.1975517515923567,0,15,None,66,1,5,False,1000,1000
335,10,unweighted,10,0.0995222929936305,0,20,None,66,1,5,False,1000,1000
336,11,unweighted,10,0.0995222929936305,0,20,None,66,1,5,False,1000,1000
337,12,unweighted,10,0.0995222929936305,0,20,None,66,1,5,False,1000,1000
338,13,unweighted,10,0.0995222929936305,0,20,None,66,1,5,False,1000,1000
339,14,unweighted,10,0.0995222929936305,0,20,None,66,1,5,False,1000,1000
340,10,unweighted,10,0.0995222929936305,0,28,None,66,1,5,False,1000,1000
341,11,unweighted,10,0.0995222929936305,0,28,None,66,1,5,False,1000,1000
342,12,unweighted,10,0.0995222929936305,0,28,None,66,1,5,False,1000,1000
343,13,unweighted,10,0.0995222929936305,0,28,None,66,1,5,False,1000,1000
344,14,unweighted,10,0.0995222929936305,0,28,None,66,1,5,False,1000,1000
345,10,unweighted,10,0.1210191082802547,0,26,None,66,1,5,False,1000,1000
346,11,unweighted,10,0.1476910828025477,0,26,None,66,1,5,False,1000,1000
347,12,unweighted,10,0.2082006369426751,0,26,None,66,1,5,False,1000,1000
348,13,unweighted,10,0.2590565286624204,0,26,None,66,1,5,False,1000,1000
349,14,unweighted,10,0.2556727707006369,0,26,None,66,1,5,False,1000,1000
350,10,unweighted,10,0.0995222929936305,0,23,None,66,1,5,False,1000,1000
351,11,unweighted,10,0.0995222929936305,0,23,None,66,1,5,False,1000,1000
352,12,unweighted,10,0.0995222929936305,0,23,None,66,1,5,False,1000,1000
353,13,unweighted,10,0.0995222929936305,0,23,None,66,1,5,False,1000,1000
354,14,unweighted,10,0.0995222929936305,0,23,None,66,1,5,False,1000,1000
355,10,unweighted,10,0.0995222929936305,0,32,None,66,1,5,False,1000,1000
356,11,unweighted,10,0.0995222929936305,0,32,None,66,1,5,False,1000,1000
357,12,unweighted,10,0.0995222929936305,0,32,None,66,1,5,False,1000,1000
358,13,unweighted,10,0.1692874203821656,0,32,None,66,1,5,False,1000,1000
359,14,unweighted,10,0.0995222929936305,0,32,None,66,1,5,False,1000,1000
360,10,unweighted,10,0.0995222929936305,0,4,None,66,1,5,False,1000,1000
361,11,unweighted,10,0.0995222929936305,0,4,None,66,1,5,False,1000,1000
362,12,unweighted,10,0.0995222929936305,0,4,None,66,1,5,False,1000,1000
363,13,unweighted,10,0.0995222929936305,0,4,None,66,1,5,False,1000,1000
364,14,unweighted,10,0.0995222929936305,0,4,None,66,1,5,False,1000,1000
365,10,unweighted,10,0.0995222929936305,0,2,None,66,1,5,False,1000,1000
366,11,unweighted,10,0.0995222929936305,0,2,None,66,1,5,False,1000,1000
367,12,unweighted,10,0.0995222929936305,0,2,None,66,1,5,False,1000,1000
368,13,unweighted,10,0.0995222929936305,0,2,None,66,1,5,False,1000,1000
369,14,unweighted,10,0.0995222929936305,0,2,None,66,1,5,False,1000,1000
370,10,unweighted,10,0.0995222929936305,0,13,None,66,1,5,False,1000,1000
371,11,unweighted,10,0.0995222929936305,0,13,None,66,1,5,False,1000,1000
372,12,unweighted,10,0.0995222929936305,0,13,None,66,1,5,False,1000,1000
373,13,unweighted,10,0.0995222929936305,0,13,None,66,1,5,False,1000,1000
374,14,unweighted,10,0.0995222929936305,0,13,None,66,1,5,False,1000,1000
375,10,unweighted,10,0.0995222929936305,0,7,None,66,1,5,False,1000,1000
376,11,unweighted,10,0.0995222929936305,0,7,None,66,1,5,False,1000,1000
377,12,unweighted,10,0.0995222929936305,0,7,None,66,1,5,False,1000,1000
378,13,unweighted,10,0.0995222929936305,0,7,None,66,1,5,False,1000,1000
379,14,unweighted,10,0.0995222929936305,0,7,None,66,1,5,False,1000,1000
380,10,unweighted,10,0.1540605095541401,0,8,None,66,1,5,False,1000,1000
381,11,unweighted,10,0.1782444267515923,0,8,None,66,1,5,False,1000,1000
382,12,unweighted,10,0.2018312101910828,0,8,None,66,1,5,False,1000,1000
383,13,unweighted,10,0.2230294585987261,0,8,None,66,1,5,False,1000,1000
384,14,unweighted,10,0.2320859872611465,0,8,None,66,1,5,False,1000,1000
385,10,unweighted,10,0.3703224522292994,0,16,None,66,1,5,False,1000,1000
386,11,unweighted,10,0.3073248407643312,0,16,None,66,1,5,False,1000,1000
387,12,unweighted,10,0.3096138535031847,0,16,None,66,1,5,False,1000,1000
388,13,unweighted,10,0.3324044585987261,0,16,None,66,1,5,False,1000,1000
389,14,unweighted,10,0.4167993630573248,0,16,None,66,1,5,False,1000,1000
390,10,unweighted,10,0.213077229299363,0,19,None,66,1,5,False,1000,1000
391,11,unweighted,10,0.1874004777070063,0,19,None,66,1,5,False,1000,1000
392,12,unweighted,10,0.1923765923566879,0,19,None,66,1,5,False,1000,1000
393,13,unweighted,10,0.1953622611464968,0,19,None,66,1,5,False,1000,1000
394,14,unweighted,10,0.1977507961783439,0,19,None,66,1,5,False,1000,1000
395,10,unweighted,10,0.1919785031847133,0,22,None,66,1,5,False,1000,1000
396,11,unweighted,10,0.1273885350318471,0,22,None,66,1,5,False,1000,1000
397,12,unweighted,10,0.0995222929936305,0,22,None,66,1,5,False,1000,1000
398,13,unweighted,10,0.0995222929936305,0,22,None,66,1,5,False,1000,1000
399,14,unweighted,10,0.1003184713375796,0,22,None,66,1,5,False,1000,1000
400,10,unweighted,10,0.3109076433121019,0,9,None,66,1,5,False,1000,1000
401,11,unweighted,10,0.4059514331210191,0,9,None,66,1,5,False,1000,1000
402,12,unweighted,10,0.4311305732484076,0,9,None,66,1,5,False,1000,1000
403,13,unweighted,10,0.4975119426751592,0,9,None,66,1,5,False,1000,1000
404,14,unweighted,10,0.5493630573248408,0,9,None,66,1,5,False,1000,1000
405,10,unweighted,10,0.0995222929936305,0,12,None,66,1,5,False,1000,1000
406,11,unweighted,10,0.0995222929936305,0,12,None,66,1,5,False,1000,1000
407,12,unweighted,10,0.1278861464968153,0,12,None,66,1,5,False,1000,1000
408,13,unweighted,10,0.1737659235668789,0,12,None,66,1,5,False,1000,1000
409,14,unweighted,10,0.1899880573248407,0,12,None,66,1,5,False,1000,1000
410,10,unweighted,10,0.2669187898089172,0,25,None,66,1,5,False,1000,1000
411,11,unweighted,10,0.328921178343949,0,25,None,66,1,5,False,1000,1000
412,12,unweighted,10,0.3735071656050955,0,25,None,66,1,5,False,1000,1000
413,13,unweighted,10,0.4027667197452229,0,25,None,66,1,5,False,1000,1000
414,14,unweighted,10,0.4206807324840764,0,25,None,66,1,5,False,1000,1000
415,10,unweighted,10,0.3043391719745223,0,14,None,66,1,5,False,1000,1000
416,11,unweighted,10,0.3394705414012738,0,14,None,66,1,5,False,1000,1000
417,12,unweighted,10,0.4196855095541401,0,14,None,66,1,5,False,1000,1000
418,13,unweighted,10,0.4564092356687898,0,14,None,66,1,5,False,1000,1000
419,14,unweighted,10,0.4157046178343949,0,14,None,66,1,5,False,1000,1000
420,10,unweighted,10,0.1806329617834395,0,29,None,66,1,5,False,1000,1000
421,11,unweighted,10,0.1906847133757961,0,29,None,66,1,5,False,1000,1000
422,12,unweighted,10,0.2025278662420382,0,29,None,66,1,5,False,1000,1000
423,13,unweighted,10,0.2110867834394904,0,29,None,66,1,5,False,1000,1000
424,14,unweighted,10,0.2229299363057325,0,29,None,66,1,5,False,1000,1000
425,10,unweighted,10,0.0995222929936305,0,27,None,66,1,5,False,1000,1000
426,11,unweighted,10,0.0995222929936305,0,27,None,66,1,5,False,1000,1000
427,12,unweighted,10,0.0995222929936305,0,27,None,66,1,5,False,1000,1000
428,13,unweighted,10,0.0995222929936305,0,27,None,66,1,5,False,1000,1000
429,14,unweighted,10,0.0995222929936305,0,27,None,66,1,5,False,1000,1000
430,10,unweighted,10,0.0995222929936305,0,30,None,66,1,5,False,1000,1000
431,11,unweighted,10,0.1004179936305732,0,30,None,66,1,5,False,1000,1000
432,12,unweighted,10,0.1633160828025477,0,30,None,66,1,5,False,1000,1000
433,13,unweighted,10,0.195561305732484,0,30,None,66,1,5,False,1000,1000
434,14,unweighted,10,0.198546974522293,0,30,None,66,1,5,False,1000,1000
435,10,unweighted,10,0.0995222929936305,0,17,None,66,1,5,False,1000,1000
436,11,unweighted,10,0.0995222929936305,0,17,None,66,1,5,False,1000,1000
437,12,unweighted,10,0.0995222929936305,0,17,None,66,1,5,False,1000,1000
438,13,unweighted,10,0.0995222929936305,0,17,None,66,1,5,False,1000,1000
439,14,unweighted,10,0.0995222929936305,0,17,None,66,1,5,False,1000,1000
440,10,unweighted,10,0.0995222929936305,0,21,None,66,1,5,False,1000,1000
441,11,unweighted,10,0.1087778662420382,0,21,None,66,1,5,False,1000,1000
442,12,unweighted,10,0.1520700636942675,0,21,None,66,1,5,False,1000,1000
443,13,unweighted,10,0.1902866242038216,0,21,None,66,1,5,False,1000,1000
444,14,unweighted,10,0.1976512738853503,0,21,None,66,1,5,False,1000,1000
445,10,unweighted,10,0.0995222929936305,0,24,None,66,1,5,False,1000,1000
446,11,unweighted,10,0.0995222929936305,0,24,None,66,1,5,False,1000,1000
447,12,unweighted,10,0.0995222929936305,0,24,None,66,1,5,False,1000,1000
448,13,unweighted,10,0.0995222929936305,0,24,None,66,1,5,False,1000,1000
449,14,unweighted,10,0.0995222929936305,0,24,None,66,1,5,False,1000,1000
450,10,unweighted,10,0.140625,0,18,None,66,1,5,False,1000,1000
451,11,unweighted,10,0.1507762738853503,0,18,None,66,1,5,False,1000,1000
452,12,unweighted,10,0.1600318471337579,0,18,None,66,1,5,False,1000,1000
453,13,unweighted,10,0.1668988853503184,0,18,None,66,1,5,False,1000,1000
454,14,unweighted,10,0.1960589171974522,0,18,None,66,1,5,False,1000,1000
455,10,unweighted,10,0.255374203821656,0,31,None,66,1,5,False,1000,1000
456,11,unweighted,10,0.2530851910828025,0,31,None,66,1,5,False,1000,1000
457,12,unweighted,10,0.2147691082802547,0,31,None,66,1,5,False,1000,1000
458,13,unweighted,10,0.219546178343949,0,31,None,66,1,5,False,1000,1000
459,14,unweighted,10,0.2561703821656051,0,31,None,66,1,5,False,1000,1000
460,10,unweighted,10,0.0995222929936305,0,10,None,66,1,5,False,1000,1000
461,11,unweighted,10,0.1069864649681528,0,10,None,66,1,5,False,1000,1000
462,12,unweighted,10,0.1553542993630573,0,10,None,66,1,5,False,1000,1000
463,13,unweighted,10,0.1738654458598726,0,10,None,66,1,5,False,1000,1000
464,14,unweighted,10,0.1853105095541401,0,10,None,66,1,5,False,1000,1000
465,10,unweighted,10,0.0995222929936305,0,11,None,66,1,5,False,1000,1000
466,11,unweighted,10,0.0995222929936305,0,11,None,66,1,5,False,1000,1000
467,12,unweighted,10,0.0995222929936305,0,11,None,66,1,5,False,1000,1000
468,13,unweighted,10,0.0995222929936305,0,11,None,66,1,5,False,1000,1000
469,14,unweighted,10,0.0995222929936305,0,11,None,66,1,5,False,1000,1000
470,10,unweighted,10,0.1513734076433121,0,1,None,66,1,5,False,1000,1000
471,11,unweighted,10,0.1769506369426751,0,1,None,66,1,5,False,1000,1000
472,12,unweighted,10,0.1747611464968153,0,1,None,66,1,5,False,1000,1000
473,13,unweighted,10,0.1302746815286624,0,1,None,66,1,5,False,1000,1000
474,14,unweighted,10,0.0995222929936305,0,1,None,66,1,5,False,1000,1000
475,10,unweighted,10,0.0995222929936305,0,0,None,66,1,5,False,1000,1000
476,11,unweighted,10,0.0995222929936305,0,0,None,66,1,5,False,1000,1000
477,12,unweighted,10,0.0995222929936305,0,0,None,66,1,5,False,1000,1000
478,13,unweighted,10,0.0995222929936305,0,0,None,66,1,5,False,1000,1000
479,14,unweighted,10,0.0995222929936305,0,0,None,66,1,5,False,1000,1000
480,10,unweighted,10,0.0995222929936305,0,3,None,66,1,5,False,1000,1000
481,11,unweighted,10,0.0995222929936305,0,3,None,66,1,5,False,1000,1000
482,12,unweighted,10,0.0995222929936305,0,3,None,66,1,5,False,1000,1000
483,13,unweighted,10,0.0995222929936305,0,3,None,66,1,5,False,1000,1000
484,14,unweighted,10,0.0995222929936305,0,3,None,66,1,5,False,1000,1000
485,10,unweighted,10,0.0995222929936305,0,5,None,66,1,5,False,1000,1000
486,11,unweighted,10,0.0995222929936305,0,5,None,66,1,5,False,1000,1000
487,12,unweighted,10,0.0995222929936305,0,5,None,66,1,5,False,1000,1000
488,13,unweighted,10,0.0995222929936305,0,5,None,66,1,5,False,1000,1000
489,14,unweighted,10,0.1762539808917197,0,5,None,66,1,5,False,1000,1000
490,10,unweighted,10,0.0995222929936305,0,6,None,66,1,5,False,1000,1000
491,11,unweighted,10,0.0995222929936305,0,6,None,66,1,5,False,1000,1000
492,12,unweighted,10,0.0995222929936305,0,6,None,66,1,5,False,1000,1000
493,13,unweighted,10,0.0995222929936305,0,6,None,66,1,5,False,1000,1000
494,14,unweighted,10,0.0995222929936305,0,6,None,66,1,5,False,1000,1000
660,15,unweighted,10,0.0995222929936305,0,27,None,66,1,5,False,1000,1000
661,16,unweighted,10,0.0995222929936305,0,27,None,66,1,5,False,1000,1000
662,17,unweighted,10,0.0995222929936305,0,27,None,66,1,5,False,1000,1000
663,18,unweighted,10,0.0995222929936305,0,27,None,66,1,5,False,1000,1000
664,19,unweighted,10,0.0995222929936305,0,27,None,66,1,5,False,1000,1000
665,15,unweighted,10,0.1114649681528662,0,1,None,66,1,5,False,1000,1000
666,16,unweighted,10,0.154359076433121,0,1,None,66,1,5,False,1000,1000
667,17,unweighted,10,0.0995222929936305,0,1,None,66,1,5,False,1000,1000
668,18,unweighted,10,0.0995222929936305,0,1,None,66,1,5,False,1000,1000
669,19,unweighted,10,0.0995222929936305,0,1,None,66,1,5,False,1000,1000
670,15,unweighted,10,0.0995222929936305,0,2,None,66,1,5,False,1000,1000
671,16,unweighted,10,0.0995222929936305,0,2,None,66,1,5,False,1000,1000
672,17,unweighted,10,0.0995222929936305,0,2,None,66,1,5,False,1000,1000
673,18,unweighted,10,0.0995222929936305,0,2,None,66,1,5,False,1000,1000
674,19,unweighted,10,0.0995222929936305,0,2,None,66,1,5,False,1000,1000
675,15,unweighted,10,0.0995222929936305,0,15,None,66,1,5,False,1000,1000
676,16,unweighted,10,0.0995222929936305,0,15,None,66,1,5,False,1000,1000
677,17,unweighted,10,0.0995222929936305,0,15,None,66,1,5,False,1000,1000
678,18,unweighted,10,0.160828025477707,0,15,None,66,1,5,False,1000,1000
679,19,unweighted,10,0.197452229299363,0,15,None,66,1,5,False,1000,1000
680,15,unweighted,10,0.0995222929936305,0,11,None,66,1,5,False,1000,1000
681,16,unweighted,10,0.0995222929936305,0,11,None,66,1,5,False,1000,1000
682,17,unweighted,10,0.0995222929936305,0,11,None,66,1,5,False,1000,1000
683,18,unweighted,10,0.0995222929936305,0,11,None,66,1,5,False,1000,1000
684,19,unweighted,10,0.0995222929936305,0,11,None,66,1,5,False,1000,1000
685,15,unweighted,10,0.0995222929936305,0,17,None,66,1,5,False,1000,1000
686,16,unweighted,10,0.0995222929936305,0,17,None,66,1,5,False,1000,1000
687,17,unweighted,10,0.0995222929936305,0,17,None,66,1,5,False,1000,1000
688,18,unweighted,10,0.0995222929936305,0,17,None,66,1,5,False,1000,1000
689,19,unweighted,10,0.0995222929936305,0,17,None,66,1,5,False,1000,1000
690,15,unweighted,10,0.0995222929936305,0,20,None,66,1,5,False,1000,1000
691,16,unweighted,10,0.0995222929936305,0,20,None,66,1,5,False,1000,1000
692,17,unweighted,10,0.0995222929936305,0,20,None,66,1,5,False,1000,1000
693,18,unweighted,10,0.0995222929936305,0,20,None,66,1,5,False,1000,1000
694,19,unweighted,10,0.0995222929936305,0,20,None,66,1,5,False,1000,1000
695,15,unweighted,10,0.0995222929936305,0,10,None,66,1,5,False,1000,1000
696,16,unweighted,10,0.0995222929936305,0,10,None,66,1,5,False,1000,1000
697,17,unweighted,10,0.0995222929936305,0,10,None,66,1,5,False,1000,1000
698,18,unweighted,10,0.1016122611464968,0,10,None,66,1,5,False,1000,1000
699,19,unweighted,10,0.1434116242038216,0,10,None,66,1,5,False,1000,1000
700,15,unweighted,10,0.1498805732484076,0,22,None,66,1,5,False,1000,1000
701,16,unweighted,10,0.1766520700636942,0,22,None,66,1,5,False,1000,1000
702,17,unweighted,10,0.1904856687898089,0,22,None,66,1,5,False,1000,1000
703,18,unweighted,10,0.1958598726114649,0,22,None,66,1,5,False,1000,1000
704,19,unweighted,10,0.223328025477707,0,22,None,66,1,5,False,1000,1000
705,15,unweighted,10,0.0995222929936305,0,21,None,66,1,5,False,1000,1000
706,16,unweighted,10,0.0995222929936305,0,21,None,66,1,5,False,1000,1000
707,17,unweighted,10,0.0995222929936305,0,21,None,66,1,5,False,1000,1000
708,18,unweighted,10,0.0995222929936305,0,21,None,66,1,5,False,1000,1000
709,19,unweighted,10,0.0995222929936305,0,21,None,66,1,5,False,1000,1000
710,15,unweighted,10,0.0995222929936305,0,24,None,66,1,5,False,1000,1000
711,16,unweighted,10,0.0995222929936305,0,24,None,66,1,5,False,1000,1000
712,17,unweighted,10,0.0995222929936305,0,24,None,66,1,5,False,1000,1000
713,18,unweighted,10,0.0995222929936305,0,24,None,66,1,5,False,1000,1000
714,19,unweighted,10,0.0995222929936305,0,24,None,66,1,5,False,1000,1000
715,15,unweighted,10,0.0995222929936305,0,23,None,66,1,5,False,1000,1000
716,16,unweighted,10,0.1688893312101911,0,23,None,66,1,5,False,1000,1000
717,17,unweighted,10,0.0995222929936305,0,23,None,66,1,5,False,1000,1000
718,18,unweighted,10,0.0995222929936305,0,23,None,66,1,5,False,1000,1000
719,19,unweighted,10,0.0995222929936305,0,23,None,66,1,5,False,1000,1000
720,15,unweighted,10,0.0995222929936305,0,28,None,66,1,5,False,1000,1000
721,16,unweighted,10,0.0995222929936305,0,28,None,66,1,5,False,1000,1000
722,17,unweighted,10,0.0995222929936305,0,28,None,66,1,5,False,1000,1000
723,18,unweighted,10,0.0995222929936305,0,28,None,66,1,5,False,1000,1000
724,19,unweighted,10,0.0995222929936305,0,28,None,66,1,5,False,1000,1000
725,15,unweighted,10,0.0995222929936305,0,18,None,66,1,5,False,1000,1000
726,16,unweighted,10,0.0995222929936305,0,18,None,66,1,5,False,1000,1000
727,17,unweighted,10,0.1001194267515923,0,18,None,66,1,5,False,1000,1000
728,18,unweighted,10,0.1031050955414012,0,18,None,66,1,5,False,1000,1000
729,19,unweighted,10,0.1086783439490445,0,18,None,66,1,5,False,1000,1000
730,15,unweighted,10,0.1359474522292993,0,8,None,66,1,5,False,1000,1000
731,16,unweighted,10,0.15625,0,8,None,66,1,5,False,1000,1000
732,17,unweighted,10,0.1734673566878981,0,8,None,66,1,5,False,1000,1000
733,18,unweighted,10,0.2098925159235669,0,8,None,66,1,5,False,1000,1000
734,19,unweighted,10,0.2240246815286624,0,8,None,66,1,5,False,1000,1000
735,15,unweighted,10,0.1819267515923567,0,19,None,66,1,5,False,1000,1000
736,16,unweighted,10,0.176453025477707,0,19,None,66,1,5,False,1000,1000
737,17,unweighted,10,0.1779458598726114,0,19,None,66,1,5,False,1000,1000
738,18,unweighted,10,0.1827229299363057,0,19,None,66,1,5,False,1000,1000
739,19,unweighted,10,0.1865047770700637,0,19,None,66,1,5,False,1000,1000
740,15,unweighted,10,0.1008160828025477,0,31,None,66,1,5,False,1000,1000
741,16,unweighted,10,0.0995222929936305,0,31,None,66,1,5,False,1000,1000
742,17,unweighted,10,0.1061902866242038,0,31,None,66,1,5,False,1000,1000
743,18,unweighted,10,0.1285828025477707,0,31,None,66,1,5,False,1000,1000
744,19,unweighted,10,0.1487858280254777,0,31,None,66,1,5,False,1000,1000
745,15,unweighted,10,0.0995222929936305,0,5,None,66,1,5,False,1000,1000
746,16,unweighted,10,0.0995222929936305,0,5,None,66,1,5,False,1000,1000
747,17,unweighted,10,0.0995222929936305,0,5,None,66,1,5,False,1000,1000
748,18,unweighted,10,0.0995222929936305,0,5,None,66,1,5,False,1000,1000
749,19,unweighted,10,0.0995222929936305,0,5,None,66,1,5,False,1000,1000
750,15,unweighted,10,0.0995222929936305,0,4,None,66,1,5,False,1000,1000
751,16,unweighted,10,0.0995222929936305,0,4,None,66,1,5,False,1000,1000
752,17,unweighted,10,0.0995222929936305,0,4,None,66,1,5,False,1000,1000
753,18,unweighted,10,0.0995222929936305,0,4,None,66,1,5,False,1000,1000
754,19,unweighted,10,0.0995222929936305,0,4,None,66,1,5,False,1000,1000
755,15,unweighted,10,0.0995222929936305,0,30,None,66,1,5,False,1000,1000
756,16,unweighted,10,0.0995222929936305,0,30,None,66,1,5,False,1000,1000
757,17,unweighted,10,0.0995222929936305,0,30,None,66,1,5,False,1000,1000
758,18,unweighted,10,0.0995222929936305,0,30,None,66,1,5,False,1000,1000
759,19,unweighted,10,0.0996218152866242,0,30,None,66,1,5,False,1000,1000
760,15,unweighted,10,0.0995222929936305,0,7,None,66,1,5,False,1000,1000
761,16,unweighted,10,0.0995222929936305,0,7,None,66,1,5,False,1000,1000
762,17,unweighted,10,0.0995222929936305,0,7,None,66,1,5,False,1000,1000
763,18,unweighted,10,0.0995222929936305,0,7,None,66,1,5,False,1000,1000
764,19,unweighted,10,0.0995222929936305,0,7,None,66,1,5,False,1000,1000
765,15,unweighted,10,0.3789808917197452,0,16,None,66,1,5,False,1000,1000
766,16,unweighted,10,0.3113057324840764,0,16,None,66,1,5,False,1000,1000
767,17,unweighted,10,0.3248407643312102,0,16,None,66,1,5,False,1000,1000
768,18,unweighted,10,0.4094347133757962,0,16,None,66,1,5,False,1000,1000
769,19,unweighted,10,0.4297372611464968,0,16,None,66,1,5,False,1000,1000
770,15,unweighted,10,0.0995222929936305,0,32,None,66,1,5,False,1000,1000
771,16,unweighted,10,0.0995222929936305,0,32,None,66,1,5,False,1000,1000
772,17,unweighted,10,0.1288813694267516,0,32,None,66,1,5,False,1000,1000
773,18,unweighted,10,0.1016122611464968,0,32,None,66,1,5,False,1000,1000
774,19,unweighted,10,0.0995222929936305,0,32,None,66,1,5,False,1000,1000
775,15,unweighted,10,0.0995222929936305,0,26,None,66,1,5,False,1000,1000
776,16,unweighted,10,0.0995222929936305,0,26,None,66,1,5,False,1000,1000
777,17,unweighted,10,0.0995222929936305,0,26,None,66,1,5,False,1000,1000
778,18,unweighted,10,0.0995222929936305,0,26,None,66,1,5,False,1000,1000
779,19,unweighted,10,0.1047969745222929,0,26,None,66,1,5,False,1000,1000
780,15,unweighted,10,0.0995222929936305,0,6,None,66,1,5,False,1000,1000
781,16,unweighted,10,0.0995222929936305,0,6,None,66,1,5,False,1000,1000
782,17,unweighted,10,0.0995222929936305,0,6,None,66,1,5,False,1000,1000
783,18,unweighted,10,0.0995222929936305,0,6,None,66,1,5,False,1000,1000
784,19,unweighted,10,0.0995222929936305,0,6,None,66,1,5,False,1000,1000
785,15,unweighted,10,0.0995222929936305,0,13,None,66,1,5,False,1000,1000
786,16,unweighted,10,0.0995222929936305,0,13,None,66,1,5,False,1000,1000
787,17,unweighted,10,0.0995222929936305,0,13,None,66,1,5,False,1000,1000
788,18,unweighted,10,0.0995222929936305,0,13,None,66,1,5,False,1000,1000
789,19,unweighted,10,0.0995222929936305,0,13,None,66,1,5,False,1000,1000
790,15,unweighted,10,0.0995222929936305,0,12,None,66,1,5,False,1000,1000
791,16,unweighted,10,0.0995222929936305,0,12,None,66,1,5,False,1000,1000
792,17,unweighted,10,0.1023089171974522,0,12,None,66,1,5,False,1000,1000
793,18,unweighted,10,0.1576433121019108,0,12,None,66,1,5,False,1000,1000
794,19,unweighted,10,0.1802348726114649,0,12,None,66,1,5,False,1000,1000
795,15,unweighted,10,0.0995222929936305,0,3,None,66,1,5,False,1000,1000
796,16,unweighted,10,0.0995222929936305,0,3,None,66,1,5,False,1000,1000
797,17,unweighted,10,0.0995222929936305,0,3,None,66,1,5,False,1000,1000
798,18,unweighted,10,0.0995222929936305,0,3,None,66,1,5,False,1000,1000
799,19,unweighted,10,0.0995222929936305,0,3,None,66,1,5,False,1000,1000
800,15,unweighted,10,0.398984872611465,0,9,None,66,1,5,False,1000,1000
801,16,unweighted,10,0.4284434713375796,0,9,None,66,1,5,False,1000,1000
802,17,unweighted,10,0.5031847133757962,0,9,None,66,1,5,False,1000,1000
803,18,unweighted,10,0.551453025477707,0,9,None,66,1,5,False,1000,1000
804,19,unweighted,10,0.5752388535031847,0,9,None,66,1,5,False,1000,1000
805,15,unweighted,10,0.0995222929936305,0,0,None,66,1,5,False,1000,1000
806,16,unweighted,10,0.0995222929936305,0,0,None,66,1,5,False,1000,1000
807,17,unweighted,10,0.0995222929936305,0,0,None,66,1,5,False,1000,1000
808,18,unweighted,10,0.0995222929936305,0,0,None,66,1,5,False,1000,1000
809,19,unweighted,10,0.1004179936305732,0,0,None,66,1,5,False,1000,1000
810,15,unweighted,10,0.5004976114649682,0,14,None,66,1,5,False,1000,1000
811,16,unweighted,10,0.5399084394904459,0,14,None,66,1,5,False,1000,1000
812,17,unweighted,10,0.4548168789808917,0,14,None,66,1,5,False,1000,1000
813,18,unweighted,10,0.4072452229299363,0,14,None,66,1,5,False,1000,1000
814,19,unweighted,10,0.3888335987261146,0,14,None,66,1,5,False,1000,1000
815,15,unweighted,10,0.4580015923566879,0,25,None,66,1,5,False,1000,1000
816,16,unweighted,10,0.5078622611464968,0,25,None,66,1,5,False,1000,1000
817,17,unweighted,10,0.569765127388535,0,25,None,66,1,5,False,1000,1000
818,18,unweighted,10,0.5531449044585988,0,25,None,66,1,5,False,1000,1000
819,19,unweighted,10,0.5028861464968153,0,25,None,66,1,5,False,1000,1000
820,15,unweighted,10,0.488953025477707,0,29,None,66,1,5,False,1000,1000
821,16,unweighted,10,0.4821855095541401,0,29,None,66,1,5,False,1000,1000
822,17,unweighted,10,0.4338176751592357,0,29,None,66,1,5,False,1000,1000
823,18,unweighted,10,0.4039609872611465,0,29,None,66,1,5,False,1000,1000
824,19,unweighted,10,0.3851512738853503,0,29,None,66,1,5,False,1000,1000
825,20,unweighted,10,0.5030851910828026,0,25,None,66,1,5,False,1000,1000
826,21,unweighted,10,0.5340366242038217,0,25,None,66,1,5,False,1000,1000
827,22,unweighted,10,0.5448845541401274,0,25,None,66,1,5,False,1000,1000
828,23,unweighted,10,0.5305533439490446,0,25,None,66,1,5,False,1000,1000
829,24,unweighted,10,0.4932324840764331,0,25,None,66,1,5,False,1000,1000
830,20,unweighted,10,0.0995222929936305,0,28,None,66,1,5,False,1000,1000
831,21,unweighted,10,0.0995222929936305,0,28,None,66,1,5,False,1000,1000
832,22,unweighted,10,0.0995222929936305,0,28,None,66,1,5,False,1000,1000
833,23,unweighted,10,0.0995222929936305,0,28,None,66,1,5,False,1000,1000
834,24,unweighted,10,0.0995222929936305,0,28,None,66,1,5,False,1000,1000
835,20,unweighted,10,0.4562101910828025,0,29,None,66,1,5,False,1000,1000
836,21,unweighted,10,0.4305334394904458,0,29,None,66,1,5,False,1000,1000
837,22,unweighted,10,0.4080414012738853,0,29,None,66,1,5,False,1000,1000
838,23,unweighted,10,0.3911226114649681,0,29,None,66,1,5,False,1000,1000
839,24,unweighted,10,0.3779856687898089,0,29,None,66,1,5,False,1000,1000
840,20,unweighted,10,0.4153065286624204,0,9,None,66,1,5,False,1000,1000
841,21,unweighted,10,0.46875,0,9,None,66,1,5,False,1000,1000
842,22,unweighted,10,0.5397093949044586,0,9,None,66,1,5,False,1000,1000
843,23,unweighted,10,0.5658837579617835,0,9,None,66,1,5,False,1000,1000
844,24,unweighted,10,0.5915605095541401,0,9,None,66,1,5,False,1000,1000
845,20,unweighted,10,0.1841162420382165,0,1,None,66,1,5,False,1000,1000
846,21,unweighted,10,0.2368630573248407,0,1,None,66,1,5,False,1000,1000
847,22,unweighted,10,0.1811305732484076,0,1,None,66,1,5,False,1000,1000
848,23,unweighted,10,0.1000199044585987,0,1,None,66,1,5,False,1000,1000
849,24,unweighted,10,0.0995222929936305,0,1,None,66,1,5,False,1000,1000
850,20,unweighted,10,0.0995222929936305,0,2,None,66,1,5,False,1000,1000
851,21,unweighted,10,0.0995222929936305,0,2,None,66,1,5,False,1000,1000
852,22,unweighted,10,0.0995222929936305,0,2,None,66,1,5,False,1000,1000
853,23,unweighted,10,0.0995222929936305,0,2,None,66,1,5,False,1000,1000
854,24,unweighted,10,0.0995222929936305,0,2,None,66,1,5,False,1000,1000
855,20,unweighted,10,0.0995222929936305,0,20,None,66,1,5,False,1000,1000
856,21,unweighted,10,0.0995222929936305,0,20,None,66,1,5,False,1000,1000
857,22,unweighted,10,0.0995222929936305,0,20,None,66,1,5,False,1000,1000
858,23,unweighted,10,0.0995222929936305,0,20,None,66,1,5,False,1000,1000
859,24,unweighted,10,0.0995222929936305,0,20,None,66,1,5,False,1000,1000
860,20,unweighted,10,0.0995222929936305,0,32,None,66,1,5,False,1000,1000
861,21,unweighted,10,0.0995222929936305,0,32,None,66,1,5,False,1000,1000
862,22,unweighted,10,0.0996218152866242,0,32,None,66,1,5,False,1000,1000
863,23,unweighted,10,0.1314689490445859,0,32,None,66,1,5,False,1000,1000
864,24,unweighted,10,0.1712778662420382,0,32,None,66,1,5,False,1000,1000
865,20,unweighted,10,0.0995222929936305,0,13,None,66,1,5,False,1000,1000
866,21,unweighted,10,0.0995222929936305,0,13,None,66,1,5,False,1000,1000
867,22,unweighted,10,0.0995222929936305,0,13,None,66,1,5,False,1000,1000
868,23,unweighted,10,0.0995222929936305,0,13,None,66,1,5,False,1000,1000
869,24,unweighted,10,0.0995222929936305,0,13,None,66,1,5,False,1000,1000
870,20,unweighted,10,0.3965963375796178,0,16,None,66,1,5,False,1000,1000
871,21,unweighted,10,0.3689291401273885,0,16,None,66,1,5,False,1000,1000
872,22,unweighted,10,0.3953025477707006,0,16,None,66,1,5,False,1000,1000
873,23,unweighted,10,0.4149084394904458,0,16,None,66,1,5,False,1000,1000
874,24,unweighted,10,0.4434713375796178,0,16,None,66,1,5,False,1000,1000
875,20,unweighted,10,0.2398487261146497,0,8,None,66,1,5,False,1000,1000
876,21,unweighted,10,0.2464171974522293,0,8,None,66,1,5,False,1000,1000
877,22,unweighted,10,0.24890525477707,0,8,None,66,1,5,False,1000,1000
878,23,unweighted,10,0.2997611464968153,0,8,None,66,1,5,False,1000,1000
879,24,unweighted,10,0.2913017515923566,0,8,None,66,1,5,False,1000,1000
880,20,unweighted,10,0.0996218152866242,0,18,None,66,1,5,False,1000,1000
881,21,unweighted,10,0.1006170382165605,0,18,None,66,1,5,False,1000,1000
882,22,unweighted,10,0.1039012738853503,0,18,None,66,1,5,False,1000,1000
883,23,unweighted,10,0.1098726114649681,0,18,None,66,1,5,False,1000,1000
884,24,unweighted,10,0.116640127388535,0,18,None,66,1,5,False,1000,1000
885,20,unweighted,10,0.0995222929936305,0,31,None,66,1,5,False,1000,1000
886,21,unweighted,10,0.0995222929936305,0,31,None,66,1,5,False,1000,1000
887,22,unweighted,10,0.0995222929936305,0,31,None,66,1,5,False,1000,1000
888,23,unweighted,10,0.0995222929936305,0,31,None,66,1,5,False,1000,1000
889,24,unweighted,10,0.0995222929936305,0,31,None,66,1,5,False,1000,1000
890,20,unweighted,10,0.0995222929936305,0,27,None,66,1,5,False,1000,1000
891,21,unweighted,10,0.0995222929936305,0,27,None,66,1,5,False,1000,1000
892,22,unweighted,10,0.0995222929936305,0,27,None,66,1,5,False,1000,1000
893,23,unweighted,10,0.0995222929936305,0,27,None,66,1,5,False,1000,1000
894,24,unweighted,10,0.0995222929936305,0,27,None,66,1,5,False,1000,1000
895,20,unweighted,10,0.0995222929936305,0,5,None,66,1,5,False,1000,1000
896,21,unweighted,10,0.0995222929936305,0,5,None,66,1,5,False,1000,1000
897,22,unweighted,10,0.0995222929936305,0,5,None,66,1,5,False,1000,1000
898,23,unweighted,10,0.0995222929936305,0,5,None,66,1,5,False,1000,1000
899,24,unweighted,10,0.0995222929936305,0,5,None,66,1,5,False,1000,1000
900,20,unweighted,10,0.1511743630573248,0,7,None,66,1,5,False,1000,1000
901,21,unweighted,10,0.1695859872611465,0,7,None,66,1,5,False,1000,1000
902,22,unweighted,10,0.1828224522292993,0,7,None,66,1,5,False,1000,1000
903,23,unweighted,10,0.1926751592356688,0,7,None,66,1,5,False,1000,1000
904,24,unweighted,10,0.2024283439490445,0,7,None,66,1,5,False,1000,1000
905,20,unweighted,10,0.0995222929936305,0,6,None,66,1,5,False,1000,1000
906,21,unweighted,10,0.0995222929936305,0,6,None,66,1,5,False,1000,1000
907,22,unweighted,10,0.0995222929936305,0,6,None,66,1,5,False,1000,1000
908,23,unweighted,10,0.0995222929936305,0,6,None,66,1,5,False,1000,1000
909,24,unweighted,10,0.0995222929936305,0,6,None,66,1,5,False,1000,1000
910,20,unweighted,10,0.1701831210191083,0,12,None,66,1,5,False,1000,1000
911,21,unweighted,10,0.1798367834394904,0,12,None,66,1,5,False,1000,1000
912,22,unweighted,10,0.1921775477707006,0,12,None,66,1,5,False,1000,1000
913,23,unweighted,10,0.1958598726114649,0,12,None,66,1,5,False,1000,1000
914,24,unweighted,10,0.1967555732484076,0,12,None,66,1,5,False,1000,1000
915,20,unweighted,10,0.0995222929936305,0,26,None,66,1,5,False,1000,1000
916,21,unweighted,10,0.0995222929936305,0,26,None,66,1,5,False,1000,1000
917,22,unweighted,10,0.0995222929936305,0,26,None,66,1,5,False,1000,1000
918,23,unweighted,10,0.0995222929936305,0,26,None,66,1,5,False,1000,1000
919,24,unweighted,10,0.0995222929936305,0,26,None,66,1,5,False,1000,1000
920,20,unweighted,10,0.0995222929936305,0,30,None,66,1,5,False,1000,1000
921,21,unweighted,10,0.0995222929936305,0,30,None,66,1,5,False,1000,1000
922,22,unweighted,10,0.0995222929936305,0,30,None,66,1,5,False,1000,1000
923,23,unweighted,10,0.0995222929936305,0,30,None,66,1,5,False,1000,1000
924,24,unweighted,10,0.0995222929936305,0,30,None,66,1,5,False,1000,1000
925,20,unweighted,10,0.3528065286624204,0,22,None,66,1,5,False,1000,1000
926,21,unweighted,10,0.425358280254777,0,22,None,66,1,5,False,1000,1000
927,22,unweighted,10,0.3872412420382166,0,22,None,66,1,5,False,1000,1000
928,23,unweighted,10,0.3520103503184713,0,22,None,66,1,5,False,1000,1000
929,24,unweighted,10,0.3080214968152866,0,22,None,66,1,5,False,1000,1000
930,20,unweighted,10,0.4831807324840764,0,14,None,66,1,5,False,1000,1000
931,21,unweighted,10,0.3845541401273885,0,14,None,66,1,5,False,1000,1000
932,22,unweighted,10,0.3283240445859872,0,14,None,66,1,5,False,1000,1000
933,23,unweighted,10,0.3034434713375796,0,14,None,66,1,5,False,1000,1000
934,24,unweighted,10,0.298765923566879,0,14,None,66,1,5,False,1000,1000
935,20,unweighted,10,0.0995222929936305,0,15,None,66,1,5,False,1000,1000
936,21,unweighted,10,0.0995222929936305,0,15,None,66,1,5,False,1000,1000
937,22,unweighted,10,0.1532643312101911,0,15,None,66,1,5,False,1000,1000
938,23,unweighted,10,0.1977507961783439,0,15,None,66,1,5,False,1000,1000
939,24,unweighted,10,0.1593351910828025,0,15,None,66,1,5,False,1000,1000
940,20,unweighted,10,0.0995222929936305,0,10,None,66,1,5,False,1000,1000
941,21,unweighted,10,0.0995222929936305,0,10,None,66,1,5,False,1000,1000
942,22,unweighted,10,0.0995222929936305,0,10,None,66,1,5,False,1000,1000
943,23,unweighted,10,0.0995222929936305,0,10,None,66,1,5,False,1000,1000
944,24,unweighted,10,0.0995222929936305,0,10,None,66,1,5,False,1000,1000
945,20,unweighted,10,0.0995222929936305,0,11,None,66,1,5,False,1000,1000
946,21,unweighted,10,0.0995222929936305,0,11,None,66,1,5,False,1000,1000
947,22,unweighted,10,0.0995222929936305,0,11,None,66,1,5,False,1000,1000
948,23,unweighted,10,0.0995222929936305,0,11,None,66,1,5,False,1000,1000
949,24,unweighted,10,0.0995222929936305,0,11,None,66,1,5,False,1000,1000
950,20,unweighted,10,0.0995222929936305,0,17,None,66,1,5,False,1000,1000
951,21,unweighted,10,0.0995222929936305,0,17,None,66,1,5,False,1000,1000
952,22,unweighted,10,0.0995222929936305,0,17,None,66,1,5,False,1000,1000
953,23,unweighted,10,0.0995222929936305,0,17,None,66,1,5,False,1000,1000
954,24,unweighted,10,0.0995222929936305,0,17,None,66,1,5,False,1000,1000
955,20,unweighted,10,0.0995222929936305,0,3,None,66,1,5,False,1000,1000
956,21,unweighted,10,0.0995222929936305,0,3,None,66,1,5,False,1000,1000
957,22,unweighted,10,0.0995222929936305,0,3,None,66,1,5,False,1000,1000
958,23,unweighted,10,0.0995222929936305,0,3,None,66,1,5,False,1000,1000
959,24,unweighted,10,0.0995222929936305,0,3,None,66,1,5,False,1000,1000
960,20,unweighted,10,0.176453025477707,0,19,None,66,1,5,False,1000,1000
961,21,unweighted,10,0.1724721337579617,0,19,None,66,1,5,False,1000,1000
962,22,unweighted,10,0.1787420382165605,0,19,None,66,1,5,False,1000,1000
963,23,unweighted,10,0.1835191082802547,0,19,None,66,1,5,False,1000,1000
964,24,unweighted,10,0.1894904458598726,0,19,None,66,1,5,False,1000,1000
965,20,unweighted,10,0.0995222929936305,0,21,None,66,1,5,False,1000,1000
966,21,unweighted,10,0.0995222929936305,0,21,None,66,1,5,False,1000,1000
967,22,unweighted,10,0.0995222929936305,0,21,None,66,1,5,False,1000,1000
968,23,unweighted,10,0.0995222929936305,0,21,None,66,1,5,False,1000,1000
969,24,unweighted,10,0.0995222929936305,0,21,None,66,1,5,False,1000,1000
970,20,unweighted,10,0.0995222929936305,0,24,None,66,1,5,False,1000,1000
971,21,unweighted,10,0.0995222929936305,0,24,None,66,1,5,False,1000,1000
972,22,unweighted,10,0.0995222929936305,0,24,None,66,1,5,False,1000,1000
973,23,unweighted,10,0.0995222929936305,0,24,None,66,1,5,False,1000,1000
974,24,unweighted,10,0.0995222929936305,0,24,None,66,1,5,False,1000,1000
975,20,unweighted,10,0.0995222929936305,0,4,None,66,1,5,False,1000,1000
976,21,unweighted,10,0.0995222929936305,0,4,None,66,1,5,False,1000,1000
977,22,unweighted,10,0.0995222929936305,0,4,None,66,1,5,False,1000,1000
978,23,unweighted,10,0.0995222929936305,0,4,None,66,1,5,False,1000,1000
979,24,unweighted,10,0.0995222929936305,0,4,None,66,1,5,False,1000,1000
980,20,unweighted,10,0.1107683121019108,0,0,None,66,1,5,False,1000,1000
981,21,unweighted,10,0.134156050955414,0,0,None,66,1,5,False,1000,1000
982,22,unweighted,10,0.1556528662420382,0,0,None,66,1,5,False,1000,1000
983,23,unweighted,10,0.1765525477707006,0,0,None,66,1,5,False,1000,1000
984,24,unweighted,10,0.1976512738853503,0,0,None,66,1,5,False,1000,1000
985,20,unweighted,10,0.0995222929936305,0,23,None,66,1,5,False,1000,1000
986,21,unweighted,10,0.1028065286624203,0,23,None,66,1,5,False,1000,1000
987,22,unweighted,10,0.1830214968152866,0,23,None,66,1,5,False,1000,1000
988,23,unweighted,10,0.1001194267515923,0,23,None,66,1,5,False,1000,1000
989,24,unweighted,10,0.0995222929936305,0,23,None,66,1,5,False,1000,1000
990,25,unweighted,10,0.0995222929936305,0,21,None,66,1,5,False,1000,1000
991,26,unweighted,10,0.0995222929936305,0,21,None,66,1,5,False,1000,1000
992,27,unweighted,10,0.0995222929936305,0,21,None,66,1,5,False,1000,1000
993,28,unweighted,10,0.0995222929936305,0,21,None,66,1,5,False,1000,1000
994,29,unweighted,10,0.0995222929936305,0,21,None,66,1,5,False,1000,1000
995,25,unweighted,10,0.0995222929936305,0,17,None,66,1,5,False,1000,1000
996,26,unweighted,10,0.0995222929936305,0,17,None,66,1,5,False,1000,1000
997,27,unweighted,10,0.0995222929936305,0,17,None,66,1,5,False,1000,1000
998,28,unweighted,10,0.0995222929936305,0,17,None,66,1,5,False,1000,1000
999,29,unweighted,10,0.0995222929936305,0,17,None,66,1,5,False,1000,1000
1000,25,unweighted,10,0.1724721337579617,0,26,None,66,1,5,False,1000,1000
1001,26,unweighted,10,0.1756568471337579,0,26,None,66,1,5,False,1000,1000
1002,27,unweighted,10,0.1782444267515923,0,26,None,66,1,5,False,1000,1000
1003,28,unweighted,10,0.2163614649681528,0,26,None,66,1,5,False,1000,1000
1004,29,unweighted,10,0.2697054140127388,0,26,None,66,1,5,False,1000,1000
1005,25,unweighted,10,0.3886345541401274,0,16,None,66,1,5,False,1000,1000
1006,26,unweighted,10,0.4023686305732484,0,16,None,66,1,5,False,1000,1000
1007,27,unweighted,10,0.4326234076433121,0,16,None,66,1,5,False,1000,1000
1008,28,unweighted,10,0.4612858280254777,0,16,None,66,1,5,False,1000,1000
1009,29,unweighted,10,0.479796974522293,0,16,None,66,1,5,False,1000,1000
1010,25,unweighted,10,0.2763734076433121,0,8,None,66,1,5,False,1000,1000
1011,26,unweighted,10,0.3366839171974522,0,8,None,66,1,5,False,1000,1000
1012,27,unweighted,10,0.292296974522293,0,8,None,66,1,5,False,1000,1000
1013,28,unweighted,10,0.3027468152866242,0,8,None,66,1,5,False,1000,1000
1014,29,unweighted,10,0.3864450636942675,0,8,None,66,1,5,False,1000,1000
1015,25,unweighted,10,0.1970541401273885,0,18,None,66,1,5,False,1000,1000
1016,26,unweighted,10,0.1989450636942675,0,18,None,66,1,5,False,1000,1000
1017,27,unweighted,10,0.2053144904458598,0,18,None,66,1,5,False,1000,1000
1018,28,unweighted,10,0.2201433121019108,0,18,None,66,1,5,False,1000,1000
1019,29,unweighted,10,0.2338773885350318,0,18,None,66,1,5,False,1000,1000
1020,25,unweighted,10,0.1967555732484076,0,19,None,66,1,5,False,1000,1000
1021,26,unweighted,10,0.1911823248407643,0,19,None,66,1,5,False,1000,1000
1022,27,unweighted,10,0.1925756369426751,0,19,None,66,1,5,False,1000,1000
1023,28,unweighted,10,0.1962579617834395,0,19,None,66,1,5,False,1000,1000
1024,29,unweighted,10,0.1997412420382165,0,19,None,66,1,5,False,1000,1000
1025,25,unweighted,10,0.0995222929936305,0,20,None,66,1,5,False,1000,1000
1026,26,unweighted,10,0.0995222929936305,0,20,None,66,1,5,False,1000,1000
1027,27,unweighted,10,0.0995222929936305,0,20,None,66,1,5,False,1000,1000
1028,28,unweighted,10,0.0995222929936305,0,20,None,66,1,5,False,1000,1000
1029,29,unweighted,10,0.0995222929936305,0,20,None,66,1,5,False,1000,1000
1030,25,unweighted,10,0.3317078025477707,0,22,None,66,1,5,False,1000,1000
1031,26,unweighted,10,0.2729896496815286,0,22,None,66,1,5,False,1000,1000
1032,27,unweighted,10,0.2568670382165605,0,22,None,66,1,5,False,1000,1000
1033,28,unweighted,10,0.2459195859872611,0,22,None,66,1,5,False,1000,1000
1034,29,unweighted,10,0.2460191082802547,0,22,None,66,1,5,False,1000,1000
1035,25,unweighted,10,0.0995222929936305,0,11,None,66,1,5,False,1000,1000
1036,26,unweighted,10,0.0995222929936305,0,11,None,66,1,5,False,1000,1000
1037,27,unweighted,10,0.0995222929936305,0,11,None,66,1,5,False,1000,1000
1038,28,unweighted,10,0.0995222929936305,0,11,None,66,1,5,False,1000,1000
1039,29,unweighted,10,0.0995222929936305,0,11,None,66,1,5,False,1000,1000
1040,25,unweighted,10,0.0995222929936305,0,10,None,66,1,5,False,1000,1000
1041,26,unweighted,10,0.0995222929936305,0,10,None,66,1,5,False,1000,1000
1042,27,unweighted,10,0.0995222929936305,0,10,None,66,1,5,False,1000,1000
1043,28,unweighted,10,0.1008160828025477,0,10,None,66,1,5,False,1000,1000
1044,29,unweighted,10,0.1584394904458598,0,10,None,66,1,5,False,1000,1000
1045,25,unweighted,10,0.0995222929936305,0,15,None,66,1,5,False,1000,1000
1046,26,unweighted,10,0.1085788216560509,0,15,None,66,1,5,False,1000,1000
1047,27,unweighted,10,0.1820262738853503,0,15,None,66,1,5,False,1000,1000
1048,28,unweighted,10,0.1982484076433121,0,15,None,66,1,5,False,1000,1000
1049,29,unweighted,10,0.1943670382165605,0,15,None,66,1,5,False,1000,1000
1050,25,unweighted,10,0.1228105095541401,0,23,None,66,1,5,False,1000,1000
1051,26,unweighted,10,0.154359076433121,0,23,None,66,1,5,False,1000,1000
1052,27,unweighted,10,0.1769506369426751,0,23,None,66,1,5,False,1000,1000
1053,28,unweighted,10,0.1910828025477707,0,23,None,66,1,5,False,1000,1000
1054,29,unweighted,10,0.1963574840764331,0,23,None,66,1,5,False,1000,1000
1055,25,unweighted,10,0.1677945859872611,0,7,None,66,1,5,False,1000,1000
1056,26,unweighted,10,0.1816281847133758,0,7,None,66,1,5,False,1000,1000
1057,27,unweighted,10,0.2025278662420382,0,7,None,66,1,5,False,1000,1000
1058,28,unweighted,10,0.2281050955414012,0,7,None,66,1,5,False,1000,1000
1059,29,unweighted,10,0.256468949044586,0,7,None,66,1,5,False,1000,1000
1060,25,unweighted,10,0.0995222929936305,0,4,None,66,1,5,False,1000,1000
1061,26,unweighted,10,0.0995222929936305,0,4,None,66,1,5,False,1000,1000
1062,27,unweighted,10,0.0995222929936305,0,4,None,66,1,5,False,1000,1000
1063,28,unweighted,10,0.0995222929936305,0,4,None,66,1,5,False,1000,1000
1064,29,unweighted,10,0.0998208598726114,0,4,None,66,1,5,False,1000,1000
1065,25,unweighted,10,0.1251990445859872,0,32,None,66,1,5,False,1000,1000
1066,26,unweighted,10,0.1510748407643312,0,32,None,66,1,5,False,1000,1000
1067,27,unweighted,10,0.1721735668789809,0,32,None,66,1,5,False,1000,1000
1068,28,unweighted,10,0.1871019108280254,0,32,None,66,1,5,False,1000,1000
1069,29,unweighted,10,0.1940684713375796,0,32,None,66,1,5,False,1000,1000
1070,25,unweighted,10,0.2088972929936305,0,1,None,66,1,5,False,1000,1000
1071,26,unweighted,10,0.2280055732484076,0,1,None,66,1,5,False,1000,1000
1072,27,unweighted,10,0.2433320063694267,0,1,None,66,1,5,False,1000,1000
1073,28,unweighted,10,0.2425358280254777,0,1,None,66,1,5,False,1000,1000
1074,29,unweighted,10,0.2074044585987261,0,1,None,66,1,5,False,1000,1000
1075,25,unweighted,10,0.0995222929936305,0,2,None,66,1,5,False,1000,1000
1076,26,unweighted,10,0.0995222929936305,0,2,None,66,1,5,False,1000,1000
1077,27,unweighted,10,0.0995222929936305,0,2,None,66,1,5,False,1000,1000
1078,28,unweighted,10,0.0995222929936305,0,2,None,66,1,5,False,1000,1000
1079,29,unweighted,10,0.0995222929936305,0,2,None,66,1,5,False,1000,1000
1080,25,unweighted,10,0.0995222929936305,0,5,None,66,1,5,False,1000,1000
1081,26,unweighted,10,0.1078821656050955,0,5,None,66,1,5,False,1000,1000
1082,27,unweighted,10,0.1875,0,5,None,66,1,5,False,1000,1000
1083,28,unweighted,10,0.2382563694267516,0,5,None,66,1,5,False,1000,1000
1084,29,unweighted,10,0.2763734076433121,0,5,None,66,1,5,False,1000,1000
1085,25,unweighted,10,0.1213176751592356,0,6,None,66,1,5,False,1000,1000
1086,26,unweighted,10,0.1397292993630573,0,6,None,66,1,5,False,1000,1000
1087,27,unweighted,10,0.1641122611464968,0,6,None,66,1,5,False,1000,1000
1088,28,unweighted,10,0.190187101910828,0,6,None,66,1,5,False,1000,1000
1089,29,unweighted,10,0.2104896496815286,0,6,None,66,1,5,False,1000,1000
1090,25,unweighted,10,0.1300756369426751,0,28,None,66,1,5,False,1000,1000
1091,26,unweighted,10,0.1541600318471337,0,28,None,66,1,5,False,1000,1000
1092,27,unweighted,10,0.1696855095541401,0,28,None,66,1,5,False,1000,1000
1093,28,unweighted,10,0.1825238853503184,0,28,None,66,1,5,False,1000,1000
1094,29,unweighted,10,0.2008359872611465,0,28,None,66,1,5,False,1000,1000
1095,25,unweighted,10,0.1404259554140127,0,24,None,66,1,5,False,1000,1000
1096,26,unweighted,10,0.1605294585987261,0,24,None,66,1,5,False,1000,1000
1097,27,unweighted,10,0.1743630573248407,0,24,None,66,1,5,False,1000,1000
1098,28,unweighted,10,0.182921974522293,0,24,None,66,1,5,False,1000,1000
1099,29,unweighted,10,0.1895899681528662,0,24,None,66,1,5,False,1000,1000
1100,25,unweighted,10,0.1676950636942675,0,27,None,66,1,5,False,1000,1000
1101,26,unweighted,10,0.1869028662420382,0,27,None,66,1,5,False,1000,1000
1102,27,unweighted,10,0.1918789808917197,0,27,None,66,1,5,False,1000,1000
1103,28,unweighted,10,0.1875,0,27,None,66,1,5,False,1000,1000
1104,29,unweighted,10,0.1665007961783439,0,27,None,66,1,5,False,1000,1000
1105,25,unweighted,10,0.0995222929936305,0,30,None,66,1,5,False,1000,1000
1106,26,unweighted,10,0.0995222929936305,0,30,None,66,1,5,False,1000,1000
1107,27,unweighted,10,0.0995222929936305,0,30,None,66,1,5,False,1000,1000
1108,28,unweighted,10,0.0995222929936305,0,30,None,66,1,5,False,1000,1000
1109,29,unweighted,10,0.0995222929936305,0,30,None,66,1,5,False,1000,1000
1110,25,unweighted,10,0.1015127388535031,0,31,None,66,1,5,False,1000,1000
1111,26,unweighted,10,0.1070859872611465,0,31,None,66,1,5,False,1000,1000
1112,27,unweighted,10,0.1356488853503184,0,31,None,66,1,5,False,1000,1000
1113,28,unweighted,10,0.152468152866242,0,31,None,66,1,5,False,1000,1000
1114,29,unweighted,10,0.1682921974522293,0,31,None,66,1,5,False,1000,1000
1115,25,unweighted,10,0.1941679936305732,0,13,None,66,1,5,False,1000,1000
1116,26,unweighted,10,0.1937699044585987,0,13,None,66,1,5,False,1000,1000
1117,27,unweighted,10,0.1933718152866242,0,13,None,66,1,5,False,1000,1000
1118,28,unweighted,10,0.1929737261146497,0,13,None,66,1,5,False,1000,1000
1119,29,unweighted,10,0.1932722929936305,0,13,None,66,1,5,False,1000,1000
1120,25,unweighted,10,0.1927746815286624,0,12,None,66,1,5,False,1000,1000
1121,26,unweighted,10,0.2048168789808917,0,12,None,66,1,5,False,1000,1000
1122,27,unweighted,10,0.2157643312101911,0,12,None,66,1,5,False,1000,1000
1123,28,unweighted,10,0.2772691082802547,0,12,None,66,1,5,False,1000,1000
1124,29,unweighted,10,0.2717953821656051,0,12,None,66,1,5,False,1000,1000
1125,25,unweighted,10,0.1509753184713375,0,0,None,66,1,5,False,1000,1000
1126,26,unweighted,10,0.1678941082802547,0,0,None,66,1,5,False,1000,1000
1127,27,unweighted,10,0.1847133757961783,0,0,None,66,1,5,False,1000,1000
1128,28,unweighted,10,0.2038216560509554,0,0,None,66,1,5,False,1000,1000
1129,29,unweighted,10,0.2179538216560509,0,0,None,66,1,5,False,1000,1000
1130,25,unweighted,10,0.0995222929936305,0,3,None,66,1,5,False,1000,1000
1131,26,unweighted,10,0.0995222929936305,0,3,None,66,1,5,False,1000,1000
1132,27,unweighted,10,0.0995222929936305,0,3,None,66,1,5,False,1000,1000
1133,28,unweighted,10,0.0995222929936305,0,3,None,66,1,5,False,1000,1000
1134,29,unweighted,10,0.0995222929936305,0,3,None,66,1,5,False,1000,1000
1135,25,unweighted,10,0.3554936305732484,0,14,None,66,1,5,False,1000,1000
1136,26,unweighted,10,0.3064291401273885,0,14,None,66,1,5,False,1000,1000
1137,27,unweighted,10,0.293889331210191,0,14,None,66,1,5,False,1000,1000
1138,28,unweighted,10,0.290406050955414,0,14,None,66,1,5,False,1000,1000
1139,29,unweighted,10,0.296875,0,14,None,66,1,5,False,1000,1000
1140,25,unweighted,10,0.4271496815286624,0,9,None,66,1,5,False,1000,1000
1141,26,unweighted,10,0.5180135350318471,0,9,None,66,1,5,False,1000,1000
1142,27,unweighted,10,0.5571257961783439,0,9,None,66,1,5,False,1000,1000
1143,28,unweighted,10,0.5840963375796179,0,9,None,66,1,5,False,1000,1000
1144,29,unweighted,10,0.599422770700637,0,9,None,66,1,5,False,1000,1000
1145,25,unweighted,10,0.5709593949044586,0,25,None,66,1,5,False,1000,1000
1146,26,unweighted,10,0.533937101910828,0,25,None,66,1,5,False,1000,1000
1147,27,unweighted,10,0.5023885350318471,0,25,None,66,1,5,False,1000,1000
1148,28,unweighted,10,0.4729299363057325,0,25,None,66,1,5,False,1000,1000
1149,29,unweighted,10,0.4563097133757962,0,25,None,66,1,5,False,1000,1000
1150,25,unweighted,10,0.5161226114649682,0,29,None,66,1,5,False,1000,1000
1151,26,unweighted,10,0.4581011146496815,0,29,None,66,1,5,False,1000,1000
1152,27,unweighted,10,0.423765923566879,0,29,None,66,1,5,False,1000,1000
1153,28,unweighted,10,0.4020700636942675,0,29,None,66,1,5,False,1000,1000
1154,29,unweighted,10,0.3908240445859872,0,29,None,66,1,5,False,1000,1000
1815,30,unweighted,10,0.2468152866242038,0,1,None,66,1,5,False,1000,1000
1816,31,unweighted,10,0.2538813694267516,0,1,None,66,1,5,False,1000,1000
1817,32,unweighted,10,0.258359872611465,0,1,None,66,1,5,False,1000,1000
1818,33,unweighted,10,0.255374203821656,0,1,None,66,1,5,False,1000,1000
1819,34,unweighted,10,0.2434315286624203,0,1,None,66,1,5,False,1000,1000
1820,30,unweighted,10,0.1201234076433121,0,2,None,66,1,5,False,1000,1000
1821,31,unweighted,10,0.1196257961783439,0,2,None,66,1,5,False,1000,1000
1822,32,unweighted,10,0.1190286624203821,0,2,None,66,1,5,False,1000,1000
1823,33,unweighted,10,0.1186305732484076,0,2,None,66,1,5,False,1000,1000
1824,34,unweighted,10,0.1177348726114649,0,2,None,66,1,5,False,1000,1000
1825,30,unweighted,10,0.2216361464968153,0,5,None,66,1,5,False,1000,1000
1826,31,unweighted,10,0.2501990445859872,0,5,None,66,1,5,False,1000,1000
1827,32,unweighted,10,0.2898089171974522,0,5,None,66,1,5,False,1000,1000
1828,33,unweighted,10,0.3326035031847134,0,5,None,66,1,5,False,1000,1000
1829,34,unweighted,10,0.3999800955414013,0,5,None,66,1,5,False,1000,1000
1830,30,unweighted,10,0.2040207006369426,0,13,None,66,1,5,False,1000,1000
1831,31,unweighted,10,0.2064092356687898,0,13,None,66,1,5,False,1000,1000
1832,32,unweighted,10,0.2075039808917197,0,13,None,66,1,5,False,1000,1000
1833,33,unweighted,10,0.2088972929936305,0,13,None,66,1,5,False,1000,1000
1834,34,unweighted,10,0.2120820063694267,0,13,None,66,1,5,False,1000,1000
1835,30,unweighted,10,0.3991839171974522,0,16,None,66,1,5,False,1000,1000
1836,31,unweighted,10,0.4388933121019108,0,16,None,66,1,5,False,1000,1000
1837,32,unweighted,10,0.4690485668789809,0,16,None,66,1,5,False,1000,1000
1838,33,unweighted,10,0.4859673566878981,0,16,None,66,1,5,False,1000,1000
1839,34,unweighted,10,0.4974124203821656,0,16,None,66,1,5,False,1000,1000
1840,30,unweighted,10,0.0995222929936305,0,11,None,66,1,5,False,1000,1000
1841,31,unweighted,10,0.0995222929936305,0,11,None,66,1,5,False,1000,1000
1842,32,unweighted,10,0.0995222929936305,0,11,None,66,1,5,False,1000,1000
1843,33,unweighted,10,0.0995222929936305,0,11,None,66,1,5,False,1000,1000
1844,34,unweighted,10,0.1409235668789809,0,11,None,66,1,5,False,1000,1000
1845,30,unweighted,10,0.3539012738853503,0,8,None,66,1,5,False,1000,1000
1846,31,unweighted,10,0.2988654458598726,0,8,None,66,1,5,False,1000,1000
1847,32,unweighted,10,0.3886345541401274,0,8,None,66,1,5,False,1000,1000
1848,33,unweighted,10,0.395203025477707,0,8,None,66,1,5,False,1000,1000
1849,34,unweighted,10,0.3996815286624204,0,8,None,66,1,5,False,1000,1000
1850,30,unweighted,10,0.0995222929936305,0,20,None,66,1,5,False,1000,1000
1851,31,unweighted,10,0.0995222929936305,0,20,None,66,1,5,False,1000,1000
1852,32,unweighted,10,0.0995222929936305,0,20,None,66,1,5,False,1000,1000
1853,33,unweighted,10,0.0995222929936305,0,20,None,66,1,5,False,1000,1000
1854,34,unweighted,10,0.0995222929936305,0,20,None,66,1,5,False,1000,1000
1855,30,unweighted,10,0.2273089171974522,0,19,None,66,1,5,False,1000,1000
1856,31,unweighted,10,0.2243232484076433,0,19,None,66,1,5,False,1000,1000
1857,32,unweighted,10,0.2303941082802547,0,19,None,66,1,5,False,1000,1000
1858,33,unweighted,10,0.2484076433121019,0,19,None,66,1,5,False,1000,1000
1859,34,unweighted,10,0.2917993630573248,0,19,None,66,1,5,False,1000,1000
1860,30,unweighted,10,0.1846138535031847,0,23,None,66,1,5,False,1000,1000
1861,31,unweighted,10,0.1922770700636942,0,23,None,66,1,5,False,1000,1000
1862,32,unweighted,10,0.1958598726114649,0,23,None,66,1,5,False,1000,1000
1863,33,unweighted,10,0.2005374203821656,0,23,None,66,1,5,False,1000,1000
1864,34,unweighted,10,0.2076035031847133,0,23,None,66,1,5,False,1000,1000
1865,30,unweighted,10,0.0995222929936305,0,17,None,66,1,5,False,1000,1000
1866,31,unweighted,10,0.0995222929936305,0,17,None,66,1,5,False,1000,1000
1867,32,unweighted,10,0.0995222929936305,0,17,None,66,1,5,False,1000,1000
1868,33,unweighted,10,0.0995222929936305,0,17,None,66,1,5,False,1000,1000
1869,34,unweighted,10,0.0995222929936305,0,17,None,66,1,5,False,1000,1000
1870,30,unweighted,10,0.1398288216560509,0,21,None,66,1,5,False,1000,1000
1871,31,unweighted,10,0.1434116242038216,0,21,None,66,1,5,False,1000,1000
1872,32,unweighted,10,0.1482882165605095,0,21,None,66,1,5,False,1000,1000
1873,33,unweighted,10,0.1532643312101911,0,21,None,66,1,5,False,1000,1000
1874,34,unweighted,10,0.1592356687898089,0,21,None,66,1,5,False,1000,1000
1875,30,unweighted,10,0.4751194267515923,0,25,None,66,1,5,False,1000,1000
1876,31,unweighted,10,0.4547173566878981,0,25,None,66,1,5,False,1000,1000
1877,32,unweighted,10,0.4419785031847134,0,25,None,66,1,5,False,1000,1000
1878,33,unweighted,10,0.4365047770700637,0,25,None,66,1,5,False,1000,1000
1879,34,unweighted,10,0.4349124203821656,0,25,None,66,1,5,False,1000,1000
1880,30,unweighted,10,0.2405453821656051,0,26,None,66,1,5,False,1000,1000
1881,31,unweighted,10,0.24890525477707,0,26,None,66,1,5,False,1000,1000
1882,32,unweighted,10,0.2568670382165605,0,26,None,66,1,5,False,1000,1000
1883,33,unweighted,10,0.2609474522292994,0,26,None,66,1,5,False,1000,1000
1884,34,unweighted,10,0.2647292993630573,0,26,None,66,1,5,False,1000,1000
1885,30,unweighted,10,0.315187101910828,0,12,None,66,1,5,False,1000,1000
1886,31,unweighted,10,0.283140923566879,0,12,None,66,1,5,False,1000,1000
1887,32,unweighted,10,0.2491042993630573,0,12,None,66,1,5,False,1000,1000
1888,33,unweighted,10,0.2780652866242038,0,12,None,66,1,5,False,1000,1000
1889,34,unweighted,10,0.3107085987261146,0,12,None,66,1,5,False,1000,1000
1890,30,unweighted,10,0.1963574840764331,0,24,None,66,1,5,False,1000,1000
1891,31,unweighted,10,0.1980493630573248,0,24,None,66,1,5,False,1000,1000
1892,32,unweighted,10,0.198546974522293,0,24,None,66,1,5,False,1000,1000
1893,33,unweighted,10,0.1984474522292993,0,24,None,66,1,5,False,1000,1000
1894,34,unweighted,10,0.1983479299363057,0,24,None,66,1,5,False,1000,1000
1895,30,unweighted,10,0.4679538216560509,0,29,None,66,1,5,False,1000,1000
1896,31,unweighted,10,0.4238654458598726,0,29,None,66,1,5,False,1000,1000
1897,32,unweighted,10,0.395999203821656,0,29,None,66,1,5,False,1000,1000
1898,33,unweighted,10,0.3771894904458598,0,29,None,66,1,5,False,1000,1000
1899,34,unweighted,10,0.3619625796178344,0,29,None,66,1,5,False,1000,1000
1900,30,unweighted,10,0.1823248407643312,0,28,None,66,1,5,False,1000,1000
1901,31,unweighted,10,0.1921775477707006,0,28,None,66,1,5,False,1000,1000
1902,32,unweighted,10,0.2165605095541401,0,28,None,66,1,5,False,1000,1000
1903,33,unweighted,10,0.2558718152866242,0,28,None,66,1,5,False,1000,1000
1904,34,unweighted,10,0.2703025477707006,0,28,None,66,1,5,False,1000,1000
1905,30,unweighted,10,0.2327826433121019,0,0,None,66,1,5,False,1000,1000
1906,31,unweighted,10,0.2439291401273885,0,0,None,66,1,5,False,1000,1000
1907,32,unweighted,10,0.2511942675159235,0,0,None,66,1,5,False,1000,1000
1908,33,unweighted,10,0.3090167197452229,0,0,None,66,1,5,False,1000,1000
1909,34,unweighted,10,0.3382762738853503,0,0,None,66,1,5,False,1000,1000
1910,30,unweighted,10,0.1362460191082802,0,30,None,66,1,5,False,1000,1000
1911,31,unweighted,10,0.1401273885350318,0,30,None,66,1,5,False,1000,1000
1912,32,unweighted,10,0.145203025477707,0,30,None,66,1,5,False,1000,1000
1913,33,unweighted,10,0.1498805732484076,0,30,None,66,1,5,False,1000,1000
1914,34,unweighted,10,0.1534633757961783,0,30,None,66,1,5,False,1000,1000
1915,30,unweighted,10,0.3098128980891719,0,18,None,66,1,5,False,1000,1000
1916,31,unweighted,10,0.3096138535031847,0,18,None,66,1,5,False,1000,1000
1917,32,unweighted,10,0.3123009554140127,0,18,None,66,1,5,False,1000,1000
1918,33,unweighted,10,0.3164808917197452,0,18,None,66,1,5,False,1000,1000
1919,34,unweighted,10,0.324343152866242,0,18,None,66,1,5,False,1000,1000
1920,30,unweighted,10,0.1797372611464968,0,27,None,66,1,5,False,1000,1000
1921,31,unweighted,10,0.1902866242038216,0,27,None,66,1,5,False,1000,1000
1922,32,unweighted,10,0.1934713375796178,0,27,None,66,1,5,False,1000,1000
1923,33,unweighted,10,0.1946656050955414,0,27,None,66,1,5,False,1000,1000
1924,34,unweighted,10,0.1917794585987261,0,27,None,66,1,5,False,1000,1000
1925,30,unweighted,10,0.1815286624203821,0,31,None,66,1,5,False,1000,1000
1926,31,unweighted,10,0.2243232484076433,0,31,None,66,1,5,False,1000,1000
1927,32,unweighted,10,0.2448248407643312,0,31,None,66,1,5,False,1000,1000
1928,33,unweighted,10,0.2335788216560509,0,31,None,66,1,5,False,1000,1000
1929,34,unweighted,10,0.2133757961783439,0,31,None,66,1,5,False,1000,1000
1930,30,unweighted,10,0.2437300955414012,0,7,None,66,1,5,False,1000,1000
1931,31,unweighted,10,0.2743829617834395,0,7,None,66,1,5,False,1000,1000
1932,32,unweighted,10,0.2946855095541401,0,7,None,66,1,5,False,1000,1000
1933,33,unweighted,10,0.3081210191082802,0,7,None,66,1,5,False,1000,1000
1934,34,unweighted,10,0.3581807324840764,0,7,None,66,1,5,False,1000,1000
1935,30,unweighted,10,0.1490843949044586,0,4,None,66,1,5,False,1000,1000
1936,31,unweighted,10,0.15625,0,4,None,66,1,5,False,1000,1000
1937,32,unweighted,10,0.1697850318471337,0,4,None,66,1,5,False,1000,1000
1938,33,unweighted,10,0.1918789808917197,0,4,None,66,1,5,False,1000,1000
1939,34,unweighted,10,0.2143710191082802,0,4,None,66,1,5,False,1000,1000
1940,30,unweighted,10,0.172671178343949,0,32,None,66,1,5,False,1000,1000
1941,31,unweighted,10,0.183718152866242,0,32,None,66,1,5,False,1000,1000
1942,32,unweighted,10,0.1949641719745223,0,32,None,66,1,5,False,1000,1000
1943,33,unweighted,10,0.2046178343949044,0,32,None,66,1,5,False,1000,1000
1944,34,unweighted,10,0.2181528662420382,0,32,None,66,1,5,False,1000,1000
1945,30,unweighted,10,0.4632762738853503,0,9,None,66,1,5,False,1000,1000
1946,31,unweighted,10,0.5402070063694268,0,9,None,66,1,5,False,1000,1000
1947,32,unweighted,10,0.5707603503184714,0,9,None,66,1,5,False,1000,1000
1948,33,unweighted,10,0.5958399681528662,0,9,None,66,1,5,False,1000,1000
1949,34,unweighted,10,0.607484076433121,0,9,None,66,1,5,False,1000,1000
1950,30,unweighted,10,0.2502985668789809,0,6,None,66,1,5,False,1000,1000
1951,31,unweighted,10,0.2515923566878981,0,6,None,66,1,5,False,1000,1000
1952,32,unweighted,10,0.2541799363057325,0,6,None,66,1,5,False,1000,1000
1953,33,unweighted,10,0.2575636942675159,0,6,None,66,1,5,False,1000,1000
1954,34,unweighted,10,0.272093949044586,0,6,None,66,1,5,False,1000,1000
1955,30,unweighted,10,0.4294386942675159,0,14,None,66,1,5,False,1000,1000
1956,31,unweighted,10,0.422671178343949,0,14,None,66,1,5,False,1000,1000
1957,32,unweighted,10,0.4266520700636942,0,14,None,66,1,5,False,1000,1000
1958,33,unweighted,10,0.4306329617834395,0,14,None,66,1,5,False,1000,1000
1959,34,unweighted,10,0.4373009554140127,0,14,None,66,1,5,False,1000,1000
1960,30,unweighted,10,0.2761743630573248,0,22,None,66,1,5,False,1000,1000
1961,31,unweighted,10,0.2625398089171974,0,22,None,66,1,5,False,1000,1000
1962,32,unweighted,10,0.2581608280254777,0,22,None,66,1,5,False,1000,1000
1963,33,unweighted,10,0.2617436305732484,0,22,None,66,1,5,False,1000,1000
1964,34,unweighted,10,0.2743829617834395,0,22,None,66,1,5,False,1000,1000
1965,30,unweighted,10,0.0995222929936305,0,10,None,66,1,5,False,1000,1000
1966,31,unweighted,10,0.1096735668789808,0,10,None,66,1,5,False,1000,1000
1967,32,unweighted,10,0.1843152866242038,0,10,None,66,1,5,False,1000,1000
1968,33,unweighted,10,0.2474124203821656,0,10,None,66,1,5,False,1000,1000
1969,34,unweighted,10,0.2259156050955414,0,10,None,66,1,5,False,1000,1000
1970,30,unweighted,10,0.1001194267515923,0,15,None,66,1,5,False,1000,1000
1971,31,unweighted,10,0.1618232484076433,0,15,None,66,1,5,False,1000,1000
1972,32,unweighted,10,0.1940684713375796,0,15,None,66,1,5,False,1000,1000
1973,33,unweighted,10,0.1983479299363057,0,15,None,66,1,5,False,1000,1000
1974,34,unweighted,10,0.1968550955414012,0,15,None,66,1,5,False,1000,1000
1975,30,unweighted,10,0.1512738853503184,0,3,None,66,1,5,False,1000,1000
1976,31,unweighted,10,0.1525676751592356,0,3,None,66,1,5,False,1000,1000
1977,32,unweighted,10,0.1540605095541401,0,3,None,66,1,5,False,1000,1000
1978,33,unweighted,10,0.1549562101910828,0,3,None,66,1,5,False,1000,1000
1979,34,unweighted,10,0.1564490445859872,0,3,None,66,1,5,False,1000,1000
1980,35,unweighted,10,0.3754976114649681,0,22,None,66,1,5,False,1000,1000
1981,36,unweighted,10,0.3738057324840764,0,22,None,66,1,5,False,1000,1000
1982,37,unweighted,10,0.3787818471337579,0,22,None,66,1,5,False,1000,1000
1983,38,unweighted,10,0.38953025477707,0,22,None,66,1,5,False,1000,1000
1984,39,unweighted,10,0.4007762738853503,0,22,None,66,1,5,False,1000,1000
1985,35,unweighted,10,0.3131966560509554,0,1,None,66,1,5,False,1000,1000
1986,36,unweighted,10,0.3462380573248407,0,1,None,66,1,5,False,1000,1000
1987,37,unweighted,10,0.3782842356687898,0,1,None,66,1,5,False,1000,1000
1988,38,unweighted,10,0.3553941082802547,0,1,None,66,1,5,False,1000,1000
1989,39,unweighted,10,0.3200636942675159,0,1,None,66,1,5,False,1000,1000
1990,35,unweighted,10,0.1989450636942675,0,2,None,66,1,5,False,1000,1000
1991,36,unweighted,10,0.2055135350318471,0,2,None,66,1,5,False,1000,1000
1992,37,unweighted,10,0.2121815286624203,0,2,None,66,1,5,False,1000,1000
1993,38,unweighted,10,0.2171576433121019,0,2,None,66,1,5,False,1000,1000
1994,39,unweighted,10,0.2221337579617834,0,2,None,66,1,5,False,1000,1000
1995,35,unweighted,10,0.2375597133757961,0,21,None,66,1,5,False,1000,1000
1996,36,unweighted,10,0.2380573248407643,0,21,None,66,1,5,False,1000,1000
1997,37,unweighted,10,0.2392515923566879,0,21,None,66,1,5,False,1000,1000
1998,38,unweighted,10,0.2411425159235669,0,21,None,66,1,5,False,1000,1000
1999,39,unweighted,10,0.2442277070063694,0,21,None,66,1,5,False,1000,1000
2000,35,unweighted,10,0.2337778662420382,0,23,None,66,1,5,False,1000,1000
2001,36,unweighted,10,0.2496019108280254,0,23,None,66,1,5,False,1000,1000
2002,37,unweighted,10,0.2607484076433121,0,23,None,66,1,5,False,1000,1000
2003,38,unweighted,10,0.2758757961783439,0,23,None,66,1,5,False,1000,1000
2004,39,unweighted,10,0.315983280254777,0,23,None,66,1,5,False,1000,1000
2005,35,unweighted,10,0.206608280254777,0,27,None,66,1,5,False,1000,1000
2006,36,unweighted,10,0.2407444267515923,0,27,None,66,1,5,False,1000,1000
2007,37,unweighted,10,0.2874203821656051,0,27,None,66,1,5,False,1000,1000
2008,38,unweighted,10,0.2814490445859872,0,27,None,66,1,5,False,1000,1000
2009,39,unweighted,10,0.2359673566878981,0,27,None,66,1,5,False,1000,1000
2010,35,unweighted,10,0.4424761146496815,0,16,None,66,1,5,False,1000,1000
2011,36,unweighted,10,0.4744227707006369,0,16,None,66,1,5,False,1000,1000
2012,37,unweighted,10,0.4929339171974522,0,16,None,66,1,5,False,1000,1000
2013,38,unweighted,10,0.5021894904458599,0,16,None,66,1,5,False,1000,1000
2014,39,unweighted,10,0.5077627388535032,0,16,None,66,1,5,False,1000,1000
2015,35,unweighted,10,0.2395501592356688,0,32,None,66,1,5,False,1000,1000
2016,36,unweighted,10,0.2514928343949044,0,32,None,66,1,5,False,1000,1000
2017,37,unweighted,10,0.2596536624203822,0,32,None,66,1,5,False,1000,1000
2018,38,unweighted,10,0.2635350318471338,0,32,None,66,1,5,False,1000,1000
2019,39,unweighted,10,0.2658240445859872,0,32,None,66,1,5,False,1000,1000
2020,35,unweighted,10,0.0996218152866242,0,11,None,66,1,5,False,1000,1000
2021,36,unweighted,10,0.0996218152866242,0,11,None,66,1,5,False,1000,1000
2022,37,unweighted,10,0.0996218152866242,0,11,None,66,1,5,False,1000,1000
2023,38,unweighted,10,0.0996218152866242,0,11,None,66,1,5,False,1000,1000
2024,39,unweighted,10,0.1002189490445859,0,11,None,66,1,5,False,1000,1000
2025,35,unweighted,10,0.1097730891719745,0,17,None,66,1,5,False,1000,1000
2026,36,unweighted,10,0.1052945859872611,0,17,None,66,1,5,False,1000,1000
2027,37,unweighted,10,0.1020103503184713,0,17,None,66,1,5,False,1000,1000
2028,38,unweighted,10,0.1002189490445859,0,17,None,66,1,5,False,1000,1000
2029,39,unweighted,10,0.1008160828025477,0,17,None,66,1,5,False,1000,1000
2030,35,unweighted,10,0.1963574840764331,0,24,None,66,1,5,False,1000,1000
2031,36,unweighted,10,0.1988455414012739,0,24,None,66,1,5,False,1000,1000
2032,37,unweighted,10,0.1988455414012739,0,24,None,66,1,5,False,1000,1000
2033,38,unweighted,10,0.2170581210191083,0,24,None,66,1,5,False,1000,1000
2034,39,unweighted,10,0.2565684713375796,0,24,None,66,1,5,False,1000,1000
2035,35,unweighted,10,0.3975915605095541,0,13,None,66,1,5,False,1000,1000
2036,36,unweighted,10,0.3899283439490446,0,13,None,66,1,5,False,1000,1000
2037,37,unweighted,10,0.3843550955414013,0,13,None,66,1,5,False,1000,1000
2038,38,unweighted,10,0.376890923566879,0,13,None,66,1,5,False,1000,1000
2039,39,unweighted,10,0.3697253184713376,0,13,None,66,1,5,False,1000,1000
2040,35,unweighted,10,0.5399084394904459,0,25,None,66,1,5,False,1000,1000
2041,36,unweighted,10,0.5474721337579618,0,25,None,66,1,5,False,1000,1000
2042,37,unweighted,10,0.5515525477707006,0,25,None,66,1,5,False,1000,1000
2043,38,unweighted,10,0.555234872611465,0,25,None,66,1,5,False,1000,1000
2044,39,unweighted,10,0.5582205414012739,0,25,None,66,1,5,False,1000,1000
2045,35,unweighted,10,0.53234474522293,0,9,None,66,1,5,False,1000,1000
2046,36,unweighted,10,0.568968949044586,0,9,None,66,1,5,False,1000,1000
2047,37,unweighted,10,0.5965366242038217,0,9,None,66,1,5,False,1000,1000
2048,38,unweighted,10,0.6072850318471338,0,9,None,66,1,5,False,1000,1000
2049,39,unweighted,10,0.6145501592356688,0,9,None,66,1,5,False,1000,1000
2050,35,unweighted,10,0.4748208598726114,0,29,None,66,1,5,False,1000,1000
2051,36,unweighted,10,0.4434713375796178,0,29,None,66,1,5,False,1000,1000
2052,37,unweighted,10,0.4293391719745223,0,29,None,66,1,5,False,1000,1000
2053,38,unweighted,10,0.4250597133757962,0,29,None,66,1,5,False,1000,1000
2054,39,unweighted,10,0.4279458598726114,0,29,None,66,1,5,False,1000,1000
2055,35,unweighted,10,0.1316679936305732,0,20,None,66,1,5,False,1000,1000
2056,36,unweighted,10,0.1323646496815286,0,20,None,66,1,5,False,1000,1000
2057,37,unweighted,10,0.133061305732484,0,20,None,66,1,5,False,1000,1000
2058,38,unweighted,10,0.1343550955414012,0,20,None,66,1,5,False,1000,1000
2059,39,unweighted,10,0.1355493630573248,0,20,None,66,1,5,False,1000,1000
2060,35,unweighted,10,0.3091162420382166,0,8,None,66,1,5,False,1000,1000
2061,36,unweighted,10,0.3188694267515923,0,8,None,66,1,5,False,1000,1000
2062,37,unweighted,10,0.395203025477707,0,8,None,66,1,5,False,1000,1000
2063,38,unweighted,10,0.3976910828025478,0,8,None,66,1,5,False,1000,1000
2064,39,unweighted,10,0.4087380573248407,0,8,None,66,1,5,False,1000,1000
2065,35,unweighted,10,0.3657444267515923,0,18,None,66,1,5,False,1000,1000
2066,36,unweighted,10,0.349124203821656,0,18,None,66,1,5,False,1000,1000
2067,37,unweighted,10,0.3373805732484076,0,18,None,66,1,5,False,1000,1000
2068,38,unweighted,10,0.337281050955414,0,18,None,66,1,5,False,1000,1000
2069,39,unweighted,10,0.3458399681528662,0,18,None,66,1,5,False,1000,1000
2070,35,unweighted,10,0.2985668789808917,0,19,None,66,1,5,False,1000,1000
2071,36,unweighted,10,0.3201632165605095,0,19,None,66,1,5,False,1000,1000
2072,37,unweighted,10,0.3164808917197452,0,19,None,66,1,5,False,1000,1000
2073,38,unweighted,10,0.2855294585987261,0,19,None,66,1,5,False,1000,1000
2074,39,unweighted,10,0.2809514331210191,0,19,None,66,1,5,False,1000,1000
2075,35,unweighted,10,0.2576632165605095,0,31,None,66,1,5,False,1000,1000
2076,36,unweighted,10,0.2569665605095541,0,31,None,66,1,5,False,1000,1000
2077,37,unweighted,10,0.235171178343949,0,31,None,66,1,5,False,1000,1000
2078,38,unweighted,10,0.2121815286624203,0,31,None,66,1,5,False,1000,1000
2079,39,unweighted,10,0.20203025477707,0,31,None,66,1,5,False,1000,1000
2080,35,unweighted,10,0.2617436305732484,0,28,None,66,1,5,False,1000,1000
2081,36,unweighted,10,0.2816480891719745,0,28,None,66,1,5,False,1000,1000
2082,37,unweighted,10,0.3594745222929936,0,28,None,66,1,5,False,1000,1000
2083,38,unweighted,10,0.3242436305732484,0,28,None,66,1,5,False,1000,1000
2084,39,unweighted,10,0.2412420382165605,0,28,None,66,1,5,False,1000,1000
2085,35,unweighted,10,0.3451433121019108,0,0,None,66,1,5,False,1000,1000
2086,36,unweighted,10,0.4336186305732484,0,0,None,66,1,5,False,1000,1000
2087,37,unweighted,10,0.4511345541401274,0,0,None,66,1,5,False,1000,1000
2088,38,unweighted,10,0.4150079617834395,0,0,None,66,1,5,False,1000,1000
2089,39,unweighted,10,0.3864450636942675,0,0,None,66,1,5,False,1000,1000
2090,35,unweighted,10,0.2255175159235669,0,10,None,66,1,5,False,1000,1000
2091,36,unweighted,10,0.2590565286624204,0,10,None,66,1,5,False,1000,1000
2092,37,unweighted,10,0.2756767515923566,0,10,None,66,1,5,False,1000,1000
2093,38,unweighted,10,0.2197452229299363,0,10,None,66,1,5,False,1000,1000
2094,39,unweighted,10,0.2014331210191083,0,10,None,66,1,5,False,1000,1000
2095,35,unweighted,10,0.1956608280254777,0,15,None,66,1,5,False,1000,1000
2096,36,unweighted,10,0.1981488853503184,0,15,None,66,1,5,False,1000,1000
2097,37,unweighted,10,0.1983479299363057,0,15,None,66,1,5,False,1000,1000
2098,38,unweighted,10,0.1983479299363057,0,15,None,66,1,5,False,1000,1000
2099,39,unweighted,10,0.1980493630573248,0,15,None,66,1,5,False,1000,1000
2100,35,unweighted,10,0.2161624203821656,0,3,None,66,1,5,False,1000,1000
2101,36,unweighted,10,0.2101910828025477,0,3,None,66,1,5,False,1000,1000
2102,37,unweighted,10,0.2180533439490445,0,3,None,66,1,5,False,1000,1000
2103,38,unweighted,10,0.2341759554140127,0,3,None,66,1,5,False,1000,1000
2104,39,unweighted,10,0.2506966560509554,0,3,None,66,1,5,False,1000,1000
2105,35,unweighted,10,0.3805732484076433,0,5,None,66,1,5,False,1000,1000
2106,36,unweighted,10,0.4023686305732484,0,5,None,66,1,5,False,1000,1000
2107,37,unweighted,10,0.3428542993630573,0,5,None,66,1,5,False,1000,1000
2108,38,unweighted,10,0.3385748407643312,0,5,None,66,1,5,False,1000,1000
2109,39,unweighted,10,0.3754976114649681,0,5,None,66,1,5,False,1000,1000
2110,35,unweighted,10,0.3059315286624204,0,4,None,66,1,5,False,1000,1000
2111,36,unweighted,10,0.3194665605095541,0,4,None,66,1,5,False,1000,1000
2112,37,unweighted,10,0.3230493630573248,0,4,None,66,1,5,False,1000,1000
2113,38,unweighted,10,0.3118033439490446,0,4,None,66,1,5,False,1000,1000
2114,39,unweighted,10,0.2906050955414013,0,4,None,66,1,5,False,1000,1000
2115,35,unweighted,10,0.3519108280254777,0,7,None,66,1,5,False,1000,1000
2116,36,unweighted,10,0.3823646496815286,0,7,None,66,1,5,False,1000,1000
2117,37,unweighted,10,0.4744227707006369,0,7,None,66,1,5,False,1000,1000
2118,38,unweighted,10,0.4860668789808917,0,7,None,66,1,5,False,1000,1000
2119,39,unweighted,10,0.4472531847133758,0,7,None,66,1,5,False,1000,1000
2120,35,unweighted,10,0.4506369426751592,0,6,None,66,1,5,False,1000,1000
2121,36,unweighted,10,0.4518312101910828,0,6,None,66,1,5,False,1000,1000
2122,37,unweighted,10,0.4360071656050955,0,6,None,66,1,5,False,1000,1000
2123,38,unweighted,10,0.4102308917197452,0,6,None,66,1,5,False,1000,1000
2124,39,unweighted,10,0.3874402866242038,0,6,None,66,1,5,False,1000,1000
2125,35,unweighted,10,0.2999601910828025,0,12,None,66,1,5,False,1000,1000
2126,36,unweighted,10,0.3072253184713376,0,12,None,66,1,5,False,1000,1000
2127,37,unweighted,10,0.3540007961783439,0,12,None,66,1,5,False,1000,1000
2128,38,unweighted,10,0.4221735668789809,0,12,None,66,1,5,False,1000,1000
2129,39,unweighted,10,0.4395899681528662,0,12,None,66,1,5,False,1000,1000
2130,35,unweighted,10,0.4113256369426751,0,14,None,66,1,5,False,1000,1000
2131,36,unweighted,10,0.4136146496815286,0,14,None,66,1,5,False,1000,1000
2132,37,unweighted,10,0.418093152866242,0,14,None,66,1,5,False,1000,1000
2133,38,unweighted,10,0.423765923566879,0,14,None,66,1,5,False,1000,1000
2134,39,unweighted,10,0.4282444267515923,0,14,None,66,1,5,False,1000,1000
2135,35,unweighted,10,0.3557921974522293,0,26,None,66,1,5,False,1000,1000
2136,36,unweighted,10,0.3549960191082802,0,26,None,66,1,5,False,1000,1000
2137,37,unweighted,10,0.4046576433121019,0,26,None,66,1,5,False,1000,1000
2138,38,unweighted,10,0.4040605095541401,0,26,None,66,1,5,False,1000,1000
2139,39,unweighted,10,0.379578025477707,0,26,None,66,1,5,False,1000,1000
2140,35,unweighted,10,0.2188495222929936,0,30,None,66,1,5,False,1000,1000
2141,36,unweighted,10,0.21765525477707,0,30,None,66,1,5,False,1000,1000
2142,37,unweighted,10,0.2155652866242038,0,30,None,66,1,5,False,1000,1000
2143,38,unweighted,10,0.2087977707006369,0,30,None,66,1,5,False,1000,1000
2144,39,unweighted,10,0.2052149681528662,0,30,None,66,1,5,False,1000,1000
2145,40,unweighted,10,0.3850517515923566,0,1,None,66,1,5,False,1000,1000
2146,41,unweighted,10,0.3503184713375796,0,1,None,66,1,5,False,1000,1000
2147,42,unweighted,10,0.3141918789808917,0,1,None,66,1,5,False,1000,1000
2148,43,unweighted,10,0.2946855095541401,0,1,None,66,1,5,False,1000,1000
2149,44,unweighted,10,0.2999601910828025,0,1,None,66,1,5,False,1000,1000
2150,40,unweighted,10,0.2501990445859872,0,2,None,66,1,5,False,1000,1000
2151,41,unweighted,10,0.2639331210191082,0,2,None,66,1,5,False,1000,1000
2152,42,unweighted,10,0.278264331210191,0,2,None,66,1,5,False,1000,1000
2153,43,unweighted,10,0.2963773885350318,0,2,None,66,1,5,False,1000,1000
2154,44,unweighted,10,0.3144904458598726,0,2,None,66,1,5,False,1000,1000
2155,40,unweighted,10,0.2419386942675159,0,17,None,66,1,5,False,1000,1000
2156,41,unweighted,10,0.228702229299363,0,17,None,66,1,5,False,1000,1000
2157,42,unweighted,10,0.2110867834394904,0,17,None,66,1,5,False,1000,1000
2158,43,unweighted,10,0.2015326433121019,0,17,None,66,1,5,False,1000,1000
2159,44,unweighted,10,0.2003383757961783,0,17,None,66,1,5,False,1000,1000
2160,40,unweighted,10,0.3480294585987261,0,28,None,66,1,5,False,1000,1000
2161,41,unweighted,10,0.2492038216560509,0,28,None,66,1,5,False,1000,1000
2162,42,unweighted,10,0.2909036624203822,0,28,None,66,1,5,False,1000,1000
2163,43,unweighted,10,0.3466361464968153,0,28,None,66,1,5,False,1000,1000
2164,44,unweighted,10,0.3624601910828025,0,28,None,66,1,5,False,1000,1000
2165,40,unweighted,10,0.2252189490445859,0,15,None,66,1,5,False,1000,1000
2166,41,unweighted,10,0.229796974522293,0,15,None,66,1,5,False,1000,1000
2167,42,unweighted,10,0.2498009554140127,0,15,None,66,1,5,False,1000,1000
2168,43,unweighted,10,0.2999601910828025,0,15,None,66,1,5,False,1000,1000
2169,44,unweighted,10,0.3304140127388535,0,15,None,66,1,5,False,1000,1000
2170,40,unweighted,10,0.2872213375796178,0,11,None,66,1,5,False,1000,1000
2171,41,unweighted,10,0.287718949044586,0,11,None,66,1,5,False,1000,1000
2172,42,unweighted,10,0.3058320063694267,0,11,None,66,1,5,False,1000,1000
2173,43,unweighted,10,0.3408638535031847,0,11,None,66,1,5,False,1000,1000
2174,44,unweighted,10,0.3134952229299363,0,11,None,66,1,5,False,1000,1000
2175,40,unweighted,10,0.476015127388535,0,16,None,66,1,5,False,1000,1000
2176,41,unweighted,10,0.4952229299363057,0,16,None,66,1,5,False,1000,1000
2177,42,unweighted,10,0.5033837579617835,0,16,None,66,1,5,False,1000,1000
2178,43,unweighted,10,0.5078622611464968,0,16,None,66,1,5,False,1000,1000
2179,44,unweighted,10,0.5128383757961783,0,16,None,66,1,5,False,1000,1000
2180,40,unweighted,10,0.4341162420382166,0,7,None,66,1,5,False,1000,1000
2181,41,unweighted,10,0.4136146496815286,0,7,None,66,1,5,False,1000,1000
2182,42,unweighted,10,0.3857484076433121,0,7,None,66,1,5,False,1000,1000
2183,43,unweighted,10,0.3675358280254777,0,7,None,66,1,5,False,1000,1000
2184,44,unweighted,10,0.3589769108280254,0,7,None,66,1,5,False,1000,1000
2185,40,unweighted,10,0.4214769108280254,0,26,None,66,1,5,False,1000,1000
2186,41,unweighted,10,0.3893312101910828,0,26,None,66,1,5,False,1000,1000
2187,42,unweighted,10,0.3590764331210191,0,26,None,66,1,5,False,1000,1000
2188,43,unweighted,10,0.3482285031847134,0,26,None,66,1,5,False,1000,1000
2189,44,unweighted,10,0.3444466560509554,0,26,None,66,1,5,False,1000,1000
2190,40,unweighted,10,0.3994824840764331,0,13,None,66,1,5,False,1000,1000
2191,41,unweighted,10,0.3921178343949044,0,13,None,66,1,5,False,1000,1000
2192,42,unweighted,10,0.3877388535031847,0,13,None,66,1,5,False,1000,1000
2193,43,unweighted,10,0.3863455414012738,0,13,None,66,1,5,False,1000,1000
2194,44,unweighted,10,0.3864450636942675,0,13,None,66,1,5,False,1000,1000
2195,40,unweighted,10,0.4111265923566879,0,12,None,66,1,5,False,1000,1000
2196,41,unweighted,10,0.4297372611464968,0,12,None,66,1,5,False,1000,1000
2197,42,unweighted,10,0.4457603503184713,0,12,None,66,1,5,False,1000,1000
2198,43,unweighted,10,0.4719347133757962,0,12,None,66,1,5,False,1000,1000
2199,44,unweighted,10,0.4995023885350318,0,12,None,66,1,5,False,1000,1000
2200,40,unweighted,10,0.4243630573248407,0,14,None,66,1,5,False,1000,1000
2201,41,unweighted,10,0.4227707006369426,0,14,None,66,1,5,False,1000,1000
2202,42,unweighted,10,0.4259554140127388,0,14,None,66,1,5,False,1000,1000
2203,43,unweighted,10,0.4322253184713376,0,14,None,66,1,5,False,1000,1000
2204,44,unweighted,10,0.4375,0,14,None,66,1,5,False,1000,1000
2205,40,unweighted,10,0.5423964968152867,0,9,None,66,1,5,False,1000,1000
2206,41,unweighted,10,0.5771297770700637,0,9,None,66,1,5,False,1000,1000
2207,42,unweighted,10,0.6007165605095541,0,9,None,66,1,5,False,1000,1000
2208,43,unweighted,10,0.6087778662420382,0,9,None,66,1,5,False,1000,1000
2209,44,unweighted,10,0.6161425159235668,0,9,None,66,1,5,False,1000,1000
2210,40,unweighted,10,0.5858877388535032,0,25,None,66,1,5,False,1000,1000
2211,41,unweighted,10,0.587281050955414,0,25,None,66,1,5,False,1000,1000
2212,42,unweighted,10,0.5914609872611465,0,25,None,66,1,5,False,1000,1000
2213,43,unweighted,10,0.5944466560509554,0,25,None,66,1,5,False,1000,1000
2214,44,unweighted,10,0.5971337579617835,0,25,None,66,1,5,False,1000,1000
2215,40,unweighted,10,0.4316281847133758,0,29,None,66,1,5,False,1000,1000
2216,41,unweighted,10,0.4086385350318471,0,29,None,66,1,5,False,1000,1000
2217,42,unweighted,10,0.3949044585987261,0,29,None,66,1,5,False,1000,1000
2218,43,unweighted,10,0.3867436305732484,0,29,None,66,1,5,False,1000,1000
2219,44,unweighted,10,0.3859474522292994,0,29,None,66,1,5,False,1000,1000
2220,40,unweighted,10,0.307921974522293,0,24,None,66,1,5,False,1000,1000
2221,41,unweighted,10,0.3404657643312102,0,24,None,66,1,5,False,1000,1000
2222,42,unweighted,10,0.3367834394904458,0,24,None,66,1,5,False,1000,1000
2223,43,unweighted,10,0.314390923566879,0,24,None,66,1,5,False,1000,1000
2224,44,unweighted,10,0.2719944267515923,0,24,None,66,1,5,False,1000,1000
2225,40,unweighted,10,0.3271297770700637,0,31,None,66,1,5,False,1000,1000
2226,41,unweighted,10,0.3044386942675159,0,31,None,66,1,5,False,1000,1000
2227,42,unweighted,10,0.2798566878980891,0,31,None,66,1,5,False,1000,1000
2228,43,unweighted,10,0.2494028662420382,0,31,None,66,1,5,False,1000,1000
2229,44,unweighted,10,0.2173566878980891,0,31,None,66,1,5,False,1000,1000
2230,40,unweighted,10,0.3602707006369426,0,18,None,66,1,5,False,1000,1000
2231,41,unweighted,10,0.3329020700636942,0,18,None,66,1,5,False,1000,1000
2232,42,unweighted,10,0.3096138535031847,0,18,None,66,1,5,False,1000,1000
2233,43,unweighted,10,0.2962778662420382,0,18,None,66,1,5,False,1000,1000
2234,44,unweighted,10,0.2901074840764331,0,18,None,66,1,5,False,1000,1000
2235,40,unweighted,10,0.3008558917197452,0,19,None,66,1,5,False,1000,1000
2236,41,unweighted,10,0.2850318471337579,0,19,None,66,1,5,False,1000,1000
2237,42,unweighted,10,0.2882165605095541,0,19,None,66,1,5,False,1000,1000
2238,43,unweighted,10,0.3012539808917197,0,19,None,66,1,5,False,1000,1000
2239,44,unweighted,10,0.3226512738853503,0,19,None,66,1,5,False,1000,1000
2240,40,unweighted,10,0.3592754777070063,0,21,None,66,1,5,False,1000,1000
2241,41,unweighted,10,0.3520103503184713,0,21,None,66,1,5,False,1000,1000
2242,42,unweighted,10,0.3470342356687898,0,21,None,66,1,5,False,1000,1000
2243,43,unweighted,10,0.3447452229299363,0,21,None,66,1,5,False,1000,1000
2244,44,unweighted,10,0.3471337579617834,0,21,None,66,1,5,False,1000,1000
2245,40,unweighted,10,0.3515127388535032,0,8,None,66,1,5,False,1000,1000
2246,41,unweighted,10,0.3955015923566879,0,8,None,66,1,5,False,1000,1000
2247,42,unweighted,10,0.3995820063694267,0,8,None,66,1,5,False,1000,1000
2248,43,unweighted,10,0.4084394904458598,0,8,None,66,1,5,False,1000,1000
2249,44,unweighted,10,0.4092356687898089,0,8,None,66,1,5,False,1000,1000
2250,40,unweighted,10,0.4223726114649681,0,4,None,66,1,5,False,1000,1000
2251,41,unweighted,10,0.4080414012738853,0,4,None,66,1,5,False,1000,1000
2252,42,unweighted,10,0.3773885350318471,0,4,None,66,1,5,False,1000,1000
2253,43,unweighted,10,0.3477308917197452,0,4,None,66,1,5,False,1000,1000
2254,44,unweighted,10,0.3261345541401274,0,4,None,66,1,5,False,1000,1000
2255,40,unweighted,10,0.2725915605095541,0,10,None,66,1,5,False,1000,1000
2256,41,unweighted,10,0.2228304140127388,0,10,None,66,1,5,False,1000,1000
2257,42,unweighted,10,0.2554737261146497,0,10,None,66,1,5,False,1000,1000
2258,43,unweighted,10,0.292296974522293,0,10,None,66,1,5,False,1000,1000
2259,44,unweighted,10,0.3166799363057325,0,10,None,66,1,5,False,1000,1000
2260,40,unweighted,10,0.2208399681528662,0,20,None,66,1,5,False,1000,1000
2261,41,unweighted,10,0.2204418789808917,0,20,None,66,1,5,False,1000,1000
2262,42,unweighted,10,0.2198447452229299,0,20,None,66,1,5,False,1000,1000
2263,43,unweighted,10,0.2193471337579617,0,20,None,66,1,5,False,1000,1000
2264,44,unweighted,10,0.2188495222929936,0,20,None,66,1,5,False,1000,1000
2265,40,unweighted,10,0.3953025477707006,0,22,None,66,1,5,False,1000,1000
2266,41,unweighted,10,0.3892316878980891,0,22,None,66,1,5,False,1000,1000
2267,42,unweighted,10,0.3964968152866242,0,22,None,66,1,5,False,1000,1000
2268,43,unweighted,10,0.4060509554140127,0,22,None,66,1,5,False,1000,1000
2269,44,unweighted,10,0.4139132165605095,0,22,None,66,1,5,False,1000,1000
2270,40,unweighted,10,0.4160031847133758,0,23,None,66,1,5,False,1000,1000
2271,41,unweighted,10,0.3913216560509554,0,23,None,66,1,5,False,1000,1000
2272,42,unweighted,10,0.3469347133757962,0,23,None,66,1,5,False,1000,1000
2273,43,unweighted,10,0.3038415605095541,0,23,None,66,1,5,False,1000,1000
2274,44,unweighted,10,0.2784633757961783,0,23,None,66,1,5,False,1000,1000
2275,40,unweighted,10,0.3715167197452229,0,32,None,66,1,5,False,1000,1000
2276,41,unweighted,10,0.3916202229299363,0,32,None,66,1,5,False,1000,1000
2277,42,unweighted,10,0.3954020700636942,0,32,None,66,1,5,False,1000,1000
2278,43,unweighted,10,0.3773885350318471,0,32,None,66,1,5,False,1000,1000
2279,44,unweighted,10,0.3512141719745223,0,32,None,66,1,5,False,1000,1000
2280,40,unweighted,10,0.360171178343949,0,30,None,66,1,5,False,1000,1000
2281,41,unweighted,10,0.3615644904458598,0,30,None,66,1,5,False,1000,1000
2282,42,unweighted,10,0.3617635350318471,0,30,None,66,1,5,False,1000,1000
2283,43,unweighted,10,0.3487261146496815,0,30,None,66,1,5,False,1000,1000
2284,44,unweighted,10,0.3318073248407643,0,30,None,66,1,5,False,1000,1000
2285,40,unweighted,10,0.3263335987261146,0,27,None,66,1,5,False,1000,1000
2286,41,unweighted,10,0.3435509554140127,0,27,None,66,1,5,False,1000,1000
2287,42,unweighted,10,0.3214570063694267,0,27,None,66,1,5,False,1000,1000
2288,43,unweighted,10,0.2568670382165605,0,27,None,66,1,5,False,1000,1000
2289,44,unweighted,10,0.2407444267515923,0,27,None,66,1,5,False,1000,1000
2290,40,unweighted,10,0.4353105095541401,0,0,None,66,1,5,False,1000,1000
2291,41,unweighted,10,0.3853503184713376,0,0,None,66,1,5,False,1000,1000
2292,42,unweighted,10,0.3541003184713376,0,0,None,66,1,5,False,1000,1000
2293,43,unweighted,10,0.328921178343949,0,0,None,66,1,5,False,1000,1000
2294,44,unweighted,10,0.3091162420382166,0,0,None,66,1,5,False,1000,1000
2295,40,unweighted,10,0.447452229299363,0,3,None,66,1,5,False,1000,1000
2296,41,unweighted,10,0.4262539808917197,0,3,None,66,1,5,False,1000,1000
2297,42,unweighted,10,0.3897292993630573,0,3,None,66,1,5,False,1000,1000
2298,43,unweighted,10,0.3532046178343949,0,3,None,66,1,5,False,1000,1000
2299,44,unweighted,10,0.3305135350318471,0,3,None,66,1,5,False,1000,1000
2300,40,unweighted,10,0.395999203821656,0,5,None,66,1,5,False,1000,1000
2301,41,unweighted,10,0.3816679936305732,0,5,None,66,1,5,False,1000,1000
2302,42,unweighted,10,0.4196855095541401,0,5,None,66,1,5,False,1000,1000
2303,43,unweighted,10,0.4220740445859872,0,5,None,66,1,5,False,1000,1000
2304,44,unweighted,10,0.4322253184713376,0,5,None,66,1,5,False,1000,1000
2305,40,unweighted,10,0.4296377388535032,0,6,None,66,1,5,False,1000,1000
2306,41,unweighted,10,0.4191878980891719,0,6,None,66,1,5,False,1000,1000
2307,42,unweighted,10,0.4153065286624204,0,6,None,66,1,5,False,1000,1000
2308,43,unweighted,10,0.4200835987261146,0,6,None,66,1,5,False,1000,1000
2309,44,unweighted,10,0.4153065286624204,0,6,None,66,1,5,False,1000,1000
2310,45,unweighted,10,0.3017515923566879,0,1,None,66,1,5,False,1000,1000
2311,46,unweighted,10,0.3354896496815286,0,1,None,66,1,5,False,1000,1000
2312,47,unweighted,10,0.3961982484076433,0,1,None,66,1,5,False,1000,1000
2313,48,unweighted,10,0.4119227707006369,0,1,None,66,1,5,False,1000,1000
2314,49,unweighted,10,0.4159036624203822,0,1,None,66,1,5,False,1000,1000
2315,45,unweighted,10,0.4684514331210191,0,2,None,66,1,5,False,1000,1000
2316,46,unweighted,10,0.4615843949044586,0,2,None,66,1,5,False,1000,1000
2317,47,unweighted,10,0.4544187898089172,0,2,None,66,1,5,False,1000,1000
2318,48,unweighted,10,0.442874203821656,0,2,None,66,1,5,False,1000,1000
2319,49,unweighted,10,0.4286425159235669,0,2,None,66,1,5,False,1000,1000
2320,45,unweighted,10,0.3156847133757962,0,23,None,66,1,5,False,1000,1000
2321,46,unweighted,10,0.3048367834394904,0,23,None,66,1,5,False,1000,1000
2322,47,unweighted,10,0.3815684713375796,0,23,None,66,1,5,False,1000,1000
2323,48,unweighted,10,0.3918192675159235,0,23,None,66,1,5,False,1000,1000
2324,49,unweighted,10,0.381468949044586,0,23,None,66,1,5,False,1000,1000
2325,45,unweighted,10,0.3717157643312102,0,28,None,66,1,5,False,1000,1000
2326,46,unweighted,10,0.3548964968152866,0,28,None,66,1,5,False,1000,1000
2327,47,unweighted,10,0.376890923566879,0,28,None,66,1,5,False,1000,1000
2328,48,unweighted,10,0.3992834394904458,0,28,None,66,1,5,False,1000,1000
2329,49,unweighted,10,0.4174960191082802,0,28,None,66,1,5,False,1000,1000
2330,45,unweighted,10,0.4037619426751592,0,29,None,66,1,5,False,1000,1000
2331,46,unweighted,10,0.3915207006369426,0,29,None,66,1,5,False,1000,1000
2332,47,unweighted,10,0.3867436305732484,0,29,None,66,1,5,False,1000,1000
2333,48,unweighted,10,0.3836584394904458,0,29,None,66,1,5,False,1000,1000
2334,49,unweighted,10,0.3829617834394904,0,29,None,66,1,5,False,1000,1000
2335,45,unweighted,10,0.5000995222929936,0,16,None,66,1,5,False,1000,1000
2336,46,unweighted,10,0.5054737261146497,0,16,None,66,1,5,False,1000,1000
2337,47,unweighted,10,0.5101512738853503,0,16,None,66,1,5,False,1000,1000
2338,48,unweighted,10,0.5139331210191083,0,16,None,66,1,5,False,1000,1000
2339,49,unweighted,10,0.5195063694267515,0,16,None,66,1,5,False,1000,1000
2340,45,unweighted,10,0.4471536624203822,0,32,None,66,1,5,False,1000,1000
2341,46,unweighted,10,0.4187898089171974,0,32,None,66,1,5,False,1000,1000
2342,47,unweighted,10,0.4009753184713376,0,32,None,66,1,5,False,1000,1000
2343,48,unweighted,10,0.3908240445859872,0,32,None,66,1,5,False,1000,1000
2344,49,unweighted,10,0.3827627388535032,0,32,None,66,1,5,False,1000,1000
2345,45,unweighted,10,0.38953025477707,0,15,None,66,1,5,False,1000,1000
2346,46,unweighted,10,0.3302149681528662,0,15,None,66,1,5,False,1000,1000
2347,47,unweighted,10,0.3145899681528662,0,15,None,66,1,5,False,1000,1000
2348,48,unweighted,10,0.3217555732484076,0,15,None,66,1,5,False,1000,1000
2349,49,unweighted,10,0.3218550955414013,0,15,None,66,1,5,False,1000,1000
2350,45,unweighted,10,0.3141918789808917,0,10,None,66,1,5,False,1000,1000
2351,46,unweighted,10,0.3687300955414013,0,10,None,66,1,5,False,1000,1000
2352,47,unweighted,10,0.3917197452229299,0,10,None,66,1,5,False,1000,1000
2353,48,unweighted,10,0.4080414012738853,0,10,None,66,1,5,False,1000,1000
2354,49,unweighted,10,0.4221735668789809,0,10,None,66,1,5,False,1000,1000
2355,45,unweighted,10,0.5684713375796179,0,25,None,66,1,5,False,1000,1000
2356,46,unweighted,10,0.5688694267515924,0,25,None,66,1,5,False,1000,1000
2357,47,unweighted,10,0.5704617834394905,0,25,None,66,1,5,False,1000,1000
2358,48,unweighted,10,0.5739450636942676,0,25,None,66,1,5,False,1000,1000
2359,49,unweighted,10,0.57703025477707,0,25,None,66,1,5,False,1000,1000
2360,45,unweighted,10,0.4718351910828025,0,11,None,66,1,5,False,1000,1000
2361,46,unweighted,10,0.3858479299363057,0,11,None,66,1,5,False,1000,1000
2362,47,unweighted,10,0.3246417197452229,0,11,None,66,1,5,False,1000,1000
2363,48,unweighted,10,0.2629378980891719,0,11,None,66,1,5,False,1000,1000
2364,49,unweighted,10,0.2123805732484076,0,11,None,66,1,5,False,1000,1000
2365,45,unweighted,10,0.3999800955414013,0,8,None,66,1,5,False,1000,1000
2366,46,unweighted,10,0.4074442675159235,0,8,None,66,1,5,False,1000,1000
2367,47,unweighted,10,0.4161027070063694,0,8,None,66,1,5,False,1000,1000
2368,48,unweighted,10,0.413515127388535,0,8,None,66,1,5,False,1000,1000
2369,49,unweighted,10,0.4117237261146497,0,8,None,66,1,5,False,1000,1000
2370,45,unweighted,10,0.4203821656050955,0,22,None,66,1,5,False,1000,1000
2371,46,unweighted,10,0.4233678343949044,0,22,None,66,1,5,False,1000,1000
2372,47,unweighted,10,0.4319267515923566,0,22,None,66,1,5,False,1000,1000
2373,48,unweighted,10,0.448546974522293,0,22,None,66,1,5,False,1000,1000
2374,49,unweighted,10,0.4633757961783439,0,22,None,66,1,5,False,1000,1000
2375,45,unweighted,10,0.5518511146496815,0,9,None,66,1,5,False,1000,1000
2376,46,unweighted,10,0.5866839171974523,0,9,None,66,1,5,False,1000,1000
2377,47,unweighted,10,0.603702229299363,0,9,None,66,1,5,False,1000,1000
2378,48,unweighted,10,0.6108678343949044,0,9,None,66,1,5,False,1000,1000
2379,49,unweighted,10,0.6169386942675159,0,9,None,66,1,5,False,1000,1000
2380,45,unweighted,10,0.418093152866242,0,17,None,66,1,5,False,1000,1000
2381,46,unweighted,10,0.4002786624203822,0,17,None,66,1,5,False,1000,1000
2382,47,unweighted,10,0.3891321656050955,0,17,None,66,1,5,False,1000,1000
2383,48,unweighted,10,0.3797770700636942,0,17,None,66,1,5,False,1000,1000
2384,49,unweighted,10,0.3763933121019108,0,17,None,66,1,5,False,1000,1000
2385,45,unweighted,10,0.268312101910828,0,27,None,66,1,5,False,1000,1000
2386,46,unweighted,10,0.2686106687898089,0,27,None,66,1,5,False,1000,1000
2387,47,unweighted,10,0.3286226114649681,0,27,None,66,1,5,False,1000,1000
2388,48,unweighted,10,0.3699243630573248,0,27,None,66,1,5,False,1000,1000
2389,49,unweighted,10,0.3665406050955414,0,27,None,66,1,5,False,1000,1000
2390,45,unweighted,10,0.3254378980891719,0,18,None,66,1,5,False,1000,1000
2391,46,unweighted,10,0.3129976114649681,0,18,None,66,1,5,False,1000,1000
2392,47,unweighted,10,0.3075238853503185,0,18,None,66,1,5,False,1000,1000
2393,48,unweighted,10,0.3039410828025478,0,18,None,66,1,5,False,1000,1000
2394,49,unweighted,10,0.3050358280254777,0,18,None,66,1,5,False,1000,1000
2395,45,unweighted,10,0.2118829617834395,0,31,None,66,1,5,False,1000,1000
2396,46,unweighted,10,0.2204418789808917,0,31,None,66,1,5,False,1000,1000
2397,47,unweighted,10,0.2816480891719745,0,31,None,66,1,5,False,1000,1000
2398,48,unweighted,10,0.3565883757961783,0,31,None,66,1,5,False,1000,1000
2399,49,unweighted,10,0.3556926751592357,0,31,None,66,1,5,False,1000,1000
2400,45,unweighted,10,0.4115246815286624,0,13,None,66,1,5,False,1000,1000
2401,46,unweighted,10,0.4139132165605095,0,13,None,66,1,5,False,1000,1000
2402,47,unweighted,10,0.4167993630573248,0,13,None,66,1,5,False,1000,1000
2403,48,unweighted,10,0.42078025477707,0,13,None,66,1,5,False,1000,1000
2404,49,unweighted,10,0.424562101910828,0,13,None,66,1,5,False,1000,1000
2405,45,unweighted,10,0.3864450636942675,0,19,None,66,1,5,False,1000,1000
2406,46,unweighted,10,0.4030652866242038,0,19,None,66,1,5,False,1000,1000
2407,47,unweighted,10,0.4236664012738853,0,19,None,66,1,5,False,1000,1000
2408,48,unweighted,10,0.4475517515923566,0,19,None,66,1,5,False,1000,1000
2409,49,unweighted,10,0.4730294585987261,0,19,None,66,1,5,False,1000,1000
2410,45,unweighted,10,0.3599721337579618,0,21,None,66,1,5,False,1000,1000
2411,46,unweighted,10,0.3524084394904458,0,21,None,66,1,5,False,1000,1000
2412,47,unweighted,10,0.348328025477707,0,21,None,66,1,5,False,1000,1000
2413,48,unweighted,10,0.3343949044585987,0,21,None,66,1,5,False,1000,1000
2414,49,unweighted,10,0.3201632165605095,0,21,None,66,1,5,False,1000,1000
2415,45,unweighted,10,0.3986863057324841,0,0,None,66,1,5,False,1000,1000
2416,46,unweighted,10,0.3865445859872611,0,0,None,66,1,5,False,1000,1000
2417,47,unweighted,10,0.384952229299363,0,0,None,66,1,5,False,1000,1000
2418,48,unweighted,10,0.3910230891719745,0,0,None,66,1,5,False,1000,1000
2419,49,unweighted,10,0.400577229299363,0,0,None,66,1,5,False,1000,1000
2420,45,unweighted,10,0.298765923566879,0,24,None,66,1,5,False,1000,1000
2421,46,unweighted,10,0.2892117834394904,0,24,None,66,1,5,False,1000,1000
2422,47,unweighted,10,0.2911027070063694,0,24,None,66,1,5,False,1000,1000
2423,48,unweighted,10,0.34375,0,24,None,66,1,5,False,1000,1000
2424,49,unweighted,10,0.3821656050955414,0,24,None,66,1,5,False,1000,1000
2425,45,unweighted,10,0.463077229299363,0,20,None,66,1,5,False,1000,1000
2426,46,unweighted,10,0.4710390127388535,0,20,None,66,1,5,False,1000,1000
2427,47,unweighted,10,0.4767117834394904,0,20,None,66,1,5,False,1000,1000
2428,48,unweighted,10,0.482484076433121,0,20,None,66,1,5,False,1000,1000
2429,49,unweighted,10,0.482484076433121,0,20,None,66,1,5,False,1000,1000
2430,45,unweighted,10,0.5047770700636943,0,3,None,66,1,5,False,1000,1000
2431,46,unweighted,10,0.4986066878980891,0,3,None,66,1,5,False,1000,1000
2432,47,unweighted,10,0.4621815286624204,0,3,None,66,1,5,False,1000,1000
2433,48,unweighted,10,0.4300358280254777,0,3,None,66,1,5,False,1000,1000
2434,49,unweighted,10,0.404359076433121,0,3,None,66,1,5,False,1000,1000
2435,45,unweighted,10,0.4252587579617834,0,5,None,66,1,5,False,1000,1000
2436,46,unweighted,10,0.4336186305732484,0,5,None,66,1,5,False,1000,1000
2437,47,unweighted,10,0.4534235668789809,0,5,None,66,1,5,False,1000,1000
2438,48,unweighted,10,0.4669585987261146,0,5,None,66,1,5,False,1000,1000
2439,49,unweighted,10,0.4718351910828025,0,5,None,66,1,5,False,1000,1000
2440,45,unweighted,10,0.4191878980891719,0,4,None,66,1,5,False,1000,1000
2441,46,unweighted,10,0.3917197452229299,0,4,None,66,1,5,False,1000,1000
2442,47,unweighted,10,0.3584792993630573,0,4,None,66,1,5,False,1000,1000
2443,48,unweighted,10,0.3558917197452229,0,4,None,66,1,5,False,1000,1000
2444,49,unweighted,10,0.3513136942675159,0,4,None,66,1,5,False,1000,1000
2445,45,unweighted,10,0.4142117834394904,0,7,None,66,1,5,False,1000,1000
2446,46,unweighted,10,0.3770899681528662,0,7,None,66,1,5,False,1000,1000
2447,47,unweighted,10,0.3591759554140127,0,7,None,66,1,5,False,1000,1000
2448,48,unweighted,10,0.3551950636942675,0,7,None,66,1,5,False,1000,1000
2449,49,unweighted,10,0.35828025477707,0,7,None,66,1,5,False,1000,1000
2450,45,unweighted,10,0.4352109872611465,0,6,None,66,1,5,False,1000,1000
2451,46,unweighted,10,0.4465565286624204,0,6,None,66,1,5,False,1000,1000
2452,47,unweighted,10,0.4472531847133758,0,6,None,66,1,5,False,1000,1000
2453,48,unweighted,10,0.4546178343949044,0,6,None,66,1,5,False,1000,1000
2454,49,unweighted,10,0.4578025477707006,0,6,None,66,1,5,False,1000,1000
2455,45,unweighted,10,0.5048765923566879,0,14,None,66,1,5,False,1000,1000
2456,46,unweighted,10,0.5164211783439491,0,14,None,66,1,5,False,1000,1000
2457,47,unweighted,10,0.53125,0,14,None,66,1,5,False,1000,1000
2458,48,unweighted,10,0.5450835987261147,0,14,None,66,1,5,False,1000,1000
2459,49,unweighted,10,0.5602109872611465,0,14,None,66,1,5,False,1000,1000
2460,45,unweighted,10,0.4434713375796178,0,12,None,66,1,5,False,1000,1000
2461,46,unweighted,10,0.4673566878980891,0,12,None,66,1,5,False,1000,1000
2462,47,unweighted,10,0.4969148089171974,0,12,None,66,1,5,False,1000,1000
2463,48,unweighted,10,0.5171178343949044,0,12,None,66,1,5,False,1000,1000
2464,49,unweighted,10,0.5280652866242038,0,12,None,66,1,5,False,1000,1000
2465,45,unweighted,10,0.4039609872611465,0,26,None,66,1,5,False,1000,1000
2466,46,unweighted,10,0.380374203821656,0,26,None,66,1,5,False,1000,1000
2467,47,unweighted,10,0.3737062101910828,0,26,None,66,1,5,False,1000,1000
2468,48,unweighted,10,0.3767914012738853,0,26,None,66,1,5,False,1000,1000
2469,49,unweighted,10,0.3808718152866242,0,26,None,66,1,5,False,1000,1000
2470,45,unweighted,10,0.3009554140127388,0,30,None,66,1,5,False,1000,1000
2471,46,unweighted,10,0.2878184713375796,0,30,None,66,1,5,False,1000,1000
2472,47,unweighted,10,0.2799562101910828,0,30,None,66,1,5,False,1000,1000
2473,48,unweighted,10,0.272890127388535,0,30,None,66,1,5,False,1000,1000
2474,49,unweighted,10,0.2693073248407643,0,30,None,66,1,5,False,1000,1000
2475,50,unweighted,10,0.4397890127388535,0,2,None,66,1,5,False,1000,1000
2476,51,unweighted,10,0.4343152866242038,0,2,None,66,1,5,False,1000,1000
2477,52,unweighted,10,0.430234872611465,0,2,None,66,1,5,False,1000,1000
2478,53,unweighted,10,0.4213773885350318,0,2,None,66,1,5,False,1000,1000
2479,54,unweighted,10,0.4122213375796178,0,2,None,66,1,5,False,1000,1000
2480,50,unweighted,10,0.3806727707006369,0,28,None,66,1,5,False,1000,1000
2481,51,unweighted,10,0.402468152866242,0,28,None,66,1,5,False,1000,1000
2482,52,unweighted,10,0.4265525477707006,0,28,None,66,1,5,False,1000,1000
2483,53,unweighted,10,0.4529259554140127,0,28,None,66,1,5,False,1000,1000
2484,54,unweighted,10,0.4721337579617834,0,28,None,66,1,5,False,1000,1000
2485,50,unweighted,10,0.4176950636942675,0,1,None,66,1,5,False,1000,1000
2486,51,unweighted,10,0.42078025477707,0,1,None,66,1,5,False,1000,1000
2487,52,unweighted,10,0.4204816878980891,0,1,None,66,1,5,False,1000,1000
2488,53,unweighted,10,0.4254578025477707,0,1,None,66,1,5,False,1000,1000
2489,54,unweighted,10,0.4313296178343949,0,1,None,66,1,5,False,1000,1000
2490,50,unweighted,10,0.412718949044586,0,21,None,66,1,5,False,1000,1000
2491,51,unweighted,10,0.3936106687898089,0,21,None,66,1,5,False,1000,1000
2492,52,unweighted,10,0.3883359872611465,0,21,None,66,1,5,False,1000,1000
2493,53,unweighted,10,0.3729100318471338,0,21,None,66,1,5,False,1000,1000
2494,54,unweighted,10,0.3508160828025478,0,21,None,66,1,5,False,1000,1000
2495,50,unweighted,10,0.5121417197452229,0,20,None,66,1,5,False,1000,1000
2496,51,unweighted,10,0.5169187898089171,0,20,None,66,1,5,False,1000,1000
2497,52,unweighted,10,0.5201035031847133,0,20,None,66,1,5,False,1000,1000
2498,53,unweighted,10,0.5210987261146497,0,20,None,66,1,5,False,1000,1000
2499,54,unweighted,10,0.5203025477707006,0,20,None,66,1,5,False,1000,1000
2500,50,unweighted,10,0.3897292993630573,0,23,None,66,1,5,False,1000,1000
2501,51,unweighted,10,0.3773885350318471,0,23,None,66,1,5,False,1000,1000
2502,52,unweighted,10,0.3809713375796178,0,23,None,66,1,5,False,1000,1000
2503,53,unweighted,10,0.3847531847133758,0,23,None,66,1,5,False,1000,1000
2504,54,unweighted,10,0.3879378980891719,0,23,None,66,1,5,False,1000,1000
2505,50,unweighted,10,0.371218152866242,0,32,None,66,1,5,False,1000,1000
2506,51,unweighted,10,0.3701234076433121,0,32,None,66,1,5,False,1000,1000
2507,52,unweighted,10,0.3713176751592357,0,32,None,66,1,5,False,1000,1000
2508,53,unweighted,10,0.3718152866242038,0,32,None,66,1,5,False,1000,1000
2509,54,unweighted,10,0.3730095541401274,0,32,None,66,1,5,False,1000,1000
2510,50,unweighted,10,0.3940087579617834,0,7,None,66,1,5,False,1000,1000
2511,51,unweighted,10,0.3945063694267516,0,7,None,66,1,5,False,1000,1000
2512,52,unweighted,10,0.4049562101910828,0,7,None,66,1,5,False,1000,1000
2513,53,unweighted,10,0.4159036624203822,0,7,None,66,1,5,False,1000,1000
2514,54,unweighted,10,0.4200835987261146,0,7,None,66,1,5,False,1000,1000
2515,50,unweighted,10,0.469546178343949,0,5,None,66,1,5,False,1000,1000
2516,51,unweighted,10,0.4774084394904458,0,5,None,66,1,5,False,1000,1000
2517,52,unweighted,10,0.4831807324840764,0,5,None,66,1,5,False,1000,1000
2518,53,unweighted,10,0.4888535031847134,0,5,None,66,1,5,False,1000,1000
2519,54,unweighted,10,0.495421974522293,0,5,None,66,1,5,False,1000,1000
2520,50,unweighted,10,0.418889331210191,0,26,None,66,1,5,False,1000,1000
2521,51,unweighted,10,0.4124203821656051,0,26,None,66,1,5,False,1000,1000
2522,52,unweighted,10,0.4142117834394904,0,26,None,66,1,5,False,1000,1000
2523,53,unweighted,10,0.4178941082802547,0,26,None,66,1,5,False,1000,1000
2524,54,unweighted,10,0.4229697452229299,0,26,None,66,1,5,False,1000,1000
2525,50,unweighted,10,0.4661624203821656,0,22,None,66,1,5,False,1000,1000
2526,51,unweighted,10,0.4775079617834395,0,22,None,66,1,5,False,1000,1000
2527,52,unweighted,10,0.4867635350318471,0,22,None,66,1,5,False,1000,1000
2528,53,unweighted,10,0.4986066878980891,0,22,None,66,1,5,False,1000,1000
2529,54,unweighted,10,0.5115445859872612,0,22,None,66,1,5,False,1000,1000
2530,50,unweighted,10,0.4559116242038216,0,6,None,66,1,5,False,1000,1000
2531,51,unweighted,10,0.4715366242038216,0,6,None,66,1,5,False,1000,1000
2532,52,unweighted,10,0.4835788216560509,0,6,None,66,1,5,False,1000,1000
2533,53,unweighted,10,0.4891520700636942,0,6,None,66,1,5,False,1000,1000
2534,54,unweighted,10,0.4934315286624204,0,6,None,66,1,5,False,1000,1000
2535,50,unweighted,10,0.4307324840764331,0,13,None,66,1,5,False,1000,1000
2536,51,unweighted,10,0.4363057324840764,0,13,None,66,1,5,False,1000,1000
2537,52,unweighted,10,0.4398885350318471,0,13,None,66,1,5,False,1000,1000
2538,53,unweighted,10,0.4450636942675159,0,13,None,66,1,5,False,1000,1000
2539,54,unweighted,10,0.4506369426751592,0,13,None,66,1,5,False,1000,1000
2540,50,unweighted,10,0.4972133757961783,0,12,None,66,1,5,False,1000,1000
2541,51,unweighted,10,0.5162221337579618,0,12,None,66,1,5,False,1000,1000
2542,52,unweighted,10,0.5289609872611465,0,12,None,66,1,5,False,1000,1000
2543,53,unweighted,10,0.5356289808917197,0,12,None,66,1,5,False,1000,1000
2544,54,unweighted,10,0.5408041401273885,0,12,None,66,1,5,False,1000,1000
2545,50,unweighted,10,0.5027866242038217,0,14,None,66,1,5,False,1000,1000
2546,51,unweighted,10,0.5109474522292994,0,14,None,66,1,5,False,1000,1000
2547,52,unweighted,10,0.5229896496815286,0,14,None,66,1,5,False,1000,1000
2548,53,unweighted,10,0.5380175159235668,0,14,None,66,1,5,False,1000,1000
2549,54,unweighted,10,0.5483678343949044,0,14,None,66,1,5,False,1000,1000
2550,50,unweighted,10,0.5788216560509554,0,9,None,66,1,5,False,1000,1000
2551,51,unweighted,10,0.6031050955414012,0,9,None,66,1,5,False,1000,1000
2552,52,unweighted,10,0.6098726114649682,0,9,None,66,1,5,False,1000,1000
2553,53,unweighted,10,0.6161425159235668,0,9,None,66,1,5,False,1000,1000
2554,54,unweighted,10,0.6220143312101911,0,9,None,66,1,5,False,1000,1000
2555,50,unweighted,10,0.6115644904458599,0,25,None,66,1,5,False,1000,1000
2556,51,unweighted,10,0.6130573248407644,0,25,None,66,1,5,False,1000,1000
2557,52,unweighted,10,0.6137539808917197,0,25,None,66,1,5,False,1000,1000
2558,53,unweighted,10,0.6165406050955414,0,25,None,66,1,5,False,1000,1000
2559,54,unweighted,10,0.6184315286624203,0,25,None,66,1,5,False,1000,1000
2560,50,unweighted,10,0.4780055732484076,0,29,None,66,1,5,False,1000,1000
2561,51,unweighted,10,0.4744227707006369,0,29,None,66,1,5,False,1000,1000
2562,52,unweighted,10,0.4776074840764331,0,29,None,66,1,5,False,1000,1000
2563,53,unweighted,10,0.4807921974522293,0,29,None,66,1,5,False,1000,1000
2564,54,unweighted,10,0.486265923566879,0,29,None,66,1,5,False,1000,1000
2565,50,unweighted,10,0.3854498407643312,0,24,None,66,1,5,False,1000,1000
2566,51,unweighted,10,0.3944068471337579,0,24,None,66,1,5,False,1000,1000
2567,52,unweighted,10,0.4071457006369426,0,24,None,66,1,5,False,1000,1000
2568,53,unweighted,10,0.418889331210191,0,24,None,66,1,5,False,1000,1000
2569,54,unweighted,10,0.4322253184713376,0,24,None,66,1,5,False,1000,1000
2570,50,unweighted,10,0.3732085987261146,0,27,None,66,1,5,False,1000,1000
2571,51,unweighted,10,0.3749004777070063,0,27,None,66,1,5,False,1000,1000
2572,52,unweighted,10,0.3779856687898089,0,27,None,66,1,5,False,1000,1000
2573,53,unweighted,10,0.3848527070063694,0,27,None,66,1,5,False,1000,1000
2574,54,unweighted,10,0.3791799363057325,0,27,None,66,1,5,False,1000,1000
2575,50,unweighted,10,0.2920979299363057,0,30,None,66,1,5,False,1000,1000
2576,51,unweighted,10,0.2875199044585987,0,30,None,66,1,5,False,1000,1000
2577,52,unweighted,10,0.2842356687898089,0,30,None,66,1,5,False,1000,1000
2578,53,unweighted,10,0.2819466560509554,0,30,None,66,1,5,False,1000,1000
2579,54,unweighted,10,0.2813495222929936,0,30,None,66,1,5,False,1000,1000
2580,50,unweighted,10,0.3551950636942675,0,31,None,66,1,5,False,1000,1000
2581,51,unweighted,10,0.3617635350318471,0,31,None,66,1,5,False,1000,1000
2582,52,unweighted,10,0.3734076433121019,0,31,None,66,1,5,False,1000,1000
2583,53,unweighted,10,0.383359872611465,0,31,None,66,1,5,False,1000,1000
2584,54,unweighted,10,0.391421178343949,0,31,None,66,1,5,False,1000,1000
2585,50,unweighted,10,0.3355891719745223,0,17,None,66,1,5,False,1000,1000
2586,51,unweighted,10,0.3141918789808917,0,17,None,66,1,5,False,1000,1000
2587,52,unweighted,10,0.3071257961783439,0,17,None,66,1,5,False,1000,1000
2588,53,unweighted,10,0.3019506369426751,0,17,None,66,1,5,False,1000,1000
2589,54,unweighted,10,0.297671178343949,0,17,None,66,1,5,False,1000,1000
2590,50,unweighted,10,0.4144108280254777,0,8,None,66,1,5,False,1000,1000
2591,51,unweighted,10,0.418889331210191,0,8,None,66,1,5,False,1000,1000
2592,52,unweighted,10,0.415406050955414,0,8,None,66,1,5,False,1000,1000
2593,53,unweighted,10,0.4244625796178344,0,8,None,66,1,5,False,1000,1000
2594,54,unweighted,10,0.4481488853503185,0,8,None,66,1,5,False,1000,1000
2595,50,unweighted,10,0.5109474522292994,0,16,None,66,1,5,False,1000,1000
2596,51,unweighted,10,0.5142316878980892,0,16,None,66,1,5,False,1000,1000
2597,52,unweighted,10,0.5182125796178344,0,16,None,66,1,5,False,1000,1000
2598,53,unweighted,10,0.5231886942675159,0,16,None,66,1,5,False,1000,1000
2599,54,unweighted,10,0.5265724522292994,0,16,None,66,1,5,False,1000,1000
2600,50,unweighted,10,0.3935111464968153,0,18,None,66,1,5,False,1000,1000
2601,51,unweighted,10,0.3904259554140127,0,18,None,66,1,5,False,1000,1000
2602,52,unweighted,10,0.3905254777070063,0,18,None,66,1,5,False,1000,1000
2603,53,unweighted,10,0.391421178343949,0,18,None,66,1,5,False,1000,1000
2604,54,unweighted,10,0.3931130573248407,0,18,None,66,1,5,False,1000,1000
2605,50,unweighted,10,0.4161027070063694,0,0,None,66,1,5,False,1000,1000
2606,51,unweighted,10,0.4331210191082802,0,0,None,66,1,5,False,1000,1000
2607,52,unweighted,10,0.4396894904458598,0,0,None,66,1,5,False,1000,1000
2608,53,unweighted,10,0.4563097133757962,0,0,None,66,1,5,False,1000,1000
2609,54,unweighted,10,0.4740246815286624,0,0,None,66,1,5,False,1000,1000
2610,50,unweighted,10,0.4151074840764331,0,19,None,66,1,5,False,1000,1000
2611,51,unweighted,10,0.4404856687898089,0,19,None,66,1,5,False,1000,1000
2612,52,unweighted,10,0.4655652866242038,0,19,None,66,1,5,False,1000,1000
2613,53,unweighted,10,0.4858678343949044,0,19,None,66,1,5,False,1000,1000
2614,54,unweighted,10,0.4900477707006369,0,19,None,66,1,5,False,1000,1000
2615,50,unweighted,10,0.4386942675159235,0,4,None,66,1,5,False,1000,1000
2616,51,unweighted,10,0.4479498407643312,0,4,None,66,1,5,False,1000,1000
2617,52,unweighted,10,0.4482484076433121,0,4,None,66,1,5,False,1000,1000
2618,53,unweighted,10,0.4537221337579618,0,4,None,66,1,5,False,1000,1000
2619,54,unweighted,10,0.4564092356687898,0,4,None,66,1,5,False,1000,1000
2620,50,unweighted,10,0.3958996815286624,0,10,None,66,1,5,False,1000,1000
2621,51,unweighted,10,0.4087380573248407,0,10,None,66,1,5,False,1000,1000
2622,52,unweighted,10,0.417296974522293,0,10,None,66,1,5,False,1000,1000
2623,53,unweighted,10,0.4357085987261146,0,10,None,66,1,5,False,1000,1000
2624,54,unweighted,10,0.4616839171974522,0,10,None,66,1,5,False,1000,1000
2625,50,unweighted,10,0.4411823248407643,0,3,None,66,1,5,False,1000,1000
2626,51,unweighted,10,0.4254578025477707,0,3,None,66,1,5,False,1000,1000
2627,52,unweighted,10,0.4130175159235669,0,3,None,66,1,5,False,1000,1000
2628,53,unweighted,10,0.409733280254777,0,3,None,66,1,5,False,1000,1000
2629,54,unweighted,10,0.3539012738853503,0,3,None,66,1,5,False,1000,1000
2630,50,unweighted,10,0.3928144904458598,0,11,None,66,1,5,False,1000,1000
2631,51,unweighted,10,0.3470342356687898,0,11,None,66,1,5,False,1000,1000
2632,52,unweighted,10,0.2879179936305732,0,11,None,66,1,5,False,1000,1000
2633,53,unweighted,10,0.2186504777070063,0,11,None,66,1,5,False,1000,1000
2634,54,unweighted,10,0.2001393312101911,0,11,None,66,1,5,False,1000,1000
2635,50,unweighted,10,0.373109076433121,0,15,None,66,1,5,False,1000,1000
2636,51,unweighted,10,0.367734872611465,0,15,None,66,1,5,False,1000,1000
2637,52,unweighted,10,0.3773885350318471,0,15,None,66,1,5,False,1000,1000
2638,53,unweighted,10,0.3874402866242038,0,15,None,66,1,5,False,1000,1000
2639,54,unweighted,10,0.3980891719745223,0,15,None,66,1,5,False,1000,1000
4125,55,unweighted,10,0.5171178343949044,0,16,None,66,1,5,False,1000,1000
4126,56,unweighted,10,0.5200039808917197,0,16,None,66,1,5,False,1000,1000
4127,57,unweighted,10,0.5245820063694268,0,16,None,66,1,5,False,1000,1000
4128,58,unweighted,10,0.527468152866242,0,16,None,66,1,5,False,1000,1000
4129,59,unweighted,10,0.5317476114649682,0,16,None,66,1,5,False,1000,1000
4130,55,unweighted,10,0.4671576433121019,0,20,None,66,1,5,False,1000,1000
4131,56,unweighted,10,0.4809912420382166,0,20,None,66,1,5,False,1000,1000
4132,57,unweighted,10,0.4961186305732484,0,20,None,66,1,5,False,1000,1000
4133,58,unweighted,10,0.4926353503184713,0,20,None,66,1,5,False,1000,1000
4134,59,unweighted,10,0.4812898089171974,0,20,None,66,1,5,False,1000,1000
4135,55,unweighted,10,0.596437101910828,0,14,None,66,1,5,False,1000,1000
4136,56,unweighted,10,0.5962380573248408,0,14,None,66,1,5,False,1000,1000
4137,57,unweighted,10,0.5950437898089171,0,14,None,66,1,5,False,1000,1000
4138,58,unweighted,10,0.5965366242038217,0,14,None,66,1,5,False,1000,1000
4139,59,unweighted,10,0.5991242038216561,0,14,None,66,1,5,False,1000,1000
4140,55,unweighted,10,0.4931329617834395,0,22,None,66,1,5,False,1000,1000
4141,56,unweighted,10,0.5043789808917197,0,22,None,66,1,5,False,1000,1000
4142,57,unweighted,10,0.5178144904458599,0,22,None,66,1,5,False,1000,1000
4143,58,unweighted,10,0.5256767515923567,0,22,None,66,1,5,False,1000,1000
4144,59,unweighted,10,0.5359275477707006,0,22,None,66,1,5,False,1000,1000
4145,55,unweighted,10,0.3278264331210191,0,17,None,66,1,5,False,1000,1000
4146,56,unweighted,10,0.3211584394904458,0,17,None,66,1,5,False,1000,1000
4147,57,unweighted,10,0.3177746815286624,0,17,None,66,1,5,False,1000,1000
4148,58,unweighted,10,0.3158837579617834,0,17,None,66,1,5,False,1000,1000
4149,59,unweighted,10,0.3164808917197452,0,17,None,66,1,5,False,1000,1000
4150,55,unweighted,10,0.6049960191082803,0,25,None,66,1,5,False,1000,1000
4151,56,unweighted,10,0.604796974522293,0,25,None,66,1,5,False,1000,1000
4152,57,unweighted,10,0.6072850318471338,0,25,None,66,1,5,False,1000,1000
4153,58,unweighted,10,0.6091759554140127,0,25,None,66,1,5,False,1000,1000
4154,59,unweighted,10,0.6108678343949044,0,25,None,66,1,5,False,1000,1000
4155,55,unweighted,10,0.5284633757961783,0,12,None,66,1,5,False,1000,1000
4156,56,unweighted,10,0.535828025477707,0,12,None,66,1,5,False,1000,1000
4157,57,unweighted,10,0.5416003184713376,0,12,None,66,1,5,False,1000,1000
4158,58,unweighted,10,0.5489649681528662,0,12,None,66,1,5,False,1000,1000
4159,59,unweighted,10,0.559812898089172,0,12,None,66,1,5,False,1000,1000
4160,55,unweighted,10,0.487062101910828,0,26,None,66,1,5,False,1000,1000
4161,56,unweighted,10,0.4831807324840764,0,26,None,66,1,5,False,1000,1000
4162,57,unweighted,10,0.4856687898089172,0,26,None,66,1,5,False,1000,1000
4163,58,unweighted,10,0.4896496815286624,0,26,None,66,1,5,False,1000,1000
4164,59,unweighted,10,0.4932324840764331,0,26,None,66,1,5,False,1000,1000
4165,55,unweighted,10,0.4248606687898089,0,24,None,66,1,5,False,1000,1000
4166,56,unweighted,10,0.4421775477707006,0,24,None,66,1,5,False,1000,1000
4167,57,unweighted,10,0.4607882165605095,0,24,None,66,1,5,False,1000,1000
4168,58,unweighted,10,0.4766122611464968,0,24,None,66,1,5,False,1000,1000
4169,59,unweighted,10,0.491640127388535,0,24,None,66,1,5,False,1000,1000
4170,55,unweighted,10,0.3852507961783439,0,31,None,66,1,5,False,1000,1000
4171,56,unweighted,10,0.3951035031847134,0,31,None,66,1,5,False,1000,1000
4172,57,unweighted,10,0.4038614649681528,0,31,None,66,1,5,False,1000,1000
4173,58,unweighted,10,0.4095342356687898,0,31,None,66,1,5,False,1000,1000
4174,59,unweighted,10,0.4148089171974522,0,31,None,66,1,5,False,1000,1000
4175,55,unweighted,10,0.4623805732484076,0,7,None,66,1,5,False,1000,1000
4176,56,unweighted,10,0.4750199044585987,0,7,None,66,1,5,False,1000,1000
4177,57,unweighted,10,0.4809912420382166,0,7,None,66,1,5,False,1000,1000
4178,58,unweighted,10,0.488953025477707,0,7,None,66,1,5,False,1000,1000
4179,59,unweighted,10,0.4990047770700637,0,7,None,66,1,5,False,1000,1000
4180,55,unweighted,10,0.3834593949044586,0,32,None,66,1,5,False,1000,1000
4181,56,unweighted,10,0.3831608280254777,0,32,None,66,1,5,False,1000,1000
4182,57,unweighted,10,0.3852507961783439,0,32,None,66,1,5,False,1000,1000
4183,58,unweighted,10,0.3880374203821656,0,32,None,66,1,5,False,1000,1000
4184,59,unweighted,10,0.3900278662420382,0,32,None,66,1,5,False,1000,1000
4185,55,unweighted,10,0.4406847133757962,0,1,None,66,1,5,False,1000,1000
4186,56,unweighted,10,0.4446656050955414,0,1,None,66,1,5,False,1000,1000
4187,57,unweighted,10,0.4514331210191082,0,1,None,66,1,5,False,1000,1000
4188,58,unweighted,10,0.4585987261146497,0,1,None,66,1,5,False,1000,1000
4189,59,unweighted,10,0.4648686305732484,0,1,None,66,1,5,False,1000,1000
4190,55,unweighted,10,0.4347133757961783,0,2,None,66,1,5,False,1000,1000
4191,56,unweighted,10,0.4424761146496815,0,2,None,66,1,5,False,1000,1000
4192,57,unweighted,10,0.4392914012738853,0,2,None,66,1,5,False,1000,1000
4193,58,unweighted,10,0.4359076433121019,0,2,None,66,1,5,False,1000,1000
4194,59,unweighted,10,0.4320262738853503,0,2,None,66,1,5,False,1000,1000
4195,55,unweighted,10,0.4950238853503185,0,0,None,66,1,5,False,1000,1000
4196,56,unweighted,10,0.5074641719745223,0,0,None,66,1,5,False,1000,1000
4197,57,unweighted,10,0.5133359872611465,0,0,None,66,1,5,False,1000,1000
4198,58,unweighted,10,0.5149283439490446,0,0,None,66,1,5,False,1000,1000
4199,59,unweighted,10,0.5197054140127388,0,0,None,66,1,5,False,1000,1000
4200,55,unweighted,10,0.4863654458598726,0,5,None,66,1,5,False,1000,1000
4201,56,unweighted,10,0.4904458598726114,0,5,None,66,1,5,False,1000,1000
4202,57,unweighted,10,0.4983081210191082,0,5,None,66,1,5,False,1000,1000
4203,58,unweighted,10,0.5048765923566879,0,5,None,66,1,5,False,1000,1000
4204,59,unweighted,10,0.5123407643312102,0,5,None,66,1,5,False,1000,1000
4205,55,unweighted,10,0.5895700636942676,0,9,None,66,1,5,False,1000,1000
4206,56,unweighted,10,0.6056926751592356,0,9,None,66,1,5,False,1000,1000
4207,57,unweighted,10,0.612062101910828,0,9,None,66,1,5,False,1000,1000
4208,58,unweighted,10,0.6183320063694268,0,9,None,66,1,5,False,1000,1000
4209,59,unweighted,10,0.625,0,9,None,66,1,5,False,1000,1000
4210,55,unweighted,10,0.4924363057324841,0,13,None,66,1,5,False,1000,1000
4211,56,unweighted,10,0.4964171974522293,0,13,None,66,1,5,False,1000,1000
4212,57,unweighted,10,0.4994028662420382,0,13,None,66,1,5,False,1000,1000
4213,58,unweighted,10,0.5017914012738853,0,13,None,66,1,5,False,1000,1000
4214,59,unweighted,10,0.4984076433121019,0,13,None,66,1,5,False,1000,1000
4215,55,unweighted,10,0.3973925159235669,0,23,None,66,1,5,False,1000,1000
4216,56,unweighted,10,0.4003781847133758,0,23,None,66,1,5,False,1000,1000
4217,57,unweighted,10,0.40515525477707,0,23,None,66,1,5,False,1000,1000
4218,58,unweighted,10,0.4148089171974522,0,23,None,66,1,5,False,1000,1000
4219,59,unweighted,10,0.4250597133757962,0,23,None,66,1,5,False,1000,1000
4220,55,unweighted,10,0.4557125796178344,0,29,None,66,1,5,False,1000,1000
4221,56,unweighted,10,0.4530254777070063,0,29,None,66,1,5,False,1000,1000
4222,57,unweighted,10,0.4551154458598726,0,29,None,66,1,5,False,1000,1000
4223,58,unweighted,10,0.4583996815286624,0,29,None,66,1,5,False,1000,1000
4224,59,unweighted,10,0.4610867834394904,0,29,None,66,1,5,False,1000,1000
4225,55,unweighted,10,0.4383957006369426,0,28,None,66,1,5,False,1000,1000
4226,56,unweighted,10,0.4654657643312102,0,28,None,66,1,5,False,1000,1000
4227,57,unweighted,10,0.4829816878980891,0,28,None,66,1,5,False,1000,1000
4228,58,unweighted,10,0.4913415605095541,0,28,None,66,1,5,False,1000,1000
4229,59,unweighted,10,0.4944267515923566,0,28,None,66,1,5,False,1000,1000
4230,55,unweighted,10,0.4667595541401274,0,3,None,66,1,5,False,1000,1000
4231,56,unweighted,10,0.4386942675159235,0,3,None,66,1,5,False,1000,1000
4232,57,unweighted,10,0.3500199044585987,0,3,None,66,1,5,False,1000,1000
4233,58,unweighted,10,0.3226512738853503,0,3,None,66,1,5,False,1000,1000
4234,59,unweighted,10,0.3017515923566879,0,3,None,66,1,5,False,1000,1000
4235,55,unweighted,10,0.4971138535031847,0,4,None,66,1,5,False,1000,1000
4236,56,unweighted,10,0.5098527070063694,0,4,None,66,1,5,False,1000,1000
4237,57,unweighted,10,0.5187101910828026,0,4,None,66,1,5,False,1000,1000
4238,58,unweighted,10,0.5238853503184714,0,4,None,66,1,5,False,1000,1000
4239,59,unweighted,10,0.533140923566879,0,4,None,66,1,5,False,1000,1000
4240,55,unweighted,10,0.4191878980891719,0,10,None,66,1,5,False,1000,1000
4241,56,unweighted,10,0.4346138535031847,0,10,None,66,1,5,False,1000,1000
4242,57,unweighted,10,0.4583996815286624,0,10,None,66,1,5,False,1000,1000
4243,58,unweighted,10,0.480593152866242,0,10,None,66,1,5,False,1000,1000
4244,59,unweighted,10,0.4939291401273885,0,10,None,66,1,5,False,1000,1000
4245,55,unweighted,10,0.3630573248407643,0,11,None,66,1,5,False,1000,1000
4246,56,unweighted,10,0.3193670382165605,0,11,None,66,1,5,False,1000,1000
4247,57,unweighted,10,0.2742834394904458,0,11,None,66,1,5,False,1000,1000
4248,58,unweighted,10,0.2037221337579617,0,11,None,66,1,5,False,1000,1000
4249,59,unweighted,10,0.1990445859872611,0,11,None,66,1,5,False,1000,1000
4250,55,unweighted,10,0.3947054140127388,0,15,None,66,1,5,False,1000,1000
4251,56,unweighted,10,0.4007762738853503,0,15,None,66,1,5,False,1000,1000
4252,57,unweighted,10,0.4093351910828025,0,15,None,66,1,5,False,1000,1000
4253,58,unweighted,10,0.4169984076433121,0,15,None,66,1,5,False,1000,1000
4254,59,unweighted,10,0.4262539808917197,0,15,None,66,1,5,False,1000,1000
4255,55,unweighted,10,0.3939092356687898,0,27,None,66,1,5,False,1000,1000
4256,56,unweighted,10,0.3863455414012738,0,27,None,66,1,5,False,1000,1000
4257,57,unweighted,10,0.3944068471337579,0,27,None,66,1,5,False,1000,1000
4258,58,unweighted,10,0.4039609872611465,0,27,None,66,1,5,False,1000,1000
4259,59,unweighted,10,0.4165007961783439,0,27,None,66,1,5,False,1000,1000
4260,55,unweighted,10,0.3539012738853503,0,30,None,66,1,5,False,1000,1000
4261,56,unweighted,10,0.3198646496815286,0,30,None,66,1,5,False,1000,1000
4262,57,unweighted,10,0.3097133757961783,0,30,None,66,1,5,False,1000,1000
4263,58,unweighted,10,0.3083200636942675,0,30,None,66,1,5,False,1000,1000
4264,59,unweighted,10,0.3092157643312102,0,30,None,66,1,5,False,1000,1000
4265,55,unweighted,10,0.5,0,6,None,66,1,5,False,1000,1000
4266,56,unweighted,10,0.5067675159235668,0,6,None,66,1,5,False,1000,1000
4267,57,unweighted,10,0.5087579617834395,0,6,None,66,1,5,False,1000,1000
4268,58,unweighted,10,0.5104498407643312,0,6,None,66,1,5,False,1000,1000
4269,59,unweighted,10,0.5105493630573248,0,6,None,66,1,5,False,1000,1000
4270,55,unweighted,10,0.4317277070063694,0,8,None,66,1,5,False,1000,1000
4271,56,unweighted,10,0.4414808917197452,0,8,None,66,1,5,False,1000,1000
4272,57,unweighted,10,0.4611863057324841,0,8,None,66,1,5,False,1000,1000
4273,58,unweighted,10,0.4774084394904458,0,8,None,66,1,5,False,1000,1000
4274,59,unweighted,10,0.4871616242038216,0,8,None,66,1,5,False,1000,1000
4275,55,unweighted,10,0.4156050955414013,0,18,None,66,1,5,False,1000,1000
4276,56,unweighted,10,0.4136146496815286,0,18,None,66,1,5,False,1000,1000
4277,57,unweighted,10,0.4151074840764331,0,18,None,66,1,5,False,1000,1000
4278,58,unweighted,10,0.4157046178343949,0,18,None,66,1,5,False,1000,1000
4279,59,unweighted,10,0.4168988853503185,0,18,None,66,1,5,False,1000,1000
4280,55,unweighted,10,0.4913415605095541,0,19,None,66,1,5,False,1000,1000
4281,56,unweighted,10,0.4945262738853503,0,19,None,66,1,5,False,1000,1000
4282,57,unweighted,10,0.4947253184713376,0,19,None,66,1,5,False,1000,1000
4283,58,unweighted,10,0.4996019108280254,0,19,None,66,1,5,False,1000,1000
4284,59,unweighted,10,0.5117436305732485,0,19,None,66,1,5,False,1000,1000
4285,55,unweighted,10,0.4192874203821656,0,21,None,66,1,5,False,1000,1000
4286,56,unweighted,10,0.422671178343949,0,21,None,66,1,5,False,1000,1000
4287,57,unweighted,10,0.4265525477707006,0,21,None,66,1,5,False,1000,1000
4288,58,unweighted,10,0.4266520700636942,0,21,None,66,1,5,False,1000,1000
4289,59,unweighted,10,0.4269506369426751,0,21,None,66,1,5,False,1000,1000
4290,60,unweighted,10,0.4118232484076433,0,30,None,66,1,5,False,1000,1000
4291,61,unweighted,10,0.4049562101910828,0,30,None,66,1,5,False,1000,1000
4292,62,unweighted,10,0.4035628980891719,0,30,None,66,1,5,False,1000,1000
4293,63,unweighted,10,0.4031648089171974,0,30,None,66,1,5,False,1000,1000
4294,64,unweighted,10,0.4046576433121019,0,30,None,66,1,5,False,1000,1000
4295,60,unweighted,10,0.5953423566878981,0,14,None,66,1,5,False,1000,1000
4296,61,unweighted,10,0.599422770700637,0,14,None,66,1,5,False,1000,1000
4297,62,unweighted,10,0.6030055732484076,0,14,None,66,1,5,False,1000,1000
4298,63,unweighted,10,0.6075835987261147,0,14,None,66,1,5,False,1000,1000
4299,64,unweighted,10,0.61046974522293,0,14,None,66,1,5,False,1000,1000
4300,60,unweighted,10,0.5460788216560509,0,22,None,66,1,5,False,1000,1000
4301,61,unweighted,10,0.5543391719745223,0,22,None,66,1,5,False,1000,1000
4302,62,unweighted,10,0.560609076433121,0,22,None,66,1,5,False,1000,1000
4303,63,unweighted,10,0.5640923566878981,0,22,None,66,1,5,False,1000,1000
4304,64,unweighted,10,0.5667794585987261,0,22,None,66,1,5,False,1000,1000
4305,60,unweighted,10,0.4968152866242038,0,19,None,66,1,5,False,1000,1000
4306,61,unweighted,10,0.5034832802547771,0,19,None,66,1,5,False,1000,1000
4307,62,unweighted,10,0.5164211783439491,0,19,None,66,1,5,False,1000,1000
4308,63,unweighted,10,0.5192078025477707,0,19,None,66,1,5,False,1000,1000
4309,64,unweighted,10,0.5334394904458599,0,19,None,66,1,5,False,1000,1000
4310,60,unweighted,10,0.4631767515923566,0,10,None,66,1,5,False,1000,1000
4311,61,unweighted,10,0.4829816878980891,0,10,None,66,1,5,False,1000,1000
4312,62,unweighted,10,0.4953224522292994,0,10,None,66,1,5,False,1000,1000
4313,63,unweighted,10,0.5024880573248408,0,10,None,66,1,5,False,1000,1000
4314,64,unweighted,10,0.5080613057324841,0,10,None,66,1,5,False,1000,1000
4315,60,unweighted,10,0.3444466560509554,0,11,None,66,1,5,False,1000,1000
4316,61,unweighted,10,0.3210589171974522,0,11,None,66,1,5,False,1000,1000
4317,62,unweighted,10,0.2945859872611465,0,11,None,66,1,5,False,1000,1000
4318,63,unweighted,10,0.2730891719745223,0,11,None,66,1,5,False,1000,1000
4319,64,unweighted,10,0.2633359872611465,0,11,None,66,1,5,False,1000,1000
4320,60,unweighted,10,0.4407842356687898,0,15,None,66,1,5,False,1000,1000
4321,61,unweighted,10,0.4475517515923566,0,15,None,66,1,5,False,1000,1000
4322,62,unweighted,10,0.457703025477707,0,15,None,66,1,5,False,1000,1000
4323,63,unweighted,10,0.4678542993630573,0,15,None,66,1,5,False,1000,1000
4324,64,unweighted,10,0.4745222929936306,0,15,None,66,1,5,False,1000,1000
4325,60,unweighted,10,0.508359872611465,0,20,None,66,1,5,False,1000,1000
4326,61,unweighted,10,0.4951234076433121,0,20,None,66,1,5,False,1000,1000
4327,62,unweighted,10,0.4753184713375796,0,20,None,66,1,5,False,1000,1000
4328,63,unweighted,10,0.4653662420382166,0,20,None,66,1,5,False,1000,1000
4329,64,unweighted,10,0.4542197452229299,0,20,None,66,1,5,False,1000,1000
4330,60,unweighted,10,0.367734872611465,0,17,None,66,1,5,False,1000,1000
4331,61,unweighted,10,0.3611664012738853,0,17,None,66,1,5,False,1000,1000
4332,62,unweighted,10,0.3649482484076433,0,17,None,66,1,5,False,1000,1000
4333,63,unweighted,10,0.372014331210191,0,17,None,66,1,5,False,1000,1000
4334,64,unweighted,10,0.3790804140127388,0,17,None,66,1,5,False,1000,1000
4335,60,unweighted,10,0.4830812101910828,0,24,None,66,1,5,False,1000,1000
4336,61,unweighted,10,0.4951234076433121,0,24,None,66,1,5,False,1000,1000
4337,62,unweighted,10,0.5034832802547771,0,24,None,66,1,5,False,1000,1000
4338,63,unweighted,10,0.5096536624203821,0,24,None,66,1,5,False,1000,1000
4339,64,unweighted,10,0.5128383757961783,0,24,None,66,1,5,False,1000,1000
4340,60,unweighted,10,0.4786027070063694,0,1,None,66,1,5,False,1000,1000
4341,61,unweighted,10,0.4842754777070063,0,1,None,66,1,5,False,1000,1000
4342,62,unweighted,10,0.4905453821656051,0,1,None,66,1,5,False,1000,1000
4343,63,unweighted,10,0.498109076433121,0,1,None,66,1,5,False,1000,1000
4344,64,unweighted,10,0.5054737261146497,0,1,None,66,1,5,False,1000,1000
4345,60,unweighted,10,0.4701433121019108,0,2,None,66,1,5,False,1000,1000
4346,61,unweighted,10,0.4590963375796178,0,2,None,66,1,5,False,1000,1000
4347,62,unweighted,10,0.4436703821656051,0,2,None,66,1,5,False,1000,1000
4348,63,unweighted,10,0.4273487261146497,0,2,None,66,1,5,False,1000,1000
4349,64,unweighted,10,0.4138136942675159,0,2,None,66,1,5,False,1000,1000
4350,60,unweighted,10,0.5421974522292994,0,0,None,66,1,5,False,1000,1000
4351,61,unweighted,10,0.5429936305732485,0,0,None,66,1,5,False,1000,1000
4352,62,unweighted,10,0.5477707006369427,0,0,None,66,1,5,False,1000,1000
4353,63,unweighted,10,0.553343949044586,0,0,None,66,1,5,False,1000,1000
4354,64,unweighted,10,0.5571257961783439,0,0,None,66,1,5,False,1000,1000
4355,60,unweighted,10,0.5065684713375797,0,5,None,66,1,5,False,1000,1000
4356,61,unweighted,10,0.5146297770700637,0,5,None,66,1,5,False,1000,1000
4357,62,unweighted,10,0.5232882165605095,0,5,None,66,1,5,False,1000,1000
4358,63,unweighted,10,0.5304538216560509,0,5,None,66,1,5,False,1000,1000
4359,64,unweighted,10,0.5374203821656051,0,5,None,66,1,5,False,1000,1000
4360,60,unweighted,10,0.6014132165605095,0,9,None,66,1,5,False,1000,1000
4361,61,unweighted,10,0.6085788216560509,0,9,None,66,1,5,False,1000,1000
4362,62,unweighted,10,0.6161425159235668,0,9,None,66,1,5,False,1000,1000
4363,63,unweighted,10,0.6225119426751592,0,9,None,66,1,5,False,1000,1000
4364,64,unweighted,10,0.6288813694267515,0,9,None,66,1,5,False,1000,1000
4365,60,unweighted,10,0.4611863057324841,0,23,None,66,1,5,False,1000,1000
4366,61,unweighted,10,0.4693471337579618,0,23,None,66,1,5,False,1000,1000
4367,62,unweighted,10,0.475218949044586,0,23,None,66,1,5,False,1000,1000
4368,63,unweighted,10,0.4825835987261146,0,23,None,66,1,5,False,1000,1000
4369,64,unweighted,10,0.4885549363057325,0,23,None,66,1,5,False,1000,1000
4370,60,unweighted,10,0.4580015923566879,0,21,None,66,1,5,False,1000,1000
4371,61,unweighted,10,0.4642714968152866,0,21,None,66,1,5,False,1000,1000
4372,62,unweighted,10,0.4685509554140127,0,21,None,66,1,5,False,1000,1000
4373,63,unweighted,10,0.4700437898089172,0,21,None,66,1,5,False,1000,1000
4374,64,unweighted,10,0.4705414012738853,0,21,None,66,1,5,False,1000,1000
4375,60,unweighted,10,0.4938296178343949,0,28,None,66,1,5,False,1000,1000
4376,61,unweighted,10,0.4978105095541401,0,28,None,66,1,5,False,1000,1000
4377,62,unweighted,10,0.50109474522293,0,28,None,66,1,5,False,1000,1000
4378,63,unweighted,10,0.5023885350318471,0,28,None,66,1,5,False,1000,1000
4379,64,unweighted,10,0.5033837579617835,0,28,None,66,1,5,False,1000,1000
4380,60,unweighted,10,0.4703423566878981,0,29,None,66,1,5,False,1000,1000
4381,61,unweighted,10,0.4692476114649681,0,29,None,66,1,5,False,1000,1000
4382,62,unweighted,10,0.471437101910828,0,29,None,66,1,5,False,1000,1000
4383,63,unweighted,10,0.4743232484076433,0,29,None,66,1,5,False,1000,1000
4384,64,unweighted,10,0.4777070063694267,0,29,None,66,1,5,False,1000,1000
4385,60,unweighted,10,0.4144108280254777,0,32,None,66,1,5,False,1000,1000
4386,61,unweighted,10,0.4174960191082802,0,32,None,66,1,5,False,1000,1000
4387,62,unweighted,10,0.4222730891719745,0,32,None,66,1,5,False,1000,1000
4388,63,unweighted,10,0.4282444267515923,0,32,None,66,1,5,False,1000,1000
4389,64,unweighted,10,0.4344148089171974,0,32,None,66,1,5,False,1000,1000
4390,60,unweighted,10,0.5588176751592356,0,4,None,66,1,5,False,1000,1000
4391,61,unweighted,10,0.5619028662420382,0,4,None,66,1,5,False,1000,1000
4392,62,unweighted,10,0.5650875796178344,0,4,None,66,1,5,False,1000,1000
4393,63,unweighted,10,0.5687699044585988,0,4,None,66,1,5,False,1000,1000
4394,64,unweighted,10,0.5730493630573248,0,4,None,66,1,5,False,1000,1000
4395,60,unweighted,10,0.5152269108280255,0,6,None,66,1,5,False,1000,1000
4396,61,unweighted,10,0.5166202229299363,0,6,None,66,1,5,False,1000,1000
4397,62,unweighted,10,0.517515923566879,0,6,None,66,1,5,False,1000,1000
4398,63,unweighted,10,0.5190087579617835,0,6,None,66,1,5,False,1000,1000
4399,64,unweighted,10,0.5207006369426752,0,6,None,66,1,5,False,1000,1000
4400,60,unweighted,10,0.536922770700637,0,12,None,66,1,5,False,1000,1000
4401,61,unweighted,10,0.544187898089172,0,12,None,66,1,5,False,1000,1000
4402,62,unweighted,10,0.5519506369426752,0,12,None,66,1,5,False,1000,1000
4403,63,unweighted,10,0.5629976114649682,0,12,None,66,1,5,False,1000,1000
4404,64,unweighted,10,0.5771297770700637,0,12,None,66,1,5,False,1000,1000
4405,60,unweighted,10,0.5237858280254777,0,13,None,66,1,5,False,1000,1000
4406,61,unweighted,10,0.5205015923566879,0,13,None,66,1,5,False,1000,1000
4407,62,unweighted,10,0.5184116242038217,0,13,None,66,1,5,False,1000,1000
4408,63,unweighted,10,0.5164211783439491,0,13,None,66,1,5,False,1000,1000
4409,64,unweighted,10,0.5152269108280255,0,13,None,66,1,5,False,1000,1000
4410,60,unweighted,10,0.6392316878980892,0,25,None,66,1,5,False,1000,1000
4411,61,unweighted,10,0.6396297770700637,0,25,None,66,1,5,False,1000,1000
4412,62,unweighted,10,0.6399283439490446,0,25,None,66,1,5,False,1000,1000
4413,63,unweighted,10,0.6413216560509554,0,25,None,66,1,5,False,1000,1000
4414,64,unweighted,10,0.6428144904458599,0,25,None,66,1,5,False,1000,1000
4415,60,unweighted,10,0.4764132165605095,0,3,None,66,1,5,False,1000,1000
4416,61,unweighted,10,0.3728105095541401,0,3,None,66,1,5,False,1000,1000
4417,62,unweighted,10,0.3462380573248407,0,3,None,66,1,5,False,1000,1000
4418,63,unweighted,10,0.3293192675159235,0,3,None,66,1,5,False,1000,1000
4419,64,unweighted,10,0.3202627388535032,0,3,None,66,1,5,False,1000,1000
4420,60,unweighted,10,0.5147292993630573,0,26,None,66,1,5,False,1000,1000
4421,61,unweighted,10,0.5177149681528662,0,26,None,66,1,5,False,1000,1000
4422,62,unweighted,10,0.5213972929936306,0,26,None,66,1,5,False,1000,1000
4423,63,unweighted,10,0.524781050955414,0,26,None,66,1,5,False,1000,1000
4424,64,unweighted,10,0.5275676751592356,0,26,None,66,1,5,False,1000,1000
4425,60,unweighted,10,0.4977109872611465,0,7,None,66,1,5,False,1000,1000
4426,61,unweighted,10,0.5067675159235668,0,7,None,66,1,5,False,1000,1000
4427,62,unweighted,10,0.511843152866242,0,7,None,66,1,5,False,1000,1000
4428,63,unweighted,10,0.51671974522293,0,7,None,66,1,5,False,1000,1000
4429,64,unweighted,10,0.521297770700637,0,7,None,66,1,5,False,1000,1000
4430,60,unweighted,10,0.4611863057324841,0,8,None,66,1,5,False,1000,1000
4431,61,unweighted,10,0.477906050955414,0,8,None,66,1,5,False,1000,1000
4432,62,unweighted,10,0.488953025477707,0,8,None,66,1,5,False,1000,1000
4433,63,unweighted,10,0.4974124203821656,0,8,None,66,1,5,False,1000,1000
4434,64,unweighted,10,0.5071656050955414,0,8,None,66,1,5,False,1000,1000
4435,60,unweighted,10,0.5261743630573248,0,16,None,66,1,5,False,1000,1000
4436,61,unweighted,10,0.5299562101910829,0,16,None,66,1,5,False,1000,1000
4437,62,unweighted,10,0.5337380573248408,0,16,None,66,1,5,False,1000,1000
4438,63,unweighted,10,0.5380175159235668,0,16,None,66,1,5,False,1000,1000
4439,64,unweighted,10,0.541202229299363,0,16,None,66,1,5,False,1000,1000
4440,65,unweighted,10,0.56359474522293,0,22,None,66,1,5,False,1000,1000
4441,66,unweighted,10,0.5678742038216561,0,22,None,66,1,5,False,1000,1000
4442,67,unweighted,10,0.5723527070063694,0,22,None,66,1,5,False,1000,1000
4443,68,unweighted,10,0.5760350318471338,0,22,None,66,1,5,False,1000,1000
4444,69,unweighted,10,0.5786226114649682,0,22,None,66,1,5,False,1000,1000
4445,65,unweighted,10,0.4743232484076433,0,32,None,66,1,5,False,1000,1000
4446,66,unweighted,10,0.4766122611464968,0,32,None,66,1,5,False,1000,1000
4447,67,unweighted,10,0.4803941082802547,0,32,None,66,1,5,False,1000,1000
4448,68,unweighted,10,0.4834792993630573,0,32,None,66,1,5,False,1000,1000
4449,69,unweighted,10,0.4872611464968153,0,32,None,66,1,5,False,1000,1000
4450,60,unweighted,10,0.4230692675159235,0,18,None,66,1,5,False,1000,1000
4451,61,unweighted,10,0.4193869426751592,0,18,None,66,1,5,False,1000,1000
4452,62,unweighted,10,0.4211783439490446,0,18,None,66,1,5,False,1000,1000
4453,63,unweighted,10,0.4234673566878981,0,18,None,66,1,5,False,1000,1000
4454,64,unweighted,10,0.4255573248407643,0,18,None,66,1,5,False,1000,1000
4455,60,unweighted,10,0.4059514331210191,0,27,None,66,1,5,False,1000,1000
4456,61,unweighted,10,0.4220740445859872,0,27,None,66,1,5,False,1000,1000
4457,62,unweighted,10,0.4430732484076433,0,27,None,66,1,5,False,1000,1000
4458,63,unweighted,10,0.4628781847133758,0,27,None,66,1,5,False,1000,1000
4459,64,unweighted,10,0.4791003184713376,0,27,None,66,1,5,False,1000,1000
4460,60,unweighted,10,0.4234673566878981,0,31,None,66,1,5,False,1000,1000
4461,61,unweighted,10,0.4319267515923566,0,31,None,66,1,5,False,1000,1000
4462,62,unweighted,10,0.4415804140127388,0,31,None,66,1,5,False,1000,1000
4463,63,unweighted,10,0.4514331210191082,0,31,None,66,1,5,False,1000,1000
4464,64,unweighted,10,0.4594944267515923,0,31,None,66,1,5,False,1000,1000
4465,65,unweighted,10,0.6205214968152867,0,25,None,66,1,5,False,1000,1000
4466,66,unweighted,10,0.6210191082802548,0,25,None,66,1,5,False,1000,1000
4467,67,unweighted,10,0.6225119426751592,0,25,None,66,1,5,False,1000,1000
4468,68,unweighted,10,0.6244028662420382,0,25,None,66,1,5,False,1000,1000
4469,69,unweighted,10,0.6257961783439491,0,25,None,66,1,5,False,1000,1000
4470,65,unweighted,10,0.4910429936305732,0,10,None,66,1,5,False,1000,1000
4471,66,unweighted,10,0.5005971337579618,0,10,None,66,1,5,False,1000,1000
4472,67,unweighted,10,0.5052746815286624,0,10,None,66,1,5,False,1000,1000
4473,68,unweighted,10,0.5123407643312102,0,10,None,66,1,5,False,1000,1000
4474,69,unweighted,10,0.5179140127388535,0,10,None,66,1,5,False,1000,1000
4475,65,unweighted,10,0.3571855095541401,0,11,None,66,1,5,False,1000,1000
4476,66,unweighted,10,0.3360867834394904,0,11,None,66,1,5,False,1000,1000
4477,67,unweighted,10,0.3166799363057325,0,11,None,66,1,5,False,1000,1000
4478,68,unweighted,10,0.3030453821656051,0,11,None,66,1,5,False,1000,1000
4479,69,unweighted,10,0.2915007961783439,0,11,None,66,1,5,False,1000,1000
4480,65,unweighted,10,0.4767117834394904,0,15,None,66,1,5,False,1000,1000
4481,66,unweighted,10,0.4848726114649681,0,15,None,66,1,5,False,1000,1000
4482,67,unweighted,10,0.4931329617834395,0,15,None,66,1,5,False,1000,1000
4483,68,unweighted,10,0.4983081210191082,0,15,None,66,1,5,False,1000,1000
4484,69,unweighted,10,0.503781847133758,0,15,None,66,1,5,False,1000,1000
4485,65,unweighted,10,0.4632762738853503,0,20,None,66,1,5,False,1000,1000
4486,66,unweighted,10,0.4852707006369426,0,20,None,66,1,5,False,1000,1000
4487,67,unweighted,10,0.4868630573248407,0,20,None,66,1,5,False,1000,1000
4488,68,unweighted,10,0.4765127388535032,0,20,None,66,1,5,False,1000,1000
4489,69,unweighted,10,0.464968152866242,0,20,None,66,1,5,False,1000,1000
4490,65,unweighted,10,0.5319466560509554,0,19,None,66,1,5,False,1000,1000
4491,66,unweighted,10,0.5416998407643312,0,19,None,66,1,5,False,1000,1000
4492,67,unweighted,10,0.5459792993630573,0,19,None,66,1,5,False,1000,1000
4493,68,unweighted,10,0.5516520700636943,0,19,None,66,1,5,False,1000,1000
4494,69,unweighted,10,0.5548367834394905,0,19,None,66,1,5,False,1000,1000
4495,65,unweighted,10,0.456608280254777,0,18,None,66,1,5,False,1000,1000
4496,66,unweighted,10,0.4564092356687898,0,18,None,66,1,5,False,1000,1000
4497,67,unweighted,10,0.4591958598726114,0,18,None,66,1,5,False,1000,1000
4498,68,unweighted,10,0.4617834394904458,0,18,None,66,1,5,False,1000,1000
4499,69,unweighted,10,0.4646695859872611,0,18,None,66,1,5,False,1000,1000
4500,65,unweighted,10,0.4590963375796178,0,17,None,66,1,5,False,1000,1000
4501,66,unweighted,10,0.45203025477707,0,17,None,66,1,5,False,1000,1000
4502,67,unweighted,10,0.4548168789808917,0,17,None,66,1,5,False,1000,1000
4503,68,unweighted,10,0.4572054140127388,0,17,None,66,1,5,False,1000,1000
4504,69,unweighted,10,0.4605891719745223,0,17,None,66,1,5,False,1000,1000
4505,65,unweighted,10,0.5210987261146497,0,1,None,66,1,5,False,1000,1000
4506,66,unweighted,10,0.5290605095541401,0,1,None,66,1,5,False,1000,1000
4507,67,unweighted,10,0.5353304140127388,0,1,None,66,1,5,False,1000,1000
4508,68,unweighted,10,0.5409036624203821,0,1,None,66,1,5,False,1000,1000
4509,69,unweighted,10,0.544984076433121,0,1,None,66,1,5,False,1000,1000
4510,65,unweighted,10,0.4974124203821656,0,2,None,66,1,5,False,1000,1000
4511,66,unweighted,10,0.4545183121019108,0,2,None,66,1,5,False,1000,1000
4512,67,unweighted,10,0.4308320063694267,0,2,None,66,1,5,False,1000,1000
4513,68,unweighted,10,0.4177945859872611,0,2,None,66,1,5,False,1000,1000
4514,69,unweighted,10,0.4073447452229299,0,2,None,66,1,5,False,1000,1000
4515,65,unweighted,10,0.6068869426751592,0,9,None,66,1,5,False,1000,1000
4516,66,unweighted,10,0.6130573248407644,0,9,None,66,1,5,False,1000,1000
4517,67,unweighted,10,0.6189291401273885,0,9,None,66,1,5,False,1000,1000
4518,68,unweighted,10,0.62609474522293,0,9,None,66,1,5,False,1000,1000
4519,69,unweighted,10,0.6311703821656051,0,9,None,66,1,5,False,1000,1000
4520,65,unweighted,10,0.5580214968152867,0,13,None,66,1,5,False,1000,1000
4521,66,unweighted,10,0.553343949044586,0,13,None,66,1,5,False,1000,1000
4522,67,unweighted,10,0.5484673566878981,0,13,None,66,1,5,False,1000,1000
4523,68,unweighted,10,0.5472730891719745,0,13,None,66,1,5,False,1000,1000
4524,69,unweighted,10,0.5448845541401274,0,13,None,66,1,5,False,1000,1000
4525,65,unweighted,10,0.4063495222929936,0,3,None,66,1,5,False,1000,1000
4526,66,unweighted,10,0.387639331210191,0,3,None,66,1,5,False,1000,1000
4527,67,unweighted,10,0.3713176751592357,0,3,None,66,1,5,False,1000,1000
4528,68,unweighted,10,0.361265923566879,0,3,None,66,1,5,False,1000,1000
4529,69,unweighted,10,0.3550955414012738,0,3,None,66,1,5,False,1000,1000
4530,65,unweighted,10,0.4964171974522293,0,21,None,66,1,5,False,1000,1000
4531,66,unweighted,10,0.5007961783439491,0,21,None,66,1,5,False,1000,1000
4532,67,unweighted,10,0.5038813694267515,0,21,None,66,1,5,False,1000,1000
4533,68,unweighted,10,0.5046775477707006,0,21,None,66,1,5,False,1000,1000
4534,69,unweighted,10,0.5050756369426752,0,21,None,66,1,5,False,1000,1000
4535,65,unweighted,10,0.5061703821656051,0,23,None,66,1,5,False,1000,1000
4536,66,unweighted,10,0.508359872611465,0,23,None,66,1,5,False,1000,1000
4537,67,unweighted,10,0.5111464968152867,0,23,None,66,1,5,False,1000,1000
4538,68,unweighted,10,0.5154259554140127,0,23,None,66,1,5,False,1000,1000
4539,69,unweighted,10,0.5195063694267515,0,23,None,66,1,5,False,1000,1000
4540,65,unweighted,10,0.5049761146496815,0,28,None,66,1,5,False,1000,1000
4541,66,unweighted,10,0.5057722929936306,0,28,None,66,1,5,False,1000,1000
4542,67,unweighted,10,0.5066679936305732,0,28,None,66,1,5,False,1000,1000
4543,68,unweighted,10,0.5085589171974523,0,28,None,66,1,5,False,1000,1000
4544,69,unweighted,10,0.5098527070063694,0,28,None,66,1,5,False,1000,1000
4545,65,unweighted,10,0.4959195859872611,0,29,None,66,1,5,False,1000,1000
4546,66,unweighted,10,0.4974124203821656,0,29,None,66,1,5,False,1000,1000
4547,67,unweighted,10,0.5032842356687898,0,29,None,66,1,5,False,1000,1000
4548,68,unweighted,10,0.5062699044585988,0,29,None,66,1,5,False,1000,1000
4549,69,unweighted,10,0.5112460191082803,0,29,None,66,1,5,False,1000,1000
4550,65,unweighted,10,0.5280652866242038,0,5,None,66,1,5,False,1000,1000
4551,66,unweighted,10,0.5357285031847133,0,5,None,66,1,5,False,1000,1000
4552,67,unweighted,10,0.544187898089172,0,5,None,66,1,5,False,1000,1000
4553,68,unweighted,10,0.5504578025477707,0,5,None,66,1,5,False,1000,1000
4554,69,unweighted,10,0.5553343949044586,0,5,None,66,1,5,False,1000,1000
4555,65,unweighted,10,0.5825039808917197,0,4,None,66,1,5,False,1000,1000
4556,66,unweighted,10,0.5798168789808917,0,4,None,66,1,5,False,1000,1000
4557,67,unweighted,10,0.5791202229299363,0,4,None,66,1,5,False,1000,1000
4558,68,unweighted,10,0.5778264331210191,0,4,None,66,1,5,False,1000,1000
4559,69,unweighted,10,0.5779259554140127,0,4,None,66,1,5,False,1000,1000
4560,65,unweighted,10,0.5501592356687898,0,12,None,66,1,5,False,1000,1000
4561,66,unweighted,10,0.5618033439490446,0,12,None,66,1,5,False,1000,1000
4562,67,unweighted,10,0.5736464968152867,0,12,None,66,1,5,False,1000,1000
4563,68,unweighted,10,0.5870820063694268,0,12,None,66,1,5,False,1000,1000
4564,69,unweighted,10,0.5989251592356688,0,12,None,66,1,5,False,1000,1000
4565,65,unweighted,10,0.5287619426751592,0,6,None,66,1,5,False,1000,1000
4566,66,unweighted,10,0.5304538216560509,0,6,None,66,1,5,False,1000,1000
4567,67,unweighted,10,0.5337380573248408,0,6,None,66,1,5,False,1000,1000
4568,68,unweighted,10,0.5366242038216561,0,6,None,66,1,5,False,1000,1000
4569,69,unweighted,10,0.5392117834394905,0,6,None,66,1,5,False,1000,1000
4570,65,unweighted,10,0.6058917197452229,0,14,None,66,1,5,False,1000,1000
4571,66,unweighted,10,0.6101711783439491,0,14,None,66,1,5,False,1000,1000
4572,67,unweighted,10,0.6135549363057324,0,14,None,66,1,5,False,1000,1000
4573,68,unweighted,10,0.6178343949044586,0,14,None,66,1,5,False,1000,1000
4574,69,unweighted,10,0.6219148089171974,0,14,None,66,1,5,False,1000,1000
4575,65,unweighted,10,0.5300557324840764,0,26,None,66,1,5,False,1000,1000
4576,66,unweighted,10,0.5303542993630573,0,26,None,66,1,5,False,1000,1000
4577,67,unweighted,10,0.5327428343949044,0,26,None,66,1,5,False,1000,1000
4578,68,unweighted,10,0.535031847133758,0,26,None,66,1,5,False,1000,1000
4579,69,unweighted,10,0.5374203821656051,0,26,None,66,1,5,False,1000,1000
4580,65,unweighted,10,0.5450835987261147,0,7,None,66,1,5,False,1000,1000
4581,66,unweighted,10,0.5476711783439491,0,7,None,66,1,5,False,1000,1000
4582,67,unweighted,10,0.549562101910828,0,7,None,66,1,5,False,1000,1000
4583,68,unweighted,10,0.5519506369426752,0,7,None,66,1,5,False,1000,1000
4584,69,unweighted,10,0.5521496815286624,0,7,None,66,1,5,False,1000,1000
4585,65,unweighted,10,0.4955214968152866,0,8,None,66,1,5,False,1000,1000
4586,66,unweighted,10,0.5043789808917197,0,8,None,66,1,5,False,1000,1000
4587,67,unweighted,10,0.513734076433121,0,8,None,66,1,5,False,1000,1000
4588,68,unweighted,10,0.5219944267515924,0,8,None,66,1,5,False,1000,1000
4589,69,unweighted,10,0.5299562101910829,0,8,None,66,1,5,False,1000,1000
4590,65,unweighted,10,0.5344347133757962,0,16,None,66,1,5,False,1000,1000
4591,66,unweighted,10,0.5375199044585988,0,16,None,66,1,5,False,1000,1000
4592,67,unweighted,10,0.542296974522293,0,16,None,66,1,5,False,1000,1000
4593,68,unweighted,10,0.5484673566878981,0,16,None,66,1,5,False,1000,1000
4594,69,unweighted,10,0.557921974522293,0,16,None,66,1,5,False,1000,1000
4595,65,unweighted,10,0.5100517515923567,0,24,None,66,1,5,False,1000,1000
4596,66,unweighted,10,0.5138335987261147,0,24,None,66,1,5,False,1000,1000
4597,67,unweighted,10,0.5169187898089171,0,24,None,66,1,5,False,1000,1000
4598,68,unweighted,10,0.5207006369426752,0,24,None,66,1,5,False,1000,1000
4599,69,unweighted,10,0.5232882165605095,0,24,None,66,1,5,False,1000,1000
4600,65,unweighted,10,0.4768113057324841,0,27,None,66,1,5,False,1000,1000
4601,66,unweighted,10,0.491640127388535,0,27,None,66,1,5,False,1000,1000
4602,67,unweighted,10,0.5042794585987261,0,27,None,66,1,5,False,1000,1000
4603,68,unweighted,10,0.5157245222929936,0,27,None,66,1,5,False,1000,1000
4604,69,unweighted,10,0.5241839171974523,0,27,None,66,1,5,False,1000,1000
4605,65,unweighted,10,0.4317277070063694,0,30,None,66,1,5,False,1000,1000
4606,66,unweighted,10,0.4295382165605095,0,30,None,66,1,5,False,1000,1000
4607,67,unweighted,10,0.4295382165605095,0,30,None,66,1,5,False,1000,1000
4608,68,unweighted,10,0.4299363057324841,0,30,None,66,1,5,False,1000,1000
4609,69,unweighted,10,0.4305334394904458,0,30,None,66,1,5,False,1000,1000
4610,65,unweighted,10,0.5648885350318471,0,0,None,66,1,5,False,1000,1000
4611,66,unweighted,10,0.5663813694267515,0,0,None,66,1,5,False,1000,1000
4612,67,unweighted,10,0.5674761146496815,0,0,None,66,1,5,False,1000,1000
4613,68,unweighted,10,0.5678742038216561,0,0,None,66,1,5,False,1000,1000
4614,69,unweighted,10,0.5683718152866242,0,0,None,66,1,5,False,1000,1000
4615,65,unweighted,10,0.4840764331210191,0,31,None,66,1,5,False,1000,1000
4616,66,unweighted,10,0.4904458598726114,0,31,None,66,1,5,False,1000,1000
4617,67,unweighted,10,0.4963176751592357,0,31,None,66,1,5,False,1000,1000
4618,68,unweighted,10,0.5027866242038217,0,31,None,66,1,5,False,1000,1000
4619,69,unweighted,10,0.5074641719745223,0,31,None,66,1,5,False,1000,1000
4620,70,unweighted,10,0.4597929936305732,0,30,None,66,1,5,False,1000,1000
4621,71,unweighted,10,0.4575039808917197,0,30,None,66,1,5,False,1000,1000
4622,72,unweighted,10,0.4592953821656051,0,30,None,66,1,5,False,1000,1000
4623,73,unweighted,10,0.4615843949044586,0,30,None,66,1,5,False,1000,1000
4624,74,unweighted,10,0.4639729299363057,0,30,None,66,1,5,False,1000,1000
4625,70,unweighted,10,0.5535429936305732,0,1,None,66,1,5,False,1000,1000
4626,71,unweighted,10,0.5574243630573248,0,1,None,66,1,5,False,1000,1000
4627,72,unweighted,10,0.5628980891719745,0,1,None,66,1,5,False,1000,1000
4628,73,unweighted,10,0.566281847133758,0,1,None,66,1,5,False,1000,1000
4629,74,unweighted,10,0.5695660828025477,0,1,None,66,1,5,False,1000,1000
4630,70,unweighted,10,0.5241839171974523,0,2,None,66,1,5,False,1000,1000
4631,71,unweighted,10,0.4680533439490446,0,2,None,66,1,5,False,1000,1000
4632,72,unweighted,10,0.4387937898089172,0,2,None,66,1,5,False,1000,1000
4633,73,unweighted,10,0.4256568471337579,0,2,None,66,1,5,False,1000,1000
4634,74,unweighted,10,0.416202229299363,0,2,None,66,1,5,False,1000,1000
4635,70,unweighted,10,0.5652866242038217,0,7,None,66,1,5,False,1000,1000
4636,71,unweighted,10,0.5676751592356688,0,7,None,66,1,5,False,1000,1000
4637,72,unweighted,10,0.5693670382165605,0,7,None,66,1,5,False,1000,1000
4638,73,unweighted,10,0.5721536624203821,0,7,None,66,1,5,False,1000,1000
4639,74,unweighted,10,0.5738455414012739,0,7,None,66,1,5,False,1000,1000
4640,70,unweighted,10,0.3883359872611465,0,11,None,66,1,5,False,1000,1000
4641,71,unweighted,10,0.3651472929936306,0,11,None,66,1,5,False,1000,1000
4642,72,unweighted,10,0.346437101910828,0,11,None,66,1,5,False,1000,1000
4643,73,unweighted,10,0.3309116242038216,0,11,None,66,1,5,False,1000,1000
4644,74,unweighted,10,0.3221536624203822,0,11,None,66,1,5,False,1000,1000
4645,70,unweighted,10,0.5088574840764332,0,15,None,66,1,5,False,1000,1000
4646,71,unweighted,10,0.5107484076433121,0,15,None,66,1,5,False,1000,1000
4647,72,unweighted,10,0.5151273885350318,0,15,None,66,1,5,False,1000,1000
4648,73,unweighted,10,0.5196058917197452,0,15,None,66,1,5,False,1000,1000
4649,74,unweighted,10,0.522093949044586,0,15,None,66,1,5,False,1000,1000
4650,70,unweighted,10,0.557921974522293,0,5,None,66,1,5,False,1000,1000
4651,71,unweighted,10,0.5636942675159236,0,5,None,66,1,5,False,1000,1000
4652,72,unweighted,10,0.5696656050955414,0,5,None,66,1,5,False,1000,1000
4653,73,unweighted,10,0.5769307324840764,0,5,None,66,1,5,False,1000,1000
4654,74,unweighted,10,0.5839968152866242,0,5,None,66,1,5,False,1000,1000
4655,70,unweighted,10,0.5024880573248408,0,10,None,66,1,5,False,1000,1000
4656,71,unweighted,10,0.5098527070063694,0,10,None,66,1,5,False,1000,1000
4657,72,unweighted,10,0.5144307324840764,0,10,None,66,1,5,False,1000,1000
4658,73,unweighted,10,0.5208996815286624,0,10,None,66,1,5,False,1000,1000
4659,74,unweighted,10,0.5306528662420382,0,10,None,66,1,5,False,1000,1000
4660,70,unweighted,10,0.5014928343949044,0,20,None,66,1,5,False,1000,1000
4661,71,unweighted,10,0.5160230891719745,0,20,None,66,1,5,False,1000,1000
4662,72,unweighted,10,0.5032842356687898,0,20,None,66,1,5,False,1000,1000
4663,73,unweighted,10,0.4829816878980891,0,20,None,66,1,5,False,1000,1000
4664,74,unweighted,10,0.4651671974522293,0,20,None,66,1,5,False,1000,1000
4665,70,unweighted,10,0.5805135350318471,0,22,None,66,1,5,False,1000,1000
4666,71,unweighted,10,0.5840963375796179,0,22,None,66,1,5,False,1000,1000
4667,72,unweighted,10,0.5874800955414012,0,22,None,66,1,5,False,1000,1000
4668,73,unweighted,10,0.5890724522292994,0,22,None,66,1,5,False,1000,1000
4669,74,unweighted,10,0.5904657643312102,0,22,None,66,1,5,False,1000,1000
4670,70,unweighted,10,0.5060708598726115,0,32,None,66,1,5,False,1000,1000
4671,71,unweighted,10,0.5075636942675159,0,32,None,66,1,5,False,1000,1000
4672,72,unweighted,10,0.5092555732484076,0,32,None,66,1,5,False,1000,1000
4673,73,unweighted,10,0.5097531847133758,0,32,None,66,1,5,False,1000,1000
4674,74,unweighted,10,0.5114450636942676,0,32,None,66,1,5,False,1000,1000
4675,70,unweighted,10,0.5509554140127388,0,16,None,66,1,5,False,1000,1000
4676,71,unweighted,10,0.5616042993630573,0,16,None,66,1,5,False,1000,1000
4677,72,unweighted,10,0.5747412420382165,0,16,None,66,1,5,False,1000,1000
4678,73,unweighted,10,0.5867834394904459,0,16,None,66,1,5,False,1000,1000
4679,74,unweighted,10,0.5968351910828026,0,16,None,66,1,5,False,1000,1000
4680,70,unweighted,10,0.5801154458598726,0,13,None,66,1,5,False,1000,1000
4681,71,unweighted,10,0.584593949044586,0,13,None,66,1,5,False,1000,1000
4682,72,unweighted,10,0.5850915605095541,0,13,None,66,1,5,False,1000,1000
4683,73,unweighted,10,0.5852906050955414,0,13,None,66,1,5,False,1000,1000
4684,74,unweighted,10,0.5854896496815286,0,13,None,66,1,5,False,1000,1000
4685,70,unweighted,10,0.5265724522292994,0,23,None,66,1,5,False,1000,1000
4686,71,unweighted,10,0.5302547770700637,0,23,None,66,1,5,False,1000,1000
4687,72,unweighted,10,0.5336385350318471,0,23,None,66,1,5,False,1000,1000
4688,73,unweighted,10,0.5386146496815286,0,23,None,66,1,5,False,1000,1000
4689,74,unweighted,10,0.5418988853503185,0,23,None,66,1,5,False,1000,1000
4690,70,unweighted,10,0.588077229299363,0,4,None,66,1,5,False,1000,1000
4691,71,unweighted,10,0.5904657643312102,0,4,None,66,1,5,False,1000,1000
4692,72,unweighted,10,0.5903662420382165,0,4,None,66,1,5,False,1000,1000
4693,73,unweighted,10,0.5909633757961783,0,4,None,66,1,5,False,1000,1000
4694,74,unweighted,10,0.5921576433121019,0,4,None,66,1,5,False,1000,1000
4695,70,unweighted,10,0.5116441082802548,0,28,None,66,1,5,False,1000,1000
4696,71,unweighted,10,0.5123407643312102,0,28,None,66,1,5,False,1000,1000
4697,72,unweighted,10,0.5136345541401274,0,28,None,66,1,5,False,1000,1000
4698,73,unweighted,10,0.5158240445859873,0,28,None,66,1,5,False,1000,1000
4699,74,unweighted,10,0.5215963375796179,0,28,None,66,1,5,False,1000,1000
4700,70,unweighted,10,0.5226910828025477,0,8,None,66,1,5,False,1000,1000
4701,71,unweighted,10,0.5313495222929936,0,8,None,66,1,5,False,1000,1000
4702,72,unweighted,10,0.5392117834394905,0,8,None,66,1,5,False,1000,1000
4703,73,unweighted,10,0.5478702229299363,0,8,None,66,1,5,False,1000,1000
4704,74,unweighted,10,0.555234872611465,0,8,None,66,1,5,False,1000,1000
4705,70,unweighted,10,0.5567277070063694,0,19,None,66,1,5,False,1000,1000
4706,71,unweighted,10,0.5591162420382165,0,19,None,66,1,5,False,1000,1000
4707,72,unweighted,10,0.5623009554140127,0,19,None,66,1,5,False,1000,1000
4708,73,unweighted,10,0.5640923566878981,0,19,None,66,1,5,False,1000,1000
4709,74,unweighted,10,0.567078025477707,0,19,None,66,1,5,False,1000,1000
4710,70,unweighted,10,0.5477707006369427,0,6,None,66,1,5,False,1000,1000
4711,71,unweighted,10,0.5508558917197452,0,6,None,66,1,5,False,1000,1000
4712,72,unweighted,10,0.5551353503184714,0,6,None,66,1,5,False,1000,1000
4713,73,unweighted,10,0.5574243630573248,0,6,None,66,1,5,False,1000,1000
4714,74,unweighted,10,0.5611066878980892,0,6,None,66,1,5,False,1000,1000
4715,70,unweighted,10,0.5467754777070064,0,26,None,66,1,5,False,1000,1000
4716,71,unweighted,10,0.5473726114649682,0,26,None,66,1,5,False,1000,1000
4717,72,unweighted,10,0.5500597133757962,0,26,None,66,1,5,False,1000,1000
4718,73,unweighted,10,0.5534434713375797,0,26,None,66,1,5,False,1000,1000
4719,74,unweighted,10,0.5554339171974523,0,26,None,66,1,5,False,1000,1000
4720,70,unweighted,10,0.5746417197452229,0,12,None,66,1,5,False,1000,1000
4721,71,unweighted,10,0.5886743630573248,0,12,None,66,1,5,False,1000,1000
4722,72,unweighted,10,0.6008160828025477,0,12,None,66,1,5,False,1000,1000
4723,73,unweighted,10,0.6147492038216561,0,12,None,66,1,5,False,1000,1000
4724,74,unweighted,10,0.6256966560509554,0,12,None,66,1,5,False,1000,1000
4725,70,unweighted,10,0.5131369426751592,0,17,None,66,1,5,False,1000,1000
4726,71,unweighted,10,0.5103503184713376,0,17,None,66,1,5,False,1000,1000
4727,72,unweighted,10,0.5125398089171974,0,17,None,66,1,5,False,1000,1000
4728,73,unweighted,10,0.5153264331210191,0,17,None,66,1,5,False,1000,1000
4729,74,unweighted,10,0.5188097133757962,0,17,None,66,1,5,False,1000,1000
4730,70,unweighted,10,0.5152269108280255,0,21,None,66,1,5,False,1000,1000
4731,71,unweighted,10,0.5158240445859873,0,21,None,66,1,5,False,1000,1000
4732,72,unweighted,10,0.5158240445859873,0,21,None,66,1,5,False,1000,1000
4733,73,unweighted,10,0.5158240445859873,0,21,None,66,1,5,False,1000,1000
4734,74,unweighted,10,0.515625,0,21,None,66,1,5,False,1000,1000
4735,70,unweighted,10,0.5261743630573248,0,24,None,66,1,5,False,1000,1000
4736,71,unweighted,10,0.5279657643312102,0,24,None,66,1,5,False,1000,1000
4737,72,unweighted,10,0.5310509554140127,0,24,None,66,1,5,False,1000,1000
4738,73,unweighted,10,0.5343351910828026,0,24,None,66,1,5,False,1000,1000
4739,74,unweighted,10,0.5376194267515924,0,24,None,66,1,5,False,1000,1000
4740,70,unweighted,10,0.4274482484076433,0,3,None,66,1,5,False,1000,1000
4741,71,unweighted,10,0.4087380573248407,0,3,None,66,1,5,False,1000,1000
4742,72,unweighted,10,0.3892316878980891,0,3,None,66,1,5,False,1000,1000
4743,73,unweighted,10,0.3755971337579618,0,3,None,66,1,5,False,1000,1000
4744,74,unweighted,10,0.3662420382165605,0,3,None,66,1,5,False,1000,1000
4745,70,unweighted,10,0.6105692675159236,0,9,None,66,1,5,False,1000,1000
4746,71,unweighted,10,0.6173367834394905,0,9,None,66,1,5,False,1000,1000
4747,72,unweighted,10,0.6230095541401274,0,9,None,66,1,5,False,1000,1000
4748,73,unweighted,10,0.6296775477707006,0,9,None,66,1,5,False,1000,1000
4749,74,unweighted,10,0.6355493630573248,0,9,None,66,1,5,False,1000,1000
4750,70,unweighted,10,0.5943471337579618,0,14,None,66,1,5,False,1000,1000
4751,71,unweighted,10,0.5986265923566879,0,14,None,66,1,5,False,1000,1000
4752,72,unweighted,10,0.603702229299363,0,14,None,66,1,5,False,1000,1000
4753,73,unweighted,10,0.6072850318471338,0,14,None,66,1,5,False,1000,1000
4754,74,unweighted,10,0.6107683121019108,0,14,None,66,1,5,False,1000,1000
4755,70,unweighted,10,0.6519705414012739,0,25,None,66,1,5,False,1000,1000
4756,71,unweighted,10,0.6521695859872612,0,25,None,66,1,5,False,1000,1000
4757,72,unweighted,10,0.6522691082802548,0,25,None,66,1,5,False,1000,1000
4758,73,unweighted,10,0.6530652866242038,0,25,None,66,1,5,False,1000,1000
4759,74,unweighted,10,0.6542595541401274,0,25,None,66,1,5,False,1000,1000
4760,70,unweighted,10,0.5700636942675159,0,0,None,66,1,5,False,1000,1000
4761,71,unweighted,10,0.5721536624203821,0,0,None,66,1,5,False,1000,1000
4762,72,unweighted,10,0.574343152866242,0,0,None,66,1,5,False,1000,1000
4763,73,unweighted,10,0.5738455414012739,0,0,None,66,1,5,False,1000,1000
4764,74,unweighted,10,0.5744426751592356,0,0,None,66,1,5,False,1000,1000
4765,70,unweighted,10,0.5320461783439491,0,29,None,66,1,5,False,1000,1000
4766,71,unweighted,10,0.5345342356687898,0,29,None,66,1,5,False,1000,1000
4767,72,unweighted,10,0.5382165605095541,0,29,None,66,1,5,False,1000,1000
4768,73,unweighted,10,0.5425955414012739,0,29,None,66,1,5,False,1000,1000
4769,74,unweighted,10,0.5452826433121019,0,29,None,66,1,5,False,1000,1000
4770,70,unweighted,10,0.5210987261146497,0,27,None,66,1,5,False,1000,1000
4771,71,unweighted,10,0.5282643312101911,0,27,None,66,1,5,False,1000,1000
4772,72,unweighted,10,0.5346337579617835,0,27,None,66,1,5,False,1000,1000
4773,73,unweighted,10,0.5398089171974523,0,27,None,66,1,5,False,1000,1000
4774,74,unweighted,10,0.5466759554140127,0,27,None,66,1,5,False,1000,1000
4775,70,unweighted,10,0.5015923566878981,0,18,None,66,1,5,False,1000,1000
4776,71,unweighted,10,0.5021894904458599,0,18,None,66,1,5,False,1000,1000
4777,72,unweighted,10,0.5035828025477707,0,18,None,66,1,5,False,1000,1000
4778,73,unweighted,10,0.5053742038216561,0,18,None,66,1,5,False,1000,1000
4779,74,unweighted,10,0.5060708598726115,0,18,None,66,1,5,False,1000,1000
4780,70,unweighted,10,0.5128383757961783,0,31,None,66,1,5,False,1000,1000
4781,71,unweighted,10,0.5169187898089171,0,31,None,66,1,5,False,1000,1000
4782,72,unweighted,10,0.5221934713375797,0,31,None,66,1,5,False,1000,1000
4783,73,unweighted,10,0.5252786624203821,0,31,None,66,1,5,False,1000,1000
4784,74,unweighted,10,0.5286624203821656,0,31,None,66,1,5,False,1000,1000
4785,75,unweighted,10,0.5289609872611465,0,32,None,66,1,5,False,1000,1000
4786,76,unweighted,10,0.5306528662420382,0,32,None,66,1,5,False,1000,1000
4787,77,unweighted,10,0.5333399681528662,0,32,None,66,1,5,False,1000,1000
4788,78,unweighted,10,0.5347332802547771,0,32,None,66,1,5,False,1000,1000
4789,79,unweighted,10,0.5367237261146497,0,32,None,66,1,5,False,1000,1000
4790,75,unweighted,10,0.6456011146496815,0,25,None,66,1,5,False,1000,1000
4791,76,unweighted,10,0.6460987261146497,0,25,None,66,1,5,False,1000,1000
4792,77,unweighted,10,0.6469944267515924,0,25,None,66,1,5,False,1000,1000
4793,78,unweighted,10,0.647890127388535,0,25,None,66,1,5,False,1000,1000
4794,79,unweighted,10,0.6477906050955414,0,25,None,66,1,5,False,1000,1000
4795,75,unweighted,10,0.5729498407643312,0,26,None,66,1,5,False,1000,1000
4796,76,unweighted,10,0.5733479299363057,0,26,None,66,1,5,False,1000,1000
4797,77,unweighted,10,0.5745421974522293,0,26,None,66,1,5,False,1000,1000
4798,78,unweighted,10,0.5765326433121019,0,26,None,66,1,5,False,1000,1000
4799,79,unweighted,10,0.5767316878980892,0,26,None,66,1,5,False,1000,1000
4800,75,unweighted,10,0.599422770700637,0,14,None,66,1,5,False,1000,1000
4801,76,unweighted,10,0.603702229299363,0,14,None,66,1,5,False,1000,1000
4802,77,unweighted,10,0.6088773885350318,0,14,None,66,1,5,False,1000,1000
4803,78,unweighted,10,0.6113654458598726,0,14,None,66,1,5,False,1000,1000
4804,79,unweighted,10,0.6140525477707006,0,14,None,66,1,5,False,1000,1000
4805,75,unweighted,10,0.5868829617834395,0,22,None,66,1,5,False,1000,1000
4806,76,unweighted,10,0.5878781847133758,0,22,None,66,1,5,False,1000,1000
4807,77,unweighted,10,0.5898686305732485,0,22,None,66,1,5,False,1000,1000
4808,78,unweighted,10,0.5914609872611465,0,22,None,66,1,5,False,1000,1000
4809,79,unweighted,10,0.5934514331210191,0,22,None,66,1,5,False,1000,1000
4810,75,unweighted,10,0.5739450636942676,0,1,None,66,1,5,False,1000,1000
4811,76,unweighted,10,0.5784235668789809,0,1,None,66,1,5,False,1000,1000
4812,77,unweighted,10,0.5803144904458599,0,1,None,66,1,5,False,1000,1000
4813,78,unweighted,10,0.5828025477707006,0,1,None,66,1,5,False,1000,1000
4814,79,unweighted,10,0.5854896496815286,0,1,None,66,1,5,False,1000,1000
4815,75,unweighted,10,0.5520501592356688,0,23,None,66,1,5,False,1000,1000
4816,76,unweighted,10,0.5569267515923567,0,23,None,66,1,5,False,1000,1000
4817,77,unweighted,10,0.5605095541401274,0,23,None,66,1,5,False,1000,1000
4818,78,unweighted,10,0.5641918789808917,0,23,None,66,1,5,False,1000,1000
4819,79,unweighted,10,0.5668789808917197,0,23,None,66,1,5,False,1000,1000
4820,75,unweighted,10,0.6097730891719745,0,13,None,66,1,5,False,1000,1000
4821,76,unweighted,10,0.6064888535031847,0,13,None,66,1,5,False,1000,1000
4822,77,unweighted,10,0.6060907643312102,0,13,None,66,1,5,False,1000,1000
4823,78,unweighted,10,0.6057921974522293,0,13,None,66,1,5,False,1000,1000
4824,79,unweighted,10,0.6056926751592356,0,13,None,66,1,5,False,1000,1000
4825,75,unweighted,10,0.5567277070063694,0,29,None,66,1,5,False,1000,1000
4826,76,unweighted,10,0.5612062101910829,0,29,None,66,1,5,False,1000,1000
4827,77,unweighted,10,0.56359474522293,0,29,None,66,1,5,False,1000,1000
4828,78,unweighted,10,0.5660828025477707,0,29,None,66,1,5,False,1000,1000
4829,79,unweighted,10,0.5686703821656051,0,29,None,66,1,5,False,1000,1000
4830,75,unweighted,10,0.5356289808917197,0,24,None,66,1,5,False,1000,1000
4831,76,unweighted,10,0.539609872611465,0,24,None,66,1,5,False,1000,1000
4832,77,unweighted,10,0.5434912420382165,0,24,None,66,1,5,False,1000,1000
4833,78,unweighted,10,0.5483678343949044,0,24,None,66,1,5,False,1000,1000
4834,79,unweighted,10,0.5545382165605095,0,24,None,66,1,5,False,1000,1000
4835,75,unweighted,10,0.5408041401273885,0,2,None,66,1,5,False,1000,1000
4836,76,unweighted,10,0.4837778662420382,0,2,None,66,1,5,False,1000,1000
4837,77,unweighted,10,0.4599920382165605,0,2,None,66,1,5,False,1000,1000
4838,78,unweighted,10,0.4465565286624204,0,2,None,66,1,5,False,1000,1000
4839,79,unweighted,10,0.4394904458598726,0,2,None,66,1,5,False,1000,1000
4840,75,unweighted,10,0.5818073248407644,0,7,None,66,1,5,False,1000,1000
4841,76,unweighted,10,0.5840963375796179,0,7,None,66,1,5,False,1000,1000
4842,77,unweighted,10,0.5868829617834395,0,7,None,66,1,5,False,1000,1000
4843,78,unweighted,10,0.5881767515923567,0,7,None,66,1,5,False,1000,1000
4844,79,unweighted,10,0.5896695859872612,0,7,None,66,1,5,False,1000,1000
4845,75,unweighted,10,0.5753383757961783,0,5,None,66,1,5,False,1000,1000
4846,76,unweighted,10,0.5821058917197452,0,5,None,66,1,5,False,1000,1000
4847,77,unweighted,10,0.5874800955414012,0,5,None,66,1,5,False,1000,1000
4848,78,unweighted,10,0.5928542993630573,0,5,None,66,1,5,False,1000,1000
4849,79,unweighted,10,0.5981289808917197,0,5,None,66,1,5,False,1000,1000
4850,75,unweighted,10,0.6144506369426752,0,9,None,66,1,5,False,1000,1000
4851,76,unweighted,10,0.6208200636942676,0,9,None,66,1,5,False,1000,1000
4852,77,unweighted,10,0.6269904458598726,0,9,None,66,1,5,False,1000,1000
4853,78,unweighted,10,0.6328622611464968,0,9,None,66,1,5,False,1000,1000
4854,79,unweighted,10,0.638734076433121,0,9,None,66,1,5,False,1000,1000
4855,75,unweighted,10,0.4040605095541401,0,11,None,66,1,5,False,1000,1000
4856,76,unweighted,10,0.3880374203821656,0,11,None,66,1,5,False,1000,1000
4857,77,unweighted,10,0.3762937898089172,0,11,None,66,1,5,False,1000,1000
4858,78,unweighted,10,0.3681329617834395,0,11,None,66,1,5,False,1000,1000
4859,79,unweighted,10,0.3617635350318471,0,11,None,66,1,5,False,1000,1000
4860,75,unweighted,10,0.5174164012738853,0,10,None,66,1,5,False,1000,1000
4861,76,unweighted,10,0.5267714968152867,0,10,None,66,1,5,False,1000,1000
4862,77,unweighted,10,0.5426950636942676,0,10,None,66,1,5,False,1000,1000
4863,78,unweighted,10,0.5623009554140127,0,10,None,66,1,5,False,1000,1000
4864,79,unweighted,10,0.5809116242038217,0,10,None,66,1,5,False,1000,1000
4865,75,unweighted,10,0.5935509554140127,0,12,None,66,1,5,False,1000,1000
4866,76,unweighted,10,0.6068869426751592,0,12,None,66,1,5,False,1000,1000
4867,77,unweighted,10,0.6202229299363057,0,12,None,66,1,5,False,1000,1000
4868,78,unweighted,10,0.6297770700636943,0,12,None,66,1,5,False,1000,1000
4869,79,unweighted,10,0.640625,0,12,None,66,1,5,False,1000,1000
4870,75,unweighted,10,0.5413017515923567,0,15,None,66,1,5,False,1000,1000
4871,76,unweighted,10,0.5453821656050956,0,15,None,66,1,5,False,1000,1000
4872,77,unweighted,10,0.546875,0,15,None,66,1,5,False,1000,1000
4873,78,unweighted,10,0.550656847133758,0,15,None,66,1,5,False,1000,1000
4874,79,unweighted,10,0.5524482484076433,0,15,None,66,1,5,False,1000,1000
4875,75,unweighted,10,0.5620023885350318,0,17,None,66,1,5,False,1000,1000
4876,76,unweighted,10,0.5618033439490446,0,17,None,66,1,5,False,1000,1000
4877,77,unweighted,10,0.5627985668789809,0,17,None,66,1,5,False,1000,1000
4878,78,unweighted,10,0.5644904458598726,0,17,None,66,1,5,False,1000,1000
4879,79,unweighted,10,0.5655851910828026,0,17,None,66,1,5,False,1000,1000
4880,75,unweighted,10,0.5184116242038217,0,28,None,66,1,5,False,1000,1000
4881,76,unweighted,10,0.5237858280254777,0,28,None,66,1,5,False,1000,1000
4882,77,unweighted,10,0.5347332802547771,0,28,None,66,1,5,False,1000,1000
4883,78,unweighted,10,0.5443869426751592,0,28,None,66,1,5,False,1000,1000
4884,79,unweighted,10,0.5548367834394905,0,28,None,66,1,5,False,1000,1000
4885,75,unweighted,10,0.533937101910828,0,20,None,66,1,5,False,1000,1000
4886,76,unweighted,10,0.5246815286624203,0,20,None,66,1,5,False,1000,1000
4887,77,unweighted,10,0.5055732484076433,0,20,None,66,1,5,False,1000,1000
4888,78,unweighted,10,0.4898487261146497,0,20,None,66,1,5,False,1000,1000
4889,79,unweighted,10,0.4777070063694267,0,20,None,66,1,5,False,1000,1000
4890,75,unweighted,10,0.580812101910828,0,0,None,66,1,5,False,1000,1000
4891,76,unweighted,10,0.5813097133757962,0,0,None,66,1,5,False,1000,1000
4892,77,unweighted,10,0.582703025477707,0,0,None,66,1,5,False,1000,1000
4893,78,unweighted,10,0.5833001592356688,0,0,None,66,1,5,False,1000,1000
4894,79,unweighted,10,0.5846934713375797,0,0,None,66,1,5,False,1000,1000
4895,75,unweighted,10,0.5904657643312102,0,16,None,66,1,5,False,1000,1000
4896,76,unweighted,10,0.603702229299363,0,16,None,66,1,5,False,1000,1000
4897,77,unweighted,10,0.6163415605095541,0,16,None,66,1,5,False,1000,1000
4898,78,unweighted,10,0.6280851910828026,0,16,None,66,1,5,False,1000,1000
4899,79,unweighted,10,0.6374402866242038,0,16,None,66,1,5,False,1000,1000
4900,75,unweighted,10,0.6046974522292994,0,4,None,66,1,5,False,1000,1000
4901,76,unweighted,10,0.6044984076433121,0,4,None,66,1,5,False,1000,1000
4902,77,unweighted,10,0.6043988853503185,0,4,None,66,1,5,False,1000,1000
4903,78,unweighted,10,0.6050955414012739,0,4,None,66,1,5,False,1000,1000
4904,79,unweighted,10,0.6057921974522293,0,4,None,66,1,5,False,1000,1000
4905,75,unweighted,10,0.4523288216560509,0,3,None,66,1,5,False,1000,1000
4906,76,unweighted,10,0.4101313694267516,0,3,None,66,1,5,False,1000,1000
4907,77,unweighted,10,0.3921178343949044,0,3,None,66,1,5,False,1000,1000
4908,78,unweighted,10,0.379578025477707,0,3,None,66,1,5,False,1000,1000
4909,79,unweighted,10,0.3692277070063694,0,3,None,66,1,5,False,1000,1000
4910,75,unweighted,10,0.571656050955414,0,19,None,66,1,5,False,1000,1000
4911,76,unweighted,10,0.5749402866242038,0,19,None,66,1,5,False,1000,1000
4912,77,unweighted,10,0.5773288216560509,0,19,None,66,1,5,False,1000,1000
4913,78,unweighted,10,0.5803144904458599,0,19,None,66,1,5,False,1000,1000
4914,79,unweighted,10,0.5838972929936306,0,19,None,66,1,5,False,1000,1000
4915,75,unweighted,10,0.5414012738853503,0,8,None,66,1,5,False,1000,1000
4916,76,unweighted,10,0.5497611464968153,0,8,None,66,1,5,False,1000,1000
4917,77,unweighted,10,0.5596138535031847,0,8,None,66,1,5,False,1000,1000
4918,78,unweighted,10,0.569765127388535,0,8,None,66,1,5,False,1000,1000
4919,79,unweighted,10,0.5793192675159236,0,8,None,66,1,5,False,1000,1000
4920,75,unweighted,10,0.5243829617834395,0,21,None,66,1,5,False,1000,1000
4921,76,unweighted,10,0.5248805732484076,0,21,None,66,1,5,False,1000,1000
4922,77,unweighted,10,0.5241839171974523,0,21,None,66,1,5,False,1000,1000
4923,78,unweighted,10,0.5241839171974523,0,21,None,66,1,5,False,1000,1000
4924,79,unweighted,10,0.5238853503184714,0,21,None,66,1,5,False,1000,1000
4925,75,unweighted,10,0.5144307324840764,0,30,None,66,1,5,False,1000,1000
4926,76,unweighted,10,0.5152269108280255,0,30,None,66,1,5,False,1000,1000
4927,77,unweighted,10,0.5165207006369427,0,30,None,66,1,5,False,1000,1000
4928,78,unweighted,10,0.5184116242038217,0,30,None,66,1,5,False,1000,1000
4929,79,unweighted,10,0.5191082802547771,0,30,None,66,1,5,False,1000,1000
4930,75,unweighted,10,0.5733479299363057,0,6,None,66,1,5,False,1000,1000
4931,76,unweighted,10,0.5775278662420382,0,6,None,66,1,5,False,1000,1000
4932,77,unweighted,10,0.5806130573248408,0,6,None,66,1,5,False,1000,1000
4933,78,unweighted,10,0.5839968152866242,0,6,None,66,1,5,False,1000,1000
4934,79,unweighted,10,0.5877786624203821,0,6,None,66,1,5,False,1000,1000
4935,75,unweighted,10,0.5219944267515924,0,18,None,66,1,5,False,1000,1000
4936,76,unweighted,10,0.5214968152866242,0,18,None,66,1,5,False,1000,1000
4937,77,unweighted,10,0.5224920382165605,0,18,None,66,1,5,False,1000,1000
4938,78,unweighted,10,0.5230891719745223,0,18,None,66,1,5,False,1000,1000
4939,79,unweighted,10,0.5241839171974523,0,18,None,66,1,5,False,1000,1000
4940,75,unweighted,10,0.552547770700637,0,27,None,66,1,5,False,1000,1000
4941,76,unweighted,10,0.5571257961783439,0,27,None,66,1,5,False,1000,1000
4942,77,unweighted,10,0.5608081210191083,0,27,None,66,1,5,False,1000,1000
4943,78,unweighted,10,0.5656847133757962,0,27,None,66,1,5,False,1000,1000
4944,79,unweighted,10,0.5705613057324841,0,27,None,66,1,5,False,1000,1000
4945,75,unweighted,10,0.5306528662420382,0,31,None,66,1,5,False,1000,1000
4946,76,unweighted,10,0.5347332802547771,0,31,None,66,1,5,False,1000,1000
4947,77,unweighted,10,0.5383160828025477,0,31,None,66,1,5,False,1000,1000
4948,78,unweighted,10,0.543093152866242,0,31,None,66,1,5,False,1000,1000
4949,79,unweighted,10,0.546875,0,31,None,66,1,5,False,1000,1000
7260,80,unweighted,10,0.5938495222929936,0,1,None,66,1,5,False,1000,1000
7261,81,unweighted,10,0.5972332802547771,0,1,None,66,1,5,False,1000,1000
7262,82,unweighted,10,0.6023089171974523,0,1,None,66,1,5,False,1000,1000
7263,83,unweighted,10,0.6060907643312102,0,1,None,66,1,5,False,1000,1000
7264,84,unweighted,10,0.6089769108280255,0,1,None,66,1,5,False,1000,1000
7265,80,unweighted,10,0.56140525477707,0,2,None,66,1,5,False,1000,1000
7266,81,unweighted,10,0.5098527070063694,0,2,None,66,1,5,False,1000,1000
7267,82,unweighted,10,0.4822850318471338,0,2,None,66,1,5,False,1000,1000
7268,83,unweighted,10,0.4735270700636942,0,2,None,66,1,5,False,1000,1000
7269,84,unweighted,10,0.4645700636942675,0,2,None,66,1,5,False,1000,1000
7270,80,unweighted,10,0.5942476114649682,0,5,None,66,1,5,False,1000,1000
7271,81,unweighted,10,0.5998208598726115,0,5,None,66,1,5,False,1000,1000
7272,82,unweighted,10,0.606687898089172,0,5,None,66,1,5,False,1000,1000
7273,83,unweighted,10,0.6144506369426752,0,5,None,66,1,5,False,1000,1000
7274,84,unweighted,10,0.6253980891719745,0,5,None,66,1,5,False,1000,1000
7275,80,unweighted,10,0.6403264331210191,0,13,None,66,1,5,False,1000,1000
7276,81,unweighted,10,0.6400278662420382,0,13,None,66,1,5,False,1000,1000
7277,82,unweighted,10,0.6401273885350318,0,13,None,66,1,5,False,1000,1000
7278,83,unweighted,10,0.6401273885350318,0,13,None,66,1,5,False,1000,1000
7279,84,unweighted,10,0.640625,0,13,None,66,1,5,False,1000,1000
7280,80,unweighted,10,0.6242038216560509,0,16,None,66,1,5,False,1000,1000
7281,81,unweighted,10,0.6347531847133758,0,16,None,66,1,5,False,1000,1000
7282,82,unweighted,10,0.6430135350318471,0,16,None,66,1,5,False,1000,1000
7283,83,unweighted,10,0.6493829617834395,0,16,None,66,1,5,False,1000,1000
7284,84,unweighted,10,0.6518710191082803,0,16,None,66,1,5,False,1000,1000
7285,80,unweighted,10,0.5481687898089171,0,20,None,66,1,5,False,1000,1000
7286,81,unweighted,10,0.5334394904458599,0,20,None,66,1,5,False,1000,1000
7287,82,unweighted,10,0.5155254777070064,0,20,None,66,1,5,False,1000,1000
7288,83,unweighted,10,0.502687101910828,0,20,None,66,1,5,False,1000,1000
7289,84,unweighted,10,0.4959195859872611,0,20,None,66,1,5,False,1000,1000
7290,80,unweighted,10,0.5673765923566879,0,8,None,66,1,5,False,1000,1000
7291,81,unweighted,10,0.5763335987261147,0,8,None,66,1,5,False,1000,1000
7292,82,unweighted,10,0.5869824840764332,0,8,None,66,1,5,False,1000,1000
7293,83,unweighted,10,0.5991242038216561,0,8,None,66,1,5,False,1000,1000
7294,84,unweighted,10,0.6054936305732485,0,8,None,66,1,5,False,1000,1000
7295,80,unweighted,10,0.5863853503184714,0,19,None,66,1,5,False,1000,1000
7296,81,unweighted,10,0.5893710191082803,0,19,None,66,1,5,False,1000,1000
7297,82,unweighted,10,0.5914609872611465,0,19,None,66,1,5,False,1000,1000
7298,83,unweighted,10,0.5949442675159236,0,19,None,66,1,5,False,1000,1000
7299,84,unweighted,10,0.5981289808917197,0,19,None,66,1,5,False,1000,1000
7300,80,unweighted,10,0.5896695859872612,0,22,None,66,1,5,False,1000,1000
7301,81,unweighted,10,0.5912619426751592,0,22,None,66,1,5,False,1000,1000
7302,82,unweighted,10,0.5942476114649682,0,22,None,66,1,5,False,1000,1000
7303,83,unweighted,10,0.5957404458598726,0,22,None,66,1,5,False,1000,1000
7304,84,unweighted,10,0.5977308917197452,0,22,None,66,1,5,False,1000,1000
7305,80,unweighted,10,0.5701632165605095,0,23,None,66,1,5,False,1000,1000
7306,81,unweighted,10,0.5738455414012739,0,23,None,66,1,5,False,1000,1000
7307,82,unweighted,10,0.5774283439490446,0,23,None,66,1,5,False,1000,1000
7308,83,unweighted,10,0.5807125796178344,0,23,None,66,1,5,False,1000,1000
7309,84,unweighted,10,0.5833001592356688,0,23,None,66,1,5,False,1000,1000
7310,80,unweighted,10,0.5343351910828026,0,21,None,66,1,5,False,1000,1000
7311,81,unweighted,10,0.5328423566878981,0,21,None,66,1,5,False,1000,1000
7312,82,unweighted,10,0.5318471337579618,0,21,None,66,1,5,False,1000,1000
7313,83,unweighted,10,0.5316480891719745,0,21,None,66,1,5,False,1000,1000
7314,84,unweighted,10,0.5314490445859873,0,21,None,66,1,5,False,1000,1000
7315,80,unweighted,10,0.5783240445859873,0,17,None,66,1,5,False,1000,1000
7316,81,unweighted,10,0.5779259554140127,0,17,None,66,1,5,False,1000,1000
7317,82,unweighted,10,0.5796178343949044,0,17,None,66,1,5,False,1000,1000
7318,83,unweighted,10,0.5805135350318471,0,17,None,66,1,5,False,1000,1000
7319,84,unweighted,10,0.5830015923566879,0,17,None,66,1,5,False,1000,1000
7320,80,unweighted,10,0.5537420382165605,0,24,None,66,1,5,False,1000,1000
7321,81,unweighted,10,0.5607085987261147,0,24,None,66,1,5,False,1000,1000
7322,82,unweighted,10,0.5690684713375797,0,24,None,66,1,5,False,1000,1000
7323,83,unweighted,10,0.5768312101910829,0,24,None,66,1,5,False,1000,1000
7324,84,unweighted,10,0.5857882165605095,0,24,None,66,1,5,False,1000,1000
7325,80,unweighted,10,0.5490644904458599,0,28,None,66,1,5,False,1000,1000
7326,81,unweighted,10,0.5585191082802548,0,28,None,66,1,5,False,1000,1000
7327,82,unweighted,10,0.5647890127388535,0,28,None,66,1,5,False,1000,1000
7328,83,unweighted,10,0.5698646496815286,0,28,None,66,1,5,False,1000,1000
7329,84,unweighted,10,0.5756369426751592,0,28,None,66,1,5,False,1000,1000
7330,80,unweighted,10,0.5573248407643312,0,30,None,66,1,5,False,1000,1000
7331,81,unweighted,10,0.5561305732484076,0,30,None,66,1,5,False,1000,1000
7332,82,unweighted,10,0.556827229299363,0,30,None,66,1,5,False,1000,1000
7333,83,unweighted,10,0.5581210191082803,0,30,None,66,1,5,False,1000,1000
7334,84,unweighted,10,0.5591162420382165,0,30,None,66,1,5,False,1000,1000
7335,80,unweighted,10,0.5700636942675159,0,27,None,66,1,5,False,1000,1000
7336,81,unweighted,10,0.5748407643312102,0,27,None,66,1,5,False,1000,1000
7337,82,unweighted,10,0.5797173566878981,0,27,None,66,1,5,False,1000,1000
7338,83,unweighted,10,0.5847929936305732,0,27,None,66,1,5,False,1000,1000
7339,84,unweighted,10,0.5892714968152867,0,27,None,66,1,5,False,1000,1000
7340,80,unweighted,10,0.5380175159235668,0,18,None,66,1,5,False,1000,1000
7341,81,unweighted,10,0.5378184713375797,0,18,None,66,1,5,False,1000,1000
7342,82,unweighted,10,0.5381170382165605,0,18,None,66,1,5,False,1000,1000
7343,83,unweighted,10,0.5387141719745223,0,18,None,66,1,5,False,1000,1000
7344,84,unweighted,10,0.5391122611464968,0,18,None,66,1,5,False,1000,1000
7345,80,unweighted,10,0.5764331210191083,0,31,None,66,1,5,False,1000,1000
7346,81,unweighted,10,0.5826035031847133,0,31,None,66,1,5,False,1000,1000
7347,82,unweighted,10,0.5897691082802548,0,31,None,66,1,5,False,1000,1000
7348,83,unweighted,10,0.595640923566879,0,31,None,66,1,5,False,1000,1000
7349,84,unweighted,10,0.6003184713375797,0,31,None,66,1,5,False,1000,1000
7350,80,unweighted,10,0.5576234076433121,0,32,None,66,1,5,False,1000,1000
7351,81,unweighted,10,0.560609076433121,0,32,None,66,1,5,False,1000,1000
7352,82,unweighted,10,0.5640923566878981,0,32,None,66,1,5,False,1000,1000
7353,83,unweighted,10,0.5677746815286624,0,32,None,66,1,5,False,1000,1000
7354,84,unweighted,10,0.5711584394904459,0,32,None,66,1,5,False,1000,1000
7355,80,unweighted,10,0.6000199044585988,0,7,None,66,1,5,False,1000,1000
7356,81,unweighted,10,0.6014132165605095,0,7,None,66,1,5,False,1000,1000
7357,82,unweighted,10,0.6034036624203821,0,7,None,66,1,5,False,1000,1000
7358,83,unweighted,10,0.6049960191082803,0,7,None,66,1,5,False,1000,1000
7359,84,unweighted,10,0.6069864649681529,0,7,None,66,1,5,False,1000,1000
7360,80,unweighted,10,0.6290804140127388,0,14,None,66,1,5,False,1000,1000
7361,81,unweighted,10,0.631468949044586,0,14,None,66,1,5,False,1000,1000
7362,82,unweighted,10,0.6338574840764332,0,14,None,66,1,5,False,1000,1000
7363,83,unweighted,10,0.6355493630573248,0,14,None,66,1,5,False,1000,1000
7364,84,unweighted,10,0.6384355095541401,0,14,None,66,1,5,False,1000,1000
7365,80,unweighted,10,0.584593949044586,0,0,None,66,1,5,False,1000,1000
7366,81,unweighted,10,0.5869824840764332,0,0,None,66,1,5,False,1000,1000
7367,82,unweighted,10,0.5884753184713376,0,0,None,66,1,5,False,1000,1000
7368,83,unweighted,10,0.5901671974522293,0,0,None,66,1,5,False,1000,1000
7369,84,unweighted,10,0.5914609872611465,0,0,None,66,1,5,False,1000,1000
7370,80,unweighted,10,0.5878781847133758,0,29,None,66,1,5,False,1000,1000
7371,81,unweighted,10,0.5907643312101911,0,29,None,66,1,5,False,1000,1000
7372,82,unweighted,10,0.5923566878980892,0,29,None,66,1,5,False,1000,1000
7373,83,unweighted,10,0.5932523885350318,0,29,None,66,1,5,False,1000,1000
7374,84,unweighted,10,0.5949442675159236,0,29,None,66,1,5,False,1000,1000
7375,80,unweighted,10,0.6170382165605095,0,4,None,66,1,5,False,1000,1000
7376,81,unweighted,10,0.6171377388535032,0,4,None,66,1,5,False,1000,1000
7377,82,unweighted,10,0.6170382165605095,0,4,None,66,1,5,False,1000,1000
7378,83,unweighted,10,0.617734872611465,0,4,None,66,1,5,False,1000,1000
7379,84,unweighted,10,0.6192277070063694,0,4,None,66,1,5,False,1000,1000
7380,80,unweighted,10,0.5356289808917197,0,10,None,66,1,5,False,1000,1000
7381,81,unweighted,10,0.5557324840764332,0,10,None,66,1,5,False,1000,1000
7382,82,unweighted,10,0.575437898089172,0,10,None,66,1,5,False,1000,1000
7383,83,unweighted,10,0.591859076433121,0,10,None,66,1,5,False,1000,1000
7384,84,unweighted,10,0.6041003184713376,0,10,None,66,1,5,False,1000,1000
7385,80,unweighted,10,0.4777070063694267,0,3,None,66,1,5,False,1000,1000
7386,81,unweighted,10,0.4130175159235669,0,3,None,66,1,5,False,1000,1000
7387,82,unweighted,10,0.399781050955414,0,3,None,66,1,5,False,1000,1000
7388,83,unweighted,10,0.3865445859872611,0,3,None,66,1,5,False,1000,1000
7389,84,unweighted,10,0.3750995222929936,0,3,None,66,1,5,False,1000,1000
7390,80,unweighted,10,0.5515525477707006,0,15,None,66,1,5,False,1000,1000
7391,81,unweighted,10,0.5550358280254777,0,15,None,66,1,5,False,1000,1000
7392,82,unweighted,10,0.5584195859872612,0,15,None,66,1,5,False,1000,1000
7393,83,unweighted,10,0.5633957006369427,0,15,None,66,1,5,False,1000,1000
7394,84,unweighted,10,0.5658837579617835,0,15,None,66,1,5,False,1000,1000
7395,80,unweighted,10,0.414609872611465,0,11,None,66,1,5,False,1000,1000
7396,81,unweighted,10,0.4013734076433121,0,11,None,66,1,5,False,1000,1000
7397,82,unweighted,10,0.3932125796178344,0,11,None,66,1,5,False,1000,1000
7398,83,unweighted,10,0.3859474522292994,0,11,None,66,1,5,False,1000,1000
7399,84,unweighted,10,0.3812699044585987,0,11,None,66,1,5,False,1000,1000
7400,80,unweighted,10,0.6217157643312102,0,9,None,66,1,5,False,1000,1000
7401,81,unweighted,10,0.6277866242038217,0,9,None,66,1,5,False,1000,1000
7402,82,unweighted,10,0.6334593949044586,0,9,None,66,1,5,False,1000,1000
7403,83,unweighted,10,0.6390326433121019,0,9,None,66,1,5,False,1000,1000
7404,84,unweighted,10,0.6456011146496815,0,9,None,66,1,5,False,1000,1000
7405,80,unweighted,10,0.6643113057324841,0,25,None,66,1,5,False,1000,1000
7406,81,unweighted,10,0.6650079617834395,0,25,None,66,1,5,False,1000,1000
7407,82,unweighted,10,0.6649084394904459,0,25,None,66,1,5,False,1000,1000
7408,83,unweighted,10,0.6648089171974523,0,25,None,66,1,5,False,1000,1000
7409,84,unweighted,10,0.6640127388535032,0,25,None,66,1,5,False,1000,1000
7410,80,unweighted,10,0.6186305732484076,0,12,None,66,1,5,False,1000,1000
7411,81,unweighted,10,0.6302746815286624,0,12,None,66,1,5,False,1000,1000
7412,82,unweighted,10,0.6399283439490446,0,12,None,66,1,5,False,1000,1000
7413,83,unweighted,10,0.6474920382165605,0,12,None,66,1,5,False,1000,1000
7414,84,unweighted,10,0.6528662420382165,0,12,None,66,1,5,False,1000,1000
7415,80,unweighted,10,0.595640923566879,0,6,None,66,1,5,False,1000,1000
7416,81,unweighted,10,0.5974323248407644,0,6,None,66,1,5,False,1000,1000
7417,82,unweighted,10,0.601015127388535,0,6,None,66,1,5,False,1000,1000
7418,83,unweighted,10,0.6046974522292994,0,6,None,66,1,5,False,1000,1000
7419,84,unweighted,10,0.6077826433121019,0,6,None,66,1,5,False,1000,1000
7420,80,unweighted,10,0.5831011146496815,0,26,None,66,1,5,False,1000,1000
7421,81,unweighted,10,0.5833996815286624,0,26,None,66,1,5,False,1000,1000
7422,82,unweighted,10,0.584593949044586,0,26,None,66,1,5,False,1000,1000
7423,83,unweighted,10,0.5859872611464968,0,26,None,66,1,5,False,1000,1000
7424,84,unweighted,10,0.5871815286624203,0,26,None,66,1,5,False,1000,1000
7425,85,unweighted,10,0.6106687898089171,0,1,None,66,1,5,False,1000,1000
7426,86,unweighted,10,0.6135549363057324,0,1,None,66,1,5,False,1000,1000
7427,87,unweighted,10,0.6154458598726115,0,1,None,66,1,5,False,1000,1000
7428,88,unweighted,10,0.6173367834394905,0,1,None,66,1,5,False,1000,1000
7429,89,unweighted,10,0.6183320063694268,0,1,None,66,1,5,False,1000,1000
7430,85,unweighted,10,0.5955414012738853,0,29,None,66,1,5,False,1000,1000
7431,86,unweighted,10,0.5974323248407644,0,29,None,66,1,5,False,1000,1000
7432,87,unweighted,10,0.598328025477707,0,29,None,66,1,5,False,1000,1000
7433,88,unweighted,10,0.5992237261146497,0,29,None,66,1,5,False,1000,1000
7434,89,unweighted,10,0.6011146496815286,0,29,None,66,1,5,False,1000,1000
7435,85,unweighted,10,0.6637141719745223,0,25,None,66,1,5,False,1000,1000
7436,86,unweighted,10,0.6645103503184714,0,25,None,66,1,5,False,1000,1000
7437,87,unweighted,10,0.6638136942675159,0,25,None,66,1,5,False,1000,1000
7438,88,unweighted,10,0.6638136942675159,0,25,None,66,1,5,False,1000,1000
7439,89,unweighted,10,0.6638136942675159,0,25,None,66,1,5,False,1000,1000
7440,85,unweighted,10,0.6515724522292994,0,13,None,66,1,5,False,1000,1000
7441,86,unweighted,10,0.6544585987261147,0,13,None,66,1,5,False,1000,1000
7442,87,unweighted,10,0.6558519108280255,0,13,None,66,1,5,False,1000,1000
7443,88,unweighted,10,0.6561504777070064,0,13,None,66,1,5,False,1000,1000
7444,89,unweighted,10,0.6568471337579618,0,13,None,66,1,5,False,1000,1000
7445,85,unweighted,10,0.6432125796178344,0,14,None,66,1,5,False,1000,1000
7446,86,unweighted,10,0.6455015923566879,0,14,None,66,1,5,False,1000,1000
7447,87,unweighted,10,0.6476910828025477,0,14,None,66,1,5,False,1000,1000
7448,88,unweighted,10,0.6493829617834395,0,14,None,66,1,5,False,1000,1000
7449,89,unweighted,10,0.6501791401273885,0,14,None,66,1,5,False,1000,1000
7450,85,unweighted,10,0.5882762738853503,0,26,None,66,1,5,False,1000,1000
7451,86,unweighted,10,0.5898686305732485,0,26,None,66,1,5,False,1000,1000
7452,87,unweighted,10,0.5909633757961783,0,26,None,66,1,5,False,1000,1000
7453,88,unweighted,10,0.5922571656050956,0,26,None,66,1,5,False,1000,1000
7454,89,unweighted,10,0.5935509554140127,0,26,None,66,1,5,False,1000,1000
7455,85,unweighted,10,0.5865843949044586,0,8,None,66,1,5,False,1000,1000
7456,86,unweighted,10,0.5969347133757962,0,8,None,66,1,5,False,1000,1000
7457,87,unweighted,10,0.6045979299363057,0,8,None,66,1,5,False,1000,1000
7458,88,unweighted,10,0.6098726114649682,0,8,None,66,1,5,False,1000,1000
7459,89,unweighted,10,0.6160429936305732,0,8,None,66,1,5,False,1000,1000
7460,85,unweighted,10,0.5998208598726115,0,22,None,66,1,5,False,1000,1000
7461,86,unweighted,10,0.6024084394904459,0,22,None,66,1,5,False,1000,1000
7462,87,unweighted,10,0.6040007961783439,0,22,None,66,1,5,False,1000,1000
7463,88,unweighted,10,0.6057921974522293,0,22,None,66,1,5,False,1000,1000
7464,89,unweighted,10,0.6084792993630573,0,22,None,66,1,5,False,1000,1000
7465,85,unweighted,10,0.5879777070063694,0,23,None,66,1,5,False,1000,1000
7466,86,unweighted,10,0.5919585987261147,0,23,None,66,1,5,False,1000,1000
7467,87,unweighted,10,0.5954418789808917,0,23,None,66,1,5,False,1000,1000
7468,88,unweighted,10,0.5992237261146497,0,23,None,66,1,5,False,1000,1000
7469,89,unweighted,10,0.6030055732484076,0,23,None,66,1,5,False,1000,1000
7470,85,unweighted,10,0.6420183121019108,0,16,None,66,1,5,False,1000,1000
7471,86,unweighted,10,0.6483877388535032,0,16,None,66,1,5,False,1000,1000
7472,87,unweighted,10,0.652468152866242,0,16,None,66,1,5,False,1000,1000
7473,88,unweighted,10,0.6572452229299363,0,16,None,66,1,5,False,1000,1000
7474,89,unweighted,10,0.6618232484076433,0,16,None,66,1,5,False,1000,1000
7475,85,unweighted,10,0.5953423566878981,0,32,None,66,1,5,False,1000,1000
7476,86,unweighted,10,0.5980294585987261,0,32,None,66,1,5,False,1000,1000
7477,87,unweighted,10,0.6004179936305732,0,32,None,66,1,5,False,1000,1000
7478,88,unweighted,10,0.6031050955414012,0,32,None,66,1,5,False,1000,1000
7479,89,unweighted,10,0.6041003184713376,0,32,None,66,1,5,False,1000,1000
7480,85,unweighted,10,0.6128582802547771,0,6,None,66,1,5,False,1000,1000
7481,86,unweighted,10,0.6152468152866242,0,6,None,66,1,5,False,1000,1000
7482,87,unweighted,10,0.6170382165605095,0,6,None,66,1,5,False,1000,1000
7483,88,unweighted,10,0.6188296178343949,0,6,None,66,1,5,False,1000,1000
7484,89,unweighted,10,0.6208200636942676,0,6,None,66,1,5,False,1000,1000
7485,85,unweighted,10,0.5942476114649682,0,19,None,66,1,5,False,1000,1000
7486,86,unweighted,10,0.5989251592356688,0,19,None,66,1,5,False,1000,1000
7487,87,unweighted,10,0.6016122611464968,0,19,None,66,1,5,False,1000,1000
7488,88,unweighted,10,0.6033041401273885,0,19,None,66,1,5,False,1000,1000
7489,89,unweighted,10,0.6061902866242038,0,19,None,66,1,5,False,1000,1000
7490,85,unweighted,10,0.5425955414012739,0,21,None,66,1,5,False,1000,1000
7491,86,unweighted,10,0.5406050955414012,0,21,None,66,1,5,False,1000,1000
7492,87,unweighted,10,0.5401074840764332,0,21,None,66,1,5,False,1000,1000
7493,88,unweighted,10,0.5400079617834395,0,21,None,66,1,5,False,1000,1000
7494,89,unweighted,10,0.5395103503184714,0,21,None,66,1,5,False,1000,1000
7495,85,unweighted,10,0.5806130573248408,0,2,None,66,1,5,False,1000,1000
7496,86,unweighted,10,0.5332404458598726,0,2,None,66,1,5,False,1000,1000
7497,87,unweighted,10,0.5071656050955414,0,2,None,66,1,5,False,1000,1000
7498,88,unweighted,10,0.4932324840764331,0,2,None,66,1,5,False,1000,1000
7499,89,unweighted,10,0.4840764331210191,0,2,None,66,1,5,False,1000,1000
7500,85,unweighted,10,0.6303742038216561,0,4,None,66,1,5,False,1000,1000
7501,86,unweighted,10,0.6305732484076433,0,4,None,66,1,5,False,1000,1000
7502,87,unweighted,10,0.6317675159235668,0,4,None,66,1,5,False,1000,1000
7503,88,unweighted,10,0.6328622611464968,0,4,None,66,1,5,False,1000,1000
7504,89,unweighted,10,0.6344546178343949,0,4,None,66,1,5,False,1000,1000
7505,85,unweighted,10,0.6109673566878981,0,5,None,66,1,5,False,1000,1000
7506,86,unweighted,10,0.620421974522293,0,5,None,66,1,5,False,1000,1000
7507,87,unweighted,10,0.6302746815286624,0,5,None,66,1,5,False,1000,1000
7508,88,unweighted,10,0.6380374203821656,0,5,None,66,1,5,False,1000,1000
7509,89,unweighted,10,0.6437101910828026,0,5,None,66,1,5,False,1000,1000
7510,85,unweighted,10,0.5052746815286624,0,3,None,66,1,5,False,1000,1000
7511,86,unweighted,10,0.4755175159235669,0,3,None,66,1,5,False,1000,1000
7512,87,unweighted,10,0.4500398089171974,0,3,None,66,1,5,False,1000,1000
7513,88,unweighted,10,0.4161027070063694,0,3,None,66,1,5,False,1000,1000
7514,89,unweighted,10,0.3911226114649681,0,3,None,66,1,5,False,1000,1000
7515,85,unweighted,10,0.6091759554140127,0,7,None,66,1,5,False,1000,1000
7516,86,unweighted,10,0.6099721337579618,0,7,None,66,1,5,False,1000,1000
7517,87,unweighted,10,0.6125597133757962,0,7,None,66,1,5,False,1000,1000
7518,88,unweighted,10,0.6148487261146497,0,7,None,66,1,5,False,1000,1000
7519,89,unweighted,10,0.6169386942675159,0,7,None,66,1,5,False,1000,1000
7520,85,unweighted,10,0.5694665605095541,0,10,None,66,1,5,False,1000,1000
7521,86,unweighted,10,0.5883757961783439,0,10,None,66,1,5,False,1000,1000
7522,87,unweighted,10,0.6011146496815286,0,10,None,66,1,5,False,1000,1000
7523,88,unweighted,10,0.6125597133757962,0,10,None,66,1,5,False,1000,1000
7524,89,unweighted,10,0.6194267515923567,0,10,None,66,1,5,False,1000,1000
7525,85,unweighted,10,0.6282842356687898,0,9,None,66,1,5,False,1000,1000
7526,86,unweighted,10,0.6340565286624203,0,9,None,66,1,5,False,1000,1000
7527,87,unweighted,10,0.6398288216560509,0,9,None,66,1,5,False,1000,1000
7528,88,unweighted,10,0.6459992038216561,0,9,None,66,1,5,False,1000,1000
7529,89,unweighted,10,0.6503781847133758,0,9,None,66,1,5,False,1000,1000
7530,85,unweighted,10,0.4355095541401274,0,11,None,66,1,5,False,1000,1000
7531,86,unweighted,10,0.4166998407643312,0,11,None,66,1,5,False,1000,1000
7532,87,unweighted,10,0.4054538216560509,0,11,None,66,1,5,False,1000,1000
7533,88,unweighted,10,0.3983877388535032,0,11,None,66,1,5,False,1000,1000
7534,89,unweighted,10,0.3921178343949044,0,11,None,66,1,5,False,1000,1000
7535,85,unweighted,10,0.5742436305732485,0,15,None,66,1,5,False,1000,1000
7536,86,unweighted,10,0.5777269108280255,0,15,None,66,1,5,False,1000,1000
7537,87,unweighted,10,0.5810111464968153,0,15,None,66,1,5,False,1000,1000
7538,88,unweighted,10,0.5841958598726115,0,15,None,66,1,5,False,1000,1000
7539,89,unweighted,10,0.5875796178343949,0,15,None,66,1,5,False,1000,1000
7540,85,unweighted,10,0.5936504777070064,0,17,None,66,1,5,False,1000,1000
7541,86,unweighted,10,0.59484474522293,0,17,None,66,1,5,False,1000,1000
7542,87,unweighted,10,0.5967356687898089,0,17,None,66,1,5,False,1000,1000
7543,88,unweighted,10,0.5988256369426752,0,17,None,66,1,5,False,1000,1000
7544,89,unweighted,10,0.6016122611464968,0,17,None,66,1,5,False,1000,1000
7545,85,unweighted,10,0.6407245222929936,0,12,None,66,1,5,False,1000,1000
7546,86,unweighted,10,0.6475915605095541,0,12,None,66,1,5,False,1000,1000
7547,87,unweighted,10,0.6521695859872612,0,12,None,66,1,5,False,1000,1000
7548,88,unweighted,10,0.6577428343949044,0,12,None,66,1,5,False,1000,1000
7549,89,unweighted,10,0.6605294585987261,0,12,None,66,1,5,False,1000,1000
7550,85,unweighted,10,0.5572253184713376,0,20,None,66,1,5,False,1000,1000
7551,86,unweighted,10,0.5413017515923567,0,20,None,66,1,5,False,1000,1000
7552,87,unweighted,10,0.5280652866242038,0,20,None,66,1,5,False,1000,1000
7553,88,unweighted,10,0.5201035031847133,0,20,None,66,1,5,False,1000,1000
7554,89,unweighted,10,0.5170183121019108,0,20,None,66,1,5,False,1000,1000
7555,85,unweighted,10,0.5502587579617835,0,18,None,66,1,5,False,1000,1000
7556,86,unweighted,10,0.549562101910828,0,18,None,66,1,5,False,1000,1000
7557,87,unweighted,10,0.5499601910828026,0,18,None,66,1,5,False,1000,1000
7558,88,unweighted,10,0.551453025477707,0,18,None,66,1,5,False,1000,1000
7559,89,unweighted,10,0.5515525477707006,0,18,None,66,1,5,False,1000,1000
7560,85,unweighted,10,0.569765127388535,0,28,None,66,1,5,False,1000,1000
7561,86,unweighted,10,0.574343152866242,0,28,None,66,1,5,False,1000,1000
7562,87,unweighted,10,0.5779259554140127,0,28,None,66,1,5,False,1000,1000
7563,88,unweighted,10,0.580015923566879,0,28,None,66,1,5,False,1000,1000
7564,89,unweighted,10,0.5826035031847133,0,28,None,66,1,5,False,1000,1000
7565,85,unweighted,10,0.5921576433121019,0,24,None,66,1,5,False,1000,1000
7566,86,unweighted,10,0.5984275477707006,0,24,None,66,1,5,False,1000,1000
7567,87,unweighted,10,0.6070859872611465,0,24,None,66,1,5,False,1000,1000
7568,88,unweighted,10,0.6133558917197452,0,24,None,66,1,5,False,1000,1000
7569,89,unweighted,10,0.6189291401273885,0,24,None,66,1,5,False,1000,1000
7570,85,unweighted,10,0.5977308917197452,0,0,None,66,1,5,False,1000,1000
7571,86,unweighted,10,0.599422770700637,0,0,None,66,1,5,False,1000,1000
7572,87,unweighted,10,0.6003184713375797,0,0,None,66,1,5,False,1000,1000
7573,88,unweighted,10,0.6027070063694268,0,0,None,66,1,5,False,1000,1000
7574,89,unweighted,10,0.6046974522292994,0,0,None,66,1,5,False,1000,1000
7575,85,unweighted,10,0.5882762738853503,0,27,None,66,1,5,False,1000,1000
7576,86,unweighted,10,0.5924562101910829,0,27,None,66,1,5,False,1000,1000
7577,87,unweighted,10,0.5952428343949044,0,27,None,66,1,5,False,1000,1000
7578,88,unweighted,10,0.598328025477707,0,27,None,66,1,5,False,1000,1000
7579,89,unweighted,10,0.6008160828025477,0,27,None,66,1,5,False,1000,1000
7580,85,unweighted,10,0.582703025477707,0,30,None,66,1,5,False,1000,1000
7581,86,unweighted,10,0.5835987261146497,0,30,None,66,1,5,False,1000,1000
7582,87,unweighted,10,0.583797770700637,0,30,None,66,1,5,False,1000,1000
7583,88,unweighted,10,0.5848925159235668,0,30,None,66,1,5,False,1000,1000
7584,89,unweighted,10,0.5856886942675159,0,30,None,66,1,5,False,1000,1000
7585,85,unweighted,10,0.6032046178343949,0,31,None,66,1,5,False,1000,1000
7586,86,unweighted,10,0.6065883757961783,0,31,None,66,1,5,False,1000,1000
7587,87,unweighted,10,0.6103702229299363,0,31,None,66,1,5,False,1000,1000
7588,88,unweighted,10,0.6149482484076433,0,31,None,66,1,5,False,1000,1000
7589,89,unweighted,10,0.6176353503184714,0,31,None,66,1,5,False,1000,1000
7590,90,unweighted,10,0.620421974522293,0,24,None,66,1,5,False,1000,1000
7591,91,unweighted,10,0.6249004777070064,0,24,None,66,1,5,False,1000,1000
7592,92,unweighted,10,0.6275875796178344,0,24,None,66,1,5,False,1000,1000
7593,93,unweighted,10,0.6297770700636943,0,24,None,66,1,5,False,1000,1000
7594,94,unweighted,10,0.6319665605095541,0,24,None,66,1,5,False,1000,1000
7595,90,unweighted,10,0.5923566878980892,0,15,None,66,1,5,False,1000,1000
7596,91,unweighted,10,0.5961385350318471,0,15,None,66,1,5,False,1000,1000
7597,92,unweighted,10,0.5987261146496815,0,15,None,66,1,5,False,1000,1000
7598,93,unweighted,10,0.6019108280254777,0,15,None,66,1,5,False,1000,1000
7599,94,unweighted,10,0.6034036624203821,0,15,None,66,1,5,False,1000,1000
7600,90,unweighted,10,0.4811902866242038,0,11,None,66,1,5,False,1000,1000
7601,91,unweighted,10,0.4459593949044586,0,11,None,66,1,5,False,1000,1000
7602,92,unweighted,10,0.4279458598726114,0,11,None,66,1,5,False,1000,1000
7603,93,unweighted,10,0.4171974522292994,0,11,None,66,1,5,False,1000,1000
7604,94,unweighted,10,0.4073447452229299,0,11,None,66,1,5,False,1000,1000
7605,90,unweighted,10,0.6528662420382165,0,17,None,66,1,5,False,1000,1000
7606,91,unweighted,10,0.6547571656050956,0,17,None,66,1,5,False,1000,1000
7607,92,unweighted,10,0.6549562101910829,0,17,None,66,1,5,False,1000,1000
7608,93,unweighted,10,0.65734474522293,0,17,None,66,1,5,False,1000,1000
7609,94,unweighted,10,0.6579418789808917,0,17,None,66,1,5,False,1000,1000
7610,90,unweighted,10,0.6471934713375797,0,16,None,66,1,5,False,1000,1000
7611,91,unweighted,10,0.6520700636942676,0,16,None,66,1,5,False,1000,1000
7612,92,unweighted,10,0.6566480891719745,0,16,None,66,1,5,False,1000,1000
7613,93,unweighted,10,0.6614251592356688,0,16,None,66,1,5,False,1000,1000
7614,94,unweighted,10,0.6655055732484076,0,16,None,66,1,5,False,1000,1000
7615,90,unweighted,10,0.6751592356687898,0,25,None,66,1,5,False,1000,1000
7616,91,unweighted,10,0.6755573248407644,0,25,None,66,1,5,False,1000,1000
7617,92,unweighted,10,0.6757563694267515,0,25,None,66,1,5,False,1000,1000
7618,93,unweighted,10,0.6754578025477707,0,25,None,66,1,5,False,1000,1000
7619,94,unweighted,10,0.6754578025477707,0,25,None,66,1,5,False,1000,1000
7620,90,unweighted,10,0.6214171974522293,0,7,None,66,1,5,False,1000,1000
7621,91,unweighted,10,0.6228105095541401,0,7,None,66,1,5,False,1000,1000
7622,92,unweighted,10,0.6256966560509554,0,7,None,66,1,5,False,1000,1000
7623,93,unweighted,10,0.6281847133757962,0,7,None,66,1,5,False,1000,1000
7624,94,unweighted,10,0.6300756369426752,0,7,None,66,1,5,False,1000,1000
7625,90,unweighted,10,0.6549562101910829,0,12,None,66,1,5,False,1000,1000
7626,91,unweighted,10,0.6596337579617835,0,12,None,66,1,5,False,1000,1000
7627,92,unweighted,10,0.6639132165605095,0,12,None,66,1,5,False,1000,1000
7628,93,unweighted,10,0.6676950636942676,0,12,None,66,1,5,False,1000,1000
7629,94,unweighted,10,0.6706807324840764,0,12,None,66,1,5,False,1000,1000
7630,90,unweighted,10,0.6542595541401274,0,14,None,66,1,5,False,1000,1000
7631,91,unweighted,10,0.6555533439490446,0,14,None,66,1,5,False,1000,1000
7632,92,unweighted,10,0.658140923566879,0,14,None,66,1,5,False,1000,1000
7633,93,unweighted,10,0.6592356687898089,0,14,None,66,1,5,False,1000,1000
7634,94,unweighted,10,0.6604299363057324,0,14,None,66,1,5,False,1000,1000
7635,90,unweighted,10,0.5977308917197452,0,26,None,66,1,5,False,1000,1000
7636,91,unweighted,10,0.5987261146496815,0,26,None,66,1,5,False,1000,1000
7637,92,unweighted,10,0.6001194267515924,0,26,None,66,1,5,False,1000,1000
7638,93,unweighted,10,0.6022093949044586,0,26,None,66,1,5,False,1000,1000
7639,94,unweighted,10,0.6030055732484076,0,26,None,66,1,5,False,1000,1000
7640,90,unweighted,10,0.6124601910828026,0,30,None,66,1,5,False,1000,1000
7641,91,unweighted,10,0.6123606687898089,0,30,None,66,1,5,False,1000,1000
7642,92,unweighted,10,0.6123606687898089,0,30,None,66,1,5,False,1000,1000
7643,93,unweighted,10,0.6126592356687898,0,30,None,66,1,5,False,1000,1000
7644,94,unweighted,10,0.6133558917197452,0,30,None,66,1,5,False,1000,1000
7645,90,unweighted,10,0.5664808917197452,0,18,None,66,1,5,False,1000,1000
7646,91,unweighted,10,0.5672770700636943,0,18,None,66,1,5,False,1000,1000
7647,92,unweighted,10,0.5680732484076433,0,18,None,66,1,5,False,1000,1000
7648,93,unweighted,10,0.5687699044585988,0,18,None,66,1,5,False,1000,1000
7649,94,unweighted,10,0.5699641719745223,0,18,None,66,1,5,False,1000,1000
7650,90,unweighted,10,0.604796974522293,0,19,None,66,1,5,False,1000,1000
7651,91,unweighted,10,0.607484076433121,0,19,None,66,1,5,False,1000,1000
7652,92,unweighted,10,0.609375,0,19,None,66,1,5,False,1000,1000
7653,93,unweighted,10,0.6119625796178344,0,19,None,66,1,5,False,1000,1000
7654,94,unweighted,10,0.6157444267515924,0,19,None,66,1,5,False,1000,1000
7655,90,unweighted,10,0.6266918789808917,0,31,None,66,1,5,False,1000,1000
7656,91,unweighted,10,0.6304737261146497,0,31,None,66,1,5,False,1000,1000
7657,92,unweighted,10,0.636843152866242,0,31,None,66,1,5,False,1000,1000
7658,93,unweighted,10,0.642515923566879,0,31,None,66,1,5,False,1000,1000
7659,94,unweighted,10,0.6475915605095541,0,31,None,66,1,5,False,1000,1000
7660,90,unweighted,10,0.622312898089172,0,1,None,66,1,5,False,1000,1000
7661,91,unweighted,10,0.6229100318471338,0,1,None,66,1,5,False,1000,1000
7662,92,unweighted,10,0.6247014331210191,0,1,None,66,1,5,False,1000,1000
7663,93,unweighted,10,0.62609474522293,0,1,None,66,1,5,False,1000,1000
7664,94,unweighted,10,0.6275875796178344,0,1,None,66,1,5,False,1000,1000
7665,90,unweighted,10,0.6012141719745223,0,2,None,66,1,5,False,1000,1000
7666,91,unweighted,10,0.5644904458598726,0,2,None,66,1,5,False,1000,1000
7667,92,unweighted,10,0.5414012738853503,0,2,None,66,1,5,False,1000,1000
7668,93,unweighted,10,0.5270700636942676,0,2,None,66,1,5,False,1000,1000
7669,94,unweighted,10,0.5153264331210191,0,2,None,66,1,5,False,1000,1000
7670,90,unweighted,10,0.6338574840764332,0,9,None,66,1,5,False,1000,1000
7671,91,unweighted,10,0.6389331210191083,0,9,None,66,1,5,False,1000,1000
7672,92,unweighted,10,0.6460987261146497,0,9,None,66,1,5,False,1000,1000
7673,93,unweighted,10,0.6503781847133758,0,9,None,66,1,5,False,1000,1000
7674,94,unweighted,10,0.6550557324840764,0,9,None,66,1,5,False,1000,1000
7675,90,unweighted,10,0.6394307324840764,0,5,None,66,1,5,False,1000,1000
7676,91,unweighted,10,0.6458996815286624,0,5,None,66,1,5,False,1000,1000
7677,92,unweighted,10,0.6514729299363057,0,5,None,66,1,5,False,1000,1000
7678,93,unweighted,10,0.65515525477707,0,5,None,66,1,5,False,1000,1000
7679,94,unweighted,10,0.6585390127388535,0,5,None,66,1,5,False,1000,1000
7680,90,unweighted,10,0.6571457006369427,0,13,None,66,1,5,False,1000,1000
7681,91,unweighted,10,0.6591361464968153,0,13,None,66,1,5,False,1000,1000
7682,92,unweighted,10,0.6594347133757962,0,13,None,66,1,5,False,1000,1000
7683,93,unweighted,10,0.6598328025477707,0,13,None,66,1,5,False,1000,1000
7684,94,unweighted,10,0.6603304140127388,0,13,None,66,1,5,False,1000,1000
7685,90,unweighted,10,0.5862858280254777,0,21,None,66,1,5,False,1000,1000
7686,91,unweighted,10,0.580812101910828,0,21,None,66,1,5,False,1000,1000
7687,92,unweighted,10,0.5810111464968153,0,21,None,66,1,5,False,1000,1000
7688,93,unweighted,10,0.5816082802547771,0,21,None,66,1,5,False,1000,1000
7689,94,unweighted,10,0.5828025477707006,0,21,None,66,1,5,False,1000,1000
7690,90,unweighted,10,0.5984275477707006,0,27,None,66,1,5,False,1000,1000
7691,91,unweighted,10,0.6001194267515924,0,27,None,66,1,5,False,1000,1000
7692,92,unweighted,10,0.6027070063694268,0,27,None,66,1,5,False,1000,1000
7693,93,unweighted,10,0.6033041401273885,0,27,None,66,1,5,False,1000,1000
7694,94,unweighted,10,0.6051950636942676,0,27,None,66,1,5,False,1000,1000
7695,90,unweighted,10,0.5834992038216561,0,28,None,66,1,5,False,1000,1000
7696,91,unweighted,10,0.5855891719745223,0,28,None,66,1,5,False,1000,1000
7697,92,unweighted,10,0.5874800955414012,0,28,None,66,1,5,False,1000,1000
7698,93,unweighted,10,0.5884753184713376,0,28,None,66,1,5,False,1000,1000
7699,94,unweighted,10,0.591062898089172,0,28,None,66,1,5,False,1000,1000
7700,90,unweighted,10,0.6007165605095541,0,29,None,66,1,5,False,1000,1000
7701,91,unweighted,10,0.6034036624203821,0,29,None,66,1,5,False,1000,1000
7702,92,unweighted,10,0.6050955414012739,0,29,None,66,1,5,False,1000,1000
7703,93,unweighted,10,0.6059912420382165,0,29,None,66,1,5,False,1000,1000
7704,94,unweighted,10,0.6069864649681529,0,29,None,66,1,5,False,1000,1000
7705,90,unweighted,10,0.5556329617834395,0,3,None,66,1,5,False,1000,1000
7706,91,unweighted,10,0.5041799363057324,0,3,None,66,1,5,False,1000,1000
7707,92,unweighted,10,0.4791998407643312,0,3,None,66,1,5,False,1000,1000
7708,93,unweighted,10,0.4628781847133758,0,3,None,66,1,5,False,1000,1000
7709,94,unweighted,10,0.4482484076433121,0,3,None,66,1,5,False,1000,1000
7710,90,unweighted,10,0.6427149681528662,0,4,None,66,1,5,False,1000,1000
7711,91,unweighted,10,0.6436106687898089,0,4,None,66,1,5,False,1000,1000
7712,92,unweighted,10,0.6438097133757962,0,4,None,66,1,5,False,1000,1000
7713,93,unweighted,10,0.6445063694267515,0,4,None,66,1,5,False,1000,1000
7714,94,unweighted,10,0.6460987261146497,0,4,None,66,1,5,False,1000,1000
7715,90,unweighted,10,0.609375,0,0,None,66,1,5,False,1000,1000
7716,91,unweighted,10,0.612062101910828,0,0,None,66,1,5,False,1000,1000
7717,92,unweighted,10,0.6137539808917197,0,0,None,66,1,5,False,1000,1000
7718,93,unweighted,10,0.6148487261146497,0,0,None,66,1,5,False,1000,1000
7719,94,unweighted,10,0.6167396496815286,0,0,None,66,1,5,False,1000,1000
7720,90,unweighted,10,0.6252985668789809,0,6,None,66,1,5,False,1000,1000
7721,91,unweighted,10,0.6274880573248408,0,6,None,66,1,5,False,1000,1000
7722,92,unweighted,10,0.6290804140127388,0,6,None,66,1,5,False,1000,1000
7723,93,unweighted,10,0.6305732484076433,0,6,None,66,1,5,False,1000,1000
7724,94,unweighted,10,0.631468949044586,0,6,None,66,1,5,False,1000,1000
7725,90,unweighted,10,0.6048964968152867,0,8,None,66,1,5,False,1000,1000
7726,91,unweighted,10,0.6106687898089171,0,8,None,66,1,5,False,1000,1000
7727,92,unweighted,10,0.6162420382165605,0,8,None,66,1,5,False,1000,1000
7728,93,unweighted,10,0.6214171974522293,0,8,None,66,1,5,False,1000,1000
7729,94,unweighted,10,0.6265923566878981,0,8,None,66,1,5,False,1000,1000
7730,90,unweighted,10,0.6024084394904459,0,20,None,66,1,5,False,1000,1000
7731,91,unweighted,10,0.5900676751592356,0,20,None,66,1,5,False,1000,1000
7732,92,unweighted,10,0.5817078025477707,0,20,None,66,1,5,False,1000,1000
7733,93,unweighted,10,0.5749402866242038,0,20,None,66,1,5,False,1000,1000
7734,94,unweighted,10,0.5703622611464968,0,20,None,66,1,5,False,1000,1000
7735,90,unweighted,10,0.5973328025477707,0,10,None,66,1,5,False,1000,1000
7736,91,unweighted,10,0.6114649681528662,0,10,None,66,1,5,False,1000,1000
7737,92,unweighted,10,0.6194267515923567,0,10,None,66,1,5,False,1000,1000
7738,93,unweighted,10,0.6248009554140127,0,10,None,66,1,5,False,1000,1000
7739,94,unweighted,10,0.6312699044585988,0,10,None,66,1,5,False,1000,1000
7740,90,unweighted,10,0.6084792993630573,0,22,None,66,1,5,False,1000,1000
7741,91,unweighted,10,0.6114649681528662,0,22,None,66,1,5,False,1000,1000
7742,92,unweighted,10,0.6123606687898089,0,22,None,66,1,5,False,1000,1000
7743,93,unweighted,10,0.6146496815286624,0,22,None,66,1,5,False,1000,1000
7744,94,unweighted,10,0.6169386942675159,0,22,None,66,1,5,False,1000,1000
7745,90,unweighted,10,0.6099721337579618,0,23,None,66,1,5,False,1000,1000
7746,91,unweighted,10,0.6133558917197452,0,23,None,66,1,5,False,1000,1000
7747,92,unweighted,10,0.616640127388535,0,23,None,66,1,5,False,1000,1000
7748,93,unweighted,10,0.6199243630573248,0,23,None,66,1,5,False,1000,1000
7749,94,unweighted,10,0.6237062101910829,0,23,None,66,1,5,False,1000,1000
7750,90,unweighted,10,0.616640127388535,0,32,None,66,1,5,False,1000,1000
7751,91,unweighted,10,0.6194267515923567,0,32,None,66,1,5,False,1000,1000
7752,92,unweighted,10,0.6213176751592356,0,32,None,66,1,5,False,1000,1000
7753,93,unweighted,10,0.6238057324840764,0,32,None,66,1,5,False,1000,1000
7754,94,unweighted,10,0.6262937898089171,0,32,None,66,1,5,False,1000,1000
7755,95,unweighted,10,0.6267914012738853,0,20,None,66,1,5,False,1000,1000
7756,96,unweighted,10,0.613953025477707,0,20,None,66,1,5,False,1000,1000
7757,97,unweighted,10,0.6059912420382165,0,20,None,66,1,5,False,1000,1000
7758,98,unweighted,10,0.5999203821656051,0,20,None,66,1,5,False,1000,1000
7759,99,unweighted,10,0.5960390127388535,0,20,None,66,1,5,False,1000,1000
7760,95,unweighted,10,0.6545581210191083,0,4,None,66,1,5,False,1000,1000
7761,96,unweighted,10,0.6563495222929936,0,4,None,66,1,5,False,1000,1000
7762,97,unweighted,10,0.6578423566878981,0,4,None,66,1,5,False,1000,1000
7763,98,unweighted,10,0.660031847133758,0,4,None,66,1,5,False,1000,1000
7764,99,unweighted,10,0.6611265923566879,0,4,None,66,1,5,False,1000,1000
7765,95,unweighted,10,0.5886743630573248,0,28,None,66,1,5,False,1000,1000
7766,96,unweighted,10,0.5896695859872612,0,28,None,66,1,5,False,1000,1000
7767,97,unweighted,10,0.5915605095541401,0,28,None,66,1,5,False,1000,1000
7768,98,unweighted,10,0.5927547770700637,0,28,None,66,1,5,False,1000,1000
7769,99,unweighted,10,0.5951433121019108,0,28,None,66,1,5,False,1000,1000
7770,95,unweighted,10,0.6290804140127388,0,1,None,66,1,5,False,1000,1000
7771,96,unweighted,10,0.6312699044585988,0,1,None,66,1,5,False,1000,1000
7772,97,unweighted,10,0.6318670382165605,0,1,None,66,1,5,False,1000,1000
7773,98,unweighted,10,0.6320660828025477,0,1,None,66,1,5,False,1000,1000
7774,99,unweighted,10,0.6332603503184714,0,1,None,66,1,5,False,1000,1000
7775,95,unweighted,10,0.6299761146496815,0,2,None,66,1,5,False,1000,1000
7776,96,unweighted,10,0.5968351910828026,0,2,None,66,1,5,False,1000,1000
7777,97,unweighted,10,0.57921974522293,0,2,None,66,1,5,False,1000,1000
7778,98,unweighted,10,0.5642914012738853,0,2,None,66,1,5,False,1000,1000
7779,99,unweighted,10,0.552547770700637,0,2,None,66,1,5,False,1000,1000
7780,95,unweighted,10,0.6555533439490446,0,5,None,66,1,5,False,1000,1000
7781,96,unweighted,10,0.6572452229299363,0,5,None,66,1,5,False,1000,1000
7782,97,unweighted,10,0.6609275477707006,0,5,None,66,1,5,False,1000,1000
7783,98,unweighted,10,0.6637141719745223,0,5,None,66,1,5,False,1000,1000
7784,99,unweighted,10,0.6676950636942676,0,5,None,66,1,5,False,1000,1000
7785,95,unweighted,10,0.6269904458598726,0,23,None,66,1,5,False,1000,1000
7786,96,unweighted,10,0.6312699044585988,0,23,None,66,1,5,False,1000,1000
7787,97,unweighted,10,0.634156050955414,0,23,None,66,1,5,False,1000,1000
7788,98,unweighted,10,0.6364450636942676,0,23,None,66,1,5,False,1000,1000
7789,99,unweighted,10,0.6397292993630573,0,23,None,66,1,5,False,1000,1000
7790,95,unweighted,10,0.6413216560509554,0,32,None,66,1,5,False,1000,1000
7791,96,unweighted,10,0.6423168789808917,0,32,None,66,1,5,False,1000,1000
7792,97,unweighted,10,0.6426154458598726,0,32,None,66,1,5,False,1000,1000
7793,98,unweighted,10,0.6435111464968153,0,32,None,66,1,5,False,1000,1000
7794,99,unweighted,10,0.6442078025477707,0,32,None,66,1,5,False,1000,1000
7795,95,unweighted,10,0.6632165605095541,0,13,None,66,1,5,False,1000,1000
7796,96,unweighted,10,0.6617237261146497,0,13,None,66,1,5,False,1000,1000
7797,97,unweighted,10,0.6612261146496815,0,13,None,66,1,5,False,1000,1000
7798,98,unweighted,10,0.6620222929936306,0,13,None,66,1,5,False,1000,1000
7799,99,unweighted,10,0.6624203821656051,0,13,None,66,1,5,False,1000,1000
7800,95,unweighted,10,0.6841162420382165,0,25,None,66,1,5,False,1000,1000
7801,96,unweighted,10,0.6838176751592356,0,25,None,66,1,5,False,1000,1000
7802,97,unweighted,10,0.6831210191082803,0,25,None,66,1,5,False,1000,1000
7803,98,unweighted,10,0.6832205414012739,0,25,None,66,1,5,False,1000,1000
7804,99,unweighted,10,0.6836186305732485,0,25,None,66,1,5,False,1000,1000
7805,95,unweighted,10,0.6209195859872612,0,22,None,66,1,5,False,1000,1000
7806,96,unweighted,10,0.6227109872611465,0,22,None,66,1,5,False,1000,1000
7807,97,unweighted,10,0.6245023885350318,0,22,None,66,1,5,False,1000,1000
7808,98,unweighted,10,0.6267914012738853,0,22,None,66,1,5,False,1000,1000
7809,99,unweighted,10,0.626890923566879,0,22,None,66,1,5,False,1000,1000
7810,95,unweighted,10,0.6668988853503185,0,14,None,66,1,5,False,1000,1000
7811,96,unweighted,10,0.6677945859872612,0,14,None,66,1,5,False,1000,1000
7812,97,unweighted,10,0.6679936305732485,0,14,None,66,1,5,False,1000,1000
7813,98,unweighted,10,0.6684912420382165,0,14,None,66,1,5,False,1000,1000
7814,99,unweighted,10,0.6700835987261147,0,14,None,66,1,5,False,1000,1000
7815,95,unweighted,10,0.6045979299363057,0,26,None,66,1,5,False,1000,1000
7816,96,unweighted,10,0.6059912420382165,0,26,None,66,1,5,False,1000,1000
7817,97,unweighted,10,0.6072850318471338,0,26,None,66,1,5,False,1000,1000
7818,98,unweighted,10,0.6077826433121019,0,26,None,66,1,5,False,1000,1000
7819,99,unweighted,10,0.6086783439490446,0,26,None,66,1,5,False,1000,1000
7820,95,unweighted,10,0.6611265923566879,0,12,None,66,1,5,False,1000,1000
7821,96,unweighted,10,0.6651074840764332,0,12,None,66,1,5,False,1000,1000
7822,97,unweighted,10,0.6702826433121019,0,12,None,66,1,5,False,1000,1000
7823,98,unweighted,10,0.6726711783439491,0,12,None,66,1,5,False,1000,1000
7824,99,unweighted,10,0.675656847133758,0,12,None,66,1,5,False,1000,1000
7825,95,unweighted,10,0.6321656050955414,0,6,None,66,1,5,False,1000,1000
7826,96,unweighted,10,0.6338574840764332,0,6,None,66,1,5,False,1000,1000
7827,97,unweighted,10,0.6340565286624203,0,6,None,66,1,5,False,1000,1000
7828,98,unweighted,10,0.6351512738853503,0,6,None,66,1,5,False,1000,1000
7829,99,unweighted,10,0.6369426751592356,0,6,None,66,1,5,False,1000,1000
7830,95,unweighted,10,0.6576433121019108,0,16,None,66,1,5,False,1000,1000
7831,96,unweighted,10,0.6634156050955414,0,16,None,66,1,5,False,1000,1000
7832,97,unweighted,10,0.6667993630573248,0,16,None,66,1,5,False,1000,1000
7833,98,unweighted,10,0.67078025477707,0,16,None,66,1,5,False,1000,1000
7834,99,unweighted,10,0.67296974522293,0,16,None,66,1,5,False,1000,1000
7835,95,unweighted,10,0.630672770700637,0,7,None,66,1,5,False,1000,1000
7836,96,unweighted,10,0.6323646496815286,0,7,None,66,1,5,False,1000,1000
7837,97,unweighted,10,0.6336584394904459,0,7,None,66,1,5,False,1000,1000
7838,98,unweighted,10,0.6353503184713376,0,7,None,66,1,5,False,1000,1000
7839,99,unweighted,10,0.6361464968152867,0,7,None,66,1,5,False,1000,1000
7840,95,unweighted,10,0.6182324840764332,0,19,None,66,1,5,False,1000,1000
7841,96,unweighted,10,0.6201234076433121,0,19,None,66,1,5,False,1000,1000
7842,97,unweighted,10,0.6225119426751592,0,19,None,66,1,5,False,1000,1000
7843,98,unweighted,10,0.6240047770700637,0,19,None,66,1,5,False,1000,1000
7844,99,unweighted,10,0.6261942675159236,0,19,None,66,1,5,False,1000,1000
7845,95,unweighted,10,0.6124601910828026,0,21,None,66,1,5,False,1000,1000
7846,96,unweighted,10,0.6089769108280255,0,21,None,66,1,5,False,1000,1000
7847,97,unweighted,10,0.6086783439490446,0,21,None,66,1,5,False,1000,1000
7848,98,unweighted,10,0.6089769108280255,0,21,None,66,1,5,False,1000,1000
7849,99,unweighted,10,0.6087778662420382,0,21,None,66,1,5,False,1000,1000
7850,95,unweighted,10,0.6170382165605095,0,8,None,66,1,5,False,1000,1000
7851,96,unweighted,10,0.6211186305732485,0,8,None,66,1,5,False,1000,1000
7852,97,unweighted,10,0.6255971337579618,0,8,None,66,1,5,False,1000,1000
7853,98,unweighted,10,0.6291799363057324,0,8,None,66,1,5,False,1000,1000
7854,99,unweighted,10,0.6334593949044586,0,8,None,66,1,5,False,1000,1000
7855,95,unweighted,10,0.5230891719745223,0,11,None,66,1,5,False,1000,1000
7856,96,unweighted,10,0.4936305732484076,0,11,None,66,1,5,False,1000,1000
7857,97,unweighted,10,0.4737261146496815,0,11,None,66,1,5,False,1000,1000
7858,98,unweighted,10,0.459593949044586,0,11,None,66,1,5,False,1000,1000
7859,99,unweighted,10,0.4495421974522293,0,11,None,66,1,5,False,1000,1000
7860,95,unweighted,10,0.6645103503184714,0,17,None,66,1,5,False,1000,1000
7861,96,unweighted,10,0.6643113057324841,0,17,None,66,1,5,False,1000,1000
7862,97,unweighted,10,0.6641122611464968,0,17,None,66,1,5,False,1000,1000
7863,98,unweighted,10,0.6641122611464968,0,17,None,66,1,5,False,1000,1000
7864,99,unweighted,10,0.6636146496815286,0,17,None,66,1,5,False,1000,1000
7865,95,unweighted,10,0.618531050955414,0,10,None,66,1,5,False,1000,1000
7866,96,unweighted,10,0.6259952229299363,0,10,None,66,1,5,False,1000,1000
7867,97,unweighted,10,0.6320660828025477,0,10,None,66,1,5,False,1000,1000
7868,98,unweighted,10,0.6365445859872612,0,10,None,66,1,5,False,1000,1000
7869,99,unweighted,10,0.6420183121019108,0,10,None,66,1,5,False,1000,1000
7870,95,unweighted,10,0.5704617834394905,0,3,None,66,1,5,False,1000,1000
7871,96,unweighted,10,0.536922770700637,0,3,None,66,1,5,False,1000,1000
7872,97,unweighted,10,0.5028861464968153,0,3,None,66,1,5,False,1000,1000
7873,98,unweighted,10,0.4812898089171974,0,3,None,66,1,5,False,1000,1000
7874,99,unweighted,10,0.4659633757961783,0,3,None,66,1,5,False,1000,1000
7875,95,unweighted,10,0.6087778662420382,0,15,None,66,1,5,False,1000,1000
7876,96,unweighted,10,0.6109673566878981,0,15,None,66,1,5,False,1000,1000
7877,97,unweighted,10,0.6119625796178344,0,15,None,66,1,5,False,1000,1000
7878,98,unweighted,10,0.6137539808917197,0,15,None,66,1,5,False,1000,1000
7879,99,unweighted,10,0.6163415605095541,0,15,None,66,1,5,False,1000,1000
7880,95,unweighted,10,0.5816082802547771,0,18,None,66,1,5,False,1000,1000
7881,96,unweighted,10,0.5823049363057324,0,18,None,66,1,5,False,1000,1000
7882,97,unweighted,10,0.5831011146496815,0,18,None,66,1,5,False,1000,1000
7883,98,unweighted,10,0.5834992038216561,0,18,None,66,1,5,False,1000,1000
7884,99,unweighted,10,0.5840963375796179,0,18,None,66,1,5,False,1000,1000
7885,95,unweighted,10,0.6007165605095541,0,29,None,66,1,5,False,1000,1000
7886,96,unweighted,10,0.602906050955414,0,29,None,66,1,5,False,1000,1000
7887,97,unweighted,10,0.6041003184713376,0,29,None,66,1,5,False,1000,1000
7888,98,unweighted,10,0.6045979299363057,0,29,None,66,1,5,False,1000,1000
7889,99,unweighted,10,0.605593152866242,0,29,None,66,1,5,False,1000,1000
7890,95,unweighted,10,0.6381369426751592,0,9,None,66,1,5,False,1000,1000
7891,96,unweighted,10,0.644406847133758,0,9,None,66,1,5,False,1000,1000
7892,97,unweighted,10,0.6491839171974523,0,9,None,66,1,5,False,1000,1000
7893,98,unweighted,10,0.6537619426751592,0,9,None,66,1,5,False,1000,1000
7894,99,unweighted,10,0.6582404458598726,0,9,None,66,1,5,False,1000,1000
7895,95,unweighted,10,0.6301751592356688,0,24,None,66,1,5,False,1000,1000
7896,96,unweighted,10,0.6313694267515924,0,24,None,66,1,5,False,1000,1000
7897,97,unweighted,10,0.6326632165605095,0,24,None,66,1,5,False,1000,1000
7898,98,unweighted,10,0.6342555732484076,0,24,None,66,1,5,False,1000,1000
7899,99,unweighted,10,0.6361464968152867,0,24,None,66,1,5,False,1000,1000
7900,95,unweighted,10,0.6187300955414012,0,0,None,66,1,5,False,1000,1000
7901,96,unweighted,10,0.6207205414012739,0,0,None,66,1,5,False,1000,1000
7902,97,unweighted,10,0.6224124203821656,0,0,None,66,1,5,False,1000,1000
7903,98,unweighted,10,0.6251990445859873,0,0,None,66,1,5,False,1000,1000
7904,99,unweighted,10,0.6271894904458599,0,0,None,66,1,5,False,1000,1000
7905,95,unweighted,10,0.6336584394904459,0,30,None,66,1,5,False,1000,1000
7906,96,unweighted,10,0.6325636942675159,0,30,None,66,1,5,False,1000,1000
7907,97,unweighted,10,0.6327627388535032,0,30,None,66,1,5,False,1000,1000
7908,98,unweighted,10,0.6328622611464968,0,30,None,66,1,5,False,1000,1000
7909,99,unweighted,10,0.6331608280254777,0,30,None,66,1,5,False,1000,1000
7910,95,unweighted,10,0.6041003184713376,0,27,None,66,1,5,False,1000,1000
7911,96,unweighted,10,0.6065883757961783,0,27,None,66,1,5,False,1000,1000
7912,97,unweighted,10,0.6081807324840764,0,27,None,66,1,5,False,1000,1000
7913,98,unweighted,10,0.6107683121019108,0,27,None,66,1,5,False,1000,1000
7914,99,unweighted,10,0.6117635350318471,0,27,None,66,1,5,False,1000,1000
7915,95,unweighted,10,0.6569466560509554,0,31,None,66,1,5,False,1000,1000
7916,96,unweighted,10,0.6591361464968153,0,31,None,66,1,5,False,1000,1000
7917,97,unweighted,10,0.661922770700637,0,31,None,66,1,5,False,1000,1000
7918,98,unweighted,10,0.6650079617834395,0,31,None,66,1,5,False,1000,1000
7919,99,unweighted,10,0.6667993630573248,0,31,None,66,1,5,False,1000,1000
7920,100,unweighted,10,0.6363455414012739,0,24,None,66,1,5,False,1000,1000
7921,101,unweighted,10,0.6377388535031847,0,24,None,66,1,5,False,1000,1000
7922,102,unweighted,10,0.6398288216560509,0,24,None,66,1,5,False,1000,1000
7923,103,unweighted,10,0.6424164012738853,0,24,None,66,1,5,False,1000,1000
7924,104,unweighted,10,0.6440087579617835,0,24,None,66,1,5,False,1000,1000
7925,100,unweighted,10,0.6342555732484076,0,1,None,66,1,5,False,1000,1000
7926,101,unweighted,10,0.6358479299363057,0,1,None,66,1,5,False,1000,1000
7927,102,unweighted,10,0.6371417197452229,0,1,None,66,1,5,False,1000,1000
7928,103,unweighted,10,0.6380374203821656,0,1,None,66,1,5,False,1000,1000
7929,104,unweighted,10,0.6389331210191083,0,1,None,66,1,5,False,1000,1000
7930,100,unweighted,10,0.6236066878980892,0,21,None,66,1,5,False,1000,1000
7931,101,unweighted,10,0.6213176751592356,0,21,None,66,1,5,False,1000,1000
7932,102,unweighted,10,0.621218152866242,0,21,None,66,1,5,False,1000,1000
7933,103,unweighted,10,0.6218152866242038,0,21,None,66,1,5,False,1000,1000
7934,104,unweighted,10,0.6218152866242038,0,21,None,66,1,5,False,1000,1000
7935,100,unweighted,10,0.6480891719745223,0,2,None,66,1,5,False,1000,1000
7936,101,unweighted,10,0.6262937898089171,0,2,None,66,1,5,False,1000,1000
7937,102,unweighted,10,0.6065883757961783,0,2,None,66,1,5,False,1000,1000
7938,103,unweighted,10,0.5966361464968153,0,2,None,66,1,5,False,1000,1000
7939,104,unweighted,10,0.5841958598726115,0,2,None,66,1,5,False,1000,1000
7940,100,unweighted,10,0.6658041401273885,0,17,None,66,1,5,False,1000,1000
7941,101,unweighted,10,0.6656050955414012,0,17,None,66,1,5,False,1000,1000
7942,102,unweighted,10,0.6664012738853503,0,17,None,66,1,5,False,1000,1000
7943,103,unweighted,10,0.6664012738853503,0,17,None,66,1,5,False,1000,1000
7944,104,unweighted,10,0.6659036624203821,0,17,None,66,1,5,False,1000,1000
7945,100,unweighted,10,0.5839968152866242,0,20,None,66,1,5,False,1000,1000
7946,101,unweighted,10,0.5858877388535032,0,20,None,66,1,5,False,1000,1000
7947,102,unweighted,10,0.5992237261146497,0,20,None,66,1,5,False,1000,1000
7948,103,unweighted,10,0.6045979299363057,0,20,None,66,1,5,False,1000,1000
7949,104,unweighted,10,0.6054936305732485,0,20,None,66,1,5,False,1000,1000
7950,100,unweighted,10,0.6296775477707006,0,22,None,66,1,5,False,1000,1000
7951,101,unweighted,10,0.6308718152866242,0,22,None,66,1,5,False,1000,1000
7952,102,unweighted,10,0.6325636942675159,0,22,None,66,1,5,False,1000,1000
7953,103,unweighted,10,0.6350517515923567,0,22,None,66,1,5,False,1000,1000
7954,104,unweighted,10,0.6367436305732485,0,22,None,66,1,5,False,1000,1000
7955,100,unweighted,10,0.651671974522293,0,32,None,66,1,5,False,1000,1000
7956,101,unweighted,10,0.6515724522292994,0,32,None,66,1,5,False,1000,1000
7957,102,unweighted,10,0.6521695859872612,0,32,None,66,1,5,False,1000,1000
7958,103,unweighted,10,0.6529657643312102,0,32,None,66,1,5,False,1000,1000
7959,104,unweighted,10,0.652468152866242,0,32,None,66,1,5,False,1000,1000
7960,100,unweighted,10,0.666202229299363,0,13,None,66,1,5,False,1000,1000
7961,101,unweighted,10,0.666202229299363,0,13,None,66,1,5,False,1000,1000
7962,102,unweighted,10,0.6663017515923567,0,13,None,66,1,5,False,1000,1000
7963,103,unweighted,10,0.666202229299363,0,13,None,66,1,5,False,1000,1000
7964,104,unweighted,10,0.6664012738853503,0,13,None,66,1,5,False,1000,1000
7965,100,unweighted,10,0.6359474522292994,0,23,None,66,1,5,False,1000,1000
7966,101,unweighted,10,0.6388335987261147,0,23,None,66,1,5,False,1000,1000
7967,102,unweighted,10,0.6415207006369427,0,23,None,66,1,5,False,1000,1000
7968,103,unweighted,10,0.6441082802547771,0,23,None,66,1,5,False,1000,1000
7969,104,unweighted,10,0.6455015923566879,0,23,None,66,1,5,False,1000,1000
7970,100,unweighted,10,0.6876990445859873,0,25,None,66,1,5,False,1000,1000
7971,101,unweighted,10,0.6877985668789809,0,25,None,66,1,5,False,1000,1000
7972,102,unweighted,10,0.6866042993630573,0,25,None,66,1,5,False,1000,1000
7973,103,unweighted,10,0.6871019108280255,0,25,None,66,1,5,False,1000,1000
7974,104,unweighted,10,0.6878980891719745,0,25,None,66,1,5,False,1000,1000
7975,100,unweighted,10,0.5916600318471338,0,28,None,66,1,5,False,1000,1000
7976,101,unweighted,10,0.5933519108280255,0,28,None,66,1,5,False,1000,1000
7977,102,unweighted,10,0.5960390127388535,0,28,None,66,1,5,False,1000,1000
7978,103,unweighted,10,0.5981289808917197,0,28,None,66,1,5,False,1000,1000
7979,104,unweighted,10,0.599422770700637,0,28,None,66,1,5,False,1000,1000
7980,100,unweighted,10,0.6445063694267515,0,9,None,66,1,5,False,1000,1000
7981,101,unweighted,10,0.6496815286624203,0,9,None,66,1,5,False,1000,1000
7982,102,unweighted,10,0.6538614649681529,0,9,None,66,1,5,False,1000,1000
7983,103,unweighted,10,0.6582404458598726,0,9,None,66,1,5,False,1000,1000
7984,104,unweighted,10,0.6621218152866242,0,9,None,66,1,5,False,1000,1000
7985,100,unweighted,10,0.6070859872611465,0,29,None,66,1,5,False,1000,1000
7986,101,unweighted,10,0.6088773885350318,0,29,None,66,1,5,False,1000,1000
7987,102,unweighted,10,0.6102707006369427,0,29,None,66,1,5,False,1000,1000
7988,103,unweighted,10,0.6115644904458599,0,29,None,66,1,5,False,1000,1000
7989,104,unweighted,10,0.6127587579617835,0,29,None,66,1,5,False,1000,1000
7990,100,unweighted,10,0.6310708598726115,0,0,None,66,1,5,False,1000,1000
7991,101,unweighted,10,0.6331608280254777,0,0,None,66,1,5,False,1000,1000
7992,102,unweighted,10,0.6344546178343949,0,0,None,66,1,5,False,1000,1000
7993,103,unweighted,10,0.6361464968152867,0,0,None,66,1,5,False,1000,1000
7994,104,unweighted,10,0.6378383757961783,0,0,None,66,1,5,False,1000,1000
7995,100,unweighted,10,0.609375,0,27,None,66,1,5,False,1000,1000
7996,101,unweighted,10,0.6115644904458599,0,27,None,66,1,5,False,1000,1000
7997,102,unweighted,10,0.6128582802547771,0,27,None,66,1,5,False,1000,1000
7998,103,unweighted,10,0.613953025477707,0,27,None,66,1,5,False,1000,1000
7999,104,unweighted,10,0.6149482484076433,0,27,None,66,1,5,False,1000,1000
8000,100,unweighted,10,0.6657046178343949,0,16,None,66,1,5,False,1000,1000
8001,101,unweighted,10,0.6692874203821656,0,16,None,66,1,5,False,1000,1000
8002,102,unweighted,10,0.67296974522293,0,16,None,66,1,5,False,1000,1000
8003,103,unweighted,10,0.6757563694267515,0,16,None,66,1,5,False,1000,1000
8004,104,unweighted,10,0.6782444267515924,0,16,None,66,1,5,False,1000,1000
8005,100,unweighted,10,0.6257961783439491,0,10,None,66,1,5,False,1000,1000
8006,101,unweighted,10,0.6320660828025477,0,10,None,66,1,5,False,1000,1000
8007,102,unweighted,10,0.6362460191082803,0,10,None,66,1,5,False,1000,1000
8008,103,unweighted,10,0.6426154458598726,0,10,None,66,1,5,False,1000,1000
8009,104,unweighted,10,0.6467953821656051,0,10,None,66,1,5,False,1000,1000
8010,100,unweighted,10,0.5395103503184714,0,11,None,66,1,5,False,1000,1000
8011,101,unweighted,10,0.5192078025477707,0,11,None,66,1,5,False,1000,1000
8012,102,unweighted,10,0.5020899681528662,0,11,None,66,1,5,False,1000,1000
8013,103,unweighted,10,0.487062101910828,0,11,None,66,1,5,False,1000,1000
8014,104,unweighted,10,0.4782046178343949,0,11,None,66,1,5,False,1000,1000
8015,100,unweighted,10,0.6126592356687898,0,15,None,66,1,5,False,1000,1000
8016,101,unweighted,10,0.6144506369426752,0,15,None,66,1,5,False,1000,1000
8017,102,unweighted,10,0.6162420382165605,0,15,None,66,1,5,False,1000,1000
8018,103,unweighted,10,0.6184315286624203,0,15,None,66,1,5,False,1000,1000
8019,104,unweighted,10,0.6202229299363057,0,15,None,66,1,5,False,1000,1000
8020,100,unweighted,10,0.6629179936305732,0,5,None,66,1,5,False,1000,1000
8021,101,unweighted,10,0.6652070063694268,0,5,None,66,1,5,False,1000,1000
8022,102,unweighted,10,0.6683917197452229,0,5,None,66,1,5,False,1000,1000
8023,103,unweighted,10,0.6705812101910829,0,5,None,66,1,5,False,1000,1000
8024,104,unweighted,10,0.6734673566878981,0,5,None,66,1,5,False,1000,1000
8025,100,unweighted,10,0.6384355095541401,0,6,None,66,1,5,False,1000,1000
8026,101,unweighted,10,0.63953025477707,0,6,None,66,1,5,False,1000,1000
8027,102,unweighted,10,0.6398288216560509,0,6,None,66,1,5,False,1000,1000
8028,103,unweighted,10,0.640625,0,6,None,66,1,5,False,1000,1000
8029,104,unweighted,10,0.6413216560509554,0,6,None,66,1,5,False,1000,1000
8030,100,unweighted,10,0.6442078025477707,0,7,None,66,1,5,False,1000,1000
8031,101,unweighted,10,0.6453025477707006,0,7,None,66,1,5,False,1000,1000
8032,102,unweighted,10,0.6460987261146497,0,7,None,66,1,5,False,1000,1000
8033,103,unweighted,10,0.6468949044585988,0,7,None,66,1,5,False,1000,1000
8034,104,unweighted,10,0.6475915605095541,0,7,None,66,1,5,False,1000,1000
8035,100,unweighted,10,0.6649084394904459,0,4,None,66,1,5,False,1000,1000
8036,101,unweighted,10,0.6663017515923567,0,4,None,66,1,5,False,1000,1000
8037,102,unweighted,10,0.6663017515923567,0,4,None,66,1,5,False,1000,1000
8038,103,unweighted,10,0.6683917197452229,0,4,None,66,1,5,False,1000,1000
8039,104,unweighted,10,0.6703821656050956,0,4,None,66,1,5,False,1000,1000
8040,100,unweighted,10,0.6703821656050956,0,12,None,66,1,5,False,1000,1000
8041,101,unweighted,10,0.6747611464968153,0,12,None,66,1,5,False,1000,1000
8042,102,unweighted,10,0.6771496815286624,0,12,None,66,1,5,False,1000,1000
8043,103,unweighted,10,0.6798367834394905,0,12,None,66,1,5,False,1000,1000
8044,104,unweighted,10,0.681827229299363,0,12,None,66,1,5,False,1000,1000
8045,100,unweighted,10,0.6768511146496815,0,14,None,66,1,5,False,1000,1000
8046,101,unweighted,10,0.6772492038216561,0,14,None,66,1,5,False,1000,1000
8047,102,unweighted,10,0.6787420382165605,0,14,None,66,1,5,False,1000,1000
8048,103,unweighted,10,0.6789410828025477,0,14,None,66,1,5,False,1000,1000
8049,104,unweighted,10,0.6795382165605095,0,14,None,66,1,5,False,1000,1000
8050,100,unweighted,10,0.6119625796178344,0,26,None,66,1,5,False,1000,1000
8051,101,unweighted,10,0.6119625796178344,0,26,None,66,1,5,False,1000,1000
8052,102,unweighted,10,0.6137539808917197,0,26,None,66,1,5,False,1000,1000
8053,103,unweighted,10,0.6148487261146497,0,26,None,66,1,5,False,1000,1000
8054,104,unweighted,10,0.6156449044585988,0,26,None,66,1,5,False,1000,1000
8055,100,unweighted,10,0.6481886942675159,0,30,None,66,1,5,False,1000,1000
8056,101,unweighted,10,0.6474920382165605,0,30,None,66,1,5,False,1000,1000
8057,102,unweighted,10,0.6473925159235668,0,30,None,66,1,5,False,1000,1000
8058,103,unweighted,10,0.647093949044586,0,30,None,66,1,5,False,1000,1000
8059,104,unweighted,10,0.6471934713375797,0,30,None,66,1,5,False,1000,1000
8060,100,unweighted,10,0.6234076433121019,0,8,None,66,1,5,False,1000,1000
8061,101,unweighted,10,0.6273885350318471,0,8,None,66,1,5,False,1000,1000
8062,102,unweighted,10,0.6307722929936306,0,8,None,66,1,5,False,1000,1000
8063,103,unweighted,10,0.6345541401273885,0,8,None,66,1,5,False,1000,1000
8064,104,unweighted,10,0.6375398089171974,0,8,None,66,1,5,False,1000,1000
8065,100,unweighted,10,0.5904657643312102,0,3,None,66,1,5,False,1000,1000
8066,101,unweighted,10,0.568968949044586,0,3,None,66,1,5,False,1000,1000
8067,102,unweighted,10,0.5475716560509554,0,3,None,66,1,5,False,1000,1000
8068,103,unweighted,10,0.5294585987261147,0,3,None,66,1,5,False,1000,1000
8069,104,unweighted,10,0.5115445859872612,0,3,None,66,1,5,False,1000,1000
8070,100,unweighted,10,0.5904657643312102,0,18,None,66,1,5,False,1000,1000
8071,101,unweighted,10,0.5900676751592356,0,18,None,66,1,5,False,1000,1000
8072,102,unweighted,10,0.5920581210191083,0,18,None,66,1,5,False,1000,1000
8073,103,unweighted,10,0.5925557324840764,0,18,None,66,1,5,False,1000,1000
8074,104,unweighted,10,0.5936504777070064,0,18,None,66,1,5,False,1000,1000
8075,100,unweighted,10,0.6262937898089171,0,19,None,66,1,5,False,1000,1000
8076,101,unweighted,10,0.6300756369426752,0,19,None,66,1,5,False,1000,1000
8077,102,unweighted,10,0.6328622611464968,0,19,None,66,1,5,False,1000,1000
8078,103,unweighted,10,0.6356488853503185,0,19,None,66,1,5,False,1000,1000
8079,104,unweighted,10,0.637937898089172,0,19,None,66,1,5,False,1000,1000
8080,100,unweighted,10,0.6676950636942676,0,31,None,66,1,5,False,1000,1000
8081,101,unweighted,10,0.669187898089172,0,31,None,66,1,5,False,1000,1000
8082,102,unweighted,10,0.6704816878980892,0,31,None,66,1,5,False,1000,1000
8083,103,unweighted,10,0.6712778662420382,0,31,None,66,1,5,False,1000,1000
8084,104,unweighted,10,0.6722730891719745,0,31,None,66,1,5,False,1000,1000
11220,105,unweighted,10,0.6407245222929936,0,1,None,66,1,5,False,1000,1000
11221,106,unweighted,10,0.6420183121019108,0,1,None,66,1,5,False,1000,1000
11222,107,unweighted,10,0.6429140127388535,0,1,None,66,1,5,False,1000,1000
11223,108,unweighted,10,0.6438097133757962,0,1,None,66,1,5,False,1000,1000
11224,109,unweighted,10,0.6448049363057324,0,1,None,66,1,5,False,1000,1000
11225,105,unweighted,10,0.6728702229299363,0,16,None,66,1,5,False,1000,1000
11226,106,unweighted,10,0.6753582802547771,0,16,None,66,1,5,False,1000,1000
11227,107,unweighted,10,0.677547770700637,0,16,None,66,1,5,False,1000,1000
11228,108,unweighted,10,0.6825238853503185,0,16,None,66,1,5,False,1000,1000
11229,109,unweighted,10,0.6860071656050956,0,16,None,66,1,5,False,1000,1000
11230,105,unweighted,10,0.632265127388535,0,8,None,66,1,5,False,1000,1000
11231,106,unweighted,10,0.6344546178343949,0,8,None,66,1,5,False,1000,1000
11232,107,unweighted,10,0.6376393312101911,0,8,None,66,1,5,False,1000,1000
11233,108,unweighted,10,0.6412221337579618,0,8,None,66,1,5,False,1000,1000
11234,109,unweighted,10,0.6440087579617835,0,8,None,66,1,5,False,1000,1000
11235,105,unweighted,10,0.6370421974522293,0,19,None,66,1,5,False,1000,1000
11236,106,unweighted,10,0.6393312101910829,0,19,None,66,1,5,False,1000,1000
11237,107,unweighted,10,0.6413216560509554,0,19,None,66,1,5,False,1000,1000
11238,108,unweighted,10,0.6436106687898089,0,19,None,66,1,5,False,1000,1000
11239,109,unweighted,10,0.6460987261146497,0,19,None,66,1,5,False,1000,1000
11240,105,unweighted,10,0.6760549363057324,0,14,None,66,1,5,False,1000,1000
11241,106,unweighted,10,0.6765525477707006,0,14,None,66,1,5,False,1000,1000
11242,107,unweighted,10,0.6774482484076433,0,14,None,66,1,5,False,1000,1000
11243,108,unweighted,10,0.6782444267515924,0,14,None,66,1,5,False,1000,1000
11244,109,unweighted,10,0.6790406050955414,0,14,None,66,1,5,False,1000,1000
11245,105,unweighted,10,0.6359474522292994,0,22,None,66,1,5,False,1000,1000
11246,106,unweighted,10,0.6380374203821656,0,22,None,66,1,5,False,1000,1000
11247,107,unweighted,10,0.6393312101910829,0,22,None,66,1,5,False,1000,1000
11248,108,unweighted,10,0.6403264331210191,0,22,None,66,1,5,False,1000,1000
11249,109,unweighted,10,0.6423168789808917,0,22,None,66,1,5,False,1000,1000
11250,105,unweighted,10,0.6900875796178344,0,25,None,66,1,5,False,1000,1000
11251,106,unweighted,10,0.6897890127388535,0,25,None,66,1,5,False,1000,1000
11252,107,unweighted,10,0.6902866242038217,0,25,None,66,1,5,False,1000,1000
11253,108,unweighted,10,0.6908837579617835,0,25,None,66,1,5,False,1000,1000
11254,109,unweighted,10,0.6905851910828026,0,25,None,66,1,5,False,1000,1000
11255,105,unweighted,10,0.6290804140127388,0,21,None,66,1,5,False,1000,1000
11256,106,unweighted,10,0.6277866242038217,0,21,None,66,1,5,False,1000,1000
11257,107,unweighted,10,0.6273885350318471,0,21,None,66,1,5,False,1000,1000
11258,108,unweighted,10,0.6261942675159236,0,21,None,66,1,5,False,1000,1000
11259,109,unweighted,10,0.6261942675159236,0,21,None,66,1,5,False,1000,1000
11260,105,unweighted,10,0.6195262738853503,0,26,None,66,1,5,False,1000,1000
11261,106,unweighted,10,0.6205214968152867,0,26,None,66,1,5,False,1000,1000
11262,107,unweighted,10,0.6209195859872612,0,26,None,66,1,5,False,1000,1000
11263,108,unweighted,10,0.6226114649681529,0,26,None,66,1,5,False,1000,1000
11264,109,unweighted,10,0.6238057324840764,0,26,None,66,1,5,False,1000,1000
11265,105,unweighted,10,0.6409235668789809,0,24,None,66,1,5,False,1000,1000
11266,106,unweighted,10,0.6429140127388535,0,24,None,66,1,5,False,1000,1000
11267,107,unweighted,10,0.6448049363057324,0,24,None,66,1,5,False,1000,1000
11268,108,unweighted,10,0.6464968152866242,0,24,None,66,1,5,False,1000,1000
11269,109,unweighted,10,0.6480891719745223,0,24,None,66,1,5,False,1000,1000
11270,105,unweighted,10,0.6075835987261147,0,29,None,66,1,5,False,1000,1000
11271,106,unweighted,10,0.6091759554140127,0,29,None,66,1,5,False,1000,1000
11272,107,unweighted,10,0.6102707006369427,0,29,None,66,1,5,False,1000,1000
11273,108,unweighted,10,0.6111664012738853,0,29,None,66,1,5,False,1000,1000
11274,109,unweighted,10,0.6122611464968153,0,29,None,66,1,5,False,1000,1000
11275,105,unweighted,10,0.6560509554140127,0,30,None,66,1,5,False,1000,1000
11276,106,unweighted,10,0.6558519108280255,0,30,None,66,1,5,False,1000,1000
11277,107,unweighted,10,0.6554538216560509,0,30,None,66,1,5,False,1000,1000
11278,108,unweighted,10,0.6549562101910829,0,30,None,66,1,5,False,1000,1000
11279,109,unweighted,10,0.6540605095541401,0,30,None,66,1,5,False,1000,1000
11280,105,unweighted,10,0.6441082802547771,0,6,None,66,1,5,False,1000,1000
11281,106,unweighted,10,0.6450039808917197,0,6,None,66,1,5,False,1000,1000
11282,107,unweighted,10,0.646297770700637,0,6,None,66,1,5,False,1000,1000
11283,108,unweighted,10,0.6463972929936306,0,6,None,66,1,5,False,1000,1000
11284,109,unweighted,10,0.6473925159235668,0,6,None,66,1,5,False,1000,1000
11285,105,unweighted,10,0.615047770700637,0,27,None,66,1,5,False,1000,1000
11286,106,unweighted,10,0.6144506369426752,0,27,None,66,1,5,False,1000,1000
11287,107,unweighted,10,0.6157444267515924,0,27,None,66,1,5,False,1000,1000
11288,108,unweighted,10,0.6180334394904459,0,27,None,66,1,5,False,1000,1000
11289,109,unweighted,10,0.6195262738853503,0,27,None,66,1,5,False,1000,1000
11290,105,unweighted,10,0.6732683121019108,0,31,None,66,1,5,False,1000,1000
11291,106,unweighted,10,0.6746616242038217,0,31,None,66,1,5,False,1000,1000
11292,107,unweighted,10,0.676453025477707,0,31,None,66,1,5,False,1000,1000
11293,108,unweighted,10,0.6772492038216561,0,31,None,66,1,5,False,1000,1000
11294,109,unweighted,10,0.6790406050955414,0,31,None,66,1,5,False,1000,1000
11295,105,unweighted,10,0.6703821656050956,0,13,None,66,1,5,False,1000,1000
11296,106,unweighted,10,0.6708797770700637,0,13,None,66,1,5,False,1000,1000
11297,107,unweighted,10,0.6714769108280255,0,13,None,66,1,5,False,1000,1000
11298,108,unweighted,10,0.6728702229299363,0,13,None,66,1,5,False,1000,1000
11299,109,unweighted,10,0.6730692675159236,0,13,None,66,1,5,False,1000,1000
11300,105,unweighted,10,0.6676950636942676,0,2,None,66,1,5,False,1000,1000
11301,106,unweighted,10,0.6447054140127388,0,2,None,66,1,5,False,1000,1000
11302,107,unweighted,10,0.6280851910828026,0,2,None,66,1,5,False,1000,1000
11303,108,unweighted,10,0.6179339171974523,0,2,None,66,1,5,False,1000,1000
11304,109,unweighted,10,0.6072850318471338,0,2,None,66,1,5,False,1000,1000
11305,105,unweighted,10,0.6722730891719745,0,5,None,66,1,5,False,1000,1000
11306,106,unweighted,10,0.6740644904458599,0,5,None,66,1,5,False,1000,1000
11307,107,unweighted,10,0.677547770700637,0,5,None,66,1,5,False,1000,1000
11308,108,unweighted,10,0.6796377388535032,0,5,None,66,1,5,False,1000,1000
11309,109,unweighted,10,0.6806329617834395,0,5,None,66,1,5,False,1000,1000
11310,105,unweighted,10,0.5999203821656051,0,3,None,66,1,5,False,1000,1000
11311,106,unweighted,10,0.5830015923566879,0,3,None,66,1,5,False,1000,1000
11312,107,unweighted,10,0.5661823248407644,0,3,None,66,1,5,False,1000,1000
11313,108,unweighted,10,0.5515525477707006,0,3,None,66,1,5,False,1000,1000
11314,109,unweighted,10,0.5378184713375797,0,3,None,66,1,5,False,1000,1000
11315,105,unweighted,10,0.6301751592356688,0,10,None,66,1,5,False,1000,1000
11316,106,unweighted,10,0.6350517515923567,0,10,None,66,1,5,False,1000,1000
11317,107,unweighted,10,0.6414211783439491,0,10,None,66,1,5,False,1000,1000
11318,108,unweighted,10,0.6458001592356688,0,10,None,66,1,5,False,1000,1000
11319,109,unweighted,10,0.6495820063694268,0,10,None,66,1,5,False,1000,1000
11320,105,unweighted,10,0.6483877388535032,0,9,None,66,1,5,False,1000,1000
11321,106,unweighted,10,0.651671974522293,0,9,None,66,1,5,False,1000,1000
11322,107,unweighted,10,0.65625,0,9,None,66,1,5,False,1000,1000
11323,108,unweighted,10,0.6611265923566879,0,9,None,66,1,5,False,1000,1000
11324,109,unweighted,10,0.6634156050955414,0,9,None,66,1,5,False,1000,1000
11325,105,unweighted,10,0.5402070063694268,0,11,None,66,1,5,False,1000,1000
11326,106,unweighted,10,0.5238853503184714,0,11,None,66,1,5,False,1000,1000
11327,107,unweighted,10,0.5117436305732485,0,11,None,66,1,5,False,1000,1000
11328,108,unweighted,10,0.5009952229299363,0,11,None,66,1,5,False,1000,1000
11329,109,unweighted,10,0.4928343949044586,0,11,None,66,1,5,False,1000,1000
11330,105,unweighted,10,0.6196257961783439,0,15,None,66,1,5,False,1000,1000
11331,106,unweighted,10,0.6209195859872612,0,15,None,66,1,5,False,1000,1000
11332,107,unweighted,10,0.6226114649681529,0,15,None,66,1,5,False,1000,1000
11333,108,unweighted,10,0.6244028662420382,0,15,None,66,1,5,False,1000,1000
11334,109,unweighted,10,0.6255971337579618,0,15,None,66,1,5,False,1000,1000
11335,105,unweighted,10,0.6701831210191083,0,17,None,66,1,5,False,1000,1000
11336,106,unweighted,10,0.6711783439490446,0,17,None,66,1,5,False,1000,1000
11337,107,unweighted,10,0.6712778662420382,0,17,None,66,1,5,False,1000,1000
11338,108,unweighted,10,0.6704816878980892,0,17,None,66,1,5,False,1000,1000
11339,109,unweighted,10,0.6704816878980892,0,17,None,66,1,5,False,1000,1000
11340,105,unweighted,10,0.6792396496815286,0,12,None,66,1,5,False,1000,1000
11341,106,unweighted,10,0.6828224522292994,0,12,None,66,1,5,False,1000,1000
11342,107,unweighted,10,0.6838176751592356,0,12,None,66,1,5,False,1000,1000
11343,108,unweighted,10,0.6858081210191083,0,12,None,66,1,5,False,1000,1000
11344,109,unweighted,10,0.6878980891719745,0,12,None,66,1,5,False,1000,1000
11345,105,unweighted,10,0.5981289808917197,0,18,None,66,1,5,False,1000,1000
11346,106,unweighted,10,0.5977308917197452,0,18,None,66,1,5,False,1000,1000
11347,107,unweighted,10,0.5986265923566879,0,18,None,66,1,5,False,1000,1000
11348,108,unweighted,10,0.5995222929936306,0,18,None,66,1,5,False,1000,1000
11349,109,unweighted,10,0.6008160828025477,0,18,None,66,1,5,False,1000,1000
11350,105,unweighted,10,0.5903662420382165,0,20,None,66,1,5,False,1000,1000
11351,106,unweighted,10,0.5984275477707006,0,20,None,66,1,5,False,1000,1000
11352,107,unweighted,10,0.6124601910828026,0,20,None,66,1,5,False,1000,1000
11353,108,unweighted,10,0.6170382165605095,0,20,None,66,1,5,False,1000,1000
11354,109,unweighted,10,0.6183320063694268,0,20,None,66,1,5,False,1000,1000
11355,105,unweighted,10,0.5976313694267515,0,28,None,66,1,5,False,1000,1000
11356,106,unweighted,10,0.5990246815286624,0,28,None,66,1,5,False,1000,1000
11357,107,unweighted,10,0.6009156050955414,0,28,None,66,1,5,False,1000,1000
11358,108,unweighted,10,0.602906050955414,0,28,None,66,1,5,False,1000,1000
11359,109,unweighted,10,0.6041003184713376,0,28,None,66,1,5,False,1000,1000
11360,105,unweighted,10,0.6458996815286624,0,23,None,66,1,5,False,1000,1000
11361,106,unweighted,10,0.6482882165605095,0,23,None,66,1,5,False,1000,1000
11362,107,unweighted,10,0.6494824840764332,0,23,None,66,1,5,False,1000,1000
11363,108,unweighted,10,0.6503781847133758,0,23,None,66,1,5,False,1000,1000
11364,109,unweighted,10,0.6513734076433121,0,23,None,66,1,5,False,1000,1000
11365,105,unweighted,10,0.640625,0,0,None,66,1,5,False,1000,1000
11366,106,unweighted,10,0.6414211783439491,0,0,None,66,1,5,False,1000,1000
11367,107,unweighted,10,0.6436106687898089,0,0,None,66,1,5,False,1000,1000
11368,108,unweighted,10,0.6458001592356688,0,0,None,66,1,5,False,1000,1000
11369,109,unweighted,10,0.6466958598726115,0,0,None,66,1,5,False,1000,1000
11370,105,unweighted,10,0.6715764331210191,0,4,None,66,1,5,False,1000,1000
11371,106,unweighted,10,0.6730692675159236,0,4,None,66,1,5,False,1000,1000
11372,107,unweighted,10,0.6753582802547771,0,4,None,66,1,5,False,1000,1000
11373,108,unweighted,10,0.6759554140127388,0,4,None,66,1,5,False,1000,1000
11374,109,unweighted,10,0.6765525477707006,0,4,None,66,1,5,False,1000,1000
11375,105,unweighted,10,0.6495820063694268,0,7,None,66,1,5,False,1000,1000
11376,106,unweighted,10,0.6506767515923567,0,7,None,66,1,5,False,1000,1000
11377,107,unweighted,10,0.651671974522293,0,7,None,66,1,5,False,1000,1000
11378,108,unweighted,10,0.6520700636942676,0,7,None,66,1,5,False,1000,1000
11379,109,unweighted,10,0.6523686305732485,0,7,None,66,1,5,False,1000,1000
11380,105,unweighted,10,0.6623208598726115,0,32,None,66,1,5,False,1000,1000
11381,106,unweighted,10,0.6621218152866242,0,32,None,66,1,5,False,1000,1000
11382,107,unweighted,10,0.6617237261146497,0,32,None,66,1,5,False,1000,1000
11383,108,unweighted,10,0.660828025477707,0,32,None,66,1,5,False,1000,1000
11384,109,unweighted,10,0.6604299363057324,0,32,None,66,1,5,False,1000,1000
11385,110,unweighted,10,0.6790406050955414,0,31,None,66,1,5,False,1000,1000
11386,111,unweighted,10,0.6806329617834395,0,31,None,66,1,5,False,1000,1000
11387,112,unweighted,10,0.6817277070063694,0,31,None,66,1,5,False,1000,1000
11388,113,unweighted,10,0.6825238853503185,0,31,None,66,1,5,False,1000,1000
11389,114,unweighted,10,0.6838176751592356,0,31,None,66,1,5,False,1000,1000
11390,110,unweighted,10,0.6479896496815286,0,24,None,66,1,5,False,1000,1000
11391,111,unweighted,10,0.6494824840764332,0,24,None,66,1,5,False,1000,1000
11392,112,unweighted,10,0.6512738853503185,0,24,None,66,1,5,False,1000,1000
11393,113,unweighted,10,0.6521695859872612,0,24,None,66,1,5,False,1000,1000
11394,114,unweighted,10,0.6531648089171974,0,24,None,66,1,5,False,1000,1000
11395,110,unweighted,10,0.6465963375796179,0,1,None,66,1,5,False,1000,1000
11396,111,unweighted,10,0.6473925159235668,0,1,None,66,1,5,False,1000,1000
11397,112,unweighted,10,0.6483877388535032,0,1,None,66,1,5,False,1000,1000
11398,113,unweighted,10,0.6502786624203821,0,1,None,66,1,5,False,1000,1000
11399,114,unweighted,10,0.6508757961783439,0,1,None,66,1,5,False,1000,1000
11400,110,unweighted,10,0.6354498407643312,0,21,None,66,1,5,False,1000,1000
11401,111,unweighted,10,0.6324641719745223,0,21,None,66,1,5,False,1000,1000
11402,112,unweighted,10,0.6308718152866242,0,21,None,66,1,5,False,1000,1000
11403,113,unweighted,10,0.6313694267515924,0,21,None,66,1,5,False,1000,1000
11404,114,unweighted,10,0.6319665605095541,0,21,None,66,1,5,False,1000,1000
11405,110,unweighted,10,0.6179339171974523,0,27,None,66,1,5,False,1000,1000
11406,111,unweighted,10,0.618531050955414,0,27,None,66,1,5,False,1000,1000
11407,112,unweighted,10,0.6197253184713376,0,27,None,66,1,5,False,1000,1000
11408,113,unweighted,10,0.6213176751592356,0,27,None,66,1,5,False,1000,1000
11409,114,unweighted,10,0.6225119426751592,0,27,None,66,1,5,False,1000,1000
11410,110,unweighted,10,0.6744625796178344,0,2,None,66,1,5,False,1000,1000
11411,111,unweighted,10,0.6538614649681529,0,2,None,66,1,5,False,1000,1000
11412,112,unweighted,10,0.638734076433121,0,2,None,66,1,5,False,1000,1000
11413,113,unweighted,10,0.6316679936305732,0,2,None,66,1,5,False,1000,1000
11414,114,unweighted,10,0.6192277070063694,0,2,None,66,1,5,False,1000,1000
11415,110,unweighted,10,0.6786425159235668,0,17,None,66,1,5,False,1000,1000
11416,111,unweighted,10,0.6782444267515924,0,17,None,66,1,5,False,1000,1000
11417,112,unweighted,10,0.6781449044585988,0,17,None,66,1,5,False,1000,1000
11418,113,unweighted,10,0.6792396496815286,0,17,None,66,1,5,False,1000,1000
11419,114,unweighted,10,0.679140127388535,0,17,None,66,1,5,False,1000,1000
11420,110,unweighted,10,0.6041003184713376,0,28,None,66,1,5,False,1000,1000
11421,111,unweighted,10,0.6057921974522293,0,28,None,66,1,5,False,1000,1000
11422,112,unweighted,10,0.6069864649681529,0,28,None,66,1,5,False,1000,1000
11423,113,unweighted,10,0.6090764331210191,0,28,None,66,1,5,False,1000,1000
11424,114,unweighted,10,0.6110668789808917,0,28,None,66,1,5,False,1000,1000
11425,110,unweighted,10,0.6789410828025477,0,5,None,66,1,5,False,1000,1000
11426,111,unweighted,10,0.6815286624203821,0,5,None,66,1,5,False,1000,1000
11427,112,unweighted,10,0.6833200636942676,0,5,None,66,1,5,False,1000,1000
11428,113,unweighted,10,0.6850119426751592,0,5,None,66,1,5,False,1000,1000
11429,114,unweighted,10,0.6862062101910829,0,5,None,66,1,5,False,1000,1000
11430,110,unweighted,10,0.6271894904458599,0,26,None,66,1,5,False,1000,1000
11431,111,unweighted,10,0.6281847133757962,0,26,None,66,1,5,False,1000,1000
11432,112,unweighted,10,0.6289808917197452,0,26,None,66,1,5,False,1000,1000
11433,113,unweighted,10,0.6299761146496815,0,26,None,66,1,5,False,1000,1000
11434,114,unweighted,10,0.6312699044585988,0,26,None,66,1,5,False,1000,1000
11435,110,unweighted,10,0.6641122611464968,0,30,None,66,1,5,False,1000,1000
11436,111,unweighted,10,0.6640127388535032,0,30,None,66,1,5,False,1000,1000
11437,112,unweighted,10,0.6638136942675159,0,30,None,66,1,5,False,1000,1000
11438,113,unweighted,10,0.6634156050955414,0,30,None,66,1,5,False,1000,1000
11439,114,unweighted,10,0.6638136942675159,0,30,None,66,1,5,False,1000,1000
11440,110,unweighted,10,0.603702229299363,0,18,None,66,1,5,False,1000,1000
11441,111,unweighted,10,0.6038017515923567,0,18,None,66,1,5,False,1000,1000
11442,112,unweighted,10,0.6049960191082803,0,18,None,66,1,5,False,1000,1000
11443,113,unweighted,10,0.6059912420382165,0,18,None,66,1,5,False,1000,1000
11444,114,unweighted,10,0.6070859872611465,0,18,None,66,1,5,False,1000,1000
11445,110,unweighted,10,0.642515923566879,0,19,None,66,1,5,False,1000,1000
11446,111,unweighted,10,0.6456011146496815,0,19,None,66,1,5,False,1000,1000
11447,112,unweighted,10,0.6475915605095541,0,19,None,66,1,5,False,1000,1000
11448,113,unweighted,10,0.6491839171974523,0,19,None,66,1,5,False,1000,1000
11449,114,unweighted,10,0.6519705414012739,0,19,None,66,1,5,False,1000,1000
11450,110,unweighted,10,0.5970342356687898,0,11,None,66,1,5,False,1000,1000
11451,111,unweighted,10,0.5748407643312102,0,11,None,66,1,5,False,1000,1000
11452,112,unweighted,10,0.554140127388535,0,11,None,66,1,5,False,1000,1000
11453,113,unweighted,10,0.5395103503184714,0,11,None,66,1,5,False,1000,1000
11454,114,unweighted,10,0.5270700636942676,0,11,None,66,1,5,False,1000,1000
11455,110,unweighted,10,0.636046974522293,0,10,None,66,1,5,False,1000,1000
11456,111,unweighted,10,0.6434116242038217,0,10,None,66,1,5,False,1000,1000
11457,112,unweighted,10,0.6475915605095541,0,10,None,66,1,5,False,1000,1000
11458,113,unweighted,10,0.6498805732484076,0,10,None,66,1,5,False,1000,1000
11459,114,unweighted,10,0.6521695859872612,0,10,None,66,1,5,False,1000,1000
11460,110,unweighted,10,0.6267914012738853,0,15,None,66,1,5,False,1000,1000
11461,111,unweighted,10,0.6292794585987261,0,15,None,66,1,5,False,1000,1000
11462,112,unweighted,10,0.6301751592356688,0,15,None,66,1,5,False,1000,1000
11463,113,unweighted,10,0.6317675159235668,0,15,None,66,1,5,False,1000,1000
11464,114,unweighted,10,0.6325636942675159,0,15,None,66,1,5,False,1000,1000
11465,110,unweighted,10,0.6626194267515924,0,20,None,66,1,5,False,1000,1000
11466,111,unweighted,10,0.6511743630573248,0,20,None,66,1,5,False,1000,1000
11467,112,unweighted,10,0.644406847133758,0,20,None,66,1,5,False,1000,1000
11468,113,unweighted,10,0.637937898089172,0,20,None,66,1,5,False,1000,1000
11469,114,unweighted,10,0.6338574840764332,0,20,None,66,1,5,False,1000,1000
11470,110,unweighted,10,0.6571457006369427,0,7,None,66,1,5,False,1000,1000
11471,111,unweighted,10,0.65734474522293,0,7,None,66,1,5,False,1000,1000
11472,112,unweighted,10,0.6578423566878981,0,7,None,66,1,5,False,1000,1000
11473,113,unweighted,10,0.6577428343949044,0,7,None,66,1,5,False,1000,1000
11474,114,unweighted,10,0.6586385350318471,0,7,None,66,1,5,False,1000,1000
11475,110,unweighted,10,0.6685907643312102,0,32,None,66,1,5,False,1000,1000
11476,111,unweighted,10,0.668093152866242,0,32,None,66,1,5,False,1000,1000
11477,112,unweighted,10,0.6676950636942676,0,32,None,66,1,5,False,1000,1000
11478,113,unweighted,10,0.6678941082802548,0,32,None,66,1,5,False,1000,1000
11479,114,unweighted,10,0.6679936305732485,0,32,None,66,1,5,False,1000,1000
11480,110,unweighted,10,0.650577229299363,0,6,None,66,1,5,False,1000,1000
11481,111,unweighted,10,0.6512738853503185,0,6,None,66,1,5,False,1000,1000
11482,112,unweighted,10,0.6513734076433121,0,6,None,66,1,5,False,1000,1000
11483,113,unweighted,10,0.6514729299363057,0,6,None,66,1,5,False,1000,1000
11484,114,unweighted,10,0.6520700636942676,0,6,None,66,1,5,False,1000,1000
11485,110,unweighted,10,0.6134554140127388,0,3,None,66,1,5,False,1000,1000
11486,111,unweighted,10,0.6003184713375797,0,3,None,66,1,5,False,1000,1000
11487,112,unweighted,10,0.589171974522293,0,3,None,66,1,5,False,1000,1000
11488,113,unweighted,10,0.5782245222929936,0,3,None,66,1,5,False,1000,1000
11489,114,unweighted,10,0.5699641719745223,0,3,None,66,1,5,False,1000,1000
11490,110,unweighted,10,0.6765525477707006,0,16,None,66,1,5,False,1000,1000
11491,111,unweighted,10,0.6809315286624203,0,16,None,66,1,5,False,1000,1000
11492,112,unweighted,10,0.6857085987261147,0,16,None,66,1,5,False,1000,1000
11493,113,unweighted,10,0.6882961783439491,0,16,None,66,1,5,False,1000,1000
11494,114,unweighted,10,0.6911823248407644,0,16,None,66,1,5,False,1000,1000
11495,110,unweighted,10,0.6767515923566879,0,13,None,66,1,5,False,1000,1000
11496,111,unweighted,10,0.6787420382165605,0,13,None,66,1,5,False,1000,1000
11497,112,unweighted,10,0.6785429936305732,0,13,None,66,1,5,False,1000,1000
11498,113,unweighted,10,0.6790406050955414,0,13,None,66,1,5,False,1000,1000
11499,114,unweighted,10,0.679140127388535,0,13,None,66,1,5,False,1000,1000
11500,110,unweighted,10,0.6871019108280255,0,12,None,66,1,5,False,1000,1000
11501,111,unweighted,10,0.6881966560509554,0,12,None,66,1,5,False,1000,1000
11502,112,unweighted,10,0.6904856687898089,0,12,None,66,1,5,False,1000,1000
11503,113,unweighted,10,0.6921775477707006,0,12,None,66,1,5,False,1000,1000
11504,114,unweighted,10,0.6940684713375797,0,12,None,66,1,5,False,1000,1000
11505,110,unweighted,10,0.6362460191082803,0,8,None,66,1,5,False,1000,1000
11506,111,unweighted,10,0.6388335987261147,0,8,None,66,1,5,False,1000,1000
11507,112,unweighted,10,0.6426154458598726,0,8,None,66,1,5,False,1000,1000
11508,113,unweighted,10,0.6455015923566879,0,8,None,66,1,5,False,1000,1000
11509,114,unweighted,10,0.6472929936305732,0,8,None,66,1,5,False,1000,1000
11510,110,unweighted,10,0.6943670382165605,0,25,None,66,1,5,False,1000,1000
11511,111,unweighted,10,0.6946656050955414,0,25,None,66,1,5,False,1000,1000
11512,112,unweighted,10,0.6948646496815286,0,25,None,66,1,5,False,1000,1000
11513,113,unweighted,10,0.6949641719745223,0,25,None,66,1,5,False,1000,1000
11514,114,unweighted,10,0.6946656050955414,0,25,None,66,1,5,False,1000,1000
11515,110,unweighted,10,0.6140525477707006,0,29,None,66,1,5,False,1000,1000
11516,111,unweighted,10,0.6164410828025477,0,29,None,66,1,5,False,1000,1000
11517,112,unweighted,10,0.6181329617834395,0,29,None,66,1,5,False,1000,1000
11518,113,unweighted,10,0.6192277070063694,0,29,None,66,1,5,False,1000,1000
11519,114,unweighted,10,0.6205214968152867,0,29,None,66,1,5,False,1000,1000
11520,110,unweighted,10,0.652468152866242,0,9,None,66,1,5,False,1000,1000
11521,111,unweighted,10,0.6568471337579618,0,9,None,66,1,5,False,1000,1000
11522,112,unweighted,10,0.6617237261146497,0,9,None,66,1,5,False,1000,1000
11523,113,unweighted,10,0.6639132165605095,0,9,None,66,1,5,False,1000,1000
11524,114,unweighted,10,0.6671974522292994,0,9,None,66,1,5,False,1000,1000
11525,110,unweighted,10,0.6884952229299363,0,14,None,66,1,5,False,1000,1000
11526,111,unweighted,10,0.6882961783439491,0,14,None,66,1,5,False,1000,1000
11527,112,unweighted,10,0.6892914012738853,0,14,None,66,1,5,False,1000,1000
11528,113,unweighted,10,0.690187101910828,0,14,None,66,1,5,False,1000,1000
11529,114,unweighted,10,0.6902866242038217,0,14,None,66,1,5,False,1000,1000
11530,110,unweighted,10,0.6396297770700637,0,22,None,66,1,5,False,1000,1000
11531,111,unweighted,10,0.64171974522293,0,22,None,66,1,5,False,1000,1000
11532,112,unweighted,10,0.6431130573248408,0,22,None,66,1,5,False,1000,1000
11533,113,unweighted,10,0.6450039808917197,0,22,None,66,1,5,False,1000,1000
11534,114,unweighted,10,0.6458996815286624,0,22,None,66,1,5,False,1000,1000
11535,110,unweighted,10,0.6490843949044586,0,0,None,66,1,5,False,1000,1000
11536,111,unweighted,10,0.6501791401273885,0,0,None,66,1,5,False,1000,1000
11537,112,unweighted,10,0.6507762738853503,0,0,None,66,1,5,False,1000,1000
11538,113,unweighted,10,0.6522691082802548,0,0,None,66,1,5,False,1000,1000
11539,114,unweighted,10,0.6534633757961783,0,0,None,66,1,5,False,1000,1000
11540,110,unweighted,10,0.6513734076433121,0,23,None,66,1,5,False,1000,1000
11541,111,unweighted,10,0.6525676751592356,0,23,None,66,1,5,False,1000,1000
11542,112,unweighted,10,0.6542595541401274,0,23,None,66,1,5,False,1000,1000
11543,113,unweighted,10,0.6555533439490446,0,23,None,66,1,5,False,1000,1000
11544,114,unweighted,10,0.6557523885350318,0,23,None,66,1,5,False,1000,1000
11545,110,unweighted,10,0.6796377388535032,0,4,None,66,1,5,False,1000,1000
11546,111,unweighted,10,0.6828224522292994,0,4,None,66,1,5,False,1000,1000
11547,112,unweighted,10,0.6840167197452229,0,4,None,66,1,5,False,1000,1000
11548,113,unweighted,10,0.6847133757961783,0,4,None,66,1,5,False,1000,1000
11549,114,unweighted,10,0.6846138535031847,0,4,None,66,1,5,False,1000,1000
11550,115,unweighted,10,0.6814291401273885,0,17,None,66,1,5,False,1000,1000
11551,116,unweighted,10,0.6800358280254777,0,17,None,66,1,5,False,1000,1000
11552,117,unweighted,10,0.6809315286624203,0,17,None,66,1,5,False,1000,1000
11553,118,unweighted,10,0.681031050955414,0,17,None,66,1,5,False,1000,1000
11554,119,unweighted,10,0.6805334394904459,0,17,None,66,1,5,False,1000,1000
11555,115,unweighted,10,0.6844148089171974,0,16,None,66,1,5,False,1000,1000
11556,116,unweighted,10,0.6883957006369427,0,16,None,66,1,5,False,1000,1000
11557,117,unweighted,10,0.6909832802547771,0,16,None,66,1,5,False,1000,1000
11558,118,unweighted,10,0.6929737261146497,0,16,None,66,1,5,False,1000,1000
11559,119,unweighted,10,0.6960589171974523,0,16,None,66,1,5,False,1000,1000
11560,115,unweighted,10,0.6130573248407644,0,18,None,66,1,5,False,1000,1000
11561,116,unweighted,10,0.6127587579617835,0,18,None,66,1,5,False,1000,1000
11562,117,unweighted,10,0.6133558917197452,0,18,None,66,1,5,False,1000,1000
11563,118,unweighted,10,0.615047770700637,0,18,None,66,1,5,False,1000,1000
11564,119,unweighted,10,0.6157444267515924,0,18,None,66,1,5,False,1000,1000
11565,115,unweighted,10,0.6549562101910829,0,19,None,66,1,5,False,1000,1000
11566,116,unweighted,10,0.6571457006369427,0,19,None,66,1,5,False,1000,1000
11567,117,unweighted,10,0.6599323248407644,0,19,None,66,1,5,False,1000,1000
11568,118,unweighted,10,0.6626194267515924,0,19,None,66,1,5,False,1000,1000
11569,119,unweighted,10,0.6650079617834395,0,19,None,66,1,5,False,1000,1000
11570,115,unweighted,10,0.6977507961783439,0,25,None,66,1,5,False,1000,1000
11571,116,unweighted,10,0.6975517515923567,0,25,None,66,1,5,False,1000,1000
11572,117,unweighted,10,0.6976512738853503,0,25,None,66,1,5,False,1000,1000
11573,118,unweighted,10,0.6973527070063694,0,25,None,66,1,5,False,1000,1000
11574,119,unweighted,10,0.6975517515923567,0,25,None,66,1,5,False,1000,1000
11575,115,unweighted,10,0.651671974522293,0,24,None,66,1,5,False,1000,1000
11576,116,unweighted,10,0.6529657643312102,0,24,None,66,1,5,False,1000,1000
11577,117,unweighted,10,0.6545581210191083,0,24,None,66,1,5,False,1000,1000
11578,118,unweighted,10,0.6546576433121019,0,24,None,66,1,5,False,1000,1000
11579,119,unweighted,10,0.6553542993630573,0,24,None,66,1,5,False,1000,1000
11580,115,unweighted,10,0.6832205414012739,0,31,None,66,1,5,False,1000,1000
11581,116,unweighted,10,0.683718152866242,0,31,None,66,1,5,False,1000,1000
11582,117,unweighted,10,0.6858081210191083,0,31,None,66,1,5,False,1000,1000
11583,118,unweighted,10,0.6870023885350318,0,31,None,66,1,5,False,1000,1000
11584,119,unweighted,10,0.6877985668789809,0,31,None,66,1,5,False,1000,1000
11585,115,unweighted,10,0.6561504777070064,0,9,None,66,1,5,False,1000,1000
11586,116,unweighted,10,0.6604299363057324,0,9,None,66,1,5,False,1000,1000
11587,117,unweighted,10,0.6636146496815286,0,9,None,66,1,5,False,1000,1000
11588,118,unweighted,10,0.6669984076433121,0,9,None,66,1,5,False,1000,1000
11589,119,unweighted,10,0.6690883757961783,0,9,None,66,1,5,False,1000,1000
11590,115,unweighted,10,0.6427149681528662,0,8,None,66,1,5,False,1000,1000
11591,116,unweighted,10,0.6451035031847133,0,8,None,66,1,5,False,1000,1000
11592,117,unweighted,10,0.6475915605095541,0,8,None,66,1,5,False,1000,1000
11593,118,unweighted,10,0.6485867834394905,0,8,None,66,1,5,False,1000,1000
11594,119,unweighted,10,0.6495820063694268,0,8,None,66,1,5,False,1000,1000
11595,115,unweighted,10,0.6392316878980892,0,21,None,66,1,5,False,1000,1000
11596,116,unweighted,10,0.6378383757961783,0,21,None,66,1,5,False,1000,1000
11597,117,unweighted,10,0.6371417197452229,0,21,None,66,1,5,False,1000,1000
11598,118,unweighted,10,0.6373407643312102,0,21,None,66,1,5,False,1000,1000
11599,119,unweighted,10,0.6371417197452229,0,21,None,66,1,5,False,1000,1000
11600,115,unweighted,10,0.607484076433121,0,28,None,66,1,5,False,1000,1000
11601,116,unweighted,10,0.6095740445859873,0,28,None,66,1,5,False,1000,1000
11602,117,unweighted,10,0.6117635350318471,0,28,None,66,1,5,False,1000,1000
11603,118,unweighted,10,0.6130573248407644,0,28,None,66,1,5,False,1000,1000
11604,119,unweighted,10,0.6143511146496815,0,28,None,66,1,5,False,1000,1000
11605,115,unweighted,10,0.6198248407643312,0,27,None,66,1,5,False,1000,1000
11606,116,unweighted,10,0.6219148089171974,0,27,None,66,1,5,False,1000,1000
11607,117,unweighted,10,0.6221138535031847,0,27,None,66,1,5,False,1000,1000
11608,118,unweighted,10,0.6240047770700637,0,27,None,66,1,5,False,1000,1000
11609,119,unweighted,10,0.6263933121019108,0,27,None,66,1,5,False,1000,1000
11610,115,unweighted,10,0.6181329617834395,0,29,None,66,1,5,False,1000,1000
11611,116,unweighted,10,0.6205214968152867,0,29,None,66,1,5,False,1000,1000
11612,117,unweighted,10,0.6230095541401274,0,29,None,66,1,5,False,1000,1000
11613,118,unweighted,10,0.6246019108280255,0,29,None,66,1,5,False,1000,1000
11614,119,unweighted,10,0.6265923566878981,0,29,None,66,1,5,False,1000,1000
11615,115,unweighted,10,0.6841162420382165,0,5,None,66,1,5,False,1000,1000
11616,116,unweighted,10,0.6862062101910829,0,5,None,66,1,5,False,1000,1000
11617,117,unweighted,10,0.6878980891719745,0,5,None,66,1,5,False,1000,1000
11618,118,unweighted,10,0.6899880573248408,0,5,None,66,1,5,False,1000,1000
11619,119,unweighted,10,0.6908837579617835,0,5,None,66,1,5,False,1000,1000
11620,115,unweighted,10,0.6549562101910829,0,6,None,66,1,5,False,1000,1000
11621,116,unweighted,10,0.6546576433121019,0,6,None,66,1,5,False,1000,1000
11622,117,unweighted,10,0.6550557324840764,0,6,None,66,1,5,False,1000,1000
11623,118,unweighted,10,0.6555533439490446,0,6,None,66,1,5,False,1000,1000
11624,119,unweighted,10,0.6563495222929936,0,6,None,66,1,5,False,1000,1000
11625,115,unweighted,10,0.669984076433121,0,30,None,66,1,5,False,1000,1000
11626,116,unweighted,10,0.6688893312101911,0,30,None,66,1,5,False,1000,1000
11627,117,unweighted,10,0.6690883757961783,0,30,None,66,1,5,False,1000,1000
11628,118,unweighted,10,0.6683917197452229,0,30,None,66,1,5,False,1000,1000
11629,119,unweighted,10,0.6685907643312102,0,30,None,66,1,5,False,1000,1000
11630,115,unweighted,10,0.6353503184713376,0,26,None,66,1,5,False,1000,1000
11631,116,unweighted,10,0.6363455414012739,0,26,None,66,1,5,False,1000,1000
11632,117,unweighted,10,0.637937898089172,0,26,None,66,1,5,False,1000,1000
11633,118,unweighted,10,0.6389331210191083,0,26,None,66,1,5,False,1000,1000
11634,119,unweighted,10,0.6390326433121019,0,26,None,66,1,5,False,1000,1000
11635,115,unweighted,10,0.6142515923566879,0,20,None,66,1,5,False,1000,1000
11636,116,unweighted,10,0.6320660828025477,0,20,None,66,1,5,False,1000,1000
11637,117,unweighted,10,0.6394307324840764,0,20,None,66,1,5,False,1000,1000
11638,118,unweighted,10,0.6402269108280255,0,20,None,66,1,5,False,1000,1000
11639,119,unweighted,10,0.6390326433121019,0,20,None,66,1,5,False,1000,1000
11640,115,unweighted,10,0.5712579617834395,0,11,None,66,1,5,False,1000,1000
11641,116,unweighted,10,0.56359474522293,0,11,None,66,1,5,False,1000,1000
11642,117,unweighted,10,0.5565286624203821,0,11,None,66,1,5,False,1000,1000
11643,118,unweighted,10,0.5432921974522293,0,11,None,66,1,5,False,1000,1000
11644,119,unweighted,10,0.5341361464968153,0,11,None,66,1,5,False,1000,1000
11645,115,unweighted,10,0.6411226114649682,0,10,None,66,1,5,False,1000,1000
11646,116,unweighted,10,0.6465963375796179,0,10,None,66,1,5,False,1000,1000
11647,117,unweighted,10,0.6496815286624203,0,10,None,66,1,5,False,1000,1000
11648,118,unweighted,10,0.6517714968152867,0,10,None,66,1,5,False,1000,1000
11649,119,unweighted,10,0.6538614649681529,0,10,None,66,1,5,False,1000,1000
11650,115,unweighted,10,0.6309713375796179,0,15,None,66,1,5,False,1000,1000
11651,116,unweighted,10,0.6329617834394905,0,15,None,66,1,5,False,1000,1000
11652,117,unweighted,10,0.6342555732484076,0,15,None,66,1,5,False,1000,1000
11653,118,unweighted,10,0.6357484076433121,0,15,None,66,1,5,False,1000,1000
11654,119,unweighted,10,0.6366441082802548,0,15,None,66,1,5,False,1000,1000
11655,115,unweighted,10,0.6884952229299363,0,14,None,66,1,5,False,1000,1000
11656,116,unweighted,10,0.6895899681528662,0,14,None,66,1,5,False,1000,1000
11657,117,unweighted,10,0.6905851910828026,0,14,None,66,1,5,False,1000,1000
11658,118,unweighted,10,0.6915804140127388,0,14,None,66,1,5,False,1000,1000
11659,119,unweighted,10,0.692078025477707,0,14,None,66,1,5,False,1000,1000
11660,115,unweighted,10,0.6467953821656051,0,22,None,66,1,5,False,1000,1000
11661,116,unweighted,10,0.6488853503184714,0,22,None,66,1,5,False,1000,1000
11662,117,unweighted,10,0.6499800955414012,0,22,None,66,1,5,False,1000,1000
11663,118,unweighted,10,0.6519705414012739,0,22,None,66,1,5,False,1000,1000
11664,119,unweighted,10,0.65515525477707,0,22,None,66,1,5,False,1000,1000
11665,115,unweighted,10,0.6782444267515924,0,32,None,66,1,5,False,1000,1000
11666,116,unweighted,10,0.6769506369426752,0,32,None,66,1,5,False,1000,1000
11667,117,unweighted,10,0.6759554140127388,0,32,None,66,1,5,False,1000,1000
11668,118,unweighted,10,0.6755573248407644,0,32,None,66,1,5,False,1000,1000
11669,119,unweighted,10,0.6757563694267515,0,32,None,66,1,5,False,1000,1000
11670,115,unweighted,10,0.661922770700637,0,7,None,66,1,5,False,1000,1000
11671,116,unweighted,10,0.6629179936305732,0,7,None,66,1,5,False,1000,1000
11672,117,unweighted,10,0.6638136942675159,0,7,None,66,1,5,False,1000,1000
11673,118,unweighted,10,0.6643113057324841,0,7,None,66,1,5,False,1000,1000
11674,119,unweighted,10,0.6650079617834395,0,7,None,66,1,5,False,1000,1000
11675,115,unweighted,10,0.6513734076433121,0,1,None,66,1,5,False,1000,1000
11676,116,unweighted,10,0.6529657643312102,0,1,None,66,1,5,False,1000,1000
11677,117,unweighted,10,0.6537619426751592,0,1,None,66,1,5,False,1000,1000
11678,118,unweighted,10,0.6546576433121019,0,1,None,66,1,5,False,1000,1000
11679,119,unweighted,10,0.6550557324840764,0,1,None,66,1,5,False,1000,1000
11680,115,unweighted,10,0.6801353503184714,0,2,None,66,1,5,False,1000,1000
11681,116,unweighted,10,0.6628184713375797,0,2,None,66,1,5,False,1000,1000
11682,117,unweighted,10,0.6485867834394905,0,2,None,66,1,5,False,1000,1000
11683,118,unweighted,10,0.6410230891719745,0,2,None,66,1,5,False,1000,1000
11684,119,unweighted,10,0.6320660828025477,0,2,None,66,1,5,False,1000,1000
11685,115,unweighted,10,0.6224124203821656,0,3,None,66,1,5,False,1000,1000
11686,116,unweighted,10,0.612062101910828,0,3,None,66,1,5,False,1000,1000
11687,117,unweighted,10,0.6014132165605095,0,3,None,66,1,5,False,1000,1000
11688,118,unweighted,10,0.5932523885350318,0,3,None,66,1,5,False,1000,1000
11689,119,unweighted,10,0.584593949044586,0,3,None,66,1,5,False,1000,1000
11690,115,unweighted,10,0.6840167197452229,0,13,None,66,1,5,False,1000,1000
11691,116,unweighted,10,0.6842157643312102,0,13,None,66,1,5,False,1000,1000
11692,117,unweighted,10,0.6845143312101911,0,13,None,66,1,5,False,1000,1000
11693,118,unweighted,10,0.6842157643312102,0,13,None,66,1,5,False,1000,1000
11694,119,unweighted,10,0.6845143312101911,0,13,None,66,1,5,False,1000,1000
11695,115,unweighted,10,0.6921775477707006,0,12,None,66,1,5,False,1000,1000
11696,116,unweighted,10,0.6929737261146497,0,12,None,66,1,5,False,1000,1000
11697,117,unweighted,10,0.6943670382165605,0,12,None,66,1,5,False,1000,1000
11698,118,unweighted,10,0.696656050955414,0,12,None,66,1,5,False,1000,1000
11699,119,unweighted,10,0.698546974522293,0,12,None,66,1,5,False,1000,1000
11700,115,unweighted,10,0.6575437898089171,0,0,None,66,1,5,False,1000,1000
11701,116,unweighted,10,0.6595342356687898,0,0,None,66,1,5,False,1000,1000
11702,117,unweighted,10,0.6609275477707006,0,0,None,66,1,5,False,1000,1000
11703,118,unweighted,10,0.6624203821656051,0,0,None,66,1,5,False,1000,1000
11704,119,unweighted,10,0.6629179936305732,0,0,None,66,1,5,False,1000,1000
11705,115,unweighted,10,0.6590366242038217,0,23,None,66,1,5,False,1000,1000
11706,116,unweighted,10,0.660031847133758,0,23,None,66,1,5,False,1000,1000
11707,117,unweighted,10,0.6604299363057324,0,23,None,66,1,5,False,1000,1000
11708,118,unweighted,10,0.6620222929936306,0,23,None,66,1,5,False,1000,1000
11709,119,unweighted,10,0.6630175159235668,0,23,None,66,1,5,False,1000,1000
11710,115,unweighted,10,0.6880971337579618,0,4,None,66,1,5,False,1000,1000
11711,116,unweighted,10,0.6897890127388535,0,4,None,66,1,5,False,1000,1000
11712,117,unweighted,10,0.6894904458598726,0,4,None,66,1,5,False,1000,1000
11713,118,unweighted,10,0.690187101910828,0,4,None,66,1,5,False,1000,1000
11714,119,unweighted,10,0.6903861464968153,0,4,None,66,1,5,False,1000,1000
11715,120,unweighted,10,0.6861066878980892,0,17,None,66,1,5,False,1000,1000
11716,121,unweighted,10,0.6851114649681529,0,17,None,66,1,5,False,1000,1000
11717,122,unweighted,10,0.6850119426751592,0,17,None,66,1,5,False,1000,1000
11718,123,unweighted,10,0.6846138535031847,0,17,None,66,1,5,False,1000,1000
11719,124,unweighted,10,0.6843152866242038,0,17,None,66,1,5,False,1000,1000
11720,120,unweighted,10,0.6887937898089171,0,16,None,66,1,5,False,1000,1000
11721,121,unweighted,10,0.6914808917197452,0,16,None,66,1,5,False,1000,1000
11722,122,unweighted,10,0.6946656050955414,0,16,None,66,1,5,False,1000,1000
11723,123,unweighted,10,0.6971536624203821,0,16,None,66,1,5,False,1000,1000
11724,124,unweighted,10,0.6991441082802548,0,16,None,66,1,5,False,1000,1000
11725,120,unweighted,10,0.6195262738853503,0,18,None,66,1,5,False,1000,1000
11726,121,unweighted,10,0.6189291401273885,0,18,None,66,1,5,False,1000,1000
11727,122,unweighted,10,0.6196257961783439,0,18,None,66,1,5,False,1000,1000
11728,123,unweighted,10,0.6203224522292994,0,18,None,66,1,5,False,1000,1000
11729,124,unweighted,10,0.6218152866242038,0,18,None,66,1,5,False,1000,1000
11730,120,unweighted,10,0.6641122611464968,0,19,None,66,1,5,False,1000,1000
11731,121,unweighted,10,0.667296974522293,0,19,None,66,1,5,False,1000,1000
11732,122,unweighted,10,0.6693869426751592,0,19,None,66,1,5,False,1000,1000
11733,123,unweighted,10,0.6710788216560509,0,19,None,66,1,5,False,1000,1000
11734,124,unweighted,10,0.6726711783439491,0,19,None,66,1,5,False,1000,1000
11735,120,unweighted,10,0.7022292993630573,0,25,None,66,1,5,False,1000,1000
11736,121,unweighted,10,0.7011345541401274,0,25,None,66,1,5,False,1000,1000
11737,122,unweighted,10,0.700437898089172,0,25,None,66,1,5,False,1000,1000
11738,123,unweighted,10,0.7011345541401274,0,25,None,66,1,5,False,1000,1000
11739,124,unweighted,10,0.7016321656050956,0,25,None,66,1,5,False,1000,1000
11740,120,unweighted,10,0.6899880573248408,0,31,None,66,1,5,False,1000,1000
11741,121,unweighted,10,0.6907842356687898,0,31,None,66,1,5,False,1000,1000
11742,122,unweighted,10,0.6917794585987261,0,31,None,66,1,5,False,1000,1000
11743,123,unweighted,10,0.693172770700637,0,31,None,66,1,5,False,1000,1000
11744,124,unweighted,10,0.6935708598726115,0,31,None,66,1,5,False,1000,1000
11745,120,unweighted,10,0.654359076433121,0,24,None,66,1,5,False,1000,1000
11746,121,unweighted,10,0.6555533439490446,0,24,None,66,1,5,False,1000,1000
11747,122,unweighted,10,0.6571457006369427,0,24,None,66,1,5,False,1000,1000
11748,123,unweighted,10,0.6593351910828026,0,24,None,66,1,5,False,1000,1000
11749,124,unweighted,10,0.6597332802547771,0,24,None,66,1,5,False,1000,1000
11750,120,unweighted,10,0.6561504777070064,0,1,None,66,1,5,False,1000,1000
11751,121,unweighted,10,0.6565485668789809,0,1,None,66,1,5,False,1000,1000
11752,122,unweighted,10,0.6565485668789809,0,1,None,66,1,5,False,1000,1000
11753,123,unweighted,10,0.65734474522293,0,1,None,66,1,5,False,1000,1000
11754,124,unweighted,10,0.6579418789808917,0,1,None,66,1,5,False,1000,1000
11755,120,unweighted,10,0.6851114649681529,0,2,None,66,1,5,False,1000,1000
11756,121,unweighted,10,0.6690883757961783,0,2,None,66,1,5,False,1000,1000
11757,122,unweighted,10,0.6559514331210191,0,2,None,66,1,5,False,1000,1000
11758,123,unweighted,10,0.6485867834394905,0,2,None,66,1,5,False,1000,1000
11759,124,unweighted,10,0.6390326433121019,0,2,None,66,1,5,False,1000,1000
11760,120,unweighted,10,0.6464968152866242,0,8,None,66,1,5,False,1000,1000
11761,121,unweighted,10,0.6487858280254777,0,8,None,66,1,5,False,1000,1000
11762,122,unweighted,10,0.6493829617834395,0,8,None,66,1,5,False,1000,1000
11763,123,unweighted,10,0.6515724522292994,0,8,None,66,1,5,False,1000,1000
11764,124,unweighted,10,0.6533638535031847,0,8,None,66,1,5,False,1000,1000
11765,120,unweighted,10,0.6883957006369427,0,13,None,66,1,5,False,1000,1000
11766,121,unweighted,10,0.6888933121019108,0,13,None,66,1,5,False,1000,1000
11767,122,unweighted,10,0.6889928343949044,0,13,None,66,1,5,False,1000,1000
11768,123,unweighted,10,0.6899880573248408,0,13,None,66,1,5,False,1000,1000
11769,124,unweighted,10,0.6892914012738853,0,13,None,66,1,5,False,1000,1000
11770,120,unweighted,10,0.6429140127388535,0,21,None,66,1,5,False,1000,1000
11771,121,unweighted,10,0.6420183121019108,0,21,None,66,1,5,False,1000,1000
11772,122,unweighted,10,0.6414211783439491,0,21,None,66,1,5,False,1000,1000
11773,123,unweighted,10,0.6413216560509554,0,21,None,66,1,5,False,1000,1000
11774,124,unweighted,10,0.6405254777070064,0,21,None,66,1,5,False,1000,1000
11775,120,unweighted,10,0.6652070063694268,0,23,None,66,1,5,False,1000,1000
11776,121,unweighted,10,0.6666003184713376,0,23,None,66,1,5,False,1000,1000
11777,122,unweighted,10,0.6667993630573248,0,23,None,66,1,5,False,1000,1000
11778,123,unweighted,10,0.6673964968152867,0,23,None,66,1,5,False,1000,1000
11779,124,unweighted,10,0.668093152866242,0,23,None,66,1,5,False,1000,1000
11780,120,unweighted,10,0.6228105095541401,0,27,None,66,1,5,False,1000,1000
11781,121,unweighted,10,0.6245023885350318,0,27,None,66,1,5,False,1000,1000
11782,122,unweighted,10,0.626890923566879,0,27,None,66,1,5,False,1000,1000
11783,123,unweighted,10,0.6267914012738853,0,27,None,66,1,5,False,1000,1000
11784,124,unweighted,10,0.6273885350318471,0,27,None,66,1,5,False,1000,1000
11785,120,unweighted,10,0.6890923566878981,0,5,None,66,1,5,False,1000,1000
11786,121,unweighted,10,0.691281847133758,0,5,None,66,1,5,False,1000,1000
11787,122,unweighted,10,0.6922770700636943,0,5,None,66,1,5,False,1000,1000
11788,123,unweighted,10,0.6940684713375797,0,5,None,66,1,5,False,1000,1000
11789,124,unweighted,10,0.6960589171974523,0,5,None,66,1,5,False,1000,1000
11790,120,unweighted,10,0.6569466560509554,0,6,None,66,1,5,False,1000,1000
11791,121,unweighted,10,0.6574442675159236,0,6,None,66,1,5,False,1000,1000
11792,122,unweighted,10,0.6588375796178344,0,6,None,66,1,5,False,1000,1000
11793,123,unweighted,10,0.6593351910828026,0,6,None,66,1,5,False,1000,1000
11794,124,unweighted,10,0.6584394904458599,0,6,None,66,1,5,False,1000,1000
11795,120,unweighted,10,0.6429140127388535,0,26,None,66,1,5,False,1000,1000
11796,121,unweighted,10,0.6432125796178344,0,26,None,66,1,5,False,1000,1000
11797,122,unweighted,10,0.643312101910828,0,26,None,66,1,5,False,1000,1000
11798,123,unweighted,10,0.6428144904458599,0,26,None,66,1,5,False,1000,1000
11799,124,unweighted,10,0.6435111464968153,0,26,None,66,1,5,False,1000,1000
11800,120,unweighted,10,0.6750597133757962,0,30,None,66,1,5,False,1000,1000
11801,121,unweighted,10,0.6750597133757962,0,30,None,66,1,5,False,1000,1000
11802,122,unweighted,10,0.6744625796178344,0,30,None,66,1,5,False,1000,1000
11803,123,unweighted,10,0.6746616242038217,0,30,None,66,1,5,False,1000,1000
11804,124,unweighted,10,0.674562101910828,0,30,None,66,1,5,False,1000,1000
11805,120,unweighted,10,0.698546974522293,0,12,None,66,1,5,False,1000,1000
11806,121,unweighted,10,0.6996417197452229,0,12,None,66,1,5,False,1000,1000
11807,122,unweighted,10,0.6999402866242038,0,12,None,66,1,5,False,1000,1000
11808,123,unweighted,10,0.7017316878980892,0,12,None,66,1,5,False,1000,1000
11809,124,unweighted,10,0.703125,0,12,None,66,1,5,False,1000,1000
11810,120,unweighted,10,0.6241042993630573,0,20,None,66,1,5,False,1000,1000
11811,121,unweighted,10,0.6412221337579618,0,20,None,66,1,5,False,1000,1000
11812,122,unweighted,10,0.6465963375796179,0,20,None,66,1,5,False,1000,1000
11813,123,unweighted,10,0.6455015923566879,0,20,None,66,1,5,False,1000,1000
11814,124,unweighted,10,0.6455015923566879,0,20,None,66,1,5,False,1000,1000
11815,120,unweighted,10,0.5683718152866242,0,11,None,66,1,5,False,1000,1000
11816,121,unweighted,10,0.5608081210191083,0,11,None,66,1,5,False,1000,1000
11817,122,unweighted,10,0.5555334394904459,0,11,None,66,1,5,False,1000,1000
11818,123,unweighted,10,0.5486664012738853,0,11,None,66,1,5,False,1000,1000
11819,124,unweighted,10,0.5424960191082803,0,11,None,66,1,5,False,1000,1000
11820,120,unweighted,10,0.6445063694267515,0,10,None,66,1,5,False,1000,1000
11821,121,unweighted,10,0.6493829617834395,0,10,None,66,1,5,False,1000,1000
11822,122,unweighted,10,0.6525676751592356,0,10,None,66,1,5,False,1000,1000
11823,123,unweighted,10,0.6546576433121019,0,10,None,66,1,5,False,1000,1000
11824,124,unweighted,10,0.6591361464968153,0,10,None,66,1,5,False,1000,1000
11825,120,unweighted,10,0.6404259554140127,0,15,None,66,1,5,False,1000,1000
11826,121,unweighted,10,0.6413216560509554,0,15,None,66,1,5,False,1000,1000
11827,122,unweighted,10,0.6429140127388535,0,15,None,66,1,5,False,1000,1000
11828,123,unweighted,10,0.6435111464968153,0,15,None,66,1,5,False,1000,1000
11829,124,unweighted,10,0.6447054140127388,0,15,None,66,1,5,False,1000,1000
11830,120,unweighted,10,0.6502786624203821,0,22,None,66,1,5,False,1000,1000
11831,121,unweighted,10,0.6525676751592356,0,22,None,66,1,5,False,1000,1000
11832,122,unweighted,10,0.6561504777070064,0,22,None,66,1,5,False,1000,1000
11833,123,unweighted,10,0.6588375796178344,0,22,None,66,1,5,False,1000,1000
11834,124,unweighted,10,0.6595342356687898,0,22,None,66,1,5,False,1000,1000
11835,120,unweighted,10,0.6936703821656051,0,14,None,66,1,5,False,1000,1000
11836,121,unweighted,10,0.6948646496815286,0,14,None,66,1,5,False,1000,1000
11837,122,unweighted,10,0.6956608280254777,0,14,None,66,1,5,False,1000,1000
11838,123,unweighted,10,0.6956608280254777,0,14,None,66,1,5,False,1000,1000
11839,124,unweighted,10,0.6959593949044586,0,14,None,66,1,5,False,1000,1000
11840,120,unweighted,10,0.6928742038216561,0,4,None,66,1,5,False,1000,1000
11841,121,unweighted,10,0.6936703821656051,0,4,None,66,1,5,False,1000,1000
11842,122,unweighted,10,0.693172770700637,0,4,None,66,1,5,False,1000,1000
11843,123,unweighted,10,0.6940684713375797,0,4,None,66,1,5,False,1000,1000
11844,124,unweighted,10,0.693968949044586,0,4,None,66,1,5,False,1000,1000
11845,120,unweighted,10,0.667296974522293,0,7,None,66,1,5,False,1000,1000
11846,121,unweighted,10,0.6677945859872612,0,7,None,66,1,5,False,1000,1000
11847,122,unweighted,10,0.6678941082802548,0,7,None,66,1,5,False,1000,1000
11848,123,unweighted,10,0.6685907643312102,0,7,None,66,1,5,False,1000,1000
11849,124,unweighted,10,0.6687898089171974,0,7,None,66,1,5,False,1000,1000
11850,120,unweighted,10,0.6841162420382165,0,32,None,66,1,5,False,1000,1000
11851,121,unweighted,10,0.6824243630573248,0,32,None,66,1,5,False,1000,1000
11852,122,unweighted,10,0.6815286624203821,0,32,None,66,1,5,False,1000,1000
11853,123,unweighted,10,0.6807324840764332,0,32,None,66,1,5,False,1000,1000
11854,124,unweighted,10,0.6801353503184714,0,32,None,66,1,5,False,1000,1000
11855,120,unweighted,10,0.6119625796178344,0,28,None,66,1,5,False,1000,1000
11856,121,unweighted,10,0.613953025477707,0,28,None,66,1,5,False,1000,1000
11857,122,unweighted,10,0.615843949044586,0,28,None,66,1,5,False,1000,1000
11858,123,unweighted,10,0.6170382165605095,0,28,None,66,1,5,False,1000,1000
11859,124,unweighted,10,0.6189291401273885,0,28,None,66,1,5,False,1000,1000
11860,120,unweighted,10,0.6274880573248408,0,3,None,66,1,5,False,1000,1000
11861,121,unweighted,10,0.6205214968152867,0,3,None,66,1,5,False,1000,1000
11862,122,unweighted,10,0.6117635350318471,0,3,None,66,1,5,False,1000,1000
11863,123,unweighted,10,0.6046974522292994,0,3,None,66,1,5,False,1000,1000
11864,124,unweighted,10,0.5974323248407644,0,3,None,66,1,5,False,1000,1000
11865,120,unweighted,10,0.6648089171974523,0,0,None,66,1,5,False,1000,1000
11866,121,unweighted,10,0.6651074840764332,0,0,None,66,1,5,False,1000,1000
11867,122,unweighted,10,0.6659036624203821,0,0,None,66,1,5,False,1000,1000
11868,123,unweighted,10,0.6668988853503185,0,0,None,66,1,5,False,1000,1000
11869,124,unweighted,10,0.668093152866242,0,0,None,66,1,5,False,1000,1000
11870,120,unweighted,10,0.6592356687898089,0,9,None,66,1,5,False,1000,1000
11871,121,unweighted,10,0.6623208598726115,0,9,None,66,1,5,False,1000,1000
11872,122,unweighted,10,0.665406050955414,0,9,None,66,1,5,False,1000,1000
11873,123,unweighted,10,0.6683917197452229,0,9,None,66,1,5,False,1000,1000
11874,124,unweighted,10,0.6711783439490446,0,9,None,66,1,5,False,1000,1000
11875,120,unweighted,10,0.6180334394904459,0,29,None,66,1,5,False,1000,1000
11876,121,unweighted,10,0.6208200636942676,0,29,None,66,1,5,False,1000,1000
11877,122,unweighted,10,0.6220143312101911,0,29,None,66,1,5,False,1000,1000
11878,123,unweighted,10,0.6233081210191083,0,29,None,66,1,5,False,1000,1000
11879,124,unweighted,10,0.6248009554140127,0,29,None,66,1,5,False,1000,1000
11880,125,unweighted,10,0.6492834394904459,0,26,None,66,1,5,False,1000,1000
11881,126,unweighted,10,0.648984872611465,0,26,None,66,1,5,False,1000,1000
11882,127,unweighted,10,0.6486863057324841,0,26,None,66,1,5,False,1000,1000
11883,128,unweighted,10,0.6494824840764332,0,26,None,66,1,5,False,1000,1000
11884,129,unweighted,10,0.6493829617834395,0,26,None,66,1,5,False,1000,1000
11885,125,unweighted,10,0.574343152866242,0,11,None,66,1,5,False,1000,1000
11886,126,unweighted,10,0.5696656050955414,0,11,None,66,1,5,False,1000,1000
11887,127,unweighted,10,0.5659832802547771,0,11,None,66,1,5,False,1000,1000
11888,128,unweighted,10,0.5584195859872612,0,11,None,66,1,5,False,1000,1000
11889,129,unweighted,10,0.5527468152866242,0,11,None,66,1,5,False,1000,1000
11890,125,unweighted,10,0.6457006369426752,0,15,None,66,1,5,False,1000,1000
11891,126,unweighted,10,0.6468949044585988,0,15,None,66,1,5,False,1000,1000
11892,127,unweighted,10,0.6479896496815286,0,15,None,66,1,5,False,1000,1000
11893,128,unweighted,10,0.6480891719745223,0,15,None,66,1,5,False,1000,1000
11894,129,unweighted,10,0.6482882165605095,0,15,None,66,1,5,False,1000,1000
11895,125,unweighted,10,0.6903861464968153,0,17,None,66,1,5,False,1000,1000
11896,126,unweighted,10,0.6889928343949044,0,17,None,66,1,5,False,1000,1000
11897,127,unweighted,10,0.6890923566878981,0,17,None,66,1,5,False,1000,1000
11898,128,unweighted,10,0.6890923566878981,0,17,None,66,1,5,False,1000,1000
11899,129,unweighted,10,0.6897890127388535,0,17,None,66,1,5,False,1000,1000
11900,125,unweighted,10,0.692078025477707,0,16,None,66,1,5,False,1000,1000
11901,126,unweighted,10,0.695859872611465,0,16,None,66,1,5,False,1000,1000
11902,127,unweighted,10,0.697452229299363,0,16,None,66,1,5,False,1000,1000
11903,128,unweighted,10,0.6997412420382165,0,16,None,66,1,5,False,1000,1000
11904,129,unweighted,10,0.7028264331210191,0,16,None,66,1,5,False,1000,1000
11905,125,unweighted,10,0.6258957006369427,0,18,None,66,1,5,False,1000,1000
11906,126,unweighted,10,0.6247014331210191,0,18,None,66,1,5,False,1000,1000
11907,127,unweighted,10,0.6257961783439491,0,18,None,66,1,5,False,1000,1000
11908,128,unweighted,10,0.6266918789808917,0,18,None,66,1,5,False,1000,1000
11909,129,unweighted,10,0.6270899681528662,0,18,None,66,1,5,False,1000,1000
11910,125,unweighted,10,0.6723726114649682,0,19,None,66,1,5,False,1000,1000
11911,126,unweighted,10,0.6731687898089171,0,19,None,66,1,5,False,1000,1000
11912,127,unweighted,10,0.6758558917197452,0,19,None,66,1,5,False,1000,1000
11913,128,unweighted,10,0.6776472929936306,0,19,None,66,1,5,False,1000,1000
11914,129,unweighted,10,0.679140127388535,0,19,None,66,1,5,False,1000,1000
11915,125,unweighted,10,0.7052149681528662,0,25,None,66,1,5,False,1000,1000
11916,126,unweighted,10,0.7047173566878981,0,25,None,66,1,5,False,1000,1000
11917,127,unweighted,10,0.7044187898089171,0,25,None,66,1,5,False,1000,1000
11918,128,unweighted,10,0.7037221337579618,0,25,None,66,1,5,False,1000,1000
11919,129,unweighted,10,0.7040207006369427,0,25,None,66,1,5,False,1000,1000
11920,125,unweighted,10,0.703125,0,12,None,66,1,5,False,1000,1000
11921,126,unweighted,10,0.7035230891719745,0,12,None,66,1,5,False,1000,1000
11922,127,unweighted,10,0.7045183121019108,0,12,None,66,1,5,False,1000,1000
11923,128,unweighted,10,0.705812101910828,0,12,None,66,1,5,False,1000,1000
11924,129,unweighted,10,0.7066082802547771,0,12,None,66,1,5,False,1000,1000
11925,125,unweighted,10,0.6591361464968153,0,1,None,66,1,5,False,1000,1000
11926,126,unweighted,10,0.6597332802547771,0,1,None,66,1,5,False,1000,1000
11927,127,unweighted,10,0.6605294585987261,0,1,None,66,1,5,False,1000,1000
11928,128,unweighted,10,0.6618232484076433,0,1,None,66,1,5,False,1000,1000
11929,129,unweighted,10,0.6625199044585988,0,1,None,66,1,5,False,1000,1000
11930,125,unweighted,10,0.6880971337579618,0,2,None,66,1,5,False,1000,1000
11931,126,unweighted,10,0.6757563694267515,0,2,None,66,1,5,False,1000,1000
11932,127,unweighted,10,0.6614251592356688,0,2,None,66,1,5,False,1000,1000
11933,128,unweighted,10,0.6546576433121019,0,2,None,66,1,5,False,1000,1000
11934,129,unweighted,10,0.6457006369426752,0,2,None,66,1,5,False,1000,1000
11935,125,unweighted,10,0.693172770700637,0,5,None,66,1,5,False,1000,1000
11936,126,unweighted,10,0.6945660828025477,0,5,None,66,1,5,False,1000,1000
11937,127,unweighted,10,0.6965565286624203,0,5,None,66,1,5,False,1000,1000
11938,128,unweighted,10,0.6979498407643312,0,5,None,66,1,5,False,1000,1000
11939,129,unweighted,10,0.6995421974522293,0,5,None,66,1,5,False,1000,1000
11940,125,unweighted,10,0.661922770700637,0,9,None,66,1,5,False,1000,1000
11941,126,unweighted,10,0.6645103503184714,0,9,None,66,1,5,False,1000,1000
11942,127,unweighted,10,0.668093152866242,0,9,None,66,1,5,False,1000,1000
11943,128,unweighted,10,0.6705812101910829,0,9,None,66,1,5,False,1000,1000
11944,129,unweighted,10,0.6736664012738853,0,9,None,66,1,5,False,1000,1000
11945,125,unweighted,10,0.6944665605095541,0,13,None,66,1,5,False,1000,1000
11946,126,unweighted,10,0.694765127388535,0,13,None,66,1,5,False,1000,1000
11947,127,unweighted,10,0.6932722929936306,0,13,None,66,1,5,False,1000,1000
11948,128,unweighted,10,0.693968949044586,0,13,None,66,1,5,False,1000,1000
11949,129,unweighted,10,0.6946656050955414,0,13,None,66,1,5,False,1000,1000
11950,125,unweighted,10,0.6475915605095541,0,21,None,66,1,5,False,1000,1000
11951,126,unweighted,10,0.6472929936305732,0,21,None,66,1,5,False,1000,1000
11952,127,unweighted,10,0.6463972929936306,0,21,None,66,1,5,False,1000,1000
11953,128,unweighted,10,0.6458001592356688,0,21,None,66,1,5,False,1000,1000
11954,129,unweighted,10,0.6455015923566879,0,21,None,66,1,5,False,1000,1000
11955,125,unweighted,10,0.6153463375796179,0,28,None,66,1,5,False,1000,1000
11956,126,unweighted,10,0.6181329617834395,0,28,None,66,1,5,False,1000,1000
11957,127,unweighted,10,0.6189291401273885,0,28,None,66,1,5,False,1000,1000
11958,128,unweighted,10,0.6200238853503185,0,28,None,66,1,5,False,1000,1000
11959,129,unweighted,10,0.6213176751592356,0,28,None,66,1,5,False,1000,1000
11960,125,unweighted,10,0.6208200636942676,0,29,None,66,1,5,False,1000,1000
11961,126,unweighted,10,0.6238057324840764,0,29,None,66,1,5,False,1000,1000
11962,127,unweighted,10,0.6252985668789809,0,29,None,66,1,5,False,1000,1000
11963,128,unweighted,10,0.6275875796178344,0,29,None,66,1,5,False,1000,1000
11964,129,unweighted,10,0.6290804140127388,0,29,None,66,1,5,False,1000,1000
11965,125,unweighted,10,0.6712778662420382,0,7,None,66,1,5,False,1000,1000
11966,126,unweighted,10,0.6712778662420382,0,7,None,66,1,5,False,1000,1000
11967,127,unweighted,10,0.6717754777070064,0,7,None,66,1,5,False,1000,1000
11968,128,unweighted,10,0.6716759554140127,0,7,None,66,1,5,False,1000,1000
11969,129,unweighted,10,0.6717754777070064,0,7,None,66,1,5,False,1000,1000
11970,125,unweighted,10,0.6302746815286624,0,3,None,66,1,5,False,1000,1000
11971,126,unweighted,10,0.622312898089172,0,3,None,66,1,5,False,1000,1000
11972,127,unweighted,10,0.6146496815286624,0,3,None,66,1,5,False,1000,1000
11973,128,unweighted,10,0.6083797770700637,0,3,None,66,1,5,False,1000,1000
11974,129,unweighted,10,0.6015127388535032,0,3,None,66,1,5,False,1000,1000
11975,125,unweighted,10,0.6607285031847133,0,6,None,66,1,5,False,1000,1000
11976,126,unweighted,10,0.6615246815286624,0,6,None,66,1,5,False,1000,1000
11977,127,unweighted,10,0.6614251592356688,0,6,None,66,1,5,False,1000,1000
11978,128,unweighted,10,0.6617237261146497,0,6,None,66,1,5,False,1000,1000
11979,129,unweighted,10,0.6615246815286624,0,6,None,66,1,5,False,1000,1000
11980,125,unweighted,10,0.6500796178343949,0,8,None,66,1,5,False,1000,1000
11981,126,unweighted,10,0.650577229299363,0,8,None,66,1,5,False,1000,1000
11982,127,unweighted,10,0.6520700636942676,0,8,None,66,1,5,False,1000,1000
11983,128,unweighted,10,0.6533638535031847,0,8,None,66,1,5,False,1000,1000
11984,129,unweighted,10,0.6547571656050956,0,8,None,66,1,5,False,1000,1000
11985,125,unweighted,10,0.6487858280254777,0,10,None,66,1,5,False,1000,1000
11986,126,unweighted,10,0.6529657643312102,0,10,None,66,1,5,False,1000,1000
11987,127,unweighted,10,0.6563495222929936,0,10,None,66,1,5,False,1000,1000
11988,128,unweighted,10,0.6593351910828026,0,10,None,66,1,5,False,1000,1000
11989,129,unweighted,10,0.6629179936305732,0,10,None,66,1,5,False,1000,1000
11990,125,unweighted,10,0.6338574840764332,0,20,None,66,1,5,False,1000,1000
11991,126,unweighted,10,0.6500796178343949,0,20,None,66,1,5,False,1000,1000
11992,127,unweighted,10,0.6536624203821656,0,20,None,66,1,5,False,1000,1000
11993,128,unweighted,10,0.6531648089171974,0,20,None,66,1,5,False,1000,1000
11994,129,unweighted,10,0.6537619426751592,0,20,None,66,1,5,False,1000,1000
11995,125,unweighted,10,0.6678941082802548,0,23,None,66,1,5,False,1000,1000
11996,126,unweighted,10,0.6683917197452229,0,23,None,66,1,5,False,1000,1000
11997,127,unweighted,10,0.6697850318471338,0,23,None,66,1,5,False,1000,1000
11998,128,unweighted,10,0.6698845541401274,0,23,None,66,1,5,False,1000,1000
11999,129,unweighted,10,0.6695859872611465,0,23,None,66,1,5,False,1000,1000
12000,125,unweighted,10,0.6870023885350318,0,32,None,66,1,5,False,1000,1000
12001,126,unweighted,10,0.6858081210191083,0,32,None,66,1,5,False,1000,1000
12002,127,unweighted,10,0.6855095541401274,0,32,None,66,1,5,False,1000,1000
12003,128,unweighted,10,0.6850119426751592,0,32,None,66,1,5,False,1000,1000
12004,129,unweighted,10,0.6849124203821656,0,32,None,66,1,5,False,1000,1000
12005,125,unweighted,10,0.6593351910828026,0,24,None,66,1,5,False,1000,1000
12006,126,unweighted,10,0.6607285031847133,0,24,None,66,1,5,False,1000,1000
12007,127,unweighted,10,0.6629179936305732,0,24,None,66,1,5,False,1000,1000
12008,128,unweighted,10,0.6633160828025477,0,24,None,66,1,5,False,1000,1000
12009,129,unweighted,10,0.6633160828025477,0,24,None,66,1,5,False,1000,1000
12010,125,unweighted,10,0.6259952229299363,0,27,None,66,1,5,False,1000,1000
12011,126,unweighted,10,0.6275875796178344,0,27,None,66,1,5,False,1000,1000
12012,127,unweighted,10,0.6275875796178344,0,27,None,66,1,5,False,1000,1000
12013,128,unweighted,10,0.6284832802547771,0,27,None,66,1,5,False,1000,1000
12014,129,unweighted,10,0.6296775477707006,0,27,None,66,1,5,False,1000,1000
12015,125,unweighted,10,0.6808320063694268,0,30,None,66,1,5,False,1000,1000
12016,126,unweighted,10,0.6804339171974523,0,30,None,66,1,5,False,1000,1000
12017,127,unweighted,10,0.6797372611464968,0,30,None,66,1,5,False,1000,1000
12018,128,unweighted,10,0.6788415605095541,0,30,None,66,1,5,False,1000,1000
12019,129,unweighted,10,0.6784434713375797,0,30,None,66,1,5,False,1000,1000
12020,125,unweighted,10,0.694765127388535,0,31,None,66,1,5,False,1000,1000
12021,126,unweighted,10,0.695859872611465,0,31,None,66,1,5,False,1000,1000
12022,127,unweighted,10,0.6969546178343949,0,31,None,66,1,5,False,1000,1000
12023,128,unweighted,10,0.6978503184713376,0,31,None,66,1,5,False,1000,1000
12024,129,unweighted,10,0.6989450636942676,0,31,None,66,1,5,False,1000,1000
12025,125,unweighted,10,0.6720740445859873,0,0,None,66,1,5,False,1000,1000
12026,126,unweighted,10,0.6726711783439491,0,0,None,66,1,5,False,1000,1000
12027,127,unweighted,10,0.6738654458598726,0,0,None,66,1,5,False,1000,1000
12028,128,unweighted,10,0.6751592356687898,0,0,None,66,1,5,False,1000,1000
12029,129,unweighted,10,0.6746616242038217,0,0,None,66,1,5,False,1000,1000
12030,125,unweighted,10,0.7082006369426752,0,14,None,66,1,5,False,1000,1000
12031,126,unweighted,10,0.7079020700636943,0,14,None,66,1,5,False,1000,1000
12032,127,unweighted,10,0.7080015923566879,0,14,None,66,1,5,False,1000,1000
12033,128,unweighted,10,0.7076035031847133,0,14,None,66,1,5,False,1000,1000
12034,129,unweighted,10,0.7078025477707006,0,14,None,66,1,5,False,1000,1000
12035,125,unweighted,10,0.6960589171974523,0,4,None,66,1,5,False,1000,1000
12036,126,unweighted,10,0.6952627388535032,0,4,None,66,1,5,False,1000,1000
12037,127,unweighted,10,0.6953622611464968,0,4,None,66,1,5,False,1000,1000
12038,128,unweighted,10,0.695859872611465,0,4,None,66,1,5,False,1000,1000
12039,129,unweighted,10,0.6957603503184714,0,4,None,66,1,5,False,1000,1000
12040,125,unweighted,10,0.6560509554140127,0,22,None,66,1,5,False,1000,1000
12041,126,unweighted,10,0.6587380573248408,0,22,None,66,1,5,False,1000,1000
12042,127,unweighted,10,0.6602308917197452,0,22,None,66,1,5,False,1000,1000
12043,128,unweighted,10,0.6632165605095541,0,22,None,66,1,5,False,1000,1000
12044,129,unweighted,10,0.6649084394904459,0,22,None,66,1,5,False,1000,1000
16005,130,unweighted,10,0.6975517515923567,0,5,None,66,1,5,False,1000,1000
16006,131,unweighted,10,0.6997412420382165,0,5,None,66,1,5,False,1000,1000
16007,132,unweighted,10,0.7015326433121019,0,5,None,66,1,5,False,1000,1000
16008,133,unweighted,10,0.7032245222929936,0,5,None,66,1,5,False,1000,1000
16009,134,unweighted,10,0.7041202229299363,0,5,None,66,1,5,False,1000,1000
16010,130,unweighted,10,0.6496815286624203,0,15,None,66,1,5,False,1000,1000
16011,131,unweighted,10,0.6511743630573248,0,15,None,66,1,5,False,1000,1000
16012,132,unweighted,10,0.6515724522292994,0,15,None,66,1,5,False,1000,1000
16013,133,unweighted,10,0.6521695859872612,0,15,None,66,1,5,False,1000,1000
16014,134,unweighted,10,0.6523686305732485,0,15,None,66,1,5,False,1000,1000
16015,130,unweighted,10,0.6956608280254777,0,16,None,66,1,5,False,1000,1000
16016,131,unweighted,10,0.6987460191082803,0,16,None,66,1,5,False,1000,1000
16017,132,unweighted,10,0.701234076433121,0,16,None,66,1,5,False,1000,1000
16018,133,unweighted,10,0.7045183121019108,0,16,None,66,1,5,False,1000,1000
16019,134,unweighted,10,0.706906847133758,0,16,None,66,1,5,False,1000,1000
16020,130,unweighted,10,0.6523686305732485,0,8,None,66,1,5,False,1000,1000
16021,131,unweighted,10,0.6530652866242038,0,8,None,66,1,5,False,1000,1000
16022,132,unweighted,10,0.6539609872611465,0,8,None,66,1,5,False,1000,1000
16023,133,unweighted,10,0.6552547770700637,0,8,None,66,1,5,False,1000,1000
16024,134,unweighted,10,0.6563495222929936,0,8,None,66,1,5,False,1000,1000
16025,130,unweighted,10,0.6880971337579618,0,20,None,66,1,5,False,1000,1000
16026,131,unweighted,10,0.6766520700636943,0,20,None,66,1,5,False,1000,1000
16027,132,unweighted,10,0.6692874203821656,0,20,None,66,1,5,False,1000,1000
16028,133,unweighted,10,0.6649084394904459,0,20,None,66,1,5,False,1000,1000
16029,134,unweighted,10,0.6605294585987261,0,20,None,66,1,5,False,1000,1000
16030,130,unweighted,10,0.678343949044586,0,19,None,66,1,5,False,1000,1000
16031,131,unweighted,10,0.6798367834394905,0,19,None,66,1,5,False,1000,1000
16032,132,unweighted,10,0.6817277070063694,0,19,None,66,1,5,False,1000,1000
16033,133,unweighted,10,0.6838176751592356,0,19,None,66,1,5,False,1000,1000
16034,134,unweighted,10,0.6840167197452229,0,19,None,66,1,5,False,1000,1000
16035,130,unweighted,10,0.663515127388535,0,22,None,66,1,5,False,1000,1000
16036,131,unweighted,10,0.6652070063694268,0,22,None,66,1,5,False,1000,1000
16037,132,unweighted,10,0.667296974522293,0,22,None,66,1,5,False,1000,1000
16038,133,unweighted,10,0.6679936305732485,0,22,None,66,1,5,False,1000,1000
16039,134,unweighted,10,0.6689888535031847,0,22,None,66,1,5,False,1000,1000
16040,130,unweighted,10,0.7068073248407644,0,14,None,66,1,5,False,1000,1000
16041,131,unweighted,10,0.7073049363057324,0,14,None,66,1,5,False,1000,1000
16042,132,unweighted,10,0.7065087579617835,0,14,None,66,1,5,False,1000,1000
16043,133,unweighted,10,0.7072054140127388,0,14,None,66,1,5,False,1000,1000
16044,134,unweighted,10,0.7072054140127388,0,14,None,66,1,5,False,1000,1000
16045,130,unweighted,10,0.6713773885350318,0,23,None,66,1,5,False,1000,1000
16046,131,unweighted,10,0.6709792993630573,0,23,None,66,1,5,False,1000,1000
16047,132,unweighted,10,0.6712778662420382,0,23,None,66,1,5,False,1000,1000
16048,133,unweighted,10,0.671875,0,23,None,66,1,5,False,1000,1000
16049,134,unweighted,10,0.6723726114649682,0,23,None,66,1,5,False,1000,1000
16050,130,unweighted,10,0.6513734076433121,0,21,None,66,1,5,False,1000,1000
16051,131,unweighted,10,0.6507762738853503,0,21,None,66,1,5,False,1000,1000
16052,132,unweighted,10,0.6511743630573248,0,21,None,66,1,5,False,1000,1000
16053,133,unweighted,10,0.6514729299363057,0,21,None,66,1,5,False,1000,1000
16054,134,unweighted,10,0.6506767515923567,0,21,None,66,1,5,False,1000,1000
16055,130,unweighted,10,0.6194267515923567,0,28,None,66,1,5,False,1000,1000
16056,131,unweighted,10,0.6210191082802548,0,28,None,66,1,5,False,1000,1000
16057,132,unweighted,10,0.6222133757961783,0,28,None,66,1,5,False,1000,1000
16058,133,unweighted,10,0.6240047770700637,0,28,None,66,1,5,False,1000,1000
16059,134,unweighted,10,0.6249004777070064,0,28,None,66,1,5,False,1000,1000
16060,130,unweighted,10,0.6647093949044586,0,24,None,66,1,5,False,1000,1000
16061,131,unweighted,10,0.6649084394904459,0,24,None,66,1,5,False,1000,1000
16062,132,unweighted,10,0.6653065286624203,0,24,None,66,1,5,False,1000,1000
16063,133,unweighted,10,0.6663017515923567,0,24,None,66,1,5,False,1000,1000
16064,134,unweighted,10,0.6663017515923567,0,24,None,66,1,5,False,1000,1000
16065,130,unweighted,10,0.6984474522292994,0,31,None,66,1,5,False,1000,1000
16066,131,unweighted,10,0.7002388535031847,0,31,None,66,1,5,False,1000,1000
16067,132,unweighted,10,0.7007364649681529,0,31,None,66,1,5,False,1000,1000
16068,133,unweighted,10,0.7016321656050956,0,31,None,66,1,5,False,1000,1000
16069,134,unweighted,10,0.70203025477707,0,31,None,66,1,5,False,1000,1000
16070,130,unweighted,10,0.6313694267515924,0,18,None,66,1,5,False,1000,1000
16071,131,unweighted,10,0.6308718152866242,0,18,None,66,1,5,False,1000,1000
16072,132,unweighted,10,0.630672770700637,0,18,None,66,1,5,False,1000,1000
16073,133,unweighted,10,0.6313694267515924,0,18,None,66,1,5,False,1000,1000
16074,134,unweighted,10,0.6316679936305732,0,18,None,66,1,5,False,1000,1000
16075,130,unweighted,10,0.6750597133757962,0,7,None,66,1,5,False,1000,1000
16076,131,unweighted,10,0.6746616242038217,0,7,None,66,1,5,False,1000,1000
16077,132,unweighted,10,0.6748606687898089,0,7,None,66,1,5,False,1000,1000
16078,133,unweighted,10,0.6747611464968153,0,7,None,66,1,5,False,1000,1000
16079,134,unweighted,10,0.6750597133757962,0,7,None,66,1,5,False,1000,1000
16080,130,unweighted,10,0.6922770700636943,0,32,None,66,1,5,False,1000,1000
16081,131,unweighted,10,0.6907842356687898,0,32,None,66,1,5,False,1000,1000
16082,132,unweighted,10,0.6899880573248408,0,32,None,66,1,5,False,1000,1000
16083,133,unweighted,10,0.6897890127388535,0,32,None,66,1,5,False,1000,1000
16084,134,unweighted,10,0.6891918789808917,0,32,None,66,1,5,False,1000,1000
16085,130,unweighted,10,0.7019307324840764,0,4,None,66,1,5,False,1000,1000
16086,131,unweighted,10,0.7022292993630573,0,4,None,66,1,5,False,1000,1000
16087,132,unweighted,10,0.7015326433121019,0,4,None,66,1,5,False,1000,1000
16088,133,unweighted,10,0.7013335987261147,0,4,None,66,1,5,False,1000,1000
16089,134,unweighted,10,0.7001393312101911,0,4,None,66,1,5,False,1000,1000
16090,130,unweighted,10,0.6935708598726115,0,2,None,66,1,5,False,1000,1000
16091,131,unweighted,10,0.6819267515923567,0,2,None,66,1,5,False,1000,1000
16092,132,unweighted,10,0.6690883757961783,0,2,None,66,1,5,False,1000,1000
16093,133,unweighted,10,0.6620222929936306,0,2,None,66,1,5,False,1000,1000
16094,134,unweighted,10,0.6532643312101911,0,2,None,66,1,5,False,1000,1000
16095,130,unweighted,10,0.6633160828025477,0,1,None,66,1,5,False,1000,1000
16096,131,unweighted,10,0.6651074840764332,0,1,None,66,1,5,False,1000,1000
16097,132,unweighted,10,0.666202229299363,0,1,None,66,1,5,False,1000,1000
16098,133,unweighted,10,0.6674960191082803,0,1,None,66,1,5,False,1000,1000
16099,134,unweighted,10,0.6678941082802548,0,1,None,66,1,5,False,1000,1000
16100,130,unweighted,10,0.6226114649681529,0,11,None,66,1,5,False,1000,1000
16101,131,unweighted,10,0.6109673566878981,0,11,None,66,1,5,False,1000,1000
16102,132,unweighted,10,0.5976313694267515,0,11,None,66,1,5,False,1000,1000
16103,133,unweighted,10,0.5867834394904459,0,11,None,66,1,5,False,1000,1000
16104,134,unweighted,10,0.5767316878980892,0,11,None,66,1,5,False,1000,1000
16105,130,unweighted,10,0.6540605095541401,0,10,None,66,1,5,False,1000,1000
16106,131,unweighted,10,0.6584394904458599,0,10,None,66,1,5,False,1000,1000
16107,132,unweighted,10,0.6615246815286624,0,10,None,66,1,5,False,1000,1000
16108,133,unweighted,10,0.6658041401273885,0,10,None,66,1,5,False,1000,1000
16109,134,unweighted,10,0.6697850318471338,0,10,None,66,1,5,False,1000,1000
16110,130,unweighted,10,0.6954617834394905,0,17,None,66,1,5,False,1000,1000
16111,131,unweighted,10,0.6948646496815286,0,17,None,66,1,5,False,1000,1000
16112,132,unweighted,10,0.694765127388535,0,17,None,66,1,5,False,1000,1000
16113,133,unweighted,10,0.6953622611464968,0,17,None,66,1,5,False,1000,1000
16114,134,unweighted,10,0.6955613057324841,0,17,None,66,1,5,False,1000,1000
16115,130,unweighted,10,0.7055135350318471,0,12,None,66,1,5,False,1000,1000
16116,131,unweighted,10,0.7062101910828026,0,12,None,66,1,5,False,1000,1000
16117,132,unweighted,10,0.7073049363057324,0,12,None,66,1,5,False,1000,1000
16118,133,unweighted,10,0.7080015923566879,0,12,None,66,1,5,False,1000,1000
16119,134,unweighted,10,0.7086982484076433,0,12,None,66,1,5,False,1000,1000
16120,130,unweighted,10,0.696656050955414,0,13,None,66,1,5,False,1000,1000
16121,131,unweighted,10,0.698546974522293,0,13,None,66,1,5,False,1000,1000
16122,132,unweighted,10,0.698546974522293,0,13,None,66,1,5,False,1000,1000
16123,133,unweighted,10,0.6981488853503185,0,13,None,66,1,5,False,1000,1000
16124,134,unweighted,10,0.6984474522292994,0,13,None,66,1,5,False,1000,1000
16125,130,unweighted,10,0.7072054140127388,0,25,None,66,1,5,False,1000,1000
16126,131,unweighted,10,0.7064092356687898,0,25,None,66,1,5,False,1000,1000
16127,132,unweighted,10,0.7071058917197452,0,25,None,66,1,5,False,1000,1000
16128,133,unweighted,10,0.7073049363057324,0,25,None,66,1,5,False,1000,1000
16129,134,unweighted,10,0.7075039808917197,0,25,None,66,1,5,False,1000,1000
16130,130,unweighted,10,0.6515724522292994,0,26,None,66,1,5,False,1000,1000
16131,131,unweighted,10,0.6531648089171974,0,26,None,66,1,5,False,1000,1000
16132,132,unweighted,10,0.6538614649681529,0,26,None,66,1,5,False,1000,1000
16133,133,unweighted,10,0.6541600318471338,0,26,None,66,1,5,False,1000,1000
16134,134,unweighted,10,0.6538614649681529,0,26,None,66,1,5,False,1000,1000
16135,130,unweighted,10,0.6347531847133758,0,3,None,66,1,5,False,1000,1000
16136,131,unweighted,10,0.6302746815286624,0,3,None,66,1,5,False,1000,1000
16137,132,unweighted,10,0.623109076433121,0,3,None,66,1,5,False,1000,1000
16138,133,unweighted,10,0.6164410828025477,0,3,None,66,1,5,False,1000,1000
16139,134,unweighted,10,0.6115644904458599,0,3,None,66,1,5,False,1000,1000
16140,130,unweighted,10,0.6757563694267515,0,0,None,66,1,5,False,1000,1000
16141,131,unweighted,10,0.6766520700636943,0,0,None,66,1,5,False,1000,1000
16142,132,unweighted,10,0.677547770700637,0,0,None,66,1,5,False,1000,1000
16143,133,unweighted,10,0.6773487261146497,0,0,None,66,1,5,False,1000,1000
16144,134,unweighted,10,0.6777468152866242,0,0,None,66,1,5,False,1000,1000
16145,130,unweighted,10,0.6640127388535032,0,9,None,66,1,5,False,1000,1000
16146,131,unweighted,10,0.6670979299363057,0,9,None,66,1,5,False,1000,1000
16147,132,unweighted,10,0.6693869426751592,0,9,None,66,1,5,False,1000,1000
16148,133,unweighted,10,0.6725716560509554,0,9,None,66,1,5,False,1000,1000
16149,134,unweighted,10,0.6761544585987261,0,9,None,66,1,5,False,1000,1000
16150,130,unweighted,10,0.6245023885350318,0,29,None,66,1,5,False,1000,1000
16151,131,unweighted,10,0.627687101910828,0,29,None,66,1,5,False,1000,1000
16152,132,unweighted,10,0.6292794585987261,0,29,None,66,1,5,False,1000,1000
16153,133,unweighted,10,0.630672770700637,0,29,None,66,1,5,False,1000,1000
16154,134,unweighted,10,0.6317675159235668,0,29,None,66,1,5,False,1000,1000
16155,130,unweighted,10,0.628781847133758,0,27,None,66,1,5,False,1000,1000
16156,131,unweighted,10,0.6288813694267515,0,27,None,66,1,5,False,1000,1000
16157,132,unweighted,10,0.6303742038216561,0,27,None,66,1,5,False,1000,1000
16158,133,unweighted,10,0.6315684713375797,0,27,None,66,1,5,False,1000,1000
16159,134,unweighted,10,0.6318670382165605,0,27,None,66,1,5,False,1000,1000
16160,130,unweighted,10,0.6855095541401274,0,30,None,66,1,5,False,1000,1000
16161,131,unweighted,10,0.6844148089171974,0,30,None,66,1,5,False,1000,1000
16162,132,unweighted,10,0.6840167197452229,0,30,None,66,1,5,False,1000,1000
16163,133,unweighted,10,0.6833200636942676,0,30,None,66,1,5,False,1000,1000
16164,134,unweighted,10,0.6832205414012739,0,30,None,66,1,5,False,1000,1000
16165,130,unweighted,10,0.6632165605095541,0,6,None,66,1,5,False,1000,1000
16166,131,unweighted,10,0.664609872611465,0,6,None,66,1,5,False,1000,1000
16167,132,unweighted,10,0.6645103503184714,0,6,None,66,1,5,False,1000,1000
16168,133,unweighted,10,0.6644108280254777,0,6,None,66,1,5,False,1000,1000
16169,134,unweighted,10,0.6647093949044586,0,6,None,66,1,5,False,1000,1000
16170,135,unweighted,10,0.6405254777070064,0,11,None,66,1,5,False,1000,1000
16171,136,unweighted,10,0.6220143312101911,0,11,None,66,1,5,False,1000,1000
16172,137,unweighted,10,0.6108678343949044,0,11,None,66,1,5,False,1000,1000
16173,138,unweighted,10,0.5985270700636943,0,11,None,66,1,5,False,1000,1000
16174,139,unweighted,10,0.5896695859872612,0,11,None,66,1,5,False,1000,1000
16175,135,unweighted,10,0.6539609872611465,0,15,None,66,1,5,False,1000,1000
16176,136,unweighted,10,0.6556528662420382,0,15,None,66,1,5,False,1000,1000
16177,137,unweighted,10,0.6565485668789809,0,15,None,66,1,5,False,1000,1000
16178,138,unweighted,10,0.6563495222929936,0,15,None,66,1,5,False,1000,1000
16179,139,unweighted,10,0.6568471337579618,0,15,None,66,1,5,False,1000,1000
16180,135,unweighted,10,0.6799363057324841,0,19,None,66,1,5,False,1000,1000
16181,136,unweighted,10,0.6815286624203821,0,19,None,66,1,5,False,1000,1000
16182,137,unweighted,10,0.6830214968152867,0,19,None,66,1,5,False,1000,1000
16183,138,unweighted,10,0.6849124203821656,0,19,None,66,1,5,False,1000,1000
16184,139,unweighted,10,0.6855095541401274,0,19,None,66,1,5,False,1000,1000
16185,135,unweighted,10,0.6994426751592356,0,17,None,66,1,5,False,1000,1000
16186,136,unweighted,10,0.6982484076433121,0,17,None,66,1,5,False,1000,1000
16187,137,unweighted,10,0.6981488853503185,0,17,None,66,1,5,False,1000,1000
16188,138,unweighted,10,0.6981488853503185,0,17,None,66,1,5,False,1000,1000
16189,139,unweighted,10,0.6981488853503185,0,17,None,66,1,5,False,1000,1000
16190,135,unweighted,10,0.6675955414012739,0,1,None,66,1,5,False,1000,1000
16191,136,unweighted,10,0.6684912420382165,0,1,None,66,1,5,False,1000,1000
16192,137,unweighted,10,0.6693869426751592,0,1,None,66,1,5,False,1000,1000
16193,138,unweighted,10,0.669984076433121,0,1,None,66,1,5,False,1000,1000
16194,139,unweighted,10,0.6705812101910829,0,1,None,66,1,5,False,1000,1000
16195,135,unweighted,10,0.6959593949044586,0,2,None,66,1,5,False,1000,1000
16196,136,unweighted,10,0.6852109872611465,0,2,None,66,1,5,False,1000,1000
16197,137,unweighted,10,0.6704816878980892,0,2,None,66,1,5,False,1000,1000
16198,138,unweighted,10,0.6665007961783439,0,2,None,66,1,5,False,1000,1000
16199,139,unweighted,10,0.6556528662420382,0,2,None,66,1,5,False,1000,1000
16200,135,unweighted,10,0.6547571656050956,0,21,None,66,1,5,False,1000,1000
16201,136,unweighted,10,0.6539609872611465,0,21,None,66,1,5,False,1000,1000
16202,137,unweighted,10,0.6540605095541401,0,21,None,66,1,5,False,1000,1000
16203,138,unweighted,10,0.6540605095541401,0,21,None,66,1,5,False,1000,1000
16204,139,unweighted,10,0.6536624203821656,0,21,None,66,1,5,False,1000,1000
16205,135,unweighted,10,0.6219148089171974,0,28,None,66,1,5,False,1000,1000
16206,136,unweighted,10,0.62390525477707,0,28,None,66,1,5,False,1000,1000
16207,137,unweighted,10,0.6248009554140127,0,28,None,66,1,5,False,1000,1000
16208,138,unweighted,10,0.6267914012738853,0,28,None,66,1,5,False,1000,1000
16209,139,unweighted,10,0.6279856687898089,0,28,None,66,1,5,False,1000,1000
16210,135,unweighted,10,0.6676950636942676,0,24,None,66,1,5,False,1000,1000
16211,136,unweighted,10,0.6677945859872612,0,24,None,66,1,5,False,1000,1000
16212,137,unweighted,10,0.668093152866242,0,24,None,66,1,5,False,1000,1000
16213,138,unweighted,10,0.6684912420382165,0,24,None,66,1,5,False,1000,1000
16214,139,unweighted,10,0.669187898089172,0,24,None,66,1,5,False,1000,1000
16215,135,unweighted,10,0.6294785031847133,0,27,None,66,1,5,False,1000,1000
16216,136,unweighted,10,0.6311703821656051,0,27,None,66,1,5,False,1000,1000
16217,137,unweighted,10,0.6325636942675159,0,27,None,66,1,5,False,1000,1000
16218,138,unweighted,10,0.6317675159235668,0,27,None,66,1,5,False,1000,1000
16219,139,unweighted,10,0.6328622611464968,0,27,None,66,1,5,False,1000,1000
16220,135,unweighted,10,0.6327627388535032,0,18,None,66,1,5,False,1000,1000
16221,136,unweighted,10,0.6325636942675159,0,18,None,66,1,5,False,1000,1000
16222,137,unweighted,10,0.6324641719745223,0,18,None,66,1,5,False,1000,1000
16223,138,unweighted,10,0.6324641719745223,0,18,None,66,1,5,False,1000,1000
16224,139,unweighted,10,0.6342555732484076,0,18,None,66,1,5,False,1000,1000
16225,135,unweighted,10,0.7016321656050956,0,31,None,66,1,5,False,1000,1000
16226,136,unweighted,10,0.7026273885350318,0,31,None,66,1,5,False,1000,1000
16227,137,unweighted,10,0.7036226114649682,0,31,None,66,1,5,False,1000,1000
16228,138,unweighted,10,0.7039211783439491,0,31,None,66,1,5,False,1000,1000
16229,139,unweighted,10,0.7043192675159236,0,31,None,66,1,5,False,1000,1000
16230,135,unweighted,10,0.6906847133757962,0,30,None,66,1,5,False,1000,1000
16231,136,unweighted,10,0.6886942675159236,0,30,None,66,1,5,False,1000,1000
16232,137,unweighted,10,0.6881966560509554,0,30,None,66,1,5,False,1000,1000
16233,138,unweighted,10,0.6883957006369427,0,30,None,66,1,5,False,1000,1000
16234,139,unweighted,10,0.6872014331210191,0,30,None,66,1,5,False,1000,1000
16235,135,unweighted,10,0.7010350318471338,0,5,None,66,1,5,False,1000,1000
16236,136,unweighted,10,0.7032245222929936,0,5,None,66,1,5,False,1000,1000
16237,137,unweighted,10,0.7051154458598726,0,5,None,66,1,5,False,1000,1000
16238,138,unweighted,10,0.7063097133757962,0,5,None,66,1,5,False,1000,1000
16239,139,unweighted,10,0.7065087579617835,0,5,None,66,1,5,False,1000,1000
16240,135,unweighted,10,0.6529657643312102,0,8,None,66,1,5,False,1000,1000
16241,136,unweighted,10,0.6537619426751592,0,8,None,66,1,5,False,1000,1000
16242,137,unweighted,10,0.6548566878980892,0,8,None,66,1,5,False,1000,1000
16243,138,unweighted,10,0.6569466560509554,0,8,None,66,1,5,False,1000,1000
16244,139,unweighted,10,0.6579418789808917,0,8,None,66,1,5,False,1000,1000
16245,135,unweighted,10,0.6572452229299363,0,10,None,66,1,5,False,1000,1000
16246,136,unweighted,10,0.6610270700636943,0,10,None,66,1,5,False,1000,1000
16247,137,unweighted,10,0.6652070063694268,0,10,None,66,1,5,False,1000,1000
16248,138,unweighted,10,0.6690883757961783,0,10,None,66,1,5,False,1000,1000
16249,139,unweighted,10,0.6719745222929936,0,10,None,66,1,5,False,1000,1000
16250,135,unweighted,10,0.7040207006369427,0,4,None,66,1,5,False,1000,1000
16251,136,unweighted,10,0.7047173566878981,0,4,None,66,1,5,False,1000,1000
16252,137,unweighted,10,0.7045183121019108,0,4,None,66,1,5,False,1000,1000
16253,138,unweighted,10,0.7036226114649682,0,4,None,66,1,5,False,1000,1000
16254,139,unweighted,10,0.70421974522293,0,4,None,66,1,5,False,1000,1000
16255,135,unweighted,10,0.6607285031847133,0,20,None,66,1,5,False,1000,1000
16256,136,unweighted,10,0.6687898089171974,0,20,None,66,1,5,False,1000,1000
16257,137,unweighted,10,0.6675955414012739,0,20,None,66,1,5,False,1000,1000
16258,138,unweighted,10,0.6674960191082803,0,20,None,66,1,5,False,1000,1000
16259,139,unweighted,10,0.6652070063694268,0,20,None,66,1,5,False,1000,1000
16260,135,unweighted,10,0.6735668789808917,0,23,None,66,1,5,False,1000,1000
16261,136,unweighted,10,0.6736664012738853,0,23,None,66,1,5,False,1000,1000
16262,137,unweighted,10,0.6739649681528662,0,23,None,66,1,5,False,1000,1000
16263,138,unweighted,10,0.6747611464968153,0,23,None,66,1,5,False,1000,1000
16264,139,unweighted,10,0.6751592356687898,0,23,None,66,1,5,False,1000,1000
16265,135,unweighted,10,0.6995421974522293,0,16,None,66,1,5,False,1000,1000
16266,136,unweighted,10,0.7026273885350318,0,16,None,66,1,5,False,1000,1000
16267,137,unweighted,10,0.7065087579617835,0,16,None,66,1,5,False,1000,1000
16268,138,unweighted,10,0.7080015923566879,0,16,None,66,1,5,False,1000,1000
16269,139,unweighted,10,0.7099920382165605,0,16,None,66,1,5,False,1000,1000
16270,135,unweighted,10,0.6776472929936306,0,7,None,66,1,5,False,1000,1000
16271,136,unweighted,10,0.6777468152866242,0,7,None,66,1,5,False,1000,1000
16272,137,unweighted,10,0.6773487261146497,0,7,None,66,1,5,False,1000,1000
16273,138,unweighted,10,0.6776472929936306,0,7,None,66,1,5,False,1000,1000
16274,139,unweighted,10,0.677547770700637,0,7,None,66,1,5,False,1000,1000
16275,135,unweighted,10,0.6968550955414012,0,32,None,66,1,5,False,1000,1000
16276,136,unweighted,10,0.6951632165605095,0,32,None,66,1,5,False,1000,1000
16277,137,unweighted,10,0.6946656050955414,0,32,None,66,1,5,False,1000,1000
16278,138,unweighted,10,0.6945660828025477,0,32,None,66,1,5,False,1000,1000
16279,139,unweighted,10,0.6940684713375797,0,32,None,66,1,5,False,1000,1000
16280,135,unweighted,10,0.6686902866242038,0,22,None,66,1,5,False,1000,1000
16281,136,unweighted,10,0.67078025477707,0,22,None,66,1,5,False,1000,1000
16282,137,unweighted,10,0.6719745222929936,0,22,None,66,1,5,False,1000,1000
16283,138,unweighted,10,0.6724721337579618,0,22,None,66,1,5,False,1000,1000
16284,139,unweighted,10,0.6730692675159236,0,22,None,66,1,5,False,1000,1000
16285,135,unweighted,10,0.7078025477707006,0,12,None,66,1,5,False,1000,1000
16286,136,unweighted,10,0.708797770700637,0,12,None,66,1,5,False,1000,1000
16287,137,unweighted,10,0.709593949044586,0,12,None,66,1,5,False,1000,1000
16288,138,unweighted,10,0.7102906050955414,0,12,None,66,1,5,False,1000,1000
16289,139,unweighted,10,0.7109872611464968,0,12,None,66,1,5,False,1000,1000
16290,135,unweighted,10,0.6994426751592356,0,13,None,66,1,5,False,1000,1000
16291,136,unweighted,10,0.6999402866242038,0,13,None,66,1,5,False,1000,1000
16292,137,unweighted,10,0.700437898089172,0,13,None,66,1,5,False,1000,1000
16293,138,unweighted,10,0.7008359872611465,0,13,None,66,1,5,False,1000,1000
16294,139,unweighted,10,0.7002388535031847,0,13,None,66,1,5,False,1000,1000
16295,135,unweighted,10,0.6533638535031847,0,26,None,66,1,5,False,1000,1000
16296,136,unweighted,10,0.6538614649681529,0,26,None,66,1,5,False,1000,1000
16297,137,unweighted,10,0.6540605095541401,0,26,None,66,1,5,False,1000,1000
16298,138,unweighted,10,0.6545581210191083,0,26,None,66,1,5,False,1000,1000
16299,139,unweighted,10,0.6540605095541401,0,26,None,66,1,5,False,1000,1000
16300,135,unweighted,10,0.6664012738853503,0,6,None,66,1,5,False,1000,1000
16301,136,unweighted,10,0.6658041401273885,0,6,None,66,1,5,False,1000,1000
16302,137,unweighted,10,0.6658041401273885,0,6,None,66,1,5,False,1000,1000
16303,138,unweighted,10,0.6664012738853503,0,6,None,66,1,5,False,1000,1000
16304,139,unweighted,10,0.6664012738853503,0,6,None,66,1,5,False,1000,1000
16305,135,unweighted,10,0.6824243630573248,0,0,None,66,1,5,False,1000,1000
16306,136,unweighted,10,0.6826234076433121,0,0,None,66,1,5,False,1000,1000
16307,137,unweighted,10,0.683718152866242,0,0,None,66,1,5,False,1000,1000
16308,138,unweighted,10,0.6830214968152867,0,0,None,66,1,5,False,1000,1000
16309,139,unweighted,10,0.6828224522292994,0,0,None,66,1,5,False,1000,1000
16310,135,unweighted,10,0.6667993630573248,0,9,None,66,1,5,False,1000,1000
16311,136,unweighted,10,0.6683917197452229,0,9,None,66,1,5,False,1000,1000
16312,137,unweighted,10,0.6716759554140127,0,9,None,66,1,5,False,1000,1000
16313,138,unweighted,10,0.6753582802547771,0,9,None,66,1,5,False,1000,1000
16314,139,unweighted,10,0.6771496815286624,0,9,None,66,1,5,False,1000,1000
16315,135,unweighted,10,0.7146695859872612,0,14,None,66,1,5,False,1000,1000
16316,136,unweighted,10,0.7144705414012739,0,14,None,66,1,5,False,1000,1000
16317,137,unweighted,10,0.7137738853503185,0,14,None,66,1,5,False,1000,1000
16318,138,unweighted,10,0.7142714968152867,0,14,None,66,1,5,False,1000,1000
16319,139,unweighted,10,0.714968152866242,0,14,None,66,1,5,False,1000,1000
16320,135,unweighted,10,0.7064092356687898,0,25,None,66,1,5,False,1000,1000
16321,136,unweighted,10,0.7062101910828026,0,25,None,66,1,5,False,1000,1000
16322,137,unweighted,10,0.7065087579617835,0,25,None,66,1,5,False,1000,1000
16323,138,unweighted,10,0.7074044585987261,0,25,None,66,1,5,False,1000,1000
16324,139,unweighted,10,0.7081011146496815,0,25,None,66,1,5,False,1000,1000
16325,135,unweighted,10,0.6354498407643312,0,3,None,66,1,5,False,1000,1000
16326,136,unweighted,10,0.6292794585987261,0,3,None,66,1,5,False,1000,1000
16327,137,unweighted,10,0.6238057324840764,0,3,None,66,1,5,False,1000,1000
16328,138,unweighted,10,0.6159434713375797,0,3,None,66,1,5,False,1000,1000
16329,139,unweighted,10,0.6116640127388535,0,3,None,66,1,5,False,1000,1000
16330,135,unweighted,10,0.6297770700636943,0,29,None,66,1,5,False,1000,1000
16331,136,unweighted,10,0.6320660828025477,0,29,None,66,1,5,False,1000,1000
16332,137,unweighted,10,0.6335589171974523,0,29,None,66,1,5,False,1000,1000
16333,138,unweighted,10,0.6354498407643312,0,29,None,66,1,5,False,1000,1000
16334,139,unweighted,10,0.6372412420382165,0,29,None,66,1,5,False,1000,1000
16335,140,unweighted,10,0.6710788216560509,0,1,None,66,1,5,False,1000,1000
16336,141,unweighted,10,0.6717754777070064,0,1,None,66,1,5,False,1000,1000
16337,142,unweighted,10,0.6726711783439491,0,1,None,66,1,5,False,1000,1000
16338,143,unweighted,10,0.6736664012738853,0,1,None,66,1,5,False,1000,1000
16339,144,unweighted,10,0.6740644904458599,0,1,None,66,1,5,False,1000,1000
16340,140,unweighted,10,0.7022292993630573,0,2,None,66,1,5,False,1000,1000
16341,141,unweighted,10,0.6890923566878981,0,2,None,66,1,5,False,1000,1000
16342,142,unweighted,10,0.6773487261146497,0,2,None,66,1,5,False,1000,1000
16343,143,unweighted,10,0.6719745222929936,0,2,None,66,1,5,False,1000,1000
16344,144,unweighted,10,0.6629179936305732,0,2,None,66,1,5,False,1000,1000
16345,140,unweighted,10,0.6757563694267515,0,23,None,66,1,5,False,1000,1000
16346,141,unweighted,10,0.6759554140127388,0,23,None,66,1,5,False,1000,1000
16347,142,unweighted,10,0.676453025477707,0,23,None,66,1,5,False,1000,1000
16348,143,unweighted,10,0.6768511146496815,0,23,None,66,1,5,False,1000,1000
16349,144,unweighted,10,0.6767515923566879,0,23,None,66,1,5,False,1000,1000
16350,140,unweighted,10,0.6587380573248408,0,21,None,66,1,5,False,1000,1000
16351,141,unweighted,10,0.658140923566879,0,21,None,66,1,5,False,1000,1000
16352,142,unweighted,10,0.6575437898089171,0,21,None,66,1,5,False,1000,1000
16353,143,unweighted,10,0.6567476114649682,0,21,None,66,1,5,False,1000,1000
16354,144,unweighted,10,0.6572452229299363,0,21,None,66,1,5,False,1000,1000
16355,140,unweighted,10,0.6256966560509554,0,28,None,66,1,5,False,1000,1000
16356,141,unweighted,10,0.6275875796178344,0,28,None,66,1,5,False,1000,1000
16357,142,unweighted,10,0.6285828025477707,0,28,None,66,1,5,False,1000,1000
16358,143,unweighted,10,0.6300756369426752,0,28,None,66,1,5,False,1000,1000
16359,144,unweighted,10,0.6303742038216561,0,28,None,66,1,5,False,1000,1000
16360,140,unweighted,10,0.6343550955414012,0,29,None,66,1,5,False,1000,1000
16361,141,unweighted,10,0.6366441082802548,0,29,None,66,1,5,False,1000,1000
16362,142,unweighted,10,0.6385350318471338,0,29,None,66,1,5,False,1000,1000
16363,143,unweighted,10,0.6397292993630573,0,29,None,66,1,5,False,1000,1000
16364,144,unweighted,10,0.6414211783439491,0,29,None,66,1,5,False,1000,1000
16365,140,unweighted,10,0.6688893312101911,0,9,None,66,1,5,False,1000,1000
16366,141,unweighted,10,0.6709792993630573,0,9,None,66,1,5,False,1000,1000
16367,142,unweighted,10,0.674562101910828,0,9,None,66,1,5,False,1000,1000
16368,143,unweighted,10,0.6767515923566879,0,9,None,66,1,5,False,1000,1000
16369,144,unweighted,10,0.6792396496815286,0,9,None,66,1,5,False,1000,1000
16370,140,unweighted,10,0.6774482484076433,0,22,None,66,1,5,False,1000,1000
16371,141,unweighted,10,0.6782444267515924,0,22,None,66,1,5,False,1000,1000
16372,142,unweighted,10,0.6780453821656051,0,22,None,66,1,5,False,1000,1000
16373,143,unweighted,10,0.6789410828025477,0,22,None,66,1,5,False,1000,1000
16374,144,unweighted,10,0.6804339171974523,0,22,None,66,1,5,False,1000,1000
16375,140,unweighted,10,0.7056130573248408,0,5,None,66,1,5,False,1000,1000
16376,141,unweighted,10,0.7076035031847133,0,5,None,66,1,5,False,1000,1000
16377,142,unweighted,10,0.7086982484076433,0,5,None,66,1,5,False,1000,1000
16378,143,unweighted,10,0.7097929936305732,0,5,None,66,1,5,False,1000,1000
16379,144,unweighted,10,0.7094944267515924,0,5,None,66,1,5,False,1000,1000
16380,140,unweighted,10,0.7147691082802548,0,14,None,66,1,5,False,1000,1000
16381,141,unweighted,10,0.7146695859872612,0,14,None,66,1,5,False,1000,1000
16382,142,unweighted,10,0.7148686305732485,0,14,None,66,1,5,False,1000,1000
16383,143,unweighted,10,0.7153662420382165,0,14,None,66,1,5,False,1000,1000
16384,144,unweighted,10,0.7159633757961783,0,14,None,66,1,5,False,1000,1000
16385,140,unweighted,10,0.6941679936305732,0,30,None,66,1,5,False,1000,1000
16386,141,unweighted,10,0.6918789808917197,0,30,None,66,1,5,False,1000,1000
16387,142,unweighted,10,0.6917794585987261,0,30,None,66,1,5,False,1000,1000
16388,143,unweighted,10,0.6926751592356688,0,30,None,66,1,5,False,1000,1000
16389,144,unweighted,10,0.6914808917197452,0,30,None,66,1,5,False,1000,1000
16390,140,unweighted,10,0.6555533439490446,0,26,None,66,1,5,False,1000,1000
16391,141,unweighted,10,0.6559514331210191,0,26,None,66,1,5,False,1000,1000
16392,142,unweighted,10,0.6566480891719745,0,26,None,66,1,5,False,1000,1000
16393,143,unweighted,10,0.6567476114649682,0,26,None,66,1,5,False,1000,1000
16394,144,unweighted,10,0.6564490445859873,0,26,None,66,1,5,False,1000,1000
16395,140,unweighted,10,0.7034235668789809,0,25,None,66,1,5,False,1000,1000
16396,141,unweighted,10,0.7037221337579618,0,25,None,66,1,5,False,1000,1000
16397,142,unweighted,10,0.7041202229299363,0,25,None,66,1,5,False,1000,1000
16398,143,unweighted,10,0.7043192675159236,0,25,None,66,1,5,False,1000,1000
16399,144,unweighted,10,0.70421974522293,0,25,None,66,1,5,False,1000,1000
16400,140,unweighted,10,0.7018312101910829,0,32,None,66,1,5,False,1000,1000
16401,141,unweighted,10,0.700437898089172,0,32,None,66,1,5,False,1000,1000
16402,142,unweighted,10,0.7002388535031847,0,32,None,66,1,5,False,1000,1000
16403,143,unweighted,10,0.6996417197452229,0,32,None,66,1,5,False,1000,1000
16404,144,unweighted,10,0.6994426751592356,0,32,None,66,1,5,False,1000,1000
16405,140,unweighted,10,0.6687898089171974,0,6,None,66,1,5,False,1000,1000
16406,141,unweighted,10,0.6681926751592356,0,6,None,66,1,5,False,1000,1000
16407,142,unweighted,10,0.6677945859872612,0,6,None,66,1,5,False,1000,1000
16408,143,unweighted,10,0.668093152866242,0,6,None,66,1,5,False,1000,1000
16409,144,unweighted,10,0.668093152866242,0,6,None,66,1,5,False,1000,1000
16410,140,unweighted,10,0.6574442675159236,0,15,None,66,1,5,False,1000,1000
16411,141,unweighted,10,0.6582404458598726,0,15,None,66,1,5,False,1000,1000
16412,142,unweighted,10,0.6584394904458599,0,15,None,66,1,5,False,1000,1000
16413,143,unweighted,10,0.6592356687898089,0,15,None,66,1,5,False,1000,1000
16414,144,unweighted,10,0.6599323248407644,0,15,None,66,1,5,False,1000,1000
16415,140,unweighted,10,0.660828025477707,0,10,None,66,1,5,False,1000,1000
16416,141,unweighted,10,0.664609872611465,0,10,None,66,1,5,False,1000,1000
16417,142,unweighted,10,0.669187898089172,0,10,None,66,1,5,False,1000,1000
16418,143,unweighted,10,0.6726711783439491,0,10,None,66,1,5,False,1000,1000
16419,144,unweighted,10,0.6762539808917197,0,10,None,66,1,5,False,1000,1000
16420,140,unweighted,10,0.6509753184713376,0,11,None,66,1,5,False,1000,1000
16421,141,unweighted,10,0.6315684713375797,0,11,None,66,1,5,False,1000,1000
16422,142,unweighted,10,0.6195262738853503,0,11,None,66,1,5,False,1000,1000
16423,143,unweighted,10,0.6088773885350318,0,11,None,66,1,5,False,1000,1000
16424,144,unweighted,10,0.5984275477707006,0,11,None,66,1,5,False,1000,1000
16425,140,unweighted,10,0.7025278662420382,0,17,None,66,1,5,False,1000,1000
16426,141,unweighted,10,0.7018312101910829,0,17,None,66,1,5,False,1000,1000
16427,142,unweighted,10,0.701234076433121,0,17,None,66,1,5,False,1000,1000
16428,143,unweighted,10,0.7015326433121019,0,17,None,66,1,5,False,1000,1000
16429,144,unweighted,10,0.7017316878980892,0,17,None,66,1,5,False,1000,1000
16430,140,unweighted,10,0.6703821656050956,0,24,None,66,1,5,False,1000,1000
16431,141,unweighted,10,0.6711783439490446,0,24,None,66,1,5,False,1000,1000
16432,142,unweighted,10,0.6717754777070064,0,24,None,66,1,5,False,1000,1000
16433,143,unweighted,10,0.6720740445859873,0,24,None,66,1,5,False,1000,1000
16434,144,unweighted,10,0.6732683121019108,0,24,None,66,1,5,False,1000,1000
16435,140,unweighted,10,0.6861066878980892,0,19,None,66,1,5,False,1000,1000
16436,141,unweighted,10,0.6875995222929936,0,19,None,66,1,5,False,1000,1000
16437,142,unweighted,10,0.6878980891719745,0,19,None,66,1,5,False,1000,1000
16438,143,unweighted,10,0.6897890127388535,0,19,None,66,1,5,False,1000,1000
16439,144,unweighted,10,0.6907842356687898,0,19,None,66,1,5,False,1000,1000
16440,140,unweighted,10,0.7108877388535032,0,12,None,66,1,5,False,1000,1000
16441,141,unweighted,10,0.7112858280254777,0,12,None,66,1,5,False,1000,1000
16442,142,unweighted,10,0.7125796178343949,0,12,None,66,1,5,False,1000,1000
16443,143,unweighted,10,0.7124800955414012,0,12,None,66,1,5,False,1000,1000
16444,144,unweighted,10,0.7121815286624203,0,12,None,66,1,5,False,1000,1000
16445,140,unweighted,10,0.6866042993630573,0,0,None,66,1,5,False,1000,1000
16446,141,unweighted,10,0.68640525477707,0,0,None,66,1,5,False,1000,1000
16447,142,unweighted,10,0.6861066878980892,0,0,None,66,1,5,False,1000,1000
16448,143,unweighted,10,0.6867038216560509,0,0,None,66,1,5,False,1000,1000
16449,144,unweighted,10,0.6882961783439491,0,0,None,66,1,5,False,1000,1000
16450,140,unweighted,10,0.7033240445859873,0,13,None,66,1,5,False,1000,1000
16451,141,unweighted,10,0.703125,0,13,None,66,1,5,False,1000,1000
16452,142,unweighted,10,0.7037221337579618,0,13,None,66,1,5,False,1000,1000
16453,143,unweighted,10,0.7046178343949044,0,13,None,66,1,5,False,1000,1000
16454,144,unweighted,10,0.7045183121019108,0,13,None,66,1,5,False,1000,1000
16455,140,unweighted,10,0.6820262738853503,0,7,None,66,1,5,False,1000,1000
16456,141,unweighted,10,0.6817277070063694,0,7,None,66,1,5,False,1000,1000
16457,142,unweighted,10,0.6816281847133758,0,7,None,66,1,5,False,1000,1000
16458,143,unweighted,10,0.6825238853503185,0,7,None,66,1,5,False,1000,1000
16459,144,unweighted,10,0.6831210191082803,0,7,None,66,1,5,False,1000,1000
16460,140,unweighted,10,0.6546576433121019,0,8,None,66,1,5,False,1000,1000
16461,141,unweighted,10,0.6558519108280255,0,8,None,66,1,5,False,1000,1000
16462,142,unweighted,10,0.6570461783439491,0,8,None,66,1,5,False,1000,1000
16463,143,unweighted,10,0.6586385350318471,0,8,None,66,1,5,False,1000,1000
16464,144,unweighted,10,0.6595342356687898,0,8,None,66,1,5,False,1000,1000
16465,140,unweighted,10,0.7015326433121019,0,16,None,66,1,5,False,1000,1000
16466,141,unweighted,10,0.705015923566879,0,16,None,66,1,5,False,1000,1000
16467,142,unweighted,10,0.7071058917197452,0,16,None,66,1,5,False,1000,1000
16468,143,unweighted,10,0.7100915605095541,0,16,None,66,1,5,False,1000,1000
16469,144,unweighted,10,0.7117834394904459,0,16,None,66,1,5,False,1000,1000
16470,140,unweighted,10,0.7079020700636943,0,4,None,66,1,5,False,1000,1000
16471,141,unweighted,10,0.707703025477707,0,4,None,66,1,5,False,1000,1000
16472,142,unweighted,10,0.7076035031847133,0,4,None,66,1,5,False,1000,1000
16473,143,unweighted,10,0.7081011146496815,0,4,None,66,1,5,False,1000,1000
16474,144,unweighted,10,0.708797770700637,0,4,None,66,1,5,False,1000,1000
16475,140,unweighted,10,0.6674960191082803,0,20,None,66,1,5,False,1000,1000
16476,141,unweighted,10,0.6751592356687898,0,20,None,66,1,5,False,1000,1000
16477,142,unweighted,10,0.6723726114649682,0,20,None,66,1,5,False,1000,1000
16478,143,unweighted,10,0.6711783439490446,0,20,None,66,1,5,False,1000,1000
16479,144,unweighted,10,0.6685907643312102,0,20,None,66,1,5,False,1000,1000
16480,140,unweighted,10,0.638734076433121,0,3,None,66,1,5,False,1000,1000
16481,141,unweighted,10,0.6331608280254777,0,3,None,66,1,5,False,1000,1000
16482,142,unweighted,10,0.6266918789808917,0,3,None,66,1,5,False,1000,1000
16483,143,unweighted,10,0.6211186305732485,0,3,None,66,1,5,False,1000,1000
16484,144,unweighted,10,0.6156449044585988,0,3,None,66,1,5,False,1000,1000
16485,140,unweighted,10,0.637937898089172,0,18,None,66,1,5,False,1000,1000
16486,141,unweighted,10,0.6361464968152867,0,18,None,66,1,5,False,1000,1000
16487,142,unweighted,10,0.6372412420382165,0,18,None,66,1,5,False,1000,1000
16488,143,unweighted,10,0.6381369426751592,0,18,None,66,1,5,False,1000,1000
16489,144,unweighted,10,0.638734076433121,0,18,None,66,1,5,False,1000,1000
16490,140,unweighted,10,0.703125,0,31,None,66,1,5,False,1000,1000
16491,141,unweighted,10,0.7037221337579618,0,31,None,66,1,5,False,1000,1000
16492,142,unweighted,10,0.7043192675159236,0,31,None,66,1,5,False,1000,1000
16493,143,unweighted,10,0.7048168789808917,0,31,None,66,1,5,False,1000,1000
16494,144,unweighted,10,0.7056130573248408,0,31,None,66,1,5,False,1000,1000
16495,140,unweighted,10,0.6318670382165605,0,27,None,66,1,5,False,1000,1000
16496,141,unweighted,10,0.632265127388535,0,27,None,66,1,5,False,1000,1000
16497,142,unweighted,10,0.6320660828025477,0,27,None,66,1,5,False,1000,1000
16498,143,unweighted,10,0.6337579617834395,0,27,None,66,1,5,False,1000,1000
16499,144,unweighted,10,0.6337579617834395,0,27,None,66,1,5,False,1000,1000
16500,145,unweighted,10,0.6796377388535032,0,22,None,66,1,5,False,1000,1000
16501,146,unweighted,10,0.6806329617834395,0,22,None,66,1,5,False,1000,1000
16502,147,unweighted,10,0.6815286624203821,0,22,None,66,1,5,False,1000,1000
16503,148,unweighted,10,0.6832205414012739,0,22,None,66,1,5,False,1000,1000
16504,149,unweighted,10,0.6838176751592356,0,22,None,66,1,5,False,1000,1000
16505,145,unweighted,10,0.705812101910828,0,32,None,66,1,5,False,1000,1000
16506,146,unweighted,10,0.7041202229299363,0,32,None,66,1,5,False,1000,1000
16507,147,unweighted,10,0.7030254777070064,0,32,None,66,1,5,False,1000,1000
16508,148,unweighted,10,0.7036226114649682,0,32,None,66,1,5,False,1000,1000
16509,149,unweighted,10,0.7029259554140127,0,32,None,66,1,5,False,1000,1000
16510,145,unweighted,10,0.7165605095541401,0,14,None,66,1,5,False,1000,1000
16511,146,unweighted,10,0.716062898089172,0,14,None,66,1,5,False,1000,1000
16512,147,unweighted,10,0.716062898089172,0,14,None,66,1,5,False,1000,1000
16513,148,unweighted,10,0.7163614649681529,0,14,None,66,1,5,False,1000,1000
16514,149,unweighted,10,0.7175557324840764,0,14,None,66,1,5,False,1000,1000
16515,145,unweighted,10,0.6630175159235668,0,26,None,66,1,5,False,1000,1000
16516,146,unweighted,10,0.6629179936305732,0,26,None,66,1,5,False,1000,1000
16517,147,unweighted,10,0.6625199044585988,0,26,None,66,1,5,False,1000,1000
16518,148,unweighted,10,0.661922770700637,0,26,None,66,1,5,False,1000,1000
16519,149,unweighted,10,0.6623208598726115,0,26,None,66,1,5,False,1000,1000
16520,145,unweighted,10,0.7070063694267515,0,25,None,66,1,5,False,1000,1000
16521,146,unweighted,10,0.7075039808917197,0,25,None,66,1,5,False,1000,1000
16522,147,unweighted,10,0.707703025477707,0,25,None,66,1,5,False,1000,1000
16523,148,unweighted,10,0.7083001592356688,0,25,None,66,1,5,False,1000,1000
16524,149,unweighted,10,0.7089968152866242,0,25,None,66,1,5,False,1000,1000
16525,145,unweighted,10,0.7088972929936306,0,16,None,66,1,5,False,1000,1000
16526,146,unweighted,10,0.7110867834394905,0,16,None,66,1,5,False,1000,1000
16527,147,unweighted,10,0.713077229299363,0,16,None,66,1,5,False,1000,1000
16528,148,unweighted,10,0.7156648089171974,0,16,None,66,1,5,False,1000,1000
16529,149,unweighted,10,0.7181528662420382,0,16,None,66,1,5,False,1000,1000
16530,145,unweighted,10,0.6914808917197452,0,19,None,66,1,5,False,1000,1000
16531,146,unweighted,10,0.6934713375796179,0,19,None,66,1,5,False,1000,1000
16532,147,unweighted,10,0.6964570063694268,0,19,None,66,1,5,False,1000,1000
16533,148,unweighted,10,0.6982484076433121,0,19,None,66,1,5,False,1000,1000
16534,149,unweighted,10,0.6991441082802548,0,19,None,66,1,5,False,1000,1000
16535,145,unweighted,10,0.6741640127388535,0,24,None,66,1,5,False,1000,1000
16536,146,unweighted,10,0.6742635350318471,0,24,None,66,1,5,False,1000,1000
16537,147,unweighted,10,0.6743630573248408,0,24,None,66,1,5,False,1000,1000
16538,148,unweighted,10,0.674562101910828,0,24,None,66,1,5,False,1000,1000
16539,149,unweighted,10,0.674562101910828,0,24,None,66,1,5,False,1000,1000
16540,145,unweighted,10,0.6751592356687898,0,1,None,66,1,5,False,1000,1000
16541,146,unweighted,10,0.6757563694267515,0,1,None,66,1,5,False,1000,1000
16542,147,unweighted,10,0.6765525477707006,0,1,None,66,1,5,False,1000,1000
16543,148,unweighted,10,0.6774482484076433,0,1,None,66,1,5,False,1000,1000
16544,149,unweighted,10,0.677547770700637,0,1,None,66,1,5,False,1000,1000
16545,145,unweighted,10,0.6575437898089171,0,8,None,66,1,5,False,1000,1000
16546,146,unweighted,10,0.6583399681528662,0,8,None,66,1,5,False,1000,1000
16547,147,unweighted,10,0.6595342356687898,0,8,None,66,1,5,False,1000,1000
16548,148,unweighted,10,0.6610270700636943,0,8,None,66,1,5,False,1000,1000
16549,149,unweighted,10,0.6621218152866242,0,8,None,66,1,5,False,1000,1000
16550,145,unweighted,10,0.7093949044585988,0,13,None,66,1,5,False,1000,1000
16551,146,unweighted,10,0.7079020700636943,0,13,None,66,1,5,False,1000,1000
16552,147,unweighted,10,0.7085987261146497,0,13,None,66,1,5,False,1000,1000
16553,148,unweighted,10,0.7096934713375797,0,13,None,66,1,5,False,1000,1000
16554,149,unweighted,10,0.7097929936305732,0,13,None,66,1,5,False,1000,1000
16555,145,unweighted,10,0.6614251592356688,0,21,None,66,1,5,False,1000,1000
16556,146,unweighted,10,0.6605294585987261,0,21,None,66,1,5,False,1000,1000
16557,147,unweighted,10,0.6606289808917197,0,21,None,66,1,5,False,1000,1000
16558,148,unweighted,10,0.6599323248407644,0,21,None,66,1,5,False,1000,1000
16559,149,unweighted,10,0.6605294585987261,0,21,None,66,1,5,False,1000,1000
16560,145,unweighted,10,0.6788415605095541,0,23,None,66,1,5,False,1000,1000
16561,146,unweighted,10,0.678343949044586,0,23,None,66,1,5,False,1000,1000
16562,147,unweighted,10,0.678343949044586,0,23,None,66,1,5,False,1000,1000
16563,148,unweighted,10,0.6788415605095541,0,23,None,66,1,5,False,1000,1000
16564,149,unweighted,10,0.6786425159235668,0,23,None,66,1,5,False,1000,1000
16565,145,unweighted,10,0.6424164012738853,0,29,None,66,1,5,False,1000,1000
16566,146,unweighted,10,0.6447054140127388,0,29,None,66,1,5,False,1000,1000
16567,147,unweighted,10,0.6468949044585988,0,29,None,66,1,5,False,1000,1000
16568,148,unweighted,10,0.6480891719745223,0,29,None,66,1,5,False,1000,1000
16569,149,unweighted,10,0.6488853503184714,0,29,None,66,1,5,False,1000,1000
16570,145,unweighted,10,0.6972531847133758,0,30,None,66,1,5,False,1000,1000
16571,146,unweighted,10,0.695859872611465,0,30,None,66,1,5,False,1000,1000
16572,147,unweighted,10,0.6956608280254777,0,30,None,66,1,5,False,1000,1000
16573,148,unweighted,10,0.6952627388535032,0,30,None,66,1,5,False,1000,1000
16574,149,unweighted,10,0.6963574840764332,0,30,None,66,1,5,False,1000,1000
16575,145,unweighted,10,0.669984076433121,0,6,None,66,1,5,False,1000,1000
16576,146,unweighted,10,0.669984076433121,0,6,None,66,1,5,False,1000,1000
16577,147,unweighted,10,0.6692874203821656,0,6,None,66,1,5,False,1000,1000
16578,148,unweighted,10,0.6695859872611465,0,6,None,66,1,5,False,1000,1000
16579,149,unweighted,10,0.6701831210191083,0,6,None,66,1,5,False,1000,1000
16580,145,unweighted,10,0.6334593949044586,0,27,None,66,1,5,False,1000,1000
16581,146,unweighted,10,0.6332603503184714,0,27,None,66,1,5,False,1000,1000
16582,147,unweighted,10,0.6340565286624203,0,27,None,66,1,5,False,1000,1000
16583,148,unweighted,10,0.6338574840764332,0,27,None,66,1,5,False,1000,1000
16584,149,unweighted,10,0.6343550955414012,0,27,None,66,1,5,False,1000,1000
16585,145,unweighted,10,0.706906847133758,0,31,None,66,1,5,False,1000,1000
16586,146,unweighted,10,0.7083001592356688,0,31,None,66,1,5,False,1000,1000
16587,147,unweighted,10,0.7088972929936306,0,31,None,66,1,5,False,1000,1000
16588,148,unweighted,10,0.7096934713375797,0,31,None,66,1,5,False,1000,1000
16589,149,unweighted,10,0.7107882165605095,0,31,None,66,1,5,False,1000,1000
16590,145,unweighted,10,0.7049164012738853,0,2,None,66,1,5,False,1000,1000
16591,146,unweighted,10,0.6925756369426752,0,2,None,66,1,5,False,1000,1000
16592,147,unweighted,10,0.6813296178343949,0,2,None,66,1,5,False,1000,1000
16593,148,unweighted,10,0.6762539808917197,0,2,None,66,1,5,False,1000,1000
16594,149,unweighted,10,0.6678941082802548,0,2,None,66,1,5,False,1000,1000
16595,145,unweighted,10,0.6896894904458599,0,0,None,66,1,5,False,1000,1000
16596,146,unweighted,10,0.6899880573248408,0,0,None,66,1,5,False,1000,1000
16597,147,unweighted,10,0.690187101910828,0,0,None,66,1,5,False,1000,1000
16598,148,unweighted,10,0.6905851910828026,0,0,None,66,1,5,False,1000,1000
16599,149,unweighted,10,0.6915804140127388,0,0,None,66,1,5,False,1000,1000
16600,145,unweighted,10,0.6426154458598726,0,3,None,66,1,5,False,1000,1000
16601,146,unweighted,10,0.6382364649681529,0,3,None,66,1,5,False,1000,1000
16602,147,unweighted,10,0.6320660828025477,0,3,None,66,1,5,False,1000,1000
16603,148,unweighted,10,0.6272890127388535,0,3,None,66,1,5,False,1000,1000
16604,149,unweighted,10,0.6218152866242038,0,3,None,66,1,5,False,1000,1000
16605,145,unweighted,10,0.7091958598726115,0,4,None,66,1,5,False,1000,1000
16606,146,unweighted,10,0.7093949044585988,0,4,None,66,1,5,False,1000,1000
16607,147,unweighted,10,0.7096934713375797,0,4,None,66,1,5,False,1000,1000
16608,148,unweighted,10,0.7098925159235668,0,4,None,66,1,5,False,1000,1000
16609,149,unweighted,10,0.7093949044585988,0,4,None,66,1,5,False,1000,1000
16610,145,unweighted,10,0.7096934713375797,0,5,None,66,1,5,False,1000,1000
16611,146,unweighted,10,0.7109872611464968,0,5,None,66,1,5,False,1000,1000
16612,147,unweighted,10,0.7109872611464968,0,5,None,66,1,5,False,1000,1000
16613,148,unweighted,10,0.711484872611465,0,5,None,66,1,5,False,1000,1000
16614,149,unweighted,10,0.7126791401273885,0,5,None,66,1,5,False,1000,1000
16615,145,unweighted,10,0.6861066878980892,0,7,None,66,1,5,False,1000,1000
16616,146,unweighted,10,0.6860071656050956,0,7,None,66,1,5,False,1000,1000
16617,147,unweighted,10,0.6860071656050956,0,7,None,66,1,5,False,1000,1000
16618,148,unweighted,10,0.6862062101910829,0,7,None,66,1,5,False,1000,1000
16619,149,unweighted,10,0.6862062101910829,0,7,None,66,1,5,False,1000,1000
16620,145,unweighted,10,0.6622213375796179,0,10,None,66,1,5,False,1000,1000
16621,146,unweighted,10,0.6674960191082803,0,10,None,66,1,5,False,1000,1000
16622,147,unweighted,10,0.6714769108280255,0,10,None,66,1,5,False,1000,1000
16623,148,unweighted,10,0.6744625796178344,0,10,None,66,1,5,False,1000,1000
16624,149,unweighted,10,0.679140127388535,0,10,None,66,1,5,False,1000,1000
16625,145,unweighted,10,0.6702826433121019,0,9,None,66,1,5,False,1000,1000
16626,146,unweighted,10,0.6724721337579618,0,9,None,66,1,5,False,1000,1000
16627,147,unweighted,10,0.6762539808917197,0,9,None,66,1,5,False,1000,1000
16628,148,unweighted,10,0.6778463375796179,0,9,None,66,1,5,False,1000,1000
16629,149,unweighted,10,0.6821257961783439,0,9,None,66,1,5,False,1000,1000
16630,145,unweighted,10,0.6469944267515924,0,11,None,66,1,5,False,1000,1000
16631,146,unweighted,10,0.6280851910828026,0,11,None,66,1,5,False,1000,1000
16632,147,unweighted,10,0.6187300955414012,0,11,None,66,1,5,False,1000,1000
16633,148,unweighted,10,0.6089769108280255,0,11,None,66,1,5,False,1000,1000
16634,149,unweighted,10,0.5985270700636943,0,11,None,66,1,5,False,1000,1000
16635,145,unweighted,10,0.7117834394904459,0,12,None,66,1,5,False,1000,1000
16636,146,unweighted,10,0.7132762738853503,0,12,None,66,1,5,False,1000,1000
16637,147,unweighted,10,0.7135748407643312,0,12,None,66,1,5,False,1000,1000
16638,148,unweighted,10,0.7142714968152867,0,12,None,66,1,5,False,1000,1000
16639,149,unweighted,10,0.7143710191082803,0,12,None,66,1,5,False,1000,1000
16640,145,unweighted,10,0.6612261146496815,0,15,None,66,1,5,False,1000,1000
16641,146,unweighted,10,0.6617237261146497,0,15,None,66,1,5,False,1000,1000
16642,147,unweighted,10,0.6615246815286624,0,15,None,66,1,5,False,1000,1000
16643,148,unweighted,10,0.6621218152866242,0,15,None,66,1,5,False,1000,1000
16644,149,unweighted,10,0.6630175159235668,0,15,None,66,1,5,False,1000,1000
16645,145,unweighted,10,0.7059116242038217,0,17,None,66,1,5,False,1000,1000
16646,146,unweighted,10,0.7051154458598726,0,17,None,66,1,5,False,1000,1000
16647,147,unweighted,10,0.7040207006369427,0,17,None,66,1,5,False,1000,1000
16648,148,unweighted,10,0.7043192675159236,0,17,None,66,1,5,False,1000,1000
16649,149,unweighted,10,0.7037221337579618,0,17,None,66,1,5,False,1000,1000
16650,145,unweighted,10,0.6396297770700637,0,18,None,66,1,5,False,1000,1000
16651,146,unweighted,10,0.6390326433121019,0,18,None,66,1,5,False,1000,1000
16652,147,unweighted,10,0.6396297770700637,0,18,None,66,1,5,False,1000,1000
16653,148,unweighted,10,0.6408240445859873,0,18,None,66,1,5,False,1000,1000
16654,149,unweighted,10,0.6415207006369427,0,18,None,66,1,5,False,1000,1000
16655,145,unweighted,10,0.628781847133758,0,28,None,66,1,5,False,1000,1000
16656,146,unweighted,10,0.6302746815286624,0,28,None,66,1,5,False,1000,1000
16657,147,unweighted,10,0.630672770700637,0,28,None,66,1,5,False,1000,1000
16658,148,unweighted,10,0.6325636942675159,0,28,None,66,1,5,False,1000,1000
16659,149,unweighted,10,0.6331608280254777,0,28,None,66,1,5,False,1000,1000
16660,145,unweighted,10,0.6685907643312102,0,20,None,66,1,5,False,1000,1000
16661,146,unweighted,10,0.6765525477707006,0,20,None,66,1,5,False,1000,1000
16662,147,unweighted,10,0.6769506369426752,0,20,None,66,1,5,False,1000,1000
16663,148,unweighted,10,0.675656847133758,0,20,None,66,1,5,False,1000,1000
16664,149,unweighted,10,0.6743630573248408,0,20,None,66,1,5,False,1000,1000
16665,150,unweighted,10,0.6774482484076433,0,1,None,66,1,5,False,1000,1000
16666,151,unweighted,10,0.6792396496815286,0,1,None,66,1,5,False,1000,1000
16667,152,unweighted,10,0.6800358280254777,0,1,None,66,1,5,False,1000,1000
16668,153,unweighted,10,0.6811305732484076,0,1,None,66,1,5,False,1000,1000
16669,154,unweighted,10,0.6821257961783439,0,1,None,66,1,5,False,1000,1000
16670,150,unweighted,10,0.7062101910828026,0,2,None,66,1,5,False,1000,1000
16671,151,unweighted,10,0.6956608280254777,0,2,None,66,1,5,False,1000,1000
16672,152,unweighted,10,0.6842157643312102,0,2,None,66,1,5,False,1000,1000
16673,153,unweighted,10,0.6793391719745223,0,2,None,66,1,5,False,1000,1000
16674,154,unweighted,10,0.6700835987261147,0,2,None,66,1,5,False,1000,1000
16675,150,unweighted,10,0.6788415605095541,0,23,None,66,1,5,False,1000,1000
16676,151,unweighted,10,0.6790406050955414,0,23,None,66,1,5,False,1000,1000
16677,152,unweighted,10,0.6797372611464968,0,23,None,66,1,5,False,1000,1000
16678,153,unweighted,10,0.6807324840764332,0,23,None,66,1,5,False,1000,1000
16679,154,unweighted,10,0.6803343949044586,0,23,None,66,1,5,False,1000,1000
16680,150,unweighted,10,0.6316679936305732,0,28,None,66,1,5,False,1000,1000
16681,151,unweighted,10,0.633359872611465,0,28,None,66,1,5,False,1000,1000
16682,152,unweighted,10,0.6345541401273885,0,28,None,66,1,5,False,1000,1000
16683,153,unweighted,10,0.6355493630573248,0,28,None,66,1,5,False,1000,1000
16684,154,unweighted,10,0.6369426751592356,0,28,None,66,1,5,False,1000,1000
16685,150,unweighted,10,0.6479896496815286,0,29,None,66,1,5,False,1000,1000
16686,151,unweighted,10,0.650577229299363,0,29,None,66,1,5,False,1000,1000
16687,152,unweighted,10,0.6521695859872612,0,29,None,66,1,5,False,1000,1000
16688,153,unweighted,10,0.6540605095541401,0,29,None,66,1,5,False,1000,1000
16689,154,unweighted,10,0.6547571656050956,0,29,None,66,1,5,False,1000,1000
16690,150,unweighted,10,0.6616242038216561,0,15,None,66,1,5,False,1000,1000
16691,151,unweighted,10,0.6623208598726115,0,15,None,66,1,5,False,1000,1000
16692,152,unweighted,10,0.6632165605095541,0,15,None,66,1,5,False,1000,1000
16693,153,unweighted,10,0.6638136942675159,0,15,None,66,1,5,False,1000,1000
16694,154,unweighted,10,0.6639132165605095,0,15,None,66,1,5,False,1000,1000
16695,150,unweighted,10,0.6648089171974523,0,10,None,66,1,5,False,1000,1000
16696,151,unweighted,10,0.6704816878980892,0,10,None,66,1,5,False,1000,1000
16697,152,unweighted,10,0.6740644904458599,0,10,None,66,1,5,False,1000,1000
16698,153,unweighted,10,0.6784434713375797,0,10,None,66,1,5,False,1000,1000
16699,154,unweighted,10,0.6813296178343949,0,10,None,66,1,5,False,1000,1000
16700,150,unweighted,10,0.6744625796178344,0,11,None,66,1,5,False,1000,1000
16701,151,unweighted,10,0.6542595541401274,0,11,None,66,1,5,False,1000,1000
16702,152,unweighted,10,0.6398288216560509,0,11,None,66,1,5,False,1000,1000
16703,153,unweighted,10,0.6270899681528662,0,11,None,66,1,5,False,1000,1000
16704,154,unweighted,10,0.6173367834394905,0,11,None,66,1,5,False,1000,1000
16705,150,unweighted,10,0.7083001592356688,0,32,None,66,1,5,False,1000,1000
16706,151,unweighted,10,0.707703025477707,0,32,None,66,1,5,False,1000,1000
16707,152,unweighted,10,0.7067078025477707,0,32,None,66,1,5,False,1000,1000
16708,153,unweighted,10,0.7060111464968153,0,32,None,66,1,5,False,1000,1000
16709,154,unweighted,10,0.7057125796178344,0,32,None,66,1,5,False,1000,1000
16710,150,unweighted,10,0.7116839171974523,0,16,None,66,1,5,False,1000,1000
16711,151,unweighted,10,0.7144705414012739,0,16,None,66,1,5,False,1000,1000
16712,152,unweighted,10,0.7175557324840764,0,16,None,66,1,5,False,1000,1000
16713,153,unweighted,10,0.7199442675159236,0,16,None,66,1,5,False,1000,1000
16714,154,unweighted,10,0.7215366242038217,0,16,None,66,1,5,False,1000,1000
16715,150,unweighted,10,0.683718152866242,0,22,None,66,1,5,False,1000,1000
16716,151,unweighted,10,0.6852109872611465,0,22,None,66,1,5,False,1000,1000
16717,152,unweighted,10,0.6859076433121019,0,22,None,66,1,5,False,1000,1000
16718,153,unweighted,10,0.6871019108280255,0,22,None,66,1,5,False,1000,1000
16719,154,unweighted,10,0.6884952229299363,0,22,None,66,1,5,False,1000,1000
16720,150,unweighted,10,0.714171974522293,0,25,None,66,1,5,False,1000,1000
16721,151,unweighted,10,0.7137738853503185,0,25,None,66,1,5,False,1000,1000
16722,152,unweighted,10,0.714171974522293,0,25,None,66,1,5,False,1000,1000
16723,153,unweighted,10,0.7137738853503185,0,25,None,66,1,5,False,1000,1000
16724,154,unweighted,10,0.7140724522292994,0,25,None,66,1,5,False,1000,1000
16725,150,unweighted,10,0.6742635350318471,0,9,None,66,1,5,False,1000,1000
16726,151,unweighted,10,0.6771496815286624,0,9,None,66,1,5,False,1000,1000
16727,152,unweighted,10,0.6797372611464968,0,9,None,66,1,5,False,1000,1000
16728,153,unweighted,10,0.683718152866242,0,9,None,66,1,5,False,1000,1000
16729,154,unweighted,10,0.6870023885350318,0,9,None,66,1,5,False,1000,1000
16730,150,unweighted,10,0.7092953821656051,0,17,None,66,1,5,False,1000,1000
16731,151,unweighted,10,0.7090963375796179,0,17,None,66,1,5,False,1000,1000
16732,152,unweighted,10,0.7090963375796179,0,17,None,66,1,5,False,1000,1000
16733,153,unweighted,10,0.7086982484076433,0,17,None,66,1,5,False,1000,1000
16734,154,unweighted,10,0.7086982484076433,0,17,None,66,1,5,False,1000,1000
16735,150,unweighted,10,0.6969546178343949,0,19,None,66,1,5,False,1000,1000
16736,151,unweighted,10,0.698546974522293,0,19,None,66,1,5,False,1000,1000
16737,152,unweighted,10,0.6999402866242038,0,19,None,66,1,5,False,1000,1000
16738,153,unweighted,10,0.7013335987261147,0,19,None,66,1,5,False,1000,1000
16739,154,unweighted,10,0.7028264331210191,0,19,None,66,1,5,False,1000,1000
16740,150,unweighted,10,0.6590366242038217,0,8,None,66,1,5,False,1000,1000
16741,151,unweighted,10,0.6595342356687898,0,8,None,66,1,5,False,1000,1000
16742,152,unweighted,10,0.6611265923566879,0,8,None,66,1,5,False,1000,1000
16743,153,unweighted,10,0.6618232484076433,0,8,None,66,1,5,False,1000,1000
16744,154,unweighted,10,0.6641122611464968,0,8,None,66,1,5,False,1000,1000
16745,150,unweighted,10,0.666202229299363,0,21,None,66,1,5,False,1000,1000
16746,151,unweighted,10,0.6633160828025477,0,21,None,66,1,5,False,1000,1000
16747,152,unweighted,10,0.6634156050955414,0,21,None,66,1,5,False,1000,1000
16748,153,unweighted,10,0.6634156050955414,0,21,None,66,1,5,False,1000,1000
16749,154,unweighted,10,0.6626194267515924,0,21,None,66,1,5,False,1000,1000
16750,150,unweighted,10,0.6445063694267515,0,18,None,66,1,5,False,1000,1000
16751,151,unweighted,10,0.6443073248407644,0,18,None,66,1,5,False,1000,1000
16752,152,unweighted,10,0.6454020700636943,0,18,None,66,1,5,False,1000,1000
16753,153,unweighted,10,0.6450039808917197,0,18,None,66,1,5,False,1000,1000
16754,154,unweighted,10,0.6466958598726115,0,18,None,66,1,5,False,1000,1000
16755,150,unweighted,10,0.713077229299363,0,13,None,66,1,5,False,1000,1000
16756,151,unweighted,10,0.7128781847133758,0,13,None,66,1,5,False,1000,1000
16757,152,unweighted,10,0.7131767515923567,0,13,None,66,1,5,False,1000,1000
16758,153,unweighted,10,0.7136743630573248,0,13,None,66,1,5,False,1000,1000
16759,154,unweighted,10,0.7131767515923567,0,13,None,66,1,5,False,1000,1000
16760,150,unweighted,10,0.6752587579617835,0,24,None,66,1,5,False,1000,1000
16761,151,unweighted,10,0.6758558917197452,0,24,None,66,1,5,False,1000,1000
16762,152,unweighted,10,0.6763535031847133,0,24,None,66,1,5,False,1000,1000
16763,153,unweighted,10,0.6768511146496815,0,24,None,66,1,5,False,1000,1000
16764,154,unweighted,10,0.6762539808917197,0,24,None,66,1,5,False,1000,1000
16765,150,unweighted,10,0.6335589171974523,0,27,None,66,1,5,False,1000,1000
16766,151,unweighted,10,0.633359872611465,0,27,None,66,1,5,False,1000,1000
16767,152,unweighted,10,0.634156050955414,0,27,None,66,1,5,False,1000,1000
16768,153,unweighted,10,0.6355493630573248,0,27,None,66,1,5,False,1000,1000
16769,154,unweighted,10,0.6357484076433121,0,27,None,66,1,5,False,1000,1000
16770,150,unweighted,10,0.6937699044585988,0,0,None,66,1,5,False,1000,1000
16771,151,unweighted,10,0.6933718152866242,0,0,None,66,1,5,False,1000,1000
16772,152,unweighted,10,0.6936703821656051,0,0,None,66,1,5,False,1000,1000
16773,153,unweighted,10,0.6943670382165605,0,0,None,66,1,5,False,1000,1000
16774,154,unweighted,10,0.6941679936305732,0,0,None,66,1,5,False,1000,1000
16775,150,unweighted,10,0.7112858280254777,0,31,None,66,1,5,False,1000,1000
16776,151,unweighted,10,0.7110867834394905,0,31,None,66,1,5,False,1000,1000
16777,152,unweighted,10,0.7124800955414012,0,31,None,66,1,5,False,1000,1000
16778,153,unweighted,10,0.7124800955414012,0,31,None,66,1,5,False,1000,1000
16779,154,unweighted,10,0.7127786624203821,0,31,None,66,1,5,False,1000,1000
16780,150,unweighted,10,0.701234076433121,0,20,None,66,1,5,False,1000,1000
16781,151,unweighted,10,0.693172770700637,0,20,None,66,1,5,False,1000,1000
16782,152,unweighted,10,0.6865047770700637,0,20,None,66,1,5,False,1000,1000
16783,153,unweighted,10,0.6815286624203821,0,20,None,66,1,5,False,1000,1000
16784,154,unweighted,10,0.6795382165605095,0,20,None,66,1,5,False,1000,1000
16785,150,unweighted,10,0.6450039808917197,0,3,None,66,1,5,False,1000,1000
16786,151,unweighted,10,0.6399283439490446,0,3,None,66,1,5,False,1000,1000
16787,152,unweighted,10,0.6381369426751592,0,3,None,66,1,5,False,1000,1000
16788,153,unweighted,10,0.634156050955414,0,3,None,66,1,5,False,1000,1000
16789,154,unweighted,10,0.629578025477707,0,3,None,66,1,5,False,1000,1000
16790,150,unweighted,10,0.7138734076433121,0,5,None,66,1,5,False,1000,1000
16791,151,unweighted,10,0.714171974522293,0,5,None,66,1,5,False,1000,1000
16792,152,unweighted,10,0.7143710191082803,0,5,None,66,1,5,False,1000,1000
16793,153,unweighted,10,0.7147691082802548,0,5,None,66,1,5,False,1000,1000
16794,154,unweighted,10,0.7155652866242038,0,5,None,66,1,5,False,1000,1000
16795,150,unweighted,10,0.6736664012738853,0,6,None,66,1,5,False,1000,1000
16796,151,unweighted,10,0.673765923566879,0,6,None,66,1,5,False,1000,1000
16797,152,unweighted,10,0.673765923566879,0,6,None,66,1,5,False,1000,1000
16798,153,unweighted,10,0.6734673566878981,0,6,None,66,1,5,False,1000,1000
16799,154,unweighted,10,0.6734673566878981,0,6,None,66,1,5,False,1000,1000
16800,150,unweighted,10,0.6884952229299363,0,7,None,66,1,5,False,1000,1000
16801,151,unweighted,10,0.6879976114649682,0,7,None,66,1,5,False,1000,1000
16802,152,unweighted,10,0.6883957006369427,0,7,None,66,1,5,False,1000,1000
16803,153,unweighted,10,0.6880971337579618,0,7,None,66,1,5,False,1000,1000
16804,154,unweighted,10,0.6879976114649682,0,7,None,66,1,5,False,1000,1000
16805,150,unweighted,10,0.7118829617834395,0,4,None,66,1,5,False,1000,1000
16806,151,unweighted,10,0.7121815286624203,0,4,None,66,1,5,False,1000,1000
16807,152,unweighted,10,0.7123805732484076,0,4,None,66,1,5,False,1000,1000
16808,153,unweighted,10,0.7115843949044586,0,4,None,66,1,5,False,1000,1000
16809,154,unweighted,10,0.7115843949044586,0,4,None,66,1,5,False,1000,1000
16810,150,unweighted,10,0.716062898089172,0,12,None,66,1,5,False,1000,1000
16811,151,unweighted,10,0.7170581210191083,0,12,None,66,1,5,False,1000,1000
16812,152,unweighted,10,0.7174562101910829,0,12,None,66,1,5,False,1000,1000
16813,153,unweighted,10,0.7185509554140127,0,12,None,66,1,5,False,1000,1000
16814,154,unweighted,10,0.7186504777070064,0,12,None,66,1,5,False,1000,1000
16815,150,unweighted,10,0.7251194267515924,0,14,None,66,1,5,False,1000,1000
16816,151,unweighted,10,0.7251194267515924,0,14,None,66,1,5,False,1000,1000
16817,152,unweighted,10,0.7249203821656051,0,14,None,66,1,5,False,1000,1000
16818,153,unweighted,10,0.7257165605095541,0,14,None,66,1,5,False,1000,1000
16819,154,unweighted,10,0.7262141719745223,0,14,None,66,1,5,False,1000,1000
16820,150,unweighted,10,0.6666998407643312,0,26,None,66,1,5,False,1000,1000
16821,151,unweighted,10,0.6678941082802548,0,26,None,66,1,5,False,1000,1000
16822,152,unweighted,10,0.667296974522293,0,26,None,66,1,5,False,1000,1000
16823,153,unweighted,10,0.667296974522293,0,26,None,66,1,5,False,1000,1000
16824,154,unweighted,10,0.6659036624203821,0,26,None,66,1,5,False,1000,1000
16825,150,unweighted,10,0.700437898089172,0,30,None,66,1,5,False,1000,1000
16826,151,unweighted,10,0.6995421974522293,0,30,None,66,1,5,False,1000,1000
16827,152,unweighted,10,0.6989450636942676,0,30,None,66,1,5,False,1000,1000
16828,153,unweighted,10,0.6991441082802548,0,30,None,66,1,5,False,1000,1000
16829,154,unweighted,10,0.6991441082802548,0,30,None,66,1,5,False,1000,1000
17160,155,unweighted,10,0.682921974522293,0,1,None,66,1,5,False,1000,1000
17161,156,unweighted,10,0.683718152866242,0,1,None,66,1,5,False,1000,1000
17162,157,unweighted,10,0.6845143312101911,0,1,None,66,1,5,False,1000,1000
17163,158,unweighted,10,0.6847133757961783,0,1,None,66,1,5,False,1000,1000
17164,159,unweighted,10,0.6858081210191083,0,1,None,66,1,5,False,1000,1000
17165,155,unweighted,10,0.7102906050955414,0,2,None,66,1,5,False,1000,1000
17166,156,unweighted,10,0.698546974522293,0,2,None,66,1,5,False,1000,1000
17167,157,unweighted,10,0.6879976114649682,0,2,None,66,1,5,False,1000,1000
17168,158,unweighted,10,0.6820262738853503,0,2,None,66,1,5,False,1000,1000
17169,159,unweighted,10,0.6753582802547771,0,2,None,66,1,5,False,1000,1000
17170,155,unweighted,10,0.7179538216560509,0,13,None,66,1,5,False,1000,1000
17171,156,unweighted,10,0.7167595541401274,0,13,None,66,1,5,False,1000,1000
17172,157,unweighted,10,0.7163614649681529,0,13,None,66,1,5,False,1000,1000
17173,158,unweighted,10,0.7164609872611465,0,13,None,66,1,5,False,1000,1000
17174,159,unweighted,10,0.7161624203821656,0,13,None,66,1,5,False,1000,1000
17175,155,unweighted,10,0.6657046178343949,0,15,None,66,1,5,False,1000,1000
17176,156,unweighted,10,0.6668988853503185,0,15,None,66,1,5,False,1000,1000
17177,157,unweighted,10,0.6676950636942676,0,15,None,66,1,5,False,1000,1000
17178,158,unweighted,10,0.6689888535031847,0,15,None,66,1,5,False,1000,1000
17179,159,unweighted,10,0.6690883757961783,0,15,None,66,1,5,False,1000,1000
17180,155,unweighted,10,0.7148686305732485,0,16,None,66,1,5,False,1000,1000
17181,156,unweighted,10,0.7178542993630573,0,16,None,66,1,5,False,1000,1000
17182,157,unweighted,10,0.720640923566879,0,16,None,66,1,5,False,1000,1000
17183,158,unweighted,10,0.7224323248407644,0,16,None,66,1,5,False,1000,1000
17184,159,unweighted,10,0.7242237261146497,0,16,None,66,1,5,False,1000,1000
17185,155,unweighted,10,0.6703821656050956,0,11,None,66,1,5,False,1000,1000
17186,156,unweighted,10,0.652468152866242,0,11,None,66,1,5,False,1000,1000
17187,157,unweighted,10,0.6383359872611465,0,11,None,66,1,5,False,1000,1000
17188,158,unweighted,10,0.6278861464968153,0,11,None,66,1,5,False,1000,1000
17189,159,unweighted,10,0.6184315286624203,0,11,None,66,1,5,False,1000,1000
17190,155,unweighted,10,0.7289012738853503,0,14,None,66,1,5,False,1000,1000
17191,156,unweighted,10,0.7288017515923567,0,14,None,66,1,5,False,1000,1000
17192,157,unweighted,10,0.7292993630573248,0,14,None,66,1,5,False,1000,1000
17193,158,unweighted,10,0.7303941082802548,0,14,None,66,1,5,False,1000,1000
17194,159,unweighted,10,0.7308917197452229,0,14,None,66,1,5,False,1000,1000
17195,155,unweighted,10,0.7109872611464968,0,25,None,66,1,5,False,1000,1000
17196,156,unweighted,10,0.7111863057324841,0,25,None,66,1,5,False,1000,1000
17197,157,unweighted,10,0.7117834394904459,0,25,None,66,1,5,False,1000,1000
17198,158,unweighted,10,0.711484872611465,0,25,None,66,1,5,False,1000,1000
17199,159,unweighted,10,0.7112858280254777,0,25,None,66,1,5,False,1000,1000
17200,155,unweighted,10,0.7110867834394905,0,17,None,66,1,5,False,1000,1000
17201,156,unweighted,10,0.7107882165605095,0,17,None,66,1,5,False,1000,1000
17202,157,unweighted,10,0.711484872611465,0,17,None,66,1,5,False,1000,1000
17203,158,unweighted,10,0.7110867834394905,0,17,None,66,1,5,False,1000,1000
17204,159,unweighted,10,0.7107882165605095,0,17,None,66,1,5,False,1000,1000
17205,155,unweighted,10,0.6689888535031847,0,26,None,66,1,5,False,1000,1000
17206,156,unweighted,10,0.6682921974522293,0,26,None,66,1,5,False,1000,1000
17207,157,unweighted,10,0.6683917197452229,0,26,None,66,1,5,False,1000,1000
17208,158,unweighted,10,0.6674960191082803,0,26,None,66,1,5,False,1000,1000
17209,159,unweighted,10,0.6661027070063694,0,26,None,66,1,5,False,1000,1000
17210,155,unweighted,10,0.7167595541401274,0,12,None,66,1,5,False,1000,1000
17211,156,unweighted,10,0.7179538216560509,0,12,None,66,1,5,False,1000,1000
17212,157,unweighted,10,0.71875,0,12,None,66,1,5,False,1000,1000
17213,158,unweighted,10,0.7194466560509554,0,12,None,66,1,5,False,1000,1000
17214,159,unweighted,10,0.71984474522293,0,12,None,66,1,5,False,1000,1000
17215,155,unweighted,10,0.6339570063694268,0,28,None,66,1,5,False,1000,1000
17216,156,unweighted,10,0.6351512738853503,0,28,None,66,1,5,False,1000,1000
17217,157,unweighted,10,0.6365445859872612,0,28,None,66,1,5,False,1000,1000
17218,158,unweighted,10,0.6377388535031847,0,28,None,66,1,5,False,1000,1000
17219,159,unweighted,10,0.6390326433121019,0,28,None,66,1,5,False,1000,1000
17220,155,unweighted,10,0.6481886942675159,0,29,None,66,1,5,False,1000,1000
17221,156,unweighted,10,0.6501791401273885,0,29,None,66,1,5,False,1000,1000
17222,157,unweighted,10,0.6514729299363057,0,29,None,66,1,5,False,1000,1000
17223,158,unweighted,10,0.6531648089171974,0,29,None,66,1,5,False,1000,1000
17224,159,unweighted,10,0.6547571656050956,0,29,None,66,1,5,False,1000,1000
17225,155,unweighted,10,0.6763535031847133,0,9,None,66,1,5,False,1000,1000
17226,156,unweighted,10,0.6784434713375797,0,9,None,66,1,5,False,1000,1000
17227,157,unweighted,10,0.6821257961783439,0,9,None,66,1,5,False,1000,1000
17228,158,unweighted,10,0.6855095541401274,0,9,None,66,1,5,False,1000,1000
17229,159,unweighted,10,0.6890923566878981,0,9,None,66,1,5,False,1000,1000
17230,155,unweighted,10,0.7032245222929936,0,30,None,66,1,5,False,1000,1000
17231,156,unweighted,10,0.7023288216560509,0,30,None,66,1,5,False,1000,1000
17232,157,unweighted,10,0.7028264331210191,0,30,None,66,1,5,False,1000,1000
17233,158,unweighted,10,0.7028264331210191,0,30,None,66,1,5,False,1000,1000
17234,159,unweighted,10,0.70203025477707,0,30,None,66,1,5,False,1000,1000
17235,155,unweighted,10,0.7133757961783439,0,31,None,66,1,5,False,1000,1000
17236,156,unweighted,10,0.7135748407643312,0,31,None,66,1,5,False,1000,1000
17237,157,unweighted,10,0.7142714968152867,0,31,None,66,1,5,False,1000,1000
17238,158,unweighted,10,0.7146695859872612,0,31,None,66,1,5,False,1000,1000
17239,159,unweighted,10,0.7144705414012739,0,31,None,66,1,5,False,1000,1000
17240,155,unweighted,10,0.6358479299363057,0,27,None,66,1,5,False,1000,1000
17241,156,unweighted,10,0.636046974522293,0,27,None,66,1,5,False,1000,1000
17242,157,unweighted,10,0.636843152866242,0,27,None,66,1,5,False,1000,1000
17243,158,unweighted,10,0.636843152866242,0,27,None,66,1,5,False,1000,1000
17244,159,unweighted,10,0.6381369426751592,0,27,None,66,1,5,False,1000,1000
17245,155,unweighted,10,0.6892914012738853,0,7,None,66,1,5,False,1000,1000
17246,156,unweighted,10,0.6897890127388535,0,7,None,66,1,5,False,1000,1000
17247,157,unweighted,10,0.6898885350318471,0,7,None,66,1,5,False,1000,1000
17248,158,unweighted,10,0.6894904458598726,0,7,None,66,1,5,False,1000,1000
17249,159,unweighted,10,0.689390923566879,0,7,None,66,1,5,False,1000,1000
17250,155,unweighted,10,0.7158638535031847,0,5,None,66,1,5,False,1000,1000
17251,156,unweighted,10,0.7165605095541401,0,5,None,66,1,5,False,1000,1000
17252,157,unweighted,10,0.7173566878980892,0,5,None,66,1,5,False,1000,1000
17253,158,unweighted,10,0.7175557324840764,0,5,None,66,1,5,False,1000,1000
17254,159,unweighted,10,0.7174562101910829,0,5,None,66,1,5,False,1000,1000
17255,155,unweighted,10,0.714968152866242,0,4,None,66,1,5,False,1000,1000
17256,156,unweighted,10,0.7134753184713376,0,4,None,66,1,5,False,1000,1000
17257,157,unweighted,10,0.7136743630573248,0,4,None,66,1,5,False,1000,1000
17258,158,unweighted,10,0.7133757961783439,0,4,None,66,1,5,False,1000,1000
17259,159,unweighted,10,0.7135748407643312,0,4,None,66,1,5,False,1000,1000
17260,155,unweighted,10,0.6467953821656051,0,3,None,66,1,5,False,1000,1000
17261,156,unweighted,10,0.6439092356687898,0,3,None,66,1,5,False,1000,1000
17262,157,unweighted,10,0.6399283439490446,0,3,None,66,1,5,False,1000,1000
17263,158,unweighted,10,0.6342555732484076,0,3,None,66,1,5,False,1000,1000
17264,159,unweighted,10,0.629578025477707,0,3,None,66,1,5,False,1000,1000
17265,155,unweighted,10,0.6770501592356688,0,6,None,66,1,5,False,1000,1000
17266,156,unweighted,10,0.6766520700636943,0,6,None,66,1,5,False,1000,1000
17267,157,unweighted,10,0.6771496815286624,0,6,None,66,1,5,False,1000,1000
17268,158,unweighted,10,0.6771496815286624,0,6,None,66,1,5,False,1000,1000
17269,159,unweighted,10,0.6777468152866242,0,6,None,66,1,5,False,1000,1000
17270,155,unweighted,10,0.6686902866242038,0,10,None,66,1,5,False,1000,1000
17271,156,unweighted,10,0.6726711783439491,0,10,None,66,1,5,False,1000,1000
17272,157,unweighted,10,0.6771496815286624,0,10,None,66,1,5,False,1000,1000
17273,158,unweighted,10,0.6808320063694268,0,10,None,66,1,5,False,1000,1000
17274,159,unweighted,10,0.6843152866242038,0,10,None,66,1,5,False,1000,1000
17275,155,unweighted,10,0.6942675159235668,0,20,None,66,1,5,False,1000,1000
17276,156,unweighted,10,0.6946656050955414,0,20,None,66,1,5,False,1000,1000
17277,157,unweighted,10,0.6904856687898089,0,20,None,66,1,5,False,1000,1000
17278,158,unweighted,10,0.6873009554140127,0,20,None,66,1,5,False,1000,1000
17279,159,unweighted,10,0.6841162420382165,0,20,None,66,1,5,False,1000,1000
17280,155,unweighted,10,0.6888933121019108,0,22,None,66,1,5,False,1000,1000
17281,156,unweighted,10,0.6907842356687898,0,22,None,66,1,5,False,1000,1000
17282,157,unweighted,10,0.6913813694267515,0,22,None,66,1,5,False,1000,1000
17283,158,unweighted,10,0.692078025477707,0,22,None,66,1,5,False,1000,1000
17284,159,unweighted,10,0.693968949044586,0,22,None,66,1,5,False,1000,1000
17285,155,unweighted,10,0.6807324840764332,0,23,None,66,1,5,False,1000,1000
17286,156,unweighted,10,0.681827229299363,0,23,None,66,1,5,False,1000,1000
17287,157,unweighted,10,0.6821257961783439,0,23,None,66,1,5,False,1000,1000
17288,158,unweighted,10,0.6826234076433121,0,23,None,66,1,5,False,1000,1000
17289,159,unweighted,10,0.6827229299363057,0,23,None,66,1,5,False,1000,1000
17290,155,unweighted,10,0.7115843949044586,0,32,None,66,1,5,False,1000,1000
17291,156,unweighted,10,0.7112858280254777,0,32,None,66,1,5,False,1000,1000
17292,157,unweighted,10,0.709593949044586,0,32,None,66,1,5,False,1000,1000
17293,158,unweighted,10,0.7092953821656051,0,32,None,66,1,5,False,1000,1000
17294,159,unweighted,10,0.708797770700637,0,32,None,66,1,5,False,1000,1000
17295,155,unweighted,10,0.7018312101910829,0,19,None,66,1,5,False,1000,1000
17296,156,unweighted,10,0.7030254777070064,0,19,None,66,1,5,False,1000,1000
17297,157,unweighted,10,0.7043192675159236,0,19,None,66,1,5,False,1000,1000
17298,158,unweighted,10,0.705015923566879,0,19,None,66,1,5,False,1000,1000
17299,159,unweighted,10,0.7062101910828026,0,19,None,66,1,5,False,1000,1000
17300,155,unweighted,10,0.6679936305732485,0,21,None,66,1,5,False,1000,1000
17301,156,unweighted,10,0.6663017515923567,0,21,None,66,1,5,False,1000,1000
17302,157,unweighted,10,0.6666998407643312,0,21,None,66,1,5,False,1000,1000
17303,158,unweighted,10,0.6658041401273885,0,21,None,66,1,5,False,1000,1000
17304,159,unweighted,10,0.6650079617834395,0,21,None,66,1,5,False,1000,1000
17305,155,unweighted,10,0.6951632165605095,0,0,None,66,1,5,False,1000,1000
17306,156,unweighted,10,0.6959593949044586,0,0,None,66,1,5,False,1000,1000
17307,157,unweighted,10,0.6961584394904459,0,0,None,66,1,5,False,1000,1000
17308,158,unweighted,10,0.6964570063694268,0,0,None,66,1,5,False,1000,1000
17309,159,unweighted,10,0.6973527070063694,0,0,None,66,1,5,False,1000,1000
17310,155,unweighted,10,0.6769506369426752,0,24,None,66,1,5,False,1000,1000
17311,156,unweighted,10,0.6772492038216561,0,24,None,66,1,5,False,1000,1000
17312,157,unweighted,10,0.6782444267515924,0,24,None,66,1,5,False,1000,1000
17313,158,unweighted,10,0.6784434713375797,0,24,None,66,1,5,False,1000,1000
17314,159,unweighted,10,0.6785429936305732,0,24,None,66,1,5,False,1000,1000
17315,155,unweighted,10,0.6603304140127388,0,8,None,66,1,5,False,1000,1000
17316,156,unweighted,10,0.6611265923566879,0,8,None,66,1,5,False,1000,1000
17317,157,unweighted,10,0.6623208598726115,0,8,None,66,1,5,False,1000,1000
17318,158,unweighted,10,0.6634156050955414,0,8,None,66,1,5,False,1000,1000
17319,159,unweighted,10,0.6651074840764332,0,8,None,66,1,5,False,1000,1000
17320,155,unweighted,10,0.6464968152866242,0,18,None,66,1,5,False,1000,1000
17321,156,unweighted,10,0.6464968152866242,0,18,None,66,1,5,False,1000,1000
17322,157,unweighted,10,0.647093949044586,0,18,None,66,1,5,False,1000,1000
17323,158,unweighted,10,0.647890127388535,0,18,None,66,1,5,False,1000,1000
17324,159,unweighted,10,0.6480891719745223,0,18,None,66,1,5,False,1000,1000
17325,160,unweighted,10,0.7094944267515924,0,20,None,66,1,5,False,1000,1000
17326,161,unweighted,10,0.7006369426751592,0,20,None,66,1,5,False,1000,1000
17327,162,unweighted,10,0.6956608280254777,0,20,None,66,1,5,False,1000,1000
17328,163,unweighted,10,0.6903861464968153,0,20,None,66,1,5,False,1000,1000
17329,164,unweighted,10,0.6875,0,20,None,66,1,5,False,1000,1000
17330,160,unweighted,10,0.6977507961783439,0,22,None,66,1,5,False,1000,1000
17331,161,unweighted,10,0.697452229299363,0,22,None,66,1,5,False,1000,1000
17332,162,unweighted,10,0.6982484076433121,0,22,None,66,1,5,False,1000,1000
17333,163,unweighted,10,0.6989450636942676,0,22,None,66,1,5,False,1000,1000
17334,164,unweighted,10,0.7003383757961783,0,22,None,66,1,5,False,1000,1000
17335,160,unweighted,10,0.7153662420382165,0,32,None,66,1,5,False,1000,1000
17336,161,unweighted,10,0.7147691082802548,0,32,None,66,1,5,False,1000,1000
17337,162,unweighted,10,0.7136743630573248,0,32,None,66,1,5,False,1000,1000
17338,163,unweighted,10,0.7138734076433121,0,32,None,66,1,5,False,1000,1000
17339,164,unweighted,10,0.713077229299363,0,32,None,66,1,5,False,1000,1000
17340,160,unweighted,10,0.7063097133757962,0,30,None,66,1,5,False,1000,1000
17341,161,unweighted,10,0.7056130573248408,0,30,None,66,1,5,False,1000,1000
17342,162,unweighted,10,0.7063097133757962,0,30,None,66,1,5,False,1000,1000
17343,163,unweighted,10,0.7064092356687898,0,30,None,66,1,5,False,1000,1000
17344,164,unweighted,10,0.7060111464968153,0,30,None,66,1,5,False,1000,1000
17345,160,unweighted,10,0.6808320063694268,0,11,None,66,1,5,False,1000,1000
17346,161,unweighted,10,0.6625199044585988,0,11,None,66,1,5,False,1000,1000
17347,162,unweighted,10,0.648984872611465,0,11,None,66,1,5,False,1000,1000
17348,163,unweighted,10,0.6364450636942676,0,11,None,66,1,5,False,1000,1000
17349,164,unweighted,10,0.6275875796178344,0,11,None,66,1,5,False,1000,1000
17350,160,unweighted,10,0.714171974522293,0,17,None,66,1,5,False,1000,1000
17351,161,unweighted,10,0.7144705414012739,0,17,None,66,1,5,False,1000,1000
17352,162,unweighted,10,0.7143710191082803,0,17,None,66,1,5,False,1000,1000
17353,163,unweighted,10,0.7145700636942676,0,17,None,66,1,5,False,1000,1000
17354,164,unweighted,10,0.7143710191082803,0,17,None,66,1,5,False,1000,1000
17355,160,unweighted,10,0.6797372611464968,0,24,None,66,1,5,False,1000,1000
17356,161,unweighted,10,0.6799363057324841,0,24,None,66,1,5,False,1000,1000
17357,162,unweighted,10,0.6801353503184714,0,24,None,66,1,5,False,1000,1000
17358,163,unweighted,10,0.6800358280254777,0,24,None,66,1,5,False,1000,1000
17359,164,unweighted,10,0.6805334394904459,0,24,None,66,1,5,False,1000,1000
17360,160,unweighted,10,0.6919785031847133,0,7,None,66,1,5,False,1000,1000
17361,161,unweighted,10,0.6917794585987261,0,7,None,66,1,5,False,1000,1000
17362,162,unweighted,10,0.692078025477707,0,7,None,66,1,5,False,1000,1000
17363,163,unweighted,10,0.6921775477707006,0,7,None,66,1,5,False,1000,1000
17364,164,unweighted,10,0.6922770700636943,0,7,None,66,1,5,False,1000,1000
17365,160,unweighted,10,0.7186504777070064,0,16,None,66,1,5,False,1000,1000
17366,161,unweighted,10,0.7207404458598726,0,16,None,66,1,5,False,1000,1000
17367,162,unweighted,10,0.7229299363057324,0,16,None,66,1,5,False,1000,1000
17368,163,unweighted,10,0.7251194267515924,0,16,None,66,1,5,False,1000,1000
17369,164,unweighted,10,0.727109872611465,0,16,None,66,1,5,False,1000,1000
17370,160,unweighted,10,0.7062101910828026,0,19,None,66,1,5,False,1000,1000
17371,161,unweighted,10,0.7075039808917197,0,19,None,66,1,5,False,1000,1000
17372,162,unweighted,10,0.7083001592356688,0,19,None,66,1,5,False,1000,1000
17373,163,unweighted,10,0.7102906050955414,0,19,None,66,1,5,False,1000,1000
17374,164,unweighted,10,0.7110867834394905,0,19,None,66,1,5,False,1000,1000
17375,160,unweighted,10,0.7148686305732485,0,31,None,66,1,5,False,1000,1000
17376,161,unweighted,10,0.716062898089172,0,31,None,66,1,5,False,1000,1000
17377,162,unweighted,10,0.7161624203821656,0,31,None,66,1,5,False,1000,1000
17378,163,unweighted,10,0.716859076433121,0,31,None,66,1,5,False,1000,1000
17379,164,unweighted,10,0.7175557324840764,0,31,None,66,1,5,False,1000,1000
17380,160,unweighted,10,0.6523686305732485,0,18,None,66,1,5,False,1000,1000
17381,161,unweighted,10,0.6528662420382165,0,18,None,66,1,5,False,1000,1000
17382,162,unweighted,10,0.6546576433121019,0,18,None,66,1,5,False,1000,1000
17383,163,unweighted,10,0.65515525477707,0,18,None,66,1,5,False,1000,1000
17384,164,unweighted,10,0.6561504777070064,0,18,None,66,1,5,False,1000,1000
17385,160,unweighted,10,0.6865047770700637,0,1,None,66,1,5,False,1000,1000
17386,161,unweighted,10,0.6869028662420382,0,1,None,66,1,5,False,1000,1000
17387,162,unweighted,10,0.6875995222929936,0,1,None,66,1,5,False,1000,1000
17388,163,unweighted,10,0.6887937898089171,0,1,None,66,1,5,False,1000,1000
17389,164,unweighted,10,0.6897890127388535,0,1,None,66,1,5,False,1000,1000
17390,160,unweighted,10,0.7101910828025477,0,2,None,66,1,5,False,1000,1000
17391,161,unweighted,10,0.7030254777070064,0,2,None,66,1,5,False,1000,1000
17392,162,unweighted,10,0.6906847133757962,0,2,None,66,1,5,False,1000,1000
17393,163,unweighted,10,0.6845143312101911,0,2,None,66,1,5,False,1000,1000
17394,164,unweighted,10,0.6774482484076433,0,2,None,66,1,5,False,1000,1000
17395,160,unweighted,10,0.7178542993630573,0,5,None,66,1,5,False,1000,1000
17396,161,unweighted,10,0.7183519108280255,0,5,None,66,1,5,False,1000,1000
17397,162,unweighted,10,0.71765525477707,0,5,None,66,1,5,False,1000,1000
17398,163,unweighted,10,0.7171576433121019,0,5,None,66,1,5,False,1000,1000
17399,164,unweighted,10,0.7182523885350318,0,5,None,66,1,5,False,1000,1000
17400,160,unweighted,10,0.7180533439490446,0,4,None,66,1,5,False,1000,1000
17401,161,unweighted,10,0.7175557324840764,0,4,None,66,1,5,False,1000,1000
17402,162,unweighted,10,0.7169585987261147,0,4,None,66,1,5,False,1000,1000
17403,163,unweighted,10,0.7159633757961783,0,4,None,66,1,5,False,1000,1000
17404,164,unweighted,10,0.7155652866242038,0,4,None,66,1,5,False,1000,1000
17405,160,unweighted,10,0.6698845541401274,0,21,None,66,1,5,False,1000,1000
17406,161,unweighted,10,0.6670979299363057,0,21,None,66,1,5,False,1000,1000
17407,162,unweighted,10,0.6669984076433121,0,21,None,66,1,5,False,1000,1000
17408,163,unweighted,10,0.6676950636942676,0,21,None,66,1,5,False,1000,1000
17409,164,unweighted,10,0.6671974522292994,0,21,None,66,1,5,False,1000,1000
17410,160,unweighted,10,0.6621218152866242,0,8,None,66,1,5,False,1000,1000
17411,161,unweighted,10,0.6639132165605095,0,8,None,66,1,5,False,1000,1000
17412,162,unweighted,10,0.6648089171974523,0,8,None,66,1,5,False,1000,1000
17413,163,unweighted,10,0.6659036624203821,0,8,None,66,1,5,False,1000,1000
17414,164,unweighted,10,0.666202229299363,0,8,None,66,1,5,False,1000,1000
17415,160,unweighted,10,0.683718152866242,0,23,None,66,1,5,False,1000,1000
17416,161,unweighted,10,0.6840167197452229,0,23,None,66,1,5,False,1000,1000
17417,162,unweighted,10,0.6844148089171974,0,23,None,66,1,5,False,1000,1000
17418,163,unweighted,10,0.6854100318471338,0,23,None,66,1,5,False,1000,1000
17419,164,unweighted,10,0.6853105095541401,0,23,None,66,1,5,False,1000,1000
17420,160,unweighted,10,0.6362460191082803,0,27,None,66,1,5,False,1000,1000
17421,161,unweighted,10,0.636046974522293,0,27,None,66,1,5,False,1000,1000
17422,162,unweighted,10,0.6367436305732485,0,27,None,66,1,5,False,1000,1000
17423,163,unweighted,10,0.6373407643312102,0,27,None,66,1,5,False,1000,1000
17424,164,unweighted,10,0.6386345541401274,0,27,None,66,1,5,False,1000,1000
17425,160,unweighted,10,0.6351512738853503,0,28,None,66,1,5,False,1000,1000
17426,161,unweighted,10,0.6364450636942676,0,28,None,66,1,5,False,1000,1000
17427,162,unweighted,10,0.6376393312101911,0,28,None,66,1,5,False,1000,1000
17428,163,unweighted,10,0.6398288216560509,0,28,None,66,1,5,False,1000,1000
17429,164,unweighted,10,0.6416202229299363,0,28,None,66,1,5,False,1000,1000
17430,160,unweighted,10,0.6684912420382165,0,15,None,66,1,5,False,1000,1000
17431,161,unweighted,10,0.6700835987261147,0,15,None,66,1,5,False,1000,1000
17432,162,unweighted,10,0.6708797770700637,0,15,None,66,1,5,False,1000,1000
17433,163,unweighted,10,0.6716759554140127,0,15,None,66,1,5,False,1000,1000
17434,164,unweighted,10,0.6721735668789809,0,15,None,66,1,5,False,1000,1000
17435,160,unweighted,10,0.6723726114649682,0,10,None,66,1,5,False,1000,1000
17436,161,unweighted,10,0.6776472929936306,0,10,None,66,1,5,False,1000,1000
17437,162,unweighted,10,0.682921974522293,0,10,None,66,1,5,False,1000,1000
17438,163,unweighted,10,0.6859076433121019,0,10,None,66,1,5,False,1000,1000
17439,164,unweighted,10,0.6883957006369427,0,10,None,66,1,5,False,1000,1000
17440,160,unweighted,10,0.7204418789808917,0,12,None,66,1,5,False,1000,1000
17441,161,unweighted,10,0.7208399681528662,0,12,None,66,1,5,False,1000,1000
17442,162,unweighted,10,0.7218351910828026,0,12,None,66,1,5,False,1000,1000
17443,163,unweighted,10,0.7229299363057324,0,12,None,66,1,5,False,1000,1000
17444,164,unweighted,10,0.7245222929936306,0,12,None,66,1,5,False,1000,1000
17445,160,unweighted,10,0.6792396496815286,0,6,None,66,1,5,False,1000,1000
17446,161,unweighted,10,0.6795382165605095,0,6,None,66,1,5,False,1000,1000
17447,162,unweighted,10,0.6801353503184714,0,6,None,66,1,5,False,1000,1000
17448,163,unweighted,10,0.6812300955414012,0,6,None,66,1,5,False,1000,1000
17449,164,unweighted,10,0.6812300955414012,0,6,None,66,1,5,False,1000,1000
17450,160,unweighted,10,0.7197452229299363,0,13,None,66,1,5,False,1000,1000
17451,161,unweighted,10,0.71984474522293,0,13,None,66,1,5,False,1000,1000
17452,162,unweighted,10,0.7197452229299363,0,13,None,66,1,5,False,1000,1000
17453,163,unweighted,10,0.7200437898089171,0,13,None,66,1,5,False,1000,1000
17454,164,unweighted,10,0.7199442675159236,0,13,None,66,1,5,False,1000,1000
17455,160,unweighted,10,0.6734673566878981,0,26,None,66,1,5,False,1000,1000
17456,161,unweighted,10,0.6749601910828026,0,26,None,66,1,5,False,1000,1000
17457,162,unweighted,10,0.6738654458598726,0,26,None,66,1,5,False,1000,1000
17458,163,unweighted,10,0.6733678343949044,0,26,None,66,1,5,False,1000,1000
17459,164,unweighted,10,0.6724721337579618,0,26,None,66,1,5,False,1000,1000
17460,160,unweighted,10,0.731687898089172,0,14,None,66,1,5,False,1000,1000
17461,161,unweighted,10,0.732484076433121,0,14,None,66,1,5,False,1000,1000
17462,162,unweighted,10,0.7329816878980892,0,14,None,66,1,5,False,1000,1000
17463,163,unweighted,10,0.7340764331210191,0,14,None,66,1,5,False,1000,1000
17464,164,unweighted,10,0.734375,0,14,None,66,1,5,False,1000,1000
17465,160,unweighted,10,0.7185509554140127,0,25,None,66,1,5,False,1000,1000
17466,161,unweighted,10,0.7186504777070064,0,25,None,66,1,5,False,1000,1000
17467,162,unweighted,10,0.7188495222929936,0,25,None,66,1,5,False,1000,1000
17468,163,unweighted,10,0.7191480891719745,0,25,None,66,1,5,False,1000,1000
17469,164,unweighted,10,0.7192476114649682,0,25,None,66,1,5,False,1000,1000
17470,160,unweighted,10,0.647093949044586,0,3,None,66,1,5,False,1000,1000
17471,161,unweighted,10,0.6442078025477707,0,3,None,66,1,5,False,1000,1000
17472,162,unweighted,10,0.6411226114649682,0,3,None,66,1,5,False,1000,1000
17473,163,unweighted,10,0.6365445859872612,0,3,None,66,1,5,False,1000,1000
17474,164,unweighted,10,0.6319665605095541,0,3,None,66,1,5,False,1000,1000
17475,160,unweighted,10,0.6785429936305732,0,9,None,66,1,5,False,1000,1000
17476,161,unweighted,10,0.6819267515923567,0,9,None,66,1,5,False,1000,1000
17477,162,unweighted,10,0.6854100318471338,0,9,None,66,1,5,False,1000,1000
17478,163,unweighted,10,0.6892914012738853,0,9,None,66,1,5,False,1000,1000
17479,164,unweighted,10,0.6928742038216561,0,9,None,66,1,5,False,1000,1000
17480,160,unweighted,10,0.6550557324840764,0,29,None,66,1,5,False,1000,1000
17481,161,unweighted,10,0.6567476114649682,0,29,None,66,1,5,False,1000,1000
17482,162,unweighted,10,0.6593351910828026,0,29,None,66,1,5,False,1000,1000
17483,163,unweighted,10,0.6604299363057324,0,29,None,66,1,5,False,1000,1000
17484,164,unweighted,10,0.661922770700637,0,29,None,66,1,5,False,1000,1000
17485,160,unweighted,10,0.6995421974522293,0,0,None,66,1,5,False,1000,1000
17486,161,unweighted,10,0.6998407643312102,0,0,None,66,1,5,False,1000,1000
17487,162,unweighted,10,0.6995421974522293,0,0,None,66,1,5,False,1000,1000
17488,163,unweighted,10,0.7000398089171974,0,0,None,66,1,5,False,1000,1000
17489,164,unweighted,10,0.6997412420382165,0,0,None,66,1,5,False,1000,1000
17490,165,unweighted,10,0.6765525477707006,0,26,None,66,1,5,False,1000,1000
17491,166,unweighted,10,0.6773487261146497,0,26,None,66,1,5,False,1000,1000
17492,167,unweighted,10,0.6767515923566879,0,26,None,66,1,5,False,1000,1000
17493,168,unweighted,10,0.6760549363057324,0,26,None,66,1,5,False,1000,1000
17494,169,unweighted,10,0.6757563694267515,0,26,None,66,1,5,False,1000,1000
17495,165,unweighted,10,0.7197452229299363,0,25,None,66,1,5,False,1000,1000
17496,166,unweighted,10,0.7196457006369427,0,25,None,66,1,5,False,1000,1000
17497,167,unweighted,10,0.7194466560509554,0,25,None,66,1,5,False,1000,1000
17498,168,unweighted,10,0.7193471337579618,0,25,None,66,1,5,False,1000,1000
17499,169,unweighted,10,0.7192476114649682,0,25,None,66,1,5,False,1000,1000
17500,165,unweighted,10,0.737062101910828,0,14,None,66,1,5,False,1000,1000
17501,166,unweighted,10,0.737062101910828,0,14,None,66,1,5,False,1000,1000
17502,167,unweighted,10,0.7372611464968153,0,14,None,66,1,5,False,1000,1000
17503,168,unweighted,10,0.7373606687898089,0,14,None,66,1,5,False,1000,1000
17504,169,unweighted,10,0.7380573248407644,0,14,None,66,1,5,False,1000,1000
17505,165,unweighted,10,0.6724721337579618,0,15,None,66,1,5,False,1000,1000
17506,166,unweighted,10,0.6747611464968153,0,15,None,66,1,5,False,1000,1000
17507,167,unweighted,10,0.6751592356687898,0,15,None,66,1,5,False,1000,1000
17508,168,unweighted,10,0.6751592356687898,0,15,None,66,1,5,False,1000,1000
17509,169,unweighted,10,0.6758558917197452,0,15,None,66,1,5,False,1000,1000
17510,165,unweighted,10,0.6859076433121019,0,11,None,66,1,5,False,1000,1000
17511,166,unweighted,10,0.6689888535031847,0,11,None,66,1,5,False,1000,1000
17512,167,unweighted,10,0.6560509554140127,0,11,None,66,1,5,False,1000,1000
17513,168,unweighted,10,0.6442078025477707,0,11,None,66,1,5,False,1000,1000
17514,169,unweighted,10,0.634156050955414,0,11,None,66,1,5,False,1000,1000
17515,165,unweighted,10,0.7002388535031847,0,20,None,66,1,5,False,1000,1000
17516,166,unweighted,10,0.7008359872611465,0,20,None,66,1,5,False,1000,1000
17517,167,unweighted,10,0.6977507961783439,0,20,None,66,1,5,False,1000,1000
17518,168,unweighted,10,0.693968949044586,0,20,None,66,1,5,False,1000,1000
17519,169,unweighted,10,0.6900875796178344,0,20,None,66,1,5,False,1000,1000
17520,165,unweighted,10,0.6751592356687898,0,10,None,66,1,5,False,1000,1000
17521,166,unweighted,10,0.6800358280254777,0,10,None,66,1,5,False,1000,1000
17522,167,unweighted,10,0.6845143312101911,0,10,None,66,1,5,False,1000,1000
17523,168,unweighted,10,0.6872014331210191,0,10,None,66,1,5,False,1000,1000
17524,169,unweighted,10,0.6892914012738853,0,10,None,66,1,5,False,1000,1000
17525,165,unweighted,10,0.7006369426751592,0,22,None,66,1,5,False,1000,1000
17526,166,unweighted,10,0.7008359872611465,0,22,None,66,1,5,False,1000,1000
17527,167,unweighted,10,0.7015326433121019,0,22,None,66,1,5,False,1000,1000
17528,168,unweighted,10,0.7025278662420382,0,22,None,66,1,5,False,1000,1000
17529,169,unweighted,10,0.7043192675159236,0,22,None,66,1,5,False,1000,1000
17530,165,unweighted,10,0.7224323248407644,0,12,None,66,1,5,False,1000,1000
17531,166,unweighted,10,0.7235270700636943,0,12,None,66,1,5,False,1000,1000
17532,167,unweighted,10,0.7247213375796179,0,12,None,66,1,5,False,1000,1000
17533,168,unweighted,10,0.7258160828025477,0,12,None,66,1,5,False,1000,1000
17534,169,unweighted,10,0.7272093949044586,0,12,None,66,1,5,False,1000,1000
17535,165,unweighted,10,0.6554538216560509,0,18,None,66,1,5,False,1000,1000
17536,166,unweighted,10,0.6550557324840764,0,18,None,66,1,5,False,1000,1000
17537,167,unweighted,10,0.6559514331210191,0,18,None,66,1,5,False,1000,1000
17538,168,unweighted,10,0.6572452229299363,0,18,None,66,1,5,False,1000,1000
17539,169,unweighted,10,0.6574442675159236,0,18,None,66,1,5,False,1000,1000
17540,165,unweighted,10,0.7111863057324841,0,19,None,66,1,5,False,1000,1000
17541,166,unweighted,10,0.7126791401273885,0,19,None,66,1,5,False,1000,1000
17542,167,unweighted,10,0.7147691082802548,0,19,None,66,1,5,False,1000,1000
17543,168,unweighted,10,0.7156648089171974,0,19,None,66,1,5,False,1000,1000
17544,169,unweighted,10,0.7174562101910829,0,19,None,66,1,5,False,1000,1000
17545,165,unweighted,10,0.709593949044586,0,30,None,66,1,5,False,1000,1000
17546,166,unweighted,10,0.7086982484076433,0,30,None,66,1,5,False,1000,1000
17547,167,unweighted,10,0.708797770700637,0,30,None,66,1,5,False,1000,1000
17548,168,unweighted,10,0.7090963375796179,0,30,None,66,1,5,False,1000,1000
17549,169,unweighted,10,0.7085987261146497,0,30,None,66,1,5,False,1000,1000
17550,165,unweighted,10,0.7174562101910829,0,31,None,66,1,5,False,1000,1000
17551,166,unweighted,10,0.7179538216560509,0,31,None,66,1,5,False,1000,1000
17552,167,unweighted,10,0.7191480891719745,0,31,None,66,1,5,False,1000,1000
17553,168,unweighted,10,0.7199442675159236,0,31,None,66,1,5,False,1000,1000
17554,169,unweighted,10,0.7202428343949044,0,31,None,66,1,5,False,1000,1000
17555,165,unweighted,10,0.7180533439490446,0,17,None,66,1,5,False,1000,1000
17556,166,unweighted,10,0.7183519108280255,0,17,None,66,1,5,False,1000,1000
17557,167,unweighted,10,0.7180533439490446,0,17,None,66,1,5,False,1000,1000
17558,168,unweighted,10,0.7190485668789809,0,17,None,66,1,5,False,1000,1000
17559,169,unweighted,10,0.7188495222929936,0,17,None,66,1,5,False,1000,1000
17560,165,unweighted,10,0.6808320063694268,0,24,None,66,1,5,False,1000,1000
17561,166,unweighted,10,0.6811305732484076,0,24,None,66,1,5,False,1000,1000
17562,167,unweighted,10,0.681827229299363,0,24,None,66,1,5,False,1000,1000
17563,168,unweighted,10,0.6815286624203821,0,24,None,66,1,5,False,1000,1000
17564,169,unweighted,10,0.6820262738853503,0,24,None,66,1,5,False,1000,1000
17565,165,unweighted,10,0.6952627388535032,0,7,None,66,1,5,False,1000,1000
17566,166,unweighted,10,0.694765127388535,0,7,None,66,1,5,False,1000,1000
17567,167,unweighted,10,0.6955613057324841,0,7,None,66,1,5,False,1000,1000
17568,168,unweighted,10,0.6960589171974523,0,7,None,66,1,5,False,1000,1000
17569,169,unweighted,10,0.6960589171974523,0,7,None,66,1,5,False,1000,1000
17570,165,unweighted,10,0.7211385350318471,0,16,None,66,1,5,False,1000,1000
17571,166,unweighted,10,0.7234275477707006,0,16,None,66,1,5,False,1000,1000
17572,167,unweighted,10,0.7250199044585988,0,16,None,66,1,5,False,1000,1000
17573,168,unweighted,10,0.7270103503184714,0,16,None,66,1,5,False,1000,1000
17574,169,unweighted,10,0.7283041401273885,0,16,None,66,1,5,False,1000,1000
17575,165,unweighted,10,0.7181528662420382,0,32,None,66,1,5,False,1000,1000
17576,166,unweighted,10,0.71765525477707,0,32,None,66,1,5,False,1000,1000
17577,167,unweighted,10,0.7161624203821656,0,32,None,66,1,5,False,1000,1000
17578,168,unweighted,10,0.7157643312101911,0,32,None,66,1,5,False,1000,1000
17579,169,unweighted,10,0.7164609872611465,0,32,None,66,1,5,False,1000,1000
17580,165,unweighted,10,0.6831210191082803,0,6,None,66,1,5,False,1000,1000
17581,166,unweighted,10,0.6831210191082803,0,6,None,66,1,5,False,1000,1000
17582,167,unweighted,10,0.6834195859872612,0,6,None,66,1,5,False,1000,1000
17583,168,unweighted,10,0.6853105095541401,0,6,None,66,1,5,False,1000,1000
17584,169,unweighted,10,0.6855095541401274,0,6,None,66,1,5,False,1000,1000
17585,165,unweighted,10,0.6900875796178344,0,1,None,66,1,5,False,1000,1000
17586,166,unweighted,10,0.6911823248407644,0,1,None,66,1,5,False,1000,1000
17587,167,unweighted,10,0.6914808917197452,0,1,None,66,1,5,False,1000,1000
17588,168,unweighted,10,0.6927746815286624,0,1,None,66,1,5,False,1000,1000
17589,169,unweighted,10,0.6935708598726115,0,1,None,66,1,5,False,1000,1000
17590,165,unweighted,10,0.7134753184713376,0,2,None,66,1,5,False,1000,1000
17591,166,unweighted,10,0.705812101910828,0,2,None,66,1,5,False,1000,1000
17592,167,unweighted,10,0.6938694267515924,0,2,None,66,1,5,False,1000,1000
17593,168,unweighted,10,0.6889928343949044,0,2,None,66,1,5,False,1000,1000
17594,169,unweighted,10,0.681031050955414,0,2,None,66,1,5,False,1000,1000
17595,165,unweighted,10,0.7033240445859873,0,0,None,66,1,5,False,1000,1000
17596,166,unweighted,10,0.7037221337579618,0,0,None,66,1,5,False,1000,1000
17597,167,unweighted,10,0.7039211783439491,0,0,None,66,1,5,False,1000,1000
17598,168,unweighted,10,0.7038216560509554,0,0,None,66,1,5,False,1000,1000
17599,169,unweighted,10,0.7038216560509554,0,0,None,66,1,5,False,1000,1000
17600,165,unweighted,10,0.6484872611464968,0,3,None,66,1,5,False,1000,1000
17601,166,unweighted,10,0.6446058917197452,0,3,None,66,1,5,False,1000,1000
17602,167,unweighted,10,0.6411226114649682,0,3,None,66,1,5,False,1000,1000
17603,168,unweighted,10,0.636843152866242,0,3,None,66,1,5,False,1000,1000
17604,169,unweighted,10,0.6328622611464968,0,3,None,66,1,5,False,1000,1000
17605,165,unweighted,10,0.7208399681528662,0,4,None,66,1,5,False,1000,1000
17606,166,unweighted,10,0.7194466560509554,0,4,None,66,1,5,False,1000,1000
17607,167,unweighted,10,0.7190485668789809,0,4,None,66,1,5,False,1000,1000
17608,168,unweighted,10,0.7190485668789809,0,4,None,66,1,5,False,1000,1000
17609,169,unweighted,10,0.7185509554140127,0,4,None,66,1,5,False,1000,1000
17610,165,unweighted,10,0.7199442675159236,0,5,None,66,1,5,False,1000,1000
17611,166,unweighted,10,0.7205414012738853,0,5,None,66,1,5,False,1000,1000
17612,167,unweighted,10,0.7195461783439491,0,5,None,66,1,5,False,1000,1000
17613,168,unweighted,10,0.71984474522293,0,5,None,66,1,5,False,1000,1000
17614,169,unweighted,10,0.7207404458598726,0,5,None,66,1,5,False,1000,1000
17615,165,unweighted,10,0.6641122611464968,0,8,None,66,1,5,False,1000,1000
17616,166,unweighted,10,0.6655055732484076,0,8,None,66,1,5,False,1000,1000
17617,167,unweighted,10,0.6659036624203821,0,8,None,66,1,5,False,1000,1000
17618,168,unweighted,10,0.6671974522292994,0,8,None,66,1,5,False,1000,1000
17619,169,unweighted,10,0.6671974522292994,0,8,None,66,1,5,False,1000,1000
17620,165,unweighted,10,0.681827229299363,0,9,None,66,1,5,False,1000,1000
17621,166,unweighted,10,0.6850119426751592,0,9,None,66,1,5,False,1000,1000
17622,167,unweighted,10,0.6892914012738853,0,9,None,66,1,5,False,1000,1000
17623,168,unweighted,10,0.6935708598726115,0,9,None,66,1,5,False,1000,1000
17624,169,unweighted,10,0.6970541401273885,0,9,None,66,1,5,False,1000,1000
17625,165,unweighted,10,0.7227308917197452,0,13,None,66,1,5,False,1000,1000
17626,166,unweighted,10,0.7235270700636943,0,13,None,66,1,5,False,1000,1000
17627,167,unweighted,10,0.7237261146496815,0,13,None,66,1,5,False,1000,1000
17628,168,unweighted,10,0.7238256369426752,0,13,None,66,1,5,False,1000,1000
17629,169,unweighted,10,0.7234275477707006,0,13,None,66,1,5,False,1000,1000
17630,165,unweighted,10,0.6714769108280255,0,21,None,66,1,5,False,1000,1000
17631,166,unweighted,10,0.6697850318471338,0,21,None,66,1,5,False,1000,1000
17632,167,unweighted,10,0.6700835987261147,0,21,None,66,1,5,False,1000,1000
17633,168,unweighted,10,0.6696855095541401,0,21,None,66,1,5,False,1000,1000
17634,169,unweighted,10,0.6695859872611465,0,21,None,66,1,5,False,1000,1000
17635,165,unweighted,10,0.6865047770700637,0,23,None,66,1,5,False,1000,1000
17636,166,unweighted,10,0.6876990445859873,0,23,None,66,1,5,False,1000,1000
17637,167,unweighted,10,0.6876990445859873,0,23,None,66,1,5,False,1000,1000
17638,168,unweighted,10,0.6878980891719745,0,23,None,66,1,5,False,1000,1000
17639,169,unweighted,10,0.6886942675159236,0,23,None,66,1,5,False,1000,1000
17640,165,unweighted,10,0.6366441082802548,0,27,None,66,1,5,False,1000,1000
17641,166,unweighted,10,0.6371417197452229,0,27,None,66,1,5,False,1000,1000
17642,167,unweighted,10,0.6382364649681529,0,27,None,66,1,5,False,1000,1000
17643,168,unweighted,10,0.6385350318471338,0,27,None,66,1,5,False,1000,1000
17644,169,unweighted,10,0.6399283439490446,0,27,None,66,1,5,False,1000,1000
17645,165,unweighted,10,0.6371417197452229,0,28,None,66,1,5,False,1000,1000
17646,166,unweighted,10,0.6392316878980892,0,28,None,66,1,5,False,1000,1000
17647,167,unweighted,10,0.640625,0,28,None,66,1,5,False,1000,1000
17648,168,unweighted,10,0.6426154458598726,0,28,None,66,1,5,False,1000,1000
17649,169,unweighted,10,0.6449044585987261,0,28,None,66,1,5,False,1000,1000
17650,165,unweighted,10,0.6552547770700637,0,29,None,66,1,5,False,1000,1000
17651,166,unweighted,10,0.6575437898089171,0,29,None,66,1,5,False,1000,1000
17652,167,unweighted,10,0.658937101910828,0,29,None,66,1,5,False,1000,1000
17653,168,unweighted,10,0.660828025477707,0,29,None,66,1,5,False,1000,1000
17654,169,unweighted,10,0.6618232484076433,0,29,None,66,1,5,False,1000,1000
17655,170,unweighted,10,0.6941679936305732,0,1,None,66,1,5,False,1000,1000
17656,171,unweighted,10,0.6948646496815286,0,1,None,66,1,5,False,1000,1000
17657,172,unweighted,10,0.6950636942675159,0,1,None,66,1,5,False,1000,1000
17658,173,unweighted,10,0.6973527070063694,0,1,None,66,1,5,False,1000,1000
17659,174,unweighted,10,0.6982484076433121,0,1,None,66,1,5,False,1000,1000
17660,170,unweighted,10,0.7179538216560509,0,2,None,66,1,5,False,1000,1000
17661,171,unweighted,10,0.7089968152866242,0,2,None,66,1,5,False,1000,1000
17662,172,unweighted,10,0.6975517515923567,0,2,None,66,1,5,False,1000,1000
17663,173,unweighted,10,0.6926751592356688,0,2,None,66,1,5,False,1000,1000
17664,174,unweighted,10,0.6845143312101911,0,2,None,66,1,5,False,1000,1000
17665,170,unweighted,10,0.6598328025477707,0,29,None,66,1,5,False,1000,1000
17666,171,unweighted,10,0.6615246815286624,0,29,None,66,1,5,False,1000,1000
17667,172,unweighted,10,0.6628184713375797,0,29,None,66,1,5,False,1000,1000
17668,173,unweighted,10,0.6639132165605095,0,29,None,66,1,5,False,1000,1000
17669,174,unweighted,10,0.6643113057324841,0,29,None,66,1,5,False,1000,1000
17670,170,unweighted,10,0.6412221337579618,0,28,None,66,1,5,False,1000,1000
17671,171,unweighted,10,0.6436106687898089,0,28,None,66,1,5,False,1000,1000
17672,172,unweighted,10,0.6456011146496815,0,28,None,66,1,5,False,1000,1000
17673,173,unweighted,10,0.6482882165605095,0,28,None,66,1,5,False,1000,1000
17674,174,unweighted,10,0.6514729299363057,0,28,None,66,1,5,False,1000,1000
17675,170,unweighted,10,0.676453025477707,0,15,None,66,1,5,False,1000,1000
17676,171,unweighted,10,0.6771496815286624,0,15,None,66,1,5,False,1000,1000
17677,172,unweighted,10,0.6777468152866242,0,15,None,66,1,5,False,1000,1000
17678,173,unweighted,10,0.677547770700637,0,15,None,66,1,5,False,1000,1000
17679,174,unweighted,10,0.6786425159235668,0,15,None,66,1,5,False,1000,1000
17680,170,unweighted,10,0.6789410828025477,0,10,None,66,1,5,False,1000,1000
17681,171,unweighted,10,0.6834195859872612,0,10,None,66,1,5,False,1000,1000
17682,172,unweighted,10,0.6870023885350318,0,10,None,66,1,5,False,1000,1000
17683,173,unweighted,10,0.6891918789808917,0,10,None,66,1,5,False,1000,1000
17684,174,unweighted,10,0.691281847133758,0,10,None,66,1,5,False,1000,1000
17685,170,unweighted,10,0.7266122611464968,0,13,None,66,1,5,False,1000,1000
17686,171,unweighted,10,0.7281050955414012,0,13,None,66,1,5,False,1000,1000
17687,172,unweighted,10,0.7275079617834395,0,13,None,66,1,5,False,1000,1000
17688,173,unweighted,10,0.7270103503184714,0,13,None,66,1,5,False,1000,1000
17689,174,unweighted,10,0.7274084394904459,0,13,None,66,1,5,False,1000,1000
17690,170,unweighted,10,0.6907842356687898,0,11,None,66,1,5,False,1000,1000
17691,171,unweighted,10,0.6742635350318471,0,11,None,66,1,5,False,1000,1000
17692,172,unweighted,10,0.661922770700637,0,11,None,66,1,5,False,1000,1000
17693,173,unweighted,10,0.6520700636942676,0,11,None,66,1,5,False,1000,1000
17694,174,unweighted,10,0.6423168789808917,0,11,None,66,1,5,False,1000,1000
17695,170,unweighted,10,0.7024283439490446,0,20,None,66,1,5,False,1000,1000
17696,171,unweighted,10,0.7038216560509554,0,20,None,66,1,5,False,1000,1000
17697,172,unweighted,10,0.701234076433121,0,20,None,66,1,5,False,1000,1000
17698,173,unweighted,10,0.6976512738853503,0,20,None,66,1,5,False,1000,1000
17699,174,unweighted,10,0.6940684713375797,0,20,None,66,1,5,False,1000,1000
17700,170,unweighted,10,0.6499800955414012,0,3,None,66,1,5,False,1000,1000
17701,171,unweighted,10,0.6458996815286624,0,3,None,66,1,5,False,1000,1000
17702,172,unweighted,10,0.6443073248407644,0,3,None,66,1,5,False,1000,1000
17703,173,unweighted,10,0.63953025477707,0,3,None,66,1,5,False,1000,1000
17704,174,unweighted,10,0.6359474522292994,0,3,None,66,1,5,False,1000,1000
17705,170,unweighted,10,0.7238256369426752,0,5,None,66,1,5,False,1000,1000
17706,171,unweighted,10,0.7243232484076433,0,5,None,66,1,5,False,1000,1000
17707,172,unweighted,10,0.7247213375796179,0,5,None,66,1,5,False,1000,1000
17708,173,unweighted,10,0.7250199044585988,0,5,None,66,1,5,False,1000,1000
17709,174,unweighted,10,0.726015127388535,0,5,None,66,1,5,False,1000,1000
17710,170,unweighted,10,0.6826234076433121,0,26,None,66,1,5,False,1000,1000
17711,171,unweighted,10,0.682921974522293,0,26,None,66,1,5,False,1000,1000
17712,172,unweighted,10,0.6833200636942676,0,26,None,66,1,5,False,1000,1000
17713,173,unweighted,10,0.6825238853503185,0,26,None,66,1,5,False,1000,1000
17714,174,unweighted,10,0.6815286624203821,0,26,None,66,1,5,False,1000,1000
17715,170,unweighted,10,0.721437101910828,0,32,None,66,1,5,False,1000,1000
17716,171,unweighted,10,0.7209394904458599,0,32,None,66,1,5,False,1000,1000
17717,172,unweighted,10,0.7209394904458599,0,32,None,66,1,5,False,1000,1000
17718,173,unweighted,10,0.71984474522293,0,32,None,66,1,5,False,1000,1000
17719,174,unweighted,10,0.7199442675159236,0,32,None,66,1,5,False,1000,1000
17720,170,unweighted,10,0.6983479299363057,0,7,None,66,1,5,False,1000,1000
17721,171,unweighted,10,0.6978503184713376,0,7,None,66,1,5,False,1000,1000
17722,172,unweighted,10,0.698546974522293,0,7,None,66,1,5,False,1000,1000
17723,173,unweighted,10,0.6984474522292994,0,7,None,66,1,5,False,1000,1000
17724,174,unweighted,10,0.6991441082802548,0,7,None,66,1,5,False,1000,1000
17725,170,unweighted,10,0.7247213375796179,0,16,None,66,1,5,False,1000,1000
17726,171,unweighted,10,0.7267117834394905,0,16,None,66,1,5,False,1000,1000
17727,172,unweighted,10,0.7284036624203821,0,16,None,66,1,5,False,1000,1000
17728,173,unweighted,10,0.7301950636942676,0,16,None,66,1,5,False,1000,1000
17729,174,unweighted,10,0.7313893312101911,0,16,None,66,1,5,False,1000,1000
17730,170,unweighted,10,0.7242237261146497,0,25,None,66,1,5,False,1000,1000
17731,171,unweighted,10,0.7236265923566879,0,25,None,66,1,5,False,1000,1000
17732,172,unweighted,10,0.7236265923566879,0,25,None,66,1,5,False,1000,1000
17733,173,unweighted,10,0.7239251592356688,0,25,None,66,1,5,False,1000,1000
17734,174,unweighted,10,0.7240246815286624,0,25,None,66,1,5,False,1000,1000
17735,170,unweighted,10,0.7262141719745223,0,12,None,66,1,5,False,1000,1000
17736,171,unweighted,10,0.7272093949044586,0,12,None,66,1,5,False,1000,1000
17737,172,unweighted,10,0.7288017515923567,0,12,None,66,1,5,False,1000,1000
17738,173,unweighted,10,0.7294984076433121,0,12,None,66,1,5,False,1000,1000
17739,174,unweighted,10,0.7310907643312102,0,12,None,66,1,5,False,1000,1000
17740,170,unweighted,10,0.71765525477707,0,19,None,66,1,5,False,1000,1000
17741,171,unweighted,10,0.7191480891719745,0,19,None,66,1,5,False,1000,1000
17742,172,unweighted,10,0.7191480891719745,0,19,None,66,1,5,False,1000,1000
17743,173,unweighted,10,0.7190485668789809,0,19,None,66,1,5,False,1000,1000
17744,174,unweighted,10,0.7196457006369427,0,19,None,66,1,5,False,1000,1000
17745,170,unweighted,10,0.6666998407643312,0,8,None,66,1,5,False,1000,1000
17746,171,unweighted,10,0.6671974522292994,0,8,None,66,1,5,False,1000,1000
17747,172,unweighted,10,0.6674960191082803,0,8,None,66,1,5,False,1000,1000
17748,173,unweighted,10,0.6685907643312102,0,8,None,66,1,5,False,1000,1000
17749,174,unweighted,10,0.6696855095541401,0,8,None,66,1,5,False,1000,1000
17750,170,unweighted,10,0.7384554140127388,0,14,None,66,1,5,False,1000,1000
17751,171,unweighted,10,0.7380573248407644,0,14,None,66,1,5,False,1000,1000
17752,172,unweighted,10,0.7393511146496815,0,14,None,66,1,5,False,1000,1000
17753,173,unweighted,10,0.7399482484076433,0,14,None,66,1,5,False,1000,1000
17754,174,unweighted,10,0.740047770700637,0,14,None,66,1,5,False,1000,1000
17755,170,unweighted,10,0.6840167197452229,0,9,None,66,1,5,False,1000,1000
17756,171,unweighted,10,0.68859474522293,0,9,None,66,1,5,False,1000,1000
17757,172,unweighted,10,0.6926751592356688,0,9,None,66,1,5,False,1000,1000
17758,173,unweighted,10,0.6964570063694268,0,9,None,66,1,5,False,1000,1000
17759,174,unweighted,10,0.6996417197452229,0,9,None,66,1,5,False,1000,1000
17760,170,unweighted,10,0.7061106687898089,0,22,None,66,1,5,False,1000,1000
17761,171,unweighted,10,0.7072054140127388,0,22,None,66,1,5,False,1000,1000
17762,172,unweighted,10,0.707703025477707,0,22,None,66,1,5,False,1000,1000
17763,173,unweighted,10,0.7073049363057324,0,22,None,66,1,5,False,1000,1000
17764,174,unweighted,10,0.7080015923566879,0,22,None,66,1,5,False,1000,1000
17765,170,unweighted,10,0.6861066878980892,0,6,None,66,1,5,False,1000,1000
17766,171,unweighted,10,0.6863057324840764,0,6,None,66,1,5,False,1000,1000
17767,172,unweighted,10,0.6875,0,6,None,66,1,5,False,1000,1000
17768,173,unweighted,10,0.6883957006369427,0,6,None,66,1,5,False,1000,1000
17769,174,unweighted,10,0.6873009554140127,0,6,None,66,1,5,False,1000,1000
17770,170,unweighted,10,0.7207404458598726,0,17,None,66,1,5,False,1000,1000
17771,171,unweighted,10,0.7211385350318471,0,17,None,66,1,5,False,1000,1000
17772,172,unweighted,10,0.721437101910828,0,17,None,66,1,5,False,1000,1000
17773,173,unweighted,10,0.7213375796178344,0,17,None,66,1,5,False,1000,1000
17774,174,unweighted,10,0.7216361464968153,0,17,None,66,1,5,False,1000,1000
17775,170,unweighted,10,0.675656847133758,0,21,None,66,1,5,False,1000,1000
17776,171,unweighted,10,0.6732683121019108,0,21,None,66,1,5,False,1000,1000
17777,172,unweighted,10,0.6727707006369427,0,21,None,66,1,5,False,1000,1000
17778,173,unweighted,10,0.6716759554140127,0,21,None,66,1,5,False,1000,1000
17779,174,unweighted,10,0.6713773885350318,0,21,None,66,1,5,False,1000,1000
17780,170,unweighted,10,0.658937101910828,0,18,None,66,1,5,False,1000,1000
17781,171,unweighted,10,0.6584394904458599,0,18,None,66,1,5,False,1000,1000
17782,172,unweighted,10,0.6601313694267515,0,18,None,66,1,5,False,1000,1000
17783,173,unweighted,10,0.6609275477707006,0,18,None,66,1,5,False,1000,1000
17784,174,unweighted,10,0.6617237261146497,0,18,None,66,1,5,False,1000,1000
17785,170,unweighted,10,0.6827229299363057,0,24,None,66,1,5,False,1000,1000
17786,171,unweighted,10,0.682921974522293,0,24,None,66,1,5,False,1000,1000
17787,172,unweighted,10,0.6833200636942676,0,24,None,66,1,5,False,1000,1000
17788,173,unweighted,10,0.6838176751592356,0,24,None,66,1,5,False,1000,1000
17789,174,unweighted,10,0.6843152866242038,0,24,None,66,1,5,False,1000,1000
17790,170,unweighted,10,0.638734076433121,0,27,None,66,1,5,False,1000,1000
17791,171,unweighted,10,0.6397292993630573,0,27,None,66,1,5,False,1000,1000
17792,172,unweighted,10,0.6399283439490446,0,27,None,66,1,5,False,1000,1000
17793,173,unweighted,10,0.6398288216560509,0,27,None,66,1,5,False,1000,1000
17794,174,unweighted,10,0.6402269108280255,0,27,None,66,1,5,False,1000,1000
17795,170,unweighted,10,0.7123805732484076,0,30,None,66,1,5,False,1000,1000
17796,171,unweighted,10,0.7108877388535032,0,30,None,66,1,5,False,1000,1000
17797,172,unweighted,10,0.7117834394904459,0,30,None,66,1,5,False,1000,1000
17798,173,unweighted,10,0.7110867834394905,0,30,None,66,1,5,False,1000,1000
17799,174,unweighted,10,0.710390127388535,0,30,None,66,1,5,False,1000,1000
17800,170,unweighted,10,0.7201433121019108,0,31,None,66,1,5,False,1000,1000
17801,171,unweighted,10,0.7212380573248408,0,31,None,66,1,5,False,1000,1000
17802,172,unweighted,10,0.7218351910828026,0,31,None,66,1,5,False,1000,1000
17803,173,unweighted,10,0.7235270700636943,0,31,None,66,1,5,False,1000,1000
17804,174,unweighted,10,0.7246218152866242,0,31,None,66,1,5,False,1000,1000
17805,170,unweighted,10,0.7230294585987261,0,4,None,66,1,5,False,1000,1000
17806,171,unweighted,10,0.7212380573248408,0,4,None,66,1,5,False,1000,1000
17807,172,unweighted,10,0.7209394904458599,0,4,None,66,1,5,False,1000,1000
17808,173,unweighted,10,0.720640923566879,0,4,None,66,1,5,False,1000,1000
17809,174,unweighted,10,0.7197452229299363,0,4,None,66,1,5,False,1000,1000
17810,170,unweighted,10,0.7075039808917197,0,0,None,66,1,5,False,1000,1000
17811,171,unweighted,10,0.7070063694267515,0,0,None,66,1,5,False,1000,1000
17812,172,unweighted,10,0.7068073248407644,0,0,None,66,1,5,False,1000,1000
17813,173,unweighted,10,0.7073049363057324,0,0,None,66,1,5,False,1000,1000
17814,174,unweighted,10,0.7075039808917197,0,0,None,66,1,5,False,1000,1000
17815,170,unweighted,10,0.6888933121019108,0,23,None,66,1,5,False,1000,1000
17816,171,unweighted,10,0.6898885350318471,0,23,None,66,1,5,False,1000,1000
17817,172,unweighted,10,0.690187101910828,0,23,None,66,1,5,False,1000,1000
17818,173,unweighted,10,0.6907842356687898,0,23,None,66,1,5,False,1000,1000
17819,174,unweighted,10,0.6907842356687898,0,23,None,66,1,5,False,1000,1000
17820,175,unweighted,10,0.7282046178343949,0,16,None,66,1,5,False,1000,1000
17821,176,unweighted,10,0.7289012738853503,0,16,None,66,1,5,False,1000,1000
17822,177,unweighted,10,0.7314888535031847,0,16,None,66,1,5,False,1000,1000
17823,178,unweighted,10,0.7328821656050956,0,16,None,66,1,5,False,1000,1000
17824,179,unweighted,10,0.734375,0,16,None,66,1,5,False,1000,1000
17825,175,unweighted,10,0.6987460191082803,0,1,None,66,1,5,False,1000,1000
17826,176,unweighted,10,0.7000398089171974,0,1,None,66,1,5,False,1000,1000
17827,177,unweighted,10,0.7008359872611465,0,1,None,66,1,5,False,1000,1000
17828,178,unweighted,10,0.7023288216560509,0,1,None,66,1,5,False,1000,1000
17829,179,unweighted,10,0.7033240445859873,0,1,None,66,1,5,False,1000,1000
17830,175,unweighted,10,0.7209394904458599,0,2,None,66,1,5,False,1000,1000
17831,176,unweighted,10,0.7121815286624203,0,2,None,66,1,5,False,1000,1000
17832,177,unweighted,10,0.7010350318471338,0,2,None,66,1,5,False,1000,1000
17833,178,unweighted,10,0.697452229299363,0,2,None,66,1,5,False,1000,1000
17834,179,unweighted,10,0.6895899681528662,0,2,None,66,1,5,False,1000,1000
17835,175,unweighted,10,0.6798367834394905,0,15,None,66,1,5,False,1000,1000
17836,176,unweighted,10,0.680234872611465,0,15,None,66,1,5,False,1000,1000
17837,177,unweighted,10,0.6808320063694268,0,15,None,66,1,5,False,1000,1000
17838,178,unweighted,10,0.6813296178343949,0,15,None,66,1,5,False,1000,1000
17839,179,unweighted,10,0.681827229299363,0,15,None,66,1,5,False,1000,1000
17840,175,unweighted,10,0.6933718152866242,0,11,None,66,1,5,False,1000,1000
17841,176,unweighted,10,0.6762539808917197,0,11,None,66,1,5,False,1000,1000
17842,177,unweighted,10,0.6633160828025477,0,11,None,66,1,5,False,1000,1000
17843,178,unweighted,10,0.6554538216560509,0,11,None,66,1,5,False,1000,1000
17844,179,unweighted,10,0.6450039808917197,0,11,None,66,1,5,False,1000,1000
17845,175,unweighted,10,0.7240246815286624,0,17,None,66,1,5,False,1000,1000
17846,176,unweighted,10,0.725218949044586,0,17,None,66,1,5,False,1000,1000
17847,177,unweighted,10,0.7250199044585988,0,17,None,66,1,5,False,1000,1000
17848,178,unweighted,10,0.7254179936305732,0,17,None,66,1,5,False,1000,1000
17849,179,unweighted,10,0.7256170382165605,0,17,None,66,1,5,False,1000,1000
17850,175,unweighted,10,0.6621218152866242,0,18,None,66,1,5,False,1000,1000
17851,176,unweighted,10,0.6618232484076433,0,18,None,66,1,5,False,1000,1000
17852,177,unweighted,10,0.6626194267515924,0,18,None,66,1,5,False,1000,1000
17853,178,unweighted,10,0.6636146496815286,0,18,None,66,1,5,False,1000,1000
17854,179,unweighted,10,0.664609872611465,0,18,None,66,1,5,False,1000,1000
17855,175,unweighted,10,0.7307921974522293,0,13,None,66,1,5,False,1000,1000
17856,176,unweighted,10,0.7303941082802548,0,13,None,66,1,5,False,1000,1000
17857,177,unweighted,10,0.7304936305732485,0,13,None,66,1,5,False,1000,1000
17858,178,unweighted,10,0.7296974522292994,0,13,None,66,1,5,False,1000,1000
17859,179,unweighted,10,0.7300955414012739,0,13,None,66,1,5,False,1000,1000
17860,175,unweighted,10,0.7191480891719745,0,19,None,66,1,5,False,1000,1000
17861,176,unweighted,10,0.7201433121019108,0,19,None,66,1,5,False,1000,1000
17862,177,unweighted,10,0.7203423566878981,0,19,None,66,1,5,False,1000,1000
17863,178,unweighted,10,0.7222332802547771,0,19,None,66,1,5,False,1000,1000
17864,179,unweighted,10,0.7231289808917197,0,19,None,66,1,5,False,1000,1000
17865,175,unweighted,10,0.6770501592356688,0,21,None,66,1,5,False,1000,1000
17866,176,unweighted,10,0.6758558917197452,0,21,None,66,1,5,False,1000,1000
17867,177,unweighted,10,0.6749601910828026,0,21,None,66,1,5,False,1000,1000
17868,178,unweighted,10,0.6746616242038217,0,21,None,66,1,5,False,1000,1000
17869,179,unweighted,10,0.6736664012738853,0,21,None,66,1,5,False,1000,1000
17870,175,unweighted,10,0.7280055732484076,0,25,None,66,1,5,False,1000,1000
17871,176,unweighted,10,0.7278065286624203,0,25,None,66,1,5,False,1000,1000
17872,177,unweighted,10,0.727109872611465,0,25,None,66,1,5,False,1000,1000
17873,178,unweighted,10,0.7272093949044586,0,25,None,66,1,5,False,1000,1000
17874,179,unweighted,10,0.7273089171974523,0,25,None,66,1,5,False,1000,1000
17875,175,unweighted,10,0.6855095541401274,0,24,None,66,1,5,False,1000,1000
17876,176,unweighted,10,0.6865047770700637,0,24,None,66,1,5,False,1000,1000
17877,177,unweighted,10,0.6869028662420382,0,24,None,66,1,5,False,1000,1000
17878,178,unweighted,10,0.68859474522293,0,24,None,66,1,5,False,1000,1000
17879,179,unweighted,10,0.6879976114649682,0,24,None,66,1,5,False,1000,1000
17880,175,unweighted,10,0.6402269108280255,0,27,None,66,1,5,False,1000,1000
17881,176,unweighted,10,0.6409235668789809,0,27,None,66,1,5,False,1000,1000
17882,177,unweighted,10,0.6400278662420382,0,27,None,66,1,5,False,1000,1000
17883,178,unweighted,10,0.6411226114649682,0,27,None,66,1,5,False,1000,1000
17884,179,unweighted,10,0.6416202229299363,0,27,None,66,1,5,False,1000,1000
17885,175,unweighted,10,0.7226313694267515,0,31,None,66,1,5,False,1000,1000
17886,176,unweighted,10,0.7241242038216561,0,31,None,66,1,5,False,1000,1000
17887,177,unweighted,10,0.7257165605095541,0,31,None,66,1,5,False,1000,1000
17888,178,unweighted,10,0.7268113057324841,0,31,None,66,1,5,False,1000,1000
17889,179,unweighted,10,0.7277070063694268,0,31,None,66,1,5,False,1000,1000
17890,175,unweighted,10,0.6663017515923567,0,29,None,66,1,5,False,1000,1000
17891,176,unweighted,10,0.668093152866242,0,29,None,66,1,5,False,1000,1000
17892,177,unweighted,10,0.6690883757961783,0,29,None,66,1,5,False,1000,1000
17893,178,unweighted,10,0.6711783439490446,0,29,None,66,1,5,False,1000,1000
17894,179,unweighted,10,0.6725716560509554,0,29,None,66,1,5,False,1000,1000
17895,175,unweighted,10,0.6888933121019108,0,9,None,66,1,5,False,1000,1000
17896,176,unweighted,10,0.6922770700636943,0,9,None,66,1,5,False,1000,1000
17897,177,unweighted,10,0.695859872611465,0,9,None,66,1,5,False,1000,1000
17898,178,unweighted,10,0.7000398089171974,0,9,None,66,1,5,False,1000,1000
17899,179,unweighted,10,0.7029259554140127,0,9,None,66,1,5,False,1000,1000
17900,175,unweighted,10,0.7255175159235668,0,5,None,66,1,5,False,1000,1000
17901,176,unweighted,10,0.7265127388535032,0,5,None,66,1,5,False,1000,1000
17902,177,unweighted,10,0.7276074840764332,0,5,None,66,1,5,False,1000,1000
17903,178,unweighted,10,0.7274084394904459,0,5,None,66,1,5,False,1000,1000
17904,179,unweighted,10,0.7277070063694268,0,5,None,66,1,5,False,1000,1000
17905,175,unweighted,10,0.7019307324840764,0,7,None,66,1,5,False,1000,1000
17906,176,unweighted,10,0.7027269108280255,0,7,None,66,1,5,False,1000,1000
17907,177,unweighted,10,0.7022292993630573,0,7,None,66,1,5,False,1000,1000
17908,178,unweighted,10,0.7016321656050956,0,7,None,66,1,5,False,1000,1000
17909,179,unweighted,10,0.7016321656050956,0,7,None,66,1,5,False,1000,1000
17910,175,unweighted,10,0.7414410828025477,0,14,None,66,1,5,False,1000,1000
17911,176,unweighted,10,0.7414410828025477,0,14,None,66,1,5,False,1000,1000
17912,177,unweighted,10,0.7420382165605095,0,14,None,66,1,5,False,1000,1000
17913,178,unweighted,10,0.7428343949044586,0,14,None,66,1,5,False,1000,1000
17914,179,unweighted,10,0.7429339171974523,0,14,None,66,1,5,False,1000,1000
17915,175,unweighted,10,0.7307921974522293,0,12,None,66,1,5,False,1000,1000
17916,176,unweighted,10,0.7321855095541401,0,12,None,66,1,5,False,1000,1000
17917,177,unweighted,10,0.7336783439490446,0,12,None,66,1,5,False,1000,1000
17918,178,unweighted,10,0.7337778662420382,0,12,None,66,1,5,False,1000,1000
17919,179,unweighted,10,0.7349721337579618,0,12,None,66,1,5,False,1000,1000
17920,175,unweighted,10,0.6873009554140127,0,26,None,66,1,5,False,1000,1000
17921,176,unweighted,10,0.68859474522293,0,26,None,66,1,5,False,1000,1000
17922,177,unweighted,10,0.6879976114649682,0,26,None,66,1,5,False,1000,1000
17923,178,unweighted,10,0.6868033439490446,0,26,None,66,1,5,False,1000,1000
17924,179,unweighted,10,0.6861066878980892,0,26,None,66,1,5,False,1000,1000
17925,175,unweighted,10,0.7142714968152867,0,30,None,66,1,5,False,1000,1000
17926,176,unweighted,10,0.7143710191082803,0,30,None,66,1,5,False,1000,1000
17927,177,unweighted,10,0.7146695859872612,0,30,None,66,1,5,False,1000,1000
17928,178,unweighted,10,0.7151671974522293,0,30,None,66,1,5,False,1000,1000
17929,179,unweighted,10,0.7150676751592356,0,30,None,66,1,5,False,1000,1000
17930,175,unweighted,10,0.6896894904458599,0,6,None,66,1,5,False,1000,1000
17931,176,unweighted,10,0.689390923566879,0,6,None,66,1,5,False,1000,1000
17932,177,unweighted,10,0.690187101910828,0,6,None,66,1,5,False,1000,1000
17933,178,unweighted,10,0.6905851910828026,0,6,None,66,1,5,False,1000,1000
17934,179,unweighted,10,0.6909832802547771,0,6,None,66,1,5,False,1000,1000
17935,175,unweighted,10,0.7235270700636943,0,4,None,66,1,5,False,1000,1000
17936,176,unweighted,10,0.722531847133758,0,4,None,66,1,5,False,1000,1000
17937,177,unweighted,10,0.7218351910828026,0,4,None,66,1,5,False,1000,1000
17938,178,unweighted,10,0.7208399681528662,0,4,None,66,1,5,False,1000,1000
17939,179,unweighted,10,0.7203423566878981,0,4,None,66,1,5,False,1000,1000
17940,175,unweighted,10,0.6796377388535032,0,10,None,66,1,5,False,1000,1000
17941,176,unweighted,10,0.6847133757961783,0,10,None,66,1,5,False,1000,1000
17942,177,unweighted,10,0.6873009554140127,0,10,None,66,1,5,False,1000,1000
17943,178,unweighted,10,0.6898885350318471,0,10,None,66,1,5,False,1000,1000
17944,179,unweighted,10,0.692078025477707,0,10,None,66,1,5,False,1000,1000
17945,175,unweighted,10,0.6670979299363057,0,8,None,66,1,5,False,1000,1000
17946,176,unweighted,10,0.668093152866242,0,8,None,66,1,5,False,1000,1000
17947,177,unweighted,10,0.6688893312101911,0,8,None,66,1,5,False,1000,1000
17948,178,unweighted,10,0.6703821656050956,0,8,None,66,1,5,False,1000,1000
17949,179,unweighted,10,0.6702826433121019,0,8,None,66,1,5,False,1000,1000
17950,175,unweighted,10,0.7079020700636943,0,20,None,66,1,5,False,1000,1000
17951,176,unweighted,10,0.7078025477707006,0,20,None,66,1,5,False,1000,1000
17952,177,unweighted,10,0.705015923566879,0,20,None,66,1,5,False,1000,1000
17953,178,unweighted,10,0.7010350318471338,0,20,None,66,1,5,False,1000,1000
17954,179,unweighted,10,0.6979498407643312,0,20,None,66,1,5,False,1000,1000
17955,175,unweighted,10,0.7093949044585988,0,22,None,66,1,5,False,1000,1000
17956,176,unweighted,10,0.7093949044585988,0,22,None,66,1,5,False,1000,1000
17957,177,unweighted,10,0.7102906050955414,0,22,None,66,1,5,False,1000,1000
17958,178,unweighted,10,0.7109872611464968,0,22,None,66,1,5,False,1000,1000
17959,179,unweighted,10,0.7108877388535032,0,22,None,66,1,5,False,1000,1000
17960,175,unweighted,10,0.692078025477707,0,23,None,66,1,5,False,1000,1000
17961,176,unweighted,10,0.6925756369426752,0,23,None,66,1,5,False,1000,1000
17962,177,unweighted,10,0.6924761146496815,0,23,None,66,1,5,False,1000,1000
17963,178,unweighted,10,0.6924761146496815,0,23,None,66,1,5,False,1000,1000
17964,179,unweighted,10,0.6926751592356688,0,23,None,66,1,5,False,1000,1000
17965,175,unweighted,10,0.7236265923566879,0,32,None,66,1,5,False,1000,1000
17966,176,unweighted,10,0.7239251592356688,0,32,None,66,1,5,False,1000,1000
17967,177,unweighted,10,0.7231289808917197,0,32,None,66,1,5,False,1000,1000
17968,178,unweighted,10,0.722531847133758,0,32,None,66,1,5,False,1000,1000
17969,179,unweighted,10,0.722531847133758,0,32,None,66,1,5,False,1000,1000
17970,175,unweighted,10,0.7089968152866242,0,0,None,66,1,5,False,1000,1000
17971,176,unweighted,10,0.7089968152866242,0,0,None,66,1,5,False,1000,1000
17972,177,unweighted,10,0.7091958598726115,0,0,None,66,1,5,False,1000,1000
17973,178,unweighted,10,0.7094944267515924,0,0,None,66,1,5,False,1000,1000
17974,179,unweighted,10,0.7094944267515924,0,0,None,66,1,5,False,1000,1000
17975,175,unweighted,10,0.6531648089171974,0,3,None,66,1,5,False,1000,1000
17976,176,unweighted,10,0.6496815286624203,0,3,None,66,1,5,False,1000,1000
17977,177,unweighted,10,0.6464968152866242,0,3,None,66,1,5,False,1000,1000
17978,178,unweighted,10,0.6432125796178344,0,3,None,66,1,5,False,1000,1000
17979,179,unweighted,10,0.6399283439490446,0,3,None,66,1,5,False,1000,1000
17980,175,unweighted,10,0.6438097133757962,0,28,None,66,1,5,False,1000,1000
17981,176,unweighted,10,0.6455015923566879,0,28,None,66,1,5,False,1000,1000
17982,177,unweighted,10,0.6485867834394905,0,28,None,66,1,5,False,1000,1000
17983,178,unweighted,10,0.6512738853503185,0,28,None,66,1,5,False,1000,1000
17984,179,unweighted,10,0.654359076433121,0,28,None,66,1,5,False,1000,1000
18975,180,unweighted,10,0.7024283439490446,0,1,None,66,1,5,False,1000,1000
18976,181,unweighted,10,0.7040207006369427,0,1,None,66,1,5,False,1000,1000
18977,182,unweighted,10,0.7046178343949044,0,1,None,66,1,5,False,1000,1000
18978,183,unweighted,10,0.7052149681528662,0,1,None,66,1,5,False,1000,1000
18979,184,unweighted,10,0.7066082802547771,0,1,None,66,1,5,False,1000,1000
18980,180,unweighted,10,0.723328025477707,0,2,None,66,1,5,False,1000,1000
18981,181,unweighted,10,0.7158638535031847,0,2,None,66,1,5,False,1000,1000
18982,182,unweighted,10,0.7025278662420382,0,2,None,66,1,5,False,1000,1000
18983,183,unweighted,10,0.6998407643312102,0,2,None,66,1,5,False,1000,1000
18984,184,unweighted,10,0.692078025477707,0,2,None,66,1,5,False,1000,1000
18985,180,unweighted,10,0.7281050955414012,0,5,None,66,1,5,False,1000,1000
18986,181,unweighted,10,0.7284036624203821,0,5,None,66,1,5,False,1000,1000
18987,182,unweighted,10,0.7290007961783439,0,5,None,66,1,5,False,1000,1000
18988,183,unweighted,10,0.7289012738853503,0,5,None,66,1,5,False,1000,1000
18989,184,unweighted,10,0.7290007961783439,0,5,None,66,1,5,False,1000,1000
18990,180,unweighted,10,0.7349721337579618,0,13,None,66,1,5,False,1000,1000
18991,181,unweighted,10,0.7347730891719745,0,13,None,66,1,5,False,1000,1000
18992,182,unweighted,10,0.7344745222929936,0,13,None,66,1,5,False,1000,1000
18993,183,unweighted,10,0.7345740445859873,0,13,None,66,1,5,False,1000,1000
18994,184,unweighted,10,0.7344745222929936,0,13,None,66,1,5,False,1000,1000
18995,180,unweighted,10,0.6820262738853503,0,15,None,66,1,5,False,1000,1000
18996,181,unweighted,10,0.6825238853503185,0,15,None,66,1,5,False,1000,1000
18997,182,unweighted,10,0.6831210191082803,0,15,None,66,1,5,False,1000,1000
18998,183,unweighted,10,0.6840167197452229,0,15,None,66,1,5,False,1000,1000
18999,184,unweighted,10,0.6840167197452229,0,15,None,66,1,5,False,1000,1000
19000,180,unweighted,10,0.6830214968152867,0,10,None,66,1,5,False,1000,1000
19001,181,unweighted,10,0.6884952229299363,0,10,None,66,1,5,False,1000,1000
19002,182,unweighted,10,0.690187101910828,0,10,None,66,1,5,False,1000,1000
19003,183,unweighted,10,0.6934713375796179,0,10,None,66,1,5,False,1000,1000
19004,184,unweighted,10,0.6956608280254777,0,10,None,66,1,5,False,1000,1000
19005,180,unweighted,10,0.6997412420382165,0,11,None,66,1,5,False,1000,1000
19006,181,unweighted,10,0.6853105095541401,0,11,None,66,1,5,False,1000,1000
19007,182,unweighted,10,0.6719745222929936,0,11,None,66,1,5,False,1000,1000
19008,183,unweighted,10,0.6640127388535032,0,11,None,66,1,5,False,1000,1000
19009,184,unweighted,10,0.6566480891719745,0,11,None,66,1,5,False,1000,1000
19010,180,unweighted,10,0.7104896496815286,0,20,None,66,1,5,False,1000,1000
19011,181,unweighted,10,0.708797770700637,0,20,None,66,1,5,False,1000,1000
19012,182,unweighted,10,0.7041202229299363,0,20,None,66,1,5,False,1000,1000
19013,183,unweighted,10,0.7016321656050956,0,20,None,66,1,5,False,1000,1000
19014,184,unweighted,10,0.6998407643312102,0,20,None,66,1,5,False,1000,1000
19015,180,unweighted,10,0.7415406050955414,0,14,None,66,1,5,False,1000,1000
19016,181,unweighted,10,0.741640127388535,0,14,None,66,1,5,False,1000,1000
19017,182,unweighted,10,0.7422372611464968,0,14,None,66,1,5,False,1000,1000
19018,183,unweighted,10,0.7417396496815286,0,14,None,66,1,5,False,1000,1000
19019,184,unweighted,10,0.7418391719745223,0,14,None,66,1,5,False,1000,1000
19020,180,unweighted,10,0.7135748407643312,0,22,None,66,1,5,False,1000,1000
19021,181,unweighted,10,0.7135748407643312,0,22,None,66,1,5,False,1000,1000
19022,182,unweighted,10,0.7144705414012739,0,22,None,66,1,5,False,1000,1000
19023,183,unweighted,10,0.7144705414012739,0,22,None,66,1,5,False,1000,1000
19024,184,unweighted,10,0.7144705414012739,0,22,None,66,1,5,False,1000,1000
19025,180,unweighted,10,0.731687898089172,0,25,None,66,1,5,False,1000,1000
19026,181,unweighted,10,0.7309912420382165,0,25,None,66,1,5,False,1000,1000
19027,182,unweighted,10,0.7307921974522293,0,25,None,66,1,5,False,1000,1000
19028,183,unweighted,10,0.7307921974522293,0,25,None,66,1,5,False,1000,1000
19029,184,unweighted,10,0.7309912420382165,0,25,None,66,1,5,False,1000,1000
19030,180,unweighted,10,0.6934713375796179,0,26,None,66,1,5,False,1000,1000
19031,181,unweighted,10,0.693968949044586,0,26,None,66,1,5,False,1000,1000
19032,182,unweighted,10,0.6934713375796179,0,26,None,66,1,5,False,1000,1000
19033,183,unweighted,10,0.6916799363057324,0,26,None,66,1,5,False,1000,1000
19034,184,unweighted,10,0.6910828025477707,0,26,None,66,1,5,False,1000,1000
19035,180,unweighted,10,0.7350716560509554,0,12,None,66,1,5,False,1000,1000
19036,181,unweighted,10,0.7355692675159236,0,12,None,66,1,5,False,1000,1000
19037,182,unweighted,10,0.7363654458598726,0,12,None,66,1,5,False,1000,1000
19038,183,unweighted,10,0.7367635350318471,0,12,None,66,1,5,False,1000,1000
19039,184,unweighted,10,0.7372611464968153,0,12,None,66,1,5,False,1000,1000
19040,180,unweighted,10,0.6471934713375797,0,28,None,66,1,5,False,1000,1000
19041,181,unweighted,10,0.6500796178343949,0,28,None,66,1,5,False,1000,1000
19042,182,unweighted,10,0.6531648089171974,0,28,None,66,1,5,False,1000,1000
19043,183,unweighted,10,0.65625,0,28,None,66,1,5,False,1000,1000
19044,184,unweighted,10,0.6590366242038217,0,28,None,66,1,5,False,1000,1000
19045,180,unweighted,10,0.6701831210191083,0,29,None,66,1,5,False,1000,1000
19046,181,unweighted,10,0.6726711783439491,0,29,None,66,1,5,False,1000,1000
19047,182,unweighted,10,0.6741640127388535,0,29,None,66,1,5,False,1000,1000
19048,183,unweighted,10,0.6760549363057324,0,29,None,66,1,5,False,1000,1000
19049,184,unweighted,10,0.6772492038216561,0,29,None,66,1,5,False,1000,1000
19050,180,unweighted,10,0.6918789808917197,0,9,None,66,1,5,False,1000,1000
19051,181,unweighted,10,0.6953622611464968,0,9,None,66,1,5,False,1000,1000
19052,182,unweighted,10,0.6992436305732485,0,9,None,66,1,5,False,1000,1000
19053,183,unweighted,10,0.7038216560509554,0,9,None,66,1,5,False,1000,1000
19054,184,unweighted,10,0.7049164012738853,0,9,None,66,1,5,False,1000,1000
19055,180,unweighted,10,0.7181528662420382,0,30,None,66,1,5,False,1000,1000
19056,181,unweighted,10,0.71765525477707,0,30,None,66,1,5,False,1000,1000
19057,182,unweighted,10,0.7177547770700637,0,30,None,66,1,5,False,1000,1000
19058,183,unweighted,10,0.7169585987261147,0,30,None,66,1,5,False,1000,1000
19059,184,unweighted,10,0.7173566878980892,0,30,None,66,1,5,False,1000,1000
19060,180,unweighted,10,0.7262141719745223,0,31,None,66,1,5,False,1000,1000
19061,181,unweighted,10,0.7277070063694268,0,31,None,66,1,5,False,1000,1000
19062,182,unweighted,10,0.7283041401273885,0,31,None,66,1,5,False,1000,1000
19063,183,unweighted,10,0.728702229299363,0,31,None,66,1,5,False,1000,1000
19064,184,unweighted,10,0.7291003184713376,0,31,None,66,1,5,False,1000,1000
19065,180,unweighted,10,0.6678941082802548,0,8,None,66,1,5,False,1000,1000
19066,181,unweighted,10,0.6696855095541401,0,8,None,66,1,5,False,1000,1000
19067,182,unweighted,10,0.6705812101910829,0,8,None,66,1,5,False,1000,1000
19068,183,unweighted,10,0.6714769108280255,0,8,None,66,1,5,False,1000,1000
19069,184,unweighted,10,0.6715764331210191,0,8,None,66,1,5,False,1000,1000
19070,180,unweighted,10,0.6668988853503185,0,18,None,66,1,5,False,1000,1000
19071,181,unweighted,10,0.665406050955414,0,18,None,66,1,5,False,1000,1000
19072,182,unweighted,10,0.6666998407643312,0,18,None,66,1,5,False,1000,1000
19073,183,unweighted,10,0.6670979299363057,0,18,None,66,1,5,False,1000,1000
19074,184,unweighted,10,0.6682921974522293,0,18,None,66,1,5,False,1000,1000
19075,180,unweighted,10,0.7238256369426752,0,19,None,66,1,5,False,1000,1000
19076,181,unweighted,10,0.725218949044586,0,19,None,66,1,5,False,1000,1000
19077,182,unweighted,10,0.7266122611464968,0,19,None,66,1,5,False,1000,1000
19078,183,unweighted,10,0.7265127388535032,0,19,None,66,1,5,False,1000,1000
19079,184,unweighted,10,0.7275079617834395,0,19,None,66,1,5,False,1000,1000
19080,180,unweighted,10,0.6914808917197452,0,6,None,66,1,5,False,1000,1000
19081,181,unweighted,10,0.6915804140127388,0,6,None,66,1,5,False,1000,1000
19082,182,unweighted,10,0.692078025477707,0,6,None,66,1,5,False,1000,1000
19083,183,unweighted,10,0.6928742038216561,0,6,None,66,1,5,False,1000,1000
19084,184,unweighted,10,0.6932722929936306,0,6,None,66,1,5,False,1000,1000
19085,180,unweighted,10,0.6566480891719745,0,3,None,66,1,5,False,1000,1000
19086,181,unweighted,10,0.6482882165605095,0,3,None,66,1,5,False,1000,1000
19087,182,unweighted,10,0.6450039808917197,0,3,None,66,1,5,False,1000,1000
19088,183,unweighted,10,0.6428144904458599,0,3,None,66,1,5,False,1000,1000
19089,184,unweighted,10,0.6411226114649682,0,3,None,66,1,5,False,1000,1000
19090,180,unweighted,10,0.7023288216560509,0,7,None,66,1,5,False,1000,1000
19091,181,unweighted,10,0.7026273885350318,0,7,None,66,1,5,False,1000,1000
19092,182,unweighted,10,0.7025278662420382,0,7,None,66,1,5,False,1000,1000
19093,183,unweighted,10,0.7022292993630573,0,7,None,66,1,5,False,1000,1000
19094,184,unweighted,10,0.7021297770700637,0,7,None,66,1,5,False,1000,1000
19095,180,unweighted,10,0.7312898089171974,0,16,None,66,1,5,False,1000,1000
19096,181,unweighted,10,0.7334792993630573,0,16,None,66,1,5,False,1000,1000
19097,182,unweighted,10,0.7350716560509554,0,16,None,66,1,5,False,1000,1000
19098,183,unweighted,10,0.7367635350318471,0,16,None,66,1,5,False,1000,1000
19099,184,unweighted,10,0.7385549363057324,0,16,None,66,1,5,False,1000,1000
19100,180,unweighted,10,0.726015127388535,0,32,None,66,1,5,False,1000,1000
19101,181,unweighted,10,0.7256170382165605,0,32,None,66,1,5,False,1000,1000
19102,182,unweighted,10,0.7248208598726115,0,32,None,66,1,5,False,1000,1000
19103,183,unweighted,10,0.7241242038216561,0,32,None,66,1,5,False,1000,1000
19104,184,unweighted,10,0.7237261146496815,0,32,None,66,1,5,False,1000,1000
19105,180,unweighted,10,0.7254179936305732,0,4,None,66,1,5,False,1000,1000
19106,181,unweighted,10,0.7241242038216561,0,4,None,66,1,5,False,1000,1000
19107,182,unweighted,10,0.7239251592356688,0,4,None,66,1,5,False,1000,1000
19108,183,unweighted,10,0.7230294585987261,0,4,None,66,1,5,False,1000,1000
19109,184,unweighted,10,0.7235270700636943,0,4,None,66,1,5,False,1000,1000
19110,180,unweighted,10,0.7113853503184714,0,0,None,66,1,5,False,1000,1000
19111,181,unweighted,10,0.7111863057324841,0,0,None,66,1,5,False,1000,1000
19112,182,unweighted,10,0.7111863057324841,0,0,None,66,1,5,False,1000,1000
19113,183,unweighted,10,0.7116839171974523,0,0,None,66,1,5,False,1000,1000
19114,184,unweighted,10,0.7117834394904459,0,0,None,66,1,5,False,1000,1000
19115,180,unweighted,10,0.6948646496815286,0,23,None,66,1,5,False,1000,1000
19116,181,unweighted,10,0.6940684713375797,0,23,None,66,1,5,False,1000,1000
19117,182,unweighted,10,0.6948646496815286,0,23,None,66,1,5,False,1000,1000
19118,183,unweighted,10,0.6951632165605095,0,23,None,66,1,5,False,1000,1000
19119,184,unweighted,10,0.6956608280254777,0,23,None,66,1,5,False,1000,1000
19120,180,unweighted,10,0.7280055732484076,0,17,None,66,1,5,False,1000,1000
19121,181,unweighted,10,0.727906050955414,0,17,None,66,1,5,False,1000,1000
19122,182,unweighted,10,0.7283041401273885,0,17,None,66,1,5,False,1000,1000
19123,183,unweighted,10,0.7286027070063694,0,17,None,66,1,5,False,1000,1000
19124,184,unweighted,10,0.7286027070063694,0,17,None,66,1,5,False,1000,1000
19125,180,unweighted,10,0.6804339171974523,0,21,None,66,1,5,False,1000,1000
19126,181,unweighted,10,0.6787420382165605,0,21,None,66,1,5,False,1000,1000
19127,182,unweighted,10,0.6787420382165605,0,21,None,66,1,5,False,1000,1000
19128,183,unweighted,10,0.6788415605095541,0,21,None,66,1,5,False,1000,1000
19129,184,unweighted,10,0.6784434713375797,0,21,None,66,1,5,False,1000,1000
19130,180,unweighted,10,0.6891918789808917,0,24,None,66,1,5,False,1000,1000
19131,181,unweighted,10,0.6897890127388535,0,24,None,66,1,5,False,1000,1000
19132,182,unweighted,10,0.6907842356687898,0,24,None,66,1,5,False,1000,1000
19133,183,unweighted,10,0.691281847133758,0,24,None,66,1,5,False,1000,1000
19134,184,unweighted,10,0.6905851910828026,0,24,None,66,1,5,False,1000,1000
19135,180,unweighted,10,0.6419187898089171,0,27,None,66,1,5,False,1000,1000
19136,181,unweighted,10,0.6422173566878981,0,27,None,66,1,5,False,1000,1000
19137,182,unweighted,10,0.64171974522293,0,27,None,66,1,5,False,1000,1000
19138,183,unweighted,10,0.6420183121019108,0,27,None,66,1,5,False,1000,1000
19139,184,unweighted,10,0.6423168789808917,0,27,None,66,1,5,False,1000,1000
19140,185,unweighted,10,0.7333797770700637,0,16,None,66,1,5,False,1000,1000
19141,186,unweighted,10,0.734375,0,16,None,66,1,5,False,1000,1000
19142,187,unweighted,10,0.7357683121019108,0,16,None,66,1,5,False,1000,1000
19143,188,unweighted,10,0.7383558917197452,0,16,None,66,1,5,False,1000,1000
19144,189,unweighted,10,0.7396496815286624,0,16,None,66,1,5,False,1000,1000
19145,185,unweighted,10,0.7142714968152867,0,22,None,66,1,5,False,1000,1000
19146,186,unweighted,10,0.7150676751592356,0,22,None,66,1,5,False,1000,1000
19147,187,unweighted,10,0.7135748407643312,0,22,None,66,1,5,False,1000,1000
19148,188,unweighted,10,0.7144705414012739,0,22,None,66,1,5,False,1000,1000
19149,189,unweighted,10,0.7155652866242038,0,22,None,66,1,5,False,1000,1000
19150,185,unweighted,10,0.7295979299363057,0,32,None,66,1,5,False,1000,1000
19151,186,unweighted,10,0.7284036624203821,0,32,None,66,1,5,False,1000,1000
19152,187,unweighted,10,0.7282046178343949,0,32,None,66,1,5,False,1000,1000
19153,188,unweighted,10,0.7272093949044586,0,32,None,66,1,5,False,1000,1000
19154,189,unweighted,10,0.7268113057324841,0,32,None,66,1,5,False,1000,1000
19155,185,unweighted,10,0.7059116242038217,0,7,None,66,1,5,False,1000,1000
19156,186,unweighted,10,0.7057125796178344,0,7,None,66,1,5,False,1000,1000
19157,187,unweighted,10,0.7059116242038217,0,7,None,66,1,5,False,1000,1000
19158,188,unweighted,10,0.7063097133757962,0,7,None,66,1,5,False,1000,1000
19159,189,unweighted,10,0.7059116242038217,0,7,None,66,1,5,False,1000,1000
19160,185,unweighted,10,0.7153662420382165,0,20,None,66,1,5,False,1000,1000
19161,186,unweighted,10,0.7131767515923567,0,20,None,66,1,5,False,1000,1000
19162,187,unweighted,10,0.7082006369426752,0,20,None,66,1,5,False,1000,1000
19163,188,unweighted,10,0.7047173566878981,0,20,None,66,1,5,False,1000,1000
19164,189,unweighted,10,0.7032245222929936,0,20,None,66,1,5,False,1000,1000
19165,185,unweighted,10,0.7021297770700637,0,11,None,66,1,5,False,1000,1000
19166,186,unweighted,10,0.6874004777070064,0,11,None,66,1,5,False,1000,1000
19167,187,unweighted,10,0.6744625796178344,0,11,None,66,1,5,False,1000,1000
19168,188,unweighted,10,0.6648089171974523,0,11,None,66,1,5,False,1000,1000
19169,189,unweighted,10,0.6586385350318471,0,11,None,66,1,5,False,1000,1000
19170,185,unweighted,10,0.7304936305732485,0,17,None,66,1,5,False,1000,1000
19171,186,unweighted,10,0.7319864649681529,0,17,None,66,1,5,False,1000,1000
19172,187,unweighted,10,0.731687898089172,0,17,None,66,1,5,False,1000,1000
19173,188,unweighted,10,0.7318869426751592,0,17,None,66,1,5,False,1000,1000
19174,189,unweighted,10,0.732484076433121,0,17,None,66,1,5,False,1000,1000
19175,185,unweighted,10,0.7083996815286624,0,1,None,66,1,5,False,1000,1000
19176,186,unweighted,10,0.7089968152866242,0,1,None,66,1,5,False,1000,1000
19177,187,unweighted,10,0.7097929936305732,0,1,None,66,1,5,False,1000,1000
19178,188,unweighted,10,0.7102906050955414,0,1,None,66,1,5,False,1000,1000
19179,189,unweighted,10,0.7115843949044586,0,1,None,66,1,5,False,1000,1000
19180,185,unweighted,10,0.7259156050955414,0,2,None,66,1,5,False,1000,1000
19181,186,unweighted,10,0.7189490445859873,0,2,None,66,1,5,False,1000,1000
19182,187,unweighted,10,0.7054140127388535,0,2,None,66,1,5,False,1000,1000
19183,188,unweighted,10,0.7028264331210191,0,2,None,66,1,5,False,1000,1000
19184,189,unweighted,10,0.6957603503184714,0,2,None,66,1,5,False,1000,1000
19185,185,unweighted,10,0.7302945859872612,0,5,None,66,1,5,False,1000,1000
19186,186,unweighted,10,0.7307921974522293,0,5,None,66,1,5,False,1000,1000
19187,187,unweighted,10,0.7302945859872612,0,5,None,66,1,5,False,1000,1000
19188,188,unweighted,10,0.7301950636942676,0,5,None,66,1,5,False,1000,1000
19189,189,unweighted,10,0.7301950636942676,0,5,None,66,1,5,False,1000,1000
19190,185,unweighted,10,0.7265127388535032,0,4,None,66,1,5,False,1000,1000
19191,186,unweighted,10,0.725218949044586,0,4,None,66,1,5,False,1000,1000
19192,187,unweighted,10,0.7247213375796179,0,4,None,66,1,5,False,1000,1000
19193,188,unweighted,10,0.7247213375796179,0,4,None,66,1,5,False,1000,1000
19194,189,unweighted,10,0.7234275477707006,0,4,None,66,1,5,False,1000,1000
19195,185,unweighted,10,0.6975517515923567,0,23,None,66,1,5,False,1000,1000
19196,186,unweighted,10,0.6971536624203821,0,23,None,66,1,5,False,1000,1000
19197,187,unweighted,10,0.6976512738853503,0,23,None,66,1,5,False,1000,1000
19198,188,unweighted,10,0.6979498407643312,0,23,None,66,1,5,False,1000,1000
19199,189,unweighted,10,0.6978503184713376,0,23,None,66,1,5,False,1000,1000
19200,185,unweighted,10,0.6712778662420382,0,8,None,66,1,5,False,1000,1000
19201,186,unweighted,10,0.6712778662420382,0,8,None,66,1,5,False,1000,1000
19202,187,unweighted,10,0.6710788216560509,0,8,None,66,1,5,False,1000,1000
19203,188,unweighted,10,0.6726711783439491,0,8,None,66,1,5,False,1000,1000
19204,189,unweighted,10,0.6732683121019108,0,8,None,66,1,5,False,1000,1000
19205,185,unweighted,10,0.6491839171974523,0,28,None,66,1,5,False,1000,1000
19206,186,unweighted,10,0.6523686305732485,0,28,None,66,1,5,False,1000,1000
19207,187,unweighted,10,0.6558519108280255,0,28,None,66,1,5,False,1000,1000
19208,188,unweighted,10,0.658140923566879,0,28,None,66,1,5,False,1000,1000
19209,189,unweighted,10,0.6620222929936306,0,28,None,66,1,5,False,1000,1000
19210,185,unweighted,10,0.6843152866242038,0,21,None,66,1,5,False,1000,1000
19211,186,unweighted,10,0.6817277070063694,0,21,None,66,1,5,False,1000,1000
19212,187,unweighted,10,0.6816281847133758,0,21,None,66,1,5,False,1000,1000
19213,188,unweighted,10,0.6814291401273885,0,21,None,66,1,5,False,1000,1000
19214,189,unweighted,10,0.6806329617834395,0,21,None,66,1,5,False,1000,1000
19215,185,unweighted,10,0.7273089171974523,0,19,None,66,1,5,False,1000,1000
19216,186,unweighted,10,0.7280055732484076,0,19,None,66,1,5,False,1000,1000
19217,187,unweighted,10,0.7291998407643312,0,19,None,66,1,5,False,1000,1000
19218,188,unweighted,10,0.7298964968152867,0,19,None,66,1,5,False,1000,1000
19219,189,unweighted,10,0.7308917197452229,0,19,None,66,1,5,False,1000,1000
19220,185,unweighted,10,0.6918789808917197,0,24,None,66,1,5,False,1000,1000
19221,186,unweighted,10,0.6927746815286624,0,24,None,66,1,5,False,1000,1000
19222,187,unweighted,10,0.6935708598726115,0,24,None,66,1,5,False,1000,1000
19223,188,unweighted,10,0.6942675159235668,0,24,None,66,1,5,False,1000,1000
19224,189,unweighted,10,0.6942675159235668,0,24,None,66,1,5,False,1000,1000
19225,185,unweighted,10,0.7204418789808917,0,30,None,66,1,5,False,1000,1000
19226,186,unweighted,10,0.71984474522293,0,30,None,66,1,5,False,1000,1000
19227,187,unweighted,10,0.7208399681528662,0,30,None,66,1,5,False,1000,1000
19228,188,unweighted,10,0.7196457006369427,0,30,None,66,1,5,False,1000,1000
19229,189,unweighted,10,0.7196457006369427,0,30,None,66,1,5,False,1000,1000
19230,185,unweighted,10,0.6717754777070064,0,18,None,66,1,5,False,1000,1000
19231,186,unweighted,10,0.6700835987261147,0,18,None,66,1,5,False,1000,1000
19232,187,unweighted,10,0.6711783439490446,0,18,None,66,1,5,False,1000,1000
19233,188,unweighted,10,0.671875,0,18,None,66,1,5,False,1000,1000
19234,189,unweighted,10,0.6725716560509554,0,18,None,66,1,5,False,1000,1000
19235,185,unweighted,10,0.6431130573248408,0,27,None,66,1,5,False,1000,1000
19236,186,unweighted,10,0.6429140127388535,0,27,None,66,1,5,False,1000,1000
19237,187,unweighted,10,0.6426154458598726,0,27,None,66,1,5,False,1000,1000
19238,188,unweighted,10,0.6436106687898089,0,27,None,66,1,5,False,1000,1000
19239,189,unweighted,10,0.6437101910828026,0,27,None,66,1,5,False,1000,1000
19240,185,unweighted,10,0.7282046178343949,0,31,None,66,1,5,False,1000,1000
19241,186,unweighted,10,0.729796974522293,0,31,None,66,1,5,False,1000,1000
19242,187,unweighted,10,0.7309912420382165,0,31,None,66,1,5,False,1000,1000
19243,188,unweighted,10,0.7315883757961783,0,31,None,66,1,5,False,1000,1000
19244,189,unweighted,10,0.7318869426751592,0,31,None,66,1,5,False,1000,1000
19245,185,unweighted,10,0.6938694267515924,0,9,None,66,1,5,False,1000,1000
19246,186,unweighted,10,0.6981488853503185,0,9,None,66,1,5,False,1000,1000
19247,187,unweighted,10,0.7027269108280255,0,9,None,66,1,5,False,1000,1000
19248,188,unweighted,10,0.705015923566879,0,9,None,66,1,5,False,1000,1000
19249,189,unweighted,10,0.7068073248407644,0,9,None,66,1,5,False,1000,1000
19250,185,unweighted,10,0.7464171974522293,0,14,None,66,1,5,False,1000,1000
19251,186,unweighted,10,0.7466162420382165,0,14,None,66,1,5,False,1000,1000
19252,187,unweighted,10,0.747312898089172,0,14,None,66,1,5,False,1000,1000
19253,188,unweighted,10,0.7471138535031847,0,14,None,66,1,5,False,1000,1000
19254,189,unweighted,10,0.7463176751592356,0,14,None,66,1,5,False,1000,1000
19255,185,unweighted,10,0.7139729299363057,0,0,None,66,1,5,False,1000,1000
19256,186,unweighted,10,0.7132762738853503,0,0,None,66,1,5,False,1000,1000
19257,187,unweighted,10,0.7127786624203821,0,0,None,66,1,5,False,1000,1000
19258,188,unweighted,10,0.7132762738853503,0,0,None,66,1,5,False,1000,1000
19259,189,unweighted,10,0.7134753184713376,0,0,None,66,1,5,False,1000,1000
19260,185,unweighted,10,0.6749601910828026,0,29,None,66,1,5,False,1000,1000
19261,186,unweighted,10,0.6761544585987261,0,29,None,66,1,5,False,1000,1000
19262,187,unweighted,10,0.6774482484076433,0,29,None,66,1,5,False,1000,1000
19263,188,unweighted,10,0.6789410828025477,0,29,None,66,1,5,False,1000,1000
19264,189,unweighted,10,0.6797372611464968,0,29,None,66,1,5,False,1000,1000
19265,185,unweighted,10,0.7365644904458599,0,12,None,66,1,5,False,1000,1000
19266,186,unweighted,10,0.7377587579617835,0,12,None,66,1,5,False,1000,1000
19267,187,unweighted,10,0.738156847133758,0,12,None,66,1,5,False,1000,1000
19268,188,unweighted,10,0.7382563694267515,0,12,None,66,1,5,False,1000,1000
19269,189,unweighted,10,0.7392515923566879,0,12,None,66,1,5,False,1000,1000
19270,185,unweighted,10,0.694765127388535,0,6,None,66,1,5,False,1000,1000
19271,186,unweighted,10,0.6951632165605095,0,6,None,66,1,5,False,1000,1000
19272,187,unweighted,10,0.6953622611464968,0,6,None,66,1,5,False,1000,1000
19273,188,unweighted,10,0.6953622611464968,0,6,None,66,1,5,False,1000,1000
19274,189,unweighted,10,0.6959593949044586,0,6,None,66,1,5,False,1000,1000
19275,185,unweighted,10,0.7377587579617835,0,13,None,66,1,5,False,1000,1000
19276,186,unweighted,10,0.7361664012738853,0,13,None,66,1,5,False,1000,1000
19277,187,unweighted,10,0.736265923566879,0,13,None,66,1,5,False,1000,1000
19278,188,unweighted,10,0.7364649681528662,0,13,None,66,1,5,False,1000,1000
19279,189,unweighted,10,0.7361664012738853,0,13,None,66,1,5,False,1000,1000
19280,185,unweighted,10,0.7356687898089171,0,25,None,66,1,5,False,1000,1000
19281,186,unweighted,10,0.7341759554140127,0,25,None,66,1,5,False,1000,1000
19282,187,unweighted,10,0.7341759554140127,0,25,None,66,1,5,False,1000,1000
19283,188,unweighted,10,0.7345740445859873,0,25,None,66,1,5,False,1000,1000
19284,189,unweighted,10,0.7338773885350318,0,25,None,66,1,5,False,1000,1000
19285,185,unweighted,10,0.6957603503184714,0,26,None,66,1,5,False,1000,1000
19286,186,unweighted,10,0.6967555732484076,0,26,None,66,1,5,False,1000,1000
19287,187,unweighted,10,0.696656050955414,0,26,None,66,1,5,False,1000,1000
19288,188,unweighted,10,0.695859872611465,0,26,None,66,1,5,False,1000,1000
19289,189,unweighted,10,0.6950636942675159,0,26,None,66,1,5,False,1000,1000
19290,185,unweighted,10,0.6834195859872612,0,10,None,66,1,5,False,1000,1000
19291,186,unweighted,10,0.6883957006369427,0,10,None,66,1,5,False,1000,1000
19292,187,unweighted,10,0.6909832802547771,0,10,None,66,1,5,False,1000,1000
19293,188,unweighted,10,0.6942675159235668,0,10,None,66,1,5,False,1000,1000
19294,189,unweighted,10,0.6963574840764332,0,10,None,66,1,5,False,1000,1000
19295,185,unweighted,10,0.6846138535031847,0,15,None,66,1,5,False,1000,1000
19296,186,unweighted,10,0.6850119426751592,0,15,None,66,1,5,False,1000,1000
19297,187,unweighted,10,0.6850119426751592,0,15,None,66,1,5,False,1000,1000
19298,188,unweighted,10,0.6861066878980892,0,15,None,66,1,5,False,1000,1000
19299,189,unweighted,10,0.6865047770700637,0,15,None,66,1,5,False,1000,1000
19300,185,unweighted,10,0.663515127388535,0,3,None,66,1,5,False,1000,1000
19301,186,unweighted,10,0.6502786624203821,0,3,None,66,1,5,False,1000,1000
19302,187,unweighted,10,0.6476910828025477,0,3,None,66,1,5,False,1000,1000
19303,188,unweighted,10,0.6459992038216561,0,3,None,66,1,5,False,1000,1000
19304,189,unweighted,10,0.6448049363057324,0,3,None,66,1,5,False,1000,1000
19305,190,unweighted,10,0.722531847133758,0,30,None,66,1,5,False,1000,1000
19306,191,unweighted,10,0.7228304140127388,0,30,None,66,1,5,False,1000,1000
19307,192,unweighted,10,0.722531847133758,0,30,None,66,1,5,False,1000,1000
19308,193,unweighted,10,0.7226313694267515,0,30,None,66,1,5,False,1000,1000
19309,194,unweighted,10,0.7226313694267515,0,30,None,66,1,5,False,1000,1000
19310,190,unweighted,10,0.6853105095541401,0,15,None,66,1,5,False,1000,1000
19311,191,unweighted,10,0.6854100318471338,0,15,None,66,1,5,False,1000,1000
19312,192,unweighted,10,0.6860071656050956,0,15,None,66,1,5,False,1000,1000
19313,193,unweighted,10,0.6860071656050956,0,15,None,66,1,5,False,1000,1000
19314,194,unweighted,10,0.6866042993630573,0,15,None,66,1,5,False,1000,1000
19315,190,unweighted,10,0.6847133757961783,0,10,None,66,1,5,False,1000,1000
19316,191,unweighted,10,0.690187101910828,0,10,None,66,1,5,False,1000,1000
19317,192,unweighted,10,0.6933718152866242,0,10,None,66,1,5,False,1000,1000
19318,193,unweighted,10,0.6955613057324841,0,10,None,66,1,5,False,1000,1000
19319,194,unweighted,10,0.6971536624203821,0,10,None,66,1,5,False,1000,1000
19320,190,unweighted,10,0.7124800955414012,0,1,None,66,1,5,False,1000,1000
19321,191,unweighted,10,0.7129777070063694,0,1,None,66,1,5,False,1000,1000
19322,192,unweighted,10,0.7138734076433121,0,1,None,66,1,5,False,1000,1000
19323,193,unweighted,10,0.7148686305732485,0,1,None,66,1,5,False,1000,1000
19324,194,unweighted,10,0.7161624203821656,0,1,None,66,1,5,False,1000,1000
19325,190,unweighted,10,0.6860071656050956,0,21,None,66,1,5,False,1000,1000
19326,191,unweighted,10,0.6845143312101911,0,21,None,66,1,5,False,1000,1000
19327,192,unweighted,10,0.6833200636942676,0,21,None,66,1,5,False,1000,1000
19328,193,unweighted,10,0.6838176751592356,0,21,None,66,1,5,False,1000,1000
19329,194,unweighted,10,0.683718152866242,0,21,None,66,1,5,False,1000,1000
19330,190,unweighted,10,0.7001393312101911,0,23,None,66,1,5,False,1000,1000
19331,191,unweighted,10,0.6994426751592356,0,23,None,66,1,5,False,1000,1000
19332,192,unweighted,10,0.698546974522293,0,23,None,66,1,5,False,1000,1000
19333,193,unweighted,10,0.6994426751592356,0,23,None,66,1,5,False,1000,1000
19334,194,unweighted,10,0.6977507961783439,0,23,None,66,1,5,False,1000,1000
19335,190,unweighted,10,0.6446058917197452,0,27,None,66,1,5,False,1000,1000
19336,191,unweighted,10,0.6443073248407644,0,27,None,66,1,5,False,1000,1000
19337,192,unweighted,10,0.6450039808917197,0,27,None,66,1,5,False,1000,1000
19338,193,unweighted,10,0.6449044585987261,0,27,None,66,1,5,False,1000,1000
19339,194,unweighted,10,0.6443073248407644,0,27,None,66,1,5,False,1000,1000
19340,190,unweighted,10,0.7321855095541401,0,5,None,66,1,5,False,1000,1000
19341,191,unweighted,10,0.7309912420382165,0,5,None,66,1,5,False,1000,1000
19342,192,unweighted,10,0.7307921974522293,0,5,None,66,1,5,False,1000,1000
19343,193,unweighted,10,0.7312898089171974,0,5,None,66,1,5,False,1000,1000
19344,194,unweighted,10,0.7326831210191083,0,5,None,66,1,5,False,1000,1000
19345,190,unweighted,10,0.7336783439490446,0,17,None,66,1,5,False,1000,1000
19346,191,unweighted,10,0.7347730891719745,0,17,None,66,1,5,False,1000,1000
19347,192,unweighted,10,0.7350716560509554,0,17,None,66,1,5,False,1000,1000
19348,193,unweighted,10,0.7347730891719745,0,17,None,66,1,5,False,1000,1000
19349,194,unweighted,10,0.7353702229299363,0,17,None,66,1,5,False,1000,1000
19350,190,unweighted,10,0.7055135350318471,0,11,None,66,1,5,False,1000,1000
19351,191,unweighted,10,0.6934713375796179,0,11,None,66,1,5,False,1000,1000
19352,192,unweighted,10,0.6843152866242038,0,11,None,66,1,5,False,1000,1000
19353,193,unweighted,10,0.6738654458598726,0,11,None,66,1,5,False,1000,1000
19354,194,unweighted,10,0.6674960191082803,0,11,None,66,1,5,False,1000,1000
19355,190,unweighted,10,0.6953622611464968,0,24,None,66,1,5,False,1000,1000
19356,191,unweighted,10,0.6953622611464968,0,24,None,66,1,5,False,1000,1000
19357,192,unweighted,10,0.6967555732484076,0,24,None,66,1,5,False,1000,1000
19358,193,unweighted,10,0.6965565286624203,0,24,None,66,1,5,False,1000,1000
19359,194,unweighted,10,0.6965565286624203,0,24,None,66,1,5,False,1000,1000
19360,190,unweighted,10,0.6720740445859873,0,18,None,66,1,5,False,1000,1000
19361,191,unweighted,10,0.6717754777070064,0,18,None,66,1,5,False,1000,1000
19362,192,unweighted,10,0.671875,0,18,None,66,1,5,False,1000,1000
19363,193,unweighted,10,0.6727707006369427,0,18,None,66,1,5,False,1000,1000
19364,194,unweighted,10,0.6728702229299363,0,18,None,66,1,5,False,1000,1000
19365,190,unweighted,10,0.6708797770700637,0,8,None,66,1,5,False,1000,1000
19366,191,unweighted,10,0.6716759554140127,0,8,None,66,1,5,False,1000,1000
19367,192,unweighted,10,0.6730692675159236,0,8,None,66,1,5,False,1000,1000
19368,193,unweighted,10,0.6736664012738853,0,8,None,66,1,5,False,1000,1000
19369,194,unweighted,10,0.6747611464968153,0,8,None,66,1,5,False,1000,1000
19370,190,unweighted,10,0.7291998407643312,0,19,None,66,1,5,False,1000,1000
19371,191,unweighted,10,0.7310907643312102,0,19,None,66,1,5,False,1000,1000
19372,192,unweighted,10,0.7323845541401274,0,19,None,66,1,5,False,1000,1000
19373,193,unweighted,10,0.7330812101910829,0,19,None,66,1,5,False,1000,1000
19374,194,unweighted,10,0.7335788216560509,0,19,None,66,1,5,False,1000,1000
19375,190,unweighted,10,0.7312898089171974,0,31,None,66,1,5,False,1000,1000
19376,191,unweighted,10,0.7325835987261147,0,31,None,66,1,5,False,1000,1000
19377,192,unweighted,10,0.7329816878980892,0,31,None,66,1,5,False,1000,1000
19378,193,unweighted,10,0.7329816878980892,0,31,None,66,1,5,False,1000,1000
19379,194,unweighted,10,0.7337778662420382,0,31,None,66,1,5,False,1000,1000
19380,190,unweighted,10,0.6754578025477707,0,29,None,66,1,5,False,1000,1000
19381,191,unweighted,10,0.6771496815286624,0,29,None,66,1,5,False,1000,1000
19382,192,unweighted,10,0.679140127388535,0,29,None,66,1,5,False,1000,1000
19383,193,unweighted,10,0.6800358280254777,0,29,None,66,1,5,False,1000,1000
19384,194,unweighted,10,0.681031050955414,0,29,None,66,1,5,False,1000,1000
19385,190,unweighted,10,0.7179538216560509,0,20,None,66,1,5,False,1000,1000
19386,191,unweighted,10,0.7140724522292994,0,20,None,66,1,5,False,1000,1000
19387,192,unweighted,10,0.7097929936305732,0,20,None,66,1,5,False,1000,1000
19388,193,unweighted,10,0.7072054140127388,0,20,None,66,1,5,False,1000,1000
19389,194,unweighted,10,0.7048168789808917,0,20,None,66,1,5,False,1000,1000
19390,190,unweighted,10,0.7289012738853503,0,4,None,66,1,5,False,1000,1000
19391,191,unweighted,10,0.7285031847133758,0,4,None,66,1,5,False,1000,1000
19392,192,unweighted,10,0.7278065286624203,0,4,None,66,1,5,False,1000,1000
19393,193,unweighted,10,0.7274084394904459,0,4,None,66,1,5,False,1000,1000
19394,194,unweighted,10,0.7261146496815286,0,4,None,66,1,5,False,1000,1000
19395,190,unweighted,10,0.6521695859872612,0,28,None,66,1,5,False,1000,1000
19396,191,unweighted,10,0.65515525477707,0,28,None,66,1,5,False,1000,1000
19397,192,unweighted,10,0.658140923566879,0,28,None,66,1,5,False,1000,1000
19398,193,unweighted,10,0.6615246815286624,0,28,None,66,1,5,False,1000,1000
19399,194,unweighted,10,0.6660031847133758,0,28,None,66,1,5,False,1000,1000
19400,190,unweighted,10,0.7461186305732485,0,14,None,66,1,5,False,1000,1000
19401,191,unweighted,10,0.7469148089171974,0,14,None,66,1,5,False,1000,1000
19402,192,unweighted,10,0.747312898089172,0,14,None,66,1,5,False,1000,1000
19403,193,unweighted,10,0.7467157643312102,0,14,None,66,1,5,False,1000,1000
19404,194,unweighted,10,0.7471138535031847,0,14,None,66,1,5,False,1000,1000
19405,190,unweighted,10,0.6960589171974523,0,9,None,66,1,5,False,1000,1000
19406,191,unweighted,10,0.7006369426751592,0,9,None,66,1,5,False,1000,1000
19407,192,unweighted,10,0.7040207006369427,0,9,None,66,1,5,False,1000,1000
19408,193,unweighted,10,0.7067078025477707,0,9,None,66,1,5,False,1000,1000
19409,194,unweighted,10,0.709593949044586,0,9,None,66,1,5,False,1000,1000
19410,190,unweighted,10,0.7163614649681529,0,22,None,66,1,5,False,1000,1000
19411,191,unweighted,10,0.7173566878980892,0,22,None,66,1,5,False,1000,1000
19412,192,unweighted,10,0.7180533439490446,0,22,None,66,1,5,False,1000,1000
19413,193,unweighted,10,0.7181528662420382,0,22,None,66,1,5,False,1000,1000
19414,194,unweighted,10,0.7180533439490446,0,22,None,66,1,5,False,1000,1000
19415,190,unweighted,10,0.7410429936305732,0,13,None,66,1,5,False,1000,1000
19416,191,unweighted,10,0.7394506369426752,0,13,None,66,1,5,False,1000,1000
19417,192,unweighted,10,0.7385549363057324,0,13,None,66,1,5,False,1000,1000
19418,193,unweighted,10,0.7382563694267515,0,13,None,66,1,5,False,1000,1000
19419,194,unweighted,10,0.7377587579617835,0,13,None,66,1,5,False,1000,1000
19420,190,unweighted,10,0.7383558917197452,0,12,None,66,1,5,False,1000,1000
19421,191,unweighted,10,0.7386544585987261,0,12,None,66,1,5,False,1000,1000
19422,192,unweighted,10,0.738953025477707,0,12,None,66,1,5,False,1000,1000
19423,193,unweighted,10,0.740047770700637,0,12,None,66,1,5,False,1000,1000
19424,194,unweighted,10,0.7410429936305732,0,12,None,66,1,5,False,1000,1000
19425,190,unweighted,10,0.6969546178343949,0,26,None,66,1,5,False,1000,1000
19426,191,unweighted,10,0.6986464968152867,0,26,None,66,1,5,False,1000,1000
19427,192,unweighted,10,0.6980493630573248,0,26,None,66,1,5,False,1000,1000
19428,193,unweighted,10,0.6978503184713376,0,26,None,66,1,5,False,1000,1000
19429,194,unweighted,10,0.6972531847133758,0,26,None,66,1,5,False,1000,1000
19430,190,unweighted,10,0.7280055732484076,0,25,None,66,1,5,False,1000,1000
19431,191,unweighted,10,0.7291003184713376,0,25,None,66,1,5,False,1000,1000
19432,192,unweighted,10,0.729796974522293,0,25,None,66,1,5,False,1000,1000
19433,193,unweighted,10,0.7300955414012739,0,25,None,66,1,5,False,1000,1000
19434,194,unweighted,10,0.7299960191082803,0,25,None,66,1,5,False,1000,1000
19435,190,unweighted,10,0.7277070063694268,0,2,None,66,1,5,False,1000,1000
19436,191,unweighted,10,0.7202428343949044,0,2,None,66,1,5,False,1000,1000
19437,192,unweighted,10,0.7074044585987261,0,2,None,66,1,5,False,1000,1000
19438,193,unweighted,10,0.705812101910828,0,2,None,66,1,5,False,1000,1000
19439,194,unweighted,10,0.6972531847133758,0,2,None,66,1,5,False,1000,1000
19440,190,unweighted,10,0.7166600318471338,0,0,None,66,1,5,False,1000,1000
19441,191,unweighted,10,0.7161624203821656,0,0,None,66,1,5,False,1000,1000
19442,192,unweighted,10,0.7159633757961783,0,0,None,66,1,5,False,1000,1000
19443,193,unweighted,10,0.7155652866242038,0,0,None,66,1,5,False,1000,1000
19444,194,unweighted,10,0.7153662420382165,0,0,None,66,1,5,False,1000,1000
19445,190,unweighted,10,0.6987460191082803,0,6,None,66,1,5,False,1000,1000
19446,191,unweighted,10,0.6994426751592356,0,6,None,66,1,5,False,1000,1000
19447,192,unweighted,10,0.6994426751592356,0,6,None,66,1,5,False,1000,1000
19448,193,unweighted,10,0.699343152866242,0,6,None,66,1,5,False,1000,1000
19449,194,unweighted,10,0.6992436305732485,0,6,None,66,1,5,False,1000,1000
19450,190,unweighted,10,0.7070063694267515,0,7,None,66,1,5,False,1000,1000
19451,191,unweighted,10,0.7071058917197452,0,7,None,66,1,5,False,1000,1000
19452,192,unweighted,10,0.7070063694267515,0,7,None,66,1,5,False,1000,1000
19453,193,unweighted,10,0.7074044585987261,0,7,None,66,1,5,False,1000,1000
19454,194,unweighted,10,0.7080015923566879,0,7,None,66,1,5,False,1000,1000
19455,190,unweighted,10,0.6705812101910829,0,3,None,66,1,5,False,1000,1000
19456,191,unweighted,10,0.6520700636942676,0,3,None,66,1,5,False,1000,1000
19457,192,unweighted,10,0.6485867834394905,0,3,None,66,1,5,False,1000,1000
19458,193,unweighted,10,0.6458001592356688,0,3,None,66,1,5,False,1000,1000
19459,194,unweighted,10,0.6443073248407644,0,3,None,66,1,5,False,1000,1000
19460,190,unweighted,10,0.7368630573248408,0,16,None,66,1,5,False,1000,1000
19461,191,unweighted,10,0.7385549363057324,0,16,None,66,1,5,False,1000,1000
19462,192,unweighted,10,0.7406449044585988,0,16,None,66,1,5,False,1000,1000
19463,193,unweighted,10,0.742734872611465,0,16,None,66,1,5,False,1000,1000
19464,194,unweighted,10,0.7434315286624203,0,16,None,66,1,5,False,1000,1000
19465,190,unweighted,10,0.7330812101910829,0,32,None,66,1,5,False,1000,1000
19466,191,unweighted,10,0.7311902866242038,0,32,None,66,1,5,False,1000,1000
19467,192,unweighted,10,0.7311902866242038,0,32,None,66,1,5,False,1000,1000
19468,193,unweighted,10,0.7299960191082803,0,32,None,66,1,5,False,1000,1000
19469,194,unweighted,10,0.7296974522292994,0,32,None,66,1,5,False,1000,1000
19470,195,unweighted,10,0.7251194267515924,0,30,None,66,1,5,False,1000,1000
19471,196,unweighted,10,0.7254179936305732,0,30,None,66,1,5,False,1000,1000
19472,197,unweighted,10,0.7248208598726115,0,30,None,66,1,5,False,1000,1000
19473,198,unweighted,10,0.725218949044586,0,30,None,66,1,5,False,1000,1000
19474,199,unweighted,10,0.7251194267515924,0,30,None,66,1,5,False,1000,1000
19475,195,unweighted,10,0.7293988853503185,0,2,None,66,1,5,False,1000,1000
19476,196,unweighted,10,0.7243232484076433,0,2,None,66,1,5,False,1000,1000
19477,197,unweighted,10,0.7107882165605095,0,2,None,66,1,5,False,1000,1000
19478,198,unweighted,10,0.7082006369426752,0,2,None,66,1,5,False,1000,1000
19479,199,unweighted,10,0.7006369426751592,0,2,None,66,1,5,False,1000,1000
19480,195,unweighted,10,0.6891918789808917,0,21,None,66,1,5,False,1000,1000
19481,196,unweighted,10,0.6877985668789809,0,21,None,66,1,5,False,1000,1000
19482,197,unweighted,10,0.6869028662420382,0,21,None,66,1,5,False,1000,1000
19483,198,unweighted,10,0.6872014331210191,0,21,None,66,1,5,False,1000,1000
19484,199,unweighted,10,0.6876990445859873,0,21,None,66,1,5,False,1000,1000
19485,195,unweighted,10,0.6461982484076433,0,27,None,66,1,5,False,1000,1000
19486,196,unweighted,10,0.6458001592356688,0,27,None,66,1,5,False,1000,1000
19487,197,unweighted,10,0.645203025477707,0,27,None,66,1,5,False,1000,1000
19488,198,unweighted,10,0.6451035031847133,0,27,None,66,1,5,False,1000,1000
19489,199,unweighted,10,0.644406847133758,0,27,None,66,1,5,False,1000,1000
19490,195,unweighted,10,0.7200437898089171,0,22,None,66,1,5,False,1000,1000
19491,196,unweighted,10,0.720640923566879,0,22,None,66,1,5,False,1000,1000
19492,197,unweighted,10,0.7211385350318471,0,22,None,66,1,5,False,1000,1000
19493,198,unweighted,10,0.7208399681528662,0,22,None,66,1,5,False,1000,1000
19494,199,unweighted,10,0.7210390127388535,0,22,None,66,1,5,False,1000,1000
19495,195,unweighted,10,0.7029259554140127,0,23,None,66,1,5,False,1000,1000
19496,196,unweighted,10,0.70203025477707,0,23,None,66,1,5,False,1000,1000
19497,197,unweighted,10,0.7022292993630573,0,23,None,66,1,5,False,1000,1000
19498,198,unweighted,10,0.7017316878980892,0,23,None,66,1,5,False,1000,1000
19499,199,unweighted,10,0.7005374203821656,0,23,None,66,1,5,False,1000,1000
19500,195,unweighted,10,0.7342754777070064,0,5,None,66,1,5,False,1000,1000
19501,196,unweighted,10,0.73328025477707,0,5,None,66,1,5,False,1000,1000
19502,197,unweighted,10,0.7325835987261147,0,5,None,66,1,5,False,1000,1000
19503,198,unweighted,10,0.73328025477707,0,5,None,66,1,5,False,1000,1000
19504,199,unweighted,10,0.7347730891719745,0,5,None,66,1,5,False,1000,1000
19505,195,unweighted,10,0.7501990445859873,0,14,None,66,1,5,False,1000,1000
19506,196,unweighted,10,0.7506966560509554,0,14,None,66,1,5,False,1000,1000
19507,197,unweighted,10,0.7516918789808917,0,14,None,66,1,5,False,1000,1000
19508,198,unweighted,10,0.7512937898089171,0,14,None,66,1,5,False,1000,1000
19509,199,unweighted,10,0.7519904458598726,0,14,None,66,1,5,False,1000,1000
19510,195,unweighted,10,0.698546974522293,0,9,None,66,1,5,False,1000,1000
19511,196,unweighted,10,0.7019307324840764,0,9,None,66,1,5,False,1000,1000
19512,197,unweighted,10,0.7061106687898089,0,9,None,66,1,5,False,1000,1000
19513,198,unweighted,10,0.7086982484076433,0,9,None,66,1,5,False,1000,1000
19514,199,unweighted,10,0.7108877388535032,0,9,None,66,1,5,False,1000,1000
19515,195,unweighted,10,0.6787420382165605,0,29,None,66,1,5,False,1000,1000
19516,196,unweighted,10,0.6801353503184714,0,29,None,66,1,5,False,1000,1000
19517,197,unweighted,10,0.6813296178343949,0,29,None,66,1,5,False,1000,1000
19518,198,unweighted,10,0.6826234076433121,0,29,None,66,1,5,False,1000,1000
19519,199,unweighted,10,0.6832205414012739,0,29,None,66,1,5,False,1000,1000
19520,195,unweighted,10,0.6891918789808917,0,15,None,66,1,5,False,1000,1000
19521,196,unweighted,10,0.6891918789808917,0,15,None,66,1,5,False,1000,1000
19522,197,unweighted,10,0.6897890127388535,0,15,None,66,1,5,False,1000,1000
19523,198,unweighted,10,0.6900875796178344,0,15,None,66,1,5,False,1000,1000
19524,199,unweighted,10,0.690187101910828,0,15,None,66,1,5,False,1000,1000
19525,195,unweighted,10,0.6858081210191083,0,10,None,66,1,5,False,1000,1000
19526,196,unweighted,10,0.6906847133757962,0,10,None,66,1,5,False,1000,1000
19527,197,unweighted,10,0.6937699044585988,0,10,None,66,1,5,False,1000,1000
19528,198,unweighted,10,0.6952627388535032,0,10,None,66,1,5,False,1000,1000
19529,199,unweighted,10,0.697452229299363,0,10,None,66,1,5,False,1000,1000
19530,195,unweighted,10,0.7007364649681529,0,6,None,66,1,5,False,1000,1000
19531,196,unweighted,10,0.7000398089171974,0,6,None,66,1,5,False,1000,1000
19532,197,unweighted,10,0.7003383757961783,0,6,None,66,1,5,False,1000,1000
19533,198,unweighted,10,0.6996417197452229,0,6,None,66,1,5,False,1000,1000
19534,199,unweighted,10,0.700437898089172,0,6,None,66,1,5,False,1000,1000
19535,195,unweighted,10,0.738953025477707,0,12,None,66,1,5,False,1000,1000
19536,196,unweighted,10,0.7388535031847133,0,12,None,66,1,5,False,1000,1000
19537,197,unweighted,10,0.7394506369426752,0,12,None,66,1,5,False,1000,1000
19538,198,unweighted,10,0.7405453821656051,0,12,None,66,1,5,False,1000,1000
19539,199,unweighted,10,0.7418391719745223,0,12,None,66,1,5,False,1000,1000
19540,195,unweighted,10,0.7426353503184714,0,13,None,66,1,5,False,1000,1000
19541,196,unweighted,10,0.7411425159235668,0,13,None,66,1,5,False,1000,1000
19542,197,unweighted,10,0.740843949044586,0,13,None,66,1,5,False,1000,1000
19543,198,unweighted,10,0.7403463375796179,0,13,None,66,1,5,False,1000,1000
19544,199,unweighted,10,0.7405453821656051,0,13,None,66,1,5,False,1000,1000
19545,195,unweighted,10,0.727109872611465,0,25,None,66,1,5,False,1000,1000
19546,196,unweighted,10,0.7286027070063694,0,25,None,66,1,5,False,1000,1000
19547,197,unweighted,10,0.7294984076433121,0,25,None,66,1,5,False,1000,1000
19548,198,unweighted,10,0.7299960191082803,0,25,None,66,1,5,False,1000,1000
19549,199,unweighted,10,0.7300955414012739,0,25,None,66,1,5,False,1000,1000
19550,195,unweighted,10,0.6986464968152867,0,26,None,66,1,5,False,1000,1000
19551,196,unweighted,10,0.7002388535031847,0,26,None,66,1,5,False,1000,1000
19552,197,unweighted,10,0.6995421974522293,0,26,None,66,1,5,False,1000,1000
19553,198,unweighted,10,0.6992436305732485,0,26,None,66,1,5,False,1000,1000
19554,199,unweighted,10,0.6979498407643312,0,26,None,66,1,5,False,1000,1000
19555,195,unweighted,10,0.7210390127388535,0,20,None,66,1,5,False,1000,1000
19556,196,unweighted,10,0.7170581210191083,0,20,None,66,1,5,False,1000,1000
19557,197,unweighted,10,0.7117834394904459,0,20,None,66,1,5,False,1000,1000
19558,198,unweighted,10,0.7091958598726115,0,20,None,66,1,5,False,1000,1000
19559,199,unweighted,10,0.707703025477707,0,20,None,66,1,5,False,1000,1000
19560,195,unweighted,10,0.7335788216560509,0,31,None,66,1,5,False,1000,1000
19561,196,unweighted,10,0.7346735668789809,0,31,None,66,1,5,False,1000,1000
19562,197,unweighted,10,0.7348726114649682,0,31,None,66,1,5,False,1000,1000
19563,198,unweighted,10,0.7353702229299363,0,31,None,66,1,5,False,1000,1000
19564,199,unweighted,10,0.7347730891719745,0,31,None,66,1,5,False,1000,1000
19565,195,unweighted,10,0.6555533439490446,0,28,None,66,1,5,False,1000,1000
19566,196,unweighted,10,0.6587380573248408,0,28,None,66,1,5,False,1000,1000
19567,197,unweighted,10,0.6623208598726115,0,28,None,66,1,5,False,1000,1000
19568,198,unweighted,10,0.6659036624203821,0,28,None,66,1,5,False,1000,1000
19569,199,unweighted,10,0.6697850318471338,0,28,None,66,1,5,False,1000,1000
19570,195,unweighted,10,0.716859076433121,0,1,None,66,1,5,False,1000,1000
19571,196,unweighted,10,0.7175557324840764,0,1,None,66,1,5,False,1000,1000
19572,197,unweighted,10,0.7182523885350318,0,1,None,66,1,5,False,1000,1000
19573,198,unweighted,10,0.7193471337579618,0,1,None,66,1,5,False,1000,1000
19574,199,unweighted,10,0.7200437898089171,0,1,None,66,1,5,False,1000,1000
19575,195,unweighted,10,0.6767515923566879,0,18,None,66,1,5,False,1000,1000
19576,196,unweighted,10,0.6759554140127388,0,18,None,66,1,5,False,1000,1000
19577,197,unweighted,10,0.6759554140127388,0,18,None,66,1,5,False,1000,1000
19578,198,unweighted,10,0.6760549363057324,0,18,None,66,1,5,False,1000,1000
19579,199,unweighted,10,0.6768511146496815,0,18,None,66,1,5,False,1000,1000
19580,195,unweighted,10,0.7177547770700637,0,0,None,66,1,5,False,1000,1000
19581,196,unweighted,10,0.7179538216560509,0,0,None,66,1,5,False,1000,1000
19582,197,unweighted,10,0.7180533439490446,0,0,None,66,1,5,False,1000,1000
19583,198,unweighted,10,0.7175557324840764,0,0,None,66,1,5,False,1000,1000
19584,199,unweighted,10,0.7175557324840764,0,0,None,66,1,5,False,1000,1000
19585,195,unweighted,10,0.7363654458598726,0,19,None,66,1,5,False,1000,1000
19586,196,unweighted,10,0.7369625796178344,0,19,None,66,1,5,False,1000,1000
19587,197,unweighted,10,0.7374601910828026,0,19,None,66,1,5,False,1000,1000
19588,198,unweighted,10,0.7375597133757962,0,19,None,66,1,5,False,1000,1000
19589,199,unweighted,10,0.7373606687898089,0,19,None,66,1,5,False,1000,1000
19590,195,unweighted,10,0.7377587579617835,0,16,None,66,1,5,False,1000,1000
19591,196,unweighted,10,0.7403463375796179,0,16,None,66,1,5,False,1000,1000
19592,197,unweighted,10,0.7424363057324841,0,16,None,66,1,5,False,1000,1000
19593,198,unweighted,10,0.744327229299363,0,16,None,66,1,5,False,1000,1000
19594,199,unweighted,10,0.7459195859872612,0,16,None,66,1,5,False,1000,1000
19595,195,unweighted,10,0.6722730891719745,0,8,None,66,1,5,False,1000,1000
19596,196,unweighted,10,0.6735668789808917,0,8,None,66,1,5,False,1000,1000
19597,197,unweighted,10,0.6744625796178344,0,8,None,66,1,5,False,1000,1000
19598,198,unweighted,10,0.6742635350318471,0,8,None,66,1,5,False,1000,1000
19599,199,unweighted,10,0.6753582802547771,0,8,None,66,1,5,False,1000,1000
19600,195,unweighted,10,0.7101910828025477,0,11,None,66,1,5,False,1000,1000
19601,196,unweighted,10,0.6960589171974523,0,11,None,66,1,5,False,1000,1000
19602,197,unweighted,10,0.6863057324840764,0,11,None,66,1,5,False,1000,1000
19603,198,unweighted,10,0.678343949044586,0,11,None,66,1,5,False,1000,1000
19604,199,unweighted,10,0.6698845541401274,0,11,None,66,1,5,False,1000,1000
19605,195,unweighted,10,0.6770501592356688,0,3,None,66,1,5,False,1000,1000
19606,196,unweighted,10,0.6546576433121019,0,3,None,66,1,5,False,1000,1000
19607,197,unweighted,10,0.6507762738853503,0,3,None,66,1,5,False,1000,1000
19608,198,unweighted,10,0.6482882165605095,0,3,None,66,1,5,False,1000,1000
19609,199,unweighted,10,0.6469944267515924,0,3,None,66,1,5,False,1000,1000
19610,195,unweighted,10,0.7353702229299363,0,17,None,66,1,5,False,1000,1000
19611,196,unweighted,10,0.7363654458598726,0,17,None,66,1,5,False,1000,1000
19612,197,unweighted,10,0.736265923566879,0,17,None,66,1,5,False,1000,1000
19613,198,unweighted,10,0.7363654458598726,0,17,None,66,1,5,False,1000,1000
19614,199,unweighted,10,0.7366640127388535,0,17,None,66,1,5,False,1000,1000
19615,195,unweighted,10,0.6972531847133758,0,24,None,66,1,5,False,1000,1000
19616,196,unweighted,10,0.6980493630573248,0,24,None,66,1,5,False,1000,1000
19617,197,unweighted,10,0.6979498407643312,0,24,None,66,1,5,False,1000,1000
19618,198,unweighted,10,0.6983479299363057,0,24,None,66,1,5,False,1000,1000
19619,199,unweighted,10,0.6991441082802548,0,24,None,66,1,5,False,1000,1000
19620,195,unweighted,10,0.7304936305732485,0,4,None,66,1,5,False,1000,1000
19621,196,unweighted,10,0.7291998407643312,0,4,None,66,1,5,False,1000,1000
19622,197,unweighted,10,0.7280055732484076,0,4,None,66,1,5,False,1000,1000
19623,198,unweighted,10,0.7270103503184714,0,4,None,66,1,5,False,1000,1000
19624,199,unweighted,10,0.7266122611464968,0,4,None,66,1,5,False,1000,1000
19625,195,unweighted,10,0.7108877388535032,0,7,None,66,1,5,False,1000,1000
19626,196,unweighted,10,0.7108877388535032,0,7,None,66,1,5,False,1000,1000
19627,197,unweighted,10,0.7102906050955414,0,7,None,66,1,5,False,1000,1000
19628,198,unweighted,10,0.7109872611464968,0,7,None,66,1,5,False,1000,1000
19629,199,unweighted,10,0.7115843949044586,0,7,None,66,1,5,False,1000,1000
19630,195,unweighted,10,0.7359673566878981,0,32,None,66,1,5,False,1000,1000
19631,196,unweighted,10,0.7346735668789809,0,32,None,66,1,5,False,1000,1000
19632,197,unweighted,10,0.7338773885350318,0,32,None,66,1,5,False,1000,1000
19633,198,unweighted,10,0.7331807324840764,0,32,None,66,1,5,False,1000,1000
19634,199,unweighted,10,0.7326831210191083,0,32,None,66,1,5,False,1000,1000
0,0,degCent,10,0.3996815286624204,0,10,None,66,1,5,False,1000,1000
1,1,degCent,10,0.4827826433121019,0,10,None,66,1,5,False,1000,1000
2,2,degCent,10,0.4700437898089172,0,10,None,66,1,5,False,1000,1000
3,3,degCent,10,0.4686504777070063,0,10,None,66,1,5,False,1000,1000
4,4,degCent,10,0.5496616242038217,0,10,None,66,1,5,False,1000,1000
5,0,degCent,10,0.2317874203821656,0,15,None,66,1,5,False,1000,1000
6,1,degCent,10,0.2933917197452229,0,15,None,66,1,5,False,1000,1000
7,2,degCent,10,0.3035429936305732,0,15,None,66,1,5,False,1000,1000
8,3,degCent,10,0.303343949044586,0,15,None,66,1,5,False,1000,1000
9,4,degCent,10,0.3081210191082802,0,15,None,66,1,5,False,1000,1000
10,0,degCent,10,0.1057921974522293,0,11,None,66,1,5,False,1000,1000
11,1,degCent,10,0.1173367834394904,0,11,None,66,1,5,False,1000,1000
12,2,degCent,10,0.15515525477707,0,11,None,66,1,5,False,1000,1000
13,3,degCent,10,0.1795382165605095,0,11,None,66,1,5,False,1000,1000
14,4,degCent,10,0.1824243630573248,0,11,None,66,1,5,False,1000,1000
15,0,degCent,10,0.2161624203821656,0,16,None,66,1,5,False,1000,1000
16,1,degCent,10,0.3347929936305732,0,16,None,66,1,5,False,1000,1000
17,2,degCent,10,0.3973925159235669,0,16,None,66,1,5,False,1000,1000
18,3,degCent,10,0.4941281847133758,0,16,None,66,1,5,False,1000,1000
19,4,degCent,10,0.5420979299363057,0,16,None,66,1,5,False,1000,1000
20,0,degCent,10,0.0995222929936305,0,20,None,66,1,5,False,1000,1000
21,1,degCent,10,0.0995222929936305,0,20,None,66,1,5,False,1000,1000
22,2,degCent,10,0.0995222929936305,0,20,None,66,1,5,False,1000,1000
23,3,degCent,10,0.0995222929936305,0,20,None,66,1,5,False,1000,1000
24,4,degCent,10,0.0995222929936305,0,20,None,66,1,5,False,1000,1000
25,0,degCent,10,0.1908837579617834,0,19,None,66,1,5,False,1000,1000
26,1,degCent,10,0.2177547770700637,0,19,None,66,1,5,False,1000,1000
27,2,degCent,10,0.3057324840764331,0,19,None,66,1,5,False,1000,1000
28,3,degCent,10,0.4061504777070063,0,19,None,66,1,5,False,1000,1000
29,4,degCent,10,0.4877587579617834,0,19,None,66,1,5,False,1000,1000
30,0,degCent,10,0.0995222929936305,0,25,None,66,1,5,False,1000,1000
31,1,degCent,10,0.0995222929936305,0,25,None,66,1,5,False,1000,1000
32,2,degCent,10,0.1003184713375796,0,25,None,66,1,5,False,1000,1000
33,3,degCent,10,0.1035031847133758,0,25,None,66,1,5,False,1000,1000
34,4,degCent,10,0.1179339171974522,0,25,None,66,1,5,False,1000,1000
35,0,degCent,10,0.1572452229299363,0,26,None,66,1,5,False,1000,1000
36,1,degCent,10,0.10828025477707,0,26,None,66,1,5,False,1000,1000
37,2,degCent,10,0.1353503184713375,0,26,None,66,1,5,False,1000,1000
38,3,degCent,10,0.169984076433121,0,26,None,66,1,5,False,1000,1000
39,4,degCent,10,0.1857085987261146,0,26,None,66,1,5,False,1000,1000
40,0,degCent,10,0.3624601910828025,0,12,None,66,1,5,False,1000,1000
41,1,degCent,10,0.3288216560509554,0,12,None,66,1,5,False,1000,1000
42,2,degCent,10,0.3632563694267516,0,12,None,66,1,5,False,1000,1000
43,3,degCent,10,0.458499203821656,0,12,None,66,1,5,False,1000,1000
44,4,degCent,10,0.5087579617834395,0,12,None,66,1,5,False,1000,1000
45,0,degCent,10,0.1572452229299363,0,17,None,66,1,5,False,1000,1000
46,1,degCent,10,0.1567476114649681,0,17,None,66,1,5,False,1000,1000
47,2,degCent,10,0.1948646496815286,0,17,None,66,1,5,False,1000,1000
48,3,degCent,10,0.2240246815286624,0,17,None,66,1,5,False,1000,1000
49,4,degCent,10,0.2231289808917197,0,17,None,66,1,5,False,1000,1000
50,0,degCent,10,0.198546974522293,0,24,None,66,1,5,False,1000,1000
51,1,degCent,10,0.3818670382165605,0,24,None,66,1,5,False,1000,1000
52,2,degCent,10,0.4368033439490446,0,24,None,66,1,5,False,1000,1000
53,3,degCent,10,0.4607882165605095,0,24,None,66,1,5,False,1000,1000
54,4,degCent,10,0.443968949044586,0,24,None,66,1,5,False,1000,1000
55,0,degCent,10,0.1140525477707006,0,30,None,66,1,5,False,1000,1000
56,1,degCent,10,0.1442078025477707,0,30,None,66,1,5,False,1000,1000
57,2,degCent,10,0.1732683121019108,0,30,None,66,1,5,False,1000,1000
58,3,degCent,10,0.2380573248407643,0,30,None,66,1,5,False,1000,1000
59,4,degCent,10,0.2924960191082802,0,30,None,66,1,5,False,1000,1000
60,0,degCent,10,0.2018312101910828,0,31,None,66,1,5,False,1000,1000
61,1,degCent,10,0.2203423566878981,0,31,None,66,1,5,False,1000,1000
62,2,degCent,10,0.2535828025477707,0,31,None,66,1,5,False,1000,1000
63,3,degCent,10,0.2741839171974522,0,31,None,66,1,5,False,1000,1000
64,4,degCent,10,0.3021496815286624,0,31,None,66,1,5,False,1000,1000
65,0,degCent,10,0.1020103503184713,0,18,None,66,1,5,False,1000,1000
66,1,degCent,10,0.1036027070063694,0,18,None,66,1,5,False,1000,1000
67,2,degCent,10,0.1209195859872611,0,18,None,66,1,5,False,1000,1000
68,3,degCent,10,0.1652070063694267,0,18,None,66,1,5,False,1000,1000
69,4,degCent,10,0.1927746815286624,0,18,None,66,1,5,False,1000,1000
70,0,degCent,10,0.1888933121019108,0,7,None,66,1,5,False,1000,1000
71,1,degCent,10,0.2377587579617834,0,7,None,66,1,5,False,1000,1000
72,2,degCent,10,0.2718949044585987,0,7,None,66,1,5,False,1000,1000
73,3,degCent,10,0.3556926751592357,0,7,None,66,1,5,False,1000,1000
74,4,degCent,10,0.4144108280254777,0,7,None,66,1,5,False,1000,1000
75,0,degCent,10,0.1649084394904458,0,32,None,66,1,5,False,1000,1000
76,1,degCent,10,0.1902866242038216,0,32,None,66,1,5,False,1000,1000
77,2,degCent,10,0.1944665605095541,0,32,None,66,1,5,False,1000,1000
78,3,degCent,10,0.2309912420382165,0,32,None,66,1,5,False,1000,1000
79,4,degCent,10,0.2849323248407643,0,32,None,66,1,5,False,1000,1000
80,0,degCent,10,0.0995222929936305,0,1,None,66,1,5,False,1000,1000
81,1,degCent,10,0.0995222929936305,0,1,None,66,1,5,False,1000,1000
82,2,degCent,10,0.1000199044585987,0,1,None,66,1,5,False,1000,1000
83,3,degCent,10,0.1351512738853503,0,1,None,66,1,5,False,1000,1000
84,4,degCent,10,0.1979498407643312,0,1,None,66,1,5,False,1000,1000
85,0,degCent,10,0.0950437898089172,0,2,None,66,1,5,False,1000,1000
86,1,degCent,10,0.0966361464968152,0,2,None,66,1,5,False,1000,1000
87,2,degCent,10,0.0989251592356687,0,2,None,66,1,5,False,1000,1000
88,3,degCent,10,0.1006170382165605,0,2,None,66,1,5,False,1000,1000
89,4,degCent,10,0.1009156050955414,0,2,None,66,1,5,False,1000,1000
90,0,degCent,10,0.26453025477707,0,8,None,66,1,5,False,1000,1000
91,1,degCent,10,0.3690286624203822,0,8,None,66,1,5,False,1000,1000
92,2,degCent,10,0.4280453821656051,0,8,None,66,1,5,False,1000,1000
93,3,degCent,10,0.4339171974522293,0,8,None,66,1,5,False,1000,1000
94,4,degCent,10,0.4454617834394904,0,8,None,66,1,5,False,1000,1000
95,0,degCent,10,0.224124203821656,0,9,None,66,1,5,False,1000,1000
96,1,degCent,10,0.339171974522293,0,9,None,66,1,5,False,1000,1000
97,2,degCent,10,0.6014132165605095,0,9,None,66,1,5,False,1000,1000
98,3,degCent,10,0.6267914012738853,0,9,None,66,1,5,False,1000,1000
99,4,degCent,10,0.6404259554140127,0,9,None,66,1,5,False,1000,1000
100,0,degCent,10,0.0556329617834394,0,13,None,66,1,5,False,1000,1000
101,1,degCent,10,0.0787221337579617,0,13,None,66,1,5,False,1000,1000
102,2,degCent,10,0.1065883757961783,0,13,None,66,1,5,False,1000,1000
103,3,degCent,10,0.1202229299363057,0,13,None,66,1,5,False,1000,1000
104,4,degCent,10,0.1242038216560509,0,13,None,66,1,5,False,1000,1000
105,0,degCent,10,0.1200238853503184,0,21,None,66,1,5,False,1000,1000
106,1,degCent,10,0.1492834394904458,0,21,None,66,1,5,False,1000,1000
107,2,degCent,10,0.1792396496815286,0,21,None,66,1,5,False,1000,1000
108,3,degCent,10,0.2004378980891719,0,21,None,66,1,5,False,1000,1000
109,4,degCent,10,0.2115843949044586,0,21,None,66,1,5,False,1000,1000
110,0,degCent,10,0.2505971337579618,0,27,None,66,1,5,False,1000,1000
111,1,degCent,10,0.2730891719745223,0,27,None,66,1,5,False,1000,1000
112,2,degCent,10,0.3152866242038216,0,27,None,66,1,5,False,1000,1000
113,3,degCent,10,0.3736066878980891,0,27,None,66,1,5,False,1000,1000
114,4,degCent,10,0.4433718152866242,0,27,None,66,1,5,False,1000,1000
115,0,degCent,10,0.3193670382165605,0,28,None,66,1,5,False,1000,1000
116,1,degCent,10,0.3564888535031847,0,28,None,66,1,5,False,1000,1000
117,2,degCent,10,0.3811703821656051,0,28,None,66,1,5,False,1000,1000
118,3,degCent,10,0.4117237261146497,0,28,None,66,1,5,False,1000,1000
119,4,degCent,10,0.4174960191082802,0,28,None,66,1,5,False,1000,1000
120,0,degCent,10,0.0995222929936305,0,29,None,66,1,5,False,1000,1000
121,1,degCent,10,0.0995222929936305,0,29,None,66,1,5,False,1000,1000
122,2,degCent,10,0.0995222929936305,0,29,None,66,1,5,False,1000,1000
123,3,degCent,10,0.0995222929936305,0,29,None,66,1,5,False,1000,1000
124,4,degCent,10,0.0995222929936305,0,29,None,66,1,5,False,1000,1000
125,0,degCent,10,0.2403463375796178,0,5,None,66,1,5,False,1000,1000
126,1,degCent,10,0.3669386942675159,0,5,None,66,1,5,False,1000,1000
127,2,degCent,10,0.4132165605095541,0,5,None,66,1,5,False,1000,1000
128,3,degCent,10,0.4335191082802547,0,5,None,66,1,5,False,1000,1000
129,4,degCent,10,0.4388933121019108,0,5,None,66,1,5,False,1000,1000
130,0,degCent,10,0.1189291401273885,0,6,None,66,1,5,False,1000,1000
131,1,degCent,10,0.1560509554140127,0,6,None,66,1,5,False,1000,1000
132,2,degCent,10,0.2308917197452229,0,6,None,66,1,5,False,1000,1000
133,3,degCent,10,0.2548765923566879,0,6,None,66,1,5,False,1000,1000
134,4,degCent,10,0.2821457006369426,0,6,None,66,1,5,False,1000,1000
135,0,degCent,10,0.0790207006369426,0,3,None,66,1,5,False,1000,1000
136,1,degCent,10,0.0784235668789808,0,3,None,66,1,5,False,1000,1000
137,2,degCent,10,0.0759355095541401,0,3,None,66,1,5,False,1000,1000
138,3,degCent,10,0.0745421974522293,0,3,None,66,1,5,False,1000,1000
139,4,degCent,10,0.0894705414012738,0,3,None,66,1,5,False,1000,1000
140,0,degCent,10,0.2486066878980891,0,14,None,66,1,5,False,1000,1000
141,1,degCent,10,0.2948845541401274,0,14,None,66,1,5,False,1000,1000
142,2,degCent,10,0.3857484076433121,0,14,None,66,1,5,False,1000,1000
143,3,degCent,10,0.4211783439490446,0,14,None,66,1,5,False,1000,1000
144,4,degCent,10,0.431031050955414,0,14,None,66,1,5,False,1000,1000
145,0,degCent,10,0.1086783439490445,0,4,None,66,1,5,False,1000,1000
146,1,degCent,10,0.1133558917197452,0,4,None,66,1,5,False,1000,1000
147,2,degCent,10,0.1762539808917197,0,4,None,66,1,5,False,1000,1000
148,3,degCent,10,0.257265127388535,0,4,None,66,1,5,False,1000,1000
149,4,degCent,10,0.2932921974522293,0,4,None,66,1,5,False,1000,1000
150,0,degCent,10,0.1100716560509554,0,22,None,66,1,5,False,1000,1000
151,1,degCent,10,0.2239251592356688,0,22,None,66,1,5,False,1000,1000
152,2,degCent,10,0.3188694267515923,0,22,None,66,1,5,False,1000,1000
153,3,degCent,10,0.4157046178343949,0,22,None,66,1,5,False,1000,1000
154,4,degCent,10,0.4670581210191082,0,22,None,66,1,5,False,1000,1000
155,0,degCent,10,0.1399283439490445,0,23,None,66,1,5,False,1000,1000
156,1,degCent,10,0.2019307324840764,0,23,None,66,1,5,False,1000,1000
157,2,degCent,10,0.3047372611464968,0,23,None,66,1,5,False,1000,1000
158,3,degCent,10,0.3581807324840764,0,23,None,66,1,5,False,1000,1000
159,4,degCent,10,0.3683320063694267,0,23,None,66,1,5,False,1000,1000
160,0,degCent,10,0.1001194267515923,0,0,None,66,1,5,False,1000,1000
161,1,degCent,10,0.1196257961783439,0,0,None,66,1,5,False,1000,1000
162,2,degCent,10,0.1593351910828025,0,0,None,66,1,5,False,1000,1000
163,3,degCent,10,0.2074044585987261,0,0,None,66,1,5,False,1000,1000
164,4,degCent,10,0.2717953821656051,0,0,None,66,1,5,False,1000,1000
165,5,degCent,10,0.3634554140127388,0,26,None,66,1,5,False,1000,1000
166,6,degCent,10,0.3573845541401274,0,26,None,66,1,5,False,1000,1000
167,7,degCent,10,0.3783837579617834,0,26,None,66,1,5,False,1000,1000
168,8,degCent,10,0.4141122611464968,0,26,None,66,1,5,False,1000,1000
169,9,degCent,10,0.3958001592356688,0,26,None,66,1,5,False,1000,1000
170,5,degCent,10,0.1553542993630573,0,22,None,66,1,5,False,1000,1000
171,6,degCent,10,0.2110867834394904,0,22,None,66,1,5,False,1000,1000
172,7,degCent,10,0.2542794585987261,0,22,None,66,1,5,False,1000,1000
173,8,degCent,10,0.3034434713375796,0,22,None,66,1,5,False,1000,1000
174,9,degCent,10,0.3286226114649681,0,22,None,66,1,5,False,1000,1000
175,5,degCent,10,0.2283041401273885,0,23,None,66,1,5,False,1000,1000
176,6,degCent,10,0.2525875796178344,0,23,None,66,1,5,False,1000,1000
177,7,degCent,10,0.277468152866242,0,23,None,66,1,5,False,1000,1000
178,8,degCent,10,0.2994625796178344,0,23,None,66,1,5,False,1000,1000
179,9,degCent,10,0.3173765923566879,0,23,None,66,1,5,False,1000,1000
180,5,degCent,10,0.2104896496815286,0,8,None,66,1,5,False,1000,1000
181,6,degCent,10,0.4791003184713376,0,8,None,66,1,5,False,1000,1000
182,7,degCent,10,0.4840764331210191,0,8,None,66,1,5,False,1000,1000
183,8,degCent,10,0.4785031847133758,0,8,None,66,1,5,False,1000,1000
184,9,degCent,10,0.4844745222929936,0,8,None,66,1,5,False,1000,1000
185,5,degCent,10,0.222233280254777,0,13,None,66,1,5,False,1000,1000
186,6,degCent,10,0.2178542993630573,0,13,None,66,1,5,False,1000,1000
187,7,degCent,10,0.2116839171974522,0,13,None,66,1,5,False,1000,1000
188,8,degCent,10,0.2057125796178344,0,13,None,66,1,5,False,1000,1000
189,9,degCent,10,0.1984474522292993,0,13,None,66,1,5,False,1000,1000
190,5,degCent,10,0.3322054140127388,0,19,None,66,1,5,False,1000,1000
191,6,degCent,10,0.32703025477707,0,19,None,66,1,5,False,1000,1000
192,7,degCent,10,0.3388734076433121,0,19,None,66,1,5,False,1000,1000
193,8,degCent,10,0.3428542993630573,0,19,None,66,1,5,False,1000,1000
194,9,degCent,10,0.3410628980891719,0,19,None,66,1,5,False,1000,1000
195,5,degCent,10,0.2105891719745223,0,21,None,66,1,5,False,1000,1000
196,6,degCent,10,0.2225318471337579,0,21,None,66,1,5,False,1000,1000
197,7,degCent,10,0.23328025477707,0,21,None,66,1,5,False,1000,1000
198,8,degCent,10,0.2426353503184713,0,21,None,66,1,5,False,1000,1000
199,9,degCent,10,0.258359872611465,0,21,None,66,1,5,False,1000,1000
200,5,degCent,10,0.0995222929936305,0,14,None,66,1,5,False,1000,1000
201,6,degCent,10,0.0995222929936305,0,14,None,66,1,5,False,1000,1000
202,7,degCent,10,0.0995222929936305,0,14,None,66,1,5,False,1000,1000
203,8,degCent,10,0.0995222929936305,0,14,None,66,1,5,False,1000,1000
204,9,degCent,10,0.0995222929936305,0,14,None,66,1,5,False,1000,1000
205,5,degCent,10,0.386843152866242,0,25,None,66,1,5,False,1000,1000
206,6,degCent,10,0.4618829617834395,0,25,None,66,1,5,False,1000,1000
207,7,degCent,10,0.5188097133757962,0,25,None,66,1,5,False,1000,1000
208,8,degCent,10,0.5647890127388535,0,25,None,66,1,5,False,1000,1000
209,9,degCent,10,0.5763335987261147,0,25,None,66,1,5,False,1000,1000
210,5,degCent,10,0.2798566878980891,0,29,None,66,1,5,False,1000,1000
211,6,degCent,10,0.2901074840764331,0,29,None,66,1,5,False,1000,1000
212,7,degCent,10,0.2890127388535032,0,29,None,66,1,5,False,1000,1000
213,8,degCent,10,0.2910031847133758,0,29,None,66,1,5,False,1000,1000
214,9,degCent,10,0.2913017515923566,0,29,None,66,1,5,False,1000,1000
215,5,degCent,10,0.1758558917197452,0,24,None,66,1,5,False,1000,1000
216,6,degCent,10,0.1940684713375796,0,24,None,66,1,5,False,1000,1000
217,7,degCent,10,0.1969546178343949,0,24,None,66,1,5,False,1000,1000
218,8,degCent,10,0.1997412420382165,0,24,None,66,1,5,False,1000,1000
219,9,degCent,10,0.2354697452229299,0,24,None,66,1,5,False,1000,1000
220,5,degCent,10,0.2461186305732484,0,27,None,66,1,5,False,1000,1000
221,6,degCent,10,0.3021496815286624,0,27,None,66,1,5,False,1000,1000
222,7,degCent,10,0.3425557324840764,0,27,None,66,1,5,False,1000,1000
223,8,degCent,10,0.3302149681528662,0,27,None,66,1,5,False,1000,1000
224,9,degCent,10,0.3094148089171974,0,27,None,66,1,5,False,1000,1000
225,5,degCent,10,0.2698049363057325,0,30,None,66,1,5,False,1000,1000
226,6,degCent,10,0.2439291401273885,0,30,None,66,1,5,False,1000,1000
227,7,degCent,10,0.2047173566878981,0,30,None,66,1,5,False,1000,1000
228,8,degCent,10,0.1953622611464968,0,30,None,66,1,5,False,1000,1000
229,9,degCent,10,0.1961584394904458,0,30,None,66,1,5,False,1000,1000
230,5,degCent,10,0.18640525477707,0,31,None,66,1,5,False,1000,1000
231,6,degCent,10,0.2207404458598726,0,31,None,66,1,5,False,1000,1000
232,7,degCent,10,0.2452229299363057,0,31,None,66,1,5,False,1000,1000
233,8,degCent,10,0.259156050955414,0,31,None,66,1,5,False,1000,1000
234,9,degCent,10,0.2729896496815286,0,31,None,66,1,5,False,1000,1000
235,5,degCent,10,0.4049562101910828,0,16,None,66,1,5,False,1000,1000
236,6,degCent,10,0.3806727707006369,0,16,None,66,1,5,False,1000,1000
237,7,degCent,10,0.3911226114649681,0,16,None,66,1,5,False,1000,1000
238,8,degCent,10,0.3478304140127388,0,16,None,66,1,5,False,1000,1000
239,9,degCent,10,0.4392914012738853,0,16,None,66,1,5,False,1000,1000
240,5,degCent,10,0.1477906050955414,0,32,None,66,1,5,False,1000,1000
241,6,degCent,10,0.1117635350318471,0,32,None,66,1,5,False,1000,1000
242,7,degCent,10,0.1153463375796178,0,32,None,66,1,5,False,1000,1000
243,8,degCent,10,0.1269904458598726,0,32,None,66,1,5,False,1000,1000
244,9,degCent,10,0.1464968152866242,0,32,None,66,1,5,False,1000,1000
245,5,degCent,10,0.0995222929936305,0,6,None,66,1,5,False,1000,1000
246,6,degCent,10,0.0995222929936305,0,6,None,66,1,5,False,1000,1000
247,7,degCent,10,0.0995222929936305,0,6,None,66,1,5,False,1000,1000
248,8,degCent,10,0.0995222929936305,0,6,None,66,1,5,False,1000,1000
249,9,degCent,10,0.0995222929936305,0,6,None,66,1,5,False,1000,1000
250,5,degCent,10,0.3190684713375796,0,1,None,66,1,5,False,1000,1000
251,6,degCent,10,0.3505175159235669,0,1,None,66,1,5,False,1000,1000
252,7,degCent,10,0.3607683121019108,0,1,None,66,1,5,False,1000,1000
253,8,degCent,10,0.3707205414012738,0,1,None,66,1,5,False,1000,1000
254,9,degCent,10,0.3916202229299363,0,1,None,66,1,5,False,1000,1000
255,5,degCent,10,0.0995222929936305,0,2,None,66,1,5,False,1000,1000
256,6,degCent,10,0.0995222929936305,0,2,None,66,1,5,False,1000,1000
257,7,degCent,10,0.0995222929936305,0,2,None,66,1,5,False,1000,1000
258,8,degCent,10,0.0995222929936305,0,2,None,66,1,5,False,1000,1000
259,9,degCent,10,0.0995222929936305,0,2,None,66,1,5,False,1000,1000
260,5,degCent,10,0.1190286624203821,0,0,None,66,1,5,False,1000,1000
261,6,degCent,10,0.1345541401273885,0,0,None,66,1,5,False,1000,1000
262,7,degCent,10,0.1456011146496815,0,0,None,66,1,5,False,1000,1000
263,8,degCent,10,0.1578423566878981,0,0,None,66,1,5,False,1000,1000
264,9,degCent,10,0.1861066878980891,0,0,None,66,1,5,False,1000,1000
265,5,degCent,10,0.1065883757961783,0,3,None,66,1,5,False,1000,1000
266,6,degCent,10,0.0996218152866242,0,3,None,66,1,5,False,1000,1000
267,7,degCent,10,0.0995222929936305,0,3,None,66,1,5,False,1000,1000
268,8,degCent,10,0.0995222929936305,0,3,None,66,1,5,False,1000,1000
269,9,degCent,10,0.0995222929936305,0,3,None,66,1,5,False,1000,1000
270,5,degCent,10,0.0995222929936305,0,4,None,66,1,5,False,1000,1000
271,6,degCent,10,0.0995222929936305,0,4,None,66,1,5,False,1000,1000
272,7,degCent,10,0.0995222929936305,0,4,None,66,1,5,False,1000,1000
273,8,degCent,10,0.1000199044585987,0,4,None,66,1,5,False,1000,1000
274,9,degCent,10,0.1100716560509554,0,4,None,66,1,5,False,1000,1000
275,5,degCent,10,0.0995222929936305,0,5,None,66,1,5,False,1000,1000
276,6,degCent,10,0.0995222929936305,0,5,None,66,1,5,False,1000,1000
277,7,degCent,10,0.0995222929936305,0,5,None,66,1,5,False,1000,1000
278,8,degCent,10,0.1005175159235668,0,5,None,66,1,5,False,1000,1000
279,9,degCent,10,0.109375,0,5,None,66,1,5,False,1000,1000
280,5,degCent,10,0.1716759554140127,0,7,None,66,1,5,False,1000,1000
281,6,degCent,10,0.2517914012738853,0,7,None,66,1,5,False,1000,1000
282,7,degCent,10,0.3011544585987261,0,7,None,66,1,5,False,1000,1000
283,8,degCent,10,0.3430533439490446,0,7,None,66,1,5,False,1000,1000
284,9,degCent,10,0.3653463375796178,0,7,None,66,1,5,False,1000,1000
285,5,degCent,10,0.1927746815286624,0,9,None,66,1,5,False,1000,1000
286,6,degCent,10,0.3546974522292994,0,9,None,66,1,5,False,1000,1000
287,7,degCent,10,0.293093152866242,0,9,None,66,1,5,False,1000,1000
288,8,degCent,10,0.2913017515923566,0,9,None,66,1,5,False,1000,1000
289,9,degCent,10,0.4277468152866242,0,9,None,66,1,5,False,1000,1000
290,5,degCent,10,0.2270103503184713,0,10,None,66,1,5,False,1000,1000
291,6,degCent,10,0.2797571656050955,0,10,None,66,1,5,False,1000,1000
292,7,degCent,10,0.2743829617834395,0,10,None,66,1,5,False,1000,1000
293,8,degCent,10,0.2581608280254777,0,10,None,66,1,5,False,1000,1000
294,9,degCent,10,0.2329816878980891,0,10,None,66,1,5,False,1000,1000
295,5,degCent,10,0.0527468152866242,0,11,None,66,1,5,False,1000,1000
296,6,degCent,10,0.0817078025477707,0,11,None,66,1,5,False,1000,1000
297,7,degCent,10,0.0993232484076433,0,11,None,66,1,5,False,1000,1000
298,8,degCent,10,0.0995222929936305,0,11,None,66,1,5,False,1000,1000
299,9,degCent,10,0.0995222929936305,0,11,None,66,1,5,False,1000,1000
300,5,degCent,10,0.3086186305732484,0,12,None,66,1,5,False,1000,1000
301,6,degCent,10,0.3590764331210191,0,12,None,66,1,5,False,1000,1000
302,7,degCent,10,0.2667197452229299,0,12,None,66,1,5,False,1000,1000
303,8,degCent,10,0.2301950636942675,0,12,None,66,1,5,False,1000,1000
304,9,degCent,10,0.2104896496815286,0,12,None,66,1,5,False,1000,1000
305,5,degCent,10,0.2123805732484076,0,15,None,66,1,5,False,1000,1000
306,6,degCent,10,0.2668192675159235,0,15,None,66,1,5,False,1000,1000
307,7,degCent,10,0.2908041401273885,0,15,None,66,1,5,False,1000,1000
308,8,degCent,10,0.3232484076433121,0,15,None,66,1,5,False,1000,1000
309,9,degCent,10,0.3397691082802547,0,15,None,66,1,5,False,1000,1000
310,5,degCent,10,0.1190286624203821,0,17,None,66,1,5,False,1000,1000
311,6,degCent,10,0.1454020700636942,0,17,None,66,1,5,False,1000,1000
312,7,degCent,10,0.1601313694267516,0,17,None,66,1,5,False,1000,1000
313,8,degCent,10,0.1741640127388535,0,17,None,66,1,5,False,1000,1000
314,9,degCent,10,0.1881966560509554,0,17,None,66,1,5,False,1000,1000
315,5,degCent,10,0.0973328025477707,0,18,None,66,1,5,False,1000,1000
316,6,degCent,10,0.1181329617834394,0,18,None,66,1,5,False,1000,1000
317,7,degCent,10,0.1448049363057325,0,18,None,66,1,5,False,1000,1000
318,8,degCent,10,0.1674960191082802,0,18,None,66,1,5,False,1000,1000
319,9,degCent,10,0.1783439490445859,0,18,None,66,1,5,False,1000,1000
320,5,degCent,10,0.1209195859872611,0,28,None,66,1,5,False,1000,1000
321,6,degCent,10,0.1423168789808917,0,28,None,66,1,5,False,1000,1000
322,7,degCent,10,0.1592356687898089,0,28,None,66,1,5,False,1000,1000
323,8,degCent,10,0.1937699044585987,0,28,None,66,1,5,False,1000,1000
324,9,degCent,10,0.2072054140127388,0,28,None,66,1,5,False,1000,1000
325,5,degCent,10,0.1313694267515923,0,20,None,66,1,5,False,1000,1000
326,6,degCent,10,0.1321656050955414,0,20,None,66,1,5,False,1000,1000
327,7,degCent,10,0.1286823248407643,0,20,None,66,1,5,False,1000,1000
328,8,degCent,10,0.1255971337579617,0,20,None,66,1,5,False,1000,1000
329,9,degCent,10,0.1224124203821656,0,20,None,66,1,5,False,1000,1000
330,10,degCent,10,0.2083996815286624,0,1,None,66,1,5,False,1000,1000
331,11,degCent,10,0.2277070063694267,0,1,None,66,1,5,False,1000,1000
332,12,degCent,10,0.2605493630573248,0,1,None,66,1,5,False,1000,1000
333,13,degCent,10,0.2738853503184713,0,1,None,66,1,5,False,1000,1000
334,14,degCent,10,0.2768710191082802,0,1,None,66,1,5,False,1000,1000
335,10,degCent,10,0.0996218152866242,0,2,None,66,1,5,False,1000,1000
336,11,degCent,10,0.1032046178343949,0,2,None,66,1,5,False,1000,1000
337,12,degCent,10,0.1281847133757961,0,2,None,66,1,5,False,1000,1000
338,13,degCent,10,0.1567476114649681,0,2,None,66,1,5,False,1000,1000
339,14,degCent,10,0.1621218152866242,0,2,None,66,1,5,False,1000,1000
340,10,degCent,10,0.3283240445859872,0,29,None,66,1,5,False,1000,1000
341,11,degCent,10,0.3252388535031847,0,29,None,66,1,5,False,1000,1000
342,12,degCent,10,0.2836385350318471,0,29,None,66,1,5,False,1000,1000
343,13,degCent,10,0.2641321656050955,0,29,None,66,1,5,False,1000,1000
344,14,degCent,10,0.267515923566879,0,29,None,66,1,5,False,1000,1000
345,10,degCent,10,0.1008160828025477,0,15,None,66,1,5,False,1000,1000
346,11,degCent,10,0.1325636942675159,0,15,None,66,1,5,False,1000,1000
347,12,degCent,10,0.25,0,15,None,66,1,5,False,1000,1000
348,13,degCent,10,0.330015923566879,0,15,None,66,1,5,False,1000,1000
349,14,degCent,10,0.2996616242038216,0,15,None,66,1,5,False,1000,1000
350,10,degCent,10,0.1614251592356688,0,13,None,66,1,5,False,1000,1000
351,11,degCent,10,0.1539609872611465,0,13,None,66,1,5,False,1000,1000
352,12,degCent,10,0.1484872611464968,0,13,None,66,1,5,False,1000,1000
353,13,degCent,10,0.1412221337579617,0,13,None,66,1,5,False,1000,1000
354,14,degCent,10,0.1366441082802547,0,13,None,66,1,5,False,1000,1000
355,10,degCent,10,0.1988455414012739,0,11,None,66,1,5,False,1000,1000
356,11,degCent,10,0.1973527070063694,0,11,None,66,1,5,False,1000,1000
357,12,degCent,10,0.1835191082802547,0,11,None,66,1,5,False,1000,1000
358,13,degCent,10,0.1559514331210191,0,11,None,66,1,5,False,1000,1000
359,14,degCent,10,0.1332603503184713,0,11,None,66,1,5,False,1000,1000
360,10,degCent,10,0.0995222929936305,0,30,None,66,1,5,False,1000,1000
361,11,degCent,10,0.0995222929936305,0,30,None,66,1,5,False,1000,1000
362,12,degCent,10,0.0995222929936305,0,30,None,66,1,5,False,1000,1000
363,13,degCent,10,0.0995222929936305,0,30,None,66,1,5,False,1000,1000
364,14,degCent,10,0.0995222929936305,0,30,None,66,1,5,False,1000,1000
365,10,degCent,10,0.1752587579617834,0,5,None,66,1,5,False,1000,1000
366,11,degCent,10,0.1890923566878981,0,5,None,66,1,5,False,1000,1000
367,12,degCent,10,0.2064092356687898,0,5,None,66,1,5,False,1000,1000
368,13,degCent,10,0.2384554140127388,0,5,None,66,1,5,False,1000,1000
369,14,degCent,10,0.2713972929936306,0,5,None,66,1,5,False,1000,1000
370,10,degCent,10,0.1003184713375796,0,7,None,66,1,5,False,1000,1000
371,11,degCent,10,0.1034036624203821,0,7,None,66,1,5,False,1000,1000
372,12,degCent,10,0.1151472929936305,0,7,None,66,1,5,False,1000,1000
373,13,degCent,10,0.136046974522293,0,7,None,66,1,5,False,1000,1000
374,14,degCent,10,0.1641122611464968,0,7,None,66,1,5,False,1000,1000
375,10,degCent,10,0.303343949044586,0,16,None,66,1,5,False,1000,1000
376,11,degCent,10,0.3245421974522293,0,16,None,66,1,5,False,1000,1000
377,12,degCent,10,0.2775676751592357,0,16,None,66,1,5,False,1000,1000
378,13,degCent,10,0.2278065286624203,0,16,None,66,1,5,False,1000,1000
379,14,degCent,10,0.1984474522292993,0,16,None,66,1,5,False,1000,1000
380,10,degCent,10,0.4510350318471338,0,25,None,66,1,5,False,1000,1000
381,11,degCent,10,0.4463574840764331,0,25,None,66,1,5,False,1000,1000
382,12,degCent,10,0.4396894904458598,0,25,None,66,1,5,False,1000,1000
383,13,degCent,10,0.4348128980891719,0,25,None,66,1,5,False,1000,1000
384,14,degCent,10,0.4315286624203822,0,25,None,66,1,5,False,1000,1000
385,10,degCent,10,0.1851114649681528,0,14,None,66,1,5,False,1000,1000
386,11,degCent,10,0.2350716560509554,0,14,None,66,1,5,False,1000,1000
387,12,degCent,10,0.2681130573248407,0,14,None,66,1,5,False,1000,1000
388,13,degCent,10,0.2853304140127388,0,14,None,66,1,5,False,1000,1000
389,14,degCent,10,0.3011544585987261,0,14,None,66,1,5,False,1000,1000
390,10,degCent,10,0.3836584394904458,0,9,None,66,1,5,False,1000,1000
391,11,degCent,10,0.293889331210191,0,9,None,66,1,5,False,1000,1000
392,12,degCent,10,0.29578025477707,0,9,None,66,1,5,False,1000,1000
393,13,degCent,10,0.4119227707006369,0,9,None,66,1,5,False,1000,1000
394,14,degCent,10,0.4389928343949044,0,9,None,66,1,5,False,1000,1000
395,10,degCent,10,0.1474920382165605,0,26,None,66,1,5,False,1000,1000
396,11,degCent,10,0.1931727707006369,0,26,None,66,1,5,False,1000,1000
397,12,degCent,10,0.1971536624203821,0,26,None,66,1,5,False,1000,1000
398,13,degCent,10,0.1813296178343949,0,26,None,66,1,5,False,1000,1000
399,14,degCent,10,0.1089769108280254,0,26,None,66,1,5,False,1000,1000
400,10,degCent,10,0.1754578025477707,0,12,None,66,1,5,False,1000,1000
401,11,degCent,10,0.2897093949044586,0,12,None,66,1,5,False,1000,1000
402,12,degCent,10,0.2412420382165605,0,12,None,66,1,5,False,1000,1000
403,13,degCent,10,0.2209394904458598,0,12,None,66,1,5,False,1000,1000
404,14,degCent,10,0.2283041401273885,0,12,None,66,1,5,False,1000,1000
405,10,degCent,10,0.2679140127388535,0,24,None,66,1,5,False,1000,1000
406,11,degCent,10,0.2937898089171974,0,24,None,66,1,5,False,1000,1000
407,12,degCent,10,0.3020501592356688,0,24,None,66,1,5,False,1000,1000
408,13,degCent,10,0.3343949044585987,0,24,None,66,1,5,False,1000,1000
409,14,degCent,10,0.3427547770700637,0,24,None,66,1,5,False,1000,1000
410,10,degCent,10,0.1042993630573248,0,17,None,66,1,5,False,1000,1000
411,11,degCent,10,0.1302746815286624,0,17,None,66,1,5,False,1000,1000
412,12,degCent,10,0.1831210191082802,0,17,None,66,1,5,False,1000,1000
413,13,degCent,10,0.2359673566878981,0,17,None,66,1,5,False,1000,1000
414,14,degCent,10,0.2752786624203822,0,17,None,66,1,5,False,1000,1000
415,10,degCent,10,0.1437101910828025,0,27,None,66,1,5,False,1000,1000
416,11,degCent,10,0.1503781847133758,0,27,None,66,1,5,False,1000,1000
417,12,degCent,10,0.1801353503184713,0,27,None,66,1,5,False,1000,1000
418,13,degCent,10,0.2309912420382165,0,27,None,66,1,5,False,1000,1000
419,14,degCent,10,0.2745820063694267,0,27,None,66,1,5,False,1000,1000
420,10,degCent,10,0.166202229299363,0,21,None,66,1,5,False,1000,1000
421,11,degCent,10,0.1668988853503184,0,21,None,66,1,5,False,1000,1000
422,12,degCent,10,0.1669984076433121,0,21,None,66,1,5,False,1000,1000
423,13,degCent,10,0.1674960191082802,0,21,None,66,1,5,False,1000,1000
424,14,degCent,10,0.1683917197452229,0,21,None,66,1,5,False,1000,1000
425,10,degCent,10,0.1073845541401273,0,28,None,66,1,5,False,1000,1000
426,11,degCent,10,0.1351512738853503,0,28,None,66,1,5,False,1000,1000
427,12,degCent,10,0.1761544585987261,0,28,None,66,1,5,False,1000,1000
428,13,degCent,10,0.2533837579617834,0,28,None,66,1,5,False,1000,1000
429,14,degCent,10,0.3168789808917197,0,28,None,66,1,5,False,1000,1000
430,10,degCent,10,0.1797372611464968,0,19,None,66,1,5,False,1000,1000
431,11,degCent,10,0.1866042993630573,0,19,None,66,1,5,False,1000,1000
432,12,degCent,10,0.1709792993630573,0,19,None,66,1,5,False,1000,1000
433,13,degCent,10,0.1683917197452229,0,19,None,66,1,5,False,1000,1000
434,14,degCent,10,0.1713773885350318,0,19,None,66,1,5,False,1000,1000
435,10,degCent,10,0.1075835987261146,0,18,None,66,1,5,False,1000,1000
436,11,degCent,10,0.1235071656050955,0,18,None,66,1,5,False,1000,1000
437,12,degCent,10,0.1409235668789809,0,18,None,66,1,5,False,1000,1000
438,13,degCent,10,0.1544585987261146,0,18,None,66,1,5,False,1000,1000
439,14,degCent,10,0.1825238853503184,0,18,None,66,1,5,False,1000,1000
440,10,degCent,10,0.0995222929936305,0,31,None,66,1,5,False,1000,1000
441,11,degCent,10,0.1198248407643312,0,31,None,66,1,5,False,1000,1000
442,12,degCent,10,0.2555732484076433,0,31,None,66,1,5,False,1000,1000
443,13,degCent,10,0.2613455414012738,0,31,None,66,1,5,False,1000,1000
444,14,degCent,10,0.2778662420382166,0,31,None,66,1,5,False,1000,1000
445,10,degCent,10,0.101811305732484,0,0,None,66,1,5,False,1000,1000
446,11,degCent,10,0.1203224522292993,0,0,None,66,1,5,False,1000,1000
447,12,degCent,10,0.1630175159235669,0,0,None,66,1,5,False,1000,1000
448,13,degCent,10,0.2140724522292993,0,0,None,66,1,5,False,1000,1000
449,14,degCent,10,0.2439291401273885,0,0,None,66,1,5,False,1000,1000
450,10,degCent,10,0.0995222929936305,0,3,None,66,1,5,False,1000,1000
451,11,degCent,10,0.0996218152866242,0,3,None,66,1,5,False,1000,1000
452,12,degCent,10,0.0997213375796178,0,3,None,66,1,5,False,1000,1000
453,13,degCent,10,0.0997213375796178,0,3,None,66,1,5,False,1000,1000
454,14,degCent,10,0.0998208598726114,0,3,None,66,1,5,False,1000,1000
455,10,degCent,10,0.0995222929936305,0,6,None,66,1,5,False,1000,1000
456,11,degCent,10,0.0995222929936305,0,6,None,66,1,5,False,1000,1000
457,12,degCent,10,0.0997213375796178,0,6,None,66,1,5,False,1000,1000
458,13,degCent,10,0.1026074840764331,0,6,None,66,1,5,False,1000,1000
459,14,degCent,10,0.1069864649681528,0,6,None,66,1,5,False,1000,1000
460,10,degCent,10,0.2753781847133758,0,8,None,66,1,5,False,1000,1000
461,11,degCent,10,0.2924960191082802,0,8,None,66,1,5,False,1000,1000
462,12,degCent,10,0.3451433121019108,0,8,None,66,1,5,False,1000,1000
463,13,degCent,10,0.3932125796178344,0,8,None,66,1,5,False,1000,1000
464,14,degCent,10,0.4065485668789809,0,8,None,66,1,5,False,1000,1000
465,10,degCent,10,0.309514331210191,0,10,None,66,1,5,False,1000,1000
466,11,degCent,10,0.3256369426751592,0,10,None,66,1,5,False,1000,1000
467,12,degCent,10,0.2905055732484076,0,10,None,66,1,5,False,1000,1000
468,13,degCent,10,0.2715963375796178,0,10,None,66,1,5,False,1000,1000
469,14,degCent,10,0.2483081210191083,0,10,None,66,1,5,False,1000,1000
470,10,degCent,10,0.0995222929936305,0,4,None,66,1,5,False,1000,1000
471,11,degCent,10,0.0996218152866242,0,4,None,66,1,5,False,1000,1000
472,12,degCent,10,0.1002189490445859,0,4,None,66,1,5,False,1000,1000
473,13,degCent,10,0.1056926751592356,0,4,None,66,1,5,False,1000,1000
474,14,degCent,10,0.133061305732484,0,4,None,66,1,5,False,1000,1000
475,10,degCent,10,0.0995222929936305,0,20,None,66,1,5,False,1000,1000
476,11,degCent,10,0.0995222929936305,0,20,None,66,1,5,False,1000,1000
477,12,degCent,10,0.0995222929936305,0,20,None,66,1,5,False,1000,1000
478,13,degCent,10,0.1017117834394904,0,20,None,66,1,5,False,1000,1000
479,14,degCent,10,0.1092754777070063,0,20,None,66,1,5,False,1000,1000
480,10,degCent,10,0.0995222929936305,0,22,None,66,1,5,False,1000,1000
481,11,degCent,10,0.0995222929936305,0,22,None,66,1,5,False,1000,1000
482,12,degCent,10,0.0995222929936305,0,22,None,66,1,5,False,1000,1000
483,13,degCent,10,0.0995222929936305,0,22,None,66,1,5,False,1000,1000
484,14,degCent,10,0.0995222929936305,0,22,None,66,1,5,False,1000,1000
485,10,degCent,10,0.1609275477707006,0,23,None,66,1,5,False,1000,1000
486,11,degCent,10,0.1750597133757961,0,23,None,66,1,5,False,1000,1000
487,12,degCent,10,0.1851114649681528,0,23,None,66,1,5,False,1000,1000
488,13,degCent,10,0.1983479299363057,0,23,None,66,1,5,False,1000,1000
489,14,degCent,10,0.2114848726114649,0,23,None,66,1,5,False,1000,1000
490,10,degCent,10,0.0995222929936305,0,32,None,66,1,5,False,1000,1000
491,11,degCent,10,0.0995222929936305,0,32,None,66,1,5,False,1000,1000
492,12,degCent,10,0.0995222929936305,0,32,None,66,1,5,False,1000,1000
493,13,degCent,10,0.0995222929936305,0,32,None,66,1,5,False,1000,1000
494,14,degCent,10,0.0995222929936305,0,32,None,66,1,5,False,1000,1000
495,15,degCent,10,0.2354697452229299,0,1,None,66,1,5,False,1000,1000
496,16,degCent,10,0.2257165605095541,0,1,None,66,1,5,False,1000,1000
497,17,degCent,10,0.2242237261146497,0,1,None,66,1,5,False,1000,1000
498,18,degCent,10,0.2360668789808917,0,1,None,66,1,5,False,1000,1000
499,19,degCent,10,0.2452229299363057,0,1,None,66,1,5,False,1000,1000
500,15,degCent,10,0.0995222929936305,0,2,None,66,1,5,False,1000,1000
501,16,degCent,10,0.0997213375796178,0,2,None,66,1,5,False,1000,1000
502,17,degCent,10,0.1036027070063694,0,2,None,66,1,5,False,1000,1000
503,18,degCent,10,0.1210191082802547,0,2,None,66,1,5,False,1000,1000
504,19,degCent,10,0.1555533439490445,0,2,None,66,1,5,False,1000,1000
505,15,degCent,10,0.0995222929936305,0,23,None,66,1,5,False,1000,1000
506,16,degCent,10,0.101015127388535,0,23,None,66,1,5,False,1000,1000
507,17,degCent,10,0.1088773885350318,0,23,None,66,1,5,False,1000,1000
508,18,degCent,10,0.1339570063694267,0,23,None,66,1,5,False,1000,1000
509,19,degCent,10,0.1550557324840764,0,23,None,66,1,5,False,1000,1000
510,15,degCent,10,0.1006170382165605,0,28,None,66,1,5,False,1000,1000
511,16,degCent,10,0.1201234076433121,0,28,None,66,1,5,False,1000,1000
512,17,degCent,10,0.1984474522292993,0,28,None,66,1,5,False,1000,1000
513,18,degCent,10,0.3025477707006369,0,28,None,66,1,5,False,1000,1000
514,19,degCent,10,0.3497213375796178,0,28,None,66,1,5,False,1000,1000
515,15,degCent,10,0.1065883757961783,0,15,None,66,1,5,False,1000,1000
516,16,degCent,10,0.1199243630573248,0,15,None,66,1,5,False,1000,1000
517,17,degCent,10,0.1719745222929936,0,15,None,66,1,5,False,1000,1000
518,18,degCent,10,0.263734076433121,0,15,None,66,1,5,False,1000,1000
519,19,degCent,10,0.2722929936305732,0,15,None,66,1,5,False,1000,1000
520,15,degCent,10,0.2554737261146497,0,10,None,66,1,5,False,1000,1000
521,16,degCent,10,0.3207603503184713,0,10,None,66,1,5,False,1000,1000
522,17,degCent,10,0.3226512738853503,0,10,None,66,1,5,False,1000,1000
523,18,degCent,10,0.3091162420382166,0,10,None,66,1,5,False,1000,1000
524,19,degCent,10,0.2809514331210191,0,10,None,66,1,5,False,1000,1000
525,15,degCent,10,0.2359673566878981,0,13,None,66,1,5,False,1000,1000
526,16,degCent,10,0.2229299363057325,0,13,None,66,1,5,False,1000,1000
527,17,degCent,10,0.2098925159235669,0,13,None,66,1,5,False,1000,1000
528,18,degCent,10,0.1936703821656051,0,13,None,66,1,5,False,1000,1000
529,19,degCent,10,0.1806329617834395,0,13,None,66,1,5,False,1000,1000
530,15,degCent,10,0.1026074840764331,0,17,None,66,1,5,False,1000,1000
531,16,degCent,10,0.1302746815286624,0,17,None,66,1,5,False,1000,1000
532,17,degCent,10,0.1782444267515923,0,17,None,66,1,5,False,1000,1000
533,18,degCent,10,0.1952627388535031,0,17,None,66,1,5,False,1000,1000
534,19,degCent,10,0.1975517515923567,0,17,None,66,1,5,False,1000,1000
535,15,degCent,10,0.1025079617834394,0,11,None,66,1,5,False,1000,1000
536,16,degCent,10,0.1027070063694267,0,11,None,66,1,5,False,1000,1000
537,17,degCent,10,0.1601313694267516,0,11,None,66,1,5,False,1000,1000
538,18,degCent,10,0.1989450636942675,0,11,None,66,1,5,False,1000,1000
539,19,degCent,10,0.1988455414012739,0,11,None,66,1,5,False,1000,1000
540,15,degCent,10,0.2892117834394904,0,24,None,66,1,5,False,1000,1000
541,16,degCent,10,0.3205613057324841,0,24,None,66,1,5,False,1000,1000
542,17,degCent,10,0.3352906050955414,0,24,None,66,1,5,False,1000,1000
543,18,degCent,10,0.3310111464968153,0,24,None,66,1,5,False,1000,1000
544,19,degCent,10,0.3237460191082802,0,24,None,66,1,5,False,1000,1000
545,15,degCent,10,0.2311902866242038,0,31,None,66,1,5,False,1000,1000
546,16,degCent,10,0.251890923566879,0,31,None,66,1,5,False,1000,1000
547,17,degCent,10,0.2977707006369426,0,31,None,66,1,5,False,1000,1000
548,18,degCent,10,0.3203622611464968,0,31,None,66,1,5,False,1000,1000
549,19,degCent,10,0.3312101910828025,0,31,None,66,1,5,False,1000,1000
550,15,degCent,10,0.0995222929936305,0,20,None,66,1,5,False,1000,1000
551,16,degCent,10,0.0995222929936305,0,20,None,66,1,5,False,1000,1000
552,17,degCent,10,0.0995222929936305,0,20,None,66,1,5,False,1000,1000
553,18,degCent,10,0.0997213375796178,0,20,None,66,1,5,False,1000,1000
554,19,degCent,10,0.1012141719745222,0,20,None,66,1,5,False,1000,1000
555,15,degCent,10,0.1962579617834395,0,27,None,66,1,5,False,1000,1000
556,16,degCent,10,0.2108877388535031,0,27,None,66,1,5,False,1000,1000
557,17,degCent,10,0.2577627388535032,0,27,None,66,1,5,False,1000,1000
558,18,degCent,10,0.2971735668789809,0,27,None,66,1,5,False,1000,1000
559,19,degCent,10,0.3182722929936306,0,27,None,66,1,5,False,1000,1000
560,15,degCent,10,0.4061504777070063,0,16,None,66,1,5,False,1000,1000
561,16,degCent,10,0.3433519108280254,0,16,None,66,1,5,False,1000,1000
562,17,degCent,10,0.3259355095541401,0,16,None,66,1,5,False,1000,1000
563,18,degCent,10,0.3542993630573248,0,16,None,66,1,5,False,1000,1000
564,19,degCent,10,0.4368033439490446,0,16,None,66,1,5,False,1000,1000
565,15,degCent,10,0.0995222929936305,0,32,None,66,1,5,False,1000,1000
566,16,degCent,10,0.0995222929936305,0,32,None,66,1,5,False,1000,1000
567,17,degCent,10,0.0995222929936305,0,32,None,66,1,5,False,1000,1000
568,18,degCent,10,0.0995222929936305,0,32,None,66,1,5,False,1000,1000
569,19,degCent,10,0.0995222929936305,0,32,None,66,1,5,False,1000,1000
570,15,degCent,10,0.2647292993630573,0,8,None,66,1,5,False,1000,1000
571,16,degCent,10,0.3220541401273885,0,8,None,66,1,5,False,1000,1000
572,17,degCent,10,0.3985867834394904,0,8,None,66,1,5,False,1000,1000
573,18,degCent,10,0.4525278662420382,0,8,None,66,1,5,False,1000,1000
574,19,degCent,10,0.4386942675159235,0,8,None,66,1,5,False,1000,1000
575,15,degCent,10,0.0996218152866242,0,18,None,66,1,5,False,1000,1000
576,16,degCent,10,0.0995222929936305,0,18,None,66,1,5,False,1000,1000
577,17,degCent,10,0.0995222929936305,0,18,None,66,1,5,False,1000,1000
578,18,degCent,10,0.0997213375796178,0,18,None,66,1,5,False,1000,1000
579,19,degCent,10,0.1118630573248407,0,18,None,66,1,5,False,1000,1000
580,15,degCent,10,0.3119028662420382,0,19,None,66,1,5,False,1000,1000
581,16,degCent,10,0.3371815286624204,0,19,None,66,1,5,False,1000,1000
582,17,degCent,10,0.357484076433121,0,19,None,66,1,5,False,1000,1000
583,18,degCent,10,0.3775875796178344,0,19,None,66,1,5,False,1000,1000
584,19,degCent,10,0.3857484076433121,0,19,None,66,1,5,False,1000,1000
585,15,degCent,10,0.2493033439490445,0,21,None,66,1,5,False,1000,1000
586,16,degCent,10,0.2488057324840764,0,21,None,66,1,5,False,1000,1000
587,17,degCent,10,0.2483081210191083,0,21,None,66,1,5,False,1000,1000
588,18,degCent,10,0.248109076433121,0,21,None,66,1,5,False,1000,1000
589,19,degCent,10,0.25,0,21,None,66,1,5,False,1000,1000
590,15,degCent,10,0.1024084394904458,0,0,None,66,1,5,False,1000,1000
591,16,degCent,10,0.1317675159235669,0,0,None,66,1,5,False,1000,1000
592,17,degCent,10,0.1891918789808917,0,0,None,66,1,5,False,1000,1000
593,18,degCent,10,0.226811305732484,0,0,None,66,1,5,False,1000,1000
594,19,degCent,10,0.2464171974522293,0,0,None,66,1,5,False,1000,1000
595,15,degCent,10,0.0995222929936305,0,3,None,66,1,5,False,1000,1000
596,16,degCent,10,0.0996218152866242,0,3,None,66,1,5,False,1000,1000
597,17,degCent,10,0.0996218152866242,0,3,None,66,1,5,False,1000,1000
598,18,degCent,10,0.0996218152866242,0,3,None,66,1,5,False,1000,1000
599,19,degCent,10,0.0997213375796178,0,3,None,66,1,5,False,1000,1000
600,15,degCent,10,0.456608280254777,0,25,None,66,1,5,False,1000,1000
601,16,degCent,10,0.4670581210191082,0,25,None,66,1,5,False,1000,1000
602,17,degCent,10,0.4626791401273885,0,25,None,66,1,5,False,1000,1000
603,18,degCent,10,0.4431727707006369,0,25,None,66,1,5,False,1000,1000
604,19,degCent,10,0.4285429936305732,0,25,None,66,1,5,False,1000,1000
605,15,degCent,10,0.3268312101910828,0,29,None,66,1,5,False,1000,1000
606,16,degCent,10,0.3401671974522293,0,29,None,66,1,5,False,1000,1000
607,17,degCent,10,0.3252388535031847,0,29,None,66,1,5,False,1000,1000
608,18,degCent,10,0.2712977707006369,0,29,None,66,1,5,False,1000,1000
609,19,degCent,10,0.2629378980891719,0,29,None,66,1,5,False,1000,1000
610,15,degCent,10,0.1891918789808917,0,5,None,66,1,5,False,1000,1000
611,16,degCent,10,0.2492038216560509,0,5,None,66,1,5,False,1000,1000
612,17,degCent,10,0.2580613057324841,0,5,None,66,1,5,False,1000,1000
613,18,degCent,10,0.2673168789808917,0,5,None,66,1,5,False,1000,1000
614,19,degCent,10,0.2864251592356688,0,5,None,66,1,5,False,1000,1000
615,15,degCent,10,0.0999203821656051,0,7,None,66,1,5,False,1000,1000
616,16,degCent,10,0.0995222929936305,0,7,None,66,1,5,False,1000,1000
617,17,degCent,10,0.0995222929936305,0,7,None,66,1,5,False,1000,1000
618,18,degCent,10,0.0995222929936305,0,7,None,66,1,5,False,1000,1000
619,19,degCent,10,0.0995222929936305,0,7,None,66,1,5,False,1000,1000
620,15,degCent,10,0.1053941082802547,0,4,None,66,1,5,False,1000,1000
621,16,degCent,10,0.1247014331210191,0,4,None,66,1,5,False,1000,1000
622,17,degCent,10,0.1540605095541401,0,4,None,66,1,5,False,1000,1000
623,18,degCent,10,0.1896894904458598,0,4,None,66,1,5,False,1000,1000
624,19,degCent,10,0.2206409235668789,0,4,None,66,1,5,False,1000,1000
625,15,degCent,10,0.1885947452229299,0,12,None,66,1,5,False,1000,1000
626,16,degCent,10,0.2212380573248407,0,12,None,66,1,5,False,1000,1000
627,17,degCent,10,0.2843351910828025,0,12,None,66,1,5,False,1000,1000
628,18,degCent,10,0.2699044585987261,0,12,None,66,1,5,False,1000,1000
629,19,degCent,10,0.2491042993630573,0,12,None,66,1,5,False,1000,1000
630,15,degCent,10,0.1875995222929936,0,26,None,66,1,5,False,1000,1000
631,16,degCent,10,0.2282046178343949,0,26,None,66,1,5,False,1000,1000
632,17,degCent,10,0.3200636942675159,0,26,None,66,1,5,False,1000,1000
633,18,degCent,10,0.3759952229299363,0,26,None,66,1,5,False,1000,1000
634,19,degCent,10,0.3913216560509554,0,26,None,66,1,5,False,1000,1000
635,15,degCent,10,0.1609275477707006,0,30,None,66,1,5,False,1000,1000
636,16,degCent,10,0.1675955414012739,0,30,None,66,1,5,False,1000,1000
637,17,degCent,10,0.1751592356687898,0,30,None,66,1,5,False,1000,1000
638,18,degCent,10,0.1881966560509554,0,30,None,66,1,5,False,1000,1000
639,19,degCent,10,0.2049164012738853,0,30,None,66,1,5,False,1000,1000
640,15,degCent,10,0.3633558917197452,0,9,None,66,1,5,False,1000,1000
641,16,degCent,10,0.2914012738853503,0,9,None,66,1,5,False,1000,1000
642,17,degCent,10,0.3340963375796178,0,9,None,66,1,5,False,1000,1000
643,18,degCent,10,0.4193869426751592,0,9,None,66,1,5,False,1000,1000
644,19,degCent,10,0.4689490445859872,0,9,None,66,1,5,False,1000,1000
645,15,degCent,10,0.2272093949044586,0,6,None,66,1,5,False,1000,1000
646,16,degCent,10,0.2493033439490445,0,6,None,66,1,5,False,1000,1000
647,17,degCent,10,0.2493033439490445,0,6,None,66,1,5,False,1000,1000
648,18,degCent,10,0.2431329617834395,0,6,None,66,1,5,False,1000,1000
649,19,degCent,10,0.2372611464968153,0,6,None,66,1,5,False,1000,1000
650,15,degCent,10,0.4396894904458598,0,14,None,66,1,5,False,1000,1000
651,16,degCent,10,0.4513335987261146,0,14,None,66,1,5,False,1000,1000
652,17,degCent,10,0.4233678343949044,0,14,None,66,1,5,False,1000,1000
653,18,degCent,10,0.3939092356687898,0,14,None,66,1,5,False,1000,1000
654,19,degCent,10,0.3808718152866242,0,14,None,66,1,5,False,1000,1000
655,15,degCent,10,0.2385549363057325,0,22,None,66,1,5,False,1000,1000
656,16,degCent,10,0.2493033439490445,0,22,None,66,1,5,False,1000,1000
657,17,degCent,10,0.2726910828025478,0,22,None,66,1,5,False,1000,1000
658,18,degCent,10,0.2898089171974522,0,22,None,66,1,5,False,1000,1000
659,19,degCent,10,0.3073248407643312,0,22,None,66,1,5,False,1000,1000
660,20,degCent,10,0.3344944267515923,0,31,None,66,1,5,False,1000,1000
661,21,degCent,10,0.3558917197452229,0,31,None,66,1,5,False,1000,1000
662,22,degCent,10,0.3615644904458598,0,31,None,66,1,5,False,1000,1000
663,23,degCent,10,0.3595740445859872,0,31,None,66,1,5,False,1000,1000
664,24,degCent,10,0.3558917197452229,0,31,None,66,1,5,False,1000,1000
665,20,degCent,10,0.2525875796178344,0,1,None,66,1,5,False,1000,1000
666,21,degCent,10,0.2550756369426751,0,1,None,66,1,5,False,1000,1000
667,22,degCent,10,0.2668192675159235,0,1,None,66,1,5,False,1000,1000
668,23,degCent,10,0.2849323248407643,0,1,None,66,1,5,False,1000,1000
669,24,degCent,10,0.2961783439490446,0,1,None,66,1,5,False,1000,1000
670,20,degCent,10,0.0995222929936305,0,2,None,66,1,5,False,1000,1000
671,21,degCent,10,0.0997213375796178,0,2,None,66,1,5,False,1000,1000
672,22,degCent,10,0.1017117834394904,0,2,None,66,1,5,False,1000,1000
673,23,degCent,10,0.1107683121019108,0,2,None,66,1,5,False,1000,1000
674,24,degCent,10,0.1307722929936305,0,2,None,66,1,5,False,1000,1000
675,20,degCent,10,0.1165406050955414,0,15,None,66,1,5,False,1000,1000
676,21,degCent,10,0.1390326433121019,0,15,None,66,1,5,False,1000,1000
677,22,degCent,10,0.1774482484076433,0,15,None,66,1,5,False,1000,1000
678,23,degCent,10,0.2809514331210191,0,15,None,66,1,5,False,1000,1000
679,24,degCent,10,0.3340963375796178,0,15,None,66,1,5,False,1000,1000
680,20,degCent,10,0.0999203821656051,0,11,None,66,1,5,False,1000,1000
681,21,degCent,10,0.0999203821656051,0,11,None,66,1,5,False,1000,1000
682,22,degCent,10,0.0999203821656051,0,11,None,66,1,5,False,1000,1000
683,23,degCent,10,0.1117635350318471,0,11,None,66,1,5,False,1000,1000
684,24,degCent,10,0.1803343949044586,0,11,None,66,1,5,False,1000,1000
685,20,degCent,10,0.1049960191082802,0,17,None,66,1,5,False,1000,1000
686,21,degCent,10,0.136843152866242,0,17,None,66,1,5,False,1000,1000
687,22,degCent,10,0.1751592356687898,0,17,None,66,1,5,False,1000,1000
688,23,degCent,10,0.1916799363057325,0,17,None,66,1,5,False,1000,1000
689,24,degCent,10,0.195561305732484,0,17,None,66,1,5,False,1000,1000
690,20,degCent,10,0.1005175159235668,0,18,None,66,1,5,False,1000,1000
691,21,degCent,10,0.0997213375796178,0,18,None,66,1,5,False,1000,1000
692,22,degCent,10,0.101811305732484,0,18,None,66,1,5,False,1000,1000
693,23,degCent,10,0.1241042993630573,0,18,None,66,1,5,False,1000,1000
694,24,degCent,10,0.1538614649681528,0,18,None,66,1,5,False,1000,1000
695,20,degCent,10,0.3332006369426751,0,29,None,66,1,5,False,1000,1000
696,21,degCent,10,0.3432523885350318,0,29,None,66,1,5,False,1000,1000
697,22,degCent,10,0.3304140127388535,0,29,None,66,1,5,False,1000,1000
698,23,degCent,10,0.3091162420382166,0,29,None,66,1,5,False,1000,1000
699,24,degCent,10,0.294984076433121,0,29,None,66,1,5,False,1000,1000
700,20,degCent,10,0.2255175159235669,0,10,None,66,1,5,False,1000,1000
701,21,degCent,10,0.2941878980891719,0,10,None,66,1,5,False,1000,1000
702,22,degCent,10,0.3141918789808917,0,10,None,66,1,5,False,1000,1000
703,23,degCent,10,0.3164808917197452,0,10,None,66,1,5,False,1000,1000
704,24,degCent,10,0.2827428343949044,0,10,None,66,1,5,False,1000,1000
705,20,degCent,10,0.3123009554140127,0,8,None,66,1,5,False,1000,1000
706,21,degCent,10,0.3657444267515923,0,8,None,66,1,5,False,1000,1000
707,22,degCent,10,0.4538216560509554,0,8,None,66,1,5,False,1000,1000
708,23,degCent,10,0.4282444267515923,0,8,None,66,1,5,False,1000,1000
709,24,degCent,10,0.3724124203821656,0,8,None,66,1,5,False,1000,1000
710,20,degCent,10,0.1007165605095541,0,20,None,66,1,5,False,1000,1000
711,21,degCent,10,0.1008160828025477,0,20,None,66,1,5,False,1000,1000
712,22,degCent,10,0.1008160828025477,0,20,None,66,1,5,False,1000,1000
713,23,degCent,10,0.1008160828025477,0,20,None,66,1,5,False,1000,1000
714,24,degCent,10,0.1009156050955414,0,20,None,66,1,5,False,1000,1000
715,20,degCent,10,0.2086982484076433,0,23,None,66,1,5,False,1000,1000
716,21,degCent,10,0.234375,0,23,None,66,1,5,False,1000,1000
717,22,degCent,10,0.2584593949044586,0,23,None,66,1,5,False,1000,1000
718,23,degCent,10,0.2780652866242038,0,23,None,66,1,5,False,1000,1000
719,24,degCent,10,0.2937898089171974,0,23,None,66,1,5,False,1000,1000
720,20,degCent,10,0.2650278662420382,0,5,None,66,1,5,False,1000,1000
721,21,degCent,10,0.3080214968152866,0,5,None,66,1,5,False,1000,1000
722,22,degCent,10,0.317078025477707,0,5,None,66,1,5,False,1000,1000
723,23,degCent,10,0.3414609872611465,0,5,None,66,1,5,False,1000,1000
724,24,degCent,10,0.3681329617834395,0,5,None,66,1,5,False,1000,1000
725,20,degCent,10,0.242436305732484,0,13,None,66,1,5,False,1000,1000
726,21,degCent,10,0.2399482484076433,0,13,None,66,1,5,False,1000,1000
727,22,degCent,10,0.2380573248407643,0,13,None,66,1,5,False,1000,1000
728,23,degCent,10,0.2355692675159235,0,13,None,66,1,5,False,1000,1000
729,24,degCent,10,0.2327826433121019,0,13,None,66,1,5,False,1000,1000
730,20,degCent,10,0.2745820063694267,0,12,None,66,1,5,False,1000,1000
731,21,degCent,10,0.3645501592356688,0,12,None,66,1,5,False,1000,1000
732,22,degCent,10,0.3558917197452229,0,12,None,66,1,5,False,1000,1000
733,23,degCent,10,0.2902070063694267,0,12,None,66,1,5,False,1000,1000
734,24,degCent,10,0.2541799363057325,0,12,None,66,1,5,False,1000,1000
735,20,degCent,10,0.4967157643312102,0,25,None,66,1,5,False,1000,1000
736,21,degCent,10,0.4761146496815286,0,25,None,66,1,5,False,1000,1000
737,22,degCent,10,0.4542197452229299,0,25,None,66,1,5,False,1000,1000
738,23,degCent,10,0.4443670382165605,0,25,None,66,1,5,False,1000,1000
739,24,degCent,10,0.4359076433121019,0,25,None,66,1,5,False,1000,1000
740,20,degCent,10,0.2910031847133758,0,26,None,66,1,5,False,1000,1000
741,21,degCent,10,0.310609076433121,0,26,None,66,1,5,False,1000,1000
742,22,degCent,10,0.3259355095541401,0,26,None,66,1,5,False,1000,1000
743,23,degCent,10,0.3366839171974522,0,26,None,66,1,5,False,1000,1000
744,24,degCent,10,0.3556926751592357,0,26,None,66,1,5,False,1000,1000
745,20,degCent,10,0.2639331210191082,0,30,None,66,1,5,False,1000,1000
746,21,degCent,10,0.2587579617834395,0,30,None,66,1,5,False,1000,1000
747,22,degCent,10,0.2541799363057325,0,30,None,66,1,5,False,1000,1000
748,23,degCent,10,0.2605493630573248,0,30,None,66,1,5,False,1000,1000
749,24,degCent,10,0.2878184713375796,0,30,None,66,1,5,False,1000,1000
750,20,degCent,10,0.2550756369426751,0,27,None,66,1,5,False,1000,1000
751,21,degCent,10,0.2790605095541401,0,27,None,66,1,5,False,1000,1000
752,22,degCent,10,0.3156847133757962,0,27,None,66,1,5,False,1000,1000
753,23,degCent,10,0.3326035031847134,0,27,None,66,1,5,False,1000,1000
754,24,degCent,10,0.3299164012738853,0,27,None,66,1,5,False,1000,1000
755,20,degCent,10,0.1693869426751592,0,4,None,66,1,5,False,1000,1000
756,21,degCent,10,0.1867038216560509,0,4,None,66,1,5,False,1000,1000
757,22,degCent,10,0.2113853503184713,0,4,None,66,1,5,False,1000,1000
758,23,degCent,10,0.2329816878980891,0,4,None,66,1,5,False,1000,1000
759,24,degCent,10,0.2603503184713376,0,4,None,66,1,5,False,1000,1000
760,20,degCent,10,0.3193670382165605,0,19,None,66,1,5,False,1000,1000
761,21,degCent,10,0.3802746815286624,0,19,None,66,1,5,False,1000,1000
762,22,degCent,10,0.4429737261146497,0,19,None,66,1,5,False,1000,1000
763,23,degCent,10,0.4333200636942675,0,19,None,66,1,5,False,1000,1000
764,24,degCent,10,0.3988853503184713,0,19,None,66,1,5,False,1000,1000
765,20,degCent,10,0.2523885350318471,0,21,None,66,1,5,False,1000,1000
766,21,degCent,10,0.2581608280254777,0,21,None,66,1,5,False,1000,1000
767,22,degCent,10,0.2636345541401274,0,21,None,66,1,5,False,1000,1000
768,23,degCent,10,0.2711982484076433,0,21,None,66,1,5,False,1000,1000
769,24,degCent,10,0.2791600318471338,0,21,None,66,1,5,False,1000,1000
770,20,degCent,10,0.303343949044586,0,24,None,66,1,5,False,1000,1000
771,21,degCent,10,0.3287221337579618,0,24,None,66,1,5,False,1000,1000
772,22,degCent,10,0.3279259554140127,0,24,None,66,1,5,False,1000,1000
773,23,degCent,10,0.3181727707006369,0,24,None,66,1,5,False,1000,1000
774,24,degCent,10,0.2947850318471338,0,24,None,66,1,5,False,1000,1000
775,20,degCent,10,0.1017117834394904,0,28,None,66,1,5,False,1000,1000
776,21,degCent,10,0.1596337579617834,0,28,None,66,1,5,False,1000,1000
777,22,degCent,10,0.258359872611465,0,28,None,66,1,5,False,1000,1000
778,23,degCent,10,0.3375796178343949,0,28,None,66,1,5,False,1000,1000
779,24,degCent,10,0.3703224522292994,0,28,None,66,1,5,False,1000,1000
780,20,degCent,10,0.210390127388535,0,0,None,66,1,5,False,1000,1000
781,21,degCent,10,0.2254179936305732,0,0,None,66,1,5,False,1000,1000
782,22,degCent,10,0.248109076433121,0,0,None,66,1,5,False,1000,1000
783,23,degCent,10,0.267515923566879,0,0,None,66,1,5,False,1000,1000
784,24,degCent,10,0.284733280254777,0,0,None,66,1,5,False,1000,1000
785,20,degCent,10,0.4022691082802547,0,14,None,66,1,5,False,1000,1000
786,21,degCent,10,0.4443670382165605,0,14,None,66,1,5,False,1000,1000
787,22,degCent,10,0.4412818471337579,0,14,None,66,1,5,False,1000,1000
788,23,degCent,10,0.4003781847133758,0,14,None,66,1,5,False,1000,1000
789,24,degCent,10,0.3747014331210191,0,14,None,66,1,5,False,1000,1000
790,20,degCent,10,0.3589769108280254,0,9,None,66,1,5,False,1000,1000
791,21,degCent,10,0.310609076433121,0,9,None,66,1,5,False,1000,1000
792,22,degCent,10,0.4123208598726114,0,9,None,66,1,5,False,1000,1000
793,23,degCent,10,0.4489450636942675,0,9,None,66,1,5,False,1000,1000
794,24,degCent,10,0.5416003184713376,0,9,None,66,1,5,False,1000,1000
795,20,degCent,10,0.2813495222929936,0,22,None,66,1,5,False,1000,1000
796,21,degCent,10,0.2736863057324841,0,22,None,66,1,5,False,1000,1000
797,22,degCent,10,0.2973726114649681,0,22,None,66,1,5,False,1000,1000
798,23,degCent,10,0.3155851910828025,0,22,None,66,1,5,False,1000,1000
799,24,degCent,10,0.322452229299363,0,22,None,66,1,5,False,1000,1000
800,20,degCent,10,0.1418192675159235,0,3,None,66,1,5,False,1000,1000
801,21,degCent,10,0.1461982484076433,0,3,None,66,1,5,False,1000,1000
802,22,degCent,10,0.1480891719745223,0,3,None,66,1,5,False,1000,1000
803,23,degCent,10,0.1508757961783439,0,3,None,66,1,5,False,1000,1000
804,24,degCent,10,0.1538614649681528,0,3,None,66,1,5,False,1000,1000
805,20,degCent,10,0.2615445859872611,0,6,None,66,1,5,False,1000,1000
806,21,degCent,10,0.2947850318471338,0,6,None,66,1,5,False,1000,1000
807,22,degCent,10,0.3129976114649681,0,6,None,66,1,5,False,1000,1000
808,23,degCent,10,0.3287221337579618,0,6,None,66,1,5,False,1000,1000
809,24,degCent,10,0.3449442675159235,0,6,None,66,1,5,False,1000,1000
810,20,degCent,10,0.4232683121019108,0,16,None,66,1,5,False,1000,1000
811,21,degCent,10,0.3809713375796178,0,16,None,66,1,5,False,1000,1000
812,22,degCent,10,0.4547173566878981,0,16,None,66,1,5,False,1000,1000
813,23,degCent,10,0.4212778662420382,0,16,None,66,1,5,False,1000,1000
814,24,degCent,10,0.4602906050955414,0,16,None,66,1,5,False,1000,1000
815,20,degCent,10,0.1785429936305732,0,7,None,66,1,5,False,1000,1000
816,21,degCent,10,0.2354697452229299,0,7,None,66,1,5,False,1000,1000
817,22,degCent,10,0.2865246815286624,0,7,None,66,1,5,False,1000,1000
818,23,degCent,10,0.3176751592356688,0,7,None,66,1,5,False,1000,1000
819,24,degCent,10,0.333499203821656,0,7,None,66,1,5,False,1000,1000
820,20,degCent,10,0.1129578025477707,0,32,None,66,1,5,False,1000,1000
821,21,degCent,10,0.1038017515923566,0,32,None,66,1,5,False,1000,1000
822,22,degCent,10,0.1071855095541401,0,32,None,66,1,5,False,1000,1000
823,23,degCent,10,0.1216162420382165,0,32,None,66,1,5,False,1000,1000
824,24,degCent,10,0.1436106687898089,0,32,None,66,1,5,False,1000,1000
825,25,degCent,10,0.3016520700636942,0,1,None,66,1,5,False,1000,1000
826,26,degCent,10,0.326234076433121,0,1,None,66,1,5,False,1000,1000
827,27,degCent,10,0.34265525477707,0,1,None,66,1,5,False,1000,1000
828,28,degCent,10,0.3493232484076433,0,1,None,66,1,5,False,1000,1000
829,29,degCent,10,0.3540007961783439,0,1,None,66,1,5,False,1000,1000
830,25,degCent,10,0.1602308917197452,0,2,None,66,1,5,False,1000,1000
831,26,degCent,10,0.1859076433121019,0,2,None,66,1,5,False,1000,1000
832,27,degCent,10,0.2132762738853503,0,2,None,66,1,5,False,1000,1000
833,28,degCent,10,0.2337778662420382,0,2,None,66,1,5,False,1000,1000
834,29,degCent,10,0.2402468152866242,0,2,None,66,1,5,False,1000,1000
835,25,degCent,10,0.3023487261146497,0,23,None,66,1,5,False,1000,1000
836,26,degCent,10,0.3256369426751592,0,23,None,66,1,5,False,1000,1000
837,27,degCent,10,0.3375796178343949,0,23,None,66,1,5,False,1000,1000
838,28,degCent,10,0.3449442675159235,0,23,None,66,1,5,False,1000,1000
839,29,degCent,10,0.3449442675159235,0,23,None,66,1,5,False,1000,1000
840,25,degCent,10,0.1855095541401273,0,15,None,66,1,5,False,1000,1000
841,26,degCent,10,0.2070063694267516,0,15,None,66,1,5,False,1000,1000
842,27,degCent,10,0.254578025477707,0,15,None,66,1,5,False,1000,1000
843,28,degCent,10,0.3255374203821656,0,15,None,66,1,5,False,1000,1000
844,29,degCent,10,0.4027667197452229,0,15,None,66,1,5,False,1000,1000
845,25,degCent,10,0.2661226114649681,0,10,None,66,1,5,False,1000,1000
846,26,degCent,10,0.3176751592356688,0,10,None,66,1,5,False,1000,1000
847,27,degCent,10,0.3253383757961783,0,10,None,66,1,5,False,1000,1000
848,28,degCent,10,0.2991640127388535,0,10,None,66,1,5,False,1000,1000
849,29,degCent,10,0.3520103503184713,0,10,None,66,1,5,False,1000,1000
850,25,degCent,10,0.2939888535031847,0,13,None,66,1,5,False,1000,1000
851,26,degCent,10,0.2942874203821656,0,13,None,66,1,5,False,1000,1000
852,27,degCent,10,0.2939888535031847,0,13,None,66,1,5,False,1000,1000
853,28,degCent,10,0.2935907643312102,0,13,None,66,1,5,False,1000,1000
854,29,degCent,10,0.2911027070063694,0,13,None,66,1,5,False,1000,1000
855,25,degCent,10,0.4911425159235669,0,25,None,66,1,5,False,1000,1000
856,26,degCent,10,0.4746218152866242,0,25,None,66,1,5,False,1000,1000
857,27,degCent,10,0.4628781847133758,0,25,None,66,1,5,False,1000,1000
858,28,degCent,10,0.4573049363057325,0,25,None,66,1,5,False,1000,1000
859,29,degCent,10,0.4576035031847134,0,25,None,66,1,5,False,1000,1000
860,25,degCent,10,0.1789410828025477,0,11,None,66,1,5,False,1000,1000
861,26,degCent,10,0.1800358280254777,0,11,None,66,1,5,False,1000,1000
862,27,degCent,10,0.1811305732484076,0,11,None,66,1,5,False,1000,1000
863,28,degCent,10,0.2158638535031847,0,11,None,66,1,5,False,1000,1000
864,29,degCent,10,0.2356687898089172,0,11,None,66,1,5,False,1000,1000
865,25,degCent,10,0.1825238853503184,0,17,None,66,1,5,False,1000,1000
866,26,degCent,10,0.1913813694267516,0,17,None,66,1,5,False,1000,1000
867,27,degCent,10,0.1950636942675159,0,17,None,66,1,5,False,1000,1000
868,28,degCent,10,0.1982484076433121,0,17,None,66,1,5,False,1000,1000
869,29,degCent,10,0.2056130573248407,0,17,None,66,1,5,False,1000,1000
870,25,degCent,10,0.3387738853503185,0,24,None,66,1,5,False,1000,1000
871,26,degCent,10,0.3455414012738853,0,24,None,66,1,5,False,1000,1000
872,27,degCent,10,0.3310111464968153,0,24,None,66,1,5,False,1000,1000
873,28,degCent,10,0.2999601910828025,0,24,None,66,1,5,False,1000,1000
874,29,degCent,10,0.2936902866242038,0,24,None,66,1,5,False,1000,1000
875,25,degCent,10,0.1688893312101911,0,20,None,66,1,5,False,1000,1000
876,26,degCent,10,0.1692874203821656,0,20,None,66,1,5,False,1000,1000
877,27,degCent,10,0.1694864649681528,0,20,None,66,1,5,False,1000,1000
878,28,degCent,10,0.1694864649681528,0,20,None,66,1,5,False,1000,1000
879,29,degCent,10,0.1694864649681528,0,20,None,66,1,5,False,1000,1000
880,25,degCent,10,0.3570859872611465,0,31,None,66,1,5,False,1000,1000
881,26,degCent,10,0.3541998407643312,0,31,None,66,1,5,False,1000,1000
882,27,degCent,10,0.3485270700636942,0,31,None,66,1,5,False,1000,1000
883,28,degCent,10,0.3377786624203822,0,31,None,66,1,5,False,1000,1000
884,29,degCent,10,0.3237460191082802,0,31,None,66,1,5,False,1000,1000
885,25,degCent,10,0.2437300955414012,0,28,None,66,1,5,False,1000,1000
886,26,degCent,10,0.3331011146496815,0,28,None,66,1,5,False,1000,1000
887,27,degCent,10,0.3787818471337579,0,28,None,66,1,5,False,1000,1000
888,28,degCent,10,0.3798765923566879,0,28,None,66,1,5,False,1000,1000
889,29,degCent,10,0.3596735668789809,0,28,None,66,1,5,False,1000,1000
890,25,degCent,10,0.1758558917197452,0,3,None,66,1,5,False,1000,1000
891,26,degCent,10,0.1777468152866242,0,3,None,66,1,5,False,1000,1000
892,27,degCent,10,0.1785429936305732,0,3,None,66,1,5,False,1000,1000
893,28,degCent,10,0.1798367834394904,0,3,None,66,1,5,False,1000,1000
894,29,degCent,10,0.1809315286624203,0,3,None,66,1,5,False,1000,1000
895,25,degCent,10,0.2869227707006369,0,5,None,66,1,5,False,1000,1000
896,26,degCent,10,0.3163813694267516,0,5,None,66,1,5,False,1000,1000
897,27,degCent,10,0.3486265923566879,0,5,None,66,1,5,False,1000,1000
898,28,degCent,10,0.3504179936305732,0,5,None,66,1,5,False,1000,1000
899,29,degCent,10,0.3641520700636942,0,5,None,66,1,5,False,1000,1000
900,25,degCent,10,0.3359872611464968,0,22,None,66,1,5,False,1000,1000
901,26,degCent,10,0.3258359872611465,0,22,None,66,1,5,False,1000,1000
902,27,degCent,10,0.3356886942675159,0,22,None,66,1,5,False,1000,1000
903,28,degCent,10,0.3377786624203822,0,22,None,66,1,5,False,1000,1000
904,29,degCent,10,0.3360867834394904,0,22,None,66,1,5,False,1000,1000
905,25,degCent,10,0.4713375796178344,0,14,None,66,1,5,False,1000,1000
906,26,degCent,10,0.4156050955414013,0,14,None,66,1,5,False,1000,1000
907,27,degCent,10,0.4503383757961783,0,14,None,66,1,5,False,1000,1000
908,28,degCent,10,0.4693471337579618,0,14,None,66,1,5,False,1000,1000
909,29,degCent,10,0.4607882165605095,0,14,None,66,1,5,False,1000,1000
910,25,degCent,10,0.314390923566879,0,26,None,66,1,5,False,1000,1000
911,26,degCent,10,0.3260350318471338,0,26,None,66,1,5,False,1000,1000
912,27,degCent,10,0.3319068471337579,0,26,None,66,1,5,False,1000,1000
913,28,degCent,10,0.3317078025477707,0,26,None,66,1,5,False,1000,1000
914,29,degCent,10,0.3362858280254777,0,26,None,66,1,5,False,1000,1000
915,25,degCent,10,0.2341759554140127,0,12,None,66,1,5,False,1000,1000
916,26,degCent,10,0.3375796178343949,0,12,None,66,1,5,False,1000,1000
917,27,degCent,10,0.3584792993630573,0,12,None,66,1,5,False,1000,1000
918,28,degCent,10,0.2825437898089172,0,12,None,66,1,5,False,1000,1000
919,29,degCent,10,0.2594546178343949,0,12,None,66,1,5,False,1000,1000
920,25,degCent,10,0.3188694267515923,0,27,None,66,1,5,False,1000,1000
921,26,degCent,10,0.3359872611464968,0,27,None,66,1,5,False,1000,1000
922,27,degCent,10,0.3340963375796178,0,27,None,66,1,5,False,1000,1000
923,28,degCent,10,0.3040406050955414,0,27,None,66,1,5,False,1000,1000
924,29,degCent,10,0.2827428343949044,0,27,None,66,1,5,False,1000,1000
925,25,degCent,10,0.3766918789808917,0,30,None,66,1,5,False,1000,1000
926,26,degCent,10,0.3767914012738853,0,30,None,66,1,5,False,1000,1000
927,27,degCent,10,0.3751990445859872,0,30,None,66,1,5,False,1000,1000
928,28,degCent,10,0.3788813694267516,0,30,None,66,1,5,False,1000,1000
929,29,degCent,10,0.375796178343949,0,30,None,66,1,5,False,1000,1000
930,25,degCent,10,0.3075238853503185,0,6,None,66,1,5,False,1000,1000
931,26,degCent,10,0.352906050955414,0,6,None,66,1,5,False,1000,1000
932,27,degCent,10,0.3831608280254777,0,6,None,66,1,5,False,1000,1000
933,28,degCent,10,0.408937101910828,0,6,None,66,1,5,False,1000,1000
934,29,degCent,10,0.4380971337579618,0,6,None,66,1,5,False,1000,1000
935,25,degCent,10,0.1917794585987261,0,32,None,66,1,5,False,1000,1000
936,26,degCent,10,0.2147691082802547,0,32,None,66,1,5,False,1000,1000
937,27,degCent,10,0.2382563694267516,0,32,None,66,1,5,False,1000,1000
938,28,degCent,10,0.2542794585987261,0,32,None,66,1,5,False,1000,1000
939,29,degCent,10,0.2625398089171974,0,32,None,66,1,5,False,1000,1000
940,25,degCent,10,0.1879976114649681,0,4,None,66,1,5,False,1000,1000
941,26,degCent,10,0.2024283439490445,0,4,None,66,1,5,False,1000,1000
942,27,degCent,10,0.2277070063694267,0,4,None,66,1,5,False,1000,1000
943,28,degCent,10,0.2565684713375796,0,4,None,66,1,5,False,1000,1000
944,29,degCent,10,0.2884156050955414,0,4,None,66,1,5,False,1000,1000
945,25,degCent,10,0.4152070063694267,0,16,None,66,1,5,False,1000,1000
946,26,degCent,10,0.4528264331210191,0,16,None,66,1,5,False,1000,1000
947,27,degCent,10,0.4232683121019108,0,16,None,66,1,5,False,1000,1000
948,28,degCent,10,0.4429737261146497,0,16,None,66,1,5,False,1000,1000
949,29,degCent,10,0.5009952229299363,0,16,None,66,1,5,False,1000,1000
950,25,degCent,10,0.2171576433121019,0,7,None,66,1,5,False,1000,1000
951,26,degCent,10,0.2731886942675159,0,7,None,66,1,5,False,1000,1000
952,27,degCent,10,0.3463375796178344,0,7,None,66,1,5,False,1000,1000
953,28,degCent,10,0.3788813694267516,0,7,None,66,1,5,False,1000,1000
954,29,degCent,10,0.3788813694267516,0,7,None,66,1,5,False,1000,1000
955,25,degCent,10,0.3646496815286624,0,9,None,66,1,5,False,1000,1000
956,26,degCent,10,0.3373805732484076,0,9,None,66,1,5,False,1000,1000
957,27,degCent,10,0.4209792993630573,0,9,None,66,1,5,False,1000,1000
958,28,degCent,10,0.4737261146496815,0,9,None,66,1,5,False,1000,1000
959,29,degCent,10,0.5586186305732485,0,9,None,66,1,5,False,1000,1000
960,25,degCent,10,0.2967754777070063,0,0,None,66,1,5,False,1000,1000
961,26,degCent,10,0.2856289808917197,0,0,None,66,1,5,False,1000,1000
962,27,degCent,10,0.2890127388535032,0,0,None,66,1,5,False,1000,1000
963,28,degCent,10,0.3000597133757962,0,0,None,66,1,5,False,1000,1000
964,29,degCent,10,0.3129976114649681,0,0,None,66,1,5,False,1000,1000
965,25,degCent,10,0.3365843949044586,0,29,None,66,1,5,False,1000,1000
966,26,degCent,10,0.3360867834394904,0,29,None,66,1,5,False,1000,1000
967,27,degCent,10,0.3201632165605095,0,29,None,66,1,5,False,1000,1000
968,28,degCent,10,0.2862261146496815,0,29,None,66,1,5,False,1000,1000
969,29,degCent,10,0.2738853503184713,0,29,None,66,1,5,False,1000,1000
970,25,degCent,10,0.3664410828025478,0,8,None,66,1,5,False,1000,1000
971,26,degCent,10,0.4419785031847134,0,8,None,66,1,5,False,1000,1000
972,27,degCent,10,0.3992834394904458,0,8,None,66,1,5,False,1000,1000
973,28,degCent,10,0.3263335987261146,0,8,None,66,1,5,False,1000,1000
974,29,degCent,10,0.4079418789808917,0,8,None,66,1,5,False,1000,1000
975,25,degCent,10,0.1814291401273885,0,18,None,66,1,5,False,1000,1000
976,26,degCent,10,0.198546974522293,0,18,None,66,1,5,False,1000,1000
977,27,degCent,10,0.2254179936305732,0,18,None,66,1,5,False,1000,1000
978,28,degCent,10,0.2632364649681528,0,18,None,66,1,5,False,1000,1000
979,29,degCent,10,0.28125,0,18,None,66,1,5,False,1000,1000
980,25,degCent,10,0.3526074840764331,0,19,None,66,1,5,False,1000,1000
981,26,degCent,10,0.4191878980891719,0,19,None,66,1,5,False,1000,1000
982,27,degCent,10,0.4379976114649681,0,19,None,66,1,5,False,1000,1000
983,28,degCent,10,0.4055533439490446,0,19,None,66,1,5,False,1000,1000
984,29,degCent,10,0.3573845541401274,0,19,None,66,1,5,False,1000,1000
985,25,degCent,10,0.3027468152866242,0,21,None,66,1,5,False,1000,1000
986,26,degCent,10,0.3064291401273885,0,21,None,66,1,5,False,1000,1000
987,27,degCent,10,0.3113057324840764,0,21,None,66,1,5,False,1000,1000
988,28,degCent,10,0.3149880573248407,0,21,None,66,1,5,False,1000,1000
989,29,degCent,10,0.3183718152866242,0,21,None,66,1,5,False,1000,1000
1980,30,degCent,10,0.3433519108280254,0,1,None,66,1,5,False,1000,1000
1981,31,degCent,10,0.3760947452229299,0,1,None,66,1,5,False,1000,1000
1982,32,degCent,10,0.384952229299363,0,1,None,66,1,5,False,1000,1000
1983,33,degCent,10,0.3734076433121019,0,1,None,66,1,5,False,1000,1000
1984,34,degCent,10,0.3535031847133758,0,1,None,66,1,5,False,1000,1000
1985,30,degCent,10,0.3651472929936306,0,5,None,66,1,5,False,1000,1000
1986,31,degCent,10,0.3905254777070063,0,5,None,66,1,5,False,1000,1000
1987,32,degCent,10,0.4164012738853503,0,5,None,66,1,5,False,1000,1000
1988,33,degCent,10,0.4404856687898089,0,5,None,66,1,5,False,1000,1000
1989,34,degCent,10,0.5130374203821656,0,5,None,66,1,5,False,1000,1000
1990,30,degCent,10,0.3223527070063694,0,13,None,66,1,5,False,1000,1000
1991,31,degCent,10,0.3211584394904458,0,13,None,66,1,5,False,1000,1000
1992,32,degCent,10,0.3221536624203822,0,13,None,66,1,5,False,1000,1000
1993,33,degCent,10,0.3233479299363057,0,13,None,66,1,5,False,1000,1000
1994,34,degCent,10,0.3253383757961783,0,13,None,66,1,5,False,1000,1000
1995,30,degCent,10,0.1939689490445859,0,15,None,66,1,5,False,1000,1000
1996,31,degCent,10,0.2217356687898089,0,15,None,66,1,5,False,1000,1000
1997,32,degCent,10,0.2689092356687898,0,15,None,66,1,5,False,1000,1000
1998,33,degCent,10,0.3512141719745223,0,15,None,66,1,5,False,1000,1000
1999,34,degCent,10,0.4083399681528662,0,15,None,66,1,5,False,1000,1000
2000,30,degCent,10,0.4326234076433121,0,16,None,66,1,5,False,1000,1000
2001,31,degCent,10,0.4638734076433121,0,16,None,66,1,5,False,1000,1000
2002,32,degCent,10,0.5138335987261147,0,16,None,66,1,5,False,1000,1000
2003,33,degCent,10,0.5336385350318471,0,16,None,66,1,5,False,1000,1000
2004,34,degCent,10,0.5470740445859873,0,16,None,66,1,5,False,1000,1000
2005,30,degCent,10,0.3934116242038216,0,19,None,66,1,5,False,1000,1000
2006,31,degCent,10,0.4151074840764331,0,19,None,66,1,5,False,1000,1000
2007,32,degCent,10,0.3747014331210191,0,19,None,66,1,5,False,1000,1000
2008,33,degCent,10,0.3097133757961783,0,19,None,66,1,5,False,1000,1000
2009,34,degCent,10,0.2908041401273885,0,19,None,66,1,5,False,1000,1000
2010,30,degCent,10,0.4960191082802547,0,25,None,66,1,5,False,1000,1000
2011,31,degCent,10,0.4817874203821656,0,25,None,66,1,5,False,1000,1000
2012,32,degCent,10,0.4721337579617834,0,25,None,66,1,5,False,1000,1000
2013,33,degCent,10,0.4705414012738853,0,25,None,66,1,5,False,1000,1000
2014,34,degCent,10,0.4734275477707006,0,25,None,66,1,5,False,1000,1000
2015,30,degCent,10,0.3552945859872611,0,21,None,66,1,5,False,1000,1000
2016,31,degCent,10,0.3572850318471338,0,21,None,66,1,5,False,1000,1000
2017,32,degCent,10,0.3597730891719745,0,21,None,66,1,5,False,1000,1000
2018,33,degCent,10,0.3616640127388535,0,21,None,66,1,5,False,1000,1000
2019,34,degCent,10,0.3660429936305732,0,21,None,66,1,5,False,1000,1000
2020,30,degCent,10,0.5205015923566879,0,26,None,66,1,5,False,1000,1000
2021,31,degCent,10,0.5079617834394905,0,26,None,66,1,5,False,1000,1000
2022,32,degCent,10,0.4875597133757962,0,26,None,66,1,5,False,1000,1000
2023,33,degCent,10,0.459593949044586,0,26,None,66,1,5,False,1000,1000
2024,34,degCent,10,0.4287420382165605,0,26,None,66,1,5,False,1000,1000
2025,30,degCent,10,0.4090366242038216,0,12,None,66,1,5,False,1000,1000
2026,31,degCent,10,0.4003781847133758,0,12,None,66,1,5,False,1000,1000
2027,32,degCent,10,0.2900079617834395,0,12,None,66,1,5,False,1000,1000
2028,33,degCent,10,0.2806528662420382,0,12,None,66,1,5,False,1000,1000
2029,34,degCent,10,0.3377786624203822,0,12,None,66,1,5,False,1000,1000
2030,30,degCent,10,0.293889331210191,0,28,None,66,1,5,False,1000,1000
2031,31,degCent,10,0.3728105095541401,0,28,None,66,1,5,False,1000,1000
2032,32,degCent,10,0.3794785031847134,0,28,None,66,1,5,False,1000,1000
2033,33,degCent,10,0.3538017515923566,0,28,None,66,1,5,False,1000,1000
2034,34,degCent,10,0.3040406050955414,0,28,None,66,1,5,False,1000,1000
2035,30,degCent,10,0.3752985668789809,0,29,None,66,1,5,False,1000,1000
2036,31,degCent,10,0.3631568471337579,0,29,None,66,1,5,False,1000,1000
2037,32,degCent,10,0.3331011146496815,0,29,None,66,1,5,False,1000,1000
2038,33,degCent,10,0.2980692675159235,0,29,None,66,1,5,False,1000,1000
2039,34,degCent,10,0.291202229299363,0,29,None,66,1,5,False,1000,1000
2040,30,degCent,10,0.4455613057324841,0,30,None,66,1,5,False,1000,1000
2041,31,degCent,10,0.4297372611464968,0,30,None,66,1,5,False,1000,1000
2042,32,degCent,10,0.4191878980891719,0,30,None,66,1,5,False,1000,1000
2043,33,degCent,10,0.4113256369426751,0,30,None,66,1,5,False,1000,1000
2044,34,degCent,10,0.4015724522292994,0,30,None,66,1,5,False,1000,1000
2045,30,degCent,10,0.3819665605095541,0,18,None,66,1,5,False,1000,1000
2046,31,degCent,10,0.3783837579617834,0,18,None,66,1,5,False,1000,1000
2047,32,degCent,10,0.3683320063694267,0,18,None,66,1,5,False,1000,1000
2048,33,degCent,10,0.350218949044586,0,18,None,66,1,5,False,1000,1000
2049,34,degCent,10,0.3341958598726114,0,18,None,66,1,5,False,1000,1000
2050,30,degCent,10,0.3422571656050955,0,27,None,66,1,5,False,1000,1000
2051,31,degCent,10,0.3213574840764331,0,27,None,66,1,5,False,1000,1000
2052,32,degCent,10,0.2804538216560509,0,27,None,66,1,5,False,1000,1000
2053,33,degCent,10,0.2907046178343949,0,27,None,66,1,5,False,1000,1000
2054,34,degCent,10,0.3113057324840764,0,27,None,66,1,5,False,1000,1000
2055,30,degCent,10,0.3166799363057325,0,31,None,66,1,5,False,1000,1000
2056,31,degCent,10,0.2916003184713376,0,31,None,66,1,5,False,1000,1000
2057,32,degCent,10,0.2764729299363057,0,31,None,66,1,5,False,1000,1000
2058,33,degCent,10,0.2741839171974522,0,31,None,66,1,5,False,1000,1000
2059,34,degCent,10,0.279359076433121,0,31,None,66,1,5,False,1000,1000
2060,30,degCent,10,0.3533041401273885,0,7,None,66,1,5,False,1000,1000
2061,31,degCent,10,0.3954020700636942,0,7,None,66,1,5,False,1000,1000
2062,32,degCent,10,0.3958001592356688,0,7,None,66,1,5,False,1000,1000
2063,33,degCent,10,0.3835589171974522,0,7,None,66,1,5,False,1000,1000
2064,34,degCent,10,0.3626592356687898,0,7,None,66,1,5,False,1000,1000
2065,30,degCent,10,0.2139729299363057,0,2,None,66,1,5,False,1000,1000
2066,31,degCent,10,0.2282046178343949,0,2,None,66,1,5,False,1000,1000
2067,32,degCent,10,0.2476114649681528,0,2,None,66,1,5,False,1000,1000
2068,33,degCent,10,0.2661226114649681,0,2,None,66,1,5,False,1000,1000
2069,34,degCent,10,0.2837380573248407,0,2,None,66,1,5,False,1000,1000
2070,30,degCent,10,0.3918192675159235,0,4,None,66,1,5,False,1000,1000
2071,31,degCent,10,0.398984872611465,0,4,None,66,1,5,False,1000,1000
2072,32,degCent,10,0.4007762738853503,0,4,None,66,1,5,False,1000,1000
2073,33,degCent,10,0.397890127388535,0,4,None,66,1,5,False,1000,1000
2074,34,degCent,10,0.3912221337579618,0,4,None,66,1,5,False,1000,1000
2075,30,degCent,10,0.4064490445859872,0,8,None,66,1,5,False,1000,1000
2076,31,degCent,10,0.3669386942675159,0,8,None,66,1,5,False,1000,1000
2077,32,degCent,10,0.4158041401273885,0,8,None,66,1,5,False,1000,1000
2078,33,degCent,10,0.4132165605095541,0,8,None,66,1,5,False,1000,1000
2079,34,degCent,10,0.4224721337579618,0,8,None,66,1,5,False,1000,1000
2080,30,degCent,10,0.2924960191082802,0,10,None,66,1,5,False,1000,1000
2081,31,degCent,10,0.3111066878980891,0,10,None,66,1,5,False,1000,1000
2082,32,degCent,10,0.3162818471337579,0,10,None,66,1,5,False,1000,1000
2083,33,degCent,10,0.3664410828025478,0,10,None,66,1,5,False,1000,1000
2084,34,degCent,10,0.3760947452229299,0,10,None,66,1,5,False,1000,1000
2085,30,degCent,10,0.1853105095541401,0,20,None,66,1,5,False,1000,1000
2086,31,degCent,10,0.1853105095541401,0,20,None,66,1,5,False,1000,1000
2087,32,degCent,10,0.185609076433121,0,20,None,66,1,5,False,1000,1000
2088,33,degCent,10,0.185609076433121,0,20,None,66,1,5,False,1000,1000
2089,34,degCent,10,0.185609076433121,0,20,None,66,1,5,False,1000,1000
2090,30,degCent,10,0.3494227707006369,0,0,None,66,1,5,False,1000,1000
2091,31,degCent,10,0.3482285031847134,0,0,None,66,1,5,False,1000,1000
2092,32,degCent,10,0.3536027070063694,0,0,None,66,1,5,False,1000,1000
2093,33,degCent,10,0.3570859872611465,0,0,None,66,1,5,False,1000,1000
2094,34,degCent,10,0.3586783439490446,0,0,None,66,1,5,False,1000,1000
2095,30,degCent,10,0.3398686305732484,0,23,None,66,1,5,False,1000,1000
2096,31,degCent,10,0.3559912420382166,0,23,None,66,1,5,False,1000,1000
2097,32,degCent,10,0.3701234076433121,0,23,None,66,1,5,False,1000,1000
2098,33,degCent,10,0.3733081210191082,0,23,None,66,1,5,False,1000,1000
2099,34,degCent,10,0.363953025477707,0,23,None,66,1,5,False,1000,1000
2100,30,degCent,10,0.3127985668789809,0,32,None,66,1,5,False,1000,1000
2101,31,degCent,10,0.3319068471337579,0,32,None,66,1,5,False,1000,1000
2102,32,degCent,10,0.3438495222929936,0,32,None,66,1,5,False,1000,1000
2103,33,degCent,10,0.350218949044586,0,32,None,66,1,5,False,1000,1000
2104,34,degCent,10,0.3518113057324841,0,32,None,66,1,5,False,1000,1000
2105,30,degCent,10,0.4357085987261146,0,6,None,66,1,5,False,1000,1000
2106,31,degCent,10,0.463077229299363,0,6,None,66,1,5,False,1000,1000
2107,32,degCent,10,0.4913415605095541,0,6,None,66,1,5,False,1000,1000
2108,33,degCent,10,0.5186106687898089,0,6,None,66,1,5,False,1000,1000
2109,34,degCent,10,0.5351313694267515,0,6,None,66,1,5,False,1000,1000
2110,30,degCent,10,0.3048367834394904,0,9,None,66,1,5,False,1000,1000
2111,31,degCent,10,0.4144108280254777,0,9,None,66,1,5,False,1000,1000
2112,32,degCent,10,0.4526273885350318,0,9,None,66,1,5,False,1000,1000
2113,33,degCent,10,0.5462778662420382,0,9,None,66,1,5,False,1000,1000
2114,34,degCent,10,0.5828025477707006,0,9,None,66,1,5,False,1000,1000
2115,30,degCent,10,0.4963176751592357,0,14,None,66,1,5,False,1000,1000
2116,31,degCent,10,0.4727308917197452,0,14,None,66,1,5,False,1000,1000
2117,32,degCent,10,0.4579020700636942,0,14,None,66,1,5,False,1000,1000
2118,33,degCent,10,0.4521297770700637,0,14,None,66,1,5,False,1000,1000
2119,34,degCent,10,0.4546178343949044,0,14,None,66,1,5,False,1000,1000
2120,30,degCent,10,0.4164012738853503,0,22,None,66,1,5,False,1000,1000
2121,31,degCent,10,0.3681329617834395,0,22,None,66,1,5,False,1000,1000
2122,32,degCent,10,0.322452229299363,0,22,None,66,1,5,False,1000,1000
2123,33,degCent,10,0.3125995222929936,0,22,None,66,1,5,False,1000,1000
2124,34,degCent,10,0.3254378980891719,0,22,None,66,1,5,False,1000,1000
2125,30,degCent,10,0.1836186305732484,0,11,None,66,1,5,False,1000,1000
2126,31,degCent,10,0.1847133757961783,0,11,None,66,1,5,False,1000,1000
2127,32,degCent,10,0.1861066878980891,0,11,None,66,1,5,False,1000,1000
2128,33,degCent,10,0.1868033439490445,0,11,None,66,1,5,False,1000,1000
2129,34,degCent,10,0.1953622611464968,0,11,None,66,1,5,False,1000,1000
2130,30,degCent,10,0.2199442675159235,0,3,None,66,1,5,False,1000,1000
2131,31,degCent,10,0.2083001592356688,0,3,None,66,1,5,False,1000,1000
2132,32,degCent,10,0.2002388535031847,0,3,None,66,1,5,False,1000,1000
2133,33,degCent,10,0.1952627388535031,0,3,None,66,1,5,False,1000,1000
2134,34,degCent,10,0.1946656050955414,0,3,None,66,1,5,False,1000,1000
2135,30,degCent,10,0.1918789808917197,0,17,None,66,1,5,False,1000,1000
2136,31,degCent,10,0.1948646496815286,0,17,None,66,1,5,False,1000,1000
2137,32,degCent,10,0.1958598726114649,0,17,None,66,1,5,False,1000,1000
2138,33,degCent,10,0.1995421974522293,0,17,None,66,1,5,False,1000,1000
2139,34,degCent,10,0.2071058917197452,0,17,None,66,1,5,False,1000,1000
2140,30,degCent,10,0.289609872611465,0,24,None,66,1,5,False,1000,1000
2141,31,degCent,10,0.2921974522292994,0,24,None,66,1,5,False,1000,1000
2142,32,degCent,10,0.3137937898089172,0,24,None,66,1,5,False,1000,1000
2143,33,degCent,10,0.3431528662420382,0,24,None,66,1,5,False,1000,1000
2144,34,degCent,10,0.4281449044585987,0,24,None,66,1,5,False,1000,1000
2145,35,degCent,10,0.3503184713375796,0,1,None,66,1,5,False,1000,1000
2146,36,degCent,10,0.3356886942675159,0,1,None,66,1,5,False,1000,1000
2147,37,degCent,10,0.3272292993630573,0,1,None,66,1,5,False,1000,1000
2148,38,degCent,10,0.3432523885350318,0,1,None,66,1,5,False,1000,1000
2149,39,degCent,10,0.3595740445859872,0,1,None,66,1,5,False,1000,1000
2150,35,degCent,10,0.3402667197452229,0,9,None,66,1,5,False,1000,1000
2151,36,degCent,10,0.4256568471337579,0,9,None,66,1,5,False,1000,1000
2152,37,degCent,10,0.497014331210191,0,9,None,66,1,5,False,1000,1000
2153,38,degCent,10,0.5648885350318471,0,9,None,66,1,5,False,1000,1000
2154,39,degCent,10,0.5941480891719745,0,9,None,66,1,5,False,1000,1000
2155,35,degCent,10,0.3552945859872611,0,29,None,66,1,5,False,1000,1000
2156,36,degCent,10,0.2959792993630573,0,29,None,66,1,5,False,1000,1000
2157,37,degCent,10,0.289609872611465,0,29,None,66,1,5,False,1000,1000
2158,38,degCent,10,0.2875199044585987,0,29,None,66,1,5,False,1000,1000
2159,39,degCent,10,0.2884156050955414,0,29,None,66,1,5,False,1000,1000
2160,35,degCent,10,0.3932125796178344,0,23,None,66,1,5,False,1000,1000
2161,36,degCent,10,0.3703224522292994,0,23,None,66,1,5,False,1000,1000
2162,37,degCent,10,0.3424562101910828,0,23,None,66,1,5,False,1000,1000
2163,38,degCent,10,0.3110071656050955,0,23,None,66,1,5,False,1000,1000
2164,39,degCent,10,0.3024482484076433,0,23,None,66,1,5,False,1000,1000
2165,35,degCent,10,0.1950636942675159,0,11,None,66,1,5,False,1000,1000
2166,36,degCent,10,0.1957603503184713,0,11,None,66,1,5,False,1000,1000
2167,37,degCent,10,0.2096934713375796,0,11,None,66,1,5,False,1000,1000
2168,38,degCent,10,0.2568670382165605,0,11,None,66,1,5,False,1000,1000
2169,39,degCent,10,0.3161823248407643,0,11,None,66,1,5,False,1000,1000
2170,35,degCent,10,0.3623606687898089,0,2,None,66,1,5,False,1000,1000
2171,36,degCent,10,0.3709195859872611,0,2,None,66,1,5,False,1000,1000
2172,37,degCent,10,0.3761942675159235,0,2,None,66,1,5,False,1000,1000
2173,38,degCent,10,0.3782842356687898,0,2,None,66,1,5,False,1000,1000
2174,39,degCent,10,0.3775875796178344,0,2,None,66,1,5,False,1000,1000
2175,35,degCent,10,0.493531050955414,0,16,None,66,1,5,False,1000,1000
2176,36,degCent,10,0.5283638535031847,0,16,None,66,1,5,False,1000,1000
2177,37,degCent,10,0.5429936305732485,0,16,None,66,1,5,False,1000,1000
2178,38,degCent,10,0.5553343949044586,0,16,None,66,1,5,False,1000,1000
2179,39,degCent,10,0.570859872611465,0,16,None,66,1,5,False,1000,1000
2180,35,degCent,10,0.3819665605095541,0,32,None,66,1,5,False,1000,1000
2181,36,degCent,10,0.3735071656050955,0,32,None,66,1,5,False,1000,1000
2182,37,degCent,10,0.3572850318471338,0,32,None,66,1,5,False,1000,1000
2183,38,degCent,10,0.3333996815286624,0,32,None,66,1,5,False,1000,1000
2184,39,degCent,10,0.3090167197452229,0,32,None,66,1,5,False,1000,1000
2185,35,degCent,10,0.2586584394904458,0,15,None,66,1,5,False,1000,1000
2186,36,degCent,10,0.3301154458598726,0,15,None,66,1,5,False,1000,1000
2187,37,degCent,10,0.371218152866242,0,15,None,66,1,5,False,1000,1000
2188,38,degCent,10,0.4219745222929936,0,15,None,66,1,5,False,1000,1000
2189,39,degCent,10,0.3626592356687898,0,15,None,66,1,5,False,1000,1000
2190,35,degCent,10,0.3474323248407643,0,10,None,66,1,5,False,1000,1000
2191,36,degCent,10,0.3236464968152866,0,10,None,66,1,5,False,1000,1000
2192,37,degCent,10,0.3630573248407643,0,10,None,66,1,5,False,1000,1000
2193,38,degCent,10,0.3962977707006369,0,10,None,66,1,5,False,1000,1000
2194,39,degCent,10,0.4263535031847134,0,10,None,66,1,5,False,1000,1000
2195,35,degCent,10,0.5130374203821656,0,25,None,66,1,5,False,1000,1000
2196,36,degCent,10,0.523984872611465,0,25,None,66,1,5,False,1000,1000
2197,37,degCent,10,0.5340366242038217,0,25,None,66,1,5,False,1000,1000
2198,38,degCent,10,0.5409036624203821,0,25,None,66,1,5,False,1000,1000
2199,39,degCent,10,0.5462778662420382,0,25,None,66,1,5,False,1000,1000
2200,35,degCent,10,0.2017316878980891,0,20,None,66,1,5,False,1000,1000
2201,36,degCent,10,0.2018312101910828,0,20,None,66,1,5,False,1000,1000
2202,37,degCent,10,0.2019307324840764,0,20,None,66,1,5,False,1000,1000
2203,38,degCent,10,0.2021297770700637,0,20,None,66,1,5,False,1000,1000
2204,39,degCent,10,0.2024283439490445,0,20,None,66,1,5,False,1000,1000
2205,35,degCent,10,0.3651472929936306,0,8,None,66,1,5,False,1000,1000
2206,36,degCent,10,0.4360071656050955,0,8,None,66,1,5,False,1000,1000
2207,37,degCent,10,0.4160031847133758,0,8,None,66,1,5,False,1000,1000
2208,38,degCent,10,0.4266520700636942,0,8,None,66,1,5,False,1000,1000
2209,39,degCent,10,0.4450636942675159,0,8,None,66,1,5,False,1000,1000
2210,35,degCent,10,0.378483280254777,0,28,None,66,1,5,False,1000,1000
2211,36,degCent,10,0.3431528662420382,0,28,None,66,1,5,False,1000,1000
2212,37,degCent,10,0.2854299363057325,0,28,None,66,1,5,False,1000,1000
2213,38,degCent,10,0.2780652866242038,0,28,None,66,1,5,False,1000,1000
2214,39,degCent,10,0.2913017515923566,0,28,None,66,1,5,False,1000,1000
2215,35,degCent,10,0.2346735668789809,0,3,None,66,1,5,False,1000,1000
2216,36,degCent,10,0.2181528662420382,0,3,None,66,1,5,False,1000,1000
2217,37,degCent,10,0.2075039808917197,0,3,None,66,1,5,False,1000,1000
2218,38,degCent,10,0.1999402866242038,0,3,None,66,1,5,False,1000,1000
2219,39,degCent,10,0.196656050955414,0,3,None,66,1,5,False,1000,1000
2220,35,degCent,10,0.419984076433121,0,19,None,66,1,5,False,1000,1000
2221,36,degCent,10,0.4011743630573248,0,19,None,66,1,5,False,1000,1000
2222,37,degCent,10,0.4168988853503185,0,19,None,66,1,5,False,1000,1000
2223,38,degCent,10,0.4499402866242038,0,19,None,66,1,5,False,1000,1000
2224,39,degCent,10,0.487858280254777,0,19,None,66,1,5,False,1000,1000
2225,35,degCent,10,0.3505175159235669,0,13,None,66,1,5,False,1000,1000
2226,36,degCent,10,0.3458399681528662,0,13,None,66,1,5,False,1000,1000
2227,37,degCent,10,0.3415605095541401,0,13,None,66,1,5,False,1000,1000
2228,38,degCent,10,0.3346934713375796,0,13,None,66,1,5,False,1000,1000
2229,39,degCent,10,0.3294187898089172,0,13,None,66,1,5,False,1000,1000
2230,35,degCent,10,0.2909036624203822,0,18,None,66,1,5,False,1000,1000
2231,36,degCent,10,0.3346934713375796,0,18,None,66,1,5,False,1000,1000
2232,37,degCent,10,0.3642515923566879,0,18,None,66,1,5,False,1000,1000
2233,38,degCent,10,0.3694267515923566,0,18,None,66,1,5,False,1000,1000
2234,39,degCent,10,0.3545979299363057,0,18,None,66,1,5,False,1000,1000
2235,35,degCent,10,0.3511146496815286,0,22,None,66,1,5,False,1000,1000
2236,36,degCent,10,0.3268312101910828,0,22,None,66,1,5,False,1000,1000
2237,37,degCent,10,0.3314092356687898,0,22,None,66,1,5,False,1000,1000
2238,38,degCent,10,0.3837579617834395,0,22,None,66,1,5,False,1000,1000
2239,39,degCent,10,0.4007762738853503,0,22,None,66,1,5,False,1000,1000
2240,35,degCent,10,0.4038614649681528,0,5,None,66,1,5,False,1000,1000
2241,36,degCent,10,0.4140127388535032,0,5,None,66,1,5,False,1000,1000
2242,37,degCent,10,0.4491441082802547,0,5,None,66,1,5,False,1000,1000
2243,38,degCent,10,0.4967157643312102,0,5,None,66,1,5,False,1000,1000
2244,39,degCent,10,0.4413813694267516,0,5,None,66,1,5,False,1000,1000
2245,35,degCent,10,0.4104299363057325,0,4,None,66,1,5,False,1000,1000
2246,36,degCent,10,0.4163017515923566,0,4,None,66,1,5,False,1000,1000
2247,37,degCent,10,0.416202229299363,0,4,None,66,1,5,False,1000,1000
2248,38,degCent,10,0.412718949044586,0,4,None,66,1,5,False,1000,1000
2249,39,degCent,10,0.4040605095541401,0,4,None,66,1,5,False,1000,1000
2250,35,degCent,10,0.4693471337579618,0,6,None,66,1,5,False,1000,1000
2251,36,degCent,10,0.4883558917197452,0,6,None,66,1,5,False,1000,1000
2252,37,degCent,10,0.5000995222929936,0,6,None,66,1,5,False,1000,1000
2253,38,degCent,10,0.5593152866242038,0,6,None,66,1,5,False,1000,1000
2254,39,degCent,10,0.5221934713375797,0,6,None,66,1,5,False,1000,1000
2255,35,degCent,10,0.2760748407643312,0,7,None,66,1,5,False,1000,1000
2256,36,degCent,10,0.3333001592356688,0,7,None,66,1,5,False,1000,1000
2257,37,degCent,10,0.3832603503184713,0,7,None,66,1,5,False,1000,1000
2258,38,degCent,10,0.4002786624203822,0,7,None,66,1,5,False,1000,1000
2259,39,degCent,10,0.3861464968152866,0,7,None,66,1,5,False,1000,1000
2260,35,degCent,10,0.4924363057324841,0,14,None,66,1,5,False,1000,1000
2261,36,degCent,10,0.4640724522292994,0,14,None,66,1,5,False,1000,1000
2262,37,degCent,10,0.4596934713375796,0,14,None,66,1,5,False,1000,1000
2263,38,degCent,10,0.4656648089171974,0,14,None,66,1,5,False,1000,1000
2264,39,degCent,10,0.4757165605095541,0,14,None,66,1,5,False,1000,1000
2265,35,degCent,10,0.375,0,12,None,66,1,5,False,1000,1000
2266,36,degCent,10,0.3707205414012738,0,12,None,66,1,5,False,1000,1000
2267,37,degCent,10,0.2939888535031847,0,12,None,66,1,5,False,1000,1000
2268,38,degCent,10,0.3108081210191082,0,12,None,66,1,5,False,1000,1000
2269,39,degCent,10,0.4080414012738853,0,12,None,66,1,5,False,1000,1000
2270,35,degCent,10,0.455812101910828,0,26,None,66,1,5,False,1000,1000
2271,36,degCent,10,0.4826831210191082,0,26,None,66,1,5,False,1000,1000
2272,37,degCent,10,0.4638734076433121,0,26,None,66,1,5,False,1000,1000
2273,38,degCent,10,0.4252587579617834,0,26,None,66,1,5,False,1000,1000
2274,39,degCent,10,0.3930135350318471,0,26,None,66,1,5,False,1000,1000
2275,35,degCent,10,0.2108877388535031,0,17,None,66,1,5,False,1000,1000
2276,36,degCent,10,0.2309912420382165,0,17,None,66,1,5,False,1000,1000
2277,37,degCent,10,0.2621417197452229,0,17,None,66,1,5,False,1000,1000
2278,38,degCent,10,0.2932921974522293,0,17,None,66,1,5,False,1000,1000
2279,39,degCent,10,0.3165804140127388,0,17,None,66,1,5,False,1000,1000
2280,35,degCent,10,0.3699243630573248,0,21,None,66,1,5,False,1000,1000
2281,36,degCent,10,0.345640923566879,0,21,None,66,1,5,False,1000,1000
2282,37,degCent,10,0.3427547770700637,0,21,None,66,1,5,False,1000,1000
2283,38,degCent,10,0.3377786624203822,0,21,None,66,1,5,False,1000,1000
2284,39,degCent,10,0.3338972929936306,0,21,None,66,1,5,False,1000,1000
2285,35,degCent,10,0.3021496815286624,0,24,None,66,1,5,False,1000,1000
2286,36,degCent,10,0.3290207006369426,0,24,None,66,1,5,False,1000,1000
2287,37,degCent,10,0.4375,0,24,None,66,1,5,False,1000,1000
2288,38,degCent,10,0.4173964968152866,0,24,None,66,1,5,False,1000,1000
2289,39,degCent,10,0.4247611464968153,0,24,None,66,1,5,False,1000,1000
2290,35,degCent,10,0.2861265923566879,0,27,None,66,1,5,False,1000,1000
2291,36,degCent,10,0.3011544585987261,0,27,None,66,1,5,False,1000,1000
2292,37,degCent,10,0.3506170382165605,0,27,None,66,1,5,False,1000,1000
2293,38,degCent,10,0.4071457006369426,0,27,None,66,1,5,False,1000,1000
2294,39,degCent,10,0.4113256369426751,0,27,None,66,1,5,False,1000,1000
2295,35,degCent,10,0.3778861464968153,0,0,None,66,1,5,False,1000,1000
2296,36,degCent,10,0.3623606687898089,0,0,None,66,1,5,False,1000,1000
2297,37,degCent,10,0.3544984076433121,0,0,None,66,1,5,False,1000,1000
2298,38,degCent,10,0.3477308917197452,0,0,None,66,1,5,False,1000,1000
2299,39,degCent,10,0.3368829617834395,0,0,None,66,1,5,False,1000,1000
2300,35,degCent,10,0.4198845541401274,0,30,None,66,1,5,False,1000,1000
2301,36,degCent,10,0.3813694267515923,0,30,None,66,1,5,False,1000,1000
2302,37,degCent,10,0.3576831210191082,0,30,None,66,1,5,False,1000,1000
2303,38,degCent,10,0.339171974522293,0,30,None,66,1,5,False,1000,1000
2304,39,degCent,10,0.3249402866242038,0,30,None,66,1,5,False,1000,1000
2305,35,degCent,10,0.2876194267515923,0,31,None,66,1,5,False,1000,1000
2306,36,degCent,10,0.2884156050955414,0,31,None,66,1,5,False,1000,1000
2307,37,degCent,10,0.3032444267515923,0,31,None,66,1,5,False,1000,1000
2308,38,degCent,10,0.3796775477707006,0,31,None,66,1,5,False,1000,1000
2309,39,degCent,10,0.3753980891719745,0,31,None,66,1,5,False,1000,1000
2310,40,degCent,10,0.431827229299363,0,24,None,66,1,5,False,1000,1000
2311,41,degCent,10,0.4294386942675159,0,24,None,66,1,5,False,1000,1000
2312,42,degCent,10,0.438296178343949,0,24,None,66,1,5,False,1000,1000
2313,43,degCent,10,0.4624800955414013,0,24,None,66,1,5,False,1000,1000
2314,44,degCent,10,0.4913415605095541,0,24,None,66,1,5,False,1000,1000
2315,40,degCent,10,0.351015127388535,0,21,None,66,1,5,False,1000,1000
2316,41,degCent,10,0.3134952229299363,0,21,None,66,1,5,False,1000,1000
2317,42,degCent,10,0.3099124203821656,0,21,None,66,1,5,False,1000,1000
2318,43,degCent,10,0.3091162420382166,0,21,None,66,1,5,False,1000,1000
2319,44,degCent,10,0.3117038216560509,0,21,None,66,1,5,False,1000,1000
2320,40,degCent,10,0.3020501592356688,0,27,None,66,1,5,False,1000,1000
2321,41,degCent,10,0.4113256369426751,0,27,None,66,1,5,False,1000,1000
2322,42,degCent,10,0.4094347133757962,0,27,None,66,1,5,False,1000,1000
2323,43,degCent,10,0.4220740445859872,0,27,None,66,1,5,False,1000,1000
2324,44,degCent,10,0.4396894904458598,0,27,None,66,1,5,False,1000,1000
2325,40,degCent,10,0.3102109872611465,0,1,None,66,1,5,False,1000,1000
2326,41,degCent,10,0.3279259554140127,0,1,None,66,1,5,False,1000,1000
2327,42,degCent,10,0.353702229299363,0,1,None,66,1,5,False,1000,1000
2328,43,degCent,10,0.4126194267515923,0,1,None,66,1,5,False,1000,1000
2329,44,degCent,10,0.4625796178343949,0,1,None,66,1,5,False,1000,1000
2330,40,degCent,10,0.3837579617834395,0,2,None,66,1,5,False,1000,1000
2331,41,degCent,10,0.3891321656050955,0,2,None,66,1,5,False,1000,1000
2332,42,degCent,10,0.3928144904458598,0,2,None,66,1,5,False,1000,1000
2333,43,degCent,10,0.3934116242038216,0,2,None,66,1,5,False,1000,1000
2334,44,degCent,10,0.3935111464968153,0,2,None,66,1,5,False,1000,1000
2335,40,degCent,10,0.2192476114649681,0,11,None,66,1,5,False,1000,1000
2336,41,degCent,10,0.2482085987261146,0,11,None,66,1,5,False,1000,1000
2337,42,degCent,10,0.2802547770700637,0,11,None,66,1,5,False,1000,1000
2338,43,degCent,10,0.3287221337579618,0,11,None,66,1,5,False,1000,1000
2339,44,degCent,10,0.3501194267515923,0,11,None,66,1,5,False,1000,1000
2340,40,degCent,10,0.309514331210191,0,15,None,66,1,5,False,1000,1000
2341,41,degCent,10,0.3674363057324841,0,15,None,66,1,5,False,1000,1000
2342,42,degCent,10,0.4130175159235669,0,15,None,66,1,5,False,1000,1000
2343,43,degCent,10,0.3511146496815286,0,15,None,66,1,5,False,1000,1000
2344,44,degCent,10,0.3303144904458598,0,15,None,66,1,5,False,1000,1000
2345,40,degCent,10,0.3773885350318471,0,17,None,66,1,5,False,1000,1000
2346,41,degCent,10,0.3551950636942675,0,17,None,66,1,5,False,1000,1000
2347,42,degCent,10,0.3263335987261146,0,17,None,66,1,5,False,1000,1000
2348,43,degCent,10,0.3120023885350318,0,17,None,66,1,5,False,1000,1000
2349,44,degCent,10,0.3092157643312102,0,17,None,66,1,5,False,1000,1000
2350,40,degCent,10,0.5281648089171974,0,16,None,66,1,5,False,1000,1000
2351,41,degCent,10,0.5444864649681529,0,16,None,66,1,5,False,1000,1000
2352,42,degCent,10,0.5551353503184714,0,16,None,66,1,5,False,1000,1000
2353,43,degCent,10,0.5714570063694268,0,16,None,66,1,5,False,1000,1000
2354,44,degCent,10,0.5879777070063694,0,16,None,66,1,5,False,1000,1000
2355,40,degCent,10,0.3127985668789809,0,13,None,66,1,5,False,1000,1000
2356,41,degCent,10,0.3053343949044586,0,13,None,66,1,5,False,1000,1000
2357,42,degCent,10,0.2988654458598726,0,13,None,66,1,5,False,1000,1000
2358,43,degCent,10,0.2926950636942675,0,13,None,66,1,5,False,1000,1000
2359,44,degCent,10,0.2889132165605095,0,13,None,66,1,5,False,1000,1000
2360,40,degCent,10,0.4812898089171974,0,25,None,66,1,5,False,1000,1000
2361,41,degCent,10,0.464171974522293,0,25,None,66,1,5,False,1000,1000
2362,42,degCent,10,0.4514331210191082,0,25,None,66,1,5,False,1000,1000
2363,43,degCent,10,0.4431727707006369,0,25,None,66,1,5,False,1000,1000
2364,44,degCent,10,0.4387937898089172,0,25,None,66,1,5,False,1000,1000
2365,40,degCent,10,0.3314092356687898,0,29,None,66,1,5,False,1000,1000
2366,41,degCent,10,0.2961783439490446,0,29,None,66,1,5,False,1000,1000
2367,42,degCent,10,0.2911027070063694,0,29,None,66,1,5,False,1000,1000
2368,43,degCent,10,0.2886146496815286,0,29,None,66,1,5,False,1000,1000
2369,44,degCent,10,0.2859275477707006,0,29,None,66,1,5,False,1000,1000
2370,40,degCent,10,0.4235668789808917,0,9,None,66,1,5,False,1000,1000
2371,41,degCent,10,0.4453622611464968,0,9,None,66,1,5,False,1000,1000
2372,42,degCent,10,0.5386146496815286,0,9,None,66,1,5,False,1000,1000
2373,43,degCent,10,0.5795183121019108,0,9,None,66,1,5,False,1000,1000
2374,44,degCent,10,0.6039012738853503,0,9,None,66,1,5,False,1000,1000
2375,40,degCent,10,0.3799761146496815,0,5,None,66,1,5,False,1000,1000
2376,41,degCent,10,0.4767117834394904,0,5,None,66,1,5,False,1000,1000
2377,42,degCent,10,0.4223726114649681,0,5,None,66,1,5,False,1000,1000
2378,43,degCent,10,0.4311305732484076,0,5,None,66,1,5,False,1000,1000
2379,44,degCent,10,0.4652667197452229,0,5,None,66,1,5,False,1000,1000
2380,40,degCent,10,0.3696257961783439,0,7,None,66,1,5,False,1000,1000
2381,41,degCent,10,0.3329020700636942,0,7,None,66,1,5,False,1000,1000
2382,42,degCent,10,0.3024482484076433,0,7,None,66,1,5,False,1000,1000
2383,43,degCent,10,0.2959792993630573,0,7,None,66,1,5,False,1000,1000
2384,44,degCent,10,0.3264331210191082,0,7,None,66,1,5,False,1000,1000
2385,40,degCent,10,0.3901273885350318,0,14,None,66,1,5,False,1000,1000
2386,41,degCent,10,0.4189888535031847,0,14,None,66,1,5,False,1000,1000
2387,42,degCent,10,0.4642714968152866,0,14,None,66,1,5,False,1000,1000
2388,43,degCent,10,0.4644705414012738,0,14,None,66,1,5,False,1000,1000
2389,44,degCent,10,0.4581011146496815,0,14,None,66,1,5,False,1000,1000
2390,40,degCent,10,0.3530055732484076,0,12,None,66,1,5,False,1000,1000
2391,41,degCent,10,0.3432523885350318,0,12,None,66,1,5,False,1000,1000
2392,42,degCent,10,0.411624203821656,0,12,None,66,1,5,False,1000,1000
2393,43,degCent,10,0.4210788216560509,0,12,None,66,1,5,False,1000,1000
2394,44,degCent,10,0.4372014331210191,0,12,None,66,1,5,False,1000,1000
2395,40,degCent,10,0.3586783439490446,0,26,None,66,1,5,False,1000,1000
2396,41,degCent,10,0.3889331210191082,0,26,None,66,1,5,False,1000,1000
2397,42,degCent,10,0.4233678343949044,0,26,None,66,1,5,False,1000,1000
2398,43,degCent,10,0.3983877388535032,0,26,None,66,1,5,False,1000,1000
2399,44,degCent,10,0.3761942675159235,0,26,None,66,1,5,False,1000,1000
2400,40,degCent,10,0.3514132165605095,0,30,None,66,1,5,False,1000,1000
2401,41,degCent,10,0.341859076433121,0,30,None,66,1,5,False,1000,1000
2402,42,degCent,10,0.3360867834394904,0,30,None,66,1,5,False,1000,1000
2403,43,degCent,10,0.3286226114649681,0,30,None,66,1,5,False,1000,1000
2404,44,degCent,10,0.3219546178343949,0,30,None,66,1,5,False,1000,1000
2405,40,degCent,10,0.3586783439490446,0,18,None,66,1,5,False,1000,1000
2406,41,degCent,10,0.3288216560509554,0,18,None,66,1,5,False,1000,1000
2407,42,degCent,10,0.2974721337579618,0,18,None,66,1,5,False,1000,1000
2408,43,degCent,10,0.2851313694267516,0,18,None,66,1,5,False,1000,1000
2409,44,degCent,10,0.2916998407643312,0,18,None,66,1,5,False,1000,1000
2410,40,degCent,10,0.4012738853503185,0,19,None,66,1,5,False,1000,1000
2411,41,degCent,10,0.3984872611464968,0,19,None,66,1,5,False,1000,1000
2412,42,degCent,10,0.4072452229299363,0,19,None,66,1,5,False,1000,1000
2413,43,degCent,10,0.4308320063694267,0,19,None,66,1,5,False,1000,1000
2414,44,degCent,10,0.4737261146496815,0,19,None,66,1,5,False,1000,1000
2415,40,degCent,10,0.2929936305732484,0,31,None,66,1,5,False,1000,1000
2416,41,degCent,10,0.2973726114649681,0,31,None,66,1,5,False,1000,1000
2417,42,degCent,10,0.3832603503184713,0,31,None,66,1,5,False,1000,1000
2418,43,degCent,10,0.382265127388535,0,31,None,66,1,5,False,1000,1000
2419,44,degCent,10,0.3940087579617834,0,31,None,66,1,5,False,1000,1000
2420,40,degCent,10,0.4119227707006369,0,6,None,66,1,5,False,1000,1000
2421,41,degCent,10,0.4693471337579618,0,6,None,66,1,5,False,1000,1000
2422,42,degCent,10,0.4313296178343949,0,6,None,66,1,5,False,1000,1000
2423,43,degCent,10,0.4361066878980891,0,6,None,66,1,5,False,1000,1000
2424,44,degCent,10,0.4391918789808917,0,6,None,66,1,5,False,1000,1000
2425,40,degCent,10,0.357484076433121,0,4,None,66,1,5,False,1000,1000
2426,41,degCent,10,0.3572850318471338,0,4,None,66,1,5,False,1000,1000
2427,42,degCent,10,0.3462380573248407,0,4,None,66,1,5,False,1000,1000
2428,43,degCent,10,0.3378781847133758,0,4,None,66,1,5,False,1000,1000
2429,44,degCent,10,0.3338972929936306,0,4,None,66,1,5,False,1000,1000
2430,40,degCent,10,0.3286226114649681,0,10,None,66,1,5,False,1000,1000
2431,41,degCent,10,0.3931130573248407,0,10,None,66,1,5,False,1000,1000
2432,42,degCent,10,0.3908240445859872,0,10,None,66,1,5,False,1000,1000
2433,43,degCent,10,0.424562101910828,0,10,None,66,1,5,False,1000,1000
2434,44,degCent,10,0.4511345541401274,0,10,None,66,1,5,False,1000,1000
2435,40,degCent,10,0.4161027070063694,0,8,None,66,1,5,False,1000,1000
2436,41,degCent,10,0.4165007961783439,0,8,None,66,1,5,False,1000,1000
2437,42,degCent,10,0.4296377388535032,0,8,None,66,1,5,False,1000,1000
2438,43,degCent,10,0.4503383757961783,0,8,None,66,1,5,False,1000,1000
2439,44,degCent,10,0.4868630573248407,0,8,None,66,1,5,False,1000,1000
2440,40,degCent,10,0.2251194267515923,0,20,None,66,1,5,False,1000,1000
2441,41,degCent,10,0.2276074840764331,0,20,None,66,1,5,False,1000,1000
2442,42,degCent,10,0.2316878980891719,0,20,None,66,1,5,False,1000,1000
2443,43,degCent,10,0.2347730891719745,0,20,None,66,1,5,False,1000,1000
2444,44,degCent,10,0.2366640127388535,0,20,None,66,1,5,False,1000,1000
2445,40,degCent,10,0.3495222929936306,0,22,None,66,1,5,False,1000,1000
2446,41,degCent,10,0.3687300955414013,0,22,None,66,1,5,False,1000,1000
2447,42,degCent,10,0.4215764331210191,0,22,None,66,1,5,False,1000,1000
2448,43,degCent,10,0.3969944267515923,0,22,None,66,1,5,False,1000,1000
2449,44,degCent,10,0.3979896496815286,0,22,None,66,1,5,False,1000,1000
2450,40,degCent,10,0.2959792993630573,0,23,None,66,1,5,False,1000,1000
2451,41,degCent,10,0.2837380573248407,0,23,None,66,1,5,False,1000,1000
2452,42,degCent,10,0.2917993630573248,0,23,None,66,1,5,False,1000,1000
2453,43,degCent,10,0.3042396496815286,0,23,None,66,1,5,False,1000,1000
2454,44,degCent,10,0.3229498407643312,0,23,None,66,1,5,False,1000,1000
2455,40,degCent,10,0.3733081210191082,0,32,None,66,1,5,False,1000,1000
2456,41,degCent,10,0.3427547770700637,0,32,None,66,1,5,False,1000,1000
2457,42,degCent,10,0.3285230891719745,0,32,None,66,1,5,False,1000,1000
2458,43,degCent,10,0.3240445859872611,0,32,None,66,1,5,False,1000,1000
2459,44,degCent,10,0.3223527070063694,0,32,None,66,1,5,False,1000,1000
2460,40,degCent,10,0.3752985668789809,0,3,None,66,1,5,False,1000,1000
2461,41,degCent,10,0.3530055732484076,0,3,None,66,1,5,False,1000,1000
2462,42,degCent,10,0.322452229299363,0,3,None,66,1,5,False,1000,1000
2463,43,degCent,10,0.2973726114649681,0,3,None,66,1,5,False,1000,1000
2464,44,degCent,10,0.2797571656050955,0,3,None,66,1,5,False,1000,1000
2465,40,degCent,10,0.332703025477707,0,0,None,66,1,5,False,1000,1000
2466,41,degCent,10,0.3141918789808917,0,0,None,66,1,5,False,1000,1000
2467,42,degCent,10,0.3004578025477707,0,0,None,66,1,5,False,1000,1000
2468,43,degCent,10,0.2967754777070063,0,0,None,66,1,5,False,1000,1000
2469,44,degCent,10,0.3004578025477707,0,0,None,66,1,5,False,1000,1000
2470,40,degCent,10,0.3454418789808917,0,28,None,66,1,5,False,1000,1000
2471,41,degCent,10,0.2830414012738853,0,28,None,66,1,5,False,1000,1000
2472,42,degCent,10,0.2836385350318471,0,28,None,66,1,5,False,1000,1000
2473,43,degCent,10,0.338077229299363,0,28,None,66,1,5,False,1000,1000
2474,44,degCent,10,0.3968949044585987,0,28,None,66,1,5,False,1000,1000
2475,45,degCent,10,0.3032444267515923,0,32,None,66,1,5,False,1000,1000
2476,46,degCent,10,0.3037420382165605,0,32,None,66,1,5,False,1000,1000
2477,47,degCent,10,0.3101114649681528,0,32,None,66,1,5,False,1000,1000
2478,48,degCent,10,0.3148885350318471,0,32,None,66,1,5,False,1000,1000
2479,49,degCent,10,0.3238455414012738,0,32,None,66,1,5,False,1000,1000
2480,45,degCent,10,0.5656847133757962,0,25,None,66,1,5,False,1000,1000
2481,46,degCent,10,0.5705613057324841,0,25,None,66,1,5,False,1000,1000
2482,47,degCent,10,0.5736464968152867,0,25,None,66,1,5,False,1000,1000
2483,48,degCent,10,0.5767316878980892,0,25,None,66,1,5,False,1000,1000
2484,49,degCent,10,0.5805135350318471,0,25,None,66,1,5,False,1000,1000
2485,45,degCent,10,0.3331011146496815,0,1,None,66,1,5,False,1000,1000
2486,46,degCent,10,0.4061504777070063,0,1,None,66,1,5,False,1000,1000
2487,47,degCent,10,0.4594944267515923,0,1,None,66,1,5,False,1000,1000
2488,48,degCent,10,0.4498407643312102,0,1,None,66,1,5,False,1000,1000
2489,49,degCent,10,0.4507364649681528,0,1,None,66,1,5,False,1000,1000
2490,45,degCent,10,0.3317078025477707,0,2,None,66,1,5,False,1000,1000
2491,46,degCent,10,0.3340963375796178,0,2,None,66,1,5,False,1000,1000
2492,47,degCent,10,0.3368829617834395,0,2,None,66,1,5,False,1000,1000
2493,48,degCent,10,0.3389729299363057,0,2,None,66,1,5,False,1000,1000
2494,49,degCent,10,0.339968152866242,0,2,None,66,1,5,False,1000,1000
2495,45,degCent,10,0.4173964968152866,0,5,None,66,1,5,False,1000,1000
2496,46,degCent,10,0.4133160828025478,0,5,None,66,1,5,False,1000,1000
2497,47,degCent,10,0.422671178343949,0,5,None,66,1,5,False,1000,1000
2498,48,degCent,10,0.4598925159235669,0,5,None,66,1,5,False,1000,1000
2499,49,degCent,10,0.4910429936305732,0,5,None,66,1,5,False,1000,1000
2500,45,degCent,10,0.3697253184713376,0,7,None,66,1,5,False,1000,1000
2501,46,degCent,10,0.3326035031847134,0,7,None,66,1,5,False,1000,1000
2502,47,degCent,10,0.3109076433121019,0,7,None,66,1,5,False,1000,1000
2503,48,degCent,10,0.3698248407643312,0,7,None,66,1,5,False,1000,1000
2504,49,degCent,10,0.3837579617834395,0,7,None,66,1,5,False,1000,1000
2505,45,degCent,10,0.330015923566879,0,20,None,66,1,5,False,1000,1000
2506,46,degCent,10,0.3408638535031847,0,20,None,66,1,5,False,1000,1000
2507,47,degCent,10,0.355593152866242,0,20,None,66,1,5,False,1000,1000
2508,48,degCent,10,0.3705214968152866,0,20,None,66,1,5,False,1000,1000
2509,49,degCent,10,0.382265127388535,0,20,None,66,1,5,False,1000,1000
2510,45,degCent,10,0.283937101910828,0,28,None,66,1,5,False,1000,1000
2511,46,degCent,10,0.3002587579617834,0,28,None,66,1,5,False,1000,1000
2512,47,degCent,10,0.390625,0,28,None,66,1,5,False,1000,1000
2513,48,degCent,10,0.4257563694267516,0,28,None,66,1,5,False,1000,1000
2514,49,degCent,10,0.4502388535031847,0,28,None,66,1,5,False,1000,1000
2515,45,degCent,10,0.3065286624203822,0,13,None,66,1,5,False,1000,1000
2516,46,degCent,10,0.3045382165605095,0,13,None,66,1,5,False,1000,1000
2517,47,degCent,10,0.3049363057324841,0,13,None,66,1,5,False,1000,1000
2518,48,degCent,10,0.3054339171974522,0,13,None,66,1,5,False,1000,1000
2519,49,degCent,10,0.3072253184713376,0,13,None,66,1,5,False,1000,1000
2520,45,degCent,10,0.5429936305732485,0,16,None,66,1,5,False,1000,1000
2521,46,degCent,10,0.5557324840764332,0,16,None,66,1,5,False,1000,1000
2522,47,degCent,10,0.5729498407643312,0,16,None,66,1,5,False,1000,1000
2523,48,degCent,10,0.5901671974522293,0,16,None,66,1,5,False,1000,1000
2524,49,degCent,10,0.6058917197452229,0,16,None,66,1,5,False,1000,1000
2525,45,degCent,10,0.4173964968152866,0,8,None,66,1,5,False,1000,1000
2526,46,degCent,10,0.4281449044585987,0,8,None,66,1,5,False,1000,1000
2527,47,degCent,10,0.4497412420382166,0,8,None,66,1,5,False,1000,1000
2528,48,degCent,10,0.4841759554140127,0,8,None,66,1,5,False,1000,1000
2529,49,degCent,10,0.5143312101910829,0,8,None,66,1,5,False,1000,1000
2530,45,degCent,10,0.3740047770700637,0,18,None,66,1,5,False,1000,1000
2531,46,degCent,10,0.3431528662420382,0,18,None,66,1,5,False,1000,1000
2532,47,degCent,10,0.3156847133757962,0,18,None,66,1,5,False,1000,1000
2533,48,degCent,10,0.3008558917197452,0,18,None,66,1,5,False,1000,1000
2534,49,degCent,10,0.3032444267515923,0,18,None,66,1,5,False,1000,1000
2535,45,degCent,10,0.3142914012738853,0,29,None,66,1,5,False,1000,1000
2536,46,degCent,10,0.3116042993630573,0,29,None,66,1,5,False,1000,1000
2537,47,degCent,10,0.3589769108280254,0,29,None,66,1,5,False,1000,1000
2538,48,degCent,10,0.3813694267515923,0,29,None,66,1,5,False,1000,1000
2539,49,degCent,10,0.3864450636942675,0,29,None,66,1,5,False,1000,1000
2540,45,degCent,10,0.4178941082802547,0,9,None,66,1,5,False,1000,1000
2541,46,degCent,10,0.4844745222929936,0,9,None,66,1,5,False,1000,1000
2542,47,degCent,10,0.5610071656050956,0,9,None,66,1,5,False,1000,1000
2543,48,degCent,10,0.5930533439490446,0,9,None,66,1,5,False,1000,1000
2544,49,degCent,10,0.6091759554140127,0,9,None,66,1,5,False,1000,1000
2545,45,degCent,10,0.4290406050955414,0,30,None,66,1,5,False,1000,1000
2546,46,degCent,10,0.3761942675159235,0,30,None,66,1,5,False,1000,1000
2547,47,degCent,10,0.3263335987261146,0,30,None,66,1,5,False,1000,1000
2548,48,degCent,10,0.3172770700636942,0,30,None,66,1,5,False,1000,1000
2549,49,degCent,10,0.3134952229299363,0,30,None,66,1,5,False,1000,1000
2550,45,degCent,10,0.3454418789808917,0,31,None,66,1,5,False,1000,1000
2551,46,degCent,10,0.3873407643312102,0,31,None,66,1,5,False,1000,1000
2552,47,degCent,10,0.3893312101910828,0,31,None,66,1,5,False,1000,1000
2553,48,degCent,10,0.4068471337579618,0,31,None,66,1,5,False,1000,1000
2554,49,degCent,10,0.4220740445859872,0,31,None,66,1,5,False,1000,1000
2555,45,degCent,10,0.4141122611464968,0,27,None,66,1,5,False,1000,1000
2556,46,degCent,10,0.4129179936305732,0,27,None,66,1,5,False,1000,1000
2557,47,degCent,10,0.4292396496815286,0,27,None,66,1,5,False,1000,1000
2558,48,degCent,10,0.4464570063694267,0,27,None,66,1,5,False,1000,1000
2559,49,degCent,10,0.4544187898089172,0,27,None,66,1,5,False,1000,1000
2560,45,degCent,10,0.4679538216560509,0,6,None,66,1,5,False,1000,1000
2561,46,degCent,10,0.432921974522293,0,6,None,66,1,5,False,1000,1000
2562,47,degCent,10,0.4334195859872611,0,6,None,66,1,5,False,1000,1000
2563,48,degCent,10,0.4361066878980891,0,6,None,66,1,5,False,1000,1000
2564,49,degCent,10,0.4365047770700637,0,6,None,66,1,5,False,1000,1000
2565,45,degCent,10,0.3688296178343949,0,12,None,66,1,5,False,1000,1000
2566,46,degCent,10,0.3990843949044586,0,12,None,66,1,5,False,1000,1000
2567,47,degCent,10,0.4159036624203822,0,12,None,66,1,5,False,1000,1000
2568,48,degCent,10,0.4309315286624204,0,12,None,66,1,5,False,1000,1000
2569,49,degCent,10,0.4462579617834395,0,12,None,66,1,5,False,1000,1000
2570,45,degCent,10,0.4152070063694267,0,26,None,66,1,5,False,1000,1000
2571,46,degCent,10,0.3955015923566879,0,26,None,66,1,5,False,1000,1000
2572,47,degCent,10,0.3845541401273885,0,26,None,66,1,5,False,1000,1000
2573,48,degCent,10,0.3773885350318471,0,26,None,66,1,5,False,1000,1000
2574,49,degCent,10,0.3753980891719745,0,26,None,66,1,5,False,1000,1000
2575,45,degCent,10,0.4440684713375796,0,14,None,66,1,5,False,1000,1000
2576,46,degCent,10,0.4503383757961783,0,14,None,66,1,5,False,1000,1000
2577,47,degCent,10,0.4527269108280254,0,14,None,66,1,5,False,1000,1000
2578,48,degCent,10,0.4549164012738853,0,14,None,66,1,5,False,1000,1000
2579,49,degCent,10,0.4583996815286624,0,14,None,66,1,5,False,1000,1000
2580,45,degCent,10,0.400577229299363,0,22,None,66,1,5,False,1000,1000
2581,46,degCent,10,0.4065485668789809,0,22,None,66,1,5,False,1000,1000
2582,47,degCent,10,0.3900278662420382,0,22,None,66,1,5,False,1000,1000
2583,48,degCent,10,0.3976910828025478,0,22,None,66,1,5,False,1000,1000
2584,49,degCent,10,0.4111265923566879,0,22,None,66,1,5,False,1000,1000
2585,45,degCent,10,0.3516122611464968,0,15,None,66,1,5,False,1000,1000
2586,46,degCent,10,0.3689291401273885,0,15,None,66,1,5,False,1000,1000
2587,47,degCent,10,0.3309116242038216,0,15,None,66,1,5,False,1000,1000
2588,48,degCent,10,0.3190684713375796,0,15,None,66,1,5,False,1000,1000
2589,49,degCent,10,0.3210589171974522,0,15,None,66,1,5,False,1000,1000
2590,45,degCent,10,0.4072452229299363,0,10,None,66,1,5,False,1000,1000
2591,46,degCent,10,0.3862460191082802,0,10,None,66,1,5,False,1000,1000
2592,47,degCent,10,0.4252587579617834,0,10,None,66,1,5,False,1000,1000
2593,48,degCent,10,0.4533240445859872,0,10,None,66,1,5,False,1000,1000
2594,49,degCent,10,0.4998009554140127,0,10,None,66,1,5,False,1000,1000
2595,45,degCent,10,0.3605692675159235,0,11,None,66,1,5,False,1000,1000
2596,46,degCent,10,0.4007762738853503,0,11,None,66,1,5,False,1000,1000
2597,47,degCent,10,0.3882364649681528,0,11,None,66,1,5,False,1000,1000
2598,48,degCent,10,0.3544984076433121,0,11,None,66,1,5,False,1000,1000
2599,49,degCent,10,0.3177746815286624,0,11,None,66,1,5,False,1000,1000
2600,45,degCent,10,0.3290207006369426,0,17,None,66,1,5,False,1000,1000
2601,46,degCent,10,0.3357882165605095,0,17,None,66,1,5,False,1000,1000
2602,47,degCent,10,0.3318073248407643,0,17,None,66,1,5,False,1000,1000
2603,48,degCent,10,0.3463375796178344,0,17,None,66,1,5,False,1000,1000
2604,49,degCent,10,0.3888335987261146,0,17,None,66,1,5,False,1000,1000
2605,45,degCent,10,0.3386743630573248,0,3,None,66,1,5,False,1000,1000
2606,46,degCent,10,0.340764331210191,0,3,None,66,1,5,False,1000,1000
2607,47,degCent,10,0.3394705414012738,0,3,None,66,1,5,False,1000,1000
2608,48,degCent,10,0.32703025477707,0,3,None,66,1,5,False,1000,1000
2609,49,degCent,10,0.3038415605095541,0,3,None,66,1,5,False,1000,1000
2610,45,degCent,10,0.478702229299363,0,19,None,66,1,5,False,1000,1000
2611,46,degCent,10,0.5106488853503185,0,19,None,66,1,5,False,1000,1000
2612,47,degCent,10,0.5311504777070064,0,19,None,66,1,5,False,1000,1000
2613,48,degCent,10,0.5417993630573248,0,19,None,66,1,5,False,1000,1000
2614,49,degCent,10,0.5532444267515924,0,19,None,66,1,5,False,1000,1000
2615,45,degCent,10,0.3017515923566879,0,21,None,66,1,5,False,1000,1000
2616,46,degCent,10,0.299562101910828,0,21,None,66,1,5,False,1000,1000
2617,47,degCent,10,0.3058320063694267,0,21,None,66,1,5,False,1000,1000
2618,48,degCent,10,0.3119028662420382,0,21,None,66,1,5,False,1000,1000
2619,49,degCent,10,0.3168789808917197,0,21,None,66,1,5,False,1000,1000
2620,45,degCent,10,0.4386942675159235,0,24,None,66,1,5,False,1000,1000
2621,46,degCent,10,0.4507364649681528,0,24,None,66,1,5,False,1000,1000
2622,47,degCent,10,0.4861664012738853,0,24,None,66,1,5,False,1000,1000
2623,48,degCent,10,0.5079617834394905,0,24,None,66,1,5,False,1000,1000
2624,49,degCent,10,0.528562898089172,0,24,None,66,1,5,False,1000,1000
2625,45,degCent,10,0.3212579617834395,0,4,None,66,1,5,False,1000,1000
2626,46,degCent,10,0.3225517515923566,0,4,None,66,1,5,False,1000,1000
2627,47,degCent,10,0.3280254777070063,0,4,None,66,1,5,False,1000,1000
2628,48,degCent,10,0.3319068471337579,0,4,None,66,1,5,False,1000,1000
2629,49,degCent,10,0.3370820063694267,0,4,None,66,1,5,False,1000,1000
2630,45,degCent,10,0.2894108280254777,0,23,None,66,1,5,False,1000,1000
2631,46,degCent,10,0.3105095541401274,0,23,None,66,1,5,False,1000,1000
2632,47,degCent,10,0.3504179936305732,0,23,None,66,1,5,False,1000,1000
2633,48,degCent,10,0.4179936305732484,0,23,None,66,1,5,False,1000,1000
2634,49,degCent,10,0.4157046178343949,0,23,None,66,1,5,False,1000,1000
2635,45,degCent,10,0.2950835987261146,0,0,None,66,1,5,False,1000,1000
2636,46,degCent,10,0.2895103503184713,0,0,None,66,1,5,False,1000,1000
2637,47,degCent,10,0.293093152866242,0,0,None,66,1,5,False,1000,1000
2638,48,degCent,10,0.3012539808917197,0,0,None,66,1,5,False,1000,1000
2639,49,degCent,10,0.3126990445859872,0,0,None,66,1,5,False,1000,1000
2640,50,degCent,10,0.3998805732484076,0,26,None,66,1,5,False,1000,1000
2641,51,degCent,10,0.3899283439490446,0,26,None,66,1,5,False,1000,1000
2642,52,degCent,10,0.3888335987261146,0,26,None,66,1,5,False,1000,1000
2643,53,degCent,10,0.3913216560509554,0,26,None,66,1,5,False,1000,1000
2644,54,degCent,10,0.3946058917197452,0,26,None,66,1,5,False,1000,1000
2645,50,degCent,10,0.5510549363057324,0,16,None,66,1,5,False,1000,1000
2646,51,degCent,10,0.5673765923566879,0,16,None,66,1,5,False,1000,1000
2647,52,degCent,10,0.5846934713375797,0,16,None,66,1,5,False,1000,1000
2648,53,degCent,10,0.6015127388535032,0,16,None,66,1,5,False,1000,1000
2649,54,degCent,10,0.6172372611464968,0,16,None,66,1,5,False,1000,1000
2650,50,degCent,10,0.4242635350318471,0,1,None,66,1,5,False,1000,1000
2651,51,degCent,10,0.4538216560509554,0,1,None,66,1,5,False,1000,1000
2652,52,degCent,10,0.4490445859872611,0,1,None,66,1,5,False,1000,1000
2653,53,degCent,10,0.4506369426751592,0,1,None,66,1,5,False,1000,1000
2654,54,degCent,10,0.4518312101910828,0,1,None,66,1,5,False,1000,1000
2655,50,degCent,10,0.4373009554140127,0,22,None,66,1,5,False,1000,1000
2656,51,degCent,10,0.4157046178343949,0,22,None,66,1,5,False,1000,1000
2657,52,degCent,10,0.4248606687898089,0,22,None,66,1,5,False,1000,1000
2658,53,degCent,10,0.433718152866242,0,22,None,66,1,5,False,1000,1000
2659,54,degCent,10,0.4497412420382166,0,22,None,66,1,5,False,1000,1000
2660,50,degCent,10,0.3193670382165605,0,23,None,66,1,5,False,1000,1000
2661,51,degCent,10,0.4120222929936306,0,23,None,66,1,5,False,1000,1000
2662,52,degCent,10,0.4141122611464968,0,23,None,66,1,5,False,1000,1000
2663,53,degCent,10,0.4140127388535032,0,23,None,66,1,5,False,1000,1000
2664,54,degCent,10,0.4182921974522293,0,23,None,66,1,5,False,1000,1000
2665,50,degCent,10,0.3312101910828025,0,32,None,66,1,5,False,1000,1000
2666,51,degCent,10,0.3839570063694267,0,32,None,66,1,5,False,1000,1000
2667,52,degCent,10,0.4130175159235669,0,32,None,66,1,5,False,1000,1000
2668,53,degCent,10,0.4132165605095541,0,32,None,66,1,5,False,1000,1000
2669,54,degCent,10,0.4093351910828025,0,32,None,66,1,5,False,1000,1000
2670,50,degCent,10,0.2926950636942675,0,2,None,66,1,5,False,1000,1000
2671,51,degCent,10,0.297671178343949,0,2,None,66,1,5,False,1000,1000
2672,52,degCent,10,0.3013535031847134,0,2,None,66,1,5,False,1000,1000
2673,53,degCent,10,0.3032444267515923,0,2,None,66,1,5,False,1000,1000
2674,54,degCent,10,0.3051353503184713,0,2,None,66,1,5,False,1000,1000
2675,50,degCent,10,0.3781847133757962,0,7,None,66,1,5,False,1000,1000
2676,51,degCent,10,0.3801751592356688,0,7,None,66,1,5,False,1000,1000
2677,52,degCent,10,0.3742038216560509,0,7,None,66,1,5,False,1000,1000
2678,53,degCent,10,0.3798765923566879,0,7,None,66,1,5,False,1000,1000
2679,54,degCent,10,0.387639331210191,0,7,None,66,1,5,False,1000,1000
2680,50,degCent,10,0.346437101910828,0,20,None,66,1,5,False,1000,1000
2681,51,degCent,10,0.3610668789808917,0,20,None,66,1,5,False,1000,1000
2682,52,degCent,10,0.3719148089171974,0,20,None,66,1,5,False,1000,1000
2683,53,degCent,10,0.3854498407643312,0,20,None,66,1,5,False,1000,1000
2684,54,degCent,10,0.3969944267515923,0,20,None,66,1,5,False,1000,1000
2685,50,degCent,10,0.349124203821656,0,17,None,66,1,5,False,1000,1000
2686,51,degCent,10,0.3877388535031847,0,17,None,66,1,5,False,1000,1000
2687,52,degCent,10,0.3683320063694267,0,17,None,66,1,5,False,1000,1000
2688,53,degCent,10,0.3306130573248407,0,17,None,66,1,5,False,1000,1000
2689,54,degCent,10,0.3074243630573248,0,17,None,66,1,5,False,1000,1000
2690,50,degCent,10,0.4013734076433121,0,5,None,66,1,5,False,1000,1000
2691,51,degCent,10,0.42078025477707,0,5,None,66,1,5,False,1000,1000
2692,52,degCent,10,0.4621815286624204,0,5,None,66,1,5,False,1000,1000
2693,53,degCent,10,0.4932324840764331,0,5,None,66,1,5,False,1000,1000
2694,54,degCent,10,0.5043789808917197,0,5,None,66,1,5,False,1000,1000
2695,50,degCent,10,0.4351114649681528,0,6,None,66,1,5,False,1000,1000
2696,51,degCent,10,0.4368033439490446,0,6,None,66,1,5,False,1000,1000
2697,52,degCent,10,0.4469546178343949,0,6,None,66,1,5,False,1000,1000
2698,53,degCent,10,0.4592953821656051,0,6,None,66,1,5,False,1000,1000
2699,54,degCent,10,0.4725318471337579,0,6,None,66,1,5,False,1000,1000
2700,50,degCent,10,0.3160828025477707,0,21,None,66,1,5,False,1000,1000
2701,51,degCent,10,0.3160828025477707,0,21,None,66,1,5,False,1000,1000
2702,52,degCent,10,0.3239450636942675,0,21,None,66,1,5,False,1000,1000
2703,53,degCent,10,0.331608280254777,0,21,None,66,1,5,False,1000,1000
2704,54,degCent,10,0.339171974522293,0,21,None,66,1,5,False,1000,1000
2705,50,degCent,10,0.4411823248407643,0,24,None,66,1,5,False,1000,1000
2706,51,degCent,10,0.4618829617834395,0,24,None,66,1,5,False,1000,1000
2707,52,degCent,10,0.4953224522292994,0,24,None,66,1,5,False,1000,1000
2708,53,degCent,10,0.5162221337579618,0,24,None,66,1,5,False,1000,1000
2709,54,degCent,10,0.5327428343949044,0,24,None,66,1,5,False,1000,1000
2710,50,degCent,10,0.4134156050955414,0,27,None,66,1,5,False,1000,1000
2711,51,degCent,10,0.4292396496815286,0,27,None,66,1,5,False,1000,1000
2712,52,degCent,10,0.4473527070063694,0,27,None,66,1,5,False,1000,1000
2713,53,degCent,10,0.4576035031847134,0,27,None,66,1,5,False,1000,1000
2714,54,degCent,10,0.4691480891719745,0,27,None,66,1,5,False,1000,1000
2715,50,degCent,10,0.4182921974522293,0,30,None,66,1,5,False,1000,1000
2716,51,degCent,10,0.4326234076433121,0,30,None,66,1,5,False,1000,1000
2717,52,degCent,10,0.4243630573248407,0,30,None,66,1,5,False,1000,1000
2718,53,degCent,10,0.3931130573248407,0,30,None,66,1,5,False,1000,1000
2719,54,degCent,10,0.3583797770700637,0,30,None,66,1,5,False,1000,1000
2720,50,degCent,10,0.2935907643312102,0,28,None,66,1,5,False,1000,1000
2721,51,degCent,10,0.3857484076433121,0,28,None,66,1,5,False,1000,1000
2722,52,degCent,10,0.4243630573248407,0,28,None,66,1,5,False,1000,1000
2723,53,degCent,10,0.4508359872611465,0,28,None,66,1,5,False,1000,1000
2724,54,degCent,10,0.4762141719745223,0,28,None,66,1,5,False,1000,1000
2725,50,degCent,10,0.4266520700636942,0,8,None,66,1,5,False,1000,1000
2726,51,degCent,10,0.4478503184713376,0,8,None,66,1,5,False,1000,1000
2727,52,degCent,10,0.4801950636942675,0,8,None,66,1,5,False,1000,1000
2728,53,degCent,10,0.5123407643312102,0,8,None,66,1,5,False,1000,1000
2729,54,degCent,10,0.5366242038216561,0,8,None,66,1,5,False,1000,1000
2730,50,degCent,10,0.3124004777070063,0,18,None,66,1,5,False,1000,1000
2731,51,degCent,10,0.2974721337579618,0,18,None,66,1,5,False,1000,1000
2732,52,degCent,10,0.2914012738853503,0,18,None,66,1,5,False,1000,1000
2733,53,degCent,10,0.2975716560509554,0,18,None,66,1,5,False,1000,1000
2734,54,degCent,10,0.3167794585987261,0,18,None,66,1,5,False,1000,1000
2735,50,degCent,10,0.423765923566879,0,31,None,66,1,5,False,1000,1000
2736,51,degCent,10,0.4432722929936306,0,31,None,66,1,5,False,1000,1000
2737,52,degCent,10,0.4659633757961783,0,31,None,66,1,5,False,1000,1000
2738,53,degCent,10,0.4918391719745223,0,31,None,66,1,5,False,1000,1000
2739,54,degCent,10,0.5074641719745223,0,31,None,66,1,5,False,1000,1000
2740,50,degCent,10,0.4415804140127388,0,19,None,66,1,5,False,1000,1000
2741,51,degCent,10,0.4762141719745223,0,19,None,66,1,5,False,1000,1000
2742,52,degCent,10,0.5114450636942676,0,19,None,66,1,5,False,1000,1000
2743,53,degCent,10,0.5320461783439491,0,19,None,66,1,5,False,1000,1000
2744,54,degCent,10,0.5439888535031847,0,19,None,66,1,5,False,1000,1000
2745,50,degCent,10,0.3847531847133758,0,10,None,66,1,5,False,1000,1000
2746,51,degCent,10,0.417296974522293,0,10,None,66,1,5,False,1000,1000
2747,52,degCent,10,0.4471536624203822,0,10,None,66,1,5,False,1000,1000
2748,53,degCent,10,0.4942277070063694,0,10,None,66,1,5,False,1000,1000
2749,54,degCent,10,0.53125,0,10,None,66,1,5,False,1000,1000
2750,50,degCent,10,0.3055334394904458,0,4,None,66,1,5,False,1000,1000
2751,51,degCent,10,0.3199641719745223,0,4,None,66,1,5,False,1000,1000
2752,52,degCent,10,0.3340963375796178,0,4,None,66,1,5,False,1000,1000
2753,53,degCent,10,0.3501194267515923,0,4,None,66,1,5,False,1000,1000
2754,54,degCent,10,0.3618630573248407,0,4,None,66,1,5,False,1000,1000
2755,50,degCent,10,0.3807722929936306,0,11,None,66,1,5,False,1000,1000
2756,51,degCent,10,0.3905254777070063,0,11,None,66,1,5,False,1000,1000
2757,52,degCent,10,0.3702229299363057,0,11,None,66,1,5,False,1000,1000
2758,53,degCent,10,0.3337977707006369,0,11,None,66,1,5,False,1000,1000
2759,54,degCent,10,0.3034434713375796,0,11,None,66,1,5,False,1000,1000
2760,50,degCent,10,0.3567874203821656,0,15,None,66,1,5,False,1000,1000
2761,51,degCent,10,0.3250398089171974,0,15,None,66,1,5,False,1000,1000
2762,52,degCent,10,0.3279259554140127,0,15,None,66,1,5,False,1000,1000
2763,53,degCent,10,0.3449442675159235,0,15,None,66,1,5,False,1000,1000
2764,54,degCent,10,0.3799761146496815,0,15,None,66,1,5,False,1000,1000
2765,50,degCent,10,0.3212579617834395,0,13,None,66,1,5,False,1000,1000
2766,51,degCent,10,0.3230493630573248,0,13,None,66,1,5,False,1000,1000
2767,52,degCent,10,0.3239450636942675,0,13,None,66,1,5,False,1000,1000
2768,53,degCent,10,0.3286226114649681,0,13,None,66,1,5,False,1000,1000
2769,54,degCent,10,0.3310111464968153,0,13,None,66,1,5,False,1000,1000
2770,50,degCent,10,0.4260549363057325,0,12,None,66,1,5,False,1000,1000
2771,51,degCent,10,0.4157046178343949,0,12,None,66,1,5,False,1000,1000
2772,52,degCent,10,0.4301353503184713,0,12,None,66,1,5,False,1000,1000
2773,53,degCent,10,0.4456608280254777,0,12,None,66,1,5,False,1000,1000
2774,54,degCent,10,0.4727308917197452,0,12,None,66,1,5,False,1000,1000
2775,50,degCent,10,0.2989649681528662,0,0,None,66,1,5,False,1000,1000
2776,51,degCent,10,0.321656050955414,0,0,None,66,1,5,False,1000,1000
2777,52,degCent,10,0.3531050955414013,0,0,None,66,1,5,False,1000,1000
2778,53,degCent,10,0.4209792993630573,0,0,None,66,1,5,False,1000,1000
2779,54,degCent,10,0.4496417197452229,0,0,None,66,1,5,False,1000,1000
2780,50,degCent,10,0.2941878980891719,0,3,None,66,1,5,False,1000,1000
2781,51,degCent,10,0.2988654458598726,0,3,None,66,1,5,False,1000,1000
2782,52,degCent,10,0.3297173566878981,0,3,None,66,1,5,False,1000,1000
2783,53,degCent,10,0.3615644904458598,0,3,None,66,1,5,False,1000,1000
2784,54,degCent,10,0.370421974522293,0,3,None,66,1,5,False,1000,1000
2785,50,degCent,10,0.4287420382165605,0,9,None,66,1,5,False,1000,1000
2786,51,degCent,10,0.5218949044585988,0,9,None,66,1,5,False,1000,1000
2787,52,degCent,10,0.5705613057324841,0,9,None,66,1,5,False,1000,1000
2788,53,degCent,10,0.5985270700636943,0,9,None,66,1,5,False,1000,1000
2789,54,degCent,10,0.6141520700636943,0,9,None,66,1,5,False,1000,1000
2790,50,degCent,10,0.4562101910828025,0,14,None,66,1,5,False,1000,1000
2791,51,degCent,10,0.455015923566879,0,14,None,66,1,5,False,1000,1000
2792,52,degCent,10,0.4557125796178344,0,14,None,66,1,5,False,1000,1000
2793,53,degCent,10,0.4606886942675159,0,14,None,66,1,5,False,1000,1000
2794,54,degCent,10,0.4661624203821656,0,14,None,66,1,5,False,1000,1000
2795,50,degCent,10,0.5884753184713376,0,25,None,66,1,5,False,1000,1000
2796,51,degCent,10,0.5911624203821656,0,25,None,66,1,5,False,1000,1000
2797,52,degCent,10,0.5933519108280255,0,25,None,66,1,5,False,1000,1000
2798,53,degCent,10,0.5946457006369427,0,25,None,66,1,5,False,1000,1000
2799,54,degCent,10,0.5979299363057324,0,25,None,66,1,5,False,1000,1000
2800,50,degCent,10,0.3966958598726114,0,29,None,66,1,5,False,1000,1000
2801,51,degCent,10,0.4055533439490446,0,29,None,66,1,5,False,1000,1000
2802,52,degCent,10,0.3965963375796178,0,29,None,66,1,5,False,1000,1000
2803,53,degCent,10,0.390625,0,29,None,66,1,5,False,1000,1000
2804,54,degCent,10,0.3858479299363057,0,29,None,66,1,5,False,1000,1000
4620,55,degCent,10,0.4635748407643312,0,1,None,66,1,5,False,1000,1000
4621,56,degCent,10,0.4583001592356688,0,1,None,66,1,5,False,1000,1000
4622,57,degCent,10,0.4601910828025478,0,1,None,66,1,5,False,1000,1000
4623,58,degCent,10,0.4682523885350318,0,1,None,66,1,5,False,1000,1000
4624,59,degCent,10,0.4766122611464968,0,1,None,66,1,5,False,1000,1000
4625,55,degCent,10,0.3747014331210191,0,2,None,66,1,5,False,1000,1000
4626,56,degCent,10,0.3777866242038216,0,2,None,66,1,5,False,1000,1000
4627,57,degCent,10,0.3793789808917197,0,2,None,66,1,5,False,1000,1000
4628,58,degCent,10,0.3893312101910828,0,2,None,66,1,5,False,1000,1000
4629,59,degCent,10,0.4036624203821656,0,2,None,66,1,5,False,1000,1000
4630,55,degCent,10,0.444765127388535,0,13,None,66,1,5,False,1000,1000
4631,56,degCent,10,0.4369028662420382,0,13,None,66,1,5,False,1000,1000
4632,57,degCent,10,0.4380971337579618,0,13,None,66,1,5,False,1000,1000
4633,58,degCent,10,0.4376990445859872,0,13,None,66,1,5,False,1000,1000
4634,59,degCent,10,0.4379976114649681,0,13,None,66,1,5,False,1000,1000
4635,55,degCent,10,0.3230493630573248,0,15,None,66,1,5,False,1000,1000
4636,56,degCent,10,0.3267316878980891,0,15,None,66,1,5,False,1000,1000
4637,57,degCent,10,0.3553941082802547,0,15,None,66,1,5,False,1000,1000
4638,58,degCent,10,0.3903264331210191,0,15,None,66,1,5,False,1000,1000
4639,59,degCent,10,0.3875398089171974,0,15,None,66,1,5,False,1000,1000
4640,55,degCent,10,0.4036624203821656,0,10,None,66,1,5,False,1000,1000
4641,56,degCent,10,0.4369028662420382,0,10,None,66,1,5,False,1000,1000
4642,57,degCent,10,0.477109872611465,0,10,None,66,1,5,False,1000,1000
4643,58,degCent,10,0.5201035031847133,0,10,None,66,1,5,False,1000,1000
4644,59,degCent,10,0.5489649681528662,0,10,None,66,1,5,False,1000,1000
4645,55,degCent,10,0.5639928343949044,0,16,None,66,1,5,False,1000,1000
4646,56,degCent,10,0.5812101910828026,0,16,None,66,1,5,False,1000,1000
4647,57,degCent,10,0.5993232484076433,0,16,None,66,1,5,False,1000,1000
4648,58,degCent,10,0.6151472929936306,0,16,None,66,1,5,False,1000,1000
4649,59,degCent,10,0.6256966560509554,0,16,None,66,1,5,False,1000,1000
4650,55,degCent,10,0.43640525477707,0,11,None,66,1,5,False,1000,1000
4651,56,degCent,10,0.4470541401273885,0,11,None,66,1,5,False,1000,1000
4652,57,degCent,10,0.4113256369426751,0,11,None,66,1,5,False,1000,1000
4653,58,degCent,10,0.3534036624203822,0,11,None,66,1,5,False,1000,1000
4654,59,degCent,10,0.3090167197452229,0,11,None,66,1,5,False,1000,1000
4655,55,degCent,10,0.4349124203821656,0,22,None,66,1,5,False,1000,1000
4656,56,degCent,10,0.4374004777070063,0,22,None,66,1,5,False,1000,1000
4657,57,degCent,10,0.4488455414012738,0,22,None,66,1,5,False,1000,1000
4658,58,degCent,10,0.4623805732484076,0,22,None,66,1,5,False,1000,1000
4659,59,degCent,10,0.4777070063694267,0,22,None,66,1,5,False,1000,1000
4660,55,degCent,10,0.4350119426751592,0,23,None,66,1,5,False,1000,1000
4661,56,degCent,10,0.4290406050955414,0,23,None,66,1,5,False,1000,1000
4662,57,degCent,10,0.4333200636942675,0,23,None,66,1,5,False,1000,1000
4663,58,degCent,10,0.4402866242038216,0,23,None,66,1,5,False,1000,1000
4664,59,degCent,10,0.450139331210191,0,23,None,66,1,5,False,1000,1000
4665,55,degCent,10,0.3648487261146497,0,17,None,66,1,5,False,1000,1000
4666,56,degCent,10,0.3383757961783439,0,17,None,66,1,5,False,1000,1000
4667,57,degCent,10,0.3142914012738853,0,17,None,66,1,5,False,1000,1000
4668,58,degCent,10,0.3030453821656051,0,17,None,66,1,5,False,1000,1000
4669,59,degCent,10,0.3000597133757962,0,17,None,66,1,5,False,1000,1000
4670,55,degCent,10,0.4464570063694267,0,25,None,66,1,5,False,1000,1000
4671,56,degCent,10,0.455015923566879,0,25,None,66,1,5,False,1000,1000
4672,57,degCent,10,0.4541202229299363,0,25,None,66,1,5,False,1000,1000
4673,58,degCent,10,0.4576035031847134,0,25,None,66,1,5,False,1000,1000
4674,59,degCent,10,0.4606886942675159,0,25,None,66,1,5,False,1000,1000
4675,55,degCent,10,0.5002985668789809,0,24,None,66,1,5,False,1000,1000
4676,56,degCent,10,0.5195063694267515,0,24,None,66,1,5,False,1000,1000
4677,57,degCent,10,0.5353304140127388,0,24,None,66,1,5,False,1000,1000
4678,58,degCent,10,0.5445859872611465,0,24,None,66,1,5,False,1000,1000
4679,59,degCent,10,0.5542396496815286,0,24,None,66,1,5,False,1000,1000
4680,55,degCent,10,0.3960987261146497,0,28,None,66,1,5,False,1000,1000
4681,56,degCent,10,0.433718152866242,0,28,None,66,1,5,False,1000,1000
4682,57,degCent,10,0.4599920382165605,0,28,None,66,1,5,False,1000,1000
4683,58,degCent,10,0.4899482484076433,0,28,None,66,1,5,False,1000,1000
4684,59,degCent,10,0.5174164012738853,0,28,None,66,1,5,False,1000,1000
4685,55,degCent,10,0.3820660828025478,0,29,None,66,1,5,False,1000,1000
4686,56,degCent,10,0.3718152866242038,0,29,None,66,1,5,False,1000,1000
4687,57,degCent,10,0.3680334394904458,0,29,None,66,1,5,False,1000,1000
4688,58,degCent,10,0.3664410828025478,0,29,None,66,1,5,False,1000,1000
4689,59,degCent,10,0.3682324840764331,0,29,None,66,1,5,False,1000,1000
4690,55,degCent,10,0.4666600318471338,0,9,None,66,1,5,False,1000,1000
4691,56,degCent,10,0.5546377388535032,0,9,None,66,1,5,False,1000,1000
4692,57,degCent,10,0.5889729299363057,0,9,None,66,1,5,False,1000,1000
4693,58,degCent,10,0.6084792993630573,0,9,None,66,1,5,False,1000,1000
4694,59,degCent,10,0.6178343949044586,0,9,None,66,1,5,False,1000,1000
4695,55,degCent,10,0.4241640127388535,0,31,None,66,1,5,False,1000,1000
4696,56,degCent,10,0.4515326433121019,0,31,None,66,1,5,False,1000,1000
4697,57,degCent,10,0.4782046178343949,0,31,None,66,1,5,False,1000,1000
4698,58,degCent,10,0.49890525477707,0,31,None,66,1,5,False,1000,1000
4699,59,degCent,10,0.5136345541401274,0,31,None,66,1,5,False,1000,1000
4700,55,degCent,10,0.4379976114649681,0,27,None,66,1,5,False,1000,1000
4701,56,degCent,10,0.4540207006369426,0,27,None,66,1,5,False,1000,1000
4702,57,degCent,10,0.4666600318471338,0,27,None,66,1,5,False,1000,1000
4703,58,degCent,10,0.486265923566879,0,27,None,66,1,5,False,1000,1000
4704,59,degCent,10,0.5120421974522293,0,27,None,66,1,5,False,1000,1000
4705,55,degCent,10,0.4270501592356688,0,32,None,66,1,5,False,1000,1000
4706,56,degCent,10,0.4192874203821656,0,32,None,66,1,5,False,1000,1000
4707,57,degCent,10,0.4167993630573248,0,32,None,66,1,5,False,1000,1000
4708,58,degCent,10,0.415406050955414,0,32,None,66,1,5,False,1000,1000
4709,59,degCent,10,0.4196855095541401,0,32,None,66,1,5,False,1000,1000
4710,55,degCent,10,0.416202229299363,0,0,None,66,1,5,False,1000,1000
4711,56,degCent,10,0.4602906050955414,0,0,None,66,1,5,False,1000,1000
4712,57,degCent,10,0.4674562101910828,0,0,None,66,1,5,False,1000,1000
4713,58,degCent,10,0.4847730891719745,0,0,None,66,1,5,False,1000,1000
4714,59,degCent,10,0.5049761146496815,0,0,None,66,1,5,False,1000,1000
4715,55,degCent,10,0.4295382165605095,0,5,None,66,1,5,False,1000,1000
4716,56,degCent,10,0.4750199044585987,0,5,None,66,1,5,False,1000,1000
4717,57,degCent,10,0.4979100318471338,0,5,None,66,1,5,False,1000,1000
4718,58,degCent,10,0.5067675159235668,0,5,None,66,1,5,False,1000,1000
4719,59,degCent,10,0.5162221337579618,0,5,None,66,1,5,False,1000,1000
4720,55,degCent,10,0.4479498407643312,0,6,None,66,1,5,False,1000,1000
4721,56,degCent,10,0.4709394904458598,0,6,None,66,1,5,False,1000,1000
4722,57,degCent,10,0.4826831210191082,0,6,None,66,1,5,False,1000,1000
4723,58,degCent,10,0.490843949044586,0,6,None,66,1,5,False,1000,1000
4724,59,degCent,10,0.4992038216560509,0,6,None,66,1,5,False,1000,1000
4725,55,degCent,10,0.3735071656050955,0,7,None,66,1,5,False,1000,1000
4726,56,degCent,10,0.3711186305732484,0,7,None,66,1,5,False,1000,1000
4727,57,degCent,10,0.3872412420382166,0,7,None,66,1,5,False,1000,1000
4728,58,degCent,10,0.398984872611465,0,7,None,66,1,5,False,1000,1000
4729,59,degCent,10,0.4103304140127388,0,7,None,66,1,5,False,1000,1000
4730,55,degCent,10,0.426453025477707,0,12,None,66,1,5,False,1000,1000
4731,56,degCent,10,0.428343949044586,0,12,None,66,1,5,False,1000,1000
4732,57,degCent,10,0.4446656050955414,0,12,None,66,1,5,False,1000,1000
4733,58,degCent,10,0.4702428343949044,0,12,None,66,1,5,False,1000,1000
4734,59,degCent,10,0.5132364649681529,0,12,None,66,1,5,False,1000,1000
4735,55,degCent,10,0.5400079617834395,0,14,None,66,1,5,False,1000,1000
4736,56,degCent,10,0.5529458598726115,0,14,None,66,1,5,False,1000,1000
4737,57,degCent,10,0.5685708598726115,0,14,None,66,1,5,False,1000,1000
4738,58,degCent,10,0.5807125796178344,0,14,None,66,1,5,False,1000,1000
4739,59,degCent,10,0.5875796178343949,0,14,None,66,1,5,False,1000,1000
4740,55,degCent,10,0.4429737261146497,0,26,None,66,1,5,False,1000,1000
4741,56,degCent,10,0.442874203821656,0,26,None,66,1,5,False,1000,1000
4742,57,degCent,10,0.4440684713375796,0,26,None,66,1,5,False,1000,1000
4743,58,degCent,10,0.4494426751592357,0,26,None,66,1,5,False,1000,1000
4744,59,degCent,10,0.4524283439490446,0,26,None,66,1,5,False,1000,1000
4745,55,degCent,10,0.4394904458598726,0,30,None,66,1,5,False,1000,1000
4746,56,degCent,10,0.3986863057324841,0,30,None,66,1,5,False,1000,1000
4747,57,degCent,10,0.3629578025477707,0,30,None,66,1,5,False,1000,1000
4748,58,degCent,10,0.3597730891719745,0,30,None,66,1,5,False,1000,1000
4749,59,degCent,10,0.3597730891719745,0,30,None,66,1,5,False,1000,1000
4750,55,degCent,10,0.3661425159235669,0,4,None,66,1,5,False,1000,1000
4751,56,degCent,10,0.3785828025477707,0,4,None,66,1,5,False,1000,1000
4752,57,degCent,10,0.4010748407643312,0,4,None,66,1,5,False,1000,1000
4753,58,degCent,10,0.4258558917197452,0,4,None,66,1,5,False,1000,1000
4754,59,degCent,10,0.4509355095541401,0,4,None,66,1,5,False,1000,1000
4755,55,degCent,10,0.3748009554140127,0,3,None,66,1,5,False,1000,1000
4756,56,degCent,10,0.3714171974522293,0,3,None,66,1,5,False,1000,1000
4757,57,degCent,10,0.3636544585987261,0,3,None,66,1,5,False,1000,1000
4758,58,degCent,10,0.3557921974522293,0,3,None,66,1,5,False,1000,1000
4759,59,degCent,10,0.3528065286624204,0,3,None,66,1,5,False,1000,1000
4760,55,degCent,10,0.3971934713375796,0,20,None,66,1,5,False,1000,1000
4761,56,degCent,10,0.4158041401273885,0,20,None,66,1,5,False,1000,1000
4762,57,degCent,10,0.4383957006369426,0,20,None,66,1,5,False,1000,1000
4763,58,degCent,10,0.4612858280254777,0,20,None,66,1,5,False,1000,1000
4764,59,degCent,10,0.4806926751592357,0,20,None,66,1,5,False,1000,1000
4765,55,degCent,10,0.3874402866242038,0,18,None,66,1,5,False,1000,1000
4766,56,degCent,10,0.3821656050955414,0,18,None,66,1,5,False,1000,1000
4767,57,degCent,10,0.3993829617834395,0,18,None,66,1,5,False,1000,1000
4768,58,degCent,10,0.4173964968152866,0,18,None,66,1,5,False,1000,1000
4769,59,degCent,10,0.4197850318471338,0,18,None,66,1,5,False,1000,1000
4770,55,degCent,10,0.4377985668789809,0,8,None,66,1,5,False,1000,1000
4771,56,degCent,10,0.4677547770700637,0,8,None,66,1,5,False,1000,1000
4772,57,degCent,10,0.5030851910828026,0,8,None,66,1,5,False,1000,1000
4773,58,degCent,10,0.5297571656050956,0,8,None,66,1,5,False,1000,1000
4774,59,degCent,10,0.5445859872611465,0,8,None,66,1,5,False,1000,1000
4775,55,degCent,10,0.4817874203821656,0,19,None,66,1,5,False,1000,1000
4776,56,degCent,10,0.5148288216560509,0,19,None,66,1,5,False,1000,1000
4777,57,degCent,10,0.533937101910828,0,19,None,66,1,5,False,1000,1000
4778,58,degCent,10,0.54578025477707,0,19,None,66,1,5,False,1000,1000
4779,59,degCent,10,0.5549363057324841,0,19,None,66,1,5,False,1000,1000
4780,55,degCent,10,0.4384952229299363,0,21,None,66,1,5,False,1000,1000
4781,56,degCent,10,0.4219745222929936,0,21,None,66,1,5,False,1000,1000
4782,57,degCent,10,0.4148089171974522,0,21,None,66,1,5,False,1000,1000
4783,58,degCent,10,0.4110270700636942,0,21,None,66,1,5,False,1000,1000
4784,59,degCent,10,0.4073447452229299,0,21,None,66,1,5,False,1000,1000
4785,60,degCent,10,0.4615843949044586,0,30,None,66,1,5,False,1000,1000
4786,61,degCent,10,0.4432722929936306,0,30,None,66,1,5,False,1000,1000
4787,62,degCent,10,0.427249203821656,0,30,None,66,1,5,False,1000,1000
4788,63,degCent,10,0.4169984076433121,0,30,None,66,1,5,False,1000,1000
4789,64,degCent,10,0.413515127388535,0,30,None,66,1,5,False,1000,1000
4790,60,degCent,10,0.4888535031847134,0,1,None,66,1,5,False,1000,1000
4791,61,degCent,10,0.4859673566878981,0,1,None,66,1,5,False,1000,1000
4792,62,degCent,10,0.495421974522293,0,1,None,66,1,5,False,1000,1000
4793,63,degCent,10,0.5065684713375797,0,1,None,66,1,5,False,1000,1000
4794,64,degCent,10,0.5153264331210191,0,1,None,66,1,5,False,1000,1000
4795,60,degCent,10,0.4624800955414013,0,23,None,66,1,5,False,1000,1000
4796,61,degCent,10,0.4618829617834395,0,23,None,66,1,5,False,1000,1000
4797,62,degCent,10,0.4730294585987261,0,23,None,66,1,5,False,1000,1000
4798,63,degCent,10,0.4892515923566879,0,23,None,66,1,5,False,1000,1000
4799,64,degCent,10,0.5048765923566879,0,23,None,66,1,5,False,1000,1000
4800,60,degCent,10,0.4313296178343949,0,32,None,66,1,5,False,1000,1000
4801,61,degCent,10,0.4270501592356688,0,32,None,66,1,5,False,1000,1000
4802,62,degCent,10,0.4274482484076433,0,32,None,66,1,5,False,1000,1000
4803,63,degCent,10,0.4306329617834395,0,32,None,66,1,5,False,1000,1000
4804,64,degCent,10,0.4351114649681528,0,32,None,66,1,5,False,1000,1000
4805,60,degCent,10,0.4974124203821656,0,13,None,66,1,5,False,1000,1000
4806,61,degCent,10,0.4845740445859872,0,13,None,66,1,5,False,1000,1000
4807,62,degCent,10,0.4814888535031847,0,13,None,66,1,5,False,1000,1000
4808,63,degCent,10,0.4774084394904458,0,13,None,66,1,5,False,1000,1000
4809,64,degCent,10,0.4755175159235669,0,13,None,66,1,5,False,1000,1000
4810,60,degCent,10,0.50109474522293,0,31,None,66,1,5,False,1000,1000
4811,61,degCent,10,0.5210987261146497,0,31,None,66,1,5,False,1000,1000
4812,62,degCent,10,0.5326433121019108,0,31,None,66,1,5,False,1000,1000
4813,63,degCent,10,0.5429936305732485,0,31,None,66,1,5,False,1000,1000
4814,64,degCent,10,0.5498606687898089,0,31,None,66,1,5,False,1000,1000
4815,60,degCent,10,0.573546974522293,0,16,None,66,1,5,False,1000,1000
4816,61,degCent,10,0.5907643312101911,0,16,None,66,1,5,False,1000,1000
4817,62,degCent,10,0.6089769108280255,0,16,None,66,1,5,False,1000,1000
4818,63,degCent,10,0.6217157643312102,0,16,None,66,1,5,False,1000,1000
4819,64,degCent,10,0.6318670382165605,0,16,None,66,1,5,False,1000,1000
4820,60,degCent,10,0.4596934713375796,0,8,None,66,1,5,False,1000,1000
4821,61,degCent,10,0.4893511146496815,0,8,None,66,1,5,False,1000,1000
4822,62,degCent,10,0.5195063694267515,0,8,None,66,1,5,False,1000,1000
4823,63,degCent,10,0.5413017515923567,0,8,None,66,1,5,False,1000,1000
4824,64,degCent,10,0.5537420382165605,0,8,None,66,1,5,False,1000,1000
4825,60,degCent,10,0.5164211783439491,0,19,None,66,1,5,False,1000,1000
4826,61,degCent,10,0.5355294585987261,0,19,None,66,1,5,False,1000,1000
4827,62,degCent,10,0.5473726114649682,0,19,None,66,1,5,False,1000,1000
4828,63,degCent,10,0.556031050955414,0,19,None,66,1,5,False,1000,1000
4829,64,degCent,10,0.5639928343949044,0,19,None,66,1,5,False,1000,1000
4830,60,degCent,10,0.4412818471337579,0,21,None,66,1,5,False,1000,1000
4831,61,degCent,10,0.446656050955414,0,21,None,66,1,5,False,1000,1000
4832,62,degCent,10,0.4434713375796178,0,21,None,66,1,5,False,1000,1000
4833,63,degCent,10,0.4417794585987261,0,21,None,66,1,5,False,1000,1000
4834,64,degCent,10,0.4383957006369426,0,21,None,66,1,5,False,1000,1000
4835,60,degCent,10,0.5275676751592356,0,24,None,66,1,5,False,1000,1000
4836,61,degCent,10,0.5392117834394905,0,24,None,66,1,5,False,1000,1000
4837,62,degCent,10,0.5478702229299363,0,24,None,66,1,5,False,1000,1000
4838,63,degCent,10,0.5584195859872612,0,24,None,66,1,5,False,1000,1000
4839,64,degCent,10,0.5666799363057324,0,24,None,66,1,5,False,1000,1000
4840,60,degCent,10,0.4589968152866242,0,27,None,66,1,5,False,1000,1000
4841,61,degCent,10,0.4767117834394904,0,27,None,66,1,5,False,1000,1000
4842,62,degCent,10,0.4985071656050955,0,27,None,66,1,5,False,1000,1000
4843,63,degCent,10,0.5203025477707006,0,27,None,66,1,5,False,1000,1000
4844,64,degCent,10,0.5391122611464968,0,27,None,66,1,5,False,1000,1000
4845,60,degCent,10,0.4598925159235669,0,26,None,66,1,5,False,1000,1000
4846,61,degCent,10,0.4506369426751592,0,26,None,66,1,5,False,1000,1000
4847,62,degCent,10,0.4462579617834395,0,26,None,66,1,5,False,1000,1000
4848,63,degCent,10,0.4480493630573248,0,26,None,66,1,5,False,1000,1000
4849,64,degCent,10,0.4543192675159235,0,26,None,66,1,5,False,1000,1000
4850,60,degCent,10,0.4650676751592357,0,22,None,66,1,5,False,1000,1000
4851,61,degCent,10,0.475218949044586,0,22,None,66,1,5,False,1000,1000
4852,62,degCent,10,0.4942277070063694,0,22,None,66,1,5,False,1000,1000
4853,63,degCent,10,0.5094546178343949,0,22,None,66,1,5,False,1000,1000
4854,64,degCent,10,0.5261743630573248,0,22,None,66,1,5,False,1000,1000
4855,60,degCent,10,0.4913415605095541,0,6,None,66,1,5,False,1000,1000
4856,61,degCent,10,0.504578025477707,0,6,None,66,1,5,False,1000,1000
4857,62,degCent,10,0.5120421974522293,0,6,None,66,1,5,False,1000,1000
4858,63,degCent,10,0.5171178343949044,0,6,None,66,1,5,False,1000,1000
4859,64,degCent,10,0.5218949044585988,0,6,None,66,1,5,False,1000,1000
4860,60,degCent,10,0.3948049363057325,0,2,None,66,1,5,False,1000,1000
4861,61,degCent,10,0.3969944267515923,0,2,None,66,1,5,False,1000,1000
4862,62,degCent,10,0.408937101910828,0,2,None,66,1,5,False,1000,1000
4863,63,degCent,10,0.4299363057324841,0,2,None,66,1,5,False,1000,1000
4864,64,degCent,10,0.4339171974522293,0,2,None,66,1,5,False,1000,1000
4865,60,degCent,10,0.4684514331210191,0,5,None,66,1,5,False,1000,1000
4866,61,degCent,10,0.4983081210191082,0,5,None,66,1,5,False,1000,1000
4867,62,degCent,10,0.5095541401273885,0,5,None,66,1,5,False,1000,1000
4868,63,degCent,10,0.5182125796178344,0,5,None,66,1,5,False,1000,1000
4869,64,degCent,10,0.526671974522293,0,5,None,66,1,5,False,1000,1000
4870,60,degCent,10,0.4655652866242038,0,4,None,66,1,5,False,1000,1000
4871,61,degCent,10,0.4920382165605095,0,4,None,66,1,5,False,1000,1000
4872,62,degCent,10,0.5078622611464968,0,4,None,66,1,5,False,1000,1000
4873,63,degCent,10,0.5200039808917197,0,4,None,66,1,5,False,1000,1000
4874,64,degCent,10,0.5280652866242038,0,4,None,66,1,5,False,1000,1000
4875,60,degCent,10,0.3915207006369426,0,7,None,66,1,5,False,1000,1000
4876,61,degCent,10,0.4132165605095541,0,7,None,66,1,5,False,1000,1000
4877,62,degCent,10,0.4223726114649681,0,7,None,66,1,5,False,1000,1000
4878,63,degCent,10,0.4322253184713376,0,7,None,66,1,5,False,1000,1000
4879,64,degCent,10,0.4449641719745223,0,7,None,66,1,5,False,1000,1000
4880,60,degCent,10,0.429140127388535,0,10,None,66,1,5,False,1000,1000
4881,61,degCent,10,0.470640923566879,0,10,None,66,1,5,False,1000,1000
4882,62,degCent,10,0.5178144904458599,0,10,None,66,1,5,False,1000,1000
4883,63,degCent,10,0.5478702229299363,0,10,None,66,1,5,False,1000,1000
4884,64,degCent,10,0.5620023885350318,0,10,None,66,1,5,False,1000,1000
4885,60,degCent,10,0.435609076433121,0,11,None,66,1,5,False,1000,1000
4886,61,degCent,10,0.4152070063694267,0,11,None,66,1,5,False,1000,1000
4887,62,degCent,10,0.3460390127388535,0,11,None,66,1,5,False,1000,1000
4888,63,degCent,10,0.3146894904458598,0,11,None,66,1,5,False,1000,1000
4889,64,degCent,10,0.2905055732484076,0,11,None,66,1,5,False,1000,1000
4890,60,degCent,10,0.4379976114649681,0,12,None,66,1,5,False,1000,1000
4891,61,degCent,10,0.4484474522292994,0,12,None,66,1,5,False,1000,1000
4892,62,degCent,10,0.48328025477707,0,12,None,66,1,5,False,1000,1000
4893,63,degCent,10,0.5227906050955414,0,12,None,66,1,5,False,1000,1000
4894,64,degCent,10,0.5461783439490446,0,12,None,66,1,5,False,1000,1000
4895,60,degCent,10,0.3927149681528662,0,15,None,66,1,5,False,1000,1000
4896,61,degCent,10,0.3964968152866242,0,15,None,66,1,5,False,1000,1000
4897,62,degCent,10,0.4077428343949044,0,15,None,66,1,5,False,1000,1000
4898,63,degCent,10,0.4174960191082802,0,15,None,66,1,5,False,1000,1000
4899,64,degCent,10,0.4241640127388535,0,15,None,66,1,5,False,1000,1000
4900,60,degCent,10,0.3661425159235669,0,17,None,66,1,5,False,1000,1000
4901,61,degCent,10,0.3482285031847134,0,17,None,66,1,5,False,1000,1000
4902,62,degCent,10,0.3332006369426751,0,17,None,66,1,5,False,1000,1000
4903,63,degCent,10,0.3307125796178344,0,17,None,66,1,5,False,1000,1000
4904,64,degCent,10,0.3343949044585987,0,17,None,66,1,5,False,1000,1000
4905,60,degCent,10,0.4020700636942675,0,18,None,66,1,5,False,1000,1000
4906,61,degCent,10,0.4285429936305732,0,18,None,66,1,5,False,1000,1000
4907,62,degCent,10,0.4331210191082802,0,18,None,66,1,5,False,1000,1000
4908,63,degCent,10,0.4334195859872611,0,18,None,66,1,5,False,1000,1000
4909,64,degCent,10,0.4372014331210191,0,18,None,66,1,5,False,1000,1000
4910,60,degCent,10,0.3816679936305732,0,20,None,66,1,5,False,1000,1000
4911,61,degCent,10,0.4004777070063694,0,20,None,66,1,5,False,1000,1000
4912,62,degCent,10,0.4454617834394904,0,20,None,66,1,5,False,1000,1000
4913,63,degCent,10,0.4721337579617834,0,20,None,66,1,5,False,1000,1000
4914,64,degCent,10,0.4826831210191082,0,20,None,66,1,5,False,1000,1000
4915,60,degCent,10,0.445859872611465,0,28,None,66,1,5,False,1000,1000
4916,61,degCent,10,0.4806926751592357,0,28,None,66,1,5,False,1000,1000
4917,62,degCent,10,0.5121417197452229,0,28,None,66,1,5,False,1000,1000
4918,63,degCent,10,0.5341361464968153,0,28,None,66,1,5,False,1000,1000
4919,64,degCent,10,0.5504578025477707,0,28,None,66,1,5,False,1000,1000
4920,60,degCent,10,0.478702229299363,0,0,None,66,1,5,False,1000,1000
4921,61,degCent,10,0.4983081210191082,0,0,None,66,1,5,False,1000,1000
4922,62,degCent,10,0.5153264331210191,0,0,None,66,1,5,False,1000,1000
4923,63,degCent,10,0.5317476114649682,0,0,None,66,1,5,False,1000,1000
4924,64,degCent,10,0.5424960191082803,0,0,None,66,1,5,False,1000,1000
4925,60,degCent,10,0.3851512738853503,0,3,None,66,1,5,False,1000,1000
4926,61,degCent,10,0.3810708598726114,0,3,None,66,1,5,False,1000,1000
4927,62,degCent,10,0.297671178343949,0,3,None,66,1,5,False,1000,1000
4928,63,degCent,10,0.2665207006369426,0,3,None,66,1,5,False,1000,1000
4929,64,degCent,10,0.2525875796178344,0,3,None,66,1,5,False,1000,1000
4930,60,degCent,10,0.5079617834394905,0,9,None,66,1,5,False,1000,1000
4931,61,degCent,10,0.5649880573248408,0,9,None,66,1,5,False,1000,1000
4932,62,degCent,10,0.5967356687898089,0,9,None,66,1,5,False,1000,1000
4933,63,degCent,10,0.6129578025477707,0,9,None,66,1,5,False,1000,1000
4934,64,degCent,10,0.6211186305732485,0,9,None,66,1,5,False,1000,1000
4935,60,degCent,10,0.4841759554140127,0,14,None,66,1,5,False,1000,1000
4936,61,degCent,10,0.4964171974522293,0,14,None,66,1,5,False,1000,1000
4937,62,degCent,10,0.5128383757961783,0,14,None,66,1,5,False,1000,1000
4938,63,degCent,10,0.5290605095541401,0,14,None,66,1,5,False,1000,1000
4939,64,degCent,10,0.5417993630573248,0,14,None,66,1,5,False,1000,1000
4940,60,degCent,10,0.5998208598726115,0,25,None,66,1,5,False,1000,1000
4941,61,degCent,10,0.6033041401273885,0,25,None,66,1,5,False,1000,1000
4942,62,degCent,10,0.6073845541401274,0,25,None,66,1,5,False,1000,1000
4943,63,degCent,10,0.6098726114649682,0,25,None,66,1,5,False,1000,1000
4944,64,degCent,10,0.6113654458598726,0,25,None,66,1,5,False,1000,1000
4945,60,degCent,10,0.4407842356687898,0,29,None,66,1,5,False,1000,1000
4946,61,degCent,10,0.4343152866242038,0,29,None,66,1,5,False,1000,1000
4947,62,degCent,10,0.43640525477707,0,29,None,66,1,5,False,1000,1000
4948,63,degCent,10,0.4399880573248407,0,29,None,66,1,5,False,1000,1000
4949,64,degCent,10,0.4433718152866242,0,29,None,66,1,5,False,1000,1000
4950,65,degCent,10,0.5165207006369427,0,1,None,66,1,5,False,1000,1000
4951,66,degCent,10,0.5179140127388535,0,1,None,66,1,5,False,1000,1000
4952,67,degCent,10,0.525577229299363,0,1,None,66,1,5,False,1000,1000
4953,68,degCent,10,0.5316480891719745,0,1,None,66,1,5,False,1000,1000
4954,69,degCent,10,0.5410031847133758,0,1,None,66,1,5,False,1000,1000
4955,65,degCent,10,0.4607882165605095,0,2,None,66,1,5,False,1000,1000
4956,66,degCent,10,0.455812101910828,0,2,None,66,1,5,False,1000,1000
4957,67,degCent,10,0.4624800955414013,0,2,None,66,1,5,False,1000,1000
4958,68,degCent,10,0.4720342356687898,0,2,None,66,1,5,False,1000,1000
4959,69,degCent,10,0.4615843949044586,0,2,None,66,1,5,False,1000,1000
4960,65,degCent,10,0.5123407643312102,0,23,None,66,1,5,False,1000,1000
4961,66,degCent,10,0.5152269108280255,0,23,None,66,1,5,False,1000,1000
4962,67,degCent,10,0.5249800955414012,0,23,None,66,1,5,False,1000,1000
4963,68,degCent,10,0.5362261146496815,0,23,None,66,1,5,False,1000,1000
4964,69,degCent,10,0.5448845541401274,0,23,None,66,1,5,False,1000,1000
4965,65,degCent,10,0.4818869426751592,0,28,None,66,1,5,False,1000,1000
4966,66,degCent,10,0.5163216560509554,0,28,None,66,1,5,False,1000,1000
4967,67,degCent,10,0.5365246815286624,0,28,None,66,1,5,False,1000,1000
4968,68,degCent,10,0.5521496815286624,0,28,None,66,1,5,False,1000,1000
4969,69,degCent,10,0.5607085987261147,0,28,None,66,1,5,False,1000,1000
4970,65,degCent,10,0.4018710191082802,0,29,None,66,1,5,False,1000,1000
4971,66,degCent,10,0.4067476114649681,0,29,None,66,1,5,False,1000,1000
4972,67,degCent,10,0.4150079617834395,0,29,None,66,1,5,False,1000,1000
4973,68,degCent,10,0.421875,0,29,None,66,1,5,False,1000,1000
4974,69,degCent,10,0.4294386942675159,0,29,None,66,1,5,False,1000,1000
4975,65,degCent,10,0.5839968152866242,0,16,None,66,1,5,False,1000,1000
4976,66,degCent,10,0.6026074840764332,0,16,None,66,1,5,False,1000,1000
4977,67,degCent,10,0.6174363057324841,0,16,None,66,1,5,False,1000,1000
4978,68,degCent,10,0.627687101910828,0,16,None,66,1,5,False,1000,1000
4979,69,degCent,10,0.6370421974522293,0,16,None,66,1,5,False,1000,1000
4980,65,degCent,10,0.4478503184713376,0,32,None,66,1,5,False,1000,1000
4981,66,degCent,10,0.4444665605095541,0,32,None,66,1,5,False,1000,1000
4982,67,degCent,10,0.446656050955414,0,32,None,66,1,5,False,1000,1000
4983,68,degCent,10,0.4509355095541401,0,32,None,66,1,5,False,1000,1000
4984,69,degCent,10,0.455812101910828,0,32,None,66,1,5,False,1000,1000
4985,65,degCent,10,0.4244625796178344,0,15,None,66,1,5,False,1000,1000
4986,66,degCent,10,0.4134156050955414,0,15,None,66,1,5,False,1000,1000
4987,67,degCent,10,0.4182921974522293,0,15,None,66,1,5,False,1000,1000
4988,68,degCent,10,0.424562101910828,0,15,None,66,1,5,False,1000,1000
4989,69,degCent,10,0.4313296178343949,0,15,None,66,1,5,False,1000,1000
4990,65,degCent,10,0.4444665605095541,0,10,None,66,1,5,False,1000,1000
4991,66,degCent,10,0.5024880573248408,0,10,None,66,1,5,False,1000,1000
4992,67,degCent,10,0.5368232484076433,0,10,None,66,1,5,False,1000,1000
4993,68,degCent,10,0.5555334394904459,0,10,None,66,1,5,False,1000,1000
4994,69,degCent,10,0.568172770700637,0,10,None,66,1,5,False,1000,1000
4995,65,degCent,10,0.2994625796178344,0,11,None,66,1,5,False,1000,1000
4996,66,degCent,10,0.3070262738853503,0,11,None,66,1,5,False,1000,1000
4997,67,degCent,10,0.3589769108280254,0,11,None,66,1,5,False,1000,1000
4998,68,degCent,10,0.3053343949044586,0,11,None,66,1,5,False,1000,1000
4999,69,degCent,10,0.2861265923566879,0,11,None,66,1,5,False,1000,1000
5000,65,degCent,10,0.5403065286624203,0,31,None,66,1,5,False,1000,1000
5001,66,degCent,10,0.5499601910828026,0,31,None,66,1,5,False,1000,1000
5002,67,degCent,10,0.5559315286624203,0,31,None,66,1,5,False,1000,1000
5003,68,degCent,10,0.5625995222929936,0,31,None,66,1,5,False,1000,1000
5004,69,degCent,10,0.5680732484076433,0,31,None,66,1,5,False,1000,1000
5005,65,degCent,10,0.5330414012738853,0,25,None,66,1,5,False,1000,1000
5006,66,degCent,10,0.5209992038216561,0,25,None,66,1,5,False,1000,1000
5007,67,degCent,10,0.5123407643312102,0,25,None,66,1,5,False,1000,1000
5008,68,degCent,10,0.5153264331210191,0,25,None,66,1,5,False,1000,1000
5009,69,degCent,10,0.522890127388535,0,25,None,66,1,5,False,1000,1000
5010,65,degCent,10,0.5035828025477707,0,5,None,66,1,5,False,1000,1000
5011,66,degCent,10,0.5122412420382165,0,5,None,66,1,5,False,1000,1000
5012,67,degCent,10,0.5209992038216561,0,5,None,66,1,5,False,1000,1000
5013,68,degCent,10,0.5284633757961783,0,5,None,66,1,5,False,1000,1000
5014,69,degCent,10,0.5375199044585988,0,5,None,66,1,5,False,1000,1000
5015,65,degCent,10,0.4386942675159235,0,7,None,66,1,5,False,1000,1000
5016,66,degCent,10,0.4410828025477707,0,7,None,66,1,5,False,1000,1000
5017,67,degCent,10,0.4445660828025478,0,7,None,66,1,5,False,1000,1000
5018,68,degCent,10,0.4564092356687898,0,7,None,66,1,5,False,1000,1000
5019,69,degCent,10,0.4746218152866242,0,7,None,66,1,5,False,1000,1000
5020,65,degCent,10,0.5150278662420382,0,26,None,66,1,5,False,1000,1000
5021,66,degCent,10,0.5120421974522293,0,26,None,66,1,5,False,1000,1000
5022,67,degCent,10,0.5143312101910829,0,26,None,66,1,5,False,1000,1000
5023,68,degCent,10,0.5166202229299363,0,26,None,66,1,5,False,1000,1000
5024,69,degCent,10,0.5197054140127388,0,26,None,66,1,5,False,1000,1000
5025,65,degCent,10,0.4772093949044586,0,30,None,66,1,5,False,1000,1000
5026,66,degCent,10,0.4765127388535032,0,30,None,66,1,5,False,1000,1000
5027,67,degCent,10,0.4757165605095541,0,30,None,66,1,5,False,1000,1000
5028,68,degCent,10,0.4748208598726114,0,30,None,66,1,5,False,1000,1000
5029,69,degCent,10,0.4756170382165605,0,30,None,66,1,5,False,1000,1000
5030,65,degCent,10,0.40515525477707,0,17,None,66,1,5,False,1000,1000
5031,66,degCent,10,0.3821656050955414,0,17,None,66,1,5,False,1000,1000
5032,67,degCent,10,0.3674363057324841,0,17,None,66,1,5,False,1000,1000
5033,68,degCent,10,0.369327229299363,0,17,None,66,1,5,False,1000,1000
5034,69,degCent,10,0.3738057324840764,0,17,None,66,1,5,False,1000,1000
5035,65,degCent,10,0.4964171974522293,0,27,None,66,1,5,False,1000,1000
5036,66,degCent,10,0.5098527070063694,0,27,None,66,1,5,False,1000,1000
5037,67,degCent,10,0.5289609872611465,0,27,None,66,1,5,False,1000,1000
5038,68,degCent,10,0.5445859872611465,0,27,None,66,1,5,False,1000,1000
5039,69,degCent,10,0.5604100318471338,0,27,None,66,1,5,False,1000,1000
5040,65,degCent,10,0.4105294585987261,0,18,None,66,1,5,False,1000,1000
5041,66,degCent,10,0.4217754777070063,0,18,None,66,1,5,False,1000,1000
5042,67,degCent,10,0.431031050955414,0,18,None,66,1,5,False,1000,1000
5043,68,degCent,10,0.4324243630573248,0,18,None,66,1,5,False,1000,1000
5044,69,degCent,10,0.4344148089171974,0,18,None,66,1,5,False,1000,1000
5045,65,degCent,10,0.4957205414012738,0,8,None,66,1,5,False,1000,1000
5046,66,degCent,10,0.5233877388535032,0,8,None,66,1,5,False,1000,1000
5047,67,degCent,10,0.5440883757961783,0,8,None,66,1,5,False,1000,1000
5048,68,degCent,10,0.5553343949044586,0,8,None,66,1,5,False,1000,1000
5049,69,degCent,10,0.5672770700636943,0,8,None,66,1,5,False,1000,1000
5050,65,degCent,10,0.5356289808917197,0,13,None,66,1,5,False,1000,1000
5051,66,degCent,10,0.5238853503184714,0,13,None,66,1,5,False,1000,1000
5052,67,degCent,10,0.5176154458598726,0,13,None,66,1,5,False,1000,1000
5053,68,degCent,10,0.5103503184713376,0,13,None,66,1,5,False,1000,1000
5054,69,degCent,10,0.5022890127388535,0,13,None,66,1,5,False,1000,1000
5055,65,degCent,10,0.4507364649681528,0,12,None,66,1,5,False,1000,1000
5056,66,degCent,10,0.472233280254777,0,12,None,66,1,5,False,1000,1000
5057,67,degCent,10,0.5148288216560509,0,12,None,66,1,5,False,1000,1000
5058,68,degCent,10,0.5417993630573248,0,12,None,66,1,5,False,1000,1000
5059,69,degCent,10,0.5578224522292994,0,12,None,66,1,5,False,1000,1000
5060,65,degCent,10,0.5619028662420382,0,19,None,66,1,5,False,1000,1000
5061,66,degCent,10,0.5728503184713376,0,19,None,66,1,5,False,1000,1000
5062,67,degCent,10,0.5863853503184714,0,19,None,66,1,5,False,1000,1000
5063,68,degCent,10,0.5971337579617835,0,19,None,66,1,5,False,1000,1000
5064,69,degCent,10,0.6036027070063694,0,19,None,66,1,5,False,1000,1000
5065,65,degCent,10,0.5409036624203821,0,21,None,66,1,5,False,1000,1000
5066,66,degCent,10,0.525577229299363,0,21,None,66,1,5,False,1000,1000
5067,67,degCent,10,0.5103503184713376,0,21,None,66,1,5,False,1000,1000
5068,68,degCent,10,0.5013933121019108,0,21,None,66,1,5,False,1000,1000
5069,69,degCent,10,0.4973128980891719,0,21,None,66,1,5,False,1000,1000
5070,65,degCent,10,0.5227906050955414,0,0,None,66,1,5,False,1000,1000
5071,66,degCent,10,0.5316480891719745,0,0,None,66,1,5,False,1000,1000
5072,67,degCent,10,0.5447850318471338,0,0,None,66,1,5,False,1000,1000
5073,68,degCent,10,0.5519506369426752,0,0,None,66,1,5,False,1000,1000
5074,69,degCent,10,0.5557324840764332,0,0,None,66,1,5,False,1000,1000
5075,65,degCent,10,0.5393113057324841,0,24,None,66,1,5,False,1000,1000
5076,66,degCent,10,0.5486664012738853,0,24,None,66,1,5,False,1000,1000
5077,67,degCent,10,0.5592157643312102,0,24,None,66,1,5,False,1000,1000
5078,68,degCent,10,0.568172770700637,0,24,None,66,1,5,False,1000,1000
5079,69,degCent,10,0.5780254777070064,0,24,None,66,1,5,False,1000,1000
5080,65,degCent,10,0.5484673566878981,0,4,None,66,1,5,False,1000,1000
5081,66,degCent,10,0.5583200636942676,0,4,None,66,1,5,False,1000,1000
5082,67,degCent,10,0.5627985668789809,0,4,None,66,1,5,False,1000,1000
5083,68,degCent,10,0.5683718152866242,0,4,None,66,1,5,False,1000,1000
5084,69,degCent,10,0.5713574840764332,0,4,None,66,1,5,False,1000,1000
5085,65,degCent,10,0.2985668789808917,0,20,None,66,1,5,False,1000,1000
5086,66,degCent,10,0.3246417197452229,0,20,None,66,1,5,False,1000,1000
5087,67,degCent,10,0.3409633757961783,0,20,None,66,1,5,False,1000,1000
5088,68,degCent,10,0.3429538216560509,0,20,None,66,1,5,False,1000,1000
5089,69,degCent,10,0.3514132165605095,0,20,None,66,1,5,False,1000,1000
5090,65,degCent,10,0.3713176751592357,0,3,None,66,1,5,False,1000,1000
5091,66,degCent,10,0.3100119426751592,0,3,None,66,1,5,False,1000,1000
5092,67,degCent,10,0.2916998407643312,0,3,None,66,1,5,False,1000,1000
5093,68,degCent,10,0.2789609872611465,0,3,None,66,1,5,False,1000,1000
5094,69,degCent,10,0.2705015923566879,0,3,None,66,1,5,False,1000,1000
5095,65,degCent,10,0.5244824840764332,0,9,None,66,1,5,False,1000,1000
5096,66,degCent,10,0.5722531847133758,0,9,None,66,1,5,False,1000,1000
5097,67,degCent,10,0.5996218152866242,0,9,None,66,1,5,False,1000,1000
5098,68,degCent,10,0.6141520700636943,0,9,None,66,1,5,False,1000,1000
5099,69,degCent,10,0.6228105095541401,0,9,None,66,1,5,False,1000,1000
5100,65,degCent,10,0.519406847133758,0,6,None,66,1,5,False,1000,1000
5101,66,degCent,10,0.5254777070063694,0,6,None,66,1,5,False,1000,1000
5102,67,degCent,10,0.5282643312101911,0,6,None,66,1,5,False,1000,1000
5103,68,degCent,10,0.5305533439490446,0,6,None,66,1,5,False,1000,1000
5104,69,degCent,10,0.5335390127388535,0,6,None,66,1,5,False,1000,1000
5105,65,degCent,10,0.4823845541401274,0,22,None,66,1,5,False,1000,1000
5106,66,degCent,10,0.4997014331210191,0,22,None,66,1,5,False,1000,1000
5107,67,degCent,10,0.515625,0,22,None,66,1,5,False,1000,1000
5108,68,degCent,10,0.5310509554140127,0,22,None,66,1,5,False,1000,1000
5109,69,degCent,10,0.542296974522293,0,22,None,66,1,5,False,1000,1000
5110,65,degCent,10,0.4984076433121019,0,14,None,66,1,5,False,1000,1000
5111,66,degCent,10,0.5130374203821656,0,14,None,66,1,5,False,1000,1000
5112,67,degCent,10,0.528562898089172,0,14,None,66,1,5,False,1000,1000
5113,68,degCent,10,0.5402070063694268,0,14,None,66,1,5,False,1000,1000
5114,69,degCent,10,0.5502587579617835,0,14,None,66,1,5,False,1000,1000
5115,70,degCent,10,0.3113057324840764,0,20,None,66,1,5,False,1000,1000
5116,71,degCent,10,0.3409633757961783,0,20,None,66,1,5,False,1000,1000
5117,72,degCent,10,0.3441480891719745,0,20,None,66,1,5,False,1000,1000
5118,73,degCent,10,0.3542993630573248,0,20,None,66,1,5,False,1000,1000
5119,74,degCent,10,0.365843949044586,0,20,None,66,1,5,False,1000,1000
5120,70,degCent,10,0.4652667197452229,0,2,None,66,1,5,False,1000,1000
5121,71,degCent,10,0.5330414012738853,0,2,None,66,1,5,False,1000,1000
5122,72,degCent,10,0.5346337579617835,0,2,None,66,1,5,False,1000,1000
5123,73,degCent,10,0.5080613057324841,0,2,None,66,1,5,False,1000,1000
5124,74,degCent,10,0.4758160828025478,0,2,None,66,1,5,False,1000,1000
5125,70,degCent,10,0.5577229299363057,0,21,None,66,1,5,False,1000,1000
5126,71,degCent,10,0.5466759554140127,0,21,None,66,1,5,False,1000,1000
5127,72,degCent,10,0.53234474522293,0,21,None,66,1,5,False,1000,1000
5128,73,degCent,10,0.5236863057324841,0,21,None,66,1,5,False,1000,1000
5129,74,degCent,10,0.5185111464968153,0,21,None,66,1,5,False,1000,1000
5130,70,degCent,10,0.54796974522293,0,23,None,66,1,5,False,1000,1000
5131,71,degCent,10,0.5493630573248408,0,23,None,66,1,5,False,1000,1000
5132,72,degCent,10,0.5529458598726115,0,23,None,66,1,5,False,1000,1000
5133,73,degCent,10,0.5578224522292994,0,23,None,66,1,5,False,1000,1000
5134,74,degCent,10,0.5628980891719745,0,23,None,66,1,5,False,1000,1000
5135,70,degCent,10,0.597531847133758,0,16,None,66,1,5,False,1000,1000
5136,71,degCent,10,0.613953025477707,0,16,None,66,1,5,False,1000,1000
5137,72,degCent,10,0.6251990445859873,0,16,None,66,1,5,False,1000,1000
5138,73,degCent,10,0.6350517515923567,0,16,None,66,1,5,False,1000,1000
5139,74,degCent,10,0.6460987261146497,0,16,None,66,1,5,False,1000,1000
5140,70,degCent,10,0.4757165605095541,0,32,None,66,1,5,False,1000,1000
5141,71,degCent,10,0.470640923566879,0,32,None,66,1,5,False,1000,1000
5142,72,degCent,10,0.4769108280254777,0,32,None,66,1,5,False,1000,1000
5143,73,degCent,10,0.4871616242038216,0,32,None,66,1,5,False,1000,1000
5144,74,degCent,10,0.4982085987261146,0,32,None,66,1,5,False,1000,1000
5145,70,degCent,10,0.3089171974522293,0,11,None,66,1,5,False,1000,1000
5146,71,degCent,10,0.3080214968152866,0,11,None,66,1,5,False,1000,1000
5147,72,degCent,10,0.3579816878980891,0,11,None,66,1,5,False,1000,1000
5148,73,degCent,10,0.3019506369426751,0,11,None,66,1,5,False,1000,1000
5149,74,degCent,10,0.2857285031847134,0,11,None,66,1,5,False,1000,1000
5150,70,degCent,10,0.3985867834394904,0,17,None,66,1,5,False,1000,1000
5151,71,degCent,10,0.4424761146496815,0,17,None,66,1,5,False,1000,1000
5152,72,degCent,10,0.4349124203821656,0,17,None,66,1,5,False,1000,1000
5153,73,degCent,10,0.4330214968152866,0,17,None,66,1,5,False,1000,1000
5154,74,degCent,10,0.4342157643312102,0,17,None,66,1,5,False,1000,1000
5155,70,degCent,10,0.5413017515923567,0,24,None,66,1,5,False,1000,1000
5156,71,degCent,10,0.551453025477707,0,24,None,66,1,5,False,1000,1000
5157,72,degCent,10,0.56140525477707,0,24,None,66,1,5,False,1000,1000
5158,73,degCent,10,0.5713574840764332,0,24,None,66,1,5,False,1000,1000
5159,74,degCent,10,0.5798168789808917,0,24,None,66,1,5,False,1000,1000
5160,70,degCent,10,0.51671974522293,0,8,None,66,1,5,False,1000,1000
5161,71,degCent,10,0.5402070063694268,0,8,None,66,1,5,False,1000,1000
5162,72,degCent,10,0.5539410828025477,0,8,None,66,1,5,False,1000,1000
5163,73,degCent,10,0.5641918789808917,0,8,None,66,1,5,False,1000,1000
5164,74,degCent,10,0.5794187898089171,0,8,None,66,1,5,False,1000,1000
5165,70,degCent,10,0.4857683121019108,0,18,None,66,1,5,False,1000,1000
5166,71,degCent,10,0.4845740445859872,0,18,None,66,1,5,False,1000,1000
5167,72,degCent,10,0.4715366242038216,0,18,None,66,1,5,False,1000,1000
5168,73,degCent,10,0.4645700636942675,0,18,None,66,1,5,False,1000,1000
5169,74,degCent,10,0.4633757961783439,0,18,None,66,1,5,False,1000,1000
5170,70,degCent,10,0.5540406050955414,0,31,None,66,1,5,False,1000,1000
5171,71,degCent,10,0.560609076433121,0,31,None,66,1,5,False,1000,1000
5172,72,degCent,10,0.5660828025477707,0,31,None,66,1,5,False,1000,1000
5173,73,degCent,10,0.5715565286624203,0,31,None,66,1,5,False,1000,1000
5174,74,degCent,10,0.5777269108280255,0,31,None,66,1,5,False,1000,1000
5175,70,degCent,10,0.5573248407643312,0,19,None,66,1,5,False,1000,1000
5176,71,degCent,10,0.5673765923566879,0,19,None,66,1,5,False,1000,1000
5177,72,degCent,10,0.5816082802547771,0,19,None,66,1,5,False,1000,1000
5178,73,degCent,10,0.5908638535031847,0,19,None,66,1,5,False,1000,1000
5179,74,degCent,10,0.5986265923566879,0,19,None,66,1,5,False,1000,1000
5180,70,degCent,10,0.5314490445859873,0,28,None,66,1,5,False,1000,1000
5181,71,degCent,10,0.5489649681528662,0,28,None,66,1,5,False,1000,1000
5182,72,degCent,10,0.559812898089172,0,28,None,66,1,5,False,1000,1000
5183,73,degCent,10,0.5661823248407644,0,28,None,66,1,5,False,1000,1000
5184,74,degCent,10,0.569765127388535,0,28,None,66,1,5,False,1000,1000
5185,70,degCent,10,0.5162221337579618,0,22,None,66,1,5,False,1000,1000
5186,71,degCent,10,0.5279657643312102,0,22,None,66,1,5,False,1000,1000
5187,72,degCent,10,0.5387141719745223,0,22,None,66,1,5,False,1000,1000
5188,73,degCent,10,0.5484673566878981,0,22,None,66,1,5,False,1000,1000
5189,74,degCent,10,0.5555334394904459,0,22,None,66,1,5,False,1000,1000
5190,70,degCent,10,0.4822850318471338,0,29,None,66,1,5,False,1000,1000
5191,71,degCent,10,0.4651671974522293,0,29,None,66,1,5,False,1000,1000
5192,72,degCent,10,0.4651671974522293,0,29,None,66,1,5,False,1000,1000
5193,73,degCent,10,0.4683519108280254,0,29,None,66,1,5,False,1000,1000
5194,74,degCent,10,0.4715366242038216,0,29,None,66,1,5,False,1000,1000
5195,70,degCent,10,0.5596138535031847,0,9,None,66,1,5,False,1000,1000
5196,71,degCent,10,0.5923566878980892,0,9,None,66,1,5,False,1000,1000
5197,72,degCent,10,0.6102707006369427,0,9,None,66,1,5,False,1000,1000
5198,73,degCent,10,0.6194267515923567,0,9,None,66,1,5,False,1000,1000
5199,74,degCent,10,0.6272890127388535,0,9,None,66,1,5,False,1000,1000
5200,70,degCent,10,0.5173168789808917,0,5,None,66,1,5,False,1000,1000
5201,71,degCent,10,0.5259753184713376,0,5,None,66,1,5,False,1000,1000
5202,72,degCent,10,0.5333399681528662,0,5,None,66,1,5,False,1000,1000
5203,73,degCent,10,0.5419984076433121,0,5,None,66,1,5,False,1000,1000
5204,74,degCent,10,0.5501592356687898,0,5,None,66,1,5,False,1000,1000
5205,70,degCent,10,0.5667794585987261,0,4,None,66,1,5,False,1000,1000
5206,71,degCent,10,0.5986265923566879,0,4,None,66,1,5,False,1000,1000
5207,72,degCent,10,0.5923566878980892,0,4,None,66,1,5,False,1000,1000
5208,73,degCent,10,0.591062898089172,0,4,None,66,1,5,False,1000,1000
5209,74,degCent,10,0.5917595541401274,0,4,None,66,1,5,False,1000,1000
5210,70,degCent,10,0.5104498407643312,0,7,None,66,1,5,False,1000,1000
5211,71,degCent,10,0.492734872611465,0,7,None,66,1,5,False,1000,1000
5212,72,degCent,10,0.509156050955414,0,7,None,66,1,5,False,1000,1000
5213,73,degCent,10,0.5214968152866242,0,7,None,66,1,5,False,1000,1000
5214,74,degCent,10,0.5320461783439491,0,7,None,66,1,5,False,1000,1000
5215,70,degCent,10,0.5281648089171974,0,14,None,66,1,5,False,1000,1000
5216,71,degCent,10,0.5392117834394905,0,14,None,66,1,5,False,1000,1000
5217,72,degCent,10,0.5515525477707006,0,14,None,66,1,5,False,1000,1000
5218,73,degCent,10,0.5608081210191083,0,14,None,66,1,5,False,1000,1000
5219,74,degCent,10,0.5692675159235668,0,14,None,66,1,5,False,1000,1000
5220,70,degCent,10,0.5060708598726115,0,30,None,66,1,5,False,1000,1000
5221,71,degCent,10,0.4918391719745223,0,30,None,66,1,5,False,1000,1000
5222,72,degCent,10,0.4910429936305732,0,30,None,66,1,5,False,1000,1000
5223,73,degCent,10,0.491640127388535,0,30,None,66,1,5,False,1000,1000
5224,74,degCent,10,0.4936305732484076,0,30,None,66,1,5,False,1000,1000
5225,70,degCent,10,0.5218949044585988,0,27,None,66,1,5,False,1000,1000
5226,71,degCent,10,0.5389132165605095,0,27,None,66,1,5,False,1000,1000
5227,72,degCent,10,0.5524482484076433,0,27,None,66,1,5,False,1000,1000
5228,73,degCent,10,0.5657842356687898,0,27,None,66,1,5,False,1000,1000
5229,74,degCent,10,0.5746417197452229,0,27,None,66,1,5,False,1000,1000
5230,70,degCent,10,0.5406050955414012,0,1,None,66,1,5,False,1000,1000
5231,71,degCent,10,0.5427945859872612,0,1,None,66,1,5,False,1000,1000
5232,72,degCent,10,0.5482683121019108,0,1,None,66,1,5,False,1000,1000
5233,73,degCent,10,0.5543391719745223,0,1,None,66,1,5,False,1000,1000
5234,74,degCent,10,0.560609076433121,0,1,None,66,1,5,False,1000,1000
5235,70,degCent,10,0.557921974522293,0,0,None,66,1,5,False,1000,1000
5236,71,degCent,10,0.5563296178343949,0,0,None,66,1,5,False,1000,1000
5237,72,degCent,10,0.5595143312101911,0,0,None,66,1,5,False,1000,1000
5238,73,degCent,10,0.5611066878980892,0,0,None,66,1,5,False,1000,1000
5239,74,degCent,10,0.5639928343949044,0,0,None,66,1,5,False,1000,1000
5240,70,degCent,10,0.458499203821656,0,15,None,66,1,5,False,1000,1000
5241,71,degCent,10,0.4424761146496815,0,15,None,66,1,5,False,1000,1000
5242,72,degCent,10,0.4461584394904458,0,15,None,66,1,5,False,1000,1000
5243,73,degCent,10,0.4589968152866242,0,15,None,66,1,5,False,1000,1000
5244,74,degCent,10,0.4746218152866242,0,15,None,66,1,5,False,1000,1000
5245,70,degCent,10,0.495421974522293,0,10,None,66,1,5,False,1000,1000
5246,71,degCent,10,0.5352308917197452,0,10,None,66,1,5,False,1000,1000
5247,72,degCent,10,0.5547372611464968,0,10,None,66,1,5,False,1000,1000
5248,73,degCent,10,0.5674761146496815,0,10,None,66,1,5,False,1000,1000
5249,74,degCent,10,0.5789211783439491,0,10,None,66,1,5,False,1000,1000
5250,70,degCent,10,0.544187898089172,0,6,None,66,1,5,False,1000,1000
5251,71,degCent,10,0.5308519108280255,0,6,None,66,1,5,False,1000,1000
5252,72,degCent,10,0.5317476114649682,0,6,None,66,1,5,False,1000,1000
5253,73,degCent,10,0.533937101910828,0,6,None,66,1,5,False,1000,1000
5254,74,degCent,10,0.5354299363057324,0,6,None,66,1,5,False,1000,1000
5255,70,degCent,10,0.3181727707006369,0,3,None,66,1,5,False,1000,1000
5256,71,degCent,10,0.3028463375796178,0,3,None,66,1,5,False,1000,1000
5257,72,degCent,10,0.2932921974522293,0,3,None,66,1,5,False,1000,1000
5258,73,degCent,10,0.2869227707006369,0,3,None,66,1,5,False,1000,1000
5259,74,degCent,10,0.2819466560509554,0,3,None,66,1,5,False,1000,1000
5260,70,degCent,10,0.5537420382165605,0,13,None,66,1,5,False,1000,1000
5261,71,degCent,10,0.5462778662420382,0,13,None,66,1,5,False,1000,1000
5262,72,degCent,10,0.5419984076433121,0,13,None,66,1,5,False,1000,1000
5263,73,degCent,10,0.5359275477707006,0,13,None,66,1,5,False,1000,1000
5264,74,degCent,10,0.5308519108280255,0,13,None,66,1,5,False,1000,1000
5265,70,degCent,10,0.4909434713375796,0,12,None,66,1,5,False,1000,1000
5266,71,degCent,10,0.5242834394904459,0,12,None,66,1,5,False,1000,1000
5267,72,degCent,10,0.5467754777070064,0,12,None,66,1,5,False,1000,1000
5268,73,degCent,10,0.56140525477707,0,12,None,66,1,5,False,1000,1000
5269,74,degCent,10,0.5758359872611465,0,12,None,66,1,5,False,1000,1000
5270,70,degCent,10,0.6179339171974523,0,25,None,66,1,5,False,1000,1000
5271,71,degCent,10,0.6198248407643312,0,25,None,66,1,5,False,1000,1000
5272,72,degCent,10,0.6213176751592356,0,25,None,66,1,5,False,1000,1000
5273,73,degCent,10,0.6225119426751592,0,25,None,66,1,5,False,1000,1000
5274,74,degCent,10,0.6233081210191083,0,25,None,66,1,5,False,1000,1000
5275,70,degCent,10,0.5384156050955414,0,26,None,66,1,5,False,1000,1000
5276,71,degCent,10,0.5333399681528662,0,26,None,66,1,5,False,1000,1000
5277,72,degCent,10,0.5353304140127388,0,26,None,66,1,5,False,1000,1000
5278,73,degCent,10,0.5381170382165605,0,26,None,66,1,5,False,1000,1000
5279,74,degCent,10,0.5409036624203821,0,26,None,66,1,5,False,1000,1000
5280,75,degCent,10,0.56359474522293,0,1,None,66,1,5,False,1000,1000
5281,76,degCent,10,0.566281847133758,0,1,None,66,1,5,False,1000,1000
5282,77,degCent,10,0.5696656050955414,0,1,None,66,1,5,False,1000,1000
5283,78,degCent,10,0.5748407643312102,0,1,None,66,1,5,False,1000,1000
5284,79,degCent,10,0.5798168789808917,0,1,None,66,1,5,False,1000,1000
5285,75,degCent,10,0.5702627388535032,0,21,None,66,1,5,False,1000,1000
5286,76,degCent,10,0.564390923566879,0,21,None,66,1,5,False,1000,1000
5287,77,degCent,10,0.5549363057324841,0,21,None,66,1,5,False,1000,1000
5288,78,degCent,10,0.546875,0,21,None,66,1,5,False,1000,1000
5289,79,degCent,10,0.5416998407643312,0,21,None,66,1,5,False,1000,1000
5290,75,degCent,10,0.3832603503184713,0,2,None,66,1,5,False,1000,1000
5291,76,degCent,10,0.4234673566878981,0,2,None,66,1,5,False,1000,1000
5292,77,degCent,10,0.5340366242038217,0,2,None,66,1,5,False,1000,1000
5293,78,degCent,10,0.5523487261146497,0,2,None,66,1,5,False,1000,1000
5294,79,degCent,10,0.5154259554140127,0,2,None,66,1,5,False,1000,1000
5295,75,degCent,10,0.5381170382165605,0,22,None,66,1,5,False,1000,1000
5296,76,degCent,10,0.5462778662420382,0,22,None,66,1,5,False,1000,1000
5297,77,degCent,10,0.5536425159235668,0,22,None,66,1,5,False,1000,1000
5298,78,degCent,10,0.5605095541401274,0,22,None,66,1,5,False,1000,1000
5299,79,degCent,10,0.5684713375796179,0,22,None,66,1,5,False,1000,1000
5300,75,degCent,10,0.5627985668789809,0,23,None,66,1,5,False,1000,1000
5301,76,degCent,10,0.5640923566878981,0,23,None,66,1,5,False,1000,1000
5302,77,degCent,10,0.5673765923566879,0,23,None,66,1,5,False,1000,1000
5303,78,degCent,10,0.5723527070063694,0,23,None,66,1,5,False,1000,1000
5304,79,degCent,10,0.5748407643312102,0,23,None,66,1,5,False,1000,1000
5305,75,degCent,10,0.5131369426751592,0,32,None,66,1,5,False,1000,1000
5306,76,degCent,10,0.5108479299363057,0,32,None,66,1,5,False,1000,1000
5307,77,degCent,10,0.5155254777070064,0,32,None,66,1,5,False,1000,1000
5308,78,degCent,10,0.5230891719745223,0,32,None,66,1,5,False,1000,1000
5309,79,degCent,10,0.5306528662420382,0,32,None,66,1,5,False,1000,1000
5310,75,degCent,10,0.3173765923566879,0,11,None,66,1,5,False,1000,1000
5311,76,degCent,10,0.3131966560509554,0,11,None,66,1,5,False,1000,1000
5312,77,degCent,10,0.3676353503184713,0,11,None,66,1,5,False,1000,1000
5313,78,degCent,10,0.308718152866242,0,11,None,66,1,5,False,1000,1000
5314,79,degCent,10,0.2920979299363057,0,11,None,66,1,5,False,1000,1000
5315,75,degCent,10,0.3974920382165605,0,17,None,66,1,5,False,1000,1000
5316,76,degCent,10,0.4792993630573248,0,17,None,66,1,5,False,1000,1000
5317,77,degCent,10,0.4610867834394904,0,17,None,66,1,5,False,1000,1000
5318,78,degCent,10,0.4569068471337579,0,17,None,66,1,5,False,1000,1000
5319,79,degCent,10,0.4606886942675159,0,17,None,66,1,5,False,1000,1000
5320,75,degCent,10,0.5447850318471338,0,18,None,66,1,5,False,1000,1000
5321,76,degCent,10,0.4982085987261146,0,18,None,66,1,5,False,1000,1000
5322,77,degCent,10,0.4768113057324841,0,18,None,66,1,5,False,1000,1000
5323,78,degCent,10,0.4712380573248407,0,18,None,66,1,5,False,1000,1000
5324,79,degCent,10,0.4734275477707006,0,18,None,66,1,5,False,1000,1000
5325,75,degCent,10,0.5718550955414012,0,19,None,66,1,5,False,1000,1000
5326,76,degCent,10,0.5847929936305732,0,19,None,66,1,5,False,1000,1000
5327,77,degCent,10,0.5950437898089171,0,19,None,66,1,5,False,1000,1000
5328,78,degCent,10,0.6015127388535032,0,19,None,66,1,5,False,1000,1000
5329,79,degCent,10,0.6083797770700637,0,19,None,66,1,5,False,1000,1000
5330,75,degCent,10,0.3384753184713376,0,20,None,66,1,5,False,1000,1000
5331,76,degCent,10,0.3633558917197452,0,20,None,66,1,5,False,1000,1000
5332,77,degCent,10,0.3726114649681528,0,20,None,66,1,5,False,1000,1000
5333,78,degCent,10,0.3878383757961783,0,20,None,66,1,5,False,1000,1000
5334,79,degCent,10,0.4092356687898089,0,20,None,66,1,5,False,1000,1000
5335,75,degCent,10,0.5558320063694268,0,28,None,66,1,5,False,1000,1000
5336,76,degCent,10,0.5628980891719745,0,28,None,66,1,5,False,1000,1000
5337,77,degCent,10,0.5690684713375797,0,28,None,66,1,5,False,1000,1000
5338,78,degCent,10,0.5718550955414012,0,28,None,66,1,5,False,1000,1000
5339,79,degCent,10,0.576234076433121,0,28,None,66,1,5,False,1000,1000
5340,75,degCent,10,0.5032842356687898,0,13,None,66,1,5,False,1000,1000
5341,76,degCent,10,0.5582205414012739,0,13,None,66,1,5,False,1000,1000
5342,77,degCent,10,0.5744426751592356,0,13,None,66,1,5,False,1000,1000
5343,78,degCent,10,0.5666799363057324,0,13,None,66,1,5,False,1000,1000
5344,79,degCent,10,0.5581210191082803,0,13,None,66,1,5,False,1000,1000
5345,75,degCent,10,0.5299562101910829,0,5,None,66,1,5,False,1000,1000
5346,76,degCent,10,0.5353304140127388,0,5,None,66,1,5,False,1000,1000
5347,77,degCent,10,0.544187898089172,0,5,None,66,1,5,False,1000,1000
5348,78,degCent,10,0.5549363057324841,0,5,None,66,1,5,False,1000,1000
5349,79,degCent,10,0.5638933121019108,0,5,None,66,1,5,False,1000,1000
5350,75,degCent,10,0.6352507961783439,0,4,None,66,1,5,False,1000,1000
5351,76,degCent,10,0.6134554140127388,0,4,None,66,1,5,False,1000,1000
5352,77,degCent,10,0.6063893312101911,0,4,None,66,1,5,False,1000,1000
5353,78,degCent,10,0.6046974522292994,0,4,None,66,1,5,False,1000,1000
5354,79,degCent,10,0.6051950636942676,0,4,None,66,1,5,False,1000,1000
5355,75,degCent,10,0.5486664012738853,0,6,None,66,1,5,False,1000,1000
5356,76,degCent,10,0.5410031847133758,0,6,None,66,1,5,False,1000,1000
5357,77,degCent,10,0.5411027070063694,0,6,None,66,1,5,False,1000,1000
5358,78,degCent,10,0.5428941082802548,0,6,None,66,1,5,False,1000,1000
5359,79,degCent,10,0.5461783439490446,0,6,None,66,1,5,False,1000,1000
5360,75,degCent,10,0.5333399681528662,0,12,None,66,1,5,False,1000,1000
5361,76,degCent,10,0.5509554140127388,0,12,None,66,1,5,False,1000,1000
5362,77,degCent,10,0.5653861464968153,0,12,None,66,1,5,False,1000,1000
5363,78,degCent,10,0.5798168789808917,0,12,None,66,1,5,False,1000,1000
5364,79,degCent,10,0.5917595541401274,0,12,None,66,1,5,False,1000,1000
5365,75,degCent,10,0.5576234076433121,0,26,None,66,1,5,False,1000,1000
5366,76,degCent,10,0.5329418789808917,0,26,None,66,1,5,False,1000,1000
5367,77,degCent,10,0.5299562101910829,0,26,None,66,1,5,False,1000,1000
5368,78,degCent,10,0.5335390127388535,0,26,None,66,1,5,False,1000,1000
5369,79,degCent,10,0.5376194267515924,0,26,None,66,1,5,False,1000,1000
5370,75,degCent,10,0.5642914012738853,0,24,None,66,1,5,False,1000,1000
5371,76,degCent,10,0.5755374203821656,0,24,None,66,1,5,False,1000,1000
5372,77,degCent,10,0.583797770700637,0,24,None,66,1,5,False,1000,1000
5373,78,degCent,10,0.5914609872611465,0,24,None,66,1,5,False,1000,1000
5374,79,degCent,10,0.5973328025477707,0,24,None,66,1,5,False,1000,1000
5375,75,degCent,10,0.5428941082802548,0,27,None,66,1,5,False,1000,1000
5376,76,degCent,10,0.5546377388535032,0,27,None,66,1,5,False,1000,1000
5377,77,degCent,10,0.5687699044585988,0,27,None,66,1,5,False,1000,1000
5378,78,degCent,10,0.5768312101910829,0,27,None,66,1,5,False,1000,1000
5379,79,degCent,10,0.5824044585987261,0,27,None,66,1,5,False,1000,1000
5380,75,degCent,10,0.5309514331210191,0,30,None,66,1,5,False,1000,1000
5381,76,degCent,10,0.5133359872611465,0,30,None,66,1,5,False,1000,1000
5382,77,degCent,10,0.5106488853503185,0,30,None,66,1,5,False,1000,1000
5383,78,degCent,10,0.5114450636942676,0,30,None,66,1,5,False,1000,1000
5384,79,degCent,10,0.5141321656050956,0,30,None,66,1,5,False,1000,1000
5385,75,degCent,10,0.5733479299363057,0,31,None,66,1,5,False,1000,1000
5386,76,degCent,10,0.5769307324840764,0,31,None,66,1,5,False,1000,1000
5387,77,degCent,10,0.5833996815286624,0,31,None,66,1,5,False,1000,1000
5388,78,degCent,10,0.5893710191082803,0,31,None,66,1,5,False,1000,1000
5389,79,degCent,10,0.5946457006369427,0,31,None,66,1,5,False,1000,1000
5390,75,degCent,10,0.5501592356687898,0,7,None,66,1,5,False,1000,1000
5391,76,degCent,10,0.5280652866242038,0,7,None,66,1,5,False,1000,1000
5392,77,degCent,10,0.5367237261146497,0,7,None,66,1,5,False,1000,1000
5393,78,degCent,10,0.5447850318471338,0,7,None,66,1,5,False,1000,1000
5394,79,degCent,10,0.5520501592356688,0,7,None,66,1,5,False,1000,1000
5395,75,degCent,10,0.5364251592356688,0,8,None,66,1,5,False,1000,1000
5396,76,degCent,10,0.5538415605095541,0,8,None,66,1,5,False,1000,1000
5397,77,degCent,10,0.5647890127388535,0,8,None,66,1,5,False,1000,1000
5398,78,degCent,10,0.5782245222929936,0,8,None,66,1,5,False,1000,1000
5399,79,degCent,10,0.5865843949044586,0,8,None,66,1,5,False,1000,1000
5400,75,degCent,10,0.6096735668789809,0,16,None,66,1,5,False,1000,1000
5401,76,degCent,10,0.6224124203821656,0,16,None,66,1,5,False,1000,1000
5402,77,degCent,10,0.6321656050955414,0,16,None,66,1,5,False,1000,1000
5403,78,degCent,10,0.6440087579617835,0,16,None,66,1,5,False,1000,1000
5404,79,degCent,10,0.6531648089171974,0,16,None,66,1,5,False,1000,1000
5405,75,degCent,10,0.4726313694267516,0,15,None,66,1,5,False,1000,1000
5406,76,degCent,10,0.4719347133757962,0,15,None,66,1,5,False,1000,1000
5407,77,degCent,10,0.4863654458598726,0,15,None,66,1,5,False,1000,1000
5408,78,degCent,10,0.4987062101910828,0,15,None,66,1,5,False,1000,1000
5409,79,degCent,10,0.5090565286624203,0,15,None,66,1,5,False,1000,1000
5410,75,degCent,10,0.5258757961783439,0,10,None,66,1,5,False,1000,1000
5411,76,degCent,10,0.5511544585987261,0,10,None,66,1,5,False,1000,1000
5412,77,degCent,10,0.5658837579617835,0,10,None,66,1,5,False,1000,1000
5413,78,degCent,10,0.5763335987261147,0,10,None,66,1,5,False,1000,1000
5414,79,degCent,10,0.5875796178343949,0,10,None,66,1,5,False,1000,1000
5415,75,degCent,10,0.5685708598726115,0,0,None,66,1,5,False,1000,1000
5416,76,degCent,10,0.5644904458598726,0,0,None,66,1,5,False,1000,1000
5417,77,degCent,10,0.5656847133757962,0,0,None,66,1,5,False,1000,1000
5418,78,degCent,10,0.5687699044585988,0,0,None,66,1,5,False,1000,1000
5419,79,degCent,10,0.5706608280254777,0,0,None,66,1,5,False,1000,1000
5420,75,degCent,10,0.3141918789808917,0,3,None,66,1,5,False,1000,1000
5421,76,degCent,10,0.3076234076433121,0,3,None,66,1,5,False,1000,1000
5422,77,degCent,10,0.3036425159235669,0,3,None,66,1,5,False,1000,1000
5423,78,degCent,10,0.3002587579617834,0,3,None,66,1,5,False,1000,1000
5424,79,degCent,10,0.2966759554140127,0,3,None,66,1,5,False,1000,1000
5425,75,degCent,10,0.554140127388535,0,14,None,66,1,5,False,1000,1000
5426,76,degCent,10,0.5631966560509554,0,14,None,66,1,5,False,1000,1000
5427,77,degCent,10,0.5710589171974523,0,14,None,66,1,5,False,1000,1000
5428,78,degCent,10,0.5780254777070064,0,14,None,66,1,5,False,1000,1000
5429,79,degCent,10,0.5852906050955414,0,14,None,66,1,5,False,1000,1000
5430,75,degCent,10,0.5669785031847133,0,9,None,66,1,5,False,1000,1000
5431,76,degCent,10,0.5990246815286624,0,9,None,66,1,5,False,1000,1000
5432,77,degCent,10,0.6129578025477707,0,9,None,66,1,5,False,1000,1000
5433,78,degCent,10,0.6214171974522293,0,9,None,66,1,5,False,1000,1000
5434,79,degCent,10,0.6292794585987261,0,9,None,66,1,5,False,1000,1000
5435,75,degCent,10,0.5991242038216561,0,25,None,66,1,5,False,1000,1000
5436,76,degCent,10,0.5736464968152867,0,25,None,66,1,5,False,1000,1000
5437,77,degCent,10,0.5704617834394905,0,25,None,66,1,5,False,1000,1000
5438,78,degCent,10,0.5728503184713376,0,25,None,66,1,5,False,1000,1000
5439,79,degCent,10,0.574343152866242,0,25,None,66,1,5,False,1000,1000
5440,75,degCent,10,0.5179140127388535,0,29,None,66,1,5,False,1000,1000
5441,76,degCent,10,0.501890923566879,0,29,None,66,1,5,False,1000,1000
5442,77,degCent,10,0.5021894904458599,0,29,None,66,1,5,False,1000,1000
5443,78,degCent,10,0.5053742038216561,0,29,None,66,1,5,False,1000,1000
5444,79,degCent,10,0.5117436305732485,0,29,None,66,1,5,False,1000,1000
8085,80,degCent,10,0.5759355095541401,0,1,None,66,1,5,False,1000,1000
8086,81,degCent,10,0.5791202229299363,0,1,None,66,1,5,False,1000,1000
8087,82,degCent,10,0.5815087579617835,0,1,None,66,1,5,False,1000,1000
8088,83,degCent,10,0.5865843949044586,0,1,None,66,1,5,False,1000,1000
8089,84,degCent,10,0.5905652866242038,0,1,None,66,1,5,False,1000,1000
8090,80,degCent,10,0.5769307324840764,0,13,None,66,1,5,False,1000,1000
8091,81,degCent,10,0.5691679936305732,0,13,None,66,1,5,False,1000,1000
8092,82,degCent,10,0.5678742038216561,0,13,None,66,1,5,False,1000,1000
8093,83,degCent,10,0.5661823248407644,0,13,None,66,1,5,False,1000,1000
8094,84,degCent,10,0.5655851910828026,0,13,None,66,1,5,False,1000,1000
8095,80,degCent,10,0.6121616242038217,0,19,None,66,1,5,False,1000,1000
8096,81,degCent,10,0.6192277070063694,0,19,None,66,1,5,False,1000,1000
8097,82,degCent,10,0.6247014331210191,0,19,None,66,1,5,False,1000,1000
8098,83,degCent,10,0.6273885350318471,0,19,None,66,1,5,False,1000,1000
8099,84,degCent,10,0.631468949044586,0,19,None,66,1,5,False,1000,1000
8100,80,degCent,10,0.5709593949044586,0,23,None,66,1,5,False,1000,1000
8101,81,degCent,10,0.5746417197452229,0,23,None,66,1,5,False,1000,1000
8102,82,degCent,10,0.5772292993630573,0,23,None,66,1,5,False,1000,1000
8103,83,degCent,10,0.5791202229299363,0,23,None,66,1,5,False,1000,1000
8104,84,degCent,10,0.5811106687898089,0,23,None,66,1,5,False,1000,1000
8105,80,degCent,10,0.6070859872611465,0,25,None,66,1,5,False,1000,1000
8106,81,degCent,10,0.5746417197452229,0,25,None,66,1,5,False,1000,1000
8107,82,degCent,10,0.5679737261146497,0,25,None,66,1,5,False,1000,1000
8108,83,degCent,10,0.5679737261146497,0,25,None,66,1,5,False,1000,1000
8109,84,degCent,10,0.5714570063694268,0,25,None,66,1,5,False,1000,1000
8110,80,degCent,10,0.5756369426751592,0,21,None,66,1,5,False,1000,1000
8111,81,degCent,10,0.5742436305732485,0,21,None,66,1,5,False,1000,1000
8112,82,degCent,10,0.5672770700636943,0,21,None,66,1,5,False,1000,1000
8113,83,degCent,10,0.5588176751592356,0,21,None,66,1,5,False,1000,1000
8114,84,degCent,10,0.556031050955414,0,21,None,66,1,5,False,1000,1000
8115,80,degCent,10,0.5616042993630573,0,26,None,66,1,5,False,1000,1000
8116,81,degCent,10,0.5553343949044586,0,26,None,66,1,5,False,1000,1000
8117,82,degCent,10,0.5558320063694268,0,26,None,66,1,5,False,1000,1000
8118,83,degCent,10,0.5585191082802548,0,26,None,66,1,5,False,1000,1000
8119,84,degCent,10,0.559812898089172,0,26,None,66,1,5,False,1000,1000
8120,80,degCent,10,0.5779259554140127,0,24,None,66,1,5,False,1000,1000
8121,81,degCent,10,0.5859872611464968,0,24,None,66,1,5,False,1000,1000
8122,82,degCent,10,0.5933519108280255,0,24,None,66,1,5,False,1000,1000
8123,83,degCent,10,0.5993232484076433,0,24,None,66,1,5,False,1000,1000
8124,84,degCent,10,0.6071855095541401,0,24,None,66,1,5,False,1000,1000
8125,80,degCent,10,0.4987062101910828,0,29,None,66,1,5,False,1000,1000
8126,81,degCent,10,0.4790007961783439,0,29,None,66,1,5,False,1000,1000
8127,82,degCent,10,0.4780055732484076,0,29,None,66,1,5,False,1000,1000
8128,83,degCent,10,0.4810907643312102,0,29,None,66,1,5,False,1000,1000
8129,84,degCent,10,0.4866640127388535,0,29,None,66,1,5,False,1000,1000
8130,80,degCent,10,0.5375199044585988,0,30,None,66,1,5,False,1000,1000
8131,81,degCent,10,0.519406847133758,0,30,None,66,1,5,False,1000,1000
8132,82,degCent,10,0.5146297770700637,0,30,None,66,1,5,False,1000,1000
8133,83,degCent,10,0.515625,0,30,None,66,1,5,False,1000,1000
8134,84,degCent,10,0.5195063694267515,0,30,None,66,1,5,False,1000,1000
8135,80,degCent,10,0.5672770700636943,0,31,None,66,1,5,False,1000,1000
8136,81,degCent,10,0.5717555732484076,0,31,None,66,1,5,False,1000,1000
8137,82,degCent,10,0.57703025477707,0,31,None,66,1,5,False,1000,1000
8138,83,degCent,10,0.5839968152866242,0,31,None,66,1,5,False,1000,1000
8139,84,degCent,10,0.5903662420382165,0,31,None,66,1,5,False,1000,1000
8140,80,degCent,10,0.5570262738853503,0,27,None,66,1,5,False,1000,1000
8141,81,degCent,10,0.570859872611465,0,27,None,66,1,5,False,1000,1000
8142,82,degCent,10,0.5776273885350318,0,27,None,66,1,5,False,1000,1000
8143,83,degCent,10,0.5835987261146497,0,27,None,66,1,5,False,1000,1000
8144,84,degCent,10,0.5888734076433121,0,27,None,66,1,5,False,1000,1000
8145,80,degCent,10,0.5437898089171974,0,32,None,66,1,5,False,1000,1000
8146,81,degCent,10,0.5447850318471338,0,32,None,66,1,5,False,1000,1000
8147,82,degCent,10,0.5493630573248408,0,32,None,66,1,5,False,1000,1000
8148,83,degCent,10,0.5522492038216561,0,32,None,66,1,5,False,1000,1000
8149,84,degCent,10,0.5561305732484076,0,32,None,66,1,5,False,1000,1000
8150,80,degCent,10,0.3951035031847134,0,2,None,66,1,5,False,1000,1000
8151,81,degCent,10,0.432921974522293,0,2,None,66,1,5,False,1000,1000
8152,82,degCent,10,0.4909434713375796,0,2,None,66,1,5,False,1000,1000
8153,83,degCent,10,0.5482683121019108,0,2,None,66,1,5,False,1000,1000
8154,84,degCent,10,0.5360270700636943,0,2,None,66,1,5,False,1000,1000
8155,80,degCent,10,0.5788216560509554,0,0,None,66,1,5,False,1000,1000
8156,81,degCent,10,0.5748407643312102,0,0,None,66,1,5,False,1000,1000
8157,82,degCent,10,0.576234076433121,0,0,None,66,1,5,False,1000,1000
8158,83,degCent,10,0.5810111464968153,0,0,None,66,1,5,False,1000,1000
8159,84,degCent,10,0.5836982484076433,0,0,None,66,1,5,False,1000,1000
8160,80,degCent,10,0.3546974522292994,0,3,None,66,1,5,False,1000,1000
8161,81,degCent,10,0.3427547770700637,0,3,None,66,1,5,False,1000,1000
8162,82,degCent,10,0.3360867834394904,0,3,None,66,1,5,False,1000,1000
8163,83,degCent,10,0.3333996815286624,0,3,None,66,1,5,False,1000,1000
8164,84,degCent,10,0.3329020700636942,0,3,None,66,1,5,False,1000,1000
8165,80,degCent,10,0.643312101910828,0,4,None,66,1,5,False,1000,1000
8166,81,degCent,10,0.6213176751592356,0,4,None,66,1,5,False,1000,1000
8167,82,degCent,10,0.6137539808917197,0,4,None,66,1,5,False,1000,1000
8168,83,degCent,10,0.6121616242038217,0,4,None,66,1,5,False,1000,1000
8169,84,degCent,10,0.6124601910828026,0,4,None,66,1,5,False,1000,1000
8170,80,degCent,10,0.5376194267515924,0,5,None,66,1,5,False,1000,1000
8171,81,degCent,10,0.5438893312101911,0,5,None,66,1,5,False,1000,1000
8172,82,degCent,10,0.5540406050955414,0,5,None,66,1,5,False,1000,1000
8173,83,degCent,10,0.5636942675159236,0,5,None,66,1,5,False,1000,1000
8174,84,degCent,10,0.5728503184713376,0,5,None,66,1,5,False,1000,1000
8175,80,degCent,10,0.5420979299363057,0,10,None,66,1,5,False,1000,1000
8176,81,degCent,10,0.5588176751592356,0,10,None,66,1,5,False,1000,1000
8177,82,degCent,10,0.5711584394904459,0,10,None,66,1,5,False,1000,1000
8178,83,degCent,10,0.5825039808917197,0,10,None,66,1,5,False,1000,1000
8179,84,degCent,10,0.59265525477707,0,10,None,66,1,5,False,1000,1000
8180,80,degCent,10,0.3247412420382166,0,11,None,66,1,5,False,1000,1000
8181,81,degCent,10,0.3181727707006369,0,11,None,66,1,5,False,1000,1000
8182,82,degCent,10,0.368531050955414,0,11,None,66,1,5,False,1000,1000
8183,83,degCent,10,0.3156847133757962,0,11,None,66,1,5,False,1000,1000
8184,84,degCent,10,0.2998606687898089,0,11,None,66,1,5,False,1000,1000
8185,80,degCent,10,0.501890923566879,0,15,None,66,1,5,False,1000,1000
8186,81,degCent,10,0.5,0,15,None,66,1,5,False,1000,1000
8187,82,degCent,10,0.5105493630573248,0,15,None,66,1,5,False,1000,1000
8188,83,degCent,10,0.5199044585987261,0,15,None,66,1,5,False,1000,1000
8189,84,degCent,10,0.5281648089171974,0,15,None,66,1,5,False,1000,1000
8190,80,degCent,10,0.5414012738853503,0,12,None,66,1,5,False,1000,1000
8191,81,degCent,10,0.5558320063694268,0,12,None,66,1,5,False,1000,1000
8192,82,degCent,10,0.5712579617834395,0,12,None,66,1,5,False,1000,1000
8193,83,degCent,10,0.5831011146496815,0,12,None,66,1,5,False,1000,1000
8194,84,degCent,10,0.5957404458598726,0,12,None,66,1,5,False,1000,1000
8195,80,degCent,10,0.438296178343949,0,17,None,66,1,5,False,1000,1000
8196,81,degCent,10,0.4904458598726114,0,17,None,66,1,5,False,1000,1000
8197,82,degCent,10,0.4804936305732484,0,17,None,66,1,5,False,1000,1000
8198,83,degCent,10,0.4872611464968153,0,17,None,66,1,5,False,1000,1000
8199,84,degCent,10,0.4948248407643312,0,17,None,66,1,5,False,1000,1000
8200,80,degCent,10,0.5507563694267515,0,18,None,66,1,5,False,1000,1000
8201,81,degCent,10,0.5039808917197452,0,18,None,66,1,5,False,1000,1000
8202,82,degCent,10,0.487858280254777,0,18,None,66,1,5,False,1000,1000
8203,83,degCent,10,0.4919386942675159,0,18,None,66,1,5,False,1000,1000
8204,84,degCent,10,0.4995023885350318,0,18,None,66,1,5,False,1000,1000
8205,80,degCent,10,0.3524084394904458,0,20,None,66,1,5,False,1000,1000
8206,81,degCent,10,0.3738057324840764,0,20,None,66,1,5,False,1000,1000
8207,82,degCent,10,0.3889331210191082,0,20,None,66,1,5,False,1000,1000
8208,83,degCent,10,0.4152070063694267,0,20,None,66,1,5,False,1000,1000
8209,84,degCent,10,0.4387937898089172,0,20,None,66,1,5,False,1000,1000
8210,80,degCent,10,0.5648885350318471,0,28,None,66,1,5,False,1000,1000
8211,81,degCent,10,0.5694665605095541,0,28,None,66,1,5,False,1000,1000
8212,82,degCent,10,0.5711584394904459,0,28,None,66,1,5,False,1000,1000
8213,83,degCent,10,0.5758359872611465,0,28,None,66,1,5,False,1000,1000
8214,84,degCent,10,0.5790207006369427,0,28,None,66,1,5,False,1000,1000
8215,80,degCent,10,0.5669785031847133,0,7,None,66,1,5,False,1000,1000
8216,81,degCent,10,0.5492635350318471,0,7,None,66,1,5,False,1000,1000
8217,82,degCent,10,0.5543391719745223,0,7,None,66,1,5,False,1000,1000
8218,83,degCent,10,0.5613057324840764,0,7,None,66,1,5,False,1000,1000
8219,84,degCent,10,0.5656847133757962,0,7,None,66,1,5,False,1000,1000
8220,80,degCent,10,0.552547770700637,0,8,None,66,1,5,False,1000,1000
8221,81,degCent,10,0.56140525477707,0,8,None,66,1,5,False,1000,1000
8222,82,degCent,10,0.5750398089171974,0,8,None,66,1,5,False,1000,1000
8223,83,degCent,10,0.5849920382165605,0,8,None,66,1,5,False,1000,1000
8224,84,degCent,10,0.5931528662420382,0,8,None,66,1,5,False,1000,1000
8225,80,degCent,10,0.6173367834394905,0,16,None,66,1,5,False,1000,1000
8226,81,degCent,10,0.628781847133758,0,16,None,66,1,5,False,1000,1000
8227,82,degCent,10,0.63953025477707,0,16,None,66,1,5,False,1000,1000
8228,83,degCent,10,0.6494824840764332,0,16,None,66,1,5,False,1000,1000
8229,84,degCent,10,0.6563495222929936,0,16,None,66,1,5,False,1000,1000
8230,85,degCent,10,0.586484872611465,0,24,None,66,1,5,False,1000,1000
8231,86,degCent,10,0.5936504777070064,0,24,None,66,1,5,False,1000,1000
8232,87,degCent,10,0.6011146496815286,0,24,None,66,1,5,False,1000,1000
8233,88,degCent,10,0.6079816878980892,0,24,None,66,1,5,False,1000,1000
8234,89,degCent,10,0.6121616242038217,0,24,None,66,1,5,False,1000,1000
8235,85,degCent,10,0.6235071656050956,0,19,None,66,1,5,False,1000,1000
8236,86,degCent,10,0.6273885350318471,0,19,None,66,1,5,False,1000,1000
8237,87,degCent,10,0.6305732484076433,0,19,None,66,1,5,False,1000,1000
8238,88,degCent,10,0.6338574840764332,0,19,None,66,1,5,False,1000,1000
8239,89,degCent,10,0.6361464968152867,0,19,None,66,1,5,False,1000,1000
8240,85,degCent,10,0.5907643312101911,0,31,None,66,1,5,False,1000,1000
8241,86,degCent,10,0.595640923566879,0,31,None,66,1,5,False,1000,1000
8242,87,degCent,10,0.6013136942675159,0,31,None,66,1,5,False,1000,1000
8243,88,degCent,10,0.6052945859872612,0,31,None,66,1,5,False,1000,1000
8244,89,degCent,10,0.6108678343949044,0,31,None,66,1,5,False,1000,1000
8245,80,degCent,10,0.5816082802547771,0,9,None,66,1,5,False,1000,1000
8246,81,degCent,10,0.6050955414012739,0,9,None,66,1,5,False,1000,1000
8247,82,degCent,10,0.6155453821656051,0,9,None,66,1,5,False,1000,1000
8248,83,degCent,10,0.6249004777070064,0,9,None,66,1,5,False,1000,1000
8249,84,degCent,10,0.6336584394904459,0,9,None,66,1,5,False,1000,1000
8250,80,degCent,10,0.5480692675159236,0,6,None,66,1,5,False,1000,1000
8251,81,degCent,10,0.5482683121019108,0,6,None,66,1,5,False,1000,1000
8252,82,degCent,10,0.5508558917197452,0,6,None,66,1,5,False,1000,1000
8253,83,degCent,10,0.5538415605095541,0,6,None,66,1,5,False,1000,1000
8254,84,degCent,10,0.5575238853503185,0,6,None,66,1,5,False,1000,1000
8255,80,degCent,10,0.6111664012738853,0,14,None,66,1,5,False,1000,1000
8256,81,degCent,10,0.6137539808917197,0,14,None,66,1,5,False,1000,1000
8257,82,degCent,10,0.6176353503184714,0,14,None,66,1,5,False,1000,1000
8258,83,degCent,10,0.6215167197452229,0,14,None,66,1,5,False,1000,1000
8259,84,degCent,10,0.6240047770700637,0,14,None,66,1,5,False,1000,1000
8260,80,degCent,10,0.5584195859872612,0,22,None,66,1,5,False,1000,1000
8261,81,degCent,10,0.5649880573248408,0,22,None,66,1,5,False,1000,1000
8262,82,degCent,10,0.5712579617834395,0,22,None,66,1,5,False,1000,1000
8263,83,degCent,10,0.5776273885350318,0,22,None,66,1,5,False,1000,1000
8264,84,degCent,10,0.5831011146496815,0,22,None,66,1,5,False,1000,1000
8265,85,degCent,10,0.5907643312101911,0,1,None,66,1,5,False,1000,1000
8266,86,degCent,10,0.5941480891719745,0,1,None,66,1,5,False,1000,1000
8267,87,degCent,10,0.598328025477707,0,1,None,66,1,5,False,1000,1000
8268,88,degCent,10,0.6026074840764332,0,1,None,66,1,5,False,1000,1000
8269,89,degCent,10,0.6058917197452229,0,1,None,66,1,5,False,1000,1000
8270,85,degCent,10,0.5843949044585988,0,21,None,66,1,5,False,1000,1000
8271,86,degCent,10,0.5832006369426752,0,21,None,66,1,5,False,1000,1000
8272,87,degCent,10,0.5790207006369427,0,21,None,66,1,5,False,1000,1000
8273,88,degCent,10,0.5752388535031847,0,21,None,66,1,5,False,1000,1000
8274,89,degCent,10,0.5736464968152867,0,21,None,66,1,5,False,1000,1000
8275,85,degCent,10,0.5546377388535032,0,29,None,66,1,5,False,1000,1000
8276,86,degCent,10,0.5504578025477707,0,29,None,66,1,5,False,1000,1000
8277,87,degCent,10,0.5529458598726115,0,29,None,66,1,5,False,1000,1000
8278,88,degCent,10,0.5572253184713376,0,29,None,66,1,5,False,1000,1000
8279,89,degCent,10,0.5602109872611465,0,29,None,66,1,5,False,1000,1000
8280,85,degCent,10,0.5796178343949044,0,23,None,66,1,5,False,1000,1000
8281,86,degCent,10,0.5818073248407644,0,23,None,66,1,5,False,1000,1000
8282,87,degCent,10,0.5846934713375797,0,23,None,66,1,5,False,1000,1000
8283,88,degCent,10,0.5873805732484076,0,23,None,66,1,5,False,1000,1000
8284,89,degCent,10,0.5902667197452229,0,23,None,66,1,5,False,1000,1000
8285,85,degCent,10,0.5591162420382165,0,8,None,66,1,5,False,1000,1000
8286,86,degCent,10,0.5705613057324841,0,8,None,66,1,5,False,1000,1000
8287,87,degCent,10,0.5858877388535032,0,8,None,66,1,5,False,1000,1000
8288,88,degCent,10,0.5915605095541401,0,8,None,66,1,5,False,1000,1000
8289,89,degCent,10,0.6011146496815286,0,8,None,66,1,5,False,1000,1000
8290,85,degCent,10,0.6036027070063694,0,16,None,66,1,5,False,1000,1000
8291,86,degCent,10,0.6181329617834395,0,16,None,66,1,5,False,1000,1000
8292,87,degCent,10,0.6300756369426752,0,16,None,66,1,5,False,1000,1000
8293,88,degCent,10,0.6408240445859873,0,16,None,66,1,5,False,1000,1000
8294,89,degCent,10,0.6511743630573248,0,16,None,66,1,5,False,1000,1000
8295,85,degCent,10,0.5584195859872612,0,32,None,66,1,5,False,1000,1000
8296,86,degCent,10,0.5593152866242038,0,32,None,66,1,5,False,1000,1000
8297,87,degCent,10,0.5624004777070064,0,32,None,66,1,5,False,1000,1000
8298,88,degCent,10,0.5660828025477707,0,32,None,66,1,5,False,1000,1000
8299,89,degCent,10,0.569765127388535,0,32,None,66,1,5,False,1000,1000
8300,85,degCent,10,0.5897691082802548,0,13,None,66,1,5,False,1000,1000
8301,86,degCent,10,0.5774283439490446,0,13,None,66,1,5,False,1000,1000
8302,87,degCent,10,0.576234076433121,0,13,None,66,1,5,False,1000,1000
8303,88,degCent,10,0.5755374203821656,0,13,None,66,1,5,False,1000,1000
8304,89,degCent,10,0.5752388535031847,0,13,None,66,1,5,False,1000,1000
8305,85,degCent,10,0.638734076433121,0,25,None,66,1,5,False,1000,1000
8306,86,degCent,10,0.6398288216560509,0,25,None,66,1,5,False,1000,1000
8307,87,degCent,10,0.6405254777070064,0,25,None,66,1,5,False,1000,1000
8308,88,degCent,10,0.6409235668789809,0,25,None,66,1,5,False,1000,1000
8309,89,degCent,10,0.64171974522293,0,25,None,66,1,5,False,1000,1000
8310,85,degCent,10,0.5726512738853503,0,27,None,66,1,5,False,1000,1000
8311,86,degCent,10,0.5805135350318471,0,27,None,66,1,5,False,1000,1000
8312,87,degCent,10,0.5850915605095541,0,27,None,66,1,5,False,1000,1000
8313,88,degCent,10,0.5905652866242038,0,27,None,66,1,5,False,1000,1000
8314,89,degCent,10,0.5929538216560509,0,27,None,66,1,5,False,1000,1000
8315,85,degCent,10,0.5833996815286624,0,22,None,66,1,5,False,1000,1000
8316,86,degCent,10,0.5878781847133758,0,22,None,66,1,5,False,1000,1000
8317,87,degCent,10,0.5920581210191083,0,22,None,66,1,5,False,1000,1000
8318,88,degCent,10,0.5971337579617835,0,22,None,66,1,5,False,1000,1000
8319,89,degCent,10,0.6006170382165605,0,22,None,66,1,5,False,1000,1000
8320,85,degCent,10,0.4460589171974522,0,2,None,66,1,5,False,1000,1000
8321,86,degCent,10,0.5062699044585988,0,2,None,66,1,5,False,1000,1000
8322,87,degCent,10,0.5538415605095541,0,2,None,66,1,5,False,1000,1000
8323,88,degCent,10,0.5694665605095541,0,2,None,66,1,5,False,1000,1000
8324,89,degCent,10,0.5347332802547771,0,2,None,66,1,5,False,1000,1000
8325,85,degCent,10,0.5896695859872612,0,0,None,66,1,5,False,1000,1000
8326,86,degCent,10,0.5902667197452229,0,0,None,66,1,5,False,1000,1000
8327,87,degCent,10,0.5931528662420382,0,0,None,66,1,5,False,1000,1000
8328,88,degCent,10,0.5954418789808917,0,0,None,66,1,5,False,1000,1000
8329,89,degCent,10,0.5972332802547771,0,0,None,66,1,5,False,1000,1000
8330,85,degCent,10,0.5977308917197452,0,9,None,66,1,5,False,1000,1000
8331,86,degCent,10,0.6122611464968153,0,9,None,66,1,5,False,1000,1000
8332,87,degCent,10,0.621218152866242,0,9,None,66,1,5,False,1000,1000
8333,88,degCent,10,0.6292794585987261,0,9,None,66,1,5,False,1000,1000
8334,89,degCent,10,0.6390326433121019,0,9,None,66,1,5,False,1000,1000
8335,85,degCent,10,0.4171974522292994,0,3,None,66,1,5,False,1000,1000
8336,86,degCent,10,0.3988853503184713,0,3,None,66,1,5,False,1000,1000
8337,87,degCent,10,0.3834593949044586,0,3,None,66,1,5,False,1000,1000
8338,88,degCent,10,0.3725119426751592,0,3,None,66,1,5,False,1000,1000
8339,89,degCent,10,0.3656449044585987,0,3,None,66,1,5,False,1000,1000
8340,85,degCent,10,0.564390923566879,0,10,None,66,1,5,False,1000,1000
8341,86,degCent,10,0.5789211783439491,0,10,None,66,1,5,False,1000,1000
8342,87,degCent,10,0.5911624203821656,0,10,None,66,1,5,False,1000,1000
8343,88,degCent,10,0.5976313694267515,0,10,None,66,1,5,False,1000,1000
8344,89,degCent,10,0.6075835987261147,0,10,None,66,1,5,False,1000,1000
8345,85,degCent,10,0.4532245222929936,0,11,None,66,1,5,False,1000,1000
8346,86,degCent,10,0.4059514331210191,0,11,None,66,1,5,False,1000,1000
8347,87,degCent,10,0.3879378980891719,0,11,None,66,1,5,False,1000,1000
8348,88,degCent,10,0.3762937898089172,0,11,None,66,1,5,False,1000,1000
8349,89,degCent,10,0.3670382165605095,0,11,None,66,1,5,False,1000,1000
8350,85,degCent,10,0.5420979299363057,0,15,None,66,1,5,False,1000,1000
8351,86,degCent,10,0.5432921974522293,0,15,None,66,1,5,False,1000,1000
8352,87,degCent,10,0.5499601910828026,0,15,None,66,1,5,False,1000,1000
8353,88,degCent,10,0.5544386942675159,0,15,None,66,1,5,False,1000,1000
8354,89,degCent,10,0.5612062101910829,0,15,None,66,1,5,False,1000,1000
8355,85,degCent,10,0.5834992038216561,0,17,None,66,1,5,False,1000,1000
8356,86,degCent,10,0.5658837579617835,0,17,None,66,1,5,False,1000,1000
8357,87,degCent,10,0.5655851910828026,0,17,None,66,1,5,False,1000,1000
8358,88,degCent,10,0.5687699044585988,0,17,None,66,1,5,False,1000,1000
8359,89,degCent,10,0.5741441082802548,0,17,None,66,1,5,False,1000,1000
8360,85,degCent,10,0.5594148089171974,0,18,None,66,1,5,False,1000,1000
8361,86,degCent,10,0.5437898089171974,0,18,None,66,1,5,False,1000,1000
8362,87,degCent,10,0.5429936305732485,0,18,None,66,1,5,False,1000,1000
8363,88,degCent,10,0.5451831210191083,0,18,None,66,1,5,False,1000,1000
8364,89,degCent,10,0.5478702229299363,0,18,None,66,1,5,False,1000,1000
8365,85,degCent,10,0.5089570063694268,0,20,None,66,1,5,False,1000,1000
8366,86,degCent,10,0.5485668789808917,0,20,None,66,1,5,False,1000,1000
8367,87,degCent,10,0.5601114649681529,0,20,None,66,1,5,False,1000,1000
8368,88,degCent,10,0.5499601910828026,0,20,None,66,1,5,False,1000,1000
8369,89,degCent,10,0.5317476114649682,0,20,None,66,1,5,False,1000,1000
8370,85,degCent,10,0.5742436305732485,0,28,None,66,1,5,False,1000,1000
8371,86,degCent,10,0.5782245222929936,0,28,None,66,1,5,False,1000,1000
8372,87,degCent,10,0.5820063694267515,0,28,None,66,1,5,False,1000,1000
8373,88,degCent,10,0.5834992038216561,0,28,None,66,1,5,False,1000,1000
8374,89,degCent,10,0.5854896496815286,0,28,None,66,1,5,False,1000,1000
8375,85,degCent,10,0.5584195859872612,0,5,None,66,1,5,False,1000,1000
8376,86,degCent,10,0.5665804140127388,0,5,None,66,1,5,False,1000,1000
8377,87,degCent,10,0.5779259554140127,0,5,None,66,1,5,False,1000,1000
8378,88,degCent,10,0.5883757961783439,0,5,None,66,1,5,False,1000,1000
8379,89,degCent,10,0.6009156050955414,0,5,None,66,1,5,False,1000,1000
8380,85,degCent,10,0.6510748407643312,0,4,None,66,1,5,False,1000,1000
8381,86,degCent,10,0.62609474522293,0,4,None,66,1,5,False,1000,1000
8382,87,degCent,10,0.6207205414012739,0,4,None,66,1,5,False,1000,1000
8383,88,degCent,10,0.619327229299363,0,4,None,66,1,5,False,1000,1000
8384,89,degCent,10,0.6210191082802548,0,4,None,66,1,5,False,1000,1000
8385,85,degCent,10,0.5605095541401274,0,6,None,66,1,5,False,1000,1000
8386,86,degCent,10,0.5590167197452229,0,6,None,66,1,5,False,1000,1000
8387,87,degCent,10,0.5620023885350318,0,6,None,66,1,5,False,1000,1000
8388,88,degCent,10,0.5655851910828026,0,6,None,66,1,5,False,1000,1000
8389,89,degCent,10,0.5696656050955414,0,6,None,66,1,5,False,1000,1000
8390,85,degCent,10,0.5751393312101911,0,7,None,66,1,5,False,1000,1000
8391,86,degCent,10,0.5775278662420382,0,7,None,66,1,5,False,1000,1000
8392,87,degCent,10,0.5812101910828026,0,7,None,66,1,5,False,1000,1000
8393,88,degCent,10,0.5860867834394905,0,7,None,66,1,5,False,1000,1000
8394,89,degCent,10,0.5908638535031847,0,7,None,66,1,5,False,1000,1000
8395,85,degCent,10,0.5996218152866242,0,14,None,66,1,5,False,1000,1000
8396,86,degCent,10,0.6041998407643312,0,14,None,66,1,5,False,1000,1000
8397,87,degCent,10,0.6070859872611465,0,14,None,66,1,5,False,1000,1000
8398,88,degCent,10,0.6100716560509554,0,14,None,66,1,5,False,1000,1000
8399,89,degCent,10,0.6129578025477707,0,14,None,66,1,5,False,1000,1000
8400,85,degCent,10,0.5757364649681529,0,12,None,66,1,5,False,1000,1000
8401,86,degCent,10,0.5870820063694268,0,12,None,66,1,5,False,1000,1000
8402,87,degCent,10,0.5996218152866242,0,12,None,66,1,5,False,1000,1000
8403,88,degCent,10,0.6085788216560509,0,12,None,66,1,5,False,1000,1000
8404,89,degCent,10,0.6192277070063694,0,12,None,66,1,5,False,1000,1000
8405,85,degCent,10,0.5628980891719745,0,26,None,66,1,5,False,1000,1000
8406,86,degCent,10,0.5626990445859873,0,26,None,66,1,5,False,1000,1000
8407,87,degCent,10,0.5639928343949044,0,26,None,66,1,5,False,1000,1000
8408,88,degCent,10,0.5656847133757962,0,26,None,66,1,5,False,1000,1000
8409,89,degCent,10,0.5669785031847133,0,26,None,66,1,5,False,1000,1000
8410,85,degCent,10,0.572452229299363,0,30,None,66,1,5,False,1000,1000
8411,86,degCent,10,0.5658837579617835,0,30,None,66,1,5,False,1000,1000
8412,87,degCent,10,0.5665804140127388,0,30,None,66,1,5,False,1000,1000
8413,88,degCent,10,0.5685708598726115,0,30,None,66,1,5,False,1000,1000
8414,89,degCent,10,0.5711584394904459,0,30,None,66,1,5,False,1000,1000
8415,90,degCent,10,0.6071855095541401,0,1,None,66,1,5,False,1000,1000
8416,91,degCent,10,0.6088773885350318,0,1,None,66,1,5,False,1000,1000
8417,92,degCent,10,0.6116640127388535,0,1,None,66,1,5,False,1000,1000
8418,93,degCent,10,0.6148487261146497,0,1,None,66,1,5,False,1000,1000
8419,94,degCent,10,0.6172372611464968,0,1,None,66,1,5,False,1000,1000
8420,90,degCent,10,0.5922571656050956,0,21,None,66,1,5,False,1000,1000
8421,91,degCent,10,0.5914609872611465,0,21,None,66,1,5,False,1000,1000
8422,92,degCent,10,0.5888734076433121,0,21,None,66,1,5,False,1000,1000
8423,93,degCent,10,0.5874800955414012,0,21,None,66,1,5,False,1000,1000
8424,94,degCent,10,0.5867834394904459,0,21,None,66,1,5,False,1000,1000
8425,90,degCent,10,0.5815087579617835,0,28,None,66,1,5,False,1000,1000
8426,91,degCent,10,0.5835987261146497,0,28,None,66,1,5,False,1000,1000
8427,92,degCent,10,0.5854896496815286,0,28,None,66,1,5,False,1000,1000
8428,93,degCent,10,0.5866839171974523,0,28,None,66,1,5,False,1000,1000
8429,94,degCent,10,0.5893710191082803,0,28,None,66,1,5,False,1000,1000
8430,90,degCent,10,0.6054936305732485,0,17,None,66,1,5,False,1000,1000
8431,91,degCent,10,0.5938495222929936,0,17,None,66,1,5,False,1000,1000
8432,92,degCent,10,0.5958399681528662,0,17,None,66,1,5,False,1000,1000
8433,93,degCent,10,0.5989251592356688,0,17,None,66,1,5,False,1000,1000
8434,94,degCent,10,0.6020103503184714,0,17,None,66,1,5,False,1000,1000
8435,90,degCent,10,0.5924562101910829,0,20,None,66,1,5,False,1000,1000
8436,91,degCent,10,0.5856886942675159,0,20,None,66,1,5,False,1000,1000
8437,92,degCent,10,0.5782245222929936,0,20,None,66,1,5,False,1000,1000
8438,93,degCent,10,0.567078025477707,0,20,None,66,1,5,False,1000,1000
8439,94,degCent,10,0.5504578025477707,0,20,None,66,1,5,False,1000,1000
8440,90,degCent,10,0.4759156050955414,0,11,None,66,1,5,False,1000,1000
8441,91,degCent,10,0.4244625796178344,0,11,None,66,1,5,False,1000,1000
8442,92,degCent,10,0.4061504777070063,0,11,None,66,1,5,False,1000,1000
8443,93,degCent,10,0.3981886942675159,0,11,None,66,1,5,False,1000,1000
8444,94,degCent,10,0.391421178343949,0,11,None,66,1,5,False,1000,1000
8445,90,degCent,10,0.5771297770700637,0,10,None,66,1,5,False,1000,1000
8446,91,degCent,10,0.5888734076433121,0,10,None,66,1,5,False,1000,1000
8447,92,degCent,10,0.5987261146496815,0,10,None,66,1,5,False,1000,1000
8448,93,degCent,10,0.6062898089171974,0,10,None,66,1,5,False,1000,1000
8449,94,degCent,10,0.6176353503184714,0,10,None,66,1,5,False,1000,1000
8450,90,degCent,10,0.5578224522292994,0,15,None,66,1,5,False,1000,1000
8451,91,degCent,10,0.5629976114649682,0,15,None,66,1,5,False,1000,1000
8452,92,degCent,10,0.5687699044585988,0,15,None,66,1,5,False,1000,1000
8453,93,degCent,10,0.5755374203821656,0,15,None,66,1,5,False,1000,1000
8454,94,degCent,10,0.5832006369426752,0,15,None,66,1,5,False,1000,1000
8455,90,degCent,10,0.5900676751592356,0,23,None,66,1,5,False,1000,1000
8456,91,degCent,10,0.5932523885350318,0,23,None,66,1,5,False,1000,1000
8457,92,degCent,10,0.5966361464968153,0,23,None,66,1,5,False,1000,1000
8458,93,degCent,10,0.5984275477707006,0,23,None,66,1,5,False,1000,1000
8459,94,degCent,10,0.6017117834394905,0,23,None,66,1,5,False,1000,1000
8460,90,degCent,10,0.574343152866242,0,5,None,66,1,5,False,1000,1000
8461,91,degCent,10,0.5851910828025477,0,5,None,66,1,5,False,1000,1000
8462,92,degCent,10,0.5978304140127388,0,5,None,66,1,5,False,1000,1000
8463,93,degCent,10,0.6094745222929936,0,5,None,66,1,5,False,1000,1000
8464,94,degCent,10,0.6182324840764332,0,5,None,66,1,5,False,1000,1000
8465,90,degCent,10,0.5732484076433121,0,32,None,66,1,5,False,1000,1000
8466,91,degCent,10,0.5750398089171974,0,32,None,66,1,5,False,1000,1000
8467,92,degCent,10,0.5782245222929936,0,32,None,66,1,5,False,1000,1000
8468,93,degCent,10,0.5809116242038217,0,32,None,66,1,5,False,1000,1000
8469,94,degCent,10,0.5860867834394905,0,32,None,66,1,5,False,1000,1000
8470,90,degCent,10,0.5706608280254777,0,26,None,66,1,5,False,1000,1000
8471,91,degCent,10,0.5663813694267515,0,26,None,66,1,5,False,1000,1000
8472,92,degCent,10,0.5676751592356688,0,26,None,66,1,5,False,1000,1000
8473,93,degCent,10,0.5682722929936306,0,26,None,66,1,5,False,1000,1000
8474,94,degCent,10,0.5698646496815286,0,26,None,66,1,5,False,1000,1000
8475,90,degCent,10,0.5865843949044586,0,22,None,66,1,5,False,1000,1000
8476,91,degCent,10,0.591062898089172,0,22,None,66,1,5,False,1000,1000
8477,92,degCent,10,0.5972332802547771,0,22,None,66,1,5,False,1000,1000
8478,93,degCent,10,0.602109872611465,0,22,None,66,1,5,False,1000,1000
8479,94,degCent,10,0.6067874203821656,0,22,None,66,1,5,False,1000,1000
8480,90,degCent,10,0.5732484076433121,0,6,None,66,1,5,False,1000,1000
8481,91,degCent,10,0.5773288216560509,0,6,None,66,1,5,False,1000,1000
8482,92,degCent,10,0.5813097133757962,0,6,None,66,1,5,False,1000,1000
8483,93,degCent,10,0.5859872611464968,0,6,None,66,1,5,False,1000,1000
8484,94,degCent,10,0.591062898089172,0,6,None,66,1,5,False,1000,1000
8485,90,degCent,10,0.5893710191082803,0,7,None,66,1,5,False,1000,1000
8486,91,degCent,10,0.5928542993630573,0,7,None,66,1,5,False,1000,1000
8487,92,degCent,10,0.5965366242038217,0,7,None,66,1,5,False,1000,1000
8488,93,degCent,10,0.5999203821656051,0,7,None,66,1,5,False,1000,1000
8489,94,degCent,10,0.6026074840764332,0,7,None,66,1,5,False,1000,1000
8490,90,degCent,10,0.606687898089172,0,13,None,66,1,5,False,1000,1000
8491,91,degCent,10,0.5950437898089171,0,13,None,66,1,5,False,1000,1000
8492,92,degCent,10,0.5903662420382165,0,13,None,66,1,5,False,1000,1000
8493,93,degCent,10,0.5902667197452229,0,13,None,66,1,5,False,1000,1000
8494,94,degCent,10,0.5892714968152867,0,13,None,66,1,5,False,1000,1000
8495,90,degCent,10,0.5924562101910829,0,12,None,66,1,5,False,1000,1000
8496,91,degCent,10,0.6035031847133758,0,12,None,66,1,5,False,1000,1000
8497,92,degCent,10,0.6137539808917197,0,12,None,66,1,5,False,1000,1000
8498,93,degCent,10,0.6219148089171974,0,12,None,66,1,5,False,1000,1000
8499,94,degCent,10,0.6299761146496815,0,12,None,66,1,5,False,1000,1000
8500,90,degCent,10,0.6015127388535032,0,9,None,66,1,5,False,1000,1000
8501,91,degCent,10,0.6145501592356688,0,9,None,66,1,5,False,1000,1000
8502,92,degCent,10,0.6227109872611465,0,9,None,66,1,5,False,1000,1000
8503,93,degCent,10,0.6311703821656051,0,9,None,66,1,5,False,1000,1000
8504,94,degCent,10,0.6403264331210191,0,9,None,66,1,5,False,1000,1000
8505,90,degCent,10,0.6041003184713376,0,14,None,66,1,5,False,1000,1000
8506,91,degCent,10,0.607484076433121,0,14,None,66,1,5,False,1000,1000
8507,92,degCent,10,0.6107683121019108,0,14,None,66,1,5,False,1000,1000
8508,93,degCent,10,0.6132563694267515,0,14,None,66,1,5,False,1000,1000
8509,94,degCent,10,0.6160429936305732,0,14,None,66,1,5,False,1000,1000
8510,90,degCent,10,0.6552547770700637,0,25,None,66,1,5,False,1000,1000
8511,91,degCent,10,0.6553542993630573,0,25,None,66,1,5,False,1000,1000
8512,92,degCent,10,0.65515525477707,0,25,None,66,1,5,False,1000,1000
8513,93,degCent,10,0.6560509554140127,0,25,None,66,1,5,False,1000,1000
8514,94,degCent,10,0.6577428343949044,0,25,None,66,1,5,False,1000,1000
8515,90,degCent,10,0.574343152866242,0,29,None,66,1,5,False,1000,1000
8516,91,degCent,10,0.5747412420382165,0,29,None,66,1,5,False,1000,1000
8517,92,degCent,10,0.5767316878980892,0,29,None,66,1,5,False,1000,1000
8518,93,degCent,10,0.5791202229299363,0,29,None,66,1,5,False,1000,1000
8519,94,degCent,10,0.5811106687898089,0,29,None,66,1,5,False,1000,1000
8520,90,degCent,10,0.5319466560509554,0,2,None,66,1,5,False,1000,1000
8521,91,degCent,10,0.5664808917197452,0,2,None,66,1,5,False,1000,1000
8522,92,degCent,10,0.5982285031847133,0,2,None,66,1,5,False,1000,1000
8523,93,degCent,10,0.5720541401273885,0,2,None,66,1,5,False,1000,1000
8524,94,degCent,10,0.5443869426751592,0,2,None,66,1,5,False,1000,1000
8525,90,degCent,10,0.59484474522293,0,24,None,66,1,5,False,1000,1000
8526,91,degCent,10,0.6031050955414012,0,24,None,66,1,5,False,1000,1000
8527,92,degCent,10,0.6090764331210191,0,24,None,66,1,5,False,1000,1000
8528,93,degCent,10,0.6154458598726115,0,24,None,66,1,5,False,1000,1000
8529,94,degCent,10,0.6201234076433121,0,24,None,66,1,5,False,1000,1000
8530,90,degCent,10,0.5826035031847133,0,27,None,66,1,5,False,1000,1000
8531,91,degCent,10,0.5894705414012739,0,27,None,66,1,5,False,1000,1000
8532,92,degCent,10,0.5930533439490446,0,27,None,66,1,5,False,1000,1000
8533,93,degCent,10,0.5965366242038217,0,27,None,66,1,5,False,1000,1000
8534,94,degCent,10,0.6019108280254777,0,27,None,66,1,5,False,1000,1000
8535,90,degCent,10,0.466859076433121,0,3,None,66,1,5,False,1000,1000
8536,91,degCent,10,0.4367038216560509,0,3,None,66,1,5,False,1000,1000
8537,92,degCent,10,0.4115246815286624,0,3,None,66,1,5,False,1000,1000
8538,93,degCent,10,0.3927149681528662,0,3,None,66,1,5,False,1000,1000
8539,94,degCent,10,0.3806727707006369,0,3,None,66,1,5,False,1000,1000
8540,90,degCent,10,0.5824044585987261,0,30,None,66,1,5,False,1000,1000
8541,91,degCent,10,0.5741441082802548,0,30,None,66,1,5,False,1000,1000
8542,92,degCent,10,0.5745421974522293,0,30,None,66,1,5,False,1000,1000
8543,93,degCent,10,0.5765326433121019,0,30,None,66,1,5,False,1000,1000
8544,94,degCent,10,0.5796178343949044,0,30,None,66,1,5,False,1000,1000
8545,90,degCent,10,0.6079816878980892,0,31,None,66,1,5,False,1000,1000
8546,91,degCent,10,0.6138535031847133,0,31,None,66,1,5,False,1000,1000
8547,92,degCent,10,0.6200238853503185,0,31,None,66,1,5,False,1000,1000
8548,93,degCent,10,0.6252985668789809,0,31,None,66,1,5,False,1000,1000
8549,94,degCent,10,0.6301751592356688,0,31,None,66,1,5,False,1000,1000
8550,90,degCent,10,0.6376393312101911,0,4,None,66,1,5,False,1000,1000
8551,91,degCent,10,0.6299761146496815,0,4,None,66,1,5,False,1000,1000
8552,92,degCent,10,0.6305732484076433,0,4,None,66,1,5,False,1000,1000
8553,93,degCent,10,0.6309713375796179,0,4,None,66,1,5,False,1000,1000
8554,94,degCent,10,0.6316679936305732,0,4,None,66,1,5,False,1000,1000
8555,90,degCent,10,0.6009156050955414,0,0,None,66,1,5,False,1000,1000
8556,91,degCent,10,0.6008160828025477,0,0,None,66,1,5,False,1000,1000
8557,92,degCent,10,0.6035031847133758,0,0,None,66,1,5,False,1000,1000
8558,93,degCent,10,0.6067874203821656,0,0,None,66,1,5,False,1000,1000
8559,94,degCent,10,0.6095740445859873,0,0,None,66,1,5,False,1000,1000
8560,90,degCent,10,0.6149482484076433,0,16,None,66,1,5,False,1000,1000
8561,91,degCent,10,0.6254976114649682,0,16,None,66,1,5,False,1000,1000
8562,92,degCent,10,0.6375398089171974,0,16,None,66,1,5,False,1000,1000
8563,93,degCent,10,0.6475915605095541,0,16,None,66,1,5,False,1000,1000
8564,94,degCent,10,0.6547571656050956,0,16,None,66,1,5,False,1000,1000
8565,90,degCent,10,0.5725517515923567,0,8,None,66,1,5,False,1000,1000
8566,91,degCent,10,0.584593949044586,0,8,None,66,1,5,False,1000,1000
8567,92,degCent,10,0.5919585987261147,0,8,None,66,1,5,False,1000,1000
8568,93,degCent,10,0.6020103503184714,0,8,None,66,1,5,False,1000,1000
8569,94,degCent,10,0.6085788216560509,0,8,None,66,1,5,False,1000,1000
8570,90,degCent,10,0.5650875796178344,0,18,None,66,1,5,False,1000,1000
8571,91,degCent,10,0.5532444267515924,0,18,None,66,1,5,False,1000,1000
8572,92,degCent,10,0.5537420382165605,0,18,None,66,1,5,False,1000,1000
8573,93,degCent,10,0.5536425159235668,0,18,None,66,1,5,False,1000,1000
8574,94,degCent,10,0.5554339171974523,0,18,None,66,1,5,False,1000,1000
8575,90,degCent,10,0.6305732484076433,0,19,None,66,1,5,False,1000,1000
8576,91,degCent,10,0.6336584394904459,0,19,None,66,1,5,False,1000,1000
8577,92,degCent,10,0.636046974522293,0,19,None,66,1,5,False,1000,1000
8578,93,degCent,10,0.6381369426751592,0,19,None,66,1,5,False,1000,1000
8579,94,degCent,10,0.6391321656050956,0,19,None,66,1,5,False,1000,1000
8580,95,degCent,10,0.5817078025477707,0,26,None,66,1,5,False,1000,1000
8581,96,degCent,10,0.5817078025477707,0,26,None,66,1,5,False,1000,1000
8582,97,degCent,10,0.5835987261146497,0,26,None,66,1,5,False,1000,1000
8583,98,degCent,10,0.5843949044585988,0,26,None,66,1,5,False,1000,1000
8584,99,degCent,10,0.5857882165605095,0,26,None,66,1,5,False,1000,1000
8585,95,degCent,10,0.6162420382165605,0,1,None,66,1,5,False,1000,1000
8586,96,degCent,10,0.6192277070063694,0,1,None,66,1,5,False,1000,1000
8587,97,degCent,10,0.6229100318471338,0,1,None,66,1,5,False,1000,1000
8588,98,degCent,10,0.6261942675159236,0,1,None,66,1,5,False,1000,1000
8589,99,degCent,10,0.6269904458598726,0,1,None,66,1,5,False,1000,1000
8590,95,degCent,10,0.5669785031847133,0,2,None,66,1,5,False,1000,1000
8591,96,degCent,10,0.5922571656050956,0,2,None,66,1,5,False,1000,1000
8592,97,degCent,10,0.6084792993630573,0,2,None,66,1,5,False,1000,1000
8593,98,degCent,10,0.5814092356687898,0,2,None,66,1,5,False,1000,1000
8594,99,degCent,10,0.5595143312101911,0,2,None,66,1,5,False,1000,1000
8595,95,degCent,10,0.4585987261146497,0,11,None,66,1,5,False,1000,1000
8596,96,degCent,10,0.4311305732484076,0,11,None,66,1,5,False,1000,1000
8597,97,degCent,10,0.4069466560509554,0,11,None,66,1,5,False,1000,1000
8598,98,degCent,10,0.3976910828025478,0,11,None,66,1,5,False,1000,1000
8599,99,degCent,10,0.3931130573248407,0,11,None,66,1,5,False,1000,1000
8600,95,degCent,10,0.5622014331210191,0,15,None,66,1,5,False,1000,1000
8601,96,degCent,10,0.5660828025477707,0,15,None,66,1,5,False,1000,1000
8602,97,degCent,10,0.5707603503184714,0,15,None,66,1,5,False,1000,1000
8603,98,degCent,10,0.5790207006369427,0,15,None,66,1,5,False,1000,1000
8604,99,degCent,10,0.5844944267515924,0,15,None,66,1,5,False,1000,1000
8605,95,degCent,10,0.6234076433121019,0,17,None,66,1,5,False,1000,1000
8606,96,degCent,10,0.5993232484076433,0,17,None,66,1,5,False,1000,1000
8607,97,degCent,10,0.5982285031847133,0,17,None,66,1,5,False,1000,1000
8608,98,degCent,10,0.6016122611464968,0,17,None,66,1,5,False,1000,1000
8609,99,degCent,10,0.6043988853503185,0,17,None,66,1,5,False,1000,1000
8610,95,degCent,10,0.5813097133757962,0,10,None,66,1,5,False,1000,1000
8611,96,degCent,10,0.5930533439490446,0,10,None,66,1,5,False,1000,1000
8612,97,degCent,10,0.6011146496815286,0,10,None,66,1,5,False,1000,1000
8613,98,degCent,10,0.6118630573248408,0,10,None,66,1,5,False,1000,1000
8614,99,degCent,10,0.6208200636942676,0,10,None,66,1,5,False,1000,1000
8615,95,degCent,10,0.4905453821656051,0,20,None,66,1,5,False,1000,1000
8616,96,degCent,10,0.5157245222929936,0,20,None,66,1,5,False,1000,1000
8617,97,degCent,10,0.5622014331210191,0,20,None,66,1,5,False,1000,1000
8618,98,degCent,10,0.5699641719745223,0,20,None,66,1,5,False,1000,1000
8619,99,degCent,10,0.5626990445859873,0,20,None,66,1,5,False,1000,1000
8620,95,degCent,10,0.6022093949044586,0,22,None,66,1,5,False,1000,1000
8621,96,degCent,10,0.6056926751592356,0,22,None,66,1,5,False,1000,1000
8622,97,degCent,10,0.6081807324840764,0,22,None,66,1,5,False,1000,1000
8623,98,degCent,10,0.6103702229299363,0,22,None,66,1,5,False,1000,1000
8624,99,degCent,10,0.6127587579617835,0,22,None,66,1,5,False,1000,1000
8625,95,degCent,10,0.6007165605095541,0,23,None,66,1,5,False,1000,1000
8626,96,degCent,10,0.6035031847133758,0,23,None,66,1,5,False,1000,1000
8627,97,degCent,10,0.6059912420382165,0,23,None,66,1,5,False,1000,1000
8628,98,degCent,10,0.6076831210191083,0,23,None,66,1,5,False,1000,1000
8629,99,degCent,10,0.6106687898089171,0,23,None,66,1,5,False,1000,1000
8630,95,degCent,10,0.622312898089172,0,13,None,66,1,5,False,1000,1000
8631,96,degCent,10,0.6118630573248408,0,13,None,66,1,5,False,1000,1000
8632,97,degCent,10,0.6044984076433121,0,13,None,66,1,5,False,1000,1000
8633,98,degCent,10,0.6027070063694268,0,13,None,66,1,5,False,1000,1000
8634,99,degCent,10,0.601015127388535,0,13,None,66,1,5,False,1000,1000
8635,95,degCent,10,0.5962380573248408,0,12,None,66,1,5,False,1000,1000
8636,96,degCent,10,0.6063893312101911,0,12,None,66,1,5,False,1000,1000
8637,97,degCent,10,0.6173367834394905,0,12,None,66,1,5,False,1000,1000
8638,98,degCent,10,0.6242038216560509,0,12,None,66,1,5,False,1000,1000
8639,99,degCent,10,0.6328622611464968,0,12,None,66,1,5,False,1000,1000
8640,95,degCent,10,0.6289808917197452,0,25,None,66,1,5,False,1000,1000
8641,96,degCent,10,0.6219148089171974,0,25,None,66,1,5,False,1000,1000
8642,97,degCent,10,0.6217157643312102,0,25,None,66,1,5,False,1000,1000
8643,98,degCent,10,0.622312898089172,0,25,None,66,1,5,False,1000,1000
8644,99,degCent,10,0.6243033439490446,0,25,None,66,1,5,False,1000,1000
8645,95,degCent,10,0.6309713375796179,0,14,None,66,1,5,False,1000,1000
8646,96,degCent,10,0.6334593949044586,0,14,None,66,1,5,False,1000,1000
8647,97,degCent,10,0.636046974522293,0,14,None,66,1,5,False,1000,1000
8648,98,degCent,10,0.6384355095541401,0,14,None,66,1,5,False,1000,1000
8649,99,degCent,10,0.6403264331210191,0,14,None,66,1,5,False,1000,1000
8650,95,degCent,10,0.6025079617834395,0,30,None,66,1,5,False,1000,1000
8651,96,degCent,10,0.5968351910828026,0,30,None,66,1,5,False,1000,1000
8652,97,degCent,10,0.5970342356687898,0,30,None,66,1,5,False,1000,1000
8653,98,degCent,10,0.598328025477707,0,30,None,66,1,5,False,1000,1000
8654,99,degCent,10,0.6000199044585988,0,30,None,66,1,5,False,1000,1000
8655,95,degCent,10,0.582703025477707,0,28,None,66,1,5,False,1000,1000
8656,96,degCent,10,0.5847929936305732,0,28,None,66,1,5,False,1000,1000
8657,97,degCent,10,0.586484872611465,0,28,None,66,1,5,False,1000,1000
8658,98,degCent,10,0.5890724522292994,0,28,None,66,1,5,False,1000,1000
8659,99,degCent,10,0.591859076433121,0,28,None,66,1,5,False,1000,1000
8660,95,degCent,10,0.6100716560509554,0,9,None,66,1,5,False,1000,1000
8661,96,degCent,10,0.6196257961783439,0,9,None,66,1,5,False,1000,1000
8662,97,degCent,10,0.6278861464968153,0,9,None,66,1,5,False,1000,1000
8663,98,degCent,10,0.6370421974522293,0,9,None,66,1,5,False,1000,1000
8664,99,degCent,10,0.6443073248407644,0,9,None,66,1,5,False,1000,1000
8665,95,degCent,10,0.5825039808917197,0,29,None,66,1,5,False,1000,1000
8666,96,degCent,10,0.5807125796178344,0,29,None,66,1,5,False,1000,1000
8667,97,degCent,10,0.581906847133758,0,29,None,66,1,5,False,1000,1000
8668,98,degCent,10,0.5839968152866242,0,29,None,66,1,5,False,1000,1000
8669,99,degCent,10,0.5866839171974523,0,29,None,66,1,5,False,1000,1000
8670,95,degCent,10,0.6397292993630573,0,16,None,66,1,5,False,1000,1000
8671,96,degCent,10,0.6506767515923567,0,16,None,66,1,5,False,1000,1000
8672,97,degCent,10,0.6567476114649682,0,16,None,66,1,5,False,1000,1000
8673,98,degCent,10,0.6640127388535032,0,16,None,66,1,5,False,1000,1000
8674,99,degCent,10,0.6674960191082803,0,16,None,66,1,5,False,1000,1000
8675,95,degCent,10,0.6096735668789809,0,31,None,66,1,5,False,1000,1000
8676,96,degCent,10,0.6161425159235668,0,31,None,66,1,5,False,1000,1000
8677,97,degCent,10,0.6232085987261147,0,31,None,66,1,5,False,1000,1000
8678,98,degCent,10,0.6271894904458599,0,31,None,66,1,5,False,1000,1000
8679,99,degCent,10,0.6316679936305732,0,31,None,66,1,5,False,1000,1000
8680,95,degCent,10,0.5896695859872612,0,27,None,66,1,5,False,1000,1000
8681,96,degCent,10,0.5951433121019108,0,27,None,66,1,5,False,1000,1000
8682,97,degCent,10,0.5991242038216561,0,27,None,66,1,5,False,1000,1000
8683,98,degCent,10,0.6027070063694268,0,27,None,66,1,5,False,1000,1000
8684,99,degCent,10,0.6063893312101911,0,27,None,66,1,5,False,1000,1000
8685,95,degCent,10,0.5694665605095541,0,18,None,66,1,5,False,1000,1000
8686,96,degCent,10,0.5592157643312102,0,18,None,66,1,5,False,1000,1000
8687,97,degCent,10,0.5593152866242038,0,18,None,66,1,5,False,1000,1000
8688,98,degCent,10,0.560609076433121,0,18,None,66,1,5,False,1000,1000
8689,99,degCent,10,0.5617038216560509,0,18,None,66,1,5,False,1000,1000
8690,95,degCent,10,0.5836982484076433,0,8,None,66,1,5,False,1000,1000
8691,96,degCent,10,0.5924562101910829,0,8,None,66,1,5,False,1000,1000
8692,97,degCent,10,0.6015127388535032,0,8,None,66,1,5,False,1000,1000
8693,98,degCent,10,0.6079816878980892,0,8,None,66,1,5,False,1000,1000
8694,99,degCent,10,0.613953025477707,0,8,None,66,1,5,False,1000,1000
8695,95,degCent,10,0.5961385350318471,0,7,None,66,1,5,False,1000,1000
8696,96,degCent,10,0.5968351910828026,0,7,None,66,1,5,False,1000,1000
8697,97,degCent,10,0.6000199044585988,0,7,None,66,1,5,False,1000,1000
8698,98,degCent,10,0.6026074840764332,0,7,None,66,1,5,False,1000,1000
8699,99,degCent,10,0.6056926751592356,0,7,None,66,1,5,False,1000,1000
8700,95,degCent,10,0.6399283439490446,0,4,None,66,1,5,False,1000,1000
8701,96,degCent,10,0.6371417197452229,0,4,None,66,1,5,False,1000,1000
8702,97,degCent,10,0.6376393312101911,0,4,None,66,1,5,False,1000,1000
8703,98,degCent,10,0.6389331210191083,0,4,None,66,1,5,False,1000,1000
8704,99,degCent,10,0.6407245222929936,0,4,None,66,1,5,False,1000,1000
8705,95,degCent,10,0.5909633757961783,0,32,None,66,1,5,False,1000,1000
8706,96,degCent,10,0.5928542993630573,0,32,None,66,1,5,False,1000,1000
8707,97,degCent,10,0.5963375796178344,0,32,None,66,1,5,False,1000,1000
8708,98,degCent,10,0.5990246815286624,0,32,None,66,1,5,False,1000,1000
8709,99,degCent,10,0.6025079617834395,0,32,None,66,1,5,False,1000,1000
8710,95,degCent,10,0.6280851910828026,0,19,None,66,1,5,False,1000,1000
8711,96,degCent,10,0.6309713375796179,0,19,None,66,1,5,False,1000,1000
8712,97,degCent,10,0.6340565286624203,0,19,None,66,1,5,False,1000,1000
8713,98,degCent,10,0.636843152866242,0,19,None,66,1,5,False,1000,1000
8714,99,degCent,10,0.6378383757961783,0,19,None,66,1,5,False,1000,1000
8715,95,degCent,10,0.6006170382165605,0,21,None,66,1,5,False,1000,1000
8716,96,degCent,10,0.5997213375796179,0,21,None,66,1,5,False,1000,1000
8717,97,degCent,10,0.5984275477707006,0,21,None,66,1,5,False,1000,1000
8718,98,degCent,10,0.5978304140127388,0,21,None,66,1,5,False,1000,1000
8719,99,degCent,10,0.5972332802547771,0,21,None,66,1,5,False,1000,1000
8720,95,degCent,10,0.605593152866242,0,24,None,66,1,5,False,1000,1000
8721,96,degCent,10,0.6114649681528662,0,24,None,66,1,5,False,1000,1000
8722,97,degCent,10,0.6187300955414012,0,24,None,66,1,5,False,1000,1000
8723,98,degCent,10,0.6238057324840764,0,24,None,66,1,5,False,1000,1000
8724,99,degCent,10,0.6271894904458599,0,24,None,66,1,5,False,1000,1000
8725,95,degCent,10,0.6125597133757962,0,0,None,66,1,5,False,1000,1000
8726,96,degCent,10,0.615047770700637,0,0,None,66,1,5,False,1000,1000
8727,97,degCent,10,0.6174363057324841,0,0,None,66,1,5,False,1000,1000
8728,98,degCent,10,0.620421974522293,0,0,None,66,1,5,False,1000,1000
8729,99,degCent,10,0.6213176751592356,0,0,None,66,1,5,False,1000,1000
8730,95,degCent,10,0.4686504777070063,0,3,None,66,1,5,False,1000,1000
8731,96,degCent,10,0.4372014331210191,0,3,None,66,1,5,False,1000,1000
8732,97,degCent,10,0.4131170382165605,0,3,None,66,1,5,False,1000,1000
8733,98,degCent,10,0.3984872611464968,0,3,None,66,1,5,False,1000,1000
8734,99,degCent,10,0.387639331210191,0,3,None,66,1,5,False,1000,1000
8735,95,degCent,10,0.5863853503184714,0,5,None,66,1,5,False,1000,1000
8736,96,degCent,10,0.5971337579617835,0,5,None,66,1,5,False,1000,1000
8737,97,degCent,10,0.6095740445859873,0,5,None,66,1,5,False,1000,1000
8738,98,degCent,10,0.618531050955414,0,5,None,66,1,5,False,1000,1000
8739,99,degCent,10,0.6285828025477707,0,5,None,66,1,5,False,1000,1000
8740,95,degCent,10,0.5911624203821656,0,6,None,66,1,5,False,1000,1000
8741,96,degCent,10,0.5946457006369427,0,6,None,66,1,5,False,1000,1000
8742,97,degCent,10,0.598328025477707,0,6,None,66,1,5,False,1000,1000
8743,98,degCent,10,0.6022093949044586,0,6,None,66,1,5,False,1000,1000
8744,99,degCent,10,0.6053941082802548,0,6,None,66,1,5,False,1000,1000
8745,100,degCent,10,0.5773288216560509,0,2,None,66,1,5,False,1000,1000
8746,101,degCent,10,0.6030055732484076,0,2,None,66,1,5,False,1000,1000
8747,102,degCent,10,0.6187300955414012,0,2,None,66,1,5,False,1000,1000
8748,103,degCent,10,0.5939490445859873,0,2,None,66,1,5,False,1000,1000
8749,104,degCent,10,0.573546974522293,0,2,None,66,1,5,False,1000,1000
8750,100,degCent,10,0.606687898089172,0,21,None,66,1,5,False,1000,1000
8751,101,degCent,10,0.6042993630573248,0,21,None,66,1,5,False,1000,1000
8752,102,degCent,10,0.6035031847133758,0,21,None,66,1,5,False,1000,1000
8753,103,degCent,10,0.6023089171974523,0,21,None,66,1,5,False,1000,1000
8754,104,degCent,10,0.6018113057324841,0,21,None,66,1,5,False,1000,1000
8755,100,degCent,10,0.6101711783439491,0,23,None,66,1,5,False,1000,1000
8756,101,degCent,10,0.6103702229299363,0,23,None,66,1,5,False,1000,1000
8757,102,degCent,10,0.6128582802547771,0,23,None,66,1,5,False,1000,1000
8758,103,degCent,10,0.6155453821656051,0,23,None,66,1,5,False,1000,1000
8759,104,degCent,10,0.617734872611465,0,23,None,66,1,5,False,1000,1000
8760,100,degCent,10,0.5848925159235668,0,28,None,66,1,5,False,1000,1000
8761,101,degCent,10,0.586484872611465,0,28,None,66,1,5,False,1000,1000
8762,102,degCent,10,0.5897691082802548,0,28,None,66,1,5,False,1000,1000
8763,103,degCent,10,0.5927547770700637,0,28,None,66,1,5,False,1000,1000
8764,104,degCent,10,0.5955414012738853,0,28,None,66,1,5,False,1000,1000
8765,100,degCent,10,0.5941480891719745,0,29,None,66,1,5,False,1000,1000
8766,101,degCent,10,0.5950437898089171,0,29,None,66,1,5,False,1000,1000
8767,102,degCent,10,0.5967356687898089,0,29,None,66,1,5,False,1000,1000
8768,103,degCent,10,0.5977308917197452,0,29,None,66,1,5,False,1000,1000
8769,104,degCent,10,0.5992237261146497,0,29,None,66,1,5,False,1000,1000
8770,100,degCent,10,0.5747412420382165,0,15,None,66,1,5,False,1000,1000
8771,101,degCent,10,0.5795183121019108,0,15,None,66,1,5,False,1000,1000
8772,102,degCent,10,0.5858877388535032,0,15,None,66,1,5,False,1000,1000
8773,103,degCent,10,0.5901671974522293,0,15,None,66,1,5,False,1000,1000
8774,104,degCent,10,0.595640923566879,0,15,None,66,1,5,False,1000,1000
8775,100,degCent,10,0.5869824840764332,0,10,None,66,1,5,False,1000,1000
8776,101,degCent,10,0.5959394904458599,0,10,None,66,1,5,False,1000,1000
8777,102,degCent,10,0.6048964968152867,0,10,None,66,1,5,False,1000,1000
8778,103,degCent,10,0.6160429936305732,0,10,None,66,1,5,False,1000,1000
8779,104,degCent,10,0.6252985668789809,0,10,None,66,1,5,False,1000,1000
8780,100,degCent,10,0.6357484076433121,0,13,None,66,1,5,False,1000,1000
8781,101,degCent,10,0.6315684713375797,0,13,None,66,1,5,False,1000,1000
8782,102,degCent,10,0.6293789808917197,0,13,None,66,1,5,False,1000,1000
8783,103,degCent,10,0.6272890127388535,0,13,None,66,1,5,False,1000,1000
8784,104,degCent,10,0.6265923566878981,0,13,None,66,1,5,False,1000,1000
8785,100,degCent,10,0.6583399681528662,0,25,None,66,1,5,False,1000,1000
8786,101,degCent,10,0.6518710191082803,0,25,None,66,1,5,False,1000,1000
8787,102,degCent,10,0.6515724522292994,0,25,None,66,1,5,False,1000,1000
8788,103,degCent,10,0.6522691082802548,0,25,None,66,1,5,False,1000,1000
8789,104,degCent,10,0.6525676751592356,0,25,None,66,1,5,False,1000,1000
8790,100,degCent,10,0.4624800955414013,0,11,None,66,1,5,False,1000,1000
8791,101,degCent,10,0.4309315286624204,0,11,None,66,1,5,False,1000,1000
8792,102,degCent,10,0.4107285031847134,0,11,None,66,1,5,False,1000,1000
8793,103,degCent,10,0.4011743630573248,0,11,None,66,1,5,False,1000,1000
8794,104,degCent,10,0.3955015923566879,0,11,None,66,1,5,False,1000,1000
8795,100,degCent,10,0.629578025477707,0,17,None,66,1,5,False,1000,1000
8796,101,degCent,10,0.6092754777070064,0,17,None,66,1,5,False,1000,1000
8797,102,degCent,10,0.6088773885350318,0,17,None,66,1,5,False,1000,1000
8798,103,degCent,10,0.6116640127388535,0,17,None,66,1,5,False,1000,1000
8799,104,degCent,10,0.6148487261146497,0,17,None,66,1,5,False,1000,1000
8800,100,degCent,10,0.606687898089172,0,24,None,66,1,5,False,1000,1000
8801,101,degCent,10,0.6135549363057324,0,24,None,66,1,5,False,1000,1000
8802,102,degCent,10,0.6195262738853503,0,24,None,66,1,5,False,1000,1000
8803,103,degCent,10,0.6243033439490446,0,24,None,66,1,5,False,1000,1000
8804,104,degCent,10,0.6280851910828026,0,24,None,66,1,5,False,1000,1000
8805,100,degCent,10,0.5912619426751592,0,8,None,66,1,5,False,1000,1000
8806,101,degCent,10,0.6017117834394905,0,8,None,66,1,5,False,1000,1000
8807,102,degCent,10,0.607484076433121,0,8,None,66,1,5,False,1000,1000
8808,103,degCent,10,0.6137539808917197,0,8,None,66,1,5,False,1000,1000
8809,104,degCent,10,0.620421974522293,0,8,None,66,1,5,False,1000,1000
8810,100,degCent,10,0.5769307324840764,0,18,None,66,1,5,False,1000,1000
8811,101,degCent,10,0.5609076433121019,0,18,None,66,1,5,False,1000,1000
8812,102,degCent,10,0.5608081210191083,0,18,None,66,1,5,False,1000,1000
8813,103,degCent,10,0.5618033439490446,0,18,None,66,1,5,False,1000,1000
8814,104,degCent,10,0.5625,0,18,None,66,1,5,False,1000,1000
8815,100,degCent,10,0.6353503184713376,0,31,None,66,1,5,False,1000,1000
8816,101,degCent,10,0.63953025477707,0,31,None,66,1,5,False,1000,1000
8817,102,degCent,10,0.6431130573248408,0,31,None,66,1,5,False,1000,1000
8818,103,degCent,10,0.6474920382165605,0,31,None,66,1,5,False,1000,1000
8819,104,degCent,10,0.6508757961783439,0,31,None,66,1,5,False,1000,1000
8820,100,degCent,10,0.6300756369426752,0,19,None,66,1,5,False,1000,1000
8821,101,degCent,10,0.6340565286624203,0,19,None,66,1,5,False,1000,1000
8822,102,degCent,10,0.6358479299363057,0,19,None,66,1,5,False,1000,1000
8823,103,degCent,10,0.6377388535031847,0,19,None,66,1,5,False,1000,1000
8824,104,degCent,10,0.6399283439490446,0,19,None,66,1,5,False,1000,1000
8825,100,degCent,10,0.5958399681528662,0,5,None,66,1,5,False,1000,1000
8826,101,degCent,10,0.6059912420382165,0,5,None,66,1,5,False,1000,1000
8827,102,degCent,10,0.6170382165605095,0,5,None,66,1,5,False,1000,1000
8828,103,degCent,10,0.6273885350318471,0,5,None,66,1,5,False,1000,1000
8829,104,degCent,10,0.6348527070063694,0,5,None,66,1,5,False,1000,1000
8830,100,degCent,10,0.6135549363057324,0,9,None,66,1,5,False,1000,1000
8831,101,degCent,10,0.6219148089171974,0,9,None,66,1,5,False,1000,1000
8832,102,degCent,10,0.6303742038216561,0,9,None,66,1,5,False,1000,1000
8833,103,degCent,10,0.6398288216560509,0,9,None,66,1,5,False,1000,1000
8834,104,degCent,10,0.6474920382165605,0,9,None,66,1,5,False,1000,1000
8835,100,degCent,10,0.6422173566878981,0,14,None,66,1,5,False,1000,1000
8836,101,degCent,10,0.6437101910828026,0,14,None,66,1,5,False,1000,1000
8837,102,degCent,10,0.6448049363057324,0,14,None,66,1,5,False,1000,1000
8838,103,degCent,10,0.6465963375796179,0,14,None,66,1,5,False,1000,1000
8839,104,degCent,10,0.6484872611464968,0,14,None,66,1,5,False,1000,1000
8840,100,degCent,10,0.6094745222929936,0,22,None,66,1,5,False,1000,1000
8841,101,degCent,10,0.6132563694267515,0,22,None,66,1,5,False,1000,1000
8842,102,degCent,10,0.6160429936305732,0,22,None,66,1,5,False,1000,1000
8843,103,degCent,10,0.6191281847133758,0,22,None,66,1,5,False,1000,1000
8844,104,degCent,10,0.6200238853503185,0,22,None,66,1,5,False,1000,1000
8845,100,degCent,10,0.587281050955414,0,26,None,66,1,5,False,1000,1000
8846,101,degCent,10,0.5876791401273885,0,26,None,66,1,5,False,1000,1000
8847,102,degCent,10,0.5894705414012739,0,26,None,66,1,5,False,1000,1000
8848,103,degCent,10,0.5906648089171974,0,26,None,66,1,5,False,1000,1000
8849,104,degCent,10,0.591859076433121,0,26,None,66,1,5,False,1000,1000
8850,100,degCent,10,0.6031050955414012,0,12,None,66,1,5,False,1000,1000
8851,101,degCent,10,0.6144506369426752,0,12,None,66,1,5,False,1000,1000
8852,102,degCent,10,0.622312898089172,0,12,None,66,1,5,False,1000,1000
8853,103,degCent,10,0.6280851910828026,0,12,None,66,1,5,False,1000,1000
8854,104,degCent,10,0.6376393312101911,0,12,None,66,1,5,False,1000,1000
8855,100,degCent,10,0.596437101910828,0,27,None,66,1,5,False,1000,1000
8856,101,degCent,10,0.6018113057324841,0,27,None,66,1,5,False,1000,1000
8857,102,degCent,10,0.6048964968152867,0,27,None,66,1,5,False,1000,1000
8858,103,degCent,10,0.6084792993630573,0,27,None,66,1,5,False,1000,1000
8859,104,degCent,10,0.612062101910828,0,27,None,66,1,5,False,1000,1000
8860,100,degCent,10,0.623109076433121,0,30,None,66,1,5,False,1000,1000
8861,101,degCent,10,0.6196257961783439,0,30,None,66,1,5,False,1000,1000
8862,102,degCent,10,0.6205214968152867,0,30,None,66,1,5,False,1000,1000
8863,103,degCent,10,0.6217157643312102,0,30,None,66,1,5,False,1000,1000
8864,104,degCent,10,0.6227109872611465,0,30,None,66,1,5,False,1000,1000
8865,100,degCent,10,0.6257961783439491,0,1,None,66,1,5,False,1000,1000
8866,101,degCent,10,0.628781847133758,0,1,None,66,1,5,False,1000,1000
8867,102,degCent,10,0.6300756369426752,0,1,None,66,1,5,False,1000,1000
8868,103,degCent,10,0.6309713375796179,0,1,None,66,1,5,False,1000,1000
8869,104,degCent,10,0.6331608280254777,0,1,None,66,1,5,False,1000,1000
8870,100,degCent,10,0.6187300955414012,0,0,None,66,1,5,False,1000,1000
8871,101,degCent,10,0.6197253184713376,0,0,None,66,1,5,False,1000,1000
8872,102,degCent,10,0.621218152866242,0,0,None,66,1,5,False,1000,1000
8873,103,degCent,10,0.6230095541401274,0,0,None,66,1,5,False,1000,1000
8874,104,degCent,10,0.6241042993630573,0,0,None,66,1,5,False,1000,1000
8875,100,degCent,10,0.602906050955414,0,7,None,66,1,5,False,1000,1000
8876,101,degCent,10,0.6025079617834395,0,7,None,66,1,5,False,1000,1000
8877,102,degCent,10,0.6056926751592356,0,7,None,66,1,5,False,1000,1000
8878,103,degCent,10,0.6099721337579618,0,7,None,66,1,5,False,1000,1000
8879,104,degCent,10,0.6129578025477707,0,7,None,66,1,5,False,1000,1000
8880,100,degCent,10,0.5999203821656051,0,6,None,66,1,5,False,1000,1000
8881,101,degCent,10,0.6008160828025477,0,6,None,66,1,5,False,1000,1000
8882,102,degCent,10,0.6041003184713376,0,6,None,66,1,5,False,1000,1000
8883,103,degCent,10,0.6072850318471338,0,6,None,66,1,5,False,1000,1000
8884,104,degCent,10,0.6102707006369427,0,6,None,66,1,5,False,1000,1000
8885,100,degCent,10,0.6521695859872612,0,16,None,66,1,5,False,1000,1000
8886,101,degCent,10,0.6587380573248408,0,16,None,66,1,5,False,1000,1000
8887,102,degCent,10,0.6647093949044586,0,16,None,66,1,5,False,1000,1000
8888,103,degCent,10,0.6687898089171974,0,16,None,66,1,5,False,1000,1000
8889,104,degCent,10,0.6736664012738853,0,16,None,66,1,5,False,1000,1000
8890,100,degCent,10,0.6033041401273885,0,32,None,66,1,5,False,1000,1000
8891,101,degCent,10,0.6043988853503185,0,32,None,66,1,5,False,1000,1000
8892,102,degCent,10,0.6073845541401274,0,32,None,66,1,5,False,1000,1000
8893,103,degCent,10,0.6109673566878981,0,32,None,66,1,5,False,1000,1000
8894,104,degCent,10,0.6142515923566879,0,32,None,66,1,5,False,1000,1000
8895,100,degCent,10,0.6458001592356688,0,4,None,66,1,5,False,1000,1000
8896,101,degCent,10,0.6400278662420382,0,4,None,66,1,5,False,1000,1000
8897,102,degCent,10,0.64171974522293,0,4,None,66,1,5,False,1000,1000
8898,103,degCent,10,0.6423168789808917,0,4,None,66,1,5,False,1000,1000
8899,104,degCent,10,0.6440087579617835,0,4,None,66,1,5,False,1000,1000
8900,100,degCent,10,0.4699442675159235,0,3,None,66,1,5,False,1000,1000
8901,101,degCent,10,0.4383957006369426,0,3,None,66,1,5,False,1000,1000
8902,102,degCent,10,0.4167993630573248,0,3,None,66,1,5,False,1000,1000
8903,103,degCent,10,0.4026671974522293,0,3,None,66,1,5,False,1000,1000
8904,104,degCent,10,0.3911226114649681,0,3,None,66,1,5,False,1000,1000
8905,100,degCent,10,0.4953224522292994,0,20,None,66,1,5,False,1000,1000
8906,101,degCent,10,0.5474721337579618,0,20,None,66,1,5,False,1000,1000
8907,102,degCent,10,0.5711584394904459,0,20,None,66,1,5,False,1000,1000
8908,103,degCent,10,0.5710589171974523,0,20,None,66,1,5,False,1000,1000
8909,104,degCent,10,0.5619028662420382,0,20,None,66,1,5,False,1000,1000
12375,105,degCent,10,0.629578025477707,0,1,None,66,1,5,False,1000,1000
12376,106,degCent,10,0.6308718152866242,0,1,None,66,1,5,False,1000,1000
12377,107,degCent,10,0.632265127388535,0,1,None,66,1,5,False,1000,1000
12378,108,degCent,10,0.6344546178343949,0,1,None,66,1,5,False,1000,1000
12379,109,degCent,10,0.6364450636942676,0,1,None,66,1,5,False,1000,1000
12380,105,degCent,10,0.5851910828025477,0,2,None,66,1,5,False,1000,1000
12381,106,degCent,10,0.6165406050955414,0,2,None,66,1,5,False,1000,1000
12382,107,degCent,10,0.622312898089172,0,2,None,66,1,5,False,1000,1000
12383,108,degCent,10,0.5989251592356688,0,2,None,66,1,5,False,1000,1000
12384,109,degCent,10,0.5832006369426752,0,2,None,66,1,5,False,1000,1000
12385,105,degCent,10,0.6119625796178344,0,5,None,66,1,5,False,1000,1000
12386,106,degCent,10,0.6214171974522293,0,5,None,66,1,5,False,1000,1000
12387,107,degCent,10,0.6321656050955414,0,5,None,66,1,5,False,1000,1000
12388,108,degCent,10,0.6386345541401274,0,5,None,66,1,5,False,1000,1000
12389,109,degCent,10,0.6455015923566879,0,5,None,66,1,5,False,1000,1000
12390,105,degCent,10,0.5881767515923567,0,15,None,66,1,5,False,1000,1000
12391,106,degCent,10,0.591859076433121,0,15,None,66,1,5,False,1000,1000
12392,107,degCent,10,0.5959394904458599,0,15,None,66,1,5,False,1000,1000
12393,108,degCent,10,0.5995222929936306,0,15,None,66,1,5,False,1000,1000
12394,109,degCent,10,0.6027070063694268,0,15,None,66,1,5,False,1000,1000
12395,105,degCent,10,0.59265525477707,0,10,None,66,1,5,False,1000,1000
12396,106,degCent,10,0.601015127388535,0,10,None,66,1,5,False,1000,1000
12397,107,degCent,10,0.6116640127388535,0,10,None,66,1,5,False,1000,1000
12398,108,degCent,10,0.6215167197452229,0,10,None,66,1,5,False,1000,1000
12399,109,degCent,10,0.6296775477707006,0,10,None,66,1,5,False,1000,1000
12400,105,degCent,10,0.6397292993630573,0,16,None,66,1,5,False,1000,1000
12401,106,degCent,10,0.6500796178343949,0,16,None,66,1,5,False,1000,1000
12402,107,degCent,10,0.65625,0,16,None,66,1,5,False,1000,1000
12403,108,degCent,10,0.6631170382165605,0,16,None,66,1,5,False,1000,1000
12404,109,degCent,10,0.6686902866242038,0,16,None,66,1,5,False,1000,1000
12405,105,degCent,10,0.4560111464968153,0,11,None,66,1,5,False,1000,1000
12406,106,degCent,10,0.4306329617834395,0,11,None,66,1,5,False,1000,1000
12407,107,degCent,10,0.4128184713375796,0,11,None,66,1,5,False,1000,1000
12408,108,degCent,10,0.4028662420382166,0,11,None,66,1,5,False,1000,1000
12409,109,degCent,10,0.3958001592356688,0,11,None,66,1,5,False,1000,1000
12410,105,degCent,10,0.4891520700636942,0,20,None,66,1,5,False,1000,1000
12411,106,degCent,10,0.5527468152866242,0,20,None,66,1,5,False,1000,1000
12412,107,degCent,10,0.5734474522292994,0,20,None,66,1,5,False,1000,1000
12413,108,degCent,10,0.5728503184713376,0,20,None,66,1,5,False,1000,1000
12414,109,degCent,10,0.5654856687898089,0,20,None,66,1,5,False,1000,1000
12415,105,degCent,10,0.5972332802547771,0,8,None,66,1,5,False,1000,1000
12416,106,degCent,10,0.6048964968152867,0,8,None,66,1,5,False,1000,1000
12417,107,degCent,10,0.6114649681528662,0,8,None,66,1,5,False,1000,1000
12418,108,degCent,10,0.6178343949044586,0,8,None,66,1,5,False,1000,1000
12419,109,degCent,10,0.6237062101910829,0,8,None,66,1,5,False,1000,1000
12420,105,degCent,10,0.634952229299363,0,19,None,66,1,5,False,1000,1000
12421,106,degCent,10,0.6374402866242038,0,19,None,66,1,5,False,1000,1000
12422,107,degCent,10,0.6386345541401274,0,19,None,66,1,5,False,1000,1000
12423,108,degCent,10,0.6410230891719745,0,19,None,66,1,5,False,1000,1000
12424,109,degCent,10,0.6440087579617835,0,19,None,66,1,5,False,1000,1000
12425,105,degCent,10,0.6127587579617835,0,23,None,66,1,5,False,1000,1000
12426,106,degCent,10,0.6146496815286624,0,23,None,66,1,5,False,1000,1000
12427,107,degCent,10,0.6180334394904459,0,23,None,66,1,5,False,1000,1000
12428,108,degCent,10,0.6203224522292994,0,23,None,66,1,5,False,1000,1000
12429,109,degCent,10,0.6227109872611465,0,23,None,66,1,5,False,1000,1000
12430,105,degCent,10,0.6367436305732485,0,17,None,66,1,5,False,1000,1000
12431,106,degCent,10,0.622312898089172,0,17,None,66,1,5,False,1000,1000
12432,107,degCent,10,0.6242038216560509,0,17,None,66,1,5,False,1000,1000
12433,108,degCent,10,0.6271894904458599,0,17,None,66,1,5,False,1000,1000
12434,109,degCent,10,0.6300756369426752,0,17,None,66,1,5,False,1000,1000
12435,105,degCent,10,0.6094745222929936,0,21,None,66,1,5,False,1000,1000
12436,106,degCent,10,0.6069864649681529,0,21,None,66,1,5,False,1000,1000
12437,107,degCent,10,0.6051950636942676,0,21,None,66,1,5,False,1000,1000
12438,108,degCent,10,0.6050955414012739,0,21,None,66,1,5,False,1000,1000
12439,109,degCent,10,0.6045979299363057,0,21,None,66,1,5,False,1000,1000
12440,105,degCent,10,0.6206210191082803,0,24,None,66,1,5,False,1000,1000
12441,106,degCent,10,0.6258957006369427,0,24,None,66,1,5,False,1000,1000
12442,107,degCent,10,0.6286823248407644,0,24,None,66,1,5,False,1000,1000
12443,108,degCent,10,0.6326632165605095,0,24,None,66,1,5,False,1000,1000
12444,109,degCent,10,0.6361464968152867,0,24,None,66,1,5,False,1000,1000
12445,105,degCent,10,0.5862858280254777,0,28,None,66,1,5,False,1000,1000
12446,106,degCent,10,0.5894705414012739,0,28,None,66,1,5,False,1000,1000
12447,107,degCent,10,0.5930533439490446,0,28,None,66,1,5,False,1000,1000
12448,108,degCent,10,0.5957404458598726,0,28,None,66,1,5,False,1000,1000
12449,109,degCent,10,0.597531847133758,0,28,None,66,1,5,False,1000,1000
12450,105,degCent,10,0.5980294585987261,0,29,None,66,1,5,False,1000,1000
12451,106,degCent,10,0.599422770700637,0,29,None,66,1,5,False,1000,1000
12452,107,degCent,10,0.6006170382165605,0,29,None,66,1,5,False,1000,1000
12453,108,degCent,10,0.602109872611465,0,29,None,66,1,5,False,1000,1000
12454,109,degCent,10,0.6033041401273885,0,29,None,66,1,5,False,1000,1000
12455,105,degCent,10,0.6245023885350318,0,0,None,66,1,5,False,1000,1000
12456,106,degCent,10,0.6243033439490446,0,0,None,66,1,5,False,1000,1000
12457,107,degCent,10,0.6261942675159236,0,0,None,66,1,5,False,1000,1000
12458,108,degCent,10,0.627687101910828,0,0,None,66,1,5,False,1000,1000
12459,109,degCent,10,0.6282842356687898,0,0,None,66,1,5,False,1000,1000
12460,105,degCent,10,0.5991242038216561,0,27,None,66,1,5,False,1000,1000
12461,106,degCent,10,0.6039012738853503,0,27,None,66,1,5,False,1000,1000
12462,107,degCent,10,0.6063893312101911,0,27,None,66,1,5,False,1000,1000
12463,108,degCent,10,0.6098726114649682,0,27,None,66,1,5,False,1000,1000
12464,109,degCent,10,0.6135549363057324,0,27,None,66,1,5,False,1000,1000
12465,105,degCent,10,0.6321656050955414,0,30,None,66,1,5,False,1000,1000
12466,106,degCent,10,0.6278861464968153,0,30,None,66,1,5,False,1000,1000
12467,107,degCent,10,0.6288813694267515,0,30,None,66,1,5,False,1000,1000
12468,108,degCent,10,0.6292794585987261,0,30,None,66,1,5,False,1000,1000
12469,109,degCent,10,0.6292794585987261,0,30,None,66,1,5,False,1000,1000
12470,105,degCent,10,0.6459992038216561,0,31,None,66,1,5,False,1000,1000
12471,106,degCent,10,0.6492834394904459,0,31,None,66,1,5,False,1000,1000
12472,107,degCent,10,0.6525676751592356,0,31,None,66,1,5,False,1000,1000
12473,108,degCent,10,0.6546576433121019,0,31,None,66,1,5,False,1000,1000
12474,109,degCent,10,0.6587380573248408,0,31,None,66,1,5,False,1000,1000
12475,105,degCent,10,0.5733479299363057,0,18,None,66,1,5,False,1000,1000
12476,106,degCent,10,0.5657842356687898,0,18,None,66,1,5,False,1000,1000
12477,107,degCent,10,0.5658837579617835,0,18,None,66,1,5,False,1000,1000
12478,108,degCent,10,0.5672770700636943,0,18,None,66,1,5,False,1000,1000
12479,109,degCent,10,0.5686703821656051,0,18,None,66,1,5,False,1000,1000
12480,105,degCent,10,0.6459992038216561,0,14,None,66,1,5,False,1000,1000
12481,106,degCent,10,0.6466958598726115,0,14,None,66,1,5,False,1000,1000
12482,107,degCent,10,0.6482882165605095,0,14,None,66,1,5,False,1000,1000
12483,108,degCent,10,0.6503781847133758,0,14,None,66,1,5,False,1000,1000
12484,109,degCent,10,0.6529657643312102,0,14,None,66,1,5,False,1000,1000
12485,105,degCent,10,0.6156449044585988,0,9,None,66,1,5,False,1000,1000
12486,106,degCent,10,0.6248009554140127,0,9,None,66,1,5,False,1000,1000
12487,107,degCent,10,0.6338574840764332,0,9,None,66,1,5,False,1000,1000
12488,108,degCent,10,0.6418192675159236,0,9,None,66,1,5,False,1000,1000
12489,109,degCent,10,0.6499800955414012,0,9,None,66,1,5,False,1000,1000
12490,105,degCent,10,0.6136544585987261,0,22,None,66,1,5,False,1000,1000
12491,106,degCent,10,0.6172372611464968,0,22,None,66,1,5,False,1000,1000
12492,107,degCent,10,0.6197253184713376,0,22,None,66,1,5,False,1000,1000
12493,108,degCent,10,0.622312898089172,0,22,None,66,1,5,False,1000,1000
12494,109,degCent,10,0.6241042993630573,0,22,None,66,1,5,False,1000,1000
12495,105,degCent,10,0.6081807324840764,0,6,None,66,1,5,False,1000,1000
12496,106,degCent,10,0.6100716560509554,0,6,None,66,1,5,False,1000,1000
12497,107,degCent,10,0.6134554140127388,0,6,None,66,1,5,False,1000,1000
12498,108,degCent,10,0.615843949044586,0,6,None,66,1,5,False,1000,1000
12499,109,degCent,10,0.6169386942675159,0,6,None,66,1,5,False,1000,1000
12500,105,degCent,10,0.4499402866242038,0,3,None,66,1,5,False,1000,1000
12501,106,degCent,10,0.4276472929936306,0,3,None,66,1,5,False,1000,1000
12502,107,degCent,10,0.4099323248407643,0,3,None,66,1,5,False,1000,1000
12503,108,degCent,10,0.3982882165605095,0,3,None,66,1,5,False,1000,1000
12504,109,degCent,10,0.3898288216560509,0,3,None,66,1,5,False,1000,1000
12505,105,degCent,10,0.6137539808917197,0,12,None,66,1,5,False,1000,1000
12506,106,degCent,10,0.6226114649681529,0,12,None,66,1,5,False,1000,1000
12507,107,degCent,10,0.6289808917197452,0,12,None,66,1,5,False,1000,1000
12508,108,degCent,10,0.637937898089172,0,12,None,66,1,5,False,1000,1000
12509,109,degCent,10,0.6447054140127388,0,12,None,66,1,5,False,1000,1000
12510,105,degCent,10,0.6393312101910829,0,13,None,66,1,5,False,1000,1000
12511,106,degCent,10,0.6381369426751592,0,13,None,66,1,5,False,1000,1000
12512,107,degCent,10,0.6374402866242038,0,13,None,66,1,5,False,1000,1000
12513,108,degCent,10,0.6356488853503185,0,13,None,66,1,5,False,1000,1000
12514,109,degCent,10,0.6350517515923567,0,13,None,66,1,5,False,1000,1000
12515,105,degCent,10,0.669187898089172,0,25,None,66,1,5,False,1000,1000
12516,106,degCent,10,0.6692874203821656,0,25,None,66,1,5,False,1000,1000
12517,107,degCent,10,0.6697850318471338,0,25,None,66,1,5,False,1000,1000
12518,108,degCent,10,0.6698845541401274,0,25,None,66,1,5,False,1000,1000
12519,109,degCent,10,0.6706807324840764,0,25,None,66,1,5,False,1000,1000
12520,105,degCent,10,0.5914609872611465,0,26,None,66,1,5,False,1000,1000
12521,106,degCent,10,0.5920581210191083,0,26,None,66,1,5,False,1000,1000
12522,107,degCent,10,0.59265525477707,0,26,None,66,1,5,False,1000,1000
12523,108,degCent,10,0.5946457006369427,0,26,None,66,1,5,False,1000,1000
12524,109,degCent,10,0.5966361464968153,0,26,None,66,1,5,False,1000,1000
12525,110,degCent,10,0.6259952229299363,0,24,None,66,1,5,False,1000,1000
12526,111,degCent,10,0.6290804140127388,0,24,None,66,1,5,False,1000,1000
12527,112,degCent,10,0.6332603503184714,0,24,None,66,1,5,False,1000,1000
12528,113,degCent,10,0.6362460191082803,0,24,None,66,1,5,False,1000,1000
12529,114,degCent,10,0.6388335987261147,0,24,None,66,1,5,False,1000,1000
12530,110,degCent,10,0.6390326433121019,0,31,None,66,1,5,False,1000,1000
12531,111,degCent,10,0.6437101910828026,0,31,None,66,1,5,False,1000,1000
12532,112,degCent,10,0.6476910828025477,0,31,None,66,1,5,False,1000,1000
12533,113,degCent,10,0.6508757961783439,0,31,None,66,1,5,False,1000,1000
12534,114,degCent,10,0.6541600318471338,0,31,None,66,1,5,False,1000,1000
12535,110,degCent,10,0.6446058917197452,0,25,None,66,1,5,False,1000,1000
12536,111,degCent,10,0.6388335987261147,0,25,None,66,1,5,False,1000,1000
12537,112,degCent,10,0.6382364649681529,0,25,None,66,1,5,False,1000,1000
12538,113,degCent,10,0.6390326433121019,0,25,None,66,1,5,False,1000,1000
12539,114,degCent,10,0.6396297770700637,0,25,None,66,1,5,False,1000,1000
12540,105,degCent,10,0.6109673566878981,0,7,None,66,1,5,False,1000,1000
12541,106,degCent,10,0.6124601910828026,0,7,None,66,1,5,False,1000,1000
12542,107,degCent,10,0.6148487261146497,0,7,None,66,1,5,False,1000,1000
12543,108,degCent,10,0.6172372611464968,0,7,None,66,1,5,False,1000,1000
12544,109,degCent,10,0.6191281847133758,0,7,None,66,1,5,False,1000,1000
12545,105,degCent,10,0.6487858280254777,0,4,None,66,1,5,False,1000,1000
12546,106,degCent,10,0.6439092356687898,0,4,None,66,1,5,False,1000,1000
12547,107,degCent,10,0.644406847133758,0,4,None,66,1,5,False,1000,1000
12548,108,degCent,10,0.6450039808917197,0,4,None,66,1,5,False,1000,1000
12549,109,degCent,10,0.6464968152866242,0,4,None,66,1,5,False,1000,1000
12550,105,degCent,10,0.6124601910828026,0,32,None,66,1,5,False,1000,1000
12551,106,degCent,10,0.6140525477707006,0,32,None,66,1,5,False,1000,1000
12552,107,degCent,10,0.6175358280254777,0,32,None,66,1,5,False,1000,1000
12553,108,degCent,10,0.6202229299363057,0,32,None,66,1,5,False,1000,1000
12554,109,degCent,10,0.622312898089172,0,32,None,66,1,5,False,1000,1000
12555,110,degCent,10,0.6338574840764332,0,1,None,66,1,5,False,1000,1000
12556,111,degCent,10,0.6345541401273885,0,1,None,66,1,5,False,1000,1000
12557,112,degCent,10,0.6363455414012739,0,1,None,66,1,5,False,1000,1000
12558,113,degCent,10,0.6384355095541401,0,1,None,66,1,5,False,1000,1000
12559,114,degCent,10,0.6377388535031847,0,1,None,66,1,5,False,1000,1000
12560,110,degCent,10,0.6741640127388535,0,13,None,66,1,5,False,1000,1000
12561,111,degCent,10,0.6738654458598726,0,13,None,66,1,5,False,1000,1000
12562,112,degCent,10,0.6567476114649682,0,13,None,66,1,5,False,1000,1000
12563,113,degCent,10,0.6482882165605095,0,13,None,66,1,5,False,1000,1000
12564,114,degCent,10,0.6442078025477707,0,13,None,66,1,5,False,1000,1000
12565,110,degCent,10,0.6124601910828026,0,21,None,66,1,5,False,1000,1000
12566,111,degCent,10,0.6108678343949044,0,21,None,66,1,5,False,1000,1000
12567,112,degCent,10,0.6096735668789809,0,21,None,66,1,5,False,1000,1000
12568,113,degCent,10,0.6088773885350318,0,21,None,66,1,5,False,1000,1000
12569,114,degCent,10,0.6077826433121019,0,21,None,66,1,5,False,1000,1000
12570,110,degCent,10,0.6000199044585988,0,27,None,66,1,5,False,1000,1000
12571,111,degCent,10,0.6041998407643312,0,27,None,66,1,5,False,1000,1000
12572,112,degCent,10,0.607484076433121,0,27,None,66,1,5,False,1000,1000
12573,113,degCent,10,0.6102707006369427,0,27,None,66,1,5,False,1000,1000
12574,114,degCent,10,0.6144506369426752,0,27,None,66,1,5,False,1000,1000
12575,110,degCent,10,0.6015127388535032,0,29,None,66,1,5,False,1000,1000
12576,111,degCent,10,0.6034036624203821,0,29,None,66,1,5,False,1000,1000
12577,112,degCent,10,0.6039012738853503,0,29,None,66,1,5,False,1000,1000
12578,113,degCent,10,0.6043988853503185,0,29,None,66,1,5,False,1000,1000
12579,114,degCent,10,0.6050955414012739,0,29,None,66,1,5,False,1000,1000
12580,110,degCent,10,0.5894705414012739,0,2,None,66,1,5,False,1000,1000
12581,111,degCent,10,0.6261942675159236,0,2,None,66,1,5,False,1000,1000
12582,112,degCent,10,0.629578025477707,0,2,None,66,1,5,False,1000,1000
12583,113,degCent,10,0.6058917197452229,0,2,None,66,1,5,False,1000,1000
12584,114,degCent,10,0.5909633757961783,0,2,None,66,1,5,False,1000,1000
12585,110,degCent,10,0.6422173566878981,0,17,None,66,1,5,False,1000,1000
12586,111,degCent,10,0.6320660828025477,0,17,None,66,1,5,False,1000,1000
12587,112,degCent,10,0.6332603503184714,0,17,None,66,1,5,False,1000,1000
12588,113,degCent,10,0.634952229299363,0,17,None,66,1,5,False,1000,1000
12589,114,degCent,10,0.6372412420382165,0,17,None,66,1,5,False,1000,1000
12590,110,degCent,10,0.6175358280254777,0,9,None,66,1,5,False,1000,1000
12591,111,degCent,10,0.626890923566879,0,9,None,66,1,5,False,1000,1000
12592,112,degCent,10,0.6364450636942676,0,9,None,66,1,5,False,1000,1000
12593,113,degCent,10,0.6431130573248408,0,9,None,66,1,5,False,1000,1000
12594,114,degCent,10,0.6520700636942676,0,9,None,66,1,5,False,1000,1000
12595,110,degCent,10,0.5887738853503185,0,28,None,66,1,5,False,1000,1000
12596,111,degCent,10,0.5924562101910829,0,28,None,66,1,5,False,1000,1000
12597,112,degCent,10,0.595640923566879,0,28,None,66,1,5,False,1000,1000
12598,113,degCent,10,0.5968351910828026,0,28,None,66,1,5,False,1000,1000
12599,114,degCent,10,0.5987261146496815,0,28,None,66,1,5,False,1000,1000
12600,110,degCent,10,0.6199243630573248,0,5,None,66,1,5,False,1000,1000
12601,111,degCent,10,0.6318670382165605,0,5,None,66,1,5,False,1000,1000
12602,112,degCent,10,0.637937898089172,0,5,None,66,1,5,False,1000,1000
12603,113,degCent,10,0.6448049363057324,0,5,None,66,1,5,False,1000,1000
12604,114,degCent,10,0.6490843949044586,0,5,None,66,1,5,False,1000,1000
12605,110,degCent,10,0.6189291401273885,0,12,None,66,1,5,False,1000,1000
12606,111,degCent,10,0.62609474522293,0,12,None,66,1,5,False,1000,1000
12607,112,degCent,10,0.6353503184713376,0,12,None,66,1,5,False,1000,1000
12608,113,degCent,10,0.6414211783439491,0,12,None,66,1,5,False,1000,1000
12609,114,degCent,10,0.6496815286624203,0,12,None,66,1,5,False,1000,1000
12610,110,degCent,10,0.5907643312101911,0,26,None,66,1,5,False,1000,1000
12611,111,degCent,10,0.5879777070063694,0,26,None,66,1,5,False,1000,1000
12612,112,degCent,10,0.5894705414012739,0,26,None,66,1,5,False,1000,1000
12613,113,degCent,10,0.5911624203821656,0,26,None,66,1,5,False,1000,1000
12614,114,degCent,10,0.5933519108280255,0,26,None,66,1,5,False,1000,1000
12615,110,degCent,10,0.6363455414012739,0,30,None,66,1,5,False,1000,1000
12616,111,degCent,10,0.6354498407643312,0,30,None,66,1,5,False,1000,1000
12617,112,degCent,10,0.6348527070063694,0,30,None,66,1,5,False,1000,1000
12618,113,degCent,10,0.6346536624203821,0,30,None,66,1,5,False,1000,1000
12619,114,degCent,10,0.6350517515923567,0,30,None,66,1,5,False,1000,1000
12620,110,degCent,10,0.5718550955414012,0,18,None,66,1,5,False,1000,1000
12621,111,degCent,10,0.5638933121019108,0,18,None,66,1,5,False,1000,1000
12622,112,degCent,10,0.5645899681528662,0,18,None,66,1,5,False,1000,1000
12623,113,degCent,10,0.5669785031847133,0,18,None,66,1,5,False,1000,1000
12624,114,degCent,10,0.5684713375796179,0,18,None,66,1,5,False,1000,1000
12625,110,degCent,10,0.6365445859872612,0,19,None,66,1,5,False,1000,1000
12626,111,degCent,10,0.6381369426751592,0,19,None,66,1,5,False,1000,1000
12627,112,degCent,10,0.6409235668789809,0,19,None,66,1,5,False,1000,1000
12628,113,degCent,10,0.6437101910828026,0,19,None,66,1,5,False,1000,1000
12629,114,degCent,10,0.6456011146496815,0,19,None,66,1,5,False,1000,1000
12630,110,degCent,10,0.6167396496815286,0,22,None,66,1,5,False,1000,1000
12631,111,degCent,10,0.6195262738853503,0,22,None,66,1,5,False,1000,1000
12632,112,degCent,10,0.622312898089172,0,22,None,66,1,5,False,1000,1000
12633,113,degCent,10,0.6244028662420382,0,22,None,66,1,5,False,1000,1000
12634,114,degCent,10,0.6271894904458599,0,22,None,66,1,5,False,1000,1000
12635,110,degCent,10,0.649781050955414,0,14,None,66,1,5,False,1000,1000
12636,111,degCent,10,0.6515724522292994,0,14,None,66,1,5,False,1000,1000
12637,112,degCent,10,0.6532643312101911,0,14,None,66,1,5,False,1000,1000
12638,113,degCent,10,0.6552547770700637,0,14,None,66,1,5,False,1000,1000
12639,114,degCent,10,0.6569466560509554,0,14,None,66,1,5,False,1000,1000
12640,110,degCent,10,0.5955414012738853,0,10,None,66,1,5,False,1000,1000
12641,111,degCent,10,0.6030055732484076,0,10,None,66,1,5,False,1000,1000
12642,112,degCent,10,0.6146496815286624,0,10,None,66,1,5,False,1000,1000
12643,113,degCent,10,0.6237062101910829,0,10,None,66,1,5,False,1000,1000
12644,114,degCent,10,0.6329617834394905,0,10,None,66,1,5,False,1000,1000
12645,110,degCent,10,0.4525278662420382,0,11,None,66,1,5,False,1000,1000
12646,111,degCent,10,0.4309315286624204,0,11,None,66,1,5,False,1000,1000
12647,112,degCent,10,0.414609872611465,0,11,None,66,1,5,False,1000,1000
12648,113,degCent,10,0.4030652866242038,0,11,None,66,1,5,False,1000,1000
12649,114,degCent,10,0.3966958598726114,0,11,None,66,1,5,False,1000,1000
12650,110,degCent,10,0.5942476114649682,0,15,None,66,1,5,False,1000,1000
12651,111,degCent,10,0.5976313694267515,0,15,None,66,1,5,False,1000,1000
12652,112,degCent,10,0.6008160828025477,0,15,None,66,1,5,False,1000,1000
12653,113,degCent,10,0.6036027070063694,0,15,None,66,1,5,False,1000,1000
12654,114,degCent,10,0.6069864649681529,0,15,None,66,1,5,False,1000,1000
12655,110,degCent,10,0.6163415605095541,0,6,None,66,1,5,False,1000,1000
12656,111,degCent,10,0.6196257961783439,0,6,None,66,1,5,False,1000,1000
12657,112,degCent,10,0.6215167197452229,0,6,None,66,1,5,False,1000,1000
12658,113,degCent,10,0.6237062101910829,0,6,None,66,1,5,False,1000,1000
12659,114,degCent,10,0.6265923566878981,0,6,None,66,1,5,False,1000,1000
12660,110,degCent,10,0.6191281847133758,0,32,None,66,1,5,False,1000,1000
12661,111,degCent,10,0.6214171974522293,0,32,None,66,1,5,False,1000,1000
12662,112,degCent,10,0.6230095541401274,0,32,None,66,1,5,False,1000,1000
12663,113,degCent,10,0.6251990445859873,0,32,None,66,1,5,False,1000,1000
12664,114,degCent,10,0.6277866242038217,0,32,None,66,1,5,False,1000,1000
12665,110,degCent,10,0.6189291401273885,0,7,None,66,1,5,False,1000,1000
12666,111,degCent,10,0.6198248407643312,0,7,None,66,1,5,False,1000,1000
12667,112,degCent,10,0.6209195859872612,0,7,None,66,1,5,False,1000,1000
12668,113,degCent,10,0.6230095541401274,0,7,None,66,1,5,False,1000,1000
12669,114,degCent,10,0.6249004777070064,0,7,None,66,1,5,False,1000,1000
12670,110,degCent,10,0.601015127388535,0,8,None,66,1,5,False,1000,1000
12671,111,degCent,10,0.6077826433121019,0,8,None,66,1,5,False,1000,1000
12672,112,degCent,10,0.6136544585987261,0,8,None,66,1,5,False,1000,1000
12673,113,degCent,10,0.6209195859872612,0,8,None,66,1,5,False,1000,1000
12674,114,degCent,10,0.6262937898089171,0,8,None,66,1,5,False,1000,1000
12675,110,degCent,10,0.6577428343949044,0,16,None,66,1,5,False,1000,1000
12676,111,degCent,10,0.6652070063694268,0,16,None,66,1,5,False,1000,1000
12677,112,degCent,10,0.6697850318471338,0,16,None,66,1,5,False,1000,1000
12678,113,degCent,10,0.674562101910828,0,16,None,66,1,5,False,1000,1000
12679,114,degCent,10,0.6789410828025477,0,16,None,66,1,5,False,1000,1000
12680,110,degCent,10,0.5236863057324841,0,20,None,66,1,5,False,1000,1000
12681,111,degCent,10,0.5715565286624203,0,20,None,66,1,5,False,1000,1000
12682,112,degCent,10,0.5747412420382165,0,20,None,66,1,5,False,1000,1000
12683,113,degCent,10,0.5728503184713376,0,20,None,66,1,5,False,1000,1000
12684,114,degCent,10,0.5646894904458599,0,20,None,66,1,5,False,1000,1000
12685,110,degCent,10,0.4613853503184713,0,3,None,66,1,5,False,1000,1000
12686,111,degCent,10,0.4376990445859872,0,3,None,66,1,5,False,1000,1000
12687,112,degCent,10,0.4208797770700637,0,3,None,66,1,5,False,1000,1000
12688,113,degCent,10,0.4084394904458598,0,3,None,66,1,5,False,1000,1000
12689,114,degCent,10,0.3983877388535032,0,3,None,66,1,5,False,1000,1000
12690,110,degCent,10,0.6518710191082803,0,4,None,66,1,5,False,1000,1000
12691,111,degCent,10,0.648984872611465,0,4,None,66,1,5,False,1000,1000
12692,112,degCent,10,0.6499800955414012,0,4,None,66,1,5,False,1000,1000
12693,113,degCent,10,0.6509753184713376,0,4,None,66,1,5,False,1000,1000
12694,114,degCent,10,0.6517714968152867,0,4,None,66,1,5,False,1000,1000
12695,110,degCent,10,0.6296775477707006,0,0,None,66,1,5,False,1000,1000
12696,111,degCent,10,0.6301751592356688,0,0,None,66,1,5,False,1000,1000
12697,112,degCent,10,0.6313694267515924,0,0,None,66,1,5,False,1000,1000
12698,113,degCent,10,0.6313694267515924,0,0,None,66,1,5,False,1000,1000
12699,114,degCent,10,0.6325636942675159,0,0,None,66,1,5,False,1000,1000
12700,110,degCent,10,0.617734872611465,0,23,None,66,1,5,False,1000,1000
12701,111,degCent,10,0.6190286624203821,0,23,None,66,1,5,False,1000,1000
12702,112,degCent,10,0.6228105095541401,0,23,None,66,1,5,False,1000,1000
12703,113,degCent,10,0.6246019108280255,0,23,None,66,1,5,False,1000,1000
12704,114,degCent,10,0.626890923566879,0,23,None,66,1,5,False,1000,1000
12705,115,degCent,10,0.6498805732484076,0,16,None,66,1,5,False,1000,1000
12706,116,degCent,10,0.6569466560509554,0,16,None,66,1,5,False,1000,1000
12707,117,degCent,10,0.6639132165605095,0,16,None,66,1,5,False,1000,1000
12708,118,degCent,10,0.6696855095541401,0,16,None,66,1,5,False,1000,1000
12709,119,degCent,10,0.6740644904458599,0,16,None,66,1,5,False,1000,1000
12710,115,degCent,10,0.6372412420382165,0,1,None,66,1,5,False,1000,1000
12711,116,degCent,10,0.6388335987261147,0,1,None,66,1,5,False,1000,1000
12712,117,degCent,10,0.6407245222929936,0,1,None,66,1,5,False,1000,1000
12713,118,degCent,10,0.6412221337579618,0,1,None,66,1,5,False,1000,1000
12714,119,degCent,10,0.6436106687898089,0,1,None,66,1,5,False,1000,1000
12715,115,degCent,10,0.5978304140127388,0,2,None,66,1,5,False,1000,1000
12716,116,degCent,10,0.6422173566878981,0,2,None,66,1,5,False,1000,1000
12717,117,degCent,10,0.6372412420382165,0,2,None,66,1,5,False,1000,1000
12718,118,degCent,10,0.6136544585987261,0,2,None,66,1,5,False,1000,1000
12719,119,degCent,10,0.5996218152866242,0,2,None,66,1,5,False,1000,1000
12720,115,degCent,10,0.6200238853503185,0,7,None,66,1,5,False,1000,1000
12721,116,degCent,10,0.6205214968152867,0,7,None,66,1,5,False,1000,1000
12722,117,degCent,10,0.6221138535031847,0,7,None,66,1,5,False,1000,1000
12723,118,degCent,10,0.6247014331210191,0,7,None,66,1,5,False,1000,1000
12724,119,degCent,10,0.6261942675159236,0,7,None,66,1,5,False,1000,1000
12725,115,degCent,10,0.6458996815286624,0,17,None,66,1,5,False,1000,1000
12726,116,degCent,10,0.6384355095541401,0,17,None,66,1,5,False,1000,1000
12727,117,degCent,10,0.6399283439490446,0,17,None,66,1,5,False,1000,1000
12728,118,degCent,10,0.6426154458598726,0,17,None,66,1,5,False,1000,1000
12729,119,degCent,10,0.6438097133757962,0,17,None,66,1,5,False,1000,1000
12730,115,degCent,10,0.5750398089171974,0,18,None,66,1,5,False,1000,1000
12731,116,degCent,10,0.5698646496815286,0,18,None,66,1,5,False,1000,1000
12732,117,degCent,10,0.5701632165605095,0,18,None,66,1,5,False,1000,1000
12733,118,degCent,10,0.5706608280254777,0,18,None,66,1,5,False,1000,1000
12734,119,degCent,10,0.5726512738853503,0,18,None,66,1,5,False,1000,1000
12735,115,degCent,10,0.5477707006369427,0,20,None,66,1,5,False,1000,1000
12736,116,degCent,10,0.5749402866242038,0,20,None,66,1,5,False,1000,1000
12737,117,degCent,10,0.5759355095541401,0,20,None,66,1,5,False,1000,1000
12738,118,degCent,10,0.5714570063694268,0,20,None,66,1,5,False,1000,1000
12739,119,degCent,10,0.5648885350318471,0,20,None,66,1,5,False,1000,1000
12740,115,degCent,10,0.6056926751592356,0,8,None,66,1,5,False,1000,1000
12741,116,degCent,10,0.6129578025477707,0,8,None,66,1,5,False,1000,1000
12742,117,degCent,10,0.6184315286624203,0,8,None,66,1,5,False,1000,1000
12743,118,degCent,10,0.625,0,8,None,66,1,5,False,1000,1000
12744,119,degCent,10,0.6296775477707006,0,8,None,66,1,5,False,1000,1000
12745,115,degCent,10,0.6228105095541401,0,22,None,66,1,5,False,1000,1000
12746,116,degCent,10,0.6246019108280255,0,22,None,66,1,5,False,1000,1000
12747,117,degCent,10,0.6282842356687898,0,22,None,66,1,5,False,1000,1000
12748,118,degCent,10,0.6316679936305732,0,22,None,66,1,5,False,1000,1000
12749,119,degCent,10,0.6313694267515924,0,22,None,66,1,5,False,1000,1000
12750,115,degCent,10,0.6245023885350318,0,23,None,66,1,5,False,1000,1000
12751,116,degCent,10,0.6262937898089171,0,23,None,66,1,5,False,1000,1000
12752,117,degCent,10,0.6279856687898089,0,23,None,66,1,5,False,1000,1000
12753,118,degCent,10,0.6299761146496815,0,23,None,66,1,5,False,1000,1000
12754,119,degCent,10,0.6315684713375797,0,23,None,66,1,5,False,1000,1000
12755,115,degCent,10,0.6307722929936306,0,32,None,66,1,5,False,1000,1000
12756,116,degCent,10,0.6316679936305732,0,32,None,66,1,5,False,1000,1000
12757,117,degCent,10,0.6334593949044586,0,32,None,66,1,5,False,1000,1000
12758,118,degCent,10,0.6366441082802548,0,32,None,66,1,5,False,1000,1000
12759,119,degCent,10,0.6381369426751592,0,32,None,66,1,5,False,1000,1000
12760,115,degCent,10,0.6324641719745223,0,5,None,66,1,5,False,1000,1000
12761,116,degCent,10,0.6393312101910829,0,5,None,66,1,5,False,1000,1000
12762,117,degCent,10,0.6456011146496815,0,5,None,66,1,5,False,1000,1000
12763,118,degCent,10,0.6491839171974523,0,5,None,66,1,5,False,1000,1000
12764,119,degCent,10,0.6532643312101911,0,5,None,66,1,5,False,1000,1000
12765,115,degCent,10,0.6475915605095541,0,19,None,66,1,5,False,1000,1000
12766,116,degCent,10,0.6487858280254777,0,19,None,66,1,5,False,1000,1000
12767,117,degCent,10,0.649781050955414,0,19,None,66,1,5,False,1000,1000
12768,118,degCent,10,0.651671974522293,0,19,None,66,1,5,False,1000,1000
12769,119,degCent,10,0.6532643312101911,0,19,None,66,1,5,False,1000,1000
12770,115,degCent,10,0.6142515923566879,0,21,None,66,1,5,False,1000,1000
12771,116,degCent,10,0.6138535031847133,0,21,None,66,1,5,False,1000,1000
12772,117,degCent,10,0.6133558917197452,0,21,None,66,1,5,False,1000,1000
12773,118,degCent,10,0.6130573248407644,0,21,None,66,1,5,False,1000,1000
12774,119,degCent,10,0.6123606687898089,0,21,None,66,1,5,False,1000,1000
12775,115,degCent,10,0.6383359872611465,0,14,None,66,1,5,False,1000,1000
12776,116,degCent,10,0.6407245222929936,0,14,None,66,1,5,False,1000,1000
12777,117,degCent,10,0.6429140127388535,0,14,None,66,1,5,False,1000,1000
12778,118,degCent,10,0.6440087579617835,0,14,None,66,1,5,False,1000,1000
12779,119,degCent,10,0.646297770700637,0,14,None,66,1,5,False,1000,1000
12780,115,degCent,10,0.5925557324840764,0,28,None,66,1,5,False,1000,1000
12781,116,degCent,10,0.595640923566879,0,28,None,66,1,5,False,1000,1000
12782,117,degCent,10,0.5968351910828026,0,28,None,66,1,5,False,1000,1000
12783,118,degCent,10,0.5992237261146497,0,28,None,66,1,5,False,1000,1000
12784,119,degCent,10,0.6004179936305732,0,28,None,66,1,5,False,1000,1000
12785,115,degCent,10,0.6283837579617835,0,24,None,66,1,5,False,1000,1000
12786,116,degCent,10,0.6325636942675159,0,24,None,66,1,5,False,1000,1000
12787,117,degCent,10,0.6361464968152867,0,24,None,66,1,5,False,1000,1000
12788,118,degCent,10,0.6384355095541401,0,24,None,66,1,5,False,1000,1000
12789,119,degCent,10,0.6413216560509554,0,24,None,66,1,5,False,1000,1000
12790,115,degCent,10,0.6067874203821656,0,27,None,66,1,5,False,1000,1000
12791,116,degCent,10,0.609375,0,27,None,66,1,5,False,1000,1000
12792,117,degCent,10,0.6126592356687898,0,27,None,66,1,5,False,1000,1000
12793,118,degCent,10,0.6159434713375797,0,27,None,66,1,5,False,1000,1000
12794,119,degCent,10,0.6191281847133758,0,27,None,66,1,5,False,1000,1000
12795,115,degCent,10,0.6369426751592356,0,30,None,66,1,5,False,1000,1000
12796,116,degCent,10,0.636046974522293,0,30,None,66,1,5,False,1000,1000
12797,117,degCent,10,0.6356488853503185,0,30,None,66,1,5,False,1000,1000
12798,118,degCent,10,0.6365445859872612,0,30,None,66,1,5,False,1000,1000
12799,119,degCent,10,0.6369426751592356,0,30,None,66,1,5,False,1000,1000
12800,115,degCent,10,0.6513734076433121,0,31,None,66,1,5,False,1000,1000
12801,116,degCent,10,0.6541600318471338,0,31,None,66,1,5,False,1000,1000
12802,117,degCent,10,0.6569466560509554,0,31,None,66,1,5,False,1000,1000
12803,118,degCent,10,0.6610270700636943,0,31,None,66,1,5,False,1000,1000
12804,119,degCent,10,0.663515127388535,0,31,None,66,1,5,False,1000,1000
12805,115,degCent,10,0.6036027070063694,0,29,None,66,1,5,False,1000,1000
12806,116,degCent,10,0.6053941082802548,0,29,None,66,1,5,False,1000,1000
12807,117,degCent,10,0.6062898089171974,0,29,None,66,1,5,False,1000,1000
12808,118,degCent,10,0.6071855095541401,0,29,None,66,1,5,False,1000,1000
12809,119,degCent,10,0.607484076433121,0,29,None,66,1,5,False,1000,1000
12810,115,degCent,10,0.6217157643312102,0,9,None,66,1,5,False,1000,1000
12811,116,degCent,10,0.629578025477707,0,9,None,66,1,5,False,1000,1000
12812,117,degCent,10,0.6394307324840764,0,9,None,66,1,5,False,1000,1000
12813,118,degCent,10,0.6467953821656051,0,9,None,66,1,5,False,1000,1000
12814,119,degCent,10,0.6556528662420382,0,9,None,66,1,5,False,1000,1000
12815,115,degCent,10,0.6733678343949044,0,25,None,66,1,5,False,1000,1000
12816,116,degCent,10,0.6724721337579618,0,25,None,66,1,5,False,1000,1000
12817,117,degCent,10,0.6731687898089171,0,25,None,66,1,5,False,1000,1000
12818,118,degCent,10,0.673765923566879,0,25,None,66,1,5,False,1000,1000
12819,119,degCent,10,0.6734673566878981,0,25,None,66,1,5,False,1000,1000
12820,115,degCent,10,0.6205214968152867,0,6,None,66,1,5,False,1000,1000
12821,116,degCent,10,0.6220143312101911,0,6,None,66,1,5,False,1000,1000
12822,117,degCent,10,0.6240047770700637,0,6,None,66,1,5,False,1000,1000
12823,118,degCent,10,0.6263933121019108,0,6,None,66,1,5,False,1000,1000
12824,119,degCent,10,0.6284832802547771,0,6,None,66,1,5,False,1000,1000
12825,115,degCent,10,0.5972332802547771,0,26,None,66,1,5,False,1000,1000
12826,116,degCent,10,0.5974323248407644,0,26,None,66,1,5,False,1000,1000
12827,117,degCent,10,0.5982285031847133,0,26,None,66,1,5,False,1000,1000
12828,118,degCent,10,0.6000199044585988,0,26,None,66,1,5,False,1000,1000
12829,119,degCent,10,0.602109872611465,0,26,None,66,1,5,False,1000,1000
12830,115,degCent,10,0.6255971337579618,0,12,None,66,1,5,False,1000,1000
12831,116,degCent,10,0.6345541401273885,0,12,None,66,1,5,False,1000,1000
12832,117,degCent,10,0.6409235668789809,0,12,None,66,1,5,False,1000,1000
12833,118,degCent,10,0.6484872611464968,0,12,None,66,1,5,False,1000,1000
12834,119,degCent,10,0.6558519108280255,0,12,None,66,1,5,False,1000,1000
12835,115,degCent,10,0.6328622611464968,0,0,None,66,1,5,False,1000,1000
12836,116,degCent,10,0.6342555732484076,0,0,None,66,1,5,False,1000,1000
12837,117,degCent,10,0.634952229299363,0,0,None,66,1,5,False,1000,1000
12838,118,degCent,10,0.6364450636942676,0,0,None,66,1,5,False,1000,1000
12839,119,degCent,10,0.6380374203821656,0,0,None,66,1,5,False,1000,1000
12840,115,degCent,10,0.6487858280254777,0,13,None,66,1,5,False,1000,1000
12841,116,degCent,10,0.650577229299363,0,13,None,66,1,5,False,1000,1000
12842,117,degCent,10,0.6518710191082803,0,13,None,66,1,5,False,1000,1000
12843,118,degCent,10,0.6526671974522293,0,13,None,66,1,5,False,1000,1000
12844,119,degCent,10,0.6521695859872612,0,13,None,66,1,5,False,1000,1000
12845,115,degCent,10,0.6537619426751592,0,4,None,66,1,5,False,1000,1000
12846,116,degCent,10,0.6540605095541401,0,4,None,66,1,5,False,1000,1000
12847,117,degCent,10,0.6554538216560509,0,4,None,66,1,5,False,1000,1000
12848,118,degCent,10,0.6564490445859873,0,4,None,66,1,5,False,1000,1000
12849,119,degCent,10,0.6574442675159236,0,4,None,66,1,5,False,1000,1000
12850,115,degCent,10,0.5210987261146497,0,3,None,66,1,5,False,1000,1000
12851,116,degCent,10,0.4717356687898089,0,3,None,66,1,5,False,1000,1000
12852,117,degCent,10,0.4491441082802547,0,3,None,66,1,5,False,1000,1000
12853,118,degCent,10,0.4331210191082802,0,3,None,66,1,5,False,1000,1000
12854,119,degCent,10,0.4197850318471338,0,3,None,66,1,5,False,1000,1000
12855,115,degCent,10,0.5986265923566879,0,10,None,66,1,5,False,1000,1000
12856,116,degCent,10,0.6101711783439491,0,10,None,66,1,5,False,1000,1000
12857,117,degCent,10,0.6201234076433121,0,10,None,66,1,5,False,1000,1000
12858,118,degCent,10,0.6288813694267515,0,10,None,66,1,5,False,1000,1000
12859,119,degCent,10,0.636843152866242,0,10,None,66,1,5,False,1000,1000
12860,115,degCent,10,0.4516321656050955,0,11,None,66,1,5,False,1000,1000
12861,116,degCent,10,0.4308320063694267,0,11,None,66,1,5,False,1000,1000
12862,117,degCent,10,0.4173964968152866,0,11,None,66,1,5,False,1000,1000
12863,118,degCent,10,0.4072452229299363,0,11,None,66,1,5,False,1000,1000
12864,119,degCent,10,0.3992834394904458,0,11,None,66,1,5,False,1000,1000
12865,115,degCent,10,0.5982285031847133,0,15,None,66,1,5,False,1000,1000
12866,116,degCent,10,0.6013136942675159,0,15,None,66,1,5,False,1000,1000
12867,117,degCent,10,0.6041003184713376,0,15,None,66,1,5,False,1000,1000
12868,118,degCent,10,0.6085788216560509,0,15,None,66,1,5,False,1000,1000
12869,119,degCent,10,0.6114649681528662,0,15,None,66,1,5,False,1000,1000
12870,120,degCent,10,0.6402269108280255,0,30,None,66,1,5,False,1000,1000
12871,121,degCent,10,0.6392316878980892,0,30,None,66,1,5,False,1000,1000
12872,122,degCent,10,0.6391321656050956,0,30,None,66,1,5,False,1000,1000
12873,123,degCent,10,0.6401273885350318,0,30,None,66,1,5,False,1000,1000
12874,124,degCent,10,0.6405254777070064,0,30,None,66,1,5,False,1000,1000
12875,120,degCent,10,0.617734872611465,0,21,None,66,1,5,False,1000,1000
12876,121,degCent,10,0.6163415605095541,0,21,None,66,1,5,False,1000,1000
12877,122,degCent,10,0.615843949044586,0,21,None,66,1,5,False,1000,1000
12878,123,degCent,10,0.615843949044586,0,21,None,66,1,5,False,1000,1000
12879,124,degCent,10,0.615843949044586,0,21,None,66,1,5,False,1000,1000
12880,120,degCent,10,0.6096735668789809,0,27,None,66,1,5,False,1000,1000
12881,121,degCent,10,0.6133558917197452,0,27,None,66,1,5,False,1000,1000
12882,122,degCent,10,0.6167396496815286,0,27,None,66,1,5,False,1000,1000
12883,123,degCent,10,0.6199243630573248,0,27,None,66,1,5,False,1000,1000
12884,124,degCent,10,0.6244028662420382,0,27,None,66,1,5,False,1000,1000
12885,120,degCent,10,0.6129578025477707,0,2,None,66,1,5,False,1000,1000
12886,121,degCent,10,0.6550557324840764,0,2,None,66,1,5,False,1000,1000
12887,122,degCent,10,0.6422173566878981,0,2,None,66,1,5,False,1000,1000
12888,123,degCent,10,0.6214171974522293,0,2,None,66,1,5,False,1000,1000
12889,124,degCent,10,0.6086783439490446,0,2,None,66,1,5,False,1000,1000
12890,120,degCent,10,0.5678742038216561,0,20,None,66,1,5,False,1000,1000
12891,121,degCent,10,0.5771297770700637,0,20,None,66,1,5,False,1000,1000
12892,122,degCent,10,0.5746417197452229,0,20,None,66,1,5,False,1000,1000
12893,123,degCent,10,0.5709593949044586,0,20,None,66,1,5,False,1000,1000
12894,124,degCent,10,0.5645899681528662,0,20,None,66,1,5,False,1000,1000
12895,120,degCent,10,0.6301751592356688,0,23,None,66,1,5,False,1000,1000
12896,121,degCent,10,0.6324641719745223,0,23,None,66,1,5,False,1000,1000
12897,122,degCent,10,0.633359872611465,0,23,None,66,1,5,False,1000,1000
12898,123,degCent,10,0.6359474522292994,0,23,None,66,1,5,False,1000,1000
12899,124,degCent,10,0.6371417197452229,0,23,None,66,1,5,False,1000,1000
12900,120,degCent,10,0.6402269108280255,0,5,None,66,1,5,False,1000,1000
12901,121,degCent,10,0.6463972929936306,0,5,None,66,1,5,False,1000,1000
12902,122,degCent,10,0.6498805732484076,0,5,None,66,1,5,False,1000,1000
12903,123,degCent,10,0.6545581210191083,0,5,None,66,1,5,False,1000,1000
12904,124,degCent,10,0.6587380573248408,0,5,None,66,1,5,False,1000,1000
12905,120,degCent,10,0.665406050955414,0,16,None,66,1,5,False,1000,1000
12906,121,degCent,10,0.6705812101910829,0,16,None,66,1,5,False,1000,1000
12907,122,degCent,10,0.6747611464968153,0,16,None,66,1,5,False,1000,1000
12908,123,degCent,10,0.6807324840764332,0,16,None,66,1,5,False,1000,1000
12909,124,degCent,10,0.6853105095541401,0,16,None,66,1,5,False,1000,1000
12910,120,degCent,10,0.6081807324840764,0,15,None,66,1,5,False,1000,1000
12911,121,degCent,10,0.6105692675159236,0,15,None,66,1,5,False,1000,1000
12912,122,degCent,10,0.6140525477707006,0,15,None,66,1,5,False,1000,1000
12913,123,degCent,10,0.6161425159235668,0,15,None,66,1,5,False,1000,1000
12914,124,degCent,10,0.6186305732484076,0,15,None,66,1,5,False,1000,1000
12915,120,degCent,10,0.6300756369426752,0,6,None,66,1,5,False,1000,1000
12916,121,degCent,10,0.630672770700637,0,6,None,66,1,5,False,1000,1000
12917,122,degCent,10,0.6317675159235668,0,6,None,66,1,5,False,1000,1000
12918,123,degCent,10,0.6332603503184714,0,6,None,66,1,5,False,1000,1000
12919,124,degCent,10,0.6348527070063694,0,6,None,66,1,5,False,1000,1000
12920,120,degCent,10,0.6330613057324841,0,12,None,66,1,5,False,1000,1000
12921,121,degCent,10,0.6401273885350318,0,12,None,66,1,5,False,1000,1000
12922,122,degCent,10,0.647093949044586,0,12,None,66,1,5,False,1000,1000
12923,123,degCent,10,0.6553542993630573,0,12,None,66,1,5,False,1000,1000
12924,124,degCent,10,0.6610270700636943,0,12,None,66,1,5,False,1000,1000
12925,120,degCent,10,0.6564490445859873,0,13,None,66,1,5,False,1000,1000
12926,121,degCent,10,0.6593351910828026,0,13,None,66,1,5,False,1000,1000
12927,122,degCent,10,0.6582404458598726,0,13,None,66,1,5,False,1000,1000
12928,123,degCent,10,0.6574442675159236,0,13,None,66,1,5,False,1000,1000
12929,124,degCent,10,0.6572452229299363,0,13,None,66,1,5,False,1000,1000
12930,120,degCent,10,0.6042993630573248,0,26,None,66,1,5,False,1000,1000
12931,121,degCent,10,0.6043988853503185,0,26,None,66,1,5,False,1000,1000
12932,122,degCent,10,0.6051950636942676,0,26,None,66,1,5,False,1000,1000
12933,123,degCent,10,0.6070859872611465,0,26,None,66,1,5,False,1000,1000
12934,124,degCent,10,0.6092754777070064,0,26,None,66,1,5,False,1000,1000
12935,120,degCent,10,0.6342555732484076,0,24,None,66,1,5,False,1000,1000
12936,121,degCent,10,0.6384355095541401,0,24,None,66,1,5,False,1000,1000
12937,122,degCent,10,0.6399283439490446,0,24,None,66,1,5,False,1000,1000
12938,123,degCent,10,0.6426154458598726,0,24,None,66,1,5,False,1000,1000
12939,124,degCent,10,0.644406847133758,0,24,None,66,1,5,False,1000,1000
12940,120,degCent,10,0.6105692675159236,0,8,None,66,1,5,False,1000,1000
12941,121,degCent,10,0.6164410828025477,0,8,None,66,1,5,False,1000,1000
12942,122,degCent,10,0.6225119426751592,0,8,None,66,1,5,False,1000,1000
12943,123,degCent,10,0.6283837579617835,0,8,None,66,1,5,False,1000,1000
12944,124,degCent,10,0.6328622611464968,0,8,None,66,1,5,False,1000,1000
12945,120,degCent,10,0.5788216560509554,0,18,None,66,1,5,False,1000,1000
12946,121,degCent,10,0.5748407643312102,0,18,None,66,1,5,False,1000,1000
12947,122,degCent,10,0.5757364649681529,0,18,None,66,1,5,False,1000,1000
12948,123,degCent,10,0.5769307324840764,0,18,None,66,1,5,False,1000,1000
12949,124,degCent,10,0.5783240445859873,0,18,None,66,1,5,False,1000,1000
12950,120,degCent,10,0.6448049363057324,0,19,None,66,1,5,False,1000,1000
12951,121,degCent,10,0.6468949044585988,0,19,None,66,1,5,False,1000,1000
12952,122,degCent,10,0.6488853503184714,0,19,None,66,1,5,False,1000,1000
12953,123,degCent,10,0.6491839171974523,0,19,None,66,1,5,False,1000,1000
12954,124,degCent,10,0.6512738853503185,0,19,None,66,1,5,False,1000,1000
12955,120,degCent,10,0.652468152866242,0,31,None,66,1,5,False,1000,1000
12956,121,degCent,10,0.6567476114649682,0,31,None,66,1,5,False,1000,1000
12957,122,degCent,10,0.6592356687898089,0,31,None,66,1,5,False,1000,1000
12958,123,degCent,10,0.6626194267515924,0,31,None,66,1,5,False,1000,1000
12959,124,degCent,10,0.6652070063694268,0,31,None,66,1,5,False,1000,1000
12960,120,degCent,10,0.6410230891719745,0,1,None,66,1,5,False,1000,1000
12961,121,degCent,10,0.6418192675159236,0,1,None,66,1,5,False,1000,1000
12962,122,degCent,10,0.6431130573248408,0,1,None,66,1,5,False,1000,1000
12963,123,degCent,10,0.6447054140127388,0,1,None,66,1,5,False,1000,1000
12964,124,degCent,10,0.6447054140127388,0,1,None,66,1,5,False,1000,1000
12965,120,degCent,10,0.5954418789808917,0,28,None,66,1,5,False,1000,1000
12966,121,degCent,10,0.5972332802547771,0,28,None,66,1,5,False,1000,1000
12967,122,degCent,10,0.599422770700637,0,28,None,66,1,5,False,1000,1000
12968,123,degCent,10,0.6007165605095541,0,28,None,66,1,5,False,1000,1000
12969,124,degCent,10,0.6031050955414012,0,28,None,66,1,5,False,1000,1000
12970,120,degCent,10,0.6263933121019108,0,22,None,66,1,5,False,1000,1000
12971,121,degCent,10,0.6293789808917197,0,22,None,66,1,5,False,1000,1000
12972,122,degCent,10,0.6315684713375797,0,22,None,66,1,5,False,1000,1000
12973,123,degCent,10,0.6332603503184714,0,22,None,66,1,5,False,1000,1000
12974,124,degCent,10,0.6342555732484076,0,22,None,66,1,5,False,1000,1000
12975,120,degCent,10,0.6246019108280255,0,7,None,66,1,5,False,1000,1000
12976,121,degCent,10,0.6256966560509554,0,7,None,66,1,5,False,1000,1000
12977,122,degCent,10,0.6274880573248408,0,7,None,66,1,5,False,1000,1000
12978,123,degCent,10,0.6273885350318471,0,7,None,66,1,5,False,1000,1000
12979,124,degCent,10,0.6289808917197452,0,7,None,66,1,5,False,1000,1000
12980,120,degCent,10,0.6563495222929936,0,4,None,66,1,5,False,1000,1000
12981,121,degCent,10,0.6554538216560509,0,4,None,66,1,5,False,1000,1000
12982,122,degCent,10,0.6568471337579618,0,4,None,66,1,5,False,1000,1000
12983,123,degCent,10,0.6577428343949044,0,4,None,66,1,5,False,1000,1000
12984,124,degCent,10,0.6588375796178344,0,4,None,66,1,5,False,1000,1000
12985,120,degCent,10,0.6409235668789809,0,32,None,66,1,5,False,1000,1000
12986,121,degCent,10,0.6409235668789809,0,32,None,66,1,5,False,1000,1000
12987,122,degCent,10,0.6429140127388535,0,32,None,66,1,5,False,1000,1000
12988,123,degCent,10,0.6437101910828026,0,32,None,66,1,5,False,1000,1000
12989,124,degCent,10,0.6446058917197452,0,32,None,66,1,5,False,1000,1000
12990,120,degCent,10,0.4716361464968153,0,11,None,66,1,5,False,1000,1000
12991,121,degCent,10,0.4509355095541401,0,11,None,66,1,5,False,1000,1000
12992,122,degCent,10,0.4390923566878981,0,11,None,66,1,5,False,1000,1000
12993,123,degCent,10,0.4314291401273885,0,11,None,66,1,5,False,1000,1000
12994,124,degCent,10,0.4257563694267516,0,11,None,66,1,5,False,1000,1000
12995,120,degCent,10,0.6077826433121019,0,10,None,66,1,5,False,1000,1000
12996,121,degCent,10,0.6189291401273885,0,10,None,66,1,5,False,1000,1000
12997,122,degCent,10,0.6270899681528662,0,10,None,66,1,5,False,1000,1000
12998,123,degCent,10,0.636046974522293,0,10,None,66,1,5,False,1000,1000
12999,124,degCent,10,0.6443073248407644,0,10,None,66,1,5,False,1000,1000
13000,120,degCent,10,0.6520700636942676,0,17,None,66,1,5,False,1000,1000
13001,121,degCent,10,0.6476910828025477,0,17,None,66,1,5,False,1000,1000
13002,122,degCent,10,0.6495820063694268,0,17,None,66,1,5,False,1000,1000
13003,123,degCent,10,0.6514729299363057,0,17,None,66,1,5,False,1000,1000
13004,124,degCent,10,0.6527667197452229,0,17,None,66,1,5,False,1000,1000
13005,120,degCent,10,0.5148288216560509,0,3,None,66,1,5,False,1000,1000
13006,121,degCent,10,0.4721337579617834,0,3,None,66,1,5,False,1000,1000
13007,122,degCent,10,0.4478503184713376,0,3,None,66,1,5,False,1000,1000
13008,123,degCent,10,0.434514331210191,0,3,None,66,1,5,False,1000,1000
13009,124,degCent,10,0.4221735668789809,0,3,None,66,1,5,False,1000,1000
13010,120,degCent,10,0.6364450636942676,0,0,None,66,1,5,False,1000,1000
13011,121,degCent,10,0.6366441082802548,0,0,None,66,1,5,False,1000,1000
13012,122,degCent,10,0.6378383757961783,0,0,None,66,1,5,False,1000,1000
13013,123,degCent,10,0.6391321656050956,0,0,None,66,1,5,False,1000,1000
13014,124,degCent,10,0.6414211783439491,0,0,None,66,1,5,False,1000,1000
13015,120,degCent,10,0.6553542993630573,0,14,None,66,1,5,False,1000,1000
13016,121,degCent,10,0.6568471337579618,0,14,None,66,1,5,False,1000,1000
13017,122,degCent,10,0.6569466560509554,0,14,None,66,1,5,False,1000,1000
13018,123,degCent,10,0.6584394904458599,0,14,None,66,1,5,False,1000,1000
13019,124,degCent,10,0.6603304140127388,0,14,None,66,1,5,False,1000,1000
13020,120,degCent,10,0.6243033439490446,0,9,None,66,1,5,False,1000,1000
13021,121,degCent,10,0.6327627388535032,0,9,None,66,1,5,False,1000,1000
13022,122,degCent,10,0.6414211783439491,0,9,None,66,1,5,False,1000,1000
13023,123,degCent,10,0.649781050955414,0,9,None,66,1,5,False,1000,1000
13024,124,degCent,10,0.6587380573248408,0,9,None,66,1,5,False,1000,1000
13025,120,degCent,10,0.6601313694267515,0,25,None,66,1,5,False,1000,1000
13026,121,degCent,10,0.6583399681528662,0,25,None,66,1,5,False,1000,1000
13027,122,degCent,10,0.6590366242038217,0,25,None,66,1,5,False,1000,1000
13028,123,degCent,10,0.6596337579617835,0,25,None,66,1,5,False,1000,1000
13029,124,degCent,10,0.6598328025477707,0,25,None,66,1,5,False,1000,1000
13030,120,degCent,10,0.604796974522293,0,29,None,66,1,5,False,1000,1000
13031,121,degCent,10,0.6069864649681529,0,29,None,66,1,5,False,1000,1000
13032,122,degCent,10,0.6079816878980892,0,29,None,66,1,5,False,1000,1000
13033,123,degCent,10,0.6094745222929936,0,29,None,66,1,5,False,1000,1000
13034,124,degCent,10,0.6102707006369427,0,29,None,66,1,5,False,1000,1000
13035,125,degCent,10,0.64171974522293,0,1,None,66,1,5,False,1000,1000
13036,126,degCent,10,0.6428144904458599,0,1,None,66,1,5,False,1000,1000
13037,127,degCent,10,0.6454020700636943,0,1,None,66,1,5,False,1000,1000
13038,128,degCent,10,0.6451035031847133,0,1,None,66,1,5,False,1000,1000
13039,129,degCent,10,0.646297770700637,0,1,None,66,1,5,False,1000,1000
13040,125,degCent,10,0.6181329617834395,0,2,None,66,1,5,False,1000,1000
13041,126,degCent,10,0.6586385350318471,0,2,None,66,1,5,False,1000,1000
13042,127,degCent,10,0.6477906050955414,0,2,None,66,1,5,False,1000,1000
13043,128,degCent,10,0.626890923566879,0,2,None,66,1,5,False,1000,1000
13044,129,degCent,10,0.6147492038216561,0,2,None,66,1,5,False,1000,1000
13045,125,degCent,10,0.6108678343949044,0,15,None,66,1,5,False,1000,1000
13046,126,degCent,10,0.6132563694267515,0,15,None,66,1,5,False,1000,1000
13047,127,degCent,10,0.615047770700637,0,15,None,66,1,5,False,1000,1000
13048,128,degCent,10,0.6178343949044586,0,15,None,66,1,5,False,1000,1000
13049,129,degCent,10,0.6198248407643312,0,15,None,66,1,5,False,1000,1000
13050,125,degCent,10,0.5968351910828026,0,28,None,66,1,5,False,1000,1000
13051,126,degCent,10,0.5985270700636943,0,28,None,66,1,5,False,1000,1000
13052,127,degCent,10,0.6000199044585988,0,28,None,66,1,5,False,1000,1000
13053,128,degCent,10,0.6032046178343949,0,28,None,66,1,5,False,1000,1000
13054,129,degCent,10,0.6042993630573248,0,28,None,66,1,5,False,1000,1000
13055,125,degCent,10,0.6453025477707006,0,32,None,66,1,5,False,1000,1000
13056,126,degCent,10,0.6448049363057324,0,32,None,66,1,5,False,1000,1000
13057,127,degCent,10,0.6465963375796179,0,32,None,66,1,5,False,1000,1000
13058,128,degCent,10,0.6466958598726115,0,32,None,66,1,5,False,1000,1000
13059,129,degCent,10,0.6481886942675159,0,32,None,66,1,5,False,1000,1000
13060,125,degCent,10,0.6579418789808917,0,13,None,66,1,5,False,1000,1000
13061,126,degCent,10,0.6621218152866242,0,13,None,66,1,5,False,1000,1000
13062,127,degCent,10,0.6618232484076433,0,13,None,66,1,5,False,1000,1000
13063,128,degCent,10,0.6611265923566879,0,13,None,66,1,5,False,1000,1000
13064,129,degCent,10,0.660828025477707,0,13,None,66,1,5,False,1000,1000
13065,125,degCent,10,0.6696855095541401,0,16,None,66,1,5,False,1000,1000
13066,126,degCent,10,0.6747611464968153,0,16,None,66,1,5,False,1000,1000
13067,127,degCent,10,0.6801353503184714,0,16,None,66,1,5,False,1000,1000
13068,128,degCent,10,0.6858081210191083,0,16,None,66,1,5,False,1000,1000
13069,129,degCent,10,0.6898885350318471,0,16,None,66,1,5,False,1000,1000
13070,125,degCent,10,0.6127587579617835,0,8,None,66,1,5,False,1000,1000
13071,126,degCent,10,0.6191281847133758,0,8,None,66,1,5,False,1000,1000
13072,127,degCent,10,0.625,0,8,None,66,1,5,False,1000,1000
13073,128,degCent,10,0.6298765923566879,0,8,None,66,1,5,False,1000,1000
13074,129,degCent,10,0.6343550955414012,0,8,None,66,1,5,False,1000,1000
13075,125,degCent,10,0.5801154458598726,0,18,None,66,1,5,False,1000,1000
13076,126,degCent,10,0.5785230891719745,0,18,None,66,1,5,False,1000,1000
13077,127,degCent,10,0.5789211783439491,0,18,None,66,1,5,False,1000,1000
13078,128,degCent,10,0.5804140127388535,0,18,None,66,1,5,False,1000,1000
13079,129,degCent,10,0.5820063694267515,0,18,None,66,1,5,False,1000,1000
13080,125,degCent,10,0.6466958598726115,0,19,None,66,1,5,False,1000,1000
13081,126,degCent,10,0.6481886942675159,0,19,None,66,1,5,False,1000,1000
13082,127,degCent,10,0.6495820063694268,0,19,None,66,1,5,False,1000,1000
13083,128,degCent,10,0.6506767515923567,0,19,None,66,1,5,False,1000,1000
13084,129,degCent,10,0.6523686305732485,0,19,None,66,1,5,False,1000,1000
13085,125,degCent,10,0.6203224522292994,0,21,None,66,1,5,False,1000,1000
13086,126,degCent,10,0.6183320063694268,0,21,None,66,1,5,False,1000,1000
13087,127,degCent,10,0.6164410828025477,0,21,None,66,1,5,False,1000,1000
13088,128,degCent,10,0.6173367834394905,0,21,None,66,1,5,False,1000,1000
13089,129,degCent,10,0.6175358280254777,0,21,None,66,1,5,False,1000,1000
13090,125,degCent,10,0.6032046178343949,0,29,None,66,1,5,False,1000,1000
13091,126,degCent,10,0.6046974522292994,0,29,None,66,1,5,False,1000,1000
13092,127,degCent,10,0.6064888535031847,0,29,None,66,1,5,False,1000,1000
13093,128,degCent,10,0.6072850318471338,0,29,None,66,1,5,False,1000,1000
13094,129,degCent,10,0.6080812101910829,0,29,None,66,1,5,False,1000,1000
13095,125,degCent,10,0.6460987261146497,0,5,None,66,1,5,False,1000,1000
13096,126,degCent,10,0.649781050955414,0,5,None,66,1,5,False,1000,1000
13097,127,degCent,10,0.6548566878980892,0,5,None,66,1,5,False,1000,1000
13098,128,degCent,10,0.658937101910828,0,5,None,66,1,5,False,1000,1000
13099,129,degCent,10,0.6617237261146497,0,5,None,66,1,5,False,1000,1000
13100,125,degCent,10,0.6289808917197452,0,7,None,66,1,5,False,1000,1000
13101,126,degCent,10,0.629578025477707,0,7,None,66,1,5,False,1000,1000
13102,127,degCent,10,0.6310708598726115,0,7,None,66,1,5,False,1000,1000
13103,128,degCent,10,0.6313694267515924,0,7,None,66,1,5,False,1000,1000
13104,129,degCent,10,0.6329617834394905,0,7,None,66,1,5,False,1000,1000
13105,125,degCent,10,0.6022093949044586,0,26,None,66,1,5,False,1000,1000
13106,126,degCent,10,0.6030055732484076,0,26,None,66,1,5,False,1000,1000
13107,127,degCent,10,0.6041003184713376,0,26,None,66,1,5,False,1000,1000
13108,128,degCent,10,0.6050955414012739,0,26,None,66,1,5,False,1000,1000
13109,129,degCent,10,0.6068869426751592,0,26,None,66,1,5,False,1000,1000
13110,125,degCent,10,0.6343550955414012,0,6,None,66,1,5,False,1000,1000
13111,126,degCent,10,0.6353503184713376,0,6,None,66,1,5,False,1000,1000
13112,127,degCent,10,0.6363455414012739,0,6,None,66,1,5,False,1000,1000
13113,128,degCent,10,0.6380374203821656,0,6,None,66,1,5,False,1000,1000
13114,129,degCent,10,0.6392316878980892,0,6,None,66,1,5,False,1000,1000
13115,125,degCent,10,0.6615246815286624,0,14,None,66,1,5,False,1000,1000
13116,126,degCent,10,0.6622213375796179,0,14,None,66,1,5,False,1000,1000
13117,127,degCent,10,0.6625199044585988,0,14,None,66,1,5,False,1000,1000
13118,128,degCent,10,0.6643113057324841,0,14,None,66,1,5,False,1000,1000
13119,129,degCent,10,0.6660031847133758,0,14,None,66,1,5,False,1000,1000
13120,125,degCent,10,0.6277866242038217,0,22,None,66,1,5,False,1000,1000
13121,126,degCent,10,0.6312699044585988,0,22,None,66,1,5,False,1000,1000
13122,127,degCent,10,0.6336584394904459,0,22,None,66,1,5,False,1000,1000
13123,128,degCent,10,0.6373407643312102,0,22,None,66,1,5,False,1000,1000
13124,129,degCent,10,0.6389331210191083,0,22,None,66,1,5,False,1000,1000
13125,125,degCent,10,0.6283837579617835,0,9,None,66,1,5,False,1000,1000
13126,126,degCent,10,0.6369426751592356,0,9,None,66,1,5,False,1000,1000
13127,127,degCent,10,0.6441082802547771,0,9,None,66,1,5,False,1000,1000
13128,128,degCent,10,0.6537619426751592,0,9,None,66,1,5,False,1000,1000
13129,129,degCent,10,0.6621218152866242,0,9,None,66,1,5,False,1000,1000
13130,125,degCent,10,0.6391321656050956,0,12,None,66,1,5,False,1000,1000
13131,126,degCent,10,0.6460987261146497,0,12,None,66,1,5,False,1000,1000
13132,127,degCent,10,0.6536624203821656,0,12,None,66,1,5,False,1000,1000
13133,128,degCent,10,0.6606289808917197,0,12,None,66,1,5,False,1000,1000
13134,129,degCent,10,0.6643113057324841,0,12,None,66,1,5,False,1000,1000
13135,125,degCent,10,0.6550557324840764,0,25,None,66,1,5,False,1000,1000
13136,126,degCent,10,0.6529657643312102,0,25,None,66,1,5,False,1000,1000
13137,127,degCent,10,0.6515724522292994,0,25,None,66,1,5,False,1000,1000
13138,128,degCent,10,0.6525676751592356,0,25,None,66,1,5,False,1000,1000
13139,129,degCent,10,0.6531648089171974,0,25,None,66,1,5,False,1000,1000
13140,125,degCent,10,0.6084792993630573,0,10,None,66,1,5,False,1000,1000
13141,126,degCent,10,0.6202229299363057,0,10,None,66,1,5,False,1000,1000
13142,127,degCent,10,0.6281847133757962,0,10,None,66,1,5,False,1000,1000
13143,128,degCent,10,0.636843152866242,0,10,None,66,1,5,False,1000,1000
13144,129,degCent,10,0.6449044585987261,0,10,None,66,1,5,False,1000,1000
13145,125,degCent,10,0.4450636942675159,0,11,None,66,1,5,False,1000,1000
13146,126,degCent,10,0.4300358280254777,0,11,None,66,1,5,False,1000,1000
13147,127,degCent,10,0.4194864649681528,0,11,None,66,1,5,False,1000,1000
13148,128,degCent,10,0.414609872611465,0,11,None,66,1,5,False,1000,1000
13149,129,degCent,10,0.4076433121019108,0,11,None,66,1,5,False,1000,1000
13150,125,degCent,10,0.6580414012738853,0,17,None,66,1,5,False,1000,1000
13151,126,degCent,10,0.6557523885350318,0,17,None,66,1,5,False,1000,1000
13152,127,degCent,10,0.6556528662420382,0,17,None,66,1,5,False,1000,1000
13153,128,degCent,10,0.6565485668789809,0,17,None,66,1,5,False,1000,1000
13154,129,degCent,10,0.65625,0,17,None,66,1,5,False,1000,1000
13155,125,degCent,10,0.5738455414012739,0,20,None,66,1,5,False,1000,1000
13156,126,degCent,10,0.5788216560509554,0,20,None,66,1,5,False,1000,1000
13157,127,degCent,10,0.5766321656050956,0,20,None,66,1,5,False,1000,1000
13158,128,degCent,10,0.571656050955414,0,20,None,66,1,5,False,1000,1000
13159,129,degCent,10,0.5649880573248408,0,20,None,66,1,5,False,1000,1000
13160,125,degCent,10,0.5526472929936306,0,3,None,66,1,5,False,1000,1000
13161,126,degCent,10,0.5198049363057324,0,3,None,66,1,5,False,1000,1000
13162,127,degCent,10,0.4884554140127388,0,3,None,66,1,5,False,1000,1000
13163,128,degCent,10,0.4613853503184713,0,3,None,66,1,5,False,1000,1000
13164,129,degCent,10,0.4398885350318471,0,3,None,66,1,5,False,1000,1000
13165,125,degCent,10,0.6342555732484076,0,23,None,66,1,5,False,1000,1000
13166,126,degCent,10,0.6353503184713376,0,23,None,66,1,5,False,1000,1000
13167,127,degCent,10,0.6372412420382165,0,23,None,66,1,5,False,1000,1000
13168,128,degCent,10,0.6382364649681529,0,23,None,66,1,5,False,1000,1000
13169,129,degCent,10,0.6392316878980892,0,23,None,66,1,5,False,1000,1000
13170,125,degCent,10,0.6583399681528662,0,4,None,66,1,5,False,1000,1000
13171,126,degCent,10,0.6583399681528662,0,4,None,66,1,5,False,1000,1000
13172,127,degCent,10,0.6594347133757962,0,4,None,66,1,5,False,1000,1000
13173,128,degCent,10,0.6611265923566879,0,4,None,66,1,5,False,1000,1000
13174,129,degCent,10,0.6626194267515924,0,4,None,66,1,5,False,1000,1000
13175,125,degCent,10,0.6320660828025477,0,24,None,66,1,5,False,1000,1000
13176,126,degCent,10,0.6364450636942676,0,24,None,66,1,5,False,1000,1000
13177,127,degCent,10,0.6397292993630573,0,24,None,66,1,5,False,1000,1000
13178,128,degCent,10,0.6421178343949044,0,24,None,66,1,5,False,1000,1000
13179,129,degCent,10,0.6438097133757962,0,24,None,66,1,5,False,1000,1000
13180,125,degCent,10,0.6113654458598726,0,27,None,66,1,5,False,1000,1000
13181,126,degCent,10,0.6147492038216561,0,27,None,66,1,5,False,1000,1000
13182,127,degCent,10,0.6176353503184714,0,27,None,66,1,5,False,1000,1000
13183,128,degCent,10,0.6219148089171974,0,27,None,66,1,5,False,1000,1000
13184,129,degCent,10,0.626890923566879,0,27,None,66,1,5,False,1000,1000
13185,125,degCent,10,0.6422173566878981,0,0,None,66,1,5,False,1000,1000
13186,126,degCent,10,0.6419187898089171,0,0,None,66,1,5,False,1000,1000
13187,127,degCent,10,0.6428144904458599,0,0,None,66,1,5,False,1000,1000
13188,128,degCent,10,0.6434116242038217,0,0,None,66,1,5,False,1000,1000
13189,129,degCent,10,0.6448049363057324,0,0,None,66,1,5,False,1000,1000
13190,125,degCent,10,0.651671974522293,0,30,None,66,1,5,False,1000,1000
13191,126,degCent,10,0.6508757961783439,0,30,None,66,1,5,False,1000,1000
13192,127,degCent,10,0.6504777070063694,0,30,None,66,1,5,False,1000,1000
13193,128,degCent,10,0.6511743630573248,0,30,None,66,1,5,False,1000,1000
13194,129,degCent,10,0.6506767515923567,0,30,None,66,1,5,False,1000,1000
13195,125,degCent,10,0.6579418789808917,0,31,None,66,1,5,False,1000,1000
13196,126,degCent,10,0.660031847133758,0,31,None,66,1,5,False,1000,1000
13197,127,degCent,10,0.6628184713375797,0,31,None,66,1,5,False,1000,1000
13198,128,degCent,10,0.6649084394904459,0,31,None,66,1,5,False,1000,1000
13199,129,degCent,10,0.6673964968152867,0,31,None,66,1,5,False,1000,1000
13530,130,degCent,10,0.6448049363057324,0,1,None,66,1,5,False,1000,1000
13531,131,degCent,10,0.6461982484076433,0,1,None,66,1,5,False,1000,1000
13532,132,degCent,10,0.647093949044586,0,1,None,66,1,5,False,1000,1000
13533,133,degCent,10,0.6485867834394905,0,1,None,66,1,5,False,1000,1000
13534,134,degCent,10,0.6498805732484076,0,1,None,66,1,5,False,1000,1000
13535,130,degCent,10,0.658937101910828,0,13,None,66,1,5,False,1000,1000
13536,131,degCent,10,0.6633160828025477,0,13,None,66,1,5,False,1000,1000
13537,132,degCent,10,0.6660031847133758,0,13,None,66,1,5,False,1000,1000
13538,133,degCent,10,0.6665007961783439,0,13,None,66,1,5,False,1000,1000
13539,134,degCent,10,0.6668988853503185,0,13,None,66,1,5,False,1000,1000
13540,130,degCent,10,0.6720740445859873,0,16,None,66,1,5,False,1000,1000
13541,131,degCent,10,0.6780453821656051,0,16,None,66,1,5,False,1000,1000
13542,132,degCent,10,0.6833200636942676,0,16,None,66,1,5,False,1000,1000
13543,133,degCent,10,0.6886942675159236,0,16,None,66,1,5,False,1000,1000
13544,134,degCent,10,0.6926751592356688,0,16,None,66,1,5,False,1000,1000
13545,130,degCent,10,0.6667993630573248,0,14,None,66,1,5,False,1000,1000
13546,131,degCent,10,0.6671974522292994,0,14,None,66,1,5,False,1000,1000
13547,132,degCent,10,0.6688893312101911,0,14,None,66,1,5,False,1000,1000
13548,133,degCent,10,0.6706807324840764,0,14,None,66,1,5,False,1000,1000
13549,134,degCent,10,0.6725716560509554,0,14,None,66,1,5,False,1000,1000
13550,130,degCent,10,0.6308718152866242,0,22,None,66,1,5,False,1000,1000
13551,131,degCent,10,0.6350517515923567,0,22,None,66,1,5,False,1000,1000
13552,132,degCent,10,0.6393312101910829,0,22,None,66,1,5,False,1000,1000
13553,133,degCent,10,0.6404259554140127,0,22,None,66,1,5,False,1000,1000
13554,134,degCent,10,0.6432125796178344,0,22,None,66,1,5,False,1000,1000
13555,130,degCent,10,0.6377388535031847,0,23,None,66,1,5,False,1000,1000
13556,131,degCent,10,0.6405254777070064,0,23,None,66,1,5,False,1000,1000
13557,132,degCent,10,0.6419187898089171,0,23,None,66,1,5,False,1000,1000
13558,133,degCent,10,0.6439092356687898,0,23,None,66,1,5,False,1000,1000
13559,134,degCent,10,0.6447054140127388,0,23,None,66,1,5,False,1000,1000
13560,130,degCent,10,0.6605294585987261,0,25,None,66,1,5,False,1000,1000
13561,131,degCent,10,0.65625,0,25,None,66,1,5,False,1000,1000
13562,132,degCent,10,0.6564490445859873,0,25,None,66,1,5,False,1000,1000
13563,133,degCent,10,0.6566480891719745,0,25,None,66,1,5,False,1000,1000
13564,134,degCent,10,0.65734474522293,0,25,None,66,1,5,False,1000,1000
13565,130,degCent,10,0.6092754777070064,0,26,None,66,1,5,False,1000,1000
13566,131,degCent,10,0.6088773885350318,0,26,None,66,1,5,False,1000,1000
13567,132,degCent,10,0.6094745222929936,0,26,None,66,1,5,False,1000,1000
13568,133,degCent,10,0.6106687898089171,0,26,None,66,1,5,False,1000,1000
13569,134,degCent,10,0.6121616242038217,0,26,None,66,1,5,False,1000,1000
13570,130,degCent,10,0.6403264331210191,0,24,None,66,1,5,False,1000,1000
13571,131,degCent,10,0.6426154458598726,0,24,None,66,1,5,False,1000,1000
13572,132,degCent,10,0.6447054140127388,0,24,None,66,1,5,False,1000,1000
13573,133,degCent,10,0.6480891719745223,0,24,None,66,1,5,False,1000,1000
13574,134,degCent,10,0.6501791401273885,0,24,None,66,1,5,False,1000,1000
13575,130,degCent,10,0.6073845541401274,0,29,None,66,1,5,False,1000,1000
13576,131,degCent,10,0.6101711783439491,0,29,None,66,1,5,False,1000,1000
13577,132,degCent,10,0.6117635350318471,0,29,None,66,1,5,False,1000,1000
13578,133,degCent,10,0.6130573248407644,0,29,None,66,1,5,False,1000,1000
13579,134,degCent,10,0.613953025477707,0,29,None,66,1,5,False,1000,1000
13580,130,degCent,10,0.6561504777070064,0,30,None,66,1,5,False,1000,1000
13581,131,degCent,10,0.6563495222929936,0,30,None,66,1,5,False,1000,1000
13582,132,degCent,10,0.6560509554140127,0,30,None,66,1,5,False,1000,1000
13583,133,degCent,10,0.6560509554140127,0,30,None,66,1,5,False,1000,1000
13584,134,degCent,10,0.6561504777070064,0,30,None,66,1,5,False,1000,1000
13585,130,degCent,10,0.6357484076433121,0,6,None,66,1,5,False,1000,1000
13586,131,degCent,10,0.636843152866242,0,6,None,66,1,5,False,1000,1000
13587,132,degCent,10,0.6380374203821656,0,6,None,66,1,5,False,1000,1000
13588,133,degCent,10,0.6390326433121019,0,6,None,66,1,5,False,1000,1000
13589,134,degCent,10,0.6396297770700637,0,6,None,66,1,5,False,1000,1000
13590,130,degCent,10,0.6607285031847133,0,31,None,66,1,5,False,1000,1000
13591,131,degCent,10,0.6623208598726115,0,31,None,66,1,5,False,1000,1000
13592,132,degCent,10,0.6653065286624203,0,31,None,66,1,5,False,1000,1000
13593,133,degCent,10,0.6674960191082803,0,31,None,66,1,5,False,1000,1000
13594,134,degCent,10,0.6705812101910829,0,31,None,66,1,5,False,1000,1000
13595,130,degCent,10,0.6132563694267515,0,27,None,66,1,5,False,1000,1000
13596,131,degCent,10,0.6176353503184714,0,27,None,66,1,5,False,1000,1000
13597,132,degCent,10,0.6206210191082803,0,27,None,66,1,5,False,1000,1000
13598,133,degCent,10,0.6261942675159236,0,27,None,66,1,5,False,1000,1000
13599,134,degCent,10,0.628781847133758,0,27,None,66,1,5,False,1000,1000
13600,130,degCent,10,0.6512738853503185,0,32,None,66,1,5,False,1000,1000
13601,131,degCent,10,0.6503781847133758,0,32,None,66,1,5,False,1000,1000
13602,132,degCent,10,0.6508757961783439,0,32,None,66,1,5,False,1000,1000
13603,133,degCent,10,0.6520700636942676,0,32,None,66,1,5,False,1000,1000
13604,134,degCent,10,0.6536624203821656,0,32,None,66,1,5,False,1000,1000
13605,130,degCent,10,0.6358479299363057,0,2,None,66,1,5,False,1000,1000
13606,131,degCent,10,0.666202229299363,0,2,None,66,1,5,False,1000,1000
13607,132,degCent,10,0.6496815286624203,0,2,None,66,1,5,False,1000,1000
13608,133,degCent,10,0.6337579617834395,0,2,None,66,1,5,False,1000,1000
13609,134,degCent,10,0.6236066878980892,0,2,None,66,1,5,False,1000,1000
13610,130,degCent,10,0.6527667197452229,0,5,None,66,1,5,False,1000,1000
13611,131,degCent,10,0.6566480891719745,0,5,None,66,1,5,False,1000,1000
13612,132,degCent,10,0.6618232484076433,0,5,None,66,1,5,False,1000,1000
13613,133,degCent,10,0.6634156050955414,0,5,None,66,1,5,False,1000,1000
13614,134,degCent,10,0.6658041401273885,0,5,None,66,1,5,False,1000,1000
13615,130,degCent,10,0.633359872611465,0,7,None,66,1,5,False,1000,1000
13616,131,degCent,10,0.6345541401273885,0,7,None,66,1,5,False,1000,1000
13617,132,degCent,10,0.6348527070063694,0,7,None,66,1,5,False,1000,1000
13618,133,degCent,10,0.636046974522293,0,7,None,66,1,5,False,1000,1000
13619,134,degCent,10,0.6376393312101911,0,7,None,66,1,5,False,1000,1000
13620,130,degCent,10,0.6431130573248408,0,0,None,66,1,5,False,1000,1000
13621,131,degCent,10,0.6436106687898089,0,0,None,66,1,5,False,1000,1000
13622,132,degCent,10,0.6450039808917197,0,0,None,66,1,5,False,1000,1000
13623,133,degCent,10,0.6467953821656051,0,0,None,66,1,5,False,1000,1000
13624,134,degCent,10,0.6482882165605095,0,0,None,66,1,5,False,1000,1000
13625,130,degCent,10,0.6293789808917197,0,9,None,66,1,5,False,1000,1000
13626,131,degCent,10,0.6384355095541401,0,9,None,66,1,5,False,1000,1000
13627,132,degCent,10,0.646297770700637,0,9,None,66,1,5,False,1000,1000
13628,133,degCent,10,0.6552547770700637,0,9,None,66,1,5,False,1000,1000
13629,134,degCent,10,0.6644108280254777,0,9,None,66,1,5,False,1000,1000
13630,130,degCent,10,0.4377985668789809,0,11,None,66,1,5,False,1000,1000
13631,131,degCent,10,0.4268511146496815,0,11,None,66,1,5,False,1000,1000
13632,132,degCent,10,0.4185907643312102,0,11,None,66,1,5,False,1000,1000
13633,133,degCent,10,0.4120222929936306,0,11,None,66,1,5,False,1000,1000
13634,134,degCent,10,0.4065485668789809,0,11,None,66,1,5,False,1000,1000
13635,130,degCent,10,0.6168391719745223,0,10,None,66,1,5,False,1000,1000
13636,131,degCent,10,0.62609474522293,0,10,None,66,1,5,False,1000,1000
13637,132,degCent,10,0.6344546178343949,0,10,None,66,1,5,False,1000,1000
13638,133,degCent,10,0.6426154458598726,0,10,None,66,1,5,False,1000,1000
13639,134,degCent,10,0.6488853503184714,0,10,None,66,1,5,False,1000,1000
13640,130,degCent,10,0.6147492038216561,0,15,None,66,1,5,False,1000,1000
13641,131,degCent,10,0.6173367834394905,0,15,None,66,1,5,False,1000,1000
13642,132,degCent,10,0.6189291401273885,0,15,None,66,1,5,False,1000,1000
13643,133,degCent,10,0.6217157643312102,0,15,None,66,1,5,False,1000,1000
13644,134,degCent,10,0.6235071656050956,0,15,None,66,1,5,False,1000,1000
13645,130,degCent,10,0.6461982484076433,0,12,None,66,1,5,False,1000,1000
13646,131,degCent,10,0.6538614649681529,0,12,None,66,1,5,False,1000,1000
13647,132,degCent,10,0.660828025477707,0,12,None,66,1,5,False,1000,1000
13648,133,degCent,10,0.6652070063694268,0,12,None,66,1,5,False,1000,1000
13649,134,degCent,10,0.6701831210191083,0,12,None,66,1,5,False,1000,1000
13650,130,degCent,10,0.6645103503184714,0,17,None,66,1,5,False,1000,1000
13651,131,degCent,10,0.6612261146496815,0,17,None,66,1,5,False,1000,1000
13652,132,degCent,10,0.6624203821656051,0,17,None,66,1,5,False,1000,1000
13653,133,degCent,10,0.6621218152866242,0,17,None,66,1,5,False,1000,1000
13654,134,degCent,10,0.6629179936305732,0,17,None,66,1,5,False,1000,1000
13655,130,degCent,10,0.5989251592356688,0,28,None,66,1,5,False,1000,1000
13656,131,degCent,10,0.6009156050955414,0,28,None,66,1,5,False,1000,1000
13657,132,degCent,10,0.6031050955414012,0,28,None,66,1,5,False,1000,1000
13658,133,degCent,10,0.6051950636942676,0,28,None,66,1,5,False,1000,1000
13659,134,degCent,10,0.6073845541401274,0,28,None,66,1,5,False,1000,1000
13660,130,degCent,10,0.6164410828025477,0,8,None,66,1,5,False,1000,1000
13661,131,degCent,10,0.6224124203821656,0,8,None,66,1,5,False,1000,1000
13662,132,degCent,10,0.6277866242038217,0,8,None,66,1,5,False,1000,1000
13663,133,degCent,10,0.6324641719745223,0,8,None,66,1,5,False,1000,1000
13664,134,degCent,10,0.637937898089172,0,8,None,66,1,5,False,1000,1000
13665,130,degCent,10,0.5823049363057324,0,18,None,66,1,5,False,1000,1000
13666,131,degCent,10,0.5812101910828026,0,18,None,66,1,5,False,1000,1000
13667,132,degCent,10,0.5821058917197452,0,18,None,66,1,5,False,1000,1000
13668,133,degCent,10,0.5830015923566879,0,18,None,66,1,5,False,1000,1000
13669,134,degCent,10,0.5849920382165605,0,18,None,66,1,5,False,1000,1000
13670,130,degCent,10,0.6480891719745223,0,19,None,66,1,5,False,1000,1000
13671,131,degCent,10,0.6491839171974523,0,19,None,66,1,5,False,1000,1000
13672,132,degCent,10,0.6512738853503185,0,19,None,66,1,5,False,1000,1000
13673,133,degCent,10,0.6522691082802548,0,19,None,66,1,5,False,1000,1000
13674,134,degCent,10,0.6534633757961783,0,19,None,66,1,5,False,1000,1000
13675,130,degCent,10,0.6224124203821656,0,21,None,66,1,5,False,1000,1000
13676,131,degCent,10,0.6211186305732485,0,21,None,66,1,5,False,1000,1000
13677,132,degCent,10,0.6192277070063694,0,21,None,66,1,5,False,1000,1000
13678,133,degCent,10,0.6186305732484076,0,21,None,66,1,5,False,1000,1000
13679,134,degCent,10,0.6184315286624203,0,21,None,66,1,5,False,1000,1000
13680,130,degCent,10,0.564390923566879,0,3,None,66,1,5,False,1000,1000
13681,131,degCent,10,0.5387141719745223,0,3,None,66,1,5,False,1000,1000
13682,132,degCent,10,0.513734076433121,0,3,None,66,1,5,False,1000,1000
13683,133,degCent,10,0.4909434713375796,0,3,None,66,1,5,False,1000,1000
13684,134,degCent,10,0.4698447452229299,0,3,None,66,1,5,False,1000,1000
13685,130,degCent,10,0.660828025477707,0,4,None,66,1,5,False,1000,1000
13686,131,degCent,10,0.6618232484076433,0,4,None,66,1,5,False,1000,1000
13687,132,degCent,10,0.662718949044586,0,4,None,66,1,5,False,1000,1000
13688,133,degCent,10,0.6642117834394905,0,4,None,66,1,5,False,1000,1000
13689,134,degCent,10,0.6644108280254777,0,4,None,66,1,5,False,1000,1000
13690,130,degCent,10,0.5790207006369427,0,20,None,66,1,5,False,1000,1000
13691,131,degCent,10,0.5801154458598726,0,20,None,66,1,5,False,1000,1000
13692,132,degCent,10,0.5780254777070064,0,20,None,66,1,5,False,1000,1000
13693,133,degCent,10,0.5711584394904459,0,20,None,66,1,5,False,1000,1000
13694,134,degCent,10,0.5710589171974523,0,20,None,66,1,5,False,1000,1000
13695,135,degCent,10,0.6428144904458599,0,24,None,66,1,5,False,1000,1000
13696,136,degCent,10,0.6454020700636943,0,24,None,66,1,5,False,1000,1000
13697,137,degCent,10,0.6485867834394905,0,24,None,66,1,5,False,1000,1000
13698,138,degCent,10,0.6508757961783439,0,24,None,66,1,5,False,1000,1000
13699,139,degCent,10,0.6531648089171974,0,24,None,66,1,5,False,1000,1000
13700,135,degCent,10,0.669187898089172,0,31,None,66,1,5,False,1000,1000
13701,136,degCent,10,0.6712778662420382,0,31,None,66,1,5,False,1000,1000
13702,137,degCent,10,0.6742635350318471,0,31,None,66,1,5,False,1000,1000
13703,138,degCent,10,0.6760549363057324,0,31,None,66,1,5,False,1000,1000
13704,139,degCent,10,0.6780453821656051,0,31,None,66,1,5,False,1000,1000
13705,135,degCent,10,0.585390127388535,0,20,None,66,1,5,False,1000,1000
13706,136,degCent,10,0.5823049363057324,0,20,None,66,1,5,False,1000,1000
13707,137,degCent,10,0.5833996815286624,0,20,None,66,1,5,False,1000,1000
13708,138,degCent,10,0.5914609872611465,0,20,None,66,1,5,False,1000,1000
13709,139,degCent,10,0.6024084394904459,0,20,None,66,1,5,False,1000,1000
13710,135,degCent,10,0.6465963375796179,0,1,None,66,1,5,False,1000,1000
13711,136,degCent,10,0.6486863057324841,0,1,None,66,1,5,False,1000,1000
13712,137,degCent,10,0.6499800955414012,0,1,None,66,1,5,False,1000,1000
13713,138,degCent,10,0.6520700636942676,0,1,None,66,1,5,False,1000,1000
13714,139,degCent,10,0.6523686305732485,0,1,None,66,1,5,False,1000,1000
13715,135,degCent,10,0.6443073248407644,0,2,None,66,1,5,False,1000,1000
13716,136,degCent,10,0.6681926751592356,0,2,None,66,1,5,False,1000,1000
13717,137,degCent,10,0.6518710191082803,0,2,None,66,1,5,False,1000,1000
13718,138,degCent,10,0.6384355095541401,0,2,None,66,1,5,False,1000,1000
13719,139,degCent,10,0.6271894904458599,0,2,None,66,1,5,False,1000,1000
13720,135,degCent,10,0.662718949044586,0,13,None,66,1,5,False,1000,1000
13721,136,degCent,10,0.6643113057324841,0,13,None,66,1,5,False,1000,1000
13722,137,degCent,10,0.6686902866242038,0,13,None,66,1,5,False,1000,1000
13723,138,degCent,10,0.6694864649681529,0,13,None,66,1,5,False,1000,1000
13724,139,degCent,10,0.6704816878980892,0,13,None,66,1,5,False,1000,1000
13725,135,degCent,10,0.6157444267515924,0,27,None,66,1,5,False,1000,1000
13726,136,degCent,10,0.6191281847133758,0,27,None,66,1,5,False,1000,1000
13727,137,degCent,10,0.6244028662420382,0,27,None,66,1,5,False,1000,1000
13728,138,degCent,10,0.6264928343949044,0,27,None,66,1,5,False,1000,1000
13729,139,degCent,10,0.6304737261146497,0,27,None,66,1,5,False,1000,1000
13730,135,degCent,10,0.6335589171974523,0,21,None,66,1,5,False,1000,1000
13731,136,degCent,10,0.6248009554140127,0,21,None,66,1,5,False,1000,1000
13732,137,degCent,10,0.6226114649681529,0,21,None,66,1,5,False,1000,1000
13733,138,degCent,10,0.6203224522292994,0,21,None,66,1,5,False,1000,1000
13734,139,degCent,10,0.6202229299363057,0,21,None,66,1,5,False,1000,1000
13735,135,degCent,10,0.6006170382165605,0,28,None,66,1,5,False,1000,1000
13736,136,degCent,10,0.6018113057324841,0,28,None,66,1,5,False,1000,1000
13737,137,degCent,10,0.6043988853503185,0,28,None,66,1,5,False,1000,1000
13738,138,degCent,10,0.6064888535031847,0,28,None,66,1,5,False,1000,1000
13739,139,degCent,10,0.6081807324840764,0,28,None,66,1,5,False,1000,1000
13740,135,degCent,10,0.6089769108280255,0,29,None,66,1,5,False,1000,1000
13741,136,degCent,10,0.611265923566879,0,29,None,66,1,5,False,1000,1000
13742,137,degCent,10,0.6129578025477707,0,29,None,66,1,5,False,1000,1000
13743,138,degCent,10,0.6141520700636943,0,29,None,66,1,5,False,1000,1000
13744,139,degCent,10,0.6154458598726115,0,29,None,66,1,5,False,1000,1000
13745,135,degCent,10,0.6549562101910829,0,5,None,66,1,5,False,1000,1000
13746,136,degCent,10,0.6598328025477707,0,5,None,66,1,5,False,1000,1000
13747,137,degCent,10,0.6633160828025477,0,5,None,66,1,5,False,1000,1000
13748,138,degCent,10,0.6653065286624203,0,5,None,66,1,5,False,1000,1000
13749,139,degCent,10,0.6676950636942676,0,5,None,66,1,5,False,1000,1000
13750,135,degCent,10,0.6179339171974523,0,26,None,66,1,5,False,1000,1000
13751,136,degCent,10,0.6192277070063694,0,26,None,66,1,5,False,1000,1000
13752,137,degCent,10,0.620421974522293,0,26,None,66,1,5,False,1000,1000
13753,138,degCent,10,0.6216162420382165,0,26,None,66,1,5,False,1000,1000
13754,139,degCent,10,0.6232085987261147,0,26,None,66,1,5,False,1000,1000
13755,135,degCent,10,0.6597332802547771,0,30,None,66,1,5,False,1000,1000
13756,136,degCent,10,0.6578423566878981,0,30,None,66,1,5,False,1000,1000
13757,137,degCent,10,0.658140923566879,0,30,None,66,1,5,False,1000,1000
13758,138,degCent,10,0.6583399681528662,0,30,None,66,1,5,False,1000,1000
13759,139,degCent,10,0.6591361464968153,0,30,None,66,1,5,False,1000,1000
13760,135,degCent,10,0.6755573248407644,0,16,None,66,1,5,False,1000,1000
13761,136,degCent,10,0.6816281847133758,0,16,None,66,1,5,False,1000,1000
13762,137,degCent,10,0.6869028662420382,0,16,None,66,1,5,False,1000,1000
13763,138,degCent,10,0.6914808917197452,0,16,None,66,1,5,False,1000,1000
13764,139,degCent,10,0.6963574840764332,0,16,None,66,1,5,False,1000,1000
13765,135,degCent,10,0.6187300955414012,0,8,None,66,1,5,False,1000,1000
13766,136,degCent,10,0.6248009554140127,0,8,None,66,1,5,False,1000,1000
13767,137,degCent,10,0.629578025477707,0,8,None,66,1,5,False,1000,1000
13768,138,degCent,10,0.6361464968152867,0,8,None,66,1,5,False,1000,1000
13769,139,degCent,10,0.6407245222929936,0,8,None,66,1,5,False,1000,1000
13770,135,degCent,10,0.5852906050955414,0,18,None,66,1,5,False,1000,1000
13771,136,degCent,10,0.5842953821656051,0,18,None,66,1,5,False,1000,1000
13772,137,degCent,10,0.5851910828025477,0,18,None,66,1,5,False,1000,1000
13773,138,degCent,10,0.587281050955414,0,18,None,66,1,5,False,1000,1000
13774,139,degCent,10,0.589171974522293,0,18,None,66,1,5,False,1000,1000
13775,135,degCent,10,0.6490843949044586,0,19,None,66,1,5,False,1000,1000
13776,136,degCent,10,0.6507762738853503,0,19,None,66,1,5,False,1000,1000
13777,137,degCent,10,0.6521695859872612,0,19,None,66,1,5,False,1000,1000
13778,138,degCent,10,0.6540605095541401,0,19,None,66,1,5,False,1000,1000
13779,139,degCent,10,0.6559514331210191,0,19,None,66,1,5,False,1000,1000
13780,135,degCent,10,0.6601313694267515,0,32,None,66,1,5,False,1000,1000
13781,136,degCent,10,0.6587380573248408,0,32,None,66,1,5,False,1000,1000
13782,137,degCent,10,0.6592356687898089,0,32,None,66,1,5,False,1000,1000
13783,138,degCent,10,0.6593351910828026,0,32,None,66,1,5,False,1000,1000
13784,139,degCent,10,0.658937101910828,0,32,None,66,1,5,False,1000,1000
13785,135,degCent,10,0.6362460191082803,0,7,None,66,1,5,False,1000,1000
13786,136,degCent,10,0.6366441082802548,0,7,None,66,1,5,False,1000,1000
13787,137,degCent,10,0.6384355095541401,0,7,None,66,1,5,False,1000,1000
13788,138,degCent,10,0.6397292993630573,0,7,None,66,1,5,False,1000,1000
13789,139,degCent,10,0.6405254777070064,0,7,None,66,1,5,False,1000,1000
13790,135,degCent,10,0.6420183121019108,0,23,None,66,1,5,False,1000,1000
13791,136,degCent,10,0.643312101910828,0,23,None,66,1,5,False,1000,1000
13792,137,degCent,10,0.6456011146496815,0,23,None,66,1,5,False,1000,1000
13793,138,degCent,10,0.6472929936305732,0,23,None,66,1,5,False,1000,1000
13794,139,degCent,10,0.6481886942675159,0,23,None,66,1,5,False,1000,1000
13795,135,degCent,10,0.6495820063694268,0,0,None,66,1,5,False,1000,1000
13796,136,degCent,10,0.6502786624203821,0,0,None,66,1,5,False,1000,1000
13797,137,degCent,10,0.6518710191082803,0,0,None,66,1,5,False,1000,1000
13798,138,degCent,10,0.653562898089172,0,0,None,66,1,5,False,1000,1000
13799,139,degCent,10,0.6541600318471338,0,0,None,66,1,5,False,1000,1000
13800,135,degCent,10,0.6320660828025477,0,9,None,66,1,5,False,1000,1000
13801,136,degCent,10,0.6405254777070064,0,9,None,66,1,5,False,1000,1000
13802,137,degCent,10,0.648984872611465,0,9,None,66,1,5,False,1000,1000
13803,138,degCent,10,0.6574442675159236,0,9,None,66,1,5,False,1000,1000
13804,139,degCent,10,0.6677945859872612,0,9,None,66,1,5,False,1000,1000
13805,135,degCent,10,0.6536624203821656,0,12,None,66,1,5,False,1000,1000
13806,136,degCent,10,0.6602308917197452,0,12,None,66,1,5,False,1000,1000
13807,137,degCent,10,0.6657046178343949,0,12,None,66,1,5,False,1000,1000
13808,138,degCent,10,0.669187898089172,0,12,None,66,1,5,False,1000,1000
13809,139,degCent,10,0.6736664012738853,0,12,None,66,1,5,False,1000,1000
13810,135,degCent,10,0.6863057324840764,0,25,None,66,1,5,False,1000,1000
13811,136,degCent,10,0.68640525477707,0,25,None,66,1,5,False,1000,1000
13812,137,degCent,10,0.6863057324840764,0,25,None,66,1,5,False,1000,1000
13813,138,degCent,10,0.6863057324840764,0,25,None,66,1,5,False,1000,1000
13814,139,degCent,10,0.6871019108280255,0,25,None,66,1,5,False,1000,1000
13815,135,degCent,10,0.6697850318471338,0,14,None,66,1,5,False,1000,1000
13816,136,degCent,10,0.6705812101910829,0,14,None,66,1,5,False,1000,1000
13817,137,degCent,10,0.6715764331210191,0,14,None,66,1,5,False,1000,1000
13818,138,degCent,10,0.6733678343949044,0,14,None,66,1,5,False,1000,1000
13819,139,degCent,10,0.6763535031847133,0,14,None,66,1,5,False,1000,1000
13820,135,degCent,10,0.6361464968152867,0,22,None,66,1,5,False,1000,1000
13821,136,degCent,10,0.6405254777070064,0,22,None,66,1,5,False,1000,1000
13822,137,degCent,10,0.6434116242038217,0,22,None,66,1,5,False,1000,1000
13823,138,degCent,10,0.6443073248407644,0,22,None,66,1,5,False,1000,1000
13824,139,degCent,10,0.6485867834394905,0,22,None,66,1,5,False,1000,1000
13825,135,degCent,10,0.6415207006369427,0,6,None,66,1,5,False,1000,1000
13826,136,degCent,10,0.6415207006369427,0,6,None,66,1,5,False,1000,1000
13827,137,degCent,10,0.6436106687898089,0,6,None,66,1,5,False,1000,1000
13828,138,degCent,10,0.6443073248407644,0,6,None,66,1,5,False,1000,1000
13829,139,degCent,10,0.6456011146496815,0,6,None,66,1,5,False,1000,1000
13830,135,degCent,10,0.6207205414012739,0,10,None,66,1,5,False,1000,1000
13831,136,degCent,10,0.629578025477707,0,10,None,66,1,5,False,1000,1000
13832,137,degCent,10,0.6381369426751592,0,10,None,66,1,5,False,1000,1000
13833,138,degCent,10,0.645203025477707,0,10,None,66,1,5,False,1000,1000
13834,139,degCent,10,0.6515724522292994,0,10,None,66,1,5,False,1000,1000
13835,135,degCent,10,0.4378980891719745,0,11,None,66,1,5,False,1000,1000
13836,136,degCent,10,0.4265525477707006,0,11,None,66,1,5,False,1000,1000
13837,137,degCent,10,0.4186902866242038,0,11,None,66,1,5,False,1000,1000
13838,138,degCent,10,0.412718949044586,0,11,None,66,1,5,False,1000,1000
13839,139,degCent,10,0.4087380573248407,0,11,None,66,1,5,False,1000,1000
13840,135,degCent,10,0.5574243630573248,0,3,None,66,1,5,False,1000,1000
13841,136,degCent,10,0.5348328025477707,0,3,None,66,1,5,False,1000,1000
13842,137,degCent,10,0.5151273885350318,0,3,None,66,1,5,False,1000,1000
13843,138,degCent,10,0.4950238853503185,0,3,None,66,1,5,False,1000,1000
13844,139,degCent,10,0.475218949044586,0,3,None,66,1,5,False,1000,1000
13845,135,degCent,10,0.6665007961783439,0,17,None,66,1,5,False,1000,1000
13846,136,degCent,10,0.6640127388535032,0,17,None,66,1,5,False,1000,1000
13847,137,degCent,10,0.6658041401273885,0,17,None,66,1,5,False,1000,1000
13848,138,degCent,10,0.6656050955414012,0,17,None,66,1,5,False,1000,1000
13849,139,degCent,10,0.6652070063694268,0,17,None,66,1,5,False,1000,1000
13850,135,degCent,10,0.6176353503184714,0,15,None,66,1,5,False,1000,1000
13851,136,degCent,10,0.6199243630573248,0,15,None,66,1,5,False,1000,1000
13852,137,degCent,10,0.6215167197452229,0,15,None,66,1,5,False,1000,1000
13853,138,degCent,10,0.6240047770700637,0,15,None,66,1,5,False,1000,1000
13854,139,degCent,10,0.6262937898089171,0,15,None,66,1,5,False,1000,1000
13855,135,degCent,10,0.6637141719745223,0,4,None,66,1,5,False,1000,1000
13856,136,degCent,10,0.6644108280254777,0,4,None,66,1,5,False,1000,1000
13857,137,degCent,10,0.6642117834394905,0,4,None,66,1,5,False,1000,1000
13858,138,degCent,10,0.6653065286624203,0,4,None,66,1,5,False,1000,1000
13859,139,degCent,10,0.6664012738853503,0,4,None,66,1,5,False,1000,1000
13860,140,degCent,10,0.6735668789808917,0,25,None,66,1,5,False,1000,1000
13861,141,degCent,10,0.6710788216560509,0,25,None,66,1,5,False,1000,1000
13862,142,degCent,10,0.6712778662420382,0,25,None,66,1,5,False,1000,1000
13863,143,degCent,10,0.6712778662420382,0,25,None,66,1,5,False,1000,1000
13864,144,degCent,10,0.6721735668789809,0,25,None,66,1,5,False,1000,1000
13865,140,degCent,10,0.5817078025477707,0,20,None,66,1,5,False,1000,1000
13866,141,degCent,10,0.5821058917197452,0,20,None,66,1,5,False,1000,1000
13867,142,degCent,10,0.5805135350318471,0,20,None,66,1,5,False,1000,1000
13868,143,degCent,10,0.5774283439490446,0,20,None,66,1,5,False,1000,1000
13869,144,degCent,10,0.583797770700637,0,20,None,66,1,5,False,1000,1000
13870,140,degCent,10,0.6514729299363057,0,1,None,66,1,5,False,1000,1000
13871,141,degCent,10,0.6525676751592356,0,1,None,66,1,5,False,1000,1000
13872,142,degCent,10,0.6556528662420382,0,1,None,66,1,5,False,1000,1000
13873,143,degCent,10,0.65625,0,1,None,66,1,5,False,1000,1000
13874,144,degCent,10,0.6577428343949044,0,1,None,66,1,5,False,1000,1000
13875,140,degCent,10,0.648984872611465,0,2,None,66,1,5,False,1000,1000
13876,141,degCent,10,0.6730692675159236,0,2,None,66,1,5,False,1000,1000
13877,142,degCent,10,0.6557523885350318,0,2,None,66,1,5,False,1000,1000
13878,143,degCent,10,0.6419187898089171,0,2,None,66,1,5,False,1000,1000
13879,144,degCent,10,0.6327627388535032,0,2,None,66,1,5,False,1000,1000
13880,140,degCent,10,0.6670979299363057,0,13,None,66,1,5,False,1000,1000
13881,141,degCent,10,0.6708797770700637,0,13,None,66,1,5,False,1000,1000
13882,142,degCent,10,0.6720740445859873,0,13,None,66,1,5,False,1000,1000
13883,143,degCent,10,0.6748606687898089,0,13,None,66,1,5,False,1000,1000
13884,144,degCent,10,0.6751592356687898,0,13,None,66,1,5,False,1000,1000
13885,140,degCent,10,0.6024084394904459,0,28,None,66,1,5,False,1000,1000
13886,141,degCent,10,0.6048964968152867,0,28,None,66,1,5,False,1000,1000
13887,142,degCent,10,0.607484076433121,0,28,None,66,1,5,False,1000,1000
13888,143,degCent,10,0.6087778662420382,0,28,None,66,1,5,False,1000,1000
13889,144,degCent,10,0.6101711783439491,0,28,None,66,1,5,False,1000,1000
13890,140,degCent,10,0.6346536624203821,0,9,None,66,1,5,False,1000,1000
13891,141,degCent,10,0.6431130573248408,0,9,None,66,1,5,False,1000,1000
13892,142,degCent,10,0.6512738853503185,0,9,None,66,1,5,False,1000,1000
13893,143,degCent,10,0.6604299363057324,0,9,None,66,1,5,False,1000,1000
13894,144,degCent,10,0.6705812101910829,0,9,None,66,1,5,False,1000,1000
13895,140,degCent,10,0.6121616242038217,0,29,None,66,1,5,False,1000,1000
13896,141,degCent,10,0.6140525477707006,0,29,None,66,1,5,False,1000,1000
13897,142,degCent,10,0.6161425159235668,0,29,None,66,1,5,False,1000,1000
13898,143,degCent,10,0.6175358280254777,0,29,None,66,1,5,False,1000,1000
13899,144,degCent,10,0.6189291401273885,0,29,None,66,1,5,False,1000,1000
13900,140,degCent,10,0.6599323248407644,0,5,None,66,1,5,False,1000,1000
13901,141,degCent,10,0.6641122611464968,0,5,None,66,1,5,False,1000,1000
13902,142,degCent,10,0.6665007961783439,0,5,None,66,1,5,False,1000,1000
13903,143,degCent,10,0.6695859872611465,0,5,None,66,1,5,False,1000,1000
13904,144,degCent,10,0.6710788216560509,0,5,None,66,1,5,False,1000,1000
13905,140,degCent,10,0.6413216560509554,0,6,None,66,1,5,False,1000,1000
13906,141,degCent,10,0.6424164012738853,0,6,None,66,1,5,False,1000,1000
13907,142,degCent,10,0.6436106687898089,0,6,None,66,1,5,False,1000,1000
13908,143,degCent,10,0.6448049363057324,0,6,None,66,1,5,False,1000,1000
13909,144,degCent,10,0.6460987261146497,0,6,None,66,1,5,False,1000,1000
13910,140,degCent,10,0.62609474522293,0,26,None,66,1,5,False,1000,1000
13911,141,degCent,10,0.6256966560509554,0,26,None,66,1,5,False,1000,1000
13912,142,degCent,10,0.6272890127388535,0,26,None,66,1,5,False,1000,1000
13913,143,degCent,10,0.6286823248407644,0,26,None,66,1,5,False,1000,1000
13914,144,degCent,10,0.6311703821656051,0,26,None,66,1,5,False,1000,1000
13915,140,degCent,10,0.6588375796178344,0,12,None,66,1,5,False,1000,1000
13916,141,degCent,10,0.6649084394904459,0,12,None,66,1,5,False,1000,1000
13917,142,degCent,10,0.6678941082802548,0,12,None,66,1,5,False,1000,1000
13918,143,degCent,10,0.6730692675159236,0,12,None,66,1,5,False,1000,1000
13919,144,degCent,10,0.6762539808917197,0,12,None,66,1,5,False,1000,1000
13920,140,degCent,10,0.6613256369426752,0,30,None,66,1,5,False,1000,1000
13921,141,degCent,10,0.6606289808917197,0,30,None,66,1,5,False,1000,1000
13922,142,degCent,10,0.6610270700636943,0,30,None,66,1,5,False,1000,1000
13923,143,degCent,10,0.6605294585987261,0,30,None,66,1,5,False,1000,1000
13924,144,degCent,10,0.6615246815286624,0,30,None,66,1,5,False,1000,1000
13925,140,degCent,10,0.679140127388535,0,16,None,66,1,5,False,1000,1000
13926,141,degCent,10,0.6838176751592356,0,16,None,66,1,5,False,1000,1000
13927,142,degCent,10,0.6895899681528662,0,16,None,66,1,5,False,1000,1000
13928,143,degCent,10,0.6936703821656051,0,16,None,66,1,5,False,1000,1000
13929,144,degCent,10,0.6988455414012739,0,16,None,66,1,5,False,1000,1000
13930,140,degCent,10,0.6593351910828026,0,14,None,66,1,5,False,1000,1000
13931,141,degCent,10,0.6601313694267515,0,14,None,66,1,5,False,1000,1000
13932,142,degCent,10,0.6609275477707006,0,14,None,66,1,5,False,1000,1000
13933,143,degCent,10,0.6629179936305732,0,14,None,66,1,5,False,1000,1000
13934,144,degCent,10,0.664609872611465,0,14,None,66,1,5,False,1000,1000
13935,140,degCent,10,0.6371417197452229,0,22,None,66,1,5,False,1000,1000
13936,141,degCent,10,0.6416202229299363,0,22,None,66,1,5,False,1000,1000
13937,142,degCent,10,0.6439092356687898,0,22,None,66,1,5,False,1000,1000
13938,143,degCent,10,0.6458996815286624,0,22,None,66,1,5,False,1000,1000
13939,144,degCent,10,0.6491839171974523,0,22,None,66,1,5,False,1000,1000
13940,140,degCent,10,0.6448049363057324,0,23,None,66,1,5,False,1000,1000
13941,141,degCent,10,0.6469944267515924,0,23,None,66,1,5,False,1000,1000
13942,142,degCent,10,0.6492834394904459,0,23,None,66,1,5,False,1000,1000
13943,143,degCent,10,0.6514729299363057,0,23,None,66,1,5,False,1000,1000
13944,144,degCent,10,0.6522691082802548,0,23,None,66,1,5,False,1000,1000
13945,140,degCent,10,0.6530652866242038,0,0,None,66,1,5,False,1000,1000
13946,141,degCent,10,0.6538614649681529,0,0,None,66,1,5,False,1000,1000
13947,142,degCent,10,0.6547571656050956,0,0,None,66,1,5,False,1000,1000
13948,143,degCent,10,0.6563495222929936,0,0,None,66,1,5,False,1000,1000
13949,144,degCent,10,0.6588375796178344,0,0,None,66,1,5,False,1000,1000
13950,140,degCent,10,0.6390326433121019,0,7,None,66,1,5,False,1000,1000
13951,141,degCent,10,0.6402269108280255,0,7,None,66,1,5,False,1000,1000
13952,142,degCent,10,0.6416202229299363,0,7,None,66,1,5,False,1000,1000
13953,143,degCent,10,0.6428144904458599,0,7,None,66,1,5,False,1000,1000
13954,144,degCent,10,0.6443073248407644,0,7,None,66,1,5,False,1000,1000
13955,140,degCent,10,0.664609872611465,0,32,None,66,1,5,False,1000,1000
13956,141,degCent,10,0.6625199044585988,0,32,None,66,1,5,False,1000,1000
13957,142,degCent,10,0.662718949044586,0,32,None,66,1,5,False,1000,1000
13958,143,degCent,10,0.6639132165605095,0,32,None,66,1,5,False,1000,1000
13959,144,degCent,10,0.6644108280254777,0,32,None,66,1,5,False,1000,1000
13960,140,degCent,10,0.6669984076433121,0,4,None,66,1,5,False,1000,1000
13961,141,degCent,10,0.6668988853503185,0,4,None,66,1,5,False,1000,1000
13962,142,degCent,10,0.6678941082802548,0,4,None,66,1,5,False,1000,1000
13963,143,degCent,10,0.6693869426751592,0,4,None,66,1,5,False,1000,1000
13964,144,degCent,10,0.6706807324840764,0,4,None,66,1,5,False,1000,1000
13965,140,degCent,10,0.5873805732484076,0,18,None,66,1,5,False,1000,1000
13966,141,degCent,10,0.586484872611465,0,18,None,66,1,5,False,1000,1000
13967,142,degCent,10,0.5884753184713376,0,18,None,66,1,5,False,1000,1000
13968,143,degCent,10,0.589968152866242,0,18,None,66,1,5,False,1000,1000
13969,144,degCent,10,0.5916600318471338,0,18,None,66,1,5,False,1000,1000
13970,140,degCent,10,0.6746616242038217,0,31,None,66,1,5,False,1000,1000
13971,141,degCent,10,0.6763535031847133,0,31,None,66,1,5,False,1000,1000
13972,142,degCent,10,0.6781449044585988,0,31,None,66,1,5,False,1000,1000
13973,143,degCent,10,0.6801353503184714,0,31,None,66,1,5,False,1000,1000
13974,144,degCent,10,0.681827229299363,0,31,None,66,1,5,False,1000,1000
13975,140,degCent,10,0.6199243630573248,0,27,None,66,1,5,False,1000,1000
13976,141,degCent,10,0.6241042993630573,0,27,None,66,1,5,False,1000,1000
13977,142,degCent,10,0.6269904458598726,0,27,None,66,1,5,False,1000,1000
13978,143,degCent,10,0.6305732484076433,0,27,None,66,1,5,False,1000,1000
13979,144,degCent,10,0.634156050955414,0,27,None,66,1,5,False,1000,1000
13980,140,degCent,10,0.6522691082802548,0,19,None,66,1,5,False,1000,1000
13981,141,degCent,10,0.6537619426751592,0,19,None,66,1,5,False,1000,1000
13982,142,degCent,10,0.6552547770700637,0,19,None,66,1,5,False,1000,1000
13983,143,degCent,10,0.6567476114649682,0,19,None,66,1,5,False,1000,1000
13984,144,degCent,10,0.660031847133758,0,19,None,66,1,5,False,1000,1000
13985,140,degCent,10,0.623109076433121,0,8,None,66,1,5,False,1000,1000
13986,141,degCent,10,0.6290804140127388,0,8,None,66,1,5,False,1000,1000
13987,142,degCent,10,0.6348527070063694,0,8,None,66,1,5,False,1000,1000
13988,143,degCent,10,0.6402269108280255,0,8,None,66,1,5,False,1000,1000
13989,144,degCent,10,0.6450039808917197,0,8,None,66,1,5,False,1000,1000
13990,140,degCent,10,0.6294785031847133,0,21,None,66,1,5,False,1000,1000
13991,141,degCent,10,0.6269904458598726,0,21,None,66,1,5,False,1000,1000
13992,142,degCent,10,0.6252985668789809,0,21,None,66,1,5,False,1000,1000
13993,143,degCent,10,0.6250995222929936,0,21,None,66,1,5,False,1000,1000
13994,144,degCent,10,0.6250995222929936,0,21,None,66,1,5,False,1000,1000
13995,140,degCent,10,0.6229100318471338,0,10,None,66,1,5,False,1000,1000
13996,141,degCent,10,0.6326632165605095,0,10,None,66,1,5,False,1000,1000
13997,142,degCent,10,0.640625,0,10,None,66,1,5,False,1000,1000
13998,143,degCent,10,0.6476910828025477,0,10,None,66,1,5,False,1000,1000
13999,144,degCent,10,0.6552547770700637,0,10,None,66,1,5,False,1000,1000
14000,140,degCent,10,0.6235071656050956,0,15,None,66,1,5,False,1000,1000
14001,141,degCent,10,0.6255971337579618,0,15,None,66,1,5,False,1000,1000
14002,142,degCent,10,0.6272890127388535,0,15,None,66,1,5,False,1000,1000
14003,143,degCent,10,0.6286823248407644,0,15,None,66,1,5,False,1000,1000
14004,144,degCent,10,0.630672770700637,0,15,None,66,1,5,False,1000,1000
14005,140,degCent,10,0.4304339171974522,0,11,None,66,1,5,False,1000,1000
14006,141,degCent,10,0.4205812101910828,0,11,None,66,1,5,False,1000,1000
14007,142,degCent,10,0.4142117834394904,0,11,None,66,1,5,False,1000,1000
14008,143,degCent,10,0.4088375796178344,0,11,None,66,1,5,False,1000,1000
14009,144,degCent,10,0.4048566878980891,0,11,None,66,1,5,False,1000,1000
14010,140,degCent,10,0.5640923566878981,0,3,None,66,1,5,False,1000,1000
14011,141,degCent,10,0.5463773885350318,0,3,None,66,1,5,False,1000,1000
14012,142,degCent,10,0.5287619426751592,0,3,None,66,1,5,False,1000,1000
14013,143,degCent,10,0.5114450636942676,0,3,None,66,1,5,False,1000,1000
14014,144,degCent,10,0.4945262738853503,0,3,None,66,1,5,False,1000,1000
14015,140,degCent,10,0.6675955414012739,0,17,None,66,1,5,False,1000,1000
14016,141,degCent,10,0.6667993630573248,0,17,None,66,1,5,False,1000,1000
14017,142,degCent,10,0.6677945859872612,0,17,None,66,1,5,False,1000,1000
14018,143,degCent,10,0.6679936305732485,0,17,None,66,1,5,False,1000,1000
14019,144,degCent,10,0.6681926751592356,0,17,None,66,1,5,False,1000,1000
14020,140,degCent,10,0.6466958598726115,0,24,None,66,1,5,False,1000,1000
14021,141,degCent,10,0.6491839171974523,0,24,None,66,1,5,False,1000,1000
14022,142,degCent,10,0.6509753184713376,0,24,None,66,1,5,False,1000,1000
14023,143,degCent,10,0.6532643312101911,0,24,None,66,1,5,False,1000,1000
14024,144,degCent,10,0.6558519108280255,0,24,None,66,1,5,False,1000,1000
14025,145,degCent,10,0.65625,0,2,None,66,1,5,False,1000,1000
14026,146,degCent,10,0.6751592356687898,0,2,None,66,1,5,False,1000,1000
14027,147,degCent,10,0.6568471337579618,0,2,None,66,1,5,False,1000,1000
14028,148,degCent,10,0.6456011146496815,0,2,None,66,1,5,False,1000,1000
14029,149,degCent,10,0.6371417197452229,0,2,None,66,1,5,False,1000,1000
14030,145,degCent,10,0.6472929936305732,0,23,None,66,1,5,False,1000,1000
14031,146,degCent,10,0.6498805732484076,0,23,None,66,1,5,False,1000,1000
14032,147,degCent,10,0.6513734076433121,0,23,None,66,1,5,False,1000,1000
14033,148,degCent,10,0.6523686305732485,0,23,None,66,1,5,False,1000,1000
14034,149,degCent,10,0.6534633757961783,0,23,None,66,1,5,False,1000,1000
14035,145,degCent,10,0.6633160828025477,0,5,None,66,1,5,False,1000,1000
14036,146,degCent,10,0.6664012738853503,0,5,None,66,1,5,False,1000,1000
14037,147,degCent,10,0.6690883757961783,0,5,None,66,1,5,False,1000,1000
14038,148,degCent,10,0.6709792993630573,0,5,None,66,1,5,False,1000,1000
14039,149,degCent,10,0.6738654458598726,0,5,None,66,1,5,False,1000,1000
14040,145,degCent,10,0.6419187898089171,0,7,None,66,1,5,False,1000,1000
14041,146,degCent,10,0.6432125796178344,0,7,None,66,1,5,False,1000,1000
14042,147,degCent,10,0.6445063694267515,0,7,None,66,1,5,False,1000,1000
14043,148,degCent,10,0.6456011146496815,0,7,None,66,1,5,False,1000,1000
14044,149,degCent,10,0.6471934713375797,0,7,None,66,1,5,False,1000,1000
14045,145,degCent,10,0.6823248407643312,0,16,None,66,1,5,False,1000,1000
14046,146,degCent,10,0.6875995222929936,0,16,None,66,1,5,False,1000,1000
14047,147,degCent,10,0.6926751592356688,0,16,None,66,1,5,False,1000,1000
14048,148,degCent,10,0.6982484076433121,0,16,None,66,1,5,False,1000,1000
14049,149,degCent,10,0.7018312101910829,0,16,None,66,1,5,False,1000,1000
14050,145,degCent,10,0.6682921974522293,0,32,None,66,1,5,False,1000,1000
14051,146,degCent,10,0.668093152866242,0,32,None,66,1,5,False,1000,1000
14052,147,degCent,10,0.667296974522293,0,32,None,66,1,5,False,1000,1000
14053,148,degCent,10,0.6667993630573248,0,32,None,66,1,5,False,1000,1000
14054,149,degCent,10,0.6669984076433121,0,32,None,66,1,5,False,1000,1000
14055,145,degCent,10,0.6118630573248408,0,29,None,66,1,5,False,1000,1000
14056,146,degCent,10,0.6138535031847133,0,29,None,66,1,5,False,1000,1000
14057,147,degCent,10,0.6153463375796179,0,29,None,66,1,5,False,1000,1000
14058,148,degCent,10,0.6172372611464968,0,29,None,66,1,5,False,1000,1000
14059,149,degCent,10,0.6183320063694268,0,29,None,66,1,5,False,1000,1000
14060,145,degCent,10,0.6245023885350318,0,15,None,66,1,5,False,1000,1000
14061,146,degCent,10,0.6271894904458599,0,15,None,66,1,5,False,1000,1000
14062,147,degCent,10,0.6290804140127388,0,15,None,66,1,5,False,1000,1000
14063,148,degCent,10,0.6297770700636943,0,15,None,66,1,5,False,1000,1000
14064,149,degCent,10,0.6317675159235668,0,15,None,66,1,5,False,1000,1000
14065,145,degCent,10,0.5904657643312102,0,18,None,66,1,5,False,1000,1000
14066,146,degCent,10,0.5889729299363057,0,18,None,66,1,5,False,1000,1000
14067,147,degCent,10,0.5911624203821656,0,18,None,66,1,5,False,1000,1000
14068,148,degCent,10,0.5922571656050956,0,18,None,66,1,5,False,1000,1000
14069,149,degCent,10,0.59375,0,18,None,66,1,5,False,1000,1000
14070,145,degCent,10,0.62390525477707,0,8,None,66,1,5,False,1000,1000
14071,146,degCent,10,0.6290804140127388,0,8,None,66,1,5,False,1000,1000
14072,147,degCent,10,0.6353503184713376,0,8,None,66,1,5,False,1000,1000
14073,148,degCent,10,0.6408240445859873,0,8,None,66,1,5,False,1000,1000
14074,149,degCent,10,0.6453025477707006,0,8,None,66,1,5,False,1000,1000
14075,145,degCent,10,0.5850915605095541,0,20,None,66,1,5,False,1000,1000
14076,146,degCent,10,0.5844944267515924,0,20,None,66,1,5,False,1000,1000
14077,147,degCent,10,0.5826035031847133,0,20,None,66,1,5,False,1000,1000
14078,148,degCent,10,0.5820063694267515,0,20,None,66,1,5,False,1000,1000
14079,149,degCent,10,0.591859076433121,0,20,None,66,1,5,False,1000,1000
14080,145,degCent,10,0.6697850318471338,0,4,None,66,1,5,False,1000,1000
14081,146,degCent,10,0.6692874203821656,0,4,None,66,1,5,False,1000,1000
14082,147,degCent,10,0.6709792993630573,0,4,None,66,1,5,False,1000,1000
14083,148,degCent,10,0.6721735668789809,0,4,None,66,1,5,False,1000,1000
14084,149,degCent,10,0.6739649681528662,0,4,None,66,1,5,False,1000,1000
14085,145,degCent,10,0.6043988853503185,0,28,None,66,1,5,False,1000,1000
14086,146,degCent,10,0.6071855095541401,0,28,None,66,1,5,False,1000,1000
14087,147,degCent,10,0.6092754777070064,0,28,None,66,1,5,False,1000,1000
14088,148,degCent,10,0.6101711783439491,0,28,None,66,1,5,False,1000,1000
14089,149,degCent,10,0.6115644904458599,0,28,None,66,1,5,False,1000,1000
14090,145,degCent,10,0.660828025477707,0,19,None,66,1,5,False,1000,1000
14091,146,degCent,10,0.6639132165605095,0,19,None,66,1,5,False,1000,1000
14092,147,degCent,10,0.6656050955414012,0,19,None,66,1,5,False,1000,1000
14093,148,degCent,10,0.6684912420382165,0,19,None,66,1,5,False,1000,1000
14094,149,degCent,10,0.6709792993630573,0,19,None,66,1,5,False,1000,1000
14095,145,degCent,10,0.636843152866242,0,21,None,66,1,5,False,1000,1000
14096,146,degCent,10,0.6303742038216561,0,21,None,66,1,5,False,1000,1000
14097,147,degCent,10,0.6272890127388535,0,21,None,66,1,5,False,1000,1000
14098,148,degCent,10,0.6257961783439491,0,21,None,66,1,5,False,1000,1000
14099,149,degCent,10,0.6254976114649682,0,21,None,66,1,5,False,1000,1000
14100,145,degCent,10,0.6449044585987261,0,24,None,66,1,5,False,1000,1000
14101,146,degCent,10,0.647890127388535,0,24,None,66,1,5,False,1000,1000
14102,147,degCent,10,0.6508757961783439,0,24,None,66,1,5,False,1000,1000
14103,148,degCent,10,0.6526671974522293,0,24,None,66,1,5,False,1000,1000
14104,149,degCent,10,0.6549562101910829,0,24,None,66,1,5,False,1000,1000
14105,145,degCent,10,0.6668988853503185,0,30,None,66,1,5,False,1000,1000
14106,146,degCent,10,0.6659036624203821,0,30,None,66,1,5,False,1000,1000
14107,147,degCent,10,0.6661027070063694,0,30,None,66,1,5,False,1000,1000
14108,148,degCent,10,0.6664012738853503,0,30,None,66,1,5,False,1000,1000
14109,149,degCent,10,0.666202229299363,0,30,None,66,1,5,False,1000,1000
14110,145,degCent,10,0.6194267515923567,0,27,None,66,1,5,False,1000,1000
14111,146,degCent,10,0.6236066878980892,0,27,None,66,1,5,False,1000,1000
14112,147,degCent,10,0.6272890127388535,0,27,None,66,1,5,False,1000,1000
14113,148,degCent,10,0.6311703821656051,0,27,None,66,1,5,False,1000,1000
14114,149,degCent,10,0.634952229299363,0,27,None,66,1,5,False,1000,1000
14115,145,degCent,10,0.6784434713375797,0,31,None,66,1,5,False,1000,1000
14116,146,degCent,10,0.6801353503184714,0,31,None,66,1,5,False,1000,1000
14117,147,degCent,10,0.6828224522292994,0,31,None,66,1,5,False,1000,1000
14118,148,degCent,10,0.6842157643312102,0,31,None,66,1,5,False,1000,1000
14119,149,degCent,10,0.6872014331210191,0,31,None,66,1,5,False,1000,1000
14120,145,degCent,10,0.6602308917197452,0,14,None,66,1,5,False,1000,1000
14121,146,degCent,10,0.6613256369426752,0,14,None,66,1,5,False,1000,1000
14122,147,degCent,10,0.6621218152866242,0,14,None,66,1,5,False,1000,1000
14123,148,degCent,10,0.663515127388535,0,14,None,66,1,5,False,1000,1000
14124,149,degCent,10,0.6659036624203821,0,14,None,66,1,5,False,1000,1000
14125,145,degCent,10,0.6416202229299363,0,22,None,66,1,5,False,1000,1000
14126,146,degCent,10,0.646297770700637,0,22,None,66,1,5,False,1000,1000
14127,147,degCent,10,0.6502786624203821,0,22,None,66,1,5,False,1000,1000
14128,148,degCent,10,0.6515724522292994,0,22,None,66,1,5,False,1000,1000
14129,149,degCent,10,0.6532643312101911,0,22,None,66,1,5,False,1000,1000
14130,145,degCent,10,0.6371417197452229,0,9,None,66,1,5,False,1000,1000
14131,146,degCent,10,0.6458996815286624,0,9,None,66,1,5,False,1000,1000
14132,147,degCent,10,0.654359076433121,0,9,None,66,1,5,False,1000,1000
14133,148,degCent,10,0.6628184713375797,0,9,None,66,1,5,False,1000,1000
14134,149,degCent,10,0.6741640127388535,0,9,None,66,1,5,False,1000,1000
14135,145,degCent,10,0.6548566878980892,0,1,None,66,1,5,False,1000,1000
14136,146,degCent,10,0.6564490445859873,0,1,None,66,1,5,False,1000,1000
14137,147,degCent,10,0.6576433121019108,0,1,None,66,1,5,False,1000,1000
14138,148,degCent,10,0.6593351910828026,0,1,None,66,1,5,False,1000,1000
14139,149,degCent,10,0.6612261146496815,0,1,None,66,1,5,False,1000,1000
14140,145,degCent,10,0.6560509554140127,0,0,None,66,1,5,False,1000,1000
14141,146,degCent,10,0.6560509554140127,0,0,None,66,1,5,False,1000,1000
14142,147,degCent,10,0.658140923566879,0,0,None,66,1,5,False,1000,1000
14143,148,degCent,10,0.6597332802547771,0,0,None,66,1,5,False,1000,1000
14144,149,degCent,10,0.6606289808917197,0,0,None,66,1,5,False,1000,1000
14145,145,degCent,10,0.4309315286624204,0,11,None,66,1,5,False,1000,1000
14146,146,degCent,10,0.4215764331210191,0,11,None,66,1,5,False,1000,1000
14147,147,degCent,10,0.4164012738853503,0,11,None,66,1,5,False,1000,1000
14148,148,degCent,10,0.4104299363057325,0,11,None,66,1,5,False,1000,1000
14149,149,degCent,10,0.4060509554140127,0,11,None,66,1,5,False,1000,1000
14150,145,degCent,10,0.6264928343949044,0,10,None,66,1,5,False,1000,1000
14151,146,degCent,10,0.6344546178343949,0,10,None,66,1,5,False,1000,1000
14152,147,degCent,10,0.6430135350318471,0,10,None,66,1,5,False,1000,1000
14153,148,degCent,10,0.6500796178343949,0,10,None,66,1,5,False,1000,1000
14154,149,degCent,10,0.6577428343949044,0,10,None,66,1,5,False,1000,1000
14155,145,degCent,10,0.6709792993630573,0,17,None,66,1,5,False,1000,1000
14156,146,degCent,10,0.6700835987261147,0,17,None,66,1,5,False,1000,1000
14157,147,degCent,10,0.6698845541401274,0,17,None,66,1,5,False,1000,1000
14158,148,degCent,10,0.6694864649681529,0,17,None,66,1,5,False,1000,1000
14159,149,degCent,10,0.6705812101910829,0,17,None,66,1,5,False,1000,1000
14160,145,degCent,10,0.647093949044586,0,6,None,66,1,5,False,1000,1000
14161,146,degCent,10,0.6487858280254777,0,6,None,66,1,5,False,1000,1000
14162,147,degCent,10,0.6494824840764332,0,6,None,66,1,5,False,1000,1000
14163,148,degCent,10,0.6507762738853503,0,6,None,66,1,5,False,1000,1000
14164,149,degCent,10,0.6518710191082803,0,6,None,66,1,5,False,1000,1000
14165,145,degCent,10,0.5604100318471338,0,3,None,66,1,5,False,1000,1000
14166,146,degCent,10,0.5437898089171974,0,3,None,66,1,5,False,1000,1000
14167,147,degCent,10,0.5287619426751592,0,3,None,66,1,5,False,1000,1000
14168,148,degCent,10,0.5123407643312102,0,3,None,66,1,5,False,1000,1000
14169,149,degCent,10,0.4974124203821656,0,3,None,66,1,5,False,1000,1000
14170,145,degCent,10,0.6637141719745223,0,12,None,66,1,5,False,1000,1000
14171,146,degCent,10,0.667296974522293,0,12,None,66,1,5,False,1000,1000
14172,147,degCent,10,0.6716759554140127,0,12,None,66,1,5,False,1000,1000
14173,148,degCent,10,0.6755573248407644,0,12,None,66,1,5,False,1000,1000
14174,149,degCent,10,0.6798367834394905,0,12,None,66,1,5,False,1000,1000
14175,145,degCent,10,0.6937699044585988,0,25,None,66,1,5,False,1000,1000
14176,146,degCent,10,0.6944665605095541,0,25,None,66,1,5,False,1000,1000
14177,147,degCent,10,0.6938694267515924,0,25,None,66,1,5,False,1000,1000
14178,148,degCent,10,0.6949641719745223,0,25,None,66,1,5,False,1000,1000
14179,149,degCent,10,0.6945660828025477,0,25,None,66,1,5,False,1000,1000
14180,145,degCent,10,0.6701831210191083,0,13,None,66,1,5,False,1000,1000
14181,146,degCent,10,0.6717754777070064,0,13,None,66,1,5,False,1000,1000
14182,147,degCent,10,0.6741640127388535,0,13,None,66,1,5,False,1000,1000
14183,148,degCent,10,0.6770501592356688,0,13,None,66,1,5,False,1000,1000
14184,149,degCent,10,0.6782444267515924,0,13,None,66,1,5,False,1000,1000
14185,145,degCent,10,0.6273885350318471,0,26,None,66,1,5,False,1000,1000
14186,146,degCent,10,0.6283837579617835,0,26,None,66,1,5,False,1000,1000
14187,147,degCent,10,0.6301751592356688,0,26,None,66,1,5,False,1000,1000
14188,148,degCent,10,0.6312699044585988,0,26,None,66,1,5,False,1000,1000
14189,149,degCent,10,0.6328622611464968,0,26,None,66,1,5,False,1000,1000
14190,150,degCent,10,0.6242038216560509,0,27,None,66,1,5,False,1000,1000
14191,151,degCent,10,0.6280851910828026,0,27,None,66,1,5,False,1000,1000
14192,152,degCent,10,0.6310708598726115,0,27,None,66,1,5,False,1000,1000
14193,153,degCent,10,0.6340565286624203,0,27,None,66,1,5,False,1000,1000
14194,154,degCent,10,0.6369426751592356,0,27,None,66,1,5,False,1000,1000
14195,150,degCent,10,0.6340565286624203,0,21,None,66,1,5,False,1000,1000
14196,151,degCent,10,0.6317675159235668,0,21,None,66,1,5,False,1000,1000
14197,152,degCent,10,0.6307722929936306,0,21,None,66,1,5,False,1000,1000
14198,153,degCent,10,0.6296775477707006,0,21,None,66,1,5,False,1000,1000
14199,154,degCent,10,0.6291799363057324,0,21,None,66,1,5,False,1000,1000
14200,150,degCent,10,0.6604299363057324,0,2,None,66,1,5,False,1000,1000
14201,151,degCent,10,0.676453025477707,0,2,None,66,1,5,False,1000,1000
14202,152,degCent,10,0.6602308917197452,0,2,None,66,1,5,False,1000,1000
14203,153,degCent,10,0.6485867834394905,0,2,None,66,1,5,False,1000,1000
14204,154,degCent,10,0.6394307324840764,0,2,None,66,1,5,False,1000,1000
14205,150,degCent,10,0.6498805732484076,0,23,None,66,1,5,False,1000,1000
14206,151,degCent,10,0.6520700636942676,0,23,None,66,1,5,False,1000,1000
14207,152,degCent,10,0.6530652866242038,0,23,None,66,1,5,False,1000,1000
14208,153,degCent,10,0.653562898089172,0,23,None,66,1,5,False,1000,1000
14209,154,degCent,10,0.6563495222929936,0,23,None,66,1,5,False,1000,1000
14210,150,degCent,10,0.6448049363057324,0,22,None,66,1,5,False,1000,1000
14211,151,degCent,10,0.6486863057324841,0,22,None,66,1,5,False,1000,1000
14212,152,degCent,10,0.6523686305732485,0,22,None,66,1,5,False,1000,1000
14213,153,degCent,10,0.653562898089172,0,22,None,66,1,5,False,1000,1000
14214,154,degCent,10,0.6548566878980892,0,22,None,66,1,5,False,1000,1000
14215,150,degCent,10,0.6708797770700637,0,32,None,66,1,5,False,1000,1000
14216,151,degCent,10,0.6688893312101911,0,32,None,66,1,5,False,1000,1000
14217,152,degCent,10,0.6696855095541401,0,32,None,66,1,5,False,1000,1000
14218,153,degCent,10,0.6692874203821656,0,32,None,66,1,5,False,1000,1000
14219,154,degCent,10,0.6694864649681529,0,32,None,66,1,5,False,1000,1000
14220,150,degCent,10,0.6134554140127388,0,29,None,66,1,5,False,1000,1000
14221,151,degCent,10,0.617734872611465,0,29,None,66,1,5,False,1000,1000
14222,152,degCent,10,0.619327229299363,0,29,None,66,1,5,False,1000,1000
14223,153,degCent,10,0.6206210191082803,0,29,None,66,1,5,False,1000,1000
14224,154,degCent,10,0.6220143312101911,0,29,None,66,1,5,False,1000,1000
14225,150,degCent,10,0.6521695859872612,0,24,None,66,1,5,False,1000,1000
14226,151,degCent,10,0.6537619426751592,0,24,None,66,1,5,False,1000,1000
14227,152,degCent,10,0.6555533439490446,0,24,None,66,1,5,False,1000,1000
14228,153,degCent,10,0.6576433121019108,0,24,None,66,1,5,False,1000,1000
14229,154,degCent,10,0.6597332802547771,0,24,None,66,1,5,False,1000,1000
14230,150,degCent,10,0.6760549363057324,0,31,None,66,1,5,False,1000,1000
14231,151,degCent,10,0.6779458598726115,0,31,None,66,1,5,False,1000,1000
14232,152,degCent,10,0.6804339171974523,0,31,None,66,1,5,False,1000,1000
14233,153,degCent,10,0.6822253184713376,0,31,None,66,1,5,False,1000,1000
14234,154,degCent,10,0.6846138535031847,0,31,None,66,1,5,False,1000,1000
14235,150,degCent,10,0.586484872611465,0,20,None,66,1,5,False,1000,1000
14236,151,degCent,10,0.5859872611464968,0,20,None,66,1,5,False,1000,1000
14237,152,degCent,10,0.5841958598726115,0,20,None,66,1,5,False,1000,1000
14238,153,degCent,10,0.5851910828025477,0,20,None,66,1,5,False,1000,1000
14239,154,degCent,10,0.5986265923566879,0,20,None,66,1,5,False,1000,1000
14240,150,degCent,10,0.6059912420382165,0,28,None,66,1,5,False,1000,1000
14241,151,degCent,10,0.6077826433121019,0,28,None,66,1,5,False,1000,1000
14242,152,degCent,10,0.6098726114649682,0,28,None,66,1,5,False,1000,1000
14243,153,degCent,10,0.6117635350318471,0,28,None,66,1,5,False,1000,1000
14244,154,degCent,10,0.6130573248407644,0,28,None,66,1,5,False,1000,1000
14245,150,degCent,10,0.6831210191082803,0,13,None,66,1,5,False,1000,1000
14246,151,degCent,10,0.6814291401273885,0,13,None,66,1,5,False,1000,1000
14247,152,degCent,10,0.6795382165605095,0,13,None,66,1,5,False,1000,1000
14248,153,degCent,10,0.6782444267515924,0,13,None,66,1,5,False,1000,1000
14249,154,degCent,10,0.6780453821656051,0,13,None,66,1,5,False,1000,1000
14250,150,degCent,10,0.6653065286624203,0,5,None,66,1,5,False,1000,1000
14251,151,degCent,10,0.6689888535031847,0,5,None,66,1,5,False,1000,1000
14252,152,degCent,10,0.6711783439490446,0,5,None,66,1,5,False,1000,1000
14253,153,degCent,10,0.67296974522293,0,5,None,66,1,5,False,1000,1000
14254,154,degCent,10,0.6767515923566879,0,5,None,66,1,5,False,1000,1000
14255,150,degCent,10,0.648984872611465,0,6,None,66,1,5,False,1000,1000
14256,151,degCent,10,0.6504777070063694,0,6,None,66,1,5,False,1000,1000
14257,152,degCent,10,0.6514729299363057,0,6,None,66,1,5,False,1000,1000
14258,153,degCent,10,0.6523686305732485,0,6,None,66,1,5,False,1000,1000
14259,154,degCent,10,0.6530652866242038,0,6,None,66,1,5,False,1000,1000
14260,150,degCent,10,0.6806329617834395,0,14,None,66,1,5,False,1000,1000
14261,151,degCent,10,0.6816281847133758,0,14,None,66,1,5,False,1000,1000
14262,152,degCent,10,0.6832205414012739,0,14,None,66,1,5,False,1000,1000
14263,153,degCent,10,0.6855095541401274,0,14,None,66,1,5,False,1000,1000
14264,154,degCent,10,0.6868033439490446,0,14,None,66,1,5,False,1000,1000
14265,150,degCent,10,0.6453025477707006,0,7,None,66,1,5,False,1000,1000
14266,151,degCent,10,0.6461982484076433,0,7,None,66,1,5,False,1000,1000
14267,152,degCent,10,0.6474920382165605,0,7,None,66,1,5,False,1000,1000
14268,153,degCent,10,0.6487858280254777,0,7,None,66,1,5,False,1000,1000
14269,154,degCent,10,0.649781050955414,0,7,None,66,1,5,False,1000,1000
14270,150,degCent,10,0.6237062101910829,0,26,None,66,1,5,False,1000,1000
14271,151,degCent,10,0.6236066878980892,0,26,None,66,1,5,False,1000,1000
14272,152,degCent,10,0.6250995222929936,0,26,None,66,1,5,False,1000,1000
14273,153,degCent,10,0.626890923566879,0,26,None,66,1,5,False,1000,1000
14274,154,degCent,10,0.6291799363057324,0,26,None,66,1,5,False,1000,1000
14275,150,degCent,10,0.6714769108280255,0,30,None,66,1,5,False,1000,1000
14276,151,degCent,10,0.6725716560509554,0,30,None,66,1,5,False,1000,1000
14277,152,degCent,10,0.6726711783439491,0,30,None,66,1,5,False,1000,1000
14278,153,degCent,10,0.6727707006369427,0,30,None,66,1,5,False,1000,1000
14279,154,degCent,10,0.6720740445859873,0,30,None,66,1,5,False,1000,1000
14280,150,degCent,10,0.6391321656050956,0,9,None,66,1,5,False,1000,1000
14281,151,degCent,10,0.6475915605095541,0,9,None,66,1,5,False,1000,1000
14282,152,degCent,10,0.65625,0,9,None,66,1,5,False,1000,1000
14283,153,degCent,10,0.6663017515923567,0,9,None,66,1,5,False,1000,1000
14284,154,degCent,10,0.6769506369426752,0,9,None,66,1,5,False,1000,1000
14285,150,degCent,10,0.6758558917197452,0,25,None,66,1,5,False,1000,1000
14286,151,degCent,10,0.6733678343949044,0,25,None,66,1,5,False,1000,1000
14287,152,degCent,10,0.6740644904458599,0,25,None,66,1,5,False,1000,1000
14288,153,degCent,10,0.6738654458598726,0,25,None,66,1,5,False,1000,1000
14289,154,degCent,10,0.6741640127388535,0,25,None,66,1,5,False,1000,1000
14290,150,degCent,10,0.6666003184713376,0,12,None,66,1,5,False,1000,1000
14291,151,degCent,10,0.6705812101910829,0,12,None,66,1,5,False,1000,1000
14292,152,degCent,10,0.673765923566879,0,12,None,66,1,5,False,1000,1000
14293,153,degCent,10,0.6781449044585988,0,12,None,66,1,5,False,1000,1000
14294,154,degCent,10,0.682921974522293,0,12,None,66,1,5,False,1000,1000
14295,150,degCent,10,0.6571457006369427,0,1,None,66,1,5,False,1000,1000
14296,151,degCent,10,0.6584394904458599,0,1,None,66,1,5,False,1000,1000
14297,152,degCent,10,0.6602308917197452,0,1,None,66,1,5,False,1000,1000
14298,153,degCent,10,0.661922770700637,0,1,None,66,1,5,False,1000,1000
14299,154,degCent,10,0.6638136942675159,0,1,None,66,1,5,False,1000,1000
14300,150,degCent,10,0.6730692675159236,0,17,None,66,1,5,False,1000,1000
14301,151,degCent,10,0.6717754777070064,0,17,None,66,1,5,False,1000,1000
14302,152,degCent,10,0.6711783439490446,0,17,None,66,1,5,False,1000,1000
14303,153,degCent,10,0.67296974522293,0,17,None,66,1,5,False,1000,1000
14304,154,degCent,10,0.6734673566878981,0,17,None,66,1,5,False,1000,1000
14305,150,degCent,10,0.4331210191082802,0,11,None,66,1,5,False,1000,1000
14306,151,degCent,10,0.424562101910828,0,11,None,66,1,5,False,1000,1000
14307,152,degCent,10,0.4192874203821656,0,11,None,66,1,5,False,1000,1000
14308,153,degCent,10,0.4138136942675159,0,11,None,66,1,5,False,1000,1000
14309,154,degCent,10,0.4103304140127388,0,11,None,66,1,5,False,1000,1000
14310,150,degCent,10,0.6574442675159236,0,0,None,66,1,5,False,1000,1000
14311,151,degCent,10,0.6582404458598726,0,0,None,66,1,5,False,1000,1000
14312,152,degCent,10,0.6591361464968153,0,0,None,66,1,5,False,1000,1000
14313,153,degCent,10,0.6611265923566879,0,0,None,66,1,5,False,1000,1000
14314,154,degCent,10,0.6622213375796179,0,0,None,66,1,5,False,1000,1000
14315,150,degCent,10,0.6288813694267515,0,8,None,66,1,5,False,1000,1000
14316,151,degCent,10,0.6342555732484076,0,8,None,66,1,5,False,1000,1000
14317,152,degCent,10,0.640625,0,8,None,66,1,5,False,1000,1000
14318,153,degCent,10,0.6445063694267515,0,8,None,66,1,5,False,1000,1000
14319,154,degCent,10,0.6485867834394905,0,8,None,66,1,5,False,1000,1000
14320,150,degCent,10,0.6724721337579618,0,4,None,66,1,5,False,1000,1000
14321,151,degCent,10,0.6726711783439491,0,4,None,66,1,5,False,1000,1000
14322,152,degCent,10,0.6739649681528662,0,4,None,66,1,5,False,1000,1000
14323,153,degCent,10,0.6755573248407644,0,4,None,66,1,5,False,1000,1000
14324,154,degCent,10,0.6774482484076433,0,4,None,66,1,5,False,1000,1000
14325,150,degCent,10,0.6842157643312102,0,16,None,66,1,5,False,1000,1000
14326,151,degCent,10,0.6888933121019108,0,16,None,66,1,5,False,1000,1000
14327,152,degCent,10,0.6943670382165605,0,16,None,66,1,5,False,1000,1000
14328,153,degCent,10,0.6991441082802548,0,16,None,66,1,5,False,1000,1000
14329,154,degCent,10,0.7040207006369427,0,16,None,66,1,5,False,1000,1000
14330,150,degCent,10,0.6560509554140127,0,19,None,66,1,5,False,1000,1000
14331,151,degCent,10,0.6588375796178344,0,19,None,66,1,5,False,1000,1000
14332,152,degCent,10,0.6617237261146497,0,19,None,66,1,5,False,1000,1000
14333,153,degCent,10,0.6642117834394905,0,19,None,66,1,5,False,1000,1000
14334,154,degCent,10,0.6670979299363057,0,19,None,66,1,5,False,1000,1000
14335,150,degCent,10,0.5935509554140127,0,18,None,66,1,5,False,1000,1000
14336,151,degCent,10,0.5920581210191083,0,18,None,66,1,5,False,1000,1000
14337,152,degCent,10,0.5925557324840764,0,18,None,66,1,5,False,1000,1000
14338,153,degCent,10,0.5946457006369427,0,18,None,66,1,5,False,1000,1000
14339,154,degCent,10,0.5957404458598726,0,18,None,66,1,5,False,1000,1000
14340,150,degCent,10,0.6288813694267515,0,10,None,66,1,5,False,1000,1000
14341,151,degCent,10,0.6372412420382165,0,10,None,66,1,5,False,1000,1000
14342,152,degCent,10,0.644406847133758,0,10,None,66,1,5,False,1000,1000
14343,153,degCent,10,0.6528662420382165,0,10,None,66,1,5,False,1000,1000
14344,154,degCent,10,0.6587380573248408,0,10,None,66,1,5,False,1000,1000
14345,150,degCent,10,0.5623009554140127,0,3,None,66,1,5,False,1000,1000
14346,151,degCent,10,0.5474721337579618,0,3,None,66,1,5,False,1000,1000
14347,152,degCent,10,0.5329418789808917,0,3,None,66,1,5,False,1000,1000
14348,153,degCent,10,0.5209992038216561,0,3,None,66,1,5,False,1000,1000
14349,154,degCent,10,0.5069665605095541,0,3,None,66,1,5,False,1000,1000
14350,150,degCent,10,0.6261942675159236,0,15,None,66,1,5,False,1000,1000
14351,151,degCent,10,0.6286823248407644,0,15,None,66,1,5,False,1000,1000
14352,152,degCent,10,0.6305732484076433,0,15,None,66,1,5,False,1000,1000
14353,153,degCent,10,0.6316679936305732,0,15,None,66,1,5,False,1000,1000
14354,154,degCent,10,0.6332603503184714,0,15,None,66,1,5,False,1000,1000
15345,155,degCent,10,0.6584394904458599,0,1,None,66,1,5,False,1000,1000
15346,156,degCent,10,0.6603304140127388,0,1,None,66,1,5,False,1000,1000
15347,157,degCent,10,0.6622213375796179,0,1,None,66,1,5,False,1000,1000
15348,158,degCent,10,0.6634156050955414,0,1,None,66,1,5,False,1000,1000
15349,159,degCent,10,0.665406050955414,0,1,None,66,1,5,False,1000,1000
15350,155,degCent,10,0.6653065286624203,0,2,None,66,1,5,False,1000,1000
15351,156,degCent,10,0.6760549363057324,0,2,None,66,1,5,False,1000,1000
15352,157,degCent,10,0.6622213375796179,0,2,None,66,1,5,False,1000,1000
15353,158,degCent,10,0.6507762738853503,0,2,None,66,1,5,False,1000,1000
15354,159,degCent,10,0.6420183121019108,0,2,None,66,1,5,False,1000,1000
15355,155,degCent,10,0.667296974522293,0,5,None,66,1,5,False,1000,1000
15356,156,degCent,10,0.6708797770700637,0,5,None,66,1,5,False,1000,1000
15357,157,degCent,10,0.6719745222929936,0,5,None,66,1,5,False,1000,1000
15358,158,degCent,10,0.6760549363057324,0,5,None,66,1,5,False,1000,1000
15359,159,degCent,10,0.6788415605095541,0,5,None,66,1,5,False,1000,1000
15360,155,degCent,10,0.67296974522293,0,13,None,66,1,5,False,1000,1000
15361,156,degCent,10,0.6760549363057324,0,13,None,66,1,5,False,1000,1000
15362,157,degCent,10,0.678343949044586,0,13,None,66,1,5,False,1000,1000
15363,158,degCent,10,0.6793391719745223,0,13,None,66,1,5,False,1000,1000
15364,159,degCent,10,0.6797372611464968,0,13,None,66,1,5,False,1000,1000
15365,155,degCent,10,0.6307722929936306,0,15,None,66,1,5,False,1000,1000
15366,156,degCent,10,0.6319665605095541,0,15,None,66,1,5,False,1000,1000
15367,157,degCent,10,0.6335589171974523,0,15,None,66,1,5,False,1000,1000
15368,158,degCent,10,0.6353503184713376,0,15,None,66,1,5,False,1000,1000
15369,159,degCent,10,0.6365445859872612,0,15,None,66,1,5,False,1000,1000
15370,155,degCent,10,0.6755573248407644,0,16,None,66,1,5,False,1000,1000
15371,156,degCent,10,0.6817277070063694,0,16,None,66,1,5,False,1000,1000
15372,157,degCent,10,0.6874004777070064,0,16,None,66,1,5,False,1000,1000
15373,158,degCent,10,0.6934713375796179,0,16,None,66,1,5,False,1000,1000
15374,159,degCent,10,0.6972531847133758,0,16,None,66,1,5,False,1000,1000
15375,155,degCent,10,0.6565485668789809,0,19,None,66,1,5,False,1000,1000
15376,156,degCent,10,0.6598328025477707,0,19,None,66,1,5,False,1000,1000
15377,157,degCent,10,0.6628184713375797,0,19,None,66,1,5,False,1000,1000
15378,158,degCent,10,0.665406050955414,0,19,None,66,1,5,False,1000,1000
15379,159,degCent,10,0.6681926751592356,0,19,None,66,1,5,False,1000,1000
15380,155,degCent,10,0.6345541401273885,0,21,None,66,1,5,False,1000,1000
15381,156,degCent,10,0.6327627388535032,0,21,None,66,1,5,False,1000,1000
15382,157,degCent,10,0.6317675159235668,0,21,None,66,1,5,False,1000,1000
15383,158,degCent,10,0.6310708598726115,0,21,None,66,1,5,False,1000,1000
15384,159,degCent,10,0.6302746815286624,0,21,None,66,1,5,False,1000,1000
15385,155,degCent,10,0.6682921974522293,0,12,None,66,1,5,False,1000,1000
15386,156,degCent,10,0.6724721337579618,0,12,None,66,1,5,False,1000,1000
15387,157,degCent,10,0.6765525477707006,0,12,None,66,1,5,False,1000,1000
15388,158,degCent,10,0.6816281847133758,0,12,None,66,1,5,False,1000,1000
15389,159,degCent,10,0.6861066878980892,0,12,None,66,1,5,False,1000,1000
15390,155,degCent,10,0.6346536624203821,0,26,None,66,1,5,False,1000,1000
15391,156,degCent,10,0.634952229299363,0,26,None,66,1,5,False,1000,1000
15392,157,degCent,10,0.6366441082802548,0,26,None,66,1,5,False,1000,1000
15393,158,degCent,10,0.6378383757961783,0,26,None,66,1,5,False,1000,1000
15394,159,degCent,10,0.6392316878980892,0,26,None,66,1,5,False,1000,1000
15395,155,degCent,10,0.6072850318471338,0,28,None,66,1,5,False,1000,1000
15396,156,degCent,10,0.6092754777070064,0,28,None,66,1,5,False,1000,1000
15397,157,degCent,10,0.6114649681528662,0,28,None,66,1,5,False,1000,1000
15398,158,degCent,10,0.6126592356687898,0,28,None,66,1,5,False,1000,1000
15399,159,degCent,10,0.6148487261146497,0,28,None,66,1,5,False,1000,1000
15400,155,degCent,10,0.5943471337579618,0,18,None,66,1,5,False,1000,1000
15401,156,degCent,10,0.5929538216560509,0,18,None,66,1,5,False,1000,1000
15402,157,degCent,10,0.5935509554140127,0,18,None,66,1,5,False,1000,1000
15403,158,degCent,10,0.595640923566879,0,18,None,66,1,5,False,1000,1000
15404,159,degCent,10,0.5965366242038217,0,18,None,66,1,5,False,1000,1000
15405,155,degCent,10,0.6473925159235668,0,7,None,66,1,5,False,1000,1000
15406,156,degCent,10,0.6488853503184714,0,7,None,66,1,5,False,1000,1000
15407,157,degCent,10,0.6504777070063694,0,7,None,66,1,5,False,1000,1000
15408,158,degCent,10,0.6519705414012739,0,7,None,66,1,5,False,1000,1000
15409,159,degCent,10,0.6521695859872612,0,7,None,66,1,5,False,1000,1000
15410,155,degCent,10,0.6533638535031847,0,6,None,66,1,5,False,1000,1000
15411,156,degCent,10,0.6549562101910829,0,6,None,66,1,5,False,1000,1000
15412,157,degCent,10,0.6561504777070064,0,6,None,66,1,5,False,1000,1000
15413,158,degCent,10,0.6564490445859873,0,6,None,66,1,5,False,1000,1000
15414,159,degCent,10,0.65734474522293,0,6,None,66,1,5,False,1000,1000
15415,155,degCent,10,0.6294785031847133,0,8,None,66,1,5,False,1000,1000
15416,156,degCent,10,0.6354498407643312,0,8,None,66,1,5,False,1000,1000
15417,157,degCent,10,0.6416202229299363,0,8,None,66,1,5,False,1000,1000
15418,158,degCent,10,0.645203025477707,0,8,None,66,1,5,False,1000,1000
15419,159,degCent,10,0.6495820063694268,0,8,None,66,1,5,False,1000,1000
15420,155,degCent,10,0.6741640127388535,0,4,None,66,1,5,False,1000,1000
15421,156,degCent,10,0.676453025477707,0,4,None,66,1,5,False,1000,1000
15422,157,degCent,10,0.6781449044585988,0,4,None,66,1,5,False,1000,1000
15423,158,degCent,10,0.679140127388535,0,4,None,66,1,5,False,1000,1000
15424,159,degCent,10,0.6809315286624203,0,4,None,66,1,5,False,1000,1000
15425,155,degCent,10,0.5894705414012739,0,20,None,66,1,5,False,1000,1000
15426,156,degCent,10,0.5875796178343949,0,20,None,66,1,5,False,1000,1000
15427,157,degCent,10,0.5863853503184714,0,20,None,66,1,5,False,1000,1000
15428,158,degCent,10,0.5921576433121019,0,20,None,66,1,5,False,1000,1000
15429,159,degCent,10,0.6080812101910829,0,20,None,66,1,5,False,1000,1000
15430,155,degCent,10,0.6328622611464968,0,10,None,66,1,5,False,1000,1000
15431,156,degCent,10,0.6404259554140127,0,10,None,66,1,5,False,1000,1000
15432,157,degCent,10,0.6481886942675159,0,10,None,66,1,5,False,1000,1000
15433,158,degCent,10,0.6567476114649682,0,10,None,66,1,5,False,1000,1000
15434,159,degCent,10,0.662718949044586,0,10,None,66,1,5,False,1000,1000
15435,155,degCent,10,0.6512738853503185,0,23,None,66,1,5,False,1000,1000
15436,156,degCent,10,0.6531648089171974,0,23,None,66,1,5,False,1000,1000
15437,157,degCent,10,0.6546576433121019,0,23,None,66,1,5,False,1000,1000
15438,158,degCent,10,0.65625,0,23,None,66,1,5,False,1000,1000
15439,159,degCent,10,0.6586385350318471,0,23,None,66,1,5,False,1000,1000
15440,155,degCent,10,0.6507762738853503,0,22,None,66,1,5,False,1000,1000
15441,156,degCent,10,0.6540605095541401,0,22,None,66,1,5,False,1000,1000
15442,157,degCent,10,0.6561504777070064,0,22,None,66,1,5,False,1000,1000
15443,158,degCent,10,0.6579418789808917,0,22,None,66,1,5,False,1000,1000
15444,159,degCent,10,0.660031847133758,0,22,None,66,1,5,False,1000,1000
15445,155,degCent,10,0.6742635350318471,0,32,None,66,1,5,False,1000,1000
15446,156,degCent,10,0.6739649681528662,0,32,None,66,1,5,False,1000,1000
15447,157,degCent,10,0.6736664012738853,0,32,None,66,1,5,False,1000,1000
15448,158,degCent,10,0.6736664012738853,0,32,None,66,1,5,False,1000,1000
15449,159,degCent,10,0.6734673566878981,0,32,None,66,1,5,False,1000,1000
15450,155,degCent,10,0.6765525477707006,0,17,None,66,1,5,False,1000,1000
15451,156,degCent,10,0.6744625796178344,0,17,None,66,1,5,False,1000,1000
15452,157,degCent,10,0.6750597133757962,0,17,None,66,1,5,False,1000,1000
15453,158,degCent,10,0.6755573248407644,0,17,None,66,1,5,False,1000,1000
15454,159,degCent,10,0.6762539808917197,0,17,None,66,1,5,False,1000,1000
15455,155,degCent,10,0.4284434713375796,0,11,None,66,1,5,False,1000,1000
15456,156,degCent,10,0.4205812101910828,0,11,None,66,1,5,False,1000,1000
15457,157,degCent,10,0.4147093949044586,0,11,None,66,1,5,False,1000,1000
15458,158,degCent,10,0.4102308917197452,0,11,None,66,1,5,False,1000,1000
15459,159,degCent,10,0.4063495222929936,0,11,None,66,1,5,False,1000,1000
15460,155,degCent,10,0.5712579617834395,0,3,None,66,1,5,False,1000,1000
15461,156,degCent,10,0.5578224522292994,0,3,None,66,1,5,False,1000,1000
15462,157,degCent,10,0.5452826433121019,0,3,None,66,1,5,False,1000,1000
15463,158,degCent,10,0.5311504777070064,0,3,None,66,1,5,False,1000,1000
15464,159,degCent,10,0.5203025477707006,0,3,None,66,1,5,False,1000,1000
15465,155,degCent,10,0.6408240445859873,0,9,None,66,1,5,False,1000,1000
15466,156,degCent,10,0.6494824840764332,0,9,None,66,1,5,False,1000,1000
15467,157,degCent,10,0.6583399681528662,0,9,None,66,1,5,False,1000,1000
15468,158,degCent,10,0.6683917197452229,0,9,None,66,1,5,False,1000,1000
15469,159,degCent,10,0.679140127388535,0,9,None,66,1,5,False,1000,1000
15470,155,degCent,10,0.6849124203821656,0,14,None,66,1,5,False,1000,1000
15471,156,degCent,10,0.6874004777070064,0,14,None,66,1,5,False,1000,1000
15472,157,degCent,10,0.6879976114649682,0,14,None,66,1,5,False,1000,1000
15473,158,degCent,10,0.689390923566879,0,14,None,66,1,5,False,1000,1000
15474,159,degCent,10,0.691281847133758,0,14,None,66,1,5,False,1000,1000
15475,155,degCent,10,0.6795382165605095,0,25,None,66,1,5,False,1000,1000
15476,156,degCent,10,0.6792396496815286,0,25,None,66,1,5,False,1000,1000
15477,157,degCent,10,0.6796377388535032,0,25,None,66,1,5,False,1000,1000
15478,158,degCent,10,0.6788415605095541,0,25,None,66,1,5,False,1000,1000
15479,159,degCent,10,0.6788415605095541,0,25,None,66,1,5,False,1000,1000
15480,155,degCent,10,0.6152468152866242,0,29,None,66,1,5,False,1000,1000
15481,156,degCent,10,0.6187300955414012,0,29,None,66,1,5,False,1000,1000
15482,157,degCent,10,0.620421974522293,0,29,None,66,1,5,False,1000,1000
15483,158,degCent,10,0.6219148089171974,0,29,None,66,1,5,False,1000,1000
15484,159,degCent,10,0.6235071656050956,0,29,None,66,1,5,False,1000,1000
15485,155,degCent,10,0.6510748407643312,0,24,None,66,1,5,False,1000,1000
15486,156,degCent,10,0.6523686305732485,0,24,None,66,1,5,False,1000,1000
15487,157,degCent,10,0.6556528662420382,0,24,None,66,1,5,False,1000,1000
15488,158,degCent,10,0.6578423566878981,0,24,None,66,1,5,False,1000,1000
15489,159,degCent,10,0.6593351910828026,0,24,None,66,1,5,False,1000,1000
15490,155,degCent,10,0.6247014331210191,0,27,None,66,1,5,False,1000,1000
15491,156,degCent,10,0.628781847133758,0,27,None,66,1,5,False,1000,1000
15492,157,degCent,10,0.6317675159235668,0,27,None,66,1,5,False,1000,1000
15493,158,degCent,10,0.6347531847133758,0,27,None,66,1,5,False,1000,1000
15494,159,degCent,10,0.6380374203821656,0,27,None,66,1,5,False,1000,1000
15495,155,degCent,10,0.669187898089172,0,30,None,66,1,5,False,1000,1000
15496,156,degCent,10,0.6687898089171974,0,30,None,66,1,5,False,1000,1000
15497,157,degCent,10,0.6696855095541401,0,30,None,66,1,5,False,1000,1000
15498,158,degCent,10,0.6692874203821656,0,30,None,66,1,5,False,1000,1000
15499,159,degCent,10,0.6687898089171974,0,30,None,66,1,5,False,1000,1000
15500,155,degCent,10,0.6777468152866242,0,31,None,66,1,5,False,1000,1000
15501,156,degCent,10,0.6787420382165605,0,31,None,66,1,5,False,1000,1000
15502,157,degCent,10,0.681031050955414,0,31,None,66,1,5,False,1000,1000
15503,158,degCent,10,0.6839171974522293,0,31,None,66,1,5,False,1000,1000
15504,159,degCent,10,0.685609076433121,0,31,None,66,1,5,False,1000,1000
15505,155,degCent,10,0.6598328025477707,0,0,None,66,1,5,False,1000,1000
15506,156,degCent,10,0.6601313694267515,0,0,None,66,1,5,False,1000,1000
15507,157,degCent,10,0.6626194267515924,0,0,None,66,1,5,False,1000,1000
15508,158,degCent,10,0.6641122611464968,0,0,None,66,1,5,False,1000,1000
15509,159,degCent,10,0.6649084394904459,0,0,None,66,1,5,False,1000,1000
15510,160,degCent,10,0.65625,0,24,None,66,1,5,False,1000,1000
15511,161,degCent,10,0.6584394904458599,0,24,None,66,1,5,False,1000,1000
15512,162,degCent,10,0.6603304140127388,0,24,None,66,1,5,False,1000,1000
15513,163,degCent,10,0.661922770700637,0,24,None,66,1,5,False,1000,1000
15514,164,degCent,10,0.6649084394904459,0,24,None,66,1,5,False,1000,1000
15515,160,degCent,10,0.6257961783439491,0,27,None,66,1,5,False,1000,1000
15516,161,degCent,10,0.6293789808917197,0,27,None,66,1,5,False,1000,1000
15517,162,degCent,10,0.6325636942675159,0,27,None,66,1,5,False,1000,1000
15518,163,degCent,10,0.6364450636942676,0,27,None,66,1,5,False,1000,1000
15519,164,degCent,10,0.6400278662420382,0,27,None,66,1,5,False,1000,1000
15520,160,degCent,10,0.636843152866242,0,21,None,66,1,5,False,1000,1000
15521,161,degCent,10,0.6342555732484076,0,21,None,66,1,5,False,1000,1000
15522,162,degCent,10,0.6340565286624203,0,21,None,66,1,5,False,1000,1000
15523,163,degCent,10,0.6327627388535032,0,21,None,66,1,5,False,1000,1000
15524,164,degCent,10,0.6319665605095541,0,21,None,66,1,5,False,1000,1000
15525,160,degCent,10,0.6418192675159236,0,26,None,66,1,5,False,1000,1000
15526,161,degCent,10,0.6428144904458599,0,26,None,66,1,5,False,1000,1000
15527,162,degCent,10,0.6439092356687898,0,26,None,66,1,5,False,1000,1000
15528,163,degCent,10,0.6446058917197452,0,26,None,66,1,5,False,1000,1000
15529,164,degCent,10,0.6450039808917197,0,26,None,66,1,5,False,1000,1000
15530,160,degCent,10,0.6708797770700637,0,30,None,66,1,5,False,1000,1000
15531,161,degCent,10,0.6703821656050956,0,30,None,66,1,5,False,1000,1000
15532,162,degCent,10,0.6703821656050956,0,30,None,66,1,5,False,1000,1000
15533,163,degCent,10,0.6698845541401274,0,30,None,66,1,5,False,1000,1000
15534,164,degCent,10,0.6695859872611465,0,30,None,66,1,5,False,1000,1000
15535,160,degCent,10,0.6793391719745223,0,31,None,66,1,5,False,1000,1000
15536,161,degCent,10,0.6815286624203821,0,31,None,66,1,5,False,1000,1000
15537,162,degCent,10,0.6838176751592356,0,31,None,66,1,5,False,1000,1000
15538,163,degCent,10,0.6862062101910829,0,31,None,66,1,5,False,1000,1000
15539,164,degCent,10,0.6879976114649682,0,31,None,66,1,5,False,1000,1000
15540,160,degCent,10,0.6626194267515924,0,1,None,66,1,5,False,1000,1000
15541,161,degCent,10,0.6628184713375797,0,1,None,66,1,5,False,1000,1000
15542,162,degCent,10,0.6641122611464968,0,1,None,66,1,5,False,1000,1000
15543,163,degCent,10,0.6658041401273885,0,1,None,66,1,5,False,1000,1000
15544,164,degCent,10,0.6679936305732485,0,1,None,66,1,5,False,1000,1000
15545,160,degCent,10,0.6513734076433121,0,22,None,66,1,5,False,1000,1000
15546,161,degCent,10,0.6552547770700637,0,22,None,66,1,5,False,1000,1000
15547,162,degCent,10,0.6570461783439491,0,22,None,66,1,5,False,1000,1000
15548,163,degCent,10,0.6602308917197452,0,22,None,66,1,5,False,1000,1000
15549,164,degCent,10,0.6628184713375797,0,22,None,66,1,5,False,1000,1000
15550,160,degCent,10,0.668093152866242,0,19,None,66,1,5,False,1000,1000
15551,161,degCent,10,0.6703821656050956,0,19,None,66,1,5,False,1000,1000
15552,162,degCent,10,0.6728702229299363,0,19,None,66,1,5,False,1000,1000
15553,163,degCent,10,0.6759554140127388,0,19,None,66,1,5,False,1000,1000
15554,164,degCent,10,0.6787420382165605,0,19,None,66,1,5,False,1000,1000
15555,160,degCent,10,0.6330613057324841,0,8,None,66,1,5,False,1000,1000
15556,161,degCent,10,0.6392316878980892,0,8,None,66,1,5,False,1000,1000
15557,162,degCent,10,0.643312101910828,0,8,None,66,1,5,False,1000,1000
15558,163,degCent,10,0.6484872611464968,0,8,None,66,1,5,False,1000,1000
15559,164,degCent,10,0.6532643312101911,0,8,None,66,1,5,False,1000,1000
15560,160,degCent,10,0.6750597133757962,0,13,None,66,1,5,False,1000,1000
15561,161,degCent,10,0.6788415605095541,0,13,None,66,1,5,False,1000,1000
15562,162,degCent,10,0.6815286624203821,0,13,None,66,1,5,False,1000,1000
15563,163,degCent,10,0.6820262738853503,0,13,None,66,1,5,False,1000,1000
15564,164,degCent,10,0.6828224522292994,0,13,None,66,1,5,False,1000,1000
15565,160,degCent,10,0.6521695859872612,0,23,None,66,1,5,False,1000,1000
15566,161,degCent,10,0.6546576433121019,0,23,None,66,1,5,False,1000,1000
15567,162,degCent,10,0.6561504777070064,0,23,None,66,1,5,False,1000,1000
15568,163,degCent,10,0.6579418789808917,0,23,None,66,1,5,False,1000,1000
15569,164,degCent,10,0.6592356687898089,0,23,None,66,1,5,False,1000,1000
15570,160,degCent,10,0.6777468152866242,0,25,None,66,1,5,False,1000,1000
15571,161,degCent,10,0.6770501592356688,0,25,None,66,1,5,False,1000,1000
15572,162,degCent,10,0.676453025477707,0,25,None,66,1,5,False,1000,1000
15573,163,degCent,10,0.6761544585987261,0,25,None,66,1,5,False,1000,1000
15574,164,degCent,10,0.6759554140127388,0,25,None,66,1,5,False,1000,1000
15575,160,degCent,10,0.6801353503184714,0,14,None,66,1,5,False,1000,1000
15576,161,degCent,10,0.6811305732484076,0,14,None,66,1,5,False,1000,1000
15577,162,degCent,10,0.681031050955414,0,14,None,66,1,5,False,1000,1000
15578,163,degCent,10,0.6828224522292994,0,14,None,66,1,5,False,1000,1000
15579,164,degCent,10,0.6847133757961783,0,14,None,66,1,5,False,1000,1000
15580,160,degCent,10,0.6151472929936306,0,29,None,66,1,5,False,1000,1000
15581,161,degCent,10,0.6183320063694268,0,29,None,66,1,5,False,1000,1000
15582,162,degCent,10,0.6203224522292994,0,29,None,66,1,5,False,1000,1000
15583,163,degCent,10,0.6218152866242038,0,29,None,66,1,5,False,1000,1000
15584,164,degCent,10,0.623109076433121,0,29,None,66,1,5,False,1000,1000
15585,160,degCent,10,0.6875,0,16,None,66,1,5,False,1000,1000
15586,161,degCent,10,0.693172770700637,0,16,None,66,1,5,False,1000,1000
15587,162,degCent,10,0.698546974522293,0,16,None,66,1,5,False,1000,1000
15588,163,degCent,10,0.7023288216560509,0,16,None,66,1,5,False,1000,1000
15589,164,degCent,10,0.7071058917197452,0,16,None,66,1,5,False,1000,1000
15590,160,degCent,10,0.6537619426751592,0,6,None,66,1,5,False,1000,1000
15591,161,degCent,10,0.65515525477707,0,6,None,66,1,5,False,1000,1000
15592,162,degCent,10,0.6563495222929936,0,6,None,66,1,5,False,1000,1000
15593,163,degCent,10,0.6571457006369427,0,6,None,66,1,5,False,1000,1000
15594,164,degCent,10,0.6583399681528662,0,6,None,66,1,5,False,1000,1000
15595,160,degCent,10,0.675656847133758,0,32,None,66,1,5,False,1000,1000
15596,161,degCent,10,0.6748606687898089,0,32,None,66,1,5,False,1000,1000
15597,162,degCent,10,0.6750597133757962,0,32,None,66,1,5,False,1000,1000
15598,163,degCent,10,0.6741640127388535,0,32,None,66,1,5,False,1000,1000
15599,164,degCent,10,0.674562101910828,0,32,None,66,1,5,False,1000,1000
15600,160,degCent,10,0.6778463375796179,0,4,None,66,1,5,False,1000,1000
15601,161,degCent,10,0.679140127388535,0,4,None,66,1,5,False,1000,1000
15602,162,degCent,10,0.6811305732484076,0,4,None,66,1,5,False,1000,1000
15603,163,degCent,10,0.6826234076433121,0,4,None,66,1,5,False,1000,1000
15604,164,degCent,10,0.6841162420382165,0,4,None,66,1,5,False,1000,1000
15605,160,degCent,10,0.6698845541401274,0,5,None,66,1,5,False,1000,1000
15606,161,degCent,10,0.6726711783439491,0,5,None,66,1,5,False,1000,1000
15607,162,degCent,10,0.6750597133757962,0,5,None,66,1,5,False,1000,1000
15608,163,degCent,10,0.6790406050955414,0,5,None,66,1,5,False,1000,1000
15609,164,degCent,10,0.6811305732484076,0,5,None,66,1,5,False,1000,1000
15610,160,degCent,10,0.6502786624203821,0,7,None,66,1,5,False,1000,1000
15611,161,degCent,10,0.6513734076433121,0,7,None,66,1,5,False,1000,1000
15612,162,degCent,10,0.6525676751592356,0,7,None,66,1,5,False,1000,1000
15613,163,degCent,10,0.6529657643312102,0,7,None,66,1,5,False,1000,1000
15614,164,degCent,10,0.6541600318471338,0,7,None,66,1,5,False,1000,1000
15615,160,degCent,10,0.6355493630573248,0,10,None,66,1,5,False,1000,1000
15616,161,degCent,10,0.643312101910828,0,10,None,66,1,5,False,1000,1000
15617,162,degCent,10,0.6517714968152867,0,10,None,66,1,5,False,1000,1000
15618,163,degCent,10,0.6591361464968153,0,10,None,66,1,5,False,1000,1000
15619,164,degCent,10,0.6660031847133758,0,10,None,66,1,5,False,1000,1000
15620,160,degCent,10,0.4227707006369426,0,11,None,66,1,5,False,1000,1000
15621,161,degCent,10,0.4166998407643312,0,11,None,66,1,5,False,1000,1000
15622,162,degCent,10,0.4113256369426751,0,11,None,66,1,5,False,1000,1000
15623,163,degCent,10,0.4061504777070063,0,11,None,66,1,5,False,1000,1000
15624,164,degCent,10,0.4017714968152866,0,11,None,66,1,5,False,1000,1000
15625,160,degCent,10,0.6442078025477707,0,9,None,66,1,5,False,1000,1000
15626,161,degCent,10,0.6526671974522293,0,9,None,66,1,5,False,1000,1000
15627,162,degCent,10,0.6602308917197452,0,9,None,66,1,5,False,1000,1000
15628,163,degCent,10,0.6724721337579618,0,9,None,66,1,5,False,1000,1000
15629,164,degCent,10,0.6820262738853503,0,9,None,66,1,5,False,1000,1000
15630,160,degCent,10,0.6716759554140127,0,12,None,66,1,5,False,1000,1000
15631,161,degCent,10,0.6753582802547771,0,12,None,66,1,5,False,1000,1000
15632,162,degCent,10,0.6795382165605095,0,12,None,66,1,5,False,1000,1000
15633,163,degCent,10,0.6847133757961783,0,12,None,66,1,5,False,1000,1000
15634,164,degCent,10,0.6886942675159236,0,12,None,66,1,5,False,1000,1000
15635,160,degCent,10,0.6317675159235668,0,15,None,66,1,5,False,1000,1000
15636,161,degCent,10,0.6328622611464968,0,15,None,66,1,5,False,1000,1000
15637,162,degCent,10,0.6346536624203821,0,15,None,66,1,5,False,1000,1000
15638,163,degCent,10,0.6356488853503185,0,15,None,66,1,5,False,1000,1000
15639,164,degCent,10,0.6377388535031847,0,15,None,66,1,5,False,1000,1000
15640,160,degCent,10,0.679140127388535,0,17,None,66,1,5,False,1000,1000
15641,161,degCent,10,0.6781449044585988,0,17,None,66,1,5,False,1000,1000
15642,162,degCent,10,0.6781449044585988,0,17,None,66,1,5,False,1000,1000
15643,163,degCent,10,0.6789410828025477,0,17,None,66,1,5,False,1000,1000
15644,164,degCent,10,0.6788415605095541,0,17,None,66,1,5,False,1000,1000
15645,160,degCent,10,0.5881767515923567,0,20,None,66,1,5,False,1000,1000
15646,161,degCent,10,0.5878781847133758,0,20,None,66,1,5,False,1000,1000
15647,162,degCent,10,0.5869824840764332,0,20,None,66,1,5,False,1000,1000
15648,163,degCent,10,0.5912619426751592,0,20,None,66,1,5,False,1000,1000
15649,164,degCent,10,0.6064888535031847,0,20,None,66,1,5,False,1000,1000
15650,160,degCent,10,0.6086783439490446,0,28,None,66,1,5,False,1000,1000
15651,161,degCent,10,0.6116640127388535,0,28,None,66,1,5,False,1000,1000
15652,162,degCent,10,0.6126592356687898,0,28,None,66,1,5,False,1000,1000
15653,163,degCent,10,0.6146496815286624,0,28,None,66,1,5,False,1000,1000
15654,164,degCent,10,0.6161425159235668,0,28,None,66,1,5,False,1000,1000
15655,160,degCent,10,0.5989251592356688,0,18,None,66,1,5,False,1000,1000
15656,161,degCent,10,0.5978304140127388,0,18,None,66,1,5,False,1000,1000
15657,162,degCent,10,0.5989251592356688,0,18,None,66,1,5,False,1000,1000
15658,163,degCent,10,0.6004179936305732,0,18,None,66,1,5,False,1000,1000
15659,164,degCent,10,0.6011146496815286,0,18,None,66,1,5,False,1000,1000
15660,160,degCent,10,0.6717754777070064,0,2,None,66,1,5,False,1000,1000
15661,161,degCent,10,0.6790406050955414,0,2,None,66,1,5,False,1000,1000
15662,162,degCent,10,0.6631170382165605,0,2,None,66,1,5,False,1000,1000
15663,163,degCent,10,0.6534633757961783,0,2,None,66,1,5,False,1000,1000
15664,164,degCent,10,0.6451035031847133,0,2,None,66,1,5,False,1000,1000
15665,160,degCent,10,0.6639132165605095,0,0,None,66,1,5,False,1000,1000
15666,161,degCent,10,0.6651074840764332,0,0,None,66,1,5,False,1000,1000
15667,162,degCent,10,0.666202229299363,0,0,None,66,1,5,False,1000,1000
15668,163,degCent,10,0.6675955414012739,0,0,None,66,1,5,False,1000,1000
15669,164,degCent,10,0.6689888535031847,0,0,None,66,1,5,False,1000,1000
15670,160,degCent,10,0.5897691082802548,0,3,None,66,1,5,False,1000,1000
15671,161,degCent,10,0.5774283439490446,0,3,None,66,1,5,False,1000,1000
15672,162,degCent,10,0.5664808917197452,0,3,None,66,1,5,False,1000,1000
15673,163,degCent,10,0.5542396496815286,0,3,None,66,1,5,False,1000,1000
15674,164,degCent,10,0.5448845541401274,0,3,None,66,1,5,False,1000,1000
15675,165,degCent,10,0.6759554140127388,0,30,None,66,1,5,False,1000,1000
15676,166,degCent,10,0.6754578025477707,0,30,None,66,1,5,False,1000,1000
15677,167,degCent,10,0.6757563694267515,0,30,None,66,1,5,False,1000,1000
15678,168,degCent,10,0.6755573248407644,0,30,None,66,1,5,False,1000,1000
15679,169,degCent,10,0.6755573248407644,0,30,None,66,1,5,False,1000,1000
15680,165,degCent,10,0.6659036624203821,0,1,None,66,1,5,False,1000,1000
15681,166,degCent,10,0.6666003184713376,0,1,None,66,1,5,False,1000,1000
15682,167,degCent,10,0.667296974522293,0,1,None,66,1,5,False,1000,1000
15683,168,degCent,10,0.6695859872611465,0,1,None,66,1,5,False,1000,1000
15684,169,degCent,10,0.6719745222929936,0,1,None,66,1,5,False,1000,1000
15685,165,degCent,10,0.6385350318471338,0,21,None,66,1,5,False,1000,1000
15686,166,degCent,10,0.6363455414012739,0,21,None,66,1,5,False,1000,1000
15687,167,degCent,10,0.6351512738853503,0,21,None,66,1,5,False,1000,1000
15688,168,degCent,10,0.6346536624203821,0,21,None,66,1,5,False,1000,1000
15689,169,degCent,10,0.6352507961783439,0,21,None,66,1,5,False,1000,1000
15690,165,degCent,10,0.6196257961783439,0,29,None,66,1,5,False,1000,1000
15691,166,degCent,10,0.6237062101910829,0,29,None,66,1,5,False,1000,1000
15692,167,degCent,10,0.6256966560509554,0,29,None,66,1,5,False,1000,1000
15693,168,degCent,10,0.6279856687898089,0,29,None,66,1,5,False,1000,1000
15694,169,degCent,10,0.6289808917197452,0,29,None,66,1,5,False,1000,1000
15695,165,degCent,10,0.6277866242038217,0,27,None,66,1,5,False,1000,1000
15696,166,degCent,10,0.6307722929936306,0,27,None,66,1,5,False,1000,1000
15697,167,degCent,10,0.6345541401273885,0,27,None,66,1,5,False,1000,1000
15698,168,degCent,10,0.638734076433121,0,27,None,66,1,5,False,1000,1000
15699,169,degCent,10,0.6420183121019108,0,27,None,66,1,5,False,1000,1000
15700,165,degCent,10,0.6792396496815286,0,2,None,66,1,5,False,1000,1000
15701,166,degCent,10,0.6825238853503185,0,2,None,66,1,5,False,1000,1000
15702,167,degCent,10,0.6656050955414012,0,2,None,66,1,5,False,1000,1000
15703,168,degCent,10,0.6567476114649682,0,2,None,66,1,5,False,1000,1000
15704,169,degCent,10,0.6488853503184714,0,2,None,66,1,5,False,1000,1000
15705,165,degCent,10,0.611265923566879,0,28,None,66,1,5,False,1000,1000
15706,166,degCent,10,0.6132563694267515,0,28,None,66,1,5,False,1000,1000
15707,167,degCent,10,0.6147492038216561,0,28,None,66,1,5,False,1000,1000
15708,168,degCent,10,0.6168391719745223,0,28,None,66,1,5,False,1000,1000
15709,169,degCent,10,0.6175358280254777,0,28,None,66,1,5,False,1000,1000
15710,165,degCent,10,0.6730692675159236,0,5,None,66,1,5,False,1000,1000
15711,166,degCent,10,0.6761544585987261,0,5,None,66,1,5,False,1000,1000
15712,167,degCent,10,0.6798367834394905,0,5,None,66,1,5,False,1000,1000
15713,168,degCent,10,0.681827229299363,0,5,None,66,1,5,False,1000,1000
15714,169,degCent,10,0.6849124203821656,0,5,None,66,1,5,False,1000,1000
15715,165,degCent,10,0.6577428343949044,0,23,None,66,1,5,False,1000,1000
15716,166,degCent,10,0.6590366242038217,0,23,None,66,1,5,False,1000,1000
15717,167,degCent,10,0.660031847133758,0,23,None,66,1,5,False,1000,1000
15718,168,degCent,10,0.6620222929936306,0,23,None,66,1,5,False,1000,1000
15719,169,degCent,10,0.6640127388535032,0,23,None,66,1,5,False,1000,1000
15720,165,degCent,10,0.6660031847133758,0,0,None,66,1,5,False,1000,1000
15721,166,degCent,10,0.6666998407643312,0,0,None,66,1,5,False,1000,1000
15722,167,degCent,10,0.6686902866242038,0,0,None,66,1,5,False,1000,1000
15723,168,degCent,10,0.6689888535031847,0,0,None,66,1,5,False,1000,1000
15724,169,degCent,10,0.6704816878980892,0,0,None,66,1,5,False,1000,1000
15725,165,degCent,10,0.6801353503184714,0,32,None,66,1,5,False,1000,1000
15726,166,degCent,10,0.6789410828025477,0,32,None,66,1,5,False,1000,1000
15727,167,degCent,10,0.6781449044585988,0,32,None,66,1,5,False,1000,1000
15728,168,degCent,10,0.6778463375796179,0,32,None,66,1,5,False,1000,1000
15729,169,degCent,10,0.677547770700637,0,32,None,66,1,5,False,1000,1000
15730,165,degCent,10,0.6794386942675159,0,13,None,66,1,5,False,1000,1000
15731,166,degCent,10,0.6819267515923567,0,13,None,66,1,5,False,1000,1000
15732,167,degCent,10,0.6833200636942676,0,13,None,66,1,5,False,1000,1000
15733,168,degCent,10,0.6843152866242038,0,13,None,66,1,5,False,1000,1000
15734,169,degCent,10,0.6857085987261147,0,13,None,66,1,5,False,1000,1000
15735,165,degCent,10,0.7028264331210191,0,25,None,66,1,5,False,1000,1000
15736,166,degCent,10,0.7024283439490446,0,25,None,66,1,5,False,1000,1000
15737,167,degCent,10,0.7032245222929936,0,25,None,66,1,5,False,1000,1000
15738,168,degCent,10,0.7032245222929936,0,25,None,66,1,5,False,1000,1000
15739,169,degCent,10,0.703125,0,25,None,66,1,5,False,1000,1000
15740,165,degCent,10,0.6437101910828026,0,26,None,66,1,5,False,1000,1000
15741,166,degCent,10,0.6456011146496815,0,26,None,66,1,5,False,1000,1000
15742,167,degCent,10,0.6463972929936306,0,26,None,66,1,5,False,1000,1000
15743,168,degCent,10,0.6469944267515924,0,26,None,66,1,5,False,1000,1000
15744,169,degCent,10,0.646297770700637,0,26,None,66,1,5,False,1000,1000
15745,165,degCent,10,0.6760549363057324,0,12,None,66,1,5,False,1000,1000
15746,166,degCent,10,0.681031050955414,0,12,None,66,1,5,False,1000,1000
15747,167,degCent,10,0.6858081210191083,0,12,None,66,1,5,False,1000,1000
15748,168,degCent,10,0.6892914012738853,0,12,None,66,1,5,False,1000,1000
15749,169,degCent,10,0.6929737261146497,0,12,None,66,1,5,False,1000,1000
15750,165,degCent,10,0.6385350318471338,0,10,None,66,1,5,False,1000,1000
15751,166,degCent,10,0.6472929936305732,0,10,None,66,1,5,False,1000,1000
15752,167,degCent,10,0.6547571656050956,0,10,None,66,1,5,False,1000,1000
15753,168,degCent,10,0.6631170382165605,0,10,None,66,1,5,False,1000,1000
15754,169,degCent,10,0.6690883757961783,0,10,None,66,1,5,False,1000,1000
15755,165,degCent,10,0.6324641719745223,0,15,None,66,1,5,False,1000,1000
15756,166,degCent,10,0.6347531847133758,0,15,None,66,1,5,False,1000,1000
15757,167,degCent,10,0.6365445859872612,0,15,None,66,1,5,False,1000,1000
15758,168,degCent,10,0.6384355095541401,0,15,None,66,1,5,False,1000,1000
15759,169,degCent,10,0.6399283439490446,0,15,None,66,1,5,False,1000,1000
15760,165,degCent,10,0.4234673566878981,0,11,None,66,1,5,False,1000,1000
15761,166,degCent,10,0.4192874203821656,0,11,None,66,1,5,False,1000,1000
15762,167,degCent,10,0.4132165605095541,0,11,None,66,1,5,False,1000,1000
15763,168,degCent,10,0.4093351910828025,0,11,None,66,1,5,False,1000,1000
15764,169,degCent,10,0.4055533439490446,0,11,None,66,1,5,False,1000,1000
15765,165,degCent,10,0.6822253184713376,0,17,None,66,1,5,False,1000,1000
15766,166,degCent,10,0.6813296178343949,0,17,None,66,1,5,False,1000,1000
15767,167,degCent,10,0.6819267515923567,0,17,None,66,1,5,False,1000,1000
15768,168,degCent,10,0.6815286624203821,0,17,None,66,1,5,False,1000,1000
15769,169,degCent,10,0.6819267515923567,0,17,None,66,1,5,False,1000,1000
15770,165,degCent,10,0.658937101910828,0,24,None,66,1,5,False,1000,1000
15771,166,degCent,10,0.6615246815286624,0,24,None,66,1,5,False,1000,1000
15772,167,degCent,10,0.6629179936305732,0,24,None,66,1,5,False,1000,1000
15773,168,degCent,10,0.6659036624203821,0,24,None,66,1,5,False,1000,1000
15774,169,degCent,10,0.6678941082802548,0,24,None,66,1,5,False,1000,1000
15775,165,degCent,10,0.6735668789808917,0,19,None,66,1,5,False,1000,1000
15776,166,degCent,10,0.6759554140127388,0,19,None,66,1,5,False,1000,1000
15777,167,degCent,10,0.6789410828025477,0,19,None,66,1,5,False,1000,1000
15778,168,degCent,10,0.6816281847133758,0,19,None,66,1,5,False,1000,1000
15779,169,degCent,10,0.685609076433121,0,19,None,66,1,5,False,1000,1000
15780,165,degCent,10,0.6823248407643312,0,31,None,66,1,5,False,1000,1000
15781,166,degCent,10,0.6841162420382165,0,31,None,66,1,5,False,1000,1000
15782,167,degCent,10,0.6865047770700637,0,31,None,66,1,5,False,1000,1000
15783,168,degCent,10,0.6887937898089171,0,31,None,66,1,5,False,1000,1000
15784,169,degCent,10,0.690187101910828,0,31,None,66,1,5,False,1000,1000
15785,165,degCent,10,0.6025079617834395,0,18,None,66,1,5,False,1000,1000
15786,166,degCent,10,0.6015127388535032,0,18,None,66,1,5,False,1000,1000
15787,167,degCent,10,0.602109872611465,0,18,None,66,1,5,False,1000,1000
15788,168,degCent,10,0.6039012738853503,0,18,None,66,1,5,False,1000,1000
15789,169,degCent,10,0.6052945859872612,0,18,None,66,1,5,False,1000,1000
15790,165,degCent,10,0.5946457006369427,0,3,None,66,1,5,False,1000,1000
15791,166,degCent,10,0.584593949044586,0,3,None,66,1,5,False,1000,1000
15792,167,degCent,10,0.5740445859872612,0,3,None,66,1,5,False,1000,1000
15793,168,degCent,10,0.5640923566878981,0,3,None,66,1,5,False,1000,1000
15794,169,degCent,10,0.5539410828025477,0,3,None,66,1,5,False,1000,1000
15795,165,degCent,10,0.5924562101910829,0,20,None,66,1,5,False,1000,1000
15796,166,degCent,10,0.5902667197452229,0,20,None,66,1,5,False,1000,1000
15797,167,degCent,10,0.5911624203821656,0,20,None,66,1,5,False,1000,1000
15798,168,degCent,10,0.6020103503184714,0,20,None,66,1,5,False,1000,1000
15799,169,degCent,10,0.6157444267515924,0,20,None,66,1,5,False,1000,1000
15800,165,degCent,10,0.6814291401273885,0,4,None,66,1,5,False,1000,1000
15801,166,degCent,10,0.6822253184713376,0,4,None,66,1,5,False,1000,1000
15802,167,degCent,10,0.6840167197452229,0,4,None,66,1,5,False,1000,1000
15803,168,degCent,10,0.6847133757961783,0,4,None,66,1,5,False,1000,1000
15804,169,degCent,10,0.6858081210191083,0,4,None,66,1,5,False,1000,1000
15805,165,degCent,10,0.6528662420382165,0,7,None,66,1,5,False,1000,1000
15806,166,degCent,10,0.654359076433121,0,7,None,66,1,5,False,1000,1000
15807,167,degCent,10,0.6555533439490446,0,7,None,66,1,5,False,1000,1000
15808,168,degCent,10,0.6564490445859873,0,7,None,66,1,5,False,1000,1000
15809,169,degCent,10,0.6571457006369427,0,7,None,66,1,5,False,1000,1000
15810,165,degCent,10,0.6819267515923567,0,16,None,66,1,5,False,1000,1000
15811,166,degCent,10,0.6886942675159236,0,16,None,66,1,5,False,1000,1000
15812,167,degCent,10,0.6946656050955414,0,16,None,66,1,5,False,1000,1000
15813,168,degCent,10,0.698546974522293,0,16,None,66,1,5,False,1000,1000
15814,169,degCent,10,0.7026273885350318,0,16,None,66,1,5,False,1000,1000
15815,165,degCent,10,0.6365445859872612,0,8,None,66,1,5,False,1000,1000
15816,166,degCent,10,0.6430135350318471,0,8,None,66,1,5,False,1000,1000
15817,167,degCent,10,0.647890127388535,0,8,None,66,1,5,False,1000,1000
15818,168,degCent,10,0.6526671974522293,0,8,None,66,1,5,False,1000,1000
15819,169,degCent,10,0.6560509554140127,0,8,None,66,1,5,False,1000,1000
15820,170,degCent,10,0.6582404458598726,0,24,None,66,1,5,False,1000,1000
15821,171,degCent,10,0.660031847133758,0,24,None,66,1,5,False,1000,1000
15822,172,degCent,10,0.6623208598726115,0,24,None,66,1,5,False,1000,1000
15823,173,degCent,10,0.6652070063694268,0,24,None,66,1,5,False,1000,1000
15824,174,degCent,10,0.6670979299363057,0,24,None,66,1,5,False,1000,1000
15825,165,degCent,10,0.6467953821656051,0,9,None,66,1,5,False,1000,1000
15826,166,degCent,10,0.6560509554140127,0,9,None,66,1,5,False,1000,1000
15827,167,degCent,10,0.6647093949044586,0,9,None,66,1,5,False,1000,1000
15828,168,degCent,10,0.6761544585987261,0,9,None,66,1,5,False,1000,1000
15829,169,degCent,10,0.6844148089171974,0,9,None,66,1,5,False,1000,1000
15830,165,degCent,10,0.6910828025477707,0,14,None,66,1,5,False,1000,1000
15831,166,degCent,10,0.6914808917197452,0,14,None,66,1,5,False,1000,1000
15832,167,degCent,10,0.6930732484076433,0,14,None,66,1,5,False,1000,1000
15833,168,degCent,10,0.693968949044586,0,14,None,66,1,5,False,1000,1000
15834,169,degCent,10,0.6953622611464968,0,14,None,66,1,5,False,1000,1000
15835,165,degCent,10,0.6595342356687898,0,6,None,66,1,5,False,1000,1000
15836,166,degCent,10,0.6604299363057324,0,6,None,66,1,5,False,1000,1000
15837,167,degCent,10,0.6612261146496815,0,6,None,66,1,5,False,1000,1000
15838,168,degCent,10,0.6620222929936306,0,6,None,66,1,5,False,1000,1000
15839,169,degCent,10,0.6637141719745223,0,6,None,66,1,5,False,1000,1000
15840,165,degCent,10,0.6549562101910829,0,22,None,66,1,5,False,1000,1000
15841,166,degCent,10,0.6597332802547771,0,22,None,66,1,5,False,1000,1000
15842,167,degCent,10,0.6615246815286624,0,22,None,66,1,5,False,1000,1000
15843,168,degCent,10,0.6632165605095541,0,22,None,66,1,5,False,1000,1000
15844,169,degCent,10,0.6657046178343949,0,22,None,66,1,5,False,1000,1000
15845,170,degCent,10,0.6669984076433121,0,1,None,66,1,5,False,1000,1000
15846,171,degCent,10,0.6675955414012739,0,1,None,66,1,5,False,1000,1000
15847,172,degCent,10,0.669984076433121,0,1,None,66,1,5,False,1000,1000
15848,173,degCent,10,0.6724721337579618,0,1,None,66,1,5,False,1000,1000
15849,174,degCent,10,0.6733678343949044,0,1,None,66,1,5,False,1000,1000
15850,170,degCent,10,0.6823248407643312,0,2,None,66,1,5,False,1000,1000
15851,171,degCent,10,0.683718152866242,0,2,None,66,1,5,False,1000,1000
15852,172,degCent,10,0.6665007961783439,0,2,None,66,1,5,False,1000,1000
15853,173,degCent,10,0.6579418789808917,0,2,None,66,1,5,False,1000,1000
15854,174,degCent,10,0.6502786624203821,0,2,None,66,1,5,False,1000,1000
15855,170,degCent,10,0.6353503184713376,0,15,None,66,1,5,False,1000,1000
15856,171,degCent,10,0.6375398089171974,0,15,None,66,1,5,False,1000,1000
15857,172,degCent,10,0.640625,0,15,None,66,1,5,False,1000,1000
15858,173,degCent,10,0.6418192675159236,0,15,None,66,1,5,False,1000,1000
15859,174,degCent,10,0.6430135350318471,0,15,None,66,1,5,False,1000,1000
15860,170,degCent,10,0.4235668789808917,0,11,None,66,1,5,False,1000,1000
15861,171,degCent,10,0.4192874203821656,0,11,None,66,1,5,False,1000,1000
15862,172,degCent,10,0.4140127388535032,0,11,None,66,1,5,False,1000,1000
15863,173,degCent,10,0.4091361464968153,0,11,None,66,1,5,False,1000,1000
15864,174,degCent,10,0.4064490445859872,0,11,None,66,1,5,False,1000,1000
15865,170,degCent,10,0.6838176751592356,0,17,None,66,1,5,False,1000,1000
15866,171,degCent,10,0.6836186305732485,0,17,None,66,1,5,False,1000,1000
15867,172,degCent,10,0.6832205414012739,0,17,None,66,1,5,False,1000,1000
15868,173,degCent,10,0.6845143312101911,0,17,None,66,1,5,False,1000,1000
15869,174,degCent,10,0.6847133757961783,0,17,None,66,1,5,False,1000,1000
15870,170,degCent,10,0.6122611464968153,0,28,None,66,1,5,False,1000,1000
15871,171,degCent,10,0.6144506369426752,0,28,None,66,1,5,False,1000,1000
15872,172,degCent,10,0.6171377388535032,0,28,None,66,1,5,False,1000,1000
15873,173,degCent,10,0.6183320063694268,0,28,None,66,1,5,False,1000,1000
15874,174,degCent,10,0.6196257961783439,0,28,None,66,1,5,False,1000,1000
15875,170,degCent,10,0.6513734076433121,0,9,None,66,1,5,False,1000,1000
15876,171,degCent,10,0.6592356687898089,0,9,None,66,1,5,False,1000,1000
15877,172,degCent,10,0.6704816878980892,0,9,None,66,1,5,False,1000,1000
15878,173,degCent,10,0.6807324840764332,0,9,None,66,1,5,False,1000,1000
15879,174,degCent,10,0.6886942675159236,0,9,None,66,1,5,False,1000,1000
15880,170,degCent,10,0.6209195859872612,0,29,None,66,1,5,False,1000,1000
15881,171,degCent,10,0.6254976114649682,0,29,None,66,1,5,False,1000,1000
15882,172,degCent,10,0.6282842356687898,0,29,None,66,1,5,False,1000,1000
15883,173,degCent,10,0.6309713375796179,0,29,None,66,1,5,False,1000,1000
15884,174,degCent,10,0.6315684713375797,0,29,None,66,1,5,False,1000,1000
15885,170,degCent,10,0.6750597133757962,0,5,None,66,1,5,False,1000,1000
15886,171,degCent,10,0.6786425159235668,0,5,None,66,1,5,False,1000,1000
15887,172,degCent,10,0.6825238853503185,0,5,None,66,1,5,False,1000,1000
15888,173,degCent,10,0.6846138535031847,0,5,None,66,1,5,False,1000,1000
15889,174,degCent,10,0.6872014331210191,0,5,None,66,1,5,False,1000,1000
15890,170,degCent,10,0.6951632165605095,0,16,None,66,1,5,False,1000,1000
15891,171,degCent,10,0.6995421974522293,0,16,None,66,1,5,False,1000,1000
15892,172,degCent,10,0.7045183121019108,0,16,None,66,1,5,False,1000,1000
15893,173,degCent,10,0.708797770700637,0,16,None,66,1,5,False,1000,1000
15894,174,degCent,10,0.7121815286624203,0,16,None,66,1,5,False,1000,1000
15895,170,degCent,10,0.6595342356687898,0,7,None,66,1,5,False,1000,1000
15896,171,degCent,10,0.6597332802547771,0,7,None,66,1,5,False,1000,1000
15897,172,degCent,10,0.6599323248407644,0,7,None,66,1,5,False,1000,1000
15898,173,degCent,10,0.6602308917197452,0,7,None,66,1,5,False,1000,1000
15899,174,degCent,10,0.6607285031847133,0,7,None,66,1,5,False,1000,1000
15900,170,degCent,10,0.6917794585987261,0,13,None,66,1,5,False,1000,1000
15901,171,degCent,10,0.6900875796178344,0,13,None,66,1,5,False,1000,1000
15902,172,degCent,10,0.6891918789808917,0,13,None,66,1,5,False,1000,1000
15903,173,degCent,10,0.6886942675159236,0,13,None,66,1,5,False,1000,1000
15904,174,degCent,10,0.6886942675159236,0,13,None,66,1,5,False,1000,1000
15905,170,degCent,10,0.7081011146496815,0,25,None,66,1,5,False,1000,1000
15906,171,degCent,10,0.7090963375796179,0,25,None,66,1,5,False,1000,1000
15907,172,degCent,10,0.7096934713375797,0,25,None,66,1,5,False,1000,1000
15908,173,degCent,10,0.7091958598726115,0,25,None,66,1,5,False,1000,1000
15909,174,degCent,10,0.7096934713375797,0,25,None,66,1,5,False,1000,1000
15910,170,degCent,10,0.6794386942675159,0,12,None,66,1,5,False,1000,1000
15911,171,degCent,10,0.6847133757961783,0,12,None,66,1,5,False,1000,1000
15912,172,degCent,10,0.6887937898089171,0,12,None,66,1,5,False,1000,1000
15913,173,degCent,10,0.6917794585987261,0,12,None,66,1,5,False,1000,1000
15914,174,degCent,10,0.6953622611464968,0,12,None,66,1,5,False,1000,1000
15915,170,degCent,10,0.6509753184713376,0,26,None,66,1,5,False,1000,1000
15916,171,degCent,10,0.6512738853503185,0,26,None,66,1,5,False,1000,1000
15917,172,degCent,10,0.6512738853503185,0,26,None,66,1,5,False,1000,1000
15918,173,degCent,10,0.6512738853503185,0,26,None,66,1,5,False,1000,1000
15919,174,degCent,10,0.6521695859872612,0,26,None,66,1,5,False,1000,1000
15920,170,degCent,10,0.6839171974522293,0,30,None,66,1,5,False,1000,1000
15921,171,degCent,10,0.6828224522292994,0,30,None,66,1,5,False,1000,1000
15922,172,degCent,10,0.6827229299363057,0,30,None,66,1,5,False,1000,1000
15923,173,degCent,10,0.6824243630573248,0,30,None,66,1,5,False,1000,1000
15924,174,degCent,10,0.6822253184713376,0,30,None,66,1,5,False,1000,1000
15925,170,degCent,10,0.6289808917197452,0,27,None,66,1,5,False,1000,1000
15926,171,degCent,10,0.6336584394904459,0,27,None,66,1,5,False,1000,1000
15927,172,degCent,10,0.6364450636942676,0,27,None,66,1,5,False,1000,1000
15928,173,degCent,10,0.6396297770700637,0,27,None,66,1,5,False,1000,1000
15929,174,degCent,10,0.6414211783439491,0,27,None,66,1,5,False,1000,1000
15930,170,degCent,10,0.6853105095541401,0,31,None,66,1,5,False,1000,1000
15931,171,degCent,10,0.6868033439490446,0,31,None,66,1,5,False,1000,1000
15932,172,degCent,10,0.6890923566878981,0,31,None,66,1,5,False,1000,1000
15933,173,degCent,10,0.6902866242038217,0,31,None,66,1,5,False,1000,1000
15934,174,degCent,10,0.6926751592356688,0,31,None,66,1,5,False,1000,1000
15935,170,degCent,10,0.6072850318471338,0,18,None,66,1,5,False,1000,1000
15936,171,degCent,10,0.6062898089171974,0,18,None,66,1,5,False,1000,1000
15937,172,degCent,10,0.6073845541401274,0,18,None,66,1,5,False,1000,1000
15938,173,degCent,10,0.6094745222929936,0,18,None,66,1,5,False,1000,1000
15939,174,degCent,10,0.6109673566878981,0,18,None,66,1,5,False,1000,1000
15940,170,degCent,10,0.6781449044585988,0,19,None,66,1,5,False,1000,1000
15941,171,degCent,10,0.6811305732484076,0,19,None,66,1,5,False,1000,1000
15942,172,degCent,10,0.6838176751592356,0,19,None,66,1,5,False,1000,1000
15943,173,degCent,10,0.6877985668789809,0,19,None,66,1,5,False,1000,1000
15944,174,degCent,10,0.6899880573248408,0,19,None,66,1,5,False,1000,1000
15945,170,degCent,10,0.6401273885350318,0,21,None,66,1,5,False,1000,1000
15946,171,degCent,10,0.6386345541401274,0,21,None,66,1,5,False,1000,1000
15947,172,degCent,10,0.6373407643312102,0,21,None,66,1,5,False,1000,1000
15948,173,degCent,10,0.6370421974522293,0,21,None,66,1,5,False,1000,1000
15949,174,degCent,10,0.6365445859872612,0,21,None,66,1,5,False,1000,1000
15950,170,degCent,10,0.6807324840764332,0,14,None,66,1,5,False,1000,1000
15951,171,degCent,10,0.6831210191082803,0,14,None,66,1,5,False,1000,1000
15952,172,degCent,10,0.6855095541401274,0,14,None,66,1,5,False,1000,1000
15953,173,degCent,10,0.6876990445859873,0,14,None,66,1,5,False,1000,1000
15954,174,degCent,10,0.6887937898089171,0,14,None,66,1,5,False,1000,1000
15955,170,degCent,10,0.6698845541401274,0,0,None,66,1,5,False,1000,1000
15956,171,degCent,10,0.6717754777070064,0,0,None,66,1,5,False,1000,1000
15957,172,degCent,10,0.6719745222929936,0,0,None,66,1,5,False,1000,1000
15958,173,degCent,10,0.6730692675159236,0,0,None,66,1,5,False,1000,1000
15959,174,degCent,10,0.6742635350318471,0,0,None,66,1,5,False,1000,1000
15960,170,degCent,10,0.6836186305732485,0,4,None,66,1,5,False,1000,1000
15961,171,degCent,10,0.683718152866242,0,4,None,66,1,5,False,1000,1000
15962,172,degCent,10,0.68640525477707,0,4,None,66,1,5,False,1000,1000
15963,173,degCent,10,0.6875995222929936,0,4,None,66,1,5,False,1000,1000
15964,174,degCent,10,0.68859474522293,0,4,None,66,1,5,False,1000,1000
15965,170,degCent,10,0.6594347133757962,0,6,None,66,1,5,False,1000,1000
15966,171,degCent,10,0.6605294585987261,0,6,None,66,1,5,False,1000,1000
15967,172,degCent,10,0.6617237261146497,0,6,None,66,1,5,False,1000,1000
15968,173,degCent,10,0.662718949044586,0,6,None,66,1,5,False,1000,1000
15969,174,degCent,10,0.6636146496815286,0,6,None,66,1,5,False,1000,1000
15970,170,degCent,10,0.59484474522293,0,3,None,66,1,5,False,1000,1000
15971,171,degCent,10,0.583797770700637,0,3,None,66,1,5,False,1000,1000
15972,172,degCent,10,0.5753383757961783,0,3,None,66,1,5,False,1000,1000
15973,173,degCent,10,0.5676751592356688,0,3,None,66,1,5,False,1000,1000
15974,174,degCent,10,0.5581210191082803,0,3,None,66,1,5,False,1000,1000
15975,170,degCent,10,0.6375398089171974,0,8,None,66,1,5,False,1000,1000
15976,171,degCent,10,0.6443073248407644,0,8,None,66,1,5,False,1000,1000
15977,172,degCent,10,0.6494824840764332,0,8,None,66,1,5,False,1000,1000
15978,173,degCent,10,0.6531648089171974,0,8,None,66,1,5,False,1000,1000
15979,174,degCent,10,0.6569466560509554,0,8,None,66,1,5,False,1000,1000
15980,170,degCent,10,0.6113654458598726,0,20,None,66,1,5,False,1000,1000
15981,171,degCent,10,0.634952229299363,0,20,None,66,1,5,False,1000,1000
15982,172,degCent,10,0.645203025477707,0,20,None,66,1,5,False,1000,1000
15983,173,degCent,10,0.6466958598726115,0,20,None,66,1,5,False,1000,1000
15984,174,degCent,10,0.643312101910828,0,20,None,66,1,5,False,1000,1000
15985,170,degCent,10,0.6416202229299363,0,10,None,66,1,5,False,1000,1000
15986,171,degCent,10,0.6504777070063694,0,10,None,66,1,5,False,1000,1000
15987,172,degCent,10,0.6583399681528662,0,10,None,66,1,5,False,1000,1000
15988,173,degCent,10,0.6658041401273885,0,10,None,66,1,5,False,1000,1000
15989,174,degCent,10,0.6709792993630573,0,10,None,66,1,5,False,1000,1000
15990,170,degCent,10,0.6570461783439491,0,22,None,66,1,5,False,1000,1000
15991,171,degCent,10,0.6588375796178344,0,22,None,66,1,5,False,1000,1000
15992,172,degCent,10,0.6617237261146497,0,22,None,66,1,5,False,1000,1000
15993,173,degCent,10,0.664609872611465,0,22,None,66,1,5,False,1000,1000
15994,174,degCent,10,0.6669984076433121,0,22,None,66,1,5,False,1000,1000
15995,170,degCent,10,0.6833200636942676,0,32,None,66,1,5,False,1000,1000
15996,171,degCent,10,0.681031050955414,0,32,None,66,1,5,False,1000,1000
15997,172,degCent,10,0.6811305732484076,0,32,None,66,1,5,False,1000,1000
15998,173,degCent,10,0.6806329617834395,0,32,None,66,1,5,False,1000,1000
15999,174,degCent,10,0.6808320063694268,0,32,None,66,1,5,False,1000,1000
16000,170,degCent,10,0.6596337579617835,0,23,None,66,1,5,False,1000,1000
16001,171,degCent,10,0.6613256369426752,0,23,None,66,1,5,False,1000,1000
16002,172,degCent,10,0.6622213375796179,0,23,None,66,1,5,False,1000,1000
16003,173,degCent,10,0.6636146496815286,0,23,None,66,1,5,False,1000,1000
16004,174,degCent,10,0.6652070063694268,0,23,None,66,1,5,False,1000,1000
16005,175,degCent,10,0.6705812101910829,0,1,None,66,1,5,False,1000,1000
16006,176,degCent,10,0.6733678343949044,0,1,None,66,1,5,False,1000,1000
16007,177,degCent,10,0.6744625796178344,0,1,None,66,1,5,False,1000,1000
16008,178,degCent,10,0.6772492038216561,0,1,None,66,1,5,False,1000,1000
16009,179,degCent,10,0.6796377388535032,0,1,None,66,1,5,False,1000,1000
16010,175,degCent,10,0.6876990445859873,0,2,None,66,1,5,False,1000,1000
16011,176,degCent,10,0.6873009554140127,0,2,None,66,1,5,False,1000,1000
16012,177,degCent,10,0.6693869426751592,0,2,None,66,1,5,False,1000,1000
16013,178,degCent,10,0.6602308917197452,0,2,None,66,1,5,False,1000,1000
16014,179,degCent,10,0.6534633757961783,0,2,None,66,1,5,False,1000,1000
16015,175,degCent,10,0.679140127388535,0,5,None,66,1,5,False,1000,1000
16016,176,degCent,10,0.6834195859872612,0,5,None,66,1,5,False,1000,1000
16017,177,degCent,10,0.6855095541401274,0,5,None,66,1,5,False,1000,1000
16018,178,degCent,10,0.6879976114649682,0,5,None,66,1,5,False,1000,1000
16019,179,degCent,10,0.6916799363057324,0,5,None,66,1,5,False,1000,1000
16020,175,degCent,10,0.6611265923566879,0,23,None,66,1,5,False,1000,1000
16021,176,degCent,10,0.6634156050955414,0,23,None,66,1,5,False,1000,1000
16022,177,degCent,10,0.6641122611464968,0,23,None,66,1,5,False,1000,1000
16023,178,degCent,10,0.665406050955414,0,23,None,66,1,5,False,1000,1000
16024,179,degCent,10,0.6667993630573248,0,23,None,66,1,5,False,1000,1000
16025,175,degCent,10,0.6145501592356688,0,28,None,66,1,5,False,1000,1000
16026,176,degCent,10,0.6168391719745223,0,28,None,66,1,5,False,1000,1000
16027,177,degCent,10,0.6189291401273885,0,28,None,66,1,5,False,1000,1000
16028,178,degCent,10,0.6210191082802548,0,28,None,66,1,5,False,1000,1000
16029,179,degCent,10,0.6240047770700637,0,28,None,66,1,5,False,1000,1000
16030,175,degCent,10,0.6248009554140127,0,29,None,66,1,5,False,1000,1000
16031,176,degCent,10,0.629578025477707,0,29,None,66,1,5,False,1000,1000
16032,177,degCent,10,0.6321656050955414,0,29,None,66,1,5,False,1000,1000
16033,178,degCent,10,0.6338574840764332,0,29,None,66,1,5,False,1000,1000
16034,179,degCent,10,0.634952229299363,0,29,None,66,1,5,False,1000,1000
16035,175,degCent,10,0.6208200636942676,0,20,None,66,1,5,False,1000,1000
16036,176,degCent,10,0.6422173566878981,0,20,None,66,1,5,False,1000,1000
16037,177,degCent,10,0.6511743630573248,0,20,None,66,1,5,False,1000,1000
16038,178,degCent,10,0.6511743630573248,0,20,None,66,1,5,False,1000,1000
16039,179,degCent,10,0.647093949044586,0,20,None,66,1,5,False,1000,1000
16040,175,degCent,10,0.6862062101910829,0,13,None,66,1,5,False,1000,1000
16041,176,degCent,10,0.6868033439490446,0,13,None,66,1,5,False,1000,1000
16042,177,degCent,10,0.6875,0,13,None,66,1,5,False,1000,1000
16043,178,degCent,10,0.68859474522293,0,13,None,66,1,5,False,1000,1000
16044,179,degCent,10,0.6886942675159236,0,13,None,66,1,5,False,1000,1000
16045,175,degCent,10,0.6984474522292994,0,25,None,66,1,5,False,1000,1000
16046,176,degCent,10,0.6963574840764332,0,25,None,66,1,5,False,1000,1000
16047,177,degCent,10,0.6959593949044586,0,25,None,66,1,5,False,1000,1000
16048,178,degCent,10,0.6956608280254777,0,25,None,66,1,5,False,1000,1000
16049,179,degCent,10,0.6955613057324841,0,25,None,66,1,5,False,1000,1000
16050,175,degCent,10,0.6813296178343949,0,14,None,66,1,5,False,1000,1000
16051,176,degCent,10,0.6833200636942676,0,14,None,66,1,5,False,1000,1000
16052,177,degCent,10,0.6845143312101911,0,14,None,66,1,5,False,1000,1000
16053,178,degCent,10,0.6867038216560509,0,14,None,66,1,5,False,1000,1000
16054,179,degCent,10,0.6879976114649682,0,14,None,66,1,5,False,1000,1000
16055,175,degCent,10,0.6599323248407644,0,22,None,66,1,5,False,1000,1000
16056,176,degCent,10,0.6633160828025477,0,22,None,66,1,5,False,1000,1000
16057,177,degCent,10,0.6650079617834395,0,22,None,66,1,5,False,1000,1000
16058,178,degCent,10,0.6682921974522293,0,22,None,66,1,5,False,1000,1000
16059,179,degCent,10,0.6703821656050956,0,22,None,66,1,5,False,1000,1000
16060,175,degCent,10,0.6541600318471338,0,9,None,66,1,5,False,1000,1000
16061,176,degCent,10,0.6609275477707006,0,9,None,66,1,5,False,1000,1000
16062,177,degCent,10,0.6730692675159236,0,9,None,66,1,5,False,1000,1000
16063,178,degCent,10,0.6824243630573248,0,9,None,66,1,5,False,1000,1000
16064,179,degCent,10,0.6905851910828026,0,9,None,66,1,5,False,1000,1000
16065,175,degCent,10,0.6832205414012739,0,12,None,66,1,5,False,1000,1000
16066,176,degCent,10,0.6880971337579618,0,12,None,66,1,5,False,1000,1000
16067,177,degCent,10,0.6917794585987261,0,12,None,66,1,5,False,1000,1000
16068,178,degCent,10,0.6945660828025477,0,12,None,66,1,5,False,1000,1000
16069,179,degCent,10,0.6973527070063694,0,12,None,66,1,5,False,1000,1000
16070,175,degCent,10,0.6542595541401274,0,26,None,66,1,5,False,1000,1000
16071,176,degCent,10,0.6527667197452229,0,26,None,66,1,5,False,1000,1000
16072,177,degCent,10,0.6536624203821656,0,26,None,66,1,5,False,1000,1000
16073,178,degCent,10,0.654359076433121,0,26,None,66,1,5,False,1000,1000
16074,179,degCent,10,0.6538614649681529,0,26,None,66,1,5,False,1000,1000
16075,175,degCent,10,0.6310708598726115,0,27,None,66,1,5,False,1000,1000
16076,176,degCent,10,0.6355493630573248,0,27,None,66,1,5,False,1000,1000
16077,177,degCent,10,0.6382364649681529,0,27,None,66,1,5,False,1000,1000
16078,178,degCent,10,0.6411226114649682,0,27,None,66,1,5,False,1000,1000
16079,179,degCent,10,0.6437101910828026,0,27,None,66,1,5,False,1000,1000
16080,175,degCent,10,0.6865047770700637,0,30,None,66,1,5,False,1000,1000
16081,176,degCent,10,0.6844148089171974,0,30,None,66,1,5,False,1000,1000
16082,177,degCent,10,0.6840167197452229,0,30,None,66,1,5,False,1000,1000
16083,178,degCent,10,0.6836186305732485,0,30,None,66,1,5,False,1000,1000
16084,179,degCent,10,0.6839171974522293,0,30,None,66,1,5,False,1000,1000
16085,175,degCent,10,0.6473925159235668,0,10,None,66,1,5,False,1000,1000
16086,176,degCent,10,0.6563495222929936,0,10,None,66,1,5,False,1000,1000
16087,177,degCent,10,0.6640127388535032,0,10,None,66,1,5,False,1000,1000
16088,178,degCent,10,0.6694864649681529,0,10,None,66,1,5,False,1000,1000
16089,179,degCent,10,0.6771496815286624,0,10,None,66,1,5,False,1000,1000
16090,175,degCent,10,0.6393312101910829,0,15,None,66,1,5,False,1000,1000
16091,176,degCent,10,0.6409235668789809,0,15,None,66,1,5,False,1000,1000
16092,177,degCent,10,0.643312101910828,0,15,None,66,1,5,False,1000,1000
16093,178,degCent,10,0.644406847133758,0,15,None,66,1,5,False,1000,1000
16094,179,degCent,10,0.6457006369426752,0,15,None,66,1,5,False,1000,1000
16095,175,degCent,10,0.6884952229299363,0,31,None,66,1,5,False,1000,1000
16096,176,degCent,10,0.6907842356687898,0,31,None,66,1,5,False,1000,1000
16097,177,degCent,10,0.6917794585987261,0,31,None,66,1,5,False,1000,1000
16098,178,degCent,10,0.6943670382165605,0,31,None,66,1,5,False,1000,1000
16099,179,degCent,10,0.6963574840764332,0,31,None,66,1,5,False,1000,1000
16100,175,degCent,10,0.6427149681528662,0,21,None,66,1,5,False,1000,1000
16101,176,degCent,10,0.6409235668789809,0,21,None,66,1,5,False,1000,1000
16102,177,degCent,10,0.6394307324840764,0,21,None,66,1,5,False,1000,1000
16103,178,degCent,10,0.638734076433121,0,21,None,66,1,5,False,1000,1000
16104,179,degCent,10,0.6380374203821656,0,21,None,66,1,5,False,1000,1000
16105,175,degCent,10,0.6875995222929936,0,4,None,66,1,5,False,1000,1000
16106,176,degCent,10,0.689390923566879,0,4,None,66,1,5,False,1000,1000
16107,177,degCent,10,0.6894904458598726,0,4,None,66,1,5,False,1000,1000
16108,178,degCent,10,0.6911823248407644,0,4,None,66,1,5,False,1000,1000
16109,179,degCent,10,0.6908837579617835,0,4,None,66,1,5,False,1000,1000
16110,175,degCent,10,0.6716759554140127,0,0,None,66,1,5,False,1000,1000
16111,176,degCent,10,0.6733678343949044,0,0,None,66,1,5,False,1000,1000
16112,177,degCent,10,0.6747611464968153,0,0,None,66,1,5,False,1000,1000
16113,178,degCent,10,0.6762539808917197,0,0,None,66,1,5,False,1000,1000
16114,179,degCent,10,0.6768511146496815,0,0,None,66,1,5,False,1000,1000
16115,175,degCent,10,0.61046974522293,0,18,None,66,1,5,False,1000,1000
16116,176,degCent,10,0.6089769108280255,0,18,None,66,1,5,False,1000,1000
16117,177,degCent,10,0.6108678343949044,0,18,None,66,1,5,False,1000,1000
16118,178,degCent,10,0.6121616242038217,0,18,None,66,1,5,False,1000,1000
16119,179,degCent,10,0.613953025477707,0,18,None,66,1,5,False,1000,1000
16120,175,degCent,10,0.6808320063694268,0,19,None,66,1,5,False,1000,1000
16121,176,degCent,10,0.6853105095541401,0,19,None,66,1,5,False,1000,1000
16122,177,degCent,10,0.6871019108280255,0,19,None,66,1,5,False,1000,1000
16123,178,degCent,10,0.6897890127388535,0,19,None,66,1,5,False,1000,1000
16124,179,degCent,10,0.6919785031847133,0,19,None,66,1,5,False,1000,1000
16125,175,degCent,10,0.6401273885350318,0,8,None,66,1,5,False,1000,1000
16126,176,degCent,10,0.6454020700636943,0,8,None,66,1,5,False,1000,1000
16127,177,degCent,10,0.6502786624203821,0,8,None,66,1,5,False,1000,1000
16128,178,degCent,10,0.6546576433121019,0,8,None,66,1,5,False,1000,1000
16129,179,degCent,10,0.6579418789808917,0,8,None,66,1,5,False,1000,1000
16130,175,degCent,10,0.6603304140127388,0,7,None,66,1,5,False,1000,1000
16131,176,degCent,10,0.6605294585987261,0,7,None,66,1,5,False,1000,1000
16132,177,degCent,10,0.6605294585987261,0,7,None,66,1,5,False,1000,1000
16133,178,degCent,10,0.6614251592356688,0,7,None,66,1,5,False,1000,1000
16134,179,degCent,10,0.6616242038216561,0,7,None,66,1,5,False,1000,1000
16135,175,degCent,10,0.6602308917197452,0,6,None,66,1,5,False,1000,1000
16136,176,degCent,10,0.6612261146496815,0,6,None,66,1,5,False,1000,1000
16137,177,degCent,10,0.6629179936305732,0,6,None,66,1,5,False,1000,1000
16138,178,degCent,10,0.6636146496815286,0,6,None,66,1,5,False,1000,1000
16139,179,degCent,10,0.6647093949044586,0,6,None,66,1,5,False,1000,1000
16140,175,degCent,10,0.6840167197452229,0,32,None,66,1,5,False,1000,1000
16141,176,degCent,10,0.6832205414012739,0,32,None,66,1,5,False,1000,1000
16142,177,degCent,10,0.6832205414012739,0,32,None,66,1,5,False,1000,1000
16143,178,degCent,10,0.6827229299363057,0,32,None,66,1,5,False,1000,1000
16144,179,degCent,10,0.682921974522293,0,32,None,66,1,5,False,1000,1000
16145,175,degCent,10,0.6988455414012739,0,16,None,66,1,5,False,1000,1000
16146,176,degCent,10,0.7038216560509554,0,16,None,66,1,5,False,1000,1000
16147,177,degCent,10,0.7085987261146497,0,16,None,66,1,5,False,1000,1000
16148,178,degCent,10,0.7124800955414012,0,16,None,66,1,5,False,1000,1000
16149,179,degCent,10,0.7154657643312102,0,16,None,66,1,5,False,1000,1000
16150,175,degCent,10,0.4314291401273885,0,11,None,66,1,5,False,1000,1000
16151,176,degCent,10,0.4274482484076433,0,11,None,66,1,5,False,1000,1000
16152,177,degCent,10,0.4221735668789809,0,11,None,66,1,5,False,1000,1000
16153,178,degCent,10,0.4182921974522293,0,11,None,66,1,5,False,1000,1000
16154,179,degCent,10,0.414609872611465,0,11,None,66,1,5,False,1000,1000
16155,175,degCent,10,0.6089769108280255,0,3,None,66,1,5,False,1000,1000
16156,176,degCent,10,0.5985270700636943,0,3,None,66,1,5,False,1000,1000
16157,177,degCent,10,0.5900676751592356,0,3,None,66,1,5,False,1000,1000
16158,178,degCent,10,0.5820063694267515,0,3,None,66,1,5,False,1000,1000
16159,179,degCent,10,0.5737460191082803,0,3,None,66,1,5,False,1000,1000
16160,175,degCent,10,0.6879976114649682,0,17,None,66,1,5,False,1000,1000
16161,176,degCent,10,0.6875995222929936,0,17,None,66,1,5,False,1000,1000
16162,177,degCent,10,0.6877985668789809,0,17,None,66,1,5,False,1000,1000
16163,178,degCent,10,0.6875995222929936,0,17,None,66,1,5,False,1000,1000
16164,179,degCent,10,0.6875,0,17,None,66,1,5,False,1000,1000
16165,175,degCent,10,0.6640127388535032,0,24,None,66,1,5,False,1000,1000
16166,176,degCent,10,0.666202229299363,0,24,None,66,1,5,False,1000,1000
16167,177,degCent,10,0.6674960191082803,0,24,None,66,1,5,False,1000,1000
16168,178,degCent,10,0.6694864649681529,0,24,None,66,1,5,False,1000,1000
16169,179,degCent,10,0.6703821656050956,0,24,None,66,1,5,False,1000,1000
17985,180,degCent,10,0.6731687898089171,0,1,None,66,1,5,False,1000,1000
17986,181,degCent,10,0.6753582802547771,0,1,None,66,1,5,False,1000,1000
17987,182,degCent,10,0.6781449044585988,0,1,None,66,1,5,False,1000,1000
17988,183,degCent,10,0.6799363057324841,0,1,None,66,1,5,False,1000,1000
17989,184,degCent,10,0.6823248407643312,0,1,None,66,1,5,False,1000,1000
17990,180,degCent,10,0.6922770700636943,0,2,None,66,1,5,False,1000,1000
17991,181,degCent,10,0.6879976114649682,0,2,None,66,1,5,False,1000,1000
17992,182,degCent,10,0.6711783439490446,0,2,None,66,1,5,False,1000,1000
17993,183,degCent,10,0.6631170382165605,0,2,None,66,1,5,False,1000,1000
17994,184,degCent,10,0.6552547770700637,0,2,None,66,1,5,False,1000,1000
17995,180,degCent,10,0.6889928343949044,0,13,None,66,1,5,False,1000,1000
17996,181,degCent,10,0.68859474522293,0,13,None,66,1,5,False,1000,1000
17997,182,degCent,10,0.6900875796178344,0,13,None,66,1,5,False,1000,1000
17998,183,degCent,10,0.6898885350318471,0,13,None,66,1,5,False,1000,1000
17999,184,degCent,10,0.6908837579617835,0,13,None,66,1,5,False,1000,1000
18000,180,degCent,10,0.6422173566878981,0,15,None,66,1,5,False,1000,1000
18001,181,degCent,10,0.6443073248407644,0,15,None,66,1,5,False,1000,1000
18002,182,degCent,10,0.6459992038216561,0,15,None,66,1,5,False,1000,1000
18003,183,degCent,10,0.6477906050955414,0,15,None,66,1,5,False,1000,1000
18004,184,degCent,10,0.6492834394904459,0,15,None,66,1,5,False,1000,1000
18005,180,degCent,10,0.6921775477707006,0,16,None,66,1,5,False,1000,1000
18006,181,degCent,10,0.6977507961783439,0,16,None,66,1,5,False,1000,1000
18007,182,degCent,10,0.7017316878980892,0,16,None,66,1,5,False,1000,1000
18008,183,degCent,10,0.7071058917197452,0,16,None,66,1,5,False,1000,1000
18009,184,degCent,10,0.7108877388535032,0,16,None,66,1,5,False,1000,1000
18010,180,degCent,10,0.6437101910828026,0,8,None,66,1,5,False,1000,1000
18011,181,degCent,10,0.6494824840764332,0,8,None,66,1,5,False,1000,1000
18012,182,degCent,10,0.6538614649681529,0,8,None,66,1,5,False,1000,1000
18013,183,degCent,10,0.6580414012738853,0,8,None,66,1,5,False,1000,1000
18014,184,degCent,10,0.6610270700636943,0,8,None,66,1,5,False,1000,1000
18015,180,degCent,10,0.6040007961783439,0,20,None,66,1,5,False,1000,1000
18016,181,degCent,10,0.6000199044585988,0,20,None,66,1,5,False,1000,1000
18017,182,degCent,10,0.6190286624203821,0,20,None,66,1,5,False,1000,1000
18018,183,degCent,10,0.6355493630573248,0,20,None,66,1,5,False,1000,1000
18019,184,degCent,10,0.6419187898089171,0,20,None,66,1,5,False,1000,1000
18020,180,degCent,10,0.6866042993630573,0,19,None,66,1,5,False,1000,1000
18021,181,degCent,10,0.6888933121019108,0,19,None,66,1,5,False,1000,1000
18022,182,degCent,10,0.6914808917197452,0,19,None,66,1,5,False,1000,1000
18023,183,degCent,10,0.6940684713375797,0,19,None,66,1,5,False,1000,1000
18024,184,degCent,10,0.6965565286624203,0,19,None,66,1,5,False,1000,1000
18025,180,degCent,10,0.6673964968152867,0,22,None,66,1,5,False,1000,1000
18026,181,degCent,10,0.6706807324840764,0,22,None,66,1,5,False,1000,1000
18027,182,degCent,10,0.6723726114649682,0,22,None,66,1,5,False,1000,1000
18028,183,degCent,10,0.6752587579617835,0,22,None,66,1,5,False,1000,1000
18029,184,degCent,10,0.6766520700636943,0,22,None,66,1,5,False,1000,1000
18030,180,degCent,10,0.6657046178343949,0,23,None,66,1,5,False,1000,1000
18031,181,degCent,10,0.6663017515923567,0,23,None,66,1,5,False,1000,1000
18032,182,degCent,10,0.6669984076433121,0,23,None,66,1,5,False,1000,1000
18033,183,degCent,10,0.6681926751592356,0,23,None,66,1,5,False,1000,1000
18034,184,degCent,10,0.6706807324840764,0,23,None,66,1,5,False,1000,1000
18035,180,degCent,10,0.646297770700637,0,21,None,66,1,5,False,1000,1000
18036,181,degCent,10,0.6441082802547771,0,21,None,66,1,5,False,1000,1000
18037,182,degCent,10,0.643312101910828,0,21,None,66,1,5,False,1000,1000
18038,183,degCent,10,0.6421178343949044,0,21,None,66,1,5,False,1000,1000
18039,184,degCent,10,0.6416202229299363,0,21,None,66,1,5,False,1000,1000
18040,180,degCent,10,0.7133757961783439,0,25,None,66,1,5,False,1000,1000
18041,181,degCent,10,0.7129777070063694,0,25,None,66,1,5,False,1000,1000
18042,182,degCent,10,0.7124800955414012,0,25,None,66,1,5,False,1000,1000
18043,183,degCent,10,0.7127786624203821,0,25,None,66,1,5,False,1000,1000
18044,184,degCent,10,0.7134753184713376,0,25,None,66,1,5,False,1000,1000
18045,180,degCent,10,0.6162420382165605,0,28,None,66,1,5,False,1000,1000
18046,181,degCent,10,0.6187300955414012,0,28,None,66,1,5,False,1000,1000
18047,182,degCent,10,0.6213176751592356,0,28,None,66,1,5,False,1000,1000
18048,183,degCent,10,0.6233081210191083,0,28,None,66,1,5,False,1000,1000
18049,184,degCent,10,0.6267914012738853,0,28,None,66,1,5,False,1000,1000
18050,180,degCent,10,0.6143511146496815,0,18,None,66,1,5,False,1000,1000
18051,181,degCent,10,0.6135549363057324,0,18,None,66,1,5,False,1000,1000
18052,182,degCent,10,0.6154458598726115,0,18,None,66,1,5,False,1000,1000
18053,183,degCent,10,0.6173367834394905,0,18,None,66,1,5,False,1000,1000
18054,184,degCent,10,0.6194267515923567,0,18,None,66,1,5,False,1000,1000
18055,180,degCent,10,0.6914808917197452,0,31,None,66,1,5,False,1000,1000
18056,181,degCent,10,0.6926751592356688,0,31,None,66,1,5,False,1000,1000
18057,182,degCent,10,0.6959593949044586,0,31,None,66,1,5,False,1000,1000
18058,183,degCent,10,0.6984474522292994,0,31,None,66,1,5,False,1000,1000
18059,184,degCent,10,0.7001393312101911,0,31,None,66,1,5,False,1000,1000
18060,180,degCent,10,0.6330613057324841,0,27,None,66,1,5,False,1000,1000
18061,181,degCent,10,0.6361464968152867,0,27,None,66,1,5,False,1000,1000
18062,182,degCent,10,0.6396297770700637,0,27,None,66,1,5,False,1000,1000
18063,183,degCent,10,0.6426154458598726,0,27,None,66,1,5,False,1000,1000
18064,184,degCent,10,0.6453025477707006,0,27,None,66,1,5,False,1000,1000
18065,180,degCent,10,0.6873009554140127,0,32,None,66,1,5,False,1000,1000
18066,181,degCent,10,0.6855095541401274,0,32,None,66,1,5,False,1000,1000
18067,182,degCent,10,0.6859076433121019,0,32,None,66,1,5,False,1000,1000
18068,183,degCent,10,0.6859076433121019,0,32,None,66,1,5,False,1000,1000
18069,184,degCent,10,0.6866042993630573,0,32,None,66,1,5,False,1000,1000
18070,180,degCent,10,0.6833200636942676,0,5,None,66,1,5,False,1000,1000
18071,181,degCent,10,0.6851114649681529,0,5,None,66,1,5,False,1000,1000
18072,182,degCent,10,0.6882961783439491,0,5,None,66,1,5,False,1000,1000
18073,183,degCent,10,0.6911823248407644,0,5,None,66,1,5,False,1000,1000
18074,184,degCent,10,0.6938694267515924,0,5,None,66,1,5,False,1000,1000
18075,180,degCent,10,0.6634156050955414,0,6,None,66,1,5,False,1000,1000
18076,181,degCent,10,0.6647093949044586,0,6,None,66,1,5,False,1000,1000
18077,182,degCent,10,0.6660031847133758,0,6,None,66,1,5,False,1000,1000
18078,183,degCent,10,0.6660031847133758,0,6,None,66,1,5,False,1000,1000
18079,184,degCent,10,0.6669984076433121,0,6,None,66,1,5,False,1000,1000
18080,180,degCent,10,0.6892914012738853,0,4,None,66,1,5,False,1000,1000
18081,181,degCent,10,0.6906847133757962,0,4,None,66,1,5,False,1000,1000
18082,182,degCent,10,0.6919785031847133,0,4,None,66,1,5,False,1000,1000
18083,183,degCent,10,0.693968949044586,0,4,None,66,1,5,False,1000,1000
18084,184,degCent,10,0.6946656050955414,0,4,None,66,1,5,False,1000,1000
18085,180,degCent,10,0.662718949044586,0,7,None,66,1,5,False,1000,1000
18086,181,degCent,10,0.6625199044585988,0,7,None,66,1,5,False,1000,1000
18087,182,degCent,10,0.663515127388535,0,7,None,66,1,5,False,1000,1000
18088,183,degCent,10,0.6639132165605095,0,7,None,66,1,5,False,1000,1000
18089,184,degCent,10,0.6653065286624203,0,7,None,66,1,5,False,1000,1000
18090,180,degCent,10,0.698546974522293,0,14,None,66,1,5,False,1000,1000
18091,181,degCent,10,0.6990445859872612,0,14,None,66,1,5,False,1000,1000
18092,182,degCent,10,0.7000398089171974,0,14,None,66,1,5,False,1000,1000
18093,183,degCent,10,0.7015326433121019,0,14,None,66,1,5,False,1000,1000
18094,184,degCent,10,0.7023288216560509,0,14,None,66,1,5,False,1000,1000
18095,180,degCent,10,0.6570461783439491,0,26,None,66,1,5,False,1000,1000
18096,181,degCent,10,0.6564490445859873,0,26,None,66,1,5,False,1000,1000
18097,182,degCent,10,0.65625,0,26,None,66,1,5,False,1000,1000
18098,183,degCent,10,0.6559514331210191,0,26,None,66,1,5,False,1000,1000
18099,184,degCent,10,0.6560509554140127,0,26,None,66,1,5,False,1000,1000
18100,180,degCent,10,0.6878980891719745,0,12,None,66,1,5,False,1000,1000
18101,181,degCent,10,0.6913813694267515,0,12,None,66,1,5,False,1000,1000
18102,182,degCent,10,0.6943670382165605,0,12,None,66,1,5,False,1000,1000
18103,183,degCent,10,0.6969546178343949,0,12,None,66,1,5,False,1000,1000
18104,184,degCent,10,0.7005374203821656,0,12,None,66,1,5,False,1000,1000
18105,180,degCent,10,0.6883957006369427,0,30,None,66,1,5,False,1000,1000
18106,181,degCent,10,0.6867038216560509,0,30,None,66,1,5,False,1000,1000
18107,182,degCent,10,0.6863057324840764,0,30,None,66,1,5,False,1000,1000
18108,183,degCent,10,0.6862062101910829,0,30,None,66,1,5,False,1000,1000
18109,184,degCent,10,0.6863057324840764,0,30,None,66,1,5,False,1000,1000
18110,180,degCent,10,0.6476910828025477,0,10,None,66,1,5,False,1000,1000
18111,181,degCent,10,0.6567476114649682,0,10,None,66,1,5,False,1000,1000
18112,182,degCent,10,0.664609872611465,0,10,None,66,1,5,False,1000,1000
18113,183,degCent,10,0.6706807324840764,0,10,None,66,1,5,False,1000,1000
18114,184,degCent,10,0.6773487261146497,0,10,None,66,1,5,False,1000,1000
18115,180,degCent,10,0.4322253184713376,0,11,None,66,1,5,False,1000,1000
18116,181,degCent,10,0.4288415605095541,0,11,None,66,1,5,False,1000,1000
18117,182,degCent,10,0.4234673566878981,0,11,None,66,1,5,False,1000,1000
18118,183,degCent,10,0.418889331210191,0,11,None,66,1,5,False,1000,1000
18119,184,degCent,10,0.4166003184713376,0,11,None,66,1,5,False,1000,1000
18120,180,degCent,10,0.6897890127388535,0,17,None,66,1,5,False,1000,1000
18121,181,degCent,10,0.6898885350318471,0,17,None,66,1,5,False,1000,1000
18122,182,degCent,10,0.6899880573248408,0,17,None,66,1,5,False,1000,1000
18123,183,degCent,10,0.6896894904458599,0,17,None,66,1,5,False,1000,1000
18124,184,degCent,10,0.690187101910828,0,17,None,66,1,5,False,1000,1000
18125,180,degCent,10,0.5997213375796179,0,3,None,66,1,5,False,1000,1000
18126,181,degCent,10,0.5922571656050956,0,3,None,66,1,5,False,1000,1000
18127,182,degCent,10,0.5831011146496815,0,3,None,66,1,5,False,1000,1000
18128,183,degCent,10,0.5765326433121019,0,3,None,66,1,5,False,1000,1000
18129,184,degCent,10,0.5688694267515924,0,3,None,66,1,5,False,1000,1000
18130,180,degCent,10,0.663515127388535,0,24,None,66,1,5,False,1000,1000
18131,181,degCent,10,0.6659036624203821,0,24,None,66,1,5,False,1000,1000
18132,182,degCent,10,0.6667993630573248,0,24,None,66,1,5,False,1000,1000
18133,183,degCent,10,0.6693869426751592,0,24,None,66,1,5,False,1000,1000
18134,184,degCent,10,0.6711783439490446,0,24,None,66,1,5,False,1000,1000
18135,180,degCent,10,0.65625,0,9,None,66,1,5,False,1000,1000
18136,181,degCent,10,0.6639132165605095,0,9,None,66,1,5,False,1000,1000
18137,182,degCent,10,0.6758558917197452,0,9,None,66,1,5,False,1000,1000
18138,183,degCent,10,0.6846138535031847,0,9,None,66,1,5,False,1000,1000
18139,184,degCent,10,0.6937699044585988,0,9,None,66,1,5,False,1000,1000
18140,180,degCent,10,0.6275875796178344,0,29,None,66,1,5,False,1000,1000
18141,181,degCent,10,0.631468949044586,0,29,None,66,1,5,False,1000,1000
18142,182,degCent,10,0.6339570063694268,0,29,None,66,1,5,False,1000,1000
18143,183,degCent,10,0.6354498407643312,0,29,None,66,1,5,False,1000,1000
18144,184,degCent,10,0.6377388535031847,0,29,None,66,1,5,False,1000,1000
18145,180,degCent,10,0.6753582802547771,0,0,None,66,1,5,False,1000,1000
18146,181,degCent,10,0.676453025477707,0,0,None,66,1,5,False,1000,1000
18147,182,degCent,10,0.6768511146496815,0,0,None,66,1,5,False,1000,1000
18148,183,degCent,10,0.6782444267515924,0,0,None,66,1,5,False,1000,1000
18149,184,degCent,10,0.680234872611465,0,0,None,66,1,5,False,1000,1000
18150,185,degCent,10,0.6767515923566879,0,1,None,66,1,5,False,1000,1000
18151,186,degCent,10,0.6790406050955414,0,1,None,66,1,5,False,1000,1000
18152,187,degCent,10,0.6812300955414012,0,1,None,66,1,5,False,1000,1000
18153,188,degCent,10,0.6830214968152867,0,1,None,66,1,5,False,1000,1000
18154,189,degCent,10,0.6845143312101911,0,1,None,66,1,5,False,1000,1000
18155,185,degCent,10,0.6269904458598726,0,29,None,66,1,5,False,1000,1000
18156,186,degCent,10,0.6319665605095541,0,29,None,66,1,5,False,1000,1000
18157,187,degCent,10,0.6338574840764332,0,29,None,66,1,5,False,1000,1000
18158,188,degCent,10,0.6355493630573248,0,29,None,66,1,5,False,1000,1000
18159,189,degCent,10,0.637937898089172,0,29,None,66,1,5,False,1000,1000
18160,185,degCent,10,0.7037221337579618,0,14,None,66,1,5,False,1000,1000
18161,186,degCent,10,0.70421974522293,0,14,None,66,1,5,False,1000,1000
18162,187,degCent,10,0.7057125796178344,0,14,None,66,1,5,False,1000,1000
18163,188,degCent,10,0.7059116242038217,0,14,None,66,1,5,False,1000,1000
18164,189,degCent,10,0.7070063694267515,0,14,None,66,1,5,False,1000,1000
18165,185,degCent,10,0.6636146496815286,0,7,None,66,1,5,False,1000,1000
18166,186,degCent,10,0.6644108280254777,0,7,None,66,1,5,False,1000,1000
18167,187,degCent,10,0.6657046178343949,0,7,None,66,1,5,False,1000,1000
18168,188,degCent,10,0.6657046178343949,0,7,None,66,1,5,False,1000,1000
18169,189,degCent,10,0.6664012738853503,0,7,None,66,1,5,False,1000,1000
18170,185,degCent,10,0.428343949044586,0,11,None,66,1,5,False,1000,1000
18171,186,degCent,10,0.4251592356687898,0,11,None,66,1,5,False,1000,1000
18172,187,degCent,10,0.4208797770700637,0,11,None,66,1,5,False,1000,1000
18173,188,degCent,10,0.4161027070063694,0,11,None,66,1,5,False,1000,1000
18174,189,degCent,10,0.4133160828025478,0,11,None,66,1,5,False,1000,1000
18175,185,degCent,10,0.6595342356687898,0,9,None,66,1,5,False,1000,1000
18176,186,degCent,10,0.6700835987261147,0,9,None,66,1,5,False,1000,1000
18177,187,degCent,10,0.6805334394904459,0,9,None,66,1,5,False,1000,1000
18178,188,degCent,10,0.6891918789808917,0,9,None,66,1,5,False,1000,1000
18179,189,degCent,10,0.6978503184713376,0,9,None,66,1,5,False,1000,1000
18180,185,degCent,10,0.6437101910828026,0,15,None,66,1,5,False,1000,1000
18181,186,degCent,10,0.6455015923566879,0,15,None,66,1,5,False,1000,1000
18182,187,degCent,10,0.6479896496815286,0,15,None,66,1,5,False,1000,1000
18183,188,degCent,10,0.6494824840764332,0,15,None,66,1,5,False,1000,1000
18184,189,degCent,10,0.6503781847133758,0,15,None,66,1,5,False,1000,1000
18185,185,degCent,10,0.6913813694267515,0,17,None,66,1,5,False,1000,1000
18186,186,degCent,10,0.6906847133757962,0,17,None,66,1,5,False,1000,1000
18187,187,degCent,10,0.6905851910828026,0,17,None,66,1,5,False,1000,1000
18188,188,degCent,10,0.6903861464968153,0,17,None,66,1,5,False,1000,1000
18189,189,degCent,10,0.6909832802547771,0,17,None,66,1,5,False,1000,1000
18190,185,degCent,10,0.648984872611465,0,10,None,66,1,5,False,1000,1000
18191,186,degCent,10,0.6575437898089171,0,10,None,66,1,5,False,1000,1000
18192,187,degCent,10,0.6660031847133758,0,10,None,66,1,5,False,1000,1000
18193,188,degCent,10,0.6723726114649682,0,10,None,66,1,5,False,1000,1000
18194,189,degCent,10,0.6784434713375797,0,10,None,66,1,5,False,1000,1000
18195,185,degCent,10,0.604796974522293,0,20,None,66,1,5,False,1000,1000
18196,186,degCent,10,0.6018113057324841,0,20,None,66,1,5,False,1000,1000
18197,187,degCent,10,0.621218152866242,0,20,None,66,1,5,False,1000,1000
18198,188,degCent,10,0.6386345541401274,0,20,None,66,1,5,False,1000,1000
18199,189,degCent,10,0.6453025477707006,0,20,None,66,1,5,False,1000,1000
18200,185,degCent,10,0.6722730891719745,0,22,None,66,1,5,False,1000,1000
18201,186,degCent,10,0.6750597133757962,0,22,None,66,1,5,False,1000,1000
18202,187,degCent,10,0.6774482484076433,0,22,None,66,1,5,False,1000,1000
18203,188,degCent,10,0.6795382165605095,0,22,None,66,1,5,False,1000,1000
18204,189,degCent,10,0.681827229299363,0,22,None,66,1,5,False,1000,1000
18205,185,degCent,10,0.6917794585987261,0,32,None,66,1,5,False,1000,1000
18206,186,degCent,10,0.6905851910828026,0,32,None,66,1,5,False,1000,1000
18207,187,degCent,10,0.6900875796178344,0,32,None,66,1,5,False,1000,1000
18208,188,degCent,10,0.6896894904458599,0,32,None,66,1,5,False,1000,1000
18209,189,degCent,10,0.6894904458598726,0,32,None,66,1,5,False,1000,1000
18210,185,degCent,10,0.6854100318471338,0,5,None,66,1,5,False,1000,1000
18211,186,degCent,10,0.6876990445859873,0,5,None,66,1,5,False,1000,1000
18212,187,degCent,10,0.6897890127388535,0,5,None,66,1,5,False,1000,1000
18213,188,degCent,10,0.6926751592356688,0,5,None,66,1,5,False,1000,1000
18214,189,degCent,10,0.6960589171974523,0,5,None,66,1,5,False,1000,1000
18215,185,degCent,10,0.6474920382165605,0,21,None,66,1,5,False,1000,1000
18216,186,degCent,10,0.646297770700637,0,21,None,66,1,5,False,1000,1000
18217,187,degCent,10,0.6453025477707006,0,21,None,66,1,5,False,1000,1000
18218,188,degCent,10,0.645203025477707,0,21,None,66,1,5,False,1000,1000
18219,189,degCent,10,0.6447054140127388,0,21,None,66,1,5,False,1000,1000
18220,185,degCent,10,0.6675955414012739,0,23,None,66,1,5,False,1000,1000
18221,186,degCent,10,0.668093152866242,0,23,None,66,1,5,False,1000,1000
18222,187,degCent,10,0.6700835987261147,0,23,None,66,1,5,False,1000,1000
18223,188,degCent,10,0.6716759554140127,0,23,None,66,1,5,False,1000,1000
18224,189,degCent,10,0.6738654458598726,0,23,None,66,1,5,False,1000,1000
18225,185,degCent,10,0.6335589171974523,0,27,None,66,1,5,False,1000,1000
18226,186,degCent,10,0.6374402866242038,0,27,None,66,1,5,False,1000,1000
18227,187,degCent,10,0.6401273885350318,0,27,None,66,1,5,False,1000,1000
18228,188,degCent,10,0.6438097133757962,0,27,None,66,1,5,False,1000,1000
18229,189,degCent,10,0.6469944267515924,0,27,None,66,1,5,False,1000,1000
18230,185,degCent,10,0.6643113057324841,0,24,None,66,1,5,False,1000,1000
18231,186,degCent,10,0.6666003184713376,0,24,None,66,1,5,False,1000,1000
18232,187,degCent,10,0.6683917197452229,0,24,None,66,1,5,False,1000,1000
18233,188,degCent,10,0.6702826433121019,0,24,None,66,1,5,False,1000,1000
18234,189,degCent,10,0.6730692675159236,0,24,None,66,1,5,False,1000,1000
18235,185,degCent,10,0.6877985668789809,0,30,None,66,1,5,False,1000,1000
18236,186,degCent,10,0.6875,0,30,None,66,1,5,False,1000,1000
18237,187,degCent,10,0.68640525477707,0,30,None,66,1,5,False,1000,1000
18238,188,degCent,10,0.6867038216560509,0,30,None,66,1,5,False,1000,1000
18239,189,degCent,10,0.6868033439490446,0,30,None,66,1,5,False,1000,1000
18240,185,degCent,10,0.6983479299363057,0,31,None,66,1,5,False,1000,1000
18241,186,degCent,10,0.7007364649681529,0,31,None,66,1,5,False,1000,1000
18242,187,degCent,10,0.7029259554140127,0,31,None,66,1,5,False,1000,1000
18243,188,degCent,10,0.7043192675159236,0,31,None,66,1,5,False,1000,1000
18244,189,degCent,10,0.705812101910828,0,31,None,66,1,5,False,1000,1000
18245,185,degCent,10,0.6172372611464968,0,28,None,66,1,5,False,1000,1000
18246,186,degCent,10,0.6199243630573248,0,28,None,66,1,5,False,1000,1000
18247,187,degCent,10,0.622312898089172,0,28,None,66,1,5,False,1000,1000
18248,188,degCent,10,0.6252985668789809,0,28,None,66,1,5,False,1000,1000
18249,189,degCent,10,0.6284832802547771,0,28,None,66,1,5,False,1000,1000
18250,185,degCent,10,0.6918789808917197,0,2,None,66,1,5,False,1000,1000
18251,186,degCent,10,0.6896894904458599,0,2,None,66,1,5,False,1000,1000
18252,187,degCent,10,0.67296974522293,0,2,None,66,1,5,False,1000,1000
18253,188,degCent,10,0.6656050955414012,0,2,None,66,1,5,False,1000,1000
18254,189,degCent,10,0.658140923566879,0,2,None,66,1,5,False,1000,1000
18255,185,degCent,10,0.6786425159235668,0,0,None,66,1,5,False,1000,1000
18256,186,degCent,10,0.6800358280254777,0,0,None,66,1,5,False,1000,1000
18257,187,degCent,10,0.6814291401273885,0,0,None,66,1,5,False,1000,1000
18258,188,degCent,10,0.6828224522292994,0,0,None,66,1,5,False,1000,1000
18259,189,degCent,10,0.6836186305732485,0,0,None,66,1,5,False,1000,1000
18260,185,degCent,10,0.6908837579617835,0,4,None,66,1,5,False,1000,1000
18261,186,degCent,10,0.6929737261146497,0,4,None,66,1,5,False,1000,1000
18262,187,degCent,10,0.6951632165605095,0,4,None,66,1,5,False,1000,1000
18263,188,degCent,10,0.6968550955414012,0,4,None,66,1,5,False,1000,1000
18264,189,degCent,10,0.6977507961783439,0,4,None,66,1,5,False,1000,1000
18265,185,degCent,10,0.6454020700636943,0,8,None,66,1,5,False,1000,1000
18266,186,degCent,10,0.6510748407643312,0,8,None,66,1,5,False,1000,1000
18267,187,degCent,10,0.6560509554140127,0,8,None,66,1,5,False,1000,1000
18268,188,degCent,10,0.6594347133757962,0,8,None,66,1,5,False,1000,1000
18269,189,degCent,10,0.6632165605095541,0,8,None,66,1,5,False,1000,1000
18270,185,degCent,10,0.7024283439490446,0,16,None,66,1,5,False,1000,1000
18271,186,degCent,10,0.7085987261146497,0,16,None,66,1,5,False,1000,1000
18272,187,degCent,10,0.7117834394904459,0,16,None,66,1,5,False,1000,1000
18273,188,degCent,10,0.7153662420382165,0,16,None,66,1,5,False,1000,1000
18274,189,degCent,10,0.720640923566879,0,16,None,66,1,5,False,1000,1000
18275,185,degCent,10,0.6152468152866242,0,18,None,66,1,5,False,1000,1000
18276,186,degCent,10,0.6140525477707006,0,18,None,66,1,5,False,1000,1000
18277,187,degCent,10,0.6165406050955414,0,18,None,66,1,5,False,1000,1000
18278,188,degCent,10,0.6184315286624203,0,18,None,66,1,5,False,1000,1000
18279,189,degCent,10,0.6199243630573248,0,18,None,66,1,5,False,1000,1000
18280,185,degCent,10,0.6804339171974523,0,19,None,66,1,5,False,1000,1000
18281,186,degCent,10,0.6853105095541401,0,19,None,66,1,5,False,1000,1000
18282,187,degCent,10,0.6869028662420382,0,19,None,66,1,5,False,1000,1000
18283,188,degCent,10,0.6895899681528662,0,19,None,66,1,5,False,1000,1000
18284,189,degCent,10,0.6918789808917197,0,19,None,66,1,5,False,1000,1000
18285,185,degCent,10,0.6711783439490446,0,6,None,66,1,5,False,1000,1000
18286,186,degCent,10,0.6711783439490446,0,6,None,66,1,5,False,1000,1000
18287,187,degCent,10,0.6712778662420382,0,6,None,66,1,5,False,1000,1000
18288,188,degCent,10,0.6722730891719745,0,6,None,66,1,5,False,1000,1000
18289,189,degCent,10,0.6727707006369427,0,6,None,66,1,5,False,1000,1000
18290,185,degCent,10,0.6095740445859873,0,3,None,66,1,5,False,1000,1000
18291,186,degCent,10,0.602109872611465,0,3,None,66,1,5,False,1000,1000
18292,187,degCent,10,0.5958399681528662,0,3,None,66,1,5,False,1000,1000
18293,188,degCent,10,0.5862858280254777,0,3,None,66,1,5,False,1000,1000
18294,189,degCent,10,0.5793192675159236,0,3,None,66,1,5,False,1000,1000
18295,185,degCent,10,0.6899880573248408,0,12,None,66,1,5,False,1000,1000
18296,186,degCent,10,0.6934713375796179,0,12,None,66,1,5,False,1000,1000
18297,187,degCent,10,0.6964570063694268,0,12,None,66,1,5,False,1000,1000
18298,188,degCent,10,0.699343152866242,0,12,None,66,1,5,False,1000,1000
18299,189,degCent,10,0.7028264331210191,0,12,None,66,1,5,False,1000,1000
18300,185,degCent,10,0.6919785031847133,0,13,None,66,1,5,False,1000,1000
18301,186,degCent,10,0.6923765923566879,0,13,None,66,1,5,False,1000,1000
18302,187,degCent,10,0.6926751592356688,0,13,None,66,1,5,False,1000,1000
18303,188,degCent,10,0.6926751592356688,0,13,None,66,1,5,False,1000,1000
18304,189,degCent,10,0.6937699044585988,0,13,None,66,1,5,False,1000,1000
18305,185,degCent,10,0.71765525477707,0,25,None,66,1,5,False,1000,1000
18306,186,degCent,10,0.7170581210191083,0,25,None,66,1,5,False,1000,1000
18307,187,degCent,10,0.7170581210191083,0,25,None,66,1,5,False,1000,1000
18308,188,degCent,10,0.7177547770700637,0,25,None,66,1,5,False,1000,1000
18309,189,degCent,10,0.7175557324840764,0,25,None,66,1,5,False,1000,1000
18310,185,degCent,10,0.6622213375796179,0,26,None,66,1,5,False,1000,1000
18311,186,degCent,10,0.6610270700636943,0,26,None,66,1,5,False,1000,1000
18312,187,degCent,10,0.6597332802547771,0,26,None,66,1,5,False,1000,1000
18313,188,degCent,10,0.6595342356687898,0,26,None,66,1,5,False,1000,1000
18314,189,degCent,10,0.658937101910828,0,26,None,66,1,5,False,1000,1000
18315,190,degCent,10,0.6825238853503185,0,1,None,66,1,5,False,1000,1000
18316,191,degCent,10,0.6836186305732485,0,1,None,66,1,5,False,1000,1000
18317,192,degCent,10,0.6854100318471338,0,1,None,66,1,5,False,1000,1000
18318,193,degCent,10,0.6869028662420382,0,1,None,66,1,5,False,1000,1000
18319,194,degCent,10,0.6883957006369427,0,1,None,66,1,5,False,1000,1000
18320,190,degCent,10,0.6348527070063694,0,27,None,66,1,5,False,1000,1000
18321,191,degCent,10,0.638734076433121,0,27,None,66,1,5,False,1000,1000
18322,192,degCent,10,0.6437101910828026,0,27,None,66,1,5,False,1000,1000
18323,193,degCent,10,0.6468949044585988,0,27,None,66,1,5,False,1000,1000
18324,194,degCent,10,0.6491839171974523,0,27,None,66,1,5,False,1000,1000
18325,190,degCent,10,0.6970541401273885,0,16,None,66,1,5,False,1000,1000
18326,191,degCent,10,0.70203025477707,0,16,None,66,1,5,False,1000,1000
18327,192,degCent,10,0.7071058917197452,0,16,None,66,1,5,False,1000,1000
18328,193,degCent,10,0.7111863057324841,0,16,None,66,1,5,False,1000,1000
18329,194,degCent,10,0.7157643312101911,0,16,None,66,1,5,False,1000,1000
18330,190,degCent,10,0.6332603503184714,0,29,None,66,1,5,False,1000,1000
18331,191,degCent,10,0.6369426751592356,0,29,None,66,1,5,False,1000,1000
18332,192,degCent,10,0.6389331210191083,0,29,None,66,1,5,False,1000,1000
18333,193,degCent,10,0.6413216560509554,0,29,None,66,1,5,False,1000,1000
18334,194,degCent,10,0.6436106687898089,0,29,None,66,1,5,False,1000,1000
18335,190,degCent,10,0.6694864649681529,0,24,None,66,1,5,False,1000,1000
18336,191,degCent,10,0.6713773885350318,0,24,None,66,1,5,False,1000,1000
18337,192,degCent,10,0.6734673566878981,0,24,None,66,1,5,False,1000,1000
18338,193,degCent,10,0.6758558917197452,0,24,None,66,1,5,False,1000,1000
18339,194,degCent,10,0.6774482484076433,0,24,None,66,1,5,False,1000,1000
18340,190,degCent,10,0.6979498407643312,0,31,None,66,1,5,False,1000,1000
18341,191,degCent,10,0.7001393312101911,0,31,None,66,1,5,False,1000,1000
18342,192,degCent,10,0.7021297770700637,0,31,None,66,1,5,False,1000,1000
18343,193,degCent,10,0.7037221337579618,0,31,None,66,1,5,False,1000,1000
18344,194,degCent,10,0.7056130573248408,0,31,None,66,1,5,False,1000,1000
18345,190,degCent,10,0.6989450636942676,0,13,None,66,1,5,False,1000,1000
18346,191,degCent,10,0.699343152866242,0,13,None,66,1,5,False,1000,1000
18347,192,degCent,10,0.6973527070063694,0,13,None,66,1,5,False,1000,1000
18348,193,degCent,10,0.6952627388535032,0,13,None,66,1,5,False,1000,1000
18349,194,degCent,10,0.6951632165605095,0,13,None,66,1,5,False,1000,1000
18350,190,degCent,10,0.6575437898089171,0,26,None,66,1,5,False,1000,1000
18351,191,degCent,10,0.65734474522293,0,26,None,66,1,5,False,1000,1000
18352,192,degCent,10,0.6564490445859873,0,26,None,66,1,5,False,1000,1000
18353,193,degCent,10,0.6558519108280255,0,26,None,66,1,5,False,1000,1000
18354,194,degCent,10,0.6560509554140127,0,26,None,66,1,5,False,1000,1000
18355,190,degCent,10,0.7079020700636943,0,14,None,66,1,5,False,1000,1000
18356,191,degCent,10,0.7092953821656051,0,14,None,66,1,5,False,1000,1000
18357,192,degCent,10,0.709593949044586,0,14,None,66,1,5,False,1000,1000
18358,193,degCent,10,0.711484872611465,0,14,None,66,1,5,False,1000,1000
18359,194,degCent,10,0.712281050955414,0,14,None,66,1,5,False,1000,1000
18360,190,degCent,10,0.6924761146496815,0,30,None,66,1,5,False,1000,1000
18361,191,degCent,10,0.6922770700636943,0,30,None,66,1,5,False,1000,1000
18362,192,degCent,10,0.6917794585987261,0,30,None,66,1,5,False,1000,1000
18363,193,degCent,10,0.6906847133757962,0,30,None,66,1,5,False,1000,1000
18364,194,degCent,10,0.6911823248407644,0,30,None,66,1,5,False,1000,1000
18365,190,degCent,10,0.6830214968152867,0,19,None,66,1,5,False,1000,1000
18366,191,degCent,10,0.6862062101910829,0,19,None,66,1,5,False,1000,1000
18367,192,degCent,10,0.6890923566878981,0,19,None,66,1,5,False,1000,1000
18368,193,degCent,10,0.6915804140127388,0,19,None,66,1,5,False,1000,1000
18369,194,degCent,10,0.6940684713375797,0,19,None,66,1,5,False,1000,1000
18370,190,degCent,10,0.6500796178343949,0,21,None,66,1,5,False,1000,1000
18371,191,degCent,10,0.6479896496815286,0,21,None,66,1,5,False,1000,1000
18372,192,degCent,10,0.6474920382165605,0,21,None,66,1,5,False,1000,1000
18373,193,degCent,10,0.6475915605095541,0,21,None,66,1,5,False,1000,1000
18374,194,degCent,10,0.6471934713375797,0,21,None,66,1,5,False,1000,1000
18375,190,degCent,10,0.6987460191082803,0,2,None,66,1,5,False,1000,1000
18376,191,degCent,10,0.6914808917197452,0,2,None,66,1,5,False,1000,1000
18377,192,degCent,10,0.6753582802547771,0,2,None,66,1,5,False,1000,1000
18378,193,degCent,10,0.6678941082802548,0,2,None,66,1,5,False,1000,1000
18379,194,degCent,10,0.6610270700636943,0,2,None,66,1,5,False,1000,1000
18380,190,degCent,10,0.6880971337579618,0,5,None,66,1,5,False,1000,1000
18381,191,degCent,10,0.6908837579617835,0,5,None,66,1,5,False,1000,1000
18382,192,degCent,10,0.693968949044586,0,5,None,66,1,5,False,1000,1000
18383,193,degCent,10,0.6972531847133758,0,5,None,66,1,5,False,1000,1000
18384,194,degCent,10,0.6996417197452229,0,5,None,66,1,5,False,1000,1000
18385,190,degCent,10,0.6685907643312102,0,7,None,66,1,5,False,1000,1000
18386,191,degCent,10,0.6690883757961783,0,7,None,66,1,5,False,1000,1000
18387,192,degCent,10,0.6703821656050956,0,7,None,66,1,5,False,1000,1000
18388,193,degCent,10,0.6703821656050956,0,7,None,66,1,5,False,1000,1000
18389,194,degCent,10,0.6713773885350318,0,7,None,66,1,5,False,1000,1000
18390,190,degCent,10,0.4398885350318471,0,11,None,66,1,5,False,1000,1000
18391,191,degCent,10,0.4360071656050955,0,11,None,66,1,5,False,1000,1000
18392,192,degCent,10,0.4331210191082802,0,11,None,66,1,5,False,1000,1000
18393,193,degCent,10,0.4321257961783439,0,11,None,66,1,5,False,1000,1000
18394,194,degCent,10,0.4317277070063694,0,11,None,66,1,5,False,1000,1000
18395,190,degCent,10,0.6479896496815286,0,15,None,66,1,5,False,1000,1000
18396,191,degCent,10,0.648984872611465,0,15,None,66,1,5,False,1000,1000
18397,192,degCent,10,0.6503781847133758,0,15,None,66,1,5,False,1000,1000
18398,193,degCent,10,0.6534633757961783,0,15,None,66,1,5,False,1000,1000
18399,194,degCent,10,0.6546576433121019,0,15,None,66,1,5,False,1000,1000
18400,190,degCent,10,0.6943670382165605,0,17,None,66,1,5,False,1000,1000
18401,191,degCent,10,0.6944665605095541,0,17,None,66,1,5,False,1000,1000
18402,192,degCent,10,0.6941679936305732,0,17,None,66,1,5,False,1000,1000
18403,193,degCent,10,0.6938694267515924,0,17,None,66,1,5,False,1000,1000
18404,194,degCent,10,0.6949641719745223,0,17,None,66,1,5,False,1000,1000
18405,190,degCent,10,0.6197253184713376,0,18,None,66,1,5,False,1000,1000
18406,191,degCent,10,0.6198248407643312,0,18,None,66,1,5,False,1000,1000
18407,192,degCent,10,0.622312898089172,0,18,None,66,1,5,False,1000,1000
18408,193,degCent,10,0.6241042993630573,0,18,None,66,1,5,False,1000,1000
18409,194,degCent,10,0.6255971337579618,0,18,None,66,1,5,False,1000,1000
18410,190,degCent,10,0.6202229299363057,0,28,None,66,1,5,False,1000,1000
18411,191,degCent,10,0.6220143312101911,0,28,None,66,1,5,False,1000,1000
18412,192,degCent,10,0.6256966560509554,0,28,None,66,1,5,False,1000,1000
18413,193,degCent,10,0.6280851910828026,0,28,None,66,1,5,False,1000,1000
18414,194,degCent,10,0.630672770700637,0,28,None,66,1,5,False,1000,1000
18415,190,degCent,10,0.6610270700636943,0,9,None,66,1,5,False,1000,1000
18416,191,degCent,10,0.6721735668789809,0,9,None,66,1,5,False,1000,1000
18417,192,degCent,10,0.6819267515923567,0,9,None,66,1,5,False,1000,1000
18418,193,degCent,10,0.6910828025477707,0,9,None,66,1,5,False,1000,1000
18419,194,degCent,10,0.6997412420382165,0,9,None,66,1,5,False,1000,1000
18420,190,degCent,10,0.6926751592356688,0,12,None,66,1,5,False,1000,1000
18421,191,degCent,10,0.6961584394904459,0,12,None,66,1,5,False,1000,1000
18422,192,degCent,10,0.6989450636942676,0,12,None,66,1,5,False,1000,1000
18423,193,degCent,10,0.7023288216560509,0,12,None,66,1,5,False,1000,1000
18424,194,degCent,10,0.7056130573248408,0,12,None,66,1,5,False,1000,1000
18425,190,degCent,10,0.6995421974522293,0,25,None,66,1,5,False,1000,1000
18426,191,degCent,10,0.7001393312101911,0,25,None,66,1,5,False,1000,1000
18427,192,degCent,10,0.6992436305732485,0,25,None,66,1,5,False,1000,1000
18428,193,degCent,10,0.698546974522293,0,25,None,66,1,5,False,1000,1000
18429,194,degCent,10,0.6981488853503185,0,25,None,66,1,5,False,1000,1000
18430,190,degCent,10,0.6826234076433121,0,0,None,66,1,5,False,1000,1000
18431,191,degCent,10,0.6841162420382165,0,0,None,66,1,5,False,1000,1000
18432,192,degCent,10,0.6849124203821656,0,0,None,66,1,5,False,1000,1000
18433,193,degCent,10,0.685609076433121,0,0,None,66,1,5,False,1000,1000
18434,194,degCent,10,0.6872014331210191,0,0,None,66,1,5,False,1000,1000
18435,190,degCent,10,0.6945660828025477,0,4,None,66,1,5,False,1000,1000
18436,191,degCent,10,0.6959593949044586,0,4,None,66,1,5,False,1000,1000
18437,192,degCent,10,0.6982484076433121,0,4,None,66,1,5,False,1000,1000
18438,193,degCent,10,0.6998407643312102,0,4,None,66,1,5,False,1000,1000
18439,194,degCent,10,0.7010350318471338,0,4,None,66,1,5,False,1000,1000
18440,190,degCent,10,0.6032046178343949,0,3,None,66,1,5,False,1000,1000
18441,191,degCent,10,0.5990246815286624,0,3,None,66,1,5,False,1000,1000
18442,192,degCent,10,0.5912619426751592,0,3,None,66,1,5,False,1000,1000
18443,193,degCent,10,0.5834992038216561,0,3,None,66,1,5,False,1000,1000
18444,194,degCent,10,0.5774283439490446,0,3,None,66,1,5,False,1000,1000
18445,190,degCent,10,0.6721735668789809,0,6,None,66,1,5,False,1000,1000
18446,191,degCent,10,0.67296974522293,0,6,None,66,1,5,False,1000,1000
18447,192,degCent,10,0.6734673566878981,0,6,None,66,1,5,False,1000,1000
18448,193,degCent,10,0.6740644904458599,0,6,None,66,1,5,False,1000,1000
18449,194,degCent,10,0.6746616242038217,0,6,None,66,1,5,False,1000,1000
18450,190,degCent,10,0.6469944267515924,0,8,None,66,1,5,False,1000,1000
18451,191,degCent,10,0.6526671974522293,0,8,None,66,1,5,False,1000,1000
18452,192,degCent,10,0.6575437898089171,0,8,None,66,1,5,False,1000,1000
18453,193,degCent,10,0.6607285031847133,0,8,None,66,1,5,False,1000,1000
18454,194,degCent,10,0.664609872611465,0,8,None,66,1,5,False,1000,1000
18455,190,degCent,10,0.651671974522293,0,10,None,66,1,5,False,1000,1000
18456,191,degCent,10,0.6613256369426752,0,10,None,66,1,5,False,1000,1000
18457,192,degCent,10,0.6689888535031847,0,10,None,66,1,5,False,1000,1000
18458,193,degCent,10,0.6760549363057324,0,10,None,66,1,5,False,1000,1000
18459,194,degCent,10,0.6822253184713376,0,10,None,66,1,5,False,1000,1000
18460,190,degCent,10,0.609375,0,20,None,66,1,5,False,1000,1000
18461,191,degCent,10,0.6089769108280255,0,20,None,66,1,5,False,1000,1000
18462,192,degCent,10,0.6340565286624203,0,20,None,66,1,5,False,1000,1000
18463,193,degCent,10,0.6477906050955414,0,20,None,66,1,5,False,1000,1000
18464,194,degCent,10,0.6513734076433121,0,20,None,66,1,5,False,1000,1000
18465,190,degCent,10,0.6752587579617835,0,22,None,66,1,5,False,1000,1000
18466,191,degCent,10,0.6790406050955414,0,22,None,66,1,5,False,1000,1000
18467,192,degCent,10,0.6814291401273885,0,22,None,66,1,5,False,1000,1000
18468,193,degCent,10,0.6838176751592356,0,22,None,66,1,5,False,1000,1000
18469,194,degCent,10,0.6843152866242038,0,22,None,66,1,5,False,1000,1000
18470,190,degCent,10,0.6690883757961783,0,23,None,66,1,5,False,1000,1000
18471,191,degCent,10,0.669984076433121,0,23,None,66,1,5,False,1000,1000
18472,192,degCent,10,0.6731687898089171,0,23,None,66,1,5,False,1000,1000
18473,193,degCent,10,0.6759554140127388,0,23,None,66,1,5,False,1000,1000
18474,194,degCent,10,0.6772492038216561,0,23,None,66,1,5,False,1000,1000
18475,190,degCent,10,0.6942675159235668,0,32,None,66,1,5,False,1000,1000
18476,191,degCent,10,0.6919785031847133,0,32,None,66,1,5,False,1000,1000
18477,192,degCent,10,0.6917794585987261,0,32,None,66,1,5,False,1000,1000
18478,193,degCent,10,0.6917794585987261,0,32,None,66,1,5,False,1000,1000
18479,194,degCent,10,0.6921775477707006,0,32,None,66,1,5,False,1000,1000
18480,195,degCent,10,0.6857085987261147,0,1,None,66,1,5,False,1000,1000
18481,196,degCent,10,0.6875,0,1,None,66,1,5,False,1000,1000
18482,197,degCent,10,0.6882961783439491,0,1,None,66,1,5,False,1000,1000
18483,198,degCent,10,0.6897890127388535,0,1,None,66,1,5,False,1000,1000
18484,199,degCent,10,0.691281847133758,0,1,None,66,1,5,False,1000,1000
18485,195,degCent,10,0.6701831210191083,0,23,None,66,1,5,False,1000,1000
18486,196,degCent,10,0.67078025477707,0,23,None,66,1,5,False,1000,1000
18487,197,degCent,10,0.6730692675159236,0,23,None,66,1,5,False,1000,1000
18488,198,degCent,10,0.675656847133758,0,23,None,66,1,5,False,1000,1000
18489,199,degCent,10,0.6788415605095541,0,23,None,66,1,5,False,1000,1000
18490,195,degCent,10,0.634952229299363,0,29,None,66,1,5,False,1000,1000
18491,196,degCent,10,0.6391321656050956,0,29,None,66,1,5,False,1000,1000
18492,197,degCent,10,0.64171974522293,0,29,None,66,1,5,False,1000,1000
18493,198,degCent,10,0.644406847133758,0,29,None,66,1,5,False,1000,1000
18494,199,degCent,10,0.6479896496815286,0,29,None,66,1,5,False,1000,1000
18495,195,degCent,10,0.6941679936305732,0,32,None,66,1,5,False,1000,1000
18496,196,degCent,10,0.6940684713375797,0,32,None,66,1,5,False,1000,1000
18497,197,degCent,10,0.6951632165605095,0,32,None,66,1,5,False,1000,1000
18498,198,degCent,10,0.6954617834394905,0,32,None,66,1,5,False,1000,1000
18499,199,degCent,10,0.6950636942675159,0,32,None,66,1,5,False,1000,1000
18500,195,degCent,10,0.6983479299363057,0,13,None,66,1,5,False,1000,1000
18501,196,degCent,10,0.6990445859872612,0,13,None,66,1,5,False,1000,1000
18502,197,degCent,10,0.7000398089171974,0,13,None,66,1,5,False,1000,1000
18503,198,degCent,10,0.6994426751592356,0,13,None,66,1,5,False,1000,1000
18504,199,degCent,10,0.6992436305732485,0,13,None,66,1,5,False,1000,1000
18505,195,degCent,10,0.6979498407643312,0,25,None,66,1,5,False,1000,1000
18506,196,degCent,10,0.6979498407643312,0,25,None,66,1,5,False,1000,1000
18507,197,degCent,10,0.6978503184713376,0,25,None,66,1,5,False,1000,1000
18508,198,degCent,10,0.6969546178343949,0,25,None,66,1,5,False,1000,1000
18509,199,degCent,10,0.6971536624203821,0,25,None,66,1,5,False,1000,1000
18510,195,degCent,10,0.6693869426751592,0,24,None,66,1,5,False,1000,1000
18511,196,degCent,10,0.6716759554140127,0,24,None,66,1,5,False,1000,1000
18512,197,degCent,10,0.673765923566879,0,24,None,66,1,5,False,1000,1000
18513,198,degCent,10,0.6755573248407644,0,24,None,66,1,5,False,1000,1000
18514,199,degCent,10,0.6770501592356688,0,24,None,66,1,5,False,1000,1000
18515,195,degCent,10,0.7010350318471338,0,31,None,66,1,5,False,1000,1000
18516,196,degCent,10,0.7028264331210191,0,31,None,66,1,5,False,1000,1000
18517,197,degCent,10,0.70421974522293,0,31,None,66,1,5,False,1000,1000
18518,198,degCent,10,0.7054140127388535,0,31,None,66,1,5,False,1000,1000
18519,199,degCent,10,0.7074044585987261,0,31,None,66,1,5,False,1000,1000
18520,195,degCent,10,0.7105891719745223,0,14,None,66,1,5,False,1000,1000
18521,196,degCent,10,0.7121815286624203,0,14,None,66,1,5,False,1000,1000
18522,197,degCent,10,0.7137738853503185,0,14,None,66,1,5,False,1000,1000
18523,198,degCent,10,0.7140724522292994,0,14,None,66,1,5,False,1000,1000
18524,199,degCent,10,0.7145700636942676,0,14,None,66,1,5,False,1000,1000
18525,195,degCent,10,0.6773487261146497,0,22,None,66,1,5,False,1000,1000
18526,196,degCent,10,0.6804339171974523,0,22,None,66,1,5,False,1000,1000
18527,197,degCent,10,0.6828224522292994,0,22,None,66,1,5,False,1000,1000
18528,198,degCent,10,0.6857085987261147,0,22,None,66,1,5,False,1000,1000
18529,199,degCent,10,0.6877985668789809,0,22,None,66,1,5,False,1000,1000
18530,195,degCent,10,0.6722730891719745,0,26,None,66,1,5,False,1000,1000
18531,196,degCent,10,0.6694864649681529,0,26,None,66,1,5,False,1000,1000
18532,197,degCent,10,0.6685907643312102,0,26,None,66,1,5,False,1000,1000
18533,198,degCent,10,0.6683917197452229,0,26,None,66,1,5,False,1000,1000
18534,199,degCent,10,0.6686902866242038,0,26,None,66,1,5,False,1000,1000
18535,195,degCent,10,0.6347531847133758,0,27,None,66,1,5,False,1000,1000
18536,196,degCent,10,0.6404259554140127,0,27,None,66,1,5,False,1000,1000
18537,197,degCent,10,0.6457006369426752,0,27,None,66,1,5,False,1000,1000
18538,198,degCent,10,0.6482882165605095,0,27,None,66,1,5,False,1000,1000
18539,199,degCent,10,0.6499800955414012,0,27,None,66,1,5,False,1000,1000
18540,195,degCent,10,0.6724721337579618,0,6,None,66,1,5,False,1000,1000
18541,196,degCent,10,0.6726711783439491,0,6,None,66,1,5,False,1000,1000
18542,197,degCent,10,0.6738654458598726,0,6,None,66,1,5,False,1000,1000
18543,198,degCent,10,0.6741640127388535,0,6,None,66,1,5,False,1000,1000
18544,199,degCent,10,0.674562101910828,0,6,None,66,1,5,False,1000,1000
18545,195,degCent,10,0.6944665605095541,0,30,None,66,1,5,False,1000,1000
18546,196,degCent,10,0.6943670382165605,0,30,None,66,1,5,False,1000,1000
18547,197,degCent,10,0.6933718152866242,0,30,None,66,1,5,False,1000,1000
18548,198,degCent,10,0.6935708598726115,0,30,None,66,1,5,False,1000,1000
18549,199,degCent,10,0.6940684713375797,0,30,None,66,1,5,False,1000,1000
18550,195,degCent,10,0.7070063694267515,0,16,None,66,1,5,False,1000,1000
18551,196,degCent,10,0.7123805732484076,0,16,None,66,1,5,False,1000,1000
18552,197,degCent,10,0.7153662420382165,0,16,None,66,1,5,False,1000,1000
18553,198,degCent,10,0.7202428343949044,0,16,None,66,1,5,False,1000,1000
18554,199,degCent,10,0.7254179936305732,0,16,None,66,1,5,False,1000,1000
18555,195,degCent,10,0.6940684713375797,0,19,None,66,1,5,False,1000,1000
18556,196,degCent,10,0.6954617834394905,0,19,None,66,1,5,False,1000,1000
18557,197,degCent,10,0.698546974522293,0,19,None,66,1,5,False,1000,1000
18558,198,degCent,10,0.70203025477707,0,19,None,66,1,5,False,1000,1000
18559,199,degCent,10,0.7043192675159236,0,19,None,66,1,5,False,1000,1000
18560,195,degCent,10,0.6480891719745223,0,8,None,66,1,5,False,1000,1000
18561,196,degCent,10,0.6532643312101911,0,8,None,66,1,5,False,1000,1000
18562,197,degCent,10,0.6584394904458599,0,8,None,66,1,5,False,1000,1000
18563,198,degCent,10,0.6625199044585988,0,8,None,66,1,5,False,1000,1000
18564,199,degCent,10,0.6661027070063694,0,8,None,66,1,5,False,1000,1000
18565,195,degCent,10,0.6511743630573248,0,21,None,66,1,5,False,1000,1000
18566,196,degCent,10,0.6492834394904459,0,21,None,66,1,5,False,1000,1000
18567,197,degCent,10,0.6488853503184714,0,21,None,66,1,5,False,1000,1000
18568,198,degCent,10,0.6485867834394905,0,21,None,66,1,5,False,1000,1000
18569,199,degCent,10,0.6485867834394905,0,21,None,66,1,5,False,1000,1000
18570,195,degCent,10,0.7005374203821656,0,2,None,66,1,5,False,1000,1000
18571,196,degCent,10,0.6941679936305732,0,2,None,66,1,5,False,1000,1000
18572,197,degCent,10,0.6780453821656051,0,2,None,66,1,5,False,1000,1000
18573,198,degCent,10,0.669984076433121,0,2,None,66,1,5,False,1000,1000
18574,199,degCent,10,0.6633160828025477,0,2,None,66,1,5,False,1000,1000
18575,195,degCent,10,0.6859076433121019,0,0,None,66,1,5,False,1000,1000
18576,196,degCent,10,0.6863057324840764,0,0,None,66,1,5,False,1000,1000
18577,197,degCent,10,0.6873009554140127,0,0,None,66,1,5,False,1000,1000
18578,198,degCent,10,0.6890923566878981,0,0,None,66,1,5,False,1000,1000
18579,199,degCent,10,0.6904856687898089,0,0,None,66,1,5,False,1000,1000
18580,195,degCent,10,0.6188296178343949,0,3,None,66,1,5,False,1000,1000
18581,196,degCent,10,0.6102707006369427,0,3,None,66,1,5,False,1000,1000
18582,197,degCent,10,0.6017117834394905,0,3,None,66,1,5,False,1000,1000
18583,198,degCent,10,0.5962380573248408,0,3,None,66,1,5,False,1000,1000
18584,199,degCent,10,0.5905652866242038,0,3,None,66,1,5,False,1000,1000
18585,195,degCent,10,0.6967555732484076,0,4,None,66,1,5,False,1000,1000
18586,196,degCent,10,0.6980493630573248,0,4,None,66,1,5,False,1000,1000
18587,197,degCent,10,0.7001393312101911,0,4,None,66,1,5,False,1000,1000
18588,198,degCent,10,0.7017316878980892,0,4,None,66,1,5,False,1000,1000
18589,199,degCent,10,0.7040207006369427,0,4,None,66,1,5,False,1000,1000
18590,195,degCent,10,0.6904856687898089,0,5,None,66,1,5,False,1000,1000
18591,196,degCent,10,0.693172770700637,0,5,None,66,1,5,False,1000,1000
18592,197,degCent,10,0.6972531847133758,0,5,None,66,1,5,False,1000,1000
18593,198,degCent,10,0.699343152866242,0,5,None,66,1,5,False,1000,1000
18594,199,degCent,10,0.7019307324840764,0,5,None,66,1,5,False,1000,1000
18595,195,degCent,10,0.6701831210191083,0,7,None,66,1,5,False,1000,1000
18596,196,degCent,10,0.6706807324840764,0,7,None,66,1,5,False,1000,1000
18597,197,degCent,10,0.671875,0,7,None,66,1,5,False,1000,1000
18598,198,degCent,10,0.6719745222929936,0,7,None,66,1,5,False,1000,1000
18599,199,degCent,10,0.6725716560509554,0,7,None,66,1,5,False,1000,1000
18600,195,degCent,10,0.6621218152866242,0,9,None,66,1,5,False,1000,1000
18601,196,degCent,10,0.6750597133757962,0,9,None,66,1,5,False,1000,1000
18602,197,degCent,10,0.6840167197452229,0,9,None,66,1,5,False,1000,1000
18603,198,degCent,10,0.6924761146496815,0,9,None,66,1,5,False,1000,1000
18604,199,degCent,10,0.70203025477707,0,9,None,66,1,5,False,1000,1000
18605,195,degCent,10,0.65625,0,10,None,66,1,5,False,1000,1000
18606,196,degCent,10,0.6665007961783439,0,10,None,66,1,5,False,1000,1000
18607,197,degCent,10,0.6740644904458599,0,10,None,66,1,5,False,1000,1000
18608,198,degCent,10,0.6806329617834395,0,10,None,66,1,5,False,1000,1000
18609,199,degCent,10,0.6876990445859873,0,10,None,66,1,5,False,1000,1000
18610,195,degCent,10,0.4373009554140127,0,11,None,66,1,5,False,1000,1000
18611,196,degCent,10,0.4334195859872611,0,11,None,66,1,5,False,1000,1000
18612,197,degCent,10,0.4313296178343949,0,11,None,66,1,5,False,1000,1000
18613,198,degCent,10,0.4313296178343949,0,11,None,66,1,5,False,1000,1000
18614,199,degCent,10,0.431031050955414,0,11,None,66,1,5,False,1000,1000
18615,195,degCent,10,0.6492834394904459,0,15,None,66,1,5,False,1000,1000
18616,196,degCent,10,0.6512738853503185,0,15,None,66,1,5,False,1000,1000
18617,197,degCent,10,0.6532643312101911,0,15,None,66,1,5,False,1000,1000
18618,198,degCent,10,0.6553542993630573,0,15,None,66,1,5,False,1000,1000
18619,199,degCent,10,0.6568471337579618,0,15,None,66,1,5,False,1000,1000
18620,195,degCent,10,0.6943670382165605,0,12,None,66,1,5,False,1000,1000
18621,196,degCent,10,0.6975517515923567,0,12,None,66,1,5,False,1000,1000
18622,197,degCent,10,0.7007364649681529,0,12,None,66,1,5,False,1000,1000
18623,198,degCent,10,0.7048168789808917,0,12,None,66,1,5,False,1000,1000
18624,199,degCent,10,0.7078025477707006,0,12,None,66,1,5,False,1000,1000
18625,195,degCent,10,0.695859872611465,0,17,None,66,1,5,False,1000,1000
18626,196,degCent,10,0.6949641719745223,0,17,None,66,1,5,False,1000,1000
18627,197,degCent,10,0.6953622611464968,0,17,None,66,1,5,False,1000,1000
18628,198,degCent,10,0.6963574840764332,0,17,None,66,1,5,False,1000,1000
18629,199,degCent,10,0.6964570063694268,0,17,None,66,1,5,False,1000,1000
18630,195,degCent,10,0.6228105095541401,0,18,None,66,1,5,False,1000,1000
18631,196,degCent,10,0.6247014331210191,0,18,None,66,1,5,False,1000,1000
18632,197,degCent,10,0.62609474522293,0,18,None,66,1,5,False,1000,1000
18633,198,degCent,10,0.6281847133757962,0,18,None,66,1,5,False,1000,1000
18634,199,degCent,10,0.6291799363057324,0,18,None,66,1,5,False,1000,1000
18635,195,degCent,10,0.6472929936305732,0,20,None,66,1,5,False,1000,1000
18636,196,degCent,10,0.664609872611465,0,20,None,66,1,5,False,1000,1000
18637,197,degCent,10,0.6679936305732485,0,20,None,66,1,5,False,1000,1000
18638,198,degCent,10,0.665406050955414,0,20,None,66,1,5,False,1000,1000
18639,199,degCent,10,0.6592356687898089,0,20,None,66,1,5,False,1000,1000
18640,195,degCent,10,0.6218152866242038,0,28,None,66,1,5,False,1000,1000
18641,196,degCent,10,0.6245023885350318,0,28,None,66,1,5,False,1000,1000
18642,197,degCent,10,0.6270899681528662,0,28,None,66,1,5,False,1000,1000
18643,198,degCent,10,0.6290804140127388,0,28,None,66,1,5,False,1000,1000
18644,199,degCent,10,0.6317675159235668,0,28,None,66,1,5,False,1000,1000
0,0,betCent,10,0.0950437898089172,0,2,None,66,1,5,False,1000,1000
1,1,betCent,10,0.0966361464968152,0,2,None,66,1,5,False,1000,1000
2,2,betCent,10,0.0989251592356687,0,2,None,66,1,5,False,1000,1000
3,3,betCent,10,0.1006170382165605,0,2,None,66,1,5,False,1000,1000
4,4,betCent,10,0.1009156050955414,0,2,None,66,1,5,False,1000,1000
5,0,betCent,10,0.0556329617834394,0,13,None,66,1,5,False,1000,1000
6,1,betCent,10,0.0787221337579617,0,13,None,66,1,5,False,1000,1000
7,2,betCent,10,0.1065883757961783,0,13,None,66,1,5,False,1000,1000
8,3,betCent,10,0.1202229299363057,0,13,None,66,1,5,False,1000,1000
9,4,betCent,10,0.1242038216560509,0,13,None,66,1,5,False,1000,1000
10,0,betCent,10,0.3996815286624204,0,10,None,66,1,5,False,1000,1000
11,1,betCent,10,0.4827826433121019,0,10,None,66,1,5,False,1000,1000
12,2,betCent,10,0.4700437898089172,0,10,None,66,1,5,False,1000,1000
13,3,betCent,10,0.4686504777070063,0,10,None,66,1,5,False,1000,1000
14,4,betCent,10,0.5496616242038217,0,10,None,66,1,5,False,1000,1000
15,0,betCent,10,0.2317874203821656,0,15,None,66,1,5,False,1000,1000
16,1,betCent,10,0.2933917197452229,0,15,None,66,1,5,False,1000,1000
17,2,betCent,10,0.3035429936305732,0,15,None,66,1,5,False,1000,1000
18,3,betCent,10,0.303343949044586,0,15,None,66,1,5,False,1000,1000
19,4,betCent,10,0.3081210191082802,0,15,None,66,1,5,False,1000,1000
20,0,betCent,10,0.1057921974522293,0,11,None,66,1,5,False,1000,1000
21,1,betCent,10,0.1173367834394904,0,11,None,66,1,5,False,1000,1000
22,2,betCent,10,0.15515525477707,0,11,None,66,1,5,False,1000,1000
23,3,betCent,10,0.1795382165605095,0,11,None,66,1,5,False,1000,1000
24,4,betCent,10,0.1824243630573248,0,11,None,66,1,5,False,1000,1000
25,0,betCent,10,0.0995222929936305,0,20,None,66,1,5,False,1000,1000
26,1,betCent,10,0.0995222929936305,0,20,None,66,1,5,False,1000,1000
27,2,betCent,10,0.0995222929936305,0,20,None,66,1,5,False,1000,1000
28,3,betCent,10,0.0995222929936305,0,20,None,66,1,5,False,1000,1000
29,4,betCent,10,0.0995222929936305,0,20,None,66,1,5,False,1000,1000
30,0,betCent,10,0.2161624203821656,0,16,None,66,1,5,False,1000,1000
31,1,betCent,10,0.3348925159235669,0,16,None,66,1,5,False,1000,1000
32,2,betCent,10,0.3971934713375796,0,16,None,66,1,5,False,1000,1000
33,3,betCent,10,0.4939291401273885,0,16,None,66,1,5,False,1000,1000
34,4,betCent,10,0.5420979299363057,0,16,None,66,1,5,False,1000,1000
35,0,betCent,10,0.26453025477707,0,8,None,66,1,5,False,1000,1000
36,1,betCent,10,0.3690286624203822,0,8,None,66,1,5,False,1000,1000
37,2,betCent,10,0.4280453821656051,0,8,None,66,1,5,False,1000,1000
38,3,betCent,10,0.4339171974522293,0,8,None,66,1,5,False,1000,1000
39,4,betCent,10,0.4454617834394904,0,8,None,66,1,5,False,1000,1000
40,0,betCent,10,0.1100716560509554,0,22,None,66,1,5,False,1000,1000
41,1,betCent,10,0.2239251592356688,0,22,None,66,1,5,False,1000,1000
42,2,betCent,10,0.3188694267515923,0,22,None,66,1,5,False,1000,1000
43,3,betCent,10,0.4157046178343949,0,22,None,66,1,5,False,1000,1000
44,4,betCent,10,0.4670581210191082,0,22,None,66,1,5,False,1000,1000
45,0,betCent,10,0.0995222929936305,0,25,None,66,1,5,False,1000,1000
46,1,betCent,10,0.0995222929936305,0,25,None,66,1,5,False,1000,1000
47,2,betCent,10,0.1003184713375796,0,25,None,66,1,5,False,1000,1000
48,3,betCent,10,0.1035031847133758,0,25,None,66,1,5,False,1000,1000
49,4,betCent,10,0.1179339171974522,0,25,None,66,1,5,False,1000,1000
50,0,betCent,10,0.1572452229299363,0,17,None,66,1,5,False,1000,1000
51,1,betCent,10,0.1567476114649681,0,17,None,66,1,5,False,1000,1000
52,2,betCent,10,0.1948646496815286,0,17,None,66,1,5,False,1000,1000
53,3,betCent,10,0.2240246815286624,0,17,None,66,1,5,False,1000,1000
54,4,betCent,10,0.2231289808917197,0,17,None,66,1,5,False,1000,1000
55,0,betCent,10,0.0995222929936305,0,29,None,66,1,5,False,1000,1000
56,1,betCent,10,0.0995222929936305,0,29,None,66,1,5,False,1000,1000
57,2,betCent,10,0.0995222929936305,0,29,None,66,1,5,False,1000,1000
58,3,betCent,10,0.0995222929936305,0,29,None,66,1,5,False,1000,1000
59,4,betCent,10,0.0995222929936305,0,29,None,66,1,5,False,1000,1000
60,0,betCent,10,0.2240246815286624,0,9,None,66,1,5,False,1000,1000
61,1,betCent,10,0.339171974522293,0,9,None,66,1,5,False,1000,1000
62,2,betCent,10,0.6014132165605095,0,9,None,66,1,5,False,1000,1000
63,3,betCent,10,0.6267914012738853,0,9,None,66,1,5,False,1000,1000
64,4,betCent,10,0.6404259554140127,0,9,None,66,1,5,False,1000,1000
65,0,betCent,10,0.3193670382165605,0,28,None,66,1,5,False,1000,1000
66,1,betCent,10,0.3564888535031847,0,28,None,66,1,5,False,1000,1000
67,2,betCent,10,0.3811703821656051,0,28,None,66,1,5,False,1000,1000
68,3,betCent,10,0.4117237261146497,0,28,None,66,1,5,False,1000,1000
69,4,betCent,10,0.4176950636942675,0,28,None,66,1,5,False,1000,1000
70,0,betCent,10,0.0790207006369426,0,3,None,66,1,5,False,1000,1000
71,1,betCent,10,0.0784235668789808,0,3,None,66,1,5,False,1000,1000
72,2,betCent,10,0.0759355095541401,0,3,None,66,1,5,False,1000,1000
73,3,betCent,10,0.0745421974522293,0,3,None,66,1,5,False,1000,1000
74,4,betCent,10,0.0894705414012738,0,3,None,66,1,5,False,1000,1000
75,0,betCent,10,0.1649084394904458,0,32,None,66,1,5,False,1000,1000
76,1,betCent,10,0.1902866242038216,0,32,None,66,1,5,False,1000,1000
77,2,betCent,10,0.1944665605095541,0,32,None,66,1,5,False,1000,1000
78,3,betCent,10,0.2309912420382165,0,32,None,66,1,5,False,1000,1000
79,4,betCent,10,0.2849323248407643,0,32,None,66,1,5,False,1000,1000
80,0,betCent,10,0.1020103503184713,0,18,None,66,1,5,False,1000,1000
81,1,betCent,10,0.1036027070063694,0,18,None,66,1,5,False,1000,1000
82,2,betCent,10,0.1209195859872611,0,18,None,66,1,5,False,1000,1000
83,3,betCent,10,0.1652070063694267,0,18,None,66,1,5,False,1000,1000
84,4,betCent,10,0.1927746815286624,0,18,None,66,1,5,False,1000,1000
85,0,betCent,10,0.2505971337579618,0,27,None,66,1,5,False,1000,1000
86,1,betCent,10,0.2730891719745223,0,27,None,66,1,5,False,1000,1000
87,2,betCent,10,0.3152866242038216,0,27,None,66,1,5,False,1000,1000
88,3,betCent,10,0.3736066878980891,0,27,None,66,1,5,False,1000,1000
89,4,betCent,10,0.4433718152866242,0,27,None,66,1,5,False,1000,1000
90,0,betCent,10,0.2018312101910828,0,31,None,66,1,5,False,1000,1000
91,1,betCent,10,0.2203423566878981,0,31,None,66,1,5,False,1000,1000
92,2,betCent,10,0.2535828025477707,0,31,None,66,1,5,False,1000,1000
93,3,betCent,10,0.2741839171974522,0,31,None,66,1,5,False,1000,1000
94,4,betCent,10,0.3021496815286624,0,31,None,66,1,5,False,1000,1000
95,0,betCent,10,0.0995222929936305,0,1,None,66,1,5,False,1000,1000
96,1,betCent,10,0.0995222929936305,0,1,None,66,1,5,False,1000,1000
97,2,betCent,10,0.1000199044585987,0,1,None,66,1,5,False,1000,1000
98,3,betCent,10,0.1351512738853503,0,1,None,66,1,5,False,1000,1000
99,4,betCent,10,0.1979498407643312,0,1,None,66,1,5,False,1000,1000
100,0,betCent,10,0.2403463375796178,0,5,None,66,1,5,False,1000,1000
101,1,betCent,10,0.3669386942675159,0,5,None,66,1,5,False,1000,1000
102,2,betCent,10,0.4130175159235669,0,5,None,66,1,5,False,1000,1000
103,3,betCent,10,0.4335191082802547,0,5,None,66,1,5,False,1000,1000
104,4,betCent,10,0.4387937898089172,0,5,None,66,1,5,False,1000,1000
105,0,betCent,10,0.1189291401273885,0,6,None,66,1,5,False,1000,1000
106,1,betCent,10,0.1560509554140127,0,6,None,66,1,5,False,1000,1000
107,2,betCent,10,0.2308917197452229,0,6,None,66,1,5,False,1000,1000
108,3,betCent,10,0.2548765923566879,0,6,None,66,1,5,False,1000,1000
109,4,betCent,10,0.2821457006369426,0,6,None,66,1,5,False,1000,1000
110,0,betCent,10,0.1888933121019108,0,7,None,66,1,5,False,1000,1000
111,1,betCent,10,0.2377587579617834,0,7,None,66,1,5,False,1000,1000
112,2,betCent,10,0.2718949044585987,0,7,None,66,1,5,False,1000,1000
113,3,betCent,10,0.3556926751592357,0,7,None,66,1,5,False,1000,1000
114,4,betCent,10,0.4144108280254777,0,7,None,66,1,5,False,1000,1000
115,0,betCent,10,0.2486066878980891,0,14,None,66,1,5,False,1000,1000
116,1,betCent,10,0.2948845541401274,0,14,None,66,1,5,False,1000,1000
117,2,betCent,10,0.3857484076433121,0,14,None,66,1,5,False,1000,1000
118,3,betCent,10,0.4212778662420382,0,14,None,66,1,5,False,1000,1000
119,4,betCent,10,0.4309315286624204,0,14,None,66,1,5,False,1000,1000
120,0,betCent,10,0.3624601910828025,0,12,None,66,1,5,False,1000,1000
121,1,betCent,10,0.3288216560509554,0,12,None,66,1,5,False,1000,1000
122,2,betCent,10,0.3632563694267516,0,12,None,66,1,5,False,1000,1000
123,3,betCent,10,0.458499203821656,0,12,None,66,1,5,False,1000,1000
124,4,betCent,10,0.5087579617834395,0,12,None,66,1,5,False,1000,1000
125,0,betCent,10,0.1572452229299363,0,26,None,66,1,5,False,1000,1000
126,1,betCent,10,0.10828025477707,0,26,None,66,1,5,False,1000,1000
127,2,betCent,10,0.1353503184713375,0,26,None,66,1,5,False,1000,1000
128,3,betCent,10,0.169984076433121,0,26,None,66,1,5,False,1000,1000
129,4,betCent,10,0.1857085987261146,0,26,None,66,1,5,False,1000,1000
130,0,betCent,10,0.1140525477707006,0,30,None,66,1,5,False,1000,1000
131,1,betCent,10,0.1442078025477707,0,30,None,66,1,5,False,1000,1000
132,2,betCent,10,0.1732683121019108,0,30,None,66,1,5,False,1000,1000
133,3,betCent,10,0.2380573248407643,0,30,None,66,1,5,False,1000,1000
134,4,betCent,10,0.2924960191082802,0,30,None,66,1,5,False,1000,1000
135,0,betCent,10,0.1908837579617834,0,19,None,66,1,5,False,1000,1000
136,1,betCent,10,0.2177547770700637,0,19,None,66,1,5,False,1000,1000
137,2,betCent,10,0.3057324840764331,0,19,None,66,1,5,False,1000,1000
138,3,betCent,10,0.4061504777070063,0,19,None,66,1,5,False,1000,1000
139,4,betCent,10,0.4877587579617834,0,19,None,66,1,5,False,1000,1000
140,0,betCent,10,0.1200238853503184,0,21,None,66,1,5,False,1000,1000
141,1,betCent,10,0.1492834394904458,0,21,None,66,1,5,False,1000,1000
142,2,betCent,10,0.1792396496815286,0,21,None,66,1,5,False,1000,1000
143,3,betCent,10,0.2004378980891719,0,21,None,66,1,5,False,1000,1000
144,4,betCent,10,0.2115843949044586,0,21,None,66,1,5,False,1000,1000
145,0,betCent,10,0.198546974522293,0,24,None,66,1,5,False,1000,1000
146,1,betCent,10,0.3818670382165605,0,24,None,66,1,5,False,1000,1000
147,2,betCent,10,0.4368033439490446,0,24,None,66,1,5,False,1000,1000
148,3,betCent,10,0.4607882165605095,0,24,None,66,1,5,False,1000,1000
149,4,betCent,10,0.443968949044586,0,24,None,66,1,5,False,1000,1000
150,0,betCent,10,0.1086783439490445,0,4,None,66,1,5,False,1000,1000
151,1,betCent,10,0.1133558917197452,0,4,None,66,1,5,False,1000,1000
152,2,betCent,10,0.1762539808917197,0,4,None,66,1,5,False,1000,1000
153,3,betCent,10,0.257265127388535,0,4,None,66,1,5,False,1000,1000
154,4,betCent,10,0.2932921974522293,0,4,None,66,1,5,False,1000,1000
155,0,betCent,10,0.1399283439490445,0,23,None,66,1,5,False,1000,1000
156,1,betCent,10,0.2019307324840764,0,23,None,66,1,5,False,1000,1000
157,2,betCent,10,0.3047372611464968,0,23,None,66,1,5,False,1000,1000
158,3,betCent,10,0.3581807324840764,0,23,None,66,1,5,False,1000,1000
159,4,betCent,10,0.3683320063694267,0,23,None,66,1,5,False,1000,1000
160,0,betCent,10,0.1001194267515923,0,0,None,66,1,5,False,1000,1000
161,1,betCent,10,0.1196257961783439,0,0,None,66,1,5,False,1000,1000
162,2,betCent,10,0.1593351910828025,0,0,None,66,1,5,False,1000,1000
163,3,betCent,10,0.2074044585987261,0,0,None,66,1,5,False,1000,1000
164,4,betCent,10,0.2717953821656051,0,0,None,66,1,5,False,1000,1000
165,5,betCent,10,0.0995222929936305,0,26,None,66,1,5,False,1000,1000
166,6,betCent,10,0.0995222929936305,0,26,None,66,1,5,False,1000,1000
167,7,betCent,10,0.0995222929936305,0,26,None,66,1,5,False,1000,1000
168,8,betCent,10,0.1098726114649681,0,26,None,66,1,5,False,1000,1000
169,9,betCent,10,0.1686902866242038,0,26,None,66,1,5,False,1000,1000
170,5,betCent,10,0.2541799363057325,0,16,None,66,1,5,False,1000,1000
171,6,betCent,10,0.3374800955414013,0,16,None,66,1,5,False,1000,1000
172,7,betCent,10,0.348328025477707,0,16,None,66,1,5,False,1000,1000
173,8,betCent,10,0.3311106687898089,0,16,None,66,1,5,False,1000,1000
174,9,betCent,10,0.3608678343949044,0,16,None,66,1,5,False,1000,1000
175,5,betCent,10,0.307921974522293,0,1,None,66,1,5,False,1000,1000
176,6,betCent,10,0.3442476114649681,0,1,None,66,1,5,False,1000,1000
177,7,betCent,10,0.354796974522293,0,1,None,66,1,5,False,1000,1000
178,8,betCent,10,0.3619625796178344,0,1,None,66,1,5,False,1000,1000
179,9,betCent,10,0.3748009554140127,0,1,None,66,1,5,False,1000,1000
180,5,betCent,10,0.228702229299363,0,23,None,66,1,5,False,1000,1000
181,6,betCent,10,0.2519904458598726,0,23,None,66,1,5,False,1000,1000
182,7,betCent,10,0.2761743630573248,0,23,None,66,1,5,False,1000,1000
183,8,betCent,10,0.2989649681528662,0,23,None,66,1,5,False,1000,1000
184,9,betCent,10,0.3172770700636942,0,23,None,66,1,5,False,1000,1000
185,5,betCent,10,0.1668988853503184,0,32,None,66,1,5,False,1000,1000
186,6,betCent,10,0.1060907643312101,0,32,None,66,1,5,False,1000,1000
187,7,betCent,10,0.0996218152866242,0,32,None,66,1,5,False,1000,1000
188,8,betCent,10,0.0995222929936305,0,32,None,66,1,5,False,1000,1000
189,9,betCent,10,0.0995222929936305,0,32,None,66,1,5,False,1000,1000
190,5,betCent,10,0.219546178343949,0,8,None,66,1,5,False,1000,1000
191,6,betCent,10,0.4631767515923566,0,8,None,66,1,5,False,1000,1000
192,7,betCent,10,0.4921377388535032,0,8,None,66,1,5,False,1000,1000
193,8,betCent,10,0.4763136942675159,0,8,None,66,1,5,False,1000,1000
194,9,betCent,10,0.4887539808917197,0,8,None,66,1,5,False,1000,1000
195,5,betCent,10,0.0996218152866242,0,6,None,66,1,5,False,1000,1000
196,6,betCent,10,0.0995222929936305,0,6,None,66,1,5,False,1000,1000
197,7,betCent,10,0.0995222929936305,0,6,None,66,1,5,False,1000,1000
198,8,betCent,10,0.0995222929936305,0,6,None,66,1,5,False,1000,1000
199,9,betCent,10,0.0995222929936305,0,6,None,66,1,5,False,1000,1000
200,5,betCent,10,0.1999402866242038,0,13,None,66,1,5,False,1000,1000
201,6,betCent,10,0.1933718152866242,0,13,None,66,1,5,False,1000,1000
202,7,betCent,10,0.1885947452229299,0,13,None,66,1,5,False,1000,1000
203,8,betCent,10,0.1839171974522293,0,13,None,66,1,5,False,1000,1000
204,9,betCent,10,0.1762539808917197,0,13,None,66,1,5,False,1000,1000
205,5,betCent,10,0.0996218152866242,0,2,None,66,1,5,False,1000,1000
206,6,betCent,10,0.0995222929936305,0,2,None,66,1,5,False,1000,1000
207,7,betCent,10,0.0995222929936305,0,2,None,66,1,5,False,1000,1000
208,8,betCent,10,0.0995222929936305,0,2,None,66,1,5,False,1000,1000
209,9,betCent,10,0.0995222929936305,0,2,None,66,1,5,False,1000,1000
210,5,betCent,10,0.148686305732484,0,5,None,66,1,5,False,1000,1000
211,6,betCent,10,0.192078025477707,0,5,None,66,1,5,False,1000,1000
212,7,betCent,10,0.2069068471337579,0,5,None,66,1,5,False,1000,1000
213,8,betCent,10,0.2120820063694267,0,5,None,66,1,5,False,1000,1000
214,9,betCent,10,0.1943670382165605,0,5,None,66,1,5,False,1000,1000
215,5,betCent,10,0.0995222929936305,0,7,None,66,1,5,False,1000,1000
216,6,betCent,10,0.0995222929936305,0,7,None,66,1,5,False,1000,1000
217,7,betCent,10,0.0995222929936305,0,7,None,66,1,5,False,1000,1000
218,8,betCent,10,0.0995222929936305,0,7,None,66,1,5,False,1000,1000
219,9,betCent,10,0.0995222929936305,0,7,None,66,1,5,False,1000,1000
220,5,betCent,10,0.1154458598726114,0,17,None,66,1,5,False,1000,1000
221,6,betCent,10,0.1429140127388535,0,17,None,66,1,5,False,1000,1000
222,7,betCent,10,0.1546576433121019,0,17,None,66,1,5,False,1000,1000
223,8,betCent,10,0.1644108280254777,0,17,None,66,1,5,False,1000,1000
224,9,betCent,10,0.1770501592356688,0,17,None,66,1,5,False,1000,1000
225,5,betCent,10,0.0995222929936305,0,12,None,66,1,5,False,1000,1000
226,6,betCent,10,0.1575437898089172,0,12,None,66,1,5,False,1000,1000
227,7,betCent,10,0.0995222929936305,0,12,None,66,1,5,False,1000,1000
228,8,betCent,10,0.0995222929936305,0,12,None,66,1,5,False,1000,1000
229,9,betCent,10,0.0995222929936305,0,12,None,66,1,5,False,1000,1000
230,5,betCent,10,0.1325636942675159,0,18,None,66,1,5,False,1000,1000
231,6,betCent,10,0.1427149681528662,0,18,None,66,1,5,False,1000,1000
232,7,betCent,10,0.1318670382165605,0,18,None,66,1,5,False,1000,1000
233,8,betCent,10,0.1064888535031847,0,18,None,66,1,5,False,1000,1000
234,9,betCent,10,0.0975318471337579,0,18,None,66,1,5,False,1000,1000
235,5,betCent,10,0.1252985668789809,0,20,None,66,1,5,False,1000,1000
236,6,betCent,10,0.1247014331210191,0,20,None,66,1,5,False,1000,1000
237,7,betCent,10,0.1252985668789809,0,20,None,66,1,5,False,1000,1000
238,8,betCent,10,0.1206210191082802,0,20,None,66,1,5,False,1000,1000
239,9,betCent,10,0.1196257961783439,0,20,None,66,1,5,False,1000,1000
240,5,betCent,10,0.0995222929936305,0,19,None,66,1,5,False,1000,1000
241,6,betCent,10,0.0995222929936305,0,19,None,66,1,5,False,1000,1000
242,7,betCent,10,0.0995222929936305,0,19,None,66,1,5,False,1000,1000
243,8,betCent,10,0.0995222929936305,0,19,None,66,1,5,False,1000,1000
244,9,betCent,10,0.0995222929936305,0,19,None,66,1,5,False,1000,1000
245,5,betCent,10,0.1846138535031847,0,21,None,66,1,5,False,1000,1000
246,6,betCent,10,0.1979498407643312,0,21,None,66,1,5,False,1000,1000
247,7,betCent,10,0.2117834394904458,0,21,None,66,1,5,False,1000,1000
248,8,betCent,10,0.2229299363057325,0,21,None,66,1,5,False,1000,1000
249,9,betCent,10,0.2411425159235669,0,21,None,66,1,5,False,1000,1000
250,5,betCent,10,0.3844546178343949,0,25,None,66,1,5,False,1000,1000
251,6,betCent,10,0.4658638535031847,0,25,None,66,1,5,False,1000,1000
252,7,betCent,10,0.5112460191082803,0,25,None,66,1,5,False,1000,1000
253,8,betCent,10,0.5603105095541401,0,25,None,66,1,5,False,1000,1000
254,9,betCent,10,0.5838972929936306,0,25,None,66,1,5,False,1000,1000
255,5,betCent,10,0.1892914012738853,0,27,None,66,1,5,False,1000,1000
256,6,betCent,10,0.2418391719745223,0,27,None,66,1,5,False,1000,1000
257,7,betCent,10,0.3203622611464968,0,27,None,66,1,5,False,1000,1000
258,8,betCent,10,0.3292197452229299,0,27,None,66,1,5,False,1000,1000
259,9,betCent,10,0.3324044585987261,0,27,None,66,1,5,False,1000,1000
260,5,betCent,10,0.0995222929936305,0,24,None,66,1,5,False,1000,1000
261,6,betCent,10,0.0995222929936305,0,24,None,66,1,5,False,1000,1000
262,7,betCent,10,0.0995222929936305,0,24,None,66,1,5,False,1000,1000
263,8,betCent,10,0.0995222929936305,0,24,None,66,1,5,False,1000,1000
264,9,betCent,10,0.0995222929936305,0,24,None,66,1,5,False,1000,1000
265,5,betCent,10,0.0995222929936305,0,30,None,66,1,5,False,1000,1000
266,6,betCent,10,0.0995222929936305,0,30,None,66,1,5,False,1000,1000
267,7,betCent,10,0.0995222929936305,0,30,None,66,1,5,False,1000,1000
268,8,betCent,10,0.0995222929936305,0,30,None,66,1,5,False,1000,1000
269,9,betCent,10,0.0995222929936305,0,30,None,66,1,5,False,1000,1000
270,5,betCent,10,0.0995222929936305,0,31,None,66,1,5,False,1000,1000
271,6,betCent,10,0.1141520700636942,0,31,None,66,1,5,False,1000,1000
272,7,betCent,10,0.1545581210191083,0,31,None,66,1,5,False,1000,1000
273,8,betCent,10,0.1746616242038216,0,31,None,66,1,5,False,1000,1000
274,9,betCent,10,0.1989450636942675,0,31,None,66,1,5,False,1000,1000
275,5,betCent,10,0.1226114649681528,0,28,None,66,1,5,False,1000,1000
276,6,betCent,10,0.1436106687898089,0,28,None,66,1,5,False,1000,1000
277,7,betCent,10,0.1599323248407643,0,28,None,66,1,5,False,1000,1000
278,8,betCent,10,0.192874203821656,0,28,None,66,1,5,False,1000,1000
279,9,betCent,10,0.2064092356687898,0,28,None,66,1,5,False,1000,1000
280,5,betCent,10,0.1939689490445859,0,9,None,66,1,5,False,1000,1000
281,6,betCent,10,0.3596735668789809,0,9,None,66,1,5,False,1000,1000
282,7,betCent,10,0.3012539808917197,0,9,None,66,1,5,False,1000,1000
283,8,betCent,10,0.2933917197452229,0,9,None,66,1,5,False,1000,1000
284,9,betCent,10,0.4282444267515923,0,9,None,66,1,5,False,1000,1000
285,5,betCent,10,0.2253184713375796,0,29,None,66,1,5,False,1000,1000
286,6,betCent,10,0.269108280254777,0,29,None,66,1,5,False,1000,1000
287,7,betCent,10,0.2848328025477707,0,29,None,66,1,5,False,1000,1000
288,8,betCent,10,0.2918988853503185,0,29,None,66,1,5,False,1000,1000
289,9,betCent,10,0.292296974522293,0,29,None,66,1,5,False,1000,1000
290,5,betCent,10,0.0995222929936305,0,0,None,66,1,5,False,1000,1000
291,6,betCent,10,0.1001194267515923,0,0,None,66,1,5,False,1000,1000
292,7,betCent,10,0.1011146496815286,0,0,None,66,1,5,False,1000,1000
293,8,betCent,10,0.1052945859872611,0,0,None,66,1,5,False,1000,1000
294,9,betCent,10,0.1165406050955414,0,0,None,66,1,5,False,1000,1000
295,5,betCent,10,0.0995222929936305,0,14,None,66,1,5,False,1000,1000
296,6,betCent,10,0.0995222929936305,0,14,None,66,1,5,False,1000,1000
297,7,betCent,10,0.0995222929936305,0,14,None,66,1,5,False,1000,1000
298,8,betCent,10,0.0995222929936305,0,14,None,66,1,5,False,1000,1000
299,9,betCent,10,0.0995222929936305,0,14,None,66,1,5,False,1000,1000
300,5,betCent,10,0.0995222929936305,0,22,None,66,1,5,False,1000,1000
301,6,betCent,10,0.0995222929936305,0,22,None,66,1,5,False,1000,1000
302,7,betCent,10,0.1117635350318471,0,22,None,66,1,5,False,1000,1000
303,8,betCent,10,0.1402269108280254,0,22,None,66,1,5,False,1000,1000
304,9,betCent,10,0.1938694267515923,0,22,None,66,1,5,False,1000,1000
305,5,betCent,10,0.0995222929936305,0,4,None,66,1,5,False,1000,1000
306,6,betCent,10,0.0995222929936305,0,4,None,66,1,5,False,1000,1000
307,7,betCent,10,0.0995222929936305,0,4,None,66,1,5,False,1000,1000
308,8,betCent,10,0.1011146496815286,0,4,None,66,1,5,False,1000,1000
309,9,betCent,10,0.1149482484076433,0,4,None,66,1,5,False,1000,1000
310,5,betCent,10,0.0995222929936305,0,3,None,66,1,5,False,1000,1000
311,6,betCent,10,0.0995222929936305,0,3,None,66,1,5,False,1000,1000
312,7,betCent,10,0.0995222929936305,0,3,None,66,1,5,False,1000,1000
313,8,betCent,10,0.0995222929936305,0,3,None,66,1,5,False,1000,1000
314,9,betCent,10,0.0995222929936305,0,3,None,66,1,5,False,1000,1000
315,5,betCent,10,0.2206409235668789,0,10,None,66,1,5,False,1000,1000
316,6,betCent,10,0.2731886942675159,0,10,None,66,1,5,False,1000,1000
317,7,betCent,10,0.2752786624203822,0,10,None,66,1,5,False,1000,1000
318,8,betCent,10,0.2639331210191082,0,10,None,66,1,5,False,1000,1000
319,9,betCent,10,0.2474124203821656,0,10,None,66,1,5,False,1000,1000
320,5,betCent,10,0.048467356687898,0,11,None,66,1,5,False,1000,1000
321,6,betCent,10,0.0837977707006369,0,11,None,66,1,5,False,1000,1000
322,7,betCent,10,0.0994227707006369,0,11,None,66,1,5,False,1000,1000
323,8,betCent,10,0.0995222929936305,0,11,None,66,1,5,False,1000,1000
324,9,betCent,10,0.0995222929936305,0,11,None,66,1,5,False,1000,1000
325,5,betCent,10,0.196656050955414,0,15,None,66,1,5,False,1000,1000
326,6,betCent,10,0.2490047770700637,0,15,None,66,1,5,False,1000,1000
327,7,betCent,10,0.2796576433121019,0,15,None,66,1,5,False,1000,1000
328,8,betCent,10,0.3047372611464968,0,15,None,66,1,5,False,1000,1000
329,9,betCent,10,0.3266321656050955,0,15,None,66,1,5,False,1000,1000
330,10,betCent,10,0.0995222929936305,0,30,None,66,1,5,False,1000,1000
331,11,betCent,10,0.0995222929936305,0,30,None,66,1,5,False,1000,1000
332,12,betCent,10,0.0995222929936305,0,30,None,66,1,5,False,1000,1000
333,13,betCent,10,0.0995222929936305,0,30,None,66,1,5,False,1000,1000
334,14,betCent,10,0.0995222929936305,0,30,None,66,1,5,False,1000,1000
335,10,betCent,10,0.1574442675159235,0,1,None,66,1,5,False,1000,1000
336,11,betCent,10,0.1804339171974522,0,1,None,66,1,5,False,1000,1000
337,12,betCent,10,0.1890923566878981,0,1,None,66,1,5,False,1000,1000
338,13,betCent,10,0.1976512738853503,0,1,None,66,1,5,False,1000,1000
339,14,betCent,10,0.1996417197452229,0,1,None,66,1,5,False,1000,1000
340,10,betCent,10,0.1105692675159235,0,21,None,66,1,5,False,1000,1000
341,11,betCent,10,0.1115644904458598,0,21,None,66,1,5,False,1000,1000
342,12,betCent,10,0.1125597133757961,0,21,None,66,1,5,False,1000,1000
343,13,betCent,10,0.1134554140127388,0,21,None,66,1,5,False,1000,1000
344,14,betCent,10,0.1140525477707006,0,21,None,66,1,5,False,1000,1000
345,10,betCent,10,0.0996218152866242,0,27,None,66,1,5,False,1000,1000
346,11,betCent,10,0.0995222929936305,0,27,None,66,1,5,False,1000,1000
347,12,betCent,10,0.1048964968152866,0,27,None,66,1,5,False,1000,1000
348,13,betCent,10,0.1472929936305732,0,27,None,66,1,5,False,1000,1000
349,14,betCent,10,0.1987460191082802,0,27,None,66,1,5,False,1000,1000
350,10,betCent,10,0.0995222929936305,0,2,None,66,1,5,False,1000,1000
351,11,betCent,10,0.0995222929936305,0,2,None,66,1,5,False,1000,1000
352,12,betCent,10,0.0995222929936305,0,2,None,66,1,5,False,1000,1000
353,13,betCent,10,0.1000199044585987,0,2,None,66,1,5,False,1000,1000
354,14,betCent,10,0.1075835987261146,0,2,None,66,1,5,False,1000,1000
355,10,betCent,10,0.1004179936305732,0,5,None,66,1,5,False,1000,1000
356,11,betCent,10,0.1664012738853503,0,5,None,66,1,5,False,1000,1000
357,12,betCent,10,0.1559514331210191,0,5,None,66,1,5,False,1000,1000
358,13,betCent,10,0.1282842356687898,0,5,None,66,1,5,False,1000,1000
359,14,betCent,10,0.1153463375796178,0,5,None,66,1,5,False,1000,1000
360,10,betCent,10,0.3413614649681528,0,16,None,66,1,5,False,1000,1000
361,11,betCent,10,0.3737062101910828,0,16,None,66,1,5,False,1000,1000
362,12,betCent,10,0.3339968152866242,0,16,None,66,1,5,False,1000,1000
363,13,betCent,10,0.2625398089171974,0,16,None,66,1,5,False,1000,1000
364,14,betCent,10,0.2309912420382165,0,16,None,66,1,5,False,1000,1000
365,10,betCent,10,0.0995222929936305,0,7,None,66,1,5,False,1000,1000
366,11,betCent,10,0.0995222929936305,0,7,None,66,1,5,False,1000,1000
367,12,betCent,10,0.0995222929936305,0,7,None,66,1,5,False,1000,1000
368,13,betCent,10,0.0995222929936305,0,7,None,66,1,5,False,1000,1000
369,14,betCent,10,0.0995222929936305,0,7,None,66,1,5,False,1000,1000
370,10,betCent,10,0.0995222929936305,0,15,None,66,1,5,False,1000,1000
371,11,betCent,10,0.0995222929936305,0,15,None,66,1,5,False,1000,1000
372,12,betCent,10,0.0996218152866242,0,15,None,66,1,5,False,1000,1000
373,13,betCent,10,0.1861066878980891,0,15,None,66,1,5,False,1000,1000
374,14,betCent,10,0.1575437898089172,0,15,None,66,1,5,False,1000,1000
375,10,betCent,10,0.0995222929936305,0,11,None,66,1,5,False,1000,1000
376,11,betCent,10,0.0995222929936305,0,11,None,66,1,5,False,1000,1000
377,12,betCent,10,0.0995222929936305,0,11,None,66,1,5,False,1000,1000
378,13,betCent,10,0.1899880573248407,0,11,None,66,1,5,False,1000,1000
379,14,betCent,10,0.1756568471337579,0,11,None,66,1,5,False,1000,1000
380,10,betCent,10,0.0995222929936305,0,17,None,66,1,5,False,1000,1000
381,11,betCent,10,0.0995222929936305,0,17,None,66,1,5,False,1000,1000
382,12,betCent,10,0.101015127388535,0,17,None,66,1,5,False,1000,1000
383,13,betCent,10,0.1366441082802547,0,17,None,66,1,5,False,1000,1000
384,14,betCent,10,0.194765127388535,0,17,None,66,1,5,False,1000,1000
385,10,betCent,10,0.1582404458598726,0,24,None,66,1,5,False,1000,1000
386,11,betCent,10,0.248109076433121,0,24,None,66,1,5,False,1000,1000
387,12,betCent,10,0.3109076433121019,0,24,None,66,1,5,False,1000,1000
388,13,betCent,10,0.330812101910828,0,24,None,66,1,5,False,1000,1000
389,14,betCent,10,0.3323049363057325,0,24,None,66,1,5,False,1000,1000
390,10,betCent,10,0.1026074840764331,0,13,None,66,1,5,False,1000,1000
391,11,betCent,10,0.101015127388535,0,13,None,66,1,5,False,1000,1000
392,12,betCent,10,0.1006170382165605,0,13,None,66,1,5,False,1000,1000
393,13,betCent,10,0.0999203821656051,0,13,None,66,1,5,False,1000,1000
394,14,betCent,10,0.0997213375796178,0,13,None,66,1,5,False,1000,1000
395,10,betCent,10,0.0995222929936305,0,12,None,66,1,5,False,1000,1000
396,11,betCent,10,0.1602308917197452,0,12,None,66,1,5,False,1000,1000
397,12,betCent,10,0.2386544585987261,0,12,None,66,1,5,False,1000,1000
398,13,betCent,10,0.1287818471337579,0,12,None,66,1,5,False,1000,1000
399,14,betCent,10,0.1000199044585987,0,12,None,66,1,5,False,1000,1000
400,10,betCent,10,0.0995222929936305,0,26,None,66,1,5,False,1000,1000
401,11,betCent,10,0.0995222929936305,0,26,None,66,1,5,False,1000,1000
402,12,betCent,10,0.0995222929936305,0,26,None,66,1,5,False,1000,1000
403,13,betCent,10,0.0995222929936305,0,26,None,66,1,5,False,1000,1000
404,14,betCent,10,0.0995222929936305,0,26,None,66,1,5,False,1000,1000
405,10,betCent,10,0.0995222929936305,0,18,None,66,1,5,False,1000,1000
406,11,betCent,10,0.0995222929936305,0,18,None,66,1,5,False,1000,1000
407,12,betCent,10,0.0995222929936305,0,18,None,66,1,5,False,1000,1000
408,13,betCent,10,0.0995222929936305,0,18,None,66,1,5,False,1000,1000
409,14,betCent,10,0.0995222929936305,0,18,None,66,1,5,False,1000,1000
410,10,betCent,10,0.1779458598726114,0,19,None,66,1,5,False,1000,1000
411,11,betCent,10,0.2818471337579618,0,19,None,66,1,5,False,1000,1000
412,12,betCent,10,0.2708001592356688,0,19,None,66,1,5,False,1000,1000
413,13,betCent,10,0.2629378980891719,0,19,None,66,1,5,False,1000,1000
414,14,betCent,10,0.2670183121019108,0,19,None,66,1,5,False,1000,1000
415,10,betCent,10,0.0995222929936305,0,31,None,66,1,5,False,1000,1000
416,11,betCent,10,0.0995222929936305,0,31,None,66,1,5,False,1000,1000
417,12,betCent,10,0.0995222929936305,0,31,None,66,1,5,False,1000,1000
418,13,betCent,10,0.0995222929936305,0,31,None,66,1,5,False,1000,1000
419,14,betCent,10,0.1296775477707006,0,31,None,66,1,5,False,1000,1000
420,10,betCent,10,0.0995222929936305,0,28,None,66,1,5,False,1000,1000
421,11,betCent,10,0.0995222929936305,0,28,None,66,1,5,False,1000,1000
422,12,betCent,10,0.1025079617834394,0,28,None,66,1,5,False,1000,1000
423,13,betCent,10,0.1162420382165605,0,28,None,66,1,5,False,1000,1000
424,14,betCent,10,0.1326632165605095,0,28,None,66,1,5,False,1000,1000
425,10,betCent,10,0.0995222929936305,0,4,None,66,1,5,False,1000,1000
426,11,betCent,10,0.0995222929936305,0,4,None,66,1,5,False,1000,1000
427,12,betCent,10,0.0995222929936305,0,4,None,66,1,5,False,1000,1000
428,13,betCent,10,0.0995222929936305,0,4,None,66,1,5,False,1000,1000
429,14,betCent,10,0.0995222929936305,0,4,None,66,1,5,False,1000,1000
430,10,betCent,10,0.1657046178343949,0,6,None,66,1,5,False,1000,1000
431,11,betCent,10,0.0996218152866242,0,6,None,66,1,5,False,1000,1000
432,12,betCent,10,0.0995222929936305,0,6,None,66,1,5,False,1000,1000
433,13,betCent,10,0.0995222929936305,0,6,None,66,1,5,False,1000,1000
434,14,betCent,10,0.0995222929936305,0,6,None,66,1,5,False,1000,1000
435,10,betCent,10,0.265625,0,8,None,66,1,5,False,1000,1000
436,11,betCent,10,0.3149880573248407,0,8,None,66,1,5,False,1000,1000
437,12,betCent,10,0.3650477707006369,0,8,None,66,1,5,False,1000,1000
438,13,betCent,10,0.3958001592356688,0,8,None,66,1,5,False,1000,1000
439,14,betCent,10,0.4040605095541401,0,8,None,66,1,5,False,1000,1000
440,10,betCent,10,0.1014132165605095,0,10,None,66,1,5,False,1000,1000
441,11,betCent,10,0.2730891719745223,0,10,None,66,1,5,False,1000,1000
442,12,betCent,10,0.2688097133757962,0,10,None,66,1,5,False,1000,1000
443,13,betCent,10,0.3103105095541401,0,10,None,66,1,5,False,1000,1000
444,14,betCent,10,0.3080214968152866,0,10,None,66,1,5,False,1000,1000
445,10,betCent,10,0.0995222929936305,0,20,None,66,1,5,False,1000,1000
446,11,betCent,10,0.0995222929936305,0,20,None,66,1,5,False,1000,1000
447,12,betCent,10,0.0995222929936305,0,20,None,66,1,5,False,1000,1000
448,13,betCent,10,0.0995222929936305,0,20,None,66,1,5,False,1000,1000
449,14,betCent,10,0.0995222929936305,0,20,None,66,1,5,False,1000,1000
450,10,betCent,10,0.0995222929936305,0,22,None,66,1,5,False,1000,1000
451,11,betCent,10,0.0995222929936305,0,22,None,66,1,5,False,1000,1000
452,12,betCent,10,0.0995222929936305,0,22,None,66,1,5,False,1000,1000
453,13,betCent,10,0.0995222929936305,0,22,None,66,1,5,False,1000,1000
454,14,betCent,10,0.0995222929936305,0,22,None,66,1,5,False,1000,1000
455,10,betCent,10,0.0995222929936305,0,32,None,66,1,5,False,1000,1000
456,11,betCent,10,0.0995222929936305,0,32,None,66,1,5,False,1000,1000
457,12,betCent,10,0.0995222929936305,0,32,None,66,1,5,False,1000,1000
458,13,betCent,10,0.0995222929936305,0,32,None,66,1,5,False,1000,1000
459,14,betCent,10,0.0995222929936305,0,32,None,66,1,5,False,1000,1000
460,10,betCent,10,0.1358479299363057,0,23,None,66,1,5,False,1000,1000
461,11,betCent,10,0.1537619426751592,0,23,None,66,1,5,False,1000,1000
462,12,betCent,10,0.1687898089171974,0,23,None,66,1,5,False,1000,1000
463,13,betCent,10,0.1774482484076433,0,23,None,66,1,5,False,1000,1000
464,14,betCent,10,0.1822253184713375,0,23,None,66,1,5,False,1000,1000
465,10,betCent,10,0.0995222929936305,0,0,None,66,1,5,False,1000,1000
466,11,betCent,10,0.0995222929936305,0,0,None,66,1,5,False,1000,1000
467,12,betCent,10,0.0996218152866242,0,0,None,66,1,5,False,1000,1000
468,13,betCent,10,0.1026074840764331,0,0,None,66,1,5,False,1000,1000
469,14,betCent,10,0.1153463375796178,0,0,None,66,1,5,False,1000,1000
470,10,betCent,10,0.0995222929936305,0,3,None,66,1,5,False,1000,1000
471,11,betCent,10,0.0995222929936305,0,3,None,66,1,5,False,1000,1000
472,12,betCent,10,0.0995222929936305,0,3,None,66,1,5,False,1000,1000
473,13,betCent,10,0.0995222929936305,0,3,None,66,1,5,False,1000,1000
474,14,betCent,10,0.0995222929936305,0,3,None,66,1,5,False,1000,1000
475,10,betCent,10,0.2026273885350318,0,9,None,66,1,5,False,1000,1000
476,11,betCent,10,0.3125995222929936,0,9,None,66,1,5,False,1000,1000
477,12,betCent,10,0.2740843949044586,0,9,None,66,1,5,False,1000,1000
478,13,betCent,10,0.2996616242038216,0,9,None,66,1,5,False,1000,1000
479,14,betCent,10,0.4066480891719745,0,9,None,66,1,5,False,1000,1000
480,10,betCent,10,0.0995222929936305,0,14,None,66,1,5,False,1000,1000
481,11,betCent,10,0.0995222929936305,0,14,None,66,1,5,False,1000,1000
482,12,betCent,10,0.0995222929936305,0,14,None,66,1,5,False,1000,1000
483,13,betCent,10,0.0995222929936305,0,14,None,66,1,5,False,1000,1000
484,14,betCent,10,0.0995222929936305,0,14,None,66,1,5,False,1000,1000
485,10,betCent,10,0.4536226114649681,0,25,None,66,1,5,False,1000,1000
486,11,betCent,10,0.4339171974522293,0,25,None,66,1,5,False,1000,1000
487,12,betCent,10,0.4109275477707006,0,25,None,66,1,5,False,1000,1000
488,13,betCent,10,0.3832603503184713,0,25,None,66,1,5,False,1000,1000
489,14,betCent,10,0.3643511146496815,0,25,None,66,1,5,False,1000,1000
490,10,betCent,10,0.1259952229299363,0,29,None,66,1,5,False,1000,1000
491,11,betCent,10,0.1582404458598726,0,29,None,66,1,5,False,1000,1000
492,12,betCent,10,0.2108877388535031,0,29,None,66,1,5,False,1000,1000
493,13,betCent,10,0.2379578025477707,0,29,None,66,1,5,False,1000,1000
494,14,betCent,10,0.2504976114649681,0,29,None,66,1,5,False,1000,1000
495,15,betCent,10,0.3971934713375796,0,16,None,66,1,5,False,1000,1000
496,16,betCent,10,0.319765127388535,0,16,None,66,1,5,False,1000,1000
497,17,betCent,10,0.2997611464968153,0,16,None,66,1,5,False,1000,1000
498,18,betCent,10,0.3187699044585987,0,16,None,66,1,5,False,1000,1000
499,19,betCent,10,0.4119227707006369,0,16,None,66,1,5,False,1000,1000
500,15,betCent,10,0.0995222929936305,0,32,None,66,1,5,False,1000,1000
501,16,betCent,10,0.0995222929936305,0,32,None,66,1,5,False,1000,1000
502,17,betCent,10,0.0995222929936305,0,32,None,66,1,5,False,1000,1000
503,18,betCent,10,0.0995222929936305,0,32,None,66,1,5,False,1000,1000
504,19,betCent,10,0.0995222929936305,0,32,None,66,1,5,False,1000,1000
505,15,betCent,10,0.0995222929936305,0,15,None,66,1,5,False,1000,1000
506,16,betCent,10,0.0995222929936305,0,15,None,66,1,5,False,1000,1000
507,17,betCent,10,0.0995222929936305,0,15,None,66,1,5,False,1000,1000
508,18,betCent,10,0.1623208598726114,0,15,None,66,1,5,False,1000,1000
509,19,betCent,10,0.1070859872611465,0,15,None,66,1,5,False,1000,1000
510,15,betCent,10,0.1000199044585987,0,10,None,66,1,5,False,1000,1000
511,16,betCent,10,0.1923765923566879,0,10,None,66,1,5,False,1000,1000
512,17,betCent,10,0.2749800955414013,0,10,None,66,1,5,False,1000,1000
513,18,betCent,10,0.3102109872611465,0,10,None,66,1,5,False,1000,1000
514,19,betCent,10,0.3048367834394904,0,10,None,66,1,5,False,1000,1000
515,15,betCent,10,0.0995222929936305,0,11,None,66,1,5,False,1000,1000
516,16,betCent,10,0.0995222929936305,0,11,None,66,1,5,False,1000,1000
517,17,betCent,10,0.0995222929936305,0,11,None,66,1,5,False,1000,1000
518,18,betCent,10,0.0995222929936305,0,11,None,66,1,5,False,1000,1000
519,19,betCent,10,0.0995222929936305,0,11,None,66,1,5,False,1000,1000
520,15,betCent,10,0.0995222929936305,0,17,None,66,1,5,False,1000,1000
521,16,betCent,10,0.0997213375796178,0,17,None,66,1,5,False,1000,1000
522,17,betCent,10,0.1066878980891719,0,17,None,66,1,5,False,1000,1000
523,18,betCent,10,0.1722730891719745,0,17,None,66,1,5,False,1000,1000
524,19,betCent,10,0.1975517515923567,0,17,None,66,1,5,False,1000,1000
525,15,betCent,10,0.1289808917197452,0,24,None,66,1,5,False,1000,1000
526,16,betCent,10,0.2410429936305732,0,24,None,66,1,5,False,1000,1000
527,17,betCent,10,0.3119028662420382,0,24,None,66,1,5,False,1000,1000
528,18,betCent,10,0.3373805732484076,0,24,None,66,1,5,False,1000,1000
529,19,betCent,10,0.3417595541401274,0,24,None,66,1,5,False,1000,1000
530,15,betCent,10,0.0995222929936305,0,18,None,66,1,5,False,1000,1000
531,16,betCent,10,0.0995222929936305,0,18,None,66,1,5,False,1000,1000
532,17,betCent,10,0.0995222929936305,0,18,None,66,1,5,False,1000,1000
533,18,betCent,10,0.0995222929936305,0,18,None,66,1,5,False,1000,1000
534,19,betCent,10,0.0995222929936305,0,18,None,66,1,5,False,1000,1000
535,15,betCent,10,0.3185708598726114,0,19,None,66,1,5,False,1000,1000
536,16,betCent,10,0.3333001592356688,0,19,None,66,1,5,False,1000,1000
537,17,betCent,10,0.3450437898089172,0,19,None,66,1,5,False,1000,1000
538,18,betCent,10,0.3560907643312102,0,19,None,66,1,5,False,1000,1000
539,19,betCent,10,0.3781847133757962,0,19,None,66,1,5,False,1000,1000
540,15,betCent,10,0.0995222929936305,0,31,None,66,1,5,False,1000,1000
541,16,betCent,10,0.0995222929936305,0,31,None,66,1,5,False,1000,1000
542,17,betCent,10,0.1024084394904458,0,31,None,66,1,5,False,1000,1000
543,18,betCent,10,0.1468949044585987,0,31,None,66,1,5,False,1000,1000
544,19,betCent,10,0.2220342356687898,0,31,None,66,1,5,False,1000,1000
545,15,betCent,10,0.0995222929936305,0,20,None,66,1,5,False,1000,1000
546,16,betCent,10,0.0995222929936305,0,20,None,66,1,5,False,1000,1000
547,17,betCent,10,0.0995222929936305,0,20,None,66,1,5,False,1000,1000
548,18,betCent,10,0.0995222929936305,0,20,None,66,1,5,False,1000,1000
549,19,betCent,10,0.0995222929936305,0,20,None,66,1,5,False,1000,1000
550,15,betCent,10,0.1948646496815286,0,25,None,66,1,5,False,1000,1000
551,16,betCent,10,0.1921775477707006,0,25,None,66,1,5,False,1000,1000
552,17,betCent,10,0.1931727707006369,0,25,None,66,1,5,False,1000,1000
553,18,betCent,10,0.1994426751592356,0,25,None,66,1,5,False,1000,1000
554,19,betCent,10,0.2132762738853503,0,25,None,66,1,5,False,1000,1000
555,15,betCent,10,0.0995222929936305,0,22,None,66,1,5,False,1000,1000
556,16,betCent,10,0.0995222929936305,0,22,None,66,1,5,False,1000,1000
557,17,betCent,10,0.0995222929936305,0,22,None,66,1,5,False,1000,1000
558,18,betCent,10,0.0995222929936305,0,22,None,66,1,5,False,1000,1000
559,19,betCent,10,0.0995222929936305,0,22,None,66,1,5,False,1000,1000
560,15,betCent,10,0.0995222929936305,0,7,None,66,1,5,False,1000,1000
561,16,betCent,10,0.0995222929936305,0,7,None,66,1,5,False,1000,1000
562,17,betCent,10,0.0995222929936305,0,7,None,66,1,5,False,1000,1000
563,18,betCent,10,0.0995222929936305,0,7,None,66,1,5,False,1000,1000
564,19,betCent,10,0.0995222929936305,0,7,None,66,1,5,False,1000,1000
565,15,betCent,10,0.1963574840764331,0,6,None,66,1,5,False,1000,1000
566,16,betCent,10,0.1881966560509554,0,6,None,66,1,5,False,1000,1000
567,17,betCent,10,0.1774482484076433,0,6,None,66,1,5,False,1000,1000
568,18,betCent,10,0.194765127388535,0,6,None,66,1,5,False,1000,1000
569,19,betCent,10,0.1844148089171974,0,6,None,66,1,5,False,1000,1000
570,15,betCent,10,0.0995222929936305,0,14,None,66,1,5,False,1000,1000
571,16,betCent,10,0.0995222929936305,0,14,None,66,1,5,False,1000,1000
572,17,betCent,10,0.0995222929936305,0,14,None,66,1,5,False,1000,1000
573,18,betCent,10,0.0995222929936305,0,14,None,66,1,5,False,1000,1000
574,19,betCent,10,0.0996218152866242,0,14,None,66,1,5,False,1000,1000
575,15,betCent,10,0.1075835987261146,0,12,None,66,1,5,False,1000,1000
576,16,betCent,10,0.18640525477707,0,12,None,66,1,5,False,1000,1000
577,17,betCent,10,0.2296974522292993,0,12,None,66,1,5,False,1000,1000
578,18,betCent,10,0.2380573248407643,0,12,None,66,1,5,False,1000,1000
579,19,betCent,10,0.1797372611464968,0,12,None,66,1,5,False,1000,1000
580,15,betCent,10,0.1858081210191083,0,30,None,66,1,5,False,1000,1000
581,16,betCent,10,0.1842157643312102,0,30,None,66,1,5,False,1000,1000
582,17,betCent,10,0.1821257961783439,0,30,None,66,1,5,False,1000,1000
583,18,betCent,10,0.179140127388535,0,30,None,66,1,5,False,1000,1000
584,19,betCent,10,0.1751592356687898,0,30,None,66,1,5,False,1000,1000
585,15,betCent,10,0.1267914012738853,0,26,None,66,1,5,False,1000,1000
586,16,betCent,10,0.1304737261146497,0,26,None,66,1,5,False,1000,1000
587,17,betCent,10,0.1473925159235669,0,26,None,66,1,5,False,1000,1000
588,18,betCent,10,0.161624203821656,0,26,None,66,1,5,False,1000,1000
589,19,betCent,10,0.174562101910828,0,26,None,66,1,5,False,1000,1000
590,15,betCent,10,0.1366441082802547,0,1,None,66,1,5,False,1000,1000
591,16,betCent,10,0.1491839171974522,0,1,None,66,1,5,False,1000,1000
592,17,betCent,10,0.1613256369426751,0,1,None,66,1,5,False,1000,1000
593,18,betCent,10,0.1768511146496815,0,1,None,66,1,5,False,1000,1000
594,19,betCent,10,0.1890923566878981,0,1,None,66,1,5,False,1000,1000
595,15,betCent,10,0.0995222929936305,0,2,None,66,1,5,False,1000,1000
596,16,betCent,10,0.0995222929936305,0,2,None,66,1,5,False,1000,1000
597,17,betCent,10,0.0995222929936305,0,2,None,66,1,5,False,1000,1000
598,18,betCent,10,0.0995222929936305,0,2,None,66,1,5,False,1000,1000
599,19,betCent,10,0.0995222929936305,0,2,None,66,1,5,False,1000,1000
600,15,betCent,10,0.0995222929936305,0,0,None,66,1,5,False,1000,1000
601,16,betCent,10,0.0995222929936305,0,0,None,66,1,5,False,1000,1000
602,17,betCent,10,0.1023089171974522,0,0,None,66,1,5,False,1000,1000
603,18,betCent,10,0.1203224522292993,0,0,None,66,1,5,False,1000,1000
604,19,betCent,10,0.1599323248407643,0,0,None,66,1,5,False,1000,1000
605,15,betCent,10,0.0995222929936305,0,4,None,66,1,5,False,1000,1000
606,16,betCent,10,0.0995222929936305,0,4,None,66,1,5,False,1000,1000
607,17,betCent,10,0.0995222929936305,0,4,None,66,1,5,False,1000,1000
608,18,betCent,10,0.0995222929936305,0,4,None,66,1,5,False,1000,1000
609,19,betCent,10,0.1000199044585987,0,4,None,66,1,5,False,1000,1000
610,15,betCent,10,0.0995222929936305,0,3,None,66,1,5,False,1000,1000
611,16,betCent,10,0.0995222929936305,0,3,None,66,1,5,False,1000,1000
612,17,betCent,10,0.0995222929936305,0,3,None,66,1,5,False,1000,1000
613,18,betCent,10,0.0995222929936305,0,3,None,66,1,5,False,1000,1000
614,19,betCent,10,0.0995222929936305,0,3,None,66,1,5,False,1000,1000
615,15,betCent,10,0.0995222929936305,0,5,None,66,1,5,False,1000,1000
616,16,betCent,10,0.1313694267515923,0,5,None,66,1,5,False,1000,1000
617,17,betCent,10,0.1683917197452229,0,5,None,66,1,5,False,1000,1000
618,18,betCent,10,0.1666003184713375,0,5,None,66,1,5,False,1000,1000
619,19,betCent,10,0.1666003184713375,0,5,None,66,1,5,False,1000,1000
620,15,betCent,10,0.2655254777070063,0,8,None,66,1,5,False,1000,1000
621,16,betCent,10,0.2734872611464968,0,8,None,66,1,5,False,1000,1000
622,17,betCent,10,0.2890127388535032,0,8,None,66,1,5,False,1000,1000
623,18,betCent,10,0.352906050955414,0,8,None,66,1,5,False,1000,1000
624,19,betCent,10,0.3787818471337579,0,8,None,66,1,5,False,1000,1000
625,15,betCent,10,0.1023089171974522,0,13,None,66,1,5,False,1000,1000
626,16,betCent,10,0.1009156050955414,0,13,None,66,1,5,False,1000,1000
627,17,betCent,10,0.1006170382165605,0,13,None,66,1,5,False,1000,1000
628,18,betCent,10,0.0997213375796178,0,13,None,66,1,5,False,1000,1000
629,19,betCent,10,0.0996218152866242,0,13,None,66,1,5,False,1000,1000
630,15,betCent,10,0.2602507961783439,0,9,None,66,1,5,False,1000,1000
631,16,betCent,10,0.2997611464968153,0,9,None,66,1,5,False,1000,1000
632,17,betCent,10,0.2881170382165605,0,9,None,66,1,5,False,1000,1000
633,18,betCent,10,0.423765923566879,0,9,None,66,1,5,False,1000,1000
634,19,betCent,10,0.4220740445859872,0,9,None,66,1,5,False,1000,1000
635,15,betCent,10,0.1039012738853503,0,23,None,66,1,5,False,1000,1000
636,16,betCent,10,0.1105692675159235,0,23,None,66,1,5,False,1000,1000
637,17,betCent,10,0.1178343949044586,0,23,None,66,1,5,False,1000,1000
638,18,betCent,10,0.1290804140127388,0,23,None,66,1,5,False,1000,1000
639,19,betCent,10,0.1445063694267516,0,23,None,66,1,5,False,1000,1000
640,15,betCent,10,0.1205214968152866,0,21,None,66,1,5,False,1000,1000
641,16,betCent,10,0.1213176751592356,0,21,None,66,1,5,False,1000,1000
642,17,betCent,10,0.122014331210191,0,21,None,66,1,5,False,1000,1000
643,18,betCent,10,0.1229100318471337,0,21,None,66,1,5,False,1000,1000
644,19,betCent,10,0.1235071656050955,0,21,None,66,1,5,False,1000,1000
645,15,betCent,10,0.0995222929936305,0,28,None,66,1,5,False,1000,1000
646,16,betCent,10,0.0995222929936305,0,28,None,66,1,5,False,1000,1000
647,17,betCent,10,0.0995222929936305,0,28,None,66,1,5,False,1000,1000
648,18,betCent,10,0.1021098726114649,0,28,None,66,1,5,False,1000,1000
649,19,betCent,10,0.122014331210191,0,28,None,66,1,5,False,1000,1000
650,15,betCent,10,0.1007165605095541,0,27,None,66,1,5,False,1000,1000
651,16,betCent,10,0.1000199044585987,0,27,None,66,1,5,False,1000,1000
652,17,betCent,10,0.1117635350318471,0,27,None,66,1,5,False,1000,1000
653,18,betCent,10,0.1615246815286624,0,27,None,66,1,5,False,1000,1000
654,19,betCent,10,0.214171974522293,0,27,None,66,1,5,False,1000,1000
655,15,betCent,10,0.0995222929936305,0,29,None,66,1,5,False,1000,1000
656,16,betCent,10,0.0996218152866242,0,29,None,66,1,5,False,1000,1000
657,17,betCent,10,0.1304737261146497,0,29,None,66,1,5,False,1000,1000
658,18,betCent,10,0.1802348726114649,0,29,None,66,1,5,False,1000,1000
659,19,betCent,10,0.2021297770700637,0,29,None,66,1,5,False,1000,1000
660,20,betCent,10,0.1871019108280254,0,1,None,66,1,5,False,1000,1000
661,21,betCent,10,0.2088972929936305,0,1,None,66,1,5,False,1000,1000
662,22,betCent,10,0.2253184713375796,0,1,None,66,1,5,False,1000,1000
663,23,betCent,10,0.2436305732484076,0,1,None,66,1,5,False,1000,1000
664,24,betCent,10,0.257265127388535,0,1,None,66,1,5,False,1000,1000
665,20,betCent,10,0.0995222929936305,0,2,None,66,1,5,False,1000,1000
666,21,betCent,10,0.0995222929936305,0,2,None,66,1,5,False,1000,1000
667,22,betCent,10,0.0995222929936305,0,2,None,66,1,5,False,1000,1000
668,23,betCent,10,0.0995222929936305,0,2,None,66,1,5,False,1000,1000
669,24,betCent,10,0.0995222929936305,0,2,None,66,1,5,False,1000,1000
670,20,betCent,10,0.1455015923566879,0,28,None,66,1,5,False,1000,1000
671,21,betCent,10,0.2041202229299363,0,28,None,66,1,5,False,1000,1000
672,22,betCent,10,0.2814490445859872,0,28,None,66,1,5,False,1000,1000
673,23,betCent,10,0.3296178343949044,0,28,None,66,1,5,False,1000,1000
674,24,betCent,10,0.3493232484076433,0,28,None,66,1,5,False,1000,1000
675,20,betCent,10,0.1598328025477707,0,29,None,66,1,5,False,1000,1000
676,21,betCent,10,0.2083001592356688,0,29,None,66,1,5,False,1000,1000
677,22,betCent,10,0.2379578025477707,0,29,None,66,1,5,False,1000,1000
678,23,betCent,10,0.2488057324840764,0,29,None,66,1,5,False,1000,1000
679,24,betCent,10,0.2468152866242038,0,29,None,66,1,5,False,1000,1000
680,20,betCent,10,0.1765525477707006,0,5,None,66,1,5,False,1000,1000
681,21,betCent,10,0.266421178343949,0,5,None,66,1,5,False,1000,1000
682,22,betCent,10,0.3219546178343949,0,5,None,66,1,5,False,1000,1000
683,23,betCent,10,0.3223527070063694,0,5,None,66,1,5,False,1000,1000
684,24,betCent,10,0.3400676751592357,0,5,None,66,1,5,False,1000,1000
685,20,betCent,10,0.0995222929936305,0,20,None,66,1,5,False,1000,1000
686,21,betCent,10,0.0995222929936305,0,20,None,66,1,5,False,1000,1000
687,22,betCent,10,0.0995222929936305,0,20,None,66,1,5,False,1000,1000
688,23,betCent,10,0.0995222929936305,0,20,None,66,1,5,False,1000,1000
689,24,betCent,10,0.0995222929936305,0,20,None,66,1,5,False,1000,1000
690,20,betCent,10,0.0995222929936305,0,32,None,66,1,5,False,1000,1000
691,21,betCent,10,0.0995222929936305,0,32,None,66,1,5,False,1000,1000
692,22,betCent,10,0.0995222929936305,0,32,None,66,1,5,False,1000,1000
693,23,betCent,10,0.0995222929936305,0,32,None,66,1,5,False,1000,1000
694,24,betCent,10,0.0995222929936305,0,32,None,66,1,5,False,1000,1000
695,20,betCent,10,0.1003184713375796,0,15,None,66,1,5,False,1000,1000
696,21,betCent,10,0.1056926751592356,0,15,None,66,1,5,False,1000,1000
697,22,betCent,10,0.1226114649681528,0,15,None,66,1,5,False,1000,1000
698,23,betCent,10,0.1485867834394904,0,15,None,66,1,5,False,1000,1000
699,24,betCent,10,0.2106886942675159,0,15,None,66,1,5,False,1000,1000
700,20,betCent,10,0.1649084394904458,0,10,None,66,1,5,False,1000,1000
701,21,betCent,10,0.2471138535031847,0,10,None,66,1,5,False,1000,1000
702,22,betCent,10,0.2848328025477707,0,10,None,66,1,5,False,1000,1000
703,23,betCent,10,0.3076234076433121,0,10,None,66,1,5,False,1000,1000
704,24,betCent,10,0.3088176751592357,0,10,None,66,1,5,False,1000,1000
705,20,betCent,10,0.172671178343949,0,26,None,66,1,5,False,1000,1000
706,21,betCent,10,0.1591361464968153,0,26,None,66,1,5,False,1000,1000
707,22,betCent,10,0.1475915605095541,0,26,None,66,1,5,False,1000,1000
708,23,betCent,10,0.1386345541401273,0,26,None,66,1,5,False,1000,1000
709,24,betCent,10,0.1407245222929936,0,26,None,66,1,5,False,1000,1000
710,20,betCent,10,0.0995222929936305,0,11,None,66,1,5,False,1000,1000
711,21,betCent,10,0.0995222929936305,0,11,None,66,1,5,False,1000,1000
712,22,betCent,10,0.0996218152866242,0,11,None,66,1,5,False,1000,1000
713,23,betCent,10,0.0996218152866242,0,11,None,66,1,5,False,1000,1000
714,24,betCent,10,0.0996218152866242,0,11,None,66,1,5,False,1000,1000
715,20,betCent,10,0.121218152866242,0,3,None,66,1,5,False,1000,1000
716,21,betCent,10,0.1241042993630573,0,3,None,66,1,5,False,1000,1000
717,22,betCent,10,0.1273885350318471,0,3,None,66,1,5,False,1000,1000
718,23,betCent,10,0.1285828025477707,0,3,None,66,1,5,False,1000,1000
719,24,betCent,10,0.1306727707006369,0,3,None,66,1,5,False,1000,1000
720,20,betCent,10,0.3665406050955414,0,19,None,66,1,5,False,1000,1000
721,21,betCent,10,0.4099323248407643,0,19,None,66,1,5,False,1000,1000
722,22,betCent,10,0.4131170382165605,0,19,None,66,1,5,False,1000,1000
723,23,betCent,10,0.3905254777070063,0,19,None,66,1,5,False,1000,1000
724,24,betCent,10,0.3791799363057325,0,19,None,66,1,5,False,1000,1000
725,20,betCent,10,0.0996218152866242,0,7,None,66,1,5,False,1000,1000
726,21,betCent,10,0.0995222929936305,0,7,None,66,1,5,False,1000,1000
727,22,betCent,10,0.0995222929936305,0,7,None,66,1,5,False,1000,1000
728,23,betCent,10,0.0995222929936305,0,7,None,66,1,5,False,1000,1000
729,24,betCent,10,0.0995222929936305,0,7,None,66,1,5,False,1000,1000
730,20,betCent,10,0.2840366242038216,0,8,None,66,1,5,False,1000,1000
731,21,betCent,10,0.3397691082802547,0,8,None,66,1,5,False,1000,1000
732,22,betCent,10,0.4460589171974522,0,8,None,66,1,5,False,1000,1000
733,23,betCent,10,0.4494426751592357,0,8,None,66,1,5,False,1000,1000
734,24,betCent,10,0.3715167197452229,0,8,None,66,1,5,False,1000,1000
735,20,betCent,10,0.4277468152866242,0,16,None,66,1,5,False,1000,1000
736,21,betCent,10,0.3747014331210191,0,16,None,66,1,5,False,1000,1000
737,22,betCent,10,0.4453622611464968,0,16,None,66,1,5,False,1000,1000
738,23,betCent,10,0.4141122611464968,0,16,None,66,1,5,False,1000,1000
739,24,betCent,10,0.4281449044585987,0,16,None,66,1,5,False,1000,1000
740,20,betCent,10,0.0995222929936305,0,22,None,66,1,5,False,1000,1000
741,21,betCent,10,0.0995222929936305,0,22,None,66,1,5,False,1000,1000
742,22,betCent,10,0.0995222929936305,0,22,None,66,1,5,False,1000,1000
743,23,betCent,10,0.1050955414012738,0,22,None,66,1,5,False,1000,1000
744,24,betCent,10,0.1449044585987261,0,22,None,66,1,5,False,1000,1000
745,20,betCent,10,0.4160031847133758,0,14,None,66,1,5,False,1000,1000
746,21,betCent,10,0.383359872611465,0,14,None,66,1,5,False,1000,1000
747,22,betCent,10,0.3683320063694267,0,14,None,66,1,5,False,1000,1000
748,23,betCent,10,0.3763933121019108,0,14,None,66,1,5,False,1000,1000
749,24,betCent,10,0.376890923566879,0,14,None,66,1,5,False,1000,1000
750,20,betCent,10,0.4128184713375796,0,25,None,66,1,5,False,1000,1000
751,21,betCent,10,0.3912221337579618,0,25,None,66,1,5,False,1000,1000
752,22,betCent,10,0.3737062101910828,0,25,None,66,1,5,False,1000,1000
753,23,betCent,10,0.3618630573248407,0,25,None,66,1,5,False,1000,1000
754,24,betCent,10,0.3945063694267516,0,25,None,66,1,5,False,1000,1000
755,20,betCent,10,0.3707205414012738,0,9,None,66,1,5,False,1000,1000
756,21,betCent,10,0.3012539808917197,0,9,None,66,1,5,False,1000,1000
757,22,betCent,10,0.4047571656050955,0,9,None,66,1,5,False,1000,1000
758,23,betCent,10,0.4305334394904458,0,9,None,66,1,5,False,1000,1000
759,24,betCent,10,0.4932324840764331,0,9,None,66,1,5,False,1000,1000
760,20,betCent,10,0.1217157643312101,0,30,None,66,1,5,False,1000,1000
761,21,betCent,10,0.1222133757961783,0,30,None,66,1,5,False,1000,1000
762,22,betCent,10,0.132265127388535,0,30,None,66,1,5,False,1000,1000
763,23,betCent,10,0.1555533439490445,0,30,None,66,1,5,False,1000,1000
764,24,betCent,10,0.1816281847133758,0,30,None,66,1,5,False,1000,1000
765,20,betCent,10,0.1971536624203821,0,6,None,66,1,5,False,1000,1000
766,21,betCent,10,0.2249203821656051,0,6,None,66,1,5,False,1000,1000
767,22,betCent,10,0.2549761146496815,0,6,None,66,1,5,False,1000,1000
768,23,betCent,10,0.2661226114649681,0,6,None,66,1,5,False,1000,1000
769,24,betCent,10,0.2916003184713376,0,6,None,66,1,5,False,1000,1000
770,20,betCent,10,0.1002189490445859,0,17,None,66,1,5,False,1000,1000
771,21,betCent,10,0.1129578025477707,0,17,None,66,1,5,False,1000,1000
772,22,betCent,10,0.1558519108280254,0,17,None,66,1,5,False,1000,1000
773,23,betCent,10,0.1885947452229299,0,17,None,66,1,5,False,1000,1000
774,24,betCent,10,0.1956608280254777,0,17,None,66,1,5,False,1000,1000
775,20,betCent,10,0.117436305732484,0,21,None,66,1,5,False,1000,1000
776,21,betCent,10,0.1265923566878981,0,21,None,66,1,5,False,1000,1000
777,22,betCent,10,0.1365445859872611,0,21,None,66,1,5,False,1000,1000
778,23,betCent,10,0.1501791401273885,0,21,None,66,1,5,False,1000,1000
779,24,betCent,10,0.160828025477707,0,21,None,66,1,5,False,1000,1000
780,20,betCent,10,0.2157643312101911,0,24,None,66,1,5,False,1000,1000
781,21,betCent,10,0.289609872611465,0,24,None,66,1,5,False,1000,1000
782,22,betCent,10,0.3210589171974522,0,24,None,66,1,5,False,1000,1000
783,23,betCent,10,0.3279259554140127,0,24,None,66,1,5,False,1000,1000
784,24,betCent,10,0.3199641719745223,0,24,None,66,1,5,False,1000,1000
785,20,betCent,10,0.0996218152866242,0,18,None,66,1,5,False,1000,1000
786,21,betCent,10,0.0995222929936305,0,18,None,66,1,5,False,1000,1000
787,22,betCent,10,0.0995222929936305,0,18,None,66,1,5,False,1000,1000
788,23,betCent,10,0.0995222929936305,0,18,None,66,1,5,False,1000,1000
789,24,betCent,10,0.0998208598726114,0,18,None,66,1,5,False,1000,1000
790,20,betCent,10,0.1477906050955414,0,27,None,66,1,5,False,1000,1000
791,21,betCent,10,0.207703025477707,0,27,None,66,1,5,False,1000,1000
792,22,betCent,10,0.2749800955414013,0,27,None,66,1,5,False,1000,1000
793,23,betCent,10,0.3036425159235669,0,27,None,66,1,5,False,1000,1000
794,24,betCent,10,0.3109076433121019,0,27,None,66,1,5,False,1000,1000
795,20,betCent,10,0.1711783439490445,0,31,None,66,1,5,False,1000,1000
796,21,betCent,10,0.2499004777070063,0,31,None,66,1,5,False,1000,1000
797,22,betCent,10,0.2967754777070063,0,31,None,66,1,5,False,1000,1000
798,23,betCent,10,0.3275278662420382,0,31,None,66,1,5,False,1000,1000
799,24,betCent,10,0.3496218152866242,0,31,None,66,1,5,False,1000,1000
800,20,betCent,10,0.1676950636942675,0,12,None,66,1,5,False,1000,1000
801,21,betCent,10,0.1890923566878981,0,12,None,66,1,5,False,1000,1000
802,22,betCent,10,0.2123805732484076,0,12,None,66,1,5,False,1000,1000
803,23,betCent,10,0.2738853503184713,0,12,None,66,1,5,False,1000,1000
804,24,betCent,10,0.2643312101910828,0,12,None,66,1,5,False,1000,1000
805,20,betCent,10,0.1088773885350318,0,13,None,66,1,5,False,1000,1000
806,21,betCent,10,0.1075835987261146,0,13,None,66,1,5,False,1000,1000
807,22,betCent,10,0.1070859872611465,0,13,None,66,1,5,False,1000,1000
808,23,betCent,10,0.1067874203821656,0,13,None,66,1,5,False,1000,1000
809,24,betCent,10,0.1059912420382165,0,13,None,66,1,5,False,1000,1000
810,20,betCent,10,0.1092754777070063,0,4,None,66,1,5,False,1000,1000
811,21,betCent,10,0.1299761146496815,0,4,None,66,1,5,False,1000,1000
812,22,betCent,10,0.1544585987261146,0,4,None,66,1,5,False,1000,1000
813,23,betCent,10,0.1740644904458598,0,4,None,66,1,5,False,1000,1000
814,24,betCent,10,0.1842157643312102,0,4,None,66,1,5,False,1000,1000
815,20,betCent,10,0.1340565286624203,0,0,None,66,1,5,False,1000,1000
816,21,betCent,10,0.1819267515923567,0,0,None,66,1,5,False,1000,1000
817,22,betCent,10,0.2119824840764331,0,0,None,66,1,5,False,1000,1000
818,23,betCent,10,0.2359673566878981,0,0,None,66,1,5,False,1000,1000
819,24,betCent,10,0.2521894904458598,0,0,None,66,1,5,False,1000,1000
820,20,betCent,10,0.1022093949044586,0,23,None,66,1,5,False,1000,1000
821,21,betCent,10,0.1097730891719745,0,23,None,66,1,5,False,1000,1000
822,22,betCent,10,0.1399283439490445,0,23,None,66,1,5,False,1000,1000
823,23,betCent,10,0.1801353503184713,0,23,None,66,1,5,False,1000,1000
824,24,betCent,10,0.2124800955414012,0,23,None,66,1,5,False,1000,1000
825,25,betCent,10,0.293889331210191,0,26,None,66,1,5,False,1000,1000
826,26,betCent,10,0.3040406050955414,0,26,None,66,1,5,False,1000,1000
827,27,betCent,10,0.3094148089171974,0,26,None,66,1,5,False,1000,1000
828,28,betCent,10,0.3122014331210191,0,26,None,66,1,5,False,1000,1000
829,29,betCent,10,0.31140525477707,0,26,None,66,1,5,False,1000,1000
830,25,betCent,10,0.4268511146496815,0,16,None,66,1,5,False,1000,1000
831,26,betCent,10,0.4197850318471338,0,16,None,66,1,5,False,1000,1000
832,27,betCent,10,0.4319267515923566,0,16,None,66,1,5,False,1000,1000
833,28,betCent,10,0.4839769108280254,0,16,None,66,1,5,False,1000,1000
834,29,betCent,10,0.5151273885350318,0,16,None,66,1,5,False,1000,1000
835,25,betCent,10,0.274781050955414,0,1,None,66,1,5,False,1000,1000
836,26,betCent,10,0.2978702229299363,0,1,None,66,1,5,False,1000,1000
837,27,betCent,10,0.3249402866242038,0,1,None,66,1,5,False,1000,1000
838,28,betCent,10,0.3349920382165605,0,1,None,66,1,5,False,1000,1000
839,29,betCent,10,0.3424562101910828,0,1,None,66,1,5,False,1000,1000
840,25,betCent,10,0.118531050955414,0,2,None,66,1,5,False,1000,1000
841,26,betCent,10,0.1222133757961783,0,2,None,66,1,5,False,1000,1000
842,27,betCent,10,0.1256966560509554,0,2,None,66,1,5,False,1000,1000
843,28,betCent,10,0.1343550955414012,0,2,None,66,1,5,False,1000,1000
844,29,betCent,10,0.1507762738853503,0,2,None,66,1,5,False,1000,1000
845,25,betCent,10,0.2145700636942675,0,7,None,66,1,5,False,1000,1000
846,26,betCent,10,0.2597531847133758,0,7,None,66,1,5,False,1000,1000
847,27,betCent,10,0.3264331210191082,0,7,None,66,1,5,False,1000,1000
848,28,betCent,10,0.3756966560509554,0,7,None,66,1,5,False,1000,1000
849,29,betCent,10,0.3923168789808917,0,7,None,66,1,5,False,1000,1000
850,25,betCent,10,0.1334593949044586,0,11,None,66,1,5,False,1000,1000
851,26,betCent,10,0.1345541401273885,0,11,None,66,1,5,False,1000,1000
852,27,betCent,10,0.136046974522293,0,11,None,66,1,5,False,1000,1000
853,28,betCent,10,0.1383359872611465,0,11,None,66,1,5,False,1000,1000
854,29,betCent,10,0.1410230891719745,0,11,None,66,1,5,False,1000,1000
855,25,betCent,10,0.1674960191082802,0,15,None,66,1,5,False,1000,1000
856,26,betCent,10,0.179140127388535,0,15,None,66,1,5,False,1000,1000
857,27,betCent,10,0.1900875796178344,0,15,None,66,1,5,False,1000,1000
858,28,betCent,10,0.2213375796178344,0,15,None,66,1,5,False,1000,1000
859,29,betCent,10,0.3254378980891719,0,15,None,66,1,5,False,1000,1000
860,25,betCent,10,0.2001393312101911,0,17,None,66,1,5,False,1000,1000
861,26,betCent,10,0.214171974522293,0,17,None,66,1,5,False,1000,1000
862,27,betCent,10,0.2295979299363057,0,17,None,66,1,5,False,1000,1000
863,28,betCent,10,0.243531050955414,0,17,None,66,1,5,False,1000,1000
864,29,betCent,10,0.261046974522293,0,17,None,66,1,5,False,1000,1000
865,25,betCent,10,0.2153662420382165,0,18,None,66,1,5,False,1000,1000
866,26,betCent,10,0.2511942675159235,0,18,None,66,1,5,False,1000,1000
867,27,betCent,10,0.2849323248407643,0,18,None,66,1,5,False,1000,1000
868,28,betCent,10,0.3065286624203822,0,18,None,66,1,5,False,1000,1000
869,29,betCent,10,0.3133957006369426,0,18,None,66,1,5,False,1000,1000
870,25,betCent,10,0.3326035031847134,0,8,None,66,1,5,False,1000,1000
871,26,betCent,10,0.4344148089171974,0,8,None,66,1,5,False,1000,1000
872,27,betCent,10,0.4131170382165605,0,8,None,66,1,5,False,1000,1000
873,28,betCent,10,0.3185708598726114,0,8,None,66,1,5,False,1000,1000
874,29,betCent,10,0.3435509554140127,0,8,None,66,1,5,False,1000,1000
875,25,betCent,10,0.1926751592356688,0,4,None,66,1,5,False,1000,1000
876,26,betCent,10,0.2076035031847133,0,4,None,66,1,5,False,1000,1000
877,27,betCent,10,0.2285031847133758,0,4,None,66,1,5,False,1000,1000
878,28,betCent,10,0.2488057324840764,0,4,None,66,1,5,False,1000,1000
879,29,betCent,10,0.2799562101910828,0,4,None,66,1,5,False,1000,1000
880,25,betCent,10,0.1375398089171974,0,20,None,66,1,5,False,1000,1000
881,26,betCent,10,0.1376393312101911,0,20,None,66,1,5,False,1000,1000
882,27,betCent,10,0.1378383757961783,0,20,None,66,1,5,False,1000,1000
883,28,betCent,10,0.1381369426751592,0,20,None,66,1,5,False,1000,1000
884,29,betCent,10,0.1385350318471337,0,20,None,66,1,5,False,1000,1000
885,25,betCent,10,0.2040207006369426,0,10,None,66,1,5,False,1000,1000
886,26,betCent,10,0.2920979299363057,0,10,None,66,1,5,False,1000,1000
887,27,betCent,10,0.3098128980891719,0,10,None,66,1,5,False,1000,1000
888,28,betCent,10,0.31140525477707,0,10,None,66,1,5,False,1000,1000
889,29,betCent,10,0.2783638535031847,0,10,None,66,1,5,False,1000,1000
890,25,betCent,10,0.3484275477707006,0,22,None,66,1,5,False,1000,1000
891,26,betCent,10,0.3481289808917197,0,22,None,66,1,5,False,1000,1000
892,27,betCent,10,0.3359872611464968,0,22,None,66,1,5,False,1000,1000
893,28,betCent,10,0.2952826433121019,0,22,None,66,1,5,False,1000,1000
894,29,betCent,10,0.2748805732484076,0,22,None,66,1,5,False,1000,1000
895,25,betCent,10,0.2615445859872611,0,23,None,66,1,5,False,1000,1000
896,26,betCent,10,0.2795581210191082,0,23,None,66,1,5,False,1000,1000
897,27,betCent,10,0.3029458598726114,0,23,None,66,1,5,False,1000,1000
898,28,betCent,10,0.3194665605095541,0,23,None,66,1,5,False,1000,1000
899,29,betCent,10,0.3247412420382166,0,23,None,66,1,5,False,1000,1000
900,25,betCent,10,0.1053941082802547,0,32,None,66,1,5,False,1000,1000
901,26,betCent,10,0.1004179936305732,0,32,None,66,1,5,False,1000,1000
902,27,betCent,10,0.0997213375796178,0,32,None,66,1,5,False,1000,1000
903,28,betCent,10,0.0999203821656051,0,32,None,66,1,5,False,1000,1000
904,29,betCent,10,0.1023089171974522,0,32,None,66,1,5,False,1000,1000
905,25,betCent,10,0.1860071656050955,0,5,None,66,1,5,False,1000,1000
906,26,betCent,10,0.2751791401273885,0,5,None,66,1,5,False,1000,1000
907,27,betCent,10,0.315983280254777,0,5,None,66,1,5,False,1000,1000
908,28,betCent,10,0.3317078025477707,0,5,None,66,1,5,False,1000,1000
909,29,betCent,10,0.3459394904458598,0,5,None,66,1,5,False,1000,1000
910,25,betCent,10,0.2641321656050955,0,6,None,66,1,5,False,1000,1000
911,26,betCent,10,0.2857285031847134,0,6,None,66,1,5,False,1000,1000
912,27,betCent,10,0.3034434713375796,0,6,None,66,1,5,False,1000,1000
913,28,betCent,10,0.3241441082802547,0,6,None,66,1,5,False,1000,1000
914,29,betCent,10,0.3506170382165605,0,6,None,66,1,5,False,1000,1000
915,25,betCent,10,0.2484076433121019,0,13,None,66,1,5,False,1000,1000
916,26,betCent,10,0.2496019108280254,0,13,None,66,1,5,False,1000,1000
917,27,betCent,10,0.2513933121019108,0,13,None,66,1,5,False,1000,1000
918,28,betCent,10,0.2523885350318471,0,13,None,66,1,5,False,1000,1000
919,29,betCent,10,0.2524880573248407,0,13,None,66,1,5,False,1000,1000
920,25,betCent,10,0.2791600318471338,0,12,None,66,1,5,False,1000,1000
921,26,betCent,10,0.3749004777070063,0,12,None,66,1,5,False,1000,1000
922,27,betCent,10,0.3436504777070063,0,12,None,66,1,5,False,1000,1000
923,28,betCent,10,0.2684116242038216,0,12,None,66,1,5,False,1000,1000
924,29,betCent,10,0.2674164012738853,0,12,None,66,1,5,False,1000,1000
925,25,betCent,10,0.4540207006369426,0,19,None,66,1,5,False,1000,1000
926,26,betCent,10,0.4110270700636942,0,19,None,66,1,5,False,1000,1000
927,27,betCent,10,0.3600716560509554,0,19,None,66,1,5,False,1000,1000
928,28,betCent,10,0.3352906050955414,0,19,None,66,1,5,False,1000,1000
929,29,betCent,10,0.3023487261146497,0,19,None,66,1,5,False,1000,1000
930,25,betCent,10,0.2742834394904458,0,21,None,66,1,5,False,1000,1000
931,26,betCent,10,0.2807523885350318,0,21,None,66,1,5,False,1000,1000
932,27,betCent,10,0.2863256369426751,0,21,None,66,1,5,False,1000,1000
933,28,betCent,10,0.2911027070063694,0,21,None,66,1,5,False,1000,1000
934,29,betCent,10,0.2956807324840764,0,21,None,66,1,5,False,1000,1000
935,25,betCent,10,0.4938296178343949,0,25,None,66,1,5,False,1000,1000
936,26,betCent,10,0.4626791401273885,0,25,None,66,1,5,False,1000,1000
937,27,betCent,10,0.4436703821656051,0,25,None,66,1,5,False,1000,1000
938,28,betCent,10,0.4355095541401274,0,25,None,66,1,5,False,1000,1000
939,29,betCent,10,0.4330214968152866,0,25,None,66,1,5,False,1000,1000
940,25,betCent,10,0.4247611464968153,0,14,None,66,1,5,False,1000,1000
941,26,betCent,10,0.4019705414012738,0,14,None,66,1,5,False,1000,1000
942,27,betCent,10,0.4514331210191082,0,14,None,66,1,5,False,1000,1000
943,28,betCent,10,0.4591958598726114,0,14,None,66,1,5,False,1000,1000
944,29,betCent,10,0.4503383757961783,0,14,None,66,1,5,False,1000,1000
945,25,betCent,10,0.1651074840764331,0,28,None,66,1,5,False,1000,1000
946,26,betCent,10,0.2300955414012739,0,28,None,66,1,5,False,1000,1000
947,27,betCent,10,0.307921974522293,0,28,None,66,1,5,False,1000,1000
948,28,betCent,10,0.3480294585987261,0,28,None,66,1,5,False,1000,1000
949,29,betCent,10,0.3590764331210191,0,28,None,66,1,5,False,1000,1000
950,25,betCent,10,0.1852109872611465,0,3,None,66,1,5,False,1000,1000
951,26,betCent,10,0.1860071656050955,0,3,None,66,1,5,False,1000,1000
952,27,betCent,10,0.18640525477707,0,3,None,66,1,5,False,1000,1000
953,28,betCent,10,0.1873009554140127,0,3,None,66,1,5,False,1000,1000
954,29,betCent,10,0.1880971337579617,0,3,None,66,1,5,False,1000,1000
955,25,betCent,10,0.3227507961783439,0,24,None,66,1,5,False,1000,1000
956,26,betCent,10,0.3138933121019108,0,24,None,66,1,5,False,1000,1000
957,27,betCent,10,0.2932921974522293,0,24,None,66,1,5,False,1000,1000
958,28,betCent,10,0.2846337579617834,0,24,None,66,1,5,False,1000,1000
959,29,betCent,10,0.2996616242038216,0,24,None,66,1,5,False,1000,1000
960,25,betCent,10,0.3073248407643312,0,27,None,66,1,5,False,1000,1000
961,26,betCent,10,0.3447452229299363,0,27,None,66,1,5,False,1000,1000
962,27,betCent,10,0.339968152866242,0,27,None,66,1,5,False,1000,1000
963,28,betCent,10,0.3122014331210191,0,27,None,66,1,5,False,1000,1000
964,29,betCent,10,0.2895103503184713,0,27,None,66,1,5,False,1000,1000
965,25,betCent,10,0.2695063694267516,0,30,None,66,1,5,False,1000,1000
966,26,betCent,10,0.2916003184713376,0,30,None,66,1,5,False,1000,1000
967,27,betCent,10,0.3101114649681528,0,30,None,66,1,5,False,1000,1000
968,28,betCent,10,0.3250398089171974,0,30,None,66,1,5,False,1000,1000
969,29,betCent,10,0.3386743630573248,0,30,None,66,1,5,False,1000,1000
970,25,betCent,10,0.3411624203821656,0,31,None,66,1,5,False,1000,1000
971,26,betCent,10,0.3744028662420382,0,31,None,66,1,5,False,1000,1000
972,27,betCent,10,0.3835589171974522,0,31,None,66,1,5,False,1000,1000
973,28,betCent,10,0.3848527070063694,0,31,None,66,1,5,False,1000,1000
974,29,betCent,10,0.3754976114649681,0,31,None,66,1,5,False,1000,1000
975,25,betCent,10,0.310609076433121,0,9,None,66,1,5,False,1000,1000
976,26,betCent,10,0.3479299363057325,0,9,None,66,1,5,False,1000,1000
977,27,betCent,10,0.4195859872611465,0,9,None,66,1,5,False,1000,1000
978,28,betCent,10,0.4631767515923566,0,9,None,66,1,5,False,1000,1000
979,29,betCent,10,0.5501592356687898,0,9,None,66,1,5,False,1000,1000
980,25,betCent,10,0.3438495222929936,0,29,None,66,1,5,False,1000,1000
981,26,betCent,10,0.347233280254777,0,29,None,66,1,5,False,1000,1000
982,27,betCent,10,0.3256369426751592,0,29,None,66,1,5,False,1000,1000
983,28,betCent,10,0.2815485668789809,0,29,None,66,1,5,False,1000,1000
984,29,betCent,10,0.2723925159235669,0,29,None,66,1,5,False,1000,1000
985,25,betCent,10,0.2575636942675159,0,0,None,66,1,5,False,1000,1000
986,26,betCent,10,0.2563694267515923,0,0,None,66,1,5,False,1000,1000
987,27,betCent,10,0.2666202229299363,0,0,None,66,1,5,False,1000,1000
988,28,betCent,10,0.28125,0,0,None,66,1,5,False,1000,1000
989,29,betCent,10,0.2932921974522293,0,0,None,66,1,5,False,1000,1000
1980,30,betCent,10,0.1937699044585987,0,15,None,66,1,5,False,1000,1000
1981,31,betCent,10,0.2156648089171974,0,15,None,66,1,5,False,1000,1000
1982,32,betCent,10,0.2612460191082802,0,15,None,66,1,5,False,1000,1000
1983,33,betCent,10,0.3069267515923566,0,15,None,66,1,5,False,1000,1000
1984,34,betCent,10,0.398984872611465,0,15,None,66,1,5,False,1000,1000
1985,30,betCent,10,0.2817476114649681,0,10,None,66,1,5,False,1000,1000
1986,31,betCent,10,0.3073248407643312,0,10,None,66,1,5,False,1000,1000
1987,32,betCent,10,0.310609076433121,0,10,None,66,1,5,False,1000,1000
1988,33,betCent,10,0.3569864649681528,0,10,None,66,1,5,False,1000,1000
1989,34,betCent,10,0.3774880573248407,0,10,None,66,1,5,False,1000,1000
1990,30,betCent,10,0.1924761146496815,0,11,None,66,1,5,False,1000,1000
1991,31,betCent,10,0.1926751592356688,0,11,None,66,1,5,False,1000,1000
1992,32,betCent,10,0.1929737261146497,0,11,None,66,1,5,False,1000,1000
1993,33,betCent,10,0.1959593949044586,0,11,None,66,1,5,False,1000,1000
1994,34,betCent,10,0.2417396496815286,0,11,None,66,1,5,False,1000,1000
1995,30,betCent,10,0.1880971337579617,0,20,None,66,1,5,False,1000,1000
1996,31,betCent,10,0.1880971337579617,0,20,None,66,1,5,False,1000,1000
1997,32,betCent,10,0.1880971337579617,0,20,None,66,1,5,False,1000,1000
1998,33,betCent,10,0.1880971337579617,0,20,None,66,1,5,False,1000,1000
1999,34,betCent,10,0.1880971337579617,0,20,None,66,1,5,False,1000,1000
2000,30,betCent,10,0.3507165605095541,0,22,None,66,1,5,False,1000,1000
2001,31,betCent,10,0.3002587579617834,0,22,None,66,1,5,False,1000,1000
2002,32,betCent,10,0.296875,0,22,None,66,1,5,False,1000,1000
2003,33,betCent,10,0.3155851910828025,0,22,None,66,1,5,False,1000,1000
2004,34,betCent,10,0.323546974522293,0,22,None,66,1,5,False,1000,1000
2005,30,betCent,10,0.4756170382165605,0,14,None,66,1,5,False,1000,1000
2006,31,betCent,10,0.4533240445859872,0,14,None,66,1,5,False,1000,1000
2007,32,betCent,10,0.4461584394904458,0,14,None,66,1,5,False,1000,1000
2008,33,betCent,10,0.4488455414012738,0,14,None,66,1,5,False,1000,1000
2009,34,betCent,10,0.4536226114649681,0,14,None,66,1,5,False,1000,1000
2010,30,betCent,10,0.5027866242038217,0,25,None,66,1,5,False,1000,1000
2011,31,betCent,10,0.4725318471337579,0,25,None,66,1,5,False,1000,1000
2012,32,betCent,10,0.4601910828025478,0,25,None,66,1,5,False,1000,1000
2013,33,betCent,10,0.4552149681528662,0,25,None,66,1,5,False,1000,1000
2014,34,betCent,10,0.4544187898089172,0,25,None,66,1,5,False,1000,1000
2015,30,betCent,10,0.4454617834394904,0,26,None,66,1,5,False,1000,1000
2016,31,betCent,10,0.4432722929936306,0,26,None,66,1,5,False,1000,1000
2017,32,betCent,10,0.4353105095541401,0,26,None,66,1,5,False,1000,1000
2018,33,betCent,10,0.4216759554140127,0,26,None,66,1,5,False,1000,1000
2019,34,betCent,10,0.4047571656050955,0,26,None,66,1,5,False,1000,1000
2020,30,betCent,10,0.296875,0,12,None,66,1,5,False,1000,1000
2021,31,betCent,10,0.3834593949044586,0,12,None,66,1,5,False,1000,1000
2022,32,betCent,10,0.3154856687898089,0,12,None,66,1,5,False,1000,1000
2023,33,betCent,10,0.2788614649681528,0,12,None,66,1,5,False,1000,1000
2024,34,betCent,10,0.2824442675159235,0,12,None,66,1,5,False,1000,1000
2025,30,betCent,10,0.1940684713375796,0,17,None,66,1,5,False,1000,1000
2026,31,betCent,10,0.1956608280254777,0,17,None,66,1,5,False,1000,1000
2027,32,betCent,10,0.1997412420382165,0,17,None,66,1,5,False,1000,1000
2028,33,betCent,10,0.2061106687898089,0,17,None,66,1,5,False,1000,1000
2029,34,betCent,10,0.216859076433121,0,17,None,66,1,5,False,1000,1000
2030,30,betCent,10,0.298765923566879,0,24,None,66,1,5,False,1000,1000
2031,31,betCent,10,0.2910031847133758,0,24,None,66,1,5,False,1000,1000
2032,32,betCent,10,0.3123009554140127,0,24,None,66,1,5,False,1000,1000
2033,33,betCent,10,0.338077229299363,0,24,None,66,1,5,False,1000,1000
2034,34,betCent,10,0.4196855095541401,0,24,None,66,1,5,False,1000,1000
2035,30,betCent,10,0.3549960191082802,0,30,None,66,1,5,False,1000,1000
2036,31,betCent,10,0.3403662420382166,0,30,None,66,1,5,False,1000,1000
2037,32,betCent,10,0.3215565286624204,0,30,None,66,1,5,False,1000,1000
2038,33,betCent,10,0.3119028662420382,0,30,None,66,1,5,False,1000,1000
2039,34,betCent,10,0.3107085987261146,0,30,None,66,1,5,False,1000,1000
2040,30,betCent,10,0.1943670382165605,0,7,None,66,1,5,False,1000,1000
2041,31,betCent,10,0.2158638535031847,0,7,None,66,1,5,False,1000,1000
2042,32,betCent,10,0.2636345541401274,0,7,None,66,1,5,False,1000,1000
2043,33,betCent,10,0.310609076433121,0,7,None,66,1,5,False,1000,1000
2044,34,betCent,10,0.3507165605095541,0,7,None,66,1,5,False,1000,1000
2045,30,betCent,10,0.4510350318471338,0,6,None,66,1,5,False,1000,1000
2046,31,betCent,10,0.4931329617834395,0,6,None,66,1,5,False,1000,1000
2047,32,betCent,10,0.5120421974522293,0,6,None,66,1,5,False,1000,1000
2048,33,betCent,10,0.502687101910828,0,6,None,66,1,5,False,1000,1000
2049,34,betCent,10,0.482484076433121,0,6,None,66,1,5,False,1000,1000
2050,30,betCent,10,0.4254578025477707,0,16,None,66,1,5,False,1000,1000
2051,31,betCent,10,0.4551154458598726,0,16,None,66,1,5,False,1000,1000
2052,32,betCent,10,0.5023885350318471,0,16,None,66,1,5,False,1000,1000
2053,33,betCent,10,0.5268710191082803,0,16,None,66,1,5,False,1000,1000
2054,34,betCent,10,0.5418988853503185,0,16,None,66,1,5,False,1000,1000
2055,30,betCent,10,0.2375597133757961,0,32,None,66,1,5,False,1000,1000
2056,31,betCent,10,0.2536823248407643,0,32,None,66,1,5,False,1000,1000
2057,32,betCent,10,0.2665207006369426,0,32,None,66,1,5,False,1000,1000
2058,33,betCent,10,0.2792595541401274,0,32,None,66,1,5,False,1000,1000
2059,34,betCent,10,0.2853304140127388,0,32,None,66,1,5,False,1000,1000
2060,30,betCent,10,0.3181727707006369,0,1,None,66,1,5,False,1000,1000
2061,31,betCent,10,0.3413614649681528,0,1,None,66,1,5,False,1000,1000
2062,32,betCent,10,0.354796974522293,0,1,None,66,1,5,False,1000,1000
2063,33,betCent,10,0.3738057324840764,0,1,None,66,1,5,False,1000,1000
2064,34,betCent,10,0.3641520700636942,0,1,None,66,1,5,False,1000,1000
2065,30,betCent,10,0.208499203821656,0,2,None,66,1,5,False,1000,1000
2066,31,betCent,10,0.2206409235668789,0,2,None,66,1,5,False,1000,1000
2067,32,betCent,10,0.2375597133757961,0,2,None,66,1,5,False,1000,1000
2068,33,betCent,10,0.2533837579617834,0,2,None,66,1,5,False,1000,1000
2069,34,betCent,10,0.2681130573248407,0,2,None,66,1,5,False,1000,1000
2070,30,betCent,10,0.3298168789808917,0,0,None,66,1,5,False,1000,1000
2071,31,betCent,10,0.3174761146496815,0,0,None,66,1,5,False,1000,1000
2072,32,betCent,10,0.3217555732484076,0,0,None,66,1,5,False,1000,1000
2073,33,betCent,10,0.3279259554140127,0,0,None,66,1,5,False,1000,1000
2074,34,betCent,10,0.3346934713375796,0,0,None,66,1,5,False,1000,1000
2075,30,betCent,10,0.2592555732484076,0,4,None,66,1,5,False,1000,1000
2076,31,betCent,10,0.2900079617834395,0,4,None,66,1,5,False,1000,1000
2077,32,betCent,10,0.3161823248407643,0,4,None,66,1,5,False,1000,1000
2078,33,betCent,10,0.3295183121019108,0,4,None,66,1,5,False,1000,1000
2079,34,betCent,10,0.337281050955414,0,4,None,66,1,5,False,1000,1000
2080,30,betCent,10,0.2098925159235669,0,3,None,66,1,5,False,1000,1000
2081,31,betCent,10,0.2021297770700637,0,3,None,66,1,5,False,1000,1000
2082,32,betCent,10,0.1957603503184713,0,3,None,66,1,5,False,1000,1000
2083,33,betCent,10,0.1946656050955414,0,3,None,66,1,5,False,1000,1000
2084,34,betCent,10,0.1945660828025477,0,3,None,66,1,5,False,1000,1000
2085,30,betCent,10,0.2833399681528662,0,5,None,66,1,5,False,1000,1000
2086,31,betCent,10,0.3697253184713376,0,5,None,66,1,5,False,1000,1000
2087,32,betCent,10,0.3923168789808917,0,5,None,66,1,5,False,1000,1000
2088,33,betCent,10,0.3744028662420382,0,5,None,66,1,5,False,1000,1000
2089,34,betCent,10,0.38953025477707,0,5,None,66,1,5,False,1000,1000
2090,30,betCent,10,0.3035429936305732,0,9,None,66,1,5,False,1000,1000
2091,31,betCent,10,0.4075437898089172,0,9,None,66,1,5,False,1000,1000
2092,32,betCent,10,0.4402866242038216,0,9,None,66,1,5,False,1000,1000
2093,33,betCent,10,0.521297770700637,0,9,None,66,1,5,False,1000,1000
2094,34,betCent,10,0.5715565286624203,0,9,None,66,1,5,False,1000,1000
2095,30,betCent,10,0.3046377388535032,0,13,None,66,1,5,False,1000,1000
2096,31,betCent,10,0.304140127388535,0,13,None,66,1,5,False,1000,1000
2097,32,betCent,10,0.3028463375796178,0,13,None,66,1,5,False,1000,1000
2098,33,betCent,10,0.301453025477707,0,13,None,66,1,5,False,1000,1000
2099,34,betCent,10,0.3006568471337579,0,13,None,66,1,5,False,1000,1000
2100,30,betCent,10,0.2684116242038216,0,28,None,66,1,5,False,1000,1000
2101,31,betCent,10,0.3474323248407643,0,28,None,66,1,5,False,1000,1000
2102,32,betCent,10,0.3730095541401274,0,28,None,66,1,5,False,1000,1000
2103,33,betCent,10,0.3538017515923566,0,28,None,66,1,5,False,1000,1000
2104,34,betCent,10,0.3115047770700637,0,28,None,66,1,5,False,1000,1000
2105,30,betCent,10,0.3051353503184713,0,23,None,66,1,5,False,1000,1000
2106,31,betCent,10,0.3263335987261146,0,23,None,66,1,5,False,1000,1000
2107,32,betCent,10,0.3331011146496815,0,23,None,66,1,5,False,1000,1000
2108,33,betCent,10,0.3352906050955414,0,23,None,66,1,5,False,1000,1000
2109,34,betCent,10,0.3356886942675159,0,23,None,66,1,5,False,1000,1000
2110,30,betCent,10,0.3218550955414013,0,29,None,66,1,5,False,1000,1000
2111,31,betCent,10,0.3152866242038216,0,29,None,66,1,5,False,1000,1000
2112,32,betCent,10,0.2884156050955414,0,29,None,66,1,5,False,1000,1000
2113,33,betCent,10,0.2577627388535032,0,29,None,66,1,5,False,1000,1000
2114,34,betCent,10,0.2576632165605095,0,29,None,66,1,5,False,1000,1000
2115,30,betCent,10,0.3823646496815286,0,19,None,66,1,5,False,1000,1000
2116,31,betCent,10,0.4095342356687898,0,19,None,66,1,5,False,1000,1000
2117,32,betCent,10,0.3506170382165605,0,19,None,66,1,5,False,1000,1000
2118,33,betCent,10,0.2928941082802547,0,19,None,66,1,5,False,1000,1000
2119,34,betCent,10,0.2861265923566879,0,19,None,66,1,5,False,1000,1000
2120,30,betCent,10,0.3744028662420382,0,8,None,66,1,5,False,1000,1000
2121,31,betCent,10,0.3913216560509554,0,8,None,66,1,5,False,1000,1000
2122,32,betCent,10,0.3232484076433121,0,8,None,66,1,5,False,1000,1000
2123,33,betCent,10,0.403264331210191,0,8,None,66,1,5,False,1000,1000
2124,34,betCent,10,0.4105294585987261,0,8,None,66,1,5,False,1000,1000
2125,30,betCent,10,0.3203622611464968,0,21,None,66,1,5,False,1000,1000
2126,31,betCent,10,0.3249402866242038,0,21,None,66,1,5,False,1000,1000
2127,32,betCent,10,0.3285230891719745,0,21,None,66,1,5,False,1000,1000
2128,33,betCent,10,0.3324044585987261,0,21,None,66,1,5,False,1000,1000
2129,34,betCent,10,0.3348925159235669,0,21,None,66,1,5,False,1000,1000
2130,35,betCent,10,0.3828622611464968,0,26,None,66,1,5,False,1000,1000
2131,36,betCent,10,0.4406847133757962,0,26,None,66,1,5,False,1000,1000
2132,37,betCent,10,0.4553144904458598,0,26,None,66,1,5,False,1000,1000
2133,38,betCent,10,0.4195859872611465,0,26,None,66,1,5,False,1000,1000
2134,39,betCent,10,0.3889331210191082,0,26,None,66,1,5,False,1000,1000
2135,35,betCent,10,0.4647691082802547,0,14,None,66,1,5,False,1000,1000
2136,36,betCent,10,0.4541202229299363,0,14,None,66,1,5,False,1000,1000
2137,37,betCent,10,0.4582006369426751,0,14,None,66,1,5,False,1000,1000
2138,38,betCent,10,0.4647691082802547,0,14,None,66,1,5,False,1000,1000
2139,39,betCent,10,0.4754179936305732,0,14,None,66,1,5,False,1000,1000
2140,30,betCent,10,0.2301950636942675,0,18,None,66,1,5,False,1000,1000
2141,31,betCent,10,0.2579617834394904,0,18,None,66,1,5,False,1000,1000
2142,32,betCent,10,0.2876194267515923,0,18,None,66,1,5,False,1000,1000
2143,33,betCent,10,0.3136942675159235,0,18,None,66,1,5,False,1000,1000
2144,34,betCent,10,0.3335987261146497,0,18,None,66,1,5,False,1000,1000
2145,30,betCent,10,0.3307125796178344,0,27,None,66,1,5,False,1000,1000
2146,31,betCent,10,0.3226512738853503,0,27,None,66,1,5,False,1000,1000
2147,32,betCent,10,0.2844347133757962,0,27,None,66,1,5,False,1000,1000
2148,33,betCent,10,0.2789609872611465,0,27,None,66,1,5,False,1000,1000
2149,34,betCent,10,0.2971735668789809,0,27,None,66,1,5,False,1000,1000
2150,30,betCent,10,0.3775875796178344,0,31,None,66,1,5,False,1000,1000
2151,31,betCent,10,0.3733081210191082,0,31,None,66,1,5,False,1000,1000
2152,32,betCent,10,0.3608678343949044,0,31,None,66,1,5,False,1000,1000
2153,33,betCent,10,0.3381767515923566,0,31,None,66,1,5,False,1000,1000
2154,34,betCent,10,0.3070262738853503,0,31,None,66,1,5,False,1000,1000
2155,35,betCent,10,0.3523089171974522,0,22,None,66,1,5,False,1000,1000
2156,36,betCent,10,0.3354896496815286,0,22,None,66,1,5,False,1000,1000
2157,37,betCent,10,0.3422571656050955,0,22,None,66,1,5,False,1000,1000
2158,38,betCent,10,0.4049562101910828,0,22,None,66,1,5,False,1000,1000
2159,39,betCent,10,0.3935111464968153,0,22,None,66,1,5,False,1000,1000
2160,35,betCent,10,0.3424562101910828,0,32,None,66,1,5,False,1000,1000
2161,36,betCent,10,0.3509156050955414,0,32,None,66,1,5,False,1000,1000
2162,37,betCent,10,0.3496218152866242,0,32,None,66,1,5,False,1000,1000
2163,38,betCent,10,0.3425557324840764,0,32,None,66,1,5,False,1000,1000
2164,39,betCent,10,0.3292197452229299,0,32,None,66,1,5,False,1000,1000
2165,35,betCent,10,0.4591958598726114,0,16,None,66,1,5,False,1000,1000
2166,36,betCent,10,0.507265127388535,0,16,None,66,1,5,False,1000,1000
2167,37,betCent,10,0.5311504777070064,0,16,None,66,1,5,False,1000,1000
2168,38,betCent,10,0.5440883757961783,0,16,None,66,1,5,False,1000,1000
2169,39,betCent,10,0.5595143312101911,0,16,None,66,1,5,False,1000,1000
2170,35,betCent,10,0.3452428343949044,0,19,None,66,1,5,False,1000,1000
2171,36,betCent,10,0.3700238853503185,0,19,None,66,1,5,False,1000,1000
2172,37,betCent,10,0.3853503184713376,0,19,None,66,1,5,False,1000,1000
2173,38,betCent,10,0.4046576433121019,0,19,None,66,1,5,False,1000,1000
2174,39,betCent,10,0.422671178343949,0,19,None,66,1,5,False,1000,1000
2175,35,betCent,10,0.3059315286624204,0,24,None,66,1,5,False,1000,1000
2176,36,betCent,10,0.3315087579617834,0,24,None,66,1,5,False,1000,1000
2177,37,betCent,10,0.4168988853503185,0,24,None,66,1,5,False,1000,1000
2178,38,betCent,10,0.4076433121019108,0,24,None,66,1,5,False,1000,1000
2179,39,betCent,10,0.4176950636942675,0,24,None,66,1,5,False,1000,1000
2180,35,betCent,10,0.359375,0,31,None,66,1,5,False,1000,1000
2181,36,betCent,10,0.3183718152866242,0,31,None,66,1,5,False,1000,1000
2182,37,betCent,10,0.2913017515923566,0,31,None,66,1,5,False,1000,1000
2183,38,betCent,10,0.2894108280254777,0,31,None,66,1,5,False,1000,1000
2184,39,betCent,10,0.2929936305732484,0,31,None,66,1,5,False,1000,1000
2185,35,betCent,10,0.3541003184713376,0,30,None,66,1,5,False,1000,1000
2186,36,betCent,10,0.3390724522292994,0,30,None,66,1,5,False,1000,1000
2187,37,betCent,10,0.3227507961783439,0,30,None,66,1,5,False,1000,1000
2188,38,betCent,10,0.308718152866242,0,30,None,66,1,5,False,1000,1000
2189,39,betCent,10,0.2965764331210191,0,30,None,66,1,5,False,1000,1000
2190,35,betCent,10,0.4635748407643312,0,6,None,66,1,5,False,1000,1000
2191,36,betCent,10,0.4860668789808917,0,6,None,66,1,5,False,1000,1000
2192,37,betCent,10,0.477109872611465,0,6,None,66,1,5,False,1000,1000
2193,38,betCent,10,0.5042794585987261,0,6,None,66,1,5,False,1000,1000
2194,39,betCent,10,0.4818869426751592,0,6,None,66,1,5,False,1000,1000
2195,35,betCent,10,0.4825835987261146,0,25,None,66,1,5,False,1000,1000
2196,36,betCent,10,0.4867635350318471,0,25,None,66,1,5,False,1000,1000
2197,37,betCent,10,0.4934315286624204,0,25,None,66,1,5,False,1000,1000
2198,38,betCent,10,0.5014928343949044,0,25,None,66,1,5,False,1000,1000
2199,39,betCent,10,0.5107484076433121,0,25,None,66,1,5,False,1000,1000
2200,35,betCent,10,0.2680135350318471,0,7,None,66,1,5,False,1000,1000
2201,36,betCent,10,0.3295183121019108,0,7,None,66,1,5,False,1000,1000
2202,37,betCent,10,0.3698248407643312,0,7,None,66,1,5,False,1000,1000
2203,38,betCent,10,0.3946058917197452,0,7,None,66,1,5,False,1000,1000
2204,39,betCent,10,0.3826632165605095,0,7,None,66,1,5,False,1000,1000
2205,35,betCent,10,0.3236464968152866,0,10,None,66,1,5,False,1000,1000
2206,36,betCent,10,0.3260350318471338,0,10,None,66,1,5,False,1000,1000
2207,37,betCent,10,0.3673367834394904,0,10,None,66,1,5,False,1000,1000
2208,38,betCent,10,0.3831608280254777,0,10,None,66,1,5,False,1000,1000
2209,39,betCent,10,0.4090366242038216,0,10,None,66,1,5,False,1000,1000
2210,35,betCent,10,0.1948646496815286,0,11,None,66,1,5,False,1000,1000
2211,36,betCent,10,0.1949641719745223,0,11,None,66,1,5,False,1000,1000
2212,37,betCent,10,0.1975517515923567,0,11,None,66,1,5,False,1000,1000
2213,38,betCent,10,0.2292993630573248,0,11,None,66,1,5,False,1000,1000
2214,39,betCent,10,0.290406050955414,0,11,None,66,1,5,False,1000,1000
2215,35,betCent,10,0.3651472929936306,0,12,None,66,1,5,False,1000,1000
2216,36,betCent,10,0.3568869426751592,0,12,None,66,1,5,False,1000,1000
2217,37,betCent,10,0.2897093949044586,0,12,None,66,1,5,False,1000,1000
2218,38,betCent,10,0.2936902866242038,0,12,None,66,1,5,False,1000,1000
2219,39,betCent,10,0.3979896496815286,0,12,None,66,1,5,False,1000,1000
2220,35,betCent,10,0.2348726114649681,0,15,None,66,1,5,False,1000,1000
2221,36,betCent,10,0.2961783439490446,0,15,None,66,1,5,False,1000,1000
2222,37,betCent,10,0.3489251592356688,0,15,None,66,1,5,False,1000,1000
2223,38,betCent,10,0.4247611464968153,0,15,None,66,1,5,False,1000,1000
2224,39,betCent,10,0.3778861464968153,0,15,None,66,1,5,False,1000,1000
2225,35,betCent,10,0.2079020700636942,0,17,None,66,1,5,False,1000,1000
2226,36,betCent,10,0.2229299363057325,0,17,None,66,1,5,False,1000,1000
2227,37,betCent,10,0.2444267515923567,0,17,None,66,1,5,False,1000,1000
2228,38,betCent,10,0.2726910828025478,0,17,None,66,1,5,False,1000,1000
2229,39,betCent,10,0.300358280254777,0,17,None,66,1,5,False,1000,1000
2230,35,betCent,10,0.1948646496815286,0,20,None,66,1,5,False,1000,1000
2231,36,betCent,10,0.1948646496815286,0,20,None,66,1,5,False,1000,1000
2232,37,betCent,10,0.1949641719745223,0,20,None,66,1,5,False,1000,1000
2233,38,betCent,10,0.1949641719745223,0,20,None,66,1,5,False,1000,1000
2234,39,betCent,10,0.1950636942675159,0,20,None,66,1,5,False,1000,1000
2235,35,betCent,10,0.366640127388535,0,18,None,66,1,5,False,1000,1000
2236,36,betCent,10,0.3875398089171974,0,18,None,66,1,5,False,1000,1000
2237,37,betCent,10,0.3775875796178344,0,18,None,66,1,5,False,1000,1000
2238,38,betCent,10,0.3544984076433121,0,18,None,66,1,5,False,1000,1000
2239,39,betCent,10,0.3249402866242038,0,18,None,66,1,5,False,1000,1000
2240,35,betCent,10,0.3585788216560509,0,1,None,66,1,5,False,1000,1000
2241,36,betCent,10,0.3478304140127388,0,1,None,66,1,5,False,1000,1000
2242,37,betCent,10,0.3260350318471338,0,1,None,66,1,5,False,1000,1000
2243,38,betCent,10,0.3294187898089172,0,1,None,66,1,5,False,1000,1000
2244,39,betCent,10,0.3486265923566879,0,1,None,66,1,5,False,1000,1000
2245,35,betCent,10,0.3258359872611465,0,2,None,66,1,5,False,1000,1000
2246,36,betCent,10,0.3376791401273885,0,2,None,66,1,5,False,1000,1000
2247,37,betCent,10,0.3455414012738853,0,2,None,66,1,5,False,1000,1000
2248,38,betCent,10,0.3485270700636942,0,2,None,66,1,5,False,1000,1000
2249,39,betCent,10,0.3498208598726114,0,2,None,66,1,5,False,1000,1000
2250,35,betCent,10,0.3785828025477707,0,0,None,66,1,5,False,1000,1000
2251,36,betCent,10,0.3623606687898089,0,0,None,66,1,5,False,1000,1000
2252,37,betCent,10,0.352109872611465,0,0,None,66,1,5,False,1000,1000
2253,38,betCent,10,0.3425557324840764,0,0,None,66,1,5,False,1000,1000
2254,39,betCent,10,0.3330015923566879,0,0,None,66,1,5,False,1000,1000
2255,35,betCent,10,0.3321058917197452,0,4,None,66,1,5,False,1000,1000
2256,36,betCent,10,0.354796974522293,0,4,None,66,1,5,False,1000,1000
2257,37,betCent,10,0.3682324840764331,0,4,None,66,1,5,False,1000,1000
2258,38,betCent,10,0.3746019108280254,0,4,None,66,1,5,False,1000,1000
2259,39,betCent,10,0.3772890127388535,0,4,None,66,1,5,False,1000,1000
2260,35,betCent,10,0.252687101910828,0,3,None,66,1,5,False,1000,1000
2261,36,betCent,10,0.2307921974522293,0,3,None,66,1,5,False,1000,1000
2262,37,betCent,10,0.2156648089171974,0,3,None,66,1,5,False,1000,1000
2263,38,betCent,10,0.2053144904458598,0,3,None,66,1,5,False,1000,1000
2264,39,betCent,10,0.1996417197452229,0,3,None,66,1,5,False,1000,1000
2265,35,betCent,10,0.4394904458598726,0,5,None,66,1,5,False,1000,1000
2266,36,betCent,10,0.4263535031847134,0,5,None,66,1,5,False,1000,1000
2267,37,betCent,10,0.4675557324840764,0,5,None,66,1,5,False,1000,1000
2268,38,betCent,10,0.4433718152866242,0,5,None,66,1,5,False,1000,1000
2269,39,betCent,10,0.4185907643312102,0,5,None,66,1,5,False,1000,1000
2270,35,betCent,10,0.3821656050955414,0,8,None,66,1,5,False,1000,1000
2271,36,betCent,10,0.3595740445859872,0,8,None,66,1,5,False,1000,1000
2272,37,betCent,10,0.4046576433121019,0,8,None,66,1,5,False,1000,1000
2273,38,betCent,10,0.4161027070063694,0,8,None,66,1,5,False,1000,1000
2274,39,betCent,10,0.422671178343949,0,8,None,66,1,5,False,1000,1000
2275,35,betCent,10,0.3805732484076433,0,13,None,66,1,5,False,1000,1000
2276,36,betCent,10,0.3805732484076433,0,13,None,66,1,5,False,1000,1000
2277,37,betCent,10,0.3800756369426751,0,13,None,66,1,5,False,1000,1000
2278,38,betCent,10,0.3804737261146497,0,13,None,66,1,5,False,1000,1000
2279,39,betCent,10,0.3813694267515923,0,13,None,66,1,5,False,1000,1000
2280,35,betCent,10,0.4187898089171974,0,9,None,66,1,5,False,1000,1000
2281,36,betCent,10,0.4286425159235669,0,9,None,66,1,5,False,1000,1000
2282,37,betCent,10,0.4982085987261146,0,9,None,66,1,5,False,1000,1000
2283,38,betCent,10,0.5629976114649682,0,9,None,66,1,5,False,1000,1000
2284,39,betCent,10,0.5928542993630573,0,9,None,66,1,5,False,1000,1000
2285,35,betCent,10,0.3900278662420382,0,23,None,66,1,5,False,1000,1000
2286,36,betCent,10,0.3787818471337579,0,23,None,66,1,5,False,1000,1000
2287,37,betCent,10,0.349124203821656,0,23,None,66,1,5,False,1000,1000
2288,38,betCent,10,0.3158837579617834,0,23,None,66,1,5,False,1000,1000
2289,39,betCent,10,0.3039410828025478,0,23,None,66,1,5,False,1000,1000
2290,35,betCent,10,0.3948049363057325,0,21,None,66,1,5,False,1000,1000
2291,36,betCent,10,0.3808718152866242,0,21,None,66,1,5,False,1000,1000
2292,37,betCent,10,0.3821656050955414,0,21,None,66,1,5,False,1000,1000
2293,38,betCent,10,0.3832603503184713,0,21,None,66,1,5,False,1000,1000
2294,39,betCent,10,0.3801751592356688,0,21,None,66,1,5,False,1000,1000
2295,35,betCent,10,0.3898288216560509,0,28,None,66,1,5,False,1000,1000
2296,36,betCent,10,0.3433519108280254,0,28,None,66,1,5,False,1000,1000
2297,37,betCent,10,0.2916998407643312,0,28,None,66,1,5,False,1000,1000
2298,38,betCent,10,0.2911027070063694,0,28,None,66,1,5,False,1000,1000
2299,39,betCent,10,0.3326035031847134,0,28,None,66,1,5,False,1000,1000
2300,35,betCent,10,0.3215565286624204,0,27,None,66,1,5,False,1000,1000
2301,36,betCent,10,0.2887141719745223,0,27,None,66,1,5,False,1000,1000
2302,37,betCent,10,0.3116042993630573,0,27,None,66,1,5,False,1000,1000
2303,38,betCent,10,0.4105294585987261,0,27,None,66,1,5,False,1000,1000
2304,39,betCent,10,0.3937101910828025,0,27,None,66,1,5,False,1000,1000
2305,35,betCent,10,0.3945063694267516,0,29,None,66,1,5,False,1000,1000
2306,36,betCent,10,0.3467356687898089,0,29,None,66,1,5,False,1000,1000
2307,37,betCent,10,0.3115047770700637,0,29,None,66,1,5,False,1000,1000
2308,38,betCent,10,0.3010549363057325,0,29,None,66,1,5,False,1000,1000
2309,39,betCent,10,0.2914012738853503,0,29,None,66,1,5,False,1000,1000
2310,40,betCent,10,0.3008558917197452,0,1,None,66,1,5,False,1000,1000
2311,41,betCent,10,0.3188694267515923,0,1,None,66,1,5,False,1000,1000
2312,42,betCent,10,0.3489251592356688,0,1,None,66,1,5,False,1000,1000
2313,43,betCent,10,0.3694267515923566,0,1,None,66,1,5,False,1000,1000
2314,44,betCent,10,0.4418789808917197,0,1,None,66,1,5,False,1000,1000
2315,40,betCent,10,0.3725119426751592,0,23,None,66,1,5,False,1000,1000
2316,41,betCent,10,0.3274283439490446,0,23,None,66,1,5,False,1000,1000
2317,42,betCent,10,0.3146894904458598,0,23,None,66,1,5,False,1000,1000
2318,43,betCent,10,0.3163813694267516,0,23,None,66,1,5,False,1000,1000
2319,44,betCent,10,0.3238455414012738,0,23,None,66,1,5,False,1000,1000
2320,40,betCent,10,0.3307125796178344,0,28,None,66,1,5,False,1000,1000
2321,41,betCent,10,0.2972730891719745,0,28,None,66,1,5,False,1000,1000
2322,42,betCent,10,0.3447452229299363,0,28,None,66,1,5,False,1000,1000
2323,43,betCent,10,0.3916202229299363,0,28,None,66,1,5,False,1000,1000
2324,44,betCent,10,0.4203821656050955,0,28,None,66,1,5,False,1000,1000
2325,40,betCent,10,0.3584792993630573,0,29,None,66,1,5,False,1000,1000
2326,41,betCent,10,0.3119028662420382,0,29,None,66,1,5,False,1000,1000
2327,42,betCent,10,0.2991640127388535,0,29,None,66,1,5,False,1000,1000
2328,43,betCent,10,0.293093152866242,0,29,None,66,1,5,False,1000,1000
2329,44,betCent,10,0.2893113057324841,0,29,None,66,1,5,False,1000,1000
2330,40,betCent,10,0.2236265923566879,0,20,None,66,1,5,False,1000,1000
2331,41,betCent,10,0.2267117834394904,0,20,None,66,1,5,False,1000,1000
2332,42,betCent,10,0.2300955414012739,0,20,None,66,1,5,False,1000,1000
2333,43,betCent,10,0.2315883757961783,0,20,None,66,1,5,False,1000,1000
2334,44,betCent,10,0.2330812101910828,0,20,None,66,1,5,False,1000,1000
2335,40,betCent,10,0.3888335987261146,0,4,None,66,1,5,False,1000,1000
2336,41,betCent,10,0.3939092356687898,0,4,None,66,1,5,False,1000,1000
2337,42,betCent,10,0.387639331210191,0,4,None,66,1,5,False,1000,1000
2338,43,betCent,10,0.3779856687898089,0,4,None,66,1,5,False,1000,1000
2339,44,betCent,10,0.3698248407643312,0,4,None,66,1,5,False,1000,1000
2340,40,betCent,10,0.2852308917197452,0,15,None,66,1,5,False,1000,1000
2341,41,betCent,10,0.3481289808917197,0,15,None,66,1,5,False,1000,1000
2342,42,betCent,10,0.4348128980891719,0,15,None,66,1,5,False,1000,1000
2343,43,betCent,10,0.3646496815286624,0,15,None,66,1,5,False,1000,1000
2344,44,betCent,10,0.3388734076433121,0,15,None,66,1,5,False,1000,1000
2345,40,betCent,10,0.3350915605095541,0,10,None,66,1,5,False,1000,1000
2346,41,betCent,10,0.3834593949044586,0,10,None,66,1,5,False,1000,1000
2347,42,betCent,10,0.3908240445859872,0,10,None,66,1,5,False,1000,1000
2348,43,betCent,10,0.4160031847133758,0,10,None,66,1,5,False,1000,1000
2349,44,betCent,10,0.4412818471337579,0,10,None,66,1,5,False,1000,1000
2350,40,betCent,10,0.4007762738853503,0,13,None,66,1,5,False,1000,1000
2351,41,betCent,10,0.3981886942675159,0,13,None,66,1,5,False,1000,1000
2352,42,betCent,10,0.3943073248407643,0,13,None,66,1,5,False,1000,1000
2353,43,betCent,10,0.38953025477707,0,13,None,66,1,5,False,1000,1000
2354,44,betCent,10,0.3866441082802547,0,13,None,66,1,5,False,1000,1000
2355,40,betCent,10,0.4184912420382166,0,26,None,66,1,5,False,1000,1000
2356,41,betCent,10,0.4065485668789809,0,26,None,66,1,5,False,1000,1000
2357,42,betCent,10,0.3818670382165605,0,26,None,66,1,5,False,1000,1000
2358,43,betCent,10,0.3665406050955414,0,26,None,66,1,5,False,1000,1000
2359,44,betCent,10,0.3603702229299363,0,26,None,66,1,5,False,1000,1000
2360,40,betCent,10,0.2085987261146497,0,11,None,66,1,5,False,1000,1000
2361,41,betCent,10,0.2310907643312102,0,11,None,66,1,5,False,1000,1000
2362,42,betCent,10,0.2536823248407643,0,11,None,66,1,5,False,1000,1000
2363,43,betCent,10,0.2878184713375796,0,11,None,66,1,5,False,1000,1000
2364,44,betCent,10,0.3299164012738853,0,11,None,66,1,5,False,1000,1000
2365,40,betCent,10,0.4143113057324841,0,19,None,66,1,5,False,1000,1000
2366,41,betCent,10,0.4186902866242038,0,19,None,66,1,5,False,1000,1000
2367,42,betCent,10,0.4429737261146497,0,19,None,66,1,5,False,1000,1000
2368,43,betCent,10,0.4789012738853503,0,19,None,66,1,5,False,1000,1000
2369,44,betCent,10,0.5069665605095541,0,19,None,66,1,5,False,1000,1000
2370,40,betCent,10,0.5391122611464968,0,25,None,66,1,5,False,1000,1000
2371,41,betCent,10,0.551453025477707,0,25,None,66,1,5,False,1000,1000
2372,42,betCent,10,0.5585191082802548,0,25,None,66,1,5,False,1000,1000
2373,43,betCent,10,0.5623009554140127,0,25,None,66,1,5,False,1000,1000
2374,44,betCent,10,0.5652866242038217,0,25,None,66,1,5,False,1000,1000
2375,40,betCent,10,0.3998805732484076,0,12,None,66,1,5,False,1000,1000
2376,41,betCent,10,0.3293192675159235,0,12,None,66,1,5,False,1000,1000
2377,42,betCent,10,0.3853503184713376,0,12,None,66,1,5,False,1000,1000
2378,43,betCent,10,0.4112261146496815,0,12,None,66,1,5,False,1000,1000
2379,44,betCent,10,0.4268511146496815,0,12,None,66,1,5,False,1000,1000
2380,40,betCent,10,0.4757165605095541,0,14,None,66,1,5,False,1000,1000
2381,41,betCent,10,0.4834792993630573,0,14,None,66,1,5,False,1000,1000
2382,42,betCent,10,0.5017914012738853,0,14,None,66,1,5,False,1000,1000
2383,43,betCent,10,0.5213972929936306,0,14,None,66,1,5,False,1000,1000
2384,44,betCent,10,0.5356289808917197,0,14,None,66,1,5,False,1000,1000
2385,40,betCent,10,0.4124203821656051,0,9,None,66,1,5,False,1000,1000
2386,41,betCent,10,0.4548168789808917,0,9,None,66,1,5,False,1000,1000
2387,42,betCent,10,0.546875,0,9,None,66,1,5,False,1000,1000
2388,43,betCent,10,0.5822054140127388,0,9,None,66,1,5,False,1000,1000
2389,44,betCent,10,0.6039012738853503,0,9,None,66,1,5,False,1000,1000
2390,40,betCent,10,0.3554936305732484,0,22,None,66,1,5,False,1000,1000
2391,41,betCent,10,0.3884355095541401,0,22,None,66,1,5,False,1000,1000
2392,42,betCent,10,0.4102308917197452,0,22,None,66,1,5,False,1000,1000
2393,43,betCent,10,0.3863455414012738,0,22,None,66,1,5,False,1000,1000
2394,44,betCent,10,0.388734076433121,0,22,None,66,1,5,False,1000,1000
2395,40,betCent,10,0.238953025477707,0,17,None,66,1,5,False,1000,1000
2396,41,betCent,10,0.2808519108280254,0,17,None,66,1,5,False,1000,1000
2397,42,betCent,10,0.3138933121019108,0,17,None,66,1,5,False,1000,1000
2398,43,betCent,10,0.333499203821656,0,17,None,66,1,5,False,1000,1000
2399,44,betCent,10,0.3468351910828025,0,17,None,66,1,5,False,1000,1000
2400,40,betCent,10,0.4069466560509554,0,21,None,66,1,5,False,1000,1000
2401,41,betCent,10,0.4076433121019108,0,21,None,66,1,5,False,1000,1000
2402,42,betCent,10,0.3830613057324841,0,21,None,66,1,5,False,1000,1000
2403,43,betCent,10,0.3734076433121019,0,21,None,66,1,5,False,1000,1000
2404,44,betCent,10,0.363953025477707,0,21,None,66,1,5,False,1000,1000
2405,40,betCent,10,0.3855493630573248,0,2,None,66,1,5,False,1000,1000
2406,41,betCent,10,0.3915207006369426,0,2,None,66,1,5,False,1000,1000
2407,42,betCent,10,0.3966958598726114,0,2,None,66,1,5,False,1000,1000
2408,43,betCent,10,0.3958001592356688,0,2,None,66,1,5,False,1000,1000
2409,44,betCent,10,0.3965963375796178,0,2,None,66,1,5,False,1000,1000
2410,40,betCent,10,0.3493232484076433,0,18,None,66,1,5,False,1000,1000
2411,41,betCent,10,0.3651472929936306,0,18,None,66,1,5,False,1000,1000
2412,42,betCent,10,0.3627587579617834,0,18,None,66,1,5,False,1000,1000
2413,43,betCent,10,0.3453423566878981,0,18,None,66,1,5,False,1000,1000
2414,44,betCent,10,0.3267316878980891,0,18,None,66,1,5,False,1000,1000
2415,40,betCent,10,0.4019705414012738,0,5,None,66,1,5,False,1000,1000
2416,41,betCent,10,0.4679538216560509,0,5,None,66,1,5,False,1000,1000
2417,42,betCent,10,0.4197850318471338,0,5,None,66,1,5,False,1000,1000
2418,43,betCent,10,0.4194864649681528,0,5,None,66,1,5,False,1000,1000
2419,44,betCent,10,0.4518312101910828,0,5,None,66,1,5,False,1000,1000
2420,40,betCent,10,0.4177945859872611,0,24,None,66,1,5,False,1000,1000
2421,41,betCent,10,0.4137141719745223,0,24,None,66,1,5,False,1000,1000
2422,42,betCent,10,0.4214769108280254,0,24,None,66,1,5,False,1000,1000
2423,43,betCent,10,0.4299363057324841,0,24,None,66,1,5,False,1000,1000
2424,44,betCent,10,0.4412818471337579,0,24,None,66,1,5,False,1000,1000
2425,40,betCent,10,0.3571855095541401,0,0,None,66,1,5,False,1000,1000
2426,41,betCent,10,0.3236464968152866,0,0,None,66,1,5,False,1000,1000
2427,42,betCent,10,0.3011544585987261,0,0,None,66,1,5,False,1000,1000
2428,43,betCent,10,0.2947850318471338,0,0,None,66,1,5,False,1000,1000
2429,44,betCent,10,0.2984673566878981,0,0,None,66,1,5,False,1000,1000
2430,40,betCent,10,0.310609076433121,0,27,None,66,1,5,False,1000,1000
2431,41,betCent,10,0.4104299363057325,0,27,None,66,1,5,False,1000,1000
2432,42,betCent,10,0.3993829617834395,0,27,None,66,1,5,False,1000,1000
2433,43,betCent,10,0.412718949044586,0,27,None,66,1,5,False,1000,1000
2434,44,betCent,10,0.4330214968152866,0,27,None,66,1,5,False,1000,1000
2435,40,betCent,10,0.3525079617834395,0,30,None,66,1,5,False,1000,1000
2436,41,betCent,10,0.3323049363057325,0,30,None,66,1,5,False,1000,1000
2437,42,betCent,10,0.3176751592356688,0,30,None,66,1,5,False,1000,1000
2438,43,betCent,10,0.3065286624203822,0,30,None,66,1,5,False,1000,1000
2439,44,betCent,10,0.2964769108280254,0,30,None,66,1,5,False,1000,1000
2440,40,betCent,10,0.3451433121019108,0,31,None,66,1,5,False,1000,1000
2441,41,betCent,10,0.3793789808917197,0,31,None,66,1,5,False,1000,1000
2442,42,betCent,10,0.375,0,31,None,66,1,5,False,1000,1000
2443,43,betCent,10,0.3880374203821656,0,31,None,66,1,5,False,1000,1000
2444,44,betCent,10,0.4015724522292994,0,31,None,66,1,5,False,1000,1000
2445,40,betCent,10,0.4743232484076433,0,6,None,66,1,5,False,1000,1000
2446,41,betCent,10,0.4293391719745223,0,6,None,66,1,5,False,1000,1000
2447,42,betCent,10,0.4277468152866242,0,6,None,66,1,5,False,1000,1000
2448,43,betCent,10,0.4286425159235669,0,6,None,66,1,5,False,1000,1000
2449,44,betCent,10,0.4285429936305732,0,6,None,66,1,5,False,1000,1000
2450,40,betCent,10,0.3744028662420382,0,32,None,66,1,5,False,1000,1000
2451,41,betCent,10,0.3546974522292994,0,32,None,66,1,5,False,1000,1000
2452,42,betCent,10,0.3414609872611465,0,32,None,66,1,5,False,1000,1000
2453,43,betCent,10,0.3302149681528662,0,32,None,66,1,5,False,1000,1000
2454,44,betCent,10,0.3250398089171974,0,32,None,66,1,5,False,1000,1000
2455,40,betCent,10,0.3640525477707006,0,3,None,66,1,5,False,1000,1000
2456,41,betCent,10,0.3347929936305732,0,3,None,66,1,5,False,1000,1000
2457,42,betCent,10,0.3109076433121019,0,3,None,66,1,5,False,1000,1000
2458,43,betCent,10,0.2918988853503185,0,3,None,66,1,5,False,1000,1000
2459,44,betCent,10,0.2716958598726114,0,3,None,66,1,5,False,1000,1000
2460,40,betCent,10,0.3452428343949044,0,7,None,66,1,5,False,1000,1000
2461,41,betCent,10,0.3725119426751592,0,7,None,66,1,5,False,1000,1000
2462,42,betCent,10,0.3800756369426751,0,7,None,66,1,5,False,1000,1000
2463,43,betCent,10,0.3551950636942675,0,7,None,66,1,5,False,1000,1000
2464,44,betCent,10,0.3221536624203822,0,7,None,66,1,5,False,1000,1000
2465,40,betCent,10,0.4289410828025478,0,8,None,66,1,5,False,1000,1000
2466,41,betCent,10,0.4111265923566879,0,8,None,66,1,5,False,1000,1000
2467,42,betCent,10,0.4222730891719745,0,8,None,66,1,5,False,1000,1000
2468,43,betCent,10,0.4312300955414013,0,8,None,66,1,5,False,1000,1000
2469,44,betCent,10,0.457703025477707,0,8,None,66,1,5,False,1000,1000
2470,40,betCent,10,0.512937898089172,0,16,None,66,1,5,False,1000,1000
2471,41,betCent,10,0.535031847133758,0,16,None,66,1,5,False,1000,1000
2472,42,betCent,10,0.5478702229299363,0,16,None,66,1,5,False,1000,1000
2473,43,betCent,10,0.5631966560509554,0,16,None,66,1,5,False,1000,1000
2474,44,betCent,10,0.578125,0,16,None,66,1,5,False,1000,1000
2475,45,betCent,10,0.4300358280254777,0,24,None,66,1,5,False,1000,1000
2476,46,betCent,10,0.4380971337579618,0,24,None,66,1,5,False,1000,1000
2477,47,betCent,10,0.4578025477707006,0,24,None,66,1,5,False,1000,1000
2478,48,betCent,10,0.4857683121019108,0,24,None,66,1,5,False,1000,1000
2479,49,betCent,10,0.5089570063694268,0,24,None,66,1,5,False,1000,1000
2480,45,betCent,10,0.4088375796178344,0,15,None,66,1,5,False,1000,1000
2481,46,betCent,10,0.3694267515923566,0,15,None,66,1,5,False,1000,1000
2482,47,betCent,10,0.3386743630573248,0,15,None,66,1,5,False,1000,1000
2483,48,betCent,10,0.3274283439490446,0,15,None,66,1,5,False,1000,1000
2484,49,betCent,10,0.3313097133757962,0,15,None,66,1,5,False,1000,1000
2485,45,betCent,10,0.4029657643312102,0,30,None,66,1,5,False,1000,1000
2486,46,betCent,10,0.3280254777070063,0,30,None,66,1,5,False,1000,1000
2487,47,betCent,10,0.3169785031847134,0,30,None,66,1,5,False,1000,1000
2488,48,betCent,10,0.3111066878980891,0,30,None,66,1,5,False,1000,1000
2489,49,betCent,10,0.3066281847133758,0,30,None,66,1,5,False,1000,1000
2490,45,betCent,10,0.5275676751592356,0,14,None,66,1,5,False,1000,1000
2491,46,betCent,10,0.5433917197452229,0,14,None,66,1,5,False,1000,1000
2492,47,betCent,10,0.5602109872611465,0,14,None,66,1,5,False,1000,1000
2493,48,betCent,10,0.569765127388535,0,14,None,66,1,5,False,1000,1000
2494,49,betCent,10,0.5804140127388535,0,14,None,66,1,5,False,1000,1000
2495,45,betCent,10,0.3466361464968153,0,1,None,66,1,5,False,1000,1000
2496,46,betCent,10,0.444765127388535,0,1,None,66,1,5,False,1000,1000
2497,47,betCent,10,0.4442675159235669,0,1,None,66,1,5,False,1000,1000
2498,48,betCent,10,0.4416799363057325,0,1,None,66,1,5,False,1000,1000
2499,49,betCent,10,0.4427746815286624,0,1,None,66,1,5,False,1000,1000
2500,45,betCent,10,0.3453423566878981,0,2,None,66,1,5,False,1000,1000
2501,46,betCent,10,0.3461385350318471,0,2,None,66,1,5,False,1000,1000
2502,47,betCent,10,0.3460390127388535,0,2,None,66,1,5,False,1000,1000
2503,48,betCent,10,0.3452428343949044,0,2,None,66,1,5,False,1000,1000
2504,49,betCent,10,0.3462380573248407,0,2,None,66,1,5,False,1000,1000
2505,45,betCent,10,0.435609076433121,0,5,None,66,1,5,False,1000,1000
2506,46,betCent,10,0.4117237261146497,0,5,None,66,1,5,False,1000,1000
2507,47,betCent,10,0.4186902866242038,0,5,None,66,1,5,False,1000,1000
2508,48,betCent,10,0.4553144904458598,0,5,None,66,1,5,False,1000,1000
2509,49,betCent,10,0.4899482484076433,0,5,None,66,1,5,False,1000,1000
2510,45,betCent,10,0.4205812101910828,0,9,None,66,1,5,False,1000,1000
2511,46,betCent,10,0.497014331210191,0,9,None,66,1,5,False,1000,1000
2512,47,betCent,10,0.5629976114649682,0,9,None,66,1,5,False,1000,1000
2513,48,betCent,10,0.5930533439490446,0,9,None,66,1,5,False,1000,1000
2514,49,betCent,10,0.6090764331210191,0,9,None,66,1,5,False,1000,1000
2515,45,betCent,10,0.4088375796178344,0,27,None,66,1,5,False,1000,1000
2516,46,betCent,10,0.4087380573248407,0,27,None,66,1,5,False,1000,1000
2517,47,betCent,10,0.4275477707006369,0,27,None,66,1,5,False,1000,1000
2518,48,betCent,10,0.4426751592356688,0,27,None,66,1,5,False,1000,1000
2519,49,betCent,10,0.451234076433121,0,27,None,66,1,5,False,1000,1000
2520,45,betCent,10,0.291202229299363,0,28,None,66,1,5,False,1000,1000
2521,46,betCent,10,0.3390724522292994,0,28,None,66,1,5,False,1000,1000
2522,47,betCent,10,0.3917197452229299,0,28,None,66,1,5,False,1000,1000
2523,48,betCent,10,0.4225716560509554,0,28,None,66,1,5,False,1000,1000
2524,49,betCent,10,0.4457603503184713,0,28,None,66,1,5,False,1000,1000
2525,45,betCent,10,0.3206608280254777,0,29,None,66,1,5,False,1000,1000
2526,46,betCent,10,0.3708200636942675,0,29,None,66,1,5,False,1000,1000
2527,47,betCent,10,0.3879378980891719,0,29,None,66,1,5,False,1000,1000
2528,48,betCent,10,0.3854498407643312,0,29,None,66,1,5,False,1000,1000
2529,49,betCent,10,0.3756966560509554,0,29,None,66,1,5,False,1000,1000
2530,45,betCent,10,0.386046974522293,0,31,None,66,1,5,False,1000,1000
2531,46,betCent,10,0.3790804140127388,0,31,None,66,1,5,False,1000,1000
2532,47,betCent,10,0.392515923566879,0,31,None,66,1,5,False,1000,1000
2533,48,betCent,10,0.4077428343949044,0,31,None,66,1,5,False,1000,1000
2534,49,betCent,10,0.4235668789808917,0,31,None,66,1,5,False,1000,1000
2535,45,betCent,10,0.367734872611465,0,18,None,66,1,5,False,1000,1000
2536,46,betCent,10,0.3531050955414013,0,18,None,66,1,5,False,1000,1000
2537,47,betCent,10,0.3328025477707006,0,18,None,66,1,5,False,1000,1000
2538,48,betCent,10,0.3176751592356688,0,18,None,66,1,5,False,1000,1000
2539,49,betCent,10,0.3196656050955414,0,18,None,66,1,5,False,1000,1000
2540,45,betCent,10,0.4427746815286624,0,19,None,66,1,5,False,1000,1000
2541,46,betCent,10,0.4745222929936306,0,19,None,66,1,5,False,1000,1000
2542,47,betCent,10,0.5058718152866242,0,19,None,66,1,5,False,1000,1000
2543,48,betCent,10,0.5262738853503185,0,19,None,66,1,5,False,1000,1000
2544,49,betCent,10,0.5387141719745223,0,19,None,66,1,5,False,1000,1000
2545,45,betCent,10,0.3062300955414013,0,21,None,66,1,5,False,1000,1000
2546,46,betCent,10,0.3101114649681528,0,21,None,66,1,5,False,1000,1000
2547,47,betCent,10,0.315187101910828,0,21,None,66,1,5,False,1000,1000
2548,48,betCent,10,0.3206608280254777,0,21,None,66,1,5,False,1000,1000
2549,49,betCent,10,0.3252388535031847,0,21,None,66,1,5,False,1000,1000
2550,45,betCent,10,0.3049363057324841,0,13,None,66,1,5,False,1000,1000
2551,46,betCent,10,0.3048367834394904,0,13,None,66,1,5,False,1000,1000
2552,47,betCent,10,0.3057324840764331,0,13,None,66,1,5,False,1000,1000
2553,48,betCent,10,0.3074243630573248,0,13,None,66,1,5,False,1000,1000
2554,49,betCent,10,0.3101114649681528,0,13,None,66,1,5,False,1000,1000
2555,45,betCent,10,0.4357085987261146,0,12,None,66,1,5,False,1000,1000
2556,46,betCent,10,0.409733280254777,0,12,None,66,1,5,False,1000,1000
2557,47,betCent,10,0.4200835987261146,0,12,None,66,1,5,False,1000,1000
2558,48,betCent,10,0.434514331210191,0,12,None,66,1,5,False,1000,1000
2559,49,betCent,10,0.4491441082802547,0,12,None,66,1,5,False,1000,1000
2560,45,betCent,10,0.5779259554140127,0,25,None,66,1,5,False,1000,1000
2561,46,betCent,10,0.5817078025477707,0,25,None,66,1,5,False,1000,1000
2562,47,betCent,10,0.5850915605095541,0,25,None,66,1,5,False,1000,1000
2563,48,betCent,10,0.5867834394904459,0,25,None,66,1,5,False,1000,1000
2564,49,betCent,10,0.5883757961783439,0,25,None,66,1,5,False,1000,1000
2565,45,betCent,10,0.4173964968152866,0,26,None,66,1,5,False,1000,1000
2566,46,betCent,10,0.4119227707006369,0,26,None,66,1,5,False,1000,1000
2567,47,betCent,10,0.4083399681528662,0,26,None,66,1,5,False,1000,1000
2568,48,betCent,10,0.4076433121019108,0,26,None,66,1,5,False,1000,1000
2569,49,betCent,10,0.4104299363057325,0,26,None,66,1,5,False,1000,1000
2570,45,betCent,10,0.3038415605095541,0,11,None,66,1,5,False,1000,1000
2571,46,betCent,10,0.3425557324840764,0,11,None,66,1,5,False,1000,1000
2572,47,betCent,10,0.3734076433121019,0,11,None,66,1,5,False,1000,1000
2573,48,betCent,10,0.3623606687898089,0,11,None,66,1,5,False,1000,1000
2574,49,betCent,10,0.332703025477707,0,11,None,66,1,5,False,1000,1000
2575,45,betCent,10,0.3412619426751592,0,17,None,66,1,5,False,1000,1000
2576,46,betCent,10,0.3493232484076433,0,17,None,66,1,5,False,1000,1000
2577,47,betCent,10,0.3597730891719745,0,17,None,66,1,5,False,1000,1000
2578,48,betCent,10,0.404359076433121,0,17,None,66,1,5,False,1000,1000
2579,49,betCent,10,0.3863455414012738,0,17,None,66,1,5,False,1000,1000
2580,45,betCent,10,0.5399084394904459,0,16,None,66,1,5,False,1000,1000
2581,46,betCent,10,0.5512539808917197,0,16,None,66,1,5,False,1000,1000
2582,47,betCent,10,0.5678742038216561,0,16,None,66,1,5,False,1000,1000
2583,48,betCent,10,0.5842953821656051,0,16,None,66,1,5,False,1000,1000
2584,49,betCent,10,0.6017117834394905,0,16,None,66,1,5,False,1000,1000
2585,45,betCent,10,0.3488256369426751,0,7,None,66,1,5,False,1000,1000
2586,46,betCent,10,0.3672372611464968,0,7,None,66,1,5,False,1000,1000
2587,47,betCent,10,0.3934116242038216,0,7,None,66,1,5,False,1000,1000
2588,48,betCent,10,0.3880374203821656,0,7,None,66,1,5,False,1000,1000
2589,49,betCent,10,0.386843152866242,0,7,None,66,1,5,False,1000,1000
2590,45,betCent,10,0.2998606687898089,0,0,None,66,1,5,False,1000,1000
2591,46,betCent,10,0.2941878980891719,0,0,None,66,1,5,False,1000,1000
2592,47,betCent,10,0.3056329617834395,0,0,None,66,1,5,False,1000,1000
2593,48,betCent,10,0.3213574840764331,0,0,None,66,1,5,False,1000,1000
2594,49,betCent,10,0.3385748407643312,0,0,None,66,1,5,False,1000,1000
2595,45,betCent,10,0.3463375796178344,0,3,None,66,1,5,False,1000,1000
2596,46,betCent,10,0.3274283439490446,0,3,None,66,1,5,False,1000,1000
2597,47,betCent,10,0.3142914012738853,0,3,None,66,1,5,False,1000,1000
2598,48,betCent,10,0.2971735668789809,0,3,None,66,1,5,False,1000,1000
2599,49,betCent,10,0.2763734076433121,0,3,None,66,1,5,False,1000,1000
2600,45,betCent,10,0.4308320063694267,0,6,None,66,1,5,False,1000,1000
2601,46,betCent,10,0.4327229299363057,0,6,None,66,1,5,False,1000,1000
2602,47,betCent,10,0.432921974522293,0,6,None,66,1,5,False,1000,1000
2603,48,betCent,10,0.435609076433121,0,6,None,66,1,5,False,1000,1000
2604,49,betCent,10,0.4397890127388535,0,6,None,66,1,5,False,1000,1000
2605,45,betCent,10,0.3415605095541401,0,4,None,66,1,5,False,1000,1000
2606,46,betCent,10,0.3384753184713376,0,4,None,66,1,5,False,1000,1000
2607,47,betCent,10,0.3398686305732484,0,4,None,66,1,5,False,1000,1000
2608,48,betCent,10,0.341859076433121,0,4,None,66,1,5,False,1000,1000
2609,49,betCent,10,0.34375,0,4,None,66,1,5,False,1000,1000
2610,45,betCent,10,0.4157046178343949,0,8,None,66,1,5,False,1000,1000
2611,46,betCent,10,0.4261544585987261,0,8,None,66,1,5,False,1000,1000
2612,47,betCent,10,0.4415804140127388,0,8,None,66,1,5,False,1000,1000
2613,48,betCent,10,0.4729299363057325,0,8,None,66,1,5,False,1000,1000
2614,49,betCent,10,0.5069665605095541,0,8,None,66,1,5,False,1000,1000
2615,45,betCent,10,0.4129179936305732,0,10,None,66,1,5,False,1000,1000
2616,46,betCent,10,0.3930135350318471,0,10,None,66,1,5,False,1000,1000
2617,47,betCent,10,0.4212778662420382,0,10,None,66,1,5,False,1000,1000
2618,48,betCent,10,0.4480493630573248,0,10,None,66,1,5,False,1000,1000
2619,49,betCent,10,0.4887539808917197,0,10,None,66,1,5,False,1000,1000
2620,45,betCent,10,0.3273288216560509,0,20,None,66,1,5,False,1000,1000
2621,46,betCent,10,0.3324044585987261,0,20,None,66,1,5,False,1000,1000
2622,47,betCent,10,0.3373805732484076,0,20,None,66,1,5,False,1000,1000
2623,48,betCent,10,0.3435509554140127,0,20,None,66,1,5,False,1000,1000
2624,49,betCent,10,0.3511146496815286,0,20,None,66,1,5,False,1000,1000
2625,45,betCent,10,0.418093152866242,0,22,None,66,1,5,False,1000,1000
2626,46,betCent,10,0.3988853503184713,0,22,None,66,1,5,False,1000,1000
2627,47,betCent,10,0.4035628980891719,0,22,None,66,1,5,False,1000,1000
2628,48,betCent,10,0.4183917197452229,0,22,None,66,1,5,False,1000,1000
2629,49,betCent,10,0.4288415605095541,0,22,None,66,1,5,False,1000,1000
2630,45,betCent,10,0.2962778662420382,0,23,None,66,1,5,False,1000,1000
2631,46,betCent,10,0.3154856687898089,0,23,None,66,1,5,False,1000,1000
2632,47,betCent,10,0.3769904458598726,0,23,None,66,1,5,False,1000,1000
2633,48,betCent,10,0.4133160828025478,0,23,None,66,1,5,False,1000,1000
2634,49,betCent,10,0.4077428343949044,0,23,None,66,1,5,False,1000,1000
2635,45,betCent,10,0.3128980891719745,0,32,None,66,1,5,False,1000,1000
2636,46,betCent,10,0.3113057324840764,0,32,None,66,1,5,False,1000,1000
2637,47,betCent,10,0.3155851910828025,0,32,None,66,1,5,False,1000,1000
2638,48,betCent,10,0.3190684713375796,0,32,None,66,1,5,False,1000,1000
2639,49,betCent,10,0.3589769108280254,0,32,None,66,1,5,False,1000,1000
2640,50,betCent,10,0.3131966560509554,0,2,None,66,1,5,False,1000,1000
2641,51,betCent,10,0.3160828025477707,0,2,None,66,1,5,False,1000,1000
2642,52,betCent,10,0.3213574840764331,0,2,None,66,1,5,False,1000,1000
2643,53,betCent,10,0.3302149681528662,0,2,None,66,1,5,False,1000,1000
2644,54,betCent,10,0.3366839171974522,0,2,None,66,1,5,False,1000,1000
2645,50,betCent,10,0.3920183121019108,0,23,None,66,1,5,False,1000,1000
2646,51,betCent,10,0.4186902866242038,0,23,None,66,1,5,False,1000,1000
2647,52,betCent,10,0.4021695859872611,0,23,None,66,1,5,False,1000,1000
2648,53,betCent,10,0.4007762738853503,0,23,None,66,1,5,False,1000,1000
2649,54,betCent,10,0.4046576433121019,0,23,None,66,1,5,False,1000,1000
2650,50,betCent,10,0.3622611464968153,0,28,None,66,1,5,False,1000,1000
2651,51,betCent,10,0.3939092356687898,0,28,None,66,1,5,False,1000,1000
2652,52,betCent,10,0.4267515923566879,0,28,None,66,1,5,False,1000,1000
2653,53,betCent,10,0.4500398089171974,0,28,None,66,1,5,False,1000,1000
2654,54,betCent,10,0.4718351910828025,0,28,None,66,1,5,False,1000,1000
2655,50,betCent,10,0.3738057324840764,0,13,None,66,1,5,False,1000,1000
2656,51,betCent,10,0.366640127388535,0,13,None,66,1,5,False,1000,1000
2657,52,betCent,10,0.3600716560509554,0,13,None,66,1,5,False,1000,1000
2658,53,betCent,10,0.359375,0,13,None,66,1,5,False,1000,1000
2659,54,betCent,10,0.3605692675159235,0,13,None,66,1,5,False,1000,1000
2660,50,betCent,10,0.4719347133757962,0,25,None,66,1,5,False,1000,1000
2661,51,betCent,10,0.4608877388535032,0,25,None,66,1,5,False,1000,1000
2662,52,betCent,10,0.4508359872611465,0,25,None,66,1,5,False,1000,1000
2663,53,betCent,10,0.4489450636942675,0,25,None,66,1,5,False,1000,1000
2664,54,betCent,10,0.4514331210191082,0,25,None,66,1,5,False,1000,1000
2665,50,betCent,10,0.384156050955414,0,15,None,66,1,5,False,1000,1000
2666,51,betCent,10,0.3432523885350318,0,15,None,66,1,5,False,1000,1000
2667,52,betCent,10,0.3360867834394904,0,15,None,66,1,5,False,1000,1000
2668,53,betCent,10,0.351015127388535,0,15,None,66,1,5,False,1000,1000
2669,54,betCent,10,0.3772890127388535,0,15,None,66,1,5,False,1000,1000
2670,50,betCent,10,0.398984872611465,0,10,None,66,1,5,False,1000,1000
2671,51,betCent,10,0.4280453821656051,0,10,None,66,1,5,False,1000,1000
2672,52,betCent,10,0.4606886942675159,0,10,None,66,1,5,False,1000,1000
2673,53,betCent,10,0.506468949044586,0,10,None,66,1,5,False,1000,1000
2674,54,betCent,10,0.5391122611464968,0,10,None,66,1,5,False,1000,1000
2675,50,betCent,10,0.3360867834394904,0,11,None,66,1,5,False,1000,1000
2676,51,betCent,10,0.3859474522292994,0,11,None,66,1,5,False,1000,1000
2677,52,betCent,10,0.3858479299363057,0,11,None,66,1,5,False,1000,1000
2678,53,betCent,10,0.3449442675159235,0,11,None,66,1,5,False,1000,1000
2679,54,betCent,10,0.3057324840764331,0,11,None,66,1,5,False,1000,1000
2680,50,betCent,10,0.3992834394904458,0,17,None,66,1,5,False,1000,1000
2681,51,betCent,10,0.4153065286624204,0,17,None,66,1,5,False,1000,1000
2682,52,betCent,10,0.384156050955414,0,17,None,66,1,5,False,1000,1000
2683,53,betCent,10,0.3504179936305732,0,17,None,66,1,5,False,1000,1000
2684,54,betCent,10,0.3271297770700637,0,17,None,66,1,5,False,1000,1000
2685,50,betCent,10,0.4462579617834395,0,24,None,66,1,5,False,1000,1000
2686,51,betCent,10,0.4769108280254777,0,24,None,66,1,5,False,1000,1000
2687,52,betCent,10,0.5004976114649682,0,24,None,66,1,5,False,1000,1000
2688,53,betCent,10,0.5225915605095541,0,24,None,66,1,5,False,1000,1000
2689,54,betCent,10,0.5372213375796179,0,24,None,66,1,5,False,1000,1000
2690,50,betCent,10,0.3930135350318471,0,31,None,66,1,5,False,1000,1000
2691,51,betCent,10,0.4039609872611465,0,31,None,66,1,5,False,1000,1000
2692,52,betCent,10,0.4178941082802547,0,31,None,66,1,5,False,1000,1000
2693,53,betCent,10,0.4377985668789809,0,31,None,66,1,5,False,1000,1000
2694,54,betCent,10,0.458499203821656,0,31,None,66,1,5,False,1000,1000
2695,50,betCent,10,0.3475318471337579,0,20,None,66,1,5,False,1000,1000
2696,51,betCent,10,0.3719148089171974,0,20,None,66,1,5,False,1000,1000
2697,52,betCent,10,0.4009753184713376,0,20,None,66,1,5,False,1000,1000
2698,53,betCent,10,0.4265525477707006,0,20,None,66,1,5,False,1000,1000
2699,54,betCent,10,0.449343152866242,0,20,None,66,1,5,False,1000,1000
2700,50,betCent,10,0.3711186305732484,0,3,None,66,1,5,False,1000,1000
2701,51,betCent,10,0.4000796178343949,0,3,None,66,1,5,False,1000,1000
2702,52,betCent,10,0.3931130573248407,0,3,None,66,1,5,False,1000,1000
2703,53,betCent,10,0.3854498407643312,0,3,None,66,1,5,False,1000,1000
2704,54,betCent,10,0.373109076433121,0,3,None,66,1,5,False,1000,1000
2705,50,betCent,10,0.4150079617834395,0,27,None,66,1,5,False,1000,1000
2706,51,betCent,10,0.4343152866242038,0,27,None,66,1,5,False,1000,1000
2707,52,betCent,10,0.4471536624203822,0,27,None,66,1,5,False,1000,1000
2708,53,betCent,10,0.4555135350318471,0,27,None,66,1,5,False,1000,1000
2709,54,betCent,10,0.469546178343949,0,27,None,66,1,5,False,1000,1000
2710,50,betCent,10,0.4204816878980891,0,22,None,66,1,5,False,1000,1000
2711,51,betCent,10,0.4249601910828025,0,22,None,66,1,5,False,1000,1000
2712,52,betCent,10,0.43640525477707,0,22,None,66,1,5,False,1000,1000
2713,53,betCent,10,0.4578025477707006,0,22,None,66,1,5,False,1000,1000
2714,54,betCent,10,0.482484076433121,0,22,None,66,1,5,False,1000,1000
2715,50,betCent,10,0.3908240445859872,0,32,None,66,1,5,False,1000,1000
2716,51,betCent,10,0.4003781847133758,0,32,None,66,1,5,False,1000,1000
2717,52,betCent,10,0.4003781847133758,0,32,None,66,1,5,False,1000,1000
2718,53,betCent,10,0.3966958598726114,0,32,None,66,1,5,False,1000,1000
2719,54,betCent,10,0.3958001592356688,0,32,None,66,1,5,False,1000,1000
2720,50,betCent,10,0.330015923566879,0,21,None,66,1,5,False,1000,1000
2721,51,betCent,10,0.3274283439490446,0,21,None,66,1,5,False,1000,1000
2722,52,betCent,10,0.3330015923566879,0,21,None,66,1,5,False,1000,1000
2723,53,betCent,10,0.3408638535031847,0,21,None,66,1,5,False,1000,1000
2724,54,betCent,10,0.3446457006369426,0,21,None,66,1,5,False,1000,1000
2725,50,betCent,10,0.3846536624203822,0,29,None,66,1,5,False,1000,1000
2726,51,betCent,10,0.3861464968152866,0,29,None,66,1,5,False,1000,1000
2727,52,betCent,10,0.3753980891719745,0,29,None,66,1,5,False,1000,1000
2728,53,betCent,10,0.3683320063694267,0,29,None,66,1,5,False,1000,1000
2729,54,betCent,10,0.3669386942675159,0,29,None,66,1,5,False,1000,1000
2730,50,betCent,10,0.4344148089171974,0,9,None,66,1,5,False,1000,1000
2731,51,betCent,10,0.527468152866242,0,9,None,66,1,5,False,1000,1000
2732,52,betCent,10,0.5728503184713376,0,9,None,66,1,5,False,1000,1000
2733,53,betCent,10,0.5999203821656051,0,9,None,66,1,5,False,1000,1000
2734,54,betCent,10,0.6143511146496815,0,9,None,66,1,5,False,1000,1000
2735,50,betCent,10,0.5515525477707006,0,16,None,66,1,5,False,1000,1000
2736,51,betCent,10,0.5698646496815286,0,16,None,66,1,5,False,1000,1000
2737,52,betCent,10,0.586484872611465,0,16,None,66,1,5,False,1000,1000
2738,53,betCent,10,0.6052945859872612,0,16,None,66,1,5,False,1000,1000
2739,54,betCent,10,0.6186305732484076,0,16,None,66,1,5,False,1000,1000
2740,50,betCent,10,0.4192874203821656,0,8,None,66,1,5,False,1000,1000
2741,51,betCent,10,0.4365047770700637,0,8,None,66,1,5,False,1000,1000
2742,52,betCent,10,0.4616839171974522,0,8,None,66,1,5,False,1000,1000
2743,53,betCent,10,0.4982085987261146,0,8,None,66,1,5,False,1000,1000
2744,54,betCent,10,0.5268710191082803,0,8,None,66,1,5,False,1000,1000
2745,50,betCent,10,0.3836584394904458,0,18,None,66,1,5,False,1000,1000
2746,51,betCent,10,0.3651472929936306,0,18,None,66,1,5,False,1000,1000
2747,52,betCent,10,0.3588773885350318,0,18,None,66,1,5,False,1000,1000
2748,53,betCent,10,0.3765923566878981,0,18,None,66,1,5,False,1000,1000
2749,54,betCent,10,0.4056528662420382,0,18,None,66,1,5,False,1000,1000
2750,50,betCent,10,0.5016918789808917,0,19,None,66,1,5,False,1000,1000
2751,51,betCent,10,0.5259753184713376,0,19,None,66,1,5,False,1000,1000
2752,52,betCent,10,0.5395103503184714,0,19,None,66,1,5,False,1000,1000
2753,53,betCent,10,0.5494625796178344,0,19,None,66,1,5,False,1000,1000
2754,54,betCent,10,0.5575238853503185,0,19,None,66,1,5,False,1000,1000
2755,50,betCent,10,0.4063495222929936,0,5,None,66,1,5,False,1000,1000
2756,51,betCent,10,0.4225716560509554,0,5,None,66,1,5,False,1000,1000
2757,52,betCent,10,0.462281050955414,0,5,None,66,1,5,False,1000,1000
2758,53,betCent,10,0.4937300955414013,0,5,None,66,1,5,False,1000,1000
2759,54,betCent,10,0.5038813694267515,0,5,None,66,1,5,False,1000,1000
2760,50,betCent,10,0.3557921974522293,0,4,None,66,1,5,False,1000,1000
2761,51,betCent,10,0.3634554140127388,0,4,None,66,1,5,False,1000,1000
2762,52,betCent,10,0.3830613057324841,0,4,None,66,1,5,False,1000,1000
2763,53,betCent,10,0.4088375796178344,0,4,None,66,1,5,False,1000,1000
2764,54,betCent,10,0.4332205414012738,0,4,None,66,1,5,False,1000,1000
2765,50,betCent,10,0.4405851910828025,0,6,None,66,1,5,False,1000,1000
2766,51,betCent,10,0.4414808917197452,0,6,None,66,1,5,False,1000,1000
2767,52,betCent,10,0.4514331210191082,0,6,None,66,1,5,False,1000,1000
2768,53,betCent,10,0.4608877388535032,0,6,None,66,1,5,False,1000,1000
2769,54,betCent,10,0.4746218152866242,0,6,None,66,1,5,False,1000,1000
2770,50,betCent,10,0.4216759554140127,0,7,None,66,1,5,False,1000,1000
2771,51,betCent,10,0.3902269108280254,0,7,None,66,1,5,False,1000,1000
2772,52,betCent,10,0.3745023885350318,0,7,None,66,1,5,False,1000,1000
2773,53,betCent,10,0.3823646496815286,0,7,None,66,1,5,False,1000,1000
2774,54,betCent,10,0.3901273885350318,0,7,None,66,1,5,False,1000,1000
2775,50,betCent,10,0.5649880573248408,0,14,None,66,1,5,False,1000,1000
2776,51,betCent,10,0.578125,0,14,None,66,1,5,False,1000,1000
2777,52,betCent,10,0.5871815286624203,0,14,None,66,1,5,False,1000,1000
2778,53,betCent,10,0.5936504777070064,0,14,None,66,1,5,False,1000,1000
2779,54,betCent,10,0.5981289808917197,0,14,None,66,1,5,False,1000,1000
2780,50,betCent,10,0.4317277070063694,0,12,None,66,1,5,False,1000,1000
2781,51,betCent,10,0.4196855095541401,0,12,None,66,1,5,False,1000,1000
2782,52,betCent,10,0.4326234076433121,0,12,None,66,1,5,False,1000,1000
2783,53,betCent,10,0.447452229299363,0,12,None,66,1,5,False,1000,1000
2784,54,betCent,10,0.4710390127388535,0,12,None,66,1,5,False,1000,1000
2785,50,betCent,10,0.4183917197452229,0,26,None,66,1,5,False,1000,1000
2786,51,betCent,10,0.4111265923566879,0,26,None,66,1,5,False,1000,1000
2787,52,betCent,10,0.4047571656050955,0,26,None,66,1,5,False,1000,1000
2788,53,betCent,10,0.40515525477707,0,26,None,66,1,5,False,1000,1000
2789,54,betCent,10,0.4074442675159235,0,26,None,66,1,5,False,1000,1000
2790,50,betCent,10,0.4257563694267516,0,30,None,66,1,5,False,1000,1000
2791,51,betCent,10,0.4327229299363057,0,30,None,66,1,5,False,1000,1000
2792,52,betCent,10,0.4255573248407643,0,30,None,66,1,5,False,1000,1000
2793,53,betCent,10,0.4080414012738853,0,30,None,66,1,5,False,1000,1000
2794,54,betCent,10,0.3898288216560509,0,30,None,66,1,5,False,1000,1000
2795,50,betCent,10,0.4454617834394904,0,1,None,66,1,5,False,1000,1000
2796,51,betCent,10,0.442078025477707,0,1,None,66,1,5,False,1000,1000
2797,52,betCent,10,0.4455613057324841,0,1,None,66,1,5,False,1000,1000
2798,53,betCent,10,0.4472531847133758,0,1,None,66,1,5,False,1000,1000
2799,54,betCent,10,0.4515326433121019,0,1,None,66,1,5,False,1000,1000
2800,50,betCent,10,0.3210589171974522,0,0,None,66,1,5,False,1000,1000
2801,51,betCent,10,0.3678343949044586,0,0,None,66,1,5,False,1000,1000
2802,52,betCent,10,0.4130175159235669,0,0,None,66,1,5,False,1000,1000
2803,53,betCent,10,0.4375995222929936,0,0,None,66,1,5,False,1000,1000
2804,54,betCent,10,0.4473527070063694,0,0,None,66,1,5,False,1000,1000
4620,55,betCent,10,0.4527269108280254,0,1,None,66,1,5,False,1000,1000
4621,56,betCent,10,0.45203025477707,0,1,None,66,1,5,False,1000,1000
4622,57,betCent,10,0.4549164012738853,0,1,None,66,1,5,False,1000,1000
4623,58,betCent,10,0.4615843949044586,0,1,None,66,1,5,False,1000,1000
4624,59,betCent,10,0.4691480891719745,0,1,None,66,1,5,False,1000,1000
4625,55,betCent,10,0.378483280254777,0,2,None,66,1,5,False,1000,1000
4626,56,betCent,10,0.3798765923566879,0,2,None,66,1,5,False,1000,1000
4627,57,betCent,10,0.3817675159235669,0,2,None,66,1,5,False,1000,1000
4628,58,betCent,10,0.3899283439490446,0,2,None,66,1,5,False,1000,1000
4629,59,betCent,10,0.4058519108280254,0,2,None,66,1,5,False,1000,1000
4630,55,betCent,10,0.4465565286624204,0,13,None,66,1,5,False,1000,1000
4631,56,betCent,10,0.4430732484076433,0,13,None,66,1,5,False,1000,1000
4632,57,betCent,10,0.4487460191082802,0,13,None,66,1,5,False,1000,1000
4633,58,betCent,10,0.4533240445859872,0,13,None,66,1,5,False,1000,1000
4634,59,betCent,10,0.4544187898089172,0,13,None,66,1,5,False,1000,1000
4635,55,betCent,10,0.3568869426751592,0,15,None,66,1,5,False,1000,1000
4636,56,betCent,10,0.3724124203821656,0,15,None,66,1,5,False,1000,1000
4637,57,betCent,10,0.3828622611464968,0,15,None,66,1,5,False,1000,1000
4638,58,betCent,10,0.3912221337579618,0,15,None,66,1,5,False,1000,1000
4639,59,betCent,10,0.40515525477707,0,15,None,66,1,5,False,1000,1000
4640,55,betCent,10,0.5638933121019108,0,16,None,66,1,5,False,1000,1000
4641,56,betCent,10,0.5823049363057324,0,16,None,66,1,5,False,1000,1000
4642,57,betCent,10,0.5996218152866242,0,16,None,66,1,5,False,1000,1000
4643,58,betCent,10,0.6153463375796179,0,16,None,66,1,5,False,1000,1000
4644,59,betCent,10,0.6257961783439491,0,16,None,66,1,5,False,1000,1000
4645,55,betCent,10,0.4161027070063694,0,11,None,66,1,5,False,1000,1000
4646,56,betCent,10,0.4767117834394904,0,11,None,66,1,5,False,1000,1000
4647,57,betCent,10,0.4220740445859872,0,11,None,66,1,5,False,1000,1000
4648,58,betCent,10,0.373109076433121,0,11,None,66,1,5,False,1000,1000
4649,59,betCent,10,0.3371815286624204,0,11,None,66,1,5,False,1000,1000
4650,55,betCent,10,0.4784036624203822,0,14,None,66,1,5,False,1000,1000
4651,56,betCent,10,0.4909434713375796,0,14,None,66,1,5,False,1000,1000
4652,57,betCent,10,0.5086584394904459,0,14,None,66,1,5,False,1000,1000
4653,58,betCent,10,0.5262738853503185,0,14,None,66,1,5,False,1000,1000
4654,59,betCent,10,0.5390127388535032,0,14,None,66,1,5,False,1000,1000
4655,55,betCent,10,0.3780851910828025,0,17,None,66,1,5,False,1000,1000
4656,56,betCent,10,0.3532046178343949,0,17,None,66,1,5,False,1000,1000
4657,57,betCent,10,0.3332006369426751,0,17,None,66,1,5,False,1000,1000
4658,58,betCent,10,0.318968949044586,0,17,None,66,1,5,False,1000,1000
4659,59,betCent,10,0.3141918789808917,0,17,None,66,1,5,False,1000,1000
4660,55,betCent,10,0.5897691082802548,0,25,None,66,1,5,False,1000,1000
4661,56,betCent,10,0.5924562101910829,0,25,None,66,1,5,False,1000,1000
4662,57,betCent,10,0.5949442675159236,0,25,None,66,1,5,False,1000,1000
4663,58,betCent,10,0.5971337579617835,0,25,None,66,1,5,False,1000,1000
4664,59,betCent,10,0.5993232484076433,0,25,None,66,1,5,False,1000,1000
4665,55,betCent,10,0.4405851910828025,0,26,None,66,1,5,False,1000,1000
4666,56,betCent,10,0.4379976114649681,0,26,None,66,1,5,False,1000,1000
4667,57,betCent,10,0.4320262738853503,0,26,None,66,1,5,False,1000,1000
4668,58,betCent,10,0.4315286624203822,0,26,None,66,1,5,False,1000,1000
4669,59,betCent,10,0.4340167197452229,0,26,None,66,1,5,False,1000,1000
4670,55,betCent,10,0.4331210191082802,0,12,None,66,1,5,False,1000,1000
4671,56,betCent,10,0.4482484076433121,0,12,None,66,1,5,False,1000,1000
4672,57,betCent,10,0.4809912420382166,0,12,None,66,1,5,False,1000,1000
4673,58,betCent,10,0.5195063694267515,0,12,None,66,1,5,False,1000,1000
4674,59,betCent,10,0.5434912420382165,0,12,None,66,1,5,False,1000,1000
4675,55,betCent,10,0.4006767515923566,0,28,None,66,1,5,False,1000,1000
4676,56,betCent,10,0.4352109872611465,0,28,None,66,1,5,False,1000,1000
4677,57,betCent,10,0.4583996815286624,0,28,None,66,1,5,False,1000,1000
4678,58,betCent,10,0.4859673566878981,0,28,None,66,1,5,False,1000,1000
4679,59,betCent,10,0.5122412420382165,0,28,None,66,1,5,False,1000,1000
4680,55,betCent,10,0.4211783439490446,0,29,None,66,1,5,False,1000,1000
4681,56,betCent,10,0.4131170382165605,0,29,None,66,1,5,False,1000,1000
4682,57,betCent,10,0.4115246815286624,0,29,None,66,1,5,False,1000,1000
4683,58,betCent,10,0.4156050955414013,0,29,None,66,1,5,False,1000,1000
4684,59,betCent,10,0.4211783439490446,0,29,None,66,1,5,False,1000,1000
4685,55,betCent,10,0.4972133757961783,0,9,None,66,1,5,False,1000,1000
4686,56,betCent,10,0.5617038216560509,0,9,None,66,1,5,False,1000,1000
4687,57,betCent,10,0.5934514331210191,0,9,None,66,1,5,False,1000,1000
4688,58,betCent,10,0.6091759554140127,0,9,None,66,1,5,False,1000,1000
4689,59,betCent,10,0.6173367834394905,0,9,None,66,1,5,False,1000,1000
4690,55,betCent,10,0.4450636942675159,0,30,None,66,1,5,False,1000,1000
4691,56,betCent,10,0.4258558917197452,0,30,None,66,1,5,False,1000,1000
4692,57,betCent,10,0.4044585987261146,0,30,None,66,1,5,False,1000,1000
4693,58,betCent,10,0.3890326433121019,0,30,None,66,1,5,False,1000,1000
4694,59,betCent,10,0.3766918789808917,0,30,None,66,1,5,False,1000,1000
4695,55,betCent,10,0.4353105095541401,0,27,None,66,1,5,False,1000,1000
4696,56,betCent,10,0.4518312101910828,0,27,None,66,1,5,False,1000,1000
4697,57,betCent,10,0.4611863057324841,0,27,None,66,1,5,False,1000,1000
4698,58,betCent,10,0.4761146496815286,0,27,None,66,1,5,False,1000,1000
4699,59,betCent,10,0.5024880573248408,0,27,None,66,1,5,False,1000,1000
4700,55,betCent,10,0.4537221337579618,0,31,None,66,1,5,False,1000,1000
4701,56,betCent,10,0.4844745222929936,0,31,None,66,1,5,False,1000,1000
4702,57,betCent,10,0.4996019108280254,0,31,None,66,1,5,False,1000,1000
4703,58,betCent,10,0.5166202229299363,0,31,None,66,1,5,False,1000,1000
4704,59,betCent,10,0.5278662420382165,0,31,None,66,1,5,False,1000,1000
4705,55,betCent,10,0.412718949044586,0,7,None,66,1,5,False,1000,1000
4706,56,betCent,10,0.4181926751592357,0,7,None,66,1,5,False,1000,1000
4707,57,betCent,10,0.4244625796178344,0,7,None,66,1,5,False,1000,1000
4708,58,betCent,10,0.4370023885350318,0,7,None,66,1,5,False,1000,1000
4709,59,betCent,10,0.4460589171974522,0,7,None,66,1,5,False,1000,1000
4710,55,betCent,10,0.4648686305732484,0,5,None,66,1,5,False,1000,1000
4711,56,betCent,10,0.495421974522293,0,5,None,66,1,5,False,1000,1000
4712,57,betCent,10,0.5051751592356688,0,5,None,66,1,5,False,1000,1000
4713,58,betCent,10,0.5139331210191083,0,5,None,66,1,5,False,1000,1000
4714,59,betCent,10,0.5213972929936306,0,5,None,66,1,5,False,1000,1000
4715,55,betCent,10,0.4508359872611465,0,4,None,66,1,5,False,1000,1000
4716,56,betCent,10,0.4684514331210191,0,4,None,66,1,5,False,1000,1000
4717,57,betCent,10,0.4788017515923566,0,4,None,66,1,5,False,1000,1000
4718,58,betCent,10,0.4911425159235669,0,4,None,66,1,5,False,1000,1000
4719,59,betCent,10,0.5005971337579618,0,4,None,66,1,5,False,1000,1000
4720,55,betCent,10,0.3866441082802547,0,3,None,66,1,5,False,1000,1000
4721,56,betCent,10,0.3829617834394904,0,3,None,66,1,5,False,1000,1000
4722,57,betCent,10,0.3821656050955414,0,3,None,66,1,5,False,1000,1000
4723,58,betCent,10,0.3831608280254777,0,3,None,66,1,5,False,1000,1000
4724,59,betCent,10,0.3329020700636942,0,3,None,66,1,5,False,1000,1000
4725,55,betCent,10,0.4082404458598726,0,10,None,66,1,5,False,1000,1000
4726,56,betCent,10,0.4357085987261146,0,10,None,66,1,5,False,1000,1000
4727,57,betCent,10,0.473328025477707,0,10,None,66,1,5,False,1000,1000
4728,58,betCent,10,0.51453025477707,0,10,None,66,1,5,False,1000,1000
4729,59,betCent,10,0.5447850318471338,0,10,None,66,1,5,False,1000,1000
4730,55,betCent,10,0.4565087579617834,0,6,None,66,1,5,False,1000,1000
4731,56,betCent,10,0.4815883757961783,0,6,None,66,1,5,False,1000,1000
4732,57,betCent,10,0.4931329617834395,0,6,None,66,1,5,False,1000,1000
4733,58,betCent,10,0.5002985668789809,0,6,None,66,1,5,False,1000,1000
4734,59,betCent,10,0.5086584394904459,0,6,None,66,1,5,False,1000,1000
4735,55,betCent,10,0.4102308917197452,0,20,None,66,1,5,False,1000,1000
4736,56,betCent,10,0.4210788216560509,0,20,None,66,1,5,False,1000,1000
4737,57,betCent,10,0.4437699044585987,0,20,None,66,1,5,False,1000,1000
4738,58,betCent,10,0.4746218152866242,0,20,None,66,1,5,False,1000,1000
4739,59,betCent,10,0.4998009554140127,0,20,None,66,1,5,False,1000,1000
4740,55,betCent,10,0.4621815286624204,0,22,None,66,1,5,False,1000,1000
4741,56,betCent,10,0.4742237261146497,0,22,None,66,1,5,False,1000,1000
4742,57,betCent,10,0.4934315286624204,0,22,None,66,1,5,False,1000,1000
4743,58,betCent,10,0.5107484076433121,0,22,None,66,1,5,False,1000,1000
4744,59,betCent,10,0.5267714968152867,0,22,None,66,1,5,False,1000,1000
4745,55,betCent,10,0.42078025477707,0,23,None,66,1,5,False,1000,1000
4746,56,betCent,10,0.4208797770700637,0,23,None,66,1,5,False,1000,1000
4747,57,betCent,10,0.4282444267515923,0,23,None,66,1,5,False,1000,1000
4748,58,betCent,10,0.433718152866242,0,23,None,66,1,5,False,1000,1000
4749,59,betCent,10,0.4423765923566879,0,23,None,66,1,5,False,1000,1000
4750,55,betCent,10,0.4133160828025478,0,32,None,66,1,5,False,1000,1000
4751,56,betCent,10,0.4091361464968153,0,32,None,66,1,5,False,1000,1000
4752,57,betCent,10,0.4099323248407643,0,32,None,66,1,5,False,1000,1000
4753,58,betCent,10,0.4150079617834395,0,32,None,66,1,5,False,1000,1000
4754,59,betCent,10,0.418889331210191,0,32,None,66,1,5,False,1000,1000
4755,55,betCent,10,0.4450636942675159,0,8,None,66,1,5,False,1000,1000
4756,56,betCent,10,0.4755175159235669,0,8,None,66,1,5,False,1000,1000
4757,57,betCent,10,0.5093550955414012,0,8,None,66,1,5,False,1000,1000
4758,58,betCent,10,0.5343351910828026,0,8,None,66,1,5,False,1000,1000
4759,59,betCent,10,0.5456807324840764,0,8,None,66,1,5,False,1000,1000
4760,55,betCent,10,0.4118232484076433,0,18,None,66,1,5,False,1000,1000
4761,56,betCent,10,0.4288415605095541,0,18,None,66,1,5,False,1000,1000
4762,57,betCent,10,0.426453025477707,0,18,None,66,1,5,False,1000,1000
4763,58,betCent,10,0.4251592356687898,0,18,None,66,1,5,False,1000,1000
4764,59,betCent,10,0.4269506369426751,0,18,None,66,1,5,False,1000,1000
4765,55,betCent,10,0.4960191082802547,0,19,None,66,1,5,False,1000,1000
4766,56,betCent,10,0.5226910828025477,0,19,None,66,1,5,False,1000,1000
4767,57,betCent,10,0.5380175159235668,0,19,None,66,1,5,False,1000,1000
4768,58,betCent,10,0.5466759554140127,0,19,None,66,1,5,False,1000,1000
4769,59,betCent,10,0.5556329617834395,0,19,None,66,1,5,False,1000,1000
4770,55,betCent,10,0.4340167197452229,0,21,None,66,1,5,False,1000,1000
4771,56,betCent,10,0.4308320063694267,0,21,None,66,1,5,False,1000,1000
4772,57,betCent,10,0.4284434713375796,0,21,None,66,1,5,False,1000,1000
4773,58,betCent,10,0.4281449044585987,0,21,None,66,1,5,False,1000,1000
4774,59,betCent,10,0.4262539808917197,0,21,None,66,1,5,False,1000,1000
4775,55,betCent,10,0.4931329617834395,0,24,None,66,1,5,False,1000,1000
4776,56,betCent,10,0.5153264331210191,0,24,None,66,1,5,False,1000,1000
4777,57,betCent,10,0.53234474522293,0,24,None,66,1,5,False,1000,1000
4778,58,betCent,10,0.5423964968152867,0,24,None,66,1,5,False,1000,1000
4779,59,betCent,10,0.552547770700637,0,24,None,66,1,5,False,1000,1000
4780,55,betCent,10,0.4526273885350318,0,0,None,66,1,5,False,1000,1000
4781,56,betCent,10,0.4616839171974522,0,0,None,66,1,5,False,1000,1000
4782,57,betCent,10,0.4764132165605095,0,0,None,66,1,5,False,1000,1000
4783,58,betCent,10,0.4988057324840764,0,0,None,66,1,5,False,1000,1000
4784,59,betCent,10,0.5166202229299363,0,0,None,66,1,5,False,1000,1000
4785,60,betCent,10,0.4958200636942675,0,26,None,66,1,5,False,1000,1000
4786,61,betCent,10,0.4947253184713376,0,26,None,66,1,5,False,1000,1000
4787,62,betCent,10,0.4965167197452229,0,26,None,66,1,5,False,1000,1000
4788,63,betCent,10,0.5005971337579618,0,26,None,66,1,5,False,1000,1000
4789,64,betCent,10,0.5046775477707006,0,26,None,66,1,5,False,1000,1000
4790,60,betCent,10,0.4297372611464968,0,7,None,66,1,5,False,1000,1000
4791,61,betCent,10,0.4324243630573248,0,7,None,66,1,5,False,1000,1000
4792,62,betCent,10,0.4375995222929936,0,7,None,66,1,5,False,1000,1000
4793,63,betCent,10,0.4454617834394904,0,7,None,66,1,5,False,1000,1000
4794,64,betCent,10,0.4565087579617834,0,7,None,66,1,5,False,1000,1000
4795,60,betCent,10,0.4241640127388535,0,15,None,66,1,5,False,1000,1000
4796,61,betCent,10,0.4150079617834395,0,15,None,66,1,5,False,1000,1000
4797,62,betCent,10,0.4194864649681528,0,15,None,66,1,5,False,1000,1000
4798,63,betCent,10,0.4254578025477707,0,15,None,66,1,5,False,1000,1000
4799,64,betCent,10,0.4311305732484076,0,15,None,66,1,5,False,1000,1000
4800,60,betCent,10,0.4066480891719745,0,11,None,66,1,5,False,1000,1000
4801,61,betCent,10,0.4148089171974522,0,11,None,66,1,5,False,1000,1000
4802,62,betCent,10,0.3408638535031847,0,11,None,66,1,5,False,1000,1000
4803,63,betCent,10,0.3102109872611465,0,11,None,66,1,5,False,1000,1000
4804,64,betCent,10,0.2864251592356688,0,11,None,66,1,5,False,1000,1000
4805,60,betCent,10,0.3915207006369426,0,17,None,66,1,5,False,1000,1000
4806,61,betCent,10,0.3670382165605095,0,17,None,66,1,5,False,1000,1000
4807,62,betCent,10,0.3652468152866242,0,17,None,66,1,5,False,1000,1000
4808,63,betCent,10,0.3645501592356688,0,17,None,66,1,5,False,1000,1000
4809,64,betCent,10,0.3694267515923566,0,17,None,66,1,5,False,1000,1000
4810,60,betCent,10,0.5177149681528662,0,21,None,66,1,5,False,1000,1000
4811,61,betCent,10,0.49890525477707,0,21,None,66,1,5,False,1000,1000
4812,62,betCent,10,0.4839769108280254,0,21,None,66,1,5,False,1000,1000
4813,63,betCent,10,0.4769108280254777,0,21,None,66,1,5,False,1000,1000
4814,64,betCent,10,0.4740246815286624,0,21,None,66,1,5,False,1000,1000
4815,60,betCent,10,0.4907444267515923,0,1,None,66,1,5,False,1000,1000
4816,61,betCent,10,0.4879578025477707,0,1,None,66,1,5,False,1000,1000
4817,62,betCent,10,0.4987062101910828,0,1,None,66,1,5,False,1000,1000
4818,63,betCent,10,0.5078622611464968,0,1,None,66,1,5,False,1000,1000
4819,64,betCent,10,0.5161226114649682,0,1,None,66,1,5,False,1000,1000
4820,60,betCent,10,0.4170979299363057,0,2,None,66,1,5,False,1000,1000
4821,61,betCent,10,0.4244625796178344,0,2,None,66,1,5,False,1000,1000
4822,62,betCent,10,0.4464570063694267,0,2,None,66,1,5,False,1000,1000
4823,63,betCent,10,0.459593949044586,0,2,None,66,1,5,False,1000,1000
4824,64,betCent,10,0.4561106687898089,0,2,None,66,1,5,False,1000,1000
4825,60,betCent,10,0.5147292993630573,0,24,None,66,1,5,False,1000,1000
4826,61,betCent,10,0.5290605095541401,0,24,None,66,1,5,False,1000,1000
4827,62,betCent,10,0.5395103503184714,0,24,None,66,1,5,False,1000,1000
4828,63,betCent,10,0.549562101910828,0,24,None,66,1,5,False,1000,1000
4829,64,betCent,10,0.5591162420382165,0,24,None,66,1,5,False,1000,1000
4830,60,betCent,10,0.4662619426751592,0,30,None,66,1,5,False,1000,1000
4831,61,betCent,10,0.4674562101910828,0,30,None,66,1,5,False,1000,1000
4832,62,betCent,10,0.4667595541401274,0,30,None,66,1,5,False,1000,1000
4833,63,betCent,10,0.4661624203821656,0,30,None,66,1,5,False,1000,1000
4834,64,betCent,10,0.4667595541401274,0,30,None,66,1,5,False,1000,1000
4835,60,betCent,10,0.4592953821656051,0,20,None,66,1,5,False,1000,1000
4836,61,betCent,10,0.48328025477707,0,20,None,66,1,5,False,1000,1000
4837,62,betCent,10,0.4875597133757962,0,20,None,66,1,5,False,1000,1000
4838,63,betCent,10,0.4914410828025478,0,20,None,66,1,5,False,1000,1000
4839,64,betCent,10,0.4891520700636942,0,20,None,66,1,5,False,1000,1000
4840,60,betCent,10,0.4510350318471338,0,10,None,66,1,5,False,1000,1000
4841,61,betCent,10,0.5036823248407644,0,10,None,66,1,5,False,1000,1000
4842,62,betCent,10,0.5356289808917197,0,10,None,66,1,5,False,1000,1000
4843,63,betCent,10,0.5551353503184714,0,10,None,66,1,5,False,1000,1000
4844,64,betCent,10,0.5658837579617835,0,10,None,66,1,5,False,1000,1000
4845,60,betCent,10,0.5008957006369427,0,22,None,66,1,5,False,1000,1000
4846,61,betCent,10,0.5120421974522293,0,22,None,66,1,5,False,1000,1000
4847,62,betCent,10,0.5257762738853503,0,22,None,66,1,5,False,1000,1000
4848,63,betCent,10,0.5378184713375797,0,22,None,66,1,5,False,1000,1000
4849,64,betCent,10,0.5469745222929936,0,22,None,66,1,5,False,1000,1000
4850,60,betCent,10,0.4170979299363057,0,32,None,66,1,5,False,1000,1000
4851,61,betCent,10,0.4259554140127388,0,32,None,66,1,5,False,1000,1000
4852,62,betCent,10,0.4297372611464968,0,32,None,66,1,5,False,1000,1000
4853,63,betCent,10,0.4353105095541401,0,32,None,66,1,5,False,1000,1000
4854,64,betCent,10,0.4396894904458598,0,32,None,66,1,5,False,1000,1000
4855,60,betCent,10,0.4950238853503185,0,5,None,66,1,5,False,1000,1000
4856,61,betCent,10,0.5062699044585988,0,5,None,66,1,5,False,1000,1000
4857,62,betCent,10,0.5140326433121019,0,5,None,66,1,5,False,1000,1000
4858,63,betCent,10,0.5216958598726115,0,5,None,66,1,5,False,1000,1000
4859,64,betCent,10,0.5302547770700637,0,5,None,66,1,5,False,1000,1000
4860,60,betCent,10,0.5081608280254777,0,6,None,66,1,5,False,1000,1000
4861,61,betCent,10,0.5113455414012739,0,6,None,66,1,5,False,1000,1000
4862,62,betCent,10,0.5147292993630573,0,6,None,66,1,5,False,1000,1000
4863,63,betCent,10,0.5189092356687898,0,6,None,66,1,5,False,1000,1000
4864,64,betCent,10,0.5237858280254777,0,6,None,66,1,5,False,1000,1000
4865,60,betCent,10,0.5116441082802548,0,13,None,66,1,5,False,1000,1000
4866,61,betCent,10,0.4953224522292994,0,13,None,66,1,5,False,1000,1000
4867,62,betCent,10,0.4852707006369426,0,13,None,66,1,5,False,1000,1000
4868,63,betCent,10,0.4804936305732484,0,13,None,66,1,5,False,1000,1000
4869,64,betCent,10,0.4770103503184713,0,13,None,66,1,5,False,1000,1000
4870,60,betCent,10,0.4462579617834395,0,12,None,66,1,5,False,1000,1000
4871,61,betCent,10,0.4644705414012738,0,12,None,66,1,5,False,1000,1000
4872,62,betCent,10,0.5060708598726115,0,12,None,66,1,5,False,1000,1000
4873,63,betCent,10,0.5351313694267515,0,12,None,66,1,5,False,1000,1000
4874,64,betCent,10,0.5529458598726115,0,12,None,66,1,5,False,1000,1000
4875,60,betCent,10,0.5943471337579618,0,14,None,66,1,5,False,1000,1000
4876,61,betCent,10,0.5984275477707006,0,14,None,66,1,5,False,1000,1000
4877,62,betCent,10,0.6028065286624203,0,14,None,66,1,5,False,1000,1000
4878,63,betCent,10,0.6054936305732485,0,14,None,66,1,5,False,1000,1000
4879,64,betCent,10,0.6097730891719745,0,14,None,66,1,5,False,1000,1000
4880,60,betCent,10,0.523984872611465,0,9,None,66,1,5,False,1000,1000
4881,61,betCent,10,0.5702627388535032,0,9,None,66,1,5,False,1000,1000
4882,62,betCent,10,0.5986265923566879,0,9,None,66,1,5,False,1000,1000
4883,63,betCent,10,0.6135549363057324,0,9,None,66,1,5,False,1000,1000
4884,64,betCent,10,0.6197253184713376,0,9,None,66,1,5,False,1000,1000
4885,60,betCent,10,0.619327229299363,0,25,None,66,1,5,False,1000,1000
4886,61,betCent,10,0.6213176751592356,0,25,None,66,1,5,False,1000,1000
4887,62,betCent,10,0.6229100318471338,0,25,None,66,1,5,False,1000,1000
4888,63,betCent,10,0.6235071656050956,0,25,None,66,1,5,False,1000,1000
4889,64,betCent,10,0.6235071656050956,0,25,None,66,1,5,False,1000,1000
4890,60,betCent,10,0.4469546178343949,0,29,None,66,1,5,False,1000,1000
4891,61,betCent,10,0.4418789808917197,0,29,None,66,1,5,False,1000,1000
4892,62,betCent,10,0.443968949044586,0,29,None,66,1,5,False,1000,1000
4893,63,betCent,10,0.4477507961783439,0,29,None,66,1,5,False,1000,1000
4894,64,betCent,10,0.4508359872611465,0,29,None,66,1,5,False,1000,1000
4895,60,betCent,10,0.5134355095541401,0,31,None,66,1,5,False,1000,1000
4896,61,betCent,10,0.5273686305732485,0,31,None,66,1,5,False,1000,1000
4897,62,betCent,10,0.5391122611464968,0,31,None,66,1,5,False,1000,1000
4898,63,betCent,10,0.5465764331210191,0,31,None,66,1,5,False,1000,1000
4899,64,betCent,10,0.5538415605095541,0,31,None,66,1,5,False,1000,1000
4900,60,betCent,10,0.4693471337579618,0,27,None,66,1,5,False,1000,1000
4901,61,betCent,10,0.4871616242038216,0,27,None,66,1,5,False,1000,1000
4902,62,betCent,10,0.5124402866242038,0,27,None,66,1,5,False,1000,1000
4903,63,betCent,10,0.5308519108280255,0,27,None,66,1,5,False,1000,1000
4904,64,betCent,10,0.5496616242038217,0,27,None,66,1,5,False,1000,1000
4905,60,betCent,10,0.582703025477707,0,16,None,66,1,5,False,1000,1000
4906,61,betCent,10,0.6004179936305732,0,16,None,66,1,5,False,1000,1000
4907,62,betCent,10,0.6157444267515924,0,16,None,66,1,5,False,1000,1000
4908,63,betCent,10,0.6262937898089171,0,16,None,66,1,5,False,1000,1000
4909,64,betCent,10,0.6350517515923567,0,16,None,66,1,5,False,1000,1000
4910,60,betCent,10,0.4770103503184713,0,8,None,66,1,5,False,1000,1000
4911,61,betCent,10,0.5076632165605095,0,8,None,66,1,5,False,1000,1000
4912,62,betCent,10,0.5333399681528662,0,8,None,66,1,5,False,1000,1000
4913,63,betCent,10,0.5459792993630573,0,8,None,66,1,5,False,1000,1000
4914,64,betCent,10,0.5565286624203821,0,8,None,66,1,5,False,1000,1000
4915,60,betCent,10,0.4490445859872611,0,18,None,66,1,5,False,1000,1000
4916,61,betCent,10,0.451234076433121,0,18,None,66,1,5,False,1000,1000
4917,62,betCent,10,0.4486464968152866,0,18,None,66,1,5,False,1000,1000
4918,63,betCent,10,0.4500398089171974,0,18,None,66,1,5,False,1000,1000
4919,64,betCent,10,0.4495421974522293,0,18,None,66,1,5,False,1000,1000
4920,60,betCent,10,0.5295581210191083,0,19,None,66,1,5,False,1000,1000
4921,61,betCent,10,0.5415007961783439,0,19,None,66,1,5,False,1000,1000
4922,62,betCent,10,0.5518511146496815,0,19,None,66,1,5,False,1000,1000
4923,63,betCent,10,0.5593152866242038,0,19,None,66,1,5,False,1000,1000
4924,64,betCent,10,0.5682722929936306,0,19,None,66,1,5,False,1000,1000
4925,60,betCent,10,0.4786027070063694,0,23,None,66,1,5,False,1000,1000
4926,61,betCent,10,0.4791998407643312,0,23,None,66,1,5,False,1000,1000
4927,62,betCent,10,0.4907444267515923,0,23,None,66,1,5,False,1000,1000
4928,63,betCent,10,0.5032842356687898,0,23,None,66,1,5,False,1000,1000
4929,64,betCent,10,0.5170183121019108,0,23,None,66,1,5,False,1000,1000
4930,60,betCent,10,0.5189092356687898,0,4,None,66,1,5,False,1000,1000
4931,61,betCent,10,0.5346337579617835,0,4,None,66,1,5,False,1000,1000
4932,62,betCent,10,0.540406050955414,0,4,None,66,1,5,False,1000,1000
4933,63,betCent,10,0.5465764331210191,0,4,None,66,1,5,False,1000,1000
4934,64,betCent,10,0.5509554140127388,0,4,None,66,1,5,False,1000,1000
4935,60,betCent,10,0.5071656050955414,0,0,None,66,1,5,False,1000,1000
4936,61,betCent,10,0.5198049363057324,0,0,None,66,1,5,False,1000,1000
4937,62,betCent,10,0.5328423566878981,0,0,None,66,1,5,False,1000,1000
4938,63,betCent,10,0.541202229299363,0,0,None,66,1,5,False,1000,1000
4939,64,betCent,10,0.5459792993630573,0,0,None,66,1,5,False,1000,1000
4940,60,betCent,10,0.4363057324840764,0,3,None,66,1,5,False,1000,1000
4941,61,betCent,10,0.4183917197452229,0,3,None,66,1,5,False,1000,1000
4942,62,betCent,10,0.3328025477707006,0,3,None,66,1,5,False,1000,1000
4943,63,betCent,10,0.3056329617834395,0,3,None,66,1,5,False,1000,1000
4944,64,betCent,10,0.285828025477707,0,3,None,66,1,5,False,1000,1000
4945,60,betCent,10,0.4611863057324841,0,28,None,66,1,5,False,1000,1000
4946,61,betCent,10,0.4921377388535032,0,28,None,66,1,5,False,1000,1000
4947,62,betCent,10,0.5195063694267515,0,28,None,66,1,5,False,1000,1000
4948,63,betCent,10,0.5398089171974523,0,28,None,66,1,5,False,1000,1000
4949,64,betCent,10,0.5543391719745223,0,28,None,66,1,5,False,1000,1000
4950,65,betCent,10,0.5313495222929936,0,22,None,66,1,5,False,1000,1000
4951,66,betCent,10,0.5413017515923567,0,22,None,66,1,5,False,1000,1000
4952,67,betCent,10,0.5501592356687898,0,22,None,66,1,5,False,1000,1000
4953,68,betCent,10,0.5575238853503185,0,22,None,66,1,5,False,1000,1000
4954,69,betCent,10,0.5639928343949044,0,22,None,66,1,5,False,1000,1000
4955,65,betCent,10,0.6079816878980892,0,14,None,66,1,5,False,1000,1000
4956,66,betCent,10,0.6102707006369427,0,14,None,66,1,5,False,1000,1000
4957,67,betCent,10,0.6125597133757962,0,14,None,66,1,5,False,1000,1000
4958,68,betCent,10,0.6153463375796179,0,14,None,66,1,5,False,1000,1000
4959,69,betCent,10,0.6170382165605095,0,14,None,66,1,5,False,1000,1000
4960,65,betCent,10,0.5920581210191083,0,16,None,66,1,5,False,1000,1000
4961,66,betCent,10,0.6109673566878981,0,16,None,66,1,5,False,1000,1000
4962,67,betCent,10,0.6216162420382165,0,16,None,66,1,5,False,1000,1000
4963,68,betCent,10,0.6321656050955414,0,16,None,66,1,5,False,1000,1000
4964,69,betCent,10,0.6414211783439491,0,16,None,66,1,5,False,1000,1000
4965,65,betCent,10,0.5210987261146497,0,1,None,66,1,5,False,1000,1000
4966,66,betCent,10,0.5243829617834395,0,1,None,66,1,5,False,1000,1000
4967,67,betCent,10,0.5311504777070064,0,1,None,66,1,5,False,1000,1000
4968,68,betCent,10,0.5388136942675159,0,1,None,66,1,5,False,1000,1000
4969,69,betCent,10,0.5465764331210191,0,1,None,66,1,5,False,1000,1000
4970,65,betCent,10,0.5102507961783439,0,5,None,66,1,5,False,1000,1000
4971,66,betCent,10,0.5177149681528662,0,5,None,66,1,5,False,1000,1000
4972,67,betCent,10,0.5253781847133758,0,5,None,66,1,5,False,1000,1000
4973,68,betCent,10,0.5342356687898089,0,5,None,66,1,5,False,1000,1000
4974,69,betCent,10,0.5416998407643312,0,5,None,66,1,5,False,1000,1000
4975,65,betCent,10,0.5490644904458599,0,9,None,66,1,5,False,1000,1000
4976,66,betCent,10,0.5839968152866242,0,9,None,66,1,5,False,1000,1000
4977,67,betCent,10,0.6042993630573248,0,9,None,66,1,5,False,1000,1000
4978,68,betCent,10,0.6155453821656051,0,9,None,66,1,5,False,1000,1000
4979,69,betCent,10,0.6222133757961783,0,9,None,66,1,5,False,1000,1000
4980,65,betCent,10,0.5470740445859873,0,21,None,66,1,5,False,1000,1000
4981,66,betCent,10,0.5324442675159236,0,21,None,66,1,5,False,1000,1000
4982,67,betCent,10,0.5185111464968153,0,21,None,66,1,5,False,1000,1000
4983,68,betCent,10,0.5093550955414012,0,21,None,66,1,5,False,1000,1000
4984,69,betCent,10,0.5043789808917197,0,21,None,66,1,5,False,1000,1000
4985,65,betCent,10,0.5154259554140127,0,28,None,66,1,5,False,1000,1000
4986,66,betCent,10,0.5364251592356688,0,28,None,66,1,5,False,1000,1000
4987,67,betCent,10,0.5515525477707006,0,28,None,66,1,5,False,1000,1000
4988,68,betCent,10,0.5607085987261147,0,28,None,66,1,5,False,1000,1000
4989,69,betCent,10,0.5647890127388535,0,28,None,66,1,5,False,1000,1000
4990,65,betCent,10,0.4511345541401274,0,29,None,66,1,5,False,1000,1000
4991,66,betCent,10,0.4459593949044586,0,29,None,66,1,5,False,1000,1000
4992,67,betCent,10,0.4470541401273885,0,29,None,66,1,5,False,1000,1000
4993,68,betCent,10,0.4486464968152866,0,29,None,66,1,5,False,1000,1000
4994,69,betCent,10,0.4522292993630573,0,29,None,66,1,5,False,1000,1000
4995,65,betCent,10,0.451234076433121,0,15,None,66,1,5,False,1000,1000
4996,66,betCent,10,0.4353105095541401,0,15,None,66,1,5,False,1000,1000
4997,67,betCent,10,0.4346138535031847,0,15,None,66,1,5,False,1000,1000
4998,68,betCent,10,0.4411823248407643,0,15,None,66,1,5,False,1000,1000
4999,69,betCent,10,0.448546974522293,0,15,None,66,1,5,False,1000,1000
5000,65,betCent,10,0.4653662420382166,0,10,None,66,1,5,False,1000,1000
5001,66,betCent,10,0.5126393312101911,0,10,None,66,1,5,False,1000,1000
5002,67,betCent,10,0.5429936305732485,0,10,None,66,1,5,False,1000,1000
5003,68,betCent,10,0.5596138535031847,0,10,None,66,1,5,False,1000,1000
5004,69,betCent,10,0.5694665605095541,0,10,None,66,1,5,False,1000,1000
5005,65,betCent,10,0.5337380573248408,0,6,None,66,1,5,False,1000,1000
5006,66,betCent,10,0.5336385350318471,0,6,None,66,1,5,False,1000,1000
5007,67,betCent,10,0.5349323248407644,0,6,None,66,1,5,False,1000,1000
5008,68,betCent,10,0.5363256369426752,0,6,None,66,1,5,False,1000,1000
5009,69,betCent,10,0.5376194267515924,0,6,None,66,1,5,False,1000,1000
5010,65,betCent,10,0.4678542993630573,0,12,None,66,1,5,False,1000,1000
5011,66,betCent,10,0.5044785031847133,0,12,None,66,1,5,False,1000,1000
5012,67,betCent,10,0.5336385350318471,0,12,None,66,1,5,False,1000,1000
5013,68,betCent,10,0.5515525477707006,0,12,None,66,1,5,False,1000,1000
5014,69,betCent,10,0.5658837579617835,0,12,None,66,1,5,False,1000,1000
5015,65,betCent,10,0.5410031847133758,0,13,None,66,1,5,False,1000,1000
5016,66,betCent,10,0.5302547770700637,0,13,None,66,1,5,False,1000,1000
5017,67,betCent,10,0.5243829617834395,0,13,None,66,1,5,False,1000,1000
5018,68,betCent,10,0.5179140127388535,0,13,None,66,1,5,False,1000,1000
5019,69,betCent,10,0.5106488853503185,0,13,None,66,1,5,False,1000,1000
5020,65,betCent,10,0.569765127388535,0,25,None,66,1,5,False,1000,1000
5021,66,betCent,10,0.5511544585987261,0,25,None,66,1,5,False,1000,1000
5022,67,betCent,10,0.5520501592356688,0,25,None,66,1,5,False,1000,1000
5023,68,betCent,10,0.5584195859872612,0,25,None,66,1,5,False,1000,1000
5024,69,betCent,10,0.5618033439490446,0,25,None,66,1,5,False,1000,1000
5025,65,betCent,10,0.5263734076433121,0,26,None,66,1,5,False,1000,1000
5026,66,betCent,10,0.5186106687898089,0,26,None,66,1,5,False,1000,1000
5027,67,betCent,10,0.5224920382165605,0,26,None,66,1,5,False,1000,1000
5028,68,betCent,10,0.5268710191082803,0,26,None,66,1,5,False,1000,1000
5029,69,betCent,10,0.53015525477707,0,26,None,66,1,5,False,1000,1000
5030,65,betCent,10,0.3264331210191082,0,11,None,66,1,5,False,1000,1000
5031,66,betCent,10,0.4012738853503185,0,11,None,66,1,5,False,1000,1000
5032,67,betCent,10,0.3333996815286624,0,11,None,66,1,5,False,1000,1000
5033,68,betCent,10,0.3038415605095541,0,11,None,66,1,5,False,1000,1000
5034,69,betCent,10,0.2861265923566879,0,11,None,66,1,5,False,1000,1000
5035,65,betCent,10,0.4321257961783439,0,17,None,66,1,5,False,1000,1000
5036,66,betCent,10,0.4209792993630573,0,17,None,66,1,5,False,1000,1000
5037,67,betCent,10,0.4198845541401274,0,17,None,66,1,5,False,1000,1000
5038,68,betCent,10,0.4192874203821656,0,17,None,66,1,5,False,1000,1000
5039,69,betCent,10,0.419984076433121,0,17,None,66,1,5,False,1000,1000
5040,65,betCent,10,0.3498208598726114,0,20,None,66,1,5,False,1000,1000
5041,66,betCent,10,0.3701234076433121,0,20,None,66,1,5,False,1000,1000
5042,67,betCent,10,0.3728105095541401,0,20,None,66,1,5,False,1000,1000
5043,68,betCent,10,0.3791799363057325,0,20,None,66,1,5,False,1000,1000
5044,69,betCent,10,0.3905254777070063,0,20,None,66,1,5,False,1000,1000
5045,65,betCent,10,0.4534235668789809,0,18,None,66,1,5,False,1000,1000
5046,66,betCent,10,0.4594944267515923,0,18,None,66,1,5,False,1000,1000
5047,67,betCent,10,0.4522292993630573,0,18,None,66,1,5,False,1000,1000
5048,68,betCent,10,0.4478503184713376,0,18,None,66,1,5,False,1000,1000
5049,69,betCent,10,0.4464570063694267,0,18,None,66,1,5,False,1000,1000
5050,65,betCent,10,0.509156050955414,0,8,None,66,1,5,False,1000,1000
5051,66,betCent,10,0.5365246815286624,0,8,None,66,1,5,False,1000,1000
5052,67,betCent,10,0.5483678343949044,0,8,None,66,1,5,False,1000,1000
5053,68,betCent,10,0.5592157643312102,0,8,None,66,1,5,False,1000,1000
5054,69,betCent,10,0.5723527070063694,0,8,None,66,1,5,False,1000,1000
5055,65,betCent,10,0.549562101910828,0,19,None,66,1,5,False,1000,1000
5056,66,betCent,10,0.5590167197452229,0,19,None,66,1,5,False,1000,1000
5057,67,betCent,10,0.5686703821656051,0,19,None,66,1,5,False,1000,1000
5058,68,betCent,10,0.5772292993630573,0,19,None,66,1,5,False,1000,1000
5059,69,betCent,10,0.5901671974522293,0,19,None,66,1,5,False,1000,1000
5060,65,betCent,10,0.4572054140127388,0,32,None,66,1,5,False,1000,1000
5061,66,betCent,10,0.4527269108280254,0,32,None,66,1,5,False,1000,1000
5062,67,betCent,10,0.4569068471337579,0,32,None,66,1,5,False,1000,1000
5063,68,betCent,10,0.4638734076433121,0,32,None,66,1,5,False,1000,1000
5064,69,betCent,10,0.473328025477707,0,32,None,66,1,5,False,1000,1000
5065,65,betCent,10,0.4865644904458598,0,7,None,66,1,5,False,1000,1000
5066,66,betCent,10,0.4654657643312102,0,7,None,66,1,5,False,1000,1000
5067,67,betCent,10,0.480593152866242,0,7,None,66,1,5,False,1000,1000
5068,68,betCent,10,0.5015923566878981,0,7,None,66,1,5,False,1000,1000
5069,69,betCent,10,0.5128383757961783,0,7,None,66,1,5,False,1000,1000
5070,65,betCent,10,0.5031847133757962,0,2,None,66,1,5,False,1000,1000
5071,66,betCent,10,0.5043789808917197,0,2,None,66,1,5,False,1000,1000
5072,67,betCent,10,0.5027866242038217,0,2,None,66,1,5,False,1000,1000
5073,68,betCent,10,0.487062101910828,0,2,None,66,1,5,False,1000,1000
5074,69,betCent,10,0.4700437898089172,0,2,None,66,1,5,False,1000,1000
5075,65,betCent,10,0.3562898089171974,0,3,None,66,1,5,False,1000,1000
5076,66,betCent,10,0.3350915605095541,0,3,None,66,1,5,False,1000,1000
5077,67,betCent,10,0.318968949044586,0,3,None,66,1,5,False,1000,1000
5078,68,betCent,10,0.3030453821656051,0,3,None,66,1,5,False,1000,1000
5079,69,betCent,10,0.2943869426751592,0,3,None,66,1,5,False,1000,1000
5080,65,betCent,10,0.5316480891719745,0,23,None,66,1,5,False,1000,1000
5081,66,betCent,10,0.5334394904458599,0,23,None,66,1,5,False,1000,1000
5082,67,betCent,10,0.5401074840764332,0,23,None,66,1,5,False,1000,1000
5083,68,betCent,10,0.5458797770700637,0,23,None,66,1,5,False,1000,1000
5084,69,betCent,10,0.5509554140127388,0,23,None,66,1,5,False,1000,1000
5085,65,betCent,10,0.574343152866242,0,4,None,66,1,5,False,1000,1000
5086,66,betCent,10,0.5712579617834395,0,4,None,66,1,5,False,1000,1000
5087,67,betCent,10,0.5713574840764332,0,4,None,66,1,5,False,1000,1000
5088,68,betCent,10,0.5718550955414012,0,4,None,66,1,5,False,1000,1000
5089,69,betCent,10,0.5760350318471338,0,4,None,66,1,5,False,1000,1000
5090,65,betCent,10,0.544187898089172,0,24,None,66,1,5,False,1000,1000
5091,66,betCent,10,0.553343949044586,0,24,None,66,1,5,False,1000,1000
5092,67,betCent,10,0.5630971337579618,0,24,None,66,1,5,False,1000,1000
5093,68,betCent,10,0.5720541401273885,0,24,None,66,1,5,False,1000,1000
5094,69,betCent,10,0.5812101910828026,0,24,None,66,1,5,False,1000,1000
5095,65,betCent,10,0.5039808917197452,0,27,None,66,1,5,False,1000,1000
5096,66,betCent,10,0.5241839171974523,0,27,None,66,1,5,False,1000,1000
5097,67,betCent,10,0.539609872611465,0,27,None,66,1,5,False,1000,1000
5098,68,betCent,10,0.5557324840764332,0,27,None,66,1,5,False,1000,1000
5099,69,betCent,10,0.5663813694267515,0,27,None,66,1,5,False,1000,1000
5100,65,betCent,10,0.533140923566879,0,0,None,66,1,5,False,1000,1000
5101,66,betCent,10,0.5397093949044586,0,0,None,66,1,5,False,1000,1000
5102,67,betCent,10,0.5462778662420382,0,0,None,66,1,5,False,1000,1000
5103,68,betCent,10,0.5515525477707006,0,0,None,66,1,5,False,1000,1000
5104,69,betCent,10,0.5532444267515924,0,0,None,66,1,5,False,1000,1000
5105,65,betCent,10,0.5500597133757962,0,31,None,66,1,5,False,1000,1000
5106,66,betCent,10,0.5567277070063694,0,31,None,66,1,5,False,1000,1000
5107,67,betCent,10,0.5625,0,31,None,66,1,5,False,1000,1000
5108,68,betCent,10,0.5692675159235668,0,31,None,66,1,5,False,1000,1000
5109,69,betCent,10,0.5740445859872612,0,31,None,66,1,5,False,1000,1000
5110,65,betCent,10,0.4854697452229299,0,30,None,66,1,5,False,1000,1000
5111,66,betCent,10,0.4816878980891719,0,30,None,66,1,5,False,1000,1000
5112,67,betCent,10,0.4808917197452229,0,30,None,66,1,5,False,1000,1000
5113,68,betCent,10,0.4819864649681528,0,30,None,66,1,5,False,1000,1000
5114,69,betCent,10,0.48328025477707,0,30,None,66,1,5,False,1000,1000
5115,70,betCent,10,0.5583200636942676,0,24,None,66,1,5,False,1000,1000
5116,71,betCent,10,0.5684713375796179,0,24,None,66,1,5,False,1000,1000
5117,72,betCent,10,0.5767316878980892,0,24,None,66,1,5,False,1000,1000
5118,73,betCent,10,0.5870820063694268,0,24,None,66,1,5,False,1000,1000
5119,74,betCent,10,0.5929538216560509,0,24,None,66,1,5,False,1000,1000
5120,70,betCent,10,0.5406050955414012,0,1,None,66,1,5,False,1000,1000
5121,71,betCent,10,0.5425955414012739,0,1,None,66,1,5,False,1000,1000
5122,72,betCent,10,0.548765923566879,0,1,None,66,1,5,False,1000,1000
5123,73,betCent,10,0.5571257961783439,0,1,None,66,1,5,False,1000,1000
5124,74,betCent,10,0.5657842356687898,0,1,None,66,1,5,False,1000,1000
5125,70,betCent,10,0.556827229299363,0,21,None,66,1,5,False,1000,1000
5126,71,betCent,10,0.5473726114649682,0,21,None,66,1,5,False,1000,1000
5127,72,betCent,10,0.5356289808917197,0,21,None,66,1,5,False,1000,1000
5128,73,betCent,10,0.5272691082802548,0,21,None,66,1,5,False,1000,1000
5129,74,betCent,10,0.522093949044586,0,21,None,66,1,5,False,1000,1000
5130,70,betCent,10,0.4390923566878981,0,2,None,66,1,5,False,1000,1000
5131,71,betCent,10,0.5547372611464968,0,2,None,66,1,5,False,1000,1000
5132,72,betCent,10,0.5434912420382165,0,2,None,66,1,5,False,1000,1000
5133,73,betCent,10,0.5061703821656051,0,2,None,66,1,5,False,1000,1000
5134,74,betCent,10,0.4759156050955414,0,2,None,66,1,5,False,1000,1000
5135,70,betCent,10,0.3165804140127388,0,11,None,66,1,5,False,1000,1000
5136,71,betCent,10,0.3156847133757962,0,11,None,66,1,5,False,1000,1000
5137,72,betCent,10,0.3385748407643312,0,11,None,66,1,5,False,1000,1000
5138,73,betCent,10,0.3046377388535032,0,11,None,66,1,5,False,1000,1000
5139,74,betCent,10,0.2891122611464968,0,11,None,66,1,5,False,1000,1000
5140,70,betCent,10,0.462281050955414,0,15,None,66,1,5,False,1000,1000
5141,71,betCent,10,0.4511345541401274,0,15,None,66,1,5,False,1000,1000
5142,72,betCent,10,0.459593949044586,0,15,None,66,1,5,False,1000,1000
5143,73,betCent,10,0.4751194267515923,0,15,None,66,1,5,False,1000,1000
5144,74,betCent,10,0.4909434713375796,0,15,None,66,1,5,False,1000,1000
5145,70,betCent,10,0.4383957006369426,0,17,None,66,1,5,False,1000,1000
5146,71,betCent,10,0.4666600318471338,0,17,None,66,1,5,False,1000,1000
5147,72,betCent,10,0.4513335987261146,0,17,None,66,1,5,False,1000,1000
5148,73,betCent,10,0.4496417197452229,0,17,None,66,1,5,False,1000,1000
5149,74,betCent,10,0.4489450636942675,0,17,None,66,1,5,False,1000,1000
5150,70,betCent,10,0.6081807324840764,0,16,None,66,1,5,False,1000,1000
5151,71,betCent,10,0.620421974522293,0,16,None,66,1,5,False,1000,1000
5152,72,betCent,10,0.6309713375796179,0,16,None,66,1,5,False,1000,1000
5153,73,betCent,10,0.6408240445859873,0,16,None,66,1,5,False,1000,1000
5154,74,betCent,10,0.6491839171974523,0,16,None,66,1,5,False,1000,1000
5155,70,betCent,10,0.5503582802547771,0,13,None,66,1,5,False,1000,1000
5156,71,betCent,10,0.54578025477707,0,13,None,66,1,5,False,1000,1000
5157,72,betCent,10,0.5392117834394905,0,13,None,66,1,5,False,1000,1000
5158,73,betCent,10,0.5319466560509554,0,13,None,66,1,5,False,1000,1000
5159,74,betCent,10,0.5265724522292994,0,13,None,66,1,5,False,1000,1000
5160,70,betCent,10,0.5401074840764332,0,28,None,66,1,5,False,1000,1000
5161,71,betCent,10,0.552547770700637,0,28,None,66,1,5,False,1000,1000
5162,72,betCent,10,0.5605095541401274,0,28,None,66,1,5,False,1000,1000
5163,73,betCent,10,0.5655851910828026,0,28,None,66,1,5,False,1000,1000
5164,74,betCent,10,0.5695660828025477,0,28,None,66,1,5,False,1000,1000
5165,70,betCent,10,0.5676751592356688,0,25,None,66,1,5,False,1000,1000
5166,71,betCent,10,0.5420979299363057,0,25,None,66,1,5,False,1000,1000
5167,72,betCent,10,0.5378184713375797,0,25,None,66,1,5,False,1000,1000
5168,73,betCent,10,0.5439888535031847,0,25,None,66,1,5,False,1000,1000
5169,74,betCent,10,0.5480692675159236,0,25,None,66,1,5,False,1000,1000
5170,70,betCent,10,0.5586186305732485,0,9,None,66,1,5,False,1000,1000
5171,71,betCent,10,0.5914609872611465,0,9,None,66,1,5,False,1000,1000
5172,72,betCent,10,0.6086783439490446,0,9,None,66,1,5,False,1000,1000
5173,73,betCent,10,0.616640127388535,0,9,None,66,1,5,False,1000,1000
5174,74,betCent,10,0.6245023885350318,0,9,None,66,1,5,False,1000,1000
5175,70,betCent,10,0.463077229299363,0,29,None,66,1,5,False,1000,1000
5176,71,betCent,10,0.4547173566878981,0,29,None,66,1,5,False,1000,1000
5177,72,betCent,10,0.4559116242038216,0,29,None,66,1,5,False,1000,1000
5178,73,betCent,10,0.4590963375796178,0,29,None,66,1,5,False,1000,1000
5179,74,betCent,10,0.461484872611465,0,29,None,66,1,5,False,1000,1000
5180,70,betCent,10,0.5213972929936306,0,5,None,66,1,5,False,1000,1000
5181,71,betCent,10,0.526671974522293,0,5,None,66,1,5,False,1000,1000
5182,72,betCent,10,0.5353304140127388,0,5,None,66,1,5,False,1000,1000
5183,73,betCent,10,0.5433917197452229,0,5,None,66,1,5,False,1000,1000
5184,74,betCent,10,0.5543391719745223,0,5,None,66,1,5,False,1000,1000
5185,70,betCent,10,0.5270700636942676,0,7,None,66,1,5,False,1000,1000
5186,71,betCent,10,0.5081608280254777,0,7,None,66,1,5,False,1000,1000
5187,72,betCent,10,0.5179140127388535,0,7,None,66,1,5,False,1000,1000
5188,73,betCent,10,0.5292595541401274,0,7,None,66,1,5,False,1000,1000
5189,74,betCent,10,0.5387141719745223,0,7,None,66,1,5,False,1000,1000
5190,70,betCent,10,0.5032842356687898,0,12,None,66,1,5,False,1000,1000
5191,71,betCent,10,0.5305533439490446,0,12,None,66,1,5,False,1000,1000
5192,72,betCent,10,0.5492635350318471,0,12,None,66,1,5,False,1000,1000
5193,73,betCent,10,0.5639928343949044,0,12,None,66,1,5,False,1000,1000
5194,74,betCent,10,0.5777269108280255,0,12,None,66,1,5,False,1000,1000
5195,70,betCent,10,0.6125597133757962,0,14,None,66,1,5,False,1000,1000
5196,71,betCent,10,0.6148487261146497,0,14,None,66,1,5,False,1000,1000
5197,72,betCent,10,0.6175358280254777,0,14,None,66,1,5,False,1000,1000
5198,73,betCent,10,0.6199243630573248,0,14,None,66,1,5,False,1000,1000
5199,74,betCent,10,0.622312898089172,0,14,None,66,1,5,False,1000,1000
5200,70,betCent,10,0.537718949044586,0,26,None,66,1,5,False,1000,1000
5201,71,betCent,10,0.5158240445859873,0,26,None,66,1,5,False,1000,1000
5202,72,betCent,10,0.5141321656050956,0,26,None,66,1,5,False,1000,1000
5203,73,betCent,10,0.5182125796178344,0,26,None,66,1,5,False,1000,1000
5204,74,betCent,10,0.522890127388535,0,26,None,66,1,5,False,1000,1000
5205,70,betCent,10,0.4944267515923566,0,30,None,66,1,5,False,1000,1000
5206,71,betCent,10,0.4826831210191082,0,30,None,66,1,5,False,1000,1000
5207,72,betCent,10,0.4815883757961783,0,30,None,66,1,5,False,1000,1000
5208,73,betCent,10,0.4818869426751592,0,30,None,66,1,5,False,1000,1000
5209,74,betCent,10,0.482484076433121,0,30,None,66,1,5,False,1000,1000
5210,70,betCent,10,0.5280652866242038,0,27,None,66,1,5,False,1000,1000
5211,71,betCent,10,0.5420979299363057,0,27,None,66,1,5,False,1000,1000
5212,72,betCent,10,0.5561305732484076,0,27,None,66,1,5,False,1000,1000
5213,73,betCent,10,0.5678742038216561,0,27,None,66,1,5,False,1000,1000
5214,74,betCent,10,0.5736464968152867,0,27,None,66,1,5,False,1000,1000
5215,70,betCent,10,0.537718949044586,0,6,None,66,1,5,False,1000,1000
5216,71,betCent,10,0.5381170382165605,0,6,None,66,1,5,False,1000,1000
5217,72,betCent,10,0.5400079617834395,0,6,None,66,1,5,False,1000,1000
5218,73,betCent,10,0.5435907643312102,0,6,None,66,1,5,False,1000,1000
5219,74,betCent,10,0.544984076433121,0,6,None,66,1,5,False,1000,1000
5220,70,betCent,10,0.5569267515923567,0,0,None,66,1,5,False,1000,1000
5221,71,betCent,10,0.5562300955414012,0,0,None,66,1,5,False,1000,1000
5222,72,betCent,10,0.5572253184713376,0,0,None,66,1,5,False,1000,1000
5223,73,betCent,10,0.5605095541401274,0,0,None,66,1,5,False,1000,1000
5224,74,betCent,10,0.5645899681528662,0,0,None,66,1,5,False,1000,1000
5225,70,betCent,10,0.5920581210191083,0,4,None,66,1,5,False,1000,1000
5226,71,betCent,10,0.5913614649681529,0,4,None,66,1,5,False,1000,1000
5227,72,betCent,10,0.5887738853503185,0,4,None,66,1,5,False,1000,1000
5228,73,betCent,10,0.5905652866242038,0,4,None,66,1,5,False,1000,1000
5229,74,betCent,10,0.5938495222929936,0,4,None,66,1,5,False,1000,1000
5230,70,betCent,10,0.3477308917197452,0,20,None,66,1,5,False,1000,1000
5231,71,betCent,10,0.3646496815286624,0,20,None,66,1,5,False,1000,1000
5232,72,betCent,10,0.3749004777070063,0,20,None,66,1,5,False,1000,1000
5233,73,betCent,10,0.3907245222929936,0,20,None,66,1,5,False,1000,1000
5234,74,betCent,10,0.4105294585987261,0,20,None,66,1,5,False,1000,1000
5235,70,betCent,10,0.5033837579617835,0,10,None,66,1,5,False,1000,1000
5236,71,betCent,10,0.5352308917197452,0,10,None,66,1,5,False,1000,1000
5237,72,betCent,10,0.553343949044586,0,10,None,66,1,5,False,1000,1000
5238,73,betCent,10,0.5659832802547771,0,10,None,66,1,5,False,1000,1000
5239,74,betCent,10,0.5763335987261147,0,10,None,66,1,5,False,1000,1000
5240,70,betCent,10,0.5496616242038217,0,22,None,66,1,5,False,1000,1000
5241,71,betCent,10,0.5556329617834395,0,22,None,66,1,5,False,1000,1000
5242,72,betCent,10,0.5633957006369427,0,22,None,66,1,5,False,1000,1000
5243,73,betCent,10,0.5699641719745223,0,22,None,66,1,5,False,1000,1000
5244,74,betCent,10,0.5783240445859873,0,22,None,66,1,5,False,1000,1000
5245,70,betCent,10,0.5483678343949044,0,23,None,66,1,5,False,1000,1000
5246,71,betCent,10,0.5500597133757962,0,23,None,66,1,5,False,1000,1000
5247,72,betCent,10,0.5540406050955414,0,23,None,66,1,5,False,1000,1000
5248,73,betCent,10,0.5592157643312102,0,23,None,66,1,5,False,1000,1000
5249,74,betCent,10,0.5628980891719745,0,23,None,66,1,5,False,1000,1000
5250,70,betCent,10,0.4950238853503185,0,32,None,66,1,5,False,1000,1000
5251,71,betCent,10,0.4938296178343949,0,32,None,66,1,5,False,1000,1000
5252,72,betCent,10,0.5019904458598726,0,32,None,66,1,5,False,1000,1000
5253,73,betCent,10,0.5089570063694268,0,32,None,66,1,5,False,1000,1000
5254,74,betCent,10,0.5158240445859873,0,32,None,66,1,5,False,1000,1000
5255,70,betCent,10,0.5222929936305732,0,8,None,66,1,5,False,1000,1000
5256,71,betCent,10,0.5426950636942676,0,8,None,66,1,5,False,1000,1000
5257,72,betCent,10,0.5530453821656051,0,8,None,66,1,5,False,1000,1000
5258,73,betCent,10,0.5639928343949044,0,8,None,66,1,5,False,1000,1000
5259,74,betCent,10,0.5769307324840764,0,8,None,66,1,5,False,1000,1000
5260,70,betCent,10,0.5153264331210191,0,18,None,66,1,5,False,1000,1000
5261,71,betCent,10,0.4784036624203822,0,18,None,66,1,5,False,1000,1000
5262,72,betCent,10,0.4623805732484076,0,18,None,66,1,5,False,1000,1000
5263,73,betCent,10,0.4592953821656051,0,18,None,66,1,5,False,1000,1000
5264,74,betCent,10,0.4594944267515923,0,18,None,66,1,5,False,1000,1000
5265,70,betCent,10,0.3618630573248407,0,3,None,66,1,5,False,1000,1000
5266,71,betCent,10,0.3444466560509554,0,3,None,66,1,5,False,1000,1000
5267,72,betCent,10,0.3294187898089172,0,3,None,66,1,5,False,1000,1000
5268,73,betCent,10,0.3192675159235669,0,3,None,66,1,5,False,1000,1000
5269,74,betCent,10,0.3134952229299363,0,3,None,66,1,5,False,1000,1000
5270,70,betCent,10,0.5600119426751592,0,19,None,66,1,5,False,1000,1000
5271,71,betCent,10,0.5712579617834395,0,19,None,66,1,5,False,1000,1000
5272,72,betCent,10,0.5810111464968153,0,19,None,66,1,5,False,1000,1000
5273,73,betCent,10,0.5921576433121019,0,19,None,66,1,5,False,1000,1000
5274,74,betCent,10,0.5981289808917197,0,19,None,66,1,5,False,1000,1000
5275,70,betCent,10,0.5491640127388535,0,31,None,66,1,5,False,1000,1000
5276,71,betCent,10,0.5534434713375797,0,31,None,66,1,5,False,1000,1000
5277,72,betCent,10,0.5620023885350318,0,31,None,66,1,5,False,1000,1000
5278,73,betCent,10,0.5663813694267515,0,31,None,66,1,5,False,1000,1000
5279,74,betCent,10,0.5717555732484076,0,31,None,66,1,5,False,1000,1000
5280,75,betCent,10,0.5291600318471338,0,18,None,66,1,5,False,1000,1000
5281,76,betCent,10,0.479796974522293,0,18,None,66,1,5,False,1000,1000
5282,77,betCent,10,0.463077229299363,0,18,None,66,1,5,False,1000,1000
5283,78,betCent,10,0.4629777070063694,0,18,None,66,1,5,False,1000,1000
5284,79,betCent,10,0.4666600318471338,0,18,None,66,1,5,False,1000,1000
5285,75,betCent,10,0.5625,0,1,None,66,1,5,False,1000,1000
5286,76,betCent,10,0.5658837579617835,0,1,None,66,1,5,False,1000,1000
5287,77,betCent,10,0.5727507961783439,0,1,None,66,1,5,False,1000,1000
5288,78,betCent,10,0.5761345541401274,0,1,None,66,1,5,False,1000,1000
5289,79,betCent,10,0.5814092356687898,0,1,None,66,1,5,False,1000,1000
5290,75,betCent,10,0.5308519108280255,0,5,None,66,1,5,False,1000,1000
5291,76,betCent,10,0.537718949044586,0,5,None,66,1,5,False,1000,1000
5292,77,betCent,10,0.5469745222929936,0,5,None,66,1,5,False,1000,1000
5293,78,betCent,10,0.5581210191082803,0,5,None,66,1,5,False,1000,1000
5294,79,betCent,10,0.5660828025477707,0,5,None,66,1,5,False,1000,1000
5295,75,betCent,10,0.613156847133758,0,16,None,66,1,5,False,1000,1000
5296,76,betCent,10,0.6254976114649682,0,16,None,66,1,5,False,1000,1000
5297,77,betCent,10,0.6356488853503185,0,16,None,66,1,5,False,1000,1000
5298,78,betCent,10,0.6451035031847133,0,16,None,66,1,5,False,1000,1000
5299,79,betCent,10,0.6520700636942676,0,16,None,66,1,5,False,1000,1000
5300,75,betCent,10,0.546875,0,7,None,66,1,5,False,1000,1000
5301,76,betCent,10,0.5357285031847133,0,7,None,66,1,5,False,1000,1000
5302,77,betCent,10,0.5450835987261147,0,7,None,66,1,5,False,1000,1000
5303,78,betCent,10,0.5496616242038217,0,7,None,66,1,5,False,1000,1000
5304,79,betCent,10,0.5565286624203821,0,7,None,66,1,5,False,1000,1000
5305,75,betCent,10,0.5701632165605095,0,9,None,66,1,5,False,1000,1000
5306,76,betCent,10,0.5990246815286624,0,9,None,66,1,5,False,1000,1000
5307,77,betCent,10,0.6124601910828026,0,9,None,66,1,5,False,1000,1000
5308,78,betCent,10,0.6202229299363057,0,9,None,66,1,5,False,1000,1000
5309,79,betCent,10,0.6272890127388535,0,9,None,66,1,5,False,1000,1000
5310,75,betCent,10,0.5887738853503185,0,14,None,66,1,5,False,1000,1000
5311,76,betCent,10,0.5938495222929936,0,14,None,66,1,5,False,1000,1000
5312,77,betCent,10,0.599422770700637,0,14,None,66,1,5,False,1000,1000
5313,78,betCent,10,0.6030055732484076,0,14,None,66,1,5,False,1000,1000
5314,79,betCent,10,0.6060907643312102,0,14,None,66,1,5,False,1000,1000
5315,75,betCent,10,0.5035828025477707,0,29,None,66,1,5,False,1000,1000
5316,76,betCent,10,0.4857683121019108,0,29,None,66,1,5,False,1000,1000
5317,77,betCent,10,0.4860668789808917,0,29,None,66,1,5,False,1000,1000
5318,78,betCent,10,0.4892515923566879,0,29,None,66,1,5,False,1000,1000
5319,79,betCent,10,0.492734872611465,0,29,None,66,1,5,False,1000,1000
5320,75,betCent,10,0.4872611464968153,0,15,None,66,1,5,False,1000,1000
5321,76,betCent,10,0.4838773885350318,0,15,None,66,1,5,False,1000,1000
5322,77,betCent,10,0.4956210191082802,0,15,None,66,1,5,False,1000,1000
5323,78,betCent,10,0.5071656050955414,0,15,None,66,1,5,False,1000,1000
5324,79,betCent,10,0.5153264331210191,0,15,None,66,1,5,False,1000,1000
5325,75,betCent,10,0.3298168789808917,0,11,None,66,1,5,False,1000,1000
5326,76,betCent,10,0.3844546178343949,0,11,None,66,1,5,False,1000,1000
5327,77,betCent,10,0.3395700636942675,0,11,None,66,1,5,False,1000,1000
5328,78,betCent,10,0.317874203821656,0,11,None,66,1,5,False,1000,1000
5329,79,betCent,10,0.2984673566878981,0,11,None,66,1,5,False,1000,1000
5330,75,betCent,10,0.4740246815286624,0,17,None,66,1,5,False,1000,1000
5331,76,betCent,10,0.4791003184713376,0,17,None,66,1,5,False,1000,1000
5332,77,betCent,10,0.4662619426751592,0,17,None,66,1,5,False,1000,1000
5333,78,betCent,10,0.4678542993630573,0,17,None,66,1,5,False,1000,1000
5334,79,betCent,10,0.472233280254777,0,17,None,66,1,5,False,1000,1000
5335,75,betCent,10,0.567078025477707,0,13,None,66,1,5,False,1000,1000
5336,76,betCent,10,0.5624004777070064,0,13,None,66,1,5,False,1000,1000
5337,77,betCent,10,0.5610071656050956,0,13,None,66,1,5,False,1000,1000
5338,78,betCent,10,0.5591162420382165,0,13,None,66,1,5,False,1000,1000
5339,79,betCent,10,0.5564291401273885,0,13,None,66,1,5,False,1000,1000
5340,75,betCent,10,0.5325437898089171,0,12,None,66,1,5,False,1000,1000
5341,76,betCent,10,0.5490644904458599,0,12,None,66,1,5,False,1000,1000
5342,77,betCent,10,0.5630971337579618,0,12,None,66,1,5,False,1000,1000
5343,78,betCent,10,0.57703025477707,0,12,None,66,1,5,False,1000,1000
5344,79,betCent,10,0.5878781847133758,0,12,None,66,1,5,False,1000,1000
5345,75,betCent,10,0.5488654458598726,0,26,None,66,1,5,False,1000,1000
5346,76,betCent,10,0.5310509554140127,0,26,None,66,1,5,False,1000,1000
5347,77,betCent,10,0.5334394904458599,0,26,None,66,1,5,False,1000,1000
5348,78,betCent,10,0.5370222929936306,0,26,None,66,1,5,False,1000,1000
5349,79,betCent,10,0.5382165605095541,0,26,None,66,1,5,False,1000,1000
5350,75,betCent,10,0.6263933121019108,0,25,None,66,1,5,False,1000,1000
5351,76,betCent,10,0.6271894904458599,0,25,None,66,1,5,False,1000,1000
5352,77,betCent,10,0.6278861464968153,0,25,None,66,1,5,False,1000,1000
5353,78,betCent,10,0.6289808917197452,0,25,None,66,1,5,False,1000,1000
5354,79,betCent,10,0.6294785031847133,0,25,None,66,1,5,False,1000,1000
5355,75,betCent,10,0.5580214968152867,0,28,None,66,1,5,False,1000,1000
5356,76,betCent,10,0.564390923566879,0,28,None,66,1,5,False,1000,1000
5357,77,betCent,10,0.5678742038216561,0,28,None,66,1,5,False,1000,1000
5358,78,betCent,10,0.5707603503184714,0,28,None,66,1,5,False,1000,1000
5359,79,betCent,10,0.5736464968152867,0,28,None,66,1,5,False,1000,1000
5360,75,betCent,10,0.5718550955414012,0,19,None,66,1,5,False,1000,1000
5361,76,betCent,10,0.5825039808917197,0,19,None,66,1,5,False,1000,1000
5362,77,betCent,10,0.5932523885350318,0,19,None,66,1,5,False,1000,1000
5363,78,betCent,10,0.5985270700636943,0,19,None,66,1,5,False,1000,1000
5364,79,betCent,10,0.6069864649681529,0,19,None,66,1,5,False,1000,1000
5365,75,betCent,10,0.5672770700636943,0,21,None,66,1,5,False,1000,1000
5366,76,betCent,10,0.5624004777070064,0,21,None,66,1,5,False,1000,1000
5367,77,betCent,10,0.5530453821656051,0,21,None,66,1,5,False,1000,1000
5368,78,betCent,10,0.5452826433121019,0,21,None,66,1,5,False,1000,1000
5369,79,betCent,10,0.5416003184713376,0,21,None,66,1,5,False,1000,1000
5370,75,betCent,10,0.5680732484076433,0,24,None,66,1,5,False,1000,1000
5371,76,betCent,10,0.5776273885350318,0,24,None,66,1,5,False,1000,1000
5372,77,betCent,10,0.5871815286624203,0,24,None,66,1,5,False,1000,1000
5373,78,betCent,10,0.5934514331210191,0,24,None,66,1,5,False,1000,1000
5374,79,betCent,10,0.6001194267515924,0,24,None,66,1,5,False,1000,1000
5375,75,betCent,10,0.5564291401273885,0,31,None,66,1,5,False,1000,1000
5376,76,betCent,10,0.5613057324840764,0,31,None,66,1,5,False,1000,1000
5377,77,betCent,10,0.5657842356687898,0,31,None,66,1,5,False,1000,1000
5378,78,betCent,10,0.5719546178343949,0,31,None,66,1,5,False,1000,1000
5379,79,betCent,10,0.5765326433121019,0,31,None,66,1,5,False,1000,1000
5380,75,betCent,10,0.5482683121019108,0,30,None,66,1,5,False,1000,1000
5381,76,betCent,10,0.5406050955414012,0,30,None,66,1,5,False,1000,1000
5382,77,betCent,10,0.5410031847133758,0,30,None,66,1,5,False,1000,1000
5383,78,betCent,10,0.5429936305732485,0,30,None,66,1,5,False,1000,1000
5384,79,betCent,10,0.5444864649681529,0,30,None,66,1,5,False,1000,1000
5385,75,betCent,10,0.5497611464968153,0,27,None,66,1,5,False,1000,1000
5386,76,betCent,10,0.5615047770700637,0,27,None,66,1,5,False,1000,1000
5387,77,betCent,10,0.5713574840764332,0,27,None,66,1,5,False,1000,1000
5388,78,betCent,10,0.5765326433121019,0,27,None,66,1,5,False,1000,1000
5389,79,betCent,10,0.5826035031847133,0,27,None,66,1,5,False,1000,1000
5390,75,betCent,10,0.4240644904458598,0,2,None,66,1,5,False,1000,1000
5391,76,betCent,10,0.5112460191082803,0,2,None,66,1,5,False,1000,1000
5392,77,betCent,10,0.5578224522292994,0,2,None,66,1,5,False,1000,1000
5393,78,betCent,10,0.5299562101910829,0,2,None,66,1,5,False,1000,1000
5394,79,betCent,10,0.490843949044586,0,2,None,66,1,5,False,1000,1000
5395,75,betCent,10,0.5644904458598726,0,0,None,66,1,5,False,1000,1000
5396,76,betCent,10,0.564390923566879,0,0,None,66,1,5,False,1000,1000
5397,77,betCent,10,0.566281847133758,0,0,None,66,1,5,False,1000,1000
5398,78,betCent,10,0.569765127388535,0,0,None,66,1,5,False,1000,1000
5399,79,betCent,10,0.5722531847133758,0,0,None,66,1,5,False,1000,1000
5400,75,betCent,10,0.3479299363057325,0,3,None,66,1,5,False,1000,1000
5401,76,betCent,10,0.3365843949044586,0,3,None,66,1,5,False,1000,1000
5402,77,betCent,10,0.3307125796178344,0,3,None,66,1,5,False,1000,1000
5403,78,betCent,10,0.3274283439490446,0,3,None,66,1,5,False,1000,1000
5404,79,betCent,10,0.3253383757961783,0,3,None,66,1,5,False,1000,1000
5405,75,betCent,10,0.6250995222929936,0,4,None,66,1,5,False,1000,1000
5406,76,betCent,10,0.6059912420382165,0,4,None,66,1,5,False,1000,1000
5407,77,betCent,10,0.6022093949044586,0,4,None,66,1,5,False,1000,1000
5408,78,betCent,10,0.6031050955414012,0,4,None,66,1,5,False,1000,1000
5409,79,betCent,10,0.6041003184713376,0,4,None,66,1,5,False,1000,1000
5410,75,betCent,10,0.5455812101910829,0,6,None,66,1,5,False,1000,1000
5411,76,betCent,10,0.5390127388535032,0,6,None,66,1,5,False,1000,1000
5412,77,betCent,10,0.5405055732484076,0,6,None,66,1,5,False,1000,1000
5413,78,betCent,10,0.5432921974522293,0,6,None,66,1,5,False,1000,1000
5414,79,betCent,10,0.5463773885350318,0,6,None,66,1,5,False,1000,1000
5415,75,betCent,10,0.5263734076433121,0,10,None,66,1,5,False,1000,1000
5416,76,betCent,10,0.5481687898089171,0,10,None,66,1,5,False,1000,1000
5417,77,betCent,10,0.5628980891719745,0,10,None,66,1,5,False,1000,1000
5418,78,betCent,10,0.5725517515923567,0,10,None,66,1,5,False,1000,1000
5419,79,betCent,10,0.5814092356687898,0,10,None,66,1,5,False,1000,1000
5420,75,betCent,10,0.5381170382165605,0,8,None,66,1,5,False,1000,1000
5421,76,betCent,10,0.5500597133757962,0,8,None,66,1,5,False,1000,1000
5422,77,betCent,10,0.560609076433121,0,8,None,66,1,5,False,1000,1000
5423,78,betCent,10,0.5729498407643312,0,8,None,66,1,5,False,1000,1000
5424,79,betCent,10,0.5828025477707006,0,8,None,66,1,5,False,1000,1000
5425,75,betCent,10,0.3590764331210191,0,20,None,66,1,5,False,1000,1000
5426,76,betCent,10,0.3650477707006369,0,20,None,66,1,5,False,1000,1000
5427,77,betCent,10,0.3844546178343949,0,20,None,66,1,5,False,1000,1000
5428,78,betCent,10,0.4113256369426751,0,20,None,66,1,5,False,1000,1000
5429,79,betCent,10,0.4348128980891719,0,20,None,66,1,5,False,1000,1000
5430,75,betCent,10,0.5566281847133758,0,22,None,66,1,5,False,1000,1000
5431,76,betCent,10,0.5611066878980892,0,22,None,66,1,5,False,1000,1000
5432,77,betCent,10,0.5677746815286624,0,22,None,66,1,5,False,1000,1000
5433,78,betCent,10,0.5753383757961783,0,22,None,66,1,5,False,1000,1000
5434,79,betCent,10,0.5806130573248408,0,22,None,66,1,5,False,1000,1000
5435,75,betCent,10,0.5618033439490446,0,23,None,66,1,5,False,1000,1000
5436,76,betCent,10,0.5612062101910829,0,23,None,66,1,5,False,1000,1000
5437,77,betCent,10,0.5639928343949044,0,23,None,66,1,5,False,1000,1000
5438,78,betCent,10,0.567078025477707,0,23,None,66,1,5,False,1000,1000
5439,79,betCent,10,0.5705613057324841,0,23,None,66,1,5,False,1000,1000
5440,75,betCent,10,0.5361265923566879,0,32,None,66,1,5,False,1000,1000
5441,76,betCent,10,0.5272691082802548,0,32,None,66,1,5,False,1000,1000
5442,77,betCent,10,0.5325437898089171,0,32,None,66,1,5,False,1000,1000
5443,78,betCent,10,0.5399084394904459,0,32,None,66,1,5,False,1000,1000
5444,79,betCent,10,0.5448845541401274,0,32,None,66,1,5,False,1000,1000
8085,80,betCent,10,0.5717555732484076,0,1,None,66,1,5,False,1000,1000
8086,81,betCent,10,0.5782245222929936,0,1,None,66,1,5,False,1000,1000
8087,82,betCent,10,0.5826035031847133,0,1,None,66,1,5,False,1000,1000
8088,83,betCent,10,0.5868829617834395,0,1,None,66,1,5,False,1000,1000
8089,84,betCent,10,0.5902667197452229,0,1,None,66,1,5,False,1000,1000
8090,80,betCent,10,0.4333200636942675,0,2,None,66,1,5,False,1000,1000
8091,81,betCent,10,0.4786027070063694,0,2,None,66,1,5,False,1000,1000
8092,82,betCent,10,0.5328423566878981,0,2,None,66,1,5,False,1000,1000
8093,83,betCent,10,0.5502587579617835,0,2,None,66,1,5,False,1000,1000
8094,84,betCent,10,0.5151273885350318,0,2,None,66,1,5,False,1000,1000
8095,80,betCent,10,0.5761345541401274,0,13,None,66,1,5,False,1000,1000
8096,81,betCent,10,0.5726512738853503,0,13,None,66,1,5,False,1000,1000
8097,82,betCent,10,0.5698646496815286,0,13,None,66,1,5,False,1000,1000
8098,83,betCent,10,0.568968949044586,0,13,None,66,1,5,False,1000,1000
8099,84,betCent,10,0.5672770700636943,0,13,None,66,1,5,False,1000,1000
8100,80,betCent,10,0.5107484076433121,0,15,None,66,1,5,False,1000,1000
8101,81,betCent,10,0.5080613057324841,0,15,None,66,1,5,False,1000,1000
8102,82,betCent,10,0.5180135350318471,0,15,None,66,1,5,False,1000,1000
8103,83,betCent,10,0.5275676751592356,0,15,None,66,1,5,False,1000,1000
8104,84,betCent,10,0.5332404458598726,0,15,None,66,1,5,False,1000,1000
8105,80,betCent,10,0.5486664012738853,0,10,None,66,1,5,False,1000,1000
8106,81,betCent,10,0.564390923566879,0,10,None,66,1,5,False,1000,1000
8107,82,betCent,10,0.5747412420382165,0,10,None,66,1,5,False,1000,1000
8108,83,betCent,10,0.583797770700637,0,10,None,66,1,5,False,1000,1000
8109,84,betCent,10,0.5927547770700637,0,10,None,66,1,5,False,1000,1000
8110,80,betCent,10,0.6198248407643312,0,16,None,66,1,5,False,1000,1000
8111,81,betCent,10,0.6307722929936306,0,16,None,66,1,5,False,1000,1000
8112,82,betCent,10,0.6401273885350318,0,16,None,66,1,5,False,1000,1000
8113,83,betCent,10,0.6492834394904459,0,16,None,66,1,5,False,1000,1000
8114,84,betCent,10,0.6552547770700637,0,16,None,66,1,5,False,1000,1000
8115,80,betCent,10,0.3328025477707006,0,11,None,66,1,5,False,1000,1000
8116,81,betCent,10,0.3828622611464968,0,11,None,66,1,5,False,1000,1000
8117,82,betCent,10,0.348328025477707,0,11,None,66,1,5,False,1000,1000
8118,83,betCent,10,0.3278264331210191,0,11,None,66,1,5,False,1000,1000
8119,84,betCent,10,0.3141918789808917,0,11,None,66,1,5,False,1000,1000
8120,80,betCent,10,0.4441679936305732,0,20,None,66,1,5,False,1000,1000
8121,81,betCent,10,0.4795979299363057,0,20,None,66,1,5,False,1000,1000
8122,82,betCent,10,0.5384156050955414,0,20,None,66,1,5,False,1000,1000
8123,83,betCent,10,0.54578025477707,0,20,None,66,1,5,False,1000,1000
8124,84,betCent,10,0.5327428343949044,0,20,None,66,1,5,False,1000,1000
8125,80,betCent,10,0.5768312101910829,0,22,None,66,1,5,False,1000,1000
8126,81,betCent,10,0.5801154458598726,0,22,None,66,1,5,False,1000,1000
8127,82,betCent,10,0.5842953821656051,0,22,None,66,1,5,False,1000,1000
8128,83,betCent,10,0.5892714968152867,0,22,None,66,1,5,False,1000,1000
8129,84,betCent,10,0.59484474522293,0,22,None,66,1,5,False,1000,1000
8130,80,betCent,10,0.6159434713375797,0,14,None,66,1,5,False,1000,1000
8131,81,betCent,10,0.6179339171974523,0,14,None,66,1,5,False,1000,1000
8132,82,betCent,10,0.6205214968152867,0,14,None,66,1,5,False,1000,1000
8133,83,betCent,10,0.6236066878980892,0,14,None,66,1,5,False,1000,1000
8134,84,betCent,10,0.6259952229299363,0,14,None,66,1,5,False,1000,1000
8135,80,betCent,10,0.5720541401273885,0,23,None,66,1,5,False,1000,1000
8136,81,betCent,10,0.5709593949044586,0,23,None,66,1,5,False,1000,1000
8137,82,betCent,10,0.5729498407643312,0,23,None,66,1,5,False,1000,1000
8138,83,betCent,10,0.5758359872611465,0,23,None,66,1,5,False,1000,1000
8139,84,betCent,10,0.5776273885350318,0,23,None,66,1,5,False,1000,1000
8140,80,betCent,10,0.5028861464968153,0,17,None,66,1,5,False,1000,1000
8141,81,betCent,10,0.4964171974522293,0,17,None,66,1,5,False,1000,1000
8142,82,betCent,10,0.5012937898089171,0,17,None,66,1,5,False,1000,1000
8143,83,betCent,10,0.5084593949044586,0,17,None,66,1,5,False,1000,1000
8144,84,betCent,10,0.5140326433121019,0,17,None,66,1,5,False,1000,1000
8145,80,betCent,10,0.6056926751592356,0,25,None,66,1,5,False,1000,1000
8146,81,betCent,10,0.5876791401273885,0,25,None,66,1,5,False,1000,1000
8147,82,betCent,10,0.5859872611464968,0,25,None,66,1,5,False,1000,1000
8148,83,betCent,10,0.5865843949044586,0,25,None,66,1,5,False,1000,1000
8149,84,betCent,10,0.5887738853503185,0,25,None,66,1,5,False,1000,1000
8150,80,betCent,10,0.5535429936305732,0,26,None,66,1,5,False,1000,1000
8151,81,betCent,10,0.5378184713375797,0,26,None,66,1,5,False,1000,1000
8152,82,betCent,10,0.5394108280254777,0,26,None,66,1,5,False,1000,1000
8153,83,betCent,10,0.5410031847133758,0,26,None,66,1,5,False,1000,1000
8154,84,betCent,10,0.5446855095541401,0,26,None,66,1,5,False,1000,1000
8155,80,betCent,10,0.5460788216560509,0,12,None,66,1,5,False,1000,1000
8156,81,betCent,10,0.5596138535031847,0,12,None,66,1,5,False,1000,1000
8157,82,betCent,10,0.5745421974522293,0,12,None,66,1,5,False,1000,1000
8158,83,betCent,10,0.5848925159235668,0,12,None,66,1,5,False,1000,1000
8159,84,betCent,10,0.595640923566879,0,12,None,66,1,5,False,1000,1000
8160,80,betCent,10,0.5809116242038217,0,24,None,66,1,5,False,1000,1000
8161,81,betCent,10,0.5886743630573248,0,24,None,66,1,5,False,1000,1000
8162,82,betCent,10,0.5962380573248408,0,24,None,66,1,5,False,1000,1000
8163,83,betCent,10,0.6031050955414012,0,24,None,66,1,5,False,1000,1000
8164,84,betCent,10,0.6083797770700637,0,24,None,66,1,5,False,1000,1000
8165,80,betCent,10,0.5663813694267515,0,28,None,66,1,5,False,1000,1000
8166,81,betCent,10,0.5696656050955414,0,28,None,66,1,5,False,1000,1000
8167,82,betCent,10,0.5717555732484076,0,28,None,66,1,5,False,1000,1000
8168,83,betCent,10,0.5744426751592356,0,28,None,66,1,5,False,1000,1000
8169,84,betCent,10,0.5790207006369427,0,28,None,66,1,5,False,1000,1000
8170,80,betCent,10,0.5289609872611465,0,29,None,66,1,5,False,1000,1000
8171,81,betCent,10,0.5203025477707006,0,29,None,66,1,5,False,1000,1000
8172,82,betCent,10,0.5213972929936306,0,29,None,66,1,5,False,1000,1000
8173,83,betCent,10,0.523984872611465,0,29,None,66,1,5,False,1000,1000
8174,84,betCent,10,0.5281648089171974,0,29,None,66,1,5,False,1000,1000
8175,80,betCent,10,0.582703025477707,0,9,None,66,1,5,False,1000,1000
8176,81,betCent,10,0.6040007961783439,0,9,None,66,1,5,False,1000,1000
8177,82,betCent,10,0.615047770700637,0,9,None,66,1,5,False,1000,1000
8178,83,betCent,10,0.6224124203821656,0,9,None,66,1,5,False,1000,1000
8179,84,betCent,10,0.6296775477707006,0,9,None,66,1,5,False,1000,1000
8180,80,betCent,10,0.5680732484076433,0,30,None,66,1,5,False,1000,1000
8181,81,betCent,10,0.5625995222929936,0,30,None,66,1,5,False,1000,1000
8182,82,betCent,10,0.5626990445859873,0,30,None,66,1,5,False,1000,1000
8183,83,betCent,10,0.5639928343949044,0,30,None,66,1,5,False,1000,1000
8184,84,betCent,10,0.5656847133757962,0,30,None,66,1,5,False,1000,1000
8185,80,betCent,10,0.5624004777070064,0,27,None,66,1,5,False,1000,1000
8186,81,betCent,10,0.5720541401273885,0,27,None,66,1,5,False,1000,1000
8187,82,betCent,10,0.5769307324840764,0,27,None,66,1,5,False,1000,1000
8188,83,betCent,10,0.5830015923566879,0,27,None,66,1,5,False,1000,1000
8189,84,betCent,10,0.5863853503184714,0,27,None,66,1,5,False,1000,1000
8190,80,betCent,10,0.56140525477707,0,7,None,66,1,5,False,1000,1000
8191,81,betCent,10,0.5521496815286624,0,7,None,66,1,5,False,1000,1000
8192,82,betCent,10,0.5583200636942676,0,7,None,66,1,5,False,1000,1000
8193,83,betCent,10,0.5636942675159236,0,7,None,66,1,5,False,1000,1000
8194,84,betCent,10,0.567078025477707,0,7,None,66,1,5,False,1000,1000
8195,80,betCent,10,0.629578025477707,0,4,None,66,1,5,False,1000,1000
8196,81,betCent,10,0.6130573248407644,0,4,None,66,1,5,False,1000,1000
8197,82,betCent,10,0.6106687898089171,0,4,None,66,1,5,False,1000,1000
8198,83,betCent,10,0.6116640127388535,0,4,None,66,1,5,False,1000,1000
8199,84,betCent,10,0.6123606687898089,0,4,None,66,1,5,False,1000,1000
8200,80,betCent,10,0.5543391719745223,0,32,None,66,1,5,False,1000,1000
8201,81,betCent,10,0.5500597133757962,0,32,None,66,1,5,False,1000,1000
8202,82,betCent,10,0.5532444267515924,0,32,None,66,1,5,False,1000,1000
8203,83,betCent,10,0.5557324840764332,0,32,None,66,1,5,False,1000,1000
8204,84,betCent,10,0.5585191082802548,0,32,None,66,1,5,False,1000,1000
8205,80,betCent,10,0.539609872611465,0,5,None,66,1,5,False,1000,1000
8206,81,betCent,10,0.5480692675159236,0,5,None,66,1,5,False,1000,1000
8207,82,betCent,10,0.5592157643312102,0,5,None,66,1,5,False,1000,1000
8208,83,betCent,10,0.5664808917197452,0,5,None,66,1,5,False,1000,1000
8209,84,betCent,10,0.5757364649681529,0,5,None,66,1,5,False,1000,1000
8210,80,betCent,10,0.5739450636942676,0,0,None,66,1,5,False,1000,1000
8211,81,betCent,10,0.5729498407643312,0,0,None,66,1,5,False,1000,1000
8212,82,betCent,10,0.5741441082802548,0,0,None,66,1,5,False,1000,1000
8213,83,betCent,10,0.5782245222929936,0,0,None,66,1,5,False,1000,1000
8214,84,betCent,10,0.5825039808917197,0,0,None,66,1,5,False,1000,1000
8215,80,betCent,10,0.5496616242038217,0,6,None,66,1,5,False,1000,1000
8216,81,betCent,10,0.5466759554140127,0,6,None,66,1,5,False,1000,1000
8217,82,betCent,10,0.5484673566878981,0,6,None,66,1,5,False,1000,1000
8218,83,betCent,10,0.5521496815286624,0,6,None,66,1,5,False,1000,1000
8219,84,betCent,10,0.5563296178343949,0,6,None,66,1,5,False,1000,1000
8220,80,betCent,10,0.5464769108280255,0,8,None,66,1,5,False,1000,1000
8221,81,betCent,10,0.5567277070063694,0,8,None,66,1,5,False,1000,1000
8222,82,betCent,10,0.5686703821656051,0,8,None,66,1,5,False,1000,1000
8223,83,betCent,10,0.5803144904458599,0,8,None,66,1,5,False,1000,1000
8224,84,betCent,10,0.5885748407643312,0,8,None,66,1,5,False,1000,1000
8225,80,betCent,10,0.5386146496815286,0,18,None,66,1,5,False,1000,1000
8226,81,betCent,10,0.4926353503184713,0,18,None,66,1,5,False,1000,1000
8227,82,betCent,10,0.4940286624203822,0,18,None,66,1,5,False,1000,1000
8228,83,betCent,10,0.498109076433121,0,18,None,66,1,5,False,1000,1000
8229,84,betCent,10,0.5032842356687898,0,18,None,66,1,5,False,1000,1000
8230,80,betCent,10,0.3915207006369426,0,3,None,66,1,5,False,1000,1000
8231,81,betCent,10,0.3766918789808917,0,3,None,66,1,5,False,1000,1000
8232,82,betCent,10,0.3653463375796178,0,3,None,66,1,5,False,1000,1000
8233,83,betCent,10,0.3585788216560509,0,3,None,66,1,5,False,1000,1000
8234,84,betCent,10,0.3573845541401274,0,3,None,66,1,5,False,1000,1000
8235,80,betCent,10,0.5818073248407644,0,31,None,66,1,5,False,1000,1000
8236,81,betCent,10,0.5881767515923567,0,31,None,66,1,5,False,1000,1000
8237,82,betCent,10,0.5944466560509554,0,31,None,66,1,5,False,1000,1000
8238,83,betCent,10,0.599422770700637,0,31,None,66,1,5,False,1000,1000
8239,84,betCent,10,0.6025079617834395,0,31,None,66,1,5,False,1000,1000
8240,80,betCent,10,0.6094745222929936,0,19,None,66,1,5,False,1000,1000
8241,81,betCent,10,0.6159434713375797,0,19,None,66,1,5,False,1000,1000
8242,82,betCent,10,0.6208200636942676,0,19,None,66,1,5,False,1000,1000
8243,83,betCent,10,0.6244028662420382,0,19,None,66,1,5,False,1000,1000
8244,84,betCent,10,0.6278861464968153,0,19,None,66,1,5,False,1000,1000
8245,80,betCent,10,0.5773288216560509,0,21,None,66,1,5,False,1000,1000
8246,81,betCent,10,0.5757364649681529,0,21,None,66,1,5,False,1000,1000
8247,82,betCent,10,0.5691679936305732,0,21,None,66,1,5,False,1000,1000
8248,83,betCent,10,0.5630971337579618,0,21,None,66,1,5,False,1000,1000
8249,84,betCent,10,0.5595143312101911,0,21,None,66,1,5,False,1000,1000
8250,85,betCent,10,0.5609076433121019,0,18,None,66,1,5,False,1000,1000
8251,86,betCent,10,0.5157245222929936,0,18,None,66,1,5,False,1000,1000
8252,87,betCent,10,0.5155254777070064,0,18,None,66,1,5,False,1000,1000
8253,88,betCent,10,0.519406847133758,0,18,None,66,1,5,False,1000,1000
8254,89,betCent,10,0.5231886942675159,0,18,None,66,1,5,False,1000,1000
8255,85,betCent,10,0.5822054140127388,0,1,None,66,1,5,False,1000,1000
8256,86,betCent,10,0.5869824840764332,0,1,None,66,1,5,False,1000,1000
8257,87,betCent,10,0.591062898089172,0,1,None,66,1,5,False,1000,1000
8258,88,betCent,10,0.5949442675159236,0,1,None,66,1,5,False,1000,1000
8259,89,betCent,10,0.6004179936305732,0,1,None,66,1,5,False,1000,1000
8260,85,betCent,10,0.4740246815286624,0,2,None,66,1,5,False,1000,1000
8261,86,betCent,10,0.5360270700636943,0,2,None,66,1,5,False,1000,1000
8262,87,betCent,10,0.5639928343949044,0,2,None,66,1,5,False,1000,1000
8263,88,betCent,10,0.553343949044586,0,2,None,66,1,5,False,1000,1000
8264,89,betCent,10,0.5181130573248408,0,2,None,66,1,5,False,1000,1000
8265,85,betCent,10,0.5858877388535032,0,22,None,66,1,5,False,1000,1000
8266,86,betCent,10,0.5921576433121019,0,22,None,66,1,5,False,1000,1000
8267,87,betCent,10,0.5973328025477707,0,22,None,66,1,5,False,1000,1000
8268,88,betCent,10,0.6014132165605095,0,22,None,66,1,5,False,1000,1000
8269,89,betCent,10,0.602906050955414,0,22,None,66,1,5,False,1000,1000
8270,85,betCent,10,0.5547372611464968,0,8,None,66,1,5,False,1000,1000
8271,86,betCent,10,0.5649880573248408,0,8,None,66,1,5,False,1000,1000
8272,87,betCent,10,0.5789211783439491,0,8,None,66,1,5,False,1000,1000
8273,88,betCent,10,0.5862858280254777,0,8,None,66,1,5,False,1000,1000
8274,89,betCent,10,0.595640923566879,0,8,None,66,1,5,False,1000,1000
8275,85,betCent,10,0.5783240445859873,0,23,None,66,1,5,False,1000,1000
8276,86,betCent,10,0.580812101910828,0,23,None,66,1,5,False,1000,1000
8277,87,betCent,10,0.5830015923566879,0,23,None,66,1,5,False,1000,1000
8278,88,betCent,10,0.5863853503184714,0,23,None,66,1,5,False,1000,1000
8279,89,betCent,10,0.5894705414012739,0,23,None,66,1,5,False,1000,1000
8280,85,betCent,10,0.5528463375796179,0,5,None,66,1,5,False,1000,1000
8281,86,betCent,10,0.5620023885350318,0,5,None,66,1,5,False,1000,1000
8282,87,betCent,10,0.5704617834394905,0,5,None,66,1,5,False,1000,1000
8283,88,betCent,10,0.5799164012738853,0,5,None,66,1,5,False,1000,1000
8284,89,betCent,10,0.5902667197452229,0,5,None,66,1,5,False,1000,1000
8285,85,betCent,10,0.6255971337579618,0,16,None,66,1,5,False,1000,1000
8286,86,betCent,10,0.636843152866242,0,16,None,66,1,5,False,1000,1000
8287,87,betCent,10,0.6461982484076433,0,16,None,66,1,5,False,1000,1000
8288,88,betCent,10,0.6523686305732485,0,16,None,66,1,5,False,1000,1000
8289,89,betCent,10,0.6576433121019108,0,16,None,66,1,5,False,1000,1000
8290,85,betCent,10,0.6226114649681529,0,14,None,66,1,5,False,1000,1000
8291,86,betCent,10,0.6262937898089171,0,14,None,66,1,5,False,1000,1000
8292,87,betCent,10,0.628781847133758,0,14,None,66,1,5,False,1000,1000
8293,88,betCent,10,0.6312699044585988,0,14,None,66,1,5,False,1000,1000
8294,89,betCent,10,0.6326632165605095,0,14,None,66,1,5,False,1000,1000
8295,85,betCent,10,0.5927547770700637,0,9,None,66,1,5,False,1000,1000
8296,86,betCent,10,0.6092754777070064,0,9,None,66,1,5,False,1000,1000
8297,87,betCent,10,0.617734872611465,0,9,None,66,1,5,False,1000,1000
8298,88,betCent,10,0.6250995222929936,0,9,None,66,1,5,False,1000,1000
8299,89,betCent,10,0.6326632165605095,0,9,None,66,1,5,False,1000,1000
8300,85,betCent,10,0.5564291401273885,0,29,None,66,1,5,False,1000,1000
8301,86,betCent,10,0.5557324840764332,0,29,None,66,1,5,False,1000,1000
8302,87,betCent,10,0.5575238853503185,0,29,None,66,1,5,False,1000,1000
8303,88,betCent,10,0.5616042993630573,0,29,None,66,1,5,False,1000,1000
8304,89,betCent,10,0.5646894904458599,0,29,None,66,1,5,False,1000,1000
8305,85,betCent,10,0.6385350318471338,0,25,None,66,1,5,False,1000,1000
8306,86,betCent,10,0.6408240445859873,0,25,None,66,1,5,False,1000,1000
8307,87,betCent,10,0.6423168789808917,0,25,None,66,1,5,False,1000,1000
8308,88,betCent,10,0.6430135350318471,0,25,None,66,1,5,False,1000,1000
8309,89,betCent,10,0.6435111464968153,0,25,None,66,1,5,False,1000,1000
8310,85,betCent,10,0.5565286624203821,0,6,None,66,1,5,False,1000,1000
8311,86,betCent,10,0.5561305732484076,0,6,None,66,1,5,False,1000,1000
8312,87,betCent,10,0.5605095541401274,0,6,None,66,1,5,False,1000,1000
8313,88,betCent,10,0.5626990445859873,0,6,None,66,1,5,False,1000,1000
8314,89,betCent,10,0.5671775477707006,0,6,None,66,1,5,False,1000,1000
8315,85,betCent,10,0.5585191082802548,0,26,None,66,1,5,False,1000,1000
8316,86,betCent,10,0.5604100318471338,0,26,None,66,1,5,False,1000,1000
8317,87,betCent,10,0.56140525477707,0,26,None,66,1,5,False,1000,1000
8318,88,betCent,10,0.5633957006369427,0,26,None,66,1,5,False,1000,1000
8319,89,betCent,10,0.5634952229299363,0,26,None,66,1,5,False,1000,1000
8320,85,betCent,10,0.3530055732484076,0,11,None,66,1,5,False,1000,1000
8321,86,betCent,10,0.4158041401273885,0,11,None,66,1,5,False,1000,1000
8322,87,betCent,10,0.3632563694267516,0,11,None,66,1,5,False,1000,1000
8323,88,betCent,10,0.3528065286624204,0,11,None,66,1,5,False,1000,1000
8324,89,betCent,10,0.3411624203821656,0,11,None,66,1,5,False,1000,1000
8325,85,betCent,10,0.4075437898089172,0,20,None,66,1,5,False,1000,1000
8326,86,betCent,10,0.4384952229299363,0,20,None,66,1,5,False,1000,1000
8327,87,betCent,10,0.4651671974522293,0,20,None,66,1,5,False,1000,1000
8328,88,betCent,10,0.4743232484076433,0,20,None,66,1,5,False,1000,1000
8329,89,betCent,10,0.5295581210191083,0,20,None,66,1,5,False,1000,1000
8330,85,betCent,10,0.5696656050955414,0,28,None,66,1,5,False,1000,1000
8331,86,betCent,10,0.5722531847133758,0,28,None,66,1,5,False,1000,1000
8332,87,betCent,10,0.5764331210191083,0,28,None,66,1,5,False,1000,1000
8333,88,betCent,10,0.5795183121019108,0,28,None,66,1,5,False,1000,1000
8334,89,betCent,10,0.5822054140127388,0,28,None,66,1,5,False,1000,1000
8335,85,betCent,10,0.6018113057324841,0,19,None,66,1,5,False,1000,1000
8336,86,betCent,10,0.6090764331210191,0,19,None,66,1,5,False,1000,1000
8337,87,betCent,10,0.6159434713375797,0,19,None,66,1,5,False,1000,1000
8338,88,betCent,10,0.6199243630573248,0,19,None,66,1,5,False,1000,1000
8339,89,betCent,10,0.6238057324840764,0,19,None,66,1,5,False,1000,1000
8340,85,betCent,10,0.5851910828025477,0,30,None,66,1,5,False,1000,1000
8341,86,betCent,10,0.5803144904458599,0,30,None,66,1,5,False,1000,1000
8342,87,betCent,10,0.5807125796178344,0,30,None,66,1,5,False,1000,1000
8343,88,betCent,10,0.5839968152866242,0,30,None,66,1,5,False,1000,1000
8344,89,betCent,10,0.5854896496815286,0,30,None,66,1,5,False,1000,1000
8345,85,betCent,10,0.5788216560509554,0,31,None,66,1,5,False,1000,1000
8346,86,betCent,10,0.5839968152866242,0,31,None,66,1,5,False,1000,1000
8347,87,betCent,10,0.5914609872611465,0,31,None,66,1,5,False,1000,1000
8348,88,betCent,10,0.5971337579617835,0,31,None,66,1,5,False,1000,1000
8349,89,betCent,10,0.601015127388535,0,31,None,66,1,5,False,1000,1000
8350,85,betCent,10,0.5687699044585988,0,7,None,66,1,5,False,1000,1000
8351,86,betCent,10,0.5653861464968153,0,7,None,66,1,5,False,1000,1000
8352,87,betCent,10,0.5682722929936306,0,7,None,66,1,5,False,1000,1000
8353,88,betCent,10,0.5728503184713376,0,7,None,66,1,5,False,1000,1000
8354,89,betCent,10,0.5764331210191083,0,7,None,66,1,5,False,1000,1000
8355,85,betCent,10,0.6326632165605095,0,4,None,66,1,5,False,1000,1000
8356,86,betCent,10,0.6167396496815286,0,4,None,66,1,5,False,1000,1000
8357,87,betCent,10,0.613953025477707,0,4,None,66,1,5,False,1000,1000
8358,88,betCent,10,0.6151472929936306,0,4,None,66,1,5,False,1000,1000
8359,89,betCent,10,0.6162420382165605,0,4,None,66,1,5,False,1000,1000
8360,85,betCent,10,0.5617038216560509,0,32,None,66,1,5,False,1000,1000
8361,86,betCent,10,0.5612062101910829,0,32,None,66,1,5,False,1000,1000
8362,87,betCent,10,0.5644904458598726,0,32,None,66,1,5,False,1000,1000
8363,88,betCent,10,0.5686703821656051,0,32,None,66,1,5,False,1000,1000
8364,89,betCent,10,0.5723527070063694,0,32,None,66,1,5,False,1000,1000
8365,85,betCent,10,0.538515127388535,0,17,None,66,1,5,False,1000,1000
8366,86,betCent,10,0.5445859872611465,0,17,None,66,1,5,False,1000,1000
8367,87,betCent,10,0.5420979299363057,0,17,None,66,1,5,False,1000,1000
8368,88,betCent,10,0.5451831210191083,0,17,None,66,1,5,False,1000,1000
8369,89,betCent,10,0.5485668789808917,0,17,None,66,1,5,False,1000,1000
8370,85,betCent,10,0.6041003184713376,0,21,None,66,1,5,False,1000,1000
8371,86,betCent,10,0.5749402866242038,0,21,None,66,1,5,False,1000,1000
8372,87,betCent,10,0.5646894904458599,0,21,None,66,1,5,False,1000,1000
8373,88,betCent,10,0.5610071656050956,0,21,None,66,1,5,False,1000,1000
8374,89,betCent,10,0.5590167197452229,0,21,None,66,1,5,False,1000,1000
8375,85,betCent,10,0.588077229299363,0,24,None,66,1,5,False,1000,1000
8376,86,betCent,10,0.5953423566878981,0,24,None,66,1,5,False,1000,1000
8377,87,betCent,10,0.6023089171974523,0,24,None,66,1,5,False,1000,1000
8378,88,betCent,10,0.6081807324840764,0,24,None,66,1,5,False,1000,1000
8379,89,betCent,10,0.6141520700636943,0,24,None,66,1,5,False,1000,1000
8380,85,betCent,10,0.5722531847133758,0,27,None,66,1,5,False,1000,1000
8381,86,betCent,10,0.5783240445859873,0,27,None,66,1,5,False,1000,1000
8382,87,betCent,10,0.5843949044585988,0,27,None,66,1,5,False,1000,1000
8383,88,betCent,10,0.5876791401273885,0,27,None,66,1,5,False,1000,1000
8384,89,betCent,10,0.5916600318471338,0,27,None,66,1,5,False,1000,1000
8385,85,betCent,10,0.5620023885350318,0,12,None,66,1,5,False,1000,1000
8386,86,betCent,10,0.5751393312101911,0,12,None,66,1,5,False,1000,1000
8387,87,betCent,10,0.5860867834394905,0,12,None,66,1,5,False,1000,1000
8388,88,betCent,10,0.5968351910828026,0,12,None,66,1,5,False,1000,1000
8389,89,betCent,10,0.6069864649681529,0,12,None,66,1,5,False,1000,1000
8390,85,betCent,10,0.5863853503184714,0,13,None,66,1,5,False,1000,1000
8391,86,betCent,10,0.578125,0,13,None,66,1,5,False,1000,1000
8392,87,betCent,10,0.5782245222929936,0,13,None,66,1,5,False,1000,1000
8393,88,betCent,10,0.5772292993630573,0,13,None,66,1,5,False,1000,1000
8394,89,betCent,10,0.5757364649681529,0,13,None,66,1,5,False,1000,1000
8395,85,betCent,10,0.5829020700636943,0,0,None,66,1,5,False,1000,1000
8396,86,betCent,10,0.583797770700637,0,0,None,66,1,5,False,1000,1000
8397,87,betCent,10,0.587281050955414,0,0,None,66,1,5,False,1000,1000
8398,88,betCent,10,0.5909633757961783,0,0,None,66,1,5,False,1000,1000
8399,89,betCent,10,0.5940485668789809,0,0,None,66,1,5,False,1000,1000
8400,85,betCent,10,0.5536425159235668,0,10,None,66,1,5,False,1000,1000
8401,86,betCent,10,0.5664808917197452,0,10,None,66,1,5,False,1000,1000
8402,87,betCent,10,0.5772292993630573,0,10,None,66,1,5,False,1000,1000
8403,88,betCent,10,0.5857882165605095,0,10,None,66,1,5,False,1000,1000
8404,89,betCent,10,0.59484474522293,0,10,None,66,1,5,False,1000,1000
8405,85,betCent,10,0.5334394904458599,0,15,None,66,1,5,False,1000,1000
8406,86,betCent,10,0.5320461783439491,0,15,None,66,1,5,False,1000,1000
8407,87,betCent,10,0.538515127388535,0,15,None,66,1,5,False,1000,1000
8408,88,betCent,10,0.5444864649681529,0,15,None,66,1,5,False,1000,1000
8409,89,betCent,10,0.5491640127388535,0,15,None,66,1,5,False,1000,1000
8410,85,betCent,10,0.3872412420382166,0,3,None,66,1,5,False,1000,1000
8411,86,betCent,10,0.3759952229299363,0,3,None,66,1,5,False,1000,1000
8412,87,betCent,10,0.370421974522293,0,3,None,66,1,5,False,1000,1000
8413,88,betCent,10,0.3661425159235669,0,3,None,66,1,5,False,1000,1000
8414,89,betCent,10,0.3638535031847134,0,3,None,66,1,5,False,1000,1000
8415,90,betCent,10,0.5921576433121019,0,1,None,66,1,5,False,1000,1000
8416,91,betCent,10,0.5968351910828026,0,1,None,66,1,5,False,1000,1000
8417,92,betCent,10,0.6020103503184714,0,1,None,66,1,5,False,1000,1000
8418,93,betCent,10,0.6052945859872612,0,1,None,66,1,5,False,1000,1000
8419,94,betCent,10,0.6090764331210191,0,1,None,66,1,5,False,1000,1000
8420,90,betCent,10,0.5888734076433121,0,21,None,66,1,5,False,1000,1000
8421,91,betCent,10,0.5873805732484076,0,21,None,66,1,5,False,1000,1000
8422,92,betCent,10,0.5844944267515924,0,21,None,66,1,5,False,1000,1000
8423,93,betCent,10,0.5831011146496815,0,21,None,66,1,5,False,1000,1000
8424,94,betCent,10,0.5821058917197452,0,21,None,66,1,5,False,1000,1000
8425,90,betCent,10,0.4945262738853503,0,2,None,66,1,5,False,1000,1000
8426,91,betCent,10,0.544984076433121,0,2,None,66,1,5,False,1000,1000
8427,92,betCent,10,0.5686703821656051,0,2,None,66,1,5,False,1000,1000
8428,93,betCent,10,0.5656847133757962,0,2,None,66,1,5,False,1000,1000
8429,94,betCent,10,0.5346337579617835,0,2,None,66,1,5,False,1000,1000
8430,90,betCent,10,0.6169386942675159,0,16,None,66,1,5,False,1000,1000
8431,91,betCent,10,0.6272890127388535,0,16,None,66,1,5,False,1000,1000
8432,92,betCent,10,0.638734076433121,0,16,None,66,1,5,False,1000,1000
8433,93,betCent,10,0.6476910828025477,0,16,None,66,1,5,False,1000,1000
8434,94,betCent,10,0.6528662420382165,0,16,None,66,1,5,False,1000,1000
8435,90,betCent,10,0.5631966560509554,0,29,None,66,1,5,False,1000,1000
8436,91,betCent,10,0.5616042993630573,0,29,None,66,1,5,False,1000,1000
8437,92,betCent,10,0.5639928343949044,0,29,None,66,1,5,False,1000,1000
8438,93,betCent,10,0.5664808917197452,0,29,None,66,1,5,False,1000,1000
8439,94,betCent,10,0.568968949044586,0,29,None,66,1,5,False,1000,1000
8440,90,betCent,10,0.5991242038216561,0,9,None,66,1,5,False,1000,1000
8441,91,betCent,10,0.612062101910828,0,9,None,66,1,5,False,1000,1000
8442,92,betCent,10,0.6200238853503185,0,9,None,66,1,5,False,1000,1000
8443,93,betCent,10,0.6275875796178344,0,9,None,66,1,5,False,1000,1000
8444,94,betCent,10,0.6354498407643312,0,9,None,66,1,5,False,1000,1000
8445,90,betCent,10,0.5392117834394905,0,15,None,66,1,5,False,1000,1000
8446,91,betCent,10,0.5386146496815286,0,15,None,66,1,5,False,1000,1000
8447,92,betCent,10,0.5440883757961783,0,15,None,66,1,5,False,1000,1000
8448,93,betCent,10,0.549562101910828,0,15,None,66,1,5,False,1000,1000
8449,94,betCent,10,0.5546377388535032,0,15,None,66,1,5,False,1000,1000
8450,90,betCent,10,0.6011146496815286,0,13,None,66,1,5,False,1000,1000
8451,91,betCent,10,0.5908638535031847,0,13,None,66,1,5,False,1000,1000
8452,92,betCent,10,0.5883757961783439,0,13,None,66,1,5,False,1000,1000
8453,93,betCent,10,0.5865843949044586,0,13,None,66,1,5,False,1000,1000
8454,94,betCent,10,0.5854896496815286,0,13,None,66,1,5,False,1000,1000
8455,90,betCent,10,0.6215167197452229,0,25,None,66,1,5,False,1000,1000
8456,91,betCent,10,0.6214171974522293,0,25,None,66,1,5,False,1000,1000
8457,92,betCent,10,0.6211186305732485,0,25,None,66,1,5,False,1000,1000
8458,93,betCent,10,0.6219148089171974,0,25,None,66,1,5,False,1000,1000
8459,94,betCent,10,0.6234076433121019,0,25,None,66,1,5,False,1000,1000
8460,90,betCent,10,0.6096735668789809,0,19,None,66,1,5,False,1000,1000
8461,91,betCent,10,0.6167396496815286,0,19,None,66,1,5,False,1000,1000
8462,92,betCent,10,0.6206210191082803,0,19,None,66,1,5,False,1000,1000
8463,93,betCent,10,0.6237062101910829,0,19,None,66,1,5,False,1000,1000
8464,94,betCent,10,0.6270899681528662,0,19,None,66,1,5,False,1000,1000
8465,90,betCent,10,0.5719546178343949,0,28,None,66,1,5,False,1000,1000
8466,91,betCent,10,0.5773288216560509,0,28,None,66,1,5,False,1000,1000
8467,92,betCent,10,0.5793192675159236,0,28,None,66,1,5,False,1000,1000
8468,93,betCent,10,0.5822054140127388,0,28,None,66,1,5,False,1000,1000
8469,94,betCent,10,0.5838972929936306,0,28,None,66,1,5,False,1000,1000
8470,90,betCent,10,0.5618033439490446,0,18,None,66,1,5,False,1000,1000
8471,91,betCent,10,0.5304538216560509,0,18,None,66,1,5,False,1000,1000
8472,92,betCent,10,0.5321457006369427,0,18,None,66,1,5,False,1000,1000
8473,93,betCent,10,0.5368232484076433,0,18,None,66,1,5,False,1000,1000
8474,94,betCent,10,0.538515127388535,0,18,None,66,1,5,False,1000,1000
8475,90,betCent,10,0.5791202229299363,0,27,None,66,1,5,False,1000,1000
8476,91,betCent,10,0.5854896496815286,0,27,None,66,1,5,False,1000,1000
8477,92,betCent,10,0.5885748407643312,0,27,None,66,1,5,False,1000,1000
8478,93,betCent,10,0.5931528662420382,0,27,None,66,1,5,False,1000,1000
8479,94,betCent,10,0.597531847133758,0,27,None,66,1,5,False,1000,1000
8480,90,betCent,10,0.6033041401273885,0,31,None,66,1,5,False,1000,1000
8481,91,betCent,10,0.6080812101910829,0,31,None,66,1,5,False,1000,1000
8482,92,betCent,10,0.6145501592356688,0,31,None,66,1,5,False,1000,1000
8483,93,betCent,10,0.620421974522293,0,31,None,66,1,5,False,1000,1000
8484,94,betCent,10,0.62609474522293,0,31,None,66,1,5,False,1000,1000
8485,90,betCent,10,0.5633957006369427,0,5,None,66,1,5,False,1000,1000
8486,91,betCent,10,0.571656050955414,0,5,None,66,1,5,False,1000,1000
8487,92,betCent,10,0.5823049363057324,0,5,None,66,1,5,False,1000,1000
8488,93,betCent,10,0.5929538216560509,0,5,None,66,1,5,False,1000,1000
8489,94,betCent,10,0.6038017515923567,0,5,None,66,1,5,False,1000,1000
8490,90,betCent,10,0.5727507961783439,0,7,None,66,1,5,False,1000,1000
8491,91,betCent,10,0.5710589171974523,0,7,None,66,1,5,False,1000,1000
8492,92,betCent,10,0.5750398089171974,0,7,None,66,1,5,False,1000,1000
8493,93,betCent,10,0.5793192675159236,0,7,None,66,1,5,False,1000,1000
8494,94,betCent,10,0.5829020700636943,0,7,None,66,1,5,False,1000,1000
8495,90,betCent,10,0.6284832802547771,0,14,None,66,1,5,False,1000,1000
8496,91,betCent,10,0.6313694267515924,0,14,None,66,1,5,False,1000,1000
8497,92,betCent,10,0.6343550955414012,0,14,None,66,1,5,False,1000,1000
8498,93,betCent,10,0.634952229299363,0,14,None,66,1,5,False,1000,1000
8499,94,betCent,10,0.6367436305732485,0,14,None,66,1,5,False,1000,1000
8500,90,betCent,10,0.5704617834394905,0,12,None,66,1,5,False,1000,1000
8501,91,betCent,10,0.5816082802547771,0,12,None,66,1,5,False,1000,1000
8502,92,betCent,10,0.5927547770700637,0,12,None,66,1,5,False,1000,1000
8503,93,betCent,10,0.6026074840764332,0,12,None,66,1,5,False,1000,1000
8504,94,betCent,10,0.6133558917197452,0,12,None,66,1,5,False,1000,1000
8505,90,betCent,10,0.5690684713375797,0,26,None,66,1,5,False,1000,1000
8506,91,betCent,10,0.5684713375796179,0,26,None,66,1,5,False,1000,1000
8507,92,betCent,10,0.5690684713375797,0,26,None,66,1,5,False,1000,1000
8508,93,betCent,10,0.5704617834394905,0,26,None,66,1,5,False,1000,1000
8509,94,betCent,10,0.5731488853503185,0,26,None,66,1,5,False,1000,1000
8510,90,betCent,10,0.6018113057324841,0,30,None,66,1,5,False,1000,1000
8511,91,betCent,10,0.5978304140127388,0,30,None,66,1,5,False,1000,1000
8512,92,betCent,10,0.5984275477707006,0,30,None,66,1,5,False,1000,1000
8513,93,betCent,10,0.5999203821656051,0,30,None,66,1,5,False,1000,1000
8514,94,betCent,10,0.6013136942675159,0,30,None,66,1,5,False,1000,1000
8515,90,betCent,10,0.3625597133757962,0,11,None,66,1,5,False,1000,1000
8516,91,betCent,10,0.4138136942675159,0,11,None,66,1,5,False,1000,1000
8517,92,betCent,10,0.3766918789808917,0,11,None,66,1,5,False,1000,1000
8518,93,betCent,10,0.3681329617834395,0,11,None,66,1,5,False,1000,1000
8519,94,betCent,10,0.3603702229299363,0,11,None,66,1,5,False,1000,1000
8520,90,betCent,10,0.5719546178343949,0,17,None,66,1,5,False,1000,1000
8521,91,betCent,10,0.5615047770700637,0,17,None,66,1,5,False,1000,1000
8522,92,betCent,10,0.5585191082802548,0,17,None,66,1,5,False,1000,1000
8523,93,betCent,10,0.5618033439490446,0,17,None,66,1,5,False,1000,1000
8524,94,betCent,10,0.5665804140127388,0,17,None,66,1,5,False,1000,1000
8525,90,betCent,10,0.5953423566878981,0,24,None,66,1,5,False,1000,1000
8526,91,betCent,10,0.6022093949044586,0,24,None,66,1,5,False,1000,1000
8527,92,betCent,10,0.6080812101910829,0,24,None,66,1,5,False,1000,1000
8528,93,betCent,10,0.6141520700636943,0,24,None,66,1,5,False,1000,1000
8529,94,betCent,10,0.6183320063694268,0,24,None,66,1,5,False,1000,1000
8530,90,betCent,10,0.5901671974522293,0,0,None,66,1,5,False,1000,1000
8531,91,betCent,10,0.591062898089172,0,0,None,66,1,5,False,1000,1000
8532,92,betCent,10,0.5949442675159236,0,0,None,66,1,5,False,1000,1000
8533,93,betCent,10,0.5984275477707006,0,0,None,66,1,5,False,1000,1000
8534,94,betCent,10,0.6013136942675159,0,0,None,66,1,5,False,1000,1000
8535,90,betCent,10,0.3904259554140127,0,3,None,66,1,5,False,1000,1000
8536,91,betCent,10,0.3790804140127388,0,3,None,66,1,5,False,1000,1000
8537,92,betCent,10,0.3740047770700637,0,3,None,66,1,5,False,1000,1000
8538,93,betCent,10,0.3690286624203822,0,3,None,66,1,5,False,1000,1000
8539,94,betCent,10,0.3668391719745223,0,3,None,66,1,5,False,1000,1000
8540,90,betCent,10,0.5718550955414012,0,6,None,66,1,5,False,1000,1000
8541,91,betCent,10,0.57703025477707,0,6,None,66,1,5,False,1000,1000
8542,92,betCent,10,0.5803144904458599,0,6,None,66,1,5,False,1000,1000
8543,93,betCent,10,0.5846934713375797,0,6,None,66,1,5,False,1000,1000
8544,94,betCent,10,0.5885748407643312,0,6,None,66,1,5,False,1000,1000
8545,90,betCent,10,0.6320660828025477,0,4,None,66,1,5,False,1000,1000
8546,91,betCent,10,0.6205214968152867,0,4,None,66,1,5,False,1000,1000
8547,92,betCent,10,0.6199243630573248,0,4,None,66,1,5,False,1000,1000
8548,93,betCent,10,0.622312898089172,0,4,None,66,1,5,False,1000,1000
8549,94,betCent,10,0.6241042993630573,0,4,None,66,1,5,False,1000,1000
8550,90,betCent,10,0.569765127388535,0,8,None,66,1,5,False,1000,1000
8551,91,betCent,10,0.5809116242038217,0,8,None,66,1,5,False,1000,1000
8552,92,betCent,10,0.5887738853503185,0,8,None,66,1,5,False,1000,1000
8553,93,betCent,10,0.5970342356687898,0,8,None,66,1,5,False,1000,1000
8554,94,betCent,10,0.6039012738853503,0,8,None,66,1,5,False,1000,1000
8555,90,betCent,10,0.558718152866242,0,10,None,66,1,5,False,1000,1000
8556,91,betCent,10,0.5706608280254777,0,10,None,66,1,5,False,1000,1000
8557,92,betCent,10,0.5813097133757962,0,10,None,66,1,5,False,1000,1000
8558,93,betCent,10,0.5888734076433121,0,10,None,66,1,5,False,1000,1000
8559,94,betCent,10,0.5988256369426752,0,10,None,66,1,5,False,1000,1000
8560,90,betCent,10,0.4143113057324841,0,20,None,66,1,5,False,1000,1000
8561,91,betCent,10,0.4511345541401274,0,20,None,66,1,5,False,1000,1000
8562,92,betCent,10,0.4751194267515923,0,20,None,66,1,5,False,1000,1000
8563,93,betCent,10,0.4956210191082802,0,20,None,66,1,5,False,1000,1000
8564,94,betCent,10,0.5448845541401274,0,20,None,66,1,5,False,1000,1000
8565,90,betCent,10,0.5951433121019108,0,22,None,66,1,5,False,1000,1000
8566,91,betCent,10,0.6001194267515924,0,22,None,66,1,5,False,1000,1000
8567,92,betCent,10,0.602906050955414,0,22,None,66,1,5,False,1000,1000
8568,93,betCent,10,0.6054936305732485,0,22,None,66,1,5,False,1000,1000
8569,94,betCent,10,0.606687898089172,0,22,None,66,1,5,False,1000,1000
8570,90,betCent,10,0.5860867834394905,0,23,None,66,1,5,False,1000,1000
8571,91,betCent,10,0.5888734076433121,0,23,None,66,1,5,False,1000,1000
8572,92,betCent,10,0.5917595541401274,0,23,None,66,1,5,False,1000,1000
8573,93,betCent,10,0.5950437898089171,0,23,None,66,1,5,False,1000,1000
8574,94,betCent,10,0.5965366242038217,0,23,None,66,1,5,False,1000,1000
8575,90,betCent,10,0.5701632165605095,0,32,None,66,1,5,False,1000,1000
8576,91,betCent,10,0.5715565286624203,0,32,None,66,1,5,False,1000,1000
8577,92,betCent,10,0.573546974522293,0,32,None,66,1,5,False,1000,1000
8578,93,betCent,10,0.5767316878980892,0,32,None,66,1,5,False,1000,1000
8579,94,betCent,10,0.5801154458598726,0,32,None,66,1,5,False,1000,1000
8580,95,betCent,10,0.5991242038216561,0,1,None,66,1,5,False,1000,1000
8581,96,betCent,10,0.6045979299363057,0,1,None,66,1,5,False,1000,1000
8582,97,betCent,10,0.607484076433121,0,1,None,66,1,5,False,1000,1000
8583,98,betCent,10,0.6099721337579618,0,1,None,66,1,5,False,1000,1000
8584,99,betCent,10,0.6148487261146497,0,1,None,66,1,5,False,1000,1000
8585,95,betCent,10,0.5229896496815286,0,2,None,66,1,5,False,1000,1000
8586,96,betCent,10,0.5512539808917197,0,2,None,66,1,5,False,1000,1000
8587,97,betCent,10,0.5793192675159236,0,2,None,66,1,5,False,1000,1000
8588,98,betCent,10,0.5742436305732485,0,2,None,66,1,5,False,1000,1000
8589,99,betCent,10,0.5448845541401274,0,2,None,66,1,5,False,1000,1000
8590,95,betCent,10,0.5902667197452229,0,23,None,66,1,5,False,1000,1000
8591,96,betCent,10,0.5904657643312102,0,23,None,66,1,5,False,1000,1000
8592,97,betCent,10,0.5930533439490446,0,23,None,66,1,5,False,1000,1000
8593,98,betCent,10,0.5953423566878981,0,23,None,66,1,5,False,1000,1000
8594,99,betCent,10,0.598328025477707,0,23,None,66,1,5,False,1000,1000
8595,95,betCent,10,0.5763335987261147,0,28,None,66,1,5,False,1000,1000
8596,96,betCent,10,0.5789211783439491,0,28,None,66,1,5,False,1000,1000
8597,97,betCent,10,0.5812101910828026,0,28,None,66,1,5,False,1000,1000
8598,98,betCent,10,0.5833996815286624,0,28,None,66,1,5,False,1000,1000
8599,99,betCent,10,0.5863853503184714,0,28,None,66,1,5,False,1000,1000
8600,95,betCent,10,0.5499601910828026,0,15,None,66,1,5,False,1000,1000
8601,96,betCent,10,0.5501592356687898,0,15,None,66,1,5,False,1000,1000
8602,97,betCent,10,0.5558320063694268,0,15,None,66,1,5,False,1000,1000
8603,98,betCent,10,0.5624004777070064,0,15,None,66,1,5,False,1000,1000
8604,99,betCent,10,0.5676751592356688,0,15,None,66,1,5,False,1000,1000
8605,95,betCent,10,0.5728503184713376,0,10,None,66,1,5,False,1000,1000
8606,96,betCent,10,0.582703025477707,0,10,None,66,1,5,False,1000,1000
8607,97,betCent,10,0.5896695859872612,0,10,None,66,1,5,False,1000,1000
8608,98,betCent,10,0.5990246815286624,0,10,None,66,1,5,False,1000,1000
8609,99,betCent,10,0.6081807324840764,0,10,None,66,1,5,False,1000,1000
8610,95,betCent,10,0.6098726114649682,0,13,None,66,1,5,False,1000,1000
8611,96,betCent,10,0.5991242038216561,0,13,None,66,1,5,False,1000,1000
8612,97,betCent,10,0.5952428343949044,0,13,None,66,1,5,False,1000,1000
8613,98,betCent,10,0.5941480891719745,0,13,None,66,1,5,False,1000,1000
8614,99,betCent,10,0.5930533439490446,0,13,None,66,1,5,False,1000,1000
8615,95,betCent,10,0.6039012738853503,0,17,None,66,1,5,False,1000,1000
8616,96,betCent,10,0.5749402866242038,0,17,None,66,1,5,False,1000,1000
8617,97,betCent,10,0.5740445859872612,0,17,None,66,1,5,False,1000,1000
8618,98,betCent,10,0.5766321656050956,0,17,None,66,1,5,False,1000,1000
8619,99,betCent,10,0.5797173566878981,0,17,None,66,1,5,False,1000,1000
8620,95,betCent,10,0.3686305732484076,0,11,None,66,1,5,False,1000,1000
8621,96,betCent,10,0.4168988853503185,0,11,None,66,1,5,False,1000,1000
8622,97,betCent,10,0.3863455414012738,0,11,None,66,1,5,False,1000,1000
8623,98,betCent,10,0.3787818471337579,0,11,None,66,1,5,False,1000,1000
8624,99,betCent,10,0.3741042993630573,0,11,None,66,1,5,False,1000,1000
8625,95,betCent,10,0.5919585987261147,0,24,None,66,1,5,False,1000,1000
8626,96,betCent,10,0.5990246815286624,0,24,None,66,1,5,False,1000,1000
8627,97,betCent,10,0.6054936305732485,0,24,None,66,1,5,False,1000,1000
8628,98,betCent,10,0.6113654458598726,0,24,None,66,1,5,False,1000,1000
8629,99,betCent,10,0.6161425159235668,0,24,None,66,1,5,False,1000,1000
8630,95,betCent,10,0.5998208598726115,0,31,None,66,1,5,False,1000,1000
8631,96,betCent,10,0.6043988853503185,0,31,None,66,1,5,False,1000,1000
8632,97,betCent,10,0.6099721337579618,0,31,None,66,1,5,False,1000,1000
8633,98,betCent,10,0.616640127388535,0,31,None,66,1,5,False,1000,1000
8634,99,betCent,10,0.6236066878980892,0,31,None,66,1,5,False,1000,1000
8635,95,betCent,10,0.53125,0,20,None,66,1,5,False,1000,1000
8636,96,betCent,10,0.5625,0,20,None,66,1,5,False,1000,1000
8637,97,betCent,10,0.5644904458598726,0,20,None,66,1,5,False,1000,1000
8638,98,betCent,10,0.5551353503184714,0,20,None,66,1,5,False,1000,1000
8639,99,betCent,10,0.5435907643312102,0,20,None,66,1,5,False,1000,1000
8640,95,betCent,10,0.5985270700636943,0,22,None,66,1,5,False,1000,1000
8641,96,betCent,10,0.6022093949044586,0,22,None,66,1,5,False,1000,1000
8642,97,betCent,10,0.6044984076433121,0,22,None,66,1,5,False,1000,1000
8643,98,betCent,10,0.6064888535031847,0,22,None,66,1,5,False,1000,1000
8644,99,betCent,10,0.6073845541401274,0,22,None,66,1,5,False,1000,1000
8645,95,betCent,10,0.582703025477707,0,32,None,66,1,5,False,1000,1000
8646,96,betCent,10,0.5796178343949044,0,32,None,66,1,5,False,1000,1000
8647,97,betCent,10,0.5840963375796179,0,32,None,66,1,5,False,1000,1000
8648,98,betCent,10,0.5886743630573248,0,32,None,66,1,5,False,1000,1000
8649,99,betCent,10,0.5913614649681529,0,32,None,66,1,5,False,1000,1000
8650,95,betCent,10,0.6338574840764332,0,4,None,66,1,5,False,1000,1000
8651,96,betCent,10,0.6281847133757962,0,4,None,66,1,5,False,1000,1000
8652,97,betCent,10,0.6285828025477707,0,4,None,66,1,5,False,1000,1000
8653,98,betCent,10,0.630672770700637,0,4,None,66,1,5,False,1000,1000
8654,99,betCent,10,0.6326632165605095,0,4,None,66,1,5,False,1000,1000
8655,95,betCent,10,0.6357484076433121,0,16,None,66,1,5,False,1000,1000
8656,96,betCent,10,0.6460987261146497,0,16,None,66,1,5,False,1000,1000
8657,97,betCent,10,0.6525676751592356,0,16,None,66,1,5,False,1000,1000
8658,98,betCent,10,0.6580414012738853,0,16,None,66,1,5,False,1000,1000
8659,99,betCent,10,0.6630175159235668,0,16,None,66,1,5,False,1000,1000
8660,95,betCent,10,0.5796178343949044,0,7,None,66,1,5,False,1000,1000
8661,96,betCent,10,0.5794187898089171,0,7,None,66,1,5,False,1000,1000
8662,97,betCent,10,0.5852906050955414,0,7,None,66,1,5,False,1000,1000
8663,98,betCent,10,0.589968152866242,0,7,None,66,1,5,False,1000,1000
8664,99,betCent,10,0.5932523885350318,0,7,None,66,1,5,False,1000,1000
8665,95,betCent,10,0.570859872611465,0,8,None,66,1,5,False,1000,1000
8666,96,betCent,10,0.5813097133757962,0,8,None,66,1,5,False,1000,1000
8667,97,betCent,10,0.5896695859872612,0,8,None,66,1,5,False,1000,1000
8668,98,betCent,10,0.5991242038216561,0,8,None,66,1,5,False,1000,1000
8669,99,betCent,10,0.6048964968152867,0,8,None,66,1,5,False,1000,1000
8670,95,betCent,10,0.5594148089171974,0,18,None,66,1,5,False,1000,1000
8671,96,betCent,10,0.541202229299363,0,18,None,66,1,5,False,1000,1000
8672,97,betCent,10,0.5409036624203821,0,18,None,66,1,5,False,1000,1000
8673,98,betCent,10,0.5416003184713376,0,18,None,66,1,5,False,1000,1000
8674,99,betCent,10,0.5436902866242038,0,18,None,66,1,5,False,1000,1000
8675,95,betCent,10,0.6318670382165605,0,19,None,66,1,5,False,1000,1000
8676,96,betCent,10,0.6320660828025477,0,19,None,66,1,5,False,1000,1000
8677,97,betCent,10,0.6331608280254777,0,19,None,66,1,5,False,1000,1000
8678,98,betCent,10,0.6342555732484076,0,19,None,66,1,5,False,1000,1000
8679,99,betCent,10,0.6357484076433121,0,19,None,66,1,5,False,1000,1000
8680,95,betCent,10,0.5940485668789809,0,21,None,66,1,5,False,1000,1000
8681,96,betCent,10,0.5939490445859873,0,21,None,66,1,5,False,1000,1000
8682,97,betCent,10,0.5902667197452229,0,21,None,66,1,5,False,1000,1000
8683,98,betCent,10,0.5897691082802548,0,21,None,66,1,5,False,1000,1000
8684,99,betCent,10,0.5893710191082803,0,21,None,66,1,5,False,1000,1000
8685,95,betCent,10,0.5720541401273885,0,5,None,66,1,5,False,1000,1000
8686,96,betCent,10,0.5824044585987261,0,5,None,66,1,5,False,1000,1000
8687,97,betCent,10,0.5935509554140127,0,5,None,66,1,5,False,1000,1000
8688,98,betCent,10,0.6038017515923567,0,5,None,66,1,5,False,1000,1000
8689,99,betCent,10,0.6148487261146497,0,5,None,66,1,5,False,1000,1000
8690,95,betCent,10,0.4357085987261146,0,3,None,66,1,5,False,1000,1000
8691,96,betCent,10,0.4149084394904458,0,3,None,66,1,5,False,1000,1000
8692,97,betCent,10,0.4000796178343949,0,3,None,66,1,5,False,1000,1000
8693,98,betCent,10,0.387639331210191,0,3,None,66,1,5,False,1000,1000
8694,99,betCent,10,0.3805732484076433,0,3,None,66,1,5,False,1000,1000
8695,95,betCent,10,0.6011146496815286,0,0,None,66,1,5,False,1000,1000
8696,96,betCent,10,0.6016122611464968,0,0,None,66,1,5,False,1000,1000
8697,97,betCent,10,0.603702229299363,0,0,None,66,1,5,False,1000,1000
8698,98,betCent,10,0.6073845541401274,0,0,None,66,1,5,False,1000,1000
8699,99,betCent,10,0.6094745222929936,0,0,None,66,1,5,False,1000,1000
8700,95,betCent,10,0.6140525477707006,0,14,None,66,1,5,False,1000,1000
8701,96,betCent,10,0.6160429936305732,0,14,None,66,1,5,False,1000,1000
8702,97,betCent,10,0.6179339171974523,0,14,None,66,1,5,False,1000,1000
8703,98,betCent,10,0.6203224522292994,0,14,None,66,1,5,False,1000,1000
8704,99,betCent,10,0.6228105095541401,0,14,None,66,1,5,False,1000,1000
8705,95,betCent,10,0.6031050955414012,0,9,None,66,1,5,False,1000,1000
8706,96,betCent,10,0.6142515923566879,0,9,None,66,1,5,False,1000,1000
8707,97,betCent,10,0.6222133757961783,0,9,None,66,1,5,False,1000,1000
8708,98,betCent,10,0.6292794585987261,0,9,None,66,1,5,False,1000,1000
8709,99,betCent,10,0.6371417197452229,0,9,None,66,1,5,False,1000,1000
8710,95,betCent,10,0.5791202229299363,0,29,None,66,1,5,False,1000,1000
8711,96,betCent,10,0.5785230891719745,0,29,None,66,1,5,False,1000,1000
8712,97,betCent,10,0.5807125796178344,0,29,None,66,1,5,False,1000,1000
8713,98,betCent,10,0.5824044585987261,0,29,None,66,1,5,False,1000,1000
8714,99,betCent,10,0.5841958598726115,0,29,None,66,1,5,False,1000,1000
8715,95,betCent,10,0.6202229299363057,0,25,None,66,1,5,False,1000,1000
8716,96,betCent,10,0.6199243630573248,0,25,None,66,1,5,False,1000,1000
8717,97,betCent,10,0.6215167197452229,0,25,None,66,1,5,False,1000,1000
8718,98,betCent,10,0.6216162420382165,0,25,None,66,1,5,False,1000,1000
8719,99,betCent,10,0.6217157643312102,0,25,None,66,1,5,False,1000,1000
8720,95,betCent,10,0.5797173566878981,0,12,None,66,1,5,False,1000,1000
8721,96,betCent,10,0.5901671974522293,0,12,None,66,1,5,False,1000,1000
8722,97,betCent,10,0.6009156050955414,0,12,None,66,1,5,False,1000,1000
8723,98,betCent,10,0.6109673566878981,0,12,None,66,1,5,False,1000,1000
8724,99,betCent,10,0.6198248407643312,0,12,None,66,1,5,False,1000,1000
8725,95,betCent,10,0.5744426751592356,0,6,None,66,1,5,False,1000,1000
8726,96,betCent,10,0.5772292993630573,0,6,None,66,1,5,False,1000,1000
8727,97,betCent,10,0.5814092356687898,0,6,None,66,1,5,False,1000,1000
8728,98,betCent,10,0.5849920382165605,0,6,None,66,1,5,False,1000,1000
8729,99,betCent,10,0.5889729299363057,0,6,None,66,1,5,False,1000,1000
8730,95,betCent,10,0.5702627388535032,0,26,None,66,1,5,False,1000,1000
8731,96,betCent,10,0.566281847133758,0,26,None,66,1,5,False,1000,1000
8732,97,betCent,10,0.5668789808917197,0,26,None,66,1,5,False,1000,1000
8733,98,betCent,10,0.5678742038216561,0,26,None,66,1,5,False,1000,1000
8734,99,betCent,10,0.570859872611465,0,26,None,66,1,5,False,1000,1000
8735,95,betCent,10,0.5838972929936306,0,27,None,66,1,5,False,1000,1000
8736,96,betCent,10,0.5888734076433121,0,27,None,66,1,5,False,1000,1000
8737,97,betCent,10,0.5922571656050956,0,27,None,66,1,5,False,1000,1000
8738,98,betCent,10,0.5977308917197452,0,27,None,66,1,5,False,1000,1000
8739,99,betCent,10,0.5999203821656051,0,27,None,66,1,5,False,1000,1000
8740,95,betCent,10,0.599422770700637,0,30,None,66,1,5,False,1000,1000
8741,96,betCent,10,0.5985270700636943,0,30,None,66,1,5,False,1000,1000
8742,97,betCent,10,0.6000199044585988,0,30,None,66,1,5,False,1000,1000
8743,98,betCent,10,0.6004179936305732,0,30,None,66,1,5,False,1000,1000
8744,99,betCent,10,0.6027070063694268,0,30,None,66,1,5,False,1000,1000
8745,100,betCent,10,0.4441679936305732,0,11,None,66,1,5,False,1000,1000
8746,101,betCent,10,0.4187898089171974,0,11,None,66,1,5,False,1000,1000
8747,102,betCent,10,0.3977906050955414,0,11,None,66,1,5,False,1000,1000
8748,103,betCent,10,0.3917197452229299,0,11,None,66,1,5,False,1000,1000
8749,104,betCent,10,0.3870421974522293,0,11,None,66,1,5,False,1000,1000
8750,100,betCent,10,0.5625,0,15,None,66,1,5,False,1000,1000
8751,101,betCent,10,0.5644904458598726,0,15,None,66,1,5,False,1000,1000
8752,102,betCent,10,0.5719546178343949,0,15,None,66,1,5,False,1000,1000
8753,103,betCent,10,0.5783240445859873,0,15,None,66,1,5,False,1000,1000
8754,104,betCent,10,0.5822054140127388,0,15,None,66,1,5,False,1000,1000
8755,100,betCent,10,0.5707603503184714,0,26,None,66,1,5,False,1000,1000
8756,101,betCent,10,0.5690684713375797,0,26,None,66,1,5,False,1000,1000
8757,102,betCent,10,0.5709593949044586,0,26,None,66,1,5,False,1000,1000
8758,103,betCent,10,0.5731488853503185,0,26,None,66,1,5,False,1000,1000
8759,104,betCent,10,0.574343152866242,0,26,None,66,1,5,False,1000,1000
8760,100,betCent,10,0.5745421974522293,0,10,None,66,1,5,False,1000,1000
8761,101,betCent,10,0.5832006369426752,0,10,None,66,1,5,False,1000,1000
8762,102,betCent,10,0.5914609872611465,0,10,None,66,1,5,False,1000,1000
8763,103,betCent,10,0.6009156050955414,0,10,None,66,1,5,False,1000,1000
8764,104,betCent,10,0.6106687898089171,0,10,None,66,1,5,False,1000,1000
8765,100,betCent,10,0.6423168789808917,0,16,None,66,1,5,False,1000,1000
8766,101,betCent,10,0.6515724522292994,0,16,None,66,1,5,False,1000,1000
8767,102,betCent,10,0.6558519108280255,0,16,None,66,1,5,False,1000,1000
8768,103,betCent,10,0.6618232484076433,0,16,None,66,1,5,False,1000,1000
8769,104,betCent,10,0.6664012738853503,0,16,None,66,1,5,False,1000,1000
8770,100,betCent,10,0.5920581210191083,0,7,None,66,1,5,False,1000,1000
8771,101,betCent,10,0.5932523885350318,0,7,None,66,1,5,False,1000,1000
8772,102,betCent,10,0.5969347133757962,0,7,None,66,1,5,False,1000,1000
8773,103,betCent,10,0.5988256369426752,0,7,None,66,1,5,False,1000,1000
8774,104,betCent,10,0.602109872611465,0,7,None,66,1,5,False,1000,1000
8775,100,betCent,10,0.591859076433121,0,32,None,66,1,5,False,1000,1000
8776,101,betCent,10,0.5946457006369427,0,32,None,66,1,5,False,1000,1000
8777,102,betCent,10,0.598328025477707,0,32,None,66,1,5,False,1000,1000
8778,103,betCent,10,0.6003184713375797,0,32,None,66,1,5,False,1000,1000
8779,104,betCent,10,0.6040007961783439,0,32,None,66,1,5,False,1000,1000
8780,100,betCent,10,0.6337579617834395,0,14,None,66,1,5,False,1000,1000
8781,101,betCent,10,0.6348527070063694,0,14,None,66,1,5,False,1000,1000
8782,102,betCent,10,0.636843152866242,0,14,None,66,1,5,False,1000,1000
8783,103,betCent,10,0.6392316878980892,0,14,None,66,1,5,False,1000,1000
8784,104,betCent,10,0.6407245222929936,0,14,None,66,1,5,False,1000,1000
8785,100,betCent,10,0.6017117834394905,0,22,None,66,1,5,False,1000,1000
8786,101,betCent,10,0.6068869426751592,0,22,None,66,1,5,False,1000,1000
8787,102,betCent,10,0.60828025477707,0,22,None,66,1,5,False,1000,1000
8788,103,betCent,10,0.6102707006369427,0,22,None,66,1,5,False,1000,1000
8789,104,betCent,10,0.6109673566878981,0,22,None,66,1,5,False,1000,1000
8790,100,betCent,10,0.5896695859872612,0,6,None,66,1,5,False,1000,1000
8791,101,betCent,10,0.59265525477707,0,6,None,66,1,5,False,1000,1000
8792,102,betCent,10,0.5972332802547771,0,6,None,66,1,5,False,1000,1000
8793,103,betCent,10,0.6003184713375797,0,6,None,66,1,5,False,1000,1000
8794,104,betCent,10,0.6026074840764332,0,6,None,66,1,5,False,1000,1000
8795,100,betCent,10,0.6083797770700637,0,1,None,66,1,5,False,1000,1000
8796,101,betCent,10,0.6114649681528662,0,1,None,66,1,5,False,1000,1000
8797,102,betCent,10,0.6148487261146497,0,1,None,66,1,5,False,1000,1000
8798,103,betCent,10,0.6173367834394905,0,1,None,66,1,5,False,1000,1000
8799,104,betCent,10,0.6197253184713376,0,1,None,66,1,5,False,1000,1000
8800,100,betCent,10,0.5648885350318471,0,2,None,66,1,5,False,1000,1000
8801,101,betCent,10,0.5773288216560509,0,2,None,66,1,5,False,1000,1000
8802,102,betCent,10,0.6001194267515924,0,2,None,66,1,5,False,1000,1000
8803,103,betCent,10,0.5759355095541401,0,2,None,66,1,5,False,1000,1000
8804,104,betCent,10,0.5535429936305732,0,2,None,66,1,5,False,1000,1000
8805,100,betCent,10,0.5977308917197452,0,23,None,66,1,5,False,1000,1000
8806,101,betCent,10,0.6008160828025477,0,23,None,66,1,5,False,1000,1000
8807,102,betCent,10,0.6036027070063694,0,23,None,66,1,5,False,1000,1000
8808,103,betCent,10,0.6064888535031847,0,23,None,66,1,5,False,1000,1000
8809,104,betCent,10,0.6088773885350318,0,23,None,66,1,5,False,1000,1000
8810,100,betCent,10,0.5860867834394905,0,5,None,66,1,5,False,1000,1000
8811,101,betCent,10,0.5965366242038217,0,5,None,66,1,5,False,1000,1000
8812,102,betCent,10,0.6071855095541401,0,5,None,66,1,5,False,1000,1000
8813,103,betCent,10,0.6173367834394905,0,5,None,66,1,5,False,1000,1000
8814,104,betCent,10,0.6266918789808917,0,5,None,66,1,5,False,1000,1000
8815,100,betCent,10,0.5794187898089171,0,28,None,66,1,5,False,1000,1000
8816,101,betCent,10,0.5818073248407644,0,28,None,66,1,5,False,1000,1000
8817,102,betCent,10,0.5840963375796179,0,28,None,66,1,5,False,1000,1000
8818,103,betCent,10,0.5866839171974523,0,28,None,66,1,5,False,1000,1000
8819,104,betCent,10,0.5885748407643312,0,28,None,66,1,5,False,1000,1000
8820,100,betCent,10,0.5758359872611465,0,29,None,66,1,5,False,1000,1000
8821,101,betCent,10,0.5763335987261147,0,29,None,66,1,5,False,1000,1000
8822,102,betCent,10,0.5778264331210191,0,29,None,66,1,5,False,1000,1000
8823,103,betCent,10,0.5809116242038217,0,29,None,66,1,5,False,1000,1000
8824,104,betCent,10,0.5823049363057324,0,29,None,66,1,5,False,1000,1000
8825,100,betCent,10,0.6108678343949044,0,17,None,66,1,5,False,1000,1000
8826,101,betCent,10,0.5876791401273885,0,17,None,66,1,5,False,1000,1000
8827,102,betCent,10,0.5893710191082803,0,17,None,66,1,5,False,1000,1000
8828,103,betCent,10,0.5920581210191083,0,17,None,66,1,5,False,1000,1000
8829,104,betCent,10,0.5954418789808917,0,17,None,66,1,5,False,1000,1000
8830,100,betCent,10,0.6001194267515924,0,21,None,66,1,5,False,1000,1000
8831,101,betCent,10,0.5972332802547771,0,21,None,66,1,5,False,1000,1000
8832,102,betCent,10,0.5959394904458599,0,21,None,66,1,5,False,1000,1000
8833,103,betCent,10,0.5953423566878981,0,21,None,66,1,5,False,1000,1000
8834,104,betCent,10,0.5950437898089171,0,21,None,66,1,5,False,1000,1000
8835,100,betCent,10,0.5816082802547771,0,8,None,66,1,5,False,1000,1000
8836,101,betCent,10,0.5896695859872612,0,8,None,66,1,5,False,1000,1000
8837,102,betCent,10,0.5991242038216561,0,8,None,66,1,5,False,1000,1000
8838,103,betCent,10,0.6050955414012739,0,8,None,66,1,5,False,1000,1000
8839,104,betCent,10,0.6102707006369427,0,8,None,66,1,5,False,1000,1000
8840,100,betCent,10,0.6259952229299363,0,19,None,66,1,5,False,1000,1000
8841,101,betCent,10,0.6291799363057324,0,19,None,66,1,5,False,1000,1000
8842,102,betCent,10,0.6307722929936306,0,19,None,66,1,5,False,1000,1000
8843,103,betCent,10,0.632265127388535,0,19,None,66,1,5,False,1000,1000
8844,104,betCent,10,0.6335589171974523,0,19,None,66,1,5,False,1000,1000
8845,100,betCent,10,0.6364450636942676,0,4,None,66,1,5,False,1000,1000
8846,101,betCent,10,0.6323646496815286,0,4,None,66,1,5,False,1000,1000
8847,102,betCent,10,0.6326632165605095,0,4,None,66,1,5,False,1000,1000
8848,103,betCent,10,0.6338574840764332,0,4,None,66,1,5,False,1000,1000
8849,104,betCent,10,0.6353503184713376,0,4,None,66,1,5,False,1000,1000
8850,100,betCent,10,0.4681528662420382,0,20,None,66,1,5,False,1000,1000
8851,101,betCent,10,0.508359872611465,0,20,None,66,1,5,False,1000,1000
8852,102,betCent,10,0.5599124203821656,0,20,None,66,1,5,False,1000,1000
8853,103,betCent,10,0.5646894904458599,0,20,None,66,1,5,False,1000,1000
8854,104,betCent,10,0.5583200636942676,0,20,None,66,1,5,False,1000,1000
8855,100,betCent,10,0.4514331210191082,0,3,None,66,1,5,False,1000,1000
8856,101,betCent,10,0.4263535031847134,0,3,None,66,1,5,False,1000,1000
8857,102,betCent,10,0.4096337579617834,0,3,None,66,1,5,False,1000,1000
8858,103,betCent,10,0.3962977707006369,0,3,None,66,1,5,False,1000,1000
8859,104,betCent,10,0.3852507961783439,0,3,None,66,1,5,False,1000,1000
8860,100,betCent,10,0.6226114649681529,0,13,None,66,1,5,False,1000,1000
8861,101,betCent,10,0.6159434713375797,0,13,None,66,1,5,False,1000,1000
8862,102,betCent,10,0.6116640127388535,0,13,None,66,1,5,False,1000,1000
8863,103,betCent,10,0.6078821656050956,0,13,None,66,1,5,False,1000,1000
8864,104,betCent,10,0.6068869426751592,0,13,None,66,1,5,False,1000,1000
8865,100,betCent,10,0.6095740445859873,0,9,None,66,1,5,False,1000,1000
8866,101,betCent,10,0.6182324840764332,0,9,None,66,1,5,False,1000,1000
8867,102,betCent,10,0.6257961783439491,0,9,None,66,1,5,False,1000,1000
8868,103,betCent,10,0.6330613057324841,0,9,None,66,1,5,False,1000,1000
8869,104,betCent,10,0.6405254777070064,0,9,None,66,1,5,False,1000,1000
8870,100,betCent,10,0.6012141719745223,0,12,None,66,1,5,False,1000,1000
8871,101,betCent,10,0.6103702229299363,0,12,None,66,1,5,False,1000,1000
8872,102,betCent,10,0.6192277070063694,0,12,None,66,1,5,False,1000,1000
8873,103,betCent,10,0.6270899681528662,0,12,None,66,1,5,False,1000,1000
8874,104,betCent,10,0.6355493630573248,0,12,None,66,1,5,False,1000,1000
8875,100,betCent,10,0.626890923566879,0,25,None,66,1,5,False,1000,1000
8876,101,betCent,10,0.6255971337579618,0,25,None,66,1,5,False,1000,1000
8877,102,betCent,10,0.6263933121019108,0,25,None,66,1,5,False,1000,1000
8878,103,betCent,10,0.6264928343949044,0,25,None,66,1,5,False,1000,1000
8879,104,betCent,10,0.6281847133757962,0,25,None,66,1,5,False,1000,1000
8880,100,betCent,10,0.5584195859872612,0,18,None,66,1,5,False,1000,1000
8881,101,betCent,10,0.5469745222929936,0,18,None,66,1,5,False,1000,1000
8882,102,betCent,10,0.5466759554140127,0,18,None,66,1,5,False,1000,1000
8883,103,betCent,10,0.5485668789808917,0,18,None,66,1,5,False,1000,1000
8884,104,betCent,10,0.5505573248407644,0,18,None,66,1,5,False,1000,1000
8885,100,betCent,10,0.6057921974522293,0,24,None,66,1,5,False,1000,1000
8886,101,betCent,10,0.611265923566879,0,24,None,66,1,5,False,1000,1000
8887,102,betCent,10,0.6169386942675159,0,24,None,66,1,5,False,1000,1000
8888,103,betCent,10,0.6219148089171974,0,24,None,66,1,5,False,1000,1000
8889,104,betCent,10,0.6252985668789809,0,24,None,66,1,5,False,1000,1000
8890,100,betCent,10,0.5852906050955414,0,27,None,66,1,5,False,1000,1000
8891,101,betCent,10,0.589968152866242,0,27,None,66,1,5,False,1000,1000
8892,102,betCent,10,0.5954418789808917,0,27,None,66,1,5,False,1000,1000
8893,103,betCent,10,0.5989251592356688,0,27,None,66,1,5,False,1000,1000
8894,104,betCent,10,0.6028065286624203,0,27,None,66,1,5,False,1000,1000
8895,100,betCent,10,0.6116640127388535,0,0,None,66,1,5,False,1000,1000
8896,101,betCent,10,0.6124601910828026,0,0,None,66,1,5,False,1000,1000
8897,102,betCent,10,0.6145501592356688,0,0,None,66,1,5,False,1000,1000
8898,103,betCent,10,0.6157444267515924,0,0,None,66,1,5,False,1000,1000
8899,104,betCent,10,0.6183320063694268,0,0,None,66,1,5,False,1000,1000
8900,100,betCent,10,0.619327229299363,0,30,None,66,1,5,False,1000,1000
8901,101,betCent,10,0.6146496815286624,0,30,None,66,1,5,False,1000,1000
8902,102,betCent,10,0.6155453821656051,0,30,None,66,1,5,False,1000,1000
8903,103,betCent,10,0.615843949044586,0,30,None,66,1,5,False,1000,1000
8904,104,betCent,10,0.6157444267515924,0,30,None,66,1,5,False,1000,1000
8905,100,betCent,10,0.6236066878980892,0,31,None,66,1,5,False,1000,1000
8906,101,betCent,10,0.6282842356687898,0,31,None,66,1,5,False,1000,1000
8907,102,betCent,10,0.6329617834394905,0,31,None,66,1,5,False,1000,1000
8908,103,betCent,10,0.6392316878980892,0,31,None,66,1,5,False,1000,1000
8909,104,betCent,10,0.6423168789808917,0,31,None,66,1,5,False,1000,1000
12375,105,betCent,10,0.5746417197452229,0,2,None,66,1,5,False,1000,1000
12376,106,betCent,10,0.6039012738853503,0,2,None,66,1,5,False,1000,1000
12377,107,betCent,10,0.6107683121019108,0,2,None,66,1,5,False,1000,1000
12378,108,betCent,10,0.5871815286624203,0,2,None,66,1,5,False,1000,1000
12379,109,betCent,10,0.5701632165605095,0,2,None,66,1,5,False,1000,1000
12380,105,betCent,10,0.6030055732484076,0,5,None,66,1,5,False,1000,1000
12381,106,betCent,10,0.6138535031847133,0,5,None,66,1,5,False,1000,1000
12382,107,betCent,10,0.6235071656050956,0,5,None,66,1,5,False,1000,1000
12383,108,betCent,10,0.6325636942675159,0,5,None,66,1,5,False,1000,1000
12384,109,betCent,10,0.6369426751592356,0,5,None,66,1,5,False,1000,1000
12385,105,betCent,10,0.6355493630573248,0,13,None,66,1,5,False,1000,1000
12386,106,betCent,10,0.6331608280254777,0,13,None,66,1,5,False,1000,1000
12387,107,betCent,10,0.6312699044585988,0,13,None,66,1,5,False,1000,1000
12388,108,betCent,10,0.6294785031847133,0,13,None,66,1,5,False,1000,1000
12389,109,betCent,10,0.6282842356687898,0,13,None,66,1,5,False,1000,1000
12390,105,betCent,10,0.5780254777070064,0,15,None,66,1,5,False,1000,1000
12391,106,betCent,10,0.5826035031847133,0,15,None,66,1,5,False,1000,1000
12392,107,betCent,10,0.5868829617834395,0,15,None,66,1,5,False,1000,1000
12393,108,betCent,10,0.5916600318471338,0,15,None,66,1,5,False,1000,1000
12394,109,betCent,10,0.5961385350318471,0,15,None,66,1,5,False,1000,1000
12395,105,betCent,10,0.5822054140127388,0,10,None,66,1,5,False,1000,1000
12396,106,betCent,10,0.5900676751592356,0,10,None,66,1,5,False,1000,1000
12397,107,betCent,10,0.5998208598726115,0,10,None,66,1,5,False,1000,1000
12398,108,betCent,10,0.6091759554140127,0,10,None,66,1,5,False,1000,1000
12399,109,betCent,10,0.6191281847133758,0,10,None,66,1,5,False,1000,1000
12400,105,betCent,10,0.4536226114649681,0,11,None,66,1,5,False,1000,1000
12401,106,betCent,10,0.4252587579617834,0,11,None,66,1,5,False,1000,1000
12402,107,betCent,10,0.4071457006369426,0,11,None,66,1,5,False,1000,1000
12403,108,betCent,10,0.3985867834394904,0,11,None,66,1,5,False,1000,1000
12404,109,betCent,10,0.3942078025477707,0,11,None,66,1,5,False,1000,1000
12405,105,betCent,10,0.4807921974522293,0,20,None,66,1,5,False,1000,1000
12406,106,betCent,10,0.5508558917197452,0,20,None,66,1,5,False,1000,1000
12407,107,betCent,10,0.5683718152866242,0,20,None,66,1,5,False,1000,1000
12408,108,betCent,10,0.5665804140127388,0,20,None,66,1,5,False,1000,1000
12409,109,betCent,10,0.5590167197452229,0,20,None,66,1,5,False,1000,1000
12410,105,betCent,10,0.6067874203821656,0,22,None,66,1,5,False,1000,1000
12411,106,betCent,10,0.609375,0,22,None,66,1,5,False,1000,1000
12412,107,betCent,10,0.6119625796178344,0,22,None,66,1,5,False,1000,1000
12413,108,betCent,10,0.6137539808917197,0,22,None,66,1,5,False,1000,1000
12414,109,betCent,10,0.616640127388535,0,22,None,66,1,5,False,1000,1000
12415,105,betCent,10,0.6059912420382165,0,23,None,66,1,5,False,1000,1000
12416,106,betCent,10,0.6084792993630573,0,23,None,66,1,5,False,1000,1000
12417,107,betCent,10,0.6102707006369427,0,23,None,66,1,5,False,1000,1000
12418,108,betCent,10,0.6117635350318471,0,23,None,66,1,5,False,1000,1000
12419,109,betCent,10,0.615047770700637,0,23,None,66,1,5,False,1000,1000
12420,105,betCent,10,0.6246019108280255,0,17,None,66,1,5,False,1000,1000
12421,106,betCent,10,0.6094745222929936,0,17,None,66,1,5,False,1000,1000
12422,107,betCent,10,0.6111664012738853,0,17,None,66,1,5,False,1000,1000
12423,108,betCent,10,0.6145501592356688,0,17,None,66,1,5,False,1000,1000
12424,109,betCent,10,0.6157444267515924,0,17,None,66,1,5,False,1000,1000
12425,105,betCent,10,0.6053941082802548,0,21,None,66,1,5,False,1000,1000
12426,106,betCent,10,0.6031050955414012,0,21,None,66,1,5,False,1000,1000
12427,107,betCent,10,0.6014132165605095,0,21,None,66,1,5,False,1000,1000
12428,108,betCent,10,0.601015127388535,0,21,None,66,1,5,False,1000,1000
12429,109,betCent,10,0.6005175159235668,0,21,None,66,1,5,False,1000,1000
12430,105,betCent,10,0.5847929936305732,0,26,None,66,1,5,False,1000,1000
12431,106,betCent,10,0.5844944267515924,0,26,None,66,1,5,False,1000,1000
12432,107,betCent,10,0.5862858280254777,0,26,None,66,1,5,False,1000,1000
12433,108,betCent,10,0.587281050955414,0,26,None,66,1,5,False,1000,1000
12434,109,betCent,10,0.5889729299363057,0,26,None,66,1,5,False,1000,1000
12435,105,betCent,10,0.6130573248407644,0,12,None,66,1,5,False,1000,1000
12436,106,betCent,10,0.6218152866242038,0,12,None,66,1,5,False,1000,1000
12437,107,betCent,10,0.630672770700637,0,12,None,66,1,5,False,1000,1000
12438,108,betCent,10,0.6366441082802548,0,12,None,66,1,5,False,1000,1000
12439,109,betCent,10,0.6467953821656051,0,12,None,66,1,5,False,1000,1000
12440,105,betCent,10,0.6134554140127388,0,24,None,66,1,5,False,1000,1000
12441,106,betCent,10,0.618531050955414,0,24,None,66,1,5,False,1000,1000
12442,107,betCent,10,0.6236066878980892,0,24,None,66,1,5,False,1000,1000
12443,108,betCent,10,0.6277866242038217,0,24,None,66,1,5,False,1000,1000
12444,109,betCent,10,0.6307722929936306,0,24,None,66,1,5,False,1000,1000
12445,105,betCent,10,0.6178343949044586,0,30,None,66,1,5,False,1000,1000
12446,106,betCent,10,0.6171377388535032,0,30,None,66,1,5,False,1000,1000
12447,107,betCent,10,0.6173367834394905,0,30,None,66,1,5,False,1000,1000
12448,108,betCent,10,0.6182324840764332,0,30,None,66,1,5,False,1000,1000
12449,109,betCent,10,0.618531050955414,0,30,None,66,1,5,False,1000,1000
12450,105,betCent,10,0.6045979299363057,0,6,None,66,1,5,False,1000,1000
12451,106,betCent,10,0.6062898089171974,0,6,None,66,1,5,False,1000,1000
12452,107,betCent,10,0.6101711783439491,0,6,None,66,1,5,False,1000,1000
12453,108,betCent,10,0.6126592356687898,0,6,None,66,1,5,False,1000,1000
12454,109,betCent,10,0.6148487261146497,0,6,None,66,1,5,False,1000,1000
12455,105,betCent,10,0.6272890127388535,0,31,None,66,1,5,False,1000,1000
12456,106,betCent,10,0.6324641719745223,0,31,None,66,1,5,False,1000,1000
12457,107,betCent,10,0.6380374203821656,0,31,None,66,1,5,False,1000,1000
12458,108,betCent,10,0.6409235668789809,0,31,None,66,1,5,False,1000,1000
12459,109,betCent,10,0.6451035031847133,0,31,None,66,1,5,False,1000,1000
12460,105,betCent,10,0.5931528662420382,0,27,None,66,1,5,False,1000,1000
12461,106,betCent,10,0.5974323248407644,0,27,None,66,1,5,False,1000,1000
12462,107,betCent,10,0.600218949044586,0,27,None,66,1,5,False,1000,1000
12463,108,betCent,10,0.6042993630573248,0,27,None,66,1,5,False,1000,1000
12464,109,betCent,10,0.60828025477707,0,27,None,66,1,5,False,1000,1000
12465,105,betCent,10,0.6011146496815286,0,32,None,66,1,5,False,1000,1000
12466,106,betCent,10,0.602906050955414,0,32,None,66,1,5,False,1000,1000
12467,107,betCent,10,0.6048964968152867,0,32,None,66,1,5,False,1000,1000
12468,108,betCent,10,0.6075835987261147,0,32,None,66,1,5,False,1000,1000
12469,109,betCent,10,0.6111664012738853,0,32,None,66,1,5,False,1000,1000
12470,105,betCent,10,0.6027070063694268,0,7,None,66,1,5,False,1000,1000
12471,106,betCent,10,0.6032046178343949,0,7,None,66,1,5,False,1000,1000
12472,107,betCent,10,0.606687898089172,0,7,None,66,1,5,False,1000,1000
12473,108,betCent,10,0.6113654458598726,0,7,None,66,1,5,False,1000,1000
12474,109,betCent,10,0.613953025477707,0,7,None,66,1,5,False,1000,1000
12475,105,betCent,10,0.6168391719745223,0,1,None,66,1,5,False,1000,1000
12476,106,betCent,10,0.6200238853503185,0,1,None,66,1,5,False,1000,1000
12477,107,betCent,10,0.6224124203821656,0,1,None,66,1,5,False,1000,1000
12478,108,betCent,10,0.6248009554140127,0,1,None,66,1,5,False,1000,1000
12479,109,betCent,10,0.6254976114649682,0,1,None,66,1,5,False,1000,1000
12480,105,betCent,10,0.5892714968152867,0,8,None,66,1,5,False,1000,1000
12481,106,betCent,10,0.5980294585987261,0,8,None,66,1,5,False,1000,1000
12482,107,betCent,10,0.6049960191082803,0,8,None,66,1,5,False,1000,1000
12483,108,betCent,10,0.6097730891719745,0,8,None,66,1,5,False,1000,1000
12484,109,betCent,10,0.6171377388535032,0,8,None,66,1,5,False,1000,1000
12485,105,betCent,10,0.6411226114649682,0,4,None,66,1,5,False,1000,1000
12486,106,betCent,10,0.6373407643312102,0,4,None,66,1,5,False,1000,1000
12487,107,betCent,10,0.637937898089172,0,4,None,66,1,5,False,1000,1000
12488,108,betCent,10,0.6391321656050956,0,4,None,66,1,5,False,1000,1000
12489,109,betCent,10,0.64171974522293,0,4,None,66,1,5,False,1000,1000
12490,105,betCent,10,0.648984872611465,0,16,None,66,1,5,False,1000,1000
12491,106,betCent,10,0.6549562101910829,0,16,None,66,1,5,False,1000,1000
12492,107,betCent,10,0.6605294585987261,0,16,None,66,1,5,False,1000,1000
12493,108,betCent,10,0.6660031847133758,0,16,None,66,1,5,False,1000,1000
12494,109,betCent,10,0.6705812101910829,0,16,None,66,1,5,False,1000,1000
12495,105,betCent,10,0.565187101910828,0,18,None,66,1,5,False,1000,1000
12496,106,betCent,10,0.5596138535031847,0,18,None,66,1,5,False,1000,1000
12497,107,betCent,10,0.559812898089172,0,18,None,66,1,5,False,1000,1000
12498,108,betCent,10,0.5609076433121019,0,18,None,66,1,5,False,1000,1000
12499,109,betCent,10,0.5624004777070064,0,18,None,66,1,5,False,1000,1000
12500,105,betCent,10,0.634952229299363,0,19,None,66,1,5,False,1000,1000
12501,106,betCent,10,0.6358479299363057,0,19,None,66,1,5,False,1000,1000
12502,107,betCent,10,0.6373407643312102,0,19,None,66,1,5,False,1000,1000
12503,108,betCent,10,0.6402269108280255,0,19,None,66,1,5,False,1000,1000
12504,109,betCent,10,0.6416202229299363,0,19,None,66,1,5,False,1000,1000
12505,105,betCent,10,0.642515923566879,0,14,None,66,1,5,False,1000,1000
12506,106,betCent,10,0.6439092356687898,0,14,None,66,1,5,False,1000,1000
12507,107,betCent,10,0.6455015923566879,0,14,None,66,1,5,False,1000,1000
12508,108,betCent,10,0.6471934713375797,0,14,None,66,1,5,False,1000,1000
12509,109,betCent,10,0.6487858280254777,0,14,None,66,1,5,False,1000,1000
12510,105,betCent,10,0.6298765923566879,0,25,None,66,1,5,False,1000,1000
12511,106,betCent,10,0.6282842356687898,0,25,None,66,1,5,False,1000,1000
12512,107,betCent,10,0.6277866242038217,0,25,None,66,1,5,False,1000,1000
12513,108,betCent,10,0.6280851910828026,0,25,None,66,1,5,False,1000,1000
12514,109,betCent,10,0.6288813694267515,0,25,None,66,1,5,False,1000,1000
12515,105,betCent,10,0.5829020700636943,0,28,None,66,1,5,False,1000,1000
12516,106,betCent,10,0.5862858280254777,0,28,None,66,1,5,False,1000,1000
12517,107,betCent,10,0.5883757961783439,0,28,None,66,1,5,False,1000,1000
12518,108,betCent,10,0.5902667197452229,0,28,None,66,1,5,False,1000,1000
12519,109,betCent,10,0.5922571656050956,0,28,None,66,1,5,False,1000,1000
12520,105,betCent,10,0.4929339171974522,0,3,None,66,1,5,False,1000,1000
12521,106,betCent,10,0.4537221337579618,0,3,None,66,1,5,False,1000,1000
12522,107,betCent,10,0.4274482484076433,0,3,None,66,1,5,False,1000,1000
12523,108,betCent,10,0.4118232484076433,0,3,None,66,1,5,False,1000,1000
12524,109,betCent,10,0.400577229299363,0,3,None,66,1,5,False,1000,1000
12525,105,betCent,10,0.6136544585987261,0,9,None,66,1,5,False,1000,1000
12526,106,betCent,10,0.6230095541401274,0,9,None,66,1,5,False,1000,1000
12527,107,betCent,10,0.629578025477707,0,9,None,66,1,5,False,1000,1000
12528,108,betCent,10,0.6374402866242038,0,9,None,66,1,5,False,1000,1000
12529,109,betCent,10,0.6446058917197452,0,9,None,66,1,5,False,1000,1000
12530,105,betCent,10,0.5928542993630573,0,29,None,66,1,5,False,1000,1000
12531,106,betCent,10,0.5944466560509554,0,29,None,66,1,5,False,1000,1000
12532,107,betCent,10,0.5954418789808917,0,29,None,66,1,5,False,1000,1000
12533,108,betCent,10,0.5960390127388535,0,29,None,66,1,5,False,1000,1000
12534,109,betCent,10,0.5969347133757962,0,29,None,66,1,5,False,1000,1000
12535,105,betCent,10,0.6202229299363057,0,0,None,66,1,5,False,1000,1000
12536,106,betCent,10,0.6207205414012739,0,0,None,66,1,5,False,1000,1000
12537,107,betCent,10,0.6226114649681529,0,0,None,66,1,5,False,1000,1000
12538,108,betCent,10,0.6250995222929936,0,0,None,66,1,5,False,1000,1000
12539,109,betCent,10,0.625,0,0,None,66,1,5,False,1000,1000
12540,110,betCent,10,0.6246019108280255,0,1,None,66,1,5,False,1000,1000
12541,111,betCent,10,0.6263933121019108,0,1,None,66,1,5,False,1000,1000
12542,112,betCent,10,0.6270899681528662,0,1,None,66,1,5,False,1000,1000
12543,113,betCent,10,0.6281847133757962,0,1,None,66,1,5,False,1000,1000
12544,114,betCent,10,0.6294785031847133,0,1,None,66,1,5,False,1000,1000
12545,110,betCent,10,0.660828025477707,0,25,None,66,1,5,False,1000,1000
12546,111,betCent,10,0.6583399681528662,0,25,None,66,1,5,False,1000,1000
12547,112,betCent,10,0.6587380573248408,0,25,None,66,1,5,False,1000,1000
12548,113,betCent,10,0.6590366242038217,0,25,None,66,1,5,False,1000,1000
12549,114,betCent,10,0.6595342356687898,0,25,None,66,1,5,False,1000,1000
12550,110,betCent,10,0.5962380573248408,0,29,None,66,1,5,False,1000,1000
12551,111,betCent,10,0.5971337579617835,0,29,None,66,1,5,False,1000,1000
12552,112,betCent,10,0.5980294585987261,0,29,None,66,1,5,False,1000,1000
12553,113,betCent,10,0.5991242038216561,0,29,None,66,1,5,False,1000,1000
12554,114,betCent,10,0.6001194267515924,0,29,None,66,1,5,False,1000,1000
12555,110,betCent,10,0.5877786624203821,0,2,None,66,1,5,False,1000,1000
12556,111,betCent,10,0.6273885350318471,0,2,None,66,1,5,False,1000,1000
12557,112,betCent,10,0.6187300955414012,0,2,None,66,1,5,False,1000,1000
12558,113,betCent,10,0.5970342356687898,0,2,None,66,1,5,False,1000,1000
12559,114,betCent,10,0.5817078025477707,0,2,None,66,1,5,False,1000,1000
12560,110,betCent,10,0.6184315286624203,0,9,None,66,1,5,False,1000,1000
12561,111,betCent,10,0.6257961783439491,0,9,None,66,1,5,False,1000,1000
12562,112,betCent,10,0.6335589171974523,0,9,None,66,1,5,False,1000,1000
12563,113,betCent,10,0.6416202229299363,0,9,None,66,1,5,False,1000,1000
12564,114,betCent,10,0.6484872611464968,0,9,None,66,1,5,False,1000,1000
12565,110,betCent,10,0.6352507961783439,0,17,None,66,1,5,False,1000,1000
12566,111,betCent,10,0.6265923566878981,0,17,None,66,1,5,False,1000,1000
12567,112,betCent,10,0.6288813694267515,0,17,None,66,1,5,False,1000,1000
12568,113,betCent,10,0.6311703821656051,0,17,None,66,1,5,False,1000,1000
12569,114,betCent,10,0.6344546178343949,0,17,None,66,1,5,False,1000,1000
12570,110,betCent,10,0.5444864649681529,0,20,None,66,1,5,False,1000,1000
12571,111,betCent,10,0.5701632165605095,0,20,None,66,1,5,False,1000,1000
12572,112,betCent,10,0.5715565286624203,0,20,None,66,1,5,False,1000,1000
12573,113,betCent,10,0.5664808917197452,0,20,None,66,1,5,False,1000,1000
12574,114,betCent,10,0.5599124203821656,0,20,None,66,1,5,False,1000,1000
12575,110,betCent,10,0.6126592356687898,0,22,None,66,1,5,False,1000,1000
12576,111,betCent,10,0.6157444267515924,0,22,None,66,1,5,False,1000,1000
12577,112,betCent,10,0.6172372611464968,0,22,None,66,1,5,False,1000,1000
12578,113,betCent,10,0.6196257961783439,0,22,None,66,1,5,False,1000,1000
12579,114,betCent,10,0.6218152866242038,0,22,None,66,1,5,False,1000,1000
12580,110,betCent,10,0.6124601910828026,0,32,None,66,1,5,False,1000,1000
12581,111,betCent,10,0.615047770700637,0,32,None,66,1,5,False,1000,1000
12582,112,betCent,10,0.6191281847133758,0,32,None,66,1,5,False,1000,1000
12583,113,betCent,10,0.6209195859872612,0,32,None,66,1,5,False,1000,1000
12584,114,betCent,10,0.6235071656050956,0,32,None,66,1,5,False,1000,1000
12585,110,betCent,10,0.6415207006369427,0,13,None,66,1,5,False,1000,1000
12586,111,betCent,10,0.6431130573248408,0,13,None,66,1,5,False,1000,1000
12587,112,betCent,10,0.6424164012738853,0,13,None,66,1,5,False,1000,1000
12588,113,betCent,10,0.6431130573248408,0,13,None,66,1,5,False,1000,1000
12589,114,betCent,10,0.6422173566878981,0,13,None,66,1,5,False,1000,1000
12590,110,betCent,10,0.6132563694267515,0,23,None,66,1,5,False,1000,1000
12591,111,betCent,10,0.6155453821656051,0,23,None,66,1,5,False,1000,1000
12592,112,betCent,10,0.6192277070063694,0,23,None,66,1,5,False,1000,1000
12593,113,betCent,10,0.6217157643312102,0,23,None,66,1,5,False,1000,1000
12594,114,betCent,10,0.625,0,23,None,66,1,5,False,1000,1000
12595,110,betCent,10,0.5870820063694268,0,28,None,66,1,5,False,1000,1000
12596,111,betCent,10,0.5897691082802548,0,28,None,66,1,5,False,1000,1000
12597,112,betCent,10,0.5921576433121019,0,28,None,66,1,5,False,1000,1000
12598,113,betCent,10,0.5934514331210191,0,28,None,66,1,5,False,1000,1000
12599,114,betCent,10,0.5949442675159236,0,28,None,66,1,5,False,1000,1000
12600,110,betCent,10,0.645203025477707,0,31,None,66,1,5,False,1000,1000
12601,111,betCent,10,0.6487858280254777,0,31,None,66,1,5,False,1000,1000
12602,112,betCent,10,0.6520700636942676,0,31,None,66,1,5,False,1000,1000
12603,113,betCent,10,0.6545581210191083,0,31,None,66,1,5,False,1000,1000
12604,114,betCent,10,0.6568471337579618,0,31,None,66,1,5,False,1000,1000
12605,110,betCent,10,0.5988256369426752,0,27,None,66,1,5,False,1000,1000
12606,111,betCent,10,0.6024084394904459,0,27,None,66,1,5,False,1000,1000
12607,112,betCent,10,0.6054936305732485,0,27,None,66,1,5,False,1000,1000
12608,113,betCent,10,0.6088773885350318,0,27,None,66,1,5,False,1000,1000
12609,114,betCent,10,0.613156847133758,0,27,None,66,1,5,False,1000,1000
12610,110,betCent,10,0.6194267515923567,0,5,None,66,1,5,False,1000,1000
12611,111,betCent,10,0.6294785031847133,0,5,None,66,1,5,False,1000,1000
12612,112,betCent,10,0.6361464968152867,0,5,None,66,1,5,False,1000,1000
12613,113,betCent,10,0.6413216560509554,0,5,None,66,1,5,False,1000,1000
12614,114,betCent,10,0.6458996815286624,0,5,None,66,1,5,False,1000,1000
12615,110,betCent,10,0.6113654458598726,0,6,None,66,1,5,False,1000,1000
12616,111,betCent,10,0.6134554140127388,0,6,None,66,1,5,False,1000,1000
12617,112,betCent,10,0.6149482484076433,0,6,None,66,1,5,False,1000,1000
12618,113,betCent,10,0.617734872611465,0,6,None,66,1,5,False,1000,1000
12619,114,betCent,10,0.6200238853503185,0,6,None,66,1,5,False,1000,1000
12620,110,betCent,10,0.6118630573248408,0,7,None,66,1,5,False,1000,1000
12621,111,betCent,10,0.6143511146496815,0,7,None,66,1,5,False,1000,1000
12622,112,betCent,10,0.6169386942675159,0,7,None,66,1,5,False,1000,1000
12623,113,betCent,10,0.6195262738853503,0,7,None,66,1,5,False,1000,1000
12624,114,betCent,10,0.6210191082802548,0,7,None,66,1,5,False,1000,1000
12625,110,betCent,10,0.6159434713375797,0,12,None,66,1,5,False,1000,1000
12626,111,betCent,10,0.6242038216560509,0,12,None,66,1,5,False,1000,1000
12627,112,betCent,10,0.6326632165605095,0,12,None,66,1,5,False,1000,1000
12628,113,betCent,10,0.638734076433121,0,12,None,66,1,5,False,1000,1000
12629,114,betCent,10,0.6485867834394905,0,12,None,66,1,5,False,1000,1000
12630,110,betCent,10,0.6465963375796179,0,14,None,66,1,5,False,1000,1000
12631,111,betCent,10,0.6488853503184714,0,14,None,66,1,5,False,1000,1000
12632,112,betCent,10,0.6502786624203821,0,14,None,66,1,5,False,1000,1000
12633,113,betCent,10,0.6521695859872612,0,14,None,66,1,5,False,1000,1000
12634,114,betCent,10,0.6541600318471338,0,14,None,66,1,5,False,1000,1000
12635,110,betCent,10,0.59375,0,26,None,66,1,5,False,1000,1000
12636,111,betCent,10,0.5939490445859873,0,26,None,66,1,5,False,1000,1000
12637,112,betCent,10,0.5957404458598726,0,26,None,66,1,5,False,1000,1000
12638,113,betCent,10,0.5976313694267515,0,26,None,66,1,5,False,1000,1000
12639,114,betCent,10,0.5993232484076433,0,26,None,66,1,5,False,1000,1000
12640,110,betCent,10,0.6334593949044586,0,30,None,66,1,5,False,1000,1000
12641,111,betCent,10,0.6311703821656051,0,30,None,66,1,5,False,1000,1000
12642,112,betCent,10,0.6303742038216561,0,30,None,66,1,5,False,1000,1000
12643,113,betCent,10,0.6311703821656051,0,30,None,66,1,5,False,1000,1000
12644,114,betCent,10,0.6315684713375797,0,30,None,66,1,5,False,1000,1000
12645,110,betCent,10,0.587281050955414,0,10,None,66,1,5,False,1000,1000
12646,111,betCent,10,0.5974323248407644,0,10,None,66,1,5,False,1000,1000
12647,112,betCent,10,0.6070859872611465,0,10,None,66,1,5,False,1000,1000
12648,113,betCent,10,0.6168391719745223,0,10,None,66,1,5,False,1000,1000
12649,114,betCent,10,0.6258957006369427,0,10,None,66,1,5,False,1000,1000
12650,110,betCent,10,0.4496417197452229,0,11,None,66,1,5,False,1000,1000
12651,111,betCent,10,0.426453025477707,0,11,None,66,1,5,False,1000,1000
12652,112,betCent,10,0.4115246815286624,0,11,None,66,1,5,False,1000,1000
12653,113,betCent,10,0.4022691082802547,0,11,None,66,1,5,False,1000,1000
12654,114,betCent,10,0.3965963375796178,0,11,None,66,1,5,False,1000,1000
12655,110,betCent,10,0.5082603503184714,0,3,None,66,1,5,False,1000,1000
12656,111,betCent,10,0.4560111464968153,0,3,None,66,1,5,False,1000,1000
12657,112,betCent,10,0.4331210191082802,0,3,None,66,1,5,False,1000,1000
12658,113,betCent,10,0.417296974522293,0,3,None,66,1,5,False,1000,1000
12659,114,betCent,10,0.4072452229299363,0,3,None,66,1,5,False,1000,1000
12660,110,betCent,10,0.5913614649681529,0,15,None,66,1,5,False,1000,1000
12661,111,betCent,10,0.5947452229299363,0,15,None,66,1,5,False,1000,1000
12662,112,betCent,10,0.5980294585987261,0,15,None,66,1,5,False,1000,1000
12663,113,betCent,10,0.6018113057324841,0,15,None,66,1,5,False,1000,1000
12664,114,betCent,10,0.6052945859872612,0,15,None,66,1,5,False,1000,1000
12665,110,betCent,10,0.5989251592356688,0,8,None,66,1,5,False,1000,1000
12666,111,betCent,10,0.6049960191082803,0,8,None,66,1,5,False,1000,1000
12667,112,betCent,10,0.61046974522293,0,8,None,66,1,5,False,1000,1000
12668,113,betCent,10,0.6175358280254777,0,8,None,66,1,5,False,1000,1000
12669,114,betCent,10,0.6232085987261147,0,8,None,66,1,5,False,1000,1000
12670,110,betCent,10,0.6466958598726115,0,4,None,66,1,5,False,1000,1000
12671,111,betCent,10,0.6468949044585988,0,4,None,66,1,5,False,1000,1000
12672,112,betCent,10,0.647093949044586,0,4,None,66,1,5,False,1000,1000
12673,113,betCent,10,0.6490843949044586,0,4,None,66,1,5,False,1000,1000
12674,114,betCent,10,0.6498805732484076,0,4,None,66,1,5,False,1000,1000
12675,110,betCent,10,0.6435111464968153,0,16,None,66,1,5,False,1000,1000
12676,111,betCent,10,0.6519705414012739,0,16,None,66,1,5,False,1000,1000
12677,112,betCent,10,0.65625,0,16,None,66,1,5,False,1000,1000
12678,113,betCent,10,0.662718949044586,0,16,None,66,1,5,False,1000,1000
12679,114,betCent,10,0.6681926751592356,0,16,None,66,1,5,False,1000,1000
12680,110,betCent,10,0.5680732484076433,0,18,None,66,1,5,False,1000,1000
12681,111,betCent,10,0.5617038216560509,0,18,None,66,1,5,False,1000,1000
12682,112,betCent,10,0.5613057324840764,0,18,None,66,1,5,False,1000,1000
12683,113,betCent,10,0.5624004777070064,0,18,None,66,1,5,False,1000,1000
12684,114,betCent,10,0.5640923566878981,0,18,None,66,1,5,False,1000,1000
12685,110,betCent,10,0.6346536624203821,0,19,None,66,1,5,False,1000,1000
12686,111,betCent,10,0.6358479299363057,0,19,None,66,1,5,False,1000,1000
12687,112,betCent,10,0.637937898089172,0,19,None,66,1,5,False,1000,1000
12688,113,betCent,10,0.6400278662420382,0,19,None,66,1,5,False,1000,1000
12689,114,betCent,10,0.6424164012738853,0,19,None,66,1,5,False,1000,1000
12690,110,betCent,10,0.6110668789808917,0,21,None,66,1,5,False,1000,1000
12691,111,betCent,10,0.6083797770700637,0,21,None,66,1,5,False,1000,1000
12692,112,betCent,10,0.607484076433121,0,21,None,66,1,5,False,1000,1000
12693,113,betCent,10,0.6068869426751592,0,21,None,66,1,5,False,1000,1000
12694,114,betCent,10,0.6064888535031847,0,21,None,66,1,5,False,1000,1000
12695,110,betCent,10,0.6261942675159236,0,0,None,66,1,5,False,1000,1000
12696,111,betCent,10,0.6259952229299363,0,0,None,66,1,5,False,1000,1000
12697,112,betCent,10,0.6278861464968153,0,0,None,66,1,5,False,1000,1000
12698,113,betCent,10,0.629578025477707,0,0,None,66,1,5,False,1000,1000
12699,114,betCent,10,0.6298765923566879,0,0,None,66,1,5,False,1000,1000
12700,110,betCent,10,0.6222133757961783,0,24,None,66,1,5,False,1000,1000
12701,111,betCent,10,0.6273885350318471,0,24,None,66,1,5,False,1000,1000
12702,112,betCent,10,0.6296775477707006,0,24,None,66,1,5,False,1000,1000
12703,113,betCent,10,0.6332603503184714,0,24,None,66,1,5,False,1000,1000
12704,114,betCent,10,0.6365445859872612,0,24,None,66,1,5,False,1000,1000
12705,115,betCent,10,0.5933519108280255,0,26,None,66,1,5,False,1000,1000
12706,116,betCent,10,0.5915605095541401,0,26,None,66,1,5,False,1000,1000
12707,117,betCent,10,0.59484474522293,0,26,None,66,1,5,False,1000,1000
12708,118,betCent,10,0.5960390127388535,0,26,None,66,1,5,False,1000,1000
12709,119,betCent,10,0.5974323248407644,0,26,None,66,1,5,False,1000,1000
12710,115,betCent,10,0.647890127388535,0,16,None,66,1,5,False,1000,1000
12711,116,betCent,10,0.6537619426751592,0,16,None,66,1,5,False,1000,1000
12712,117,betCent,10,0.6584394904458599,0,16,None,66,1,5,False,1000,1000
12713,118,betCent,10,0.6653065286624203,0,16,None,66,1,5,False,1000,1000
12714,119,betCent,10,0.6706807324840764,0,16,None,66,1,5,False,1000,1000
12715,115,betCent,10,0.6023089171974523,0,15,None,66,1,5,False,1000,1000
12716,116,betCent,10,0.6058917197452229,0,15,None,66,1,5,False,1000,1000
12717,117,betCent,10,0.6097730891719745,0,15,None,66,1,5,False,1000,1000
12718,118,betCent,10,0.6116640127388535,0,15,None,66,1,5,False,1000,1000
12719,119,betCent,10,0.6132563694267515,0,15,None,66,1,5,False,1000,1000
12720,115,betCent,10,0.5741441082802548,0,18,None,66,1,5,False,1000,1000
12721,116,betCent,10,0.571656050955414,0,18,None,66,1,5,False,1000,1000
12722,117,betCent,10,0.5733479299363057,0,18,None,66,1,5,False,1000,1000
12723,118,betCent,10,0.5744426751592356,0,18,None,66,1,5,False,1000,1000
12724,119,betCent,10,0.5753383757961783,0,18,None,66,1,5,False,1000,1000
12725,115,betCent,10,0.6365445859872612,0,19,None,66,1,5,False,1000,1000
12726,116,betCent,10,0.6382364649681529,0,19,None,66,1,5,False,1000,1000
12727,117,betCent,10,0.6403264331210191,0,19,None,66,1,5,False,1000,1000
12728,118,betCent,10,0.6428144904458599,0,19,None,66,1,5,False,1000,1000
12729,119,betCent,10,0.6451035031847133,0,19,None,66,1,5,False,1000,1000
12730,115,betCent,10,0.6141520700636943,0,21,None,66,1,5,False,1000,1000
12731,116,betCent,10,0.6135549363057324,0,21,None,66,1,5,False,1000,1000
12732,117,betCent,10,0.6122611464968153,0,21,None,66,1,5,False,1000,1000
12733,118,betCent,10,0.6116640127388535,0,21,None,66,1,5,False,1000,1000
12734,119,betCent,10,0.6108678343949044,0,21,None,66,1,5,False,1000,1000
12735,115,betCent,10,0.5991242038216561,0,2,None,66,1,5,False,1000,1000
12736,116,betCent,10,0.6438097133757962,0,2,None,66,1,5,False,1000,1000
12737,117,betCent,10,0.6294785031847133,0,2,None,66,1,5,False,1000,1000
12738,118,betCent,10,0.6097730891719745,0,2,None,66,1,5,False,1000,1000
12739,119,betCent,10,0.597531847133758,0,2,None,66,1,5,False,1000,1000
12740,115,betCent,10,0.6038017515923567,0,8,None,66,1,5,False,1000,1000
12741,116,betCent,10,0.6094745222929936,0,8,None,66,1,5,False,1000,1000
12742,117,betCent,10,0.6162420382165605,0,8,None,66,1,5,False,1000,1000
12743,118,betCent,10,0.6222133757961783,0,8,None,66,1,5,False,1000,1000
12744,119,betCent,10,0.6269904458598726,0,8,None,66,1,5,False,1000,1000
12745,115,betCent,10,0.5946457006369427,0,10,None,66,1,5,False,1000,1000
12746,116,betCent,10,0.605593152866242,0,10,None,66,1,5,False,1000,1000
12747,117,betCent,10,0.6145501592356688,0,10,None,66,1,5,False,1000,1000
12748,118,betCent,10,0.6236066878980892,0,10,None,66,1,5,False,1000,1000
12749,119,betCent,10,0.6339570063694268,0,10,None,66,1,5,False,1000,1000
12750,115,betCent,10,0.5624004777070064,0,20,None,66,1,5,False,1000,1000
12751,116,betCent,10,0.5731488853503185,0,20,None,66,1,5,False,1000,1000
12752,117,betCent,10,0.5711584394904459,0,20,None,66,1,5,False,1000,1000
12753,118,betCent,10,0.5674761146496815,0,20,None,66,1,5,False,1000,1000
12754,119,betCent,10,0.5608081210191083,0,20,None,66,1,5,False,1000,1000
12755,115,betCent,10,0.6192277070063694,0,22,None,66,1,5,False,1000,1000
12756,116,betCent,10,0.6206210191082803,0,22,None,66,1,5,False,1000,1000
12757,117,betCent,10,0.6243033439490446,0,22,None,66,1,5,False,1000,1000
12758,118,betCent,10,0.62609474522293,0,22,None,66,1,5,False,1000,1000
12759,119,betCent,10,0.6271894904458599,0,22,None,66,1,5,False,1000,1000
12760,115,betCent,10,0.6323646496815286,0,5,None,66,1,5,False,1000,1000
12761,116,betCent,10,0.638734076433121,0,5,None,66,1,5,False,1000,1000
12762,117,betCent,10,0.6439092356687898,0,5,None,66,1,5,False,1000,1000
12763,118,betCent,10,0.6490843949044586,0,5,None,66,1,5,False,1000,1000
12764,119,betCent,10,0.6531648089171974,0,5,None,66,1,5,False,1000,1000
12765,115,betCent,10,0.6224124203821656,0,6,None,66,1,5,False,1000,1000
12766,116,betCent,10,0.6249004777070064,0,6,None,66,1,5,False,1000,1000
12767,117,betCent,10,0.6270899681528662,0,6,None,66,1,5,False,1000,1000
12768,118,betCent,10,0.6285828025477707,0,6,None,66,1,5,False,1000,1000
12769,119,betCent,10,0.6300756369426752,0,6,None,66,1,5,False,1000,1000
12770,115,betCent,10,0.6466958598726115,0,13,None,66,1,5,False,1000,1000
12771,116,betCent,10,0.6493829617834395,0,13,None,66,1,5,False,1000,1000
12772,117,betCent,10,0.6494824840764332,0,13,None,66,1,5,False,1000,1000
12773,118,betCent,10,0.6492834394904459,0,13,None,66,1,5,False,1000,1000
12774,119,betCent,10,0.6488853503184714,0,13,None,66,1,5,False,1000,1000
12775,115,betCent,10,0.626890923566879,0,12,None,66,1,5,False,1000,1000
12776,116,betCent,10,0.6354498407643312,0,12,None,66,1,5,False,1000,1000
12777,117,betCent,10,0.6419187898089171,0,12,None,66,1,5,False,1000,1000
12778,118,betCent,10,0.6501791401273885,0,12,None,66,1,5,False,1000,1000
12779,119,betCent,10,0.6561504777070064,0,12,None,66,1,5,False,1000,1000
12780,115,betCent,10,0.6222133757961783,0,23,None,66,1,5,False,1000,1000
12781,116,betCent,10,0.6250995222929936,0,23,None,66,1,5,False,1000,1000
12782,117,betCent,10,0.6274880573248408,0,23,None,66,1,5,False,1000,1000
12783,118,betCent,10,0.6299761146496815,0,23,None,66,1,5,False,1000,1000
12784,119,betCent,10,0.6318670382165605,0,23,None,66,1,5,False,1000,1000
12785,115,betCent,10,0.6338574840764332,0,30,None,66,1,5,False,1000,1000
12786,116,betCent,10,0.6327627388535032,0,30,None,66,1,5,False,1000,1000
12787,117,betCent,10,0.6330613057324841,0,30,None,66,1,5,False,1000,1000
12788,118,betCent,10,0.6337579617834395,0,30,None,66,1,5,False,1000,1000
12789,119,betCent,10,0.6335589171974523,0,30,None,66,1,5,False,1000,1000
12790,115,betCent,10,0.6033041401273885,0,27,None,66,1,5,False,1000,1000
12791,116,betCent,10,0.6070859872611465,0,27,None,66,1,5,False,1000,1000
12792,117,betCent,10,0.6101711783439491,0,27,None,66,1,5,False,1000,1000
12793,118,betCent,10,0.6143511146496815,0,27,None,66,1,5,False,1000,1000
12794,119,betCent,10,0.6169386942675159,0,27,None,66,1,5,False,1000,1000
12795,115,betCent,10,0.6511743630573248,0,31,None,66,1,5,False,1000,1000
12796,116,betCent,10,0.6548566878980892,0,31,None,66,1,5,False,1000,1000
12797,117,betCent,10,0.6574442675159236,0,31,None,66,1,5,False,1000,1000
12798,118,betCent,10,0.6592356687898089,0,31,None,66,1,5,False,1000,1000
12799,119,betCent,10,0.6614251592356688,0,31,None,66,1,5,False,1000,1000
12800,115,betCent,10,0.5916600318471338,0,28,None,66,1,5,False,1000,1000
12801,116,betCent,10,0.5920581210191083,0,28,None,66,1,5,False,1000,1000
12802,117,betCent,10,0.5945461783439491,0,28,None,66,1,5,False,1000,1000
12803,118,betCent,10,0.595640923566879,0,28,None,66,1,5,False,1000,1000
12804,119,betCent,10,0.5976313694267515,0,28,None,66,1,5,False,1000,1000
12805,115,betCent,10,0.440983280254777,0,11,None,66,1,5,False,1000,1000
12806,116,betCent,10,0.4233678343949044,0,11,None,66,1,5,False,1000,1000
12807,117,betCent,10,0.4107285031847134,0,11,None,66,1,5,False,1000,1000
12808,118,betCent,10,0.4012738853503185,0,11,None,66,1,5,False,1000,1000
12809,119,betCent,10,0.3950039808917197,0,11,None,66,1,5,False,1000,1000
12810,115,betCent,10,0.6439092356687898,0,17,None,66,1,5,False,1000,1000
12811,116,betCent,10,0.6407245222929936,0,17,None,66,1,5,False,1000,1000
12812,117,betCent,10,0.6423168789808917,0,17,None,66,1,5,False,1000,1000
12813,118,betCent,10,0.6445063694267515,0,17,None,66,1,5,False,1000,1000
12814,119,betCent,10,0.6458996815286624,0,17,None,66,1,5,False,1000,1000
12815,115,betCent,10,0.6233081210191083,0,24,None,66,1,5,False,1000,1000
12816,116,betCent,10,0.6270899681528662,0,24,None,66,1,5,False,1000,1000
12817,117,betCent,10,0.6304737261146497,0,24,None,66,1,5,False,1000,1000
12818,118,betCent,10,0.6338574840764332,0,24,None,66,1,5,False,1000,1000
12819,119,betCent,10,0.6367436305732485,0,24,None,66,1,5,False,1000,1000
12820,115,betCent,10,0.619327229299363,0,7,None,66,1,5,False,1000,1000
12821,116,betCent,10,0.6206210191082803,0,7,None,66,1,5,False,1000,1000
12822,117,betCent,10,0.6229100318471338,0,7,None,66,1,5,False,1000,1000
12823,118,betCent,10,0.6246019108280255,0,7,None,66,1,5,False,1000,1000
12824,119,betCent,10,0.6258957006369427,0,7,None,66,1,5,False,1000,1000
12825,115,betCent,10,0.6532643312101911,0,4,None,66,1,5,False,1000,1000
12826,116,betCent,10,0.6536624203821656,0,4,None,66,1,5,False,1000,1000
12827,117,betCent,10,0.6549562101910829,0,4,None,66,1,5,False,1000,1000
12828,118,betCent,10,0.65625,0,4,None,66,1,5,False,1000,1000
12829,119,betCent,10,0.6570461783439491,0,4,None,66,1,5,False,1000,1000
12830,115,betCent,10,0.6273885350318471,0,32,None,66,1,5,False,1000,1000
12831,116,betCent,10,0.628781847133758,0,32,None,66,1,5,False,1000,1000
12832,117,betCent,10,0.6301751592356688,0,32,None,66,1,5,False,1000,1000
12833,118,betCent,10,0.6313694267515924,0,32,None,66,1,5,False,1000,1000
12834,119,betCent,10,0.6335589171974523,0,32,None,66,1,5,False,1000,1000
12835,115,betCent,10,0.6304737261146497,0,1,None,66,1,5,False,1000,1000
12836,116,betCent,10,0.6305732484076433,0,1,None,66,1,5,False,1000,1000
12837,117,betCent,10,0.6317675159235668,0,1,None,66,1,5,False,1000,1000
12838,118,betCent,10,0.6336584394904459,0,1,None,66,1,5,False,1000,1000
12839,119,betCent,10,0.6344546178343949,0,1,None,66,1,5,False,1000,1000
12840,115,betCent,10,0.6302746815286624,0,0,None,66,1,5,False,1000,1000
12841,116,betCent,10,0.6308718152866242,0,0,None,66,1,5,False,1000,1000
12842,117,betCent,10,0.632265127388535,0,0,None,66,1,5,False,1000,1000
12843,118,betCent,10,0.6348527070063694,0,0,None,66,1,5,False,1000,1000
12844,119,betCent,10,0.6352507961783439,0,0,None,66,1,5,False,1000,1000
12845,115,betCent,10,0.5564291401273885,0,3,None,66,1,5,False,1000,1000
12846,116,betCent,10,0.513734076433121,0,3,None,66,1,5,False,1000,1000
12847,117,betCent,10,0.4718351910828025,0,3,None,66,1,5,False,1000,1000
12848,118,betCent,10,0.4407842356687898,0,3,None,66,1,5,False,1000,1000
12849,119,betCent,10,0.4279458598726114,0,3,None,66,1,5,False,1000,1000
12850,115,betCent,10,0.6346536624203821,0,14,None,66,1,5,False,1000,1000
12851,116,betCent,10,0.6367436305732485,0,14,None,66,1,5,False,1000,1000
12852,117,betCent,10,0.6396297770700637,0,14,None,66,1,5,False,1000,1000
12853,118,betCent,10,0.6422173566878981,0,14,None,66,1,5,False,1000,1000
12854,119,betCent,10,0.6443073248407644,0,14,None,66,1,5,False,1000,1000
12855,115,betCent,10,0.6210191082802548,0,9,None,66,1,5,False,1000,1000
12856,116,betCent,10,0.6277866242038217,0,9,None,66,1,5,False,1000,1000
12857,117,betCent,10,0.6357484076433121,0,9,None,66,1,5,False,1000,1000
12858,118,betCent,10,0.6430135350318471,0,9,None,66,1,5,False,1000,1000
12859,119,betCent,10,0.6503781847133758,0,9,None,66,1,5,False,1000,1000
12860,115,betCent,10,0.673765923566879,0,25,None,66,1,5,False,1000,1000
12861,116,betCent,10,0.6735668789808917,0,25,None,66,1,5,False,1000,1000
12862,117,betCent,10,0.6738654458598726,0,25,None,66,1,5,False,1000,1000
12863,118,betCent,10,0.6730692675159236,0,25,None,66,1,5,False,1000,1000
12864,119,betCent,10,0.6741640127388535,0,25,None,66,1,5,False,1000,1000
12865,115,betCent,10,0.6007165605095541,0,29,None,66,1,5,False,1000,1000
12866,116,betCent,10,0.6026074840764332,0,29,None,66,1,5,False,1000,1000
12867,117,betCent,10,0.6035031847133758,0,29,None,66,1,5,False,1000,1000
12868,118,betCent,10,0.6042993630573248,0,29,None,66,1,5,False,1000,1000
12869,119,betCent,10,0.6046974522292994,0,29,None,66,1,5,False,1000,1000
12870,120,betCent,10,0.6327627388535032,0,1,None,66,1,5,False,1000,1000
12871,121,betCent,10,0.6340565286624203,0,1,None,66,1,5,False,1000,1000
12872,122,betCent,10,0.6358479299363057,0,1,None,66,1,5,False,1000,1000
12873,123,betCent,10,0.636843152866242,0,1,None,66,1,5,False,1000,1000
12874,124,betCent,10,0.6382364649681529,0,1,None,66,1,5,False,1000,1000
12875,120,betCent,10,0.6136544585987261,0,2,None,66,1,5,False,1000,1000
12876,121,betCent,10,0.6521695859872612,0,2,None,66,1,5,False,1000,1000
12877,122,betCent,10,0.6372412420382165,0,2,None,66,1,5,False,1000,1000
12878,123,betCent,10,0.6186305732484076,0,2,None,66,1,5,False,1000,1000
12879,124,betCent,10,0.6076831210191083,0,2,None,66,1,5,False,1000,1000
12880,120,betCent,10,0.617734872611465,0,21,None,66,1,5,False,1000,1000
12881,121,betCent,10,0.6156449044585988,0,21,None,66,1,5,False,1000,1000
12882,122,betCent,10,0.6149482484076433,0,21,None,66,1,5,False,1000,1000
12883,123,betCent,10,0.6146496815286624,0,21,None,66,1,5,False,1000,1000
12884,124,betCent,10,0.6148487261146497,0,21,None,66,1,5,False,1000,1000
12885,120,betCent,10,0.6286823248407644,0,23,None,66,1,5,False,1000,1000
12886,121,betCent,10,0.6313694267515924,0,23,None,66,1,5,False,1000,1000
12887,122,betCent,10,0.6339570063694268,0,23,None,66,1,5,False,1000,1000
12888,123,betCent,10,0.6346536624203821,0,23,None,66,1,5,False,1000,1000
12889,124,betCent,10,0.6371417197452229,0,23,None,66,1,5,False,1000,1000
12890,120,betCent,10,0.6062898089171974,0,27,None,66,1,5,False,1000,1000
12891,121,betCent,10,0.6101711783439491,0,27,None,66,1,5,False,1000,1000
12892,122,betCent,10,0.613953025477707,0,27,None,66,1,5,False,1000,1000
12893,123,betCent,10,0.6175358280254777,0,27,None,66,1,5,False,1000,1000
12894,124,betCent,10,0.6211186305732485,0,27,None,66,1,5,False,1000,1000
12895,120,betCent,10,0.5923566878980892,0,28,None,66,1,5,False,1000,1000
12896,121,betCent,10,0.5950437898089171,0,28,None,66,1,5,False,1000,1000
12897,122,betCent,10,0.5966361464968153,0,28,None,66,1,5,False,1000,1000
12898,123,betCent,10,0.5991242038216561,0,28,None,66,1,5,False,1000,1000
12899,124,betCent,10,0.6004179936305732,0,28,None,66,1,5,False,1000,1000
12900,120,betCent,10,0.6596337579617835,0,16,None,66,1,5,False,1000,1000
12901,121,betCent,10,0.6663017515923567,0,16,None,66,1,5,False,1000,1000
12902,122,betCent,10,0.6712778662420382,0,16,None,66,1,5,False,1000,1000
12903,123,betCent,10,0.6755573248407644,0,16,None,66,1,5,False,1000,1000
12904,124,betCent,10,0.6805334394904459,0,16,None,66,1,5,False,1000,1000
12905,120,betCent,10,0.6409235668789809,0,32,None,66,1,5,False,1000,1000
12906,121,betCent,10,0.6408240445859873,0,32,None,66,1,5,False,1000,1000
12907,122,betCent,10,0.6423168789808917,0,32,None,66,1,5,False,1000,1000
12908,123,betCent,10,0.6430135350318471,0,32,None,66,1,5,False,1000,1000
12909,124,betCent,10,0.6447054140127388,0,32,None,66,1,5,False,1000,1000
12910,120,betCent,10,0.6058917197452229,0,15,None,66,1,5,False,1000,1000
12911,121,betCent,10,0.6097730891719745,0,15,None,66,1,5,False,1000,1000
12912,122,betCent,10,0.6123606687898089,0,15,None,66,1,5,False,1000,1000
12913,123,betCent,10,0.6135549363057324,0,15,None,66,1,5,False,1000,1000
12914,124,betCent,10,0.6148487261146497,0,15,None,66,1,5,False,1000,1000
12915,120,betCent,10,0.6507762738853503,0,13,None,66,1,5,False,1000,1000
12916,121,betCent,10,0.6533638535031847,0,13,None,66,1,5,False,1000,1000
12917,122,betCent,10,0.6555533439490446,0,13,None,66,1,5,False,1000,1000
12918,123,betCent,10,0.6550557324840764,0,13,None,66,1,5,False,1000,1000
12919,124,betCent,10,0.6556528662420382,0,13,None,66,1,5,False,1000,1000
12920,120,betCent,10,0.6277866242038217,0,24,None,66,1,5,False,1000,1000
12921,121,betCent,10,0.6305732484076433,0,24,None,66,1,5,False,1000,1000
12922,122,betCent,10,0.6343550955414012,0,24,None,66,1,5,False,1000,1000
12923,123,betCent,10,0.6371417197452229,0,24,None,66,1,5,False,1000,1000
12924,124,betCent,10,0.6394307324840764,0,24,None,66,1,5,False,1000,1000
12925,120,betCent,10,0.5731488853503185,0,20,None,66,1,5,False,1000,1000
12926,121,betCent,10,0.5752388535031847,0,20,None,66,1,5,False,1000,1000
12927,122,betCent,10,0.572452229299363,0,20,None,66,1,5,False,1000,1000
12928,123,betCent,10,0.568172770700637,0,20,None,66,1,5,False,1000,1000
12929,124,betCent,10,0.5621019108280255,0,20,None,66,1,5,False,1000,1000
12930,120,betCent,10,0.6084792993630573,0,8,None,66,1,5,False,1000,1000
12931,121,betCent,10,0.6147492038216561,0,8,None,66,1,5,False,1000,1000
12932,122,betCent,10,0.620421974522293,0,8,None,66,1,5,False,1000,1000
12933,123,betCent,10,0.6247014331210191,0,8,None,66,1,5,False,1000,1000
12934,124,betCent,10,0.6293789808917197,0,8,None,66,1,5,False,1000,1000
12935,120,betCent,10,0.5776273885350318,0,18,None,66,1,5,False,1000,1000
12936,121,betCent,10,0.5744426751592356,0,18,None,66,1,5,False,1000,1000
12937,122,betCent,10,0.5756369426751592,0,18,None,66,1,5,False,1000,1000
12938,123,betCent,10,0.5769307324840764,0,18,None,66,1,5,False,1000,1000
12939,124,betCent,10,0.578125,0,18,None,66,1,5,False,1000,1000
12940,120,betCent,10,0.6538614649681529,0,31,None,66,1,5,False,1000,1000
12941,121,betCent,10,0.6564490445859873,0,31,None,66,1,5,False,1000,1000
12942,122,betCent,10,0.6590366242038217,0,31,None,66,1,5,False,1000,1000
12943,123,betCent,10,0.6606289808917197,0,31,None,66,1,5,False,1000,1000
12944,124,betCent,10,0.6630175159235668,0,31,None,66,1,5,False,1000,1000
12945,120,betCent,10,0.645203025477707,0,19,None,66,1,5,False,1000,1000
12946,121,betCent,10,0.6472929936305732,0,19,None,66,1,5,False,1000,1000
12947,122,betCent,10,0.6493829617834395,0,19,None,66,1,5,False,1000,1000
12948,123,betCent,10,0.6515724522292994,0,19,None,66,1,5,False,1000,1000
12949,124,betCent,10,0.6527667197452229,0,19,None,66,1,5,False,1000,1000
12950,120,betCent,10,0.6399283439490446,0,5,None,66,1,5,False,1000,1000
12951,121,betCent,10,0.6456011146496815,0,5,None,66,1,5,False,1000,1000
12952,122,betCent,10,0.6504777070063694,0,5,None,66,1,5,False,1000,1000
12953,123,betCent,10,0.6545581210191083,0,5,None,66,1,5,False,1000,1000
12954,124,betCent,10,0.6574442675159236,0,5,None,66,1,5,False,1000,1000
12955,120,betCent,10,0.6242038216560509,0,7,None,66,1,5,False,1000,1000
12956,121,betCent,10,0.625,0,7,None,66,1,5,False,1000,1000
12957,122,betCent,10,0.6267914012738853,0,7,None,66,1,5,False,1000,1000
12958,123,betCent,10,0.627687101910828,0,7,None,66,1,5,False,1000,1000
12959,124,betCent,10,0.6290804140127388,0,7,None,66,1,5,False,1000,1000
12960,120,betCent,10,0.603702229299363,0,26,None,66,1,5,False,1000,1000
12961,121,betCent,10,0.6043988853503185,0,26,None,66,1,5,False,1000,1000
12962,122,betCent,10,0.6042993630573248,0,26,None,66,1,5,False,1000,1000
12963,123,betCent,10,0.6059912420382165,0,26,None,66,1,5,False,1000,1000
12964,124,betCent,10,0.6079816878980892,0,26,None,66,1,5,False,1000,1000
12965,120,betCent,10,0.6457006369426752,0,30,None,66,1,5,False,1000,1000
12966,121,betCent,10,0.6448049363057324,0,30,None,66,1,5,False,1000,1000
12967,122,betCent,10,0.6450039808917197,0,30,None,66,1,5,False,1000,1000
12968,123,betCent,10,0.6453025477707006,0,30,None,66,1,5,False,1000,1000
12969,124,betCent,10,0.6449044585987261,0,30,None,66,1,5,False,1000,1000
12970,120,betCent,10,0.6294785031847133,0,6,None,66,1,5,False,1000,1000
12971,121,betCent,10,0.6305732484076433,0,6,None,66,1,5,False,1000,1000
12972,122,betCent,10,0.6313694267515924,0,6,None,66,1,5,False,1000,1000
12973,123,betCent,10,0.6328622611464968,0,6,None,66,1,5,False,1000,1000
12974,124,betCent,10,0.6337579617834395,0,6,None,66,1,5,False,1000,1000
12975,120,betCent,10,0.6228105095541401,0,22,None,66,1,5,False,1000,1000
12976,121,betCent,10,0.625,0,22,None,66,1,5,False,1000,1000
12977,122,betCent,10,0.6269904458598726,0,22,None,66,1,5,False,1000,1000
12978,123,betCent,10,0.6285828025477707,0,22,None,66,1,5,False,1000,1000
12979,124,betCent,10,0.6313694267515924,0,22,None,66,1,5,False,1000,1000
12980,120,betCent,10,0.6541600318471338,0,4,None,66,1,5,False,1000,1000
12981,121,betCent,10,0.6548566878980892,0,4,None,66,1,5,False,1000,1000
12982,122,betCent,10,0.6564490445859873,0,4,None,66,1,5,False,1000,1000
12983,123,betCent,10,0.6574442675159236,0,4,None,66,1,5,False,1000,1000
12984,124,betCent,10,0.6584394904458599,0,4,None,66,1,5,False,1000,1000
12985,120,betCent,10,0.6540605095541401,0,14,None,66,1,5,False,1000,1000
12986,121,betCent,10,0.6555533439490446,0,14,None,66,1,5,False,1000,1000
12987,122,betCent,10,0.65734474522293,0,14,None,66,1,5,False,1000,1000
12988,123,betCent,10,0.6584394904458599,0,14,None,66,1,5,False,1000,1000
12989,124,betCent,10,0.6597332802547771,0,14,None,66,1,5,False,1000,1000
12990,120,betCent,10,0.6355493630573248,0,0,None,66,1,5,False,1000,1000
12991,121,betCent,10,0.6365445859872612,0,0,None,66,1,5,False,1000,1000
12992,122,betCent,10,0.6367436305732485,0,0,None,66,1,5,False,1000,1000
12993,123,betCent,10,0.6388335987261147,0,0,None,66,1,5,False,1000,1000
12994,124,betCent,10,0.6399283439490446,0,0,None,66,1,5,False,1000,1000
12995,120,betCent,10,0.6005175159235668,0,29,None,66,1,5,False,1000,1000
12996,121,betCent,10,0.6016122611464968,0,29,None,66,1,5,False,1000,1000
12997,122,betCent,10,0.6024084394904459,0,29,None,66,1,5,False,1000,1000
12998,123,betCent,10,0.6036027070063694,0,29,None,66,1,5,False,1000,1000
12999,124,betCent,10,0.6043988853503185,0,29,None,66,1,5,False,1000,1000
13000,120,betCent,10,0.6018113057324841,0,10,None,66,1,5,False,1000,1000
13001,121,betCent,10,0.611265923566879,0,10,None,66,1,5,False,1000,1000
13002,122,betCent,10,0.6197253184713376,0,10,None,66,1,5,False,1000,1000
13003,123,betCent,10,0.629578025477707,0,10,None,66,1,5,False,1000,1000
13004,124,betCent,10,0.6392316878980892,0,10,None,66,1,5,False,1000,1000
13005,120,betCent,10,0.440983280254777,0,11,None,66,1,5,False,1000,1000
13006,121,betCent,10,0.4252587579617834,0,11,None,66,1,5,False,1000,1000
13007,122,betCent,10,0.4155055732484076,0,11,None,66,1,5,False,1000,1000
13008,123,betCent,10,0.4084394904458598,0,11,None,66,1,5,False,1000,1000
13009,124,betCent,10,0.4014729299363057,0,11,None,66,1,5,False,1000,1000
13010,120,betCent,10,0.5545382165605095,0,3,None,66,1,5,False,1000,1000
13011,121,betCent,10,0.5241839171974523,0,3,None,66,1,5,False,1000,1000
13012,122,betCent,10,0.4938296178343949,0,3,None,66,1,5,False,1000,1000
13013,123,betCent,10,0.4646695859872611,0,3,None,66,1,5,False,1000,1000
13014,124,betCent,10,0.4390923566878981,0,3,None,66,1,5,False,1000,1000
13015,120,betCent,10,0.6527667197452229,0,17,None,66,1,5,False,1000,1000
13016,121,betCent,10,0.6499800955414012,0,17,None,66,1,5,False,1000,1000
13017,122,betCent,10,0.6527667197452229,0,17,None,66,1,5,False,1000,1000
13018,123,betCent,10,0.6531648089171974,0,17,None,66,1,5,False,1000,1000
13019,124,betCent,10,0.6546576433121019,0,17,None,66,1,5,False,1000,1000
13020,125,betCent,10,0.6659036624203821,0,16,None,66,1,5,False,1000,1000
13021,126,betCent,10,0.6710788216560509,0,16,None,66,1,5,False,1000,1000
13022,127,betCent,10,0.676453025477707,0,16,None,66,1,5,False,1000,1000
13023,128,betCent,10,0.6806329617834395,0,16,None,66,1,5,False,1000,1000
13024,129,betCent,10,0.6850119426751592,0,16,None,66,1,5,False,1000,1000
13025,125,betCent,10,0.6457006369426752,0,19,None,66,1,5,False,1000,1000
13026,126,betCent,10,0.6471934713375797,0,19,None,66,1,5,False,1000,1000
13027,127,betCent,10,0.6486863057324841,0,19,None,66,1,5,False,1000,1000
13028,128,betCent,10,0.6508757961783439,0,19,None,66,1,5,False,1000,1000
13029,129,betCent,10,0.6525676751592356,0,19,None,66,1,5,False,1000,1000
13030,125,betCent,10,0.6582404458598726,0,31,None,66,1,5,False,1000,1000
13031,126,betCent,10,0.6604299363057324,0,31,None,66,1,5,False,1000,1000
13032,127,betCent,10,0.661922770700637,0,31,None,66,1,5,False,1000,1000
13033,128,betCent,10,0.6641122611464968,0,31,None,66,1,5,False,1000,1000
13034,129,betCent,10,0.666202229299363,0,31,None,66,1,5,False,1000,1000
13035,125,betCent,10,0.6311703821656051,0,24,None,66,1,5,False,1000,1000
13036,126,betCent,10,0.6351512738853503,0,24,None,66,1,5,False,1000,1000
13037,127,betCent,10,0.637937898089172,0,24,None,66,1,5,False,1000,1000
13038,128,betCent,10,0.6404259554140127,0,24,None,66,1,5,False,1000,1000
13039,129,betCent,10,0.6424164012738853,0,24,None,66,1,5,False,1000,1000
13040,120,betCent,10,0.6249004777070064,0,9,None,66,1,5,False,1000,1000
13041,121,betCent,10,0.631468949044586,0,9,None,66,1,5,False,1000,1000
13042,122,betCent,10,0.6396297770700637,0,9,None,66,1,5,False,1000,1000
13043,123,betCent,10,0.6458001592356688,0,9,None,66,1,5,False,1000,1000
13044,124,betCent,10,0.6548566878980892,0,9,None,66,1,5,False,1000,1000
13045,120,betCent,10,0.6352507961783439,0,12,None,66,1,5,False,1000,1000
13046,121,betCent,10,0.6409235668789809,0,12,None,66,1,5,False,1000,1000
13047,122,betCent,10,0.6502786624203821,0,12,None,66,1,5,False,1000,1000
13048,123,betCent,10,0.6554538216560509,0,12,None,66,1,5,False,1000,1000
13049,124,betCent,10,0.6597332802547771,0,12,None,66,1,5,False,1000,1000
13050,120,betCent,10,0.6568471337579618,0,25,None,66,1,5,False,1000,1000
13051,121,betCent,10,0.6539609872611465,0,25,None,66,1,5,False,1000,1000
13052,122,betCent,10,0.6538614649681529,0,25,None,66,1,5,False,1000,1000
13053,123,betCent,10,0.6545581210191083,0,25,None,66,1,5,False,1000,1000
13054,124,betCent,10,0.65515525477707,0,25,None,66,1,5,False,1000,1000
13055,125,betCent,10,0.6474920382165605,0,32,None,66,1,5,False,1000,1000
13056,126,betCent,10,0.6471934713375797,0,32,None,66,1,5,False,1000,1000
13057,127,betCent,10,0.6473925159235668,0,32,None,66,1,5,False,1000,1000
13058,128,betCent,10,0.6481886942675159,0,32,None,66,1,5,False,1000,1000
13059,129,betCent,10,0.6487858280254777,0,32,None,66,1,5,False,1000,1000
13060,125,betCent,10,0.6357484076433121,0,1,None,66,1,5,False,1000,1000
13061,126,betCent,10,0.637937898089172,0,1,None,66,1,5,False,1000,1000
13062,127,betCent,10,0.6400278662420382,0,1,None,66,1,5,False,1000,1000
13063,128,betCent,10,0.6405254777070064,0,1,None,66,1,5,False,1000,1000
13064,129,betCent,10,0.6413216560509554,0,1,None,66,1,5,False,1000,1000
13065,125,betCent,10,0.6129578025477707,0,8,None,66,1,5,False,1000,1000
13066,126,betCent,10,0.6186305732484076,0,8,None,66,1,5,False,1000,1000
13067,127,betCent,10,0.6235071656050956,0,8,None,66,1,5,False,1000,1000
13068,128,betCent,10,0.6277866242038217,0,8,None,66,1,5,False,1000,1000
13069,129,betCent,10,0.6328622611464968,0,8,None,66,1,5,False,1000,1000
13070,125,betCent,10,0.6205214968152867,0,21,None,66,1,5,False,1000,1000
13071,126,betCent,10,0.6189291401273885,0,21,None,66,1,5,False,1000,1000
13072,127,betCent,10,0.6178343949044586,0,21,None,66,1,5,False,1000,1000
13073,128,betCent,10,0.617734872611465,0,21,None,66,1,5,False,1000,1000
13074,129,betCent,10,0.6174363057324841,0,21,None,66,1,5,False,1000,1000
13075,125,betCent,10,0.6346536624203821,0,23,None,66,1,5,False,1000,1000
13076,126,betCent,10,0.6357484076433121,0,23,None,66,1,5,False,1000,1000
13077,127,betCent,10,0.6377388535031847,0,23,None,66,1,5,False,1000,1000
13078,128,betCent,10,0.638734076433121,0,23,None,66,1,5,False,1000,1000
13079,129,betCent,10,0.6414211783439491,0,23,None,66,1,5,False,1000,1000
13080,125,betCent,10,0.6102707006369427,0,27,None,66,1,5,False,1000,1000
13081,126,betCent,10,0.6129578025477707,0,27,None,66,1,5,False,1000,1000
13082,127,betCent,10,0.6164410828025477,0,27,None,66,1,5,False,1000,1000
13083,128,betCent,10,0.6205214968152867,0,27,None,66,1,5,False,1000,1000
13084,129,betCent,10,0.6242038216560509,0,27,None,66,1,5,False,1000,1000
13085,125,betCent,10,0.6261942675159236,0,2,None,66,1,5,False,1000,1000
13086,126,betCent,10,0.6591361464968153,0,2,None,66,1,5,False,1000,1000
13087,127,betCent,10,0.6431130573248408,0,2,None,66,1,5,False,1000,1000
13088,128,betCent,10,0.6264928343949044,0,2,None,66,1,5,False,1000,1000
13089,129,betCent,10,0.6153463375796179,0,2,None,66,1,5,False,1000,1000
13090,125,betCent,10,0.60828025477707,0,10,None,66,1,5,False,1000,1000
13091,126,betCent,10,0.6165406050955414,0,10,None,66,1,5,False,1000,1000
13092,127,betCent,10,0.6248009554140127,0,10,None,66,1,5,False,1000,1000
13093,128,betCent,10,0.6357484076433121,0,10,None,66,1,5,False,1000,1000
13094,129,betCent,10,0.64171974522293,0,10,None,66,1,5,False,1000,1000
13095,125,betCent,10,0.4331210191082802,0,11,None,66,1,5,False,1000,1000
13096,126,betCent,10,0.4215764331210191,0,11,None,66,1,5,False,1000,1000
13097,127,betCent,10,0.4132165605095541,0,11,None,66,1,5,False,1000,1000
13098,128,betCent,10,0.4066480891719745,0,11,None,66,1,5,False,1000,1000
13099,129,betCent,10,0.4019705414012738,0,11,None,66,1,5,False,1000,1000
13100,125,betCent,10,0.612062101910828,0,15,None,66,1,5,False,1000,1000
13101,126,betCent,10,0.6143511146496815,0,15,None,66,1,5,False,1000,1000
13102,127,betCent,10,0.615047770700637,0,15,None,66,1,5,False,1000,1000
13103,128,betCent,10,0.6174363057324841,0,15,None,66,1,5,False,1000,1000
13104,129,betCent,10,0.6190286624203821,0,15,None,66,1,5,False,1000,1000
13105,125,betCent,10,0.6597332802547771,0,17,None,66,1,5,False,1000,1000
13106,126,betCent,10,0.6570461783439491,0,17,None,66,1,5,False,1000,1000
13107,127,betCent,10,0.658140923566879,0,17,None,66,1,5,False,1000,1000
13108,128,betCent,10,0.6592356687898089,0,17,None,66,1,5,False,1000,1000
13109,129,betCent,10,0.6599323248407644,0,17,None,66,1,5,False,1000,1000
13110,125,betCent,10,0.576234076433121,0,20,None,66,1,5,False,1000,1000
13111,126,betCent,10,0.5755374203821656,0,20,None,66,1,5,False,1000,1000
13112,127,betCent,10,0.5752388535031847,0,20,None,66,1,5,False,1000,1000
13113,128,betCent,10,0.5698646496815286,0,20,None,66,1,5,False,1000,1000
13114,129,betCent,10,0.5640923566878981,0,20,None,66,1,5,False,1000,1000
13115,125,betCent,10,0.5803144904458599,0,18,None,66,1,5,False,1000,1000
13116,126,betCent,10,0.5794187898089171,0,18,None,66,1,5,False,1000,1000
13117,127,betCent,10,0.5803144904458599,0,18,None,66,1,5,False,1000,1000
13118,128,betCent,10,0.5823049363057324,0,18,None,66,1,5,False,1000,1000
13119,129,betCent,10,0.5836982484076433,0,18,None,66,1,5,False,1000,1000
13120,125,betCent,10,0.5953423566878981,0,28,None,66,1,5,False,1000,1000
13121,126,betCent,10,0.5978304140127388,0,28,None,66,1,5,False,1000,1000
13122,127,betCent,10,0.6001194267515924,0,28,None,66,1,5,False,1000,1000
13123,128,betCent,10,0.6009156050955414,0,28,None,66,1,5,False,1000,1000
13124,129,betCent,10,0.6017117834394905,0,28,None,66,1,5,False,1000,1000
13125,125,betCent,10,0.6252985668789809,0,22,None,66,1,5,False,1000,1000
13126,126,betCent,10,0.6292794585987261,0,22,None,66,1,5,False,1000,1000
13127,127,betCent,10,0.6311703821656051,0,22,None,66,1,5,False,1000,1000
13128,128,betCent,10,0.6339570063694268,0,22,None,66,1,5,False,1000,1000
13129,129,betCent,10,0.634952229299363,0,22,None,66,1,5,False,1000,1000
13130,125,betCent,10,0.6033041401273885,0,29,None,66,1,5,False,1000,1000
13131,126,betCent,10,0.6057921974522293,0,29,None,66,1,5,False,1000,1000
13132,127,betCent,10,0.6065883757961783,0,29,None,66,1,5,False,1000,1000
13133,128,betCent,10,0.6079816878980892,0,29,None,66,1,5,False,1000,1000
13134,129,betCent,10,0.6087778662420382,0,29,None,66,1,5,False,1000,1000
13135,125,betCent,10,0.6272890127388535,0,9,None,66,1,5,False,1000,1000
13136,126,betCent,10,0.6343550955414012,0,9,None,66,1,5,False,1000,1000
13137,127,betCent,10,0.6424164012738853,0,9,None,66,1,5,False,1000,1000
13138,128,betCent,10,0.6498805732484076,0,9,None,66,1,5,False,1000,1000
13139,129,betCent,10,0.6577428343949044,0,9,None,66,1,5,False,1000,1000
13140,125,betCent,10,0.6468949044585988,0,5,None,66,1,5,False,1000,1000
13141,126,betCent,10,0.6514729299363057,0,5,None,66,1,5,False,1000,1000
13142,127,betCent,10,0.6566480891719745,0,5,None,66,1,5,False,1000,1000
13143,128,betCent,10,0.6591361464968153,0,5,None,66,1,5,False,1000,1000
13144,129,betCent,10,0.6613256369426752,0,5,None,66,1,5,False,1000,1000
13145,125,betCent,10,0.6577428343949044,0,4,None,66,1,5,False,1000,1000
13146,126,betCent,10,0.6585390127388535,0,4,None,66,1,5,False,1000,1000
13147,127,betCent,10,0.6601313694267515,0,4,None,66,1,5,False,1000,1000
13148,128,betCent,10,0.6618232484076433,0,4,None,66,1,5,False,1000,1000
13149,129,betCent,10,0.6621218152866242,0,4,None,66,1,5,False,1000,1000
13150,125,betCent,10,0.6298765923566879,0,7,None,66,1,5,False,1000,1000
13151,126,betCent,10,0.6308718152866242,0,7,None,66,1,5,False,1000,1000
13152,127,betCent,10,0.6320660828025477,0,7,None,66,1,5,False,1000,1000
13153,128,betCent,10,0.6323646496815286,0,7,None,66,1,5,False,1000,1000
13154,129,betCent,10,0.6329617834394905,0,7,None,66,1,5,False,1000,1000
13155,125,betCent,10,0.6622213375796179,0,14,None,66,1,5,False,1000,1000
13156,126,betCent,10,0.6638136942675159,0,14,None,66,1,5,False,1000,1000
13157,127,betCent,10,0.6644108280254777,0,14,None,66,1,5,False,1000,1000
13158,128,betCent,10,0.6653065286624203,0,14,None,66,1,5,False,1000,1000
13159,129,betCent,10,0.6670979299363057,0,14,None,66,1,5,False,1000,1000
13160,125,betCent,10,0.6460987261146497,0,30,None,66,1,5,False,1000,1000
13161,126,betCent,10,0.6464968152866242,0,30,None,66,1,5,False,1000,1000
13162,127,betCent,10,0.647093949044586,0,30,None,66,1,5,False,1000,1000
13163,128,betCent,10,0.6469944267515924,0,30,None,66,1,5,False,1000,1000
13164,129,betCent,10,0.6473925159235668,0,30,None,66,1,5,False,1000,1000
13165,125,betCent,10,0.6402269108280255,0,0,None,66,1,5,False,1000,1000
13166,126,betCent,10,0.6419187898089171,0,0,None,66,1,5,False,1000,1000
13167,127,betCent,10,0.6439092356687898,0,0,None,66,1,5,False,1000,1000
13168,128,betCent,10,0.645203025477707,0,0,None,66,1,5,False,1000,1000
13169,129,betCent,10,0.6464968152866242,0,0,None,66,1,5,False,1000,1000
13170,125,betCent,10,0.6326632165605095,0,6,None,66,1,5,False,1000,1000
13171,126,betCent,10,0.6336584394904459,0,6,None,66,1,5,False,1000,1000
13172,127,betCent,10,0.634952229299363,0,6,None,66,1,5,False,1000,1000
13173,128,betCent,10,0.6355493630573248,0,6,None,66,1,5,False,1000,1000
13174,129,betCent,10,0.6367436305732485,0,6,None,66,1,5,False,1000,1000
13175,125,betCent,10,0.6492834394904459,0,12,None,66,1,5,False,1000,1000
13176,126,betCent,10,0.65515525477707,0,12,None,66,1,5,False,1000,1000
13177,127,betCent,10,0.6599323248407644,0,12,None,66,1,5,False,1000,1000
13178,128,betCent,10,0.6639132165605095,0,12,None,66,1,5,False,1000,1000
13179,129,betCent,10,0.6685907643312102,0,12,None,66,1,5,False,1000,1000
13180,125,betCent,10,0.5447850318471338,0,3,None,66,1,5,False,1000,1000
13181,126,betCent,10,0.5173168789808917,0,3,None,66,1,5,False,1000,1000
13182,127,betCent,10,0.4931329617834395,0,3,None,66,1,5,False,1000,1000
13183,128,betCent,10,0.4691480891719745,0,3,None,66,1,5,False,1000,1000
13184,129,betCent,10,0.4448646496815286,0,3,None,66,1,5,False,1000,1000
13185,125,betCent,10,0.6536624203821656,0,13,None,66,1,5,False,1000,1000
13186,126,betCent,10,0.6579418789808917,0,13,None,66,1,5,False,1000,1000
13187,127,betCent,10,0.6586385350318471,0,13,None,66,1,5,False,1000,1000
13188,128,betCent,10,0.6605294585987261,0,13,None,66,1,5,False,1000,1000
13189,129,betCent,10,0.6611265923566879,0,13,None,66,1,5,False,1000,1000
13190,125,betCent,10,0.6575437898089171,0,25,None,66,1,5,False,1000,1000
13191,126,betCent,10,0.6544585987261147,0,25,None,66,1,5,False,1000,1000
13192,127,betCent,10,0.6555533439490446,0,25,None,66,1,5,False,1000,1000
13193,128,betCent,10,0.6564490445859873,0,25,None,66,1,5,False,1000,1000
13194,129,betCent,10,0.6569466560509554,0,25,None,66,1,5,False,1000,1000
13195,125,betCent,10,0.6100716560509554,0,26,None,66,1,5,False,1000,1000
13196,126,betCent,10,0.6100716560509554,0,26,None,66,1,5,False,1000,1000
13197,127,betCent,10,0.6110668789808917,0,26,None,66,1,5,False,1000,1000
13198,128,betCent,10,0.6136544585987261,0,26,None,66,1,5,False,1000,1000
13199,129,betCent,10,0.6157444267515924,0,26,None,66,1,5,False,1000,1000
13260,125,betCent,10,0.6493829617834395,0,12,None,66,1,5,False,1000,1000
13264,129,betCent,10,0.6684912420382165,0,12,None,66,1,5,False,1000,1000
13286,126,betCent,10,0.6580414012738853,0,13,None,66,1,5,False,1000,1000
13530,130,betCent,10,0.6398288216560509,0,1,None,66,1,5,False,1000,1000
13531,131,betCent,10,0.6413216560509554,0,1,None,66,1,5,False,1000,1000
13532,132,betCent,10,0.642515923566879,0,1,None,66,1,5,False,1000,1000
13533,133,betCent,10,0.6426154458598726,0,1,None,66,1,5,False,1000,1000
13534,134,betCent,10,0.6439092356687898,0,1,None,66,1,5,False,1000,1000
13535,130,betCent,10,0.6375398089171974,0,2,None,66,1,5,False,1000,1000
13536,131,betCent,10,0.6655055732484076,0,2,None,66,1,5,False,1000,1000
13537,132,betCent,10,0.6490843949044586,0,2,None,66,1,5,False,1000,1000
13538,133,betCent,10,0.6335589171974523,0,2,None,66,1,5,False,1000,1000
13539,134,betCent,10,0.6230095541401274,0,2,None,66,1,5,False,1000,1000
13540,130,betCent,10,0.6626194267515924,0,13,None,66,1,5,False,1000,1000
13541,131,betCent,10,0.6624203821656051,0,13,None,66,1,5,False,1000,1000
13542,132,betCent,10,0.6634156050955414,0,13,None,66,1,5,False,1000,1000
13543,133,betCent,10,0.6638136942675159,0,13,None,66,1,5,False,1000,1000
13544,134,betCent,10,0.6647093949044586,0,13,None,66,1,5,False,1000,1000
13545,130,betCent,10,0.6160429936305732,0,15,None,66,1,5,False,1000,1000
13546,131,betCent,10,0.6179339171974523,0,15,None,66,1,5,False,1000,1000
13547,132,betCent,10,0.6196257961783439,0,15,None,66,1,5,False,1000,1000
13548,133,betCent,10,0.6208200636942676,0,15,None,66,1,5,False,1000,1000
13549,134,betCent,10,0.6225119426751592,0,15,None,66,1,5,False,1000,1000
13550,130,betCent,10,0.6172372611464968,0,10,None,66,1,5,False,1000,1000
13551,131,betCent,10,0.6256966560509554,0,10,None,66,1,5,False,1000,1000
13552,132,betCent,10,0.6348527070063694,0,10,None,66,1,5,False,1000,1000
13553,133,betCent,10,0.6414211783439491,0,10,None,66,1,5,False,1000,1000
13554,134,betCent,10,0.6474920382165605,0,10,None,66,1,5,False,1000,1000
13555,130,betCent,10,0.4331210191082802,0,11,None,66,1,5,False,1000,1000
13556,131,betCent,10,0.4223726114649681,0,11,None,66,1,5,False,1000,1000
13557,132,betCent,10,0.4141122611464968,0,11,None,66,1,5,False,1000,1000
13558,133,betCent,10,0.408937101910828,0,11,None,66,1,5,False,1000,1000
13559,134,betCent,10,0.4048566878980891,0,11,None,66,1,5,False,1000,1000
13560,130,betCent,10,0.6711783439490446,0,16,None,66,1,5,False,1000,1000
13561,131,betCent,10,0.6747611464968153,0,16,None,66,1,5,False,1000,1000
13562,132,betCent,10,0.680234872611465,0,16,None,66,1,5,False,1000,1000
13563,133,betCent,10,0.6842157643312102,0,16,None,66,1,5,False,1000,1000
13564,134,betCent,10,0.6891918789808917,0,16,None,66,1,5,False,1000,1000
13565,130,betCent,10,0.6148487261146497,0,8,None,66,1,5,False,1000,1000
13566,131,betCent,10,0.6210191082802548,0,8,None,66,1,5,False,1000,1000
13567,132,betCent,10,0.6254976114649682,0,8,None,66,1,5,False,1000,1000
13568,133,betCent,10,0.6303742038216561,0,8,None,66,1,5,False,1000,1000
13569,134,betCent,10,0.6363455414012739,0,8,None,66,1,5,False,1000,1000
13570,130,betCent,10,0.6307722929936306,0,22,None,66,1,5,False,1000,1000
13571,131,betCent,10,0.6330613057324841,0,22,None,66,1,5,False,1000,1000
13572,132,betCent,10,0.6340565286624203,0,22,None,66,1,5,False,1000,1000
13573,133,betCent,10,0.6370421974522293,0,22,None,66,1,5,False,1000,1000
13574,134,betCent,10,0.6382364649681529,0,22,None,66,1,5,False,1000,1000
13575,130,betCent,10,0.6362460191082803,0,23,None,66,1,5,False,1000,1000
13576,131,betCent,10,0.6381369426751592,0,23,None,66,1,5,False,1000,1000
13577,132,betCent,10,0.6396297770700637,0,23,None,66,1,5,False,1000,1000
13578,133,betCent,10,0.640625,0,23,None,66,1,5,False,1000,1000
13579,134,betCent,10,0.6437101910828026,0,23,None,66,1,5,False,1000,1000
13580,130,betCent,10,0.6830214968152867,0,25,None,66,1,5,False,1000,1000
13581,131,betCent,10,0.6831210191082803,0,25,None,66,1,5,False,1000,1000
13582,132,betCent,10,0.683718152866242,0,25,None,66,1,5,False,1000,1000
13583,133,betCent,10,0.6834195859872612,0,25,None,66,1,5,False,1000,1000
13584,134,betCent,10,0.6835191082802548,0,25,None,66,1,5,False,1000,1000
13585,130,betCent,10,0.6636146496815286,0,17,None,66,1,5,False,1000,1000
13586,131,betCent,10,0.6622213375796179,0,17,None,66,1,5,False,1000,1000
13587,132,betCent,10,0.6636146496815286,0,17,None,66,1,5,False,1000,1000
13588,133,betCent,10,0.6637141719745223,0,17,None,66,1,5,False,1000,1000
13589,134,betCent,10,0.6641122611464968,0,17,None,66,1,5,False,1000,1000
13590,130,betCent,10,0.5979299363057324,0,28,None,66,1,5,False,1000,1000
13591,131,betCent,10,0.6007165605095541,0,28,None,66,1,5,False,1000,1000
13592,132,betCent,10,0.6019108280254777,0,28,None,66,1,5,False,1000,1000
13593,133,betCent,10,0.602906050955414,0,28,None,66,1,5,False,1000,1000
13594,134,betCent,10,0.604796974522293,0,28,None,66,1,5,False,1000,1000
13595,130,betCent,10,0.6033041401273885,0,29,None,66,1,5,False,1000,1000
13596,131,betCent,10,0.6054936305732485,0,29,None,66,1,5,False,1000,1000
13597,132,betCent,10,0.606687898089172,0,29,None,66,1,5,False,1000,1000
13598,133,betCent,10,0.607484076433121,0,29,None,66,1,5,False,1000,1000
13599,134,betCent,10,0.6085788216560509,0,29,None,66,1,5,False,1000,1000
13600,130,betCent,10,0.6293789808917197,0,9,None,66,1,5,False,1000,1000
13601,131,betCent,10,0.6366441082802548,0,9,None,66,1,5,False,1000,1000
13602,132,betCent,10,0.6441082802547771,0,9,None,66,1,5,False,1000,1000
13603,133,betCent,10,0.651671974522293,0,9,None,66,1,5,False,1000,1000
13604,134,betCent,10,0.6599323248407644,0,9,None,66,1,5,False,1000,1000
13605,130,betCent,10,0.6124601910828026,0,27,None,66,1,5,False,1000,1000
13606,131,betCent,10,0.6163415605095541,0,27,None,66,1,5,False,1000,1000
13607,132,betCent,10,0.6203224522292994,0,27,None,66,1,5,False,1000,1000
13608,133,betCent,10,0.6240047770700637,0,27,None,66,1,5,False,1000,1000
13609,134,betCent,10,0.6261942675159236,0,27,None,66,1,5,False,1000,1000
13610,130,betCent,10,0.5833996815286624,0,18,None,66,1,5,False,1000,1000
13611,131,betCent,10,0.5818073248407644,0,18,None,66,1,5,False,1000,1000
13612,132,betCent,10,0.5832006369426752,0,18,None,66,1,5,False,1000,1000
13613,133,betCent,10,0.5850915605095541,0,18,None,66,1,5,False,1000,1000
13614,134,betCent,10,0.5862858280254777,0,18,None,66,1,5,False,1000,1000
13615,130,betCent,10,0.6666998407643312,0,31,None,66,1,5,False,1000,1000
13616,131,betCent,10,0.668093152866242,0,31,None,66,1,5,False,1000,1000
13617,132,betCent,10,0.6712778662420382,0,31,None,66,1,5,False,1000,1000
13618,133,betCent,10,0.6726711783439491,0,31,None,66,1,5,False,1000,1000
13619,134,betCent,10,0.6740644904458599,0,31,None,66,1,5,False,1000,1000
13620,130,betCent,10,0.6531648089171974,0,32,None,66,1,5,False,1000,1000
13621,131,betCent,10,0.6521695859872612,0,32,None,66,1,5,False,1000,1000
13622,132,betCent,10,0.6527667197452229,0,32,None,66,1,5,False,1000,1000
13623,133,betCent,10,0.6533638535031847,0,32,None,66,1,5,False,1000,1000
13624,134,betCent,10,0.6540605095541401,0,32,None,66,1,5,False,1000,1000
13625,130,betCent,10,0.5861863057324841,0,20,None,66,1,5,False,1000,1000
13626,131,betCent,10,0.5828025477707006,0,20,None,66,1,5,False,1000,1000
13627,132,betCent,10,0.5902667197452229,0,20,None,66,1,5,False,1000,1000
13628,133,betCent,10,0.6013136942675159,0,20,None,66,1,5,False,1000,1000
13629,134,betCent,10,0.6080812101910829,0,20,None,66,1,5,False,1000,1000
13630,130,betCent,10,0.5759355095541401,0,3,None,66,1,5,False,1000,1000
13631,131,betCent,10,0.5551353503184714,0,3,None,66,1,5,False,1000,1000
13632,132,betCent,10,0.5378184713375797,0,3,None,66,1,5,False,1000,1000
13633,133,betCent,10,0.5185111464968153,0,3,None,66,1,5,False,1000,1000
13634,134,betCent,10,0.4987062101910828,0,3,None,66,1,5,False,1000,1000
13635,130,betCent,10,0.6521695859872612,0,5,None,66,1,5,False,1000,1000
13636,131,betCent,10,0.6571457006369427,0,5,None,66,1,5,False,1000,1000
13637,132,betCent,10,0.6601313694267515,0,5,None,66,1,5,False,1000,1000
13638,133,betCent,10,0.6625199044585988,0,5,None,66,1,5,False,1000,1000
13639,134,betCent,10,0.665406050955414,0,5,None,66,1,5,False,1000,1000
13640,130,betCent,10,0.6344546178343949,0,6,None,66,1,5,False,1000,1000
13641,131,betCent,10,0.6356488853503185,0,6,None,66,1,5,False,1000,1000
13642,132,betCent,10,0.6364450636942676,0,6,None,66,1,5,False,1000,1000
13643,133,betCent,10,0.6377388535031847,0,6,None,66,1,5,False,1000,1000
13644,134,betCent,10,0.6386345541401274,0,6,None,66,1,5,False,1000,1000
13645,130,betCent,10,0.6344546178343949,0,7,None,66,1,5,False,1000,1000
13646,131,betCent,10,0.6345541401273885,0,7,None,66,1,5,False,1000,1000
13647,132,betCent,10,0.6358479299363057,0,7,None,66,1,5,False,1000,1000
13648,133,betCent,10,0.6371417197452229,0,7,None,66,1,5,False,1000,1000
13649,134,betCent,10,0.6381369426751592,0,7,None,66,1,5,False,1000,1000
13650,130,betCent,10,0.6604299363057324,0,4,None,66,1,5,False,1000,1000
13651,131,betCent,10,0.6609275477707006,0,4,None,66,1,5,False,1000,1000
13652,132,betCent,10,0.662718949044586,0,4,None,66,1,5,False,1000,1000
13653,133,betCent,10,0.6649084394904459,0,4,None,66,1,5,False,1000,1000
13654,134,betCent,10,0.6657046178343949,0,4,None,66,1,5,False,1000,1000
13655,130,betCent,10,0.6503781847133758,0,12,None,66,1,5,False,1000,1000
13656,131,betCent,10,0.6559514331210191,0,12,None,66,1,5,False,1000,1000
13657,132,betCent,10,0.6605294585987261,0,12,None,66,1,5,False,1000,1000
13658,133,betCent,10,0.6651074840764332,0,12,None,66,1,5,False,1000,1000
13659,134,betCent,10,0.669187898089172,0,12,None,66,1,5,False,1000,1000
13660,130,betCent,10,0.6677945859872612,0,14,None,66,1,5,False,1000,1000
13661,131,betCent,10,0.669187898089172,0,14,None,66,1,5,False,1000,1000
13662,132,betCent,10,0.6703821656050956,0,14,None,66,1,5,False,1000,1000
13663,133,betCent,10,0.6723726114649682,0,14,None,66,1,5,False,1000,1000
13664,134,betCent,10,0.6742635350318471,0,14,None,66,1,5,False,1000,1000
13665,130,betCent,10,0.6101711783439491,0,26,None,66,1,5,False,1000,1000
13666,131,betCent,10,0.6080812101910829,0,26,None,66,1,5,False,1000,1000
13667,132,betCent,10,0.6098726114649682,0,26,None,66,1,5,False,1000,1000
13668,133,betCent,10,0.6123606687898089,0,26,None,66,1,5,False,1000,1000
13669,134,betCent,10,0.6146496815286624,0,26,None,66,1,5,False,1000,1000
13670,130,betCent,10,0.6549562101910829,0,30,None,66,1,5,False,1000,1000
13671,131,betCent,10,0.6552547770700637,0,30,None,66,1,5,False,1000,1000
13672,132,betCent,10,0.6555533439490446,0,30,None,66,1,5,False,1000,1000
13673,133,betCent,10,0.6558519108280255,0,30,None,66,1,5,False,1000,1000
13674,134,betCent,10,0.6557523885350318,0,30,None,66,1,5,False,1000,1000
13675,130,betCent,10,0.6453025477707006,0,0,None,66,1,5,False,1000,1000
13676,131,betCent,10,0.6457006369426752,0,0,None,66,1,5,False,1000,1000
13677,132,betCent,10,0.647093949044586,0,0,None,66,1,5,False,1000,1000
13678,133,betCent,10,0.6485867834394905,0,0,None,66,1,5,False,1000,1000
13679,134,betCent,10,0.6496815286624203,0,0,None,66,1,5,False,1000,1000
13680,130,betCent,10,0.651671974522293,0,19,None,66,1,5,False,1000,1000
13681,131,betCent,10,0.6528662420382165,0,19,None,66,1,5,False,1000,1000
13682,132,betCent,10,0.653562898089172,0,19,None,66,1,5,False,1000,1000
13683,133,betCent,10,0.6554538216560509,0,19,None,66,1,5,False,1000,1000
13684,134,betCent,10,0.6579418789808917,0,19,None,66,1,5,False,1000,1000
13685,130,betCent,10,0.6242038216560509,0,21,None,66,1,5,False,1000,1000
13686,131,betCent,10,0.6220143312101911,0,21,None,66,1,5,False,1000,1000
13687,132,betCent,10,0.6202229299363057,0,21,None,66,1,5,False,1000,1000
13688,133,betCent,10,0.6205214968152867,0,21,None,66,1,5,False,1000,1000
13689,134,betCent,10,0.620421974522293,0,21,None,66,1,5,False,1000,1000
13690,130,betCent,10,0.6402269108280255,0,24,None,66,1,5,False,1000,1000
13691,131,betCent,10,0.6416202229299363,0,24,None,66,1,5,False,1000,1000
13692,132,betCent,10,0.645203025477707,0,24,None,66,1,5,False,1000,1000
13693,133,betCent,10,0.6465963375796179,0,24,None,66,1,5,False,1000,1000
13694,134,betCent,10,0.6486863057324841,0,24,None,66,1,5,False,1000,1000
13695,135,betCent,10,0.6588375796178344,0,32,None,66,1,5,False,1000,1000
13696,136,betCent,10,0.6592356687898089,0,32,None,66,1,5,False,1000,1000
13697,137,betCent,10,0.658937101910828,0,32,None,66,1,5,False,1000,1000
13698,138,betCent,10,0.6592356687898089,0,32,None,66,1,5,False,1000,1000
13699,139,betCent,10,0.6592356687898089,0,32,None,66,1,5,False,1000,1000
13700,135,betCent,10,0.6396297770700637,0,7,None,66,1,5,False,1000,1000
13701,136,betCent,10,0.6414211783439491,0,7,None,66,1,5,False,1000,1000
13702,137,betCent,10,0.6432125796178344,0,7,None,66,1,5,False,1000,1000
13703,138,betCent,10,0.6436106687898089,0,7,None,66,1,5,False,1000,1000
13704,139,betCent,10,0.6451035031847133,0,7,None,66,1,5,False,1000,1000
13705,135,betCent,10,0.5829020700636943,0,20,None,66,1,5,False,1000,1000
13706,136,betCent,10,0.5815087579617835,0,20,None,66,1,5,False,1000,1000
13707,137,betCent,10,0.580015923566879,0,20,None,66,1,5,False,1000,1000
13708,138,betCent,10,0.5737460191082803,0,20,None,66,1,5,False,1000,1000
13709,139,betCent,10,0.5760350318471338,0,20,None,66,1,5,False,1000,1000
13710,135,betCent,10,0.6187300955414012,0,15,None,66,1,5,False,1000,1000
13711,136,betCent,10,0.6215167197452229,0,15,None,66,1,5,False,1000,1000
13712,137,betCent,10,0.6222133757961783,0,15,None,66,1,5,False,1000,1000
13713,138,betCent,10,0.6236066878980892,0,15,None,66,1,5,False,1000,1000
13714,139,betCent,10,0.6250995222929936,0,15,None,66,1,5,False,1000,1000
13715,135,betCent,10,0.6419187898089171,0,23,None,66,1,5,False,1000,1000
13716,136,betCent,10,0.6435111464968153,0,23,None,66,1,5,False,1000,1000
13717,137,betCent,10,0.6466958598726115,0,23,None,66,1,5,False,1000,1000
13718,138,betCent,10,0.647890127388535,0,23,None,66,1,5,False,1000,1000
13719,139,betCent,10,0.6493829617834395,0,23,None,66,1,5,False,1000,1000
13720,135,betCent,10,0.6622213375796179,0,13,None,66,1,5,False,1000,1000
13721,136,betCent,10,0.6649084394904459,0,13,None,66,1,5,False,1000,1000
13722,137,betCent,10,0.665406050955414,0,13,None,66,1,5,False,1000,1000
13723,138,betCent,10,0.667296974522293,0,13,None,66,1,5,False,1000,1000
13724,139,betCent,10,0.668093152866242,0,13,None,66,1,5,False,1000,1000
13725,135,betCent,10,0.6119625796178344,0,26,None,66,1,5,False,1000,1000
13726,136,betCent,10,0.6136544585987261,0,26,None,66,1,5,False,1000,1000
13727,137,betCent,10,0.6154458598726115,0,26,None,66,1,5,False,1000,1000
13728,138,betCent,10,0.6169386942675159,0,26,None,66,1,5,False,1000,1000
13729,139,betCent,10,0.6186305732484076,0,26,None,66,1,5,False,1000,1000
13730,135,betCent,10,0.6351512738853503,0,22,None,66,1,5,False,1000,1000
13731,136,betCent,10,0.6390326433121019,0,22,None,66,1,5,False,1000,1000
13732,137,betCent,10,0.6419187898089171,0,22,None,66,1,5,False,1000,1000
13733,138,betCent,10,0.6446058917197452,0,22,None,66,1,5,False,1000,1000
13734,139,betCent,10,0.6476910828025477,0,22,None,66,1,5,False,1000,1000
13735,135,betCent,10,0.65515525477707,0,14,None,66,1,5,False,1000,1000
13736,136,betCent,10,0.6548566878980892,0,14,None,66,1,5,False,1000,1000
13737,137,betCent,10,0.6570461783439491,0,14,None,66,1,5,False,1000,1000
13738,138,betCent,10,0.658140923566879,0,14,None,66,1,5,False,1000,1000
13739,139,betCent,10,0.6603304140127388,0,14,None,66,1,5,False,1000,1000
13740,135,betCent,10,0.65515525477707,0,30,None,66,1,5,False,1000,1000
13741,136,betCent,10,0.6539609872611465,0,30,None,66,1,5,False,1000,1000
13742,137,betCent,10,0.6545581210191083,0,30,None,66,1,5,False,1000,1000
13743,138,betCent,10,0.6541600318471338,0,30,None,66,1,5,False,1000,1000
13744,139,betCent,10,0.6541600318471338,0,30,None,66,1,5,False,1000,1000
13745,135,betCent,10,0.6426154458598726,0,1,None,66,1,5,False,1000,1000
13746,136,betCent,10,0.6437101910828026,0,1,None,66,1,5,False,1000,1000
13747,137,betCent,10,0.6450039808917197,0,1,None,66,1,5,False,1000,1000
13748,138,betCent,10,0.6456011146496815,0,1,None,66,1,5,False,1000,1000
13749,139,betCent,10,0.6466958598726115,0,1,None,66,1,5,False,1000,1000
13750,135,betCent,10,0.6480891719745223,0,2,None,66,1,5,False,1000,1000
13751,136,betCent,10,0.668093152866242,0,2,None,66,1,5,False,1000,1000
13752,137,betCent,10,0.6506767515923567,0,2,None,66,1,5,False,1000,1000
13753,138,betCent,10,0.6382364649681529,0,2,None,66,1,5,False,1000,1000
13754,139,betCent,10,0.6283837579617835,0,2,None,66,1,5,False,1000,1000
13755,135,betCent,10,0.6588375796178344,0,5,None,66,1,5,False,1000,1000
13756,136,betCent,10,0.6616242038216561,0,5,None,66,1,5,False,1000,1000
13757,137,betCent,10,0.6651074840764332,0,5,None,66,1,5,False,1000,1000
13758,138,betCent,10,0.6674960191082803,0,5,None,66,1,5,False,1000,1000
13759,139,betCent,10,0.6698845541401274,0,5,None,66,1,5,False,1000,1000
13760,135,betCent,10,0.6390326433121019,0,6,None,66,1,5,False,1000,1000
13761,136,betCent,10,0.6402269108280255,0,6,None,66,1,5,False,1000,1000
13762,137,betCent,10,0.6416202229299363,0,6,None,66,1,5,False,1000,1000
13763,138,betCent,10,0.6428144904458599,0,6,None,66,1,5,False,1000,1000
13764,139,betCent,10,0.644406847133758,0,6,None,66,1,5,False,1000,1000
13765,135,betCent,10,0.6061902866242038,0,29,None,66,1,5,False,1000,1000
13766,136,betCent,10,0.6084792993630573,0,29,None,66,1,5,False,1000,1000
13767,137,betCent,10,0.6099721337579618,0,29,None,66,1,5,False,1000,1000
13768,138,betCent,10,0.6106687898089171,0,29,None,66,1,5,False,1000,1000
13769,139,betCent,10,0.6116640127388535,0,29,None,66,1,5,False,1000,1000
13770,135,betCent,10,0.6005175159235668,0,28,None,66,1,5,False,1000,1000
13771,136,betCent,10,0.6018113057324841,0,28,None,66,1,5,False,1000,1000
13772,137,betCent,10,0.6035031847133758,0,28,None,66,1,5,False,1000,1000
13773,138,betCent,10,0.6051950636942676,0,28,None,66,1,5,False,1000,1000
13774,139,betCent,10,0.6069864649681529,0,28,None,66,1,5,False,1000,1000
13775,135,betCent,10,0.6326632165605095,0,21,None,66,1,5,False,1000,1000
13776,136,betCent,10,0.6252985668789809,0,21,None,66,1,5,False,1000,1000
13777,137,betCent,10,0.6227109872611465,0,21,None,66,1,5,False,1000,1000
13778,138,betCent,10,0.6218152866242038,0,21,None,66,1,5,False,1000,1000
13779,139,betCent,10,0.6215167197452229,0,21,None,66,1,5,False,1000,1000
13780,135,betCent,10,0.6402269108280255,0,24,None,66,1,5,False,1000,1000
13781,136,betCent,10,0.642515923566879,0,24,None,66,1,5,False,1000,1000
13782,137,betCent,10,0.6453025477707006,0,24,None,66,1,5,False,1000,1000
13783,138,betCent,10,0.647890127388535,0,24,None,66,1,5,False,1000,1000
13784,139,betCent,10,0.6495820063694268,0,24,None,66,1,5,False,1000,1000
13785,135,betCent,10,0.6159434713375797,0,27,None,66,1,5,False,1000,1000
13786,136,betCent,10,0.619327229299363,0,27,None,66,1,5,False,1000,1000
13787,137,betCent,10,0.6234076433121019,0,27,None,66,1,5,False,1000,1000
13788,138,betCent,10,0.6252985668789809,0,27,None,66,1,5,False,1000,1000
13789,139,betCent,10,0.6283837579617835,0,27,None,66,1,5,False,1000,1000
13790,135,betCent,10,0.4300358280254777,0,11,None,66,1,5,False,1000,1000
13791,136,betCent,10,0.4204816878980891,0,11,None,66,1,5,False,1000,1000
13792,137,betCent,10,0.4139132165605095,0,11,None,66,1,5,False,1000,1000
13793,138,betCent,10,0.4080414012738853,0,11,None,66,1,5,False,1000,1000
13794,139,betCent,10,0.4036624203821656,0,11,None,66,1,5,False,1000,1000
13795,135,betCent,10,0.6186305732484076,0,10,None,66,1,5,False,1000,1000
13796,136,betCent,10,0.626890923566879,0,10,None,66,1,5,False,1000,1000
13797,137,betCent,10,0.6354498407643312,0,10,None,66,1,5,False,1000,1000
13798,138,betCent,10,0.6423168789808917,0,10,None,66,1,5,False,1000,1000
13799,139,betCent,10,0.6492834394904459,0,10,None,66,1,5,False,1000,1000
13800,135,betCent,10,0.6676950636942676,0,17,None,66,1,5,False,1000,1000
13801,136,betCent,10,0.6667993630573248,0,17,None,66,1,5,False,1000,1000
13802,137,betCent,10,0.6671974522292994,0,17,None,66,1,5,False,1000,1000
13803,138,betCent,10,0.6674960191082803,0,17,None,66,1,5,False,1000,1000
13804,139,betCent,10,0.6671974522292994,0,17,None,66,1,5,False,1000,1000
13805,135,betCent,10,0.6606289808917197,0,12,None,66,1,5,False,1000,1000
13806,136,betCent,10,0.6655055732484076,0,12,None,66,1,5,False,1000,1000
13807,137,betCent,10,0.6684912420382165,0,12,None,66,1,5,False,1000,1000
13808,138,betCent,10,0.6716759554140127,0,12,None,66,1,5,False,1000,1000
13809,139,betCent,10,0.676453025477707,0,12,None,66,1,5,False,1000,1000
13810,135,betCent,10,0.6319665605095541,0,9,None,66,1,5,False,1000,1000
13811,136,betCent,10,0.6393312101910829,0,9,None,66,1,5,False,1000,1000
13812,137,betCent,10,0.6459992038216561,0,9,None,66,1,5,False,1000,1000
13813,138,betCent,10,0.6547571656050956,0,9,None,66,1,5,False,1000,1000
13814,139,betCent,10,0.6625199044585988,0,9,None,66,1,5,False,1000,1000
13815,135,betCent,10,0.6902866242038217,0,25,None,66,1,5,False,1000,1000
13816,136,betCent,10,0.6896894904458599,0,25,None,66,1,5,False,1000,1000
13817,137,betCent,10,0.6894904458598726,0,25,None,66,1,5,False,1000,1000
13818,138,betCent,10,0.6904856687898089,0,25,None,66,1,5,False,1000,1000
13819,139,betCent,10,0.6900875796178344,0,25,None,66,1,5,False,1000,1000
13820,135,betCent,10,0.664609872611465,0,4,None,66,1,5,False,1000,1000
13821,136,betCent,10,0.6659036624203821,0,4,None,66,1,5,False,1000,1000
13822,137,betCent,10,0.6670979299363057,0,4,None,66,1,5,False,1000,1000
13823,138,betCent,10,0.6681926751592356,0,4,None,66,1,5,False,1000,1000
13824,139,betCent,10,0.6696855095541401,0,4,None,66,1,5,False,1000,1000
13825,135,betCent,10,0.6738654458598726,0,16,None,66,1,5,False,1000,1000
13826,136,betCent,10,0.6790406050955414,0,16,None,66,1,5,False,1000,1000
13827,137,betCent,10,0.6824243630573248,0,16,None,66,1,5,False,1000,1000
13828,138,betCent,10,0.6875,0,16,None,66,1,5,False,1000,1000
13829,139,betCent,10,0.692078025477707,0,16,None,66,1,5,False,1000,1000
13830,135,betCent,10,0.6498805732484076,0,0,None,66,1,5,False,1000,1000
13831,136,betCent,10,0.650577229299363,0,0,None,66,1,5,False,1000,1000
13832,137,betCent,10,0.6526671974522293,0,0,None,66,1,5,False,1000,1000
13833,138,betCent,10,0.6538614649681529,0,0,None,66,1,5,False,1000,1000
13834,139,betCent,10,0.6549562101910829,0,0,None,66,1,5,False,1000,1000
13835,135,betCent,10,0.5878781847133758,0,3,None,66,1,5,False,1000,1000
13836,136,betCent,10,0.5727507961783439,0,3,None,66,1,5,False,1000,1000
13837,137,betCent,10,0.5573248407643312,0,3,None,66,1,5,False,1000,1000
13838,138,betCent,10,0.5442874203821656,0,3,None,66,1,5,False,1000,1000
13839,139,betCent,10,0.5302547770700637,0,3,None,66,1,5,False,1000,1000
13840,135,betCent,10,0.6203224522292994,0,8,None,66,1,5,False,1000,1000
13841,136,betCent,10,0.6258957006369427,0,8,None,66,1,5,False,1000,1000
13842,137,betCent,10,0.6303742038216561,0,8,None,66,1,5,False,1000,1000
13843,138,betCent,10,0.6362460191082803,0,8,None,66,1,5,False,1000,1000
13844,139,betCent,10,0.6386345541401274,0,8,None,66,1,5,False,1000,1000
13845,135,betCent,10,0.5848925159235668,0,18,None,66,1,5,False,1000,1000
13846,136,betCent,10,0.5840963375796179,0,18,None,66,1,5,False,1000,1000
13847,137,betCent,10,0.5862858280254777,0,18,None,66,1,5,False,1000,1000
13848,138,betCent,10,0.5871815286624203,0,18,None,66,1,5,False,1000,1000
13849,139,betCent,10,0.5882762738853503,0,18,None,66,1,5,False,1000,1000
13850,135,betCent,10,0.6486863057324841,0,19,None,66,1,5,False,1000,1000
13851,136,betCent,10,0.6514729299363057,0,19,None,66,1,5,False,1000,1000
13852,137,betCent,10,0.6529657643312102,0,19,None,66,1,5,False,1000,1000
13853,138,betCent,10,0.6540605095541401,0,19,None,66,1,5,False,1000,1000
13854,139,betCent,10,0.65625,0,19,None,66,1,5,False,1000,1000
13855,135,betCent,10,0.6666003184713376,0,31,None,66,1,5,False,1000,1000
13856,136,betCent,10,0.6679936305732485,0,31,None,66,1,5,False,1000,1000
13857,137,betCent,10,0.6710788216560509,0,31,None,66,1,5,False,1000,1000
13858,138,betCent,10,0.6730692675159236,0,31,None,66,1,5,False,1000,1000
13859,139,betCent,10,0.6744625796178344,0,31,None,66,1,5,False,1000,1000
13860,140,betCent,10,0.6371417197452229,0,22,None,66,1,5,False,1000,1000
13861,141,betCent,10,0.6421178343949044,0,22,None,66,1,5,False,1000,1000
13862,142,betCent,10,0.6453025477707006,0,22,None,66,1,5,False,1000,1000
13863,143,betCent,10,0.6475915605095541,0,22,None,66,1,5,False,1000,1000
13864,144,betCent,10,0.6498805732484076,0,22,None,66,1,5,False,1000,1000
13865,140,betCent,10,0.6668988853503185,0,32,None,66,1,5,False,1000,1000
13866,141,betCent,10,0.6663017515923567,0,32,None,66,1,5,False,1000,1000
13867,142,betCent,10,0.6649084394904459,0,32,None,66,1,5,False,1000,1000
13868,143,betCent,10,0.6652070063694268,0,32,None,66,1,5,False,1000,1000
13869,144,betCent,10,0.6639132165605095,0,32,None,66,1,5,False,1000,1000
13870,140,betCent,10,0.6741640127388535,0,14,None,66,1,5,False,1000,1000
13871,141,betCent,10,0.6758558917197452,0,14,None,66,1,5,False,1000,1000
13872,142,betCent,10,0.6765525477707006,0,14,None,66,1,5,False,1000,1000
13873,143,betCent,10,0.6772492038216561,0,14,None,66,1,5,False,1000,1000
13874,144,betCent,10,0.6788415605095541,0,14,None,66,1,5,False,1000,1000
13875,140,betCent,10,0.6216162420382165,0,15,None,66,1,5,False,1000,1000
13876,141,betCent,10,0.6228105095541401,0,15,None,66,1,5,False,1000,1000
13877,142,betCent,10,0.6249004777070064,0,15,None,66,1,5,False,1000,1000
13878,143,betCent,10,0.6265923566878981,0,15,None,66,1,5,False,1000,1000
13879,144,betCent,10,0.6278861464968153,0,15,None,66,1,5,False,1000,1000
13880,140,betCent,10,0.6915804140127388,0,25,None,66,1,5,False,1000,1000
13881,141,betCent,10,0.6896894904458599,0,25,None,66,1,5,False,1000,1000
13882,142,betCent,10,0.6892914012738853,0,25,None,66,1,5,False,1000,1000
13883,143,betCent,10,0.6896894904458599,0,25,None,66,1,5,False,1000,1000
13884,144,betCent,10,0.6895899681528662,0,25,None,66,1,5,False,1000,1000
13885,140,betCent,10,0.6244028662420382,0,26,None,66,1,5,False,1000,1000
13886,141,betCent,10,0.6257961783439491,0,26,None,66,1,5,False,1000,1000
13887,142,betCent,10,0.6278861464968153,0,26,None,66,1,5,False,1000,1000
13888,143,betCent,10,0.6296775477707006,0,26,None,66,1,5,False,1000,1000
13889,144,betCent,10,0.6299761146496815,0,26,None,66,1,5,False,1000,1000
13890,140,betCent,10,0.6449044585987261,0,6,None,66,1,5,False,1000,1000
13891,141,betCent,10,0.6454020700636943,0,6,None,66,1,5,False,1000,1000
13892,142,betCent,10,0.6473925159235668,0,6,None,66,1,5,False,1000,1000
13893,143,betCent,10,0.6482882165605095,0,6,None,66,1,5,False,1000,1000
13894,144,betCent,10,0.6491839171974523,0,6,None,66,1,5,False,1000,1000
13895,140,betCent,10,0.5867834394904459,0,20,None,66,1,5,False,1000,1000
13896,141,betCent,10,0.5839968152866242,0,20,None,66,1,5,False,1000,1000
13897,142,betCent,10,0.5815087579617835,0,20,None,66,1,5,False,1000,1000
13898,143,betCent,10,0.5769307324840764,0,20,None,66,1,5,False,1000,1000
13899,144,betCent,10,0.5838972929936306,0,20,None,66,1,5,False,1000,1000
13900,140,betCent,10,0.6472929936305732,0,1,None,66,1,5,False,1000,1000
13901,141,betCent,10,0.6479896496815286,0,1,None,66,1,5,False,1000,1000
13902,142,betCent,10,0.6486863057324841,0,1,None,66,1,5,False,1000,1000
13903,143,betCent,10,0.6498805732484076,0,1,None,66,1,5,False,1000,1000
13904,144,betCent,10,0.6511743630573248,0,1,None,66,1,5,False,1000,1000
13905,140,betCent,10,0.6586385350318471,0,2,None,66,1,5,False,1000,1000
13906,141,betCent,10,0.6705812101910829,0,2,None,66,1,5,False,1000,1000
13907,142,betCent,10,0.6538614649681529,0,2,None,66,1,5,False,1000,1000
13908,143,betCent,10,0.6430135350318471,0,2,None,66,1,5,False,1000,1000
13909,144,betCent,10,0.6328622611464968,0,2,None,66,1,5,False,1000,1000
13910,140,betCent,10,0.6612261146496815,0,5,None,66,1,5,False,1000,1000
13911,141,betCent,10,0.6638136942675159,0,5,None,66,1,5,False,1000,1000
13912,142,betCent,10,0.6673964968152867,0,5,None,66,1,5,False,1000,1000
13913,143,betCent,10,0.6690883757961783,0,5,None,66,1,5,False,1000,1000
13914,144,betCent,10,0.6705812101910829,0,5,None,66,1,5,False,1000,1000
13915,140,betCent,10,0.6348527070063694,0,9,None,66,1,5,False,1000,1000
13916,141,betCent,10,0.6423168789808917,0,9,None,66,1,5,False,1000,1000
13917,142,betCent,10,0.6500796178343949,0,9,None,66,1,5,False,1000,1000
13918,143,betCent,10,0.65734474522293,0,9,None,66,1,5,False,1000,1000
13919,144,betCent,10,0.6648089171974523,0,9,None,66,1,5,False,1000,1000
13920,140,betCent,10,0.6465963375796179,0,23,None,66,1,5,False,1000,1000
13921,141,betCent,10,0.6483877388535032,0,23,None,66,1,5,False,1000,1000
13922,142,betCent,10,0.6492834394904459,0,23,None,66,1,5,False,1000,1000
13923,143,betCent,10,0.6506767515923567,0,23,None,66,1,5,False,1000,1000
13924,144,betCent,10,0.6527667197452229,0,23,None,66,1,5,False,1000,1000
13925,140,betCent,10,0.6024084394904459,0,28,None,66,1,5,False,1000,1000
13926,141,betCent,10,0.6034036624203821,0,28,None,66,1,5,False,1000,1000
13927,142,betCent,10,0.6054936305732485,0,28,None,66,1,5,False,1000,1000
13928,143,betCent,10,0.6069864649681529,0,28,None,66,1,5,False,1000,1000
13929,144,betCent,10,0.6080812101910829,0,28,None,66,1,5,False,1000,1000
13930,140,betCent,10,0.6079816878980892,0,29,None,66,1,5,False,1000,1000
13931,141,betCent,10,0.6101711783439491,0,29,None,66,1,5,False,1000,1000
13932,142,betCent,10,0.6123606687898089,0,29,None,66,1,5,False,1000,1000
13933,143,betCent,10,0.6134554140127388,0,29,None,66,1,5,False,1000,1000
13934,144,betCent,10,0.6141520700636943,0,29,None,66,1,5,False,1000,1000
13935,140,betCent,10,0.6670979299363057,0,4,None,66,1,5,False,1000,1000
13936,141,betCent,10,0.6682921974522293,0,4,None,66,1,5,False,1000,1000
13937,142,betCent,10,0.6689888535031847,0,4,None,66,1,5,False,1000,1000
13938,143,betCent,10,0.6706807324840764,0,4,None,66,1,5,False,1000,1000
13939,144,betCent,10,0.671875,0,4,None,66,1,5,False,1000,1000
13940,140,betCent,10,0.6408240445859873,0,7,None,66,1,5,False,1000,1000
13941,141,betCent,10,0.6428144904458599,0,7,None,66,1,5,False,1000,1000
13942,142,betCent,10,0.6440087579617835,0,7,None,66,1,5,False,1000,1000
13943,143,betCent,10,0.6458996815286624,0,7,None,66,1,5,False,1000,1000
13944,144,betCent,10,0.6463972929936306,0,7,None,66,1,5,False,1000,1000
13945,140,betCent,10,0.6222133757961783,0,8,None,66,1,5,False,1000,1000
13946,141,betCent,10,0.6269904458598726,0,8,None,66,1,5,False,1000,1000
13947,142,betCent,10,0.6326632165605095,0,8,None,66,1,5,False,1000,1000
13948,143,betCent,10,0.6374402866242038,0,8,None,66,1,5,False,1000,1000
13949,144,betCent,10,0.6412221337579618,0,8,None,66,1,5,False,1000,1000
13950,140,betCent,10,0.6769506369426752,0,16,None,66,1,5,False,1000,1000
13951,141,betCent,10,0.6813296178343949,0,16,None,66,1,5,False,1000,1000
13952,142,betCent,10,0.6859076433121019,0,16,None,66,1,5,False,1000,1000
13953,143,betCent,10,0.692078025477707,0,16,None,66,1,5,False,1000,1000
13954,144,betCent,10,0.6948646496815286,0,16,None,66,1,5,False,1000,1000
13955,140,betCent,10,0.5894705414012739,0,18,None,66,1,5,False,1000,1000
13956,141,betCent,10,0.5890724522292994,0,18,None,66,1,5,False,1000,1000
13957,142,betCent,10,0.589968152866242,0,18,None,66,1,5,False,1000,1000
13958,143,betCent,10,0.591062898089172,0,18,None,66,1,5,False,1000,1000
13959,144,betCent,10,0.5916600318471338,0,18,None,66,1,5,False,1000,1000
13960,140,betCent,10,0.6508757961783439,0,19,None,66,1,5,False,1000,1000
13961,141,betCent,10,0.6523686305732485,0,19,None,66,1,5,False,1000,1000
13962,142,betCent,10,0.6540605095541401,0,19,None,66,1,5,False,1000,1000
13963,143,betCent,10,0.6561504777070064,0,19,None,66,1,5,False,1000,1000
13964,144,betCent,10,0.6577428343949044,0,19,None,66,1,5,False,1000,1000
13965,140,betCent,10,0.6311703821656051,0,21,None,66,1,5,False,1000,1000
13966,141,betCent,10,0.6289808917197452,0,21,None,66,1,5,False,1000,1000
13967,142,betCent,10,0.6269904458598726,0,21,None,66,1,5,False,1000,1000
13968,143,betCent,10,0.6261942675159236,0,21,None,66,1,5,False,1000,1000
13969,144,betCent,10,0.6261942675159236,0,21,None,66,1,5,False,1000,1000
13970,140,betCent,10,0.6664012738853503,0,13,None,66,1,5,False,1000,1000
13971,141,betCent,10,0.6671974522292994,0,13,None,66,1,5,False,1000,1000
13972,142,betCent,10,0.669187898089172,0,13,None,66,1,5,False,1000,1000
13973,143,betCent,10,0.6701831210191083,0,13,None,66,1,5,False,1000,1000
13974,144,betCent,10,0.6713773885350318,0,13,None,66,1,5,False,1000,1000
13975,140,betCent,10,0.6629179936305732,0,12,None,66,1,5,False,1000,1000
13976,141,betCent,10,0.666202229299363,0,12,None,66,1,5,False,1000,1000
13977,142,betCent,10,0.669984076433121,0,12,None,66,1,5,False,1000,1000
13978,143,betCent,10,0.6733678343949044,0,12,None,66,1,5,False,1000,1000
13979,144,betCent,10,0.6779458598726115,0,12,None,66,1,5,False,1000,1000
13980,140,betCent,10,0.6471934713375797,0,24,None,66,1,5,False,1000,1000
13981,141,betCent,10,0.6494824840764332,0,24,None,66,1,5,False,1000,1000
13982,142,betCent,10,0.6511743630573248,0,24,None,66,1,5,False,1000,1000
13983,143,betCent,10,0.6540605095541401,0,24,None,66,1,5,False,1000,1000
13984,144,betCent,10,0.6564490445859873,0,24,None,66,1,5,False,1000,1000
13985,140,betCent,10,0.6186305732484076,0,27,None,66,1,5,False,1000,1000
13986,141,betCent,10,0.6221138535031847,0,27,None,66,1,5,False,1000,1000
13987,142,betCent,10,0.6253980891719745,0,27,None,66,1,5,False,1000,1000
13988,143,betCent,10,0.6282842356687898,0,27,None,66,1,5,False,1000,1000
13989,144,betCent,10,0.6309713375796179,0,27,None,66,1,5,False,1000,1000
13990,140,betCent,10,0.6528662420382165,0,0,None,66,1,5,False,1000,1000
13991,141,betCent,10,0.6537619426751592,0,0,None,66,1,5,False,1000,1000
13992,142,betCent,10,0.6548566878980892,0,0,None,66,1,5,False,1000,1000
13993,143,betCent,10,0.65625,0,0,None,66,1,5,False,1000,1000
13994,144,betCent,10,0.6574442675159236,0,0,None,66,1,5,False,1000,1000
13995,140,betCent,10,0.6632165605095541,0,30,None,66,1,5,False,1000,1000
13996,141,betCent,10,0.6638136942675159,0,30,None,66,1,5,False,1000,1000
13997,142,betCent,10,0.6643113057324841,0,30,None,66,1,5,False,1000,1000
13998,143,betCent,10,0.6647093949044586,0,30,None,66,1,5,False,1000,1000
13999,144,betCent,10,0.6639132165605095,0,30,None,66,1,5,False,1000,1000
14000,140,betCent,10,0.6711783439490446,0,31,None,66,1,5,False,1000,1000
14001,141,betCent,10,0.6736664012738853,0,31,None,66,1,5,False,1000,1000
14002,142,betCent,10,0.6747611464968153,0,31,None,66,1,5,False,1000,1000
14003,143,betCent,10,0.6762539808917197,0,31,None,66,1,5,False,1000,1000
14004,144,betCent,10,0.6773487261146497,0,31,None,66,1,5,False,1000,1000
14005,140,betCent,10,0.6228105095541401,0,10,None,66,1,5,False,1000,1000
14006,141,betCent,10,0.6313694267515924,0,10,None,66,1,5,False,1000,1000
14007,142,betCent,10,0.6391321656050956,0,10,None,66,1,5,False,1000,1000
14008,143,betCent,10,0.6450039808917197,0,10,None,66,1,5,False,1000,1000
14009,144,betCent,10,0.6532643312101911,0,10,None,66,1,5,False,1000,1000
14010,140,betCent,10,0.4343152866242038,0,11,None,66,1,5,False,1000,1000
14011,141,betCent,10,0.4262539808917197,0,11,None,66,1,5,False,1000,1000
14012,142,betCent,10,0.4190883757961783,0,11,None,66,1,5,False,1000,1000
14013,143,betCent,10,0.4143113057324841,0,11,None,66,1,5,False,1000,1000
14014,144,betCent,10,0.4110270700636942,0,11,None,66,1,5,False,1000,1000
14015,140,betCent,10,0.5746417197452229,0,3,None,66,1,5,False,1000,1000
14016,141,betCent,10,0.5594148089171974,0,3,None,66,1,5,False,1000,1000
14017,142,betCent,10,0.5478702229299363,0,3,None,66,1,5,False,1000,1000
14018,143,betCent,10,0.5348328025477707,0,3,None,66,1,5,False,1000,1000
14019,144,betCent,10,0.520203025477707,0,3,None,66,1,5,False,1000,1000
14020,140,betCent,10,0.6709792993630573,0,17,None,66,1,5,False,1000,1000
14021,141,betCent,10,0.669187898089172,0,17,None,66,1,5,False,1000,1000
14022,142,betCent,10,0.668093152866242,0,17,None,66,1,5,False,1000,1000
14023,143,betCent,10,0.6694864649681529,0,17,None,66,1,5,False,1000,1000
14024,144,betCent,10,0.6694864649681529,0,17,None,66,1,5,False,1000,1000
14025,145,betCent,10,0.6638136942675159,0,30,None,66,1,5,False,1000,1000
14026,146,betCent,10,0.6632165605095541,0,30,None,66,1,5,False,1000,1000
14027,147,betCent,10,0.6634156050955414,0,30,None,66,1,5,False,1000,1000
14028,148,betCent,10,0.6637141719745223,0,30,None,66,1,5,False,1000,1000
14029,149,betCent,10,0.663515127388535,0,30,None,66,1,5,False,1000,1000
14030,145,betCent,10,0.6492834394904459,0,1,None,66,1,5,False,1000,1000
14031,146,betCent,10,0.6508757961783439,0,1,None,66,1,5,False,1000,1000
14032,147,betCent,10,0.6514729299363057,0,1,None,66,1,5,False,1000,1000
14033,148,betCent,10,0.6527667197452229,0,1,None,66,1,5,False,1000,1000
14034,149,betCent,10,0.6547571656050956,0,1,None,66,1,5,False,1000,1000
14035,145,betCent,10,0.6601313694267515,0,2,None,66,1,5,False,1000,1000
14036,146,betCent,10,0.6731687898089171,0,2,None,66,1,5,False,1000,1000
14037,147,betCent,10,0.6564490445859873,0,2,None,66,1,5,False,1000,1000
14038,148,betCent,10,0.647093949044586,0,2,None,66,1,5,False,1000,1000
14039,149,betCent,10,0.6358479299363057,0,2,None,66,1,5,False,1000,1000
14040,145,betCent,10,0.4233678343949044,0,11,None,66,1,5,False,1000,1000
14041,146,betCent,10,0.4159036624203822,0,11,None,66,1,5,False,1000,1000
14042,147,betCent,10,0.4103304140127388,0,11,None,66,1,5,False,1000,1000
14043,148,betCent,10,0.4061504777070063,0,11,None,66,1,5,False,1000,1000
14044,149,betCent,10,0.4022691082802547,0,11,None,66,1,5,False,1000,1000
14045,145,betCent,10,0.6501791401273885,0,23,None,66,1,5,False,1000,1000
14046,146,betCent,10,0.6521695859872612,0,23,None,66,1,5,False,1000,1000
14047,147,betCent,10,0.6528662420382165,0,23,None,66,1,5,False,1000,1000
14048,148,betCent,10,0.6547571656050956,0,23,None,66,1,5,False,1000,1000
14049,149,betCent,10,0.6555533439490446,0,23,None,66,1,5,False,1000,1000
14050,145,betCent,10,0.6633160828025477,0,5,None,66,1,5,False,1000,1000
14051,146,betCent,10,0.6666003184713376,0,5,None,66,1,5,False,1000,1000
14052,147,betCent,10,0.6688893312101911,0,5,None,66,1,5,False,1000,1000
14053,148,betCent,10,0.6704816878980892,0,5,None,66,1,5,False,1000,1000
14054,149,betCent,10,0.6740644904458599,0,5,None,66,1,5,False,1000,1000
14055,145,betCent,10,0.6726711783439491,0,16,None,66,1,5,False,1000,1000
14056,146,betCent,10,0.6776472929936306,0,16,None,66,1,5,False,1000,1000
14057,147,betCent,10,0.6815286624203821,0,16,None,66,1,5,False,1000,1000
14058,148,betCent,10,0.6866042993630573,0,16,None,66,1,5,False,1000,1000
14059,149,betCent,10,0.6907842356687898,0,16,None,66,1,5,False,1000,1000
14060,145,betCent,10,0.623109076433121,0,15,None,66,1,5,False,1000,1000
14061,146,betCent,10,0.6252985668789809,0,15,None,66,1,5,False,1000,1000
14062,147,betCent,10,0.626890923566879,0,15,None,66,1,5,False,1000,1000
14063,148,betCent,10,0.6283837579617835,0,15,None,66,1,5,False,1000,1000
14064,149,betCent,10,0.6293789808917197,0,15,None,66,1,5,False,1000,1000
14065,145,betCent,10,0.625,0,10,None,66,1,5,False,1000,1000
14066,146,betCent,10,0.633359872611465,0,10,None,66,1,5,False,1000,1000
14067,147,betCent,10,0.6407245222929936,0,10,None,66,1,5,False,1000,1000
14068,148,betCent,10,0.6474920382165605,0,10,None,66,1,5,False,1000,1000
14069,149,betCent,10,0.65515525477707,0,10,None,66,1,5,False,1000,1000
14070,145,betCent,10,0.6256966560509554,0,8,None,66,1,5,False,1000,1000
14071,146,betCent,10,0.631468949044586,0,8,None,66,1,5,False,1000,1000
14072,147,betCent,10,0.6363455414012739,0,8,None,66,1,5,False,1000,1000
14073,148,betCent,10,0.640625,0,8,None,66,1,5,False,1000,1000
14074,149,betCent,10,0.6442078025477707,0,8,None,66,1,5,False,1000,1000
14075,145,betCent,10,0.5900676751592356,0,18,None,66,1,5,False,1000,1000
14076,146,betCent,10,0.5897691082802548,0,18,None,66,1,5,False,1000,1000
14077,147,betCent,10,0.5905652866242038,0,18,None,66,1,5,False,1000,1000
14078,148,betCent,10,0.5913614649681529,0,18,None,66,1,5,False,1000,1000
14079,149,betCent,10,0.5922571656050956,0,18,None,66,1,5,False,1000,1000
14080,145,betCent,10,0.6531648089171974,0,19,None,66,1,5,False,1000,1000
14081,146,betCent,10,0.6546576433121019,0,19,None,66,1,5,False,1000,1000
14082,147,betCent,10,0.6568471337579618,0,19,None,66,1,5,False,1000,1000
14083,148,betCent,10,0.6586385350318471,0,19,None,66,1,5,False,1000,1000
14084,149,betCent,10,0.6607285031847133,0,19,None,66,1,5,False,1000,1000
14085,145,betCent,10,0.6738654458598726,0,31,None,66,1,5,False,1000,1000
14086,146,betCent,10,0.6751592356687898,0,31,None,66,1,5,False,1000,1000
14087,147,betCent,10,0.6763535031847133,0,31,None,66,1,5,False,1000,1000
14088,148,betCent,10,0.6776472929936306,0,31,None,66,1,5,False,1000,1000
14089,149,betCent,10,0.6797372611464968,0,31,None,66,1,5,False,1000,1000
14090,145,betCent,10,0.6481886942675159,0,6,None,66,1,5,False,1000,1000
14091,146,betCent,10,0.6492834394904459,0,6,None,66,1,5,False,1000,1000
14092,147,betCent,10,0.6504777070063694,0,6,None,66,1,5,False,1000,1000
14093,148,betCent,10,0.6513734076433121,0,6,None,66,1,5,False,1000,1000
14094,149,betCent,10,0.6521695859872612,0,6,None,66,1,5,False,1000,1000
14095,145,betCent,10,0.6656050955414012,0,12,None,66,1,5,False,1000,1000
14096,146,betCent,10,0.6687898089171974,0,12,None,66,1,5,False,1000,1000
14097,147,betCent,10,0.6719745222929936,0,12,None,66,1,5,False,1000,1000
14098,148,betCent,10,0.6765525477707006,0,12,None,66,1,5,False,1000,1000
14099,149,betCent,10,0.6795382165605095,0,12,None,66,1,5,False,1000,1000
14100,145,betCent,10,0.6692874203821656,0,13,None,66,1,5,False,1000,1000
14101,146,betCent,10,0.6701831210191083,0,13,None,66,1,5,False,1000,1000
14102,147,betCent,10,0.6720740445859873,0,13,None,66,1,5,False,1000,1000
14103,148,betCent,10,0.6727707006369427,0,13,None,66,1,5,False,1000,1000
14104,149,betCent,10,0.6739649681528662,0,13,None,66,1,5,False,1000,1000
14105,145,betCent,10,0.6307722929936306,0,26,None,66,1,5,False,1000,1000
14106,146,betCent,10,0.6307722929936306,0,26,None,66,1,5,False,1000,1000
14107,147,betCent,10,0.633359872611465,0,26,None,66,1,5,False,1000,1000
14108,148,betCent,10,0.6350517515923567,0,26,None,66,1,5,False,1000,1000
14109,149,betCent,10,0.6352507961783439,0,26,None,66,1,5,False,1000,1000
14110,145,betCent,10,0.6967555732484076,0,25,None,66,1,5,False,1000,1000
14111,146,betCent,10,0.6963574840764332,0,25,None,66,1,5,False,1000,1000
14112,147,betCent,10,0.6967555732484076,0,25,None,66,1,5,False,1000,1000
14113,148,betCent,10,0.6972531847133758,0,25,None,66,1,5,False,1000,1000
14114,149,betCent,10,0.6970541401273885,0,25,None,66,1,5,False,1000,1000
14115,145,betCent,10,0.6369426751592356,0,9,None,66,1,5,False,1000,1000
14116,146,betCent,10,0.6440087579617835,0,9,None,66,1,5,False,1000,1000
14117,147,betCent,10,0.6515724522292994,0,9,None,66,1,5,False,1000,1000
14118,148,betCent,10,0.6595342356687898,0,9,None,66,1,5,False,1000,1000
14119,149,betCent,10,0.6675955414012739,0,9,None,66,1,5,False,1000,1000
14120,145,betCent,10,0.6076831210191083,0,29,None,66,1,5,False,1000,1000
14121,146,betCent,10,0.6100716560509554,0,29,None,66,1,5,False,1000,1000
14122,147,betCent,10,0.6111664012738853,0,29,None,66,1,5,False,1000,1000
14123,148,betCent,10,0.6128582802547771,0,29,None,66,1,5,False,1000,1000
14124,149,betCent,10,0.6134554140127388,0,29,None,66,1,5,False,1000,1000
14125,145,betCent,10,0.6036027070063694,0,28,None,66,1,5,False,1000,1000
14126,146,betCent,10,0.604796974522293,0,28,None,66,1,5,False,1000,1000
14127,147,betCent,10,0.6072850318471338,0,28,None,66,1,5,False,1000,1000
14128,148,betCent,10,0.6083797770700637,0,28,None,66,1,5,False,1000,1000
14129,149,betCent,10,0.6096735668789809,0,28,None,66,1,5,False,1000,1000
14130,145,betCent,10,0.6548566878980892,0,0,None,66,1,5,False,1000,1000
14131,146,betCent,10,0.6554538216560509,0,0,None,66,1,5,False,1000,1000
14132,147,betCent,10,0.65625,0,0,None,66,1,5,False,1000,1000
14133,148,betCent,10,0.65734474522293,0,0,None,66,1,5,False,1000,1000
14134,149,betCent,10,0.6592356687898089,0,0,None,66,1,5,False,1000,1000
14135,145,betCent,10,0.6432125796178344,0,22,None,66,1,5,False,1000,1000
14136,146,betCent,10,0.6476910828025477,0,22,None,66,1,5,False,1000,1000
14137,147,betCent,10,0.6496815286624203,0,22,None,66,1,5,False,1000,1000
14138,148,betCent,10,0.6522691082802548,0,22,None,66,1,5,False,1000,1000
14139,149,betCent,10,0.6547571656050956,0,22,None,66,1,5,False,1000,1000
14140,145,betCent,10,0.6830214968152867,0,14,None,66,1,5,False,1000,1000
14141,146,betCent,10,0.6825238853503185,0,14,None,66,1,5,False,1000,1000
14142,147,betCent,10,0.6839171974522293,0,14,None,66,1,5,False,1000,1000
14143,148,betCent,10,0.6861066878980892,0,14,None,66,1,5,False,1000,1000
14144,149,betCent,10,0.6886942675159236,0,14,None,66,1,5,False,1000,1000
14145,145,betCent,10,0.6437101910828026,0,7,None,66,1,5,False,1000,1000
14146,146,betCent,10,0.6449044585987261,0,7,None,66,1,5,False,1000,1000
14147,147,betCent,10,0.6460987261146497,0,7,None,66,1,5,False,1000,1000
14148,148,betCent,10,0.6468949044585988,0,7,None,66,1,5,False,1000,1000
14149,149,betCent,10,0.6474920382165605,0,7,None,66,1,5,False,1000,1000
14150,145,betCent,10,0.6685907643312102,0,32,None,66,1,5,False,1000,1000
14151,146,betCent,10,0.6677945859872612,0,32,None,66,1,5,False,1000,1000
14152,147,betCent,10,0.6675955414012739,0,32,None,66,1,5,False,1000,1000
14153,148,betCent,10,0.667296974522293,0,32,None,66,1,5,False,1000,1000
14154,149,betCent,10,0.6666998407643312,0,32,None,66,1,5,False,1000,1000
14155,145,betCent,10,0.6692874203821656,0,4,None,66,1,5,False,1000,1000
14156,146,betCent,10,0.67078025477707,0,4,None,66,1,5,False,1000,1000
14157,147,betCent,10,0.6716759554140127,0,4,None,66,1,5,False,1000,1000
14158,148,betCent,10,0.6730692675159236,0,4,None,66,1,5,False,1000,1000
14159,149,betCent,10,0.6755573248407644,0,4,None,66,1,5,False,1000,1000
14160,145,betCent,10,0.5752388535031847,0,3,None,66,1,5,False,1000,1000
14161,146,betCent,10,0.5615047770700637,0,3,None,66,1,5,False,1000,1000
14162,147,betCent,10,0.5488654458598726,0,3,None,66,1,5,False,1000,1000
14163,148,betCent,10,0.5379179936305732,0,3,None,66,1,5,False,1000,1000
14164,149,betCent,10,0.5251791401273885,0,3,None,66,1,5,False,1000,1000
14165,145,betCent,10,0.5871815286624203,0,20,None,66,1,5,False,1000,1000
14166,146,betCent,10,0.5841958598726115,0,20,None,66,1,5,False,1000,1000
14167,147,betCent,10,0.5829020700636943,0,20,None,66,1,5,False,1000,1000
14168,148,betCent,10,0.5802149681528662,0,20,None,66,1,5,False,1000,1000
14169,149,betCent,10,0.5887738853503185,0,20,None,66,1,5,False,1000,1000
14170,145,betCent,10,0.673765923566879,0,17,None,66,1,5,False,1000,1000
14171,146,betCent,10,0.6733678343949044,0,17,None,66,1,5,False,1000,1000
14172,147,betCent,10,0.6742635350318471,0,17,None,66,1,5,False,1000,1000
14173,148,betCent,10,0.6747611464968153,0,17,None,66,1,5,False,1000,1000
14174,149,betCent,10,0.6750597133757962,0,17,None,66,1,5,False,1000,1000
14175,145,betCent,10,0.6326632165605095,0,21,None,66,1,5,False,1000,1000
14176,146,betCent,10,0.631468949044586,0,21,None,66,1,5,False,1000,1000
14177,147,betCent,10,0.6296775477707006,0,21,None,66,1,5,False,1000,1000
14178,148,betCent,10,0.6285828025477707,0,21,None,66,1,5,False,1000,1000
14179,149,betCent,10,0.6278861464968153,0,21,None,66,1,5,False,1000,1000
14180,145,betCent,10,0.6508757961783439,0,24,None,66,1,5,False,1000,1000
14181,146,betCent,10,0.6529657643312102,0,24,None,66,1,5,False,1000,1000
14182,147,betCent,10,0.6555533439490446,0,24,None,66,1,5,False,1000,1000
14183,148,betCent,10,0.658140923566879,0,24,None,66,1,5,False,1000,1000
14184,149,betCent,10,0.6594347133757962,0,24,None,66,1,5,False,1000,1000
14185,145,betCent,10,0.6195262738853503,0,27,None,66,1,5,False,1000,1000
14186,146,betCent,10,0.6244028662420382,0,27,None,66,1,5,False,1000,1000
14187,147,betCent,10,0.62609474522293,0,27,None,66,1,5,False,1000,1000
14188,148,betCent,10,0.6290804140127388,0,27,None,66,1,5,False,1000,1000
14189,149,betCent,10,0.6319665605095541,0,27,None,66,1,5,False,1000,1000
14190,150,betCent,10,0.6481886942675159,0,22,None,66,1,5,False,1000,1000
14191,151,betCent,10,0.6518710191082803,0,22,None,66,1,5,False,1000,1000
14192,152,betCent,10,0.6542595541401274,0,22,None,66,1,5,False,1000,1000
14193,153,betCent,10,0.6572452229299363,0,22,None,66,1,5,False,1000,1000
14194,154,betCent,10,0.6599323248407644,0,22,None,66,1,5,False,1000,1000
14195,150,betCent,10,0.6709792993630573,0,32,None,66,1,5,False,1000,1000
14196,151,betCent,10,0.6708797770700637,0,32,None,66,1,5,False,1000,1000
14197,152,betCent,10,0.6704816878980892,0,32,None,66,1,5,False,1000,1000
14198,153,betCent,10,0.6701831210191083,0,32,None,66,1,5,False,1000,1000
14199,154,betCent,10,0.6702826433121019,0,32,None,66,1,5,False,1000,1000
14200,150,betCent,10,0.6686902866242038,0,14,None,66,1,5,False,1000,1000
14201,151,betCent,10,0.6700835987261147,0,14,None,66,1,5,False,1000,1000
14202,152,betCent,10,0.6711783439490446,0,14,None,66,1,5,False,1000,1000
14203,153,betCent,10,0.6722730891719745,0,14,None,66,1,5,False,1000,1000
14204,154,betCent,10,0.6732683121019108,0,14,None,66,1,5,False,1000,1000
14205,150,betCent,10,0.6961584394904459,0,25,None,66,1,5,False,1000,1000
14206,151,betCent,10,0.6956608280254777,0,25,None,66,1,5,False,1000,1000
14207,152,betCent,10,0.6950636942675159,0,25,None,66,1,5,False,1000,1000
14208,153,betCent,10,0.6951632165605095,0,25,None,66,1,5,False,1000,1000
14209,154,betCent,10,0.6950636942675159,0,25,None,66,1,5,False,1000,1000
14210,150,betCent,10,0.6261942675159236,0,26,None,66,1,5,False,1000,1000
14211,151,betCent,10,0.6267914012738853,0,26,None,66,1,5,False,1000,1000
14212,152,betCent,10,0.6285828025477707,0,26,None,66,1,5,False,1000,1000
14213,153,betCent,10,0.6300756369426752,0,26,None,66,1,5,False,1000,1000
14214,154,betCent,10,0.6312699044585988,0,26,None,66,1,5,False,1000,1000
14215,150,betCent,10,0.6515724522292994,0,1,None,66,1,5,False,1000,1000
14216,151,betCent,10,0.6528662420382165,0,1,None,66,1,5,False,1000,1000
14217,152,betCent,10,0.6538614649681529,0,1,None,66,1,5,False,1000,1000
14218,153,betCent,10,0.6553542993630573,0,1,None,66,1,5,False,1000,1000
14219,154,betCent,10,0.6570461783439491,0,1,None,66,1,5,False,1000,1000
14220,150,betCent,10,0.6709792993630573,0,13,None,66,1,5,False,1000,1000
14221,151,betCent,10,0.67296974522293,0,13,None,66,1,5,False,1000,1000
14222,152,betCent,10,0.6743630573248408,0,13,None,66,1,5,False,1000,1000
14223,153,betCent,10,0.6740644904458599,0,13,None,66,1,5,False,1000,1000
14224,154,betCent,10,0.6743630573248408,0,13,None,66,1,5,False,1000,1000
14225,150,betCent,10,0.6523686305732485,0,23,None,66,1,5,False,1000,1000
14226,151,betCent,10,0.6536624203821656,0,23,None,66,1,5,False,1000,1000
14227,152,betCent,10,0.6555533439490446,0,23,None,66,1,5,False,1000,1000
14228,153,betCent,10,0.6569466560509554,0,23,None,66,1,5,False,1000,1000
14229,154,betCent,10,0.6580414012738853,0,23,None,66,1,5,False,1000,1000
14230,150,betCent,10,0.6076831210191083,0,29,None,66,1,5,False,1000,1000
14231,151,betCent,10,0.6115644904458599,0,29,None,66,1,5,False,1000,1000
14232,152,betCent,10,0.6128582802547771,0,29,None,66,1,5,False,1000,1000
14233,153,betCent,10,0.6136544585987261,0,29,None,66,1,5,False,1000,1000
14234,154,betCent,10,0.6145501592356688,0,29,None,66,1,5,False,1000,1000
14235,150,betCent,10,0.6363455414012739,0,21,None,66,1,5,False,1000,1000
14236,151,betCent,10,0.6317675159235668,0,21,None,66,1,5,False,1000,1000
14237,152,betCent,10,0.6303742038216561,0,21,None,66,1,5,False,1000,1000
14238,153,betCent,10,0.6292794585987261,0,21,None,66,1,5,False,1000,1000
14239,154,betCent,10,0.6285828025477707,0,21,None,66,1,5,False,1000,1000
14240,150,betCent,10,0.6500796178343949,0,6,None,66,1,5,False,1000,1000
14241,151,betCent,10,0.6508757961783439,0,6,None,66,1,5,False,1000,1000
14242,152,betCent,10,0.6528662420382165,0,6,None,66,1,5,False,1000,1000
14243,153,betCent,10,0.6534633757961783,0,6,None,66,1,5,False,1000,1000
14244,154,betCent,10,0.6550557324840764,0,6,None,66,1,5,False,1000,1000
14245,150,betCent,10,0.653562898089172,0,24,None,66,1,5,False,1000,1000
14246,151,betCent,10,0.6556528662420382,0,24,None,66,1,5,False,1000,1000
14247,152,betCent,10,0.6584394904458599,0,24,None,66,1,5,False,1000,1000
14248,153,betCent,10,0.6596337579617835,0,24,None,66,1,5,False,1000,1000
14249,154,betCent,10,0.6605294585987261,0,24,None,66,1,5,False,1000,1000
14250,150,betCent,10,0.6749601910828026,0,30,None,66,1,5,False,1000,1000
14251,151,betCent,10,0.6733678343949044,0,30,None,66,1,5,False,1000,1000
14252,152,betCent,10,0.6724721337579618,0,30,None,66,1,5,False,1000,1000
14253,153,betCent,10,0.6723726114649682,0,30,None,66,1,5,False,1000,1000
14254,154,betCent,10,0.6728702229299363,0,30,None,66,1,5,False,1000,1000
14255,150,betCent,10,0.6799363057324841,0,31,None,66,1,5,False,1000,1000
14256,151,betCent,10,0.6824243630573248,0,31,None,66,1,5,False,1000,1000
14257,152,betCent,10,0.6846138535031847,0,31,None,66,1,5,False,1000,1000
14258,153,betCent,10,0.6868033439490446,0,31,None,66,1,5,False,1000,1000
14259,154,betCent,10,0.6875,0,31,None,66,1,5,False,1000,1000
14260,150,betCent,10,0.6202229299363057,0,27,None,66,1,5,False,1000,1000
14261,151,betCent,10,0.6236066878980892,0,27,None,66,1,5,False,1000,1000
14262,152,betCent,10,0.6261942675159236,0,27,None,66,1,5,False,1000,1000
14263,153,betCent,10,0.6286823248407644,0,27,None,66,1,5,False,1000,1000
14264,154,betCent,10,0.6326632165605095,0,27,None,66,1,5,False,1000,1000
14265,150,betCent,10,0.6813296178343949,0,16,None,66,1,5,False,1000,1000
14266,151,betCent,10,0.6861066878980892,0,16,None,66,1,5,False,1000,1000
14267,152,betCent,10,0.6909832802547771,0,16,None,66,1,5,False,1000,1000
14268,153,betCent,10,0.6946656050955414,0,16,None,66,1,5,False,1000,1000
14269,154,betCent,10,0.699343152866242,0,16,None,66,1,5,False,1000,1000
14270,150,betCent,10,0.6277866242038217,0,8,None,66,1,5,False,1000,1000
14271,151,betCent,10,0.6325636942675159,0,8,None,66,1,5,False,1000,1000
14272,152,betCent,10,0.637937898089172,0,8,None,66,1,5,False,1000,1000
14273,153,betCent,10,0.6416202229299363,0,8,None,66,1,5,False,1000,1000
14274,154,betCent,10,0.6461982484076433,0,8,None,66,1,5,False,1000,1000
14275,150,betCent,10,0.6549562101910829,0,19,None,66,1,5,False,1000,1000
14276,151,betCent,10,0.6575437898089171,0,19,None,66,1,5,False,1000,1000
14277,152,betCent,10,0.6594347133757962,0,19,None,66,1,5,False,1000,1000
14278,153,betCent,10,0.6618232484076433,0,19,None,66,1,5,False,1000,1000
14279,154,betCent,10,0.6641122611464968,0,19,None,66,1,5,False,1000,1000
14280,150,betCent,10,0.6645103503184714,0,2,None,66,1,5,False,1000,1000
14281,151,betCent,10,0.6734673566878981,0,2,None,66,1,5,False,1000,1000
14282,152,betCent,10,0.658140923566879,0,2,None,66,1,5,False,1000,1000
14283,153,betCent,10,0.6477906050955414,0,2,None,66,1,5,False,1000,1000
14284,154,betCent,10,0.638734076433121,0,2,None,66,1,5,False,1000,1000
14285,150,betCent,10,0.6572452229299363,0,0,None,66,1,5,False,1000,1000
14286,151,betCent,10,0.6583399681528662,0,0,None,66,1,5,False,1000,1000
14287,152,betCent,10,0.6594347133757962,0,0,None,66,1,5,False,1000,1000
14288,153,betCent,10,0.6606289808917197,0,0,None,66,1,5,False,1000,1000
14289,154,betCent,10,0.661922770700637,0,0,None,66,1,5,False,1000,1000
14290,150,betCent,10,0.6703821656050956,0,4,None,66,1,5,False,1000,1000
14291,151,betCent,10,0.6716759554140127,0,4,None,66,1,5,False,1000,1000
14292,152,betCent,10,0.6724721337579618,0,4,None,66,1,5,False,1000,1000
14293,153,betCent,10,0.6744625796178344,0,4,None,66,1,5,False,1000,1000
14294,154,betCent,10,0.6759554140127388,0,4,None,66,1,5,False,1000,1000
14295,150,betCent,10,0.5821058917197452,0,3,None,66,1,5,False,1000,1000
14296,151,betCent,10,0.5690684713375797,0,3,None,66,1,5,False,1000,1000
14297,152,betCent,10,0.556827229299363,0,3,None,66,1,5,False,1000,1000
14298,153,betCent,10,0.5480692675159236,0,3,None,66,1,5,False,1000,1000
14299,154,betCent,10,0.5381170382165605,0,3,None,66,1,5,False,1000,1000
14300,150,betCent,10,0.6664012738853503,0,5,None,66,1,5,False,1000,1000
14301,151,betCent,10,0.6683917197452229,0,5,None,66,1,5,False,1000,1000
14302,152,betCent,10,0.67078025477707,0,5,None,66,1,5,False,1000,1000
14303,153,betCent,10,0.6733678343949044,0,5,None,66,1,5,False,1000,1000
14304,154,betCent,10,0.6768511146496815,0,5,None,66,1,5,False,1000,1000
14305,150,betCent,10,0.6460987261146497,0,7,None,66,1,5,False,1000,1000
14306,151,betCent,10,0.6474920382165605,0,7,None,66,1,5,False,1000,1000
14307,152,betCent,10,0.6472929936305732,0,7,None,66,1,5,False,1000,1000
14308,153,betCent,10,0.6492834394904459,0,7,None,66,1,5,False,1000,1000
14309,154,betCent,10,0.6498805732484076,0,7,None,66,1,5,False,1000,1000
14310,150,betCent,10,0.6390326433121019,0,9,None,66,1,5,False,1000,1000
14311,151,betCent,10,0.6454020700636943,0,9,None,66,1,5,False,1000,1000
14312,152,betCent,10,0.6533638535031847,0,9,None,66,1,5,False,1000,1000
14313,153,betCent,10,0.661922770700637,0,9,None,66,1,5,False,1000,1000
14314,154,betCent,10,0.6712778662420382,0,9,None,66,1,5,False,1000,1000
14315,150,betCent,10,0.6288813694267515,0,10,None,66,1,5,False,1000,1000
14316,151,betCent,10,0.6363455414012739,0,10,None,66,1,5,False,1000,1000
14317,152,betCent,10,0.6439092356687898,0,10,None,66,1,5,False,1000,1000
14318,153,betCent,10,0.6515724522292994,0,10,None,66,1,5,False,1000,1000
14319,154,betCent,10,0.6578423566878981,0,10,None,66,1,5,False,1000,1000
14320,150,betCent,10,0.4263535031847134,0,11,None,66,1,5,False,1000,1000
14321,151,betCent,10,0.4197850318471338,0,11,None,66,1,5,False,1000,1000
14322,152,betCent,10,0.4134156050955414,0,11,None,66,1,5,False,1000,1000
14323,153,betCent,10,0.4092356687898089,0,11,None,66,1,5,False,1000,1000
14324,154,betCent,10,0.4055533439490446,0,11,None,66,1,5,False,1000,1000
14325,150,betCent,10,0.6258957006369427,0,15,None,66,1,5,False,1000,1000
14326,151,betCent,10,0.6269904458598726,0,15,None,66,1,5,False,1000,1000
14327,152,betCent,10,0.6296775477707006,0,15,None,66,1,5,False,1000,1000
14328,153,betCent,10,0.6307722929936306,0,15,None,66,1,5,False,1000,1000
14329,154,betCent,10,0.6319665605095541,0,15,None,66,1,5,False,1000,1000
14330,150,betCent,10,0.669187898089172,0,12,None,66,1,5,False,1000,1000
14331,151,betCent,10,0.6714769108280255,0,12,None,66,1,5,False,1000,1000
14332,152,betCent,10,0.6752587579617835,0,12,None,66,1,5,False,1000,1000
14333,153,betCent,10,0.6792396496815286,0,12,None,66,1,5,False,1000,1000
14334,154,betCent,10,0.6832205414012739,0,12,None,66,1,5,False,1000,1000
14335,150,betCent,10,0.677547770700637,0,17,None,66,1,5,False,1000,1000
14336,151,betCent,10,0.6769506369426752,0,17,None,66,1,5,False,1000,1000
14337,152,betCent,10,0.6765525477707006,0,17,None,66,1,5,False,1000,1000
14338,153,betCent,10,0.677547770700637,0,17,None,66,1,5,False,1000,1000
14339,154,betCent,10,0.677547770700637,0,17,None,66,1,5,False,1000,1000
14340,150,betCent,10,0.5950437898089171,0,18,None,66,1,5,False,1000,1000
14341,151,betCent,10,0.5932523885350318,0,18,None,66,1,5,False,1000,1000
14342,152,betCent,10,0.5945461783439491,0,18,None,66,1,5,False,1000,1000
14343,153,betCent,10,0.5959394904458599,0,18,None,66,1,5,False,1000,1000
14344,154,betCent,10,0.5972332802547771,0,18,None,66,1,5,False,1000,1000
14345,150,betCent,10,0.5857882165605095,0,20,None,66,1,5,False,1000,1000
14346,151,betCent,10,0.5846934713375797,0,20,None,66,1,5,False,1000,1000
14347,152,betCent,10,0.5833996815286624,0,20,None,66,1,5,False,1000,1000
14348,153,betCent,10,0.5788216560509554,0,20,None,66,1,5,False,1000,1000
14349,154,betCent,10,0.5844944267515924,0,20,None,66,1,5,False,1000,1000
14350,150,betCent,10,0.6050955414012739,0,28,None,66,1,5,False,1000,1000
14351,151,betCent,10,0.6064888535031847,0,28,None,66,1,5,False,1000,1000
14352,152,betCent,10,0.6079816878980892,0,28,None,66,1,5,False,1000,1000
14353,153,betCent,10,0.6089769108280255,0,28,None,66,1,5,False,1000,1000
14354,154,betCent,10,0.611265923566879,0,28,None,66,1,5,False,1000,1000
15345,155,betCent,10,0.6544585987261147,0,1,None,66,1,5,False,1000,1000
15346,156,betCent,10,0.6550557324840764,0,1,None,66,1,5,False,1000,1000
15347,157,betCent,10,0.6564490445859873,0,1,None,66,1,5,False,1000,1000
15348,158,betCent,10,0.6587380573248408,0,1,None,66,1,5,False,1000,1000
15349,159,betCent,10,0.6593351910828026,0,1,None,66,1,5,False,1000,1000
15350,155,betCent,10,0.6712778662420382,0,2,None,66,1,5,False,1000,1000
15351,156,betCent,10,0.6760549363057324,0,2,None,66,1,5,False,1000,1000
15352,157,betCent,10,0.6598328025477707,0,2,None,66,1,5,False,1000,1000
15353,158,betCent,10,0.6501791401273885,0,2,None,66,1,5,False,1000,1000
15354,159,betCent,10,0.6416202229299363,0,2,None,66,1,5,False,1000,1000
15355,155,betCent,10,0.6693869426751592,0,5,None,66,1,5,False,1000,1000
15356,156,betCent,10,0.6721735668789809,0,5,None,66,1,5,False,1000,1000
15357,157,betCent,10,0.6760549363057324,0,5,None,66,1,5,False,1000,1000
15358,158,betCent,10,0.6784434713375797,0,5,None,66,1,5,False,1000,1000
15359,159,betCent,10,0.6806329617834395,0,5,None,66,1,5,False,1000,1000
15360,155,betCent,10,0.6317675159235668,0,15,None,66,1,5,False,1000,1000
15361,156,betCent,10,0.6336584394904459,0,15,None,66,1,5,False,1000,1000
15362,157,betCent,10,0.6353503184713376,0,15,None,66,1,5,False,1000,1000
15363,158,betCent,10,0.6366441082802548,0,15,None,66,1,5,False,1000,1000
15364,159,betCent,10,0.6377388535031847,0,15,None,66,1,5,False,1000,1000
15365,155,betCent,10,0.6351512738853503,0,10,None,66,1,5,False,1000,1000
15366,156,betCent,10,0.6423168789808917,0,10,None,66,1,5,False,1000,1000
15367,157,betCent,10,0.6502786624203821,0,10,None,66,1,5,False,1000,1000
15368,158,betCent,10,0.658140923566879,0,10,None,66,1,5,False,1000,1000
15369,159,betCent,10,0.6641122611464968,0,10,None,66,1,5,False,1000,1000
15370,155,betCent,10,0.6845143312101911,0,16,None,66,1,5,False,1000,1000
15371,156,betCent,10,0.6894904458598726,0,16,None,66,1,5,False,1000,1000
15372,157,betCent,10,0.6936703821656051,0,16,None,66,1,5,False,1000,1000
15373,158,betCent,10,0.6986464968152867,0,16,None,66,1,5,False,1000,1000
15374,159,betCent,10,0.7017316878980892,0,16,None,66,1,5,False,1000,1000
15375,155,betCent,10,0.5633957006369427,0,11,None,66,1,5,False,1000,1000
15376,156,betCent,10,0.556827229299363,0,11,None,66,1,5,False,1000,1000
15377,157,betCent,10,0.5438893312101911,0,11,None,66,1,5,False,1000,1000
15378,158,betCent,10,0.5332404458598726,0,11,None,66,1,5,False,1000,1000
15379,159,betCent,10,0.5230891719745223,0,11,None,66,1,5,False,1000,1000
15380,155,betCent,10,0.6189291401273885,0,20,None,66,1,5,False,1000,1000
15381,156,betCent,10,0.6358479299363057,0,20,None,66,1,5,False,1000,1000
15382,157,betCent,10,0.640625,0,20,None,66,1,5,False,1000,1000
15383,158,betCent,10,0.638734076433121,0,20,None,66,1,5,False,1000,1000
15384,159,betCent,10,0.6345541401273885,0,20,None,66,1,5,False,1000,1000
15385,155,betCent,10,0.6464968152866242,0,22,None,66,1,5,False,1000,1000
15386,156,betCent,10,0.6504777070063694,0,22,None,66,1,5,False,1000,1000
15387,157,betCent,10,0.6536624203821656,0,22,None,66,1,5,False,1000,1000
15388,158,betCent,10,0.6554538216560509,0,22,None,66,1,5,False,1000,1000
15389,159,betCent,10,0.6579418789808917,0,22,None,66,1,5,False,1000,1000
15390,155,betCent,10,0.6862062101910829,0,14,None,66,1,5,False,1000,1000
15391,156,betCent,10,0.6875995222929936,0,14,None,66,1,5,False,1000,1000
15392,157,betCent,10,0.6890923566878981,0,14,None,66,1,5,False,1000,1000
15393,158,betCent,10,0.6905851910828026,0,14,None,66,1,5,False,1000,1000
15394,159,betCent,10,0.6917794585987261,0,14,None,66,1,5,False,1000,1000
15395,155,betCent,10,0.6549562101910829,0,23,None,66,1,5,False,1000,1000
15396,156,betCent,10,0.6569466560509554,0,23,None,66,1,5,False,1000,1000
15397,157,betCent,10,0.6571457006369427,0,23,None,66,1,5,False,1000,1000
15398,158,betCent,10,0.6584394904458599,0,23,None,66,1,5,False,1000,1000
15399,159,betCent,10,0.6607285031847133,0,23,None,66,1,5,False,1000,1000
15400,155,betCent,10,0.6819267515923567,0,17,None,66,1,5,False,1000,1000
15401,156,betCent,10,0.6807324840764332,0,17,None,66,1,5,False,1000,1000
15402,157,betCent,10,0.6815286624203821,0,17,None,66,1,5,False,1000,1000
15403,158,betCent,10,0.6819267515923567,0,17,None,66,1,5,False,1000,1000
15404,159,betCent,10,0.6820262738853503,0,17,None,66,1,5,False,1000,1000
15405,155,betCent,10,0.6560509554140127,0,24,None,66,1,5,False,1000,1000
15406,156,betCent,10,0.6577428343949044,0,24,None,66,1,5,False,1000,1000
15407,157,betCent,10,0.6597332802547771,0,24,None,66,1,5,False,1000,1000
15408,158,betCent,10,0.6611265923566879,0,24,None,66,1,5,False,1000,1000
15409,159,betCent,10,0.6637141719745223,0,24,None,66,1,5,False,1000,1000
15410,155,betCent,10,0.6105692675159236,0,29,None,66,1,5,False,1000,1000
15411,156,betCent,10,0.6141520700636943,0,29,None,66,1,5,False,1000,1000
15412,157,betCent,10,0.6161425159235668,0,29,None,66,1,5,False,1000,1000
15413,158,betCent,10,0.6173367834394905,0,29,None,66,1,5,False,1000,1000
15414,159,betCent,10,0.6192277070063694,0,29,None,66,1,5,False,1000,1000
15415,155,betCent,10,0.6420183121019108,0,9,None,66,1,5,False,1000,1000
15416,156,betCent,10,0.6501791401273885,0,9,None,66,1,5,False,1000,1000
15417,157,betCent,10,0.6579418789808917,0,9,None,66,1,5,False,1000,1000
15418,158,betCent,10,0.6657046178343949,0,9,None,66,1,5,False,1000,1000
15419,159,betCent,10,0.6748606687898089,0,9,None,66,1,5,False,1000,1000
15420,155,betCent,10,0.60828025477707,0,28,None,66,1,5,False,1000,1000
15421,156,betCent,10,0.6088773885350318,0,28,None,66,1,5,False,1000,1000
15422,157,betCent,10,0.6095740445859873,0,28,None,66,1,5,False,1000,1000
15423,158,betCent,10,0.6118630573248408,0,28,None,66,1,5,False,1000,1000
15424,159,betCent,10,0.6136544585987261,0,28,None,66,1,5,False,1000,1000
15425,155,betCent,10,0.6611265923566879,0,0,None,66,1,5,False,1000,1000
15426,156,betCent,10,0.6616242038216561,0,0,None,66,1,5,False,1000,1000
15427,157,betCent,10,0.663515127388535,0,0,None,66,1,5,False,1000,1000
15428,158,betCent,10,0.6649084394904459,0,0,None,66,1,5,False,1000,1000
15429,159,betCent,10,0.6655055732484076,0,0,None,66,1,5,False,1000,1000
15430,155,betCent,10,0.6757563694267515,0,30,None,66,1,5,False,1000,1000
15431,156,betCent,10,0.6743630573248408,0,30,None,66,1,5,False,1000,1000
15432,157,betCent,10,0.6733678343949044,0,30,None,66,1,5,False,1000,1000
15433,158,betCent,10,0.6733678343949044,0,30,None,66,1,5,False,1000,1000
15434,159,betCent,10,0.6732683121019108,0,30,None,66,1,5,False,1000,1000
15435,155,betCent,10,0.6529657643312102,0,7,None,66,1,5,False,1000,1000
15436,156,betCent,10,0.6534633757961783,0,7,None,66,1,5,False,1000,1000
15437,157,betCent,10,0.6546576433121019,0,7,None,66,1,5,False,1000,1000
15438,158,betCent,10,0.6552547770700637,0,7,None,66,1,5,False,1000,1000
15439,159,betCent,10,0.6552547770700637,0,7,None,66,1,5,False,1000,1000
15440,155,betCent,10,0.6739649681528662,0,4,None,66,1,5,False,1000,1000
15441,156,betCent,10,0.6749601910828026,0,4,None,66,1,5,False,1000,1000
15442,157,betCent,10,0.6766520700636943,0,4,None,66,1,5,False,1000,1000
15443,158,betCent,10,0.6774482484076433,0,4,None,66,1,5,False,1000,1000
15444,159,betCent,10,0.6800358280254777,0,4,None,66,1,5,False,1000,1000
15445,155,betCent,10,0.67296974522293,0,32,None,66,1,5,False,1000,1000
15446,156,betCent,10,0.6715764331210191,0,32,None,66,1,5,False,1000,1000
15447,157,betCent,10,0.6717754777070064,0,32,None,66,1,5,False,1000,1000
15448,158,betCent,10,0.6708797770700637,0,32,None,66,1,5,False,1000,1000
15449,159,betCent,10,0.671875,0,32,None,66,1,5,False,1000,1000
15450,155,betCent,10,0.6523686305732485,0,6,None,66,1,5,False,1000,1000
15451,156,betCent,10,0.6536624203821656,0,6,None,66,1,5,False,1000,1000
15452,157,betCent,10,0.6553542993630573,0,6,None,66,1,5,False,1000,1000
15453,158,betCent,10,0.6556528662420382,0,6,None,66,1,5,False,1000,1000
15454,159,betCent,10,0.6567476114649682,0,6,None,66,1,5,False,1000,1000
15455,155,betCent,10,0.675656847133758,0,12,None,66,1,5,False,1000,1000
15456,156,betCent,10,0.6799363057324841,0,12,None,66,1,5,False,1000,1000
15457,157,betCent,10,0.6833200636942676,0,12,None,66,1,5,False,1000,1000
15458,158,betCent,10,0.6870023885350318,0,12,None,66,1,5,False,1000,1000
15459,159,betCent,10,0.6899880573248408,0,12,None,66,1,5,False,1000,1000
15460,155,betCent,10,0.6091759554140127,0,3,None,66,1,5,False,1000,1000
15461,156,betCent,10,0.5963375796178344,0,3,None,66,1,5,False,1000,1000
15462,157,betCent,10,0.5874800955414012,0,3,None,66,1,5,False,1000,1000
15463,158,betCent,10,0.5777269108280255,0,3,None,66,1,5,False,1000,1000
15464,159,betCent,10,0.5694665605095541,0,3,None,66,1,5,False,1000,1000
15465,155,betCent,10,0.6709792993630573,0,13,None,66,1,5,False,1000,1000
15466,156,betCent,10,0.675656847133758,0,13,None,66,1,5,False,1000,1000
15467,157,betCent,10,0.6763535031847133,0,13,None,66,1,5,False,1000,1000
15468,158,betCent,10,0.6765525477707006,0,13,None,66,1,5,False,1000,1000
15469,159,betCent,10,0.6777468152866242,0,13,None,66,1,5,False,1000,1000
15470,155,betCent,10,0.7011345541401274,0,25,None,66,1,5,False,1000,1000
15471,156,betCent,10,0.7011345541401274,0,25,None,66,1,5,False,1000,1000
15472,157,betCent,10,0.701234076433121,0,25,None,66,1,5,False,1000,1000
15473,158,betCent,10,0.7010350318471338,0,25,None,66,1,5,False,1000,1000
15474,159,betCent,10,0.7010350318471338,0,25,None,66,1,5,False,1000,1000
15475,155,betCent,10,0.6375398089171974,0,26,None,66,1,5,False,1000,1000
15476,156,betCent,10,0.6380374203821656,0,26,None,66,1,5,False,1000,1000
15477,157,betCent,10,0.6385350318471338,0,26,None,66,1,5,False,1000,1000
15478,158,betCent,10,0.6394307324840764,0,26,None,66,1,5,False,1000,1000
15479,159,betCent,10,0.6398288216560509,0,26,None,66,1,5,False,1000,1000
15480,155,betCent,10,0.658140923566879,0,19,None,66,1,5,False,1000,1000
15481,156,betCent,10,0.660031847133758,0,19,None,66,1,5,False,1000,1000
15482,157,betCent,10,0.6631170382165605,0,19,None,66,1,5,False,1000,1000
15483,158,betCent,10,0.6644108280254777,0,19,None,66,1,5,False,1000,1000
15484,159,betCent,10,0.6675955414012739,0,19,None,66,1,5,False,1000,1000
15485,155,betCent,10,0.6304737261146497,0,8,None,66,1,5,False,1000,1000
15486,156,betCent,10,0.6357484076433121,0,8,None,66,1,5,False,1000,1000
15487,157,betCent,10,0.6404259554140127,0,8,None,66,1,5,False,1000,1000
15488,158,betCent,10,0.6448049363057324,0,8,None,66,1,5,False,1000,1000
15489,159,betCent,10,0.6484872611464968,0,8,None,66,1,5,False,1000,1000
15490,155,betCent,10,0.6362460191082803,0,21,None,66,1,5,False,1000,1000
15491,156,betCent,10,0.634952229299363,0,21,None,66,1,5,False,1000,1000
15492,157,betCent,10,0.633359872611465,0,21,None,66,1,5,False,1000,1000
15493,158,betCent,10,0.6318670382165605,0,21,None,66,1,5,False,1000,1000
15494,159,betCent,10,0.6311703821656051,0,21,None,66,1,5,False,1000,1000
15495,160,betCent,10,0.6844148089171974,0,25,None,66,1,5,False,1000,1000
15496,161,betCent,10,0.684812898089172,0,25,None,66,1,5,False,1000,1000
15497,162,betCent,10,0.6846138535031847,0,25,None,66,1,5,False,1000,1000
15498,163,betCent,10,0.6843152866242038,0,25,None,66,1,5,False,1000,1000
15499,164,betCent,10,0.6841162420382165,0,25,None,66,1,5,False,1000,1000
15500,155,betCent,10,0.599422770700637,0,18,None,66,1,5,False,1000,1000
15501,156,betCent,10,0.5990246815286624,0,18,None,66,1,5,False,1000,1000
15502,157,betCent,10,0.6007165605095541,0,18,None,66,1,5,False,1000,1000
15503,158,betCent,10,0.6023089171974523,0,18,None,66,1,5,False,1000,1000
15504,159,betCent,10,0.6028065286624203,0,18,None,66,1,5,False,1000,1000
15505,155,betCent,10,0.6220143312101911,0,27,None,66,1,5,False,1000,1000
15506,156,betCent,10,0.6256966560509554,0,27,None,66,1,5,False,1000,1000
15507,157,betCent,10,0.6274880573248408,0,27,None,66,1,5,False,1000,1000
15508,158,betCent,10,0.632265127388535,0,27,None,66,1,5,False,1000,1000
15509,159,betCent,10,0.6345541401273885,0,27,None,66,1,5,False,1000,1000
15510,155,betCent,10,0.6835191082802548,0,31,None,66,1,5,False,1000,1000
15511,156,betCent,10,0.6861066878980892,0,31,None,66,1,5,False,1000,1000
15512,157,betCent,10,0.6871019108280255,0,31,None,66,1,5,False,1000,1000
15513,158,betCent,10,0.6883957006369427,0,31,None,66,1,5,False,1000,1000
15514,159,betCent,10,0.6899880573248408,0,31,None,66,1,5,False,1000,1000
15515,160,betCent,10,0.6347531847133758,0,26,None,66,1,5,False,1000,1000
15516,161,betCent,10,0.6359474522292994,0,26,None,66,1,5,False,1000,1000
15517,162,betCent,10,0.6371417197452229,0,26,None,66,1,5,False,1000,1000
15518,163,betCent,10,0.6378383757961783,0,26,None,66,1,5,False,1000,1000
15519,164,betCent,10,0.6377388535031847,0,26,None,66,1,5,False,1000,1000
15520,160,betCent,10,0.6942675159235668,0,14,None,66,1,5,False,1000,1000
15521,161,betCent,10,0.6941679936305732,0,14,None,66,1,5,False,1000,1000
15522,162,betCent,10,0.6951632165605095,0,14,None,66,1,5,False,1000,1000
15523,163,betCent,10,0.694765127388535,0,14,None,66,1,5,False,1000,1000
15524,164,betCent,10,0.6957603503184714,0,14,None,66,1,5,False,1000,1000
15525,160,betCent,10,0.653562898089172,0,7,None,66,1,5,False,1000,1000
15526,161,betCent,10,0.6544585987261147,0,7,None,66,1,5,False,1000,1000
15527,162,betCent,10,0.65515525477707,0,7,None,66,1,5,False,1000,1000
15528,163,betCent,10,0.6556528662420382,0,7,None,66,1,5,False,1000,1000
15529,164,betCent,10,0.6558519108280255,0,7,None,66,1,5,False,1000,1000
15530,160,betCent,10,0.4354100318471338,0,11,None,66,1,5,False,1000,1000
15531,161,betCent,10,0.4292396496815286,0,11,None,66,1,5,False,1000,1000
15532,162,betCent,10,0.4240644904458598,0,11,None,66,1,5,False,1000,1000
15533,163,betCent,10,0.4195859872611465,0,11,None,66,1,5,False,1000,1000
15534,164,betCent,10,0.4159036624203822,0,11,None,66,1,5,False,1000,1000
15535,160,betCent,10,0.6327627388535032,0,15,None,66,1,5,False,1000,1000
15536,161,betCent,10,0.6346536624203821,0,15,None,66,1,5,False,1000,1000
15537,162,betCent,10,0.636046974522293,0,15,None,66,1,5,False,1000,1000
15538,163,betCent,10,0.6377388535031847,0,15,None,66,1,5,False,1000,1000
15539,164,betCent,10,0.6386345541401274,0,15,None,66,1,5,False,1000,1000
15540,160,betCent,10,0.6765525477707006,0,12,None,66,1,5,False,1000,1000
15541,161,betCent,10,0.6808320063694268,0,12,None,66,1,5,False,1000,1000
15542,162,betCent,10,0.6841162420382165,0,12,None,66,1,5,False,1000,1000
15543,163,betCent,10,0.6876990445859873,0,12,None,66,1,5,False,1000,1000
15544,164,betCent,10,0.6907842356687898,0,12,None,66,1,5,False,1000,1000
15545,160,betCent,10,0.6891918789808917,0,16,None,66,1,5,False,1000,1000
15546,161,betCent,10,0.6935708598726115,0,16,None,66,1,5,False,1000,1000
15547,162,betCent,10,0.6986464968152867,0,16,None,66,1,5,False,1000,1000
15548,163,betCent,10,0.7015326433121019,0,16,None,66,1,5,False,1000,1000
15549,164,betCent,10,0.705812101910828,0,16,None,66,1,5,False,1000,1000
15550,160,betCent,10,0.6019108280254777,0,18,None,66,1,5,False,1000,1000
15551,161,betCent,10,0.6017117834394905,0,18,None,66,1,5,False,1000,1000
15552,162,betCent,10,0.6031050955414012,0,18,None,66,1,5,False,1000,1000
15553,163,betCent,10,0.6048964968152867,0,18,None,66,1,5,False,1000,1000
15554,164,betCent,10,0.6062898089171974,0,18,None,66,1,5,False,1000,1000
15555,160,betCent,10,0.6588375796178344,0,1,None,66,1,5,False,1000,1000
15556,161,betCent,10,0.6602308917197452,0,1,None,66,1,5,False,1000,1000
15557,162,betCent,10,0.6611265923566879,0,1,None,66,1,5,False,1000,1000
15558,163,betCent,10,0.6629179936305732,0,1,None,66,1,5,False,1000,1000
15559,164,betCent,10,0.6639132165605095,0,1,None,66,1,5,False,1000,1000
15560,160,betCent,10,0.6776472929936306,0,2,None,66,1,5,False,1000,1000
15561,161,betCent,10,0.6790406050955414,0,2,None,66,1,5,False,1000,1000
15562,162,betCent,10,0.6620222929936306,0,2,None,66,1,5,False,1000,1000
15563,163,betCent,10,0.6537619426751592,0,2,None,66,1,5,False,1000,1000
15564,164,betCent,10,0.6449044585987261,0,2,None,66,1,5,False,1000,1000
15565,160,betCent,10,0.6713773885350318,0,5,None,66,1,5,False,1000,1000
15566,161,betCent,10,0.6743630573248408,0,5,None,66,1,5,False,1000,1000
15567,162,betCent,10,0.6776472929936306,0,5,None,66,1,5,False,1000,1000
15568,163,betCent,10,0.680234872611465,0,5,None,66,1,5,False,1000,1000
15569,164,betCent,10,0.6834195859872612,0,5,None,66,1,5,False,1000,1000
15570,160,betCent,10,0.644406847133758,0,9,None,66,1,5,False,1000,1000
15571,161,betCent,10,0.651671974522293,0,9,None,66,1,5,False,1000,1000
15572,162,betCent,10,0.6594347133757962,0,9,None,66,1,5,False,1000,1000
15573,163,betCent,10,0.6692874203821656,0,9,None,66,1,5,False,1000,1000
15574,164,betCent,10,0.6778463375796179,0,9,None,66,1,5,False,1000,1000
15575,160,betCent,10,0.6853105095541401,0,13,None,66,1,5,False,1000,1000
15576,161,betCent,10,0.6827229299363057,0,13,None,66,1,5,False,1000,1000
15577,162,betCent,10,0.6800358280254777,0,13,None,66,1,5,False,1000,1000
15578,163,betCent,10,0.6794386942675159,0,13,None,66,1,5,False,1000,1000
15579,164,betCent,10,0.6798367834394905,0,13,None,66,1,5,False,1000,1000
15580,160,betCent,10,0.6088773885350318,0,28,None,66,1,5,False,1000,1000
15581,161,betCent,10,0.6088773885350318,0,28,None,66,1,5,False,1000,1000
15582,162,betCent,10,0.6107683121019108,0,28,None,66,1,5,False,1000,1000
15583,163,betCent,10,0.6132563694267515,0,28,None,66,1,5,False,1000,1000
15584,164,betCent,10,0.6146496815286624,0,28,None,66,1,5,False,1000,1000
15585,160,betCent,10,0.6124601910828026,0,29,None,66,1,5,False,1000,1000
15586,161,betCent,10,0.6157444267515924,0,29,None,66,1,5,False,1000,1000
15587,162,betCent,10,0.6184315286624203,0,29,None,66,1,5,False,1000,1000
15588,163,betCent,10,0.6203224522292994,0,29,None,66,1,5,False,1000,1000
15589,164,betCent,10,0.6214171974522293,0,29,None,66,1,5,False,1000,1000
15590,160,betCent,10,0.6800358280254777,0,30,None,66,1,5,False,1000,1000
15591,161,betCent,10,0.6784434713375797,0,30,None,66,1,5,False,1000,1000
15592,162,betCent,10,0.6787420382165605,0,30,None,66,1,5,False,1000,1000
15593,163,betCent,10,0.678343949044586,0,30,None,66,1,5,False,1000,1000
15594,164,betCent,10,0.6782444267515924,0,30,None,66,1,5,False,1000,1000
15595,160,betCent,10,0.6857085987261147,0,31,None,66,1,5,False,1000,1000
15596,161,betCent,10,0.6872014331210191,0,31,None,66,1,5,False,1000,1000
15597,162,betCent,10,0.6890923566878981,0,31,None,66,1,5,False,1000,1000
15598,163,betCent,10,0.6903861464968153,0,31,None,66,1,5,False,1000,1000
15599,164,betCent,10,0.6924761146496815,0,31,None,66,1,5,False,1000,1000
15600,160,betCent,10,0.6673964968152867,0,19,None,66,1,5,False,1000,1000
15601,161,betCent,10,0.6693869426751592,0,19,None,66,1,5,False,1000,1000
15602,162,betCent,10,0.6712778662420382,0,19,None,66,1,5,False,1000,1000
15603,163,betCent,10,0.6736664012738853,0,19,None,66,1,5,False,1000,1000
15604,164,betCent,10,0.6762539808917197,0,19,None,66,1,5,False,1000,1000
15605,160,betCent,10,0.6639132165605095,0,0,None,66,1,5,False,1000,1000
15606,161,betCent,10,0.664609872611465,0,0,None,66,1,5,False,1000,1000
15607,162,betCent,10,0.6658041401273885,0,0,None,66,1,5,False,1000,1000
15608,163,betCent,10,0.6670979299363057,0,0,None,66,1,5,False,1000,1000
15609,164,betCent,10,0.6679936305732485,0,0,None,66,1,5,False,1000,1000
15610,160,betCent,10,0.5950437898089171,0,3,None,66,1,5,False,1000,1000
15611,161,betCent,10,0.5866839171974523,0,3,None,66,1,5,False,1000,1000
15612,162,betCent,10,0.5777269108280255,0,3,None,66,1,5,False,1000,1000
15613,163,betCent,10,0.5696656050955414,0,3,None,66,1,5,False,1000,1000
15614,164,betCent,10,0.56140525477707,0,3,None,66,1,5,False,1000,1000
15615,160,betCent,10,0.6782444267515924,0,4,None,66,1,5,False,1000,1000
15616,161,betCent,10,0.6794386942675159,0,4,None,66,1,5,False,1000,1000
15617,162,betCent,10,0.6816281847133758,0,4,None,66,1,5,False,1000,1000
15618,163,betCent,10,0.6841162420382165,0,4,None,66,1,5,False,1000,1000
15619,164,betCent,10,0.6858081210191083,0,4,None,66,1,5,False,1000,1000
15620,160,betCent,10,0.65515525477707,0,6,None,66,1,5,False,1000,1000
15621,161,betCent,10,0.6565485668789809,0,6,None,66,1,5,False,1000,1000
15622,162,betCent,10,0.6568471337579618,0,6,None,66,1,5,False,1000,1000
15623,163,betCent,10,0.6579418789808917,0,6,None,66,1,5,False,1000,1000
15624,164,betCent,10,0.6593351910828026,0,6,None,66,1,5,False,1000,1000
15625,160,betCent,10,0.633359872611465,0,8,None,66,1,5,False,1000,1000
15626,161,betCent,10,0.6376393312101911,0,8,None,66,1,5,False,1000,1000
15627,162,betCent,10,0.6429140127388535,0,8,None,66,1,5,False,1000,1000
15628,163,betCent,10,0.6475915605095541,0,8,None,66,1,5,False,1000,1000
15629,164,betCent,10,0.6502786624203821,0,8,None,66,1,5,False,1000,1000
15630,160,betCent,10,0.6361464968152867,0,10,None,66,1,5,False,1000,1000
15631,161,betCent,10,0.6440087579617835,0,10,None,66,1,5,False,1000,1000
15632,162,betCent,10,0.6519705414012739,0,10,None,66,1,5,False,1000,1000
15633,163,betCent,10,0.6588375796178344,0,10,None,66,1,5,False,1000,1000
15634,164,betCent,10,0.6653065286624203,0,10,None,66,1,5,False,1000,1000
15635,160,betCent,10,0.5973328025477707,0,20,None,66,1,5,False,1000,1000
15636,161,betCent,10,0.5902667197452229,0,20,None,66,1,5,False,1000,1000
15637,162,betCent,10,0.5901671974522293,0,20,None,66,1,5,False,1000,1000
15638,163,betCent,10,0.6022093949044586,0,20,None,66,1,5,False,1000,1000
15639,164,betCent,10,0.6161425159235668,0,20,None,66,1,5,False,1000,1000
15640,160,betCent,10,0.6580414012738853,0,23,None,66,1,5,False,1000,1000
15641,161,betCent,10,0.6593351910828026,0,23,None,66,1,5,False,1000,1000
15642,162,betCent,10,0.660828025477707,0,23,None,66,1,5,False,1000,1000
15643,163,betCent,10,0.662718949044586,0,23,None,66,1,5,False,1000,1000
15644,164,betCent,10,0.6650079617834395,0,23,None,66,1,5,False,1000,1000
15645,160,betCent,10,0.6512738853503185,0,22,None,66,1,5,False,1000,1000
15646,161,betCent,10,0.654359076433121,0,22,None,66,1,5,False,1000,1000
15647,162,betCent,10,0.658140923566879,0,22,None,66,1,5,False,1000,1000
15648,163,betCent,10,0.6601313694267515,0,22,None,66,1,5,False,1000,1000
15649,164,betCent,10,0.6618232484076433,0,22,None,66,1,5,False,1000,1000
15650,160,betCent,10,0.6744625796178344,0,32,None,66,1,5,False,1000,1000
15651,161,betCent,10,0.6739649681528662,0,32,None,66,1,5,False,1000,1000
15652,162,betCent,10,0.673765923566879,0,32,None,66,1,5,False,1000,1000
15653,163,betCent,10,0.6739649681528662,0,32,None,66,1,5,False,1000,1000
15654,164,betCent,10,0.674562101910828,0,32,None,66,1,5,False,1000,1000
15655,165,betCent,10,0.7032245222929936,0,25,None,66,1,5,False,1000,1000
15656,166,betCent,10,0.7037221337579618,0,25,None,66,1,5,False,1000,1000
15657,167,betCent,10,0.7040207006369427,0,25,None,66,1,5,False,1000,1000
15658,168,betCent,10,0.7030254777070064,0,25,None,66,1,5,False,1000,1000
15659,169,betCent,10,0.7024283439490446,0,25,None,66,1,5,False,1000,1000
15660,160,betCent,10,0.6822253184713376,0,17,None,66,1,5,False,1000,1000
15661,161,betCent,10,0.6811305732484076,0,17,None,66,1,5,False,1000,1000
15662,162,betCent,10,0.6815286624203821,0,17,None,66,1,5,False,1000,1000
15663,163,betCent,10,0.6819267515923567,0,17,None,66,1,5,False,1000,1000
15664,164,betCent,10,0.682921974522293,0,17,None,66,1,5,False,1000,1000
15665,160,betCent,10,0.6403264331210191,0,21,None,66,1,5,False,1000,1000
15666,161,betCent,10,0.6369426751592356,0,21,None,66,1,5,False,1000,1000
15667,162,betCent,10,0.6344546178343949,0,21,None,66,1,5,False,1000,1000
15668,163,betCent,10,0.6332603503184714,0,21,None,66,1,5,False,1000,1000
15669,164,betCent,10,0.6325636942675159,0,21,None,66,1,5,False,1000,1000
15670,160,betCent,10,0.6582404458598726,0,24,None,66,1,5,False,1000,1000
15671,161,betCent,10,0.6601313694267515,0,24,None,66,1,5,False,1000,1000
15672,162,betCent,10,0.6616242038216561,0,24,None,66,1,5,False,1000,1000
15673,163,betCent,10,0.6640127388535032,0,24,None,66,1,5,False,1000,1000
15674,164,betCent,10,0.6664012738853503,0,24,None,66,1,5,False,1000,1000
15675,160,betCent,10,0.62390525477707,0,27,None,66,1,5,False,1000,1000
15676,161,betCent,10,0.6269904458598726,0,27,None,66,1,5,False,1000,1000
15677,162,betCent,10,0.6303742038216561,0,27,None,66,1,5,False,1000,1000
15678,163,betCent,10,0.6336584394904459,0,27,None,66,1,5,False,1000,1000
15679,164,betCent,10,0.6369426751592356,0,27,None,66,1,5,False,1000,1000
15680,165,betCent,10,0.6963574840764332,0,14,None,66,1,5,False,1000,1000
15681,166,betCent,10,0.6962579617834395,0,14,None,66,1,5,False,1000,1000
15682,167,betCent,10,0.696656050955414,0,14,None,66,1,5,False,1000,1000
15683,168,betCent,10,0.6975517515923567,0,14,None,66,1,5,False,1000,1000
15684,169,betCent,10,0.6986464968152867,0,14,None,66,1,5,False,1000,1000
15685,165,betCent,10,0.6579418789808917,0,22,None,66,1,5,False,1000,1000
15686,166,betCent,10,0.6614251592356688,0,22,None,66,1,5,False,1000,1000
15687,167,betCent,10,0.6639132165605095,0,22,None,66,1,5,False,1000,1000
15688,168,betCent,10,0.6661027070063694,0,22,None,66,1,5,False,1000,1000
15689,169,betCent,10,0.6676950636942676,0,22,None,66,1,5,False,1000,1000
15690,165,betCent,10,0.6785429936305732,0,32,None,66,1,5,False,1000,1000
15691,166,betCent,10,0.6781449044585988,0,32,None,66,1,5,False,1000,1000
15692,167,betCent,10,0.678343949044586,0,32,None,66,1,5,False,1000,1000
15693,168,betCent,10,0.6790406050955414,0,32,None,66,1,5,False,1000,1000
15694,169,betCent,10,0.6790406050955414,0,32,None,66,1,5,False,1000,1000
15695,165,betCent,10,0.6345541401273885,0,15,None,66,1,5,False,1000,1000
15696,166,betCent,10,0.636046974522293,0,15,None,66,1,5,False,1000,1000
15697,167,betCent,10,0.6380374203821656,0,15,None,66,1,5,False,1000,1000
15698,168,betCent,10,0.6391321656050956,0,15,None,66,1,5,False,1000,1000
15699,169,betCent,10,0.6405254777070064,0,15,None,66,1,5,False,1000,1000
15700,165,betCent,10,0.6401273885350318,0,10,None,66,1,5,False,1000,1000
15701,166,betCent,10,0.6484872611464968,0,10,None,66,1,5,False,1000,1000
15702,167,betCent,10,0.6569466560509554,0,10,None,66,1,5,False,1000,1000
15703,168,betCent,10,0.6629179936305732,0,10,None,66,1,5,False,1000,1000
15704,169,betCent,10,0.6693869426751592,0,10,None,66,1,5,False,1000,1000
15705,165,betCent,10,0.6138535031847133,0,20,None,66,1,5,False,1000,1000
15706,166,betCent,10,0.634952229299363,0,20,None,66,1,5,False,1000,1000
15707,167,betCent,10,0.6445063694267515,0,20,None,66,1,5,False,1000,1000
15708,168,betCent,10,0.6446058917197452,0,20,None,66,1,5,False,1000,1000
15709,169,betCent,10,0.6394307324840764,0,20,None,66,1,5,False,1000,1000
15710,165,betCent,10,0.4336186305732484,0,11,None,66,1,5,False,1000,1000
15711,166,betCent,10,0.4285429936305732,0,11,None,66,1,5,False,1000,1000
15712,167,betCent,10,0.4228702229299363,0,11,None,66,1,5,False,1000,1000
15713,168,betCent,10,0.4182921974522293,0,11,None,66,1,5,False,1000,1000
15714,169,betCent,10,0.4148089171974522,0,11,None,66,1,5,False,1000,1000
15715,165,betCent,10,0.6868033439490446,0,17,None,66,1,5,False,1000,1000
15716,166,betCent,10,0.6861066878980892,0,17,None,66,1,5,False,1000,1000
15717,167,betCent,10,0.685609076433121,0,17,None,66,1,5,False,1000,1000
15718,168,betCent,10,0.6860071656050956,0,17,None,66,1,5,False,1000,1000
15719,169,betCent,10,0.68640525477707,0,17,None,66,1,5,False,1000,1000
15720,165,betCent,10,0.6625199044585988,0,1,None,66,1,5,False,1000,1000
15721,166,betCent,10,0.6641122611464968,0,1,None,66,1,5,False,1000,1000
15722,167,betCent,10,0.6658041401273885,0,1,None,66,1,5,False,1000,1000
15723,168,betCent,10,0.6667993630573248,0,1,None,66,1,5,False,1000,1000
15724,169,betCent,10,0.6681926751592356,0,1,None,66,1,5,False,1000,1000
15725,165,betCent,10,0.6821257961783439,0,2,None,66,1,5,False,1000,1000
15726,166,betCent,10,0.682921974522293,0,2,None,66,1,5,False,1000,1000
15727,167,betCent,10,0.6639132165605095,0,2,None,66,1,5,False,1000,1000
15728,168,betCent,10,0.6563495222929936,0,2,None,66,1,5,False,1000,1000
15729,169,betCent,10,0.647093949044586,0,2,None,66,1,5,False,1000,1000
15730,165,betCent,10,0.6824243630573248,0,4,None,66,1,5,False,1000,1000
15731,166,betCent,10,0.6842157643312102,0,4,None,66,1,5,False,1000,1000
15732,167,betCent,10,0.6874004777070064,0,4,None,66,1,5,False,1000,1000
15733,168,betCent,10,0.6886942675159236,0,4,None,66,1,5,False,1000,1000
15734,169,betCent,10,0.6902866242038217,0,4,None,66,1,5,False,1000,1000
15735,165,betCent,10,0.6738654458598726,0,5,None,66,1,5,False,1000,1000
15736,166,betCent,10,0.676453025477707,0,5,None,66,1,5,False,1000,1000
15737,167,betCent,10,0.6804339171974523,0,5,None,66,1,5,False,1000,1000
15738,168,betCent,10,0.6833200636942676,0,5,None,66,1,5,False,1000,1000
15739,169,betCent,10,0.6854100318471338,0,5,None,66,1,5,False,1000,1000
15740,165,betCent,10,0.6459992038216561,0,9,None,66,1,5,False,1000,1000
15741,166,betCent,10,0.6539609872611465,0,9,None,66,1,5,False,1000,1000
15742,167,betCent,10,0.6614251592356688,0,9,None,66,1,5,False,1000,1000
15743,168,betCent,10,0.6717754777070064,0,9,None,66,1,5,False,1000,1000
15744,169,betCent,10,0.6806329617834395,0,9,None,66,1,5,False,1000,1000
15745,165,betCent,10,0.6089769108280255,0,3,None,66,1,5,False,1000,1000
15746,166,betCent,10,0.5969347133757962,0,3,None,66,1,5,False,1000,1000
15747,167,betCent,10,0.5900676751592356,0,3,None,66,1,5,False,1000,1000
15748,168,betCent,10,0.5807125796178344,0,3,None,66,1,5,False,1000,1000
15749,169,betCent,10,0.5734474522292994,0,3,None,66,1,5,False,1000,1000
15750,165,betCent,10,0.6789410828025477,0,13,None,66,1,5,False,1000,1000
15751,166,betCent,10,0.6803343949044586,0,13,None,66,1,5,False,1000,1000
15752,167,betCent,10,0.6813296178343949,0,13,None,66,1,5,False,1000,1000
15753,168,betCent,10,0.6825238853503185,0,13,None,66,1,5,False,1000,1000
15754,169,betCent,10,0.6831210191082803,0,13,None,66,1,5,False,1000,1000
15755,165,betCent,10,0.6585390127388535,0,23,None,66,1,5,False,1000,1000
15756,166,betCent,10,0.6610270700636943,0,23,None,66,1,5,False,1000,1000
15757,167,betCent,10,0.662718949044586,0,23,None,66,1,5,False,1000,1000
15758,168,betCent,10,0.6659036624203821,0,23,None,66,1,5,False,1000,1000
15759,169,betCent,10,0.667296974522293,0,23,None,66,1,5,False,1000,1000
15760,165,betCent,10,0.6095740445859873,0,28,None,66,1,5,False,1000,1000
15761,166,betCent,10,0.6106687898089171,0,28,None,66,1,5,False,1000,1000
15762,167,betCent,10,0.6132563694267515,0,28,None,66,1,5,False,1000,1000
15763,168,betCent,10,0.6143511146496815,0,28,None,66,1,5,False,1000,1000
15764,169,betCent,10,0.616640127388535,0,28,None,66,1,5,False,1000,1000
15765,165,betCent,10,0.6126592356687898,0,29,None,66,1,5,False,1000,1000
15766,166,betCent,10,0.6156449044585988,0,29,None,66,1,5,False,1000,1000
15767,167,betCent,10,0.6181329617834395,0,29,None,66,1,5,False,1000,1000
15768,168,betCent,10,0.6197253184713376,0,29,None,66,1,5,False,1000,1000
15769,169,betCent,10,0.6217157643312102,0,29,None,66,1,5,False,1000,1000
15770,165,betCent,10,0.6701831210191083,0,19,None,66,1,5,False,1000,1000
15771,166,betCent,10,0.6726711783439491,0,19,None,66,1,5,False,1000,1000
15772,167,betCent,10,0.6751592356687898,0,19,None,66,1,5,False,1000,1000
15773,168,betCent,10,0.6779458598726115,0,19,None,66,1,5,False,1000,1000
15774,169,betCent,10,0.6815286624203821,0,19,None,66,1,5,False,1000,1000
15775,165,betCent,10,0.6431130573248408,0,21,None,66,1,5,False,1000,1000
15776,166,betCent,10,0.638734076433121,0,21,None,66,1,5,False,1000,1000
15777,167,betCent,10,0.6365445859872612,0,21,None,66,1,5,False,1000,1000
15778,168,betCent,10,0.6356488853503185,0,21,None,66,1,5,False,1000,1000
15779,169,betCent,10,0.6356488853503185,0,21,None,66,1,5,False,1000,1000
15780,165,betCent,10,0.6611265923566879,0,24,None,66,1,5,False,1000,1000
15781,166,betCent,10,0.6628184713375797,0,24,None,66,1,5,False,1000,1000
15782,167,betCent,10,0.6652070063694268,0,24,None,66,1,5,False,1000,1000
15783,168,betCent,10,0.6671974522292994,0,24,None,66,1,5,False,1000,1000
15784,169,betCent,10,0.6682921974522293,0,24,None,66,1,5,False,1000,1000
15785,165,betCent,10,0.6668988853503185,0,0,None,66,1,5,False,1000,1000
15786,166,betCent,10,0.667296974522293,0,0,None,66,1,5,False,1000,1000
15787,167,betCent,10,0.669187898089172,0,0,None,66,1,5,False,1000,1000
15788,168,betCent,10,0.6697850318471338,0,0,None,66,1,5,False,1000,1000
15789,169,betCent,10,0.671875,0,0,None,66,1,5,False,1000,1000
15790,165,betCent,10,0.6820262738853503,0,30,None,66,1,5,False,1000,1000
15791,166,betCent,10,0.6808320063694268,0,30,None,66,1,5,False,1000,1000
15792,167,betCent,10,0.6815286624203821,0,30,None,66,1,5,False,1000,1000
15793,168,betCent,10,0.6808320063694268,0,30,None,66,1,5,False,1000,1000
15794,169,betCent,10,0.6800358280254777,0,30,None,66,1,5,False,1000,1000
15795,165,betCent,10,0.6250995222929936,0,27,None,66,1,5,False,1000,1000
15796,166,betCent,10,0.6286823248407644,0,27,None,66,1,5,False,1000,1000
15797,167,betCent,10,0.6327627388535032,0,27,None,66,1,5,False,1000,1000
15798,168,betCent,10,0.6364450636942676,0,27,None,66,1,5,False,1000,1000
15799,169,betCent,10,0.6386345541401274,0,27,None,66,1,5,False,1000,1000
15800,165,betCent,10,0.6041998407643312,0,18,None,66,1,5,False,1000,1000
15801,166,betCent,10,0.6035031847133758,0,18,None,66,1,5,False,1000,1000
15802,167,betCent,10,0.6048964968152867,0,18,None,66,1,5,False,1000,1000
15803,168,betCent,10,0.6065883757961783,0,18,None,66,1,5,False,1000,1000
15804,169,betCent,10,0.6081807324840764,0,18,None,66,1,5,False,1000,1000
15805,165,betCent,10,0.6899880573248408,0,31,None,66,1,5,False,1000,1000
15806,166,betCent,10,0.6909832802547771,0,31,None,66,1,5,False,1000,1000
15807,167,betCent,10,0.693172770700637,0,31,None,66,1,5,False,1000,1000
15808,168,betCent,10,0.6953622611464968,0,31,None,66,1,5,False,1000,1000
15809,169,betCent,10,0.696656050955414,0,31,None,66,1,5,False,1000,1000
15810,165,betCent,10,0.6571457006369427,0,6,None,66,1,5,False,1000,1000
15811,166,betCent,10,0.6584394904458599,0,6,None,66,1,5,False,1000,1000
15812,167,betCent,10,0.6586385350318471,0,6,None,66,1,5,False,1000,1000
15813,168,betCent,10,0.6593351910828026,0,6,None,66,1,5,False,1000,1000
15814,169,betCent,10,0.6605294585987261,0,6,None,66,1,5,False,1000,1000
15815,165,betCent,10,0.6454020700636943,0,26,None,66,1,5,False,1000,1000
15816,166,betCent,10,0.6456011146496815,0,26,None,66,1,5,False,1000,1000
15817,167,betCent,10,0.6447054140127388,0,26,None,66,1,5,False,1000,1000
15818,168,betCent,10,0.6458001592356688,0,26,None,66,1,5,False,1000,1000
15819,169,betCent,10,0.6458996815286624,0,26,None,66,1,5,False,1000,1000
15820,165,betCent,10,0.680234872611465,0,12,None,66,1,5,False,1000,1000
15821,166,betCent,10,0.683718152866242,0,12,None,66,1,5,False,1000,1000
15822,167,betCent,10,0.6870023885350318,0,12,None,66,1,5,False,1000,1000
15823,168,betCent,10,0.6902866242038217,0,12,None,66,1,5,False,1000,1000
15824,169,betCent,10,0.6930732484076433,0,12,None,66,1,5,False,1000,1000
15825,170,betCent,10,0.6628184713375797,0,24,None,66,1,5,False,1000,1000
15826,171,betCent,10,0.6648089171974523,0,24,None,66,1,5,False,1000,1000
15827,172,betCent,10,0.6671974522292994,0,24,None,66,1,5,False,1000,1000
15828,173,betCent,10,0.6685907643312102,0,24,None,66,1,5,False,1000,1000
15829,174,betCent,10,0.6692874203821656,0,24,None,66,1,5,False,1000,1000
15830,170,betCent,10,0.7075039808917197,0,25,None,66,1,5,False,1000,1000
15831,171,betCent,10,0.7076035031847133,0,25,None,66,1,5,False,1000,1000
15832,172,betCent,10,0.7079020700636943,0,25,None,66,1,5,False,1000,1000
15833,173,betCent,10,0.707703025477707,0,25,None,66,1,5,False,1000,1000
15834,174,betCent,10,0.7083001592356688,0,25,None,66,1,5,False,1000,1000
15835,165,betCent,10,0.6556528662420382,0,7,None,66,1,5,False,1000,1000
15836,166,betCent,10,0.6560509554140127,0,7,None,66,1,5,False,1000,1000
15837,167,betCent,10,0.6566480891719745,0,7,None,66,1,5,False,1000,1000
15838,168,betCent,10,0.6569466560509554,0,7,None,66,1,5,False,1000,1000
15839,169,betCent,10,0.6576433121019108,0,7,None,66,1,5,False,1000,1000
15840,165,betCent,10,0.6914808917197452,0,16,None,66,1,5,False,1000,1000
15841,166,betCent,10,0.6950636942675159,0,16,None,66,1,5,False,1000,1000
15842,167,betCent,10,0.6995421974522293,0,16,None,66,1,5,False,1000,1000
15843,168,betCent,10,0.7032245222929936,0,16,None,66,1,5,False,1000,1000
15844,169,betCent,10,0.7073049363057324,0,16,None,66,1,5,False,1000,1000
15845,165,betCent,10,0.6347531847133758,0,8,None,66,1,5,False,1000,1000
15846,166,betCent,10,0.6404259554140127,0,8,None,66,1,5,False,1000,1000
15847,167,betCent,10,0.6453025477707006,0,8,None,66,1,5,False,1000,1000
15848,168,betCent,10,0.6491839171974523,0,8,None,66,1,5,False,1000,1000
15849,169,betCent,10,0.6520700636942676,0,8,None,66,1,5,False,1000,1000
15850,170,betCent,10,0.4332205414012738,0,11,None,66,1,5,False,1000,1000
15851,171,betCent,10,0.429140127388535,0,11,None,66,1,5,False,1000,1000
15852,172,betCent,10,0.4230692675159235,0,11,None,66,1,5,False,1000,1000
15853,173,betCent,10,0.4182921974522293,0,11,None,66,1,5,False,1000,1000
15854,174,betCent,10,0.4150079617834395,0,11,None,66,1,5,False,1000,1000
15855,170,betCent,10,0.6370421974522293,0,15,None,66,1,5,False,1000,1000
15856,171,betCent,10,0.6388335987261147,0,15,None,66,1,5,False,1000,1000
15857,172,betCent,10,0.6408240445859873,0,15,None,66,1,5,False,1000,1000
15858,173,betCent,10,0.6414211783439491,0,15,None,66,1,5,False,1000,1000
15859,174,betCent,10,0.6424164012738853,0,15,None,66,1,5,False,1000,1000
15860,170,betCent,10,0.6860071656050956,0,17,None,66,1,5,False,1000,1000
15861,171,betCent,10,0.6859076433121019,0,17,None,66,1,5,False,1000,1000
15862,172,betCent,10,0.6857085987261147,0,17,None,66,1,5,False,1000,1000
15863,173,betCent,10,0.6857085987261147,0,17,None,66,1,5,False,1000,1000
15864,174,betCent,10,0.6867038216560509,0,17,None,66,1,5,False,1000,1000
15865,170,betCent,10,0.6836186305732485,0,30,None,66,1,5,False,1000,1000
15866,171,betCent,10,0.6834195859872612,0,30,None,66,1,5,False,1000,1000
15867,172,betCent,10,0.6833200636942676,0,30,None,66,1,5,False,1000,1000
15868,173,betCent,10,0.6827229299363057,0,30,None,66,1,5,False,1000,1000
15869,174,betCent,10,0.6820262738853503,0,30,None,66,1,5,False,1000,1000
15870,170,betCent,10,0.6612261146496815,0,7,None,66,1,5,False,1000,1000
15871,171,betCent,10,0.6618232484076433,0,7,None,66,1,5,False,1000,1000
15872,172,betCent,10,0.6629179936305732,0,7,None,66,1,5,False,1000,1000
15873,173,betCent,10,0.6629179936305732,0,7,None,66,1,5,False,1000,1000
15874,174,betCent,10,0.6638136942675159,0,7,None,66,1,5,False,1000,1000
15875,170,betCent,10,0.693968949044586,0,16,None,66,1,5,False,1000,1000
15876,171,betCent,10,0.6992436305732485,0,16,None,66,1,5,False,1000,1000
15877,172,betCent,10,0.7023288216560509,0,16,None,66,1,5,False,1000,1000
15878,173,betCent,10,0.7067078025477707,0,16,None,66,1,5,False,1000,1000
15879,174,betCent,10,0.7107882165605095,0,16,None,66,1,5,False,1000,1000
15880,170,betCent,10,0.6666003184713376,0,1,None,66,1,5,False,1000,1000
15881,171,betCent,10,0.6675955414012739,0,1,None,66,1,5,False,1000,1000
15882,172,betCent,10,0.6686902866242038,0,1,None,66,1,5,False,1000,1000
15883,173,betCent,10,0.6696855095541401,0,1,None,66,1,5,False,1000,1000
15884,174,betCent,10,0.6719745222929936,0,1,None,66,1,5,False,1000,1000
15885,170,betCent,10,0.6866042993630573,0,2,None,66,1,5,False,1000,1000
15886,171,betCent,10,0.6854100318471338,0,2,None,66,1,5,False,1000,1000
15887,172,betCent,10,0.6659036624203821,0,2,None,66,1,5,False,1000,1000
15888,173,betCent,10,0.6580414012738853,0,2,None,66,1,5,False,1000,1000
15889,174,betCent,10,0.6504777070063694,0,2,None,66,1,5,False,1000,1000
15890,170,betCent,10,0.676453025477707,0,5,None,66,1,5,False,1000,1000
15891,171,betCent,10,0.680234872611465,0,5,None,66,1,5,False,1000,1000
15892,172,betCent,10,0.6826234076433121,0,5,None,66,1,5,False,1000,1000
15893,173,betCent,10,0.6850119426751592,0,5,None,66,1,5,False,1000,1000
15894,174,betCent,10,0.6886942675159236,0,5,None,66,1,5,False,1000,1000
15895,170,betCent,10,0.6799363057324841,0,13,None,66,1,5,False,1000,1000
15896,171,betCent,10,0.682921974522293,0,13,None,66,1,5,False,1000,1000
15897,172,betCent,10,0.6842157643312102,0,13,None,66,1,5,False,1000,1000
15898,173,betCent,10,0.6860071656050956,0,13,None,66,1,5,False,1000,1000
15899,174,betCent,10,0.6865047770700637,0,13,None,66,1,5,False,1000,1000
15900,170,betCent,10,0.6279856687898089,0,27,None,66,1,5,False,1000,1000
15901,171,betCent,10,0.6303742038216561,0,27,None,66,1,5,False,1000,1000
15902,172,betCent,10,0.6343550955414012,0,27,None,66,1,5,False,1000,1000
15903,173,betCent,10,0.6378383757961783,0,27,None,66,1,5,False,1000,1000
15904,174,betCent,10,0.6409235668789809,0,27,None,66,1,5,False,1000,1000
15905,170,betCent,10,0.6125597133757962,0,28,None,66,1,5,False,1000,1000
15906,171,betCent,10,0.6145501592356688,0,28,None,66,1,5,False,1000,1000
15907,172,betCent,10,0.6161425159235668,0,28,None,66,1,5,False,1000,1000
15908,173,betCent,10,0.6189291401273885,0,28,None,66,1,5,False,1000,1000
15909,174,betCent,10,0.6209195859872612,0,28,None,66,1,5,False,1000,1000
15910,170,betCent,10,0.613953025477707,0,29,None,66,1,5,False,1000,1000
15911,171,betCent,10,0.6179339171974523,0,29,None,66,1,5,False,1000,1000
15912,172,betCent,10,0.6201234076433121,0,29,None,66,1,5,False,1000,1000
15913,173,betCent,10,0.6226114649681529,0,29,None,66,1,5,False,1000,1000
15914,174,betCent,10,0.6247014331210191,0,29,None,66,1,5,False,1000,1000
15915,170,betCent,10,0.6899880573248408,0,31,None,66,1,5,False,1000,1000
15916,171,betCent,10,0.691281847133758,0,31,None,66,1,5,False,1000,1000
15917,172,betCent,10,0.6941679936305732,0,31,None,66,1,5,False,1000,1000
15918,173,betCent,10,0.695859872611465,0,31,None,66,1,5,False,1000,1000
15919,174,betCent,10,0.6976512738853503,0,31,None,66,1,5,False,1000,1000
15920,170,betCent,10,0.6111664012738853,0,18,None,66,1,5,False,1000,1000
15921,171,betCent,10,0.611265923566879,0,18,None,66,1,5,False,1000,1000
15922,172,betCent,10,0.6125597133757962,0,18,None,66,1,5,False,1000,1000
15923,173,betCent,10,0.6136544585987261,0,18,None,66,1,5,False,1000,1000
15924,174,betCent,10,0.6157444267515924,0,18,None,66,1,5,False,1000,1000
15925,170,betCent,10,0.6727707006369427,0,19,None,66,1,5,False,1000,1000
15926,171,betCent,10,0.6761544585987261,0,19,None,66,1,5,False,1000,1000
15927,172,betCent,10,0.679140127388535,0,19,None,66,1,5,False,1000,1000
15928,173,betCent,10,0.6827229299363057,0,19,None,66,1,5,False,1000,1000
15929,174,betCent,10,0.6859076433121019,0,19,None,66,1,5,False,1000,1000
15930,170,betCent,10,0.64171974522293,0,21,None,66,1,5,False,1000,1000
15931,171,betCent,10,0.6410230891719745,0,21,None,66,1,5,False,1000,1000
15932,172,betCent,10,0.6396297770700637,0,21,None,66,1,5,False,1000,1000
15933,173,betCent,10,0.6382364649681529,0,21,None,66,1,5,False,1000,1000
15934,174,betCent,10,0.638734076433121,0,21,None,66,1,5,False,1000,1000
15935,170,betCent,10,0.699343152866242,0,14,None,66,1,5,False,1000,1000
15936,171,betCent,10,0.6986464968152867,0,14,None,66,1,5,False,1000,1000
15937,172,betCent,10,0.6990445859872612,0,14,None,66,1,5,False,1000,1000
15938,173,betCent,10,0.6994426751592356,0,14,None,66,1,5,False,1000,1000
15939,174,betCent,10,0.6998407643312102,0,14,None,66,1,5,False,1000,1000
15940,170,betCent,10,0.6496815286624203,0,9,None,66,1,5,False,1000,1000
15941,171,betCent,10,0.6565485668789809,0,9,None,66,1,5,False,1000,1000
15942,172,betCent,10,0.6653065286624203,0,9,None,66,1,5,False,1000,1000
15943,173,betCent,10,0.6748606687898089,0,9,None,66,1,5,False,1000,1000
15944,174,betCent,10,0.6824243630573248,0,9,None,66,1,5,False,1000,1000
15945,170,betCent,10,0.6493829617834395,0,26,None,66,1,5,False,1000,1000
15946,171,betCent,10,0.6491839171974523,0,26,None,66,1,5,False,1000,1000
15947,172,betCent,10,0.6482882165605095,0,26,None,66,1,5,False,1000,1000
15948,173,betCent,10,0.6479896496815286,0,26,None,66,1,5,False,1000,1000
15949,174,betCent,10,0.6491839171974523,0,26,None,66,1,5,False,1000,1000
15950,170,betCent,10,0.6883957006369427,0,12,None,66,1,5,False,1000,1000
15951,171,betCent,10,0.6913813694267515,0,12,None,66,1,5,False,1000,1000
15952,172,betCent,10,0.6930732484076433,0,12,None,66,1,5,False,1000,1000
15953,173,betCent,10,0.6960589171974523,0,12,None,66,1,5,False,1000,1000
15954,174,betCent,10,0.6979498407643312,0,12,None,66,1,5,False,1000,1000
15955,170,betCent,10,0.6153463375796179,0,3,None,66,1,5,False,1000,1000
15956,171,betCent,10,0.6053941082802548,0,3,None,66,1,5,False,1000,1000
15957,172,betCent,10,0.5973328025477707,0,3,None,66,1,5,False,1000,1000
15958,173,betCent,10,0.5916600318471338,0,3,None,66,1,5,False,1000,1000
15959,174,betCent,10,0.5834992038216561,0,3,None,66,1,5,False,1000,1000
15960,170,betCent,10,0.6735668789808917,0,0,None,66,1,5,False,1000,1000
15961,171,betCent,10,0.6754578025477707,0,0,None,66,1,5,False,1000,1000
15962,172,betCent,10,0.675656847133758,0,0,None,66,1,5,False,1000,1000
15963,173,betCent,10,0.6766520700636943,0,0,None,66,1,5,False,1000,1000
15964,174,betCent,10,0.6776472929936306,0,0,None,66,1,5,False,1000,1000
15965,170,betCent,10,0.6843152866242038,0,4,None,66,1,5,False,1000,1000
15966,171,betCent,10,0.6863057324840764,0,4,None,66,1,5,False,1000,1000
15967,172,betCent,10,0.6877985668789809,0,4,None,66,1,5,False,1000,1000
15968,173,betCent,10,0.6898885350318471,0,4,None,66,1,5,False,1000,1000
15969,174,betCent,10,0.6909832802547771,0,4,None,66,1,5,False,1000,1000
15970,170,betCent,10,0.6392316878980892,0,8,None,66,1,5,False,1000,1000
15971,171,betCent,10,0.6450039808917197,0,8,None,66,1,5,False,1000,1000
15972,172,betCent,10,0.6484872611464968,0,8,None,66,1,5,False,1000,1000
15973,173,betCent,10,0.6519705414012739,0,8,None,66,1,5,False,1000,1000
15974,174,betCent,10,0.6555533439490446,0,8,None,66,1,5,False,1000,1000
15975,170,betCent,10,0.6605294585987261,0,6,None,66,1,5,False,1000,1000
15976,171,betCent,10,0.6615246815286624,0,6,None,66,1,5,False,1000,1000
15977,172,betCent,10,0.662718949044586,0,6,None,66,1,5,False,1000,1000
15978,173,betCent,10,0.6638136942675159,0,6,None,66,1,5,False,1000,1000
15979,174,betCent,10,0.6642117834394905,0,6,None,66,1,5,False,1000,1000
15980,170,betCent,10,0.6407245222929936,0,10,None,66,1,5,False,1000,1000
15981,171,betCent,10,0.6493829617834395,0,10,None,66,1,5,False,1000,1000
15982,172,betCent,10,0.6575437898089171,0,10,None,66,1,5,False,1000,1000
15983,173,betCent,10,0.6641122611464968,0,10,None,66,1,5,False,1000,1000
15984,174,betCent,10,0.6704816878980892,0,10,None,66,1,5,False,1000,1000
15985,170,betCent,10,0.6005175159235668,0,20,None,66,1,5,False,1000,1000
15986,171,betCent,10,0.5954418789808917,0,20,None,66,1,5,False,1000,1000
15987,172,betCent,10,0.6004179936305732,0,20,None,66,1,5,False,1000,1000
15988,173,betCent,10,0.619327229299363,0,20,None,66,1,5,False,1000,1000
15989,174,betCent,10,0.6296775477707006,0,20,None,66,1,5,False,1000,1000
15990,170,betCent,10,0.6632165605095541,0,22,None,66,1,5,False,1000,1000
15991,171,betCent,10,0.6665007961783439,0,22,None,66,1,5,False,1000,1000
15992,172,betCent,10,0.6695859872611465,0,22,None,66,1,5,False,1000,1000
15993,173,betCent,10,0.6708797770700637,0,22,None,66,1,5,False,1000,1000
15994,174,betCent,10,0.673765923566879,0,22,None,66,1,5,False,1000,1000
15995,170,betCent,10,0.6611265923566879,0,23,None,66,1,5,False,1000,1000
15996,171,betCent,10,0.6640127388535032,0,23,None,66,1,5,False,1000,1000
15997,172,betCent,10,0.6660031847133758,0,23,None,66,1,5,False,1000,1000
15998,173,betCent,10,0.6682921974522293,0,23,None,66,1,5,False,1000,1000
15999,174,betCent,10,0.6702826433121019,0,23,None,66,1,5,False,1000,1000
16000,170,betCent,10,0.6827229299363057,0,32,None,66,1,5,False,1000,1000
16001,171,betCent,10,0.6832205414012739,0,32,None,66,1,5,False,1000,1000
16002,172,betCent,10,0.6838176751592356,0,32,None,66,1,5,False,1000,1000
16003,173,betCent,10,0.6832205414012739,0,32,None,66,1,5,False,1000,1000
16004,174,betCent,10,0.6828224522292994,0,32,None,66,1,5,False,1000,1000
16005,175,betCent,10,0.6924761146496815,0,2,None,66,1,5,False,1000,1000
16006,176,betCent,10,0.6878980891719745,0,2,None,66,1,5,False,1000,1000
16007,177,betCent,10,0.6692874203821656,0,2,None,66,1,5,False,1000,1000
16008,178,betCent,10,0.6621218152866242,0,2,None,66,1,5,False,1000,1000
16009,179,betCent,10,0.6534633757961783,0,2,None,66,1,5,False,1000,1000
16010,175,betCent,10,0.6137539808917197,0,28,None,66,1,5,False,1000,1000
16011,176,betCent,10,0.6157444267515924,0,28,None,66,1,5,False,1000,1000
16012,177,betCent,10,0.6172372611464968,0,28,None,66,1,5,False,1000,1000
16013,178,betCent,10,0.6202229299363057,0,28,None,66,1,5,False,1000,1000
16014,179,betCent,10,0.6228105095541401,0,28,None,66,1,5,False,1000,1000
16015,175,betCent,10,0.6410230891719745,0,20,None,66,1,5,False,1000,1000
16016,176,betCent,10,0.6569466560509554,0,20,None,66,1,5,False,1000,1000
16017,177,betCent,10,0.6586385350318471,0,20,None,66,1,5,False,1000,1000
16018,178,betCent,10,0.6553542993630573,0,20,None,66,1,5,False,1000,1000
16019,179,betCent,10,0.6510748407643312,0,20,None,66,1,5,False,1000,1000
16020,175,betCent,10,0.6660031847133758,0,23,None,66,1,5,False,1000,1000
16021,176,betCent,10,0.6678941082802548,0,23,None,66,1,5,False,1000,1000
16022,177,betCent,10,0.6702826433121019,0,23,None,66,1,5,False,1000,1000
16023,178,betCent,10,0.671875,0,23,None,66,1,5,False,1000,1000
16024,179,betCent,10,0.6734673566878981,0,23,None,66,1,5,False,1000,1000
16025,175,betCent,10,0.6660031847133758,0,24,None,66,1,5,False,1000,1000
16026,176,betCent,10,0.6674960191082803,0,24,None,66,1,5,False,1000,1000
16027,177,betCent,10,0.6688893312101911,0,24,None,66,1,5,False,1000,1000
16028,178,betCent,10,0.6694864649681529,0,24,None,66,1,5,False,1000,1000
16029,179,betCent,10,0.67078025477707,0,24,None,66,1,5,False,1000,1000
16030,175,betCent,10,0.6928742038216561,0,31,None,66,1,5,False,1000,1000
16031,176,betCent,10,0.6942675159235668,0,31,None,66,1,5,False,1000,1000
16032,177,betCent,10,0.6969546178343949,0,31,None,66,1,5,False,1000,1000
16033,178,betCent,10,0.6983479299363057,0,31,None,66,1,5,False,1000,1000
16034,179,betCent,10,0.7006369426751592,0,31,None,66,1,5,False,1000,1000
16035,175,betCent,10,0.681031050955414,0,5,None,66,1,5,False,1000,1000
16036,176,betCent,10,0.6846138535031847,0,5,None,66,1,5,False,1000,1000
16037,177,betCent,10,0.6876990445859873,0,5,None,66,1,5,False,1000,1000
16038,178,betCent,10,0.6907842356687898,0,5,None,66,1,5,False,1000,1000
16039,179,betCent,10,0.6934713375796179,0,5,None,66,1,5,False,1000,1000
16040,175,betCent,10,0.6910828025477707,0,4,None,66,1,5,False,1000,1000
16041,176,betCent,10,0.6923765923566879,0,4,None,66,1,5,False,1000,1000
16042,177,betCent,10,0.6940684713375797,0,4,None,66,1,5,False,1000,1000
16043,178,betCent,10,0.6960589171974523,0,4,None,66,1,5,False,1000,1000
16044,179,betCent,10,0.6978503184713376,0,4,None,66,1,5,False,1000,1000
16045,175,betCent,10,0.6414211783439491,0,8,None,66,1,5,False,1000,1000
16046,176,betCent,10,0.645203025477707,0,8,None,66,1,5,False,1000,1000
16047,177,betCent,10,0.6499800955414012,0,8,None,66,1,5,False,1000,1000
16048,178,betCent,10,0.6537619426751592,0,8,None,66,1,5,False,1000,1000
16049,179,betCent,10,0.6574442675159236,0,8,None,66,1,5,False,1000,1000
16050,175,betCent,10,0.6122611464968153,0,18,None,66,1,5,False,1000,1000
16051,176,betCent,10,0.6118630573248408,0,18,None,66,1,5,False,1000,1000
16052,177,betCent,10,0.6137539808917197,0,18,None,66,1,5,False,1000,1000
16053,178,betCent,10,0.6156449044585988,0,18,None,66,1,5,False,1000,1000
16054,179,betCent,10,0.6172372611464968,0,18,None,66,1,5,False,1000,1000
16055,175,betCent,10,0.6449044585987261,0,21,None,66,1,5,False,1000,1000
16056,176,betCent,10,0.6434116242038217,0,21,None,66,1,5,False,1000,1000
16057,177,betCent,10,0.6422173566878981,0,21,None,66,1,5,False,1000,1000
16058,178,betCent,10,0.6415207006369427,0,21,None,66,1,5,False,1000,1000
16059,179,betCent,10,0.6414211783439491,0,21,None,66,1,5,False,1000,1000
16060,175,betCent,10,0.6794386942675159,0,19,None,66,1,5,False,1000,1000
16061,176,betCent,10,0.6835191082802548,0,19,None,66,1,5,False,1000,1000
16062,177,betCent,10,0.68640525477707,0,19,None,66,1,5,False,1000,1000
16063,178,betCent,10,0.6887937898089171,0,19,None,66,1,5,False,1000,1000
16064,179,betCent,10,0.6909832802547771,0,19,None,66,1,5,False,1000,1000
16065,175,betCent,10,0.6841162420382165,0,13,None,66,1,5,False,1000,1000
16066,176,betCent,10,0.6878980891719745,0,13,None,66,1,5,False,1000,1000
16067,177,betCent,10,0.689390923566879,0,13,None,66,1,5,False,1000,1000
16068,178,betCent,10,0.6897890127388535,0,13,None,66,1,5,False,1000,1000
16069,179,betCent,10,0.6915804140127388,0,13,None,66,1,5,False,1000,1000
16070,175,betCent,10,0.7119824840764332,0,25,None,66,1,5,False,1000,1000
16071,176,betCent,10,0.7125796178343949,0,25,None,66,1,5,False,1000,1000
16072,177,betCent,10,0.7119824840764332,0,25,None,66,1,5,False,1000,1000
16073,178,betCent,10,0.7123805732484076,0,25,None,66,1,5,False,1000,1000
16074,179,betCent,10,0.712281050955414,0,25,None,66,1,5,False,1000,1000
16075,175,betCent,10,0.6682921974522293,0,22,None,66,1,5,False,1000,1000
16076,176,betCent,10,0.6709792993630573,0,22,None,66,1,5,False,1000,1000
16077,177,betCent,10,0.6722730891719745,0,22,None,66,1,5,False,1000,1000
16078,178,betCent,10,0.6743630573248408,0,22,None,66,1,5,False,1000,1000
16079,179,betCent,10,0.6771496815286624,0,22,None,66,1,5,False,1000,1000
16080,175,betCent,10,0.7030254777070064,0,14,None,66,1,5,False,1000,1000
16081,176,betCent,10,0.7015326433121019,0,14,None,66,1,5,False,1000,1000
16082,177,betCent,10,0.7023288216560509,0,14,None,66,1,5,False,1000,1000
16083,178,betCent,10,0.703125,0,14,None,66,1,5,False,1000,1000
16084,179,betCent,10,0.7035230891719745,0,14,None,66,1,5,False,1000,1000
16085,175,betCent,10,0.6554538216560509,0,26,None,66,1,5,False,1000,1000
16086,176,betCent,10,0.6547571656050956,0,26,None,66,1,5,False,1000,1000
16087,177,betCent,10,0.6544585987261147,0,26,None,66,1,5,False,1000,1000
16088,178,betCent,10,0.6544585987261147,0,26,None,66,1,5,False,1000,1000
16089,179,betCent,10,0.6550557324840764,0,26,None,66,1,5,False,1000,1000
16090,175,betCent,10,0.689390923566879,0,12,None,66,1,5,False,1000,1000
16091,176,betCent,10,0.6921775477707006,0,12,None,66,1,5,False,1000,1000
16092,177,betCent,10,0.6937699044585988,0,12,None,66,1,5,False,1000,1000
16093,178,betCent,10,0.6967555732484076,0,12,None,66,1,5,False,1000,1000
16094,179,betCent,10,0.6992436305732485,0,12,None,66,1,5,False,1000,1000
16095,175,betCent,10,0.6285828025477707,0,27,None,66,1,5,False,1000,1000
16096,176,betCent,10,0.6330613057324841,0,27,None,66,1,5,False,1000,1000
16097,177,betCent,10,0.6365445859872612,0,27,None,66,1,5,False,1000,1000
16098,178,betCent,10,0.63953025477707,0,27,None,66,1,5,False,1000,1000
16099,179,betCent,10,0.64171974522293,0,27,None,66,1,5,False,1000,1000
16100,175,betCent,10,0.6861066878980892,0,30,None,66,1,5,False,1000,1000
16101,176,betCent,10,0.6861066878980892,0,30,None,66,1,5,False,1000,1000
16102,177,betCent,10,0.6860071656050956,0,30,None,66,1,5,False,1000,1000
16103,178,betCent,10,0.6851114649681529,0,30,None,66,1,5,False,1000,1000
16104,179,betCent,10,0.6852109872611465,0,30,None,66,1,5,False,1000,1000
16105,175,betCent,10,0.4483479299363057,0,11,None,66,1,5,False,1000,1000
16106,176,betCent,10,0.4437699044585987,0,11,None,66,1,5,False,1000,1000
16107,177,betCent,10,0.4394904458598726,0,11,None,66,1,5,False,1000,1000
16108,178,betCent,10,0.4333200636942675,0,11,None,66,1,5,False,1000,1000
16109,179,betCent,10,0.4290406050955414,0,11,None,66,1,5,False,1000,1000
16110,175,betCent,10,0.690187101910828,0,17,None,66,1,5,False,1000,1000
16111,176,betCent,10,0.6896894904458599,0,17,None,66,1,5,False,1000,1000
16112,177,betCent,10,0.6900875796178344,0,17,None,66,1,5,False,1000,1000
16113,178,betCent,10,0.6905851910828026,0,17,None,66,1,5,False,1000,1000
16114,179,betCent,10,0.6903861464968153,0,17,None,66,1,5,False,1000,1000
16115,175,betCent,10,0.6399283439490446,0,15,None,66,1,5,False,1000,1000
16116,176,betCent,10,0.6423168789808917,0,15,None,66,1,5,False,1000,1000
16117,177,betCent,10,0.6442078025477707,0,15,None,66,1,5,False,1000,1000
16118,178,betCent,10,0.6457006369426752,0,15,None,66,1,5,False,1000,1000
16119,179,betCent,10,0.6463972929936306,0,15,None,66,1,5,False,1000,1000
16120,175,betCent,10,0.6466958598726115,0,10,None,66,1,5,False,1000,1000
16121,176,betCent,10,0.6552547770700637,0,10,None,66,1,5,False,1000,1000
16122,177,betCent,10,0.6634156050955414,0,10,None,66,1,5,False,1000,1000
16123,178,betCent,10,0.6701831210191083,0,10,None,66,1,5,False,1000,1000
16124,179,betCent,10,0.6747611464968153,0,10,None,66,1,5,False,1000,1000
16125,175,betCent,10,0.6719745222929936,0,1,None,66,1,5,False,1000,1000
16126,176,betCent,10,0.6731687898089171,0,1,None,66,1,5,False,1000,1000
16127,177,betCent,10,0.674562101910828,0,1,None,66,1,5,False,1000,1000
16128,178,betCent,10,0.6751592356687898,0,1,None,66,1,5,False,1000,1000
16129,179,betCent,10,0.6768511146496815,0,1,None,66,1,5,False,1000,1000
16130,175,betCent,10,0.6532643312101911,0,9,None,66,1,5,False,1000,1000
16131,176,betCent,10,0.6611265923566879,0,9,None,66,1,5,False,1000,1000
16132,177,betCent,10,0.6713773885350318,0,9,None,66,1,5,False,1000,1000
16133,178,betCent,10,0.6803343949044586,0,9,None,66,1,5,False,1000,1000
16134,179,betCent,10,0.6866042993630573,0,9,None,66,1,5,False,1000,1000
16135,175,betCent,10,0.6757563694267515,0,0,None,66,1,5,False,1000,1000
16136,176,betCent,10,0.6760549363057324,0,0,None,66,1,5,False,1000,1000
16137,177,betCent,10,0.6779458598726115,0,0,None,66,1,5,False,1000,1000
16138,178,betCent,10,0.6782444267515924,0,0,None,66,1,5,False,1000,1000
16139,179,betCent,10,0.6788415605095541,0,0,None,66,1,5,False,1000,1000
16140,175,betCent,10,0.6205214968152867,0,29,None,66,1,5,False,1000,1000
16141,176,betCent,10,0.6255971337579618,0,29,None,66,1,5,False,1000,1000
16142,177,betCent,10,0.6273885350318471,0,29,None,66,1,5,False,1000,1000
16143,178,betCent,10,0.630672770700637,0,29,None,66,1,5,False,1000,1000
16144,179,betCent,10,0.6328622611464968,0,29,None,66,1,5,False,1000,1000
16145,175,betCent,10,0.6164410828025477,0,3,None,66,1,5,False,1000,1000
16146,176,betCent,10,0.607484076433121,0,3,None,66,1,5,False,1000,1000
16147,177,betCent,10,0.5996218152866242,0,3,None,66,1,5,False,1000,1000
16148,178,betCent,10,0.5949442675159236,0,3,None,66,1,5,False,1000,1000
16149,179,betCent,10,0.5881767515923567,0,3,None,66,1,5,False,1000,1000
16150,175,betCent,10,0.6630175159235668,0,6,None,66,1,5,False,1000,1000
16151,176,betCent,10,0.6645103503184714,0,6,None,66,1,5,False,1000,1000
16152,177,betCent,10,0.6649084394904459,0,6,None,66,1,5,False,1000,1000
16153,178,betCent,10,0.6658041401273885,0,6,None,66,1,5,False,1000,1000
16154,179,betCent,10,0.666202229299363,0,6,None,66,1,5,False,1000,1000
16155,175,betCent,10,0.6621218152866242,0,7,None,66,1,5,False,1000,1000
16156,176,betCent,10,0.6623208598726115,0,7,None,66,1,5,False,1000,1000
16157,177,betCent,10,0.6633160828025477,0,7,None,66,1,5,False,1000,1000
16158,178,betCent,10,0.6632165605095541,0,7,None,66,1,5,False,1000,1000
16159,179,betCent,10,0.6643113057324841,0,7,None,66,1,5,False,1000,1000
16160,175,betCent,10,0.6973527070063694,0,16,None,66,1,5,False,1000,1000
16161,176,betCent,10,0.7015326433121019,0,16,None,66,1,5,False,1000,1000
16162,177,betCent,10,0.7053144904458599,0,16,None,66,1,5,False,1000,1000
16163,178,betCent,10,0.7097929936305732,0,16,None,66,1,5,False,1000,1000
16164,179,betCent,10,0.7129777070063694,0,16,None,66,1,5,False,1000,1000
16165,175,betCent,10,0.6874004777070064,0,32,None,66,1,5,False,1000,1000
16166,176,betCent,10,0.6861066878980892,0,32,None,66,1,5,False,1000,1000
16167,177,betCent,10,0.6855095541401274,0,32,None,66,1,5,False,1000,1000
16168,178,betCent,10,0.6852109872611465,0,32,None,66,1,5,False,1000,1000
16169,179,betCent,10,0.6860071656050956,0,32,None,66,1,5,False,1000,1000
17985,180,betCent,10,0.6941679936305732,0,2,None,66,1,5,False,1000,1000
17986,181,betCent,10,0.6887937898089171,0,2,None,66,1,5,False,1000,1000
17987,182,betCent,10,0.6714769108280255,0,2,None,66,1,5,False,1000,1000
17988,183,betCent,10,0.6638136942675159,0,2,None,66,1,5,False,1000,1000
17989,184,betCent,10,0.6557523885350318,0,2,None,66,1,5,False,1000,1000
17990,180,betCent,10,0.6836186305732485,0,5,None,66,1,5,False,1000,1000
17991,181,betCent,10,0.6871019108280255,0,5,None,66,1,5,False,1000,1000
17992,182,betCent,10,0.6903861464968153,0,5,None,66,1,5,False,1000,1000
17993,183,betCent,10,0.6929737261146497,0,5,None,66,1,5,False,1000,1000
17994,184,betCent,10,0.6960589171974523,0,5,None,66,1,5,False,1000,1000
17995,180,betCent,10,0.6868033439490446,0,13,None,66,1,5,False,1000,1000
17996,181,betCent,10,0.6907842356687898,0,13,None,66,1,5,False,1000,1000
17997,182,betCent,10,0.6916799363057324,0,13,None,66,1,5,False,1000,1000
17998,183,betCent,10,0.6925756369426752,0,13,None,66,1,5,False,1000,1000
17999,184,betCent,10,0.6940684713375797,0,13,None,66,1,5,False,1000,1000
18000,180,betCent,10,0.693968949044586,0,16,None,66,1,5,False,1000,1000
18001,181,betCent,10,0.6984474522292994,0,16,None,66,1,5,False,1000,1000
18002,182,betCent,10,0.7027269108280255,0,16,None,66,1,5,False,1000,1000
18003,183,betCent,10,0.7076035031847133,0,16,None,66,1,5,False,1000,1000
18004,184,betCent,10,0.7107882165605095,0,16,None,66,1,5,False,1000,1000
18005,180,betCent,10,0.6070859872611465,0,20,None,66,1,5,False,1000,1000
18006,181,betCent,10,0.6040007961783439,0,20,None,66,1,5,False,1000,1000
18007,182,betCent,10,0.6175358280254777,0,20,None,66,1,5,False,1000,1000
18008,183,betCent,10,0.6357484076433121,0,20,None,66,1,5,False,1000,1000
18009,184,betCent,10,0.6442078025477707,0,20,None,66,1,5,False,1000,1000
18010,180,betCent,10,0.6429140127388535,0,8,None,66,1,5,False,1000,1000
18011,181,betCent,10,0.6490843949044586,0,8,None,66,1,5,False,1000,1000
18012,182,betCent,10,0.6537619426751592,0,8,None,66,1,5,False,1000,1000
18013,183,betCent,10,0.6577428343949044,0,8,None,66,1,5,False,1000,1000
18014,184,betCent,10,0.6609275477707006,0,8,None,66,1,5,False,1000,1000
18015,180,betCent,10,0.6772492038216561,0,19,None,66,1,5,False,1000,1000
18016,181,betCent,10,0.6803343949044586,0,19,None,66,1,5,False,1000,1000
18017,182,betCent,10,0.6839171974522293,0,19,None,66,1,5,False,1000,1000
18018,183,betCent,10,0.6861066878980892,0,19,None,66,1,5,False,1000,1000
18019,184,betCent,10,0.6883957006369427,0,19,None,66,1,5,False,1000,1000
18020,180,betCent,10,0.6706807324840764,0,22,None,66,1,5,False,1000,1000
18021,181,betCent,10,0.6724721337579618,0,22,None,66,1,5,False,1000,1000
18022,182,betCent,10,0.6754578025477707,0,22,None,66,1,5,False,1000,1000
18023,183,betCent,10,0.6779458598726115,0,22,None,66,1,5,False,1000,1000
18024,184,betCent,10,0.6807324840764332,0,22,None,66,1,5,False,1000,1000
18025,180,betCent,10,0.7057125796178344,0,14,None,66,1,5,False,1000,1000
18026,181,betCent,10,0.7044187898089171,0,14,None,66,1,5,False,1000,1000
18027,182,betCent,10,0.7056130573248408,0,14,None,66,1,5,False,1000,1000
18028,183,betCent,10,0.7063097133757962,0,14,None,66,1,5,False,1000,1000
18029,184,betCent,10,0.7070063694267515,0,14,None,66,1,5,False,1000,1000
18030,180,betCent,10,0.6694864649681529,0,23,None,66,1,5,False,1000,1000
18031,181,betCent,10,0.6716759554140127,0,23,None,66,1,5,False,1000,1000
18032,182,betCent,10,0.6732683121019108,0,23,None,66,1,5,False,1000,1000
18033,183,betCent,10,0.6750597133757962,0,23,None,66,1,5,False,1000,1000
18034,184,betCent,10,0.6770501592356688,0,23,None,66,1,5,False,1000,1000
18035,180,betCent,10,0.7148686305732485,0,25,None,66,1,5,False,1000,1000
18036,181,betCent,10,0.7144705414012739,0,25,None,66,1,5,False,1000,1000
18037,182,betCent,10,0.7142714968152867,0,25,None,66,1,5,False,1000,1000
18038,183,betCent,10,0.7142714968152867,0,25,None,66,1,5,False,1000,1000
18039,184,betCent,10,0.7147691082802548,0,25,None,66,1,5,False,1000,1000
18040,180,betCent,10,0.6465963375796179,0,21,None,66,1,5,False,1000,1000
18041,181,betCent,10,0.6449044585987261,0,21,None,66,1,5,False,1000,1000
18042,182,betCent,10,0.6436106687898089,0,21,None,66,1,5,False,1000,1000
18043,183,betCent,10,0.6436106687898089,0,21,None,66,1,5,False,1000,1000
18044,184,betCent,10,0.6432125796178344,0,21,None,66,1,5,False,1000,1000
18045,180,betCent,10,0.6590366242038217,0,26,None,66,1,5,False,1000,1000
18046,181,betCent,10,0.6566480891719745,0,26,None,66,1,5,False,1000,1000
18047,182,betCent,10,0.6565485668789809,0,26,None,66,1,5,False,1000,1000
18048,183,betCent,10,0.6567476114649682,0,26,None,66,1,5,False,1000,1000
18049,184,betCent,10,0.6563495222929936,0,26,None,66,1,5,False,1000,1000
18050,180,betCent,10,0.6923765923566879,0,12,None,66,1,5,False,1000,1000
18051,181,betCent,10,0.6935708598726115,0,12,None,66,1,5,False,1000,1000
18052,182,betCent,10,0.6967555732484076,0,12,None,66,1,5,False,1000,1000
18053,183,betCent,10,0.6988455414012739,0,12,None,66,1,5,False,1000,1000
18054,184,betCent,10,0.7015326433121019,0,12,None,66,1,5,False,1000,1000
18055,180,betCent,10,0.6155453821656051,0,28,None,66,1,5,False,1000,1000
18056,181,betCent,10,0.6170382165605095,0,28,None,66,1,5,False,1000,1000
18057,182,betCent,10,0.6194267515923567,0,28,None,66,1,5,False,1000,1000
18058,183,betCent,10,0.6227109872611465,0,28,None,66,1,5,False,1000,1000
18059,184,betCent,10,0.6246019108280255,0,28,None,66,1,5,False,1000,1000
18060,180,betCent,10,0.6655055732484076,0,6,None,66,1,5,False,1000,1000
18061,181,betCent,10,0.6663017515923567,0,6,None,66,1,5,False,1000,1000
18062,182,betCent,10,0.6669984076433121,0,6,None,66,1,5,False,1000,1000
18063,183,betCent,10,0.667296974522293,0,6,None,66,1,5,False,1000,1000
18064,184,betCent,10,0.6673964968152867,0,6,None,66,1,5,False,1000,1000
18065,180,betCent,10,0.6167396496815286,0,18,None,66,1,5,False,1000,1000
18066,181,betCent,10,0.6168391719745223,0,18,None,66,1,5,False,1000,1000
18067,182,betCent,10,0.618531050955414,0,18,None,66,1,5,False,1000,1000
18068,183,betCent,10,0.620421974522293,0,18,None,66,1,5,False,1000,1000
18069,184,betCent,10,0.621218152866242,0,18,None,66,1,5,False,1000,1000
18070,180,betCent,10,0.68859474522293,0,32,None,66,1,5,False,1000,1000
18071,181,betCent,10,0.6883957006369427,0,32,None,66,1,5,False,1000,1000
18072,182,betCent,10,0.6882961783439491,0,32,None,66,1,5,False,1000,1000
18073,183,betCent,10,0.6882961783439491,0,32,None,66,1,5,False,1000,1000
18074,184,betCent,10,0.6884952229299363,0,32,None,66,1,5,False,1000,1000
18075,180,betCent,10,0.6659036624203821,0,7,None,66,1,5,False,1000,1000
18076,181,betCent,10,0.6663017515923567,0,7,None,66,1,5,False,1000,1000
18077,182,betCent,10,0.6669984076433121,0,7,None,66,1,5,False,1000,1000
18078,183,betCent,10,0.6671974522292994,0,7,None,66,1,5,False,1000,1000
18079,184,betCent,10,0.6684912420382165,0,7,None,66,1,5,False,1000,1000
18080,180,betCent,10,0.6746616242038217,0,1,None,66,1,5,False,1000,1000
18081,181,betCent,10,0.6765525477707006,0,1,None,66,1,5,False,1000,1000
18082,182,betCent,10,0.677547770700637,0,1,None,66,1,5,False,1000,1000
18083,183,betCent,10,0.6788415605095541,0,1,None,66,1,5,False,1000,1000
18084,184,betCent,10,0.6804339171974523,0,1,None,66,1,5,False,1000,1000
18085,180,betCent,10,0.6430135350318471,0,15,None,66,1,5,False,1000,1000
18086,181,betCent,10,0.6451035031847133,0,15,None,66,1,5,False,1000,1000
18087,182,betCent,10,0.6459992038216561,0,15,None,66,1,5,False,1000,1000
18088,183,betCent,10,0.6480891719745223,0,15,None,66,1,5,False,1000,1000
18089,184,betCent,10,0.6494824840764332,0,15,None,66,1,5,False,1000,1000
18090,180,betCent,10,0.6923765923566879,0,4,None,66,1,5,False,1000,1000
18091,181,betCent,10,0.6934713375796179,0,4,None,66,1,5,False,1000,1000
18092,182,betCent,10,0.6953622611464968,0,4,None,66,1,5,False,1000,1000
18093,183,betCent,10,0.6978503184713376,0,4,None,66,1,5,False,1000,1000
18094,184,betCent,10,0.6987460191082803,0,4,None,66,1,5,False,1000,1000
18095,180,betCent,10,0.647093949044586,0,10,None,66,1,5,False,1000,1000
18096,181,betCent,10,0.6555533439490446,0,10,None,66,1,5,False,1000,1000
18097,182,betCent,10,0.6644108280254777,0,10,None,66,1,5,False,1000,1000
18098,183,betCent,10,0.6702826433121019,0,10,None,66,1,5,False,1000,1000
18099,184,betCent,10,0.6750597133757962,0,10,None,66,1,5,False,1000,1000
18100,180,betCent,10,0.6084792993630573,0,3,None,66,1,5,False,1000,1000
18101,181,betCent,10,0.599422770700637,0,3,None,66,1,5,False,1000,1000
18102,182,betCent,10,0.5946457006369427,0,3,None,66,1,5,False,1000,1000
18103,183,betCent,10,0.5889729299363057,0,3,None,66,1,5,False,1000,1000
18104,184,betCent,10,0.581906847133758,0,3,None,66,1,5,False,1000,1000
18105,180,betCent,10,0.4470541401273885,0,11,None,66,1,5,False,1000,1000
18106,181,betCent,10,0.4416799363057325,0,11,None,66,1,5,False,1000,1000
18107,182,betCent,10,0.4387937898089172,0,11,None,66,1,5,False,1000,1000
18108,183,betCent,10,0.4336186305732484,0,11,None,66,1,5,False,1000,1000
18109,184,betCent,10,0.4297372611464968,0,11,None,66,1,5,False,1000,1000
18110,180,betCent,10,0.6917794585987261,0,17,None,66,1,5,False,1000,1000
18111,181,betCent,10,0.691281847133758,0,17,None,66,1,5,False,1000,1000
18112,182,betCent,10,0.691281847133758,0,17,None,66,1,5,False,1000,1000
18113,183,betCent,10,0.6918789808917197,0,17,None,66,1,5,False,1000,1000
18114,184,betCent,10,0.692078025477707,0,17,None,66,1,5,False,1000,1000
18115,180,betCent,10,0.6198248407643312,0,29,None,66,1,5,False,1000,1000
18116,181,betCent,10,0.6250995222929936,0,29,None,66,1,5,False,1000,1000
18117,182,betCent,10,0.6275875796178344,0,29,None,66,1,5,False,1000,1000
18118,183,betCent,10,0.629578025477707,0,29,None,66,1,5,False,1000,1000
18119,184,betCent,10,0.632265127388535,0,29,None,66,1,5,False,1000,1000
18120,180,betCent,10,0.6557523885350318,0,9,None,66,1,5,False,1000,1000
18121,181,betCent,10,0.6632165605095541,0,9,None,66,1,5,False,1000,1000
18122,182,betCent,10,0.6733678343949044,0,9,None,66,1,5,False,1000,1000
18123,183,betCent,10,0.6820262738853503,0,9,None,66,1,5,False,1000,1000
18124,184,betCent,10,0.6890923566878981,0,9,None,66,1,5,False,1000,1000
18125,180,betCent,10,0.6686902866242038,0,24,None,66,1,5,False,1000,1000
18126,181,betCent,10,0.6696855095541401,0,24,None,66,1,5,False,1000,1000
18127,182,betCent,10,0.6708797770700637,0,24,None,66,1,5,False,1000,1000
18128,183,betCent,10,0.6717754777070064,0,24,None,66,1,5,False,1000,1000
18129,184,betCent,10,0.6727707006369427,0,24,None,66,1,5,False,1000,1000
18130,180,betCent,10,0.6291799363057324,0,27,None,66,1,5,False,1000,1000
18131,181,betCent,10,0.6339570063694268,0,27,None,66,1,5,False,1000,1000
18132,182,betCent,10,0.6373407643312102,0,27,None,66,1,5,False,1000,1000
18133,183,betCent,10,0.640625,0,27,None,66,1,5,False,1000,1000
18134,184,betCent,10,0.6429140127388535,0,27,None,66,1,5,False,1000,1000
18135,180,betCent,10,0.6779458598726115,0,0,None,66,1,5,False,1000,1000
18136,181,betCent,10,0.6790406050955414,0,0,None,66,1,5,False,1000,1000
18137,182,betCent,10,0.6803343949044586,0,0,None,66,1,5,False,1000,1000
18138,183,betCent,10,0.681827229299363,0,0,None,66,1,5,False,1000,1000
18139,184,betCent,10,0.6828224522292994,0,0,None,66,1,5,False,1000,1000
18140,180,betCent,10,0.6892914012738853,0,30,None,66,1,5,False,1000,1000
18141,181,betCent,10,0.6897890127388535,0,30,None,66,1,5,False,1000,1000
18142,182,betCent,10,0.6889928343949044,0,30,None,66,1,5,False,1000,1000
18143,183,betCent,10,0.6879976114649682,0,30,None,66,1,5,False,1000,1000
18144,184,betCent,10,0.6875995222929936,0,30,None,66,1,5,False,1000,1000
18145,180,betCent,10,0.6989450636942676,0,31,None,66,1,5,False,1000,1000
18146,181,betCent,10,0.7013335987261147,0,31,None,66,1,5,False,1000,1000
18147,182,betCent,10,0.703125,0,31,None,66,1,5,False,1000,1000
18148,183,betCent,10,0.7040207006369427,0,31,None,66,1,5,False,1000,1000
18149,184,betCent,10,0.7054140127388535,0,31,None,66,1,5,False,1000,1000
18150,185,betCent,10,0.6705812101910829,0,24,None,66,1,5,False,1000,1000
18151,186,betCent,10,0.6715764331210191,0,24,None,66,1,5,False,1000,1000
18152,187,betCent,10,0.6727707006369427,0,24,None,66,1,5,False,1000,1000
18153,188,betCent,10,0.6747611464968153,0,24,None,66,1,5,False,1000,1000
18154,189,betCent,10,0.6765525477707006,0,24,None,66,1,5,False,1000,1000
18155,185,betCent,10,0.6790406050955414,0,1,None,66,1,5,False,1000,1000
18156,186,betCent,10,0.681827229299363,0,1,None,66,1,5,False,1000,1000
18157,187,betCent,10,0.6817277070063694,0,1,None,66,1,5,False,1000,1000
18158,188,betCent,10,0.6835191082802548,0,1,None,66,1,5,False,1000,1000
18159,189,betCent,10,0.6840167197452229,0,1,None,66,1,5,False,1000,1000
18160,185,betCent,10,0.6485867834394905,0,21,None,66,1,5,False,1000,1000
18161,186,betCent,10,0.647093949044586,0,21,None,66,1,5,False,1000,1000
18162,187,betCent,10,0.6459992038216561,0,21,None,66,1,5,False,1000,1000
18163,188,betCent,10,0.6455015923566879,0,21,None,66,1,5,False,1000,1000
18164,189,betCent,10,0.6453025477707006,0,21,None,66,1,5,False,1000,1000
18165,185,betCent,10,0.6973527070063694,0,2,None,66,1,5,False,1000,1000
18166,186,betCent,10,0.6905851910828026,0,2,None,66,1,5,False,1000,1000
18167,187,betCent,10,0.6730692675159236,0,2,None,66,1,5,False,1000,1000
18168,188,betCent,10,0.6659036624203821,0,2,None,66,1,5,False,1000,1000
18169,189,betCent,10,0.658140923566879,0,2,None,66,1,5,False,1000,1000
18170,185,betCent,10,0.4343152866242038,0,11,None,66,1,5,False,1000,1000
18171,186,betCent,10,0.4297372611464968,0,11,None,66,1,5,False,1000,1000
18172,187,betCent,10,0.4262539808917197,0,11,None,66,1,5,False,1000,1000
18173,188,betCent,10,0.422671178343949,0,11,None,66,1,5,False,1000,1000
18174,189,betCent,10,0.4183917197452229,0,11,None,66,1,5,False,1000,1000
18175,185,betCent,10,0.697452229299363,0,17,None,66,1,5,False,1000,1000
18176,186,betCent,10,0.6968550955414012,0,17,None,66,1,5,False,1000,1000
18177,187,betCent,10,0.6976512738853503,0,17,None,66,1,5,False,1000,1000
18178,188,betCent,10,0.6979498407643312,0,17,None,66,1,5,False,1000,1000
18179,189,betCent,10,0.6975517515923567,0,17,None,66,1,5,False,1000,1000
18180,185,betCent,10,0.677547770700637,0,22,None,66,1,5,False,1000,1000
18181,186,betCent,10,0.6795382165605095,0,22,None,66,1,5,False,1000,1000
18182,187,betCent,10,0.6804339171974523,0,22,None,66,1,5,False,1000,1000
18183,188,betCent,10,0.6825238853503185,0,22,None,66,1,5,False,1000,1000
18184,189,betCent,10,0.6847133757961783,0,22,None,66,1,5,False,1000,1000
18185,185,betCent,10,0.6937699044585988,0,32,None,66,1,5,False,1000,1000
18186,186,betCent,10,0.693968949044586,0,32,None,66,1,5,False,1000,1000
18187,187,betCent,10,0.6943670382165605,0,32,None,66,1,5,False,1000,1000
18188,188,betCent,10,0.6952627388535032,0,32,None,66,1,5,False,1000,1000
18189,189,betCent,10,0.6953622611464968,0,32,None,66,1,5,False,1000,1000
18190,185,betCent,10,0.7030254777070064,0,16,None,66,1,5,False,1000,1000
18191,186,betCent,10,0.7066082802547771,0,16,None,66,1,5,False,1000,1000
18192,187,betCent,10,0.7098925159235668,0,16,None,66,1,5,False,1000,1000
18193,188,betCent,10,0.7134753184713376,0,16,None,66,1,5,False,1000,1000
18194,189,betCent,10,0.7172571656050956,0,16,None,66,1,5,False,1000,1000
18195,185,betCent,10,0.6916799363057324,0,13,None,66,1,5,False,1000,1000
18196,186,betCent,10,0.6930732484076433,0,13,None,66,1,5,False,1000,1000
18197,187,betCent,10,0.6951632165605095,0,13,None,66,1,5,False,1000,1000
18198,188,betCent,10,0.6963574840764332,0,13,None,66,1,5,False,1000,1000
18199,189,betCent,10,0.6969546178343949,0,13,None,66,1,5,False,1000,1000
18200,185,betCent,10,0.6715764331210191,0,23,None,66,1,5,False,1000,1000
18201,186,betCent,10,0.6732683121019108,0,23,None,66,1,5,False,1000,1000
18202,187,betCent,10,0.6758558917197452,0,23,None,66,1,5,False,1000,1000
18203,188,betCent,10,0.6782444267515924,0,23,None,66,1,5,False,1000,1000
18204,189,betCent,10,0.681031050955414,0,23,None,66,1,5,False,1000,1000
18205,185,betCent,10,0.7170581210191083,0,25,None,66,1,5,False,1000,1000
18206,186,betCent,10,0.7161624203821656,0,25,None,66,1,5,False,1000,1000
18207,187,betCent,10,0.7165605095541401,0,25,None,66,1,5,False,1000,1000
18208,188,betCent,10,0.7167595541401274,0,25,None,66,1,5,False,1000,1000
18209,189,betCent,10,0.7171576433121019,0,25,None,66,1,5,False,1000,1000
18210,185,betCent,10,0.6175358280254777,0,28,None,66,1,5,False,1000,1000
18211,186,betCent,10,0.619327229299363,0,28,None,66,1,5,False,1000,1000
18212,187,betCent,10,0.6221138535031847,0,28,None,66,1,5,False,1000,1000
18213,188,betCent,10,0.6236066878980892,0,28,None,66,1,5,False,1000,1000
18214,189,betCent,10,0.6271894904458599,0,28,None,66,1,5,False,1000,1000
18215,185,betCent,10,0.665406050955414,0,7,None,66,1,5,False,1000,1000
18216,186,betCent,10,0.6664012738853503,0,7,None,66,1,5,False,1000,1000
18217,187,betCent,10,0.6666003184713376,0,7,None,66,1,5,False,1000,1000
18218,188,betCent,10,0.6670979299363057,0,7,None,66,1,5,False,1000,1000
18219,189,betCent,10,0.668093152866242,0,7,None,66,1,5,False,1000,1000
18220,185,betCent,10,0.6866042993630573,0,5,None,66,1,5,False,1000,1000
18221,186,betCent,10,0.6900875796178344,0,5,None,66,1,5,False,1000,1000
18222,187,betCent,10,0.693172770700637,0,5,None,66,1,5,False,1000,1000
18223,188,betCent,10,0.696656050955414,0,5,None,66,1,5,False,1000,1000
18224,189,betCent,10,0.6986464968152867,0,5,None,66,1,5,False,1000,1000
18225,185,betCent,10,0.6932722929936306,0,12,None,66,1,5,False,1000,1000
18226,186,betCent,10,0.6954617834394905,0,12,None,66,1,5,False,1000,1000
18227,187,betCent,10,0.6986464968152867,0,12,None,66,1,5,False,1000,1000
18228,188,betCent,10,0.701234076433121,0,12,None,66,1,5,False,1000,1000
18229,189,betCent,10,0.7035230891719745,0,12,None,66,1,5,False,1000,1000
18230,185,betCent,10,0.7078025477707006,0,14,None,66,1,5,False,1000,1000
18231,186,betCent,10,0.7083996815286624,0,14,None,66,1,5,False,1000,1000
18232,187,betCent,10,0.708797770700637,0,14,None,66,1,5,False,1000,1000
18233,188,betCent,10,0.7091958598726115,0,14,None,66,1,5,False,1000,1000
18234,189,betCent,10,0.7102906050955414,0,14,None,66,1,5,False,1000,1000
18235,185,betCent,10,0.6634156050955414,0,26,None,66,1,5,False,1000,1000
18236,186,betCent,10,0.6603304140127388,0,26,None,66,1,5,False,1000,1000
18237,187,betCent,10,0.6601313694267515,0,26,None,66,1,5,False,1000,1000
18238,188,betCent,10,0.6603304140127388,0,26,None,66,1,5,False,1000,1000
18239,189,betCent,10,0.6594347133757962,0,26,None,66,1,5,False,1000,1000
18240,185,betCent,10,0.6449044585987261,0,15,None,66,1,5,False,1000,1000
18241,186,betCent,10,0.646297770700637,0,15,None,66,1,5,False,1000,1000
18242,187,betCent,10,0.6492834394904459,0,15,None,66,1,5,False,1000,1000
18243,188,betCent,10,0.650577229299363,0,15,None,66,1,5,False,1000,1000
18244,189,betCent,10,0.6510748407643312,0,15,None,66,1,5,False,1000,1000
18245,185,betCent,10,0.6479896496815286,0,10,None,66,1,5,False,1000,1000
18246,186,betCent,10,0.6576433121019108,0,10,None,66,1,5,False,1000,1000
18247,187,betCent,10,0.6655055732484076,0,10,None,66,1,5,False,1000,1000
18248,188,betCent,10,0.6719745222929936,0,10,None,66,1,5,False,1000,1000
18249,189,betCent,10,0.6776472929936306,0,10,None,66,1,5,False,1000,1000
18250,185,betCent,10,0.6090764331210191,0,20,None,66,1,5,False,1000,1000
18251,186,betCent,10,0.6056926751592356,0,20,None,66,1,5,False,1000,1000
18252,187,betCent,10,0.6210191082802548,0,20,None,66,1,5,False,1000,1000
18253,188,betCent,10,0.63953025477707,0,20,None,66,1,5,False,1000,1000
18254,189,betCent,10,0.646297770700637,0,20,None,66,1,5,False,1000,1000
18255,185,betCent,10,0.6940684713375797,0,4,None,66,1,5,False,1000,1000
18256,186,betCent,10,0.6962579617834395,0,4,None,66,1,5,False,1000,1000
18257,187,betCent,10,0.6978503184713376,0,4,None,66,1,5,False,1000,1000
18258,188,betCent,10,0.6988455414012739,0,4,None,66,1,5,False,1000,1000
18259,189,betCent,10,0.7001393312101911,0,4,None,66,1,5,False,1000,1000
18260,185,betCent,10,0.689390923566879,0,30,None,66,1,5,False,1000,1000
18261,186,betCent,10,0.68859474522293,0,30,None,66,1,5,False,1000,1000
18262,187,betCent,10,0.6876990445859873,0,30,None,66,1,5,False,1000,1000
18263,188,betCent,10,0.6874004777070064,0,30,None,66,1,5,False,1000,1000
18264,189,betCent,10,0.6875995222929936,0,30,None,66,1,5,False,1000,1000
18265,185,betCent,10,0.669187898089172,0,6,None,66,1,5,False,1000,1000
18266,186,betCent,10,0.6690883757961783,0,6,None,66,1,5,False,1000,1000
18267,187,betCent,10,0.6697850318471338,0,6,None,66,1,5,False,1000,1000
18268,188,betCent,10,0.6694864649681529,0,6,None,66,1,5,False,1000,1000
18269,189,betCent,10,0.669984076433121,0,6,None,66,1,5,False,1000,1000
18270,185,betCent,10,0.6317675159235668,0,27,None,66,1,5,False,1000,1000
18271,186,betCent,10,0.6371417197452229,0,27,None,66,1,5,False,1000,1000
18272,187,betCent,10,0.6396297770700637,0,27,None,66,1,5,False,1000,1000
18273,188,betCent,10,0.6416202229299363,0,27,None,66,1,5,False,1000,1000
18274,189,betCent,10,0.6437101910828026,0,27,None,66,1,5,False,1000,1000
18275,185,betCent,10,0.6583399681528662,0,9,None,66,1,5,False,1000,1000
18276,186,betCent,10,0.6690883757961783,0,9,None,66,1,5,False,1000,1000
18277,187,betCent,10,0.6786425159235668,0,9,None,66,1,5,False,1000,1000
18278,188,betCent,10,0.6860071656050956,0,9,None,66,1,5,False,1000,1000
18279,189,betCent,10,0.693172770700637,0,9,None,66,1,5,False,1000,1000
18280,185,betCent,10,0.6263933121019108,0,29,None,66,1,5,False,1000,1000
18281,186,betCent,10,0.6308718152866242,0,29,None,66,1,5,False,1000,1000
18282,187,betCent,10,0.633359872611465,0,29,None,66,1,5,False,1000,1000
18283,188,betCent,10,0.6363455414012739,0,29,None,66,1,5,False,1000,1000
18284,189,betCent,10,0.6388335987261147,0,29,None,66,1,5,False,1000,1000
18285,185,betCent,10,0.6823248407643312,0,0,None,66,1,5,False,1000,1000
18286,186,betCent,10,0.6844148089171974,0,0,None,66,1,5,False,1000,1000
18287,187,betCent,10,0.6854100318471338,0,0,None,66,1,5,False,1000,1000
18288,188,betCent,10,0.6860071656050956,0,0,None,66,1,5,False,1000,1000
18289,189,betCent,10,0.6866042993630573,0,0,None,66,1,5,False,1000,1000
18290,185,betCent,10,0.645203025477707,0,8,None,66,1,5,False,1000,1000
18291,186,betCent,10,0.6513734076433121,0,8,None,66,1,5,False,1000,1000
18292,187,betCent,10,0.6552547770700637,0,8,None,66,1,5,False,1000,1000
18293,188,betCent,10,0.6590366242038217,0,8,None,66,1,5,False,1000,1000
18294,189,betCent,10,0.6625199044585988,0,8,None,66,1,5,False,1000,1000
18295,185,betCent,10,0.6190286624203821,0,3,None,66,1,5,False,1000,1000
18296,186,betCent,10,0.6111664012738853,0,3,None,66,1,5,False,1000,1000
18297,187,betCent,10,0.6046974522292994,0,3,None,66,1,5,False,1000,1000
18298,188,betCent,10,0.600218949044586,0,3,None,66,1,5,False,1000,1000
18299,189,betCent,10,0.5936504777070064,0,3,None,66,1,5,False,1000,1000
18300,185,betCent,10,0.6168391719745223,0,18,None,66,1,5,False,1000,1000
18301,186,betCent,10,0.6178343949044586,0,18,None,66,1,5,False,1000,1000
18302,187,betCent,10,0.619327229299363,0,18,None,66,1,5,False,1000,1000
18303,188,betCent,10,0.6209195859872612,0,18,None,66,1,5,False,1000,1000
18304,189,betCent,10,0.6229100318471338,0,18,None,66,1,5,False,1000,1000
18305,185,betCent,10,0.6794386942675159,0,19,None,66,1,5,False,1000,1000
18306,186,betCent,10,0.6827229299363057,0,19,None,66,1,5,False,1000,1000
18307,187,betCent,10,0.6852109872611465,0,19,None,66,1,5,False,1000,1000
18308,188,betCent,10,0.6882961783439491,0,19,None,66,1,5,False,1000,1000
18309,189,betCent,10,0.6909832802547771,0,19,None,66,1,5,False,1000,1000
18310,185,betCent,10,0.697452229299363,0,31,None,66,1,5,False,1000,1000
18311,186,betCent,10,0.6992436305732485,0,31,None,66,1,5,False,1000,1000
18312,187,betCent,10,0.7023288216560509,0,31,None,66,1,5,False,1000,1000
18313,188,betCent,10,0.7035230891719745,0,31,None,66,1,5,False,1000,1000
18314,189,betCent,10,0.7039211783439491,0,31,None,66,1,5,False,1000,1000
18315,190,betCent,10,0.6835191082802548,0,1,None,66,1,5,False,1000,1000
18316,191,betCent,10,0.6847133757961783,0,1,None,66,1,5,False,1000,1000
18317,192,betCent,10,0.6854100318471338,0,1,None,66,1,5,False,1000,1000
18318,193,betCent,10,0.6869028662420382,0,1,None,66,1,5,False,1000,1000
18319,194,betCent,10,0.6871019108280255,0,1,None,66,1,5,False,1000,1000
18320,190,betCent,10,0.7011345541401274,0,2,None,66,1,5,False,1000,1000
18321,191,betCent,10,0.693968949044586,0,2,None,66,1,5,False,1000,1000
18322,192,betCent,10,0.6759554140127388,0,2,None,66,1,5,False,1000,1000
18323,193,betCent,10,0.669187898089172,0,2,None,66,1,5,False,1000,1000
18324,194,betCent,10,0.6618232484076433,0,2,None,66,1,5,False,1000,1000
18325,190,betCent,10,0.6796377388535032,0,22,None,66,1,5,False,1000,1000
18326,191,betCent,10,0.6822253184713376,0,22,None,66,1,5,False,1000,1000
18327,192,betCent,10,0.6844148089171974,0,22,None,66,1,5,False,1000,1000
18328,193,betCent,10,0.685609076433121,0,22,None,66,1,5,False,1000,1000
18329,194,betCent,10,0.6875,0,22,None,66,1,5,False,1000,1000
18330,190,betCent,10,0.6746616242038217,0,23,None,66,1,5,False,1000,1000
18331,191,betCent,10,0.6766520700636943,0,23,None,66,1,5,False,1000,1000
18332,192,betCent,10,0.6799363057324841,0,23,None,66,1,5,False,1000,1000
18333,193,betCent,10,0.6807324840764332,0,23,None,66,1,5,False,1000,1000
18334,194,betCent,10,0.6826234076433121,0,23,None,66,1,5,False,1000,1000
18335,190,betCent,10,0.7117834394904459,0,14,None,66,1,5,False,1000,1000
18336,191,betCent,10,0.7121815286624203,0,14,None,66,1,5,False,1000,1000
18337,192,betCent,10,0.7131767515923567,0,14,None,66,1,5,False,1000,1000
18338,193,betCent,10,0.7135748407643312,0,14,None,66,1,5,False,1000,1000
18339,194,betCent,10,0.7144705414012739,0,14,None,66,1,5,False,1000,1000
18340,190,betCent,10,0.6270899681528662,0,29,None,66,1,5,False,1000,1000
18341,191,betCent,10,0.6318670382165605,0,29,None,66,1,5,False,1000,1000
18342,192,betCent,10,0.6346536624203821,0,29,None,66,1,5,False,1000,1000
18343,193,betCent,10,0.6364450636942676,0,29,None,66,1,5,False,1000,1000
18344,194,betCent,10,0.6401273885350318,0,29,None,66,1,5,False,1000,1000
18345,190,betCent,10,0.6956608280254777,0,13,None,66,1,5,False,1000,1000
18346,191,betCent,10,0.6967555732484076,0,13,None,66,1,5,False,1000,1000
18347,192,betCent,10,0.698546974522293,0,13,None,66,1,5,False,1000,1000
18348,193,betCent,10,0.7002388535031847,0,13,None,66,1,5,False,1000,1000
18349,194,betCent,10,0.7010350318471338,0,13,None,66,1,5,False,1000,1000
18350,190,betCent,10,0.658937101910828,0,26,None,66,1,5,False,1000,1000
18351,191,betCent,10,0.6583399681528662,0,26,None,66,1,5,False,1000,1000
18352,192,betCent,10,0.6582404458598726,0,26,None,66,1,5,False,1000,1000
18353,193,betCent,10,0.6577428343949044,0,26,None,66,1,5,False,1000,1000
18354,194,betCent,10,0.65734474522293,0,26,None,66,1,5,False,1000,1000
18355,190,betCent,10,0.6492834394904459,0,15,None,66,1,5,False,1000,1000
18356,191,betCent,10,0.6512738853503185,0,15,None,66,1,5,False,1000,1000
18357,192,betCent,10,0.6530652866242038,0,15,None,66,1,5,False,1000,1000
18358,193,betCent,10,0.6546576433121019,0,15,None,66,1,5,False,1000,1000
18359,194,betCent,10,0.6557523885350318,0,15,None,66,1,5,False,1000,1000
18360,190,betCent,10,0.6498805732484076,0,10,None,66,1,5,False,1000,1000
18361,191,betCent,10,0.6611265923566879,0,10,None,66,1,5,False,1000,1000
18362,192,betCent,10,0.6685907643312102,0,10,None,66,1,5,False,1000,1000
18363,193,betCent,10,0.6746616242038217,0,10,None,66,1,5,False,1000,1000
18364,194,betCent,10,0.6814291401273885,0,10,None,66,1,5,False,1000,1000
18365,190,betCent,10,0.6972531847133758,0,17,None,66,1,5,False,1000,1000
18366,191,betCent,10,0.6967555732484076,0,17,None,66,1,5,False,1000,1000
18367,192,betCent,10,0.697452229299363,0,17,None,66,1,5,False,1000,1000
18368,193,betCent,10,0.6971536624203821,0,17,None,66,1,5,False,1000,1000
18369,194,betCent,10,0.6975517515923567,0,17,None,66,1,5,False,1000,1000
18370,190,betCent,10,0.4524283439490446,0,11,None,66,1,5,False,1000,1000
18371,191,betCent,10,0.4470541401273885,0,11,None,66,1,5,False,1000,1000
18372,192,betCent,10,0.4426751592356688,0,11,None,66,1,5,False,1000,1000
18373,193,betCent,10,0.4400875796178344,0,11,None,66,1,5,False,1000,1000
18374,194,betCent,10,0.4369028662420382,0,11,None,66,1,5,False,1000,1000
18375,190,betCent,10,0.6127587579617835,0,20,None,66,1,5,False,1000,1000
18376,191,betCent,10,0.61046974522293,0,20,None,66,1,5,False,1000,1000
18377,192,betCent,10,0.634156050955414,0,20,None,66,1,5,False,1000,1000
18378,193,betCent,10,0.6491839171974523,0,20,None,66,1,5,False,1000,1000
18379,194,betCent,10,0.6526671974522293,0,20,None,66,1,5,False,1000,1000
18380,190,betCent,10,0.6197253184713376,0,28,None,66,1,5,False,1000,1000
18381,191,betCent,10,0.6225119426751592,0,28,None,66,1,5,False,1000,1000
18382,192,betCent,10,0.6246019108280255,0,28,None,66,1,5,False,1000,1000
18383,193,betCent,10,0.6271894904458599,0,28,None,66,1,5,False,1000,1000
18384,194,betCent,10,0.6305732484076433,0,28,None,66,1,5,False,1000,1000
18385,190,betCent,10,0.6973527070063694,0,4,None,66,1,5,False,1000,1000
18386,191,betCent,10,0.6997412420382165,0,4,None,66,1,5,False,1000,1000
18387,192,betCent,10,0.701234076433121,0,4,None,66,1,5,False,1000,1000
18388,193,betCent,10,0.7019307324840764,0,4,None,66,1,5,False,1000,1000
18389,194,betCent,10,0.70421974522293,0,4,None,66,1,5,False,1000,1000
18390,190,betCent,10,0.6466958598726115,0,8,None,66,1,5,False,1000,1000
18391,191,betCent,10,0.6520700636942676,0,8,None,66,1,5,False,1000,1000
18392,192,betCent,10,0.6566480891719745,0,8,None,66,1,5,False,1000,1000
18393,193,betCent,10,0.660031847133758,0,8,None,66,1,5,False,1000,1000
18394,194,betCent,10,0.6634156050955414,0,8,None,66,1,5,False,1000,1000
18395,190,betCent,10,0.6221138535031847,0,18,None,66,1,5,False,1000,1000
18396,191,betCent,10,0.6226114649681529,0,18,None,66,1,5,False,1000,1000
18397,192,betCent,10,0.6236066878980892,0,18,None,66,1,5,False,1000,1000
18398,193,betCent,10,0.625,0,18,None,66,1,5,False,1000,1000
18399,194,betCent,10,0.6273885350318471,0,18,None,66,1,5,False,1000,1000
18400,190,betCent,10,0.6825238853503185,0,19,None,66,1,5,False,1000,1000
18401,191,betCent,10,0.6850119426751592,0,19,None,66,1,5,False,1000,1000
18402,192,betCent,10,0.6883957006369427,0,19,None,66,1,5,False,1000,1000
18403,193,betCent,10,0.6918789808917197,0,19,None,66,1,5,False,1000,1000
18404,194,betCent,10,0.6937699044585988,0,19,None,66,1,5,False,1000,1000
18405,190,betCent,10,0.6513734076433121,0,21,None,66,1,5,False,1000,1000
18406,191,betCent,10,0.6490843949044586,0,21,None,66,1,5,False,1000,1000
18407,192,betCent,10,0.6482882165605095,0,21,None,66,1,5,False,1000,1000
18408,193,betCent,10,0.6481886942675159,0,21,None,66,1,5,False,1000,1000
18409,194,betCent,10,0.6477906050955414,0,21,None,66,1,5,False,1000,1000
18410,190,betCent,10,0.6951632165605095,0,12,None,66,1,5,False,1000,1000
18411,191,betCent,10,0.698546974522293,0,12,None,66,1,5,False,1000,1000
18412,192,betCent,10,0.7016321656050956,0,12,None,66,1,5,False,1000,1000
18413,193,betCent,10,0.7040207006369427,0,12,None,66,1,5,False,1000,1000
18414,194,betCent,10,0.7073049363057324,0,12,None,66,1,5,False,1000,1000
18415,190,betCent,10,0.6607285031847133,0,9,None,66,1,5,False,1000,1000
18416,191,betCent,10,0.6711783439490446,0,9,None,66,1,5,False,1000,1000
18417,192,betCent,10,0.6808320063694268,0,9,None,66,1,5,False,1000,1000
18418,193,betCent,10,0.6875,0,9,None,66,1,5,False,1000,1000
18419,194,betCent,10,0.6944665605095541,0,9,None,66,1,5,False,1000,1000
18420,190,betCent,10,0.71875,0,25,None,66,1,5,False,1000,1000
18421,191,betCent,10,0.7186504777070064,0,25,None,66,1,5,False,1000,1000
18422,192,betCent,10,0.7190485668789809,0,25,None,66,1,5,False,1000,1000
18423,193,betCent,10,0.71875,0,25,None,66,1,5,False,1000,1000
18424,194,betCent,10,0.7190485668789809,0,25,None,66,1,5,False,1000,1000
18425,190,betCent,10,0.634156050955414,0,27,None,66,1,5,False,1000,1000
18426,191,betCent,10,0.6377388535031847,0,27,None,66,1,5,False,1000,1000
18427,192,betCent,10,0.6408240445859873,0,27,None,66,1,5,False,1000,1000
18428,193,betCent,10,0.6427149681528662,0,27,None,66,1,5,False,1000,1000
18429,194,betCent,10,0.6455015923566879,0,27,None,66,1,5,False,1000,1000
18430,190,betCent,10,0.6719745222929936,0,24,None,66,1,5,False,1000,1000
18431,191,betCent,10,0.6736664012738853,0,24,None,66,1,5,False,1000,1000
18432,192,betCent,10,0.6754578025477707,0,24,None,66,1,5,False,1000,1000
18433,193,betCent,10,0.6771496815286624,0,24,None,66,1,5,False,1000,1000
18434,194,betCent,10,0.6781449044585988,0,24,None,66,1,5,False,1000,1000
18435,190,betCent,10,0.6950636942675159,0,30,None,66,1,5,False,1000,1000
18436,191,betCent,10,0.6954617834394905,0,30,None,66,1,5,False,1000,1000
18437,192,betCent,10,0.6942675159235668,0,30,None,66,1,5,False,1000,1000
18438,193,betCent,10,0.6937699044585988,0,30,None,66,1,5,False,1000,1000
18439,194,betCent,10,0.693172770700637,0,30,None,66,1,5,False,1000,1000
18440,190,betCent,10,0.6990445859872612,0,31,None,66,1,5,False,1000,1000
18441,191,betCent,10,0.7017316878980892,0,31,None,66,1,5,False,1000,1000
18442,192,betCent,10,0.7028264331210191,0,31,None,66,1,5,False,1000,1000
18443,193,betCent,10,0.7044187898089171,0,31,None,66,1,5,False,1000,1000
18444,194,betCent,10,0.7055135350318471,0,31,None,66,1,5,False,1000,1000
18445,190,betCent,10,0.6702826433121019,0,7,None,66,1,5,False,1000,1000
18446,191,betCent,10,0.6700835987261147,0,7,None,66,1,5,False,1000,1000
18447,192,betCent,10,0.6711783439490446,0,7,None,66,1,5,False,1000,1000
18448,193,betCent,10,0.6719745222929936,0,7,None,66,1,5,False,1000,1000
18449,194,betCent,10,0.6726711783439491,0,7,None,66,1,5,False,1000,1000
18450,190,betCent,10,0.7056130573248408,0,16,None,66,1,5,False,1000,1000
18451,191,betCent,10,0.7092953821656051,0,16,None,66,1,5,False,1000,1000
18452,192,betCent,10,0.7126791401273885,0,16,None,66,1,5,False,1000,1000
18453,193,betCent,10,0.7165605095541401,0,16,None,66,1,5,False,1000,1000
18454,194,betCent,10,0.7208399681528662,0,16,None,66,1,5,False,1000,1000
18455,190,betCent,10,0.6968550955414012,0,32,None,66,1,5,False,1000,1000
18456,191,betCent,10,0.6965565286624203,0,32,None,66,1,5,False,1000,1000
18457,192,betCent,10,0.6964570063694268,0,32,None,66,1,5,False,1000,1000
18458,193,betCent,10,0.6955613057324841,0,32,None,66,1,5,False,1000,1000
18459,194,betCent,10,0.6962579617834395,0,32,None,66,1,5,False,1000,1000
18460,190,betCent,10,0.6849124203821656,0,0,None,66,1,5,False,1000,1000
18461,191,betCent,10,0.68640525477707,0,0,None,66,1,5,False,1000,1000
18462,192,betCent,10,0.6872014331210191,0,0,None,66,1,5,False,1000,1000
18463,193,betCent,10,0.6882961783439491,0,0,None,66,1,5,False,1000,1000
18464,194,betCent,10,0.6898885350318471,0,0,None,66,1,5,False,1000,1000
18465,190,betCent,10,0.6108678343949044,0,3,None,66,1,5,False,1000,1000
18466,191,betCent,10,0.6052945859872612,0,3,None,66,1,5,False,1000,1000
18467,192,betCent,10,0.599422770700637,0,3,None,66,1,5,False,1000,1000
18468,193,betCent,10,0.59375,0,3,None,66,1,5,False,1000,1000
18469,194,betCent,10,0.5887738853503185,0,3,None,66,1,5,False,1000,1000
18470,190,betCent,10,0.6905851910828026,0,5,None,66,1,5,False,1000,1000
18471,191,betCent,10,0.6937699044585988,0,5,None,66,1,5,False,1000,1000
18472,192,betCent,10,0.6980493630573248,0,5,None,66,1,5,False,1000,1000
18473,193,betCent,10,0.699343152866242,0,5,None,66,1,5,False,1000,1000
18474,194,betCent,10,0.7014331210191083,0,5,None,66,1,5,False,1000,1000
18475,190,betCent,10,0.6687898089171974,0,6,None,66,1,5,False,1000,1000
18476,191,betCent,10,0.6694864649681529,0,6,None,66,1,5,False,1000,1000
18477,192,betCent,10,0.6698845541401274,0,6,None,66,1,5,False,1000,1000
18478,193,betCent,10,0.6712778662420382,0,6,None,66,1,5,False,1000,1000
18479,194,betCent,10,0.6719745222929936,0,6,None,66,1,5,False,1000,1000
18480,195,betCent,10,0.7021297770700637,0,2,None,66,1,5,False,1000,1000
18481,196,betCent,10,0.6959593949044586,0,2,None,66,1,5,False,1000,1000
18482,197,betCent,10,0.6781449044585988,0,2,None,66,1,5,False,1000,1000
18483,198,betCent,10,0.6712778662420382,0,2,None,66,1,5,False,1000,1000
18484,199,betCent,10,0.663515127388535,0,2,None,66,1,5,False,1000,1000
18485,195,betCent,10,0.6537619426751592,0,21,None,66,1,5,False,1000,1000
18486,196,betCent,10,0.6514729299363057,0,21,None,66,1,5,False,1000,1000
18487,197,betCent,10,0.6504777070063694,0,21,None,66,1,5,False,1000,1000
18488,198,betCent,10,0.649781050955414,0,21,None,66,1,5,False,1000,1000
18489,199,betCent,10,0.6502786624203821,0,21,None,66,1,5,False,1000,1000
18490,195,betCent,10,0.6765525477707006,0,23,None,66,1,5,False,1000,1000
18491,196,betCent,10,0.6785429936305732,0,23,None,66,1,5,False,1000,1000
18492,197,betCent,10,0.6805334394904459,0,23,None,66,1,5,False,1000,1000
18493,198,betCent,10,0.6824243630573248,0,23,None,66,1,5,False,1000,1000
18494,199,betCent,10,0.6839171974522293,0,23,None,66,1,5,False,1000,1000
18495,195,betCent,10,0.621218152866242,0,28,None,66,1,5,False,1000,1000
18496,196,betCent,10,0.6238057324840764,0,28,None,66,1,5,False,1000,1000
18497,197,betCent,10,0.62609474522293,0,28,None,66,1,5,False,1000,1000
18498,198,betCent,10,0.6285828025477707,0,28,None,66,1,5,False,1000,1000
18499,199,betCent,10,0.6324641719745223,0,28,None,66,1,5,False,1000,1000
18500,195,betCent,10,0.6327627388535032,0,29,None,66,1,5,False,1000,1000
18501,196,betCent,10,0.6381369426751592,0,29,None,66,1,5,False,1000,1000
18502,197,betCent,10,0.640625,0,29,None,66,1,5,False,1000,1000
18503,198,betCent,10,0.6431130573248408,0,29,None,66,1,5,False,1000,1000
18504,199,betCent,10,0.6453025477707006,0,29,None,66,1,5,False,1000,1000
18505,195,betCent,10,0.701234076433121,0,16,None,66,1,5,False,1000,1000
18506,196,betCent,10,0.7067078025477707,0,16,None,66,1,5,False,1000,1000
18507,197,betCent,10,0.7105891719745223,0,16,None,66,1,5,False,1000,1000
18508,198,betCent,10,0.7134753184713376,0,16,None,66,1,5,False,1000,1000
18509,199,betCent,10,0.7173566878980892,0,16,None,66,1,5,False,1000,1000
18510,195,betCent,10,0.6503781847133758,0,15,None,66,1,5,False,1000,1000
18511,196,betCent,10,0.6527667197452229,0,15,None,66,1,5,False,1000,1000
18512,197,betCent,10,0.6542595541401274,0,15,None,66,1,5,False,1000,1000
18513,198,betCent,10,0.6566480891719745,0,15,None,66,1,5,False,1000,1000
18514,199,betCent,10,0.6579418789808917,0,15,None,66,1,5,False,1000,1000
18515,195,betCent,10,0.6512738853503185,0,10,None,66,1,5,False,1000,1000
18516,196,betCent,10,0.6623208598726115,0,10,None,66,1,5,False,1000,1000
18517,197,betCent,10,0.6694864649681529,0,10,None,66,1,5,False,1000,1000
18518,198,betCent,10,0.6769506369426752,0,10,None,66,1,5,False,1000,1000
18519,199,betCent,10,0.6838176751592356,0,10,None,66,1,5,False,1000,1000
18520,195,betCent,10,0.698546974522293,0,13,None,66,1,5,False,1000,1000
18521,196,betCent,10,0.7002388535031847,0,13,None,66,1,5,False,1000,1000
18522,197,betCent,10,0.7010350318471338,0,13,None,66,1,5,False,1000,1000
18523,198,betCent,10,0.7023288216560509,0,13,None,66,1,5,False,1000,1000
18524,199,betCent,10,0.7033240445859873,0,13,None,66,1,5,False,1000,1000
18525,195,betCent,10,0.7132762738853503,0,25,None,66,1,5,False,1000,1000
18526,196,betCent,10,0.7134753184713376,0,25,None,66,1,5,False,1000,1000
18527,197,betCent,10,0.7136743630573248,0,25,None,66,1,5,False,1000,1000
18528,198,betCent,10,0.7134753184713376,0,25,None,66,1,5,False,1000,1000
18529,199,betCent,10,0.7132762738853503,0,25,None,66,1,5,False,1000,1000
18530,195,betCent,10,0.4352109872611465,0,11,None,66,1,5,False,1000,1000
18531,196,betCent,10,0.4315286624203822,0,11,None,66,1,5,False,1000,1000
18532,197,betCent,10,0.4274482484076433,0,11,None,66,1,5,False,1000,1000
18533,198,betCent,10,0.4249601910828025,0,11,None,66,1,5,False,1000,1000
18534,199,betCent,10,0.4215764331210191,0,11,None,66,1,5,False,1000,1000
18535,195,betCent,10,0.6984474522292994,0,17,None,66,1,5,False,1000,1000
18536,196,betCent,10,0.6981488853503185,0,17,None,66,1,5,False,1000,1000
18537,197,betCent,10,0.6988455414012739,0,17,None,66,1,5,False,1000,1000
18538,198,betCent,10,0.6995421974522293,0,17,None,66,1,5,False,1000,1000
18539,199,betCent,10,0.6999402866242038,0,17,None,66,1,5,False,1000,1000
18540,195,betCent,10,0.6736664012738853,0,24,None,66,1,5,False,1000,1000
18541,196,betCent,10,0.6759554140127388,0,24,None,66,1,5,False,1000,1000
18542,197,betCent,10,0.6769506369426752,0,24,None,66,1,5,False,1000,1000
18543,198,betCent,10,0.6778463375796179,0,24,None,66,1,5,False,1000,1000
18544,199,betCent,10,0.6800358280254777,0,24,None,66,1,5,False,1000,1000
18545,195,betCent,10,0.6487858280254777,0,8,None,66,1,5,False,1000,1000
18546,196,betCent,10,0.6542595541401274,0,8,None,66,1,5,False,1000,1000
18547,197,betCent,10,0.6588375796178344,0,8,None,66,1,5,False,1000,1000
18548,198,betCent,10,0.6640127388535032,0,8,None,66,1,5,False,1000,1000
18549,199,betCent,10,0.6671974522292994,0,8,None,66,1,5,False,1000,1000
18550,195,betCent,10,0.6250995222929936,0,18,None,66,1,5,False,1000,1000
18551,196,betCent,10,0.6250995222929936,0,18,None,66,1,5,False,1000,1000
18552,197,betCent,10,0.626890923566879,0,18,None,66,1,5,False,1000,1000
18553,198,betCent,10,0.6286823248407644,0,18,None,66,1,5,False,1000,1000
18554,199,betCent,10,0.6307722929936306,0,18,None,66,1,5,False,1000,1000
18555,195,betCent,10,0.70203025477707,0,31,None,66,1,5,False,1000,1000
18556,196,betCent,10,0.7038216560509554,0,31,None,66,1,5,False,1000,1000
18557,197,betCent,10,0.7044187898089171,0,31,None,66,1,5,False,1000,1000
18558,198,betCent,10,0.7060111464968153,0,31,None,66,1,5,False,1000,1000
18559,199,betCent,10,0.7073049363057324,0,31,None,66,1,5,False,1000,1000
18560,195,betCent,10,0.6883957006369427,0,19,None,66,1,5,False,1000,1000
18561,196,betCent,10,0.6914808917197452,0,19,None,66,1,5,False,1000,1000
18562,197,betCent,10,0.6941679936305732,0,19,None,66,1,5,False,1000,1000
18563,198,betCent,10,0.6950636942675159,0,19,None,66,1,5,False,1000,1000
18564,199,betCent,10,0.695859872611465,0,19,None,66,1,5,False,1000,1000
18565,195,betCent,10,0.6145501592356688,0,20,None,66,1,5,False,1000,1000
18566,196,betCent,10,0.6121616242038217,0,20,None,66,1,5,False,1000,1000
18567,197,betCent,10,0.6376393312101911,0,20,None,66,1,5,False,1000,1000
18568,198,betCent,10,0.6519705414012739,0,20,None,66,1,5,False,1000,1000
18569,199,betCent,10,0.6555533439490446,0,20,None,66,1,5,False,1000,1000
18570,195,betCent,10,0.6190286624203821,0,3,None,66,1,5,False,1000,1000
18571,196,betCent,10,0.6114649681528662,0,3,None,66,1,5,False,1000,1000
18572,197,betCent,10,0.605593152866242,0,3,None,66,1,5,False,1000,1000
18573,198,betCent,10,0.599422770700637,0,3,None,66,1,5,False,1000,1000
18574,199,betCent,10,0.5927547770700637,0,3,None,66,1,5,False,1000,1000
18575,195,betCent,10,0.6835191082802548,0,22,None,66,1,5,False,1000,1000
18576,196,betCent,10,0.68640525477707,0,22,None,66,1,5,False,1000,1000
18577,197,betCent,10,0.6874004777070064,0,22,None,66,1,5,False,1000,1000
18578,198,betCent,10,0.6891918789808917,0,22,None,66,1,5,False,1000,1000
18579,199,betCent,10,0.693172770700637,0,22,None,66,1,5,False,1000,1000
18580,195,betCent,10,0.6636146496815286,0,9,None,66,1,5,False,1000,1000
18581,196,betCent,10,0.6742635350318471,0,9,None,66,1,5,False,1000,1000
18582,197,betCent,10,0.6821257961783439,0,9,None,66,1,5,False,1000,1000
18583,198,betCent,10,0.6897890127388535,0,9,None,66,1,5,False,1000,1000
18584,199,betCent,10,0.6965565286624203,0,9,None,66,1,5,False,1000,1000
18585,195,betCent,10,0.6910828025477707,0,5,None,66,1,5,False,1000,1000
18586,196,betCent,10,0.6951632165605095,0,5,None,66,1,5,False,1000,1000
18587,197,betCent,10,0.699343152866242,0,5,None,66,1,5,False,1000,1000
18588,198,betCent,10,0.7006369426751592,0,5,None,66,1,5,False,1000,1000
18589,199,betCent,10,0.7022292993630573,0,5,None,66,1,5,False,1000,1000
18590,195,betCent,10,0.7142714968152867,0,14,None,66,1,5,False,1000,1000
18591,196,betCent,10,0.714968152866242,0,14,None,66,1,5,False,1000,1000
18592,197,betCent,10,0.7156648089171974,0,14,None,66,1,5,False,1000,1000
18593,198,betCent,10,0.716062898089172,0,14,None,66,1,5,False,1000,1000
18594,199,betCent,10,0.7163614649681529,0,14,None,66,1,5,False,1000,1000
18595,195,betCent,10,0.6710788216560509,0,26,None,66,1,5,False,1000,1000
18596,196,betCent,10,0.6679936305732485,0,26,None,66,1,5,False,1000,1000
18597,197,betCent,10,0.6667993630573248,0,26,None,66,1,5,False,1000,1000
18598,198,betCent,10,0.6666003184713376,0,26,None,66,1,5,False,1000,1000
18599,199,betCent,10,0.6666003184713376,0,26,None,66,1,5,False,1000,1000
18600,195,betCent,10,0.6969546178343949,0,12,None,66,1,5,False,1000,1000
18601,196,betCent,10,0.7005374203821656,0,12,None,66,1,5,False,1000,1000
18602,197,betCent,10,0.7032245222929936,0,12,None,66,1,5,False,1000,1000
18603,198,betCent,10,0.7063097133757962,0,12,None,66,1,5,False,1000,1000
18604,199,betCent,10,0.7093949044585988,0,12,None,66,1,5,False,1000,1000
18605,195,betCent,10,0.6339570063694268,0,27,None,66,1,5,False,1000,1000
18606,196,betCent,10,0.6385350318471338,0,27,None,66,1,5,False,1000,1000
18607,197,betCent,10,0.6412221337579618,0,27,None,66,1,5,False,1000,1000
18608,198,betCent,10,0.6438097133757962,0,27,None,66,1,5,False,1000,1000
18609,199,betCent,10,0.6469944267515924,0,27,None,66,1,5,False,1000,1000
18610,195,betCent,10,0.6716759554140127,0,6,None,66,1,5,False,1000,1000
18611,196,betCent,10,0.6725716560509554,0,6,None,66,1,5,False,1000,1000
18612,197,betCent,10,0.6724721337579618,0,6,None,66,1,5,False,1000,1000
18613,198,betCent,10,0.6725716560509554,0,6,None,66,1,5,False,1000,1000
18614,199,betCent,10,0.67296974522293,0,6,None,66,1,5,False,1000,1000
18615,195,betCent,10,0.6954617834394905,0,30,None,66,1,5,False,1000,1000
18616,196,betCent,10,0.693968949044586,0,30,None,66,1,5,False,1000,1000
18617,197,betCent,10,0.6936703821656051,0,30,None,66,1,5,False,1000,1000
18618,198,betCent,10,0.6932722929936306,0,30,None,66,1,5,False,1000,1000
18619,199,betCent,10,0.6930732484076433,0,30,None,66,1,5,False,1000,1000
18620,195,betCent,10,0.6723726114649682,0,7,None,66,1,5,False,1000,1000
18621,196,betCent,10,0.67296974522293,0,7,None,66,1,5,False,1000,1000
18622,197,betCent,10,0.6735668789808917,0,7,None,66,1,5,False,1000,1000
18623,198,betCent,10,0.6739649681528662,0,7,None,66,1,5,False,1000,1000
18624,199,betCent,10,0.6749601910828026,0,7,None,66,1,5,False,1000,1000
18625,195,betCent,10,0.6996417197452229,0,4,None,66,1,5,False,1000,1000
18626,196,betCent,10,0.7016321656050956,0,4,None,66,1,5,False,1000,1000
18627,197,betCent,10,0.7037221337579618,0,4,None,66,1,5,False,1000,1000
18628,198,betCent,10,0.705015923566879,0,4,None,66,1,5,False,1000,1000
18629,199,betCent,10,0.7063097133757962,0,4,None,66,1,5,False,1000,1000
18630,195,betCent,10,0.6963574840764332,0,32,None,66,1,5,False,1000,1000
18631,196,betCent,10,0.6973527070063694,0,32,None,66,1,5,False,1000,1000
18632,197,betCent,10,0.697452229299363,0,32,None,66,1,5,False,1000,1000
18633,198,betCent,10,0.6970541401273885,0,32,None,66,1,5,False,1000,1000
18634,199,betCent,10,0.6979498407643312,0,32,None,66,1,5,False,1000,1000
18635,195,betCent,10,0.6867038216560509,0,1,None,66,1,5,False,1000,1000
18636,196,betCent,10,0.6867038216560509,0,1,None,66,1,5,False,1000,1000
18637,197,betCent,10,0.6880971337579618,0,1,None,66,1,5,False,1000,1000
18638,198,betCent,10,0.6887937898089171,0,1,None,66,1,5,False,1000,1000
18639,199,betCent,10,0.6910828025477707,0,1,None,66,1,5,False,1000,1000
18640,195,betCent,10,0.6874004777070064,0,0,None,66,1,5,False,1000,1000
18641,196,betCent,10,0.6878980891719745,0,0,None,66,1,5,False,1000,1000
18642,197,betCent,10,0.6892914012738853,0,0,None,66,1,5,False,1000,1000
18643,198,betCent,10,0.690187101910828,0,0,None,66,1,5,False,1000,1000
18644,199,betCent,10,0.6908837579617835,0,0,None,66,1,5,False,1000,1000
0,0,unweighted_fl,10,0.0995222929936305,0,1,None,66,1,5,False,1000,1000
1,1,unweighted_fl,10,0.0995222929936305,0,1,None,66,1,5,False,1000,1000
2,2,unweighted_fl,10,0.1000199044585987,0,1,None,66,1,5,False,1000,1000
3,3,unweighted_fl,10,0.1351512738853503,0,1,None,66,1,5,False,1000,1000
4,4,unweighted_fl,10,0.1979498407643312,0,1,None,66,1,5,False,1000,1000
5,0,unweighted_fl,10,0.1001194267515923,0,0,None,66,1,5,False,1000,1000
6,1,unweighted_fl,10,0.1196257961783439,0,0,None,66,1,5,False,1000,1000
7,2,unweighted_fl,10,0.1593351910828025,0,0,None,66,1,5,False,1000,1000
8,3,unweighted_fl,10,0.2074044585987261,0,0,None,66,1,5,False,1000,1000
9,4,unweighted_fl,10,0.2717953821656051,0,0,None,66,1,5,False,1000,1000
10,0,unweighted_fl,10,0.0790207006369426,0,3,None,66,1,5,False,1000,1000
11,1,unweighted_fl,10,0.0784235668789808,0,3,None,66,1,5,False,1000,1000
12,2,unweighted_fl,10,0.0759355095541401,0,3,None,66,1,5,False,1000,1000
13,3,unweighted_fl,10,0.0745421974522293,0,3,None,66,1,5,False,1000,1000
14,4,unweighted_fl,10,0.0894705414012738,0,3,None,66,1,5,False,1000,1000
15,0,unweighted_fl,10,0.0950437898089172,0,2,None,66,1,5,False,1000,1000
16,1,unweighted_fl,10,0.0966361464968152,0,2,None,66,1,5,False,1000,1000
17,2,unweighted_fl,10,0.0989251592356687,0,2,None,66,1,5,False,1000,1000
18,3,unweighted_fl,10,0.1006170382165605,0,2,None,66,1,5,False,1000,1000
19,4,unweighted_fl,10,0.1009156050955414,0,2,None,66,1,5,False,1000,1000
20,0,unweighted_fl,10,0.1086783439490445,0,4,None,66,1,5,False,1000,1000
21,1,unweighted_fl,10,0.1133558917197452,0,4,None,66,1,5,False,1000,1000
22,2,unweighted_fl,10,0.1762539808917197,0,4,None,66,1,5,False,1000,1000
23,3,unweighted_fl,10,0.257265127388535,0,4,None,66,1,5,False,1000,1000
24,4,unweighted_fl,10,0.2932921974522293,0,4,None,66,1,5,False,1000,1000
25,0,unweighted_fl,10,0.2404458598726114,0,5,None,66,1,5,False,1000,1000
26,1,unweighted_fl,10,0.3670382165605095,0,5,None,66,1,5,False,1000,1000
27,2,unweighted_fl,10,0.4131170382165605,0,5,None,66,1,5,False,1000,1000
28,3,unweighted_fl,10,0.4331210191082802,0,5,None,66,1,5,False,1000,1000
29,4,unweighted_fl,10,0.4388933121019108,0,5,None,66,1,5,False,1000,1000
30,0,unweighted_fl,10,0.1189291401273885,0,6,None,66,1,5,False,1000,1000
31,1,unweighted_fl,10,0.1560509554140127,0,6,None,66,1,5,False,1000,1000
32,2,unweighted_fl,10,0.2308917197452229,0,6,None,66,1,5,False,1000,1000
33,3,unweighted_fl,10,0.2548765923566879,0,6,None,66,1,5,False,1000,1000
34,4,unweighted_fl,10,0.2821457006369426,0,6,None,66,1,5,False,1000,1000
35,0,unweighted_fl,10,0.1888933121019108,0,7,None,66,1,5,False,1000,1000
36,1,unweighted_fl,10,0.2377587579617834,0,7,None,66,1,5,False,1000,1000
37,2,unweighted_fl,10,0.2718949044585987,0,7,None,66,1,5,False,1000,1000
38,3,unweighted_fl,10,0.3556926751592357,0,7,None,66,1,5,False,1000,1000
39,4,unweighted_fl,10,0.4144108280254777,0,7,None,66,1,5,False,1000,1000
40,0,unweighted_fl,10,0.26453025477707,0,8,None,66,1,5,False,1000,1000
41,1,unweighted_fl,10,0.3690286624203822,0,8,None,66,1,5,False,1000,1000
42,2,unweighted_fl,10,0.4280453821656051,0,8,None,66,1,5,False,1000,1000
43,3,unweighted_fl,10,0.4339171974522293,0,8,None,66,1,5,False,1000,1000
44,4,unweighted_fl,10,0.4454617834394904,0,8,None,66,1,5,False,1000,1000
45,0,unweighted_fl,10,0.3996815286624204,0,10,None,66,1,5,False,1000,1000
46,1,unweighted_fl,10,0.4827826433121019,0,10,None,66,1,5,False,1000,1000
47,2,unweighted_fl,10,0.4700437898089172,0,10,None,66,1,5,False,1000,1000
48,3,unweighted_fl,10,0.4686504777070063,0,10,None,66,1,5,False,1000,1000
49,4,unweighted_fl,10,0.5496616242038217,0,10,None,66,1,5,False,1000,1000
50,0,unweighted_fl,10,0.2240246815286624,0,9,None,66,1,5,False,1000,1000
51,1,unweighted_fl,10,0.3390724522292994,0,9,None,66,1,5,False,1000,1000
52,2,unweighted_fl,10,0.6016122611464968,0,9,None,66,1,5,False,1000,1000
53,3,unweighted_fl,10,0.6266918789808917,0,9,None,66,1,5,False,1000,1000
54,4,unweighted_fl,10,0.6400278662420382,0,9,None,66,1,5,False,1000,1000
55,0,unweighted_fl,10,0.1057921974522293,0,11,None,66,1,5,False,1000,1000
56,1,unweighted_fl,10,0.1173367834394904,0,11,None,66,1,5,False,1000,1000
57,2,unweighted_fl,10,0.15515525477707,0,11,None,66,1,5,False,1000,1000
58,3,unweighted_fl,10,0.1795382165605095,0,11,None,66,1,5,False,1000,1000
59,4,unweighted_fl,10,0.1824243630573248,0,11,None,66,1,5,False,1000,1000
60,0,unweighted_fl,10,0.0556329617834394,0,13,None,66,1,5,False,1000,1000
61,1,unweighted_fl,10,0.0787221337579617,0,13,None,66,1,5,False,1000,1000
62,2,unweighted_fl,10,0.1065883757961783,0,13,None,66,1,5,False,1000,1000
63,3,unweighted_fl,10,0.1202229299363057,0,13,None,66,1,5,False,1000,1000
64,4,unweighted_fl,10,0.1242038216560509,0,13,None,66,1,5,False,1000,1000
65,0,unweighted_fl,10,0.2486066878980891,0,14,None,66,1,5,False,1000,1000
66,1,unweighted_fl,10,0.2948845541401274,0,14,None,66,1,5,False,1000,1000
67,2,unweighted_fl,10,0.3857484076433121,0,14,None,66,1,5,False,1000,1000
68,3,unweighted_fl,10,0.4212778662420382,0,14,None,66,1,5,False,1000,1000
69,4,unweighted_fl,10,0.4309315286624204,0,14,None,66,1,5,False,1000,1000
70,0,unweighted_fl,10,0.3624601910828025,0,12,None,66,1,5,False,1000,1000
71,1,unweighted_fl,10,0.3288216560509554,0,12,None,66,1,5,False,1000,1000
72,2,unweighted_fl,10,0.3632563694267516,0,12,None,66,1,5,False,1000,1000
73,3,unweighted_fl,10,0.458499203821656,0,12,None,66,1,5,False,1000,1000
74,4,unweighted_fl,10,0.5087579617834395,0,12,None,66,1,5,False,1000,1000
75,0,unweighted_fl,10,0.2317874203821656,0,15,None,66,1,5,False,1000,1000
76,1,unweighted_fl,10,0.2933917197452229,0,15,None,66,1,5,False,1000,1000
77,2,unweighted_fl,10,0.3035429936305732,0,15,None,66,1,5,False,1000,1000
78,3,unweighted_fl,10,0.303343949044586,0,15,None,66,1,5,False,1000,1000
79,4,unweighted_fl,10,0.3081210191082802,0,15,None,66,1,5,False,1000,1000
80,0,unweighted_fl,10,0.1572452229299363,0,17,None,66,1,5,False,1000,1000
81,1,unweighted_fl,10,0.1567476114649681,0,17,None,66,1,5,False,1000,1000
82,2,unweighted_fl,10,0.1948646496815286,0,17,None,66,1,5,False,1000,1000
83,3,unweighted_fl,10,0.2240246815286624,0,17,None,66,1,5,False,1000,1000
84,4,unweighted_fl,10,0.2231289808917197,0,17,None,66,1,5,False,1000,1000
85,0,unweighted_fl,10,0.1020103503184713,0,18,None,66,1,5,False,1000,1000
86,1,unweighted_fl,10,0.1036027070063694,0,18,None,66,1,5,False,1000,1000
87,2,unweighted_fl,10,0.1209195859872611,0,18,None,66,1,5,False,1000,1000
88,3,unweighted_fl,10,0.1652070063694267,0,18,None,66,1,5,False,1000,1000
89,4,unweighted_fl,10,0.1927746815286624,0,18,None,66,1,5,False,1000,1000
90,0,unweighted_fl,10,0.2161624203821656,0,16,None,66,1,5,False,1000,1000
91,1,unweighted_fl,10,0.3348925159235669,0,16,None,66,1,5,False,1000,1000
92,2,unweighted_fl,10,0.3972929936305732,0,16,None,66,1,5,False,1000,1000
93,3,unweighted_fl,10,0.4940286624203822,0,16,None,66,1,5,False,1000,1000
94,4,unweighted_fl,10,0.5419984076433121,0,16,None,66,1,5,False,1000,1000
95,0,unweighted_fl,10,0.1908837579617834,0,19,None,66,1,5,False,1000,1000
96,1,unweighted_fl,10,0.2177547770700637,0,19,None,66,1,5,False,1000,1000
97,2,unweighted_fl,10,0.3057324840764331,0,19,None,66,1,5,False,1000,1000
98,3,unweighted_fl,10,0.4061504777070063,0,19,None,66,1,5,False,1000,1000
99,4,unweighted_fl,10,0.4875597133757962,0,19,None,66,1,5,False,1000,1000
100,0,unweighted_fl,10,0.0995222929936305,0,20,None,66,1,5,False,1000,1000
101,1,unweighted_fl,10,0.0995222929936305,0,20,None,66,1,5,False,1000,1000
102,2,unweighted_fl,10,0.0995222929936305,0,20,None,66,1,5,False,1000,1000
103,3,unweighted_fl,10,0.0995222929936305,0,20,None,66,1,5,False,1000,1000
104,4,unweighted_fl,10,0.0995222929936305,0,20,None,66,1,5,False,1000,1000
105,0,unweighted_fl,10,0.1200238853503184,0,21,None,66,1,5,False,1000,1000
106,1,unweighted_fl,10,0.1492834394904458,0,21,None,66,1,5,False,1000,1000
107,2,unweighted_fl,10,0.1792396496815286,0,21,None,66,1,5,False,1000,1000
108,3,unweighted_fl,10,0.2004378980891719,0,21,None,66,1,5,False,1000,1000
109,4,unweighted_fl,10,0.2115843949044586,0,21,None,66,1,5,False,1000,1000
110,0,unweighted_fl,10,0.1399283439490445,0,23,None,66,1,5,False,1000,1000
111,1,unweighted_fl,10,0.2019307324840764,0,23,None,66,1,5,False,1000,1000
112,2,unweighted_fl,10,0.3047372611464968,0,23,None,66,1,5,False,1000,1000
113,3,unweighted_fl,10,0.3581807324840764,0,23,None,66,1,5,False,1000,1000
114,4,unweighted_fl,10,0.3683320063694267,0,23,None,66,1,5,False,1000,1000
115,0,unweighted_fl,10,0.1100716560509554,0,22,None,66,1,5,False,1000,1000
116,1,unweighted_fl,10,0.2239251592356688,0,22,None,66,1,5,False,1000,1000
117,2,unweighted_fl,10,0.3188694267515923,0,22,None,66,1,5,False,1000,1000
118,3,unweighted_fl,10,0.4157046178343949,0,22,None,66,1,5,False,1000,1000
119,4,unweighted_fl,10,0.4670581210191082,0,22,None,66,1,5,False,1000,1000
120,0,unweighted_fl,10,0.198546974522293,0,24,None,66,1,5,False,1000,1000
121,1,unweighted_fl,10,0.3818670382165605,0,24,None,66,1,5,False,1000,1000
122,2,unweighted_fl,10,0.4368033439490446,0,24,None,66,1,5,False,1000,1000
123,3,unweighted_fl,10,0.4607882165605095,0,24,None,66,1,5,False,1000,1000
124,4,unweighted_fl,10,0.443968949044586,0,24,None,66,1,5,False,1000,1000
125,0,unweighted_fl,10,0.0995222929936305,0,25,None,66,1,5,False,1000,1000
126,1,unweighted_fl,10,0.0995222929936305,0,25,None,66,1,5,False,1000,1000
127,2,unweighted_fl,10,0.1003184713375796,0,25,None,66,1,5,False,1000,1000
128,3,unweighted_fl,10,0.1035031847133758,0,25,None,66,1,5,False,1000,1000
129,4,unweighted_fl,10,0.1179339171974522,0,25,None,66,1,5,False,1000,1000
130,0,unweighted_fl,10,0.1572452229299363,0,26,None,66,1,5,False,1000,1000
131,1,unweighted_fl,10,0.10828025477707,0,26,None,66,1,5,False,1000,1000
132,2,unweighted_fl,10,0.1353503184713375,0,26,None,66,1,5,False,1000,1000
133,3,unweighted_fl,10,0.169984076433121,0,26,None,66,1,5,False,1000,1000
134,4,unweighted_fl,10,0.1857085987261146,0,26,None,66,1,5,False,1000,1000
135,0,unweighted_fl,10,0.3193670382165605,0,28,None,66,1,5,False,1000,1000
136,1,unweighted_fl,10,0.3564888535031847,0,28,None,66,1,5,False,1000,1000
137,2,unweighted_fl,10,0.3808718152866242,0,28,None,66,1,5,False,1000,1000
138,3,unweighted_fl,10,0.4119227707006369,0,28,None,66,1,5,False,1000,1000
139,4,unweighted_fl,10,0.4168988853503185,0,28,None,66,1,5,False,1000,1000
140,0,unweighted_fl,10,0.2505971337579618,0,27,None,66,1,5,False,1000,1000
141,1,unweighted_fl,10,0.2730891719745223,0,27,None,66,1,5,False,1000,1000
142,2,unweighted_fl,10,0.3152866242038216,0,27,None,66,1,5,False,1000,1000
143,3,unweighted_fl,10,0.3736066878980891,0,27,None,66,1,5,False,1000,1000
144,4,unweighted_fl,10,0.4433718152866242,0,27,None,66,1,5,False,1000,1000
145,0,unweighted_fl,10,0.0995222929936305,0,29,None,66,1,5,False,1000,1000
146,1,unweighted_fl,10,0.0995222929936305,0,29,None,66,1,5,False,1000,1000
147,2,unweighted_fl,10,0.0995222929936305,0,29,None,66,1,5,False,1000,1000
148,3,unweighted_fl,10,0.0995222929936305,0,29,None,66,1,5,False,1000,1000
149,4,unweighted_fl,10,0.0995222929936305,0,29,None,66,1,5,False,1000,1000
150,0,unweighted_fl,10,0.2018312101910828,0,31,None,66,1,5,False,1000,1000
151,1,unweighted_fl,10,0.2200437898089172,0,31,None,66,1,5,False,1000,1000
152,2,unweighted_fl,10,0.2533837579617834,0,31,None,66,1,5,False,1000,1000
153,3,unweighted_fl,10,0.2741839171974522,0,31,None,66,1,5,False,1000,1000
154,4,unweighted_fl,10,0.3025477707006369,0,31,None,66,1,5,False,1000,1000
155,0,unweighted_fl,10,0.1140525477707006,0,30,None,66,1,5,False,1000,1000
156,1,unweighted_fl,10,0.1442078025477707,0,30,None,66,1,5,False,1000,1000
157,2,unweighted_fl,10,0.1732683121019108,0,30,None,66,1,5,False,1000,1000
158,3,unweighted_fl,10,0.2380573248407643,0,30,None,66,1,5,False,1000,1000
159,4,unweighted_fl,10,0.2924960191082802,0,30,None,66,1,5,False,1000,1000
160,0,unweighted_fl,10,0.1649084394904458,0,32,None,66,1,5,False,1000,1000
161,1,unweighted_fl,10,0.1902866242038216,0,32,None,66,1,5,False,1000,1000
162,2,unweighted_fl,10,0.1944665605095541,0,32,None,66,1,5,False,1000,1000
163,3,unweighted_fl,10,0.2309912420382165,0,32,None,66,1,5,False,1000,1000
164,4,unweighted_fl,10,0.2849323248407643,0,32,None,66,1,5,False,1000,1000
165,5,unweighted_fl,10,0.0995222929936305,0,1,None,66,1,5,False,1000,1000
166,6,unweighted_fl,10,0.0995222929936305,0,1,None,66,1,5,False,1000,1000
167,7,unweighted_fl,10,0.0995222929936305,0,1,None,66,1,5,False,1000,1000
168,8,unweighted_fl,10,0.0995222929936305,0,1,None,66,1,5,False,1000,1000
169,9,unweighted_fl,10,0.0995222929936305,0,1,None,66,1,5,False,1000,1000
170,5,unweighted_fl,10,0.0995222929936305,0,0,None,66,1,5,False,1000,1000
171,6,unweighted_fl,10,0.0995222929936305,0,0,None,66,1,5,False,1000,1000
172,7,unweighted_fl,10,0.0997213375796178,0,0,None,66,1,5,False,1000,1000
173,8,unweighted_fl,10,0.0995222929936305,0,0,None,66,1,5,False,1000,1000
174,9,unweighted_fl,10,0.0995222929936305,0,0,None,66,1,5,False,1000,1000
175,5,unweighted_fl,10,0.0995222929936305,0,2,None,66,1,5,False,1000,1000
176,6,unweighted_fl,10,0.0995222929936305,0,2,None,66,1,5,False,1000,1000
177,7,unweighted_fl,10,0.0995222929936305,0,2,None,66,1,5,False,1000,1000
178,8,unweighted_fl,10,0.0995222929936305,0,2,None,66,1,5,False,1000,1000
179,9,unweighted_fl,10,0.0995222929936305,0,2,None,66,1,5,False,1000,1000
180,5,unweighted_fl,10,0.0995222929936305,0,3,None,66,1,5,False,1000,1000
181,6,unweighted_fl,10,0.0995222929936305,0,3,None,66,1,5,False,1000,1000
182,7,unweighted_fl,10,0.0995222929936305,0,3,None,66,1,5,False,1000,1000
183,8,unweighted_fl,10,0.0995222929936305,0,3,None,66,1,5,False,1000,1000
184,9,unweighted_fl,10,0.0995222929936305,0,3,None,66,1,5,False,1000,1000
185,5,unweighted_fl,10,0.0995222929936305,0,4,None,66,1,5,False,1000,1000
186,6,unweighted_fl,10,0.0995222929936305,0,4,None,66,1,5,False,1000,1000
187,7,unweighted_fl,10,0.0995222929936305,0,4,None,66,1,5,False,1000,1000
188,8,unweighted_fl,10,0.0995222929936305,0,4,None,66,1,5,False,1000,1000
189,9,unweighted_fl,10,0.0995222929936305,0,4,None,66,1,5,False,1000,1000
190,5,unweighted_fl,10,0.0995222929936305,0,5,None,66,1,5,False,1000,1000
191,6,unweighted_fl,10,0.0995222929936305,0,5,None,66,1,5,False,1000,1000
192,7,unweighted_fl,10,0.0995222929936305,0,5,None,66,1,5,False,1000,1000
193,8,unweighted_fl,10,0.0995222929936305,0,5,None,66,1,5,False,1000,1000
194,9,unweighted_fl,10,0.0995222929936305,0,5,None,66,1,5,False,1000,1000
195,5,unweighted_fl,10,0.0995222929936305,0,6,None,66,1,5,False,1000,1000
196,6,unweighted_fl,10,0.0995222929936305,0,6,None,66,1,5,False,1000,1000
197,7,unweighted_fl,10,0.0995222929936305,0,6,None,66,1,5,False,1000,1000
198,8,unweighted_fl,10,0.0995222929936305,0,6,None,66,1,5,False,1000,1000
199,9,unweighted_fl,10,0.0995222929936305,0,6,None,66,1,5,False,1000,1000
200,5,unweighted_fl,10,0.0995222929936305,0,7,None,66,1,5,False,1000,1000
201,6,unweighted_fl,10,0.0995222929936305,0,7,None,66,1,5,False,1000,1000
202,7,unweighted_fl,10,0.0995222929936305,0,7,None,66,1,5,False,1000,1000
203,8,unweighted_fl,10,0.0995222929936305,0,7,None,66,1,5,False,1000,1000
204,9,unweighted_fl,10,0.0995222929936305,0,7,None,66,1,5,False,1000,1000
205,5,unweighted_fl,10,0.0995222929936305,0,8,None,66,1,5,False,1000,1000
206,6,unweighted_fl,10,0.0995222929936305,0,8,None,66,1,5,False,1000,1000
207,7,unweighted_fl,10,0.0995222929936305,0,8,None,66,1,5,False,1000,1000
208,8,unweighted_fl,10,0.0995222929936305,0,8,None,66,1,5,False,1000,1000
209,9,unweighted_fl,10,0.0995222929936305,0,8,None,66,1,5,False,1000,1000
210,5,unweighted_fl,10,0.0995222929936305,0,9,None,66,1,5,False,1000,1000
211,6,unweighted_fl,10,0.0995222929936305,0,9,None,66,1,5,False,1000,1000
212,7,unweighted_fl,10,0.0995222929936305,0,9,None,66,1,5,False,1000,1000
213,8,unweighted_fl,10,0.0995222929936305,0,9,None,66,1,5,False,1000,1000
214,9,unweighted_fl,10,0.0995222929936305,0,9,None,66,1,5,False,1000,1000
215,5,unweighted_fl,10,0.0995222929936305,0,10,None,66,1,5,False,1000,1000
216,6,unweighted_fl,10,0.0995222929936305,0,10,None,66,1,5,False,1000,1000
217,7,unweighted_fl,10,0.0995222929936305,0,10,None,66,1,5,False,1000,1000
218,8,unweighted_fl,10,0.0995222929936305,0,10,None,66,1,5,False,1000,1000
219,9,unweighted_fl,10,0.0995222929936305,0,10,None,66,1,5,False,1000,1000
220,5,unweighted_fl,10,0.0995222929936305,0,12,None,66,1,5,False,1000,1000
221,6,unweighted_fl,10,0.0995222929936305,0,12,None,66,1,5,False,1000,1000
222,7,unweighted_fl,10,0.0995222929936305,0,12,None,66,1,5,False,1000,1000
223,8,unweighted_fl,10,0.0995222929936305,0,12,None,66,1,5,False,1000,1000
224,9,unweighted_fl,10,0.0995222929936305,0,12,None,66,1,5,False,1000,1000
225,5,unweighted_fl,10,0.0995222929936305,0,11,None,66,1,5,False,1000,1000
226,6,unweighted_fl,10,0.0995222929936305,0,11,None,66,1,5,False,1000,1000
227,7,unweighted_fl,10,0.0995222929936305,0,11,None,66,1,5,False,1000,1000
228,8,unweighted_fl,10,0.0995222929936305,0,11,None,66,1,5,False,1000,1000
229,9,unweighted_fl,10,0.0995222929936305,0,11,None,66,1,5,False,1000,1000
230,5,unweighted_fl,10,0.0995222929936305,0,13,None,66,1,5,False,1000,1000
231,6,unweighted_fl,10,0.0995222929936305,0,13,None,66,1,5,False,1000,1000
232,7,unweighted_fl,10,0.0995222929936305,0,13,None,66,1,5,False,1000,1000
233,8,unweighted_fl,10,0.0995222929936305,0,13,None,66,1,5,False,1000,1000
234,9,unweighted_fl,10,0.0995222929936305,0,13,None,66,1,5,False,1000,1000
235,5,unweighted_fl,10,0.0995222929936305,0,15,None,66,1,5,False,1000,1000
236,6,unweighted_fl,10,0.0995222929936305,0,15,None,66,1,5,False,1000,1000
237,7,unweighted_fl,10,0.0995222929936305,0,15,None,66,1,5,False,1000,1000
238,8,unweighted_fl,10,0.0995222929936305,0,15,None,66,1,5,False,1000,1000
239,9,unweighted_fl,10,0.0995222929936305,0,15,None,66,1,5,False,1000,1000
240,5,unweighted_fl,10,0.0995222929936305,0,16,None,66,1,5,False,1000,1000
241,6,unweighted_fl,10,0.0995222929936305,0,16,None,66,1,5,False,1000,1000
242,7,unweighted_fl,10,0.0995222929936305,0,16,None,66,1,5,False,1000,1000
243,8,unweighted_fl,10,0.0995222929936305,0,16,None,66,1,5,False,1000,1000
244,9,unweighted_fl,10,0.0995222929936305,0,16,None,66,1,5,False,1000,1000
245,5,unweighted_fl,10,0.0995222929936305,0,14,None,66,1,5,False,1000,1000
246,6,unweighted_fl,10,0.0995222929936305,0,14,None,66,1,5,False,1000,1000
247,7,unweighted_fl,10,0.0995222929936305,0,14,None,66,1,5,False,1000,1000
248,8,unweighted_fl,10,0.0995222929936305,0,14,None,66,1,5,False,1000,1000
249,9,unweighted_fl,10,0.0995222929936305,0,14,None,66,1,5,False,1000,1000
250,5,unweighted_fl,10,0.0995222929936305,0,17,None,66,1,5,False,1000,1000
251,6,unweighted_fl,10,0.0995222929936305,0,17,None,66,1,5,False,1000,1000
252,7,unweighted_fl,10,0.0995222929936305,0,17,None,66,1,5,False,1000,1000
253,8,unweighted_fl,10,0.0995222929936305,0,17,None,66,1,5,False,1000,1000
254,9,unweighted_fl,10,0.0995222929936305,0,17,None,66,1,5,False,1000,1000
255,5,unweighted_fl,10,0.0995222929936305,0,18,None,66,1,5,False,1000,1000
256,6,unweighted_fl,10,0.0995222929936305,0,18,None,66,1,5,False,1000,1000
257,7,unweighted_fl,10,0.0995222929936305,0,18,None,66,1,5,False,1000,1000
258,8,unweighted_fl,10,0.0995222929936305,0,18,None,66,1,5,False,1000,1000
259,9,unweighted_fl,10,0.0995222929936305,0,18,None,66,1,5,False,1000,1000
260,5,unweighted_fl,10,0.1024084394904458,0,19,None,66,1,5,False,1000,1000
261,6,unweighted_fl,10,0.0995222929936305,0,19,None,66,1,5,False,1000,1000
262,7,unweighted_fl,10,0.0995222929936305,0,19,None,66,1,5,False,1000,1000
263,8,unweighted_fl,10,0.0995222929936305,0,19,None,66,1,5,False,1000,1000
264,9,unweighted_fl,10,0.0995222929936305,0,19,None,66,1,5,False,1000,1000
265,5,unweighted_fl,10,0.0995222929936305,0,21,None,66,1,5,False,1000,1000
266,6,unweighted_fl,10,0.0995222929936305,0,21,None,66,1,5,False,1000,1000
267,7,unweighted_fl,10,0.0995222929936305,0,21,None,66,1,5,False,1000,1000
268,8,unweighted_fl,10,0.0995222929936305,0,21,None,66,1,5,False,1000,1000
269,9,unweighted_fl,10,0.0995222929936305,0,21,None,66,1,5,False,1000,1000
270,5,unweighted_fl,10,0.0995222929936305,0,22,None,66,1,5,False,1000,1000
271,6,unweighted_fl,10,0.0995222929936305,0,22,None,66,1,5,False,1000,1000
272,7,unweighted_fl,10,0.116640127388535,0,22,None,66,1,5,False,1000,1000
273,8,unweighted_fl,10,0.0995222929936305,0,22,None,66,1,5,False,1000,1000
274,9,unweighted_fl,10,0.0995222929936305,0,22,None,66,1,5,False,1000,1000
275,5,unweighted_fl,10,0.0995222929936305,0,20,None,66,1,5,False,1000,1000
276,6,unweighted_fl,10,0.0995222929936305,0,20,None,66,1,5,False,1000,1000
277,7,unweighted_fl,10,0.0995222929936305,0,20,None,66,1,5,False,1000,1000
278,8,unweighted_fl,10,0.0995222929936305,0,20,None,66,1,5,False,1000,1000
279,9,unweighted_fl,10,0.0995222929936305,0,20,None,66,1,5,False,1000,1000
280,5,unweighted_fl,10,0.0995222929936305,0,23,None,66,1,5,False,1000,1000
281,6,unweighted_fl,10,0.0995222929936305,0,23,None,66,1,5,False,1000,1000
282,7,unweighted_fl,10,0.0995222929936305,0,23,None,66,1,5,False,1000,1000
283,8,unweighted_fl,10,0.0995222929936305,0,23,None,66,1,5,False,1000,1000
284,9,unweighted_fl,10,0.0995222929936305,0,23,None,66,1,5,False,1000,1000
285,5,unweighted_fl,10,0.0995222929936305,0,25,None,66,1,5,False,1000,1000
286,6,unweighted_fl,10,0.1002189490445859,0,25,None,66,1,5,False,1000,1000
287,7,unweighted_fl,10,0.0995222929936305,0,25,None,66,1,5,False,1000,1000
288,8,unweighted_fl,10,0.0995222929936305,0,25,None,66,1,5,False,1000,1000
289,9,unweighted_fl,10,0.0995222929936305,0,25,None,66,1,5,False,1000,1000
290,5,unweighted_fl,10,0.0995222929936305,0,24,None,66,1,5,False,1000,1000
291,6,unweighted_fl,10,0.0995222929936305,0,24,None,66,1,5,False,1000,1000
292,7,unweighted_fl,10,0.0995222929936305,0,24,None,66,1,5,False,1000,1000
293,8,unweighted_fl,10,0.0995222929936305,0,24,None,66,1,5,False,1000,1000
294,9,unweighted_fl,10,0.0995222929936305,0,24,None,66,1,5,False,1000,1000
295,5,unweighted_fl,10,0.0995222929936305,0,26,None,66,1,5,False,1000,1000
296,6,unweighted_fl,10,0.0995222929936305,0,26,None,66,1,5,False,1000,1000
297,7,unweighted_fl,10,0.0995222929936305,0,26,None,66,1,5,False,1000,1000
298,8,unweighted_fl,10,0.0995222929936305,0,26,None,66,1,5,False,1000,1000
299,9,unweighted_fl,10,0.0995222929936305,0,26,None,66,1,5,False,1000,1000
300,5,unweighted_fl,10,0.0995222929936305,0,27,None,66,1,5,False,1000,1000
301,6,unweighted_fl,10,0.0995222929936305,0,27,None,66,1,5,False,1000,1000
302,7,unweighted_fl,10,0.0995222929936305,0,27,None,66,1,5,False,1000,1000
303,8,unweighted_fl,10,0.0995222929936305,0,27,None,66,1,5,False,1000,1000
304,9,unweighted_fl,10,0.0995222929936305,0,27,None,66,1,5,False,1000,1000
305,5,unweighted_fl,10,0.0995222929936305,0,28,None,66,1,5,False,1000,1000
306,6,unweighted_fl,10,0.0995222929936305,0,28,None,66,1,5,False,1000,1000
307,7,unweighted_fl,10,0.0995222929936305,0,28,None,66,1,5,False,1000,1000
308,8,unweighted_fl,10,0.0995222929936305,0,28,None,66,1,5,False,1000,1000
309,9,unweighted_fl,10,0.0995222929936305,0,28,None,66,1,5,False,1000,1000
310,5,unweighted_fl,10,0.0995222929936305,0,29,None,66,1,5,False,1000,1000
311,6,unweighted_fl,10,0.0995222929936305,0,29,None,66,1,5,False,1000,1000
312,7,unweighted_fl,10,0.0995222929936305,0,29,None,66,1,5,False,1000,1000
313,8,unweighted_fl,10,0.0995222929936305,0,29,None,66,1,5,False,1000,1000
314,9,unweighted_fl,10,0.0995222929936305,0,29,None,66,1,5,False,1000,1000
315,5,unweighted_fl,10,0.0995222929936305,0,30,None,66,1,5,False,1000,1000
316,6,unweighted_fl,10,0.0995222929936305,0,30,None,66,1,5,False,1000,1000
317,7,unweighted_fl,10,0.0995222929936305,0,30,None,66,1,5,False,1000,1000
318,8,unweighted_fl,10,0.0995222929936305,0,30,None,66,1,5,False,1000,1000
319,9,unweighted_fl,10,0.0995222929936305,0,30,None,66,1,5,False,1000,1000
320,5,unweighted_fl,10,0.0995222929936305,0,32,None,66,1,5,False,1000,1000
321,6,unweighted_fl,10,0.0995222929936305,0,32,None,66,1,5,False,1000,1000
322,7,unweighted_fl,10,0.0995222929936305,0,32,None,66,1,5,False,1000,1000
323,8,unweighted_fl,10,0.0995222929936305,0,32,None,66,1,5,False,1000,1000
324,9,unweighted_fl,10,0.0995222929936305,0,32,None,66,1,5,False,1000,1000
325,5,unweighted_fl,10,0.0995222929936305,0,31,None,66,1,5,False,1000,1000
326,6,unweighted_fl,10,0.0995222929936305,0,31,None,66,1,5,False,1000,1000
327,7,unweighted_fl,10,0.0995222929936305,0,31,None,66,1,5,False,1000,1000
328,8,unweighted_fl,10,0.0995222929936305,0,31,None,66,1,5,False,1000,1000
329,9,unweighted_fl,10,0.0995222929936305,0,31,None,66,1,5,False,1000,1000
330,10,unweighted_fl,10,0.0995222929936305,0,1,None,66,1,5,False,1000,1000
331,11,unweighted_fl,10,0.0995222929936305,0,1,None,66,1,5,False,1000,1000
332,12,unweighted_fl,10,0.0995222929936305,0,1,None,66,1,5,False,1000,1000
333,13,unweighted_fl,10,0.0995222929936305,0,1,None,66,1,5,False,1000,1000
334,14,unweighted_fl,10,0.1634156050955414,0,1,None,66,1,5,False,1000,1000
335,10,unweighted_fl,10,0.0995222929936305,0,0,None,66,1,5,False,1000,1000
336,11,unweighted_fl,10,0.0995222929936305,0,0,None,66,1,5,False,1000,1000
337,12,unweighted_fl,10,0.0995222929936305,0,0,None,66,1,5,False,1000,1000
338,13,unweighted_fl,10,0.0995222929936305,0,0,None,66,1,5,False,1000,1000
339,14,unweighted_fl,10,0.0995222929936305,0,0,None,66,1,5,False,1000,1000
340,10,unweighted_fl,10,0.0995222929936305,0,2,None,66,1,5,False,1000,1000
341,11,unweighted_fl,10,0.0995222929936305,0,2,None,66,1,5,False,1000,1000
342,12,unweighted_fl,10,0.0995222929936305,0,2,None,66,1,5,False,1000,1000
343,13,unweighted_fl,10,0.0995222929936305,0,2,None,66,1,5,False,1000,1000
344,14,unweighted_fl,10,0.0995222929936305,0,2,None,66,1,5,False,1000,1000
345,10,unweighted_fl,10,0.0995222929936305,0,3,None,66,1,5,False,1000,1000
346,11,unweighted_fl,10,0.0995222929936305,0,3,None,66,1,5,False,1000,1000
347,12,unweighted_fl,10,0.0995222929936305,0,3,None,66,1,5,False,1000,1000
348,13,unweighted_fl,10,0.0995222929936305,0,3,None,66,1,5,False,1000,1000
349,14,unweighted_fl,10,0.0995222929936305,0,3,None,66,1,5,False,1000,1000
350,10,unweighted_fl,10,0.0995222929936305,0,5,None,66,1,5,False,1000,1000
351,11,unweighted_fl,10,0.0995222929936305,0,5,None,66,1,5,False,1000,1000
352,12,unweighted_fl,10,0.0995222929936305,0,5,None,66,1,5,False,1000,1000
353,13,unweighted_fl,10,0.0995222929936305,0,5,None,66,1,5,False,1000,1000
354,14,unweighted_fl,10,0.0995222929936305,0,5,None,66,1,5,False,1000,1000
355,10,unweighted_fl,10,0.0995222929936305,0,6,None,66,1,5,False,1000,1000
356,11,unweighted_fl,10,0.0995222929936305,0,6,None,66,1,5,False,1000,1000
357,12,unweighted_fl,10,0.0995222929936305,0,6,None,66,1,5,False,1000,1000
358,13,unweighted_fl,10,0.0995222929936305,0,6,None,66,1,5,False,1000,1000
359,14,unweighted_fl,10,0.0995222929936305,0,6,None,66,1,5,False,1000,1000
360,10,unweighted_fl,10,0.0995222929936305,0,4,None,66,1,5,False,1000,1000
361,11,unweighted_fl,10,0.0995222929936305,0,4,None,66,1,5,False,1000,1000
362,12,unweighted_fl,10,0.0995222929936305,0,4,None,66,1,5,False,1000,1000
363,13,unweighted_fl,10,0.0995222929936305,0,4,None,66,1,5,False,1000,1000
364,14,unweighted_fl,10,0.0995222929936305,0,4,None,66,1,5,False,1000,1000
365,10,unweighted_fl,10,0.1650079617834395,0,7,None,66,1,5,False,1000,1000
366,11,unweighted_fl,10,0.0995222929936305,0,7,None,66,1,5,False,1000,1000
367,12,unweighted_fl,10,0.0995222929936305,0,7,None,66,1,5,False,1000,1000
368,13,unweighted_fl,10,0.0995222929936305,0,7,None,66,1,5,False,1000,1000
369,14,unweighted_fl,10,0.0995222929936305,0,7,None,66,1,5,False,1000,1000
370,10,unweighted_fl,10,0.0995222929936305,0,8,None,66,1,5,False,1000,1000
371,11,unweighted_fl,10,0.0995222929936305,0,8,None,66,1,5,False,1000,1000
372,12,unweighted_fl,10,0.0995222929936305,0,8,None,66,1,5,False,1000,1000
373,13,unweighted_fl,10,0.0995222929936305,0,8,None,66,1,5,False,1000,1000
374,14,unweighted_fl,10,0.0995222929936305,0,8,None,66,1,5,False,1000,1000
375,10,unweighted_fl,10,0.0995222929936305,0,9,None,66,1,5,False,1000,1000
376,11,unweighted_fl,10,0.0995222929936305,0,9,None,66,1,5,False,1000,1000
377,12,unweighted_fl,10,0.0995222929936305,0,9,None,66,1,5,False,1000,1000
378,13,unweighted_fl,10,0.0995222929936305,0,9,None,66,1,5,False,1000,1000
379,14,unweighted_fl,10,0.0995222929936305,0,9,None,66,1,5,False,1000,1000
380,10,unweighted_fl,10,0.0995222929936305,0,11,None,66,1,5,False,1000,1000
381,11,unweighted_fl,10,0.0995222929936305,0,11,None,66,1,5,False,1000,1000
382,12,unweighted_fl,10,0.0995222929936305,0,11,None,66,1,5,False,1000,1000
383,13,unweighted_fl,10,0.0995222929936305,0,11,None,66,1,5,False,1000,1000
384,14,unweighted_fl,10,0.0995222929936305,0,11,None,66,1,5,False,1000,1000
385,10,unweighted_fl,10,0.0995222929936305,0,10,None,66,1,5,False,1000,1000
386,11,unweighted_fl,10,0.0995222929936305,0,10,None,66,1,5,False,1000,1000
387,12,unweighted_fl,10,0.0995222929936305,0,10,None,66,1,5,False,1000,1000
388,13,unweighted_fl,10,0.0995222929936305,0,10,None,66,1,5,False,1000,1000
389,14,unweighted_fl,10,0.0995222929936305,0,10,None,66,1,5,False,1000,1000
390,10,unweighted_fl,10,0.0995222929936305,0,12,None,66,1,5,False,1000,1000
391,11,unweighted_fl,10,0.0995222929936305,0,12,None,66,1,5,False,1000,1000
392,12,unweighted_fl,10,0.0995222929936305,0,12,None,66,1,5,False,1000,1000
393,13,unweighted_fl,10,0.0995222929936305,0,12,None,66,1,5,False,1000,1000
394,14,unweighted_fl,10,0.0995222929936305,0,12,None,66,1,5,False,1000,1000
395,10,unweighted_fl,10,0.0995222929936305,0,14,None,66,1,5,False,1000,1000
396,11,unweighted_fl,10,0.0995222929936305,0,14,None,66,1,5,False,1000,1000
397,12,unweighted_fl,10,0.0995222929936305,0,14,None,66,1,5,False,1000,1000
398,13,unweighted_fl,10,0.0995222929936305,0,14,None,66,1,5,False,1000,1000
399,14,unweighted_fl,10,0.1556528662420382,0,14,None,66,1,5,False,1000,1000
400,10,unweighted_fl,10,0.0995222929936305,0,13,None,66,1,5,False,1000,1000
401,11,unweighted_fl,10,0.0995222929936305,0,13,None,66,1,5,False,1000,1000
402,12,unweighted_fl,10,0.0995222929936305,0,13,None,66,1,5,False,1000,1000
403,13,unweighted_fl,10,0.0995222929936305,0,13,None,66,1,5,False,1000,1000
404,14,unweighted_fl,10,0.0995222929936305,0,13,None,66,1,5,False,1000,1000
405,10,unweighted_fl,10,0.1190286624203821,0,15,None,66,1,5,False,1000,1000
406,11,unweighted_fl,10,0.0995222929936305,0,15,None,66,1,5,False,1000,1000
407,12,unweighted_fl,10,0.0995222929936305,0,15,None,66,1,5,False,1000,1000
408,13,unweighted_fl,10,0.0995222929936305,0,15,None,66,1,5,False,1000,1000
409,14,unweighted_fl,10,0.0995222929936305,0,15,None,66,1,5,False,1000,1000
410,10,unweighted_fl,10,0.0995222929936305,0,17,None,66,1,5,False,1000,1000
411,11,unweighted_fl,10,0.0995222929936305,0,17,None,66,1,5,False,1000,1000
412,12,unweighted_fl,10,0.0995222929936305,0,17,None,66,1,5,False,1000,1000
413,13,unweighted_fl,10,0.0995222929936305,0,17,None,66,1,5,False,1000,1000
414,14,unweighted_fl,10,0.0995222929936305,0,17,None,66,1,5,False,1000,1000
415,10,unweighted_fl,10,0.0995222929936305,0,18,None,66,1,5,False,1000,1000
416,11,unweighted_fl,10,0.0995222929936305,0,18,None,66,1,5,False,1000,1000
417,12,unweighted_fl,10,0.0995222929936305,0,18,None,66,1,5,False,1000,1000
418,13,unweighted_fl,10,0.0995222929936305,0,18,None,66,1,5,False,1000,1000
419,14,unweighted_fl,10,0.0995222929936305,0,18,None,66,1,5,False,1000,1000
420,10,unweighted_fl,10,0.0995222929936305,0,16,None,66,1,5,False,1000,1000
421,11,unweighted_fl,10,0.0995222929936305,0,16,None,66,1,5,False,1000,1000
422,12,unweighted_fl,10,0.0997213375796178,0,16,None,66,1,5,False,1000,1000
423,13,unweighted_fl,10,0.0995222929936305,0,16,None,66,1,5,False,1000,1000
424,14,unweighted_fl,10,0.0995222929936305,0,16,None,66,1,5,False,1000,1000
425,10,unweighted_fl,10,0.0995222929936305,0,19,None,66,1,5,False,1000,1000
426,11,unweighted_fl,10,0.0995222929936305,0,19,None,66,1,5,False,1000,1000
427,12,unweighted_fl,10,0.0995222929936305,0,19,None,66,1,5,False,1000,1000
428,13,unweighted_fl,10,0.0995222929936305,0,19,None,66,1,5,False,1000,1000
429,14,unweighted_fl,10,0.0995222929936305,0,19,None,66,1,5,False,1000,1000
430,10,unweighted_fl,10,0.0995222929936305,0,21,None,66,1,5,False,1000,1000
431,11,unweighted_fl,10,0.0995222929936305,0,21,None,66,1,5,False,1000,1000
432,12,unweighted_fl,10,0.0995222929936305,0,21,None,66,1,5,False,1000,1000
433,13,unweighted_fl,10,0.0995222929936305,0,21,None,66,1,5,False,1000,1000
434,14,unweighted_fl,10,0.0995222929936305,0,21,None,66,1,5,False,1000,1000
435,10,unweighted_fl,10,0.0995222929936305,0,20,None,66,1,5,False,1000,1000
436,11,unweighted_fl,10,0.0995222929936305,0,20,None,66,1,5,False,1000,1000
437,12,unweighted_fl,10,0.0995222929936305,0,20,None,66,1,5,False,1000,1000
438,13,unweighted_fl,10,0.0995222929936305,0,20,None,66,1,5,False,1000,1000
439,14,unweighted_fl,10,0.0995222929936305,0,20,None,66,1,5,False,1000,1000
440,10,unweighted_fl,10,0.0995222929936305,0,22,None,66,1,5,False,1000,1000
441,11,unweighted_fl,10,0.0995222929936305,0,22,None,66,1,5,False,1000,1000
442,12,unweighted_fl,10,0.0995222929936305,0,22,None,66,1,5,False,1000,1000
443,13,unweighted_fl,10,0.0995222929936305,0,22,None,66,1,5,False,1000,1000
444,14,unweighted_fl,10,0.0995222929936305,0,22,None,66,1,5,False,1000,1000
445,10,unweighted_fl,10,0.0995222929936305,0,24,None,66,1,5,False,1000,1000
446,11,unweighted_fl,10,0.0995222929936305,0,24,None,66,1,5,False,1000,1000
447,12,unweighted_fl,10,0.0995222929936305,0,24,None,66,1,5,False,1000,1000
448,13,unweighted_fl,10,0.0995222929936305,0,24,None,66,1,5,False,1000,1000
449,14,unweighted_fl,10,0.0995222929936305,0,24,None,66,1,5,False,1000,1000
450,10,unweighted_fl,10,0.0995222929936305,0,23,None,66,1,5,False,1000,1000
451,11,unweighted_fl,10,0.0995222929936305,0,23,None,66,1,5,False,1000,1000
452,12,unweighted_fl,10,0.0995222929936305,0,23,None,66,1,5,False,1000,1000
453,13,unweighted_fl,10,0.0995222929936305,0,23,None,66,1,5,False,1000,1000
454,14,unweighted_fl,10,0.0995222929936305,0,23,None,66,1,5,False,1000,1000
455,10,unweighted_fl,10,0.0995222929936305,0,25,None,66,1,5,False,1000,1000
456,11,unweighted_fl,10,0.0995222929936305,0,25,None,66,1,5,False,1000,1000
457,12,unweighted_fl,10,0.0995222929936305,0,25,None,66,1,5,False,1000,1000
458,13,unweighted_fl,10,0.0995222929936305,0,25,None,66,1,5,False,1000,1000
459,14,unweighted_fl,10,0.0995222929936305,0,25,None,66,1,5,False,1000,1000
460,10,unweighted_fl,10,0.0995222929936305,0,26,None,66,1,5,False,1000,1000
461,11,unweighted_fl,10,0.0995222929936305,0,26,None,66,1,5,False,1000,1000
462,12,unweighted_fl,10,0.0995222929936305,0,26,None,66,1,5,False,1000,1000
463,13,unweighted_fl,10,0.0995222929936305,0,26,None,66,1,5,False,1000,1000
464,14,unweighted_fl,10,0.0995222929936305,0,26,None,66,1,5,False,1000,1000
465,10,unweighted_fl,10,0.0995222929936305,0,28,None,66,1,5,False,1000,1000
466,11,unweighted_fl,10,0.0995222929936305,0,28,None,66,1,5,False,1000,1000
467,12,unweighted_fl,10,0.0995222929936305,0,28,None,66,1,5,False,1000,1000
468,13,unweighted_fl,10,0.0995222929936305,0,28,None,66,1,5,False,1000,1000
469,14,unweighted_fl,10,0.0995222929936305,0,28,None,66,1,5,False,1000,1000
470,10,unweighted_fl,10,0.0995222929936305,0,27,None,66,1,5,False,1000,1000
471,11,unweighted_fl,10,0.0995222929936305,0,27,None,66,1,5,False,1000,1000
472,12,unweighted_fl,10,0.0995222929936305,0,27,None,66,1,5,False,1000,1000
473,13,unweighted_fl,10,0.0995222929936305,0,27,None,66,1,5,False,1000,1000
474,14,unweighted_fl,10,0.0995222929936305,0,27,None,66,1,5,False,1000,1000
475,10,unweighted_fl,10,0.0995222929936305,0,29,None,66,1,5,False,1000,1000
476,11,unweighted_fl,10,0.0995222929936305,0,29,None,66,1,5,False,1000,1000
477,12,unweighted_fl,10,0.0995222929936305,0,29,None,66,1,5,False,1000,1000
478,13,unweighted_fl,10,0.0995222929936305,0,29,None,66,1,5,False,1000,1000
479,14,unweighted_fl,10,0.0995222929936305,0,29,None,66,1,5,False,1000,1000
480,10,unweighted_fl,10,0.0995222929936305,0,30,None,66,1,5,False,1000,1000
481,11,unweighted_fl,10,0.1165406050955414,0,30,None,66,1,5,False,1000,1000
482,12,unweighted_fl,10,0.0995222929936305,0,30,None,66,1,5,False,1000,1000
483,13,unweighted_fl,10,0.0995222929936305,0,30,None,66,1,5,False,1000,1000
484,14,unweighted_fl,10,0.0995222929936305,0,30,None,66,1,5,False,1000,1000
485,10,unweighted_fl,10,0.0995222929936305,0,32,None,66,1,5,False,1000,1000
486,11,unweighted_fl,10,0.0995222929936305,0,32,None,66,1,5,False,1000,1000
487,12,unweighted_fl,10,0.0995222929936305,0,32,None,66,1,5,False,1000,1000
488,13,unweighted_fl,10,0.0995222929936305,0,32,None,66,1,5,False,1000,1000
489,14,unweighted_fl,10,0.0995222929936305,0,32,None,66,1,5,False,1000,1000
490,10,unweighted_fl,10,0.0995222929936305,0,31,None,66,1,5,False,1000,1000
491,11,unweighted_fl,10,0.0995222929936305,0,31,None,66,1,5,False,1000,1000
492,12,unweighted_fl,10,0.0995222929936305,0,31,None,66,1,5,False,1000,1000
493,13,unweighted_fl,10,0.0995222929936305,0,31,None,66,1,5,False,1000,1000
494,14,unweighted_fl,10,0.0995222929936305,0,31,None,66,1,5,False,1000,1000
495,15,unweighted_fl,10,0.0995222929936305,0,0,None,66,1,5,False,1000,1000
496,16,unweighted_fl,10,0.0995222929936305,0,0,None,66,1,5,False,1000,1000
497,17,unweighted_fl,10,0.0995222929936305,0,0,None,66,1,5,False,1000,1000
498,18,unweighted_fl,10,0.0995222929936305,0,0,None,66,1,5,False,1000,1000
499,19,unweighted_fl,10,0.0995222929936305,0,0,None,66,1,5,False,1000,1000
500,15,unweighted_fl,10,0.0995222929936305,0,1,None,66,1,5,False,1000,1000
501,16,unweighted_fl,10,0.0995222929936305,0,1,None,66,1,5,False,1000,1000
502,17,unweighted_fl,10,0.0995222929936305,0,1,None,66,1,5,False,1000,1000
503,18,unweighted_fl,10,0.0995222929936305,0,1,None,66,1,5,False,1000,1000
504,19,unweighted_fl,10,0.0995222929936305,0,1,None,66,1,5,False,1000,1000
505,15,unweighted_fl,10,0.0995222929936305,0,2,None,66,1,5,False,1000,1000
506,16,unweighted_fl,10,0.0995222929936305,0,2,None,66,1,5,False,1000,1000
507,17,unweighted_fl,10,0.0995222929936305,0,2,None,66,1,5,False,1000,1000
508,18,unweighted_fl,10,0.0995222929936305,0,2,None,66,1,5,False,1000,1000
509,19,unweighted_fl,10,0.0995222929936305,0,2,None,66,1,5,False,1000,1000
510,15,unweighted_fl,10,0.0995222929936305,0,3,None,66,1,5,False,1000,1000
511,16,unweighted_fl,10,0.0995222929936305,0,3,None,66,1,5,False,1000,1000
512,17,unweighted_fl,10,0.0995222929936305,0,3,None,66,1,5,False,1000,1000
513,18,unweighted_fl,10,0.0995222929936305,0,3,None,66,1,5,False,1000,1000
514,19,unweighted_fl,10,0.0995222929936305,0,3,None,66,1,5,False,1000,1000
515,15,unweighted_fl,10,0.0995222929936305,0,4,None,66,1,5,False,1000,1000
516,16,unweighted_fl,10,0.0995222929936305,0,4,None,66,1,5,False,1000,1000
517,17,unweighted_fl,10,0.0995222929936305,0,4,None,66,1,5,False,1000,1000
518,18,unweighted_fl,10,0.0995222929936305,0,4,None,66,1,5,False,1000,1000
519,19,unweighted_fl,10,0.0995222929936305,0,4,None,66,1,5,False,1000,1000
520,15,unweighted_fl,10,0.0995222929936305,0,6,None,66,1,5,False,1000,1000
521,16,unweighted_fl,10,0.0995222929936305,0,6,None,66,1,5,False,1000,1000
522,17,unweighted_fl,10,0.0995222929936305,0,6,None,66,1,5,False,1000,1000
523,18,unweighted_fl,10,0.0995222929936305,0,6,None,66,1,5,False,1000,1000
524,19,unweighted_fl,10,0.0995222929936305,0,6,None,66,1,5,False,1000,1000
525,15,unweighted_fl,10,0.0995222929936305,0,7,None,66,1,5,False,1000,1000
526,16,unweighted_fl,10,0.0995222929936305,0,7,None,66,1,5,False,1000,1000
527,17,unweighted_fl,10,0.0995222929936305,0,7,None,66,1,5,False,1000,1000
528,18,unweighted_fl,10,0.0995222929936305,0,7,None,66,1,5,False,1000,1000
529,19,unweighted_fl,10,0.0995222929936305,0,7,None,66,1,5,False,1000,1000
530,15,unweighted_fl,10,0.0995222929936305,0,5,None,66,1,5,False,1000,1000
531,16,unweighted_fl,10,0.0995222929936305,0,5,None,66,1,5,False,1000,1000
532,17,unweighted_fl,10,0.0995222929936305,0,5,None,66,1,5,False,1000,1000
533,18,unweighted_fl,10,0.0995222929936305,0,5,None,66,1,5,False,1000,1000
534,19,unweighted_fl,10,0.0995222929936305,0,5,None,66,1,5,False,1000,1000
535,15,unweighted_fl,10,0.0995222929936305,0,8,None,66,1,5,False,1000,1000
536,16,unweighted_fl,10,0.0995222929936305,0,8,None,66,1,5,False,1000,1000
537,17,unweighted_fl,10,0.0995222929936305,0,8,None,66,1,5,False,1000,1000
538,18,unweighted_fl,10,0.0995222929936305,0,8,None,66,1,5,False,1000,1000
539,19,unweighted_fl,10,0.0995222929936305,0,8,None,66,1,5,False,1000,1000
540,15,unweighted_fl,10,0.1787420382165605,0,10,None,66,1,5,False,1000,1000
541,16,unweighted_fl,10,0.0995222929936305,0,10,None,66,1,5,False,1000,1000
542,17,unweighted_fl,10,0.0995222929936305,0,10,None,66,1,5,False,1000,1000
543,18,unweighted_fl,10,0.0995222929936305,0,10,None,66,1,5,False,1000,1000
544,19,unweighted_fl,10,0.0995222929936305,0,10,None,66,1,5,False,1000,1000
545,15,unweighted_fl,10,0.0995222929936305,0,11,None,66,1,5,False,1000,1000
546,16,unweighted_fl,10,0.1950636942675159,0,11,None,66,1,5,False,1000,1000
547,17,unweighted_fl,10,0.0995222929936305,0,11,None,66,1,5,False,1000,1000
548,18,unweighted_fl,10,0.0995222929936305,0,11,None,66,1,5,False,1000,1000
549,19,unweighted_fl,10,0.0995222929936305,0,11,None,66,1,5,False,1000,1000
550,15,unweighted_fl,10,0.0995222929936305,0,9,None,66,1,5,False,1000,1000
551,16,unweighted_fl,10,0.0995222929936305,0,9,None,66,1,5,False,1000,1000
552,17,unweighted_fl,10,0.0995222929936305,0,9,None,66,1,5,False,1000,1000
553,18,unweighted_fl,10,0.0995222929936305,0,9,None,66,1,5,False,1000,1000
554,19,unweighted_fl,10,0.0995222929936305,0,9,None,66,1,5,False,1000,1000
555,15,unweighted_fl,10,0.0995222929936305,0,13,None,66,1,5,False,1000,1000
556,16,unweighted_fl,10,0.0995222929936305,0,13,None,66,1,5,False,1000,1000
557,17,unweighted_fl,10,0.0995222929936305,0,13,None,66,1,5,False,1000,1000
558,18,unweighted_fl,10,0.0995222929936305,0,13,None,66,1,5,False,1000,1000
559,19,unweighted_fl,10,0.0995222929936305,0,13,None,66,1,5,False,1000,1000
560,15,unweighted_fl,10,0.0995222929936305,0,12,None,66,1,5,False,1000,1000
561,16,unweighted_fl,10,0.0995222929936305,0,12,None,66,1,5,False,1000,1000
562,17,unweighted_fl,10,0.0995222929936305,0,12,None,66,1,5,False,1000,1000
563,18,unweighted_fl,10,0.0995222929936305,0,12,None,66,1,5,False,1000,1000
564,19,unweighted_fl,10,0.0995222929936305,0,12,None,66,1,5,False,1000,1000
565,15,unweighted_fl,10,0.0995222929936305,0,15,None,66,1,5,False,1000,1000
566,16,unweighted_fl,10,0.0995222929936305,0,15,None,66,1,5,False,1000,1000
567,17,unweighted_fl,10,0.0995222929936305,0,15,None,66,1,5,False,1000,1000
568,18,unweighted_fl,10,0.0995222929936305,0,15,None,66,1,5,False,1000,1000
569,19,unweighted_fl,10,0.0995222929936305,0,15,None,66,1,5,False,1000,1000
570,15,unweighted_fl,10,0.0995222929936305,0,16,None,66,1,5,False,1000,1000
571,16,unweighted_fl,10,0.0995222929936305,0,16,None,66,1,5,False,1000,1000
572,17,unweighted_fl,10,0.0995222929936305,0,16,None,66,1,5,False,1000,1000
573,18,unweighted_fl,10,0.0995222929936305,0,16,None,66,1,5,False,1000,1000
574,19,unweighted_fl,10,0.0995222929936305,0,16,None,66,1,5,False,1000,1000
575,15,unweighted_fl,10,0.0995222929936305,0,14,None,66,1,5,False,1000,1000
576,16,unweighted_fl,10,0.0995222929936305,0,14,None,66,1,5,False,1000,1000
577,17,unweighted_fl,10,0.0995222929936305,0,14,None,66,1,5,False,1000,1000
578,18,unweighted_fl,10,0.0995222929936305,0,14,None,66,1,5,False,1000,1000
579,19,unweighted_fl,10,0.0995222929936305,0,14,None,66,1,5,False,1000,1000
580,15,unweighted_fl,10,0.0995222929936305,0,17,None,66,1,5,False,1000,1000
581,16,unweighted_fl,10,0.0995222929936305,0,17,None,66,1,5,False,1000,1000
582,17,unweighted_fl,10,0.0995222929936305,0,17,None,66,1,5,False,1000,1000
583,18,unweighted_fl,10,0.0995222929936305,0,17,None,66,1,5,False,1000,1000
584,19,unweighted_fl,10,0.0995222929936305,0,17,None,66,1,5,False,1000,1000
585,15,unweighted_fl,10,0.0995222929936305,0,18,None,66,1,5,False,1000,1000
586,16,unweighted_fl,10,0.0995222929936305,0,18,None,66,1,5,False,1000,1000
587,17,unweighted_fl,10,0.0995222929936305,0,18,None,66,1,5,False,1000,1000
588,18,unweighted_fl,10,0.0995222929936305,0,18,None,66,1,5,False,1000,1000
589,19,unweighted_fl,10,0.0995222929936305,0,18,None,66,1,5,False,1000,1000
590,15,unweighted_fl,10,0.0995222929936305,0,19,None,66,1,5,False,1000,1000
591,16,unweighted_fl,10,0.0995222929936305,0,19,None,66,1,5,False,1000,1000
592,17,unweighted_fl,10,0.0995222929936305,0,19,None,66,1,5,False,1000,1000
593,18,unweighted_fl,10,0.0995222929936305,0,19,None,66,1,5,False,1000,1000
594,19,unweighted_fl,10,0.0995222929936305,0,19,None,66,1,5,False,1000,1000
595,15,unweighted_fl,10,0.0995222929936305,0,21,None,66,1,5,False,1000,1000
596,16,unweighted_fl,10,0.0995222929936305,0,21,None,66,1,5,False,1000,1000
597,17,unweighted_fl,10,0.0995222929936305,0,21,None,66,1,5,False,1000,1000
598,18,unweighted_fl,10,0.0995222929936305,0,21,None,66,1,5,False,1000,1000
599,19,unweighted_fl,10,0.0995222929936305,0,21,None,66,1,5,False,1000,1000
600,15,unweighted_fl,10,0.0995222929936305,0,20,None,66,1,5,False,1000,1000
601,16,unweighted_fl,10,0.0995222929936305,0,20,None,66,1,5,False,1000,1000
602,17,unweighted_fl,10,0.0995222929936305,0,20,None,66,1,5,False,1000,1000
603,18,unweighted_fl,10,0.0995222929936305,0,20,None,66,1,5,False,1000,1000
604,19,unweighted_fl,10,0.0995222929936305,0,20,None,66,1,5,False,1000,1000
605,15,unweighted_fl,10,0.0995222929936305,0,22,None,66,1,5,False,1000,1000
606,16,unweighted_fl,10,0.0995222929936305,0,22,None,66,1,5,False,1000,1000
607,17,unweighted_fl,10,0.0995222929936305,0,22,None,66,1,5,False,1000,1000
608,18,unweighted_fl,10,0.0995222929936305,0,22,None,66,1,5,False,1000,1000
609,19,unweighted_fl,10,0.0995222929936305,0,22,None,66,1,5,False,1000,1000
610,15,unweighted_fl,10,0.0995222929936305,0,23,None,66,1,5,False,1000,1000
611,16,unweighted_fl,10,0.0995222929936305,0,23,None,66,1,5,False,1000,1000
612,17,unweighted_fl,10,0.0995222929936305,0,23,None,66,1,5,False,1000,1000
613,18,unweighted_fl,10,0.0995222929936305,0,23,None,66,1,5,False,1000,1000
614,19,unweighted_fl,10,0.0995222929936305,0,23,None,66,1,5,False,1000,1000
615,15,unweighted_fl,10,0.0995222929936305,0,24,None,66,1,5,False,1000,1000
616,16,unweighted_fl,10,0.0995222929936305,0,24,None,66,1,5,False,1000,1000
617,17,unweighted_fl,10,0.0995222929936305,0,24,None,66,1,5,False,1000,1000
618,18,unweighted_fl,10,0.0995222929936305,0,24,None,66,1,5,False,1000,1000
619,19,unweighted_fl,10,0.0995222929936305,0,24,None,66,1,5,False,1000,1000
620,15,unweighted_fl,10,0.0995222929936305,0,26,None,66,1,5,False,1000,1000
621,16,unweighted_fl,10,0.0995222929936305,0,26,None,66,1,5,False,1000,1000
622,17,unweighted_fl,10,0.0995222929936305,0,26,None,66,1,5,False,1000,1000
623,18,unweighted_fl,10,0.0995222929936305,0,26,None,66,1,5,False,1000,1000
624,19,unweighted_fl,10,0.0995222929936305,0,26,None,66,1,5,False,1000,1000
625,15,unweighted_fl,10,0.0995222929936305,0,25,None,66,1,5,False,1000,1000
626,16,unweighted_fl,10,0.0995222929936305,0,25,None,66,1,5,False,1000,1000
627,17,unweighted_fl,10,0.0995222929936305,0,25,None,66,1,5,False,1000,1000
628,18,unweighted_fl,10,0.0995222929936305,0,25,None,66,1,5,False,1000,1000
629,19,unweighted_fl,10,0.0995222929936305,0,25,None,66,1,5,False,1000,1000
630,15,unweighted_fl,10,0.0995222929936305,0,27,None,66,1,5,False,1000,1000
631,16,unweighted_fl,10,0.0995222929936305,0,27,None,66,1,5,False,1000,1000
632,17,unweighted_fl,10,0.0995222929936305,0,27,None,66,1,5,False,1000,1000
633,18,unweighted_fl,10,0.0995222929936305,0,27,None,66,1,5,False,1000,1000
634,19,unweighted_fl,10,0.0995222929936305,0,27,None,66,1,5,False,1000,1000
635,15,unweighted_fl,10,0.0995222929936305,0,28,None,66,1,5,False,1000,1000
636,16,unweighted_fl,10,0.1696855095541401,0,28,None,66,1,5,False,1000,1000
637,17,unweighted_fl,10,0.0995222929936305,0,28,None,66,1,5,False,1000,1000
638,18,unweighted_fl,10,0.0995222929936305,0,28,None,66,1,5,False,1000,1000
639,19,unweighted_fl,10,0.0995222929936305,0,28,None,66,1,5,False,1000,1000
640,15,unweighted_fl,10,0.0995222929936305,0,29,None,66,1,5,False,1000,1000
641,16,unweighted_fl,10,0.0995222929936305,0,29,None,66,1,5,False,1000,1000
642,17,unweighted_fl,10,0.0995222929936305,0,29,None,66,1,5,False,1000,1000
643,18,unweighted_fl,10,0.0995222929936305,0,29,None,66,1,5,False,1000,1000
644,19,unweighted_fl,10,0.0995222929936305,0,29,None,66,1,5,False,1000,1000
645,15,unweighted_fl,10,0.0995222929936305,0,30,None,66,1,5,False,1000,1000
646,16,unweighted_fl,10,0.0995222929936305,0,30,None,66,1,5,False,1000,1000
647,17,unweighted_fl,10,0.0995222929936305,0,30,None,66,1,5,False,1000,1000
648,18,unweighted_fl,10,0.0995222929936305,0,30,None,66,1,5,False,1000,1000
649,19,unweighted_fl,10,0.0995222929936305,0,30,None,66,1,5,False,1000,1000
650,15,unweighted_fl,10,0.0995222929936305,0,31,None,66,1,5,False,1000,1000
651,16,unweighted_fl,10,0.0995222929936305,0,31,None,66,1,5,False,1000,1000
652,17,unweighted_fl,10,0.0995222929936305,0,31,None,66,1,5,False,1000,1000
653,18,unweighted_fl,10,0.0995222929936305,0,31,None,66,1,5,False,1000,1000
654,19,unweighted_fl,10,0.0995222929936305,0,31,None,66,1,5,False,1000,1000
655,15,unweighted_fl,10,0.0995222929936305,0,32,None,66,1,5,False,1000,1000
656,16,unweighted_fl,10,0.0995222929936305,0,32,None,66,1,5,False,1000,1000
657,17,unweighted_fl,10,0.0995222929936305,0,32,None,66,1,5,False,1000,1000
658,18,unweighted_fl,10,0.0995222929936305,0,32,None,66,1,5,False,1000,1000
659,19,unweighted_fl,10,0.0995222929936305,0,32,None,66,1,5,False,1000,1000
660,20,unweighted_fl,10,0.0995222929936305,0,1,None,66,1,5,False,1000,1000
661,21,unweighted_fl,10,0.0995222929936305,0,1,None,66,1,5,False,1000,1000
662,22,unweighted_fl,10,0.0995222929936305,0,1,None,66,1,5,False,1000,1000
663,23,unweighted_fl,10,0.0995222929936305,0,1,None,66,1,5,False,1000,1000
664,24,unweighted_fl,10,0.0995222929936305,0,1,None,66,1,5,False,1000,1000
665,20,unweighted_fl,10,0.0995222929936305,0,0,None,66,1,5,False,1000,1000
666,21,unweighted_fl,10,0.0995222929936305,0,0,None,66,1,5,False,1000,1000
667,22,unweighted_fl,10,0.0995222929936305,0,0,None,66,1,5,False,1000,1000
668,23,unweighted_fl,10,0.0995222929936305,0,0,None,66,1,5,False,1000,1000
669,24,unweighted_fl,10,0.0995222929936305,0,0,None,66,1,5,False,1000,1000
670,20,unweighted_fl,10,0.0995222929936305,0,3,None,66,1,5,False,1000,1000
671,21,unweighted_fl,10,0.0995222929936305,0,3,None,66,1,5,False,1000,1000
672,22,unweighted_fl,10,0.0995222929936305,0,3,None,66,1,5,False,1000,1000
673,23,unweighted_fl,10,0.0995222929936305,0,3,None,66,1,5,False,1000,1000
674,24,unweighted_fl,10,0.0995222929936305,0,3,None,66,1,5,False,1000,1000
675,20,unweighted_fl,10,0.0995222929936305,0,2,None,66,1,5,False,1000,1000
676,21,unweighted_fl,10,0.0995222929936305,0,2,None,66,1,5,False,1000,1000
677,22,unweighted_fl,10,0.0995222929936305,0,2,None,66,1,5,False,1000,1000
678,23,unweighted_fl,10,0.0995222929936305,0,2,None,66,1,5,False,1000,1000
679,24,unweighted_fl,10,0.0995222929936305,0,2,None,66,1,5,False,1000,1000
680,20,unweighted_fl,10,0.1449044585987261,0,4,None,66,1,5,False,1000,1000
681,21,unweighted_fl,10,0.0995222929936305,0,4,None,66,1,5,False,1000,1000
682,22,unweighted_fl,10,0.0995222929936305,0,4,None,66,1,5,False,1000,1000
683,23,unweighted_fl,10,0.0995222929936305,0,4,None,66,1,5,False,1000,1000
684,24,unweighted_fl,10,0.0995222929936305,0,4,None,66,1,5,False,1000,1000
685,20,unweighted_fl,10,0.0995222929936305,0,6,None,66,1,5,False,1000,1000
686,21,unweighted_fl,10,0.0995222929936305,0,6,None,66,1,5,False,1000,1000
687,22,unweighted_fl,10,0.0995222929936305,0,6,None,66,1,5,False,1000,1000
688,23,unweighted_fl,10,0.0995222929936305,0,6,None,66,1,5,False,1000,1000
689,24,unweighted_fl,10,0.0995222929936305,0,6,None,66,1,5,False,1000,1000
690,20,unweighted_fl,10,0.0995222929936305,0,5,None,66,1,5,False,1000,1000
691,21,unweighted_fl,10,0.0995222929936305,0,5,None,66,1,5,False,1000,1000
692,22,unweighted_fl,10,0.0995222929936305,0,5,None,66,1,5,False,1000,1000
693,23,unweighted_fl,10,0.0995222929936305,0,5,None,66,1,5,False,1000,1000
694,24,unweighted_fl,10,0.0995222929936305,0,5,None,66,1,5,False,1000,1000
695,20,unweighted_fl,10,0.0995222929936305,0,7,None,66,1,5,False,1000,1000
696,21,unweighted_fl,10,0.0995222929936305,0,7,None,66,1,5,False,1000,1000
697,22,unweighted_fl,10,0.0995222929936305,0,7,None,66,1,5,False,1000,1000
698,23,unweighted_fl,10,0.0995222929936305,0,7,None,66,1,5,False,1000,1000
699,24,unweighted_fl,10,0.0995222929936305,0,7,None,66,1,5,False,1000,1000
700,20,unweighted_fl,10,0.0995222929936305,0,8,None,66,1,5,False,1000,1000
701,21,unweighted_fl,10,0.0995222929936305,0,8,None,66,1,5,False,1000,1000
702,22,unweighted_fl,10,0.0995222929936305,0,8,None,66,1,5,False,1000,1000
703,23,unweighted_fl,10,0.0995222929936305,0,8,None,66,1,5,False,1000,1000
704,24,unweighted_fl,10,0.0995222929936305,0,8,None,66,1,5,False,1000,1000
705,20,unweighted_fl,10,0.0995222929936305,0,9,None,66,1,5,False,1000,1000
706,21,unweighted_fl,10,0.0995222929936305,0,9,None,66,1,5,False,1000,1000
707,22,unweighted_fl,10,0.0995222929936305,0,9,None,66,1,5,False,1000,1000
708,23,unweighted_fl,10,0.0995222929936305,0,9,None,66,1,5,False,1000,1000
709,24,unweighted_fl,10,0.0995222929936305,0,9,None,66,1,5,False,1000,1000
710,20,unweighted_fl,10,0.0995222929936305,0,11,None,66,1,5,False,1000,1000
711,21,unweighted_fl,10,0.0995222929936305,0,11,None,66,1,5,False,1000,1000
712,22,unweighted_fl,10,0.1723726114649681,0,11,None,66,1,5,False,1000,1000
713,23,unweighted_fl,10,0.1692874203821656,0,11,None,66,1,5,False,1000,1000
714,24,unweighted_fl,10,0.1659036624203821,0,11,None,66,1,5,False,1000,1000
715,20,unweighted_fl,10,0.1378383757961783,0,12,None,66,1,5,False,1000,1000
716,21,unweighted_fl,10,0.0995222929936305,0,12,None,66,1,5,False,1000,1000
717,22,unweighted_fl,10,0.0995222929936305,0,12,None,66,1,5,False,1000,1000
718,23,unweighted_fl,10,0.0995222929936305,0,12,None,66,1,5,False,1000,1000
719,24,unweighted_fl,10,0.0995222929936305,0,12,None,66,1,5,False,1000,1000
720,20,unweighted_fl,10,0.0995222929936305,0,10,None,66,1,5,False,1000,1000
721,21,unweighted_fl,10,0.0995222929936305,0,10,None,66,1,5,False,1000,1000
722,22,unweighted_fl,10,0.0995222929936305,0,10,None,66,1,5,False,1000,1000
723,23,unweighted_fl,10,0.0995222929936305,0,10,None,66,1,5,False,1000,1000
724,24,unweighted_fl,10,0.0995222929936305,0,10,None,66,1,5,False,1000,1000
725,20,unweighted_fl,10,0.0995222929936305,0,14,None,66,1,5,False,1000,1000
726,21,unweighted_fl,10,0.0995222929936305,0,14,None,66,1,5,False,1000,1000
727,22,unweighted_fl,10,0.0995222929936305,0,14,None,66,1,5,False,1000,1000
728,23,unweighted_fl,10,0.0995222929936305,0,14,None,66,1,5,False,1000,1000
729,24,unweighted_fl,10,0.0995222929936305,0,14,None,66,1,5,False,1000,1000
730,20,unweighted_fl,10,0.0995222929936305,0,13,None,66,1,5,False,1000,1000
731,21,unweighted_fl,10,0.0995222929936305,0,13,None,66,1,5,False,1000,1000
732,22,unweighted_fl,10,0.0995222929936305,0,13,None,66,1,5,False,1000,1000
733,23,unweighted_fl,10,0.0995222929936305,0,13,None,66,1,5,False,1000,1000
734,24,unweighted_fl,10,0.0995222929936305,0,13,None,66,1,5,False,1000,1000
735,20,unweighted_fl,10,0.0995222929936305,0,16,None,66,1,5,False,1000,1000
736,21,unweighted_fl,10,0.0995222929936305,0,16,None,66,1,5,False,1000,1000
737,22,unweighted_fl,10,0.0995222929936305,0,16,None,66,1,5,False,1000,1000
738,23,unweighted_fl,10,0.0995222929936305,0,16,None,66,1,5,False,1000,1000
739,24,unweighted_fl,10,0.0995222929936305,0,16,None,66,1,5,False,1000,1000
740,20,unweighted_fl,10,0.0995222929936305,0,15,None,66,1,5,False,1000,1000
741,21,unweighted_fl,10,0.0995222929936305,0,15,None,66,1,5,False,1000,1000
742,22,unweighted_fl,10,0.0995222929936305,0,15,None,66,1,5,False,1000,1000
743,23,unweighted_fl,10,0.0995222929936305,0,15,None,66,1,5,False,1000,1000
744,24,unweighted_fl,10,0.0995222929936305,0,15,None,66,1,5,False,1000,1000
745,20,unweighted_fl,10,0.1957603503184713,0,17,None,66,1,5,False,1000,1000
746,21,unweighted_fl,10,0.0995222929936305,0,17,None,66,1,5,False,1000,1000
747,22,unweighted_fl,10,0.0995222929936305,0,17,None,66,1,5,False,1000,1000
748,23,unweighted_fl,10,0.0995222929936305,0,17,None,66,1,5,False,1000,1000
749,24,unweighted_fl,10,0.0995222929936305,0,17,None,66,1,5,False,1000,1000
750,20,unweighted_fl,10,0.0995222929936305,0,19,None,66,1,5,False,1000,1000
751,21,unweighted_fl,10,0.0995222929936305,0,19,None,66,1,5,False,1000,1000
752,22,unweighted_fl,10,0.0995222929936305,0,19,None,66,1,5,False,1000,1000
753,23,unweighted_fl,10,0.0995222929936305,0,19,None,66,1,5,False,1000,1000
754,24,unweighted_fl,10,0.0995222929936305,0,19,None,66,1,5,False,1000,1000
755,20,unweighted_fl,10,0.0995222929936305,0,18,None,66,1,5,False,1000,1000
756,21,unweighted_fl,10,0.0995222929936305,0,18,None,66,1,5,False,1000,1000
757,22,unweighted_fl,10,0.0995222929936305,0,18,None,66,1,5,False,1000,1000
758,23,unweighted_fl,10,0.0995222929936305,0,18,None,66,1,5,False,1000,1000
759,24,unweighted_fl,10,0.0995222929936305,0,18,None,66,1,5,False,1000,1000
760,20,unweighted_fl,10,0.0995222929936305,0,20,None,66,1,5,False,1000,1000
761,21,unweighted_fl,10,0.0995222929936305,0,20,None,66,1,5,False,1000,1000
762,22,unweighted_fl,10,0.0995222929936305,0,20,None,66,1,5,False,1000,1000
763,23,unweighted_fl,10,0.0995222929936305,0,20,None,66,1,5,False,1000,1000
764,24,unweighted_fl,10,0.0995222929936305,0,20,None,66,1,5,False,1000,1000
765,20,unweighted_fl,10,0.0995222929936305,0,22,None,66,1,5,False,1000,1000
766,21,unweighted_fl,10,0.0995222929936305,0,22,None,66,1,5,False,1000,1000
767,22,unweighted_fl,10,0.0995222929936305,0,22,None,66,1,5,False,1000,1000
768,23,unweighted_fl,10,0.0995222929936305,0,22,None,66,1,5,False,1000,1000
769,24,unweighted_fl,10,0.0995222929936305,0,22,None,66,1,5,False,1000,1000
770,20,unweighted_fl,10,0.0995222929936305,0,23,None,66,1,5,False,1000,1000
771,21,unweighted_fl,10,0.0995222929936305,0,23,None,66,1,5,False,1000,1000
772,22,unweighted_fl,10,0.0995222929936305,0,23,None,66,1,5,False,1000,1000
773,23,unweighted_fl,10,0.0995222929936305,0,23,None,66,1,5,False,1000,1000
774,24,unweighted_fl,10,0.0995222929936305,0,23,None,66,1,5,False,1000,1000
775,20,unweighted_fl,10,0.0995222929936305,0,21,None,66,1,5,False,1000,1000
776,21,unweighted_fl,10,0.0995222929936305,0,21,None,66,1,5,False,1000,1000
777,22,unweighted_fl,10,0.0995222929936305,0,21,None,66,1,5,False,1000,1000
778,23,unweighted_fl,10,0.0995222929936305,0,21,None,66,1,5,False,1000,1000
779,24,unweighted_fl,10,0.0995222929936305,0,21,None,66,1,5,False,1000,1000
780,20,unweighted_fl,10,0.0995222929936305,0,24,None,66,1,5,False,1000,1000
781,21,unweighted_fl,10,0.0995222929936305,0,24,None,66,1,5,False,1000,1000
782,22,unweighted_fl,10,0.0995222929936305,0,24,None,66,1,5,False,1000,1000
783,23,unweighted_fl,10,0.0995222929936305,0,24,None,66,1,5,False,1000,1000
784,24,unweighted_fl,10,0.0995222929936305,0,24,None,66,1,5,False,1000,1000
785,20,unweighted_fl,10,0.0995222929936305,0,26,None,66,1,5,False,1000,1000
786,21,unweighted_fl,10,0.0995222929936305,0,26,None,66,1,5,False,1000,1000
787,22,unweighted_fl,10,0.0995222929936305,0,26,None,66,1,5,False,1000,1000
788,23,unweighted_fl,10,0.0995222929936305,0,26,None,66,1,5,False,1000,1000
789,24,unweighted_fl,10,0.0995222929936305,0,26,None,66,1,5,False,1000,1000
790,20,unweighted_fl,10,0.0995222929936305,0,25,None,66,1,5,False,1000,1000
791,21,unweighted_fl,10,0.0995222929936305,0,25,None,66,1,5,False,1000,1000
792,22,unweighted_fl,10,0.0995222929936305,0,25,None,66,1,5,False,1000,1000
793,23,unweighted_fl,10,0.0995222929936305,0,25,None,66,1,5,False,1000,1000
794,24,unweighted_fl,10,0.0995222929936305,0,25,None,66,1,5,False,1000,1000
795,20,unweighted_fl,10,0.0995222929936305,0,28,None,66,1,5,False,1000,1000
796,21,unweighted_fl,10,0.0995222929936305,0,28,None,66,1,5,False,1000,1000
797,22,unweighted_fl,10,0.0995222929936305,0,28,None,66,1,5,False,1000,1000
798,23,unweighted_fl,10,0.1402269108280254,0,28,None,66,1,5,False,1000,1000
799,24,unweighted_fl,10,0.0995222929936305,0,28,None,66,1,5,False,1000,1000
800,20,unweighted_fl,10,0.0995222929936305,0,27,None,66,1,5,False,1000,1000
801,21,unweighted_fl,10,0.0995222929936305,0,27,None,66,1,5,False,1000,1000
802,22,unweighted_fl,10,0.0995222929936305,0,27,None,66,1,5,False,1000,1000
803,23,unweighted_fl,10,0.0995222929936305,0,27,None,66,1,5,False,1000,1000
804,24,unweighted_fl,10,0.0995222929936305,0,27,None,66,1,5,False,1000,1000
805,20,unweighted_fl,10,0.0995222929936305,0,30,None,66,1,5,False,1000,1000
806,21,unweighted_fl,10,0.0995222929936305,0,30,None,66,1,5,False,1000,1000
807,22,unweighted_fl,10,0.0995222929936305,0,30,None,66,1,5,False,1000,1000
808,23,unweighted_fl,10,0.0995222929936305,0,30,None,66,1,5,False,1000,1000
809,24,unweighted_fl,10,0.0995222929936305,0,30,None,66,1,5,False,1000,1000
810,20,unweighted_fl,10,0.0995222929936305,0,29,None,66,1,5,False,1000,1000
811,21,unweighted_fl,10,0.0995222929936305,0,29,None,66,1,5,False,1000,1000
812,22,unweighted_fl,10,0.0995222929936305,0,29,None,66,1,5,False,1000,1000
813,23,unweighted_fl,10,0.0995222929936305,0,29,None,66,1,5,False,1000,1000
814,24,unweighted_fl,10,0.0995222929936305,0,29,None,66,1,5,False,1000,1000
815,20,unweighted_fl,10,0.0995222929936305,0,31,None,66,1,5,False,1000,1000
816,21,unweighted_fl,10,0.0995222929936305,0,31,None,66,1,5,False,1000,1000
817,22,unweighted_fl,10,0.0995222929936305,0,31,None,66,1,5,False,1000,1000
818,23,unweighted_fl,10,0.0995222929936305,0,31,None,66,1,5,False,1000,1000
819,24,unweighted_fl,10,0.0995222929936305,0,31,None,66,1,5,False,1000,1000
820,20,unweighted_fl,10,0.0995222929936305,0,32,None,66,1,5,False,1000,1000
821,21,unweighted_fl,10,0.0995222929936305,0,32,None,66,1,5,False,1000,1000
822,22,unweighted_fl,10,0.0995222929936305,0,32,None,66,1,5,False,1000,1000
823,23,unweighted_fl,10,0.0995222929936305,0,32,None,66,1,5,False,1000,1000
824,24,unweighted_fl,10,0.0995222929936305,0,32,None,66,1,5,False,1000,1000
825,25,unweighted_fl,10,0.0995222929936305,0,1,None,66,1,5,False,1000,1000
826,26,unweighted_fl,10,0.0995222929936305,0,1,None,66,1,5,False,1000,1000
827,27,unweighted_fl,10,0.0995222929936305,0,1,None,66,1,5,False,1000,1000
828,28,unweighted_fl,10,0.0995222929936305,0,1,None,66,1,5,False,1000,1000
829,29,unweighted_fl,10,0.0995222929936305,0,1,None,66,1,5,False,1000,1000
830,25,unweighted_fl,10,0.0995222929936305,0,0,None,66,1,5,False,1000,1000
831,26,unweighted_fl,10,0.0995222929936305,0,0,None,66,1,5,False,1000,1000
832,27,unweighted_fl,10,0.0995222929936305,0,0,None,66,1,5,False,1000,1000
833,28,unweighted_fl,10,0.0995222929936305,0,0,None,66,1,5,False,1000,1000
834,29,unweighted_fl,10,0.0995222929936305,0,0,None,66,1,5,False,1000,1000
835,25,unweighted_fl,10,0.0995222929936305,0,3,None,66,1,5,False,1000,1000
836,26,unweighted_fl,10,0.0995222929936305,0,3,None,66,1,5,False,1000,1000
837,27,unweighted_fl,10,0.0995222929936305,0,3,None,66,1,5,False,1000,1000
838,28,unweighted_fl,10,0.0995222929936305,0,3,None,66,1,5,False,1000,1000
839,29,unweighted_fl,10,0.0995222929936305,0,3,None,66,1,5,False,1000,1000
840,25,unweighted_fl,10,0.0995222929936305,0,2,None,66,1,5,False,1000,1000
841,26,unweighted_fl,10,0.0995222929936305,0,2,None,66,1,5,False,1000,1000
842,27,unweighted_fl,10,0.0995222929936305,0,2,None,66,1,5,False,1000,1000
843,28,unweighted_fl,10,0.0995222929936305,0,2,None,66,1,5,False,1000,1000
844,29,unweighted_fl,10,0.0995222929936305,0,2,None,66,1,5,False,1000,1000
845,25,unweighted_fl,10,0.0995222929936305,0,4,None,66,1,5,False,1000,1000
846,26,unweighted_fl,10,0.1381369426751592,0,4,None,66,1,5,False,1000,1000
847,27,unweighted_fl,10,0.0995222929936305,0,4,None,66,1,5,False,1000,1000
848,28,unweighted_fl,10,0.0995222929936305,0,4,None,66,1,5,False,1000,1000
849,29,unweighted_fl,10,0.0995222929936305,0,4,None,66,1,5,False,1000,1000
850,25,unweighted_fl,10,0.0995222929936305,0,5,None,66,1,5,False,1000,1000
851,26,unweighted_fl,10,0.0995222929936305,0,5,None,66,1,5,False,1000,1000
852,27,unweighted_fl,10,0.0995222929936305,0,5,None,66,1,5,False,1000,1000
853,28,unweighted_fl,10,0.0995222929936305,0,5,None,66,1,5,False,1000,1000
854,29,unweighted_fl,10,0.0995222929936305,0,5,None,66,1,5,False,1000,1000
855,25,unweighted_fl,10,0.0995222929936305,0,6,None,66,1,5,False,1000,1000
856,26,unweighted_fl,10,0.0995222929936305,0,6,None,66,1,5,False,1000,1000
857,27,unweighted_fl,10,0.0995222929936305,0,6,None,66,1,5,False,1000,1000
858,28,unweighted_fl,10,0.0995222929936305,0,6,None,66,1,5,False,1000,1000
859,29,unweighted_fl,10,0.0995222929936305,0,6,None,66,1,5,False,1000,1000
860,25,unweighted_fl,10,0.0995222929936305,0,7,None,66,1,5,False,1000,1000
861,26,unweighted_fl,10,0.0995222929936305,0,7,None,66,1,5,False,1000,1000
862,27,unweighted_fl,10,0.0995222929936305,0,7,None,66,1,5,False,1000,1000
863,28,unweighted_fl,10,0.0995222929936305,0,7,None,66,1,5,False,1000,1000
864,29,unweighted_fl,10,0.0995222929936305,0,7,None,66,1,5,False,1000,1000
865,25,unweighted_fl,10,0.0995222929936305,0,8,None,66,1,5,False,1000,1000
866,26,unweighted_fl,10,0.0995222929936305,0,8,None,66,1,5,False,1000,1000
867,27,unweighted_fl,10,0.0995222929936305,0,8,None,66,1,5,False,1000,1000
868,28,unweighted_fl,10,0.0995222929936305,0,8,None,66,1,5,False,1000,1000
869,29,unweighted_fl,10,0.0995222929936305,0,8,None,66,1,5,False,1000,1000
870,25,unweighted_fl,10,0.0995222929936305,0,10,None,66,1,5,False,1000,1000
871,26,unweighted_fl,10,0.0995222929936305,0,10,None,66,1,5,False,1000,1000
872,27,unweighted_fl,10,0.0995222929936305,0,10,None,66,1,5,False,1000,1000
873,28,unweighted_fl,10,0.0995222929936305,0,10,None,66,1,5,False,1000,1000
874,29,unweighted_fl,10,0.0995222929936305,0,10,None,66,1,5,False,1000,1000
875,25,unweighted_fl,10,0.0995222929936305,0,9,None,66,1,5,False,1000,1000
876,26,unweighted_fl,10,0.0995222929936305,0,9,None,66,1,5,False,1000,1000
877,27,unweighted_fl,10,0.0995222929936305,0,9,None,66,1,5,False,1000,1000
878,28,unweighted_fl,10,0.0995222929936305,0,9,None,66,1,5,False,1000,1000
879,29,unweighted_fl,10,0.0995222929936305,0,9,None,66,1,5,False,1000,1000
880,25,unweighted_fl,10,0.0995222929936305,0,11,None,66,1,5,False,1000,1000
881,26,unweighted_fl,10,0.0995222929936305,0,11,None,66,1,5,False,1000,1000
882,27,unweighted_fl,10,0.0999203821656051,0,11,None,66,1,5,False,1000,1000
883,28,unweighted_fl,10,0.0997213375796178,0,11,None,66,1,5,False,1000,1000
884,29,unweighted_fl,10,0.0997213375796178,0,11,None,66,1,5,False,1000,1000
885,25,unweighted_fl,10,0.0995222929936305,0,13,None,66,1,5,False,1000,1000
886,26,unweighted_fl,10,0.0995222929936305,0,13,None,66,1,5,False,1000,1000
887,27,unweighted_fl,10,0.0995222929936305,0,13,None,66,1,5,False,1000,1000
888,28,unweighted_fl,10,0.0995222929936305,0,13,None,66,1,5,False,1000,1000
889,29,unweighted_fl,10,0.0995222929936305,0,13,None,66,1,5,False,1000,1000
890,25,unweighted_fl,10,0.0995222929936305,0,12,None,66,1,5,False,1000,1000
891,26,unweighted_fl,10,0.0995222929936305,0,12,None,66,1,5,False,1000,1000
892,27,unweighted_fl,10,0.0995222929936305,0,12,None,66,1,5,False,1000,1000
893,28,unweighted_fl,10,0.0995222929936305,0,12,None,66,1,5,False,1000,1000
894,29,unweighted_fl,10,0.0995222929936305,0,12,None,66,1,5,False,1000,1000
895,25,unweighted_fl,10,0.0995222929936305,0,14,None,66,1,5,False,1000,1000
896,26,unweighted_fl,10,0.0995222929936305,0,14,None,66,1,5,False,1000,1000
897,27,unweighted_fl,10,0.0995222929936305,0,14,None,66,1,5,False,1000,1000
898,28,unweighted_fl,10,0.0995222929936305,0,14,None,66,1,5,False,1000,1000
899,29,unweighted_fl,10,0.0995222929936305,0,14,None,66,1,5,False,1000,1000
900,25,unweighted_fl,10,0.0995222929936305,0,16,None,66,1,5,False,1000,1000
901,26,unweighted_fl,10,0.0995222929936305,0,16,None,66,1,5,False,1000,1000
902,27,unweighted_fl,10,0.0995222929936305,0,16,None,66,1,5,False,1000,1000
903,28,unweighted_fl,10,0.0995222929936305,0,16,None,66,1,5,False,1000,1000
904,29,unweighted_fl,10,0.0995222929936305,0,16,None,66,1,5,False,1000,1000
905,25,unweighted_fl,10,0.1970541401273885,0,15,None,66,1,5,False,1000,1000
906,26,unweighted_fl,10,0.0995222929936305,0,15,None,66,1,5,False,1000,1000
907,27,unweighted_fl,10,0.0995222929936305,0,15,None,66,1,5,False,1000,1000
908,28,unweighted_fl,10,0.0995222929936305,0,15,None,66,1,5,False,1000,1000
909,29,unweighted_fl,10,0.0995222929936305,0,15,None,66,1,5,False,1000,1000
910,25,unweighted_fl,10,0.0995222929936305,0,17,None,66,1,5,False,1000,1000
911,26,unweighted_fl,10,0.0995222929936305,0,17,None,66,1,5,False,1000,1000
912,27,unweighted_fl,10,0.0995222929936305,0,17,None,66,1,5,False,1000,1000
913,28,unweighted_fl,10,0.0995222929936305,0,17,None,66,1,5,False,1000,1000
914,29,unweighted_fl,10,0.0995222929936305,0,17,None,66,1,5,False,1000,1000
915,25,unweighted_fl,10,0.0995222929936305,0,19,None,66,1,5,False,1000,1000
916,26,unweighted_fl,10,0.0995222929936305,0,19,None,66,1,5,False,1000,1000
917,27,unweighted_fl,10,0.0995222929936305,0,19,None,66,1,5,False,1000,1000
918,28,unweighted_fl,10,0.0995222929936305,0,19,None,66,1,5,False,1000,1000
919,29,unweighted_fl,10,0.0995222929936305,0,19,None,66,1,5,False,1000,1000
920,25,unweighted_fl,10,0.1642117834394904,0,18,None,66,1,5,False,1000,1000
921,26,unweighted_fl,10,0.0995222929936305,0,18,None,66,1,5,False,1000,1000
922,27,unweighted_fl,10,0.0995222929936305,0,18,None,66,1,5,False,1000,1000
923,28,unweighted_fl,10,0.0995222929936305,0,18,None,66,1,5,False,1000,1000
924,29,unweighted_fl,10,0.0995222929936305,0,18,None,66,1,5,False,1000,1000
925,25,unweighted_fl,10,0.0995222929936305,0,20,None,66,1,5,False,1000,1000
926,26,unweighted_fl,10,0.0995222929936305,0,20,None,66,1,5,False,1000,1000
927,27,unweighted_fl,10,0.0995222929936305,0,20,None,66,1,5,False,1000,1000
928,28,unweighted_fl,10,0.0995222929936305,0,20,None,66,1,5,False,1000,1000
929,29,unweighted_fl,10,0.0995222929936305,0,20,None,66,1,5,False,1000,1000
930,25,unweighted_fl,10,0.0995222929936305,0,21,None,66,1,5,False,1000,1000
931,26,unweighted_fl,10,0.0995222929936305,0,21,None,66,1,5,False,1000,1000
932,27,unweighted_fl,10,0.0995222929936305,0,21,None,66,1,5,False,1000,1000
933,28,unweighted_fl,10,0.0995222929936305,0,21,None,66,1,5,False,1000,1000
934,29,unweighted_fl,10,0.0995222929936305,0,21,None,66,1,5,False,1000,1000
935,25,unweighted_fl,10,0.0995222929936305,0,22,None,66,1,5,False,1000,1000
936,26,unweighted_fl,10,0.0995222929936305,0,22,None,66,1,5,False,1000,1000
937,27,unweighted_fl,10,0.0995222929936305,0,22,None,66,1,5,False,1000,1000
938,28,unweighted_fl,10,0.0995222929936305,0,22,None,66,1,5,False,1000,1000
939,29,unweighted_fl,10,0.0995222929936305,0,22,None,66,1,5,False,1000,1000
940,25,unweighted_fl,10,0.0995222929936305,0,24,None,66,1,5,False,1000,1000
941,26,unweighted_fl,10,0.0995222929936305,0,24,None,66,1,5,False,1000,1000
942,27,unweighted_fl,10,0.0995222929936305,0,24,None,66,1,5,False,1000,1000
943,28,unweighted_fl,10,0.0995222929936305,0,24,None,66,1,5,False,1000,1000
944,29,unweighted_fl,10,0.0995222929936305,0,24,None,66,1,5,False,1000,1000
945,25,unweighted_fl,10,0.0995222929936305,0,23,None,66,1,5,False,1000,1000
946,26,unweighted_fl,10,0.0995222929936305,0,23,None,66,1,5,False,1000,1000
947,27,unweighted_fl,10,0.0995222929936305,0,23,None,66,1,5,False,1000,1000
948,28,unweighted_fl,10,0.0995222929936305,0,23,None,66,1,5,False,1000,1000
949,29,unweighted_fl,10,0.0995222929936305,0,23,None,66,1,5,False,1000,1000
950,25,unweighted_fl,10,0.0995222929936305,0,25,None,66,1,5,False,1000,1000
951,26,unweighted_fl,10,0.0995222929936305,0,25,None,66,1,5,False,1000,1000
952,27,unweighted_fl,10,0.0995222929936305,0,25,None,66,1,5,False,1000,1000
953,28,unweighted_fl,10,0.0995222929936305,0,25,None,66,1,5,False,1000,1000
954,29,unweighted_fl,10,0.0995222929936305,0,25,None,66,1,5,False,1000,1000
955,25,unweighted_fl,10,0.0995222929936305,0,27,None,66,1,5,False,1000,1000
956,26,unweighted_fl,10,0.0995222929936305,0,27,None,66,1,5,False,1000,1000
957,27,unweighted_fl,10,0.0995222929936305,0,27,None,66,1,5,False,1000,1000
958,28,unweighted_fl,10,0.0995222929936305,0,27,None,66,1,5,False,1000,1000
959,29,unweighted_fl,10,0.0995222929936305,0,27,None,66,1,5,False,1000,1000
960,25,unweighted_fl,10,0.0995222929936305,0,26,None,66,1,5,False,1000,1000
961,26,unweighted_fl,10,0.0995222929936305,0,26,None,66,1,5,False,1000,1000
962,27,unweighted_fl,10,0.0995222929936305,0,26,None,66,1,5,False,1000,1000
963,28,unweighted_fl,10,0.0995222929936305,0,26,None,66,1,5,False,1000,1000
964,29,unweighted_fl,10,0.0995222929936305,0,26,None,66,1,5,False,1000,1000
965,25,unweighted_fl,10,0.0995222929936305,0,28,None,66,1,5,False,1000,1000
966,26,unweighted_fl,10,0.0995222929936305,0,28,None,66,1,5,False,1000,1000
967,27,unweighted_fl,10,0.0995222929936305,0,28,None,66,1,5,False,1000,1000
968,28,unweighted_fl,10,0.0995222929936305,0,28,None,66,1,5,False,1000,1000
969,29,unweighted_fl,10,0.0995222929936305,0,28,None,66,1,5,False,1000,1000
970,25,unweighted_fl,10,0.0995222929936305,0,30,None,66,1,5,False,1000,1000
971,26,unweighted_fl,10,0.0995222929936305,0,30,None,66,1,5,False,1000,1000
972,27,unweighted_fl,10,0.0995222929936305,0,30,None,66,1,5,False,1000,1000
973,28,unweighted_fl,10,0.0995222929936305,0,30,None,66,1,5,False,1000,1000
974,29,unweighted_fl,10,0.0995222929936305,0,30,None,66,1,5,False,1000,1000
975,25,unweighted_fl,10,0.0995222929936305,0,29,None,66,1,5,False,1000,1000
976,26,unweighted_fl,10,0.0995222929936305,0,29,None,66,1,5,False,1000,1000
977,27,unweighted_fl,10,0.0995222929936305,0,29,None,66,1,5,False,1000,1000
978,28,unweighted_fl,10,0.0995222929936305,0,29,None,66,1,5,False,1000,1000
979,29,unweighted_fl,10,0.0995222929936305,0,29,None,66,1,5,False,1000,1000
980,25,unweighted_fl,10,0.0995222929936305,0,31,None,66,1,5,False,1000,1000
981,26,unweighted_fl,10,0.0995222929936305,0,31,None,66,1,5,False,1000,1000
982,27,unweighted_fl,10,0.0995222929936305,0,31,None,66,1,5,False,1000,1000
983,28,unweighted_fl,10,0.0995222929936305,0,31,None,66,1,5,False,1000,1000
984,29,unweighted_fl,10,0.0995222929936305,0,31,None,66,1,5,False,1000,1000
985,25,unweighted_fl,10,0.0995222929936305,0,32,None,66,1,5,False,1000,1000
986,26,unweighted_fl,10,0.0995222929936305,0,32,None,66,1,5,False,1000,1000
987,27,unweighted_fl,10,0.0995222929936305,0,32,None,66,1,5,False,1000,1000
988,28,unweighted_fl,10,0.0995222929936305,0,32,None,66,1,5,False,1000,1000
989,29,unweighted_fl,10,0.0995222929936305,0,32,None,66,1,5,False,1000,1000
1320,30,unweighted_fl,10,0.0995222929936305,0,0,None,66,1,5,False,1000,1000
1321,31,unweighted_fl,10,0.0995222929936305,0,0,None,66,1,5,False,1000,1000
1322,32,unweighted_fl,10,0.0995222929936305,0,0,None,66,1,5,False,1000,1000
1323,33,unweighted_fl,10,0.0995222929936305,0,0,None,66,1,5,False,1000,1000
1324,34,unweighted_fl,10,0.0995222929936305,0,0,None,66,1,5,False,1000,1000
1325,30,unweighted_fl,10,0.0995222929936305,0,1,None,66,1,5,False,1000,1000
1326,31,unweighted_fl,10,0.0995222929936305,0,1,None,66,1,5,False,1000,1000
1327,32,unweighted_fl,10,0.0995222929936305,0,1,None,66,1,5,False,1000,1000
1328,33,unweighted_fl,10,0.0995222929936305,0,1,None,66,1,5,False,1000,1000
1329,34,unweighted_fl,10,0.0995222929936305,0,1,None,66,1,5,False,1000,1000
1330,30,unweighted_fl,10,0.0995222929936305,0,3,None,66,1,5,False,1000,1000
1331,31,unweighted_fl,10,0.0995222929936305,0,3,None,66,1,5,False,1000,1000
1332,32,unweighted_fl,10,0.0995222929936305,0,3,None,66,1,5,False,1000,1000
1333,33,unweighted_fl,10,0.0995222929936305,0,3,None,66,1,5,False,1000,1000
1334,34,unweighted_fl,10,0.0995222929936305,0,3,None,66,1,5,False,1000,1000
1335,30,unweighted_fl,10,0.0995222929936305,0,2,None,66,1,5,False,1000,1000
1336,31,unweighted_fl,10,0.1211186305732484,0,2,None,66,1,5,False,1000,1000
1337,32,unweighted_fl,10,0.0995222929936305,0,2,None,66,1,5,False,1000,1000
1338,33,unweighted_fl,10,0.0995222929936305,0,2,None,66,1,5,False,1000,1000
1339,34,unweighted_fl,10,0.0995222929936305,0,2,None,66,1,5,False,1000,1000
1340,30,unweighted_fl,10,0.0995222929936305,0,4,None,66,1,5,False,1000,1000
1341,31,unweighted_fl,10,0.0995222929936305,0,4,None,66,1,5,False,1000,1000
1342,32,unweighted_fl,10,0.0996218152866242,0,4,None,66,1,5,False,1000,1000
1343,33,unweighted_fl,10,0.0995222929936305,0,4,None,66,1,5,False,1000,1000
1344,34,unweighted_fl,10,0.0995222929936305,0,4,None,66,1,5,False,1000,1000
1345,30,unweighted_fl,10,0.0995222929936305,0,5,None,66,1,5,False,1000,1000
1346,31,unweighted_fl,10,0.0995222929936305,0,5,None,66,1,5,False,1000,1000
1347,32,unweighted_fl,10,0.0995222929936305,0,5,None,66,1,5,False,1000,1000
1348,33,unweighted_fl,10,0.0995222929936305,0,5,None,66,1,5,False,1000,1000
1349,34,unweighted_fl,10,0.0995222929936305,0,5,None,66,1,5,False,1000,1000
1350,30,unweighted_fl,10,0.1915804140127388,0,6,None,66,1,5,False,1000,1000
1351,31,unweighted_fl,10,0.0995222929936305,0,6,None,66,1,5,False,1000,1000
1352,32,unweighted_fl,10,0.0995222929936305,0,6,None,66,1,5,False,1000,1000
1353,33,unweighted_fl,10,0.0995222929936305,0,6,None,66,1,5,False,1000,1000
1354,34,unweighted_fl,10,0.0995222929936305,0,6,None,66,1,5,False,1000,1000
1355,30,unweighted_fl,10,0.0995222929936305,0,7,None,66,1,5,False,1000,1000
1356,31,unweighted_fl,10,0.0995222929936305,0,7,None,66,1,5,False,1000,1000
1357,32,unweighted_fl,10,0.0995222929936305,0,7,None,66,1,5,False,1000,1000
1358,33,unweighted_fl,10,0.0995222929936305,0,7,None,66,1,5,False,1000,1000
1359,34,unweighted_fl,10,0.0995222929936305,0,7,None,66,1,5,False,1000,1000
1360,30,unweighted_fl,10,0.0995222929936305,0,8,None,66,1,5,False,1000,1000
1361,31,unweighted_fl,10,0.0995222929936305,0,8,None,66,1,5,False,1000,1000
1362,32,unweighted_fl,10,0.0995222929936305,0,8,None,66,1,5,False,1000,1000
1363,33,unweighted_fl,10,0.0995222929936305,0,8,None,66,1,5,False,1000,1000
1364,34,unweighted_fl,10,0.0995222929936305,0,8,None,66,1,5,False,1000,1000
1365,30,unweighted_fl,10,0.0995222929936305,0,10,None,66,1,5,False,1000,1000
1366,31,unweighted_fl,10,0.0995222929936305,0,10,None,66,1,5,False,1000,1000
1367,32,unweighted_fl,10,0.0995222929936305,0,10,None,66,1,5,False,1000,1000
1368,33,unweighted_fl,10,0.0995222929936305,0,10,None,66,1,5,False,1000,1000
1369,34,unweighted_fl,10,0.0995222929936305,0,10,None,66,1,5,False,1000,1000
1370,30,unweighted_fl,10,0.0995222929936305,0,9,None,66,1,5,False,1000,1000
1371,31,unweighted_fl,10,0.0995222929936305,0,9,None,66,1,5,False,1000,1000
1372,32,unweighted_fl,10,0.0995222929936305,0,9,None,66,1,5,False,1000,1000
1373,33,unweighted_fl,10,0.0995222929936305,0,9,None,66,1,5,False,1000,1000
1374,34,unweighted_fl,10,0.0995222929936305,0,9,None,66,1,5,False,1000,1000
1375,30,unweighted_fl,10,0.0995222929936305,0,11,None,66,1,5,False,1000,1000
1376,31,unweighted_fl,10,0.0995222929936305,0,11,None,66,1,5,False,1000,1000
1377,32,unweighted_fl,10,0.0995222929936305,0,11,None,66,1,5,False,1000,1000
1378,33,unweighted_fl,10,0.0995222929936305,0,11,None,66,1,5,False,1000,1000
1379,34,unweighted_fl,10,0.0995222929936305,0,11,None,66,1,5,False,1000,1000
1380,30,unweighted_fl,10,0.0995222929936305,0,12,None,66,1,5,False,1000,1000
1381,31,unweighted_fl,10,0.1691878980891719,0,12,None,66,1,5,False,1000,1000
1382,32,unweighted_fl,10,0.0995222929936305,0,12,None,66,1,5,False,1000,1000
1383,33,unweighted_fl,10,0.0995222929936305,0,12,None,66,1,5,False,1000,1000
1384,34,unweighted_fl,10,0.0995222929936305,0,12,None,66,1,5,False,1000,1000
1385,30,unweighted_fl,10,0.0995222929936305,0,13,None,66,1,5,False,1000,1000
1386,31,unweighted_fl,10,0.0995222929936305,0,13,None,66,1,5,False,1000,1000
1387,32,unweighted_fl,10,0.0995222929936305,0,13,None,66,1,5,False,1000,1000
1388,33,unweighted_fl,10,0.0995222929936305,0,13,None,66,1,5,False,1000,1000
1389,34,unweighted_fl,10,0.0995222929936305,0,13,None,66,1,5,False,1000,1000
1390,30,unweighted_fl,10,0.0995222929936305,0,14,None,66,1,5,False,1000,1000
1391,31,unweighted_fl,10,0.0995222929936305,0,14,None,66,1,5,False,1000,1000
1392,32,unweighted_fl,10,0.0995222929936305,0,14,None,66,1,5,False,1000,1000
1393,33,unweighted_fl,10,0.1431130573248407,0,14,None,66,1,5,False,1000,1000
1394,34,unweighted_fl,10,0.1757563694267516,0,14,None,66,1,5,False,1000,1000
1395,30,unweighted_fl,10,0.0995222929936305,0,15,None,66,1,5,False,1000,1000
1396,31,unweighted_fl,10,0.0995222929936305,0,15,None,66,1,5,False,1000,1000
1397,32,unweighted_fl,10,0.0995222929936305,0,15,None,66,1,5,False,1000,1000
1398,33,unweighted_fl,10,0.0995222929936305,0,15,None,66,1,5,False,1000,1000
1399,34,unweighted_fl,10,0.0995222929936305,0,15,None,66,1,5,False,1000,1000
1400,30,unweighted_fl,10,0.0995222929936305,0,16,None,66,1,5,False,1000,1000
1401,31,unweighted_fl,10,0.0995222929936305,0,16,None,66,1,5,False,1000,1000
1402,32,unweighted_fl,10,0.0995222929936305,0,16,None,66,1,5,False,1000,1000
1403,33,unweighted_fl,10,0.0995222929936305,0,16,None,66,1,5,False,1000,1000
1404,34,unweighted_fl,10,0.0995222929936305,0,16,None,66,1,5,False,1000,1000
1405,30,unweighted_fl,10,0.0995222929936305,0,17,None,66,1,5,False,1000,1000
1406,31,unweighted_fl,10,0.0995222929936305,0,17,None,66,1,5,False,1000,1000
1407,32,unweighted_fl,10,0.0995222929936305,0,17,None,66,1,5,False,1000,1000
1408,33,unweighted_fl,10,0.0995222929936305,0,17,None,66,1,5,False,1000,1000
1409,34,unweighted_fl,10,0.0995222929936305,0,17,None,66,1,5,False,1000,1000
1410,30,unweighted_fl,10,0.1482882165605095,0,18,None,66,1,5,False,1000,1000
1411,31,unweighted_fl,10,0.0995222929936305,0,18,None,66,1,5,False,1000,1000
1412,32,unweighted_fl,10,0.0995222929936305,0,18,None,66,1,5,False,1000,1000
1413,33,unweighted_fl,10,0.0995222929936305,0,18,None,66,1,5,False,1000,1000
1414,34,unweighted_fl,10,0.0995222929936305,0,18,None,66,1,5,False,1000,1000
1415,30,unweighted_fl,10,0.0995222929936305,0,19,None,66,1,5,False,1000,1000
1416,31,unweighted_fl,10,0.0995222929936305,0,19,None,66,1,5,False,1000,1000
1417,32,unweighted_fl,10,0.0995222929936305,0,19,None,66,1,5,False,1000,1000
1418,33,unweighted_fl,10,0.0995222929936305,0,19,None,66,1,5,False,1000,1000
1419,34,unweighted_fl,10,0.0995222929936305,0,19,None,66,1,5,False,1000,1000
1420,30,unweighted_fl,10,0.0995222929936305,0,20,None,66,1,5,False,1000,1000
1421,31,unweighted_fl,10,0.0995222929936305,0,20,None,66,1,5,False,1000,1000
1422,32,unweighted_fl,10,0.0995222929936305,0,20,None,66,1,5,False,1000,1000
1423,33,unweighted_fl,10,0.0995222929936305,0,20,None,66,1,5,False,1000,1000
1424,34,unweighted_fl,10,0.0995222929936305,0,20,None,66,1,5,False,1000,1000
1425,30,unweighted_fl,10,0.0995222929936305,0,21,None,66,1,5,False,1000,1000
1426,31,unweighted_fl,10,0.0995222929936305,0,21,None,66,1,5,False,1000,1000
1427,32,unweighted_fl,10,0.0995222929936305,0,21,None,66,1,5,False,1000,1000
1428,33,unweighted_fl,10,0.0995222929936305,0,21,None,66,1,5,False,1000,1000
1429,34,unweighted_fl,10,0.0995222929936305,0,21,None,66,1,5,False,1000,1000
1430,30,unweighted_fl,10,0.1358479299363057,0,22,None,66,1,5,False,1000,1000
1431,31,unweighted_fl,10,0.0995222929936305,0,22,None,66,1,5,False,1000,1000
1432,32,unweighted_fl,10,0.0995222929936305,0,22,None,66,1,5,False,1000,1000
1433,33,unweighted_fl,10,0.0995222929936305,0,22,None,66,1,5,False,1000,1000
1434,34,unweighted_fl,10,0.0995222929936305,0,22,None,66,1,5,False,1000,1000
1435,30,unweighted_fl,10,0.0995222929936305,0,23,None,66,1,5,False,1000,1000
1436,31,unweighted_fl,10,0.0995222929936305,0,23,None,66,1,5,False,1000,1000
1437,32,unweighted_fl,10,0.0995222929936305,0,23,None,66,1,5,False,1000,1000
1438,33,unweighted_fl,10,0.0995222929936305,0,23,None,66,1,5,False,1000,1000
1439,34,unweighted_fl,10,0.0995222929936305,0,23,None,66,1,5,False,1000,1000
1440,30,unweighted_fl,10,0.0995222929936305,0,25,None,66,1,5,False,1000,1000
1441,31,unweighted_fl,10,0.0995222929936305,0,25,None,66,1,5,False,1000,1000
1442,32,unweighted_fl,10,0.0995222929936305,0,25,None,66,1,5,False,1000,1000
1443,33,unweighted_fl,10,0.0995222929936305,0,25,None,66,1,5,False,1000,1000
1444,34,unweighted_fl,10,0.0995222929936305,0,25,None,66,1,5,False,1000,1000
1445,30,unweighted_fl,10,0.0995222929936305,0,24,None,66,1,5,False,1000,1000
1446,31,unweighted_fl,10,0.0995222929936305,0,24,None,66,1,5,False,1000,1000
1447,32,unweighted_fl,10,0.0995222929936305,0,24,None,66,1,5,False,1000,1000
1448,33,unweighted_fl,10,0.0995222929936305,0,24,None,66,1,5,False,1000,1000
1449,34,unweighted_fl,10,0.0995222929936305,0,24,None,66,1,5,False,1000,1000
1450,30,unweighted_fl,10,0.0995222929936305,0,26,None,66,1,5,False,1000,1000
1451,31,unweighted_fl,10,0.0995222929936305,0,26,None,66,1,5,False,1000,1000
1452,32,unweighted_fl,10,0.0995222929936305,0,26,None,66,1,5,False,1000,1000
1453,33,unweighted_fl,10,0.0995222929936305,0,26,None,66,1,5,False,1000,1000
1454,34,unweighted_fl,10,0.0995222929936305,0,26,None,66,1,5,False,1000,1000
1455,30,unweighted_fl,10,0.0995222929936305,0,27,None,66,1,5,False,1000,1000
1456,31,unweighted_fl,10,0.0995222929936305,0,27,None,66,1,5,False,1000,1000
1457,32,unweighted_fl,10,0.0995222929936305,0,27,None,66,1,5,False,1000,1000
1458,33,unweighted_fl,10,0.0995222929936305,0,27,None,66,1,5,False,1000,1000
1459,34,unweighted_fl,10,0.0995222929936305,0,27,None,66,1,5,False,1000,1000
1460,30,unweighted_fl,10,0.0995222929936305,0,29,None,66,1,5,False,1000,1000
1461,31,unweighted_fl,10,0.0995222929936305,0,29,None,66,1,5,False,1000,1000
1462,32,unweighted_fl,10,0.0995222929936305,0,29,None,66,1,5,False,1000,1000
1463,33,unweighted_fl,10,0.0995222929936305,0,29,None,66,1,5,False,1000,1000
1464,34,unweighted_fl,10,0.0995222929936305,0,29,None,66,1,5,False,1000,1000
1465,30,unweighted_fl,10,0.0995222929936305,0,30,None,66,1,5,False,1000,1000
1466,31,unweighted_fl,10,0.0995222929936305,0,30,None,66,1,5,False,1000,1000
1467,32,unweighted_fl,10,0.0995222929936305,0,30,None,66,1,5,False,1000,1000
1468,33,unweighted_fl,10,0.0995222929936305,0,30,None,66,1,5,False,1000,1000
1469,34,unweighted_fl,10,0.0995222929936305,0,30,None,66,1,5,False,1000,1000
1470,30,unweighted_fl,10,0.0995222929936305,0,28,None,66,1,5,False,1000,1000
1471,31,unweighted_fl,10,0.0995222929936305,0,28,None,66,1,5,False,1000,1000
1472,32,unweighted_fl,10,0.0995222929936305,0,28,None,66,1,5,False,1000,1000
1473,33,unweighted_fl,10,0.0995222929936305,0,28,None,66,1,5,False,1000,1000
1474,34,unweighted_fl,10,0.1731687898089172,0,28,None,66,1,5,False,1000,1000
1475,30,unweighted_fl,10,0.0995222929936305,0,32,None,66,1,5,False,1000,1000
1476,31,unweighted_fl,10,0.0995222929936305,0,32,None,66,1,5,False,1000,1000
1477,32,unweighted_fl,10,0.0995222929936305,0,32,None,66,1,5,False,1000,1000
1478,33,unweighted_fl,10,0.0995222929936305,0,32,None,66,1,5,False,1000,1000
1479,34,unweighted_fl,10,0.0995222929936305,0,32,None,66,1,5,False,1000,1000
1480,30,unweighted_fl,10,0.0995222929936305,0,31,None,66,1,5,False,1000,1000
1481,31,unweighted_fl,10,0.0995222929936305,0,31,None,66,1,5,False,1000,1000
1482,32,unweighted_fl,10,0.1788415605095541,0,31,None,66,1,5,False,1000,1000
1483,33,unweighted_fl,10,0.0995222929936305,0,31,None,66,1,5,False,1000,1000
1484,34,unweighted_fl,10,0.0995222929936305,0,31,None,66,1,5,False,1000,1000
1485,35,unweighted_fl,10,0.0995222929936305,0,1,None,66,1,5,False,1000,1000
1486,36,unweighted_fl,10,0.0995222929936305,0,1,None,66,1,5,False,1000,1000
1487,37,unweighted_fl,10,0.0995222929936305,0,1,None,66,1,5,False,1000,1000
1488,38,unweighted_fl,10,0.0995222929936305,0,1,None,66,1,5,False,1000,1000
1489,39,unweighted_fl,10,0.0995222929936305,0,1,None,66,1,5,False,1000,1000
1490,35,unweighted_fl,10,0.1965565286624203,0,2,None,66,1,5,False,1000,1000
1491,36,unweighted_fl,10,0.0995222929936305,0,2,None,66,1,5,False,1000,1000
1492,37,unweighted_fl,10,0.0995222929936305,0,2,None,66,1,5,False,1000,1000
1493,38,unweighted_fl,10,0.0995222929936305,0,2,None,66,1,5,False,1000,1000
1494,39,unweighted_fl,10,0.0995222929936305,0,2,None,66,1,5,False,1000,1000
1495,35,unweighted_fl,10,0.0995222929936305,0,0,None,66,1,5,False,1000,1000
1496,36,unweighted_fl,10,0.0995222929936305,0,0,None,66,1,5,False,1000,1000
1497,37,unweighted_fl,10,0.0995222929936305,0,0,None,66,1,5,False,1000,1000
1498,38,unweighted_fl,10,0.0995222929936305,0,0,None,66,1,5,False,1000,1000
1499,39,unweighted_fl,10,0.0995222929936305,0,0,None,66,1,5,False,1000,1000
1500,35,unweighted_fl,10,0.0995222929936305,0,4,None,66,1,5,False,1000,1000
1501,36,unweighted_fl,10,0.0995222929936305,0,4,None,66,1,5,False,1000,1000
1502,37,unweighted_fl,10,0.0995222929936305,0,4,None,66,1,5,False,1000,1000
1503,38,unweighted_fl,10,0.0995222929936305,0,4,None,66,1,5,False,1000,1000
1504,39,unweighted_fl,10,0.0995222929936305,0,4,None,66,1,5,False,1000,1000
1505,35,unweighted_fl,10,0.0995222929936305,0,3,None,66,1,5,False,1000,1000
1506,36,unweighted_fl,10,0.0995222929936305,0,3,None,66,1,5,False,1000,1000
1507,37,unweighted_fl,10,0.0995222929936305,0,3,None,66,1,5,False,1000,1000
1508,38,unweighted_fl,10,0.0995222929936305,0,3,None,66,1,5,False,1000,1000
1509,39,unweighted_fl,10,0.0995222929936305,0,3,None,66,1,5,False,1000,1000
1510,35,unweighted_fl,10,0.0995222929936305,0,5,None,66,1,5,False,1000,1000
1511,36,unweighted_fl,10,0.0995222929936305,0,5,None,66,1,5,False,1000,1000
1512,37,unweighted_fl,10,0.0995222929936305,0,5,None,66,1,5,False,1000,1000
1513,38,unweighted_fl,10,0.0995222929936305,0,5,None,66,1,5,False,1000,1000
1514,39,unweighted_fl,10,0.0995222929936305,0,5,None,66,1,5,False,1000,1000
1515,35,unweighted_fl,10,0.0995222929936305,0,6,None,66,1,5,False,1000,1000
1516,36,unweighted_fl,10,0.0995222929936305,0,6,None,66,1,5,False,1000,1000
1517,37,unweighted_fl,10,0.0995222929936305,0,6,None,66,1,5,False,1000,1000
1518,38,unweighted_fl,10,0.0995222929936305,0,6,None,66,1,5,False,1000,1000
1519,39,unweighted_fl,10,0.0995222929936305,0,6,None,66,1,5,False,1000,1000
1520,35,unweighted_fl,10,0.0995222929936305,0,8,None,66,1,5,False,1000,1000
1521,36,unweighted_fl,10,0.0995222929936305,0,8,None,66,1,5,False,1000,1000
1522,37,unweighted_fl,10,0.0995222929936305,0,8,None,66,1,5,False,1000,1000
1523,38,unweighted_fl,10,0.0995222929936305,0,8,None,66,1,5,False,1000,1000
1524,39,unweighted_fl,10,0.0995222929936305,0,8,None,66,1,5,False,1000,1000
1525,35,unweighted_fl,10,0.0995222929936305,0,7,None,66,1,5,False,1000,1000
1526,36,unweighted_fl,10,0.0995222929936305,0,7,None,66,1,5,False,1000,1000
1527,37,unweighted_fl,10,0.0995222929936305,0,7,None,66,1,5,False,1000,1000
1528,38,unweighted_fl,10,0.0995222929936305,0,7,None,66,1,5,False,1000,1000
1529,39,unweighted_fl,10,0.0995222929936305,0,7,None,66,1,5,False,1000,1000
1530,35,unweighted_fl,10,0.1582404458598726,0,9,None,66,1,5,False,1000,1000
1531,36,unweighted_fl,10,0.1959593949044586,0,9,None,66,1,5,False,1000,1000
1532,37,unweighted_fl,10,0.0995222929936305,0,9,None,66,1,5,False,1000,1000
1533,38,unweighted_fl,10,0.0995222929936305,0,9,None,66,1,5,False,1000,1000
1534,39,unweighted_fl,10,0.0995222929936305,0,9,None,66,1,5,False,1000,1000
1535,35,unweighted_fl,10,0.0995222929936305,0,10,None,66,1,5,False,1000,1000
1536,36,unweighted_fl,10,0.0995222929936305,0,10,None,66,1,5,False,1000,1000
1537,37,unweighted_fl,10,0.0995222929936305,0,10,None,66,1,5,False,1000,1000
1538,38,unweighted_fl,10,0.0995222929936305,0,10,None,66,1,5,False,1000,1000
1539,39,unweighted_fl,10,0.0995222929936305,0,10,None,66,1,5,False,1000,1000
1540,35,unweighted_fl,10,0.0995222929936305,0,11,None,66,1,5,False,1000,1000
1541,36,unweighted_fl,10,0.0995222929936305,0,11,None,66,1,5,False,1000,1000
1542,37,unweighted_fl,10,0.0995222929936305,0,11,None,66,1,5,False,1000,1000
1543,38,unweighted_fl,10,0.0995222929936305,0,11,None,66,1,5,False,1000,1000
1544,39,unweighted_fl,10,0.0995222929936305,0,11,None,66,1,5,False,1000,1000
1545,35,unweighted_fl,10,0.0995222929936305,0,12,None,66,1,5,False,1000,1000
1546,36,unweighted_fl,10,0.0995222929936305,0,12,None,66,1,5,False,1000,1000
1547,37,unweighted_fl,10,0.0995222929936305,0,12,None,66,1,5,False,1000,1000
1548,38,unweighted_fl,10,0.0995222929936305,0,12,None,66,1,5,False,1000,1000
1549,39,unweighted_fl,10,0.0995222929936305,0,12,None,66,1,5,False,1000,1000
1550,35,unweighted_fl,10,0.0995222929936305,0,14,None,66,1,5,False,1000,1000
1551,36,unweighted_fl,10,0.1351512738853503,0,14,None,66,1,5,False,1000,1000
1552,37,unweighted_fl,10,0.1872014331210191,0,14,None,66,1,5,False,1000,1000
1553,38,unweighted_fl,10,0.0995222929936305,0,14,None,66,1,5,False,1000,1000
1554,39,unweighted_fl,10,0.0995222929936305,0,14,None,66,1,5,False,1000,1000
1555,35,unweighted_fl,10,0.0995222929936305,0,13,None,66,1,5,False,1000,1000
1556,36,unweighted_fl,10,0.0995222929936305,0,13,None,66,1,5,False,1000,1000
1557,37,unweighted_fl,10,0.0995222929936305,0,13,None,66,1,5,False,1000,1000
1558,38,unweighted_fl,10,0.0995222929936305,0,13,None,66,1,5,False,1000,1000
1559,39,unweighted_fl,10,0.0995222929936305,0,13,None,66,1,5,False,1000,1000
1560,35,unweighted_fl,10,0.0995222929936305,0,16,None,66,1,5,False,1000,1000
1561,36,unweighted_fl,10,0.0995222929936305,0,16,None,66,1,5,False,1000,1000
1562,37,unweighted_fl,10,0.0995222929936305,0,16,None,66,1,5,False,1000,1000
1563,38,unweighted_fl,10,0.0995222929936305,0,16,None,66,1,5,False,1000,1000
1564,39,unweighted_fl,10,0.0995222929936305,0,16,None,66,1,5,False,1000,1000
1565,35,unweighted_fl,10,0.0995222929936305,0,15,None,66,1,5,False,1000,1000
1566,36,unweighted_fl,10,0.0995222929936305,0,15,None,66,1,5,False,1000,1000
1567,37,unweighted_fl,10,0.0995222929936305,0,15,None,66,1,5,False,1000,1000
1568,38,unweighted_fl,10,0.0995222929936305,0,15,None,66,1,5,False,1000,1000
1569,39,unweighted_fl,10,0.0995222929936305,0,15,None,66,1,5,False,1000,1000
1570,35,unweighted_fl,10,0.0995222929936305,0,18,None,66,1,5,False,1000,1000
1571,36,unweighted_fl,10,0.0995222929936305,0,18,None,66,1,5,False,1000,1000
1572,37,unweighted_fl,10,0.0995222929936305,0,18,None,66,1,5,False,1000,1000
1573,38,unweighted_fl,10,0.0995222929936305,0,18,None,66,1,5,False,1000,1000
1574,39,unweighted_fl,10,0.0995222929936305,0,18,None,66,1,5,False,1000,1000
1575,35,unweighted_fl,10,0.0995222929936305,0,17,None,66,1,5,False,1000,1000
1576,36,unweighted_fl,10,0.0995222929936305,0,17,None,66,1,5,False,1000,1000
1577,37,unweighted_fl,10,0.0995222929936305,0,17,None,66,1,5,False,1000,1000
1578,38,unweighted_fl,10,0.0995222929936305,0,17,None,66,1,5,False,1000,1000
1579,39,unweighted_fl,10,0.0995222929936305,0,17,None,66,1,5,False,1000,1000
1580,35,unweighted_fl,10,0.0995222929936305,0,20,None,66,1,5,False,1000,1000
1581,36,unweighted_fl,10,0.0995222929936305,0,20,None,66,1,5,False,1000,1000
1582,37,unweighted_fl,10,0.0995222929936305,0,20,None,66,1,5,False,1000,1000
1583,38,unweighted_fl,10,0.0995222929936305,0,20,None,66,1,5,False,1000,1000
1584,39,unweighted_fl,10,0.0995222929936305,0,20,None,66,1,5,False,1000,1000
1585,35,unweighted_fl,10,0.0995222929936305,0,19,None,66,1,5,False,1000,1000
1586,36,unweighted_fl,10,0.0995222929936305,0,19,None,66,1,5,False,1000,1000
1587,37,unweighted_fl,10,0.0995222929936305,0,19,None,66,1,5,False,1000,1000
1588,38,unweighted_fl,10,0.0995222929936305,0,19,None,66,1,5,False,1000,1000
1589,39,unweighted_fl,10,0.0995222929936305,0,19,None,66,1,5,False,1000,1000
1590,35,unweighted_fl,10,0.0995222929936305,0,21,None,66,1,5,False,1000,1000
1591,36,unweighted_fl,10,0.0995222929936305,0,21,None,66,1,5,False,1000,1000
1592,37,unweighted_fl,10,0.0995222929936305,0,21,None,66,1,5,False,1000,1000
1593,38,unweighted_fl,10,0.0995222929936305,0,21,None,66,1,5,False,1000,1000
1594,39,unweighted_fl,10,0.0995222929936305,0,21,None,66,1,5,False,1000,1000
1595,35,unweighted_fl,10,0.1451035031847133,0,22,None,66,1,5,False,1000,1000
1596,36,unweighted_fl,10,0.0995222929936305,0,22,None,66,1,5,False,1000,1000
1597,37,unweighted_fl,10,0.0995222929936305,0,22,None,66,1,5,False,1000,1000
1598,38,unweighted_fl,10,0.0995222929936305,0,22,None,66,1,5,False,1000,1000
1599,39,unweighted_fl,10,0.0995222929936305,0,22,None,66,1,5,False,1000,1000
1600,35,unweighted_fl,10,0.0995222929936305,0,23,None,66,1,5,False,1000,1000
1601,36,unweighted_fl,10,0.0995222929936305,0,23,None,66,1,5,False,1000,1000
1602,37,unweighted_fl,10,0.0995222929936305,0,23,None,66,1,5,False,1000,1000
1603,38,unweighted_fl,10,0.0995222929936305,0,23,None,66,1,5,False,1000,1000
1604,39,unweighted_fl,10,0.0995222929936305,0,23,None,66,1,5,False,1000,1000
1605,35,unweighted_fl,10,0.0995222929936305,0,24,None,66,1,5,False,1000,1000
1606,36,unweighted_fl,10,0.0995222929936305,0,24,None,66,1,5,False,1000,1000
1607,37,unweighted_fl,10,0.0995222929936305,0,24,None,66,1,5,False,1000,1000
1608,38,unweighted_fl,10,0.0995222929936305,0,24,None,66,1,5,False,1000,1000
1609,39,unweighted_fl,10,0.0995222929936305,0,24,None,66,1,5,False,1000,1000
1610,35,unweighted_fl,10,0.0995222929936305,0,26,None,66,1,5,False,1000,1000
1611,36,unweighted_fl,10,0.0995222929936305,0,26,None,66,1,5,False,1000,1000
1612,37,unweighted_fl,10,0.0995222929936305,0,26,None,66,1,5,False,1000,1000
1613,38,unweighted_fl,10,0.0995222929936305,0,26,None,66,1,5,False,1000,1000
1614,39,unweighted_fl,10,0.1715764331210191,0,26,None,66,1,5,False,1000,1000
1615,35,unweighted_fl,10,0.0995222929936305,0,25,None,66,1,5,False,1000,1000
1616,36,unweighted_fl,10,0.0995222929936305,0,25,None,66,1,5,False,1000,1000
1617,37,unweighted_fl,10,0.0995222929936305,0,25,None,66,1,5,False,1000,1000
1618,38,unweighted_fl,10,0.0995222929936305,0,25,None,66,1,5,False,1000,1000
1619,39,unweighted_fl,10,0.0995222929936305,0,25,None,66,1,5,False,1000,1000
1620,35,unweighted_fl,10,0.0995222929936305,0,28,None,66,1,5,False,1000,1000
1621,36,unweighted_fl,10,0.0995222929936305,0,28,None,66,1,5,False,1000,1000
1622,37,unweighted_fl,10,0.0995222929936305,0,28,None,66,1,5,False,1000,1000
1623,38,unweighted_fl,10,0.0995222929936305,0,28,None,66,1,5,False,1000,1000
1624,39,unweighted_fl,10,0.0995222929936305,0,28,None,66,1,5,False,1000,1000
1625,35,unweighted_fl,10,0.0995222929936305,0,27,None,66,1,5,False,1000,1000
1626,36,unweighted_fl,10,0.0995222929936305,0,27,None,66,1,5,False,1000,1000
1627,37,unweighted_fl,10,0.0995222929936305,0,27,None,66,1,5,False,1000,1000
1628,38,unweighted_fl,10,0.0995222929936305,0,27,None,66,1,5,False,1000,1000
1629,39,unweighted_fl,10,0.0995222929936305,0,27,None,66,1,5,False,1000,1000
1630,35,unweighted_fl,10,0.0995222929936305,0,30,None,66,1,5,False,1000,1000
1631,36,unweighted_fl,10,0.0995222929936305,0,30,None,66,1,5,False,1000,1000
1632,37,unweighted_fl,10,0.0995222929936305,0,30,None,66,1,5,False,1000,1000
1633,38,unweighted_fl,10,0.0995222929936305,0,30,None,66,1,5,False,1000,1000
1634,39,unweighted_fl,10,0.0995222929936305,0,30,None,66,1,5,False,1000,1000
1635,35,unweighted_fl,10,0.0995222929936305,0,29,None,66,1,5,False,1000,1000
1636,36,unweighted_fl,10,0.0995222929936305,0,29,None,66,1,5,False,1000,1000
1637,37,unweighted_fl,10,0.0995222929936305,0,29,None,66,1,5,False,1000,1000
1638,38,unweighted_fl,10,0.0995222929936305,0,29,None,66,1,5,False,1000,1000
1639,39,unweighted_fl,10,0.0995222929936305,0,29,None,66,1,5,False,1000,1000
1640,35,unweighted_fl,10,0.0995222929936305,0,32,None,66,1,5,False,1000,1000
1641,36,unweighted_fl,10,0.0995222929936305,0,32,None,66,1,5,False,1000,1000
1642,37,unweighted_fl,10,0.0995222929936305,0,32,None,66,1,5,False,1000,1000
1643,38,unweighted_fl,10,0.0995222929936305,0,32,None,66,1,5,False,1000,1000
1644,39,unweighted_fl,10,0.0995222929936305,0,32,None,66,1,5,False,1000,1000
1645,35,unweighted_fl,10,0.0995222929936305,0,31,None,66,1,5,False,1000,1000
1646,36,unweighted_fl,10,0.0995222929936305,0,31,None,66,1,5,False,1000,1000
1647,37,unweighted_fl,10,0.0995222929936305,0,31,None,66,1,5,False,1000,1000
1648,38,unweighted_fl,10,0.0995222929936305,0,31,None,66,1,5,False,1000,1000
1649,39,unweighted_fl,10,0.0995222929936305,0,31,None,66,1,5,False,1000,1000
1650,40,unweighted_fl,10,0.0995222929936305,0,1,None,66,1,5,False,1000,1000
1651,41,unweighted_fl,10,0.0995222929936305,0,1,None,66,1,5,False,1000,1000
1652,42,unweighted_fl,10,0.0995222929936305,0,1,None,66,1,5,False,1000,1000
1653,43,unweighted_fl,10,0.0995222929936305,0,1,None,66,1,5,False,1000,1000
1654,44,unweighted_fl,10,0.0995222929936305,0,1,None,66,1,5,False,1000,1000
1655,40,unweighted_fl,10,0.0995222929936305,0,2,None,66,1,5,False,1000,1000
1656,41,unweighted_fl,10,0.0995222929936305,0,2,None,66,1,5,False,1000,1000
1657,42,unweighted_fl,10,0.0995222929936305,0,2,None,66,1,5,False,1000,1000
1658,43,unweighted_fl,10,0.0995222929936305,0,2,None,66,1,5,False,1000,1000
1659,44,unweighted_fl,10,0.0995222929936305,0,2,None,66,1,5,False,1000,1000
1660,40,unweighted_fl,10,0.0995222929936305,0,0,None,66,1,5,False,1000,1000
1661,41,unweighted_fl,10,0.0995222929936305,0,0,None,66,1,5,False,1000,1000
1662,42,unweighted_fl,10,0.0995222929936305,0,0,None,66,1,5,False,1000,1000
1663,43,unweighted_fl,10,0.0995222929936305,0,0,None,66,1,5,False,1000,1000
1664,44,unweighted_fl,10,0.0995222929936305,0,0,None,66,1,5,False,1000,1000
1665,40,unweighted_fl,10,0.0995222929936305,0,3,None,66,1,5,False,1000,1000
1666,41,unweighted_fl,10,0.0995222929936305,0,3,None,66,1,5,False,1000,1000
1667,42,unweighted_fl,10,0.0995222929936305,0,3,None,66,1,5,False,1000,1000
1668,43,unweighted_fl,10,0.0995222929936305,0,3,None,66,1,5,False,1000,1000
1669,44,unweighted_fl,10,0.0995222929936305,0,3,None,66,1,5,False,1000,1000
1670,40,unweighted_fl,10,0.0995222929936305,0,4,None,66,1,5,False,1000,1000
1671,41,unweighted_fl,10,0.0995222929936305,0,4,None,66,1,5,False,1000,1000
1672,42,unweighted_fl,10,0.0995222929936305,0,4,None,66,1,5,False,1000,1000
1673,43,unweighted_fl,10,0.1782444267515923,0,4,None,66,1,5,False,1000,1000
1674,44,unweighted_fl,10,0.1802348726114649,0,4,None,66,1,5,False,1000,1000
1675,40,unweighted_fl,10,0.0995222929936305,0,5,None,66,1,5,False,1000,1000
1676,41,unweighted_fl,10,0.0995222929936305,0,5,None,66,1,5,False,1000,1000
1677,42,unweighted_fl,10,0.0995222929936305,0,5,None,66,1,5,False,1000,1000
1678,43,unweighted_fl,10,0.0995222929936305,0,5,None,66,1,5,False,1000,1000
1679,44,unweighted_fl,10,0.0995222929936305,0,5,None,66,1,5,False,1000,1000
1680,40,unweighted_fl,10,0.1942675159235669,0,7,None,66,1,5,False,1000,1000
1681,41,unweighted_fl,10,0.0995222929936305,0,7,None,66,1,5,False,1000,1000
1682,42,unweighted_fl,10,0.0995222929936305,0,7,None,66,1,5,False,1000,1000
1683,43,unweighted_fl,10,0.0995222929936305,0,7,None,66,1,5,False,1000,1000
1684,44,unweighted_fl,10,0.0995222929936305,0,7,None,66,1,5,False,1000,1000
1685,40,unweighted_fl,10,0.0995222929936305,0,6,None,66,1,5,False,1000,1000
1686,41,unweighted_fl,10,0.0995222929936305,0,6,None,66,1,5,False,1000,1000
1687,42,unweighted_fl,10,0.1006170382165605,0,6,None,66,1,5,False,1000,1000
1688,43,unweighted_fl,10,0.0995222929936305,0,6,None,66,1,5,False,1000,1000
1689,44,unweighted_fl,10,0.0995222929936305,0,6,None,66,1,5,False,1000,1000
1690,40,unweighted_fl,10,0.0995222929936305,0,8,None,66,1,5,False,1000,1000
1691,41,unweighted_fl,10,0.0995222929936305,0,8,None,66,1,5,False,1000,1000
1692,42,unweighted_fl,10,0.0995222929936305,0,8,None,66,1,5,False,1000,1000
1693,43,unweighted_fl,10,0.0995222929936305,0,8,None,66,1,5,False,1000,1000
1694,44,unweighted_fl,10,0.0995222929936305,0,8,None,66,1,5,False,1000,1000
1695,40,unweighted_fl,10,0.1664012738853503,0,9,None,66,1,5,False,1000,1000
1696,41,unweighted_fl,10,0.1554538216560509,0,9,None,66,1,5,False,1000,1000
1697,42,unweighted_fl,10,0.0995222929936305,0,9,None,66,1,5,False,1000,1000
1698,43,unweighted_fl,10,0.0995222929936305,0,9,None,66,1,5,False,1000,1000
1699,44,unweighted_fl,10,0.0995222929936305,0,9,None,66,1,5,False,1000,1000
1700,40,unweighted_fl,10,0.0995222929936305,0,10,None,66,1,5,False,1000,1000
1701,41,unweighted_fl,10,0.0995222929936305,0,10,None,66,1,5,False,1000,1000
1702,42,unweighted_fl,10,0.0995222929936305,0,10,None,66,1,5,False,1000,1000
1703,43,unweighted_fl,10,0.0995222929936305,0,10,None,66,1,5,False,1000,1000
1704,44,unweighted_fl,10,0.0995222929936305,0,10,None,66,1,5,False,1000,1000
1705,40,unweighted_fl,10,0.0995222929936305,0,12,None,66,1,5,False,1000,1000
1706,41,unweighted_fl,10,0.0995222929936305,0,12,None,66,1,5,False,1000,1000
1707,42,unweighted_fl,10,0.0995222929936305,0,12,None,66,1,5,False,1000,1000
1708,43,unweighted_fl,10,0.0995222929936305,0,12,None,66,1,5,False,1000,1000
1709,44,unweighted_fl,10,0.0995222929936305,0,12,None,66,1,5,False,1000,1000
1710,40,unweighted_fl,10,0.0995222929936305,0,13,None,66,1,5,False,1000,1000
1711,41,unweighted_fl,10,0.0995222929936305,0,13,None,66,1,5,False,1000,1000
1712,42,unweighted_fl,10,0.0995222929936305,0,13,None,66,1,5,False,1000,1000
1713,43,unweighted_fl,10,0.0995222929936305,0,13,None,66,1,5,False,1000,1000
1714,44,unweighted_fl,10,0.0995222929936305,0,13,None,66,1,5,False,1000,1000
1715,40,unweighted_fl,10,0.0995222929936305,0,11,None,66,1,5,False,1000,1000
1716,41,unweighted_fl,10,0.1541600318471337,0,11,None,66,1,5,False,1000,1000
1717,42,unweighted_fl,10,0.0995222929936305,0,11,None,66,1,5,False,1000,1000
1718,43,unweighted_fl,10,0.0995222929936305,0,11,None,66,1,5,False,1000,1000
1719,44,unweighted_fl,10,0.0995222929936305,0,11,None,66,1,5,False,1000,1000
1720,40,unweighted_fl,10,0.1677945859872611,0,14,None,66,1,5,False,1000,1000
1721,41,unweighted_fl,10,0.1848128980891719,0,14,None,66,1,5,False,1000,1000
1722,42,unweighted_fl,10,0.0995222929936305,0,14,None,66,1,5,False,1000,1000
1723,43,unweighted_fl,10,0.0995222929936305,0,14,None,66,1,5,False,1000,1000
1724,44,unweighted_fl,10,0.0995222929936305,0,14,None,66,1,5,False,1000,1000
1725,40,unweighted_fl,10,0.0995222929936305,0,16,None,66,1,5,False,1000,1000
1726,41,unweighted_fl,10,0.0995222929936305,0,16,None,66,1,5,False,1000,1000
1727,42,unweighted_fl,10,0.0995222929936305,0,16,None,66,1,5,False,1000,1000
1728,43,unweighted_fl,10,0.0995222929936305,0,16,None,66,1,5,False,1000,1000
1729,44,unweighted_fl,10,0.0995222929936305,0,16,None,66,1,5,False,1000,1000
1730,40,unweighted_fl,10,0.0995222929936305,0,17,None,66,1,5,False,1000,1000
1731,41,unweighted_fl,10,0.0995222929936305,0,17,None,66,1,5,False,1000,1000
1732,42,unweighted_fl,10,0.0995222929936305,0,17,None,66,1,5,False,1000,1000
1733,43,unweighted_fl,10,0.0995222929936305,0,17,None,66,1,5,False,1000,1000
1734,44,unweighted_fl,10,0.0995222929936305,0,17,None,66,1,5,False,1000,1000
1735,40,unweighted_fl,10,0.0995222929936305,0,15,None,66,1,5,False,1000,1000
1736,41,unweighted_fl,10,0.0995222929936305,0,15,None,66,1,5,False,1000,1000
1737,42,unweighted_fl,10,0.0995222929936305,0,15,None,66,1,5,False,1000,1000
1738,43,unweighted_fl,10,0.0995222929936305,0,15,None,66,1,5,False,1000,1000
1739,44,unweighted_fl,10,0.0995222929936305,0,15,None,66,1,5,False,1000,1000
1740,40,unweighted_fl,10,0.0995222929936305,0,18,None,66,1,5,False,1000,1000
1741,41,unweighted_fl,10,0.0995222929936305,0,18,None,66,1,5,False,1000,1000
1742,42,unweighted_fl,10,0.0995222929936305,0,18,None,66,1,5,False,1000,1000
1743,43,unweighted_fl,10,0.0995222929936305,0,18,None,66,1,5,False,1000,1000
1744,44,unweighted_fl,10,0.0995222929936305,0,18,None,66,1,5,False,1000,1000
1745,40,unweighted_fl,10,0.0995222929936305,0,20,None,66,1,5,False,1000,1000
1746,41,unweighted_fl,10,0.0995222929936305,0,20,None,66,1,5,False,1000,1000
1747,42,unweighted_fl,10,0.0995222929936305,0,20,None,66,1,5,False,1000,1000
1748,43,unweighted_fl,10,0.0995222929936305,0,20,None,66,1,5,False,1000,1000
1749,44,unweighted_fl,10,0.0995222929936305,0,20,None,66,1,5,False,1000,1000
1750,40,unweighted_fl,10,0.1963574840764331,0,21,None,66,1,5,False,1000,1000
1751,41,unweighted_fl,10,0.1800358280254777,0,21,None,66,1,5,False,1000,1000
1752,42,unweighted_fl,10,0.1133558917197452,0,21,None,66,1,5,False,1000,1000
1753,43,unweighted_fl,10,0.0995222929936305,0,21,None,66,1,5,False,1000,1000
1754,44,unweighted_fl,10,0.0995222929936305,0,21,None,66,1,5,False,1000,1000
1755,40,unweighted_fl,10,0.0995222929936305,0,19,None,66,1,5,False,1000,1000
1756,41,unweighted_fl,10,0.0995222929936305,0,19,None,66,1,5,False,1000,1000
1757,42,unweighted_fl,10,0.0995222929936305,0,19,None,66,1,5,False,1000,1000
1758,43,unweighted_fl,10,0.1318670382165605,0,19,None,66,1,5,False,1000,1000
1759,44,unweighted_fl,10,0.0995222929936305,0,19,None,66,1,5,False,1000,1000
1760,40,unweighted_fl,10,0.0995222929936305,0,22,None,66,1,5,False,1000,1000
1761,41,unweighted_fl,10,0.0995222929936305,0,22,None,66,1,5,False,1000,1000
1762,42,unweighted_fl,10,0.0995222929936305,0,22,None,66,1,5,False,1000,1000
1763,43,unweighted_fl,10,0.0995222929936305,0,22,None,66,1,5,False,1000,1000
1764,44,unweighted_fl,10,0.0995222929936305,0,22,None,66,1,5,False,1000,1000
1765,40,unweighted_fl,10,0.0995222929936305,0,24,None,66,1,5,False,1000,1000
1766,41,unweighted_fl,10,0.0995222929936305,0,24,None,66,1,5,False,1000,1000
1767,42,unweighted_fl,10,0.0995222929936305,0,24,None,66,1,5,False,1000,1000
1768,43,unweighted_fl,10,0.0995222929936305,0,24,None,66,1,5,False,1000,1000
1769,44,unweighted_fl,10,0.0995222929936305,0,24,None,66,1,5,False,1000,1000
1770,40,unweighted_fl,10,0.0995222929936305,0,23,None,66,1,5,False,1000,1000
1771,41,unweighted_fl,10,0.0995222929936305,0,23,None,66,1,5,False,1000,1000
1772,42,unweighted_fl,10,0.0995222929936305,0,23,None,66,1,5,False,1000,1000
1773,43,unweighted_fl,10,0.0995222929936305,0,23,None,66,1,5,False,1000,1000
1774,44,unweighted_fl,10,0.0995222929936305,0,23,None,66,1,5,False,1000,1000
1775,40,unweighted_fl,10,0.0995222929936305,0,25,None,66,1,5,False,1000,1000
1776,41,unweighted_fl,10,0.0995222929936305,0,25,None,66,1,5,False,1000,1000
1777,42,unweighted_fl,10,0.0995222929936305,0,25,None,66,1,5,False,1000,1000
1778,43,unweighted_fl,10,0.0995222929936305,0,25,None,66,1,5,False,1000,1000
1779,44,unweighted_fl,10,0.0995222929936305,0,25,None,66,1,5,False,1000,1000
1780,40,unweighted_fl,10,0.0995222929936305,0,27,None,66,1,5,False,1000,1000
1781,41,unweighted_fl,10,0.0995222929936305,0,27,None,66,1,5,False,1000,1000
1782,42,unweighted_fl,10,0.0995222929936305,0,27,None,66,1,5,False,1000,1000
1783,43,unweighted_fl,10,0.0995222929936305,0,27,None,66,1,5,False,1000,1000
1784,44,unweighted_fl,10,0.0995222929936305,0,27,None,66,1,5,False,1000,1000
1785,40,unweighted_fl,10,0.0995222929936305,0,28,None,66,1,5,False,1000,1000
1786,41,unweighted_fl,10,0.0995222929936305,0,28,None,66,1,5,False,1000,1000
1787,42,unweighted_fl,10,0.0995222929936305,0,28,None,66,1,5,False,1000,1000
1788,43,unweighted_fl,10,0.0995222929936305,0,28,None,66,1,5,False,1000,1000
1789,44,unweighted_fl,10,0.0995222929936305,0,28,None,66,1,5,False,1000,1000
1790,40,unweighted_fl,10,0.0995222929936305,0,26,None,66,1,5,False,1000,1000
1791,41,unweighted_fl,10,0.0995222929936305,0,26,None,66,1,5,False,1000,1000
1792,42,unweighted_fl,10,0.1382364649681528,0,26,None,66,1,5,False,1000,1000
1793,43,unweighted_fl,10,0.0995222929936305,0,26,None,66,1,5,False,1000,1000
1794,44,unweighted_fl,10,0.0995222929936305,0,26,None,66,1,5,False,1000,1000
1795,40,unweighted_fl,10,0.0995222929936305,0,29,None,66,1,5,False,1000,1000
1796,41,unweighted_fl,10,0.0995222929936305,0,29,None,66,1,5,False,1000,1000
1797,42,unweighted_fl,10,0.0995222929936305,0,29,None,66,1,5,False,1000,1000
1798,43,unweighted_fl,10,0.0995222929936305,0,29,None,66,1,5,False,1000,1000
1799,44,unweighted_fl,10,0.0995222929936305,0,29,None,66,1,5,False,1000,1000
1800,40,unweighted_fl,10,0.0995222929936305,0,30,None,66,1,5,False,1000,1000
1801,41,unweighted_fl,10,0.0995222929936305,0,30,None,66,1,5,False,1000,1000
1802,42,unweighted_fl,10,0.0995222929936305,0,30,None,66,1,5,False,1000,1000
1803,43,unweighted_fl,10,0.0995222929936305,0,30,None,66,1,5,False,1000,1000
1804,44,unweighted_fl,10,0.0995222929936305,0,30,None,66,1,5,False,1000,1000
1805,40,unweighted_fl,10,0.0995222929936305,0,31,None,66,1,5,False,1000,1000
1806,41,unweighted_fl,10,0.0995222929936305,0,31,None,66,1,5,False,1000,1000
1807,42,unweighted_fl,10,0.0995222929936305,0,31,None,66,1,5,False,1000,1000
1808,43,unweighted_fl,10,0.2015326433121019,0,31,None,66,1,5,False,1000,1000
1809,44,unweighted_fl,10,0.1840167197452229,0,31,None,66,1,5,False,1000,1000
1810,40,unweighted_fl,10,0.0995222929936305,0,32,None,66,1,5,False,1000,1000
1811,41,unweighted_fl,10,0.0995222929936305,0,32,None,66,1,5,False,1000,1000
1812,42,unweighted_fl,10,0.0995222929936305,0,32,None,66,1,5,False,1000,1000
1813,43,unweighted_fl,10,0.0995222929936305,0,32,None,66,1,5,False,1000,1000
1814,44,unweighted_fl,10,0.0995222929936305,0,32,None,66,1,5,False,1000,1000
1815,45,unweighted_fl,10,0.0995222929936305,0,1,None,66,1,5,False,1000,1000
1816,46,unweighted_fl,10,0.0995222929936305,0,1,None,66,1,5,False,1000,1000
1817,47,unweighted_fl,10,0.0995222929936305,0,1,None,66,1,5,False,1000,1000
1818,48,unweighted_fl,10,0.0995222929936305,0,1,None,66,1,5,False,1000,1000
1819,49,unweighted_fl,10,0.0995222929936305,0,1,None,66,1,5,False,1000,1000
1820,45,unweighted_fl,10,0.0995222929936305,0,0,None,66,1,5,False,1000,1000
1821,46,unweighted_fl,10,0.0995222929936305,0,0,None,66,1,5,False,1000,1000
1822,47,unweighted_fl,10,0.0995222929936305,0,0,None,66,1,5,False,1000,1000
1823,48,unweighted_fl,10,0.0995222929936305,0,0,None,66,1,5,False,1000,1000
1824,49,unweighted_fl,10,0.0995222929936305,0,0,None,66,1,5,False,1000,1000
1825,45,unweighted_fl,10,0.0995222929936305,0,2,None,66,1,5,False,1000,1000
1826,46,unweighted_fl,10,0.0995222929936305,0,2,None,66,1,5,False,1000,1000
1827,47,unweighted_fl,10,0.0995222929936305,0,2,None,66,1,5,False,1000,1000
1828,48,unweighted_fl,10,0.0995222929936305,0,2,None,66,1,5,False,1000,1000
1829,49,unweighted_fl,10,0.0995222929936305,0,2,None,66,1,5,False,1000,1000
1830,45,unweighted_fl,10,0.0995222929936305,0,3,None,66,1,5,False,1000,1000
1831,46,unweighted_fl,10,0.0995222929936305,0,3,None,66,1,5,False,1000,1000
1832,47,unweighted_fl,10,0.0995222929936305,0,3,None,66,1,5,False,1000,1000
1833,48,unweighted_fl,10,0.0995222929936305,0,3,None,66,1,5,False,1000,1000
1834,49,unweighted_fl,10,0.0995222929936305,0,3,None,66,1,5,False,1000,1000
1835,45,unweighted_fl,10,0.1885947452229299,0,5,None,66,1,5,False,1000,1000
1836,46,unweighted_fl,10,0.0995222929936305,0,5,None,66,1,5,False,1000,1000
1837,47,unweighted_fl,10,0.0995222929936305,0,5,None,66,1,5,False,1000,1000
1838,48,unweighted_fl,10,0.0995222929936305,0,5,None,66,1,5,False,1000,1000
1839,49,unweighted_fl,10,0.0995222929936305,0,5,None,66,1,5,False,1000,1000
1840,45,unweighted_fl,10,0.0995222929936305,0,6,None,66,1,5,False,1000,1000
1841,46,unweighted_fl,10,0.1977507961783439,0,6,None,66,1,5,False,1000,1000
1842,47,unweighted_fl,10,0.0995222929936305,0,6,None,66,1,5,False,1000,1000
1843,48,unweighted_fl,10,0.1627189490445859,0,6,None,66,1,5,False,1000,1000
1844,49,unweighted_fl,10,0.0995222929936305,0,6,None,66,1,5,False,1000,1000
1845,45,unweighted_fl,10,0.0995222929936305,0,4,None,66,1,5,False,1000,1000
1846,46,unweighted_fl,10,0.0995222929936305,0,4,None,66,1,5,False,1000,1000
1847,47,unweighted_fl,10,0.0995222929936305,0,4,None,66,1,5,False,1000,1000
1848,48,unweighted_fl,10,0.1730692675159235,0,4,None,66,1,5,False,1000,1000
1849,49,unweighted_fl,10,0.0995222929936305,0,4,None,66,1,5,False,1000,1000
1850,45,unweighted_fl,10,0.0995222929936305,0,7,None,66,1,5,False,1000,1000
1851,46,unweighted_fl,10,0.1393312101910828,0,7,None,66,1,5,False,1000,1000
1852,47,unweighted_fl,10,0.0995222929936305,0,7,None,66,1,5,False,1000,1000
1853,48,unweighted_fl,10,0.0995222929936305,0,7,None,66,1,5,False,1000,1000
1854,49,unweighted_fl,10,0.0995222929936305,0,7,None,66,1,5,False,1000,1000
1855,45,unweighted_fl,10,0.0995222929936305,0,8,None,66,1,5,False,1000,1000
1856,46,unweighted_fl,10,0.0995222929936305,0,8,None,66,1,5,False,1000,1000
1857,47,unweighted_fl,10,0.0995222929936305,0,8,None,66,1,5,False,1000,1000
1858,48,unweighted_fl,10,0.0995222929936305,0,8,None,66,1,5,False,1000,1000
1859,49,unweighted_fl,10,0.0995222929936305,0,8,None,66,1,5,False,1000,1000
1860,45,unweighted_fl,10,0.1364450636942675,0,9,None,66,1,5,False,1000,1000
1861,46,unweighted_fl,10,0.2622412420382166,0,9,None,66,1,5,False,1000,1000
1862,47,unweighted_fl,10,0.0995222929936305,0,9,None,66,1,5,False,1000,1000
1863,48,unweighted_fl,10,0.0995222929936305,0,9,None,66,1,5,False,1000,1000
1864,49,unweighted_fl,10,0.0995222929936305,0,9,None,66,1,5,False,1000,1000
1865,45,unweighted_fl,10,0.0995222929936305,0,10,None,66,1,5,False,1000,1000
1866,46,unweighted_fl,10,0.0995222929936305,0,10,None,66,1,5,False,1000,1000
1867,47,unweighted_fl,10,0.0995222929936305,0,10,None,66,1,5,False,1000,1000
1868,48,unweighted_fl,10,0.0995222929936305,0,10,None,66,1,5,False,1000,1000
1869,49,unweighted_fl,10,0.0995222929936305,0,10,None,66,1,5,False,1000,1000
1870,45,unweighted_fl,10,0.1831210191082802,0,11,None,66,1,5,False,1000,1000
1871,46,unweighted_fl,10,0.0995222929936305,0,11,None,66,1,5,False,1000,1000
1872,47,unweighted_fl,10,0.0995222929936305,0,11,None,66,1,5,False,1000,1000
1873,48,unweighted_fl,10,0.0995222929936305,0,11,None,66,1,5,False,1000,1000
1874,49,unweighted_fl,10,0.0995222929936305,0,11,None,66,1,5,False,1000,1000
1875,45,unweighted_fl,10,0.1095740445859872,0,13,None,66,1,5,False,1000,1000
1876,46,unweighted_fl,10,0.0995222929936305,0,13,None,66,1,5,False,1000,1000
1877,47,unweighted_fl,10,0.0995222929936305,0,13,None,66,1,5,False,1000,1000
1878,48,unweighted_fl,10,0.0995222929936305,0,13,None,66,1,5,False,1000,1000
1879,49,unweighted_fl,10,0.0995222929936305,0,13,None,66,1,5,False,1000,1000
1880,45,unweighted_fl,10,0.0995222929936305,0,12,None,66,1,5,False,1000,1000
1881,46,unweighted_fl,10,0.0995222929936305,0,12,None,66,1,5,False,1000,1000
1882,47,unweighted_fl,10,0.0995222929936305,0,12,None,66,1,5,False,1000,1000
1883,48,unweighted_fl,10,0.0995222929936305,0,12,None,66,1,5,False,1000,1000
1884,49,unweighted_fl,10,0.0995222929936305,0,12,None,66,1,5,False,1000,1000
1885,45,unweighted_fl,10,0.0997213375796178,0,14,None,66,1,5,False,1000,1000
1886,46,unweighted_fl,10,0.0995222929936305,0,14,None,66,1,5,False,1000,1000
1887,47,unweighted_fl,10,0.0995222929936305,0,14,None,66,1,5,False,1000,1000
1888,48,unweighted_fl,10,0.0995222929936305,0,14,None,66,1,5,False,1000,1000
1889,49,unweighted_fl,10,0.0995222929936305,0,14,None,66,1,5,False,1000,1000
1890,45,unweighted_fl,10,0.0995222929936305,0,15,None,66,1,5,False,1000,1000
1891,46,unweighted_fl,10,0.0995222929936305,0,15,None,66,1,5,False,1000,1000
1892,47,unweighted_fl,10,0.0995222929936305,0,15,None,66,1,5,False,1000,1000
1893,48,unweighted_fl,10,0.0995222929936305,0,15,None,66,1,5,False,1000,1000
1894,49,unweighted_fl,10,0.0995222929936305,0,15,None,66,1,5,False,1000,1000
1895,45,unweighted_fl,10,0.0995222929936305,0,16,None,66,1,5,False,1000,1000
1896,46,unweighted_fl,10,0.0995222929936305,0,16,None,66,1,5,False,1000,1000
1897,47,unweighted_fl,10,0.0995222929936305,0,16,None,66,1,5,False,1000,1000
1898,48,unweighted_fl,10,0.0995222929936305,0,16,None,66,1,5,False,1000,1000
1899,49,unweighted_fl,10,0.0995222929936305,0,16,None,66,1,5,False,1000,1000
1900,45,unweighted_fl,10,0.0995222929936305,0,17,None,66,1,5,False,1000,1000
1901,46,unweighted_fl,10,0.0995222929936305,0,17,None,66,1,5,False,1000,1000
1902,47,unweighted_fl,10,0.0995222929936305,0,17,None,66,1,5,False,1000,1000
1903,48,unweighted_fl,10,0.0995222929936305,0,17,None,66,1,5,False,1000,1000
1904,49,unweighted_fl,10,0.0995222929936305,0,17,None,66,1,5,False,1000,1000
1905,45,unweighted_fl,10,0.0995222929936305,0,18,None,66,1,5,False,1000,1000
1906,46,unweighted_fl,10,0.0995222929936305,0,18,None,66,1,5,False,1000,1000
1907,47,unweighted_fl,10,0.0995222929936305,0,18,None,66,1,5,False,1000,1000
1908,48,unweighted_fl,10,0.0995222929936305,0,18,None,66,1,5,False,1000,1000
1909,49,unweighted_fl,10,0.0995222929936305,0,18,None,66,1,5,False,1000,1000
1910,45,unweighted_fl,10,0.1858081210191083,0,20,None,66,1,5,False,1000,1000
1911,46,unweighted_fl,10,0.0995222929936305,0,20,None,66,1,5,False,1000,1000
1912,47,unweighted_fl,10,0.0995222929936305,0,20,None,66,1,5,False,1000,1000
1913,48,unweighted_fl,10,0.0995222929936305,0,20,None,66,1,5,False,1000,1000
1914,49,unweighted_fl,10,0.0995222929936305,0,20,None,66,1,5,False,1000,1000
1915,45,unweighted_fl,10,0.0995222929936305,0,19,None,66,1,5,False,1000,1000
1916,46,unweighted_fl,10,0.0995222929936305,0,19,None,66,1,5,False,1000,1000
1917,47,unweighted_fl,10,0.0995222929936305,0,19,None,66,1,5,False,1000,1000
1918,48,unweighted_fl,10,0.0995222929936305,0,19,None,66,1,5,False,1000,1000
1919,49,unweighted_fl,10,0.0995222929936305,0,19,None,66,1,5,False,1000,1000
1920,45,unweighted_fl,10,0.0995222929936305,0,21,None,66,1,5,False,1000,1000
1921,46,unweighted_fl,10,0.0995222929936305,0,21,None,66,1,5,False,1000,1000
1922,47,unweighted_fl,10,0.0995222929936305,0,21,None,66,1,5,False,1000,1000
1923,48,unweighted_fl,10,0.0995222929936305,0,21,None,66,1,5,False,1000,1000
1924,49,unweighted_fl,10,0.0995222929936305,0,21,None,66,1,5,False,1000,1000
1925,45,unweighted_fl,10,0.0995222929936305,0,22,None,66,1,5,False,1000,1000
1926,46,unweighted_fl,10,0.0995222929936305,0,22,None,66,1,5,False,1000,1000
1927,47,unweighted_fl,10,0.0995222929936305,0,22,None,66,1,5,False,1000,1000
1928,48,unweighted_fl,10,0.0995222929936305,0,22,None,66,1,5,False,1000,1000
1929,49,unweighted_fl,10,0.0995222929936305,0,22,None,66,1,5,False,1000,1000
1930,45,unweighted_fl,10,0.0995222929936305,0,23,None,66,1,5,False,1000,1000
1931,46,unweighted_fl,10,0.0995222929936305,0,23,None,66,1,5,False,1000,1000
1932,47,unweighted_fl,10,0.0995222929936305,0,23,None,66,1,5,False,1000,1000
1933,48,unweighted_fl,10,0.0995222929936305,0,23,None,66,1,5,False,1000,1000
1934,49,unweighted_fl,10,0.0995222929936305,0,23,None,66,1,5,False,1000,1000
1935,45,unweighted_fl,10,0.0995222929936305,0,24,None,66,1,5,False,1000,1000
1936,46,unweighted_fl,10,0.0995222929936305,0,24,None,66,1,5,False,1000,1000
1937,47,unweighted_fl,10,0.0995222929936305,0,24,None,66,1,5,False,1000,1000
1938,48,unweighted_fl,10,0.0995222929936305,0,24,None,66,1,5,False,1000,1000
1939,49,unweighted_fl,10,0.0995222929936305,0,24,None,66,1,5,False,1000,1000
1940,45,unweighted_fl,10,0.0995222929936305,0,25,None,66,1,5,False,1000,1000
1941,46,unweighted_fl,10,0.0995222929936305,0,25,None,66,1,5,False,1000,1000
1942,47,unweighted_fl,10,0.0995222929936305,0,25,None,66,1,5,False,1000,1000
1943,48,unweighted_fl,10,0.0995222929936305,0,25,None,66,1,5,False,1000,1000
1944,49,unweighted_fl,10,0.0995222929936305,0,25,None,66,1,5,False,1000,1000
1945,45,unweighted_fl,10,0.0995222929936305,0,27,None,66,1,5,False,1000,1000
1946,46,unweighted_fl,10,0.0995222929936305,0,27,None,66,1,5,False,1000,1000
1947,47,unweighted_fl,10,0.0995222929936305,0,27,None,66,1,5,False,1000,1000
1948,48,unweighted_fl,10,0.0995222929936305,0,27,None,66,1,5,False,1000,1000
1949,49,unweighted_fl,10,0.0995222929936305,0,27,None,66,1,5,False,1000,1000
1950,45,unweighted_fl,10,0.1619227707006369,0,26,None,66,1,5,False,1000,1000
1951,46,unweighted_fl,10,0.0995222929936305,0,26,None,66,1,5,False,1000,1000
1952,47,unweighted_fl,10,0.0995222929936305,0,26,None,66,1,5,False,1000,1000
1953,48,unweighted_fl,10,0.0995222929936305,0,26,None,66,1,5,False,1000,1000
1954,49,unweighted_fl,10,0.0995222929936305,0,26,None,66,1,5,False,1000,1000
1955,45,unweighted_fl,10,0.0995222929936305,0,28,None,66,1,5,False,1000,1000
1956,46,unweighted_fl,10,0.0995222929936305,0,28,None,66,1,5,False,1000,1000
1957,47,unweighted_fl,10,0.0995222929936305,0,28,None,66,1,5,False,1000,1000
1958,48,unweighted_fl,10,0.0995222929936305,0,28,None,66,1,5,False,1000,1000
1959,49,unweighted_fl,10,0.0995222929936305,0,28,None,66,1,5,False,1000,1000
1960,45,unweighted_fl,10,0.0995222929936305,0,29,None,66,1,5,False,1000,1000
1961,46,unweighted_fl,10,0.0995222929936305,0,29,None,66,1,5,False,1000,1000
1962,47,unweighted_fl,10,0.0995222929936305,0,29,None,66,1,5,False,1000,1000
1963,48,unweighted_fl,10,0.0995222929936305,0,29,None,66,1,5,False,1000,1000
1964,49,unweighted_fl,10,0.0995222929936305,0,29,None,66,1,5,False,1000,1000
1965,45,unweighted_fl,10,0.0995222929936305,0,30,None,66,1,5,False,1000,1000
1966,46,unweighted_fl,10,0.0995222929936305,0,30,None,66,1,5,False,1000,1000
1967,47,unweighted_fl,10,0.0995222929936305,0,30,None,66,1,5,False,1000,1000
1968,48,unweighted_fl,10,0.0995222929936305,0,30,None,66,1,5,False,1000,1000
1969,49,unweighted_fl,10,0.0995222929936305,0,30,None,66,1,5,False,1000,1000
1970,45,unweighted_fl,10,0.0995222929936305,0,31,None,66,1,5,False,1000,1000
1971,46,unweighted_fl,10,0.0995222929936305,0,31,None,66,1,5,False,1000,1000
1972,47,unweighted_fl,10,0.0995222929936305,0,31,None,66,1,5,False,1000,1000
1973,48,unweighted_fl,10,0.0995222929936305,0,31,None,66,1,5,False,1000,1000
1974,49,unweighted_fl,10,0.0995222929936305,0,31,None,66,1,5,False,1000,1000
1975,45,unweighted_fl,10,0.0995222929936305,0,32,None,66,1,5,False,1000,1000
1976,46,unweighted_fl,10,0.0995222929936305,0,32,None,66,1,5,False,1000,1000
1977,47,unweighted_fl,10,0.0995222929936305,0,32,None,66,1,5,False,1000,1000
1978,48,unweighted_fl,10,0.0995222929936305,0,32,None,66,1,5,False,1000,1000
1979,49,unweighted_fl,10,0.0995222929936305,0,32,None,66,1,5,False,1000,1000
1980,50,unweighted_fl,10,0.1977507961783439,0,0,None,66,1,5,False,1000,1000
1981,51,unweighted_fl,10,0.0995222929936305,0,0,None,66,1,5,False,1000,1000
1982,52,unweighted_fl,10,0.0995222929936305,0,0,None,66,1,5,False,1000,1000
1983,53,unweighted_fl,10,0.0995222929936305,0,0,None,66,1,5,False,1000,1000
1984,54,unweighted_fl,10,0.0995222929936305,0,0,None,66,1,5,False,1000,1000
1985,50,unweighted_fl,10,0.0995222929936305,0,1,None,66,1,5,False,1000,1000
1986,51,unweighted_fl,10,0.0995222929936305,0,1,None,66,1,5,False,1000,1000
1987,52,unweighted_fl,10,0.0995222929936305,0,1,None,66,1,5,False,1000,1000
1988,53,unweighted_fl,10,0.0995222929936305,0,1,None,66,1,5,False,1000,1000
1989,54,unweighted_fl,10,0.0995222929936305,0,1,None,66,1,5,False,1000,1000
1990,50,unweighted_fl,10,0.0995222929936305,0,2,None,66,1,5,False,1000,1000
1991,51,unweighted_fl,10,0.0995222929936305,0,2,None,66,1,5,False,1000,1000
1992,52,unweighted_fl,10,0.0995222929936305,0,2,None,66,1,5,False,1000,1000
1993,53,unweighted_fl,10,0.0995222929936305,0,2,None,66,1,5,False,1000,1000
1994,54,unweighted_fl,10,0.0995222929936305,0,2,None,66,1,5,False,1000,1000
1995,50,unweighted_fl,10,0.0995222929936305,0,3,None,66,1,5,False,1000,1000
1996,51,unweighted_fl,10,0.0995222929936305,0,3,None,66,1,5,False,1000,1000
1997,52,unweighted_fl,10,0.0995222929936305,0,3,None,66,1,5,False,1000,1000
1998,53,unweighted_fl,10,0.0995222929936305,0,3,None,66,1,5,False,1000,1000
1999,54,unweighted_fl,10,0.0995222929936305,0,3,None,66,1,5,False,1000,1000
2000,50,unweighted_fl,10,0.0995222929936305,0,4,None,66,1,5,False,1000,1000
2001,51,unweighted_fl,10,0.0995222929936305,0,4,None,66,1,5,False,1000,1000
2002,52,unweighted_fl,10,0.0995222929936305,0,4,None,66,1,5,False,1000,1000
2003,53,unweighted_fl,10,0.0995222929936305,0,4,None,66,1,5,False,1000,1000
2004,54,unweighted_fl,10,0.0995222929936305,0,4,None,66,1,5,False,1000,1000
2005,50,unweighted_fl,10,0.0995222929936305,0,5,None,66,1,5,False,1000,1000
2006,51,unweighted_fl,10,0.0995222929936305,0,5,None,66,1,5,False,1000,1000
2007,52,unweighted_fl,10,0.0995222929936305,0,5,None,66,1,5,False,1000,1000
2008,53,unweighted_fl,10,0.0995222929936305,0,5,None,66,1,5,False,1000,1000
2009,54,unweighted_fl,10,0.0995222929936305,0,5,None,66,1,5,False,1000,1000
2010,50,unweighted_fl,10,0.0995222929936305,0,6,None,66,1,5,False,1000,1000
2011,51,unweighted_fl,10,0.1709792993630573,0,6,None,66,1,5,False,1000,1000
2012,52,unweighted_fl,10,0.0995222929936305,0,6,None,66,1,5,False,1000,1000
2013,53,unweighted_fl,10,0.0995222929936305,0,6,None,66,1,5,False,1000,1000
2014,54,unweighted_fl,10,0.1135549363057324,0,6,None,66,1,5,False,1000,1000
2015,50,unweighted_fl,10,0.0995222929936305,0,7,None,66,1,5,False,1000,1000
2016,51,unweighted_fl,10,0.1648089171974522,0,7,None,66,1,5,False,1000,1000
2017,52,unweighted_fl,10,0.0995222929936305,0,7,None,66,1,5,False,1000,1000
2018,53,unweighted_fl,10,0.0995222929936305,0,7,None,66,1,5,False,1000,1000
2019,54,unweighted_fl,10,0.0995222929936305,0,7,None,66,1,5,False,1000,1000
2020,50,unweighted_fl,10,0.0995222929936305,0,9,None,66,1,5,False,1000,1000
2021,51,unweighted_fl,10,0.1890923566878981,0,9,None,66,1,5,False,1000,1000
2022,52,unweighted_fl,10,0.0995222929936305,0,9,None,66,1,5,False,1000,1000
2023,53,unweighted_fl,10,0.0995222929936305,0,9,None,66,1,5,False,1000,1000
2024,54,unweighted_fl,10,0.0995222929936305,0,9,None,66,1,5,False,1000,1000
2025,50,unweighted_fl,10,0.0995222929936305,0,10,None,66,1,5,False,1000,1000
2026,51,unweighted_fl,10,0.0995222929936305,0,10,None,66,1,5,False,1000,1000
2027,52,unweighted_fl,10,0.0995222929936305,0,10,None,66,1,5,False,1000,1000
2028,53,unweighted_fl,10,0.0995222929936305,0,10,None,66,1,5,False,1000,1000
2029,54,unweighted_fl,10,0.0995222929936305,0,10,None,66,1,5,False,1000,1000
2030,50,unweighted_fl,10,0.0995222929936305,0,8,None,66,1,5,False,1000,1000
2031,51,unweighted_fl,10,0.1602308917197452,0,8,None,66,1,5,False,1000,1000
2032,52,unweighted_fl,10,0.0995222929936305,0,8,None,66,1,5,False,1000,1000
2033,53,unweighted_fl,10,0.0995222929936305,0,8,None,66,1,5,False,1000,1000
2034,54,unweighted_fl,10,0.0995222929936305,0,8,None,66,1,5,False,1000,1000
2035,50,unweighted_fl,10,0.1017117834394904,0,11,None,66,1,5,False,1000,1000
2036,51,unweighted_fl,10,0.0995222929936305,0,11,None,66,1,5,False,1000,1000
2037,52,unweighted_fl,10,0.0995222929936305,0,11,None,66,1,5,False,1000,1000
2038,53,unweighted_fl,10,0.0995222929936305,0,11,None,66,1,5,False,1000,1000
2039,54,unweighted_fl,10,0.0995222929936305,0,11,None,66,1,5,False,1000,1000
2040,50,unweighted_fl,10,0.1922770700636942,0,13,None,66,1,5,False,1000,1000
2041,51,unweighted_fl,10,0.1515724522292993,0,13,None,66,1,5,False,1000,1000
2042,52,unweighted_fl,10,0.0995222929936305,0,13,None,66,1,5,False,1000,1000
2043,53,unweighted_fl,10,0.0995222929936305,0,13,None,66,1,5,False,1000,1000
2044,54,unweighted_fl,10,0.0995222929936305,0,13,None,66,1,5,False,1000,1000
2045,50,unweighted_fl,10,0.0995222929936305,0,12,None,66,1,5,False,1000,1000
2046,51,unweighted_fl,10,0.0995222929936305,0,12,None,66,1,5,False,1000,1000
2047,52,unweighted_fl,10,0.0995222929936305,0,12,None,66,1,5,False,1000,1000
2048,53,unweighted_fl,10,0.0995222929936305,0,12,None,66,1,5,False,1000,1000
2049,54,unweighted_fl,10,0.0995222929936305,0,12,None,66,1,5,False,1000,1000
2050,50,unweighted_fl,10,0.0995222929936305,0,14,None,66,1,5,False,1000,1000
2051,51,unweighted_fl,10,0.0995222929936305,0,14,None,66,1,5,False,1000,1000
2052,52,unweighted_fl,10,0.0995222929936305,0,14,None,66,1,5,False,1000,1000
2053,53,unweighted_fl,10,0.0995222929936305,0,14,None,66,1,5,False,1000,1000
2054,54,unweighted_fl,10,0.0995222929936305,0,14,None,66,1,5,False,1000,1000
2055,50,unweighted_fl,10,0.0995222929936305,0,15,None,66,1,5,False,1000,1000
2056,51,unweighted_fl,10,0.0995222929936305,0,15,None,66,1,5,False,1000,1000
2057,52,unweighted_fl,10,0.0995222929936305,0,15,None,66,1,5,False,1000,1000
2058,53,unweighted_fl,10,0.0995222929936305,0,15,None,66,1,5,False,1000,1000
2059,54,unweighted_fl,10,0.0995222929936305,0,15,None,66,1,5,False,1000,1000
2060,50,unweighted_fl,10,0.0995222929936305,0,16,None,66,1,5,False,1000,1000
2061,51,unweighted_fl,10,0.0995222929936305,0,16,None,66,1,5,False,1000,1000
2062,52,unweighted_fl,10,0.0995222929936305,0,16,None,66,1,5,False,1000,1000
2063,53,unweighted_fl,10,0.0995222929936305,0,16,None,66,1,5,False,1000,1000
2064,54,unweighted_fl,10,0.0995222929936305,0,16,None,66,1,5,False,1000,1000
2065,50,unweighted_fl,10,0.0995222929936305,0,17,None,66,1,5,False,1000,1000
2066,51,unweighted_fl,10,0.0995222929936305,0,17,None,66,1,5,False,1000,1000
2067,52,unweighted_fl,10,0.0995222929936305,0,17,None,66,1,5,False,1000,1000
2068,53,unweighted_fl,10,0.0995222929936305,0,17,None,66,1,5,False,1000,1000
2069,54,unweighted_fl,10,0.0995222929936305,0,17,None,66,1,5,False,1000,1000
2070,50,unweighted_fl,10,0.0995222929936305,0,18,None,66,1,5,False,1000,1000
2071,51,unweighted_fl,10,0.0995222929936305,0,18,None,66,1,5,False,1000,1000
2072,52,unweighted_fl,10,0.0995222929936305,0,18,None,66,1,5,False,1000,1000
2073,53,unweighted_fl,10,0.0995222929936305,0,18,None,66,1,5,False,1000,1000
2074,54,unweighted_fl,10,0.0995222929936305,0,18,None,66,1,5,False,1000,1000
2075,50,unweighted_fl,10,0.1316679936305732,0,20,None,66,1,5,False,1000,1000
2076,51,unweighted_fl,10,0.1944665605095541,0,20,None,66,1,5,False,1000,1000
2077,52,unweighted_fl,10,0.0995222929936305,0,20,None,66,1,5,False,1000,1000
2078,53,unweighted_fl,10,0.0995222929936305,0,20,None,66,1,5,False,1000,1000
2079,54,unweighted_fl,10,0.0995222929936305,0,20,None,66,1,5,False,1000,1000
2080,50,unweighted_fl,10,0.0995222929936305,0,21,None,66,1,5,False,1000,1000
2081,51,unweighted_fl,10,0.0995222929936305,0,21,None,66,1,5,False,1000,1000
2082,52,unweighted_fl,10,0.0995222929936305,0,21,None,66,1,5,False,1000,1000
2083,53,unweighted_fl,10,0.0995222929936305,0,21,None,66,1,5,False,1000,1000
2084,54,unweighted_fl,10,0.0995222929936305,0,21,None,66,1,5,False,1000,1000
2085,50,unweighted_fl,10,0.0995222929936305,0,19,None,66,1,5,False,1000,1000
2086,51,unweighted_fl,10,0.0995222929936305,0,19,None,66,1,5,False,1000,1000
2087,52,unweighted_fl,10,0.0995222929936305,0,19,None,66,1,5,False,1000,1000
2088,53,unweighted_fl,10,0.0995222929936305,0,19,None,66,1,5,False,1000,1000
2089,54,unweighted_fl,10,0.0995222929936305,0,19,None,66,1,5,False,1000,1000
2090,50,unweighted_fl,10,0.0995222929936305,0,22,None,66,1,5,False,1000,1000
2091,51,unweighted_fl,10,0.0995222929936305,0,22,None,66,1,5,False,1000,1000
2092,52,unweighted_fl,10,0.0995222929936305,0,22,None,66,1,5,False,1000,1000
2093,53,unweighted_fl,10,0.0995222929936305,0,22,None,66,1,5,False,1000,1000
2094,54,unweighted_fl,10,0.0995222929936305,0,22,None,66,1,5,False,1000,1000
2095,50,unweighted_fl,10,0.1847133757961783,0,24,None,66,1,5,False,1000,1000
2096,51,unweighted_fl,10,0.1875995222929936,0,24,None,66,1,5,False,1000,1000
2097,52,unweighted_fl,10,0.1903861464968153,0,24,None,66,1,5,False,1000,1000
2098,53,unweighted_fl,10,0.1922770700636942,0,24,None,66,1,5,False,1000,1000
2099,54,unweighted_fl,10,0.1934713375796178,0,24,None,66,1,5,False,1000,1000
2100,50,unweighted_fl,10,0.0995222929936305,0,25,None,66,1,5,False,1000,1000
2101,51,unweighted_fl,10,0.0995222929936305,0,25,None,66,1,5,False,1000,1000
2102,52,unweighted_fl,10,0.0995222929936305,0,25,None,66,1,5,False,1000,1000
2103,53,unweighted_fl,10,0.0995222929936305,0,25,None,66,1,5,False,1000,1000
2104,54,unweighted_fl,10,0.0995222929936305,0,25,None,66,1,5,False,1000,1000
2105,50,unweighted_fl,10,0.0995222929936305,0,23,None,66,1,5,False,1000,1000
2106,51,unweighted_fl,10,0.0995222929936305,0,23,None,66,1,5,False,1000,1000
2107,52,unweighted_fl,10,0.0995222929936305,0,23,None,66,1,5,False,1000,1000
2108,53,unweighted_fl,10,0.0995222929936305,0,23,None,66,1,5,False,1000,1000
2109,54,unweighted_fl,10,0.0995222929936305,0,23,None,66,1,5,False,1000,1000
2110,50,unweighted_fl,10,0.1162420382165605,0,26,None,66,1,5,False,1000,1000
2111,51,unweighted_fl,10,0.1561504777070063,0,26,None,66,1,5,False,1000,1000
2112,52,unweighted_fl,10,0.0995222929936305,0,26,None,66,1,5,False,1000,1000
2113,53,unweighted_fl,10,0.0995222929936305,0,26,None,66,1,5,False,1000,1000
2114,54,unweighted_fl,10,0.0995222929936305,0,26,None,66,1,5,False,1000,1000
2115,50,unweighted_fl,10,0.0995222929936305,0,27,None,66,1,5,False,1000,1000
2116,51,unweighted_fl,10,0.0995222929936305,0,27,None,66,1,5,False,1000,1000
2117,52,unweighted_fl,10,0.0995222929936305,0,27,None,66,1,5,False,1000,1000
2118,53,unweighted_fl,10,0.0995222929936305,0,27,None,66,1,5,False,1000,1000
2119,54,unweighted_fl,10,0.0995222929936305,0,27,None,66,1,5,False,1000,1000
2120,50,unweighted_fl,10,0.0995222929936305,0,28,None,66,1,5,False,1000,1000
2121,51,unweighted_fl,10,0.0995222929936305,0,28,None,66,1,5,False,1000,1000
2122,52,unweighted_fl,10,0.0995222929936305,0,28,None,66,1,5,False,1000,1000
2123,53,unweighted_fl,10,0.1689888535031847,0,28,None,66,1,5,False,1000,1000
2124,54,unweighted_fl,10,0.0995222929936305,0,28,None,66,1,5,False,1000,1000
2125,50,unweighted_fl,10,0.0995222929936305,0,29,None,66,1,5,False,1000,1000
2126,51,unweighted_fl,10,0.0995222929936305,0,29,None,66,1,5,False,1000,1000
2127,52,unweighted_fl,10,0.0995222929936305,0,29,None,66,1,5,False,1000,1000
2128,53,unweighted_fl,10,0.0995222929936305,0,29,None,66,1,5,False,1000,1000
2129,54,unweighted_fl,10,0.0995222929936305,0,29,None,66,1,5,False,1000,1000
2130,50,unweighted_fl,10,0.0995222929936305,0,30,None,66,1,5,False,1000,1000
2131,51,unweighted_fl,10,0.0995222929936305,0,30,None,66,1,5,False,1000,1000
2132,52,unweighted_fl,10,0.0995222929936305,0,30,None,66,1,5,False,1000,1000
2133,53,unweighted_fl,10,0.0995222929936305,0,30,None,66,1,5,False,1000,1000
2134,54,unweighted_fl,10,0.0995222929936305,0,30,None,66,1,5,False,1000,1000
2135,50,unweighted_fl,10,0.1287818471337579,0,32,None,66,1,5,False,1000,1000
2136,51,unweighted_fl,10,0.0995222929936305,0,32,None,66,1,5,False,1000,1000
2137,52,unweighted_fl,10,0.0995222929936305,0,32,None,66,1,5,False,1000,1000
2138,53,unweighted_fl,10,0.0995222929936305,0,32,None,66,1,5,False,1000,1000
2139,54,unweighted_fl,10,0.0995222929936305,0,32,None,66,1,5,False,1000,1000
2140,50,unweighted_fl,10,0.1952627388535031,0,31,None,66,1,5,False,1000,1000
2141,51,unweighted_fl,10,0.0995222929936305,0,31,None,66,1,5,False,1000,1000
2142,52,unweighted_fl,10,0.0995222929936305,0,31,None,66,1,5,False,1000,1000
2143,53,unweighted_fl,10,0.0995222929936305,0,31,None,66,1,5,False,1000,1000
2144,54,unweighted_fl,10,0.0995222929936305,0,31,None,66,1,5,False,1000,1000
2475,55,unweighted_fl,10,0.0995222929936305,0,1,None,66,1,5,False,1000,1000
2476,56,unweighted_fl,10,0.0995222929936305,0,1,None,66,1,5,False,1000,1000
2477,57,unweighted_fl,10,0.0995222929936305,0,1,None,66,1,5,False,1000,1000
2478,58,unweighted_fl,10,0.0995222929936305,0,1,None,66,1,5,False,1000,1000
2479,59,unweighted_fl,10,0.0995222929936305,0,1,None,66,1,5,False,1000,1000
2480,55,unweighted_fl,10,0.1309713375796178,0,0,None,66,1,5,False,1000,1000
2481,56,unweighted_fl,10,0.1923765923566879,0,0,None,66,1,5,False,1000,1000
2482,57,unweighted_fl,10,0.0995222929936305,0,0,None,66,1,5,False,1000,1000
2483,58,unweighted_fl,10,0.0995222929936305,0,0,None,66,1,5,False,1000,1000
2484,59,unweighted_fl,10,0.0995222929936305,0,0,None,66,1,5,False,1000,1000
2485,55,unweighted_fl,10,0.0995222929936305,0,3,None,66,1,5,False,1000,1000
2486,56,unweighted_fl,10,0.0995222929936305,0,3,None,66,1,5,False,1000,1000
2487,57,unweighted_fl,10,0.0995222929936305,0,3,None,66,1,5,False,1000,1000
2488,58,unweighted_fl,10,0.0995222929936305,0,3,None,66,1,5,False,1000,1000
2489,59,unweighted_fl,10,0.0995222929936305,0,3,None,66,1,5,False,1000,1000
2490,55,unweighted_fl,10,0.0995222929936305,0,2,None,66,1,5,False,1000,1000
2491,56,unweighted_fl,10,0.0995222929936305,0,2,None,66,1,5,False,1000,1000
2492,57,unweighted_fl,10,0.0995222929936305,0,2,None,66,1,5,False,1000,1000
2493,58,unweighted_fl,10,0.0995222929936305,0,2,None,66,1,5,False,1000,1000
2494,59,unweighted_fl,10,0.0995222929936305,0,2,None,66,1,5,False,1000,1000
2495,55,unweighted_fl,10,0.0995222929936305,0,4,None,66,1,5,False,1000,1000
2496,56,unweighted_fl,10,0.0995222929936305,0,4,None,66,1,5,False,1000,1000
2497,57,unweighted_fl,10,0.0995222929936305,0,4,None,66,1,5,False,1000,1000
2498,58,unweighted_fl,10,0.0995222929936305,0,4,None,66,1,5,False,1000,1000
2499,59,unweighted_fl,10,0.0995222929936305,0,4,None,66,1,5,False,1000,1000
2500,55,unweighted_fl,10,0.0995222929936305,0,5,None,66,1,5,False,1000,1000
2501,56,unweighted_fl,10,0.0995222929936305,0,5,None,66,1,5,False,1000,1000
2502,57,unweighted_fl,10,0.0995222929936305,0,5,None,66,1,5,False,1000,1000
2503,58,unweighted_fl,10,0.0995222929936305,0,5,None,66,1,5,False,1000,1000
2504,59,unweighted_fl,10,0.0995222929936305,0,5,None,66,1,5,False,1000,1000
2505,55,unweighted_fl,10,0.0995222929936305,0,6,None,66,1,5,False,1000,1000
2506,56,unweighted_fl,10,0.0995222929936305,0,6,None,66,1,5,False,1000,1000
2507,57,unweighted_fl,10,0.0995222929936305,0,6,None,66,1,5,False,1000,1000
2508,58,unweighted_fl,10,0.0995222929936305,0,6,None,66,1,5,False,1000,1000
2509,59,unweighted_fl,10,0.0995222929936305,0,6,None,66,1,5,False,1000,1000
2510,55,unweighted_fl,10,0.0995222929936305,0,7,None,66,1,5,False,1000,1000
2511,56,unweighted_fl,10,0.0995222929936305,0,7,None,66,1,5,False,1000,1000
2512,57,unweighted_fl,10,0.1849124203821656,0,7,None,66,1,5,False,1000,1000
2513,58,unweighted_fl,10,0.0995222929936305,0,7,None,66,1,5,False,1000,1000
2514,59,unweighted_fl,10,0.0995222929936305,0,7,None,66,1,5,False,1000,1000
2515,55,unweighted_fl,10,0.0995222929936305,0,8,None,66,1,5,False,1000,1000
2516,56,unweighted_fl,10,0.1160429936305732,0,8,None,66,1,5,False,1000,1000
2517,57,unweighted_fl,10,0.0995222929936305,0,8,None,66,1,5,False,1000,1000
2518,58,unweighted_fl,10,0.0995222929936305,0,8,None,66,1,5,False,1000,1000
2519,59,unweighted_fl,10,0.0995222929936305,0,8,None,66,1,5,False,1000,1000
2520,55,unweighted_fl,10,0.0995222929936305,0,9,None,66,1,5,False,1000,1000
2521,56,unweighted_fl,10,0.1888933121019108,0,9,None,66,1,5,False,1000,1000
2522,57,unweighted_fl,10,0.0995222929936305,0,9,None,66,1,5,False,1000,1000
2523,58,unweighted_fl,10,0.0995222929936305,0,9,None,66,1,5,False,1000,1000
2524,59,unweighted_fl,10,0.0995222929936305,0,9,None,66,1,5,False,1000,1000
2525,55,unweighted_fl,10,0.0995222929936305,0,10,None,66,1,5,False,1000,1000
2526,56,unweighted_fl,10,0.0995222929936305,0,10,None,66,1,5,False,1000,1000
2527,57,unweighted_fl,10,0.0995222929936305,0,10,None,66,1,5,False,1000,1000
2528,58,unweighted_fl,10,0.0995222929936305,0,10,None,66,1,5,False,1000,1000
2529,59,unweighted_fl,10,0.0995222929936305,0,10,None,66,1,5,False,1000,1000
2530,55,unweighted_fl,10,0.0995222929936305,0,11,None,66,1,5,False,1000,1000
2531,56,unweighted_fl,10,0.0995222929936305,0,11,None,66,1,5,False,1000,1000
2532,57,unweighted_fl,10,0.0995222929936305,0,11,None,66,1,5,False,1000,1000
2533,58,unweighted_fl,10,0.0995222929936305,0,11,None,66,1,5,False,1000,1000
2534,59,unweighted_fl,10,0.0995222929936305,0,11,None,66,1,5,False,1000,1000
2535,55,unweighted_fl,10,0.0995222929936305,0,12,None,66,1,5,False,1000,1000
2536,56,unweighted_fl,10,0.0995222929936305,0,12,None,66,1,5,False,1000,1000
2537,57,unweighted_fl,10,0.0995222929936305,0,12,None,66,1,5,False,1000,1000
2538,58,unweighted_fl,10,0.0995222929936305,0,12,None,66,1,5,False,1000,1000
2539,59,unweighted_fl,10,0.0995222929936305,0,12,None,66,1,5,False,1000,1000
2540,55,unweighted_fl,10,0.0995222929936305,0,13,None,66,1,5,False,1000,1000
2541,56,unweighted_fl,10,0.1673964968152866,0,13,None,66,1,5,False,1000,1000
2542,57,unweighted_fl,10,0.1943670382165605,0,13,None,66,1,5,False,1000,1000
2543,58,unweighted_fl,10,0.0995222929936305,0,13,None,66,1,5,False,1000,1000
2544,59,unweighted_fl,10,0.0995222929936305,0,13,None,66,1,5,False,1000,1000
2545,55,unweighted_fl,10,0.0995222929936305,0,14,None,66,1,5,False,1000,1000
2546,56,unweighted_fl,10,0.0995222929936305,0,14,None,66,1,5,False,1000,1000
2547,57,unweighted_fl,10,0.0995222929936305,0,14,None,66,1,5,False,1000,1000
2548,58,unweighted_fl,10,0.0995222929936305,0,14,None,66,1,5,False,1000,1000
2549,59,unweighted_fl,10,0.0995222929936305,0,14,None,66,1,5,False,1000,1000
2550,55,unweighted_fl,10,0.1574442675159235,0,15,None,66,1,5,False,1000,1000
2551,56,unweighted_fl,10,0.0995222929936305,0,15,None,66,1,5,False,1000,1000
2552,57,unweighted_fl,10,0.0995222929936305,0,15,None,66,1,5,False,1000,1000
2553,58,unweighted_fl,10,0.0995222929936305,0,15,None,66,1,5,False,1000,1000
2554,59,unweighted_fl,10,0.0995222929936305,0,15,None,66,1,5,False,1000,1000
2555,55,unweighted_fl,10,0.0995222929936305,0,16,None,66,1,5,False,1000,1000
2556,56,unweighted_fl,10,0.0995222929936305,0,16,None,66,1,5,False,1000,1000
2557,57,unweighted_fl,10,0.0995222929936305,0,16,None,66,1,5,False,1000,1000
2558,58,unweighted_fl,10,0.0995222929936305,0,16,None,66,1,5,False,1000,1000
2559,59,unweighted_fl,10,0.0995222929936305,0,16,None,66,1,5,False,1000,1000
2560,55,unweighted_fl,10,0.0995222929936305,0,17,None,66,1,5,False,1000,1000
2561,56,unweighted_fl,10,0.0995222929936305,0,17,None,66,1,5,False,1000,1000
2562,57,unweighted_fl,10,0.0995222929936305,0,17,None,66,1,5,False,1000,1000
2563,58,unweighted_fl,10,0.0995222929936305,0,17,None,66,1,5,False,1000,1000
2564,59,unweighted_fl,10,0.0995222929936305,0,17,None,66,1,5,False,1000,1000
2565,55,unweighted_fl,10,0.0995222929936305,0,18,None,66,1,5,False,1000,1000
2566,56,unweighted_fl,10,0.0995222929936305,0,18,None,66,1,5,False,1000,1000
2567,57,unweighted_fl,10,0.0995222929936305,0,18,None,66,1,5,False,1000,1000
2568,58,unweighted_fl,10,0.0995222929936305,0,18,None,66,1,5,False,1000,1000
2569,59,unweighted_fl,10,0.0995222929936305,0,18,None,66,1,5,False,1000,1000
2570,55,unweighted_fl,10,0.0995222929936305,0,19,None,66,1,5,False,1000,1000
2571,56,unweighted_fl,10,0.0995222929936305,0,19,None,66,1,5,False,1000,1000
2572,57,unweighted_fl,10,0.0995222929936305,0,19,None,66,1,5,False,1000,1000
2573,58,unweighted_fl,10,0.0995222929936305,0,19,None,66,1,5,False,1000,1000
2574,59,unweighted_fl,10,0.0995222929936305,0,19,None,66,1,5,False,1000,1000
2575,55,unweighted_fl,10,0.0995222929936305,0,21,None,66,1,5,False,1000,1000
2576,56,unweighted_fl,10,0.0995222929936305,0,21,None,66,1,5,False,1000,1000
2577,57,unweighted_fl,10,0.0995222929936305,0,21,None,66,1,5,False,1000,1000
2578,58,unweighted_fl,10,0.0995222929936305,0,21,None,66,1,5,False,1000,1000
2579,59,unweighted_fl,10,0.0995222929936305,0,21,None,66,1,5,False,1000,1000
2580,55,unweighted_fl,10,0.1329617834394904,0,20,None,66,1,5,False,1000,1000
2581,56,unweighted_fl,10,0.196656050955414,0,20,None,66,1,5,False,1000,1000
2582,57,unweighted_fl,10,0.0995222929936305,0,20,None,66,1,5,False,1000,1000
2583,58,unweighted_fl,10,0.0995222929936305,0,20,None,66,1,5,False,1000,1000
2584,59,unweighted_fl,10,0.0995222929936305,0,20,None,66,1,5,False,1000,1000
2585,55,unweighted_fl,10,0.0995222929936305,0,22,None,66,1,5,False,1000,1000
2586,56,unweighted_fl,10,0.0995222929936305,0,22,None,66,1,5,False,1000,1000
2587,57,unweighted_fl,10,0.0995222929936305,0,22,None,66,1,5,False,1000,1000
2588,58,unweighted_fl,10,0.0995222929936305,0,22,None,66,1,5,False,1000,1000
2589,59,unweighted_fl,10,0.0995222929936305,0,22,None,66,1,5,False,1000,1000
2590,55,unweighted_fl,10,0.0995222929936305,0,23,None,66,1,5,False,1000,1000
2591,56,unweighted_fl,10,0.0995222929936305,0,23,None,66,1,5,False,1000,1000
2592,57,unweighted_fl,10,0.0995222929936305,0,23,None,66,1,5,False,1000,1000
2593,58,unweighted_fl,10,0.0995222929936305,0,23,None,66,1,5,False,1000,1000
2594,59,unweighted_fl,10,0.0995222929936305,0,23,None,66,1,5,False,1000,1000
2595,55,unweighted_fl,10,0.1003184713375796,0,24,None,66,1,5,False,1000,1000
2596,56,unweighted_fl,10,0.1088773885350318,0,24,None,66,1,5,False,1000,1000
2597,57,unweighted_fl,10,0.122014331210191,0,24,None,66,1,5,False,1000,1000
2598,58,unweighted_fl,10,0.1353503184713375,0,24,None,66,1,5,False,1000,1000
2599,59,unweighted_fl,10,0.1468949044585987,0,24,None,66,1,5,False,1000,1000
2600,55,unweighted_fl,10,0.0995222929936305,0,25,None,66,1,5,False,1000,1000
2601,56,unweighted_fl,10,0.0995222929936305,0,25,None,66,1,5,False,1000,1000
2602,57,unweighted_fl,10,0.0995222929936305,0,25,None,66,1,5,False,1000,1000
2603,58,unweighted_fl,10,0.0995222929936305,0,25,None,66,1,5,False,1000,1000
2604,59,unweighted_fl,10,0.0995222929936305,0,25,None,66,1,5,False,1000,1000
2605,55,unweighted_fl,10,0.1965565286624203,0,26,None,66,1,5,False,1000,1000
2606,56,unweighted_fl,10,0.1408240445859872,0,26,None,66,1,5,False,1000,1000
2607,57,unweighted_fl,10,0.0995222929936305,0,26,None,66,1,5,False,1000,1000
2608,58,unweighted_fl,10,0.0995222929936305,0,26,None,66,1,5,False,1000,1000
2609,59,unweighted_fl,10,0.0995222929936305,0,26,None,66,1,5,False,1000,1000
2610,55,unweighted_fl,10,0.0995222929936305,0,27,None,66,1,5,False,1000,1000
2611,56,unweighted_fl,10,0.0995222929936305,0,27,None,66,1,5,False,1000,1000
2612,57,unweighted_fl,10,0.0995222929936305,0,27,None,66,1,5,False,1000,1000
2613,58,unweighted_fl,10,0.0995222929936305,0,27,None,66,1,5,False,1000,1000
2614,59,unweighted_fl,10,0.0995222929936305,0,27,None,66,1,5,False,1000,1000
2615,55,unweighted_fl,10,0.0995222929936305,0,28,None,66,1,5,False,1000,1000
2616,56,unweighted_fl,10,0.0995222929936305,0,28,None,66,1,5,False,1000,1000
2617,57,unweighted_fl,10,0.0995222929936305,0,28,None,66,1,5,False,1000,1000
2618,58,unweighted_fl,10,0.0995222929936305,0,28,None,66,1,5,False,1000,1000
2619,59,unweighted_fl,10,0.0995222929936305,0,28,None,66,1,5,False,1000,1000
2620,55,unweighted_fl,10,0.0995222929936305,0,29,None,66,1,5,False,1000,1000
2621,56,unweighted_fl,10,0.0995222929936305,0,29,None,66,1,5,False,1000,1000
2622,57,unweighted_fl,10,0.0995222929936305,0,29,None,66,1,5,False,1000,1000
2623,58,unweighted_fl,10,0.0995222929936305,0,29,None,66,1,5,False,1000,1000
2624,59,unweighted_fl,10,0.0995222929936305,0,29,None,66,1,5,False,1000,1000
2625,55,unweighted_fl,10,0.0995222929936305,0,30,None,66,1,5,False,1000,1000
2626,56,unweighted_fl,10,0.0995222929936305,0,30,None,66,1,5,False,1000,1000
2627,57,unweighted_fl,10,0.0995222929936305,0,30,None,66,1,5,False,1000,1000
2628,58,unweighted_fl,10,0.0995222929936305,0,30,None,66,1,5,False,1000,1000
2629,59,unweighted_fl,10,0.0995222929936305,0,30,None,66,1,5,False,1000,1000
2630,55,unweighted_fl,10,0.1732683121019108,0,31,None,66,1,5,False,1000,1000
2631,56,unweighted_fl,10,0.1161425159235668,0,31,None,66,1,5,False,1000,1000
2632,57,unweighted_fl,10,0.0995222929936305,0,31,None,66,1,5,False,1000,1000
2633,58,unweighted_fl,10,0.0995222929936305,0,31,None,66,1,5,False,1000,1000
2634,59,unweighted_fl,10,0.0995222929936305,0,31,None,66,1,5,False,1000,1000
2635,55,unweighted_fl,10,0.197452229299363,0,32,None,66,1,5,False,1000,1000
2636,56,unweighted_fl,10,0.0995222929936305,0,32,None,66,1,5,False,1000,1000
2637,57,unweighted_fl,10,0.0995222929936305,0,32,None,66,1,5,False,1000,1000
2638,58,unweighted_fl,10,0.0995222929936305,0,32,None,66,1,5,False,1000,1000
2639,59,unweighted_fl,10,0.0995222929936305,0,32,None,66,1,5,False,1000,1000
2640,60,unweighted_fl,10,0.0995222929936305,0,1,None,66,1,5,False,1000,1000
2641,61,unweighted_fl,10,0.0995222929936305,0,1,None,66,1,5,False,1000,1000
2642,62,unweighted_fl,10,0.0995222929936305,0,1,None,66,1,5,False,1000,1000
2643,63,unweighted_fl,10,0.0995222929936305,0,1,None,66,1,5,False,1000,1000
2644,64,unweighted_fl,10,0.0995222929936305,0,1,None,66,1,5,False,1000,1000
2645,60,unweighted_fl,10,0.0995222929936305,0,0,None,66,1,5,False,1000,1000
2646,61,unweighted_fl,10,0.1923765923566879,0,0,None,66,1,5,False,1000,1000
2647,62,unweighted_fl,10,0.1294785031847133,0,0,None,66,1,5,False,1000,1000
2648,63,unweighted_fl,10,0.0995222929936305,0,0,None,66,1,5,False,1000,1000
2649,64,unweighted_fl,10,0.0995222929936305,0,0,None,66,1,5,False,1000,1000
2650,60,unweighted_fl,10,0.0995222929936305,0,2,None,66,1,5,False,1000,1000
2651,61,unweighted_fl,10,0.0995222929936305,0,2,None,66,1,5,False,1000,1000
2652,62,unweighted_fl,10,0.0995222929936305,0,2,None,66,1,5,False,1000,1000
2653,63,unweighted_fl,10,0.0995222929936305,0,2,None,66,1,5,False,1000,1000
2654,64,unweighted_fl,10,0.0995222929936305,0,2,None,66,1,5,False,1000,1000
2655,60,unweighted_fl,10,0.0995222929936305,0,3,None,66,1,5,False,1000,1000
2656,61,unweighted_fl,10,0.0995222929936305,0,3,None,66,1,5,False,1000,1000
2657,62,unweighted_fl,10,0.0995222929936305,0,3,None,66,1,5,False,1000,1000
2658,63,unweighted_fl,10,0.0995222929936305,0,3,None,66,1,5,False,1000,1000
2659,64,unweighted_fl,10,0.0995222929936305,0,3,None,66,1,5,False,1000,1000
2660,60,unweighted_fl,10,0.1281847133757961,0,4,None,66,1,5,False,1000,1000
2661,61,unweighted_fl,10,0.0995222929936305,0,4,None,66,1,5,False,1000,1000
2662,62,unweighted_fl,10,0.1733678343949044,0,4,None,66,1,5,False,1000,1000
2663,63,unweighted_fl,10,0.0995222929936305,0,4,None,66,1,5,False,1000,1000
2664,64,unweighted_fl,10,0.0995222929936305,0,4,None,66,1,5,False,1000,1000
2665,60,unweighted_fl,10,0.0995222929936305,0,6,None,66,1,5,False,1000,1000
2666,61,unweighted_fl,10,0.0995222929936305,0,6,None,66,1,5,False,1000,1000
2667,62,unweighted_fl,10,0.0995222929936305,0,6,None,66,1,5,False,1000,1000
2668,63,unweighted_fl,10,0.0995222929936305,0,6,None,66,1,5,False,1000,1000
2669,64,unweighted_fl,10,0.0995222929936305,0,6,None,66,1,5,False,1000,1000
2670,60,unweighted_fl,10,0.0995222929936305,0,5,None,66,1,5,False,1000,1000
2671,61,unweighted_fl,10,0.0995222929936305,0,5,None,66,1,5,False,1000,1000
2672,62,unweighted_fl,10,0.0995222929936305,0,5,None,66,1,5,False,1000,1000
2673,63,unweighted_fl,10,0.0995222929936305,0,5,None,66,1,5,False,1000,1000
2674,64,unweighted_fl,10,0.0995222929936305,0,5,None,66,1,5,False,1000,1000
2675,60,unweighted_fl,10,0.0995222929936305,0,7,None,66,1,5,False,1000,1000
2676,61,unweighted_fl,10,0.0995222929936305,0,7,None,66,1,5,False,1000,1000
2677,62,unweighted_fl,10,0.1965565286624203,0,7,None,66,1,5,False,1000,1000
2678,63,unweighted_fl,10,0.0995222929936305,0,7,None,66,1,5,False,1000,1000
2679,64,unweighted_fl,10,0.0995222929936305,0,7,None,66,1,5,False,1000,1000
2680,60,unweighted_fl,10,0.0995222929936305,0,9,None,66,1,5,False,1000,1000
2681,61,unweighted_fl,10,0.1785429936305732,0,9,None,66,1,5,False,1000,1000
2682,62,unweighted_fl,10,0.0995222929936305,0,9,None,66,1,5,False,1000,1000
2683,63,unweighted_fl,10,0.0995222929936305,0,9,None,66,1,5,False,1000,1000
2684,64,unweighted_fl,10,0.0995222929936305,0,9,None,66,1,5,False,1000,1000
2685,60,unweighted_fl,10,0.0995222929936305,0,8,None,66,1,5,False,1000,1000
2686,61,unweighted_fl,10,0.0995222929936305,0,8,None,66,1,5,False,1000,1000
2687,62,unweighted_fl,10,0.0995222929936305,0,8,None,66,1,5,False,1000,1000
2688,63,unweighted_fl,10,0.0995222929936305,0,8,None,66,1,5,False,1000,1000
2689,64,unweighted_fl,10,0.0995222929936305,0,8,None,66,1,5,False,1000,1000
2690,60,unweighted_fl,10,0.0995222929936305,0,10,None,66,1,5,False,1000,1000
2691,61,unweighted_fl,10,0.0995222929936305,0,10,None,66,1,5,False,1000,1000
2692,62,unweighted_fl,10,0.0995222929936305,0,10,None,66,1,5,False,1000,1000
2693,63,unweighted_fl,10,0.0995222929936305,0,10,None,66,1,5,False,1000,1000
2694,64,unweighted_fl,10,0.0995222929936305,0,10,None,66,1,5,False,1000,1000
2695,60,unweighted_fl,10,0.1453025477707006,0,12,None,66,1,5,False,1000,1000
2696,61,unweighted_fl,10,0.0995222929936305,0,12,None,66,1,5,False,1000,1000
2697,62,unweighted_fl,10,0.0995222929936305,0,12,None,66,1,5,False,1000,1000
2698,63,unweighted_fl,10,0.0995222929936305,0,12,None,66,1,5,False,1000,1000
2699,64,unweighted_fl,10,0.0995222929936305,0,12,None,66,1,5,False,1000,1000
2700,60,unweighted_fl,10,0.0995222929936305,0,11,None,66,1,5,False,1000,1000
2701,61,unweighted_fl,10,0.159733280254777,0,11,None,66,1,5,False,1000,1000
2702,62,unweighted_fl,10,0.0995222929936305,0,11,None,66,1,5,False,1000,1000
2703,63,unweighted_fl,10,0.0995222929936305,0,11,None,66,1,5,False,1000,1000
2704,64,unweighted_fl,10,0.0995222929936305,0,11,None,66,1,5,False,1000,1000
2705,60,unweighted_fl,10,0.0995222929936305,0,14,None,66,1,5,False,1000,1000
2706,61,unweighted_fl,10,0.0995222929936305,0,14,None,66,1,5,False,1000,1000
2707,62,unweighted_fl,10,0.0995222929936305,0,14,None,66,1,5,False,1000,1000
2708,63,unweighted_fl,10,0.0995222929936305,0,14,None,66,1,5,False,1000,1000
2709,64,unweighted_fl,10,0.0995222929936305,0,14,None,66,1,5,False,1000,1000
2710,60,unweighted_fl,10,0.0995222929936305,0,13,None,66,1,5,False,1000,1000
2711,61,unweighted_fl,10,0.1465963375796178,0,13,None,66,1,5,False,1000,1000
2712,62,unweighted_fl,10,0.1979498407643312,0,13,None,66,1,5,False,1000,1000
2713,63,unweighted_fl,10,0.1523686305732484,0,13,None,66,1,5,False,1000,1000
2714,64,unweighted_fl,10,0.0995222929936305,0,13,None,66,1,5,False,1000,1000
2715,60,unweighted_fl,10,0.1962579617834395,0,15,None,66,1,5,False,1000,1000
2716,61,unweighted_fl,10,0.0995222929936305,0,15,None,66,1,5,False,1000,1000
2717,62,unweighted_fl,10,0.0995222929936305,0,15,None,66,1,5,False,1000,1000
2718,63,unweighted_fl,10,0.0995222929936305,0,15,None,66,1,5,False,1000,1000
2719,64,unweighted_fl,10,0.0995222929936305,0,15,None,66,1,5,False,1000,1000
2720,60,unweighted_fl,10,0.0995222929936305,0,16,None,66,1,5,False,1000,1000
2721,61,unweighted_fl,10,0.0995222929936305,0,16,None,66,1,5,False,1000,1000
2722,62,unweighted_fl,10,0.0995222929936305,0,16,None,66,1,5,False,1000,1000
2723,63,unweighted_fl,10,0.0995222929936305,0,16,None,66,1,5,False,1000,1000
2724,64,unweighted_fl,10,0.0995222929936305,0,16,None,66,1,5,False,1000,1000
2725,60,unweighted_fl,10,0.0995222929936305,0,17,None,66,1,5,False,1000,1000
2726,61,unweighted_fl,10,0.0995222929936305,0,17,None,66,1,5,False,1000,1000
2727,62,unweighted_fl,10,0.0995222929936305,0,17,None,66,1,5,False,1000,1000
2728,63,unweighted_fl,10,0.0995222929936305,0,17,None,66,1,5,False,1000,1000
2729,64,unweighted_fl,10,0.0995222929936305,0,17,None,66,1,5,False,1000,1000
2730,60,unweighted_fl,10,0.0995222929936305,0,18,None,66,1,5,False,1000,1000
2731,61,unweighted_fl,10,0.0995222929936305,0,18,None,66,1,5,False,1000,1000
2732,62,unweighted_fl,10,0.0995222929936305,0,18,None,66,1,5,False,1000,1000
2733,63,unweighted_fl,10,0.0995222929936305,0,18,None,66,1,5,False,1000,1000
2734,64,unweighted_fl,10,0.0995222929936305,0,18,None,66,1,5,False,1000,1000
2735,60,unweighted_fl,10,0.0995222929936305,0,19,None,66,1,5,False,1000,1000
2736,61,unweighted_fl,10,0.0995222929936305,0,19,None,66,1,5,False,1000,1000
2737,62,unweighted_fl,10,0.0995222929936305,0,19,None,66,1,5,False,1000,1000
2738,63,unweighted_fl,10,0.0995222929936305,0,19,None,66,1,5,False,1000,1000
2739,64,unweighted_fl,10,0.1027070063694267,0,19,None,66,1,5,False,1000,1000
2740,60,unweighted_fl,10,0.1546576433121019,0,20,None,66,1,5,False,1000,1000
2741,61,unweighted_fl,10,0.1958598726114649,0,20,None,66,1,5,False,1000,1000
2742,62,unweighted_fl,10,0.0997213375796178,0,20,None,66,1,5,False,1000,1000
2743,63,unweighted_fl,10,0.0995222929936305,0,20,None,66,1,5,False,1000,1000
2744,64,unweighted_fl,10,0.0995222929936305,0,20,None,66,1,5,False,1000,1000
2745,60,unweighted_fl,10,0.0995222929936305,0,21,None,66,1,5,False,1000,1000
2746,61,unweighted_fl,10,0.0995222929936305,0,21,None,66,1,5,False,1000,1000
2747,62,unweighted_fl,10,0.0995222929936305,0,21,None,66,1,5,False,1000,1000
2748,63,unweighted_fl,10,0.0995222929936305,0,21,None,66,1,5,False,1000,1000
2749,64,unweighted_fl,10,0.0995222929936305,0,21,None,66,1,5,False,1000,1000
2750,60,unweighted_fl,10,0.0995222929936305,0,22,None,66,1,5,False,1000,1000
2751,61,unweighted_fl,10,0.0995222929936305,0,22,None,66,1,5,False,1000,1000
2752,62,unweighted_fl,10,0.0995222929936305,0,22,None,66,1,5,False,1000,1000
2753,63,unweighted_fl,10,0.0995222929936305,0,22,None,66,1,5,False,1000,1000
2754,64,unweighted_fl,10,0.0995222929936305,0,22,None,66,1,5,False,1000,1000
2755,60,unweighted_fl,10,0.0995222929936305,0,24,None,66,1,5,False,1000,1000
2756,61,unweighted_fl,10,0.0995222929936305,0,24,None,66,1,5,False,1000,1000
2757,62,unweighted_fl,10,0.0995222929936305,0,24,None,66,1,5,False,1000,1000
2758,63,unweighted_fl,10,0.101811305732484,0,24,None,66,1,5,False,1000,1000
2759,64,unweighted_fl,10,0.1112659235668789,0,24,None,66,1,5,False,1000,1000
2760,60,unweighted_fl,10,0.0995222929936305,0,23,None,66,1,5,False,1000,1000
2761,61,unweighted_fl,10,0.0995222929936305,0,23,None,66,1,5,False,1000,1000
2762,62,unweighted_fl,10,0.0995222929936305,0,23,None,66,1,5,False,1000,1000
2763,63,unweighted_fl,10,0.0995222929936305,0,23,None,66,1,5,False,1000,1000
2764,64,unweighted_fl,10,0.0995222929936305,0,23,None,66,1,5,False,1000,1000
2765,60,unweighted_fl,10,0.1546576433121019,0,25,None,66,1,5,False,1000,1000
2766,61,unweighted_fl,10,0.0995222929936305,0,25,None,66,1,5,False,1000,1000
2767,62,unweighted_fl,10,0.0995222929936305,0,25,None,66,1,5,False,1000,1000
2768,63,unweighted_fl,10,0.0995222929936305,0,25,None,66,1,5,False,1000,1000
2769,64,unweighted_fl,10,0.0995222929936305,0,25,None,66,1,5,False,1000,1000
2770,60,unweighted_fl,10,0.1511743630573248,0,26,None,66,1,5,False,1000,1000
2771,61,unweighted_fl,10,0.0995222929936305,0,26,None,66,1,5,False,1000,1000
2772,62,unweighted_fl,10,0.0995222929936305,0,26,None,66,1,5,False,1000,1000
2773,63,unweighted_fl,10,0.0995222929936305,0,26,None,66,1,5,False,1000,1000
2774,64,unweighted_fl,10,0.0995222929936305,0,26,None,66,1,5,False,1000,1000
2775,60,unweighted_fl,10,0.0995222929936305,0,27,None,66,1,5,False,1000,1000
2776,61,unweighted_fl,10,0.0995222929936305,0,27,None,66,1,5,False,1000,1000
2777,62,unweighted_fl,10,0.0995222929936305,0,27,None,66,1,5,False,1000,1000
2778,63,unweighted_fl,10,0.0995222929936305,0,27,None,66,1,5,False,1000,1000
2779,64,unweighted_fl,10,0.0995222929936305,0,27,None,66,1,5,False,1000,1000
2780,60,unweighted_fl,10,0.0995222929936305,0,28,None,66,1,5,False,1000,1000
2781,61,unweighted_fl,10,0.0995222929936305,0,28,None,66,1,5,False,1000,1000
2782,62,unweighted_fl,10,0.0995222929936305,0,28,None,66,1,5,False,1000,1000
2783,63,unweighted_fl,10,0.0995222929936305,0,28,None,66,1,5,False,1000,1000
2784,64,unweighted_fl,10,0.0995222929936305,0,28,None,66,1,5,False,1000,1000
2785,60,unweighted_fl,10,0.0995222929936305,0,29,None,66,1,5,False,1000,1000
2786,61,unweighted_fl,10,0.0995222929936305,0,29,None,66,1,5,False,1000,1000
2787,62,unweighted_fl,10,0.0995222929936305,0,29,None,66,1,5,False,1000,1000
2788,63,unweighted_fl,10,0.0995222929936305,0,29,None,66,1,5,False,1000,1000
2789,64,unweighted_fl,10,0.0995222929936305,0,29,None,66,1,5,False,1000,1000
2790,60,unweighted_fl,10,0.0995222929936305,0,30,None,66,1,5,False,1000,1000
2791,61,unweighted_fl,10,0.0995222929936305,0,30,None,66,1,5,False,1000,1000
2792,62,unweighted_fl,10,0.0995222929936305,0,30,None,66,1,5,False,1000,1000
2793,63,unweighted_fl,10,0.0995222929936305,0,30,None,66,1,5,False,1000,1000
2794,64,unweighted_fl,10,0.0995222929936305,0,30,None,66,1,5,False,1000,1000
2795,60,unweighted_fl,10,0.1060907643312101,0,31,None,66,1,5,False,1000,1000
2796,61,unweighted_fl,10,0.1956608280254777,0,31,None,66,1,5,False,1000,1000
2797,62,unweighted_fl,10,0.0995222929936305,0,31,None,66,1,5,False,1000,1000
2798,63,unweighted_fl,10,0.0995222929936305,0,31,None,66,1,5,False,1000,1000
2799,64,unweighted_fl,10,0.0995222929936305,0,31,None,66,1,5,False,1000,1000
2800,60,unweighted_fl,10,0.1632165605095541,0,32,None,66,1,5,False,1000,1000
2801,61,unweighted_fl,10,0.0995222929936305,0,32,None,66,1,5,False,1000,1000
2802,62,unweighted_fl,10,0.0995222929936305,0,32,None,66,1,5,False,1000,1000
2803,63,unweighted_fl,10,0.0995222929936305,0,32,None,66,1,5,False,1000,1000
2804,64,unweighted_fl,10,0.0995222929936305,0,32,None,66,1,5,False,1000,1000
2805,65,unweighted_fl,10,0.0995222929936305,0,1,None,66,1,5,False,1000,1000
2806,66,unweighted_fl,10,0.0995222929936305,0,1,None,66,1,5,False,1000,1000
2807,67,unweighted_fl,10,0.0995222929936305,0,1,None,66,1,5,False,1000,1000
2808,68,unweighted_fl,10,0.101811305732484,0,1,None,66,1,5,False,1000,1000
2809,69,unweighted_fl,10,0.0995222929936305,0,1,None,66,1,5,False,1000,1000
2810,65,unweighted_fl,10,0.0995222929936305,0,0,None,66,1,5,False,1000,1000
2811,66,unweighted_fl,10,0.1586385350318471,0,0,None,66,1,5,False,1000,1000
2812,67,unweighted_fl,10,0.1943670382165605,0,0,None,66,1,5,False,1000,1000
2813,68,unweighted_fl,10,0.0995222929936305,0,0,None,66,1,5,False,1000,1000
2814,69,unweighted_fl,10,0.0995222929936305,0,0,None,66,1,5,False,1000,1000
2815,65,unweighted_fl,10,0.0995222929936305,0,2,None,66,1,5,False,1000,1000
2816,66,unweighted_fl,10,0.0995222929936305,0,2,None,66,1,5,False,1000,1000
2817,67,unweighted_fl,10,0.0995222929936305,0,2,None,66,1,5,False,1000,1000
2818,68,unweighted_fl,10,0.0995222929936305,0,2,None,66,1,5,False,1000,1000
2819,69,unweighted_fl,10,0.0995222929936305,0,2,None,66,1,5,False,1000,1000
2820,65,unweighted_fl,10,0.0995222929936305,0,4,None,66,1,5,False,1000,1000
2821,66,unweighted_fl,10,0.0995222929936305,0,4,None,66,1,5,False,1000,1000
2822,67,unweighted_fl,10,0.1356488853503184,0,4,None,66,1,5,False,1000,1000
2823,68,unweighted_fl,10,0.0995222929936305,0,4,None,66,1,5,False,1000,1000
2824,69,unweighted_fl,10,0.0995222929936305,0,4,None,66,1,5,False,1000,1000
2825,65,unweighted_fl,10,0.0995222929936305,0,3,None,66,1,5,False,1000,1000
2826,66,unweighted_fl,10,0.0995222929936305,0,3,None,66,1,5,False,1000,1000
2827,67,unweighted_fl,10,0.0995222929936305,0,3,None,66,1,5,False,1000,1000
2828,68,unweighted_fl,10,0.0995222929936305,0,3,None,66,1,5,False,1000,1000
2829,69,unweighted_fl,10,0.0995222929936305,0,3,None,66,1,5,False,1000,1000
2830,65,unweighted_fl,10,0.0995222929936305,0,6,None,66,1,5,False,1000,1000
2831,66,unweighted_fl,10,0.0995222929936305,0,6,None,66,1,5,False,1000,1000
2832,67,unweighted_fl,10,0.0995222929936305,0,6,None,66,1,5,False,1000,1000
2833,68,unweighted_fl,10,0.0995222929936305,0,6,None,66,1,5,False,1000,1000
2834,69,unweighted_fl,10,0.0995222929936305,0,6,None,66,1,5,False,1000,1000
2835,65,unweighted_fl,10,0.0995222929936305,0,5,None,66,1,5,False,1000,1000
2836,66,unweighted_fl,10,0.0995222929936305,0,5,None,66,1,5,False,1000,1000
2837,67,unweighted_fl,10,0.0995222929936305,0,5,None,66,1,5,False,1000,1000
2838,68,unweighted_fl,10,0.0995222929936305,0,5,None,66,1,5,False,1000,1000
2839,69,unweighted_fl,10,0.0995222929936305,0,5,None,66,1,5,False,1000,1000
2840,65,unweighted_fl,10,0.0995222929936305,0,7,None,66,1,5,False,1000,1000
2841,66,unweighted_fl,10,0.0995222929936305,0,7,None,66,1,5,False,1000,1000
2842,67,unweighted_fl,10,0.1969546178343949,0,7,None,66,1,5,False,1000,1000
2843,68,unweighted_fl,10,0.0995222929936305,0,7,None,66,1,5,False,1000,1000
2844,69,unweighted_fl,10,0.0995222929936305,0,7,None,66,1,5,False,1000,1000
2845,65,unweighted_fl,10,0.0995222929936305,0,8,None,66,1,5,False,1000,1000
2846,66,unweighted_fl,10,0.0995222929936305,0,8,None,66,1,5,False,1000,1000
2847,67,unweighted_fl,10,0.0995222929936305,0,8,None,66,1,5,False,1000,1000
2848,68,unweighted_fl,10,0.0995222929936305,0,8,None,66,1,5,False,1000,1000
2849,69,unweighted_fl,10,0.0995222929936305,0,8,None,66,1,5,False,1000,1000
2850,65,unweighted_fl,10,0.0995222929936305,0,10,None,66,1,5,False,1000,1000
2851,66,unweighted_fl,10,0.0995222929936305,0,10,None,66,1,5,False,1000,1000
2852,67,unweighted_fl,10,0.0995222929936305,0,10,None,66,1,5,False,1000,1000
2853,68,unweighted_fl,10,0.0995222929936305,0,10,None,66,1,5,False,1000,1000
2854,69,unweighted_fl,10,0.0995222929936305,0,10,None,66,1,5,False,1000,1000
2855,65,unweighted_fl,10,0.0995222929936305,0,9,None,66,1,5,False,1000,1000
2856,66,unweighted_fl,10,0.1790406050955414,0,9,None,66,1,5,False,1000,1000
2857,67,unweighted_fl,10,0.0995222929936305,0,9,None,66,1,5,False,1000,1000
2858,68,unweighted_fl,10,0.0995222929936305,0,9,None,66,1,5,False,1000,1000
2859,69,unweighted_fl,10,0.0995222929936305,0,9,None,66,1,5,False,1000,1000
2860,65,unweighted_fl,10,0.0995222929936305,0,11,None,66,1,5,False,1000,1000
2861,66,unweighted_fl,10,0.0995222929936305,0,11,None,66,1,5,False,1000,1000
2862,67,unweighted_fl,10,0.0995222929936305,0,11,None,66,1,5,False,1000,1000
2863,68,unweighted_fl,10,0.0995222929936305,0,11,None,66,1,5,False,1000,1000
2864,69,unweighted_fl,10,0.0995222929936305,0,11,None,66,1,5,False,1000,1000
2865,65,unweighted_fl,10,0.1925756369426751,0,12,None,66,1,5,False,1000,1000
2866,66,unweighted_fl,10,0.0995222929936305,0,12,None,66,1,5,False,1000,1000
2867,67,unweighted_fl,10,0.0995222929936305,0,12,None,66,1,5,False,1000,1000
2868,68,unweighted_fl,10,0.0995222929936305,0,12,None,66,1,5,False,1000,1000
2869,69,unweighted_fl,10,0.0995222929936305,0,12,None,66,1,5,False,1000,1000
2870,65,unweighted_fl,10,0.0995222929936305,0,13,None,66,1,5,False,1000,1000
2871,66,unweighted_fl,10,0.0995222929936305,0,13,None,66,1,5,False,1000,1000
2872,67,unweighted_fl,10,0.148686305732484,0,13,None,66,1,5,False,1000,1000
2873,68,unweighted_fl,10,0.1969546178343949,0,13,None,66,1,5,False,1000,1000
2874,69,unweighted_fl,10,0.1737659235668789,0,13,None,66,1,5,False,1000,1000
2875,65,unweighted_fl,10,0.0995222929936305,0,14,None,66,1,5,False,1000,1000
2876,66,unweighted_fl,10,0.0995222929936305,0,14,None,66,1,5,False,1000,1000
2877,67,unweighted_fl,10,0.0995222929936305,0,14,None,66,1,5,False,1000,1000
2878,68,unweighted_fl,10,0.0995222929936305,0,14,None,66,1,5,False,1000,1000
2879,69,unweighted_fl,10,0.0995222929936305,0,14,None,66,1,5,False,1000,1000
2880,65,unweighted_fl,10,0.1976512738853503,0,15,None,66,1,5,False,1000,1000
2881,66,unweighted_fl,10,0.0995222929936305,0,15,None,66,1,5,False,1000,1000
2882,67,unweighted_fl,10,0.0995222929936305,0,15,None,66,1,5,False,1000,1000
2883,68,unweighted_fl,10,0.0995222929936305,0,15,None,66,1,5,False,1000,1000
2884,69,unweighted_fl,10,0.0995222929936305,0,15,None,66,1,5,False,1000,1000
2885,65,unweighted_fl,10,0.0995222929936305,0,17,None,66,1,5,False,1000,1000
2886,66,unweighted_fl,10,0.0995222929936305,0,17,None,66,1,5,False,1000,1000
2887,67,unweighted_fl,10,0.0995222929936305,0,17,None,66,1,5,False,1000,1000
2888,68,unweighted_fl,10,0.0995222929936305,0,17,None,66,1,5,False,1000,1000
2889,69,unweighted_fl,10,0.0995222929936305,0,17,None,66,1,5,False,1000,1000
2890,65,unweighted_fl,10,0.0995222929936305,0,16,None,66,1,5,False,1000,1000
2891,66,unweighted_fl,10,0.0995222929936305,0,16,None,66,1,5,False,1000,1000
2892,67,unweighted_fl,10,0.0995222929936305,0,16,None,66,1,5,False,1000,1000
2893,68,unweighted_fl,10,0.0995222929936305,0,16,None,66,1,5,False,1000,1000
2894,69,unweighted_fl,10,0.0995222929936305,0,16,None,66,1,5,False,1000,1000
2895,65,unweighted_fl,10,0.0995222929936305,0,18,None,66,1,5,False,1000,1000
2896,66,unweighted_fl,10,0.0995222929936305,0,18,None,66,1,5,False,1000,1000
2897,67,unweighted_fl,10,0.0995222929936305,0,18,None,66,1,5,False,1000,1000
2898,68,unweighted_fl,10,0.0995222929936305,0,18,None,66,1,5,False,1000,1000
2899,69,unweighted_fl,10,0.0995222929936305,0,18,None,66,1,5,False,1000,1000
2900,65,unweighted_fl,10,0.0995222929936305,0,19,None,66,1,5,False,1000,1000
2901,66,unweighted_fl,10,0.0995222929936305,0,19,None,66,1,5,False,1000,1000
2902,67,unweighted_fl,10,0.0995222929936305,0,19,None,66,1,5,False,1000,1000
2903,68,unweighted_fl,10,0.0995222929936305,0,19,None,66,1,5,False,1000,1000
2904,69,unweighted_fl,10,0.1806329617834395,0,19,None,66,1,5,False,1000,1000
2905,65,unweighted_fl,10,0.0995222929936305,0,20,None,66,1,5,False,1000,1000
2906,66,unweighted_fl,10,0.0995222929936305,0,20,None,66,1,5,False,1000,1000
2907,67,unweighted_fl,10,0.1523686305732484,0,20,None,66,1,5,False,1000,1000
2908,68,unweighted_fl,10,0.1971536624203821,0,20,None,66,1,5,False,1000,1000
2909,69,unweighted_fl,10,0.1211186305732484,0,20,None,66,1,5,False,1000,1000
2910,65,unweighted_fl,10,0.0995222929936305,0,22,None,66,1,5,False,1000,1000
2911,66,unweighted_fl,10,0.0995222929936305,0,22,None,66,1,5,False,1000,1000
2912,67,unweighted_fl,10,0.0995222929936305,0,22,None,66,1,5,False,1000,1000
2913,68,unweighted_fl,10,0.0995222929936305,0,22,None,66,1,5,False,1000,1000
2914,69,unweighted_fl,10,0.0995222929936305,0,22,None,66,1,5,False,1000,1000
2915,65,unweighted_fl,10,0.0995222929936305,0,21,None,66,1,5,False,1000,1000
2916,66,unweighted_fl,10,0.0995222929936305,0,21,None,66,1,5,False,1000,1000
2917,67,unweighted_fl,10,0.0995222929936305,0,21,None,66,1,5,False,1000,1000
2918,68,unweighted_fl,10,0.0995222929936305,0,21,None,66,1,5,False,1000,1000
2919,69,unweighted_fl,10,0.0995222929936305,0,21,None,66,1,5,False,1000,1000
2920,65,unweighted_fl,10,0.0995222929936305,0,23,None,66,1,5,False,1000,1000
2921,66,unweighted_fl,10,0.0995222929936305,0,23,None,66,1,5,False,1000,1000
2922,67,unweighted_fl,10,0.0995222929936305,0,23,None,66,1,5,False,1000,1000
2923,68,unweighted_fl,10,0.0995222929936305,0,23,None,66,1,5,False,1000,1000
2924,69,unweighted_fl,10,0.0995222929936305,0,23,None,66,1,5,False,1000,1000
2925,65,unweighted_fl,10,0.0995222929936305,0,24,None,66,1,5,False,1000,1000
2926,66,unweighted_fl,10,0.0995222929936305,0,24,None,66,1,5,False,1000,1000
2927,67,unweighted_fl,10,0.1001194267515923,0,24,None,66,1,5,False,1000,1000
2928,68,unweighted_fl,10,0.1050955414012738,0,24,None,66,1,5,False,1000,1000
2929,69,unweighted_fl,10,0.1165406050955414,0,24,None,66,1,5,False,1000,1000
2930,65,unweighted_fl,10,0.1964570063694267,0,25,None,66,1,5,False,1000,1000
2931,66,unweighted_fl,10,0.0995222929936305,0,25,None,66,1,5,False,1000,1000
2932,67,unweighted_fl,10,0.0995222929936305,0,25,None,66,1,5,False,1000,1000
2933,68,unweighted_fl,10,0.0995222929936305,0,25,None,66,1,5,False,1000,1000
2934,69,unweighted_fl,10,0.0995222929936305,0,25,None,66,1,5,False,1000,1000
2935,65,unweighted_fl,10,0.1399283439490445,0,26,None,66,1,5,False,1000,1000
2936,66,unweighted_fl,10,0.0995222929936305,0,26,None,66,1,5,False,1000,1000
2937,67,unweighted_fl,10,0.0995222929936305,0,26,None,66,1,5,False,1000,1000
2938,68,unweighted_fl,10,0.0995222929936305,0,26,None,66,1,5,False,1000,1000
2939,69,unweighted_fl,10,0.0995222929936305,0,26,None,66,1,5,False,1000,1000
2940,65,unweighted_fl,10,0.0995222929936305,0,27,None,66,1,5,False,1000,1000
2941,66,unweighted_fl,10,0.0995222929936305,0,27,None,66,1,5,False,1000,1000
2942,67,unweighted_fl,10,0.0995222929936305,0,27,None,66,1,5,False,1000,1000
2943,68,unweighted_fl,10,0.0995222929936305,0,27,None,66,1,5,False,1000,1000
2944,69,unweighted_fl,10,0.0995222929936305,0,27,None,66,1,5,False,1000,1000
2945,65,unweighted_fl,10,0.0995222929936305,0,28,None,66,1,5,False,1000,1000
2946,66,unweighted_fl,10,0.0995222929936305,0,28,None,66,1,5,False,1000,1000
2947,67,unweighted_fl,10,0.0995222929936305,0,28,None,66,1,5,False,1000,1000
2948,68,unweighted_fl,10,0.0995222929936305,0,28,None,66,1,5,False,1000,1000
2949,69,unweighted_fl,10,0.0995222929936305,0,28,None,66,1,5,False,1000,1000
2950,65,unweighted_fl,10,0.0995222929936305,0,29,None,66,1,5,False,1000,1000
2951,66,unweighted_fl,10,0.0995222929936305,0,29,None,66,1,5,False,1000,1000
2952,67,unweighted_fl,10,0.0995222929936305,0,29,None,66,1,5,False,1000,1000
2953,68,unweighted_fl,10,0.0995222929936305,0,29,None,66,1,5,False,1000,1000
2954,69,unweighted_fl,10,0.0995222929936305,0,29,None,66,1,5,False,1000,1000
2955,65,unweighted_fl,10,0.0995222929936305,0,31,None,66,1,5,False,1000,1000
2956,66,unweighted_fl,10,0.1910828025477707,0,31,None,66,1,5,False,1000,1000
2957,67,unweighted_fl,10,0.1374402866242038,0,31,None,66,1,5,False,1000,1000
2958,68,unweighted_fl,10,0.0995222929936305,0,31,None,66,1,5,False,1000,1000
2959,69,unweighted_fl,10,0.0995222929936305,0,31,None,66,1,5,False,1000,1000
2960,65,unweighted_fl,10,0.0995222929936305,0,30,None,66,1,5,False,1000,1000
2961,66,unweighted_fl,10,0.0995222929936305,0,30,None,66,1,5,False,1000,1000
2962,67,unweighted_fl,10,0.0995222929936305,0,30,None,66,1,5,False,1000,1000
2963,68,unweighted_fl,10,0.0995222929936305,0,30,None,66,1,5,False,1000,1000
2964,69,unweighted_fl,10,0.0995222929936305,0,30,None,66,1,5,False,1000,1000
2965,65,unweighted_fl,10,0.1113654458598726,0,32,None,66,1,5,False,1000,1000
2966,66,unweighted_fl,10,0.1488853503184713,0,32,None,66,1,5,False,1000,1000
2967,67,unweighted_fl,10,0.0995222929936305,0,32,None,66,1,5,False,1000,1000
2968,68,unweighted_fl,10,0.0995222929936305,0,32,None,66,1,5,False,1000,1000
2969,69,unweighted_fl,10,0.0995222929936305,0,32,None,66,1,5,False,1000,1000
2970,70,unweighted_fl,10,0.1258957006369426,0,1,None,66,1,5,False,1000,1000
2971,71,unweighted_fl,10,0.0995222929936305,0,1,None,66,1,5,False,1000,1000
2972,72,unweighted_fl,10,0.0995222929936305,0,1,None,66,1,5,False,1000,1000
2973,73,unweighted_fl,10,0.1073845541401273,0,1,None,66,1,5,False,1000,1000
2974,74,unweighted_fl,10,0.0995222929936305,0,1,None,66,1,5,False,1000,1000
2975,70,unweighted_fl,10,0.0995222929936305,0,0,None,66,1,5,False,1000,1000
2976,71,unweighted_fl,10,0.1214171974522293,0,0,None,66,1,5,False,1000,1000
2977,72,unweighted_fl,10,0.1965565286624203,0,0,None,66,1,5,False,1000,1000
2978,73,unweighted_fl,10,0.1509753184713375,0,0,None,66,1,5,False,1000,1000
2979,74,unweighted_fl,10,0.0995222929936305,0,0,None,66,1,5,False,1000,1000
2980,70,unweighted_fl,10,0.0995222929936305,0,2,None,66,1,5,False,1000,1000
2981,71,unweighted_fl,10,0.0995222929936305,0,2,None,66,1,5,False,1000,1000
2982,72,unweighted_fl,10,0.0995222929936305,0,2,None,66,1,5,False,1000,1000
2983,73,unweighted_fl,10,0.0995222929936305,0,2,None,66,1,5,False,1000,1000
2984,74,unweighted_fl,10,0.0995222929936305,0,2,None,66,1,5,False,1000,1000
2985,70,unweighted_fl,10,0.0995222929936305,0,3,None,66,1,5,False,1000,1000
2986,71,unweighted_fl,10,0.0995222929936305,0,3,None,66,1,5,False,1000,1000
2987,72,unweighted_fl,10,0.0995222929936305,0,3,None,66,1,5,False,1000,1000
2988,73,unweighted_fl,10,0.0995222929936305,0,3,None,66,1,5,False,1000,1000
2989,74,unweighted_fl,10,0.0995222929936305,0,3,None,66,1,5,False,1000,1000
2990,70,unweighted_fl,10,0.1510748407643312,0,4,None,66,1,5,False,1000,1000
2991,71,unweighted_fl,10,0.0995222929936305,0,4,None,66,1,5,False,1000,1000
2992,72,unweighted_fl,10,0.1667993630573248,0,4,None,66,1,5,False,1000,1000
2993,73,unweighted_fl,10,0.0995222929936305,0,4,None,66,1,5,False,1000,1000
2994,74,unweighted_fl,10,0.0995222929936305,0,4,None,66,1,5,False,1000,1000
2995,70,unweighted_fl,10,0.0995222929936305,0,6,None,66,1,5,False,1000,1000
2996,71,unweighted_fl,10,0.0995222929936305,0,6,None,66,1,5,False,1000,1000
2997,72,unweighted_fl,10,0.0995222929936305,0,6,None,66,1,5,False,1000,1000
2998,73,unweighted_fl,10,0.0995222929936305,0,6,None,66,1,5,False,1000,1000
2999,74,unweighted_fl,10,0.0995222929936305,0,6,None,66,1,5,False,1000,1000
3000,70,unweighted_fl,10,0.0995222929936305,0,5,None,66,1,5,False,1000,1000
3001,71,unweighted_fl,10,0.175358280254777,0,5,None,66,1,5,False,1000,1000
3002,72,unweighted_fl,10,0.0995222929936305,0,5,None,66,1,5,False,1000,1000
3003,73,unweighted_fl,10,0.0995222929936305,0,5,None,66,1,5,False,1000,1000
3004,74,unweighted_fl,10,0.0995222929936305,0,5,None,66,1,5,False,1000,1000
3005,70,unweighted_fl,10,0.0995222929936305,0,7,None,66,1,5,False,1000,1000
3006,71,unweighted_fl,10,0.0995222929936305,0,7,None,66,1,5,False,1000,1000
3007,72,unweighted_fl,10,0.1461982484076433,0,7,None,66,1,5,False,1000,1000
3008,73,unweighted_fl,10,0.1851114649681528,0,7,None,66,1,5,False,1000,1000
3009,74,unweighted_fl,10,0.0995222929936305,0,7,None,66,1,5,False,1000,1000
3010,70,unweighted_fl,10,0.0995222929936305,0,8,None,66,1,5,False,1000,1000
3011,71,unweighted_fl,10,0.0995222929936305,0,8,None,66,1,5,False,1000,1000
3012,72,unweighted_fl,10,0.0995222929936305,0,8,None,66,1,5,False,1000,1000
3013,73,unweighted_fl,10,0.0995222929936305,0,8,None,66,1,5,False,1000,1000
3014,74,unweighted_fl,10,0.0995222929936305,0,8,None,66,1,5,False,1000,1000
3015,70,unweighted_fl,10,0.0995222929936305,0,9,None,66,1,5,False,1000,1000
3016,71,unweighted_fl,10,0.1797372611464968,0,9,None,66,1,5,False,1000,1000
3017,72,unweighted_fl,10,0.0995222929936305,0,9,None,66,1,5,False,1000,1000
3018,73,unweighted_fl,10,0.0995222929936305,0,9,None,66,1,5,False,1000,1000
3019,74,unweighted_fl,10,0.0995222929936305,0,9,None,66,1,5,False,1000,1000
3020,70,unweighted_fl,10,0.0995222929936305,0,11,None,66,1,5,False,1000,1000
3021,71,unweighted_fl,10,0.0995222929936305,0,11,None,66,1,5,False,1000,1000
3022,72,unweighted_fl,10,0.0995222929936305,0,11,None,66,1,5,False,1000,1000
3023,73,unweighted_fl,10,0.0995222929936305,0,11,None,66,1,5,False,1000,1000
3024,74,unweighted_fl,10,0.0995222929936305,0,11,None,66,1,5,False,1000,1000
3025,70,unweighted_fl,10,0.0995222929936305,0,10,None,66,1,5,False,1000,1000
3026,71,unweighted_fl,10,0.0995222929936305,0,10,None,66,1,5,False,1000,1000
3027,72,unweighted_fl,10,0.0995222929936305,0,10,None,66,1,5,False,1000,1000
3028,73,unweighted_fl,10,0.0995222929936305,0,10,None,66,1,5,False,1000,1000
3029,74,unweighted_fl,10,0.0995222929936305,0,10,None,66,1,5,False,1000,1000
3030,70,unweighted_fl,10,0.1958598726114649,0,12,None,66,1,5,False,1000,1000
3031,71,unweighted_fl,10,0.0995222929936305,0,12,None,66,1,5,False,1000,1000
3032,72,unweighted_fl,10,0.0995222929936305,0,12,None,66,1,5,False,1000,1000
3033,73,unweighted_fl,10,0.0995222929936305,0,12,None,66,1,5,False,1000,1000
3034,74,unweighted_fl,10,0.0995222929936305,0,12,None,66,1,5,False,1000,1000
3035,70,unweighted_fl,10,0.0995222929936305,0,13,None,66,1,5,False,1000,1000
3036,71,unweighted_fl,10,0.0995222929936305,0,13,None,66,1,5,False,1000,1000
3037,72,unweighted_fl,10,0.1378383757961783,0,13,None,66,1,5,False,1000,1000
3038,73,unweighted_fl,10,0.1912818471337579,0,13,None,66,1,5,False,1000,1000
3039,74,unweighted_fl,10,0.1916799363057325,0,13,None,66,1,5,False,1000,1000
3040,70,unweighted_fl,10,0.0995222929936305,0,14,None,66,1,5,False,1000,1000
3041,71,unweighted_fl,10,0.0995222929936305,0,14,None,66,1,5,False,1000,1000
3042,72,unweighted_fl,10,0.0995222929936305,0,14,None,66,1,5,False,1000,1000
3043,73,unweighted_fl,10,0.0995222929936305,0,14,None,66,1,5,False,1000,1000
3044,74,unweighted_fl,10,0.0995222929936305,0,14,None,66,1,5,False,1000,1000
3045,70,unweighted_fl,10,0.1965565286624203,0,15,None,66,1,5,False,1000,1000
3046,71,unweighted_fl,10,0.0995222929936305,0,15,None,66,1,5,False,1000,1000
3047,72,unweighted_fl,10,0.0995222929936305,0,15,None,66,1,5,False,1000,1000
3048,73,unweighted_fl,10,0.0995222929936305,0,15,None,66,1,5,False,1000,1000
3049,74,unweighted_fl,10,0.0995222929936305,0,15,None,66,1,5,False,1000,1000
3050,70,unweighted_fl,10,0.0995222929936305,0,16,None,66,1,5,False,1000,1000
3051,71,unweighted_fl,10,0.0995222929936305,0,16,None,66,1,5,False,1000,1000
3052,72,unweighted_fl,10,0.0995222929936305,0,16,None,66,1,5,False,1000,1000
3053,73,unweighted_fl,10,0.0995222929936305,0,16,None,66,1,5,False,1000,1000
3054,74,unweighted_fl,10,0.0995222929936305,0,16,None,66,1,5,False,1000,1000
3055,70,unweighted_fl,10,0.0995222929936305,0,18,None,66,1,5,False,1000,1000
3056,71,unweighted_fl,10,0.0995222929936305,0,18,None,66,1,5,False,1000,1000
3057,72,unweighted_fl,10,0.0995222929936305,0,18,None,66,1,5,False,1000,1000
3058,73,unweighted_fl,10,0.0995222929936305,0,18,None,66,1,5,False,1000,1000
3059,74,unweighted_fl,10,0.0995222929936305,0,18,None,66,1,5,False,1000,1000
3060,70,unweighted_fl,10,0.0995222929936305,0,17,None,66,1,5,False,1000,1000
3061,71,unweighted_fl,10,0.0995222929936305,0,17,None,66,1,5,False,1000,1000
3062,72,unweighted_fl,10,0.0995222929936305,0,17,None,66,1,5,False,1000,1000
3063,73,unweighted_fl,10,0.0995222929936305,0,17,None,66,1,5,False,1000,1000
3064,74,unweighted_fl,10,0.0995222929936305,0,17,None,66,1,5,False,1000,1000
3065,70,unweighted_fl,10,0.0995222929936305,0,19,None,66,1,5,False,1000,1000
3066,71,unweighted_fl,10,0.0995222929936305,0,19,None,66,1,5,False,1000,1000
3067,72,unweighted_fl,10,0.0995222929936305,0,19,None,66,1,5,False,1000,1000
3068,73,unweighted_fl,10,0.0995222929936305,0,19,None,66,1,5,False,1000,1000
3069,74,unweighted_fl,10,0.0995222929936305,0,19,None,66,1,5,False,1000,1000
3070,70,unweighted_fl,10,0.0995222929936305,0,20,None,66,1,5,False,1000,1000
3071,71,unweighted_fl,10,0.0995222929936305,0,20,None,66,1,5,False,1000,1000
3072,72,unweighted_fl,10,0.1146496815286624,0,20,None,66,1,5,False,1000,1000
3073,73,unweighted_fl,10,0.1891918789808917,0,20,None,66,1,5,False,1000,1000
3074,74,unweighted_fl,10,0.188296178343949,0,20,None,66,1,5,False,1000,1000
3075,70,unweighted_fl,10,0.0995222929936305,0,21,None,66,1,5,False,1000,1000
3076,71,unweighted_fl,10,0.0995222929936305,0,21,None,66,1,5,False,1000,1000
3077,72,unweighted_fl,10,0.0995222929936305,0,21,None,66,1,5,False,1000,1000
3078,73,unweighted_fl,10,0.0995222929936305,0,21,None,66,1,5,False,1000,1000
3079,74,unweighted_fl,10,0.0995222929936305,0,21,None,66,1,5,False,1000,1000
3080,70,unweighted_fl,10,0.1614251592356688,0,23,None,66,1,5,False,1000,1000
3081,71,unweighted_fl,10,0.0995222929936305,0,23,None,66,1,5,False,1000,1000
3082,72,unweighted_fl,10,0.0995222929936305,0,23,None,66,1,5,False,1000,1000
3083,73,unweighted_fl,10,0.0995222929936305,0,23,None,66,1,5,False,1000,1000
3084,74,unweighted_fl,10,0.0995222929936305,0,23,None,66,1,5,False,1000,1000
3085,70,unweighted_fl,10,0.0995222929936305,0,22,None,66,1,5,False,1000,1000
3086,71,unweighted_fl,10,0.0995222929936305,0,22,None,66,1,5,False,1000,1000
3087,72,unweighted_fl,10,0.0995222929936305,0,22,None,66,1,5,False,1000,1000
3088,73,unweighted_fl,10,0.0995222929936305,0,22,None,66,1,5,False,1000,1000
3089,74,unweighted_fl,10,0.0995222929936305,0,22,None,66,1,5,False,1000,1000
3090,70,unweighted_fl,10,0.0995222929936305,0,24,None,66,1,5,False,1000,1000
3091,71,unweighted_fl,10,0.0995222929936305,0,24,None,66,1,5,False,1000,1000
3092,72,unweighted_fl,10,0.0995222929936305,0,24,None,66,1,5,False,1000,1000
3093,73,unweighted_fl,10,0.1000199044585987,0,24,None,66,1,5,False,1000,1000
3094,74,unweighted_fl,10,0.1046974522292993,0,24,None,66,1,5,False,1000,1000
3095,70,unweighted_fl,10,0.0995222929936305,0,26,None,66,1,5,False,1000,1000
3096,71,unweighted_fl,10,0.0995222929936305,0,26,None,66,1,5,False,1000,1000
3097,72,unweighted_fl,10,0.0995222929936305,0,26,None,66,1,5,False,1000,1000
3098,73,unweighted_fl,10,0.0995222929936305,0,26,None,66,1,5,False,1000,1000
3099,74,unweighted_fl,10,0.0995222929936305,0,26,None,66,1,5,False,1000,1000
3100,70,unweighted_fl,10,0.1935708598726114,0,25,None,66,1,5,False,1000,1000
3101,71,unweighted_fl,10,0.0995222929936305,0,25,None,66,1,5,False,1000,1000
3102,72,unweighted_fl,10,0.0995222929936305,0,25,None,66,1,5,False,1000,1000
3103,73,unweighted_fl,10,0.0995222929936305,0,25,None,66,1,5,False,1000,1000
3104,74,unweighted_fl,10,0.0995222929936305,0,25,None,66,1,5,False,1000,1000
3105,70,unweighted_fl,10,0.0995222929936305,0,27,None,66,1,5,False,1000,1000
3106,71,unweighted_fl,10,0.0995222929936305,0,27,None,66,1,5,False,1000,1000
3107,72,unweighted_fl,10,0.0995222929936305,0,27,None,66,1,5,False,1000,1000
3108,73,unweighted_fl,10,0.0995222929936305,0,27,None,66,1,5,False,1000,1000
3109,74,unweighted_fl,10,0.0995222929936305,0,27,None,66,1,5,False,1000,1000
3110,70,unweighted_fl,10,0.1977507961783439,0,28,None,66,1,5,False,1000,1000
3111,71,unweighted_fl,10,0.0995222929936305,0,28,None,66,1,5,False,1000,1000
3112,72,unweighted_fl,10,0.0995222929936305,0,28,None,66,1,5,False,1000,1000
3113,73,unweighted_fl,10,0.0995222929936305,0,28,None,66,1,5,False,1000,1000
3114,74,unweighted_fl,10,0.0995222929936305,0,28,None,66,1,5,False,1000,1000
3115,70,unweighted_fl,10,0.0995222929936305,0,29,None,66,1,5,False,1000,1000
3116,71,unweighted_fl,10,0.0995222929936305,0,29,None,66,1,5,False,1000,1000
3117,72,unweighted_fl,10,0.0995222929936305,0,29,None,66,1,5,False,1000,1000
3118,73,unweighted_fl,10,0.0995222929936305,0,29,None,66,1,5,False,1000,1000
3119,74,unweighted_fl,10,0.0995222929936305,0,29,None,66,1,5,False,1000,1000
3120,70,unweighted_fl,10,0.0995222929936305,0,30,None,66,1,5,False,1000,1000
3121,71,unweighted_fl,10,0.0995222929936305,0,30,None,66,1,5,False,1000,1000
3122,72,unweighted_fl,10,0.0995222929936305,0,30,None,66,1,5,False,1000,1000
3123,73,unweighted_fl,10,0.0995222929936305,0,30,None,66,1,5,False,1000,1000
3124,74,unweighted_fl,10,0.0995222929936305,0,30,None,66,1,5,False,1000,1000
3125,70,unweighted_fl,10,0.0995222929936305,0,31,None,66,1,5,False,1000,1000
3126,71,unweighted_fl,10,0.1187300955414012,0,31,None,66,1,5,False,1000,1000
3127,72,unweighted_fl,10,0.2472133757961783,0,31,None,66,1,5,False,1000,1000
3128,73,unweighted_fl,10,0.0995222929936305,0,31,None,66,1,5,False,1000,1000
3129,74,unweighted_fl,10,0.0995222929936305,0,31,None,66,1,5,False,1000,1000
3130,70,unweighted_fl,10,0.0995222929936305,0,32,None,66,1,5,False,1000,1000
3131,71,unweighted_fl,10,0.1900875796178344,0,32,None,66,1,5,False,1000,1000
3132,72,unweighted_fl,10,0.0995222929936305,0,32,None,66,1,5,False,1000,1000
3133,73,unweighted_fl,10,0.0995222929936305,0,32,None,66,1,5,False,1000,1000
3134,74,unweighted_fl,10,0.0995222929936305,0,32,None,66,1,5,False,1000,1000
3135,75,unweighted_fl,10,0.0995222929936305,0,0,None,66,1,5,False,1000,1000
3136,76,unweighted_fl,10,0.1088773885350318,0,0,None,66,1,5,False,1000,1000
3137,77,unweighted_fl,10,0.1896894904458598,0,0,None,66,1,5,False,1000,1000
3138,78,unweighted_fl,10,0.1855095541401273,0,0,None,66,1,5,False,1000,1000
3139,79,unweighted_fl,10,0.0995222929936305,0,0,None,66,1,5,False,1000,1000
3140,75,unweighted_fl,10,0.1779458598726114,0,1,None,66,1,5,False,1000,1000
3141,76,unweighted_fl,10,0.0995222929936305,0,1,None,66,1,5,False,1000,1000
3142,77,unweighted_fl,10,0.0995222929936305,0,1,None,66,1,5,False,1000,1000
3143,78,unweighted_fl,10,0.1311703821656051,0,1,None,66,1,5,False,1000,1000
3144,79,unweighted_fl,10,0.0995222929936305,0,1,None,66,1,5,False,1000,1000
3145,75,unweighted_fl,10,0.0995222929936305,0,2,None,66,1,5,False,1000,1000
3146,76,unweighted_fl,10,0.0995222929936305,0,2,None,66,1,5,False,1000,1000
3147,77,unweighted_fl,10,0.0995222929936305,0,2,None,66,1,5,False,1000,1000
3148,78,unweighted_fl,10,0.0995222929936305,0,2,None,66,1,5,False,1000,1000
3149,79,unweighted_fl,10,0.0995222929936305,0,2,None,66,1,5,False,1000,1000
3150,75,unweighted_fl,10,0.13953025477707,0,3,None,66,1,5,False,1000,1000
3151,76,unweighted_fl,10,0.0995222929936305,0,3,None,66,1,5,False,1000,1000
3152,77,unweighted_fl,10,0.0995222929936305,0,3,None,66,1,5,False,1000,1000
3153,78,unweighted_fl,10,0.0995222929936305,0,3,None,66,1,5,False,1000,1000
3154,79,unweighted_fl,10,0.0995222929936305,0,3,None,66,1,5,False,1000,1000
3155,75,unweighted_fl,10,0.1867038216560509,0,4,None,66,1,5,False,1000,1000
3156,76,unweighted_fl,10,0.0995222929936305,0,4,None,66,1,5,False,1000,1000
3157,77,unweighted_fl,10,0.1730692675159235,0,4,None,66,1,5,False,1000,1000
3158,78,unweighted_fl,10,0.0995222929936305,0,4,None,66,1,5,False,1000,1000
3159,79,unweighted_fl,10,0.0995222929936305,0,4,None,66,1,5,False,1000,1000
3160,75,unweighted_fl,10,0.0995222929936305,0,5,None,66,1,5,False,1000,1000
3161,76,unweighted_fl,10,0.1750597133757961,0,5,None,66,1,5,False,1000,1000
3162,77,unweighted_fl,10,0.0995222929936305,0,5,None,66,1,5,False,1000,1000
3163,78,unweighted_fl,10,0.0995222929936305,0,5,None,66,1,5,False,1000,1000
3164,79,unweighted_fl,10,0.0995222929936305,0,5,None,66,1,5,False,1000,1000
3165,75,unweighted_fl,10,0.0995222929936305,0,6,None,66,1,5,False,1000,1000
3166,76,unweighted_fl,10,0.0995222929936305,0,6,None,66,1,5,False,1000,1000
3167,77,unweighted_fl,10,0.0995222929936305,0,6,None,66,1,5,False,1000,1000
3168,78,unweighted_fl,10,0.0995222929936305,0,6,None,66,1,5,False,1000,1000
3169,79,unweighted_fl,10,0.0995222929936305,0,6,None,66,1,5,False,1000,1000
3170,75,unweighted_fl,10,0.0995222929936305,0,8,None,66,1,5,False,1000,1000
3171,76,unweighted_fl,10,0.0995222929936305,0,8,None,66,1,5,False,1000,1000
3172,77,unweighted_fl,10,0.0995222929936305,0,8,None,66,1,5,False,1000,1000
3173,78,unweighted_fl,10,0.0995222929936305,0,8,None,66,1,5,False,1000,1000
3174,79,unweighted_fl,10,0.0995222929936305,0,8,None,66,1,5,False,1000,1000
3175,75,unweighted_fl,10,0.0995222929936305,0,7,None,66,1,5,False,1000,1000
3176,76,unweighted_fl,10,0.0995222929936305,0,7,None,66,1,5,False,1000,1000
3177,77,unweighted_fl,10,0.1391321656050955,0,7,None,66,1,5,False,1000,1000
3178,78,unweighted_fl,10,0.1941679936305732,0,7,None,66,1,5,False,1000,1000
3179,79,unweighted_fl,10,0.0995222929936305,0,7,None,66,1,5,False,1000,1000
3180,75,unweighted_fl,10,0.0995222929936305,0,9,None,66,1,5,False,1000,1000
3181,76,unweighted_fl,10,0.1848128980891719,0,9,None,66,1,5,False,1000,1000
3182,77,unweighted_fl,10,0.0995222929936305,0,9,None,66,1,5,False,1000,1000
3183,78,unweighted_fl,10,0.0995222929936305,0,9,None,66,1,5,False,1000,1000
3184,79,unweighted_fl,10,0.0995222929936305,0,9,None,66,1,5,False,1000,1000
3185,75,unweighted_fl,10,0.0995222929936305,0,11,None,66,1,5,False,1000,1000
3186,76,unweighted_fl,10,0.1705812101910828,0,11,None,66,1,5,False,1000,1000
3187,77,unweighted_fl,10,0.0995222929936305,0,11,None,66,1,5,False,1000,1000
3188,78,unweighted_fl,10,0.0995222929936305,0,11,None,66,1,5,False,1000,1000
3189,79,unweighted_fl,10,0.0995222929936305,0,11,None,66,1,5,False,1000,1000
3190,75,unweighted_fl,10,0.0995222929936305,0,10,None,66,1,5,False,1000,1000
3191,76,unweighted_fl,10,0.0995222929936305,0,10,None,66,1,5,False,1000,1000
3192,77,unweighted_fl,10,0.0995222929936305,0,10,None,66,1,5,False,1000,1000
3193,78,unweighted_fl,10,0.0995222929936305,0,10,None,66,1,5,False,1000,1000
3194,79,unweighted_fl,10,0.0995222929936305,0,10,None,66,1,5,False,1000,1000
3195,75,unweighted_fl,10,0.1896894904458598,0,12,None,66,1,5,False,1000,1000
3196,76,unweighted_fl,10,0.0995222929936305,0,12,None,66,1,5,False,1000,1000
3197,77,unweighted_fl,10,0.0995222929936305,0,12,None,66,1,5,False,1000,1000
3198,78,unweighted_fl,10,0.0995222929936305,0,12,None,66,1,5,False,1000,1000
3199,79,unweighted_fl,10,0.0995222929936305,0,12,None,66,1,5,False,1000,1000
3200,75,unweighted_fl,10,0.0995222929936305,0,13,None,66,1,5,False,1000,1000
3201,76,unweighted_fl,10,0.0995222929936305,0,13,None,66,1,5,False,1000,1000
3202,77,unweighted_fl,10,0.1251990445859872,0,13,None,66,1,5,False,1000,1000
3203,78,unweighted_fl,10,0.1831210191082802,0,13,None,66,1,5,False,1000,1000
3204,79,unweighted_fl,10,0.1963574840764331,0,13,None,66,1,5,False,1000,1000
3205,75,unweighted_fl,10,0.0995222929936305,0,14,None,66,1,5,False,1000,1000
3206,76,unweighted_fl,10,0.0995222929936305,0,14,None,66,1,5,False,1000,1000
3207,77,unweighted_fl,10,0.0995222929936305,0,14,None,66,1,5,False,1000,1000
3208,78,unweighted_fl,10,0.0995222929936305,0,14,None,66,1,5,False,1000,1000
3209,79,unweighted_fl,10,0.0995222929936305,0,14,None,66,1,5,False,1000,1000
3210,75,unweighted_fl,10,0.1930732484076433,0,15,None,66,1,5,False,1000,1000
3211,76,unweighted_fl,10,0.0995222929936305,0,15,None,66,1,5,False,1000,1000
3212,77,unweighted_fl,10,0.0995222929936305,0,15,None,66,1,5,False,1000,1000
3213,78,unweighted_fl,10,0.0995222929936305,0,15,None,66,1,5,False,1000,1000
3214,79,unweighted_fl,10,0.0995222929936305,0,15,None,66,1,5,False,1000,1000
3215,75,unweighted_fl,10,0.0995222929936305,0,16,None,66,1,5,False,1000,1000
3216,76,unweighted_fl,10,0.0995222929936305,0,16,None,66,1,5,False,1000,1000
3217,77,unweighted_fl,10,0.0995222929936305,0,16,None,66,1,5,False,1000,1000
3218,78,unweighted_fl,10,0.0995222929936305,0,16,None,66,1,5,False,1000,1000
3219,79,unweighted_fl,10,0.0995222929936305,0,16,None,66,1,5,False,1000,1000
3220,75,unweighted_fl,10,0.0995222929936305,0,18,None,66,1,5,False,1000,1000
3221,76,unweighted_fl,10,0.0995222929936305,0,18,None,66,1,5,False,1000,1000
3222,77,unweighted_fl,10,0.0995222929936305,0,18,None,66,1,5,False,1000,1000
3223,78,unweighted_fl,10,0.0995222929936305,0,18,None,66,1,5,False,1000,1000
3224,79,unweighted_fl,10,0.0995222929936305,0,18,None,66,1,5,False,1000,1000
3225,75,unweighted_fl,10,0.0995222929936305,0,17,None,66,1,5,False,1000,1000
3226,76,unweighted_fl,10,0.0995222929936305,0,17,None,66,1,5,False,1000,1000
3227,77,unweighted_fl,10,0.0995222929936305,0,17,None,66,1,5,False,1000,1000
3228,78,unweighted_fl,10,0.0995222929936305,0,17,None,66,1,5,False,1000,1000
3229,79,unweighted_fl,10,0.0995222929936305,0,17,None,66,1,5,False,1000,1000
3230,75,unweighted_fl,10,0.0995222929936305,0,19,None,66,1,5,False,1000,1000
3231,76,unweighted_fl,10,0.0995222929936305,0,19,None,66,1,5,False,1000,1000
3232,77,unweighted_fl,10,0.0995222929936305,0,19,None,66,1,5,False,1000,1000
3233,78,unweighted_fl,10,0.0995222929936305,0,19,None,66,1,5,False,1000,1000
3234,79,unweighted_fl,10,0.0995222929936305,0,19,None,66,1,5,False,1000,1000
3235,75,unweighted_fl,10,0.0995222929936305,0,21,None,66,1,5,False,1000,1000
3236,76,unweighted_fl,10,0.0995222929936305,0,21,None,66,1,5,False,1000,1000
3237,77,unweighted_fl,10,0.0995222929936305,0,21,None,66,1,5,False,1000,1000
3238,78,unweighted_fl,10,0.0995222929936305,0,21,None,66,1,5,False,1000,1000
3239,79,unweighted_fl,10,0.0995222929936305,0,21,None,66,1,5,False,1000,1000
3240,75,unweighted_fl,10,0.0995222929936305,0,20,None,66,1,5,False,1000,1000
3241,76,unweighted_fl,10,0.1266918789808917,0,20,None,66,1,5,False,1000,1000
3242,77,unweighted_fl,10,0.1899880573248407,0,20,None,66,1,5,False,1000,1000
3243,78,unweighted_fl,10,0.1912818471337579,0,20,None,66,1,5,False,1000,1000
3244,79,unweighted_fl,10,0.1011146496815286,0,20,None,66,1,5,False,1000,1000
3245,75,unweighted_fl,10,0.0995222929936305,0,22,None,66,1,5,False,1000,1000
3246,76,unweighted_fl,10,0.0995222929936305,0,22,None,66,1,5,False,1000,1000
3247,77,unweighted_fl,10,0.0995222929936305,0,22,None,66,1,5,False,1000,1000
3248,78,unweighted_fl,10,0.0995222929936305,0,22,None,66,1,5,False,1000,1000
3249,79,unweighted_fl,10,0.0995222929936305,0,22,None,66,1,5,False,1000,1000
3250,75,unweighted_fl,10,0.1975517515923567,0,23,None,66,1,5,False,1000,1000
3251,76,unweighted_fl,10,0.0995222929936305,0,23,None,66,1,5,False,1000,1000
3252,77,unweighted_fl,10,0.0995222929936305,0,23,None,66,1,5,False,1000,1000
3253,78,unweighted_fl,10,0.0995222929936305,0,23,None,66,1,5,False,1000,1000
3254,79,unweighted_fl,10,0.0995222929936305,0,23,None,66,1,5,False,1000,1000
3255,75,unweighted_fl,10,0.0995222929936305,0,24,None,66,1,5,False,1000,1000
3256,76,unweighted_fl,10,0.0995222929936305,0,24,None,66,1,5,False,1000,1000
3257,77,unweighted_fl,10,0.0995222929936305,0,24,None,66,1,5,False,1000,1000
3258,78,unweighted_fl,10,0.0995222929936305,0,24,None,66,1,5,False,1000,1000
3259,79,unweighted_fl,10,0.0995222929936305,0,24,None,66,1,5,False,1000,1000
3260,75,unweighted_fl,10,0.0995222929936305,0,26,None,66,1,5,False,1000,1000
3261,76,unweighted_fl,10,0.0995222929936305,0,26,None,66,1,5,False,1000,1000
3262,77,unweighted_fl,10,0.0995222929936305,0,26,None,66,1,5,False,1000,1000
3263,78,unweighted_fl,10,0.0995222929936305,0,26,None,66,1,5,False,1000,1000
3264,79,unweighted_fl,10,0.0995222929936305,0,26,None,66,1,5,False,1000,1000
3265,75,unweighted_fl,10,0.1698845541401273,0,25,None,66,1,5,False,1000,1000
3266,76,unweighted_fl,10,0.0995222929936305,0,25,None,66,1,5,False,1000,1000
3267,77,unweighted_fl,10,0.0995222929936305,0,25,None,66,1,5,False,1000,1000
3268,78,unweighted_fl,10,0.0995222929936305,0,25,None,66,1,5,False,1000,1000
3269,79,unweighted_fl,10,0.0995222929936305,0,25,None,66,1,5,False,1000,1000
3270,75,unweighted_fl,10,0.0995222929936305,0,27,None,66,1,5,False,1000,1000
3271,76,unweighted_fl,10,0.0995222929936305,0,27,None,66,1,5,False,1000,1000
3272,77,unweighted_fl,10,0.0995222929936305,0,27,None,66,1,5,False,1000,1000
3273,78,unweighted_fl,10,0.0995222929936305,0,27,None,66,1,5,False,1000,1000
3274,79,unweighted_fl,10,0.0995222929936305,0,27,None,66,1,5,False,1000,1000
3275,75,unweighted_fl,10,0.0995222929936305,0,29,None,66,1,5,False,1000,1000
3276,76,unweighted_fl,10,0.0995222929936305,0,29,None,66,1,5,False,1000,1000
3277,77,unweighted_fl,10,0.0995222929936305,0,29,None,66,1,5,False,1000,1000
3278,78,unweighted_fl,10,0.0995222929936305,0,29,None,66,1,5,False,1000,1000
3279,79,unweighted_fl,10,0.0995222929936305,0,29,None,66,1,5,False,1000,1000
3280,75,unweighted_fl,10,0.1819267515923567,0,28,None,66,1,5,False,1000,1000
3281,76,unweighted_fl,10,0.0995222929936305,0,28,None,66,1,5,False,1000,1000
3282,77,unweighted_fl,10,0.0996218152866242,0,28,None,66,1,5,False,1000,1000
3283,78,unweighted_fl,10,0.0995222929936305,0,28,None,66,1,5,False,1000,1000
3284,79,unweighted_fl,10,0.0995222929936305,0,28,None,66,1,5,False,1000,1000
3285,75,unweighted_fl,10,0.0995222929936305,0,30,None,66,1,5,False,1000,1000
3286,76,unweighted_fl,10,0.0995222929936305,0,30,None,66,1,5,False,1000,1000
3287,77,unweighted_fl,10,0.0995222929936305,0,30,None,66,1,5,False,1000,1000
3288,78,unweighted_fl,10,0.0995222929936305,0,30,None,66,1,5,False,1000,1000
3289,79,unweighted_fl,10,0.0995222929936305,0,30,None,66,1,5,False,1000,1000
3290,75,unweighted_fl,10,0.0995222929936305,0,31,None,66,1,5,False,1000,1000
3291,76,unweighted_fl,10,0.1479896496815286,0,31,None,66,1,5,False,1000,1000
3292,77,unweighted_fl,10,0.2603503184713376,0,31,None,66,1,5,False,1000,1000
3293,78,unweighted_fl,10,0.0995222929936305,0,31,None,66,1,5,False,1000,1000
3294,79,unweighted_fl,10,0.0995222929936305,0,31,None,66,1,5,False,1000,1000
3295,75,unweighted_fl,10,0.0995222929936305,0,32,None,66,1,5,False,1000,1000
3296,76,unweighted_fl,10,0.1976512738853503,0,32,None,66,1,5,False,1000,1000
3297,77,unweighted_fl,10,0.0995222929936305,0,32,None,66,1,5,False,1000,1000
3298,78,unweighted_fl,10,0.0995222929936305,0,32,None,66,1,5,False,1000,1000
3299,79,unweighted_fl,10,0.0995222929936305,0,32,None,66,1,5,False,1000,1000
4290,80,unweighted_fl,10,0.1952627388535031,0,1,None,66,1,5,False,1000,1000
4291,81,unweighted_fl,10,0.0995222929936305,0,1,None,66,1,5,False,1000,1000
4292,82,unweighted_fl,10,0.0995222929936305,0,1,None,66,1,5,False,1000,1000
4293,83,unweighted_fl,10,0.1325636942675159,0,1,None,66,1,5,False,1000,1000
4294,84,unweighted_fl,10,0.0995222929936305,0,1,None,66,1,5,False,1000,1000
4295,80,unweighted_fl,10,0.0995222929936305,0,0,None,66,1,5,False,1000,1000
4296,81,unweighted_fl,10,0.1002189490445859,0,0,None,66,1,5,False,1000,1000
4297,82,unweighted_fl,10,0.1731687898089172,0,0,None,66,1,5,False,1000,1000
4298,83,unweighted_fl,10,0.1958598726114649,0,0,None,66,1,5,False,1000,1000
4299,84,unweighted_fl,10,0.1293789808917197,0,0,None,66,1,5,False,1000,1000
4300,80,unweighted_fl,10,0.0995222929936305,0,2,None,66,1,5,False,1000,1000
4301,81,unweighted_fl,10,0.0995222929936305,0,2,None,66,1,5,False,1000,1000
4302,82,unweighted_fl,10,0.0995222929936305,0,2,None,66,1,5,False,1000,1000
4303,83,unweighted_fl,10,0.0995222929936305,0,2,None,66,1,5,False,1000,1000
4304,84,unweighted_fl,10,0.0995222929936305,0,2,None,66,1,5,False,1000,1000
4305,80,unweighted_fl,10,0.1884952229299363,0,3,None,66,1,5,False,1000,1000
4306,81,unweighted_fl,10,0.0995222929936305,0,3,None,66,1,5,False,1000,1000
4307,82,unweighted_fl,10,0.0995222929936305,0,3,None,66,1,5,False,1000,1000
4308,83,unweighted_fl,10,0.0995222929936305,0,3,None,66,1,5,False,1000,1000
4309,84,unweighted_fl,10,0.0995222929936305,0,3,None,66,1,5,False,1000,1000
4310,80,unweighted_fl,10,0.1963574840764331,0,4,None,66,1,5,False,1000,1000
4311,81,unweighted_fl,10,0.0995222929936305,0,4,None,66,1,5,False,1000,1000
4312,82,unweighted_fl,10,0.1711783439490445,0,4,None,66,1,5,False,1000,1000
4313,83,unweighted_fl,10,0.0995222929936305,0,4,None,66,1,5,False,1000,1000
4314,84,unweighted_fl,10,0.0995222929936305,0,4,None,66,1,5,False,1000,1000
4315,80,unweighted_fl,10,0.0995222929936305,0,5,None,66,1,5,False,1000,1000
4316,81,unweighted_fl,10,0.1399283439490445,0,5,None,66,1,5,False,1000,1000
4317,82,unweighted_fl,10,0.0995222929936305,0,5,None,66,1,5,False,1000,1000
4318,83,unweighted_fl,10,0.0995222929936305,0,5,None,66,1,5,False,1000,1000
4319,84,unweighted_fl,10,0.0995222929936305,0,5,None,66,1,5,False,1000,1000
4320,80,unweighted_fl,10,0.0995222929936305,0,6,None,66,1,5,False,1000,1000
4321,81,unweighted_fl,10,0.0995222929936305,0,6,None,66,1,5,False,1000,1000
4322,82,unweighted_fl,10,0.0995222929936305,0,6,None,66,1,5,False,1000,1000
4323,83,unweighted_fl,10,0.0995222929936305,0,6,None,66,1,5,False,1000,1000
4324,84,unweighted_fl,10,0.0995222929936305,0,6,None,66,1,5,False,1000,1000
4325,80,unweighted_fl,10,0.0995222929936305,0,7,None,66,1,5,False,1000,1000
4326,81,unweighted_fl,10,0.0995222929936305,0,7,None,66,1,5,False,1000,1000
4327,82,unweighted_fl,10,0.1155453821656051,0,7,None,66,1,5,False,1000,1000
4328,83,unweighted_fl,10,0.1977507961783439,0,7,None,66,1,5,False,1000,1000
4329,84,unweighted_fl,10,0.103702229299363,0,7,None,66,1,5,False,1000,1000
4330,80,unweighted_fl,10,0.0995222929936305,0,8,None,66,1,5,False,1000,1000
4331,81,unweighted_fl,10,0.0995222929936305,0,8,None,66,1,5,False,1000,1000
4332,82,unweighted_fl,10,0.0995222929936305,0,8,None,66,1,5,False,1000,1000
4333,83,unweighted_fl,10,0.0995222929936305,0,8,None,66,1,5,False,1000,1000
4334,84,unweighted_fl,10,0.0995222929936305,0,8,None,66,1,5,False,1000,1000
4335,80,unweighted_fl,10,0.0995222929936305,0,10,None,66,1,5,False,1000,1000
4336,81,unweighted_fl,10,0.0995222929936305,0,10,None,66,1,5,False,1000,1000
4337,82,unweighted_fl,10,0.0995222929936305,0,10,None,66,1,5,False,1000,1000
4338,83,unweighted_fl,10,0.0995222929936305,0,10,None,66,1,5,False,1000,1000
4339,84,unweighted_fl,10,0.0995222929936305,0,10,None,66,1,5,False,1000,1000
4340,80,unweighted_fl,10,0.0995222929936305,0,9,None,66,1,5,False,1000,1000
4341,81,unweighted_fl,10,0.1869028662420382,0,9,None,66,1,5,False,1000,1000
4342,82,unweighted_fl,10,0.0995222929936305,0,9,None,66,1,5,False,1000,1000
4343,83,unweighted_fl,10,0.0995222929936305,0,9,None,66,1,5,False,1000,1000
4344,84,unweighted_fl,10,0.0995222929936305,0,9,None,66,1,5,False,1000,1000
4345,80,unweighted_fl,10,0.0995222929936305,0,11,None,66,1,5,False,1000,1000
4346,81,unweighted_fl,10,0.1663017515923567,0,11,None,66,1,5,False,1000,1000
4347,82,unweighted_fl,10,0.0995222929936305,0,11,None,66,1,5,False,1000,1000
4348,83,unweighted_fl,10,0.0995222929936305,0,11,None,66,1,5,False,1000,1000
4349,84,unweighted_fl,10,0.0995222929936305,0,11,None,66,1,5,False,1000,1000
4350,80,unweighted_fl,10,0.1739649681528662,0,12,None,66,1,5,False,1000,1000
4351,81,unweighted_fl,10,0.0995222929936305,0,12,None,66,1,5,False,1000,1000
4352,82,unweighted_fl,10,0.0995222929936305,0,12,None,66,1,5,False,1000,1000
4353,83,unweighted_fl,10,0.0995222929936305,0,12,None,66,1,5,False,1000,1000
4354,84,unweighted_fl,10,0.0995222929936305,0,12,None,66,1,5,False,1000,1000
4355,80,unweighted_fl,10,0.0995222929936305,0,13,None,66,1,5,False,1000,1000
4356,81,unweighted_fl,10,0.0995222929936305,0,13,None,66,1,5,False,1000,1000
4357,82,unweighted_fl,10,0.1066878980891719,0,13,None,66,1,5,False,1000,1000
4358,83,unweighted_fl,10,0.1649084394904458,0,13,None,66,1,5,False,1000,1000
4359,84,unweighted_fl,10,0.1953622611464968,0,13,None,66,1,5,False,1000,1000
4360,80,unweighted_fl,10,0.0995222929936305,0,14,None,66,1,5,False,1000,1000
4361,81,unweighted_fl,10,0.0995222929936305,0,14,None,66,1,5,False,1000,1000
4362,82,unweighted_fl,10,0.0995222929936305,0,14,None,66,1,5,False,1000,1000
4363,83,unweighted_fl,10,0.0995222929936305,0,14,None,66,1,5,False,1000,1000
4364,84,unweighted_fl,10,0.0995222929936305,0,14,None,66,1,5,False,1000,1000
4365,80,unweighted_fl,10,0.1897890127388535,0,15,None,66,1,5,False,1000,1000
4366,81,unweighted_fl,10,0.0995222929936305,0,15,None,66,1,5,False,1000,1000
4367,82,unweighted_fl,10,0.0995222929936305,0,15,None,66,1,5,False,1000,1000
4368,83,unweighted_fl,10,0.0995222929936305,0,15,None,66,1,5,False,1000,1000
4369,84,unweighted_fl,10,0.0995222929936305,0,15,None,66,1,5,False,1000,1000
4370,80,unweighted_fl,10,0.0995222929936305,0,17,None,66,1,5,False,1000,1000
4371,81,unweighted_fl,10,0.0995222929936305,0,17,None,66,1,5,False,1000,1000
4372,82,unweighted_fl,10,0.0995222929936305,0,17,None,66,1,5,False,1000,1000
4373,83,unweighted_fl,10,0.0995222929936305,0,17,None,66,1,5,False,1000,1000
4374,84,unweighted_fl,10,0.0995222929936305,0,17,None,66,1,5,False,1000,1000
4375,80,unweighted_fl,10,0.0995222929936305,0,16,None,66,1,5,False,1000,1000
4376,81,unweighted_fl,10,0.0995222929936305,0,16,None,66,1,5,False,1000,1000
4377,82,unweighted_fl,10,0.0995222929936305,0,16,None,66,1,5,False,1000,1000
4378,83,unweighted_fl,10,0.0995222929936305,0,16,None,66,1,5,False,1000,1000
4379,84,unweighted_fl,10,0.0995222929936305,0,16,None,66,1,5,False,1000,1000
4380,80,unweighted_fl,10,0.0995222929936305,0,19,None,66,1,5,False,1000,1000
4381,81,unweighted_fl,10,0.0995222929936305,0,19,None,66,1,5,False,1000,1000
4382,82,unweighted_fl,10,0.0995222929936305,0,19,None,66,1,5,False,1000,1000
4383,83,unweighted_fl,10,0.0995222929936305,0,19,None,66,1,5,False,1000,1000
4384,84,unweighted_fl,10,0.0995222929936305,0,19,None,66,1,5,False,1000,1000
4385,80,unweighted_fl,10,0.0995222929936305,0,18,None,66,1,5,False,1000,1000
4386,81,unweighted_fl,10,0.0995222929936305,0,18,None,66,1,5,False,1000,1000
4387,82,unweighted_fl,10,0.0995222929936305,0,18,None,66,1,5,False,1000,1000
4388,83,unweighted_fl,10,0.0995222929936305,0,18,None,66,1,5,False,1000,1000
4389,84,unweighted_fl,10,0.0995222929936305,0,18,None,66,1,5,False,1000,1000
4390,80,unweighted_fl,10,0.0995222929936305,0,21,None,66,1,5,False,1000,1000
4391,81,unweighted_fl,10,0.0995222929936305,0,21,None,66,1,5,False,1000,1000
4392,82,unweighted_fl,10,0.0995222929936305,0,21,None,66,1,5,False,1000,1000
4393,83,unweighted_fl,10,0.0995222929936305,0,21,None,66,1,5,False,1000,1000
4394,84,unweighted_fl,10,0.0995222929936305,0,21,None,66,1,5,False,1000,1000
4395,80,unweighted_fl,10,0.0995222929936305,0,20,None,66,1,5,False,1000,1000
4396,81,unweighted_fl,10,0.1160429936305732,0,20,None,66,1,5,False,1000,1000
4397,82,unweighted_fl,10,0.1793391719745223,0,20,None,66,1,5,False,1000,1000
4398,83,unweighted_fl,10,0.1963574840764331,0,20,None,66,1,5,False,1000,1000
4399,84,unweighted_fl,10,0.1549562101910828,0,20,None,66,1,5,False,1000,1000
4400,80,unweighted_fl,10,0.0995222929936305,0,22,None,66,1,5,False,1000,1000
4401,81,unweighted_fl,10,0.0995222929936305,0,22,None,66,1,5,False,1000,1000
4402,82,unweighted_fl,10,0.0995222929936305,0,22,None,66,1,5,False,1000,1000
4403,83,unweighted_fl,10,0.0995222929936305,0,22,None,66,1,5,False,1000,1000
4404,84,unweighted_fl,10,0.0995222929936305,0,22,None,66,1,5,False,1000,1000
4405,80,unweighted_fl,10,0.1973527070063694,0,23,None,66,1,5,False,1000,1000
4406,81,unweighted_fl,10,0.0995222929936305,0,23,None,66,1,5,False,1000,1000
4407,82,unweighted_fl,10,0.0995222929936305,0,23,None,66,1,5,False,1000,1000
4408,83,unweighted_fl,10,0.0995222929936305,0,23,None,66,1,5,False,1000,1000
4409,84,unweighted_fl,10,0.0995222929936305,0,23,None,66,1,5,False,1000,1000
4410,80,unweighted_fl,10,0.1460987261146497,0,25,None,66,1,5,False,1000,1000
4411,81,unweighted_fl,10,0.1398288216560509,0,25,None,66,1,5,False,1000,1000
4412,82,unweighted_fl,10,0.0995222929936305,0,25,None,66,1,5,False,1000,1000
4413,83,unweighted_fl,10,0.0995222929936305,0,25,None,66,1,5,False,1000,1000
4414,84,unweighted_fl,10,0.0995222929936305,0,25,None,66,1,5,False,1000,1000
4415,80,unweighted_fl,10,0.0995222929936305,0,24,None,66,1,5,False,1000,1000
4416,81,unweighted_fl,10,0.0995222929936305,0,24,None,66,1,5,False,1000,1000
4417,82,unweighted_fl,10,0.0995222929936305,0,24,None,66,1,5,False,1000,1000
4418,83,unweighted_fl,10,0.0995222929936305,0,24,None,66,1,5,False,1000,1000
4419,84,unweighted_fl,10,0.1001194267515923,0,24,None,66,1,5,False,1000,1000
4420,80,unweighted_fl,10,0.0995222929936305,0,27,None,66,1,5,False,1000,1000
4421,81,unweighted_fl,10,0.0995222929936305,0,27,None,66,1,5,False,1000,1000
4422,82,unweighted_fl,10,0.0995222929936305,0,27,None,66,1,5,False,1000,1000
4423,83,unweighted_fl,10,0.0995222929936305,0,27,None,66,1,5,False,1000,1000
4424,84,unweighted_fl,10,0.0995222929936305,0,27,None,66,1,5,False,1000,1000
4425,80,unweighted_fl,10,0.0995222929936305,0,26,None,66,1,5,False,1000,1000
4426,81,unweighted_fl,10,0.0995222929936305,0,26,None,66,1,5,False,1000,1000
4427,82,unweighted_fl,10,0.0995222929936305,0,26,None,66,1,5,False,1000,1000
4428,83,unweighted_fl,10,0.0995222929936305,0,26,None,66,1,5,False,1000,1000
4429,84,unweighted_fl,10,0.0995222929936305,0,26,None,66,1,5,False,1000,1000
4430,80,unweighted_fl,10,0.1731687898089172,0,28,None,66,1,5,False,1000,1000
4431,81,unweighted_fl,10,0.0995222929936305,0,28,None,66,1,5,False,1000,1000
4432,82,unweighted_fl,10,0.1173367834394904,0,28,None,66,1,5,False,1000,1000
4433,83,unweighted_fl,10,0.0995222929936305,0,28,None,66,1,5,False,1000,1000
4434,84,unweighted_fl,10,0.0995222929936305,0,28,None,66,1,5,False,1000,1000
4435,80,unweighted_fl,10,0.0995222929936305,0,29,None,66,1,5,False,1000,1000
4436,81,unweighted_fl,10,0.0995222929936305,0,29,None,66,1,5,False,1000,1000
4437,82,unweighted_fl,10,0.0995222929936305,0,29,None,66,1,5,False,1000,1000
4438,83,unweighted_fl,10,0.0995222929936305,0,29,None,66,1,5,False,1000,1000
4439,84,unweighted_fl,10,0.0995222929936305,0,29,None,66,1,5,False,1000,1000
4440,80,unweighted_fl,10,0.0995222929936305,0,30,None,66,1,5,False,1000,1000
4441,81,unweighted_fl,10,0.0995222929936305,0,30,None,66,1,5,False,1000,1000
4442,82,unweighted_fl,10,0.0995222929936305,0,30,None,66,1,5,False,1000,1000
4443,83,unweighted_fl,10,0.0995222929936305,0,30,None,66,1,5,False,1000,1000
4444,84,unweighted_fl,10,0.0995222929936305,0,30,None,66,1,5,False,1000,1000
4445,80,unweighted_fl,10,0.0995222929936305,0,32,None,66,1,5,False,1000,1000
4446,81,unweighted_fl,10,0.1932722929936305,0,32,None,66,1,5,False,1000,1000
4447,82,unweighted_fl,10,0.0995222929936305,0,32,None,66,1,5,False,1000,1000
4448,83,unweighted_fl,10,0.0995222929936305,0,32,None,66,1,5,False,1000,1000
4449,84,unweighted_fl,10,0.0995222929936305,0,32,None,66,1,5,False,1000,1000
4450,80,unweighted_fl,10,0.0995222929936305,0,31,None,66,1,5,False,1000,1000
4451,81,unweighted_fl,10,0.1367436305732484,0,31,None,66,1,5,False,1000,1000
4452,82,unweighted_fl,10,0.2692078025477707,0,31,None,66,1,5,False,1000,1000
4453,83,unweighted_fl,10,0.0995222929936305,0,31,None,66,1,5,False,1000,1000
4454,84,unweighted_fl,10,0.0995222929936305,0,31,None,66,1,5,False,1000,1000
4455,85,unweighted_fl,10,0.0995222929936305,0,0,None,66,1,5,False,1000,1000
4456,86,unweighted_fl,10,0.0997213375796178,0,0,None,66,1,5,False,1000,1000
4457,87,unweighted_fl,10,0.1658041401273885,0,0,None,66,1,5,False,1000,1000
4458,88,unweighted_fl,10,0.1973527070063694,0,0,None,66,1,5,False,1000,1000
4459,89,unweighted_fl,10,0.171875,0,0,None,66,1,5,False,1000,1000
4460,85,unweighted_fl,10,0.1972531847133758,0,1,None,66,1,5,False,1000,1000
4461,86,unweighted_fl,10,0.0995222929936305,0,1,None,66,1,5,False,1000,1000
4462,87,unweighted_fl,10,0.0995222929936305,0,1,None,66,1,5,False,1000,1000
4463,88,unweighted_fl,10,0.1437101910828025,0,1,None,66,1,5,False,1000,1000
4464,89,unweighted_fl,10,0.0995222929936305,0,1,None,66,1,5,False,1000,1000
4465,85,unweighted_fl,10,0.0995222929936305,0,2,None,66,1,5,False,1000,1000
4466,86,unweighted_fl,10,0.0995222929936305,0,2,None,66,1,5,False,1000,1000
4467,87,unweighted_fl,10,0.0995222929936305,0,2,None,66,1,5,False,1000,1000
4468,88,unweighted_fl,10,0.0995222929936305,0,2,None,66,1,5,False,1000,1000
4469,89,unweighted_fl,10,0.0995222929936305,0,2,None,66,1,5,False,1000,1000
4470,85,unweighted_fl,10,0.1975517515923567,0,4,None,66,1,5,False,1000,1000
4471,86,unweighted_fl,10,0.0995222929936305,0,4,None,66,1,5,False,1000,1000
4472,87,unweighted_fl,10,0.1637141719745223,0,4,None,66,1,5,False,1000,1000
4473,88,unweighted_fl,10,0.0995222929936305,0,4,None,66,1,5,False,1000,1000
4474,89,unweighted_fl,10,0.0995222929936305,0,4,None,66,1,5,False,1000,1000
4475,85,unweighted_fl,10,0.1952627388535031,0,3,None,66,1,5,False,1000,1000
4476,86,unweighted_fl,10,0.0995222929936305,0,3,None,66,1,5,False,1000,1000
4477,87,unweighted_fl,10,0.0995222929936305,0,3,None,66,1,5,False,1000,1000
4478,88,unweighted_fl,10,0.0995222929936305,0,3,None,66,1,5,False,1000,1000
4479,89,unweighted_fl,10,0.0995222929936305,0,3,None,66,1,5,False,1000,1000
4480,85,unweighted_fl,10,0.0995222929936305,0,5,None,66,1,5,False,1000,1000
4481,86,unweighted_fl,10,0.1111664012738853,0,5,None,66,1,5,False,1000,1000
4482,87,unweighted_fl,10,0.0995222929936305,0,5,None,66,1,5,False,1000,1000
4483,88,unweighted_fl,10,0.0995222929936305,0,5,None,66,1,5,False,1000,1000
4484,89,unweighted_fl,10,0.0995222929936305,0,5,None,66,1,5,False,1000,1000
4485,85,unweighted_fl,10,0.0995222929936305,0,7,None,66,1,5,False,1000,1000
4486,86,unweighted_fl,10,0.0995222929936305,0,7,None,66,1,5,False,1000,1000
4487,87,unweighted_fl,10,0.1113654458598726,0,7,None,66,1,5,False,1000,1000
4488,88,unweighted_fl,10,0.1942675159235669,0,7,None,66,1,5,False,1000,1000
4489,89,unweighted_fl,10,0.1511743630573248,0,7,None,66,1,5,False,1000,1000
4490,85,unweighted_fl,10,0.0996218152866242,0,6,None,66,1,5,False,1000,1000
4491,86,unweighted_fl,10,0.0995222929936305,0,6,None,66,1,5,False,1000,1000
4492,87,unweighted_fl,10,0.0995222929936305,0,6,None,66,1,5,False,1000,1000
4493,88,unweighted_fl,10,0.0995222929936305,0,6,None,66,1,5,False,1000,1000
4494,89,unweighted_fl,10,0.0995222929936305,0,6,None,66,1,5,False,1000,1000
4495,85,unweighted_fl,10,0.0995222929936305,0,8,None,66,1,5,False,1000,1000
4496,86,unweighted_fl,10,0.0995222929936305,0,8,None,66,1,5,False,1000,1000
4497,87,unweighted_fl,10,0.0995222929936305,0,8,None,66,1,5,False,1000,1000
4498,88,unweighted_fl,10,0.0995222929936305,0,8,None,66,1,5,False,1000,1000
4499,89,unweighted_fl,10,0.0995222929936305,0,8,None,66,1,5,False,1000,1000
4500,85,unweighted_fl,10,0.0995222929936305,0,10,None,66,1,5,False,1000,1000
4501,86,unweighted_fl,10,0.0995222929936305,0,10,None,66,1,5,False,1000,1000
4502,87,unweighted_fl,10,0.0995222929936305,0,10,None,66,1,5,False,1000,1000
4503,88,unweighted_fl,10,0.0995222929936305,0,10,None,66,1,5,False,1000,1000
4504,89,unweighted_fl,10,0.0995222929936305,0,10,None,66,1,5,False,1000,1000
4505,85,unweighted_fl,10,0.0995222929936305,0,9,None,66,1,5,False,1000,1000
4506,86,unweighted_fl,10,0.188296178343949,0,9,None,66,1,5,False,1000,1000
4507,87,unweighted_fl,10,0.0995222929936305,0,9,None,66,1,5,False,1000,1000
4508,88,unweighted_fl,10,0.0995222929936305,0,9,None,66,1,5,False,1000,1000
4509,89,unweighted_fl,10,0.0995222929936305,0,9,None,66,1,5,False,1000,1000
4510,85,unweighted_fl,10,0.0995222929936305,0,11,None,66,1,5,False,1000,1000
4511,86,unweighted_fl,10,0.144108280254777,0,11,None,66,1,5,False,1000,1000
4512,87,unweighted_fl,10,0.0995222929936305,0,11,None,66,1,5,False,1000,1000
4513,88,unweighted_fl,10,0.0995222929936305,0,11,None,66,1,5,False,1000,1000
4514,89,unweighted_fl,10,0.0995222929936305,0,11,None,66,1,5,False,1000,1000
4515,85,unweighted_fl,10,0.0995222929936305,0,13,None,66,1,5,False,1000,1000
4516,86,unweighted_fl,10,0.0995222929936305,0,13,None,66,1,5,False,1000,1000
4517,87,unweighted_fl,10,0.0995222929936305,0,13,None,66,1,5,False,1000,1000
4518,88,unweighted_fl,10,0.1254976114649681,0,13,None,66,1,5,False,1000,1000
4519,89,unweighted_fl,10,0.1719745222929936,0,13,None,66,1,5,False,1000,1000
4520,85,unweighted_fl,10,0.1658041401273885,0,12,None,66,1,5,False,1000,1000
4521,86,unweighted_fl,10,0.0995222929936305,0,12,None,66,1,5,False,1000,1000
4522,87,unweighted_fl,10,0.0995222929936305,0,12,None,66,1,5,False,1000,1000
4523,88,unweighted_fl,10,0.0995222929936305,0,12,None,66,1,5,False,1000,1000
4524,89,unweighted_fl,10,0.0995222929936305,0,12,None,66,1,5,False,1000,1000
4525,85,unweighted_fl,10,0.0995222929936305,0,14,None,66,1,5,False,1000,1000
4526,86,unweighted_fl,10,0.0995222929936305,0,14,None,66,1,5,False,1000,1000
4527,87,unweighted_fl,10,0.0995222929936305,0,14,None,66,1,5,False,1000,1000
4528,88,unweighted_fl,10,0.0995222929936305,0,14,None,66,1,5,False,1000,1000
4529,89,unweighted_fl,10,0.0995222929936305,0,14,None,66,1,5,False,1000,1000
4530,85,unweighted_fl,10,0.1869028662420382,0,15,None,66,1,5,False,1000,1000
4531,86,unweighted_fl,10,0.0995222929936305,0,15,None,66,1,5,False,1000,1000
4532,87,unweighted_fl,10,0.0995222929936305,0,15,None,66,1,5,False,1000,1000
4533,88,unweighted_fl,10,0.0995222929936305,0,15,None,66,1,5,False,1000,1000
4534,89,unweighted_fl,10,0.0995222929936305,0,15,None,66,1,5,False,1000,1000
4535,85,unweighted_fl,10,0.0995222929936305,0,16,None,66,1,5,False,1000,1000
4536,86,unweighted_fl,10,0.0995222929936305,0,16,None,66,1,5,False,1000,1000
4537,87,unweighted_fl,10,0.0995222929936305,0,16,None,66,1,5,False,1000,1000
4538,88,unweighted_fl,10,0.0995222929936305,0,16,None,66,1,5,False,1000,1000
4539,89,unweighted_fl,10,0.0995222929936305,0,16,None,66,1,5,False,1000,1000
4540,85,unweighted_fl,10,0.0995222929936305,0,18,None,66,1,5,False,1000,1000
4541,86,unweighted_fl,10,0.0995222929936305,0,18,None,66,1,5,False,1000,1000
4542,87,unweighted_fl,10,0.0995222929936305,0,18,None,66,1,5,False,1000,1000
4543,88,unweighted_fl,10,0.0995222929936305,0,18,None,66,1,5,False,1000,1000
4544,89,unweighted_fl,10,0.0995222929936305,0,18,None,66,1,5,False,1000,1000
4545,85,unweighted_fl,10,0.0995222929936305,0,17,None,66,1,5,False,1000,1000
4546,86,unweighted_fl,10,0.0995222929936305,0,17,None,66,1,5,False,1000,1000
4547,87,unweighted_fl,10,0.0995222929936305,0,17,None,66,1,5,False,1000,1000
4548,88,unweighted_fl,10,0.0995222929936305,0,17,None,66,1,5,False,1000,1000
4549,89,unweighted_fl,10,0.0995222929936305,0,17,None,66,1,5,False,1000,1000
4550,85,unweighted_fl,10,0.0995222929936305,0,19,None,66,1,5,False,1000,1000
4551,86,unweighted_fl,10,0.0995222929936305,0,19,None,66,1,5,False,1000,1000
4552,87,unweighted_fl,10,0.0995222929936305,0,19,None,66,1,5,False,1000,1000
4553,88,unweighted_fl,10,0.0995222929936305,0,19,None,66,1,5,False,1000,1000
4554,89,unweighted_fl,10,0.0995222929936305,0,19,None,66,1,5,False,1000,1000
4555,85,unweighted_fl,10,0.0995222929936305,0,21,None,66,1,5,False,1000,1000
4556,86,unweighted_fl,10,0.0995222929936305,0,21,None,66,1,5,False,1000,1000
4557,87,unweighted_fl,10,0.0995222929936305,0,21,None,66,1,5,False,1000,1000
4558,88,unweighted_fl,10,0.0995222929936305,0,21,None,66,1,5,False,1000,1000
4559,89,unweighted_fl,10,0.0995222929936305,0,21,None,66,1,5,False,1000,1000
4560,85,unweighted_fl,10,0.0995222929936305,0,20,None,66,1,5,False,1000,1000
4561,86,unweighted_fl,10,0.1187300955414012,0,20,None,66,1,5,False,1000,1000
4562,87,unweighted_fl,10,0.1744625796178344,0,20,None,66,1,5,False,1000,1000
4563,88,unweighted_fl,10,0.1973527070063694,0,20,None,66,1,5,False,1000,1000
4564,89,unweighted_fl,10,0.1781449044585987,0,20,None,66,1,5,False,1000,1000
4565,85,unweighted_fl,10,0.0995222929936305,0,22,None,66,1,5,False,1000,1000
4566,86,unweighted_fl,10,0.0995222929936305,0,22,None,66,1,5,False,1000,1000
4567,87,unweighted_fl,10,0.0995222929936305,0,22,None,66,1,5,False,1000,1000
4568,88,unweighted_fl,10,0.0995222929936305,0,22,None,66,1,5,False,1000,1000
4569,89,unweighted_fl,10,0.0995222929936305,0,22,None,66,1,5,False,1000,1000
4570,85,unweighted_fl,10,0.0995222929936305,0,24,None,66,1,5,False,1000,1000
4571,86,unweighted_fl,10,0.0995222929936305,0,24,None,66,1,5,False,1000,1000
4572,87,unweighted_fl,10,0.0995222929936305,0,24,None,66,1,5,False,1000,1000
4573,88,unweighted_fl,10,0.0995222929936305,0,24,None,66,1,5,False,1000,1000
4574,89,unweighted_fl,10,0.0995222929936305,0,24,None,66,1,5,False,1000,1000
4575,85,unweighted_fl,10,0.1894904458598726,0,23,None,66,1,5,False,1000,1000
4576,86,unweighted_fl,10,0.0995222929936305,0,23,None,66,1,5,False,1000,1000
4577,87,unweighted_fl,10,0.0995222929936305,0,23,None,66,1,5,False,1000,1000
4578,88,unweighted_fl,10,0.0995222929936305,0,23,None,66,1,5,False,1000,1000
4579,89,unweighted_fl,10,0.0995222929936305,0,23,None,66,1,5,False,1000,1000
4580,85,unweighted_fl,10,0.1603304140127388,0,25,None,66,1,5,False,1000,1000
4581,86,unweighted_fl,10,0.1490843949044586,0,25,None,66,1,5,False,1000,1000
4582,87,unweighted_fl,10,0.0995222929936305,0,25,None,66,1,5,False,1000,1000
4583,88,unweighted_fl,10,0.0995222929936305,0,25,None,66,1,5,False,1000,1000
4584,89,unweighted_fl,10,0.0995222929936305,0,25,None,66,1,5,False,1000,1000
4585,85,unweighted_fl,10,0.0995222929936305,0,26,None,66,1,5,False,1000,1000
4586,86,unweighted_fl,10,0.0995222929936305,0,26,None,66,1,5,False,1000,1000
4587,87,unweighted_fl,10,0.0995222929936305,0,26,None,66,1,5,False,1000,1000
4588,88,unweighted_fl,10,0.0995222929936305,0,26,None,66,1,5,False,1000,1000
4589,89,unweighted_fl,10,0.0995222929936305,0,26,None,66,1,5,False,1000,1000
4590,85,unweighted_fl,10,0.0995222929936305,0,27,None,66,1,5,False,1000,1000
4591,86,unweighted_fl,10,0.0995222929936305,0,27,None,66,1,5,False,1000,1000
4592,87,unweighted_fl,10,0.0995222929936305,0,27,None,66,1,5,False,1000,1000
4593,88,unweighted_fl,10,0.0995222929936305,0,27,None,66,1,5,False,1000,1000
4594,89,unweighted_fl,10,0.0995222929936305,0,27,None,66,1,5,False,1000,1000
4595,85,unweighted_fl,10,0.0995222929936305,0,29,None,66,1,5,False,1000,1000
4596,86,unweighted_fl,10,0.0995222929936305,0,29,None,66,1,5,False,1000,1000
4597,87,unweighted_fl,10,0.0995222929936305,0,29,None,66,1,5,False,1000,1000
4598,88,unweighted_fl,10,0.0995222929936305,0,29,None,66,1,5,False,1000,1000
4599,89,unweighted_fl,10,0.0995222929936305,0,29,None,66,1,5,False,1000,1000
4600,85,unweighted_fl,10,0.1698845541401273,0,28,None,66,1,5,False,1000,1000
4601,86,unweighted_fl,10,0.0995222929936305,0,28,None,66,1,5,False,1000,1000
4602,87,unweighted_fl,10,0.1408240445859872,0,28,None,66,1,5,False,1000,1000
4603,88,unweighted_fl,10,0.0995222929936305,0,28,None,66,1,5,False,1000,1000
4604,89,unweighted_fl,10,0.0995222929936305,0,28,None,66,1,5,False,1000,1000
4605,85,unweighted_fl,10,0.0995222929936305,0,30,None,66,1,5,False,1000,1000
4606,86,unweighted_fl,10,0.0995222929936305,0,30,None,66,1,5,False,1000,1000
4607,87,unweighted_fl,10,0.0995222929936305,0,30,None,66,1,5,False,1000,1000
4608,88,unweighted_fl,10,0.0995222929936305,0,30,None,66,1,5,False,1000,1000
4609,89,unweighted_fl,10,0.0995222929936305,0,30,None,66,1,5,False,1000,1000
4610,85,unweighted_fl,10,0.0995222929936305,0,32,None,66,1,5,False,1000,1000
4611,86,unweighted_fl,10,0.194765127388535,0,32,None,66,1,5,False,1000,1000
4612,87,unweighted_fl,10,0.1015127388535031,0,32,None,66,1,5,False,1000,1000
4613,88,unweighted_fl,10,0.0995222929936305,0,32,None,66,1,5,False,1000,1000
4614,89,unweighted_fl,10,0.0995222929936305,0,32,None,66,1,5,False,1000,1000
4615,85,unweighted_fl,10,0.0995222929936305,0,31,None,66,1,5,False,1000,1000
4616,86,unweighted_fl,10,0.1177348726114649,0,31,None,66,1,5,False,1000,1000
4617,87,unweighted_fl,10,0.2375597133757961,0,31,None,66,1,5,False,1000,1000
4618,88,unweighted_fl,10,0.0995222929936305,0,31,None,66,1,5,False,1000,1000
4619,89,unweighted_fl,10,0.0995222929936305,0,31,None,66,1,5,False,1000,1000
4620,90,unweighted_fl,10,0.0995222929936305,0,0,None,66,1,5,False,1000,1000
4621,91,unweighted_fl,10,0.1015127388535031,0,0,None,66,1,5,False,1000,1000
4622,92,unweighted_fl,10,0.1657046178343949,0,0,None,66,1,5,False,1000,1000
4623,93,unweighted_fl,10,0.1968550955414012,0,0,None,66,1,5,False,1000,1000
4624,94,unweighted_fl,10,0.1842157643312102,0,0,None,66,1,5,False,1000,1000
4625,90,unweighted_fl,10,0.1975517515923567,0,1,None,66,1,5,False,1000,1000
4626,91,unweighted_fl,10,0.0995222929936305,0,1,None,66,1,5,False,1000,1000
4627,92,unweighted_fl,10,0.0995222929936305,0,1,None,66,1,5,False,1000,1000
4628,93,unweighted_fl,10,0.1479896496815286,0,1,None,66,1,5,False,1000,1000
4629,94,unweighted_fl,10,0.0995222929936305,0,1,None,66,1,5,False,1000,1000
4630,90,unweighted_fl,10,0.0995222929936305,0,2,None,66,1,5,False,1000,1000
4631,91,unweighted_fl,10,0.0995222929936305,0,2,None,66,1,5,False,1000,1000
4632,92,unweighted_fl,10,0.0995222929936305,0,2,None,66,1,5,False,1000,1000
4633,93,unweighted_fl,10,0.0995222929936305,0,2,None,66,1,5,False,1000,1000
4634,94,unweighted_fl,10,0.0995222929936305,0,2,None,66,1,5,False,1000,1000
4635,90,unweighted_fl,10,0.1961584394904458,0,4,None,66,1,5,False,1000,1000
4636,91,unweighted_fl,10,0.0995222929936305,0,4,None,66,1,5,False,1000,1000
4637,92,unweighted_fl,10,0.1490843949044586,0,4,None,66,1,5,False,1000,1000
4638,93,unweighted_fl,10,0.0995222929936305,0,4,None,66,1,5,False,1000,1000
4639,94,unweighted_fl,10,0.0995222929936305,0,4,None,66,1,5,False,1000,1000
4640,90,unweighted_fl,10,0.0995222929936305,0,5,None,66,1,5,False,1000,1000
4641,91,unweighted_fl,10,0.0995222929936305,0,5,None,66,1,5,False,1000,1000
4642,92,unweighted_fl,10,0.0995222929936305,0,5,None,66,1,5,False,1000,1000
4643,93,unweighted_fl,10,0.0995222929936305,0,5,None,66,1,5,False,1000,1000
4644,94,unweighted_fl,10,0.0995222929936305,0,5,None,66,1,5,False,1000,1000
4645,90,unweighted_fl,10,0.1961584394904458,0,3,None,66,1,5,False,1000,1000
4646,91,unweighted_fl,10,0.0995222929936305,0,3,None,66,1,5,False,1000,1000
4647,92,unweighted_fl,10,0.0995222929936305,0,3,None,66,1,5,False,1000,1000
4648,93,unweighted_fl,10,0.0995222929936305,0,3,None,66,1,5,False,1000,1000
4649,94,unweighted_fl,10,0.0995222929936305,0,3,None,66,1,5,False,1000,1000
4650,90,unweighted_fl,10,0.149781050955414,0,6,None,66,1,5,False,1000,1000
4651,91,unweighted_fl,10,0.0995222929936305,0,6,None,66,1,5,False,1000,1000
4652,92,unweighted_fl,10,0.0995222929936305,0,6,None,66,1,5,False,1000,1000
4653,93,unweighted_fl,10,0.0995222929936305,0,6,None,66,1,5,False,1000,1000
4654,94,unweighted_fl,10,0.0995222929936305,0,6,None,66,1,5,False,1000,1000
4655,90,unweighted_fl,10,0.0995222929936305,0,8,None,66,1,5,False,1000,1000
4656,91,unweighted_fl,10,0.0995222929936305,0,8,None,66,1,5,False,1000,1000
4657,92,unweighted_fl,10,0.0995222929936305,0,8,None,66,1,5,False,1000,1000
4658,93,unweighted_fl,10,0.0995222929936305,0,8,None,66,1,5,False,1000,1000
4659,94,unweighted_fl,10,0.0995222929936305,0,8,None,66,1,5,False,1000,1000
4660,90,unweighted_fl,10,0.0995222929936305,0,7,None,66,1,5,False,1000,1000
4661,91,unweighted_fl,10,0.0995222929936305,0,7,None,66,1,5,False,1000,1000
4662,92,unweighted_fl,10,0.1165406050955414,0,7,None,66,1,5,False,1000,1000
4663,93,unweighted_fl,10,0.1925756369426751,0,7,None,66,1,5,False,1000,1000
4664,94,unweighted_fl,10,0.1754578025477707,0,7,None,66,1,5,False,1000,1000
4665,90,unweighted_fl,10,0.0995222929936305,0,9,None,66,1,5,False,1000,1000
4666,91,unweighted_fl,10,0.1866042993630573,0,9,None,66,1,5,False,1000,1000
4667,92,unweighted_fl,10,0.0995222929936305,0,9,None,66,1,5,False,1000,1000
4668,93,unweighted_fl,10,0.0995222929936305,0,9,None,66,1,5,False,1000,1000
4669,94,unweighted_fl,10,0.0995222929936305,0,9,None,66,1,5,False,1000,1000
4670,90,unweighted_fl,10,0.0995222929936305,0,11,None,66,1,5,False,1000,1000
4671,91,unweighted_fl,10,0.138734076433121,0,11,None,66,1,5,False,1000,1000
4672,92,unweighted_fl,10,0.0995222929936305,0,11,None,66,1,5,False,1000,1000
4673,93,unweighted_fl,10,0.0995222929936305,0,11,None,66,1,5,False,1000,1000
4674,94,unweighted_fl,10,0.0995222929936305,0,11,None,66,1,5,False,1000,1000
4675,90,unweighted_fl,10,0.0995222929936305,0,10,None,66,1,5,False,1000,1000
4676,91,unweighted_fl,10,0.0995222929936305,0,10,None,66,1,5,False,1000,1000
4677,92,unweighted_fl,10,0.0995222929936305,0,10,None,66,1,5,False,1000,1000
4678,93,unweighted_fl,10,0.0995222929936305,0,10,None,66,1,5,False,1000,1000
4679,94,unweighted_fl,10,0.0995222929936305,0,10,None,66,1,5,False,1000,1000
4680,90,unweighted_fl,10,0.1663017515923567,0,12,None,66,1,5,False,1000,1000
4681,91,unweighted_fl,10,0.1039012738853503,0,12,None,66,1,5,False,1000,1000
4682,92,unweighted_fl,10,0.0995222929936305,0,12,None,66,1,5,False,1000,1000
4683,93,unweighted_fl,10,0.0995222929936305,0,12,None,66,1,5,False,1000,1000
4684,94,unweighted_fl,10,0.0995222929936305,0,12,None,66,1,5,False,1000,1000
4685,90,unweighted_fl,10,0.0995222929936305,0,13,None,66,1,5,False,1000,1000
4686,91,unweighted_fl,10,0.0995222929936305,0,13,None,66,1,5,False,1000,1000
4687,92,unweighted_fl,10,0.1079816878980891,0,13,None,66,1,5,False,1000,1000
4688,93,unweighted_fl,10,0.1552547770700637,0,13,None,66,1,5,False,1000,1000
4689,94,unweighted_fl,10,0.1870023885350318,0,13,None,66,1,5,False,1000,1000
4690,90,unweighted_fl,10,0.0995222929936305,0,14,None,66,1,5,False,1000,1000
4691,91,unweighted_fl,10,0.0995222929936305,0,14,None,66,1,5,False,1000,1000
4692,92,unweighted_fl,10,0.0995222929936305,0,14,None,66,1,5,False,1000,1000
4693,93,unweighted_fl,10,0.0995222929936305,0,14,None,66,1,5,False,1000,1000
4694,94,unweighted_fl,10,0.0995222929936305,0,14,None,66,1,5,False,1000,1000
4695,90,unweighted_fl,10,0.1961584394904458,0,15,None,66,1,5,False,1000,1000
4696,91,unweighted_fl,10,0.0995222929936305,0,15,None,66,1,5,False,1000,1000
4697,92,unweighted_fl,10,0.0995222929936305,0,15,None,66,1,5,False,1000,1000
4698,93,unweighted_fl,10,0.0995222929936305,0,15,None,66,1,5,False,1000,1000
4699,94,unweighted_fl,10,0.0995222929936305,0,15,None,66,1,5,False,1000,1000
4700,90,unweighted_fl,10,0.0995222929936305,0,16,None,66,1,5,False,1000,1000
4701,91,unweighted_fl,10,0.0995222929936305,0,16,None,66,1,5,False,1000,1000
4702,92,unweighted_fl,10,0.0995222929936305,0,16,None,66,1,5,False,1000,1000
4703,93,unweighted_fl,10,0.0995222929936305,0,16,None,66,1,5,False,1000,1000
4704,94,unweighted_fl,10,0.0995222929936305,0,16,None,66,1,5,False,1000,1000
4705,90,unweighted_fl,10,0.0995222929936305,0,18,None,66,1,5,False,1000,1000
4706,91,unweighted_fl,10,0.0995222929936305,0,18,None,66,1,5,False,1000,1000
4707,92,unweighted_fl,10,0.0995222929936305,0,18,None,66,1,5,False,1000,1000
4708,93,unweighted_fl,10,0.0995222929936305,0,18,None,66,1,5,False,1000,1000
4709,94,unweighted_fl,10,0.0995222929936305,0,18,None,66,1,5,False,1000,1000
4710,90,unweighted_fl,10,0.0995222929936305,0,17,None,66,1,5,False,1000,1000
4711,91,unweighted_fl,10,0.0995222929936305,0,17,None,66,1,5,False,1000,1000
4712,92,unweighted_fl,10,0.0995222929936305,0,17,None,66,1,5,False,1000,1000
4713,93,unweighted_fl,10,0.0995222929936305,0,17,None,66,1,5,False,1000,1000
4714,94,unweighted_fl,10,0.0995222929936305,0,17,None,66,1,5,False,1000,1000
4715,90,unweighted_fl,10,0.0995222929936305,0,19,None,66,1,5,False,1000,1000
4716,91,unweighted_fl,10,0.0995222929936305,0,19,None,66,1,5,False,1000,1000
4717,92,unweighted_fl,10,0.0995222929936305,0,19,None,66,1,5,False,1000,1000
4718,93,unweighted_fl,10,0.0995222929936305,0,19,None,66,1,5,False,1000,1000
4719,94,unweighted_fl,10,0.0995222929936305,0,19,None,66,1,5,False,1000,1000
4720,90,unweighted_fl,10,0.0995222929936305,0,21,None,66,1,5,False,1000,1000
4721,91,unweighted_fl,10,0.0995222929936305,0,21,None,66,1,5,False,1000,1000
4722,92,unweighted_fl,10,0.0995222929936305,0,21,None,66,1,5,False,1000,1000
4723,93,unweighted_fl,10,0.0995222929936305,0,21,None,66,1,5,False,1000,1000
4724,94,unweighted_fl,10,0.0995222929936305,0,21,None,66,1,5,False,1000,1000
4725,90,unweighted_fl,10,0.0995222929936305,0,20,None,66,1,5,False,1000,1000
4726,91,unweighted_fl,10,0.1114649681528662,0,20,None,66,1,5,False,1000,1000
4727,92,unweighted_fl,10,0.1657046178343949,0,20,None,66,1,5,False,1000,1000
4728,93,unweighted_fl,10,0.1943670382165605,0,20,None,66,1,5,False,1000,1000
4729,94,unweighted_fl,10,0.1924761146496815,0,20,None,66,1,5,False,1000,1000
4730,90,unweighted_fl,10,0.0995222929936305,0,22,None,66,1,5,False,1000,1000
4731,91,unweighted_fl,10,0.0995222929936305,0,22,None,66,1,5,False,1000,1000
4732,92,unweighted_fl,10,0.0995222929936305,0,22,None,66,1,5,False,1000,1000
4733,93,unweighted_fl,10,0.0995222929936305,0,22,None,66,1,5,False,1000,1000
4734,94,unweighted_fl,10,0.0995222929936305,0,22,None,66,1,5,False,1000,1000
4735,90,unweighted_fl,10,0.0995222929936305,0,24,None,66,1,5,False,1000,1000
4736,91,unweighted_fl,10,0.0995222929936305,0,24,None,66,1,5,False,1000,1000
4737,92,unweighted_fl,10,0.0995222929936305,0,24,None,66,1,5,False,1000,1000
4738,93,unweighted_fl,10,0.0997213375796178,0,24,None,66,1,5,False,1000,1000
4739,94,unweighted_fl,10,0.1034036624203821,0,24,None,66,1,5,False,1000,1000
4740,90,unweighted_fl,10,0.192078025477707,0,23,None,66,1,5,False,1000,1000
4741,91,unweighted_fl,10,0.0995222929936305,0,23,None,66,1,5,False,1000,1000
4742,92,unweighted_fl,10,0.0995222929936305,0,23,None,66,1,5,False,1000,1000
4743,93,unweighted_fl,10,0.0995222929936305,0,23,None,66,1,5,False,1000,1000
4744,94,unweighted_fl,10,0.0995222929936305,0,23,None,66,1,5,False,1000,1000
4745,90,unweighted_fl,10,0.1481886942675159,0,25,None,66,1,5,False,1000,1000
4746,91,unweighted_fl,10,0.1835191082802547,0,25,None,66,1,5,False,1000,1000
4747,92,unweighted_fl,10,0.0995222929936305,0,25,None,66,1,5,False,1000,1000
4748,93,unweighted_fl,10,0.0995222929936305,0,25,None,66,1,5,False,1000,1000
4749,94,unweighted_fl,10,0.0995222929936305,0,25,None,66,1,5,False,1000,1000
4750,90,unweighted_fl,10,0.0995222929936305,0,27,None,66,1,5,False,1000,1000
4751,91,unweighted_fl,10,0.0995222929936305,0,27,None,66,1,5,False,1000,1000
4752,92,unweighted_fl,10,0.0995222929936305,0,27,None,66,1,5,False,1000,1000
4753,93,unweighted_fl,10,0.0995222929936305,0,27,None,66,1,5,False,1000,1000
4754,94,unweighted_fl,10,0.0995222929936305,0,27,None,66,1,5,False,1000,1000
4755,90,unweighted_fl,10,0.0995222929936305,0,26,None,66,1,5,False,1000,1000
4756,91,unweighted_fl,10,0.0995222929936305,0,26,None,66,1,5,False,1000,1000
4757,92,unweighted_fl,10,0.0995222929936305,0,26,None,66,1,5,False,1000,1000
4758,93,unweighted_fl,10,0.0995222929936305,0,26,None,66,1,5,False,1000,1000
4759,94,unweighted_fl,10,0.0995222929936305,0,26,None,66,1,5,False,1000,1000
4760,90,unweighted_fl,10,0.1971536624203821,0,28,None,66,1,5,False,1000,1000
4761,91,unweighted_fl,10,0.0995222929936305,0,28,None,66,1,5,False,1000,1000
4762,92,unweighted_fl,10,0.1687898089171974,0,28,None,66,1,5,False,1000,1000
4763,93,unweighted_fl,10,0.0995222929936305,0,28,None,66,1,5,False,1000,1000
4764,94,unweighted_fl,10,0.0995222929936305,0,28,None,66,1,5,False,1000,1000
4765,90,unweighted_fl,10,0.0995222929936305,0,30,None,66,1,5,False,1000,1000
4766,91,unweighted_fl,10,0.0995222929936305,0,30,None,66,1,5,False,1000,1000
4767,92,unweighted_fl,10,0.0995222929936305,0,30,None,66,1,5,False,1000,1000
4768,93,unweighted_fl,10,0.0995222929936305,0,30,None,66,1,5,False,1000,1000
4769,94,unweighted_fl,10,0.0995222929936305,0,30,None,66,1,5,False,1000,1000
4770,90,unweighted_fl,10,0.0995222929936305,0,29,None,66,1,5,False,1000,1000
4771,91,unweighted_fl,10,0.0995222929936305,0,29,None,66,1,5,False,1000,1000
4772,92,unweighted_fl,10,0.0995222929936305,0,29,None,66,1,5,False,1000,1000
4773,93,unweighted_fl,10,0.0995222929936305,0,29,None,66,1,5,False,1000,1000
4774,94,unweighted_fl,10,0.0995222929936305,0,29,None,66,1,5,False,1000,1000
4775,90,unweighted_fl,10,0.0995222929936305,0,31,None,66,1,5,False,1000,1000
4776,91,unweighted_fl,10,0.1164410828025477,0,31,None,66,1,5,False,1000,1000
4777,92,unweighted_fl,10,0.2015326433121019,0,31,None,66,1,5,False,1000,1000
4778,93,unweighted_fl,10,0.0995222929936305,0,31,None,66,1,5,False,1000,1000
4779,94,unweighted_fl,10,0.0995222929936305,0,31,None,66,1,5,False,1000,1000
4780,90,unweighted_fl,10,0.0995222929936305,0,32,None,66,1,5,False,1000,1000
4781,91,unweighted_fl,10,0.1904856687898089,0,32,None,66,1,5,False,1000,1000
4782,92,unweighted_fl,10,0.1438097133757961,0,32,None,66,1,5,False,1000,1000
4783,93,unweighted_fl,10,0.0995222929936305,0,32,None,66,1,5,False,1000,1000
4784,94,unweighted_fl,10,0.0995222929936305,0,32,None,66,1,5,False,1000,1000
4785,95,unweighted_fl,10,0.0995222929936305,0,5,None,66,1,5,False,1000,1000
4786,96,unweighted_fl,10,0.0995222929936305,0,5,None,66,1,5,False,1000,1000
4787,97,unweighted_fl,10,0.0995222929936305,0,5,None,66,1,5,False,1000,1000
4788,98,unweighted_fl,10,0.0995222929936305,0,5,None,66,1,5,False,1000,1000
4789,99,unweighted_fl,10,0.0995222929936305,0,5,None,66,1,5,False,1000,1000
4790,95,unweighted_fl,10,0.0995222929936305,0,7,None,66,1,5,False,1000,1000
4791,96,unweighted_fl,10,0.0995222929936305,0,7,None,66,1,5,False,1000,1000
4792,97,unweighted_fl,10,0.1186305732484076,0,7,None,66,1,5,False,1000,1000
4793,98,unweighted_fl,10,0.1908837579617834,0,7,None,66,1,5,False,1000,1000
4794,99,unweighted_fl,10,0.2159633757961783,0,7,None,66,1,5,False,1000,1000
4795,95,unweighted_fl,10,0.0995222929936305,0,6,None,66,1,5,False,1000,1000
4796,96,unweighted_fl,10,0.1000199044585987,0,6,None,66,1,5,False,1000,1000
4797,97,unweighted_fl,10,0.0995222929936305,0,6,None,66,1,5,False,1000,1000
4798,98,unweighted_fl,10,0.0995222929936305,0,6,None,66,1,5,False,1000,1000
4799,99,unweighted_fl,10,0.0995222929936305,0,6,None,66,1,5,False,1000,1000
4800,95,unweighted_fl,10,0.0995222929936305,0,8,None,66,1,5,False,1000,1000
4801,96,unweighted_fl,10,0.0995222929936305,0,8,None,66,1,5,False,1000,1000
4802,97,unweighted_fl,10,0.0995222929936305,0,8,None,66,1,5,False,1000,1000
4803,98,unweighted_fl,10,0.0995222929936305,0,8,None,66,1,5,False,1000,1000
4804,99,unweighted_fl,10,0.0995222929936305,0,8,None,66,1,5,False,1000,1000
4805,95,unweighted_fl,10,0.0995222929936305,0,10,None,66,1,5,False,1000,1000
4806,96,unweighted_fl,10,0.0995222929936305,0,10,None,66,1,5,False,1000,1000
4807,97,unweighted_fl,10,0.0995222929936305,0,10,None,66,1,5,False,1000,1000
4808,98,unweighted_fl,10,0.0995222929936305,0,10,None,66,1,5,False,1000,1000
4809,99,unweighted_fl,10,0.0995222929936305,0,10,None,66,1,5,False,1000,1000
4810,95,unweighted_fl,10,0.0995222929936305,0,9,None,66,1,5,False,1000,1000
4811,96,unweighted_fl,10,0.1869028662420382,0,9,None,66,1,5,False,1000,1000
4812,97,unweighted_fl,10,0.0995222929936305,0,9,None,66,1,5,False,1000,1000
4813,98,unweighted_fl,10,0.0995222929936305,0,9,None,66,1,5,False,1000,1000
4814,99,unweighted_fl,10,0.0995222929936305,0,9,None,66,1,5,False,1000,1000
4815,95,unweighted_fl,10,0.0995222929936305,0,11,None,66,1,5,False,1000,1000
4816,96,unweighted_fl,10,0.1832205414012739,0,11,None,66,1,5,False,1000,1000
4817,97,unweighted_fl,10,0.0995222929936305,0,11,None,66,1,5,False,1000,1000
4818,98,unweighted_fl,10,0.0995222929936305,0,11,None,66,1,5,False,1000,1000
4819,99,unweighted_fl,10,0.0995222929936305,0,11,None,66,1,5,False,1000,1000
4820,95,unweighted_fl,10,0.0995222929936305,0,13,None,66,1,5,False,1000,1000
4821,96,unweighted_fl,10,0.0995222929936305,0,13,None,66,1,5,False,1000,1000
4822,97,unweighted_fl,10,0.10828025477707,0,13,None,66,1,5,False,1000,1000
4823,98,unweighted_fl,10,0.1504777070063694,0,13,None,66,1,5,False,1000,1000
4824,99,unweighted_fl,10,0.1814291401273885,0,13,None,66,1,5,False,1000,1000
4825,95,unweighted_fl,10,0.1629179936305732,0,12,None,66,1,5,False,1000,1000
4826,96,unweighted_fl,10,0.1218152866242038,0,12,None,66,1,5,False,1000,1000
4827,97,unweighted_fl,10,0.0995222929936305,0,12,None,66,1,5,False,1000,1000
4828,98,unweighted_fl,10,0.0995222929936305,0,12,None,66,1,5,False,1000,1000
4829,99,unweighted_fl,10,0.0995222929936305,0,12,None,66,1,5,False,1000,1000
4830,95,unweighted_fl,10,0.0995222929936305,0,14,None,66,1,5,False,1000,1000
4831,96,unweighted_fl,10,0.0995222929936305,0,14,None,66,1,5,False,1000,1000
4832,97,unweighted_fl,10,0.0995222929936305,0,14,None,66,1,5,False,1000,1000
4833,98,unweighted_fl,10,0.0995222929936305,0,14,None,66,1,5,False,1000,1000
4834,99,unweighted_fl,10,0.0995222929936305,0,14,None,66,1,5,False,1000,1000
4835,95,unweighted_fl,10,0.0995222929936305,0,16,None,66,1,5,False,1000,1000
4836,96,unweighted_fl,10,0.0995222929936305,0,16,None,66,1,5,False,1000,1000
4837,97,unweighted_fl,10,0.0995222929936305,0,16,None,66,1,5,False,1000,1000
4838,98,unweighted_fl,10,0.0995222929936305,0,16,None,66,1,5,False,1000,1000
4839,99,unweighted_fl,10,0.0995222929936305,0,16,None,66,1,5,False,1000,1000
4840,95,unweighted_fl,10,0.1943670382165605,0,15,None,66,1,5,False,1000,1000
4841,96,unweighted_fl,10,0.0995222929936305,0,15,None,66,1,5,False,1000,1000
4842,97,unweighted_fl,10,0.0995222929936305,0,15,None,66,1,5,False,1000,1000
4843,98,unweighted_fl,10,0.0995222929936305,0,15,None,66,1,5,False,1000,1000
4844,99,unweighted_fl,10,0.0995222929936305,0,15,None,66,1,5,False,1000,1000
4845,95,unweighted_fl,10,0.0995222929936305,0,17,None,66,1,5,False,1000,1000
4846,96,unweighted_fl,10,0.0995222929936305,0,17,None,66,1,5,False,1000,1000
4847,97,unweighted_fl,10,0.0995222929936305,0,17,None,66,1,5,False,1000,1000
4848,98,unweighted_fl,10,0.0995222929936305,0,17,None,66,1,5,False,1000,1000
4849,99,unweighted_fl,10,0.0995222929936305,0,17,None,66,1,5,False,1000,1000
4850,95,unweighted_fl,10,0.0995222929936305,0,19,None,66,1,5,False,1000,1000
4851,96,unweighted_fl,10,0.0995222929936305,0,19,None,66,1,5,False,1000,1000
4852,97,unweighted_fl,10,0.0995222929936305,0,19,None,66,1,5,False,1000,1000
4853,98,unweighted_fl,10,0.0995222929936305,0,19,None,66,1,5,False,1000,1000
4854,99,unweighted_fl,10,0.0995222929936305,0,19,None,66,1,5,False,1000,1000
4855,95,unweighted_fl,10,0.0995222929936305,0,18,None,66,1,5,False,1000,1000
4856,96,unweighted_fl,10,0.0995222929936305,0,18,None,66,1,5,False,1000,1000
4857,97,unweighted_fl,10,0.0995222929936305,0,18,None,66,1,5,False,1000,1000
4858,98,unweighted_fl,10,0.0995222929936305,0,18,None,66,1,5,False,1000,1000
4859,99,unweighted_fl,10,0.0995222929936305,0,18,None,66,1,5,False,1000,1000
4860,95,unweighted_fl,10,0.0995222929936305,0,20,None,66,1,5,False,1000,1000
4861,96,unweighted_fl,10,0.1179339171974522,0,20,None,66,1,5,False,1000,1000
4862,97,unweighted_fl,10,0.1658041401273885,0,20,None,66,1,5,False,1000,1000
4863,98,unweighted_fl,10,0.1926751592356688,0,20,None,66,1,5,False,1000,1000
4864,99,unweighted_fl,10,0.1949641719745223,0,20,None,66,1,5,False,1000,1000
4865,95,unweighted_fl,10,0.0995222929936305,0,22,None,66,1,5,False,1000,1000
4866,96,unweighted_fl,10,0.0995222929936305,0,22,None,66,1,5,False,1000,1000
4867,97,unweighted_fl,10,0.0995222929936305,0,22,None,66,1,5,False,1000,1000
4868,98,unweighted_fl,10,0.0995222929936305,0,22,None,66,1,5,False,1000,1000
4869,99,unweighted_fl,10,0.0995222929936305,0,22,None,66,1,5,False,1000,1000
4870,95,unweighted_fl,10,0.0995222929936305,0,21,None,66,1,5,False,1000,1000
4871,96,unweighted_fl,10,0.0995222929936305,0,21,None,66,1,5,False,1000,1000
4872,97,unweighted_fl,10,0.0995222929936305,0,21,None,66,1,5,False,1000,1000
4873,98,unweighted_fl,10,0.0995222929936305,0,21,None,66,1,5,False,1000,1000
4874,99,unweighted_fl,10,0.0995222929936305,0,21,None,66,1,5,False,1000,1000
4875,95,unweighted_fl,10,0.1890923566878981,0,23,None,66,1,5,False,1000,1000
4876,96,unweighted_fl,10,0.0995222929936305,0,23,None,66,1,5,False,1000,1000
4877,97,unweighted_fl,10,0.0995222929936305,0,23,None,66,1,5,False,1000,1000
4878,98,unweighted_fl,10,0.0995222929936305,0,23,None,66,1,5,False,1000,1000
4879,99,unweighted_fl,10,0.0995222929936305,0,23,None,66,1,5,False,1000,1000
4880,95,unweighted_fl,10,0.1482882165605095,0,25,None,66,1,5,False,1000,1000
4881,96,unweighted_fl,10,0.1902866242038216,0,25,None,66,1,5,False,1000,1000
4882,97,unweighted_fl,10,0.0995222929936305,0,25,None,66,1,5,False,1000,1000
4883,98,unweighted_fl,10,0.0995222929936305,0,25,None,66,1,5,False,1000,1000
4884,99,unweighted_fl,10,0.0995222929936305,0,25,None,66,1,5,False,1000,1000
4885,95,unweighted_fl,10,0.0995222929936305,0,24,None,66,1,5,False,1000,1000
4886,96,unweighted_fl,10,0.0995222929936305,0,24,None,66,1,5,False,1000,1000
4887,97,unweighted_fl,10,0.0995222929936305,0,24,None,66,1,5,False,1000,1000
4888,98,unweighted_fl,10,0.101811305732484,0,24,None,66,1,5,False,1000,1000
4889,99,unweighted_fl,10,0.1125597133757961,0,24,None,66,1,5,False,1000,1000
4890,95,unweighted_fl,10,0.0995222929936305,0,26,None,66,1,5,False,1000,1000
4891,96,unweighted_fl,10,0.1033041401273885,0,26,None,66,1,5,False,1000,1000
4892,97,unweighted_fl,10,0.0995222929936305,0,26,None,66,1,5,False,1000,1000
4893,98,unweighted_fl,10,0.0995222929936305,0,26,None,66,1,5,False,1000,1000
4894,99,unweighted_fl,10,0.0995222929936305,0,26,None,66,1,5,False,1000,1000
4895,95,unweighted_fl,10,0.1592356687898089,0,28,None,66,1,5,False,1000,1000
4896,96,unweighted_fl,10,0.0995222929936305,0,28,None,66,1,5,False,1000,1000
4897,97,unweighted_fl,10,0.1842157643312102,0,28,None,66,1,5,False,1000,1000
4898,98,unweighted_fl,10,0.0995222929936305,0,28,None,66,1,5,False,1000,1000
4899,99,unweighted_fl,10,0.0995222929936305,0,28,None,66,1,5,False,1000,1000
4900,95,unweighted_fl,10,0.0995222929936305,0,27,None,66,1,5,False,1000,1000
4901,96,unweighted_fl,10,0.0995222929936305,0,27,None,66,1,5,False,1000,1000
4902,97,unweighted_fl,10,0.0995222929936305,0,27,None,66,1,5,False,1000,1000
4903,98,unweighted_fl,10,0.0995222929936305,0,27,None,66,1,5,False,1000,1000
4904,99,unweighted_fl,10,0.0995222929936305,0,27,None,66,1,5,False,1000,1000
4905,95,unweighted_fl,10,0.0995222929936305,0,29,None,66,1,5,False,1000,1000
4906,96,unweighted_fl,10,0.0995222929936305,0,29,None,66,1,5,False,1000,1000
4907,97,unweighted_fl,10,0.0995222929936305,0,29,None,66,1,5,False,1000,1000
4908,98,unweighted_fl,10,0.0995222929936305,0,29,None,66,1,5,False,1000,1000
4909,99,unweighted_fl,10,0.0995222929936305,0,29,None,66,1,5,False,1000,1000
4910,95,unweighted_fl,10,0.0995222929936305,0,31,None,66,1,5,False,1000,1000
4911,96,unweighted_fl,10,0.1289808917197452,0,31,None,66,1,5,False,1000,1000
4912,97,unweighted_fl,10,0.2440286624203821,0,31,None,66,1,5,False,1000,1000
4913,98,unweighted_fl,10,0.0995222929936305,0,31,None,66,1,5,False,1000,1000
4914,99,unweighted_fl,10,0.0995222929936305,0,31,None,66,1,5,False,1000,1000
4915,95,unweighted_fl,10,0.0995222929936305,0,30,None,66,1,5,False,1000,1000
4916,96,unweighted_fl,10,0.0995222929936305,0,30,None,66,1,5,False,1000,1000
4917,97,unweighted_fl,10,0.0995222929936305,0,30,None,66,1,5,False,1000,1000
4918,98,unweighted_fl,10,0.0995222929936305,0,30,None,66,1,5,False,1000,1000
4919,99,unweighted_fl,10,0.0995222929936305,0,30,None,66,1,5,False,1000,1000
4920,95,unweighted_fl,10,0.0995222929936305,0,32,None,66,1,5,False,1000,1000
4921,96,unweighted_fl,10,0.1760549363057325,0,32,None,66,1,5,False,1000,1000
4922,97,unweighted_fl,10,0.1860071656050955,0,32,None,66,1,5,False,1000,1000
4923,98,unweighted_fl,10,0.0995222929936305,0,32,None,66,1,5,False,1000,1000
4924,99,unweighted_fl,10,0.0995222929936305,0,32,None,66,1,5,False,1000,1000
4925,95,unweighted_fl,10,0.1952627388535031,0,1,None,66,1,5,False,1000,1000
4926,96,unweighted_fl,10,0.0995222929936305,0,1,None,66,1,5,False,1000,1000
4927,97,unweighted_fl,10,0.0995222929936305,0,1,None,66,1,5,False,1000,1000
4928,98,unweighted_fl,10,0.1622213375796178,0,1,None,66,1,5,False,1000,1000
4929,99,unweighted_fl,10,0.0995222929936305,0,1,None,66,1,5,False,1000,1000
4930,95,unweighted_fl,10,0.0995222929936305,0,0,None,66,1,5,False,1000,1000
4931,96,unweighted_fl,10,0.103702229299363,0,0,None,66,1,5,False,1000,1000
4932,97,unweighted_fl,10,0.1639132165605095,0,0,None,66,1,5,False,1000,1000
4933,98,unweighted_fl,10,0.1942675159235669,0,0,None,66,1,5,False,1000,1000
4934,99,unweighted_fl,10,0.1907842356687898,0,0,None,66,1,5,False,1000,1000
4935,95,unweighted_fl,10,0.0995222929936305,0,2,None,66,1,5,False,1000,1000
4936,96,unweighted_fl,10,0.0995222929936305,0,2,None,66,1,5,False,1000,1000
4937,97,unweighted_fl,10,0.0995222929936305,0,2,None,66,1,5,False,1000,1000
4938,98,unweighted_fl,10,0.0995222929936305,0,2,None,66,1,5,False,1000,1000
4939,99,unweighted_fl,10,0.0995222929936305,0,2,None,66,1,5,False,1000,1000
4940,95,unweighted_fl,10,0.192874203821656,0,4,None,66,1,5,False,1000,1000
4941,96,unweighted_fl,10,0.0996218152866242,0,4,None,66,1,5,False,1000,1000
4942,97,unweighted_fl,10,0.1247014331210191,0,4,None,66,1,5,False,1000,1000
4943,98,unweighted_fl,10,0.0995222929936305,0,4,None,66,1,5,False,1000,1000
4944,99,unweighted_fl,10,0.0995222929936305,0,4,None,66,1,5,False,1000,1000
4945,95,unweighted_fl,10,0.1956608280254777,0,3,None,66,1,5,False,1000,1000
4946,96,unweighted_fl,10,0.0994227707006369,0,3,None,66,1,5,False,1000,1000
4947,97,unweighted_fl,10,0.0995222929936305,0,3,None,66,1,5,False,1000,1000
4948,98,unweighted_fl,10,0.1007165605095541,0,3,None,66,1,5,False,1000,1000
4949,99,unweighted_fl,10,0.1016122611464968,0,3,None,66,1,5,False,1000,1000
4950,100,unweighted_fl,10,0.1952627388535031,0,0,None,66,1,5,False,1000,1000
4951,101,unweighted_fl,10,0.1669984076433121,0,0,None,66,1,5,False,1000,1000
4952,102,unweighted_fl,10,0.0995222929936305,0,0,None,66,1,5,False,1000,1000
4953,103,unweighted_fl,10,0.0995222929936305,0,0,None,66,1,5,False,1000,1000
4954,104,unweighted_fl,10,0.0995222929936305,0,0,None,66,1,5,False,1000,1000
4955,100,unweighted_fl,10,0.1008160828025477,0,2,None,66,1,5,False,1000,1000
4956,101,unweighted_fl,10,0.0995222929936305,0,2,None,66,1,5,False,1000,1000
4957,102,unweighted_fl,10,0.0995222929936305,0,2,None,66,1,5,False,1000,1000
4958,103,unweighted_fl,10,0.0995222929936305,0,2,None,66,1,5,False,1000,1000
4959,104,unweighted_fl,10,0.0995222929936305,0,2,None,66,1,5,False,1000,1000
4960,100,unweighted_fl,10,0.0995222929936305,0,1,None,66,1,5,False,1000,1000
4961,101,unweighted_fl,10,0.0995222929936305,0,1,None,66,1,5,False,1000,1000
4962,102,unweighted_fl,10,0.0995222929936305,0,1,None,66,1,5,False,1000,1000
4963,103,unweighted_fl,10,0.0995222929936305,0,1,None,66,1,5,False,1000,1000
4964,104,unweighted_fl,10,0.0995222929936305,0,1,None,66,1,5,False,1000,1000
4965,100,unweighted_fl,10,0.0995222929936305,0,3,None,66,1,5,False,1000,1000
4966,101,unweighted_fl,10,0.0995222929936305,0,3,None,66,1,5,False,1000,1000
4967,102,unweighted_fl,10,0.0995222929936305,0,3,None,66,1,5,False,1000,1000
4968,103,unweighted_fl,10,0.0995222929936305,0,3,None,66,1,5,False,1000,1000
4969,104,unweighted_fl,10,0.0995222929936305,0,3,None,66,1,5,False,1000,1000
4970,100,unweighted_fl,10,0.0995222929936305,0,5,None,66,1,5,False,1000,1000
4971,101,unweighted_fl,10,0.0995222929936305,0,5,None,66,1,5,False,1000,1000
4972,102,unweighted_fl,10,0.140625,0,5,None,66,1,5,False,1000,1000
4973,103,unweighted_fl,10,0.0995222929936305,0,5,None,66,1,5,False,1000,1000
4974,104,unweighted_fl,10,0.0995222929936305,0,5,None,66,1,5,False,1000,1000
4975,100,unweighted_fl,10,0.0995222929936305,0,4,None,66,1,5,False,1000,1000
4976,101,unweighted_fl,10,0.0995222929936305,0,4,None,66,1,5,False,1000,1000
4977,102,unweighted_fl,10,0.1039012738853503,0,4,None,66,1,5,False,1000,1000
4978,103,unweighted_fl,10,0.1069864649681528,0,4,None,66,1,5,False,1000,1000
4979,104,unweighted_fl,10,0.0995222929936305,0,4,None,66,1,5,False,1000,1000
4980,100,unweighted_fl,10,0.1980493630573248,0,6,None,66,1,5,False,1000,1000
4981,101,unweighted_fl,10,0.0995222929936305,0,6,None,66,1,5,False,1000,1000
4982,102,unweighted_fl,10,0.0995222929936305,0,6,None,66,1,5,False,1000,1000
4983,103,unweighted_fl,10,0.0995222929936305,0,6,None,66,1,5,False,1000,1000
4984,104,unweighted_fl,10,0.0995222929936305,0,6,None,66,1,5,False,1000,1000
4985,100,unweighted_fl,10,0.0995222929936305,0,8,None,66,1,5,False,1000,1000
4986,101,unweighted_fl,10,0.0995222929936305,0,8,None,66,1,5,False,1000,1000
4987,102,unweighted_fl,10,0.0995222929936305,0,8,None,66,1,5,False,1000,1000
4988,103,unweighted_fl,10,0.0995222929936305,0,8,None,66,1,5,False,1000,1000
4989,104,unweighted_fl,10,0.0995222929936305,0,8,None,66,1,5,False,1000,1000
4990,100,unweighted_fl,10,0.0995222929936305,0,7,None,66,1,5,False,1000,1000
4991,101,unweighted_fl,10,0.1377388535031847,0,7,None,66,1,5,False,1000,1000
4992,102,unweighted_fl,10,0.1921775477707006,0,7,None,66,1,5,False,1000,1000
4993,103,unweighted_fl,10,0.1844148089171974,0,7,None,66,1,5,False,1000,1000
4994,104,unweighted_fl,10,0.1268909235668789,0,7,None,66,1,5,False,1000,1000
4995,100,unweighted_fl,10,0.0995222929936305,0,9,None,66,1,5,False,1000,1000
4996,101,unweighted_fl,10,0.1766520700636942,0,9,None,66,1,5,False,1000,1000
4997,102,unweighted_fl,10,0.0995222929936305,0,9,None,66,1,5,False,1000,1000
4998,103,unweighted_fl,10,0.0995222929936305,0,9,None,66,1,5,False,1000,1000
4999,104,unweighted_fl,10,0.0995222929936305,0,9,None,66,1,5,False,1000,1000
5000,100,unweighted_fl,10,0.1224124203821656,0,11,None,66,1,5,False,1000,1000
5001,101,unweighted_fl,10,0.0995222929936305,0,11,None,66,1,5,False,1000,1000
5002,102,unweighted_fl,10,0.0995222929936305,0,11,None,66,1,5,False,1000,1000
5003,103,unweighted_fl,10,0.0995222929936305,0,11,None,66,1,5,False,1000,1000
5004,104,unweighted_fl,10,0.0995222929936305,0,11,None,66,1,5,False,1000,1000
5005,100,unweighted_fl,10,0.0995222929936305,0,10,None,66,1,5,False,1000,1000
5006,101,unweighted_fl,10,0.0995222929936305,0,10,None,66,1,5,False,1000,1000
5007,102,unweighted_fl,10,0.0995222929936305,0,10,None,66,1,5,False,1000,1000
5008,103,unweighted_fl,10,0.0995222929936305,0,10,None,66,1,5,False,1000,1000
5009,104,unweighted_fl,10,0.0995222929936305,0,10,None,66,1,5,False,1000,1000
5010,100,unweighted_fl,10,0.1926751592356688,0,12,None,66,1,5,False,1000,1000
5011,101,unweighted_fl,10,0.0997213375796178,0,12,None,66,1,5,False,1000,1000
5012,102,unweighted_fl,10,0.0995222929936305,0,12,None,66,1,5,False,1000,1000
5013,103,unweighted_fl,10,0.0995222929936305,0,12,None,66,1,5,False,1000,1000
5014,104,unweighted_fl,10,0.0995222929936305,0,12,None,66,1,5,False,1000,1000
5015,100,unweighted_fl,10,0.0995222929936305,0,14,None,66,1,5,False,1000,1000
5016,101,unweighted_fl,10,0.0995222929936305,0,14,None,66,1,5,False,1000,1000
5017,102,unweighted_fl,10,0.0995222929936305,0,14,None,66,1,5,False,1000,1000
5018,103,unweighted_fl,10,0.0995222929936305,0,14,None,66,1,5,False,1000,1000
5019,104,unweighted_fl,10,0.0995222929936305,0,14,None,66,1,5,False,1000,1000
5020,100,unweighted_fl,10,0.1646098726114649,0,13,None,66,1,5,False,1000,1000
5021,101,unweighted_fl,10,0.1878980891719745,0,13,None,66,1,5,False,1000,1000
5022,102,unweighted_fl,10,0.1972531847133758,0,13,None,66,1,5,False,1000,1000
5023,103,unweighted_fl,10,0.1917794585987261,0,13,None,66,1,5,False,1000,1000
5024,104,unweighted_fl,10,0.167296974522293,0,13,None,66,1,5,False,1000,1000
5025,100,unweighted_fl,10,0.1016122611464968,0,15,None,66,1,5,False,1000,1000
5026,101,unweighted_fl,10,0.0995222929936305,0,15,None,66,1,5,False,1000,1000
5027,102,unweighted_fl,10,0.0995222929936305,0,15,None,66,1,5,False,1000,1000
5028,103,unweighted_fl,10,0.0995222929936305,0,15,None,66,1,5,False,1000,1000
5029,104,unweighted_fl,10,0.0995222929936305,0,15,None,66,1,5,False,1000,1000
5030,100,unweighted_fl,10,0.0995222929936305,0,17,None,66,1,5,False,1000,1000
5031,101,unweighted_fl,10,0.0995222929936305,0,17,None,66,1,5,False,1000,1000
5032,102,unweighted_fl,10,0.0995222929936305,0,17,None,66,1,5,False,1000,1000
5033,103,unweighted_fl,10,0.0995222929936305,0,17,None,66,1,5,False,1000,1000
5034,104,unweighted_fl,10,0.0995222929936305,0,17,None,66,1,5,False,1000,1000
5035,100,unweighted_fl,10,0.0995222929936305,0,16,None,66,1,5,False,1000,1000
5036,101,unweighted_fl,10,0.0995222929936305,0,16,None,66,1,5,False,1000,1000
5037,102,unweighted_fl,10,0.0995222929936305,0,16,None,66,1,5,False,1000,1000
5038,103,unweighted_fl,10,0.0995222929936305,0,16,None,66,1,5,False,1000,1000
5039,104,unweighted_fl,10,0.0995222929936305,0,16,None,66,1,5,False,1000,1000
5040,100,unweighted_fl,10,0.0995222929936305,0,18,None,66,1,5,False,1000,1000
5041,101,unweighted_fl,10,0.0995222929936305,0,18,None,66,1,5,False,1000,1000
5042,102,unweighted_fl,10,0.0995222929936305,0,18,None,66,1,5,False,1000,1000
5043,103,unweighted_fl,10,0.0995222929936305,0,18,None,66,1,5,False,1000,1000
5044,104,unweighted_fl,10,0.0995222929936305,0,18,None,66,1,5,False,1000,1000
5045,100,unweighted_fl,10,0.1971536624203821,0,20,None,66,1,5,False,1000,1000
5046,101,unweighted_fl,10,0.1889928343949044,0,20,None,66,1,5,False,1000,1000
5047,102,unweighted_fl,10,0.1432125796178344,0,20,None,66,1,5,False,1000,1000
5048,103,unweighted_fl,10,0.0995222929936305,0,20,None,66,1,5,False,1000,1000
5049,104,unweighted_fl,10,0.0995222929936305,0,20,None,66,1,5,False,1000,1000
5050,100,unweighted_fl,10,0.0995222929936305,0,19,None,66,1,5,False,1000,1000
5051,101,unweighted_fl,10,0.0995222929936305,0,19,None,66,1,5,False,1000,1000
5052,102,unweighted_fl,10,0.0995222929936305,0,19,None,66,1,5,False,1000,1000
5053,103,unweighted_fl,10,0.0995222929936305,0,19,None,66,1,5,False,1000,1000
5054,104,unweighted_fl,10,0.0995222929936305,0,19,None,66,1,5,False,1000,1000
5055,100,unweighted_fl,10,0.169984076433121,0,21,None,66,1,5,False,1000,1000
5056,101,unweighted_fl,10,0.1576433121019108,0,21,None,66,1,5,False,1000,1000
5057,102,unweighted_fl,10,0.1413216560509554,0,21,None,66,1,5,False,1000,1000
5058,103,unweighted_fl,10,0.1248009554140127,0,21,None,66,1,5,False,1000,1000
5059,104,unweighted_fl,10,0.1071855095541401,0,21,None,66,1,5,False,1000,1000
5060,100,unweighted_fl,10,0.0995222929936305,0,23,None,66,1,5,False,1000,1000
5061,101,unweighted_fl,10,0.0995222929936305,0,23,None,66,1,5,False,1000,1000
5062,102,unweighted_fl,10,0.0995222929936305,0,23,None,66,1,5,False,1000,1000
5063,103,unweighted_fl,10,0.0995222929936305,0,23,None,66,1,5,False,1000,1000
5064,104,unweighted_fl,10,0.0995222929936305,0,23,None,66,1,5,False,1000,1000
5065,100,unweighted_fl,10,0.0995222929936305,0,22,None,66,1,5,False,1000,1000
5066,101,unweighted_fl,10,0.0995222929936305,0,22,None,66,1,5,False,1000,1000
5067,102,unweighted_fl,10,0.0995222929936305,0,22,None,66,1,5,False,1000,1000
5068,103,unweighted_fl,10,0.0995222929936305,0,22,None,66,1,5,False,1000,1000
5069,104,unweighted_fl,10,0.0995222929936305,0,22,None,66,1,5,False,1000,1000
5070,100,unweighted_fl,10,0.1869028662420382,0,24,None,66,1,5,False,1000,1000
5071,101,unweighted_fl,10,0.188296178343949,0,24,None,66,1,5,False,1000,1000
5072,102,unweighted_fl,10,0.1899880573248407,0,24,None,66,1,5,False,1000,1000
5073,103,unweighted_fl,10,0.1912818471337579,0,24,None,66,1,5,False,1000,1000
5074,104,unweighted_fl,10,0.1918789808917197,0,24,None,66,1,5,False,1000,1000
5075,100,unweighted_fl,10,0.1943670382165605,0,26,None,66,1,5,False,1000,1000
5076,101,unweighted_fl,10,0.0995222929936305,0,26,None,66,1,5,False,1000,1000
5077,102,unweighted_fl,10,0.0995222929936305,0,26,None,66,1,5,False,1000,1000
5078,103,unweighted_fl,10,0.0995222929936305,0,26,None,66,1,5,False,1000,1000
5079,104,unweighted_fl,10,0.0995222929936305,0,26,None,66,1,5,False,1000,1000
5080,100,unweighted_fl,10,0.1381369426751592,0,25,None,66,1,5,False,1000,1000
5081,101,unweighted_fl,10,0.0995222929936305,0,25,None,66,1,5,False,1000,1000
5082,102,unweighted_fl,10,0.0995222929936305,0,25,None,66,1,5,False,1000,1000
5083,103,unweighted_fl,10,0.0995222929936305,0,25,None,66,1,5,False,1000,1000
5084,104,unweighted_fl,10,0.0995222929936305,0,25,None,66,1,5,False,1000,1000
5085,100,unweighted_fl,10,0.0995222929936305,0,27,None,66,1,5,False,1000,1000
5086,101,unweighted_fl,10,0.0995222929936305,0,27,None,66,1,5,False,1000,1000
5087,102,unweighted_fl,10,0.0995222929936305,0,27,None,66,1,5,False,1000,1000
5088,103,unweighted_fl,10,0.0995222929936305,0,27,None,66,1,5,False,1000,1000
5089,104,unweighted_fl,10,0.0995222929936305,0,27,None,66,1,5,False,1000,1000
5090,100,unweighted_fl,10,0.0995222929936305,0,29,None,66,1,5,False,1000,1000
5091,101,unweighted_fl,10,0.0995222929936305,0,29,None,66,1,5,False,1000,1000
5092,102,unweighted_fl,10,0.0995222929936305,0,29,None,66,1,5,False,1000,1000
5093,103,unweighted_fl,10,0.0995222929936305,0,29,None,66,1,5,False,1000,1000
5094,104,unweighted_fl,10,0.0995222929936305,0,29,None,66,1,5,False,1000,1000
5095,100,unweighted_fl,10,0.0995222929936305,0,28,None,66,1,5,False,1000,1000
5096,101,unweighted_fl,10,0.0995222929936305,0,28,None,66,1,5,False,1000,1000
5097,102,unweighted_fl,10,0.1584394904458598,0,28,None,66,1,5,False,1000,1000
5098,103,unweighted_fl,10,0.0995222929936305,0,28,None,66,1,5,False,1000,1000
5099,104,unweighted_fl,10,0.0995222929936305,0,28,None,66,1,5,False,1000,1000
5100,100,unweighted_fl,10,0.0995222929936305,0,30,None,66,1,5,False,1000,1000
5101,101,unweighted_fl,10,0.0995222929936305,0,30,None,66,1,5,False,1000,1000
5102,102,unweighted_fl,10,0.0995222929936305,0,30,None,66,1,5,False,1000,1000
5103,103,unweighted_fl,10,0.0995222929936305,0,30,None,66,1,5,False,1000,1000
5104,104,unweighted_fl,10,0.0995222929936305,0,30,None,66,1,5,False,1000,1000
5105,100,unweighted_fl,10,0.1669984076433121,0,32,None,66,1,5,False,1000,1000
5106,101,unweighted_fl,10,0.0995222929936305,0,32,None,66,1,5,False,1000,1000
5107,102,unweighted_fl,10,0.0995222929936305,0,32,None,66,1,5,False,1000,1000
5108,103,unweighted_fl,10,0.0995222929936305,0,32,None,66,1,5,False,1000,1000
5109,104,unweighted_fl,10,0.0995222929936305,0,32,None,66,1,5,False,1000,1000
5110,100,unweighted_fl,10,0.1968550955414012,0,31,None,66,1,5,False,1000,1000
5111,101,unweighted_fl,10,0.1761544585987261,0,31,None,66,1,5,False,1000,1000
5112,102,unweighted_fl,10,0.1701831210191083,0,31,None,66,1,5,False,1000,1000
5113,103,unweighted_fl,10,0.0995222929936305,0,31,None,66,1,5,False,1000,1000
5114,104,unweighted_fl,10,0.0995222929936305,0,31,None,66,1,5,False,1000,1000
6930,105,unweighted_fl,10,0.1780453821656051,0,0,None,66,1,5,False,1000,1000
6931,106,unweighted_fl,10,0.196656050955414,0,0,None,66,1,5,False,1000,1000
6932,107,unweighted_fl,10,0.1888933121019108,0,0,None,66,1,5,False,1000,1000
6933,108,unweighted_fl,10,0.1457006369426751,0,0,None,66,1,5,False,1000,1000
6934,109,unweighted_fl,10,0.0995222929936305,0,0,None,66,1,5,False,1000,1000
6935,105,unweighted_fl,10,0.0995222929936305,0,2,None,66,1,5,False,1000,1000
6936,106,unweighted_fl,10,0.0995222929936305,0,2,None,66,1,5,False,1000,1000
6937,107,unweighted_fl,10,0.0995222929936305,0,2,None,66,1,5,False,1000,1000
6938,108,unweighted_fl,10,0.0995222929936305,0,2,None,66,1,5,False,1000,1000
6939,109,unweighted_fl,10,0.0995222929936305,0,2,None,66,1,5,False,1000,1000
6940,105,unweighted_fl,10,0.0997213375796178,0,3,None,66,1,5,False,1000,1000
6941,106,unweighted_fl,10,0.0995222929936305,0,3,None,66,1,5,False,1000,1000
6942,107,unweighted_fl,10,0.0995222929936305,0,3,None,66,1,5,False,1000,1000
6943,108,unweighted_fl,10,0.0995222929936305,0,3,None,66,1,5,False,1000,1000
6944,109,unweighted_fl,10,0.0995222929936305,0,3,None,66,1,5,False,1000,1000
6945,105,unweighted_fl,10,0.1244028662420382,0,1,None,66,1,5,False,1000,1000
6946,106,unweighted_fl,10,0.0995222929936305,0,1,None,66,1,5,False,1000,1000
6947,107,unweighted_fl,10,0.0995222929936305,0,1,None,66,1,5,False,1000,1000
6948,108,unweighted_fl,10,0.1734673566878981,0,1,None,66,1,5,False,1000,1000
6949,109,unweighted_fl,10,0.0995222929936305,0,1,None,66,1,5,False,1000,1000
6950,105,unweighted_fl,10,0.1438097133757961,0,4,None,66,1,5,False,1000,1000
6951,106,unweighted_fl,10,0.0997213375796178,0,4,None,66,1,5,False,1000,1000
6952,107,unweighted_fl,10,0.1545581210191083,0,4,None,66,1,5,False,1000,1000
6953,108,unweighted_fl,10,0.0995222929936305,0,4,None,66,1,5,False,1000,1000
6954,109,unweighted_fl,10,0.0995222929936305,0,4,None,66,1,5,False,1000,1000
6955,105,unweighted_fl,10,0.1827229299363057,0,6,None,66,1,5,False,1000,1000
6956,106,unweighted_fl,10,0.0995222929936305,0,6,None,66,1,5,False,1000,1000
6957,107,unweighted_fl,10,0.0995222929936305,0,6,None,66,1,5,False,1000,1000
6958,108,unweighted_fl,10,0.0995222929936305,0,6,None,66,1,5,False,1000,1000
6959,109,unweighted_fl,10,0.0995222929936305,0,6,None,66,1,5,False,1000,1000
6960,105,unweighted_fl,10,0.0995222929936305,0,5,None,66,1,5,False,1000,1000
6961,106,unweighted_fl,10,0.0995222929936305,0,5,None,66,1,5,False,1000,1000
6962,107,unweighted_fl,10,0.1469944267515923,0,5,None,66,1,5,False,1000,1000
6963,108,unweighted_fl,10,0.0995222929936305,0,5,None,66,1,5,False,1000,1000
6964,109,unweighted_fl,10,0.0995222929936305,0,5,None,66,1,5,False,1000,1000
6965,105,unweighted_fl,10,0.1007165605095541,0,7,None,66,1,5,False,1000,1000
6966,106,unweighted_fl,10,0.1653065286624203,0,7,None,66,1,5,False,1000,1000
6967,107,unweighted_fl,10,0.196656050955414,0,7,None,66,1,5,False,1000,1000
6968,108,unweighted_fl,10,0.175358280254777,0,7,None,66,1,5,False,1000,1000
6969,109,unweighted_fl,10,0.1376393312101911,0,7,None,66,1,5,False,1000,1000
6970,105,unweighted_fl,10,0.1402269108280254,0,9,None,66,1,5,False,1000,1000
6971,106,unweighted_fl,10,0.1510748407643312,0,9,None,66,1,5,False,1000,1000
6972,107,unweighted_fl,10,0.0995222929936305,0,9,None,66,1,5,False,1000,1000
6973,108,unweighted_fl,10,0.0995222929936305,0,9,None,66,1,5,False,1000,1000
6974,109,unweighted_fl,10,0.0995222929936305,0,9,None,66,1,5,False,1000,1000
6975,105,unweighted_fl,10,0.0995222929936305,0,8,None,66,1,5,False,1000,1000
6976,106,unweighted_fl,10,0.0995222929936305,0,8,None,66,1,5,False,1000,1000
6977,107,unweighted_fl,10,0.0995222929936305,0,8,None,66,1,5,False,1000,1000
6978,108,unweighted_fl,10,0.0995222929936305,0,8,None,66,1,5,False,1000,1000
6979,109,unweighted_fl,10,0.0995222929936305,0,8,None,66,1,5,False,1000,1000
6980,105,unweighted_fl,10,0.0995222929936305,0,10,None,66,1,5,False,1000,1000
6981,106,unweighted_fl,10,0.0995222929936305,0,10,None,66,1,5,False,1000,1000
6982,107,unweighted_fl,10,0.0995222929936305,0,10,None,66,1,5,False,1000,1000
6983,108,unweighted_fl,10,0.0995222929936305,0,10,None,66,1,5,False,1000,1000
6984,109,unweighted_fl,10,0.0995222929936305,0,10,None,66,1,5,False,1000,1000
6985,105,unweighted_fl,10,0.1878980891719745,0,12,None,66,1,5,False,1000,1000
6986,106,unweighted_fl,10,0.0995222929936305,0,12,None,66,1,5,False,1000,1000
6987,107,unweighted_fl,10,0.0995222929936305,0,12,None,66,1,5,False,1000,1000
6988,108,unweighted_fl,10,0.0995222929936305,0,12,None,66,1,5,False,1000,1000
6989,109,unweighted_fl,10,0.0995222929936305,0,12,None,66,1,5,False,1000,1000
6990,105,unweighted_fl,10,0.0995222929936305,0,11,None,66,1,5,False,1000,1000
6991,106,unweighted_fl,10,0.1518710191082802,0,11,None,66,1,5,False,1000,1000
6992,107,unweighted_fl,10,0.0995222929936305,0,11,None,66,1,5,False,1000,1000
6993,108,unweighted_fl,10,0.0995222929936305,0,11,None,66,1,5,False,1000,1000
6994,109,unweighted_fl,10,0.0995222929936305,0,11,None,66,1,5,False,1000,1000
6995,105,unweighted_fl,10,0.175358280254777,0,13,None,66,1,5,False,1000,1000
6996,106,unweighted_fl,10,0.192078025477707,0,13,None,66,1,5,False,1000,1000
6997,107,unweighted_fl,10,0.1960589171974522,0,13,None,66,1,5,False,1000,1000
6998,108,unweighted_fl,10,0.1891918789808917,0,13,None,66,1,5,False,1000,1000
6999,109,unweighted_fl,10,0.1647093949044586,0,13,None,66,1,5,False,1000,1000
7000,105,unweighted_fl,10,0.1102707006369426,0,15,None,66,1,5,False,1000,1000
7001,106,unweighted_fl,10,0.0995222929936305,0,15,None,66,1,5,False,1000,1000
7002,107,unweighted_fl,10,0.0995222929936305,0,15,None,66,1,5,False,1000,1000
7003,108,unweighted_fl,10,0.0995222929936305,0,15,None,66,1,5,False,1000,1000
7004,109,unweighted_fl,10,0.0995222929936305,0,15,None,66,1,5,False,1000,1000
7005,105,unweighted_fl,10,0.1110668789808917,0,14,None,66,1,5,False,1000,1000
7006,106,unweighted_fl,10,0.0999203821656051,0,14,None,66,1,5,False,1000,1000
7007,107,unweighted_fl,10,0.0995222929936305,0,14,None,66,1,5,False,1000,1000
7008,108,unweighted_fl,10,0.0995222929936305,0,14,None,66,1,5,False,1000,1000
7009,109,unweighted_fl,10,0.0995222929936305,0,14,None,66,1,5,False,1000,1000
7010,105,unweighted_fl,10,0.0995222929936305,0,16,None,66,1,5,False,1000,1000
7011,106,unweighted_fl,10,0.0995222929936305,0,16,None,66,1,5,False,1000,1000
7012,107,unweighted_fl,10,0.0995222929936305,0,16,None,66,1,5,False,1000,1000
7013,108,unweighted_fl,10,0.0995222929936305,0,16,None,66,1,5,False,1000,1000
7014,109,unweighted_fl,10,0.0995222929936305,0,16,None,66,1,5,False,1000,1000
7015,105,unweighted_fl,10,0.0995222929936305,0,18,None,66,1,5,False,1000,1000
7016,106,unweighted_fl,10,0.0995222929936305,0,18,None,66,1,5,False,1000,1000
7017,107,unweighted_fl,10,0.0995222929936305,0,18,None,66,1,5,False,1000,1000
7018,108,unweighted_fl,10,0.0995222929936305,0,18,None,66,1,5,False,1000,1000
7019,109,unweighted_fl,10,0.0995222929936305,0,18,None,66,1,5,False,1000,1000
7020,105,unweighted_fl,10,0.0995222929936305,0,19,None,66,1,5,False,1000,1000
7021,106,unweighted_fl,10,0.0995222929936305,0,19,None,66,1,5,False,1000,1000
7022,107,unweighted_fl,10,0.0995222929936305,0,19,None,66,1,5,False,1000,1000
7023,108,unweighted_fl,10,0.0995222929936305,0,19,None,66,1,5,False,1000,1000
7024,109,unweighted_fl,10,0.0995222929936305,0,19,None,66,1,5,False,1000,1000
7025,105,unweighted_fl,10,0.0995222929936305,0,17,None,66,1,5,False,1000,1000
7026,106,unweighted_fl,10,0.0995222929936305,0,17,None,66,1,5,False,1000,1000
7027,107,unweighted_fl,10,0.0995222929936305,0,17,None,66,1,5,False,1000,1000
7028,108,unweighted_fl,10,0.0995222929936305,0,17,None,66,1,5,False,1000,1000
7029,109,unweighted_fl,10,0.0995222929936305,0,17,None,66,1,5,False,1000,1000
7030,105,unweighted_fl,10,0.1640127388535031,0,20,None,66,1,5,False,1000,1000
7031,106,unweighted_fl,10,0.1880971337579617,0,20,None,66,1,5,False,1000,1000
7032,107,unweighted_fl,10,0.196656050955414,0,20,None,66,1,5,False,1000,1000
7033,108,unweighted_fl,10,0.1884952229299363,0,20,None,66,1,5,False,1000,1000
7034,109,unweighted_fl,10,0.1515724522292993,0,20,None,66,1,5,False,1000,1000
7035,105,unweighted_fl,10,0.0995222929936305,0,22,None,66,1,5,False,1000,1000
7036,106,unweighted_fl,10,0.0995222929936305,0,22,None,66,1,5,False,1000,1000
7037,107,unweighted_fl,10,0.0995222929936305,0,22,None,66,1,5,False,1000,1000
7038,108,unweighted_fl,10,0.0995222929936305,0,22,None,66,1,5,False,1000,1000
7039,109,unweighted_fl,10,0.0995222929936305,0,22,None,66,1,5,False,1000,1000
7040,105,unweighted_fl,10,0.164311305732484,0,21,None,66,1,5,False,1000,1000
7041,106,unweighted_fl,10,0.1504777070063694,0,21,None,66,1,5,False,1000,1000
7042,107,unweighted_fl,10,0.1359474522292993,0,21,None,66,1,5,False,1000,1000
7043,108,unweighted_fl,10,0.121218152866242,0,21,None,66,1,5,False,1000,1000
7044,109,unweighted_fl,10,0.1061902866242038,0,21,None,66,1,5,False,1000,1000
7045,105,unweighted_fl,10,0.1606289808917197,0,23,None,66,1,5,False,1000,1000
7046,106,unweighted_fl,10,0.0995222929936305,0,23,None,66,1,5,False,1000,1000
7047,107,unweighted_fl,10,0.0995222929936305,0,23,None,66,1,5,False,1000,1000
7048,108,unweighted_fl,10,0.0995222929936305,0,23,None,66,1,5,False,1000,1000
7049,109,unweighted_fl,10,0.0995222929936305,0,23,None,66,1,5,False,1000,1000
7050,105,unweighted_fl,10,0.1902866242038216,0,25,None,66,1,5,False,1000,1000
7051,106,unweighted_fl,10,0.0995222929936305,0,25,None,66,1,5,False,1000,1000
7052,107,unweighted_fl,10,0.0995222929936305,0,25,None,66,1,5,False,1000,1000
7053,108,unweighted_fl,10,0.0995222929936305,0,25,None,66,1,5,False,1000,1000
7054,109,unweighted_fl,10,0.0995222929936305,0,25,None,66,1,5,False,1000,1000
7055,105,unweighted_fl,10,0.1783439490445859,0,24,None,66,1,5,False,1000,1000
7056,106,unweighted_fl,10,0.1821257961783439,0,24,None,66,1,5,False,1000,1000
7057,107,unweighted_fl,10,0.1848128980891719,0,24,None,66,1,5,False,1000,1000
7058,108,unweighted_fl,10,0.1867038216560509,0,24,None,66,1,5,False,1000,1000
7059,109,unweighted_fl,10,0.1879976114649681,0,24,None,66,1,5,False,1000,1000
7060,105,unweighted_fl,10,0.2013335987261146,0,26,None,66,1,5,False,1000,1000
7061,106,unweighted_fl,10,0.0995222929936305,0,26,None,66,1,5,False,1000,1000
7062,107,unweighted_fl,10,0.0995222929936305,0,26,None,66,1,5,False,1000,1000
7063,108,unweighted_fl,10,0.0995222929936305,0,26,None,66,1,5,False,1000,1000
7064,109,unweighted_fl,10,0.0995222929936305,0,26,None,66,1,5,False,1000,1000
7065,105,unweighted_fl,10,0.0995222929936305,0,27,None,66,1,5,False,1000,1000
7066,106,unweighted_fl,10,0.0995222929936305,0,27,None,66,1,5,False,1000,1000
7067,107,unweighted_fl,10,0.0995222929936305,0,27,None,66,1,5,False,1000,1000
7068,108,unweighted_fl,10,0.0995222929936305,0,27,None,66,1,5,False,1000,1000
7069,109,unweighted_fl,10,0.0995222929936305,0,27,None,66,1,5,False,1000,1000
7070,105,unweighted_fl,10,0.1135549363057324,0,28,None,66,1,5,False,1000,1000
7071,106,unweighted_fl,10,0.0995222929936305,0,28,None,66,1,5,False,1000,1000
7072,107,unweighted_fl,10,0.1706807324840764,0,28,None,66,1,5,False,1000,1000
7073,108,unweighted_fl,10,0.0995222929936305,0,28,None,66,1,5,False,1000,1000
7074,109,unweighted_fl,10,0.0995222929936305,0,28,None,66,1,5,False,1000,1000
7075,105,unweighted_fl,10,0.0995222929936305,0,30,None,66,1,5,False,1000,1000
7076,106,unweighted_fl,10,0.0995222929936305,0,30,None,66,1,5,False,1000,1000
7077,107,unweighted_fl,10,0.0995222929936305,0,30,None,66,1,5,False,1000,1000
7078,108,unweighted_fl,10,0.0995222929936305,0,30,None,66,1,5,False,1000,1000
7079,109,unweighted_fl,10,0.0995222929936305,0,30,None,66,1,5,False,1000,1000
7080,105,unweighted_fl,10,0.0995222929936305,0,29,None,66,1,5,False,1000,1000
7081,106,unweighted_fl,10,0.0995222929936305,0,29,None,66,1,5,False,1000,1000
7082,107,unweighted_fl,10,0.0995222929936305,0,29,None,66,1,5,False,1000,1000
7083,108,unweighted_fl,10,0.0995222929936305,0,29,None,66,1,5,False,1000,1000
7084,109,unweighted_fl,10,0.0995222929936305,0,29,None,66,1,5,False,1000,1000
7085,105,unweighted_fl,10,0.1830214968152866,0,31,None,66,1,5,False,1000,1000
7086,106,unweighted_fl,10,0.1958598726114649,0,31,None,66,1,5,False,1000,1000
7087,107,unweighted_fl,10,0.1445063694267516,0,31,None,66,1,5,False,1000,1000
7088,108,unweighted_fl,10,0.0995222929936305,0,31,None,66,1,5,False,1000,1000
7089,109,unweighted_fl,10,0.0995222929936305,0,31,None,66,1,5,False,1000,1000
7090,105,unweighted_fl,10,0.1970541401273885,0,32,None,66,1,5,False,1000,1000
7091,106,unweighted_fl,10,0.1487858280254777,0,32,None,66,1,5,False,1000,1000
7092,107,unweighted_fl,10,0.0995222929936305,0,32,None,66,1,5,False,1000,1000
7093,108,unweighted_fl,10,0.0995222929936305,0,32,None,66,1,5,False,1000,1000
7094,109,unweighted_fl,10,0.0995222929936305,0,32,None,66,1,5,False,1000,1000
7095,110,unweighted_fl,10,0.1714769108280254,0,0,None,66,1,5,False,1000,1000
7096,111,unweighted_fl,10,0.1930732484076433,0,0,None,66,1,5,False,1000,1000
7097,112,unweighted_fl,10,0.1942675159235669,0,0,None,66,1,5,False,1000,1000
7098,113,unweighted_fl,10,0.1768511146496815,0,0,None,66,1,5,False,1000,1000
7099,114,unweighted_fl,10,0.1171377388535031,0,0,None,66,1,5,False,1000,1000
7100,110,unweighted_fl,10,0.1695859872611465,0,1,None,66,1,5,False,1000,1000
7101,111,unweighted_fl,10,0.0995222929936305,0,1,None,66,1,5,False,1000,1000
7102,112,unweighted_fl,10,0.0995222929936305,0,1,None,66,1,5,False,1000,1000
7103,113,unweighted_fl,10,0.1719745222929936,0,1,None,66,1,5,False,1000,1000
7104,114,unweighted_fl,10,0.0995222929936305,0,1,None,66,1,5,False,1000,1000
7105,110,unweighted_fl,10,0.0995222929936305,0,2,None,66,1,5,False,1000,1000
7106,111,unweighted_fl,10,0.0995222929936305,0,2,None,66,1,5,False,1000,1000
7107,112,unweighted_fl,10,0.0995222929936305,0,2,None,66,1,5,False,1000,1000
7108,113,unweighted_fl,10,0.0995222929936305,0,2,None,66,1,5,False,1000,1000
7109,114,unweighted_fl,10,0.0995222929936305,0,2,None,66,1,5,False,1000,1000
7110,110,unweighted_fl,10,0.1922770700636942,0,4,None,66,1,5,False,1000,1000
7111,111,unweighted_fl,10,0.1512738853503184,0,4,None,66,1,5,False,1000,1000
7112,112,unweighted_fl,10,0.0995222929936305,0,4,None,66,1,5,False,1000,1000
7113,113,unweighted_fl,10,0.0995222929936305,0,4,None,66,1,5,False,1000,1000
7114,114,unweighted_fl,10,0.0995222929936305,0,4,None,66,1,5,False,1000,1000
7115,110,unweighted_fl,10,0.0995222929936305,0,3,None,66,1,5,False,1000,1000
7116,111,unweighted_fl,10,0.0995222929936305,0,3,None,66,1,5,False,1000,1000
7117,112,unweighted_fl,10,0.0995222929936305,0,3,None,66,1,5,False,1000,1000
7118,113,unweighted_fl,10,0.0995222929936305,0,3,None,66,1,5,False,1000,1000
7119,114,unweighted_fl,10,0.0995222929936305,0,3,None,66,1,5,False,1000,1000
7120,110,unweighted_fl,10,0.0995222929936305,0,5,None,66,1,5,False,1000,1000
7121,111,unweighted_fl,10,0.0995222929936305,0,5,None,66,1,5,False,1000,1000
7122,112,unweighted_fl,10,0.1839171974522293,0,5,None,66,1,5,False,1000,1000
7123,113,unweighted_fl,10,0.0995222929936305,0,5,None,66,1,5,False,1000,1000
7124,114,unweighted_fl,10,0.0995222929936305,0,5,None,66,1,5,False,1000,1000
7125,110,unweighted_fl,10,0.12390525477707,0,7,None,66,1,5,False,1000,1000
7126,111,unweighted_fl,10,0.1763535031847133,0,7,None,66,1,5,False,1000,1000
7127,112,unweighted_fl,10,0.1959593949044586,0,7,None,66,1,5,False,1000,1000
7128,113,unweighted_fl,10,0.1932722929936305,0,7,None,66,1,5,False,1000,1000
7129,114,unweighted_fl,10,0.1677945859872611,0,7,None,66,1,5,False,1000,1000
7130,110,unweighted_fl,10,0.1984474522292993,0,6,None,66,1,5,False,1000,1000
7131,111,unweighted_fl,10,0.0995222929936305,0,6,None,66,1,5,False,1000,1000
7132,112,unweighted_fl,10,0.0995222929936305,0,6,None,66,1,5,False,1000,1000
7133,113,unweighted_fl,10,0.0995222929936305,0,6,None,66,1,5,False,1000,1000
7134,114,unweighted_fl,10,0.0995222929936305,0,6,None,66,1,5,False,1000,1000
7135,110,unweighted_fl,10,0.0995222929936305,0,8,None,66,1,5,False,1000,1000
7136,111,unweighted_fl,10,0.0995222929936305,0,8,None,66,1,5,False,1000,1000
7137,112,unweighted_fl,10,0.0995222929936305,0,8,None,66,1,5,False,1000,1000
7138,113,unweighted_fl,10,0.0995222929936305,0,8,None,66,1,5,False,1000,1000
7139,114,unweighted_fl,10,0.0995222929936305,0,8,None,66,1,5,False,1000,1000
7140,110,unweighted_fl,10,0.1051950636942675,0,9,None,66,1,5,False,1000,1000
7141,111,unweighted_fl,10,0.1715764331210191,0,9,None,66,1,5,False,1000,1000
7142,112,unweighted_fl,10,0.0995222929936305,0,9,None,66,1,5,False,1000,1000
7143,113,unweighted_fl,10,0.0995222929936305,0,9,None,66,1,5,False,1000,1000
7144,114,unweighted_fl,10,0.0995222929936305,0,9,None,66,1,5,False,1000,1000
7145,110,unweighted_fl,10,0.0995222929936305,0,10,None,66,1,5,False,1000,1000
7146,111,unweighted_fl,10,0.0995222929936305,0,10,None,66,1,5,False,1000,1000
7147,112,unweighted_fl,10,0.0995222929936305,0,10,None,66,1,5,False,1000,1000
7148,113,unweighted_fl,10,0.0995222929936305,0,10,None,66,1,5,False,1000,1000
7149,114,unweighted_fl,10,0.0995222929936305,0,10,None,66,1,5,False,1000,1000
7150,110,unweighted_fl,10,0.1937699044585987,0,12,None,66,1,5,False,1000,1000
7151,111,unweighted_fl,10,0.1004179936305732,0,12,None,66,1,5,False,1000,1000
7152,112,unweighted_fl,10,0.0995222929936305,0,12,None,66,1,5,False,1000,1000
7153,113,unweighted_fl,10,0.0995222929936305,0,12,None,66,1,5,False,1000,1000
7154,114,unweighted_fl,10,0.0995222929936305,0,12,None,66,1,5,False,1000,1000
7155,110,unweighted_fl,10,0.1440087579617834,0,11,None,66,1,5,False,1000,1000
7156,111,unweighted_fl,10,0.0995222929936305,0,11,None,66,1,5,False,1000,1000
7157,112,unweighted_fl,10,0.0995222929936305,0,11,None,66,1,5,False,1000,1000
7158,113,unweighted_fl,10,0.0995222929936305,0,11,None,66,1,5,False,1000,1000
7159,114,unweighted_fl,10,0.0995222929936305,0,11,None,66,1,5,False,1000,1000
7160,110,unweighted_fl,10,0.1563495222929936,0,13,None,66,1,5,False,1000,1000
7161,111,unweighted_fl,10,0.1769506369426751,0,13,None,66,1,5,False,1000,1000
7162,112,unweighted_fl,10,0.1915804140127388,0,13,None,66,1,5,False,1000,1000
7163,113,unweighted_fl,10,0.1963574840764331,0,13,None,66,1,5,False,1000,1000
7164,114,unweighted_fl,10,0.1915804140127388,0,13,None,66,1,5,False,1000,1000
7165,110,unweighted_fl,10,0.1651074840764331,0,15,None,66,1,5,False,1000,1000
7166,111,unweighted_fl,10,0.0995222929936305,0,15,None,66,1,5,False,1000,1000
7167,112,unweighted_fl,10,0.0995222929936305,0,15,None,66,1,5,False,1000,1000
7168,113,unweighted_fl,10,0.0995222929936305,0,15,None,66,1,5,False,1000,1000
7169,114,unweighted_fl,10,0.0995222929936305,0,15,None,66,1,5,False,1000,1000
7170,110,unweighted_fl,10,0.1083797770700636,0,14,None,66,1,5,False,1000,1000
7171,111,unweighted_fl,10,0.1001194267515923,0,14,None,66,1,5,False,1000,1000
7172,112,unweighted_fl,10,0.0995222929936305,0,14,None,66,1,5,False,1000,1000
7173,113,unweighted_fl,10,0.0995222929936305,0,14,None,66,1,5,False,1000,1000
7174,114,unweighted_fl,10,0.0995222929936305,0,14,None,66,1,5,False,1000,1000
7175,110,unweighted_fl,10,0.0995222929936305,0,16,None,66,1,5,False,1000,1000
7176,111,unweighted_fl,10,0.0995222929936305,0,16,None,66,1,5,False,1000,1000
7177,112,unweighted_fl,10,0.0995222929936305,0,16,None,66,1,5,False,1000,1000
7178,113,unweighted_fl,10,0.0995222929936305,0,16,None,66,1,5,False,1000,1000
7179,114,unweighted_fl,10,0.0995222929936305,0,16,None,66,1,5,False,1000,1000
7180,110,unweighted_fl,10,0.0995222929936305,0,18,None,66,1,5,False,1000,1000
7181,111,unweighted_fl,10,0.0995222929936305,0,18,None,66,1,5,False,1000,1000
7182,112,unweighted_fl,10,0.0995222929936305,0,18,None,66,1,5,False,1000,1000
7183,113,unweighted_fl,10,0.0995222929936305,0,18,None,66,1,5,False,1000,1000
7184,114,unweighted_fl,10,0.0995222929936305,0,18,None,66,1,5,False,1000,1000
7185,110,unweighted_fl,10,0.0995222929936305,0,17,None,66,1,5,False,1000,1000
7186,111,unweighted_fl,10,0.0995222929936305,0,17,None,66,1,5,False,1000,1000
7187,112,unweighted_fl,10,0.0995222929936305,0,17,None,66,1,5,False,1000,1000
7188,113,unweighted_fl,10,0.0995222929936305,0,17,None,66,1,5,False,1000,1000
7189,114,unweighted_fl,10,0.0995222929936305,0,17,None,66,1,5,False,1000,1000
7190,110,unweighted_fl,10,0.0995222929936305,0,19,None,66,1,5,False,1000,1000
7191,111,unweighted_fl,10,0.0995222929936305,0,19,None,66,1,5,False,1000,1000
7192,112,unweighted_fl,10,0.0995222929936305,0,19,None,66,1,5,False,1000,1000
7193,113,unweighted_fl,10,0.0995222929936305,0,19,None,66,1,5,False,1000,1000
7194,114,unweighted_fl,10,0.0995222929936305,0,19,None,66,1,5,False,1000,1000
7195,110,unweighted_fl,10,0.1500796178343949,0,21,None,66,1,5,False,1000,1000
7196,111,unweighted_fl,10,0.1380374203821656,0,21,None,66,1,5,False,1000,1000
7197,112,unweighted_fl,10,0.1253980891719745,0,21,None,66,1,5,False,1000,1000
7198,113,unweighted_fl,10,0.1121616242038216,0,21,None,66,1,5,False,1000,1000
7199,114,unweighted_fl,10,0.101811305732484,0,21,None,66,1,5,False,1000,1000
7200,110,unweighted_fl,10,0.1867038216560509,0,20,None,66,1,5,False,1000,1000
7201,111,unweighted_fl,10,0.196656050955414,0,20,None,66,1,5,False,1000,1000
7202,112,unweighted_fl,10,0.1925756369426751,0,20,None,66,1,5,False,1000,1000
7203,113,unweighted_fl,10,0.172671178343949,0,20,None,66,1,5,False,1000,1000
7204,114,unweighted_fl,10,0.1133558917197452,0,20,None,66,1,5,False,1000,1000
7205,110,unweighted_fl,10,0.0995222929936305,0,22,None,66,1,5,False,1000,1000
7206,111,unweighted_fl,10,0.0995222929936305,0,22,None,66,1,5,False,1000,1000
7207,112,unweighted_fl,10,0.0995222929936305,0,22,None,66,1,5,False,1000,1000
7208,113,unweighted_fl,10,0.0995222929936305,0,22,None,66,1,5,False,1000,1000
7209,114,unweighted_fl,10,0.0995222929936305,0,22,None,66,1,5,False,1000,1000
7210,110,unweighted_fl,10,0.1673964968152866,0,24,None,66,1,5,False,1000,1000
7211,111,unweighted_fl,10,0.1715764331210191,0,24,None,66,1,5,False,1000,1000
7212,112,unweighted_fl,10,0.1758558917197452,0,24,None,66,1,5,False,1000,1000
7213,113,unweighted_fl,10,0.1795382165605095,0,24,None,66,1,5,False,1000,1000
7214,114,unweighted_fl,10,0.1825238853503184,0,24,None,66,1,5,False,1000,1000
7215,110,unweighted_fl,10,0.1777468152866242,0,23,None,66,1,5,False,1000,1000
7216,111,unweighted_fl,10,0.0995222929936305,0,23,None,66,1,5,False,1000,1000
7217,112,unweighted_fl,10,0.0995222929936305,0,23,None,66,1,5,False,1000,1000
7218,113,unweighted_fl,10,0.0995222929936305,0,23,None,66,1,5,False,1000,1000
7219,114,unweighted_fl,10,0.0995222929936305,0,23,None,66,1,5,False,1000,1000
7220,110,unweighted_fl,10,0.1949641719745223,0,25,None,66,1,5,False,1000,1000
7221,111,unweighted_fl,10,0.1004179936305732,0,25,None,66,1,5,False,1000,1000
7222,112,unweighted_fl,10,0.0995222929936305,0,25,None,66,1,5,False,1000,1000
7223,113,unweighted_fl,10,0.0995222929936305,0,25,None,66,1,5,False,1000,1000
7224,114,unweighted_fl,10,0.0995222929936305,0,25,None,66,1,5,False,1000,1000
7225,110,unweighted_fl,10,0.0995222929936305,0,27,None,66,1,5,False,1000,1000
7226,111,unweighted_fl,10,0.0995222929936305,0,27,None,66,1,5,False,1000,1000
7227,112,unweighted_fl,10,0.0995222929936305,0,27,None,66,1,5,False,1000,1000
7228,113,unweighted_fl,10,0.0995222929936305,0,27,None,66,1,5,False,1000,1000
7229,114,unweighted_fl,10,0.0995222929936305,0,27,None,66,1,5,False,1000,1000
7230,110,unweighted_fl,10,0.2451234076433121,0,26,None,66,1,5,False,1000,1000
7231,111,unweighted_fl,10,0.0995222929936305,0,26,None,66,1,5,False,1000,1000
7232,112,unweighted_fl,10,0.0995222929936305,0,26,None,66,1,5,False,1000,1000
7233,113,unweighted_fl,10,0.0995222929936305,0,26,None,66,1,5,False,1000,1000
7234,114,unweighted_fl,10,0.0995222929936305,0,26,None,66,1,5,False,1000,1000
7235,110,unweighted_fl,10,0.1674960191082802,0,28,None,66,1,5,False,1000,1000
7236,111,unweighted_fl,10,0.0995222929936305,0,28,None,66,1,5,False,1000,1000
7237,112,unweighted_fl,10,0.1705812101910828,0,28,None,66,1,5,False,1000,1000
7238,113,unweighted_fl,10,0.0995222929936305,0,28,None,66,1,5,False,1000,1000
7239,114,unweighted_fl,10,0.0995222929936305,0,28,None,66,1,5,False,1000,1000
7240,110,unweighted_fl,10,0.0995222929936305,0,29,None,66,1,5,False,1000,1000
7241,111,unweighted_fl,10,0.0995222929936305,0,29,None,66,1,5,False,1000,1000
7242,112,unweighted_fl,10,0.0995222929936305,0,29,None,66,1,5,False,1000,1000
7243,113,unweighted_fl,10,0.0995222929936305,0,29,None,66,1,5,False,1000,1000
7244,114,unweighted_fl,10,0.0995222929936305,0,29,None,66,1,5,False,1000,1000
7245,110,unweighted_fl,10,0.0995222929936305,0,30,None,66,1,5,False,1000,1000
7246,111,unweighted_fl,10,0.0995222929936305,0,30,None,66,1,5,False,1000,1000
7247,112,unweighted_fl,10,0.0995222929936305,0,30,None,66,1,5,False,1000,1000
7248,113,unweighted_fl,10,0.0995222929936305,0,30,None,66,1,5,False,1000,1000
7249,114,unweighted_fl,10,0.0995222929936305,0,30,None,66,1,5,False,1000,1000
7250,110,unweighted_fl,10,0.1877985668789809,0,32,None,66,1,5,False,1000,1000
7251,111,unweighted_fl,10,0.1884952229299363,0,32,None,66,1,5,False,1000,1000
7252,112,unweighted_fl,10,0.0999203821656051,0,32,None,66,1,5,False,1000,1000
7253,113,unweighted_fl,10,0.0995222929936305,0,32,None,66,1,5,False,1000,1000
7254,114,unweighted_fl,10,0.0995222929936305,0,32,None,66,1,5,False,1000,1000
7255,110,unweighted_fl,10,0.144108280254777,0,31,None,66,1,5,False,1000,1000
7256,111,unweighted_fl,10,0.1839171974522293,0,31,None,66,1,5,False,1000,1000
7257,112,unweighted_fl,10,0.2447253184713375,0,31,None,66,1,5,False,1000,1000
7258,113,unweighted_fl,10,0.0995222929936305,0,31,None,66,1,5,False,1000,1000
7259,114,unweighted_fl,10,0.0995222929936305,0,31,None,66,1,5,False,1000,1000
7260,115,unweighted_fl,10,0.1661027070063694,0,0,None,66,1,5,False,1000,1000
7261,116,unweighted_fl,10,0.1879976114649681,0,0,None,66,1,5,False,1000,1000
7262,117,unweighted_fl,10,0.1956608280254777,0,0,None,66,1,5,False,1000,1000
7263,118,unweighted_fl,10,0.1878980891719745,0,0,None,66,1,5,False,1000,1000
7264,119,unweighted_fl,10,0.1646098726114649,0,0,None,66,1,5,False,1000,1000
7265,115,unweighted_fl,10,0.1859076433121019,0,1,None,66,1,5,False,1000,1000
7266,116,unweighted_fl,10,0.0995222929936305,0,1,None,66,1,5,False,1000,1000
7267,117,unweighted_fl,10,0.1041003184713375,0,1,None,66,1,5,False,1000,1000
7268,118,unweighted_fl,10,0.1653065286624203,0,1,None,66,1,5,False,1000,1000
7269,119,unweighted_fl,10,0.0995222929936305,0,1,None,66,1,5,False,1000,1000
7270,115,unweighted_fl,10,0.0995222929936305,0,2,None,66,1,5,False,1000,1000
7271,116,unweighted_fl,10,0.0995222929936305,0,2,None,66,1,5,False,1000,1000
7272,117,unweighted_fl,10,0.0995222929936305,0,2,None,66,1,5,False,1000,1000
7273,118,unweighted_fl,10,0.0995222929936305,0,2,None,66,1,5,False,1000,1000
7274,119,unweighted_fl,10,0.1009156050955414,0,2,None,66,1,5,False,1000,1000
7275,115,unweighted_fl,10,0.1879976114649681,0,4,None,66,1,5,False,1000,1000
7276,116,unweighted_fl,10,0.1398288216560509,0,4,None,66,1,5,False,1000,1000
7277,117,unweighted_fl,10,0.1209195859872611,0,4,None,66,1,5,False,1000,1000
7278,118,unweighted_fl,10,0.0995222929936305,0,4,None,66,1,5,False,1000,1000
7279,119,unweighted_fl,10,0.0995222929936305,0,4,None,66,1,5,False,1000,1000
7280,115,unweighted_fl,10,0.179140127388535,0,3,None,66,1,5,False,1000,1000
7281,116,unweighted_fl,10,0.0981289808917197,0,3,None,66,1,5,False,1000,1000
7282,117,unweighted_fl,10,0.0981289808917197,0,3,None,66,1,5,False,1000,1000
7283,118,unweighted_fl,10,0.0986265923566879,0,3,None,66,1,5,False,1000,1000
7284,119,unweighted_fl,10,0.0990246815286624,0,3,None,66,1,5,False,1000,1000
7285,115,unweighted_fl,10,0.0995222929936305,0,5,None,66,1,5,False,1000,1000
7286,116,unweighted_fl,10,0.0995222929936305,0,5,None,66,1,5,False,1000,1000
7287,117,unweighted_fl,10,0.1919785031847133,0,5,None,66,1,5,False,1000,1000
7288,118,unweighted_fl,10,0.0995222929936305,0,5,None,66,1,5,False,1000,1000
7289,119,unweighted_fl,10,0.0995222929936305,0,5,None,66,1,5,False,1000,1000
7290,115,unweighted_fl,10,0.106389331210191,0,7,None,66,1,5,False,1000,1000
7291,116,unweighted_fl,10,0.1585390127388535,0,7,None,66,1,5,False,1000,1000
7292,117,unweighted_fl,10,0.1904856687898089,0,7,None,66,1,5,False,1000,1000
7293,118,unweighted_fl,10,0.2085987261146497,0,7,None,66,1,5,False,1000,1000
7294,119,unweighted_fl,10,0.2216361464968153,0,7,None,66,1,5,False,1000,1000
7295,115,unweighted_fl,10,0.1984474522292993,0,6,None,66,1,5,False,1000,1000
7296,116,unweighted_fl,10,0.0995222929936305,0,6,None,66,1,5,False,1000,1000
7297,117,unweighted_fl,10,0.0995222929936305,0,6,None,66,1,5,False,1000,1000
7298,118,unweighted_fl,10,0.0995222929936305,0,6,None,66,1,5,False,1000,1000
7299,119,unweighted_fl,10,0.0995222929936305,0,6,None,66,1,5,False,1000,1000
7300,115,unweighted_fl,10,0.0995222929936305,0,8,None,66,1,5,False,1000,1000
7301,116,unweighted_fl,10,0.0995222929936305,0,8,None,66,1,5,False,1000,1000
7302,117,unweighted_fl,10,0.0995222929936305,0,8,None,66,1,5,False,1000,1000
7303,118,unweighted_fl,10,0.0995222929936305,0,8,None,66,1,5,False,1000,1000
7304,119,unweighted_fl,10,0.0995222929936305,0,8,None,66,1,5,False,1000,1000
7305,115,unweighted_fl,10,0.0995222929936305,0,10,None,66,1,5,False,1000,1000
7306,116,unweighted_fl,10,0.0995222929936305,0,10,None,66,1,5,False,1000,1000
7307,117,unweighted_fl,10,0.0995222929936305,0,10,None,66,1,5,False,1000,1000
7308,118,unweighted_fl,10,0.0995222929936305,0,10,None,66,1,5,False,1000,1000
7309,119,unweighted_fl,10,0.0995222929936305,0,10,None,66,1,5,False,1000,1000
7310,115,unweighted_fl,10,0.1121616242038216,0,9,None,66,1,5,False,1000,1000
7311,116,unweighted_fl,10,0.1744625796178344,0,9,None,66,1,5,False,1000,1000
7312,117,unweighted_fl,10,0.0995222929936305,0,9,None,66,1,5,False,1000,1000
7313,118,unweighted_fl,10,0.0995222929936305,0,9,None,66,1,5,False,1000,1000
7314,119,unweighted_fl,10,0.0995222929936305,0,9,None,66,1,5,False,1000,1000
7315,115,unweighted_fl,10,0.141421178343949,0,11,None,66,1,5,False,1000,1000
7316,116,unweighted_fl,10,0.0995222929936305,0,11,None,66,1,5,False,1000,1000
7317,117,unweighted_fl,10,0.0995222929936305,0,11,None,66,1,5,False,1000,1000
7318,118,unweighted_fl,10,0.0995222929936305,0,11,None,66,1,5,False,1000,1000
7319,119,unweighted_fl,10,0.0995222929936305,0,11,None,66,1,5,False,1000,1000
7320,115,unweighted_fl,10,0.1958598726114649,0,12,None,66,1,5,False,1000,1000
7321,116,unweighted_fl,10,0.1116640127388535,0,12,None,66,1,5,False,1000,1000
7322,117,unweighted_fl,10,0.0995222929936305,0,12,None,66,1,5,False,1000,1000
7323,118,unweighted_fl,10,0.0995222929936305,0,12,None,66,1,5,False,1000,1000
7324,119,unweighted_fl,10,0.0995222929936305,0,12,None,66,1,5,False,1000,1000
7325,115,unweighted_fl,10,0.1477906050955414,0,13,None,66,1,5,False,1000,1000
7326,116,unweighted_fl,10,0.1681926751592356,0,13,None,66,1,5,False,1000,1000
7327,117,unweighted_fl,10,0.1848128980891719,0,13,None,66,1,5,False,1000,1000
7328,118,unweighted_fl,10,0.1936703821656051,0,13,None,66,1,5,False,1000,1000
7329,119,unweighted_fl,10,0.195561305732484,0,13,None,66,1,5,False,1000,1000
7330,115,unweighted_fl,10,0.1075835987261146,0,14,None,66,1,5,False,1000,1000
7331,116,unweighted_fl,10,0.1006170382165605,0,14,None,66,1,5,False,1000,1000
7332,117,unweighted_fl,10,0.0995222929936305,0,14,None,66,1,5,False,1000,1000
7333,118,unweighted_fl,10,0.0995222929936305,0,14,None,66,1,5,False,1000,1000
7334,119,unweighted_fl,10,0.0995222929936305,0,14,None,66,1,5,False,1000,1000
7335,115,unweighted_fl,10,0.1803343949044586,0,15,None,66,1,5,False,1000,1000
7336,116,unweighted_fl,10,0.0995222929936305,0,15,None,66,1,5,False,1000,1000
7337,117,unweighted_fl,10,0.0995222929936305,0,15,None,66,1,5,False,1000,1000
7338,118,unweighted_fl,10,0.0995222929936305,0,15,None,66,1,5,False,1000,1000
7339,119,unweighted_fl,10,0.0995222929936305,0,15,None,66,1,5,False,1000,1000
7340,115,unweighted_fl,10,0.0995222929936305,0,17,None,66,1,5,False,1000,1000
7341,116,unweighted_fl,10,0.0995222929936305,0,17,None,66,1,5,False,1000,1000
7342,117,unweighted_fl,10,0.0995222929936305,0,17,None,66,1,5,False,1000,1000
7343,118,unweighted_fl,10,0.0995222929936305,0,17,None,66,1,5,False,1000,1000
7344,119,unweighted_fl,10,0.0995222929936305,0,17,None,66,1,5,False,1000,1000
7345,115,unweighted_fl,10,0.0995222929936305,0,16,None,66,1,5,False,1000,1000
7346,116,unweighted_fl,10,0.0995222929936305,0,16,None,66,1,5,False,1000,1000
7347,117,unweighted_fl,10,0.0995222929936305,0,16,None,66,1,5,False,1000,1000
7348,118,unweighted_fl,10,0.0995222929936305,0,16,None,66,1,5,False,1000,1000
7349,119,unweighted_fl,10,0.0995222929936305,0,16,None,66,1,5,False,1000,1000
7350,115,unweighted_fl,10,0.0995222929936305,0,18,None,66,1,5,False,1000,1000
7351,116,unweighted_fl,10,0.0995222929936305,0,18,None,66,1,5,False,1000,1000
7352,117,unweighted_fl,10,0.0995222929936305,0,18,None,66,1,5,False,1000,1000
7353,118,unweighted_fl,10,0.0995222929936305,0,18,None,66,1,5,False,1000,1000
7354,119,unweighted_fl,10,0.0995222929936305,0,18,None,66,1,5,False,1000,1000
7355,115,unweighted_fl,10,0.0995222929936305,0,19,None,66,1,5,False,1000,1000
7356,116,unweighted_fl,10,0.0995222929936305,0,19,None,66,1,5,False,1000,1000
7357,117,unweighted_fl,10,0.0995222929936305,0,19,None,66,1,5,False,1000,1000
7358,118,unweighted_fl,10,0.0995222929936305,0,19,None,66,1,5,False,1000,1000
7359,119,unweighted_fl,10,0.0995222929936305,0,19,None,66,1,5,False,1000,1000
7360,115,unweighted_fl,10,0.1781449044585987,0,20,None,66,1,5,False,1000,1000
7361,116,unweighted_fl,10,0.1923765923566879,0,20,None,66,1,5,False,1000,1000
7362,117,unweighted_fl,10,0.1956608280254777,0,20,None,66,1,5,False,1000,1000
7363,118,unweighted_fl,10,0.1880971337579617,0,20,None,66,1,5,False,1000,1000
7364,119,unweighted_fl,10,0.1675955414012739,0,20,None,66,1,5,False,1000,1000
7365,115,unweighted_fl,10,0.0995222929936305,0,22,None,66,1,5,False,1000,1000
7366,116,unweighted_fl,10,0.0995222929936305,0,22,None,66,1,5,False,1000,1000
7367,117,unweighted_fl,10,0.0995222929936305,0,22,None,66,1,5,False,1000,1000
7368,118,unweighted_fl,10,0.0995222929936305,0,22,None,66,1,5,False,1000,1000
7369,119,unweighted_fl,10,0.0995222929936305,0,22,None,66,1,5,False,1000,1000
7370,115,unweighted_fl,10,0.145999203821656,0,21,None,66,1,5,False,1000,1000
7371,116,unweighted_fl,10,0.1362460191082802,0,21,None,66,1,5,False,1000,1000
7372,117,unweighted_fl,10,0.125796178343949,0,21,None,66,1,5,False,1000,1000
7373,118,unweighted_fl,10,0.1149482484076433,0,21,None,66,1,5,False,1000,1000
7374,119,unweighted_fl,10,0.1050955414012738,0,21,None,66,1,5,False,1000,1000
7375,115,unweighted_fl,10,0.1904856687898089,0,23,None,66,1,5,False,1000,1000
7376,116,unweighted_fl,10,0.0995222929936305,0,23,None,66,1,5,False,1000,1000
7377,117,unweighted_fl,10,0.0995222929936305,0,23,None,66,1,5,False,1000,1000
7378,118,unweighted_fl,10,0.0995222929936305,0,23,None,66,1,5,False,1000,1000
7379,119,unweighted_fl,10,0.0995222929936305,0,23,None,66,1,5,False,1000,1000
7380,115,unweighted_fl,10,0.195561305732484,0,25,None,66,1,5,False,1000,1000
7381,116,unweighted_fl,10,0.1536624203821656,0,25,None,66,1,5,False,1000,1000
7382,117,unweighted_fl,10,0.0995222929936305,0,25,None,66,1,5,False,1000,1000
7383,118,unweighted_fl,10,0.0995222929936305,0,25,None,66,1,5,False,1000,1000
7384,119,unweighted_fl,10,0.0995222929936305,0,25,None,66,1,5,False,1000,1000
7385,115,unweighted_fl,10,0.169984076433121,0,24,None,66,1,5,False,1000,1000
7386,116,unweighted_fl,10,0.1741640127388535,0,24,None,66,1,5,False,1000,1000
7387,117,unweighted_fl,10,0.1782444267515923,0,24,None,66,1,5,False,1000,1000
7388,118,unweighted_fl,10,0.1814291401273885,0,24,None,66,1,5,False,1000,1000
7389,119,unweighted_fl,10,0.1840167197452229,0,24,None,66,1,5,False,1000,1000
7390,115,unweighted_fl,10,0.2417396496815286,0,26,None,66,1,5,False,1000,1000
7391,116,unweighted_fl,10,0.0995222929936305,0,26,None,66,1,5,False,1000,1000
7392,117,unweighted_fl,10,0.0995222929936305,0,26,None,66,1,5,False,1000,1000
7393,118,unweighted_fl,10,0.0995222929936305,0,26,None,66,1,5,False,1000,1000
7394,119,unweighted_fl,10,0.0995222929936305,0,26,None,66,1,5,False,1000,1000
7395,115,unweighted_fl,10,0.0995222929936305,0,27,None,66,1,5,False,1000,1000
7396,116,unweighted_fl,10,0.0995222929936305,0,27,None,66,1,5,False,1000,1000
7397,117,unweighted_fl,10,0.0995222929936305,0,27,None,66,1,5,False,1000,1000
7398,118,unweighted_fl,10,0.0995222929936305,0,27,None,66,1,5,False,1000,1000
7399,119,unweighted_fl,10,0.0995222929936305,0,27,None,66,1,5,False,1000,1000
7400,115,unweighted_fl,10,0.1956608280254777,0,28,None,66,1,5,False,1000,1000
7401,116,unweighted_fl,10,0.0996218152866242,0,28,None,66,1,5,False,1000,1000
7402,117,unweighted_fl,10,0.1713773885350318,0,28,None,66,1,5,False,1000,1000
7403,118,unweighted_fl,10,0.1001194267515923,0,28,None,66,1,5,False,1000,1000
7404,119,unweighted_fl,10,0.0995222929936305,0,28,None,66,1,5,False,1000,1000
7405,115,unweighted_fl,10,0.0995222929936305,0,30,None,66,1,5,False,1000,1000
7406,116,unweighted_fl,10,0.0995222929936305,0,30,None,66,1,5,False,1000,1000
7407,117,unweighted_fl,10,0.0995222929936305,0,30,None,66,1,5,False,1000,1000
7408,118,unweighted_fl,10,0.0995222929936305,0,30,None,66,1,5,False,1000,1000
7409,119,unweighted_fl,10,0.0995222929936305,0,30,None,66,1,5,False,1000,1000
7410,115,unweighted_fl,10,0.0995222929936305,0,29,None,66,1,5,False,1000,1000
7411,116,unweighted_fl,10,0.0995222929936305,0,29,None,66,1,5,False,1000,1000
7412,117,unweighted_fl,10,0.0995222929936305,0,29,None,66,1,5,False,1000,1000
7413,118,unweighted_fl,10,0.0995222929936305,0,29,None,66,1,5,False,1000,1000
7414,119,unweighted_fl,10,0.0995222929936305,0,29,None,66,1,5,False,1000,1000
7415,115,unweighted_fl,10,0.1634156050955414,0,31,None,66,1,5,False,1000,1000
7416,116,unweighted_fl,10,0.2159633757961783,0,31,None,66,1,5,False,1000,1000
7417,117,unweighted_fl,10,0.1693869426751592,0,31,None,66,1,5,False,1000,1000
7418,118,unweighted_fl,10,0.0995222929936305,0,31,None,66,1,5,False,1000,1000
7419,119,unweighted_fl,10,0.0995222929936305,0,31,None,66,1,5,False,1000,1000
7420,115,unweighted_fl,10,0.1833200636942675,0,32,None,66,1,5,False,1000,1000
7421,116,unweighted_fl,10,0.1934713375796178,0,32,None,66,1,5,False,1000,1000
7422,117,unweighted_fl,10,0.1350517515923567,0,32,None,66,1,5,False,1000,1000
7423,118,unweighted_fl,10,0.0995222929936305,0,32,None,66,1,5,False,1000,1000
7424,119,unweighted_fl,10,0.0995222929936305,0,32,None,66,1,5,False,1000,1000
7425,120,unweighted_fl,10,0.1631170382165605,0,0,None,66,1,5,False,1000,1000
7426,121,unweighted_fl,10,0.1834195859872611,0,0,None,66,1,5,False,1000,1000
7427,122,unweighted_fl,10,0.1939689490445859,0,0,None,66,1,5,False,1000,1000
7428,123,unweighted_fl,10,0.1932722929936305,0,0,None,66,1,5,False,1000,1000
7429,124,unweighted_fl,10,0.1809315286624203,0,0,None,66,1,5,False,1000,1000
7430,120,unweighted_fl,10,0.1923765923566879,0,1,None,66,1,5,False,1000,1000
7431,121,unweighted_fl,10,0.0995222929936305,0,1,None,66,1,5,False,1000,1000
7432,122,unweighted_fl,10,0.1236066878980891,0,1,None,66,1,5,False,1000,1000
7433,123,unweighted_fl,10,0.1624203821656051,0,1,None,66,1,5,False,1000,1000
7434,124,unweighted_fl,10,0.0995222929936305,0,1,None,66,1,5,False,1000,1000
7435,120,unweighted_fl,10,0.0995222929936305,0,2,None,66,1,5,False,1000,1000
7436,121,unweighted_fl,10,0.0995222929936305,0,2,None,66,1,5,False,1000,1000
7437,122,unweighted_fl,10,0.0995222929936305,0,2,None,66,1,5,False,1000,1000
7438,123,unweighted_fl,10,0.0995222929936305,0,2,None,66,1,5,False,1000,1000
7439,124,unweighted_fl,10,0.1004179936305732,0,2,None,66,1,5,False,1000,1000
7440,120,unweighted_fl,10,0.1937699044585987,0,4,None,66,1,5,False,1000,1000
7441,121,unweighted_fl,10,0.1566480891719745,0,4,None,66,1,5,False,1000,1000
7442,122,unweighted_fl,10,0.1156449044585987,0,4,None,66,1,5,False,1000,1000
7443,123,unweighted_fl,10,0.0995222929936305,0,4,None,66,1,5,False,1000,1000
7444,124,unweighted_fl,10,0.0995222929936305,0,4,None,66,1,5,False,1000,1000
7445,120,unweighted_fl,10,0.1932722929936305,0,3,None,66,1,5,False,1000,1000
7446,121,unweighted_fl,10,0.1052945859872611,0,3,None,66,1,5,False,1000,1000
7447,122,unweighted_fl,10,0.106389331210191,0,3,None,66,1,5,False,1000,1000
7448,123,unweighted_fl,10,0.1083797770700636,0,3,None,66,1,5,False,1000,1000
7449,124,unweighted_fl,10,0.1099721337579617,0,3,None,66,1,5,False,1000,1000
7450,120,unweighted_fl,10,0.0995222929936305,0,5,None,66,1,5,False,1000,1000
7451,121,unweighted_fl,10,0.0995222929936305,0,5,None,66,1,5,False,1000,1000
7452,122,unweighted_fl,10,0.1914808917197452,0,5,None,66,1,5,False,1000,1000
7453,123,unweighted_fl,10,0.0995222929936305,0,5,None,66,1,5,False,1000,1000
7454,124,unweighted_fl,10,0.0995222929936305,0,5,None,66,1,5,False,1000,1000
7455,120,unweighted_fl,10,0.1116640127388535,0,7,None,66,1,5,False,1000,1000
7456,121,unweighted_fl,10,0.1569466560509554,0,7,None,66,1,5,False,1000,1000
7457,122,unweighted_fl,10,0.1887937898089172,0,7,None,66,1,5,False,1000,1000
7458,123,unweighted_fl,10,0.2331807324840764,0,7,None,66,1,5,False,1000,1000
7459,124,unweighted_fl,10,0.2471138535031847,0,7,None,66,1,5,False,1000,1000
7460,120,unweighted_fl,10,0.1982484076433121,0,6,None,66,1,5,False,1000,1000
7461,121,unweighted_fl,10,0.0995222929936305,0,6,None,66,1,5,False,1000,1000
7462,122,unweighted_fl,10,0.0995222929936305,0,6,None,66,1,5,False,1000,1000
7463,123,unweighted_fl,10,0.0995222929936305,0,6,None,66,1,5,False,1000,1000
7464,124,unweighted_fl,10,0.0995222929936305,0,6,None,66,1,5,False,1000,1000
7465,120,unweighted_fl,10,0.0995222929936305,0,8,None,66,1,5,False,1000,1000
7466,121,unweighted_fl,10,0.0995222929936305,0,8,None,66,1,5,False,1000,1000
7467,122,unweighted_fl,10,0.0995222929936305,0,8,None,66,1,5,False,1000,1000
7468,123,unweighted_fl,10,0.0995222929936305,0,8,None,66,1,5,False,1000,1000
7469,124,unweighted_fl,10,0.0995222929936305,0,8,None,66,1,5,False,1000,1000
7470,120,unweighted_fl,10,0.1434116242038216,0,9,None,66,1,5,False,1000,1000
7471,121,unweighted_fl,10,0.1747611464968153,0,9,None,66,1,5,False,1000,1000
7472,122,unweighted_fl,10,0.0995222929936305,0,9,None,66,1,5,False,1000,1000
7473,123,unweighted_fl,10,0.0995222929936305,0,9,None,66,1,5,False,1000,1000
7474,124,unweighted_fl,10,0.0995222929936305,0,9,None,66,1,5,False,1000,1000
7475,120,unweighted_fl,10,0.0995222929936305,0,10,None,66,1,5,False,1000,1000
7476,121,unweighted_fl,10,0.0995222929936305,0,10,None,66,1,5,False,1000,1000
7477,122,unweighted_fl,10,0.0995222929936305,0,10,None,66,1,5,False,1000,1000
7478,123,unweighted_fl,10,0.0995222929936305,0,10,None,66,1,5,False,1000,1000
7479,124,unweighted_fl,10,0.0995222929936305,0,10,None,66,1,5,False,1000,1000
7480,120,unweighted_fl,10,0.1939689490445859,0,12,None,66,1,5,False,1000,1000
7481,121,unweighted_fl,10,0.1580414012738853,0,12,None,66,1,5,False,1000,1000
7482,122,unweighted_fl,10,0.0995222929936305,0,12,None,66,1,5,False,1000,1000
7483,123,unweighted_fl,10,0.0995222929936305,0,12,None,66,1,5,False,1000,1000
7484,124,unweighted_fl,10,0.0995222929936305,0,12,None,66,1,5,False,1000,1000
7485,120,unweighted_fl,10,0.152468152866242,0,11,None,66,1,5,False,1000,1000
7486,121,unweighted_fl,10,0.1124601910828025,0,11,None,66,1,5,False,1000,1000
7487,122,unweighted_fl,10,0.0995222929936305,0,11,None,66,1,5,False,1000,1000
7488,123,unweighted_fl,10,0.0995222929936305,0,11,None,66,1,5,False,1000,1000
7489,124,unweighted_fl,10,0.0995222929936305,0,11,None,66,1,5,False,1000,1000
7490,120,unweighted_fl,10,0.1448049363057325,0,13,None,66,1,5,False,1000,1000
7491,121,unweighted_fl,10,0.1637141719745223,0,13,None,66,1,5,False,1000,1000
7492,122,unweighted_fl,10,0.1782444267515923,0,13,None,66,1,5,False,1000,1000
7493,123,unweighted_fl,10,0.1892914012738853,0,13,None,66,1,5,False,1000,1000
7494,124,unweighted_fl,10,0.1945660828025477,0,13,None,66,1,5,False,1000,1000
7495,120,unweighted_fl,10,0.1875,0,15,None,66,1,5,False,1000,1000
7496,121,unweighted_fl,10,0.0995222929936305,0,15,None,66,1,5,False,1000,1000
7497,122,unweighted_fl,10,0.0995222929936305,0,15,None,66,1,5,False,1000,1000
7498,123,unweighted_fl,10,0.0995222929936305,0,15,None,66,1,5,False,1000,1000
7499,124,unweighted_fl,10,0.0995222929936305,0,15,None,66,1,5,False,1000,1000
7500,120,unweighted_fl,10,0.1155453821656051,0,14,None,66,1,5,False,1000,1000
7501,121,unweighted_fl,10,0.1061902866242038,0,14,None,66,1,5,False,1000,1000
7502,122,unweighted_fl,10,0.101015127388535,0,14,None,66,1,5,False,1000,1000
7503,123,unweighted_fl,10,0.0996218152866242,0,14,None,66,1,5,False,1000,1000
7504,124,unweighted_fl,10,0.0995222929936305,0,14,None,66,1,5,False,1000,1000
7505,120,unweighted_fl,10,0.0995222929936305,0,16,None,66,1,5,False,1000,1000
7506,121,unweighted_fl,10,0.0995222929936305,0,16,None,66,1,5,False,1000,1000
7507,122,unweighted_fl,10,0.0995222929936305,0,16,None,66,1,5,False,1000,1000
7508,123,unweighted_fl,10,0.0995222929936305,0,16,None,66,1,5,False,1000,1000
7509,124,unweighted_fl,10,0.0995222929936305,0,16,None,66,1,5,False,1000,1000
7510,120,unweighted_fl,10,0.0995222929936305,0,18,None,66,1,5,False,1000,1000
7511,121,unweighted_fl,10,0.0995222929936305,0,18,None,66,1,5,False,1000,1000
7512,122,unweighted_fl,10,0.0995222929936305,0,18,None,66,1,5,False,1000,1000
7513,123,unweighted_fl,10,0.0995222929936305,0,18,None,66,1,5,False,1000,1000
7514,124,unweighted_fl,10,0.0995222929936305,0,18,None,66,1,5,False,1000,1000
7515,120,unweighted_fl,10,0.0995222929936305,0,17,None,66,1,5,False,1000,1000
7516,121,unweighted_fl,10,0.0995222929936305,0,17,None,66,1,5,False,1000,1000
7517,122,unweighted_fl,10,0.0995222929936305,0,17,None,66,1,5,False,1000,1000
7518,123,unweighted_fl,10,0.0995222929936305,0,17,None,66,1,5,False,1000,1000
7519,124,unweighted_fl,10,0.0995222929936305,0,17,None,66,1,5,False,1000,1000
7520,120,unweighted_fl,10,0.0995222929936305,0,19,None,66,1,5,False,1000,1000
7521,121,unweighted_fl,10,0.0995222929936305,0,19,None,66,1,5,False,1000,1000
7522,122,unweighted_fl,10,0.0995222929936305,0,19,None,66,1,5,False,1000,1000
7523,123,unweighted_fl,10,0.0995222929936305,0,19,None,66,1,5,False,1000,1000
7524,124,unweighted_fl,10,0.0995222929936305,0,19,None,66,1,5,False,1000,1000
7525,120,unweighted_fl,10,0.1421178343949044,0,20,None,66,1,5,False,1000,1000
7526,121,unweighted_fl,10,0.1642117834394904,0,20,None,66,1,5,False,1000,1000
7527,122,unweighted_fl,10,0.1811305732484076,0,20,None,66,1,5,False,1000,1000
7528,123,unweighted_fl,10,0.1921775477707006,0,20,None,66,1,5,False,1000,1000
7529,124,unweighted_fl,10,0.1942675159235669,0,20,None,66,1,5,False,1000,1000
7530,120,unweighted_fl,10,0.1416202229299363,0,21,None,66,1,5,False,1000,1000
7531,121,unweighted_fl,10,0.1332603503184713,0,21,None,66,1,5,False,1000,1000
7532,122,unweighted_fl,10,0.1251990445859872,0,21,None,66,1,5,False,1000,1000
7533,123,unweighted_fl,10,0.1159434713375796,0,21,None,66,1,5,False,1000,1000
7534,124,unweighted_fl,10,0.1075835987261146,0,21,None,66,1,5,False,1000,1000
7535,120,unweighted_fl,10,0.1945660828025477,0,23,None,66,1,5,False,1000,1000
7536,121,unweighted_fl,10,0.1052945859872611,0,23,None,66,1,5,False,1000,1000
7537,122,unweighted_fl,10,0.0995222929936305,0,23,None,66,1,5,False,1000,1000
7538,123,unweighted_fl,10,0.0995222929936305,0,23,None,66,1,5,False,1000,1000
7539,124,unweighted_fl,10,0.0995222929936305,0,23,None,66,1,5,False,1000,1000
7540,120,unweighted_fl,10,0.0995222929936305,0,22,None,66,1,5,False,1000,1000
7541,121,unweighted_fl,10,0.0995222929936305,0,22,None,66,1,5,False,1000,1000
7542,122,unweighted_fl,10,0.0995222929936305,0,22,None,66,1,5,False,1000,1000
7543,123,unweighted_fl,10,0.0995222929936305,0,22,None,66,1,5,False,1000,1000
7544,124,unweighted_fl,10,0.0995222929936305,0,22,None,66,1,5,False,1000,1000
7545,120,unweighted_fl,10,0.1593351910828025,0,24,None,66,1,5,False,1000,1000
7546,121,unweighted_fl,10,0.1649084394904458,0,24,None,66,1,5,False,1000,1000
7547,122,unweighted_fl,10,0.1692874203821656,0,24,None,66,1,5,False,1000,1000
7548,123,unweighted_fl,10,0.1733678343949044,0,24,None,66,1,5,False,1000,1000
7549,124,unweighted_fl,10,0.1775477707006369,0,24,None,66,1,5,False,1000,1000
7550,120,unweighted_fl,10,0.1925756369426751,0,25,None,66,1,5,False,1000,1000
7551,121,unweighted_fl,10,0.1773487261146497,0,25,None,66,1,5,False,1000,1000
7552,122,unweighted_fl,10,0.0995222929936305,0,25,None,66,1,5,False,1000,1000
7553,123,unweighted_fl,10,0.0995222929936305,0,25,None,66,1,5,False,1000,1000
7554,124,unweighted_fl,10,0.0995222929936305,0,25,None,66,1,5,False,1000,1000
7555,120,unweighted_fl,10,0.2290007961783439,0,26,None,66,1,5,False,1000,1000
7556,121,unweighted_fl,10,0.1000199044585987,0,26,None,66,1,5,False,1000,1000
7557,122,unweighted_fl,10,0.0995222929936305,0,26,None,66,1,5,False,1000,1000
7558,123,unweighted_fl,10,0.0995222929936305,0,26,None,66,1,5,False,1000,1000
7559,124,unweighted_fl,10,0.0995222929936305,0,26,None,66,1,5,False,1000,1000
7560,120,unweighted_fl,10,0.1933718152866242,0,28,None,66,1,5,False,1000,1000
7561,121,unweighted_fl,10,0.1094745222929936,0,28,None,66,1,5,False,1000,1000
7562,122,unweighted_fl,10,0.1758558917197452,0,28,None,66,1,5,False,1000,1000
7563,123,unweighted_fl,10,0.1030055732484076,0,28,None,66,1,5,False,1000,1000
7564,124,unweighted_fl,10,0.0995222929936305,0,28,None,66,1,5,False,1000,1000
7565,120,unweighted_fl,10,0.0995222929936305,0,27,None,66,1,5,False,1000,1000
7566,121,unweighted_fl,10,0.0995222929936305,0,27,None,66,1,5,False,1000,1000
7567,122,unweighted_fl,10,0.0995222929936305,0,27,None,66,1,5,False,1000,1000
7568,123,unweighted_fl,10,0.0995222929936305,0,27,None,66,1,5,False,1000,1000
7569,124,unweighted_fl,10,0.0995222929936305,0,27,None,66,1,5,False,1000,1000
7570,120,unweighted_fl,10,0.0995222929936305,0,29,None,66,1,5,False,1000,1000
7571,121,unweighted_fl,10,0.0995222929936305,0,29,None,66,1,5,False,1000,1000
7572,122,unweighted_fl,10,0.0995222929936305,0,29,None,66,1,5,False,1000,1000
7573,123,unweighted_fl,10,0.0995222929936305,0,29,None,66,1,5,False,1000,1000
7574,124,unweighted_fl,10,0.0995222929936305,0,29,None,66,1,5,False,1000,1000
7575,120,unweighted_fl,10,0.1677945859872611,0,31,None,66,1,5,False,1000,1000
7576,121,unweighted_fl,10,0.2158638535031847,0,31,None,66,1,5,False,1000,1000
7577,122,unweighted_fl,10,0.2072054140127388,0,31,None,66,1,5,False,1000,1000
7578,123,unweighted_fl,10,0.0995222929936305,0,31,None,66,1,5,False,1000,1000
7579,124,unweighted_fl,10,0.0995222929936305,0,31,None,66,1,5,False,1000,1000
7580,120,unweighted_fl,10,0.0995222929936305,0,30,None,66,1,5,False,1000,1000
7581,121,unweighted_fl,10,0.0995222929936305,0,30,None,66,1,5,False,1000,1000
7582,122,unweighted_fl,10,0.0995222929936305,0,30,None,66,1,5,False,1000,1000
7583,123,unweighted_fl,10,0.0995222929936305,0,30,None,66,1,5,False,1000,1000
7584,124,unweighted_fl,10,0.0995222929936305,0,30,None,66,1,5,False,1000,1000
7585,120,unweighted_fl,10,0.1746616242038216,0,32,None,66,1,5,False,1000,1000
7586,121,unweighted_fl,10,0.1954617834394904,0,32,None,66,1,5,False,1000,1000
7587,122,unweighted_fl,10,0.1751592356687898,0,32,None,66,1,5,False,1000,1000
7588,123,unweighted_fl,10,0.0995222929936305,0,32,None,66,1,5,False,1000,1000
7589,124,unweighted_fl,10,0.0995222929936305,0,32,None,66,1,5,False,1000,1000
7590,125,unweighted_fl,10,0.1941679936305732,0,1,None,66,1,5,False,1000,1000
7591,126,unweighted_fl,10,0.0996218152866242,0,1,None,66,1,5,False,1000,1000
7592,127,unweighted_fl,10,0.1421178343949044,0,1,None,66,1,5,False,1000,1000
7593,128,unweighted_fl,10,0.1531648089171974,0,1,None,66,1,5,False,1000,1000
7594,129,unweighted_fl,10,0.0995222929936305,0,1,None,66,1,5,False,1000,1000
7595,125,unweighted_fl,10,0.1634156050955414,0,0,None,66,1,5,False,1000,1000
7596,126,unweighted_fl,10,0.1811305732484076,0,0,None,66,1,5,False,1000,1000
7597,127,unweighted_fl,10,0.1914808917197452,0,0,None,66,1,5,False,1000,1000
7598,128,unweighted_fl,10,0.1946656050955414,0,0,None,66,1,5,False,1000,1000
7599,129,unweighted_fl,10,0.1869028662420382,0,0,None,66,1,5,False,1000,1000
7600,125,unweighted_fl,10,0.1016122611464968,0,2,None,66,1,5,False,1000,1000
7601,126,unweighted_fl,10,0.0995222929936305,0,2,None,66,1,5,False,1000,1000
7602,127,unweighted_fl,10,0.1001194267515923,0,2,None,66,1,5,False,1000,1000
7603,128,unweighted_fl,10,0.1127587579617834,0,2,None,66,1,5,False,1000,1000
7604,129,unweighted_fl,10,0.1364450636942675,0,2,None,66,1,5,False,1000,1000
7605,125,unweighted_fl,10,0.2133757961783439,0,3,None,66,1,5,False,1000,1000
7606,126,unweighted_fl,10,0.1214171974522293,0,3,None,66,1,5,False,1000,1000
7607,127,unweighted_fl,10,0.1242038216560509,0,3,None,66,1,5,False,1000,1000
7608,128,unweighted_fl,10,0.1260947452229299,0,3,None,66,1,5,False,1000,1000
7609,129,unweighted_fl,10,0.1280851910828025,0,3,None,66,1,5,False,1000,1000
7610,125,unweighted_fl,10,0.1946656050955414,0,4,None,66,1,5,False,1000,1000
7611,126,unweighted_fl,10,0.1648089171974522,0,4,None,66,1,5,False,1000,1000
7612,127,unweighted_fl,10,0.112858280254777,0,4,None,66,1,5,False,1000,1000
7613,128,unweighted_fl,10,0.0995222929936305,0,4,None,66,1,5,False,1000,1000
7614,129,unweighted_fl,10,0.0995222929936305,0,4,None,66,1,5,False,1000,1000
7615,125,unweighted_fl,10,0.1982484076433121,0,6,None,66,1,5,False,1000,1000
7616,126,unweighted_fl,10,0.0995222929936305,0,6,None,66,1,5,False,1000,1000
7617,127,unweighted_fl,10,0.0995222929936305,0,6,None,66,1,5,False,1000,1000
7618,128,unweighted_fl,10,0.0995222929936305,0,6,None,66,1,5,False,1000,1000
7619,129,unweighted_fl,10,0.0995222929936305,0,6,None,66,1,5,False,1000,1000
7620,125,unweighted_fl,10,0.0995222929936305,0,5,None,66,1,5,False,1000,1000
7621,126,unweighted_fl,10,0.0996218152866242,0,5,None,66,1,5,False,1000,1000
7622,127,unweighted_fl,10,0.1917794585987261,0,5,None,66,1,5,False,1000,1000
7623,128,unweighted_fl,10,0.0995222929936305,0,5,None,66,1,5,False,1000,1000
7624,129,unweighted_fl,10,0.0995222929936305,0,5,None,66,1,5,False,1000,1000
7625,125,unweighted_fl,10,0.1235071656050955,0,7,None,66,1,5,False,1000,1000
7626,126,unweighted_fl,10,0.1599323248407643,0,7,None,66,1,5,False,1000,1000
7627,127,unweighted_fl,10,0.2056130573248407,0,7,None,66,1,5,False,1000,1000
7628,128,unweighted_fl,10,0.2595541401273885,0,7,None,66,1,5,False,1000,1000
7629,129,unweighted_fl,10,0.2603503184713376,0,7,None,66,1,5,False,1000,1000
7630,125,unweighted_fl,10,0.0995222929936305,0,8,None,66,1,5,False,1000,1000
7631,126,unweighted_fl,10,0.0995222929936305,0,8,None,66,1,5,False,1000,1000
7632,127,unweighted_fl,10,0.1003184713375796,0,8,None,66,1,5,False,1000,1000
7633,128,unweighted_fl,10,0.0995222929936305,0,8,None,66,1,5,False,1000,1000
7634,129,unweighted_fl,10,0.0995222929936305,0,8,None,66,1,5,False,1000,1000
7635,125,unweighted_fl,10,0.1769506369426751,0,9,None,66,1,5,False,1000,1000
7636,126,unweighted_fl,10,0.1742635350318471,0,9,None,66,1,5,False,1000,1000
7637,127,unweighted_fl,10,0.0995222929936305,0,9,None,66,1,5,False,1000,1000
7638,128,unweighted_fl,10,0.0995222929936305,0,9,None,66,1,5,False,1000,1000
7639,129,unweighted_fl,10,0.0995222929936305,0,9,None,66,1,5,False,1000,1000
7640,125,unweighted_fl,10,0.177249203821656,0,11,None,66,1,5,False,1000,1000
7641,126,unweighted_fl,10,0.1397292993630573,0,11,None,66,1,5,False,1000,1000
7642,127,unweighted_fl,10,0.0995222929936305,0,11,None,66,1,5,False,1000,1000
7643,128,unweighted_fl,10,0.0995222929936305,0,11,None,66,1,5,False,1000,1000
7644,129,unweighted_fl,10,0.0995222929936305,0,11,None,66,1,5,False,1000,1000
7645,125,unweighted_fl,10,0.0995222929936305,0,10,None,66,1,5,False,1000,1000
7646,126,unweighted_fl,10,0.0995222929936305,0,10,None,66,1,5,False,1000,1000
7647,127,unweighted_fl,10,0.0995222929936305,0,10,None,66,1,5,False,1000,1000
7648,128,unweighted_fl,10,0.0995222929936305,0,10,None,66,1,5,False,1000,1000
7649,129,unweighted_fl,10,0.0995222929936305,0,10,None,66,1,5,False,1000,1000
7650,125,unweighted_fl,10,0.1916799363057325,0,12,None,66,1,5,False,1000,1000
7651,126,unweighted_fl,10,0.1774482484076433,0,12,None,66,1,5,False,1000,1000
7652,127,unweighted_fl,10,0.0995222929936305,0,12,None,66,1,5,False,1000,1000
7653,128,unweighted_fl,10,0.0995222929936305,0,12,None,66,1,5,False,1000,1000
7654,129,unweighted_fl,10,0.0995222929936305,0,12,None,66,1,5,False,1000,1000
7655,125,unweighted_fl,10,0.1501791401273885,0,13,None,66,1,5,False,1000,1000
7656,126,unweighted_fl,10,0.1644108280254777,0,13,None,66,1,5,False,1000,1000
7657,127,unweighted_fl,10,0.1771496815286624,0,13,None,66,1,5,False,1000,1000
7658,128,unweighted_fl,10,0.1875,0,13,None,66,1,5,False,1000,1000
7659,129,unweighted_fl,10,0.1922770700636942,0,13,None,66,1,5,False,1000,1000
7660,125,unweighted_fl,10,0.1235071656050955,0,14,None,66,1,5,False,1000,1000
7661,126,unweighted_fl,10,0.1162420382165605,0,14,None,66,1,5,False,1000,1000
7662,127,unweighted_fl,10,0.1098726114649681,0,14,None,66,1,5,False,1000,1000
7663,128,unweighted_fl,10,0.1056926751592356,0,14,None,66,1,5,False,1000,1000
7664,129,unweighted_fl,10,0.101811305732484,0,14,None,66,1,5,False,1000,1000
7665,125,unweighted_fl,10,0.0995222929936305,0,16,None,66,1,5,False,1000,1000
7666,126,unweighted_fl,10,0.0995222929936305,0,16,None,66,1,5,False,1000,1000
7667,127,unweighted_fl,10,0.0995222929936305,0,16,None,66,1,5,False,1000,1000
7668,128,unweighted_fl,10,0.0995222929936305,0,16,None,66,1,5,False,1000,1000
7669,129,unweighted_fl,10,0.0995222929936305,0,16,None,66,1,5,False,1000,1000
7670,125,unweighted_fl,10,0.1900875796178344,0,15,None,66,1,5,False,1000,1000
7671,126,unweighted_fl,10,0.0995222929936305,0,15,None,66,1,5,False,1000,1000
7672,127,unweighted_fl,10,0.0995222929936305,0,15,None,66,1,5,False,1000,1000
7673,128,unweighted_fl,10,0.0995222929936305,0,15,None,66,1,5,False,1000,1000
7674,129,unweighted_fl,10,0.0995222929936305,0,15,None,66,1,5,False,1000,1000
7675,125,unweighted_fl,10,0.0995222929936305,0,17,None,66,1,5,False,1000,1000
7676,126,unweighted_fl,10,0.0995222929936305,0,17,None,66,1,5,False,1000,1000
7677,127,unweighted_fl,10,0.0995222929936305,0,17,None,66,1,5,False,1000,1000
7678,128,unweighted_fl,10,0.0995222929936305,0,17,None,66,1,5,False,1000,1000
7679,129,unweighted_fl,10,0.0995222929936305,0,17,None,66,1,5,False,1000,1000
7680,125,unweighted_fl,10,0.0995222929936305,0,18,None,66,1,5,False,1000,1000
7681,126,unweighted_fl,10,0.0995222929936305,0,18,None,66,1,5,False,1000,1000
7682,127,unweighted_fl,10,0.0995222929936305,0,18,None,66,1,5,False,1000,1000
7683,128,unweighted_fl,10,0.0995222929936305,0,18,None,66,1,5,False,1000,1000
7684,129,unweighted_fl,10,0.0995222929936305,0,18,None,66,1,5,False,1000,1000
7685,125,unweighted_fl,10,0.0995222929936305,0,19,None,66,1,5,False,1000,1000
7686,126,unweighted_fl,10,0.0995222929936305,0,19,None,66,1,5,False,1000,1000
7687,127,unweighted_fl,10,0.0995222929936305,0,19,None,66,1,5,False,1000,1000
7688,128,unweighted_fl,10,0.0995222929936305,0,19,None,66,1,5,False,1000,1000
7689,129,unweighted_fl,10,0.0995222929936305,0,19,None,66,1,5,False,1000,1000
7690,125,unweighted_fl,10,0.1704816878980891,0,20,None,66,1,5,False,1000,1000
7691,126,unweighted_fl,10,0.1845143312101911,0,20,None,66,1,5,False,1000,1000
7692,127,unweighted_fl,10,0.1917794585987261,0,20,None,66,1,5,False,1000,1000
7693,128,unweighted_fl,10,0.1951632165605095,0,20,None,66,1,5,False,1000,1000
7694,129,unweighted_fl,10,0.1900875796178344,0,20,None,66,1,5,False,1000,1000
7695,125,unweighted_fl,10,0.1472929936305732,0,21,None,66,1,5,False,1000,1000
7696,126,unweighted_fl,10,0.1403264331210191,0,21,None,66,1,5,False,1000,1000
7697,127,unweighted_fl,10,0.133061305732484,0,21,None,66,1,5,False,1000,1000
7698,128,unweighted_fl,10,0.125796178343949,0,21,None,66,1,5,False,1000,1000
7699,129,unweighted_fl,10,0.1189291401273885,0,21,None,66,1,5,False,1000,1000
7700,125,unweighted_fl,10,0.1938694267515923,0,23,None,66,1,5,False,1000,1000
7701,126,unweighted_fl,10,0.1641122611464968,0,23,None,66,1,5,False,1000,1000
7702,127,unweighted_fl,10,0.0995222929936305,0,23,None,66,1,5,False,1000,1000
7703,128,unweighted_fl,10,0.0995222929936305,0,23,None,66,1,5,False,1000,1000
7704,129,unweighted_fl,10,0.0995222929936305,0,23,None,66,1,5,False,1000,1000
7705,125,unweighted_fl,10,0.0997213375796178,0,22,None,66,1,5,False,1000,1000
7706,126,unweighted_fl,10,0.0995222929936305,0,22,None,66,1,5,False,1000,1000
7707,127,unweighted_fl,10,0.0995222929936305,0,22,None,66,1,5,False,1000,1000
7708,128,unweighted_fl,10,0.0995222929936305,0,22,None,66,1,5,False,1000,1000
7709,129,unweighted_fl,10,0.0995222929936305,0,22,None,66,1,5,False,1000,1000
7710,125,unweighted_fl,10,0.1603304140127388,0,24,None,66,1,5,False,1000,1000
7711,126,unweighted_fl,10,0.1667993630573248,0,24,None,66,1,5,False,1000,1000
7712,127,unweighted_fl,10,0.1703821656050955,0,24,None,66,1,5,False,1000,1000
7713,128,unweighted_fl,10,0.1746616242038216,0,24,None,66,1,5,False,1000,1000
7714,129,unweighted_fl,10,0.1783439490445859,0,24,None,66,1,5,False,1000,1000
7715,125,unweighted_fl,10,0.1904856687898089,0,25,None,66,1,5,False,1000,1000
7716,126,unweighted_fl,10,0.1867038216560509,0,25,None,66,1,5,False,1000,1000
7717,127,unweighted_fl,10,0.1111664012738853,0,25,None,66,1,5,False,1000,1000
7718,128,unweighted_fl,10,0.0995222929936305,0,25,None,66,1,5,False,1000,1000
7719,129,unweighted_fl,10,0.0995222929936305,0,25,None,66,1,5,False,1000,1000
7720,125,unweighted_fl,10,0.2255175159235669,0,26,None,66,1,5,False,1000,1000
7721,126,unweighted_fl,10,0.1024084394904458,0,26,None,66,1,5,False,1000,1000
7722,127,unweighted_fl,10,0.0995222929936305,0,26,None,66,1,5,False,1000,1000
7723,128,unweighted_fl,10,0.0995222929936305,0,26,None,66,1,5,False,1000,1000
7724,129,unweighted_fl,10,0.0995222929936305,0,26,None,66,1,5,False,1000,1000
7725,125,unweighted_fl,10,0.0995222929936305,0,27,None,66,1,5,False,1000,1000
7726,126,unweighted_fl,10,0.0995222929936305,0,27,None,66,1,5,False,1000,1000
7727,127,unweighted_fl,10,0.0995222929936305,0,27,None,66,1,5,False,1000,1000
7728,128,unweighted_fl,10,0.0995222929936305,0,27,None,66,1,5,False,1000,1000
7729,129,unweighted_fl,10,0.0995222929936305,0,27,None,66,1,5,False,1000,1000
7730,125,unweighted_fl,10,0.1939689490445859,0,28,None,66,1,5,False,1000,1000
7731,126,unweighted_fl,10,0.1262937898089172,0,28,None,66,1,5,False,1000,1000
7732,127,unweighted_fl,10,0.1671974522292993,0,28,None,66,1,5,False,1000,1000
7733,128,unweighted_fl,10,0.1035031847133758,0,28,None,66,1,5,False,1000,1000
7734,129,unweighted_fl,10,0.0995222929936305,0,28,None,66,1,5,False,1000,1000
7735,125,unweighted_fl,10,0.0995222929936305,0,30,None,66,1,5,False,1000,1000
7736,126,unweighted_fl,10,0.0995222929936305,0,30,None,66,1,5,False,1000,1000
7737,127,unweighted_fl,10,0.0995222929936305,0,30,None,66,1,5,False,1000,1000
7738,128,unweighted_fl,10,0.0995222929936305,0,30,None,66,1,5,False,1000,1000
7739,129,unweighted_fl,10,0.0995222929936305,0,30,None,66,1,5,False,1000,1000
7740,125,unweighted_fl,10,0.0995222929936305,0,29,None,66,1,5,False,1000,1000
7741,126,unweighted_fl,10,0.0995222929936305,0,29,None,66,1,5,False,1000,1000
7742,127,unweighted_fl,10,0.0995222929936305,0,29,None,66,1,5,False,1000,1000
7743,128,unweighted_fl,10,0.0995222929936305,0,29,None,66,1,5,False,1000,1000
7744,129,unweighted_fl,10,0.0995222929936305,0,29,None,66,1,5,False,1000,1000
7745,125,unweighted_fl,10,0.1566480891719745,0,31,None,66,1,5,False,1000,1000
7746,126,unweighted_fl,10,0.2235270700636942,0,31,None,66,1,5,False,1000,1000
7747,127,unweighted_fl,10,0.2016321656050955,0,31,None,66,1,5,False,1000,1000
7748,128,unweighted_fl,10,0.0995222929936305,0,31,None,66,1,5,False,1000,1000
7749,129,unweighted_fl,10,0.0995222929936305,0,31,None,66,1,5,False,1000,1000
7750,125,unweighted_fl,10,0.1731687898089172,0,32,None,66,1,5,False,1000,1000
7751,126,unweighted_fl,10,0.1938694267515923,0,32,None,66,1,5,False,1000,1000
7752,127,unweighted_fl,10,0.1842157643312102,0,32,None,66,1,5,False,1000,1000
7753,128,unweighted_fl,10,0.1279856687898089,0,32,None,66,1,5,False,1000,1000
7754,129,unweighted_fl,10,0.0995222929936305,0,32,None,66,1,5,False,1000,1000
10395,130,unweighted_fl,10,0.1671974522292993,0,0,None,66,1,5,False,1000,1000
10396,131,unweighted_fl,10,0.181031050955414,0,0,None,66,1,5,False,1000,1000
10397,132,unweighted_fl,10,0.1902866242038216,0,0,None,66,1,5,False,1000,1000
10398,133,unweighted_fl,10,0.1932722929936305,0,0,None,66,1,5,False,1000,1000
10399,134,unweighted_fl,10,0.1894904458598726,0,0,None,66,1,5,False,1000,1000
10400,130,unweighted_fl,10,0.1939689490445859,0,1,None,66,1,5,False,1000,1000
10401,131,unweighted_fl,10,0.1222133757961783,0,1,None,66,1,5,False,1000,1000
10402,132,unweighted_fl,10,0.1587380573248407,0,1,None,66,1,5,False,1000,1000
10403,133,unweighted_fl,10,0.1518710191082802,0,1,None,66,1,5,False,1000,1000
10404,134,unweighted_fl,10,0.0995222929936305,0,1,None,66,1,5,False,1000,1000
10405,130,unweighted_fl,10,0.106389331210191,0,2,None,66,1,5,False,1000,1000
10406,131,unweighted_fl,10,0.0995222929936305,0,2,None,66,1,5,False,1000,1000
10407,132,unweighted_fl,10,0.1012141719745222,0,2,None,66,1,5,False,1000,1000
10408,133,unweighted_fl,10,0.1160429936305732,0,2,None,66,1,5,False,1000,1000
10409,134,unweighted_fl,10,0.1356488853503184,0,2,None,66,1,5,False,1000,1000
10410,130,unweighted_fl,10,0.1959593949044586,0,4,None,66,1,5,False,1000,1000
10411,131,unweighted_fl,10,0.1687898089171974,0,4,None,66,1,5,False,1000,1000
10412,132,unweighted_fl,10,0.110967356687898,0,4,None,66,1,5,False,1000,1000
10413,133,unweighted_fl,10,0.0995222929936305,0,4,None,66,1,5,False,1000,1000
10414,134,unweighted_fl,10,0.0995222929936305,0,4,None,66,1,5,False,1000,1000
10415,130,unweighted_fl,10,0.2205414012738853,0,3,None,66,1,5,False,1000,1000
10416,131,unweighted_fl,10,0.1278861464968153,0,3,None,66,1,5,False,1000,1000
10417,132,unweighted_fl,10,0.1312699044585987,0,3,None,66,1,5,False,1000,1000
10418,133,unweighted_fl,10,0.1331608280254777,0,3,None,66,1,5,False,1000,1000
10419,134,unweighted_fl,10,0.1346536624203821,0,3,None,66,1,5,False,1000,1000
10420,130,unweighted_fl,10,0.0995222929936305,0,5,None,66,1,5,False,1000,1000
10421,131,unweighted_fl,10,0.1056926751592356,0,5,None,66,1,5,False,1000,1000
10422,132,unweighted_fl,10,0.1929737261146497,0,5,None,66,1,5,False,1000,1000
10423,133,unweighted_fl,10,0.0995222929936305,0,5,None,66,1,5,False,1000,1000
10424,134,unweighted_fl,10,0.0995222929936305,0,5,None,66,1,5,False,1000,1000
10425,130,unweighted_fl,10,0.1355493630573248,0,7,None,66,1,5,False,1000,1000
10426,131,unweighted_fl,10,0.1644108280254777,0,7,None,66,1,5,False,1000,1000
10427,132,unweighted_fl,10,0.2090963375796178,0,7,None,66,1,5,False,1000,1000
10428,133,unweighted_fl,10,0.2538813694267516,0,7,None,66,1,5,False,1000,1000
10429,134,unweighted_fl,10,0.2465167197452229,0,7,None,66,1,5,False,1000,1000
10430,130,unweighted_fl,10,0.1980493630573248,0,6,None,66,1,5,False,1000,1000
10431,131,unweighted_fl,10,0.1047969745222929,0,6,None,66,1,5,False,1000,1000
10432,132,unweighted_fl,10,0.0995222929936305,0,6,None,66,1,5,False,1000,1000
10433,133,unweighted_fl,10,0.0995222929936305,0,6,None,66,1,5,False,1000,1000
10434,134,unweighted_fl,10,0.0995222929936305,0,6,None,66,1,5,False,1000,1000
10435,130,unweighted_fl,10,0.0995222929936305,0,8,None,66,1,5,False,1000,1000
10436,131,unweighted_fl,10,0.0995222929936305,0,8,None,66,1,5,False,1000,1000
10437,132,unweighted_fl,10,0.1077826433121019,0,8,None,66,1,5,False,1000,1000
10438,133,unweighted_fl,10,0.1003184713375796,0,8,None,66,1,5,False,1000,1000
10439,134,unweighted_fl,10,0.0995222929936305,0,8,None,66,1,5,False,1000,1000
10440,130,unweighted_fl,10,0.2004378980891719,0,9,None,66,1,5,False,1000,1000
10441,131,unweighted_fl,10,0.1737659235668789,0,9,None,66,1,5,False,1000,1000
10442,132,unweighted_fl,10,0.1048964968152866,0,9,None,66,1,5,False,1000,1000
10443,133,unweighted_fl,10,0.0995222929936305,0,9,None,66,1,5,False,1000,1000
10444,134,unweighted_fl,10,0.0995222929936305,0,9,None,66,1,5,False,1000,1000
10445,130,unweighted_fl,10,0.0995222929936305,0,10,None,66,1,5,False,1000,1000
10446,131,unweighted_fl,10,0.0995222929936305,0,10,None,66,1,5,False,1000,1000
10447,132,unweighted_fl,10,0.0995222929936305,0,10,None,66,1,5,False,1000,1000
10448,133,unweighted_fl,10,0.0995222929936305,0,10,None,66,1,5,False,1000,1000
10449,134,unweighted_fl,10,0.0995222929936305,0,10,None,66,1,5,False,1000,1000
10450,130,unweighted_fl,10,0.1900875796178344,0,12,None,66,1,5,False,1000,1000
10451,131,unweighted_fl,10,0.206608280254777,0,12,None,66,1,5,False,1000,1000
10452,132,unweighted_fl,10,0.0995222929936305,0,12,None,66,1,5,False,1000,1000
10453,133,unweighted_fl,10,0.0995222929936305,0,12,None,66,1,5,False,1000,1000
10454,134,unweighted_fl,10,0.0995222929936305,0,12,None,66,1,5,False,1000,1000
10455,130,unweighted_fl,10,0.1404259554140127,0,11,None,66,1,5,False,1000,1000
10456,131,unweighted_fl,10,0.1792396496815286,0,11,None,66,1,5,False,1000,1000
10457,132,unweighted_fl,10,0.0995222929936305,0,11,None,66,1,5,False,1000,1000
10458,133,unweighted_fl,10,0.0995222929936305,0,11,None,66,1,5,False,1000,1000
10459,134,unweighted_fl,10,0.0995222929936305,0,11,None,66,1,5,False,1000,1000
10460,130,unweighted_fl,10,0.1604299363057325,0,13,None,66,1,5,False,1000,1000
10461,131,unweighted_fl,10,0.1708797770700637,0,13,None,66,1,5,False,1000,1000
10462,132,unweighted_fl,10,0.1805334394904458,0,13,None,66,1,5,False,1000,1000
10463,133,unweighted_fl,10,0.188296178343949,0,13,None,66,1,5,False,1000,1000
10464,134,unweighted_fl,10,0.192078025477707,0,13,None,66,1,5,False,1000,1000
10465,130,unweighted_fl,10,0.1880971337579617,0,15,None,66,1,5,False,1000,1000
10466,131,unweighted_fl,10,0.0995222929936305,0,15,None,66,1,5,False,1000,1000
10467,132,unweighted_fl,10,0.0995222929936305,0,15,None,66,1,5,False,1000,1000
10468,133,unweighted_fl,10,0.0995222929936305,0,15,None,66,1,5,False,1000,1000
10469,134,unweighted_fl,10,0.0995222929936305,0,15,None,66,1,5,False,1000,1000
10470,130,unweighted_fl,10,0.1338574840764331,0,14,None,66,1,5,False,1000,1000
10471,131,unweighted_fl,10,0.1281847133757961,0,14,None,66,1,5,False,1000,1000
10472,132,unweighted_fl,10,0.1243033439490445,0,14,None,66,1,5,False,1000,1000
10473,133,unweighted_fl,10,0.1204219745222929,0,14,None,66,1,5,False,1000,1000
10474,134,unweighted_fl,10,0.1176353503184713,0,14,None,66,1,5,False,1000,1000
10475,130,unweighted_fl,10,0.0995222929936305,0,16,None,66,1,5,False,1000,1000
10476,131,unweighted_fl,10,0.1034036624203821,0,16,None,66,1,5,False,1000,1000
10477,132,unweighted_fl,10,0.0995222929936305,0,16,None,66,1,5,False,1000,1000
10478,133,unweighted_fl,10,0.0995222929936305,0,16,None,66,1,5,False,1000,1000
10479,134,unweighted_fl,10,0.0995222929936305,0,16,None,66,1,5,False,1000,1000
10480,130,unweighted_fl,10,0.0995222929936305,0,18,None,66,1,5,False,1000,1000
10481,131,unweighted_fl,10,0.0995222929936305,0,18,None,66,1,5,False,1000,1000
10482,132,unweighted_fl,10,0.0995222929936305,0,18,None,66,1,5,False,1000,1000
10483,133,unweighted_fl,10,0.0995222929936305,0,18,None,66,1,5,False,1000,1000
10484,134,unweighted_fl,10,0.0995222929936305,0,18,None,66,1,5,False,1000,1000
10485,130,unweighted_fl,10,0.0995222929936305,0,17,None,66,1,5,False,1000,1000
10486,131,unweighted_fl,10,0.0995222929936305,0,17,None,66,1,5,False,1000,1000
10487,132,unweighted_fl,10,0.0995222929936305,0,17,None,66,1,5,False,1000,1000
10488,133,unweighted_fl,10,0.0995222929936305,0,17,None,66,1,5,False,1000,1000
10489,134,unweighted_fl,10,0.0995222929936305,0,17,None,66,1,5,False,1000,1000
10490,130,unweighted_fl,10,0.0995222929936305,0,19,None,66,1,5,False,1000,1000
10491,131,unweighted_fl,10,0.0995222929936305,0,19,None,66,1,5,False,1000,1000
10492,132,unweighted_fl,10,0.0995222929936305,0,19,None,66,1,5,False,1000,1000
10493,133,unweighted_fl,10,0.0995222929936305,0,19,None,66,1,5,False,1000,1000
10494,134,unweighted_fl,10,0.0995222929936305,0,19,None,66,1,5,False,1000,1000
10495,130,unweighted_fl,10,0.1700835987261146,0,20,None,66,1,5,False,1000,1000
10496,131,unweighted_fl,10,0.1817277070063694,0,20,None,66,1,5,False,1000,1000
10497,132,unweighted_fl,10,0.1903861464968153,0,20,None,66,1,5,False,1000,1000
10498,133,unweighted_fl,10,0.1936703821656051,0,20,None,66,1,5,False,1000,1000
10499,134,unweighted_fl,10,0.1918789808917197,0,20,None,66,1,5,False,1000,1000
10500,130,unweighted_fl,10,0.1521695859872611,0,21,None,66,1,5,False,1000,1000
10501,131,unweighted_fl,10,0.1455015923566879,0,21,None,66,1,5,False,1000,1000
10502,132,unweighted_fl,10,0.1402269108280254,0,21,None,66,1,5,False,1000,1000
10503,133,unweighted_fl,10,0.1344546178343949,0,21,None,66,1,5,False,1000,1000
10504,134,unweighted_fl,10,0.1280851910828025,0,21,None,66,1,5,False,1000,1000
10505,130,unweighted_fl,10,0.1913813694267516,0,23,None,66,1,5,False,1000,1000
10506,131,unweighted_fl,10,0.1776472929936305,0,23,None,66,1,5,False,1000,1000
10507,132,unweighted_fl,10,0.0995222929936305,0,23,None,66,1,5,False,1000,1000
10508,133,unweighted_fl,10,0.0995222929936305,0,23,None,66,1,5,False,1000,1000
10509,134,unweighted_fl,10,0.0995222929936305,0,23,None,66,1,5,False,1000,1000
10510,130,unweighted_fl,10,0.1067874203821656,0,22,None,66,1,5,False,1000,1000
10511,131,unweighted_fl,10,0.0995222929936305,0,22,None,66,1,5,False,1000,1000
10512,132,unweighted_fl,10,0.0995222929936305,0,22,None,66,1,5,False,1000,1000
10513,133,unweighted_fl,10,0.0995222929936305,0,22,None,66,1,5,False,1000,1000
10514,134,unweighted_fl,10,0.0995222929936305,0,22,None,66,1,5,False,1000,1000
10515,130,unweighted_fl,10,0.1622213375796178,0,24,None,66,1,5,False,1000,1000
10516,131,unweighted_fl,10,0.1684912420382165,0,24,None,66,1,5,False,1000,1000
10517,132,unweighted_fl,10,0.1721735668789809,0,24,None,66,1,5,False,1000,1000
10518,133,unweighted_fl,10,0.1765525477707006,0,24,None,66,1,5,False,1000,1000
10519,134,unweighted_fl,10,0.1796377388535031,0,24,None,66,1,5,False,1000,1000
10520,130,unweighted_fl,10,0.2244227707006369,0,26,None,66,1,5,False,1000,1000
10521,131,unweighted_fl,10,0.1416202229299363,0,26,None,66,1,5,False,1000,1000
10522,132,unweighted_fl,10,0.0995222929936305,0,26,None,66,1,5,False,1000,1000
10523,133,unweighted_fl,10,0.0995222929936305,0,26,None,66,1,5,False,1000,1000
10524,134,unweighted_fl,10,0.0995222929936305,0,26,None,66,1,5,False,1000,1000
10525,130,unweighted_fl,10,0.1880971337579617,0,25,None,66,1,5,False,1000,1000
10526,131,unweighted_fl,10,0.190983280254777,0,25,None,66,1,5,False,1000,1000
10527,132,unweighted_fl,10,0.1545581210191083,0,25,None,66,1,5,False,1000,1000
10528,133,unweighted_fl,10,0.0995222929936305,0,25,None,66,1,5,False,1000,1000
10529,134,unweighted_fl,10,0.0995222929936305,0,25,None,66,1,5,False,1000,1000
10530,130,unweighted_fl,10,0.0995222929936305,0,27,None,66,1,5,False,1000,1000
10531,131,unweighted_fl,10,0.0995222929936305,0,27,None,66,1,5,False,1000,1000
10532,132,unweighted_fl,10,0.0995222929936305,0,27,None,66,1,5,False,1000,1000
10533,133,unweighted_fl,10,0.0995222929936305,0,27,None,66,1,5,False,1000,1000
10534,134,unweighted_fl,10,0.0995222929936305,0,27,None,66,1,5,False,1000,1000
10535,130,unweighted_fl,10,0.1934713375796178,0,28,None,66,1,5,False,1000,1000
10536,131,unweighted_fl,10,0.1666998407643312,0,28,None,66,1,5,False,1000,1000
10537,132,unweighted_fl,10,0.1649084394904458,0,28,None,66,1,5,False,1000,1000
10538,133,unweighted_fl,10,0.1058917197452229,0,28,None,66,1,5,False,1000,1000
10539,134,unweighted_fl,10,0.0995222929936305,0,28,None,66,1,5,False,1000,1000
10540,130,unweighted_fl,10,0.0995222929936305,0,29,None,66,1,5,False,1000,1000
10541,131,unweighted_fl,10,0.0995222929936305,0,29,None,66,1,5,False,1000,1000
10542,132,unweighted_fl,10,0.0995222929936305,0,29,None,66,1,5,False,1000,1000
10543,133,unweighted_fl,10,0.0995222929936305,0,29,None,66,1,5,False,1000,1000
10544,134,unweighted_fl,10,0.0995222929936305,0,29,None,66,1,5,False,1000,1000
10545,130,unweighted_fl,10,0.168093152866242,0,31,None,66,1,5,False,1000,1000
10546,131,unweighted_fl,10,0.2421377388535031,0,31,None,66,1,5,False,1000,1000
10547,132,unweighted_fl,10,0.1988455414012739,0,31,None,66,1,5,False,1000,1000
10548,133,unweighted_fl,10,0.0995222929936305,0,31,None,66,1,5,False,1000,1000
10549,134,unweighted_fl,10,0.0995222929936305,0,31,None,66,1,5,False,1000,1000
10550,130,unweighted_fl,10,0.0995222929936305,0,30,None,66,1,5,False,1000,1000
10551,131,unweighted_fl,10,0.0995222929936305,0,30,None,66,1,5,False,1000,1000
10552,132,unweighted_fl,10,0.0995222929936305,0,30,None,66,1,5,False,1000,1000
10553,133,unweighted_fl,10,0.0995222929936305,0,30,None,66,1,5,False,1000,1000
10554,134,unweighted_fl,10,0.0995222929936305,0,30,None,66,1,5,False,1000,1000
10555,130,unweighted_fl,10,0.1722730891719745,0,32,None,66,1,5,False,1000,1000
10556,131,unweighted_fl,10,0.1911823248407643,0,32,None,66,1,5,False,1000,1000
10557,132,unweighted_fl,10,0.1891918789808917,0,32,None,66,1,5,False,1000,1000
10558,133,unweighted_fl,10,0.1651074840764331,0,32,None,66,1,5,False,1000,1000
10559,134,unweighted_fl,10,0.1001194267515923,0,32,None,66,1,5,False,1000,1000
10560,135,unweighted_fl,10,0.1926751592356688,0,1,None,66,1,5,False,1000,1000
10561,136,unweighted_fl,10,0.1850119426751592,0,1,None,66,1,5,False,1000,1000
10562,137,unweighted_fl,10,0.165406050955414,0,1,None,66,1,5,False,1000,1000
10563,138,unweighted_fl,10,0.1574442675159235,0,1,None,66,1,5,False,1000,1000
10564,139,unweighted_fl,10,0.0995222929936305,0,1,None,66,1,5,False,1000,1000
10565,135,unweighted_fl,10,0.1686902866242038,0,0,None,66,1,5,False,1000,1000
10566,136,unweighted_fl,10,0.1805334394904458,0,0,None,66,1,5,False,1000,1000
10567,137,unweighted_fl,10,0.1887937898089172,0,0,None,66,1,5,False,1000,1000
10568,138,unweighted_fl,10,0.1916799363057325,0,0,None,66,1,5,False,1000,1000
10569,139,unweighted_fl,10,0.1913813694267516,0,0,None,66,1,5,False,1000,1000
10570,135,unweighted_fl,10,0.1372412420382165,0,2,None,66,1,5,False,1000,1000
10571,136,unweighted_fl,10,0.1332603503184713,0,2,None,66,1,5,False,1000,1000
10572,137,unweighted_fl,10,0.1462977707006369,0,2,None,66,1,5,False,1000,1000
10573,138,unweighted_fl,10,0.1596337579617834,0,2,None,66,1,5,False,1000,1000
10574,139,unweighted_fl,10,0.1688893312101911,0,2,None,66,1,5,False,1000,1000
10575,135,unweighted_fl,10,0.2151671974522293,0,4,None,66,1,5,False,1000,1000
10576,136,unweighted_fl,10,0.2035230891719745,0,4,None,66,1,5,False,1000,1000
10577,137,unweighted_fl,10,0.1100716560509554,0,4,None,66,1,5,False,1000,1000
10578,138,unweighted_fl,10,0.0995222929936305,0,4,None,66,1,5,False,1000,1000
10579,139,unweighted_fl,10,0.0995222929936305,0,4,None,66,1,5,False,1000,1000
10580,135,unweighted_fl,10,0.2281050955414012,0,3,None,66,1,5,False,1000,1000
10581,136,unweighted_fl,10,0.1343550955414012,0,3,None,66,1,5,False,1000,1000
10582,137,unweighted_fl,10,0.1354498407643312,0,3,None,66,1,5,False,1000,1000
10583,138,unweighted_fl,10,0.136843152866242,0,3,None,66,1,5,False,1000,1000
10584,139,unweighted_fl,10,0.1377388535031847,0,3,None,66,1,5,False,1000,1000
10585,135,unweighted_fl,10,0.0997213375796178,0,5,None,66,1,5,False,1000,1000
10586,136,unweighted_fl,10,0.1024084394904458,0,5,None,66,1,5,False,1000,1000
10587,137,unweighted_fl,10,0.190187101910828,0,5,None,66,1,5,False,1000,1000
10588,138,unweighted_fl,10,0.0995222929936305,0,5,None,66,1,5,False,1000,1000
10589,139,unweighted_fl,10,0.0995222929936305,0,5,None,66,1,5,False,1000,1000
10590,135,unweighted_fl,10,0.1979498407643312,0,6,None,66,1,5,False,1000,1000
10591,136,unweighted_fl,10,0.1326632165605095,0,6,None,66,1,5,False,1000,1000
10592,137,unweighted_fl,10,0.0995222929936305,0,6,None,66,1,5,False,1000,1000
10593,138,unweighted_fl,10,0.0995222929936305,0,6,None,66,1,5,False,1000,1000
10594,139,unweighted_fl,10,0.0995222929936305,0,6,None,66,1,5,False,1000,1000
10595,135,unweighted_fl,10,0.1434116242038216,0,7,None,66,1,5,False,1000,1000
10596,136,unweighted_fl,10,0.1885947452229299,0,7,None,66,1,5,False,1000,1000
10597,137,unweighted_fl,10,0.2584593949044586,0,7,None,66,1,5,False,1000,1000
10598,138,unweighted_fl,10,0.2802547770700637,0,7,None,66,1,5,False,1000,1000
10599,139,unweighted_fl,10,0.2582603503184713,0,7,None,66,1,5,False,1000,1000
10600,135,unweighted_fl,10,0.0995222929936305,0,8,None,66,1,5,False,1000,1000
10601,136,unweighted_fl,10,0.0995222929936305,0,8,None,66,1,5,False,1000,1000
10602,137,unweighted_fl,10,0.1261942675159235,0,8,None,66,1,5,False,1000,1000
10603,138,unweighted_fl,10,0.1041003184713375,0,8,None,66,1,5,False,1000,1000
10604,139,unweighted_fl,10,0.1016122611464968,0,8,None,66,1,5,False,1000,1000
10605,135,unweighted_fl,10,0.2137738853503184,0,9,None,66,1,5,False,1000,1000
10606,136,unweighted_fl,10,0.1722730891719745,0,9,None,66,1,5,False,1000,1000
10607,137,unweighted_fl,10,0.1204219745222929,0,9,None,66,1,5,False,1000,1000
10608,138,unweighted_fl,10,0.0998208598726114,0,9,None,66,1,5,False,1000,1000
10609,139,unweighted_fl,10,0.0997213375796178,0,9,None,66,1,5,False,1000,1000
10610,135,unweighted_fl,10,0.0995222929936305,0,10,None,66,1,5,False,1000,1000
10611,136,unweighted_fl,10,0.0995222929936305,0,10,None,66,1,5,False,1000,1000
10612,137,unweighted_fl,10,0.0995222929936305,0,10,None,66,1,5,False,1000,1000
10613,138,unweighted_fl,10,0.0995222929936305,0,10,None,66,1,5,False,1000,1000
10614,139,unweighted_fl,10,0.0995222929936305,0,10,None,66,1,5,False,1000,1000
10615,135,unweighted_fl,10,0.2126791401273885,0,11,None,66,1,5,False,1000,1000
10616,136,unweighted_fl,10,0.1649084394904458,0,11,None,66,1,5,False,1000,1000
10617,137,unweighted_fl,10,0.0995222929936305,0,11,None,66,1,5,False,1000,1000
10618,138,unweighted_fl,10,0.0995222929936305,0,11,None,66,1,5,False,1000,1000
10619,139,unweighted_fl,10,0.0995222929936305,0,11,None,66,1,5,False,1000,1000
10620,135,unweighted_fl,10,0.1886942675159235,0,12,None,66,1,5,False,1000,1000
10621,136,unweighted_fl,10,0.2385549363057325,0,12,None,66,1,5,False,1000,1000
10622,137,unweighted_fl,10,0.0995222929936305,0,12,None,66,1,5,False,1000,1000
10623,138,unweighted_fl,10,0.0995222929936305,0,12,None,66,1,5,False,1000,1000
10624,139,unweighted_fl,10,0.0995222929936305,0,12,None,66,1,5,False,1000,1000
10625,135,unweighted_fl,10,0.1585390127388535,0,13,None,66,1,5,False,1000,1000
10626,136,unweighted_fl,10,0.1682921974522293,0,13,None,66,1,5,False,1000,1000
10627,137,unweighted_fl,10,0.1765525477707006,0,13,None,66,1,5,False,1000,1000
10628,138,unweighted_fl,10,0.1833200636942675,0,13,None,66,1,5,False,1000,1000
10629,139,unweighted_fl,10,0.1886942675159235,0,13,None,66,1,5,False,1000,1000
10630,135,unweighted_fl,10,0.1426154458598726,0,14,None,66,1,5,False,1000,1000
10631,136,unweighted_fl,10,0.1402269108280254,0,14,None,66,1,5,False,1000,1000
10632,137,unweighted_fl,10,0.1371417197452229,0,14,None,66,1,5,False,1000,1000
10633,138,unweighted_fl,10,0.1350517515923567,0,14,None,66,1,5,False,1000,1000
10634,139,unweighted_fl,10,0.1332603503184713,0,14,None,66,1,5,False,1000,1000
10635,135,unweighted_fl,10,0.1943670382165605,0,15,None,66,1,5,False,1000,1000
10636,136,unweighted_fl,10,0.0995222929936305,0,15,None,66,1,5,False,1000,1000
10637,137,unweighted_fl,10,0.0995222929936305,0,15,None,66,1,5,False,1000,1000
10638,138,unweighted_fl,10,0.0995222929936305,0,15,None,66,1,5,False,1000,1000
10639,139,unweighted_fl,10,0.0995222929936305,0,15,None,66,1,5,False,1000,1000
10640,135,unweighted_fl,10,0.0995222929936305,0,17,None,66,1,5,False,1000,1000
10641,136,unweighted_fl,10,0.0995222929936305,0,17,None,66,1,5,False,1000,1000
10642,137,unweighted_fl,10,0.0995222929936305,0,17,None,66,1,5,False,1000,1000
10643,138,unweighted_fl,10,0.0995222929936305,0,17,None,66,1,5,False,1000,1000
10644,139,unweighted_fl,10,0.0995222929936305,0,17,None,66,1,5,False,1000,1000
10645,135,unweighted_fl,10,0.0995222929936305,0,16,None,66,1,5,False,1000,1000
10646,136,unweighted_fl,10,0.109375,0,16,None,66,1,5,False,1000,1000
10647,137,unweighted_fl,10,0.0995222929936305,0,16,None,66,1,5,False,1000,1000
10648,138,unweighted_fl,10,0.0995222929936305,0,16,None,66,1,5,False,1000,1000
10649,139,unweighted_fl,10,0.0995222929936305,0,16,None,66,1,5,False,1000,1000
10650,135,unweighted_fl,10,0.0995222929936305,0,18,None,66,1,5,False,1000,1000
10651,136,unweighted_fl,10,0.0995222929936305,0,18,None,66,1,5,False,1000,1000
10652,137,unweighted_fl,10,0.0995222929936305,0,18,None,66,1,5,False,1000,1000
10653,138,unweighted_fl,10,0.0995222929936305,0,18,None,66,1,5,False,1000,1000
10654,139,unweighted_fl,10,0.0995222929936305,0,18,None,66,1,5,False,1000,1000
10655,135,unweighted_fl,10,0.1731687898089172,0,20,None,66,1,5,False,1000,1000
10656,136,unweighted_fl,10,0.1817277070063694,0,20,None,66,1,5,False,1000,1000
10657,137,unweighted_fl,10,0.1885947452229299,0,20,None,66,1,5,False,1000,1000
10658,138,unweighted_fl,10,0.1924761146496815,0,20,None,66,1,5,False,1000,1000
10659,139,unweighted_fl,10,0.1935708598726114,0,20,None,66,1,5,False,1000,1000
10660,135,unweighted_fl,10,0.0995222929936305,0,19,None,66,1,5,False,1000,1000
10661,136,unweighted_fl,10,0.0995222929936305,0,19,None,66,1,5,False,1000,1000
10662,137,unweighted_fl,10,0.0995222929936305,0,19,None,66,1,5,False,1000,1000
10663,138,unweighted_fl,10,0.0995222929936305,0,19,None,66,1,5,False,1000,1000
10664,139,unweighted_fl,10,0.0995222929936305,0,19,None,66,1,5,False,1000,1000
10665,135,unweighted_fl,10,0.1590366242038216,0,21,None,66,1,5,False,1000,1000
10666,136,unweighted_fl,10,0.1544585987261146,0,21,None,66,1,5,False,1000,1000
10667,137,unweighted_fl,10,0.1499800955414012,0,21,None,66,1,5,False,1000,1000
10668,138,unweighted_fl,10,0.1445063694267516,0,21,None,66,1,5,False,1000,1000
10669,139,unweighted_fl,10,0.1409235668789809,0,21,None,66,1,5,False,1000,1000
10670,135,unweighted_fl,10,0.1237062101910828,0,22,None,66,1,5,False,1000,1000
10671,136,unweighted_fl,10,0.0995222929936305,0,22,None,66,1,5,False,1000,1000
10672,137,unweighted_fl,10,0.0995222929936305,0,22,None,66,1,5,False,1000,1000
10673,138,unweighted_fl,10,0.0995222929936305,0,22,None,66,1,5,False,1000,1000
10674,139,unweighted_fl,10,0.0995222929936305,0,22,None,66,1,5,False,1000,1000
10675,135,unweighted_fl,10,0.1907842356687898,0,23,None,66,1,5,False,1000,1000
10676,136,unweighted_fl,10,0.1824243630573248,0,23,None,66,1,5,False,1000,1000
10677,137,unweighted_fl,10,0.1206210191082802,0,23,None,66,1,5,False,1000,1000
10678,138,unweighted_fl,10,0.0995222929936305,0,23,None,66,1,5,False,1000,1000
10679,139,unweighted_fl,10,0.0995222929936305,0,23,None,66,1,5,False,1000,1000
10680,135,unweighted_fl,10,0.1876990445859872,0,25,None,66,1,5,False,1000,1000
10681,136,unweighted_fl,10,0.1922770700636942,0,25,None,66,1,5,False,1000,1000
10682,137,unweighted_fl,10,0.1706807324840764,0,25,None,66,1,5,False,1000,1000
10683,138,unweighted_fl,10,0.1021098726114649,0,25,None,66,1,5,False,1000,1000
10684,139,unweighted_fl,10,0.0995222929936305,0,25,None,66,1,5,False,1000,1000
10685,135,unweighted_fl,10,0.1682921974522293,0,24,None,66,1,5,False,1000,1000
10686,136,unweighted_fl,10,0.1723726114649681,0,24,None,66,1,5,False,1000,1000
10687,137,unweighted_fl,10,0.1766520700636942,0,24,None,66,1,5,False,1000,1000
10688,138,unweighted_fl,10,0.1796377388535031,0,24,None,66,1,5,False,1000,1000
10689,139,unweighted_fl,10,0.1816281847133758,0,24,None,66,1,5,False,1000,1000
10690,135,unweighted_fl,10,0.2262141719745223,0,26,None,66,1,5,False,1000,1000
10691,136,unweighted_fl,10,0.1519705414012739,0,26,None,66,1,5,False,1000,1000
10692,137,unweighted_fl,10,0.0995222929936305,0,26,None,66,1,5,False,1000,1000
10693,138,unweighted_fl,10,0.0995222929936305,0,26,None,66,1,5,False,1000,1000
10694,139,unweighted_fl,10,0.0995222929936305,0,26,None,66,1,5,False,1000,1000
10695,135,unweighted_fl,10,0.1885947452229299,0,28,None,66,1,5,False,1000,1000
10696,136,unweighted_fl,10,0.238953025477707,0,28,None,66,1,5,False,1000,1000
10697,137,unweighted_fl,10,0.1646098726114649,0,28,None,66,1,5,False,1000,1000
10698,138,unweighted_fl,10,0.1075835987261146,0,28,None,66,1,5,False,1000,1000
10699,139,unweighted_fl,10,0.0994227707006369,0,28,None,66,1,5,False,1000,1000
10700,135,unweighted_fl,10,0.1221138535031847,0,27,None,66,1,5,False,1000,1000
10701,136,unweighted_fl,10,0.0995222929936305,0,27,None,66,1,5,False,1000,1000
10702,137,unweighted_fl,10,0.0995222929936305,0,27,None,66,1,5,False,1000,1000
10703,138,unweighted_fl,10,0.0995222929936305,0,27,None,66,1,5,False,1000,1000
10704,139,unweighted_fl,10,0.0995222929936305,0,27,None,66,1,5,False,1000,1000
10705,135,unweighted_fl,10,0.0995222929936305,0,29,None,66,1,5,False,1000,1000
10706,136,unweighted_fl,10,0.0995222929936305,0,29,None,66,1,5,False,1000,1000
10707,137,unweighted_fl,10,0.0995222929936305,0,29,None,66,1,5,False,1000,1000
10708,138,unweighted_fl,10,0.0995222929936305,0,29,None,66,1,5,False,1000,1000
10709,139,unweighted_fl,10,0.0995222929936305,0,29,None,66,1,5,False,1000,1000
10710,135,unweighted_fl,10,0.0995222929936305,0,30,None,66,1,5,False,1000,1000
10711,136,unweighted_fl,10,0.0995222929936305,0,30,None,66,1,5,False,1000,1000
10712,137,unweighted_fl,10,0.0995222929936305,0,30,None,66,1,5,False,1000,1000
10713,138,unweighted_fl,10,0.0995222929936305,0,30,None,66,1,5,False,1000,1000
10714,139,unweighted_fl,10,0.0995222929936305,0,30,None,66,1,5,False,1000,1000
10715,135,unweighted_fl,10,0.1641122611464968,0,31,None,66,1,5,False,1000,1000
10716,136,unweighted_fl,10,0.2457205414012739,0,31,None,66,1,5,False,1000,1000
10717,137,unweighted_fl,10,0.1915804140127388,0,31,None,66,1,5,False,1000,1000
10718,138,unweighted_fl,10,0.1099721337579617,0,31,None,66,1,5,False,1000,1000
10719,139,unweighted_fl,10,0.0995222929936305,0,31,None,66,1,5,False,1000,1000
10720,135,unweighted_fl,10,0.1748606687898089,0,32,None,66,1,5,False,1000,1000
10721,136,unweighted_fl,10,0.1904856687898089,0,32,None,66,1,5,False,1000,1000
10722,137,unweighted_fl,10,0.1911823248407643,0,32,None,66,1,5,False,1000,1000
10723,138,unweighted_fl,10,0.1752587579617834,0,32,None,66,1,5,False,1000,1000
10724,139,unweighted_fl,10,0.134156050955414,0,32,None,66,1,5,False,1000,1000
10725,140,unweighted_fl,10,0.1742635350318471,0,0,None,66,1,5,False,1000,1000
10726,141,unweighted_fl,10,0.1822253184713375,0,0,None,66,1,5,False,1000,1000
10727,142,unweighted_fl,10,0.1885947452229299,0,0,None,66,1,5,False,1000,1000
10728,143,unweighted_fl,10,0.1908837579617834,0,0,None,66,1,5,False,1000,1000
10729,144,unweighted_fl,10,0.1908837579617834,0,0,None,66,1,5,False,1000,1000
10730,140,unweighted_fl,10,0.2150676751592356,0,1,None,66,1,5,False,1000,1000
10731,141,unweighted_fl,10,0.2251194267515923,0,1,None,66,1,5,False,1000,1000
10732,142,unweighted_fl,10,0.1655055732484076,0,1,None,66,1,5,False,1000,1000
10733,143,unweighted_fl,10,0.1508757961783439,0,1,None,66,1,5,False,1000,1000
10734,144,unweighted_fl,10,0.0995222929936305,0,1,None,66,1,5,False,1000,1000
10735,140,unweighted_fl,10,0.1609275477707006,0,2,None,66,1,5,False,1000,1000
10736,141,unweighted_fl,10,0.158937101910828,0,2,None,66,1,5,False,1000,1000
10737,142,unweighted_fl,10,0.1576433121019108,0,2,None,66,1,5,False,1000,1000
10738,143,unweighted_fl,10,0.1663017515923567,0,2,None,66,1,5,False,1000,1000
10739,144,unweighted_fl,10,0.1733678343949044,0,2,None,66,1,5,False,1000,1000
10740,140,unweighted_fl,10,0.2395501592356688,0,4,None,66,1,5,False,1000,1000
10741,141,unweighted_fl,10,0.214968152866242,0,4,None,66,1,5,False,1000,1000
10742,142,unweighted_fl,10,0.1076831210191082,0,4,None,66,1,5,False,1000,1000
10743,143,unweighted_fl,10,0.0995222929936305,0,4,None,66,1,5,False,1000,1000
10744,144,unweighted_fl,10,0.0995222929936305,0,4,None,66,1,5,False,1000,1000
10745,140,unweighted_fl,10,0.2238256369426751,0,3,None,66,1,5,False,1000,1000
10746,141,unweighted_fl,10,0.1477906050955414,0,3,None,66,1,5,False,1000,1000
10747,142,unweighted_fl,10,0.1312699044585987,0,3,None,66,1,5,False,1000,1000
10748,143,unweighted_fl,10,0.1327627388535031,0,3,None,66,1,5,False,1000,1000
10749,144,unweighted_fl,10,0.1343550955414012,0,3,None,66,1,5,False,1000,1000
10750,140,unweighted_fl,10,0.1269904458598726,0,5,None,66,1,5,False,1000,1000
10751,141,unweighted_fl,10,0.1203224522292993,0,5,None,66,1,5,False,1000,1000
10752,142,unweighted_fl,10,0.1904856687898089,0,5,None,66,1,5,False,1000,1000
10753,143,unweighted_fl,10,0.0995222929936305,0,5,None,66,1,5,False,1000,1000
10754,144,unweighted_fl,10,0.0995222929936305,0,5,None,66,1,5,False,1000,1000
10755,140,unweighted_fl,10,0.199343152866242,0,6,None,66,1,5,False,1000,1000
10756,141,unweighted_fl,10,0.1604299363057325,0,6,None,66,1,5,False,1000,1000
10757,142,unweighted_fl,10,0.0995222929936305,0,6,None,66,1,5,False,1000,1000
10758,143,unweighted_fl,10,0.0995222929936305,0,6,None,66,1,5,False,1000,1000
10759,144,unweighted_fl,10,0.0995222929936305,0,6,None,66,1,5,False,1000,1000
10760,140,unweighted_fl,10,0.1639132165605095,0,7,None,66,1,5,False,1000,1000
10761,141,unweighted_fl,10,0.2252189490445859,0,7,None,66,1,5,False,1000,1000
10762,142,unweighted_fl,10,0.2680135350318471,0,7,None,66,1,5,False,1000,1000
10763,143,unweighted_fl,10,0.2682125796178344,0,7,None,66,1,5,False,1000,1000
10764,144,unweighted_fl,10,0.2379578025477707,0,7,None,66,1,5,False,1000,1000
10765,140,unweighted_fl,10,0.2167595541401273,0,9,None,66,1,5,False,1000,1000
10766,141,unweighted_fl,10,0.1693869426751592,0,9,None,66,1,5,False,1000,1000
10767,142,unweighted_fl,10,0.1302746815286624,0,9,None,66,1,5,False,1000,1000
10768,143,unweighted_fl,10,0.1096735668789808,0,9,None,66,1,5,False,1000,1000
10769,144,unweighted_fl,10,0.1085788216560509,0,9,None,66,1,5,False,1000,1000
10770,140,unweighted_fl,10,0.0995222929936305,0,8,None,66,1,5,False,1000,1000
10771,141,unweighted_fl,10,0.0995222929936305,0,8,None,66,1,5,False,1000,1000
10772,142,unweighted_fl,10,0.1435111464968153,0,8,None,66,1,5,False,1000,1000
10773,143,unweighted_fl,10,0.1145501592356687,0,8,None,66,1,5,False,1000,1000
10774,144,unweighted_fl,10,0.1144506369426751,0,8,None,66,1,5,False,1000,1000
10775,140,unweighted_fl,10,0.0995222929936305,0,10,None,66,1,5,False,1000,1000
10776,141,unweighted_fl,10,0.0995222929936305,0,10,None,66,1,5,False,1000,1000
10777,142,unweighted_fl,10,0.0995222929936305,0,10,None,66,1,5,False,1000,1000
10778,143,unweighted_fl,10,0.0995222929936305,0,10,None,66,1,5,False,1000,1000
10779,144,unweighted_fl,10,0.0995222929936305,0,10,None,66,1,5,False,1000,1000
10780,140,unweighted_fl,10,0.2258160828025477,0,11,None,66,1,5,False,1000,1000
10781,141,unweighted_fl,10,0.1673964968152866,0,11,None,66,1,5,False,1000,1000
10782,142,unweighted_fl,10,0.0995222929936305,0,11,None,66,1,5,False,1000,1000
10783,143,unweighted_fl,10,0.0995222929936305,0,11,None,66,1,5,False,1000,1000
10784,144,unweighted_fl,10,0.0995222929936305,0,11,None,66,1,5,False,1000,1000
10785,140,unweighted_fl,10,0.1886942675159235,0,12,None,66,1,5,False,1000,1000
10786,141,unweighted_fl,10,0.2386544585987261,0,12,None,66,1,5,False,1000,1000
10787,142,unweighted_fl,10,0.0995222929936305,0,12,None,66,1,5,False,1000,1000
10788,143,unweighted_fl,10,0.0995222929936305,0,12,None,66,1,5,False,1000,1000
10789,144,unweighted_fl,10,0.0995222929936305,0,12,None,66,1,5,False,1000,1000
10790,140,unweighted_fl,10,0.1554538216560509,0,14,None,66,1,5,False,1000,1000
10791,141,unweighted_fl,10,0.1537619426751592,0,14,None,66,1,5,False,1000,1000
10792,142,unweighted_fl,10,0.1518710191082802,0,14,None,66,1,5,False,1000,1000
10793,143,unweighted_fl,10,0.1504777070063694,0,14,None,66,1,5,False,1000,1000
10794,144,unweighted_fl,10,0.1489848726114649,0,14,None,66,1,5,False,1000,1000
10795,140,unweighted_fl,10,0.1661027070063694,0,13,None,66,1,5,False,1000,1000
10796,141,unweighted_fl,10,0.1727707006369426,0,13,None,66,1,5,False,1000,1000
10797,142,unweighted_fl,10,0.179140127388535,0,13,None,66,1,5,False,1000,1000
10798,143,unweighted_fl,10,0.1845143312101911,0,13,None,66,1,5,False,1000,1000
10799,144,unweighted_fl,10,0.1881966560509554,0,13,None,66,1,5,False,1000,1000
10800,140,unweighted_fl,10,0.194765127388535,0,15,None,66,1,5,False,1000,1000
10801,141,unweighted_fl,10,0.0995222929936305,0,15,None,66,1,5,False,1000,1000
10802,142,unweighted_fl,10,0.0995222929936305,0,15,None,66,1,5,False,1000,1000
10803,143,unweighted_fl,10,0.0995222929936305,0,15,None,66,1,5,False,1000,1000
10804,144,unweighted_fl,10,0.0995222929936305,0,15,None,66,1,5,False,1000,1000
10805,140,unweighted_fl,10,0.1100716560509554,0,17,None,66,1,5,False,1000,1000
10806,141,unweighted_fl,10,0.0995222929936305,0,17,None,66,1,5,False,1000,1000
10807,142,unweighted_fl,10,0.0995222929936305,0,17,None,66,1,5,False,1000,1000
10808,143,unweighted_fl,10,0.0995222929936305,0,17,None,66,1,5,False,1000,1000
10809,144,unweighted_fl,10,0.0995222929936305,0,17,None,66,1,5,False,1000,1000
10810,140,unweighted_fl,10,0.0995222929936305,0,16,None,66,1,5,False,1000,1000
10811,141,unweighted_fl,10,0.134156050955414,0,16,None,66,1,5,False,1000,1000
10812,142,unweighted_fl,10,0.0995222929936305,0,16,None,66,1,5,False,1000,1000
10813,143,unweighted_fl,10,0.0995222929936305,0,16,None,66,1,5,False,1000,1000
10814,144,unweighted_fl,10,0.0995222929936305,0,16,None,66,1,5,False,1000,1000
10815,140,unweighted_fl,10,0.1049960191082802,0,18,None,66,1,5,False,1000,1000
10816,141,unweighted_fl,10,0.0995222929936305,0,18,None,66,1,5,False,1000,1000
10817,142,unweighted_fl,10,0.0995222929936305,0,18,None,66,1,5,False,1000,1000
10818,143,unweighted_fl,10,0.0995222929936305,0,18,None,66,1,5,False,1000,1000
10819,144,unweighted_fl,10,0.0995222929936305,0,18,None,66,1,5,False,1000,1000
10820,140,unweighted_fl,10,0.0995222929936305,0,19,None,66,1,5,False,1000,1000
10821,141,unweighted_fl,10,0.0995222929936305,0,19,None,66,1,5,False,1000,1000
10822,142,unweighted_fl,10,0.0995222929936305,0,19,None,66,1,5,False,1000,1000
10823,143,unweighted_fl,10,0.0995222929936305,0,19,None,66,1,5,False,1000,1000
10824,144,unweighted_fl,10,0.0995222929936305,0,19,None,66,1,5,False,1000,1000
10825,140,unweighted_fl,10,0.1650079617834395,0,20,None,66,1,5,False,1000,1000
10826,141,unweighted_fl,10,0.1734673566878981,0,20,None,66,1,5,False,1000,1000
10827,142,unweighted_fl,10,0.1853105095541401,0,20,None,66,1,5,False,1000,1000
10828,143,unweighted_fl,10,0.2028264331210191,0,20,None,66,1,5,False,1000,1000
10829,144,unweighted_fl,10,0.2105891719745223,0,20,None,66,1,5,False,1000,1000
10830,140,unweighted_fl,10,0.1399283439490445,0,22,None,66,1,5,False,1000,1000
10831,141,unweighted_fl,10,0.1189291401273885,0,22,None,66,1,5,False,1000,1000
10832,142,unweighted_fl,10,0.1068869426751592,0,22,None,66,1,5,False,1000,1000
10833,143,unweighted_fl,10,0.1058917197452229,0,22,None,66,1,5,False,1000,1000
10834,144,unweighted_fl,10,0.1052945859872611,0,22,None,66,1,5,False,1000,1000
10835,140,unweighted_fl,10,0.1650079617834395,0,21,None,66,1,5,False,1000,1000
10836,141,unweighted_fl,10,0.1619227707006369,0,21,None,66,1,5,False,1000,1000
10837,142,unweighted_fl,10,0.1585390127388535,0,21,None,66,1,5,False,1000,1000
10838,143,unweighted_fl,10,0.15515525477707,0,21,None,66,1,5,False,1000,1000
10839,144,unweighted_fl,10,0.1521695859872611,0,21,None,66,1,5,False,1000,1000
10840,140,unweighted_fl,10,0.1897890127388535,0,23,None,66,1,5,False,1000,1000
10841,141,unweighted_fl,10,0.1848128980891719,0,23,None,66,1,5,False,1000,1000
10842,142,unweighted_fl,10,0.1507762738853503,0,23,None,66,1,5,False,1000,1000
10843,143,unweighted_fl,10,0.0995222929936305,0,23,None,66,1,5,False,1000,1000
10844,144,unweighted_fl,10,0.0995222929936305,0,23,None,66,1,5,False,1000,1000
10845,140,unweighted_fl,10,0.1875,0,25,None,66,1,5,False,1000,1000
10846,141,unweighted_fl,10,0.1913813694267516,0,25,None,66,1,5,False,1000,1000
10847,142,unweighted_fl,10,0.1763535031847133,0,25,None,66,1,5,False,1000,1000
10848,143,unweighted_fl,10,0.1359474522292993,0,25,None,66,1,5,False,1000,1000
10849,144,unweighted_fl,10,0.0995222929936305,0,25,None,66,1,5,False,1000,1000
10850,140,unweighted_fl,10,0.1704816878980891,0,24,None,66,1,5,False,1000,1000
10851,141,unweighted_fl,10,0.175358280254777,0,24,None,66,1,5,False,1000,1000
10852,142,unweighted_fl,10,0.1785429936305732,0,24,None,66,1,5,False,1000,1000
10853,143,unweighted_fl,10,0.1808320063694267,0,24,None,66,1,5,False,1000,1000
10854,144,unweighted_fl,10,0.1830214968152866,0,24,None,66,1,5,False,1000,1000
10855,140,unweighted_fl,10,0.2316878980891719,0,26,None,66,1,5,False,1000,1000
10856,141,unweighted_fl,10,0.1763535031847133,0,26,None,66,1,5,False,1000,1000
10857,142,unweighted_fl,10,0.0995222929936305,0,26,None,66,1,5,False,1000,1000
10858,143,unweighted_fl,10,0.0995222929936305,0,26,None,66,1,5,False,1000,1000
10859,144,unweighted_fl,10,0.0995222929936305,0,26,None,66,1,5,False,1000,1000
10860,140,unweighted_fl,10,0.1536624203821656,0,27,None,66,1,5,False,1000,1000
10861,141,unweighted_fl,10,0.0995222929936305,0,27,None,66,1,5,False,1000,1000
10862,142,unweighted_fl,10,0.0995222929936305,0,27,None,66,1,5,False,1000,1000
10863,143,unweighted_fl,10,0.0995222929936305,0,27,None,66,1,5,False,1000,1000
10864,144,unweighted_fl,10,0.0995222929936305,0,27,None,66,1,5,False,1000,1000
10865,140,unweighted_fl,10,0.2045183121019108,0,28,None,66,1,5,False,1000,1000
10866,141,unweighted_fl,10,0.2338773885350318,0,28,None,66,1,5,False,1000,1000
10867,142,unweighted_fl,10,0.1380374203821656,0,28,None,66,1,5,False,1000,1000
10868,143,unweighted_fl,10,0.1042993630573248,0,28,None,66,1,5,False,1000,1000
10869,144,unweighted_fl,10,0.0994227707006369,0,28,None,66,1,5,False,1000,1000
10870,140,unweighted_fl,10,0.1036027070063694,0,30,None,66,1,5,False,1000,1000
10871,141,unweighted_fl,10,0.0995222929936305,0,30,None,66,1,5,False,1000,1000
10872,142,unweighted_fl,10,0.0995222929936305,0,30,None,66,1,5,False,1000,1000
10873,143,unweighted_fl,10,0.0995222929936305,0,30,None,66,1,5,False,1000,1000
10874,144,unweighted_fl,10,0.0995222929936305,0,30,None,66,1,5,False,1000,1000
10875,140,unweighted_fl,10,0.0995222929936305,0,29,None,66,1,5,False,1000,1000
10876,141,unweighted_fl,10,0.0995222929936305,0,29,None,66,1,5,False,1000,1000
10877,142,unweighted_fl,10,0.0995222929936305,0,29,None,66,1,5,False,1000,1000
10878,143,unweighted_fl,10,0.0995222929936305,0,29,None,66,1,5,False,1000,1000
10879,144,unweighted_fl,10,0.0995222929936305,0,29,None,66,1,5,False,1000,1000
10880,140,unweighted_fl,10,0.1929737261146497,0,31,None,66,1,5,False,1000,1000
10881,141,unweighted_fl,10,0.2525875796178344,0,31,None,66,1,5,False,1000,1000
10882,142,unweighted_fl,10,0.1850119426751592,0,31,None,66,1,5,False,1000,1000
10883,143,unweighted_fl,10,0.1216162420382165,0,31,None,66,1,5,False,1000,1000
10884,144,unweighted_fl,10,0.0995222929936305,0,31,None,66,1,5,False,1000,1000
10885,140,unweighted_fl,10,0.1787420382165605,0,32,None,66,1,5,False,1000,1000
10886,141,unweighted_fl,10,0.1897890127388535,0,32,None,66,1,5,False,1000,1000
10887,142,unweighted_fl,10,0.1906847133757961,0,32,None,66,1,5,False,1000,1000
10888,143,unweighted_fl,10,0.1787420382165605,0,32,None,66,1,5,False,1000,1000
10889,144,unweighted_fl,10,0.157046178343949,0,32,None,66,1,5,False,1000,1000
10890,145,unweighted_fl,10,0.1788415605095541,0,0,None,66,1,5,False,1000,1000
10891,146,unweighted_fl,10,0.1855095541401273,0,0,None,66,1,5,False,1000,1000
10892,147,unweighted_fl,10,0.1884952229299363,0,0,None,66,1,5,False,1000,1000
10893,148,unweighted_fl,10,0.1896894904458598,0,0,None,66,1,5,False,1000,1000
10894,149,unweighted_fl,10,0.1879976114649681,0,0,None,66,1,5,False,1000,1000
10895,145,unweighted_fl,10,0.2419386942675159,0,1,None,66,1,5,False,1000,1000
10896,146,unweighted_fl,10,0.2350716560509554,0,1,None,66,1,5,False,1000,1000
10897,147,unweighted_fl,10,0.1566480891719745,0,1,None,66,1,5,False,1000,1000
10898,148,unweighted_fl,10,0.138734076433121,0,1,None,66,1,5,False,1000,1000
10899,149,unweighted_fl,10,0.0995222929936305,0,1,None,66,1,5,False,1000,1000
10900,145,unweighted_fl,10,0.2368630573248407,0,2,None,66,1,5,False,1000,1000
10901,146,unweighted_fl,10,0.2092953821656051,0,2,None,66,1,5,False,1000,1000
10902,147,unweighted_fl,10,0.1802348726114649,0,2,None,66,1,5,False,1000,1000
10903,148,unweighted_fl,10,0.1826234076433121,0,2,None,66,1,5,False,1000,1000
10904,149,unweighted_fl,10,0.1846138535031847,0,2,None,66,1,5,False,1000,1000
10905,145,unweighted_fl,10,0.2125796178343949,0,3,None,66,1,5,False,1000,1000
10906,146,unweighted_fl,10,0.1668988853503184,0,3,None,66,1,5,False,1000,1000
10907,147,unweighted_fl,10,0.1216162420382165,0,3,None,66,1,5,False,1000,1000
10908,148,unweighted_fl,10,0.1228105095541401,0,3,None,66,1,5,False,1000,1000
10909,149,unweighted_fl,10,0.1249004777070063,0,3,None,66,1,5,False,1000,1000
10910,145,unweighted_fl,10,0.2536823248407643,0,4,None,66,1,5,False,1000,1000
10911,146,unweighted_fl,10,0.2055135350318471,0,4,None,66,1,5,False,1000,1000
10912,147,unweighted_fl,10,0.105593152866242,0,4,None,66,1,5,False,1000,1000
10913,148,unweighted_fl,10,0.0995222929936305,0,4,None,66,1,5,False,1000,1000
10914,149,unweighted_fl,10,0.0995222929936305,0,4,None,66,1,5,False,1000,1000
10915,145,unweighted_fl,10,0.2281050955414012,0,6,None,66,1,5,False,1000,1000
10916,146,unweighted_fl,10,0.1741640127388535,0,6,None,66,1,5,False,1000,1000
10917,147,unweighted_fl,10,0.0995222929936305,0,6,None,66,1,5,False,1000,1000
10918,148,unweighted_fl,10,0.0995222929936305,0,6,None,66,1,5,False,1000,1000
10919,149,unweighted_fl,10,0.0995222929936305,0,6,None,66,1,5,False,1000,1000
10920,145,unweighted_fl,10,0.1894904458598726,0,5,None,66,1,5,False,1000,1000
10921,146,unweighted_fl,10,0.1645103503184713,0,5,None,66,1,5,False,1000,1000
10922,147,unweighted_fl,10,0.1972531847133758,0,5,None,66,1,5,False,1000,1000
10923,148,unweighted_fl,10,0.0995222929936305,0,5,None,66,1,5,False,1000,1000
10924,149,unweighted_fl,10,0.0995222929936305,0,5,None,66,1,5,False,1000,1000
10925,145,unweighted_fl,10,0.207703025477707,0,7,None,66,1,5,False,1000,1000
10926,146,unweighted_fl,10,0.2503980891719745,0,7,None,66,1,5,False,1000,1000
10927,147,unweighted_fl,10,0.2632364649681528,0,7,None,66,1,5,False,1000,1000
10928,148,unweighted_fl,10,0.2434315286624203,0,7,None,66,1,5,False,1000,1000
10929,149,unweighted_fl,10,0.2110867834394904,0,7,None,66,1,5,False,1000,1000
10930,145,unweighted_fl,10,0.1022093949044586,0,8,None,66,1,5,False,1000,1000
10931,146,unweighted_fl,10,0.1115644904458598,0,8,None,66,1,5,False,1000,1000
10932,147,unweighted_fl,10,0.1941679936305732,0,8,None,66,1,5,False,1000,1000
10933,148,unweighted_fl,10,0.1617237261146497,0,8,None,66,1,5,False,1000,1000
10934,149,unweighted_fl,10,0.1588375796178344,0,8,None,66,1,5,False,1000,1000
10935,145,unweighted_fl,10,0.2078025477707006,0,9,None,66,1,5,False,1000,1000
10936,146,unweighted_fl,10,0.1661027070063694,0,9,None,66,1,5,False,1000,1000
10937,147,unweighted_fl,10,0.1369426751592356,0,9,None,66,1,5,False,1000,1000
10938,148,unweighted_fl,10,0.1219148089171974,0,9,None,66,1,5,False,1000,1000
10939,149,unweighted_fl,10,0.1192277070063694,0,9,None,66,1,5,False,1000,1000
10940,145,unweighted_fl,10,0.0995222929936305,0,10,None,66,1,5,False,1000,1000
10941,146,unweighted_fl,10,0.0995222929936305,0,10,None,66,1,5,False,1000,1000
10942,147,unweighted_fl,10,0.0995222929936305,0,10,None,66,1,5,False,1000,1000
10943,148,unweighted_fl,10,0.0995222929936305,0,10,None,66,1,5,False,1000,1000
10944,149,unweighted_fl,10,0.1013136942675159,0,10,None,66,1,5,False,1000,1000
10945,145,unweighted_fl,10,0.2164609872611465,0,11,None,66,1,5,False,1000,1000
10946,146,unweighted_fl,10,0.1759554140127388,0,11,None,66,1,5,False,1000,1000
10947,147,unweighted_fl,10,0.0996218152866242,0,11,None,66,1,5,False,1000,1000
10948,148,unweighted_fl,10,0.0995222929936305,0,11,None,66,1,5,False,1000,1000
10949,149,unweighted_fl,10,0.0995222929936305,0,11,None,66,1,5,False,1000,1000
10950,145,unweighted_fl,10,0.1731687898089172,0,13,None,66,1,5,False,1000,1000
10951,146,unweighted_fl,10,0.1780453821656051,0,13,None,66,1,5,False,1000,1000
10952,147,unweighted_fl,10,0.1814291401273885,0,13,None,66,1,5,False,1000,1000
10953,148,unweighted_fl,10,0.18640525477707,0,13,None,66,1,5,False,1000,1000
10954,149,unweighted_fl,10,0.1883957006369426,0,13,None,66,1,5,False,1000,1000
10955,145,unweighted_fl,10,0.196656050955414,0,12,None,66,1,5,False,1000,1000
10956,146,unweighted_fl,10,0.2270103503184713,0,12,None,66,1,5,False,1000,1000
10957,147,unweighted_fl,10,0.0995222929936305,0,12,None,66,1,5,False,1000,1000
10958,148,unweighted_fl,10,0.0995222929936305,0,12,None,66,1,5,False,1000,1000
10959,149,unweighted_fl,10,0.0995222929936305,0,12,None,66,1,5,False,1000,1000
10960,145,unweighted_fl,10,0.1660031847133758,0,14,None,66,1,5,False,1000,1000
10961,146,unweighted_fl,10,0.1650079617834395,0,14,None,66,1,5,False,1000,1000
10962,147,unweighted_fl,10,0.1645103503184713,0,14,None,66,1,5,False,1000,1000
10963,148,unweighted_fl,10,0.1640127388535031,0,14,None,66,1,5,False,1000,1000
10964,149,unweighted_fl,10,0.1638136942675159,0,14,None,66,1,5,False,1000,1000
10965,145,unweighted_fl,10,0.1932722929936305,0,15,None,66,1,5,False,1000,1000
10966,146,unweighted_fl,10,0.0995222929936305,0,15,None,66,1,5,False,1000,1000
10967,147,unweighted_fl,10,0.0995222929936305,0,15,None,66,1,5,False,1000,1000
10968,148,unweighted_fl,10,0.0995222929936305,0,15,None,66,1,5,False,1000,1000
10969,149,unweighted_fl,10,0.0995222929936305,0,15,None,66,1,5,False,1000,1000
10970,145,unweighted_fl,10,0.1025079617834394,0,16,None,66,1,5,False,1000,1000
10971,146,unweighted_fl,10,0.1509753184713375,0,16,None,66,1,5,False,1000,1000
10972,147,unweighted_fl,10,0.0995222929936305,0,16,None,66,1,5,False,1000,1000
10973,148,unweighted_fl,10,0.0995222929936305,0,16,None,66,1,5,False,1000,1000
10974,149,unweighted_fl,10,0.0995222929936305,0,16,None,66,1,5,False,1000,1000
10975,145,unweighted_fl,10,0.1621218152866242,0,17,None,66,1,5,False,1000,1000
10976,146,unweighted_fl,10,0.1097730891719745,0,17,None,66,1,5,False,1000,1000
10977,147,unweighted_fl,10,0.0997213375796178,0,17,None,66,1,5,False,1000,1000
10978,148,unweighted_fl,10,0.0995222929936305,0,17,None,66,1,5,False,1000,1000
10979,149,unweighted_fl,10,0.0995222929936305,0,17,None,66,1,5,False,1000,1000
10980,145,unweighted_fl,10,0.1278861464968153,0,18,None,66,1,5,False,1000,1000
10981,146,unweighted_fl,10,0.1020103503184713,0,18,None,66,1,5,False,1000,1000
10982,147,unweighted_fl,10,0.1001194267515923,0,18,None,66,1,5,False,1000,1000
10983,148,unweighted_fl,10,0.0995222929936305,0,18,None,66,1,5,False,1000,1000
10984,149,unweighted_fl,10,0.0995222929936305,0,18,None,66,1,5,False,1000,1000
10985,145,unweighted_fl,10,0.1719745222929936,0,20,None,66,1,5,False,1000,1000
10986,146,unweighted_fl,10,0.1784434713375796,0,20,None,66,1,5,False,1000,1000
10987,147,unweighted_fl,10,0.1923765923566879,0,20,None,66,1,5,False,1000,1000
10988,148,unweighted_fl,10,0.2024283439490445,0,20,None,66,1,5,False,1000,1000
10989,149,unweighted_fl,10,0.2081011146496815,0,20,None,66,1,5,False,1000,1000
10990,145,unweighted_fl,10,0.1126592356687898,0,19,None,66,1,5,False,1000,1000
10991,146,unweighted_fl,10,0.1111664012738853,0,19,None,66,1,5,False,1000,1000
10992,147,unweighted_fl,10,0.1111664012738853,0,19,None,66,1,5,False,1000,1000
10993,148,unweighted_fl,10,0.1133558917197452,0,19,None,66,1,5,False,1000,1000
10994,149,unweighted_fl,10,0.1203224522292993,0,19,None,66,1,5,False,1000,1000
10995,145,unweighted_fl,10,0.1722730891719745,0,21,None,66,1,5,False,1000,1000
10996,146,unweighted_fl,10,0.1698845541401273,0,21,None,66,1,5,False,1000,1000
10997,147,unweighted_fl,10,0.1679936305732484,0,21,None,66,1,5,False,1000,1000
10998,148,unweighted_fl,10,0.1653065286624203,0,21,None,66,1,5,False,1000,1000
10999,149,unweighted_fl,10,0.1629179936305732,0,21,None,66,1,5,False,1000,1000
11000,145,unweighted_fl,10,0.1552547770700637,0,22,None,66,1,5,False,1000,1000
11001,146,unweighted_fl,10,0.1665007961783439,0,22,None,66,1,5,False,1000,1000
11002,147,unweighted_fl,10,0.1432125796178344,0,22,None,66,1,5,False,1000,1000
11003,148,unweighted_fl,10,0.1394307324840764,0,22,None,66,1,5,False,1000,1000
11004,149,unweighted_fl,10,0.1398288216560509,0,22,None,66,1,5,False,1000,1000
11005,145,unweighted_fl,10,0.190187101910828,0,23,None,66,1,5,False,1000,1000
11006,146,unweighted_fl,10,0.1823248407643312,0,23,None,66,1,5,False,1000,1000
11007,147,unweighted_fl,10,0.1591361464968153,0,23,None,66,1,5,False,1000,1000
11008,148,unweighted_fl,10,0.1045979299363057,0,23,None,66,1,5,False,1000,1000
11009,149,unweighted_fl,10,0.0995222929936305,0,23,None,66,1,5,False,1000,1000
11010,145,unweighted_fl,10,0.1784434713375796,0,24,None,66,1,5,False,1000,1000
11011,146,unweighted_fl,10,0.1809315286624203,0,24,None,66,1,5,False,1000,1000
11012,147,unweighted_fl,10,0.1838176751592356,0,24,None,66,1,5,False,1000,1000
11013,148,unweighted_fl,10,0.1857085987261146,0,24,None,66,1,5,False,1000,1000
11014,149,unweighted_fl,10,0.1908837579617834,0,24,None,66,1,5,False,1000,1000
11015,145,unweighted_fl,10,0.1875,0,25,None,66,1,5,False,1000,1000
11016,146,unweighted_fl,10,0.1893909235668789,0,25,None,66,1,5,False,1000,1000
11017,147,unweighted_fl,10,0.1788415605095541,0,25,None,66,1,5,False,1000,1000
11018,148,unweighted_fl,10,0.1574442675159235,0,25,None,66,1,5,False,1000,1000
11019,149,unweighted_fl,10,0.1096735668789808,0,25,None,66,1,5,False,1000,1000
11020,145,unweighted_fl,10,0.1660031847133758,0,27,None,66,1,5,False,1000,1000
11021,146,unweighted_fl,10,0.0995222929936305,0,27,None,66,1,5,False,1000,1000
11022,147,unweighted_fl,10,0.0995222929936305,0,27,None,66,1,5,False,1000,1000
11023,148,unweighted_fl,10,0.0995222929936305,0,27,None,66,1,5,False,1000,1000
11024,149,unweighted_fl,10,0.0995222929936305,0,27,None,66,1,5,False,1000,1000
11025,145,unweighted_fl,10,0.235171178343949,0,26,None,66,1,5,False,1000,1000
11026,146,unweighted_fl,10,0.1830214968152866,0,26,None,66,1,5,False,1000,1000
11027,147,unweighted_fl,10,0.0995222929936305,0,26,None,66,1,5,False,1000,1000
11028,148,unweighted_fl,10,0.0995222929936305,0,26,None,66,1,5,False,1000,1000
11029,149,unweighted_fl,10,0.0995222929936305,0,26,None,66,1,5,False,1000,1000
11030,145,unweighted_fl,10,0.2359673566878981,0,28,None,66,1,5,False,1000,1000
11031,146,unweighted_fl,10,0.2379578025477707,0,28,None,66,1,5,False,1000,1000
11032,147,unweighted_fl,10,0.1343550955414012,0,28,None,66,1,5,False,1000,1000
11033,148,unweighted_fl,10,0.1035031847133758,0,28,None,66,1,5,False,1000,1000
11034,149,unweighted_fl,10,0.0992237261146496,0,28,None,66,1,5,False,1000,1000
11035,145,unweighted_fl,10,0.0995222929936305,0,29,None,66,1,5,False,1000,1000
11036,146,unweighted_fl,10,0.0995222929936305,0,29,None,66,1,5,False,1000,1000
11037,147,unweighted_fl,10,0.0995222929936305,0,29,None,66,1,5,False,1000,1000
11038,148,unweighted_fl,10,0.0995222929936305,0,29,None,66,1,5,False,1000,1000
11039,149,unweighted_fl,10,0.0995222929936305,0,29,None,66,1,5,False,1000,1000
11040,145,unweighted_fl,10,0.1146496815286624,0,30,None,66,1,5,False,1000,1000
11041,146,unweighted_fl,10,0.0995222929936305,0,30,None,66,1,5,False,1000,1000
11042,147,unweighted_fl,10,0.0995222929936305,0,30,None,66,1,5,False,1000,1000
11043,148,unweighted_fl,10,0.0995222929936305,0,30,None,66,1,5,False,1000,1000
11044,149,unweighted_fl,10,0.0995222929936305,0,30,None,66,1,5,False,1000,1000
11045,145,unweighted_fl,10,0.181031050955414,0,32,None,66,1,5,False,1000,1000
11046,146,unweighted_fl,10,0.1888933121019108,0,32,None,66,1,5,False,1000,1000
11047,147,unweighted_fl,10,0.1888933121019108,0,32,None,66,1,5,False,1000,1000
11048,148,unweighted_fl,10,0.1808320063694267,0,32,None,66,1,5,False,1000,1000
11049,149,unweighted_fl,10,0.1684912420382165,0,32,None,66,1,5,False,1000,1000
11050,145,unweighted_fl,10,0.2258160828025477,0,31,None,66,1,5,False,1000,1000
11051,146,unweighted_fl,10,0.2437300955414012,0,31,None,66,1,5,False,1000,1000
11052,147,unweighted_fl,10,0.179140127388535,0,31,None,66,1,5,False,1000,1000
11053,148,unweighted_fl,10,0.1375398089171974,0,31,None,66,1,5,False,1000,1000
11054,149,unweighted_fl,10,0.0996218152866242,0,31,None,66,1,5,False,1000,1000
11055,150,unweighted_fl,10,0.1865047770700637,0,0,None,66,1,5,False,1000,1000
11056,151,unweighted_fl,10,0.1861066878980891,0,0,None,66,1,5,False,1000,1000
11057,152,unweighted_fl,10,0.1879976114649681,0,0,None,66,1,5,False,1000,1000
11058,153,unweighted_fl,10,0.1867038216560509,0,0,None,66,1,5,False,1000,1000
11059,154,unweighted_fl,10,0.185609076433121,0,0,None,66,1,5,False,1000,1000
11060,150,unweighted_fl,10,0.2519904458598726,0,1,None,66,1,5,False,1000,1000
11061,151,unweighted_fl,10,0.2267117834394904,0,1,None,66,1,5,False,1000,1000
11062,152,unweighted_fl,10,0.1639132165605095,0,1,None,66,1,5,False,1000,1000
11063,153,unweighted_fl,10,0.12390525477707,0,1,None,66,1,5,False,1000,1000
11064,154,unweighted_fl,10,0.0995222929936305,0,1,None,66,1,5,False,1000,1000
11065,150,unweighted_fl,10,0.2552746815286624,0,2,None,66,1,5,False,1000,1000
11066,151,unweighted_fl,10,0.2289012738853503,0,2,None,66,1,5,False,1000,1000
11067,152,unweighted_fl,10,0.1872014331210191,0,2,None,66,1,5,False,1000,1000
11068,153,unweighted_fl,10,0.1857085987261146,0,2,None,66,1,5,False,1000,1000
11069,154,unweighted_fl,10,0.1850119426751592,0,2,None,66,1,5,False,1000,1000
11070,150,unweighted_fl,10,0.246218152866242,0,4,None,66,1,5,False,1000,1000
11071,151,unweighted_fl,10,0.1906847133757961,0,4,None,66,1,5,False,1000,1000
11072,152,unweighted_fl,10,0.1045979299363057,0,4,None,66,1,5,False,1000,1000
11073,153,unweighted_fl,10,0.0995222929936305,0,4,None,66,1,5,False,1000,1000
11074,154,unweighted_fl,10,0.0996218152866242,0,4,None,66,1,5,False,1000,1000
11075,150,unweighted_fl,10,0.203125,0,3,None,66,1,5,False,1000,1000
11076,151,unweighted_fl,10,0.1748606687898089,0,3,None,66,1,5,False,1000,1000
11077,152,unweighted_fl,10,0.1130573248407643,0,3,None,66,1,5,False,1000,1000
11078,153,unweighted_fl,10,0.1151472929936305,0,3,None,66,1,5,False,1000,1000
11079,154,unweighted_fl,10,0.1168391719745222,0,3,None,66,1,5,False,1000,1000
11080,150,unweighted_fl,10,0.2439291401273885,0,5,None,66,1,5,False,1000,1000
11081,151,unweighted_fl,10,0.2016321656050955,0,5,None,66,1,5,False,1000,1000
11082,152,unweighted_fl,10,0.2494028662420382,0,5,None,66,1,5,False,1000,1000
11083,153,unweighted_fl,10,0.1219148089171974,0,5,None,66,1,5,False,1000,1000
11084,154,unweighted_fl,10,0.121218152866242,0,5,None,66,1,5,False,1000,1000
11085,150,unweighted_fl,10,0.2514928343949044,0,7,None,66,1,5,False,1000,1000
11086,151,unweighted_fl,10,0.2551751592356688,0,7,None,66,1,5,False,1000,1000
11087,152,unweighted_fl,10,0.2357683121019108,0,7,None,66,1,5,False,1000,1000
11088,153,unweighted_fl,10,0.208499203821656,0,7,None,66,1,5,False,1000,1000
11089,154,unweighted_fl,10,0.1830214968152866,0,7,None,66,1,5,False,1000,1000
11090,150,unweighted_fl,10,0.2571656050955414,0,6,None,66,1,5,False,1000,1000
11091,151,unweighted_fl,10,0.2146695859872611,0,6,None,66,1,5,False,1000,1000
11092,152,unweighted_fl,10,0.112858280254777,0,6,None,66,1,5,False,1000,1000
11093,153,unweighted_fl,10,0.0997213375796178,0,6,None,66,1,5,False,1000,1000
11094,154,unweighted_fl,10,0.0995222929936305,0,6,None,66,1,5,False,1000,1000
11095,150,unweighted_fl,10,0.1555533439490445,0,8,None,66,1,5,False,1000,1000
11096,151,unweighted_fl,10,0.140625,0,8,None,66,1,5,False,1000,1000
11097,152,unweighted_fl,10,0.2383558917197452,0,8,None,66,1,5,False,1000,1000
11098,153,unweighted_fl,10,0.2050159235668789,0,8,None,66,1,5,False,1000,1000
11099,154,unweighted_fl,10,0.2056130573248407,0,8,None,66,1,5,False,1000,1000
11100,150,unweighted_fl,10,0.1926751592356688,0,9,None,66,1,5,False,1000,1000
11101,151,unweighted_fl,10,0.1610270700636942,0,9,None,66,1,5,False,1000,1000
11102,152,unweighted_fl,10,0.1384355095541401,0,9,None,66,1,5,False,1000,1000
11103,153,unweighted_fl,10,0.1254976114649681,0,9,None,66,1,5,False,1000,1000
11104,154,unweighted_fl,10,0.1243033439490445,0,9,None,66,1,5,False,1000,1000
11105,150,unweighted_fl,10,0.1274880573248407,0,10,None,66,1,5,False,1000,1000
11106,151,unweighted_fl,10,0.101811305732484,0,10,None,66,1,5,False,1000,1000
11107,152,unweighted_fl,10,0.101015127388535,0,10,None,66,1,5,False,1000,1000
11108,153,unweighted_fl,10,0.1392316878980891,0,10,None,66,1,5,False,1000,1000
11109,154,unweighted_fl,10,0.1613256369426751,0,10,None,66,1,5,False,1000,1000
11110,150,unweighted_fl,10,0.2202428343949044,0,12,None,66,1,5,False,1000,1000
11111,151,unweighted_fl,10,0.203125,0,12,None,66,1,5,False,1000,1000
11112,152,unweighted_fl,10,0.0995222929936305,0,12,None,66,1,5,False,1000,1000
11113,153,unweighted_fl,10,0.0995222929936305,0,12,None,66,1,5,False,1000,1000
11114,154,unweighted_fl,10,0.0995222929936305,0,12,None,66,1,5,False,1000,1000
11115,150,unweighted_fl,10,0.2162619426751592,0,11,None,66,1,5,False,1000,1000
11116,151,unweighted_fl,10,0.1738654458598726,0,11,None,66,1,5,False,1000,1000
11117,152,unweighted_fl,10,0.1112659235668789,0,11,None,66,1,5,False,1000,1000
11118,153,unweighted_fl,10,0.0995222929936305,0,11,None,66,1,5,False,1000,1000
11119,154,unweighted_fl,10,0.0995222929936305,0,11,None,66,1,5,False,1000,1000
11120,150,unweighted_fl,10,0.1808320063694267,0,13,None,66,1,5,False,1000,1000
11121,151,unweighted_fl,10,0.1839171974522293,0,13,None,66,1,5,False,1000,1000
11122,152,unweighted_fl,10,0.1863057324840764,0,13,None,66,1,5,False,1000,1000
11123,153,unweighted_fl,10,0.1875995222929936,0,13,None,66,1,5,False,1000,1000
11124,154,unweighted_fl,10,0.1885947452229299,0,13,None,66,1,5,False,1000,1000
11125,150,unweighted_fl,10,0.1940684713375796,0,15,None,66,1,5,False,1000,1000
11126,151,unweighted_fl,10,0.1264928343949044,0,15,None,66,1,5,False,1000,1000
11127,152,unweighted_fl,10,0.0995222929936305,0,15,None,66,1,5,False,1000,1000
11128,153,unweighted_fl,10,0.0995222929936305,0,15,None,66,1,5,False,1000,1000
11129,154,unweighted_fl,10,0.0995222929936305,0,15,None,66,1,5,False,1000,1000
11130,150,unweighted_fl,10,0.1754578025477707,0,14,None,66,1,5,False,1000,1000
11131,151,unweighted_fl,10,0.1752587579617834,0,14,None,66,1,5,False,1000,1000
11132,152,unweighted_fl,10,0.1752587579617834,0,14,None,66,1,5,False,1000,1000
11133,153,unweighted_fl,10,0.1751592356687898,0,14,None,66,1,5,False,1000,1000
11134,154,unweighted_fl,10,0.175358280254777,0,14,None,66,1,5,False,1000,1000
11135,150,unweighted_fl,10,0.1454020700636942,0,16,None,66,1,5,False,1000,1000
11136,151,unweighted_fl,10,0.1437101910828025,0,16,None,66,1,5,False,1000,1000
11137,152,unweighted_fl,10,0.0995222929936305,0,16,None,66,1,5,False,1000,1000
11138,153,unweighted_fl,10,0.0995222929936305,0,16,None,66,1,5,False,1000,1000
11139,154,unweighted_fl,10,0.0995222929936305,0,16,None,66,1,5,False,1000,1000
11140,150,unweighted_fl,10,0.1778463375796178,0,18,None,66,1,5,False,1000,1000
11141,151,unweighted_fl,10,0.1592356687898089,0,18,None,66,1,5,False,1000,1000
11142,152,unweighted_fl,10,0.1420183121019108,0,18,None,66,1,5,False,1000,1000
11143,153,unweighted_fl,10,0.1358479299363057,0,18,None,66,1,5,False,1000,1000
11144,154,unweighted_fl,10,0.1305732484076433,0,18,None,66,1,5,False,1000,1000
11145,150,unweighted_fl,10,0.1927746815286624,0,17,None,66,1,5,False,1000,1000
11146,151,unweighted_fl,10,0.1425159235668789,0,17,None,66,1,5,False,1000,1000
11147,152,unweighted_fl,10,0.1157444267515923,0,17,None,66,1,5,False,1000,1000
11148,153,unweighted_fl,10,0.1023089171974522,0,17,None,66,1,5,False,1000,1000
11149,154,unweighted_fl,10,0.0995222929936305,0,17,None,66,1,5,False,1000,1000
11150,150,unweighted_fl,10,0.1736664012738853,0,19,None,66,1,5,False,1000,1000
11151,151,unweighted_fl,10,0.1596337579617834,0,19,None,66,1,5,False,1000,1000
11152,152,unweighted_fl,10,0.1613256369426751,0,19,None,66,1,5,False,1000,1000
11153,153,unweighted_fl,10,0.163515127388535,0,19,None,66,1,5,False,1000,1000
11154,154,unweighted_fl,10,0.1625199044585987,0,19,None,66,1,5,False,1000,1000
11155,150,unweighted_fl,10,0.1775477707006369,0,20,None,66,1,5,False,1000,1000
11156,151,unweighted_fl,10,0.1843152866242038,0,20,None,66,1,5,False,1000,1000
11157,152,unweighted_fl,10,0.1965565286624203,0,20,None,66,1,5,False,1000,1000
11158,153,unweighted_fl,10,0.1996417197452229,0,20,None,66,1,5,False,1000,1000
11159,154,unweighted_fl,10,0.2036226114649681,0,20,None,66,1,5,False,1000,1000
11160,150,unweighted_fl,10,0.1773487261146497,0,21,None,66,1,5,False,1000,1000
11161,151,unweighted_fl,10,0.1765525477707006,0,21,None,66,1,5,False,1000,1000
11162,152,unweighted_fl,10,0.1759554140127388,0,21,None,66,1,5,False,1000,1000
11163,153,unweighted_fl,10,0.1743630573248407,0,21,None,66,1,5,False,1000,1000
11164,154,unweighted_fl,10,0.1730692675159235,0,21,None,66,1,5,False,1000,1000
11165,150,unweighted_fl,10,0.1883957006369426,0,23,None,66,1,5,False,1000,1000
11166,151,unweighted_fl,10,0.1815286624203821,0,23,None,66,1,5,False,1000,1000
11167,152,unweighted_fl,10,0.1668988853503184,0,23,None,66,1,5,False,1000,1000
11168,153,unweighted_fl,10,0.1362460191082802,0,23,None,66,1,5,False,1000,1000
11169,154,unweighted_fl,10,0.1003184713375796,0,23,None,66,1,5,False,1000,1000
11170,150,unweighted_fl,10,0.1841162420382165,0,22,None,66,1,5,False,1000,1000
11171,151,unweighted_fl,10,0.2082006369426751,0,22,None,66,1,5,False,1000,1000
11172,152,unweighted_fl,10,0.1859076433121019,0,22,None,66,1,5,False,1000,1000
11173,153,unweighted_fl,10,0.1770501592356688,0,22,None,66,1,5,False,1000,1000
11174,154,unweighted_fl,10,0.175358280254777,0,22,None,66,1,5,False,1000,1000
11175,150,unweighted_fl,10,0.181827229299363,0,24,None,66,1,5,False,1000,1000
11176,151,unweighted_fl,10,0.1849124203821656,0,24,None,66,1,5,False,1000,1000
11177,152,unweighted_fl,10,0.1861066878980891,0,24,None,66,1,5,False,1000,1000
11178,153,unweighted_fl,10,0.1890923566878981,0,24,None,66,1,5,False,1000,1000
11179,154,unweighted_fl,10,0.2263136942675159,0,24,None,66,1,5,False,1000,1000
11180,150,unweighted_fl,10,0.2353702229299363,0,26,None,66,1,5,False,1000,1000
11181,151,unweighted_fl,10,0.1911823248407643,0,26,None,66,1,5,False,1000,1000
11182,152,unweighted_fl,10,0.1274880573248407,0,26,None,66,1,5,False,1000,1000
11183,153,unweighted_fl,10,0.0995222929936305,0,26,None,66,1,5,False,1000,1000
11184,154,unweighted_fl,10,0.0995222929936305,0,26,None,66,1,5,False,1000,1000
11185,150,unweighted_fl,10,0.1876990445859872,0,25,None,66,1,5,False,1000,1000
11186,151,unweighted_fl,10,0.1873009554140127,0,25,None,66,1,5,False,1000,1000
11187,152,unweighted_fl,10,0.1793391719745223,0,25,None,66,1,5,False,1000,1000
11188,153,unweighted_fl,10,0.1666003184713375,0,25,None,66,1,5,False,1000,1000
11189,154,unweighted_fl,10,0.1424164012738853,0,25,None,66,1,5,False,1000,1000
11190,150,unweighted_fl,10,0.1819267515923567,0,27,None,66,1,5,False,1000,1000
11191,151,unweighted_fl,10,0.1122611464968152,0,27,None,66,1,5,False,1000,1000
11192,152,unweighted_fl,10,0.1161425159235668,0,27,None,66,1,5,False,1000,1000
11193,153,unweighted_fl,10,0.1215167197452229,0,27,None,66,1,5,False,1000,1000
11194,154,unweighted_fl,10,0.1305732484076433,0,27,None,66,1,5,False,1000,1000
11195,150,unweighted_fl,10,0.2539808917197452,0,28,None,66,1,5,False,1000,1000
11196,151,unweighted_fl,10,0.2170581210191083,0,28,None,66,1,5,False,1000,1000
11197,152,unweighted_fl,10,0.1375398089171974,0,28,None,66,1,5,False,1000,1000
11198,153,unweighted_fl,10,0.1012141719745222,0,28,None,66,1,5,False,1000,1000
11199,154,unweighted_fl,10,0.0992237261146496,0,28,None,66,1,5,False,1000,1000
11200,150,unweighted_fl,10,0.1134554140127388,0,29,None,66,1,5,False,1000,1000
11201,151,unweighted_fl,10,0.0995222929936305,0,29,None,66,1,5,False,1000,1000
11202,152,unweighted_fl,10,0.0995222929936305,0,29,None,66,1,5,False,1000,1000
11203,153,unweighted_fl,10,0.0995222929936305,0,29,None,66,1,5,False,1000,1000
11204,154,unweighted_fl,10,0.0995222929936305,0,29,None,66,1,5,False,1000,1000
11205,150,unweighted_fl,10,0.2450238853503184,0,31,None,66,1,5,False,1000,1000
11206,151,unweighted_fl,10,0.214171974522293,0,31,None,66,1,5,False,1000,1000
11207,152,unweighted_fl,10,0.1690883757961783,0,31,None,66,1,5,False,1000,1000
11208,153,unweighted_fl,10,0.1450039808917197,0,31,None,66,1,5,False,1000,1000
11209,154,unweighted_fl,10,0.1095740445859872,0,31,None,66,1,5,False,1000,1000
11210,150,unweighted_fl,10,0.1710788216560509,0,30,None,66,1,5,False,1000,1000
11211,151,unweighted_fl,10,0.1388335987261146,0,30,None,66,1,5,False,1000,1000
11212,152,unweighted_fl,10,0.1031050955414012,0,30,None,66,1,5,False,1000,1000
11213,153,unweighted_fl,10,0.0995222929936305,0,30,None,66,1,5,False,1000,1000
11214,154,unweighted_fl,10,0.0995222929936305,0,30,None,66,1,5,False,1000,1000
11215,150,unweighted_fl,10,0.1851114649681528,0,32,None,66,1,5,False,1000,1000
11216,151,unweighted_fl,10,0.1885947452229299,0,32,None,66,1,5,False,1000,1000
11217,152,unweighted_fl,10,0.1865047770700637,0,32,None,66,1,5,False,1000,1000
11218,153,unweighted_fl,10,0.1803343949044586,0,32,None,66,1,5,False,1000,1000
11219,154,unweighted_fl,10,0.1717754777070063,0,32,None,66,1,5,False,1000,1000
11550,155,unweighted_fl,10,0.2280055732484076,0,1,None,66,1,5,False,1000,1000
11551,156,unweighted_fl,10,0.1967555732484076,0,1,None,66,1,5,False,1000,1000
11552,157,unweighted_fl,10,0.1590366242038216,0,1,None,66,1,5,False,1000,1000
11553,158,unweighted_fl,10,0.1165406050955414,0,1,None,66,1,5,False,1000,1000
11554,159,unweighted_fl,10,0.1118630573248407,0,1,None,66,1,5,False,1000,1000
11555,155,unweighted_fl,10,0.2360668789808917,0,0,None,66,1,5,False,1000,1000
11556,156,unweighted_fl,10,0.2044187898089172,0,0,None,66,1,5,False,1000,1000
11557,157,unweighted_fl,10,0.1849124203821656,0,0,None,66,1,5,False,1000,1000
11558,158,unweighted_fl,10,0.1832205414012739,0,0,None,66,1,5,False,1000,1000
11559,159,unweighted_fl,10,0.1807324840764331,0,0,None,66,1,5,False,1000,1000
11560,155,unweighted_fl,10,0.2317874203821656,0,2,None,66,1,5,False,1000,1000
11561,156,unweighted_fl,10,0.2069068471337579,0,2,None,66,1,5,False,1000,1000
11562,157,unweighted_fl,10,0.1859076433121019,0,2,None,66,1,5,False,1000,1000
11563,158,unweighted_fl,10,0.1841162420382165,0,2,None,66,1,5,False,1000,1000
11564,159,unweighted_fl,10,0.1834195859872611,0,2,None,66,1,5,False,1000,1000
11565,155,unweighted_fl,10,0.2065087579617834,0,4,None,66,1,5,False,1000,1000
11566,156,unweighted_fl,10,0.1682921974522293,0,4,None,66,1,5,False,1000,1000
11567,157,unweighted_fl,10,0.1143511146496815,0,4,None,66,1,5,False,1000,1000
11568,158,unweighted_fl,10,0.1219148089171974,0,4,None,66,1,5,False,1000,1000
11569,159,unweighted_fl,10,0.1243033439490445,0,4,None,66,1,5,False,1000,1000
11570,155,unweighted_fl,10,0.2321855095541401,0,3,None,66,1,5,False,1000,1000
11571,156,unweighted_fl,10,0.1750597133757961,0,3,None,66,1,5,False,1000,1000
11572,157,unweighted_fl,10,0.1114649681528662,0,3,None,66,1,5,False,1000,1000
11573,158,unweighted_fl,10,0.1061902866242038,0,3,None,66,1,5,False,1000,1000
11574,159,unweighted_fl,10,0.1068869426751592,0,3,None,66,1,5,False,1000,1000
11575,155,unweighted_fl,10,0.2415406050955414,0,5,None,66,1,5,False,1000,1000
11576,156,unweighted_fl,10,0.1880971337579617,0,5,None,66,1,5,False,1000,1000
11577,157,unweighted_fl,10,0.2400477707006369,0,5,None,66,1,5,False,1000,1000
11578,158,unweighted_fl,10,0.1719745222929936,0,5,None,66,1,5,False,1000,1000
11579,159,unweighted_fl,10,0.1626194267515923,0,5,None,66,1,5,False,1000,1000
11580,155,unweighted_fl,10,0.2695063694267516,0,6,None,66,1,5,False,1000,1000
11581,156,unweighted_fl,10,0.2491042993630573,0,6,None,66,1,5,False,1000,1000
11582,157,unweighted_fl,10,0.199343152866242,0,6,None,66,1,5,False,1000,1000
11583,158,unweighted_fl,10,0.144108280254777,0,6,None,66,1,5,False,1000,1000
11584,159,unweighted_fl,10,0.1296775477707006,0,6,None,66,1,5,False,1000,1000
11585,155,unweighted_fl,10,0.2365644904458598,0,7,None,66,1,5,False,1000,1000
11586,156,unweighted_fl,10,0.226811305732484,0,7,None,66,1,5,False,1000,1000
11587,157,unweighted_fl,10,0.2061106687898089,0,7,None,66,1,5,False,1000,1000
11588,158,unweighted_fl,10,0.1877985668789809,0,7,None,66,1,5,False,1000,1000
11589,159,unweighted_fl,10,0.1720740445859872,0,7,None,66,1,5,False,1000,1000
11590,155,unweighted_fl,10,0.1808320063694267,0,8,None,66,1,5,False,1000,1000
11591,156,unweighted_fl,10,0.1802348726114649,0,8,None,66,1,5,False,1000,1000
11592,157,unweighted_fl,10,0.2580613057324841,0,8,None,66,1,5,False,1000,1000
11593,158,unweighted_fl,10,0.2127786624203821,0,8,None,66,1,5,False,1000,1000
11594,159,unweighted_fl,10,0.203921178343949,0,8,None,66,1,5,False,1000,1000
11595,155,unweighted_fl,10,0.1773487261146497,0,9,None,66,1,5,False,1000,1000
11596,156,unweighted_fl,10,0.1538614649681528,0,9,None,66,1,5,False,1000,1000
11597,157,unweighted_fl,10,0.1336584394904458,0,9,None,66,1,5,False,1000,1000
11598,158,unweighted_fl,10,0.1270899681528662,0,9,None,66,1,5,False,1000,1000
11599,159,unweighted_fl,10,0.143312101910828,0,9,None,66,1,5,False,1000,1000
11600,155,unweighted_fl,10,0.2142714968152866,0,10,None,66,1,5,False,1000,1000
11601,156,unweighted_fl,10,0.168093152866242,0,10,None,66,1,5,False,1000,1000
11602,157,unweighted_fl,10,0.1875,0,10,None,66,1,5,False,1000,1000
11603,158,unweighted_fl,10,0.2027269108280254,0,10,None,66,1,5,False,1000,1000
11604,159,unweighted_fl,10,0.1776472929936305,0,10,None,66,1,5,False,1000,1000
11605,155,unweighted_fl,10,0.2041202229299363,0,11,None,66,1,5,False,1000,1000
11606,156,unweighted_fl,10,0.1704816878980891,0,11,None,66,1,5,False,1000,1000
11607,157,unweighted_fl,10,0.1298765923566879,0,11,None,66,1,5,False,1000,1000
11608,158,unweighted_fl,10,0.0995222929936305,0,11,None,66,1,5,False,1000,1000
11609,159,unweighted_fl,10,0.0995222929936305,0,11,None,66,1,5,False,1000,1000
11610,155,unweighted_fl,10,0.2157643312101911,0,13,None,66,1,5,False,1000,1000
11611,156,unweighted_fl,10,0.2097929936305732,0,13,None,66,1,5,False,1000,1000
11612,157,unweighted_fl,10,0.2030254777070063,0,13,None,66,1,5,False,1000,1000
11613,158,unweighted_fl,10,0.1970541401273885,0,13,None,66,1,5,False,1000,1000
11614,159,unweighted_fl,10,0.1902866242038216,0,13,None,66,1,5,False,1000,1000
11615,155,unweighted_fl,10,0.2449243630573248,0,12,None,66,1,5,False,1000,1000
11616,156,unweighted_fl,10,0.2024283439490445,0,12,None,66,1,5,False,1000,1000
11617,157,unweighted_fl,10,0.0995222929936305,0,12,None,66,1,5,False,1000,1000
11618,158,unweighted_fl,10,0.0995222929936305,0,12,None,66,1,5,False,1000,1000
11619,159,unweighted_fl,10,0.0995222929936305,0,12,None,66,1,5,False,1000,1000
11620,155,unweighted_fl,10,0.1807324840764331,0,14,None,66,1,5,False,1000,1000
11621,156,unweighted_fl,10,0.1801353503184713,0,14,None,66,1,5,False,1000,1000
11622,157,unweighted_fl,10,0.1803343949044586,0,14,None,66,1,5,False,1000,1000
11623,158,unweighted_fl,10,0.1804339171974522,0,14,None,66,1,5,False,1000,1000
11624,159,unweighted_fl,10,0.1812300955414012,0,14,None,66,1,5,False,1000,1000
11625,155,unweighted_fl,10,0.2302945859872611,0,15,None,66,1,5,False,1000,1000
11626,156,unweighted_fl,10,0.1481886942675159,0,15,None,66,1,5,False,1000,1000
11627,157,unweighted_fl,10,0.0995222929936305,0,15,None,66,1,5,False,1000,1000
11628,158,unweighted_fl,10,0.0995222929936305,0,15,None,66,1,5,False,1000,1000
11629,159,unweighted_fl,10,0.0995222929936305,0,15,None,66,1,5,False,1000,1000
11630,155,unweighted_fl,10,0.1768511146496815,0,16,None,66,1,5,False,1000,1000
11631,156,unweighted_fl,10,0.1383359872611465,0,16,None,66,1,5,False,1000,1000
11632,157,unweighted_fl,10,0.0995222929936305,0,16,None,66,1,5,False,1000,1000
11633,158,unweighted_fl,10,0.0995222929936305,0,16,None,66,1,5,False,1000,1000
11634,159,unweighted_fl,10,0.0995222929936305,0,16,None,66,1,5,False,1000,1000
11635,155,unweighted_fl,10,0.2348726114649681,0,18,None,66,1,5,False,1000,1000
11636,156,unweighted_fl,10,0.2145700636942675,0,18,None,66,1,5,False,1000,1000
11637,157,unweighted_fl,10,0.182921974522293,0,18,None,66,1,5,False,1000,1000
11638,158,unweighted_fl,10,0.1800358280254777,0,18,None,66,1,5,False,1000,1000
11639,159,unweighted_fl,10,0.1787420382165605,0,18,None,66,1,5,False,1000,1000
11640,155,unweighted_fl,10,0.2751791401273885,0,17,None,66,1,5,False,1000,1000
11641,156,unweighted_fl,10,0.2474124203821656,0,17,None,66,1,5,False,1000,1000
11642,157,unweighted_fl,10,0.2349721337579617,0,17,None,66,1,5,False,1000,1000
11643,158,unweighted_fl,10,0.2220342356687898,0,17,None,66,1,5,False,1000,1000
11644,159,unweighted_fl,10,0.2065087579617834,0,17,None,66,1,5,False,1000,1000
11645,155,unweighted_fl,10,0.2164609872611465,0,20,None,66,1,5,False,1000,1000
11646,156,unweighted_fl,10,0.2183519108280254,0,20,None,66,1,5,False,1000,1000
11647,157,unweighted_fl,10,0.2154657643312102,0,20,None,66,1,5,False,1000,1000
11648,158,unweighted_fl,10,0.2120820063694267,0,20,None,66,1,5,False,1000,1000
11649,159,unweighted_fl,10,0.2073049363057325,0,20,None,66,1,5,False,1000,1000
11650,155,unweighted_fl,10,0.2310907643312102,0,19,None,66,1,5,False,1000,1000
11651,156,unweighted_fl,10,0.1899880573248407,0,19,None,66,1,5,False,1000,1000
11652,157,unweighted_fl,10,0.1823248407643312,0,19,None,66,1,5,False,1000,1000
11653,158,unweighted_fl,10,0.1835191082802547,0,19,None,66,1,5,False,1000,1000
11654,159,unweighted_fl,10,0.190187101910828,0,19,None,66,1,5,False,1000,1000
11655,155,unweighted_fl,10,0.1982484076433121,0,22,None,66,1,5,False,1000,1000
11656,156,unweighted_fl,10,0.21875,0,22,None,66,1,5,False,1000,1000
11657,157,unweighted_fl,10,0.2159633757961783,0,22,None,66,1,5,False,1000,1000
11658,158,unweighted_fl,10,0.2036226114649681,0,22,None,66,1,5,False,1000,1000
11659,159,unweighted_fl,10,0.194765127388535,0,22,None,66,1,5,False,1000,1000
11660,155,unweighted_fl,10,0.1822253184713375,0,21,None,66,1,5,False,1000,1000
11661,156,unweighted_fl,10,0.1809315286624203,0,21,None,66,1,5,False,1000,1000
11662,157,unweighted_fl,10,0.1802348726114649,0,21,None,66,1,5,False,1000,1000
11663,158,unweighted_fl,10,0.1797372611464968,0,21,None,66,1,5,False,1000,1000
11664,159,unweighted_fl,10,0.179140127388535,0,21,None,66,1,5,False,1000,1000
11665,155,unweighted_fl,10,0.2248208598726114,0,23,None,66,1,5,False,1000,1000
11666,156,unweighted_fl,10,0.2171576433121019,0,23,None,66,1,5,False,1000,1000
11667,157,unweighted_fl,10,0.2053144904458598,0,23,None,66,1,5,False,1000,1000
11668,158,unweighted_fl,10,0.1891918789808917,0,23,None,66,1,5,False,1000,1000
11669,159,unweighted_fl,10,0.1647093949044586,0,23,None,66,1,5,False,1000,1000
11670,155,unweighted_fl,10,0.1859076433121019,0,24,None,66,1,5,False,1000,1000
11671,156,unweighted_fl,10,0.185609076433121,0,24,None,66,1,5,False,1000,1000
11672,157,unweighted_fl,10,0.1925756369426751,0,24,None,66,1,5,False,1000,1000
11673,158,unweighted_fl,10,0.2262141719745223,0,24,None,66,1,5,False,1000,1000
11674,159,unweighted_fl,10,0.2185509554140127,0,24,None,66,1,5,False,1000,1000
11675,155,unweighted_fl,10,0.2375597133757961,0,25,None,66,1,5,False,1000,1000
11676,156,unweighted_fl,10,0.2314888535031847,0,25,None,66,1,5,False,1000,1000
11677,157,unweighted_fl,10,0.2221337579617834,0,25,None,66,1,5,False,1000,1000
11678,158,unweighted_fl,10,0.210390127388535,0,25,None,66,1,5,False,1000,1000
11679,159,unweighted_fl,10,0.1952627388535031,0,25,None,66,1,5,False,1000,1000
11680,155,unweighted_fl,10,0.2632364649681528,0,26,None,66,1,5,False,1000,1000
11681,156,unweighted_fl,10,0.2352707006369426,0,26,None,66,1,5,False,1000,1000
11682,157,unweighted_fl,10,0.1599323248407643,0,26,None,66,1,5,False,1000,1000
11683,158,unweighted_fl,10,0.1000199044585987,0,26,None,66,1,5,False,1000,1000
11684,159,unweighted_fl,10,0.0995222929936305,0,26,None,66,1,5,False,1000,1000
11685,155,unweighted_fl,10,0.2291003184713375,0,27,None,66,1,5,False,1000,1000
11686,156,unweighted_fl,10,0.1607285031847133,0,27,None,66,1,5,False,1000,1000
11687,157,unweighted_fl,10,0.1575437898089172,0,27,None,66,1,5,False,1000,1000
11688,158,unweighted_fl,10,0.1548566878980891,0,27,None,66,1,5,False,1000,1000
11689,159,unweighted_fl,10,0.1529657643312102,0,27,None,66,1,5,False,1000,1000
11690,155,unweighted_fl,10,0.2301950636942675,0,28,None,66,1,5,False,1000,1000
11691,156,unweighted_fl,10,0.1826234076433121,0,28,None,66,1,5,False,1000,1000
11692,157,unweighted_fl,10,0.1317675159235669,0,28,None,66,1,5,False,1000,1000
11693,158,unweighted_fl,10,0.1012141719745222,0,28,None,66,1,5,False,1000,1000
11694,159,unweighted_fl,10,0.099124203821656,0,28,None,66,1,5,False,1000,1000
11695,155,unweighted_fl,10,0.1880971337579617,0,29,None,66,1,5,False,1000,1000
11696,156,unweighted_fl,10,0.1221138535031847,0,29,None,66,1,5,False,1000,1000
11697,157,unweighted_fl,10,0.0995222929936305,0,29,None,66,1,5,False,1000,1000
11698,158,unweighted_fl,10,0.0995222929936305,0,29,None,66,1,5,False,1000,1000
11699,159,unweighted_fl,10,0.0995222929936305,0,29,None,66,1,5,False,1000,1000
11700,155,unweighted_fl,10,0.2240246815286624,0,30,None,66,1,5,False,1000,1000
11701,156,unweighted_fl,10,0.2043192675159235,0,30,None,66,1,5,False,1000,1000
11702,157,unweighted_fl,10,0.1768511146496815,0,30,None,66,1,5,False,1000,1000
11703,158,unweighted_fl,10,0.1482882165605095,0,30,None,66,1,5,False,1000,1000
11704,159,unweighted_fl,10,0.1309713375796178,0,30,None,66,1,5,False,1000,1000
11705,155,unweighted_fl,10,0.2298964968152866,0,31,None,66,1,5,False,1000,1000
11706,156,unweighted_fl,10,0.1917794585987261,0,31,None,66,1,5,False,1000,1000
11707,157,unweighted_fl,10,0.1660031847133758,0,31,None,66,1,5,False,1000,1000
11708,158,unweighted_fl,10,0.1481886942675159,0,31,None,66,1,5,False,1000,1000
11709,159,unweighted_fl,10,0.1345541401273885,0,31,None,66,1,5,False,1000,1000
11710,155,unweighted_fl,10,0.2085987261146497,0,32,None,66,1,5,False,1000,1000
11711,156,unweighted_fl,10,0.1855095541401273,0,32,None,66,1,5,False,1000,1000
11712,157,unweighted_fl,10,0.1819267515923567,0,32,None,66,1,5,False,1000,1000
11713,158,unweighted_fl,10,0.1783439490445859,0,32,None,66,1,5,False,1000,1000
11714,159,unweighted_fl,10,0.1725716560509554,0,32,None,66,1,5,False,1000,1000
11715,160,unweighted_fl,10,0.2347730891719745,0,0,None,66,1,5,False,1000,1000
11716,161,unweighted_fl,10,0.2366640127388535,0,0,None,66,1,5,False,1000,1000
11717,162,unweighted_fl,10,0.2290007961783439,0,0,None,66,1,5,False,1000,1000
11718,163,unweighted_fl,10,0.216859076433121,0,0,None,66,1,5,False,1000,1000
11719,164,unweighted_fl,10,0.2001393312101911,0,0,None,66,1,5,False,1000,1000
11720,160,unweighted_fl,10,0.1969546178343949,0,1,None,66,1,5,False,1000,1000
11721,161,unweighted_fl,10,0.1762539808917197,0,1,None,66,1,5,False,1000,1000
11722,162,unweighted_fl,10,0.1523686305732484,0,1,None,66,1,5,False,1000,1000
11723,163,unweighted_fl,10,0.1271894904458598,0,1,None,66,1,5,False,1000,1000
11724,164,unweighted_fl,10,0.1172372611464968,0,1,None,66,1,5,False,1000,1000
11725,160,unweighted_fl,10,0.2074044585987261,0,2,None,66,1,5,False,1000,1000
11726,161,unweighted_fl,10,0.190187101910828,0,2,None,66,1,5,False,1000,1000
11727,162,unweighted_fl,10,0.1796377388535031,0,2,None,66,1,5,False,1000,1000
11728,163,unweighted_fl,10,0.1777468152866242,0,2,None,66,1,5,False,1000,1000
11729,164,unweighted_fl,10,0.1765525477707006,0,2,None,66,1,5,False,1000,1000
11730,160,unweighted_fl,10,0.2359673566878981,0,3,None,66,1,5,False,1000,1000
11731,161,unweighted_fl,10,0.2153662420382165,0,3,None,66,1,5,False,1000,1000
11732,162,unweighted_fl,10,0.1535628980891719,0,3,None,66,1,5,False,1000,1000
11733,163,unweighted_fl,10,0.0986265923566879,0,3,None,66,1,5,False,1000,1000
11734,164,unweighted_fl,10,0.0985270700636942,0,3,None,66,1,5,False,1000,1000
11735,160,unweighted_fl,10,0.1906847133757961,0,4,None,66,1,5,False,1000,1000
11736,161,unweighted_fl,10,0.1665007961783439,0,4,None,66,1,5,False,1000,1000
11737,162,unweighted_fl,10,0.1458001592356688,0,4,None,66,1,5,False,1000,1000
11738,163,unweighted_fl,10,0.1686902866242038,0,4,None,66,1,5,False,1000,1000
11739,164,unweighted_fl,10,0.1674960191082802,0,4,None,66,1,5,False,1000,1000
11740,160,unweighted_fl,10,0.2044187898089172,0,5,None,66,1,5,False,1000,1000
11741,161,unweighted_fl,10,0.1374402866242038,0,5,None,66,1,5,False,1000,1000
11742,162,unweighted_fl,10,0.1566480891719745,0,5,None,66,1,5,False,1000,1000
11743,163,unweighted_fl,10,0.1540605095541401,0,5,None,66,1,5,False,1000,1000
11744,164,unweighted_fl,10,0.1555533439490445,0,5,None,66,1,5,False,1000,1000
11745,160,unweighted_fl,10,0.2400477707006369,0,6,None,66,1,5,False,1000,1000
11746,161,unweighted_fl,10,0.2427348726114649,0,6,None,66,1,5,False,1000,1000
11747,162,unweighted_fl,10,0.2306926751592356,0,6,None,66,1,5,False,1000,1000
11748,163,unweighted_fl,10,0.2166600318471337,0,6,None,66,1,5,False,1000,1000
11749,164,unweighted_fl,10,0.2169585987261146,0,6,None,66,1,5,False,1000,1000
11750,160,unweighted_fl,10,0.2063097133757961,0,7,None,66,1,5,False,1000,1000
11751,161,unweighted_fl,10,0.1940684713375796,0,7,None,66,1,5,False,1000,1000
11752,162,unweighted_fl,10,0.1823248407643312,0,7,None,66,1,5,False,1000,1000
11753,163,unweighted_fl,10,0.17078025477707,0,7,None,66,1,5,False,1000,1000
11754,164,unweighted_fl,10,0.1609275477707006,0,7,None,66,1,5,False,1000,1000
11755,160,unweighted_fl,10,0.1844148089171974,0,8,None,66,1,5,False,1000,1000
11756,161,unweighted_fl,10,0.2019307324840764,0,8,None,66,1,5,False,1000,1000
11757,162,unweighted_fl,10,0.2596536624203822,0,8,None,66,1,5,False,1000,1000
11758,163,unweighted_fl,10,0.2173566878980891,0,8,None,66,1,5,False,1000,1000
11759,164,unweighted_fl,10,0.2182523885350318,0,8,None,66,1,5,False,1000,1000
11760,160,unweighted_fl,10,0.1666998407643312,0,9,None,66,1,5,False,1000,1000
11761,161,unweighted_fl,10,0.1430135350318471,0,9,None,66,1,5,False,1000,1000
11762,162,unweighted_fl,10,0.1312699044585987,0,9,None,66,1,5,False,1000,1000
11763,163,unweighted_fl,10,0.1590366242038216,0,9,None,66,1,5,False,1000,1000
11764,164,unweighted_fl,10,0.2151671974522293,0,9,None,66,1,5,False,1000,1000
11765,160,unweighted_fl,10,0.2600517515923566,0,10,None,66,1,5,False,1000,1000
11766,161,unweighted_fl,10,0.2575636942675159,0,10,None,66,1,5,False,1000,1000
11767,162,unweighted_fl,10,0.2242237261146497,0,10,None,66,1,5,False,1000,1000
11768,163,unweighted_fl,10,0.194765127388535,0,10,None,66,1,5,False,1000,1000
11769,164,unweighted_fl,10,0.1850119426751592,0,10,None,66,1,5,False,1000,1000
11770,160,unweighted_fl,10,0.2193471337579617,0,12,None,66,1,5,False,1000,1000
11771,161,unweighted_fl,10,0.1822253184713375,0,12,None,66,1,5,False,1000,1000
11772,162,unweighted_fl,10,0.1435111464968153,0,12,None,66,1,5,False,1000,1000
11773,163,unweighted_fl,10,0.1148487261146496,0,12,None,66,1,5,False,1000,1000
11774,164,unweighted_fl,10,0.106389331210191,0,12,None,66,1,5,False,1000,1000
11775,160,unweighted_fl,10,0.1885947452229299,0,11,None,66,1,5,False,1000,1000
11776,161,unweighted_fl,10,0.1666998407643312,0,11,None,66,1,5,False,1000,1000
11777,162,unweighted_fl,10,0.1412221337579617,0,11,None,66,1,5,False,1000,1000
11778,163,unweighted_fl,10,0.1090764331210191,0,11,None,66,1,5,False,1000,1000
11779,164,unweighted_fl,10,0.125,0,11,None,66,1,5,False,1000,1000
11780,160,unweighted_fl,10,0.2376592356687898,0,14,None,66,1,5,False,1000,1000
11781,161,unweighted_fl,10,0.216859076433121,0,14,None,66,1,5,False,1000,1000
11782,162,unweighted_fl,10,0.1953622611464968,0,14,None,66,1,5,False,1000,1000
11783,163,unweighted_fl,10,0.1842157643312102,0,14,None,66,1,5,False,1000,1000
11784,164,unweighted_fl,10,0.1825238853503184,0,14,None,66,1,5,False,1000,1000
11785,160,unweighted_fl,10,0.2415406050955414,0,13,None,66,1,5,False,1000,1000
11786,161,unweighted_fl,10,0.2419386942675159,0,13,None,66,1,5,False,1000,1000
11787,162,unweighted_fl,10,0.2409434713375796,0,13,None,66,1,5,False,1000,1000
11788,163,unweighted_fl,10,0.2393511146496815,0,13,None,66,1,5,False,1000,1000
11789,164,unweighted_fl,10,0.2363654458598726,0,13,None,66,1,5,False,1000,1000
11790,160,unweighted_fl,10,0.1703821656050955,0,16,None,66,1,5,False,1000,1000
11791,161,unweighted_fl,10,0.1230095541401273,0,16,None,66,1,5,False,1000,1000
11792,162,unweighted_fl,10,0.099124203821656,0,16,None,66,1,5,False,1000,1000
11793,163,unweighted_fl,10,0.1024084394904458,0,16,None,66,1,5,False,1000,1000
11794,164,unweighted_fl,10,0.1118630573248407,0,16,None,66,1,5,False,1000,1000
11795,160,unweighted_fl,10,0.2596536624203822,0,15,None,66,1,5,False,1000,1000
11796,161,unweighted_fl,10,0.2198447452229299,0,15,None,66,1,5,False,1000,1000
11797,162,unweighted_fl,10,0.1389331210191083,0,15,None,66,1,5,False,1000,1000
11798,163,unweighted_fl,10,0.1041003184713375,0,15,None,66,1,5,False,1000,1000
11799,164,unweighted_fl,10,0.0995222929936305,0,15,None,66,1,5,False,1000,1000
11800,160,unweighted_fl,10,0.2457205414012739,0,17,None,66,1,5,False,1000,1000
11801,161,unweighted_fl,10,0.2512937898089172,0,17,None,66,1,5,False,1000,1000
11802,162,unweighted_fl,10,0.2516918789808917,0,17,None,66,1,5,False,1000,1000
11803,163,unweighted_fl,10,0.2494028662420382,0,17,None,66,1,5,False,1000,1000
11804,164,unweighted_fl,10,0.2478105095541401,0,17,None,66,1,5,False,1000,1000
11805,160,unweighted_fl,10,0.2216361464968153,0,18,None,66,1,5,False,1000,1000
11806,161,unweighted_fl,10,0.1983479299363057,0,18,None,66,1,5,False,1000,1000
11807,162,unweighted_fl,10,0.1854100318471337,0,18,None,66,1,5,False,1000,1000
11808,163,unweighted_fl,10,0.1850119426751592,0,18,None,66,1,5,False,1000,1000
11809,164,unweighted_fl,10,0.1851114649681528,0,18,None,66,1,5,False,1000,1000
11810,160,unweighted_fl,10,0.21765525477707,0,19,None,66,1,5,False,1000,1000
11811,161,unweighted_fl,10,0.1891918789808917,0,19,None,66,1,5,False,1000,1000
11812,162,unweighted_fl,10,0.1841162420382165,0,19,None,66,1,5,False,1000,1000
11813,163,unweighted_fl,10,0.1835191082802547,0,19,None,66,1,5,False,1000,1000
11814,164,unweighted_fl,10,0.21765525477707,0,19,None,66,1,5,False,1000,1000
11815,160,unweighted_fl,10,0.2415406050955414,0,20,None,66,1,5,False,1000,1000
11816,161,unweighted_fl,10,0.2450238853503184,0,20,None,66,1,5,False,1000,1000
11817,162,unweighted_fl,10,0.2437300955414012,0,20,None,66,1,5,False,1000,1000
11818,163,unweighted_fl,10,0.244327229299363,0,20,None,66,1,5,False,1000,1000
11819,164,unweighted_fl,10,0.241640127388535,0,20,None,66,1,5,False,1000,1000
11820,160,unweighted_fl,10,0.2346735668789809,0,21,None,66,1,5,False,1000,1000
11821,161,unweighted_fl,10,0.2094944267515923,0,21,None,66,1,5,False,1000,1000
11822,162,unweighted_fl,10,0.1861066878980891,0,21,None,66,1,5,False,1000,1000
11823,163,unweighted_fl,10,0.1838176751592356,0,21,None,66,1,5,False,1000,1000
11824,164,unweighted_fl,10,0.1840167197452229,0,21,None,66,1,5,False,1000,1000
11825,160,unweighted_fl,10,0.2355692675159235,0,23,None,66,1,5,False,1000,1000
11826,161,unweighted_fl,10,0.2303941082802547,0,23,None,66,1,5,False,1000,1000
11827,162,unweighted_fl,10,0.2218351910828025,0,23,None,66,1,5,False,1000,1000
11828,163,unweighted_fl,10,0.2118829617834395,0,23,None,66,1,5,False,1000,1000
11829,164,unweighted_fl,10,0.1970541401273885,0,23,None,66,1,5,False,1000,1000
11830,160,unweighted_fl,10,0.2449243630573248,0,22,None,66,1,5,False,1000,1000
11831,161,unweighted_fl,10,0.2494028662420382,0,22,None,66,1,5,False,1000,1000
11832,162,unweighted_fl,10,0.2616441082802547,0,22,None,66,1,5,False,1000,1000
11833,163,unweighted_fl,10,0.2677149681528662,0,22,None,66,1,5,False,1000,1000
11834,164,unweighted_fl,10,0.265625,0,22,None,66,1,5,False,1000,1000
11835,160,unweighted_fl,10,0.2205414012738853,0,24,None,66,1,5,False,1000,1000
11836,161,unweighted_fl,10,0.2022292993630573,0,24,None,66,1,5,False,1000,1000
11837,162,unweighted_fl,10,0.2196457006369426,0,24,None,66,1,5,False,1000,1000
11838,163,unweighted_fl,10,0.2022292993630573,0,24,None,66,1,5,False,1000,1000
11839,164,unweighted_fl,10,0.1838176751592356,0,24,None,66,1,5,False,1000,1000
11840,160,unweighted_fl,10,0.2361664012738853,0,25,None,66,1,5,False,1000,1000
11841,161,unweighted_fl,10,0.232484076433121,0,25,None,66,1,5,False,1000,1000
11842,162,unweighted_fl,10,0.2285031847133758,0,25,None,66,1,5,False,1000,1000
11843,163,unweighted_fl,10,0.2225318471337579,0,25,None,66,1,5,False,1000,1000
11844,164,unweighted_fl,10,0.2144705414012739,0,25,None,66,1,5,False,1000,1000
11845,160,unweighted_fl,10,0.2486066878980891,0,26,None,66,1,5,False,1000,1000
11846,161,unweighted_fl,10,0.268312101910828,0,26,None,66,1,5,False,1000,1000
11847,162,unweighted_fl,10,0.2365644904458598,0,26,None,66,1,5,False,1000,1000
11848,163,unweighted_fl,10,0.1779458598726114,0,26,None,66,1,5,False,1000,1000
11849,164,unweighted_fl,10,0.1402269108280254,0,26,None,66,1,5,False,1000,1000
11850,160,unweighted_fl,10,0.2003383757961783,0,28,None,66,1,5,False,1000,1000
11851,161,unweighted_fl,10,0.1682921974522293,0,28,None,66,1,5,False,1000,1000
11852,162,unweighted_fl,10,0.1418192675159235,0,28,None,66,1,5,False,1000,1000
11853,163,unweighted_fl,10,0.1222133757961783,0,28,None,66,1,5,False,1000,1000
11854,164,unweighted_fl,10,0.1458996815286624,0,28,None,66,1,5,False,1000,1000
11855,160,unweighted_fl,10,0.2250199044585987,0,29,None,66,1,5,False,1000,1000
11856,161,unweighted_fl,10,0.2019307324840764,0,29,None,66,1,5,False,1000,1000
11857,162,unweighted_fl,10,0.168093152866242,0,29,None,66,1,5,False,1000,1000
11858,163,unweighted_fl,10,0.1273885350318471,0,29,None,66,1,5,False,1000,1000
11859,164,unweighted_fl,10,0.1020103503184713,0,29,None,66,1,5,False,1000,1000
11860,160,unweighted_fl,10,0.216859076433121,0,27,None,66,1,5,False,1000,1000
11861,161,unweighted_fl,10,0.1738654458598726,0,27,None,66,1,5,False,1000,1000
11862,162,unweighted_fl,10,0.1317675159235669,0,27,None,66,1,5,False,1000,1000
11863,163,unweighted_fl,10,0.1250995222929936,0,27,None,66,1,5,False,1000,1000
11864,164,unweighted_fl,10,0.1270899681528662,0,27,None,66,1,5,False,1000,1000
11865,160,unweighted_fl,10,0.2248208598726114,0,30,None,66,1,5,False,1000,1000
11866,161,unweighted_fl,10,0.214968152866242,0,30,None,66,1,5,False,1000,1000
11867,162,unweighted_fl,10,0.2009355095541401,0,30,None,66,1,5,False,1000,1000
11868,163,unweighted_fl,10,0.1861066878980891,0,30,None,66,1,5,False,1000,1000
11869,164,unweighted_fl,10,0.1775477707006369,0,30,None,66,1,5,False,1000,1000
11870,160,unweighted_fl,10,0.2024283439490445,0,31,None,66,1,5,False,1000,1000
11871,161,unweighted_fl,10,0.1777468152866242,0,31,None,66,1,5,False,1000,1000
11872,162,unweighted_fl,10,0.1628184713375796,0,31,None,66,1,5,False,1000,1000
11873,163,unweighted_fl,10,0.1510748407643312,0,31,None,66,1,5,False,1000,1000
11874,164,unweighted_fl,10,0.1664012738853503,0,31,None,66,1,5,False,1000,1000
11875,160,unweighted_fl,10,0.2403463375796178,0,32,None,66,1,5,False,1000,1000
11876,161,unweighted_fl,10,0.2243232484076433,0,32,None,66,1,5,False,1000,1000
11877,162,unweighted_fl,10,0.1991441082802547,0,32,None,66,1,5,False,1000,1000
11878,163,unweighted_fl,10,0.1780453821656051,0,32,None,66,1,5,False,1000,1000
11879,164,unweighted_fl,10,0.1710788216560509,0,32,None,66,1,5,False,1000,1000
11880,165,unweighted_fl,10,0.1787420382165605,0,1,None,66,1,5,False,1000,1000
11881,166,unweighted_fl,10,0.1657046178343949,0,1,None,66,1,5,False,1000,1000
11882,167,unweighted_fl,10,0.1538614649681528,0,1,None,66,1,5,False,1000,1000
11883,168,unweighted_fl,10,0.1365445859872611,0,1,None,66,1,5,False,1000,1000
11884,169,unweighted_fl,10,0.1369426751592356,0,1,None,66,1,5,False,1000,1000
11885,165,unweighted_fl,10,0.2002388535031847,0,0,None,66,1,5,False,1000,1000
11886,166,unweighted_fl,10,0.2055135350318471,0,0,None,66,1,5,False,1000,1000
11887,167,unweighted_fl,10,0.2099920382165605,0,0,None,66,1,5,False,1000,1000
11888,168,unweighted_fl,10,0.2112858280254777,0,0,None,66,1,5,False,1000,1000
11889,169,unweighted_fl,10,0.2121815286624203,0,0,None,66,1,5,False,1000,1000
11890,165,unweighted_fl,10,0.2080015923566879,0,3,None,66,1,5,False,1000,1000
11891,166,unweighted_fl,10,0.2174562101910828,0,3,None,66,1,5,False,1000,1000
11892,167,unweighted_fl,10,0.2134753184713375,0,3,None,66,1,5,False,1000,1000
11893,168,unweighted_fl,10,0.2072054140127388,0,3,None,66,1,5,False,1000,1000
11894,169,unweighted_fl,10,0.171875,0,3,None,66,1,5,False,1000,1000
11895,165,unweighted_fl,10,0.1854100318471337,0,2,None,66,1,5,False,1000,1000
11896,166,unweighted_fl,10,0.1789410828025477,0,2,None,66,1,5,False,1000,1000
11897,167,unweighted_fl,10,0.1758558917197452,0,2,None,66,1,5,False,1000,1000
11898,168,unweighted_fl,10,0.1733678343949044,0,2,None,66,1,5,False,1000,1000
11899,169,unweighted_fl,10,0.1725716560509554,0,2,None,66,1,5,False,1000,1000
11900,165,unweighted_fl,10,0.1759554140127388,0,4,None,66,1,5,False,1000,1000
11901,166,unweighted_fl,10,0.1657046178343949,0,4,None,66,1,5,False,1000,1000
11902,167,unweighted_fl,10,0.1841162420382165,0,4,None,66,1,5,False,1000,1000
11903,168,unweighted_fl,10,0.2030254777070063,0,4,None,66,1,5,False,1000,1000
11904,169,unweighted_fl,10,0.1807324840764331,0,4,None,66,1,5,False,1000,1000
11905,165,unweighted_fl,10,0.1725716560509554,0,5,None,66,1,5,False,1000,1000
11906,166,unweighted_fl,10,0.1694864649681528,0,5,None,66,1,5,False,1000,1000
11907,167,unweighted_fl,10,0.1685907643312102,0,5,None,66,1,5,False,1000,1000
11908,168,unweighted_fl,10,0.1606289808917197,0,5,None,66,1,5,False,1000,1000
11909,169,unweighted_fl,10,0.1595342356687898,0,5,None,66,1,5,False,1000,1000
11910,165,unweighted_fl,10,0.1918789808917197,0,6,None,66,1,5,False,1000,1000
11911,166,unweighted_fl,10,0.1918789808917197,0,6,None,66,1,5,False,1000,1000
11912,167,unweighted_fl,10,0.192874203821656,0,6,None,66,1,5,False,1000,1000
11913,168,unweighted_fl,10,0.238953025477707,0,6,None,66,1,5,False,1000,1000
11914,169,unweighted_fl,10,0.2203423566878981,0,6,None,66,1,5,False,1000,1000
11915,165,unweighted_fl,10,0.1858081210191083,0,7,None,66,1,5,False,1000,1000
11916,166,unweighted_fl,10,0.1769506369426751,0,7,None,66,1,5,False,1000,1000
11917,167,unweighted_fl,10,0.1692874203821656,0,7,None,66,1,5,False,1000,1000
11918,168,unweighted_fl,10,0.164311305732484,0,7,None,66,1,5,False,1000,1000
11919,169,unweighted_fl,10,0.1582404458598726,0,7,None,66,1,5,False,1000,1000
11920,165,unweighted_fl,10,0.1770501592356688,0,8,None,66,1,5,False,1000,1000
11921,166,unweighted_fl,10,0.2356687898089172,0,8,None,66,1,5,False,1000,1000
11922,167,unweighted_fl,10,0.2419386942675159,0,8,None,66,1,5,False,1000,1000
11923,168,unweighted_fl,10,0.2119824840764331,0,8,None,66,1,5,False,1000,1000
11924,169,unweighted_fl,10,0.206608280254777,0,8,None,66,1,5,False,1000,1000
11925,165,unweighted_fl,10,0.1582404458598726,0,9,None,66,1,5,False,1000,1000
11926,166,unweighted_fl,10,0.13953025477707,0,9,None,66,1,5,False,1000,1000
11927,167,unweighted_fl,10,0.2228304140127388,0,9,None,66,1,5,False,1000,1000
11928,168,unweighted_fl,10,0.2147691082802547,0,9,None,66,1,5,False,1000,1000
11929,169,unweighted_fl,10,0.2235270700636942,0,9,None,66,1,5,False,1000,1000
11930,165,unweighted_fl,10,0.2051154458598726,0,10,None,66,1,5,False,1000,1000
11931,166,unweighted_fl,10,0.1965565286624203,0,10,None,66,1,5,False,1000,1000
11932,167,unweighted_fl,10,0.1848128980891719,0,10,None,66,1,5,False,1000,1000
11933,168,unweighted_fl,10,0.1765525477707006,0,10,None,66,1,5,False,1000,1000
11934,169,unweighted_fl,10,0.1674960191082802,0,10,None,66,1,5,False,1000,1000
11935,165,unweighted_fl,10,0.1811305732484076,0,12,None,66,1,5,False,1000,1000
11936,166,unweighted_fl,10,0.1642117834394904,0,12,None,66,1,5,False,1000,1000
11937,167,unweighted_fl,10,0.196656050955414,0,12,None,66,1,5,False,1000,1000
11938,168,unweighted_fl,10,0.1762539808917197,0,12,None,66,1,5,False,1000,1000
11939,169,unweighted_fl,10,0.1694864649681528,0,12,None,66,1,5,False,1000,1000
11940,165,unweighted_fl,10,0.1739649681528662,0,11,None,66,1,5,False,1000,1000
11941,166,unweighted_fl,10,0.1639132165605095,0,11,None,66,1,5,False,1000,1000
11942,167,unweighted_fl,10,0.1495820063694267,0,11,None,66,1,5,False,1000,1000
11943,168,unweighted_fl,10,0.1678941082802547,0,11,None,66,1,5,False,1000,1000
11944,169,unweighted_fl,10,0.1875995222929936,0,11,None,66,1,5,False,1000,1000
11945,165,unweighted_fl,10,0.2182523885350318,0,14,None,66,1,5,False,1000,1000
11946,166,unweighted_fl,10,0.2230294585987261,0,14,None,66,1,5,False,1000,1000
11947,167,unweighted_fl,10,0.2251194267515923,0,14,None,66,1,5,False,1000,1000
11948,168,unweighted_fl,10,0.2240246815286624,0,14,None,66,1,5,False,1000,1000
11949,169,unweighted_fl,10,0.2216361464968153,0,14,None,66,1,5,False,1000,1000
11950,165,unweighted_fl,10,0.2087977707006369,0,13,None,66,1,5,False,1000,1000
11951,166,unweighted_fl,10,0.2106886942675159,0,13,None,66,1,5,False,1000,1000
11952,167,unweighted_fl,10,0.2135748407643312,0,13,None,66,1,5,False,1000,1000
11953,168,unweighted_fl,10,0.2162619426751592,0,13,None,66,1,5,False,1000,1000
11954,169,unweighted_fl,10,0.2173566878980891,0,13,None,66,1,5,False,1000,1000
11955,165,unweighted_fl,10,0.1581409235668789,0,16,None,66,1,5,False,1000,1000
11956,166,unweighted_fl,10,0.1493829617834395,0,16,None,66,1,5,False,1000,1000
11957,167,unweighted_fl,10,0.1602308917197452,0,16,None,66,1,5,False,1000,1000
11958,168,unweighted_fl,10,0.1631170382165605,0,16,None,66,1,5,False,1000,1000
11959,169,unweighted_fl,10,0.1734673566878981,0,16,None,66,1,5,False,1000,1000
11960,165,unweighted_fl,10,0.2323845541401273,0,15,None,66,1,5,False,1000,1000
11961,166,unweighted_fl,10,0.2364649681528662,0,15,None,66,1,5,False,1000,1000
11962,167,unweighted_fl,10,0.222233280254777,0,15,None,66,1,5,False,1000,1000
11963,168,unweighted_fl,10,0.1897890127388535,0,15,None,66,1,5,False,1000,1000
11964,169,unweighted_fl,10,0.1652070063694267,0,15,None,66,1,5,False,1000,1000
11965,165,unweighted_fl,10,0.2100915605095541,0,17,None,66,1,5,False,1000,1000
11966,166,unweighted_fl,10,0.2134753184713375,0,17,None,66,1,5,False,1000,1000
11967,167,unweighted_fl,10,0.2165605095541401,0,17,None,66,1,5,False,1000,1000
11968,168,unweighted_fl,10,0.2189490445859872,0,17,None,66,1,5,False,1000,1000
11969,169,unweighted_fl,10,0.2217356687898089,0,17,None,66,1,5,False,1000,1000
11970,165,unweighted_fl,10,0.1964570063694267,0,18,None,66,1,5,False,1000,1000
11971,166,unweighted_fl,10,0.1851114649681528,0,18,None,66,1,5,False,1000,1000
11972,167,unweighted_fl,10,0.1801353503184713,0,18,None,66,1,5,False,1000,1000
11973,168,unweighted_fl,10,0.1796377388535031,0,18,None,66,1,5,False,1000,1000
11974,169,unweighted_fl,10,0.1794386942675159,0,18,None,66,1,5,False,1000,1000
11975,165,unweighted_fl,10,0.1853105095541401,0,19,None,66,1,5,False,1000,1000
11976,166,unweighted_fl,10,0.1775477707006369,0,19,None,66,1,5,False,1000,1000
11977,167,unweighted_fl,10,0.1747611464968153,0,19,None,66,1,5,False,1000,1000
11978,168,unweighted_fl,10,0.1731687898089172,0,19,None,66,1,5,False,1000,1000
11979,169,unweighted_fl,10,0.237062101910828,0,19,None,66,1,5,False,1000,1000
11980,165,unweighted_fl,10,0.2142714968152866,0,20,None,66,1,5,False,1000,1000
11981,166,unweighted_fl,10,0.2160628980891719,0,20,None,66,1,5,False,1000,1000
11982,167,unweighted_fl,10,0.2173566878980891,0,20,None,66,1,5,False,1000,1000
11983,168,unweighted_fl,10,0.2174562101910828,0,20,None,66,1,5,False,1000,1000
11984,169,unweighted_fl,10,0.2174562101910828,0,20,None,66,1,5,False,1000,1000
11985,165,unweighted_fl,10,0.2243232484076433,0,21,None,66,1,5,False,1000,1000
11986,166,unweighted_fl,10,0.2309912420382165,0,21,None,66,1,5,False,1000,1000
11987,167,unweighted_fl,10,0.2319864649681528,0,21,None,66,1,5,False,1000,1000
11988,168,unweighted_fl,10,0.222233280254777,0,21,None,66,1,5,False,1000,1000
11989,169,unweighted_fl,10,0.2060111464968153,0,21,None,66,1,5,False,1000,1000
11990,165,unweighted_fl,10,0.2135748407643312,0,22,None,66,1,5,False,1000,1000
11991,166,unweighted_fl,10,0.2166600318471337,0,22,None,66,1,5,False,1000,1000
11992,167,unweighted_fl,10,0.216859076433121,0,22,None,66,1,5,False,1000,1000
11993,168,unweighted_fl,10,0.2172571656050955,0,22,None,66,1,5,False,1000,1000
11994,169,unweighted_fl,10,0.2162619426751592,0,22,None,66,1,5,False,1000,1000
11995,165,unweighted_fl,10,0.2034235668789809,0,23,None,66,1,5,False,1000,1000
11996,166,unweighted_fl,10,0.1968550955414012,0,23,None,66,1,5,False,1000,1000
11997,167,unweighted_fl,10,0.1891918789808917,0,23,None,66,1,5,False,1000,1000
11998,168,unweighted_fl,10,0.1782444267515923,0,23,None,66,1,5,False,1000,1000
11999,169,unweighted_fl,10,0.1678941082802547,0,23,None,66,1,5,False,1000,1000
12000,165,unweighted_fl,10,0.2008359872611465,0,25,None,66,1,5,False,1000,1000
12001,166,unweighted_fl,10,0.1989450636942675,0,25,None,66,1,5,False,1000,1000
12002,167,unweighted_fl,10,0.1956608280254777,0,25,None,66,1,5,False,1000,1000
12003,168,unweighted_fl,10,0.190187101910828,0,25,None,66,1,5,False,1000,1000
12004,169,unweighted_fl,10,0.1851114649681528,0,25,None,66,1,5,False,1000,1000
12005,165,unweighted_fl,10,0.2204418789808917,0,24,None,66,1,5,False,1000,1000
12006,166,unweighted_fl,10,0.2075039808917197,0,24,None,66,1,5,False,1000,1000
12007,167,unweighted_fl,10,0.1831210191082802,0,24,None,66,1,5,False,1000,1000
12008,168,unweighted_fl,10,0.1715764331210191,0,24,None,66,1,5,False,1000,1000
12009,169,unweighted_fl,10,0.161624203821656,0,24,None,66,1,5,False,1000,1000
12010,165,unweighted_fl,10,0.2048168789808917,0,26,None,66,1,5,False,1000,1000
12011,166,unweighted_fl,10,0.2133757961783439,0,26,None,66,1,5,False,1000,1000
12012,167,unweighted_fl,10,0.2209394904458598,0,26,None,66,1,5,False,1000,1000
12013,168,unweighted_fl,10,0.2142714968152866,0,26,None,66,1,5,False,1000,1000
12014,169,unweighted_fl,10,0.198546974522293,0,26,None,66,1,5,False,1000,1000
12015,165,unweighted_fl,10,0.1874004777070063,0,27,None,66,1,5,False,1000,1000
12016,166,unweighted_fl,10,0.1624203821656051,0,27,None,66,1,5,False,1000,1000
12017,167,unweighted_fl,10,0.1530652866242038,0,27,None,66,1,5,False,1000,1000
12018,168,unweighted_fl,10,0.169984076433121,0,27,None,66,1,5,False,1000,1000
12019,169,unweighted_fl,10,0.1633160828025477,0,27,None,66,1,5,False,1000,1000
12020,165,unweighted_fl,10,0.1769506369426751,0,28,None,66,1,5,False,1000,1000
12021,166,unweighted_fl,10,0.1586385350318471,0,28,None,66,1,5,False,1000,1000
12022,167,unweighted_fl,10,0.141421178343949,0,28,None,66,1,5,False,1000,1000
12023,168,unweighted_fl,10,0.1631170382165605,0,28,None,66,1,5,False,1000,1000
12024,169,unweighted_fl,10,0.1813296178343949,0,28,None,66,1,5,False,1000,1000
12025,165,unweighted_fl,10,0.2104896496815286,0,29,None,66,1,5,False,1000,1000
12026,166,unweighted_fl,10,0.2110867834394904,0,29,None,66,1,5,False,1000,1000
12027,167,unweighted_fl,10,0.207703025477707,0,29,None,66,1,5,False,1000,1000
12028,168,unweighted_fl,10,0.2008359872611465,0,29,None,66,1,5,False,1000,1000
12029,169,unweighted_fl,10,0.1913813694267516,0,29,None,66,1,5,False,1000,1000
12030,165,unweighted_fl,10,0.1997412420382165,0,30,None,66,1,5,False,1000,1000
12031,166,unweighted_fl,10,0.1968550955414012,0,30,None,66,1,5,False,1000,1000
12032,167,unweighted_fl,10,0.1907842356687898,0,30,None,66,1,5,False,1000,1000
12033,168,unweighted_fl,10,0.1863057324840764,0,30,None,66,1,5,False,1000,1000
12034,169,unweighted_fl,10,0.1854100318471337,0,30,None,66,1,5,False,1000,1000
12035,165,unweighted_fl,10,0.1826234076433121,0,31,None,66,1,5,False,1000,1000
12036,166,unweighted_fl,10,0.1686902866242038,0,31,None,66,1,5,False,1000,1000
12037,167,unweighted_fl,10,0.1595342356687898,0,31,None,66,1,5,False,1000,1000
12038,168,unweighted_fl,10,0.1536624203821656,0,31,None,66,1,5,False,1000,1000
12039,169,unweighted_fl,10,0.190187101910828,0,31,None,66,1,5,False,1000,1000
12040,165,unweighted_fl,10,0.2126791401273885,0,32,None,66,1,5,False,1000,1000
12041,166,unweighted_fl,10,0.2201433121019108,0,32,None,66,1,5,False,1000,1000
12042,167,unweighted_fl,10,0.2223328025477707,0,32,None,66,1,5,False,1000,1000
12043,168,unweighted_fl,10,0.2205414012738853,0,32,None,66,1,5,False,1000,1000
12044,169,unweighted_fl,10,0.2182523885350318,0,32,None,66,1,5,False,1000,1000
12045,170,unweighted_fl,10,0.1674960191082802,0,1,None,66,1,5,False,1000,1000
12046,171,unweighted_fl,10,0.1581409235668789,0,1,None,66,1,5,False,1000,1000
12047,172,unweighted_fl,10,0.1477906050955414,0,1,None,66,1,5,False,1000,1000
12048,173,unweighted_fl,10,0.1593351910828025,0,1,None,66,1,5,False,1000,1000
12049,174,unweighted_fl,10,0.1686902866242038,0,1,None,66,1,5,False,1000,1000
12050,170,unweighted_fl,10,0.1735668789808917,0,2,None,66,1,5,False,1000,1000
12051,171,unweighted_fl,10,0.171875,0,2,None,66,1,5,False,1000,1000
12052,172,unweighted_fl,10,0.1705812101910828,0,2,None,66,1,5,False,1000,1000
12053,173,unweighted_fl,10,0.169984076433121,0,2,None,66,1,5,False,1000,1000
12054,174,unweighted_fl,10,0.1690883757961783,0,2,None,66,1,5,False,1000,1000
12055,170,unweighted_fl,10,0.1760549363057325,0,0,None,66,1,5,False,1000,1000
12056,171,unweighted_fl,10,0.176453025477707,0,0,None,66,1,5,False,1000,1000
12057,172,unweighted_fl,10,0.1746616242038216,0,0,None,66,1,5,False,1000,1000
12058,173,unweighted_fl,10,0.172671178343949,0,0,None,66,1,5,False,1000,1000
12059,174,unweighted_fl,10,0.1923765923566879,0,0,None,66,1,5,False,1000,1000
12060,170,unweighted_fl,10,0.179936305732484,0,3,None,66,1,5,False,1000,1000
12061,171,unweighted_fl,10,0.1834195859872611,0,3,None,66,1,5,False,1000,1000
12062,172,unweighted_fl,10,0.1925756369426751,0,3,None,66,1,5,False,1000,1000
12063,173,unweighted_fl,10,0.2406449044585987,0,3,None,66,1,5,False,1000,1000
12064,174,unweighted_fl,10,0.2582603503184713,0,3,None,66,1,5,False,1000,1000
12065,170,unweighted_fl,10,0.1625199044585987,0,5,None,66,1,5,False,1000,1000
12066,171,unweighted_fl,10,0.2089968152866242,0,5,None,66,1,5,False,1000,1000
12067,172,unweighted_fl,10,0.1959593949044586,0,5,None,66,1,5,False,1000,1000
12068,173,unweighted_fl,10,0.195561305732484,0,5,None,66,1,5,False,1000,1000
12069,174,unweighted_fl,10,0.1960589171974522,0,5,None,66,1,5,False,1000,1000
12070,170,unweighted_fl,10,0.1681926751592356,0,4,None,66,1,5,False,1000,1000
12071,171,unweighted_fl,10,0.1624203821656051,0,4,None,66,1,5,False,1000,1000
12072,172,unweighted_fl,10,0.201234076433121,0,4,None,66,1,5,False,1000,1000
12073,173,unweighted_fl,10,0.2055135350318471,0,4,None,66,1,5,False,1000,1000
12074,174,unweighted_fl,10,0.1878980891719745,0,4,None,66,1,5,False,1000,1000
12075,170,unweighted_fl,10,0.171875,0,7,None,66,1,5,False,1000,1000
12076,171,unweighted_fl,10,0.1665007961783439,0,7,None,66,1,5,False,1000,1000
12077,172,unweighted_fl,10,0.1610270700636942,0,7,None,66,1,5,False,1000,1000
12078,173,unweighted_fl,10,0.1563495222929936,0,7,None,66,1,5,False,1000,1000
12079,174,unweighted_fl,10,0.1514729299363057,0,7,None,66,1,5,False,1000,1000
12080,170,unweighted_fl,10,0.1719745222929936,0,6,None,66,1,5,False,1000,1000
12081,171,unweighted_fl,10,0.1693869426751592,0,6,None,66,1,5,False,1000,1000
12082,172,unweighted_fl,10,0.1982484076433121,0,6,None,66,1,5,False,1000,1000
12083,173,unweighted_fl,10,0.2174562101910828,0,6,None,66,1,5,False,1000,1000
12084,174,unweighted_fl,10,0.2093949044585987,0,6,None,66,1,5,False,1000,1000
12085,170,unweighted_fl,10,0.1501791401273885,0,9,None,66,1,5,False,1000,1000
12086,171,unweighted_fl,10,0.2263136942675159,0,9,None,66,1,5,False,1000,1000
12087,172,unweighted_fl,10,0.2151671974522293,0,9,None,66,1,5,False,1000,1000
12088,173,unweighted_fl,10,0.2275079617834395,0,9,None,66,1,5,False,1000,1000
12089,174,unweighted_fl,10,0.2239251592356688,0,9,None,66,1,5,False,1000,1000
12090,170,unweighted_fl,10,0.1685907643312102,0,8,None,66,1,5,False,1000,1000
12091,171,unweighted_fl,10,0.2350716560509554,0,8,None,66,1,5,False,1000,1000
12092,172,unweighted_fl,10,0.2161624203821656,0,8,None,66,1,5,False,1000,1000
12093,173,unweighted_fl,10,0.2055135350318471,0,8,None,66,1,5,False,1000,1000
12094,174,unweighted_fl,10,0.2060111464968153,0,8,None,66,1,5,False,1000,1000
12095,170,unweighted_fl,10,0.1709792993630573,0,10,None,66,1,5,False,1000,1000
12096,171,unweighted_fl,10,0.1659036624203821,0,10,None,66,1,5,False,1000,1000
12097,172,unweighted_fl,10,0.1623208598726114,0,10,None,66,1,5,False,1000,1000
12098,173,unweighted_fl,10,0.2114848726114649,0,10,None,66,1,5,False,1000,1000
12099,174,unweighted_fl,10,0.1972531847133758,0,10,None,66,1,5,False,1000,1000
12100,170,unweighted_fl,10,0.1630175159235669,0,12,None,66,1,5,False,1000,1000
12101,171,unweighted_fl,10,0.1744625796178344,0,12,None,66,1,5,False,1000,1000
12102,172,unweighted_fl,10,0.1904856687898089,0,12,None,66,1,5,False,1000,1000
12103,173,unweighted_fl,10,0.1826234076433121,0,12,None,66,1,5,False,1000,1000
12104,174,unweighted_fl,10,0.1893909235668789,0,12,None,66,1,5,False,1000,1000
12105,170,unweighted_fl,10,0.1659036624203821,0,11,None,66,1,5,False,1000,1000
12106,171,unweighted_fl,10,0.1593351910828025,0,11,None,66,1,5,False,1000,1000
12107,172,unweighted_fl,10,0.1515724522292993,0,11,None,66,1,5,False,1000,1000
12108,173,unweighted_fl,10,0.2140724522292993,0,11,None,66,1,5,False,1000,1000
12109,174,unweighted_fl,10,0.1949641719745223,0,11,None,66,1,5,False,1000,1000
12110,170,unweighted_fl,10,0.1801353503184713,0,13,None,66,1,5,False,1000,1000
12111,171,unweighted_fl,10,0.1804339171974522,0,13,None,66,1,5,False,1000,1000
12112,172,unweighted_fl,10,0.1807324840764331,0,13,None,66,1,5,False,1000,1000
12113,173,unweighted_fl,10,0.1812300955414012,0,13,None,66,1,5,False,1000,1000
12114,174,unweighted_fl,10,0.1817277070063694,0,13,None,66,1,5,False,1000,1000
12115,170,unweighted_fl,10,0.181031050955414,0,14,None,66,1,5,False,1000,1000
12116,171,unweighted_fl,10,0.1814291401273885,0,14,None,66,1,5,False,1000,1000
12117,172,unweighted_fl,10,0.1786425159235669,0,14,None,66,1,5,False,1000,1000
12118,173,unweighted_fl,10,0.1758558917197452,0,14,None,66,1,5,False,1000,1000
12119,174,unweighted_fl,10,0.1727707006369426,0,14,None,66,1,5,False,1000,1000
12120,170,unweighted_fl,10,0.1739649681528662,0,15,None,66,1,5,False,1000,1000
12121,171,unweighted_fl,10,0.1668988853503184,0,15,None,66,1,5,False,1000,1000
12122,172,unweighted_fl,10,0.1578423566878981,0,15,None,66,1,5,False,1000,1000
12123,173,unweighted_fl,10,0.1471934713375796,0,15,None,66,1,5,False,1000,1000
12124,174,unweighted_fl,10,0.1369426751592356,0,15,None,66,1,5,False,1000,1000
12125,170,unweighted_fl,10,0.1777468152866242,0,17,None,66,1,5,False,1000,1000
12126,171,unweighted_fl,10,0.1777468152866242,0,17,None,66,1,5,False,1000,1000
12127,172,unweighted_fl,10,0.1784434713375796,0,17,None,66,1,5,False,1000,1000
12128,173,unweighted_fl,10,0.1784434713375796,0,17,None,66,1,5,False,1000,1000
12129,174,unweighted_fl,10,0.1786425159235669,0,17,None,66,1,5,False,1000,1000
12130,170,unweighted_fl,10,0.1473925159235669,0,16,None,66,1,5,False,1000,1000
12131,171,unweighted_fl,10,0.1739649681528662,0,16,None,66,1,5,False,1000,1000
12132,172,unweighted_fl,10,0.1692874203821656,0,16,None,66,1,5,False,1000,1000
12133,173,unweighted_fl,10,0.1790406050955414,0,16,None,66,1,5,False,1000,1000
12134,174,unweighted_fl,10,0.1978503184713375,0,16,None,66,1,5,False,1000,1000
12135,170,unweighted_fl,10,0.1760549363057325,0,18,None,66,1,5,False,1000,1000
12136,171,unweighted_fl,10,0.1722730891719745,0,18,None,66,1,5,False,1000,1000
12137,172,unweighted_fl,10,0.1709792993630573,0,18,None,66,1,5,False,1000,1000
12138,173,unweighted_fl,10,0.1700835987261146,0,18,None,66,1,5,False,1000,1000
12139,174,unweighted_fl,10,0.1700835987261146,0,18,None,66,1,5,False,1000,1000
12140,170,unweighted_fl,10,0.1705812101910828,0,19,None,66,1,5,False,1000,1000
12141,171,unweighted_fl,10,0.1658041401273885,0,19,None,66,1,5,False,1000,1000
12142,172,unweighted_fl,10,0.1645103503184713,0,19,None,66,1,5,False,1000,1000
12143,173,unweighted_fl,10,0.2197452229299363,0,19,None,66,1,5,False,1000,1000
12144,174,unweighted_fl,10,0.2265127388535031,0,19,None,66,1,5,False,1000,1000
12145,170,unweighted_fl,10,0.181031050955414,0,20,None,66,1,5,False,1000,1000
12146,171,unweighted_fl,10,0.1806329617834395,0,20,None,66,1,5,False,1000,1000
12147,172,unweighted_fl,10,0.1806329617834395,0,20,None,66,1,5,False,1000,1000
12148,173,unweighted_fl,10,0.1804339171974522,0,20,None,66,1,5,False,1000,1000
12149,174,unweighted_fl,10,0.1804339171974522,0,20,None,66,1,5,False,1000,1000
12150,170,unweighted_fl,10,0.1786425159235669,0,22,None,66,1,5,False,1000,1000
12151,171,unweighted_fl,10,0.1757563694267516,0,22,None,66,1,5,False,1000,1000
12152,172,unweighted_fl,10,0.1725716560509554,0,22,None,66,1,5,False,1000,1000
12153,173,unweighted_fl,10,0.1703821656050955,0,22,None,66,1,5,False,1000,1000
12154,174,unweighted_fl,10,0.1665007961783439,0,22,None,66,1,5,False,1000,1000
12155,170,unweighted_fl,10,0.1871019108280254,0,21,None,66,1,5,False,1000,1000
12156,171,unweighted_fl,10,0.1918789808917197,0,21,None,66,1,5,False,1000,1000
12157,172,unweighted_fl,10,0.197452229299363,0,21,None,66,1,5,False,1000,1000
12158,173,unweighted_fl,10,0.203125,0,21,None,66,1,5,False,1000,1000
12159,174,unweighted_fl,10,0.2095939490445859,0,21,None,66,1,5,False,1000,1000
12160,170,unweighted_fl,10,0.1740644904458598,0,23,None,66,1,5,False,1000,1000
12161,171,unweighted_fl,10,0.1685907643312102,0,23,None,66,1,5,False,1000,1000
12162,172,unweighted_fl,10,0.1610270700636942,0,23,None,66,1,5,False,1000,1000
12163,173,unweighted_fl,10,0.1552547770700637,0,23,None,66,1,5,False,1000,1000
12164,174,unweighted_fl,10,0.1490843949044586,0,23,None,66,1,5,False,1000,1000
12165,170,unweighted_fl,10,0.1763535031847133,0,25,None,66,1,5,False,1000,1000
12166,171,unweighted_fl,10,0.172671178343949,0,25,None,66,1,5,False,1000,1000
12167,172,unweighted_fl,10,0.1696855095541401,0,25,None,66,1,5,False,1000,1000
12168,173,unweighted_fl,10,0.166202229299363,0,25,None,66,1,5,False,1000,1000
12169,174,unweighted_fl,10,0.1615246815286624,0,25,None,66,1,5,False,1000,1000
12170,170,unweighted_fl,10,0.1802348726114649,0,24,None,66,1,5,False,1000,1000
12171,171,unweighted_fl,10,0.1859076433121019,0,24,None,66,1,5,False,1000,1000
12172,172,unweighted_fl,10,0.1609275477707006,0,24,None,66,1,5,False,1000,1000
12173,173,unweighted_fl,10,0.1526671974522293,0,24,None,66,1,5,False,1000,1000
12174,174,unweighted_fl,10,0.1493829617834395,0,24,None,66,1,5,False,1000,1000
12175,170,unweighted_fl,10,0.1742635350318471,0,26,None,66,1,5,False,1000,1000
12176,171,unweighted_fl,10,0.1731687898089172,0,26,None,66,1,5,False,1000,1000
12177,172,unweighted_fl,10,0.1690883757961783,0,26,None,66,1,5,False,1000,1000
12178,173,unweighted_fl,10,0.1631170382165605,0,26,None,66,1,5,False,1000,1000
12179,174,unweighted_fl,10,0.1548566878980891,0,26,None,66,1,5,False,1000,1000
12180,170,unweighted_fl,10,0.1648089171974522,0,28,None,66,1,5,False,1000,1000
12181,171,unweighted_fl,10,0.1513734076433121,0,28,None,66,1,5,False,1000,1000
12182,172,unweighted_fl,10,0.1617237261146497,0,28,None,66,1,5,False,1000,1000
12183,173,unweighted_fl,10,0.1836186305732484,0,28,None,66,1,5,False,1000,1000
12184,174,unweighted_fl,10,0.1863057324840764,0,28,None,66,1,5,False,1000,1000
12185,170,unweighted_fl,10,0.1646098726114649,0,27,None,66,1,5,False,1000,1000
12186,171,unweighted_fl,10,0.1527667197452229,0,27,None,66,1,5,False,1000,1000
12187,172,unweighted_fl,10,0.1844148089171974,0,27,None,66,1,5,False,1000,1000
12188,173,unweighted_fl,10,0.1852109872611465,0,27,None,66,1,5,False,1000,1000
12189,174,unweighted_fl,10,0.1800358280254777,0,27,None,66,1,5,False,1000,1000
12190,170,unweighted_fl,10,0.1834195859872611,0,29,None,66,1,5,False,1000,1000
12191,171,unweighted_fl,10,0.1871019108280254,0,29,None,66,1,5,False,1000,1000
12192,172,unweighted_fl,10,0.1900875796178344,0,29,None,66,1,5,False,1000,1000
12193,173,unweighted_fl,10,0.1922770700636942,0,29,None,66,1,5,False,1000,1000
12194,174,unweighted_fl,10,0.1913813694267516,0,29,None,66,1,5,False,1000,1000
12195,170,unweighted_fl,10,0.1777468152866242,0,30,None,66,1,5,False,1000,1000
12196,171,unweighted_fl,10,0.1776472929936305,0,30,None,66,1,5,False,1000,1000
12197,172,unweighted_fl,10,0.1761544585987261,0,30,None,66,1,5,False,1000,1000
12198,173,unweighted_fl,10,0.1760549363057325,0,30,None,66,1,5,False,1000,1000
12199,174,unweighted_fl,10,0.1763535031847133,0,30,None,66,1,5,False,1000,1000
12200,170,unweighted_fl,10,0.1685907643312102,0,31,None,66,1,5,False,1000,1000
12201,171,unweighted_fl,10,0.1613256369426751,0,31,None,66,1,5,False,1000,1000
12202,172,unweighted_fl,10,0.1573447452229299,0,31,None,66,1,5,False,1000,1000
12203,173,unweighted_fl,10,0.1874004777070063,0,31,None,66,1,5,False,1000,1000
12204,174,unweighted_fl,10,0.1981488853503184,0,31,None,66,1,5,False,1000,1000
12205,170,unweighted_fl,10,0.181827229299363,0,32,None,66,1,5,False,1000,1000
12206,171,unweighted_fl,10,0.1831210191082802,0,32,None,66,1,5,False,1000,1000
12207,172,unweighted_fl,10,0.181827229299363,0,32,None,66,1,5,False,1000,1000
12208,173,unweighted_fl,10,0.1807324840764331,0,32,None,66,1,5,False,1000,1000
12209,174,unweighted_fl,10,0.1797372611464968,0,32,None,66,1,5,False,1000,1000
12210,175,unweighted_fl,10,0.1674960191082802,0,0,None,66,1,5,False,1000,1000
12211,176,unweighted_fl,10,0.1832205414012739,0,0,None,66,1,5,False,1000,1000
12212,177,unweighted_fl,10,0.2144705414012739,0,0,None,66,1,5,False,1000,1000
12213,178,unweighted_fl,10,0.2231289808917197,0,0,None,66,1,5,False,1000,1000
12214,179,unweighted_fl,10,0.2267117834394904,0,0,None,66,1,5,False,1000,1000
12215,175,unweighted_fl,10,0.160828025477707,0,1,None,66,1,5,False,1000,1000
12216,176,unweighted_fl,10,0.175358280254777,0,1,None,66,1,5,False,1000,1000
12217,177,unweighted_fl,10,0.1847133757961783,0,1,None,66,1,5,False,1000,1000
12218,178,unweighted_fl,10,0.1872014331210191,0,1,None,66,1,5,False,1000,1000
12219,179,unweighted_fl,10,0.1905851910828025,0,1,None,66,1,5,False,1000,1000
12220,175,unweighted_fl,10,0.168093152866242,0,2,None,66,1,5,False,1000,1000
12221,176,unweighted_fl,10,0.1666998407643312,0,2,None,66,1,5,False,1000,1000
12222,177,unweighted_fl,10,0.166202229299363,0,2,None,66,1,5,False,1000,1000
12223,178,unweighted_fl,10,0.1655055732484076,0,2,None,66,1,5,False,1000,1000
12224,179,unweighted_fl,10,0.1649084394904458,0,2,None,66,1,5,False,1000,1000
12225,175,unweighted_fl,10,0.175358280254777,0,4,None,66,1,5,False,1000,1000
12226,176,unweighted_fl,10,0.1994426751592356,0,4,None,66,1,5,False,1000,1000
12227,177,unweighted_fl,10,0.2034235668789809,0,4,None,66,1,5,False,1000,1000
12228,178,unweighted_fl,10,0.2006369426751592,0,4,None,66,1,5,False,1000,1000
12229,179,unweighted_fl,10,0.1914808917197452,0,4,None,66,1,5,False,1000,1000
12230,175,unweighted_fl,10,0.2152667197452229,0,5,None,66,1,5,False,1000,1000
12231,176,unweighted_fl,10,0.2148686305732484,0,5,None,66,1,5,False,1000,1000
12232,177,unweighted_fl,10,0.2008359872611465,0,5,None,66,1,5,False,1000,1000
12233,178,unweighted_fl,10,0.2005374203821656,0,5,None,66,1,5,False,1000,1000
12234,179,unweighted_fl,10,0.2037221337579617,0,5,None,66,1,5,False,1000,1000
12235,175,unweighted_fl,10,0.1716759554140127,0,3,None,66,1,5,False,1000,1000
12236,176,unweighted_fl,10,0.197452229299363,0,3,None,66,1,5,False,1000,1000
12237,177,unweighted_fl,10,0.2177547770700637,0,3,None,66,1,5,False,1000,1000
12238,178,unweighted_fl,10,0.2226313694267516,0,3,None,66,1,5,False,1000,1000
12239,179,unweighted_fl,10,0.2223328025477707,0,3,None,66,1,5,False,1000,1000
12240,175,unweighted_fl,10,0.1660031847133758,0,6,None,66,1,5,False,1000,1000
12241,176,unweighted_fl,10,0.1962579617834395,0,6,None,66,1,5,False,1000,1000
12242,177,unweighted_fl,10,0.2052149681528662,0,6,None,66,1,5,False,1000,1000
12243,178,unweighted_fl,10,0.2041202229299363,0,6,None,66,1,5,False,1000,1000
12244,179,unweighted_fl,10,0.1999402866242038,0,6,None,66,1,5,False,1000,1000
12245,175,unweighted_fl,10,0.2246218152866242,0,8,None,66,1,5,False,1000,1000
12246,176,unweighted_fl,10,0.21765525477707,0,8,None,66,1,5,False,1000,1000
12247,177,unweighted_fl,10,0.2117834394904458,0,8,None,66,1,5,False,1000,1000
12248,178,unweighted_fl,10,0.2132762738853503,0,8,None,66,1,5,False,1000,1000
12249,179,unweighted_fl,10,0.2237261146496815,0,8,None,66,1,5,False,1000,1000
12250,175,unweighted_fl,10,0.1656050955414012,0,7,None,66,1,5,False,1000,1000
12251,176,unweighted_fl,10,0.1611265923566879,0,7,None,66,1,5,False,1000,1000
12252,177,unweighted_fl,10,0.1611265923566879,0,7,None,66,1,5,False,1000,1000
12253,178,unweighted_fl,10,0.1968550955414012,0,7,None,66,1,5,False,1000,1000
12254,179,unweighted_fl,10,0.2124800955414012,0,7,None,66,1,5,False,1000,1000
12255,175,unweighted_fl,10,0.2269108280254777,0,9,None,66,1,5,False,1000,1000
12256,176,unweighted_fl,10,0.2153662420382165,0,9,None,66,1,5,False,1000,1000
12257,177,unweighted_fl,10,0.2561703821656051,0,9,None,66,1,5,False,1000,1000
12258,178,unweighted_fl,10,0.2247213375796178,0,9,None,66,1,5,False,1000,1000
12259,179,unweighted_fl,10,0.2459195859872611,0,9,None,66,1,5,False,1000,1000
12260,175,unweighted_fl,10,0.1610270700636942,0,10,None,66,1,5,False,1000,1000
12261,176,unweighted_fl,10,0.2008359872611465,0,10,None,66,1,5,False,1000,1000
12262,177,unweighted_fl,10,0.1956608280254777,0,10,None,66,1,5,False,1000,1000
12263,178,unweighted_fl,10,0.2011345541401273,0,10,None,66,1,5,False,1000,1000
12264,179,unweighted_fl,10,0.2559713375796178,0,10,None,66,1,5,False,1000,1000
12265,175,unweighted_fl,10,0.1614251592356688,0,11,None,66,1,5,False,1000,1000
12266,176,unweighted_fl,10,0.1658041401273885,0,11,None,66,1,5,False,1000,1000
12267,177,unweighted_fl,10,0.2196457006369426,0,11,None,66,1,5,False,1000,1000
12268,178,unweighted_fl,10,0.2206409235668789,0,11,None,66,1,5,False,1000,1000
12269,179,unweighted_fl,10,0.2048168789808917,0,11,None,66,1,5,False,1000,1000
12270,175,unweighted_fl,10,0.1675955414012739,0,13,None,66,1,5,False,1000,1000
12271,176,unweighted_fl,10,0.1675955414012739,0,13,None,66,1,5,False,1000,1000
12272,177,unweighted_fl,10,0.1677945859872611,0,13,None,66,1,5,False,1000,1000
12273,178,unweighted_fl,10,0.1675955414012739,0,13,None,66,1,5,False,1000,1000
12274,179,unweighted_fl,10,0.1674960191082802,0,13,None,66,1,5,False,1000,1000
12275,175,unweighted_fl,10,0.167296974522293,0,12,None,66,1,5,False,1000,1000
12276,176,unweighted_fl,10,0.1908837579617834,0,12,None,66,1,5,False,1000,1000
12277,177,unweighted_fl,10,0.2023288216560509,0,12,None,66,1,5,False,1000,1000
12278,178,unweighted_fl,10,0.1892914012738853,0,12,None,66,1,5,False,1000,1000
12279,179,unweighted_fl,10,0.1930732484076433,0,12,None,66,1,5,False,1000,1000
12280,175,unweighted_fl,10,0.1667993630573248,0,14,None,66,1,5,False,1000,1000
12281,176,unweighted_fl,10,0.1638136942675159,0,14,None,66,1,5,False,1000,1000
12282,177,unweighted_fl,10,0.1617237261146497,0,14,None,66,1,5,False,1000,1000
12283,178,unweighted_fl,10,0.1594347133757961,0,14,None,66,1,5,False,1000,1000
12284,179,unweighted_fl,10,0.1584394904458598,0,14,None,66,1,5,False,1000,1000
12285,175,unweighted_fl,10,0.1757563694267516,0,16,None,66,1,5,False,1000,1000
12286,176,unweighted_fl,10,0.1883957006369426,0,16,None,66,1,5,False,1000,1000
12287,177,unweighted_fl,10,0.1913813694267516,0,16,None,66,1,5,False,1000,1000
12288,178,unweighted_fl,10,0.2104896496815286,0,16,None,66,1,5,False,1000,1000
12289,179,unweighted_fl,10,0.214968152866242,0,16,None,66,1,5,False,1000,1000
12290,175,unweighted_fl,10,0.1618232484076433,0,15,None,66,1,5,False,1000,1000
12291,176,unweighted_fl,10,0.1563495222929936,0,15,None,66,1,5,False,1000,1000
12292,177,unweighted_fl,10,0.1508757961783439,0,15,None,66,1,5,False,1000,1000
12293,178,unweighted_fl,10,0.1474920382165605,0,15,None,66,1,5,False,1000,1000
12294,179,unweighted_fl,10,0.1453025477707006,0,15,None,66,1,5,False,1000,1000
12295,175,unweighted_fl,10,0.165406050955414,0,17,None,66,1,5,False,1000,1000
12296,176,unweighted_fl,10,0.1657046178343949,0,17,None,66,1,5,False,1000,1000
12297,177,unweighted_fl,10,0.1657046178343949,0,17,None,66,1,5,False,1000,1000
12298,178,unweighted_fl,10,0.1658041401273885,0,17,None,66,1,5,False,1000,1000
12299,179,unweighted_fl,10,0.1658041401273885,0,17,None,66,1,5,False,1000,1000
12300,175,unweighted_fl,10,0.1656050955414012,0,18,None,66,1,5,False,1000,1000
12301,176,unweighted_fl,10,0.1632165605095541,0,18,None,66,1,5,False,1000,1000
12302,177,unweighted_fl,10,0.1617237261146497,0,18,None,66,1,5,False,1000,1000
12303,178,unweighted_fl,10,0.1606289808917197,0,18,None,66,1,5,False,1000,1000
12304,179,unweighted_fl,10,0.1593351910828025,0,18,None,66,1,5,False,1000,1000
12305,175,unweighted_fl,10,0.1609275477707006,0,19,None,66,1,5,False,1000,1000
12306,176,unweighted_fl,10,0.1999402866242038,0,19,None,66,1,5,False,1000,1000
12307,177,unweighted_fl,10,0.2221337579617834,0,19,None,66,1,5,False,1000,1000
12308,178,unweighted_fl,10,0.2201433121019108,0,19,None,66,1,5,False,1000,1000
12309,179,unweighted_fl,10,0.2143710191082802,0,19,None,66,1,5,False,1000,1000
12310,175,unweighted_fl,10,0.1691878980891719,0,21,None,66,1,5,False,1000,1000
12311,176,unweighted_fl,10,0.1694864649681528,0,21,None,66,1,5,False,1000,1000
12312,177,unweighted_fl,10,0.1695859872611465,0,21,None,66,1,5,False,1000,1000
12313,178,unweighted_fl,10,0.1714769108280254,0,21,None,66,1,5,False,1000,1000
12314,179,unweighted_fl,10,0.1723726114649681,0,21,None,66,1,5,False,1000,1000
12315,175,unweighted_fl,10,0.1660031847133758,0,22,None,66,1,5,False,1000,1000
12316,176,unweighted_fl,10,0.1631170382165605,0,22,None,66,1,5,False,1000,1000
12317,177,unweighted_fl,10,0.1612261146496815,0,22,None,66,1,5,False,1000,1000
12318,178,unweighted_fl,10,0.1600318471337579,0,22,None,66,1,5,False,1000,1000
12319,179,unweighted_fl,10,0.1598328025477707,0,22,None,66,1,5,False,1000,1000
12320,175,unweighted_fl,10,0.167296974522293,0,20,None,66,1,5,False,1000,1000
12321,176,unweighted_fl,10,0.1669984076433121,0,20,None,66,1,5,False,1000,1000
12322,177,unweighted_fl,10,0.1668988853503184,0,20,None,66,1,5,False,1000,1000
12323,178,unweighted_fl,10,0.1666998407643312,0,20,None,66,1,5,False,1000,1000
12324,179,unweighted_fl,10,0.1667993630573248,0,20,None,66,1,5,False,1000,1000
12325,175,unweighted_fl,10,0.161624203821656,0,23,None,66,1,5,False,1000,1000
12326,176,unweighted_fl,10,0.1564490445859872,0,23,None,66,1,5,False,1000,1000
12327,177,unweighted_fl,10,0.1517714968152866,0,23,None,66,1,5,False,1000,1000
12328,178,unweighted_fl,10,0.1489848726114649,0,23,None,66,1,5,False,1000,1000
12329,179,unweighted_fl,10,0.1473925159235669,0,23,None,66,1,5,False,1000,1000
12330,175,unweighted_fl,10,0.1648089171974522,0,25,None,66,1,5,False,1000,1000
12331,176,unweighted_fl,10,0.1618232484076433,0,25,None,66,1,5,False,1000,1000
12332,177,unweighted_fl,10,0.1584394904458598,0,25,None,66,1,5,False,1000,1000
12333,178,unweighted_fl,10,0.1564490445859872,0,25,None,66,1,5,False,1000,1000
12334,179,unweighted_fl,10,0.1538614649681528,0,25,None,66,1,5,False,1000,1000
12335,175,unweighted_fl,10,0.1632165605095541,0,24,None,66,1,5,False,1000,1000
12336,176,unweighted_fl,10,0.1721735668789809,0,24,None,66,1,5,False,1000,1000
12337,177,unweighted_fl,10,0.1892914012738853,0,24,None,66,1,5,False,1000,1000
12338,178,unweighted_fl,10,0.2231289808917197,0,24,None,66,1,5,False,1000,1000
12339,179,unweighted_fl,10,0.2189490445859872,0,24,None,66,1,5,False,1000,1000
12340,175,unweighted_fl,10,0.165406050955414,0,26,None,66,1,5,False,1000,1000
12341,176,unweighted_fl,10,0.1619227707006369,0,26,None,66,1,5,False,1000,1000
12342,177,unweighted_fl,10,0.1586385350318471,0,26,None,66,1,5,False,1000,1000
12343,178,unweighted_fl,10,0.154359076433121,0,26,None,66,1,5,False,1000,1000
12344,179,unweighted_fl,10,0.1493829617834395,0,26,None,66,1,5,False,1000,1000
12345,175,unweighted_fl,10,0.1563495222929936,0,28,None,66,1,5,False,1000,1000
12346,176,unweighted_fl,10,0.1826234076433121,0,28,None,66,1,5,False,1000,1000
12347,177,unweighted_fl,10,0.1923765923566879,0,28,None,66,1,5,False,1000,1000
12348,178,unweighted_fl,10,0.1929737261146497,0,28,None,66,1,5,False,1000,1000
12349,179,unweighted_fl,10,0.1924761146496815,0,28,None,66,1,5,False,1000,1000
12350,175,unweighted_fl,10,0.1621218152866242,0,27,None,66,1,5,False,1000,1000
12351,176,unweighted_fl,10,0.1900875796178344,0,27,None,66,1,5,False,1000,1000
12352,177,unweighted_fl,10,0.1924761146496815,0,27,None,66,1,5,False,1000,1000
12353,178,unweighted_fl,10,0.1908837579617834,0,27,None,66,1,5,False,1000,1000
12354,179,unweighted_fl,10,0.192874203821656,0,27,None,66,1,5,False,1000,1000
12355,175,unweighted_fl,10,0.1723726114649681,0,29,None,66,1,5,False,1000,1000
12356,176,unweighted_fl,10,0.1748606687898089,0,29,None,66,1,5,False,1000,1000
12357,177,unweighted_fl,10,0.1762539808917197,0,29,None,66,1,5,False,1000,1000
12358,178,unweighted_fl,10,0.1775477707006369,0,29,None,66,1,5,False,1000,1000
12359,179,unweighted_fl,10,0.1836186305732484,0,29,None,66,1,5,False,1000,1000
12360,175,unweighted_fl,10,0.1611265923566879,0,31,None,66,1,5,False,1000,1000
12361,176,unweighted_fl,10,0.1801353503184713,0,31,None,66,1,5,False,1000,1000
12362,177,unweighted_fl,10,0.1930732484076433,0,31,None,66,1,5,False,1000,1000
12363,178,unweighted_fl,10,0.1959593949044586,0,31,None,66,1,5,False,1000,1000
12364,179,unweighted_fl,10,0.195561305732484,0,31,None,66,1,5,False,1000,1000
12365,175,unweighted_fl,10,0.168093152866242,0,30,None,66,1,5,False,1000,1000
12366,176,unweighted_fl,10,0.1677945859872611,0,30,None,66,1,5,False,1000,1000
12367,177,unweighted_fl,10,0.1673964968152866,0,30,None,66,1,5,False,1000,1000
12368,178,unweighted_fl,10,0.1671974522292993,0,30,None,66,1,5,False,1000,1000
12369,179,unweighted_fl,10,0.1667993630573248,0,30,None,66,1,5,False,1000,1000
12370,175,unweighted_fl,10,0.1678941082802547,0,32,None,66,1,5,False,1000,1000
12371,176,unweighted_fl,10,0.1667993630573248,0,32,None,66,1,5,False,1000,1000
12372,177,unweighted_fl,10,0.1641122611464968,0,32,None,66,1,5,False,1000,1000
12373,178,unweighted_fl,10,0.1626194267515923,0,32,None,66,1,5,False,1000,1000
12374,179,unweighted_fl,10,0.1607285031847133,0,32,None,66,1,5,False,1000,1000
13365,180,unweighted_fl,10,0.2360668789808917,0,1,None,66,1,5,False,1000,1000
13366,181,unweighted_fl,10,0.2475119426751592,0,1,None,66,1,5,False,1000,1000
13367,182,unweighted_fl,10,0.2373606687898089,0,1,None,66,1,5,False,1000,1000
13368,183,unweighted_fl,10,0.226015127388535,0,1,None,66,1,5,False,1000,1000
13369,184,unweighted_fl,10,0.2188495222929936,0,1,None,66,1,5,False,1000,1000
13370,180,unweighted_fl,10,0.2292993630573248,0,0,None,66,1,5,False,1000,1000
13371,181,unweighted_fl,10,0.2252189490445859,0,0,None,66,1,5,False,1000,1000
13372,182,unweighted_fl,10,0.2235270700636942,0,0,None,66,1,5,False,1000,1000
13373,183,unweighted_fl,10,0.2223328025477707,0,0,None,66,1,5,False,1000,1000
13374,184,unweighted_fl,10,0.2190485668789809,0,0,None,66,1,5,False,1000,1000
13375,180,unweighted_fl,10,0.2335788216560509,0,2,None,66,1,5,False,1000,1000
13376,181,unweighted_fl,10,0.2323845541401273,0,2,None,66,1,5,False,1000,1000
13377,182,unweighted_fl,10,0.2317874203821656,0,2,None,66,1,5,False,1000,1000
13378,183,unweighted_fl,10,0.2309912420382165,0,2,None,66,1,5,False,1000,1000
13379,184,unweighted_fl,10,0.2296974522292993,0,2,None,66,1,5,False,1000,1000
13380,180,unweighted_fl,10,0.2030254777070063,0,4,None,66,1,5,False,1000,1000
13381,181,unweighted_fl,10,0.2009355095541401,0,4,None,66,1,5,False,1000,1000
13382,182,unweighted_fl,10,0.1983479299363057,0,4,None,66,1,5,False,1000,1000
13383,183,unweighted_fl,10,0.1959593949044586,0,4,None,66,1,5,False,1000,1000
13384,184,unweighted_fl,10,0.1957603503184713,0,4,None,66,1,5,False,1000,1000
13385,180,unweighted_fl,10,0.2105891719745223,0,3,None,66,1,5,False,1000,1000
13386,181,unweighted_fl,10,0.2086982484076433,0,3,None,66,1,5,False,1000,1000
13387,182,unweighted_fl,10,0.2091958598726114,0,3,None,66,1,5,False,1000,1000
13388,183,unweighted_fl,10,0.2068073248407643,0,3,None,66,1,5,False,1000,1000
13389,184,unweighted_fl,10,0.2060111464968153,0,3,None,66,1,5,False,1000,1000
13390,180,unweighted_fl,10,0.221437101910828,0,5,None,66,1,5,False,1000,1000
13391,181,unweighted_fl,10,0.2123805732484076,0,5,None,66,1,5,False,1000,1000
13392,182,unweighted_fl,10,0.2082006369426751,0,5,None,66,1,5,False,1000,1000
13393,183,unweighted_fl,10,0.2092953821656051,0,5,None,66,1,5,False,1000,1000
13394,184,unweighted_fl,10,0.2110867834394904,0,5,None,66,1,5,False,1000,1000
13395,180,unweighted_fl,10,0.2319864649681528,0,7,None,66,1,5,False,1000,1000
13396,181,unweighted_fl,10,0.2276074840764331,0,7,None,66,1,5,False,1000,1000
13397,182,unweighted_fl,10,0.2237261146496815,0,7,None,66,1,5,False,1000,1000
13398,183,unweighted_fl,10,0.2203423566878981,0,7,None,66,1,5,False,1000,1000
13399,184,unweighted_fl,10,0.2172571656050955,0,7,None,66,1,5,False,1000,1000
13400,180,unweighted_fl,10,0.2193471337579617,0,8,None,66,1,5,False,1000,1000
13401,181,unweighted_fl,10,0.2160628980891719,0,8,None,66,1,5,False,1000,1000
13402,182,unweighted_fl,10,0.2221337579617834,0,8,None,66,1,5,False,1000,1000
13403,183,unweighted_fl,10,0.2374601910828025,0,8,None,66,1,5,False,1000,1000
13404,184,unweighted_fl,10,0.2505971337579618,0,8,None,66,1,5,False,1000,1000
13405,180,unweighted_fl,10,0.2388535031847133,0,6,None,66,1,5,False,1000,1000
13406,181,unweighted_fl,10,0.2513933121019108,0,6,None,66,1,5,False,1000,1000
13407,182,unweighted_fl,10,0.2510947452229299,0,6,None,66,1,5,False,1000,1000
13408,183,unweighted_fl,10,0.2358678343949044,0,6,None,66,1,5,False,1000,1000
13409,184,unweighted_fl,10,0.2270103503184713,0,6,None,66,1,5,False,1000,1000
13410,180,unweighted_fl,10,0.222233280254777,0,9,None,66,1,5,False,1000,1000
13411,181,unweighted_fl,10,0.2731886942675159,0,9,None,66,1,5,False,1000,1000
13412,182,unweighted_fl,10,0.2257165605095541,0,9,None,66,1,5,False,1000,1000
13413,183,unweighted_fl,10,0.2506966560509554,0,9,None,66,1,5,False,1000,1000
13414,184,unweighted_fl,10,0.363953025477707,0,9,None,66,1,5,False,1000,1000
13415,180,unweighted_fl,10,0.227906050955414,0,11,None,66,1,5,False,1000,1000
13416,181,unweighted_fl,10,0.2267117834394904,0,11,None,66,1,5,False,1000,1000
13417,182,unweighted_fl,10,0.2212380573248407,0,11,None,66,1,5,False,1000,1000
13418,183,unweighted_fl,10,0.2161624203821656,0,11,None,66,1,5,False,1000,1000
13419,184,unweighted_fl,10,0.208499203821656,0,11,None,66,1,5,False,1000,1000
13420,180,unweighted_fl,10,0.2466162420382165,0,10,None,66,1,5,False,1000,1000
13421,181,unweighted_fl,10,0.2733877388535032,0,10,None,66,1,5,False,1000,1000
13422,182,unweighted_fl,10,0.2350716560509554,0,10,None,66,1,5,False,1000,1000
13423,183,unweighted_fl,10,0.203125,0,10,None,66,1,5,False,1000,1000
13424,184,unweighted_fl,10,0.2085987261146497,0,10,None,66,1,5,False,1000,1000
13425,180,unweighted_fl,10,0.1970541401273885,0,12,None,66,1,5,False,1000,1000
13426,181,unweighted_fl,10,0.1938694267515923,0,12,None,66,1,5,False,1000,1000
13427,182,unweighted_fl,10,0.1982484076433121,0,12,None,66,1,5,False,1000,1000
13428,183,unweighted_fl,10,0.2003383757961783,0,12,None,66,1,5,False,1000,1000
13429,184,unweighted_fl,10,0.2056130573248407,0,12,None,66,1,5,False,1000,1000
13430,180,unweighted_fl,10,0.1701831210191083,0,14,None,66,1,5,False,1000,1000
13431,181,unweighted_fl,10,0.1674960191082802,0,14,None,66,1,5,False,1000,1000
13432,182,unweighted_fl,10,0.1723726114649681,0,14,None,66,1,5,False,1000,1000
13433,183,unweighted_fl,10,0.1781449044585987,0,14,None,66,1,5,False,1000,1000
13434,184,unweighted_fl,10,0.195561305732484,0,14,None,66,1,5,False,1000,1000
13435,180,unweighted_fl,10,0.1770501592356688,0,13,None,66,1,5,False,1000,1000
13436,181,unweighted_fl,10,0.1795382165605095,0,13,None,66,1,5,False,1000,1000
13437,182,unweighted_fl,10,0.1819267515923567,0,13,None,66,1,5,False,1000,1000
13438,183,unweighted_fl,10,0.1841162420382165,0,13,None,66,1,5,False,1000,1000
13439,184,unweighted_fl,10,0.1861066878980891,0,13,None,66,1,5,False,1000,1000
13440,180,unweighted_fl,10,0.172671178343949,0,15,None,66,1,5,False,1000,1000
13441,181,unweighted_fl,10,0.1796377388535031,0,15,None,66,1,5,False,1000,1000
13442,182,unweighted_fl,10,0.1889928343949044,0,15,None,66,1,5,False,1000,1000
13443,183,unweighted_fl,10,0.2005374203821656,0,15,None,66,1,5,False,1000,1000
13444,184,unweighted_fl,10,0.2085987261146497,0,15,None,66,1,5,False,1000,1000
13445,180,unweighted_fl,10,0.1667993630573248,0,17,None,66,1,5,False,1000,1000
13446,181,unweighted_fl,10,0.1755573248407643,0,17,None,66,1,5,False,1000,1000
13447,182,unweighted_fl,10,0.1896894904458598,0,17,None,66,1,5,False,1000,1000
13448,183,unweighted_fl,10,0.2004378980891719,0,17,None,66,1,5,False,1000,1000
13449,184,unweighted_fl,10,0.2063097133757961,0,17,None,66,1,5,False,1000,1000
13450,180,unweighted_fl,10,0.1659036624203821,0,18,None,66,1,5,False,1000,1000
13451,181,unweighted_fl,10,0.1655055732484076,0,18,None,66,1,5,False,1000,1000
13452,182,unweighted_fl,10,0.1650079617834395,0,18,None,66,1,5,False,1000,1000
13453,183,unweighted_fl,10,0.1648089171974522,0,18,None,66,1,5,False,1000,1000
13454,184,unweighted_fl,10,0.1652070063694267,0,18,None,66,1,5,False,1000,1000
13455,180,unweighted_fl,10,0.2349721337579617,0,16,None,66,1,5,False,1000,1000
13456,181,unweighted_fl,10,0.2486066878980891,0,16,None,66,1,5,False,1000,1000
13457,182,unweighted_fl,10,0.2590565286624204,0,16,None,66,1,5,False,1000,1000
13458,183,unweighted_fl,10,0.2423367834394904,0,16,None,66,1,5,False,1000,1000
13459,184,unweighted_fl,10,0.2377587579617834,0,16,None,66,1,5,False,1000,1000
13460,180,unweighted_fl,10,0.2261146496815286,0,19,None,66,1,5,False,1000,1000
13461,181,unweighted_fl,10,0.2204418789808917,0,19,None,66,1,5,False,1000,1000
13462,182,unweighted_fl,10,0.2143710191082802,0,19,None,66,1,5,False,1000,1000
13463,183,unweighted_fl,10,0.2121815286624203,0,19,None,66,1,5,False,1000,1000
13464,184,unweighted_fl,10,0.2129777070063694,0,19,None,66,1,5,False,1000,1000
13465,180,unweighted_fl,10,0.1679936305732484,0,21,None,66,1,5,False,1000,1000
13466,181,unweighted_fl,10,0.1688893312101911,0,21,None,66,1,5,False,1000,1000
13467,182,unweighted_fl,10,0.1694864649681528,0,21,None,66,1,5,False,1000,1000
13468,183,unweighted_fl,10,0.1705812101910828,0,21,None,66,1,5,False,1000,1000
13469,184,unweighted_fl,10,0.1813296178343949,0,21,None,66,1,5,False,1000,1000
13470,180,unweighted_fl,10,0.1728702229299363,0,20,None,66,1,5,False,1000,1000
13471,181,unweighted_fl,10,0.2085987261146497,0,20,None,66,1,5,False,1000,1000
13472,182,unweighted_fl,10,0.2252189490445859,0,20,None,66,1,5,False,1000,1000
13473,183,unweighted_fl,10,0.2261146496815286,0,20,None,66,1,5,False,1000,1000
13474,184,unweighted_fl,10,0.2275079617834395,0,20,None,66,1,5,False,1000,1000
13475,180,unweighted_fl,10,0.1881966560509554,0,22,None,66,1,5,False,1000,1000
13476,181,unweighted_fl,10,0.23328025477707,0,22,None,66,1,5,False,1000,1000
13477,182,unweighted_fl,10,0.2293988853503184,0,22,None,66,1,5,False,1000,1000
13478,183,unweighted_fl,10,0.2250199044585987,0,22,None,66,1,5,False,1000,1000
13479,184,unweighted_fl,10,0.2265127388535031,0,22,None,66,1,5,False,1000,1000
13480,180,unweighted_fl,10,0.2326831210191083,0,24,None,66,1,5,False,1000,1000
13481,181,unweighted_fl,10,0.2218351910828025,0,24,None,66,1,5,False,1000,1000
13482,182,unweighted_fl,10,0.2158638535031847,0,24,None,66,1,5,False,1000,1000
13483,183,unweighted_fl,10,0.2137738853503184,0,24,None,66,1,5,False,1000,1000
13484,184,unweighted_fl,10,0.2110867834394904,0,24,None,66,1,5,False,1000,1000
13485,180,unweighted_fl,10,0.1783439490445859,0,25,None,66,1,5,False,1000,1000
13486,181,unweighted_fl,10,0.1819267515923567,0,25,None,66,1,5,False,1000,1000
13487,182,unweighted_fl,10,0.1862062101910828,0,25,None,66,1,5,False,1000,1000
13488,183,unweighted_fl,10,0.1895899681528662,0,25,None,66,1,5,False,1000,1000
13489,184,unweighted_fl,10,0.1939689490445859,0,25,None,66,1,5,False,1000,1000
13490,180,unweighted_fl,10,0.1717754777070063,0,23,None,66,1,5,False,1000,1000
13491,181,unweighted_fl,10,0.1800358280254777,0,23,None,66,1,5,False,1000,1000
13492,182,unweighted_fl,10,0.2092953821656051,0,23,None,66,1,5,False,1000,1000
13493,183,unweighted_fl,10,0.2310907643312102,0,23,None,66,1,5,False,1000,1000
13494,184,unweighted_fl,10,0.237062101910828,0,23,None,66,1,5,False,1000,1000
13495,180,unweighted_fl,10,0.1892914012738853,0,26,None,66,1,5,False,1000,1000
13496,181,unweighted_fl,10,0.1977507961783439,0,26,None,66,1,5,False,1000,1000
13497,182,unweighted_fl,10,0.2391520700636942,0,26,None,66,1,5,False,1000,1000
13498,183,unweighted_fl,10,0.2363654458598726,0,26,None,66,1,5,False,1000,1000
13499,184,unweighted_fl,10,0.2264132165605095,0,26,None,66,1,5,False,1000,1000
13500,180,unweighted_fl,10,0.1967555732484076,0,27,None,66,1,5,False,1000,1000
13501,181,unweighted_fl,10,0.1950636942675159,0,27,None,66,1,5,False,1000,1000
13502,182,unweighted_fl,10,0.1982484076433121,0,27,None,66,1,5,False,1000,1000
13503,183,unweighted_fl,10,0.2004378980891719,0,27,None,66,1,5,False,1000,1000
13504,184,unweighted_fl,10,0.2026273885350318,0,27,None,66,1,5,False,1000,1000
13505,180,unweighted_fl,10,0.1949641719745223,0,28,None,66,1,5,False,1000,1000
13506,181,unweighted_fl,10,0.1952627388535031,0,28,None,66,1,5,False,1000,1000
13507,182,unweighted_fl,10,0.1963574840764331,0,28,None,66,1,5,False,1000,1000
13508,183,unweighted_fl,10,0.1992436305732484,0,28,None,66,1,5,False,1000,1000
13509,184,unweighted_fl,10,0.2001393312101911,0,28,None,66,1,5,False,1000,1000
13510,180,unweighted_fl,10,0.1687898089171974,0,30,None,66,1,5,False,1000,1000
13511,181,unweighted_fl,10,0.1690883757961783,0,30,None,66,1,5,False,1000,1000
13512,182,unweighted_fl,10,0.1689888535031847,0,30,None,66,1,5,False,1000,1000
13513,183,unweighted_fl,10,0.1694864649681528,0,30,None,66,1,5,False,1000,1000
13514,184,unweighted_fl,10,0.1698845541401273,0,30,None,66,1,5,False,1000,1000
13515,180,unweighted_fl,10,0.2156648089171974,0,31,None,66,1,5,False,1000,1000
13516,181,unweighted_fl,10,0.2044187898089172,0,31,None,66,1,5,False,1000,1000
13517,182,unweighted_fl,10,0.1981488853503184,0,31,None,66,1,5,False,1000,1000
13518,183,unweighted_fl,10,0.1990445859872611,0,31,None,66,1,5,False,1000,1000
13519,184,unweighted_fl,10,0.2003383757961783,0,31,None,66,1,5,False,1000,1000
13520,180,unweighted_fl,10,0.1713773885350318,0,29,None,66,1,5,False,1000,1000
13521,181,unweighted_fl,10,0.1746616242038216,0,29,None,66,1,5,False,1000,1000
13522,182,unweighted_fl,10,0.1761544585987261,0,29,None,66,1,5,False,1000,1000
13523,183,unweighted_fl,10,0.1951632165605095,0,29,None,66,1,5,False,1000,1000
13524,184,unweighted_fl,10,0.1776472929936305,0,29,None,66,1,5,False,1000,1000
13525,180,unweighted_fl,10,0.1673964968152866,0,32,None,66,1,5,False,1000,1000
13526,181,unweighted_fl,10,0.1674960191082802,0,32,None,66,1,5,False,1000,1000
13527,182,unweighted_fl,10,0.1669984076433121,0,32,None,66,1,5,False,1000,1000
13528,183,unweighted_fl,10,0.1679936305732484,0,32,None,66,1,5,False,1000,1000
13529,184,unweighted_fl,10,0.1692874203821656,0,32,None,66,1,5,False,1000,1000
13530,185,unweighted_fl,10,0.2217356687898089,0,1,None,66,1,5,False,1000,1000
13531,186,unweighted_fl,10,0.2206409235668789,0,1,None,66,1,5,False,1000,1000
13532,187,unweighted_fl,10,0.2213375796178344,0,1,None,66,1,5,False,1000,1000
13533,188,unweighted_fl,10,0.2229299363057325,0,1,None,66,1,5,False,1000,1000
13534,189,unweighted_fl,10,0.2280055732484076,0,1,None,66,1,5,False,1000,1000
13535,185,unweighted_fl,10,0.2213375796178344,0,2,None,66,1,5,False,1000,1000
13536,186,unweighted_fl,10,0.2207404458598726,0,2,None,66,1,5,False,1000,1000
13537,187,unweighted_fl,10,0.2198447452229299,0,2,None,66,1,5,False,1000,1000
13538,188,unweighted_fl,10,0.2193471337579617,0,2,None,66,1,5,False,1000,1000
13539,189,unweighted_fl,10,0.2184514331210191,0,2,None,66,1,5,False,1000,1000
13540,185,unweighted_fl,10,0.2197452229299363,0,0,None,66,1,5,False,1000,1000
13541,186,unweighted_fl,10,0.2193471337579617,0,0,None,66,1,5,False,1000,1000
13542,187,unweighted_fl,10,0.2184514331210191,0,0,None,66,1,5,False,1000,1000
13543,188,unweighted_fl,10,0.2236265923566879,0,0,None,66,1,5,False,1000,1000
13544,189,unweighted_fl,10,0.2291998407643312,0,0,None,66,1,5,False,1000,1000
13545,185,unweighted_fl,10,0.2519904458598726,0,3,None,66,1,5,False,1000,1000
13546,186,unweighted_fl,10,0.206608280254777,0,3,None,66,1,5,False,1000,1000
13547,187,unweighted_fl,10,0.2057125796178344,0,3,None,66,1,5,False,1000,1000
13548,188,unweighted_fl,10,0.2042197452229299,0,3,None,66,1,5,False,1000,1000
13549,189,unweighted_fl,10,0.2078025477707006,0,3,None,66,1,5,False,1000,1000
13550,185,unweighted_fl,10,0.2172571656050955,0,5,None,66,1,5,False,1000,1000
13551,186,unweighted_fl,10,0.2169585987261146,0,5,None,66,1,5,False,1000,1000
13552,187,unweighted_fl,10,0.221437101910828,0,5,None,66,1,5,False,1000,1000
13553,188,unweighted_fl,10,0.2251194267515923,0,5,None,66,1,5,False,1000,1000
13554,189,unweighted_fl,10,0.2321855095541401,0,5,None,66,1,5,False,1000,1000
13555,185,unweighted_fl,10,0.2470143312101911,0,4,None,66,1,5,False,1000,1000
13556,186,unweighted_fl,10,0.2069068471337579,0,4,None,66,1,5,False,1000,1000
13557,187,unweighted_fl,10,0.2072054140127388,0,4,None,66,1,5,False,1000,1000
13558,188,unweighted_fl,10,0.2079020700636942,0,4,None,66,1,5,False,1000,1000
13559,189,unweighted_fl,10,0.2064092356687898,0,4,None,66,1,5,False,1000,1000
13560,185,unweighted_fl,10,0.2215366242038216,0,6,None,66,1,5,False,1000,1000
13561,186,unweighted_fl,10,0.2200437898089172,0,6,None,66,1,5,False,1000,1000
13562,187,unweighted_fl,10,0.2213375796178344,0,6,None,66,1,5,False,1000,1000
13563,188,unweighted_fl,10,0.2258160828025477,0,6,None,66,1,5,False,1000,1000
13564,189,unweighted_fl,10,0.241640127388535,0,6,None,66,1,5,False,1000,1000
13565,185,unweighted_fl,10,0.223328025477707,0,8,None,66,1,5,False,1000,1000
13566,186,unweighted_fl,10,0.2388535031847133,0,8,None,66,1,5,False,1000,1000
13567,187,unweighted_fl,10,0.2659235668789809,0,8,None,66,1,5,False,1000,1000
13568,188,unweighted_fl,10,0.3366839171974522,0,8,None,66,1,5,False,1000,1000
13569,189,unweighted_fl,10,0.3015525477707006,0,8,None,66,1,5,False,1000,1000
13570,185,unweighted_fl,10,0.2658240445859872,0,9,None,66,1,5,False,1000,1000
13571,186,unweighted_fl,10,0.2259156050955414,0,9,None,66,1,5,False,1000,1000
13572,187,unweighted_fl,10,0.2898089171974522,0,9,None,66,1,5,False,1000,1000
13573,188,unweighted_fl,10,0.3679339171974522,0,9,None,66,1,5,False,1000,1000
13574,189,unweighted_fl,10,0.4205812101910828,0,9,None,66,1,5,False,1000,1000
13575,185,unweighted_fl,10,0.2221337579617834,0,7,None,66,1,5,False,1000,1000
13576,186,unweighted_fl,10,0.2207404458598726,0,7,None,66,1,5,False,1000,1000
13577,187,unweighted_fl,10,0.2185509554140127,0,7,None,66,1,5,False,1000,1000
13578,188,unweighted_fl,10,0.2193471337579617,0,7,None,66,1,5,False,1000,1000
13579,189,unweighted_fl,10,0.2205414012738853,0,7,None,66,1,5,False,1000,1000
13580,185,unweighted_fl,10,0.2574641719745223,0,10,None,66,1,5,False,1000,1000
13581,186,unweighted_fl,10,0.203921178343949,0,10,None,66,1,5,False,1000,1000
13582,187,unweighted_fl,10,0.2115843949044586,0,10,None,66,1,5,False,1000,1000
13583,188,unweighted_fl,10,0.21875,0,10,None,66,1,5,False,1000,1000
13584,189,unweighted_fl,10,0.2330812101910828,0,10,None,66,1,5,False,1000,1000
13585,185,unweighted_fl,10,0.2092953821656051,0,12,None,66,1,5,False,1000,1000
13586,186,unweighted_fl,10,0.2075039808917197,0,12,None,66,1,5,False,1000,1000
13587,187,unweighted_fl,10,0.2151671974522293,0,12,None,66,1,5,False,1000,1000
13588,188,unweighted_fl,10,0.251890923566879,0,12,None,66,1,5,False,1000,1000
13589,189,unweighted_fl,10,0.2919984076433121,0,12,None,66,1,5,False,1000,1000
13590,185,unweighted_fl,10,0.2186504777070063,0,11,None,66,1,5,False,1000,1000
13591,186,unweighted_fl,10,0.2160628980891719,0,11,None,66,1,5,False,1000,1000
13592,187,unweighted_fl,10,0.2128781847133758,0,11,None,66,1,5,False,1000,1000
13593,188,unweighted_fl,10,0.2106886942675159,0,11,None,66,1,5,False,1000,1000
13594,189,unweighted_fl,10,0.2071058917197452,0,11,None,66,1,5,False,1000,1000
13595,185,unweighted_fl,10,0.2298964968152866,0,13,None,66,1,5,False,1000,1000
13596,186,unweighted_fl,10,0.2373606687898089,0,13,None,66,1,5,False,1000,1000
13597,187,unweighted_fl,10,0.2570660828025478,0,13,None,66,1,5,False,1000,1000
13598,188,unweighted_fl,10,0.2630374203821656,0,13,None,66,1,5,False,1000,1000
13599,189,unweighted_fl,10,0.2529856687898089,0,13,None,66,1,5,False,1000,1000
13600,185,unweighted_fl,10,0.2453224522292993,0,15,None,66,1,5,False,1000,1000
13601,186,unweighted_fl,10,0.2603503184713376,0,15,None,66,1,5,False,1000,1000
13602,187,unweighted_fl,10,0.2350716560509554,0,15,None,66,1,5,False,1000,1000
13603,188,unweighted_fl,10,0.2314888535031847,0,15,None,66,1,5,False,1000,1000
13604,189,unweighted_fl,10,0.2329816878980891,0,15,None,66,1,5,False,1000,1000
13605,185,unweighted_fl,10,0.2177547770700637,0,16,None,66,1,5,False,1000,1000
13606,186,unweighted_fl,10,0.2326831210191083,0,16,None,66,1,5,False,1000,1000
13607,187,unweighted_fl,10,0.2383558917197452,0,16,None,66,1,5,False,1000,1000
13608,188,unweighted_fl,10,0.2492038216560509,0,16,None,66,1,5,False,1000,1000
13609,189,unweighted_fl,10,0.2966759554140127,0,16,None,66,1,5,False,1000,1000
13610,185,unweighted_fl,10,0.2373606687898089,0,14,None,66,1,5,False,1000,1000
13611,186,unweighted_fl,10,0.2643312101910828,0,14,None,66,1,5,False,1000,1000
13612,187,unweighted_fl,10,0.2114848726114649,0,14,None,66,1,5,False,1000,1000
13613,188,unweighted_fl,10,0.1953622611464968,0,14,None,66,1,5,False,1000,1000
13614,189,unweighted_fl,10,0.2007364649681528,0,14,None,66,1,5,False,1000,1000
13615,185,unweighted_fl,10,0.2520899681528662,0,17,None,66,1,5,False,1000,1000
13616,186,unweighted_fl,10,0.226811305732484,0,17,None,66,1,5,False,1000,1000
13617,187,unweighted_fl,10,0.2237261146496815,0,17,None,66,1,5,False,1000,1000
13618,188,unweighted_fl,10,0.2226313694267516,0,17,None,66,1,5,False,1000,1000
13619,189,unweighted_fl,10,0.221437101910828,0,17,None,66,1,5,False,1000,1000
13620,185,unweighted_fl,10,0.2189490445859872,0,19,None,66,1,5,False,1000,1000
13621,186,unweighted_fl,10,0.2175557324840764,0,19,None,66,1,5,False,1000,1000
13622,187,unweighted_fl,10,0.2215366242038216,0,19,None,66,1,5,False,1000,1000
13623,188,unweighted_fl,10,0.2309912420382165,0,19,None,66,1,5,False,1000,1000
13624,189,unweighted_fl,10,0.2426353503184713,0,19,None,66,1,5,False,1000,1000
13625,185,unweighted_fl,10,0.2281050955414012,0,18,None,66,1,5,False,1000,1000
13626,186,unweighted_fl,10,0.239749203821656,0,18,None,66,1,5,False,1000,1000
13627,187,unweighted_fl,10,0.2540804140127388,0,18,None,66,1,5,False,1000,1000
13628,188,unweighted_fl,10,0.2307921974522293,0,18,None,66,1,5,False,1000,1000
13629,189,unweighted_fl,10,0.1885947452229299,0,18,None,66,1,5,False,1000,1000
13630,185,unweighted_fl,10,0.2238256369426751,0,20,None,66,1,5,False,1000,1000
13631,186,unweighted_fl,10,0.2213375796178344,0,20,None,66,1,5,False,1000,1000
13632,187,unweighted_fl,10,0.2204418789808917,0,20,None,66,1,5,False,1000,1000
13633,188,unweighted_fl,10,0.2186504777070063,0,20,None,66,1,5,False,1000,1000
13634,189,unweighted_fl,10,0.2180533439490445,0,20,None,66,1,5,False,1000,1000
13635,185,unweighted_fl,10,0.2213375796178344,0,22,None,66,1,5,False,1000,1000
13636,186,unweighted_fl,10,0.2226313694267516,0,22,None,66,1,5,False,1000,1000
13637,187,unweighted_fl,10,0.216859076433121,0,22,None,66,1,5,False,1000,1000
13638,188,unweighted_fl,10,0.2196457006369426,0,22,None,66,1,5,False,1000,1000
13639,189,unweighted_fl,10,0.2298964968152866,0,22,None,66,1,5,False,1000,1000
13640,185,unweighted_fl,10,0.2300955414012739,0,21,None,66,1,5,False,1000,1000
13641,186,unweighted_fl,10,0.234375,0,21,None,66,1,5,False,1000,1000
13642,187,unweighted_fl,10,0.2512937898089172,0,21,None,66,1,5,False,1000,1000
13643,188,unweighted_fl,10,0.2440286624203821,0,21,None,66,1,5,False,1000,1000
13644,189,unweighted_fl,10,0.2509952229299363,0,21,None,66,1,5,False,1000,1000
13645,185,unweighted_fl,10,0.2273089171974522,0,23,None,66,1,5,False,1000,1000
13646,186,unweighted_fl,10,0.2255175159235669,0,23,None,66,1,5,False,1000,1000
13647,187,unweighted_fl,10,0.2290007961783439,0,23,None,66,1,5,False,1000,1000
13648,188,unweighted_fl,10,0.2394506369426751,0,23,None,66,1,5,False,1000,1000
13649,189,unweighted_fl,10,0.2623407643312102,0,23,None,66,1,5,False,1000,1000
13650,185,unweighted_fl,10,0.2349721337579617,0,25,None,66,1,5,False,1000,1000
13651,186,unweighted_fl,10,0.2319864649681528,0,25,None,66,1,5,False,1000,1000
13652,187,unweighted_fl,10,0.230593152866242,0,25,None,66,1,5,False,1000,1000
13653,188,unweighted_fl,10,0.2308917197452229,0,25,None,66,1,5,False,1000,1000
13654,189,unweighted_fl,10,0.2308917197452229,0,25,None,66,1,5,False,1000,1000
13655,185,unweighted_fl,10,0.2290007961783439,0,26,None,66,1,5,False,1000,1000
13656,186,unweighted_fl,10,0.2240246815286624,0,26,None,66,1,5,False,1000,1000
13657,187,unweighted_fl,10,0.2210390127388535,0,26,None,66,1,5,False,1000,1000
13658,188,unweighted_fl,10,0.2196457006369426,0,26,None,66,1,5,False,1000,1000
13659,189,unweighted_fl,10,0.2218351910828025,0,26,None,66,1,5,False,1000,1000
13660,185,unweighted_fl,10,0.221437101910828,0,24,None,66,1,5,False,1000,1000
13661,186,unweighted_fl,10,0.21765525477707,0,24,None,66,1,5,False,1000,1000
13662,187,unweighted_fl,10,0.2237261146496815,0,24,None,66,1,5,False,1000,1000
13663,188,unweighted_fl,10,0.2492038216560509,0,24,None,66,1,5,False,1000,1000
13664,189,unweighted_fl,10,0.2729896496815286,0,24,None,66,1,5,False,1000,1000
13665,185,unweighted_fl,10,0.2046178343949044,0,27,None,66,1,5,False,1000,1000
13666,186,unweighted_fl,10,0.2086982484076433,0,27,None,66,1,5,False,1000,1000
13667,187,unweighted_fl,10,0.2129777070063694,0,27,None,66,1,5,False,1000,1000
13668,188,unweighted_fl,10,0.2290007961783439,0,27,None,66,1,5,False,1000,1000
13669,189,unweighted_fl,10,0.2798566878980891,0,27,None,66,1,5,False,1000,1000
13670,185,unweighted_fl,10,0.2415406050955414,0,29,None,66,1,5,False,1000,1000
13671,186,unweighted_fl,10,0.1958598726114649,0,29,None,66,1,5,False,1000,1000
13672,187,unweighted_fl,10,0.1877985668789809,0,29,None,66,1,5,False,1000,1000
13673,188,unweighted_fl,10,0.1889928343949044,0,29,None,66,1,5,False,1000,1000
13674,189,unweighted_fl,10,0.1894904458598726,0,29,None,66,1,5,False,1000,1000
13675,185,unweighted_fl,10,0.2482085987261146,0,28,None,66,1,5,False,1000,1000
13676,186,unweighted_fl,10,0.2408439490445859,0,28,None,66,1,5,False,1000,1000
13677,187,unweighted_fl,10,0.2383558917197452,0,28,None,66,1,5,False,1000,1000
13678,188,unweighted_fl,10,0.2479100318471337,0,28,None,66,1,5,False,1000,1000
13679,189,unweighted_fl,10,0.2838375796178344,0,28,None,66,1,5,False,1000,1000
13680,185,unweighted_fl,10,0.2538813694267516,0,30,None,66,1,5,False,1000,1000
13681,186,unweighted_fl,10,0.2027269108280254,0,30,None,66,1,5,False,1000,1000
13682,187,unweighted_fl,10,0.1828224522292993,0,30,None,66,1,5,False,1000,1000
13683,188,unweighted_fl,10,0.1832205414012739,0,30,None,66,1,5,False,1000,1000
13684,189,unweighted_fl,10,0.1841162420382165,0,30,None,66,1,5,False,1000,1000
13685,185,unweighted_fl,10,0.2302945859872611,0,32,None,66,1,5,False,1000,1000
13686,186,unweighted_fl,10,0.2412420382165605,0,32,None,66,1,5,False,1000,1000
13687,187,unweighted_fl,10,0.2603503184713376,0,32,None,66,1,5,False,1000,1000
13688,188,unweighted_fl,10,0.257265127388535,0,32,None,66,1,5,False,1000,1000
13689,189,unweighted_fl,10,0.2231289808917197,0,32,None,66,1,5,False,1000,1000
13690,185,unweighted_fl,10,0.2250199044585987,0,31,None,66,1,5,False,1000,1000
13691,186,unweighted_fl,10,0.2230294585987261,0,31,None,66,1,5,False,1000,1000
13692,187,unweighted_fl,10,0.2216361464968153,0,31,None,66,1,5,False,1000,1000
13693,188,unweighted_fl,10,0.2230294585987261,0,31,None,66,1,5,False,1000,1000
13694,189,unweighted_fl,10,0.2242237261146497,0,31,None,66,1,5,False,1000,1000
13695,190,unweighted_fl,10,0.24890525477707,0,0,None,66,1,5,False,1000,1000
13696,191,unweighted_fl,10,0.2627388535031847,0,0,None,66,1,5,False,1000,1000
13697,192,unweighted_fl,10,0.2802547770700637,0,0,None,66,1,5,False,1000,1000
13698,193,unweighted_fl,10,0.2992635350318471,0,0,None,66,1,5,False,1000,1000
13699,194,unweighted_fl,10,0.2964769108280254,0,0,None,66,1,5,False,1000,1000
13700,190,unweighted_fl,10,0.2393511146496815,0,2,None,66,1,5,False,1000,1000
13701,191,unweighted_fl,10,0.2336783439490445,0,2,None,66,1,5,False,1000,1000
13702,192,unweighted_fl,10,0.2323845541401273,0,2,None,66,1,5,False,1000,1000
13703,193,unweighted_fl,10,0.2303941082802547,0,2,None,66,1,5,False,1000,1000
13704,194,unweighted_fl,10,0.2273089171974522,0,2,None,66,1,5,False,1000,1000
13705,190,unweighted_fl,10,0.262639331210191,0,1,None,66,1,5,False,1000,1000
13706,191,unweighted_fl,10,0.283140923566879,0,1,None,66,1,5,False,1000,1000
13707,192,unweighted_fl,10,0.28125,0,1,None,66,1,5,False,1000,1000
13708,193,unweighted_fl,10,0.2574641719745223,0,1,None,66,1,5,False,1000,1000
13709,194,unweighted_fl,10,0.2404458598726114,0,1,None,66,1,5,False,1000,1000
13710,190,unweighted_fl,10,0.2463176751592356,0,3,None,66,1,5,False,1000,1000
13711,191,unweighted_fl,10,0.2736863057324841,0,3,None,66,1,5,False,1000,1000
13712,192,unweighted_fl,10,0.2832404458598726,0,3,None,66,1,5,False,1000,1000
13713,193,unweighted_fl,10,0.2914012738853503,0,3,None,66,1,5,False,1000,1000
13714,194,unweighted_fl,10,0.2173566878980891,0,3,None,66,1,5,False,1000,1000
13715,190,unweighted_fl,10,0.2493033439490445,0,5,None,66,1,5,False,1000,1000
13716,191,unweighted_fl,10,0.2698049363057325,0,5,None,66,1,5,False,1000,1000
13717,192,unweighted_fl,10,0.3063296178343949,0,5,None,66,1,5,False,1000,1000
13718,193,unweighted_fl,10,0.3018511146496815,0,5,None,66,1,5,False,1000,1000
13719,194,unweighted_fl,10,0.3165804140127388,0,5,None,66,1,5,False,1000,1000
13720,190,unweighted_fl,10,0.262639331210191,0,4,None,66,1,5,False,1000,1000
13721,191,unweighted_fl,10,0.2953821656050955,0,4,None,66,1,5,False,1000,1000
13722,192,unweighted_fl,10,0.3148885350318471,0,4,None,66,1,5,False,1000,1000
13723,193,unweighted_fl,10,0.3078224522292994,0,4,None,66,1,5,False,1000,1000
13724,194,unweighted_fl,10,0.2950835987261146,0,4,None,66,1,5,False,1000,1000
13725,190,unweighted_fl,10,0.2555732484076433,0,6,None,66,1,5,False,1000,1000
13726,191,unweighted_fl,10,0.2708001592356688,0,6,None,66,1,5,False,1000,1000
13727,192,unweighted_fl,10,0.2715963375796178,0,6,None,66,1,5,False,1000,1000
13728,193,unweighted_fl,10,0.2552746815286624,0,6,None,66,1,5,False,1000,1000
13729,194,unweighted_fl,10,0.2668192675159235,0,6,None,66,1,5,False,1000,1000
13730,190,unweighted_fl,10,0.2947850318471338,0,8,None,66,1,5,False,1000,1000
13731,191,unweighted_fl,10,0.2975716560509554,0,8,None,66,1,5,False,1000,1000
13732,192,unweighted_fl,10,0.3101114649681528,0,8,None,66,1,5,False,1000,1000
13733,193,unweighted_fl,10,0.3758957006369426,0,8,None,66,1,5,False,1000,1000
13734,194,unweighted_fl,10,0.3968949044585987,0,8,None,66,1,5,False,1000,1000
13735,190,unweighted_fl,10,0.2274084394904458,0,9,None,66,1,5,False,1000,1000
13736,191,unweighted_fl,10,0.3411624203821656,0,9,None,66,1,5,False,1000,1000
13737,192,unweighted_fl,10,0.3818670382165605,0,9,None,66,1,5,False,1000,1000
13738,193,unweighted_fl,10,0.4271496815286624,0,9,None,66,1,5,False,1000,1000
13739,194,unweighted_fl,10,0.4522292993630573,0,9,None,66,1,5,False,1000,1000
13740,190,unweighted_fl,10,0.2789609872611465,0,7,None,66,1,5,False,1000,1000
13741,191,unweighted_fl,10,0.2721934713375796,0,7,None,66,1,5,False,1000,1000
13742,192,unweighted_fl,10,0.2511942675159235,0,7,None,66,1,5,False,1000,1000
13743,193,unweighted_fl,10,0.2299960191082802,0,7,None,66,1,5,False,1000,1000
13744,194,unweighted_fl,10,0.2246218152866242,0,7,None,66,1,5,False,1000,1000
13745,190,unweighted_fl,10,0.2095939490445859,0,10,None,66,1,5,False,1000,1000
13746,191,unweighted_fl,10,0.2170581210191083,0,10,None,66,1,5,False,1000,1000
13747,192,unweighted_fl,10,0.224124203821656,0,10,None,66,1,5,False,1000,1000
13748,193,unweighted_fl,10,0.2520899681528662,0,10,None,66,1,5,False,1000,1000
13749,194,unweighted_fl,10,0.2817476114649681,0,10,None,66,1,5,False,1000,1000
13750,190,unweighted_fl,10,0.2231289808917197,0,11,None,66,1,5,False,1000,1000
13751,191,unweighted_fl,10,0.2156648089171974,0,11,None,66,1,5,False,1000,1000
13752,192,unweighted_fl,10,0.2131767515923567,0,11,None,66,1,5,False,1000,1000
13753,193,unweighted_fl,10,0.2099920382165605,0,11,None,66,1,5,False,1000,1000
13754,194,unweighted_fl,10,0.2068073248407643,0,11,None,66,1,5,False,1000,1000
13755,190,unweighted_fl,10,0.2734872611464968,0,12,None,66,1,5,False,1000,1000
13756,191,unweighted_fl,10,0.2301950636942675,0,12,None,66,1,5,False,1000,1000
13757,192,unweighted_fl,10,0.223328025477707,0,12,None,66,1,5,False,1000,1000
13758,193,unweighted_fl,10,0.2255175159235669,0,12,None,66,1,5,False,1000,1000
13759,194,unweighted_fl,10,0.2353702229299363,0,12,None,66,1,5,False,1000,1000
13760,190,unweighted_fl,10,0.2707006369426751,0,14,None,66,1,5,False,1000,1000
13761,191,unweighted_fl,10,0.2157643312101911,0,14,None,66,1,5,False,1000,1000
13762,192,unweighted_fl,10,0.219546178343949,0,14,None,66,1,5,False,1000,1000
13763,193,unweighted_fl,10,0.2249203821656051,0,14,None,66,1,5,False,1000,1000
13764,194,unweighted_fl,10,0.2307921974522293,0,14,None,66,1,5,False,1000,1000
13765,190,unweighted_fl,10,0.2574641719745223,0,13,None,66,1,5,False,1000,1000
13766,191,unweighted_fl,10,0.2686106687898089,0,13,None,66,1,5,False,1000,1000
13767,192,unweighted_fl,10,0.2744824840764331,0,13,None,66,1,5,False,1000,1000
13768,193,unweighted_fl,10,0.2760748407643312,0,13,None,66,1,5,False,1000,1000
13769,194,unweighted_fl,10,0.2748805732484076,0,13,None,66,1,5,False,1000,1000
13770,190,unweighted_fl,10,0.2531847133757962,0,15,None,66,1,5,False,1000,1000
13771,191,unweighted_fl,10,0.2271098726114649,0,15,None,66,1,5,False,1000,1000
13772,192,unweighted_fl,10,0.272093949044586,0,15,None,66,1,5,False,1000,1000
13773,193,unweighted_fl,10,0.2335788216560509,0,15,None,66,1,5,False,1000,1000
13774,194,unweighted_fl,10,0.2133757961783439,0,15,None,66,1,5,False,1000,1000
13775,190,unweighted_fl,10,0.2804538216560509,0,16,None,66,1,5,False,1000,1000
13776,191,unweighted_fl,10,0.2814490445859872,0,16,None,66,1,5,False,1000,1000
13777,192,unweighted_fl,10,0.2494028662420382,0,16,None,66,1,5,False,1000,1000
13778,193,unweighted_fl,10,0.3090167197452229,0,16,None,66,1,5,False,1000,1000
13779,194,unweighted_fl,10,0.408937101910828,0,16,None,66,1,5,False,1000,1000
13780,190,unweighted_fl,10,0.2712977707006369,0,17,None,66,1,5,False,1000,1000
13781,191,unweighted_fl,10,0.2400477707006369,0,17,None,66,1,5,False,1000,1000
13782,192,unweighted_fl,10,0.2286027070063694,0,17,None,66,1,5,False,1000,1000
13783,193,unweighted_fl,10,0.2245222929936305,0,17,None,66,1,5,False,1000,1000
13784,194,unweighted_fl,10,0.2192476114649681,0,17,None,66,1,5,False,1000,1000
13785,190,unweighted_fl,10,0.2549761146496815,0,19,None,66,1,5,False,1000,1000
13786,191,unweighted_fl,10,0.2960788216560509,0,19,None,66,1,5,False,1000,1000
13787,192,unweighted_fl,10,0.3226512738853503,0,19,None,66,1,5,False,1000,1000
13788,193,unweighted_fl,10,0.2762738853503185,0,19,None,66,1,5,False,1000,1000
13789,194,unweighted_fl,10,0.259156050955414,0,19,None,66,1,5,False,1000,1000
13790,190,unweighted_fl,10,0.2726910828025478,0,18,None,66,1,5,False,1000,1000
13791,191,unweighted_fl,10,0.2512937898089172,0,18,None,66,1,5,False,1000,1000
13792,192,unweighted_fl,10,0.2138734076433121,0,18,None,66,1,5,False,1000,1000
13793,193,unweighted_fl,10,0.2049164012738853,0,18,None,66,1,5,False,1000,1000
13794,194,unweighted_fl,10,0.2064092356687898,0,18,None,66,1,5,False,1000,1000
13795,190,unweighted_fl,10,0.2440286624203821,0,20,None,66,1,5,False,1000,1000
13796,191,unweighted_fl,10,0.2347730891719745,0,20,None,66,1,5,False,1000,1000
13797,192,unweighted_fl,10,0.2293988853503184,0,20,None,66,1,5,False,1000,1000
13798,193,unweighted_fl,10,0.2271098726114649,0,20,None,66,1,5,False,1000,1000
13799,194,unweighted_fl,10,0.2303941082802547,0,20,None,66,1,5,False,1000,1000
13800,190,unweighted_fl,10,0.2860270700636942,0,22,None,66,1,5,False,1000,1000
13801,191,unweighted_fl,10,0.2451234076433121,0,22,None,66,1,5,False,1000,1000
13802,192,unweighted_fl,10,0.2117834394904458,0,22,None,66,1,5,False,1000,1000
13803,193,unweighted_fl,10,0.207703025477707,0,22,None,66,1,5,False,1000,1000
13804,194,unweighted_fl,10,0.2078025477707006,0,22,None,66,1,5,False,1000,1000
13805,190,unweighted_fl,10,0.2727906050955414,0,21,None,66,1,5,False,1000,1000
13806,191,unweighted_fl,10,0.2926950636942675,0,21,None,66,1,5,False,1000,1000
13807,192,unweighted_fl,10,0.2718949044585987,0,21,None,66,1,5,False,1000,1000
13808,193,unweighted_fl,10,0.261046974522293,0,21,None,66,1,5,False,1000,1000
13809,194,unweighted_fl,10,0.2480095541401273,0,21,None,66,1,5,False,1000,1000
13810,190,unweighted_fl,10,0.2767714968152866,0,23,None,66,1,5,False,1000,1000
13811,191,unweighted_fl,10,0.259952229299363,0,23,None,66,1,5,False,1000,1000
13812,192,unweighted_fl,10,0.2385549363057325,0,23,None,66,1,5,False,1000,1000
13813,193,unweighted_fl,10,0.2292993630573248,0,23,None,66,1,5,False,1000,1000
13814,194,unweighted_fl,10,0.2267117834394904,0,23,None,66,1,5,False,1000,1000
13815,190,unweighted_fl,10,0.2746815286624204,0,25,None,66,1,5,False,1000,1000
13816,191,unweighted_fl,10,0.2768710191082802,0,25,None,66,1,5,False,1000,1000
13817,192,unweighted_fl,10,0.2678144904458598,0,25,None,66,1,5,False,1000,1000
13818,193,unweighted_fl,10,0.2530851910828025,0,25,None,66,1,5,False,1000,1000
13819,194,unweighted_fl,10,0.2349721337579617,0,25,None,66,1,5,False,1000,1000
13820,190,unweighted_fl,10,0.2663216560509554,0,24,None,66,1,5,False,1000,1000
13821,191,unweighted_fl,10,0.2203423566878981,0,24,None,66,1,5,False,1000,1000
13822,192,unweighted_fl,10,0.2198447452229299,0,24,None,66,1,5,False,1000,1000
13823,193,unweighted_fl,10,0.226811305732484,0,24,None,66,1,5,False,1000,1000
13824,194,unweighted_fl,10,0.261843152866242,0,24,None,66,1,5,False,1000,1000
13825,190,unweighted_fl,10,0.2715963375796178,0,26,None,66,1,5,False,1000,1000
13826,191,unweighted_fl,10,0.2818471337579618,0,26,None,66,1,5,False,1000,1000
13827,192,unweighted_fl,10,0.3179737261146497,0,26,None,66,1,5,False,1000,1000
13828,193,unweighted_fl,10,0.3357882165605095,0,26,None,66,1,5,False,1000,1000
13829,194,unweighted_fl,10,0.2685111464968153,0,26,None,66,1,5,False,1000,1000
13830,190,unweighted_fl,10,0.2759753184713376,0,28,None,66,1,5,False,1000,1000
13831,191,unweighted_fl,10,0.2480095541401273,0,28,None,66,1,5,False,1000,1000
13832,192,unweighted_fl,10,0.2204418789808917,0,28,None,66,1,5,False,1000,1000
13833,193,unweighted_fl,10,0.222233280254777,0,28,None,66,1,5,False,1000,1000
13834,194,unweighted_fl,10,0.2248208598726114,0,28,None,66,1,5,False,1000,1000
13835,190,unweighted_fl,10,0.2597531847133758,0,27,None,66,1,5,False,1000,1000
13836,191,unweighted_fl,10,0.2363654458598726,0,27,None,66,1,5,False,1000,1000
13837,192,unweighted_fl,10,0.2183519108280254,0,27,None,66,1,5,False,1000,1000
13838,193,unweighted_fl,10,0.2240246815286624,0,27,None,66,1,5,False,1000,1000
13839,194,unweighted_fl,10,0.2537818471337579,0,27,None,66,1,5,False,1000,1000
13840,190,unweighted_fl,10,0.2197452229299363,0,29,None,66,1,5,False,1000,1000
13841,191,unweighted_fl,10,0.203125,0,29,None,66,1,5,False,1000,1000
13842,192,unweighted_fl,10,0.2051154458598726,0,29,None,66,1,5,False,1000,1000
13843,193,unweighted_fl,10,0.2061106687898089,0,29,None,66,1,5,False,1000,1000
13844,194,unweighted_fl,10,0.2047173566878981,0,29,None,66,1,5,False,1000,1000
13845,190,unweighted_fl,10,0.2676154458598726,0,31,None,66,1,5,False,1000,1000
13846,191,unweighted_fl,10,0.2838375796178344,0,31,None,66,1,5,False,1000,1000
13847,192,unweighted_fl,10,0.270999203821656,0,31,None,66,1,5,False,1000,1000
13848,193,unweighted_fl,10,0.2380573248407643,0,31,None,66,1,5,False,1000,1000
13849,194,unweighted_fl,10,0.226811305732484,0,31,None,66,1,5,False,1000,1000
13850,190,unweighted_fl,10,0.2698049363057325,0,30,None,66,1,5,False,1000,1000
13851,191,unweighted_fl,10,0.2177547770700637,0,30,None,66,1,5,False,1000,1000
13852,192,unweighted_fl,10,0.2063097133757961,0,30,None,66,1,5,False,1000,1000
13853,193,unweighted_fl,10,0.2174562101910828,0,30,None,66,1,5,False,1000,1000
13854,194,unweighted_fl,10,0.2496019108280254,0,30,None,66,1,5,False,1000,1000
13855,190,unweighted_fl,10,0.2784633757961783,0,32,None,66,1,5,False,1000,1000
13856,191,unweighted_fl,10,0.2609474522292994,0,32,None,66,1,5,False,1000,1000
13857,192,unweighted_fl,10,0.2398487261146497,0,32,None,66,1,5,False,1000,1000
13858,193,unweighted_fl,10,0.2531847133757962,0,32,None,66,1,5,False,1000,1000
13859,194,unweighted_fl,10,0.2647292993630573,0,32,None,66,1,5,False,1000,1000
13860,195,unweighted_fl,10,0.2367635350318471,0,1,None,66,1,5,False,1000,1000
13861,196,unweighted_fl,10,0.2472133757961783,0,1,None,66,1,5,False,1000,1000
13862,197,unweighted_fl,10,0.2630374203821656,0,1,None,66,1,5,False,1000,1000
13863,198,unweighted_fl,10,0.2905055732484076,0,1,None,66,1,5,False,1000,1000
13864,199,unweighted_fl,10,0.32703025477707,0,1,None,66,1,5,False,1000,1000
13865,195,unweighted_fl,10,0.2310907643312102,0,2,None,66,1,5,False,1000,1000
13866,196,unweighted_fl,10,0.2312898089171974,0,2,None,66,1,5,False,1000,1000
13867,197,unweighted_fl,10,0.2327826433121019,0,2,None,66,1,5,False,1000,1000
13868,198,unweighted_fl,10,0.2340764331210191,0,2,None,66,1,5,False,1000,1000
13869,199,unweighted_fl,10,0.2356687898089172,0,2,None,66,1,5,False,1000,1000
13870,195,unweighted_fl,10,0.2450238853503184,0,0,None,66,1,5,False,1000,1000
13871,196,unweighted_fl,10,0.2487062101910828,0,0,None,66,1,5,False,1000,1000
13872,197,unweighted_fl,10,0.2532842356687898,0,0,None,66,1,5,False,1000,1000
13873,198,unweighted_fl,10,0.2522890127388535,0,0,None,66,1,5,False,1000,1000
13874,199,unweighted_fl,10,0.2551751592356688,0,0,None,66,1,5,False,1000,1000
13875,195,unweighted_fl,10,0.3134952229299363,0,3,None,66,1,5,False,1000,1000
13876,196,unweighted_fl,10,0.2660230891719745,0,3,None,66,1,5,False,1000,1000
13877,197,unweighted_fl,10,0.2531847133757962,0,3,None,66,1,5,False,1000,1000
13878,198,unweighted_fl,10,0.2654259554140127,0,3,None,66,1,5,False,1000,1000
13879,199,unweighted_fl,10,0.2781648089171974,0,3,None,66,1,5,False,1000,1000
13880,195,unweighted_fl,10,0.2346735668789809,0,4,None,66,1,5,False,1000,1000
13881,196,unweighted_fl,10,0.2360668789808917,0,4,None,66,1,5,False,1000,1000
13882,197,unweighted_fl,10,0.2392515923566879,0,4,None,66,1,5,False,1000,1000
13883,198,unweighted_fl,10,0.2434315286624203,0,4,None,66,1,5,False,1000,1000
13884,199,unweighted_fl,10,0.2474124203821656,0,4,None,66,1,5,False,1000,1000
13885,195,unweighted_fl,10,0.2713972929936306,0,5,None,66,1,5,False,1000,1000
13886,196,unweighted_fl,10,0.3373805732484076,0,5,None,66,1,5,False,1000,1000
13887,197,unweighted_fl,10,0.3550955414012738,0,5,None,66,1,5,False,1000,1000
13888,198,unweighted_fl,10,0.3606687898089172,0,5,None,66,1,5,False,1000,1000
13889,199,unweighted_fl,10,0.3640525477707006,0,5,None,66,1,5,False,1000,1000
13890,195,unweighted_fl,10,0.2998606687898089,0,6,None,66,1,5,False,1000,1000
13891,196,unweighted_fl,10,0.2929936305732484,0,6,None,66,1,5,False,1000,1000
13892,197,unweighted_fl,10,0.3001592356687898,0,6,None,66,1,5,False,1000,1000
13893,198,unweighted_fl,10,0.3177746815286624,0,6,None,66,1,5,False,1000,1000
13894,199,unweighted_fl,10,0.351015127388535,0,6,None,66,1,5,False,1000,1000
13895,195,unweighted_fl,10,0.2367635350318471,0,7,None,66,1,5,False,1000,1000
13896,196,unweighted_fl,10,0.2478105095541401,0,7,None,66,1,5,False,1000,1000
13897,197,unweighted_fl,10,0.283937101910828,0,7,None,66,1,5,False,1000,1000
13898,198,unweighted_fl,10,0.3177746815286624,0,7,None,66,1,5,False,1000,1000
13899,199,unweighted_fl,10,0.3286226114649681,0,7,None,66,1,5,False,1000,1000
13900,195,unweighted_fl,10,0.306827229299363,0,8,None,66,1,5,False,1000,1000
13901,196,unweighted_fl,10,0.4033638535031847,0,8,None,66,1,5,False,1000,1000
13902,197,unweighted_fl,10,0.3976910828025478,0,8,None,66,1,5,False,1000,1000
13903,198,unweighted_fl,10,0.3762937898089172,0,8,None,66,1,5,False,1000,1000
13904,199,unweighted_fl,10,0.3793789808917197,0,8,None,66,1,5,False,1000,1000
13905,195,unweighted_fl,10,0.3397691082802547,0,9,None,66,1,5,False,1000,1000
13906,196,unweighted_fl,10,0.3811703821656051,0,9,None,66,1,5,False,1000,1000
13907,197,unweighted_fl,10,0.4273487261146497,0,9,None,66,1,5,False,1000,1000
13908,198,unweighted_fl,10,0.4526273885350318,0,9,None,66,1,5,False,1000,1000
13909,199,unweighted_fl,10,0.4726313694267516,0,9,None,66,1,5,False,1000,1000
13910,195,unweighted_fl,10,0.2256170382165605,0,11,None,66,1,5,False,1000,1000
13911,196,unweighted_fl,10,0.2527866242038216,0,11,None,66,1,5,False,1000,1000
13912,197,unweighted_fl,10,0.2776671974522293,0,11,None,66,1,5,False,1000,1000
13913,198,unweighted_fl,10,0.2431329617834395,0,11,None,66,1,5,False,1000,1000
13914,199,unweighted_fl,10,0.2199442675159235,0,11,None,66,1,5,False,1000,1000
13915,195,unweighted_fl,10,0.2275079617834395,0,10,None,66,1,5,False,1000,1000
13916,196,unweighted_fl,10,0.2488057324840764,0,10,None,66,1,5,False,1000,1000
13917,197,unweighted_fl,10,0.2824442675159235,0,10,None,66,1,5,False,1000,1000
13918,198,unweighted_fl,10,0.303343949044586,0,10,None,66,1,5,False,1000,1000
13919,199,unweighted_fl,10,0.3726114649681528,0,10,None,66,1,5,False,1000,1000
13920,195,unweighted_fl,10,0.228702229299363,0,12,None,66,1,5,False,1000,1000
13921,196,unweighted_fl,10,0.2399482484076433,0,12,None,66,1,5,False,1000,1000
13922,197,unweighted_fl,10,0.2735867834394904,0,12,None,66,1,5,False,1000,1000
13923,198,unweighted_fl,10,0.3169785031847134,0,12,None,66,1,5,False,1000,1000
13924,199,unweighted_fl,10,0.336484872611465,0,12,None,66,1,5,False,1000,1000
13925,195,unweighted_fl,10,0.2274084394904458,0,13,None,66,1,5,False,1000,1000
13926,196,unweighted_fl,10,0.2359673566878981,0,13,None,66,1,5,False,1000,1000
13927,197,unweighted_fl,10,0.2519904458598726,0,13,None,66,1,5,False,1000,1000
13928,198,unweighted_fl,10,0.2865246815286624,0,13,None,66,1,5,False,1000,1000
13929,199,unweighted_fl,10,0.2934912420382166,0,13,None,66,1,5,False,1000,1000
13930,195,unweighted_fl,10,0.2556727707006369,0,14,None,66,1,5,False,1000,1000
13931,196,unweighted_fl,10,0.2447253184713375,0,14,None,66,1,5,False,1000,1000
13932,197,unweighted_fl,10,0.2643312101910828,0,14,None,66,1,5,False,1000,1000
13933,198,unweighted_fl,10,0.2942874203821656,0,14,None,66,1,5,False,1000,1000
13934,199,unweighted_fl,10,0.3144904458598726,0,14,None,66,1,5,False,1000,1000
13935,195,unweighted_fl,10,0.258359872611465,0,16,None,66,1,5,False,1000,1000
13936,196,unweighted_fl,10,0.350218949044586,0,16,None,66,1,5,False,1000,1000
13937,197,unweighted_fl,10,0.4178941082802547,0,16,None,66,1,5,False,1000,1000
13938,198,unweighted_fl,10,0.4257563694267516,0,16,None,66,1,5,False,1000,1000
13939,199,unweighted_fl,10,0.4371019108280254,0,16,None,66,1,5,False,1000,1000
13940,195,unweighted_fl,10,0.3071257961783439,0,15,None,66,1,5,False,1000,1000
13941,196,unweighted_fl,10,0.2789609872611465,0,15,None,66,1,5,False,1000,1000
13942,197,unweighted_fl,10,0.267515923566879,0,15,None,66,1,5,False,1000,1000
13943,198,unweighted_fl,10,0.275577229299363,0,15,None,66,1,5,False,1000,1000
13944,199,unweighted_fl,10,0.2892117834394904,0,15,None,66,1,5,False,1000,1000
13945,195,unweighted_fl,10,0.2247213375796178,0,17,None,66,1,5,False,1000,1000
13946,196,unweighted_fl,10,0.2269108280254777,0,17,None,66,1,5,False,1000,1000
13947,197,unweighted_fl,10,0.2307921974522293,0,17,None,66,1,5,False,1000,1000
13948,198,unweighted_fl,10,0.2337778662420382,0,17,None,66,1,5,False,1000,1000
13949,199,unweighted_fl,10,0.2403463375796178,0,17,None,66,1,5,False,1000,1000
13950,195,unweighted_fl,10,0.2906050955414013,0,19,None,66,1,5,False,1000,1000
13951,196,unweighted_fl,10,0.288515127388535,0,19,None,66,1,5,False,1000,1000
13952,197,unweighted_fl,10,0.3006568471337579,0,19,None,66,1,5,False,1000,1000
13953,198,unweighted_fl,10,0.315187101910828,0,19,None,66,1,5,False,1000,1000
13954,199,unweighted_fl,10,0.3268312101910828,0,19,None,66,1,5,False,1000,1000
13955,195,unweighted_fl,10,0.2266122611464968,0,18,None,66,1,5,False,1000,1000
13956,196,unweighted_fl,10,0.2294984076433121,0,18,None,66,1,5,False,1000,1000
13957,197,unweighted_fl,10,0.232484076433121,0,18,None,66,1,5,False,1000,1000
13958,198,unweighted_fl,10,0.2342754777070063,0,18,None,66,1,5,False,1000,1000
13959,199,unweighted_fl,10,0.2366640127388535,0,18,None,66,1,5,False,1000,1000
13960,195,unweighted_fl,10,0.2316878980891719,0,20,None,66,1,5,False,1000,1000
13961,196,unweighted_fl,10,0.2752786624203822,0,20,None,66,1,5,False,1000,1000
13962,197,unweighted_fl,10,0.2560708598726114,0,20,None,66,1,5,False,1000,1000
13963,198,unweighted_fl,10,0.2299960191082802,0,20,None,66,1,5,False,1000,1000
13964,199,unweighted_fl,10,0.2353702229299363,0,20,None,66,1,5,False,1000,1000
13965,195,unweighted_fl,10,0.226015127388535,0,22,None,66,1,5,False,1000,1000
13966,196,unweighted_fl,10,0.2240246815286624,0,22,None,66,1,5,False,1000,1000
13967,197,unweighted_fl,10,0.2277070063694267,0,22,None,66,1,5,False,1000,1000
13968,198,unweighted_fl,10,0.2408439490445859,0,22,None,66,1,5,False,1000,1000
13969,199,unweighted_fl,10,0.2842356687898089,0,22,None,66,1,5,False,1000,1000
13970,195,unweighted_fl,10,0.2407444267515923,0,23,None,66,1,5,False,1000,1000
13971,196,unweighted_fl,10,0.2569665605095541,0,23,None,66,1,5,False,1000,1000
13972,197,unweighted_fl,10,0.2515923566878981,0,23,None,66,1,5,False,1000,1000
13973,198,unweighted_fl,10,0.2565684713375796,0,23,None,66,1,5,False,1000,1000
13974,199,unweighted_fl,10,0.278264331210191,0,23,None,66,1,5,False,1000,1000
13975,195,unweighted_fl,10,0.2548765923566879,0,21,None,66,1,5,False,1000,1000
13976,196,unweighted_fl,10,0.2603503184713376,0,21,None,66,1,5,False,1000,1000
13977,197,unweighted_fl,10,0.2502985668789809,0,21,None,66,1,5,False,1000,1000
13978,198,unweighted_fl,10,0.2447253184713375,0,21,None,66,1,5,False,1000,1000
13979,199,unweighted_fl,10,0.2401472929936305,0,21,None,66,1,5,False,1000,1000
13980,195,unweighted_fl,10,0.2765724522292994,0,24,None,66,1,5,False,1000,1000
13981,196,unweighted_fl,10,0.3001592356687898,0,24,None,66,1,5,False,1000,1000
13982,197,unweighted_fl,10,0.3732085987261146,0,24,None,66,1,5,False,1000,1000
13983,198,unweighted_fl,10,0.3979896496815286,0,24,None,66,1,5,False,1000,1000
13984,199,unweighted_fl,10,0.4100318471337579,0,24,None,66,1,5,False,1000,1000
13985,195,unweighted_fl,10,0.304140127388535,0,26,None,66,1,5,False,1000,1000
13986,196,unweighted_fl,10,0.3021496815286624,0,26,None,66,1,5,False,1000,1000
13987,197,unweighted_fl,10,0.2682125796178344,0,26,None,66,1,5,False,1000,1000
13988,198,unweighted_fl,10,0.2575636942675159,0,26,None,66,1,5,False,1000,1000
13989,199,unweighted_fl,10,0.2567675159235669,0,26,None,66,1,5,False,1000,1000
13990,195,unweighted_fl,10,0.2350716560509554,0,25,None,66,1,5,False,1000,1000
13991,196,unweighted_fl,10,0.2482085987261146,0,25,None,66,1,5,False,1000,1000
13992,197,unweighted_fl,10,0.2750796178343949,0,25,None,66,1,5,False,1000,1000
13993,198,unweighted_fl,10,0.3039410828025478,0,25,None,66,1,5,False,1000,1000
13994,199,unweighted_fl,10,0.3186703821656051,0,25,None,66,1,5,False,1000,1000
13995,195,unweighted_fl,10,0.2355692675159235,0,27,None,66,1,5,False,1000,1000
13996,196,unweighted_fl,10,0.2986664012738853,0,27,None,66,1,5,False,1000,1000
13997,197,unweighted_fl,10,0.3497213375796178,0,27,None,66,1,5,False,1000,1000
13998,198,unweighted_fl,10,0.3461385350318471,0,27,None,66,1,5,False,1000,1000
13999,199,unweighted_fl,10,0.3619625796178344,0,27,None,66,1,5,False,1000,1000
14000,195,unweighted_fl,10,0.2431329617834395,0,29,None,66,1,5,False,1000,1000
14001,196,unweighted_fl,10,0.2207404458598726,0,29,None,66,1,5,False,1000,1000
14002,197,unweighted_fl,10,0.21765525477707,0,29,None,66,1,5,False,1000,1000
14003,198,unweighted_fl,10,0.2170581210191083,0,29,None,66,1,5,False,1000,1000
14004,199,unweighted_fl,10,0.2158638535031847,0,29,None,66,1,5,False,1000,1000
14005,195,unweighted_fl,10,0.252687101910828,0,30,None,66,1,5,False,1000,1000
14006,196,unweighted_fl,10,0.2787619426751592,0,30,None,66,1,5,False,1000,1000
14007,197,unweighted_fl,10,0.2392515923566879,0,30,None,66,1,5,False,1000,1000
14008,198,unweighted_fl,10,0.226015127388535,0,30,None,66,1,5,False,1000,1000
14009,199,unweighted_fl,10,0.2231289808917197,0,30,None,66,1,5,False,1000,1000
14010,195,unweighted_fl,10,0.2286027070063694,0,28,None,66,1,5,False,1000,1000
14011,196,unweighted_fl,10,0.2319864649681528,0,28,None,66,1,5,False,1000,1000
14012,197,unweighted_fl,10,0.2402468152866242,0,28,None,66,1,5,False,1000,1000
14013,198,unweighted_fl,10,0.2682125796178344,0,28,None,66,1,5,False,1000,1000
14014,199,unweighted_fl,10,0.3703224522292994,0,28,None,66,1,5,False,1000,1000
14015,195,unweighted_fl,10,0.2298964968152866,0,31,None,66,1,5,False,1000,1000
14016,196,unweighted_fl,10,0.2312898089171974,0,31,None,66,1,5,False,1000,1000
14017,197,unweighted_fl,10,0.2384554140127388,0,31,None,66,1,5,False,1000,1000
14018,198,unweighted_fl,10,0.2986664012738853,0,31,None,66,1,5,False,1000,1000
14019,199,unweighted_fl,10,0.3417595541401274,0,31,None,66,1,5,False,1000,1000
14020,195,unweighted_fl,10,0.2515923566878981,0,32,None,66,1,5,False,1000,1000
14021,196,unweighted_fl,10,0.2974721337579618,0,32,None,66,1,5,False,1000,1000
14022,197,unweighted_fl,10,0.2990644904458598,0,32,None,66,1,5,False,1000,1000
14023,198,unweighted_fl,10,0.2944864649681528,0,32,None,66,1,5,False,1000,1000
14024,199,unweighted_fl,10,0.2962778662420382,0,32,None,66,1,5,False,1000,1000
0,0,random,10,0.0995222929936305,0,1,None,66,1,5,False,1000,1000
1,1,random,10,0.0995222929936305,0,1,None,66,1,5,False,1000,1000
2,2,random,10,0.1000199044585987,0,1,None,66,1,5,False,1000,1000
3,3,random,10,0.1351512738853503,0,1,None,66,1,5,False,1000,1000
4,4,random,10,0.1979498407643312,0,1,None,66,1,5,False,1000,1000
5,0,random,10,0.0556329617834394,0,13,None,66,1,5,False,1000,1000
6,1,random,10,0.0787221337579617,0,13,None,66,1,5,False,1000,1000
7,2,random,10,0.1065883757961783,0,13,None,66,1,5,False,1000,1000
8,3,random,10,0.1202229299363057,0,13,None,66,1,5,False,1000,1000
9,4,random,10,0.1242038216560509,0,13,None,66,1,5,False,1000,1000
10,0,random,10,0.3996815286624204,0,10,None,66,1,5,False,1000,1000
11,1,random,10,0.4827826433121019,0,10,None,66,1,5,False,1000,1000
12,2,random,10,0.4700437898089172,0,10,None,66,1,5,False,1000,1000
13,3,random,10,0.4686504777070063,0,10,None,66,1,5,False,1000,1000
14,4,random,10,0.5496616242038217,0,10,None,66,1,5,False,1000,1000
15,0,random,10,0.2317874203821656,0,15,None,66,1,5,False,1000,1000
16,1,random,10,0.2933917197452229,0,15,None,66,1,5,False,1000,1000
17,2,random,10,0.3035429936305732,0,15,None,66,1,5,False,1000,1000
18,3,random,10,0.303343949044586,0,15,None,66,1,5,False,1000,1000
19,4,random,10,0.3081210191082802,0,15,None,66,1,5,False,1000,1000
20,0,random,10,0.1057921974522293,0,11,None,66,1,5,False,1000,1000
21,1,random,10,0.1173367834394904,0,11,None,66,1,5,False,1000,1000
22,2,random,10,0.15515525477707,0,11,None,66,1,5,False,1000,1000
23,3,random,10,0.1795382165605095,0,11,None,66,1,5,False,1000,1000
24,4,random,10,0.1824243630573248,0,11,None,66,1,5,False,1000,1000
25,0,random,10,0.2161624203821656,0,16,None,66,1,5,False,1000,1000
26,1,random,10,0.3348925159235669,0,16,None,66,1,5,False,1000,1000
27,2,random,10,0.3972929936305732,0,16,None,66,1,5,False,1000,1000
28,3,random,10,0.4940286624203822,0,16,None,66,1,5,False,1000,1000
29,4,random,10,0.5419984076433121,0,16,None,66,1,5,False,1000,1000
30,0,random,10,0.0995222929936305,0,20,None,66,1,5,False,1000,1000
31,1,random,10,0.0995222929936305,0,20,None,66,1,5,False,1000,1000
32,2,random,10,0.0995222929936305,0,20,None,66,1,5,False,1000,1000
33,3,random,10,0.0995222929936305,0,20,None,66,1,5,False,1000,1000
34,4,random,10,0.0995222929936305,0,20,None,66,1,5,False,1000,1000
35,0,random,10,0.26453025477707,0,8,None,66,1,5,False,1000,1000
36,1,random,10,0.3690286624203822,0,8,None,66,1,5,False,1000,1000
37,2,random,10,0.4280453821656051,0,8,None,66,1,5,False,1000,1000
38,3,random,10,0.4339171974522293,0,8,None,66,1,5,False,1000,1000
39,4,random,10,0.4454617834394904,0,8,None,66,1,5,False,1000,1000
40,0,random,10,0.1908837579617834,0,19,None,66,1,5,False,1000,1000
41,1,random,10,0.2177547770700637,0,19,None,66,1,5,False,1000,1000
42,2,random,10,0.3057324840764331,0,19,None,66,1,5,False,1000,1000
43,3,random,10,0.4061504777070063,0,19,None,66,1,5,False,1000,1000
44,4,random,10,0.4877587579617834,0,19,None,66,1,5,False,1000,1000
45,0,random,10,0.1100716560509554,0,22,None,66,1,5,False,1000,1000
46,1,random,10,0.2239251592356688,0,22,None,66,1,5,False,1000,1000
47,2,random,10,0.3188694267515923,0,22,None,66,1,5,False,1000,1000
48,3,random,10,0.4157046178343949,0,22,None,66,1,5,False,1000,1000
49,4,random,10,0.4670581210191082,0,22,None,66,1,5,False,1000,1000
50,0,random,10,0.1572452229299363,0,17,None,66,1,5,False,1000,1000
51,1,random,10,0.1567476114649681,0,17,None,66,1,5,False,1000,1000
52,2,random,10,0.1948646496815286,0,17,None,66,1,5,False,1000,1000
53,3,random,10,0.2240246815286624,0,17,None,66,1,5,False,1000,1000
54,4,random,10,0.2231289808917197,0,17,None,66,1,5,False,1000,1000
55,0,random,10,0.1200238853503184,0,21,None,66,1,5,False,1000,1000
56,1,random,10,0.1492834394904458,0,21,None,66,1,5,False,1000,1000
57,2,random,10,0.1792396496815286,0,21,None,66,1,5,False,1000,1000
58,3,random,10,0.2004378980891719,0,21,None,66,1,5,False,1000,1000
59,4,random,10,0.2115843949044586,0,21,None,66,1,5,False,1000,1000
60,0,random,10,0.198546974522293,0,24,None,66,1,5,False,1000,1000
61,1,random,10,0.3818670382165605,0,24,None,66,1,5,False,1000,1000
62,2,random,10,0.4368033439490446,0,24,None,66,1,5,False,1000,1000
63,3,random,10,0.4607882165605095,0,24,None,66,1,5,False,1000,1000
64,4,random,10,0.443968949044586,0,24,None,66,1,5,False,1000,1000
65,0,random,10,0.0995222929936305,0,29,None,66,1,5,False,1000,1000
66,1,random,10,0.0995222929936305,0,29,None,66,1,5,False,1000,1000
67,2,random,10,0.0995222929936305,0,29,None,66,1,5,False,1000,1000
68,3,random,10,0.0995222929936305,0,29,None,66,1,5,False,1000,1000
69,4,random,10,0.0995222929936305,0,29,None,66,1,5,False,1000,1000
70,0,random,10,0.3193670382165605,0,28,None,66,1,5,False,1000,1000
71,1,random,10,0.3564888535031847,0,28,None,66,1,5,False,1000,1000
72,2,random,10,0.3808718152866242,0,28,None,66,1,5,False,1000,1000
73,3,random,10,0.4119227707006369,0,28,None,66,1,5,False,1000,1000
74,4,random,10,0.4168988853503185,0,28,None,66,1,5,False,1000,1000
75,0,random,10,0.2505971337579618,0,27,None,66,1,5,False,1000,1000
76,1,random,10,0.2730891719745223,0,27,None,66,1,5,False,1000,1000
77,2,random,10,0.3152866242038216,0,27,None,66,1,5,False,1000,1000
78,3,random,10,0.3736066878980891,0,27,None,66,1,5,False,1000,1000
79,4,random,10,0.4433718152866242,0,27,None,66,1,5,False,1000,1000
80,0,random,10,0.1020103503184713,0,18,None,66,1,5,False,1000,1000
81,1,random,10,0.1036027070063694,0,18,None,66,1,5,False,1000,1000
82,2,random,10,0.1209195859872611,0,18,None,66,1,5,False,1000,1000
83,3,random,10,0.1652070063694267,0,18,None,66,1,5,False,1000,1000
84,4,random,10,0.1927746815286624,0,18,None,66,1,5,False,1000,1000
85,0,random,10,0.2018312101910828,0,31,None,66,1,5,False,1000,1000
86,1,random,10,0.2203423566878981,0,31,None,66,1,5,False,1000,1000
87,2,random,10,0.2535828025477707,0,31,None,66,1,5,False,1000,1000
88,3,random,10,0.2741839171974522,0,31,None,66,1,5,False,1000,1000
89,4,random,10,0.3021496815286624,0,31,None,66,1,5,False,1000,1000
90,0,random,10,0.1649084394904458,0,32,None,66,1,5,False,1000,1000
91,1,random,10,0.1902866242038216,0,32,None,66,1,5,False,1000,1000
92,2,random,10,0.1944665605095541,0,32,None,66,1,5,False,1000,1000
93,3,random,10,0.2309912420382165,0,32,None,66,1,5,False,1000,1000
94,4,random,10,0.2849323248407643,0,32,None,66,1,5,False,1000,1000
95,0,random,10,0.1888933121019108,0,7,None,66,1,5,False,1000,1000
96,1,random,10,0.2377587579617834,0,7,None,66,1,5,False,1000,1000
97,2,random,10,0.2718949044585987,0,7,None,66,1,5,False,1000,1000
98,3,random,10,0.3556926751592357,0,7,None,66,1,5,False,1000,1000
99,4,random,10,0.4144108280254777,0,7,None,66,1,5,False,1000,1000
100,0,random,10,0.0950437898089172,0,2,None,66,1,5,False,1000,1000
101,1,random,10,0.0966361464968152,0,2,None,66,1,5,False,1000,1000
102,2,random,10,0.0989251592356687,0,2,None,66,1,5,False,1000,1000
103,3,random,10,0.1006170382165605,0,2,None,66,1,5,False,1000,1000
104,4,random,10,0.1009156050955414,0,2,None,66,1,5,False,1000,1000
105,0,random,10,0.0790207006369426,0,3,None,66,1,5,False,1000,1000
106,1,random,10,0.0784235668789808,0,3,None,66,1,5,False,1000,1000
107,2,random,10,0.0759355095541401,0,3,None,66,1,5,False,1000,1000
108,3,random,10,0.0745421974522293,0,3,None,66,1,5,False,1000,1000
109,4,random,10,0.0894705414012738,0,3,None,66,1,5,False,1000,1000
110,0,random,10,0.2403463375796178,0,5,None,66,1,5,False,1000,1000
111,1,random,10,0.3669386942675159,0,5,None,66,1,5,False,1000,1000
112,2,random,10,0.4130175159235669,0,5,None,66,1,5,False,1000,1000
113,3,random,10,0.4335191082802547,0,5,None,66,1,5,False,1000,1000
114,4,random,10,0.4387937898089172,0,5,None,66,1,5,False,1000,1000
115,0,random,10,0.1189291401273885,0,6,None,66,1,5,False,1000,1000
116,1,random,10,0.1560509554140127,0,6,None,66,1,5,False,1000,1000
117,2,random,10,0.2308917197452229,0,6,None,66,1,5,False,1000,1000
118,3,random,10,0.2548765923566879,0,6,None,66,1,5,False,1000,1000
119,4,random,10,0.2821457006369426,0,6,None,66,1,5,False,1000,1000
120,0,random,10,0.1572452229299363,0,26,None,66,1,5,False,1000,1000
121,1,random,10,0.10828025477707,0,26,None,66,1,5,False,1000,1000
122,2,random,10,0.1353503184713375,0,26,None,66,1,5,False,1000,1000
123,3,random,10,0.169984076433121,0,26,None,66,1,5,False,1000,1000
124,4,random,10,0.1857085987261146,0,26,None,66,1,5,False,1000,1000
125,0,random,10,0.2486066878980891,0,14,None,66,1,5,False,1000,1000
126,1,random,10,0.2948845541401274,0,14,None,66,1,5,False,1000,1000
127,2,random,10,0.3857484076433121,0,14,None,66,1,5,False,1000,1000
128,3,random,10,0.4212778662420382,0,14,None,66,1,5,False,1000,1000
129,4,random,10,0.4309315286624204,0,14,None,66,1,5,False,1000,1000
130,0,random,10,0.1140525477707006,0,30,None,66,1,5,False,1000,1000
131,1,random,10,0.1442078025477707,0,30,None,66,1,5,False,1000,1000
132,2,random,10,0.1732683121019108,0,30,None,66,1,5,False,1000,1000
133,3,random,10,0.2380573248407643,0,30,None,66,1,5,False,1000,1000
134,4,random,10,0.2924960191082802,0,30,None,66,1,5,False,1000,1000
135,0,random,10,0.1086783439490445,0,4,None,66,1,5,False,1000,1000
136,1,random,10,0.1133558917197452,0,4,None,66,1,5,False,1000,1000
137,2,random,10,0.1762539808917197,0,4,None,66,1,5,False,1000,1000
138,3,random,10,0.257265127388535,0,4,None,66,1,5,False,1000,1000
139,4,random,10,0.2932921974522293,0,4,None,66,1,5,False,1000,1000
140,0,random,10,0.1001194267515923,0,0,None,66,1,5,False,1000,1000
141,1,random,10,0.1196257961783439,0,0,None,66,1,5,False,1000,1000
142,2,random,10,0.1593351910828025,0,0,None,66,1,5,False,1000,1000
143,3,random,10,0.2074044585987261,0,0,None,66,1,5,False,1000,1000
144,4,random,10,0.2717953821656051,0,0,None,66,1,5,False,1000,1000
145,0,random,10,0.1399283439490445,0,23,None,66,1,5,False,1000,1000
146,1,random,10,0.2019307324840764,0,23,None,66,1,5,False,1000,1000
147,2,random,10,0.3046377388535032,0,23,None,66,1,5,False,1000,1000
148,3,random,10,0.3581807324840764,0,23,None,66,1,5,False,1000,1000
149,4,random,10,0.3683320063694267,0,23,None,66,1,5,False,1000,1000
150,0,random,10,0.2240246815286624,0,9,None,66,1,5,False,1000,1000
151,1,random,10,0.339171974522293,0,9,None,66,1,5,False,1000,1000
152,2,random,10,0.6014132165605095,0,9,None,66,1,5,False,1000,1000
153,3,random,10,0.626890923566879,0,9,None,66,1,5,False,1000,1000
154,4,random,10,0.6403264331210191,0,9,None,66,1,5,False,1000,1000
155,0,random,10,0.0995222929936305,0,25,None,66,1,5,False,1000,1000
156,1,random,10,0.0995222929936305,0,25,None,66,1,5,False,1000,1000
157,2,random,10,0.1003184713375796,0,25,None,66,1,5,False,1000,1000
158,3,random,10,0.1035031847133758,0,25,None,66,1,5,False,1000,1000
159,4,random,10,0.1179339171974522,0,25,None,66,1,5,False,1000,1000
160,0,random,10,0.3624601910828025,0,12,None,66,1,5,False,1000,1000
161,1,random,10,0.3288216560509554,0,12,None,66,1,5,False,1000,1000
162,2,random,10,0.3632563694267516,0,12,None,66,1,5,False,1000,1000
163,3,random,10,0.458499203821656,0,12,None,66,1,5,False,1000,1000
164,4,random,10,0.5087579617834395,0,12,None,66,1,5,False,1000,1000
165,5,random,10,0.3187699044585987,0,32,None,66,1,5,False,1000,1000
166,6,random,10,0.3554936305732484,0,32,None,66,1,5,False,1000,1000
167,7,random,10,0.38953025477707,0,32,None,66,1,5,False,1000,1000
168,8,random,10,0.4167993630573248,0,32,None,66,1,5,False,1000,1000
169,9,random,10,0.4395899681528662,0,32,None,66,1,5,False,1000,1000
170,5,random,10,0.5637937898089171,0,16,None,66,1,5,False,1000,1000
171,6,random,10,0.5866839171974523,0,16,None,66,1,5,False,1000,1000
172,7,random,10,0.6039012738853503,0,16,None,66,1,5,False,1000,1000
173,8,random,10,0.6203224522292994,0,16,None,66,1,5,False,1000,1000
174,9,random,10,0.637937898089172,0,16,None,66,1,5,False,1000,1000
175,5,random,10,0.2574641719745223,0,19,None,66,1,5,False,1000,1000
176,6,random,10,0.3227507961783439,0,19,None,66,1,5,False,1000,1000
177,7,random,10,0.3644506369426751,0,19,None,66,1,5,False,1000,1000
178,8,random,10,0.3903264331210191,0,19,None,66,1,5,False,1000,1000
179,9,random,10,0.4057523885350318,0,19,None,66,1,5,False,1000,1000
180,5,random,10,0.2942874203821656,0,31,None,66,1,5,False,1000,1000
181,6,random,10,0.2765724522292994,0,31,None,66,1,5,False,1000,1000
182,7,random,10,0.2686106687898089,0,31,None,66,1,5,False,1000,1000
183,8,random,10,0.2624402866242038,0,31,None,66,1,5,False,1000,1000
184,9,random,10,0.2582603503184713,0,31,None,66,1,5,False,1000,1000
185,5,random,10,0.1467953821656051,0,1,None,66,1,5,False,1000,1000
186,6,random,10,0.136046974522293,0,1,None,66,1,5,False,1000,1000
187,7,random,10,0.1327627388535031,0,1,None,66,1,5,False,1000,1000
188,8,random,10,0.1300756369426751,0,1,None,66,1,5,False,1000,1000
189,9,random,10,0.1248009554140127,0,1,None,66,1,5,False,1000,1000
190,5,random,10,0.1027070063694267,0,21,None,66,1,5,False,1000,1000
191,6,random,10,0.1067874203821656,0,21,None,66,1,5,False,1000,1000
192,7,random,10,0.1119625796178344,0,21,None,66,1,5,False,1000,1000
193,8,random,10,0.1204219745222929,0,21,None,66,1,5,False,1000,1000
194,9,random,10,0.1331608280254777,0,21,None,66,1,5,False,1000,1000
195,5,random,10,0.2734872611464968,0,8,None,66,1,5,False,1000,1000
196,6,random,10,0.397093949044586,0,8,None,66,1,5,False,1000,1000
197,7,random,10,0.4495421974522293,0,8,None,66,1,5,False,1000,1000
198,8,random,10,0.4938296178343949,0,8,None,66,1,5,False,1000,1000
199,9,random,10,0.4658638535031847,0,8,None,66,1,5,False,1000,1000
200,5,random,10,0.2967754777070063,0,23,None,66,1,5,False,1000,1000
201,6,random,10,0.3231488853503185,0,23,None,66,1,5,False,1000,1000
202,7,random,10,0.3436504777070063,0,23,None,66,1,5,False,1000,1000
203,8,random,10,0.3566878980891719,0,23,None,66,1,5,False,1000,1000
204,9,random,10,0.3650477707006369,0,23,None,66,1,5,False,1000,1000
205,5,random,10,0.6263933121019108,0,29,None,66,1,5,False,1000,1000
206,6,random,10,0.6138535031847133,0,29,None,66,1,5,False,1000,1000
207,7,random,10,0.613953025477707,0,29,None,66,1,5,False,1000,1000
208,8,random,10,0.6138535031847133,0,29,None,66,1,5,False,1000,1000
209,9,random,10,0.6157444267515924,0,29,None,66,1,5,False,1000,1000
210,5,random,10,0.6518710191082803,0,25,None,66,1,5,False,1000,1000
211,6,random,10,0.6897890127388535,0,25,None,66,1,5,False,1000,1000
212,7,random,10,0.6638136942675159,0,25,None,66,1,5,False,1000,1000
213,8,random,10,0.6255971337579618,0,25,None,66,1,5,False,1000,1000
214,9,random,10,0.5978304140127388,0,25,None,66,1,5,False,1000,1000
215,5,random,10,0.1317675159235669,0,13,None,66,1,5,False,1000,1000
216,6,random,10,0.1319665605095541,0,13,None,66,1,5,False,1000,1000
217,7,random,10,0.1304737261146497,0,13,None,66,1,5,False,1000,1000
218,8,random,10,0.1308718152866242,0,13,None,66,1,5,False,1000,1000
219,9,random,10,0.132265127388535,0,13,None,66,1,5,False,1000,1000
220,5,random,10,0.4287420382165605,0,26,None,66,1,5,False,1000,1000
221,6,random,10,0.4230692675159235,0,26,None,66,1,5,False,1000,1000
222,7,random,10,0.4063495222929936,0,26,None,66,1,5,False,1000,1000
223,8,random,10,0.3838574840764331,0,26,None,66,1,5,False,1000,1000
224,9,random,10,0.3672372611464968,0,26,None,66,1,5,False,1000,1000
225,5,random,10,0.2698049363057325,0,30,None,66,1,5,False,1000,1000
226,6,random,10,0.2724920382165605,0,30,None,66,1,5,False,1000,1000
227,7,random,10,0.2744824840764331,0,30,None,66,1,5,False,1000,1000
228,8,random,10,0.2746815286624204,0,30,None,66,1,5,False,1000,1000
229,9,random,10,0.2750796178343949,0,30,None,66,1,5,False,1000,1000
230,5,random,10,0.2948845541401274,0,27,None,66,1,5,False,1000,1000
231,6,random,10,0.283937101910828,0,27,None,66,1,5,False,1000,1000
232,7,random,10,0.2723925159235669,0,27,None,66,1,5,False,1000,1000
233,8,random,10,0.270203025477707,0,27,None,66,1,5,False,1000,1000
234,9,random,10,0.3146894904458598,0,27,None,66,1,5,False,1000,1000
235,5,random,10,0.4950238853503185,0,24,None,66,1,5,False,1000,1000
236,6,random,10,0.4684514331210191,0,24,None,66,1,5,False,1000,1000
237,7,random,10,0.4533240445859872,0,24,None,66,1,5,False,1000,1000
238,8,random,10,0.4627786624203822,0,24,None,66,1,5,False,1000,1000
239,9,random,10,0.4992038216560509,0,24,None,66,1,5,False,1000,1000
240,5,random,10,0.6590366242038217,0,14,None,66,1,5,False,1000,1000
241,6,random,10,0.6060907643312102,0,14,None,66,1,5,False,1000,1000
242,7,random,10,0.5935509554140127,0,14,None,66,1,5,False,1000,1000
243,8,random,10,0.5943471337579618,0,14,None,66,1,5,False,1000,1000
244,9,random,10,0.5984275477707006,0,14,None,66,1,5,False,1000,1000
245,5,random,10,0.0995222929936305,0,22,None,66,1,5,False,1000,1000
246,6,random,10,0.1006170382165605,0,22,None,66,1,5,False,1000,1000
247,7,random,10,0.1518710191082802,0,22,None,66,1,5,False,1000,1000
248,8,random,10,0.1831210191082802,0,22,None,66,1,5,False,1000,1000
249,9,random,10,0.203921178343949,0,22,None,66,1,5,False,1000,1000
250,5,random,10,0.386046974522293,0,6,None,66,1,5,False,1000,1000
251,6,random,10,0.4299363057324841,0,6,None,66,1,5,False,1000,1000
252,7,random,10,0.461484872611465,0,6,None,66,1,5,False,1000,1000
253,8,random,10,0.464171974522293,0,6,None,66,1,5,False,1000,1000
254,9,random,10,0.4496417197452229,0,6,None,66,1,5,False,1000,1000
255,5,random,10,0.2592555732484076,0,2,None,66,1,5,False,1000,1000
256,6,random,10,0.278264331210191,0,2,None,66,1,5,False,1000,1000
257,7,random,10,0.2959792993630573,0,2,None,66,1,5,False,1000,1000
258,8,random,10,0.315187101910828,0,2,None,66,1,5,False,1000,1000
259,9,random,10,0.3306130573248407,0,2,None,66,1,5,False,1000,1000
260,5,random,10,0.4074442675159235,0,0,None,66,1,5,False,1000,1000
261,6,random,10,0.4697452229299363,0,0,None,66,1,5,False,1000,1000
262,7,random,10,0.5483678343949044,0,0,None,66,1,5,False,1000,1000
263,8,random,10,0.595640923566879,0,0,None,66,1,5,False,1000,1000
264,9,random,10,0.5900676751592356,0,0,None,66,1,5,False,1000,1000
265,5,random,10,0.575437898089172,0,3,None,66,1,5,False,1000,1000
266,6,random,10,0.5107484076433121,0,3,None,66,1,5,False,1000,1000
267,7,random,10,0.4350119426751592,0,3,None,66,1,5,False,1000,1000
268,8,random,10,0.3835589171974522,0,3,None,66,1,5,False,1000,1000
269,9,random,10,0.3594745222929936,0,3,None,66,1,5,False,1000,1000
270,5,random,10,0.0995222929936305,0,4,None,66,1,5,False,1000,1000
271,6,random,10,0.0995222929936305,0,4,None,66,1,5,False,1000,1000
272,7,random,10,0.0995222929936305,0,4,None,66,1,5,False,1000,1000
273,8,random,10,0.0995222929936305,0,4,None,66,1,5,False,1000,1000
274,9,random,10,0.0995222929936305,0,4,None,66,1,5,False,1000,1000
275,5,random,10,0.2095939490445859,0,7,None,66,1,5,False,1000,1000
276,6,random,10,0.1978503184713375,0,7,None,66,1,5,False,1000,1000
277,7,random,10,0.1700835987261146,0,7,None,66,1,5,False,1000,1000
278,8,random,10,0.1465963375796178,0,7,None,66,1,5,False,1000,1000
279,9,random,10,0.129578025477707,0,7,None,66,1,5,False,1000,1000
280,5,random,10,0.3945063694267516,0,5,None,66,1,5,False,1000,1000
281,6,random,10,0.4569068471337579,0,5,None,66,1,5,False,1000,1000
282,7,random,10,0.4976114649681528,0,5,None,66,1,5,False,1000,1000
283,8,random,10,0.580015923566879,0,5,None,66,1,5,False,1000,1000
284,9,random,10,0.5493630573248408,0,5,None,66,1,5,False,1000,1000
285,5,random,10,0.6298765923566879,0,9,None,66,1,5,False,1000,1000
286,6,random,10,0.6449044585987261,0,9,None,66,1,5,False,1000,1000
287,7,random,10,0.6536624203821656,0,9,None,66,1,5,False,1000,1000
288,8,random,10,0.6643113057324841,0,9,None,66,1,5,False,1000,1000
289,9,random,10,0.6773487261146497,0,9,None,66,1,5,False,1000,1000
290,5,random,10,0.3793789808917197,0,10,None,66,1,5,False,1000,1000
291,6,random,10,0.4076433121019108,0,10,None,66,1,5,False,1000,1000
292,7,random,10,0.4002786624203822,0,10,None,66,1,5,False,1000,1000
293,8,random,10,0.421875,0,10,None,66,1,5,False,1000,1000
294,9,random,10,0.51453025477707,0,10,None,66,1,5,False,1000,1000
295,5,random,10,0.2955812101910828,0,11,None,66,1,5,False,1000,1000
296,6,random,10,0.2510947452229299,0,11,None,66,1,5,False,1000,1000
297,7,random,10,0.2067078025477707,0,11,None,66,1,5,False,1000,1000
298,8,random,10,0.192874203821656,0,11,None,66,1,5,False,1000,1000
299,9,random,10,0.1782444267515923,0,11,None,66,1,5,False,1000,1000
300,5,random,10,0.3083200636942675,0,15,None,66,1,5,False,1000,1000
301,6,random,10,0.3203622611464968,0,15,None,66,1,5,False,1000,1000
302,7,random,10,0.3298168789808917,0,15,None,66,1,5,False,1000,1000
303,8,random,10,0.3369824840764331,0,15,None,66,1,5,False,1000,1000
304,9,random,10,0.344546178343949,0,15,None,66,1,5,False,1000,1000
305,5,random,10,0.1816281847133758,0,12,None,66,1,5,False,1000,1000
306,6,random,10,0.2347730891719745,0,12,None,66,1,5,False,1000,1000
307,7,random,10,0.2577627388535032,0,12,None,66,1,5,False,1000,1000
308,8,random,10,0.216859076433121,0,12,None,66,1,5,False,1000,1000
309,9,random,10,0.188296178343949,0,12,None,66,1,5,False,1000,1000
310,5,random,10,0.464171974522293,0,17,None,66,1,5,False,1000,1000
311,6,random,10,0.4263535031847134,0,17,None,66,1,5,False,1000,1000
312,7,random,10,0.3911226114649681,0,17,None,66,1,5,False,1000,1000
313,8,random,10,0.3562898089171974,0,17,None,66,1,5,False,1000,1000
314,9,random,10,0.3293192675159235,0,17,None,66,1,5,False,1000,1000
315,5,random,10,0.1962579617834395,0,18,None,66,1,5,False,1000,1000
316,6,random,10,0.2026273885350318,0,18,None,66,1,5,False,1000,1000
317,7,random,10,0.2063097133757961,0,18,None,66,1,5,False,1000,1000
318,8,random,10,0.2085987261146497,0,18,None,66,1,5,False,1000,1000
319,9,random,10,0.2113853503184713,0,18,None,66,1,5,False,1000,1000
320,5,random,10,0.0995222929936305,0,20,None,66,1,5,False,1000,1000
321,6,random,10,0.0995222929936305,0,20,None,66,1,5,False,1000,1000
322,7,random,10,0.0995222929936305,0,20,None,66,1,5,False,1000,1000
323,8,random,10,0.0995222929936305,0,20,None,66,1,5,False,1000,1000
324,9,random,10,0.0995222929936305,0,20,None,66,1,5,False,1000,1000
325,5,random,10,0.3852507961783439,0,28,None,66,1,5,False,1000,1000
326,6,random,10,0.3580812101910828,0,28,None,66,1,5,False,1000,1000
327,7,random,10,0.3292197452229299,0,28,None,66,1,5,False,1000,1000
328,8,random,10,0.3298168789808917,0,28,None,66,1,5,False,1000,1000
329,9,random,10,0.3390724522292994,0,28,None,66,1,5,False,1000,1000
330,10,random,10,0.244327229299363,0,1,None,66,1,5,False,1000,1000
331,11,random,10,0.2085987261146497,0,1,None,66,1,5,False,1000,1000
332,12,random,10,0.1889928343949044,0,1,None,66,1,5,False,1000,1000
333,13,random,10,0.1783439490445859,0,1,None,66,1,5,False,1000,1000
334,14,random,10,0.1655055732484076,0,1,None,66,1,5,False,1000,1000
335,10,random,10,0.5524482484076433,0,2,None,66,1,5,False,1000,1000
336,11,random,10,0.5364251592356688,0,2,None,66,1,5,False,1000,1000
337,12,random,10,0.5180135350318471,0,2,None,66,1,5,False,1000,1000
338,13,random,10,0.4976114649681528,0,2,None,66,1,5,False,1000,1000
339,14,random,10,0.4701433121019108,0,2,None,66,1,5,False,1000,1000
340,10,random,10,0.5268710191082803,0,23,None,66,1,5,False,1000,1000
341,11,random,10,0.4675557324840764,0,23,None,66,1,5,False,1000,1000
342,12,random,10,0.4250597133757962,0,23,None,66,1,5,False,1000,1000
343,13,random,10,0.3794785031847134,0,23,None,66,1,5,False,1000,1000
344,14,random,10,0.3369824840764331,0,23,None,66,1,5,False,1000,1000
345,10,random,10,0.3540007961783439,0,15,None,66,1,5,False,1000,1000
346,11,random,10,0.3614649681528662,0,15,None,66,1,5,False,1000,1000
347,12,random,10,0.3728105095541401,0,15,None,66,1,5,False,1000,1000
348,13,random,10,0.3894307324840764,0,15,None,66,1,5,False,1000,1000
349,14,random,10,0.4045581210191082,0,15,None,66,1,5,False,1000,1000
350,10,random,10,0.423765923566879,0,10,None,66,1,5,False,1000,1000
351,11,random,10,0.5107484076433121,0,10,None,66,1,5,False,1000,1000
352,12,random,10,0.565187101910828,0,10,None,66,1,5,False,1000,1000
353,13,random,10,0.5858877388535032,0,10,None,66,1,5,False,1000,1000
354,14,random,10,0.5988256369426752,0,10,None,66,1,5,False,1000,1000
355,10,random,10,0.4986066878980891,0,11,None,66,1,5,False,1000,1000
356,11,random,10,0.4631767515923566,0,11,None,66,1,5,False,1000,1000
357,12,random,10,0.3760947452229299,0,11,None,66,1,5,False,1000,1000
358,13,random,10,0.3157842356687898,0,11,None,66,1,5,False,1000,1000
359,14,random,10,0.2394506369426751,0,11,None,66,1,5,False,1000,1000
360,10,random,10,0.2184514331210191,0,13,None,66,1,5,False,1000,1000
361,11,random,10,0.2196457006369426,0,13,None,66,1,5,False,1000,1000
362,12,random,10,0.221437101910828,0,13,None,66,1,5,False,1000,1000
363,13,random,10,0.2230294585987261,0,13,None,66,1,5,False,1000,1000
364,14,random,10,0.2261146496815286,0,13,None,66,1,5,False,1000,1000
365,10,random,10,0.0995222929936305,0,20,None,66,1,5,False,1000,1000
366,11,random,10,0.0995222929936305,0,20,None,66,1,5,False,1000,1000
367,12,random,10,0.0995222929936305,0,20,None,66,1,5,False,1000,1000
368,13,random,10,0.0995222929936305,0,20,None,66,1,5,False,1000,1000
369,14,random,10,0.0995222929936305,0,20,None,66,1,5,False,1000,1000
370,10,random,10,0.62390525477707,0,5,None,66,1,5,False,1000,1000
371,11,random,10,0.5810111464968153,0,5,None,66,1,5,False,1000,1000
372,12,random,10,0.5448845541401274,0,5,None,66,1,5,False,1000,1000
373,13,random,10,0.5368232484076433,0,5,None,66,1,5,False,1000,1000
374,14,random,10,0.5371218152866242,0,5,None,66,1,5,False,1000,1000
375,10,random,10,0.3063296178343949,0,30,None,66,1,5,False,1000,1000
376,11,random,10,0.3091162420382166,0,30,None,66,1,5,False,1000,1000
377,12,random,10,0.310609076433121,0,30,None,66,1,5,False,1000,1000
378,13,random,10,0.306827229299363,0,30,None,66,1,5,False,1000,1000
379,14,random,10,0.3023487261146497,0,30,None,66,1,5,False,1000,1000
380,10,random,10,0.4547173566878981,0,32,None,66,1,5,False,1000,1000
381,11,random,10,0.4710390127388535,0,32,None,66,1,5,False,1000,1000
382,12,random,10,0.4810907643312102,0,32,None,66,1,5,False,1000,1000
383,13,random,10,0.4852707006369426,0,32,None,66,1,5,False,1000,1000
384,14,random,10,0.4849721337579618,0,32,None,66,1,5,False,1000,1000
385,10,random,10,0.386046974522293,0,4,None,66,1,5,False,1000,1000
386,11,random,10,0.4412818471337579,0,4,None,66,1,5,False,1000,1000
387,12,random,10,0.4450636942675159,0,4,None,66,1,5,False,1000,1000
388,13,random,10,0.4366042993630573,0,4,None,66,1,5,False,1000,1000
389,14,random,10,0.4463574840764331,0,4,None,66,1,5,False,1000,1000
390,10,random,10,0.6434116242038217,0,16,None,66,1,5,False,1000,1000
391,11,random,10,0.6580414012738853,0,16,None,66,1,5,False,1000,1000
392,12,random,10,0.6703821656050956,0,16,None,66,1,5,False,1000,1000
393,13,random,10,0.6838176751592356,0,16,None,66,1,5,False,1000,1000
394,14,random,10,0.6949641719745223,0,16,None,66,1,5,False,1000,1000
395,10,random,10,0.1053941082802547,0,7,None,66,1,5,False,1000,1000
396,11,random,10,0.1963574840764331,0,7,None,66,1,5,False,1000,1000
397,12,random,10,0.2532842356687898,0,7,None,66,1,5,False,1000,1000
398,13,random,10,0.2768710191082802,0,7,None,66,1,5,False,1000,1000
399,14,random,10,0.2794585987261146,0,7,None,66,1,5,False,1000,1000
400,10,random,10,0.6913813694267515,0,25,None,66,1,5,False,1000,1000
401,11,random,10,0.6882961783439491,0,25,None,66,1,5,False,1000,1000
402,12,random,10,0.6878980891719745,0,25,None,66,1,5,False,1000,1000
403,13,random,10,0.6875995222929936,0,25,None,66,1,5,False,1000,1000
404,14,random,10,0.6884952229299363,0,25,None,66,1,5,False,1000,1000
405,10,random,10,0.6655055732484076,0,14,None,66,1,5,False,1000,1000
406,11,random,10,0.6612261146496815,0,14,None,66,1,5,False,1000,1000
407,12,random,10,0.6610270700636943,0,14,None,66,1,5,False,1000,1000
408,13,random,10,0.6610270700636943,0,14,None,66,1,5,False,1000,1000
409,14,random,10,0.6611265923566879,0,14,None,66,1,5,False,1000,1000
410,10,random,10,0.621218152866242,0,22,None,66,1,5,False,1000,1000
411,11,random,10,0.6418192675159236,0,22,None,66,1,5,False,1000,1000
412,12,random,10,0.5363256369426752,0,22,None,66,1,5,False,1000,1000
413,13,random,10,0.4596934713375796,0,22,None,66,1,5,False,1000,1000
414,14,random,10,0.43640525477707,0,22,None,66,1,5,False,1000,1000
415,10,random,10,0.3569864649681528,0,17,None,66,1,5,False,1000,1000
416,11,random,10,0.3962977707006369,0,17,None,66,1,5,False,1000,1000
417,12,random,10,0.397890127388535,0,17,None,66,1,5,False,1000,1000
418,13,random,10,0.3721138535031847,0,17,None,66,1,5,False,1000,1000
419,14,random,10,0.3230493630573248,0,17,None,66,1,5,False,1000,1000
420,10,random,10,0.3808718152866242,0,24,None,66,1,5,False,1000,1000
421,11,random,10,0.4229697452229299,0,24,None,66,1,5,False,1000,1000
422,12,random,10,0.4404856687898089,0,24,None,66,1,5,False,1000,1000
423,13,random,10,0.4160031847133758,0,24,None,66,1,5,False,1000,1000
424,14,random,10,0.4241640127388535,0,24,None,66,1,5,False,1000,1000
425,10,random,10,0.2688097133757962,0,19,None,66,1,5,False,1000,1000
426,11,random,10,0.3279259554140127,0,19,None,66,1,5,False,1000,1000
427,12,random,10,0.3541003184713376,0,19,None,66,1,5,False,1000,1000
428,13,random,10,0.3820660828025478,0,19,None,66,1,5,False,1000,1000
429,14,random,10,0.4124203821656051,0,19,None,66,1,5,False,1000,1000
430,10,random,10,0.3796775477707006,0,8,None,66,1,5,False,1000,1000
431,11,random,10,0.3810708598726114,0,8,None,66,1,5,False,1000,1000
432,12,random,10,0.2693073248407643,0,8,None,66,1,5,False,1000,1000
433,13,random,10,0.2898089171974522,0,8,None,66,1,5,False,1000,1000
434,14,random,10,0.3517117834394904,0,8,None,66,1,5,False,1000,1000
435,10,random,10,0.3654458598726114,0,21,None,66,1,5,False,1000,1000
436,11,random,10,0.353702229299363,0,21,None,66,1,5,False,1000,1000
437,12,random,10,0.3482285031847134,0,21,None,66,1,5,False,1000,1000
438,13,random,10,0.3535031847133758,0,21,None,66,1,5,False,1000,1000
439,14,random,10,0.359375,0,21,None,66,1,5,False,1000,1000
440,10,random,10,0.306827229299363,0,28,None,66,1,5,False,1000,1000
441,11,random,10,0.2710987261146497,0,28,None,66,1,5,False,1000,1000
442,12,random,10,0.2778662420382166,0,28,None,66,1,5,False,1000,1000
443,13,random,10,0.3241441082802547,0,28,None,66,1,5,False,1000,1000
444,14,random,10,0.3500199044585987,0,28,None,66,1,5,False,1000,1000
445,10,random,10,0.5706608280254777,0,3,None,66,1,5,False,1000,1000
446,11,random,10,0.5122412420382165,0,3,None,66,1,5,False,1000,1000
447,12,random,10,0.4505374203821656,0,3,None,66,1,5,False,1000,1000
448,13,random,10,0.3962977707006369,0,3,None,66,1,5,False,1000,1000
449,14,random,10,0.371218152866242,0,3,None,66,1,5,False,1000,1000
450,10,random,10,0.685609076433121,0,9,None,66,1,5,False,1000,1000
451,11,random,10,0.6960589171974523,0,9,None,66,1,5,False,1000,1000
452,12,random,10,0.7096934713375797,0,9,None,66,1,5,False,1000,1000
453,13,random,10,0.7215366242038217,0,9,None,66,1,5,False,1000,1000
454,14,random,10,0.7313893312101911,0,9,None,66,1,5,False,1000,1000
455,10,random,10,0.6558519108280255,0,29,None,66,1,5,False,1000,1000
456,11,random,10,0.6552547770700637,0,29,None,66,1,5,False,1000,1000
457,12,random,10,0.6560509554140127,0,29,None,66,1,5,False,1000,1000
458,13,random,10,0.6568471337579618,0,29,None,66,1,5,False,1000,1000
459,14,random,10,0.6579418789808917,0,29,None,66,1,5,False,1000,1000
460,10,random,10,0.544187898089172,0,0,None,66,1,5,False,1000,1000
461,11,random,10,0.6630175159235668,0,0,None,66,1,5,False,1000,1000
462,12,random,10,0.6767515923566879,0,0,None,66,1,5,False,1000,1000
463,13,random,10,0.6541600318471338,0,0,None,66,1,5,False,1000,1000
464,14,random,10,0.625,0,0,None,66,1,5,False,1000,1000
465,10,random,10,0.3388734076433121,0,12,None,66,1,5,False,1000,1000
466,11,random,10,0.3006568471337579,0,12,None,66,1,5,False,1000,1000
467,12,random,10,0.3930135350318471,0,12,None,66,1,5,False,1000,1000
468,13,random,10,0.3517117834394904,0,12,None,66,1,5,False,1000,1000
469,14,random,10,0.3150875796178344,0,12,None,66,1,5,False,1000,1000
470,10,random,10,0.683718152866242,0,6,None,66,1,5,False,1000,1000
471,11,random,10,0.6307722929936306,0,6,None,66,1,5,False,1000,1000
472,12,random,10,0.6157444267515924,0,6,None,66,1,5,False,1000,1000
473,13,random,10,0.6152468152866242,0,6,None,66,1,5,False,1000,1000
474,14,random,10,0.6201234076433121,0,6,None,66,1,5,False,1000,1000
475,10,random,10,0.2485071656050955,0,26,None,66,1,5,False,1000,1000
476,11,random,10,0.1757563694267516,0,26,None,66,1,5,False,1000,1000
477,12,random,10,0.1034036624203821,0,26,None,66,1,5,False,1000,1000
478,13,random,10,0.1048964968152866,0,26,None,66,1,5,False,1000,1000
479,14,random,10,0.1084792993630573,0,26,None,66,1,5,False,1000,1000
480,10,random,10,0.210390127388535,0,18,None,66,1,5,False,1000,1000
481,11,random,10,0.2162619426751592,0,18,None,66,1,5,False,1000,1000
482,12,random,10,0.2212380573248407,0,18,None,66,1,5,False,1000,1000
483,13,random,10,0.2291003184713375,0,18,None,66,1,5,False,1000,1000
484,14,random,10,0.2300955414012739,0,18,None,66,1,5,False,1000,1000
485,10,random,10,0.3019506369426751,0,27,None,66,1,5,False,1000,1000
486,11,random,10,0.3075238853503185,0,27,None,66,1,5,False,1000,1000
487,12,random,10,0.3290207006369426,0,27,None,66,1,5,False,1000,1000
488,13,random,10,0.4256568471337579,0,27,None,66,1,5,False,1000,1000
489,14,random,10,0.410828025477707,0,27,None,66,1,5,False,1000,1000
490,10,random,10,0.2689092356687898,0,31,None,66,1,5,False,1000,1000
491,11,random,10,0.2701035031847134,0,31,None,66,1,5,False,1000,1000
492,12,random,10,0.2943869426751592,0,31,None,66,1,5,False,1000,1000
493,13,random,10,0.3584792993630573,0,31,None,66,1,5,False,1000,1000
494,14,random,10,0.3891321656050955,0,31,None,66,1,5,False,1000,1000
495,15,random,10,0.4790007961783439,0,32,None,66,1,5,False,1000,1000
496,16,random,10,0.4728304140127388,0,32,None,66,1,5,False,1000,1000
497,17,random,10,0.4665605095541401,0,32,None,66,1,5,False,1000,1000
498,18,random,10,0.4555135350318471,0,32,None,66,1,5,False,1000,1000
499,19,random,10,0.4445660828025478,0,32,None,66,1,5,False,1000,1000
500,15,random,10,0.703125,0,14,None,66,1,5,False,1000,1000
501,16,random,10,0.7045183121019108,0,14,None,66,1,5,False,1000,1000
502,17,random,10,0.7061106687898089,0,14,None,66,1,5,False,1000,1000
503,18,random,10,0.7066082802547771,0,14,None,66,1,5,False,1000,1000
504,19,random,10,0.708797770700637,0,14,None,66,1,5,False,1000,1000
505,15,random,10,0.650577229299363,0,22,None,66,1,5,False,1000,1000
506,16,random,10,0.6526671974522293,0,22,None,66,1,5,False,1000,1000
507,17,random,10,0.6536624203821656,0,22,None,66,1,5,False,1000,1000
508,18,random,10,0.6534633757961783,0,22,None,66,1,5,False,1000,1000
509,19,random,10,0.6538614649681529,0,22,None,66,1,5,False,1000,1000
510,15,random,10,0.2504976114649681,0,7,None,66,1,5,False,1000,1000
511,16,random,10,0.3655453821656051,0,7,None,66,1,5,False,1000,1000
512,17,random,10,0.3848527070063694,0,7,None,66,1,5,False,1000,1000
513,18,random,10,0.384156050955414,0,7,None,66,1,5,False,1000,1000
514,19,random,10,0.3592754777070063,0,7,None,66,1,5,False,1000,1000
515,15,random,10,0.56140525477707,0,10,None,66,1,5,False,1000,1000
516,16,random,10,0.5916600318471338,0,10,None,66,1,5,False,1000,1000
517,17,random,10,0.6048964968152867,0,10,None,66,1,5,False,1000,1000
518,18,random,10,0.6147492038216561,0,10,None,66,1,5,False,1000,1000
519,19,random,10,0.6264928343949044,0,10,None,66,1,5,False,1000,1000
520,15,random,10,0.4537221337579618,0,11,None,66,1,5,False,1000,1000
521,16,random,10,0.4059514331210191,0,11,None,66,1,5,False,1000,1000
522,17,random,10,0.3892316878980891,0,11,None,66,1,5,False,1000,1000
523,18,random,10,0.3760947452229299,0,11,None,66,1,5,False,1000,1000
524,19,random,10,0.3607683121019108,0,11,None,66,1,5,False,1000,1000
525,15,random,10,0.4443670382165605,0,15,None,66,1,5,False,1000,1000
526,16,random,10,0.4720342356687898,0,15,None,66,1,5,False,1000,1000
527,17,random,10,0.5068670382165605,0,15,None,66,1,5,False,1000,1000
528,18,random,10,0.5257762738853503,0,15,None,66,1,5,False,1000,1000
529,19,random,10,0.5372213375796179,0,15,None,66,1,5,False,1000,1000
530,15,random,10,0.0995222929936305,0,20,None,66,1,5,False,1000,1000
531,16,random,10,0.0995222929936305,0,20,None,66,1,5,False,1000,1000
532,17,random,10,0.0995222929936305,0,20,None,66,1,5,False,1000,1000
533,18,random,10,0.0995222929936305,0,20,None,66,1,5,False,1000,1000
534,19,random,10,0.0995222929936305,0,20,None,66,1,5,False,1000,1000
535,15,random,10,0.6970541401273885,0,16,None,66,1,5,False,1000,1000
536,16,random,10,0.7083996815286624,0,16,None,66,1,5,False,1000,1000
537,17,random,10,0.7177547770700637,0,16,None,66,1,5,False,1000,1000
538,18,random,10,0.7263136942675159,0,16,None,66,1,5,False,1000,1000
539,19,random,10,0.7344745222929936,0,16,None,66,1,5,False,1000,1000
540,15,random,10,0.4046576433121019,0,17,None,66,1,5,False,1000,1000
541,16,random,10,0.3907245222929936,0,17,None,66,1,5,False,1000,1000
542,17,random,10,0.363953025477707,0,17,None,66,1,5,False,1000,1000
543,18,random,10,0.3495222929936306,0,17,None,66,1,5,False,1000,1000
544,19,random,10,0.3458399681528662,0,17,None,66,1,5,False,1000,1000
545,15,random,10,0.464968152866242,0,1,None,66,1,5,False,1000,1000
546,16,random,10,0.3974920382165605,0,1,None,66,1,5,False,1000,1000
547,17,random,10,0.3375796178343949,0,1,None,66,1,5,False,1000,1000
548,18,random,10,0.2974721337579618,0,1,None,66,1,5,False,1000,1000
549,19,random,10,0.2721934713375796,0,1,None,66,1,5,False,1000,1000
550,15,random,10,0.6100716560509554,0,2,None,66,1,5,False,1000,1000
551,16,random,10,0.5851910828025477,0,2,None,66,1,5,False,1000,1000
552,17,random,10,0.5626990445859873,0,2,None,66,1,5,False,1000,1000
553,18,random,10,0.5327428343949044,0,2,None,66,1,5,False,1000,1000
554,19,random,10,0.501890923566879,0,2,None,66,1,5,False,1000,1000
555,15,random,10,0.5458797770700637,0,5,None,66,1,5,False,1000,1000
556,16,random,10,0.5384156050955414,0,5,None,66,1,5,False,1000,1000
557,17,random,10,0.539609872611465,0,5,None,66,1,5,False,1000,1000
558,18,random,10,0.5466759554140127,0,5,None,66,1,5,False,1000,1000
559,19,random,10,0.5592157643312102,0,5,None,66,1,5,False,1000,1000
560,15,random,10,0.5372213375796179,0,4,None,66,1,5,False,1000,1000
561,16,random,10,0.5060708598726115,0,4,None,66,1,5,False,1000,1000
562,17,random,10,0.4745222929936306,0,4,None,66,1,5,False,1000,1000
563,18,random,10,0.4677547770700637,0,4,None,66,1,5,False,1000,1000
564,19,random,10,0.4806926751592357,0,4,None,66,1,5,False,1000,1000
565,15,random,10,0.1054936305732484,0,13,None,66,1,5,False,1000,1000
566,16,random,10,0.1155453821656051,0,13,None,66,1,5,False,1000,1000
567,17,random,10,0.1282842356687898,0,13,None,66,1,5,False,1000,1000
568,18,random,10,0.1403264331210191,0,13,None,66,1,5,False,1000,1000
569,19,random,10,0.1527667197452229,0,13,None,66,1,5,False,1000,1000
570,15,random,10,0.5849920382165605,0,23,None,66,1,5,False,1000,1000
571,16,random,10,0.5504578025477707,0,23,None,66,1,5,False,1000,1000
572,17,random,10,0.5227906050955414,0,23,None,66,1,5,False,1000,1000
573,18,random,10,0.5193073248407644,0,23,None,66,1,5,False,1000,1000
574,19,random,10,0.5295581210191083,0,23,None,66,1,5,False,1000,1000
575,15,random,10,0.3328025477707006,0,28,None,66,1,5,False,1000,1000
576,16,random,10,0.3543988853503185,0,28,None,66,1,5,False,1000,1000
577,17,random,10,0.3616640127388535,0,28,None,66,1,5,False,1000,1000
578,18,random,10,0.3837579617834395,0,28,None,66,1,5,False,1000,1000
579,19,random,10,0.4042595541401274,0,28,None,66,1,5,False,1000,1000
580,15,random,10,0.678343949044586,0,29,None,66,1,5,False,1000,1000
581,16,random,10,0.6784434713375797,0,29,None,66,1,5,False,1000,1000
582,17,random,10,0.6795382165605095,0,29,None,66,1,5,False,1000,1000
583,18,random,10,0.6815286624203821,0,29,None,66,1,5,False,1000,1000
584,19,random,10,0.6832205414012739,0,29,None,66,1,5,False,1000,1000
585,15,random,10,0.4265525477707006,0,24,None,66,1,5,False,1000,1000
586,16,random,10,0.4340167197452229,0,24,None,66,1,5,False,1000,1000
587,17,random,10,0.4445660828025478,0,24,None,66,1,5,False,1000,1000
588,18,random,10,0.4658638535031847,0,24,None,66,1,5,False,1000,1000
589,19,random,10,0.4945262738853503,0,24,None,66,1,5,False,1000,1000
590,15,random,10,0.4202826433121019,0,27,None,66,1,5,False,1000,1000
591,16,random,10,0.4037619426751592,0,27,None,66,1,5,False,1000,1000
592,17,random,10,0.4195859872611465,0,27,None,66,1,5,False,1000,1000
593,18,random,10,0.4426751592356688,0,27,None,66,1,5,False,1000,1000
594,19,random,10,0.4504378980891719,0,27,None,66,1,5,False,1000,1000
595,15,random,10,0.7245222929936306,0,0,None,66,1,5,False,1000,1000
596,16,random,10,0.7097929936305732,0,0,None,66,1,5,False,1000,1000
597,17,random,10,0.6682921974522293,0,0,None,66,1,5,False,1000,1000
598,18,random,10,0.6413216560509554,0,0,None,66,1,5,False,1000,1000
599,19,random,10,0.6340565286624203,0,0,None,66,1,5,False,1000,1000
600,15,random,10,0.4025676751592357,0,30,None,66,1,5,False,1000,1000
601,16,random,10,0.3488256369426751,0,30,None,66,1,5,False,1000,1000
602,17,random,10,0.3429538216560509,0,30,None,66,1,5,False,1000,1000
603,18,random,10,0.3387738853503185,0,30,None,66,1,5,False,1000,1000
604,19,random,10,0.3361863057324841,0,30,None,66,1,5,False,1000,1000
605,15,random,10,0.4506369426751592,0,12,None,66,1,5,False,1000,1000
606,16,random,10,0.5181130573248408,0,12,None,66,1,5,False,1000,1000
607,17,random,10,0.4487460191082802,0,12,None,66,1,5,False,1000,1000
608,18,random,10,0.4663614649681528,0,12,None,66,1,5,False,1000,1000
609,19,random,10,0.4890525477707006,0,12,None,66,1,5,False,1000,1000
610,15,random,10,0.7291003184713376,0,9,None,66,1,5,False,1000,1000
611,16,random,10,0.7364649681528662,0,9,None,66,1,5,False,1000,1000
612,17,random,10,0.7447253184713376,0,9,None,66,1,5,False,1000,1000
613,18,random,10,0.7509952229299363,0,9,None,66,1,5,False,1000,1000
614,19,random,10,0.7561703821656051,0,9,None,66,1,5,False,1000,1000
615,15,random,10,0.7399482484076433,0,25,None,66,1,5,False,1000,1000
616,16,random,10,0.7384554140127388,0,25,None,66,1,5,False,1000,1000
617,17,random,10,0.7392515923566879,0,25,None,66,1,5,False,1000,1000
618,18,random,10,0.7397492038216561,0,25,None,66,1,5,False,1000,1000
619,19,random,10,0.7401472929936306,0,25,None,66,1,5,False,1000,1000
620,15,random,10,0.7119824840764332,0,6,None,66,1,5,False,1000,1000
621,16,random,10,0.7078025477707006,0,6,None,66,1,5,False,1000,1000
622,17,random,10,0.7082006369426752,0,6,None,66,1,5,False,1000,1000
623,18,random,10,0.7105891719745223,0,6,None,66,1,5,False,1000,1000
624,19,random,10,0.7121815286624203,0,6,None,66,1,5,False,1000,1000
625,15,random,10,0.6336584394904459,0,26,None,66,1,5,False,1000,1000
626,16,random,10,0.6786425159235668,0,26,None,66,1,5,False,1000,1000
627,17,random,10,0.6676950636942676,0,26,None,66,1,5,False,1000,1000
628,18,random,10,0.6357484076433121,0,26,None,66,1,5,False,1000,1000
629,19,random,10,0.6090764331210191,0,26,None,66,1,5,False,1000,1000
630,15,random,10,0.3899283439490446,0,31,None,66,1,5,False,1000,1000
631,16,random,10,0.378483280254777,0,31,None,66,1,5,False,1000,1000
632,17,random,10,0.3805732484076433,0,31,None,66,1,5,False,1000,1000
633,18,random,10,0.3948049363057325,0,31,None,66,1,5,False,1000,1000
634,19,random,10,0.4102308917197452,0,31,None,66,1,5,False,1000,1000
635,15,random,10,0.6576433121019108,0,3,None,66,1,5,False,1000,1000
636,16,random,10,0.5822054140127388,0,3,None,66,1,5,False,1000,1000
637,17,random,10,0.5162221337579618,0,3,None,66,1,5,False,1000,1000
638,18,random,10,0.4646695859872611,0,3,None,66,1,5,False,1000,1000
639,19,random,10,0.4250597133757962,0,3,None,66,1,5,False,1000,1000
640,15,random,10,0.5124402866242038,0,8,None,66,1,5,False,1000,1000
641,16,random,10,0.4362062101910828,0,8,None,66,1,5,False,1000,1000
642,17,random,10,0.4794984076433121,0,8,None,66,1,5,False,1000,1000
643,18,random,10,0.5242834394904459,0,8,None,66,1,5,False,1000,1000
644,19,random,10,0.5462778662420382,0,8,None,66,1,5,False,1000,1000
645,15,random,10,0.2299960191082802,0,18,None,66,1,5,False,1000,1000
646,16,random,10,0.2311902866242038,0,18,None,66,1,5,False,1000,1000
647,17,random,10,0.2326831210191083,0,18,None,66,1,5,False,1000,1000
648,18,random,10,0.237062101910828,0,18,None,66,1,5,False,1000,1000
649,19,random,10,0.2473128980891719,0,18,None,66,1,5,False,1000,1000
650,15,random,10,0.2613455414012738,0,19,None,66,1,5,False,1000,1000
651,16,random,10,0.3271297770700637,0,19,None,66,1,5,False,1000,1000
652,17,random,10,0.3650477707006369,0,19,None,66,1,5,False,1000,1000
653,18,random,10,0.3911226114649681,0,19,None,66,1,5,False,1000,1000
654,19,random,10,0.407046178343949,0,19,None,66,1,5,False,1000,1000
655,15,random,10,0.591062898089172,0,21,None,66,1,5,False,1000,1000
656,16,random,10,0.5744426751592356,0,21,None,66,1,5,False,1000,1000
657,17,random,10,0.5444864649681529,0,21,None,66,1,5,False,1000,1000
658,18,random,10,0.5307523885350318,0,21,None,66,1,5,False,1000,1000
659,19,random,10,0.5227906050955414,0,21,None,66,1,5,False,1000,1000
660,20,random,10,0.4252587579617834,0,30,None,66,1,5,False,1000,1000
661,21,random,10,0.3797770700636942,0,30,None,66,1,5,False,1000,1000
662,22,random,10,0.3636544585987261,0,30,None,66,1,5,False,1000,1000
663,23,random,10,0.3548964968152866,0,30,None,66,1,5,False,1000,1000
664,24,random,10,0.3488256369426751,0,30,None,66,1,5,False,1000,1000
665,20,random,10,0.7430334394904459,0,14,None,66,1,5,False,1000,1000
666,21,random,10,0.7437300955414012,0,14,None,66,1,5,False,1000,1000
667,22,random,10,0.7444267515923567,0,14,None,66,1,5,False,1000,1000
668,23,random,10,0.7446257961783439,0,14,None,66,1,5,False,1000,1000
669,24,random,10,0.7452229299363057,0,14,None,66,1,5,False,1000,1000
670,20,random,10,0.7582603503184714,0,25,None,66,1,5,False,1000,1000
671,21,random,10,0.7573646496815286,0,25,None,66,1,5,False,1000,1000
672,22,random,10,0.7566679936305732,0,25,None,66,1,5,False,1000,1000
673,23,random,10,0.7567675159235668,0,25,None,66,1,5,False,1000,1000
674,24,random,10,0.7567675159235668,0,25,None,66,1,5,False,1000,1000
675,20,random,10,0.7218351910828026,0,26,None,66,1,5,False,1000,1000
676,21,random,10,0.6845143312101911,0,26,None,66,1,5,False,1000,1000
677,22,random,10,0.65734474522293,0,26,None,66,1,5,False,1000,1000
678,23,random,10,0.6410230891719745,0,26,None,66,1,5,False,1000,1000
679,24,random,10,0.6344546178343949,0,26,None,66,1,5,False,1000,1000
680,20,random,10,0.6879976114649682,0,22,None,66,1,5,False,1000,1000
681,21,random,10,0.689390923566879,0,22,None,66,1,5,False,1000,1000
682,22,random,10,0.6922770700636943,0,22,None,66,1,5,False,1000,1000
683,23,random,10,0.6938694267515924,0,22,None,66,1,5,False,1000,1000
684,24,random,10,0.694765127388535,0,22,None,66,1,5,False,1000,1000
685,20,random,10,0.7439291401273885,0,6,None,66,1,5,False,1000,1000
686,21,random,10,0.7431329617834395,0,6,None,66,1,5,False,1000,1000
687,22,random,10,0.7433320063694268,0,6,None,66,1,5,False,1000,1000
688,23,random,10,0.7439291401273885,0,6,None,66,1,5,False,1000,1000
689,24,random,10,0.7432324840764332,0,6,None,66,1,5,False,1000,1000
690,20,random,10,0.4336186305732484,0,32,None,66,1,5,False,1000,1000
691,21,random,10,0.4286425159235669,0,32,None,66,1,5,False,1000,1000
692,22,random,10,0.4241640127388535,0,32,None,66,1,5,False,1000,1000
693,23,random,10,0.4235668789808917,0,32,None,66,1,5,False,1000,1000
694,24,random,10,0.4235668789808917,0,32,None,66,1,5,False,1000,1000
695,20,random,10,0.7378582802547771,0,16,None,66,1,5,False,1000,1000
696,21,random,10,0.7440286624203821,0,16,None,66,1,5,False,1000,1000
697,22,random,10,0.7483081210191083,0,16,None,66,1,5,False,1000,1000
698,23,random,10,0.7552746815286624,0,16,None,66,1,5,False,1000,1000
699,24,random,10,0.7590565286624203,0,16,None,66,1,5,False,1000,1000
700,20,random,10,0.3669386942675159,0,7,None,66,1,5,False,1000,1000
701,21,random,10,0.4113256369426751,0,7,None,66,1,5,False,1000,1000
702,22,random,10,0.3937101910828025,0,7,None,66,1,5,False,1000,1000
703,23,random,10,0.381468949044586,0,7,None,66,1,5,False,1000,1000
704,24,random,10,0.3767914012738853,0,7,None,66,1,5,False,1000,1000
705,20,random,10,0.6063893312101911,0,12,None,66,1,5,False,1000,1000
706,21,random,10,0.5393113057324841,0,12,None,66,1,5,False,1000,1000
707,22,random,10,0.5068670382165605,0,12,None,66,1,5,False,1000,1000
708,23,random,10,0.5475716560509554,0,12,None,66,1,5,False,1000,1000
709,24,random,10,0.5789211783439491,0,12,None,66,1,5,False,1000,1000
710,20,random,10,0.1456011146496815,0,20,None,66,1,5,False,1000,1000
711,21,random,10,0.1377388535031847,0,20,None,66,1,5,False,1000,1000
712,22,random,10,0.1306727707006369,0,20,None,66,1,5,False,1000,1000
713,23,random,10,0.1244028662420382,0,20,None,66,1,5,False,1000,1000
714,24,random,10,0.1200238853503184,0,20,None,66,1,5,False,1000,1000
715,20,random,10,0.5644904458598726,0,1,None,66,1,5,False,1000,1000
716,21,random,10,0.554140127388535,0,1,None,66,1,5,False,1000,1000
717,22,random,10,0.5526472929936306,0,1,None,66,1,5,False,1000,1000
718,23,random,10,0.5594148089171974,0,1,None,66,1,5,False,1000,1000
719,24,random,10,0.5691679936305732,0,1,None,66,1,5,False,1000,1000
720,20,random,10,0.6364450636942676,0,2,None,66,1,5,False,1000,1000
721,21,random,10,0.6347531847133758,0,2,None,66,1,5,False,1000,1000
722,22,random,10,0.6264928343949044,0,2,None,66,1,5,False,1000,1000
723,23,random,10,0.6160429936305732,0,2,None,66,1,5,False,1000,1000
724,24,random,10,0.6011146496815286,0,2,None,66,1,5,False,1000,1000
725,20,random,10,0.7415406050955414,0,0,None,66,1,5,False,1000,1000
726,21,random,10,0.6989450636942676,0,0,None,66,1,5,False,1000,1000
727,22,random,10,0.6798367834394905,0,0,None,66,1,5,False,1000,1000
728,23,random,10,0.6742635350318471,0,0,None,66,1,5,False,1000,1000
729,24,random,10,0.6742635350318471,0,0,None,66,1,5,False,1000,1000
730,20,random,10,0.5892714968152867,0,5,None,66,1,5,False,1000,1000
731,21,random,10,0.5940485668789809,0,5,None,66,1,5,False,1000,1000
732,22,random,10,0.6140525477707006,0,5,None,66,1,5,False,1000,1000
733,23,random,10,0.6357484076433121,0,5,None,66,1,5,False,1000,1000
734,24,random,10,0.6486863057324841,0,5,None,66,1,5,False,1000,1000
735,20,random,10,0.7492038216560509,0,9,None,66,1,5,False,1000,1000
736,21,random,10,0.7554737261146497,0,9,None,66,1,5,False,1000,1000
737,22,random,10,0.761843152866242,0,9,None,66,1,5,False,1000,1000
738,23,random,10,0.7663216560509554,0,9,None,66,1,5,False,1000,1000
739,24,random,10,0.7714968152866242,0,9,None,66,1,5,False,1000,1000
740,20,random,10,0.1038017515923566,0,13,None,66,1,5,False,1000,1000
741,21,random,10,0.1103702229299363,0,13,None,66,1,5,False,1000,1000
742,22,random,10,0.1198248407643312,0,13,None,66,1,5,False,1000,1000
743,23,random,10,0.1321656050955414,0,13,None,66,1,5,False,1000,1000
744,24,random,10,0.1472929936305732,0,13,None,66,1,5,False,1000,1000
745,20,random,10,0.6339570063694268,0,23,None,66,1,5,False,1000,1000
746,21,random,10,0.6328622611464968,0,23,None,66,1,5,False,1000,1000
747,22,random,10,0.6342555732484076,0,23,None,66,1,5,False,1000,1000
748,23,random,10,0.6413216560509554,0,23,None,66,1,5,False,1000,1000
749,24,random,10,0.6461982484076433,0,23,None,66,1,5,False,1000,1000
750,20,random,10,0.4490445859872611,0,28,None,66,1,5,False,1000,1000
751,21,random,10,0.4756170382165605,0,28,None,66,1,5,False,1000,1000
752,22,random,10,0.5187101910828026,0,28,None,66,1,5,False,1000,1000
753,23,random,10,0.5493630573248408,0,28,None,66,1,5,False,1000,1000
754,24,random,10,0.5685708598726115,0,28,None,66,1,5,False,1000,1000
755,20,random,10,0.7036226114649682,0,29,None,66,1,5,False,1000,1000
756,21,random,10,0.7043192675159236,0,29,None,66,1,5,False,1000,1000
757,22,random,10,0.7053144904458599,0,29,None,66,1,5,False,1000,1000
758,23,random,10,0.7060111464968153,0,29,None,66,1,5,False,1000,1000
759,24,random,10,0.7080015923566879,0,29,None,66,1,5,False,1000,1000
760,20,random,10,0.6935708598726115,0,4,None,66,1,5,False,1000,1000
761,21,random,10,0.6929737261146497,0,4,None,66,1,5,False,1000,1000
762,22,random,10,0.6934713375796179,0,4,None,66,1,5,False,1000,1000
763,23,random,10,0.6930732484076433,0,4,None,66,1,5,False,1000,1000
764,24,random,10,0.6936703821656051,0,4,None,66,1,5,False,1000,1000
765,20,random,10,0.6481886942675159,0,3,None,66,1,5,False,1000,1000
766,21,random,10,0.5828025477707006,0,3,None,66,1,5,False,1000,1000
767,22,random,10,0.5273686305732485,0,3,None,66,1,5,False,1000,1000
768,23,random,10,0.4825835987261146,0,3,None,66,1,5,False,1000,1000
769,24,random,10,0.4492436305732484,0,3,None,66,1,5,False,1000,1000
770,20,random,10,0.5984275477707006,0,10,None,66,1,5,False,1000,1000
771,21,random,10,0.6097730891719745,0,10,None,66,1,5,False,1000,1000
772,22,random,10,0.6192277070063694,0,10,None,66,1,5,False,1000,1000
773,23,random,10,0.6324641719745223,0,10,None,66,1,5,False,1000,1000
774,24,random,10,0.6434116242038217,0,10,None,66,1,5,False,1000,1000
775,20,random,10,0.5453821656050956,0,15,None,66,1,5,False,1000,1000
776,21,random,10,0.5531449044585988,0,15,None,66,1,5,False,1000,1000
777,22,random,10,0.5605095541401274,0,15,None,66,1,5,False,1000,1000
778,23,random,10,0.5693670382165605,0,15,None,66,1,5,False,1000,1000
779,24,random,10,0.5760350318471338,0,15,None,66,1,5,False,1000,1000
780,20,random,10,0.5338375796178344,0,11,None,66,1,5,False,1000,1000
781,21,random,10,0.4415804140127388,0,11,None,66,1,5,False,1000,1000
782,22,random,10,0.3871417197452229,0,11,None,66,1,5,False,1000,1000
783,23,random,10,0.322452229299363,0,11,None,66,1,5,False,1000,1000
784,24,random,10,0.2817476114649681,0,11,None,66,1,5,False,1000,1000
785,20,random,10,0.6594347133757962,0,8,None,66,1,5,False,1000,1000
786,21,random,10,0.5944466560509554,0,8,None,66,1,5,False,1000,1000
787,22,random,10,0.6172372611464968,0,8,None,66,1,5,False,1000,1000
788,23,random,10,0.6367436305732485,0,8,None,66,1,5,False,1000,1000
789,24,random,10,0.6487858280254777,0,8,None,66,1,5,False,1000,1000
790,20,random,10,0.2550756369426751,0,18,None,66,1,5,False,1000,1000
791,21,random,10,0.2639331210191082,0,18,None,66,1,5,False,1000,1000
792,22,random,10,0.2679140127388535,0,18,None,66,1,5,False,1000,1000
793,23,random,10,0.2711982484076433,0,18,None,66,1,5,False,1000,1000
794,24,random,10,0.2671178343949044,0,18,None,66,1,5,False,1000,1000
795,20,random,10,0.2770700636942675,0,19,None,66,1,5,False,1000,1000
796,21,random,10,0.3265326433121019,0,19,None,66,1,5,False,1000,1000
797,22,random,10,0.341859076433121,0,19,None,66,1,5,False,1000,1000
798,23,random,10,0.3484275477707006,0,19,None,66,1,5,False,1000,1000
799,24,random,10,0.3589769108280254,0,19,None,66,1,5,False,1000,1000
800,20,random,10,0.4145103503184713,0,31,None,66,1,5,False,1000,1000
801,21,random,10,0.3948049363057325,0,31,None,66,1,5,False,1000,1000
802,22,random,10,0.4038614649681528,0,31,None,66,1,5,False,1000,1000
803,23,random,10,0.4213773885350318,0,31,None,66,1,5,False,1000,1000
804,24,random,10,0.4354100318471338,0,31,None,66,1,5,False,1000,1000
805,25,random,10,0.741640127388535,0,22,None,66,1,5,False,1000,1000
806,26,random,10,0.7422372611464968,0,22,None,66,1,5,False,1000,1000
807,27,random,10,0.7437300955414012,0,22,None,66,1,5,False,1000,1000
808,28,random,10,0.7449243630573248,0,22,None,66,1,5,False,1000,1000
809,29,random,10,0.7452229299363057,0,22,None,66,1,5,False,1000,1000
810,25,random,10,0.4246616242038216,0,32,None,66,1,5,False,1000,1000
811,26,random,10,0.426453025477707,0,32,None,66,1,5,False,1000,1000
812,27,random,10,0.4298367834394904,0,32,None,66,1,5,False,1000,1000
813,28,random,10,0.4325238853503185,0,32,None,66,1,5,False,1000,1000
814,29,random,10,0.4405851910828025,0,32,None,66,1,5,False,1000,1000
815,25,random,10,0.6952627388535032,0,26,None,66,1,5,False,1000,1000
816,26,random,10,0.6888933121019108,0,26,None,66,1,5,False,1000,1000
817,27,random,10,0.6877985668789809,0,26,None,66,1,5,False,1000,1000
818,28,random,10,0.6855095541401274,0,26,None,66,1,5,False,1000,1000
819,29,random,10,0.6854100318471338,0,26,None,66,1,5,False,1000,1000
820,25,random,10,0.7627388535031847,0,14,None,66,1,5,False,1000,1000
821,26,random,10,0.7631369426751592,0,14,None,66,1,5,False,1000,1000
822,27,random,10,0.7626393312101911,0,14,None,66,1,5,False,1000,1000
823,28,random,10,0.7634355095541401,0,14,None,66,1,5,False,1000,1000
824,29,random,10,0.7638335987261147,0,14,None,66,1,5,False,1000,1000
825,25,random,10,0.7606488853503185,0,16,None,66,1,5,False,1000,1000
826,26,random,10,0.7639331210191083,0,16,None,66,1,5,False,1000,1000
827,27,random,10,0.7676154458598726,0,16,None,66,1,5,False,1000,1000
828,28,random,10,0.7705015923566879,0,16,None,66,1,5,False,1000,1000
829,29,random,10,0.7721934713375797,0,16,None,66,1,5,False,1000,1000
830,25,random,10,0.7761743630573248,0,25,None,66,1,5,False,1000,1000
831,26,random,10,0.775577229299363,0,25,None,66,1,5,False,1000,1000
832,27,random,10,0.7736863057324841,0,25,None,66,1,5,False,1000,1000
833,28,random,10,0.7740843949044586,0,25,None,66,1,5,False,1000,1000
834,29,random,10,0.7742834394904459,0,25,None,66,1,5,False,1000,1000
835,20,random,10,0.5927547770700637,0,21,None,66,1,5,False,1000,1000
836,21,random,10,0.6071855095541401,0,21,None,66,1,5,False,1000,1000
837,22,random,10,0.6024084394904459,0,21,None,66,1,5,False,1000,1000
838,23,random,10,0.6215167197452229,0,21,None,66,1,5,False,1000,1000
839,24,random,10,0.6245023885350318,0,21,None,66,1,5,False,1000,1000
840,20,random,10,0.4510350318471338,0,17,None,66,1,5,False,1000,1000
841,21,random,10,0.4461584394904458,0,17,None,66,1,5,False,1000,1000
842,22,random,10,0.4518312101910828,0,17,None,66,1,5,False,1000,1000
843,23,random,10,0.4562101910828025,0,17,None,66,1,5,False,1000,1000
844,24,random,10,0.4606886942675159,0,17,None,66,1,5,False,1000,1000
845,20,random,10,0.465764331210191,0,24,None,66,1,5,False,1000,1000
846,21,random,10,0.4898487261146497,0,24,None,66,1,5,False,1000,1000
847,22,random,10,0.5115445859872612,0,24,None,66,1,5,False,1000,1000
848,23,random,10,0.5314490445859873,0,24,None,66,1,5,False,1000,1000
849,24,random,10,0.5523487261146497,0,24,None,66,1,5,False,1000,1000
850,20,random,10,0.4435708598726114,0,27,None,66,1,5,False,1000,1000
851,21,random,10,0.4632762738853503,0,27,None,66,1,5,False,1000,1000
852,22,random,10,0.4691480891719745,0,27,None,66,1,5,False,1000,1000
853,23,random,10,0.4748208598726114,0,27,None,66,1,5,False,1000,1000
854,24,random,10,0.4882563694267516,0,27,None,66,1,5,False,1000,1000
855,25,random,10,0.3021496815286624,0,19,None,66,1,5,False,1000,1000
856,26,random,10,0.3239450636942675,0,19,None,66,1,5,False,1000,1000
857,27,random,10,0.3325039808917197,0,19,None,66,1,5,False,1000,1000
858,28,random,10,0.3419585987261146,0,19,None,66,1,5,False,1000,1000
859,29,random,10,0.3797770700636942,0,19,None,66,1,5,False,1000,1000
860,25,random,10,0.4121218152866242,0,7,None,66,1,5,False,1000,1000
861,26,random,10,0.4160031847133758,0,7,None,66,1,5,False,1000,1000
862,27,random,10,0.4303343949044586,0,7,None,66,1,5,False,1000,1000
863,28,random,10,0.4332205414012738,0,7,None,66,1,5,False,1000,1000
864,29,random,10,0.4231687898089172,0,7,None,66,1,5,False,1000,1000
865,25,random,10,0.6101711783439491,0,12,None,66,1,5,False,1000,1000
866,26,random,10,0.5655851910828026,0,12,None,66,1,5,False,1000,1000
867,27,random,10,0.553343949044586,0,12,None,66,1,5,False,1000,1000
868,28,random,10,0.5786226114649682,0,12,None,66,1,5,False,1000,1000
869,29,random,10,0.6096735668789809,0,12,None,66,1,5,False,1000,1000
870,25,random,10,0.5817078025477707,0,15,None,66,1,5,False,1000,1000
871,26,random,10,0.588077229299363,0,15,None,66,1,5,False,1000,1000
872,27,random,10,0.5933519108280255,0,15,None,66,1,5,False,1000,1000
873,28,random,10,0.5974323248407644,0,15,None,66,1,5,False,1000,1000
874,29,random,10,0.6031050955414012,0,15,None,66,1,5,False,1000,1000
875,25,random,10,0.1338574840764331,0,20,None,66,1,5,False,1000,1000
876,26,random,10,0.1417197452229299,0,20,None,66,1,5,False,1000,1000
877,27,random,10,0.1469944267515923,0,20,None,66,1,5,False,1000,1000
878,28,random,10,0.1530652866242038,0,20,None,66,1,5,False,1000,1000
879,29,random,10,0.1567476114649681,0,20,None,66,1,5,False,1000,1000
880,25,random,10,0.5388136942675159,0,24,None,66,1,5,False,1000,1000
881,26,random,10,0.5581210191082803,0,24,None,66,1,5,False,1000,1000
882,27,random,10,0.5709593949044586,0,24,None,66,1,5,False,1000,1000
883,28,random,10,0.5807125796178344,0,24,None,66,1,5,False,1000,1000
884,29,random,10,0.5919585987261147,0,24,None,66,1,5,False,1000,1000
885,25,random,10,0.493531050955414,0,30,None,66,1,5,False,1000,1000
886,26,random,10,0.4856687898089172,0,30,None,66,1,5,False,1000,1000
887,27,random,10,0.4830812101910828,0,30,None,66,1,5,False,1000,1000
888,28,random,10,0.4822850318471338,0,30,None,66,1,5,False,1000,1000
889,29,random,10,0.4823845541401274,0,30,None,66,1,5,False,1000,1000
890,25,random,10,0.753781847133758,0,6,None,66,1,5,False,1000,1000
891,26,random,10,0.753781847133758,0,6,None,66,1,5,False,1000,1000
892,27,random,10,0.7541799363057324,0,6,None,66,1,5,False,1000,1000
893,28,random,10,0.7539808917197452,0,6,None,66,1,5,False,1000,1000
894,29,random,10,0.753781847133758,0,6,None,66,1,5,False,1000,1000
895,25,random,10,0.4928343949044586,0,31,None,66,1,5,False,1000,1000
896,26,random,10,0.5074641719745223,0,31,None,66,1,5,False,1000,1000
897,27,random,10,0.5242834394904459,0,31,None,66,1,5,False,1000,1000
898,28,random,10,0.5376194267515924,0,31,None,66,1,5,False,1000,1000
899,29,random,10,0.5489649681528662,0,31,None,66,1,5,False,1000,1000
900,25,random,10,0.2613455414012738,0,18,None,66,1,5,False,1000,1000
901,26,random,10,0.2537818471337579,0,18,None,66,1,5,False,1000,1000
902,27,random,10,0.2488057324840764,0,18,None,66,1,5,False,1000,1000
903,28,random,10,0.2420382165605095,0,18,None,66,1,5,False,1000,1000
904,29,random,10,0.2367635350318471,0,18,None,66,1,5,False,1000,1000
905,25,random,10,0.6317675159235668,0,1,None,66,1,5,False,1000,1000
906,26,random,10,0.6405254777070064,0,1,None,66,1,5,False,1000,1000
907,27,random,10,0.6518710191082803,0,1,None,66,1,5,False,1000,1000
908,28,random,10,0.6587380573248408,0,1,None,66,1,5,False,1000,1000
909,29,random,10,0.6631170382165605,0,1,None,66,1,5,False,1000,1000
910,25,random,10,0.6730692675159236,0,2,None,66,1,5,False,1000,1000
911,26,random,10,0.667296974522293,0,2,None,66,1,5,False,1000,1000
912,27,random,10,0.661922770700637,0,2,None,66,1,5,False,1000,1000
913,28,random,10,0.6554538216560509,0,2,None,66,1,5,False,1000,1000
914,29,random,10,0.6440087579617835,0,2,None,66,1,5,False,1000,1000
915,25,random,10,0.7457205414012739,0,0,None,66,1,5,False,1000,1000
916,26,random,10,0.7091958598726115,0,0,None,66,1,5,False,1000,1000
917,27,random,10,0.698546974522293,0,0,None,66,1,5,False,1000,1000
918,28,random,10,0.6934713375796179,0,0,None,66,1,5,False,1000,1000
919,29,random,10,0.6924761146496815,0,0,None,66,1,5,False,1000,1000
920,25,random,10,0.6508757961783439,0,5,None,66,1,5,False,1000,1000
921,26,random,10,0.6664012738853503,0,5,None,66,1,5,False,1000,1000
922,27,random,10,0.6797372611464968,0,5,None,66,1,5,False,1000,1000
923,28,random,10,0.690187101910828,0,5,None,66,1,5,False,1000,1000
924,29,random,10,0.6981488853503185,0,5,None,66,1,5,False,1000,1000
925,25,random,10,0.7456210191082803,0,4,None,66,1,5,False,1000,1000
926,26,random,10,0.7393511146496815,0,4,None,66,1,5,False,1000,1000
927,27,random,10,0.7375597133757962,0,4,None,66,1,5,False,1000,1000
928,28,random,10,0.7377587579617835,0,4,None,66,1,5,False,1000,1000
929,29,random,10,0.7382563694267515,0,4,None,66,1,5,False,1000,1000
930,25,random,10,0.6547571656050956,0,8,None,66,1,5,False,1000,1000
931,26,random,10,0.6251990445859873,0,8,None,66,1,5,False,1000,1000
932,27,random,10,0.6506767515923567,0,8,None,66,1,5,False,1000,1000
933,28,random,10,0.6638136942675159,0,8,None,66,1,5,False,1000,1000
934,29,random,10,0.6710788216560509,0,8,None,66,1,5,False,1000,1000
935,25,random,10,0.7666202229299363,0,9,None,66,1,5,False,1000,1000
936,26,random,10,0.772093949044586,0,9,None,66,1,5,False,1000,1000
937,27,random,10,0.7757762738853503,0,9,None,66,1,5,False,1000,1000
938,28,random,10,0.7786624203821656,0,9,None,66,1,5,False,1000,1000
939,29,random,10,0.7818471337579618,0,9,None,66,1,5,False,1000,1000
940,25,random,10,0.199343152866242,0,13,None,66,1,5,False,1000,1000
941,26,random,10,0.2277070063694267,0,13,None,66,1,5,False,1000,1000
942,27,random,10,0.2543789808917197,0,13,None,66,1,5,False,1000,1000
943,28,random,10,0.2781648089171974,0,13,None,66,1,5,False,1000,1000
944,29,random,10,0.3013535031847134,0,13,None,66,1,5,False,1000,1000
945,25,random,10,0.6317675159235668,0,21,None,66,1,5,False,1000,1000
946,26,random,10,0.6356488853503185,0,21,None,66,1,5,False,1000,1000
947,27,random,10,0.6611265923566879,0,21,None,66,1,5,False,1000,1000
948,28,random,10,0.6572452229299363,0,21,None,66,1,5,False,1000,1000
949,29,random,10,0.6376393312101911,0,21,None,66,1,5,False,1000,1000
950,25,random,10,0.7328821656050956,0,23,None,66,1,5,False,1000,1000
951,26,random,10,0.7063097133757962,0,23,None,66,1,5,False,1000,1000
952,27,random,10,0.6959593949044586,0,23,None,66,1,5,False,1000,1000
953,28,random,10,0.6943670382165605,0,23,None,66,1,5,False,1000,1000
954,29,random,10,0.6960589171974523,0,23,None,66,1,5,False,1000,1000
955,25,random,10,0.5979299363057324,0,28,None,66,1,5,False,1000,1000
956,26,random,10,0.603702229299363,0,28,None,66,1,5,False,1000,1000
957,27,random,10,0.6092754777070064,0,28,None,66,1,5,False,1000,1000
958,28,random,10,0.6096735668789809,0,28,None,66,1,5,False,1000,1000
959,29,random,10,0.6107683121019108,0,28,None,66,1,5,False,1000,1000
960,25,random,10,0.5263734076433121,0,27,None,66,1,5,False,1000,1000
961,26,random,10,0.5306528662420382,0,27,None,66,1,5,False,1000,1000
962,27,random,10,0.5485668789808917,0,27,None,66,1,5,False,1000,1000
963,28,random,10,0.5707603503184714,0,27,None,66,1,5,False,1000,1000
964,29,random,10,0.5878781847133758,0,27,None,66,1,5,False,1000,1000
965,25,random,10,0.7115843949044586,0,29,None,66,1,5,False,1000,1000
966,26,random,10,0.7117834394904459,0,29,None,66,1,5,False,1000,1000
967,27,random,10,0.7134753184713376,0,29,None,66,1,5,False,1000,1000
968,28,random,10,0.7143710191082803,0,29,None,66,1,5,False,1000,1000
969,29,random,10,0.7156648089171974,0,29,None,66,1,5,False,1000,1000
970,25,random,10,0.6154458598726115,0,10,None,66,1,5,False,1000,1000
971,26,random,10,0.6250995222929936,0,10,None,66,1,5,False,1000,1000
972,27,random,10,0.6369426751592356,0,10,None,66,1,5,False,1000,1000
973,28,random,10,0.6468949044585988,0,10,None,66,1,5,False,1000,1000
974,29,random,10,0.6593351910828026,0,10,None,66,1,5,False,1000,1000
975,25,random,10,0.5570262738853503,0,11,None,66,1,5,False,1000,1000
976,26,random,10,0.4344148089171974,0,11,None,66,1,5,False,1000,1000
977,27,random,10,0.3603702229299363,0,11,None,66,1,5,False,1000,1000
978,28,random,10,0.3102109872611465,0,11,None,66,1,5,False,1000,1000
979,29,random,10,0.2864251592356688,0,11,None,66,1,5,False,1000,1000
980,25,random,10,0.6398288216560509,0,3,None,66,1,5,False,1000,1000
981,26,random,10,0.59484474522293,0,3,None,66,1,5,False,1000,1000
982,27,random,10,0.5521496815286624,0,3,None,66,1,5,False,1000,1000
983,28,random,10,0.5172173566878981,0,3,None,66,1,5,False,1000,1000
984,29,random,10,0.4885549363057325,0,3,None,66,1,5,False,1000,1000
985,25,random,10,0.5125398089171974,0,17,None,66,1,5,False,1000,1000
986,26,random,10,0.5096536624203821,0,17,None,66,1,5,False,1000,1000
987,27,random,10,0.513734076433121,0,17,None,66,1,5,False,1000,1000
988,28,random,10,0.5190087579617835,0,17,None,66,1,5,False,1000,1000
989,29,random,10,0.523984872611465,0,17,None,66,1,5,False,1000,1000
1980,30,random,10,0.683718152866242,0,1,None,66,1,5,False,1000,1000
1981,31,random,10,0.6894904458598726,0,1,None,66,1,5,False,1000,1000
1982,32,random,10,0.6935708598726115,0,1,None,66,1,5,False,1000,1000
1983,33,random,10,0.6960589171974523,0,1,None,66,1,5,False,1000,1000
1984,34,random,10,0.699343152866242,0,1,None,66,1,5,False,1000,1000
1985,30,random,10,0.6902866242038217,0,2,None,66,1,5,False,1000,1000
1986,31,random,10,0.6831210191082803,0,2,None,66,1,5,False,1000,1000
1987,32,random,10,0.676453025477707,0,2,None,66,1,5,False,1000,1000
1988,33,random,10,0.6676950636942676,0,2,None,66,1,5,False,1000,1000
1989,34,random,10,0.6592356687898089,0,2,None,66,1,5,False,1000,1000
1990,30,random,10,0.7143710191082803,0,5,None,66,1,5,False,1000,1000
1991,31,random,10,0.7144705414012739,0,5,None,66,1,5,False,1000,1000
1992,32,random,10,0.722531847133758,0,5,None,66,1,5,False,1000,1000
1993,33,random,10,0.7276074840764332,0,5,None,66,1,5,False,1000,1000
1994,34,random,10,0.7294984076433121,0,5,None,66,1,5,False,1000,1000
1995,30,random,10,0.4189888535031847,0,13,None,66,1,5,False,1000,1000
1996,31,random,10,0.4287420382165605,0,13,None,66,1,5,False,1000,1000
1997,32,random,10,0.4342157643312102,0,13,None,66,1,5,False,1000,1000
1998,33,random,10,0.4404856687898089,0,13,None,66,1,5,False,1000,1000
1999,34,random,10,0.4472531847133758,0,13,None,66,1,5,False,1000,1000
2000,30,random,10,0.6143511146496815,0,15,None,66,1,5,False,1000,1000
2001,31,random,10,0.6196257961783439,0,15,None,66,1,5,False,1000,1000
2002,32,random,10,0.6247014331210191,0,15,None,66,1,5,False,1000,1000
2003,33,random,10,0.6291799363057324,0,15,None,66,1,5,False,1000,1000
2004,34,random,10,0.6319665605095541,0,15,None,66,1,5,False,1000,1000
2005,30,random,10,0.7752786624203821,0,16,None,66,1,5,False,1000,1000
2006,31,random,10,0.7763734076433121,0,16,None,66,1,5,False,1000,1000
2007,32,random,10,0.7776671974522293,0,16,None,66,1,5,False,1000,1000
2008,33,random,10,0.7791600318471338,0,16,None,66,1,5,False,1000,1000
2009,34,random,10,0.7821457006369427,0,16,None,66,1,5,False,1000,1000
2010,30,random,10,0.5824044585987261,0,11,None,66,1,5,False,1000,1000
2011,31,random,10,0.4575039808917197,0,11,None,66,1,5,False,1000,1000
2012,32,random,10,0.3761942675159235,0,11,None,66,1,5,False,1000,1000
2013,33,random,10,0.323546974522293,0,11,None,66,1,5,False,1000,1000
2014,34,random,10,0.297671178343949,0,11,None,66,1,5,False,1000,1000
2015,30,random,10,0.778562898089172,0,14,None,66,1,5,False,1000,1000
2016,31,random,10,0.7780652866242038,0,14,None,66,1,5,False,1000,1000
2017,32,random,10,0.7782643312101911,0,14,None,66,1,5,False,1000,1000
2018,33,random,10,0.7786624203821656,0,14,None,66,1,5,False,1000,1000
2019,34,random,10,0.7795581210191083,0,14,None,66,1,5,False,1000,1000
2020,30,random,10,0.7855294585987261,0,25,None,66,1,5,False,1000,1000
2021,31,random,10,0.7846337579617835,0,25,None,66,1,5,False,1000,1000
2022,32,random,10,0.7843351910828026,0,25,None,66,1,5,False,1000,1000
2023,33,random,10,0.7836385350318471,0,25,None,66,1,5,False,1000,1000
2024,34,random,10,0.783140923566879,0,25,None,66,1,5,False,1000,1000
2025,30,random,10,0.59265525477707,0,17,None,66,1,5,False,1000,1000
2026,31,random,10,0.5920581210191083,0,17,None,66,1,5,False,1000,1000
2027,32,random,10,0.5955414012738853,0,17,None,66,1,5,False,1000,1000
2028,33,random,10,0.6008160828025477,0,17,None,66,1,5,False,1000,1000
2029,34,random,10,0.6043988853503185,0,17,None,66,1,5,False,1000,1000
2030,30,random,10,0.7227308917197452,0,26,None,66,1,5,False,1000,1000
2031,31,random,10,0.7137738853503185,0,26,None,66,1,5,False,1000,1000
2032,32,random,10,0.7099920382165605,0,26,None,66,1,5,False,1000,1000
2033,33,random,10,0.7090963375796179,0,26,None,66,1,5,False,1000,1000
2034,34,random,10,0.7083996815286624,0,26,None,66,1,5,False,1000,1000
2035,30,random,10,0.6490843949044586,0,12,None,66,1,5,False,1000,1000
2036,31,random,10,0.6110668789808917,0,12,None,66,1,5,False,1000,1000
2037,32,random,10,0.6164410828025477,0,12,None,66,1,5,False,1000,1000
2038,33,random,10,0.6441082802547771,0,12,None,66,1,5,False,1000,1000
2039,34,random,10,0.6679936305732485,0,12,None,66,1,5,False,1000,1000
2040,30,random,10,0.6330613057324841,0,28,None,66,1,5,False,1000,1000
2041,31,random,10,0.6339570063694268,0,28,None,66,1,5,False,1000,1000
2042,32,random,10,0.6359474522292994,0,28,None,66,1,5,False,1000,1000
2043,33,random,10,0.6383359872611465,0,28,None,66,1,5,False,1000,1000
2044,34,random,10,0.6409235668789809,0,28,None,66,1,5,False,1000,1000
2045,30,random,10,0.5963375796178344,0,24,None,66,1,5,False,1000,1000
2046,31,random,10,0.6049960191082803,0,24,None,66,1,5,False,1000,1000
2047,32,random,10,0.6114649681528662,0,24,None,66,1,5,False,1000,1000
2048,33,random,10,0.618531050955414,0,24,None,66,1,5,False,1000,1000
2049,34,random,10,0.6251990445859873,0,24,None,66,1,5,False,1000,1000
2050,30,random,10,0.7173566878980892,0,29,None,66,1,5,False,1000,1000
2051,31,random,10,0.7179538216560509,0,29,None,66,1,5,False,1000,1000
2052,32,random,10,0.7189490445859873,0,29,None,66,1,5,False,1000,1000
2053,33,random,10,0.7200437898089171,0,29,None,66,1,5,False,1000,1000
2054,34,random,10,0.7204418789808917,0,29,None,66,1,5,False,1000,1000
2055,30,random,10,0.7779657643312102,0,9,None,66,1,5,False,1000,1000
2056,31,random,10,0.7821457006369427,0,9,None,66,1,5,False,1000,1000
2057,32,random,10,0.7847332802547771,0,9,None,66,1,5,False,1000,1000
2058,33,random,10,0.7865246815286624,0,9,None,66,1,5,False,1000,1000
2059,34,random,10,0.7887141719745223,0,9,None,66,1,5,False,1000,1000
2060,30,random,10,0.5557324840764332,0,30,None,66,1,5,False,1000,1000
2061,31,random,10,0.5409036624203821,0,30,None,66,1,5,False,1000,1000
2062,32,random,10,0.5406050955414012,0,30,None,66,1,5,False,1000,1000
2063,33,random,10,0.5440883757961783,0,30,None,66,1,5,False,1000,1000
2064,34,random,10,0.5470740445859873,0,30,None,66,1,5,False,1000,1000
2065,30,random,10,0.6294785031847133,0,27,None,66,1,5,False,1000,1000
2066,31,random,10,0.6318670382165605,0,27,None,66,1,5,False,1000,1000
2067,32,random,10,0.633359872611465,0,27,None,66,1,5,False,1000,1000
2068,33,random,10,0.6369426751592356,0,27,None,66,1,5,False,1000,1000
2069,34,random,10,0.6410230891719745,0,27,None,66,1,5,False,1000,1000
2070,30,random,10,0.4268511146496815,0,7,None,66,1,5,False,1000,1000
2071,31,random,10,0.4601910828025478,0,7,None,66,1,5,False,1000,1000
2072,32,random,10,0.4585987261146497,0,7,None,66,1,5,False,1000,1000
2073,33,random,10,0.4634753184713376,0,7,None,66,1,5,False,1000,1000
2074,34,random,10,0.4642714968152866,0,7,None,66,1,5,False,1000,1000
2075,30,random,10,0.7158638535031847,0,21,None,66,1,5,False,1000,1000
2076,31,random,10,0.7078025477707006,0,21,None,66,1,5,False,1000,1000
2077,32,random,10,0.6914808917197452,0,21,None,66,1,5,False,1000,1000
2078,33,random,10,0.6741640127388535,0,21,None,66,1,5,False,1000,1000
2079,34,random,10,0.6620222929936306,0,21,None,66,1,5,False,1000,1000
2080,30,random,10,0.7498009554140127,0,4,None,66,1,5,False,1000,1000
2081,31,random,10,0.7494028662420382,0,4,None,66,1,5,False,1000,1000
2082,32,random,10,0.7492038216560509,0,4,None,66,1,5,False,1000,1000
2083,33,random,10,0.7486066878980892,0,4,None,66,1,5,False,1000,1000
2084,34,random,10,0.7483081210191083,0,4,None,66,1,5,False,1000,1000
2085,30,random,10,0.7509952229299363,0,0,None,66,1,5,False,1000,1000
2086,31,random,10,0.7307921974522293,0,0,None,66,1,5,False,1000,1000
2087,32,random,10,0.7232285031847133,0,0,None,66,1,5,False,1000,1000
2088,33,random,10,0.7221337579617835,0,0,None,66,1,5,False,1000,1000
2089,34,random,10,0.721437101910828,0,0,None,66,1,5,False,1000,1000
2090,30,random,10,0.6369426751592356,0,10,None,66,1,5,False,1000,1000
2091,31,random,10,0.646297770700637,0,10,None,66,1,5,False,1000,1000
2092,32,random,10,0.65625,0,10,None,66,1,5,False,1000,1000
2093,33,random,10,0.6677945859872612,0,10,None,66,1,5,False,1000,1000
2094,34,random,10,0.6772492038216561,0,10,None,66,1,5,False,1000,1000
2095,30,random,10,0.7634355095541401,0,6,None,66,1,5,False,1000,1000
2096,31,random,10,0.7636345541401274,0,6,None,66,1,5,False,1000,1000
2097,32,random,10,0.763734076433121,0,6,None,66,1,5,False,1000,1000
2098,33,random,10,0.7641321656050956,0,6,None,66,1,5,False,1000,1000
2099,34,random,10,0.7642316878980892,0,6,None,66,1,5,False,1000,1000
2100,30,random,10,0.0995222929936305,0,20,None,66,1,5,False,1000,1000
2101,31,random,10,0.0999203821656051,0,20,None,66,1,5,False,1000,1000
2102,32,random,10,0.1023089171974522,0,20,None,66,1,5,False,1000,1000
2103,33,random,10,0.1062898089171974,0,20,None,66,1,5,False,1000,1000
2104,34,random,10,0.1125597133757961,0,20,None,66,1,5,False,1000,1000
2105,30,random,10,0.7554737261146497,0,22,None,66,1,5,False,1000,1000
2106,31,random,10,0.7557722929936306,0,22,None,66,1,5,False,1000,1000
2107,32,random,10,0.7560708598726115,0,22,None,66,1,5,False,1000,1000
2108,33,random,10,0.7565684713375797,0,22,None,66,1,5,False,1000,1000
2109,34,random,10,0.7573646496815286,0,22,None,66,1,5,False,1000,1000
2110,30,random,10,0.742734872611465,0,23,None,66,1,5,False,1000,1000
2111,31,random,10,0.7264132165605095,0,23,None,66,1,5,False,1000,1000
2112,32,random,10,0.722531847133758,0,23,None,66,1,5,False,1000,1000
2113,33,random,10,0.7207404458598726,0,23,None,66,1,5,False,1000,1000
2114,34,random,10,0.7221337579617835,0,23,None,66,1,5,False,1000,1000
2115,30,random,10,0.4507364649681528,0,32,None,66,1,5,False,1000,1000
2116,31,random,10,0.4662619426751592,0,32,None,66,1,5,False,1000,1000
2117,32,random,10,0.4866640127388535,0,32,None,66,1,5,False,1000,1000
2118,33,random,10,0.5080613057324841,0,32,None,66,1,5,False,1000,1000
2119,34,random,10,0.522890127388535,0,32,None,66,1,5,False,1000,1000
2120,30,random,10,0.6748606687898089,0,8,None,66,1,5,False,1000,1000
2121,31,random,10,0.6738654458598726,0,8,None,66,1,5,False,1000,1000
2122,32,random,10,0.6904856687898089,0,8,None,66,1,5,False,1000,1000
2123,33,random,10,0.6992436305732485,0,8,None,66,1,5,False,1000,1000
2124,34,random,10,0.7051154458598726,0,8,None,66,1,5,False,1000,1000
2125,30,random,10,0.2340764331210191,0,18,None,66,1,5,False,1000,1000
2126,31,random,10,0.2308917197452229,0,18,None,66,1,5,False,1000,1000
2127,32,random,10,0.2276074840764331,0,18,None,66,1,5,False,1000,1000
2128,33,random,10,0.2267117834394904,0,18,None,66,1,5,False,1000,1000
2129,34,random,10,0.2283041401273885,0,18,None,66,1,5,False,1000,1000
2130,30,random,10,0.6588375796178344,0,3,None,66,1,5,False,1000,1000
2131,31,random,10,0.6165406050955414,0,3,None,66,1,5,False,1000,1000
2132,32,random,10,0.5873805732484076,0,3,None,66,1,5,False,1000,1000
2133,33,random,10,0.5553343949044586,0,3,None,66,1,5,False,1000,1000
2134,34,random,10,0.5291600318471338,0,3,None,66,1,5,False,1000,1000
2135,30,random,10,0.2984673566878981,0,19,None,66,1,5,False,1000,1000
2136,31,random,10,0.3248407643312102,0,19,None,66,1,5,False,1000,1000
2137,32,random,10,0.3432523885350318,0,19,None,66,1,5,False,1000,1000
2138,33,random,10,0.3786823248407643,0,19,None,66,1,5,False,1000,1000
2139,34,random,10,0.4922372611464968,0,19,None,66,1,5,False,1000,1000
2140,30,random,10,0.6000199044585988,0,31,None,66,1,5,False,1000,1000
2141,31,random,10,0.6063893312101911,0,31,None,66,1,5,False,1000,1000
2142,32,random,10,0.6106687898089171,0,31,None,66,1,5,False,1000,1000
2143,33,random,10,0.6152468152866242,0,31,None,66,1,5,False,1000,1000
2144,34,random,10,0.6186305732484076,0,31,None,66,1,5,False,1000,1000
2145,35,random,10,0.705015923566879,0,2,None,66,1,5,False,1000,1000
2146,36,random,10,0.6991441082802548,0,2,None,66,1,5,False,1000,1000
2147,37,random,10,0.6922770700636943,0,2,None,66,1,5,False,1000,1000
2148,38,random,10,0.6862062101910829,0,2,None,66,1,5,False,1000,1000
2149,39,random,10,0.6801353503184714,0,2,None,66,1,5,False,1000,1000
2150,35,random,10,0.7298964968152867,0,1,None,66,1,5,False,1000,1000
2151,36,random,10,0.7342754777070064,0,1,None,66,1,5,False,1000,1000
2152,37,random,10,0.7365644904458599,0,1,None,66,1,5,False,1000,1000
2153,38,random,10,0.7388535031847133,0,1,None,66,1,5,False,1000,1000
2154,39,random,10,0.7398487261146497,0,1,None,66,1,5,False,1000,1000
2155,35,random,10,0.727109872611465,0,5,None,66,1,5,False,1000,1000
2156,36,random,10,0.7309912420382165,0,5,None,66,1,5,False,1000,1000
2157,37,random,10,0.7326831210191083,0,5,None,66,1,5,False,1000,1000
2158,38,random,10,0.7349721337579618,0,5,None,66,1,5,False,1000,1000
2159,39,random,10,0.7379578025477707,0,5,None,66,1,5,False,1000,1000
2160,35,random,10,0.78015525477707,0,22,None,66,1,5,False,1000,1000
2161,36,random,10,0.7805533439490446,0,22,None,66,1,5,False,1000,1000
2162,37,random,10,0.7811504777070064,0,22,None,66,1,5,False,1000,1000
2163,38,random,10,0.78125,0,22,None,66,1,5,False,1000,1000
2164,39,random,10,0.7814490445859873,0,22,None,66,1,5,False,1000,1000
2165,35,random,10,0.4389928343949044,0,7,None,66,1,5,False,1000,1000
2166,36,random,10,0.4370023885350318,0,7,None,66,1,5,False,1000,1000
2167,37,random,10,0.4415804140127388,0,7,None,66,1,5,False,1000,1000
2168,38,random,10,0.4575039808917197,0,7,None,66,1,5,False,1000,1000
2169,39,random,10,0.4784036624203822,0,7,None,66,1,5,False,1000,1000
2170,35,random,10,0.4746218152866242,0,32,None,66,1,5,False,1000,1000
2171,36,random,10,0.4753184713375796,0,32,None,66,1,5,False,1000,1000
2172,37,random,10,0.4868630573248407,0,32,None,66,1,5,False,1000,1000
2173,38,random,10,0.5005971337579618,0,32,None,66,1,5,False,1000,1000
2174,39,random,10,0.5132364649681529,0,32,None,66,1,5,False,1000,1000
2175,35,random,10,0.7658240445859873,0,9,None,66,1,5,False,1000,1000
2176,36,random,10,0.7703025477707006,0,9,None,66,1,5,False,1000,1000
2177,37,random,10,0.776671974522293,0,9,None,66,1,5,False,1000,1000
2178,38,random,10,0.7799562101910829,0,9,None,66,1,5,False,1000,1000
2179,39,random,10,0.7837380573248408,0,9,None,66,1,5,False,1000,1000
2180,35,random,10,0.7900079617834395,0,14,None,66,1,5,False,1000,1000
2181,36,random,10,0.7906050955414012,0,14,None,66,1,5,False,1000,1000
2182,37,random,10,0.791202229299363,0,14,None,66,1,5,False,1000,1000
2183,38,random,10,0.7898089171974523,0,14,None,66,1,5,False,1000,1000
2184,39,random,10,0.7905055732484076,0,14,None,66,1,5,False,1000,1000
2185,35,random,10,0.7169585987261147,0,29,None,66,1,5,False,1000,1000
2186,36,random,10,0.7175557324840764,0,29,None,66,1,5,False,1000,1000
2187,37,random,10,0.7186504777070064,0,29,None,66,1,5,False,1000,1000
2188,38,random,10,0.7194466560509554,0,29,None,66,1,5,False,1000,1000
2189,39,random,10,0.720640923566879,0,29,None,66,1,5,False,1000,1000
2190,35,random,10,0.6503781847133758,0,15,None,66,1,5,False,1000,1000
2191,36,random,10,0.6541600318471338,0,15,None,66,1,5,False,1000,1000
2192,37,random,10,0.6574442675159236,0,15,None,66,1,5,False,1000,1000
2193,38,random,10,0.6611265923566879,0,15,None,66,1,5,False,1000,1000
2194,39,random,10,0.663515127388535,0,15,None,66,1,5,False,1000,1000
2195,35,random,10,0.6634156050955414,0,10,None,66,1,5,False,1000,1000
2196,36,random,10,0.6734673566878981,0,10,None,66,1,5,False,1000,1000
2197,37,random,10,0.6834195859872612,0,10,None,66,1,5,False,1000,1000
2198,38,random,10,0.6925756369426752,0,10,None,66,1,5,False,1000,1000
2199,39,random,10,0.7022292993630573,0,10,None,66,1,5,False,1000,1000
2200,35,random,10,0.7947850318471338,0,25,None,66,1,5,False,1000,1000
2201,36,random,10,0.7952826433121019,0,25,None,66,1,5,False,1000,1000
2202,37,random,10,0.7948845541401274,0,25,None,66,1,5,False,1000,1000
2203,38,random,10,0.7937898089171974,0,25,None,66,1,5,False,1000,1000
2204,39,random,10,0.7925955414012739,0,25,None,66,1,5,False,1000,1000
2205,35,random,10,0.7719944267515924,0,6,None,66,1,5,False,1000,1000
2206,36,random,10,0.7560708598726115,0,6,None,66,1,5,False,1000,1000
2207,37,random,10,0.7523885350318471,0,6,None,66,1,5,False,1000,1000
2208,38,random,10,0.7528861464968153,0,6,None,66,1,5,False,1000,1000
2209,39,random,10,0.7550756369426752,0,6,None,66,1,5,False,1000,1000
2210,35,random,10,0.7496019108280255,0,26,None,66,1,5,False,1000,1000
2211,36,random,10,0.7502985668789809,0,26,None,66,1,5,False,1000,1000
2212,37,random,10,0.7501990445859873,0,26,None,66,1,5,False,1000,1000
2213,38,random,10,0.7506966560509554,0,26,None,66,1,5,False,1000,1000
2214,39,random,10,0.7501990445859873,0,26,None,66,1,5,False,1000,1000
2215,35,random,10,0.5203025477707006,0,11,None,66,1,5,False,1000,1000
2216,36,random,10,0.3660429936305732,0,11,None,66,1,5,False,1000,1000
2217,37,random,10,0.2999601910828025,0,11,None,66,1,5,False,1000,1000
2218,38,random,10,0.2741839171974522,0,11,None,66,1,5,False,1000,1000
2219,39,random,10,0.2600517515923566,0,11,None,66,1,5,False,1000,1000
2220,35,random,10,0.6171377388535032,0,17,None,66,1,5,False,1000,1000
2221,36,random,10,0.6188296178343949,0,17,None,66,1,5,False,1000,1000
2222,37,random,10,0.6230095541401274,0,17,None,66,1,5,False,1000,1000
2223,38,random,10,0.6258957006369427,0,17,None,66,1,5,False,1000,1000
2224,39,random,10,0.6289808917197452,0,17,None,66,1,5,False,1000,1000
2225,35,random,10,0.738953025477707,0,20,None,66,1,5,False,1000,1000
2226,36,random,10,0.7423367834394905,0,20,None,66,1,5,False,1000,1000
2227,37,random,10,0.7379578025477707,0,20,None,66,1,5,False,1000,1000
2228,38,random,10,0.7264132165605095,0,20,None,66,1,5,False,1000,1000
2229,39,random,10,0.7139729299363057,0,20,None,66,1,5,False,1000,1000
2230,35,random,10,0.6509753184713376,0,21,None,66,1,5,False,1000,1000
2231,36,random,10,0.6582404458598726,0,21,None,66,1,5,False,1000,1000
2232,37,random,10,0.658140923566879,0,21,None,66,1,5,False,1000,1000
2233,38,random,10,0.6423168789808917,0,21,None,66,1,5,False,1000,1000
2234,39,random,10,0.6249004777070064,0,21,None,66,1,5,False,1000,1000
2235,35,random,10,0.7596536624203821,0,30,None,66,1,5,False,1000,1000
2236,36,random,10,0.7512937898089171,0,30,None,66,1,5,False,1000,1000
2237,37,random,10,0.7498009554140127,0,30,None,66,1,5,False,1000,1000
2238,38,random,10,0.7493033439490446,0,30,None,66,1,5,False,1000,1000
2239,39,random,10,0.7495023885350318,0,30,None,66,1,5,False,1000,1000
2240,35,random,10,0.6256966560509554,0,24,None,66,1,5,False,1000,1000
2241,36,random,10,0.6366441082802548,0,24,None,66,1,5,False,1000,1000
2242,37,random,10,0.6453025477707006,0,24,None,66,1,5,False,1000,1000
2243,38,random,10,0.6537619426751592,0,24,None,66,1,5,False,1000,1000
2244,39,random,10,0.6603304140127388,0,24,None,66,1,5,False,1000,1000
2245,35,random,10,0.7335788216560509,0,27,None,66,1,5,False,1000,1000
2246,36,random,10,0.7361664012738853,0,27,None,66,1,5,False,1000,1000
2247,37,random,10,0.7364649681528662,0,27,None,66,1,5,False,1000,1000
2248,38,random,10,0.7331807324840764,0,27,None,66,1,5,False,1000,1000
2249,39,random,10,0.7319864649681529,0,27,None,66,1,5,False,1000,1000
2250,35,random,10,0.7189490445859873,0,31,None,66,1,5,False,1000,1000
2251,36,random,10,0.7231289808917197,0,31,None,66,1,5,False,1000,1000
2252,37,random,10,0.7264132165605095,0,31,None,66,1,5,False,1000,1000
2253,38,random,10,0.7274084394904459,0,31,None,66,1,5,False,1000,1000
2254,39,random,10,0.7300955414012739,0,31,None,66,1,5,False,1000,1000
2255,35,random,10,0.7298964968152867,0,13,None,66,1,5,False,1000,1000
2256,36,random,10,0.724422770700637,0,13,None,66,1,5,False,1000,1000
2257,37,random,10,0.7173566878980892,0,13,None,66,1,5,False,1000,1000
2258,38,random,10,0.7102906050955414,0,13,None,66,1,5,False,1000,1000
2259,39,random,10,0.7057125796178344,0,13,None,66,1,5,False,1000,1000
2260,35,random,10,0.7304936305732485,0,12,None,66,1,5,False,1000,1000
2261,36,random,10,0.7290007961783439,0,12,None,66,1,5,False,1000,1000
2262,37,random,10,0.7307921974522293,0,12,None,66,1,5,False,1000,1000
2263,38,random,10,0.7314888535031847,0,12,None,66,1,5,False,1000,1000
2264,39,random,10,0.7313893312101911,0,12,None,66,1,5,False,1000,1000
2265,35,random,10,0.7334792993630573,0,23,None,66,1,5,False,1000,1000
2266,36,random,10,0.7334792993630573,0,23,None,66,1,5,False,1000,1000
2267,37,random,10,0.7342754777070064,0,23,None,66,1,5,False,1000,1000
2268,38,random,10,0.7349721337579618,0,23,None,66,1,5,False,1000,1000
2269,39,random,10,0.7358678343949044,0,23,None,66,1,5,False,1000,1000
2270,35,random,10,0.6757563694267515,0,28,None,66,1,5,False,1000,1000
2271,36,random,10,0.6784434713375797,0,28,None,66,1,5,False,1000,1000
2272,37,random,10,0.6776472929936306,0,28,None,66,1,5,False,1000,1000
2273,38,random,10,0.6768511146496815,0,28,None,66,1,5,False,1000,1000
2274,39,random,10,0.6769506369426752,0,28,None,66,1,5,False,1000,1000
2275,35,random,10,0.3874402866242038,0,3,None,66,1,5,False,1000,1000
2276,36,random,10,0.3674363057324841,0,3,None,66,1,5,False,1000,1000
2277,37,random,10,0.3579816878980891,0,3,None,66,1,5,False,1000,1000
2278,38,random,10,0.3424562101910828,0,3,None,66,1,5,False,1000,1000
2279,39,random,10,0.3256369426751592,0,3,None,66,1,5,False,1000,1000
2280,35,random,10,0.7466162420382165,0,0,None,66,1,5,False,1000,1000
2281,36,random,10,0.7458200636942676,0,0,None,66,1,5,False,1000,1000
2282,37,random,10,0.7457205414012739,0,0,None,66,1,5,False,1000,1000
2283,38,random,10,0.7451234076433121,0,0,None,66,1,5,False,1000,1000
2284,39,random,10,0.7433320063694268,0,0,None,66,1,5,False,1000,1000
2285,35,random,10,0.7402468152866242,0,4,None,66,1,5,False,1000,1000
2286,36,random,10,0.7293988853503185,0,4,None,66,1,5,False,1000,1000
2287,37,random,10,0.7229299363057324,0,4,None,66,1,5,False,1000,1000
2288,38,random,10,0.7190485668789809,0,4,None,66,1,5,False,1000,1000
2289,39,random,10,0.7171576433121019,0,4,None,66,1,5,False,1000,1000
2290,35,random,10,0.4950238853503185,0,16,None,66,1,5,False,1000,1000
2291,36,random,10,0.5355294585987261,0,16,None,66,1,5,False,1000,1000
2292,37,random,10,0.5672770700636943,0,16,None,66,1,5,False,1000,1000
2293,38,random,10,0.5903662420382165,0,16,None,66,1,5,False,1000,1000
2294,39,random,10,0.6100716560509554,0,16,None,66,1,5,False,1000,1000
2295,35,random,10,0.6536624203821656,0,8,None,66,1,5,False,1000,1000
2296,36,random,10,0.6540605095541401,0,8,None,66,1,5,False,1000,1000
2297,37,random,10,0.6727707006369427,0,8,None,66,1,5,False,1000,1000
2298,38,random,10,0.6825238853503185,0,8,None,66,1,5,False,1000,1000
2299,39,random,10,0.6926751592356688,0,8,None,66,1,5,False,1000,1000
2300,35,random,10,0.4816878980891719,0,18,None,66,1,5,False,1000,1000
2301,36,random,10,0.4784036624203822,0,18,None,66,1,5,False,1000,1000
2302,37,random,10,0.4815883757961783,0,18,None,66,1,5,False,1000,1000
2303,38,random,10,0.4900477707006369,0,18,None,66,1,5,False,1000,1000
2304,39,random,10,0.4992038216560509,0,18,None,66,1,5,False,1000,1000
2305,35,random,10,0.4057523885350318,0,19,None,66,1,5,False,1000,1000
2306,36,random,10,0.4033638535031847,0,19,None,66,1,5,False,1000,1000
2307,37,random,10,0.4853702229299363,0,19,None,66,1,5,False,1000,1000
2308,38,random,10,0.5222929936305732,0,19,None,66,1,5,False,1000,1000
2309,39,random,10,0.5380175159235668,0,19,None,66,1,5,False,1000,1000
2310,40,random,10,0.7844347133757962,0,25,None,66,1,5,False,1000,1000
2311,41,random,10,0.7844347133757962,0,25,None,66,1,5,False,1000,1000
2312,42,random,10,0.785031847133758,0,25,None,66,1,5,False,1000,1000
2313,43,random,10,0.7844347133757962,0,25,None,66,1,5,False,1000,1000
2314,44,random,10,0.7847332802547771,0,25,None,66,1,5,False,1000,1000
2315,40,random,10,0.7521894904458599,0,1,None,66,1,5,False,1000,1000
2316,41,random,10,0.7533837579617835,0,1,None,66,1,5,False,1000,1000
2317,42,random,10,0.7533837579617835,0,1,None,66,1,5,False,1000,1000
2318,43,random,10,0.7539808917197452,0,1,None,66,1,5,False,1000,1000
2319,44,random,10,0.7542794585987261,0,1,None,66,1,5,False,1000,1000
2320,40,random,10,0.730593152866242,0,2,None,66,1,5,False,1000,1000
2321,41,random,10,0.7266122611464968,0,2,None,66,1,5,False,1000,1000
2322,42,random,10,0.720640923566879,0,2,None,66,1,5,False,1000,1000
2323,43,random,10,0.7120820063694268,0,2,None,66,1,5,False,1000,1000
2324,44,random,10,0.7081011146496815,0,2,None,66,1,5,False,1000,1000
2325,40,random,10,0.7677149681528662,0,9,None,66,1,5,False,1000,1000
2326,41,random,10,0.7731886942675159,0,9,None,66,1,5,False,1000,1000
2327,42,random,10,0.7779657643312102,0,9,None,66,1,5,False,1000,1000
2328,43,random,10,0.7817476114649682,0,9,None,66,1,5,False,1000,1000
2329,44,random,10,0.7849323248407644,0,9,None,66,1,5,False,1000,1000
2330,40,random,10,0.7531847133757962,0,0,None,66,1,5,False,1000,1000
2331,41,random,10,0.7531847133757962,0,0,None,66,1,5,False,1000,1000
2332,42,random,10,0.7528861464968153,0,0,None,66,1,5,False,1000,1000
2333,43,random,10,0.7530851910828026,0,0,None,66,1,5,False,1000,1000
2334,44,random,10,0.7539808917197452,0,0,None,66,1,5,False,1000,1000
2335,40,random,10,0.7457205414012739,0,13,None,66,1,5,False,1000,1000
2336,41,random,10,0.7449243630573248,0,13,None,66,1,5,False,1000,1000
2337,42,random,10,0.7450238853503185,0,13,None,66,1,5,False,1000,1000
2338,43,random,10,0.7446257961783439,0,13,None,66,1,5,False,1000,1000
2339,44,random,10,0.7451234076433121,0,13,None,66,1,5,False,1000,1000
2340,40,random,10,0.7398487261146497,0,23,None,66,1,5,False,1000,1000
2341,41,random,10,0.7411425159235668,0,23,None,66,1,5,False,1000,1000
2342,42,random,10,0.7411425159235668,0,23,None,66,1,5,False,1000,1000
2343,43,random,10,0.742734872611465,0,23,None,66,1,5,False,1000,1000
2344,44,random,10,0.743531050955414,0,23,None,66,1,5,False,1000,1000
2345,40,random,10,0.6869028662420382,0,28,None,66,1,5,False,1000,1000
2346,41,random,10,0.6862062101910829,0,28,None,66,1,5,False,1000,1000
2347,42,random,10,0.68859474522293,0,28,None,66,1,5,False,1000,1000
2348,43,random,10,0.6881966560509554,0,28,None,66,1,5,False,1000,1000
2349,44,random,10,0.6887937898089171,0,28,None,66,1,5,False,1000,1000
2350,40,random,10,0.7093949044585988,0,29,None,66,1,5,False,1000,1000
2351,41,random,10,0.7098925159235668,0,29,None,66,1,5,False,1000,1000
2352,42,random,10,0.7109872611464968,0,29,None,66,1,5,False,1000,1000
2353,43,random,10,0.7119824840764332,0,29,None,66,1,5,False,1000,1000
2354,44,random,10,0.7124800955414012,0,29,None,66,1,5,False,1000,1000
2355,40,random,10,0.7419386942675159,0,5,None,66,1,5,False,1000,1000
2356,41,random,10,0.7431329617834395,0,5,None,66,1,5,False,1000,1000
2357,42,random,10,0.7461186305732485,0,5,None,66,1,5,False,1000,1000
2358,43,random,10,0.7467157643312102,0,5,None,66,1,5,False,1000,1000
2359,44,random,10,0.7485071656050956,0,5,None,66,1,5,False,1000,1000
2360,40,random,10,0.7179538216560509,0,12,None,66,1,5,False,1000,1000
2361,41,random,10,0.7219347133757962,0,12,None,66,1,5,False,1000,1000
2362,42,random,10,0.7221337579617835,0,12,None,66,1,5,False,1000,1000
2363,43,random,10,0.7234275477707006,0,12,None,66,1,5,False,1000,1000
2364,44,random,10,0.7248208598726115,0,12,None,66,1,5,False,1000,1000
2365,40,random,10,0.7515923566878981,0,26,None,66,1,5,False,1000,1000
2366,41,random,10,0.7431329617834395,0,26,None,66,1,5,False,1000,1000
2367,42,random,10,0.7382563694267515,0,26,None,66,1,5,False,1000,1000
2368,43,random,10,0.7364649681528662,0,26,None,66,1,5,False,1000,1000
2369,44,random,10,0.7363654458598726,0,26,None,66,1,5,False,1000,1000
2370,40,random,10,0.7503980891719745,0,30,None,66,1,5,False,1000,1000
2371,41,random,10,0.7296974522292994,0,30,None,66,1,5,False,1000,1000
2372,42,random,10,0.7179538216560509,0,30,None,66,1,5,False,1000,1000
2373,43,random,10,0.7104896496815286,0,30,None,66,1,5,False,1000,1000
2374,44,random,10,0.7071058917197452,0,30,None,66,1,5,False,1000,1000
2375,40,random,10,0.7217356687898089,0,20,None,66,1,5,False,1000,1000
2376,41,random,10,0.7101910828025477,0,20,None,66,1,5,False,1000,1000
2377,42,random,10,0.6999402866242038,0,20,None,66,1,5,False,1000,1000
2378,43,random,10,0.6887937898089171,0,20,None,66,1,5,False,1000,1000
2379,44,random,10,0.6771496815286624,0,20,None,66,1,5,False,1000,1000
2380,40,random,10,0.7817476114649682,0,22,None,66,1,5,False,1000,1000
2381,41,random,10,0.78234474522293,0,22,None,66,1,5,False,1000,1000
2382,42,random,10,0.7822452229299363,0,22,None,66,1,5,False,1000,1000
2383,43,random,10,0.7822452229299363,0,22,None,66,1,5,False,1000,1000
2384,44,random,10,0.78234474522293,0,22,None,66,1,5,False,1000,1000
2385,40,random,10,0.7901074840764332,0,14,None,66,1,5,False,1000,1000
2386,41,random,10,0.7897093949044586,0,14,None,66,1,5,False,1000,1000
2387,42,random,10,0.789609872611465,0,14,None,66,1,5,False,1000,1000
2388,43,random,10,0.7894108280254777,0,14,None,66,1,5,False,1000,1000
2389,44,random,10,0.7894108280254777,0,14,None,66,1,5,False,1000,1000
2390,40,random,10,0.7459195859872612,0,4,None,66,1,5,False,1000,1000
2391,41,random,10,0.7393511146496815,0,4,None,66,1,5,False,1000,1000
2392,42,random,10,0.7335788216560509,0,4,None,66,1,5,False,1000,1000
2393,43,random,10,0.7313893312101911,0,4,None,66,1,5,False,1000,1000
2394,44,random,10,0.7301950636942676,0,4,None,66,1,5,False,1000,1000
2395,40,random,10,0.50109474522293,0,32,None,66,1,5,False,1000,1000
2396,41,random,10,0.508359872611465,0,32,None,66,1,5,False,1000,1000
2397,42,random,10,0.518312101910828,0,32,None,66,1,5,False,1000,1000
2398,43,random,10,0.5270700636942676,0,32,None,66,1,5,False,1000,1000
2399,44,random,10,0.5335390127388535,0,32,None,66,1,5,False,1000,1000
2400,40,random,10,0.7622412420382165,0,6,None,66,1,5,False,1000,1000
2401,41,random,10,0.7431329617834395,0,6,None,66,1,5,False,1000,1000
2402,42,random,10,0.7393511146496815,0,6,None,66,1,5,False,1000,1000
2403,43,random,10,0.7410429936305732,0,6,None,66,1,5,False,1000,1000
2404,44,random,10,0.741640127388535,0,6,None,66,1,5,False,1000,1000
2405,40,random,10,0.5513535031847133,0,16,None,66,1,5,False,1000,1000
2406,41,random,10,0.5695660828025477,0,16,None,66,1,5,False,1000,1000
2407,42,random,10,0.5855891719745223,0,16,None,66,1,5,False,1000,1000
2408,43,random,10,0.602906050955414,0,16,None,66,1,5,False,1000,1000
2409,44,random,10,0.618531050955414,0,16,None,66,1,5,False,1000,1000
2410,40,random,10,0.511843152866242,0,7,None,66,1,5,False,1000,1000
2411,41,random,10,0.5216958598726115,0,7,None,66,1,5,False,1000,1000
2412,42,random,10,0.5394108280254777,0,7,None,66,1,5,False,1000,1000
2413,43,random,10,0.5542396496815286,0,7,None,66,1,5,False,1000,1000
2414,44,random,10,0.5677746815286624,0,7,None,66,1,5,False,1000,1000
2415,40,random,10,0.5775278662420382,0,19,None,66,1,5,False,1000,1000
2416,41,random,10,0.5784235668789809,0,19,None,66,1,5,False,1000,1000
2417,42,random,10,0.5892714968152867,0,19,None,66,1,5,False,1000,1000
2418,43,random,10,0.601015127388535,0,19,None,66,1,5,False,1000,1000
2419,44,random,10,0.6159434713375797,0,19,None,66,1,5,False,1000,1000
2420,40,random,10,0.7044187898089171,0,8,None,66,1,5,False,1000,1000
2421,41,random,10,0.7105891719745223,0,8,None,66,1,5,False,1000,1000
2422,42,random,10,0.7199442675159236,0,8,None,66,1,5,False,1000,1000
2423,43,random,10,0.7229299363057324,0,8,None,66,1,5,False,1000,1000
2424,44,random,10,0.7255175159235668,0,8,None,66,1,5,False,1000,1000
2425,40,random,10,0.7019307324840764,0,21,None,66,1,5,False,1000,1000
2426,41,random,10,0.6923765923566879,0,21,None,66,1,5,False,1000,1000
2427,42,random,10,0.6772492038216561,0,21,None,66,1,5,False,1000,1000
2428,43,random,10,0.661922770700637,0,21,None,66,1,5,False,1000,1000
2429,44,random,10,0.6463972929936306,0,21,None,66,1,5,False,1000,1000
2430,40,random,10,0.4959195859872611,0,11,None,66,1,5,False,1000,1000
2431,41,random,10,0.3778861464968153,0,11,None,66,1,5,False,1000,1000
2432,42,random,10,0.3018511146496815,0,11,None,66,1,5,False,1000,1000
2433,43,random,10,0.2759753184713376,0,11,None,66,1,5,False,1000,1000
2434,44,random,10,0.2605493630573248,0,11,None,66,1,5,False,1000,1000
2435,40,random,10,0.6378383757961783,0,17,None,66,1,5,False,1000,1000
2436,41,random,10,0.6393312101910829,0,17,None,66,1,5,False,1000,1000
2437,42,random,10,0.6420183121019108,0,17,None,66,1,5,False,1000,1000
2438,43,random,10,0.6443073248407644,0,17,None,66,1,5,False,1000,1000
2439,44,random,10,0.647093949044586,0,17,None,66,1,5,False,1000,1000
2440,40,random,10,0.6317675159235668,0,24,None,66,1,5,False,1000,1000
2441,41,random,10,0.6334593949044586,0,24,None,66,1,5,False,1000,1000
2442,42,random,10,0.6437101910828026,0,24,None,66,1,5,False,1000,1000
2443,43,random,10,0.6533638535031847,0,24,None,66,1,5,False,1000,1000
2444,44,random,10,0.6613256369426752,0,24,None,66,1,5,False,1000,1000
2445,40,random,10,0.6782444267515924,0,10,None,66,1,5,False,1000,1000
2446,41,random,10,0.6866042993630573,0,10,None,66,1,5,False,1000,1000
2447,42,random,10,0.6969546178343949,0,10,None,66,1,5,False,1000,1000
2448,43,random,10,0.7034235668789809,0,10,None,66,1,5,False,1000,1000
2449,44,random,10,0.7083001592356688,0,10,None,66,1,5,False,1000,1000
2450,40,random,10,0.6781449044585988,0,15,None,66,1,5,False,1000,1000
2451,41,random,10,0.681031050955414,0,15,None,66,1,5,False,1000,1000
2452,42,random,10,0.6835191082802548,0,15,None,66,1,5,False,1000,1000
2453,43,random,10,0.6853105095541401,0,15,None,66,1,5,False,1000,1000
2454,44,random,10,0.6875,0,15,None,66,1,5,False,1000,1000
2455,40,random,10,0.394108280254777,0,3,None,66,1,5,False,1000,1000
2456,41,random,10,0.377687101910828,0,3,None,66,1,5,False,1000,1000
2457,42,random,10,0.3670382165605095,0,3,None,66,1,5,False,1000,1000
2458,43,random,10,0.3550955414012738,0,3,None,66,1,5,False,1000,1000
2459,44,random,10,0.338077229299363,0,3,None,66,1,5,False,1000,1000
2460,40,random,10,0.5275676751592356,0,18,None,66,1,5,False,1000,1000
2461,41,random,10,0.5168192675159236,0,18,None,66,1,5,False,1000,1000
2462,42,random,10,0.5176154458598726,0,18,None,66,1,5,False,1000,1000
2463,43,random,10,0.5200039808917197,0,18,None,66,1,5,False,1000,1000
2464,44,random,10,0.5208996815286624,0,18,None,66,1,5,False,1000,1000
2465,40,random,10,0.7474124203821656,0,27,None,66,1,5,False,1000,1000
2466,41,random,10,0.7448248407643312,0,27,None,66,1,5,False,1000,1000
2467,42,random,10,0.7440286624203821,0,27,None,66,1,5,False,1000,1000
2468,43,random,10,0.7430334394904459,0,27,None,66,1,5,False,1000,1000
2469,44,random,10,0.7417396496815286,0,27,None,66,1,5,False,1000,1000
2470,40,random,10,0.7378582802547771,0,31,None,66,1,5,False,1000,1000
2471,41,random,10,0.7387539808917197,0,31,None,66,1,5,False,1000,1000
2472,42,random,10,0.7414410828025477,0,31,None,66,1,5,False,1000,1000
2473,43,random,10,0.7420382165605095,0,31,None,66,1,5,False,1000,1000
2474,44,random,10,0.7430334394904459,0,31,None,66,1,5,False,1000,1000
2475,45,random,10,0.7814490445859873,0,14,None,66,1,5,False,1000,1000
2476,46,random,10,0.7814490445859873,0,14,None,66,1,5,False,1000,1000
2477,47,random,10,0.7806528662420382,0,14,None,66,1,5,False,1000,1000
2478,48,random,10,0.7809514331210191,0,14,None,66,1,5,False,1000,1000
2479,49,random,10,0.7805533439490446,0,14,None,66,1,5,False,1000,1000
2480,45,random,10,0.7943869426751592,0,25,None,66,1,5,False,1000,1000
2481,46,random,10,0.7939888535031847,0,25,None,66,1,5,False,1000,1000
2482,47,random,10,0.7933917197452229,0,25,None,66,1,5,False,1000,1000
2483,48,random,10,0.7923964968152867,0,25,None,66,1,5,False,1000,1000
2484,49,random,10,0.7916003184713376,0,25,None,66,1,5,False,1000,1000
2485,45,random,10,0.7396496815286624,0,26,None,66,1,5,False,1000,1000
2486,46,random,10,0.7356687898089171,0,26,None,66,1,5,False,1000,1000
2487,47,random,10,0.7333797770700637,0,26,None,66,1,5,False,1000,1000
2488,48,random,10,0.7321855095541401,0,26,None,66,1,5,False,1000,1000
2489,49,random,10,0.7321855095541401,0,26,None,66,1,5,False,1000,1000
2490,45,random,10,0.5122412420382165,0,11,None,66,1,5,False,1000,1000
2491,46,random,10,0.3830613057324841,0,11,None,66,1,5,False,1000,1000
2492,47,random,10,0.3199641719745223,0,11,None,66,1,5,False,1000,1000
2493,48,random,10,0.2941878980891719,0,11,None,66,1,5,False,1000,1000
2494,49,random,10,0.2795581210191082,0,11,None,66,1,5,False,1000,1000
2495,45,random,10,0.5664808917197452,0,7,None,66,1,5,False,1000,1000
2496,46,random,10,0.5771297770700637,0,7,None,66,1,5,False,1000,1000
2497,47,random,10,0.5815087579617835,0,7,None,66,1,5,False,1000,1000
2498,48,random,10,0.5881767515923567,0,7,None,66,1,5,False,1000,1000
2499,49,random,10,0.5901671974522293,0,7,None,66,1,5,False,1000,1000
2500,45,random,10,0.691281847133758,0,15,None,66,1,5,False,1000,1000
2501,46,random,10,0.6942675159235668,0,15,None,66,1,5,False,1000,1000
2502,47,random,10,0.6963574840764332,0,15,None,66,1,5,False,1000,1000
2503,48,random,10,0.6981488853503185,0,15,None,66,1,5,False,1000,1000
2504,49,random,10,0.7000398089171974,0,15,None,66,1,5,False,1000,1000
2505,45,random,10,0.7338773885350318,0,12,None,66,1,5,False,1000,1000
2506,46,random,10,0.7361664012738853,0,12,None,66,1,5,False,1000,1000
2507,47,random,10,0.7356687898089171,0,12,None,66,1,5,False,1000,1000
2508,48,random,10,0.7376592356687898,0,12,None,66,1,5,False,1000,1000
2509,49,random,10,0.7392515923566879,0,12,None,66,1,5,False,1000,1000
2510,45,random,10,0.5756369426751592,0,16,None,66,1,5,False,1000,1000
2511,46,random,10,0.5889729299363057,0,16,None,66,1,5,False,1000,1000
2512,47,random,10,0.6068869426751592,0,16,None,66,1,5,False,1000,1000
2513,48,random,10,0.6236066878980892,0,16,None,66,1,5,False,1000,1000
2514,49,random,10,0.6396297770700637,0,16,None,66,1,5,False,1000,1000
2515,45,random,10,0.6396297770700637,0,19,None,66,1,5,False,1000,1000
2516,46,random,10,0.6448049363057324,0,19,None,66,1,5,False,1000,1000
2517,47,random,10,0.6542595541401274,0,19,None,66,1,5,False,1000,1000
2518,48,random,10,0.6594347133757962,0,19,None,66,1,5,False,1000,1000
2519,49,random,10,0.664609872611465,0,19,None,66,1,5,False,1000,1000
2520,45,random,10,0.6372412420382165,0,18,None,66,1,5,False,1000,1000
2521,46,random,10,0.6274880573248408,0,18,None,66,1,5,False,1000,1000
2522,47,random,10,0.6237062101910829,0,18,None,66,1,5,False,1000,1000
2523,48,random,10,0.6207205414012739,0,18,None,66,1,5,False,1000,1000
2524,49,random,10,0.6214171974522293,0,18,None,66,1,5,False,1000,1000
2525,45,random,10,0.65625,0,17,None,66,1,5,False,1000,1000
2526,46,random,10,0.6559514331210191,0,17,None,66,1,5,False,1000,1000
2527,47,random,10,0.6570461783439491,0,17,None,66,1,5,False,1000,1000
2528,48,random,10,0.6588375796178344,0,17,None,66,1,5,False,1000,1000
2529,49,random,10,0.6599323248407644,0,17,None,66,1,5,False,1000,1000
2530,45,random,10,0.7569665605095541,0,1,None,66,1,5,False,1000,1000
2531,46,random,10,0.7593550955414012,0,1,None,66,1,5,False,1000,1000
2532,47,random,10,0.7605493630573248,0,1,None,66,1,5,False,1000,1000
2533,48,random,10,0.7603503184713376,0,1,None,66,1,5,False,1000,1000
2534,49,random,10,0.7617436305732485,0,1,None,66,1,5,False,1000,1000
2535,45,random,10,0.7609474522292994,0,5,None,66,1,5,False,1000,1000
2536,46,random,10,0.7617436305732485,0,5,None,66,1,5,False,1000,1000
2537,47,random,10,0.7631369426751592,0,5,None,66,1,5,False,1000,1000
2538,48,random,10,0.7631369426751592,0,5,None,66,1,5,False,1000,1000
2539,49,random,10,0.7651273885350318,0,5,None,66,1,5,False,1000,1000
2540,45,random,10,0.770203025477707,0,9,None,66,1,5,False,1000,1000
2541,46,random,10,0.7765724522292994,0,9,None,66,1,5,False,1000,1000
2542,47,random,10,0.7796576433121019,0,9,None,66,1,5,False,1000,1000
2543,48,random,10,0.7849323248407644,0,9,None,66,1,5,False,1000,1000
2544,49,random,10,0.7865246815286624,0,9,None,66,1,5,False,1000,1000
2545,45,random,10,0.7560708598726115,0,13,None,66,1,5,False,1000,1000
2546,46,random,10,0.7552746815286624,0,13,None,66,1,5,False,1000,1000
2547,47,random,10,0.7552746815286624,0,13,None,66,1,5,False,1000,1000
2548,48,random,10,0.7558718152866242,0,13,None,66,1,5,False,1000,1000
2549,49,random,10,0.7555732484076433,0,13,None,66,1,5,False,1000,1000
2550,45,random,10,0.6952627388535032,0,28,None,66,1,5,False,1000,1000
2551,46,random,10,0.6963574840764332,0,28,None,66,1,5,False,1000,1000
2552,47,random,10,0.6964570063694268,0,28,None,66,1,5,False,1000,1000
2553,48,random,10,0.6979498407643312,0,28,None,66,1,5,False,1000,1000
2554,49,random,10,0.6980493630573248,0,28,None,66,1,5,False,1000,1000
2555,45,random,10,0.7094944267515924,0,21,None,66,1,5,False,1000,1000
2556,46,random,10,0.6925756369426752,0,21,None,66,1,5,False,1000,1000
2557,47,random,10,0.6831210191082803,0,21,None,66,1,5,False,1000,1000
2558,48,random,10,0.6765525477707006,0,21,None,66,1,5,False,1000,1000
2559,49,random,10,0.6730692675159236,0,21,None,66,1,5,False,1000,1000
2560,45,random,10,0.7134753184713376,0,29,None,66,1,5,False,1000,1000
2561,46,random,10,0.7136743630573248,0,29,None,66,1,5,False,1000,1000
2562,47,random,10,0.7139729299363057,0,29,None,66,1,5,False,1000,1000
2563,48,random,10,0.7150676751592356,0,29,None,66,1,5,False,1000,1000
2564,49,random,10,0.7156648089171974,0,29,None,66,1,5,False,1000,1000
2565,45,random,10,0.6693869426751592,0,24,None,66,1,5,False,1000,1000
2566,46,random,10,0.6753582802547771,0,24,None,66,1,5,False,1000,1000
2567,47,random,10,0.6811305732484076,0,24,None,66,1,5,False,1000,1000
2568,48,random,10,0.6847133757961783,0,24,None,66,1,5,False,1000,1000
2569,49,random,10,0.6881966560509554,0,24,None,66,1,5,False,1000,1000
2570,45,random,10,0.7589570063694268,0,31,None,66,1,5,False,1000,1000
2571,46,random,10,0.7603503184713376,0,31,None,66,1,5,False,1000,1000
2572,47,random,10,0.7625398089171974,0,31,None,66,1,5,False,1000,1000
2573,48,random,10,0.7628383757961783,0,31,None,66,1,5,False,1000,1000
2574,49,random,10,0.7648288216560509,0,31,None,66,1,5,False,1000,1000
2575,45,random,10,0.7456210191082803,0,2,None,66,1,5,False,1000,1000
2576,46,random,10,0.7391520700636943,0,2,None,66,1,5,False,1000,1000
2577,47,random,10,0.7359673566878981,0,2,None,66,1,5,False,1000,1000
2578,48,random,10,0.7291998407643312,0,2,None,66,1,5,False,1000,1000
2579,49,random,10,0.7241242038216561,0,2,None,66,1,5,False,1000,1000
2580,45,random,10,0.7638335987261147,0,0,None,66,1,5,False,1000,1000
2581,46,random,10,0.7639331210191083,0,0,None,66,1,5,False,1000,1000
2582,47,random,10,0.7632364649681529,0,0,None,66,1,5,False,1000,1000
2583,48,random,10,0.7631369426751592,0,0,None,66,1,5,False,1000,1000
2584,49,random,10,0.7620421974522293,0,0,None,66,1,5,False,1000,1000
2585,45,random,10,0.4096337579617834,0,3,None,66,1,5,False,1000,1000
2586,46,random,10,0.3921178343949044,0,3,None,66,1,5,False,1000,1000
2587,47,random,10,0.378483280254777,0,3,None,66,1,5,False,1000,1000
2588,48,random,10,0.3664410828025478,0,3,None,66,1,5,False,1000,1000
2589,49,random,10,0.3476313694267516,0,3,None,66,1,5,False,1000,1000
2590,45,random,10,0.7541799363057324,0,4,None,66,1,5,False,1000,1000
2591,46,random,10,0.7451234076433121,0,4,None,66,1,5,False,1000,1000
2592,47,random,10,0.7420382165605095,0,4,None,66,1,5,False,1000,1000
2593,48,random,10,0.7410429936305732,0,4,None,66,1,5,False,1000,1000
2594,49,random,10,0.7410429936305732,0,4,None,66,1,5,False,1000,1000
2595,45,random,10,0.7414410828025477,0,8,None,66,1,5,False,1000,1000
2596,46,random,10,0.7424363057324841,0,8,None,66,1,5,False,1000,1000
2597,47,random,10,0.7432324840764332,0,8,None,66,1,5,False,1000,1000
2598,48,random,10,0.7433320063694268,0,8,None,66,1,5,False,1000,1000
2599,49,random,10,0.7460191082802548,0,8,None,66,1,5,False,1000,1000
2600,45,random,10,0.695859872611465,0,10,None,66,1,5,False,1000,1000
2601,46,random,10,0.703125,0,10,None,66,1,5,False,1000,1000
2602,47,random,10,0.7078025477707006,0,10,None,66,1,5,False,1000,1000
2603,48,random,10,0.7128781847133758,0,10,None,66,1,5,False,1000,1000
2604,49,random,10,0.7190485668789809,0,10,None,66,1,5,False,1000,1000
2605,45,random,10,0.729796974522293,0,20,None,66,1,5,False,1000,1000
2606,46,random,10,0.7209394904458599,0,20,None,66,1,5,False,1000,1000
2607,47,random,10,0.7110867834394905,0,20,None,66,1,5,False,1000,1000
2608,48,random,10,0.7022292993630573,0,20,None,66,1,5,False,1000,1000
2609,49,random,10,0.6943670382165605,0,20,None,66,1,5,False,1000,1000
2610,45,random,10,0.78234474522293,0,22,None,66,1,5,False,1000,1000
2611,46,random,10,0.7822452229299363,0,22,None,66,1,5,False,1000,1000
2612,47,random,10,0.7828423566878981,0,22,None,66,1,5,False,1000,1000
2613,48,random,10,0.7833399681528662,0,22,None,66,1,5,False,1000,1000
2614,49,random,10,0.7835390127388535,0,22,None,66,1,5,False,1000,1000
2615,45,random,10,0.754578025477707,0,23,None,66,1,5,False,1000,1000
2616,46,random,10,0.7552746815286624,0,23,None,66,1,5,False,1000,1000
2617,47,random,10,0.755672770700637,0,23,None,66,1,5,False,1000,1000
2618,48,random,10,0.7567675159235668,0,23,None,66,1,5,False,1000,1000
2619,49,random,10,0.7571656050955414,0,23,None,66,1,5,False,1000,1000
2620,45,random,10,0.5436902866242038,0,32,None,66,1,5,False,1000,1000
2621,46,random,10,0.5481687898089171,0,32,None,66,1,5,False,1000,1000
2622,47,random,10,0.5536425159235668,0,32,None,66,1,5,False,1000,1000
2623,48,random,10,0.5576234076433121,0,32,None,66,1,5,False,1000,1000
2624,49,random,10,0.5621019108280255,0,32,None,66,1,5,False,1000,1000
2625,45,random,10,0.7549761146496815,0,27,None,66,1,5,False,1000,1000
2626,46,random,10,0.7521894904458599,0,27,None,66,1,5,False,1000,1000
2627,47,random,10,0.7512937898089171,0,27,None,66,1,5,False,1000,1000
2628,48,random,10,0.75,0,27,None,66,1,5,False,1000,1000
2629,49,random,10,0.7491042993630573,0,27,None,66,1,5,False,1000,1000
2630,45,random,10,0.7472133757961783,0,6,None,66,1,5,False,1000,1000
2631,46,random,10,0.7237261146496815,0,6,None,66,1,5,False,1000,1000
2632,47,random,10,0.71765525477707,0,6,None,66,1,5,False,1000,1000
2633,48,random,10,0.7208399681528662,0,6,None,66,1,5,False,1000,1000
2634,49,random,10,0.7238256369426752,0,6,None,66,1,5,False,1000,1000
2635,45,random,10,0.7437300955414012,0,30,None,66,1,5,False,1000,1000
2636,46,random,10,0.7323845541401274,0,30,None,66,1,5,False,1000,1000
2637,47,random,10,0.7282046178343949,0,30,None,66,1,5,False,1000,1000
2638,48,random,10,0.7264132165605095,0,30,None,66,1,5,False,1000,1000
2639,49,random,10,0.7257165605095541,0,30,None,66,1,5,False,1000,1000
2640,50,random,10,0.6863057324840764,0,19,None,66,1,5,False,1000,1000
2641,51,random,10,0.68859474522293,0,19,None,66,1,5,False,1000,1000
2642,52,random,10,0.6915804140127388,0,19,None,66,1,5,False,1000,1000
2643,53,random,10,0.6953622611464968,0,19,None,66,1,5,False,1000,1000
2644,54,random,10,0.6973527070063694,0,19,None,66,1,5,False,1000,1000
2645,50,random,10,0.7665207006369427,0,1,None,66,1,5,False,1000,1000
2646,51,random,10,0.7669187898089171,0,1,None,66,1,5,False,1000,1000
2647,52,random,10,0.7672173566878981,0,1,None,66,1,5,False,1000,1000
2648,53,random,10,0.7677149681528662,0,1,None,66,1,5,False,1000,1000
2649,54,random,10,0.7671178343949044,0,1,None,66,1,5,False,1000,1000
2650,50,random,10,0.7576632165605095,0,2,None,66,1,5,False,1000,1000
2651,51,random,10,0.7536823248407644,0,2,None,66,1,5,False,1000,1000
2652,52,random,10,0.7480095541401274,0,2,None,66,1,5,False,1000,1000
2653,53,random,10,0.7415406050955414,0,2,None,66,1,5,False,1000,1000
2654,54,random,10,0.7374601910828026,0,2,None,66,1,5,False,1000,1000
2655,50,random,10,0.7070063694267515,0,21,None,66,1,5,False,1000,1000
2656,51,random,10,0.6991441082802548,0,21,None,66,1,5,False,1000,1000
2657,52,random,10,0.6934713375796179,0,21,None,66,1,5,False,1000,1000
2658,53,random,10,0.6911823248407644,0,21,None,66,1,5,False,1000,1000
2659,54,random,10,0.6896894904458599,0,21,None,66,1,5,False,1000,1000
2660,50,random,10,0.6933718152866242,0,28,None,66,1,5,False,1000,1000
2661,51,random,10,0.6941679936305732,0,28,None,66,1,5,False,1000,1000
2662,52,random,10,0.6959593949044586,0,28,None,66,1,5,False,1000,1000
2663,53,random,10,0.6971536624203821,0,28,None,66,1,5,False,1000,1000
2664,54,random,10,0.6963574840764332,0,28,None,66,1,5,False,1000,1000
2665,50,random,10,0.7139729299363057,0,29,None,66,1,5,False,1000,1000
2666,51,random,10,0.7153662420382165,0,29,None,66,1,5,False,1000,1000
2667,52,random,10,0.7157643312101911,0,29,None,66,1,5,False,1000,1000
2668,53,random,10,0.7159633757961783,0,29,None,66,1,5,False,1000,1000
2669,54,random,10,0.7162619426751592,0,29,None,66,1,5,False,1000,1000
2670,50,random,10,0.6725716560509554,0,18,None,66,1,5,False,1000,1000
2671,51,random,10,0.6706807324840764,0,18,None,66,1,5,False,1000,1000
2672,52,random,10,0.6681926751592356,0,18,None,66,1,5,False,1000,1000
2673,53,random,10,0.6665007961783439,0,18,None,66,1,5,False,1000,1000
2674,54,random,10,0.6657046178343949,0,18,None,66,1,5,False,1000,1000
2675,50,random,10,0.7509952229299363,0,27,None,66,1,5,False,1000,1000
2676,51,random,10,0.7500995222929936,0,27,None,66,1,5,False,1000,1000
2677,52,random,10,0.7494028662420382,0,27,None,66,1,5,False,1000,1000
2678,53,random,10,0.7485071656050956,0,27,None,66,1,5,False,1000,1000
2679,54,random,10,0.7470143312101911,0,27,None,66,1,5,False,1000,1000
2680,50,random,10,0.7671178343949044,0,31,None,66,1,5,False,1000,1000
2681,51,random,10,0.7685111464968153,0,31,None,66,1,5,False,1000,1000
2682,52,random,10,0.7693073248407644,0,31,None,66,1,5,False,1000,1000
2683,53,random,10,0.7703025477707006,0,31,None,66,1,5,False,1000,1000
2684,54,random,10,0.7708996815286624,0,31,None,66,1,5,False,1000,1000
2685,50,random,10,0.7555732484076433,0,20,None,66,1,5,False,1000,1000
2686,51,random,10,0.7578622611464968,0,20,None,66,1,5,False,1000,1000
2687,52,random,10,0.752687101910828,0,20,None,66,1,5,False,1000,1000
2688,53,random,10,0.7421377388535032,0,20,None,66,1,5,False,1000,1000
2689,54,random,10,0.7306926751592356,0,20,None,66,1,5,False,1000,1000
2690,50,random,10,0.751890923566879,0,8,None,66,1,5,False,1000,1000
2691,51,random,10,0.7527866242038217,0,8,None,66,1,5,False,1000,1000
2692,52,random,10,0.7534832802547771,0,8,None,66,1,5,False,1000,1000
2693,53,random,10,0.7534832802547771,0,8,None,66,1,5,False,1000,1000
2694,54,random,10,0.7524880573248408,0,8,None,66,1,5,False,1000,1000
2695,50,random,10,0.7644307324840764,0,23,None,66,1,5,False,1000,1000
2696,51,random,10,0.7646297770700637,0,23,None,66,1,5,False,1000,1000
2697,52,random,10,0.7658240445859873,0,23,None,66,1,5,False,1000,1000
2698,53,random,10,0.7658240445859873,0,23,None,66,1,5,False,1000,1000
2699,54,random,10,0.7668192675159236,0,23,None,66,1,5,False,1000,1000
2700,50,random,10,0.7654259554140127,0,0,None,66,1,5,False,1000,1000
2701,51,random,10,0.7657245222929936,0,0,None,66,1,5,False,1000,1000
2702,52,random,10,0.7657245222929936,0,0,None,66,1,5,False,1000,1000
2703,53,random,10,0.7655254777070064,0,0,None,66,1,5,False,1000,1000
2704,54,random,10,0.7655254777070064,0,0,None,66,1,5,False,1000,1000
2705,50,random,10,0.7626393312101911,0,5,None,66,1,5,False,1000,1000
2706,51,random,10,0.7631369426751592,0,5,None,66,1,5,False,1000,1000
2707,52,random,10,0.7641321656050956,0,5,None,66,1,5,False,1000,1000
2708,53,random,10,0.7658240445859873,0,5,None,66,1,5,False,1000,1000
2709,54,random,10,0.7671178343949044,0,5,None,66,1,5,False,1000,1000
2710,50,random,10,0.7561703821656051,0,4,None,66,1,5,False,1000,1000
2711,51,random,10,0.7491042993630573,0,4,None,66,1,5,False,1000,1000
2712,52,random,10,0.7472133757961783,0,4,None,66,1,5,False,1000,1000
2713,53,random,10,0.7470143312101911,0,4,None,66,1,5,False,1000,1000
2714,54,random,10,0.7468152866242038,0,4,None,66,1,5,False,1000,1000
2715,50,random,10,0.7423367834394905,0,30,None,66,1,5,False,1000,1000
2716,51,random,10,0.7298964968152867,0,30,None,66,1,5,False,1000,1000
2717,52,random,10,0.7237261146496815,0,30,None,66,1,5,False,1000,1000
2718,53,random,10,0.7221337579617835,0,30,None,66,1,5,False,1000,1000
2719,54,random,10,0.7222332802547771,0,30,None,66,1,5,False,1000,1000
2720,50,random,10,0.5868829617834395,0,16,None,66,1,5,False,1000,1000
2721,51,random,10,0.6020103503184714,0,16,None,66,1,5,False,1000,1000
2722,52,random,10,0.6186305732484076,0,16,None,66,1,5,False,1000,1000
2723,53,random,10,0.6370421974522293,0,16,None,66,1,5,False,1000,1000
2724,54,random,10,0.6502786624203821,0,16,None,66,1,5,False,1000,1000
2725,50,random,10,0.5949442675159236,0,7,None,66,1,5,False,1000,1000
2726,51,random,10,0.5944466560509554,0,7,None,66,1,5,False,1000,1000
2727,52,random,10,0.5950437898089171,0,7,None,66,1,5,False,1000,1000
2728,53,random,10,0.599422770700637,0,7,None,66,1,5,False,1000,1000
2729,54,random,10,0.6025079617834395,0,7,None,66,1,5,False,1000,1000
2730,50,random,10,0.5659832802547771,0,32,None,66,1,5,False,1000,1000
2731,51,random,10,0.5692675159235668,0,32,None,66,1,5,False,1000,1000
2732,52,random,10,0.5734474522292994,0,32,None,66,1,5,False,1000,1000
2733,53,random,10,0.5785230891719745,0,32,None,66,1,5,False,1000,1000
2734,54,random,10,0.5812101910828026,0,32,None,66,1,5,False,1000,1000
2735,50,random,10,0.7640326433121019,0,13,None,66,1,5,False,1000,1000
2736,51,random,10,0.763734076433121,0,13,None,66,1,5,False,1000,1000
2737,52,random,10,0.7641321656050956,0,13,None,66,1,5,False,1000,1000
2738,53,random,10,0.7654259554140127,0,13,None,66,1,5,False,1000,1000
2739,54,random,10,0.7655254777070064,0,13,None,66,1,5,False,1000,1000
2740,50,random,10,0.7956807324840764,0,25,None,66,1,5,False,1000,1000
2741,51,random,10,0.7959792993630573,0,25,None,66,1,5,False,1000,1000
2742,52,random,10,0.7943869426751592,0,25,None,66,1,5,False,1000,1000
2743,53,random,10,0.7942874203821656,0,25,None,66,1,5,False,1000,1000
2744,54,random,10,0.7932921974522293,0,25,None,66,1,5,False,1000,1000
2745,50,random,10,0.7353702229299363,0,26,None,66,1,5,False,1000,1000
2746,51,random,10,0.7315883757961783,0,26,None,66,1,5,False,1000,1000
2747,52,random,10,0.7292993630573248,0,26,None,66,1,5,False,1000,1000
2748,53,random,10,0.7281050955414012,0,26,None,66,1,5,False,1000,1000
2749,54,random,10,0.7278065286624203,0,26,None,66,1,5,False,1000,1000
2750,50,random,10,0.7333797770700637,0,12,None,66,1,5,False,1000,1000
2751,51,random,10,0.7351711783439491,0,12,None,66,1,5,False,1000,1000
2752,52,random,10,0.7351711783439491,0,12,None,66,1,5,False,1000,1000
2753,53,random,10,0.7372611464968153,0,12,None,66,1,5,False,1000,1000
2754,54,random,10,0.7387539808917197,0,12,None,66,1,5,False,1000,1000
2755,50,random,10,0.5103503184713376,0,11,None,66,1,5,False,1000,1000
2756,51,random,10,0.3950039808917197,0,11,None,66,1,5,False,1000,1000
2757,52,random,10,0.3338972929936306,0,11,None,66,1,5,False,1000,1000
2758,53,random,10,0.3048367834394904,0,11,None,66,1,5,False,1000,1000
2759,54,random,10,0.2903065286624204,0,11,None,66,1,5,False,1000,1000
2760,50,random,10,0.673765923566879,0,17,None,66,1,5,False,1000,1000
2761,51,random,10,0.6715764331210191,0,17,None,66,1,5,False,1000,1000
2762,52,random,10,0.671875,0,17,None,66,1,5,False,1000,1000
2763,53,random,10,0.6725716560509554,0,17,None,66,1,5,False,1000,1000
2764,54,random,10,0.6732683121019108,0,17,None,66,1,5,False,1000,1000
2765,50,random,10,0.6905851910828026,0,24,None,66,1,5,False,1000,1000
2766,51,random,10,0.6929737261146497,0,24,None,66,1,5,False,1000,1000
2767,52,random,10,0.6938694267515924,0,24,None,66,1,5,False,1000,1000
2768,53,random,10,0.6960589171974523,0,24,None,66,1,5,False,1000,1000
2769,54,random,10,0.6979498407643312,0,24,None,66,1,5,False,1000,1000
2770,50,random,10,0.7083996815286624,0,10,None,66,1,5,False,1000,1000
2771,51,random,10,0.7139729299363057,0,10,None,66,1,5,False,1000,1000
2772,52,random,10,0.7194466560509554,0,10,None,66,1,5,False,1000,1000
2773,53,random,10,0.723328025477707,0,10,None,66,1,5,False,1000,1000
2774,54,random,10,0.7270103503184714,0,10,None,66,1,5,False,1000,1000
2775,50,random,10,0.7102906050955414,0,15,None,66,1,5,False,1000,1000
2776,51,random,10,0.7121815286624203,0,15,None,66,1,5,False,1000,1000
2777,52,random,10,0.7146695859872612,0,15,None,66,1,5,False,1000,1000
2778,53,random,10,0.7158638535031847,0,15,None,66,1,5,False,1000,1000
2779,54,random,10,0.716859076433121,0,15,None,66,1,5,False,1000,1000
2780,50,random,10,0.4219745222929936,0,3,None,66,1,5,False,1000,1000
2781,51,random,10,0.4025676751592357,0,3,None,66,1,5,False,1000,1000
2782,52,random,10,0.3865445859872611,0,3,None,66,1,5,False,1000,1000
2783,53,random,10,0.3735071656050955,0,3,None,66,1,5,False,1000,1000
2784,54,random,10,0.355593152866242,0,3,None,66,1,5,False,1000,1000
2785,50,random,10,0.7749800955414012,0,9,None,66,1,5,False,1000,1000
2786,51,random,10,0.7795581210191083,0,9,None,66,1,5,False,1000,1000
2787,52,random,10,0.7838375796178344,0,9,None,66,1,5,False,1000,1000
2788,53,random,10,0.7866242038216561,0,9,None,66,1,5,False,1000,1000
2789,54,random,10,0.7882165605095541,0,9,None,66,1,5,False,1000,1000
2790,50,random,10,0.7575636942675159,0,6,None,66,1,5,False,1000,1000
2791,51,random,10,0.7479100318471338,0,6,None,66,1,5,False,1000,1000
2792,52,random,10,0.7456210191082803,0,6,None,66,1,5,False,1000,1000
2793,53,random,10,0.7463176751592356,0,6,None,66,1,5,False,1000,1000
2794,54,random,10,0.7468152866242038,0,6,None,66,1,5,False,1000,1000
2795,50,random,10,0.7899084394904459,0,14,None,66,1,5,False,1000,1000
2796,51,random,10,0.7899084394904459,0,14,None,66,1,5,False,1000,1000
2797,52,random,10,0.7898089171974523,0,14,None,66,1,5,False,1000,1000
2798,53,random,10,0.789609872611465,0,14,None,66,1,5,False,1000,1000
2799,54,random,10,0.789609872611465,0,14,None,66,1,5,False,1000,1000
2800,50,random,10,0.7815485668789809,0,22,None,66,1,5,False,1000,1000
2801,51,random,10,0.78125,0,22,None,66,1,5,False,1000,1000
2802,52,random,10,0.7819466560509554,0,22,None,66,1,5,False,1000,1000
2803,53,random,10,0.7825437898089171,0,22,None,66,1,5,False,1000,1000
2804,54,random,10,0.7826433121019108,0,22,None,66,1,5,False,1000,1000
4620,55,random,10,0.7741839171974523,0,5,None,66,1,5,False,1000,1000
4621,56,random,10,0.7753781847133758,0,5,None,66,1,5,False,1000,1000
4622,57,random,10,0.7765724522292994,0,5,None,66,1,5,False,1000,1000
4623,58,random,10,0.7773686305732485,0,5,None,66,1,5,False,1000,1000
4624,59,random,10,0.7780652866242038,0,5,None,66,1,5,False,1000,1000
4625,55,random,10,0.7725915605095541,0,13,None,66,1,5,False,1000,1000
4626,56,random,10,0.7708001592356688,0,13,None,66,1,5,False,1000,1000
4627,57,random,10,0.7709992038216561,0,13,None,66,1,5,False,1000,1000
4628,58,random,10,0.770203025477707,0,13,None,66,1,5,False,1000,1000
4629,59,random,10,0.7704020700636943,0,13,None,66,1,5,False,1000,1000
4630,55,random,10,0.508359872611465,0,11,None,66,1,5,False,1000,1000
4631,56,random,10,0.4067476114649681,0,11,None,66,1,5,False,1000,1000
4632,57,random,10,0.3471337579617834,0,11,None,66,1,5,False,1000,1000
4633,58,random,10,0.3190684713375796,0,11,None,66,1,5,False,1000,1000
4634,59,random,10,0.3021496815286624,0,11,None,66,1,5,False,1000,1000
4635,55,random,10,0.7455214968152867,0,20,None,66,1,5,False,1000,1000
4636,56,random,10,0.7414410828025477,0,20,None,66,1,5,False,1000,1000
4637,57,random,10,0.7384554140127388,0,20,None,66,1,5,False,1000,1000
4638,58,random,10,0.731687898089172,0,20,None,66,1,5,False,1000,1000
4639,59,random,10,0.7269108280254777,0,20,None,66,1,5,False,1000,1000
4640,55,random,10,0.7158638535031847,0,19,None,66,1,5,False,1000,1000
4641,56,random,10,0.7185509554140127,0,19,None,66,1,5,False,1000,1000
4642,57,random,10,0.7210390127388535,0,19,None,66,1,5,False,1000,1000
4643,58,random,10,0.722531847133758,0,19,None,66,1,5,False,1000,1000
4644,59,random,10,0.7256170382165605,0,19,None,66,1,5,False,1000,1000
4645,55,random,10,0.7838375796178344,0,22,None,66,1,5,False,1000,1000
4646,56,random,10,0.7834394904458599,0,22,None,66,1,5,False,1000,1000
4647,57,random,10,0.7841361464968153,0,22,None,66,1,5,False,1000,1000
4648,58,random,10,0.7849323248407644,0,22,None,66,1,5,False,1000,1000
4649,59,random,10,0.7853304140127388,0,22,None,66,1,5,False,1000,1000
4650,55,random,10,0.7883160828025477,0,14,None,66,1,5,False,1000,1000
4651,56,random,10,0.7871218152866242,0,14,None,66,1,5,False,1000,1000
4652,57,random,10,0.7863256369426752,0,14,None,66,1,5,False,1000,1000
4653,58,random,10,0.7871218152866242,0,14,None,66,1,5,False,1000,1000
4654,59,random,10,0.7872213375796179,0,14,None,66,1,5,False,1000,1000
4655,55,random,10,0.7699044585987261,0,23,None,66,1,5,False,1000,1000
4656,56,random,10,0.7707006369426752,0,23,None,66,1,5,False,1000,1000
4657,57,random,10,0.7711982484076433,0,23,None,66,1,5,False,1000,1000
4658,58,random,10,0.7714968152866242,0,23,None,66,1,5,False,1000,1000
4659,59,random,10,0.7723925159235668,0,23,None,66,1,5,False,1000,1000
4660,55,random,10,0.6868033439490446,0,17,None,66,1,5,False,1000,1000
4661,56,random,10,0.6854100318471338,0,17,None,66,1,5,False,1000,1000
4662,57,random,10,0.6854100318471338,0,17,None,66,1,5,False,1000,1000
4663,58,random,10,0.6861066878980892,0,17,None,66,1,5,False,1000,1000
4664,59,random,10,0.6870023885350318,0,17,None,66,1,5,False,1000,1000
4665,55,random,10,0.7145700636942676,0,21,None,66,1,5,False,1000,1000
4666,56,random,10,0.7093949044585988,0,21,None,66,1,5,False,1000,1000
4667,57,random,10,0.706906847133758,0,21,None,66,1,5,False,1000,1000
4668,58,random,10,0.7055135350318471,0,21,None,66,1,5,False,1000,1000
4669,59,random,10,0.7046178343949044,0,21,None,66,1,5,False,1000,1000
4670,55,random,10,0.796875,0,25,None,66,1,5,False,1000,1000
4671,56,random,10,0.7975716560509554,0,25,None,66,1,5,False,1000,1000
4672,57,random,10,0.7974721337579618,0,25,None,66,1,5,False,1000,1000
4673,58,random,10,0.7967754777070064,0,25,None,66,1,5,False,1000,1000
4674,59,random,10,0.7959792993630573,0,25,None,66,1,5,False,1000,1000
4675,55,random,10,0.7396496815286624,0,26,None,66,1,5,False,1000,1000
4676,56,random,10,0.73546974522293,0,26,None,66,1,5,False,1000,1000
4677,57,random,10,0.7337778662420382,0,26,None,66,1,5,False,1000,1000
4678,58,random,10,0.7329816878980892,0,26,None,66,1,5,False,1000,1000
4679,59,random,10,0.7319864649681529,0,26,None,66,1,5,False,1000,1000
4680,55,random,10,0.7533837579617835,0,12,None,66,1,5,False,1000,1000
4681,56,random,10,0.7541799363057324,0,12,None,66,1,5,False,1000,1000
4682,57,random,10,0.755672770700637,0,12,None,66,1,5,False,1000,1000
4683,58,random,10,0.7570660828025477,0,12,None,66,1,5,False,1000,1000
4684,59,random,10,0.7593550955414012,0,12,None,66,1,5,False,1000,1000
4685,55,random,10,0.698546974522293,0,24,None,66,1,5,False,1000,1000
4686,56,random,10,0.7008359872611465,0,24,None,66,1,5,False,1000,1000
4687,57,random,10,0.7040207006369427,0,24,None,66,1,5,False,1000,1000
4688,58,random,10,0.7053144904458599,0,24,None,66,1,5,False,1000,1000
4689,59,random,10,0.7068073248407644,0,24,None,66,1,5,False,1000,1000
4690,55,random,10,0.7171576433121019,0,29,None,66,1,5,False,1000,1000
4691,56,random,10,0.7184514331210191,0,29,None,66,1,5,False,1000,1000
4692,57,random,10,0.7203423566878981,0,29,None,66,1,5,False,1000,1000
4693,58,random,10,0.7216361464968153,0,29,None,66,1,5,False,1000,1000
4694,59,random,10,0.723328025477707,0,29,None,66,1,5,False,1000,1000
4695,55,random,10,0.7813495222929936,0,9,None,66,1,5,False,1000,1000
4696,56,random,10,0.7855294585987261,0,9,None,66,1,5,False,1000,1000
4697,57,random,10,0.7868232484076433,0,9,None,66,1,5,False,1000,1000
4698,58,random,10,0.7901074840764332,0,9,None,66,1,5,False,1000,1000
4699,59,random,10,0.7911027070063694,0,9,None,66,1,5,False,1000,1000
4700,55,random,10,0.6896894904458599,0,28,None,66,1,5,False,1000,1000
4701,56,random,10,0.6914808917197452,0,28,None,66,1,5,False,1000,1000
4702,57,random,10,0.6922770700636943,0,28,None,66,1,5,False,1000,1000
4703,58,random,10,0.6930732484076433,0,28,None,66,1,5,False,1000,1000
4704,59,random,10,0.6941679936305732,0,28,None,66,1,5,False,1000,1000
4705,55,random,10,0.7522890127388535,0,30,None,66,1,5,False,1000,1000
4706,56,random,10,0.7423367834394905,0,30,None,66,1,5,False,1000,1000
4707,57,random,10,0.738156847133758,0,30,None,66,1,5,False,1000,1000
4708,58,random,10,0.7364649681528662,0,30,None,66,1,5,False,1000,1000
4709,59,random,10,0.7367635350318471,0,30,None,66,1,5,False,1000,1000
4710,55,random,10,0.7639331210191083,0,6,None,66,1,5,False,1000,1000
4711,56,random,10,0.7561703821656051,0,6,None,66,1,5,False,1000,1000
4712,57,random,10,0.7543789808917197,0,6,None,66,1,5,False,1000,1000
4713,58,random,10,0.7531847133757962,0,6,None,66,1,5,False,1000,1000
4714,59,random,10,0.753781847133758,0,6,None,66,1,5,False,1000,1000
4715,55,random,10,0.6946656050955414,0,18,None,66,1,5,False,1000,1000
4716,56,random,10,0.6943670382165605,0,18,None,66,1,5,False,1000,1000
4717,57,random,10,0.6921775477707006,0,18,None,66,1,5,False,1000,1000
4718,58,random,10,0.6914808917197452,0,18,None,66,1,5,False,1000,1000
4719,59,random,10,0.6908837579617835,0,18,None,66,1,5,False,1000,1000
4720,55,random,10,0.7459195859872612,0,27,None,66,1,5,False,1000,1000
4721,56,random,10,0.7465167197452229,0,27,None,66,1,5,False,1000,1000
4722,57,random,10,0.7451234076433121,0,27,None,66,1,5,False,1000,1000
4723,58,random,10,0.7452229299363057,0,27,None,66,1,5,False,1000,1000
4724,59,random,10,0.7451234076433121,0,27,None,66,1,5,False,1000,1000
4725,55,random,10,0.7695063694267515,0,31,None,66,1,5,False,1000,1000
4726,56,random,10,0.7704020700636943,0,31,None,66,1,5,False,1000,1000
4727,57,random,10,0.772093949044586,0,31,None,66,1,5,False,1000,1000
4728,58,random,10,0.7731886942675159,0,31,None,66,1,5,False,1000,1000
4729,59,random,10,0.7734872611464968,0,31,None,66,1,5,False,1000,1000
4730,55,random,10,0.5874800955414012,0,32,None,66,1,5,False,1000,1000
4731,56,random,10,0.5900676751592356,0,32,None,66,1,5,False,1000,1000
4732,57,random,10,0.59265525477707,0,32,None,66,1,5,False,1000,1000
4733,58,random,10,0.5955414012738853,0,32,None,66,1,5,False,1000,1000
4734,59,random,10,0.5991242038216561,0,32,None,66,1,5,False,1000,1000
4735,55,random,10,0.7635350318471338,0,4,None,66,1,5,False,1000,1000
4736,56,random,10,0.7584593949044586,0,4,None,66,1,5,False,1000,1000
4737,57,random,10,0.7578622611464968,0,4,None,66,1,5,False,1000,1000
4738,58,random,10,0.7568670382165605,0,4,None,66,1,5,False,1000,1000
4739,59,random,10,0.7569665605095541,0,4,None,66,1,5,False,1000,1000
4740,55,random,10,0.7663216560509554,0,1,None,66,1,5,False,1000,1000
4741,56,random,10,0.7669187898089171,0,1,None,66,1,5,False,1000,1000
4742,57,random,10,0.7682125796178344,0,1,None,66,1,5,False,1000,1000
4743,58,random,10,0.7684116242038217,0,1,None,66,1,5,False,1000,1000
4744,59,random,10,0.7690087579617835,0,1,None,66,1,5,False,1000,1000
4745,55,random,10,0.6054936305732485,0,7,None,66,1,5,False,1000,1000
4746,56,random,10,0.6077826433121019,0,7,None,66,1,5,False,1000,1000
4747,57,random,10,0.6091759554140127,0,7,None,66,1,5,False,1000,1000
4748,58,random,10,0.6122611464968153,0,7,None,66,1,5,False,1000,1000
4749,59,random,10,0.6152468152866242,0,7,None,66,1,5,False,1000,1000
4750,55,random,10,0.756468949044586,0,8,None,66,1,5,False,1000,1000
4751,56,random,10,0.7542794585987261,0,8,None,66,1,5,False,1000,1000
4752,57,random,10,0.7536823248407644,0,8,None,66,1,5,False,1000,1000
4753,58,random,10,0.7532842356687898,0,8,None,66,1,5,False,1000,1000
4754,59,random,10,0.7535828025477707,0,8,None,66,1,5,False,1000,1000
4755,55,random,10,0.6084792993630573,0,16,None,66,1,5,False,1000,1000
4756,56,random,10,0.6241042993630573,0,16,None,66,1,5,False,1000,1000
4757,57,random,10,0.640625,0,16,None,66,1,5,False,1000,1000
4758,58,random,10,0.6547571656050956,0,16,None,66,1,5,False,1000,1000
4759,59,random,10,0.6686902866242038,0,16,None,66,1,5,False,1000,1000
4760,55,random,10,0.7632364649681529,0,2,None,66,1,5,False,1000,1000
4761,56,random,10,0.7577627388535032,0,2,None,66,1,5,False,1000,1000
4762,57,random,10,0.7511942675159236,0,2,None,66,1,5,False,1000,1000
4763,58,random,10,0.7459195859872612,0,2,None,66,1,5,False,1000,1000
4764,59,random,10,0.7428343949044586,0,2,None,66,1,5,False,1000,1000
4765,55,random,10,0.7725915605095541,0,0,None,66,1,5,False,1000,1000
4766,56,random,10,0.7727906050955414,0,0,None,66,1,5,False,1000,1000
4767,57,random,10,0.772890127388535,0,0,None,66,1,5,False,1000,1000
4768,58,random,10,0.7730891719745223,0,0,None,66,1,5,False,1000,1000
4769,59,random,10,0.7736863057324841,0,0,None,66,1,5,False,1000,1000
4770,55,random,10,0.7101910828025477,0,10,None,66,1,5,False,1000,1000
4771,56,random,10,0.7182523885350318,0,10,None,66,1,5,False,1000,1000
4772,57,random,10,0.7228304140127388,0,10,None,66,1,5,False,1000,1000
4773,58,random,10,0.7266122611464968,0,10,None,66,1,5,False,1000,1000
4774,59,random,10,0.7312898089171974,0,10,None,66,1,5,False,1000,1000
4775,55,random,10,0.445859872611465,0,3,None,66,1,5,False,1000,1000
4776,56,random,10,0.4220740445859872,0,3,None,66,1,5,False,1000,1000
4777,57,random,10,0.4067476114649681,0,3,None,66,1,5,False,1000,1000
4778,58,random,10,0.3934116242038216,0,3,None,66,1,5,False,1000,1000
4779,59,random,10,0.378483280254777,0,3,None,66,1,5,False,1000,1000
4780,55,random,10,0.7189490445859873,0,15,None,66,1,5,False,1000,1000
4781,56,random,10,0.7203423566878981,0,15,None,66,1,5,False,1000,1000
4782,57,random,10,0.7217356687898089,0,15,None,66,1,5,False,1000,1000
4783,58,random,10,0.723328025477707,0,15,None,66,1,5,False,1000,1000
4784,59,random,10,0.725218949044586,0,15,None,66,1,5,False,1000,1000
4785,60,random,10,0.7574641719745223,0,30,None,66,1,5,False,1000,1000
4786,61,random,10,0.7476114649681529,0,30,None,66,1,5,False,1000,1000
4787,62,random,10,0.7444267515923567,0,30,None,66,1,5,False,1000,1000
4788,63,random,10,0.7422372611464968,0,30,None,66,1,5,False,1000,1000
4789,64,random,10,0.7422372611464968,0,30,None,66,1,5,False,1000,1000
4790,60,random,10,0.7693073248407644,0,1,None,66,1,5,False,1000,1000
4791,61,random,10,0.770203025477707,0,1,None,66,1,5,False,1000,1000
4792,62,random,10,0.7703025477707006,0,1,None,66,1,5,False,1000,1000
4793,63,random,10,0.7706011146496815,0,1,None,66,1,5,False,1000,1000
4794,64,random,10,0.7716958598726115,0,1,None,66,1,5,False,1000,1000
4795,60,random,10,0.7463176751592356,0,27,None,66,1,5,False,1000,1000
4796,61,random,10,0.7461186305732485,0,27,None,66,1,5,False,1000,1000
4797,62,random,10,0.7456210191082803,0,27,None,66,1,5,False,1000,1000
4798,63,random,10,0.7445262738853503,0,27,None,66,1,5,False,1000,1000
4799,64,random,10,0.7446257961783439,0,27,None,66,1,5,False,1000,1000
4800,60,random,10,0.7770700636942676,0,2,None,66,1,5,False,1000,1000
4801,61,random,10,0.771297770700637,0,2,None,66,1,5,False,1000,1000
4802,62,random,10,0.7638335987261147,0,2,None,66,1,5,False,1000,1000
4803,63,random,10,0.7594546178343949,0,2,None,66,1,5,False,1000,1000
4804,64,random,10,0.755672770700637,0,2,None,66,1,5,False,1000,1000
4805,60,random,10,0.7689092356687898,0,22,None,66,1,5,False,1000,1000
4806,61,random,10,0.7679140127388535,0,22,None,66,1,5,False,1000,1000
4807,62,random,10,0.767515923566879,0,22,None,66,1,5,False,1000,1000
4808,63,random,10,0.7680135350318471,0,22,None,66,1,5,False,1000,1000
4809,64,random,10,0.7679140127388535,0,22,None,66,1,5,False,1000,1000
4810,60,random,10,0.7617436305732485,0,5,None,66,1,5,False,1000,1000
4811,61,random,10,0.7635350318471338,0,5,None,66,1,5,False,1000,1000
4812,62,random,10,0.7636345541401274,0,5,None,66,1,5,False,1000,1000
4813,63,random,10,0.7664211783439491,0,5,None,66,1,5,False,1000,1000
4814,64,random,10,0.7677149681528662,0,5,None,66,1,5,False,1000,1000
4815,60,random,10,0.743531050955414,0,7,None,66,1,5,False,1000,1000
4816,61,random,10,0.7406449044585988,0,7,None,66,1,5,False,1000,1000
4817,62,random,10,0.7420382165605095,0,7,None,66,1,5,False,1000,1000
4818,63,random,10,0.7403463375796179,0,7,None,66,1,5,False,1000,1000
4819,64,random,10,0.7410429936305732,0,7,None,66,1,5,False,1000,1000
4820,60,random,10,0.7461186305732485,0,16,None,66,1,5,False,1000,1000
4821,61,random,10,0.7505971337579618,0,16,None,66,1,5,False,1000,1000
4822,62,random,10,0.7527866242038217,0,16,None,66,1,5,False,1000,1000
4823,63,random,10,0.7542794585987261,0,16,None,66,1,5,False,1000,1000
4824,64,random,10,0.7575636942675159,0,16,None,66,1,5,False,1000,1000
4825,60,random,10,0.738953025477707,0,32,None,66,1,5,False,1000,1000
4826,61,random,10,0.736265923566879,0,32,None,66,1,5,False,1000,1000
4827,62,random,10,0.7349721337579618,0,32,None,66,1,5,False,1000,1000
4828,63,random,10,0.73546974522293,0,32,None,66,1,5,False,1000,1000
4829,64,random,10,0.7366640127388535,0,32,None,66,1,5,False,1000,1000
4830,60,random,10,0.7974721337579618,0,14,None,66,1,5,False,1000,1000
4831,61,random,10,0.7977707006369427,0,14,None,66,1,5,False,1000,1000
4832,62,random,10,0.7976711783439491,0,14,None,66,1,5,False,1000,1000
4833,63,random,10,0.7973726114649682,0,14,None,66,1,5,False,1000,1000
4834,64,random,10,0.7985668789808917,0,14,None,66,1,5,False,1000,1000
4835,60,random,10,0.7914012738853503,0,9,None,66,1,5,False,1000,1000
4836,61,random,10,0.7927945859872612,0,9,None,66,1,5,False,1000,1000
4837,62,random,10,0.7944864649681529,0,9,None,66,1,5,False,1000,1000
4838,63,random,10,0.7963773885350318,0,9,None,66,1,5,False,1000,1000
4839,64,random,10,0.7967754777070064,0,9,None,66,1,5,False,1000,1000
4840,60,random,10,0.7240246815286624,0,29,None,66,1,5,False,1000,1000
4841,61,random,10,0.7265127388535032,0,29,None,66,1,5,False,1000,1000
4842,62,random,10,0.727109872611465,0,29,None,66,1,5,False,1000,1000
4843,63,random,10,0.7290007961783439,0,29,None,66,1,5,False,1000,1000
4844,64,random,10,0.7296974522292994,0,29,None,66,1,5,False,1000,1000
4845,60,random,10,0.517515923566879,0,11,None,66,1,5,False,1000,1000
4846,61,random,10,0.4906449044585987,0,11,None,66,1,5,False,1000,1000
4847,62,random,10,0.4671576433121019,0,11,None,66,1,5,False,1000,1000
4848,63,random,10,0.449343152866242,0,11,None,66,1,5,False,1000,1000
4849,64,random,10,0.4346138535031847,0,11,None,66,1,5,False,1000,1000
4850,60,random,10,0.6618232484076433,0,17,None,66,1,5,False,1000,1000
4851,61,random,10,0.7060111464968153,0,17,None,66,1,5,False,1000,1000
4852,62,random,10,0.7019307324840764,0,17,None,66,1,5,False,1000,1000
4853,63,random,10,0.6963574840764332,0,17,None,66,1,5,False,1000,1000
4854,64,random,10,0.694765127388535,0,17,None,66,1,5,False,1000,1000
4855,60,random,10,0.7218351910828026,0,18,None,66,1,5,False,1000,1000
4856,61,random,10,0.7199442675159236,0,18,None,66,1,5,False,1000,1000
4857,62,random,10,0.7190485668789809,0,18,None,66,1,5,False,1000,1000
4858,63,random,10,0.7189490445859873,0,18,None,66,1,5,False,1000,1000
4859,64,random,10,0.7197452229299363,0,18,None,66,1,5,False,1000,1000
4860,60,random,10,0.7488057324840764,0,8,None,66,1,5,False,1000,1000
4861,61,random,10,0.7492038216560509,0,8,None,66,1,5,False,1000,1000
4862,62,random,10,0.7488057324840764,0,8,None,66,1,5,False,1000,1000
4863,63,random,10,0.7490047770700637,0,8,None,66,1,5,False,1000,1000
4864,64,random,10,0.7496019108280255,0,8,None,66,1,5,False,1000,1000
4865,60,random,10,0.7695063694267515,0,31,None,66,1,5,False,1000,1000
4866,61,random,10,0.7708996815286624,0,31,None,66,1,5,False,1000,1000
4867,62,random,10,0.7714968152866242,0,31,None,66,1,5,False,1000,1000
4868,63,random,10,0.772093949044586,0,31,None,66,1,5,False,1000,1000
4869,64,random,10,0.7722929936305732,0,31,None,66,1,5,False,1000,1000
4870,60,random,10,0.7554737261146497,0,20,None,66,1,5,False,1000,1000
4871,61,random,10,0.7549761146496815,0,20,None,66,1,5,False,1000,1000
4872,62,random,10,0.75109474522293,0,20,None,66,1,5,False,1000,1000
4873,63,random,10,0.744327229299363,0,20,None,66,1,5,False,1000,1000
4874,64,random,10,0.7410429936305732,0,20,None,66,1,5,False,1000,1000
4875,60,random,10,0.6841162420382165,0,28,None,66,1,5,False,1000,1000
4876,61,random,10,0.6866042993630573,0,28,None,66,1,5,False,1000,1000
4877,62,random,10,0.6898885350318471,0,28,None,66,1,5,False,1000,1000
4878,63,random,10,0.6914808917197452,0,28,None,66,1,5,False,1000,1000
4879,64,random,10,0.6945660828025477,0,28,None,66,1,5,False,1000,1000
4880,60,random,10,0.7382563694267515,0,19,None,66,1,5,False,1000,1000
4881,61,random,10,0.7388535031847133,0,19,None,66,1,5,False,1000,1000
4882,62,random,10,0.7407444267515924,0,19,None,66,1,5,False,1000,1000
4883,63,random,10,0.7433320063694268,0,19,None,66,1,5,False,1000,1000
4884,64,random,10,0.7457205414012739,0,19,None,66,1,5,False,1000,1000
4885,60,random,10,0.7043192675159236,0,21,None,66,1,5,False,1000,1000
4886,61,random,10,0.7007364649681529,0,21,None,66,1,5,False,1000,1000
4887,62,random,10,0.6998407643312102,0,21,None,66,1,5,False,1000,1000
4888,63,random,10,0.6994426751592356,0,21,None,66,1,5,False,1000,1000
4889,64,random,10,0.6994426751592356,0,21,None,66,1,5,False,1000,1000
4890,60,random,10,0.7106886942675159,0,24,None,66,1,5,False,1000,1000
4891,61,random,10,0.7118829617834395,0,24,None,66,1,5,False,1000,1000
4892,62,random,10,0.7131767515923567,0,24,None,66,1,5,False,1000,1000
4893,63,random,10,0.7144705414012739,0,24,None,66,1,5,False,1000,1000
4894,64,random,10,0.7151671974522293,0,24,None,66,1,5,False,1000,1000
4895,60,random,10,0.7698049363057324,0,4,None,66,1,5,False,1000,1000
4896,61,random,10,0.76671974522293,0,4,None,66,1,5,False,1000,1000
4897,62,random,10,0.7673168789808917,0,4,None,66,1,5,False,1000,1000
4898,63,random,10,0.7676154458598726,0,4,None,66,1,5,False,1000,1000
4899,64,random,10,0.7684116242038217,0,4,None,66,1,5,False,1000,1000
4900,60,random,10,0.7771695859872612,0,0,None,66,1,5,False,1000,1000
4901,61,random,10,0.7768710191082803,0,0,None,66,1,5,False,1000,1000
4902,62,random,10,0.7763734076433121,0,0,None,66,1,5,False,1000,1000
4903,63,random,10,0.7763734076433121,0,0,None,66,1,5,False,1000,1000
4904,64,random,10,0.7765724522292994,0,0,None,66,1,5,False,1000,1000
4905,60,random,10,0.7732882165605095,0,23,None,66,1,5,False,1000,1000
4906,61,random,10,0.7742834394904459,0,23,None,66,1,5,False,1000,1000
4907,62,random,10,0.7746815286624203,0,23,None,66,1,5,False,1000,1000
4908,63,random,10,0.7758757961783439,0,23,None,66,1,5,False,1000,1000
4909,64,random,10,0.7754777070063694,0,23,None,66,1,5,False,1000,1000
4910,60,random,10,0.724422770700637,0,10,None,66,1,5,False,1000,1000
4911,61,random,10,0.7290007961783439,0,10,None,66,1,5,False,1000,1000
4912,62,random,10,0.7313893312101911,0,10,None,66,1,5,False,1000,1000
4913,63,random,10,0.7349721337579618,0,10,None,66,1,5,False,1000,1000
4914,64,random,10,0.7377587579617835,0,10,None,66,1,5,False,1000,1000
4915,60,random,10,0.7273089171974523,0,15,None,66,1,5,False,1000,1000
4916,61,random,10,0.7286027070063694,0,15,None,66,1,5,False,1000,1000
4917,62,random,10,0.7296974522292994,0,15,None,66,1,5,False,1000,1000
4918,63,random,10,0.7307921974522293,0,15,None,66,1,5,False,1000,1000
4919,64,random,10,0.7321855095541401,0,15,None,66,1,5,False,1000,1000
4920,60,random,10,0.7607484076433121,0,6,None,66,1,5,False,1000,1000
4921,61,random,10,0.7609474522292994,0,6,None,66,1,5,False,1000,1000
4922,62,random,10,0.759952229299363,0,6,None,66,1,5,False,1000,1000
4923,63,random,10,0.7578622611464968,0,6,None,66,1,5,False,1000,1000
4924,64,random,10,0.7585589171974523,0,6,None,66,1,5,False,1000,1000
4925,60,random,10,0.3736066878980891,0,3,None,66,1,5,False,1000,1000
4926,61,random,10,0.3674363057324841,0,3,None,66,1,5,False,1000,1000
4927,62,random,10,0.351015127388535,0,3,None,66,1,5,False,1000,1000
4928,63,random,10,0.3256369426751592,0,3,None,66,1,5,False,1000,1000
4929,64,random,10,0.2980692675159235,0,3,None,66,1,5,False,1000,1000
4930,60,random,10,0.7706011146496815,0,12,None,66,1,5,False,1000,1000
4931,61,random,10,0.7695063694267515,0,12,None,66,1,5,False,1000,1000
4932,62,random,10,0.7709992038216561,0,12,None,66,1,5,False,1000,1000
4933,63,random,10,0.7717953821656051,0,12,None,66,1,5,False,1000,1000
4934,64,random,10,0.7723925159235668,0,12,None,66,1,5,False,1000,1000
4935,60,random,10,0.7709992038216561,0,13,None,66,1,5,False,1000,1000
4936,61,random,10,0.7703025477707006,0,13,None,66,1,5,False,1000,1000
4937,62,random,10,0.7704020700636943,0,13,None,66,1,5,False,1000,1000
4938,63,random,10,0.7703025477707006,0,13,None,66,1,5,False,1000,1000
4939,64,random,10,0.7699044585987261,0,13,None,66,1,5,False,1000,1000
4940,60,random,10,0.7988654458598726,0,25,None,66,1,5,False,1000,1000
4941,61,random,10,0.7993630573248408,0,25,None,66,1,5,False,1000,1000
4942,62,random,10,0.7992635350318471,0,25,None,66,1,5,False,1000,1000
4943,63,random,10,0.7984673566878981,0,25,None,66,1,5,False,1000,1000
4944,64,random,10,0.7983678343949044,0,25,None,66,1,5,False,1000,1000
4945,60,random,10,0.7414410828025477,0,26,None,66,1,5,False,1000,1000
4946,61,random,10,0.7379578025477707,0,26,None,66,1,5,False,1000,1000
4947,62,random,10,0.737062101910828,0,26,None,66,1,5,False,1000,1000
4948,63,random,10,0.7364649681528662,0,26,None,66,1,5,False,1000,1000
4949,64,random,10,0.7367635350318471,0,26,None,66,1,5,False,1000,1000
4950,65,random,10,0.7726910828025477,0,1,None,66,1,5,False,1000,1000
4951,66,random,10,0.7732882165605095,0,1,None,66,1,5,False,1000,1000
4952,67,random,10,0.7731886942675159,0,1,None,66,1,5,False,1000,1000
4953,68,random,10,0.7729896496815286,0,1,None,66,1,5,False,1000,1000
4954,69,random,10,0.7731886942675159,0,1,None,66,1,5,False,1000,1000
4955,65,random,10,0.7096934713375797,0,21,None,66,1,5,False,1000,1000
4956,66,random,10,0.7063097133757962,0,21,None,66,1,5,False,1000,1000
4957,67,random,10,0.7063097133757962,0,21,None,66,1,5,False,1000,1000
4958,68,random,10,0.7054140127388535,0,21,None,66,1,5,False,1000,1000
4959,69,random,10,0.7052149681528662,0,21,None,66,1,5,False,1000,1000
4960,65,random,10,0.742734872611465,0,27,None,66,1,5,False,1000,1000
4961,66,random,10,0.742734872611465,0,27,None,66,1,5,False,1000,1000
4962,67,random,10,0.7424363057324841,0,27,None,66,1,5,False,1000,1000
4963,68,random,10,0.7423367834394905,0,27,None,66,1,5,False,1000,1000
4964,69,random,10,0.7428343949044586,0,27,None,66,1,5,False,1000,1000
4965,65,random,10,0.7670183121019108,0,22,None,66,1,5,False,1000,1000
4966,66,random,10,0.7663216560509554,0,22,None,66,1,5,False,1000,1000
4967,67,random,10,0.7659235668789809,0,22,None,66,1,5,False,1000,1000
4968,68,random,10,0.7658240445859873,0,22,None,66,1,5,False,1000,1000
4969,69,random,10,0.7665207006369427,0,22,None,66,1,5,False,1000,1000
4970,65,random,10,0.7768710191082803,0,23,None,66,1,5,False,1000,1000
4971,66,random,10,0.7770700636942676,0,23,None,66,1,5,False,1000,1000
4972,67,random,10,0.7775676751592356,0,23,None,66,1,5,False,1000,1000
4973,68,random,10,0.7778662420382165,0,23,None,66,1,5,False,1000,1000
4974,69,random,10,0.7787619426751592,0,23,None,66,1,5,False,1000,1000
4975,65,random,10,0.7631369426751592,0,16,None,66,1,5,False,1000,1000
4976,66,random,10,0.7673168789808917,0,16,None,66,1,5,False,1000,1000
4977,67,random,10,0.7698049363057324,0,16,None,66,1,5,False,1000,1000
4978,68,random,10,0.772890127388535,0,16,None,66,1,5,False,1000,1000
4979,69,random,10,0.774781050955414,0,16,None,66,1,5,False,1000,1000
4980,65,random,10,0.7601512738853503,0,32,None,66,1,5,False,1000,1000
4981,66,random,10,0.7609474522292994,0,32,None,66,1,5,False,1000,1000
4982,67,random,10,0.7616441082802548,0,32,None,66,1,5,False,1000,1000
4983,68,random,10,0.7612460191082803,0,32,None,66,1,5,False,1000,1000
4984,69,random,10,0.761046974522293,0,32,None,66,1,5,False,1000,1000
4985,65,random,10,0.7263136942675159,0,29,None,66,1,5,False,1000,1000
4986,66,random,10,0.7278065286624203,0,29,None,66,1,5,False,1000,1000
4987,67,random,10,0.7304936305732485,0,29,None,66,1,5,False,1000,1000
4988,68,random,10,0.7321855095541401,0,29,None,66,1,5,False,1000,1000
4989,69,random,10,0.7340764331210191,0,29,None,66,1,5,False,1000,1000
4990,65,random,10,0.714968152866242,0,24,None,66,1,5,False,1000,1000
4991,66,random,10,0.7169585987261147,0,24,None,66,1,5,False,1000,1000
4992,67,random,10,0.7182523885350318,0,24,None,66,1,5,False,1000,1000
4993,68,random,10,0.7194466560509554,0,24,None,66,1,5,False,1000,1000
4994,69,random,10,0.7211385350318471,0,24,None,66,1,5,False,1000,1000
4995,65,random,10,0.7469148089171974,0,19,None,66,1,5,False,1000,1000
4996,66,random,10,0.7485071656050956,0,19,None,66,1,5,False,1000,1000
4997,67,random,10,0.7508957006369427,0,19,None,66,1,5,False,1000,1000
4998,68,random,10,0.7538813694267515,0,19,None,66,1,5,False,1000,1000
4999,69,random,10,0.7554737261146497,0,19,None,66,1,5,False,1000,1000
5000,65,random,10,0.7509952229299363,0,8,None,66,1,5,False,1000,1000
5001,66,random,10,0.7504976114649682,0,8,None,66,1,5,False,1000,1000
5002,67,random,10,0.7501990445859873,0,8,None,66,1,5,False,1000,1000
5003,68,random,10,0.7496019108280255,0,8,None,66,1,5,False,1000,1000
5004,69,random,10,0.7505971337579618,0,8,None,66,1,5,False,1000,1000
5005,65,random,10,0.7708996815286624,0,31,None,66,1,5,False,1000,1000
5006,66,random,10,0.7713972929936306,0,31,None,66,1,5,False,1000,1000
5007,67,random,10,0.7718949044585988,0,31,None,66,1,5,False,1000,1000
5008,68,random,10,0.7724920382165605,0,31,None,66,1,5,False,1000,1000
5009,69,random,10,0.772890127388535,0,31,None,66,1,5,False,1000,1000
5010,65,random,10,0.7709992038216561,0,13,None,66,1,5,False,1000,1000
5011,66,random,10,0.7707006369426752,0,13,None,66,1,5,False,1000,1000
5012,67,random,10,0.770203025477707,0,13,None,66,1,5,False,1000,1000
5013,68,random,10,0.7701035031847133,0,13,None,66,1,5,False,1000,1000
5014,69,random,10,0.7698049363057324,0,13,None,66,1,5,False,1000,1000
5015,65,random,10,0.8039410828025477,0,14,None,66,1,5,False,1000,1000
5016,66,random,10,0.8038415605095541,0,14,None,66,1,5,False,1000,1000
5017,67,random,10,0.8045382165605095,0,14,None,66,1,5,False,1000,1000
5018,68,random,10,0.8043391719745223,0,14,None,66,1,5,False,1000,1000
5019,69,random,10,0.8049363057324841,0,14,None,66,1,5,False,1000,1000
5020,65,random,10,0.7626393312101911,0,6,None,66,1,5,False,1000,1000
5021,66,random,10,0.7619426751592356,0,6,None,66,1,5,False,1000,1000
5022,67,random,10,0.7611464968152867,0,6,None,66,1,5,False,1000,1000
5023,68,random,10,0.7607484076433121,0,6,None,66,1,5,False,1000,1000
5024,69,random,10,0.7608479299363057,0,6,None,66,1,5,False,1000,1000
5025,65,random,10,0.7614450636942676,0,30,None,66,1,5,False,1000,1000
5026,66,random,10,0.7547770700636943,0,30,None,66,1,5,False,1000,1000
5027,67,random,10,0.7536823248407644,0,30,None,66,1,5,False,1000,1000
5028,68,random,10,0.7525875796178344,0,30,None,66,1,5,False,1000,1000
5029,69,random,10,0.7522890127388535,0,30,None,66,1,5,False,1000,1000
5030,65,random,10,0.7553742038216561,0,26,None,66,1,5,False,1000,1000
5031,66,random,10,0.7540804140127388,0,26,None,66,1,5,False,1000,1000
5032,67,random,10,0.7538813694267515,0,26,None,66,1,5,False,1000,1000
5033,68,random,10,0.7530851910828026,0,26,None,66,1,5,False,1000,1000
5034,69,random,10,0.7535828025477707,0,26,None,66,1,5,False,1000,1000
5035,65,random,10,0.804140127388535,0,25,None,66,1,5,False,1000,1000
5036,66,random,10,0.8045382165605095,0,25,None,66,1,5,False,1000,1000
5037,67,random,10,0.8042396496815286,0,25,None,66,1,5,False,1000,1000
5038,68,random,10,0.8027468152866242,0,25,None,66,1,5,False,1000,1000
5039,69,random,10,0.8020501592356688,0,25,None,66,1,5,False,1000,1000
5040,65,random,10,0.7803542993630573,0,2,None,66,1,5,False,1000,1000
5041,66,random,10,0.7759753184713376,0,2,None,66,1,5,False,1000,1000
5042,67,random,10,0.7685111464968153,0,2,None,66,1,5,False,1000,1000
5043,68,random,10,0.7648288216560509,0,2,None,66,1,5,False,1000,1000
5044,69,random,10,0.759952229299363,0,2,None,66,1,5,False,1000,1000
5045,65,random,10,0.7714968152866242,0,4,None,66,1,5,False,1000,1000
5046,66,random,10,0.770203025477707,0,4,None,66,1,5,False,1000,1000
5047,67,random,10,0.770203025477707,0,4,None,66,1,5,False,1000,1000
5048,68,random,10,0.7708001592356688,0,4,None,66,1,5,False,1000,1000
5049,69,random,10,0.7715963375796179,0,4,None,66,1,5,False,1000,1000
5050,65,random,10,0.7685111464968153,0,5,None,66,1,5,False,1000,1000
5051,66,random,10,0.7693073248407644,0,5,None,66,1,5,False,1000,1000
5052,67,random,10,0.770203025477707,0,5,None,66,1,5,False,1000,1000
5053,68,random,10,0.7711982484076433,0,5,None,66,1,5,False,1000,1000
5054,69,random,10,0.7722929936305732,0,5,None,66,1,5,False,1000,1000
5055,65,random,10,0.7476114649681529,0,7,None,66,1,5,False,1000,1000
5056,66,random,10,0.7470143312101911,0,7,None,66,1,5,False,1000,1000
5057,67,random,10,0.7470143312101911,0,7,None,66,1,5,False,1000,1000
5058,68,random,10,0.7470143312101911,0,7,None,66,1,5,False,1000,1000
5059,69,random,10,0.7475119426751592,0,7,None,66,1,5,False,1000,1000
5060,65,random,10,0.7965764331210191,0,9,None,66,1,5,False,1000,1000
5061,66,random,10,0.7973726114649682,0,9,None,66,1,5,False,1000,1000
5062,67,random,10,0.798765923566879,0,9,None,66,1,5,False,1000,1000
5063,68,random,10,0.7992635350318471,0,9,None,66,1,5,False,1000,1000
5064,69,random,10,0.8000597133757962,0,9,None,66,1,5,False,1000,1000
5065,65,random,10,0.727906050955414,0,10,None,66,1,5,False,1000,1000
5066,66,random,10,0.7313893312101911,0,10,None,66,1,5,False,1000,1000
5067,67,random,10,0.7359673566878981,0,10,None,66,1,5,False,1000,1000
5068,68,random,10,0.7386544585987261,0,10,None,66,1,5,False,1000,1000
5069,69,random,10,0.7399482484076433,0,10,None,66,1,5,False,1000,1000
5070,65,random,10,0.6033041401273885,0,11,None,66,1,5,False,1000,1000
5071,66,random,10,0.5882762738853503,0,11,None,66,1,5,False,1000,1000
5072,67,random,10,0.5757364649681529,0,11,None,66,1,5,False,1000,1000
5073,68,random,10,0.5626990445859873,0,11,None,66,1,5,False,1000,1000
5074,69,random,10,0.5522492038216561,0,11,None,66,1,5,False,1000,1000
5075,65,random,10,0.7376592356687898,0,15,None,66,1,5,False,1000,1000
5076,66,random,10,0.7387539808917197,0,15,None,66,1,5,False,1000,1000
5077,67,random,10,0.7404458598726115,0,15,None,66,1,5,False,1000,1000
5078,68,random,10,0.7411425159235668,0,15,None,66,1,5,False,1000,1000
5079,69,random,10,0.7422372611464968,0,15,None,66,1,5,False,1000,1000
5080,65,random,10,0.771297770700637,0,12,None,66,1,5,False,1000,1000
5081,66,random,10,0.7707006369426752,0,12,None,66,1,5,False,1000,1000
5082,67,random,10,0.7709992038216561,0,12,None,66,1,5,False,1000,1000
5083,68,random,10,0.772890127388535,0,12,None,66,1,5,False,1000,1000
5084,69,random,10,0.7738853503184714,0,12,None,66,1,5,False,1000,1000
5085,65,random,10,0.6633160828025477,0,17,None,66,1,5,False,1000,1000
5086,66,random,10,0.7085987261146497,0,17,None,66,1,5,False,1000,1000
5087,67,random,10,0.703125,0,17,None,66,1,5,False,1000,1000
5088,68,random,10,0.6972531847133758,0,17,None,66,1,5,False,1000,1000
5089,69,random,10,0.6965565286624203,0,17,None,66,1,5,False,1000,1000
5090,65,random,10,0.73328025477707,0,18,None,66,1,5,False,1000,1000
5091,66,random,10,0.7320859872611465,0,18,None,66,1,5,False,1000,1000
5092,67,random,10,0.7320859872611465,0,18,None,66,1,5,False,1000,1000
5093,68,random,10,0.732484076433121,0,18,None,66,1,5,False,1000,1000
5094,69,random,10,0.7321855095541401,0,18,None,66,1,5,False,1000,1000
5095,65,random,10,0.770203025477707,0,20,None,66,1,5,False,1000,1000
5096,66,random,10,0.7668192675159236,0,20,None,66,1,5,False,1000,1000
5097,67,random,10,0.7627388535031847,0,20,None,66,1,5,False,1000,1000
5098,68,random,10,0.756468949044586,0,20,None,66,1,5,False,1000,1000
5099,69,random,10,0.7516918789808917,0,20,None,66,1,5,False,1000,1000
5100,65,random,10,0.7798566878980892,0,0,None,66,1,5,False,1000,1000
5101,66,random,10,0.7799562101910829,0,0,None,66,1,5,False,1000,1000
5102,67,random,10,0.78015525477707,0,0,None,66,1,5,False,1000,1000
5103,68,random,10,0.779359076433121,0,0,None,66,1,5,False,1000,1000
5104,69,random,10,0.7794585987261147,0,0,None,66,1,5,False,1000,1000
5105,65,random,10,0.3995820063694267,0,3,None,66,1,5,False,1000,1000
5106,66,random,10,0.3862460191082802,0,3,None,66,1,5,False,1000,1000
5107,67,random,10,0.3690286624203822,0,3,None,66,1,5,False,1000,1000
5108,68,random,10,0.3438495222929936,0,3,None,66,1,5,False,1000,1000
5109,69,random,10,0.3130971337579618,0,3,None,66,1,5,False,1000,1000
5110,65,random,10,0.6826234076433121,0,28,None,66,1,5,False,1000,1000
5111,66,random,10,0.6855095541401274,0,28,None,66,1,5,False,1000,1000
5112,67,random,10,0.6881966560509554,0,28,None,66,1,5,False,1000,1000
5113,68,random,10,0.6918789808917197,0,28,None,66,1,5,False,1000,1000
5114,69,random,10,0.6952627388535032,0,28,None,66,1,5,False,1000,1000
5115,70,random,10,0.7240246815286624,0,29,None,66,1,5,False,1000,1000
5116,71,random,10,0.7281050955414012,0,29,None,66,1,5,False,1000,1000
5117,72,random,10,0.7312898089171974,0,29,None,66,1,5,False,1000,1000
5118,73,random,10,0.7318869426751592,0,29,None,66,1,5,False,1000,1000
5119,74,random,10,0.7334792993630573,0,29,None,66,1,5,False,1000,1000
5120,70,random,10,0.8001592356687898,0,9,None,66,1,5,False,1000,1000
5121,71,random,10,0.801453025477707,0,9,None,66,1,5,False,1000,1000
5122,72,random,10,0.8016520700636943,0,9,None,66,1,5,False,1000,1000
5123,73,random,10,0.8027468152866242,0,9,None,66,1,5,False,1000,1000
5124,74,random,10,0.8032444267515924,0,9,None,66,1,5,False,1000,1000
5125,70,random,10,0.7704020700636943,0,13,None,66,1,5,False,1000,1000
5126,71,random,10,0.7699044585987261,0,13,None,66,1,5,False,1000,1000
5127,72,random,10,0.7699044585987261,0,13,None,66,1,5,False,1000,1000
5128,73,random,10,0.770203025477707,0,13,None,66,1,5,False,1000,1000
5129,74,random,10,0.7704020700636943,0,13,None,66,1,5,False,1000,1000
5130,70,random,10,0.7745820063694268,0,12,None,66,1,5,False,1000,1000
5131,71,random,10,0.7750796178343949,0,12,None,66,1,5,False,1000,1000
5132,72,random,10,0.7757762738853503,0,12,None,66,1,5,False,1000,1000
5133,73,random,10,0.7764729299363057,0,12,None,66,1,5,False,1000,1000
5134,74,random,10,0.7779657643312102,0,12,None,66,1,5,False,1000,1000
5135,70,random,10,0.8084195859872612,0,25,None,66,1,5,False,1000,1000
5136,71,random,10,0.8084195859872612,0,25,None,66,1,5,False,1000,1000
5137,72,random,10,0.8085191082802548,0,25,None,66,1,5,False,1000,1000
5138,73,random,10,0.8086186305732485,0,25,None,66,1,5,False,1000,1000
5139,74,random,10,0.8085191082802548,0,25,None,66,1,5,False,1000,1000
5140,70,random,10,0.758359872611465,0,26,None,66,1,5,False,1000,1000
5141,71,random,10,0.7588574840764332,0,26,None,66,1,5,False,1000,1000
5142,72,random,10,0.7595541401273885,0,26,None,66,1,5,False,1000,1000
5143,73,random,10,0.759952229299363,0,26,None,66,1,5,False,1000,1000
5144,74,random,10,0.7589570063694268,0,26,None,66,1,5,False,1000,1000
5145,70,random,10,0.7505971337579618,0,8,None,66,1,5,False,1000,1000
5146,71,random,10,0.7507961783439491,0,8,None,66,1,5,False,1000,1000
5147,72,random,10,0.7517914012738853,0,8,None,66,1,5,False,1000,1000
5148,73,random,10,0.7530851910828026,0,8,None,66,1,5,False,1000,1000
5149,74,random,10,0.7533837579617835,0,8,None,66,1,5,False,1000,1000
5150,70,random,10,0.7413415605095541,0,18,None,66,1,5,False,1000,1000
5151,71,random,10,0.7397492038216561,0,18,None,66,1,5,False,1000,1000
5152,72,random,10,0.7388535031847133,0,18,None,66,1,5,False,1000,1000
5153,73,random,10,0.7386544585987261,0,18,None,66,1,5,False,1000,1000
5154,74,random,10,0.7379578025477707,0,18,None,66,1,5,False,1000,1000
5155,70,random,10,0.772890127388535,0,20,None,66,1,5,False,1000,1000
5156,71,random,10,0.7678144904458599,0,20,None,66,1,5,False,1000,1000
5157,72,random,10,0.7601512738853503,0,20,None,66,1,5,False,1000,1000
5158,73,random,10,0.7522890127388535,0,20,None,66,1,5,False,1000,1000
5159,74,random,10,0.747312898089172,0,20,None,66,1,5,False,1000,1000
5160,70,random,10,0.7736863057324841,0,1,None,66,1,5,False,1000,1000
5161,71,random,10,0.7734872611464968,0,1,None,66,1,5,False,1000,1000
5162,72,random,10,0.7741839171974523,0,1,None,66,1,5,False,1000,1000
5163,73,random,10,0.7750796178343949,0,1,None,66,1,5,False,1000,1000
5164,74,random,10,0.7750796178343949,0,1,None,66,1,5,False,1000,1000
5165,70,random,10,0.7826433121019108,0,2,None,66,1,5,False,1000,1000
5166,71,random,10,0.778562898089172,0,2,None,66,1,5,False,1000,1000
5167,72,random,10,0.7725915605095541,0,2,None,66,1,5,False,1000,1000
5168,73,random,10,0.7682125796178344,0,2,None,66,1,5,False,1000,1000
5169,74,random,10,0.7641321656050956,0,2,None,66,1,5,False,1000,1000
5170,70,random,10,0.7751791401273885,0,5,None,66,1,5,False,1000,1000
5171,71,random,10,0.7767714968152867,0,5,None,66,1,5,False,1000,1000
5172,72,random,10,0.7783638535031847,0,5,None,66,1,5,False,1000,1000
5173,73,random,10,0.7786624203821656,0,5,None,66,1,5,False,1000,1000
5174,74,random,10,0.7797571656050956,0,5,None,66,1,5,False,1000,1000
5175,70,random,10,0.757265127388535,0,19,None,66,1,5,False,1000,1000
5176,71,random,10,0.7596536624203821,0,19,None,66,1,5,False,1000,1000
5177,72,random,10,0.7603503184713376,0,19,None,66,1,5,False,1000,1000
5178,73,random,10,0.7621417197452229,0,19,None,66,1,5,False,1000,1000
5179,74,random,10,0.7630374203821656,0,19,None,66,1,5,False,1000,1000
5180,70,random,10,0.7161624203821656,0,21,None,66,1,5,False,1000,1000
5181,71,random,10,0.7153662420382165,0,21,None,66,1,5,False,1000,1000
5182,72,random,10,0.7143710191082803,0,21,None,66,1,5,False,1000,1000
5183,73,random,10,0.7133757961783439,0,21,None,66,1,5,False,1000,1000
5184,74,random,10,0.7133757961783439,0,21,None,66,1,5,False,1000,1000
5185,70,random,10,0.7802547770700637,0,23,None,66,1,5,False,1000,1000
5186,71,random,10,0.7807523885350318,0,23,None,66,1,5,False,1000,1000
5187,72,random,10,0.7814490445859873,0,23,None,66,1,5,False,1000,1000
5188,73,random,10,0.7817476114649682,0,23,None,66,1,5,False,1000,1000
5189,74,random,10,0.7821457006369427,0,23,None,66,1,5,False,1000,1000
5190,70,random,10,0.7736863057324841,0,16,None,66,1,5,False,1000,1000
5191,71,random,10,0.7748805732484076,0,16,None,66,1,5,False,1000,1000
5192,72,random,10,0.7764729299363057,0,16,None,66,1,5,False,1000,1000
5193,73,random,10,0.7777667197452229,0,16,None,66,1,5,False,1000,1000
5194,74,random,10,0.779359076433121,0,16,None,66,1,5,False,1000,1000
5195,70,random,10,0.7630374203821656,0,6,None,66,1,5,False,1000,1000
5196,71,random,10,0.7628383757961783,0,6,None,66,1,5,False,1000,1000
5197,72,random,10,0.762937898089172,0,6,None,66,1,5,False,1000,1000
5198,73,random,10,0.7638335987261147,0,6,None,66,1,5,False,1000,1000
5199,74,random,10,0.7648288216560509,0,6,None,66,1,5,False,1000,1000
5200,70,random,10,0.7670183121019108,0,22,None,66,1,5,False,1000,1000
5201,71,random,10,0.7664211783439491,0,22,None,66,1,5,False,1000,1000
5202,72,random,10,0.7663216560509554,0,22,None,66,1,5,False,1000,1000
5203,73,random,10,0.7670183121019108,0,22,None,66,1,5,False,1000,1000
5204,74,random,10,0.7673168789808917,0,22,None,66,1,5,False,1000,1000
5205,70,random,10,0.8066281847133758,0,14,None,66,1,5,False,1000,1000
5206,71,random,10,0.8076234076433121,0,14,None,66,1,5,False,1000,1000
5207,72,random,10,0.8081210191082803,0,14,None,66,1,5,False,1000,1000
5208,73,random,10,0.8083200636942676,0,14,None,66,1,5,False,1000,1000
5209,74,random,10,0.8075238853503185,0,14,None,66,1,5,False,1000,1000
5210,70,random,10,0.7616441082802548,0,7,None,66,1,5,False,1000,1000
5211,71,random,10,0.7607484076433121,0,7,None,66,1,5,False,1000,1000
5212,72,random,10,0.7619426751592356,0,7,None,66,1,5,False,1000,1000
5213,73,random,10,0.7624402866242038,0,7,None,66,1,5,False,1000,1000
5214,74,random,10,0.7622412420382165,0,7,None,66,1,5,False,1000,1000
5215,70,random,10,0.7769705414012739,0,4,None,66,1,5,False,1000,1000
5216,71,random,10,0.776671974522293,0,4,None,66,1,5,False,1000,1000
5217,72,random,10,0.7764729299363057,0,4,None,66,1,5,False,1000,1000
5218,73,random,10,0.7771695859872612,0,4,None,66,1,5,False,1000,1000
5219,74,random,10,0.7773686305732485,0,4,None,66,1,5,False,1000,1000
5220,70,random,10,0.7647292993630573,0,32,None,66,1,5,False,1000,1000
5221,71,random,10,0.7650278662420382,0,32,None,66,1,5,False,1000,1000
5222,72,random,10,0.7657245222929936,0,32,None,66,1,5,False,1000,1000
5223,73,random,10,0.7658240445859873,0,32,None,66,1,5,False,1000,1000
5224,74,random,10,0.7653264331210191,0,32,None,66,1,5,False,1000,1000
5225,70,random,10,0.6475915605095541,0,11,None,66,1,5,False,1000,1000
5226,71,random,10,0.6380374203821656,0,11,None,66,1,5,False,1000,1000
5227,72,random,10,0.628781847133758,0,11,None,66,1,5,False,1000,1000
5228,73,random,10,0.6211186305732485,0,11,None,66,1,5,False,1000,1000
5229,74,random,10,0.6138535031847133,0,11,None,66,1,5,False,1000,1000
5230,70,random,10,0.7258160828025477,0,17,None,66,1,5,False,1000,1000
5231,71,random,10,0.7348726114649682,0,17,None,66,1,5,False,1000,1000
5232,72,random,10,0.73328025477707,0,17,None,66,1,5,False,1000,1000
5233,73,random,10,0.734375,0,17,None,66,1,5,False,1000,1000
5234,74,random,10,0.7351711783439491,0,17,None,66,1,5,False,1000,1000
5235,70,random,10,0.743531050955414,0,15,None,66,1,5,False,1000,1000
5236,71,random,10,0.7452229299363057,0,15,None,66,1,5,False,1000,1000
5237,72,random,10,0.7463176751592356,0,15,None,66,1,5,False,1000,1000
5238,73,random,10,0.7465167197452229,0,15,None,66,1,5,False,1000,1000
5239,74,random,10,0.7482085987261147,0,15,None,66,1,5,False,1000,1000
5240,70,random,10,0.7308917197452229,0,10,None,66,1,5,False,1000,1000
5241,71,random,10,0.73546974522293,0,10,None,66,1,5,False,1000,1000
5242,72,random,10,0.7387539808917197,0,10,None,66,1,5,False,1000,1000
5243,73,random,10,0.7404458598726115,0,10,None,66,1,5,False,1000,1000
5244,74,random,10,0.7442277070063694,0,10,None,66,1,5,False,1000,1000
5245,70,random,10,0.6850119426751592,0,28,None,66,1,5,False,1000,1000
5246,71,random,10,0.6882961783439491,0,28,None,66,1,5,False,1000,1000
5247,72,random,10,0.6917794585987261,0,28,None,66,1,5,False,1000,1000
5248,73,random,10,0.6959593949044586,0,28,None,66,1,5,False,1000,1000
5249,74,random,10,0.6989450636942676,0,28,None,66,1,5,False,1000,1000
5250,70,random,10,0.4040605095541401,0,3,None,66,1,5,False,1000,1000
5251,71,random,10,0.3894307324840764,0,3,None,66,1,5,False,1000,1000
5252,72,random,10,0.3724124203821656,0,3,None,66,1,5,False,1000,1000
5253,73,random,10,0.3470342356687898,0,3,None,66,1,5,False,1000,1000
5254,74,random,10,0.3179737261146497,0,3,None,66,1,5,False,1000,1000
5255,70,random,10,0.71984474522293,0,24,None,66,1,5,False,1000,1000
5256,71,random,10,0.7213375796178344,0,24,None,66,1,5,False,1000,1000
5257,72,random,10,0.7242237261146497,0,24,None,66,1,5,False,1000,1000
5258,73,random,10,0.7257165605095541,0,24,None,66,1,5,False,1000,1000
5259,74,random,10,0.7280055732484076,0,24,None,66,1,5,False,1000,1000
5260,70,random,10,0.7418391719745223,0,27,None,66,1,5,False,1000,1000
5261,71,random,10,0.7420382165605095,0,27,None,66,1,5,False,1000,1000
5262,72,random,10,0.7421377388535032,0,27,None,66,1,5,False,1000,1000
5263,73,random,10,0.741640127388535,0,27,None,66,1,5,False,1000,1000
5264,74,random,10,0.7411425159235668,0,27,None,66,1,5,False,1000,1000
5265,70,random,10,0.7841361464968153,0,0,None,66,1,5,False,1000,1000
5266,71,random,10,0.7836385350318471,0,0,None,66,1,5,False,1000,1000
5267,72,random,10,0.7833399681528662,0,0,None,66,1,5,False,1000,1000
5268,73,random,10,0.7836385350318471,0,0,None,66,1,5,False,1000,1000
5269,74,random,10,0.7835390127388535,0,0,None,66,1,5,False,1000,1000
5270,70,random,10,0.7681130573248408,0,30,None,66,1,5,False,1000,1000
5271,71,random,10,0.7651273885350318,0,30,None,66,1,5,False,1000,1000
5272,72,random,10,0.7634355095541401,0,30,None,66,1,5,False,1000,1000
5273,73,random,10,0.7634355095541401,0,30,None,66,1,5,False,1000,1000
5274,74,random,10,0.7628383757961783,0,30,None,66,1,5,False,1000,1000
5275,70,random,10,0.771297770700637,0,31,None,66,1,5,False,1000,1000
5276,71,random,10,0.772093949044586,0,31,None,66,1,5,False,1000,1000
5277,72,random,10,0.7722929936305732,0,31,None,66,1,5,False,1000,1000
5278,73,random,10,0.7729896496815286,0,31,None,66,1,5,False,1000,1000
5279,74,random,10,0.7731886942675159,0,31,None,66,1,5,False,1000,1000
5280,75,random,10,0.7727906050955414,0,32,None,66,1,5,False,1000,1000
5281,76,random,10,0.7729896496815286,0,32,None,66,1,5,False,1000,1000
5282,77,random,10,0.7721934713375797,0,32,None,66,1,5,False,1000,1000
5283,78,random,10,0.7717953821656051,0,32,None,66,1,5,False,1000,1000
5284,79,random,10,0.7722929936305732,0,32,None,66,1,5,False,1000,1000
5285,75,random,10,0.7325835987261147,0,10,None,66,1,5,False,1000,1000
5286,76,random,10,0.737062101910828,0,10,None,66,1,5,False,1000,1000
5287,77,random,10,0.7413415605095541,0,10,None,66,1,5,False,1000,1000
5288,78,random,10,0.7444267515923567,0,10,None,66,1,5,False,1000,1000
5289,79,random,10,0.7487062101910829,0,10,None,66,1,5,False,1000,1000
5290,75,random,10,0.680234872611465,0,11,None,66,1,5,False,1000,1000
5291,76,random,10,0.669187898089172,0,11,None,66,1,5,False,1000,1000
5292,77,random,10,0.6611265923566879,0,11,None,66,1,5,False,1000,1000
5293,78,random,10,0.6548566878980892,0,11,None,66,1,5,False,1000,1000
5294,79,random,10,0.6492834394904459,0,11,None,66,1,5,False,1000,1000
5295,75,random,10,0.7513933121019108,0,15,None,66,1,5,False,1000,1000
5296,76,random,10,0.752687101910828,0,15,None,66,1,5,False,1000,1000
5297,77,random,10,0.7548765923566879,0,15,None,66,1,5,False,1000,1000
5298,78,random,10,0.7565684713375797,0,15,None,66,1,5,False,1000,1000
5299,79,random,10,0.7581608280254777,0,15,None,66,1,5,False,1000,1000
5300,75,random,10,0.7278065286624203,0,17,None,66,1,5,False,1000,1000
5301,76,random,10,0.7356687898089171,0,17,None,66,1,5,False,1000,1000
5302,77,random,10,0.7341759554140127,0,17,None,66,1,5,False,1000,1000
5303,78,random,10,0.7351711783439491,0,17,None,66,1,5,False,1000,1000
5304,79,random,10,0.737062101910828,0,17,None,66,1,5,False,1000,1000
5305,75,random,10,0.7770700636942676,0,20,None,66,1,5,False,1000,1000
5306,76,random,10,0.7746815286624203,0,20,None,66,1,5,False,1000,1000
5307,77,random,10,0.7698049363057324,0,20,None,66,1,5,False,1000,1000
5308,78,random,10,0.7636345541401274,0,20,None,66,1,5,False,1000,1000
5309,79,random,10,0.7575636942675159,0,20,None,66,1,5,False,1000,1000
5310,75,random,10,0.7704020700636943,0,22,None,66,1,5,False,1000,1000
5311,76,random,10,0.7695063694267515,0,22,None,66,1,5,False,1000,1000
5312,77,random,10,0.7703025477707006,0,22,None,66,1,5,False,1000,1000
5313,78,random,10,0.7709992038216561,0,22,None,66,1,5,False,1000,1000
5314,79,random,10,0.7710987261146497,0,22,None,66,1,5,False,1000,1000
5315,75,random,10,0.7753781847133758,0,16,None,66,1,5,False,1000,1000
5316,76,random,10,0.7777667197452229,0,16,None,66,1,5,False,1000,1000
5317,77,random,10,0.7780652866242038,0,16,None,66,1,5,False,1000,1000
5318,78,random,10,0.7807523885350318,0,16,None,66,1,5,False,1000,1000
5319,79,random,10,0.7814490445859873,0,16,None,66,1,5,False,1000,1000
5320,75,random,10,0.8110071656050956,0,25,None,66,1,5,False,1000,1000
5321,76,random,10,0.8108081210191083,0,25,None,66,1,5,False,1000,1000
5322,77,random,10,0.8108081210191083,0,25,None,66,1,5,False,1000,1000
5323,78,random,10,0.8102109872611465,0,25,None,66,1,5,False,1000,1000
5324,79,random,10,0.8097133757961783,0,25,None,66,1,5,False,1000,1000
5325,75,random,10,0.75,0,18,None,66,1,5,False,1000,1000
5326,76,random,10,0.7488057324840764,0,18,None,66,1,5,False,1000,1000
5327,77,random,10,0.747312898089172,0,18,None,66,1,5,False,1000,1000
5328,78,random,10,0.7476114649681529,0,18,None,66,1,5,False,1000,1000
5329,79,random,10,0.7468152866242038,0,18,None,66,1,5,False,1000,1000
5330,75,random,10,0.7620421974522293,0,19,None,66,1,5,False,1000,1000
5331,76,random,10,0.7642316878980892,0,19,None,66,1,5,False,1000,1000
5332,77,random,10,0.7641321656050956,0,19,None,66,1,5,False,1000,1000
5333,78,random,10,0.7661226114649682,0,19,None,66,1,5,False,1000,1000
5334,79,random,10,0.7669187898089171,0,19,None,66,1,5,False,1000,1000
5335,75,random,10,0.7688097133757962,0,7,None,66,1,5,False,1000,1000
5336,76,random,10,0.7682125796178344,0,7,None,66,1,5,False,1000,1000
5337,77,random,10,0.7693073248407644,0,7,None,66,1,5,False,1000,1000
5338,78,random,10,0.7695063694267515,0,7,None,66,1,5,False,1000,1000
5339,79,random,10,0.7701035031847133,0,7,None,66,1,5,False,1000,1000
5340,75,random,10,0.7674164012738853,0,6,None,66,1,5,False,1000,1000
5341,76,random,10,0.7673168789808917,0,6,None,66,1,5,False,1000,1000
5342,77,random,10,0.767515923566879,0,6,None,66,1,5,False,1000,1000
5343,78,random,10,0.7685111464968153,0,6,None,66,1,5,False,1000,1000
5344,79,random,10,0.7689092356687898,0,6,None,66,1,5,False,1000,1000
5345,75,random,10,0.8084195859872612,0,14,None,66,1,5,False,1000,1000
5346,76,random,10,0.8102109872611465,0,14,None,66,1,5,False,1000,1000
5347,77,random,10,0.8101114649681529,0,14,None,66,1,5,False,1000,1000
5348,78,random,10,0.8105095541401274,0,14,None,66,1,5,False,1000,1000
5349,79,random,10,0.8110071656050956,0,14,None,66,1,5,False,1000,1000
5350,75,random,10,0.7746815286624203,0,12,None,66,1,5,False,1000,1000
5351,76,random,10,0.7757762738853503,0,12,None,66,1,5,False,1000,1000
5352,77,random,10,0.7761743630573248,0,12,None,66,1,5,False,1000,1000
5353,78,random,10,0.776671974522293,0,12,None,66,1,5,False,1000,1000
5354,79,random,10,0.7775676751592356,0,12,None,66,1,5,False,1000,1000
5355,75,random,10,0.7557722929936306,0,26,None,66,1,5,False,1000,1000
5356,76,random,10,0.7566679936305732,0,26,None,66,1,5,False,1000,1000
5357,77,random,10,0.7570660828025477,0,26,None,66,1,5,False,1000,1000
5358,78,random,10,0.7578622611464968,0,26,None,66,1,5,False,1000,1000
5359,79,random,10,0.7576632165605095,0,26,None,66,1,5,False,1000,1000
5360,75,random,10,0.7267117834394905,0,24,None,66,1,5,False,1000,1000
5361,76,random,10,0.7290007961783439,0,24,None,66,1,5,False,1000,1000
5362,77,random,10,0.7303941082802548,0,24,None,66,1,5,False,1000,1000
5363,78,random,10,0.7327826433121019,0,24,None,66,1,5,False,1000,1000
5364,79,random,10,0.7353702229299363,0,24,None,66,1,5,False,1000,1000
5365,75,random,10,0.7733877388535032,0,30,None,66,1,5,False,1000,1000
5366,76,random,10,0.7686106687898089,0,30,None,66,1,5,False,1000,1000
5367,77,random,10,0.7676154458598726,0,30,None,66,1,5,False,1000,1000
5368,78,random,10,0.7674164012738853,0,30,None,66,1,5,False,1000,1000
5369,79,random,10,0.7670183121019108,0,30,None,66,1,5,False,1000,1000
5370,75,random,10,0.7727906050955414,0,31,None,66,1,5,False,1000,1000
5371,76,random,10,0.7738853503184714,0,31,None,66,1,5,False,1000,1000
5372,77,random,10,0.774781050955414,0,31,None,66,1,5,False,1000,1000
5373,78,random,10,0.7752786624203821,0,31,None,66,1,5,False,1000,1000
5374,79,random,10,0.7767714968152867,0,31,None,66,1,5,False,1000,1000
5375,75,random,10,0.7750796178343949,0,1,None,66,1,5,False,1000,1000
5376,76,random,10,0.7751791401273885,0,1,None,66,1,5,False,1000,1000
5377,77,random,10,0.7754777070063694,0,1,None,66,1,5,False,1000,1000
5378,78,random,10,0.7759753184713376,0,1,None,66,1,5,False,1000,1000
5379,79,random,10,0.7768710191082803,0,1,None,66,1,5,False,1000,1000
5380,75,random,10,0.7854299363057324,0,2,None,66,1,5,False,1000,1000
5381,76,random,10,0.78234474522293,0,2,None,66,1,5,False,1000,1000
5382,77,random,10,0.7762738853503185,0,2,None,66,1,5,False,1000,1000
5383,78,random,10,0.7708001592356688,0,2,None,66,1,5,False,1000,1000
5384,79,random,10,0.7680135350318471,0,2,None,66,1,5,False,1000,1000
5385,75,random,10,0.7864251592356688,0,0,None,66,1,5,False,1000,1000
5386,76,random,10,0.7865246815286624,0,0,None,66,1,5,False,1000,1000
5387,77,random,10,0.7866242038216561,0,0,None,66,1,5,False,1000,1000
5388,78,random,10,0.785828025477707,0,0,None,66,1,5,False,1000,1000
5389,79,random,10,0.785828025477707,0,0,None,66,1,5,False,1000,1000
5390,75,random,10,0.7790605095541401,0,4,None,66,1,5,False,1000,1000
5391,76,random,10,0.7789609872611465,0,4,None,66,1,5,False,1000,1000
5392,77,random,10,0.7799562101910829,0,4,None,66,1,5,False,1000,1000
5393,78,random,10,0.7805533439490446,0,4,None,66,1,5,False,1000,1000
5394,79,random,10,0.7800557324840764,0,4,None,66,1,5,False,1000,1000
5395,75,random,10,0.4175955414012738,0,3,None,66,1,5,False,1000,1000
5396,76,random,10,0.395203025477707,0,3,None,66,1,5,False,1000,1000
5397,77,random,10,0.3700238853503185,0,3,None,66,1,5,False,1000,1000
5398,78,random,10,0.3469347133757962,0,3,None,66,1,5,False,1000,1000
5399,79,random,10,0.3257364649681528,0,3,None,66,1,5,False,1000,1000
5400,75,random,10,0.778562898089172,0,5,None,66,1,5,False,1000,1000
5401,76,random,10,0.7797571656050956,0,5,None,66,1,5,False,1000,1000
5402,77,random,10,0.7802547770700637,0,5,None,66,1,5,False,1000,1000
5403,78,random,10,0.7814490445859873,0,5,None,66,1,5,False,1000,1000
5404,79,random,10,0.78234474522293,0,5,None,66,1,5,False,1000,1000
5405,75,random,10,0.7519904458598726,0,8,None,66,1,5,False,1000,1000
5406,76,random,10,0.7529856687898089,0,8,None,66,1,5,False,1000,1000
5407,77,random,10,0.7531847133757962,0,8,None,66,1,5,False,1000,1000
5408,78,random,10,0.7539808917197452,0,8,None,66,1,5,False,1000,1000
5409,79,random,10,0.7547770700636943,0,8,None,66,1,5,False,1000,1000
5410,75,random,10,0.8028463375796179,0,9,None,66,1,5,False,1000,1000
5411,76,random,10,0.8032444267515924,0,9,None,66,1,5,False,1000,1000
5412,77,random,10,0.8038415605095541,0,9,None,66,1,5,False,1000,1000
5413,78,random,10,0.8045382165605095,0,9,None,66,1,5,False,1000,1000
5414,79,random,10,0.8061305732484076,0,9,None,66,1,5,False,1000,1000
5415,75,random,10,0.7716958598726115,0,13,None,66,1,5,False,1000,1000
5416,76,random,10,0.7716958598726115,0,13,None,66,1,5,False,1000,1000
5417,77,random,10,0.772093949044586,0,13,None,66,1,5,False,1000,1000
5418,78,random,10,0.7715963375796179,0,13,None,66,1,5,False,1000,1000
5419,79,random,10,0.7708996815286624,0,13,None,66,1,5,False,1000,1000
5420,75,random,10,0.7208399681528662,0,21,None,66,1,5,False,1000,1000
5421,76,random,10,0.7193471337579618,0,21,None,66,1,5,False,1000,1000
5422,77,random,10,0.7194466560509554,0,21,None,66,1,5,False,1000,1000
5423,78,random,10,0.7183519108280255,0,21,None,66,1,5,False,1000,1000
5424,79,random,10,0.7182523885350318,0,21,None,66,1,5,False,1000,1000
5425,75,random,10,0.7834394904458599,0,23,None,66,1,5,False,1000,1000
5426,76,random,10,0.7834394904458599,0,23,None,66,1,5,False,1000,1000
5427,77,random,10,0.7836385350318471,0,23,None,66,1,5,False,1000,1000
5428,78,random,10,0.7842356687898089,0,23,None,66,1,5,False,1000,1000
5429,79,random,10,0.7854299363057324,0,23,None,66,1,5,False,1000,1000
5430,75,random,10,0.6833200636942676,0,28,None,66,1,5,False,1000,1000
5431,76,random,10,0.6866042993630573,0,28,None,66,1,5,False,1000,1000
5432,77,random,10,0.692078025477707,0,28,None,66,1,5,False,1000,1000
5433,78,random,10,0.6956608280254777,0,28,None,66,1,5,False,1000,1000
5434,79,random,10,0.7007364649681529,0,28,None,66,1,5,False,1000,1000
5435,75,random,10,0.7429339171974523,0,27,None,66,1,5,False,1000,1000
5436,76,random,10,0.7426353503184714,0,27,None,66,1,5,False,1000,1000
5437,77,random,10,0.7425358280254777,0,27,None,66,1,5,False,1000,1000
5438,78,random,10,0.741640127388535,0,27,None,66,1,5,False,1000,1000
5439,79,random,10,0.7415406050955414,0,27,None,66,1,5,False,1000,1000
5440,75,random,10,0.7211385350318471,0,29,None,66,1,5,False,1000,1000
5441,76,random,10,0.7242237261146497,0,29,None,66,1,5,False,1000,1000
5442,77,random,10,0.7286027070063694,0,29,None,66,1,5,False,1000,1000
5443,78,random,10,0.7309912420382165,0,29,None,66,1,5,False,1000,1000
5444,79,random,10,0.732484076433121,0,29,None,66,1,5,False,1000,1000
8085,80,random,10,0.7778662420382165,0,1,None,66,1,5,False,1000,1000
8086,81,random,10,0.7782643312101911,0,1,None,66,1,5,False,1000,1000
8087,82,random,10,0.778562898089172,0,1,None,66,1,5,False,1000,1000
8088,83,random,10,0.778562898089172,0,1,None,66,1,5,False,1000,1000
8089,84,random,10,0.7787619426751592,0,1,None,66,1,5,False,1000,1000
8090,80,random,10,0.7872213375796179,0,2,None,66,1,5,False,1000,1000
8091,81,random,10,0.7859275477707006,0,2,None,66,1,5,False,1000,1000
8092,82,random,10,0.7804538216560509,0,2,None,66,1,5,False,1000,1000
8093,83,random,10,0.7758757961783439,0,2,None,66,1,5,False,1000,1000
8094,84,random,10,0.769406847133758,0,2,None,66,1,5,False,1000,1000
8095,80,random,10,0.7828423566878981,0,5,None,66,1,5,False,1000,1000
8096,81,random,10,0.7836385350318471,0,5,None,66,1,5,False,1000,1000
8097,82,random,10,0.7841361464968153,0,5,None,66,1,5,False,1000,1000
8098,83,random,10,0.7843351910828026,0,5,None,66,1,5,False,1000,1000
8099,84,random,10,0.7853304140127388,0,5,None,66,1,5,False,1000,1000
8100,80,random,10,0.7725915605095541,0,13,None,66,1,5,False,1000,1000
8101,81,random,10,0.7721934713375797,0,13,None,66,1,5,False,1000,1000
8102,82,random,10,0.7719944267515924,0,13,None,66,1,5,False,1000,1000
8103,83,random,10,0.772093949044586,0,13,None,66,1,5,False,1000,1000
8104,84,random,10,0.7714968152866242,0,13,None,66,1,5,False,1000,1000
8105,80,random,10,0.7576632165605095,0,15,None,66,1,5,False,1000,1000
8106,81,random,10,0.7598527070063694,0,15,None,66,1,5,False,1000,1000
8107,82,random,10,0.7608479299363057,0,15,None,66,1,5,False,1000,1000
8108,83,random,10,0.7623407643312102,0,15,None,66,1,5,False,1000,1000
8109,84,random,10,0.7639331210191083,0,15,None,66,1,5,False,1000,1000
8110,80,random,10,0.7349721337579618,0,10,None,66,1,5,False,1000,1000
8111,81,random,10,0.7394506369426752,0,10,None,66,1,5,False,1000,1000
8112,82,random,10,0.7438296178343949,0,10,None,66,1,5,False,1000,1000
8113,83,random,10,0.7477109872611465,0,10,None,66,1,5,False,1000,1000
8114,84,random,10,0.7522890127388535,0,10,None,66,1,5,False,1000,1000
8115,80,random,10,0.703125,0,11,None,66,1,5,False,1000,1000
8116,81,random,10,0.6924761146496815,0,11,None,66,1,5,False,1000,1000
8117,82,random,10,0.684812898089172,0,11,None,66,1,5,False,1000,1000
8118,83,random,10,0.6796377388535032,0,11,None,66,1,5,False,1000,1000
8119,84,random,10,0.6725716560509554,0,11,None,66,1,5,False,1000,1000
8120,80,random,10,0.7789609872611465,0,20,None,66,1,5,False,1000,1000
8121,81,random,10,0.7760748407643312,0,20,None,66,1,5,False,1000,1000
8122,82,random,10,0.7723925159235668,0,20,None,66,1,5,False,1000,1000
8123,83,random,10,0.7669187898089171,0,20,None,66,1,5,False,1000,1000
8124,84,random,10,0.7600517515923567,0,20,None,66,1,5,False,1000,1000
8125,80,random,10,0.7661226114649682,0,19,None,66,1,5,False,1000,1000
8126,81,random,10,0.7676154458598726,0,19,None,66,1,5,False,1000,1000
8127,82,random,10,0.7687101910828026,0,19,None,66,1,5,False,1000,1000
8128,83,random,10,0.7699044585987261,0,19,None,66,1,5,False,1000,1000
8129,84,random,10,0.7704020700636943,0,19,None,66,1,5,False,1000,1000
8130,80,random,10,0.7729896496815286,0,22,None,66,1,5,False,1000,1000
8131,81,random,10,0.7721934713375797,0,22,None,66,1,5,False,1000,1000
8132,82,random,10,0.7724920382165605,0,22,None,66,1,5,False,1000,1000
8133,83,random,10,0.7730891719745223,0,22,None,66,1,5,False,1000,1000
8134,84,random,10,0.7730891719745223,0,22,None,66,1,5,False,1000,1000
8135,80,random,10,0.7873208598726115,0,23,None,66,1,5,False,1000,1000
8136,81,random,10,0.7878184713375797,0,23,None,66,1,5,False,1000,1000
8137,82,random,10,0.787718949044586,0,23,None,66,1,5,False,1000,1000
8138,83,random,10,0.7881170382165605,0,23,None,66,1,5,False,1000,1000
8139,84,random,10,0.7883160828025477,0,23,None,66,1,5,False,1000,1000
8140,80,random,10,0.7607484076433121,0,26,None,66,1,5,False,1000,1000
8141,81,random,10,0.7616441082802548,0,26,None,66,1,5,False,1000,1000
8142,82,random,10,0.7611464968152867,0,26,None,66,1,5,False,1000,1000
8143,83,random,10,0.7611464968152867,0,26,None,66,1,5,False,1000,1000
8144,84,random,10,0.761046974522293,0,26,None,66,1,5,False,1000,1000
8145,80,random,10,0.7444267515923567,0,17,None,66,1,5,False,1000,1000
8146,81,random,10,0.7479100318471338,0,17,None,66,1,5,False,1000,1000
8147,82,random,10,0.7482085987261147,0,17,None,66,1,5,False,1000,1000
8148,83,random,10,0.7500995222929936,0,17,None,66,1,5,False,1000,1000
8149,84,random,10,0.7522890127388535,0,17,None,66,1,5,False,1000,1000
8150,80,random,10,0.722531847133758,0,21,None,66,1,5,False,1000,1000
8151,81,random,10,0.7219347133757962,0,21,None,66,1,5,False,1000,1000
8152,82,random,10,0.7218351910828026,0,21,None,66,1,5,False,1000,1000
8153,83,random,10,0.7217356687898089,0,21,None,66,1,5,False,1000,1000
8154,84,random,10,0.7219347133757962,0,21,None,66,1,5,False,1000,1000
8155,80,random,10,0.6849124203821656,0,28,None,66,1,5,False,1000,1000
8156,81,random,10,0.689390923566879,0,28,None,66,1,5,False,1000,1000
8157,82,random,10,0.6944665605095541,0,28,None,66,1,5,False,1000,1000
8158,83,random,10,0.6986464968152867,0,28,None,66,1,5,False,1000,1000
8159,84,random,10,0.7033240445859873,0,28,None,66,1,5,False,1000,1000
8160,80,random,10,0.7291003184713376,0,24,None,66,1,5,False,1000,1000
8161,81,random,10,0.7309912420382165,0,24,None,66,1,5,False,1000,1000
8162,82,random,10,0.7328821656050956,0,24,None,66,1,5,False,1000,1000
8163,83,random,10,0.7350716560509554,0,24,None,66,1,5,False,1000,1000
8164,84,random,10,0.7369625796178344,0,24,None,66,1,5,False,1000,1000
8165,80,random,10,0.7773686305732485,0,30,None,66,1,5,False,1000,1000
8166,81,random,10,0.772093949044586,0,30,None,66,1,5,False,1000,1000
8167,82,random,10,0.7708001592356688,0,30,None,66,1,5,False,1000,1000
8168,83,random,10,0.7708996815286624,0,30,None,66,1,5,False,1000,1000
8169,84,random,10,0.7707006369426752,0,30,None,66,1,5,False,1000,1000
8170,80,random,10,0.7711982484076433,0,6,None,66,1,5,False,1000,1000
8171,81,random,10,0.7708001592356688,0,6,None,66,1,5,False,1000,1000
8172,82,random,10,0.7711982484076433,0,6,None,66,1,5,False,1000,1000
8173,83,random,10,0.7718949044585988,0,6,None,66,1,5,False,1000,1000
8174,84,random,10,0.772093949044586,0,6,None,66,1,5,False,1000,1000
8175,80,random,10,0.751890923566879,0,18,None,66,1,5,False,1000,1000
8176,81,random,10,0.7502985668789809,0,18,None,66,1,5,False,1000,1000
8177,82,random,10,0.7498009554140127,0,18,None,66,1,5,False,1000,1000
8178,83,random,10,0.75,0,18,None,66,1,5,False,1000,1000
8179,84,random,10,0.7499004777070064,0,18,None,66,1,5,False,1000,1000
8180,80,random,10,0.7434315286624203,0,27,None,66,1,5,False,1000,1000
8181,81,random,10,0.7437300955414012,0,27,None,66,1,5,False,1000,1000
8182,82,random,10,0.7439291401273885,0,27,None,66,1,5,False,1000,1000
8183,83,random,10,0.7429339171974523,0,27,None,66,1,5,False,1000,1000
8184,84,random,10,0.7431329617834395,0,27,None,66,1,5,False,1000,1000
8185,80,random,10,0.7759753184713376,0,31,None,66,1,5,False,1000,1000
8186,81,random,10,0.7772691082802548,0,31,None,66,1,5,False,1000,1000
8187,82,random,10,0.7773686305732485,0,31,None,66,1,5,False,1000,1000
8188,83,random,10,0.7773686305732485,0,31,None,66,1,5,False,1000,1000
8189,84,random,10,0.7790605095541401,0,31,None,66,1,5,False,1000,1000
8190,80,random,10,0.7740843949044586,0,32,None,66,1,5,False,1000,1000
8191,81,random,10,0.7737858280254777,0,32,None,66,1,5,False,1000,1000
8192,82,random,10,0.7733877388535032,0,32,None,66,1,5,False,1000,1000
8193,83,random,10,0.7735867834394905,0,32,None,66,1,5,False,1000,1000
8194,84,random,10,0.7736863057324841,0,32,None,66,1,5,False,1000,1000
8195,80,random,10,0.7822452229299363,0,4,None,66,1,5,False,1000,1000
8196,81,random,10,0.7818471337579618,0,4,None,66,1,5,False,1000,1000
8197,82,random,10,0.7825437898089171,0,4,None,66,1,5,False,1000,1000
8198,83,random,10,0.7827428343949044,0,4,None,66,1,5,False,1000,1000
8199,84,random,10,0.7820461783439491,0,4,None,66,1,5,False,1000,1000
8200,80,random,10,0.7691082802547771,0,7,None,66,1,5,False,1000,1000
8201,81,random,10,0.770203025477707,0,7,None,66,1,5,False,1000,1000
8202,82,random,10,0.7708996815286624,0,7,None,66,1,5,False,1000,1000
8203,83,random,10,0.7710987261146497,0,7,None,66,1,5,False,1000,1000
8204,84,random,10,0.7715963375796179,0,7,None,66,1,5,False,1000,1000
8205,80,random,10,0.7532842356687898,0,8,None,66,1,5,False,1000,1000
8206,81,random,10,0.7547770700636943,0,8,None,66,1,5,False,1000,1000
8207,82,random,10,0.7552746815286624,0,8,None,66,1,5,False,1000,1000
8208,83,random,10,0.7554737261146497,0,8,None,66,1,5,False,1000,1000
8209,84,random,10,0.756468949044586,0,8,None,66,1,5,False,1000,1000
8210,80,random,10,0.7800557324840764,0,16,None,66,1,5,False,1000,1000
8211,81,random,10,0.7822452229299363,0,16,None,66,1,5,False,1000,1000
8212,82,random,10,0.7832404458598726,0,16,None,66,1,5,False,1000,1000
8213,83,random,10,0.7844347133757962,0,16,None,66,1,5,False,1000,1000
8214,84,random,10,0.7862261146496815,0,16,None,66,1,5,False,1000,1000
8215,80,random,10,0.4197850318471338,0,3,None,66,1,5,False,1000,1000
8216,81,random,10,0.3968949044585987,0,3,None,66,1,5,False,1000,1000
8217,82,random,10,0.3733081210191082,0,3,None,66,1,5,False,1000,1000
8218,83,random,10,0.3501194267515923,0,3,None,66,1,5,False,1000,1000
8219,84,random,10,0.3310111464968153,0,3,None,66,1,5,False,1000,1000
8220,80,random,10,0.7892117834394905,0,0,None,66,1,5,False,1000,1000
8221,81,random,10,0.7882165605095541,0,0,None,66,1,5,False,1000,1000
8222,82,random,10,0.7886146496815286,0,0,None,66,1,5,False,1000,1000
8223,83,random,10,0.7892117834394905,0,0,None,66,1,5,False,1000,1000
8224,84,random,10,0.7889132165605095,0,0,None,66,1,5,False,1000,1000
8225,80,random,10,0.7231289808917197,0,29,None,66,1,5,False,1000,1000
8226,81,random,10,0.7264132165605095,0,29,None,66,1,5,False,1000,1000
8227,82,random,10,0.7298964968152867,0,29,None,66,1,5,False,1000,1000
8228,83,random,10,0.7314888535031847,0,29,None,66,1,5,False,1000,1000
8229,84,random,10,0.7341759554140127,0,29,None,66,1,5,False,1000,1000
8230,80,random,10,0.8136942675159236,0,14,None,66,1,5,False,1000,1000
8231,81,random,10,0.8148885350318471,0,14,None,66,1,5,False,1000,1000
8232,82,random,10,0.8142914012738853,0,14,None,66,1,5,False,1000,1000
8233,83,random,10,0.8142914012738853,0,14,None,66,1,5,False,1000,1000
8234,84,random,10,0.8136942675159236,0,14,None,66,1,5,False,1000,1000
8235,80,random,10,0.7770700636942676,0,12,None,66,1,5,False,1000,1000
8236,81,random,10,0.7777667197452229,0,12,None,66,1,5,False,1000,1000
8237,82,random,10,0.7786624203821656,0,12,None,66,1,5,False,1000,1000
8238,83,random,10,0.7787619426751592,0,12,None,66,1,5,False,1000,1000
8239,84,random,10,0.7799562101910829,0,12,None,66,1,5,False,1000,1000
8240,80,random,10,0.8057324840764332,0,9,None,66,1,5,False,1000,1000
8241,81,random,10,0.8070262738853503,0,9,None,66,1,5,False,1000,1000
8242,82,random,10,0.808718152866242,0,9,None,66,1,5,False,1000,1000
8243,83,random,10,0.8090167197452229,0,9,None,66,1,5,False,1000,1000
8244,84,random,10,0.8100119426751592,0,9,None,66,1,5,False,1000,1000
8245,80,random,10,0.8140923566878981,0,25,None,66,1,5,False,1000,1000
8246,81,random,10,0.8141918789808917,0,25,None,66,1,5,False,1000,1000
8247,82,random,10,0.8140923566878981,0,25,None,66,1,5,False,1000,1000
8248,83,random,10,0.8145899681528662,0,25,None,66,1,5,False,1000,1000
8249,84,random,10,0.8138933121019108,0,25,None,66,1,5,False,1000,1000
8250,85,random,10,0.7752786624203821,0,19,None,66,1,5,False,1000,1000
8251,86,random,10,0.7751791401273885,0,19,None,66,1,5,False,1000,1000
8252,87,random,10,0.7767714968152867,0,19,None,66,1,5,False,1000,1000
8253,88,random,10,0.7771695859872612,0,19,None,66,1,5,False,1000,1000
8254,89,random,10,0.7783638535031847,0,19,None,66,1,5,False,1000,1000
8255,85,random,10,0.7773686305732485,0,31,None,66,1,5,False,1000,1000
8256,86,random,10,0.7776671974522293,0,31,None,66,1,5,False,1000,1000
8257,87,random,10,0.7782643312101911,0,31,None,66,1,5,False,1000,1000
8258,88,random,10,0.7790605095541401,0,31,None,66,1,5,False,1000,1000
8259,89,random,10,0.7797571656050956,0,31,None,66,1,5,False,1000,1000
8260,85,random,10,0.7387539808917197,0,24,None,66,1,5,False,1000,1000
8261,86,random,10,0.740843949044586,0,24,None,66,1,5,False,1000,1000
8262,87,random,10,0.7426353503184714,0,24,None,66,1,5,False,1000,1000
8263,88,random,10,0.745421974522293,0,24,None,66,1,5,False,1000,1000
8264,89,random,10,0.7474124203821656,0,24,None,66,1,5,False,1000,1000
8265,85,random,10,0.7301950636942676,0,10,None,66,1,5,False,1000,1000
8266,86,random,10,0.7366640127388535,0,10,None,66,1,5,False,1000,1000
8267,87,random,10,0.7418391719745223,0,10,None,66,1,5,False,1000,1000
8268,88,random,10,0.7457205414012739,0,10,None,66,1,5,False,1000,1000
8269,89,random,10,0.7498009554140127,0,10,None,66,1,5,False,1000,1000
8270,85,random,10,0.5717555732484076,0,11,None,66,1,5,False,1000,1000
8271,86,random,10,0.5448845541401274,0,11,None,66,1,5,False,1000,1000
8272,87,random,10,0.5222929936305732,0,11,None,66,1,5,False,1000,1000
8273,88,random,10,0.5021894904458599,0,11,None,66,1,5,False,1000,1000
8274,89,random,10,0.4852707006369426,0,11,None,66,1,5,False,1000,1000
8275,85,random,10,0.7622412420382165,0,15,None,66,1,5,False,1000,1000
8276,86,random,10,0.7641321656050956,0,15,None,66,1,5,False,1000,1000
8277,87,random,10,0.7651273885350318,0,15,None,66,1,5,False,1000,1000
8278,88,random,10,0.76671974522293,0,15,None,66,1,5,False,1000,1000
8279,89,random,10,0.7682125796178344,0,15,None,66,1,5,False,1000,1000
8280,85,random,10,0.771297770700637,0,17,None,66,1,5,False,1000,1000
8281,86,random,10,0.7696058917197452,0,17,None,66,1,5,False,1000,1000
8282,87,random,10,0.7700039808917197,0,17,None,66,1,5,False,1000,1000
8283,88,random,10,0.7696058917197452,0,17,None,66,1,5,False,1000,1000
8284,89,random,10,0.7699044585987261,0,17,None,66,1,5,False,1000,1000
8285,85,random,10,0.7659235668789809,0,18,None,66,1,5,False,1000,1000
8286,86,random,10,0.7660230891719745,0,18,None,66,1,5,False,1000,1000
8287,87,random,10,0.7649283439490446,0,18,None,66,1,5,False,1000,1000
8288,88,random,10,0.7643312101910829,0,18,None,66,1,5,False,1000,1000
8289,89,random,10,0.7640326433121019,0,18,None,66,1,5,False,1000,1000
8290,85,random,10,0.6540605095541401,0,20,None,66,1,5,False,1000,1000
8291,86,random,10,0.692078025477707,0,20,None,66,1,5,False,1000,1000
8292,87,random,10,0.7125796178343949,0,20,None,66,1,5,False,1000,1000
8293,88,random,10,0.7216361464968153,0,20,None,66,1,5,False,1000,1000
8294,89,random,10,0.7222332802547771,0,20,None,66,1,5,False,1000,1000
8295,85,random,10,0.7767714968152867,0,30,None,66,1,5,False,1000,1000
8296,86,random,10,0.7753781847133758,0,30,None,66,1,5,False,1000,1000
8297,87,random,10,0.7751791401273885,0,30,None,66,1,5,False,1000,1000
8298,88,random,10,0.7752786624203821,0,30,None,66,1,5,False,1000,1000
8299,89,random,10,0.7759753184713376,0,30,None,66,1,5,False,1000,1000
8300,85,random,10,0.7624402866242038,0,26,None,66,1,5,False,1000,1000
8301,86,random,10,0.7622412420382165,0,26,None,66,1,5,False,1000,1000
8302,87,random,10,0.7627388535031847,0,26,None,66,1,5,False,1000,1000
8303,88,random,10,0.7631369426751592,0,26,None,66,1,5,False,1000,1000
8304,89,random,10,0.763734076433121,0,26,None,66,1,5,False,1000,1000
8305,85,random,10,0.7958797770700637,0,12,None,66,1,5,False,1000,1000
8306,86,random,10,0.7958797770700637,0,12,None,66,1,5,False,1000,1000
8307,87,random,10,0.7971735668789809,0,12,None,66,1,5,False,1000,1000
8308,88,random,10,0.7983678343949044,0,12,None,66,1,5,False,1000,1000
8309,89,random,10,0.7992635350318471,0,12,None,66,1,5,False,1000,1000
8310,85,random,10,0.4677547770700637,0,2,None,66,1,5,False,1000,1000
8311,86,random,10,0.528562898089172,0,2,None,66,1,5,False,1000,1000
8312,87,random,10,0.6005175159235668,0,2,None,66,1,5,False,1000,1000
8313,88,random,10,0.637937898089172,0,2,None,66,1,5,False,1000,1000
8314,89,random,10,0.6653065286624203,0,2,None,66,1,5,False,1000,1000
8315,85,random,10,0.7704020700636943,0,5,None,66,1,5,False,1000,1000
8316,86,random,10,0.7710987261146497,0,5,None,66,1,5,False,1000,1000
8317,87,random,10,0.7727906050955414,0,5,None,66,1,5,False,1000,1000
8318,88,random,10,0.7741839171974523,0,5,None,66,1,5,False,1000,1000
8319,89,random,10,0.7754777070063694,0,5,None,66,1,5,False,1000,1000
8320,85,random,10,0.7698049363057324,0,4,None,66,1,5,False,1000,1000
8321,86,random,10,0.7655254777070064,0,4,None,66,1,5,False,1000,1000
8322,87,random,10,0.7639331210191083,0,4,None,66,1,5,False,1000,1000
8323,88,random,10,0.7643312101910829,0,4,None,66,1,5,False,1000,1000
8324,89,random,10,0.7643312101910829,0,4,None,66,1,5,False,1000,1000
8325,85,random,10,0.7573646496815286,0,8,None,66,1,5,False,1000,1000
8326,86,random,10,0.758359872611465,0,8,None,66,1,5,False,1000,1000
8327,87,random,10,0.7602507961783439,0,8,None,66,1,5,False,1000,1000
8328,88,random,10,0.7611464968152867,0,8,None,66,1,5,False,1000,1000
8329,89,random,10,0.7626393312101911,0,8,None,66,1,5,False,1000,1000
8330,85,random,10,0.7853304140127388,0,13,None,66,1,5,False,1000,1000
8331,86,random,10,0.7832404458598726,0,13,None,66,1,5,False,1000,1000
8332,87,random,10,0.7826433121019108,0,13,None,66,1,5,False,1000,1000
8333,88,random,10,0.7827428343949044,0,13,None,66,1,5,False,1000,1000
8334,89,random,10,0.7828423566878981,0,13,None,66,1,5,False,1000,1000
8335,85,random,10,0.7867237261146497,0,23,None,66,1,5,False,1000,1000
8336,86,random,10,0.7873208598726115,0,23,None,66,1,5,False,1000,1000
8337,87,random,10,0.7873208598726115,0,23,None,66,1,5,False,1000,1000
8338,88,random,10,0.7871218152866242,0,23,None,66,1,5,False,1000,1000
8339,89,random,10,0.7866242038216561,0,23,None,66,1,5,False,1000,1000
8340,85,random,10,0.7306926751592356,0,21,None,66,1,5,False,1000,1000
8341,86,random,10,0.7293988853503185,0,21,None,66,1,5,False,1000,1000
8342,87,random,10,0.7285031847133758,0,21,None,66,1,5,False,1000,1000
8343,88,random,10,0.7284036624203821,0,21,None,66,1,5,False,1000,1000
8344,89,random,10,0.7280055732484076,0,21,None,66,1,5,False,1000,1000
8345,85,random,10,0.7098925159235668,0,28,None,66,1,5,False,1000,1000
8346,86,random,10,0.7121815286624203,0,28,None,66,1,5,False,1000,1000
8347,87,random,10,0.7148686305732485,0,28,None,66,1,5,False,1000,1000
8348,88,random,10,0.7191480891719745,0,28,None,66,1,5,False,1000,1000
8349,89,random,10,0.7224323248407644,0,28,None,66,1,5,False,1000,1000
8350,85,random,10,0.7401472929936306,0,27,None,66,1,5,False,1000,1000
8351,86,random,10,0.738953025477707,0,27,None,66,1,5,False,1000,1000
8352,87,random,10,0.7387539808917197,0,27,None,66,1,5,False,1000,1000
8353,88,random,10,0.7385549363057324,0,27,None,66,1,5,False,1000,1000
8354,89,random,10,0.7390525477707006,0,27,None,66,1,5,False,1000,1000
8355,85,random,10,0.7740843949044586,0,22,None,66,1,5,False,1000,1000
8356,86,random,10,0.773984872611465,0,22,None,66,1,5,False,1000,1000
8357,87,random,10,0.7743829617834395,0,22,None,66,1,5,False,1000,1000
8358,88,random,10,0.7743829617834395,0,22,None,66,1,5,False,1000,1000
8359,89,random,10,0.7746815286624203,0,22,None,66,1,5,False,1000,1000
8360,85,random,10,0.7907046178343949,0,14,None,66,1,5,False,1000,1000
8361,86,random,10,0.7903065286624203,0,14,None,66,1,5,False,1000,1000
8362,87,random,10,0.7909036624203821,0,14,None,66,1,5,False,1000,1000
8363,88,random,10,0.7914012738853503,0,14,None,66,1,5,False,1000,1000
8364,89,random,10,0.7910031847133758,0,14,None,66,1,5,False,1000,1000
8365,85,random,10,0.8015525477707006,0,9,None,66,1,5,False,1000,1000
8366,86,random,10,0.8027468152866242,0,9,None,66,1,5,False,1000,1000
8367,87,random,10,0.8036425159235668,0,9,None,66,1,5,False,1000,1000
8368,88,random,10,0.8047372611464968,0,9,None,66,1,5,False,1000,1000
8369,89,random,10,0.8057324840764332,0,9,None,66,1,5,False,1000,1000
8370,85,random,10,0.8145899681528662,0,25,None,66,1,5,False,1000,1000
8371,86,random,10,0.8137937898089171,0,25,None,66,1,5,False,1000,1000
8372,87,random,10,0.8138933121019108,0,25,None,66,1,5,False,1000,1000
8373,88,random,10,0.8136942675159236,0,25,None,66,1,5,False,1000,1000
8374,89,random,10,0.8136942675159236,0,25,None,66,1,5,False,1000,1000
8375,85,random,10,0.7180533439490446,0,29,None,66,1,5,False,1000,1000
8376,86,random,10,0.7231289808917197,0,29,None,66,1,5,False,1000,1000
8377,87,random,10,0.7282046178343949,0,29,None,66,1,5,False,1000,1000
8378,88,random,10,0.7318869426751592,0,29,None,66,1,5,False,1000,1000
8379,89,random,10,0.7358678343949044,0,29,None,66,1,5,False,1000,1000
8380,85,random,10,0.7792595541401274,0,1,None,66,1,5,False,1000,1000
8381,86,random,10,0.7800557324840764,0,1,None,66,1,5,False,1000,1000
8382,87,random,10,0.7806528662420382,0,1,None,66,1,5,False,1000,1000
8383,88,random,10,0.7808519108280255,0,1,None,66,1,5,False,1000,1000
8384,89,random,10,0.78125,0,1,None,66,1,5,False,1000,1000
8385,85,random,10,0.7921974522292994,0,0,None,66,1,5,False,1000,1000
8386,86,random,10,0.7919984076433121,0,0,None,66,1,5,False,1000,1000
8387,87,random,10,0.7919984076433121,0,0,None,66,1,5,False,1000,1000
8388,88,random,10,0.7924960191082803,0,0,None,66,1,5,False,1000,1000
8389,89,random,10,0.7928941082802548,0,0,None,66,1,5,False,1000,1000
8390,85,random,10,0.7672173566878981,0,6,None,66,1,5,False,1000,1000
8391,86,random,10,0.7678144904458599,0,6,None,66,1,5,False,1000,1000
8392,87,random,10,0.769406847133758,0,6,None,66,1,5,False,1000,1000
8393,88,random,10,0.7698049363057324,0,6,None,66,1,5,False,1000,1000
8394,89,random,10,0.7700039808917197,0,6,None,66,1,5,False,1000,1000
8395,85,random,10,0.772890127388535,0,7,None,66,1,5,False,1000,1000
8396,86,random,10,0.7731886942675159,0,7,None,66,1,5,False,1000,1000
8397,87,random,10,0.7732882165605095,0,7,None,66,1,5,False,1000,1000
8398,88,random,10,0.773984872611465,0,7,None,66,1,5,False,1000,1000
8399,89,random,10,0.7750796178343949,0,7,None,66,1,5,False,1000,1000
8400,85,random,10,0.6806329617834395,0,3,None,66,1,5,False,1000,1000
8401,86,random,10,0.6487858280254777,0,3,None,66,1,5,False,1000,1000
8402,87,random,10,0.6334593949044586,0,3,None,66,1,5,False,1000,1000
8403,88,random,10,0.620421974522293,0,3,None,66,1,5,False,1000,1000
8404,89,random,10,0.6118630573248408,0,3,None,66,1,5,False,1000,1000
8405,85,random,10,0.78234474522293,0,16,None,66,1,5,False,1000,1000
8406,86,random,10,0.7843351910828026,0,16,None,66,1,5,False,1000,1000
8407,87,random,10,0.7848328025477707,0,16,None,66,1,5,False,1000,1000
8408,88,random,10,0.786922770700637,0,16,None,66,1,5,False,1000,1000
8409,89,random,10,0.7891122611464968,0,16,None,66,1,5,False,1000,1000
8410,85,random,10,0.7730891719745223,0,32,None,66,1,5,False,1000,1000
8411,86,random,10,0.7722929936305732,0,32,None,66,1,5,False,1000,1000
8412,87,random,10,0.7718949044585988,0,32,None,66,1,5,False,1000,1000
8413,88,random,10,0.7718949044585988,0,32,None,66,1,5,False,1000,1000
8414,89,random,10,0.772093949044586,0,32,None,66,1,5,False,1000,1000
8415,90,random,10,0.7752786624203821,0,30,None,66,1,5,False,1000,1000
8416,91,random,10,0.7733877388535032,0,30,None,66,1,5,False,1000,1000
8417,92,random,10,0.7727906050955414,0,30,None,66,1,5,False,1000,1000
8418,93,random,10,0.7729896496815286,0,30,None,66,1,5,False,1000,1000
8419,94,random,10,0.772890127388535,0,30,None,66,1,5,False,1000,1000
8420,90,random,10,0.7770700636942676,0,7,None,66,1,5,False,1000,1000
8421,91,random,10,0.777468152866242,0,7,None,66,1,5,False,1000,1000
8422,92,random,10,0.7775676751592356,0,7,None,66,1,5,False,1000,1000
8423,93,random,10,0.7779657643312102,0,7,None,66,1,5,False,1000,1000
8424,94,random,10,0.778562898089172,0,7,None,66,1,5,False,1000,1000
8425,90,random,10,0.78125,0,1,None,66,1,5,False,1000,1000
8426,91,random,10,0.7811504777070064,0,1,None,66,1,5,False,1000,1000
8427,92,random,10,0.7815485668789809,0,1,None,66,1,5,False,1000,1000
8428,93,random,10,0.7820461783439491,0,1,None,66,1,5,False,1000,1000
8429,94,random,10,0.78234474522293,0,1,None,66,1,5,False,1000,1000
8430,90,random,10,0.7156648089171974,0,2,None,66,1,5,False,1000,1000
8431,91,random,10,0.7634355095541401,0,2,None,66,1,5,False,1000,1000
8432,92,random,10,0.7762738853503185,0,2,None,66,1,5,False,1000,1000
8433,93,random,10,0.7784633757961783,0,2,None,66,1,5,False,1000,1000
8434,94,random,10,0.7784633757961783,0,2,None,66,1,5,False,1000,1000
8435,90,random,10,0.7386544585987261,0,27,None,66,1,5,False,1000,1000
8436,91,random,10,0.740047770700637,0,27,None,66,1,5,False,1000,1000
8437,92,random,10,0.7401472929936306,0,27,None,66,1,5,False,1000,1000
8438,93,random,10,0.7396496815286624,0,27,None,66,1,5,False,1000,1000
8439,94,random,10,0.7399482484076433,0,27,None,66,1,5,False,1000,1000
8440,90,random,10,0.7796576433121019,0,5,None,66,1,5,False,1000,1000
8441,91,random,10,0.7796576433121019,0,5,None,66,1,5,False,1000,1000
8442,92,random,10,0.7810509554140127,0,5,None,66,1,5,False,1000,1000
8443,93,random,10,0.7804538216560509,0,5,None,66,1,5,False,1000,1000
8444,94,random,10,0.7813495222929936,0,5,None,66,1,5,False,1000,1000
8445,90,random,10,0.7758757961783439,0,22,None,66,1,5,False,1000,1000
8446,91,random,10,0.7756767515923567,0,22,None,66,1,5,False,1000,1000
8447,92,random,10,0.7756767515923567,0,22,None,66,1,5,False,1000,1000
8448,93,random,10,0.7757762738853503,0,22,None,66,1,5,False,1000,1000
8449,94,random,10,0.7756767515923567,0,22,None,66,1,5,False,1000,1000
8450,90,random,10,0.7768710191082803,0,32,None,66,1,5,False,1000,1000
8451,91,random,10,0.7770700636942676,0,32,None,66,1,5,False,1000,1000
8452,92,random,10,0.7784633757961783,0,32,None,66,1,5,False,1000,1000
8453,93,random,10,0.7779657643312102,0,32,None,66,1,5,False,1000,1000
8454,94,random,10,0.7784633757961783,0,32,None,66,1,5,False,1000,1000
8455,90,random,10,0.7905055732484076,0,14,None,66,1,5,False,1000,1000
8456,91,random,10,0.790406050955414,0,14,None,66,1,5,False,1000,1000
8457,92,random,10,0.7905055732484076,0,14,None,66,1,5,False,1000,1000
8458,93,random,10,0.7902070063694268,0,14,None,66,1,5,False,1000,1000
8459,94,random,10,0.7902070063694268,0,14,None,66,1,5,False,1000,1000
8460,90,random,10,0.8001592356687898,0,9,None,66,1,5,False,1000,1000
8461,91,random,10,0.8019506369426752,0,9,None,66,1,5,False,1000,1000
8462,92,random,10,0.8018511146496815,0,9,None,66,1,5,False,1000,1000
8463,93,random,10,0.8038415605095541,0,9,None,66,1,5,False,1000,1000
8464,94,random,10,0.8047372611464968,0,9,None,66,1,5,False,1000,1000
8465,90,random,10,0.7264132165605095,0,29,None,66,1,5,False,1000,1000
8466,91,random,10,0.7291003184713376,0,29,None,66,1,5,False,1000,1000
8467,92,random,10,0.7320859872611465,0,29,None,66,1,5,False,1000,1000
8468,93,random,10,0.7336783439490446,0,29,None,66,1,5,False,1000,1000
8469,94,random,10,0.7353702229299363,0,29,None,66,1,5,False,1000,1000
8470,90,random,10,0.7964769108280255,0,12,None,66,1,5,False,1000,1000
8471,91,random,10,0.7951831210191083,0,12,None,66,1,5,False,1000,1000
8472,92,random,10,0.7971735668789809,0,12,None,66,1,5,False,1000,1000
8473,93,random,10,0.7980692675159236,0,12,None,66,1,5,False,1000,1000
8474,94,random,10,0.7991640127388535,0,12,None,66,1,5,False,1000,1000
8475,90,random,10,0.7687101910828026,0,6,None,66,1,5,False,1000,1000
8476,91,random,10,0.7696058917197452,0,6,None,66,1,5,False,1000,1000
8477,92,random,10,0.7705015923566879,0,6,None,66,1,5,False,1000,1000
8478,93,random,10,0.7709992038216561,0,6,None,66,1,5,False,1000,1000
8479,94,random,10,0.7715963375796179,0,6,None,66,1,5,False,1000,1000
8480,90,random,10,0.7961783439490446,0,13,None,66,1,5,False,1000,1000
8481,91,random,10,0.7955812101910829,0,13,None,66,1,5,False,1000,1000
8482,92,random,10,0.794187898089172,0,13,None,66,1,5,False,1000,1000
8483,93,random,10,0.793093152866242,0,13,None,66,1,5,False,1000,1000
8484,94,random,10,0.7935907643312102,0,13,None,66,1,5,False,1000,1000
8485,90,random,10,0.8122014331210191,0,25,None,66,1,5,False,1000,1000
8486,91,random,10,0.8121019108280255,0,25,None,66,1,5,False,1000,1000
8487,92,random,10,0.8128980891719745,0,25,None,66,1,5,False,1000,1000
8488,93,random,10,0.8128980891719745,0,25,None,66,1,5,False,1000,1000
8489,94,random,10,0.8126990445859873,0,25,None,66,1,5,False,1000,1000
8490,90,random,10,0.7676154458598726,0,26,None,66,1,5,False,1000,1000
8491,91,random,10,0.7682125796178344,0,26,None,66,1,5,False,1000,1000
8492,92,random,10,0.7688097133757962,0,26,None,66,1,5,False,1000,1000
8493,93,random,10,0.769406847133758,0,26,None,66,1,5,False,1000,1000
8494,94,random,10,0.7701035031847133,0,26,None,66,1,5,False,1000,1000
8495,90,random,10,0.7641321656050956,0,15,None,66,1,5,False,1000,1000
8496,91,random,10,0.7655254777070064,0,15,None,66,1,5,False,1000,1000
8497,92,random,10,0.7669187898089171,0,15,None,66,1,5,False,1000,1000
8498,93,random,10,0.7688097133757962,0,15,None,66,1,5,False,1000,1000
8499,94,random,10,0.769406847133758,0,15,None,66,1,5,False,1000,1000
8500,90,random,10,0.7353702229299363,0,10,None,66,1,5,False,1000,1000
8501,91,random,10,0.740047770700637,0,10,None,66,1,5,False,1000,1000
8502,92,random,10,0.7453224522292994,0,10,None,66,1,5,False,1000,1000
8503,93,random,10,0.7492038216560509,0,10,None,66,1,5,False,1000,1000
8504,94,random,10,0.7519904458598726,0,10,None,66,1,5,False,1000,1000
8505,90,random,10,0.730593152866242,0,20,None,66,1,5,False,1000,1000
8506,91,random,10,0.7458200636942676,0,20,None,66,1,5,False,1000,1000
8507,92,random,10,0.7534832802547771,0,20,None,66,1,5,False,1000,1000
8508,93,random,10,0.7498009554140127,0,20,None,66,1,5,False,1000,1000
8509,94,random,10,0.7465167197452229,0,20,None,66,1,5,False,1000,1000
8510,90,random,10,0.7254179936305732,0,28,None,66,1,5,False,1000,1000
8511,91,random,10,0.7288017515923567,0,28,None,66,1,5,False,1000,1000
8512,92,random,10,0.7326831210191083,0,28,None,66,1,5,False,1000,1000
8513,93,random,10,0.7358678343949044,0,28,None,66,1,5,False,1000,1000
8514,94,random,10,0.7396496815286624,0,28,None,66,1,5,False,1000,1000
8515,90,random,10,0.73546974522293,0,21,None,66,1,5,False,1000,1000
8516,91,random,10,0.7342754777070064,0,21,None,66,1,5,False,1000,1000
8517,92,random,10,0.7342754777070064,0,21,None,66,1,5,False,1000,1000
8518,93,random,10,0.7344745222929936,0,21,None,66,1,5,False,1000,1000
8519,94,random,10,0.734375,0,21,None,66,1,5,False,1000,1000
8520,90,random,10,0.7864251592356688,0,23,None,66,1,5,False,1000,1000
8521,91,random,10,0.7859275477707006,0,23,None,66,1,5,False,1000,1000
8522,92,random,10,0.7849323248407644,0,23,None,66,1,5,False,1000,1000
8523,93,random,10,0.7847332802547771,0,23,None,66,1,5,False,1000,1000
8524,94,random,10,0.7834394904458599,0,23,None,66,1,5,False,1000,1000
8525,90,random,10,0.7754777070063694,0,4,None,66,1,5,False,1000,1000
8526,91,random,10,0.7730891719745223,0,4,None,66,1,5,False,1000,1000
8527,92,random,10,0.7732882165605095,0,4,None,66,1,5,False,1000,1000
8528,93,random,10,0.7729896496815286,0,4,None,66,1,5,False,1000,1000
8529,94,random,10,0.7745820063694268,0,4,None,66,1,5,False,1000,1000
8530,90,random,10,0.794187898089172,0,0,None,66,1,5,False,1000,1000
8531,91,random,10,0.794187898089172,0,0,None,66,1,5,False,1000,1000
8532,92,random,10,0.7948845541401274,0,0,None,66,1,5,False,1000,1000
8533,93,random,10,0.7951831210191083,0,0,None,66,1,5,False,1000,1000
8534,94,random,10,0.7961783439490446,0,0,None,66,1,5,False,1000,1000
8535,90,random,10,0.7851313694267515,0,16,None,66,1,5,False,1000,1000
8536,91,random,10,0.7868232484076433,0,16,None,66,1,5,False,1000,1000
8537,92,random,10,0.7890127388535032,0,16,None,66,1,5,False,1000,1000
8538,93,random,10,0.7918988853503185,0,16,None,66,1,5,False,1000,1000
8539,94,random,10,0.7919984076433121,0,16,None,66,1,5,False,1000,1000
8540,90,random,10,0.5283638535031847,0,11,None,66,1,5,False,1000,1000
8541,91,random,10,0.5008957006369427,0,11,None,66,1,5,False,1000,1000
8542,92,random,10,0.4809912420382166,0,11,None,66,1,5,False,1000,1000
8543,93,random,10,0.4663614649681528,0,11,None,66,1,5,False,1000,1000
8544,94,random,10,0.4538216560509554,0,11,None,66,1,5,False,1000,1000
8545,90,random,10,0.7708001592356688,0,17,None,66,1,5,False,1000,1000
8546,91,random,10,0.770203025477707,0,17,None,66,1,5,False,1000,1000
8547,92,random,10,0.7701035031847133,0,17,None,66,1,5,False,1000,1000
8548,93,random,10,0.7708001592356688,0,17,None,66,1,5,False,1000,1000
8549,94,random,10,0.7716958598726115,0,17,None,66,1,5,False,1000,1000
8550,90,random,10,0.7452229299363057,0,24,None,66,1,5,False,1000,1000
8551,91,random,10,0.7476114649681529,0,24,None,66,1,5,False,1000,1000
8552,92,random,10,0.7496019108280255,0,24,None,66,1,5,False,1000,1000
8553,93,random,10,0.7513933121019108,0,24,None,66,1,5,False,1000,1000
8554,94,random,10,0.752687101910828,0,24,None,66,1,5,False,1000,1000
8555,90,random,10,0.7596536624203821,0,8,None,66,1,5,False,1000,1000
8556,91,random,10,0.7614450636942676,0,8,None,66,1,5,False,1000,1000
8557,92,random,10,0.7613455414012739,0,8,None,66,1,5,False,1000,1000
8558,93,random,10,0.7635350318471338,0,8,None,66,1,5,False,1000,1000
8559,94,random,10,0.7641321656050956,0,8,None,66,1,5,False,1000,1000
8560,90,random,10,0.6852109872611465,0,3,None,66,1,5,False,1000,1000
8561,91,random,10,0.658140923566879,0,3,None,66,1,5,False,1000,1000
8562,92,random,10,0.645203025477707,0,3,None,66,1,5,False,1000,1000
8563,93,random,10,0.6346536624203821,0,3,None,66,1,5,False,1000,1000
8564,94,random,10,0.6232085987261147,0,3,None,66,1,5,False,1000,1000
8565,90,random,10,0.7758757961783439,0,18,None,66,1,5,False,1000,1000
8566,91,random,10,0.7758757961783439,0,18,None,66,1,5,False,1000,1000
8567,92,random,10,0.775577229299363,0,18,None,66,1,5,False,1000,1000
8568,93,random,10,0.7754777070063694,0,18,None,66,1,5,False,1000,1000
8569,94,random,10,0.775577229299363,0,18,None,66,1,5,False,1000,1000
8570,90,random,10,0.7798566878980892,0,31,None,66,1,5,False,1000,1000
8571,91,random,10,0.7802547770700637,0,31,None,66,1,5,False,1000,1000
8572,92,random,10,0.7805533439490446,0,31,None,66,1,5,False,1000,1000
8573,93,random,10,0.7806528662420382,0,31,None,66,1,5,False,1000,1000
8574,94,random,10,0.7806528662420382,0,31,None,66,1,5,False,1000,1000
8575,90,random,10,0.7828423566878981,0,19,None,66,1,5,False,1000,1000
8576,91,random,10,0.7840366242038217,0,19,None,66,1,5,False,1000,1000
8577,92,random,10,0.7855294585987261,0,19,None,66,1,5,False,1000,1000
8578,93,random,10,0.7854299363057324,0,19,None,66,1,5,False,1000,1000
8579,94,random,10,0.7864251592356688,0,19,None,66,1,5,False,1000,1000
8580,95,random,10,0.7835390127388535,0,1,None,66,1,5,False,1000,1000
8581,96,random,10,0.7838375796178344,0,1,None,66,1,5,False,1000,1000
8582,97,random,10,0.783937101910828,0,1,None,66,1,5,False,1000,1000
8583,98,random,10,0.7840366242038217,0,1,None,66,1,5,False,1000,1000
8584,99,random,10,0.7838375796178344,0,1,None,66,1,5,False,1000,1000
8585,95,random,10,0.7833399681528662,0,23,None,66,1,5,False,1000,1000
8586,96,random,10,0.7836385350318471,0,23,None,66,1,5,False,1000,1000
8587,97,random,10,0.7836385350318471,0,23,None,66,1,5,False,1000,1000
8588,98,random,10,0.7846337579617835,0,23,None,66,1,5,False,1000,1000
8589,99,random,10,0.7834394904458599,0,23,None,66,1,5,False,1000,1000
8590,95,random,10,0.7757762738853503,0,22,None,66,1,5,False,1000,1000
8591,96,random,10,0.7757762738853503,0,22,None,66,1,5,False,1000,1000
8592,97,random,10,0.7756767515923567,0,22,None,66,1,5,False,1000,1000
8593,98,random,10,0.7761743630573248,0,22,None,66,1,5,False,1000,1000
8594,99,random,10,0.7761743630573248,0,22,None,66,1,5,False,1000,1000
8595,95,random,10,0.7818471337579618,0,5,None,66,1,5,False,1000,1000
8596,96,random,10,0.783140923566879,0,5,None,66,1,5,False,1000,1000
8597,97,random,10,0.7841361464968153,0,5,None,66,1,5,False,1000,1000
8598,98,random,10,0.7832404458598726,0,5,None,66,1,5,False,1000,1000
8599,99,random,10,0.7830414012738853,0,5,None,66,1,5,False,1000,1000
8600,95,random,10,0.7791600318471338,0,32,None,66,1,5,False,1000,1000
8601,96,random,10,0.779359076433121,0,32,None,66,1,5,False,1000,1000
8602,97,random,10,0.7795581210191083,0,32,None,66,1,5,False,1000,1000
8603,98,random,10,0.7797571656050956,0,32,None,66,1,5,False,1000,1000
8604,99,random,10,0.7800557324840764,0,32,None,66,1,5,False,1000,1000
8605,95,random,10,0.7795581210191083,0,7,None,66,1,5,False,1000,1000
8606,96,random,10,0.7788614649681529,0,7,None,66,1,5,False,1000,1000
8607,97,random,10,0.779359076433121,0,7,None,66,1,5,False,1000,1000
8608,98,random,10,0.7795581210191083,0,7,None,66,1,5,False,1000,1000
8609,99,random,10,0.7798566878980892,0,7,None,66,1,5,False,1000,1000
8610,95,random,10,0.790406050955414,0,14,None,66,1,5,False,1000,1000
8611,96,random,10,0.7898089171974523,0,14,None,66,1,5,False,1000,1000
8612,97,random,10,0.789609872611465,0,14,None,66,1,5,False,1000,1000
8613,98,random,10,0.7907046178343949,0,14,None,66,1,5,False,1000,1000
8614,99,random,10,0.7907046178343949,0,14,None,66,1,5,False,1000,1000
8615,95,random,10,0.8001592356687898,0,9,None,66,1,5,False,1000,1000
8616,96,random,10,0.8012539808917197,0,9,None,66,1,5,False,1000,1000
8617,97,random,10,0.8022492038216561,0,9,None,66,1,5,False,1000,1000
8618,98,random,10,0.8032444267515924,0,9,None,66,1,5,False,1000,1000
8619,99,random,10,0.8043391719745223,0,9,None,66,1,5,False,1000,1000
8620,95,random,10,0.7272093949044586,0,29,None,66,1,5,False,1000,1000
8621,96,random,10,0.7292993630573248,0,29,None,66,1,5,False,1000,1000
8622,97,random,10,0.7317874203821656,0,29,None,66,1,5,False,1000,1000
8623,98,random,10,0.7339769108280255,0,29,None,66,1,5,False,1000,1000
8624,99,random,10,0.7349721337579618,0,29,None,66,1,5,False,1000,1000
8625,95,random,10,0.7679140127388535,0,15,None,66,1,5,False,1000,1000
8626,96,random,10,0.7689092356687898,0,15,None,66,1,5,False,1000,1000
8627,97,random,10,0.7698049363057324,0,15,None,66,1,5,False,1000,1000
8628,98,random,10,0.772093949044586,0,15,None,66,1,5,False,1000,1000
8629,99,random,10,0.7735867834394905,0,15,None,66,1,5,False,1000,1000
8630,95,random,10,0.7368630573248408,0,10,None,66,1,5,False,1000,1000
8631,96,random,10,0.7407444267515924,0,10,None,66,1,5,False,1000,1000
8632,97,random,10,0.745421974522293,0,10,None,66,1,5,False,1000,1000
8633,98,random,10,0.7493033439490446,0,10,None,66,1,5,False,1000,1000
8634,99,random,10,0.7528861464968153,0,10,None,66,1,5,False,1000,1000
8635,95,random,10,0.79578025477707,0,12,None,66,1,5,False,1000,1000
8636,96,random,10,0.7955812101910829,0,12,None,66,1,5,False,1000,1000
8637,97,random,10,0.7971735668789809,0,12,None,66,1,5,False,1000,1000
8638,98,random,10,0.7985668789808917,0,12,None,66,1,5,False,1000,1000
8639,99,random,10,0.7996616242038217,0,12,None,66,1,5,False,1000,1000
8640,95,random,10,0.7718949044585988,0,6,None,66,1,5,False,1000,1000
8641,96,random,10,0.7727906050955414,0,6,None,66,1,5,False,1000,1000
8642,97,random,10,0.773984872611465,0,6,None,66,1,5,False,1000,1000
8643,98,random,10,0.7738853503184714,0,6,None,66,1,5,False,1000,1000
8644,99,random,10,0.7743829617834395,0,6,None,66,1,5,False,1000,1000
8645,95,random,10,0.8118033439490446,0,25,None,66,1,5,False,1000,1000
8646,96,random,10,0.8121019108280255,0,25,None,66,1,5,False,1000,1000
8647,97,random,10,0.8119028662420382,0,25,None,66,1,5,False,1000,1000
8648,98,random,10,0.8115047770700637,0,25,None,66,1,5,False,1000,1000
8649,99,random,10,0.8112062101910829,0,25,None,66,1,5,False,1000,1000
8650,95,random,10,0.7985668789808917,0,13,None,66,1,5,False,1000,1000
8651,96,random,10,0.7962778662420382,0,13,None,66,1,5,False,1000,1000
8652,97,random,10,0.7952826433121019,0,13,None,66,1,5,False,1000,1000
8653,98,random,10,0.7947850318471338,0,13,None,66,1,5,False,1000,1000
8654,99,random,10,0.7947850318471338,0,13,None,66,1,5,False,1000,1000
8655,95,random,10,0.7733877388535032,0,26,None,66,1,5,False,1000,1000
8656,96,random,10,0.773984872611465,0,26,None,66,1,5,False,1000,1000
8657,97,random,10,0.7741839171974523,0,26,None,66,1,5,False,1000,1000
8658,98,random,10,0.773984872611465,0,26,None,66,1,5,False,1000,1000
8659,99,random,10,0.7743829617834395,0,26,None,66,1,5,False,1000,1000
8660,95,random,10,0.4907444267515923,0,11,None,66,1,5,False,1000,1000
8661,96,random,10,0.4315286624203822,0,11,None,66,1,5,False,1000,1000
8662,97,random,10,0.3987858280254777,0,11,None,66,1,5,False,1000,1000
8663,98,random,10,0.3796775477707006,0,11,None,66,1,5,False,1000,1000
8664,99,random,10,0.3655453821656051,0,11,None,66,1,5,False,1000,1000
8665,95,random,10,0.742734872611465,0,20,None,66,1,5,False,1000,1000
8666,96,random,10,0.7568670382165605,0,20,None,66,1,5,False,1000,1000
8667,97,random,10,0.7584593949044586,0,20,None,66,1,5,False,1000,1000
8668,98,random,10,0.7563694267515924,0,20,None,66,1,5,False,1000,1000
8669,99,random,10,0.7530851910828026,0,20,None,66,1,5,False,1000,1000
8670,95,random,10,0.7436305732484076,0,28,None,66,1,5,False,1000,1000
8671,96,random,10,0.7474124203821656,0,28,None,66,1,5,False,1000,1000
8672,97,random,10,0.7492038216560509,0,28,None,66,1,5,False,1000,1000
8673,98,random,10,0.7508957006369427,0,28,None,66,1,5,False,1000,1000
8674,99,random,10,0.7531847133757962,0,28,None,66,1,5,False,1000,1000
8675,95,random,10,0.7794585987261147,0,4,None,66,1,5,False,1000,1000
8676,96,random,10,0.7757762738853503,0,4,None,66,1,5,False,1000,1000
8677,97,random,10,0.7771695859872612,0,4,None,66,1,5,False,1000,1000
8678,98,random,10,0.7772691082802548,0,4,None,66,1,5,False,1000,1000
8679,99,random,10,0.7790605095541401,0,4,None,66,1,5,False,1000,1000
8680,95,random,10,0.759952229299363,0,8,None,66,1,5,False,1000,1000
8681,96,random,10,0.7615445859872612,0,8,None,66,1,5,False,1000,1000
8682,97,random,10,0.7622412420382165,0,8,None,66,1,5,False,1000,1000
8683,98,random,10,0.7633359872611465,0,8,None,66,1,5,False,1000,1000
8684,99,random,10,0.7652269108280255,0,8,None,66,1,5,False,1000,1000
8685,95,random,10,0.7887141719745223,0,16,None,66,1,5,False,1000,1000
8686,96,random,10,0.7908041401273885,0,16,None,66,1,5,False,1000,1000
8687,97,random,10,0.7927945859872612,0,16,None,66,1,5,False,1000,1000
8688,98,random,10,0.7925955414012739,0,16,None,66,1,5,False,1000,1000
8689,99,random,10,0.794984076433121,0,16,None,66,1,5,False,1000,1000
8690,95,random,10,0.770203025477707,0,18,None,66,1,5,False,1000,1000
8691,96,random,10,0.7707006369426752,0,18,None,66,1,5,False,1000,1000
8692,97,random,10,0.7708996815286624,0,18,None,66,1,5,False,1000,1000
8693,98,random,10,0.7715963375796179,0,18,None,66,1,5,False,1000,1000
8694,99,random,10,0.7721934713375797,0,18,None,66,1,5,False,1000,1000
8695,95,random,10,0.7767714968152867,0,30,None,66,1,5,False,1000,1000
8696,96,random,10,0.7741839171974523,0,30,None,66,1,5,False,1000,1000
8697,97,random,10,0.7743829617834395,0,30,None,66,1,5,False,1000,1000
8698,98,random,10,0.7740843949044586,0,30,None,66,1,5,False,1000,1000
8699,99,random,10,0.7738853503184714,0,30,None,66,1,5,False,1000,1000
8700,95,random,10,0.7819466560509554,0,31,None,66,1,5,False,1000,1000
8701,96,random,10,0.78234474522293,0,31,None,66,1,5,False,1000,1000
8702,97,random,10,0.7826433121019108,0,31,None,66,1,5,False,1000,1000
8703,98,random,10,0.7829418789808917,0,31,None,66,1,5,False,1000,1000
8704,99,random,10,0.7840366242038217,0,31,None,66,1,5,False,1000,1000
8705,95,random,10,0.7821457006369427,0,19,None,66,1,5,False,1000,1000
8706,96,random,10,0.7836385350318471,0,19,None,66,1,5,False,1000,1000
8707,97,random,10,0.7846337579617835,0,19,None,66,1,5,False,1000,1000
8708,98,random,10,0.785828025477707,0,19,None,66,1,5,False,1000,1000
8709,99,random,10,0.7856289808917197,0,19,None,66,1,5,False,1000,1000
8710,95,random,10,0.7745820063694268,0,17,None,66,1,5,False,1000,1000
8711,96,random,10,0.7738853503184714,0,17,None,66,1,5,False,1000,1000
8712,97,random,10,0.7733877388535032,0,17,None,66,1,5,False,1000,1000
8713,98,random,10,0.7733877388535032,0,17,None,66,1,5,False,1000,1000
8714,99,random,10,0.7729896496815286,0,17,None,66,1,5,False,1000,1000
8715,95,random,10,0.7421377388535032,0,21,None,66,1,5,False,1000,1000
8716,96,random,10,0.7403463375796179,0,21,None,66,1,5,False,1000,1000
8717,97,random,10,0.7401472929936306,0,21,None,66,1,5,False,1000,1000
8718,98,random,10,0.7402468152866242,0,21,None,66,1,5,False,1000,1000
8719,99,random,10,0.7392515923566879,0,21,None,66,1,5,False,1000,1000
8720,95,random,10,0.7536823248407644,0,24,None,66,1,5,False,1000,1000
8721,96,random,10,0.7552746815286624,0,24,None,66,1,5,False,1000,1000
8722,97,random,10,0.7568670382165605,0,24,None,66,1,5,False,1000,1000
8723,98,random,10,0.7577627388535032,0,24,None,66,1,5,False,1000,1000
8724,99,random,10,0.7588574840764332,0,24,None,66,1,5,False,1000,1000
8725,95,random,10,0.7395501592356688,0,27,None,66,1,5,False,1000,1000
8726,96,random,10,0.7415406050955414,0,27,None,66,1,5,False,1000,1000
8727,97,random,10,0.7406449044585988,0,27,None,66,1,5,False,1000,1000
8728,98,random,10,0.7406449044585988,0,27,None,66,1,5,False,1000,1000
8729,99,random,10,0.7412420382165605,0,27,None,66,1,5,False,1000,1000
8730,95,random,10,0.7321855095541401,0,2,None,66,1,5,False,1000,1000
8731,96,random,10,0.7722929936305732,0,2,None,66,1,5,False,1000,1000
8732,97,random,10,0.7799562101910829,0,2,None,66,1,5,False,1000,1000
8733,98,random,10,0.7803542993630573,0,2,None,66,1,5,False,1000,1000
8734,99,random,10,0.7780652866242038,0,2,None,66,1,5,False,1000,1000
8735,95,random,10,0.7969745222929936,0,0,None,66,1,5,False,1000,1000
8736,96,random,10,0.7954816878980892,0,0,None,66,1,5,False,1000,1000
8737,97,random,10,0.7962778662420382,0,0,None,66,1,5,False,1000,1000
8738,98,random,10,0.7970740445859873,0,0,None,66,1,5,False,1000,1000
8739,99,random,10,0.796875,0,0,None,66,1,5,False,1000,1000
8740,95,random,10,0.6866042993630573,0,3,None,66,1,5,False,1000,1000
8741,96,random,10,0.664609872611465,0,3,None,66,1,5,False,1000,1000
8742,97,random,10,0.6538614649681529,0,3,None,66,1,5,False,1000,1000
8743,98,random,10,0.6450039808917197,0,3,None,66,1,5,False,1000,1000
8744,99,random,10,0.6369426751592356,0,3,None,66,1,5,False,1000,1000
8745,100,random,10,0.7769705414012739,0,22,None,66,1,5,False,1000,1000
8746,101,random,10,0.7770700636942676,0,22,None,66,1,5,False,1000,1000
8747,102,random,10,0.7772691082802548,0,22,None,66,1,5,False,1000,1000
8748,103,random,10,0.7772691082802548,0,22,None,66,1,5,False,1000,1000
8749,104,random,10,0.7775676751592356,0,22,None,66,1,5,False,1000,1000
8750,100,random,10,0.7910031847133758,0,14,None,66,1,5,False,1000,1000
8751,101,random,10,0.7900079617834395,0,14,None,66,1,5,False,1000,1000
8752,102,random,10,0.7911027070063694,0,14,None,66,1,5,False,1000,1000
8753,103,random,10,0.7913017515923567,0,14,None,66,1,5,False,1000,1000
8754,104,random,10,0.7913017515923567,0,14,None,66,1,5,False,1000,1000
8755,100,random,10,0.7799562101910829,0,30,None,66,1,5,False,1000,1000
8756,101,random,10,0.7780652866242038,0,30,None,66,1,5,False,1000,1000
8757,102,random,10,0.7779657643312102,0,30,None,66,1,5,False,1000,1000
8758,103,random,10,0.7778662420382165,0,30,None,66,1,5,False,1000,1000
8759,104,random,10,0.7782643312101911,0,30,None,66,1,5,False,1000,1000
8760,100,random,10,0.792296974522293,0,16,None,66,1,5,False,1000,1000
8761,101,random,10,0.793093152866242,0,16,None,66,1,5,False,1000,1000
8762,102,random,10,0.7943869426751592,0,16,None,66,1,5,False,1000,1000
8763,103,random,10,0.7955812101910829,0,16,None,66,1,5,False,1000,1000
8764,104,random,10,0.7958797770700637,0,16,None,66,1,5,False,1000,1000
8765,100,random,10,0.7821457006369427,0,7,None,66,1,5,False,1000,1000
8766,101,random,10,0.7816480891719745,0,7,None,66,1,5,False,1000,1000
8767,102,random,10,0.7816480891719745,0,7,None,66,1,5,False,1000,1000
8768,103,random,10,0.7821457006369427,0,7,None,66,1,5,False,1000,1000
8769,104,random,10,0.7829418789808917,0,7,None,66,1,5,False,1000,1000
8770,100,random,10,0.7799562101910829,0,32,None,66,1,5,False,1000,1000
8771,101,random,10,0.7796576433121019,0,32,None,66,1,5,False,1000,1000
8772,102,random,10,0.7799562101910829,0,32,None,66,1,5,False,1000,1000
8773,103,random,10,0.7796576433121019,0,32,None,66,1,5,False,1000,1000
8774,104,random,10,0.7796576433121019,0,32,None,66,1,5,False,1000,1000
8775,100,random,10,0.7860270700636943,0,1,None,66,1,5,False,1000,1000
8776,101,random,10,0.7865246815286624,0,1,None,66,1,5,False,1000,1000
8777,102,random,10,0.7866242038216561,0,1,None,66,1,5,False,1000,1000
8778,103,random,10,0.7865246815286624,0,1,None,66,1,5,False,1000,1000
8779,104,random,10,0.7863256369426752,0,1,None,66,1,5,False,1000,1000
8780,100,random,10,0.7485071656050956,0,2,None,66,1,5,False,1000,1000
8781,101,random,10,0.7789609872611465,0,2,None,66,1,5,False,1000,1000
8782,102,random,10,0.7833399681528662,0,2,None,66,1,5,False,1000,1000
8783,103,random,10,0.7832404458598726,0,2,None,66,1,5,False,1000,1000
8784,104,random,10,0.7816480891719745,0,2,None,66,1,5,False,1000,1000
8785,100,random,10,0.8001592356687898,0,9,None,66,1,5,False,1000,1000
8786,101,random,10,0.8010549363057324,0,9,None,66,1,5,False,1000,1000
8787,102,random,10,0.8023487261146497,0,9,None,66,1,5,False,1000,1000
8788,103,random,10,0.8032444267515924,0,9,None,66,1,5,False,1000,1000
8789,104,random,10,0.8048367834394905,0,9,None,66,1,5,False,1000,1000
8790,100,random,10,0.7851313694267515,0,5,None,66,1,5,False,1000,1000
8791,101,random,10,0.7867237261146497,0,5,None,66,1,5,False,1000,1000
8792,102,random,10,0.7865246815286624,0,5,None,66,1,5,False,1000,1000
8793,103,random,10,0.7871218152866242,0,5,None,66,1,5,False,1000,1000
8794,104,random,10,0.7867237261146497,0,5,None,66,1,5,False,1000,1000
8795,100,random,10,0.7868232484076433,0,23,None,66,1,5,False,1000,1000
8796,101,random,10,0.7882165605095541,0,23,None,66,1,5,False,1000,1000
8797,102,random,10,0.7886146496815286,0,23,None,66,1,5,False,1000,1000
8798,103,random,10,0.7882165605095541,0,23,None,66,1,5,False,1000,1000
8799,104,random,10,0.7880175159235668,0,23,None,66,1,5,False,1000,1000
8800,100,random,10,0.7266122611464968,0,29,None,66,1,5,False,1000,1000
8801,101,random,10,0.7280055732484076,0,29,None,66,1,5,False,1000,1000
8802,102,random,10,0.731687898089172,0,29,None,66,1,5,False,1000,1000
8803,103,random,10,0.734375,0,29,None,66,1,5,False,1000,1000
8804,104,random,10,0.7352707006369427,0,29,None,66,1,5,False,1000,1000
8805,100,random,10,0.7411425159235668,0,27,None,66,1,5,False,1000,1000
8806,101,random,10,0.7417396496815286,0,27,None,66,1,5,False,1000,1000
8807,102,random,10,0.7425358280254777,0,27,None,66,1,5,False,1000,1000
8808,103,random,10,0.7430334394904459,0,27,None,66,1,5,False,1000,1000
8809,104,random,10,0.742734872611465,0,27,None,66,1,5,False,1000,1000
8810,100,random,10,0.7426353503184714,0,10,None,66,1,5,False,1000,1000
8811,101,random,10,0.7463176751592356,0,10,None,66,1,5,False,1000,1000
8812,102,random,10,0.7500995222929936,0,10,None,66,1,5,False,1000,1000
8813,103,random,10,0.7520899681528662,0,10,None,66,1,5,False,1000,1000
8814,104,random,10,0.7542794585987261,0,10,None,66,1,5,False,1000,1000
8815,100,random,10,0.7710987261146497,0,15,None,66,1,5,False,1000,1000
8816,101,random,10,0.7730891719745223,0,15,None,66,1,5,False,1000,1000
8817,102,random,10,0.7736863057324841,0,15,None,66,1,5,False,1000,1000
8818,103,random,10,0.7748805732484076,0,15,None,66,1,5,False,1000,1000
8819,104,random,10,0.7763734076433121,0,15,None,66,1,5,False,1000,1000
8820,100,random,10,0.7732882165605095,0,6,None,66,1,5,False,1000,1000
8821,101,random,10,0.7736863057324841,0,6,None,66,1,5,False,1000,1000
8822,102,random,10,0.7742834394904459,0,6,None,66,1,5,False,1000,1000
8823,103,random,10,0.7751791401273885,0,6,None,66,1,5,False,1000,1000
8824,104,random,10,0.7753781847133758,0,6,None,66,1,5,False,1000,1000
8825,100,random,10,0.7996616242038217,0,13,None,66,1,5,False,1000,1000
8826,101,random,10,0.7988654458598726,0,13,None,66,1,5,False,1000,1000
8827,102,random,10,0.7971735668789809,0,13,None,66,1,5,False,1000,1000
8828,103,random,10,0.7960788216560509,0,13,None,66,1,5,False,1000,1000
8829,104,random,10,0.7960788216560509,0,13,None,66,1,5,False,1000,1000
8830,100,random,10,0.7970740445859873,0,12,None,66,1,5,False,1000,1000
8831,101,random,10,0.7960788216560509,0,12,None,66,1,5,False,1000,1000
8832,102,random,10,0.7981687898089171,0,12,None,66,1,5,False,1000,1000
8833,103,random,10,0.7988654458598726,0,12,None,66,1,5,False,1000,1000
8834,104,random,10,0.7999601910828026,0,12,None,66,1,5,False,1000,1000
8835,100,random,10,0.8099124203821656,0,25,None,66,1,5,False,1000,1000
8836,101,random,10,0.8097133757961783,0,25,None,66,1,5,False,1000,1000
8837,102,random,10,0.809812898089172,0,25,None,66,1,5,False,1000,1000
8838,103,random,10,0.8096138535031847,0,25,None,66,1,5,False,1000,1000
8839,104,random,10,0.8092157643312102,0,25,None,66,1,5,False,1000,1000
8840,100,random,10,0.7788614649681529,0,26,None,66,1,5,False,1000,1000
8841,101,random,10,0.7786624203821656,0,26,None,66,1,5,False,1000,1000
8842,102,random,10,0.7790605095541401,0,26,None,66,1,5,False,1000,1000
8843,103,random,10,0.779359076433121,0,26,None,66,1,5,False,1000,1000
8844,104,random,10,0.7792595541401274,0,26,None,66,1,5,False,1000,1000
8845,100,random,10,0.4724323248407643,0,11,None,66,1,5,False,1000,1000
8846,101,random,10,0.418889331210191,0,11,None,66,1,5,False,1000,1000
8847,102,random,10,0.3873407643312102,0,11,None,66,1,5,False,1000,1000
8848,103,random,10,0.3689291401273885,0,11,None,66,1,5,False,1000,1000
8849,104,random,10,0.352109872611465,0,11,None,66,1,5,False,1000,1000
8850,100,random,10,0.7757762738853503,0,17,None,66,1,5,False,1000,1000
8851,101,random,10,0.7750796178343949,0,17,None,66,1,5,False,1000,1000
8852,102,random,10,0.7749800955414012,0,17,None,66,1,5,False,1000,1000
8853,103,random,10,0.7754777070063694,0,17,None,66,1,5,False,1000,1000
8854,104,random,10,0.7754777070063694,0,17,None,66,1,5,False,1000,1000
8855,100,random,10,0.7508957006369427,0,20,None,66,1,5,False,1000,1000
8856,101,random,10,0.7623407643312102,0,20,None,66,1,5,False,1000,1000
8857,102,random,10,0.7630374203821656,0,20,None,66,1,5,False,1000,1000
8858,103,random,10,0.7600517515923567,0,20,None,66,1,5,False,1000,1000
8859,104,random,10,0.7563694267515924,0,20,None,66,1,5,False,1000,1000
8860,100,random,10,0.7817476114649682,0,4,None,66,1,5,False,1000,1000
8861,101,random,10,0.7799562101910829,0,4,None,66,1,5,False,1000,1000
8862,102,random,10,0.7804538216560509,0,4,None,66,1,5,False,1000,1000
8863,103,random,10,0.7818471337579618,0,4,None,66,1,5,False,1000,1000
8864,104,random,10,0.7821457006369427,0,4,None,66,1,5,False,1000,1000
8865,100,random,10,0.7772691082802548,0,18,None,66,1,5,False,1000,1000
8866,101,random,10,0.7777667197452229,0,18,None,66,1,5,False,1000,1000
8867,102,random,10,0.7778662420382165,0,18,None,66,1,5,False,1000,1000
8868,103,random,10,0.7783638535031847,0,18,None,66,1,5,False,1000,1000
8869,104,random,10,0.7779657643312102,0,18,None,66,1,5,False,1000,1000
8870,100,random,10,0.761843152866242,0,8,None,66,1,5,False,1000,1000
8871,101,random,10,0.7628383757961783,0,8,None,66,1,5,False,1000,1000
8872,102,random,10,0.763734076433121,0,8,None,66,1,5,False,1000,1000
8873,103,random,10,0.7654259554140127,0,8,None,66,1,5,False,1000,1000
8874,104,random,10,0.7661226114649682,0,8,None,66,1,5,False,1000,1000
8875,100,random,10,0.7846337579617835,0,31,None,66,1,5,False,1000,1000
8876,101,random,10,0.7856289808917197,0,31,None,66,1,5,False,1000,1000
8877,102,random,10,0.785828025477707,0,31,None,66,1,5,False,1000,1000
8878,103,random,10,0.7861265923566879,0,31,None,66,1,5,False,1000,1000
8879,104,random,10,0.7876194267515924,0,31,None,66,1,5,False,1000,1000
8880,100,random,10,0.7546775477707006,0,28,None,66,1,5,False,1000,1000
8881,101,random,10,0.7574641719745223,0,28,None,66,1,5,False,1000,1000
8882,102,random,10,0.7607484076433121,0,28,None,66,1,5,False,1000,1000
8883,103,random,10,0.7620421974522293,0,28,None,66,1,5,False,1000,1000
8884,104,random,10,0.7640326433121019,0,28,None,66,1,5,False,1000,1000
8885,100,random,10,0.6916799363057324,0,3,None,66,1,5,False,1000,1000
8886,101,random,10,0.6721735668789809,0,3,None,66,1,5,False,1000,1000
8887,102,random,10,0.6642117834394905,0,3,None,66,1,5,False,1000,1000
8888,103,random,10,0.6553542993630573,0,3,None,66,1,5,False,1000,1000
8889,104,random,10,0.6479896496815286,0,3,None,66,1,5,False,1000,1000
8890,100,random,10,0.7859275477707006,0,19,None,66,1,5,False,1000,1000
8891,101,random,10,0.7865246815286624,0,19,None,66,1,5,False,1000,1000
8892,102,random,10,0.7872213375796179,0,19,None,66,1,5,False,1000,1000
8893,103,random,10,0.7876194267515924,0,19,None,66,1,5,False,1000,1000
8894,104,random,10,0.7876194267515924,0,19,None,66,1,5,False,1000,1000
8895,100,random,10,0.7989649681528662,0,0,None,66,1,5,False,1000,1000
8896,101,random,10,0.7985668789808917,0,0,None,66,1,5,False,1000,1000
8897,102,random,10,0.7984673566878981,0,0,None,66,1,5,False,1000,1000
8898,103,random,10,0.7982683121019108,0,0,None,66,1,5,False,1000,1000
8899,104,random,10,0.7976711783439491,0,0,None,66,1,5,False,1000,1000
8900,100,random,10,0.7463176751592356,0,21,None,66,1,5,False,1000,1000
8901,101,random,10,0.7449243630573248,0,21,None,66,1,5,False,1000,1000
8902,102,random,10,0.7445262738853503,0,21,None,66,1,5,False,1000,1000
8903,103,random,10,0.7436305732484076,0,21,None,66,1,5,False,1000,1000
8904,104,random,10,0.743531050955414,0,21,None,66,1,5,False,1000,1000
8905,100,random,10,0.7588574840764332,0,24,None,66,1,5,False,1000,1000
8906,101,random,10,0.7598527070063694,0,24,None,66,1,5,False,1000,1000
8907,102,random,10,0.7617436305732485,0,24,None,66,1,5,False,1000,1000
8908,103,random,10,0.7625398089171974,0,24,None,66,1,5,False,1000,1000
8909,104,random,10,0.7634355095541401,0,24,None,66,1,5,False,1000,1000
12375,105,random,10,0.7860270700636943,0,1,None,66,1,5,False,1000,1000
12376,106,random,10,0.7862261146496815,0,1,None,66,1,5,False,1000,1000
12377,107,random,10,0.7859275477707006,0,1,None,66,1,5,False,1000,1000
12378,108,random,10,0.7865246815286624,0,1,None,66,1,5,False,1000,1000
12379,109,random,10,0.7854299363057324,0,1,None,66,1,5,False,1000,1000
12380,105,random,10,0.7589570063694268,0,2,None,66,1,5,False,1000,1000
12381,106,random,10,0.7833399681528662,0,2,None,66,1,5,False,1000,1000
12382,107,random,10,0.7845342356687898,0,2,None,66,1,5,False,1000,1000
12383,108,random,10,0.785031847133758,0,2,None,66,1,5,False,1000,1000
12384,109,random,10,0.7820461783439491,0,2,None,66,1,5,False,1000,1000
12385,105,random,10,0.7862261146496815,0,5,None,66,1,5,False,1000,1000
12386,106,random,10,0.787718949044586,0,5,None,66,1,5,False,1000,1000
12387,107,random,10,0.7879179936305732,0,5,None,66,1,5,False,1000,1000
12388,108,random,10,0.7882165605095541,0,5,None,66,1,5,False,1000,1000
12389,109,random,10,0.7883160828025477,0,5,None,66,1,5,False,1000,1000
12390,105,random,10,0.8017515923566879,0,13,None,66,1,5,False,1000,1000
12391,106,random,10,0.7988654458598726,0,13,None,66,1,5,False,1000,1000
12392,107,random,10,0.798765923566879,0,13,None,66,1,5,False,1000,1000
12393,108,random,10,0.7986664012738853,0,13,None,66,1,5,False,1000,1000
12394,109,random,10,0.7984673566878981,0,13,None,66,1,5,False,1000,1000
12395,105,random,10,0.7931926751592356,0,16,None,66,1,5,False,1000,1000
12396,106,random,10,0.7945859872611465,0,16,None,66,1,5,False,1000,1000
12397,107,random,10,0.7953821656050956,0,16,None,66,1,5,False,1000,1000
12398,108,random,10,0.7963773885350318,0,16,None,66,1,5,False,1000,1000
12399,109,random,10,0.79796974522293,0,16,None,66,1,5,False,1000,1000
12400,105,random,10,0.7574641719745223,0,20,None,66,1,5,False,1000,1000
12401,106,random,10,0.7660230891719745,0,20,None,66,1,5,False,1000,1000
12402,107,random,10,0.7663216560509554,0,20,None,66,1,5,False,1000,1000
12403,108,random,10,0.7642316878980892,0,20,None,66,1,5,False,1000,1000
12404,109,random,10,0.7604498407643312,0,20,None,66,1,5,False,1000,1000
12405,105,random,10,0.7608479299363057,0,8,None,66,1,5,False,1000,1000
12406,106,random,10,0.7627388535031847,0,8,None,66,1,5,False,1000,1000
12407,107,random,10,0.7630374203821656,0,8,None,66,1,5,False,1000,1000
12408,108,random,10,0.7644307324840764,0,8,None,66,1,5,False,1000,1000
12409,109,random,10,0.7662221337579618,0,8,None,66,1,5,False,1000,1000
12410,105,random,10,0.785828025477707,0,19,None,66,1,5,False,1000,1000
12411,106,random,10,0.7867237261146497,0,19,None,66,1,5,False,1000,1000
12412,107,random,10,0.7876194267515924,0,19,None,66,1,5,False,1000,1000
12413,108,random,10,0.7879179936305732,0,19,None,66,1,5,False,1000,1000
12414,109,random,10,0.7880175159235668,0,19,None,66,1,5,False,1000,1000
12415,105,random,10,0.7781648089171974,0,22,None,66,1,5,False,1000,1000
12416,106,random,10,0.7783638535031847,0,22,None,66,1,5,False,1000,1000
12417,107,random,10,0.7789609872611465,0,22,None,66,1,5,False,1000,1000
12418,108,random,10,0.7783638535031847,0,22,None,66,1,5,False,1000,1000
12419,109,random,10,0.7786624203821656,0,22,None,66,1,5,False,1000,1000
12420,105,random,10,0.789609872611465,0,23,None,66,1,5,False,1000,1000
12421,106,random,10,0.7901074840764332,0,23,None,66,1,5,False,1000,1000
12422,107,random,10,0.7910031847133758,0,23,None,66,1,5,False,1000,1000
12423,108,random,10,0.7911027070063694,0,23,None,66,1,5,False,1000,1000
12424,109,random,10,0.7907046178343949,0,23,None,66,1,5,False,1000,1000
12425,105,random,10,0.7492038216560509,0,21,None,66,1,5,False,1000,1000
12426,106,random,10,0.7493033439490446,0,21,None,66,1,5,False,1000,1000
12427,107,random,10,0.7480095541401274,0,21,None,66,1,5,False,1000,1000
12428,108,random,10,0.7478105095541401,0,21,None,66,1,5,False,1000,1000
12429,109,random,10,0.7476114649681529,0,21,None,66,1,5,False,1000,1000
12430,105,random,10,0.7789609872611465,0,17,None,66,1,5,False,1000,1000
12431,106,random,10,0.7777667197452229,0,17,None,66,1,5,False,1000,1000
12432,107,random,10,0.7776671974522293,0,17,None,66,1,5,False,1000,1000
12433,108,random,10,0.7778662420382165,0,17,None,66,1,5,False,1000,1000
12434,109,random,10,0.7775676751592356,0,17,None,66,1,5,False,1000,1000
12435,105,random,10,0.7622412420382165,0,24,None,66,1,5,False,1000,1000
12436,106,random,10,0.7636345541401274,0,24,None,66,1,5,False,1000,1000
12437,107,random,10,0.7650278662420382,0,24,None,66,1,5,False,1000,1000
12438,108,random,10,0.7658240445859873,0,24,None,66,1,5,False,1000,1000
12439,109,random,10,0.7672173566878981,0,24,None,66,1,5,False,1000,1000
12440,105,random,10,0.7834394904458599,0,30,None,66,1,5,False,1000,1000
12441,106,random,10,0.7809514331210191,0,30,None,66,1,5,False,1000,1000
12442,107,random,10,0.7805533439490446,0,30,None,66,1,5,False,1000,1000
12443,108,random,10,0.7795581210191083,0,30,None,66,1,5,False,1000,1000
12444,109,random,10,0.7806528662420382,0,30,None,66,1,5,False,1000,1000
12445,105,random,10,0.7846337579617835,0,7,None,66,1,5,False,1000,1000
12446,106,random,10,0.7854299363057324,0,7,None,66,1,5,False,1000,1000
12447,107,random,10,0.785031847133758,0,7,None,66,1,5,False,1000,1000
12448,108,random,10,0.7854299363057324,0,7,None,66,1,5,False,1000,1000
12449,109,random,10,0.785828025477707,0,7,None,66,1,5,False,1000,1000
12450,105,random,10,0.7816480891719745,0,32,None,66,1,5,False,1000,1000
12451,106,random,10,0.7818471337579618,0,32,None,66,1,5,False,1000,1000
12452,107,random,10,0.7825437898089171,0,32,None,66,1,5,False,1000,1000
12453,108,random,10,0.7822452229299363,0,32,None,66,1,5,False,1000,1000
12454,109,random,10,0.7819466560509554,0,32,None,66,1,5,False,1000,1000
12455,105,random,10,0.7866242038216561,0,18,None,66,1,5,False,1000,1000
12456,106,random,10,0.7866242038216561,0,18,None,66,1,5,False,1000,1000
12457,107,random,10,0.7865246815286624,0,18,None,66,1,5,False,1000,1000
12458,108,random,10,0.7860270700636943,0,18,None,66,1,5,False,1000,1000
12459,109,random,10,0.7854299363057324,0,18,None,66,1,5,False,1000,1000
12460,105,random,10,0.7880175159235668,0,31,None,66,1,5,False,1000,1000
12461,106,random,10,0.7881170382165605,0,31,None,66,1,5,False,1000,1000
12462,107,random,10,0.7889132165605095,0,31,None,66,1,5,False,1000,1000
12463,108,random,10,0.7892117834394905,0,31,None,66,1,5,False,1000,1000
12464,109,random,10,0.7893113057324841,0,31,None,66,1,5,False,1000,1000
12465,105,random,10,0.7402468152866242,0,27,None,66,1,5,False,1000,1000
12466,106,random,10,0.7420382165605095,0,27,None,66,1,5,False,1000,1000
12467,107,random,10,0.743531050955414,0,27,None,66,1,5,False,1000,1000
12468,108,random,10,0.7437300955414012,0,27,None,66,1,5,False,1000,1000
12469,109,random,10,0.7436305732484076,0,27,None,66,1,5,False,1000,1000
12470,105,random,10,0.7854299363057324,0,4,None,66,1,5,False,1000,1000
12471,106,random,10,0.7842356687898089,0,4,None,66,1,5,False,1000,1000
12472,107,random,10,0.7847332802547771,0,4,None,66,1,5,False,1000,1000
12473,108,random,10,0.7855294585987261,0,4,None,66,1,5,False,1000,1000
12474,109,random,10,0.7861265923566879,0,4,None,66,1,5,False,1000,1000
12475,105,random,10,0.7395501592356688,0,10,None,66,1,5,False,1000,1000
12476,106,random,10,0.7440286624203821,0,10,None,66,1,5,False,1000,1000
12477,107,random,10,0.7479100318471338,0,10,None,66,1,5,False,1000,1000
12478,108,random,10,0.7517914012738853,0,10,None,66,1,5,False,1000,1000
12479,109,random,10,0.7542794585987261,0,10,None,66,1,5,False,1000,1000
12480,105,random,10,0.4808917197452229,0,11,None,66,1,5,False,1000,1000
12481,106,random,10,0.4285429936305732,0,11,None,66,1,5,False,1000,1000
12482,107,random,10,0.3994824840764331,0,11,None,66,1,5,False,1000,1000
12483,108,random,10,0.3811703821656051,0,11,None,66,1,5,False,1000,1000
12484,109,random,10,0.3674363057324841,0,11,None,66,1,5,False,1000,1000
12485,105,random,10,0.7729896496815286,0,15,None,66,1,5,False,1000,1000
12486,106,random,10,0.7744824840764332,0,15,None,66,1,5,False,1000,1000
12487,107,random,10,0.7752786624203821,0,15,None,66,1,5,False,1000,1000
12488,108,random,10,0.7764729299363057,0,15,None,66,1,5,False,1000,1000
12489,109,random,10,0.7768710191082803,0,15,None,66,1,5,False,1000,1000
12490,105,random,10,0.7996616242038217,0,9,None,66,1,5,False,1000,1000
12491,106,random,10,0.8012539808917197,0,9,None,66,1,5,False,1000,1000
12492,107,random,10,0.8024482484076433,0,9,None,66,1,5,False,1000,1000
12493,108,random,10,0.8034434713375797,0,9,None,66,1,5,False,1000,1000
12494,109,random,10,0.8047372611464968,0,9,None,66,1,5,False,1000,1000
12495,105,random,10,0.791202229299363,0,14,None,66,1,5,False,1000,1000
12496,106,random,10,0.7906050955414012,0,14,None,66,1,5,False,1000,1000
12497,107,random,10,0.7918988853503185,0,14,None,66,1,5,False,1000,1000
12498,108,random,10,0.7926950636942676,0,14,None,66,1,5,False,1000,1000
12499,109,random,10,0.7923964968152867,0,14,None,66,1,5,False,1000,1000
12500,105,random,10,0.8094148089171974,0,25,None,66,1,5,False,1000,1000
12501,106,random,10,0.8092157643312102,0,25,None,66,1,5,False,1000,1000
12502,107,random,10,0.8088176751592356,0,25,None,66,1,5,False,1000,1000
12503,108,random,10,0.8085191082802548,0,25,None,66,1,5,False,1000,1000
12504,109,random,10,0.8077229299363057,0,25,None,66,1,5,False,1000,1000
12505,105,random,10,0.7259156050955414,0,29,None,66,1,5,False,1000,1000
12506,106,random,10,0.7281050955414012,0,29,None,66,1,5,False,1000,1000
12507,107,random,10,0.7307921974522293,0,29,None,66,1,5,False,1000,1000
12508,108,random,10,0.7344745222929936,0,29,None,66,1,5,False,1000,1000
12509,109,random,10,0.7355692675159236,0,29,None,66,1,5,False,1000,1000
12510,105,random,10,0.7734872611464968,0,6,None,66,1,5,False,1000,1000
12511,106,random,10,0.7744824840764332,0,6,None,66,1,5,False,1000,1000
12512,107,random,10,0.7753781847133758,0,6,None,66,1,5,False,1000,1000
12513,108,random,10,0.7762738853503185,0,6,None,66,1,5,False,1000,1000
12514,109,random,10,0.7767714968152867,0,6,None,66,1,5,False,1000,1000
12515,105,random,10,0.796875,0,12,None,66,1,5,False,1000,1000
12516,106,random,10,0.7967754777070064,0,12,None,66,1,5,False,1000,1000
12517,107,random,10,0.7982683121019108,0,12,None,66,1,5,False,1000,1000
12518,108,random,10,0.7988654458598726,0,12,None,66,1,5,False,1000,1000
12519,109,random,10,0.8005573248407644,0,12,None,66,1,5,False,1000,1000
12520,105,random,10,0.7820461783439491,0,26,None,66,1,5,False,1000,1000
12521,106,random,10,0.7815485668789809,0,26,None,66,1,5,False,1000,1000
12522,107,random,10,0.7811504777070064,0,26,None,66,1,5,False,1000,1000
12523,108,random,10,0.7808519108280255,0,26,None,66,1,5,False,1000,1000
12524,109,random,10,0.7809514331210191,0,26,None,66,1,5,False,1000,1000
12525,105,random,10,0.693968949044586,0,3,None,66,1,5,False,1000,1000
12526,106,random,10,0.6770501592356688,0,3,None,66,1,5,False,1000,1000
12527,107,random,10,0.668093152866242,0,3,None,66,1,5,False,1000,1000
12528,108,random,10,0.6616242038216561,0,3,None,66,1,5,False,1000,1000
12529,109,random,10,0.654359076433121,0,3,None,66,1,5,False,1000,1000
12530,105,random,10,0.7646297770700637,0,28,None,66,1,5,False,1000,1000
12531,106,random,10,0.76671974522293,0,28,None,66,1,5,False,1000,1000
12532,107,random,10,0.7681130573248408,0,28,None,66,1,5,False,1000,1000
12533,108,random,10,0.7708001592356688,0,28,None,66,1,5,False,1000,1000
12534,109,random,10,0.7719944267515924,0,28,None,66,1,5,False,1000,1000
12535,105,random,10,0.7982683121019108,0,0,None,66,1,5,False,1000,1000
12536,106,random,10,0.7981687898089171,0,0,None,66,1,5,False,1000,1000
12537,107,random,10,0.7991640127388535,0,0,None,66,1,5,False,1000,1000
12538,108,random,10,0.7996616242038217,0,0,None,66,1,5,False,1000,1000
12539,109,random,10,0.7994625796178344,0,0,None,66,1,5,False,1000,1000
12540,110,random,10,0.7909036624203821,0,1,None,66,1,5,False,1000,1000
12541,111,random,10,0.7916003184713376,0,1,None,66,1,5,False,1000,1000
12542,112,random,10,0.792296974522293,0,1,None,66,1,5,False,1000,1000
12543,113,random,10,0.7923964968152867,0,1,None,66,1,5,False,1000,1000
12544,114,random,10,0.7927945859872612,0,1,None,66,1,5,False,1000,1000
12545,110,random,10,0.7810509554140127,0,2,None,66,1,5,False,1000,1000
12546,111,random,10,0.7851313694267515,0,2,None,66,1,5,False,1000,1000
12547,112,random,10,0.7873208598726115,0,2,None,66,1,5,False,1000,1000
12548,113,random,10,0.7830414012738853,0,2,None,66,1,5,False,1000,1000
12549,114,random,10,0.7804538216560509,0,2,None,66,1,5,False,1000,1000
12550,110,random,10,0.3670382165605095,0,11,None,66,1,5,False,1000,1000
12551,111,random,10,0.3516122611464968,0,11,None,66,1,5,False,1000,1000
12552,112,random,10,0.3384753184713376,0,11,None,66,1,5,False,1000,1000
12553,113,random,10,0.3283240445859872,0,11,None,66,1,5,False,1000,1000
12554,114,random,10,0.3200636942675159,0,11,None,66,1,5,False,1000,1000
12555,110,random,10,0.7557722929936306,0,15,None,66,1,5,False,1000,1000
12556,111,random,10,0.7582603503184714,0,15,None,66,1,5,False,1000,1000
12557,112,random,10,0.759156050955414,0,15,None,66,1,5,False,1000,1000
12558,113,random,10,0.7597531847133758,0,15,None,66,1,5,False,1000,1000
12559,114,random,10,0.7602507961783439,0,15,None,66,1,5,False,1000,1000
12560,110,random,10,0.7573646496815286,0,17,None,66,1,5,False,1000,1000
12561,111,random,10,0.759156050955414,0,17,None,66,1,5,False,1000,1000
12562,112,random,10,0.7590565286624203,0,17,None,66,1,5,False,1000,1000
12563,113,random,10,0.7590565286624203,0,17,None,66,1,5,False,1000,1000
12564,114,random,10,0.7612460191082803,0,17,None,66,1,5,False,1000,1000
12565,110,random,10,0.7232285031847133,0,28,None,66,1,5,False,1000,1000
12566,111,random,10,0.7273089171974523,0,28,None,66,1,5,False,1000,1000
12567,112,random,10,0.7289012738853503,0,28,None,66,1,5,False,1000,1000
12568,113,random,10,0.7270103503184714,0,28,None,66,1,5,False,1000,1000
12569,114,random,10,0.7251194267515924,0,28,None,66,1,5,False,1000,1000
12570,110,random,10,0.7567675159235668,0,20,None,66,1,5,False,1000,1000
12571,111,random,10,0.7623407643312102,0,20,None,66,1,5,False,1000,1000
12572,112,random,10,0.7628383757961783,0,20,None,66,1,5,False,1000,1000
12573,113,random,10,0.7601512738853503,0,20,None,66,1,5,False,1000,1000
12574,114,random,10,0.7568670382165605,0,20,None,66,1,5,False,1000,1000
12575,110,random,10,0.7417396496815286,0,10,None,66,1,5,False,1000,1000
12576,111,random,10,0.7450238853503185,0,10,None,66,1,5,False,1000,1000
12577,112,random,10,0.747312898089172,0,10,None,66,1,5,False,1000,1000
12578,113,random,10,0.7485071656050956,0,10,None,66,1,5,False,1000,1000
12579,114,random,10,0.75,0,10,None,66,1,5,False,1000,1000
12580,110,random,10,0.7814490445859873,0,32,None,66,1,5,False,1000,1000
12581,111,random,10,0.7815485668789809,0,32,None,66,1,5,False,1000,1000
12582,112,random,10,0.7808519108280255,0,32,None,66,1,5,False,1000,1000
12583,113,random,10,0.78125,0,32,None,66,1,5,False,1000,1000
12584,114,random,10,0.7813495222929936,0,32,None,66,1,5,False,1000,1000
12585,110,random,10,0.779359076433121,0,22,None,66,1,5,False,1000,1000
12586,111,random,10,0.7794585987261147,0,22,None,66,1,5,False,1000,1000
12587,112,random,10,0.7797571656050956,0,22,None,66,1,5,False,1000,1000
12588,113,random,10,0.7804538216560509,0,22,None,66,1,5,False,1000,1000
12589,114,random,10,0.7800557324840764,0,22,None,66,1,5,False,1000,1000
12590,110,random,10,0.7534832802547771,0,21,None,66,1,5,False,1000,1000
12591,111,random,10,0.7525875796178344,0,21,None,66,1,5,False,1000,1000
12592,112,random,10,0.7514928343949044,0,21,None,66,1,5,False,1000,1000
12593,113,random,10,0.7514928343949044,0,21,None,66,1,5,False,1000,1000
12594,114,random,10,0.7513933121019108,0,21,None,66,1,5,False,1000,1000
12595,110,random,10,0.791202229299363,0,23,None,66,1,5,False,1000,1000
12596,111,random,10,0.7914012738853503,0,23,None,66,1,5,False,1000,1000
12597,112,random,10,0.7910031847133758,0,23,None,66,1,5,False,1000,1000
12598,113,random,10,0.7915007961783439,0,23,None,66,1,5,False,1000,1000
12599,114,random,10,0.7909036624203821,0,23,None,66,1,5,False,1000,1000
12600,110,random,10,0.7349721337579618,0,29,None,66,1,5,False,1000,1000
12601,111,random,10,0.7377587579617835,0,29,None,66,1,5,False,1000,1000
12602,112,random,10,0.7391520700636943,0,29,None,66,1,5,False,1000,1000
12603,113,random,10,0.7411425159235668,0,29,None,66,1,5,False,1000,1000
12604,114,random,10,0.7429339171974523,0,29,None,66,1,5,False,1000,1000
12605,110,random,10,0.8017515923566879,0,9,None,66,1,5,False,1000,1000
12606,111,random,10,0.8035429936305732,0,9,None,66,1,5,False,1000,1000
12607,112,random,10,0.8042396496815286,0,9,None,66,1,5,False,1000,1000
12608,113,random,10,0.8054339171974523,0,9,None,66,1,5,False,1000,1000
12609,114,random,10,0.806827229299363,0,9,None,66,1,5,False,1000,1000
12610,110,random,10,0.701234076433121,0,24,None,66,1,5,False,1000,1000
12611,111,random,10,0.7109872611464968,0,24,None,66,1,5,False,1000,1000
12612,112,random,10,0.7147691082802548,0,24,None,66,1,5,False,1000,1000
12613,113,random,10,0.7181528662420382,0,24,None,66,1,5,False,1000,1000
12614,114,random,10,0.7202428343949044,0,24,None,66,1,5,False,1000,1000
12615,110,random,10,0.7485071656050956,0,27,None,66,1,5,False,1000,1000
12616,111,random,10,0.7494028662420382,0,27,None,66,1,5,False,1000,1000
12617,112,random,10,0.75,0,27,None,66,1,5,False,1000,1000
12618,113,random,10,0.7494028662420382,0,27,None,66,1,5,False,1000,1000
12619,114,random,10,0.7498009554140127,0,27,None,66,1,5,False,1000,1000
12620,110,random,10,0.790406050955414,0,31,None,66,1,5,False,1000,1000
12621,111,random,10,0.790406050955414,0,31,None,66,1,5,False,1000,1000
12622,112,random,10,0.7906050955414012,0,31,None,66,1,5,False,1000,1000
12623,113,random,10,0.7914012738853503,0,31,None,66,1,5,False,1000,1000
12624,114,random,10,0.7925955414012739,0,31,None,66,1,5,False,1000,1000
12625,110,random,10,0.7860270700636943,0,5,None,66,1,5,False,1000,1000
12626,111,random,10,0.7871218152866242,0,5,None,66,1,5,False,1000,1000
12627,112,random,10,0.7870222929936306,0,5,None,66,1,5,False,1000,1000
12628,113,random,10,0.7871218152866242,0,5,None,66,1,5,False,1000,1000
12629,114,random,10,0.786922770700637,0,5,None,66,1,5,False,1000,1000
12630,110,random,10,0.7879179936305732,0,14,None,66,1,5,False,1000,1000
12631,111,random,10,0.788515127388535,0,14,None,66,1,5,False,1000,1000
12632,112,random,10,0.7884156050955414,0,14,None,66,1,5,False,1000,1000
12633,113,random,10,0.7891122611464968,0,14,None,66,1,5,False,1000,1000
12634,114,random,10,0.7887141719745223,0,14,None,66,1,5,False,1000,1000
12635,110,random,10,0.786922770700637,0,7,None,66,1,5,False,1000,1000
12636,111,random,10,0.7870222929936306,0,7,None,66,1,5,False,1000,1000
12637,112,random,10,0.7871218152866242,0,7,None,66,1,5,False,1000,1000
12638,113,random,10,0.7874203821656051,0,7,None,66,1,5,False,1000,1000
12639,114,random,10,0.7876194267515924,0,7,None,66,1,5,False,1000,1000
12640,110,random,10,0.787718949044586,0,30,None,66,1,5,False,1000,1000
12641,111,random,10,0.7860270700636943,0,30,None,66,1,5,False,1000,1000
12642,112,random,10,0.7848328025477707,0,30,None,66,1,5,False,1000,1000
12643,113,random,10,0.7844347133757962,0,30,None,66,1,5,False,1000,1000
12644,114,random,10,0.7846337579617835,0,30,None,66,1,5,False,1000,1000
12645,110,random,10,0.7777667197452229,0,6,None,66,1,5,False,1000,1000
12646,111,random,10,0.7789609872611465,0,6,None,66,1,5,False,1000,1000
12647,112,random,10,0.779359076433121,0,6,None,66,1,5,False,1000,1000
12648,113,random,10,0.7794585987261147,0,6,None,66,1,5,False,1000,1000
12649,114,random,10,0.7795581210191083,0,6,None,66,1,5,False,1000,1000
12650,110,random,10,0.7838375796178344,0,12,None,66,1,5,False,1000,1000
12651,111,random,10,0.7864251592356688,0,12,None,66,1,5,False,1000,1000
12652,112,random,10,0.7862261146496815,0,12,None,66,1,5,False,1000,1000
12653,113,random,10,0.7864251592356688,0,12,None,66,1,5,False,1000,1000
12654,114,random,10,0.7876194267515924,0,12,None,66,1,5,False,1000,1000
12655,110,random,10,0.7989649681528662,0,13,None,66,1,5,False,1000,1000
12656,111,random,10,0.7993630573248408,0,13,None,66,1,5,False,1000,1000
12657,112,random,10,0.799562101910828,0,13,None,66,1,5,False,1000,1000
12658,113,random,10,0.8001592356687898,0,13,None,66,1,5,False,1000,1000
12659,114,random,10,0.7994625796178344,0,13,None,66,1,5,False,1000,1000
12660,110,random,10,0.8084195859872612,0,25,None,66,1,5,False,1000,1000
12661,111,random,10,0.8080214968152867,0,25,None,66,1,5,False,1000,1000
12662,112,random,10,0.8072253184713376,0,25,None,66,1,5,False,1000,1000
12663,113,random,10,0.8074243630573248,0,25,None,66,1,5,False,1000,1000
12664,114,random,10,0.8080214968152867,0,25,None,66,1,5,False,1000,1000
12665,110,random,10,0.767515923566879,0,26,None,66,1,5,False,1000,1000
12666,111,random,10,0.769406847133758,0,26,None,66,1,5,False,1000,1000
12667,112,random,10,0.7700039808917197,0,26,None,66,1,5,False,1000,1000
12668,113,random,10,0.7703025477707006,0,26,None,66,1,5,False,1000,1000
12669,114,random,10,0.7710987261146497,0,26,None,66,1,5,False,1000,1000
12670,110,random,10,0.4293391719745223,0,3,None,66,1,5,False,1000,1000
12671,111,random,10,0.3968949044585987,0,3,None,66,1,5,False,1000,1000
12672,112,random,10,0.3859474522292994,0,3,None,66,1,5,False,1000,1000
12673,113,random,10,0.3875398089171974,0,3,None,66,1,5,False,1000,1000
12674,114,random,10,0.3799761146496815,0,3,None,66,1,5,False,1000,1000
12675,110,random,10,0.8035429936305732,0,0,None,66,1,5,False,1000,1000
12676,111,random,10,0.8034434713375797,0,0,None,66,1,5,False,1000,1000
12677,112,random,10,0.8029458598726115,0,0,None,66,1,5,False,1000,1000
12678,113,random,10,0.8028463375796179,0,0,None,66,1,5,False,1000,1000
12679,114,random,10,0.8024482484076433,0,0,None,66,1,5,False,1000,1000
12680,110,random,10,0.7593550955414012,0,8,None,66,1,5,False,1000,1000
12681,111,random,10,0.7601512738853503,0,8,None,66,1,5,False,1000,1000
12682,112,random,10,0.7619426751592356,0,8,None,66,1,5,False,1000,1000
12683,113,random,10,0.7641321656050956,0,8,None,66,1,5,False,1000,1000
12684,114,random,10,0.7653264331210191,0,8,None,66,1,5,False,1000,1000
12685,110,random,10,0.7943869426751592,0,16,None,66,1,5,False,1000,1000
12686,111,random,10,0.7952826433121019,0,16,None,66,1,5,False,1000,1000
12687,112,random,10,0.7974721337579618,0,16,None,66,1,5,False,1000,1000
12688,113,random,10,0.7986664012738853,0,16,None,66,1,5,False,1000,1000
12689,114,random,10,0.8003582802547771,0,16,None,66,1,5,False,1000,1000
12690,110,random,10,0.7897093949044586,0,4,None,66,1,5,False,1000,1000
12691,111,random,10,0.7887141719745223,0,4,None,66,1,5,False,1000,1000
12692,112,random,10,0.7890127388535032,0,4,None,66,1,5,False,1000,1000
12693,113,random,10,0.7891122611464968,0,4,None,66,1,5,False,1000,1000
12694,114,random,10,0.7891122611464968,0,4,None,66,1,5,False,1000,1000
12695,110,random,10,0.7765724522292994,0,18,None,66,1,5,False,1000,1000
12696,111,random,10,0.7753781847133758,0,18,None,66,1,5,False,1000,1000
12697,112,random,10,0.7756767515923567,0,18,None,66,1,5,False,1000,1000
12698,113,random,10,0.7762738853503185,0,18,None,66,1,5,False,1000,1000
12699,114,random,10,0.7763734076433121,0,18,None,66,1,5,False,1000,1000
12700,110,random,10,0.7897093949044586,0,19,None,66,1,5,False,1000,1000
12701,111,random,10,0.7910031847133758,0,19,None,66,1,5,False,1000,1000
12702,112,random,10,0.7908041401273885,0,19,None,66,1,5,False,1000,1000
12703,113,random,10,0.7910031847133758,0,19,None,66,1,5,False,1000,1000
12704,114,random,10,0.7909036624203821,0,19,None,66,1,5,False,1000,1000
12705,115,random,10,0.8058320063694268,0,25,None,66,1,5,False,1000,1000
12706,116,random,10,0.8062300955414012,0,25,None,66,1,5,False,1000,1000
12707,117,random,10,0.8054339171974523,0,25,None,66,1,5,False,1000,1000
12708,118,random,10,0.8055334394904459,0,25,None,66,1,5,False,1000,1000
12709,119,random,10,0.8058320063694268,0,25,None,66,1,5,False,1000,1000
12710,115,random,10,0.7933917197452229,0,1,None,66,1,5,False,1000,1000
12711,116,random,10,0.7933917197452229,0,1,None,66,1,5,False,1000,1000
12712,117,random,10,0.7940883757961783,0,1,None,66,1,5,False,1000,1000
12713,118,random,10,0.7938893312101911,0,1,None,66,1,5,False,1000,1000
12714,119,random,10,0.794187898089172,0,1,None,66,1,5,False,1000,1000
12715,115,random,10,0.473328025477707,0,2,None,66,1,5,False,1000,1000
12716,116,random,10,0.5259753184713376,0,2,None,66,1,5,False,1000,1000
12717,117,random,10,0.5828025477707006,0,2,None,66,1,5,False,1000,1000
12718,118,random,10,0.6125597133757962,0,2,None,66,1,5,False,1000,1000
12719,119,random,10,0.65625,0,2,None,66,1,5,False,1000,1000
12720,115,random,10,0.7916998407643312,0,23,None,66,1,5,False,1000,1000
12721,116,random,10,0.7919984076433121,0,23,None,66,1,5,False,1000,1000
12722,117,random,10,0.7924960191082803,0,23,None,66,1,5,False,1000,1000
12723,118,random,10,0.7929936305732485,0,23,None,66,1,5,False,1000,1000
12724,119,random,10,0.7927945859872612,0,23,None,66,1,5,False,1000,1000
12725,115,random,10,0.8013535031847133,0,9,None,66,1,5,False,1000,1000
12726,116,random,10,0.8029458598726115,0,9,None,66,1,5,False,1000,1000
12727,117,random,10,0.8040406050955414,0,9,None,66,1,5,False,1000,1000
12728,118,random,10,0.8051353503184714,0,9,None,66,1,5,False,1000,1000
12729,119,random,10,0.8062300955414012,0,9,None,66,1,5,False,1000,1000
12730,115,random,10,0.7097929936305732,0,28,None,66,1,5,False,1000,1000
12731,116,random,10,0.7115843949044586,0,28,None,66,1,5,False,1000,1000
12732,117,random,10,0.7120820063694268,0,28,None,66,1,5,False,1000,1000
12733,118,random,10,0.7117834394904459,0,28,None,66,1,5,False,1000,1000
12734,119,random,10,0.7097929936305732,0,28,None,66,1,5,False,1000,1000
12735,115,random,10,0.7394506369426752,0,29,None,66,1,5,False,1000,1000
12736,116,random,10,0.7418391719745223,0,29,None,66,1,5,False,1000,1000
12737,117,random,10,0.7445262738853503,0,29,None,66,1,5,False,1000,1000
12738,118,random,10,0.7453224522292994,0,29,None,66,1,5,False,1000,1000
12739,119,random,10,0.7495023885350318,0,29,None,66,1,5,False,1000,1000
12740,115,random,10,0.7623407643312102,0,8,None,66,1,5,False,1000,1000
12741,116,random,10,0.7644307324840764,0,8,None,66,1,5,False,1000,1000
12742,117,random,10,0.7658240445859873,0,8,None,66,1,5,False,1000,1000
12743,118,random,10,0.7669187898089171,0,8,None,66,1,5,False,1000,1000
12744,119,random,10,0.768312101910828,0,8,None,66,1,5,False,1000,1000
12745,115,random,10,0.7969745222929936,0,16,None,66,1,5,False,1000,1000
12746,116,random,10,0.7983678343949044,0,16,None,66,1,5,False,1000,1000
12747,117,random,10,0.7989649681528662,0,16,None,66,1,5,False,1000,1000
12748,118,random,10,0.7991640127388535,0,16,None,66,1,5,False,1000,1000
12749,119,random,10,0.8007563694267515,0,16,None,66,1,5,False,1000,1000
12750,115,random,10,0.7868232484076433,0,5,None,66,1,5,False,1000,1000
12751,116,random,10,0.7874203821656051,0,5,None,66,1,5,False,1000,1000
12752,117,random,10,0.7874203821656051,0,5,None,66,1,5,False,1000,1000
12753,118,random,10,0.7876194267515924,0,5,None,66,1,5,False,1000,1000
12754,119,random,10,0.7880175159235668,0,5,None,66,1,5,False,1000,1000
12755,115,random,10,0.7660230891719745,0,26,None,66,1,5,False,1000,1000
12756,116,random,10,0.7689092356687898,0,26,None,66,1,5,False,1000,1000
12757,117,random,10,0.7690087579617835,0,26,None,66,1,5,False,1000,1000
12758,118,random,10,0.7700039808917197,0,26,None,66,1,5,False,1000,1000
12759,119,random,10,0.7711982484076433,0,26,None,66,1,5,False,1000,1000
12760,115,random,10,0.7800557324840764,0,6,None,66,1,5,False,1000,1000
12761,116,random,10,0.7803542993630573,0,6,None,66,1,5,False,1000,1000
12762,117,random,10,0.7803542993630573,0,6,None,66,1,5,False,1000,1000
12763,118,random,10,0.7802547770700637,0,6,None,66,1,5,False,1000,1000
12764,119,random,10,0.7806528662420382,0,6,None,66,1,5,False,1000,1000
12765,115,random,10,0.7886146496815286,0,30,None,66,1,5,False,1000,1000
12766,116,random,10,0.7863256369426752,0,30,None,66,1,5,False,1000,1000
12767,117,random,10,0.7857285031847133,0,30,None,66,1,5,False,1000,1000
12768,118,random,10,0.7855294585987261,0,30,None,66,1,5,False,1000,1000
12769,119,random,10,0.7855294585987261,0,30,None,66,1,5,False,1000,1000
12770,115,random,10,0.6171377388535032,0,20,None,66,1,5,False,1000,1000
12771,116,random,10,0.6546576433121019,0,20,None,66,1,5,False,1000,1000
12772,117,random,10,0.6659036624203821,0,20,None,66,1,5,False,1000,1000
12773,118,random,10,0.6749601910828026,0,20,None,66,1,5,False,1000,1000
12774,119,random,10,0.6844148089171974,0,20,None,66,1,5,False,1000,1000
12775,115,random,10,0.7663216560509554,0,15,None,66,1,5,False,1000,1000
12776,116,random,10,0.7681130573248408,0,15,None,66,1,5,False,1000,1000
12777,117,random,10,0.7703025477707006,0,15,None,66,1,5,False,1000,1000
12778,118,random,10,0.771297770700637,0,15,None,66,1,5,False,1000,1000
12779,119,random,10,0.7731886942675159,0,15,None,66,1,5,False,1000,1000
12780,115,random,10,0.7796576433121019,0,22,None,66,1,5,False,1000,1000
12781,116,random,10,0.7798566878980892,0,22,None,66,1,5,False,1000,1000
12782,117,random,10,0.7807523885350318,0,22,None,66,1,5,False,1000,1000
12783,118,random,10,0.78125,0,22,None,66,1,5,False,1000,1000
12784,119,random,10,0.7816480891719745,0,22,None,66,1,5,False,1000,1000
12785,115,random,10,0.7878184713375797,0,14,None,66,1,5,False,1000,1000
12786,116,random,10,0.7886146496815286,0,14,None,66,1,5,False,1000,1000
12787,117,random,10,0.788515127388535,0,14,None,66,1,5,False,1000,1000
12788,118,random,10,0.7880175159235668,0,14,None,66,1,5,False,1000,1000
12789,119,random,10,0.788515127388535,0,14,None,66,1,5,False,1000,1000
12790,115,random,10,0.7418391719745223,0,10,None,66,1,5,False,1000,1000
12791,116,random,10,0.7436305732484076,0,10,None,66,1,5,False,1000,1000
12792,117,random,10,0.7467157643312102,0,10,None,66,1,5,False,1000,1000
12793,118,random,10,0.7484076433121019,0,10,None,66,1,5,False,1000,1000
12794,119,random,10,0.7502985668789809,0,10,None,66,1,5,False,1000,1000
12795,115,random,10,0.5161226114649682,0,3,None,66,1,5,False,1000,1000
12796,116,random,10,0.4744227707006369,0,3,None,66,1,5,False,1000,1000
12797,117,random,10,0.4524283439490446,0,3,None,66,1,5,False,1000,1000
12798,118,random,10,0.4417794585987261,0,3,None,66,1,5,False,1000,1000
12799,119,random,10,0.4303343949044586,0,3,None,66,1,5,False,1000,1000
12800,115,random,10,0.4189888535031847,0,11,None,66,1,5,False,1000,1000
12801,116,random,10,0.3973925159235669,0,11,None,66,1,5,False,1000,1000
12802,117,random,10,0.3801751592356688,0,11,None,66,1,5,False,1000,1000
12803,118,random,10,0.3670382165605095,0,11,None,66,1,5,False,1000,1000
12804,119,random,10,0.3559912420382166,0,11,None,66,1,5,False,1000,1000
12805,115,random,10,0.7672173566878981,0,17,None,66,1,5,False,1000,1000
12806,116,random,10,0.7665207006369427,0,17,None,66,1,5,False,1000,1000
12807,117,random,10,0.7671178343949044,0,17,None,66,1,5,False,1000,1000
12808,118,random,10,0.7681130573248408,0,17,None,66,1,5,False,1000,1000
12809,119,random,10,0.7682125796178344,0,17,None,66,1,5,False,1000,1000
12810,115,random,10,0.7444267515923567,0,21,None,66,1,5,False,1000,1000
12811,116,random,10,0.7423367834394905,0,21,None,66,1,5,False,1000,1000
12812,117,random,10,0.7392515923566879,0,21,None,66,1,5,False,1000,1000
12813,118,random,10,0.7387539808917197,0,21,None,66,1,5,False,1000,1000
12814,119,random,10,0.7369625796178344,0,21,None,66,1,5,False,1000,1000
12815,115,random,10,0.792296974522293,0,19,None,66,1,5,False,1000,1000
12816,116,random,10,0.7918988853503185,0,19,None,66,1,5,False,1000,1000
12817,117,random,10,0.792296974522293,0,19,None,66,1,5,False,1000,1000
12818,118,random,10,0.793093152866242,0,19,None,66,1,5,False,1000,1000
12819,119,random,10,0.793093152866242,0,19,None,66,1,5,False,1000,1000
12820,115,random,10,0.7191480891719745,0,24,None,66,1,5,False,1000,1000
12821,116,random,10,0.7227308917197452,0,24,None,66,1,5,False,1000,1000
12822,117,random,10,0.7246218152866242,0,24,None,66,1,5,False,1000,1000
12823,118,random,10,0.7280055732484076,0,24,None,66,1,5,False,1000,1000
12824,119,random,10,0.7295979299363057,0,24,None,66,1,5,False,1000,1000
12825,115,random,10,0.786922770700637,0,12,None,66,1,5,False,1000,1000
12826,116,random,10,0.7873208598726115,0,12,None,66,1,5,False,1000,1000
12827,117,random,10,0.7872213375796179,0,12,None,66,1,5,False,1000,1000
12828,118,random,10,0.7879179936305732,0,12,None,66,1,5,False,1000,1000
12829,119,random,10,0.7875199044585988,0,12,None,66,1,5,False,1000,1000
12830,115,random,10,0.7993630573248408,0,13,None,66,1,5,False,1000,1000
12831,116,random,10,0.7993630573248408,0,13,None,66,1,5,False,1000,1000
12832,117,random,10,0.7993630573248408,0,13,None,66,1,5,False,1000,1000
12833,118,random,10,0.7990644904458599,0,13,None,66,1,5,False,1000,1000
12834,119,random,10,0.7991640127388535,0,13,None,66,1,5,False,1000,1000
12835,115,random,10,0.8032444267515924,0,0,None,66,1,5,False,1000,1000
12836,116,random,10,0.803343949044586,0,0,None,66,1,5,False,1000,1000
12837,117,random,10,0.8030453821656051,0,0,None,66,1,5,False,1000,1000
12838,118,random,10,0.8029458598726115,0,0,None,66,1,5,False,1000,1000
12839,119,random,10,0.8032444267515924,0,0,None,66,1,5,False,1000,1000
12840,120,random,10,0.8059315286624203,0,25,None,66,1,5,False,1000,1000
12841,121,random,10,0.8058320063694268,0,25,None,66,1,5,False,1000,1000
12842,122,random,10,0.8054339171974523,0,25,None,66,1,5,False,1000,1000
12843,123,random,10,0.8055334394904459,0,25,None,66,1,5,False,1000,1000
12844,124,random,10,0.8053343949044586,0,25,None,66,1,5,False,1000,1000
12845,115,random,10,0.744327229299363,0,27,None,66,1,5,False,1000,1000
12846,116,random,10,0.7458200636942676,0,27,None,66,1,5,False,1000,1000
12847,117,random,10,0.7468152866242038,0,27,None,66,1,5,False,1000,1000
12848,118,random,10,0.7467157643312102,0,27,None,66,1,5,False,1000,1000
12849,119,random,10,0.7475119426751592,0,27,None,66,1,5,False,1000,1000
12850,115,random,10,0.7771695859872612,0,18,None,66,1,5,False,1000,1000
12851,116,random,10,0.7772691082802548,0,18,None,66,1,5,False,1000,1000
12852,117,random,10,0.777468152866242,0,18,None,66,1,5,False,1000,1000
12853,118,random,10,0.7779657643312102,0,18,None,66,1,5,False,1000,1000
12854,119,random,10,0.7781648089171974,0,18,None,66,1,5,False,1000,1000
12855,115,random,10,0.7931926751592356,0,31,None,66,1,5,False,1000,1000
12856,116,random,10,0.7937898089171974,0,31,None,66,1,5,False,1000,1000
12857,117,random,10,0.7940883757961783,0,31,None,66,1,5,False,1000,1000
12858,118,random,10,0.7942874203821656,0,31,None,66,1,5,False,1000,1000
12859,119,random,10,0.7944864649681529,0,31,None,66,1,5,False,1000,1000
12860,120,random,10,0.7234275477707006,0,24,None,66,1,5,False,1000,1000
12861,121,random,10,0.725218949044586,0,24,None,66,1,5,False,1000,1000
12862,122,random,10,0.7282046178343949,0,24,None,66,1,5,False,1000,1000
12863,123,random,10,0.7306926751592356,0,24,None,66,1,5,False,1000,1000
12864,124,random,10,0.7321855095541401,0,24,None,66,1,5,False,1000,1000
12865,120,random,10,0.7948845541401274,0,31,None,66,1,5,False,1000,1000
12866,121,random,10,0.7951831210191083,0,31,None,66,1,5,False,1000,1000
12867,122,random,10,0.79578025477707,0,31,None,66,1,5,False,1000,1000
12868,123,random,10,0.7955812101910829,0,31,None,66,1,5,False,1000,1000
12869,124,random,10,0.7956807324840764,0,31,None,66,1,5,False,1000,1000
12870,115,random,10,0.7870222929936306,0,7,None,66,1,5,False,1000,1000
12871,116,random,10,0.7880175159235668,0,7,None,66,1,5,False,1000,1000
12872,117,random,10,0.7882165605095541,0,7,None,66,1,5,False,1000,1000
12873,118,random,10,0.7888136942675159,0,7,None,66,1,5,False,1000,1000
12874,119,random,10,0.7890127388535032,0,7,None,66,1,5,False,1000,1000
12875,115,random,10,0.78125,0,32,None,66,1,5,False,1000,1000
12876,116,random,10,0.7815485668789809,0,32,None,66,1,5,False,1000,1000
12877,117,random,10,0.7813495222929936,0,32,None,66,1,5,False,1000,1000
12878,118,random,10,0.7821457006369427,0,32,None,66,1,5,False,1000,1000
12879,119,random,10,0.7822452229299363,0,32,None,66,1,5,False,1000,1000
12880,115,random,10,0.7914012738853503,0,4,None,66,1,5,False,1000,1000
12881,116,random,10,0.7900079617834395,0,4,None,66,1,5,False,1000,1000
12882,117,random,10,0.7902070063694268,0,4,None,66,1,5,False,1000,1000
12883,118,random,10,0.7909036624203821,0,4,None,66,1,5,False,1000,1000
12884,119,random,10,0.7908041401273885,0,4,None,66,1,5,False,1000,1000
12885,120,random,10,0.7822452229299363,0,32,None,66,1,5,False,1000,1000
12886,121,random,10,0.7824442675159236,0,32,None,66,1,5,False,1000,1000
12887,122,random,10,0.7834394904458599,0,32,None,66,1,5,False,1000,1000
12888,123,random,10,0.7834394904458599,0,32,None,66,1,5,False,1000,1000
12889,124,random,10,0.7838375796178344,0,32,None,66,1,5,False,1000,1000
12890,120,random,10,0.7936902866242038,0,1,None,66,1,5,False,1000,1000
12891,121,random,10,0.7940883757961783,0,1,None,66,1,5,False,1000,1000
12892,122,random,10,0.7942874203821656,0,1,None,66,1,5,False,1000,1000
12893,123,random,10,0.7936902866242038,0,1,None,66,1,5,False,1000,1000
12894,124,random,10,0.7940883757961783,0,1,None,66,1,5,False,1000,1000
12895,120,random,10,0.7986664012738853,0,13,None,66,1,5,False,1000,1000
12896,121,random,10,0.7985668789808917,0,13,None,66,1,5,False,1000,1000
12897,122,random,10,0.798765923566879,0,13,None,66,1,5,False,1000,1000
12898,123,random,10,0.7986664012738853,0,13,None,66,1,5,False,1000,1000
12899,124,random,10,0.7982683121019108,0,13,None,66,1,5,False,1000,1000
12900,120,random,10,0.7422372611464968,0,21,None,66,1,5,False,1000,1000
12901,121,random,10,0.7379578025477707,0,21,None,66,1,5,False,1000,1000
12902,122,random,10,0.7350716560509554,0,21,None,66,1,5,False,1000,1000
12903,123,random,10,0.73328025477707,0,21,None,66,1,5,False,1000,1000
12904,124,random,10,0.7329816878980892,0,21,None,66,1,5,False,1000,1000
12905,120,random,10,0.7456210191082803,0,27,None,66,1,5,False,1000,1000
12906,121,random,10,0.7468152866242038,0,27,None,66,1,5,False,1000,1000
12907,122,random,10,0.748109076433121,0,27,None,66,1,5,False,1000,1000
12908,123,random,10,0.7490047770700637,0,27,None,66,1,5,False,1000,1000
12909,124,random,10,0.7494028662420382,0,27,None,66,1,5,False,1000,1000
12910,120,random,10,0.7419386942675159,0,29,None,66,1,5,False,1000,1000
12911,121,random,10,0.745421974522293,0,29,None,66,1,5,False,1000,1000
12912,122,random,10,0.74890525477707,0,29,None,66,1,5,False,1000,1000
12913,123,random,10,0.7515923566878981,0,29,None,66,1,5,False,1000,1000
12914,124,random,10,0.7534832802547771,0,29,None,66,1,5,False,1000,1000
12915,120,random,10,0.505672770700637,0,2,None,66,1,5,False,1000,1000
12916,121,random,10,0.5645899681528662,0,2,None,66,1,5,False,1000,1000
12917,122,random,10,0.6030055732484076,0,2,None,66,1,5,False,1000,1000
12918,123,random,10,0.643312101910828,0,2,None,66,1,5,False,1000,1000
12919,124,random,10,0.6766520700636943,0,2,None,66,1,5,False,1000,1000
12920,120,random,10,0.800656847133758,0,9,None,66,1,5,False,1000,1000
12921,121,random,10,0.8026472929936306,0,9,None,66,1,5,False,1000,1000
12922,122,random,10,0.8029458598726115,0,9,None,66,1,5,False,1000,1000
12923,123,random,10,0.8045382165605095,0,9,None,66,1,5,False,1000,1000
12924,124,random,10,0.8058320063694268,0,9,None,66,1,5,False,1000,1000
12925,120,random,10,0.7687101910828026,0,17,None,66,1,5,False,1000,1000
12926,121,random,10,0.7696058917197452,0,17,None,66,1,5,False,1000,1000
12927,122,random,10,0.7704020700636943,0,17,None,66,1,5,False,1000,1000
12928,123,random,10,0.7705015923566879,0,17,None,66,1,5,False,1000,1000
12929,124,random,10,0.771297770700637,0,17,None,66,1,5,False,1000,1000
12930,120,random,10,0.7049164012738853,0,28,None,66,1,5,False,1000,1000
12931,121,random,10,0.7067078025477707,0,28,None,66,1,5,False,1000,1000
12932,122,random,10,0.7079020700636943,0,28,None,66,1,5,False,1000,1000
12933,123,random,10,0.7071058917197452,0,28,None,66,1,5,False,1000,1000
12934,124,random,10,0.7052149681528662,0,28,None,66,1,5,False,1000,1000
12935,120,random,10,0.7879179936305732,0,5,None,66,1,5,False,1000,1000
12936,121,random,10,0.7880175159235668,0,5,None,66,1,5,False,1000,1000
12937,122,random,10,0.7883160828025477,0,5,None,66,1,5,False,1000,1000
12938,123,random,10,0.788515127388535,0,5,None,66,1,5,False,1000,1000
12939,124,random,10,0.7879179936305732,0,5,None,66,1,5,False,1000,1000
12940,120,random,10,0.7889132165605095,0,7,None,66,1,5,False,1000,1000
12941,121,random,10,0.7887141719745223,0,7,None,66,1,5,False,1000,1000
12942,122,random,10,0.7895103503184714,0,7,None,66,1,5,False,1000,1000
12943,123,random,10,0.7900079617834395,0,7,None,66,1,5,False,1000,1000
12944,124,random,10,0.7901074840764332,0,7,None,66,1,5,False,1000,1000
12945,120,random,10,0.78125,0,6,None,66,1,5,False,1000,1000
12946,121,random,10,0.78125,0,6,None,66,1,5,False,1000,1000
12947,122,random,10,0.7816480891719745,0,6,None,66,1,5,False,1000,1000
12948,123,random,10,0.7817476114649682,0,6,None,66,1,5,False,1000,1000
12949,124,random,10,0.7822452229299363,0,6,None,66,1,5,False,1000,1000
12950,120,random,10,0.7873208598726115,0,12,None,66,1,5,False,1000,1000
12951,121,random,10,0.7873208598726115,0,12,None,66,1,5,False,1000,1000
12952,122,random,10,0.7878184713375797,0,12,None,66,1,5,False,1000,1000
12953,123,random,10,0.7875199044585988,0,12,None,66,1,5,False,1000,1000
12954,124,random,10,0.7880175159235668,0,12,None,66,1,5,False,1000,1000
12955,120,random,10,0.765625,0,26,None,66,1,5,False,1000,1000
12956,121,random,10,0.7672173566878981,0,26,None,66,1,5,False,1000,1000
12957,122,random,10,0.7682125796178344,0,26,None,66,1,5,False,1000,1000
12958,123,random,10,0.7708001592356688,0,26,None,66,1,5,False,1000,1000
12959,124,random,10,0.7709992038216561,0,26,None,66,1,5,False,1000,1000
12960,120,random,10,0.7893113057324841,0,30,None,66,1,5,False,1000,1000
12961,121,random,10,0.786922770700637,0,30,None,66,1,5,False,1000,1000
12962,122,random,10,0.7870222929936306,0,30,None,66,1,5,False,1000,1000
12963,123,random,10,0.7871218152866242,0,30,None,66,1,5,False,1000,1000
12964,124,random,10,0.7868232484076433,0,30,None,66,1,5,False,1000,1000
12965,120,random,10,0.7971735668789809,0,16,None,66,1,5,False,1000,1000
12966,121,random,10,0.7988654458598726,0,16,None,66,1,5,False,1000,1000
12967,122,random,10,0.7994625796178344,0,16,None,66,1,5,False,1000,1000
12968,123,random,10,0.8001592356687898,0,16,None,66,1,5,False,1000,1000
12969,124,random,10,0.8010549363057324,0,16,None,66,1,5,False,1000,1000
12970,120,random,10,0.78015525477707,0,18,None,66,1,5,False,1000,1000
12971,121,random,10,0.7799562101910829,0,18,None,66,1,5,False,1000,1000
12972,122,random,10,0.7792595541401274,0,18,None,66,1,5,False,1000,1000
12973,123,random,10,0.7798566878980892,0,18,None,66,1,5,False,1000,1000
12974,124,random,10,0.7803542993630573,0,18,None,66,1,5,False,1000,1000
12975,120,random,10,0.763734076433121,0,8,None,66,1,5,False,1000,1000
12976,121,random,10,0.7644307324840764,0,8,None,66,1,5,False,1000,1000
12977,122,random,10,0.7662221337579618,0,8,None,66,1,5,False,1000,1000
12978,123,random,10,0.7685111464968153,0,8,None,66,1,5,False,1000,1000
12979,124,random,10,0.7701035031847133,0,8,None,66,1,5,False,1000,1000
12980,120,random,10,0.7933917197452229,0,19,None,66,1,5,False,1000,1000
12981,121,random,10,0.7932921974522293,0,19,None,66,1,5,False,1000,1000
12982,122,random,10,0.7943869426751592,0,19,None,66,1,5,False,1000,1000
12983,123,random,10,0.7942874203821656,0,19,None,66,1,5,False,1000,1000
12984,124,random,10,0.7945859872611465,0,19,None,66,1,5,False,1000,1000
12985,120,random,10,0.5979299363057324,0,20,None,66,1,5,False,1000,1000
12986,121,random,10,0.6448049363057324,0,20,None,66,1,5,False,1000,1000
12987,122,random,10,0.6650079617834395,0,20,None,66,1,5,False,1000,1000
12988,123,random,10,0.6688893312101911,0,20,None,66,1,5,False,1000,1000
12989,124,random,10,0.6706807324840764,0,20,None,66,1,5,False,1000,1000
12990,120,random,10,0.7421377388535032,0,10,None,66,1,5,False,1000,1000
12991,121,random,10,0.7440286624203821,0,10,None,66,1,5,False,1000,1000
12992,122,random,10,0.747312898089172,0,10,None,66,1,5,False,1000,1000
12993,123,random,10,0.7491042993630573,0,10,None,66,1,5,False,1000,1000
12994,124,random,10,0.7495023885350318,0,10,None,66,1,5,False,1000,1000
12995,120,random,10,0.5784235668789809,0,3,None,66,1,5,False,1000,1000
12996,121,random,10,0.53234474522293,0,3,None,66,1,5,False,1000,1000
12997,122,random,10,0.5020899681528662,0,3,None,66,1,5,False,1000,1000
12998,123,random,10,0.4854697452229299,0,3,None,66,1,5,False,1000,1000
12999,124,random,10,0.4732285031847134,0,3,None,66,1,5,False,1000,1000
13000,120,random,10,0.4227707006369426,0,11,None,66,1,5,False,1000,1000
13001,121,random,10,0.4039609872611465,0,11,None,66,1,5,False,1000,1000
13002,122,random,10,0.3898288216560509,0,11,None,66,1,5,False,1000,1000
13003,123,random,10,0.3775875796178344,0,11,None,66,1,5,False,1000,1000
13004,124,random,10,0.366640127388535,0,11,None,66,1,5,False,1000,1000
13005,120,random,10,0.7635350318471338,0,15,None,66,1,5,False,1000,1000
13006,121,random,10,0.7649283439490446,0,15,None,66,1,5,False,1000,1000
13007,122,random,10,0.7663216560509554,0,15,None,66,1,5,False,1000,1000
13008,123,random,10,0.7682125796178344,0,15,None,66,1,5,False,1000,1000
13009,124,random,10,0.7698049363057324,0,15,None,66,1,5,False,1000,1000
13010,120,random,10,0.7932921974522293,0,23,None,66,1,5,False,1000,1000
13011,121,random,10,0.7933917197452229,0,23,None,66,1,5,False,1000,1000
13012,122,random,10,0.7939888535031847,0,23,None,66,1,5,False,1000,1000
13013,123,random,10,0.7945859872611465,0,23,None,66,1,5,False,1000,1000
13014,124,random,10,0.7946855095541401,0,23,None,66,1,5,False,1000,1000
13015,120,random,10,0.8034434713375797,0,0,None,66,1,5,False,1000,1000
13016,121,random,10,0.8040406050955414,0,0,None,66,1,5,False,1000,1000
13017,122,random,10,0.803343949044586,0,0,None,66,1,5,False,1000,1000
13018,123,random,10,0.8026472929936306,0,0,None,66,1,5,False,1000,1000
13019,124,random,10,0.802547770700637,0,0,None,66,1,5,False,1000,1000
13020,120,random,10,0.7875199044585988,0,14,None,66,1,5,False,1000,1000
13021,121,random,10,0.7890127388535032,0,14,None,66,1,5,False,1000,1000
13022,122,random,10,0.7886146496815286,0,14,None,66,1,5,False,1000,1000
13023,123,random,10,0.789609872611465,0,14,None,66,1,5,False,1000,1000
13024,124,random,10,0.7901074840764332,0,14,None,66,1,5,False,1000,1000
13025,120,random,10,0.7901074840764332,0,4,None,66,1,5,False,1000,1000
13026,121,random,10,0.7899084394904459,0,4,None,66,1,5,False,1000,1000
13027,122,random,10,0.7895103503184714,0,4,None,66,1,5,False,1000,1000
13028,123,random,10,0.7903065286624203,0,4,None,66,1,5,False,1000,1000
13029,124,random,10,0.7901074840764332,0,4,None,66,1,5,False,1000,1000
13030,120,random,10,0.7810509554140127,0,22,None,66,1,5,False,1000,1000
13031,121,random,10,0.7805533439490446,0,22,None,66,1,5,False,1000,1000
13032,122,random,10,0.7804538216560509,0,22,None,66,1,5,False,1000,1000
13033,123,random,10,0.7806528662420382,0,22,None,66,1,5,False,1000,1000
13034,124,random,10,0.7806528662420382,0,22,None,66,1,5,False,1000,1000
13035,125,random,10,0.7953821656050956,0,31,None,66,1,5,False,1000,1000
13036,126,random,10,0.7959792993630573,0,31,None,66,1,5,False,1000,1000
13037,127,random,10,0.79578025477707,0,31,None,66,1,5,False,1000,1000
13038,128,random,10,0.7959792993630573,0,31,None,66,1,5,False,1000,1000
13039,129,random,10,0.7962778662420382,0,31,None,66,1,5,False,1000,1000
13040,125,random,10,0.8054339171974523,0,25,None,66,1,5,False,1000,1000
13041,126,random,10,0.8048367834394905,0,25,None,66,1,5,False,1000,1000
13042,127,random,10,0.8050358280254777,0,25,None,66,1,5,False,1000,1000
13043,128,random,10,0.8051353503184714,0,25,None,66,1,5,False,1000,1000
13044,129,random,10,0.8050358280254777,0,25,None,66,1,5,False,1000,1000
13045,125,random,10,0.7935907643312102,0,1,None,66,1,5,False,1000,1000
13046,126,random,10,0.7928941082802548,0,1,None,66,1,5,False,1000,1000
13047,127,random,10,0.7931926751592356,0,1,None,66,1,5,False,1000,1000
13048,128,random,10,0.7927945859872612,0,1,None,66,1,5,False,1000,1000
13049,129,random,10,0.7935907643312102,0,1,None,66,1,5,False,1000,1000
13050,125,random,10,0.7460191082802548,0,29,None,66,1,5,False,1000,1000
13051,126,random,10,0.7502985668789809,0,29,None,66,1,5,False,1000,1000
13052,127,random,10,0.7513933121019108,0,29,None,66,1,5,False,1000,1000
13053,128,random,10,0.753781847133758,0,29,None,66,1,5,False,1000,1000
13054,129,random,10,0.7561703821656051,0,29,None,66,1,5,False,1000,1000
13055,125,random,10,0.7439291401273885,0,27,None,66,1,5,False,1000,1000
13056,126,random,10,0.745421974522293,0,27,None,66,1,5,False,1000,1000
13057,127,random,10,0.746218152866242,0,27,None,66,1,5,False,1000,1000
13058,128,random,10,0.7480095541401274,0,27,None,66,1,5,False,1000,1000
13059,129,random,10,0.7482085987261147,0,27,None,66,1,5,False,1000,1000
13060,125,random,10,0.788515127388535,0,14,None,66,1,5,False,1000,1000
13061,126,random,10,0.7897093949044586,0,14,None,66,1,5,False,1000,1000
13062,127,random,10,0.7903065286624203,0,14,None,66,1,5,False,1000,1000
13063,128,random,10,0.7906050955414012,0,14,None,66,1,5,False,1000,1000
13064,129,random,10,0.7911027070063694,0,14,None,66,1,5,False,1000,1000
13065,125,random,10,0.765625,0,26,None,66,1,5,False,1000,1000
13066,126,random,10,0.7680135350318471,0,26,None,66,1,5,False,1000,1000
13067,127,random,10,0.7696058917197452,0,26,None,66,1,5,False,1000,1000
13068,128,random,10,0.7711982484076433,0,26,None,66,1,5,False,1000,1000
13069,129,random,10,0.7719944267515924,0,26,None,66,1,5,False,1000,1000
13070,125,random,10,0.7898089171974523,0,30,None,66,1,5,False,1000,1000
13071,126,random,10,0.7887141719745223,0,30,None,66,1,5,False,1000,1000
13072,127,random,10,0.7872213375796179,0,30,None,66,1,5,False,1000,1000
13073,128,random,10,0.7871218152866242,0,30,None,66,1,5,False,1000,1000
13074,129,random,10,0.787718949044586,0,30,None,66,1,5,False,1000,1000
13075,125,random,10,0.798765923566879,0,16,None,66,1,5,False,1000,1000
13076,126,random,10,0.7993630573248408,0,16,None,66,1,5,False,1000,1000
13077,127,random,10,0.8004578025477707,0,16,None,66,1,5,False,1000,1000
13078,128,random,10,0.8009554140127388,0,16,None,66,1,5,False,1000,1000
13079,129,random,10,0.8016520700636943,0,16,None,66,1,5,False,1000,1000
13080,125,random,10,0.7980692675159236,0,13,None,66,1,5,False,1000,1000
13081,126,random,10,0.7982683121019108,0,13,None,66,1,5,False,1000,1000
13082,127,random,10,0.79796974522293,0,13,None,66,1,5,False,1000,1000
13083,128,random,10,0.7980692675159236,0,13,None,66,1,5,False,1000,1000
13084,129,random,10,0.7978702229299363,0,13,None,66,1,5,False,1000,1000
13085,125,random,10,0.7424363057324841,0,21,None,66,1,5,False,1000,1000
13086,126,random,10,0.7379578025477707,0,21,None,66,1,5,False,1000,1000
13087,127,random,10,0.7291003184713376,0,21,None,66,1,5,False,1000,1000
13088,128,random,10,0.7258160828025477,0,21,None,66,1,5,False,1000,1000
13089,129,random,10,0.7234275477707006,0,21,None,66,1,5,False,1000,1000
13090,125,random,10,0.7951831210191083,0,19,None,66,1,5,False,1000,1000
13091,126,random,10,0.79578025477707,0,19,None,66,1,5,False,1000,1000
13092,127,random,10,0.7960788216560509,0,19,None,66,1,5,False,1000,1000
13093,128,random,10,0.7963773885350318,0,19,None,66,1,5,False,1000,1000
13094,129,random,10,0.7963773885350318,0,19,None,66,1,5,False,1000,1000
13095,125,random,10,0.7264132165605095,0,24,None,66,1,5,False,1000,1000
13096,126,random,10,0.7289012738853503,0,24,None,66,1,5,False,1000,1000
13097,127,random,10,0.7302945859872612,0,24,None,66,1,5,False,1000,1000
13098,128,random,10,0.7325835987261147,0,24,None,66,1,5,False,1000,1000
13099,129,random,10,0.7351711783439491,0,24,None,66,1,5,False,1000,1000
13100,125,random,10,0.7884156050955414,0,5,None,66,1,5,False,1000,1000
13101,126,random,10,0.7878184713375797,0,5,None,66,1,5,False,1000,1000
13102,127,random,10,0.7881170382165605,0,5,None,66,1,5,False,1000,1000
13103,128,random,10,0.7889132165605095,0,5,None,66,1,5,False,1000,1000
13104,129,random,10,0.7897093949044586,0,5,None,66,1,5,False,1000,1000
13105,125,random,10,0.548765923566879,0,2,None,66,1,5,False,1000,1000
13106,126,random,10,0.607484076433121,0,2,None,66,1,5,False,1000,1000
13107,127,random,10,0.6418192675159236,0,2,None,66,1,5,False,1000,1000
13108,128,random,10,0.6898885350318471,0,2,None,66,1,5,False,1000,1000
13109,129,random,10,0.710390127388535,0,2,None,66,1,5,False,1000,1000
13110,125,random,10,0.7900079617834395,0,7,None,66,1,5,False,1000,1000
13111,126,random,10,0.7911027070063694,0,7,None,66,1,5,False,1000,1000
13112,127,random,10,0.7918988853503185,0,7,None,66,1,5,False,1000,1000
13113,128,random,10,0.792296974522293,0,7,None,66,1,5,False,1000,1000
13114,129,random,10,0.7916998407643312,0,7,None,66,1,5,False,1000,1000
13115,125,random,10,0.3905254777070063,0,11,None,66,1,5,False,1000,1000
13116,126,random,10,0.3797770700636942,0,11,None,66,1,5,False,1000,1000
13117,127,random,10,0.3705214968152866,0,11,None,66,1,5,False,1000,1000
13118,128,random,10,0.3627587579617834,0,11,None,66,1,5,False,1000,1000
13119,129,random,10,0.3556926751592357,0,11,None,66,1,5,False,1000,1000
13120,125,random,10,0.8007563694267515,0,9,None,66,1,5,False,1000,1000
13121,126,random,10,0.8018511146496815,0,9,None,66,1,5,False,1000,1000
13122,127,random,10,0.8028463375796179,0,9,None,66,1,5,False,1000,1000
13123,128,random,10,0.8039410828025477,0,9,None,66,1,5,False,1000,1000
13124,129,random,10,0.8056329617834395,0,9,None,66,1,5,False,1000,1000
13125,125,random,10,0.7881170382165605,0,12,None,66,1,5,False,1000,1000
13126,126,random,10,0.7874203821656051,0,12,None,66,1,5,False,1000,1000
13127,127,random,10,0.787718949044586,0,12,None,66,1,5,False,1000,1000
13128,128,random,10,0.7880175159235668,0,12,None,66,1,5,False,1000,1000
13129,129,random,10,0.788515127388535,0,12,None,66,1,5,False,1000,1000
13130,125,random,10,0.7519904458598726,0,15,None,66,1,5,False,1000,1000
13131,126,random,10,0.7541799363057324,0,15,None,66,1,5,False,1000,1000
13132,127,random,10,0.7552746815286624,0,15,None,66,1,5,False,1000,1000
13133,128,random,10,0.7553742038216561,0,15,None,66,1,5,False,1000,1000
13134,129,random,10,0.7557722929936306,0,15,None,66,1,5,False,1000,1000
13135,125,random,10,0.7700039808917197,0,17,None,66,1,5,False,1000,1000
13136,126,random,10,0.7703025477707006,0,17,None,66,1,5,False,1000,1000
13137,127,random,10,0.7707006369426752,0,17,None,66,1,5,False,1000,1000
13138,128,random,10,0.771297770700637,0,17,None,66,1,5,False,1000,1000
13139,129,random,10,0.7719944267515924,0,17,None,66,1,5,False,1000,1000
13140,125,random,10,0.70421974522293,0,28,None,66,1,5,False,1000,1000
13141,126,random,10,0.705812101910828,0,28,None,66,1,5,False,1000,1000
13142,127,random,10,0.705812101910828,0,28,None,66,1,5,False,1000,1000
13143,128,random,10,0.7052149681528662,0,28,None,66,1,5,False,1000,1000
13144,129,random,10,0.7045183121019108,0,28,None,66,1,5,False,1000,1000
13145,125,random,10,0.7820461783439491,0,18,None,66,1,5,False,1000,1000
13146,126,random,10,0.7825437898089171,0,18,None,66,1,5,False,1000,1000
13147,127,random,10,0.7825437898089171,0,18,None,66,1,5,False,1000,1000
13148,128,random,10,0.7826433121019108,0,18,None,66,1,5,False,1000,1000
13149,129,random,10,0.7830414012738853,0,18,None,66,1,5,False,1000,1000
13150,125,random,10,0.8026472929936306,0,0,None,66,1,5,False,1000,1000
13151,126,random,10,0.804140127388535,0,0,None,66,1,5,False,1000,1000
13152,127,random,10,0.8039410828025477,0,0,None,66,1,5,False,1000,1000
13153,128,random,10,0.8034434713375797,0,0,None,66,1,5,False,1000,1000
13154,129,random,10,0.8031449044585988,0,0,None,66,1,5,False,1000,1000
13155,125,random,10,0.523984872611465,0,3,None,66,1,5,False,1000,1000
13156,126,random,10,0.5008957006369427,0,3,None,66,1,5,False,1000,1000
13157,127,random,10,0.4792993630573248,0,3,None,66,1,5,False,1000,1000
13158,128,random,10,0.4647691082802547,0,3,None,66,1,5,False,1000,1000
13159,129,random,10,0.4538216560509554,0,3,None,66,1,5,False,1000,1000
13160,125,random,10,0.7910031847133758,0,4,None,66,1,5,False,1000,1000
13161,126,random,10,0.7903065286624203,0,4,None,66,1,5,False,1000,1000
13162,127,random,10,0.7898089171974523,0,4,None,66,1,5,False,1000,1000
13163,128,random,10,0.7906050955414012,0,4,None,66,1,5,False,1000,1000
13164,129,random,10,0.790406050955414,0,4,None,66,1,5,False,1000,1000
13165,125,random,10,0.7644307324840764,0,8,None,66,1,5,False,1000,1000
13166,126,random,10,0.7661226114649682,0,8,None,66,1,5,False,1000,1000
13167,127,random,10,0.7676154458598726,0,8,None,66,1,5,False,1000,1000
13168,128,random,10,0.7697054140127388,0,8,None,66,1,5,False,1000,1000
13169,129,random,10,0.7709992038216561,0,8,None,66,1,5,False,1000,1000
13170,125,random,10,0.7822452229299363,0,6,None,66,1,5,False,1000,1000
13171,126,random,10,0.7821457006369427,0,6,None,66,1,5,False,1000,1000
13172,127,random,10,0.7821457006369427,0,6,None,66,1,5,False,1000,1000
13173,128,random,10,0.7826433121019108,0,6,None,66,1,5,False,1000,1000
13174,129,random,10,0.7825437898089171,0,6,None,66,1,5,False,1000,1000
13175,125,random,10,0.636843152866242,0,20,None,66,1,5,False,1000,1000
13176,126,random,10,0.6708797770700637,0,20,None,66,1,5,False,1000,1000
13177,127,random,10,0.6795382165605095,0,20,None,66,1,5,False,1000,1000
13178,128,random,10,0.681031050955414,0,20,None,66,1,5,False,1000,1000
13179,129,random,10,0.6781449044585988,0,20,None,66,1,5,False,1000,1000
13180,125,random,10,0.7424363057324841,0,10,None,66,1,5,False,1000,1000
13181,126,random,10,0.7458200636942676,0,10,None,66,1,5,False,1000,1000
13182,127,random,10,0.7475119426751592,0,10,None,66,1,5,False,1000,1000
13183,128,random,10,0.7488057324840764,0,10,None,66,1,5,False,1000,1000
13184,129,random,10,0.7500995222929936,0,10,None,66,1,5,False,1000,1000
13185,125,random,10,0.7951831210191083,0,23,None,66,1,5,False,1000,1000
13186,126,random,10,0.7947850318471338,0,23,None,66,1,5,False,1000,1000
13187,127,random,10,0.7950835987261147,0,23,None,66,1,5,False,1000,1000
13188,128,random,10,0.7955812101910829,0,23,None,66,1,5,False,1000,1000
13189,129,random,10,0.7962778662420382,0,23,None,66,1,5,False,1000,1000
13190,125,random,10,0.7810509554140127,0,22,None,66,1,5,False,1000,1000
13191,126,random,10,0.7817476114649682,0,22,None,66,1,5,False,1000,1000
13192,127,random,10,0.7820461783439491,0,22,None,66,1,5,False,1000,1000
13193,128,random,10,0.78234474522293,0,22,None,66,1,5,False,1000,1000
13194,129,random,10,0.7824442675159236,0,22,None,66,1,5,False,1000,1000
13195,125,random,10,0.78125,0,32,None,66,1,5,False,1000,1000
13196,126,random,10,0.7820461783439491,0,32,None,66,1,5,False,1000,1000
13197,127,random,10,0.7830414012738853,0,32,None,66,1,5,False,1000,1000
13198,128,random,10,0.7832404458598726,0,32,None,66,1,5,False,1000,1000
13199,129,random,10,0.7837380573248408,0,32,None,66,1,5,False,1000,1000
13530,130,random,10,0.7921974522292994,0,1,None,66,1,5,False,1000,1000
13531,131,random,10,0.7924960191082803,0,1,None,66,1,5,False,1000,1000
13532,132,random,10,0.7929936305732485,0,1,None,66,1,5,False,1000,1000
13533,133,random,10,0.7928941082802548,0,1,None,66,1,5,False,1000,1000
13534,134,random,10,0.7934912420382165,0,1,None,66,1,5,False,1000,1000
13535,130,random,10,0.5410031847133758,0,2,None,66,1,5,False,1000,1000
13536,131,random,10,0.5996218152866242,0,2,None,66,1,5,False,1000,1000
13537,132,random,10,0.6345541401273885,0,2,None,66,1,5,False,1000,1000
13538,133,random,10,0.683718152866242,0,2,None,66,1,5,False,1000,1000
13539,134,random,10,0.7068073248407644,0,2,None,66,1,5,False,1000,1000
13540,130,random,10,0.7887141719745223,0,5,None,66,1,5,False,1000,1000
13541,131,random,10,0.7894108280254777,0,5,None,66,1,5,False,1000,1000
13542,132,random,10,0.7888136942675159,0,5,None,66,1,5,False,1000,1000
13543,133,random,10,0.7895103503184714,0,5,None,66,1,5,False,1000,1000
13544,134,random,10,0.7893113057324841,0,5,None,66,1,5,False,1000,1000
13545,130,random,10,0.7973726114649682,0,13,None,66,1,5,False,1000,1000
13546,131,random,10,0.7974721337579618,0,13,None,66,1,5,False,1000,1000
13547,132,random,10,0.796875,0,13,None,66,1,5,False,1000,1000
13548,133,random,10,0.796875,0,13,None,66,1,5,False,1000,1000
13549,134,random,10,0.7969745222929936,0,13,None,66,1,5,False,1000,1000
13550,130,random,10,0.7611464968152867,0,15,None,66,1,5,False,1000,1000
13551,131,random,10,0.7623407643312102,0,15,None,66,1,5,False,1000,1000
13552,132,random,10,0.7638335987261147,0,15,None,66,1,5,False,1000,1000
13553,133,random,10,0.7659235668789809,0,15,None,66,1,5,False,1000,1000
13554,134,random,10,0.767515923566879,0,15,None,66,1,5,False,1000,1000
13555,130,random,10,0.7430334394904459,0,10,None,66,1,5,False,1000,1000
13556,131,random,10,0.746218152866242,0,10,None,66,1,5,False,1000,1000
13557,132,random,10,0.7474124203821656,0,10,None,66,1,5,False,1000,1000
13558,133,random,10,0.7487062101910829,0,10,None,66,1,5,False,1000,1000
13559,134,random,10,0.7505971337579618,0,10,None,66,1,5,False,1000,1000
13560,130,random,10,0.4410828025477707,0,11,None,66,1,5,False,1000,1000
13561,131,random,10,0.4265525477707006,0,11,None,66,1,5,False,1000,1000
13562,132,random,10,0.4142117834394904,0,11,None,66,1,5,False,1000,1000
13563,133,random,10,0.4027667197452229,0,11,None,66,1,5,False,1000,1000
13564,134,random,10,0.395203025477707,0,11,None,66,1,5,False,1000,1000
13565,130,random,10,0.6575437898089171,0,20,None,66,1,5,False,1000,1000
13566,131,random,10,0.6799363057324841,0,20,None,66,1,5,False,1000,1000
13567,132,random,10,0.6860071656050956,0,20,None,66,1,5,False,1000,1000
13568,133,random,10,0.6850119426751592,0,20,None,66,1,5,False,1000,1000
13569,134,random,10,0.6823248407643312,0,20,None,66,1,5,False,1000,1000
13570,130,random,10,0.7971735668789809,0,23,None,66,1,5,False,1000,1000
13571,131,random,10,0.796875,0,23,None,66,1,5,False,1000,1000
13572,132,random,10,0.7969745222929936,0,23,None,66,1,5,False,1000,1000
13573,133,random,10,0.7973726114649682,0,23,None,66,1,5,False,1000,1000
13574,134,random,10,0.7981687898089171,0,23,None,66,1,5,False,1000,1000
13575,130,random,10,0.7824442675159236,0,22,None,66,1,5,False,1000,1000
13576,131,random,10,0.7828423566878981,0,22,None,66,1,5,False,1000,1000
13577,132,random,10,0.7832404458598726,0,22,None,66,1,5,False,1000,1000
13578,133,random,10,0.7827428343949044,0,22,None,66,1,5,False,1000,1000
13579,134,random,10,0.7833399681528662,0,22,None,66,1,5,False,1000,1000
13580,130,random,10,0.7707006369426752,0,17,None,66,1,5,False,1000,1000
13581,131,random,10,0.7715963375796179,0,17,None,66,1,5,False,1000,1000
13582,132,random,10,0.7714968152866242,0,17,None,66,1,5,False,1000,1000
13583,133,random,10,0.7716958598726115,0,17,None,66,1,5,False,1000,1000
13584,134,random,10,0.7731886942675159,0,17,None,66,1,5,False,1000,1000
13585,130,random,10,0.743531050955414,0,21,None,66,1,5,False,1000,1000
13586,131,random,10,0.7399482484076433,0,21,None,66,1,5,False,1000,1000
13587,132,random,10,0.7373606687898089,0,21,None,66,1,5,False,1000,1000
13588,133,random,10,0.73546974522293,0,21,None,66,1,5,False,1000,1000
13589,134,random,10,0.7341759554140127,0,21,None,66,1,5,False,1000,1000
13590,130,random,10,0.7648288216560509,0,26,None,66,1,5,False,1000,1000
13591,131,random,10,0.7682125796178344,0,26,None,66,1,5,False,1000,1000
13592,132,random,10,0.7688097133757962,0,26,None,66,1,5,False,1000,1000
13593,133,random,10,0.7696058917197452,0,26,None,66,1,5,False,1000,1000
13594,134,random,10,0.7711982484076433,0,26,None,66,1,5,False,1000,1000
13595,130,random,10,0.7886146496815286,0,12,None,66,1,5,False,1000,1000
13596,131,random,10,0.7878184713375797,0,12,None,66,1,5,False,1000,1000
13597,132,random,10,0.7890127388535032,0,12,None,66,1,5,False,1000,1000
13598,133,random,10,0.7895103503184714,0,12,None,66,1,5,False,1000,1000
13599,134,random,10,0.790406050955414,0,12,None,66,1,5,False,1000,1000
13600,130,random,10,0.7829418789808917,0,6,None,66,1,5,False,1000,1000
13601,131,random,10,0.7829418789808917,0,6,None,66,1,5,False,1000,1000
13602,132,random,10,0.7833399681528662,0,6,None,66,1,5,False,1000,1000
13603,133,random,10,0.7835390127388535,0,6,None,66,1,5,False,1000,1000
13604,134,random,10,0.7836385350318471,0,6,None,66,1,5,False,1000,1000
13605,130,random,10,0.7256170382165605,0,24,None,66,1,5,False,1000,1000
13606,131,random,10,0.728702229299363,0,24,None,66,1,5,False,1000,1000
13607,132,random,10,0.7310907643312102,0,24,None,66,1,5,False,1000,1000
13608,133,random,10,0.7325835987261147,0,24,None,66,1,5,False,1000,1000
13609,134,random,10,0.7356687898089171,0,24,None,66,1,5,False,1000,1000
13610,130,random,10,0.7420382165605095,0,27,None,66,1,5,False,1000,1000
13611,131,random,10,0.7434315286624203,0,27,None,66,1,5,False,1000,1000
13612,132,random,10,0.7449243630573248,0,27,None,66,1,5,False,1000,1000
13613,133,random,10,0.7464171974522293,0,27,None,66,1,5,False,1000,1000
13614,134,random,10,0.7475119426751592,0,27,None,66,1,5,False,1000,1000
13615,130,random,10,0.7903065286624203,0,30,None,66,1,5,False,1000,1000
13616,131,random,10,0.7894108280254777,0,30,None,66,1,5,False,1000,1000
13617,132,random,10,0.7892117834394905,0,30,None,66,1,5,False,1000,1000
13618,133,random,10,0.7878184713375797,0,30,None,66,1,5,False,1000,1000
13619,134,random,10,0.7883160828025477,0,30,None,66,1,5,False,1000,1000
13620,130,random,10,0.7962778662420382,0,31,None,66,1,5,False,1000,1000
13621,131,random,10,0.7966759554140127,0,31,None,66,1,5,False,1000,1000
13622,132,random,10,0.7964769108280255,0,31,None,66,1,5,False,1000,1000
13623,133,random,10,0.7962778662420382,0,31,None,66,1,5,False,1000,1000
13624,134,random,10,0.7960788216560509,0,31,None,66,1,5,False,1000,1000
13625,130,random,10,0.7829418789808917,0,32,None,66,1,5,False,1000,1000
13626,131,random,10,0.7840366242038217,0,32,None,66,1,5,False,1000,1000
13627,132,random,10,0.7835390127388535,0,32,None,66,1,5,False,1000,1000
13628,133,random,10,0.7844347133757962,0,32,None,66,1,5,False,1000,1000
13629,134,random,10,0.7846337579617835,0,32,None,66,1,5,False,1000,1000
13630,130,random,10,0.790406050955414,0,7,None,66,1,5,False,1000,1000
13631,131,random,10,0.7917993630573248,0,7,None,66,1,5,False,1000,1000
13632,132,random,10,0.7920979299363057,0,7,None,66,1,5,False,1000,1000
13633,133,random,10,0.7924960191082803,0,7,None,66,1,5,False,1000,1000
13634,134,random,10,0.7928941082802548,0,7,None,66,1,5,False,1000,1000
13635,130,random,10,0.7636345541401274,0,8,None,66,1,5,False,1000,1000
13636,131,random,10,0.7660230891719745,0,8,None,66,1,5,False,1000,1000
13637,132,random,10,0.7680135350318471,0,8,None,66,1,5,False,1000,1000
13638,133,random,10,0.769406847133758,0,8,None,66,1,5,False,1000,1000
13639,134,random,10,0.7705015923566879,0,8,None,66,1,5,False,1000,1000
13640,130,random,10,0.789609872611465,0,4,None,66,1,5,False,1000,1000
13641,131,random,10,0.7890127388535032,0,4,None,66,1,5,False,1000,1000
13642,132,random,10,0.7887141719745223,0,4,None,66,1,5,False,1000,1000
13643,133,random,10,0.7893113057324841,0,4,None,66,1,5,False,1000,1000
13644,134,random,10,0.7898089171974523,0,4,None,66,1,5,False,1000,1000
13645,130,random,10,0.799562101910828,0,16,None,66,1,5,False,1000,1000
13646,131,random,10,0.8005573248407644,0,16,None,66,1,5,False,1000,1000
13647,132,random,10,0.8012539808917197,0,16,None,66,1,5,False,1000,1000
13648,133,random,10,0.8019506369426752,0,16,None,66,1,5,False,1000,1000
13649,134,random,10,0.8028463375796179,0,16,None,66,1,5,False,1000,1000
13650,130,random,10,0.7962778662420382,0,19,None,66,1,5,False,1000,1000
13651,131,random,10,0.7963773885350318,0,19,None,66,1,5,False,1000,1000
13652,132,random,10,0.7967754777070064,0,19,None,66,1,5,False,1000,1000
13653,133,random,10,0.7970740445859873,0,19,None,66,1,5,False,1000,1000
13654,134,random,10,0.7971735668789809,0,19,None,66,1,5,False,1000,1000
13655,130,random,10,0.7827428343949044,0,18,None,66,1,5,False,1000,1000
13656,131,random,10,0.7833399681528662,0,18,None,66,1,5,False,1000,1000
13657,132,random,10,0.7837380573248408,0,18,None,66,1,5,False,1000,1000
13658,133,random,10,0.7837380573248408,0,18,None,66,1,5,False,1000,1000
13659,134,random,10,0.7841361464968153,0,18,None,66,1,5,False,1000,1000
13660,130,random,10,0.8043391719745223,0,25,None,66,1,5,False,1000,1000
13661,131,random,10,0.8046377388535032,0,25,None,66,1,5,False,1000,1000
13662,132,random,10,0.8049363057324841,0,25,None,66,1,5,False,1000,1000
13663,133,random,10,0.8045382165605095,0,25,None,66,1,5,False,1000,1000
13664,134,random,10,0.8044386942675159,0,25,None,66,1,5,False,1000,1000
13665,130,random,10,0.789609872611465,0,14,None,66,1,5,False,1000,1000
13666,131,random,10,0.7910031847133758,0,14,None,66,1,5,False,1000,1000
13667,132,random,10,0.7914012738853503,0,14,None,66,1,5,False,1000,1000
13668,133,random,10,0.7916003184713376,0,14,None,66,1,5,False,1000,1000
13669,134,random,10,0.792296974522293,0,14,None,66,1,5,False,1000,1000
13670,130,random,10,0.7038216560509554,0,28,None,66,1,5,False,1000,1000
13671,131,random,10,0.7056130573248408,0,28,None,66,1,5,False,1000,1000
13672,132,random,10,0.7056130573248408,0,28,None,66,1,5,False,1000,1000
13673,133,random,10,0.7052149681528662,0,28,None,66,1,5,False,1000,1000
13674,134,random,10,0.7047173566878981,0,28,None,66,1,5,False,1000,1000
13675,130,random,10,0.5472730891719745,0,3,None,66,1,5,False,1000,1000
13676,131,random,10,0.5185111464968153,0,3,None,66,1,5,False,1000,1000
13677,132,random,10,0.490843949044586,0,3,None,66,1,5,False,1000,1000
13678,133,random,10,0.4748208598726114,0,3,None,66,1,5,False,1000,1000
13679,134,random,10,0.4653662420382166,0,3,None,66,1,5,False,1000,1000
13680,130,random,10,0.8012539808917197,0,9,None,66,1,5,False,1000,1000
13681,131,random,10,0.8022492038216561,0,9,None,66,1,5,False,1000,1000
13682,132,random,10,0.8031449044585988,0,9,None,66,1,5,False,1000,1000
13683,133,random,10,0.8042396496815286,0,9,None,66,1,5,False,1000,1000
13684,134,random,10,0.8059315286624203,0,9,None,66,1,5,False,1000,1000
13685,130,random,10,0.7482085987261147,0,29,None,66,1,5,False,1000,1000
13686,131,random,10,0.7516918789808917,0,29,None,66,1,5,False,1000,1000
13687,132,random,10,0.7524880573248408,0,29,None,66,1,5,False,1000,1000
13688,133,random,10,0.7557722929936306,0,29,None,66,1,5,False,1000,1000
13689,134,random,10,0.7584593949044586,0,29,None,66,1,5,False,1000,1000
13690,130,random,10,0.8024482484076433,0,0,None,66,1,5,False,1000,1000
13691,131,random,10,0.8030453821656051,0,0,None,66,1,5,False,1000,1000
13692,132,random,10,0.8042396496815286,0,0,None,66,1,5,False,1000,1000
13693,133,random,10,0.8035429936305732,0,0,None,66,1,5,False,1000,1000
13694,134,random,10,0.8031449044585988,0,0,None,66,1,5,False,1000,1000
13695,135,random,10,0.7763734076433121,0,26,None,66,1,5,False,1000,1000
13696,136,random,10,0.7775676751592356,0,26,None,66,1,5,False,1000,1000
13697,137,random,10,0.7784633757961783,0,26,None,66,1,5,False,1000,1000
13698,138,random,10,0.7786624203821656,0,26,None,66,1,5,False,1000,1000
13699,139,random,10,0.7782643312101911,0,26,None,66,1,5,False,1000,1000
13700,135,random,10,0.7936902866242038,0,1,None,66,1,5,False,1000,1000
13701,136,random,10,0.7939888535031847,0,1,None,66,1,5,False,1000,1000
13702,137,random,10,0.7932921974522293,0,1,None,66,1,5,False,1000,1000
13703,138,random,10,0.7943869426751592,0,1,None,66,1,5,False,1000,1000
13704,139,random,10,0.7945859872611465,0,1,None,66,1,5,False,1000,1000
13705,135,random,10,0.81140525477707,0,14,None,66,1,5,False,1000,1000
13706,136,random,10,0.8110071656050956,0,14,None,66,1,5,False,1000,1000
13707,137,random,10,0.8115047770700637,0,14,None,66,1,5,False,1000,1000
13708,138,random,10,0.8115047770700637,0,14,None,66,1,5,False,1000,1000
13709,139,random,10,0.8112062101910829,0,14,None,66,1,5,False,1000,1000
13710,135,random,10,0.800656847133758,0,25,None,66,1,5,False,1000,1000
13711,136,random,10,0.7985668789808917,0,25,None,66,1,5,False,1000,1000
13712,137,random,10,0.7977707006369427,0,25,None,66,1,5,False,1000,1000
13713,138,random,10,0.7973726114649682,0,25,None,66,1,5,False,1000,1000
13714,139,random,10,0.7969745222929936,0,25,None,66,1,5,False,1000,1000
13715,135,random,10,0.7239251592356688,0,29,None,66,1,5,False,1000,1000
13716,136,random,10,0.7273089171974523,0,29,None,66,1,5,False,1000,1000
13717,137,random,10,0.7302945859872612,0,29,None,66,1,5,False,1000,1000
13718,138,random,10,0.7311902866242038,0,29,None,66,1,5,False,1000,1000
13719,139,random,10,0.7334792993630573,0,29,None,66,1,5,False,1000,1000
13720,135,random,10,0.5276671974522293,0,2,None,66,1,5,False,1000,1000
13721,136,random,10,0.5912619426751592,0,2,None,66,1,5,False,1000,1000
13722,137,random,10,0.6285828025477707,0,2,None,66,1,5,False,1000,1000
13723,138,random,10,0.681827229299363,0,2,None,66,1,5,False,1000,1000
13724,139,random,10,0.7107882165605095,0,2,None,66,1,5,False,1000,1000
13725,135,random,10,0.7901074840764332,0,7,None,66,1,5,False,1000,1000
13726,136,random,10,0.7915007961783439,0,7,None,66,1,5,False,1000,1000
13727,137,random,10,0.7907046178343949,0,7,None,66,1,5,False,1000,1000
13728,138,random,10,0.7916003184713376,0,7,None,66,1,5,False,1000,1000
13729,139,random,10,0.7916003184713376,0,7,None,66,1,5,False,1000,1000
13730,135,random,10,0.7962778662420382,0,9,None,66,1,5,False,1000,1000
13731,136,random,10,0.7990644904458599,0,9,None,66,1,5,False,1000,1000
13732,137,random,10,0.8003582802547771,0,9,None,66,1,5,False,1000,1000
13733,138,random,10,0.8012539808917197,0,9,None,66,1,5,False,1000,1000
13734,139,random,10,0.8021496815286624,0,9,None,66,1,5,False,1000,1000
13735,135,random,10,0.7864251592356688,0,22,None,66,1,5,False,1000,1000
13736,136,random,10,0.7875199044585988,0,22,None,66,1,5,False,1000,1000
13737,137,random,10,0.7866242038216561,0,22,None,66,1,5,False,1000,1000
13738,138,random,10,0.7868232484076433,0,22,None,66,1,5,False,1000,1000
13739,139,random,10,0.7872213375796179,0,22,None,66,1,5,False,1000,1000
13740,135,random,10,0.7902070063694268,0,20,None,66,1,5,False,1000,1000
13741,136,random,10,0.7884156050955414,0,20,None,66,1,5,False,1000,1000
13742,137,random,10,0.783140923566879,0,20,None,66,1,5,False,1000,1000
13743,138,random,10,0.7777667197452229,0,20,None,66,1,5,False,1000,1000
13744,139,random,10,0.7726910828025477,0,20,None,66,1,5,False,1000,1000
13745,135,random,10,0.7867237261146497,0,32,None,66,1,5,False,1000,1000
13746,136,random,10,0.7875199044585988,0,32,None,66,1,5,False,1000,1000
13747,137,random,10,0.7874203821656051,0,32,None,66,1,5,False,1000,1000
13748,138,random,10,0.786922770700637,0,32,None,66,1,5,False,1000,1000
13749,139,random,10,0.7874203821656051,0,32,None,66,1,5,False,1000,1000
13750,135,random,10,0.7908041401273885,0,5,None,66,1,5,False,1000,1000
13751,136,random,10,0.7909036624203821,0,5,None,66,1,5,False,1000,1000
13752,137,random,10,0.7900079617834395,0,5,None,66,1,5,False,1000,1000
13753,138,random,10,0.7900079617834395,0,5,None,66,1,5,False,1000,1000
13754,139,random,10,0.7902070063694268,0,5,None,66,1,5,False,1000,1000
13755,135,random,10,0.7860270700636943,0,6,None,66,1,5,False,1000,1000
13756,136,random,10,0.7856289808917197,0,6,None,66,1,5,False,1000,1000
13757,137,random,10,0.7867237261146497,0,6,None,66,1,5,False,1000,1000
13758,138,random,10,0.7868232484076433,0,6,None,66,1,5,False,1000,1000
13759,139,random,10,0.7871218152866242,0,6,None,66,1,5,False,1000,1000
13760,135,random,10,0.7874203821656051,0,13,None,66,1,5,False,1000,1000
13761,136,random,10,0.7859275477707006,0,13,None,66,1,5,False,1000,1000
13762,137,random,10,0.7866242038216561,0,13,None,66,1,5,False,1000,1000
13763,138,random,10,0.7866242038216561,0,13,None,66,1,5,False,1000,1000
13764,139,random,10,0.7871218152866242,0,13,None,66,1,5,False,1000,1000
13765,135,random,10,0.7879179936305732,0,12,None,66,1,5,False,1000,1000
13766,136,random,10,0.7890127388535032,0,12,None,66,1,5,False,1000,1000
13767,137,random,10,0.7901074840764332,0,12,None,66,1,5,False,1000,1000
13768,138,random,10,0.7909036624203821,0,12,None,66,1,5,False,1000,1000
13769,139,random,10,0.7917993630573248,0,12,None,66,1,5,False,1000,1000
13770,135,random,10,0.7597531847133758,0,21,None,66,1,5,False,1000,1000
13771,136,random,10,0.7607484076433121,0,21,None,66,1,5,False,1000,1000
13772,137,random,10,0.759952229299363,0,21,None,66,1,5,False,1000,1000
13773,138,random,10,0.7593550955414012,0,21,None,66,1,5,False,1000,1000
13774,139,random,10,0.7586584394904459,0,21,None,66,1,5,False,1000,1000
13775,135,random,10,0.7973726114649682,0,23,None,66,1,5,False,1000,1000
13776,136,random,10,0.7975716560509554,0,23,None,66,1,5,False,1000,1000
13777,137,random,10,0.7978702229299363,0,23,None,66,1,5,False,1000,1000
13778,138,random,10,0.7980692675159236,0,23,None,66,1,5,False,1000,1000
13779,139,random,10,0.7984673566878981,0,23,None,66,1,5,False,1000,1000
13780,135,random,10,0.8044386942675159,0,16,None,66,1,5,False,1000,1000
13781,136,random,10,0.8048367834394905,0,16,None,66,1,5,False,1000,1000
13782,137,random,10,0.8059315286624203,0,16,None,66,1,5,False,1000,1000
13783,138,random,10,0.8072253184713376,0,16,None,66,1,5,False,1000,1000
13784,139,random,10,0.8083200636942676,0,16,None,66,1,5,False,1000,1000
13785,135,random,10,0.7651273885350318,0,8,None,66,1,5,False,1000,1000
13786,136,random,10,0.7669187898089171,0,8,None,66,1,5,False,1000,1000
13787,137,random,10,0.7691082802547771,0,8,None,66,1,5,False,1000,1000
13788,138,random,10,0.7701035031847133,0,8,None,66,1,5,False,1000,1000
13789,139,random,10,0.7718949044585988,0,8,None,66,1,5,False,1000,1000
13790,135,random,10,0.7837380573248408,0,18,None,66,1,5,False,1000,1000
13791,136,random,10,0.7848328025477707,0,18,None,66,1,5,False,1000,1000
13792,137,random,10,0.7848328025477707,0,18,None,66,1,5,False,1000,1000
13793,138,random,10,0.7844347133757962,0,18,None,66,1,5,False,1000,1000
13794,139,random,10,0.7844347133757962,0,18,None,66,1,5,False,1000,1000
13795,135,random,10,0.7971735668789809,0,19,None,66,1,5,False,1000,1000
13796,136,random,10,0.7967754777070064,0,19,None,66,1,5,False,1000,1000
13797,137,random,10,0.7970740445859873,0,19,None,66,1,5,False,1000,1000
13798,138,random,10,0.7971735668789809,0,19,None,66,1,5,False,1000,1000
13799,139,random,10,0.7966759554140127,0,19,None,66,1,5,False,1000,1000
13800,135,random,10,0.6986464968152867,0,28,None,66,1,5,False,1000,1000
13801,136,random,10,0.7000398089171974,0,28,None,66,1,5,False,1000,1000
13802,137,random,10,0.7000398089171974,0,28,None,66,1,5,False,1000,1000
13803,138,random,10,0.7001393312101911,0,28,None,66,1,5,False,1000,1000
13804,139,random,10,0.6989450636942676,0,28,None,66,1,5,False,1000,1000
13805,135,random,10,0.7752786624203821,0,24,None,66,1,5,False,1000,1000
13806,136,random,10,0.775577229299363,0,24,None,66,1,5,False,1000,1000
13807,137,random,10,0.7763734076433121,0,24,None,66,1,5,False,1000,1000
13808,138,random,10,0.7779657643312102,0,24,None,66,1,5,False,1000,1000
13809,139,random,10,0.7786624203821656,0,24,None,66,1,5,False,1000,1000
13810,135,random,10,0.7485071656050956,0,27,None,66,1,5,False,1000,1000
13811,136,random,10,0.7492038216560509,0,27,None,66,1,5,False,1000,1000
13812,137,random,10,0.7497014331210191,0,27,None,66,1,5,False,1000,1000
13813,138,random,10,0.7509952229299363,0,27,None,66,1,5,False,1000,1000
13814,139,random,10,0.7519904458598726,0,27,None,66,1,5,False,1000,1000
13815,135,random,10,0.7952826433121019,0,0,None,66,1,5,False,1000,1000
13816,136,random,10,0.7952826433121019,0,0,None,66,1,5,False,1000,1000
13817,137,random,10,0.7956807324840764,0,0,None,66,1,5,False,1000,1000
13818,138,random,10,0.7965764331210191,0,0,None,66,1,5,False,1000,1000
13819,139,random,10,0.7963773885350318,0,0,None,66,1,5,False,1000,1000
13820,135,random,10,0.79796974522293,0,30,None,66,1,5,False,1000,1000
13821,136,random,10,0.7945859872611465,0,30,None,66,1,5,False,1000,1000
13822,137,random,10,0.793093152866242,0,30,None,66,1,5,False,1000,1000
13823,138,random,10,0.7933917197452229,0,30,None,66,1,5,False,1000,1000
13824,139,random,10,0.7923964968152867,0,30,None,66,1,5,False,1000,1000
13825,135,random,10,0.7966759554140127,0,31,None,66,1,5,False,1000,1000
13826,136,random,10,0.7973726114649682,0,31,None,66,1,5,False,1000,1000
13827,137,random,10,0.7973726114649682,0,31,None,66,1,5,False,1000,1000
13828,138,random,10,0.7980692675159236,0,31,None,66,1,5,False,1000,1000
13829,139,random,10,0.7981687898089171,0,31,None,66,1,5,False,1000,1000
13830,135,random,10,0.7718949044585988,0,17,None,66,1,5,False,1000,1000
13831,136,random,10,0.7715963375796179,0,17,None,66,1,5,False,1000,1000
13832,137,random,10,0.7714968152866242,0,17,None,66,1,5,False,1000,1000
13833,138,random,10,0.7715963375796179,0,17,None,66,1,5,False,1000,1000
13834,139,random,10,0.7718949044585988,0,17,None,66,1,5,False,1000,1000
13835,135,random,10,0.796875,0,4,None,66,1,5,False,1000,1000
13836,136,random,10,0.7948845541401274,0,4,None,66,1,5,False,1000,1000
13837,137,random,10,0.7948845541401274,0,4,None,66,1,5,False,1000,1000
13838,138,random,10,0.7942874203821656,0,4,None,66,1,5,False,1000,1000
13839,139,random,10,0.794984076433121,0,4,None,66,1,5,False,1000,1000
13840,135,random,10,0.6786425159235668,0,3,None,66,1,5,False,1000,1000
13841,136,random,10,0.6567476114649682,0,3,None,66,1,5,False,1000,1000
13842,137,random,10,0.6483877388535032,0,3,None,66,1,5,False,1000,1000
13843,138,random,10,0.6407245222929936,0,3,None,66,1,5,False,1000,1000
13844,139,random,10,0.6338574840764332,0,3,None,66,1,5,False,1000,1000
13845,135,random,10,0.6469944267515924,0,11,None,66,1,5,False,1000,1000
13846,136,random,10,0.6039012738853503,0,11,None,66,1,5,False,1000,1000
13847,137,random,10,0.5693670382165605,0,11,None,66,1,5,False,1000,1000
13848,138,random,10,0.5435907643312102,0,11,None,66,1,5,False,1000,1000
13849,139,random,10,0.5192078025477707,0,11,None,66,1,5,False,1000,1000
13850,135,random,10,0.7512937898089171,0,10,None,66,1,5,False,1000,1000
13851,136,random,10,0.7552746815286624,0,10,None,66,1,5,False,1000,1000
13852,137,random,10,0.7590565286624203,0,10,None,66,1,5,False,1000,1000
13853,138,random,10,0.7624402866242038,0,10,None,66,1,5,False,1000,1000
13854,139,random,10,0.76453025477707,0,10,None,66,1,5,False,1000,1000
13855,135,random,10,0.7641321656050956,0,15,None,66,1,5,False,1000,1000
13856,136,random,10,0.7658240445859873,0,15,None,66,1,5,False,1000,1000
13857,137,random,10,0.7684116242038217,0,15,None,66,1,5,False,1000,1000
13858,138,random,10,0.7696058917197452,0,15,None,66,1,5,False,1000,1000
13859,139,random,10,0.7705015923566879,0,15,None,66,1,5,False,1000,1000
13860,140,random,10,0.7981687898089171,0,30,None,66,1,5,False,1000,1000
13861,141,random,10,0.7946855095541401,0,30,None,66,1,5,False,1000,1000
13862,142,random,10,0.794984076433121,0,30,None,66,1,5,False,1000,1000
13863,143,random,10,0.7934912420382165,0,30,None,66,1,5,False,1000,1000
13864,144,random,10,0.7938893312101911,0,30,None,66,1,5,False,1000,1000
13865,140,random,10,0.7935907643312102,0,1,None,66,1,5,False,1000,1000
13866,141,random,10,0.7937898089171974,0,1,None,66,1,5,False,1000,1000
13867,142,random,10,0.7943869426751592,0,1,None,66,1,5,False,1000,1000
13868,143,random,10,0.794187898089172,0,1,None,66,1,5,False,1000,1000
13869,144,random,10,0.7938893312101911,0,1,None,66,1,5,False,1000,1000
13870,140,random,10,0.761046974522293,0,21,None,66,1,5,False,1000,1000
13871,141,random,10,0.7604498407643312,0,21,None,66,1,5,False,1000,1000
13872,142,random,10,0.7596536624203821,0,21,None,66,1,5,False,1000,1000
13873,143,random,10,0.7597531847133758,0,21,None,66,1,5,False,1000,1000
13874,144,random,10,0.7597531847133758,0,21,None,66,1,5,False,1000,1000
13875,140,random,10,0.7535828025477707,0,27,None,66,1,5,False,1000,1000
13876,141,random,10,0.7540804140127388,0,27,None,66,1,5,False,1000,1000
13877,142,random,10,0.7553742038216561,0,27,None,66,1,5,False,1000,1000
13878,143,random,10,0.7561703821656051,0,27,None,66,1,5,False,1000,1000
13879,144,random,10,0.7566679936305732,0,27,None,66,1,5,False,1000,1000
13880,140,random,10,0.738953025477707,0,2,None,66,1,5,False,1000,1000
13881,141,random,10,0.7799562101910829,0,2,None,66,1,5,False,1000,1000
13882,142,random,10,0.7881170382165605,0,2,None,66,1,5,False,1000,1000
13883,143,random,10,0.7883160828025477,0,2,None,66,1,5,False,1000,1000
13884,144,random,10,0.7853304140127388,0,2,None,66,1,5,False,1000,1000
13885,140,random,10,0.7948845541401274,0,20,None,66,1,5,False,1000,1000
13886,141,random,10,0.7927945859872612,0,20,None,66,1,5,False,1000,1000
13887,142,random,10,0.7855294585987261,0,20,None,66,1,5,False,1000,1000
13888,143,random,10,0.7799562101910829,0,20,None,66,1,5,False,1000,1000
13889,144,random,10,0.7758757961783439,0,20,None,66,1,5,False,1000,1000
13890,140,random,10,0.7894108280254777,0,22,None,66,1,5,False,1000,1000
13891,141,random,10,0.7902070063694268,0,22,None,66,1,5,False,1000,1000
13892,142,random,10,0.7897093949044586,0,22,None,66,1,5,False,1000,1000
13893,143,random,10,0.7902070063694268,0,22,None,66,1,5,False,1000,1000
13894,144,random,10,0.7903065286624203,0,22,None,66,1,5,False,1000,1000
13895,140,random,10,0.790406050955414,0,5,None,66,1,5,False,1000,1000
13896,141,random,10,0.7903065286624203,0,5,None,66,1,5,False,1000,1000
13897,142,random,10,0.7899084394904459,0,5,None,66,1,5,False,1000,1000
13898,143,random,10,0.7902070063694268,0,5,None,66,1,5,False,1000,1000
13899,144,random,10,0.7903065286624203,0,5,None,66,1,5,False,1000,1000
13900,140,random,10,0.8081210191082803,0,16,None,66,1,5,False,1000,1000
13901,141,random,10,0.8075238853503185,0,16,None,66,1,5,False,1000,1000
13902,142,random,10,0.8082205414012739,0,16,None,66,1,5,False,1000,1000
13903,143,random,10,0.8094148089171974,0,16,None,66,1,5,False,1000,1000
13904,144,random,10,0.8101114649681529,0,16,None,66,1,5,False,1000,1000
13905,140,random,10,0.7628383757961783,0,15,None,66,1,5,False,1000,1000
13906,141,random,10,0.763734076433121,0,15,None,66,1,5,False,1000,1000
13907,142,random,10,0.7664211783439491,0,15,None,66,1,5,False,1000,1000
13908,143,random,10,0.7681130573248408,0,15,None,66,1,5,False,1000,1000
13909,144,random,10,0.7690087579617835,0,15,None,66,1,5,False,1000,1000
13910,140,random,10,0.7604498407643312,0,10,None,66,1,5,False,1000,1000
13911,141,random,10,0.7630374203821656,0,10,None,66,1,5,False,1000,1000
13912,142,random,10,0.7665207006369427,0,10,None,66,1,5,False,1000,1000
13913,143,random,10,0.7677149681528662,0,10,None,66,1,5,False,1000,1000
13914,144,random,10,0.7705015923566879,0,10,None,66,1,5,False,1000,1000
13915,140,random,10,0.8125995222929936,0,14,None,66,1,5,False,1000,1000
13916,141,random,10,0.8117038216560509,0,14,None,66,1,5,False,1000,1000
13917,142,random,10,0.8125,0,14,None,66,1,5,False,1000,1000
13918,143,random,10,0.8125,0,14,None,66,1,5,False,1000,1000
13919,144,random,10,0.8125995222929936,0,14,None,66,1,5,False,1000,1000
13920,140,random,10,0.7956807324840764,0,9,None,66,1,5,False,1000,1000
13921,141,random,10,0.7983678343949044,0,9,None,66,1,5,False,1000,1000
13922,142,random,10,0.7988654458598726,0,9,None,66,1,5,False,1000,1000
13923,143,random,10,0.8002587579617835,0,9,None,66,1,5,False,1000,1000
13924,144,random,10,0.8005573248407644,0,9,None,66,1,5,False,1000,1000
13925,140,random,10,0.7173566878980892,0,29,None,66,1,5,False,1000,1000
13926,141,random,10,0.7235270700636943,0,29,None,66,1,5,False,1000,1000
13927,142,random,10,0.727109872611465,0,29,None,66,1,5,False,1000,1000
13928,143,random,10,0.7290007961783439,0,29,None,66,1,5,False,1000,1000
13929,144,random,10,0.7313893312101911,0,29,None,66,1,5,False,1000,1000
13930,140,random,10,0.5676751592356688,0,11,None,66,1,5,False,1000,1000
13931,141,random,10,0.4990047770700637,0,11,None,66,1,5,False,1000,1000
13932,142,random,10,0.4581011146496815,0,11,None,66,1,5,False,1000,1000
13933,143,random,10,0.4303343949044586,0,11,None,66,1,5,False,1000,1000
13934,144,random,10,0.4119227707006369,0,11,None,66,1,5,False,1000,1000
13935,140,random,10,0.7716958598726115,0,17,None,66,1,5,False,1000,1000
13936,141,random,10,0.7706011146496815,0,17,None,66,1,5,False,1000,1000
13937,142,random,10,0.7714968152866242,0,17,None,66,1,5,False,1000,1000
13938,143,random,10,0.7705015923566879,0,17,None,66,1,5,False,1000,1000
13939,144,random,10,0.7708996815286624,0,17,None,66,1,5,False,1000,1000
13940,140,random,10,0.7782643312101911,0,24,None,66,1,5,False,1000,1000
13941,141,random,10,0.7788614649681529,0,24,None,66,1,5,False,1000,1000
13942,142,random,10,0.7792595541401274,0,24,None,66,1,5,False,1000,1000
13943,143,random,10,0.7807523885350318,0,24,None,66,1,5,False,1000,1000
13944,144,random,10,0.78125,0,24,None,66,1,5,False,1000,1000
13945,140,random,10,0.7083001592356688,0,28,None,66,1,5,False,1000,1000
13946,141,random,10,0.7104896496815286,0,28,None,66,1,5,False,1000,1000
13947,142,random,10,0.7123805732484076,0,28,None,66,1,5,False,1000,1000
13948,143,random,10,0.7137738853503185,0,28,None,66,1,5,False,1000,1000
13949,144,random,10,0.7154657643312102,0,28,None,66,1,5,False,1000,1000
13950,140,random,10,0.798765923566879,0,23,None,66,1,5,False,1000,1000
13951,141,random,10,0.7990644904458599,0,23,None,66,1,5,False,1000,1000
13952,142,random,10,0.7985668789808917,0,23,None,66,1,5,False,1000,1000
13953,143,random,10,0.7993630573248408,0,23,None,66,1,5,False,1000,1000
13954,144,random,10,0.7998606687898089,0,23,None,66,1,5,False,1000,1000
13955,140,random,10,0.7975716560509554,0,0,None,66,1,5,False,1000,1000
13956,141,random,10,0.7975716560509554,0,0,None,66,1,5,False,1000,1000
13957,142,random,10,0.7972730891719745,0,0,None,66,1,5,False,1000,1000
13958,143,random,10,0.7975716560509554,0,0,None,66,1,5,False,1000,1000
13959,144,random,10,0.7977707006369427,0,0,None,66,1,5,False,1000,1000
13960,140,random,10,0.8005573248407644,0,7,None,66,1,5,False,1000,1000
13961,141,random,10,0.800656847133758,0,7,None,66,1,5,False,1000,1000
13962,142,random,10,0.8004578025477707,0,7,None,66,1,5,False,1000,1000
13963,143,random,10,0.8002587579617835,0,7,None,66,1,5,False,1000,1000
13964,144,random,10,0.8000597133757962,0,7,None,66,1,5,False,1000,1000
13965,140,random,10,0.7962778662420382,0,4,None,66,1,5,False,1000,1000
13966,141,random,10,0.7950835987261147,0,4,None,66,1,5,False,1000,1000
13967,142,random,10,0.794984076433121,0,4,None,66,1,5,False,1000,1000
13968,143,random,10,0.7953821656050956,0,4,None,66,1,5,False,1000,1000
13969,144,random,10,0.7953821656050956,0,4,None,66,1,5,False,1000,1000
13970,140,random,10,0.7906050955414012,0,32,None,66,1,5,False,1000,1000
13971,141,random,10,0.7903065286624203,0,32,None,66,1,5,False,1000,1000
13972,142,random,10,0.7905055732484076,0,32,None,66,1,5,False,1000,1000
13973,143,random,10,0.7901074840764332,0,32,None,66,1,5,False,1000,1000
13974,144,random,10,0.7900079617834395,0,32,None,66,1,5,False,1000,1000
13975,140,random,10,0.791202229299363,0,12,None,66,1,5,False,1000,1000
13976,141,random,10,0.7917993630573248,0,12,None,66,1,5,False,1000,1000
13977,142,random,10,0.7923964968152867,0,12,None,66,1,5,False,1000,1000
13978,143,random,10,0.7921974522292994,0,12,None,66,1,5,False,1000,1000
13979,144,random,10,0.7935907643312102,0,12,None,66,1,5,False,1000,1000
13980,140,random,10,0.7882165605095541,0,6,None,66,1,5,False,1000,1000
13981,141,random,10,0.7888136942675159,0,6,None,66,1,5,False,1000,1000
13982,142,random,10,0.7889132165605095,0,6,None,66,1,5,False,1000,1000
13983,143,random,10,0.7888136942675159,0,6,None,66,1,5,False,1000,1000
13984,144,random,10,0.7890127388535032,0,6,None,66,1,5,False,1000,1000
13985,140,random,10,0.7897093949044586,0,13,None,66,1,5,False,1000,1000
13986,141,random,10,0.7867237261146497,0,13,None,66,1,5,False,1000,1000
13987,142,random,10,0.7875199044585988,0,13,None,66,1,5,False,1000,1000
13988,143,random,10,0.7884156050955414,0,13,None,66,1,5,False,1000,1000
13989,144,random,10,0.7883160828025477,0,13,None,66,1,5,False,1000,1000
13990,140,random,10,0.8031449044585988,0,25,None,66,1,5,False,1000,1000
13991,141,random,10,0.8031449044585988,0,25,None,66,1,5,False,1000,1000
13992,142,random,10,0.8017515923566879,0,25,None,66,1,5,False,1000,1000
13993,143,random,10,0.8019506369426752,0,25,None,66,1,5,False,1000,1000
13994,144,random,10,0.8021496815286624,0,25,None,66,1,5,False,1000,1000
13995,140,random,10,0.7798566878980892,0,26,None,66,1,5,False,1000,1000
13996,141,random,10,0.7806528662420382,0,26,None,66,1,5,False,1000,1000
13997,142,random,10,0.7810509554140127,0,26,None,66,1,5,False,1000,1000
13998,143,random,10,0.7802547770700637,0,26,None,66,1,5,False,1000,1000
13999,144,random,10,0.7809514331210191,0,26,None,66,1,5,False,1000,1000
14000,140,random,10,0.7681130573248408,0,8,None,66,1,5,False,1000,1000
14001,141,random,10,0.7696058917197452,0,8,None,66,1,5,False,1000,1000
14002,142,random,10,0.7713972929936306,0,8,None,66,1,5,False,1000,1000
14003,143,random,10,0.7724920382165605,0,8,None,66,1,5,False,1000,1000
14004,144,random,10,0.7736863057324841,0,8,None,66,1,5,False,1000,1000
14005,140,random,10,0.7852308917197452,0,18,None,66,1,5,False,1000,1000
14006,141,random,10,0.7859275477707006,0,18,None,66,1,5,False,1000,1000
14007,142,random,10,0.7863256369426752,0,18,None,66,1,5,False,1000,1000
14008,143,random,10,0.7864251592356688,0,18,None,66,1,5,False,1000,1000
14009,144,random,10,0.7863256369426752,0,18,None,66,1,5,False,1000,1000
14010,140,random,10,0.6830214968152867,0,3,None,66,1,5,False,1000,1000
14011,141,random,10,0.6644108280254777,0,3,None,66,1,5,False,1000,1000
14012,142,random,10,0.6559514331210191,0,3,None,66,1,5,False,1000,1000
14013,143,random,10,0.6503781847133758,0,3,None,66,1,5,False,1000,1000
14014,144,random,10,0.6441082802547771,0,3,None,66,1,5,False,1000,1000
14015,140,random,10,0.7971735668789809,0,19,None,66,1,5,False,1000,1000
14016,141,random,10,0.7976711783439491,0,19,None,66,1,5,False,1000,1000
14017,142,random,10,0.7977707006369427,0,19,None,66,1,5,False,1000,1000
14018,143,random,10,0.7982683121019108,0,19,None,66,1,5,False,1000,1000
14019,144,random,10,0.7982683121019108,0,19,None,66,1,5,False,1000,1000
14020,140,random,10,0.7985668789808917,0,31,None,66,1,5,False,1000,1000
14021,141,random,10,0.7985668789808917,0,31,None,66,1,5,False,1000,1000
14022,142,random,10,0.7989649681528662,0,31,None,66,1,5,False,1000,1000
14023,143,random,10,0.799562101910828,0,31,None,66,1,5,False,1000,1000
14024,144,random,10,0.7998606687898089,0,31,None,66,1,5,False,1000,1000
14025,145,random,10,0.7855294585987261,0,18,None,66,1,5,False,1000,1000
14026,146,random,10,0.7861265923566879,0,18,None,66,1,5,False,1000,1000
14027,147,random,10,0.7866242038216561,0,18,None,66,1,5,False,1000,1000
14028,148,random,10,0.7865246815286624,0,18,None,66,1,5,False,1000,1000
14029,149,random,10,0.7866242038216561,0,18,None,66,1,5,False,1000,1000
14030,145,random,10,0.7942874203821656,0,1,None,66,1,5,False,1000,1000
14031,146,random,10,0.7936902866242038,0,1,None,66,1,5,False,1000,1000
14032,147,random,10,0.7928941082802548,0,1,None,66,1,5,False,1000,1000
14033,148,random,10,0.793093152866242,0,1,None,66,1,5,False,1000,1000
14034,149,random,10,0.792296974522293,0,1,None,66,1,5,False,1000,1000
14035,145,random,10,0.7596536624203821,0,2,None,66,1,5,False,1000,1000
14036,146,random,10,0.7866242038216561,0,2,None,66,1,5,False,1000,1000
14037,147,random,10,0.789609872611465,0,2,None,66,1,5,False,1000,1000
14038,148,random,10,0.7893113057324841,0,2,None,66,1,5,False,1000,1000
14039,149,random,10,0.7867237261146497,0,2,None,66,1,5,False,1000,1000
14040,145,random,10,0.7902070063694268,0,22,None,66,1,5,False,1000,1000
14041,146,random,10,0.7908041401273885,0,22,None,66,1,5,False,1000,1000
14042,147,random,10,0.791202229299363,0,22,None,66,1,5,False,1000,1000
14043,148,random,10,0.7908041401273885,0,22,None,66,1,5,False,1000,1000
14044,149,random,10,0.7909036624203821,0,22,None,66,1,5,False,1000,1000
14045,145,random,10,0.7710987261146497,0,8,None,66,1,5,False,1000,1000
14046,146,random,10,0.7725915605095541,0,8,None,66,1,5,False,1000,1000
14047,147,random,10,0.7733877388535032,0,8,None,66,1,5,False,1000,1000
14048,148,random,10,0.7743829617834395,0,8,None,66,1,5,False,1000,1000
14049,149,random,10,0.7748805732484076,0,8,None,66,1,5,False,1000,1000
14050,145,random,10,0.7998606687898089,0,23,None,66,1,5,False,1000,1000
14051,146,random,10,0.7997611464968153,0,23,None,66,1,5,False,1000,1000
14052,147,random,10,0.7999601910828026,0,23,None,66,1,5,False,1000,1000
14053,148,random,10,0.7998606687898089,0,23,None,66,1,5,False,1000,1000
14054,149,random,10,0.8003582802547771,0,23,None,66,1,5,False,1000,1000
14055,145,random,10,0.7905055732484076,0,5,None,66,1,5,False,1000,1000
14056,146,random,10,0.7908041401273885,0,5,None,66,1,5,False,1000,1000
14057,147,random,10,0.7916003184713376,0,5,None,66,1,5,False,1000,1000
14058,148,random,10,0.7915007961783439,0,5,None,66,1,5,False,1000,1000
14059,149,random,10,0.7910031847133758,0,5,None,66,1,5,False,1000,1000
14060,145,random,10,0.8113057324840764,0,16,None,66,1,5,False,1000,1000
14061,146,random,10,0.8112062101910829,0,16,None,66,1,5,False,1000,1000
14062,147,random,10,0.8121019108280255,0,16,None,66,1,5,False,1000,1000
14063,148,random,10,0.8128980891719745,0,16,None,66,1,5,False,1000,1000
14064,149,random,10,0.8127985668789809,0,16,None,66,1,5,False,1000,1000
14065,145,random,10,0.8037420382165605,0,7,None,66,1,5,False,1000,1000
14066,146,random,10,0.8032444267515924,0,7,None,66,1,5,False,1000,1000
14067,147,random,10,0.8038415605095541,0,7,None,66,1,5,False,1000,1000
14068,148,random,10,0.8038415605095541,0,7,None,66,1,5,False,1000,1000
14069,149,random,10,0.804140127388535,0,7,None,66,1,5,False,1000,1000
14070,145,random,10,0.7920979299363057,0,32,None,66,1,5,False,1000,1000
14071,146,random,10,0.7899084394904459,0,32,None,66,1,5,False,1000,1000
14072,147,random,10,0.7907046178343949,0,32,None,66,1,5,False,1000,1000
14073,148,random,10,0.7910031847133758,0,32,None,66,1,5,False,1000,1000
14074,149,random,10,0.7911027070063694,0,32,None,66,1,5,False,1000,1000
14075,145,random,10,0.8119028662420382,0,14,None,66,1,5,False,1000,1000
14076,146,random,10,0.8121019108280255,0,14,None,66,1,5,False,1000,1000
14077,147,random,10,0.8117038216560509,0,14,None,66,1,5,False,1000,1000
14078,148,random,10,0.8118033439490446,0,14,None,66,1,5,False,1000,1000
14079,149,random,10,0.8115047770700637,0,14,None,66,1,5,False,1000,1000
14080,145,random,10,0.7952826433121019,0,9,None,66,1,5,False,1000,1000
14081,146,random,10,0.7983678343949044,0,9,None,66,1,5,False,1000,1000
14082,147,random,10,0.7986664012738853,0,9,None,66,1,5,False,1000,1000
14083,148,random,10,0.8004578025477707,0,9,None,66,1,5,False,1000,1000
14084,149,random,10,0.8004578025477707,0,9,None,66,1,5,False,1000,1000
14085,145,random,10,0.7218351910828026,0,29,None,66,1,5,False,1000,1000
14086,146,random,10,0.7248208598726115,0,29,None,66,1,5,False,1000,1000
14087,147,random,10,0.727109872611465,0,29,None,66,1,5,False,1000,1000
14088,148,random,10,0.7298964968152867,0,29,None,66,1,5,False,1000,1000
14089,149,random,10,0.7313893312101911,0,29,None,66,1,5,False,1000,1000
14090,145,random,10,0.7624402866242038,0,15,None,66,1,5,False,1000,1000
14091,146,random,10,0.7641321656050956,0,15,None,66,1,5,False,1000,1000
14092,147,random,10,0.7655254777070064,0,15,None,66,1,5,False,1000,1000
14093,148,random,10,0.76671974522293,0,15,None,66,1,5,False,1000,1000
14094,149,random,10,0.7676154458598726,0,15,None,66,1,5,False,1000,1000
14095,145,random,10,0.7654259554140127,0,10,None,66,1,5,False,1000,1000
14096,146,random,10,0.7680135350318471,0,10,None,66,1,5,False,1000,1000
14097,147,random,10,0.7707006369426752,0,10,None,66,1,5,False,1000,1000
14098,148,random,10,0.7718949044585988,0,10,None,66,1,5,False,1000,1000
14099,149,random,10,0.7733877388535032,0,10,None,66,1,5,False,1000,1000
14100,145,random,10,0.796875,0,20,None,66,1,5,False,1000,1000
14101,146,random,10,0.7938893312101911,0,20,None,66,1,5,False,1000,1000
14102,147,random,10,0.7862261146496815,0,20,None,66,1,5,False,1000,1000
14103,148,random,10,0.7806528662420382,0,20,None,66,1,5,False,1000,1000
14104,149,random,10,0.7776671974522293,0,20,None,66,1,5,False,1000,1000
14105,145,random,10,0.7965764331210191,0,4,None,66,1,5,False,1000,1000
14106,146,random,10,0.7960788216560509,0,4,None,66,1,5,False,1000,1000
14107,147,random,10,0.7959792993630573,0,4,None,66,1,5,False,1000,1000
14108,148,random,10,0.7955812101910829,0,4,None,66,1,5,False,1000,1000
14109,149,random,10,0.7959792993630573,0,4,None,66,1,5,False,1000,1000
14110,145,random,10,0.7092953821656051,0,28,None,66,1,5,False,1000,1000
14111,146,random,10,0.7108877388535032,0,28,None,66,1,5,False,1000,1000
14112,147,random,10,0.7132762738853503,0,28,None,66,1,5,False,1000,1000
14113,148,random,10,0.7157643312101911,0,28,None,66,1,5,False,1000,1000
14114,149,random,10,0.7166600318471338,0,28,None,66,1,5,False,1000,1000
14115,145,random,10,0.7984673566878981,0,19,None,66,1,5,False,1000,1000
14116,146,random,10,0.7986664012738853,0,19,None,66,1,5,False,1000,1000
14117,147,random,10,0.7984673566878981,0,19,None,66,1,5,False,1000,1000
14118,148,random,10,0.798765923566879,0,19,None,66,1,5,False,1000,1000
14119,149,random,10,0.7985668789808917,0,19,None,66,1,5,False,1000,1000
14120,145,random,10,0.7609474522292994,0,21,None,66,1,5,False,1000,1000
14121,146,random,10,0.7604498407643312,0,21,None,66,1,5,False,1000,1000
14122,147,random,10,0.7596536624203821,0,21,None,66,1,5,False,1000,1000
14123,148,random,10,0.7606488853503185,0,21,None,66,1,5,False,1000,1000
14124,149,random,10,0.759952229299363,0,21,None,66,1,5,False,1000,1000
14125,145,random,10,0.7992635350318471,0,31,None,66,1,5,False,1000,1000
14126,146,random,10,0.7997611464968153,0,31,None,66,1,5,False,1000,1000
14127,147,random,10,0.7996616242038217,0,31,None,66,1,5,False,1000,1000
14128,148,random,10,0.8000597133757962,0,31,None,66,1,5,False,1000,1000
14129,149,random,10,0.8002587579617835,0,31,None,66,1,5,False,1000,1000
14130,145,random,10,0.7983678343949044,0,0,None,66,1,5,False,1000,1000
14131,146,random,10,0.7982683121019108,0,0,None,66,1,5,False,1000,1000
14132,147,random,10,0.7981687898089171,0,0,None,66,1,5,False,1000,1000
14133,148,random,10,0.7981687898089171,0,0,None,66,1,5,False,1000,1000
14134,149,random,10,0.79796974522293,0,0,None,66,1,5,False,1000,1000
14135,145,random,10,0.7992635350318471,0,30,None,66,1,5,False,1000,1000
14136,146,random,10,0.7970740445859873,0,30,None,66,1,5,False,1000,1000
14137,147,random,10,0.7954816878980892,0,30,None,66,1,5,False,1000,1000
14138,148,random,10,0.7954816878980892,0,30,None,66,1,5,False,1000,1000
14139,149,random,10,0.7954816878980892,0,30,None,66,1,5,False,1000,1000
14140,145,random,10,0.7567675159235668,0,27,None,66,1,5,False,1000,1000
14141,146,random,10,0.7561703821656051,0,27,None,66,1,5,False,1000,1000
14142,147,random,10,0.7563694267515924,0,27,None,66,1,5,False,1000,1000
14143,148,random,10,0.7569665605095541,0,27,None,66,1,5,False,1000,1000
14144,149,random,10,0.7574641719745223,0,27,None,66,1,5,False,1000,1000
14145,145,random,10,0.6209195859872612,0,11,None,66,1,5,False,1000,1000
14146,146,random,10,0.5627985668789809,0,11,None,66,1,5,False,1000,1000
14147,147,random,10,0.5221934713375797,0,11,None,66,1,5,False,1000,1000
14148,148,random,10,0.4888535031847134,0,11,None,66,1,5,False,1000,1000
14149,149,random,10,0.4634753184713376,0,11,None,66,1,5,False,1000,1000
14150,145,random,10,0.7732882165605095,0,17,None,66,1,5,False,1000,1000
14151,146,random,10,0.7716958598726115,0,17,None,66,1,5,False,1000,1000
14152,147,random,10,0.7714968152866242,0,17,None,66,1,5,False,1000,1000
14153,148,random,10,0.7719944267515924,0,17,None,66,1,5,False,1000,1000
14154,149,random,10,0.7715963375796179,0,17,None,66,1,5,False,1000,1000
14155,145,random,10,0.7827428343949044,0,24,None,66,1,5,False,1000,1000
14156,146,random,10,0.7838375796178344,0,24,None,66,1,5,False,1000,1000
14157,147,random,10,0.7863256369426752,0,24,None,66,1,5,False,1000,1000
14158,148,random,10,0.7868232484076433,0,24,None,66,1,5,False,1000,1000
14159,149,random,10,0.7867237261146497,0,24,None,66,1,5,False,1000,1000
14160,145,random,10,0.7902070063694268,0,6,None,66,1,5,False,1000,1000
14161,146,random,10,0.7900079617834395,0,6,None,66,1,5,False,1000,1000
14162,147,random,10,0.790406050955414,0,6,None,66,1,5,False,1000,1000
14163,148,random,10,0.790406050955414,0,6,None,66,1,5,False,1000,1000
14164,149,random,10,0.790406050955414,0,6,None,66,1,5,False,1000,1000
14165,145,random,10,0.7923964968152867,0,12,None,66,1,5,False,1000,1000
14166,146,random,10,0.7928941082802548,0,12,None,66,1,5,False,1000,1000
14167,147,random,10,0.7927945859872612,0,12,None,66,1,5,False,1000,1000
14168,148,random,10,0.7937898089171974,0,12,None,66,1,5,False,1000,1000
14169,149,random,10,0.7944864649681529,0,12,None,66,1,5,False,1000,1000
14170,145,random,10,0.6870023885350318,0,3,None,66,1,5,False,1000,1000
14171,146,random,10,0.6743630573248408,0,3,None,66,1,5,False,1000,1000
14172,147,random,10,0.667296974522293,0,3,None,66,1,5,False,1000,1000
14173,148,random,10,0.6595342356687898,0,3,None,66,1,5,False,1000,1000
14174,149,random,10,0.6564490445859873,0,3,None,66,1,5,False,1000,1000
14175,145,random,10,0.7897093949044586,0,13,None,66,1,5,False,1000,1000
14176,146,random,10,0.7903065286624203,0,13,None,66,1,5,False,1000,1000
14177,147,random,10,0.7907046178343949,0,13,None,66,1,5,False,1000,1000
14178,148,random,10,0.7899084394904459,0,13,None,66,1,5,False,1000,1000
14179,149,random,10,0.7902070063694268,0,13,None,66,1,5,False,1000,1000
14180,145,random,10,0.8046377388535032,0,25,None,66,1,5,False,1000,1000
14181,146,random,10,0.8042396496815286,0,25,None,66,1,5,False,1000,1000
14182,147,random,10,0.8031449044585988,0,25,None,66,1,5,False,1000,1000
14183,148,random,10,0.8030453821656051,0,25,None,66,1,5,False,1000,1000
14184,149,random,10,0.8029458598726115,0,25,None,66,1,5,False,1000,1000
14185,145,random,10,0.7820461783439491,0,26,None,66,1,5,False,1000,1000
14186,146,random,10,0.7819466560509554,0,26,None,66,1,5,False,1000,1000
14187,147,random,10,0.7814490445859873,0,26,None,66,1,5,False,1000,1000
14188,148,random,10,0.7813495222929936,0,26,None,66,1,5,False,1000,1000
14189,149,random,10,0.7815485668789809,0,26,None,66,1,5,False,1000,1000
14190,150,random,10,0.7824442675159236,0,26,None,66,1,5,False,1000,1000
14191,151,random,10,0.7819466560509554,0,26,None,66,1,5,False,1000,1000
14192,152,random,10,0.7824442675159236,0,26,None,66,1,5,False,1000,1000
14193,153,random,10,0.7832404458598726,0,26,None,66,1,5,False,1000,1000
14194,154,random,10,0.7842356687898089,0,26,None,66,1,5,False,1000,1000
14195,150,random,10,0.7921974522292994,0,1,None,66,1,5,False,1000,1000
14196,151,random,10,0.7916998407643312,0,1,None,66,1,5,False,1000,1000
14197,152,random,10,0.792296974522293,0,1,None,66,1,5,False,1000,1000
14198,153,random,10,0.7926950636942676,0,1,None,66,1,5,False,1000,1000
14199,154,random,10,0.7928941082802548,0,1,None,66,1,5,False,1000,1000
14200,150,random,10,0.7771695859872612,0,2,None,66,1,5,False,1000,1000
14201,151,random,10,0.788515127388535,0,2,None,66,1,5,False,1000,1000
14202,152,random,10,0.7920979299363057,0,2,None,66,1,5,False,1000,1000
14203,153,random,10,0.7905055732484076,0,2,None,66,1,5,False,1000,1000
14204,154,random,10,0.7871218152866242,0,2,None,66,1,5,False,1000,1000
14205,150,random,10,0.7606488853503185,0,21,None,66,1,5,False,1000,1000
14206,151,random,10,0.7620421974522293,0,21,None,66,1,5,False,1000,1000
14207,152,random,10,0.7607484076433121,0,21,None,66,1,5,False,1000,1000
14208,153,random,10,0.7609474522292994,0,21,None,66,1,5,False,1000,1000
14209,154,random,10,0.7614450636942676,0,21,None,66,1,5,False,1000,1000
14210,150,random,10,0.792296974522293,0,5,None,66,1,5,False,1000,1000
14211,151,random,10,0.7916998407643312,0,5,None,66,1,5,False,1000,1000
14212,152,random,10,0.7916998407643312,0,5,None,66,1,5,False,1000,1000
14213,153,random,10,0.7916003184713376,0,5,None,66,1,5,False,1000,1000
14214,154,random,10,0.7914012738853503,0,5,None,66,1,5,False,1000,1000
14215,150,random,10,0.81359474522293,0,16,None,66,1,5,False,1000,1000
14216,151,random,10,0.8141918789808917,0,16,None,66,1,5,False,1000,1000
14217,152,random,10,0.8144904458598726,0,16,None,66,1,5,False,1000,1000
14218,153,random,10,0.8149880573248408,0,16,None,66,1,5,False,1000,1000
14219,154,random,10,0.8148885350318471,0,16,None,66,1,5,False,1000,1000
14220,150,random,10,0.8076234076433121,0,7,None,66,1,5,False,1000,1000
14221,151,random,10,0.8077229299363057,0,7,None,66,1,5,False,1000,1000
14222,152,random,10,0.8076234076433121,0,7,None,66,1,5,False,1000,1000
14223,153,random,10,0.8075238853503185,0,7,None,66,1,5,False,1000,1000
14224,154,random,10,0.806827229299363,0,7,None,66,1,5,False,1000,1000
14225,150,random,10,0.8112062101910829,0,14,None,66,1,5,False,1000,1000
14226,151,random,10,0.8116042993630573,0,14,None,66,1,5,False,1000,1000
14227,152,random,10,0.8116042993630573,0,14,None,66,1,5,False,1000,1000
14228,153,random,10,0.8113057324840764,0,14,None,66,1,5,False,1000,1000
14229,154,random,10,0.8111066878980892,0,14,None,66,1,5,False,1000,1000
14230,150,random,10,0.7956807324840764,0,9,None,66,1,5,False,1000,1000
14231,151,random,10,0.7976711783439491,0,9,None,66,1,5,False,1000,1000
14232,152,random,10,0.7990644904458599,0,9,None,66,1,5,False,1000,1000
14233,153,random,10,0.7997611464968153,0,9,None,66,1,5,False,1000,1000
14234,154,random,10,0.8010549363057324,0,9,None,66,1,5,False,1000,1000
14235,150,random,10,0.8056329617834395,0,25,None,66,1,5,False,1000,1000
14236,151,random,10,0.8046377388535032,0,25,None,66,1,5,False,1000,1000
14237,152,random,10,0.8037420382165605,0,25,None,66,1,5,False,1000,1000
14238,153,random,10,0.8045382165605095,0,25,None,66,1,5,False,1000,1000
14239,154,random,10,0.8037420382165605,0,25,None,66,1,5,False,1000,1000
14240,150,random,10,0.722531847133758,0,29,None,66,1,5,False,1000,1000
14241,151,random,10,0.7247213375796179,0,29,None,66,1,5,False,1000,1000
14242,152,random,10,0.7274084394904459,0,29,None,66,1,5,False,1000,1000
14243,153,random,10,0.7301950636942676,0,29,None,66,1,5,False,1000,1000
14244,154,random,10,0.731687898089172,0,29,None,66,1,5,False,1000,1000
14245,150,random,10,0.6491839171974523,0,11,None,66,1,5,False,1000,1000
14246,151,random,10,0.6032046178343949,0,11,None,66,1,5,False,1000,1000
14247,152,random,10,0.5677746815286624,0,11,None,66,1,5,False,1000,1000
14248,153,random,10,0.5395103503184714,0,11,None,66,1,5,False,1000,1000
14249,154,random,10,0.5162221337579618,0,11,None,66,1,5,False,1000,1000
14250,150,random,10,0.7751791401273885,0,17,None,66,1,5,False,1000,1000
14251,151,random,10,0.7733877388535032,0,17,None,66,1,5,False,1000,1000
14252,152,random,10,0.7740843949044586,0,17,None,66,1,5,False,1000,1000
14253,153,random,10,0.7744824840764332,0,17,None,66,1,5,False,1000,1000
14254,154,random,10,0.7743829617834395,0,17,None,66,1,5,False,1000,1000
14255,150,random,10,0.7873208598726115,0,24,None,66,1,5,False,1000,1000
14256,151,random,10,0.7887141719745223,0,24,None,66,1,5,False,1000,1000
14257,152,random,10,0.789609872611465,0,24,None,66,1,5,False,1000,1000
14258,153,random,10,0.7895103503184714,0,24,None,66,1,5,False,1000,1000
14259,154,random,10,0.7899084394904459,0,24,None,66,1,5,False,1000,1000
14260,150,random,10,0.798765923566879,0,19,None,66,1,5,False,1000,1000
14261,151,random,10,0.7990644904458599,0,19,None,66,1,5,False,1000,1000
14262,152,random,10,0.798765923566879,0,19,None,66,1,5,False,1000,1000
14263,153,random,10,0.7992635350318471,0,19,None,66,1,5,False,1000,1000
14264,154,random,10,0.7998606687898089,0,19,None,66,1,5,False,1000,1000
14265,150,random,10,0.7082006369426752,0,28,None,66,1,5,False,1000,1000
14266,151,random,10,0.7112858280254777,0,28,None,66,1,5,False,1000,1000
14267,152,random,10,0.7127786624203821,0,28,None,66,1,5,False,1000,1000
14268,153,random,10,0.7142714968152867,0,28,None,66,1,5,False,1000,1000
14269,154,random,10,0.7171576433121019,0,28,None,66,1,5,False,1000,1000
14270,150,random,10,0.8005573248407644,0,30,None,66,1,5,False,1000,1000
14271,151,random,10,0.79796974522293,0,30,None,66,1,5,False,1000,1000
14272,152,random,10,0.79796974522293,0,30,None,66,1,5,False,1000,1000
14273,153,random,10,0.7973726114649682,0,30,None,66,1,5,False,1000,1000
14274,154,random,10,0.7973726114649682,0,30,None,66,1,5,False,1000,1000
14275,150,random,10,0.785828025477707,0,18,None,66,1,5,False,1000,1000
14276,151,random,10,0.7856289808917197,0,18,None,66,1,5,False,1000,1000
14277,152,random,10,0.7854299363057324,0,18,None,66,1,5,False,1000,1000
14278,153,random,10,0.7865246815286624,0,18,None,66,1,5,False,1000,1000
14279,154,random,10,0.7862261146496815,0,18,None,66,1,5,False,1000,1000
14280,150,random,10,0.7584593949044586,0,27,None,66,1,5,False,1000,1000
14281,151,random,10,0.7589570063694268,0,27,None,66,1,5,False,1000,1000
14282,152,random,10,0.7595541401273885,0,27,None,66,1,5,False,1000,1000
14283,153,random,10,0.7598527070063694,0,27,None,66,1,5,False,1000,1000
14284,154,random,10,0.7604498407643312,0,27,None,66,1,5,False,1000,1000
14285,150,random,10,0.7989649681528662,0,31,None,66,1,5,False,1000,1000
14286,151,random,10,0.7996616242038217,0,31,None,66,1,5,False,1000,1000
14287,152,random,10,0.7992635350318471,0,31,None,66,1,5,False,1000,1000
14288,153,random,10,0.8010549363057324,0,31,None,66,1,5,False,1000,1000
14289,154,random,10,0.8015525477707006,0,31,None,66,1,5,False,1000,1000
14290,150,random,10,0.7926950636942676,0,13,None,66,1,5,False,1000,1000
14291,151,random,10,0.7924960191082803,0,13,None,66,1,5,False,1000,1000
14292,152,random,10,0.7914012738853503,0,13,None,66,1,5,False,1000,1000
14293,153,random,10,0.7924960191082803,0,13,None,66,1,5,False,1000,1000
14294,154,random,10,0.7926950636942676,0,13,None,66,1,5,False,1000,1000
14295,150,random,10,0.7924960191082803,0,12,None,66,1,5,False,1000,1000
14296,151,random,10,0.7932921974522293,0,12,None,66,1,5,False,1000,1000
14297,152,random,10,0.7933917197452229,0,12,None,66,1,5,False,1000,1000
14298,153,random,10,0.7948845541401274,0,12,None,66,1,5,False,1000,1000
14299,154,random,10,0.7952826433121019,0,12,None,66,1,5,False,1000,1000
14300,150,random,10,0.7967754777070064,0,4,None,66,1,5,False,1000,1000
14301,151,random,10,0.7963773885350318,0,4,None,66,1,5,False,1000,1000
14302,152,random,10,0.7958797770700637,0,4,None,66,1,5,False,1000,1000
14303,153,random,10,0.7956807324840764,0,4,None,66,1,5,False,1000,1000
14304,154,random,10,0.7960788216560509,0,4,None,66,1,5,False,1000,1000
14305,150,random,10,0.7988654458598726,0,0,None,66,1,5,False,1000,1000
14306,151,random,10,0.7990644904458599,0,0,None,66,1,5,False,1000,1000
14307,152,random,10,0.799562101910828,0,0,None,66,1,5,False,1000,1000
14308,153,random,10,0.7992635350318471,0,0,None,66,1,5,False,1000,1000
14309,154,random,10,0.7992635350318471,0,0,None,66,1,5,False,1000,1000
14310,150,random,10,0.7706011146496815,0,8,None,66,1,5,False,1000,1000
14311,151,random,10,0.7732882165605095,0,8,None,66,1,5,False,1000,1000
14312,152,random,10,0.7744824840764332,0,8,None,66,1,5,False,1000,1000
14313,153,random,10,0.775577229299363,0,8,None,66,1,5,False,1000,1000
14314,154,random,10,0.7767714968152867,0,8,None,66,1,5,False,1000,1000
14315,150,random,10,0.7926950636942676,0,6,None,66,1,5,False,1000,1000
14316,151,random,10,0.7916998407643312,0,6,None,66,1,5,False,1000,1000
14317,152,random,10,0.7916003184713376,0,6,None,66,1,5,False,1000,1000
14318,153,random,10,0.7915007961783439,0,6,None,66,1,5,False,1000,1000
14319,154,random,10,0.7918988853503185,0,6,None,66,1,5,False,1000,1000
14320,150,random,10,0.7983678343949044,0,20,None,66,1,5,False,1000,1000
14321,151,random,10,0.7926950636942676,0,20,None,66,1,5,False,1000,1000
14322,152,random,10,0.7867237261146497,0,20,None,66,1,5,False,1000,1000
14323,153,random,10,0.7811504777070064,0,20,None,66,1,5,False,1000,1000
14324,154,random,10,0.7784633757961783,0,20,None,66,1,5,False,1000,1000
14325,150,random,10,0.791202229299363,0,22,None,66,1,5,False,1000,1000
14326,151,random,10,0.7920979299363057,0,22,None,66,1,5,False,1000,1000
14327,152,random,10,0.7913017515923567,0,22,None,66,1,5,False,1000,1000
14328,153,random,10,0.7916003184713376,0,22,None,66,1,5,False,1000,1000
14329,154,random,10,0.7919984076433121,0,22,None,66,1,5,False,1000,1000
14330,150,random,10,0.8003582802547771,0,23,None,66,1,5,False,1000,1000
14331,151,random,10,0.7999601910828026,0,23,None,66,1,5,False,1000,1000
14332,152,random,10,0.8000597133757962,0,23,None,66,1,5,False,1000,1000
14333,153,random,10,0.8004578025477707,0,23,None,66,1,5,False,1000,1000
14334,154,random,10,0.8004578025477707,0,23,None,66,1,5,False,1000,1000
14335,150,random,10,0.792296974522293,0,32,None,66,1,5,False,1000,1000
14336,151,random,10,0.7918988853503185,0,32,None,66,1,5,False,1000,1000
14337,152,random,10,0.7918988853503185,0,32,None,66,1,5,False,1000,1000
14338,153,random,10,0.7924960191082803,0,32,None,66,1,5,False,1000,1000
14339,154,random,10,0.792296974522293,0,32,None,66,1,5,False,1000,1000
14340,150,random,10,0.7677149681528662,0,10,None,66,1,5,False,1000,1000
14341,151,random,10,0.7713972929936306,0,10,None,66,1,5,False,1000,1000
14342,152,random,10,0.7733877388535032,0,10,None,66,1,5,False,1000,1000
14343,153,random,10,0.7740843949044586,0,10,None,66,1,5,False,1000,1000
14344,154,random,10,0.7765724522292994,0,10,None,66,1,5,False,1000,1000
14345,150,random,10,0.7636345541401274,0,15,None,66,1,5,False,1000,1000
14346,151,random,10,0.7644307324840764,0,15,None,66,1,5,False,1000,1000
14347,152,random,10,0.7670183121019108,0,15,None,66,1,5,False,1000,1000
14348,153,random,10,0.7677149681528662,0,15,None,66,1,5,False,1000,1000
14349,154,random,10,0.7677149681528662,0,15,None,66,1,5,False,1000,1000
14350,150,random,10,0.6847133757961783,0,3,None,66,1,5,False,1000,1000
14351,151,random,10,0.6798367834394905,0,3,None,66,1,5,False,1000,1000
14352,152,random,10,0.6733678343949044,0,3,None,66,1,5,False,1000,1000
14353,153,random,10,0.6687898089171974,0,3,None,66,1,5,False,1000,1000
14354,154,random,10,0.6641122611464968,0,3,None,66,1,5,False,1000,1000
15345,155,random,10,0.7920979299363057,0,5,None,66,1,5,False,1000,1000
15346,156,random,10,0.791202229299363,0,5,None,66,1,5,False,1000,1000
15347,157,random,10,0.7909036624203821,0,5,None,66,1,5,False,1000,1000
15348,158,random,10,0.7914012738853503,0,5,None,66,1,5,False,1000,1000
15349,159,random,10,0.7921974522292994,0,5,None,66,1,5,False,1000,1000
15350,155,random,10,0.7944864649681529,0,13,None,66,1,5,False,1000,1000
15351,156,random,10,0.7935907643312102,0,13,None,66,1,5,False,1000,1000
15352,157,random,10,0.7928941082802548,0,13,None,66,1,5,False,1000,1000
15353,158,random,10,0.7938893312101911,0,13,None,66,1,5,False,1000,1000
15354,159,random,10,0.7936902866242038,0,13,None,66,1,5,False,1000,1000
15355,155,random,10,0.8152866242038217,0,16,None,66,1,5,False,1000,1000
15356,156,random,10,0.8155851910828026,0,16,None,66,1,5,False,1000,1000
15357,157,random,10,0.8155851910828026,0,16,None,66,1,5,False,1000,1000
15358,158,random,10,0.8159832802547771,0,16,None,66,1,5,False,1000,1000
15359,159,random,10,0.8168789808917197,0,16,None,66,1,5,False,1000,1000
15360,155,random,10,0.7718949044585988,0,8,None,66,1,5,False,1000,1000
15361,156,random,10,0.7750796178343949,0,8,None,66,1,5,False,1000,1000
15362,157,random,10,0.7754777070063694,0,8,None,66,1,5,False,1000,1000
15363,158,random,10,0.7768710191082803,0,8,None,66,1,5,False,1000,1000
15364,159,random,10,0.7780652866242038,0,8,None,66,1,5,False,1000,1000
15365,155,random,10,0.8004578025477707,0,20,None,66,1,5,False,1000,1000
15366,156,random,10,0.7900079617834395,0,20,None,66,1,5,False,1000,1000
15367,157,random,10,0.7843351910828026,0,20,None,66,1,5,False,1000,1000
15368,158,random,10,0.7781648089171974,0,20,None,66,1,5,False,1000,1000
15369,159,random,10,0.774781050955414,0,20,None,66,1,5,False,1000,1000
15370,155,random,10,0.7996616242038217,0,19,None,66,1,5,False,1000,1000
15371,156,random,10,0.7994625796178344,0,19,None,66,1,5,False,1000,1000
15372,157,random,10,0.7994625796178344,0,19,None,66,1,5,False,1000,1000
15373,158,random,10,0.7994625796178344,0,19,None,66,1,5,False,1000,1000
15374,159,random,10,0.7992635350318471,0,19,None,66,1,5,False,1000,1000
15375,155,random,10,0.8119028662420382,0,14,None,66,1,5,False,1000,1000
15376,156,random,10,0.8120023885350318,0,14,None,66,1,5,False,1000,1000
15377,157,random,10,0.8118033439490446,0,14,None,66,1,5,False,1000,1000
15378,158,random,10,0.8112062101910829,0,14,None,66,1,5,False,1000,1000
15379,159,random,10,0.8107085987261147,0,14,None,66,1,5,False,1000,1000
15380,155,random,10,0.7907046178343949,0,22,None,66,1,5,False,1000,1000
15381,156,random,10,0.7913017515923567,0,22,None,66,1,5,False,1000,1000
15382,157,random,10,0.7911027070063694,0,22,None,66,1,5,False,1000,1000
15383,158,random,10,0.7921974522292994,0,22,None,66,1,5,False,1000,1000
15384,159,random,10,0.7919984076433121,0,22,None,66,1,5,False,1000,1000
15385,155,random,10,0.7999601910828026,0,23,None,66,1,5,False,1000,1000
15386,156,random,10,0.7996616242038217,0,23,None,66,1,5,False,1000,1000
15387,157,random,10,0.7998606687898089,0,23,None,66,1,5,False,1000,1000
15388,158,random,10,0.8000597133757962,0,23,None,66,1,5,False,1000,1000
15389,159,random,10,0.8001592356687898,0,23,None,66,1,5,False,1000,1000
15390,155,random,10,0.806827229299363,0,25,None,66,1,5,False,1000,1000
15391,156,random,10,0.8069267515923567,0,25,None,66,1,5,False,1000,1000
15392,157,random,10,0.8070262738853503,0,25,None,66,1,5,False,1000,1000
15393,158,random,10,0.8061305732484076,0,25,None,66,1,5,False,1000,1000
15394,159,random,10,0.806031050955414,0,25,None,66,1,5,False,1000,1000
15395,155,random,10,0.7613455414012739,0,21,None,66,1,5,False,1000,1000
15396,156,random,10,0.7614450636942676,0,21,None,66,1,5,False,1000,1000
15397,157,random,10,0.7612460191082803,0,21,None,66,1,5,False,1000,1000
15398,158,random,10,0.7621417197452229,0,21,None,66,1,5,False,1000,1000
15399,159,random,10,0.761843152866242,0,21,None,66,1,5,False,1000,1000
15400,155,random,10,0.7848328025477707,0,26,None,66,1,5,False,1000,1000
15401,156,random,10,0.7852308917197452,0,26,None,66,1,5,False,1000,1000
15402,157,random,10,0.7849323248407644,0,26,None,66,1,5,False,1000,1000
15403,158,random,10,0.7852308917197452,0,26,None,66,1,5,False,1000,1000
15404,159,random,10,0.7853304140127388,0,26,None,66,1,5,False,1000,1000
15405,155,random,10,0.7942874203821656,0,12,None,66,1,5,False,1000,1000
15406,156,random,10,0.7956807324840764,0,12,None,66,1,5,False,1000,1000
15407,157,random,10,0.7966759554140127,0,12,None,66,1,5,False,1000,1000
15408,158,random,10,0.7964769108280255,0,12,None,66,1,5,False,1000,1000
15409,159,random,10,0.7973726114649682,0,12,None,66,1,5,False,1000,1000
15410,155,random,10,0.789609872611465,0,24,None,66,1,5,False,1000,1000
15411,156,random,10,0.7906050955414012,0,24,None,66,1,5,False,1000,1000
15412,157,random,10,0.7909036624203821,0,24,None,66,1,5,False,1000,1000
15413,158,random,10,0.7911027070063694,0,24,None,66,1,5,False,1000,1000
15414,159,random,10,0.7915007961783439,0,24,None,66,1,5,False,1000,1000
15415,155,random,10,0.708797770700637,0,28,None,66,1,5,False,1000,1000
15416,156,random,10,0.7119824840764332,0,28,None,66,1,5,False,1000,1000
15417,157,random,10,0.7140724522292994,0,28,None,66,1,5,False,1000,1000
15418,158,random,10,0.7166600318471338,0,28,None,66,1,5,False,1000,1000
15419,159,random,10,0.7185509554140127,0,28,None,66,1,5,False,1000,1000
15420,155,random,10,0.7993630573248408,0,31,None,66,1,5,False,1000,1000
15421,156,random,10,0.8000597133757962,0,31,None,66,1,5,False,1000,1000
15422,157,random,10,0.8010549363057324,0,31,None,66,1,5,False,1000,1000
15423,158,random,10,0.8015525477707006,0,31,None,66,1,5,False,1000,1000
15424,159,random,10,0.8019506369426752,0,31,None,66,1,5,False,1000,1000
15425,155,random,10,0.7871218152866242,0,18,None,66,1,5,False,1000,1000
15426,156,random,10,0.7868232484076433,0,18,None,66,1,5,False,1000,1000
15427,157,random,10,0.7868232484076433,0,18,None,66,1,5,False,1000,1000
15428,158,random,10,0.7864251592356688,0,18,None,66,1,5,False,1000,1000
15429,159,random,10,0.7864251592356688,0,18,None,66,1,5,False,1000,1000
15430,155,random,10,0.8112062101910829,0,7,None,66,1,5,False,1000,1000
15431,156,random,10,0.8099124203821656,0,7,None,66,1,5,False,1000,1000
15432,157,random,10,0.8097133757961783,0,7,None,66,1,5,False,1000,1000
15433,158,random,10,0.8100119426751592,0,7,None,66,1,5,False,1000,1000
15434,159,random,10,0.8100119426751592,0,7,None,66,1,5,False,1000,1000
15435,155,random,10,0.7900079617834395,0,32,None,66,1,5,False,1000,1000
15436,156,random,10,0.7903065286624203,0,32,None,66,1,5,False,1000,1000
15437,157,random,10,0.7915007961783439,0,32,None,66,1,5,False,1000,1000
15438,158,random,10,0.7919984076433121,0,32,None,66,1,5,False,1000,1000
15439,159,random,10,0.7926950636942676,0,32,None,66,1,5,False,1000,1000
15440,155,random,10,0.7845342356687898,0,2,None,66,1,5,False,1000,1000
15441,156,random,10,0.7907046178343949,0,2,None,66,1,5,False,1000,1000
15442,157,random,10,0.7944864649681529,0,2,None,66,1,5,False,1000,1000
15443,158,random,10,0.7913017515923567,0,2,None,66,1,5,False,1000,1000
15444,159,random,10,0.7870222929936306,0,2,None,66,1,5,False,1000,1000
15445,155,random,10,0.7915007961783439,0,1,None,66,1,5,False,1000,1000
15446,156,random,10,0.7920979299363057,0,1,None,66,1,5,False,1000,1000
15447,157,random,10,0.7916003184713376,0,1,None,66,1,5,False,1000,1000
15448,158,random,10,0.7918988853503185,0,1,None,66,1,5,False,1000,1000
15449,159,random,10,0.7917993630573248,0,1,None,66,1,5,False,1000,1000
15450,155,random,10,0.7775676751592356,0,17,None,66,1,5,False,1000,1000
15451,156,random,10,0.7769705414012739,0,17,None,66,1,5,False,1000,1000
15452,157,random,10,0.776671974522293,0,17,None,66,1,5,False,1000,1000
15453,158,random,10,0.7764729299363057,0,17,None,66,1,5,False,1000,1000
15454,159,random,10,0.7761743630573248,0,17,None,66,1,5,False,1000,1000
15455,155,random,10,0.7970740445859873,0,4,None,66,1,5,False,1000,1000
15456,156,random,10,0.7971735668789809,0,4,None,66,1,5,False,1000,1000
15457,157,random,10,0.79796974522293,0,4,None,66,1,5,False,1000,1000
15458,158,random,10,0.7973726114649682,0,4,None,66,1,5,False,1000,1000
15459,159,random,10,0.796875,0,4,None,66,1,5,False,1000,1000
15460,155,random,10,0.6834195859872612,0,3,None,66,1,5,False,1000,1000
15461,156,random,10,0.6808320063694268,0,3,None,66,1,5,False,1000,1000
15462,157,random,10,0.6758558917197452,0,3,None,66,1,5,False,1000,1000
15463,158,random,10,0.6724721337579618,0,3,None,66,1,5,False,1000,1000
15464,159,random,10,0.6693869426751592,0,3,None,66,1,5,False,1000,1000
15465,155,random,10,0.7706011146496815,0,10,None,66,1,5,False,1000,1000
15466,156,random,10,0.774781050955414,0,10,None,66,1,5,False,1000,1000
15467,157,random,10,0.7761743630573248,0,10,None,66,1,5,False,1000,1000
15468,158,random,10,0.7771695859872612,0,10,None,66,1,5,False,1000,1000
15469,159,random,10,0.7782643312101911,0,10,None,66,1,5,False,1000,1000
15470,155,random,10,0.6815286624203821,0,11,None,66,1,5,False,1000,1000
15471,156,random,10,0.6449044585987261,0,11,None,66,1,5,False,1000,1000
15472,157,random,10,0.6207205414012739,0,11,None,66,1,5,False,1000,1000
15473,158,random,10,0.5986265923566879,0,11,None,66,1,5,False,1000,1000
15474,159,random,10,0.5804140127388535,0,11,None,66,1,5,False,1000,1000
15475,155,random,10,0.7650278662420382,0,15,None,66,1,5,False,1000,1000
15476,156,random,10,0.7664211783439491,0,15,None,66,1,5,False,1000,1000
15477,157,random,10,0.7670183121019108,0,15,None,66,1,5,False,1000,1000
15478,158,random,10,0.7681130573248408,0,15,None,66,1,5,False,1000,1000
15479,159,random,10,0.7684116242038217,0,15,None,66,1,5,False,1000,1000
15480,155,random,10,0.7962778662420382,0,9,None,66,1,5,False,1000,1000
15481,156,random,10,0.7980692675159236,0,9,None,66,1,5,False,1000,1000
15482,157,random,10,0.7999601910828026,0,9,None,66,1,5,False,1000,1000
15483,158,random,10,0.8005573248407644,0,9,None,66,1,5,False,1000,1000
15484,159,random,10,0.8023487261146497,0,9,None,66,1,5,False,1000,1000
15485,155,random,10,0.7223328025477707,0,29,None,66,1,5,False,1000,1000
15486,156,random,10,0.7243232484076433,0,29,None,66,1,5,False,1000,1000
15487,157,random,10,0.7269108280254777,0,29,None,66,1,5,False,1000,1000
15488,158,random,10,0.7295979299363057,0,29,None,66,1,5,False,1000,1000
15489,159,random,10,0.731687898089172,0,29,None,66,1,5,False,1000,1000
15490,155,random,10,0.8011544585987261,0,0,None,66,1,5,False,1000,1000
15491,156,random,10,0.7998606687898089,0,0,None,66,1,5,False,1000,1000
15492,157,random,10,0.8004578025477707,0,0,None,66,1,5,False,1000,1000
15493,158,random,10,0.8005573248407644,0,0,None,66,1,5,False,1000,1000
15494,159,random,10,0.8011544585987261,0,0,None,66,1,5,False,1000,1000
15495,155,random,10,0.7613455414012739,0,27,None,66,1,5,False,1000,1000
15496,156,random,10,0.7625398089171974,0,27,None,66,1,5,False,1000,1000
15497,157,random,10,0.7630374203821656,0,27,None,66,1,5,False,1000,1000
15498,158,random,10,0.7640326433121019,0,27,None,66,1,5,False,1000,1000
15499,159,random,10,0.7649283439490446,0,27,None,66,1,5,False,1000,1000
15500,155,random,10,0.7934912420382165,0,6,None,66,1,5,False,1000,1000
15501,156,random,10,0.7938893312101911,0,6,None,66,1,5,False,1000,1000
15502,157,random,10,0.7936902866242038,0,6,None,66,1,5,False,1000,1000
15503,158,random,10,0.7936902866242038,0,6,None,66,1,5,False,1000,1000
15504,159,random,10,0.7939888535031847,0,6,None,66,1,5,False,1000,1000
15505,155,random,10,0.801453025477707,0,30,None,66,1,5,False,1000,1000
15506,156,random,10,0.7998606687898089,0,30,None,66,1,5,False,1000,1000
15507,157,random,10,0.8000597133757962,0,30,None,66,1,5,False,1000,1000
15508,158,random,10,0.8009554140127388,0,30,None,66,1,5,False,1000,1000
15509,159,random,10,0.7997611464968153,0,30,None,66,1,5,False,1000,1000
15510,160,random,10,0.7459195859872612,0,11,None,66,1,5,False,1000,1000
15511,161,random,10,0.7374601910828026,0,11,None,66,1,5,False,1000,1000
15512,162,random,10,0.7322850318471338,0,11,None,66,1,5,False,1000,1000
15513,163,random,10,0.7276074840764332,0,11,None,66,1,5,False,1000,1000
15514,164,random,10,0.7227308917197452,0,11,None,66,1,5,False,1000,1000
15515,160,random,10,0.7735867834394905,0,15,None,66,1,5,False,1000,1000
15516,161,random,10,0.7769705414012739,0,15,None,66,1,5,False,1000,1000
15517,162,random,10,0.7788614649681529,0,15,None,66,1,5,False,1000,1000
15518,163,random,10,0.7807523885350318,0,15,None,66,1,5,False,1000,1000
15519,164,random,10,0.7826433121019108,0,15,None,66,1,5,False,1000,1000
15520,160,random,10,0.8076234076433121,0,19,None,66,1,5,False,1000,1000
15521,161,random,10,0.807921974522293,0,19,None,66,1,5,False,1000,1000
15522,162,random,10,0.8069267515923567,0,19,None,66,1,5,False,1000,1000
15523,163,random,10,0.8062300955414012,0,19,None,66,1,5,False,1000,1000
15524,164,random,10,0.8056329617834395,0,19,None,66,1,5,False,1000,1000
15525,160,random,10,0.793093152866242,0,17,None,66,1,5,False,1000,1000
15526,161,random,10,0.791202229299363,0,17,None,66,1,5,False,1000,1000
15527,162,random,10,0.790406050955414,0,17,None,66,1,5,False,1000,1000
15528,163,random,10,0.7906050955414012,0,17,None,66,1,5,False,1000,1000
15529,164,random,10,0.7903065286624203,0,17,None,66,1,5,False,1000,1000
15530,160,random,10,0.7900079617834395,0,1,None,66,1,5,False,1000,1000
15531,161,random,10,0.7907046178343949,0,1,None,66,1,5,False,1000,1000
15532,162,random,10,0.7909036624203821,0,1,None,66,1,5,False,1000,1000
15533,163,random,10,0.7903065286624203,0,1,None,66,1,5,False,1000,1000
15534,164,random,10,0.7908041401273885,0,1,None,66,1,5,False,1000,1000
15535,160,random,10,0.7943869426751592,0,2,None,66,1,5,False,1000,1000
15536,161,random,10,0.7927945859872612,0,2,None,66,1,5,False,1000,1000
15537,162,random,10,0.786922770700637,0,2,None,66,1,5,False,1000,1000
15538,163,random,10,0.7848328025477707,0,2,None,66,1,5,False,1000,1000
15539,164,random,10,0.7805533439490446,0,2,None,66,1,5,False,1000,1000
15540,160,random,10,0.7783638535031847,0,21,None,66,1,5,False,1000,1000
15541,161,random,10,0.7757762738853503,0,21,None,66,1,5,False,1000,1000
15542,162,random,10,0.7744824840764332,0,21,None,66,1,5,False,1000,1000
15543,163,random,10,0.7726910828025477,0,21,None,66,1,5,False,1000,1000
15544,164,random,10,0.7727906050955414,0,21,None,66,1,5,False,1000,1000
15545,160,random,10,0.7083996815286624,0,28,None,66,1,5,False,1000,1000
15546,161,random,10,0.7111863057324841,0,28,None,66,1,5,False,1000,1000
15547,162,random,10,0.7142714968152867,0,28,None,66,1,5,False,1000,1000
15548,163,random,10,0.7172571656050956,0,28,None,66,1,5,False,1000,1000
15549,164,random,10,0.7196457006369427,0,28,None,66,1,5,False,1000,1000
15550,160,random,10,0.7954816878980892,0,24,None,66,1,5,False,1000,1000
15551,161,random,10,0.7956807324840764,0,24,None,66,1,5,False,1000,1000
15552,162,random,10,0.7951831210191083,0,24,None,66,1,5,False,1000,1000
15553,163,random,10,0.7948845541401274,0,24,None,66,1,5,False,1000,1000
15554,164,random,10,0.7952826433121019,0,24,None,66,1,5,False,1000,1000
15555,160,random,10,0.7901074840764332,0,18,None,66,1,5,False,1000,1000
15556,161,random,10,0.7903065286624203,0,18,None,66,1,5,False,1000,1000
15557,162,random,10,0.7894108280254777,0,18,None,66,1,5,False,1000,1000
15558,163,random,10,0.7892117834394905,0,18,None,66,1,5,False,1000,1000
15559,164,random,10,0.7888136942675159,0,18,None,66,1,5,False,1000,1000
15560,160,random,10,0.7653264331210191,0,27,None,66,1,5,False,1000,1000
15561,161,random,10,0.7660230891719745,0,27,None,66,1,5,False,1000,1000
15562,162,random,10,0.7662221337579618,0,27,None,66,1,5,False,1000,1000
15563,163,random,10,0.7669187898089171,0,27,None,66,1,5,False,1000,1000
15564,164,random,10,0.7671178343949044,0,27,None,66,1,5,False,1000,1000
15565,160,random,10,0.8011544585987261,0,31,None,66,1,5,False,1000,1000
15566,161,random,10,0.8017515923566879,0,31,None,66,1,5,False,1000,1000
15567,162,random,10,0.8011544585987261,0,31,None,66,1,5,False,1000,1000
15568,163,random,10,0.8024482484076433,0,31,None,66,1,5,False,1000,1000
15569,164,random,10,0.803343949044586,0,31,None,66,1,5,False,1000,1000
15570,160,random,10,0.8030453821656051,0,30,None,66,1,5,False,1000,1000
15571,161,random,10,0.8016520700636943,0,30,None,66,1,5,False,1000,1000
15572,162,random,10,0.8017515923566879,0,30,None,66,1,5,False,1000,1000
15573,163,random,10,0.8017515923566879,0,30,None,66,1,5,False,1000,1000
15574,164,random,10,0.8015525477707006,0,30,None,66,1,5,False,1000,1000
15575,160,random,10,0.8119028662420382,0,16,None,66,1,5,False,1000,1000
15576,161,random,10,0.8127985668789809,0,16,None,66,1,5,False,1000,1000
15577,162,random,10,0.8140923566878981,0,16,None,66,1,5,False,1000,1000
15578,163,random,10,0.8144904458598726,0,16,None,66,1,5,False,1000,1000
15579,164,random,10,0.8154856687898089,0,16,None,66,1,5,False,1000,1000
15580,160,random,10,0.8061305732484076,0,7,None,66,1,5,False,1000,1000
15581,161,random,10,0.8063296178343949,0,7,None,66,1,5,False,1000,1000
15582,162,random,10,0.8062300955414012,0,7,None,66,1,5,False,1000,1000
15583,163,random,10,0.8059315286624203,0,7,None,66,1,5,False,1000,1000
15584,164,random,10,0.8057324840764332,0,7,None,66,1,5,False,1000,1000
15585,160,random,10,0.7962778662420382,0,13,None,66,1,5,False,1000,1000
15586,161,random,10,0.7938893312101911,0,13,None,66,1,5,False,1000,1000
15587,162,random,10,0.7942874203821656,0,13,None,66,1,5,False,1000,1000
15588,163,random,10,0.7952826433121019,0,13,None,66,1,5,False,1000,1000
15589,164,random,10,0.7956807324840764,0,13,None,66,1,5,False,1000,1000
15590,160,random,10,0.7876194267515924,0,26,None,66,1,5,False,1000,1000
15591,161,random,10,0.787718949044586,0,26,None,66,1,5,False,1000,1000
15592,162,random,10,0.7880175159235668,0,26,None,66,1,5,False,1000,1000
15593,163,random,10,0.787718949044586,0,26,None,66,1,5,False,1000,1000
15594,164,random,10,0.7887141719745223,0,26,None,66,1,5,False,1000,1000
15595,160,random,10,0.7962778662420382,0,12,None,66,1,5,False,1000,1000
15596,161,random,10,0.7961783439490446,0,12,None,66,1,5,False,1000,1000
15597,162,random,10,0.7972730891719745,0,12,None,66,1,5,False,1000,1000
15598,163,random,10,0.7978702229299363,0,12,None,66,1,5,False,1000,1000
15599,164,random,10,0.7983678343949044,0,12,None,66,1,5,False,1000,1000
15600,160,random,10,0.8128980891719745,0,14,None,66,1,5,False,1000,1000
15601,161,random,10,0.8130971337579618,0,14,None,66,1,5,False,1000,1000
15602,162,random,10,0.8121019108280255,0,14,None,66,1,5,False,1000,1000
15603,163,random,10,0.8120023885350318,0,14,None,66,1,5,False,1000,1000
15604,164,random,10,0.8119028662420382,0,14,None,66,1,5,False,1000,1000
15605,160,random,10,0.7967754777070064,0,9,None,66,1,5,False,1000,1000
15606,161,random,10,0.7980692675159236,0,9,None,66,1,5,False,1000,1000
15607,162,random,10,0.7999601910828026,0,9,None,66,1,5,False,1000,1000
15608,163,random,10,0.8013535031847133,0,9,None,66,1,5,False,1000,1000
15609,164,random,10,0.8031449044585988,0,9,None,66,1,5,False,1000,1000
15610,160,random,10,0.8126990445859873,0,25,None,66,1,5,False,1000,1000
15611,161,random,10,0.8123009554140127,0,25,None,66,1,5,False,1000,1000
15612,162,random,10,0.8116042993630573,0,25,None,66,1,5,False,1000,1000
15613,163,random,10,0.8113057324840764,0,25,None,66,1,5,False,1000,1000
15614,164,random,10,0.8105095541401274,0,25,None,66,1,5,False,1000,1000
15615,160,random,10,0.7199442675159236,0,29,None,66,1,5,False,1000,1000
15616,161,random,10,0.7229299363057324,0,29,None,66,1,5,False,1000,1000
15617,162,random,10,0.7259156050955414,0,29,None,66,1,5,False,1000,1000
15618,163,random,10,0.7282046178343949,0,29,None,66,1,5,False,1000,1000
15619,164,random,10,0.7302945859872612,0,29,None,66,1,5,False,1000,1000
15620,160,random,10,0.7789609872611465,0,8,None,66,1,5,False,1000,1000
15621,161,random,10,0.7803542993630573,0,8,None,66,1,5,False,1000,1000
15622,162,random,10,0.7815485668789809,0,8,None,66,1,5,False,1000,1000
15623,163,random,10,0.7821457006369427,0,8,None,66,1,5,False,1000,1000
15624,164,random,10,0.783140923566879,0,8,None,66,1,5,False,1000,1000
15625,160,random,10,0.8020501592356688,0,4,None,66,1,5,False,1000,1000
15626,161,random,10,0.8012539808917197,0,4,None,66,1,5,False,1000,1000
15627,162,random,10,0.800656847133758,0,4,None,66,1,5,False,1000,1000
15628,163,random,10,0.7999601910828026,0,4,None,66,1,5,False,1000,1000
15629,164,random,10,0.7992635350318471,0,4,None,66,1,5,False,1000,1000
15630,160,random,10,0.7605493630573248,0,20,None,66,1,5,False,1000,1000
15631,161,random,10,0.7772691082802548,0,20,None,66,1,5,False,1000,1000
15632,162,random,10,0.7763734076433121,0,20,None,66,1,5,False,1000,1000
15633,163,random,10,0.7752786624203821,0,20,None,66,1,5,False,1000,1000
15634,164,random,10,0.7729896496815286,0,20,None,66,1,5,False,1000,1000
15635,160,random,10,0.7811504777070064,0,10,None,66,1,5,False,1000,1000
15636,161,random,10,0.7803542993630573,0,10,None,66,1,5,False,1000,1000
15637,162,random,10,0.7810509554140127,0,10,None,66,1,5,False,1000,1000
15638,163,random,10,0.78234474522293,0,10,None,66,1,5,False,1000,1000
15639,164,random,10,0.7847332802547771,0,10,None,66,1,5,False,1000,1000
15640,160,random,10,0.8030453821656051,0,23,None,66,1,5,False,1000,1000
15641,161,random,10,0.8040406050955414,0,23,None,66,1,5,False,1000,1000
15642,162,random,10,0.804140127388535,0,23,None,66,1,5,False,1000,1000
15643,163,random,10,0.8035429936305732,0,23,None,66,1,5,False,1000,1000
15644,164,random,10,0.8031449044585988,0,23,None,66,1,5,False,1000,1000
15645,160,random,10,0.7923964968152867,0,22,None,66,1,5,False,1000,1000
15646,161,random,10,0.7928941082802548,0,22,None,66,1,5,False,1000,1000
15647,162,random,10,0.7929936305732485,0,22,None,66,1,5,False,1000,1000
15648,163,random,10,0.7933917197452229,0,22,None,66,1,5,False,1000,1000
15649,164,random,10,0.7937898089171974,0,22,None,66,1,5,False,1000,1000
15650,160,random,10,0.8003582802547771,0,32,None,66,1,5,False,1000,1000
15651,161,random,10,0.7999601910828026,0,32,None,66,1,5,False,1000,1000
15652,162,random,10,0.800656847133758,0,32,None,66,1,5,False,1000,1000
15653,163,random,10,0.7994625796178344,0,32,None,66,1,5,False,1000,1000
15654,164,random,10,0.7997611464968153,0,32,None,66,1,5,False,1000,1000
15655,160,random,10,0.804140127388535,0,0,None,66,1,5,False,1000,1000
15656,161,random,10,0.804140127388535,0,0,None,66,1,5,False,1000,1000
15657,162,random,10,0.8043391719745223,0,0,None,66,1,5,False,1000,1000
15658,163,random,10,0.8034434713375797,0,0,None,66,1,5,False,1000,1000
15659,164,random,10,0.804140127388535,0,0,None,66,1,5,False,1000,1000
15660,160,random,10,0.7304936305732485,0,3,None,66,1,5,False,1000,1000
15661,161,random,10,0.7102906050955414,0,3,None,66,1,5,False,1000,1000
15662,162,random,10,0.6980493630573248,0,3,None,66,1,5,False,1000,1000
15663,163,random,10,0.6909832802547771,0,3,None,66,1,5,False,1000,1000
15664,164,random,10,0.6855095541401274,0,3,None,66,1,5,False,1000,1000
15665,160,random,10,0.7953821656050956,0,5,None,66,1,5,False,1000,1000
15666,161,random,10,0.7950835987261147,0,5,None,66,1,5,False,1000,1000
15667,162,random,10,0.7953821656050956,0,5,None,66,1,5,False,1000,1000
15668,163,random,10,0.7956807324840764,0,5,None,66,1,5,False,1000,1000
15669,164,random,10,0.7953821656050956,0,5,None,66,1,5,False,1000,1000
15670,160,random,10,0.7945859872611465,0,6,None,66,1,5,False,1000,1000
15671,161,random,10,0.7951831210191083,0,6,None,66,1,5,False,1000,1000
15672,162,random,10,0.7956807324840764,0,6,None,66,1,5,False,1000,1000
15673,163,random,10,0.79578025477707,0,6,None,66,1,5,False,1000,1000
15674,164,random,10,0.7962778662420382,0,6,None,66,1,5,False,1000,1000
15675,165,random,10,0.7981687898089171,0,32,None,66,1,5,False,1000,1000
15676,166,random,10,0.7980692675159236,0,32,None,66,1,5,False,1000,1000
15677,167,random,10,0.7988654458598726,0,32,None,66,1,5,False,1000,1000
15678,168,random,10,0.7988654458598726,0,32,None,66,1,5,False,1000,1000
15679,169,random,10,0.7985668789808917,0,32,None,66,1,5,False,1000,1000
15680,165,random,10,0.8103105095541401,0,16,None,66,1,5,False,1000,1000
15681,166,random,10,0.8110071656050956,0,16,None,66,1,5,False,1000,1000
15682,167,random,10,0.8122014331210191,0,16,None,66,1,5,False,1000,1000
15683,168,random,10,0.8133957006369427,0,16,None,66,1,5,False,1000,1000
15684,169,random,10,0.8136942675159236,0,16,None,66,1,5,False,1000,1000
15685,165,random,10,0.7750796178343949,0,15,None,66,1,5,False,1000,1000
15686,166,random,10,0.777468152866242,0,15,None,66,1,5,False,1000,1000
15687,167,random,10,0.7802547770700637,0,15,None,66,1,5,False,1000,1000
15688,168,random,10,0.7818471337579618,0,15,None,66,1,5,False,1000,1000
15689,169,random,10,0.7830414012738853,0,15,None,66,1,5,False,1000,1000
15690,165,random,10,0.7859275477707006,0,10,None,66,1,5,False,1000,1000
15691,166,random,10,0.7863256369426752,0,10,None,66,1,5,False,1000,1000
15692,167,random,10,0.786922770700637,0,10,None,66,1,5,False,1000,1000
15693,168,random,10,0.7883160828025477,0,10,None,66,1,5,False,1000,1000
15694,169,random,10,0.7887141719745223,0,10,None,66,1,5,False,1000,1000
15695,165,random,10,0.810609076433121,0,25,None,66,1,5,False,1000,1000
15696,166,random,10,0.8092157643312102,0,25,None,66,1,5,False,1000,1000
15697,167,random,10,0.8083200636942676,0,25,None,66,1,5,False,1000,1000
15698,168,random,10,0.8084195859872612,0,25,None,66,1,5,False,1000,1000
15699,169,random,10,0.8081210191082803,0,25,None,66,1,5,False,1000,1000
15700,165,random,10,0.6932722929936306,0,11,None,66,1,5,False,1000,1000
15701,166,random,10,0.6843152866242038,0,11,None,66,1,5,False,1000,1000
15702,167,random,10,0.6793391719745223,0,11,None,66,1,5,False,1000,1000
15703,168,random,10,0.6761544585987261,0,11,None,66,1,5,False,1000,1000
15704,169,random,10,0.6728702229299363,0,11,None,66,1,5,False,1000,1000
15705,165,random,10,0.7946855095541401,0,17,None,66,1,5,False,1000,1000
15706,166,random,10,0.7932921974522293,0,17,None,66,1,5,False,1000,1000
15707,167,random,10,0.7932921974522293,0,17,None,66,1,5,False,1000,1000
15708,168,random,10,0.793093152866242,0,17,None,66,1,5,False,1000,1000
15709,169,random,10,0.7927945859872612,0,17,None,66,1,5,False,1000,1000
15710,165,random,10,0.79796974522293,0,24,None,66,1,5,False,1000,1000
15711,166,random,10,0.7966759554140127,0,24,None,66,1,5,False,1000,1000
15712,167,random,10,0.7969745222929936,0,24,None,66,1,5,False,1000,1000
15713,168,random,10,0.7972730891719745,0,24,None,66,1,5,False,1000,1000
15714,169,random,10,0.7975716560509554,0,24,None,66,1,5,False,1000,1000
15715,165,random,10,0.7767714968152867,0,20,None,66,1,5,False,1000,1000
15716,166,random,10,0.7855294585987261,0,20,None,66,1,5,False,1000,1000
15717,167,random,10,0.7825437898089171,0,20,None,66,1,5,False,1000,1000
15718,168,random,10,0.7799562101910829,0,20,None,66,1,5,False,1000,1000
15719,169,random,10,0.7797571656050956,0,20,None,66,1,5,False,1000,1000
15720,165,random,10,0.8062300955414012,0,7,None,66,1,5,False,1000,1000
15721,166,random,10,0.8063296178343949,0,7,None,66,1,5,False,1000,1000
15722,167,random,10,0.806827229299363,0,7,None,66,1,5,False,1000,1000
15723,168,random,10,0.8069267515923567,0,7,None,66,1,5,False,1000,1000
15724,169,random,10,0.8062300955414012,0,7,None,66,1,5,False,1000,1000
15725,165,random,10,0.7892117834394905,0,26,None,66,1,5,False,1000,1000
15726,166,random,10,0.7897093949044586,0,26,None,66,1,5,False,1000,1000
15727,167,random,10,0.7898089171974523,0,26,None,66,1,5,False,1000,1000
15728,168,random,10,0.7894108280254777,0,26,None,66,1,5,False,1000,1000
15729,169,random,10,0.789609872611465,0,26,None,66,1,5,False,1000,1000
15730,165,random,10,0.7986664012738853,0,12,None,66,1,5,False,1000,1000
15731,166,random,10,0.7989649681528662,0,12,None,66,1,5,False,1000,1000
15732,167,random,10,0.7990644904458599,0,12,None,66,1,5,False,1000,1000
15733,168,random,10,0.7992635350318471,0,12,None,66,1,5,False,1000,1000
15734,169,random,10,0.7997611464968153,0,12,None,66,1,5,False,1000,1000
15735,165,random,10,0.8132961783439491,0,14,None,66,1,5,False,1000,1000
15736,166,random,10,0.8131966560509554,0,14,None,66,1,5,False,1000,1000
15737,167,random,10,0.8125,0,14,None,66,1,5,False,1000,1000
15738,168,random,10,0.8115047770700637,0,14,None,66,1,5,False,1000,1000
15739,169,random,10,0.8118033439490446,0,14,None,66,1,5,False,1000,1000
15740,165,random,10,0.7943869426751592,0,22,None,66,1,5,False,1000,1000
15741,166,random,10,0.7947850318471338,0,22,None,66,1,5,False,1000,1000
15742,167,random,10,0.7951831210191083,0,22,None,66,1,5,False,1000,1000
15743,168,random,10,0.7955812101910829,0,22,None,66,1,5,False,1000,1000
15744,169,random,10,0.7961783439490446,0,22,None,66,1,5,False,1000,1000
15745,165,random,10,0.8031449044585988,0,30,None,66,1,5,False,1000,1000
15746,166,random,10,0.802547770700637,0,30,None,66,1,5,False,1000,1000
15747,167,random,10,0.8026472929936306,0,30,None,66,1,5,False,1000,1000
15748,168,random,10,0.8021496815286624,0,30,None,66,1,5,False,1000,1000
15749,169,random,10,0.8027468152866242,0,30,None,66,1,5,False,1000,1000
15750,165,random,10,0.7959792993630573,0,6,None,66,1,5,False,1000,1000
15751,166,random,10,0.7965764331210191,0,6,None,66,1,5,False,1000,1000
15752,167,random,10,0.79796974522293,0,6,None,66,1,5,False,1000,1000
15753,168,random,10,0.7972730891719745,0,6,None,66,1,5,False,1000,1000
15754,169,random,10,0.7975716560509554,0,6,None,66,1,5,False,1000,1000
15755,165,random,10,0.7913017515923567,0,1,None,66,1,5,False,1000,1000
15756,166,random,10,0.7913017515923567,0,1,None,66,1,5,False,1000,1000
15757,167,random,10,0.7915007961783439,0,1,None,66,1,5,False,1000,1000
15758,168,random,10,0.791202229299363,0,1,None,66,1,5,False,1000,1000
15759,169,random,10,0.7916003184713376,0,1,None,66,1,5,False,1000,1000
15760,165,random,10,0.7946855095541401,0,2,None,66,1,5,False,1000,1000
15761,166,random,10,0.7899084394904459,0,2,None,66,1,5,False,1000,1000
15762,167,random,10,0.7874203821656051,0,2,None,66,1,5,False,1000,1000
15763,168,random,10,0.7825437898089171,0,2,None,66,1,5,False,1000,1000
15764,169,random,10,0.7795581210191083,0,2,None,66,1,5,False,1000,1000
15765,165,random,10,0.8037420382165605,0,0,None,66,1,5,False,1000,1000
15766,166,random,10,0.8039410828025477,0,0,None,66,1,5,False,1000,1000
15767,167,random,10,0.8043391719745223,0,0,None,66,1,5,False,1000,1000
15768,168,random,10,0.8046377388535032,0,0,None,66,1,5,False,1000,1000
15769,169,random,10,0.8046377388535032,0,0,None,66,1,5,False,1000,1000
15770,165,random,10,0.796875,0,5,None,66,1,5,False,1000,1000
15771,166,random,10,0.7982683121019108,0,5,None,66,1,5,False,1000,1000
15772,167,random,10,0.7985668789808917,0,5,None,66,1,5,False,1000,1000
15773,168,random,10,0.7980692675159236,0,5,None,66,1,5,False,1000,1000
15774,169,random,10,0.7977707006369427,0,5,None,66,1,5,False,1000,1000
15775,165,random,10,0.8034434713375797,0,4,None,66,1,5,False,1000,1000
15776,166,random,10,0.8032444267515924,0,4,None,66,1,5,False,1000,1000
15777,167,random,10,0.8020501592356688,0,4,None,66,1,5,False,1000,1000
15778,168,random,10,0.801453025477707,0,4,None,66,1,5,False,1000,1000
15779,169,random,10,0.8013535031847133,0,4,None,66,1,5,False,1000,1000
15780,165,random,10,0.7965764331210191,0,13,None,66,1,5,False,1000,1000
15781,166,random,10,0.7955812101910829,0,13,None,66,1,5,False,1000,1000
15782,167,random,10,0.7958797770700637,0,13,None,66,1,5,False,1000,1000
15783,168,random,10,0.7962778662420382,0,13,None,66,1,5,False,1000,1000
15784,169,random,10,0.7962778662420382,0,13,None,66,1,5,False,1000,1000
15785,165,random,10,0.7970740445859873,0,9,None,66,1,5,False,1000,1000
15786,166,random,10,0.7984673566878981,0,9,None,66,1,5,False,1000,1000
15787,167,random,10,0.7998606687898089,0,9,None,66,1,5,False,1000,1000
15788,168,random,10,0.8013535031847133,0,9,None,66,1,5,False,1000,1000
15789,169,random,10,0.8026472929936306,0,9,None,66,1,5,False,1000,1000
15790,165,random,10,0.7795581210191083,0,21,None,66,1,5,False,1000,1000
15791,166,random,10,0.7787619426751592,0,21,None,66,1,5,False,1000,1000
15792,167,random,10,0.776671974522293,0,21,None,66,1,5,False,1000,1000
15793,168,random,10,0.7759753184713376,0,21,None,66,1,5,False,1000,1000
15794,169,random,10,0.7756767515923567,0,21,None,66,1,5,False,1000,1000
15795,165,random,10,0.8056329617834395,0,23,None,66,1,5,False,1000,1000
15796,166,random,10,0.8059315286624203,0,23,None,66,1,5,False,1000,1000
15797,167,random,10,0.8066281847133758,0,23,None,66,1,5,False,1000,1000
15798,168,random,10,0.8070262738853503,0,23,None,66,1,5,False,1000,1000
15799,169,random,10,0.8069267515923567,0,23,None,66,1,5,False,1000,1000
15800,165,random,10,0.7671178343949044,0,27,None,66,1,5,False,1000,1000
15801,166,random,10,0.7679140127388535,0,27,None,66,1,5,False,1000,1000
15802,167,random,10,0.7688097133757962,0,27,None,66,1,5,False,1000,1000
15803,168,random,10,0.7698049363057324,0,27,None,66,1,5,False,1000,1000
15804,169,random,10,0.7704020700636943,0,27,None,66,1,5,False,1000,1000
15805,165,random,10,0.705812101910828,0,28,None,66,1,5,False,1000,1000
15806,166,random,10,0.7090963375796179,0,28,None,66,1,5,False,1000,1000
15807,167,random,10,0.714968152866242,0,28,None,66,1,5,False,1000,1000
15808,168,random,10,0.71875,0,28,None,66,1,5,False,1000,1000
15809,169,random,10,0.7222332802547771,0,28,None,66,1,5,False,1000,1000
15810,165,random,10,0.7207404458598726,0,29,None,66,1,5,False,1000,1000
15811,166,random,10,0.7226313694267515,0,29,None,66,1,5,False,1000,1000
15812,167,random,10,0.7261146496815286,0,29,None,66,1,5,False,1000,1000
15813,168,random,10,0.728702229299363,0,29,None,66,1,5,False,1000,1000
15814,169,random,10,0.7304936305732485,0,29,None,66,1,5,False,1000,1000
15815,165,random,10,0.7834394904458599,0,8,None,66,1,5,False,1000,1000
15816,166,random,10,0.7843351910828026,0,8,None,66,1,5,False,1000,1000
15817,167,random,10,0.7845342356687898,0,8,None,66,1,5,False,1000,1000
15818,168,random,10,0.7851313694267515,0,8,None,66,1,5,False,1000,1000
15819,169,random,10,0.785031847133758,0,8,None,66,1,5,False,1000,1000
15820,165,random,10,0.7933917197452229,0,18,None,66,1,5,False,1000,1000
15821,166,random,10,0.7929936305732485,0,18,None,66,1,5,False,1000,1000
15822,167,random,10,0.7926950636942676,0,18,None,66,1,5,False,1000,1000
15823,168,random,10,0.7926950636942676,0,18,None,66,1,5,False,1000,1000
15824,169,random,10,0.7921974522292994,0,18,None,66,1,5,False,1000,1000
15825,165,random,10,0.7367635350318471,0,3,None,66,1,5,False,1000,1000
15826,166,random,10,0.7188495222929936,0,3,None,66,1,5,False,1000,1000
15827,167,random,10,0.7061106687898089,0,3,None,66,1,5,False,1000,1000
15828,168,random,10,0.6991441082802548,0,3,None,66,1,5,False,1000,1000
15829,169,random,10,0.6928742038216561,0,3,None,66,1,5,False,1000,1000
15830,165,random,10,0.8096138535031847,0,19,None,66,1,5,False,1000,1000
15831,166,random,10,0.8094148089171974,0,19,None,66,1,5,False,1000,1000
15832,167,random,10,0.8092157643312102,0,19,None,66,1,5,False,1000,1000
15833,168,random,10,0.8090167197452229,0,19,None,66,1,5,False,1000,1000
15834,169,random,10,0.808718152866242,0,19,None,66,1,5,False,1000,1000
15835,165,random,10,0.8018511146496815,0,31,None,66,1,5,False,1000,1000
15836,166,random,10,0.801453025477707,0,31,None,66,1,5,False,1000,1000
15837,167,random,10,0.802547770700637,0,31,None,66,1,5,False,1000,1000
15838,168,random,10,0.8042396496815286,0,31,None,66,1,5,False,1000,1000
15839,169,random,10,0.8046377388535032,0,31,None,66,1,5,False,1000,1000
15840,170,random,10,0.7944864649681529,0,18,None,66,1,5,False,1000,1000
15841,171,random,10,0.7942874203821656,0,18,None,66,1,5,False,1000,1000
15842,172,random,10,0.7939888535031847,0,18,None,66,1,5,False,1000,1000
15843,173,random,10,0.7945859872611465,0,18,None,66,1,5,False,1000,1000
15844,174,random,10,0.7945859872611465,0,18,None,66,1,5,False,1000,1000
15845,170,random,10,0.7920979299363057,0,1,None,66,1,5,False,1000,1000
15846,171,random,10,0.7917993630573248,0,1,None,66,1,5,False,1000,1000
15847,172,random,10,0.7921974522292994,0,1,None,66,1,5,False,1000,1000
15848,173,random,10,0.7921974522292994,0,1,None,66,1,5,False,1000,1000
15849,174,random,10,0.7917993630573248,0,1,None,66,1,5,False,1000,1000
15850,170,random,10,0.7938893312101911,0,2,None,66,1,5,False,1000,1000
15851,171,random,10,0.7894108280254777,0,2,None,66,1,5,False,1000,1000
15852,172,random,10,0.7866242038216561,0,2,None,66,1,5,False,1000,1000
15853,173,random,10,0.7811504777070064,0,2,None,66,1,5,False,1000,1000
15854,174,random,10,0.7791600318471338,0,2,None,66,1,5,False,1000,1000
15855,170,random,10,0.8076234076433121,0,23,None,66,1,5,False,1000,1000
15856,171,random,10,0.8080214968152867,0,23,None,66,1,5,False,1000,1000
15857,172,random,10,0.8084195859872612,0,23,None,66,1,5,False,1000,1000
15858,173,random,10,0.8082205414012739,0,23,None,66,1,5,False,1000,1000
15859,174,random,10,0.808718152866242,0,23,None,66,1,5,False,1000,1000
15860,170,random,10,0.785828025477707,0,8,None,66,1,5,False,1000,1000
15861,171,random,10,0.7860270700636943,0,8,None,66,1,5,False,1000,1000
15862,172,random,10,0.7867237261146497,0,8,None,66,1,5,False,1000,1000
15863,173,random,10,0.7873208598726115,0,8,None,66,1,5,False,1000,1000
15864,174,random,10,0.7880175159235668,0,8,None,66,1,5,False,1000,1000
15865,170,random,10,0.7200437898089171,0,29,None,66,1,5,False,1000,1000
15866,171,random,10,0.722531847133758,0,29,None,66,1,5,False,1000,1000
15867,172,random,10,0.7254179936305732,0,29,None,66,1,5,False,1000,1000
15868,173,random,10,0.7278065286624203,0,29,None,66,1,5,False,1000,1000
15869,174,random,10,0.7312898089171974,0,29,None,66,1,5,False,1000,1000
15870,170,random,10,0.7973726114649682,0,9,None,66,1,5,False,1000,1000
15871,171,random,10,0.7996616242038217,0,9,None,66,1,5,False,1000,1000
15872,172,random,10,0.8013535031847133,0,9,None,66,1,5,False,1000,1000
15873,173,random,10,0.802547770700637,0,9,None,66,1,5,False,1000,1000
15874,174,random,10,0.8040406050955414,0,9,None,66,1,5,False,1000,1000
15875,170,random,10,0.7977707006369427,0,13,None,66,1,5,False,1000,1000
15876,171,random,10,0.7975716560509554,0,13,None,66,1,5,False,1000,1000
15877,172,random,10,0.79796974522293,0,13,None,66,1,5,False,1000,1000
15878,173,random,10,0.7982683121019108,0,13,None,66,1,5,False,1000,1000
15879,174,random,10,0.7981687898089171,0,13,None,66,1,5,False,1000,1000
15880,170,random,10,0.8137937898089171,0,25,None,66,1,5,False,1000,1000
15881,171,random,10,0.8140923566878981,0,25,None,66,1,5,False,1000,1000
15882,172,random,10,0.8133957006369427,0,25,None,66,1,5,False,1000,1000
15883,173,random,10,0.8126990445859873,0,25,None,66,1,5,False,1000,1000
15884,174,random,10,0.8128980891719745,0,25,None,66,1,5,False,1000,1000
15885,170,random,10,0.7770700636942676,0,15,None,66,1,5,False,1000,1000
15886,171,random,10,0.7791600318471338,0,15,None,66,1,5,False,1000,1000
15887,172,random,10,0.7805533439490446,0,15,None,66,1,5,False,1000,1000
15888,173,random,10,0.7826433121019108,0,15,None,66,1,5,False,1000,1000
15889,174,random,10,0.7847332802547771,0,15,None,66,1,5,False,1000,1000
15890,170,random,10,0.7880175159235668,0,10,None,66,1,5,False,1000,1000
15891,171,random,10,0.7876194267515924,0,10,None,66,1,5,False,1000,1000
15892,172,random,10,0.788515127388535,0,10,None,66,1,5,False,1000,1000
15893,173,random,10,0.7900079617834395,0,10,None,66,1,5,False,1000,1000
15894,174,random,10,0.7907046178343949,0,10,None,66,1,5,False,1000,1000
15895,170,random,10,0.67078025477707,0,11,None,66,1,5,False,1000,1000
15896,171,random,10,0.6618232484076433,0,11,None,66,1,5,False,1000,1000
15897,172,random,10,0.6569466560509554,0,11,None,66,1,5,False,1000,1000
15898,173,random,10,0.6554538216560509,0,11,None,66,1,5,False,1000,1000
15899,174,random,10,0.6530652866242038,0,11,None,66,1,5,False,1000,1000
15900,170,random,10,0.7956807324840764,0,17,None,66,1,5,False,1000,1000
15901,171,random,10,0.7942874203821656,0,17,None,66,1,5,False,1000,1000
15902,172,random,10,0.7946855095541401,0,17,None,66,1,5,False,1000,1000
15903,173,random,10,0.7943869426751592,0,17,None,66,1,5,False,1000,1000
15904,174,random,10,0.794984076433121,0,17,None,66,1,5,False,1000,1000
15905,170,random,10,0.7064092356687898,0,28,None,66,1,5,False,1000,1000
15906,171,random,10,0.7117834394904459,0,28,None,66,1,5,False,1000,1000
15907,172,random,10,0.7158638535031847,0,28,None,66,1,5,False,1000,1000
15908,173,random,10,0.7199442675159236,0,28,None,66,1,5,False,1000,1000
15909,174,random,10,0.7230294585987261,0,28,None,66,1,5,False,1000,1000
15910,170,random,10,0.8101114649681529,0,19,None,66,1,5,False,1000,1000
15911,171,random,10,0.8104100318471338,0,19,None,66,1,5,False,1000,1000
15912,172,random,10,0.810609076433121,0,19,None,66,1,5,False,1000,1000
15913,173,random,10,0.8103105095541401,0,19,None,66,1,5,False,1000,1000
15914,174,random,10,0.8102109872611465,0,19,None,66,1,5,False,1000,1000
15915,170,random,10,0.7764729299363057,0,21,None,66,1,5,False,1000,1000
15916,171,random,10,0.7751791401273885,0,21,None,66,1,5,False,1000,1000
15917,172,random,10,0.775577229299363,0,21,None,66,1,5,False,1000,1000
15918,173,random,10,0.7761743630573248,0,21,None,66,1,5,False,1000,1000
15919,174,random,10,0.776671974522293,0,21,None,66,1,5,False,1000,1000
15920,170,random,10,0.7998606687898089,0,24,None,66,1,5,False,1000,1000
15921,171,random,10,0.7996616242038217,0,24,None,66,1,5,False,1000,1000
15922,172,random,10,0.7993630573248408,0,24,None,66,1,5,False,1000,1000
15923,173,random,10,0.7992635350318471,0,24,None,66,1,5,False,1000,1000
15924,174,random,10,0.7998606687898089,0,24,None,66,1,5,False,1000,1000
15925,170,random,10,0.7710987261146497,0,27,None,66,1,5,False,1000,1000
15926,171,random,10,0.771297770700637,0,27,None,66,1,5,False,1000,1000
15927,172,random,10,0.7721934713375797,0,27,None,66,1,5,False,1000,1000
15928,173,random,10,0.7724920382165605,0,27,None,66,1,5,False,1000,1000
15929,174,random,10,0.7736863057324841,0,27,None,66,1,5,False,1000,1000
15930,170,random,10,0.8028463375796179,0,31,None,66,1,5,False,1000,1000
15931,171,random,10,0.8030453821656051,0,31,None,66,1,5,False,1000,1000
15932,172,random,10,0.8048367834394905,0,31,None,66,1,5,False,1000,1000
15933,173,random,10,0.805234872611465,0,31,None,66,1,5,False,1000,1000
15934,174,random,10,0.8058320063694268,0,31,None,66,1,5,False,1000,1000
15935,170,random,10,0.8062300955414012,0,0,None,66,1,5,False,1000,1000
15936,171,random,10,0.8058320063694268,0,0,None,66,1,5,False,1000,1000
15937,172,random,10,0.8057324840764332,0,0,None,66,1,5,False,1000,1000
15938,173,random,10,0.8058320063694268,0,0,None,66,1,5,False,1000,1000
15939,174,random,10,0.8061305732484076,0,0,None,66,1,5,False,1000,1000
15940,170,random,10,0.7966759554140127,0,22,None,66,1,5,False,1000,1000
15941,171,random,10,0.7964769108280255,0,22,None,66,1,5,False,1000,1000
15942,172,random,10,0.7958797770700637,0,22,None,66,1,5,False,1000,1000
15943,173,random,10,0.7960788216560509,0,22,None,66,1,5,False,1000,1000
15944,174,random,10,0.7961783439490446,0,22,None,66,1,5,False,1000,1000
15945,170,random,10,0.7970740445859873,0,5,None,66,1,5,False,1000,1000
15946,171,random,10,0.7982683121019108,0,5,None,66,1,5,False,1000,1000
15947,172,random,10,0.7990644904458599,0,5,None,66,1,5,False,1000,1000
15948,173,random,10,0.7978702229299363,0,5,None,66,1,5,False,1000,1000
15949,174,random,10,0.7977707006369427,0,5,None,66,1,5,False,1000,1000
15950,170,random,10,0.7997611464968153,0,12,None,66,1,5,False,1000,1000
15951,171,random,10,0.7999601910828026,0,12,None,66,1,5,False,1000,1000
15952,172,random,10,0.8004578025477707,0,12,None,66,1,5,False,1000,1000
15953,173,random,10,0.7999601910828026,0,12,None,66,1,5,False,1000,1000
15954,174,random,10,0.8007563694267515,0,12,None,66,1,5,False,1000,1000
15955,170,random,10,0.7907046178343949,0,26,None,66,1,5,False,1000,1000
15956,171,random,10,0.791202229299363,0,26,None,66,1,5,False,1000,1000
15957,172,random,10,0.7910031847133758,0,26,None,66,1,5,False,1000,1000
15958,173,random,10,0.7907046178343949,0,26,None,66,1,5,False,1000,1000
15959,174,random,10,0.7906050955414012,0,26,None,66,1,5,False,1000,1000
15960,170,random,10,0.8130971337579618,0,14,None,66,1,5,False,1000,1000
15961,171,random,10,0.8136942675159236,0,14,None,66,1,5,False,1000,1000
15962,172,random,10,0.8125995222929936,0,14,None,66,1,5,False,1000,1000
15963,173,random,10,0.8123009554140127,0,14,None,66,1,5,False,1000,1000
15964,174,random,10,0.8121019108280255,0,14,None,66,1,5,False,1000,1000
15965,170,random,10,0.8032444267515924,0,30,None,66,1,5,False,1000,1000
15966,171,random,10,0.8020501592356688,0,30,None,66,1,5,False,1000,1000
15967,172,random,10,0.8023487261146497,0,30,None,66,1,5,False,1000,1000
15968,173,random,10,0.8023487261146497,0,30,None,66,1,5,False,1000,1000
15969,174,random,10,0.8027468152866242,0,30,None,66,1,5,False,1000,1000
15970,170,random,10,0.8058320063694268,0,7,None,66,1,5,False,1000,1000
15971,171,random,10,0.8067277070063694,0,7,None,66,1,5,False,1000,1000
15972,172,random,10,0.8064291401273885,0,7,None,66,1,5,False,1000,1000
15973,173,random,10,0.8067277070063694,0,7,None,66,1,5,False,1000,1000
15974,174,random,10,0.8071257961783439,0,7,None,66,1,5,False,1000,1000
15975,170,random,10,0.7973726114649682,0,6,None,66,1,5,False,1000,1000
15976,171,random,10,0.7978702229299363,0,6,None,66,1,5,False,1000,1000
15977,172,random,10,0.7983678343949044,0,6,None,66,1,5,False,1000,1000
15978,173,random,10,0.7980692675159236,0,6,None,66,1,5,False,1000,1000
15979,174,random,10,0.7981687898089171,0,6,None,66,1,5,False,1000,1000
15980,170,random,10,0.81140525477707,0,16,None,66,1,5,False,1000,1000
15981,171,random,10,0.8124004777070064,0,16,None,66,1,5,False,1000,1000
15982,172,random,10,0.8134952229299363,0,16,None,66,1,5,False,1000,1000
15983,173,random,10,0.8150875796178344,0,16,None,66,1,5,False,1000,1000
15984,174,random,10,0.8147890127388535,0,16,None,66,1,5,False,1000,1000
15985,170,random,10,0.7982683121019108,0,32,None,66,1,5,False,1000,1000
15986,171,random,10,0.7986664012738853,0,32,None,66,1,5,False,1000,1000
15987,172,random,10,0.7981687898089171,0,32,None,66,1,5,False,1000,1000
15988,173,random,10,0.7975716560509554,0,32,None,66,1,5,False,1000,1000
15989,174,random,10,0.7984673566878981,0,32,None,66,1,5,False,1000,1000
15990,170,random,10,0.8043391719745223,0,4,None,66,1,5,False,1000,1000
15991,171,random,10,0.8019506369426752,0,4,None,66,1,5,False,1000,1000
15992,172,random,10,0.8013535031847133,0,4,None,66,1,5,False,1000,1000
15993,173,random,10,0.8013535031847133,0,4,None,66,1,5,False,1000,1000
15994,174,random,10,0.8016520700636943,0,4,None,66,1,5,False,1000,1000
15995,170,random,10,0.746218152866242,0,3,None,66,1,5,False,1000,1000
15996,171,random,10,0.7282046178343949,0,3,None,66,1,5,False,1000,1000
15997,172,random,10,0.7166600318471338,0,3,None,66,1,5,False,1000,1000
15998,173,random,10,0.7071058917197452,0,3,None,66,1,5,False,1000,1000
15999,174,random,10,0.7009355095541401,0,3,None,66,1,5,False,1000,1000
16000,170,random,10,0.7832404458598726,0,20,None,66,1,5,False,1000,1000
16001,171,random,10,0.7884156050955414,0,20,None,66,1,5,False,1000,1000
16002,172,random,10,0.7875199044585988,0,20,None,66,1,5,False,1000,1000
16003,173,random,10,0.7836385350318471,0,20,None,66,1,5,False,1000,1000
16004,174,random,10,0.7814490445859873,0,20,None,66,1,5,False,1000,1000
16005,175,random,10,0.8038415605095541,0,30,None,66,1,5,False,1000,1000
16006,176,random,10,0.8029458598726115,0,30,None,66,1,5,False,1000,1000
16007,177,random,10,0.8032444267515924,0,30,None,66,1,5,False,1000,1000
16008,178,random,10,0.8038415605095541,0,30,None,66,1,5,False,1000,1000
16009,179,random,10,0.8035429936305732,0,30,None,66,1,5,False,1000,1000
16010,175,random,10,0.7924960191082803,0,1,None,66,1,5,False,1000,1000
16011,176,random,10,0.7923964968152867,0,1,None,66,1,5,False,1000,1000
16012,177,random,10,0.7924960191082803,0,1,None,66,1,5,False,1000,1000
16013,178,random,10,0.7927945859872612,0,1,None,66,1,5,False,1000,1000
16014,179,random,10,0.7933917197452229,0,1,None,66,1,5,False,1000,1000
16015,175,random,10,0.7151671974522293,0,29,None,66,1,5,False,1000,1000
16016,176,random,10,0.7202428343949044,0,29,None,66,1,5,False,1000,1000
16017,177,random,10,0.7242237261146497,0,29,None,66,1,5,False,1000,1000
16018,178,random,10,0.727109872611465,0,29,None,66,1,5,False,1000,1000
16019,179,random,10,0.7299960191082803,0,29,None,66,1,5,False,1000,1000
16020,175,random,10,0.798765923566879,0,32,None,66,1,5,False,1000,1000
16021,176,random,10,0.7988654458598726,0,32,None,66,1,5,False,1000,1000
16022,177,random,10,0.7981687898089171,0,32,None,66,1,5,False,1000,1000
16023,178,random,10,0.7977707006369427,0,32,None,66,1,5,False,1000,1000
16024,179,random,10,0.7981687898089171,0,32,None,66,1,5,False,1000,1000
16025,175,random,10,0.8126990445859873,0,16,None,66,1,5,False,1000,1000
16026,176,random,10,0.8136942675159236,0,16,None,66,1,5,False,1000,1000
16027,177,random,10,0.8141918789808917,0,16,None,66,1,5,False,1000,1000
16028,178,random,10,0.8154856687898089,0,16,None,66,1,5,False,1000,1000
16029,179,random,10,0.8164808917197452,0,16,None,66,1,5,False,1000,1000
16030,175,random,10,0.8132961783439491,0,25,None,66,1,5,False,1000,1000
16031,176,random,10,0.8131966560509554,0,25,None,66,1,5,False,1000,1000
16032,177,random,10,0.8125,0,25,None,66,1,5,False,1000,1000
16033,178,random,10,0.8121019108280255,0,25,None,66,1,5,False,1000,1000
16034,179,random,10,0.8111066878980892,0,25,None,66,1,5,False,1000,1000
16035,175,random,10,0.7981687898089171,0,13,None,66,1,5,False,1000,1000
16036,176,random,10,0.7977707006369427,0,13,None,66,1,5,False,1000,1000
16037,177,random,10,0.7983678343949044,0,13,None,66,1,5,False,1000,1000
16038,178,random,10,0.7981687898089171,0,13,None,66,1,5,False,1000,1000
16039,179,random,10,0.79796974522293,0,13,None,66,1,5,False,1000,1000
16040,175,random,10,0.7915007961783439,0,26,None,66,1,5,False,1000,1000
16041,176,random,10,0.7911027070063694,0,26,None,66,1,5,False,1000,1000
16042,177,random,10,0.7913017515923567,0,26,None,66,1,5,False,1000,1000
16043,178,random,10,0.7915007961783439,0,26,None,66,1,5,False,1000,1000
16044,179,random,10,0.7914012738853503,0,26,None,66,1,5,False,1000,1000
16045,175,random,10,0.8116042993630573,0,19,None,66,1,5,False,1000,1000
16046,176,random,10,0.810609076433121,0,19,None,66,1,5,False,1000,1000
16047,177,random,10,0.810609076433121,0,19,None,66,1,5,False,1000,1000
16048,178,random,10,0.8110071656050956,0,19,None,66,1,5,False,1000,1000
16049,179,random,10,0.8110071656050956,0,19,None,66,1,5,False,1000,1000
16050,175,random,10,0.7881170382165605,0,8,None,66,1,5,False,1000,1000
16051,176,random,10,0.788515127388535,0,8,None,66,1,5,False,1000,1000
16052,177,random,10,0.7892117834394905,0,8,None,66,1,5,False,1000,1000
16053,178,random,10,0.7898089171974523,0,8,None,66,1,5,False,1000,1000
16054,179,random,10,0.7898089171974523,0,8,None,66,1,5,False,1000,1000
16055,175,random,10,0.8047372611464968,0,31,None,66,1,5,False,1000,1000
16056,176,random,10,0.8049363057324841,0,31,None,66,1,5,False,1000,1000
16057,177,random,10,0.8058320063694268,0,31,None,66,1,5,False,1000,1000
16058,178,random,10,0.8061305732484076,0,31,None,66,1,5,False,1000,1000
16059,179,random,10,0.806827229299363,0,31,None,66,1,5,False,1000,1000
16060,175,random,10,0.7817476114649682,0,21,None,66,1,5,False,1000,1000
16061,176,random,10,0.779359076433121,0,21,None,66,1,5,False,1000,1000
16062,177,random,10,0.7781648089171974,0,21,None,66,1,5,False,1000,1000
16063,178,random,10,0.7787619426751592,0,21,None,66,1,5,False,1000,1000
16064,179,random,10,0.7791600318471338,0,21,None,66,1,5,False,1000,1000
16065,175,random,10,0.8027468152866242,0,24,None,66,1,5,False,1000,1000
16066,176,random,10,0.8022492038216561,0,24,None,66,1,5,False,1000,1000
16067,177,random,10,0.8009554140127388,0,24,None,66,1,5,False,1000,1000
16068,178,random,10,0.8012539808917197,0,24,None,66,1,5,False,1000,1000
16069,179,random,10,0.8013535031847133,0,24,None,66,1,5,False,1000,1000
16070,175,random,10,0.774781050955414,0,27,None,66,1,5,False,1000,1000
16071,176,random,10,0.7752786624203821,0,27,None,66,1,5,False,1000,1000
16072,177,random,10,0.7757762738853503,0,27,None,66,1,5,False,1000,1000
16073,178,random,10,0.7764729299363057,0,27,None,66,1,5,False,1000,1000
16074,179,random,10,0.7764729299363057,0,27,None,66,1,5,False,1000,1000
16075,175,random,10,0.7975716560509554,0,6,None,66,1,5,False,1000,1000
16076,176,random,10,0.7977707006369427,0,6,None,66,1,5,False,1000,1000
16077,177,random,10,0.7976711783439491,0,6,None,66,1,5,False,1000,1000
16078,178,random,10,0.7983678343949044,0,6,None,66,1,5,False,1000,1000
16079,179,random,10,0.7990644904458599,0,6,None,66,1,5,False,1000,1000
16080,175,random,10,0.8097133757961783,0,14,None,66,1,5,False,1000,1000
16081,176,random,10,0.8099124203821656,0,14,None,66,1,5,False,1000,1000
16082,177,random,10,0.8099124203821656,0,14,None,66,1,5,False,1000,1000
16083,178,random,10,0.8092157643312102,0,14,None,66,1,5,False,1000,1000
16084,179,random,10,0.8094148089171974,0,14,None,66,1,5,False,1000,1000
16085,175,random,10,0.796875,0,22,None,66,1,5,False,1000,1000
16086,176,random,10,0.7966759554140127,0,22,None,66,1,5,False,1000,1000
16087,177,random,10,0.796875,0,22,None,66,1,5,False,1000,1000
16088,178,random,10,0.7967754777070064,0,22,None,66,1,5,False,1000,1000
16089,179,random,10,0.7965764331210191,0,22,None,66,1,5,False,1000,1000
16090,175,random,10,0.8085191082802548,0,23,None,66,1,5,False,1000,1000
16091,176,random,10,0.8088176751592356,0,23,None,66,1,5,False,1000,1000
16092,177,random,10,0.8090167197452229,0,23,None,66,1,5,False,1000,1000
16093,178,random,10,0.8097133757961783,0,23,None,66,1,5,False,1000,1000
16094,179,random,10,0.8104100318471338,0,23,None,66,1,5,False,1000,1000
16095,175,random,10,0.7938893312101911,0,2,None,66,1,5,False,1000,1000
16096,176,random,10,0.7886146496815286,0,2,None,66,1,5,False,1000,1000
16097,177,random,10,0.7855294585987261,0,2,None,66,1,5,False,1000,1000
16098,178,random,10,0.7809514331210191,0,2,None,66,1,5,False,1000,1000
16099,179,random,10,0.778562898089172,0,2,None,66,1,5,False,1000,1000
16100,175,random,10,0.8061305732484076,0,0,None,66,1,5,False,1000,1000
16101,176,random,10,0.8057324840764332,0,0,None,66,1,5,False,1000,1000
16102,177,random,10,0.8058320063694268,0,0,None,66,1,5,False,1000,1000
16103,178,random,10,0.8063296178343949,0,0,None,66,1,5,False,1000,1000
16104,179,random,10,0.8070262738853503,0,0,None,66,1,5,False,1000,1000
16105,175,random,10,0.7522890127388535,0,3,None,66,1,5,False,1000,1000
16106,176,random,10,0.7365644904458599,0,3,None,66,1,5,False,1000,1000
16107,177,random,10,0.7249203821656051,0,3,None,66,1,5,False,1000,1000
16108,178,random,10,0.716062898089172,0,3,None,66,1,5,False,1000,1000
16109,179,random,10,0.708797770700637,0,3,None,66,1,5,False,1000,1000
16110,175,random,10,0.8043391719745223,0,4,None,66,1,5,False,1000,1000
16111,176,random,10,0.8029458598726115,0,4,None,66,1,5,False,1000,1000
16112,177,random,10,0.8031449044585988,0,4,None,66,1,5,False,1000,1000
16113,178,random,10,0.8021496815286624,0,4,None,66,1,5,False,1000,1000
16114,179,random,10,0.8020501592356688,0,4,None,66,1,5,False,1000,1000
16115,175,random,10,0.7973726114649682,0,5,None,66,1,5,False,1000,1000
16116,176,random,10,0.7982683121019108,0,5,None,66,1,5,False,1000,1000
16117,177,random,10,0.7984673566878981,0,5,None,66,1,5,False,1000,1000
16118,178,random,10,0.7986664012738853,0,5,None,66,1,5,False,1000,1000
16119,179,random,10,0.7980692675159236,0,5,None,66,1,5,False,1000,1000
16120,175,random,10,0.8061305732484076,0,7,None,66,1,5,False,1000,1000
16121,176,random,10,0.8069267515923567,0,7,None,66,1,5,False,1000,1000
16122,177,random,10,0.8074243630573248,0,7,None,66,1,5,False,1000,1000
16123,178,random,10,0.8078224522292994,0,7,None,66,1,5,False,1000,1000
16124,179,random,10,0.8075238853503185,0,7,None,66,1,5,False,1000,1000
16125,175,random,10,0.79796974522293,0,9,None,66,1,5,False,1000,1000
16126,176,random,10,0.800656847133758,0,9,None,66,1,5,False,1000,1000
16127,177,random,10,0.8018511146496815,0,9,None,66,1,5,False,1000,1000
16128,178,random,10,0.803343949044586,0,9,None,66,1,5,False,1000,1000
16129,179,random,10,0.8048367834394905,0,9,None,66,1,5,False,1000,1000
16130,175,random,10,0.7876194267515924,0,10,None,66,1,5,False,1000,1000
16131,176,random,10,0.7898089171974523,0,10,None,66,1,5,False,1000,1000
16132,177,random,10,0.7894108280254777,0,10,None,66,1,5,False,1000,1000
16133,178,random,10,0.7900079617834395,0,10,None,66,1,5,False,1000,1000
16134,179,random,10,0.7924960191082803,0,10,None,66,1,5,False,1000,1000
16135,175,random,10,0.6845143312101911,0,11,None,66,1,5,False,1000,1000
16136,176,random,10,0.6760549363057324,0,11,None,66,1,5,False,1000,1000
16137,177,random,10,0.671875,0,11,None,66,1,5,False,1000,1000
16138,178,random,10,0.669187898089172,0,11,None,66,1,5,False,1000,1000
16139,179,random,10,0.6659036624203821,0,11,None,66,1,5,False,1000,1000
16140,175,random,10,0.8005573248407644,0,12,None,66,1,5,False,1000,1000
16141,176,random,10,0.8008558917197452,0,12,None,66,1,5,False,1000,1000
16142,177,random,10,0.8012539808917197,0,12,None,66,1,5,False,1000,1000
16143,178,random,10,0.8012539808917197,0,12,None,66,1,5,False,1000,1000
16144,179,random,10,0.8016520700636943,0,12,None,66,1,5,False,1000,1000
16145,175,random,10,0.7790605095541401,0,15,None,66,1,5,False,1000,1000
16146,176,random,10,0.7799562101910829,0,15,None,66,1,5,False,1000,1000
16147,177,random,10,0.7819466560509554,0,15,None,66,1,5,False,1000,1000
16148,178,random,10,0.7836385350318471,0,15,None,66,1,5,False,1000,1000
16149,179,random,10,0.7860270700636943,0,15,None,66,1,5,False,1000,1000
16150,175,random,10,0.7967754777070064,0,17,None,66,1,5,False,1000,1000
16151,176,random,10,0.7956807324840764,0,17,None,66,1,5,False,1000,1000
16152,177,random,10,0.7958797770700637,0,17,None,66,1,5,False,1000,1000
16153,178,random,10,0.7962778662420382,0,17,None,66,1,5,False,1000,1000
16154,179,random,10,0.7958797770700637,0,17,None,66,1,5,False,1000,1000
16155,175,random,10,0.7961783439490446,0,18,None,66,1,5,False,1000,1000
16156,176,random,10,0.7964769108280255,0,18,None,66,1,5,False,1000,1000
16157,177,random,10,0.7964769108280255,0,18,None,66,1,5,False,1000,1000
16158,178,random,10,0.7955812101910829,0,18,None,66,1,5,False,1000,1000
16159,179,random,10,0.7961783439490446,0,18,None,66,1,5,False,1000,1000
16160,175,random,10,0.7868232484076433,0,20,None,66,1,5,False,1000,1000
16161,176,random,10,0.7924960191082803,0,20,None,66,1,5,False,1000,1000
16162,177,random,10,0.789609872611465,0,20,None,66,1,5,False,1000,1000
16163,178,random,10,0.7864251592356688,0,20,None,66,1,5,False,1000,1000
16164,179,random,10,0.7840366242038217,0,20,None,66,1,5,False,1000,1000
16165,175,random,10,0.7059116242038217,0,28,None,66,1,5,False,1000,1000
16166,176,random,10,0.7121815286624203,0,28,None,66,1,5,False,1000,1000
16167,177,random,10,0.7166600318471338,0,28,None,66,1,5,False,1000,1000
16168,178,random,10,0.7210390127388535,0,28,None,66,1,5,False,1000,1000
16169,179,random,10,0.7243232484076433,0,28,None,66,1,5,False,1000,1000
17985,180,random,10,0.7928941082802548,0,1,None,66,1,5,False,1000,1000
17986,181,random,10,0.7933917197452229,0,1,None,66,1,5,False,1000,1000
17987,182,random,10,0.7938893312101911,0,1,None,66,1,5,False,1000,1000
17988,183,random,10,0.7936902866242038,0,1,None,66,1,5,False,1000,1000
17989,184,random,10,0.7940883757961783,0,1,None,66,1,5,False,1000,1000
17990,180,random,10,0.7992635350318471,0,13,None,66,1,5,False,1000,1000
17991,181,random,10,0.7985668789808917,0,13,None,66,1,5,False,1000,1000
17992,182,random,10,0.7991640127388535,0,13,None,66,1,5,False,1000,1000
17993,183,random,10,0.7984673566878981,0,13,None,66,1,5,False,1000,1000
17994,184,random,10,0.7992635350318471,0,13,None,66,1,5,False,1000,1000
17995,180,random,10,0.8144904458598726,0,16,None,66,1,5,False,1000,1000
17996,181,random,10,0.8155851910828026,0,16,None,66,1,5,False,1000,1000
17997,182,random,10,0.8164808917197452,0,16,None,66,1,5,False,1000,1000
17998,183,random,10,0.8174761146496815,0,16,None,66,1,5,False,1000,1000
17999,184,random,10,0.817078025477707,0,16,None,66,1,5,False,1000,1000
18000,180,random,10,0.8099124203821656,0,23,None,66,1,5,False,1000,1000
18001,181,random,10,0.8099124203821656,0,23,None,66,1,5,False,1000,1000
18002,182,random,10,0.8100119426751592,0,23,None,66,1,5,False,1000,1000
18003,183,random,10,0.8096138535031847,0,23,None,66,1,5,False,1000,1000
18004,184,random,10,0.8108081210191083,0,23,None,66,1,5,False,1000,1000
18005,180,random,10,0.814390923566879,0,25,None,66,1,5,False,1000,1000
18006,181,random,10,0.815187101910828,0,25,None,66,1,5,False,1000,1000
18007,182,random,10,0.8158837579617835,0,25,None,66,1,5,False,1000,1000
18008,183,random,10,0.8150875796178344,0,25,None,66,1,5,False,1000,1000
18009,184,random,10,0.8144904458598726,0,25,None,66,1,5,False,1000,1000
18010,180,random,10,0.7832404458598726,0,21,None,66,1,5,False,1000,1000
18011,181,random,10,0.7808519108280255,0,21,None,66,1,5,False,1000,1000
18012,182,random,10,0.7794585987261147,0,21,None,66,1,5,False,1000,1000
18013,183,random,10,0.7788614649681529,0,21,None,66,1,5,False,1000,1000
18014,184,random,10,0.7797571656050956,0,21,None,66,1,5,False,1000,1000
18015,180,random,10,0.7921974522292994,0,26,None,66,1,5,False,1000,1000
18016,181,random,10,0.7929936305732485,0,26,None,66,1,5,False,1000,1000
18017,182,random,10,0.7926950636942676,0,26,None,66,1,5,False,1000,1000
18018,183,random,10,0.7927945859872612,0,26,None,66,1,5,False,1000,1000
18019,184,random,10,0.7933917197452229,0,26,None,66,1,5,False,1000,1000
18020,180,random,10,0.8039410828025477,0,24,None,66,1,5,False,1000,1000
18021,181,random,10,0.8045382165605095,0,24,None,66,1,5,False,1000,1000
18022,182,random,10,0.8038415605095541,0,24,None,66,1,5,False,1000,1000
18023,183,random,10,0.803343949044586,0,24,None,66,1,5,False,1000,1000
18024,184,random,10,0.8026472929936306,0,24,None,66,1,5,False,1000,1000
18025,180,random,10,0.7137738853503185,0,29,None,66,1,5,False,1000,1000
18026,181,random,10,0.7201433121019108,0,29,None,66,1,5,False,1000,1000
18027,182,random,10,0.7240246815286624,0,29,None,66,1,5,False,1000,1000
18028,183,random,10,0.7275079617834395,0,29,None,66,1,5,False,1000,1000
18029,184,random,10,0.7307921974522293,0,29,None,66,1,5,False,1000,1000
18030,180,random,10,0.8035429936305732,0,30,None,66,1,5,False,1000,1000
18031,181,random,10,0.8022492038216561,0,30,None,66,1,5,False,1000,1000
18032,182,random,10,0.8026472929936306,0,30,None,66,1,5,False,1000,1000
18033,183,random,10,0.8036425159235668,0,30,None,66,1,5,False,1000,1000
18034,184,random,10,0.8036425159235668,0,30,None,66,1,5,False,1000,1000
18035,180,random,10,0.7771695859872612,0,27,None,66,1,5,False,1000,1000
18036,181,random,10,0.777468152866242,0,27,None,66,1,5,False,1000,1000
18037,182,random,10,0.7769705414012739,0,27,None,66,1,5,False,1000,1000
18038,183,random,10,0.777468152866242,0,27,None,66,1,5,False,1000,1000
18039,184,random,10,0.7775676751592356,0,27,None,66,1,5,False,1000,1000
18040,180,random,10,0.7984673566878981,0,32,None,66,1,5,False,1000,1000
18041,181,random,10,0.7981687898089171,0,32,None,66,1,5,False,1000,1000
18042,182,random,10,0.798765923566879,0,32,None,66,1,5,False,1000,1000
18043,183,random,10,0.7983678343949044,0,32,None,66,1,5,False,1000,1000
18044,184,random,10,0.7983678343949044,0,32,None,66,1,5,False,1000,1000
18045,180,random,10,0.8129976114649682,0,19,None,66,1,5,False,1000,1000
18046,181,random,10,0.8121019108280255,0,19,None,66,1,5,False,1000,1000
18047,182,random,10,0.8120023885350318,0,19,None,66,1,5,False,1000,1000
18048,183,random,10,0.8110071656050956,0,19,None,66,1,5,False,1000,1000
18049,184,random,10,0.8108081210191083,0,19,None,66,1,5,False,1000,1000
18050,180,random,10,0.7893113057324841,0,8,None,66,1,5,False,1000,1000
18051,181,random,10,0.7901074840764332,0,8,None,66,1,5,False,1000,1000
18052,182,random,10,0.790406050955414,0,8,None,66,1,5,False,1000,1000
18053,183,random,10,0.7907046178343949,0,8,None,66,1,5,False,1000,1000
18054,184,random,10,0.7909036624203821,0,8,None,66,1,5,False,1000,1000
18055,180,random,10,0.8057324840764332,0,31,None,66,1,5,False,1000,1000
18056,181,random,10,0.8047372611464968,0,31,None,66,1,5,False,1000,1000
18057,182,random,10,0.8055334394904459,0,31,None,66,1,5,False,1000,1000
18058,183,random,10,0.806031050955414,0,31,None,66,1,5,False,1000,1000
18059,184,random,10,0.8064291401273885,0,31,None,66,1,5,False,1000,1000
18060,180,random,10,0.7931926751592356,0,2,None,66,1,5,False,1000,1000
18061,181,random,10,0.7892117834394905,0,2,None,66,1,5,False,1000,1000
18062,182,random,10,0.7855294585987261,0,2,None,66,1,5,False,1000,1000
18063,183,random,10,0.7813495222929936,0,2,None,66,1,5,False,1000,1000
18064,184,random,10,0.7791600318471338,0,2,None,66,1,5,False,1000,1000
18065,180,random,10,0.8074243630573248,0,0,None,66,1,5,False,1000,1000
18066,181,random,10,0.8077229299363057,0,0,None,66,1,5,False,1000,1000
18067,182,random,10,0.8081210191082803,0,0,None,66,1,5,False,1000,1000
18068,183,random,10,0.8090167197452229,0,0,None,66,1,5,False,1000,1000
18069,184,random,10,0.8090167197452229,0,0,None,66,1,5,False,1000,1000
18070,180,random,10,0.7402468152866242,0,3,None,66,1,5,False,1000,1000
18071,181,random,10,0.7338773885350318,0,3,None,66,1,5,False,1000,1000
18072,182,random,10,0.727906050955414,0,3,None,66,1,5,False,1000,1000
18073,183,random,10,0.7224323248407644,0,3,None,66,1,5,False,1000,1000
18074,184,random,10,0.7188495222929936,0,3,None,66,1,5,False,1000,1000
18075,180,random,10,0.8062300955414012,0,4,None,66,1,5,False,1000,1000
18076,181,random,10,0.8053343949044586,0,4,None,66,1,5,False,1000,1000
18077,182,random,10,0.8051353503184714,0,4,None,66,1,5,False,1000,1000
18078,183,random,10,0.8045382165605095,0,4,None,66,1,5,False,1000,1000
18079,184,random,10,0.8034434713375797,0,4,None,66,1,5,False,1000,1000
18080,180,random,10,0.7993630573248408,0,5,None,66,1,5,False,1000,1000
18081,181,random,10,0.8000597133757962,0,5,None,66,1,5,False,1000,1000
18082,182,random,10,0.8000597133757962,0,5,None,66,1,5,False,1000,1000
18083,183,random,10,0.8004578025477707,0,5,None,66,1,5,False,1000,1000
18084,184,random,10,0.8004578025477707,0,5,None,66,1,5,False,1000,1000
18085,180,random,10,0.8095143312101911,0,7,None,66,1,5,False,1000,1000
18086,181,random,10,0.8099124203821656,0,7,None,66,1,5,False,1000,1000
18087,182,random,10,0.8104100318471338,0,7,None,66,1,5,False,1000,1000
18088,183,random,10,0.8109076433121019,0,7,None,66,1,5,False,1000,1000
18089,184,random,10,0.8107085987261147,0,7,None,66,1,5,False,1000,1000
18090,180,random,10,0.7908041401273885,0,10,None,66,1,5,False,1000,1000
18091,181,random,10,0.7911027070063694,0,10,None,66,1,5,False,1000,1000
18092,182,random,10,0.7919984076433121,0,10,None,66,1,5,False,1000,1000
18093,183,random,10,0.7945859872611465,0,10,None,66,1,5,False,1000,1000
18094,184,random,10,0.7947850318471338,0,10,None,66,1,5,False,1000,1000
18095,180,random,10,0.7916998407643312,0,11,None,66,1,5,False,1000,1000
18096,181,random,10,0.7873208598726115,0,11,None,66,1,5,False,1000,1000
18097,182,random,10,0.7835390127388535,0,11,None,66,1,5,False,1000,1000
18098,183,random,10,0.7808519108280255,0,11,None,66,1,5,False,1000,1000
18099,184,random,10,0.776671974522293,0,11,None,66,1,5,False,1000,1000
18100,180,random,10,0.8024482484076433,0,12,None,66,1,5,False,1000,1000
18101,181,random,10,0.8027468152866242,0,12,None,66,1,5,False,1000,1000
18102,182,random,10,0.8028463375796179,0,12,None,66,1,5,False,1000,1000
18103,183,random,10,0.8028463375796179,0,12,None,66,1,5,False,1000,1000
18104,184,random,10,0.8027468152866242,0,12,None,66,1,5,False,1000,1000
18105,180,random,10,0.779359076433121,0,15,None,66,1,5,False,1000,1000
18106,181,random,10,0.7824442675159236,0,15,None,66,1,5,False,1000,1000
18107,182,random,10,0.7848328025477707,0,15,None,66,1,5,False,1000,1000
18108,183,random,10,0.7876194267515924,0,15,None,66,1,5,False,1000,1000
18109,184,random,10,0.7892117834394905,0,15,None,66,1,5,False,1000,1000
18110,180,random,10,0.799562101910828,0,17,None,66,1,5,False,1000,1000
18111,181,random,10,0.7990644904458599,0,17,None,66,1,5,False,1000,1000
18112,182,random,10,0.7993630573248408,0,17,None,66,1,5,False,1000,1000
18113,183,random,10,0.7994625796178344,0,17,None,66,1,5,False,1000,1000
18114,184,random,10,0.7994625796178344,0,17,None,66,1,5,False,1000,1000
18115,180,random,10,0.7978702229299363,0,18,None,66,1,5,False,1000,1000
18116,181,random,10,0.7983678343949044,0,18,None,66,1,5,False,1000,1000
18117,182,random,10,0.7985668789808917,0,18,None,66,1,5,False,1000,1000
18118,183,random,10,0.7978702229299363,0,18,None,66,1,5,False,1000,1000
18119,184,random,10,0.7984673566878981,0,18,None,66,1,5,False,1000,1000
18120,180,random,10,0.8088176751592356,0,20,None,66,1,5,False,1000,1000
18121,181,random,10,0.8049363057324841,0,20,None,66,1,5,False,1000,1000
18122,182,random,10,0.7993630573248408,0,20,None,66,1,5,False,1000,1000
18123,183,random,10,0.7953821656050956,0,20,None,66,1,5,False,1000,1000
18124,184,random,10,0.7916003184713376,0,20,None,66,1,5,False,1000,1000
18125,180,random,10,0.7049164012738853,0,28,None,66,1,5,False,1000,1000
18126,181,random,10,0.7116839171974523,0,28,None,66,1,5,False,1000,1000
18127,182,random,10,0.7166600318471338,0,28,None,66,1,5,False,1000,1000
18128,183,random,10,0.7231289808917197,0,28,None,66,1,5,False,1000,1000
18129,184,random,10,0.7276074840764332,0,28,None,66,1,5,False,1000,1000
18130,185,random,10,0.8075238853503185,0,24,None,66,1,5,False,1000,1000
18131,186,random,10,0.806031050955414,0,24,None,66,1,5,False,1000,1000
18132,187,random,10,0.8061305732484076,0,24,None,66,1,5,False,1000,1000
18133,188,random,10,0.8055334394904459,0,24,None,66,1,5,False,1000,1000
18134,189,random,10,0.8057324840764332,0,24,None,66,1,5,False,1000,1000
18135,180,random,10,0.8015525477707006,0,9,None,66,1,5,False,1000,1000
18136,181,random,10,0.8027468152866242,0,9,None,66,1,5,False,1000,1000
18137,182,random,10,0.8042396496815286,0,9,None,66,1,5,False,1000,1000
18138,183,random,10,0.8056329617834395,0,9,None,66,1,5,False,1000,1000
18139,184,random,10,0.8067277070063694,0,9,None,66,1,5,False,1000,1000
18140,180,random,10,0.8002587579617835,0,6,None,66,1,5,False,1000,1000
18141,181,random,10,0.8007563694267515,0,6,None,66,1,5,False,1000,1000
18142,182,random,10,0.8002587579617835,0,6,None,66,1,5,False,1000,1000
18143,183,random,10,0.8005573248407644,0,6,None,66,1,5,False,1000,1000
18144,184,random,10,0.7999601910828026,0,6,None,66,1,5,False,1000,1000
18145,180,random,10,0.7971735668789809,0,22,None,66,1,5,False,1000,1000
18146,181,random,10,0.7971735668789809,0,22,None,66,1,5,False,1000,1000
18147,182,random,10,0.796875,0,22,None,66,1,5,False,1000,1000
18148,183,random,10,0.796875,0,22,None,66,1,5,False,1000,1000
18149,184,random,10,0.7973726114649682,0,22,None,66,1,5,False,1000,1000
18150,180,random,10,0.814390923566879,0,14,None,66,1,5,False,1000,1000
18151,181,random,10,0.8148885350318471,0,14,None,66,1,5,False,1000,1000
18152,182,random,10,0.815187101910828,0,14,None,66,1,5,False,1000,1000
18153,183,random,10,0.8144904458598726,0,14,None,66,1,5,False,1000,1000
18154,184,random,10,0.8145899681528662,0,14,None,66,1,5,False,1000,1000
18155,185,random,10,0.793093152866242,0,1,None,66,1,5,False,1000,1000
18156,186,random,10,0.7937898089171974,0,1,None,66,1,5,False,1000,1000
18157,187,random,10,0.7945859872611465,0,1,None,66,1,5,False,1000,1000
18158,188,random,10,0.7947850318471338,0,1,None,66,1,5,False,1000,1000
18159,189,random,10,0.7945859872611465,0,1,None,66,1,5,False,1000,1000
18160,185,random,10,0.7837380573248408,0,21,None,66,1,5,False,1000,1000
18161,186,random,10,0.7813495222929936,0,21,None,66,1,5,False,1000,1000
18162,187,random,10,0.7806528662420382,0,21,None,66,1,5,False,1000,1000
18163,188,random,10,0.7810509554140127,0,21,None,66,1,5,False,1000,1000
18164,189,random,10,0.7803542993630573,0,21,None,66,1,5,False,1000,1000
18165,185,random,10,0.7956807324840764,0,2,None,66,1,5,False,1000,1000
18166,186,random,10,0.8004578025477707,0,2,None,66,1,5,False,1000,1000
18167,187,random,10,0.7946855095541401,0,2,None,66,1,5,False,1000,1000
18168,188,random,10,0.7943869426751592,0,2,None,66,1,5,False,1000,1000
18169,189,random,10,0.7874203821656051,0,2,None,66,1,5,False,1000,1000
18170,185,random,10,0.7974721337579618,0,11,None,66,1,5,False,1000,1000
18171,186,random,10,0.7938893312101911,0,11,None,66,1,5,False,1000,1000
18172,187,random,10,0.7916998407643312,0,11,None,66,1,5,False,1000,1000
18173,188,random,10,0.7890127388535032,0,11,None,66,1,5,False,1000,1000
18174,189,random,10,0.7863256369426752,0,11,None,66,1,5,False,1000,1000
18175,185,random,10,0.7870222929936306,0,15,None,66,1,5,False,1000,1000
18176,186,random,10,0.7892117834394905,0,15,None,66,1,5,False,1000,1000
18177,187,random,10,0.7921974522292994,0,15,None,66,1,5,False,1000,1000
18178,188,random,10,0.7929936305732485,0,15,None,66,1,5,False,1000,1000
18179,189,random,10,0.7948845541401274,0,15,None,66,1,5,False,1000,1000
18180,185,random,10,0.7998606687898089,0,17,None,66,1,5,False,1000,1000
18181,186,random,10,0.8000597133757962,0,17,None,66,1,5,False,1000,1000
18182,187,random,10,0.8003582802547771,0,17,None,66,1,5,False,1000,1000
18183,188,random,10,0.7999601910828026,0,17,None,66,1,5,False,1000,1000
18184,189,random,10,0.7998606687898089,0,17,None,66,1,5,False,1000,1000
18185,185,random,10,0.7085987261146497,0,28,None,66,1,5,False,1000,1000
18186,186,random,10,0.7191480891719745,0,28,None,66,1,5,False,1000,1000
18187,187,random,10,0.7263136942675159,0,28,None,66,1,5,False,1000,1000
18188,188,random,10,0.7340764331210191,0,28,None,66,1,5,False,1000,1000
18189,189,random,10,0.7399482484076433,0,28,None,66,1,5,False,1000,1000
18190,185,random,10,0.8039410828025477,0,9,None,66,1,5,False,1000,1000
18191,186,random,10,0.8055334394904459,0,9,None,66,1,5,False,1000,1000
18192,187,random,10,0.8062300955414012,0,9,None,66,1,5,False,1000,1000
18193,188,random,10,0.8073248407643312,0,9,None,66,1,5,False,1000,1000
18194,189,random,10,0.808718152866242,0,9,None,66,1,5,False,1000,1000
18195,185,random,10,0.7155652866242038,0,29,None,66,1,5,False,1000,1000
18196,186,random,10,0.721437101910828,0,29,None,66,1,5,False,1000,1000
18197,187,random,10,0.7262141719745223,0,29,None,66,1,5,False,1000,1000
18198,188,random,10,0.729796974522293,0,29,None,66,1,5,False,1000,1000
18199,189,random,10,0.7325835987261147,0,29,None,66,1,5,False,1000,1000
18200,185,random,10,0.7953821656050956,0,10,None,66,1,5,False,1000,1000
18201,186,random,10,0.7962778662420382,0,10,None,66,1,5,False,1000,1000
18202,187,random,10,0.7972730891719745,0,10,None,66,1,5,False,1000,1000
18203,188,random,10,0.7970740445859873,0,10,None,66,1,5,False,1000,1000
18204,189,random,10,0.7967754777070064,0,10,None,66,1,5,False,1000,1000
18205,185,random,10,0.7907046178343949,0,20,None,66,1,5,False,1000,1000
18206,186,random,10,0.7874203821656051,0,20,None,66,1,5,False,1000,1000
18207,187,random,10,0.7853304140127388,0,20,None,66,1,5,False,1000,1000
18208,188,random,10,0.783937101910828,0,20,None,66,1,5,False,1000,1000
18209,189,random,10,0.7830414012738853,0,20,None,66,1,5,False,1000,1000
18210,185,random,10,0.8111066878980892,0,0,None,66,1,5,False,1000,1000
18211,186,random,10,0.8118033439490446,0,0,None,66,1,5,False,1000,1000
18212,187,random,10,0.8123009554140127,0,0,None,66,1,5,False,1000,1000
18213,188,random,10,0.8121019108280255,0,0,None,66,1,5,False,1000,1000
18214,189,random,10,0.8128980891719745,0,0,None,66,1,5,False,1000,1000
18215,185,random,10,0.8097133757961783,0,23,None,66,1,5,False,1000,1000
18216,186,random,10,0.8096138535031847,0,23,None,66,1,5,False,1000,1000
18217,187,random,10,0.8111066878980892,0,23,None,66,1,5,False,1000,1000
18218,188,random,10,0.8118033439490446,0,23,None,66,1,5,False,1000,1000
18219,189,random,10,0.8121019108280255,0,23,None,66,1,5,False,1000,1000
18220,185,random,10,0.8019506369426752,0,32,None,66,1,5,False,1000,1000
18221,186,random,10,0.8019506369426752,0,32,None,66,1,5,False,1000,1000
18222,187,random,10,0.8021496815286624,0,32,None,66,1,5,False,1000,1000
18223,188,random,10,0.8024482484076433,0,32,None,66,1,5,False,1000,1000
18224,189,random,10,0.8026472929936306,0,32,None,66,1,5,False,1000,1000
18225,185,random,10,0.8215565286624203,0,16,None,66,1,5,False,1000,1000
18226,186,random,10,0.8231488853503185,0,16,None,66,1,5,False,1000,1000
18227,187,random,10,0.8231488853503185,0,16,None,66,1,5,False,1000,1000
18228,188,random,10,0.8239450636942676,0,16,None,66,1,5,False,1000,1000
18229,189,random,10,0.8246417197452229,0,16,None,66,1,5,False,1000,1000
18230,185,random,10,0.8054339171974523,0,13,None,66,1,5,False,1000,1000
18231,186,random,10,0.8050358280254777,0,13,None,66,1,5,False,1000,1000
18232,187,random,10,0.8038415605095541,0,13,None,66,1,5,False,1000,1000
18233,188,random,10,0.8037420382165605,0,13,None,66,1,5,False,1000,1000
18234,189,random,10,0.8044386942675159,0,13,None,66,1,5,False,1000,1000
18235,185,random,10,0.8157842356687898,0,25,None,66,1,5,False,1000,1000
18236,186,random,10,0.8155851910828026,0,25,None,66,1,5,False,1000,1000
18237,187,random,10,0.8145899681528662,0,25,None,66,1,5,False,1000,1000
18238,188,random,10,0.814390923566879,0,25,None,66,1,5,False,1000,1000
18239,189,random,10,0.8131966560509554,0,25,None,66,1,5,False,1000,1000
18240,185,random,10,0.7641321656050956,0,27,None,66,1,5,False,1000,1000
18241,186,random,10,0.7654259554140127,0,27,None,66,1,5,False,1000,1000
18242,187,random,10,0.7659235668789809,0,27,None,66,1,5,False,1000,1000
18243,188,random,10,0.7688097133757962,0,27,None,66,1,5,False,1000,1000
18244,189,random,10,0.7697054140127388,0,27,None,66,1,5,False,1000,1000
18245,185,random,10,0.8070262738853503,0,22,None,66,1,5,False,1000,1000
18246,186,random,10,0.806827229299363,0,22,None,66,1,5,False,1000,1000
18247,187,random,10,0.8065286624203821,0,22,None,66,1,5,False,1000,1000
18248,188,random,10,0.8066281847133758,0,22,None,66,1,5,False,1000,1000
18249,189,random,10,0.8062300955414012,0,22,None,66,1,5,False,1000,1000
18250,185,random,10,0.7894108280254777,0,8,None,66,1,5,False,1000,1000
18251,186,random,10,0.7897093949044586,0,8,None,66,1,5,False,1000,1000
18252,187,random,10,0.7908041401273885,0,8,None,66,1,5,False,1000,1000
18253,188,random,10,0.7908041401273885,0,8,None,66,1,5,False,1000,1000
18254,189,random,10,0.7914012738853503,0,8,None,66,1,5,False,1000,1000
18255,185,random,10,0.8037420382165605,0,18,None,66,1,5,False,1000,1000
18256,186,random,10,0.8031449044585988,0,18,None,66,1,5,False,1000,1000
18257,187,random,10,0.8024482484076433,0,18,None,66,1,5,False,1000,1000
18258,188,random,10,0.8032444267515924,0,18,None,66,1,5,False,1000,1000
18259,189,random,10,0.8036425159235668,0,18,None,66,1,5,False,1000,1000
18260,185,random,10,0.6733678343949044,0,3,None,66,1,5,False,1000,1000
18261,186,random,10,0.677547770700637,0,3,None,66,1,5,False,1000,1000
18262,187,random,10,0.6800358280254777,0,3,None,66,1,5,False,1000,1000
18263,188,random,10,0.6828224522292994,0,3,None,66,1,5,False,1000,1000
18264,189,random,10,0.6838176751592356,0,3,None,66,1,5,False,1000,1000
18265,185,random,10,0.8130971337579618,0,19,None,66,1,5,False,1000,1000
18266,186,random,10,0.8123009554140127,0,19,None,66,1,5,False,1000,1000
18267,187,random,10,0.8125,0,19,None,66,1,5,False,1000,1000
18268,188,random,10,0.8110071656050956,0,19,None,66,1,5,False,1000,1000
18269,189,random,10,0.8105095541401274,0,19,None,66,1,5,False,1000,1000
18270,185,random,10,0.8089171974522293,0,31,None,66,1,5,False,1000,1000
18271,186,random,10,0.8086186305732485,0,31,None,66,1,5,False,1000,1000
18272,187,random,10,0.8088176751592356,0,31,None,66,1,5,False,1000,1000
18273,188,random,10,0.8085191082802548,0,31,None,66,1,5,False,1000,1000
18274,189,random,10,0.8085191082802548,0,31,None,66,1,5,False,1000,1000
18275,185,random,10,0.8008558917197452,0,5,None,66,1,5,False,1000,1000
18276,186,random,10,0.8002587579617835,0,5,None,66,1,5,False,1000,1000
18277,187,random,10,0.8005573248407644,0,5,None,66,1,5,False,1000,1000
18278,188,random,10,0.8009554140127388,0,5,None,66,1,5,False,1000,1000
18279,189,random,10,0.8011544585987261,0,5,None,66,1,5,False,1000,1000
18280,185,random,10,0.8120023885350318,0,4,None,66,1,5,False,1000,1000
18281,186,random,10,0.8118033439490446,0,4,None,66,1,5,False,1000,1000
18282,187,random,10,0.8111066878980892,0,4,None,66,1,5,False,1000,1000
18283,188,random,10,0.810609076433121,0,4,None,66,1,5,False,1000,1000
18284,189,random,10,0.8101114649681529,0,4,None,66,1,5,False,1000,1000
18285,185,random,10,0.81359474522293,0,7,None,66,1,5,False,1000,1000
18286,186,random,10,0.8132961783439491,0,7,None,66,1,5,False,1000,1000
18287,187,random,10,0.8146894904458599,0,7,None,66,1,5,False,1000,1000
18288,188,random,10,0.8153861464968153,0,7,None,66,1,5,False,1000,1000
18289,189,random,10,0.8163813694267515,0,7,None,66,1,5,False,1000,1000
18290,185,random,10,0.8011544585987261,0,6,None,66,1,5,False,1000,1000
18291,186,random,10,0.8016520700636943,0,6,None,66,1,5,False,1000,1000
18292,187,random,10,0.8019506369426752,0,6,None,66,1,5,False,1000,1000
18293,188,random,10,0.8019506369426752,0,6,None,66,1,5,False,1000,1000
18294,189,random,10,0.8020501592356688,0,6,None,66,1,5,False,1000,1000
18295,185,random,10,0.8059315286624203,0,12,None,66,1,5,False,1000,1000
18296,186,random,10,0.8059315286624203,0,12,None,66,1,5,False,1000,1000
18297,187,random,10,0.806031050955414,0,12,None,66,1,5,False,1000,1000
18298,188,random,10,0.8063296178343949,0,12,None,66,1,5,False,1000,1000
18299,189,random,10,0.8061305732484076,0,12,None,66,1,5,False,1000,1000
18300,185,random,10,0.815187101910828,0,14,None,66,1,5,False,1000,1000
18301,186,random,10,0.815187101910828,0,14,None,66,1,5,False,1000,1000
18302,187,random,10,0.8142914012738853,0,14,None,66,1,5,False,1000,1000
18303,188,random,10,0.8140923566878981,0,14,None,66,1,5,False,1000,1000
18304,189,random,10,0.8139928343949044,0,14,None,66,1,5,False,1000,1000
18305,185,random,10,0.7937898089171974,0,26,None,66,1,5,False,1000,1000
18306,186,random,10,0.7934912420382165,0,26,None,66,1,5,False,1000,1000
18307,187,random,10,0.7933917197452229,0,26,None,66,1,5,False,1000,1000
18308,188,random,10,0.7937898089171974,0,26,None,66,1,5,False,1000,1000
18309,189,random,10,0.7937898089171974,0,26,None,66,1,5,False,1000,1000
18310,185,random,10,0.8050358280254777,0,30,None,66,1,5,False,1000,1000
18311,186,random,10,0.8042396496815286,0,30,None,66,1,5,False,1000,1000
18312,187,random,10,0.8036425159235668,0,30,None,66,1,5,False,1000,1000
18313,188,random,10,0.8028463375796179,0,30,None,66,1,5,False,1000,1000
18314,189,random,10,0.8032444267515924,0,30,None,66,1,5,False,1000,1000
18315,190,random,10,0.7963773885350318,0,1,None,66,1,5,False,1000,1000
18316,191,random,10,0.7972730891719745,0,1,None,66,1,5,False,1000,1000
18317,192,random,10,0.7977707006369427,0,1,None,66,1,5,False,1000,1000
18318,193,random,10,0.7980692675159236,0,1,None,66,1,5,False,1000,1000
18319,194,random,10,0.7984673566878981,0,1,None,66,1,5,False,1000,1000
18320,190,random,10,0.8026472929936306,0,2,None,66,1,5,False,1000,1000
18321,191,random,10,0.8078224522292994,0,2,None,66,1,5,False,1000,1000
18322,192,random,10,0.8028463375796179,0,2,None,66,1,5,False,1000,1000
18323,193,random,10,0.8002587579617835,0,2,None,66,1,5,False,1000,1000
18324,194,random,10,0.7948845541401274,0,2,None,66,1,5,False,1000,1000
18325,190,random,10,0.7065087579617835,0,28,None,66,1,5,False,1000,1000
18326,191,random,10,0.7185509554140127,0,28,None,66,1,5,False,1000,1000
18327,192,random,10,0.7266122611464968,0,28,None,66,1,5,False,1000,1000
18328,193,random,10,0.7335788216560509,0,28,None,66,1,5,False,1000,1000
18329,194,random,10,0.741640127388535,0,28,None,66,1,5,False,1000,1000
18330,190,random,10,0.8001592356687898,0,17,None,66,1,5,False,1000,1000
18331,191,random,10,0.8005573248407644,0,17,None,66,1,5,False,1000,1000
18332,192,random,10,0.800656847133758,0,17,None,66,1,5,False,1000,1000
18333,193,random,10,0.8003582802547771,0,17,None,66,1,5,False,1000,1000
18334,194,random,10,0.8004578025477707,0,17,None,66,1,5,False,1000,1000
18335,190,random,10,0.800656847133758,0,11,None,66,1,5,False,1000,1000
18336,191,random,10,0.7959792993630573,0,11,None,66,1,5,False,1000,1000
18337,192,random,10,0.7918988853503185,0,11,None,66,1,5,False,1000,1000
18338,193,random,10,0.790406050955414,0,11,None,66,1,5,False,1000,1000
18339,194,random,10,0.7880175159235668,0,11,None,66,1,5,False,1000,1000
18340,190,random,10,0.7992635350318471,0,10,None,66,1,5,False,1000,1000
18341,191,random,10,0.7990644904458599,0,10,None,66,1,5,False,1000,1000
18342,192,random,10,0.7983678343949044,0,10,None,66,1,5,False,1000,1000
18343,193,random,10,0.7978702229299363,0,10,None,66,1,5,False,1000,1000
18344,194,random,10,0.7970740445859873,0,10,None,66,1,5,False,1000,1000
18345,190,random,10,0.7916003184713376,0,15,None,66,1,5,False,1000,1000
18346,191,random,10,0.7953821656050956,0,15,None,66,1,5,False,1000,1000
18347,192,random,10,0.796875,0,15,None,66,1,5,False,1000,1000
18348,193,random,10,0.7992635350318471,0,15,None,66,1,5,False,1000,1000
18349,194,random,10,0.8005573248407644,0,15,None,66,1,5,False,1000,1000
18350,190,random,10,0.8152866242038217,0,23,None,66,1,5,False,1000,1000
18351,191,random,10,0.8168789808917197,0,23,None,66,1,5,False,1000,1000
18352,192,random,10,0.8165804140127388,0,23,None,66,1,5,False,1000,1000
18353,193,random,10,0.8177746815286624,0,23,None,66,1,5,False,1000,1000
18354,194,random,10,0.8173765923566879,0,23,None,66,1,5,False,1000,1000
18355,190,random,10,0.8071257961783439,0,32,None,66,1,5,False,1000,1000
18356,191,random,10,0.8064291401273885,0,32,None,66,1,5,False,1000,1000
18357,192,random,10,0.8065286624203821,0,32,None,66,1,5,False,1000,1000
18358,193,random,10,0.8067277070063694,0,32,None,66,1,5,False,1000,1000
18359,194,random,10,0.8065286624203821,0,32,None,66,1,5,False,1000,1000
18360,190,random,10,0.8016520700636943,0,5,None,66,1,5,False,1000,1000
18361,191,random,10,0.8013535031847133,0,5,None,66,1,5,False,1000,1000
18362,192,random,10,0.8011544585987261,0,5,None,66,1,5,False,1000,1000
18363,193,random,10,0.8012539808917197,0,5,None,66,1,5,False,1000,1000
18364,194,random,10,0.8016520700636943,0,5,None,66,1,5,False,1000,1000
18365,190,random,10,0.8146894904458599,0,7,None,66,1,5,False,1000,1000
18366,191,random,10,0.8153861464968153,0,7,None,66,1,5,False,1000,1000
18367,192,random,10,0.8160828025477707,0,7,None,66,1,5,False,1000,1000
18368,193,random,10,0.8166799363057324,0,7,None,66,1,5,False,1000,1000
18369,194,random,10,0.8169785031847133,0,7,None,66,1,5,False,1000,1000
18370,190,random,10,0.8220541401273885,0,16,None,66,1,5,False,1000,1000
18371,191,random,10,0.8236464968152867,0,16,None,66,1,5,False,1000,1000
18372,192,random,10,0.8246417197452229,0,16,None,66,1,5,False,1000,1000
18373,193,random,10,0.8245421974522293,0,16,None,66,1,5,False,1000,1000
18374,194,random,10,0.8255374203821656,0,16,None,66,1,5,False,1000,1000
18375,190,random,10,0.7938893312101911,0,26,None,66,1,5,False,1000,1000
18376,191,random,10,0.7944864649681529,0,26,None,66,1,5,False,1000,1000
18377,192,random,10,0.7948845541401274,0,26,None,66,1,5,False,1000,1000
18378,193,random,10,0.7951831210191083,0,26,None,66,1,5,False,1000,1000
18379,194,random,10,0.7945859872611465,0,26,None,66,1,5,False,1000,1000
18380,190,random,10,0.8016520700636943,0,6,None,66,1,5,False,1000,1000
18381,191,random,10,0.8019506369426752,0,6,None,66,1,5,False,1000,1000
18382,192,random,10,0.8022492038216561,0,6,None,66,1,5,False,1000,1000
18383,193,random,10,0.8023487261146497,0,6,None,66,1,5,False,1000,1000
18384,194,random,10,0.8027468152866242,0,6,None,66,1,5,False,1000,1000
18385,190,random,10,0.8124004777070064,0,13,None,66,1,5,False,1000,1000
18386,191,random,10,0.8131966560509554,0,13,None,66,1,5,False,1000,1000
18387,192,random,10,0.8121019108280255,0,13,None,66,1,5,False,1000,1000
18388,193,random,10,0.8119028662420382,0,13,None,66,1,5,False,1000,1000
18389,194,random,10,0.8117038216560509,0,13,None,66,1,5,False,1000,1000
18390,190,random,10,0.8070262738853503,0,12,None,66,1,5,False,1000,1000
18391,191,random,10,0.8064291401273885,0,12,None,66,1,5,False,1000,1000
18392,192,random,10,0.8061305732484076,0,12,None,66,1,5,False,1000,1000
18393,193,random,10,0.8065286624203821,0,12,None,66,1,5,False,1000,1000
18394,194,random,10,0.8067277070063694,0,12,None,66,1,5,False,1000,1000
18395,190,random,10,0.8077229299363057,0,24,None,66,1,5,False,1000,1000
18396,191,random,10,0.8062300955414012,0,24,None,66,1,5,False,1000,1000
18397,192,random,10,0.8065286624203821,0,24,None,66,1,5,False,1000,1000
18398,193,random,10,0.8063296178343949,0,24,None,66,1,5,False,1000,1000
18399,194,random,10,0.8061305732484076,0,24,None,66,1,5,False,1000,1000
18400,190,random,10,0.761843152866242,0,27,None,66,1,5,False,1000,1000
18401,191,random,10,0.7621417197452229,0,27,None,66,1,5,False,1000,1000
18402,192,random,10,0.7638335987261147,0,27,None,66,1,5,False,1000,1000
18403,193,random,10,0.7664211783439491,0,27,None,66,1,5,False,1000,1000
18404,194,random,10,0.7674164012738853,0,27,None,66,1,5,False,1000,1000
18405,190,random,10,0.8076234076433121,0,30,None,66,1,5,False,1000,1000
18406,191,random,10,0.8065286624203821,0,30,None,66,1,5,False,1000,1000
18407,192,random,10,0.8057324840764332,0,30,None,66,1,5,False,1000,1000
18408,193,random,10,0.8062300955414012,0,30,None,66,1,5,False,1000,1000
18409,194,random,10,0.805234872611465,0,30,None,66,1,5,False,1000,1000
18410,190,random,10,0.8152866242038217,0,31,None,66,1,5,False,1000,1000
18411,191,random,10,0.8150875796178344,0,31,None,66,1,5,False,1000,1000
18412,192,random,10,0.8149880573248408,0,31,None,66,1,5,False,1000,1000
18413,193,random,10,0.8149880573248408,0,31,None,66,1,5,False,1000,1000
18414,194,random,10,0.8153861464968153,0,31,None,66,1,5,False,1000,1000
18415,190,random,10,0.8044386942675159,0,9,None,66,1,5,False,1000,1000
18416,191,random,10,0.8062300955414012,0,9,None,66,1,5,False,1000,1000
18417,192,random,10,0.806827229299363,0,9,None,66,1,5,False,1000,1000
18418,193,random,10,0.8082205414012739,0,9,None,66,1,5,False,1000,1000
18419,194,random,10,0.8108081210191083,0,9,None,66,1,5,False,1000,1000
18420,190,random,10,0.8137937898089171,0,25,None,66,1,5,False,1000,1000
18421,191,random,10,0.8129976114649682,0,25,None,66,1,5,False,1000,1000
18422,192,random,10,0.8132961783439491,0,25,None,66,1,5,False,1000,1000
18423,193,random,10,0.8132961783439491,0,25,None,66,1,5,False,1000,1000
18424,194,random,10,0.8128980891719745,0,25,None,66,1,5,False,1000,1000
18425,190,random,10,0.8136942675159236,0,0,None,66,1,5,False,1000,1000
18426,191,random,10,0.8138933121019108,0,0,None,66,1,5,False,1000,1000
18427,192,random,10,0.8138933121019108,0,0,None,66,1,5,False,1000,1000
18428,193,random,10,0.8146894904458599,0,0,None,66,1,5,False,1000,1000
18429,194,random,10,0.8155851910828026,0,0,None,66,1,5,False,1000,1000
18430,190,random,10,0.7140724522292994,0,29,None,66,1,5,False,1000,1000
18431,191,random,10,0.7227308917197452,0,29,None,66,1,5,False,1000,1000
18432,192,random,10,0.7285031847133758,0,29,None,66,1,5,False,1000,1000
18433,193,random,10,0.7325835987261147,0,29,None,66,1,5,False,1000,1000
18434,194,random,10,0.7355692675159236,0,29,None,66,1,5,False,1000,1000
18435,190,random,10,0.6674960191082803,0,3,None,66,1,5,False,1000,1000
18436,191,random,10,0.6709792993630573,0,3,None,66,1,5,False,1000,1000
18437,192,random,10,0.6752587579617835,0,3,None,66,1,5,False,1000,1000
18438,193,random,10,0.6782444267515924,0,3,None,66,1,5,False,1000,1000
18439,194,random,10,0.6808320063694268,0,3,None,66,1,5,False,1000,1000
18440,190,random,10,0.8121019108280255,0,4,None,66,1,5,False,1000,1000
18441,191,random,10,0.8124004777070064,0,4,None,66,1,5,False,1000,1000
18442,192,random,10,0.8122014331210191,0,4,None,66,1,5,False,1000,1000
18443,193,random,10,0.8125995222929936,0,4,None,66,1,5,False,1000,1000
18444,194,random,10,0.8124004777070064,0,4,None,66,1,5,False,1000,1000
18445,190,random,10,0.785031847133758,0,20,None,66,1,5,False,1000,1000
18446,191,random,10,0.783937101910828,0,20,None,66,1,5,False,1000,1000
18447,192,random,10,0.7827428343949044,0,20,None,66,1,5,False,1000,1000
18448,193,random,10,0.7815485668789809,0,20,None,66,1,5,False,1000,1000
18449,194,random,10,0.7807523885350318,0,20,None,66,1,5,False,1000,1000
18450,190,random,10,0.7917993630573248,0,8,None,66,1,5,False,1000,1000
18451,191,random,10,0.7915007961783439,0,8,None,66,1,5,False,1000,1000
18452,192,random,10,0.7919984076433121,0,8,None,66,1,5,False,1000,1000
18453,193,random,10,0.7921974522292994,0,8,None,66,1,5,False,1000,1000
18454,194,random,10,0.7927945859872612,0,8,None,66,1,5,False,1000,1000
18455,190,random,10,0.8038415605095541,0,18,None,66,1,5,False,1000,1000
18456,191,random,10,0.8035429936305732,0,18,None,66,1,5,False,1000,1000
18457,192,random,10,0.804140127388535,0,18,None,66,1,5,False,1000,1000
18458,193,random,10,0.8038415605095541,0,18,None,66,1,5,False,1000,1000
18459,194,random,10,0.8038415605095541,0,18,None,66,1,5,False,1000,1000
18460,190,random,10,0.7792595541401274,0,21,None,66,1,5,False,1000,1000
18461,191,random,10,0.7776671974522293,0,21,None,66,1,5,False,1000,1000
18462,192,random,10,0.7759753184713376,0,21,None,66,1,5,False,1000,1000
18463,193,random,10,0.7758757961783439,0,21,None,66,1,5,False,1000,1000
18464,194,random,10,0.7757762738853503,0,21,None,66,1,5,False,1000,1000
18465,190,random,10,0.8134952229299363,0,19,None,66,1,5,False,1000,1000
18466,191,random,10,0.8137937898089171,0,19,None,66,1,5,False,1000,1000
18467,192,random,10,0.8130971337579618,0,19,None,66,1,5,False,1000,1000
18468,193,random,10,0.8126990445859873,0,19,None,66,1,5,False,1000,1000
18469,194,random,10,0.8119028662420382,0,19,None,66,1,5,False,1000,1000
18470,190,random,10,0.8144904458598726,0,14,None,66,1,5,False,1000,1000
18471,191,random,10,0.8146894904458599,0,14,None,66,1,5,False,1000,1000
18472,192,random,10,0.8144904458598726,0,14,None,66,1,5,False,1000,1000
18473,193,random,10,0.8137937898089171,0,14,None,66,1,5,False,1000,1000
18474,194,random,10,0.8141918789808917,0,14,None,66,1,5,False,1000,1000
18475,190,random,10,0.8054339171974523,0,22,None,66,1,5,False,1000,1000
18476,191,random,10,0.8065286624203821,0,22,None,66,1,5,False,1000,1000
18477,192,random,10,0.8071257961783439,0,22,None,66,1,5,False,1000,1000
18478,193,random,10,0.8066281847133758,0,22,None,66,1,5,False,1000,1000
18479,194,random,10,0.8069267515923567,0,22,None,66,1,5,False,1000,1000
18480,195,random,10,0.792296974522293,0,15,None,66,1,5,False,1000,1000
18481,196,random,10,0.7959792993630573,0,15,None,66,1,5,False,1000,1000
18482,197,random,10,0.79796974522293,0,15,None,66,1,5,False,1000,1000
18483,198,random,10,0.7996616242038217,0,15,None,66,1,5,False,1000,1000
18484,199,random,10,0.8007563694267515,0,15,None,66,1,5,False,1000,1000
18485,195,random,10,0.8133957006369427,0,25,None,66,1,5,False,1000,1000
18486,196,random,10,0.8131966560509554,0,25,None,66,1,5,False,1000,1000
18487,197,random,10,0.81359474522293,0,25,None,66,1,5,False,1000,1000
18488,198,random,10,0.81359474522293,0,25,None,66,1,5,False,1000,1000
18489,199,random,10,0.8129976114649682,0,25,None,66,1,5,False,1000,1000
18490,195,random,10,0.8046377388535032,0,2,None,66,1,5,False,1000,1000
18491,196,random,10,0.8101114649681529,0,2,None,66,1,5,False,1000,1000
18492,197,random,10,0.8046377388535032,0,2,None,66,1,5,False,1000,1000
18493,198,random,10,0.8022492038216561,0,2,None,66,1,5,False,1000,1000
18494,199,random,10,0.7975716560509554,0,2,None,66,1,5,False,1000,1000
18495,195,random,10,0.8117038216560509,0,13,None,66,1,5,False,1000,1000
18496,196,random,10,0.8127985668789809,0,13,None,66,1,5,False,1000,1000
18497,197,random,10,0.8117038216560509,0,13,None,66,1,5,False,1000,1000
18498,198,random,10,0.8108081210191083,0,13,None,66,1,5,False,1000,1000
18499,199,random,10,0.809812898089172,0,13,None,66,1,5,False,1000,1000
18500,195,random,10,0.7106886942675159,0,28,None,66,1,5,False,1000,1000
18501,196,random,10,0.7227308917197452,0,28,None,66,1,5,False,1000,1000
18502,197,random,10,0.7320859872611465,0,28,None,66,1,5,False,1000,1000
18503,198,random,10,0.7387539808917197,0,28,None,66,1,5,False,1000,1000
18504,199,random,10,0.7472133757961783,0,28,None,66,1,5,False,1000,1000
18505,195,random,10,0.7163614649681529,0,29,None,66,1,5,False,1000,1000
18506,196,random,10,0.7230294585987261,0,29,None,66,1,5,False,1000,1000
18507,197,random,10,0.7270103503184714,0,29,None,66,1,5,False,1000,1000
18508,198,random,10,0.7306926751592356,0,29,None,66,1,5,False,1000,1000
18509,199,random,10,0.73328025477707,0,29,None,66,1,5,False,1000,1000
18510,195,random,10,0.8020501592356688,0,5,None,66,1,5,False,1000,1000
18511,196,random,10,0.8024482484076433,0,5,None,66,1,5,False,1000,1000
18512,197,random,10,0.8019506369426752,0,5,None,66,1,5,False,1000,1000
18513,198,random,10,0.8021496815286624,0,5,None,66,1,5,False,1000,1000
18514,199,random,10,0.8020501592356688,0,5,None,66,1,5,False,1000,1000
18515,195,random,10,0.8075238853503185,0,12,None,66,1,5,False,1000,1000
18516,196,random,10,0.8072253184713376,0,12,None,66,1,5,False,1000,1000
18517,197,random,10,0.8070262738853503,0,12,None,66,1,5,False,1000,1000
18518,198,random,10,0.8073248407643312,0,12,None,66,1,5,False,1000,1000
18519,199,random,10,0.8082205414012739,0,12,None,66,1,5,False,1000,1000
18520,195,random,10,0.794984076433121,0,26,None,66,1,5,False,1000,1000
18521,196,random,10,0.7947850318471338,0,26,None,66,1,5,False,1000,1000
18522,197,random,10,0.7943869426751592,0,26,None,66,1,5,False,1000,1000
18523,198,random,10,0.7946855095541401,0,26,None,66,1,5,False,1000,1000
18524,199,random,10,0.7946855095541401,0,26,None,66,1,5,False,1000,1000
18525,195,random,10,0.8175756369426752,0,23,None,66,1,5,False,1000,1000
18526,196,random,10,0.8191679936305732,0,23,None,66,1,5,False,1000,1000
18527,197,random,10,0.8186703821656051,0,23,None,66,1,5,False,1000,1000
18528,198,random,10,0.8193670382165605,0,23,None,66,1,5,False,1000,1000
18529,199,random,10,0.8184713375796179,0,23,None,66,1,5,False,1000,1000
18530,195,random,10,0.8088176751592356,0,32,None,66,1,5,False,1000,1000
18531,196,random,10,0.8083200636942676,0,32,None,66,1,5,False,1000,1000
18532,197,random,10,0.8077229299363057,0,32,None,66,1,5,False,1000,1000
18533,198,random,10,0.8074243630573248,0,32,None,66,1,5,False,1000,1000
18534,199,random,10,0.8072253184713376,0,32,None,66,1,5,False,1000,1000
18535,195,random,10,0.8229498407643312,0,16,None,66,1,5,False,1000,1000
18536,196,random,10,0.824343152866242,0,16,None,66,1,5,False,1000,1000
18537,197,random,10,0.8258359872611465,0,16,None,66,1,5,False,1000,1000
18538,198,random,10,0.8264331210191083,0,16,None,66,1,5,False,1000,1000
18539,199,random,10,0.82703025477707,0,16,None,66,1,5,False,1000,1000
18540,195,random,10,0.8232484076433121,0,7,None,66,1,5,False,1000,1000
18541,196,random,10,0.8229498407643312,0,7,None,66,1,5,False,1000,1000
18542,197,random,10,0.8228503184713376,0,7,None,66,1,5,False,1000,1000
18543,198,random,10,0.8232484076433121,0,7,None,66,1,5,False,1000,1000
18544,199,random,10,0.8227507961783439,0,7,None,66,1,5,False,1000,1000
18545,195,random,10,0.7926950636942676,0,8,None,66,1,5,False,1000,1000
18546,196,random,10,0.7927945859872612,0,8,None,66,1,5,False,1000,1000
18547,197,random,10,0.7932921974522293,0,8,None,66,1,5,False,1000,1000
18548,198,random,10,0.7935907643312102,0,8,None,66,1,5,False,1000,1000
18549,199,random,10,0.7936902866242038,0,8,None,66,1,5,False,1000,1000
18550,195,random,10,0.81359474522293,0,19,None,66,1,5,False,1000,1000
18551,196,random,10,0.8141918789808917,0,19,None,66,1,5,False,1000,1000
18552,197,random,10,0.814390923566879,0,19,None,66,1,5,False,1000,1000
18553,198,random,10,0.8142914012738853,0,19,None,66,1,5,False,1000,1000
18554,199,random,10,0.8142914012738853,0,19,None,66,1,5,False,1000,1000
18555,195,random,10,0.7792595541401274,0,21,None,66,1,5,False,1000,1000
18556,196,random,10,0.7779657643312102,0,21,None,66,1,5,False,1000,1000
18557,197,random,10,0.776671974522293,0,21,None,66,1,5,False,1000,1000
18558,198,random,10,0.7760748407643312,0,21,None,66,1,5,False,1000,1000
18559,199,random,10,0.7759753184713376,0,21,None,66,1,5,False,1000,1000
18560,195,random,10,0.7990644904458599,0,1,None,66,1,5,False,1000,1000
18561,196,random,10,0.8007563694267515,0,1,None,66,1,5,False,1000,1000
18562,197,random,10,0.8003582802547771,0,1,None,66,1,5,False,1000,1000
18563,198,random,10,0.8009554140127388,0,1,None,66,1,5,False,1000,1000
18564,199,random,10,0.8013535031847133,0,1,None,66,1,5,False,1000,1000
18565,195,random,10,0.8046377388535032,0,9,None,66,1,5,False,1000,1000
18566,196,random,10,0.8069267515923567,0,9,None,66,1,5,False,1000,1000
18567,197,random,10,0.8077229299363057,0,9,None,66,1,5,False,1000,1000
18568,198,random,10,0.8100119426751592,0,9,None,66,1,5,False,1000,1000
18569,199,random,10,0.8113057324840764,0,9,None,66,1,5,False,1000,1000
18570,195,random,10,0.8027468152866242,0,6,None,66,1,5,False,1000,1000
18571,196,random,10,0.8027468152866242,0,6,None,66,1,5,False,1000,1000
18572,197,random,10,0.8029458598726115,0,6,None,66,1,5,False,1000,1000
18573,198,random,10,0.8029458598726115,0,6,None,66,1,5,False,1000,1000
18574,199,random,10,0.8034434713375797,0,6,None,66,1,5,False,1000,1000
18575,195,random,10,0.8147890127388535,0,14,None,66,1,5,False,1000,1000
18576,196,random,10,0.8149880573248408,0,14,None,66,1,5,False,1000,1000
18577,197,random,10,0.8146894904458599,0,14,None,66,1,5,False,1000,1000
18578,198,random,10,0.8144904458598726,0,14,None,66,1,5,False,1000,1000
18579,199,random,10,0.8144904458598726,0,14,None,66,1,5,False,1000,1000
18580,195,random,10,0.8092157643312102,0,22,None,66,1,5,False,1000,1000
18581,196,random,10,0.8101114649681529,0,22,None,66,1,5,False,1000,1000
18582,197,random,10,0.8093152866242038,0,22,None,66,1,5,False,1000,1000
18583,198,random,10,0.8097133757961783,0,22,None,66,1,5,False,1000,1000
18584,199,random,10,0.8092157643312102,0,22,None,66,1,5,False,1000,1000
18585,195,random,10,0.8075238853503185,0,24,None,66,1,5,False,1000,1000
18586,196,random,10,0.8074243630573248,0,24,None,66,1,5,False,1000,1000
18587,197,random,10,0.8074243630573248,0,24,None,66,1,5,False,1000,1000
18588,198,random,10,0.8071257961783439,0,24,None,66,1,5,False,1000,1000
18589,199,random,10,0.8073248407643312,0,24,None,66,1,5,False,1000,1000
18590,195,random,10,0.8086186305732485,0,30,None,66,1,5,False,1000,1000
18591,196,random,10,0.8085191082802548,0,30,None,66,1,5,False,1000,1000
18592,197,random,10,0.8073248407643312,0,30,None,66,1,5,False,1000,1000
18593,198,random,10,0.8071257961783439,0,30,None,66,1,5,False,1000,1000
18594,199,random,10,0.8076234076433121,0,30,None,66,1,5,False,1000,1000
18595,195,random,10,0.8167794585987261,0,0,None,66,1,5,False,1000,1000
18596,196,random,10,0.8168789808917197,0,0,None,66,1,5,False,1000,1000
18597,197,random,10,0.8166799363057324,0,0,None,66,1,5,False,1000,1000
18598,198,random,10,0.8175756369426752,0,0,None,66,1,5,False,1000,1000
18599,199,random,10,0.8184713375796179,0,0,None,66,1,5,False,1000,1000
18600,195,random,10,0.8001592356687898,0,10,None,66,1,5,False,1000,1000
18601,196,random,10,0.8008558917197452,0,10,None,66,1,5,False,1000,1000
18602,197,random,10,0.798765923566879,0,10,None,66,1,5,False,1000,1000
18603,198,random,10,0.798765923566879,0,10,None,66,1,5,False,1000,1000
18604,199,random,10,0.7981687898089171,0,10,None,66,1,5,False,1000,1000
18605,195,random,10,0.8034434713375797,0,11,None,66,1,5,False,1000,1000
18606,196,random,10,0.8009554140127388,0,11,None,66,1,5,False,1000,1000
18607,197,random,10,0.7947850318471338,0,11,None,66,1,5,False,1000,1000
18608,198,random,10,0.7917993630573248,0,11,None,66,1,5,False,1000,1000
18609,199,random,10,0.7894108280254777,0,11,None,66,1,5,False,1000,1000
18610,195,random,10,0.8010549363057324,0,17,None,66,1,5,False,1000,1000
18611,196,random,10,0.800656847133758,0,17,None,66,1,5,False,1000,1000
18612,197,random,10,0.8005573248407644,0,17,None,66,1,5,False,1000,1000
18613,198,random,10,0.8007563694267515,0,17,None,66,1,5,False,1000,1000
18614,199,random,10,0.8003582802547771,0,17,None,66,1,5,False,1000,1000
18615,195,random,10,0.8129976114649682,0,4,None,66,1,5,False,1000,1000
18616,196,random,10,0.8123009554140127,0,4,None,66,1,5,False,1000,1000
18617,197,random,10,0.8127985668789809,0,4,None,66,1,5,False,1000,1000
18618,198,random,10,0.8125995222929936,0,4,None,66,1,5,False,1000,1000
18619,199,random,10,0.8126990445859873,0,4,None,66,1,5,False,1000,1000
18620,195,random,10,0.6669984076433121,0,3,None,66,1,5,False,1000,1000
18621,196,random,10,0.6722730891719745,0,3,None,66,1,5,False,1000,1000
18622,197,random,10,0.6767515923566879,0,3,None,66,1,5,False,1000,1000
18623,198,random,10,0.6797372611464968,0,3,None,66,1,5,False,1000,1000
18624,199,random,10,0.6817277070063694,0,3,None,66,1,5,False,1000,1000
18625,195,random,10,0.7834394904458599,0,20,None,66,1,5,False,1000,1000
18626,196,random,10,0.7828423566878981,0,20,None,66,1,5,False,1000,1000
18627,197,random,10,0.7818471337579618,0,20,None,66,1,5,False,1000,1000
18628,198,random,10,0.7810509554140127,0,20,None,66,1,5,False,1000,1000
18629,199,random,10,0.78015525477707,0,20,None,66,1,5,False,1000,1000
18630,195,random,10,0.8053343949044586,0,18,None,66,1,5,False,1000,1000
18631,196,random,10,0.8049363057324841,0,18,None,66,1,5,False,1000,1000
18632,197,random,10,0.8051353503184714,0,18,None,66,1,5,False,1000,1000
18633,198,random,10,0.8040406050955414,0,18,None,66,1,5,False,1000,1000
18634,199,random,10,0.8034434713375797,0,18,None,66,1,5,False,1000,1000
18635,195,random,10,0.762937898089172,0,27,None,66,1,5,False,1000,1000
18636,196,random,10,0.7634355095541401,0,27,None,66,1,5,False,1000,1000
18637,197,random,10,0.7664211783439491,0,27,None,66,1,5,False,1000,1000
18638,198,random,10,0.7669187898089171,0,27,None,66,1,5,False,1000,1000
18639,199,random,10,0.7679140127388535,0,27,None,66,1,5,False,1000,1000
18640,195,random,10,0.8147890127388535,0,31,None,66,1,5,False,1000,1000
18641,196,random,10,0.8155851910828026,0,31,None,66,1,5,False,1000,1000
18642,197,random,10,0.8155851910828026,0,31,None,66,1,5,False,1000,1000
18643,198,random,10,0.8155851910828026,0,31,None,66,1,5,False,1000,1000
18644,199,random,10,0.8163813694267515,0,31,None,66,1,5,False,1000,1000
